index,member_id,Year,Month,Day,Pr (mm),Tasmax (degC),Tasmin (degC),Year
0,r4i1p1f1,1950,01,01,0.0,11.782419,0.60710436,1950
1,r4i1p1f1,1950,01,02,0.0,6.528244,-5.9195757,1950
2,r4i1p1f1,1950,01,03,0.0,4.6536655,-6.4456635,1950
3,r4i1p1f1,1950,01,04,0.0,6.8621883,-5.5098634,1950
4,r4i1p1f1,1950,01,05,0.0,6.269377,-4.1545944,1950
5,r4i1p1f1,1950,01,06,1.8904200046295847,3.49157,-7.884737,1950
6,r4i1p1f1,1950,01,07,0.08827695734714626,-1.3960086,-10.606952,1950
7,r4i1p1f1,1950,01,08,0.0,-3.252214,-15.154559,1950
8,r4i1p1f1,1950,01,09,0.0,-0.779215,-13.687956,1950
9,r4i1p1f1,1950,01,10,0.0,2.3371596,-9.400221,1950
10,r4i1p1f1,1950,01,11,0.0,7.446855,-9.4918785,1950
11,r4i1p1f1,1950,01,12,0.0,9.566603,-5.9512944,1950
12,r4i1p1f1,1950,01,13,0.0,5.9713035,-1.015435,1950
13,r4i1p1f1,1950,01,14,0.0,6.1952105,-7.190284,1950
14,r4i1p1f1,1950,01,15,0.0,9.9610615,-4.9110365,1950
15,r4i1p1f1,1950,01,16,0.0,9.85223,-4.270509,1950
16,r4i1p1f1,1950,01,17,0.0,8.754652,-2.4181428,1950
17,r4i1p1f1,1950,01,18,1.2220398854751446,6.6336074,-2.0103562,1950
18,r4i1p1f1,1950,01,19,0.5275890133730151,4.4481716,-5.325324,1950
19,r4i1p1f1,1950,01,20,0.0,8.529342,-6.0869203,1950
20,r4i1p1f1,1950,01,21,0.0,8.185353,-5.5177655,1950
21,r4i1p1f1,1950,01,22,0.993787787986577,4.5485897,-6.1939235,1950
22,r4i1p1f1,1950,01,23,0.997502248151764,7.0482526,-1.5672718,1950
23,r4i1p1f1,1950,01,24,10.715350722175037,4.824952,-2.542944,1950
24,r4i1p1f1,1950,01,25,12.4517927183821,3.52293,-5.6481886,1950
25,r4i1p1f1,1950,01,26,99.43910389380083,2.5171092,-3.5379984,1950
26,r4i1p1f1,1950,01,27,40.239159633327546,2.6841347,-5.529132,1950
27,r4i1p1f1,1950,01,28,10.012594835684693,2.4125922,-7.1973,1950
28,r4i1p1f1,1950,01,29,37.44290618645238,1.3810471,-6.296176,1950
29,r4i1p1f1,1950,01,30,68.93707605171527,1.1775863,-1.8349336,1950
30,r4i1p1f1,1950,01,31,38.7750166263937,1.2182916,-10.925753,1950
31,r4i1p1f1,1950,02,01,0.0,-1.0181118,-12.340951,1950
32,r4i1p1f1,1950,02,02,0.0,1.5946506,-11.483129,1950
33,r4i1p1f1,1950,02,03,0.33191223060734604,2.4717617,-5.4811726,1950
34,r4i1p1f1,1950,02,04,0.0,9.464574,-4.117799,1950
35,r4i1p1f1,1950,02,05,0.0,12.6007395,-2.0375664,1950
36,r4i1p1f1,1950,02,06,0.0,10.584172,0.2603762,1950
37,r4i1p1f1,1950,02,07,20.39512832202881,6.178766,-2.382844,1950
38,r4i1p1f1,1950,02,08,16.52792664850552,2.5858626,-5.718286,1950
39,r4i1p1f1,1950,02,09,9.695695632047018,3.320492,-5.986007,1950
40,r4i1p1f1,1950,02,10,0.0,10.315588,-3.8035402,1950
41,r4i1p1f1,1950,02,11,0.0,11.402788,-2.8721282,1950
42,r4i1p1f1,1950,02,12,0.0,8.02895,-3.5902724,1950
43,r4i1p1f1,1950,02,13,4.281141811074475,2.6676583,-8.016329,1950
44,r4i1p1f1,1950,02,14,5.791973926876809,3.4113626,-3.2110844,1950
45,r4i1p1f1,1950,02,15,0.0,7.973929,-5.0052176,1950
46,r4i1p1f1,1950,02,16,0.0,6.6060433,-4.0035887,1950
47,r4i1p1f1,1950,02,17,0.0,7.726762,-5.8573275,1950
48,r4i1p1f1,1950,02,18,0.0,11.546415,-2.8864293,1950
49,r4i1p1f1,1950,02,19,0.0,10.245955,-1.7043314,1950
50,r4i1p1f1,1950,02,20,0.0,10.983031,-3.649846,1950
51,r4i1p1f1,1950,02,21,0.0,12.429925,-1.6789352,1950
52,r4i1p1f1,1950,02,22,1.0935202372149837,10.0673,-0.78104264,1950
53,r4i1p1f1,1950,02,23,0.0,3.7508473,-5.4342194,1950
54,r4i1p1f1,1950,02,24,0.0,8.809482,-5.1778536,1950
55,r4i1p1f1,1950,02,25,0.0,8.43076,-5.1586156,1950
56,r4i1p1f1,1950,02,26,0.9697478336580817,1.3198416,-9.518849,1950
57,r4i1p1f1,1950,02,27,0.15204408264253289,-0.5351114,-12.404784,1950
58,r4i1p1f1,1950,02,28,0.14842950361472665,-1.0953139,-12.424184,1950
59,r4i1p1f1,1950,03,01,0.0685020675082671,-0.3170215,-10.441671,1950
60,r4i1p1f1,1950,03,02,0.0,6.9382677,-9.90689,1950
61,r4i1p1f1,1950,03,03,0.0940326209599758,6.259077,-3.6690235,1950
62,r4i1p1f1,1950,03,04,0.07245463405512442,3.9847515,-7.558173,1950
63,r4i1p1f1,1950,03,05,0.0,8.475906,-6.110224,1950
64,r4i1p1f1,1950,03,06,0.0,9.420224,-1.1428705,1950
65,r4i1p1f1,1950,03,07,0.0,8.795662,-2.2401948,1950
66,r4i1p1f1,1950,03,08,0.003731720228466138,8.727264,-5.867813,1950
67,r4i1p1f1,1950,03,09,8.397244323720988,4.4850397,-4.903804,1950
68,r4i1p1f1,1950,03,10,37.827463478099645,-1.7210498,-8.4080925,1950
69,r4i1p1f1,1950,03,11,0.0,6.8402,-8.98137,1950
70,r4i1p1f1,1950,03,12,0.0,6.100283,-4.9548354,1950
71,r4i1p1f1,1950,03,13,3.0634551713556157,0.89116466,-8.647511,1950
72,r4i1p1f1,1950,03,14,0.011329298796304987,3.6999943,-9.351197,1950
73,r4i1p1f1,1950,03,15,3.5563019030093748,0.9410939,-5.651987,1950
74,r4i1p1f1,1950,03,16,0.0,4.738506,-7.1702,1950
75,r4i1p1f1,1950,03,17,0.0,9.798348,-5.1370177,1950
76,r4i1p1f1,1950,03,18,0.0,10.710749,-2.7941601,1950
77,r4i1p1f1,1950,03,19,0.0,12.069848,-1.7891891,1950
78,r4i1p1f1,1950,03,20,0.0,14.485221,-1.9914222,1950
79,r4i1p1f1,1950,03,21,0.0,16.34967,0.36174363,1950
80,r4i1p1f1,1950,03,22,0.0,15.50724,4.0069323,1950
81,r4i1p1f1,1950,03,23,0.0,12.464369,-0.39080548,1950
82,r4i1p1f1,1950,03,24,0.0,9.405143,-6.052798,1950
83,r4i1p1f1,1950,03,25,0.0,8.960272,-6.15262,1950
84,r4i1p1f1,1950,03,26,0.0,10.317048,-3.9530528,1950
85,r4i1p1f1,1950,03,27,0.0,9.833551,-3.7294998,1950
86,r4i1p1f1,1950,03,28,0.0,12.013657,-3.057357,1950
87,r4i1p1f1,1950,03,29,0.0,13.847314,-1.7103322,1950
88,r4i1p1f1,1950,03,30,0.0,17.064785,1.0404792,1950
89,r4i1p1f1,1950,03,31,0.0,17.889044,1.4997525,1950
90,r4i1p1f1,1950,04,01,2.9025569758273604,15.454221,2.8043978,1950
91,r4i1p1f1,1950,04,02,0.04765695607623115,12.080279,1.2598588,1950
92,r4i1p1f1,1950,04,03,0.0,14.908227,-1.1216812,1950
93,r4i1p1f1,1950,04,04,0.0,14.562345,3.3382046,1950
94,r4i1p1f1,1950,04,05,13.92023915064635,9.736943,-4.32332,1950
95,r4i1p1f1,1950,04,06,16.082900478044994,2.4591644,-3.813186,1950
96,r4i1p1f1,1950,04,07,0.024255935432555574,6.686399,-4.7417073,1950
97,r4i1p1f1,1950,04,08,0.0,6.696904,-4.788678,1950
98,r4i1p1f1,1950,04,09,0.0,11.857757,-4.028475,1950
99,r4i1p1f1,1950,04,10,0.0,13.383891,-1.3678207,1950
100,r4i1p1f1,1950,04,11,0.0,12.479187,-1.0785195,1950
101,r4i1p1f1,1950,04,12,0.0,9.465438,-4.3217044,1950
102,r4i1p1f1,1950,04,13,0.0,9.5708685,-3.2370808,1950
103,r4i1p1f1,1950,04,14,0.0,10.625315,-2.9220371,1950
104,r4i1p1f1,1950,04,15,0.0,13.943081,-2.2030034,1950
105,r4i1p1f1,1950,04,16,0.0,11.317898,-1.3409396,1950
106,r4i1p1f1,1950,04,17,0.0,10.622235,-1.372371,1950
107,r4i1p1f1,1950,04,18,0.0,12.262891,-1.5230016,1950
108,r4i1p1f1,1950,04,19,10.16425644060069,8.750883,-3.557016,1950
109,r4i1p1f1,1950,04,20,18.67364902292669,1.2731613,-6.4447327,1950
110,r4i1p1f1,1950,04,21,0.0,10.003878,-6.5361166,1950
111,r4i1p1f1,1950,04,22,0.0,10.248641,-3.416644,1950
112,r4i1p1f1,1950,04,23,0.0,5.853074,-5.378391,1950
113,r4i1p1f1,1950,04,24,0.0,5.9033833,-5.769115,1950
114,r4i1p1f1,1950,04,25,0.0,5.055671,-5.8761306,1950
115,r4i1p1f1,1950,04,26,0.0,11.899914,-4.134698,1950
116,r4i1p1f1,1950,04,27,0.0,11.873945,-2.0726645,1950
117,r4i1p1f1,1950,04,28,11.166260220836925,6.664981,-1.5876961,1950
118,r4i1p1f1,1950,04,29,12.434688343695004,2.738157,-6.4841695,1950
119,r4i1p1f1,1950,04,30,2.019472485411973,6.4547358,-5.5847025,1950
120,r4i1p1f1,1950,05,01,0.0,9.404657,-5.6671505,1950
121,r4i1p1f1,1950,05,02,15.378232043272314,1.7941844,-6.7926364,1950
122,r4i1p1f1,1950,05,03,3.270856047890542,-1.0907842,-10.020959,1950
123,r4i1p1f1,1950,05,04,3.434008635301584,-1.5318029,-11.03649,1950
124,r4i1p1f1,1950,05,05,6.401853556456021,-2.1438787,-12.228935,1950
125,r4i1p1f1,1950,05,06,11.224570908395776,-3.2430592,-11.344537,1950
126,r4i1p1f1,1950,05,07,0.0,5.8700128,-7.4009724,1950
127,r4i1p1f1,1950,05,08,0.0,9.890847,-5.327727,1950
128,r4i1p1f1,1950,05,09,0.0,12.7849045,-2.6950066,1950
129,r4i1p1f1,1950,05,10,0.0,14.027493,-0.45993477,1950
130,r4i1p1f1,1950,05,11,0.0,14.34553,0.33020338,1950
131,r4i1p1f1,1950,05,12,0.0,16.218616,0.9036526,1950
132,r4i1p1f1,1950,05,13,0.0,17.706707,2.991489,1950
133,r4i1p1f1,1950,05,14,0.0,16.53689,4.239052,1950
134,r4i1p1f1,1950,05,15,0.0,15.804043,2.2244787,1950
135,r4i1p1f1,1950,05,16,0.0,18.867756,2.899037,1950
136,r4i1p1f1,1950,05,17,0.0,17.632902,4.292151,1950
137,r4i1p1f1,1950,05,18,0.0,9.304725,-2.6777618,1950
138,r4i1p1f1,1950,05,19,0.0,14.971447,-0.7443883,1950
139,r4i1p1f1,1950,05,20,0.0,17.850187,2.3566332,1950
140,r4i1p1f1,1950,05,21,0.4346211398275473,16.680231,3.0578606,1950
141,r4i1p1f1,1950,05,22,0.0,16.412645,2.4947503,1950
142,r4i1p1f1,1950,05,23,0.0,17.568232,2.895043,1950
143,r4i1p1f1,1950,05,24,0.0,19.103323,4.138758,1950
144,r4i1p1f1,1950,05,25,0.0,20.306835,5.7911644,1950
145,r4i1p1f1,1950,05,26,0.0,20.456987,6.050154,1950
146,r4i1p1f1,1950,05,27,0.0,21.253248,6.57364,1950
147,r4i1p1f1,1950,05,28,0.0,19.352818,5.282147,1950
148,r4i1p1f1,1950,05,29,7.923886180473823,10.2277155,-2.749515,1950
149,r4i1p1f1,1950,05,30,0.22137682490416632,7.2192764,-2.741196,1950
150,r4i1p1f1,1950,05,31,0.0,11.543924,-1.3161759,1950
151,r4i1p1f1,1950,06,01,0.5263384802065335,12.234282,0.14691252,1950
152,r4i1p1f1,1950,06,02,0.0,16.390396,0.9914788,1950
153,r4i1p1f1,1950,06,03,0.0,18.03382,2.1951568,1950
154,r4i1p1f1,1950,06,04,0.0,17.413015,1.912865,1950
155,r4i1p1f1,1950,06,05,0.0,20.593206,3.566732,1950
156,r4i1p1f1,1950,06,06,0.0,20.492142,4.5741925,1950
157,r4i1p1f1,1950,06,07,0.0,19.488226,6.9899936,1950
158,r4i1p1f1,1950,06,08,0.0,24.4154,8.551125,1950
159,r4i1p1f1,1950,06,09,0.0,26.215555,10.775019,1950
160,r4i1p1f1,1950,06,10,0.0,25.790276,11.068324,1950
161,r4i1p1f1,1950,06,11,0.0,26.143627,11.167447,1950
162,r4i1p1f1,1950,06,12,0.42284850465192786,26.925995,11.398236,1950
163,r4i1p1f1,1950,06,13,0.0,23.959196,11.422636,1950
164,r4i1p1f1,1950,06,14,0.0,22.785757,8.449957,1950
165,r4i1p1f1,1950,06,15,0.0,22.367115,8.062729,1950
166,r4i1p1f1,1950,06,16,0.0,22.830914,6.7427096,1950
167,r4i1p1f1,1950,06,17,0.0,23.94608,7.022057,1950
168,r4i1p1f1,1950,06,18,0.0,26.65135,8.861651,1950
169,r4i1p1f1,1950,06,19,0.0,27.021025,11.409111,1950
170,r4i1p1f1,1950,06,20,0.0,26.821579,11.577325,1950
171,r4i1p1f1,1950,06,21,0.03135218690634111,26.14702,10.553768,1950
172,r4i1p1f1,1950,06,22,1.232236387859786,25.591059,11.0902,1950
173,r4i1p1f1,1950,06,23,0.07764542567790211,22.468596,9.255808,1950
174,r4i1p1f1,1950,06,24,0.037355379975027914,23.025623,7.6046376,1950
175,r4i1p1f1,1950,06,25,0.15034501830498345,22.217241,7.4074945,1950
176,r4i1p1f1,1950,06,26,1.2453367987935184,20.082466,6.2531643,1950
177,r4i1p1f1,1950,06,27,1.1899853971826568,18.480011,6.625436,1950
178,r4i1p1f1,1950,06,28,0.7062208593024438,19.748167,6.6060796,1950
179,r4i1p1f1,1950,06,29,0.0,23.44249,8.573593,1950
180,r4i1p1f1,1950,06,30,0.006309351371219319,26.638203,10.312275,1950
181,r4i1p1f1,1950,07,01,0.024624502816241723,27.104582,12.247094,1950
182,r4i1p1f1,1950,07,02,0.520759420890487,25.410454,12.232531,1950
183,r4i1p1f1,1950,07,03,0.38587260675011836,25.829605,10.834657,1950
184,r4i1p1f1,1950,07,04,0.0,25.823439,11.162154,1950
185,r4i1p1f1,1950,07,05,0.0,25.034763,10.221545,1950
186,r4i1p1f1,1950,07,06,0.0,23.73814,8.356319,1950
187,r4i1p1f1,1950,07,07,0.0,23.738306,9.390921,1950
188,r4i1p1f1,1950,07,08,0.0,24.160732,9.0963335,1950
189,r4i1p1f1,1950,07,09,0.0,23.69738,9.231862,1950
190,r4i1p1f1,1950,07,10,0.0,23.210001,8.86411,1950
191,r4i1p1f1,1950,07,11,0.0,23.216375,8.193582,1950
192,r4i1p1f1,1950,07,12,0.0,23.293468,7.8958135,1950
193,r4i1p1f1,1950,07,13,0.0,24.554972,8.389393,1950
194,r4i1p1f1,1950,07,14,0.0,23.643587,8.799126,1950
195,r4i1p1f1,1950,07,15,0.0,23.173822,8.329439,1950
196,r4i1p1f1,1950,07,16,0.0,22.412712,9.169312,1950
197,r4i1p1f1,1950,07,17,0.0,21.508968,7.507702,1950
198,r4i1p1f1,1950,07,18,0.0,19.965946,5.3887997,1950
199,r4i1p1f1,1950,07,19,0.0,20.574827,7.578192,1950
200,r4i1p1f1,1950,07,20,0.0,23.679482,8.170285,1950
201,r4i1p1f1,1950,07,21,0.0,24.262161,8.619979,1950
202,r4i1p1f1,1950,07,22,0.0,24.07031,9.524835,1950
203,r4i1p1f1,1950,07,23,0.0,25.289776,9.309892,1950
204,r4i1p1f1,1950,07,24,0.0,26.072031,11.835357,1950
205,r4i1p1f1,1950,07,25,0.0,26.977957,11.3024845,1950
206,r4i1p1f1,1950,07,26,9.082088241446325,26.554567,12.431765,1950
207,r4i1p1f1,1950,07,27,2.3002220586907107,26.057531,10.1539,1950
208,r4i1p1f1,1950,07,28,0.0,27.586246,11.131997,1950
209,r4i1p1f1,1950,07,29,0.0,27.901035,12.179718,1950
210,r4i1p1f1,1950,07,30,0.0,27.556116,11.785475,1950
211,r4i1p1f1,1950,07,31,0.0,27.209538,11.116238,1950
212,r4i1p1f1,1950,08,01,0.0,26.602852,10.785406,1950
213,r4i1p1f1,1950,08,02,0.0,25.516373,9.756657,1950
214,r4i1p1f1,1950,08,03,0.0,26.65572,11.169218,1950
215,r4i1p1f1,1950,08,04,0.0,26.488235,10.8933935,1950
216,r4i1p1f1,1950,08,05,0.0,25.936047,10.607218,1950
217,r4i1p1f1,1950,08,06,0.0,23.414806,7.94133,1950
218,r4i1p1f1,1950,08,07,0.0,22.116951,6.5761104,1950
219,r4i1p1f1,1950,08,08,0.0,21.763906,7.7714577,1950
220,r4i1p1f1,1950,08,09,0.0,22.79877,7.2729306,1950
221,r4i1p1f1,1950,08,10,0.0,23.204302,7.4561353,1950
222,r4i1p1f1,1950,08,11,0.0,22.813927,7.931717,1950
223,r4i1p1f1,1950,08,12,0.0,24.019278,7.3939834,1950
224,r4i1p1f1,1950,08,13,0.0,25.579668,8.531727,1950
225,r4i1p1f1,1950,08,14,0.0,24.98106,9.812934,1950
226,r4i1p1f1,1950,08,15,0.0,24.488127,8.520694,1950
227,r4i1p1f1,1950,08,16,0.0,24.803883,9.1722975,1950
228,r4i1p1f1,1950,08,17,0.0,24.243874,8.350677,1950
229,r4i1p1f1,1950,08,18,0.0,23.452517,8.912877,1950
230,r4i1p1f1,1950,08,19,0.0,24.174545,7.029575,1950
231,r4i1p1f1,1950,08,20,0.0,24.579334,7.582715,1950
232,r4i1p1f1,1950,08,21,0.0,23.663723,8.625759,1950
233,r4i1p1f1,1950,08,22,0.0,27.03746,9.212948,1950
234,r4i1p1f1,1950,08,23,0.0,28.137203,10.627253,1950
235,r4i1p1f1,1950,08,24,0.0,27.681204,11.382784,1950
236,r4i1p1f1,1950,08,25,0.0,26.871433,10.173141,1950
237,r4i1p1f1,1950,08,26,0.0,25.2933,9.355167,1950
238,r4i1p1f1,1950,08,27,0.0,24.056454,8.811804,1950
239,r4i1p1f1,1950,08,28,0.0,21.902927,6.222293,1950
240,r4i1p1f1,1950,08,29,0.0,21.494852,5.778152,1950
241,r4i1p1f1,1950,08,30,0.0,20.936598,5.7202225,1950
242,r4i1p1f1,1950,08,31,0.033641001601399,19.625525,4.9307833,1950
243,r4i1p1f1,1950,09,01,0.0,19.825186,5.185924,1950
244,r4i1p1f1,1950,09,02,0.0,19.655327,4.4244065,1950
245,r4i1p1f1,1950,09,03,0.0,19.411245,3.6561346,1950
246,r4i1p1f1,1950,09,04,0.0,20.044512,4.159977,1950
247,r4i1p1f1,1950,09,05,0.0,21.510061,6.177029,1950
248,r4i1p1f1,1950,09,06,0.0,20.49206,4.7528324,1950
249,r4i1p1f1,1950,09,07,0.0,15.9252,2.5729363,1950
250,r4i1p1f1,1950,09,08,0.0,14.004125,0.5768712,1950
251,r4i1p1f1,1950,09,09,0.0,18.335857,0.7745081,1950
252,r4i1p1f1,1950,09,10,0.0,17.605015,3.4821537,1950
253,r4i1p1f1,1950,09,11,0.0,18.826336,2.0714045,1950
254,r4i1p1f1,1950,09,12,0.0,22.506975,5.522488,1950
255,r4i1p1f1,1950,09,13,0.0,22.6555,6.6408615,1950
256,r4i1p1f1,1950,09,14,0.18854761703995507,20.103527,7.127741,1950
257,r4i1p1f1,1950,09,15,1.4033832991183224,16.729973,3.5322392,1950
258,r4i1p1f1,1950,09,16,0.06876740803427434,19.318481,3.8996897,1950
259,r4i1p1f1,1950,09,17,0.0,24.672739,7.625743,1950
260,r4i1p1f1,1950,09,18,0.0,26.8369,9.863454,1950
261,r4i1p1f1,1950,09,19,0.0,28.38404,10.621943,1950
262,r4i1p1f1,1950,09,20,0.0,28.465122,11.490545,1950
263,r4i1p1f1,1950,09,21,0.0,27.467548,11.5505,1950
264,r4i1p1f1,1950,09,22,0.0,25.734465,11.394606,1950
265,r4i1p1f1,1950,09,23,0.0,21.871279,7.3767786,1950
266,r4i1p1f1,1950,09,24,0.0,20.22577,5.6611156,1950
267,r4i1p1f1,1950,09,25,0.0,17.030317,4.9757404,1950
268,r4i1p1f1,1950,09,26,0.0,15.479219,2.090343,1950
269,r4i1p1f1,1950,09,27,2.7887694017013573,17.175032,4.6668673,1950
270,r4i1p1f1,1950,09,28,7.053605701092822,16.860048,3.4474611,1950
271,r4i1p1f1,1950,09,29,0.0,14.478532,0.63574266,1950
272,r4i1p1f1,1950,09,30,1.0169279150747186,16.923586,2.7078118,1950
273,r4i1p1f1,1950,10,01,0.04703989816087875,13.83052,0.2668794,1950
274,r4i1p1f1,1950,10,02,0.0,15.824793,1.1698114,1950
275,r4i1p1f1,1950,10,03,0.0,16.892433,2.9597101,1950
276,r4i1p1f1,1950,10,04,0.0,18.556557,2.1221697,1950
277,r4i1p1f1,1950,10,05,0.0,19.429134,2.8107219,1950
278,r4i1p1f1,1950,10,06,0.0,18.171844,5.2455335,1950
279,r4i1p1f1,1950,10,07,0.0,21.316576,5.5419436,1950
280,r4i1p1f1,1950,10,08,0.0,21.365812,5.5228806,1950
281,r4i1p1f1,1950,10,09,0.0,21.289375,6.256134,1950
282,r4i1p1f1,1950,10,10,0.0,21.799232,5.420445,1950
283,r4i1p1f1,1950,10,11,0.0,20.195744,5.959988,1950
284,r4i1p1f1,1950,10,12,0.0,17.616396,4.4438753,1950
285,r4i1p1f1,1950,10,13,0.0,18.343878,3.1264422,1950
286,r4i1p1f1,1950,10,14,0.0,20.207392,4.061271,1950
287,r4i1p1f1,1950,10,15,0.0,20.712503,5.8454604,1950
288,r4i1p1f1,1950,10,16,0.0,22.205185,7.5029645,1950
289,r4i1p1f1,1950,10,17,0.0,21.77634,6.72659,1950
290,r4i1p1f1,1950,10,18,0.0,20.965868,6.8738136,1950
291,r4i1p1f1,1950,10,19,0.0,18.866354,4.3565993,1950
292,r4i1p1f1,1950,10,20,0.0,19.8286,4.4215903,1950
293,r4i1p1f1,1950,10,21,0.0,20.422485,4.497523,1950
294,r4i1p1f1,1950,10,22,0.0,20.223639,4.706427,1950
295,r4i1p1f1,1950,10,23,0.0,19.507818,4.8784738,1950
296,r4i1p1f1,1950,10,24,0.0,19.815147,3.8374052,1950
297,r4i1p1f1,1950,10,25,0.0,18.308346,4.1855264,1950
298,r4i1p1f1,1950,10,26,0.0,17.7333,1.781247,1950
299,r4i1p1f1,1950,10,27,0.0,19.580807,3.2345011,1950
300,r4i1p1f1,1950,10,28,0.0,18.496948,2.5290208,1950
301,r4i1p1f1,1950,10,29,0.0,17.873552,2.4179232,1950
302,r4i1p1f1,1950,10,30,0.0,20.16546,5.0370097,1950
303,r4i1p1f1,1950,10,31,0.0,22.44562,6.446358,1950
304,r4i1p1f1,1950,11,01,0.0,23.29487,7.9452534,1950
305,r4i1p1f1,1950,11,02,0.0,22.918686,7.385659,1950
306,r4i1p1f1,1950,11,03,0.0,21.34909,7.2766886,1950
307,r4i1p1f1,1950,11,04,0.38834851417313615,15.7453165,3.8478174,1950
308,r4i1p1f1,1950,11,05,3.946262872604705,9.4156,-0.87354666,1950
309,r4i1p1f1,1950,11,06,0.0,7.6848764,-6.0942683,1950
310,r4i1p1f1,1950,11,07,15.985202495555491,6.3318734,-7.536563,1950
311,r4i1p1f1,1950,11,08,0.003956135863341323,-4.00425,-14.076578,1950
312,r4i1p1f1,1950,11,09,0.0,0.83201414,-15.920717,1950
313,r4i1p1f1,1950,11,10,1.2257067007632274,0.7626167,-8.079832,1950
314,r4i1p1f1,1950,11,11,9.257693527971197,3.3867106,-4.682839,1950
315,r4i1p1f1,1950,11,12,0.0,10.281817,-4.0212607,1950
316,r4i1p1f1,1950,11,13,0.0,11.793592,-3.8350081,1950
317,r4i1p1f1,1950,11,14,0.0,11.71524,-3.7819033,1950
318,r4i1p1f1,1950,11,15,0.0,10.231094,-4.2047963,1950
319,r4i1p1f1,1950,11,16,0.0,11.90408,-2.4355283,1950
320,r4i1p1f1,1950,11,17,0.0,13.931536,-1.6990621,1950
321,r4i1p1f1,1950,11,18,0.0,14.642308,-0.8008228,1950
322,r4i1p1f1,1950,11,19,0.0,15.091469,0.010959401,1950
323,r4i1p1f1,1950,11,20,0.0,14.731305,1.9610524,1950
324,r4i1p1f1,1950,11,21,3.1970673022080347,14.100553,5.230995,1950
325,r4i1p1f1,1950,11,22,0.6301361586029665,12.373439,0.22509931,1950
326,r4i1p1f1,1950,11,23,0.0,13.076762,-1.295446,1950
327,r4i1p1f1,1950,11,24,0.0,13.922163,-1.4368374,1950
328,r4i1p1f1,1950,11,25,0.0,13.137963,-1.1683111,1950
329,r4i1p1f1,1950,11,26,0.0,12.125027,1.1203023,1950
330,r4i1p1f1,1950,11,27,0.002671790571184829,9.652553,0.8208584,1950
331,r4i1p1f1,1950,11,28,0.0,12.61252,-1.4408586,1950
332,r4i1p1f1,1950,11,29,0.0,12.5348835,-0.81517154,1950
333,r4i1p1f1,1950,11,30,0.07891447660426305,12.163988,-0.09249195,1950
334,r4i1p1f1,1950,12,01,0.0,12.36439,-0.6854779,1950
335,r4i1p1f1,1950,12,02,0.0,10.472856,-0.6639214,1950
336,r4i1p1f1,1950,12,03,1.5839893751652865,1.3967655,-7.905194,1950
337,r4i1p1f1,1950,12,04,0.0,0.65808034,-10.70175,1950
338,r4i1p1f1,1950,12,05,0.0,1.5881734,-8.289789,1950
339,r4i1p1f1,1950,12,06,0.0012114301264720031,1.8559405,-7.2636123,1950
340,r4i1p1f1,1950,12,07,0.0,4.607629,-8.714691,1950
341,r4i1p1f1,1950,12,08,0.0,2.9170442,-8.606293,1950
342,r4i1p1f1,1950,12,09,15.203169702944173,1.3826189,-6.1539145,1950
343,r4i1p1f1,1950,12,10,55.81129172751554,6.292546,-4.1098704,1950
344,r4i1p1f1,1950,12,11,13.883391402926698,8.10639,1.2496437,1950
345,r4i1p1f1,1950,12,12,55.801356290741005,7.078282,1.6640686,1950
346,r4i1p1f1,1950,12,13,1.24212744340678,6.782165,-0.17160496,1950
347,r4i1p1f1,1950,12,14,0.19176950369676052,7.189475,-3.333155,1950
348,r4i1p1f1,1950,12,15,0.0,8.841278,-5.9376187,1950
349,r4i1p1f1,1950,12,16,0.0,9.043351,-3.0874217,1950
350,r4i1p1f1,1950,12,17,0.0,8.423294,-2.10862,1950
351,r4i1p1f1,1950,12,18,18.984058009601743,6.0610137,-2.156221,1950
352,r4i1p1f1,1950,12,19,78.08995847848384,5.174241,-0.46608302,1950
353,r4i1p1f1,1950,12,20,100.09533055337373,7.833776,1.7776403,1950
354,r4i1p1f1,1950,12,21,111.93213345971785,7.533595,1.0004344,1950
355,r4i1p1f1,1950,12,22,32.52781015437316,3.278385,-5.3121266,1950
356,r4i1p1f1,1950,12,23,0.0,8.734607,-5.781549,1950
357,r4i1p1f1,1950,12,24,1.7366438905291819,5.081436,-4.874813,1950
358,r4i1p1f1,1950,12,25,0.0,3.165883,-8.341728,1950
359,r4i1p1f1,1950,12,26,0.0,5.3117075,-6.9438376,1950
360,r4i1p1f1,1950,12,27,0.0,7.119131,-5.7894893,1950
361,r4i1p1f1,1950,12,28,0.0,8.634026,-3.6443594,1950
362,r4i1p1f1,1950,12,29,0.0,9.5869,-2.8829641,1950
363,r4i1p1f1,1950,12,30,0.0,7.837447,-5.857234,1950
364,r4i1p1f1,1950,12,31,0.00496995170459539,4.378474,-8.357375,1950
365,r4i1p1f1,1951,01,01,0.0,-0.24708302,-11.500002,1951
366,r4i1p1f1,1951,01,02,0.0,2.4977212,-8.351731,1951
367,r4i1p1f1,1951,01,03,0.0,5.67638,-7.2613277,1951
368,r4i1p1f1,1951,01,04,0.0,6.2656436,-5.8055935,1951
369,r4i1p1f1,1951,01,05,0.0,6.064871,-6.6517196,1951
370,r4i1p1f1,1951,01,06,0.0028050086076204916,6.0885386,-5.9563313,1951
371,r4i1p1f1,1951,01,07,0.0,4.165424,-7.623279,1951
372,r4i1p1f1,1951,01,08,50.317600793184134,2.8574479,-4.1316543,1951
373,r4i1p1f1,1951,01,09,48.09455548574288,4.5155997,-2.0141602,1951
374,r4i1p1f1,1951,01,10,8.786197924885474,4.345395,-4.8872027,1951
375,r4i1p1f1,1951,01,11,94.29321291928107,2.6399739,-4.638748,1951
376,r4i1p1f1,1951,01,12,33.055744172027545,3.0661767,-2.7222757,1951
377,r4i1p1f1,1951,01,13,97.33923120483149,5.5515947,-1.7463242,1951
378,r4i1p1f1,1951,01,14,0.0,6.06145,-3.2442877,1951
379,r4i1p1f1,1951,01,15,69.24853411511565,3.7040834,-4.494829,1951
380,r4i1p1f1,1951,01,16,8.336873898520745,-1.7098281,-11.348238,1951
381,r4i1p1f1,1951,01,17,20.39562215290045,-4.778218,-10.926875,1951
382,r4i1p1f1,1951,01,18,14.176339452967207,-2.1170177,-9.974194,1951
383,r4i1p1f1,1951,01,19,6.704533357690488,-2.1461916,-11.531423,1951
384,r4i1p1f1,1951,01,20,11.951901280825625,-3.1868184,-10.227631,1951
385,r4i1p1f1,1951,01,21,2.3537157570479814,-4.889853,-12.312126,1951
386,r4i1p1f1,1951,01,22,0.0,-0.58405405,-11.007288,1951
387,r4i1p1f1,1951,01,23,0.0,2.7473657,-11.327879,1951
388,r4i1p1f1,1951,01,24,0.0,7.3818884,-4.175136,1951
389,r4i1p1f1,1951,01,25,0.0,6.7636323,-4.662864,1951
390,r4i1p1f1,1951,01,26,3.958449036209084,3.1111588,-3.0651286,1951
391,r4i1p1f1,1951,01,27,0.0,2.9608498,-8.696867,1951
392,r4i1p1f1,1951,01,28,0.0,6.2798944,-11.226427,1951
393,r4i1p1f1,1951,01,29,0.0,7.022926,-8.186479,1951
394,r4i1p1f1,1951,01,30,0.11397305496247022,4.5672216,-7.5119495,1951
395,r4i1p1f1,1951,01,31,9.605937890552523,2.7096126,-5.1158547,1951
396,r4i1p1f1,1951,02,01,18.3121721680609,1.8198469,-7.9564757,1951
397,r4i1p1f1,1951,02,02,51.90669310234942,2.0562468,-4.347201,1951
398,r4i1p1f1,1951,02,03,15.168823443571258,0.39020002,-10.731464,1951
399,r4i1p1f1,1951,02,04,1.2844441137481863,2.8997798,-6.8012857,1951
400,r4i1p1f1,1951,02,05,0.5241668047120703,2.719126,-7.9994235,1951
401,r4i1p1f1,1951,02,06,0.02274236723752845,3.598886,-6.132088,1951
402,r4i1p1f1,1951,02,07,0.0,2.6569812,-10.253065,1951
403,r4i1p1f1,1951,02,08,0.0,4.7286897,-9.677977,1951
404,r4i1p1f1,1951,02,09,0.0,4.0267515,-9.496938,1951
405,r4i1p1f1,1951,02,10,0.0,1.8798914,-9.3928585,1951
406,r4i1p1f1,1951,02,11,0.1425228711194991,2.178422,-8.228455,1951
407,r4i1p1f1,1951,02,12,0.0,3.7915425,-10.061123,1951
408,r4i1p1f1,1951,02,13,0.0,2.862503,-9.723235,1951
409,r4i1p1f1,1951,02,14,37.689647178178255,1.4648997,-7.863093,1951
410,r4i1p1f1,1951,02,15,14.787447837979967,3.586874,-6.324398,1951
411,r4i1p1f1,1951,02,16,0.0,7.7958703,-4.885557,1951
412,r4i1p1f1,1951,02,17,0.03199314262381622,7.077403,-5.3847456,1951
413,r4i1p1f1,1951,02,18,0.0,5.9662457,-4.7888393,1951
414,r4i1p1f1,1951,02,19,0.004676432192305312,5.3843293,-4.215484,1951
415,r4i1p1f1,1951,02,20,0.0,6.349031,-6.4676104,1951
416,r4i1p1f1,1951,02,21,0.006806585865044688,4.4434366,-5.6516633,1951
417,r4i1p1f1,1951,02,22,11.915066532819106,1.9501011,-7.5035796,1951
418,r4i1p1f1,1951,02,23,32.98186359988163,1.4598615,-5.637745,1951
419,r4i1p1f1,1951,02,24,4.013295571293717,1.8628024,-8.223749,1951
420,r4i1p1f1,1951,02,25,2.036241692577603,5.1559076,-3.6822977,1951
421,r4i1p1f1,1951,02,26,90.11283903361648,2.3693178,-4.097762,1951
422,r4i1p1f1,1951,02,27,91.11339449545378,2.4954169,-5.4097686,1951
423,r4i1p1f1,1951,02,28,0.0,2.1205347,-9.809856,1951
424,r4i1p1f1,1951,03,01,35.20332561938589,-2.0337539,-9.151679,1951
425,r4i1p1f1,1951,03,02,107.3501944605143,-2.7952003,-8.344347,1951
426,r4i1p1f1,1951,03,03,28.04933793161157,-4.75538,-10.331401,1951
427,r4i1p1f1,1951,03,04,0.0,2.593701,-10.097065,1951
428,r4i1p1f1,1951,03,05,0.0,3.7990856,-12.279288,1951
429,r4i1p1f1,1951,03,06,0.0,3.991302,-11.388976,1951
430,r4i1p1f1,1951,03,07,0.0,5.1833606,-9.100684,1951
431,r4i1p1f1,1951,03,08,0.0,6.025485,-8.516366,1951
432,r4i1p1f1,1951,03,09,0.0,6.4826427,-6.678023,1951
433,r4i1p1f1,1951,03,10,0.0,7.745727,-7.238531,1951
434,r4i1p1f1,1951,03,11,0.0,8.887326,-6.3731465,1951
435,r4i1p1f1,1951,03,12,0.0,9.684742,-5.301223,1951
436,r4i1p1f1,1951,03,13,0.06882721480827993,8.344932,-5.347171,1951
437,r4i1p1f1,1951,03,14,2.906307931483571,4.6630526,-2.7559848,1951
438,r4i1p1f1,1951,03,15,0.040157945636256624,3.1384976,-7.692634,1951
439,r4i1p1f1,1951,03,16,8.0793906913357,-3.7499192,-12.278932,1951
440,r4i1p1f1,1951,03,17,0.0037018864992921707,4.0860286,-12.702056,1951
441,r4i1p1f1,1951,03,18,0.0,6.6468215,-4.6812325,1951
442,r4i1p1f1,1951,03,19,0.10648114339861069,5.5159307,-3.618616,1951
443,r4i1p1f1,1951,03,20,29.838461166972557,-0.2014453,-10.039646,1951
444,r4i1p1f1,1951,03,21,0.1620920486894396,2.324839,-10.231019,1951
445,r4i1p1f1,1951,03,22,0.0,7.017473,-7.243491,1951
446,r4i1p1f1,1951,03,23,1.3236115993609574,5.575628,-3.5549634,1951
447,r4i1p1f1,1951,03,24,43.649142620267504,2.2169971,-5.4584846,1951
448,r4i1p1f1,1951,03,25,6.470197520671282,-0.353906,-10.405944,1951
449,r4i1p1f1,1951,03,26,0.0,7.695475,-9.62747,1951
450,r4i1p1f1,1951,03,27,0.0,11.977865,-6.7709274,1951
451,r4i1p1f1,1951,03,28,0.0,10.341175,-3.3999414,1951
452,r4i1p1f1,1951,03,29,8.18167350647262,3.0369482,-8.443219,1951
453,r4i1p1f1,1951,03,30,0.0,9.583398,-6.8985095,1951
454,r4i1p1f1,1951,03,31,0.0,10.375451,-3.507939,1951
455,r4i1p1f1,1951,04,01,22.370219036538526,5.0962186,-3.0866828,1951
456,r4i1p1f1,1951,04,02,0.0,8.609723,-6.9929523,1951
457,r4i1p1f1,1951,04,03,0.0,8.3258915,-5.677159,1951
458,r4i1p1f1,1951,04,04,23.870634437882135,3.5391774,-6.8277283,1951
459,r4i1p1f1,1951,04,05,3.2412985980884583,0.44283187,-8.623535,1951
460,r4i1p1f1,1951,04,06,2.4691255924050783,2.6459696,-8.896182,1951
461,r4i1p1f1,1951,04,07,0.0,6.897427,-8.002923,1951
462,r4i1p1f1,1951,04,08,0.0,7.345969,-6.541504,1951
463,r4i1p1f1,1951,04,09,29.56087664138458,2.9060755,-4.7036686,1951
464,r4i1p1f1,1951,04,10,10.681783793479882,1.9698241,-7.2939477,1951
465,r4i1p1f1,1951,04,11,0.0,8.417881,-7.800517,1951
466,r4i1p1f1,1951,04,12,0.012540949360526491,8.22374,-4.2517824,1951
467,r4i1p1f1,1951,04,13,5.215015225088404,1.9497708,-5.804048,1951
468,r4i1p1f1,1951,04,14,8.118552841074337,0.3707751,-6.2742567,1951
469,r4i1p1f1,1951,04,15,27.578473875269598,-1.3871602,-8.393466,1951
470,r4i1p1f1,1951,04,16,12.485419474007474,-1.5596952,-10.678327,1951
471,r4i1p1f1,1951,04,17,0.0,6.2699533,-8.796385,1951
472,r4i1p1f1,1951,04,18,0.0,10.854101,-4.614004,1951
473,r4i1p1f1,1951,04,19,0.0,11.497221,-1.3643959,1951
474,r4i1p1f1,1951,04,20,0.0,10.607752,-2.4817133,1951
475,r4i1p1f1,1951,04,21,0.0,8.713415,-3.6254785,1951
476,r4i1p1f1,1951,04,22,0.0,6.3075514,-7.6627226,1951
477,r4i1p1f1,1951,04,23,0.0,10.809701,-5.014971,1951
478,r4i1p1f1,1951,04,24,0.0,13.087512,-1.5452374,1951
479,r4i1p1f1,1951,04,25,0.0,12.652355,-0.946554,1951
480,r4i1p1f1,1951,04,26,0.09688190865708089,12.237049,2.3347795,1951
481,r4i1p1f1,1951,04,27,5.309518255733449,8.2404,-1.7660577,1951
482,r4i1p1f1,1951,04,28,4.600290331518202,5.5606694,-5.0313125,1951
483,r4i1p1f1,1951,04,29,3.903398462754584,4.100841,-3.2117593,1951
484,r4i1p1f1,1951,04,30,0.18363834402670903,11.665278,-3.3831937,1951
485,r4i1p1f1,1951,05,01,0.0,12.805185,-2.5508983,1951
486,r4i1p1f1,1951,05,02,0.0,11.014828,-0.39497522,1951
487,r4i1p1f1,1951,05,03,0.01675838619582271,10.065762,-2.064371,1951
488,r4i1p1f1,1951,05,04,0.0,9.894266,-2.2856214,1951
489,r4i1p1f1,1951,05,05,0.0010062727173077884,9.528128,1.047077,1951
490,r4i1p1f1,1951,05,06,8.158922312169244,5.4095078,-2.445376,1951
491,r4i1p1f1,1951,05,07,0.19431834985567648,8.117509,0.6728613,1951
492,r4i1p1f1,1951,05,08,0.0,11.72443,-3.656995,1951
493,r4i1p1f1,1951,05,09,0.0,11.58733,-1.8129245,1951
494,r4i1p1f1,1951,05,10,6.4611713971720235,7.2227473,-2.4975784,1951
495,r4i1p1f1,1951,05,11,0.8662737589779537,1.7122283,-6.973213,1951
496,r4i1p1f1,1951,05,12,0.9241274961243099,1.4116082,-8.982428,1951
497,r4i1p1f1,1951,05,13,0.34889861753282064,5.770547,-3.7827451,1951
498,r4i1p1f1,1951,05,14,0.0,8.995489,-5.196996,1951
499,r4i1p1f1,1951,05,15,46.25058180043617,3.458699,-6.3410425,1951
500,r4i1p1f1,1951,05,16,15.283589774905494,-2.111554,-11.39083,1951
501,r4i1p1f1,1951,05,17,0.0,9.131651,-6.077732,1951
502,r4i1p1f1,1951,05,18,0.0,15.6161785,-0.49613,1951
503,r4i1p1f1,1951,05,19,0.0,16.959839,0.8511496,1951
504,r4i1p1f1,1951,05,20,0.0,17.19982,2.7980785,1951
505,r4i1p1f1,1951,05,21,0.0,16.044346,1.8292356,1951
506,r4i1p1f1,1951,05,22,0.0,14.119205,0.10508846,1951
507,r4i1p1f1,1951,05,23,0.0,15.017125,0.42202523,1951
508,r4i1p1f1,1951,05,24,0.0,15.306455,1.1249064,1951
509,r4i1p1f1,1951,05,25,0.0,17.228512,2.043905,1951
510,r4i1p1f1,1951,05,26,0.0,18.32934,4.213846,1951
511,r4i1p1f1,1951,05,27,0.0,17.207829,3.944191,1951
512,r4i1p1f1,1951,05,28,0.0054457414541309234,12.450388,0.8795352,1951
513,r4i1p1f1,1951,05,29,0.0,18.435575,2.0311575,1951
514,r4i1p1f1,1951,05,30,0.0,20.529003,5.011589,1951
515,r4i1p1f1,1951,05,31,0.0,21.401289,6.9853034,1951
516,r4i1p1f1,1951,06,01,0.004517992421651756,22.838589,7.072697,1951
517,r4i1p1f1,1951,06,02,0.4305851877094168,20.047352,5.5649614,1951
518,r4i1p1f1,1951,06,03,0.0,15.971978,1.2049491,1951
519,r4i1p1f1,1951,06,04,0.22965125000521508,15.344448,3.5578601,1951
520,r4i1p1f1,1951,06,05,0.009288568197427174,18.261644,3.7293146,1951
521,r4i1p1f1,1951,06,06,0.0,21.129814,5.8576612,1951
522,r4i1p1f1,1951,06,07,0.0,23.157139,6.7270308,1951
523,r4i1p1f1,1951,06,08,0.0,22.805325,8.841467,1951
524,r4i1p1f1,1951,06,09,0.0,24.686026,9.133266,1951
525,r4i1p1f1,1951,06,10,0.0,28.122307,10.860098,1951
526,r4i1p1f1,1951,06,11,0.0,29.78834,13.066521,1951
527,r4i1p1f1,1951,06,12,0.0,29.98516,15.33263,1951
528,r4i1p1f1,1951,06,13,0.0,25.693943,10.174968,1951
529,r4i1p1f1,1951,06,14,0.0,24.511894,8.012374,1951
530,r4i1p1f1,1951,06,15,0.0,24.74002,10.673255,1951
531,r4i1p1f1,1951,06,16,0.0,24.134035,10.642827,1951
532,r4i1p1f1,1951,06,17,0.0,23.385826,7.637292,1951
533,r4i1p1f1,1951,06,18,0.0,27.119514,9.026227,1951
534,r4i1p1f1,1951,06,19,0.0,27.271608,11.693775,1951
535,r4i1p1f1,1951,06,20,0.0,26.097012,12.62888,1951
536,r4i1p1f1,1951,06,21,0.0,27.635529,9.899155,1951
537,r4i1p1f1,1951,06,22,0.0,28.920824,11.136205,1951
538,r4i1p1f1,1951,06,23,0.0,26.936827,13.561864,1951
539,r4i1p1f1,1951,06,24,0.0,25.66826,12.378984,1951
540,r4i1p1f1,1951,06,25,1.3394279173236632,25.243765,11.725576,1951
541,r4i1p1f1,1951,06,26,0.0,22.110579,7.41319,1951
542,r4i1p1f1,1951,06,27,0.0,22.78888,8.506287,1951
543,r4i1p1f1,1951,06,28,0.0,23.163689,8.72149,1951
544,r4i1p1f1,1951,06,29,0.0,24.248749,8.23719,1951
545,r4i1p1f1,1951,06,30,0.0,24.156223,9.344285,1951
546,r4i1p1f1,1951,07,01,0.0,25.079153,8.592011,1951
547,r4i1p1f1,1951,07,02,0.0,25.741978,8.538622,1951
548,r4i1p1f1,1951,07,03,0.0,27.100834,9.727274,1951
549,r4i1p1f1,1951,07,04,0.0,27.2138,11.227563,1951
550,r4i1p1f1,1951,07,05,0.0,28.540302,11.855183,1951
551,r4i1p1f1,1951,07,06,0.0,28.055109,13.5596485,1951
552,r4i1p1f1,1951,07,07,0.0,28.283869,10.148284,1951
553,r4i1p1f1,1951,07,08,0.0,28.122149,11.449784,1951
554,r4i1p1f1,1951,07,09,0.0,26.53936,11.328159,1951
555,r4i1p1f1,1951,07,10,0.0,23.310312,7.848771,1951
556,r4i1p1f1,1951,07,11,0.0,20.40827,4.14512,1951
557,r4i1p1f1,1951,07,12,0.0,22.450148,6.355588,1951
558,r4i1p1f1,1951,07,13,0.0,24.47423,7.483023,1951
559,r4i1p1f1,1951,07,14,0.0,24.505116,9.115403,1951
560,r4i1p1f1,1951,07,15,0.0,24.182116,10.009255,1951
561,r4i1p1f1,1951,07,16,0.0,23.965418,9.883015,1951
562,r4i1p1f1,1951,07,17,0.0,24.965057,9.01524,1951
563,r4i1p1f1,1951,07,18,0.0,26.22954,9.811699,1951
564,r4i1p1f1,1951,07,19,0.0,25.850563,10.89107,1951
565,r4i1p1f1,1951,07,20,0.0,25.432198,10.484755,1951
566,r4i1p1f1,1951,07,21,0.0,25.609886,10.080349,1951
567,r4i1p1f1,1951,07,22,0.0,26.388771,10.409896,1951
568,r4i1p1f1,1951,07,23,0.0,27.15017,10.325139,1951
569,r4i1p1f1,1951,07,24,0.0,27.227398,11.646089,1951
570,r4i1p1f1,1951,07,25,0.0,26.942066,11.256406,1951
571,r4i1p1f1,1951,07,26,0.0,27.795544,11.77553,1951
572,r4i1p1f1,1951,07,27,0.0,27.81055,11.988448,1951
573,r4i1p1f1,1951,07,28,0.0,27.263388,12.074847,1951
574,r4i1p1f1,1951,07,29,0.0,27.506832,12.334131,1951
575,r4i1p1f1,1951,07,30,0.0,28.928253,12.556736,1951
576,r4i1p1f1,1951,07,31,0.0,29.255781,13.325956,1951
577,r4i1p1f1,1951,08,01,0.14327475850165367,28.918901,12.888288,1951
578,r4i1p1f1,1951,08,02,0.8216348066159558,28.836136,13.3368025,1951
579,r4i1p1f1,1951,08,03,0.5028366328946199,28.87785,13.065695,1951
580,r4i1p1f1,1951,08,04,0.0,28.089647,11.607436,1951
581,r4i1p1f1,1951,08,05,0.0,27.54386,10.357555,1951
582,r4i1p1f1,1951,08,06,0.0,27.319944,10.428062,1951
583,r4i1p1f1,1951,08,07,0.0,27.701878,11.177169,1951
584,r4i1p1f1,1951,08,08,0.0,27.696531,12.072187,1951
585,r4i1p1f1,1951,08,09,0.002109986370138622,25.921959,13.313374,1951
586,r4i1p1f1,1951,08,10,0.0,24.448217,9.940526,1951
587,r4i1p1f1,1951,08,11,0.0,20.827168,5.834275,1951
588,r4i1p1f1,1951,08,12,0.0,16.840435,2.7202606,1951
589,r4i1p1f1,1951,08,13,0.0,18.122253,3.7319303,1951
590,r4i1p1f1,1951,08,14,0.0,18.282688,4.7002764,1951
591,r4i1p1f1,1951,08,15,0.0,18.57822,4.1139207,1951
592,r4i1p1f1,1951,08,16,0.0,20.772268,5.379073,1951
593,r4i1p1f1,1951,08,17,0.0,22.403301,5.393747,1951
594,r4i1p1f1,1951,08,18,0.0,22.30486,6.875024,1951
595,r4i1p1f1,1951,08,19,0.0,22.337763,6.1507297,1951
596,r4i1p1f1,1951,08,20,0.0,22.792328,7.01742,1951
597,r4i1p1f1,1951,08,21,0.6125786025041547,22.473827,7.889951,1951
598,r4i1p1f1,1951,08,22,9.890742985115805,21.585964,11.265293,1951
599,r4i1p1f1,1951,08,23,7.798765942797263,23.98942,10.079258,1951
600,r4i1p1f1,1951,08,24,0.0,24.386044,10.419693,1951
601,r4i1p1f1,1951,08,25,0.0,25.031267,9.333656,1951
602,r4i1p1f1,1951,08,26,0.0,24.223675,8.612776,1951
603,r4i1p1f1,1951,08,27,0.0,21.870245,8.182371,1951
604,r4i1p1f1,1951,08,28,0.0,25.215284,6.569619,1951
605,r4i1p1f1,1951,08,29,0.0,26.268002,8.854645,1951
606,r4i1p1f1,1951,08,30,0.0,25.495102,10.53127,1951
607,r4i1p1f1,1951,08,31,0.0,24.676226,8.374472,1951
608,r4i1p1f1,1951,09,01,0.0,24.062931,8.468954,1951
609,r4i1p1f1,1951,09,02,0.0,25.117378,7.3641973,1951
610,r4i1p1f1,1951,09,03,0.0,24.830967,9.097861,1951
611,r4i1p1f1,1951,09,04,0.0,25.424583,8.607013,1951
612,r4i1p1f1,1951,09,05,0.0,24.356567,9.844461,1951
613,r4i1p1f1,1951,09,06,0.0,23.6183,8.118077,1951
614,r4i1p1f1,1951,09,07,0.0,24.049757,7.99821,1951
615,r4i1p1f1,1951,09,08,0.0,24.588291,9.102885,1951
616,r4i1p1f1,1951,09,09,0.8620372107411826,24.45726,11.01268,1951
617,r4i1p1f1,1951,09,10,1.3875663995810816,24.696976,11.724877,1951
618,r4i1p1f1,1951,09,11,0.0,24.726711,7.9428706,1951
619,r4i1p1f1,1951,09,12,0.0,26.06942,8.86269,1951
620,r4i1p1f1,1951,09,13,0.0,26.344387,9.751828,1951
621,r4i1p1f1,1951,09,14,0.0,25.97885,10.780358,1951
622,r4i1p1f1,1951,09,15,0.0,25.853226,10.077694,1951
623,r4i1p1f1,1951,09,16,0.0,25.239677,10.449611,1951
624,r4i1p1f1,1951,09,17,0.0,24.256502,10.112093,1951
625,r4i1p1f1,1951,09,18,0.0,23.955666,6.719927,1951
626,r4i1p1f1,1951,09,19,0.0,24.943848,8.385252,1951
627,r4i1p1f1,1951,09,20,0.0,25.056013,9.796025,1951
628,r4i1p1f1,1951,09,21,0.07689906958737136,23.671122,9.653627,1951
629,r4i1p1f1,1951,09,22,0.0,22.86112,7.5964875,1951
630,r4i1p1f1,1951,09,23,0.0,24.117664,8.684321,1951
631,r4i1p1f1,1951,09,24,0.0,24.748425,8.701345,1951
632,r4i1p1f1,1951,09,25,0.0,24.366034,9.425793,1951
633,r4i1p1f1,1951,09,26,0.18163129523814217,21.806032,7.806445,1951
634,r4i1p1f1,1951,09,27,0.007754987482628385,19.450584,5.4635477,1951
635,r4i1p1f1,1951,09,28,0.0,19.30559,4.5929775,1951
636,r4i1p1f1,1951,09,29,0.0,19.136917,4.575957,1951
637,r4i1p1f1,1951,09,30,0.03651949047370144,19.145224,6.199045,1951
638,r4i1p1f1,1951,10,01,6.585034741074526,13.402125,0.6342291,1951
639,r4i1p1f1,1951,10,02,1.2125665078020489,13.243338,-1.7855642,1951
640,r4i1p1f1,1951,10,03,0.6186735914352498,13.990495,2.0875735,1951
641,r4i1p1f1,1951,10,04,2.41372912948476,17.48952,4.8094554,1951
642,r4i1p1f1,1951,10,05,4.200746789819569,14.581634,3.9837441,1951
643,r4i1p1f1,1951,10,06,0.28802357759789987,12.254903,0.059981264,1951
644,r4i1p1f1,1951,10,07,0.0,14.557755,-0.8891387,1951
645,r4i1p1f1,1951,10,08,0.0,16.264673,2.0557513,1951
646,r4i1p1f1,1951,10,09,0.0,14.862027,3.8004758,1951
647,r4i1p1f1,1951,10,10,0.0,14.107401,-0.41557506,1951
648,r4i1p1f1,1951,10,11,0.0,15.364114,-0.12917773,1951
649,r4i1p1f1,1951,10,12,0.0,17.391756,3.7960382,1951
650,r4i1p1f1,1951,10,13,0.0,19.152092,4.309459,1951
651,r4i1p1f1,1951,10,14,0.0,19.700848,6.2810707,1951
652,r4i1p1f1,1951,10,15,10.716552453126644,22.002747,10.1002035,1951
653,r4i1p1f1,1951,10,16,49.207241834684936,14.519854,5.6587725,1951
654,r4i1p1f1,1951,10,17,0.5816902446903487,9.699063,-0.6290542,1951
655,r4i1p1f1,1951,10,18,1.2265008472022765,8.63484,-0.73598623,1951
656,r4i1p1f1,1951,10,19,0.6811947340682153,9.803451,-2.7106662,1951
657,r4i1p1f1,1951,10,20,4.578564848599846,9.55853,1.509002,1951
658,r4i1p1f1,1951,10,21,0.3981999740293207,6.429039,-2.3931625,1951
659,r4i1p1f1,1951,10,22,0.0,6.0643973,-5.9820824,1951
660,r4i1p1f1,1951,10,23,0.0,7.383908,-5.820981,1951
661,r4i1p1f1,1951,10,24,0.0,9.707469,-4.163545,1951
662,r4i1p1f1,1951,10,25,0.0,11.702517,-2.8029213,1951
663,r4i1p1f1,1951,10,26,0.0,12.655544,-2.3914628,1951
664,r4i1p1f1,1951,10,27,0.0,11.363749,-1.6686212,1951
665,r4i1p1f1,1951,10,28,0.429359089449739,8.782129,-3.1481614,1951
666,r4i1p1f1,1951,10,29,12.164193415385881,-0.7952667,-8.927914,1951
667,r4i1p1f1,1951,10,30,0.0,0.107302636,-13.334401,1951
668,r4i1p1f1,1951,10,31,0.48449374630002146,1.9230565,-13.161678,1951
669,r4i1p1f1,1951,11,01,0.0,8.483746,-7.389722,1951
670,r4i1p1f1,1951,11,02,0.0,10.268323,-3.1824281,1951
671,r4i1p1f1,1951,11,03,0.0,14.067797,0.7007695,1951
672,r4i1p1f1,1951,11,04,0.0,13.249253,0.27331626,1951
673,r4i1p1f1,1951,11,05,0.0,14.793329,-0.12536193,1951
674,r4i1p1f1,1951,11,06,0.0,15.283566,2.4050157,1951
675,r4i1p1f1,1951,11,07,0.00143599548567786,12.505426,-0.3703384,1951
676,r4i1p1f1,1951,11,08,0.8604198465810149,6.1823244,-2.8477943,1951
677,r4i1p1f1,1951,11,09,5.993479105495577,4.6460514,-4.883954,1951
678,r4i1p1f1,1951,11,10,8.997020599623506,3.462116,-5.7681046,1951
679,r4i1p1f1,1951,11,11,37.46676421661048,4.1998615,-3.7469075,1951
680,r4i1p1f1,1951,11,12,1.098776153607541,2.5957716,-6.4508815,1951
681,r4i1p1f1,1951,11,13,0.0,3.3827934,-8.057469,1951
682,r4i1p1f1,1951,11,14,0.0647825570115967,3.715471,-7.947564,1951
683,r4i1p1f1,1951,11,15,0.0,6.198912,-7.7169538,1951
684,r4i1p1f1,1951,11,16,0.0,8.868984,-4.5121884,1951
685,r4i1p1f1,1951,11,17,0.0,9.838454,-2.2653406,1951
686,r4i1p1f1,1951,11,18,19.801113169695086,7.4631987,-3.3591256,1951
687,r4i1p1f1,1951,11,19,4.145834937692215,4.78396,-7.4800706,1951
688,r4i1p1f1,1951,11,20,37.29326531503821,4.328693,-2.0749278,1951
689,r4i1p1f1,1951,11,21,36.2166679859882,4.0514297,-1.8891141,1951
690,r4i1p1f1,1951,11,22,0.0,8.712638,-9.218437,1951
691,r4i1p1f1,1951,11,23,0.0,7.428529,-5.741309,1951
692,r4i1p1f1,1951,11,24,9.885007910308222,-0.08362859,-9.369267,1951
693,r4i1p1f1,1951,11,25,3.636359433516997,1.3943493,-8.725724,1951
694,r4i1p1f1,1951,11,26,39.04678530209357,0.39304203,-6.76,1951
695,r4i1p1f1,1951,11,27,11.559077223438383,-2.2783432,-9.713977,1951
696,r4i1p1f1,1951,11,28,19.34728497953778,-0.115297206,-7.835944,1951
697,r4i1p1f1,1951,11,29,3.134874471378355,-0.66399175,-9.217485,1951
698,r4i1p1f1,1951,11,30,0.45027223588715465,-1.5882847,-12.553803,1951
699,r4i1p1f1,1951,12,01,0.0,-3.5874796,-15.19039,1951
700,r4i1p1f1,1951,12,02,0.0,-3.371819,-15.254513,1951
701,r4i1p1f1,1951,12,03,0.0,-1.8280256,-15.0718355,1951
702,r4i1p1f1,1951,12,04,0.0,-3.6107502,-16.249447,1951
703,r4i1p1f1,1951,12,05,0.0,-0.41050595,-14.322382,1951
704,r4i1p1f1,1951,12,06,0.0,0.027851708,-13.084802,1951
705,r4i1p1f1,1951,12,07,16.87868742316506,-3.9702926,-11.060534,1951
706,r4i1p1f1,1951,12,08,7.658836542092985,-4.2598696,-10.65521,1951
707,r4i1p1f1,1951,12,09,13.292739935255108,-2.2290373,-9.644818,1951
708,r4i1p1f1,1951,12,10,0.0,-1.9638609,-13.50888,1951
709,r4i1p1f1,1951,12,11,3.4468445197317084,-3.3975885,-11.02612,1951
710,r4i1p1f1,1951,12,12,0.0,-2.557936,-15.569275,1951
711,r4i1p1f1,1951,12,13,0.0,-4.350447,-18.494091,1951
712,r4i1p1f1,1951,12,14,7.852745415874371,-6.0797,-14.016609,1951
713,r4i1p1f1,1951,12,15,0.0,-1.715852,-15.899423,1951
714,r4i1p1f1,1951,12,16,0.0,0.15491089,-12.040108,1951
715,r4i1p1f1,1951,12,17,0.0,-0.28669524,-11.48761,1951
716,r4i1p1f1,1951,12,18,16.58426657639343,-3.867687,-9.746437,1951
717,r4i1p1f1,1951,12,19,29.63237468599936,-5.627125,-13.972636,1951
718,r4i1p1f1,1951,12,20,6.583150218595693,-7.5084686,-15.59921,1951
719,r4i1p1f1,1951,12,21,0.0,-6.0614386,-18.697727,1951
720,r4i1p1f1,1951,12,22,0.0,-1.0568689,-14.916314,1951
721,r4i1p1f1,1951,12,23,0.0,1.6471334,-11.183862,1951
722,r4i1p1f1,1951,12,24,0.0,3.2990303,-8.183323,1951
723,r4i1p1f1,1951,12,25,0.0,3.7730505,-6.9125204,1951
724,r4i1p1f1,1951,12,26,0.0,3.5759404,-8.697822,1951
725,r4i1p1f1,1951,12,27,0.0,3.419991,-9.001889,1951
726,r4i1p1f1,1951,12,28,0.0,1.6262847,-8.422698,1951
727,r4i1p1f1,1951,12,29,0.0,1.8411589,-9.767538,1951
728,r4i1p1f1,1951,12,30,0.0,-1.0450166,-15.0252285,1951
729,r4i1p1f1,1951,12,31,0.0,-2.804773,-15.019484,1951
730,r4i1p1f1,1952,01,01,0.0,1.7127205,-9.951955,1952
731,r4i1p1f1,1952,01,02,0.0,3.818424,-8.158794,1952
732,r4i1p1f1,1952,01,03,0.0,6.9424725,-6.763723,1952
733,r4i1p1f1,1952,01,04,0.0,9.149836,-4.53307,1952
734,r4i1p1f1,1952,01,05,0.0,7.19381,-4.592671,1952
735,r4i1p1f1,1952,01,06,0.0,5.7274213,-3.6606095,1952
736,r4i1p1f1,1952,01,07,0.0,6.2437153,-6.073288,1952
737,r4i1p1f1,1952,01,08,0.0,7.237553,-5.007683,1952
738,r4i1p1f1,1952,01,09,0.0,6.638689,-5.4102187,1952
739,r4i1p1f1,1952,01,10,0.40444660906491475,4.929273,-6.1098633,1952
740,r4i1p1f1,1952,01,11,0.0,2.9080954,-10.283059,1952
741,r4i1p1f1,1952,01,12,0.0048840086331919715,1.6836752,-8.20153,1952
742,r4i1p1f1,1952,01,13,6.651115187731407,-2.7645998,-9.435801,1952
743,r4i1p1f1,1952,01,14,0.0,-0.64891756,-13.142467,1952
744,r4i1p1f1,1952,01,15,0.0,0.12900381,-12.121147,1952
745,r4i1p1f1,1952,01,16,0.0,-2.8888874,-14.8400345,1952
746,r4i1p1f1,1952,01,17,0.0,-3.6768196,-15.517556,1952
747,r4i1p1f1,1952,01,18,0.0,-0.49211687,-12.459241,1952
748,r4i1p1f1,1952,01,19,0.0,5.099664,-6.703663,1952
749,r4i1p1f1,1952,01,20,0.0,9.425376,-3.7146108,1952
750,r4i1p1f1,1952,01,21,0.0,10.44672,-3.538498,1952
751,r4i1p1f1,1952,01,22,0.0,7.6336427,-3.671572,1952
752,r4i1p1f1,1952,01,23,0.0,9.751942,-3.7822378,1952
753,r4i1p1f1,1952,01,24,0.0,9.740165,-3.3742883,1952
754,r4i1p1f1,1952,01,25,0.0,8.1212,-3.4001074,1952
755,r4i1p1f1,1952,01,26,0.0,7.581685,-5.7913437,1952
756,r4i1p1f1,1952,01,27,0.0,8.429366,-5.4989367,1952
757,r4i1p1f1,1952,01,28,0.0,9.3448715,-2.9335234,1952
758,r4i1p1f1,1952,01,29,0.0,9.512677,-2.955165,1952
759,r4i1p1f1,1952,01,30,0.0,8.035942,-4.638871,1952
760,r4i1p1f1,1952,01,31,0.03265746577054987,5.45523,-6.193698,1952
761,r4i1p1f1,1952,02,01,0.0,5.052393,-7.432491,1952
762,r4i1p1f1,1952,02,02,0.0,6.6515803,-5.5111165,1952
763,r4i1p1f1,1952,02,03,3.150193930103926,3.2005603,-6.441022,1952
764,r4i1p1f1,1952,02,04,10.390914101532884,3.7739508,-7.2841825,1952
765,r4i1p1f1,1952,02,05,61.06707608891963,3.826411,-2.9206963,1952
766,r4i1p1f1,1952,02,06,61.89901317254855,3.737679,-5.2539215,1952
767,r4i1p1f1,1952,02,07,0.2152999769428764,4.912759,-6.2651706,1952
768,r4i1p1f1,1952,02,08,49.289050641389586,2.2604053,-4.773664,1952
769,r4i1p1f1,1952,02,09,23.68686380411595,1.4486722,-8.415102,1952
770,r4i1p1f1,1952,02,10,0.0,1.8122385,-8.962307,1952
771,r4i1p1f1,1952,02,11,0.2614054935437135,4.0946755,-10.359677,1952
772,r4i1p1f1,1952,02,12,0.1280771506637755,6.023336,-6.3640113,1952
773,r4i1p1f1,1952,02,13,12.438418849306055,2.9632137,-5.399165,1952
774,r4i1p1f1,1952,02,14,19.359468437764978,4.124718,-3.4589994,1952
775,r4i1p1f1,1952,02,15,19.538715554662556,2.7334018,-4.939449,1952
776,r4i1p1f1,1952,02,16,0.2807270780557211,0.90735877,-7.9801154,1952
777,r4i1p1f1,1952,02,17,0.0,6.1226063,-8.363947,1952
778,r4i1p1f1,1952,02,18,0.0,6.22089,-8.031692,1952
779,r4i1p1f1,1952,02,19,3.8097929648003577,1.1950608,-8.13217,1952
780,r4i1p1f1,1952,02,20,3.5129963511848867,-3.2548516,-12.052716,1952
781,r4i1p1f1,1952,02,21,0.0,1.3846123,-12.904308,1952
782,r4i1p1f1,1952,02,22,12.735312111697864,-3.7026207,-10.79615,1952
783,r4i1p1f1,1952,02,23,0.293532807812864,-2.558597,-14.109808,1952
784,r4i1p1f1,1952,02,24,0.0,0.10164273,-14.696193,1952
785,r4i1p1f1,1952,02,25,0.0,-0.08911809,-13.007319,1952
786,r4i1p1f1,1952,02,26,0.0,3.8897061,-12.0231695,1952
787,r4i1p1f1,1952,02,27,0.0,7.17655,-7.8247147,1952
788,r4i1p1f1,1952,02,28,0.0,6.450063,-6.7560925,1952
789,r4i1p1f1,1952,02,29,0.0,4.937377,-7.13526,1952
790,r4i1p1f1,1952,03,01,0.0,5.6708813,-9.208462,1952
791,r4i1p1f1,1952,03,02,0.0,7.953236,-7.261658,1952
792,r4i1p1f1,1952,03,03,0.0,7.5704627,-6.174893,1952
793,r4i1p1f1,1952,03,04,0.3966418024675596,4.42723,-8.204614,1952
794,r4i1p1f1,1952,03,05,14.079514175758284,1.0033401,-10.969973,1952
795,r4i1p1f1,1952,03,06,0.0003171121266752701,4.4155374,-5.459792,1952
796,r4i1p1f1,1952,03,07,0.0,6.8480926,-5.7678995,1952
797,r4i1p1f1,1952,03,08,0.0,7.14775,-7.821743,1952
798,r4i1p1f1,1952,03,09,23.078260935181373,2.96531,-4.3744345,1952
799,r4i1p1f1,1952,03,10,8.2573131182467,-1.0058846,-9.110761,1952
800,r4i1p1f1,1952,03,11,0.0,3.8613153,-10.492112,1952
801,r4i1p1f1,1952,03,12,0.06999494382801857,3.3104072,-8.774743,1952
802,r4i1p1f1,1952,03,13,2.6521283840017587,1.3245375,-8.526021,1952
803,r4i1p1f1,1952,03,14,0.0,9.262647,-6.86531,1952
804,r4i1p1f1,1952,03,15,0.0,12.873005,-4.767882,1952
805,r4i1p1f1,1952,03,16,0.0,14.36429,-1.6761389,1952
806,r4i1p1f1,1952,03,17,0.0,15.699451,-1.8361099,1952
807,r4i1p1f1,1952,03,18,0.0,14.891116,-0.64052236,1952
808,r4i1p1f1,1952,03,19,0.0,10.826737,1.6967434,1952
809,r4i1p1f1,1952,03,20,0.572132350503516,4.712912,-4.9959164,1952
810,r4i1p1f1,1952,03,21,0.0,8.229767,-5.5203056,1952
811,r4i1p1f1,1952,03,22,0.0,9.812306,-4.408531,1952
812,r4i1p1f1,1952,03,23,0.0,9.167309,-4.646942,1952
813,r4i1p1f1,1952,03,24,0.0,7.6239524,-6.6338897,1952
814,r4i1p1f1,1952,03,25,0.0,9.091422,-5.021828,1952
815,r4i1p1f1,1952,03,26,0.0,10.368311,-4.0593567,1952
816,r4i1p1f1,1952,03,27,0.0,11.042166,-3.5926,1952
817,r4i1p1f1,1952,03,28,0.0,12.853019,-2.8869088,1952
818,r4i1p1f1,1952,03,29,0.0,11.695485,-1.5686077,1952
819,r4i1p1f1,1952,03,30,9.52044983879859,8.682515,-2.1400852,1952
820,r4i1p1f1,1952,03,31,0.16729959810354927,8.4535675,-5.5883155,1952
821,r4i1p1f1,1952,04,01,3.1083351364941336,3.7998447,-5.2109056,1952
822,r4i1p1f1,1952,04,02,0.0,8.646606,-3.7305124,1952
823,r4i1p1f1,1952,04,03,0.0,9.896867,-2.1371515,1952
824,r4i1p1f1,1952,04,04,0.38563495206096676,7.2062755,-3.9172847,1952
825,r4i1p1f1,1952,04,05,8.947511566305066,0.5479228,-7.6525297,1952
826,r4i1p1f1,1952,04,06,0.0,6.9465723,-7.2195907,1952
827,r4i1p1f1,1952,04,07,0.0,9.446078,-4.300462,1952
828,r4i1p1f1,1952,04,08,0.0010827730249927477,8.613507,-1.2178199,1952
829,r4i1p1f1,1952,04,09,0.0,8.523767,-4.1290765,1952
830,r4i1p1f1,1952,04,10,0.0,7.9646277,-4.8833246,1952
831,r4i1p1f1,1952,04,11,5.902573209509045,0.14273113,-9.394874,1952
832,r4i1p1f1,1952,04,12,1.6932288093746686,-2.065707,-10.026616,1952
833,r4i1p1f1,1952,04,13,0.1075407554399711,2.2201338,-9.71575,1952
834,r4i1p1f1,1952,04,14,0.0,4.7613354,-8.572231,1952
835,r4i1p1f1,1952,04,15,0.02065818173161864,3.6313164,-6.56497,1952
836,r4i1p1f1,1952,04,16,0.0,8.74628,-5.4934955,1952
837,r4i1p1f1,1952,04,17,0.0,10.716202,-3.8706512,1952
838,r4i1p1f1,1952,04,18,0.0,11.490973,-2.9022598,1952
839,r4i1p1f1,1952,04,19,0.0,11.73411,-3.005387,1952
840,r4i1p1f1,1952,04,20,0.0,8.566815,-2.8333445,1952
841,r4i1p1f1,1952,04,21,10.070858830986419,0.09872789,-8.691395,1952
842,r4i1p1f1,1952,04,22,29.660391953048965,-0.96551436,-9.607249,1952
843,r4i1p1f1,1952,04,23,0.0,4.2751713,-10.398733,1952
844,r4i1p1f1,1952,04,24,0.0,4.9929023,-6.470711,1952
845,r4i1p1f1,1952,04,25,0.0,8.993358,-5.879842,1952
846,r4i1p1f1,1952,04,26,0.0,9.753842,-3.6417084,1952
847,r4i1p1f1,1952,04,27,0.0,8.293623,-1.1209716,1952
848,r4i1p1f1,1952,04,28,0.0,7.9070964,-7.09284,1952
849,r4i1p1f1,1952,04,29,0.0,6.2798123,-6.9524984,1952
850,r4i1p1f1,1952,04,30,13.807484909865217,-1.344175,-9.2969885,1952
851,r4i1p1f1,1952,05,01,0.00029222893683904596,6.6283827,-7.1644397,1952
852,r4i1p1f1,1952,05,02,0.0,9.658484,-4.377671,1952
853,r4i1p1f1,1952,05,03,0.0,11.242046,-2.716725,1952
854,r4i1p1f1,1952,05,04,0.0,9.890853,-0.77488154,1952
855,r4i1p1f1,1952,05,05,0.0,6.4180574,-6.279109,1952
856,r4i1p1f1,1952,05,06,0.0,7.739044,-5.14774,1952
857,r4i1p1f1,1952,05,07,0.0,9.350712,-4.4966307,1952
858,r4i1p1f1,1952,05,08,0.0,12.634832,-1.7078191,1952
859,r4i1p1f1,1952,05,09,0.0,15.048228,0.12934475,1952
860,r4i1p1f1,1952,05,10,0.004251403454901878,16.662697,0.6723267,1952
861,r4i1p1f1,1952,05,11,0.0,16.089142,2.6067264,1952
862,r4i1p1f1,1952,05,12,0.6380066807004907,13.016282,-0.41021755,1952
863,r4i1p1f1,1952,05,13,0.0031773318694346075,11.598334,-0.77690136,1952
864,r4i1p1f1,1952,05,14,9.654372455472547,6.5057855,-2.9184103,1952
865,r4i1p1f1,1952,05,15,4.125292695388704,2.464748,-7.279871,1952
866,r4i1p1f1,1952,05,16,0.0,9.0869055,-2.0813162,1952
867,r4i1p1f1,1952,05,17,0.0,11.474199,-0.44597334,1952
868,r4i1p1f1,1952,05,18,0.0,14.985694,-0.60704243,1952
869,r4i1p1f1,1952,05,19,0.0,14.935937,3.976484,1952
870,r4i1p1f1,1952,05,20,0.0,15.548053,3.345327,1952
871,r4i1p1f1,1952,05,21,0.0,14.108419,0.45087713,1952
872,r4i1p1f1,1952,05,22,0.0,13.3071165,0.678203,1952
873,r4i1p1f1,1952,05,23,0.0,12.199415,-1.619398,1952
874,r4i1p1f1,1952,05,24,0.0,13.176776,-1.7014793,1952
875,r4i1p1f1,1952,05,25,0.0,12.005505,-0.23113793,1952
876,r4i1p1f1,1952,05,26,0.0,12.553794,-1.0077633,1952
877,r4i1p1f1,1952,05,27,0.0,13.40328,-0.20263831,1952
878,r4i1p1f1,1952,05,28,0.0,12.961782,-0.60040903,1952
879,r4i1p1f1,1952,05,29,0.0,10.727828,-2.8239167,1952
880,r4i1p1f1,1952,05,30,0.0,13.532413,-1.766822,1952
881,r4i1p1f1,1952,05,31,0.0,13.403429,0.39375514,1952
882,r4i1p1f1,1952,06,01,0.2797312452457845,10.97881,1.7161592,1952
883,r4i1p1f1,1952,06,02,0.0,11.236948,1.1938602,1952
884,r4i1p1f1,1952,06,03,0.0,11.053455,-2.2517216,1952
885,r4i1p1f1,1952,06,04,1.7403495221729184,7.2258754,-5.181211,1952
886,r4i1p1f1,1952,06,05,0.13022434771494473,7.152232,-5.9570336,1952
887,r4i1p1f1,1952,06,06,0.1956642721476651,7.9423075,-4.1079617,1952
888,r4i1p1f1,1952,06,07,1.9129521183166374,4.868772,-3.2301311,1952
889,r4i1p1f1,1952,06,08,4.765991679218692,5.246858,-5.0333433,1952
890,r4i1p1f1,1952,06,09,0.030474959122613852,10.396421,-3.9359725,1952
891,r4i1p1f1,1952,06,10,0.0,16.819788,0.57348543,1952
892,r4i1p1f1,1952,06,11,0.0,21.32945,4.7302485,1952
893,r4i1p1f1,1952,06,12,0.0,23.196707,6.629262,1952
894,r4i1p1f1,1952,06,13,0.0,22.480164,8.855679,1952
895,r4i1p1f1,1952,06,14,0.9145469408312694,21.10741,6.931263,1952
896,r4i1p1f1,1952,06,15,0.0,18.110258,4.202666,1952
897,r4i1p1f1,1952,06,16,0.0,17.008545,5.0930862,1952
898,r4i1p1f1,1952,06,17,0.0,17.47572,3.265911,1952
899,r4i1p1f1,1952,06,18,0.0,19.33423,4.6480827,1952
900,r4i1p1f1,1952,06,19,0.0,23.060366,6.410773,1952
901,r4i1p1f1,1952,06,20,0.0,24.06441,9.949325,1952
902,r4i1p1f1,1952,06,21,0.0,24.756723,8.802493,1952
903,r4i1p1f1,1952,06,22,0.0,25.342644,9.686162,1952
904,r4i1p1f1,1952,06,23,0.0,24.222553,9.601771,1952
905,r4i1p1f1,1952,06,24,0.0,20.448162,6.754115,1952
906,r4i1p1f1,1952,06,25,0.0,20.866058,5.614491,1952
907,r4i1p1f1,1952,06,26,0.0,23.408495,7.433015,1952
908,r4i1p1f1,1952,06,27,0.0,25.205458,9.627324,1952
909,r4i1p1f1,1952,06,28,0.0,25.76171,10.304295,1952
910,r4i1p1f1,1952,06,29,0.27716013976043946,23.926859,11.058126,1952
911,r4i1p1f1,1952,06,30,0.04376449669096029,20.864454,7.883678,1952
912,r4i1p1f1,1952,07,01,0.003404505683211357,16.279852,3.1420207,1952
913,r4i1p1f1,1952,07,02,0.0,19.85306,3.295874,1952
914,r4i1p1f1,1952,07,03,0.0,23.99369,8.317074,1952
915,r4i1p1f1,1952,07,04,0.0,25.555923,9.9755945,1952
916,r4i1p1f1,1952,07,05,0.0,25.068205,9.934055,1952
917,r4i1p1f1,1952,07,06,1.2826094940423673,24.424677,9.5193405,1952
918,r4i1p1f1,1952,07,07,0.047483223028706466,25.71403,10.705976,1952
919,r4i1p1f1,1952,07,08,0.3288239280878128,26.932905,11.893231,1952
920,r4i1p1f1,1952,07,09,0.10517939837750603,28.917074,13.751443,1952
921,r4i1p1f1,1952,07,10,2.396878987583395,29.461515,14.637144,1952
922,r4i1p1f1,1952,07,11,1.1957352646063288,28.410591,12.65724,1952
923,r4i1p1f1,1952,07,12,0.640844563269836,27.418728,12.743542,1952
924,r4i1p1f1,1952,07,13,0.0,26.465933,11.217892,1952
925,r4i1p1f1,1952,07,14,0.0,27.176884,12.256984,1952
926,r4i1p1f1,1952,07,15,0.0005739257077405196,27.463644,11.467056,1952
927,r4i1p1f1,1952,07,16,0.6406680371922724,26.909323,11.892218,1952
928,r4i1p1f1,1952,07,17,0.0,25.269653,10.440563,1952
929,r4i1p1f1,1952,07,18,0.0,25.501734,9.847253,1952
930,r4i1p1f1,1952,07,19,0.0,26.736597,11.261655,1952
931,r4i1p1f1,1952,07,20,0.0,26.622631,11.430657,1952
932,r4i1p1f1,1952,07,21,0.025888874123217453,25.775225,12.323555,1952
933,r4i1p1f1,1952,07,22,0.0,26.046331,9.839003,1952
934,r4i1p1f1,1952,07,23,0.0,26.869268,10.612482,1952
935,r4i1p1f1,1952,07,24,0.0,27.452814,12.098253,1952
936,r4i1p1f1,1952,07,25,0.0,28.643497,12.064497,1952
937,r4i1p1f1,1952,07,26,0.13850276854639343,28.04288,12.588413,1952
938,r4i1p1f1,1952,07,27,0.19276110165738247,27.078989,11.801827,1952
939,r4i1p1f1,1952,07,28,0.1513082762296223,26.478312,12.678325,1952
940,r4i1p1f1,1952,07,29,1.512174369984336,24.811337,13.840133,1952
941,r4i1p1f1,1952,07,30,1.8100842973770472,22.996052,10.390261,1952
942,r4i1p1f1,1952,07,31,0.4645178207448221,21.975018,8.450423,1952
943,r4i1p1f1,1952,08,01,0.01333906465132059,22.841549,8.162701,1952
944,r4i1p1f1,1952,08,02,0.0,23.978817,8.137986,1952
945,r4i1p1f1,1952,08,03,0.0,24.555923,9.467094,1952
946,r4i1p1f1,1952,08,04,0.0,23.976368,9.462458,1952
947,r4i1p1f1,1952,08,05,0.0,23.310942,8.234493,1952
948,r4i1p1f1,1952,08,06,0.0,23.60756,7.0241303,1952
949,r4i1p1f1,1952,08,07,0.0,23.164309,8.558008,1952
950,r4i1p1f1,1952,08,08,0.0,22.916138,8.04878,1952
951,r4i1p1f1,1952,08,09,0.0,22.836832,7.734423,1952
952,r4i1p1f1,1952,08,10,0.0,22.226757,7.2127266,1952
953,r4i1p1f1,1952,08,11,0.0,23.579302,6.6994834,1952
954,r4i1p1f1,1952,08,12,0.0,24.197039,7.789057,1952
955,r4i1p1f1,1952,08,13,0.0,23.780527,8.896831,1952
956,r4i1p1f1,1952,08,14,0.0,23.34579,7.842324,1952
957,r4i1p1f1,1952,08,15,0.0,24.714552,8.3892,1952
958,r4i1p1f1,1952,08,16,0.0,25.528563,9.224024,1952
959,r4i1p1f1,1952,08,17,0.0,25.983492,9.93973,1952
960,r4i1p1f1,1952,08,18,0.14678802213416123,25.969667,10.1833,1952
961,r4i1p1f1,1952,08,19,0.13762834418748876,24.005882,10.249017,1952
962,r4i1p1f1,1952,08,20,0.006583558497697587,22.712938,8.140776,1952
963,r4i1p1f1,1952,08,21,0.0,20.792425,8.081178,1952
964,r4i1p1f1,1952,08,22,0.0,20.439497,6.834249,1952
965,r4i1p1f1,1952,08,23,0.0,22.732948,6.378586,1952
966,r4i1p1f1,1952,08,24,0.0,23.30364,7.1701136,1952
967,r4i1p1f1,1952,08,25,0.0,22.451817,6.6807327,1952
968,r4i1p1f1,1952,08,26,0.0,19.609753,5.071998,1952
969,r4i1p1f1,1952,08,27,0.0,16.748798,1.7206851,1952
970,r4i1p1f1,1952,08,28,0.0,15.900628,4.8344088,1952
971,r4i1p1f1,1952,08,29,1.5026854010246435,16.32096,5.7583194,1952
972,r4i1p1f1,1952,08,30,0.0,23.170776,5.8997736,1952
973,r4i1p1f1,1952,08,31,0.0,25.635393,8.075316,1952
974,r4i1p1f1,1952,09,01,0.0,25.850264,9.797024,1952
975,r4i1p1f1,1952,09,02,0.0,26.034864,10.654674,1952
976,r4i1p1f1,1952,09,03,0.0,25.748087,11.1913395,1952
977,r4i1p1f1,1952,09,04,0.0,25.678865,11.56257,1952
978,r4i1p1f1,1952,09,05,0.0,26.410137,10.598815,1952
979,r4i1p1f1,1952,09,06,0.0,26.778727,10.498471,1952
980,r4i1p1f1,1952,09,07,0.0,26.51668,11.562049,1952
981,r4i1p1f1,1952,09,08,0.0,26.08001,10.522872,1952
982,r4i1p1f1,1952,09,09,0.0,25.345253,9.371675,1952
983,r4i1p1f1,1952,09,10,0.0,26.758394,10.43029,1952
984,r4i1p1f1,1952,09,11,0.0,26.226543,11.135051,1952
985,r4i1p1f1,1952,09,12,0.0,24.509268,10.708273,1952
986,r4i1p1f1,1952,09,13,2.5633160004699636,23.24064,10.612264,1952
987,r4i1p1f1,1952,09,14,0.46279107732619307,24.363039,8.0106,1952
988,r4i1p1f1,1952,09,15,0.0,25.71787,9.181986,1952
989,r4i1p1f1,1952,09,16,0.0,27.212858,9.85296,1952
990,r4i1p1f1,1952,09,17,0.0,26.581755,10.480593,1952
991,r4i1p1f1,1952,09,18,0.0,25.801176,10.921248,1952
992,r4i1p1f1,1952,09,19,0.0,24.818624,10.51194,1952
993,r4i1p1f1,1952,09,20,0.0,20.73888,8.103674,1952
994,r4i1p1f1,1952,09,21,0.0,16.456095,0.9597551,1952
995,r4i1p1f1,1952,09,22,0.0,10.950825,-3.8123388,1952
996,r4i1p1f1,1952,09,23,0.0,12.4675455,-2.2027867,1952
997,r4i1p1f1,1952,09,24,0.0,13.892146,-0.59959686,1952
998,r4i1p1f1,1952,09,25,0.0,16.716667,1.2905115,1952
999,r4i1p1f1,1952,09,26,0.0,19.731497,3.6051896,1952
1000,r4i1p1f1,1952,09,27,0.0,21.445349,4.753282,1952
1001,r4i1p1f1,1952,09,28,0.0,22.238876,5.727426,1952
1002,r4i1p1f1,1952,09,29,0.0,21.598303,6.8306074,1952
1003,r4i1p1f1,1952,09,30,0.0,20.739357,5.1476865,1952
1004,r4i1p1f1,1952,10,01,0.0,19.95433,5.118568,1952
1005,r4i1p1f1,1952,10,02,0.0,21.367592,4.8928256,1952
1006,r4i1p1f1,1952,10,03,0.0,22.195868,6.6528096,1952
1007,r4i1p1f1,1952,10,04,0.0,21.851158,6.488676,1952
1008,r4i1p1f1,1952,10,05,0.0,21.234167,5.2005506,1952
1009,r4i1p1f1,1952,10,06,0.0,21.622686,7.119395,1952
1010,r4i1p1f1,1952,10,07,0.0,21.067423,7.9045177,1952
1011,r4i1p1f1,1952,10,08,0.0,21.481821,6.388803,1952
1012,r4i1p1f1,1952,10,09,0.0,23.244774,5.879413,1952
1013,r4i1p1f1,1952,10,10,0.0,23.44964,7.8518777,1952
1014,r4i1p1f1,1952,10,11,0.0,22.875307,9.451432,1952
1015,r4i1p1f1,1952,10,12,0.0,19.143476,5.145225,1952
1016,r4i1p1f1,1952,10,13,0.0,17.117363,3.5287838,1952
1017,r4i1p1f1,1952,10,14,1.3068083112331015,16.664215,5.665483,1952
1018,r4i1p1f1,1952,10,15,0.07672532627284495,14.865814,-0.40051,1952
1019,r4i1p1f1,1952,10,16,0.0,13.817829,0.5975207,1952
1020,r4i1p1f1,1952,10,17,0.0,17.644215,1.7192386,1952
1021,r4i1p1f1,1952,10,18,0.0,18.655418,4.978053,1952
1022,r4i1p1f1,1952,10,19,0.0,17.715181,4.7810497,1952
1023,r4i1p1f1,1952,10,20,0.0,16.192633,-0.05869421,1952
1024,r4i1p1f1,1952,10,21,0.0,17.44937,3.2707412,1952
1025,r4i1p1f1,1952,10,22,0.17784800259328612,16.286983,3.6231413,1952
1026,r4i1p1f1,1952,10,23,0.15174953809679104,10.835796,-2.2940135,1952
1027,r4i1p1f1,1952,10,24,0.0,11.572552,-3.691608,1952
1028,r4i1p1f1,1952,10,25,0.0,14.908682,-0.7071201,1952
1029,r4i1p1f1,1952,10,26,0.0,16.91708,0.8078482,1952
1030,r4i1p1f1,1952,10,27,0.0,17.831326,2.2874005,1952
1031,r4i1p1f1,1952,10,28,0.015205282355001307,18.382318,3.0589428,1952
1032,r4i1p1f1,1952,10,29,0.0,18.211895,4.52164,1952
1033,r4i1p1f1,1952,10,30,0.1797655126597728,15.783752,2.7147388,1952
1034,r4i1p1f1,1952,10,31,0.029249300856809067,12.566204,1.1990687,1952
1035,r4i1p1f1,1952,11,01,0.0,13.884879,0.14258704,1952
1036,r4i1p1f1,1952,11,02,0.0,15.550822,0.8011287,1952
1037,r4i1p1f1,1952,11,03,0.0,15.057312,1.3550867,1952
1038,r4i1p1f1,1952,11,04,0.0,15.556499,1.2609576,1952
1039,r4i1p1f1,1952,11,05,0.0,17.395548,2.774917,1952
1040,r4i1p1f1,1952,11,06,0.0,17.34334,3.5810952,1952
1041,r4i1p1f1,1952,11,07,0.0,17.457865,2.3867707,1952
1042,r4i1p1f1,1952,11,08,0.0,19.043886,2.7129154,1952
1043,r4i1p1f1,1952,11,09,0.0,19.407696,2.403322,1952
1044,r4i1p1f1,1952,11,10,0.0,19.63894,4.162961,1952
1045,r4i1p1f1,1952,11,11,0.0,17.31284,3.093066,1952
1046,r4i1p1f1,1952,11,12,0.0,18.529564,2.270244,1952
1047,r4i1p1f1,1952,11,13,0.0,19.826126,4.084636,1952
1048,r4i1p1f1,1952,11,14,0.0,18.392014,5.5705204,1952
1049,r4i1p1f1,1952,11,15,0.0,16.449717,3.1090431,1952
1050,r4i1p1f1,1952,11,16,0.0,12.291469,-0.6845268,1952
1051,r4i1p1f1,1952,11,17,0.0,10.451192,-2.8871949,1952
1052,r4i1p1f1,1952,11,18,0.0,8.782197,-4.609248,1952
1053,r4i1p1f1,1952,11,19,8.163542463747063,9.01067,-1.9670805,1952
1054,r4i1p1f1,1952,11,20,6.94257565789168,0.5297304,-11.089697,1952
1055,r4i1p1f1,1952,11,21,7.586685130555694,-2.4644845,-10.208986,1952
1056,r4i1p1f1,1952,11,22,0.0,5.4464097,-13.581792,1952
1057,r4i1p1f1,1952,11,23,0.0,6.055529,-8.629239,1952
1058,r4i1p1f1,1952,11,24,0.0,7.3135705,-10.73562,1952
1059,r4i1p1f1,1952,11,25,3.7652102524292976,4.7631283,-5.9292192,1952
1060,r4i1p1f1,1952,11,26,0.5224747738929474,-0.7644968,-12.62678,1952
1061,r4i1p1f1,1952,11,27,0.0,7.6085567,-11.400953,1952
1062,r4i1p1f1,1952,11,28,0.0,10.343841,-7.8868647,1952
1063,r4i1p1f1,1952,11,29,0.0,10.146401,-5.0738993,1952
1064,r4i1p1f1,1952,11,30,0.0,11.35417,-6.7220144,1952
1065,r4i1p1f1,1952,12,01,0.0,10.191001,-0.7468036,1952
1066,r4i1p1f1,1952,12,02,37.08218175294173,5.865177,-2.780917,1952
1067,r4i1p1f1,1952,12,03,26.715591427610924,5.376698,-1.7529985,1952
1068,r4i1p1f1,1952,12,04,0.2943284415115607,7.30865,-4.0976567,1952
1069,r4i1p1f1,1952,12,05,0.0,9.107657,-6.1260104,1952
1070,r4i1p1f1,1952,12,06,0.0,8.87076,-4.805002,1952
1071,r4i1p1f1,1952,12,07,0.0,8.137858,-2.8226097,1952
1072,r4i1p1f1,1952,12,08,0.0,8.636321,-4.748933,1952
1073,r4i1p1f1,1952,12,09,1.514835476162393,5.8050957,-4.9626837,1952
1074,r4i1p1f1,1952,12,10,0.0,3.838121,-6.936968,1952
1075,r4i1p1f1,1952,12,11,0.0,3.239863,-10.804983,1952
1076,r4i1p1f1,1952,12,12,0.8661412267194538,2.937169,-6.8207674,1952
1077,r4i1p1f1,1952,12,13,48.325219300704084,0.42487857,-7.0406704,1952
1078,r4i1p1f1,1952,12,14,5.696659601644199,-2.657484,-9.455997,1952
1079,r4i1p1f1,1952,12,15,0.0,-2.9898548,-13.652901,1952
1080,r4i1p1f1,1952,12,16,0.0,-2.3732529,-13.407236,1952
1081,r4i1p1f1,1952,12,17,0.0,-1.457628,-14.316256,1952
1082,r4i1p1f1,1952,12,18,0.04884152208988653,1.5839859,-9.175812,1952
1083,r4i1p1f1,1952,12,19,0.0,4.417161,-8.762096,1952
1084,r4i1p1f1,1952,12,20,45.67060753796882,1.5104704,-4.866421,1952
1085,r4i1p1f1,1952,12,21,67.51256263604161,3.442988,-3.9947686,1952
1086,r4i1p1f1,1952,12,22,34.38107700411618,1.5975367,-4.576771,1952
1087,r4i1p1f1,1952,12,23,0.0,3.477715,-9.584139,1952
1088,r4i1p1f1,1952,12,24,16.271764707906442,0.6661469,-6.1057405,1952
1089,r4i1p1f1,1952,12,25,58.641065589923464,4.3430357,-2.872583,1952
1090,r4i1p1f1,1952,12,26,0.3582028442857064,3.1893885,-6.7464867,1952
1091,r4i1p1f1,1952,12,27,0.0,0.057315327,-11.628482,1952
1092,r4i1p1f1,1952,12,28,0.0,-0.40739718,-11.722539,1952
1093,r4i1p1f1,1952,12,29,0.0,2.4895048,-9.465647,1952
1094,r4i1p1f1,1952,12,30,0.06419106410833168,2.3471239,-9.42441,1952
1095,r4i1p1f1,1952,12,31,0.0,5.726392,-5.5976386,1952
1096,r4i1p1f1,1953,01,01,0.0,7.7618937,-4.037485,1953
1097,r4i1p1f1,1953,01,02,0.0,10.163342,-2.6977737,1953
1098,r4i1p1f1,1953,01,03,0.0,8.959775,-3.0545878,1953
1099,r4i1p1f1,1953,01,04,0.0,7.3254266,-4.2112765,1953
1100,r4i1p1f1,1953,01,05,0.31553374098715786,8.375126,-5.299174,1953
1101,r4i1p1f1,1953,01,06,11.372730852635703,3.067372,-3.3524854,1953
1102,r4i1p1f1,1953,01,07,0.0,6.5023026,-4.945731,1953
1103,r4i1p1f1,1953,01,08,0.0,7.8760476,-3.4446554,1953
1104,r4i1p1f1,1953,01,09,0.05447788525381172,6.7138886,-3.9774647,1953
1105,r4i1p1f1,1953,01,10,2.4257159341830965,4.3376155,-3.678232,1953
1106,r4i1p1f1,1953,01,11,36.593408909483024,3.9629009,-3.2948048,1953
1107,r4i1p1f1,1953,01,12,10.556692850003778,2.113679,-5.0462,1953
1108,r4i1p1f1,1953,01,13,0.0,4.8612037,-2.6636498,1953
1109,r4i1p1f1,1953,01,14,0.0,5.369778,-6.003496,1953
1110,r4i1p1f1,1953,01,15,0.5534456211987834,4.2863045,-7.3826723,1953
1111,r4i1p1f1,1953,01,16,9.888196453121301,6.72119,-1.0380397,1953
1112,r4i1p1f1,1953,01,17,0.0,8.771394,-2.528565,1953
1113,r4i1p1f1,1953,01,18,0.0,10.366866,-2.6418774,1953
1114,r4i1p1f1,1953,01,19,0.02473693212979669,8.708346,-1.441796,1953
1115,r4i1p1f1,1953,01,20,0.01214648422056059,9.761124,-1.8370315,1953
1116,r4i1p1f1,1953,01,21,0.0,12.243309,-0.3640114,1953
1117,r4i1p1f1,1953,01,22,0.0,14.225689,1.6081375,1953
1118,r4i1p1f1,1953,01,23,0.0,15.210452,1.6288112,1953
1119,r4i1p1f1,1953,01,24,0.0,14.933844,0.7135983,1953
1120,r4i1p1f1,1953,01,25,0.06185955617554318,12.858808,1.5983117,1953
1121,r4i1p1f1,1953,01,26,0.0,9.636006,-0.78136563,1953
1122,r4i1p1f1,1953,01,27,34.81303266180064,6.6190906,0.3436282,1953
1123,r4i1p1f1,1953,01,28,20.190663528112417,4.213116,-6.09774,1953
1124,r4i1p1f1,1953,01,29,0.0,8.318262,-4.7329645,1953
1125,r4i1p1f1,1953,01,30,0.0,15.013095,-1.0995022,1953
1126,r4i1p1f1,1953,01,31,0.0028927650270910883,13.268807,1.9620355,1953
1127,r4i1p1f1,1953,02,01,0.003511292545959286,9.359739,-0.62479335,1953
1128,r4i1p1f1,1953,02,02,0.018871054697936672,8.320938,-3.3972063,1953
1129,r4i1p1f1,1953,02,03,0.0,10.63763,-1.3973129,1953
1130,r4i1p1f1,1953,02,04,0.0,9.276935,0.7822017,1953
1131,r4i1p1f1,1953,02,05,0.0,8.709806,-2.713456,1953
1132,r4i1p1f1,1953,02,06,0.0,10.975528,-2.5380971,1953
1133,r4i1p1f1,1953,02,07,0.0,13.172637,-0.3724504,1953
1134,r4i1p1f1,1953,02,08,0.0,12.052544,-0.491151,1953
1135,r4i1p1f1,1953,02,09,0.0,10.679546,-1.5589459,1953
1136,r4i1p1f1,1953,02,10,0.0,10.63309,-2.899948,1953
1137,r4i1p1f1,1953,02,11,0.0,9.846848,-2.825548,1953
1138,r4i1p1f1,1953,02,12,0.0,8.682477,-3.0509424,1953
1139,r4i1p1f1,1953,02,13,0.0,7.1795106,-1.0099428,1953
1140,r4i1p1f1,1953,02,14,0.0,10.764705,-3.5833142,1953
1141,r4i1p1f1,1953,02,15,0.0,11.83008,-2.5693853,1953
1142,r4i1p1f1,1953,02,16,0.0,10.7861805,-1.5690653,1953
1143,r4i1p1f1,1953,02,17,0.7267499553324848,6.71529,-3.8183177,1953
1144,r4i1p1f1,1953,02,18,0.056972671692942824,7.563852,-6.3164787,1953
1145,r4i1p1f1,1953,02,19,0.0,9.213608,-4.9040527,1953
1146,r4i1p1f1,1953,02,20,0.0,9.2877245,-3.58333,1953
1147,r4i1p1f1,1953,02,21,0.0,9.90945,-2.9347827,1953
1148,r4i1p1f1,1953,02,22,0.0,11.322356,-3.0618458,1953
1149,r4i1p1f1,1953,02,23,0.0,12.91166,-1.0533984,1953
1150,r4i1p1f1,1953,02,24,0.0,12.812519,-0.79989594,1953
1151,r4i1p1f1,1953,02,25,0.0,11.924416,0.5178901,1953
1152,r4i1p1f1,1953,02,26,0.0,11.067883,-3.4469216,1953
1153,r4i1p1f1,1953,02,27,0.0,12.110925,-0.69822025,1953
1154,r4i1p1f1,1953,02,28,0.0,10.640613,-1.298357,1953
1155,r4i1p1f1,1953,03,01,0.0,9.297383,-2.1318383,1953
1156,r4i1p1f1,1953,03,02,27.335007331382517,6.598831,-4.87358,1953
1157,r4i1p1f1,1953,03,03,57.65990282923017,2.451089,-3.6118224,1953
1158,r4i1p1f1,1953,03,04,37.663371680326534,0.2936264,-6.902482,1953
1159,r4i1p1f1,1953,03,05,0.0,7.6060686,-7.4606085,1953
1160,r4i1p1f1,1953,03,06,0.0,9.900211,-3.9136703,1953
1161,r4i1p1f1,1953,03,07,0.0,11.040641,-3.8447304,1953
1162,r4i1p1f1,1953,03,08,7.694367097004061,6.742763,-4.0521016,1953
1163,r4i1p1f1,1953,03,09,0.7965382700283098,1.4229879,-7.8170505,1953
1164,r4i1p1f1,1953,03,10,22.818275926528262,-2.5042777,-14.24218,1953
1165,r4i1p1f1,1953,03,11,2.538113605505426,-2.9391673,-11.05155,1953
1166,r4i1p1f1,1953,03,12,0.008408908378775337,1.6667778,-12.013447,1953
1167,r4i1p1f1,1953,03,13,0.0,4.598636,-10.546255,1953
1168,r4i1p1f1,1953,03,14,0.0,4.8918953,-10.205637,1953
1169,r4i1p1f1,1953,03,15,23.20496115322031,0.57668465,-9.00574,1953
1170,r4i1p1f1,1953,03,16,10.122444500253279,-6.658995,-16.437521,1953
1171,r4i1p1f1,1953,03,17,5.3654231805139965,-6.9866343,-15.063128,1953
1172,r4i1p1f1,1953,03,18,0.0,-1.6009406,-19.25653,1953
1173,r4i1p1f1,1953,03,19,0.0,1.64974,-17.141356,1953
1174,r4i1p1f1,1953,03,20,0.0,4.5842457,-12.160771,1953
1175,r4i1p1f1,1953,03,21,0.9584428861231424,2.5140288,-9.486975,1953
1176,r4i1p1f1,1953,03,22,1.3985656120717458,2.5279403,-10.188171,1953
1177,r4i1p1f1,1953,03,23,0.0,9.290146,-7.8208456,1953
1178,r4i1p1f1,1953,03,24,0.0,8.803841,-6.8386626,1953
1179,r4i1p1f1,1953,03,25,0.0,9.379867,-5.3901677,1953
1180,r4i1p1f1,1953,03,26,0.0,12.635869,-3.6320884,1953
1181,r4i1p1f1,1953,03,27,0.0,15.063282,-1.3636982,1953
1182,r4i1p1f1,1953,03,28,0.01947183261532758,14.29608,1.8346775,1953
1183,r4i1p1f1,1953,03,29,1.031562854958015,9.3883505,-1.6794193,1953
1184,r4i1p1f1,1953,03,30,0.0,11.383993,-4.306185,1953
1185,r4i1p1f1,1953,03,31,0.0,14.06072,-2.6306844,1953
1186,r4i1p1f1,1953,04,01,0.0,15.188594,-1.3333268,1953
1187,r4i1p1f1,1953,04,02,0.0,16.962654,0.34610316,1953
1188,r4i1p1f1,1953,04,03,0.0,16.350103,1.5969976,1953
1189,r4i1p1f1,1953,04,04,0.0,16.788069,0.71516854,1953
1190,r4i1p1f1,1953,04,05,0.0,16.86957,2.5703743,1953
1191,r4i1p1f1,1953,04,06,0.0,15.560824,1.282589,1953
1192,r4i1p1f1,1953,04,07,1.3504959438156154,11.440124,-3.4333425,1953
1193,r4i1p1f1,1953,04,08,0.0,3.405502,-8.750788,1953
1194,r4i1p1f1,1953,04,09,0.0,4.2785635,-8.585263,1953
1195,r4i1p1f1,1953,04,10,0.0,9.031227,-5.795674,1953
1196,r4i1p1f1,1953,04,11,0.0,10.8471775,-4.134969,1953
1197,r4i1p1f1,1953,04,12,0.0,12.999541,-3.141764,1953
1198,r4i1p1f1,1953,04,13,0.0,16.381117,-1.0896002,1953
1199,r4i1p1f1,1953,04,14,0.0,19.375374,3.7913122,1953
1200,r4i1p1f1,1953,04,15,0.0,18.600082,6.9290557,1953
1201,r4i1p1f1,1953,04,16,0.0,16.601643,0.7738976,1953
1202,r4i1p1f1,1953,04,17,23.274047564998547,4.9862103,-4.651917,1953
1203,r4i1p1f1,1953,04,18,13.341123527400534,-1.5526692,-12.577223,1953
1204,r4i1p1f1,1953,04,19,0.0,5.1635265,-9.633124,1953
1205,r4i1p1f1,1953,04,20,0.0,10.913293,-4.4329915,1953
1206,r4i1p1f1,1953,04,21,0.0,13.009147,-2.146882,1953
1207,r4i1p1f1,1953,04,22,0.40853236715845437,13.28971,0.45967978,1953
1208,r4i1p1f1,1953,04,23,0.0,16.84633,0.5913525,1953
1209,r4i1p1f1,1953,04,24,0.0,16.363409,2.4774036,1953
1210,r4i1p1f1,1953,04,25,7.131500640846904,11.759317,-0.045718163,1953
1211,r4i1p1f1,1953,04,26,4.381051591545611,7.5633726,-4.7480226,1953
1212,r4i1p1f1,1953,04,27,0.0,11.767982,-1.7449263,1953
1213,r4i1p1f1,1953,04,28,0.0,11.869552,-0.39244515,1953
1214,r4i1p1f1,1953,04,29,1.8971802620049298,6.173381,-1.5122015,1953
1215,r4i1p1f1,1953,04,30,22.11014192390184,2.350436,-8.275985,1953
1216,r4i1p1f1,1953,05,01,0.21342089970841607,3.839741,-10.052662,1953
1217,r4i1p1f1,1953,05,02,0.0,8.7091465,-5.3209853,1953
1218,r4i1p1f1,1953,05,03,7.064737223990302,5.8999186,-6.4433026,1953
1219,r4i1p1f1,1953,05,04,0.020824664053628306,4.5113134,-8.083693,1953
1220,r4i1p1f1,1953,05,05,0.19299162029142794,8.746259,-4.133988,1953
1221,r4i1p1f1,1953,05,06,0.0,12.11968,-2.9023263,1953
1222,r4i1p1f1,1953,05,07,0.0,13.072432,-1.2787274,1953
1223,r4i1p1f1,1953,05,08,0.0,15.732341,0.95764804,1953
1224,r4i1p1f1,1953,05,09,0.0,16.471268,1.8679506,1953
1225,r4i1p1f1,1953,05,10,0.0,15.493721,2.4788475,1953
1226,r4i1p1f1,1953,05,11,0.0,14.06176,0.9917549,1953
1227,r4i1p1f1,1953,05,12,1.9182413579078024,11.050571,-0.1678078,1953
1228,r4i1p1f1,1953,05,13,2.644959934505137,9.47159,-2.4911232,1953
1229,r4i1p1f1,1953,05,14,0.0,12.721081,-2.5360582,1953
1230,r4i1p1f1,1953,05,15,0.0,13.178088,-0.12095967,1953
1231,r4i1p1f1,1953,05,16,0.0,15.621308,0.568186,1953
1232,r4i1p1f1,1953,05,17,0.0,14.964022,1.4468734,1953
1233,r4i1p1f1,1953,05,18,0.0,14.213009,0.40808168,1953
1234,r4i1p1f1,1953,05,19,1.1828659285956293,13.409997,-0.0060194195,1953
1235,r4i1p1f1,1953,05,20,0.0,13.034702,1.1265043,1953
1236,r4i1p1f1,1953,05,21,0.0,14.251967,0.18962394,1953
1237,r4i1p1f1,1953,05,22,0.29420276498790765,14.224307,1.7532598,1953
1238,r4i1p1f1,1953,05,23,0.0,15.807361,1.4502133,1953
1239,r4i1p1f1,1953,05,24,0.0,16.004417,2.0767784,1953
1240,r4i1p1f1,1953,05,25,0.0,18.472769,3.016501,1953
1241,r4i1p1f1,1953,05,26,0.0,17.503155,4.27408,1953
1242,r4i1p1f1,1953,05,27,0.0,17.911358,3.3699255,1953
1243,r4i1p1f1,1953,05,28,0.0,19.154915,4.4267864,1953
1244,r4i1p1f1,1953,05,29,0.0,18.798872,4.512701,1953
1245,r4i1p1f1,1953,05,30,0.0,17.52838,4.7867227,1953
1246,r4i1p1f1,1953,05,31,0.0,16.25596,1.4795201,1953
1247,r4i1p1f1,1953,06,01,0.0,17.30929,1.7741446,1953
1248,r4i1p1f1,1953,06,02,0.0,20.555868,4.084706,1953
1249,r4i1p1f1,1953,06,03,0.0,22.923378,6.3551836,1953
1250,r4i1p1f1,1953,06,04,0.0,21.976412,6.8730316,1953
1251,r4i1p1f1,1953,06,05,0.0,20.189371,6.879883,1953
1252,r4i1p1f1,1953,06,06,0.0,19.460579,5.581752,1953
1253,r4i1p1f1,1953,06,07,0.3412512376508359,18.85692,4.549452,1953
1254,r4i1p1f1,1953,06,08,0.1789162196099128,20.164873,5.2725086,1953
1255,r4i1p1f1,1953,06,09,1.4524897632100993,21.394558,6.229422,1953
1256,r4i1p1f1,1953,06,10,0.0,17.315344,5.2480955,1953
1257,r4i1p1f1,1953,06,11,0.0,16.216707,4.3666463,1953
1258,r4i1p1f1,1953,06,12,1.921892273788122,12.882001,0.99186254,1953
1259,r4i1p1f1,1953,06,13,3.354077846663493,11.141004,2.229136,1953
1260,r4i1p1f1,1953,06,14,0.0,15.646882,3.4565458,1953
1261,r4i1p1f1,1953,06,15,0.0,16.076937,2.8333187,1953
1262,r4i1p1f1,1953,06,16,0.0,14.960016,3.1208062,1953
1263,r4i1p1f1,1953,06,17,0.0,14.591809,-0.26274848,1953
1264,r4i1p1f1,1953,06,18,0.0,19.404068,3.153129,1953
1265,r4i1p1f1,1953,06,19,0.0,21.02113,5.833869,1953
1266,r4i1p1f1,1953,06,20,0.0,23.48223,6.757158,1953
1267,r4i1p1f1,1953,06,21,0.0,23.774557,8.07881,1953
1268,r4i1p1f1,1953,06,22,0.0,23.546297,9.022765,1953
1269,r4i1p1f1,1953,06,23,0.0,23.30231,8.044914,1953
1270,r4i1p1f1,1953,06,24,0.0,22.846252,7.143245,1953
1271,r4i1p1f1,1953,06,25,0.0,21.587976,7.7298117,1953
1272,r4i1p1f1,1953,06,26,0.0,18.760464,3.8967435,1953
1273,r4i1p1f1,1953,06,27,0.0,18.941618,4.248876,1953
1274,r4i1p1f1,1953,06,28,0.0,21.980858,5.8281803,1953
1275,r4i1p1f1,1953,06,29,0.0,21.54561,7.386261,1953
1276,r4i1p1f1,1953,06,30,0.0,19.949232,7.7495117,1953
1277,r4i1p1f1,1953,07,01,0.0,18.223751,5.3185916,1953
1278,r4i1p1f1,1953,07,02,9.658619651767927e-05,21.666586,5.6732707,1953
1279,r4i1p1f1,1953,07,03,0.0,25.735119,8.89544,1953
1280,r4i1p1f1,1953,07,04,0.0,26.286018,11.073797,1953
1281,r4i1p1f1,1953,07,05,0.0016330537999740078,25.183918,10.676813,1953
1282,r4i1p1f1,1953,07,06,0.0,25.02672,10.05619,1953
1283,r4i1p1f1,1953,07,07,0.04303088661639348,24.021034,11.038837,1953
1284,r4i1p1f1,1953,07,08,0.032209953699406865,23.409733,9.212433,1953
1285,r4i1p1f1,1953,07,09,1.6599930447758844,23.24513,9.272775,1953
1286,r4i1p1f1,1953,07,10,0.6731174485785603,23.920465,9.104474,1953
1287,r4i1p1f1,1953,07,11,0.8591968232456451,24.3953,9.125366,1953
1288,r4i1p1f1,1953,07,12,1.3391645072162104,24.154606,10.486698,1953
1289,r4i1p1f1,1953,07,13,1.2474508582910273,23.288774,9.590383,1953
1290,r4i1p1f1,1953,07,14,0.0,24.61663,9.769554,1953
1291,r4i1p1f1,1953,07,15,3.527976746978533,25.270119,10.008862,1953
1292,r4i1p1f1,1953,07,16,3.0068008092062035,22.651833,11.7807,1953
1293,r4i1p1f1,1953,07,17,13.351113127498232,21.23796,11.213973,1953
1294,r4i1p1f1,1953,07,18,2.5657312391130667,19.41531,7.9702225,1953
1295,r4i1p1f1,1953,07,19,0.31979675513208367,20.493595,7.031322,1953
1296,r4i1p1f1,1953,07,20,0.6503821715724202,21.447989,6.5927134,1953
1297,r4i1p1f1,1953,07,21,7.57808645965072,22.023087,8.097753,1953
1298,r4i1p1f1,1953,07,22,1.2416888683384055,17.750452,6.8909936,1953
1299,r4i1p1f1,1953,07,23,3.1663588321870564,19.869778,8.13442,1953
1300,r4i1p1f1,1953,07,24,1.3820163959021494,20.08031,6.347936,1953
1301,r4i1p1f1,1953,07,25,0.3100841094949651,20.216013,6.0270395,1953
1302,r4i1p1f1,1953,07,26,0.0029342402917400374,21.177374,6.795381,1953
1303,r4i1p1f1,1953,07,27,0.0,22.815725,7.827637,1953
1304,r4i1p1f1,1953,07,28,0.0,23.361515,9.235876,1953
1305,r4i1p1f1,1953,07,29,0.0,24.310055,8.728504,1953
1306,r4i1p1f1,1953,07,30,0.0,25.034782,9.060147,1953
1307,r4i1p1f1,1953,07,31,0.0,24.710949,11.010099,1953
1308,r4i1p1f1,1953,08,01,0.0,26.076189,10.123841,1953
1309,r4i1p1f1,1953,08,02,0.0031916465143682605,26.183588,10.616823,1953
1310,r4i1p1f1,1953,08,03,0.167698974140587,25.071863,12.26403,1953
1311,r4i1p1f1,1953,08,04,0.6900191465624486,23.253094,9.931364,1953
1312,r4i1p1f1,1953,08,05,0.0003746653826932562,24.498222,9.674287,1953
1313,r4i1p1f1,1953,08,06,0.0,23.895796,8.518358,1953
1314,r4i1p1f1,1953,08,07,0.0,22.630348,8.307552,1953
1315,r4i1p1f1,1953,08,08,0.0,22.697598,7.4433703,1953
1316,r4i1p1f1,1953,08,09,0.0,24.90148,8.023944,1953
1317,r4i1p1f1,1953,08,10,0.0,25.868979,9.299755,1953
1318,r4i1p1f1,1953,08,11,0.0,25.06708,11.291009,1953
1319,r4i1p1f1,1953,08,12,0.4717589304793644,20.90707,10.914912,1953
1320,r4i1p1f1,1953,08,13,1.3448409770890108,20.82679,8.932279,1953
1321,r4i1p1f1,1953,08,14,3.647414601069856,23.046488,8.009185,1953
1322,r4i1p1f1,1953,08,15,3.9798580978344225,23.155676,10.381126,1953
1323,r4i1p1f1,1953,08,16,8.107540560646092,22.239862,11.000825,1953
1324,r4i1p1f1,1953,08,17,2.033585625180652,21.390076,8.280913,1953
1325,r4i1p1f1,1953,08,18,0.05809967060568395,21.423967,7.408618,1953
1326,r4i1p1f1,1953,08,19,0.0,20.13457,7.2537327,1953
1327,r4i1p1f1,1953,08,20,0.0,19.164833,6.178276,1953
1328,r4i1p1f1,1953,08,21,0.0,16.94349,3.398117,1953
1329,r4i1p1f1,1953,08,22,0.0,18.580376,3.2537475,1953
1330,r4i1p1f1,1953,08,23,0.0,19.429743,4.7349305,1953
1331,r4i1p1f1,1953,08,24,0.0,20.612736,5.411882,1953
1332,r4i1p1f1,1953,08,25,0.0,20.155056,5.962063,1953
1333,r4i1p1f1,1953,08,26,0.0,17.129793,5.3436537,1953
1334,r4i1p1f1,1953,08,27,0.0,16.587852,4.42574,1953
1335,r4i1p1f1,1953,08,28,0.0,16.435806,0.5043347,1953
1336,r4i1p1f1,1953,08,29,0.0,15.702283,0.2755934,1953
1337,r4i1p1f1,1953,08,30,5.1020583413385,10.836365,1.6985916,1953
1338,r4i1p1f1,1953,08,31,27.575557206573524,16.230007,6.012115,1953
1339,r4i1p1f1,1953,09,01,1.2176698115030071,20.345367,6.024307,1953
1340,r4i1p1f1,1953,09,02,0.3454982266950076,18.091284,6.065863,1953
1341,r4i1p1f1,1953,09,03,0.002529632776335084,15.558769,2.9328158,1953
1342,r4i1p1f1,1953,09,04,0.0,19.886013,3.3170598,1953
1343,r4i1p1f1,1953,09,05,0.0,22.580135,6.0271564,1953
1344,r4i1p1f1,1953,09,06,0.0,21.71157,8.387004,1953
1345,r4i1p1f1,1953,09,07,0.16534800343582884,19.541492,6.9682546,1953
1346,r4i1p1f1,1953,09,08,0.0,21.083513,6.942555,1953
1347,r4i1p1f1,1953,09,09,0.0,22.360645,6.647933,1953
1348,r4i1p1f1,1953,09,10,0.0,21.718637,7.4534006,1953
1349,r4i1p1f1,1953,09,11,0.0,19.577408,5.730194,1953
1350,r4i1p1f1,1953,09,12,0.08075761959934923,15.846991,2.5716355,1953
1351,r4i1p1f1,1953,09,13,0.0,13.478985,-2.0386598,1953
1352,r4i1p1f1,1953,09,14,0.0,15.889461,-0.03623334,1953
1353,r4i1p1f1,1953,09,15,0.0,17.07615,1.5741963,1953
1354,r4i1p1f1,1953,09,16,0.0,20.356428,5.1722217,1953
1355,r4i1p1f1,1953,09,17,0.0,21.593138,5.6771345,1953
1356,r4i1p1f1,1953,09,18,0.0,23.353195,5.9113026,1953
1357,r4i1p1f1,1953,09,19,0.0,24.766071,7.712667,1953
1358,r4i1p1f1,1953,09,20,0.0,24.22772,7.869318,1953
1359,r4i1p1f1,1953,09,21,0.0,23.512129,7.585695,1953
1360,r4i1p1f1,1953,09,22,0.0,22.138569,6.879837,1953
1361,r4i1p1f1,1953,09,23,0.0,19.444595,5.20404,1953
1362,r4i1p1f1,1953,09,24,0.08133009468197108,19.210432,4.7413073,1953
1363,r4i1p1f1,1953,09,25,0.0,18.408514,4.2098017,1953
1364,r4i1p1f1,1953,09,26,0.0,17.378458,2.3454804,1953
1365,r4i1p1f1,1953,09,27,0.0,18.517485,3.4133825,1953
1366,r4i1p1f1,1953,09,28,0.0,18.712385,3.985739,1953
1367,r4i1p1f1,1953,09,29,0.0,17.986473,2.929187,1953
1368,r4i1p1f1,1953,09,30,0.0,16.445124,2.7586894,1953
1369,r4i1p1f1,1953,10,01,0.0,13.152077,-1.4855065,1953
1370,r4i1p1f1,1953,10,02,0.0,14.674018,-0.21041828,1953
1371,r4i1p1f1,1953,10,03,0.23767989539639808,15.807839,1.8127962,1953
1372,r4i1p1f1,1953,10,04,0.056367693505143514,14.891129,-1.2518094,1953
1373,r4i1p1f1,1953,10,05,0.0,16.301489,1.9999763,1953
1374,r4i1p1f1,1953,10,06,0.0,16.046497,4.344232,1953
1375,r4i1p1f1,1953,10,07,0.4016590075809282,12.518085,-2.0579734,1953
1376,r4i1p1f1,1953,10,08,0.0,17.414434,0.59749883,1953
1377,r4i1p1f1,1953,10,09,0.0,17.897501,2.7839174,1953
1378,r4i1p1f1,1953,10,10,0.0,15.751091,2.484345,1953
1379,r4i1p1f1,1953,10,11,0.0,18.187159,1.1748414,1953
1380,r4i1p1f1,1953,10,12,0.0,19.621984,3.8696756,1953
1381,r4i1p1f1,1953,10,13,0.0,18.949438,4.197983,1953
1382,r4i1p1f1,1953,10,14,0.0,16.373308,2.763356,1953
1383,r4i1p1f1,1953,10,15,0.0,14.436913,0.9174012,1953
1384,r4i1p1f1,1953,10,16,0.0,16.72292,0.11298229,1953
1385,r4i1p1f1,1953,10,17,0.0,15.715341,1.3392535,1953
1386,r4i1p1f1,1953,10,18,0.0,16.607458,1.3387868,1953
1387,r4i1p1f1,1953,10,19,0.0,19.456614,5.574894,1953
1388,r4i1p1f1,1953,10,20,0.0,18.712683,6.0612187,1953
1389,r4i1p1f1,1953,10,21,0.0,16.683554,4.3585305,1953
1390,r4i1p1f1,1953,10,22,0.0,13.498191,-1.3354373,1953
1391,r4i1p1f1,1953,10,23,0.0,15.691743,0.15708537,1953
1392,r4i1p1f1,1953,10,24,0.0,16.177292,0.6349352,1953
1393,r4i1p1f1,1953,10,25,0.0,15.9765005,1.3437991,1953
1394,r4i1p1f1,1953,10,26,0.0,17.668385,2.7971087,1953
1395,r4i1p1f1,1953,10,27,0.0,18.488014,3.9121022,1953
1396,r4i1p1f1,1953,10,28,0.0,17.26258,5.202481,1953
1397,r4i1p1f1,1953,10,29,3.722689336322367,21.40528,9.068431,1953
1398,r4i1p1f1,1953,10,30,66.62357458549792,7.7332983,1.428994,1953
1399,r4i1p1f1,1953,10,31,6.626660522457783,7.944257,-5.7818108,1953
1400,r4i1p1f1,1953,11,01,0.0,8.960799,-5.4106355,1953
1401,r4i1p1f1,1953,11,02,0.961487698467826,8.003271,-1.3071847,1953
1402,r4i1p1f1,1953,11,03,0.0,7.628562,-6.5360885,1953
1403,r4i1p1f1,1953,11,04,0.0,11.150989,-2.7531247,1953
1404,r4i1p1f1,1953,11,05,0.0,10.741294,-0.66094524,1953
1405,r4i1p1f1,1953,11,06,16.373692379897772,7.698347,-3.7361038,1953
1406,r4i1p1f1,1953,11,07,0.012843192824187827,4.605022,-9.693988,1953
1407,r4i1p1f1,1953,11,08,0.0,8.948809,-7.322448,1953
1408,r4i1p1f1,1953,11,09,0.0,9.828013,-4.434207,1953
1409,r4i1p1f1,1953,11,10,0.0,9.389932,-4.51676,1953
1410,r4i1p1f1,1953,11,11,0.0,9.701212,-4.8050947,1953
1411,r4i1p1f1,1953,11,12,0.0,10.188192,-3.7761877,1953
1412,r4i1p1f1,1953,11,13,0.0,10.088767,-3.0266747,1953
1413,r4i1p1f1,1953,11,14,0.0,11.547782,-4.0599713,1953
1414,r4i1p1f1,1953,11,15,0.0,13.239793,-2.4298444,1953
1415,r4i1p1f1,1953,11,16,0.0,11.609548,-1.5762241,1953
1416,r4i1p1f1,1953,11,17,0.0,11.809019,-2.4783273,1953
1417,r4i1p1f1,1953,11,18,0.0,12.449084,-2.2520888,1953
1418,r4i1p1f1,1953,11,19,0.0,11.869971,-1.8638444,1953
1419,r4i1p1f1,1953,11,20,0.0,8.258378,-4.6274443,1953
1420,r4i1p1f1,1953,11,21,0.0,7.4921136,-5.856145,1953
1421,r4i1p1f1,1953,11,22,0.0,10.126829,-5.2891984,1953
1422,r4i1p1f1,1953,11,23,0.0,11.911441,-3.5755436,1953
1423,r4i1p1f1,1953,11,24,0.0,9.378987,-3.699521,1953
1424,r4i1p1f1,1953,11,25,0.0,9.845415,-2.4714901,1953
1425,r4i1p1f1,1953,11,26,0.013890051877134525,12.303452,-1.2773827,1953
1426,r4i1p1f1,1953,11,27,0.0,14.335615,-0.055833153,1953
1427,r4i1p1f1,1953,11,28,0.0,15.15551,0.7676316,1953
1428,r4i1p1f1,1953,11,29,0.4335348754775047,13.423873,2.5931606,1953
1429,r4i1p1f1,1953,11,30,22.056710931479856,12.168446,4.458769,1953
1430,r4i1p1f1,1953,12,01,25.80960226606125,6.766506,-2.7618215,1953
1431,r4i1p1f1,1953,12,02,5.694532093902254,1.1645569,-7.092917,1953
1432,r4i1p1f1,1953,12,03,5.1775336320611025,2.1691146,-6.707262,1953
1433,r4i1p1f1,1953,12,04,0.0,7.678789,-7.471332,1953
1434,r4i1p1f1,1953,12,05,0.0,10.059006,-5.298703,1953
1435,r4i1p1f1,1953,12,06,0.0,9.910313,-1.8142761,1953
1436,r4i1p1f1,1953,12,07,0.5910629422777679,8.735565,-1.7015623,1953
1437,r4i1p1f1,1953,12,08,18.058490768147156,6.148121,-4.181057,1953
1438,r4i1p1f1,1953,12,09,0.0,0.7759559,-11.420245,1953
1439,r4i1p1f1,1953,12,10,0.0,1.3331833,-15.337105,1953
1440,r4i1p1f1,1953,12,11,0.0,2.9143548,-12.150153,1953
1441,r4i1p1f1,1953,12,12,0.0,5.516216,-8.827747,1953
1442,r4i1p1f1,1953,12,13,0.0,6.892847,-6.2927723,1953
1443,r4i1p1f1,1953,12,14,0.0,9.722577,-7.17991,1953
1444,r4i1p1f1,1953,12,15,0.0,10.097415,-3.044078,1953
1445,r4i1p1f1,1953,12,16,2.154111089207597,6.2304873,-1.8346637,1953
1446,r4i1p1f1,1953,12,17,7.667256094552461,6.4005847,-1.6665529,1953
1447,r4i1p1f1,1953,12,18,39.63992739553517,7.797535,1.0980678,1953
1448,r4i1p1f1,1953,12,19,19.031553593389393,7.7714276,-3.180636,1953
1449,r4i1p1f1,1953,12,20,55.39606504386704,7.159175,-0.6489562,1953
1450,r4i1p1f1,1953,12,21,0.0,4.692949,-5.494752,1953
1451,r4i1p1f1,1953,12,22,0.0,7.3736873,-9.116706,1953
1452,r4i1p1f1,1953,12,23,0.0,7.424797,-4.6325183,1953
1453,r4i1p1f1,1953,12,24,2.353615642891885,6.263829,-1.3553066,1953
1454,r4i1p1f1,1953,12,25,0.0,6.8682337,-4.519325,1953
1455,r4i1p1f1,1953,12,26,0.0,8.405036,-3.2431746,1953
1456,r4i1p1f1,1953,12,27,0.0,9.075905,-6.2136035,1953
1457,r4i1p1f1,1953,12,28,0.0,8.92304,-1.6634265,1953
1458,r4i1p1f1,1953,12,29,0.0,7.690949,-3.273479,1953
1459,r4i1p1f1,1953,12,30,0.28970556886716164,7.056542,-1.1078764,1953
1460,r4i1p1f1,1953,12,31,0.0,8.031829,-2.3701646,1953
1461,r4i1p1f1,1954,01,01,0.0,7.6787977,0.3119185,1954
1462,r4i1p1f1,1954,01,02,29.591752284383443,5.2801037,-1.7292705,1954
1463,r4i1p1f1,1954,01,03,3.3253433468515685,3.7379284,-4.4831867,1954
1464,r4i1p1f1,1954,01,04,22.041555122383848,4.667522,-3.239247,1954
1465,r4i1p1f1,1954,01,05,7.576996444411601,3.267425,-6.5859246,1954
1466,r4i1p1f1,1954,01,06,0.0,2.8996258,-9.41035,1954
1467,r4i1p1f1,1954,01,07,0.0,3.256615,-8.597394,1954
1468,r4i1p1f1,1954,01,08,0.0,7.0510135,-6.6293163,1954
1469,r4i1p1f1,1954,01,09,0.0,9.2666025,-6.914837,1954
1470,r4i1p1f1,1954,01,10,0.0,11.00252,-2.4491537,1954
1471,r4i1p1f1,1954,01,11,0.0,11.991603,-2.398269,1954
1472,r4i1p1f1,1954,01,12,0.0,11.177844,-0.9383334,1954
1473,r4i1p1f1,1954,01,13,0.0,12.044801,-3.7044234,1954
1474,r4i1p1f1,1954,01,14,0.0,11.610754,-2.4676344,1954
1475,r4i1p1f1,1954,01,15,0.0,10.40759,-2.463816,1954
1476,r4i1p1f1,1954,01,16,0.0,8.466555,-3.8363347,1954
1477,r4i1p1f1,1954,01,17,0.21995176888660714,5.6785474,-3.7909634,1954
1478,r4i1p1f1,1954,01,18,0.0,11.05877,-3.5117786,1954
1479,r4i1p1f1,1954,01,19,0.0,10.663029,0.45133695,1954
1480,r4i1p1f1,1954,01,20,0.0,12.828271,0.2624571,1954
1481,r4i1p1f1,1954,01,21,2.3290055643686,9.400641,-2.3765647,1954
1482,r4i1p1f1,1954,01,22,0.6001642499195359,6.5887203,-5.123347,1954
1483,r4i1p1f1,1954,01,23,0.0,9.981882,-3.983263,1954
1484,r4i1p1f1,1954,01,24,0.46741399103859904,8.937597,-2.053613,1954
1485,r4i1p1f1,1954,01,25,0.0,7.657956,-4.2475533,1954
1486,r4i1p1f1,1954,01,26,14.7708259437052,4.650597,-6.3485384,1954
1487,r4i1p1f1,1954,01,27,0.0,1.6091318,-12.180971,1954
1488,r4i1p1f1,1954,01,28,0.0,2.6322107,-10.674023,1954
1489,r4i1p1f1,1954,01,29,0.0,6.660902,-9.591757,1954
1490,r4i1p1f1,1954,01,30,0.0,7.9503984,-3.2940657,1954
1491,r4i1p1f1,1954,01,31,0.0,9.38187,-4.057991,1954
1492,r4i1p1f1,1954,02,01,0.0,9.632673,-4.3482876,1954
1493,r4i1p1f1,1954,02,02,0.0,11.281226,-2.2863114,1954
1494,r4i1p1f1,1954,02,03,0.0,12.362621,-1.4541069,1954
1495,r4i1p1f1,1954,02,04,0.0,11.925455,-1.4803408,1954
1496,r4i1p1f1,1954,02,05,0.0,12.190211,-1.786828,1954
1497,r4i1p1f1,1954,02,06,0.0,11.203001,-1.1442693,1954
1498,r4i1p1f1,1954,02,07,20.7270988066706,8.416647,-1.7059643,1954
1499,r4i1p1f1,1954,02,08,0.0,10.404605,-5.0545483,1954
1500,r4i1p1f1,1954,02,09,0.0,14.349873,-2.0242832,1954
1501,r4i1p1f1,1954,02,10,0.0,13.337753,-0.7330727,1954
1502,r4i1p1f1,1954,02,11,0.0,12.418494,-0.35331327,1954
1503,r4i1p1f1,1954,02,12,0.0,12.007493,-1.1614596,1954
1504,r4i1p1f1,1954,02,13,0.6676278207366493,10.790758,-0.7141921,1954
1505,r4i1p1f1,1954,02,14,8.423303017341789,9.505387,-1.5914296,1954
1506,r4i1p1f1,1954,02,15,14.574767711246544,5.198773,-5.745881,1954
1507,r4i1p1f1,1954,02,16,0.0,6.721333,-8.591785,1954
1508,r4i1p1f1,1954,02,17,0.0,7.059731,-6.125761,1954
1509,r4i1p1f1,1954,02,18,0.0,9.245773,-4.1881948,1954
1510,r4i1p1f1,1954,02,19,0.0,8.588329,-4.301693,1954
1511,r4i1p1f1,1954,02,20,0.0,9.03671,-4.6611514,1954
1512,r4i1p1f1,1954,02,21,1.191547339814014,9.111627,-1.8567154,1954
1513,r4i1p1f1,1954,02,22,17.47995576793876,4.1445274,-6.083125,1954
1514,r4i1p1f1,1954,02,23,0.00014237281297793406,3.4506676,-8.902205,1954
1515,r4i1p1f1,1954,02,24,0.00645449761915225,2.8933837,-8.037306,1954
1516,r4i1p1f1,1954,02,25,1.5462203282236444,0.66806614,-6.9839487,1954
1517,r4i1p1f1,1954,02,26,5.582551070343816,4.257451,-7.8716497,1954
1518,r4i1p1f1,1954,02,27,0.0,9.949343,-3.4108562,1954
1519,r4i1p1f1,1954,02,28,0.33951003593814083,9.008468,-3.5142508,1954
1520,r4i1p1f1,1954,03,01,34.33382151989747,5.320805,-2.236375,1954
1521,r4i1p1f1,1954,03,02,19.42869791732332,4.604197,-5.1640596,1954
1522,r4i1p1f1,1954,03,03,0.0005618548693664254,8.63702,-7.2053027,1954
1523,r4i1p1f1,1954,03,04,0.0,9.070806,-5.440869,1954
1524,r4i1p1f1,1954,03,05,0.021112029609529563,8.716443,-1.332427,1954
1525,r4i1p1f1,1954,03,06,0.0,12.541995,-3.1111078,1954
1526,r4i1p1f1,1954,03,07,0.0,15.3784485,-1.4360778,1954
1527,r4i1p1f1,1954,03,08,0.0,15.963542,1.2563967,1954
1528,r4i1p1f1,1954,03,09,0.0,16.851051,1.253235,1954
1529,r4i1p1f1,1954,03,10,0.0,16.981127,2.6260521,1954
1530,r4i1p1f1,1954,03,11,0.0,16.663542,1.9612123,1954
1531,r4i1p1f1,1954,03,12,0.0,15.400814,1.217793,1954
1532,r4i1p1f1,1954,03,13,0.001949555667844702,15.749482,2.1875696,1954
1533,r4i1p1f1,1954,03,14,0.2050263574873666,15.664669,1.1263344,1954
1534,r4i1p1f1,1954,03,15,0.0,15.452709,1.7554429,1954
1535,r4i1p1f1,1954,03,16,0.7037555141352345,13.566174,-1.4307052,1954
1536,r4i1p1f1,1954,03,17,0.6508262970885992,11.698684,-1.2049699,1954
1537,r4i1p1f1,1954,03,18,0.0033504108511695292,11.726163,-2.5504968,1954
1538,r4i1p1f1,1954,03,19,0.04813817080280984,13.427323,-1.1531404,1954
1539,r4i1p1f1,1954,03,20,0.0,13.6503725,-0.41933182,1954
1540,r4i1p1f1,1954,03,21,0.08023837949848593,11.744909,0.077068344,1954
1541,r4i1p1f1,1954,03,22,13.051927242242643,4.985257,-7.9651895,1954
1542,r4i1p1f1,1954,03,23,0.0,6.7052765,-7.62111,1954
1543,r4i1p1f1,1954,03,24,0.0,9.348091,-5.9119134,1954
1544,r4i1p1f1,1954,03,25,0.0,12.506494,-3.0832055,1954
1545,r4i1p1f1,1954,03,26,0.0,14.2055,-1.7369639,1954
1546,r4i1p1f1,1954,03,27,0.0,13.808978,-0.33211666,1954
1547,r4i1p1f1,1954,03,28,2.8149812331642297,9.386155,-2.9862013,1954
1548,r4i1p1f1,1954,03,29,3.030172268385146,5.9777403,-4.755843,1954
1549,r4i1p1f1,1954,03,30,10.681755209435936,3.5675979,-7.365018,1954
1550,r4i1p1f1,1954,03,31,0.9658724501856357,4.347323,-6.486875,1954
1551,r4i1p1f1,1954,04,01,0.0,7.1257973,-6.588585,1954
1552,r4i1p1f1,1954,04,02,0.7917326420975024,5.3054395,-4.974628,1954
1553,r4i1p1f1,1954,04,03,7.6738129769795895,1.6349936,-9.537966,1954
1554,r4i1p1f1,1954,04,04,0.21569051706586118,6.589568,-9.992091,1954
1555,r4i1p1f1,1954,04,05,0.0,11.006186,-4.985642,1954
1556,r4i1p1f1,1954,04,06,0.0,15.487295,-1.761384,1954
1557,r4i1p1f1,1954,04,07,0.0,14.883233,1.5446496,1954
1558,r4i1p1f1,1954,04,08,0.0,12.843513,-0.45792973,1954
1559,r4i1p1f1,1954,04,09,0.0,11.977182,-3.8096178,1954
1560,r4i1p1f1,1954,04,10,0.2754787694892216,10.325549,-1.1075778,1954
1561,r4i1p1f1,1954,04,11,24.57978999491347,7.6569443,0.8297301,1954
1562,r4i1p1f1,1954,04,12,82.01435852071009,4.8269825,-7.8276587,1954
1563,r4i1p1f1,1954,04,13,0.05795854246804799,4.2299557,-9.841169,1954
1564,r4i1p1f1,1954,04,14,0.0,7.87273,-5.6292167,1954
1565,r4i1p1f1,1954,04,15,0.0,10.141912,-4.878346,1954
1566,r4i1p1f1,1954,04,16,0.0,12.375256,-3.2921839,1954
1567,r4i1p1f1,1954,04,17,0.0,12.7545185,-2.3419256,1954
1568,r4i1p1f1,1954,04,18,0.0,11.213763,-0.17519037,1954
1569,r4i1p1f1,1954,04,19,0.0,9.880515,-1.6434033,1954
1570,r4i1p1f1,1954,04,20,0.0,11.893518,-3.241366,1954
1571,r4i1p1f1,1954,04,21,0.0,13.772687,-1.202587,1954
1572,r4i1p1f1,1954,04,22,0.0,17.0273,-0.033887148,1954
1573,r4i1p1f1,1954,04,23,0.0,17.3786,2.6336458,1954
1574,r4i1p1f1,1954,04,24,0.0,18.899702,2.509168,1954
1575,r4i1p1f1,1954,04,25,0.0,17.158957,3.2845786,1954
1576,r4i1p1f1,1954,04,26,0.0,13.86065,1.212477,1954
1577,r4i1p1f1,1954,04,27,0.0,16.357052,0.54013056,1954
1578,r4i1p1f1,1954,04,28,0.0,17.308966,3.1929026,1954
1579,r4i1p1f1,1954,04,29,0.0,20.005997,5.0108457,1954
1580,r4i1p1f1,1954,04,30,0.0,21.799576,6.102351,1954
1581,r4i1p1f1,1954,05,01,0.0,22.770699,8.509126,1954
1582,r4i1p1f1,1954,05,02,0.0,21.899378,6.937091,1954
1583,r4i1p1f1,1954,05,03,0.0,22.06106,7.4462605,1954
1584,r4i1p1f1,1954,05,04,0.0,21.08265,6.6319,1954
1585,r4i1p1f1,1954,05,05,0.0,15.807682,1.7665106,1954
1586,r4i1p1f1,1954,05,06,0.0,17.28823,2.455418,1954
1587,r4i1p1f1,1954,05,07,0.0,16.935295,4.126943,1954
1588,r4i1p1f1,1954,05,08,0.0,17.64311,3.3842933,1954
1589,r4i1p1f1,1954,05,09,0.0,16.873796,3.31173,1954
1590,r4i1p1f1,1954,05,10,0.0,13.95289,0.40797237,1954
1591,r4i1p1f1,1954,05,11,0.0,16.95147,0.8191808,1954
1592,r4i1p1f1,1954,05,12,0.0,17.05221,3.4865842,1954
1593,r4i1p1f1,1954,05,13,0.04914436135632511,15.889221,2.3358967,1954
1594,r4i1p1f1,1954,05,14,2.1485761281751343,12.863672,4.7238674,1954
1595,r4i1p1f1,1954,05,15,0.7416373294459409,8.57929,-3.0935228,1954
1596,r4i1p1f1,1954,05,16,0.0,11.968936,-2.6609545,1954
1597,r4i1p1f1,1954,05,17,0.0,11.8343935,-1.9249195,1954
1598,r4i1p1f1,1954,05,18,0.0,14.046972,-1.6404698,1954
1599,r4i1p1f1,1954,05,19,0.0,16.443926,0.8316602,1954
1600,r4i1p1f1,1954,05,20,0.0,17.304678,3.6903474,1954
1601,r4i1p1f1,1954,05,21,0.0,16.789547,3.263009,1954
1602,r4i1p1f1,1954,05,22,0.0,19.348679,3.5741782,1954
1603,r4i1p1f1,1954,05,23,0.0,21.38977,5.1899037,1954
1604,r4i1p1f1,1954,05,24,0.0,21.13338,6.307156,1954
1605,r4i1p1f1,1954,05,25,0.0,20.463045,5.186681,1954
1606,r4i1p1f1,1954,05,26,0.3355556597766715,18.894163,5.955463,1954
1607,r4i1p1f1,1954,05,27,1.3578985034190454,18.344498,3.6167164,1954
1608,r4i1p1f1,1954,05,28,3.3969060404428197,17.57455,3.492598,1954
1609,r4i1p1f1,1954,05,29,0.138668585513356,18.47234,4.0554695,1954
1610,r4i1p1f1,1954,05,30,0.416848908411734,19.37192,5.011303,1954
1611,r4i1p1f1,1954,05,31,0.4484917968050661,17.94287,4.437932,1954
1612,r4i1p1f1,1954,06,01,0.8881000820094324,15.586006,4.9959016,1954
1613,r4i1p1f1,1954,06,02,0.0,15.648026,3.3156812,1954
1614,r4i1p1f1,1954,06,03,0.0,15.474681,1.9908296,1954
1615,r4i1p1f1,1954,06,04,0.0,14.6653595,-1.8820765,1954
1616,r4i1p1f1,1954,06,05,0.12395483032147792,11.369469,-0.98263925,1954
1617,r4i1p1f1,1954,06,06,0.7536271183361107,11.722519,2.1124601,1954
1618,r4i1p1f1,1954,06,07,0.6669256040199325,12.048649,0.90263915,1954
1619,r4i1p1f1,1954,06,08,0.01236906290659839,12.88023,-1.4146196,1954
1620,r4i1p1f1,1954,06,09,0.0,10.704348,1.6455948,1954
1621,r4i1p1f1,1954,06,10,0.0,12.863584,1.9563322,1954
1622,r4i1p1f1,1954,06,11,0.0,17.73809,2.0709972,1954
1623,r4i1p1f1,1954,06,12,0.0,22.548483,6.1944985,1954
1624,r4i1p1f1,1954,06,13,0.0,22.836689,7.622159,1954
1625,r4i1p1f1,1954,06,14,0.0,23.757507,10.740909,1954
1626,r4i1p1f1,1954,06,15,0.0481882481704091,23.038607,9.2019825,1954
1627,r4i1p1f1,1954,06,16,0.005060381677983607,22.948185,7.9558167,1954
1628,r4i1p1f1,1954,06,17,0.0,22.864794,8.624166,1954
1629,r4i1p1f1,1954,06,18,0.16710985635580575,20.599968,7.5488534,1954
1630,r4i1p1f1,1954,06,19,0.49452503464709885,18.492752,5.1529346,1954
1631,r4i1p1f1,1954,06,20,0.0007654432023241189,18.948338,3.8536394,1954
1632,r4i1p1f1,1954,06,21,0.0,21.796553,5.755196,1954
1633,r4i1p1f1,1954,06,22,0.0,22.971409,9.550266,1954
1634,r4i1p1f1,1954,06,23,0.0,23.702097,8.20368,1954
1635,r4i1p1f1,1954,06,24,0.0,23.386715,8.872663,1954
1636,r4i1p1f1,1954,06,25,0.0,23.157553,8.957939,1954
1637,r4i1p1f1,1954,06,26,0.18098168470488538,21.60022,7.502683,1954
1638,r4i1p1f1,1954,06,27,1.4897409057833584,20.92518,6.6751156,1954
1639,r4i1p1f1,1954,06,28,0.33867444271314995,23.06895,7.1936984,1954
1640,r4i1p1f1,1954,06,29,0.07222360944901109,22.483213,9.283933,1954
1641,r4i1p1f1,1954,06,30,0.0,21.613113,6.898036,1954
1642,r4i1p1f1,1954,07,01,0.0,20.854483,6.7730374,1954
1643,r4i1p1f1,1954,07,02,0.0,19.385221,5.6265287,1954
1644,r4i1p1f1,1954,07,03,0.0,18.344997,3.8804064,1954
1645,r4i1p1f1,1954,07,04,0.0,17.327303,4.458014,1954
1646,r4i1p1f1,1954,07,05,0.0,19.43616,5.0295563,1954
1647,r4i1p1f1,1954,07,06,0.0,22.068419,6.2791333,1954
1648,r4i1p1f1,1954,07,07,0.0,21.497644,7.6459618,1954
1649,r4i1p1f1,1954,07,08,0.0,21.94469,6.2487187,1954
1650,r4i1p1f1,1954,07,09,0.0,22.847406,6.4531255,1954
1651,r4i1p1f1,1954,07,10,0.0,22.46658,9.984066,1954
1652,r4i1p1f1,1954,07,11,0.01927662482253398,21.890572,8.005425,1954
1653,r4i1p1f1,1954,07,12,0.030400779679558784,22.239504,7.5381474,1954
1654,r4i1p1f1,1954,07,13,0.0,22.51132,8.287717,1954
1655,r4i1p1f1,1954,07,14,0.0,22.458925,8.173295,1954
1656,r4i1p1f1,1954,07,15,0.0,22.083895,8.024407,1954
1657,r4i1p1f1,1954,07,16,0.0,23.245665,7.38074,1954
1658,r4i1p1f1,1954,07,17,0.0,24.41825,8.79207,1954
1659,r4i1p1f1,1954,07,18,0.0,25.077387,9.724384,1954
1660,r4i1p1f1,1954,07,19,0.0,25.028912,9.722272,1954
1661,r4i1p1f1,1954,07,20,0.0,24.363672,9.679638,1954
1662,r4i1p1f1,1954,07,21,0.0,23.243696,9.299177,1954
1663,r4i1p1f1,1954,07,22,0.0,20.712038,6.206633,1954
1664,r4i1p1f1,1954,07,23,0.0,20.943874,5.6601424,1954
1665,r4i1p1f1,1954,07,24,0.0,21.557026,6.440729,1954
1666,r4i1p1f1,1954,07,25,0.0,23.049355,7.013794,1954
1667,r4i1p1f1,1954,07,26,0.0,23.183899,8.909359,1954
1668,r4i1p1f1,1954,07,27,0.0,23.761957,8.481087,1954
1669,r4i1p1f1,1954,07,28,0.0,24.368446,9.108286,1954
1670,r4i1p1f1,1954,07,29,0.0,24.009125,9.91255,1954
1671,r4i1p1f1,1954,07,30,0.0,23.248219,7.6907043,1954
1672,r4i1p1f1,1954,07,31,0.0,22.791374,7.0342402,1954
1673,r4i1p1f1,1954,08,01,0.0,20.866995,7.046988,1954
1674,r4i1p1f1,1954,08,02,0.0,20.567144,5.4952974,1954
1675,r4i1p1f1,1954,08,03,0.0,22.297953,6.367848,1954
1676,r4i1p1f1,1954,08,04,0.0,23.362,7.063703,1954
1677,r4i1p1f1,1954,08,05,0.0,23.2589,8.181909,1954
1678,r4i1p1f1,1954,08,06,0.0,23.03387,7.982365,1954
1679,r4i1p1f1,1954,08,07,0.0,23.242609,7.0020885,1954
1680,r4i1p1f1,1954,08,08,0.0,23.758718,6.8368263,1954
1681,r4i1p1f1,1954,08,09,0.0,24.236616,8.108502,1954
1682,r4i1p1f1,1954,08,10,0.0,25.402817,9.123154,1954
1683,r4i1p1f1,1954,08,11,0.0,24.644978,12.067447,1954
1684,r4i1p1f1,1954,08,12,0.011646919117342867,23.648243,11.660544,1954
1685,r4i1p1f1,1954,08,13,0.0,23.781902,9.508106,1954
1686,r4i1p1f1,1954,08,14,0.0,23.376146,8.562084,1954
1687,r4i1p1f1,1954,08,15,0.0,24.59223,8.941549,1954
1688,r4i1p1f1,1954,08,16,0.0,25.041883,10.192687,1954
1689,r4i1p1f1,1954,08,17,0.0,25.554312,10.569379,1954
1690,r4i1p1f1,1954,08,18,0.0,27.597296,10.27256,1954
1691,r4i1p1f1,1954,08,19,0.0,28.17247,11.487181,1954
1692,r4i1p1f1,1954,08,20,0.0,27.863998,11.582028,1954
1693,r4i1p1f1,1954,08,21,0.0,26.382647,11.496107,1954
1694,r4i1p1f1,1954,08,22,0.0,23.676071,8.950996,1954
1695,r4i1p1f1,1954,08,23,0.0,19.756449,6.6131797,1954
1696,r4i1p1f1,1954,08,24,0.0,20.148338,5.3303947,1954
1697,r4i1p1f1,1954,08,25,0.5113921108788904,21.337831,8.105313,1954
1698,r4i1p1f1,1954,08,26,0.18134554204597123,20.776815,7.6429954,1954
1699,r4i1p1f1,1954,08,27,1.961781244601989e-05,25.96036,9.085396,1954
1700,r4i1p1f1,1954,08,28,1.8719665996504609,25.06684,11.391514,1954
1701,r4i1p1f1,1954,08,29,2.168963651609979,22.224297,9.708738,1954
1702,r4i1p1f1,1954,08,30,2.2493635362430453,22.872044,6.873261,1954
1703,r4i1p1f1,1954,08,31,2.2908159568575943,22.0761,8.854701,1954
1704,r4i1p1f1,1954,09,01,0.07048763528469386,18.160994,6.3614893,1954
1705,r4i1p1f1,1954,09,02,0.0,20.147186,3.7055328,1954
1706,r4i1p1f1,1954,09,03,0.0,22.34548,5.556284,1954
1707,r4i1p1f1,1954,09,04,0.0,23.268482,6.6407275,1954
1708,r4i1p1f1,1954,09,05,0.0,23.986105,7.577395,1954
1709,r4i1p1f1,1954,09,06,0.0,24.476515,9.341925,1954
1710,r4i1p1f1,1954,09,07,0.0,26.720827,10.2233305,1954
1711,r4i1p1f1,1954,09,08,0.0,27.76614,11.0578375,1954
1712,r4i1p1f1,1954,09,09,0.0,28.643856,12.494577,1954
1713,r4i1p1f1,1954,09,10,0.0011244291399881599,27.943724,11.417472,1954
1714,r4i1p1f1,1954,09,11,0.0,27.311657,11.70325,1954
1715,r4i1p1f1,1954,09,12,0.0,26.963686,11.011173,1954
1716,r4i1p1f1,1954,09,13,0.0,25.750238,10.485205,1954
1717,r4i1p1f1,1954,09,14,0.0,23.847378,9.438602,1954
1718,r4i1p1f1,1954,09,15,0.0,23.590252,8.713334,1954
1719,r4i1p1f1,1954,09,16,0.0,24.485435,7.997638,1954
1720,r4i1p1f1,1954,09,17,0.0,24.383488,8.49471,1954
1721,r4i1p1f1,1954,09,18,0.0,24.313995,8.169059,1954
1722,r4i1p1f1,1954,09,19,0.0,24.191235,7.633751,1954
1723,r4i1p1f1,1954,09,20,0.0,23.435234,8.435468,1954
1724,r4i1p1f1,1954,09,21,0.0,22.929462,7.4222574,1954
1725,r4i1p1f1,1954,09,22,0.0,23.747276,7.1240926,1954
1726,r4i1p1f1,1954,09,23,0.0,22.724878,6.608806,1954
1727,r4i1p1f1,1954,09,24,0.0,20.818708,5.7003255,1954
1728,r4i1p1f1,1954,09,25,0.0,18.34235,4.9058166,1954
1729,r4i1p1f1,1954,09,26,0.0,17.02325,3.0056224,1954
1730,r4i1p1f1,1954,09,27,0.0,20.961634,4.4623356,1954
1731,r4i1p1f1,1954,09,28,0.0,22.962515,6.227649,1954
1732,r4i1p1f1,1954,09,29,0.0,23.59408,6.7676682,1954
1733,r4i1p1f1,1954,09,30,0.0,23.014187,6.457851,1954
1734,r4i1p1f1,1954,10,01,0.0,22.515574,6.228576,1954
1735,r4i1p1f1,1954,10,02,0.0,21.572002,7.42196,1954
1736,r4i1p1f1,1954,10,03,0.0,14.978407,-1.0523182,1954
1737,r4i1p1f1,1954,10,04,5.363285014735339,8.33918,-5.226086,1954
1738,r4i1p1f1,1954,10,05,10.577883581203942,0.046195257,-9.6790695,1954
1739,r4i1p1f1,1954,10,06,0.12330648361835486,2.0233276,-9.864058,1954
1740,r4i1p1f1,1954,10,07,0.0,7.2348456,-6.786017,1954
1741,r4i1p1f1,1954,10,08,0.0,12.559126,-2.892027,1954
1742,r4i1p1f1,1954,10,09,0.0,14.648931,-2.088818,1954
1743,r4i1p1f1,1954,10,10,0.0,16.10162,0.53812253,1954
1744,r4i1p1f1,1954,10,11,0.0,19.684204,2.9562807,1954
1745,r4i1p1f1,1954,10,12,0.0,21.776114,5.935048,1954
1746,r4i1p1f1,1954,10,13,0.0,21.424856,5.815624,1954
1747,r4i1p1f1,1954,10,14,0.0,20.903444,5.792909,1954
1748,r4i1p1f1,1954,10,15,0.0,18.880402,3.596735,1954
1749,r4i1p1f1,1954,10,16,0.0,18.432304,3.6741176,1954
1750,r4i1p1f1,1954,10,17,0.0,20.452375,5.1519365,1954
1751,r4i1p1f1,1954,10,18,0.0,21.460146,5.3680043,1954
1752,r4i1p1f1,1954,10,19,0.0,21.883741,7.9049435,1954
1753,r4i1p1f1,1954,10,20,0.0,21.015,6.7973075,1954
1754,r4i1p1f1,1954,10,21,0.0,19.35744,6.751037,1954
1755,r4i1p1f1,1954,10,22,0.030538620711309514,18.297436,6.4946804,1954
1756,r4i1p1f1,1954,10,23,0.0,19.845575,5.785351,1954
1757,r4i1p1f1,1954,10,24,0.0,18.657755,5.3405514,1954
1758,r4i1p1f1,1954,10,25,0.0,21.067099,4.028166,1954
1759,r4i1p1f1,1954,10,26,0.0,18.596071,4.0663857,1954
1760,r4i1p1f1,1954,10,27,0.0,15.632857,1.849257,1954
1761,r4i1p1f1,1954,10,28,0.8650666897854666,18.934004,6.0187488,1954
1762,r4i1p1f1,1954,10,29,13.063351910195747,16.181211,6.6158113,1954
1763,r4i1p1f1,1954,10,30,35.97973470704638,9.676347,-3.3050146,1954
1764,r4i1p1f1,1954,10,31,0.04871628573615387,6.015134,-6.340973,1954
1765,r4i1p1f1,1954,11,01,0.0,10.152062,-4.0941033,1954
1766,r4i1p1f1,1954,11,02,0.0,15.183672,-2.4287612,1954
1767,r4i1p1f1,1954,11,03,0.0,19.223726,1.6131418,1954
1768,r4i1p1f1,1954,11,04,0.0,19.844896,3.1066582,1954
1769,r4i1p1f1,1954,11,05,0.0,17.513208,4.94743,1954
1770,r4i1p1f1,1954,11,06,0.0,14.416625,1.2255371,1954
1771,r4i1p1f1,1954,11,07,0.0,16.400583,1.5151408,1954
1772,r4i1p1f1,1954,11,08,0.0,17.169554,4.6312904,1954
1773,r4i1p1f1,1954,11,09,0.0,19.336422,3.8026505,1954
1774,r4i1p1f1,1954,11,10,0.0,17.980188,5.685675,1954
1775,r4i1p1f1,1954,11,11,0.0,15.761139,5.820029,1954
1776,r4i1p1f1,1954,11,12,0.0,14.7672825,0.12663165,1954
1777,r4i1p1f1,1954,11,13,0.0,14.265164,0.069323786,1954
1778,r4i1p1f1,1954,11,14,0.0,16.415606,0.18516527,1954
1779,r4i1p1f1,1954,11,15,0.0,14.5600195,1.9664187,1954
1780,r4i1p1f1,1954,11,16,0.0,14.023547,2.1549625,1954
1781,r4i1p1f1,1954,11,17,16.473213879141863,15.657416,3.7021325,1954
1782,r4i1p1f1,1954,11,18,30.8363959253281,5.6689425,-1.1888878,1954
1783,r4i1p1f1,1954,11,19,0.6573998523931777,5.665405,-5.5418863,1954
1784,r4i1p1f1,1954,11,20,1.5883223266148259,6.119926,-5.0133514,1954
1785,r4i1p1f1,1954,11,21,1.2020293545461607,2.3949766,-8.469404,1954
1786,r4i1p1f1,1954,11,22,0.0,4.3611517,-10.500777,1954
1787,r4i1p1f1,1954,11,23,0.0,4.80569,-6.192579,1954
1788,r4i1p1f1,1954,11,24,0.0,5.2736473,-8.53502,1954
1789,r4i1p1f1,1954,11,25,0.0,5.9971375,-6.742743,1954
1790,r4i1p1f1,1954,11,26,0.0,7.691091,-6.091311,1954
1791,r4i1p1f1,1954,11,27,0.0,8.560459,-3.6391008,1954
1792,r4i1p1f1,1954,11,28,0.0,9.967411,-2.90737,1954
1793,r4i1p1f1,1954,11,29,0.0,11.388825,-4.4811554,1954
1794,r4i1p1f1,1954,11,30,0.0,9.070892,-3.448649,1954
1795,r4i1p1f1,1954,12,01,8.894181408107121,5.1792474,-6.004252,1954
1796,r4i1p1f1,1954,12,02,4.543234438220449,-4.134319,-13.950879,1954
1797,r4i1p1f1,1954,12,03,0.0,3.6731513,-12.729874,1954
1798,r4i1p1f1,1954,12,04,22.510901572576795,1.5717285,-7.672642,1954
1799,r4i1p1f1,1954,12,05,35.44711036885756,6.980256,-1.8367939,1954
1800,r4i1p1f1,1954,12,06,0.0,11.790562,-2.5417836,1954
1801,r4i1p1f1,1954,12,07,3.7949026781029613,9.584926,1.1009539,1954
1802,r4i1p1f1,1954,12,08,22.17577117681187,1.9617187,-3.8578446,1954
1803,r4i1p1f1,1954,12,09,31.23593715344012,1.2973942,-8.973715,1954
1804,r4i1p1f1,1954,12,10,6.203472703976853,-3.0686924,-12.289979,1954
1805,r4i1p1f1,1954,12,11,0.0,-1.215931,-15.207712,1954
1806,r4i1p1f1,1954,12,12,0.0,-2.0720909,-14.8819,1954
1807,r4i1p1f1,1954,12,13,0.007006032818404755,-1.196718,-13.874506,1954
1808,r4i1p1f1,1954,12,14,17.516375438977093,0.23887469,-9.515976,1954
1809,r4i1p1f1,1954,12,15,22.679311492426606,2.502945,-6.8040385,1954
1810,r4i1p1f1,1954,12,16,41.30389804238605,3.060114,-3.1684227,1954
1811,r4i1p1f1,1954,12,17,48.38091431510091,4.06546,-1.8993152,1954
1812,r4i1p1f1,1954,12,18,25.695452073323477,3.1021068,-4.918419,1954
1813,r4i1p1f1,1954,12,19,0.0,0.18446709,-8.675147,1954
1814,r4i1p1f1,1954,12,20,0.0,1.9062726,-9.420835,1954
1815,r4i1p1f1,1954,12,21,0.5448559425206017,2.2841392,-4.741482,1954
1816,r4i1p1f1,1954,12,22,14.499555475908707,-0.2821254,-7.103695,1954
1817,r4i1p1f1,1954,12,23,0.0,0.47296238,-11.163345,1954
1818,r4i1p1f1,1954,12,24,28.001527151048638,1.9087315,-9.097854,1954
1819,r4i1p1f1,1954,12,25,23.96982468009349,2.0975158,-5.592836,1954
1820,r4i1p1f1,1954,12,26,2.3913249781292905,1.3172084,-4.113873,1954
1821,r4i1p1f1,1954,12,27,0.4053343646699934,5.0448475,-3.260373,1954
1822,r4i1p1f1,1954,12,28,0.0,5.963917,-5.8480263,1954
1823,r4i1p1f1,1954,12,29,0.0,4.2723775,-6.663075,1954
1824,r4i1p1f1,1954,12,30,4.194596290076889,-0.34226125,-6.707156,1954
1825,r4i1p1f1,1954,12,31,0.0,2.8375907,-9.3449545,1954
1826,r4i1p1f1,1955,01,01,0.0,5.2867856,-7.088579,1955
1827,r4i1p1f1,1955,01,02,0.0,6.4343095,-6.0834575,1955
1828,r4i1p1f1,1955,01,03,0.0,5.644677,-6.060297,1955
1829,r4i1p1f1,1955,01,04,0.0,7.5134187,-4.625364,1955
1830,r4i1p1f1,1955,01,05,0.0,6.586785,-5.44458,1955
1831,r4i1p1f1,1955,01,06,8.350022828255936,2.3420756,-5.7116203,1955
1832,r4i1p1f1,1955,01,07,0.0,3.5533607,-7.604047,1955
1833,r4i1p1f1,1955,01,08,5.585594689771791,3.3329017,-3.9656534,1955
1834,r4i1p1f1,1955,01,09,0.0,6.6655307,-6.261144,1955
1835,r4i1p1f1,1955,01,10,0.0,5.5941095,-5.5330496,1955
1836,r4i1p1f1,1955,01,11,0.1987036708365084,8.0728035,-2.7452285,1955
1837,r4i1p1f1,1955,01,12,0.0,8.888057,-4.4602647,1955
1838,r4i1p1f1,1955,01,13,0.22165730610206444,7.424758,-2.891576,1955
1839,r4i1p1f1,1955,01,14,0.0,5.7359657,-5.660375,1955
1840,r4i1p1f1,1955,01,15,0.0,5.9372873,-7.740851,1955
1841,r4i1p1f1,1955,01,16,32.65812643424385,2.0741646,-8.232555,1955
1842,r4i1p1f1,1955,01,17,48.123581151212505,-2.0006511,-8.266907,1955
1843,r4i1p1f1,1955,01,18,10.302465225330751,-1.9496565,-9.671893,1955
1844,r4i1p1f1,1955,01,19,71.40886814362997,-0.14256805,-9.621086,1955
1845,r4i1p1f1,1955,01,20,128.18515788030504,2.298745,-3.1954992,1955
1846,r4i1p1f1,1955,01,21,74.18126955236481,3.0427997,-5.9568295,1955
1847,r4i1p1f1,1955,01,22,1.2179855641630943,0.5184786,-7.8974543,1955
1848,r4i1p1f1,1955,01,23,37.26557269502785,-2.5201178,-10.114392,1955
1849,r4i1p1f1,1955,01,24,30.347125444295752,-3.2986794,-9.881899,1955
1850,r4i1p1f1,1955,01,25,17.281105539474922,-3.8085635,-12.202522,1955
1851,r4i1p1f1,1955,01,26,0.0026740629120089315,0.14198746,-12.768748,1955
1852,r4i1p1f1,1955,01,27,0.0,-0.119885474,-16.827724,1955
1853,r4i1p1f1,1955,01,28,60.14988148728242,-3.9454854,-10.574326,1955
1854,r4i1p1f1,1955,01,29,21.419715304486033,-2.496496,-8.539011,1955
1855,r4i1p1f1,1955,01,30,1.616439023309301,-1.6624361,-12.897637,1955
1856,r4i1p1f1,1955,01,31,4.387510760383874,0.5519886,-11.092388,1955
1857,r4i1p1f1,1955,02,01,0.0,4.688329,-10.184289,1955
1858,r4i1p1f1,1955,02,02,0.0,3.5278513,-7.297139,1955
1859,r4i1p1f1,1955,02,03,0.0,6.139917,-7.701821,1955
1860,r4i1p1f1,1955,02,04,0.0,8.999771,-6.164173,1955
1861,r4i1p1f1,1955,02,05,2.894112321104232,5.2898784,-5.475203,1955
1862,r4i1p1f1,1955,02,06,3.663590426617805,-5.0955553,-13.30166,1955
1863,r4i1p1f1,1955,02,07,0.0,1.2691988,-15.113253,1955
1864,r4i1p1f1,1955,02,08,0.0,3.1285856,-10.764283,1955
1865,r4i1p1f1,1955,02,09,0.0,4.867759,-8.540838,1955
1866,r4i1p1f1,1955,02,10,0.0,5.3511205,-9.734104,1955
1867,r4i1p1f1,1955,02,11,0.0,4.299428,-7.132779,1955
1868,r4i1p1f1,1955,02,12,6.18569079175622,0.6302846,-10.008443,1955
1869,r4i1p1f1,1955,02,13,27.06541988384442,-2.4822612,-9.775958,1955
1870,r4i1p1f1,1955,02,14,13.467338689965327,-4.699993,-13.694352,1955
1871,r4i1p1f1,1955,02,15,0.16262856566524175,0.87696064,-9.659291,1955
1872,r4i1p1f1,1955,02,16,0.0,5.4076395,-13.003958,1955
1873,r4i1p1f1,1955,02,17,0.0,2.634223,-9.284144,1955
1874,r4i1p1f1,1955,02,18,2.0461747359240277,-1.1725268,-7.408813,1955
1875,r4i1p1f1,1955,02,19,1.9210062623177409,1.7200881,-10.891359,1955
1876,r4i1p1f1,1955,02,20,26.806920520830648,-0.3398983,-7.0593596,1955
1877,r4i1p1f1,1955,02,21,22.865843450441446,-0.701744,-7.700128,1955
1878,r4i1p1f1,1955,02,22,0.0,3.7384415,-9.633148,1955
1879,r4i1p1f1,1955,02,23,0.0,7.4995327,-9.394178,1955
1880,r4i1p1f1,1955,02,24,1.285340543125221,6.457604,-4.806877,1955
1881,r4i1p1f1,1955,02,25,27.491998815660395,-2.3298862,-8.763012,1955
1882,r4i1p1f1,1955,02,26,3.3157075897903616,-2.131692,-12.367878,1955
1883,r4i1p1f1,1955,02,27,7.669864562790466,-1.835696,-15.166981,1955
1884,r4i1p1f1,1955,02,28,80.95708181080724,-3.1546125,-8.689581,1955
1885,r4i1p1f1,1955,03,01,36.00248866383991,-1.894634,-12.617186,1955
1886,r4i1p1f1,1955,03,02,42.39750817624591,-2.257157,-10.04861,1955
1887,r4i1p1f1,1955,03,03,3.971246815640103,-1.1454782,-15.764174,1955
1888,r4i1p1f1,1955,03,04,48.13366911776482,-0.05767111,-8.916913,1955
1889,r4i1p1f1,1955,03,05,14.988844141534507,-0.6215499,-5.2460103,1955
1890,r4i1p1f1,1955,03,06,70.12386380276554,-2.2863817,-8.438245,1955
1891,r4i1p1f1,1955,03,07,10.157817471266078,-3.1232634,-9.84679,1955
1892,r4i1p1f1,1955,03,08,0.011405109981500556,3.3283668,-12.699807,1955
1893,r4i1p1f1,1955,03,09,0.0,3.7930562,-12.16513,1955
1894,r4i1p1f1,1955,03,10,0.0,3.7849188,-11.257104,1955
1895,r4i1p1f1,1955,03,11,0.0,3.6952114,-11.503511,1955
1896,r4i1p1f1,1955,03,12,0.0,3.0733154,-11.95775,1955
1897,r4i1p1f1,1955,03,13,0.0,1.4321489,-13.115103,1955
1898,r4i1p1f1,1955,03,14,0.06259546643628726,0.20386288,-11.868778,1955
1899,r4i1p1f1,1955,03,15,0.0,0.11833743,-12.585642,1955
1900,r4i1p1f1,1955,03,16,0.0,2.6969848,-13.694231,1955
1901,r4i1p1f1,1955,03,17,0.0,1.9895397,-10.355715,1955
1902,r4i1p1f1,1955,03,18,0.0,7.292847,-8.65116,1955
1903,r4i1p1f1,1955,03,19,0.0,10.03657,-6.0983324,1955
1904,r4i1p1f1,1955,03,20,0.0,13.979681,-2.3976836,1955
1905,r4i1p1f1,1955,03,21,0.0,15.447365,-2.3118734,1955
1906,r4i1p1f1,1955,03,22,0.0,14.32889,-1.8264736,1955
1907,r4i1p1f1,1955,03,23,0.0,12.502354,-3.4850686,1955
1908,r4i1p1f1,1955,03,24,0.0,13.452965,-2.425923,1955
1909,r4i1p1f1,1955,03,25,0.0,12.176148,-0.0989955,1955
1910,r4i1p1f1,1955,03,26,0.0,8.197132,-2.0086796,1955
1911,r4i1p1f1,1955,03,27,0.0,8.079744,-6.9876986,1955
1912,r4i1p1f1,1955,03,28,0.0,10.562229,-4.4389224,1955
1913,r4i1p1f1,1955,03,29,0.0014933174452586395,8.400116,-1.0791961,1955
1914,r4i1p1f1,1955,03,30,4.231204351618869,1.3451196,-7.8374434,1955
1915,r4i1p1f1,1955,03,31,0.0,3.3671558,-6.824788,1955
1916,r4i1p1f1,1955,04,01,6.336386816894026,0.32189402,-7.275175,1955
1917,r4i1p1f1,1955,04,02,0.37012191739585726,3.204865,-8.756648,1955
1918,r4i1p1f1,1955,04,03,0.0,5.0795684,-7.7512584,1955
1919,r4i1p1f1,1955,04,04,0.006604114546318332,10.698845,-3.0089223,1955
1920,r4i1p1f1,1955,04,05,0.0,12.894983,-2.9052358,1955
1921,r4i1p1f1,1955,04,06,0.0,13.713031,0.3353765,1955
1922,r4i1p1f1,1955,04,07,0.0,12.4849615,3.4326448,1955
1923,r4i1p1f1,1955,04,08,15.940084371578035,7.776911,-5.2835274,1955
1924,r4i1p1f1,1955,04,09,32.83527115933024,-1.4510664,-8.879519,1955
1925,r4i1p1f1,1955,04,10,13.625988816817152,-4.189157,-9.573101,1955
1926,r4i1p1f1,1955,04,11,0.012367494810979426,1.8844113,-12.672028,1955
1927,r4i1p1f1,1955,04,12,19.743453582740344,-2.188339,-9.91894,1955
1928,r4i1p1f1,1955,04,13,0.3457097772433664,-1.3873467,-11.653096,1955
1929,r4i1p1f1,1955,04,14,0.0,3.6480434,-11.89008,1955
1930,r4i1p1f1,1955,04,15,0.0,9.410217,-7.688459,1955
1931,r4i1p1f1,1955,04,16,0.0,8.553969,-4.3663607,1955
1932,r4i1p1f1,1955,04,17,5.683562243547595,2.3617907,-7.565483,1955
1933,r4i1p1f1,1955,04,18,2.6406853412267726,3.148066,-7.4048767,1955
1934,r4i1p1f1,1955,04,19,0.0,10.586294,-4.6890855,1955
1935,r4i1p1f1,1955,04,20,8.67792414312332,8.084161,-4.9785247,1955
1936,r4i1p1f1,1955,04,21,19.24917475515039,-0.30646822,-8.415539,1955
1937,r4i1p1f1,1955,04,22,3.661964046252284,4.308247,-7.4159603,1955
1938,r4i1p1f1,1955,04,23,36.1963865589519,1.9238601,-5.429516,1955
1939,r4i1p1f1,1955,04,24,38.0356945929737,-1.7825242,-11.045759,1955
1940,r4i1p1f1,1955,04,25,9.757486456401733,-0.5091879,-10.86883,1955
1941,r4i1p1f1,1955,04,26,0.5884371389184786,1.3411744,-6.1909175,1955
1942,r4i1p1f1,1955,04,27,0.04229010670784043,5.986071,-3.557832,1955
1943,r4i1p1f1,1955,04,28,0.0,7.84712,-5.2071137,1955
1944,r4i1p1f1,1955,04,29,0.0,8.067675,-4.748092,1955
1945,r4i1p1f1,1955,04,30,0.4406140287821834,5.3523283,-5.8948336,1955
1946,r4i1p1f1,1955,05,01,0.8119166628332605,6.073972,-3.1913543,1955
1947,r4i1p1f1,1955,05,02,0.0,8.626998,-4.258412,1955
1948,r4i1p1f1,1955,05,03,0.0,11.144484,-1.9544019,1955
1949,r4i1p1f1,1955,05,04,0.0,10.81037,-1.1869482,1955
1950,r4i1p1f1,1955,05,05,0.0,8.569372,-2.8633707,1955
1951,r4i1p1f1,1955,05,06,0.0,10.020785,-4.3746433,1955
1952,r4i1p1f1,1955,05,07,0.0,11.796779,-2.6002321,1955
1953,r4i1p1f1,1955,05,08,0.0,12.150954,-1.8723652,1955
1954,r4i1p1f1,1955,05,09,0.0,11.77788,0.32045984,1955
1955,r4i1p1f1,1955,05,10,0.0,10.505124,-0.849061,1955
1956,r4i1p1f1,1955,05,11,0.0,7.893808,-5.343358,1955
1957,r4i1p1f1,1955,05,12,0.0,6.8250885,-5.6359944,1955
1958,r4i1p1f1,1955,05,13,0.0,8.300433,-3.9945202,1955
1959,r4i1p1f1,1955,05,14,0.0,10.372928,-2.6542761,1955
1960,r4i1p1f1,1955,05,15,0.002556659858359068,10.171959,-2.3005881,1955
1961,r4i1p1f1,1955,05,16,0.8901016217293228,9.810636,-3.9875731,1955
1962,r4i1p1f1,1955,05,17,3.171422606942439,8.535288,-3.978621,1955
1963,r4i1p1f1,1955,05,18,0.02247600798938651,10.013659,-3.1049616,1955
1964,r4i1p1f1,1955,05,19,0.0030264920134695744,10.228428,0.580868,1955
1965,r4i1p1f1,1955,05,20,0.0,10.082211,0.7636701,1955
1966,r4i1p1f1,1955,05,21,0.0,12.011511,-0.19890466,1955
1967,r4i1p1f1,1955,05,22,0.0,14.21881,-0.77735543,1955
1968,r4i1p1f1,1955,05,23,0.0,14.243581,0.16435663,1955
1969,r4i1p1f1,1955,05,24,0.0,14.261121,2.5714483,1955
1970,r4i1p1f1,1955,05,25,0.0,15.71006,2.4419544,1955
1971,r4i1p1f1,1955,05,26,0.0,16.13871,3.3134959,1955
1972,r4i1p1f1,1955,05,27,0.0,15.467258,1.8449571,1955
1973,r4i1p1f1,1955,05,28,0.0,12.327453,0.319191,1955
1974,r4i1p1f1,1955,05,29,0.0,10.775971,-2.3188236,1955
1975,r4i1p1f1,1955,05,30,0.0,12.025174,-2.908004,1955
1976,r4i1p1f1,1955,05,31,0.0,11.329451,-1.2091771,1955
1977,r4i1p1f1,1955,06,01,0.0,10.54929,-1.5867243,1955
1978,r4i1p1f1,1955,06,02,0.736064482488189,6.552176,-3.264966,1955
1979,r4i1p1f1,1955,06,03,0.0,11.88986,-3.4134116,1955
1980,r4i1p1f1,1955,06,04,0.0,13.131052,-3.517172,1955
1981,r4i1p1f1,1955,06,05,0.0,12.660636,-0.12603311,1955
1982,r4i1p1f1,1955,06,06,6.497908918583348,8.843389,-1.7461237,1955
1983,r4i1p1f1,1955,06,07,6.023820625863442,5.562485,-1.515183,1955
1984,r4i1p1f1,1955,06,08,14.282060174255134,3.8272371,-3.4827528,1955
1985,r4i1p1f1,1955,06,09,0.4515842493267006,5.223403,-4.4363947,1955
1986,r4i1p1f1,1955,06,10,0.0,11.252031,-2.9976165,1955
1987,r4i1p1f1,1955,06,11,0.0,14.822487,-0.53605974,1955
1988,r4i1p1f1,1955,06,12,0.0,16.125278,2.0688226,1955
1989,r4i1p1f1,1955,06,13,0.0,17.243462,3.460067,1955
1990,r4i1p1f1,1955,06,14,0.0,17.996004,3.4362047,1955
1991,r4i1p1f1,1955,06,15,0.0,17.32445,3.5844085,1955
1992,r4i1p1f1,1955,06,16,0.0,13.570104,3.294633,1955
1993,r4i1p1f1,1955,06,17,0.0,16.518126,1.8137652,1955
1994,r4i1p1f1,1955,06,18,0.0,19.162966,4.331712,1955
1995,r4i1p1f1,1955,06,19,0.36083431087425866,18.827969,4.4962564,1955
1996,r4i1p1f1,1955,06,20,0.0,19.400637,3.7563982,1955
1997,r4i1p1f1,1955,06,21,0.0,20.059437,5.5170736,1955
1998,r4i1p1f1,1955,06,22,0.0,19.438185,6.159211,1955
1999,r4i1p1f1,1955,06,23,0.0,15.253516,3.2299473,1955
2000,r4i1p1f1,1955,06,24,0.0,15.442485,1.3469924,1955
2001,r4i1p1f1,1955,06,25,0.0,18.059591,2.880987,1955
2002,r4i1p1f1,1955,06,26,0.0,20.673199,4.3184543,1955
2003,r4i1p1f1,1955,06,27,0.0,20.978836,5.781429,1955
2004,r4i1p1f1,1955,06,28,0.0,20.101032,4.8294516,1955
2005,r4i1p1f1,1955,06,29,0.0,18.129452,3.259023,1955
2006,r4i1p1f1,1955,06,30,0.0,19.269625,3.2531726,1955
2007,r4i1p1f1,1955,07,01,0.0,22.04594,5.51844,1955
2008,r4i1p1f1,1955,07,02,0.0,23.553547,8.101933,1955
2009,r4i1p1f1,1955,07,03,0.0,25.144327,7.449537,1955
2010,r4i1p1f1,1955,07,04,0.0,24.398796,8.705458,1955
2011,r4i1p1f1,1955,07,05,0.0,24.458467,8.376073,1955
2012,r4i1p1f1,1955,07,06,0.0,25.57905,9.61213,1955
2013,r4i1p1f1,1955,07,07,0.0,27.687593,9.464515,1955
2014,r4i1p1f1,1955,07,08,0.0,27.28343,12.104672,1955
2015,r4i1p1f1,1955,07,09,0.0,26.102688,11.39957,1955
2016,r4i1p1f1,1955,07,10,0.0,24.47784,9.056667,1955
2017,r4i1p1f1,1955,07,11,0.0,21.659481,6.714812,1955
2018,r4i1p1f1,1955,07,12,0.0,19.12944,4.942877,1955
2019,r4i1p1f1,1955,07,13,0.0621154958836453,18.03351,4.3918133,1955
2020,r4i1p1f1,1955,07,14,0.0,18.001713,3.7711823,1955
2021,r4i1p1f1,1955,07,15,0.0,19.740145,4.802228,1955
2022,r4i1p1f1,1955,07,16,0.053082565673362524,19.023066,7.64874,1955
2023,r4i1p1f1,1955,07,17,0.7097100787724967,20.27421,7.637418,1955
2024,r4i1p1f1,1955,07,18,0.0,21.475414,5.9678583,1955
2025,r4i1p1f1,1955,07,19,0.0,23.430891,7.996865,1955
2026,r4i1p1f1,1955,07,20,0.0,23.79782,8.829407,1955
2027,r4i1p1f1,1955,07,21,0.0,23.192226,9.28743,1955
2028,r4i1p1f1,1955,07,22,0.0,23.889267,8.328712,1955
2029,r4i1p1f1,1955,07,23,0.0,25.033148,8.78353,1955
2030,r4i1p1f1,1955,07,24,0.0,25.10124,9.214102,1955
2031,r4i1p1f1,1955,07,25,0.0,25.057901,9.729914,1955
2032,r4i1p1f1,1955,07,26,0.04874951853181132,24.369478,9.124768,1955
2033,r4i1p1f1,1955,07,27,0.0,22.958586,8.919077,1955
2034,r4i1p1f1,1955,07,28,0.0,23.562935,9.36172,1955
2035,r4i1p1f1,1955,07,29,0.0,23.025026,8.228064,1955
2036,r4i1p1f1,1955,07,30,0.0,24.675787,7.787088,1955
2037,r4i1p1f1,1955,07,31,0.0,24.467428,9.053788,1955
2038,r4i1p1f1,1955,08,01,0.0,23.068779,8.935329,1955
2039,r4i1p1f1,1955,08,02,0.0,23.610394,7.9175096,1955
2040,r4i1p1f1,1955,08,03,0.0,24.49302,9.602591,1955
2041,r4i1p1f1,1955,08,04,0.0,26.231789,10.306757,1955
2042,r4i1p1f1,1955,08,05,0.0,27.401714,11.137145,1955
2043,r4i1p1f1,1955,08,06,0.0,27.67376,11.925284,1955
2044,r4i1p1f1,1955,08,07,0.0,27.526463,11.498773,1955
2045,r4i1p1f1,1955,08,08,0.0,27.064232,11.019052,1955
2046,r4i1p1f1,1955,08,09,0.0,26.115044,9.929787,1955
2047,r4i1p1f1,1955,08,10,0.0,25.952377,10.098276,1955
2048,r4i1p1f1,1955,08,11,0.0,25.734613,10.828256,1955
2049,r4i1p1f1,1955,08,12,0.0,25.758774,10.985101,1955
2050,r4i1p1f1,1955,08,13,0.0,26.203999,11.183026,1955
2051,r4i1p1f1,1955,08,14,0.0,26.262281,10.84164,1955
2052,r4i1p1f1,1955,08,15,0.0,25.627277,10.548893,1955
2053,r4i1p1f1,1955,08,16,0.0,24.43057,10.795298,1955
2054,r4i1p1f1,1955,08,17,0.0,24.867165,10.669971,1955
2055,r4i1p1f1,1955,08,18,0.0,26.248964,10.877963,1955
2056,r4i1p1f1,1955,08,19,0.0,25.257235,10.926303,1955
2057,r4i1p1f1,1955,08,20,0.0,23.105108,7.978439,1955
2058,r4i1p1f1,1955,08,21,0.0,22.781237,7.755909,1955
2059,r4i1p1f1,1955,08,22,1.0476662193773192,23.082064,8.322049,1955
2060,r4i1p1f1,1955,08,23,0.007309818443505365,21.563236,9.126776,1955
2061,r4i1p1f1,1955,08,24,1.9885245557651618,22.315178,8.960917,1955
2062,r4i1p1f1,1955,08,25,0.28595364280150387,23.972027,7.7886252,1955
2063,r4i1p1f1,1955,08,26,0.0,27.181566,10.398208,1955
2064,r4i1p1f1,1955,08,27,2.646818205905047,27.179913,11.642718,1955
2065,r4i1p1f1,1955,08,28,2.608691086166652,26.460228,11.225081,1955
2066,r4i1p1f1,1955,08,29,13.02559936712604,26.004364,11.380984,1955
2067,r4i1p1f1,1955,08,30,2.380397308328965,26.051197,10.469494,1955
2068,r4i1p1f1,1955,08,31,0.15656621524374312,26.546244,10.664165,1955
2069,r4i1p1f1,1955,09,01,0.0,26.40686,10.9794655,1955
2070,r4i1p1f1,1955,09,02,0.15008422650520087,25.492064,9.498321,1955
2071,r4i1p1f1,1955,09,03,0.0,24.148447,9.294731,1955
2072,r4i1p1f1,1955,09,04,0.0,23.192694,8.478873,1955
2073,r4i1p1f1,1955,09,05,0.0,22.884367,8.023052,1955
2074,r4i1p1f1,1955,09,06,0.0,22.87646,7.9510612,1955
2075,r4i1p1f1,1955,09,07,0.0,22.400297,7.213244,1955
2076,r4i1p1f1,1955,09,08,0.0,23.184734,7.356352,1955
2077,r4i1p1f1,1955,09,09,0.0,26.442282,9.02089,1955
2078,r4i1p1f1,1955,09,10,0.0,26.941309,9.854013,1955
2079,r4i1p1f1,1955,09,11,0.0,26.614618,10.527058,1955
2080,r4i1p1f1,1955,09,12,0.45512816347059326,24.229696,10.029966,1955
2081,r4i1p1f1,1955,09,13,0.054373157569375816,19.548716,5.4430103,1955
2082,r4i1p1f1,1955,09,14,0.0,17.482405,3.0756414,1955
2083,r4i1p1f1,1955,09,15,0.0,18.293312,4.3834014,1955
2084,r4i1p1f1,1955,09,16,1.9696938094049028,20.163507,6.835176,1955
2085,r4i1p1f1,1955,09,17,0.1835204239561864,14.853465,2.197813,1955
2086,r4i1p1f1,1955,09,18,0.0,14.764695,1.6484001,1955
2087,r4i1p1f1,1955,09,19,0.0,18.027811,2.0945482,1955
2088,r4i1p1f1,1955,09,20,0.0,16.80033,0.90998304,1955
2089,r4i1p1f1,1955,09,21,0.0,13.317148,0.8718496,1955
2090,r4i1p1f1,1955,09,22,1.1355469637941273,13.190961,1.2455721,1955
2091,r4i1p1f1,1955,09,23,0.607174250756325,15.480587,1.5992191,1955
2092,r4i1p1f1,1955,09,24,0.0,16.21878,1.828737,1955
2093,r4i1p1f1,1955,09,25,0.0,19.241802,4.0104995,1955
2094,r4i1p1f1,1955,09,26,0.0,23.12768,6.3587465,1955
2095,r4i1p1f1,1955,09,27,0.0,24.187351,7.5101957,1955
2096,r4i1p1f1,1955,09,28,0.0,24.071077,8.532647,1955
2097,r4i1p1f1,1955,09,29,0.0,20.735655,5.646614,1955
2098,r4i1p1f1,1955,09,30,0.0,19.77876,4.754313,1955
2099,r4i1p1f1,1955,10,01,0.0,22.37372,6.072765,1955
2100,r4i1p1f1,1955,10,02,0.0,23.110983,6.2399664,1955
2101,r4i1p1f1,1955,10,03,0.0,22.844128,6.8878665,1955
2102,r4i1p1f1,1955,10,04,0.0,22.271341,7.4782095,1955
2103,r4i1p1f1,1955,10,05,0.0,19.935253,6.901427,1955
2104,r4i1p1f1,1955,10,06,0.0,19.92865,5.4557962,1955
2105,r4i1p1f1,1955,10,07,0.0,18.432722,6.155691,1955
2106,r4i1p1f1,1955,10,08,0.0,16.834684,2.124927,1955
2107,r4i1p1f1,1955,10,09,0.0,20.658897,3.9297688,1955
2108,r4i1p1f1,1955,10,10,0.0,20.554314,7.842828,1955
2109,r4i1p1f1,1955,10,11,0.0,19.800396,7.365824,1955
2110,r4i1p1f1,1955,10,12,0.004139814568774109,18.270708,4.940287,1955
2111,r4i1p1f1,1955,10,13,0.0,15.189655,0.008805978,1955
2112,r4i1p1f1,1955,10,14,0.0,18.005558,3.2755437,1955
2113,r4i1p1f1,1955,10,15,0.0,20.116365,4.2609906,1955
2114,r4i1p1f1,1955,10,16,0.0,18.71993,5.096386,1955
2115,r4i1p1f1,1955,10,17,0.0,15.154255,0.9834155,1955
2116,r4i1p1f1,1955,10,18,0.0,13.739777,-0.9954485,1955
2117,r4i1p1f1,1955,10,19,0.0,12.698576,-0.2765405,1955
2118,r4i1p1f1,1955,10,20,0.0,14.575942,1.4497968,1955
2119,r4i1p1f1,1955,10,21,0.48995257080333754,16.15935,4.4646645,1955
2120,r4i1p1f1,1955,10,22,0.0,15.473017,-1.6176636,1955
2121,r4i1p1f1,1955,10,23,0.0,13.674618,-1.2583532,1955
2122,r4i1p1f1,1955,10,24,0.0,13.994125,-2.5186226,1955
2123,r4i1p1f1,1955,10,25,0.0,16.770227,0.24963593,1955
2124,r4i1p1f1,1955,10,26,0.0,16.043192,3.515753,1955
2125,r4i1p1f1,1955,10,27,0.0,17.852797,2.290889,1955
2126,r4i1p1f1,1955,10,28,0.0,16.720127,3.1429157,1955
2127,r4i1p1f1,1955,10,29,0.0,15.044736,0.8460857,1955
2128,r4i1p1f1,1955,10,30,0.008990534115582705,11.631489,-1.691664,1955
2129,r4i1p1f1,1955,10,31,0.0,10.562581,-3.3306096,1955
2130,r4i1p1f1,1955,11,01,0.0,12.528823,-1.8741653,1955
2131,r4i1p1f1,1955,11,02,0.0,16.48442,0.37786838,1955
2132,r4i1p1f1,1955,11,03,0.0,16.060059,2.9265924,1955
2133,r4i1p1f1,1955,11,04,0.0,14.416914,1.1069422,1955
2134,r4i1p1f1,1955,11,05,12.927139778537212,17.302013,4.2735076,1955
2135,r4i1p1f1,1955,11,06,0.0,8.909914,-5.015305,1955
2136,r4i1p1f1,1955,11,07,0.0,10.481872,-3.9281316,1955
2137,r4i1p1f1,1955,11,08,0.0,13.843235,-2.2229974,1955
2138,r4i1p1f1,1955,11,09,0.0,15.782094,-0.044223286,1955
2139,r4i1p1f1,1955,11,10,0.0,18.145666,1.6844298,1955
2140,r4i1p1f1,1955,11,11,0.0,19.752163,3.9697933,1955
2141,r4i1p1f1,1955,11,12,0.0,16.734482,5.5967,1955
2142,r4i1p1f1,1955,11,13,0.0,11.392543,-1.8524747,1955
2143,r4i1p1f1,1955,11,14,0.0,13.04023,2.071116,1955
2144,r4i1p1f1,1955,11,15,0.0,13.378134,-0.78548425,1955
2145,r4i1p1f1,1955,11,16,2.487187077155067,12.88365,-0.3641916,1955
2146,r4i1p1f1,1955,11,17,0.0,7.5264673,-5.393048,1955
2147,r4i1p1f1,1955,11,18,0.0,11.249694,-4.412724,1955
2148,r4i1p1f1,1955,11,19,0.31129379197273627,10.865675,-2.9873147,1955
2149,r4i1p1f1,1955,11,20,10.433308430130875,5.0144067,-4.979524,1955
2150,r4i1p1f1,1955,11,21,0.0,6.1241174,-8.560276,1955
2151,r4i1p1f1,1955,11,22,0.0,8.021941,-6.5863686,1955
2152,r4i1p1f1,1955,11,23,0.17152942538765,7.456941,-6.671298,1955
2153,r4i1p1f1,1955,11,24,5.45877269291418,1.1340685,-7.476665,1955
2154,r4i1p1f1,1955,11,25,0.0,4.0493493,-9.740676,1955
2155,r4i1p1f1,1955,11,26,0.0,7.7525973,-5.931238,1955
2156,r4i1p1f1,1955,11,27,0.0,12.773041,-4.5664406,1955
2157,r4i1p1f1,1955,11,28,0.0,16.35558,-1.1980213,1955
2158,r4i1p1f1,1955,11,29,0.0,16.319403,1.9644792,1955
2159,r4i1p1f1,1955,11,30,0.0,13.652143,0.7302792,1955
2160,r4i1p1f1,1955,12,01,0.0,8.441605,-2.1842139,1955
2161,r4i1p1f1,1955,12,02,0.0,7.496262,-4.5394573,1955
2162,r4i1p1f1,1955,12,03,0.0,8.936836,-2.762432,1955
2163,r4i1p1f1,1955,12,04,0.5537659503860024,8.899588,-2.8991566,1955
2164,r4i1p1f1,1955,12,05,0.0,11.048346,-0.9994634,1955
2165,r4i1p1f1,1955,12,06,33.71750628976025,8.406354,-3.6259625,1955
2166,r4i1p1f1,1955,12,07,0.0,3.894883,-5.6031055,1955
2167,r4i1p1f1,1955,12,08,0.0,6.8697042,-6.3822513,1955
2168,r4i1p1f1,1955,12,09,0.0,11.789305,-5.5691524,1955
2169,r4i1p1f1,1955,12,10,0.0,12.576675,-1.7053487,1955
2170,r4i1p1f1,1955,12,11,0.19953424989786295,8.786821,-1.0153623,1955
2171,r4i1p1f1,1955,12,12,0.9869401533263567,5.74059,-4.9373565,1955
2172,r4i1p1f1,1955,12,13,0.0,10.921354,-3.3289413,1955
2173,r4i1p1f1,1955,12,14,0.0,14.586027,-3.4183078,1955
2174,r4i1p1f1,1955,12,15,0.0,15.346792,1.2921193,1955
2175,r4i1p1f1,1955,12,16,0.9301611233973226,13.04039,2.2961788,1955
2176,r4i1p1f1,1955,12,17,0.7129370425283257,7.2422185,-3.0684445,1955
2177,r4i1p1f1,1955,12,18,0.0,7.016216,-3.961877,1955
2178,r4i1p1f1,1955,12,19,0.0,8.408434,-4.5710435,1955
2179,r4i1p1f1,1955,12,20,0.0,9.359606,-4.506529,1955
2180,r4i1p1f1,1955,12,21,0.0,8.725871,-3.096498,1955
2181,r4i1p1f1,1955,12,22,0.48236821675596747,6.178145,-5.0021667,1955
2182,r4i1p1f1,1955,12,23,0.0,4.813734,-7.2719617,1955
2183,r4i1p1f1,1955,12,24,0.0,4.1068997,-7.882199,1955
2184,r4i1p1f1,1955,12,25,0.0,2.0510705,-8.752017,1955
2185,r4i1p1f1,1955,12,26,0.0,2.457732,-8.708298,1955
2186,r4i1p1f1,1955,12,27,0.0,7.592607,-6.395174,1955
2187,r4i1p1f1,1955,12,28,0.0,11.402019,-3.0448518,1955
2188,r4i1p1f1,1955,12,29,0.0,11.540401,-1.1496781,1955
2189,r4i1p1f1,1955,12,30,0.0,12.333572,-2.1611679,1955
2190,r4i1p1f1,1955,12,31,0.0,12.028704,0.15737031,1955
2191,r4i1p1f1,1956,01,01,0.0,10.533438,-1.1838073,1956
2192,r4i1p1f1,1956,01,02,0.0,9.765764,-0.70337933,1956
2193,r4i1p1f1,1956,01,03,0.006049115456244592,10.698739,-2.353177,1956
2194,r4i1p1f1,1956,01,04,0.0,12.56074,0.28256178,1956
2195,r4i1p1f1,1956,01,05,0.0,12.901137,-0.60473245,1956
2196,r4i1p1f1,1956,01,06,0.0,12.356608,-0.26441425,1956
2197,r4i1p1f1,1956,01,07,0.0,12.218859,-1.1680112,1956
2198,r4i1p1f1,1956,01,08,0.0,13.930708,-0.1809024,1956
2199,r4i1p1f1,1956,01,09,0.0,12.862703,-0.19888864,1956
2200,r4i1p1f1,1956,01,10,0.0,12.065269,0.31070146,1956
2201,r4i1p1f1,1956,01,11,0.0,12.808702,0.74160343,1956
2202,r4i1p1f1,1956,01,12,0.0,13.340891,-0.80759066,1956
2203,r4i1p1f1,1956,01,13,0.0,12.92603,0.711811,1956
2204,r4i1p1f1,1956,01,14,1.7751664400168001,11.291465,-0.30847546,1956
2205,r4i1p1f1,1956,01,15,0.0,8.257722,-4.6397715,1956
2206,r4i1p1f1,1956,01,16,0.0,9.804157,-2.7483299,1956
2207,r4i1p1f1,1956,01,17,0.0,9.428367,-3.3817902,1956
2208,r4i1p1f1,1956,01,18,1.6853643309410447,3.220612,-11.473061,1956
2209,r4i1p1f1,1956,01,19,0.0,-8.30946,-19.238396,1956
2210,r4i1p1f1,1956,01,20,0.0,-0.30423036,-12.562926,1956
2211,r4i1p1f1,1956,01,21,0.0,2.8583148,-8.88098,1956
2212,r4i1p1f1,1956,01,22,0.0,6.9549522,-6.4510527,1956
2213,r4i1p1f1,1956,01,23,0.0,10.126516,-3.8241458,1956
2214,r4i1p1f1,1956,01,24,0.0,9.878459,-3.1127539,1956
2215,r4i1p1f1,1956,01,25,0.0,11.071208,-2.6507242,1956
2216,r4i1p1f1,1956,01,26,0.0,11.737591,-1.7692194,1956
2217,r4i1p1f1,1956,01,27,0.0,12.814496,-0.7454139,1956
2218,r4i1p1f1,1956,01,28,0.0,13.590356,0.015005811,1956
2219,r4i1p1f1,1956,01,29,0.0,14.12823,0.0031562909,1956
2220,r4i1p1f1,1956,01,30,0.0,14.848279,0.46839187,1956
2221,r4i1p1f1,1956,01,31,3.3548215574232496,12.053855,0.9942996,1956
2222,r4i1p1f1,1956,02,01,23.919738319489632,2.4754958,-5.248625,1956
2223,r4i1p1f1,1956,02,02,0.0,4.2758565,-9.625862,1956
2224,r4i1p1f1,1956,02,03,0.31378915987528777,-0.36672747,-15.868912,1956
2225,r4i1p1f1,1956,02,04,0.0,-5.5497622,-18.227009,1956
2226,r4i1p1f1,1956,02,05,0.0,-0.58020926,-15.629784,1956
2227,r4i1p1f1,1956,02,06,0.0,6.3300977,-12.296394,1956
2228,r4i1p1f1,1956,02,07,2.453536303606984,2.1549275,-8.214091,1956
2229,r4i1p1f1,1956,02,08,0.6036204885577096,-0.23183887,-9.7118225,1956
2230,r4i1p1f1,1956,02,09,0.0,4.2611146,-10.805282,1956
2231,r4i1p1f1,1956,02,10,0.0,5.903781,-10.343406,1956
2232,r4i1p1f1,1956,02,11,7.150360930571306,1.576472,-10.502192,1956
2233,r4i1p1f1,1956,02,12,14.028296477255639,-5.832534,-15.692321,1956
2234,r4i1p1f1,1956,02,13,2.0406933663516242,-5.986771,-13.568413,1956
2235,r4i1p1f1,1956,02,14,0.0,1.0930055,-18.97274,1956
2236,r4i1p1f1,1956,02,15,0.0,3.7483103,-15.04563,1956
2237,r4i1p1f1,1956,02,16,0.0,6.5047426,-12.844293,1956
2238,r4i1p1f1,1956,02,17,0.0,4.947682,-5.2075152,1956
2239,r4i1p1f1,1956,02,18,0.2746856710177061,3.308725,-6.800674,1956
2240,r4i1p1f1,1956,02,19,0.0,5.228333,-5.191751,1956
2241,r4i1p1f1,1956,02,20,8.80856784719055,2.0689864,-7.281681,1956
2242,r4i1p1f1,1956,02,21,25.434695655317782,-0.25646904,-6.3558035,1956
2243,r4i1p1f1,1956,02,22,0.0,0.2635745,-11.424763,1956
2244,r4i1p1f1,1956,02,23,0.0,-1.637149,-16.512201,1956
2245,r4i1p1f1,1956,02,24,0.030395419149063276,-3.44336,-14.318797,1956
2246,r4i1p1f1,1956,02,25,0.0,1.4028496,-13.811762,1956
2247,r4i1p1f1,1956,02,26,0.0,3.7416594,-10.201597,1956
2248,r4i1p1f1,1956,02,27,13.599866109373938,0.45605594,-9.686454,1956
2249,r4i1p1f1,1956,02,28,24.457595875219134,0.5428127,-8.961007,1956
2250,r4i1p1f1,1956,02,29,7.025842123455658,1.002239,-10.773285,1956
2251,r4i1p1f1,1956,03,01,0.0,7.3546457,-9.672944,1956
2252,r4i1p1f1,1956,03,02,0.0,8.410074,-7.2043004,1956
2253,r4i1p1f1,1956,03,03,0.0,8.911966,-7.3480887,1956
2254,r4i1p1f1,1956,03,04,0.0,8.256473,-5.521309,1956
2255,r4i1p1f1,1956,03,05,0.0,9.182961,-6.3035502,1956
2256,r4i1p1f1,1956,03,06,0.0,10.436312,-7.5012326,1956
2257,r4i1p1f1,1956,03,07,0.0,8.52134,-2.9006503,1956
2258,r4i1p1f1,1956,03,08,3.3787660864486684,-0.11745615,-8.472989,1956
2259,r4i1p1f1,1956,03,09,1.45129506873257,-0.43204695,-8.75304,1956
2260,r4i1p1f1,1956,03,10,8.658964498689828,-2.8396785,-13.157806,1956
2261,r4i1p1f1,1956,03,11,7.163971037401373,-5.6207075,-13.290494,1956
2262,r4i1p1f1,1956,03,12,0.0,-0.5664385,-16.91849,1956
2263,r4i1p1f1,1956,03,13,0.0,5.7463555,-13.710799,1956
2264,r4i1p1f1,1956,03,14,0.0,10.228092,-9.544964,1956
2265,r4i1p1f1,1956,03,15,0.0,11.216917,-4.832197,1956
2266,r4i1p1f1,1956,03,16,0.0,10.278096,-2.8221858,1956
2267,r4i1p1f1,1956,03,17,10.354727078353637,5.683935,-3.8346505,1956
2268,r4i1p1f1,1956,03,18,25.854429313428362,1.1443188,-3.840695,1956
2269,r4i1p1f1,1956,03,19,0.0,7.523054,-7.3160515,1956
2270,r4i1p1f1,1956,03,20,0.0,8.234282,-7.268008,1956
2271,r4i1p1f1,1956,03,21,0.0,9.4702015,-4.5019975,1956
2272,r4i1p1f1,1956,03,22,0.0,11.871396,-4.2884355,1956
2273,r4i1p1f1,1956,03,23,0.0,13.14079,-3.3126485,1956
2274,r4i1p1f1,1956,03,24,0.0,11.171563,-2.853333,1956
2275,r4i1p1f1,1956,03,25,0.0,11.599782,-1.4736301,1956
2276,r4i1p1f1,1956,03,26,0.0,14.309546,-0.5274941,1956
2277,r4i1p1f1,1956,03,27,0.0,17.299181,1.685865,1956
2278,r4i1p1f1,1956,03,28,0.0,20.259,2.2274,1956
2279,r4i1p1f1,1956,03,29,0.0,20.757404,6.840071,1956
2280,r4i1p1f1,1956,03,30,0.0,18.497843,5.960215,1956
2281,r4i1p1f1,1956,03,31,0.0,12.713778,-0.5542726,1956
2282,r4i1p1f1,1956,04,01,0.09393938618394224,4.550236,-7.4449368,1956
2283,r4i1p1f1,1956,04,02,1.2645133656117884,-1.1869221,-10.480915,1956
2284,r4i1p1f1,1956,04,03,14.191862107101803,-3.322088,-11.186077,1956
2285,r4i1p1f1,1956,04,04,1.3383399826191087,-4.432789,-14.528867,1956
2286,r4i1p1f1,1956,04,05,0.0,6.140549,-11.642933,1956
2287,r4i1p1f1,1956,04,06,0.0,9.04914,-7.9905906,1956
2288,r4i1p1f1,1956,04,07,0.0,11.807964,-5.032596,1956
2289,r4i1p1f1,1956,04,08,0.0,14.319188,-1.1316898,1956
2290,r4i1p1f1,1956,04,09,2.078630214391647,11.613371,-0.37714347,1956
2291,r4i1p1f1,1956,04,10,8.839910404182621,8.742256,-3.7928827,1956
2292,r4i1p1f1,1956,04,11,19.09558924904822,7.68857,-0.17497246,1956
2293,r4i1p1f1,1956,04,12,32.9286489522978,4.2721567,-3.3244448,1956
2294,r4i1p1f1,1956,04,13,6.281635039146227,1.2411283,-9.005948,1956
2295,r4i1p1f1,1956,04,14,1.5159581170217988,2.8624463,-7.512885,1956
2296,r4i1p1f1,1956,04,15,2.1840008693441106,0.60110503,-11.73121,1956
2297,r4i1p1f1,1956,04,16,0.0,10.138275,-5.2765565,1956
2298,r4i1p1f1,1956,04,17,0.0,12.6473055,-2.7952683,1956
2299,r4i1p1f1,1956,04,18,1.2591873481092717,10.583247,-3.5874958,1956
2300,r4i1p1f1,1956,04,19,1.2642863376361044,4.2852397,-3.0759282,1956
2301,r4i1p1f1,1956,04,20,0.0,5.941889,-4.445882,1956
2302,r4i1p1f1,1956,04,21,0.5562548806117947,7.2178717,-6.671073,1956
2303,r4i1p1f1,1956,04,22,32.21615411402295,3.463918,-4.4275413,1956
2304,r4i1p1f1,1956,04,23,5.5189240509652056,6.669815,-7.906882,1956
2305,r4i1p1f1,1956,04,24,0.3100638753901843,9.161987,-3.9543922,1956
2306,r4i1p1f1,1956,04,25,0.57479934831829,10.917628,-3.2222102,1956
2307,r4i1p1f1,1956,04,26,0.0,11.675963,-2.2582016,1956
2308,r4i1p1f1,1956,04,27,7.446248616124072,8.630077,-0.5312119,1956
2309,r4i1p1f1,1956,04,28,37.27972284570438,0.72604716,-5.900196,1956
2310,r4i1p1f1,1956,04,29,0.0,9.237219,-7.0501957,1956
2311,r4i1p1f1,1956,04,30,0.0,11.669206,-3.6990607,1956
2312,r4i1p1f1,1956,05,01,0.0,12.918381,-0.3719673,1956
2313,r4i1p1f1,1956,05,02,0.271958879062672,12.160924,-0.36913088,1956
2314,r4i1p1f1,1956,05,03,0.0,10.504986,0.88052195,1956
2315,r4i1p1f1,1956,05,04,0.0,12.224911,-0.6164379,1956
2316,r4i1p1f1,1956,05,05,0.0,11.409296,-0.503056,1956
2317,r4i1p1f1,1956,05,06,0.12007562237977666,11.97174,-0.5150593,1956
2318,r4i1p1f1,1956,05,07,0.0,14.7085285,-0.76398677,1956
2319,r4i1p1f1,1956,05,08,0.6729280122630066,13.082853,0.8083435,1956
2320,r4i1p1f1,1956,05,09,1.5274181901303445,11.940234,-0.39609227,1956
2321,r4i1p1f1,1956,05,10,3.192193714426036,12.161993,-1.851652,1956
2322,r4i1p1f1,1956,05,11,6.186459465330634,13.614916,-1.0538892,1956
2323,r4i1p1f1,1956,05,12,5.448550494692348,14.230922,0.069401875,1956
2324,r4i1p1f1,1956,05,13,1.331307717122383,12.8476095,0.37736526,1956
2325,r4i1p1f1,1956,05,14,0.6094013149583889,12.698402,-0.64786303,1956
2326,r4i1p1f1,1956,05,15,0.7473009770780676,10.803881,0.7335708,1956
2327,r4i1p1f1,1956,05,16,0.49375617732224436,13.058289,-1.5336536,1956
2328,r4i1p1f1,1956,05,17,0.0,12.767273,2.5436728,1956
2329,r4i1p1f1,1956,05,18,0.0,12.212205,0.6731819,1956
2330,r4i1p1f1,1956,05,19,0.0,10.575876,-2.3012671,1956
2331,r4i1p1f1,1956,05,20,0.0,8.513948,-3.8686984,1956
2332,r4i1p1f1,1956,05,21,0.22198405649883848,9.408286,-2.779905,1956
2333,r4i1p1f1,1956,05,22,0.0,12.5533495,-1.9619682,1956
2334,r4i1p1f1,1956,05,23,0.0,15.036815,-0.074771315,1956
2335,r4i1p1f1,1956,05,24,0.0,16.12304,2.3870308,1956
2336,r4i1p1f1,1956,05,25,0.0,17.902409,2.6582646,1956
2337,r4i1p1f1,1956,05,26,0.0,17.432371,2.8050387,1956
2338,r4i1p1f1,1956,05,27,0.0,16.16049,2.2327573,1956
2339,r4i1p1f1,1956,05,28,0.0,14.765883,2.68694,1956
2340,r4i1p1f1,1956,05,29,0.0,12.73943,0.05865879,1956
2341,r4i1p1f1,1956,05,30,0.0,18.38193,3.1829607,1956
2342,r4i1p1f1,1956,05,31,0.0,21.253664,5.1700125,1956
2343,r4i1p1f1,1956,06,01,0.0,20.43965,7.322261,1956
2344,r4i1p1f1,1956,06,02,0.0,17.581623,1.8502849,1956
2345,r4i1p1f1,1956,06,03,0.0,19.930723,3.4094841,1956
2346,r4i1p1f1,1956,06,04,0.0,21.784225,4.661346,1956
2347,r4i1p1f1,1956,06,05,0.0,22.390083,8.245019,1956
2348,r4i1p1f1,1956,06,06,0.0,24.404074,7.627995,1956
2349,r4i1p1f1,1956,06,07,0.0,24.370464,8.802116,1956
2350,r4i1p1f1,1956,06,08,0.0,22.954079,9.634165,1956
2351,r4i1p1f1,1956,06,09,0.0,23.202604,8.428823,1956
2352,r4i1p1f1,1956,06,10,0.0,24.754585,8.197666,1956
2353,r4i1p1f1,1956,06,11,0.0,24.849915,9.9197035,1956
2354,r4i1p1f1,1956,06,12,0.0,26.351423,10.477671,1956
2355,r4i1p1f1,1956,06,13,0.07703612543794229,25.434792,11.478102,1956
2356,r4i1p1f1,1956,06,14,0.0,21.97087,8.665351,1956
2357,r4i1p1f1,1956,06,15,0.0,18.515928,3.3315442,1956
2358,r4i1p1f1,1956,06,16,0.0,22.151127,6.059243,1956
2359,r4i1p1f1,1956,06,17,0.0,24.895964,7.8977585,1956
2360,r4i1p1f1,1956,06,18,0.0,25.824957,9.638827,1956
2361,r4i1p1f1,1956,06,19,0.0,25.092564,10.65678,1956
2362,r4i1p1f1,1956,06,20,0.21358976584155434,21.999754,7.960669,1956
2363,r4i1p1f1,1956,06,21,0.044415267084291145,16.275526,3.7375169,1956
2364,r4i1p1f1,1956,06,22,0.0,21.455912,6.678944,1956
2365,r4i1p1f1,1956,06,23,0.0,24.704912,8.41774,1956
2366,r4i1p1f1,1956,06,24,0.0,26.11945,10.409089,1956
2367,r4i1p1f1,1956,06,25,0.0,25.492437,11.20484,1956
2368,r4i1p1f1,1956,06,26,0.0,23.661,9.704085,1956
2369,r4i1p1f1,1956,06,27,0.0,19.457901,3.7298353,1956
2370,r4i1p1f1,1956,06,28,0.0,19.060705,2.5451672,1956
2371,r4i1p1f1,1956,06,29,0.0,20.482128,5.607571,1956
2372,r4i1p1f1,1956,06,30,0.0,19.9814,5.325614,1956
2373,r4i1p1f1,1956,07,01,0.0,17.873735,3.5007253,1956
2374,r4i1p1f1,1956,07,02,0.0,16.73926,1.2659098,1956
2375,r4i1p1f1,1956,07,03,0.0,19.058727,3.1089725,1956
2376,r4i1p1f1,1956,07,04,0.0,24.014273,6.478876,1956
2377,r4i1p1f1,1956,07,05,0.0,26.101128,9.639521,1956
2378,r4i1p1f1,1956,07,06,0.0,27.97538,11.009794,1956
2379,r4i1p1f1,1956,07,07,0.0,29.056038,12.050887,1956
2380,r4i1p1f1,1956,07,08,0.0,28.355444,12.878082,1956
2381,r4i1p1f1,1956,07,09,0.00013983158560098904,26.5752,11.578065,1956
2382,r4i1p1f1,1956,07,10,0.0,24.207441,9.973542,1956
2383,r4i1p1f1,1956,07,11,0.0,22.250814,7.083931,1956
2384,r4i1p1f1,1956,07,12,0.0,21.4136,5.976707,1956
2385,r4i1p1f1,1956,07,13,0.0,23.648504,6.9933486,1956
2386,r4i1p1f1,1956,07,14,0.0,23.995653,9.297559,1956
2387,r4i1p1f1,1956,07,15,0.0,24.469149,8.179738,1956
2388,r4i1p1f1,1956,07,16,0.0,24.776197,10.251331,1956
2389,r4i1p1f1,1956,07,17,0.022184011349017305,24.034193,7.914868,1956
2390,r4i1p1f1,1956,07,18,0.7586606726441435,16.255856,7.0048327,1956
2391,r4i1p1f1,1956,07,19,0.25286124399254767,13.582586,3.0388393,1956
2392,r4i1p1f1,1956,07,20,0.0,16.816154,1.8036077,1956
2393,r4i1p1f1,1956,07,21,0.0,19.095932,4.3848724,1956
2394,r4i1p1f1,1956,07,22,0.0,20.700706,5.203977,1956
2395,r4i1p1f1,1956,07,23,0.0,21.51909,7.2435465,1956
2396,r4i1p1f1,1956,07,24,0.0,21.272943,7.6548023,1956
2397,r4i1p1f1,1956,07,25,0.0,22.199,7.401168,1956
2398,r4i1p1f1,1956,07,26,0.0,24.07039,7.873109,1956
2399,r4i1p1f1,1956,07,27,0.0,25.788506,9.49787,1956
2400,r4i1p1f1,1956,07,28,0.0,25.274817,9.925915,1956
2401,r4i1p1f1,1956,07,29,0.0,23.5483,9.532644,1956
2402,r4i1p1f1,1956,07,30,0.0,20.249424,6.0759716,1956
2403,r4i1p1f1,1956,07,31,0.0,19.62373,5.109708,1956
2404,r4i1p1f1,1956,08,01,0.0,20.65118,4.114036,1956
2405,r4i1p1f1,1956,08,02,0.0,20.824953,5.30643,1956
2406,r4i1p1f1,1956,08,03,0.0,19.737064,5.2084956,1956
2407,r4i1p1f1,1956,08,04,0.0,19.991589,5.145836,1956
2408,r4i1p1f1,1956,08,05,0.0,22.962454,7.156917,1956
2409,r4i1p1f1,1956,08,06,0.5025615150939775,22.970823,7.2939515,1956
2410,r4i1p1f1,1956,08,07,1.8610559817843997,21.765621,8.779645,1956
2411,r4i1p1f1,1956,08,08,0.3345117179078155,18.896679,5.140034,1956
2412,r4i1p1f1,1956,08,09,0.0,20.79514,6.1102366,1956
2413,r4i1p1f1,1956,08,10,0.0,24.013298,7.298065,1956
2414,r4i1p1f1,1956,08,11,0.0,24.828,8.854764,1956
2415,r4i1p1f1,1956,08,12,0.0,24.143421,9.333982,1956
2416,r4i1p1f1,1956,08,13,0.0,23.961834,8.187725,1956
2417,r4i1p1f1,1956,08,14,0.0,23.704893,8.497411,1956
2418,r4i1p1f1,1956,08,15,0.25182729549426797,22.687832,9.178552,1956
2419,r4i1p1f1,1956,08,16,0.2590645146129518,20.984573,8.688673,1956
2420,r4i1p1f1,1956,08,17,0.21576464641839266,20.479843,5.412597,1956
2421,r4i1p1f1,1956,08,18,0.0,20.688635,6.3226204,1956
2422,r4i1p1f1,1956,08,19,0.0,21.36822,8.384537,1956
2423,r4i1p1f1,1956,08,20,0.0,22.770964,6.527015,1956
2424,r4i1p1f1,1956,08,21,0.0,23.790112,7.4944434,1956
2425,r4i1p1f1,1956,08,22,0.0,25.484066,9.608721,1956
2426,r4i1p1f1,1956,08,23,0.03889798125087777,25.215815,10.237195,1956
2427,r4i1p1f1,1956,08,24,0.034916860305486096,23.896786,8.809201,1956
2428,r4i1p1f1,1956,08,25,0.0,25.025375,8.504877,1956
2429,r4i1p1f1,1956,08,26,0.0,25.969728,9.815549,1956
2430,r4i1p1f1,1956,08,27,0.0,26.315748,10.054431,1956
2431,r4i1p1f1,1956,08,28,0.0,25.80797,9.024349,1956
2432,r4i1p1f1,1956,08,29,0.0,24.50328,11.3775,1956
2433,r4i1p1f1,1956,08,30,0.0,23.231325,11.279256,1956
2434,r4i1p1f1,1956,08,31,0.0,25.47081,7.14653,1956
2435,r4i1p1f1,1956,09,01,0.0,26.53498,9.474414,1956
2436,r4i1p1f1,1956,09,02,0.0,26.284695,10.140186,1956
2437,r4i1p1f1,1956,09,03,0.057899194729856295,26.14521,11.115797,1956
2438,r4i1p1f1,1956,09,04,0.0,25.442005,10.8605,1956
2439,r4i1p1f1,1956,09,05,0.0,25.340626,10.0910015,1956
2440,r4i1p1f1,1956,09,06,0.0,24.712164,9.210036,1956
2441,r4i1p1f1,1956,09,07,0.1417881830541967,19.747849,8.335915,1956
2442,r4i1p1f1,1956,09,08,0.0012504308075855836,21.89909,10.116345,1956
2443,r4i1p1f1,1956,09,09,0.2159011090940499,23.571009,9.032878,1956
2444,r4i1p1f1,1956,09,10,0.0,24.725815,8.705528,1956
2445,r4i1p1f1,1956,09,11,0.0,25.825945,10.275231,1956
2446,r4i1p1f1,1956,09,12,0.041580348967245835,25.918036,10.966753,1956
2447,r4i1p1f1,1956,09,13,0.529400854991031,25.293915,10.055404,1956
2448,r4i1p1f1,1956,09,14,2.276170276587329,21.277231,9.706569,1956
2449,r4i1p1f1,1956,09,15,33.561000708628626,16.9349,8.796229,1956
2450,r4i1p1f1,1956,09,16,21.890943627471337,19.56242,9.499967,1956
2451,r4i1p1f1,1956,09,17,0.461528143532797,18.756344,5.0184155,1956
2452,r4i1p1f1,1956,09,18,0.01980665758672503,18.027111,4.9134846,1956
2453,r4i1p1f1,1956,09,19,0.0,19.05275,5.123196,1956
2454,r4i1p1f1,1956,09,20,0.047353781893307065,19.494968,5.470796,1956
2455,r4i1p1f1,1956,09,21,0.0,20.644718,6.012915,1956
2456,r4i1p1f1,1956,09,22,0.0,22.321392,7.3280435,1956
2457,r4i1p1f1,1956,09,23,0.0,22.367254,7.2722783,1956
2458,r4i1p1f1,1956,09,24,0.11138065679890906,22.155106,7.999218,1956
2459,r4i1p1f1,1956,09,25,1.7099518151714137,21.94041,7.710293,1956
2460,r4i1p1f1,1956,09,26,1.5117266942189618,20.852373,5.921334,1956
2461,r4i1p1f1,1956,09,27,0.07380283947578922,21.931547,6.6563673,1956
2462,r4i1p1f1,1956,09,28,0.0,23.207151,7.973171,1956
2463,r4i1p1f1,1956,09,29,0.0,22.336096,8.525933,1956
2464,r4i1p1f1,1956,09,30,0.0,23.972307,7.2248034,1956
2465,r4i1p1f1,1956,10,01,0.0,22.870234,8.110503,1956
2466,r4i1p1f1,1956,10,02,0.0,21.61828,7.9731827,1956
2467,r4i1p1f1,1956,10,03,0.0,21.85638,4.6954107,1956
2468,r4i1p1f1,1956,10,04,0.0,21.56653,7.2480216,1956
2469,r4i1p1f1,1956,10,05,0.0,20.577608,7.7018666,1956
2470,r4i1p1f1,1956,10,06,0.07731039581092905,18.713495,5.3214955,1956
2471,r4i1p1f1,1956,10,07,0.0010917215503596046,15.866208,3.0743773,1956
2472,r4i1p1f1,1956,10,08,24.617681082504554,13.115689,-0.11035177,1956
2473,r4i1p1f1,1956,10,09,0.0018354259432415685,7.919605,-6.3808684,1956
2474,r4i1p1f1,1956,10,10,0.0,9.7886715,-4.334162,1956
2475,r4i1p1f1,1956,10,11,0.0,9.591132,-3.1731062,1956
2476,r4i1p1f1,1956,10,12,0.10742552501278006,10.423301,-2.554281,1956
2477,r4i1p1f1,1956,10,13,0.24366687371369716,12.290839,-3.286174,1956
2478,r4i1p1f1,1956,10,14,0.0,11.580136,-0.38856107,1956
2479,r4i1p1f1,1956,10,15,0.022020864780313794,9.686815,-3.2051525,1956
2480,r4i1p1f1,1956,10,16,0.0,11.998121,-2.2334948,1956
2481,r4i1p1f1,1956,10,17,0.0,16.857754,-0.09527761,1956
2482,r4i1p1f1,1956,10,18,0.0,17.222292,1.6509136,1956
2483,r4i1p1f1,1956,10,19,0.0,17.548754,3.5170233,1956
2484,r4i1p1f1,1956,10,20,0.0,18.51472,5.243119,1956
2485,r4i1p1f1,1956,10,21,0.0,18.188042,4.3922286,1956
2486,r4i1p1f1,1956,10,22,0.0,16.835064,2.807133,1956
2487,r4i1p1f1,1956,10,23,0.0,15.319488,1.9878534,1956
2488,r4i1p1f1,1956,10,24,0.020793106601534283,16.203003,3.9884908,1956
2489,r4i1p1f1,1956,10,25,4.009516058372212,19.57075,6.456874,1956
2490,r4i1p1f1,1956,10,26,8.81817877630817,17.400242,7.3104806,1956
2491,r4i1p1f1,1956,10,27,11.736593167750561,10.62068,2.2341015,1956
2492,r4i1p1f1,1956,10,28,0.0044739621847328555,11.959766,-3.1319633,1956
2493,r4i1p1f1,1956,10,29,0.0,11.304259,-1.538496,1956
2494,r4i1p1f1,1956,10,30,0.0,9.500539,-5.293899,1956
2495,r4i1p1f1,1956,10,31,0.0,8.9281,-3.9268718,1956
2496,r4i1p1f1,1956,11,01,0.0,6.9620085,-4.3198743,1956
2497,r4i1p1f1,1956,11,02,0.0,9.277046,-3.725633,1956
2498,r4i1p1f1,1956,11,03,0.0,11.161312,-2.7968457,1956
2499,r4i1p1f1,1956,11,04,0.0,12.706049,-2.8983188,1956
2500,r4i1p1f1,1956,11,05,0.0,14.502218,-0.6774594,1956
2501,r4i1p1f1,1956,11,06,0.0,15.975082,0.5255189,1956
2502,r4i1p1f1,1956,11,07,0.0,15.0122795,0.29755598,1956
2503,r4i1p1f1,1956,11,08,0.06814285378539155,13.200005,1.4404534,1956
2504,r4i1p1f1,1956,11,09,0.0,11.780057,0.33107194,1956
2505,r4i1p1f1,1956,11,10,21.760781197777078,11.900544,1.560184,1956
2506,r4i1p1f1,1956,11,11,36.801610848649375,4.172076,-3.7735333,1956
2507,r4i1p1f1,1956,11,12,3.7894175504301346,3.360205,-10.297295,1956
2508,r4i1p1f1,1956,11,13,19.859121319136214,2.5129504,-9.465784,1956
2509,r4i1p1f1,1956,11,14,11.943714138661928,1.17091,-8.464067,1956
2510,r4i1p1f1,1956,11,15,6.120070845683248,-1.3239424,-10.963587,1956
2511,r4i1p1f1,1956,11,16,0.0,5.491623,-13.873151,1956
2512,r4i1p1f1,1956,11,17,0.0,8.50135,-8.7446785,1956
2513,r4i1p1f1,1956,11,18,0.0,7.620281,-5.8106375,1956
2514,r4i1p1f1,1956,11,19,0.0,8.627927,-3.9366612,1956
2515,r4i1p1f1,1956,11,20,0.0,14.017248,-3.0064664,1956
2516,r4i1p1f1,1956,11,21,0.0,17.766695,1.632568,1956
2517,r4i1p1f1,1956,11,22,0.0,17.186247,1.3395307,1956
2518,r4i1p1f1,1956,11,23,0.0,14.127379,-1.3710537,1956
2519,r4i1p1f1,1956,11,24,0.0,14.746846,-0.19622098,1956
2520,r4i1p1f1,1956,11,25,0.0,14.263351,-0.52209336,1956
2521,r4i1p1f1,1956,11,26,0.0,11.74807,-0.72364324,1956
2522,r4i1p1f1,1956,11,27,0.8215289835846623,10.720136,1.6112028,1956
2523,r4i1p1f1,1956,11,28,0.16177796937285066,9.529556,-3.6230469,1956
2524,r4i1p1f1,1956,11,29,0.0,10.819237,-4.2115088,1956
2525,r4i1p1f1,1956,11,30,0.0,13.61986,-2.976241,1956
2526,r4i1p1f1,1956,12,01,0.0,11.059879,-1.6790302,1956
2527,r4i1p1f1,1956,12,02,0.0,10.581528,-1.436102,1956
2528,r4i1p1f1,1956,12,03,0.26936514768893516,9.560809,0.2654528,1956
2529,r4i1p1f1,1956,12,04,0.0,10.699825,-2.9683797,1956
2530,r4i1p1f1,1956,12,05,0.0,8.329476,-3.0193021,1956
2531,r4i1p1f1,1956,12,06,0.0,7.984965,-4.4216795,1956
2532,r4i1p1f1,1956,12,07,0.0,11.767093,-0.9662784,1956
2533,r4i1p1f1,1956,12,08,0.0,14.5799675,0.9939042,1956
2534,r4i1p1f1,1956,12,09,0.0,14.71264,0.41436622,1956
2535,r4i1p1f1,1956,12,10,0.0,15.337464,0.96298057,1956
2536,r4i1p1f1,1956,12,11,0.0,15.667586,1.3983102,1956
2537,r4i1p1f1,1956,12,12,0.0,14.862679,3.6003702,1956
2538,r4i1p1f1,1956,12,13,0.0,12.436029,-0.78977686,1956
2539,r4i1p1f1,1956,12,14,0.13341336796582756,7.134144,-3.898317,1956
2540,r4i1p1f1,1956,12,15,0.30971709209519577,-0.17672701,-9.921848,1956
2541,r4i1p1f1,1956,12,16,0.0,-0.5262367,-12.74892,1956
2542,r4i1p1f1,1956,12,17,0.0,3.7320824,-8.6114,1956
2543,r4i1p1f1,1956,12,18,0.0,6.791857,-5.65238,1956
2544,r4i1p1f1,1956,12,19,0.0,7.7839046,-5.0622554,1956
2545,r4i1p1f1,1956,12,20,0.0,7.583025,-5.1034694,1956
2546,r4i1p1f1,1956,12,21,18.49804872655356,1.88014,-7.2486987,1956
2547,r4i1p1f1,1956,12,22,40.37347199027616,-1.6941837,-8.092585,1956
2548,r4i1p1f1,1956,12,23,10.427870658359057,0.9571896,-6.637801,1956
2549,r4i1p1f1,1956,12,24,11.036797781786733,0.3996752,-10.149026,1956
2550,r4i1p1f1,1956,12,25,67.99705252230454,2.8855784,-3.3324373,1956
2551,r4i1p1f1,1956,12,26,31.107236645410968,3.6716995,-7.4922457,1956
2552,r4i1p1f1,1956,12,27,16.350790390184326,-2.0839694,-9.967038,1956
2553,r4i1p1f1,1956,12,28,3.4492067229995667,0.07962975,-6.8151073,1956
2554,r4i1p1f1,1956,12,29,7.323788650709465,3.2958326,-5.6427875,1956
2555,r4i1p1f1,1956,12,30,5.641030047605883,3.1172342,-3.8413846,1956
2556,r4i1p1f1,1956,12,31,0.8189911023835859,6.172168,-2.0544837,1956
2557,r4i1p1f1,1957,01,01,0.0,5.8565884,-4.557728,1957
2558,r4i1p1f1,1957,01,02,0.0,8.577574,-5.275901,1957
2559,r4i1p1f1,1957,01,03,0.0,7.187657,-4.4365993,1957
2560,r4i1p1f1,1957,01,04,0.0,7.262207,-4.0608726,1957
2561,r4i1p1f1,1957,01,05,0.0,6.4751153,-6.644515,1957
2562,r4i1p1f1,1957,01,06,0.0,8.726968,-6.7603197,1957
2563,r4i1p1f1,1957,01,07,0.0,8.909415,-3.2417216,1957
2564,r4i1p1f1,1957,01,08,0.0,6.6280417,-3.760224,1957
2565,r4i1p1f1,1957,01,09,0.0,6.748612,-5.631075,1957
2566,r4i1p1f1,1957,01,10,0.0,8.41341,-4.3046064,1957
2567,r4i1p1f1,1957,01,11,0.0,9.805078,-3.6350327,1957
2568,r4i1p1f1,1957,01,12,0.0,11.984481,-1.5339676,1957
2569,r4i1p1f1,1957,01,13,0.0,13.431394,-0.43192372,1957
2570,r4i1p1f1,1957,01,14,0.0,14.178301,0.058873035,1957
2571,r4i1p1f1,1957,01,15,0.0,12.710698,0.92673105,1957
2572,r4i1p1f1,1957,01,16,0.0,10.646581,-0.49089843,1957
2573,r4i1p1f1,1957,01,17,0.0,12.880951,-1.9348648,1957
2574,r4i1p1f1,1957,01,18,0.0,13.228772,-0.2678973,1957
2575,r4i1p1f1,1957,01,19,0.0,12.609924,-0.31745413,1957
2576,r4i1p1f1,1957,01,20,0.0,10.401143,-3.8829672,1957
2577,r4i1p1f1,1957,01,21,0.0,7.4375625,-5.2582335,1957
2578,r4i1p1f1,1957,01,22,0.0,6.77949,-5.0580764,1957
2579,r4i1p1f1,1957,01,23,0.2704559545483328,4.068203,-6.3072276,1957
2580,r4i1p1f1,1957,01,24,0.28380981312689507,5.6830497,-5.7841544,1957
2581,r4i1p1f1,1957,01,25,4.235997858454106,3.3500254,-7.852859,1957
2582,r4i1p1f1,1957,01,26,0.0,6.7242703,-7.846661,1957
2583,r4i1p1f1,1957,01,27,0.0,10.122696,-2.0836344,1957
2584,r4i1p1f1,1957,01,28,0.0,9.83414,-1.7699583,1957
2585,r4i1p1f1,1957,01,29,0.0,12.288993,-2.6532245,1957
2586,r4i1p1f1,1957,01,30,0.0,14.170117,-0.42643565,1957
2587,r4i1p1f1,1957,01,31,0.0,12.462795,0.8192294,1957
2588,r4i1p1f1,1957,02,01,0.0,9.340275,-2.0119145,1957
2589,r4i1p1f1,1957,02,02,0.0,12.128939,-3.511977,1957
2590,r4i1p1f1,1957,02,03,0.0,11.852349,-0.14729516,1957
2591,r4i1p1f1,1957,02,04,0.0,10.955635,-0.5607105,1957
2592,r4i1p1f1,1957,02,05,0.0,10.564727,-1.9057956,1957
2593,r4i1p1f1,1957,02,06,0.0,8.372956,-2.8981214,1957
2594,r4i1p1f1,1957,02,07,1.817286894132503,4.5326023,-6.0597205,1957
2595,r4i1p1f1,1957,02,08,7.9830005005924125,-0.46998549,-11.571116,1957
2596,r4i1p1f1,1957,02,09,0.0,3.6692607,-11.781352,1957
2597,r4i1p1f1,1957,02,10,0.0,6.341728,-6.932959,1957
2598,r4i1p1f1,1957,02,11,0.0,8.1346035,-4.7193108,1957
2599,r4i1p1f1,1957,02,12,0.0,10.829857,-4.6025105,1957
2600,r4i1p1f1,1957,02,13,0.0,13.392583,-2.082403,1957
2601,r4i1p1f1,1957,02,14,0.0,12.527606,-1.3981591,1957
2602,r4i1p1f1,1957,02,15,0.0,11.826961,-2.5102596,1957
2603,r4i1p1f1,1957,02,16,1.0805240643983212,9.185974,-1.3200822,1957
2604,r4i1p1f1,1957,02,17,18.687290017431437,3.5138693,-7.314819,1957
2605,r4i1p1f1,1957,02,18,0.10061540098782372,6.849853,-6.85886,1957
2606,r4i1p1f1,1957,02,19,20.471234298711515,4.4360557,-3.6289697,1957
2607,r4i1p1f1,1957,02,20,23.760422462822945,2.70701,-9.441212,1957
2608,r4i1p1f1,1957,02,21,0.0,3.0700743,-9.03242,1957
2609,r4i1p1f1,1957,02,22,0.31080295224315846,1.734463,-11.458016,1957
2610,r4i1p1f1,1957,02,23,0.36434256558774547,-1.6865367,-14.71001,1957
2611,r4i1p1f1,1957,02,24,5.874046572147341,2.213968,-7.5558968,1957
2612,r4i1p1f1,1957,02,25,0.0,10.311301,-3.348254,1957
2613,r4i1p1f1,1957,02,26,0.0,12.859489,-0.21669966,1957
2614,r4i1p1f1,1957,02,27,0.0,11.528673,1.8331695,1957
2615,r4i1p1f1,1957,02,28,0.0,10.296282,-3.072846,1957
2616,r4i1p1f1,1957,03,01,0.0,11.046613,0.17023505,1957
2617,r4i1p1f1,1957,03,02,5.556146151490682,6.048251,-2.271587,1957
2618,r4i1p1f1,1957,03,03,31.7731709078342,-0.8960293,-9.500647,1957
2619,r4i1p1f1,1957,03,04,0.19127675468265132,4.8624816,-11.7842,1957
2620,r4i1p1f1,1957,03,05,0.7363615574498439,3.3800054,-9.266216,1957
2621,r4i1p1f1,1957,03,06,13.650515815295801,1.0579914,-9.9989195,1957
2622,r4i1p1f1,1957,03,07,41.96593680132467,-0.7977859,-10.432086,1957
2623,r4i1p1f1,1957,03,08,27.14031193362195,-5.3713017,-11.322326,1957
2624,r4i1p1f1,1957,03,09,0.020287808400106813,1.1890678,-14.40233,1957
2625,r4i1p1f1,1957,03,10,0.023209803403335165,5.06266,-6.4995337,1957
2626,r4i1p1f1,1957,03,11,0.0,9.58875,-5.6955466,1957
2627,r4i1p1f1,1957,03,12,0.0,8.872502,0.6157285,1957
2628,r4i1p1f1,1957,03,13,18.726356692898733,4.6334934,-5.3423643,1957
2629,r4i1p1f1,1957,03,14,0.0,9.567295,-7.2608175,1957
2630,r4i1p1f1,1957,03,15,0.0,11.440351,-5.425027,1957
2631,r4i1p1f1,1957,03,16,0.0,10.8230915,-3.2598612,1957
2632,r4i1p1f1,1957,03,17,3.771557643841947,6.9882154,-5.456767,1957
2633,r4i1p1f1,1957,03,18,0.0,3.0820863,-7.94867,1957
2634,r4i1p1f1,1957,03,19,0.0,5.711244,-9.193151,1957
2635,r4i1p1f1,1957,03,20,0.0,8.208641,-5.6325293,1957
2636,r4i1p1f1,1957,03,21,1.8799502111719715,5.744002,-2.5023942,1957
2637,r4i1p1f1,1957,03,22,2.300067049098667,0.6928754,-9.597689,1957
2638,r4i1p1f1,1957,03,23,1.0436340241484607,2.7188318,-6.7449703,1957
2639,r4i1p1f1,1957,03,24,0.011881622599071204,8.632706,-6.556142,1957
2640,r4i1p1f1,1957,03,25,0.0,9.793376,-5.6587353,1957
2641,r4i1p1f1,1957,03,26,0.01395369750975391,8.404382,-1.9542048,1957
2642,r4i1p1f1,1957,03,27,22.218838641688656,1.6552498,-9.934995,1957
2643,r4i1p1f1,1957,03,28,0.2943946050707966,2.547177,-9.535979,1957
2644,r4i1p1f1,1957,03,29,0.0,6.4660616,-9.650439,1957
2645,r4i1p1f1,1957,03,30,4.685193382047393,2.944833,-6.1492896,1957
2646,r4i1p1f1,1957,03,31,23.64601076457321,-2.593917,-14.346961,1957
2647,r4i1p1f1,1957,04,01,0.21894541617779997,3.102885,-12.939061,1957
2648,r4i1p1f1,1957,04,02,0.0,9.840457,-9.56933,1957
2649,r4i1p1f1,1957,04,03,0.0,9.23116,-6.7082686,1957
2650,r4i1p1f1,1957,04,04,1.501904470472448,4.980807,-8.31451,1957
2651,r4i1p1f1,1957,04,05,0.0,10.740029,-6.082908,1957
2652,r4i1p1f1,1957,04,06,0.0,14.533529,-2.5523212,1957
2653,r4i1p1f1,1957,04,07,3.5850732186672225,11.320519,0.5686176,1957
2654,r4i1p1f1,1957,04,08,0.0,9.890407,-0.8826055,1957
2655,r4i1p1f1,1957,04,09,0.0,11.076049,-2.8656194,1957
2656,r4i1p1f1,1957,04,10,0.0,10.2312155,-3.821243,1957
2657,r4i1p1f1,1957,04,11,0.0,9.70319,-5.13862,1957
2658,r4i1p1f1,1957,04,12,0.0,9.810026,-5.224707,1957
2659,r4i1p1f1,1957,04,13,0.0,12.605954,-2.9505901,1957
2660,r4i1p1f1,1957,04,14,0.0018147813583981262,11.402892,-1.6710038,1957
2661,r4i1p1f1,1957,04,15,20.381453781540408,4.646881,-11.192853,1957
2662,r4i1p1f1,1957,04,16,0.26750060090089556,-2.91771,-13.588265,1957
2663,r4i1p1f1,1957,04,17,0.0,2.0568697,-13.556956,1957
2664,r4i1p1f1,1957,04,18,0.0,8.252701,-7.939709,1957
2665,r4i1p1f1,1957,04,19,0.0,11.081438,-4.4843235,1957
2666,r4i1p1f1,1957,04,20,0.0,10.712428,-3.747602,1957
2667,r4i1p1f1,1957,04,21,0.1288483595209274,13.007455,-1.8482995,1957
2668,r4i1p1f1,1957,04,22,0.0,13.342592,-1.2946335,1957
2669,r4i1p1f1,1957,04,23,0.0,12.054505,-0.36256734,1957
2670,r4i1p1f1,1957,04,24,0.0,7.899091,-5.5807405,1957
2671,r4i1p1f1,1957,04,25,0.0,8.042255,-4.776879,1957
2672,r4i1p1f1,1957,04,26,0.0,13.831088,-1.1118904,1957
2673,r4i1p1f1,1957,04,27,0.0,17.799639,2.2583017,1957
2674,r4i1p1f1,1957,04,28,0.0,18.533443,3.543203,1957
2675,r4i1p1f1,1957,04,29,0.0,17.378384,3.2059584,1957
2676,r4i1p1f1,1957,04,30,0.0,12.219761,-1.1983825,1957
2677,r4i1p1f1,1957,05,01,0.0,11.162541,-2.525701,1957
2678,r4i1p1f1,1957,05,02,0.0,14.120587,-1.0677153,1957
2679,r4i1p1f1,1957,05,03,0.0,14.689879,0.8049136,1957
2680,r4i1p1f1,1957,05,04,0.0,16.569504,1.9192522,1957
2681,r4i1p1f1,1957,05,05,0.0,18.974777,3.442186,1957
2682,r4i1p1f1,1957,05,06,0.0,20.47887,4.316421,1957
2683,r4i1p1f1,1957,05,07,0.0,20.083368,5.2124887,1957
2684,r4i1p1f1,1957,05,08,0.0,19.4179,5.5627275,1957
2685,r4i1p1f1,1957,05,09,3.4926559698024033,13.367736,-1.4595276,1957
2686,r4i1p1f1,1957,05,10,13.384176451002766,-0.7034337,-9.142191,1957
2687,r4i1p1f1,1957,05,11,0.010905496076690202,6.499931,-6.593649,1957
2688,r4i1p1f1,1957,05,12,0.8171095823138484,4.4458103,-4.64859,1957
2689,r4i1p1f1,1957,05,13,0.32694697478933343,9.33332,-5.53307,1957
2690,r4i1p1f1,1957,05,14,0.6908027347124854,12.632208,-1.2341856,1957
2691,r4i1p1f1,1957,05,15,0.002451136881302267,16.47542,1.5681397,1957
2692,r4i1p1f1,1957,05,16,0.1185506443457248,17.967102,3.3547952,1957
2693,r4i1p1f1,1957,05,17,0.0,19.82238,4.5867324,1957
2694,r4i1p1f1,1957,05,18,0.0,20.801802,6.6256623,1957
2695,r4i1p1f1,1957,05,19,0.0,21.29396,6.985584,1957
2696,r4i1p1f1,1957,05,20,0.3789416765604522,21.112627,6.4295263,1957
2697,r4i1p1f1,1957,05,21,0.1396529288372242,18.661966,5.207328,1957
2698,r4i1p1f1,1957,05,22,0.0,17.764912,3.9538155,1957
2699,r4i1p1f1,1957,05,23,1.1549649197178655,17.02743,3.4208293,1957
2700,r4i1p1f1,1957,05,24,0.0,17.105637,3.132221,1957
2701,r4i1p1f1,1957,05,25,0.0,18.03275,4.368691,1957
2702,r4i1p1f1,1957,05,26,0.0,18.118484,5.2679577,1957
2703,r4i1p1f1,1957,05,27,2.1618179455194735,14.317353,2.272286,1957
2704,r4i1p1f1,1957,05,28,0.07667920747887748,18.939354,4.3062544,1957
2705,r4i1p1f1,1957,05,29,0.0,19.909683,6.110851,1957
2706,r4i1p1f1,1957,05,30,0.293714186554349,20.359472,6.2404056,1957
2707,r4i1p1f1,1957,05,31,1.355989414382933,19.505608,5.921735,1957
2708,r4i1p1f1,1957,06,01,6.820334008023985,22.70639,9.035045,1957
2709,r4i1p1f1,1957,06,02,2.9100620735104354,22.066381,7.1482844,1957
2710,r4i1p1f1,1957,06,03,1.4178898429812292,19.676445,6.6089935,1957
2711,r4i1p1f1,1957,06,04,2.1322364708222303,17.477331,4.030515,1957
2712,r4i1p1f1,1957,06,05,4.1689281983588655,15.774703,1.9285599,1957
2713,r4i1p1f1,1957,06,06,17.75639416438968,10.470754,0.9227187,1957
2714,r4i1p1f1,1957,06,07,3.0563835746197667,8.204047,0.16563906,1957
2715,r4i1p1f1,1957,06,08,0.5472198096872057,14.971114,0.8019379,1957
2716,r4i1p1f1,1957,06,09,0.5794303497390815,16.641294,1.8815901,1957
2717,r4i1p1f1,1957,06,10,0.01363659160550393,17.324718,3.1887133,1957
2718,r4i1p1f1,1957,06,11,0.0,19.63781,4.05959,1957
2719,r4i1p1f1,1957,06,12,0.0,21.131046,6.9444265,1957
2720,r4i1p1f1,1957,06,13,0.0,21.775187,6.8500276,1957
2721,r4i1p1f1,1957,06,14,0.0,21.27231,7.5189633,1957
2722,r4i1p1f1,1957,06,15,0.33723452594394615,22.107897,8.020056,1957
2723,r4i1p1f1,1957,06,16,0.4899261599858697,21.19965,7.0774784,1957
2724,r4i1p1f1,1957,06,17,0.013555518648591381,21.771418,7.2081165,1957
2725,r4i1p1f1,1957,06,18,0.1499053246667714,21.72275,7.4155912,1957
2726,r4i1p1f1,1957,06,19,0.09711567624159972,21.956108,7.2089715,1957
2727,r4i1p1f1,1957,06,20,0.06369645134451045,23.053432,7.6757545,1957
2728,r4i1p1f1,1957,06,21,1.4890455714468023,23.31522,9.601012,1957
2729,r4i1p1f1,1957,06,22,1.2754014339197266,18.575441,5.6091084,1957
2730,r4i1p1f1,1957,06,23,0.19127681668467475,19.210003,5.1446075,1957
2731,r4i1p1f1,1957,06,24,0.020600920707359804,20.35386,6.5838017,1957
2732,r4i1p1f1,1957,06,25,2.480807410794686,20.432838,6.771115,1957
2733,r4i1p1f1,1957,06,26,0.720052575942485,18.74282,6.244975,1957
2734,r4i1p1f1,1957,06,27,0.0,19.35327,4.702723,1957
2735,r4i1p1f1,1957,06,28,0.0,18.95601,6.1504683,1957
2736,r4i1p1f1,1957,06,29,0.0,17.308756,3.6289093,1957
2737,r4i1p1f1,1957,06,30,0.0,19.988535,4.514648,1957
2738,r4i1p1f1,1957,07,01,0.0,21.726034,6.2633085,1957
2739,r4i1p1f1,1957,07,02,0.0,21.0251,7.119344,1957
2740,r4i1p1f1,1957,07,03,0.003155780855009998,18.32098,3.6773643,1957
2741,r4i1p1f1,1957,07,04,0.001257758824511882,13.619513,1.1509901,1957
2742,r4i1p1f1,1957,07,05,0.6696690504407042,14.343822,2.237126,1957
2743,r4i1p1f1,1957,07,06,0.20855956008168974,17.258747,2.7054245,1957
2744,r4i1p1f1,1957,07,07,0.0,16.16733,3.6384952,1957
2745,r4i1p1f1,1957,07,08,0.0,16.578833,2.5488625,1957
2746,r4i1p1f1,1957,07,09,0.0,17.272055,2.5911205,1957
2747,r4i1p1f1,1957,07,10,0.0,21.01451,3.3818834,1957
2748,r4i1p1f1,1957,07,11,0.0,22.646334,6.289276,1957
2749,r4i1p1f1,1957,07,12,0.0,21.525892,7.7956867,1957
2750,r4i1p1f1,1957,07,13,0.09324084805394207,23.364174,8.656003,1957
2751,r4i1p1f1,1957,07,14,0.0,26.467068,9.856814,1957
2752,r4i1p1f1,1957,07,15,0.0,28.147774,11.871547,1957
2753,r4i1p1f1,1957,07,16,0.0,28.148111,12.372215,1957
2754,r4i1p1f1,1957,07,17,0.0,27.436867,12.246016,1957
2755,r4i1p1f1,1957,07,18,0.0,26.207535,10.707598,1957
2756,r4i1p1f1,1957,07,19,0.0,24.544373,10.318345,1957
2757,r4i1p1f1,1957,07,20,0.0,23.278053,9.219486,1957
2758,r4i1p1f1,1957,07,21,0.0,23.100214,7.3958855,1957
2759,r4i1p1f1,1957,07,22,0.0,23.593456,7.5325255,1957
2760,r4i1p1f1,1957,07,23,0.0,23.711987,9.147982,1957
2761,r4i1p1f1,1957,07,24,0.0,24.611082,8.942744,1957
2762,r4i1p1f1,1957,07,25,0.0,26.532818,9.38564,1957
2763,r4i1p1f1,1957,07,26,0.0,26.462667,11.088101,1957
2764,r4i1p1f1,1957,07,27,0.0,26.96256,11.114381,1957
2765,r4i1p1f1,1957,07,28,0.0,26.660837,11.01953,1957
2766,r4i1p1f1,1957,07,29,0.0,26.10664,10.25436,1957
2767,r4i1p1f1,1957,07,30,0.0,25.653475,9.945573,1957
2768,r4i1p1f1,1957,07,31,0.0,24.84759,9.292644,1957
2769,r4i1p1f1,1957,08,01,0.0,23.345716,8.062903,1957
2770,r4i1p1f1,1957,08,02,0.0,23.363852,7.4699783,1957
2771,r4i1p1f1,1957,08,03,0.0,24.06543,7.443119,1957
2772,r4i1p1f1,1957,08,04,0.0,23.912607,7.874232,1957
2773,r4i1p1f1,1957,08,05,0.0,23.481028,9.277265,1957
2774,r4i1p1f1,1957,08,06,0.0,24.029171,8.707548,1957
2775,r4i1p1f1,1957,08,07,0.0,23.874971,9.220101,1957
2776,r4i1p1f1,1957,08,08,0.0,24.376377,8.558462,1957
2777,r4i1p1f1,1957,08,09,0.0,26.18438,9.683742,1957
2778,r4i1p1f1,1957,08,10,0.0,27.39962,10.80593,1957
2779,r4i1p1f1,1957,08,11,0.002710655928437695,26.582232,12.530557,1957
2780,r4i1p1f1,1957,08,12,0.0,24.186884,9.558394,1957
2781,r4i1p1f1,1957,08,13,0.01602779621981628,25.532516,10.20206,1957
2782,r4i1p1f1,1957,08,14,0.021937730511686262,25.032751,10.638397,1957
2783,r4i1p1f1,1957,08,15,0.0,25.589314,10.724477,1957
2784,r4i1p1f1,1957,08,16,0.0,25.72056,10.727046,1957
2785,r4i1p1f1,1957,08,17,0.0,26.622252,10.602513,1957
2786,r4i1p1f1,1957,08,18,0.0,27.996496,11.433113,1957
2787,r4i1p1f1,1957,08,19,0.0,27.709711,12.032915,1957
2788,r4i1p1f1,1957,08,20,0.0017030427784962385,27.208939,12.626477,1957
2789,r4i1p1f1,1957,08,21,0.7772817806740043,25.346941,12.098838,1957
2790,r4i1p1f1,1957,08,22,0.3000158026953527,22.206266,9.929029,1957
2791,r4i1p1f1,1957,08,23,0.0013267215195415347,22.518747,8.793738,1957
2792,r4i1p1f1,1957,08,24,2.823836334304426,23.388044,8.49834,1957
2793,r4i1p1f1,1957,08,25,0.4996532744062855,23.47609,7.5769086,1957
2794,r4i1p1f1,1957,08,26,0.0037627880423586834,24.443905,9.423598,1957
2795,r4i1p1f1,1957,08,27,0.2926236550539376,25.230354,9.353169,1957
2796,r4i1p1f1,1957,08,28,1.6307053540440064,23.552055,11.230712,1957
2797,r4i1p1f1,1957,08,29,0.0,25.536762,9.23217,1957
2798,r4i1p1f1,1957,08,30,1.1641255872301655,25.613913,9.442258,1957
2799,r4i1p1f1,1957,08,31,0.8748385856673174,23.047485,9.640183,1957
2800,r4i1p1f1,1957,09,01,0.0,23.705666,7.897469,1957
2801,r4i1p1f1,1957,09,02,0.0,24.730694,9.251218,1957
2802,r4i1p1f1,1957,09,03,0.0,26.407831,10.0512705,1957
2803,r4i1p1f1,1957,09,04,0.0,26.374567,10.931074,1957
2804,r4i1p1f1,1957,09,05,0.0,25.939701,10.525203,1957
2805,r4i1p1f1,1957,09,06,0.0,24.609583,9.591794,1957
2806,r4i1p1f1,1957,09,07,0.0,22.818945,7.3920994,1957
2807,r4i1p1f1,1957,09,08,0.0,25.187267,7.678439,1957
2808,r4i1p1f1,1957,09,09,0.0,25.242945,9.628444,1957
2809,r4i1p1f1,1957,09,10,0.9939160348718912,25.55485,11.198273,1957
2810,r4i1p1f1,1957,09,11,0.004711327886675607,20.206757,7.253196,1957
2811,r4i1p1f1,1957,09,12,0.12469565502038159,18.990519,6.263512,1957
2812,r4i1p1f1,1957,09,13,0.471670146493026,20.51644,6.1512604,1957
2813,r4i1p1f1,1957,09,14,0.003278795314009293,18.24422,5.6277447,1957
2814,r4i1p1f1,1957,09,15,0.0,16.48177,4.3605022,1957
2815,r4i1p1f1,1957,09,16,0.0,20.51724,3.9309053,1957
2816,r4i1p1f1,1957,09,17,0.0,25.35025,7.6368065,1957
2817,r4i1p1f1,1957,09,18,0.0,25.966402,9.29867,1957
2818,r4i1p1f1,1957,09,19,0.0,24.742958,10.446015,1957
2819,r4i1p1f1,1957,09,20,0.0,23.42234,8.671236,1957
2820,r4i1p1f1,1957,09,21,0.0,23.84408,7.683581,1957
2821,r4i1p1f1,1957,09,22,0.0,24.1071,8.13404,1957
2822,r4i1p1f1,1957,09,23,0.0,23.90823,8.120646,1957
2823,r4i1p1f1,1957,09,24,0.0,22.569084,7.404097,1957
2824,r4i1p1f1,1957,09,25,0.009467545238310867,23.127464,7.9311004,1957
2825,r4i1p1f1,1957,09,26,0.0,25.826708,10.042622,1957
2826,r4i1p1f1,1957,09,27,0.0,27.729013,11.057575,1957
2827,r4i1p1f1,1957,09,28,0.0,27.858381,11.125946,1957
2828,r4i1p1f1,1957,09,29,0.0,27.429405,10.555735,1957
2829,r4i1p1f1,1957,09,30,0.0,26.532986,11.098265,1957
2830,r4i1p1f1,1957,10,01,0.0,23.251545,8.734601,1957
2831,r4i1p1f1,1957,10,02,0.0,22.715267,7.1392484,1957
2832,r4i1p1f1,1957,10,03,0.0,21.749466,7.6494327,1957
2833,r4i1p1f1,1957,10,04,0.0,19.388689,5.1848283,1957
2834,r4i1p1f1,1957,10,05,0.0,21.837917,5.569019,1957
2835,r4i1p1f1,1957,10,06,0.06134221238100994,21.403513,8.687986,1957
2836,r4i1p1f1,1957,10,07,15.75174348821813,17.414703,5.5013394,1957
2837,r4i1p1f1,1957,10,08,8.807279626660815,5.667895,-3.2629564,1957
2838,r4i1p1f1,1957,10,09,0.0,4.906314,-6.908876,1957
2839,r4i1p1f1,1957,10,10,4.165122084547023,4.8252687,-5.6245527,1957
2840,r4i1p1f1,1957,10,11,4.592289808955914,2.8080914,-6.437224,1957
2841,r4i1p1f1,1957,10,12,0.0,6.5748453,-8.199179,1957
2842,r4i1p1f1,1957,10,13,0.3273079076794248,6.5104356,-4.28116,1957
2843,r4i1p1f1,1957,10,14,0.0,9.189774,-5.9886928,1957
2844,r4i1p1f1,1957,10,15,0.38363402356102333,9.794692,-3.8400564,1957
2845,r4i1p1f1,1957,10,16,0.4820532850004482,4.9405107,-8.528816,1957
2846,r4i1p1f1,1957,10,17,0.0,4.886566,-9.226796,1957
2847,r4i1p1f1,1957,10,18,0.0,7.329287,-6.8413963,1957
2848,r4i1p1f1,1957,10,19,0.0,9.759123,-4.211721,1957
2849,r4i1p1f1,1957,10,20,0.0,11.942796,-1.8061452,1957
2850,r4i1p1f1,1957,10,21,0.0,12.556212,-2.5029633,1957
2851,r4i1p1f1,1957,10,22,0.0,11.891001,0.03192401,1957
2852,r4i1p1f1,1957,10,23,15.858761804386166,12.048214,-2.8594933,1957
2853,r4i1p1f1,1957,10,24,0.0,8.673097,-4.4542274,1957
2854,r4i1p1f1,1957,10,25,0.0,13.733431,-1.8531439,1957
2855,r4i1p1f1,1957,10,26,0.0,15.7531395,0.048940804,1957
2856,r4i1p1f1,1957,10,27,0.0,17.112215,1.7072389,1957
2857,r4i1p1f1,1957,10,28,0.0,17.16544,2.803705,1957
2858,r4i1p1f1,1957,10,29,0.0,17.647835,1.1073128,1957
2859,r4i1p1f1,1957,10,30,0.0,18.888767,2.9151554,1957
2860,r4i1p1f1,1957,10,31,0.0,20.433306,4.6032434,1957
2861,r4i1p1f1,1957,11,01,0.0,21.120745,6.244242,1957
2862,r4i1p1f1,1957,11,02,0.0,18.940565,7.143486,1957
2863,r4i1p1f1,1957,11,03,0.0,15.914078,4.168165,1957
2864,r4i1p1f1,1957,11,04,0.0,17.17301,0.939223,1957
2865,r4i1p1f1,1957,11,05,0.0,20.155415,3.3609374,1957
2866,r4i1p1f1,1957,11,06,0.0,21.119604,5.3331065,1957
2867,r4i1p1f1,1957,11,07,0.0,20.375053,8.407998,1957
2868,r4i1p1f1,1957,11,08,0.0,17.59238,6.316184,1957
2869,r4i1p1f1,1957,11,09,0.0,15.004711,-0.116644815,1957
2870,r4i1p1f1,1957,11,10,0.0,14.74233,-0.70433843,1957
2871,r4i1p1f1,1957,11,11,0.0,14.662931,0.21282552,1957
2872,r4i1p1f1,1957,11,12,0.0,13.871444,0.9778734,1957
2873,r4i1p1f1,1957,11,13,0.0,17.462261,2.0559516,1957
2874,r4i1p1f1,1957,11,14,0.0,16.255106,1.3745995,1957
2875,r4i1p1f1,1957,11,15,0.0,14.797776,-0.39309838,1957
2876,r4i1p1f1,1957,11,16,0.0,12.784815,2.9771297,1957
2877,r4i1p1f1,1957,11,17,0.0,10.559085,-4.858779,1957
2878,r4i1p1f1,1957,11,18,0.0,7.5489726,-6.2988515,1957
2879,r4i1p1f1,1957,11,19,0.007989375442948626,6.258295,-5.81788,1957
2880,r4i1p1f1,1957,11,20,0.0,4.0401335,-4.9519596,1957
2881,r4i1p1f1,1957,11,21,0.0,8.299121,-6.4729548,1957
2882,r4i1p1f1,1957,11,22,0.0,10.282543,-4.1755166,1957
2883,r4i1p1f1,1957,11,23,0.28573356840830433,9.712228,0.3162498,1957
2884,r4i1p1f1,1957,11,24,0.11810251132098376,9.122606,-2.2803855,1957
2885,r4i1p1f1,1957,11,25,0.0,12.534031,-2.337969,1957
2886,r4i1p1f1,1957,11,26,0.0,12.507574,1.4023287,1957
2887,r4i1p1f1,1957,11,27,10.87807971885116,12.352631,-0.13669355,1957
2888,r4i1p1f1,1957,11,28,0.0,6.0460906,-7.9505534,1957
2889,r4i1p1f1,1957,11,29,0.0,4.5283475,-7.4763346,1957
2890,r4i1p1f1,1957,11,30,0.0,4.4420495,-7.5176296,1957
2891,r4i1p1f1,1957,12,01,0.0,6.6104994,-6.4463553,1957
2892,r4i1p1f1,1957,12,02,10.79141950973297,1.8437657,-8.893657,1957
2893,r4i1p1f1,1957,12,03,33.54022210554485,-3.9179337,-11.692401,1957
2894,r4i1p1f1,1957,12,04,2.0831759788751905,-1.9909343,-14.034135,1957
2895,r4i1p1f1,1957,12,05,7.715874352400603,-5.7834125,-13.962485,1957
2896,r4i1p1f1,1957,12,06,0.0,-7.7735353,-16.219486,1957
2897,r4i1p1f1,1957,12,07,0.2891248397596156,-5.2645345,-16.697096,1957
2898,r4i1p1f1,1957,12,08,0.46574120922544177,-4.4992647,-15.201438,1957
2899,r4i1p1f1,1957,12,09,0.0,-2.293599,-16.907585,1957
2900,r4i1p1f1,1957,12,10,0.9899188185623413,-0.36293575,-12.386,1957
2901,r4i1p1f1,1957,12,11,0.0,3.0609076,-8.837841,1957
2902,r4i1p1f1,1957,12,12,0.0,6.216023,-7.1992655,1957
2903,r4i1p1f1,1957,12,13,0.14972300105000613,4.323365,-4.485585,1957
2904,r4i1p1f1,1957,12,14,1.8684411782434087,4.2875395,-7.6754527,1957
2905,r4i1p1f1,1957,12,15,0.0,3.3516867,-9.506757,1957
2906,r4i1p1f1,1957,12,16,2.285197045085414,-0.42718685,-10.734732,1957
2907,r4i1p1f1,1957,12,17,0.0,3.3141842,-11.312529,1957
2908,r4i1p1f1,1957,12,18,0.0,6.4550004,-8.578824,1957
2909,r4i1p1f1,1957,12,19,0.0,5.5960894,-5.1239333,1957
2910,r4i1p1f1,1957,12,20,0.30162988670402874,2.547205,-4.264725,1957
2911,r4i1p1f1,1957,12,21,5.364122989460272,0.1613748,-10.216447,1957
2912,r4i1p1f1,1957,12,22,0.0,0.81884193,-12.272342,1957
2913,r4i1p1f1,1957,12,23,0.0,4.8607187,-10.802121,1957
2914,r4i1p1f1,1957,12,24,0.0,7.3663783,-6.4560275,1957
2915,r4i1p1f1,1957,12,25,0.0,7.8620358,-3.8402889,1957
2916,r4i1p1f1,1957,12,26,0.0,5.064034,-6.1204233,1957
2917,r4i1p1f1,1957,12,27,0.0,4.643412,-7.594824,1957
2918,r4i1p1f1,1957,12,28,0.0,7.7153893,-5.9703655,1957
2919,r4i1p1f1,1957,12,29,0.0,5.413366,-7.8366127,1957
2920,r4i1p1f1,1957,12,30,0.0,-1.8162922,-14.155352,1957
2921,r4i1p1f1,1957,12,31,0.0,-4.380034,-16.300375,1957
2922,r4i1p1f1,1958,01,01,21.172805461027487,-6.676454,-13.681445,1958
2923,r4i1p1f1,1958,01,02,0.23646593295672894,-5.107986,-18.885525,1958
2924,r4i1p1f1,1958,01,03,0.0,-6.2639766,-19.544085,1958
2925,r4i1p1f1,1958,01,04,0.0,3.2657788,-11.103291,1958
2926,r4i1p1f1,1958,01,05,0.0,7.0292406,-8.083592,1958
2927,r4i1p1f1,1958,01,06,0.0,8.8652,-5.1032043,1958
2928,r4i1p1f1,1958,01,07,0.0,10.33731,-3.8537393,1958
2929,r4i1p1f1,1958,01,08,0.0,11.129686,-2.1229455,1958
2930,r4i1p1f1,1958,01,09,0.0,10.632759,0.21380532,1958
2931,r4i1p1f1,1958,01,10,0.0,8.468027,-3.1298013,1958
2932,r4i1p1f1,1958,01,11,0.0,5.22102,-8.985388,1958
2933,r4i1p1f1,1958,01,12,0.0,7.658191,-5.637588,1958
2934,r4i1p1f1,1958,01,13,0.0,12.160294,-3.5708117,1958
2935,r4i1p1f1,1958,01,14,0.0,10.57459,-1.2191435,1958
2936,r4i1p1f1,1958,01,15,0.0,7.8982134,-4.772545,1958
2937,r4i1p1f1,1958,01,16,0.0,6.4301534,-5.1358824,1958
2938,r4i1p1f1,1958,01,17,0.0,7.6870084,-6.371139,1958
2939,r4i1p1f1,1958,01,18,0.0,7.183866,-4.892599,1958
2940,r4i1p1f1,1958,01,19,0.0,7.54722,-3.351259,1958
2941,r4i1p1f1,1958,01,20,0.0,10.077447,-4.1909847,1958
2942,r4i1p1f1,1958,01,21,0.0,11.940528,-1.945679,1958
2943,r4i1p1f1,1958,01,22,0.04062554589630741,10.620629,-1.0041934,1958
2944,r4i1p1f1,1958,01,23,0.26273821770359457,3.9281964,-5.0933757,1958
2945,r4i1p1f1,1958,01,24,11.270321992318657,1.7533653,-9.733858,1958
2946,r4i1p1f1,1958,01,25,0.0,3.4546113,-10.659145,1958
2947,r4i1p1f1,1958,01,26,0.0,3.9005876,-9.975254,1958
2948,r4i1p1f1,1958,01,27,0.0,4.578647,-6.1893587,1958
2949,r4i1p1f1,1958,01,28,0.0,6.075674,-6.0422683,1958
2950,r4i1p1f1,1958,01,29,19.7843620253356,2.6191516,-4.737974,1958
2951,r4i1p1f1,1958,01,30,7.77930149993421,-0.5083123,-9.09111,1958
2952,r4i1p1f1,1958,01,31,0.0,5.4384737,-9.957661,1958
2953,r4i1p1f1,1958,02,01,0.0,7.4357815,-7.015515,1958
2954,r4i1p1f1,1958,02,02,0.0,10.930791,-4.5023394,1958
2955,r4i1p1f1,1958,02,03,0.0,8.989391,-2.689258,1958
2956,r4i1p1f1,1958,02,04,0.0,8.533009,-3.9349327,1958
2957,r4i1p1f1,1958,02,05,0.0,11.47015,-3.4787405,1958
2958,r4i1p1f1,1958,02,06,0.0,13.972162,-0.08499912,1958
2959,r4i1p1f1,1958,02,07,0.0,14.752729,-2.1306295,1958
2960,r4i1p1f1,1958,02,08,0.0,15.382296,-1.4987494,1958
2961,r4i1p1f1,1958,02,09,0.0,13.628838,-0.25873265,1958
2962,r4i1p1f1,1958,02,10,0.0,11.443992,-3.677267,1958
2963,r4i1p1f1,1958,02,11,0.0,10.4312105,-1.7659287,1958
2964,r4i1p1f1,1958,02,12,0.0,11.003517,-2.62358,1958
2965,r4i1p1f1,1958,02,13,0.0,12.934137,-2.1268306,1958
2966,r4i1p1f1,1958,02,14,0.0,12.137844,-2.8812916,1958
2967,r4i1p1f1,1958,02,15,0.0,9.7288265,-3.4209492,1958
2968,r4i1p1f1,1958,02,16,0.0,10.421691,-4.9192824,1958
2969,r4i1p1f1,1958,02,17,0.0,11.457486,-2.31281,1958
2970,r4i1p1f1,1958,02,18,0.0,9.218874,-1.808734,1958
2971,r4i1p1f1,1958,02,19,36.7939239801898,4.5716515,-7.9484897,1958
2972,r4i1p1f1,1958,02,20,4.855945845990156,-4.9641433,-13.599395,1958
2973,r4i1p1f1,1958,02,21,0.004585943083653892,-1.5170665,-13.17243,1958
2974,r4i1p1f1,1958,02,22,0.0,-0.59632874,-17.82648,1958
2975,r4i1p1f1,1958,02,23,10.408081588101846,-3.0917199,-14.486052,1958
2976,r4i1p1f1,1958,02,24,62.08514244115503,-1.2334292,-7.243168,1958
2977,r4i1p1f1,1958,02,25,42.13921851678688,-1.5500356,-8.561951,1958
2978,r4i1p1f1,1958,02,26,19.308885476421313,-5.3512444,-12.490325,1958
2979,r4i1p1f1,1958,02,27,0.0,2.7991247,-13.875225,1958
2980,r4i1p1f1,1958,02,28,0.0,10.736376,-7.5278454,1958
2981,r4i1p1f1,1958,03,01,0.0,15.74953,-3.6563458,1958
2982,r4i1p1f1,1958,03,02,0.0,16.677134,-1.425562,1958
2983,r4i1p1f1,1958,03,03,0.0,15.682351,-1.742354,1958
2984,r4i1p1f1,1958,03,04,0.0,14.377104,-0.4397345,1958
2985,r4i1p1f1,1958,03,05,0.0,13.618722,0.084657624,1958
2986,r4i1p1f1,1958,03,06,0.0,14.697371,-1.6615055,1958
2987,r4i1p1f1,1958,03,07,0.0,13.377805,-2.2773218,1958
2988,r4i1p1f1,1958,03,08,0.6240474907892711,9.093739,-0.11167631,1958
2989,r4i1p1f1,1958,03,09,0.0,7.8986363,0.7698707,1958
2990,r4i1p1f1,1958,03,10,0.0,9.318075,-6.7706366,1958
2991,r4i1p1f1,1958,03,11,0.0,11.376356,-4.9825544,1958
2992,r4i1p1f1,1958,03,12,0.0,10.806137,-3.8595605,1958
2993,r4i1p1f1,1958,03,13,0.0,8.786197,-1.7387055,1958
2994,r4i1p1f1,1958,03,14,7.269362631614963,3.0920377,-5.674923,1958
2995,r4i1p1f1,1958,03,15,0.0,10.133086,-5.3635173,1958
2996,r4i1p1f1,1958,03,16,0.0,10.200334,-3.2847795,1958
2997,r4i1p1f1,1958,03,17,0.01736819631908915,8.069437,-2.3000414,1958
2998,r4i1p1f1,1958,03,18,0.0,1.9299921,-11.0999975,1958
2999,r4i1p1f1,1958,03,19,0.0,4.6551514,-9.282791,1958
3000,r4i1p1f1,1958,03,20,0.0,8.725732,-6.5332055,1958
3001,r4i1p1f1,1958,03,21,0.0,11.338189,-4.5701475,1958
3002,r4i1p1f1,1958,03,22,0.0,12.057778,-2.2235348,1958
3003,r4i1p1f1,1958,03,23,0.0,11.354019,-3.840273,1958
3004,r4i1p1f1,1958,03,24,0.0,10.029185,-3.4640148,1958
3005,r4i1p1f1,1958,03,25,0.014336937216713148,4.3779063,-7.422111,1958
3006,r4i1p1f1,1958,03,26,0.21410633709976487,3.2347882,-8.057541,1958
3007,r4i1p1f1,1958,03,27,0.0,6.8054757,-7.7809186,1958
3008,r4i1p1f1,1958,03,28,0.0,11.268868,-5.668786,1958
3009,r4i1p1f1,1958,03,29,0.7009353038203978,9.255869,-3.6363013,1958
3010,r4i1p1f1,1958,03,30,3.0673425667311793,5.590019,-5.5349474,1958
3011,r4i1p1f1,1958,03,31,0.0,10.329513,-4.9810686,1958
3012,r4i1p1f1,1958,04,01,0.0,9.661472,-2.6283882,1958
3013,r4i1p1f1,1958,04,02,2.427782141302285,6.607266,-4.9754095,1958
3014,r4i1p1f1,1958,04,03,16.793243864596487,2.5124204,-7.0966134,1958
3015,r4i1p1f1,1958,04,04,0.0,6.758008,-4.4448752,1958
3016,r4i1p1f1,1958,04,05,0.0,8.141683,-7.006658,1958
3017,r4i1p1f1,1958,04,06,0.0,9.667255,-5.5032496,1958
3018,r4i1p1f1,1958,04,07,0.0,11.1474695,-3.1530828,1958
3019,r4i1p1f1,1958,04,08,0.0,13.152587,-2.370329,1958
3020,r4i1p1f1,1958,04,09,0.0,15.2323475,-0.5626138,1958
3021,r4i1p1f1,1958,04,10,0.0,18.250835,2.4516008,1958
3022,r4i1p1f1,1958,04,11,0.0,19.52116,3.0803106,1958
3023,r4i1p1f1,1958,04,12,0.0,20.210981,4.4223995,1958
3024,r4i1p1f1,1958,04,13,0.0,19.103237,4.7629504,1958
3025,r4i1p1f1,1958,04,14,0.43862957646438167,13.460874,-0.039839663,1958
3026,r4i1p1f1,1958,04,15,1.100868694652799,9.210768,-0.8926607,1958
3027,r4i1p1f1,1958,04,16,13.070187856041173,7.857675,-3.6422174,1958
3028,r4i1p1f1,1958,04,17,0.6500386963853911,11.604444,-4.097656,1958
3029,r4i1p1f1,1958,04,18,0.0,12.877743,-1.58113,1958
3030,r4i1p1f1,1958,04,19,0.0,13.420939,-1.7536812,1958
3031,r4i1p1f1,1958,04,20,2.9996927084790532,11.472352,-2.5047774,1958
3032,r4i1p1f1,1958,04,21,24.269101720901702,5.543942,-4.625078,1958
3033,r4i1p1f1,1958,04,22,6.254218933759868,6.286041,-5.72848,1958
3034,r4i1p1f1,1958,04,23,0.0,15.53883,-1.0518614,1958
3035,r4i1p1f1,1958,04,24,0.0,17.993183,1.3185693,1958
3036,r4i1p1f1,1958,04,25,0.0,17.452389,4.054096,1958
3037,r4i1p1f1,1958,04,26,0.0,16.39448,1.2737725,1958
3038,r4i1p1f1,1958,04,27,0.3286825640077547,12.529938,-0.75257957,1958
3039,r4i1p1f1,1958,04,28,0.0,11.610318,-0.8870227,1958
3040,r4i1p1f1,1958,04,29,0.0,15.470941,-0.0409249,1958
3041,r4i1p1f1,1958,04,30,0.0,18.348566,2.1162598,1958
3042,r4i1p1f1,1958,05,01,0.0,18.94148,3.8739803,1958
3043,r4i1p1f1,1958,05,02,0.0,18.695631,5.1402054,1958
3044,r4i1p1f1,1958,05,03,0.0,17.21479,6.032769,1958
3045,r4i1p1f1,1958,05,04,0.0,16.139982,2.631235,1958
3046,r4i1p1f1,1958,05,05,0.0,15.712068,2.4807403,1958
3047,r4i1p1f1,1958,05,06,0.5194703802895444,12.867846,-1.0306937,1958
3048,r4i1p1f1,1958,05,07,2.9224477725821743,2.0900824,-5.9453154,1958
3049,r4i1p1f1,1958,05,08,1.1067859193159224,5.429031,-6.550344,1958
3050,r4i1p1f1,1958,05,09,0.0,10.673014,-4.0550857,1958
3051,r4i1p1f1,1958,05,10,0.25040034772608294,10.390655,-0.9976239,1958
3052,r4i1p1f1,1958,05,11,7.676892995273213,6.1768827,-4.074328,1958
3053,r4i1p1f1,1958,05,12,21.283914836395397,4.481044,-7.2466373,1958
3054,r4i1p1f1,1958,05,13,12.34128949355136,2.6460474,-6.774399,1958
3055,r4i1p1f1,1958,05,14,2.332465750091141,3.0026348,-4.8933535,1958
3056,r4i1p1f1,1958,05,15,29.49628365269285,-0.25211808,-7.473456,1958
3057,r4i1p1f1,1958,05,16,0.7641776461340303,5.8863835,-6.3579335,1958
3058,r4i1p1f1,1958,05,17,0.0,13.256952,-3.947204,1958
3059,r4i1p1f1,1958,05,18,0.0,14.248814,-0.6697125,1958
3060,r4i1p1f1,1958,05,19,0.0,13.450818,0.9474303,1958
3061,r4i1p1f1,1958,05,20,0.0,12.764225,-2.0143988,1958
3062,r4i1p1f1,1958,05,21,0.0,14.824225,0.027981374,1958
3063,r4i1p1f1,1958,05,22,0.0,16.921764,2.4524505,1958
3064,r4i1p1f1,1958,05,23,0.0,16.567904,3.4952292,1958
3065,r4i1p1f1,1958,05,24,0.2518780966188202,16.46568,1.8620926,1958
3066,r4i1p1f1,1958,05,25,0.0,19.012226,4.3660183,1958
3067,r4i1p1f1,1958,05,26,0.0,18.268497,4.236133,1958
3068,r4i1p1f1,1958,05,27,0.009724902081549825,17.80908,3.7728257,1958
3069,r4i1p1f1,1958,05,28,0.0,17.176004,3.3602085,1958
3070,r4i1p1f1,1958,05,29,0.0,17.30967,3.0568628,1958
3071,r4i1p1f1,1958,05,30,0.0,19.175198,3.9502597,1958
3072,r4i1p1f1,1958,05,31,0.0,20.50552,5.834333,1958
3073,r4i1p1f1,1958,06,01,0.0,20.298422,7.110052,1958
3074,r4i1p1f1,1958,06,02,1.3945806371783591,17.938768,4.735672,1958
3075,r4i1p1f1,1958,06,03,0.0,16.80167,1.9336642,1958
3076,r4i1p1f1,1958,06,04,0.0,15.992931,3.127701,1958
3077,r4i1p1f1,1958,06,05,0.0,15.712118,1.012832,1958
3078,r4i1p1f1,1958,06,06,0.0,15.61276,3.9752588,1958
3079,r4i1p1f1,1958,06,07,0.0,15.59283,1.9792445,1958
3080,r4i1p1f1,1958,06,08,3.7610786737515225,13.9957075,-0.38120833,1958
3081,r4i1p1f1,1958,06,09,2.053419243280562,13.485189,0.8299442,1958
3082,r4i1p1f1,1958,06,10,0.0,20.466751,4.626606,1958
3083,r4i1p1f1,1958,06,11,0.0010012581869928226,19.51652,6.765249,1958
3084,r4i1p1f1,1958,06,12,0.0,16.158117,4.3174286,1958
3085,r4i1p1f1,1958,06,13,0.5249103254656259,15.092563,1.9520433,1958
3086,r4i1p1f1,1958,06,14,0.0,19.705395,3.7320447,1958
3087,r4i1p1f1,1958,06,15,0.0,22.946022,7.175251,1958
3088,r4i1p1f1,1958,06,16,0.08829999025437661,23.86554,9.228508,1958
3089,r4i1p1f1,1958,06,17,0.1948238978652564,21.003382,8.062862,1958
3090,r4i1p1f1,1958,06,18,0.0,20.815445,6.3658996,1958
3091,r4i1p1f1,1958,06,19,0.0,21.842031,6.4519176,1958
3092,r4i1p1f1,1958,06,20,0.0,22.480011,7.341746,1958
3093,r4i1p1f1,1958,06,21,0.0,22.75884,8.015646,1958
3094,r4i1p1f1,1958,06,22,0.0,22.571524,8.511282,1958
3095,r4i1p1f1,1958,06,23,0.0,21.863144,8.664518,1958
3096,r4i1p1f1,1958,06,24,0.0,18.320826,5.270449,1958
3097,r4i1p1f1,1958,06,25,0.0,17.58388,3.6165178,1958
3098,r4i1p1f1,1958,06,26,0.0,21.68479,5.9178896,1958
3099,r4i1p1f1,1958,06,27,0.0,25.402725,8.332736,1958
3100,r4i1p1f1,1958,06,28,0.0,27.794285,9.983358,1958
3101,r4i1p1f1,1958,06,29,0.0,27.26549,11.649293,1958
3102,r4i1p1f1,1958,06,30,0.0,24.119894,9.338645,1958
3103,r4i1p1f1,1958,07,01,0.0,25.553988,9.3057785,1958
3104,r4i1p1f1,1958,07,02,0.0,24.9565,11.0027485,1958
3105,r4i1p1f1,1958,07,03,0.0,24.768076,9.611395,1958
3106,r4i1p1f1,1958,07,04,0.0,25.161459,9.667046,1958
3107,r4i1p1f1,1958,07,05,0.0,26.155397,10.35153,1958
3108,r4i1p1f1,1958,07,06,1.2206608717823906,25.723907,11.854306,1958
3109,r4i1p1f1,1958,07,07,2.215655960957915,21.265831,12.843016,1958
3110,r4i1p1f1,1958,07,08,0.0,22.018732,7.319187,1958
3111,r4i1p1f1,1958,07,09,0.0,23.237808,8.737933,1958
3112,r4i1p1f1,1958,07,10,0.0,24.197844,8.90689,1958
3113,r4i1p1f1,1958,07,11,0.0,24.186375,8.656962,1958
3114,r4i1p1f1,1958,07,12,0.000349190818002064,23.455595,8.539934,1958
3115,r4i1p1f1,1958,07,13,0.0,22.71056,8.070814,1958
3116,r4i1p1f1,1958,07,14,0.0,21.977257,5.743734,1958
3117,r4i1p1f1,1958,07,15,0.00042483266433795735,21.800795,7.9602222,1958
3118,r4i1p1f1,1958,07,16,0.8021397059968366,21.494545,9.2736635,1958
3119,r4i1p1f1,1958,07,17,1.2247569974142731,21.762243,6.0967007,1958
3120,r4i1p1f1,1958,07,18,0.0,20.371971,6.284862,1958
3121,r4i1p1f1,1958,07,19,0.0,19.481823,6.0152626,1958
3122,r4i1p1f1,1958,07,20,0.0,19.010656,4.502915,1958
3123,r4i1p1f1,1958,07,21,0.0,18.743074,4.3197813,1958
3124,r4i1p1f1,1958,07,22,0.0,20.72344,6.0351872,1958
3125,r4i1p1f1,1958,07,23,0.0,23.142958,6.767971,1958
3126,r4i1p1f1,1958,07,24,0.0,23.405584,7.2963114,1958
3127,r4i1p1f1,1958,07,25,0.0,22.218723,7.797753,1958
3128,r4i1p1f1,1958,07,26,0.0,20.97151,6.6303234,1958
3129,r4i1p1f1,1958,07,27,0.0,23.865906,7.4869566,1958
3130,r4i1p1f1,1958,07,28,0.0,27.428915,10.031265,1958
3131,r4i1p1f1,1958,07,29,0.0,28.314915,11.894087,1958
3132,r4i1p1f1,1958,07,30,0.5884174108968804,27.950731,12.464558,1958
3133,r4i1p1f1,1958,07,31,0.5014800643788048,26.83605,12.14465,1958
3134,r4i1p1f1,1958,08,01,0.21767684535599605,25.532076,11.031437,1958
3135,r4i1p1f1,1958,08,02,0.0,24.650282,9.934146,1958
3136,r4i1p1f1,1958,08,03,0.0,25.277563,9.834611,1958
3137,r4i1p1f1,1958,08,04,0.0,27.033205,11.120549,1958
3138,r4i1p1f1,1958,08,05,0.0,28.116592,11.879777,1958
3139,r4i1p1f1,1958,08,06,0.0,27.8084,12.957675,1958
3140,r4i1p1f1,1958,08,07,0.0,28.177452,12.893477,1958
3141,r4i1p1f1,1958,08,08,0.0,28.524958,11.882473,1958
3142,r4i1p1f1,1958,08,09,0.0,28.559937,11.922909,1958
3143,r4i1p1f1,1958,08,10,0.0,27.945517,13.173013,1958
3144,r4i1p1f1,1958,08,11,0.02654462607912071,27.281595,12.371134,1958
3145,r4i1p1f1,1958,08,12,0.03204458250254746,27.5883,11.66091,1958
3146,r4i1p1f1,1958,08,13,0.0,26.565235,12.106772,1958
3147,r4i1p1f1,1958,08,14,0.16604706302729128,24.529406,10.821039,1958
3148,r4i1p1f1,1958,08,15,0.27754986139004617,23.554844,11.187009,1958
3149,r4i1p1f1,1958,08,16,0.060255793192580856,23.78545,10.260618,1958
3150,r4i1p1f1,1958,08,17,0.11058449514964948,24.370129,8.705572,1958
3151,r4i1p1f1,1958,08,18,0.42314388135816045,24.572699,9.462255,1958
3152,r4i1p1f1,1958,08,19,4.2554658973900725,24.018442,9.399231,1958
3153,r4i1p1f1,1958,08,20,0.027085365348272192,24.6626,10.888232,1958
3154,r4i1p1f1,1958,08,21,0.27890219205644873,26.89582,11.278429,1958
3155,r4i1p1f1,1958,08,22,0.039684381403794884,27.92992,12.083323,1958
3156,r4i1p1f1,1958,08,23,0.0,29.667456,12.812149,1958
3157,r4i1p1f1,1958,08,24,0.12514684183367136,31.096653,14.165881,1958
3158,r4i1p1f1,1958,08,25,0.0,32.30758,15.459348,1958
3159,r4i1p1f1,1958,08,26,0.0635321895394114,31.43522,15.01795,1958
3160,r4i1p1f1,1958,08,27,0.007494296663919067,30.476973,13.88632,1958
3161,r4i1p1f1,1958,08,28,0.09044416349575322,29.771725,13.594038,1958
3162,r4i1p1f1,1958,08,29,0.0003551172336317995,28.786444,11.870807,1958
3163,r4i1p1f1,1958,08,30,0.6567948144700956,29.204765,12.566864,1958
3164,r4i1p1f1,1958,08,31,0.015245201346639342,28.757984,12.486871,1958
3165,r4i1p1f1,1958,09,01,0.0023017874517548107,27.0161,12.699363,1958
3166,r4i1p1f1,1958,09,02,0.0,25.635406,10.110483,1958
3167,r4i1p1f1,1958,09,03,0.0,24.545374,8.9047365,1958
3168,r4i1p1f1,1958,09,04,0.0,23.116554,8.549915,1958
3169,r4i1p1f1,1958,09,05,0.0009192219986453888,20.458944,6.699847,1958
3170,r4i1p1f1,1958,09,06,0.0,20.01258,6.51039,1958
3171,r4i1p1f1,1958,09,07,0.0,20.807058,5.330268,1958
3172,r4i1p1f1,1958,09,08,0.0,21.0981,5.9650893,1958
3173,r4i1p1f1,1958,09,09,0.0,24.439499,7.928278,1958
3174,r4i1p1f1,1958,09,10,0.0,25.690084,9.750244,1958
3175,r4i1p1f1,1958,09,11,0.0,24.93422,10.118703,1958
3176,r4i1p1f1,1958,09,12,0.006721482998838994,22.671862,9.148183,1958
3177,r4i1p1f1,1958,09,13,0.0,20.02711,5.5390825,1958
3178,r4i1p1f1,1958,09,14,0.03690843374457324,12.313929,-0.25284255,1958
3179,r4i1p1f1,1958,09,15,0.0,16.449017,-0.29528835,1958
3180,r4i1p1f1,1958,09,16,0.0,20.604515,3.7935746,1958
3181,r4i1p1f1,1958,09,17,0.0,20.38823,5.484418,1958
3182,r4i1p1f1,1958,09,18,0.0,19.604082,5.9337473,1958
3183,r4i1p1f1,1958,09,19,0.0,19.929972,4.8764615,1958
3184,r4i1p1f1,1958,09,20,0.0,18.80197,4.126984,1958
3185,r4i1p1f1,1958,09,21,0.0,17.417768,3.4704397,1958
3186,r4i1p1f1,1958,09,22,1.3379126565845112,18.731123,3.4548805,1958
3187,r4i1p1f1,1958,09,23,10.713577059225198,21.456657,6.8378906,1958
3188,r4i1p1f1,1958,09,24,1.2146459457085772,17.197332,3.868183,1958
3189,r4i1p1f1,1958,09,25,1.3019912664963755,17.272728,2.5787652,1958
3190,r4i1p1f1,1958,09,26,1.4311378524165348,17.458149,3.4311247,1958
3191,r4i1p1f1,1958,09,27,0.22680917423235872,17.68257,4.6607075,1958
3192,r4i1p1f1,1958,09,28,0.0,16.979319,2.1342807,1958
3193,r4i1p1f1,1958,09,29,0.0,19.484806,4.0973134,1958
3194,r4i1p1f1,1958,09,30,0.0,21.7278,6.7633758,1958
3195,r4i1p1f1,1958,10,01,0.0,22.644484,6.9225245,1958
3196,r4i1p1f1,1958,10,02,0.0,24.038475,8.24117,1958
3197,r4i1p1f1,1958,10,03,0.0,23.246126,8.234206,1958
3198,r4i1p1f1,1958,10,04,0.0,22.59614,8.240796,1958
3199,r4i1p1f1,1958,10,05,0.0,21.77614,10.0159645,1958
3200,r4i1p1f1,1958,10,06,0.0,19.342098,5.091863,1958
3201,r4i1p1f1,1958,10,07,0.0,20.36961,7.328278,1958
3202,r4i1p1f1,1958,10,08,0.0,22.35968,6.5175176,1958
3203,r4i1p1f1,1958,10,09,0.4773373463521901,21.538605,6.6940618,1958
3204,r4i1p1f1,1958,10,10,0.11726687467235353,15.513442,3.6344092,1958
3205,r4i1p1f1,1958,10,11,0.0,13.901046,0.32549277,1958
3206,r4i1p1f1,1958,10,12,0.0,16.174454,1.2090715,1958
3207,r4i1p1f1,1958,10,13,0.0,18.356691,3.624147,1958
3208,r4i1p1f1,1958,10,14,0.0,18.00538,6.1597724,1958
3209,r4i1p1f1,1958,10,15,0.0,16.096308,3.9009295,1958
3210,r4i1p1f1,1958,10,16,0.35284401420124584,12.6325245,2.9029286,1958
3211,r4i1p1f1,1958,10,17,0.0,16.757915,1.1115037,1958
3212,r4i1p1f1,1958,10,18,0.0,19.270615,3.6992188,1958
3213,r4i1p1f1,1958,10,19,0.0,19.73535,4.1352563,1958
3214,r4i1p1f1,1958,10,20,0.0,18.10921,3.2038555,1958
3215,r4i1p1f1,1958,10,21,0.0,18.243174,2.8026211,1958
3216,r4i1p1f1,1958,10,22,0.0,18.532877,3.5504422,1958
3217,r4i1p1f1,1958,10,23,0.0,19.572735,4.202993,1958
3218,r4i1p1f1,1958,10,24,0.0,19.433035,4.0976114,1958
3219,r4i1p1f1,1958,10,25,0.0,18.331003,3.4758842,1958
3220,r4i1p1f1,1958,10,26,0.0,18.505281,4.2557755,1958
3221,r4i1p1f1,1958,10,27,0.0,18.122515,3.2997277,1958
3222,r4i1p1f1,1958,10,28,0.0,17.78435,6.2087083,1958
3223,r4i1p1f1,1958,10,29,0.0,13.515411,2.4336684,1958
3224,r4i1p1f1,1958,10,30,0.0,13.549511,0.97563314,1958
3225,r4i1p1f1,1958,10,31,0.0,12.359733,-0.3307935,1958
3226,r4i1p1f1,1958,11,01,0.13223440842402728,8.934052,-5.7449875,1958
3227,r4i1p1f1,1958,11,02,0.0,9.823305,-4.9076343,1958
3228,r4i1p1f1,1958,11,03,0.003626322811062509,9.570487,-3.7850616,1958
3229,r4i1p1f1,1958,11,04,45.71470038173088,7.5559187,-0.50848705,1958
3230,r4i1p1f1,1958,11,05,17.35686358444738,7.1694846,-2.0346522,1958
3231,r4i1p1f1,1958,11,06,13.899883209533854,7.6292515,-0.3471567,1958
3232,r4i1p1f1,1958,11,07,6.490195214359102,11.395514,0.677956,1958
3233,r4i1p1f1,1958,11,08,0.0,9.250241,-0.95530564,1958
3234,r4i1p1f1,1958,11,09,58.77256245801133,8.967851,2.3890572,1958
3235,r4i1p1f1,1958,11,10,10.050568119380454,6.498484,-1.9663109,1958
3236,r4i1p1f1,1958,11,11,0.0,8.6046505,-6.613037,1958
3237,r4i1p1f1,1958,11,12,0.0,11.217188,-4.2287784,1958
3238,r4i1p1f1,1958,11,13,0.0,13.104138,-1.3953108,1958
3239,r4i1p1f1,1958,11,14,0.0,13.117215,1.0842099,1958
3240,r4i1p1f1,1958,11,15,0.03546745720745077,13.8512125,3.5101979,1958
3241,r4i1p1f1,1958,11,16,0.13252100897718502,6.922441,-0.77597725,1958
3242,r4i1p1f1,1958,11,17,1.4108058876642822,4.088006,-5.292788,1958
3243,r4i1p1f1,1958,11,18,63.651982929380566,0.7433115,-7.490603,1958
3244,r4i1p1f1,1958,11,19,7.64853950525103,-3.7406492,-12.212558,1958
3245,r4i1p1f1,1958,11,20,0.0,4.762947,-14.037626,1958
3246,r4i1p1f1,1958,11,21,0.0,9.675354,-3.8269465,1958
3247,r4i1p1f1,1958,11,22,0.0,9.479025,-1.8462279,1958
3248,r4i1p1f1,1958,11,23,4.676975524703534,6.649394,-1.6250137,1958
3249,r4i1p1f1,1958,11,24,0.0,4.539123,-11.219322,1958
3250,r4i1p1f1,1958,11,25,0.0,9.257348,-7.7585773,1958
3251,r4i1p1f1,1958,11,26,0.0,10.650274,-4.9807453,1958
3252,r4i1p1f1,1958,11,27,0.0046560798614439704,8.51805,-5.0718293,1958
3253,r4i1p1f1,1958,11,28,0.0,4.716414,-8.466501,1958
3254,r4i1p1f1,1958,11,29,0.0,7.0274034,-6.205576,1958
3255,r4i1p1f1,1958,11,30,0.0,10.59414,-4.2763076,1958
3256,r4i1p1f1,1958,12,01,0.0,11.233004,-1.4927409,1958
3257,r4i1p1f1,1958,12,02,0.0,10.487398,-2.3535817,1958
3258,r4i1p1f1,1958,12,03,0.0,8.582672,-2.5987372,1958
3259,r4i1p1f1,1958,12,04,0.0,6.8600345,-5.0161963,1958
3260,r4i1p1f1,1958,12,05,0.0,5.3843503,-6.8369746,1958
3261,r4i1p1f1,1958,12,06,0.0,7.4776783,-5.0163474,1958
3262,r4i1p1f1,1958,12,07,0.0,10.64424,-3.0659776,1958
3263,r4i1p1f1,1958,12,08,0.0,9.2965145,-2.212474,1958
3264,r4i1p1f1,1958,12,09,0.0,8.263985,-2.5367675,1958
3265,r4i1p1f1,1958,12,10,0.0,8.875141,-2.9265697,1958
3266,r4i1p1f1,1958,12,11,0.0,12.218331,-0.8905909,1958
3267,r4i1p1f1,1958,12,12,0.0,12.825759,-0.56979793,1958
3268,r4i1p1f1,1958,12,13,0.0,13.763532,-0.14866307,1958
3269,r4i1p1f1,1958,12,14,2.455872045700176,10.506013,0.64850324,1958
3270,r4i1p1f1,1958,12,15,0.37104640272182593,10.35019,-2.8175688,1958
3271,r4i1p1f1,1958,12,16,0.0,11.286809,-1.6791954,1958
3272,r4i1p1f1,1958,12,17,0.0,12.133718,-1.1138248,1958
3273,r4i1p1f1,1958,12,18,24.230362127041992,8.680264,-1.1490194,1958
3274,r4i1p1f1,1958,12,19,5.9511153180054,1.2038835,-7.633888,1958
3275,r4i1p1f1,1958,12,20,0.0,4.3406415,-9.210617,1958
3276,r4i1p1f1,1958,12,21,0.9141774837963275,3.1707175,-7.6441383,1958
3277,r4i1p1f1,1958,12,22,0.07468298428804651,6.4848847,-6.478469,1958
3278,r4i1p1f1,1958,12,23,19.483877606458154,4.527333,-3.775672,1958
3279,r4i1p1f1,1958,12,24,28.629691369475466,0.4820811,-7.9162793,1958
3280,r4i1p1f1,1958,12,25,0.0,2.0305886,-12.677479,1958
3281,r4i1p1f1,1958,12,26,0.0,4.5310736,-10.849463,1958
3282,r4i1p1f1,1958,12,27,0.031767155709884844,2.0195856,-6.981878,1958
3283,r4i1p1f1,1958,12,28,0.0,-0.7090197,-12.536501,1958
3284,r4i1p1f1,1958,12,29,0.06044523639724815,-0.85821724,-11.798319,1958
3285,r4i1p1f1,1958,12,30,0.0,2.5569992,-9.43005,1958
3286,r4i1p1f1,1958,12,31,2.6817953124877705,-1.1009411,-8.89878,1958
3287,r4i1p1f1,1959,01,01,5.204352222481001,0.95672923,-7.5435805,1959
3288,r4i1p1f1,1959,01,02,0.0,3.6519637,-10.203636,1959
3289,r4i1p1f1,1959,01,03,0.0,2.1502287,-8.529723,1959
3290,r4i1p1f1,1959,01,04,0.0,-0.13907309,-13.371611,1959
3291,r4i1p1f1,1959,01,05,0.0,-0.5019038,-11.047348,1959
3292,r4i1p1f1,1959,01,06,0.0,1.4022816,-10.1998415,1959
3293,r4i1p1f1,1959,01,07,0.0,5.217286,-7.7179255,1959
3294,r4i1p1f1,1959,01,08,0.0,6.180795,-8.760375,1959
3295,r4i1p1f1,1959,01,09,0.0,7.087408,-7.4048424,1959
3296,r4i1p1f1,1959,01,10,0.06638345761225681,4.3084707,-2.3077805,1959
3297,r4i1p1f1,1959,01,11,0.015317127205037967,1.3387245,-10.134721,1959
3298,r4i1p1f1,1959,01,12,0.2375016719801088,-5.474026,-15.265593,1959
3299,r4i1p1f1,1959,01,13,0.0,0.24290107,-11.660233,1959
3300,r4i1p1f1,1959,01,14,0.0,2.060884,-10.475193,1959
3301,r4i1p1f1,1959,01,15,0.0,2.6050265,-9.274566,1959
3302,r4i1p1f1,1959,01,16,0.0,3.0030646,-8.321078,1959
3303,r4i1p1f1,1959,01,17,0.0,5.0560255,-8.683177,1959
3304,r4i1p1f1,1959,01,18,0.0,5.321813,-8.492381,1959
3305,r4i1p1f1,1959,01,19,0.0,6.1217327,-7.6343737,1959
3306,r4i1p1f1,1959,01,20,0.0,6.201067,-8.252586,1959
3307,r4i1p1f1,1959,01,21,0.0,6.0247254,-6.3550897,1959
3308,r4i1p1f1,1959,01,22,0.0,7.5712285,-7.2930727,1959
3309,r4i1p1f1,1959,01,23,0.0,6.4266973,-5.179177,1959
3310,r4i1p1f1,1959,01,24,6.587125444859825,1.0398908,-10.262607,1959
3311,r4i1p1f1,1959,01,25,0.0,0.74263906,-10.318717,1959
3312,r4i1p1f1,1959,01,26,0.0,-0.22016458,-11.489709,1959
3313,r4i1p1f1,1959,01,27,0.0,0.57514185,-13.2188,1959
3314,r4i1p1f1,1959,01,28,0.0,2.696511,-11.660078,1959
3315,r4i1p1f1,1959,01,29,0.0,4.6080008,-9.313318,1959
3316,r4i1p1f1,1959,01,30,0.9233290951686376,2.1939342,-9.894408,1959
3317,r4i1p1f1,1959,01,31,0.0,-3.5338767,-16.537539,1959
3318,r4i1p1f1,1959,02,01,0.0,-4.4894013,-15.763677,1959
3319,r4i1p1f1,1959,02,02,0.0,-0.87825304,-16.425577,1959
3320,r4i1p1f1,1959,02,03,0.0,4.7985673,-11.52557,1959
3321,r4i1p1f1,1959,02,04,0.0,3.9934359,-8.378604,1959
3322,r4i1p1f1,1959,02,05,0.0,3.824724,-7.9461765,1959
3323,r4i1p1f1,1959,02,06,0.0,6.247057,-9.316073,1959
3324,r4i1p1f1,1959,02,07,0.0,9.125678,-6.7940245,1959
3325,r4i1p1f1,1959,02,08,0.0,12.113315,-3.7273116,1959
3326,r4i1p1f1,1959,02,09,0.0,11.095227,-3.5036118,1959
3327,r4i1p1f1,1959,02,10,0.0,9.131792,-4.4167547,1959
3328,r4i1p1f1,1959,02,11,0.0,7.3057365,-5.3637075,1959
3329,r4i1p1f1,1959,02,12,0.0,7.31464,-4.9891005,1959
3330,r4i1p1f1,1959,02,13,0.0,7.4197063,-6.897594,1959
3331,r4i1p1f1,1959,02,14,0.0,7.0142155,-9.896506,1959
3332,r4i1p1f1,1959,02,15,0.0,8.561007,-5.918128,1959
3333,r4i1p1f1,1959,02,16,0.0,9.115054,-5.139615,1959
3334,r4i1p1f1,1959,02,17,0.0,11.097442,-3.1262307,1959
3335,r4i1p1f1,1959,02,18,0.0,11.222645,-3.1736188,1959
3336,r4i1p1f1,1959,02,19,0.0,11.7467575,-4.0740023,1959
3337,r4i1p1f1,1959,02,20,0.0,10.958167,-2.6744013,1959
3338,r4i1p1f1,1959,02,21,0.0,9.291534,-3.0464785,1959
3339,r4i1p1f1,1959,02,22,0.0,7.0685306,-5.1552854,1959
3340,r4i1p1f1,1959,02,23,1.0589230810874306,5.295235,-3.9949408,1959
3341,r4i1p1f1,1959,02,24,0.0,8.891158,-5.59777,1959
3342,r4i1p1f1,1959,02,25,0.0,11.570608,-3.014015,1959
3343,r4i1p1f1,1959,02,26,0.0,15.7318125,-0.24539667,1959
3344,r4i1p1f1,1959,02,27,0.1330000145650022,14.36552,2.7303097,1959
3345,r4i1p1f1,1959,02,28,4.601121034272483,7.7298207,-3.6554203,1959
3346,r4i1p1f1,1959,03,01,0.3385062547354765,8.761068,-6.270381,1959
3347,r4i1p1f1,1959,03,02,0.003260879395993182,7.3914614,-7.6877117,1959
3348,r4i1p1f1,1959,03,03,1.8883577482615508,4.2167096,-7.4400196,1959
3349,r4i1p1f1,1959,03,04,0.0,3.8438382,-7.0154896,1959
3350,r4i1p1f1,1959,03,05,0.0,3.7156832,-10.547497,1959
3351,r4i1p1f1,1959,03,06,0.0,4.914813,-10.172268,1959
3352,r4i1p1f1,1959,03,07,0.0,4.570984,-8.697534,1959
3353,r4i1p1f1,1959,03,08,0.0,6.0459714,-8.150399,1959
3354,r4i1p1f1,1959,03,09,0.0,6.9251385,-6.853033,1959
3355,r4i1p1f1,1959,03,10,0.0,7.690719,-6.4371448,1959
3356,r4i1p1f1,1959,03,11,0.0,9.618123,-5.163339,1959
3357,r4i1p1f1,1959,03,12,0.0,10.21051,-4.1865954,1959
3358,r4i1p1f1,1959,03,13,0.0,12.862769,-2.0053446,1959
3359,r4i1p1f1,1959,03,14,0.0059076288833000545,12.348736,-0.8207992,1959
3360,r4i1p1f1,1959,03,15,27.12673945868666,7.2821126,-7.02977,1959
3361,r4i1p1f1,1959,03,16,2.015601686422474,2.9587717,-8.943998,1959
3362,r4i1p1f1,1959,03,17,0.6494168406023502,4.4949512,-10.128085,1959
3363,r4i1p1f1,1959,03,18,0.040490476399449665,6.3949113,-8.976689,1959
3364,r4i1p1f1,1959,03,19,0.0,5.8026843,-8.18781,1959
3365,r4i1p1f1,1959,03,20,27.97989662825151,1.549699,-5.5610347,1959
3366,r4i1p1f1,1959,03,21,1.8318612574197959,2.6588726,-7.997739,1959
3367,r4i1p1f1,1959,03,22,0.0,8.687168,-8.357095,1959
3368,r4i1p1f1,1959,03,23,0.0,12.971054,-6.5203314,1959
3369,r4i1p1f1,1959,03,24,0.0,15.516663,0.33356598,1959
3370,r4i1p1f1,1959,03,25,0.0,15.089161,1.1057816,1959
3371,r4i1p1f1,1959,03,26,0.0,13.435896,0.11110235,1959
3372,r4i1p1f1,1959,03,27,0.0,15.816147,-2.10645,1959
3373,r4i1p1f1,1959,03,28,0.0,15.566311,3.159234,1959
3374,r4i1p1f1,1959,03,29,8.095477043510925,8.607438,-3.9487936,1959
3375,r4i1p1f1,1959,03,30,0.0,14.928197,-2.7659366,1959
3376,r4i1p1f1,1959,03,31,0.0,15.977568,3.1008985,1959
3377,r4i1p1f1,1959,04,01,0.0,17.256649,4.890056,1959
3378,r4i1p1f1,1959,04,02,0.051897857943971164,17.014616,2.9397197,1959
3379,r4i1p1f1,1959,04,03,0.0,17.290062,0.051377587,1959
3380,r4i1p1f1,1959,04,04,0.0,19.241323,2.900695,1959
3381,r4i1p1f1,1959,04,05,0.0,21.060785,5.499533,1959
3382,r4i1p1f1,1959,04,06,0.0,21.566114,5.350425,1959
3383,r4i1p1f1,1959,04,07,0.7995396334550458,17.830296,2.282242,1959
3384,r4i1p1f1,1959,04,08,0.0,17.43082,3.6607711,1959
3385,r4i1p1f1,1959,04,09,0.0,17.59248,3.9749587,1959
3386,r4i1p1f1,1959,04,10,0.0,19.233412,3.0788982,1959
3387,r4i1p1f1,1959,04,11,0.0,18.788227,6.1746016,1959
3388,r4i1p1f1,1959,04,12,0.0,18.179802,3.944979,1959
3389,r4i1p1f1,1959,04,13,0.0,15.805495,3.3095095,1959
3390,r4i1p1f1,1959,04,14,33.66224748942141,9.781588,-4.4678073,1959
3391,r4i1p1f1,1959,04,15,0.03985088843772213,4.6846657,-7.0325155,1959
3392,r4i1p1f1,1959,04,16,0.0,9.411119,-6.175533,1959
3393,r4i1p1f1,1959,04,17,0.0,11.780286,-3.9385836,1959
3394,r4i1p1f1,1959,04,18,0.0,13.241132,-1.0336288,1959
3395,r4i1p1f1,1959,04,19,0.0,15.076756,0.06630779,1959
3396,r4i1p1f1,1959,04,20,0.8107793753064536,12.262783,-0.056885872,1959
3397,r4i1p1f1,1959,04,21,4.118323627743317,9.688279,-1.7710428,1959
3398,r4i1p1f1,1959,04,22,0.02375116515946806,13.485721,0.984605,1959
3399,r4i1p1f1,1959,04,23,0.0,17.99515,0.6346223,1959
3400,r4i1p1f1,1959,04,24,0.0,17.414495,6.610728,1959
3401,r4i1p1f1,1959,04,25,0.0,18.229313,4.6311274,1959
3402,r4i1p1f1,1959,04,26,0.0,20.232487,4.479591,1959
3403,r4i1p1f1,1959,04,27,0.0,21.097744,6.398676,1959
3404,r4i1p1f1,1959,04,28,0.0,21.847097,7.577829,1959
3405,r4i1p1f1,1959,04,29,1.6657015738282637,20.009167,6.4364877,1959
3406,r4i1p1f1,1959,04,30,16.237239794169838,10.633908,-2.5834436,1959
3407,r4i1p1f1,1959,05,01,3.7449857921409895,5.839136,-2.5020134,1959
3408,r4i1p1f1,1959,05,02,0.0,8.421951,-4.101463,1959
3409,r4i1p1f1,1959,05,03,0.0,8.27415,-4.200057,1959
3410,r4i1p1f1,1959,05,04,0.0,12.040209,-3.3076696,1959
3411,r4i1p1f1,1959,05,05,0.0,17.408646,2.0344012,1959
3412,r4i1p1f1,1959,05,06,0.0,20.643705,4.622657,1959
3413,r4i1p1f1,1959,05,07,0.0,20.427422,5.39572,1959
3414,r4i1p1f1,1959,05,08,0.7349077450938268,18.24795,5.695153,1959
3415,r4i1p1f1,1959,05,09,0.7542163285371024,15.009006,4.3017926,1959
3416,r4i1p1f1,1959,05,10,0.0,14.084614,-0.93398917,1959
3417,r4i1p1f1,1959,05,11,0.0,13.648577,-0.31200343,1959
3418,r4i1p1f1,1959,05,12,0.6747399960634403,12.063882,-0.9747706,1959
3419,r4i1p1f1,1959,05,13,27.24906753546377,2.2622259,-5.5596848,1959
3420,r4i1p1f1,1959,05,14,3.4327526923807783,1.1397096,-9.051349,1959
3421,r4i1p1f1,1959,05,15,0.0,7.5884895,-6.918932,1959
3422,r4i1p1f1,1959,05,16,0.0,12.47046,-3.1896784,1959
3423,r4i1p1f1,1959,05,17,0.0,13.847466,-0.77014434,1959
3424,r4i1p1f1,1959,05,18,0.0,13.914385,0.5828993,1959
3425,r4i1p1f1,1959,05,19,0.0,17.197985,2.2589414,1959
3426,r4i1p1f1,1959,05,20,0.0,16.192179,3.1905296,1959
3427,r4i1p1f1,1959,05,21,0.0,14.529039,2.3032105,1959
3428,r4i1p1f1,1959,05,22,0.0,11.416308,-2.0356736,1959
3429,r4i1p1f1,1959,05,23,0.0,8.316471,-5.828733,1959
3430,r4i1p1f1,1959,05,24,0.8396995363329544,6.1372147,-6.8297586,1959
3431,r4i1p1f1,1959,05,25,0.11849565672899157,8.096633,-6.086805,1959
3432,r4i1p1f1,1959,05,26,0.0,10.640713,-4.764798,1959
3433,r4i1p1f1,1959,05,27,0.0,11.509006,-2.4441853,1959
3434,r4i1p1f1,1959,05,28,0.0,10.856159,-2.4870996,1959
3435,r4i1p1f1,1959,05,29,0.0,14.36675,-1.5029631,1959
3436,r4i1p1f1,1959,05,30,0.0,15.859172,0.64295495,1959
3437,r4i1p1f1,1959,05,31,0.0,15.3111515,0.97986615,1959
3438,r4i1p1f1,1959,06,01,0.0,14.168303,0.45351815,1959
3439,r4i1p1f1,1959,06,02,0.0,13.09054,-0.8247307,1959
3440,r4i1p1f1,1959,06,03,0.09459909575789055,14.9762,0.37255576,1959
3441,r4i1p1f1,1959,06,04,4.511040576023963,16.52863,2.313379,1959
3442,r4i1p1f1,1959,06,05,0.4491447866486061,18.517584,3.1766386,1959
3443,r4i1p1f1,1959,06,06,2.4952428979386694,20.994074,6.033454,1959
3444,r4i1p1f1,1959,06,07,0.24191970602852583,22.06551,6.2084785,1959
3445,r4i1p1f1,1959,06,08,4.072828014302116,19.333632,6.0976872,1959
3446,r4i1p1f1,1959,06,09,3.640905073574258,13.968375,3.239704,1959
3447,r4i1p1f1,1959,06,10,1.225500304027507,14.037051,1.2693253,1959
3448,r4i1p1f1,1959,06,11,0.6510179047861265,16.47329,0.7837547,1959
3449,r4i1p1f1,1959,06,12,0.0,16.828762,6.944084,1959
3450,r4i1p1f1,1959,06,13,0.0,19.995464,3.7703078,1959
3451,r4i1p1f1,1959,06,14,0.0,22.761581,6.031874,1959
3452,r4i1p1f1,1959,06,15,0.0,22.538013,7.4549866,1959
3453,r4i1p1f1,1959,06,16,0.0,20.79146,7.0572786,1959
3454,r4i1p1f1,1959,06,17,0.0,16.416407,3.2656825,1959
3455,r4i1p1f1,1959,06,18,0.0,17.701202,2.7276418,1959
3456,r4i1p1f1,1959,06,19,0.0,17.369076,3.0446548,1959
3457,r4i1p1f1,1959,06,20,0.0,15.20081,1.0649543,1959
3458,r4i1p1f1,1959,06,21,0.0,16.767735,2.6863658,1959
3459,r4i1p1f1,1959,06,22,0.0,20.750708,4.3660636,1959
3460,r4i1p1f1,1959,06,23,0.0,22.785046,8.230982,1959
3461,r4i1p1f1,1959,06,24,0.0,22.32208,9.048744,1959
3462,r4i1p1f1,1959,06,25,0.0,21.41464,8.017701,1959
3463,r4i1p1f1,1959,06,26,0.0,24.485765,7.0756893,1959
3464,r4i1p1f1,1959,06,27,0.0,25.289644,8.655832,1959
3465,r4i1p1f1,1959,06,28,0.0,25.262648,9.530212,1959
3466,r4i1p1f1,1959,06,29,0.0,24.45996,10.124143,1959
3467,r4i1p1f1,1959,06,30,0.0,23.038578,7.352113,1959
3468,r4i1p1f1,1959,07,01,0.0,24.52948,8.637958,1959
3469,r4i1p1f1,1959,07,02,0.0,24.278206,9.865832,1959
3470,r4i1p1f1,1959,07,03,0.0,23.908926,9.99492,1959
3471,r4i1p1f1,1959,07,04,0.0,23.40932,7.7037473,1959
3472,r4i1p1f1,1959,07,05,0.0,24.216639,8.468588,1959
3473,r4i1p1f1,1959,07,06,0.0,25.160141,9.4413,1959
3474,r4i1p1f1,1959,07,07,0.0,25.884836,11.142053,1959
3475,r4i1p1f1,1959,07,08,0.0,25.177124,12.057039,1959
3476,r4i1p1f1,1959,07,09,0.0,24.657534,8.494047,1959
3477,r4i1p1f1,1959,07,10,0.0,24.455463,8.325935,1959
3478,r4i1p1f1,1959,07,11,0.0,24.044973,8.194857,1959
3479,r4i1p1f1,1959,07,12,0.0,22.612776,8.474786,1959
3480,r4i1p1f1,1959,07,13,0.0,23.145658,7.8119373,1959
3481,r4i1p1f1,1959,07,14,0.0,23.16522,8.642865,1959
3482,r4i1p1f1,1959,07,15,0.0,24.581604,8.233067,1959
3483,r4i1p1f1,1959,07,16,0.0,24.279364,9.53297,1959
3484,r4i1p1f1,1959,07,17,0.0,24.035027,8.642912,1959
3485,r4i1p1f1,1959,07,18,0.0,24.049229,10.016868,1959
3486,r4i1p1f1,1959,07,19,0.0,23.403713,8.410024,1959
3487,r4i1p1f1,1959,07,20,0.0,22.356295,7.006853,1959
3488,r4i1p1f1,1959,07,21,0.0,21.560589,7.389986,1959
3489,r4i1p1f1,1959,07,22,0.0,22.848196,6.522092,1959
3490,r4i1p1f1,1959,07,23,0.0,25.421585,8.283027,1959
3491,r4i1p1f1,1959,07,24,0.0,25.681408,9.9790945,1959
3492,r4i1p1f1,1959,07,25,0.0,25.181953,9.9457035,1959
3493,r4i1p1f1,1959,07,26,0.0,24.367142,8.790045,1959
3494,r4i1p1f1,1959,07,27,0.0,22.502493,8.15378,1959
3495,r4i1p1f1,1959,07,28,0.0,21.919506,7.465014,1959
3496,r4i1p1f1,1959,07,29,0.0,23.469795,7.5155106,1959
3497,r4i1p1f1,1959,07,30,0.0,24.532145,8.5908,1959
3498,r4i1p1f1,1959,07,31,0.0,25.354328,9.276174,1959
3499,r4i1p1f1,1959,08,01,0.0,27.698992,10.13367,1959
3500,r4i1p1f1,1959,08,02,0.0,28.223867,12.134646,1959
3501,r4i1p1f1,1959,08,03,0.0,28.80711,11.989265,1959
3502,r4i1p1f1,1959,08,04,0.001204558504995644,28.969723,12.611446,1959
3503,r4i1p1f1,1959,08,05,0.009191473650986253,28.973036,13.2625885,1959
3504,r4i1p1f1,1959,08,06,0.024920399406107303,28.548307,12.935668,1959
3505,r4i1p1f1,1959,08,07,0.0,27.14195,12.410681,1959
3506,r4i1p1f1,1959,08,08,0.4817337403166091,25.918928,11.962546,1959
3507,r4i1p1f1,1959,08,09,0.0,24.92016,10.228063,1959
3508,r4i1p1f1,1959,08,10,0.0,24.91673,9.878295,1959
3509,r4i1p1f1,1959,08,11,0.04481474607677212,25.48874,10.397314,1959
3510,r4i1p1f1,1959,08,12,0.0,26.01339,10.825301,1959
3511,r4i1p1f1,1959,08,13,0.0,26.067385,10.720946,1959
3512,r4i1p1f1,1959,08,14,0.0,25.63473,10.093596,1959
3513,r4i1p1f1,1959,08,15,0.0,24.932827,8.735152,1959
3514,r4i1p1f1,1959,08,16,0.0,23.931791,8.250266,1959
3515,r4i1p1f1,1959,08,17,0.0,25.57939,8.389064,1959
3516,r4i1p1f1,1959,08,18,0.0,26.50658,10.664944,1959
3517,r4i1p1f1,1959,08,19,0.0012641408994564223,28.845932,13.226759,1959
3518,r4i1p1f1,1959,08,20,0.0,30.255928,14.7717,1959
3519,r4i1p1f1,1959,08,21,0.014080510714946828,30.383917,14.823019,1959
3520,r4i1p1f1,1959,08,22,0.0,29.287867,14.57604,1959
3521,r4i1p1f1,1959,08,23,0.0,27.944927,12.840715,1959
3522,r4i1p1f1,1959,08,24,0.0,27.232428,11.555303,1959
3523,r4i1p1f1,1959,08,25,0.0,26.938627,10.418095,1959
3524,r4i1p1f1,1959,08,26,0.03502042519641888,26.321383,11.152316,1959
3525,r4i1p1f1,1959,08,27,0.0,26.508194,11.022266,1959
3526,r4i1p1f1,1959,08,28,0.0,27.378294,11.005622,1959
3527,r4i1p1f1,1959,08,29,0.0,27.73626,11.041662,1959
3528,r4i1p1f1,1959,08,30,0.0,27.383621,11.447893,1959
3529,r4i1p1f1,1959,08,31,0.0,28.052168,11.863153,1959
3530,r4i1p1f1,1959,09,01,0.0,28.136326,12.332239,1959
3531,r4i1p1f1,1959,09,02,0.0,28.754953,12.270022,1959
3532,r4i1p1f1,1959,09,03,0.0,27.589067,12.399343,1959
3533,r4i1p1f1,1959,09,04,0.0,24.568766,12.046628,1959
3534,r4i1p1f1,1959,09,05,0.0,21.755856,8.40522,1959
3535,r4i1p1f1,1959,09,06,0.0,20.98184,7.420034,1959
3536,r4i1p1f1,1959,09,07,0.0,20.57926,5.9662623,1959
3537,r4i1p1f1,1959,09,08,0.0,20.622347,5.3542585,1959
3538,r4i1p1f1,1959,09,09,0.0,23.952148,6.5533304,1959
3539,r4i1p1f1,1959,09,10,0.15058367844917012,23.18799,8.233924,1959
3540,r4i1p1f1,1959,09,11,0.002316239023379264,21.511776,10.221667,1959
3541,r4i1p1f1,1959,09,12,0.0041567821002842405,21.735912,8.961144,1959
3542,r4i1p1f1,1959,09,13,0.0,21.550022,7.6221037,1959
3543,r4i1p1f1,1959,09,14,0.0,21.234125,6.9368124,1959
3544,r4i1p1f1,1959,09,15,0.0,21.05712,5.379621,1959
3545,r4i1p1f1,1959,09,16,0.0,22.480892,5.826488,1959
3546,r4i1p1f1,1959,09,17,0.0,24.324688,7.8964396,1959
3547,r4i1p1f1,1959,09,18,0.0,24.236637,8.17551,1959
3548,r4i1p1f1,1959,09,19,0.0,22.700535,8.371516,1959
3549,r4i1p1f1,1959,09,20,0.0,23.390244,7.960875,1959
3550,r4i1p1f1,1959,09,21,0.0,22.963125,9.314655,1959
3551,r4i1p1f1,1959,09,22,0.0,19.43774,7.5005226,1959
3552,r4i1p1f1,1959,09,23,0.0,15.569722,2.3127084,1959
3553,r4i1p1f1,1959,09,24,0.0,17.063284,2.030241,1959
3554,r4i1p1f1,1959,09,25,0.0,18.703785,2.621042,1959
3555,r4i1p1f1,1959,09,26,0.0,19.189327,3.449126,1959
3556,r4i1p1f1,1959,09,27,0.0,18.509771,2.9730036,1959
3557,r4i1p1f1,1959,09,28,0.0,17.856455,3.1404014,1959
3558,r4i1p1f1,1959,09,29,0.0,17.670694,3.1574874,1959
3559,r4i1p1f1,1959,09,30,0.0,19.452353,4.7270975,1959
3560,r4i1p1f1,1959,10,01,0.0,20.369856,5.233939,1959
3561,r4i1p1f1,1959,10,02,0.0,20.536514,4.9173455,1959
3562,r4i1p1f1,1959,10,03,0.0,19.56556,4.6926527,1959
3563,r4i1p1f1,1959,10,04,0.0,18.68404,4.8183937,1959
3564,r4i1p1f1,1959,10,05,0.0,21.50618,4.292379,1959
3565,r4i1p1f1,1959,10,06,0.0,23.163736,6.449691,1959
3566,r4i1p1f1,1959,10,07,0.0,24.699223,8.335802,1959
3567,r4i1p1f1,1959,10,08,0.0,25.3176,9.619701,1959
3568,r4i1p1f1,1959,10,09,0.0,25.932484,10.11245,1959
3569,r4i1p1f1,1959,10,10,0.0,25.266047,9.439228,1959
3570,r4i1p1f1,1959,10,11,0.0,23.27834,7.5604343,1959
3571,r4i1p1f1,1959,10,12,0.0,21.033037,7.120993,1959
3572,r4i1p1f1,1959,10,13,0.0,19.435272,4.8236384,1959
3573,r4i1p1f1,1959,10,14,0.0,17.598518,3.6347504,1959
3574,r4i1p1f1,1959,10,15,0.0,16.518873,2.4800322,1959
3575,r4i1p1f1,1959,10,16,0.0,15.292824,1.7957137,1959
3576,r4i1p1f1,1959,10,17,0.17196101938375394,12.616402,2.1845531,1959
3577,r4i1p1f1,1959,10,18,0.0,13.824738,-0.82470137,1959
3578,r4i1p1f1,1959,10,19,6.815334547978612,16.732132,3.8483002,1959
3579,r4i1p1f1,1959,10,20,43.35484065808676,5.9427295,-1.5838792,1959
3580,r4i1p1f1,1959,10,21,13.326765100771405,3.2776716,-4.494599,1959
3581,r4i1p1f1,1959,10,22,11.357250220139145,2.0178494,-6.68207,1959
3582,r4i1p1f1,1959,10,23,0.1007653369031777,3.195033,-7.577772,1959
3583,r4i1p1f1,1959,10,24,0.0,9.401722,-5.803714,1959
3584,r4i1p1f1,1959,10,25,0.0,12.746907,-3.4258056,1959
3585,r4i1p1f1,1959,10,26,0.0,12.964469,-2.1461556,1959
3586,r4i1p1f1,1959,10,27,0.0,14.621775,-0.1921156,1959
3587,r4i1p1f1,1959,10,28,0.0,13.8339,1.331698,1959
3588,r4i1p1f1,1959,10,29,0.5857353657465947,12.664783,1.1063763,1959
3589,r4i1p1f1,1959,10,30,10.14564936136199,4.618681,-5.2204895,1959
3590,r4i1p1f1,1959,10,31,0.08495036971788776,7.552162,-6.259402,1959
3591,r4i1p1f1,1959,11,01,0.0,9.170873,-3.7364018,1959
3592,r4i1p1f1,1959,11,02,6.95540379111329,7.334973,-0.9783387,1959
3593,r4i1p1f1,1959,11,03,0.0,8.207251,-5.7420163,1959
3594,r4i1p1f1,1959,11,04,0.0,9.933012,-3.7685723,1959
3595,r4i1p1f1,1959,11,05,0.0,10.209138,-4.631364,1959
3596,r4i1p1f1,1959,11,06,0.0,10.516762,-0.17993772,1959
3597,r4i1p1f1,1959,11,07,15.75077901443159,9.718192,-0.06488493,1959
3598,r4i1p1f1,1959,11,08,0.9184554994863815,6.2657366,-4.8203006,1959
3599,r4i1p1f1,1959,11,09,0.0,10.610719,-4.909629,1959
3600,r4i1p1f1,1959,11,10,0.3079917388886027,9.654876,-1.5173111,1959
3601,r4i1p1f1,1959,11,11,0.33111727030840343,6.1916637,-3.5208838,1959
3602,r4i1p1f1,1959,11,12,0.0,10.77954,-4.8031,1959
3603,r4i1p1f1,1959,11,13,0.0,8.268361,-0.6125738,1959
3604,r4i1p1f1,1959,11,14,2.7848998611529274,5.19878,-5.2678223,1959
3605,r4i1p1f1,1959,11,15,5.956362863058094,4.3557706,-4.941547,1959
3606,r4i1p1f1,1959,11,16,0.28079388881385603,2.8843868,-6.817196,1959
3607,r4i1p1f1,1959,11,17,0.0,5.291557,-6.441681,1959
3608,r4i1p1f1,1959,11,18,0.4213963307716043,7.644021,-3.5613728,1959
3609,r4i1p1f1,1959,11,19,1.861492005813966,10.294738,0.07329894,1959
3610,r4i1p1f1,1959,11,20,0.0,12.052867,-3.6008315,1959
3611,r4i1p1f1,1959,11,21,0.0,11.540037,-0.9825233,1959
3612,r4i1p1f1,1959,11,22,0.0,13.178426,-1.6264405,1959
3613,r4i1p1f1,1959,11,23,0.0,15.7616825,-0.3465518,1959
3614,r4i1p1f1,1959,11,24,0.0,15.222547,-0.15172553,1959
3615,r4i1p1f1,1959,11,25,0.0,16.177488,1.6214671,1959
3616,r4i1p1f1,1959,11,26,0.0,14.286982,0.7370672,1959
3617,r4i1p1f1,1959,11,27,0.0,10.752734,0.088811606,1959
3618,r4i1p1f1,1959,11,28,13.676388268527571,9.727563,0.2991086,1959
3619,r4i1p1f1,1959,11,29,0.42845120242830026,7.43826,-2.8016887,1959
3620,r4i1p1f1,1959,11,30,33.650305851708204,5.5174284,-4.9190054,1959
3621,r4i1p1f1,1959,12,01,0.004286652071900851,-2.0066857,-12.909054,1959
3622,r4i1p1f1,1959,12,02,0.0,6.863599,-6.733691,1959
3623,r4i1p1f1,1959,12,03,0.0,9.98606,-5.161872,1959
3624,r4i1p1f1,1959,12,04,0.0,12.56602,-3.0418072,1959
3625,r4i1p1f1,1959,12,05,0.0,11.399767,-3.5500553,1959
3626,r4i1p1f1,1959,12,06,0.0,11.823726,-3.7714262,1959
3627,r4i1p1f1,1959,12,07,0.0,13.832436,0.600255,1959
3628,r4i1p1f1,1959,12,08,0.0,13.214262,-1.1679865,1959
3629,r4i1p1f1,1959,12,09,0.0,11.358473,-0.7762875,1959
3630,r4i1p1f1,1959,12,10,0.6047722883242665,7.1344705,-3.1389003,1959
3631,r4i1p1f1,1959,12,11,0.0,0.08167436,-10.0592,1959
3632,r4i1p1f1,1959,12,12,4.439858557100406,-4.169827,-12.965487,1959
3633,r4i1p1f1,1959,12,13,0.019532211474669735,-4.401902,-19.02059,1959
3634,r4i1p1f1,1959,12,14,0.0,-3.2841775,-17.516457,1959
3635,r4i1p1f1,1959,12,15,0.0,5.145939,-10.699547,1959
3636,r4i1p1f1,1959,12,16,0.12222264222516278,3.548763,-10.291145,1959
3637,r4i1p1f1,1959,12,17,16.01469207589822,-1.760629,-9.079228,1959
3638,r4i1p1f1,1959,12,18,6.311016492271357,-3.554803,-14.287052,1959
3639,r4i1p1f1,1959,12,19,0.0,-3.4341567,-20.146057,1959
3640,r4i1p1f1,1959,12,20,0.016235913678358953,-7.1477995,-19.022938,1959
3641,r4i1p1f1,1959,12,21,0.0,1.8336982,-16.80402,1959
3642,r4i1p1f1,1959,12,22,0.0,5.982758,-10.987305,1959
3643,r4i1p1f1,1959,12,23,0.0,3.3894496,-12.132301,1959
3644,r4i1p1f1,1959,12,24,0.0,1.0633159,-13.055304,1959
3645,r4i1p1f1,1959,12,25,0.0,-0.07449789,-10.822387,1959
3646,r4i1p1f1,1959,12,26,2.3038517747236216,-3.997776,-13.91899,1959
3647,r4i1p1f1,1959,12,27,4.0305889533712564,-4.990381,-15.6308565,1959
3648,r4i1p1f1,1959,12,28,23.996079520204386,-6.5818844,-14.022488,1959
3649,r4i1p1f1,1959,12,29,0.10041633846923183,-0.82734466,-13.486034,1959
3650,r4i1p1f1,1959,12,30,0.0,1.5930037,-14.047207,1959
3651,r4i1p1f1,1959,12,31,0.0,1.0638219,-12.932193,1959
3652,r4i1p1f1,1960,01,01,0.0,3.0786078,-10.102934,1960
3653,r4i1p1f1,1960,01,02,0.0,6.673761,-5.5274925,1960
3654,r4i1p1f1,1960,01,03,0.0,7.961835,-6.139444,1960
3655,r4i1p1f1,1960,01,04,0.0,6.7221284,-7.133991,1960
3656,r4i1p1f1,1960,01,05,0.0,8.088755,-6.461988,1960
3657,r4i1p1f1,1960,01,06,0.0,6.0471425,-5.7952952,1960
3658,r4i1p1f1,1960,01,07,0.0,1.6560142,-10.53128,1960
3659,r4i1p1f1,1960,01,08,0.0,0.013295929,-9.536362,1960
3660,r4i1p1f1,1960,01,09,0.0,3.747964,-10.805554,1960
3661,r4i1p1f1,1960,01,10,0.0,6.2957616,-7.87249,1960
3662,r4i1p1f1,1960,01,11,0.0,7.165279,-7.0897737,1960
3663,r4i1p1f1,1960,01,12,0.0,7.4109726,-5.3664155,1960
3664,r4i1p1f1,1960,01,13,0.0,6.638202,-6.1965322,1960
3665,r4i1p1f1,1960,01,14,0.0,7.8443627,-7.955487,1960
3666,r4i1p1f1,1960,01,15,0.0,9.831921,-4.9245043,1960
3667,r4i1p1f1,1960,01,16,0.0,8.634115,-3.2888186,1960
3668,r4i1p1f1,1960,01,17,0.0,8.027645,-4.325178,1960
3669,r4i1p1f1,1960,01,18,0.0,9.7101345,-3.5774343,1960
3670,r4i1p1f1,1960,01,19,0.0,11.4418125,-3.9540253,1960
3671,r4i1p1f1,1960,01,20,0.0,9.078482,-1.2105986,1960
3672,r4i1p1f1,1960,01,21,0.0,10.041416,-2.5368702,1960
3673,r4i1p1f1,1960,01,22,0.0032531995009167365,14.038705,0.96710646,1960
3674,r4i1p1f1,1960,01,23,0.0,12.859459,1.8568766,1960
3675,r4i1p1f1,1960,01,24,4.648874350560079,6.8237925,-3.1730297,1960
3676,r4i1p1f1,1960,01,25,0.0,9.911302,-4.566167,1960
3677,r4i1p1f1,1960,01,26,0.0,10.881278,-3.1742532,1960
3678,r4i1p1f1,1960,01,27,0.0,9.96047,-0.9807596,1960
3679,r4i1p1f1,1960,01,28,0.0,13.542758,-4.044566,1960
3680,r4i1p1f1,1960,01,29,0.0,13.262925,-0.36173397,1960
3681,r4i1p1f1,1960,01,30,0.0,10.002573,0.8485832,1960
3682,r4i1p1f1,1960,01,31,0.0,11.494766,-3.4707148,1960
3683,r4i1p1f1,1960,02,01,10.564177726449158,6.454332,-2.5998654,1960
3684,r4i1p1f1,1960,02,02,0.0,5.5195875,-6.7584844,1960
3685,r4i1p1f1,1960,02,03,0.0,6.0220485,-7.40557,1960
3686,r4i1p1f1,1960,02,04,0.0,7.8757367,-6.5393176,1960
3687,r4i1p1f1,1960,02,05,0.0,8.572752,-6.2004476,1960
3688,r4i1p1f1,1960,02,06,0.0,8.613486,-6.2789474,1960
3689,r4i1p1f1,1960,02,07,0.0,9.600336,-4.1440196,1960
3690,r4i1p1f1,1960,02,08,0.0,10.190569,-3.7013557,1960
3691,r4i1p1f1,1960,02,09,0.0,9.961685,-3.1898797,1960
3692,r4i1p1f1,1960,02,10,0.0,11.411957,-3.5934832,1960
3693,r4i1p1f1,1960,02,11,0.0,10.528305,-2.6595268,1960
3694,r4i1p1f1,1960,02,12,0.0,9.330516,-2.9299083,1960
3695,r4i1p1f1,1960,02,13,0.0,10.1794,-3.7266567,1960
3696,r4i1p1f1,1960,02,14,0.0,10.377315,-3.4421089,1960
3697,r4i1p1f1,1960,02,15,0.0,11.5030155,-2.4440756,1960
3698,r4i1p1f1,1960,02,16,0.0,10.8523655,-2.4740963,1960
3699,r4i1p1f1,1960,02,17,0.4518016893561504,6.81188,-3.836265,1960
3700,r4i1p1f1,1960,02,18,2.0898388123600133,4.7180057,-3.9025283,1960
3701,r4i1p1f1,1960,02,19,0.0,6.3349123,-6.514342,1960
3702,r4i1p1f1,1960,02,20,14.272496530947347,4.340889,-5.5250616,1960
3703,r4i1p1f1,1960,02,21,61.94871195499275,3.8228102,-3.377707,1960
3704,r4i1p1f1,1960,02,22,88.59130180803258,3.142162,-3.21924,1960
3705,r4i1p1f1,1960,02,23,23.571258673852107,0.9285983,-8.441449,1960
3706,r4i1p1f1,1960,02,24,35.70707419779725,-0.7099687,-9.015905,1960
3707,r4i1p1f1,1960,02,25,0.3268423487526592,-0.30167213,-10.861866,1960
3708,r4i1p1f1,1960,02,26,0.0,-0.64176667,-13.835792,1960
3709,r4i1p1f1,1960,02,27,0.0,0.3077296,-14.300615,1960
3710,r4i1p1f1,1960,02,28,17.221024241488074,-3.5659227,-12.937684,1960
3711,r4i1p1f1,1960,02,29,29.903866764583636,-4.9380236,-10.067319,1960
3712,r4i1p1f1,1960,03,01,0.4793127707975911,-4.29577,-21.149084,1960
3713,r4i1p1f1,1960,03,02,1.5101033715976742,-6.4056773,-17.503212,1960
3714,r4i1p1f1,1960,03,03,0.39761490638018715,-3.1221786,-15.479912,1960
3715,r4i1p1f1,1960,03,04,0.0,0.21075398,-16.189993,1960
3716,r4i1p1f1,1960,03,05,0.0,0.019624943,-14.671545,1960
3717,r4i1p1f1,1960,03,06,0.0,2.2134807,-15.237192,1960
3718,r4i1p1f1,1960,03,07,0.0,7.4492497,-10.754452,1960
3719,r4i1p1f1,1960,03,08,0.0,6.8918123,-7.643832,1960
3720,r4i1p1f1,1960,03,09,0.5641195525628451,3.7853115,-6.933663,1960
3721,r4i1p1f1,1960,03,10,13.466812533238741,0.07085864,-5.976044,1960
3722,r4i1p1f1,1960,03,11,14.180987548123628,0.31681782,-5.778324,1960
3723,r4i1p1f1,1960,03,12,19.660184320196198,0.5027785,-5.4808598,1960
3724,r4i1p1f1,1960,03,13,0.0,7.534067,-6.429977,1960
3725,r4i1p1f1,1960,03,14,0.0,11.07272,-4.9193106,1960
3726,r4i1p1f1,1960,03,15,0.0,9.679848,-1.4083738,1960
3727,r4i1p1f1,1960,03,16,0.014333849004818794,4.849174,-2.3831701,1960
3728,r4i1p1f1,1960,03,17,0.0,10.353634,-6.321046,1960
3729,r4i1p1f1,1960,03,18,0.0,13.013489,-3.2220738,1960
3730,r4i1p1f1,1960,03,19,0.0,13.308306,1.2694308,1960
3731,r4i1p1f1,1960,03,20,5.850150455679635,8.900831,-3.795574,1960
3732,r4i1p1f1,1960,03,21,0.457263852435087,1.4235404,-10.619929,1960
3733,r4i1p1f1,1960,03,22,0.0,7.241906,-8.107322,1960
3734,r4i1p1f1,1960,03,23,0.0,7.5193615,-7.235379,1960
3735,r4i1p1f1,1960,03,24,0.0,6.9276357,-7.725773,1960
3736,r4i1p1f1,1960,03,25,0.0,7.8327804,-5.9391074,1960
3737,r4i1p1f1,1960,03,26,0.0,9.206523,-5.3189464,1960
3738,r4i1p1f1,1960,03,27,0.0,9.051833,-3.5638165,1960
3739,r4i1p1f1,1960,03,28,0.0,11.6995325,-4.0804267,1960
3740,r4i1p1f1,1960,03,29,0.0,13.45892,-1.6715517,1960
3741,r4i1p1f1,1960,03,30,0.0,15.102066,-0.6955104,1960
3742,r4i1p1f1,1960,03,31,0.0,15.6422615,0.736797,1960
3743,r4i1p1f1,1960,04,01,0.0,16.56306,2.4297004,1960
3744,r4i1p1f1,1960,04,02,2.2679482102616664,12.498739,1.0281739,1960
3745,r4i1p1f1,1960,04,03,12.929939824405096,3.7951741,-7.144946,1960
3746,r4i1p1f1,1960,04,04,0.0,10.05445,-6.819447,1960
3747,r4i1p1f1,1960,04,05,0.08563474080777132,9.025918,-2.3841286,1960
3748,r4i1p1f1,1960,04,06,0.0,10.578884,-2.8648775,1960
3749,r4i1p1f1,1960,04,07,0.0,12.3297,-2.6067681,1960
3750,r4i1p1f1,1960,04,08,0.0,11.865837,-0.99790114,1960
3751,r4i1p1f1,1960,04,09,0.0,12.106433,-2.71406,1960
3752,r4i1p1f1,1960,04,10,0.0534568654441241,11.613472,-0.13703911,1960
3753,r4i1p1f1,1960,04,11,0.0,13.743108,-0.21050625,1960
3754,r4i1p1f1,1960,04,12,0.0,13.1133795,-0.4338642,1960
3755,r4i1p1f1,1960,04,13,0.0,11.238789,-2.9551096,1960
3756,r4i1p1f1,1960,04,14,0.0,12.572833,-2.003087,1960
3757,r4i1p1f1,1960,04,15,0.0,12.516964,-1.9160234,1960
3758,r4i1p1f1,1960,04,16,0.0,14.577592,-0.7027628,1960
3759,r4i1p1f1,1960,04,17,0.0,17.635067,1.6819905,1960
3760,r4i1p1f1,1960,04,18,0.0,19.660326,3.427443,1960
3761,r4i1p1f1,1960,04,19,0.0,19.591898,4.2275376,1960
3762,r4i1p1f1,1960,04,20,4.41653374185479,17.861423,2.6853852,1960
3763,r4i1p1f1,1960,04,21,0.09327327773450111,19.82771,3.9695103,1960
3764,r4i1p1f1,1960,04,22,0.0,19.621359,5.894793,1960
3765,r4i1p1f1,1960,04,23,0.0,18.548452,4.324394,1960
3766,r4i1p1f1,1960,04,24,0.0,17.9332,3.183358,1960
3767,r4i1p1f1,1960,04,25,0.0,17.928303,1.3468229,1960
3768,r4i1p1f1,1960,04,26,0.0,19.580805,2.959483,1960
3769,r4i1p1f1,1960,04,27,0.0,19.238667,5.2443604,1960
3770,r4i1p1f1,1960,04,28,0.0,18.323254,4.2123685,1960
3771,r4i1p1f1,1960,04,29,0.0,16.512177,2.8265107,1960
3772,r4i1p1f1,1960,04,30,0.0,14.047882,-0.04618214,1960
3773,r4i1p1f1,1960,05,01,0.029914591901796572,12.657252,0.15420388,1960
3774,r4i1p1f1,1960,05,02,9.576853919713452,6.932487,-4.339641,1960
3775,r4i1p1f1,1960,05,03,0.008754136000772543,10.64229,-2.4375403,1960
3776,r4i1p1f1,1960,05,04,0.0,13.4116,-1.8425342,1960
3777,r4i1p1f1,1960,05,05,0.0,17.186197,1.6389899,1960
3778,r4i1p1f1,1960,05,06,0.0,17.056534,2.709854,1960
3779,r4i1p1f1,1960,05,07,0.0,16.509756,3.2108538,1960
3780,r4i1p1f1,1960,05,08,0.0,16.421415,1.5174898,1960
3781,r4i1p1f1,1960,05,09,0.0,18.47238,2.9647024,1960
3782,r4i1p1f1,1960,05,10,0.0,17.75509,3.1647496,1960
3783,r4i1p1f1,1960,05,11,0.0,15.528912,1.7756199,1960
3784,r4i1p1f1,1960,05,12,0.0,19.231758,3.5077093,1960
3785,r4i1p1f1,1960,05,13,0.0,21.972874,5.282362,1960
3786,r4i1p1f1,1960,05,14,0.0,23.07719,6.556373,1960
3787,r4i1p1f1,1960,05,15,0.0,23.295847,7.937981,1960
3788,r4i1p1f1,1960,05,16,0.0,23.81433,8.839303,1960
3789,r4i1p1f1,1960,05,17,0.0,24.92207,8.149301,1960
3790,r4i1p1f1,1960,05,18,0.0,25.517847,9.112103,1960
3791,r4i1p1f1,1960,05,19,0.0,26.69075,10.617503,1960
3792,r4i1p1f1,1960,05,20,0.0,25.199749,9.776165,1960
3793,r4i1p1f1,1960,05,21,0.0,23.93535,10.110691,1960
3794,r4i1p1f1,1960,05,22,0.0,22.490551,8.199815,1960
3795,r4i1p1f1,1960,05,23,0.2660300397538402,18.16667,4.807712,1960
3796,r4i1p1f1,1960,05,24,3.5714747411055634,16.733187,2.9605951,1960
3797,r4i1p1f1,1960,05,25,1.193755458173478,16.97055,2.7203271,1960
3798,r4i1p1f1,1960,05,26,0.0,19.341753,4.576029,1960
3799,r4i1p1f1,1960,05,27,0.0,18.928974,5.193216,1960
3800,r4i1p1f1,1960,05,28,0.0,15.454676,2.4624343,1960
3801,r4i1p1f1,1960,05,29,13.17524803159453,6.9890842,-4.603738,1960
3802,r4i1p1f1,1960,05,30,2.5720651566637764,5.9911666,-3.4283564,1960
3803,r4i1p1f1,1960,05,31,2.1412447186047845,4.7661066,-7.226488,1960
3804,r4i1p1f1,1960,06,01,0.0,11.739688,-5.495605,1960
3805,r4i1p1f1,1960,06,02,0.0,12.489935,-2.021922,1960
3806,r4i1p1f1,1960,06,03,0.0,15.56961,0.8252185,1960
3807,r4i1p1f1,1960,06,04,0.0,18.229977,1.6928484,1960
3808,r4i1p1f1,1960,06,05,0.0,20.725084,4.007915,1960
3809,r4i1p1f1,1960,06,06,0.0,21.342625,6.8358917,1960
3810,r4i1p1f1,1960,06,07,0.0,22.602234,6.7578163,1960
3811,r4i1p1f1,1960,06,08,0.0,24.648453,9.809479,1960
3812,r4i1p1f1,1960,06,09,0.0,27.367363,11.819505,1960
3813,r4i1p1f1,1960,06,10,0.0,27.950459,12.327207,1960
3814,r4i1p1f1,1960,06,11,0.0,28.390251,11.868182,1960
3815,r4i1p1f1,1960,06,12,0.0,25.03765,12.207947,1960
3816,r4i1p1f1,1960,06,13,0.0,20.69649,8.606164,1960
3817,r4i1p1f1,1960,06,14,0.0,20.46939,7.4057527,1960
3818,r4i1p1f1,1960,06,15,0.0,26.1496,9.450832,1960
3819,r4i1p1f1,1960,06,16,0.0,28.543036,10.876769,1960
3820,r4i1p1f1,1960,06,17,0.0,28.64935,13.46215,1960
3821,r4i1p1f1,1960,06,18,0.0,30.574886,14.134295,1960
3822,r4i1p1f1,1960,06,19,0.0,29.545479,13.9449415,1960
3823,r4i1p1f1,1960,06,20,0.0,28.133219,10.982833,1960
3824,r4i1p1f1,1960,06,21,0.0,27.418295,13.388066,1960
3825,r4i1p1f1,1960,06,22,0.03019887246813086,25.369358,11.699695,1960
3826,r4i1p1f1,1960,06,23,1.373728934508997,23.62273,10.457873,1960
3827,r4i1p1f1,1960,06,24,0.15506343568969025,23.060379,9.14556,1960
3828,r4i1p1f1,1960,06,25,0.0282322635770906,23.656849,9.486204,1960
3829,r4i1p1f1,1960,06,26,0.14006642117591708,23.90886,8.734993,1960
3830,r4i1p1f1,1960,06,27,0.13174632849562617,24.531977,9.287174,1960
3831,r4i1p1f1,1960,06,28,0.024705643597589932,23.844221,9.647033,1960
3832,r4i1p1f1,1960,06,29,0.0,23.295795,7.6389337,1960
3833,r4i1p1f1,1960,06,30,0.0,23.435764,8.197338,1960
3834,r4i1p1f1,1960,07,01,0.0,23.810617,7.0801544,1960
3835,r4i1p1f1,1960,07,02,0.0,23.777285,8.693305,1960
3836,r4i1p1f1,1960,07,03,0.0,21.337008,8.630387,1960
3837,r4i1p1f1,1960,07,04,0.0,20.2117,5.39267,1960
3838,r4i1p1f1,1960,07,05,0.0,24.35502,7.512693,1960
3839,r4i1p1f1,1960,07,06,0.0,26.116827,9.67708,1960
3840,r4i1p1f1,1960,07,07,0.0,25.68253,10.231485,1960
3841,r4i1p1f1,1960,07,08,0.0,24.604803,9.550092,1960
3842,r4i1p1f1,1960,07,09,0.0,22.37104,7.3401337,1960
3843,r4i1p1f1,1960,07,10,0.0,20.20162,5.6129246,1960
3844,r4i1p1f1,1960,07,11,0.0,19.88108,6.179719,1960
3845,r4i1p1f1,1960,07,12,0.0,23.013296,6.6285286,1960
3846,r4i1p1f1,1960,07,13,0.0,24.249374,8.296411,1960
3847,r4i1p1f1,1960,07,14,0.0,24.632856,9.743468,1960
3848,r4i1p1f1,1960,07,15,0.0,27.21989,10.645999,1960
3849,r4i1p1f1,1960,07,16,0.0,28.413424,12.816533,1960
3850,r4i1p1f1,1960,07,17,0.0,27.27199,13.374646,1960
3851,r4i1p1f1,1960,07,18,0.0,26.10416,11.240884,1960
3852,r4i1p1f1,1960,07,19,0.0,26.047411,11.347839,1960
3853,r4i1p1f1,1960,07,20,0.0,25.556147,10.698056,1960
3854,r4i1p1f1,1960,07,21,1.0000335728944274,24.70363,11.543107,1960
3855,r4i1p1f1,1960,07,22,0.9201296956234728,22.94276,9.956622,1960
3856,r4i1p1f1,1960,07,23,0.0,22.265234,7.998448,1960
3857,r4i1p1f1,1960,07,24,0.0,21.017256,7.193213,1960
3858,r4i1p1f1,1960,07,25,0.0,22.677362,7.6522293,1960
3859,r4i1p1f1,1960,07,26,0.0,23.91634,8.180669,1960
3860,r4i1p1f1,1960,07,27,0.0,25.114853,8.688788,1960
3861,r4i1p1f1,1960,07,28,0.0,25.549479,9.408758,1960
3862,r4i1p1f1,1960,07,29,0.0046945848513807575,25.006063,10.192986,1960
3863,r4i1p1f1,1960,07,30,0.11969463419073975,24.903414,10.426034,1960
3864,r4i1p1f1,1960,07,31,0.0507373400706781,24.429699,9.566606,1960
3865,r4i1p1f1,1960,08,01,0.0,24.675282,9.134832,1960
3866,r4i1p1f1,1960,08,02,0.0,24.365957,8.330785,1960
3867,r4i1p1f1,1960,08,03,0.0,23.903961,10.128291,1960
3868,r4i1p1f1,1960,08,04,0.0,25.28394,9.377163,1960
3869,r4i1p1f1,1960,08,05,0.04412829025218693,24.772335,9.347727,1960
3870,r4i1p1f1,1960,08,06,0.17058601451071603,24.18293,8.8286495,1960
3871,r4i1p1f1,1960,08,07,0.0025482889407312252,23.644653,8.3306875,1960
3872,r4i1p1f1,1960,08,08,0.010235298649361568,23.286232,7.2937045,1960
3873,r4i1p1f1,1960,08,09,0.017946022636069797,22.771544,8.812164,1960
3874,r4i1p1f1,1960,08,10,0.23841883924503166,22.548786,9.833684,1960
3875,r4i1p1f1,1960,08,11,4.302991051076067,23.85126,9.935728,1960
3876,r4i1p1f1,1960,08,12,4.486658024303752,23.81744,9.712214,1960
3877,r4i1p1f1,1960,08,13,1.3608289310308037,24.439049,8.500566,1960
3878,r4i1p1f1,1960,08,14,0.536764684108276,24.81143,9.176839,1960
3879,r4i1p1f1,1960,08,15,0.0,25.651855,9.930927,1960
3880,r4i1p1f1,1960,08,16,0.0,25.886936,10.6273985,1960
3881,r4i1p1f1,1960,08,17,0.0,24.962791,9.416859,1960
3882,r4i1p1f1,1960,08,18,0.0,22.677467,9.816303,1960
3883,r4i1p1f1,1960,08,19,0.0,21.657372,8.097893,1960
3884,r4i1p1f1,1960,08,20,0.4618047967835485,23.883638,8.502993,1960
3885,r4i1p1f1,1960,08,21,1.0270244770266412,27.062475,11.282688,1960
3886,r4i1p1f1,1960,08,22,0.05846156286041735,26.701231,10.337516,1960
3887,r4i1p1f1,1960,08,23,0.059142693844560654,25.849888,9.914695,1960
3888,r4i1p1f1,1960,08,24,2.84269638413211,24.81991,10.341704,1960
3889,r4i1p1f1,1960,08,25,2.972707143098846,21.963226,8.069535,1960
3890,r4i1p1f1,1960,08,26,0.0,16.498653,3.8714187,1960
3891,r4i1p1f1,1960,08,27,0.0,15.677011,1.6051927,1960
3892,r4i1p1f1,1960,08,28,0.0,15.287192,0.9058949,1960
3893,r4i1p1f1,1960,08,29,0.1741991059899764,14.678061,0.6035761,1960
3894,r4i1p1f1,1960,08,30,0.0,16.610336,0.9433654,1960
3895,r4i1p1f1,1960,08,31,0.0,16.59384,1.467573,1960
3896,r4i1p1f1,1960,09,01,0.0,15.837761,2.048422,1960
3897,r4i1p1f1,1960,09,02,0.0,20.236393,3.4419184,1960
3898,r4i1p1f1,1960,09,03,0.0,18.893766,4.459437,1960
3899,r4i1p1f1,1960,09,04,0.1211468031597919,15.254409,1.1216722,1960
3900,r4i1p1f1,1960,09,05,0.0,14.837708,1.2540518,1960
3901,r4i1p1f1,1960,09,06,0.0,19.43265,2.6082401,1960
3902,r4i1p1f1,1960,09,07,0.0,20.577759,4.536678,1960
3903,r4i1p1f1,1960,09,08,0.0,20.87988,5.17223,1960
3904,r4i1p1f1,1960,09,09,0.0,19.503641,4.338587,1960
3905,r4i1p1f1,1960,09,10,2.1955418852053197,21.507738,6.439945,1960
3906,r4i1p1f1,1960,09,11,0.2556058240947614,13.722472,-0.79623806,1960
3907,r4i1p1f1,1960,09,12,0.0,15.313883,0.6091674,1960
3908,r4i1p1f1,1960,09,13,0.0,17.58353,2.0002708,1960
3909,r4i1p1f1,1960,09,14,0.0,19.125702,4.1377625,1960
3910,r4i1p1f1,1960,09,15,0.0,18.38016,2.8481107,1960
3911,r4i1p1f1,1960,09,16,0.0,19.746828,3.5238369,1960
3912,r4i1p1f1,1960,09,17,0.0,21.562725,5.516074,1960
3913,r4i1p1f1,1960,09,18,0.0,21.339298,5.6565847,1960
3914,r4i1p1f1,1960,09,19,0.0,19.889324,4.975285,1960
3915,r4i1p1f1,1960,09,20,0.0,17.293781,2.7926638,1960
3916,r4i1p1f1,1960,09,21,0.0,19.52527,3.4831507,1960
3917,r4i1p1f1,1960,09,22,0.0,20.679272,4.8223014,1960
3918,r4i1p1f1,1960,09,23,0.0,20.60103,4.465844,1960
3919,r4i1p1f1,1960,09,24,5.903593542985223,20.121866,9.311273,1960
3920,r4i1p1f1,1960,09,25,0.0026738215374650497,13.186718,2.7761228,1960
3921,r4i1p1f1,1960,09,26,0.0,13.22255,-0.6590172,1960
3922,r4i1p1f1,1960,09,27,0.08251248091337855,12.855343,-2.5888023,1960
3923,r4i1p1f1,1960,09,28,0.2017846202271847,7.8859544,-4.5335402,1960
3924,r4i1p1f1,1960,09,29,0.007798948206167618,10.749301,-3.3462605,1960
3925,r4i1p1f1,1960,09,30,0.0,10.717987,-2.653366,1960
3926,r4i1p1f1,1960,10,01,0.0,13.803382,-2.4495325,1960
3927,r4i1p1f1,1960,10,02,0.0,14.022476,-0.90626174,1960
3928,r4i1p1f1,1960,10,03,0.0,15.349056,1.0799855,1960
3929,r4i1p1f1,1960,10,04,0.0,15.43507,1.0414732,1960
3930,r4i1p1f1,1960,10,05,0.0,18.020685,0.9177674,1960
3931,r4i1p1f1,1960,10,06,0.0,19.563347,3.9346416,1960
3932,r4i1p1f1,1960,10,07,0.0,20.677402,5.245726,1960
3933,r4i1p1f1,1960,10,08,0.0,20.611183,5.4335394,1960
3934,r4i1p1f1,1960,10,09,0.0,20.084639,5.683349,1960
3935,r4i1p1f1,1960,10,10,0.0,17.924292,5.3700504,1960
3936,r4i1p1f1,1960,10,11,0.0,16.663706,2.0323095,1960
3937,r4i1p1f1,1960,10,12,0.0,15.141228,1.0033303,1960
3938,r4i1p1f1,1960,10,13,0.0,16.008883,0.38300624,1960
3939,r4i1p1f1,1960,10,14,0.0,16.823822,1.4397755,1960
3940,r4i1p1f1,1960,10,15,0.0,16.301542,1.6384526,1960
3941,r4i1p1f1,1960,10,16,0.0,14.937251,0.888439,1960
3942,r4i1p1f1,1960,10,17,0.0,13.183923,0.551257,1960
3943,r4i1p1f1,1960,10,18,0.0,11.484144,-3.0522518,1960
3944,r4i1p1f1,1960,10,19,0.0,12.840874,-2.8149176,1960
3945,r4i1p1f1,1960,10,20,0.0,14.5803175,-0.9564567,1960
3946,r4i1p1f1,1960,10,21,0.0,15.377336,0.14340784,1960
3947,r4i1p1f1,1960,10,22,0.0,17.430233,0.72318405,1960
3948,r4i1p1f1,1960,10,23,0.0,18.625868,1.7365227,1960
3949,r4i1p1f1,1960,10,24,0.0,17.316841,1.044332,1960
3950,r4i1p1f1,1960,10,25,0.0,16.720703,1.9565816,1960
3951,r4i1p1f1,1960,10,26,0.0,15.320459,4.1728516,1960
3952,r4i1p1f1,1960,10,27,0.0,11.658637,0.9909363,1960
3953,r4i1p1f1,1960,10,28,0.0,14.090416,-0.48778594,1960
3954,r4i1p1f1,1960,10,29,0.0,11.770707,-0.44511628,1960
3955,r4i1p1f1,1960,10,30,0.0,10.043673,-1.3141843,1960
3956,r4i1p1f1,1960,10,31,0.0,12.578907,-3.146554,1960
3957,r4i1p1f1,1960,11,01,3.4819718857292323,15.116386,3.058505,1960
3958,r4i1p1f1,1960,11,02,30.860404299592656,8.34191,1.3343827,1960
3959,r4i1p1f1,1960,11,03,2.0506528597779092,11.948487,-0.04634032,1960
3960,r4i1p1f1,1960,11,04,0.0,13.831022,-3.227023,1960
3961,r4i1p1f1,1960,11,05,0.09396745167763237,11.57685,0.7670558,1960
3962,r4i1p1f1,1960,11,06,27.323124816309875,8.131032,0.6001484,1960
3963,r4i1p1f1,1960,11,07,4.948161822019806,7.49991,-1.4806484,1960
3964,r4i1p1f1,1960,11,08,0.0,7.9924383,-5.2357554,1960
3965,r4i1p1f1,1960,11,09,0.0,9.305331,-5.4671144,1960
3966,r4i1p1f1,1960,11,10,0.0,9.645724,-3.459254,1960
3967,r4i1p1f1,1960,11,11,0.0,9.122818,-5.240214,1960
3968,r4i1p1f1,1960,11,12,1.2653021931328112,9.729811,-0.8117592,1960
3969,r4i1p1f1,1960,11,13,1.1089176400398022,6.9182525,-0.58001745,1960
3970,r4i1p1f1,1960,11,14,52.040300022587346,7.234344,0.024107229,1960
3971,r4i1p1f1,1960,11,15,0.0,8.226403,-8.966651,1960
3972,r4i1p1f1,1960,11,16,0.0,10.55107,-4.9904165,1960
3973,r4i1p1f1,1960,11,17,0.017500081512027702,10.450805,-3.7259688,1960
3974,r4i1p1f1,1960,11,18,12.673024729982533,8.491518,-2.1619666,1960
3975,r4i1p1f1,1960,11,19,12.475680027629052,5.2861676,-2.704676,1960
3976,r4i1p1f1,1960,11,20,0.0,5.799627,-6.2495284,1960
3977,r4i1p1f1,1960,11,21,0.0,9.151814,-4.985624,1960
3978,r4i1p1f1,1960,11,22,0.0,11.064413,-2.4709458,1960
3979,r4i1p1f1,1960,11,23,0.0,11.813772,-2.8555496,1960
3980,r4i1p1f1,1960,11,24,2.1635011361612095,11.680184,0.7124562,1960
3981,r4i1p1f1,1960,11,25,8.638309630221894,10.64386,2.7014043,1960
3982,r4i1p1f1,1960,11,26,0.0,11.423377,-0.987829,1960
3983,r4i1p1f1,1960,11,27,0.03880699979282528,11.977987,1.6875123,1960
3984,r4i1p1f1,1960,11,28,6.10352724400799,12.079577,2.86454,1960
3985,r4i1p1f1,1960,11,29,25.146723474108306,6.988388,-1.773084,1960
3986,r4i1p1f1,1960,11,30,0.0,6.730531,-4.79692,1960
3987,r4i1p1f1,1960,12,01,95.74335388063845,4.724351,-5.161832,1960
3988,r4i1p1f1,1960,12,02,36.49209919543642,0.28972796,-6.9501996,1960
3989,r4i1p1f1,1960,12,03,21.72170137165839,0.14116459,-7.238041,1960
3990,r4i1p1f1,1960,12,04,7.565861789211899,2.9097779,-6.8955226,1960
3991,r4i1p1f1,1960,12,05,43.48032173091689,1.8406311,-4.507628,1960
3992,r4i1p1f1,1960,12,06,10.676420474271142,5.02666,-5.4589624,1960
3993,r4i1p1f1,1960,12,07,2.692106456901234,5.980178,-4.05983,1960
3994,r4i1p1f1,1960,12,08,3.6953551876550956,4.852508,-2.3476684,1960
3995,r4i1p1f1,1960,12,09,8.97625660501648,2.6318934,-5.7535496,1960
3996,r4i1p1f1,1960,12,10,35.0632419807592,0.24905658,-7.2010336,1960
3997,r4i1p1f1,1960,12,11,5.4323853325673985,-2.8740373,-10.462156,1960
3998,r4i1p1f1,1960,12,12,0.0,-0.2124107,-14.3077965,1960
3999,r4i1p1f1,1960,12,13,0.0,0.23557664,-12.679025,1960
4000,r4i1p1f1,1960,12,14,0.0,1.7772882,-14.348453,1960
4001,r4i1p1f1,1960,12,15,0.0,-0.8048524,-12.124142,1960
4002,r4i1p1f1,1960,12,16,11.015206574050422,-3.0558133,-13.910196,1960
4003,r4i1p1f1,1960,12,17,50.26051632899841,3.212446,-6.6845937,1960
4004,r4i1p1f1,1960,12,18,3.3270232550306265,3.4138057,-3.4166718,1960
4005,r4i1p1f1,1960,12,19,14.403238363550319,2.1484334,-5.525294,1960
4006,r4i1p1f1,1960,12,20,65.5776103357974,6.1350594,-3.6491537,1960
4007,r4i1p1f1,1960,12,21,28.4793064467571,4.00728,-2.2567132,1960
4008,r4i1p1f1,1960,12,22,8.044211333263647,5.4414783,-3.0434988,1960
4009,r4i1p1f1,1960,12,23,0.01001731891340968,7.096868,-4.2563066,1960
4010,r4i1p1f1,1960,12,24,4.348130711489694,5.575378,-1.801773,1960
4011,r4i1p1f1,1960,12,25,44.32955897166668,4.3295174,-2.1186612,1960
4012,r4i1p1f1,1960,12,26,7.719000022139609,7.192642,-0.74522835,1960
4013,r4i1p1f1,1960,12,27,38.69059374113462,3.9967911,-2.0816348,1960
4014,r4i1p1f1,1960,12,28,9.07865286314448,1.0724084,-5.8578124,1960
4015,r4i1p1f1,1960,12,29,0.08253256881338801,4.2247615,-6.0804453,1960
4016,r4i1p1f1,1960,12,30,0.0,4.619811,-7.0015287,1960
4017,r4i1p1f1,1960,12,31,0.0,8.565573,-3.6733625,1960
4018,r4i1p1f1,1961,01,01,0.0,10.017127,-3.5404124,1961
4019,r4i1p1f1,1961,01,02,0.06720250989743709,8.362042,-1.9802995,1961
4020,r4i1p1f1,1961,01,03,6.63505082276262,0.7693149,-7.259836,1961
4021,r4i1p1f1,1961,01,04,0.0,4.0512004,-10.05913,1961
4022,r4i1p1f1,1961,01,05,3.7327740162785368,0.9997941,-10.760463,1961
4023,r4i1p1f1,1961,01,06,9.130189686195031,1.0828675,-7.4456487,1961
4024,r4i1p1f1,1961,01,07,11.53619282505458,0.090983875,-9.278243,1961
4025,r4i1p1f1,1961,01,08,0.0,2.161728,-9.07154,1961
4026,r4i1p1f1,1961,01,09,0.0,3.0582361,-7.9233594,1961
4027,r4i1p1f1,1961,01,10,0.0,6.9954967,-6.094999,1961
4028,r4i1p1f1,1961,01,11,0.0,7.82395,-5.069911,1961
4029,r4i1p1f1,1961,01,12,0.0,8.856911,-4.513816,1961
4030,r4i1p1f1,1961,01,13,0.0,9.19566,-4.2896395,1961
4031,r4i1p1f1,1961,01,14,0.0,8.570434,-2.3125777,1961
4032,r4i1p1f1,1961,01,15,0.0,9.458776,-1.5179747,1961
4033,r4i1p1f1,1961,01,16,14.868367255304001,7.051295,-4.139095,1961
4034,r4i1p1f1,1961,01,17,7.459159567892895,-3.2308335,-9.388518,1961
4035,r4i1p1f1,1961,01,18,10.054136872290512,-4.4910746,-10.715947,1961
4036,r4i1p1f1,1961,01,19,0.0,1.5651512,-12.293475,1961
4037,r4i1p1f1,1961,01,20,20.844953472392078,-2.9501798,-7.9345646,1961
4038,r4i1p1f1,1961,01,21,0.0,4.83817,-9.36037,1961
4039,r4i1p1f1,1961,01,22,0.0,6.563136,-5.3511395,1961
4040,r4i1p1f1,1961,01,23,0.0,8.772892,-5.3281264,1961
4041,r4i1p1f1,1961,01,24,0.0,9.954073,-5.302742,1961
4042,r4i1p1f1,1961,01,25,12.161317689537084,5.488924,-3.804673,1961
4043,r4i1p1f1,1961,01,26,0.025140184267635805,4.476983,-7.9148536,1961
4044,r4i1p1f1,1961,01,27,13.377015935720632,-0.12445918,-8.276672,1961
4045,r4i1p1f1,1961,01,28,0.0,2.5531986,-8.753922,1961
4046,r4i1p1f1,1961,01,29,0.0,4.6816306,-8.782155,1961
4047,r4i1p1f1,1961,01,30,0.0,8.320598,-6.4666476,1961
4048,r4i1p1f1,1961,01,31,0.0,7.3661914,-4.5632434,1961
4049,r4i1p1f1,1961,02,01,0.0,5.8358803,-7.529355,1961
4050,r4i1p1f1,1961,02,02,0.0,5.200395,-8.459212,1961
4051,r4i1p1f1,1961,02,03,0.0,8.971533,-4.4309597,1961
4052,r4i1p1f1,1961,02,04,0.0,13.826611,-0.41107503,1961
4053,r4i1p1f1,1961,02,05,0.0,13.0682955,-1.5060136,1961
4054,r4i1p1f1,1961,02,06,0.0,11.906564,0.48269245,1961
4055,r4i1p1f1,1961,02,07,0.0,11.641582,-2.9169192,1961
4056,r4i1p1f1,1961,02,08,0.0,9.988409,-1.8833455,1961
4057,r4i1p1f1,1961,02,09,0.0,8.909095,-1.2084361,1961
4058,r4i1p1f1,1961,02,10,0.0,9.961299,-3.263033,1961
4059,r4i1p1f1,1961,02,11,0.0,12.714407,-1.517052,1961
4060,r4i1p1f1,1961,02,12,0.0,12.231109,-2.3737705,1961
4061,r4i1p1f1,1961,02,13,0.0,10.985929,-3.3695748,1961
4062,r4i1p1f1,1961,02,14,0.0,10.987728,-2.231032,1961
4063,r4i1p1f1,1961,02,15,0.0,12.955571,-1.3413688,1961
4064,r4i1p1f1,1961,02,16,0.0,13.861964,0.013569275,1961
4065,r4i1p1f1,1961,02,17,0.0,16.914228,1.5881468,1961
4066,r4i1p1f1,1961,02,18,0.0,18.183603,2.9052615,1961
4067,r4i1p1f1,1961,02,19,0.0,18.2894,2.1147206,1961
4068,r4i1p1f1,1961,02,20,0.0,17.379814,2.6725266,1961
4069,r4i1p1f1,1961,02,21,0.0,16.073034,1.7602606,1961
4070,r4i1p1f1,1961,02,22,0.0,12.760965,0.86039805,1961
4071,r4i1p1f1,1961,02,23,0.0,9.192942,-2.8802085,1961
4072,r4i1p1f1,1961,02,24,0.009097271465603683,7.035019,-4.107142,1961
4073,r4i1p1f1,1961,02,25,4.045851741069601,3.4499815,-7.492118,1961
4074,r4i1p1f1,1961,02,26,1.6440293553815162,-0.7074976,-10.336285,1961
4075,r4i1p1f1,1961,02,27,0.0,2.27804,-8.294736,1961
4076,r4i1p1f1,1961,02,28,25.071538830959824,-1.1571121,-10.889325,1961
4077,r4i1p1f1,1961,03,01,0.0,1.1565108,-12.615031,1961
4078,r4i1p1f1,1961,03,02,46.0020639372113,-3.799868,-9.81359,1961
4079,r4i1p1f1,1961,03,03,13.435877679596441,-6.1801553,-12.47643,1961
4080,r4i1p1f1,1961,03,04,4.979418081973366,-4.6878614,-12.638409,1961
4081,r4i1p1f1,1961,03,05,0.00833635743331044,-1.426539,-9.385936,1961
4082,r4i1p1f1,1961,03,06,2.4987872733420597,-1.4568622,-13.531165,1961
4083,r4i1p1f1,1961,03,07,30.99703647731487,-3.2221696,-9.694004,1961
4084,r4i1p1f1,1961,03,08,89.21146839372477,-2.2698345,-5.3342457,1961
4085,r4i1p1f1,1961,03,09,13.024824302809732,-3.3689547,-12.349548,1961
4086,r4i1p1f1,1961,03,10,0.0,1.6173502,-12.184551,1961
4087,r4i1p1f1,1961,03,11,0.0,8.612673,-9.144678,1961
4088,r4i1p1f1,1961,03,12,0.0,10.904139,-4.6539226,1961
4089,r4i1p1f1,1961,03,13,0.0,13.339553,-3.7921026,1961
4090,r4i1p1f1,1961,03,14,0.0,12.251579,-0.7766227,1961
4091,r4i1p1f1,1961,03,15,0.0,11.107191,-3.0612004,1961
4092,r4i1p1f1,1961,03,16,0.0,13.555843,-1.8396057,1961
4093,r4i1p1f1,1961,03,17,0.0,13.012919,-0.6519806,1961
4094,r4i1p1f1,1961,03,18,0.0,10.4209,0.54968584,1961
4095,r4i1p1f1,1961,03,19,0.0,6.7605653,-5.3582754,1961
4096,r4i1p1f1,1961,03,20,0.0,7.894396,-5.7060294,1961
4097,r4i1p1f1,1961,03,21,0.0,9.660174,-2.501009,1961
4098,r4i1p1f1,1961,03,22,0.0,10.841992,-3.5663064,1961
4099,r4i1p1f1,1961,03,23,0.2540734168404805,9.551087,-2.4751453,1961
4100,r4i1p1f1,1961,03,24,0.13942113846167567,9.9618025,-1.874845,1961
4101,r4i1p1f1,1961,03,25,0.0,12.172009,-2.922351,1961
4102,r4i1p1f1,1961,03,26,1.1681303299464496,10.116045,-1.4748389,1961
4103,r4i1p1f1,1961,03,27,21.029111473111023,4.567766,-5.511319,1961
4104,r4i1p1f1,1961,03,28,7.962426787928538,3.1923892,-5.20001,1961
4105,r4i1p1f1,1961,03,29,18.6940198153683,3.6565218,-5.6568704,1961
4106,r4i1p1f1,1961,03,30,0.22177533988740925,1.6853495,-7.550081,1961
4107,r4i1p1f1,1961,03,31,1.5184317033760133,-0.7689093,-8.261378,1961
4108,r4i1p1f1,1961,04,01,1.816986244220847,2.1188037,-7.8102403,1961
4109,r4i1p1f1,1961,04,02,8.749636695894088,0.73946327,-8.230306,1961
4110,r4i1p1f1,1961,04,03,0.03122689486190211,3.1018717,-9.442643,1961
4111,r4i1p1f1,1961,04,04,0.03790108462844605,0.26064083,-10.231057,1961
4112,r4i1p1f1,1961,04,05,0.395606513836656,3.4445205,-8.768793,1961
4113,r4i1p1f1,1961,04,06,0.0,6.645316,-6.1904445,1961
4114,r4i1p1f1,1961,04,07,0.0,8.371771,-5.8149633,1961
4115,r4i1p1f1,1961,04,08,0.15883138938951813,7.1607385,-4.287021,1961
4116,r4i1p1f1,1961,04,09,0.13156149961932445,9.965715,-5.3171225,1961
4117,r4i1p1f1,1961,04,10,0.0,11.503686,-2.632186,1961
4118,r4i1p1f1,1961,04,11,0.8142663182355453,9.356075,0.06452058,1961
4119,r4i1p1f1,1961,04,12,28.981859379393214,3.1947613,-3.236299,1961
4120,r4i1p1f1,1961,04,13,30.763157437780947,2.5603433,-10.895261,1961
4121,r4i1p1f1,1961,04,14,0.5446222399159811,1.6473641,-10.5484,1961
4122,r4i1p1f1,1961,04,15,0.0,4.8670897,-8.637759,1961
4123,r4i1p1f1,1961,04,16,2.1046367465546134,0.9567008,-5.7380233,1961
4124,r4i1p1f1,1961,04,17,0.07735315742866901,2.6815488,-7.89711,1961
4125,r4i1p1f1,1961,04,18,0.0,8.544648,-5.968813,1961
4126,r4i1p1f1,1961,04,19,20.392337498150773,4.3550854,-3.3410594,1961
4127,r4i1p1f1,1961,04,20,0.0,11.501722,-4.6824365,1961
4128,r4i1p1f1,1961,04,21,0.7108319896858585,10.817179,-4.140462,1961
4129,r4i1p1f1,1961,04,22,12.163155450312077,3.008962,-3.172472,1961
4130,r4i1p1f1,1961,04,23,0.036638923526933306,4.8626523,-2.206437,1961
4131,r4i1p1f1,1961,04,24,0.011153918317238888,10.884386,-3.9802697,1961
4132,r4i1p1f1,1961,04,25,0.0,9.86135,-1.475362,1961
4133,r4i1p1f1,1961,04,26,0.0,12.590299,-2.5995116,1961
4134,r4i1p1f1,1961,04,27,0.0,14.161522,-0.98437625,1961
4135,r4i1p1f1,1961,04,28,0.0,13.941143,-0.28112283,1961
4136,r4i1p1f1,1961,04,29,0.0,14.488352,0.8976392,1961
4137,r4i1p1f1,1961,04,30,0.0,13.756906,-0.60180783,1961
4138,r4i1p1f1,1961,05,01,0.0,12.046765,-1.7364477,1961
4139,r4i1p1f1,1961,05,02,0.0,10.5349045,-0.56972843,1961
4140,r4i1p1f1,1961,05,03,0.0,9.432414,-3.4594817,1961
4141,r4i1p1f1,1961,05,04,0.0,10.525971,-3.7347965,1961
4142,r4i1p1f1,1961,05,05,2.489244154259632,7.658229,-3.1030319,1961
4143,r4i1p1f1,1961,05,06,6.731760971014332,-0.10282815,-7.5684767,1961
4144,r4i1p1f1,1961,05,07,0.6152424295710076,4.2877345,-4.561228,1961
4145,r4i1p1f1,1961,05,08,0.0,13.039424,-2.529489,1961
4146,r4i1p1f1,1961,05,09,0.0,16.58217,0.71221834,1961
4147,r4i1p1f1,1961,05,10,0.013350776411309561,15.695941,3.7300606,1961
4148,r4i1p1f1,1961,05,11,57.77777823660632,9.329887,-1.3930476,1961
4149,r4i1p1f1,1961,05,12,9.751368572123452,1.8087945,-9.2099495,1961
4150,r4i1p1f1,1961,05,13,0.0,7.704277,-4.8652315,1961
4151,r4i1p1f1,1961,05,14,0.3197222897019177,8.632562,-3.3354316,1961
4152,r4i1p1f1,1961,05,15,5.8266005152204325,4.722049,-3.3318713,1961
4153,r4i1p1f1,1961,05,16,0.0,8.212463,-6.133238,1961
4154,r4i1p1f1,1961,05,17,0.0,10.459822,-4.0833254,1961
4155,r4i1p1f1,1961,05,18,0.0,11.298809,-2.9973018,1961
4156,r4i1p1f1,1961,05,19,13.148684846176394,7.485104,-3.4615366,1961
4157,r4i1p1f1,1961,05,20,4.7374973288884465,6.594002,-4.569226,1961
4158,r4i1p1f1,1961,05,21,0.0,11.570987,-2.4752252,1961
4159,r4i1p1f1,1961,05,22,0.0,10.134496,-0.060678817,1961
4160,r4i1p1f1,1961,05,23,0.0,13.185909,-2.700171,1961
4161,r4i1p1f1,1961,05,24,0.0,13.473897,-0.6293362,1961
4162,r4i1p1f1,1961,05,25,0.0,10.919107,-1.7570337,1961
4163,r4i1p1f1,1961,05,26,2.6034880759228995,2.8445997,-7.3595786,1961
4164,r4i1p1f1,1961,05,27,0.0,10.703251,-4.2835903,1961
4165,r4i1p1f1,1961,05,28,0.0,14.91217,-1.2013295,1961
4166,r4i1p1f1,1961,05,29,0.0,17.534822,1.4350954,1961
4167,r4i1p1f1,1961,05,30,0.0,16.7904,3.425392,1961
4168,r4i1p1f1,1961,05,31,0.00829844092924545,17.010576,4.147277,1961
4169,r4i1p1f1,1961,06,01,0.0,16.6623,1.9296851,1961
4170,r4i1p1f1,1961,06,02,0.00950618329925707,15.314862,2.8461266,1961
4171,r4i1p1f1,1961,06,03,0.0,13.951083,0.9376453,1961
4172,r4i1p1f1,1961,06,04,0.0,14.12925,-0.6981061,1961
4173,r4i1p1f1,1961,06,05,0.0,17.34504,0.3071758,1961
4174,r4i1p1f1,1961,06,06,0.04078759954045463,16.664764,2.905713,1961
4175,r4i1p1f1,1961,06,07,0.0,13.044076,0.97446996,1961
4176,r4i1p1f1,1961,06,08,0.0,13.190763,-1.6144865,1961
4177,r4i1p1f1,1961,06,09,0.0,15.972927,-0.96988165,1961
4178,r4i1p1f1,1961,06,10,0.0,15.383436,3.0596485,1961
4179,r4i1p1f1,1961,06,11,0.0,14.793797,2.253062,1961
4180,r4i1p1f1,1961,06,12,0.0,15.718242,1.7125714,1961
4181,r4i1p1f1,1961,06,13,3.329364299674644,10.750465,-3.2242165,1961
4182,r4i1p1f1,1961,06,14,2.530353076930854,10.026018,-2.1510348,1961
4183,r4i1p1f1,1961,06,15,1.047827378125595,14.330205,0.5028705,1961
4184,r4i1p1f1,1961,06,16,0.0,18.925444,3.018835,1961
4185,r4i1p1f1,1961,06,17,0.0,20.329979,4.787712,1961
4186,r4i1p1f1,1961,06,18,0.0,20.611938,5.072148,1961
4187,r4i1p1f1,1961,06,19,0.0,19.830761,6.3910165,1961
4188,r4i1p1f1,1961,06,20,0.2568823557541436,16.823145,3.8242812,1961
4189,r4i1p1f1,1961,06,21,4.7476854687987915,15.504453,3.3679366,1961
4190,r4i1p1f1,1961,06,22,0.0,19.979465,4.7234945,1961
4191,r4i1p1f1,1961,06,23,0.0,21.601385,6.738585,1961
4192,r4i1p1f1,1961,06,24,1.0510205312446865,22.285727,6.7185273,1961
4193,r4i1p1f1,1961,06,25,0.0,21.247944,7.939131,1961
4194,r4i1p1f1,1961,06,26,0.0,20.87597,6.014581,1961
4195,r4i1p1f1,1961,06,27,0.0,24.032578,7.2318687,1961
4196,r4i1p1f1,1961,06,28,0.0,27.587166,9.586711,1961
4197,r4i1p1f1,1961,06,29,0.0,30.517185,12.524983,1961
4198,r4i1p1f1,1961,06,30,0.0,28.720484,12.619689,1961
4199,r4i1p1f1,1961,07,01,0.0,25.408234,10.028535,1961
4200,r4i1p1f1,1961,07,02,0.0,25.920746,8.237515,1961
4201,r4i1p1f1,1961,07,03,0.0,25.750284,10.120561,1961
4202,r4i1p1f1,1961,07,04,0.0,25.141262,10.702234,1961
4203,r4i1p1f1,1961,07,05,0.0,22.50516,8.991869,1961
4204,r4i1p1f1,1961,07,06,0.0,17.91686,4.778171,1961
4205,r4i1p1f1,1961,07,07,0.0,19.792942,3.0344272,1961
4206,r4i1p1f1,1961,07,08,0.0,24.033058,6.5880394,1961
4207,r4i1p1f1,1961,07,09,0.0,24.865482,8.413493,1961
4208,r4i1p1f1,1961,07,10,0.0,24.619473,8.382606,1961
4209,r4i1p1f1,1961,07,11,0.0,23.273901,10.0122,1961
4210,r4i1p1f1,1961,07,12,0.0,22.69067,7.528887,1961
4211,r4i1p1f1,1961,07,13,0.0,25.578697,9.237789,1961
4212,r4i1p1f1,1961,07,14,0.0,25.155209,9.618556,1961
4213,r4i1p1f1,1961,07,15,0.31219281128984855,23.943132,9.689865,1961
4214,r4i1p1f1,1961,07,16,0.03497192912486938,17.59717,5.798979,1961
4215,r4i1p1f1,1961,07,17,0.0,18.460691,2.9471955,1961
4216,r4i1p1f1,1961,07,18,0.0,23.038109,5.7351537,1961
4217,r4i1p1f1,1961,07,19,0.0,23.942154,7.4930644,1961
4218,r4i1p1f1,1961,07,20,0.0,22.905268,8.842493,1961
4219,r4i1p1f1,1961,07,21,0.0,19.294674,6.273571,1961
4220,r4i1p1f1,1961,07,22,0.0,21.430286,4.3156385,1961
4221,r4i1p1f1,1961,07,23,0.0,22.630709,7.514956,1961
4222,r4i1p1f1,1961,07,24,0.0,23.24971,9.451309,1961
4223,r4i1p1f1,1961,07,25,0.1464189311556099,25.14359,9.299001,1961
4224,r4i1p1f1,1961,07,26,0.0,26.094345,11.832336,1961
4225,r4i1p1f1,1961,07,27,0.0,27.230453,10.433635,1961
4226,r4i1p1f1,1961,07,28,0.0,27.012589,10.430422,1961
4227,r4i1p1f1,1961,07,29,0.0,26.456545,10.540269,1961
4228,r4i1p1f1,1961,07,30,0.0,25.091726,10.347187,1961
4229,r4i1p1f1,1961,07,31,0.0,23.40053,10.445193,1961
4230,r4i1p1f1,1961,08,01,0.0,22.088676,8.004074,1961
4231,r4i1p1f1,1961,08,02,0.0,22.108437,6.8400283,1961
4232,r4i1p1f1,1961,08,03,0.0,22.992538,6.912052,1961
4233,r4i1p1f1,1961,08,04,0.0,23.05117,7.1823997,1961
4234,r4i1p1f1,1961,08,05,0.0,23.489676,9.503493,1961
4235,r4i1p1f1,1961,08,06,0.0,24.145409,8.01866,1961
4236,r4i1p1f1,1961,08,07,0.02521319189467109,23.527472,9.371201,1961
4237,r4i1p1f1,1961,08,08,0.07985334106615895,22.000149,6.623735,1961
4238,r4i1p1f1,1961,08,09,0.0,20.750193,6.750297,1961
4239,r4i1p1f1,1961,08,10,0.0,20.282417,5.531858,1961
4240,r4i1p1f1,1961,08,11,0.0,19.323656,6.2133965,1961
4241,r4i1p1f1,1961,08,12,0.0,21.990648,5.999687,1961
4242,r4i1p1f1,1961,08,13,0.0,23.90552,7.6172853,1961
4243,r4i1p1f1,1961,08,14,0.019445563735825178,23.592716,8.59306,1961
4244,r4i1p1f1,1961,08,15,0.19701995931110636,23.650337,6.9326124,1961
4245,r4i1p1f1,1961,08,16,0.0,22.799889,8.567487,1961
4246,r4i1p1f1,1961,08,17,0.0,23.677786,7.234531,1961
4247,r4i1p1f1,1961,08,18,0.0,23.44665,7.0000067,1961
4248,r4i1p1f1,1961,08,19,0.0,22.891861,7.685905,1961
4249,r4i1p1f1,1961,08,20,0.0,23.649437,7.8029666,1961
4250,r4i1p1f1,1961,08,21,0.0,23.76759,9.481889,1961
4251,r4i1p1f1,1961,08,22,0.0,25.47232,8.978349,1961
4252,r4i1p1f1,1961,08,23,0.0,25.845129,9.42615,1961
4253,r4i1p1f1,1961,08,24,0.0,26.238703,10.763492,1961
4254,r4i1p1f1,1961,08,25,0.0,25.085182,11.473173,1961
4255,r4i1p1f1,1961,08,26,0.0,24.95285,8.658252,1961
4256,r4i1p1f1,1961,08,27,0.0,24.266085,9.0681715,1961
4257,r4i1p1f1,1961,08,28,0.0,23.38948,8.680986,1961
4258,r4i1p1f1,1961,08,29,0.0,25.380808,8.387008,1961
4259,r4i1p1f1,1961,08,30,0.0,27.399204,10.046388,1961
4260,r4i1p1f1,1961,08,31,0.0,28.927816,11.299454,1961
4261,r4i1p1f1,1961,09,01,0.0,28.33591,11.9436655,1961
4262,r4i1p1f1,1961,09,02,0.0,28.415754,12.15095,1961
4263,r4i1p1f1,1961,09,03,0.0,27.254887,11.643969,1961
4264,r4i1p1f1,1961,09,04,0.0,25.436075,10.505916,1961
4265,r4i1p1f1,1961,09,05,0.0,24.417328,8.1355295,1961
4266,r4i1p1f1,1961,09,06,0.0,24.1143,9.003758,1961
4267,r4i1p1f1,1961,09,07,2.9904317516716077,24.766996,8.750567,1961
4268,r4i1p1f1,1961,09,08,2.8824677528191636,18.283123,6.184453,1961
4269,r4i1p1f1,1961,09,09,0.0,17.500786,4.154756,1961
4270,r4i1p1f1,1961,09,10,0.0,18.000689,2.631875,1961
4271,r4i1p1f1,1961,09,11,0.0,18.599499,1.4595729,1961
4272,r4i1p1f1,1961,09,12,0.0,18.026989,3.3315296,1961
4273,r4i1p1f1,1961,09,13,0.0014169967323236117,17.21856,2.1634753,1961
4274,r4i1p1f1,1961,09,14,0.0,16.910618,3.4503884,1961
4275,r4i1p1f1,1961,09,15,0.0,16.026897,1.4646941,1961
4276,r4i1p1f1,1961,09,16,0.0,20.41947,3.7751453,1961
4277,r4i1p1f1,1961,09,17,0.0,22.4672,6.300118,1961
4278,r4i1p1f1,1961,09,18,0.0,22.163412,7.170902,1961
4279,r4i1p1f1,1961,09,19,0.0,23.490564,7.551424,1961
4280,r4i1p1f1,1961,09,20,0.0,24.23232,7.4660983,1961
4281,r4i1p1f1,1961,09,21,0.0,22.301107,7.232116,1961
4282,r4i1p1f1,1961,09,22,0.0,22.016676,5.9632764,1961
4283,r4i1p1f1,1961,09,23,0.0,20.383928,5.6763425,1961
4284,r4i1p1f1,1961,09,24,0.0,19.230589,6.547449,1961
4285,r4i1p1f1,1961,09,25,0.0,16.788204,2.172865,1961
4286,r4i1p1f1,1961,09,26,0.0,15.086878,-0.08122723,1961
4287,r4i1p1f1,1961,09,27,0.0,13.8796015,1.2701303,1961
4288,r4i1p1f1,1961,09,28,0.8564491355753497,14.506189,2.1353626,1961
4289,r4i1p1f1,1961,09,29,2.679335301583533,10.364572,-0.029037958,1961
4290,r4i1p1f1,1961,09,30,0.0,11.192758,-3.5746598,1961
4291,r4i1p1f1,1961,10,01,0.0,13.300333,-2.6823542,1961
4292,r4i1p1f1,1961,10,02,0.0,12.866609,0.40901965,1961
4293,r4i1p1f1,1961,10,03,0.0,14.56526,-1.4346144,1961
4294,r4i1p1f1,1961,10,04,0.0,14.810615,-1.7585775,1961
4295,r4i1p1f1,1961,10,05,0.0,14.905993,-1.3839542,1961
4296,r4i1p1f1,1961,10,06,0.0,15.08508,0.9861989,1961
4297,r4i1p1f1,1961,10,07,0.0,15.387274,1.2356385,1961
4298,r4i1p1f1,1961,10,08,0.0,13.881465,-0.41260326,1961
4299,r4i1p1f1,1961,10,09,0.0,15.983564,0.3759428,1961
4300,r4i1p1f1,1961,10,10,0.0,16.598078,1.7027687,1961
4301,r4i1p1f1,1961,10,11,0.0,19.475052,2.9659936,1961
4302,r4i1p1f1,1961,10,12,0.0,20.899776,5.8021054,1961
4303,r4i1p1f1,1961,10,13,0.0,21.032482,6.343227,1961
4304,r4i1p1f1,1961,10,14,0.0,21.031227,6.232791,1961
4305,r4i1p1f1,1961,10,15,0.0,21.866827,7.226515,1961
4306,r4i1p1f1,1961,10,16,0.0,20.77268,7.514205,1961
4307,r4i1p1f1,1961,10,17,0.0,18.670439,4.635141,1961
4308,r4i1p1f1,1961,10,18,0.0,17.241398,2.1928792,1961
4309,r4i1p1f1,1961,10,19,0.0,18.676586,3.319933,1961
4310,r4i1p1f1,1961,10,20,0.26848052612502427,19.47906,3.94238,1961
4311,r4i1p1f1,1961,10,21,0.0,16.209509,2.422229,1961
4312,r4i1p1f1,1961,10,22,0.0,15.965402,2.2227366,1961
4313,r4i1p1f1,1961,10,23,7.948758991215772,20.334906,7.3394017,1961
4314,r4i1p1f1,1961,10,24,3.11792741822542,11.0901165,1.1112036,1961
4315,r4i1p1f1,1961,10,25,0.0,13.182295,-2.7653012,1961
4316,r4i1p1f1,1961,10,26,0.0,14.668732,-0.78898996,1961
4317,r4i1p1f1,1961,10,27,0.0,13.761584,-0.98834735,1961
4318,r4i1p1f1,1961,10,28,0.05079395062926466,11.81983,-1.5512192,1961
4319,r4i1p1f1,1961,10,29,2.9807994574567434,11.862473,1.3477374,1961
4320,r4i1p1f1,1961,10,30,0.04134781835642875,11.311281,-2.9276175,1961
4321,r4i1p1f1,1961,10,31,0.0,12.484369,-1.9452766,1961
4322,r4i1p1f1,1961,11,01,0.0,11.710766,0.41983634,1961
4323,r4i1p1f1,1961,11,02,0.0,12.744261,-1.7457783,1961
4324,r4i1p1f1,1961,11,03,0.0,12.813936,-1.7939079,1961
4325,r4i1p1f1,1961,11,04,0.0,12.548305,-1.0768713,1961
4326,r4i1p1f1,1961,11,05,0.0,10.168643,0.11848629,1961
4327,r4i1p1f1,1961,11,06,0.0,11.146765,-3.3169105,1961
4328,r4i1p1f1,1961,11,07,0.0,10.3303795,-3.1860332,1961
4329,r4i1p1f1,1961,11,08,0.0,9.281029,-2.6264572,1961
4330,r4i1p1f1,1961,11,09,2.8481190756340093,7.8026643,-2.8723752,1961
4331,r4i1p1f1,1961,11,10,11.86455723396829,4.7659926,-2.0583136,1961
4332,r4i1p1f1,1961,11,11,0.6812841832762631,7.2012095,-5.6506586,1961
4333,r4i1p1f1,1961,11,12,0.0,9.917562,-4.7697854,1961
4334,r4i1p1f1,1961,11,13,0.0,11.4835005,-3.638971,1961
4335,r4i1p1f1,1961,11,14,0.0,12.765333,-1.0302684,1961
4336,r4i1p1f1,1961,11,15,0.0,12.739286,-2.682852,1961
4337,r4i1p1f1,1961,11,16,0.0,10.674653,-2.5009139,1961
4338,r4i1p1f1,1961,11,17,0.0,9.125773,-3.9010928,1961
4339,r4i1p1f1,1961,11,18,0.9390519722819178,7.787004,-3.8034618,1961
4340,r4i1p1f1,1961,11,19,0.0,2.4388063,-9.174526,1961
4341,r4i1p1f1,1961,11,20,0.0,2.3633842,-9.610553,1961
4342,r4i1p1f1,1961,11,21,0.0,4.073089,-9.372265,1961
4343,r4i1p1f1,1961,11,22,0.039464086303392605,2.5678322,-10.03601,1961
4344,r4i1p1f1,1961,11,23,0.0,0.9379908,-11.848675,1961
4345,r4i1p1f1,1961,11,24,0.1503769648808876,0.85301954,-9.393732,1961
4346,r4i1p1f1,1961,11,25,0.0,2.9838176,-11.231591,1961
4347,r4i1p1f1,1961,11,26,0.0,5.4351864,-9.166063,1961
4348,r4i1p1f1,1961,11,27,0.0,5.5558434,-8.9409,1961
4349,r4i1p1f1,1961,11,28,0.0,5.221155,-3.2686641,1961
4350,r4i1p1f1,1961,11,29,0.0,6.89798,-5.8185625,1961
4351,r4i1p1f1,1961,11,30,0.0,7.9481397,-6.8582387,1961
4352,r4i1p1f1,1961,12,01,0.8720946047179903,7.0916634,-4.6730328,1961
4353,r4i1p1f1,1961,12,02,2.3092432205836033,6.5274143,-4.4086156,1961
4354,r4i1p1f1,1961,12,03,3.128814407364806,5.1219726,-4.976721,1961
4355,r4i1p1f1,1961,12,04,0.840304294824695,3.4426515,-5.014126,1961
4356,r4i1p1f1,1961,12,05,0.0,6.5034885,-7.215366,1961
4357,r4i1p1f1,1961,12,06,3.742527688899008,3.23426,-3.1022806,1961
4358,r4i1p1f1,1961,12,07,0.0,6.1130223,-7.221196,1961
4359,r4i1p1f1,1961,12,08,0.0,10.9361,-4.236074,1961
4360,r4i1p1f1,1961,12,09,0.0,12.533444,-1.7670246,1961
4361,r4i1p1f1,1961,12,10,0.0,14.305405,-1.5350839,1961
4362,r4i1p1f1,1961,12,11,0.0,13.266065,-1.888649,1961
4363,r4i1p1f1,1961,12,12,0.0,12.537841,2.112508,1961
4364,r4i1p1f1,1961,12,13,0.0,11.167481,-0.26321447,1961
4365,r4i1p1f1,1961,12,14,0.0,9.29252,-3.257301,1961
4366,r4i1p1f1,1961,12,15,18.114907109906593,5.842249,-4.5477066,1961
4367,r4i1p1f1,1961,12,16,0.07244320868225942,1.4738472,-7.3007255,1961
4368,r4i1p1f1,1961,12,17,0.0,6.802637,-7.172408,1961
4369,r4i1p1f1,1961,12,18,0.0,8.5226555,-5.168048,1961
4370,r4i1p1f1,1961,12,19,0.0,10.2761,-2.8993897,1961
4371,r4i1p1f1,1961,12,20,0.0,11.918466,-2.7904186,1961
4372,r4i1p1f1,1961,12,21,0.0074694908766088615,9.8026495,-2.493896,1961
4373,r4i1p1f1,1961,12,22,0.0,5.8455644,-5.301058,1961
4374,r4i1p1f1,1961,12,23,0.0,4.432151,-8.272244,1961
4375,r4i1p1f1,1961,12,24,0.0,1.1992643,-10.953405,1961
4376,r4i1p1f1,1961,12,25,0.0,3.1807253,-9.095491,1961
4377,r4i1p1f1,1961,12,26,0.0,3.457402,-7.4585805,1961
4378,r4i1p1f1,1961,12,27,0.0,3.3744607,-7.525613,1961
4379,r4i1p1f1,1961,12,28,0.0,5.822014,-6.4987206,1961
4380,r4i1p1f1,1961,12,29,0.0,7.278187,-4.5983567,1961
4381,r4i1p1f1,1961,12,30,0.0,5.4647985,-6.3005896,1961
4382,r4i1p1f1,1961,12,31,0.0,8.800578,-3.3120947,1961
4383,r4i1p1f1,1962,01,01,0.0,12.502942,-0.69305915,1962
4384,r4i1p1f1,1962,01,02,0.0,12.796638,-0.2997429,1962
4385,r4i1p1f1,1962,01,03,0.0,14.840546,0.48524973,1962
4386,r4i1p1f1,1962,01,04,0.0,13.349261,0.20594056,1962
4387,r4i1p1f1,1962,01,05,0.0,9.712143,-2.8226557,1962
4388,r4i1p1f1,1962,01,06,0.002299377439771168,6.793379,-3.7208834,1962
4389,r4i1p1f1,1962,01,07,0.0,10.393125,-2.8007188,1962
4390,r4i1p1f1,1962,01,08,0.0,11.042157,-0.9626042,1962
4391,r4i1p1f1,1962,01,09,0.0,10.829986,-1.4847524,1962
4392,r4i1p1f1,1962,01,10,0.0,11.180548,-0.45095265,1962
4393,r4i1p1f1,1962,01,11,0.0,11.441276,-0.6152242,1962
4394,r4i1p1f1,1962,01,12,0.0,9.826975,-1.9628663,1962
4395,r4i1p1f1,1962,01,13,0.0,8.013816,-3.5840576,1962
4396,r4i1p1f1,1962,01,14,0.0,6.8935976,-5.898997,1962
4397,r4i1p1f1,1962,01,15,0.0,9.46826,-3.602206,1962
4398,r4i1p1f1,1962,01,16,0.0,10.130797,-3.5678298,1962
4399,r4i1p1f1,1962,01,17,0.0,10.792476,-1.700203,1962
4400,r4i1p1f1,1962,01,18,0.0,11.094532,-1.9693432,1962
4401,r4i1p1f1,1962,01,19,0.0,10.065131,-0.9147316,1962
4402,r4i1p1f1,1962,01,20,28.465069772368,2.906361,-6.6707478,1962
4403,r4i1p1f1,1962,01,21,3.997933846344351,3.6549428,-6.8120804,1962
4404,r4i1p1f1,1962,01,22,0.0,7.540959,-4.2724814,1962
4405,r4i1p1f1,1962,01,23,11.75434804851125,3.2808697,-3.7638931,1962
4406,r4i1p1f1,1962,01,24,0.7785240644601578,4.8180757,-9.320374,1962
4407,r4i1p1f1,1962,01,25,0.0,5.399082,-6.892239,1962
4408,r4i1p1f1,1962,01,26,4.388546096994122,0.7946264,-7.9025493,1962
4409,r4i1p1f1,1962,01,27,0.0,6.164847,-9.250435,1962
4410,r4i1p1f1,1962,01,28,0.0,7.8780565,-7.0711694,1962
4411,r4i1p1f1,1962,01,29,0.0,7.4862895,-4.77333,1962
4412,r4i1p1f1,1962,01,30,0.0,9.008662,-2.0461206,1962
4413,r4i1p1f1,1962,01,31,0.0,10.553929,-4.589794,1962
4414,r4i1p1f1,1962,02,01,3.2736929691840717,7.417209,-2.6614068,1962
4415,r4i1p1f1,1962,02,02,0.0,8.559834,-5.4021134,1962
4416,r4i1p1f1,1962,02,03,0.0,11.960206,-4.451643,1962
4417,r4i1p1f1,1962,02,04,0.0,10.750488,-1.1298949,1962
4418,r4i1p1f1,1962,02,05,0.0,10.954186,-4.6374974,1962
4419,r4i1p1f1,1962,02,06,0.0,13.285419,-1.2432245,1962
4420,r4i1p1f1,1962,02,07,9.24891106926834,10.2804575,-2.324965,1962
4421,r4i1p1f1,1962,02,08,7.067634350004157,-0.35144967,-10.377813,1962
4422,r4i1p1f1,1962,02,09,0.0,6.8471513,-11.847386,1962
4423,r4i1p1f1,1962,02,10,14.7338385549395,3.7752187,-7.528921,1962
4424,r4i1p1f1,1962,02,11,0.5976989653098583,0.5486477,-10.0491085,1962
4425,r4i1p1f1,1962,02,12,0.0,-0.15604307,-16.145,1962
4426,r4i1p1f1,1962,02,13,0.0,2.685681,-13.193379,1962
4427,r4i1p1f1,1962,02,14,0.0,5.363017,-8.351028,1962
4428,r4i1p1f1,1962,02,15,0.0,7.7342515,-5.5766435,1962
4429,r4i1p1f1,1962,02,16,36.016734644488274,4.2062755,-6.572614,1962
4430,r4i1p1f1,1962,02,17,45.35963440132728,-0.24529083,-8.799864,1962
4431,r4i1p1f1,1962,02,18,45.341291698538676,-2.6390977,-8.6824875,1962
4432,r4i1p1f1,1962,02,19,66.62991357565862,-2.5317867,-7.5089602,1962
4433,r4i1p1f1,1962,02,20,75.81307269396825,-1.5525767,-8.297876,1962
4434,r4i1p1f1,1962,02,21,29.08924269253953,0.3377049,-9.78882,1962
4435,r4i1p1f1,1962,02,22,64.02815488141822,-0.64149565,-6.8212776,1962
4436,r4i1p1f1,1962,02,23,91.810320242523,-2.4669847,-8.511827,1962
4437,r4i1p1f1,1962,02,24,8.236430911070718,-0.34439176,-10.5998125,1962
4438,r4i1p1f1,1962,02,25,0.0,5.5618434,-9.600867,1962
4439,r4i1p1f1,1962,02,26,0.0,8.53379,-7.1325307,1962
4440,r4i1p1f1,1962,02,27,0.0,10.439348,-4.8695965,1962
4441,r4i1p1f1,1962,02,28,0.0,7.827767,-2.1337388,1962
4442,r4i1p1f1,1962,03,01,0.0,5.860476,-9.174402,1962
4443,r4i1p1f1,1962,03,02,0.0,7.86526,-7.2094984,1962
4444,r4i1p1f1,1962,03,03,0.0032835578249885418,7.3400717,-5.733479,1962
4445,r4i1p1f1,1962,03,04,0.0,7.8226027,-4.595633,1962
4446,r4i1p1f1,1962,03,05,0.0,7.2680826,-7.325782,1962
4447,r4i1p1f1,1962,03,06,0.0,5.1644707,-7.934585,1962
4448,r4i1p1f1,1962,03,07,0.0,8.809374,-6.852396,1962
4449,r4i1p1f1,1962,03,08,0.0,9.094311,-7.800603,1962
4450,r4i1p1f1,1962,03,09,12.054578356162489,0.57908285,-8.801496,1962
4451,r4i1p1f1,1962,03,10,0.1255424460774784,2.4242694,-9.650871,1962
4452,r4i1p1f1,1962,03,11,0.0,5.050189,-10.158066,1962
4453,r4i1p1f1,1962,03,12,0.021517632979656278,4.718146,-9.367883,1962
4454,r4i1p1f1,1962,03,13,5.458642081718374,2.2414544,-10.662531,1962
4455,r4i1p1f1,1962,03,14,0.5668476718167508,3.1113205,-5.7531815,1962
4456,r4i1p1f1,1962,03,15,22.058900329863814,-1.7056813,-7.4404726,1962
4457,r4i1p1f1,1962,03,16,0.4480960374006399,-0.06190629,-9.771394,1962
4458,r4i1p1f1,1962,03,17,4.8669241830217755,-1.3315284,-9.958122,1962
4459,r4i1p1f1,1962,03,18,13.538039534519179,0.6301649,-10.327223,1962
4460,r4i1p1f1,1962,03,19,0.0,9.757776,-9.676272,1962
4461,r4i1p1f1,1962,03,20,0.0,12.754102,-5.3303084,1962
4462,r4i1p1f1,1962,03,21,0.1386408543861334,10.798479,-2.0186458,1962
4463,r4i1p1f1,1962,03,22,0.0,8.704191,-4.411849,1962
4464,r4i1p1f1,1962,03,23,0.07622957280513039,9.1312065,-3.7976055,1962
4465,r4i1p1f1,1962,03,24,0.0,9.671819,-3.6606467,1962
4466,r4i1p1f1,1962,03,25,0.0,9.71795,-5.0611253,1962
4467,r4i1p1f1,1962,03,26,0.0,8.380351,-5.5356765,1962
4468,r4i1p1f1,1962,03,27,5.429379823105357,4.3887124,-5.506864,1962
4469,r4i1p1f1,1962,03,28,1.765652823363846,5.9736824,-6.8423085,1962
4470,r4i1p1f1,1962,03,29,10.407100769870796,7.525604,-4.086102,1962
4471,r4i1p1f1,1962,03,30,59.367230830596114,7.281442,-3.4422994,1962
4472,r4i1p1f1,1962,03,31,26.9551976656065,1.8783418,-10.756154,1962
4473,r4i1p1f1,1962,04,01,9.355753415782527,-2.1569035,-8.34316,1962
4474,r4i1p1f1,1962,04,02,7.066123204554863,-3.5722675,-11.337607,1962
4475,r4i1p1f1,1962,04,03,0.0,2.6311383,-13.078553,1962
4476,r4i1p1f1,1962,04,04,0.0,5.6664176,-10.121873,1962
4477,r4i1p1f1,1962,04,05,0.0,8.769295,-6.6243486,1962
4478,r4i1p1f1,1962,04,06,0.0,9.6837,-3.653026,1962
4479,r4i1p1f1,1962,04,07,0.0,9.401543,-1.102483,1962
4480,r4i1p1f1,1962,04,08,0.0,9.590316,-1.2701309,1962
4481,r4i1p1f1,1962,04,09,0.0,11.9921255,-3.85121,1962
4482,r4i1p1f1,1962,04,10,0.0,11.802836,-3.6801846,1962
4483,r4i1p1f1,1962,04,11,0.0,12.792542,-1.8535662,1962
4484,r4i1p1f1,1962,04,12,0.0,13.731623,-1.2733238,1962
4485,r4i1p1f1,1962,04,13,0.0,15.222926,1.313111,1962
4486,r4i1p1f1,1962,04,14,0.0,15.366384,1.3712481,1962
4487,r4i1p1f1,1962,04,15,0.0,16.305431,2.198647,1962
4488,r4i1p1f1,1962,04,16,0.0,15.64122,1.0496677,1962
4489,r4i1p1f1,1962,04,17,0.0,13.447879,1.0141664,1962
4490,r4i1p1f1,1962,04,18,0.0,12.560547,-1.7401606,1962
4491,r4i1p1f1,1962,04,19,0.0,13.817058,-1.6523587,1962
4492,r4i1p1f1,1962,04,20,0.0,15.326018,0.39437887,1962
4493,r4i1p1f1,1962,04,21,0.0,14.475789,3.344859,1962
4494,r4i1p1f1,1962,04,22,9.42806571190359,8.170098,-4.875164,1962
4495,r4i1p1f1,1962,04,23,0.0,11.397582,-5.241271,1962
4496,r4i1p1f1,1962,04,24,0.0,16.215868,0.8475708,1962
4497,r4i1p1f1,1962,04,25,0.0,15.449831,4.011549,1962
4498,r4i1p1f1,1962,04,26,0.0,9.454173,-2.2292373,1962
4499,r4i1p1f1,1962,04,27,0.0,15.039562,-1.1858222,1962
4500,r4i1p1f1,1962,04,28,0.0,19.196114,1.9302241,1962
4501,r4i1p1f1,1962,04,29,0.0,19.4686,4.45903,1962
4502,r4i1p1f1,1962,04,30,0.0,19.38016,5.4710045,1962
4503,r4i1p1f1,1962,05,01,0.0,19.66154,5.0985847,1962
4504,r4i1p1f1,1962,05,02,1.3754581592086021,19.002115,3.937789,1962
4505,r4i1p1f1,1962,05,03,1.0125597721735875,17.825842,3.3147938,1962
4506,r4i1p1f1,1962,05,04,0.9611825418868735,18.459778,3.7951717,1962
4507,r4i1p1f1,1962,05,05,0.0,18.017525,5.8560386,1962
4508,r4i1p1f1,1962,05,06,0.0,15.94437,1.4034636,1962
4509,r4i1p1f1,1962,05,07,0.0,11.424951,-0.46854535,1962
4510,r4i1p1f1,1962,05,08,0.0,10.443155,-0.79452,1962
4511,r4i1p1f1,1962,05,09,0.04696872054912125,11.626472,-0.9127783,1962
4512,r4i1p1f1,1962,05,10,0.3094580475524346,15.842915,0.16353549,1962
4513,r4i1p1f1,1962,05,11,0.0,16.335619,1.5027969,1962
4514,r4i1p1f1,1962,05,12,0.0,17.76873,2.168712,1962
4515,r4i1p1f1,1962,05,13,0.0,17.961788,3.791662,1962
4516,r4i1p1f1,1962,05,14,0.0,19.679451,4.123054,1962
4517,r4i1p1f1,1962,05,15,0.0,19.230486,5.2645855,1962
4518,r4i1p1f1,1962,05,16,0.0,17.86674,3.7729394,1962
4519,r4i1p1f1,1962,05,17,0.0,15.263,1.4553769,1962
4520,r4i1p1f1,1962,05,18,0.012116325458557013,13.517277,2.414902,1962
4521,r4i1p1f1,1962,05,19,0.0,12.441527,0.3517496,1962
4522,r4i1p1f1,1962,05,20,0.0,14.607655,0.49954396,1962
4523,r4i1p1f1,1962,05,21,0.0,17.986177,3.0671284,1962
4524,r4i1p1f1,1962,05,22,0.0,20.829983,5.589259,1962
4525,r4i1p1f1,1962,05,23,0.0,22.70289,7.1561246,1962
4526,r4i1p1f1,1962,05,24,0.08285926463060309,21.752613,9.110115,1962
4527,r4i1p1f1,1962,05,25,0.0,20.565477,6.36959,1962
4528,r4i1p1f1,1962,05,26,0.0,23.027306,6.905566,1962
4529,r4i1p1f1,1962,05,27,0.0,24.665636,9.363799,1962
4530,r4i1p1f1,1962,05,28,0.0,23.896204,9.319726,1962
4531,r4i1p1f1,1962,05,29,0.0,23.244244,8.869733,1962
4532,r4i1p1f1,1962,05,30,0.0,22.017813,7.84895,1962
4533,r4i1p1f1,1962,05,31,0.0,20.655218,7.2826424,1962
4534,r4i1p1f1,1962,06,01,0.0,19.616083,4.547255,1962
4535,r4i1p1f1,1962,06,02,0.0,19.163273,2.596927,1962
4536,r4i1p1f1,1962,06,03,0.0,18.407501,4.4908285,1962
4537,r4i1p1f1,1962,06,04,0.433076291322804,14.508992,-0.4791351,1962
4538,r4i1p1f1,1962,06,05,2.089795870247494,9.17176,-3.0523863,1962
4539,r4i1p1f1,1962,06,06,0.4390374975101453,9.827761,0.51358134,1962
4540,r4i1p1f1,1962,06,07,0.5800734341926941,12.220541,2.7287889,1962
4541,r4i1p1f1,1962,06,08,0.3241733449390864,17.692734,2.4650552,1962
4542,r4i1p1f1,1962,06,09,0.0,19.969662,4.483997,1962
4543,r4i1p1f1,1962,06,10,0.050817799229781684,19.036692,4.6966267,1962
4544,r4i1p1f1,1962,06,11,0.0,18.631535,4.2200155,1962
4545,r4i1p1f1,1962,06,12,0.0,21.009806,5.142064,1962
4546,r4i1p1f1,1962,06,13,0.0,22.296988,6.2265706,1962
4547,r4i1p1f1,1962,06,14,0.28711413418504356,21.72439,6.7298,1962
4548,r4i1p1f1,1962,06,15,0.0,19.533155,6.0600715,1962
4549,r4i1p1f1,1962,06,16,0.0,18.116264,3.1907036,1962
4550,r4i1p1f1,1962,06,17,0.0,13.6107025,2.3857841,1962
4551,r4i1p1f1,1962,06,18,0.3692295323619203,14.488796,2.4117975,1962
4552,r4i1p1f1,1962,06,19,0.325236456322425,16.976532,3.0826664,1962
4553,r4i1p1f1,1962,06,20,0.0,18.53945,4.1272664,1962
4554,r4i1p1f1,1962,06,21,0.0,20.333687,4.6484413,1962
4555,r4i1p1f1,1962,06,22,0.0,22.818712,6.5016065,1962
4556,r4i1p1f1,1962,06,23,0.0,24.04132,7.5982323,1962
4557,r4i1p1f1,1962,06,24,0.0,23.379602,8.909095,1962
4558,r4i1p1f1,1962,06,25,0.0,20.697033,7.8977866,1962
4559,r4i1p1f1,1962,06,26,0.0,19.0619,5.456691,1962
4560,r4i1p1f1,1962,06,27,0.2213995250672043,19.913574,4.932579,1962
4561,r4i1p1f1,1962,06,28,0.0,23.158203,7.0100994,1962
4562,r4i1p1f1,1962,06,29,0.08206658293935576,22.71085,9.9393635,1962
4563,r4i1p1f1,1962,06,30,0.8007567332637691,23.239286,8.168852,1962
4564,r4i1p1f1,1962,07,01,0.721173921870742,25.447721,10.130422,1962
4565,r4i1p1f1,1962,07,02,0.6381336643112449,25.823519,10.092638,1962
4566,r4i1p1f1,1962,07,03,0.02996617011837577,24.447014,10.870702,1962
4567,r4i1p1f1,1962,07,04,0.0,23.353363,10.2585335,1962
4568,r4i1p1f1,1962,07,05,0.0,23.893461,8.617952,1962
4569,r4i1p1f1,1962,07,06,0.0,24.609997,9.109931,1962
4570,r4i1p1f1,1962,07,07,0.0,25.794836,9.327331,1962
4571,r4i1p1f1,1962,07,08,0.0,25.475233,9.523651,1962
4572,r4i1p1f1,1962,07,09,0.0,23.977112,9.301994,1962
4573,r4i1p1f1,1962,07,10,0.0,18.554815,4.8450236,1962
4574,r4i1p1f1,1962,07,11,0.0,20.617193,6.0514536,1962
4575,r4i1p1f1,1962,07,12,0.0,24.579578,7.3657613,1962
4576,r4i1p1f1,1962,07,13,0.0,26.337843,10.336233,1962
4577,r4i1p1f1,1962,07,14,0.12511345976647578,25.488283,11.821751,1962
4578,r4i1p1f1,1962,07,15,0.0,22.796396,9.081134,1962
4579,r4i1p1f1,1962,07,16,0.011768209131176313,20.845423,8.30118,1962
4580,r4i1p1f1,1962,07,17,0.1533299864077721,16.929832,4.449124,1962
4581,r4i1p1f1,1962,07,18,0.0,16.638603,4.0234027,1962
4582,r4i1p1f1,1962,07,19,0.0,19.494854,4.77765,1962
4583,r4i1p1f1,1962,07,20,0.0,22.805704,7.0772457,1962
4584,r4i1p1f1,1962,07,21,0.0,23.983194,7.9944706,1962
4585,r4i1p1f1,1962,07,22,0.10548442775430737,23.479912,8.887556,1962
4586,r4i1p1f1,1962,07,23,1.2011282418051743,24.244772,10.330889,1962
4587,r4i1p1f1,1962,07,24,0.7301995047745801,24.349117,9.472082,1962
4588,r4i1p1f1,1962,07,25,1.6134772075954196,25.09022,8.961629,1962
4589,r4i1p1f1,1962,07,26,1.1108135510236288,23.25826,12.051006,1962
4590,r4i1p1f1,1962,07,27,4.296026354690003,20.452087,9.488836,1962
4591,r4i1p1f1,1962,07,28,6.332366675208533,20.95289,9.257317,1962
4592,r4i1p1f1,1962,07,29,1.7530415560418386,20.640446,6.167183,1962
4593,r4i1p1f1,1962,07,30,0.0,18.033611,3.8339689,1962
4594,r4i1p1f1,1962,07,31,0.0,18.267036,5.348742,1962
4595,r4i1p1f1,1962,08,01,0.0,22.420918,5.575552,1962
4596,r4i1p1f1,1962,08,02,0.0,23.861214,7.7232175,1962
4597,r4i1p1f1,1962,08,03,0.0,24.781822,8.683698,1962
4598,r4i1p1f1,1962,08,04,0.0,26.75171,9.347802,1962
4599,r4i1p1f1,1962,08,05,0.0,27.49882,10.9837675,1962
4600,r4i1p1f1,1962,08,06,0.0,27.653595,11.242315,1962
4601,r4i1p1f1,1962,08,07,0.0,28.464106,11.184542,1962
4602,r4i1p1f1,1962,08,08,0.0,27.907673,11.425742,1962
4603,r4i1p1f1,1962,08,09,0.0,27.07159,10.757881,1962
4604,r4i1p1f1,1962,08,10,0.0,27.877998,10.556812,1962
4605,r4i1p1f1,1962,08,11,0.03824499309628178,27.542006,12.598432,1962
4606,r4i1p1f1,1962,08,12,2.5514538292167943,23.560299,11.535967,1962
4607,r4i1p1f1,1962,08,13,0.1466380762629268,23.487703,8.9253645,1962
4608,r4i1p1f1,1962,08,14,0.0,23.30289,8.819633,1962
4609,r4i1p1f1,1962,08,15,0.0,22.989351,8.533418,1962
4610,r4i1p1f1,1962,08,16,0.0,23.70098,8.659184,1962
4611,r4i1p1f1,1962,08,17,0.0,25.490973,8.521708,1962
4612,r4i1p1f1,1962,08,18,0.0,24.671358,8.223136,1962
4613,r4i1p1f1,1962,08,19,0.0,23.705631,7.8481755,1962
4614,r4i1p1f1,1962,08,20,0.0,21.401043,5.0002613,1962
4615,r4i1p1f1,1962,08,21,0.0,18.352957,3.0601575,1962
4616,r4i1p1f1,1962,08,22,0.0,15.988267,3.3301423,1962
4617,r4i1p1f1,1962,08,23,0.04047221253674511,15.908013,3.4373662,1962
4618,r4i1p1f1,1962,08,24,0.0,19.927828,3.997377,1962
4619,r4i1p1f1,1962,08,25,0.0,19.087532,4.293308,1962
4620,r4i1p1f1,1962,08,26,0.0,17.546124,2.7541103,1962
4621,r4i1p1f1,1962,08,27,0.0,18.288202,3.0023887,1962
4622,r4i1p1f1,1962,08,28,0.0,21.449713,4.770788,1962
4623,r4i1p1f1,1962,08,29,0.0,22.170183,5.4772997,1962
4624,r4i1p1f1,1962,08,30,0.0,21.751986,5.4220905,1962
4625,r4i1p1f1,1962,08,31,0.0,22.894629,5.6158447,1962
4626,r4i1p1f1,1962,09,01,0.0,24.857159,7.881455,1962
4627,r4i1p1f1,1962,09,02,0.0,24.058125,8.417019,1962
4628,r4i1p1f1,1962,09,03,0.0,23.43225,7.5253134,1962
4629,r4i1p1f1,1962,09,04,0.0,21.754637,6.5291195,1962
4630,r4i1p1f1,1962,09,05,0.0,15.892771,2.3111713,1962
4631,r4i1p1f1,1962,09,06,0.05947496068802961,14.497616,2.92329,1962
4632,r4i1p1f1,1962,09,07,0.0,20.685078,4.2749257,1962
4633,r4i1p1f1,1962,09,08,0.0,20.295462,6.3426065,1962
4634,r4i1p1f1,1962,09,09,0.0,17.96219,3.1199896,1962
4635,r4i1p1f1,1962,09,10,0.0,13.900758,0.38839564,1962
4636,r4i1p1f1,1962,09,11,0.0,13.1472645,0.015534137,1962
4637,r4i1p1f1,1962,09,12,0.0,12.519122,-0.81074256,1962
4638,r4i1p1f1,1962,09,13,0.0,14.268003,-1.443564,1962
4639,r4i1p1f1,1962,09,14,0.0,15.919132,0.017080799,1962
4640,r4i1p1f1,1962,09,15,0.0,16.218216,1.5746968,1962
4641,r4i1p1f1,1962,09,16,0.0,19.814596,4.4992337,1962
4642,r4i1p1f1,1962,09,17,0.0,21.833471,5.7931495,1962
4643,r4i1p1f1,1962,09,18,0.0,23.398544,7.3667555,1962
4644,r4i1p1f1,1962,09,19,0.0,25.366861,8.411579,1962
4645,r4i1p1f1,1962,09,20,0.0,25.82988,9.433214,1962
4646,r4i1p1f1,1962,09,21,0.0,24.706463,8.952066,1962
4647,r4i1p1f1,1962,09,22,0.0,20.198092,8.365888,1962
4648,r4i1p1f1,1962,09,23,0.0,18.169174,1.7012514,1962
4649,r4i1p1f1,1962,09,24,0.0,16.95673,2.7186065,1962
4650,r4i1p1f1,1962,09,25,0.0,16.066929,2.8887455,1962
4651,r4i1p1f1,1962,09,26,0.946453786861034,14.731589,2.1838403,1962
4652,r4i1p1f1,1962,09,27,0.010568473833585178,16.100502,0.84258956,1962
4653,r4i1p1f1,1962,09,28,0.0,18.4666,3.6129477,1962
4654,r4i1p1f1,1962,09,29,0.001454369863100156,20.052315,5.2348213,1962
4655,r4i1p1f1,1962,09,30,0.0,20.922861,6.106453,1962
4656,r4i1p1f1,1962,10,01,0.0,21.327997,5.893178,1962
4657,r4i1p1f1,1962,10,02,0.0,19.500864,5.1700625,1962
4658,r4i1p1f1,1962,10,03,0.0,17.688053,6.474215,1962
4659,r4i1p1f1,1962,10,04,0.0,17.000818,3.3098164,1962
4660,r4i1p1f1,1962,10,05,0.0,15.745626,1.7555906,1962
4661,r4i1p1f1,1962,10,06,0.0,14.401837,0.6813491,1962
4662,r4i1p1f1,1962,10,07,0.0,12.044805,-0.37700793,1962
4663,r4i1p1f1,1962,10,08,0.0,11.475612,-4.2687106,1962
4664,r4i1p1f1,1962,10,09,0.0,13.294475,-2.185112,1962
4665,r4i1p1f1,1962,10,10,0.0,14.643521,0.124049604,1962
4666,r4i1p1f1,1962,10,11,0.0,16.779417,0.3769366,1962
4667,r4i1p1f1,1962,10,12,0.0,16.049967,1.5459722,1962
4668,r4i1p1f1,1962,10,13,0.655042072725238,15.8624735,4.412486,1962
4669,r4i1p1f1,1962,10,14,0.0,9.399588,-3.21261,1962
4670,r4i1p1f1,1962,10,15,0.0,8.209603,-4.245206,1962
4671,r4i1p1f1,1962,10,16,0.0,8.136149,-6.788752,1962
4672,r4i1p1f1,1962,10,17,0.0,9.59223,-3.9489503,1962
4673,r4i1p1f1,1962,10,18,0.0,10.65052,-1.5413435,1962
4674,r4i1p1f1,1962,10,19,0.0,14.074172,-1.5061656,1962
4675,r4i1p1f1,1962,10,20,0.0,17.795813,1.4702276,1962
4676,r4i1p1f1,1962,10,21,0.0,20.302599,4.050706,1962
4677,r4i1p1f1,1962,10,22,0.0,18.93733,4.130366,1962
4678,r4i1p1f1,1962,10,23,0.0,16.822458,3.2344706,1962
4679,r4i1p1f1,1962,10,24,0.0,17.050846,0.8859808,1962
4680,r4i1p1f1,1962,10,25,0.0,15.818702,3.9587357,1962
4681,r4i1p1f1,1962,10,26,0.0,12.106589,0.031876024,1962
4682,r4i1p1f1,1962,10,27,0.0,10.458441,-2.7298267,1962
4683,r4i1p1f1,1962,10,28,0.0,10.119325,-4.6605186,1962
4684,r4i1p1f1,1962,10,29,8.132327866042033,9.01957,-2.541162,1962
4685,r4i1p1f1,1962,10,30,0.008042451175065643,3.124113,-8.550597,1962
4686,r4i1p1f1,1962,10,31,0.0,4.7630897,-9.0030985,1962
4687,r4i1p1f1,1962,11,01,0.0,5.3748603,-7.536399,1962
4688,r4i1p1f1,1962,11,02,1.1500105135567071,4.144856,-5.037639,1962
4689,r4i1p1f1,1962,11,03,3.0027760235469327,2.7727659,-8.40171,1962
4690,r4i1p1f1,1962,11,04,0.0,3.1474597,-12.941851,1962
4691,r4i1p1f1,1962,11,05,0.0,6.073859,-6.6015973,1962
4692,r4i1p1f1,1962,11,06,0.0,9.187048,-5.2766347,1962
4693,r4i1p1f1,1962,11,07,0.0,13.906684,-1.2842747,1962
4694,r4i1p1f1,1962,11,08,0.0,12.965849,0.75359005,1962
4695,r4i1p1f1,1962,11,09,0.000389475821584834,10.8364725,0.5161738,1962
4696,r4i1p1f1,1962,11,10,0.0,10.023689,-3.3953986,1962
4697,r4i1p1f1,1962,11,11,0.0,12.226004,-2.141622,1962
4698,r4i1p1f1,1962,11,12,0.0,16.506016,2.302846,1962
4699,r4i1p1f1,1962,11,13,29.225448593950293,19.337135,6.3019395,1962
4700,r4i1p1f1,1962,11,14,8.317180173508444,1.574841,-7.8372397,1962
4701,r4i1p1f1,1962,11,15,0.0,3.453242,-12.890195,1962
4702,r4i1p1f1,1962,11,16,10.081472680300823,3.0812767,-4.8460402,1962
4703,r4i1p1f1,1962,11,17,20.797442394409885,3.1291292,-5.346122,1962
4704,r4i1p1f1,1962,11,18,25.179708150912884,1.6325146,-6.8881826,1962
4705,r4i1p1f1,1962,11,19,35.014829186594106,0.062366605,-6.4992166,1962
4706,r4i1p1f1,1962,11,20,42.23576451981508,-0.40206033,-7.791492,1962
4707,r4i1p1f1,1962,11,21,2.3956984608793395,1.5820177,-11.417708,1962
4708,r4i1p1f1,1962,11,22,0.0,5.382366,-11.296305,1962
4709,r4i1p1f1,1962,11,23,0.0,7.1464634,-7.877817,1962
4710,r4i1p1f1,1962,11,24,1.1208138575151745,5.888034,-4.7316055,1962
4711,r4i1p1f1,1962,11,25,0.0,7.3769107,-5.548747,1962
4712,r4i1p1f1,1962,11,26,0.7108598759403659,6.683057,-7.955831,1962
4713,r4i1p1f1,1962,11,27,26.0347791038226,1.9639547,-4.5914397,1962
4714,r4i1p1f1,1962,11,28,1.78723321265821,0.41522384,-9.972006,1962
4715,r4i1p1f1,1962,11,29,0.33990768694874374,-1.954525,-13.765035,1962
4716,r4i1p1f1,1962,11,30,1.112395566119075,-2.2657928,-12.080403,1962
4717,r4i1p1f1,1962,12,01,0.0,4.7516456,-8.757127,1962
4718,r4i1p1f1,1962,12,02,3.5554477347115228,2.9365532,-5.2966704,1962
4719,r4i1p1f1,1962,12,03,0.0,9.224776,-3.908256,1962
4720,r4i1p1f1,1962,12,04,0.0,11.882056,-3.5929706,1962
4721,r4i1p1f1,1962,12,05,0.47782996798436445,8.717083,-1.0524484,1962
4722,r4i1p1f1,1962,12,06,0.00021472405192544432,7.9460044,-3.6012084,1962
4723,r4i1p1f1,1962,12,07,0.0,7.8876896,-5.206184,1962
4724,r4i1p1f1,1962,12,08,27.277756133222134,5.4439635,-2.1202536,1962
4725,r4i1p1f1,1962,12,09,0.0,5.7321053,-5.379794,1962
4726,r4i1p1f1,1962,12,10,0.0,9.625772,-4.1255393,1962
4727,r4i1p1f1,1962,12,11,0.14326059146153708,6.226639,-3.972684,1962
4728,r4i1p1f1,1962,12,12,0.0,3.6520913,-8.461935,1962
4729,r4i1p1f1,1962,12,13,0.0,6.4791875,-6.0490665,1962
4730,r4i1p1f1,1962,12,14,0.0,10.099986,-4.672028,1962
4731,r4i1p1f1,1962,12,15,0.0,9.932001,-2.5582752,1962
4732,r4i1p1f1,1962,12,16,0.0,12.562125,-0.093098566,1962
4733,r4i1p1f1,1962,12,17,0.0,13.382749,-0.6672329,1962
4734,r4i1p1f1,1962,12,18,0.0,11.207783,3.6362545,1962
4735,r4i1p1f1,1962,12,19,6.4817510269623355,7.619514,-3.389938,1962
4736,r4i1p1f1,1962,12,20,0.0,5.5589933,-7.3773255,1962
4737,r4i1p1f1,1962,12,21,0.540439074826915,2.6418009,-6.423322,1962
4738,r4i1p1f1,1962,12,22,0.050466238823337416,2.362418,-7.295317,1962
4739,r4i1p1f1,1962,12,23,0.0,1.339298,-10.219525,1962
4740,r4i1p1f1,1962,12,24,0.0,6.8404365,-5.797062,1962
4741,r4i1p1f1,1962,12,25,0.0,4.7682056,-6.651652,1962
4742,r4i1p1f1,1962,12,26,0.0,3.135887,-10.259949,1962
4743,r4i1p1f1,1962,12,27,0.0,6.89465,-5.9115624,1962
4744,r4i1p1f1,1962,12,28,0.0,10.526041,-0.9968957,1962
4745,r4i1p1f1,1962,12,29,0.0,13.343123,0.89971304,1962
4746,r4i1p1f1,1962,12,30,0.0,12.617251,0.22657692,1962
4747,r4i1p1f1,1962,12,31,0.0,11.610161,-1.119647,1962
4748,r4i1p1f1,1963,01,01,0.0,13.24342,0.19031549,1963
4749,r4i1p1f1,1963,01,02,0.0,14.741324,2.1447577,1963
4750,r4i1p1f1,1963,01,03,0.0,16.57065,2.5589447,1963
4751,r4i1p1f1,1963,01,04,0.0,15.111442,2.590527,1963
4752,r4i1p1f1,1963,01,05,0.0,15.352519,2.549406,1963
4753,r4i1p1f1,1963,01,06,0.0,16.046427,1.8959409,1963
4754,r4i1p1f1,1963,01,07,0.0,15.110565,0.82582015,1963
4755,r4i1p1f1,1963,01,08,0.0,13.166837,1.0958939,1963
4756,r4i1p1f1,1963,01,09,0.0,10.733814,0.27250424,1963
4757,r4i1p1f1,1963,01,10,0.0,10.572523,-2.2471676,1963
4758,r4i1p1f1,1963,01,11,0.0,11.64066,-0.8328054,1963
4759,r4i1p1f1,1963,01,12,0.0,11.651695,-0.9084617,1963
4760,r4i1p1f1,1963,01,13,0.0,10.520087,-1.3204097,1963
4761,r4i1p1f1,1963,01,14,0.0,6.1367965,-5.9598136,1963
4762,r4i1p1f1,1963,01,15,0.0009324891427273723,4.3150425,-5.9584017,1963
4763,r4i1p1f1,1963,01,16,0.0,3.552338,-7.0632243,1963
4764,r4i1p1f1,1963,01,17,38.39333445293096,0.5524527,-5.724163,1963
4765,r4i1p1f1,1963,01,18,16.55358139774367,-2.7022512,-12.784515,1963
4766,r4i1p1f1,1963,01,19,0.0,-4.487368,-14.5733185,1963
4767,r4i1p1f1,1963,01,20,0.0,-3.070539,-17.19159,1963
4768,r4i1p1f1,1963,01,21,0.0,-1.9751015,-14.98722,1963
4769,r4i1p1f1,1963,01,22,2.571436867204107,-1.3161889,-10.930103,1963
4770,r4i1p1f1,1963,01,23,0.0,5.5069256,-10.25292,1963
4771,r4i1p1f1,1963,01,24,0.0,7.491677,-6.154444,1963
4772,r4i1p1f1,1963,01,25,0.13399468042574453,5.0387325,-5.033806,1963
4773,r4i1p1f1,1963,01,26,0.061879829748278714,8.415781,-4.3631845,1963
4774,r4i1p1f1,1963,01,27,0.0,11.404079,-5.297856,1963
4775,r4i1p1f1,1963,01,28,0.0,8.868854,-2.2156987,1963
4776,r4i1p1f1,1963,01,29,26.44857105833786,2.340064,-5.442174,1963
4777,r4i1p1f1,1963,01,30,2.6063231808460414,1.4838158,-10.207364,1963
4778,r4i1p1f1,1963,01,31,0.0,4.872245,-8.575047,1963
4779,r4i1p1f1,1963,02,01,0.0,4.145452,-7.7139983,1963
4780,r4i1p1f1,1963,02,02,0.0,4.9370017,-6.2165394,1963
4781,r4i1p1f1,1963,02,03,0.0,5.676565,-7.8851347,1963
4782,r4i1p1f1,1963,02,04,0.0,5.3373523,-6.8609605,1963
4783,r4i1p1f1,1963,02,05,1.5674258932856868,2.4001513,-8.086175,1963
4784,r4i1p1f1,1963,02,06,0.14559440655850836,4.642547,-6.8210144,1963
4785,r4i1p1f1,1963,02,07,0.0,8.763591,-5.641246,1963
4786,r4i1p1f1,1963,02,08,0.0,10.607025,-4.401199,1963
4787,r4i1p1f1,1963,02,09,0.0,10.234071,-3.862486,1963
4788,r4i1p1f1,1963,02,10,0.0,9.784896,-3.994259,1963
4789,r4i1p1f1,1963,02,11,0.0,12.6191225,-4.276448,1963
4790,r4i1p1f1,1963,02,12,0.0,13.740443,-3.0923154,1963
4791,r4i1p1f1,1963,02,13,0.0,12.255036,-1.330711,1963
4792,r4i1p1f1,1963,02,14,0.0,10.685113,-3.63334,1963
4793,r4i1p1f1,1963,02,15,0.0,8.101335,-6.9543986,1963
4794,r4i1p1f1,1963,02,16,0.0,4.8545175,-6.41817,1963
4795,r4i1p1f1,1963,02,17,0.0,2.697622,-7.100133,1963
4796,r4i1p1f1,1963,02,18,13.972795914804717,-2.423445,-9.440019,1963
4797,r4i1p1f1,1963,02,19,8.071197594444339,-5.201373,-13.964069,1963
4798,r4i1p1f1,1963,02,20,8.337269666458784,-5.064359,-14.620649,1963
4799,r4i1p1f1,1963,02,21,0.0,-3.5165005,-17.535822,1963
4800,r4i1p1f1,1963,02,22,0.0,-2.0230026,-17.498083,1963
4801,r4i1p1f1,1963,02,23,0.0,0.6563643,-14.065031,1963
4802,r4i1p1f1,1963,02,24,60.645414592605505,-2.5105956,-11.626621,1963
4803,r4i1p1f1,1963,02,25,46.109135294221424,3.989814,-7.7074065,1963
4804,r4i1p1f1,1963,02,26,33.499846366556504,3.7557406,-1.5313492,1963
4805,r4i1p1f1,1963,02,27,0.0,10.335753,-4.0825367,1963
4806,r4i1p1f1,1963,02,28,0.08988567144724297,9.788064,-0.061593518,1963
4807,r4i1p1f1,1963,03,01,0.0,10.201759,-1.5299572,1963
4808,r4i1p1f1,1963,03,02,0.14572611876802385,12.258166,-3.9454975,1963
4809,r4i1p1f1,1963,03,03,7.402542921818784,9.175187,0.47166872,1963
4810,r4i1p1f1,1963,03,04,14.264004697551217,3.1690712,-6.719936,1963
4811,r4i1p1f1,1963,03,05,15.926890810075184,-0.9826695,-6.2192388,1963
4812,r4i1p1f1,1963,03,06,47.46510343293225,-2.4799259,-9.239244,1963
4813,r4i1p1f1,1963,03,07,0.014111511193308559,1.2352039,-10.652918,1963
4814,r4i1p1f1,1963,03,08,0.0,5.097063,-12.152288,1963
4815,r4i1p1f1,1963,03,09,0.0,4.2816334,-9.583536,1963
4816,r4i1p1f1,1963,03,10,0.006152546387250067,0.7132231,-7.1920485,1963
4817,r4i1p1f1,1963,03,11,0.0,2.1287003,-10.750205,1963
4818,r4i1p1f1,1963,03,12,0.0,5.594984,-10.474561,1963
4819,r4i1p1f1,1963,03,13,0.009527387635701238,6.2219625,-5.7499123,1963
4820,r4i1p1f1,1963,03,14,0.0,7.8731933,-6.63536,1963
4821,r4i1p1f1,1963,03,15,0.0,8.283397,-7.2354293,1963
4822,r4i1p1f1,1963,03,16,0.0,7.0178742,-3.5833356,1963
4823,r4i1p1f1,1963,03,17,22.935884205542287,0.7720331,-8.400703,1963
4824,r4i1p1f1,1963,03,18,14.246752802627604,-3.137676,-10.658459,1963
4825,r4i1p1f1,1963,03,19,0.0,7.692284,-10.348862,1963
4826,r4i1p1f1,1963,03,20,0.0,13.276582,-4.6625757,1963
4827,r4i1p1f1,1963,03,21,0.0,16.24613,-0.019080874,1963
4828,r4i1p1f1,1963,03,22,0.0,16.591206,0.6198052,1963
4829,r4i1p1f1,1963,03,23,0.0,16.009518,-1.1918302,1963
4830,r4i1p1f1,1963,03,24,0.0,15.335796,1.7141207,1963
4831,r4i1p1f1,1963,03,25,0.0,14.463995,2.2233663,1963
4832,r4i1p1f1,1963,03,26,0.039502791388748355,12.917893,-0.13231939,1963
4833,r4i1p1f1,1963,03,27,0.0429010321563942,10.550943,-3.4678173,1963
4834,r4i1p1f1,1963,03,28,0.0,7.4740334,-7.192596,1963
4835,r4i1p1f1,1963,03,29,0.0,10.544676,-3.8215086,1963
4836,r4i1p1f1,1963,03,30,0.0,13.593382,-0.050364707,1963
4837,r4i1p1f1,1963,03,31,0.0,16.277254,2.3040097,1963
4838,r4i1p1f1,1963,04,01,0.004037409626807158,15.269864,2.8697724,1963
4839,r4i1p1f1,1963,04,02,5.529284726684002,8.007004,-4.347284,1963
4840,r4i1p1f1,1963,04,03,0.0,11.727443,-4.0207243,1963
4841,r4i1p1f1,1963,04,04,0.0,12.316133,-3.2845979,1963
4842,r4i1p1f1,1963,04,05,0.0,13.039719,-3.8100312,1963
4843,r4i1p1f1,1963,04,06,0.0,12.562503,-2.1783762,1963
4844,r4i1p1f1,1963,04,07,0.0,13.411829,-0.22573708,1963
4845,r4i1p1f1,1963,04,08,0.0,14.917647,-1.2050112,1963
4846,r4i1p1f1,1963,04,09,0.3734480540770658,14.428859,1.2809708,1963
4847,r4i1p1f1,1963,04,10,0.0,12.760239,-0.47031075,1963
4848,r4i1p1f1,1963,04,11,0.0,17.465073,0.68150723,1963
4849,r4i1p1f1,1963,04,12,0.0,16.886307,4.499751,1963
4850,r4i1p1f1,1963,04,13,0.0,17.460062,5.2805467,1963
4851,r4i1p1f1,1963,04,14,0.0,16.940105,3.2649276,1963
4852,r4i1p1f1,1963,04,15,3.2128494848122946,9.319873,-2.5564153,1963
4853,r4i1p1f1,1963,04,16,0.2966964759030503,7.933896,-4.0405784,1963
4854,r4i1p1f1,1963,04,17,0.0,13.311208,-2.6722202,1963
4855,r4i1p1f1,1963,04,18,0.0,14.692678,-1.4081769,1963
4856,r4i1p1f1,1963,04,19,0.0,17.341946,1.0000136,1963
4857,r4i1p1f1,1963,04,20,0.0,17.825462,2.1992874,1963
4858,r4i1p1f1,1963,04,21,0.0,16.72657,1.5200877,1963
4859,r4i1p1f1,1963,04,22,1.259818149495362,13.232292,-0.9936616,1963
4860,r4i1p1f1,1963,04,23,0.016953469540110507,9.019993,-5.3132596,1963
4861,r4i1p1f1,1963,04,24,0.0,11.499436,-3.7441592,1963
4862,r4i1p1f1,1963,04,25,0.0,12.781942,-1.3932871,1963
4863,r4i1p1f1,1963,04,26,0.0,12.444861,-2.988209,1963
4864,r4i1p1f1,1963,04,27,0.0,11.431276,-2.9170022,1963
4865,r4i1p1f1,1963,04,28,0.0,13.352064,-1.8104225,1963
4866,r4i1p1f1,1963,04,29,0.0,16.13535,-0.2862555,1963
4867,r4i1p1f1,1963,04,30,0.0,18.049675,2.1299205,1963
4868,r4i1p1f1,1963,05,01,0.0,17.675346,4.299268,1963
4869,r4i1p1f1,1963,05,02,0.0,19.335754,3.5906618,1963
4870,r4i1p1f1,1963,05,03,0.0,18.621735,3.935405,1963
4871,r4i1p1f1,1963,05,04,0.0491887169094162,18.490414,3.8407133,1963
4872,r4i1p1f1,1963,05,05,0.2275763494023164,15.550008,1.982125,1963
4873,r4i1p1f1,1963,05,06,5.9683204019124565,10.531696,-2.270407,1963
4874,r4i1p1f1,1963,05,07,0.0,12.25782,-0.90174127,1963
4875,r4i1p1f1,1963,05,08,0.0,16.817276,-0.21766117,1963
4876,r4i1p1f1,1963,05,09,0.0,19.008944,2.177452,1963
4877,r4i1p1f1,1963,05,10,0.009811583488159793,18.346872,4.7795258,1963
4878,r4i1p1f1,1963,05,11,0.0,14.959886,-0.0666807,1963
4879,r4i1p1f1,1963,05,12,0.0,14.84834,0.62916636,1963
4880,r4i1p1f1,1963,05,13,0.0,12.781227,-0.32519054,1963
4881,r4i1p1f1,1963,05,14,0.0,12.560703,-1.2331656,1963
4882,r4i1p1f1,1963,05,15,0.0,16.770771,0.44463524,1963
4883,r4i1p1f1,1963,05,16,0.0,20.80512,4.051782,1963
4884,r4i1p1f1,1963,05,17,0.0,22.605131,6.3343983,1963
4885,r4i1p1f1,1963,05,18,0.0,22.453709,7.5028915,1963
4886,r4i1p1f1,1963,05,19,0.0,21.754238,7.564109,1963
4887,r4i1p1f1,1963,05,20,12.877149487735242,17.296972,3.803997,1963
4888,r4i1p1f1,1963,05,21,1.4727889170756023,12.036215,0.9249212,1963
4889,r4i1p1f1,1963,05,22,0.0,14.0025625,0.62005883,1963
4890,r4i1p1f1,1963,05,23,0.0,14.48959,0.03432454,1963
4891,r4i1p1f1,1963,05,24,0.0,14.446183,0.68817526,1963
4892,r4i1p1f1,1963,05,25,0.0,13.915206,0.15879981,1963
4893,r4i1p1f1,1963,05,26,0.0,13.964024,-0.40402588,1963
4894,r4i1p1f1,1963,05,27,0.0,13.899698,-0.059937768,1963
4895,r4i1p1f1,1963,05,28,0.0,14.65901,0.4166549,1963
4896,r4i1p1f1,1963,05,29,0.9697563105791689,11.926131,-0.5918414,1963
4897,r4i1p1f1,1963,05,30,0.0,14.199684,-0.51255727,1963
4898,r4i1p1f1,1963,05,31,0.0,13.020959,-0.13131776,1963
4899,r4i1p1f1,1963,06,01,0.0,12.470285,-1.4289935,1963
4900,r4i1p1f1,1963,06,02,0.0,11.498586,-2.7688441,1963
4901,r4i1p1f1,1963,06,03,4.602407664083639,8.473561,-3.7671714,1963
4902,r4i1p1f1,1963,06,04,0.0016651670535398452,9.052207,-4.0687523,1963
4903,r4i1p1f1,1963,06,05,0.0,7.303261,-4.550363,1963
4904,r4i1p1f1,1963,06,06,0.0,6.1664996,-3.8016024,1963
4905,r4i1p1f1,1963,06,07,0.10266295038700964,13.434037,-3.4230294,1963
4906,r4i1p1f1,1963,06,08,0.0,18.690498,1.740007,1963
4907,r4i1p1f1,1963,06,09,0.0,20.698778,5.483262,1963
4908,r4i1p1f1,1963,06,10,0.0,19.920538,5.6388497,1963
4909,r4i1p1f1,1963,06,11,0.0,17.903214,3.0005977,1963
4910,r4i1p1f1,1963,06,12,0.0,21.63198,5.4094768,1963
4911,r4i1p1f1,1963,06,13,0.0,22.939354,6.2194304,1963
4912,r4i1p1f1,1963,06,14,0.0,22.609673,6.8110576,1963
4913,r4i1p1f1,1963,06,15,0.0,23.934757,6.965308,1963
4914,r4i1p1f1,1963,06,16,0.0,23.211302,8.766365,1963
4915,r4i1p1f1,1963,06,17,0.0,23.154964,7.9160566,1963
4916,r4i1p1f1,1963,06,18,0.0,22.989065,9.242175,1963
4917,r4i1p1f1,1963,06,19,0.0,23.322708,6.994658,1963
4918,r4i1p1f1,1963,06,20,0.0,22.201883,9.537075,1963
4919,r4i1p1f1,1963,06,21,0.0,24.572765,8.18275,1963
4920,r4i1p1f1,1963,06,22,0.0,25.087938,9.944725,1963
4921,r4i1p1f1,1963,06,23,0.0,24.910128,9.061778,1963
4922,r4i1p1f1,1963,06,24,0.0,23.985653,8.673467,1963
4923,r4i1p1f1,1963,06,25,0.0,23.465837,7.7783203,1963
4924,r4i1p1f1,1963,06,26,0.0,22.484531,6.793116,1963
4925,r4i1p1f1,1963,06,27,0.0,20.519484,6.4493084,1963
4926,r4i1p1f1,1963,06,28,0.0,18.651785,5.661699,1963
4927,r4i1p1f1,1963,06,29,0.0,20.31294,3.8862195,1963
4928,r4i1p1f1,1963,06,30,0.0,23.977522,6.2538433,1963
4929,r4i1p1f1,1963,07,01,0.0,25.200502,9.206028,1963
4930,r4i1p1f1,1963,07,02,0.0,25.34277,10.465,1963
4931,r4i1p1f1,1963,07,03,0.0,25.022476,9.99119,1963
4932,r4i1p1f1,1963,07,04,0.0,25.836119,9.404577,1963
4933,r4i1p1f1,1963,07,05,0.0,26.315887,9.779124,1963
4934,r4i1p1f1,1963,07,06,0.0,27.26133,10.03673,1963
4935,r4i1p1f1,1963,07,07,0.18378776419189827,26.540905,11.493438,1963
4936,r4i1p1f1,1963,07,08,0.0038587588187922383,24.573795,10.624985,1963
4937,r4i1p1f1,1963,07,09,0.0,24.003685,9.245938,1963
4938,r4i1p1f1,1963,07,10,0.0,22.857912,8.533338,1963
4939,r4i1p1f1,1963,07,11,0.0,23.885458,8.154474,1963
4940,r4i1p1f1,1963,07,12,0.0,25.462992,9.51523,1963
4941,r4i1p1f1,1963,07,13,0.0,25.194279,10.225173,1963
4942,r4i1p1f1,1963,07,14,0.0,24.442398,9.883425,1963
4943,r4i1p1f1,1963,07,15,0.0,23.414845,8.137553,1963
4944,r4i1p1f1,1963,07,16,0.0,23.245716,7.769044,1963
4945,r4i1p1f1,1963,07,17,0.0,23.817957,8.071457,1963
4946,r4i1p1f1,1963,07,18,0.0,24.881056,9.133277,1963
4947,r4i1p1f1,1963,07,19,0.0,24.696417,9.015978,1963
4948,r4i1p1f1,1963,07,20,0.0,24.529219,10.1468,1963
4949,r4i1p1f1,1963,07,21,0.0,24.146708,8.5225525,1963
4950,r4i1p1f1,1963,07,22,0.0,24.983303,8.193436,1963
4951,r4i1p1f1,1963,07,23,0.0,25.563898,10.661551,1963
4952,r4i1p1f1,1963,07,24,0.0,24.990448,11.13326,1963
4953,r4i1p1f1,1963,07,25,0.0,24.899237,10.569266,1963
4954,r4i1p1f1,1963,07,26,0.0,25.795965,10.094819,1963
4955,r4i1p1f1,1963,07,27,0.0,26.67247,10.284541,1963
4956,r4i1p1f1,1963,07,28,0.0,26.635565,10.177361,1963
4957,r4i1p1f1,1963,07,29,0.0,25.927288,9.616516,1963
4958,r4i1p1f1,1963,07,30,0.0,25.105608,11.848764,1963
4959,r4i1p1f1,1963,07,31,0.0,24.95277,10.408168,1963
4960,r4i1p1f1,1963,08,01,0.0,24.350403,9.4391575,1963
4961,r4i1p1f1,1963,08,02,0.0,23.204962,8.73928,1963
4962,r4i1p1f1,1963,08,03,0.0,23.125792,7.7759385,1963
4963,r4i1p1f1,1963,08,04,0.0,25.839453,9.136444,1963
4964,r4i1p1f1,1963,08,05,0.0,27.528242,10.804612,1963
4965,r4i1p1f1,1963,08,06,0.0,28.983538,11.657343,1963
4966,r4i1p1f1,1963,08,07,0.0,28.96765,11.82205,1963
4967,r4i1p1f1,1963,08,08,0.0,27.381842,11.050523,1963
4968,r4i1p1f1,1963,08,09,0.0,28.27518,10.780268,1963
4969,r4i1p1f1,1963,08,10,0.0,28.808634,12.777404,1963
4970,r4i1p1f1,1963,08,11,0.0,28.036085,13.384676,1963
4971,r4i1p1f1,1963,08,12,0.0,28.69921,13.305794,1963
4972,r4i1p1f1,1963,08,13,0.0,30.097895,13.626963,1963
4973,r4i1p1f1,1963,08,14,0.009605947266147384,29.312675,14.185681,1963
4974,r4i1p1f1,1963,08,15,0.04292751897634239,28.653402,13.152155,1963
4975,r4i1p1f1,1963,08,16,0.0,28.3275,12.360652,1963
4976,r4i1p1f1,1963,08,17,0.0,25.972054,11.846499,1963
4977,r4i1p1f1,1963,08,18,0.0,24.313896,9.17695,1963
4978,r4i1p1f1,1963,08,19,0.0,24.101171,7.5638013,1963
4979,r4i1p1f1,1963,08,20,0.0,24.98924,9.676472,1963
4980,r4i1p1f1,1963,08,21,0.0,25.38419,10.50346,1963
4981,r4i1p1f1,1963,08,22,0.44864563738118135,24.636585,11.037927,1963
4982,r4i1p1f1,1963,08,23,0.0,26.981352,10.361111,1963
4983,r4i1p1f1,1963,08,24,0.41258819607526065,25.459484,9.433524,1963
4984,r4i1p1f1,1963,08,25,0.18711300648836318,23.88038,11.0646,1963
4985,r4i1p1f1,1963,08,26,0.0,23.824097,8.990251,1963
4986,r4i1p1f1,1963,08,27,0.0,26.2127,9.626725,1963
4987,r4i1p1f1,1963,08,28,0.0,26.931295,11.534335,1963
4988,r4i1p1f1,1963,08,29,0.0035936740789103126,27.815958,11.88979,1963
4989,r4i1p1f1,1963,08,30,0.0,27.72214,11.440767,1963
4990,r4i1p1f1,1963,08,31,0.0,28.524897,10.881913,1963
4991,r4i1p1f1,1963,09,01,0.0,28.583244,12.119594,1963
4992,r4i1p1f1,1963,09,02,0.14404724415602918,28.27193,11.957016,1963
4993,r4i1p1f1,1963,09,03,0.0,26.543282,11.751234,1963
4994,r4i1p1f1,1963,09,04,0.7399752544266424,24.342852,10.76829,1963
4995,r4i1p1f1,1963,09,05,0.0,22.232685,8.002837,1963
4996,r4i1p1f1,1963,09,06,0.0,22.857758,6.759058,1963
4997,r4i1p1f1,1963,09,07,0.10417265996722266,22.044521,9.477244,1963
4998,r4i1p1f1,1963,09,08,0.0,23.972713,7.5980253,1963
4999,r4i1p1f1,1963,09,09,0.0,25.213823,8.649672,1963
5000,r4i1p1f1,1963,09,10,0.0,26.029621,9.645305,1963
5001,r4i1p1f1,1963,09,11,0.08852979475400533,25.29872,9.535338,1963
5002,r4i1p1f1,1963,09,12,0.0,24.161005,10.146395,1963
5003,r4i1p1f1,1963,09,13,0.0,24.010437,9.761737,1963
5004,r4i1p1f1,1963,09,14,0.0,23.137007,8.714379,1963
5005,r4i1p1f1,1963,09,15,0.0,22.47076,8.196634,1963
5006,r4i1p1f1,1963,09,16,0.0,22.016813,7.081997,1963
5007,r4i1p1f1,1963,09,17,0.0,22.366034,7.6798453,1963
5008,r4i1p1f1,1963,09,18,0.0,22.1804,8.309648,1963
5009,r4i1p1f1,1963,09,19,0.0,22.202148,6.500938,1963
5010,r4i1p1f1,1963,09,20,0.0,21.989147,6.9292173,1963
5011,r4i1p1f1,1963,09,21,0.0,24.57425,8.093333,1963
5012,r4i1p1f1,1963,09,22,0.0,25.876266,8.908788,1963
5013,r4i1p1f1,1963,09,23,0.0,26.286583,9.996172,1963
5014,r4i1p1f1,1963,09,24,0.0,25.808872,9.968681,1963
5015,r4i1p1f1,1963,09,25,0.0,23.799284,9.598663,1963
5016,r4i1p1f1,1963,09,26,0.0,19.756252,5.539335,1963
5017,r4i1p1f1,1963,09,27,0.0,22.913519,6.2103243,1963
5018,r4i1p1f1,1963,09,28,0.0,25.248293,8.631335,1963
5019,r4i1p1f1,1963,09,29,0.006226559258202418,24.12453,9.15629,1963
5020,r4i1p1f1,1963,09,30,1.0925871535417429,22.033257,7.725573,1963
5021,r4i1p1f1,1963,10,01,4.781247249992624,22.617802,8.833861,1963
5022,r4i1p1f1,1963,10,02,0.0,22.96136,7.227472,1963
5023,r4i1p1f1,1963,10,03,0.0,24.387253,7.7941895,1963
5024,r4i1p1f1,1963,10,04,0.0,24.849527,9.430769,1963
5025,r4i1p1f1,1963,10,05,0.0,23.486477,8.972008,1963
5026,r4i1p1f1,1963,10,06,0.0,22.138662,8.566752,1963
5027,r4i1p1f1,1963,10,07,0.0,22.059258,6.6099377,1963
5028,r4i1p1f1,1963,10,08,0.0,21.66964,7.042508,1963
5029,r4i1p1f1,1963,10,09,0.0,21.82415,6.0962276,1963
5030,r4i1p1f1,1963,10,10,0.0,22.431631,7.0636697,1963
5031,r4i1p1f1,1963,10,11,0.0,22.083315,7.528356,1963
5032,r4i1p1f1,1963,10,12,0.0,22.231432,8.216018,1963
5033,r4i1p1f1,1963,10,13,0.0,21.557785,6.982802,1963
5034,r4i1p1f1,1963,10,14,0.0,21.111631,5.6268945,1963
5035,r4i1p1f1,1963,10,15,0.053626991707275355,20.63336,6.4930143,1963
5036,r4i1p1f1,1963,10,16,0.0,22.052431,6.1620364,1963
5037,r4i1p1f1,1963,10,17,0.0,21.815529,7.4610853,1963
5038,r4i1p1f1,1963,10,18,0.0,20.763182,8.377819,1963
5039,r4i1p1f1,1963,10,19,0.0,21.629986,6.0394344,1963
5040,r4i1p1f1,1963,10,20,0.1176753773815441,21.016533,6.2568836,1963
5041,r4i1p1f1,1963,10,21,0.0,19.257818,6.055271,1963
5042,r4i1p1f1,1963,10,22,0.0,16.230274,3.6173847,1963
5043,r4i1p1f1,1963,10,23,0.0,13.115923,-3.7331016,1963
5044,r4i1p1f1,1963,10,24,0.0,11.763275,-3.0202425,1963
5045,r4i1p1f1,1963,10,25,0.0,11.876691,-0.9640865,1963
5046,r4i1p1f1,1963,10,26,0.48089463226580137,13.41738,-0.6540349,1963
5047,r4i1p1f1,1963,10,27,0.0,13.483655,-1.2692238,1963
5048,r4i1p1f1,1963,10,28,0.0,14.509186,2.1267965,1963
5049,r4i1p1f1,1963,10,29,13.31067561320497,18.88065,5.066505,1963
5050,r4i1p1f1,1963,10,30,0.5013125410450441,9.426974,-6.046077,1963
5051,r4i1p1f1,1963,10,31,0.0,9.862398,-1.3937724,1963
5052,r4i1p1f1,1963,11,01,0.0,9.765338,-3.6291971,1963
5053,r4i1p1f1,1963,11,02,4.222709088333028,9.071657,-0.71653056,1963
5054,r4i1p1f1,1963,11,03,0.0,9.418557,-6.7909527,1963
5055,r4i1p1f1,1963,11,04,0.0,11.282813,-3.275579,1963
5056,r4i1p1f1,1963,11,05,15.849115419711463,10.965283,0.5069259,1963
5057,r4i1p1f1,1963,11,06,5.814053258498511,3.914176,-3.9133627,1963
5058,r4i1p1f1,1963,11,07,0.0,8.795446,-7.1510253,1963
5059,r4i1p1f1,1963,11,08,0.37647670798331057,9.426122,-3.5780084,1963
5060,r4i1p1f1,1963,11,09,0.0,8.323366,-3.2378013,1963
5061,r4i1p1f1,1963,11,10,0.003949629695458144,8.787557,-3.570788,1963
5062,r4i1p1f1,1963,11,11,0.2790745057687648,8.678999,-2.3662076,1963
5063,r4i1p1f1,1963,11,12,0.045909779279651355,15.112591,-0.6801312,1963
5064,r4i1p1f1,1963,11,13,0.0,12.814684,-0.25097236,1963
5065,r4i1p1f1,1963,11,14,0.0990513130552051,11.238999,0.43789163,1963
5066,r4i1p1f1,1963,11,15,9.038423234079959,8.985612,0.796691,1963
5067,r4i1p1f1,1963,11,16,8.988613513526422,7.6598306,-0.8791587,1963
5068,r4i1p1f1,1963,11,17,2.481151094388516,7.423576,-2.6491706,1963
5069,r4i1p1f1,1963,11,18,0.0,10.042306,-4.1726894,1963
5070,r4i1p1f1,1963,11,19,0.0,12.134224,-3.4565516,1963
5071,r4i1p1f1,1963,11,20,0.0,12.6353035,-2.7929547,1963
5072,r4i1p1f1,1963,11,21,2.6688106723808094,13.918974,2.8214374,1963
5073,r4i1p1f1,1963,11,22,3.5076965974061487,4.896861,-3.1630244,1963
5074,r4i1p1f1,1963,11,23,1.6306770429867468,2.3840582,-8.564849,1963
5075,r4i1p1f1,1963,11,24,0.23148377789832372,-3.587495,-12.612677,1963
5076,r4i1p1f1,1963,11,25,0.0,-4.4599996,-16.482803,1963
5077,r4i1p1f1,1963,11,26,0.000764291253619368,0.34726918,-13.176792,1963
5078,r4i1p1f1,1963,11,27,0.0,4.7615714,-11.333986,1963
5079,r4i1p1f1,1963,11,28,0.0,6.2287107,-7.584493,1963
5080,r4i1p1f1,1963,11,29,0.0,4.1385975,-7.6633167,1963
5081,r4i1p1f1,1963,11,30,0.0,2.7553756,-9.327074,1963
5082,r4i1p1f1,1963,12,01,0.0,4.688213,-7.460468,1963
5083,r4i1p1f1,1963,12,02,0.0,5.467394,-7.570509,1963
5084,r4i1p1f1,1963,12,03,0.0,5.4531994,-6.326129,1963
5085,r4i1p1f1,1963,12,04,0.4331326456508063,7.408917,-3.573642,1963
5086,r4i1p1f1,1963,12,05,0.0,10.776746,0.0964419,1963
5087,r4i1p1f1,1963,12,06,0.881396397524778,9.869177,-0.06610798,1963
5088,r4i1p1f1,1963,12,07,0.0,12.093622,0.63415366,1963
5089,r4i1p1f1,1963,12,08,1.0336502176148328,11.826748,1.6471577,1963
5090,r4i1p1f1,1963,12,09,0.0,10.218511,0.7688933,1963
5091,r4i1p1f1,1963,12,10,0.0,12.107325,-1.0540246,1963
5092,r4i1p1f1,1963,12,11,0.0,10.953211,-0.6562395,1963
5093,r4i1p1f1,1963,12,12,2.74086621481165,8.639801,-1.681747,1963
5094,r4i1p1f1,1963,12,13,0.2261589684130082,5.855974,-3.6887274,1963
5095,r4i1p1f1,1963,12,14,0.3914649951900474,6.88653,-4.1765566,1963
5096,r4i1p1f1,1963,12,15,0.0,7.6320744,-4.6529765,1963
5097,r4i1p1f1,1963,12,16,0.0,7.5498996,-5.2244077,1963
5098,r4i1p1f1,1963,12,17,0.0,7.472726,-4.3348656,1963
5099,r4i1p1f1,1963,12,18,0.0,8.721763,-3.0590923,1963
5100,r4i1p1f1,1963,12,19,0.0,11.656404,-1.5126157,1963
5101,r4i1p1f1,1963,12,20,0.0,8.67343,-1.4709449,1963
5102,r4i1p1f1,1963,12,21,2.735584018583677,7.64116,-3.7446344,1963
5103,r4i1p1f1,1963,12,22,60.14782954049529,5.3587117,-1.8620621,1963
5104,r4i1p1f1,1963,12,23,4.855816076021803,2.4273765,-8.102185,1963
5105,r4i1p1f1,1963,12,24,2.3939915297072796,1.0839987,-7.6733356,1963
5106,r4i1p1f1,1963,12,25,0.0,6.4155965,-8.150741,1963
5107,r4i1p1f1,1963,12,26,2.4535580615614956,3.860964,-3.7813637,1963
5108,r4i1p1f1,1963,12,27,8.037624679776057,0.62858063,-8.356959,1963
5109,r4i1p1f1,1963,12,28,2.433867329335752,4.583345,-3.2292495,1963
5110,r4i1p1f1,1963,12,29,31.47919890059925,2.9340963,-3.6537664,1963
5111,r4i1p1f1,1963,12,30,21.918608111274594,-0.64142805,-6.700952,1963
5112,r4i1p1f1,1963,12,31,0.0,0.99379486,-12.815453,1963
5113,r4i1p1f1,1964,01,01,0.0,3.8665614,-8.558786,1964
5114,r4i1p1f1,1964,01,02,0.03294546556937175,3.0885324,-4.927793,1964
5115,r4i1p1f1,1964,01,03,11.28109303822981,-0.27255738,-5.5349894,1964
5116,r4i1p1f1,1964,01,04,3.6247681303257813,1.2389,-6.1456265,1964
5117,r4i1p1f1,1964,01,05,13.038076100790898,1.4568863,-4.3436766,1964
5118,r4i1p1f1,1964,01,06,27.362740370845295,1.6776952,-5.136915,1964
5119,r4i1p1f1,1964,01,07,72.1055260832038,1.1985637,-4.8432517,1964
5120,r4i1p1f1,1964,01,08,35.25666662842684,-0.21376106,-6.2080383,1964
5121,r4i1p1f1,1964,01,09,1.5332379019222637,-0.15416078,-8.052493,1964
5122,r4i1p1f1,1964,01,10,0.0,-1.1075138,-9.58299,1964
5123,r4i1p1f1,1964,01,11,0.0,0.98108953,-12.508616,1964
5124,r4i1p1f1,1964,01,12,0.02661051180706743,1.898532,-6.374346,1964
5125,r4i1p1f1,1964,01,13,16.7455283888327,3.2026477,-3.606567,1964
5126,r4i1p1f1,1964,01,14,77.5747992051976,4.9904156,-0.23145953,1964
5127,r4i1p1f1,1964,01,15,30.443988562028483,3.6918938,-4.7636995,1964
5128,r4i1p1f1,1964,01,16,0.0,2.9286678,-10.218534,1964
5129,r4i1p1f1,1964,01,17,7.55936786901731,-0.6978012,-9.489773,1964
5130,r4i1p1f1,1964,01,18,44.82176306381468,2.9890137,-5.9692535,1964
5131,r4i1p1f1,1964,01,19,52.07179013683937,3.6626496,-1.9991522,1964
5132,r4i1p1f1,1964,01,20,9.353999998848968,2.7118914,-5.891317,1964
5133,r4i1p1f1,1964,01,21,0.0,7.2363687,-5.671947,1964
5134,r4i1p1f1,1964,01,22,5.557777417604537,2.6384249,-3.7513669,1964
5135,r4i1p1f1,1964,01,23,0.0,6.281609,-6.1071916,1964
5136,r4i1p1f1,1964,01,24,0.0,5.45279,-8.680722,1964
5137,r4i1p1f1,1964,01,25,24.24708457002037,1.2385176,-6.295389,1964
5138,r4i1p1f1,1964,01,26,0.0,3.5581665,-9.032483,1964
5139,r4i1p1f1,1964,01,27,0.0,7.918739,-5.816319,1964
5140,r4i1p1f1,1964,01,28,0.0,9.002004,-4.514955,1964
5141,r4i1p1f1,1964,01,29,0.0,7.3093925,-3.5685515,1964
5142,r4i1p1f1,1964,01,30,0.12320894092395539,7.028932,-5.594689,1964
5143,r4i1p1f1,1964,01,31,0.0,5.7172637,-4.040737,1964
5144,r4i1p1f1,1964,02,01,3.2170769396634156,2.221148,-6.4198246,1964
5145,r4i1p1f1,1964,02,02,1.5848388026417557,2.4550853,-8.787386,1964
5146,r4i1p1f1,1964,02,03,25.424418534147996,-0.8356658,-7.567546,1964
5147,r4i1p1f1,1964,02,04,31.401088959495304,-1.279137,-11.046304,1964
5148,r4i1p1f1,1964,02,05,0.0,-0.81480676,-10.243146,1964
5149,r4i1p1f1,1964,02,06,0.0,0.61076057,-11.347708,1964
5150,r4i1p1f1,1964,02,07,0.0,4.4369016,-10.71435,1964
5151,r4i1p1f1,1964,02,08,0.0,4.9995713,-6.691686,1964
5152,r4i1p1f1,1964,02,09,0.0,4.5103474,-8.175719,1964
5153,r4i1p1f1,1964,02,10,0.0,3.8666835,-8.220575,1964
5154,r4i1p1f1,1964,02,11,1.8502972573642429,0.39032072,-9.809507,1964
5155,r4i1p1f1,1964,02,12,4.517848967236814,-0.50647897,-7.8094487,1964
5156,r4i1p1f1,1964,02,13,0.5181288881101872,0.74892414,-8.343744,1964
5157,r4i1p1f1,1964,02,14,2.432215711102153,-0.64135087,-10.006018,1964
5158,r4i1p1f1,1964,02,15,4.0074297195293616,-1.4803048,-11.518113,1964
5159,r4i1p1f1,1964,02,16,0.0006503563798195999,1.3157766,-11.131838,1964
5160,r4i1p1f1,1964,02,17,0.0,2.290643,-11.344237,1964
5161,r4i1p1f1,1964,02,18,0.0,4.0802803,-10.165684,1964
5162,r4i1p1f1,1964,02,19,0.0,5.825943,-7.270144,1964
5163,r4i1p1f1,1964,02,20,0.0,6.7391315,-6.132133,1964
5164,r4i1p1f1,1964,02,21,0.0,7.2049246,-6.021846,1964
5165,r4i1p1f1,1964,02,22,0.0,7.896382,-4.9234166,1964
5166,r4i1p1f1,1964,02,23,0.0,9.696591,-5.2169995,1964
5167,r4i1p1f1,1964,02,24,0.0,9.105665,-3.3759196,1964
5168,r4i1p1f1,1964,02,25,0.0,7.7771306,-4.2628126,1964
5169,r4i1p1f1,1964,02,26,0.0,7.4688864,-6.0281253,1964
5170,r4i1p1f1,1964,02,27,0.0,7.502304,-6.2455707,1964
5171,r4i1p1f1,1964,02,28,0.0,8.127775,-3.3649917,1964
5172,r4i1p1f1,1964,02,29,23.434022979545343,5.6917863,-5.099436,1964
5173,r4i1p1f1,1964,03,01,0.0,5.374638,-8.737211,1964
5174,r4i1p1f1,1964,03,02,1.3128208812744708,4.632727,-6.9565234,1964
5175,r4i1p1f1,1964,03,03,5.055765589205042,-1.6169763,-14.878188,1964
5176,r4i1p1f1,1964,03,04,44.42112704441878,-2.95729,-9.139794,1964
5177,r4i1p1f1,1964,03,05,36.41238296120027,-2.8560529,-9.138199,1964
5178,r4i1p1f1,1964,03,06,0.0,1.5071822,-14.138659,1964
5179,r4i1p1f1,1964,03,07,6.619285979301998,0.7525718,-12.634314,1964
5180,r4i1p1f1,1964,03,08,1.6154358890277487,0.905322,-6.411521,1964
5181,r4i1p1f1,1964,03,09,0.0,5.4324565,-9.237123,1964
5182,r4i1p1f1,1964,03,10,1.3677294772066706,3.8012266,-8.582813,1964
5183,r4i1p1f1,1964,03,11,3.3711549165928356,2.9599261,-9.3824415,1964
5184,r4i1p1f1,1964,03,12,0.0,11.116816,-6.72099,1964
5185,r4i1p1f1,1964,03,13,0.0,12.000777,-3.931055,1964
5186,r4i1p1f1,1964,03,14,3.6780226663669215,6.5493093,-5.814202,1964
5187,r4i1p1f1,1964,03,15,11.94049485920132,-3.5095994,-9.379351,1964
5188,r4i1p1f1,1964,03,16,0.0,3.7121062,-10.337925,1964
5189,r4i1p1f1,1964,03,17,0.0,6.3870883,-10.261461,1964
5190,r4i1p1f1,1964,03,18,0.11184430139653419,4.4034185,-6.1017604,1964
5191,r4i1p1f1,1964,03,19,7.204027263651369,-2.9159255,-13.283174,1964
5192,r4i1p1f1,1964,03,20,0.0,-0.24592224,-14.251933,1964
5193,r4i1p1f1,1964,03,21,0.0,2.9350872,-13.947938,1964
5194,r4i1p1f1,1964,03,22,0.0,5.1971116,-9.133249,1964
5195,r4i1p1f1,1964,03,23,0.0,6.4857025,-6.0521526,1964
5196,r4i1p1f1,1964,03,24,14.460872953422621,2.3942842,-9.424861,1964
5197,r4i1p1f1,1964,03,25,0.0,1.9286938,-9.694929,1964
5198,r4i1p1f1,1964,03,26,0.0,4.184104,-10.73197,1964
5199,r4i1p1f1,1964,03,27,0.0,6.8909693,-8.600968,1964
5200,r4i1p1f1,1964,03,28,0.0,8.12962,-6.273899,1964
5201,r4i1p1f1,1964,03,29,0.0,9.576129,-5.392314,1964
5202,r4i1p1f1,1964,03,30,0.0,13.228418,-1.4045041,1964
5203,r4i1p1f1,1964,03,31,0.0,12.879029,-2.3605008,1964
5204,r4i1p1f1,1964,04,01,0.0,12.757678,-1.0991447,1964
5205,r4i1p1f1,1964,04,02,0.0,13.479725,-1.8402115,1964
5206,r4i1p1f1,1964,04,03,0.0,13.662125,-0.88251907,1964
5207,r4i1p1f1,1964,04,04,0.0,15.730363,-0.43208078,1964
5208,r4i1p1f1,1964,04,05,0.0,16.931175,2.9511304,1964
5209,r4i1p1f1,1964,04,06,0.0,16.245972,3.0346663,1964
5210,r4i1p1f1,1964,04,07,0.9894493610805692,7.868575,-4.467529,1964
5211,r4i1p1f1,1964,04,08,1.099362439340871,-0.7187365,-9.61912,1964
5212,r4i1p1f1,1964,04,09,0.0,2.544463,-8.518297,1964
5213,r4i1p1f1,1964,04,10,12.619374104970655,-0.67063,-11.335695,1964
5214,r4i1p1f1,1964,04,11,8.616476404098467,-5.6122165,-15.346617,1964
5215,r4i1p1f1,1964,04,12,3.5897693489912617,-7.5059824,-14.850385,1964
5216,r4i1p1f1,1964,04,13,0.0,-0.48984185,-15.234336,1964
5217,r4i1p1f1,1964,04,14,0.0,4.200241,-12.223792,1964
5218,r4i1p1f1,1964,04,15,0.0,6.882615,-8.489823,1964
5219,r4i1p1f1,1964,04,16,0.0,7.5270815,-1.8533154,1964
5220,r4i1p1f1,1964,04,17,0.0,10.17865,-4.910747,1964
5221,r4i1p1f1,1964,04,18,0.0,10.986165,-3.6288161,1964
5222,r4i1p1f1,1964,04,19,0.0,11.097917,-2.370601,1964
5223,r4i1p1f1,1964,04,20,0.0,10.410459,-1.3633845,1964
5224,r4i1p1f1,1964,04,21,0.0,9.445321,-5.6092944,1964
5225,r4i1p1f1,1964,04,22,0.0,8.154943,-5.2076077,1964
5226,r4i1p1f1,1964,04,23,0.0,9.561691,-4.406315,1964
5227,r4i1p1f1,1964,04,24,0.0,10.422417,-3.4679427,1964
5228,r4i1p1f1,1964,04,25,0.0,11.094636,-2.2655613,1964
5229,r4i1p1f1,1964,04,26,0.0,13.455265,-1.0728271,1964
5230,r4i1p1f1,1964,04,27,0.0,14.945726,0.4117132,1964
5231,r4i1p1f1,1964,04,28,0.0,18.143867,2.7009678,1964
5232,r4i1p1f1,1964,04,29,0.0,18.632912,4.8588824,1964
5233,r4i1p1f1,1964,04,30,0.0,17.744606,5.0184503,1964
5234,r4i1p1f1,1964,05,01,0.0,13.783668,-0.25503534,1964
5235,r4i1p1f1,1964,05,02,0.0,11.537176,-1.7165422,1964
5236,r4i1p1f1,1964,05,03,3.408314887346274,7.617341,-6.7932305,1964
5237,r4i1p1f1,1964,05,04,0.0,7.381275,-5.8037276,1964
5238,r4i1p1f1,1964,05,05,0.2589669041607855,6.4598837,-1.7412617,1964
5239,r4i1p1f1,1964,05,06,0.041502720478298435,10.514594,-1.7397257,1964
5240,r4i1p1f1,1964,05,07,0.0,11.157332,-1.1240733,1964
5241,r4i1p1f1,1964,05,08,11.491120590130262,5.7738986,-2.9469483,1964
5242,r4i1p1f1,1964,05,09,3.8269243456576834,6.385709,-4.711071,1964
5243,r4i1p1f1,1964,05,10,1.8574713570008115,6.4358726,-4.9112144,1964
5244,r4i1p1f1,1964,05,11,3.2851974712981056,5.4262867,-7.4774485,1964
5245,r4i1p1f1,1964,05,12,0.0,11.919633,-3.3978887,1964
5246,r4i1p1f1,1964,05,13,8.263407812345951,9.389646,-1.9353635,1964
5247,r4i1p1f1,1964,05,14,61.868276129628434,2.051143,-3.2392502,1964
5248,r4i1p1f1,1964,05,15,10.057620597803492,-1.4794729,-11.623062,1964
5249,r4i1p1f1,1964,05,16,0.0002883535770340391,3.0409946,-11.301616,1964
5250,r4i1p1f1,1964,05,17,0.0,9.928391,-5.9998646,1964
5251,r4i1p1f1,1964,05,18,0.0,14.587814,-1.2813267,1964
5252,r4i1p1f1,1964,05,19,0.0,19.179413,2.5137846,1964
5253,r4i1p1f1,1964,05,20,0.0,21.34134,5.7227235,1964
5254,r4i1p1f1,1964,05,21,0.0,21.633621,6.7727094,1964
5255,r4i1p1f1,1964,05,22,0.0,22.334375,6.5120993,1964
5256,r4i1p1f1,1964,05,23,0.0,21.640154,6.9410634,1964
5257,r4i1p1f1,1964,05,24,0.0,19.614927,6.163744,1964
5258,r4i1p1f1,1964,05,25,0.0,18.368265,4.0167356,1964
5259,r4i1p1f1,1964,05,26,2.5964824583180452,16.498016,2.1600244,1964
5260,r4i1p1f1,1964,05,27,0.3971888930328734,17.684687,4.3455033,1964
5261,r4i1p1f1,1964,05,28,8.42637701961686,13.877157,1.473266,1964
5262,r4i1p1f1,1964,05,29,4.912490652964255,15.259858,2.0680678,1964
5263,r4i1p1f1,1964,05,30,2.2795504870554484,18.024252,3.7680092,1964
5264,r4i1p1f1,1964,05,31,2.034942230775455,17.187845,3.0320485,1964
5265,r4i1p1f1,1964,06,01,0.0,18.548561,6.476834,1964
5266,r4i1p1f1,1964,06,02,0.0,18.058773,5.2956953,1964
5267,r4i1p1f1,1964,06,03,0.0,16.902605,3.836508,1964
5268,r4i1p1f1,1964,06,04,0.0,16.499216,1.3296448,1964
5269,r4i1p1f1,1964,06,05,0.0,18.328348,1.6351006,1964
5270,r4i1p1f1,1964,06,06,0.0,18.36801,3.3901381,1964
5271,r4i1p1f1,1964,06,07,2.8470715414479186,15.009446,4.0838137,1964
5272,r4i1p1f1,1964,06,08,0.033275236775840496,18.721329,2.7306206,1964
5273,r4i1p1f1,1964,06,09,0.0,21.046738,6.205709,1964
5274,r4i1p1f1,1964,06,10,0.0,22.8364,7.5148363,1964
5275,r4i1p1f1,1964,06,11,0.0,22.945211,7.788662,1964
5276,r4i1p1f1,1964,06,12,0.0,22.18927,7.0575,1964
5277,r4i1p1f1,1964,06,13,0.0,18.313112,3.5891345,1964
5278,r4i1p1f1,1964,06,14,0.0,16.923288,2.9602785,1964
5279,r4i1p1f1,1964,06,15,0.0,15.2576685,2.6799629,1964
5280,r4i1p1f1,1964,06,16,0.2592423948291519,14.486037,1.0915229,1964
5281,r4i1p1f1,1964,06,17,0.1550449077739239,14.947728,-0.8198883,1964
5282,r4i1p1f1,1964,06,18,0.04890767058196406,18.450092,4.3005834,1964
5283,r4i1p1f1,1964,06,19,0.9590247606236237,20.584757,6.0562787,1964
5284,r4i1p1f1,1964,06,20,0.5831167596888547,21.732378,6.566234,1964
5285,r4i1p1f1,1964,06,21,0.0,24.245274,8.335161,1964
5286,r4i1p1f1,1964,06,22,0.0,24.541431,8.962895,1964
5287,r4i1p1f1,1964,06,23,0.0,25.78022,9.007513,1964
5288,r4i1p1f1,1964,06,24,0.0,24.796427,9.892048,1964
5289,r4i1p1f1,1964,06,25,0.0,23.458178,8.583992,1964
5290,r4i1p1f1,1964,06,26,0.0,23.04579,8.42445,1964
5291,r4i1p1f1,1964,06,27,0.0,23.044796,8.518727,1964
5292,r4i1p1f1,1964,06,28,0.0,22.92146,6.224066,1964
5293,r4i1p1f1,1964,06,29,0.0,23.09597,6.5380607,1964
5294,r4i1p1f1,1964,06,30,0.0,22.093061,6.9459677,1964
5295,r4i1p1f1,1964,07,01,0.0,19.10334,4.8906255,1964
5296,r4i1p1f1,1964,07,02,0.0,20.107296,5.014091,1964
5297,r4i1p1f1,1964,07,03,0.0,19.840113,6.7116013,1964
5298,r4i1p1f1,1964,07,04,0.0,23.425003,7.037049,1964
5299,r4i1p1f1,1964,07,05,0.0,25.368946,9.767606,1964
5300,r4i1p1f1,1964,07,06,0.0,26.745089,10.494944,1964
5301,r4i1p1f1,1964,07,07,0.0,26.759094,11.681011,1964
5302,r4i1p1f1,1964,07,08,0.0,27.209133,10.882764,1964
5303,r4i1p1f1,1964,07,09,0.0,28.17463,11.435827,1964
5304,r4i1p1f1,1964,07,10,0.0,28.825745,12.115268,1964
5305,r4i1p1f1,1964,07,11,0.0,28.099062,12.26341,1964
5306,r4i1p1f1,1964,07,12,0.0,25.93076,11.133453,1964
5307,r4i1p1f1,1964,07,13,0.0,20.925964,6.3055944,1964
5308,r4i1p1f1,1964,07,14,0.0,21.326336,5.7695217,1964
5309,r4i1p1f1,1964,07,15,0.0,23.42248,6.6802106,1964
5310,r4i1p1f1,1964,07,16,0.0,24.32275,7.908174,1964
5311,r4i1p1f1,1964,07,17,0.0,25.793661,9.130912,1964
5312,r4i1p1f1,1964,07,18,0.0,26.203281,9.835915,1964
5313,r4i1p1f1,1964,07,19,0.0,26.28848,10.723153,1964
5314,r4i1p1f1,1964,07,20,0.007709777651658088,24.825325,12.151143,1964
5315,r4i1p1f1,1964,07,21,0.0,24.197205,10.132647,1964
5316,r4i1p1f1,1964,07,22,0.0,25.769634,9.103086,1964
5317,r4i1p1f1,1964,07,23,0.0,27.762768,11.101437,1964
5318,r4i1p1f1,1964,07,24,1.4754420036968037,27.203861,12.597222,1964
5319,r4i1p1f1,1964,07,25,0.0,26.805218,11.04893,1964
5320,r4i1p1f1,1964,07,26,0.6907597635767967,28.178455,11.7410345,1964
5321,r4i1p1f1,1964,07,27,0.9427255775915918,28.344883,12.22161,1964
5322,r4i1p1f1,1964,07,28,0.4642692306487955,28.041327,12.16355,1964
5323,r4i1p1f1,1964,07,29,0.28154551667643013,27.475256,13.128879,1964
5324,r4i1p1f1,1964,07,30,0.09972976930761458,26.735016,11.337556,1964
5325,r4i1p1f1,1964,07,31,0.0,26.268219,10.816695,1964
5326,r4i1p1f1,1964,08,01,0.0,24.539282,9.324007,1964
5327,r4i1p1f1,1964,08,02,0.0,23.98599,7.6217394,1964
5328,r4i1p1f1,1964,08,03,0.0,26.7239,9.884104,1964
5329,r4i1p1f1,1964,08,04,0.0,27.910786,11.559784,1964
5330,r4i1p1f1,1964,08,05,0.0,27.37323,12.371765,1964
5331,r4i1p1f1,1964,08,06,0.0,26.987488,11.606487,1964
5332,r4i1p1f1,1964,08,07,0.0,26.78267,10.443424,1964
5333,r4i1p1f1,1964,08,08,0.0,25.962742,10.100354,1964
5334,r4i1p1f1,1964,08,09,0.0,25.183817,10.242311,1964
5335,r4i1p1f1,1964,08,10,0.0,25.432785,9.170919,1964
5336,r4i1p1f1,1964,08,11,0.0,26.57705,10.220056,1964
5337,r4i1p1f1,1964,08,12,0.0,27.200804,10.943936,1964
5338,r4i1p1f1,1964,08,13,0.0,26.571636,11.806506,1964
5339,r4i1p1f1,1964,08,14,0.0,26.49222,12.238323,1964
5340,r4i1p1f1,1964,08,15,0.0,26.975197,12.073759,1964
5341,r4i1p1f1,1964,08,16,0.0,26.669575,11.38542,1964
5342,r4i1p1f1,1964,08,17,0.0,26.85515,11.246752,1964
5343,r4i1p1f1,1964,08,18,0.0,25.94207,11.215996,1964
5344,r4i1p1f1,1964,08,19,0.0,23.295408,7.899654,1964
5345,r4i1p1f1,1964,08,20,0.0,21.381031,5.102512,1964
5346,r4i1p1f1,1964,08,21,0.0,21.938,6.532371,1964
5347,r4i1p1f1,1964,08,22,0.07182955272237368,22.725903,7.4746943,1964
5348,r4i1p1f1,1964,08,23,0.0,24.076447,8.056905,1964
5349,r4i1p1f1,1964,08,24,0.0,23.561348,9.044945,1964
5350,r4i1p1f1,1964,08,25,0.9519281680498175,26.23024,9.650348,1964
5351,r4i1p1f1,1964,08,26,2.9527457585959693,24.357382,9.655602,1964
5352,r4i1p1f1,1964,08,27,1.0290092202872712,23.018284,8.656958,1964
5353,r4i1p1f1,1964,08,28,0.025785225462884198,21.845087,7.870316,1964
5354,r4i1p1f1,1964,08,29,0.028566933610098336,23.097055,7.0479355,1964
5355,r4i1p1f1,1964,08,30,0.0009710554235532661,24.490288,8.545802,1964
5356,r4i1p1f1,1964,08,31,0.38846102615605566,25.354433,8.591512,1964
5357,r4i1p1f1,1964,09,01,0.03029340344202116,26.680574,9.778522,1964
5358,r4i1p1f1,1964,09,02,0.014067941682536484,25.230137,10.729216,1964
5359,r4i1p1f1,1964,09,03,0.21026040930526638,21.361372,9.553669,1964
5360,r4i1p1f1,1964,09,04,0.0667642133270403,19.155233,5.494137,1964
5361,r4i1p1f1,1964,09,05,0.0,18.018175,2.202396,1964
5362,r4i1p1f1,1964,09,06,0.0,17.10457,2.4482172,1964
5363,r4i1p1f1,1964,09,07,0.0,16.272537,2.894437,1964
5364,r4i1p1f1,1964,09,08,0.0,15.221556,1.4249088,1964
5365,r4i1p1f1,1964,09,09,0.0,14.310505,-0.18837424,1964
5366,r4i1p1f1,1964,09,10,0.0,14.294574,0.82465726,1964
5367,r4i1p1f1,1964,09,11,0.0,18.415226,0.22306299,1964
5368,r4i1p1f1,1964,09,12,0.0,21.282627,5.347614,1964
5369,r4i1p1f1,1964,09,13,0.0,19.434408,5.8271866,1964
5370,r4i1p1f1,1964,09,14,0.0,22.43406,4.444608,1964
5371,r4i1p1f1,1964,09,15,0.0,23.900469,7.2912216,1964
5372,r4i1p1f1,1964,09,16,0.014016006565421011,22.93549,8.71171,1964
5373,r4i1p1f1,1964,09,17,0.5240160382918352,18.139332,5.194943,1964
5374,r4i1p1f1,1964,09,18,0.0,15.16203,0.43379137,1964
5375,r4i1p1f1,1964,09,19,0.0,18.427711,0.95347327,1964
5376,r4i1p1f1,1964,09,20,0.0,18.285479,1.1102061,1964
5377,r4i1p1f1,1964,09,21,0.0,19.280107,2.3706994,1964
5378,r4i1p1f1,1964,09,22,0.0,20.34499,4.8806458,1964
5379,r4i1p1f1,1964,09,23,0.0,19.106672,4.9179444,1964
5380,r4i1p1f1,1964,09,24,0.0,18.17104,1.8136202,1964
5381,r4i1p1f1,1964,09,25,0.0,18.077644,0.98546755,1964
5382,r4i1p1f1,1964,09,26,0.0,18.196701,2.308079,1964
5383,r4i1p1f1,1964,09,27,0.0,17.36931,2.5714576,1964
5384,r4i1p1f1,1964,09,28,0.12756209558837867,16.749012,2.4161217,1964
5385,r4i1p1f1,1964,09,29,0.031742324971760376,17.255775,2.9910138,1964
5386,r4i1p1f1,1964,09,30,0.0,16.145617,3.7735405,1964
5387,r4i1p1f1,1964,10,01,0.0,17.031353,0.78061104,1964
5388,r4i1p1f1,1964,10,02,0.0,18.49656,2.1253297,1964
5389,r4i1p1f1,1964,10,03,0.0,16.987293,2.8820682,1964
5390,r4i1p1f1,1964,10,04,0.22630677712560796,12.633075,0.7597033,1964
5391,r4i1p1f1,1964,10,05,1.98893434887202,14.635629,2.9383,1964
5392,r4i1p1f1,1964,10,06,1.9216114304672949,16.564472,3.2061493,1964
5393,r4i1p1f1,1964,10,07,0.0,16.073591,0.061897036,1964
5394,r4i1p1f1,1964,10,08,0.0,16.951868,1.0828367,1964
5395,r4i1p1f1,1964,10,09,0.0,19.016174,2.5600483,1964
5396,r4i1p1f1,1964,10,10,0.0,19.986647,4.1685,1964
5397,r4i1p1f1,1964,10,11,0.0,19.016045,3.7960536,1964
5398,r4i1p1f1,1964,10,12,0.0,17.844666,2.9293416,1964
5399,r4i1p1f1,1964,10,13,0.0,17.751614,2.7086496,1964
5400,r4i1p1f1,1964,10,14,0.0,17.865578,3.6430404,1964
5401,r4i1p1f1,1964,10,15,0.0,17.923164,2.8381016,1964
5402,r4i1p1f1,1964,10,16,0.0,18.249565,2.7670932,1964
5403,r4i1p1f1,1964,10,17,0.0,17.314344,4.131128,1964
5404,r4i1p1f1,1964,10,18,0.011234620605110275,14.610684,1.427045,1964
5405,r4i1p1f1,1964,10,19,0.0,15.632379,-0.6707882,1964
5406,r4i1p1f1,1964,10,20,0.0,14.507035,2.7252884,1964
5407,r4i1p1f1,1964,10,21,0.019089053812298747,14.356474,0.71816117,1964
5408,r4i1p1f1,1964,10,22,0.0,13.736261,-2.1343627,1964
5409,r4i1p1f1,1964,10,23,0.0,17.559576,1.4768715,1964
5410,r4i1p1f1,1964,10,24,0.0,19.172749,5.591655,1964
5411,r4i1p1f1,1964,10,25,0.0,18.911005,7.66232,1964
5412,r4i1p1f1,1964,10,26,0.0,18.541822,3.6862411,1964
5413,r4i1p1f1,1964,10,27,0.0,21.457113,3.9573169,1964
5414,r4i1p1f1,1964,10,28,0.0,19.630627,8.444312,1964
5415,r4i1p1f1,1964,10,29,0.0,17.689411,3.9849107,1964
5416,r4i1p1f1,1964,10,30,0.0,15.447191,0.87697,1964
5417,r4i1p1f1,1964,10,31,0.0,15.564385,-0.14338359,1964
5418,r4i1p1f1,1964,11,01,0.0,17.35276,2.6859937,1964
5419,r4i1p1f1,1964,11,02,0.0,17.286198,3.3061733,1964
5420,r4i1p1f1,1964,11,03,0.0,17.340565,1.4884108,1964
5421,r4i1p1f1,1964,11,04,0.0,15.3446,2.58502,1964
5422,r4i1p1f1,1964,11,05,0.0,12.9945965,-0.12264062,1964
5423,r4i1p1f1,1964,11,06,0.0,12.954941,0.06820119,1964
5424,r4i1p1f1,1964,11,07,0.0,12.307824,-1.2879726,1964
5425,r4i1p1f1,1964,11,08,0.0,14.351237,0.5986166,1964
5426,r4i1p1f1,1964,11,09,0.0,15.536921,0.36700246,1964
5427,r4i1p1f1,1964,11,10,0.0,15.659939,-0.22064878,1964
5428,r4i1p1f1,1964,11,11,0.0,15.619205,2.4388387,1964
5429,r4i1p1f1,1964,11,12,0.0,14.739925,2.9575362,1964
5430,r4i1p1f1,1964,11,13,0.0,15.496802,0.43489882,1964
5431,r4i1p1f1,1964,11,14,0.0,17.429693,1.6946579,1964
5432,r4i1p1f1,1964,11,15,0.0,16.416967,2.3933222,1964
5433,r4i1p1f1,1964,11,16,0.0,15.167761,0.715139,1964
5434,r4i1p1f1,1964,11,17,0.0,14.393107,0.9785871,1964
5435,r4i1p1f1,1964,11,18,0.0,13.505464,0.08182046,1964
5436,r4i1p1f1,1964,11,19,0.0,12.122361,-1.3950452,1964
5437,r4i1p1f1,1964,11,20,0.0,12.301697,-3.0885775,1964
5438,r4i1p1f1,1964,11,21,0.0,11.109515,-2.218971,1964
5439,r4i1p1f1,1964,11,22,0.0,10.808307,-4.142685,1964
5440,r4i1p1f1,1964,11,23,0.0,13.107534,-1.5002328,1964
5441,r4i1p1f1,1964,11,24,0.0,12.826219,-3.1719096,1964
5442,r4i1p1f1,1964,11,25,0.0,11.112718,-0.69189876,1964
5443,r4i1p1f1,1964,11,26,5.3637164612155175,10.323921,-2.2650077,1964
5444,r4i1p1f1,1964,11,27,0.0,0.18680051,-9.823405,1964
5445,r4i1p1f1,1964,11,28,6.273957261649999,4.878427,-8.065737,1964
5446,r4i1p1f1,1964,11,29,13.529597309141996,3.4842408,-6.026316,1964
5447,r4i1p1f1,1964,11,30,45.28769600954185,2.7665281,-4.2464623,1964
5448,r4i1p1f1,1964,12,01,8.386346647721727,0.22714144,-9.075482,1964
5449,r4i1p1f1,1964,12,02,11.078613266960941,2.8578107,-7.786886,1964
5450,r4i1p1f1,1964,12,03,26.784579699297492,3.8568797,-2.7240014,1964
5451,r4i1p1f1,1964,12,04,6.683740936200202,3.7026772,-3.3334105,1964
5452,r4i1p1f1,1964,12,05,0.0,6.69963,-5.4312916,1964
5453,r4i1p1f1,1964,12,06,0.0,5.8549314,-6.178279,1964
5454,r4i1p1f1,1964,12,07,0.48415908968967397,1.2791907,-9.153612,1964
5455,r4i1p1f1,1964,12,08,0.0,5.1799417,-8.019009,1964
5456,r4i1p1f1,1964,12,09,2.3999686989711284,4.545097,-6.8470106,1964
5457,r4i1p1f1,1964,12,10,51.85624593068167,0.36961102,-5.323581,1964
5458,r4i1p1f1,1964,12,11,16.58614512587733,-3.6485224,-12.907192,1964
5459,r4i1p1f1,1964,12,12,0.0,-0.7703248,-16.312063,1964
5460,r4i1p1f1,1964,12,13,0.0,2.7211154,-11.69545,1964
5461,r4i1p1f1,1964,12,14,0.0,4.479846,-10.402945,1964
5462,r4i1p1f1,1964,12,15,0.3209881164563917,1.9923316,-8.397365,1964
5463,r4i1p1f1,1964,12,16,3.942160205248223,-1.6341277,-9.0952635,1964
5464,r4i1p1f1,1964,12,17,13.025182802153738,-1.0622975,-6.381893,1964
5465,r4i1p1f1,1964,12,18,0.0,4.734819,-7.3187637,1964
5466,r4i1p1f1,1964,12,19,0.0,4.681026,-9.975366,1964
5467,r4i1p1f1,1964,12,20,0.0,4.979596,-6.888965,1964
5468,r4i1p1f1,1964,12,21,0.0,8.272389,-4.4510713,1964
5469,r4i1p1f1,1964,12,22,0.0,7.3165913,-5.205262,1964
5470,r4i1p1f1,1964,12,23,13.448250337775924,1.8162634,-6.148839,1964
5471,r4i1p1f1,1964,12,24,9.902476540838297,-1.1877418,-6.932723,1964
5472,r4i1p1f1,1964,12,25,1.5048478894415103,-2.704916,-8.915368,1964
5473,r4i1p1f1,1964,12,26,0.0,2.0095243,-10.802978,1964
5474,r4i1p1f1,1964,12,27,0.0,2.4475126,-11.148157,1964
5475,r4i1p1f1,1964,12,28,0.0,0.8738158,-9.915103,1964
5476,r4i1p1f1,1964,12,29,0.0,-2.5634446,-17.2252,1964
5477,r4i1p1f1,1964,12,30,0.0,-3.4326112,-16.59777,1964
5478,r4i1p1f1,1964,12,31,0.0,-1.4206115,-12.550842,1964
5479,r4i1p1f1,1965,01,01,0.0,0.63931406,-10.12772,1965
5480,r4i1p1f1,1965,01,02,0.0,1.0008627,-8.058487,1965
5481,r4i1p1f1,1965,01,03,9.819176053097346,0.49088022,-8.225638,1965
5482,r4i1p1f1,1965,01,04,0.0,3.9309363,-6.0871825,1965
5483,r4i1p1f1,1965,01,05,11.821016936238468,0.83281225,-6.2956066,1965
5484,r4i1p1f1,1965,01,06,10.487551727817854,2.8452504,-3.1694827,1965
5485,r4i1p1f1,1965,01,07,0.0,6.578052,-7.445469,1965
5486,r4i1p1f1,1965,01,08,21.28524099380764,4.6761713,-4.3836823,1965
5487,r4i1p1f1,1965,01,09,16.976224727877543,4.494054,-2.8579714,1965
5488,r4i1p1f1,1965,01,10,0.3492115599900862,4.559119,-1.9277879,1965
5489,r4i1p1f1,1965,01,11,34.36899173718233,2.5166833,-3.7900074,1965
5490,r4i1p1f1,1965,01,12,29.568218296800417,2.1407156,-3.6965072,1965
5491,r4i1p1f1,1965,01,13,20.29907582417274,1.8995605,-5.2910967,1965
5492,r4i1p1f1,1965,01,14,25.38094949741043,3.1229858,-5.8274603,1965
5493,r4i1p1f1,1965,01,15,42.80354276044522,3.5078185,-3.4877274,1965
5494,r4i1p1f1,1965,01,16,0.03694469332789825,2.1416578,-5.900986,1965
5495,r4i1p1f1,1965,01,17,0.0,3.1197877,-8.818876,1965
5496,r4i1p1f1,1965,01,18,0.0,4.5706277,-6.2521935,1965
5497,r4i1p1f1,1965,01,19,0.0,5.063082,-6.543233,1965
5498,r4i1p1f1,1965,01,20,0.0,6.4611526,-5.622512,1965
5499,r4i1p1f1,1965,01,21,0.0,7.0211105,-6.0656533,1965
5500,r4i1p1f1,1965,01,22,0.0,8.156596,-5.110471,1965
5501,r4i1p1f1,1965,01,23,0.015610137439596746,5.535255,-5.0720625,1965
5502,r4i1p1f1,1965,01,24,6.248423344088503,2.5667531,-6.0966344,1965
5503,r4i1p1f1,1965,01,25,29.52818976629871,1.2317353,-5.4179506,1965
5504,r4i1p1f1,1965,01,26,2.920465565404309,2.901982,-8.101683,1965
5505,r4i1p1f1,1965,01,27,0.0,7.38848,-7.180257,1965
5506,r4i1p1f1,1965,01,28,0.0,7.4095364,-3.0656803,1965
5507,r4i1p1f1,1965,01,29,0.0,9.870429,-2.753623,1965
5508,r4i1p1f1,1965,01,30,0.0,13.019021,-0.98832834,1965
5509,r4i1p1f1,1965,01,31,0.0,14.991658,1.2589718,1965
5510,r4i1p1f1,1965,02,01,0.0,15.466489,1.3438807,1965
5511,r4i1p1f1,1965,02,02,0.0,13.436407,1.3035417,1965
5512,r4i1p1f1,1965,02,03,0.5544155947203623,7.2969227,-3.0481906,1965
5513,r4i1p1f1,1965,02,04,50.61441746000959,2.5281105,-3.9930978,1965
5514,r4i1p1f1,1965,02,05,0.0,1.0014321,-8.868177,1965
5515,r4i1p1f1,1965,02,06,0.0,9.026366,-5.666395,1965
5516,r4i1p1f1,1965,02,07,0.0,12.28918,-2.750428,1965
5517,r4i1p1f1,1965,02,08,0.32487404487297,9.748068,-2.8635657,1965
5518,r4i1p1f1,1965,02,09,0.0,4.6361384,-7.2865086,1965
5519,r4i1p1f1,1965,02,10,0.0,4.3385067,-7.740263,1965
5520,r4i1p1f1,1965,02,11,0.7554479709759774,2.0770235,-6.1284103,1965
5521,r4i1p1f1,1965,02,12,0.0,5.023727,-7.56486,1965
5522,r4i1p1f1,1965,02,13,0.0,6.0353065,-6.7909284,1965
5523,r4i1p1f1,1965,02,14,0.0,4.740928,-5.6479344,1965
5524,r4i1p1f1,1965,02,15,0.8431059147217256,0.96472305,-7.917738,1965
5525,r4i1p1f1,1965,02,16,0.0,3.1667407,-8.340445,1965
5526,r4i1p1f1,1965,02,17,0.0,2.227419,-9.568969,1965
5527,r4i1p1f1,1965,02,18,0.0,4.7559037,-8.915032,1965
5528,r4i1p1f1,1965,02,19,0.0,5.475261,-6.981285,1965
5529,r4i1p1f1,1965,02,20,0.0,7.212937,-7.4654775,1965
5530,r4i1p1f1,1965,02,21,0.0,8.573951,-5.516368,1965
5531,r4i1p1f1,1965,02,22,0.0,6.8419113,-4.069438,1965
5532,r4i1p1f1,1965,02,23,0.0,7.454283,-6.0865254,1965
5533,r4i1p1f1,1965,02,24,0.0,10.095343,-4.5296726,1965
5534,r4i1p1f1,1965,02,25,0.0,9.675725,-3.158482,1965
5535,r4i1p1f1,1965,02,26,0.0014072579700564038,8.007469,-2.6760724,1965
5536,r4i1p1f1,1965,02,27,0.0,10.789683,-2.1276548,1965
5537,r4i1p1f1,1965,02,28,0.0,13.043671,-0.7806443,1965
5538,r4i1p1f1,1965,03,01,0.0,13.097993,-0.6038798,1965
5539,r4i1p1f1,1965,03,02,0.0,13.426148,-1.1779565,1965
5540,r4i1p1f1,1965,03,03,0.0,13.561037,-1.202753,1965
5541,r4i1p1f1,1965,03,04,0.0,13.118129,-0.70600885,1965
5542,r4i1p1f1,1965,03,05,0.0,13.242241,-1.27219,1965
5543,r4i1p1f1,1965,03,06,0.0,13.406774,-1.2131009,1965
5544,r4i1p1f1,1965,03,07,0.0,12.408508,-2.5694523,1965
5545,r4i1p1f1,1965,03,08,1.06918101060868,9.96709,-1.7032411,1965
5546,r4i1p1f1,1965,03,09,0.0,11.823242,0.6629939,1965
5547,r4i1p1f1,1965,03,10,0.0,13.258309,-0.9786567,1965
5548,r4i1p1f1,1965,03,11,0.0,12.674416,-1.9694251,1965
5549,r4i1p1f1,1965,03,12,0.0,11.538476,-2.9719028,1965
5550,r4i1p1f1,1965,03,13,0.0,11.948604,-2.917716,1965
5551,r4i1p1f1,1965,03,14,0.0,11.02551,-3.300509,1965
5552,r4i1p1f1,1965,03,15,2.279038055910127,7.3510466,-4.5702276,1965
5553,r4i1p1f1,1965,03,16,0.03616316648957644,8.457278,-5.6885495,1965
5554,r4i1p1f1,1965,03,17,0.12391439325737712,7.156704,-1.7163564,1965
5555,r4i1p1f1,1965,03,18,3.939252955326198,7.8813763,-5.589698,1965
5556,r4i1p1f1,1965,03,19,37.29226561094639,7.073669,-0.6012256,1965
5557,r4i1p1f1,1965,03,20,53.134745311169,5.4858074,-0.9591691,1965
5558,r4i1p1f1,1965,03,21,0.0,7.8266616,-5.204938,1965
5559,r4i1p1f1,1965,03,22,0.0,10.871399,-4.5706573,1965
5560,r4i1p1f1,1965,03,23,12.043681495123158,7.3372874,-1.8920053,1965
5561,r4i1p1f1,1965,03,24,0.0,10.55161,-5.667113,1965
5562,r4i1p1f1,1965,03,25,0.0,10.129917,-3.011314,1965
5563,r4i1p1f1,1965,03,26,0.0,10.945164,-4.8723,1965
5564,r4i1p1f1,1965,03,27,0.0,10.635078,-2.8882365,1965
5565,r4i1p1f1,1965,03,28,0.0,9.890506,-3.3306415,1965
5566,r4i1p1f1,1965,03,29,0.0,8.945986,-2.697171,1965
5567,r4i1p1f1,1965,03,30,0.0,9.829791,-3.3869162,1965
5568,r4i1p1f1,1965,03,31,0.0,12.845441,-1.67306,1965
5569,r4i1p1f1,1965,04,01,0.0,14.098518,-1.4913546,1965
5570,r4i1p1f1,1965,04,02,0.0,16.462729,0.51621807,1965
5571,r4i1p1f1,1965,04,03,0.0,17.7316,2.7433379,1965
5572,r4i1p1f1,1965,04,04,0.0,16.311169,1.6653746,1965
5573,r4i1p1f1,1965,04,05,0.0,12.948209,0.12344789,1965
5574,r4i1p1f1,1965,04,06,0.0,11.768718,-1.8887889,1965
5575,r4i1p1f1,1965,04,07,0.0,11.063061,-0.77625656,1965
5576,r4i1p1f1,1965,04,08,0.008829479970720627,9.259951,-2.438654,1965
5577,r4i1p1f1,1965,04,09,0.0,12.988357,-0.16509981,1965
5578,r4i1p1f1,1965,04,10,0.011633834601443143,11.856896,-2.399692,1965
5579,r4i1p1f1,1965,04,11,3.334260784281654,5.194876,-7.960949,1965
5580,r4i1p1f1,1965,04,12,0.008511710233695471,7.337074,-6.0329394,1965
5581,r4i1p1f1,1965,04,13,0.3235408424752595,7.032301,-6.322225,1965
5582,r4i1p1f1,1965,04,14,0.0,2.0694897,-10.873383,1965
5583,r4i1p1f1,1965,04,15,0.7313765264309156,2.0604699,-11.719394,1965
5584,r4i1p1f1,1965,04,16,0.3039637209571807,3.8382545,-9.473248,1965
5585,r4i1p1f1,1965,04,17,0.29891914823956417,6.7257915,-7.689103,1965
5586,r4i1p1f1,1965,04,18,0.9935884793821764,5.007066,-7.106965,1965
5587,r4i1p1f1,1965,04,19,18.6702506602884,-2.1490586,-12.038245,1965
5588,r4i1p1f1,1965,04,20,0.0,3.0720103,-14.302538,1965
5589,r4i1p1f1,1965,04,21,0.3020296002541645,4.167466,-6.7315335,1965
5590,r4i1p1f1,1965,04,22,0.0,10.2862625,-6.5517416,1965
5591,r4i1p1f1,1965,04,23,0.0,13.976575,-2.5412207,1965
5592,r4i1p1f1,1965,04,24,0.0,16.781776,0.73848206,1965
5593,r4i1p1f1,1965,04,25,0.0,18.439602,2.3947406,1965
5594,r4i1p1f1,1965,04,26,0.0,19.780357,3.63261,1965
5595,r4i1p1f1,1965,04,27,0.0,20.681835,5.2718067,1965
5596,r4i1p1f1,1965,04,28,0.0,20.56549,6.910768,1965
5597,r4i1p1f1,1965,04,29,0.0,16.091936,2.393957,1965
5598,r4i1p1f1,1965,04,30,0.0,11.69105,-1.0038532,1965
5599,r4i1p1f1,1965,05,01,0.0,8.489694,-4.8106995,1965
5600,r4i1p1f1,1965,05,02,0.0,10.346904,-4.2200947,1965
5601,r4i1p1f1,1965,05,03,0.19544570329248742,9.987756,-2.3536763,1965
5602,r4i1p1f1,1965,05,04,0.8942187455353657,8.712275,-3.619831,1965
5603,r4i1p1f1,1965,05,05,0.5123652819825996,7.9550853,-3.3176925,1965
5604,r4i1p1f1,1965,05,06,0.0,7.91914,-5.2559566,1965
5605,r4i1p1f1,1965,05,07,0.0,11.937135,-4.432606,1965
5606,r4i1p1f1,1965,05,08,0.0,14.004111,-0.9456103,1965
5607,r4i1p1f1,1965,05,09,0.0,17.42169,1.2282974,1965
5608,r4i1p1f1,1965,05,10,0.0,19.823317,3.5699208,1965
5609,r4i1p1f1,1965,05,11,0.0,20.124805,4.855012,1965
5610,r4i1p1f1,1965,05,12,0.0,19.739204,6.1023903,1965
5611,r4i1p1f1,1965,05,13,0.0,17.178545,3.4174154,1965
5612,r4i1p1f1,1965,05,14,0.0,17.146404,2.3995304,1965
5613,r4i1p1f1,1965,05,15,4.653280651870045,16.305048,1.8767799,1965
5614,r4i1p1f1,1965,05,16,7.363095550727556,15.33063,0.40973985,1965
5615,r4i1p1f1,1965,05,17,6.9329846354792695,12.278695,0.6606396,1965
5616,r4i1p1f1,1965,05,18,0.33394505758162385,11.833124,1.689541,1965
5617,r4i1p1f1,1965,05,19,0.0,11.483073,-0.51278245,1965
5618,r4i1p1f1,1965,05,20,0.0,12.443176,-1.9772775,1965
5619,r4i1p1f1,1965,05,21,0.0,12.372487,-1.2228127,1965
5620,r4i1p1f1,1965,05,22,0.0,13.0645,-1.4886378,1965
5621,r4i1p1f1,1965,05,23,0.0,17.730497,1.0803983,1965
5622,r4i1p1f1,1965,05,24,0.0,19.121433,4.0329914,1965
5623,r4i1p1f1,1965,05,25,0.0,18.810698,4.2690563,1965
5624,r4i1p1f1,1965,05,26,0.0,14.419268,1.5248448,1965
5625,r4i1p1f1,1965,05,27,0.6066542616087945,10.227426,-0.95214087,1965
5626,r4i1p1f1,1965,05,28,0.0,13.365365,-1.7085867,1965
5627,r4i1p1f1,1965,05,29,0.0,15.918786,1.5107756,1965
5628,r4i1p1f1,1965,05,30,0.0,18.240013,4.693972,1965
5629,r4i1p1f1,1965,05,31,0.0,20.161657,5.386794,1965
5630,r4i1p1f1,1965,06,01,0.0,20.3501,5.184848,1965
5631,r4i1p1f1,1965,06,02,0.0,19.559258,6.4799128,1965
5632,r4i1p1f1,1965,06,03,0.0,19.864653,4.293835,1965
5633,r4i1p1f1,1965,06,04,0.0,19.174221,7.1184115,1965
5634,r4i1p1f1,1965,06,05,0.0,18.680977,4.4419513,1965
5635,r4i1p1f1,1965,06,06,0.0,17.025053,3.6615686,1965
5636,r4i1p1f1,1965,06,07,0.0,17.969995,3.449812,1965
5637,r4i1p1f1,1965,06,08,0.0,21.023424,4.3733234,1965
5638,r4i1p1f1,1965,06,09,0.6185754746554485,20.63197,5.8225536,1965
5639,r4i1p1f1,1965,06,10,6.40502725491799,17.230125,5.9533057,1965
5640,r4i1p1f1,1965,06,11,1.326314679775503,12.329397,0.41897163,1965
5641,r4i1p1f1,1965,06,12,0.9719062647425382,15.41541,1.626119,1965
5642,r4i1p1f1,1965,06,13,0.01000679163652055,17.976925,3.7271252,1965
5643,r4i1p1f1,1965,06,14,0.0,20.05543,4.5440226,1965
5644,r4i1p1f1,1965,06,15,0.0,22.662157,7.128513,1965
5645,r4i1p1f1,1965,06,16,0.0,24.432325,8.810226,1965
5646,r4i1p1f1,1965,06,17,0.0,24.938318,9.346511,1965
5647,r4i1p1f1,1965,06,18,0.0,25.570524,10.131194,1965
5648,r4i1p1f1,1965,06,19,0.0,26.280975,8.988612,1965
5649,r4i1p1f1,1965,06,20,0.0,25.826212,9.776774,1965
5650,r4i1p1f1,1965,06,21,0.0,25.472046,9.016739,1965
5651,r4i1p1f1,1965,06,22,0.0,24.415726,9.975793,1965
5652,r4i1p1f1,1965,06,23,0.0,23.148373,7.088753,1965
5653,r4i1p1f1,1965,06,24,0.0,26.349115,9.102561,1965
5654,r4i1p1f1,1965,06,25,0.0,27.012882,11.272479,1965
5655,r4i1p1f1,1965,06,26,0.0,26.473274,10.879816,1965
5656,r4i1p1f1,1965,06,27,0.0,26.531292,10.4829445,1965
5657,r4i1p1f1,1965,06,28,0.0,26.799088,8.678043,1965
5658,r4i1p1f1,1965,06,29,0.0,27.534399,9.769349,1965
5659,r4i1p1f1,1965,06,30,0.0,27.156096,10.270884,1965
5660,r4i1p1f1,1965,07,01,0.0,27.07927,10.102133,1965
5661,r4i1p1f1,1965,07,02,0.0,25.0434,10.050652,1965
5662,r4i1p1f1,1965,07,03,0.0,22.870321,8.655372,1965
5663,r4i1p1f1,1965,07,04,0.0,22.612503,7.6038084,1965
5664,r4i1p1f1,1965,07,05,0.0,24.252495,7.470902,1965
5665,r4i1p1f1,1965,07,06,0.0,26.609081,9.863131,1965
5666,r4i1p1f1,1965,07,07,0.0,26.76764,10.348354,1965
5667,r4i1p1f1,1965,07,08,0.0,25.343239,11.25016,1965
5668,r4i1p1f1,1965,07,09,0.0,23.492813,6.6199207,1965
5669,r4i1p1f1,1965,07,10,0.0,23.518969,7.324783,1965
5670,r4i1p1f1,1965,07,11,0.0,24.08546,8.577201,1965
5671,r4i1p1f1,1965,07,12,0.0,24.61662,9.099022,1965
5672,r4i1p1f1,1965,07,13,0.0,23.939371,9.3968315,1965
5673,r4i1p1f1,1965,07,14,0.0,23.185343,8.532085,1965
5674,r4i1p1f1,1965,07,15,0.0,23.499956,8.059752,1965
5675,r4i1p1f1,1965,07,16,0.0,23.261108,7.9547734,1965
5676,r4i1p1f1,1965,07,17,0.0,24.14897,8.0638275,1965
5677,r4i1p1f1,1965,07,18,0.0,24.454008,8.932517,1965
5678,r4i1p1f1,1965,07,19,0.0,25.902433,9.357754,1965
5679,r4i1p1f1,1965,07,20,0.0,26.469542,10.867208,1965
5680,r4i1p1f1,1965,07,21,0.0,27.962622,11.353322,1965
5681,r4i1p1f1,1965,07,22,0.0,28.760223,13.050974,1965
5682,r4i1p1f1,1965,07,23,0.0,29.067383,12.483887,1965
5683,r4i1p1f1,1965,07,24,0.0,28.477083,12.187942,1965
5684,r4i1p1f1,1965,07,25,0.0,26.626295,11.2350025,1965
5685,r4i1p1f1,1965,07,26,0.0,23.19544,9.0749855,1965
5686,r4i1p1f1,1965,07,27,0.0,22.336456,7.9183216,1965
5687,r4i1p1f1,1965,07,28,0.0,25.162725,8.536303,1965
5688,r4i1p1f1,1965,07,29,0.0,25.889933,10.147141,1965
5689,r4i1p1f1,1965,07,30,0.0,25.54794,9.920263,1965
5690,r4i1p1f1,1965,07,31,0.0,25.125126,9.193015,1965
5691,r4i1p1f1,1965,08,01,0.0,25.192503,10.160422,1965
5692,r4i1p1f1,1965,08,02,1.4425628354688116,25.239582,11.033344,1965
5693,r4i1p1f1,1965,08,03,1.8807351293209682,25.647842,10.45048,1965
5694,r4i1p1f1,1965,08,04,0.6125183905391481,25.666565,9.645964,1965
5695,r4i1p1f1,1965,08,05,0.0,25.699661,9.758873,1965
5696,r4i1p1f1,1965,08,06,0.0022517080174214352,26.374973,10.064262,1965
5697,r4i1p1f1,1965,08,07,0.0,25.68316,11.598228,1965
5698,r4i1p1f1,1965,08,08,0.0,24.50109,9.965318,1965
5699,r4i1p1f1,1965,08,09,0.0,23.943079,7.7790484,1965
5700,r4i1p1f1,1965,08,10,0.0,24.305193,8.093989,1965
5701,r4i1p1f1,1965,08,11,0.0,25.593956,8.96146,1965
5702,r4i1p1f1,1965,08,12,0.0,25.174814,9.591073,1965
5703,r4i1p1f1,1965,08,13,0.0,23.756151,9.076204,1965
5704,r4i1p1f1,1965,08,14,0.0,24.388504,8.401013,1965
5705,r4i1p1f1,1965,08,15,0.0,24.76878,9.269171,1965
5706,r4i1p1f1,1965,08,16,0.0,26.069828,10.089024,1965
5707,r4i1p1f1,1965,08,17,0.0,27.454794,11.130854,1965
5708,r4i1p1f1,1965,08,18,0.0,27.387415,12.076527,1965
5709,r4i1p1f1,1965,08,19,0.0,26.579365,11.508692,1965
5710,r4i1p1f1,1965,08,20,0.0,24.29438,9.629599,1965
5711,r4i1p1f1,1965,08,21,0.0,18.248938,5.0061555,1965
5712,r4i1p1f1,1965,08,22,0.0,17.75265,3.713449,1965
5713,r4i1p1f1,1965,08,23,0.0,20.512098,4.4341846,1965
5714,r4i1p1f1,1965,08,24,0.0,21.876883,5.6224604,1965
5715,r4i1p1f1,1965,08,25,0.0,21.29875,5.7871294,1965
5716,r4i1p1f1,1965,08,26,0.0,20.41729,5.5820403,1965
5717,r4i1p1f1,1965,08,27,0.09724306542114503,19.677633,4.511489,1965
5718,r4i1p1f1,1965,08,28,0.0,22.097046,5.7384706,1965
5719,r4i1p1f1,1965,08,29,0.0,22.062717,6.064922,1965
5720,r4i1p1f1,1965,08,30,0.0,20.015846,5.4307084,1965
5721,r4i1p1f1,1965,08,31,0.0,16.81004,2.7048395,1965
5722,r4i1p1f1,1965,09,01,0.0,20.68412,4.8664937,1965
5723,r4i1p1f1,1965,09,02,0.0,22.991299,7.2239475,1965
5724,r4i1p1f1,1965,09,03,0.0,25.641907,8.976704,1965
5725,r4i1p1f1,1965,09,04,0.0,27.217045,9.976299,1965
5726,r4i1p1f1,1965,09,05,0.0,27.915483,10.883858,1965
5727,r4i1p1f1,1965,09,06,0.005245952534055278,27.512743,11.118634,1965
5728,r4i1p1f1,1965,09,07,0.0,26.950588,11.796091,1965
5729,r4i1p1f1,1965,09,08,0.010197888717384022,25.30019,10.89566,1965
5730,r4i1p1f1,1965,09,09,0.0,21.935661,8.141556,1965
5731,r4i1p1f1,1965,09,10,0.0,23.333683,7.7507524,1965
5732,r4i1p1f1,1965,09,11,0.0,24.648153,8.172076,1965
5733,r4i1p1f1,1965,09,12,4.022341563774729,25.174639,10.416027,1965
5734,r4i1p1f1,1965,09,13,1.6799100861538536,20.011896,8.698951,1965
5735,r4i1p1f1,1965,09,14,1.4923877181616065,15.70361,3.373044,1965
5736,r4i1p1f1,1965,09,15,0.003960093681392897,18.896116,5.262152,1965
5737,r4i1p1f1,1965,09,16,0.0,20.549816,6.117263,1965
5738,r4i1p1f1,1965,09,17,0.0,21.36666,5.991833,1965
5739,r4i1p1f1,1965,09,18,0.0,22.998402,7.2857256,1965
5740,r4i1p1f1,1965,09,19,0.0,23.996204,8.537471,1965
5741,r4i1p1f1,1965,09,20,0.0,24.664341,8.93487,1965
5742,r4i1p1f1,1965,09,21,0.0,24.782059,9.240244,1965
5743,r4i1p1f1,1965,09,22,0.0,24.585783,8.21283,1965
5744,r4i1p1f1,1965,09,23,0.0,24.673033,9.491856,1965
5745,r4i1p1f1,1965,09,24,0.0,26.264774,10.938976,1965
5746,r4i1p1f1,1965,09,25,0.0,26.583107,9.988512,1965
5747,r4i1p1f1,1965,09,26,0.0,26.26796,10.216855,1965
5748,r4i1p1f1,1965,09,27,0.0,24.406576,10.291393,1965
5749,r4i1p1f1,1965,09,28,0.0,18.276726,2.909762,1965
5750,r4i1p1f1,1965,09,29,0.0,8.188827,-3.6835098,1965
5751,r4i1p1f1,1965,09,30,1.3294974538225421,3.0502303,-9.130854,1965
5752,r4i1p1f1,1965,10,01,1.672111360632731,5.700965,-7.2156534,1965
5753,r4i1p1f1,1965,10,02,0.0,10.83738,-6.121195,1965
5754,r4i1p1f1,1965,10,03,0.0,14.716348,-1.87683,1965
5755,r4i1p1f1,1965,10,04,0.0,17.176807,0.91793126,1965
5756,r4i1p1f1,1965,10,05,0.0,18.753471,3.089418,1965
5757,r4i1p1f1,1965,10,06,0.0,17.70634,2.5134115,1965
5758,r4i1p1f1,1965,10,07,0.0,14.847611,1.421086,1965
5759,r4i1p1f1,1965,10,08,0.010939513097940712,14.534254,1.3458337,1965
5760,r4i1p1f1,1965,10,09,4.4282370413565415,9.6500435,-3.551439,1965
5761,r4i1p1f1,1965,10,10,14.159038674137165,-3.1947324,-10.939898,1965
5762,r4i1p1f1,1965,10,11,0.0,5.5378184,-12.655744,1965
5763,r4i1p1f1,1965,10,12,0.0,10.310995,-6.724273,1965
5764,r4i1p1f1,1965,10,13,0.0,13.204229,-2.8883,1965
5765,r4i1p1f1,1965,10,14,0.0,15.662244,-0.46990448,1965
5766,r4i1p1f1,1965,10,15,0.0,16.974623,1.229063,1965
5767,r4i1p1f1,1965,10,16,0.0,17.634134,3.1153846,1965
5768,r4i1p1f1,1965,10,17,0.0,19.20763,4.048647,1965
5769,r4i1p1f1,1965,10,18,0.0,19.459206,3.5774002,1965
5770,r4i1p1f1,1965,10,19,0.0,19.5769,4.735798,1965
5771,r4i1p1f1,1965,10,20,0.0,18.027838,5.995909,1965
5772,r4i1p1f1,1965,10,21,0.04558181395433944,15.516913,3.1171803,1965
5773,r4i1p1f1,1965,10,22,0.0,14.068224,1.4429829,1965
5774,r4i1p1f1,1965,10,23,0.0,12.155279,-0.49169272,1965
5775,r4i1p1f1,1965,10,24,0.0,13.205536,-1.7655399,1965
5776,r4i1p1f1,1965,10,25,0.0,15.957909,0.014165818,1965
5777,r4i1p1f1,1965,10,26,0.0,18.110077,2.4550538,1965
5778,r4i1p1f1,1965,10,27,0.0,16.545277,3.9655883,1965
5779,r4i1p1f1,1965,10,28,0.0,16.40962,4.3461857,1965
5780,r4i1p1f1,1965,10,29,16.612771111967177,20.106976,6.6529393,1965
5781,r4i1p1f1,1965,10,30,16.060707208171603,8.035239,1.5115619,1965
5782,r4i1p1f1,1965,10,31,6.635930364177408,3.4479427,-6.3417754,1965
5783,r4i1p1f1,1965,11,01,0.20994249116895378,6.986212,-3.5991468,1965
5784,r4i1p1f1,1965,11,02,0.0,10.162506,-3.5508583,1965
5785,r4i1p1f1,1965,11,03,0.0,10.972733,-2.2530935,1965
5786,r4i1p1f1,1965,11,04,0.0,11.930478,-1.3475614,1965
5787,r4i1p1f1,1965,11,05,0.0,12.076576,-1.4437366,1965
5788,r4i1p1f1,1965,11,06,0.0,12.928441,-0.46059284,1965
5789,r4i1p1f1,1965,11,07,0.0,13.671085,0.68905246,1965
5790,r4i1p1f1,1965,11,08,0.0,11.648109,-1.1107047,1965
5791,r4i1p1f1,1965,11,09,0.0,11.154206,-2.4280872,1965
5792,r4i1p1f1,1965,11,10,0.0,11.4778385,-1.6061034,1965
5793,r4i1p1f1,1965,11,11,0.0,9.731362,-2.5476594,1965
5794,r4i1p1f1,1965,11,12,0.0,6.8252106,-6.191441,1965
5795,r4i1p1f1,1965,11,13,0.0,5.7235036,-6.0398264,1965
5796,r4i1p1f1,1965,11,14,2.384505201589326,4.6940684,-4.443678,1965
5797,r4i1p1f1,1965,11,15,1.425052591669584,6.728131,-4.23608,1965
5798,r4i1p1f1,1965,11,16,0.0,7.22535,-6.081366,1965
5799,r4i1p1f1,1965,11,17,0.0,6.5428843,-5.8101797,1965
5800,r4i1p1f1,1965,11,18,0.0,2.8838546,-9.357413,1965
5801,r4i1p1f1,1965,11,19,0.0,2.3034012,-9.174407,1965
5802,r4i1p1f1,1965,11,20,0.2767021104794025,1.2695909,-9.207643,1965
5803,r4i1p1f1,1965,11,21,14.90656149945521,-1.1816113,-9.967131,1965
5804,r4i1p1f1,1965,11,22,2.4824986003419096,-5.064166,-13.022125,1965
5805,r4i1p1f1,1965,11,23,0.0,-1.9248979,-17.348017,1965
5806,r4i1p1f1,1965,11,24,0.0,1.1244609,-13.152238,1965
5807,r4i1p1f1,1965,11,25,14.408397543474788,1.5737271,-9.418344,1965
5808,r4i1p1f1,1965,11,26,68.99332863666388,8.853921,-2.7896953,1965
5809,r4i1p1f1,1965,11,27,29.59372870870592,5.6506653,-2.4573298,1965
5810,r4i1p1f1,1965,11,28,89.88533497901794,3.258496,-1.471408,1965
5811,r4i1p1f1,1965,11,29,82.189989115672,3.644432,-3.212942,1965
5812,r4i1p1f1,1965,11,30,36.768119862699265,1.7735841,-6.130956,1965
5813,r4i1p1f1,1965,12,01,0.0,-0.63383126,-11.732382,1965
5814,r4i1p1f1,1965,12,02,32.58319186361199,-2.914043,-9.154612,1965
5815,r4i1p1f1,1965,12,03,0.0,-1.9697669,-15.918158,1965
5816,r4i1p1f1,1965,12,04,0.0,0.40185905,-13.560466,1965
5817,r4i1p1f1,1965,12,05,0.0,6.171618,-6.5129967,1965
5818,r4i1p1f1,1965,12,06,0.0,7.062661,-5.237294,1965
5819,r4i1p1f1,1965,12,07,0.0,10.209166,-2.0809977,1965
5820,r4i1p1f1,1965,12,08,0.0,8.020436,-3.7662196,1965
5821,r4i1p1f1,1965,12,09,0.0,9.914744,-3.5637803,1965
5822,r4i1p1f1,1965,12,10,0.0,8.42025,-2.4100974,1965
5823,r4i1p1f1,1965,12,11,0.0,6.4085765,-7.2661963,1965
5824,r4i1p1f1,1965,12,12,0.0,4.5306296,-6.8036413,1965
5825,r4i1p1f1,1965,12,13,0.0,4.032746,-8.296999,1965
5826,r4i1p1f1,1965,12,14,0.0,4.615875,-7.266276,1965
5827,r4i1p1f1,1965,12,15,0.0,8.466536,-5.6854215,1965
5828,r4i1p1f1,1965,12,16,0.0,10.9923525,-2.6888468,1965
5829,r4i1p1f1,1965,12,17,0.0,11.348201,-2.6529791,1965
5830,r4i1p1f1,1965,12,18,0.0,11.967073,-2.1053667,1965
5831,r4i1p1f1,1965,12,19,0.0,13.417987,0.09049332,1965
5832,r4i1p1f1,1965,12,20,0.0,10.647908,0.17411259,1965
5833,r4i1p1f1,1965,12,21,0.0,9.028215,-3.0041654,1965
5834,r4i1p1f1,1965,12,22,0.0,8.370278,-2.259858,1965
5835,r4i1p1f1,1965,12,23,0.0,9.101619,-3.0402133,1965
5836,r4i1p1f1,1965,12,24,0.0,5.988448,-3.3660815,1965
5837,r4i1p1f1,1965,12,25,0.0,7.242676,-4.3669143,1965
5838,r4i1p1f1,1965,12,26,0.0,10.065321,-3.8242016,1965
5839,r4i1p1f1,1965,12,27,0.0,7.80961,-2.5109723,1965
5840,r4i1p1f1,1965,12,28,0.5790548045610096,1.2118737,-6.7664165,1965
5841,r4i1p1f1,1965,12,29,0.0,5.3672442,-6.640411,1965
5842,r4i1p1f1,1965,12,30,0.0,5.1832657,-5.8149037,1965
5843,r4i1p1f1,1965,12,31,0.8350141318700628,2.9563148,-4.6538815,1965
5844,r4i1p1f1,1966,01,01,10.37916309368529,5.6390758,-5.0863495,1966
5845,r4i1p1f1,1966,01,02,28.059551963789126,3.7446687,-3.2270772,1966
5846,r4i1p1f1,1966,01,03,0.0,3.9271274,-6.905213,1966
5847,r4i1p1f1,1966,01,04,0.0,6.2381544,-5.597246,1966
5848,r4i1p1f1,1966,01,05,0.051100576324828235,5.346171,-6.1548824,1966
5849,r4i1p1f1,1966,01,06,34.15576607922336,2.012143,-4.382803,1966
5850,r4i1p1f1,1966,01,07,1.297845678516965,4.6680026,-6.598695,1966
5851,r4i1p1f1,1966,01,08,1.2282546890385908,5.1385946,-4.6315546,1966
5852,r4i1p1f1,1966,01,09,0.0,10.2395315,-2.5185056,1966
5853,r4i1p1f1,1966,01,10,0.0,11.311772,-1.1169059,1966
5854,r4i1p1f1,1966,01,11,0.0,9.032372,0.9729906,1966
5855,r4i1p1f1,1966,01,12,0.27104265786751286,6.3987365,-2.9013112,1966
5856,r4i1p1f1,1966,01,13,0.0,5.5416493,-5.2084074,1966
5857,r4i1p1f1,1966,01,14,23.98694159496761,1.634565,-4.935483,1966
5858,r4i1p1f1,1966,01,15,27.478351702911535,-0.006998744,-6.211922,1966
5859,r4i1p1f1,1966,01,16,0.0,0.037076786,-8.896747,1966
5860,r4i1p1f1,1966,01,17,31.685738564717553,-2.822764,-11.412584,1966
5861,r4i1p1f1,1966,01,18,65.63432658601097,-1.7159877,-7.3069253,1966
5862,r4i1p1f1,1966,01,19,0.0,0.008573575,-12.548162,1966
5863,r4i1p1f1,1966,01,20,16.608042262175342,-3.4040694,-10.518118,1966
5864,r4i1p1f1,1966,01,21,62.15172191529758,-3.4408329,-8.558106,1966
5865,r4i1p1f1,1966,01,22,0.0,1.4170492,-8.211706,1966
5866,r4i1p1f1,1966,01,23,0.0,3.005502,-11.381354,1966
5867,r4i1p1f1,1966,01,24,0.0,0.9825688,-10.88999,1966
5868,r4i1p1f1,1966,01,25,0.0,1.602265,-11.272687,1966
5869,r4i1p1f1,1966,01,26,0.0,1.2594258,-12.114034,1966
5870,r4i1p1f1,1966,01,27,0.0,1.5865136,-9.7546835,1966
5871,r4i1p1f1,1966,01,28,4.597524475121641,-1.9643704,-12.846233,1966
5872,r4i1p1f1,1966,01,29,0.25910962328506526,-0.84803975,-10.521968,1966
5873,r4i1p1f1,1966,01,30,0.0,2.3689334,-9.14016,1966
5874,r4i1p1f1,1966,01,31,0.0,6.4492664,-7.3154707,1966
5875,r4i1p1f1,1966,02,01,0.0,7.0237536,-3.904518,1966
5876,r4i1p1f1,1966,02,02,0.0,8.81072,-5.1613936,1966
5877,r4i1p1f1,1966,02,03,0.0,10.481768,-3.116702,1966
5878,r4i1p1f1,1966,02,04,0.0,9.163809,-4.0352645,1966
5879,r4i1p1f1,1966,02,05,0.0,7.3905015,-5.7075253,1966
5880,r4i1p1f1,1966,02,06,0.0,4.9788194,-4.8805137,1966
5881,r4i1p1f1,1966,02,07,16.53136873950421,-0.23801322,-8.903124,1966
5882,r4i1p1f1,1966,02,08,18.432614027903885,-1.0130749,-9.22919,1966
5883,r4i1p1f1,1966,02,09,3.600601942155445,-1.4935994,-10.917224,1966
5884,r4i1p1f1,1966,02,10,42.46721707518335,-2.0448432,-8.422499,1966
5885,r4i1p1f1,1966,02,11,21.953972706458494,-1.5638822,-7.8112755,1966
5886,r4i1p1f1,1966,02,12,35.78986828394521,-2.0310469,-8.259512,1966
5887,r4i1p1f1,1966,02,13,4.34893274810846,-0.70834,-13.071804,1966
5888,r4i1p1f1,1966,02,14,0.0,4.758164,-8.695971,1966
5889,r4i1p1f1,1966,02,15,0.8086194427952205,2.0324006,-7.9476867,1966
5890,r4i1p1f1,1966,02,16,3.1661358802332815,0.17533343,-9.818333,1966
5891,r4i1p1f1,1966,02,17,0.0,3.4541771,-8.827754,1966
5892,r4i1p1f1,1966,02,18,7.2413536689030344,2.270585,-5.767281,1966
5893,r4i1p1f1,1966,02,19,0.0,9.166413,-4.681699,1966
5894,r4i1p1f1,1966,02,20,0.0,9.627059,-4.20572,1966
5895,r4i1p1f1,1966,02,21,3.3654295739695264,6.579319,-3.7610002,1966
5896,r4i1p1f1,1966,02,22,0.0,6.4237256,-5.7449265,1966
5897,r4i1p1f1,1966,02,23,0.0,8.096165,-5.116297,1966
5898,r4i1p1f1,1966,02,24,0.0,7.5441613,-5.797087,1966
5899,r4i1p1f1,1966,02,25,0.0,6.818884,-6.710598,1966
5900,r4i1p1f1,1966,02,26,0.0,7.19066,-5.5751615,1966
5901,r4i1p1f1,1966,02,27,0.0,8.869749,-4.8628736,1966
5902,r4i1p1f1,1966,02,28,0.0,9.210269,-3.7076318,1966
5903,r4i1p1f1,1966,03,01,0.0,10.279186,-4.7209353,1966
5904,r4i1p1f1,1966,03,02,0.0,7.9841776,-2.5511458,1966
5905,r4i1p1f1,1966,03,03,0.0,10.71623,-5.0595045,1966
5906,r4i1p1f1,1966,03,04,0.14832421857876835,9.568683,-2.5470777,1966
5907,r4i1p1f1,1966,03,05,0.0,8.025029,-2.3823729,1966
5908,r4i1p1f1,1966,03,06,3.1123913298006096,4.063804,-7.633962,1966
5909,r4i1p1f1,1966,03,07,14.72530986274049,-1.5602484,-7.937692,1966
5910,r4i1p1f1,1966,03,08,0.0,4.443639,-9.722676,1966
5911,r4i1p1f1,1966,03,09,10.172005772432081,1.1792265,-6.802994,1966
5912,r4i1p1f1,1966,03,10,0.0,2.1747737,-11.073712,1966
5913,r4i1p1f1,1966,03,11,7.73698631134116,-2.1057975,-8.52403,1966
5914,r4i1p1f1,1966,03,12,0.19745871416312574,2.6745749,-10.878072,1966
5915,r4i1p1f1,1966,03,13,0.0,8.817262,-7.8480544,1966
5916,r4i1p1f1,1966,03,14,0.0,9.170751,-5.322172,1966
5917,r4i1p1f1,1966,03,15,0.0,9.030131,-4.5814176,1966
5918,r4i1p1f1,1966,03,16,0.0,8.850562,-5.743115,1966
5919,r4i1p1f1,1966,03,17,0.1659964734874218,7.310094,-1.4907544,1966
5920,r4i1p1f1,1966,03,18,0.6044693898614517,5.3759737,-5.433764,1966
5921,r4i1p1f1,1966,03,19,0.0,8.851293,-5.0385246,1966
5922,r4i1p1f1,1966,03,20,0.0,8.662046,-4.189161,1966
5923,r4i1p1f1,1966,03,21,0.0,9.113646,-4.825544,1966
5924,r4i1p1f1,1966,03,22,0.0,8.977834,-4.6823177,1966
5925,r4i1p1f1,1966,03,23,0.0,7.735105,-3.43284,1966
5926,r4i1p1f1,1966,03,24,2.9597287673740995,8.4918995,-6.610367,1966
5927,r4i1p1f1,1966,03,25,33.87712576095757,5.8283873,-0.9684479,1966
5928,r4i1p1f1,1966,03,26,3.6500006493845243,4.4716654,-8.204635,1966
5929,r4i1p1f1,1966,03,27,0.0,11.141869,-5.4121222,1966
5930,r4i1p1f1,1966,03,28,0.0,10.778821,-3.140667,1966
5931,r4i1p1f1,1966,03,29,0.0,11.109196,-3.1930053,1966
5932,r4i1p1f1,1966,03,30,0.0,11.43108,-1.6399434,1966
5933,r4i1p1f1,1966,03,31,0.0,11.393501,-1.3072534,1966
5934,r4i1p1f1,1966,04,01,0.0,12.517216,-1.0136211,1966
5935,r4i1p1f1,1966,04,02,0.0,12.925148,-1.5483379,1966
5936,r4i1p1f1,1966,04,03,0.0,13.580428,-1.489897,1966
5937,r4i1p1f1,1966,04,04,0.0,13.567175,1.9086155,1966
5938,r4i1p1f1,1966,04,05,0.0,15.435814,0.9113565,1966
5939,r4i1p1f1,1966,04,06,0.0,14.701948,0.0811702,1966
5940,r4i1p1f1,1966,04,07,0.0,12.010764,0.45806712,1966
5941,r4i1p1f1,1966,04,08,0.0,13.392131,-1.6176102,1966
5942,r4i1p1f1,1966,04,09,0.004495965036125306,12.087547,1.8725393,1966
5943,r4i1p1f1,1966,04,10,14.185167252971992,3.0267997,-7.982658,1966
5944,r4i1p1f1,1966,04,11,13.607352111900513,-1.1246378,-7.5893025,1966
5945,r4i1p1f1,1966,04,12,0.2325922272501477,3.7323203,-8.262118,1966
5946,r4i1p1f1,1966,04,13,0.0,7.5317235,-6.3447475,1966
5947,r4i1p1f1,1966,04,14,0.004138097979420189,6.964901,-6.2939115,1966
5948,r4i1p1f1,1966,04,15,0.20862694841422924,6.5936837,-4.714718,1966
5949,r4i1p1f1,1966,04,16,0.011469599552772838,2.134436,-8.550849,1966
5950,r4i1p1f1,1966,04,17,0.0,7.486845,-7.3465114,1966
5951,r4i1p1f1,1966,04,18,0.0,10.07287,-4.4998946,1966
5952,r4i1p1f1,1966,04,19,0.0,10.809681,-2.8738368,1966
5953,r4i1p1f1,1966,04,20,0.0,12.202781,-0.48322377,1966
5954,r4i1p1f1,1966,04,21,1.1269703559202868,10.492188,-3.2720268,1966
5955,r4i1p1f1,1966,04,22,10.706278711089357,5.7310762,-0.15182807,1966
5956,r4i1p1f1,1966,04,23,0.0,11.714525,-3.9671698,1966
5957,r4i1p1f1,1966,04,24,0.0,14.133643,-0.16501987,1966
5958,r4i1p1f1,1966,04,25,7.153431862168387,10.219231,-3.4018097,1966
5959,r4i1p1f1,1966,04,26,0.0,10.264664,-3.0792425,1966
5960,r4i1p1f1,1966,04,27,0.0,13.8178425,-1.4427271,1966
5961,r4i1p1f1,1966,04,28,0.0,13.08245,-0.89742875,1966
5962,r4i1p1f1,1966,04,29,0.05649733626934525,10.38993,-1.7358785,1966
5963,r4i1p1f1,1966,04,30,0.0,7.928438,-5.44581,1966
5964,r4i1p1f1,1966,05,01,0.0,13.313483,-2.2457871,1966
5965,r4i1p1f1,1966,05,02,0.0,16.123348,1.1962882,1966
5966,r4i1p1f1,1966,05,03,0.0,18.418968,2.6087692,1966
5967,r4i1p1f1,1966,05,04,0.0,18.067373,3.736634,1966
5968,r4i1p1f1,1966,05,05,0.0,16.13928,4.4396987,1966
5969,r4i1p1f1,1966,05,06,0.0,14.641969,0.42549443,1966
5970,r4i1p1f1,1966,05,07,0.0,18.185593,2.1235092,1966
5971,r4i1p1f1,1966,05,08,0.0,19.1458,3.3450823,1966
5972,r4i1p1f1,1966,05,09,0.0,19.992788,6.419538,1966
5973,r4i1p1f1,1966,05,10,0.0,18.59524,5.7971554,1966
5974,r4i1p1f1,1966,05,11,0.0,13.671987,-0.63434845,1966
5975,r4i1p1f1,1966,05,12,0.0,14.026597,-1.1526623,1966
5976,r4i1p1f1,1966,05,13,0.0,13.7510805,0.10589171,1966
5977,r4i1p1f1,1966,05,14,0.0,14.200433,-0.6311817,1966
5978,r4i1p1f1,1966,05,15,0.0,15.591251,0.3786713,1966
5979,r4i1p1f1,1966,05,16,0.0,18.04403,4.096422,1966
5980,r4i1p1f1,1966,05,17,0.0,21.38875,5.6672945,1966
5981,r4i1p1f1,1966,05,18,0.0,22.343555,7.3750563,1966
5982,r4i1p1f1,1966,05,19,0.0,23.80098,7.4899178,1966
5983,r4i1p1f1,1966,05,20,0.0,23.92873,8.450456,1966
5984,r4i1p1f1,1966,05,21,0.0,22.942757,7.570174,1966
5985,r4i1p1f1,1966,05,22,0.0,22.9017,6.304795,1966
5986,r4i1p1f1,1966,05,23,0.0,23.128996,7.4309196,1966
5987,r4i1p1f1,1966,05,24,2.3138427315322643,21.065207,6.426432,1966
5988,r4i1p1f1,1966,05,25,3.331718892049678,14.762621,2.103284,1966
5989,r4i1p1f1,1966,05,26,0.0,18.957636,3.4245203,1966
5990,r4i1p1f1,1966,05,27,0.0,19.28472,5.153292,1966
5991,r4i1p1f1,1966,05,28,0.0,18.633074,5.143809,1966
5992,r4i1p1f1,1966,05,29,0.0,15.930196,2.409152,1966
5993,r4i1p1f1,1966,05,30,0.0,17.590094,2.5072265,1966
5994,r4i1p1f1,1966,05,31,0.0,19.464594,5.065298,1966
5995,r4i1p1f1,1966,06,01,0.0,21.97187,6.055071,1966
5996,r4i1p1f1,1966,06,02,0.0,24.16225,7.79397,1966
5997,r4i1p1f1,1966,06,03,0.0,23.317492,9.260315,1966
5998,r4i1p1f1,1966,06,04,0.0,21.336058,4.513109,1966
5999,r4i1p1f1,1966,06,05,0.0,19.2994,4.6611953,1966
6000,r4i1p1f1,1966,06,06,0.0,16.709816,5.7356644,1966
6001,r4i1p1f1,1966,06,07,0.0,14.971331,2.2665262,1966
6002,r4i1p1f1,1966,06,08,0.0,18.4346,1.3546358,1966
6003,r4i1p1f1,1966,06,09,0.0,20.911327,3.979008,1966
6004,r4i1p1f1,1966,06,10,0.0,22.519855,5.9109626,1966
6005,r4i1p1f1,1966,06,11,0.0,23.901516,8.354046,1966
6006,r4i1p1f1,1966,06,12,0.0,23.497326,9.295492,1966
6007,r4i1p1f1,1966,06,13,0.0,25.352032,9.073933,1966
6008,r4i1p1f1,1966,06,14,0.0,25.453056,10.734629,1966
6009,r4i1p1f1,1966,06,15,0.0,26.25337,9.840787,1966
6010,r4i1p1f1,1966,06,16,0.0,25.05004,11.403716,1966
6011,r4i1p1f1,1966,06,17,0.0,22.020344,7.0181713,1966
6012,r4i1p1f1,1966,06,18,0.0,23.217844,7.400573,1966
6013,r4i1p1f1,1966,06,19,0.0,25.554842,7.998168,1966
6014,r4i1p1f1,1966,06,20,0.0,25.625086,10.849077,1966
6015,r4i1p1f1,1966,06,21,0.0,24.802473,10.0849,1966
6016,r4i1p1f1,1966,06,22,0.0,18.873377,4.5781245,1966
6017,r4i1p1f1,1966,06,23,0.001902739251110433,12.66004,0.45675957,1966
6018,r4i1p1f1,1966,06,24,0.15267111012768486,13.709516,-0.13757311,1966
6019,r4i1p1f1,1966,06,25,0.6063797394942589,14.650529,0.3786468,1966
6020,r4i1p1f1,1966,06,26,0.0,17.32502,3.7115834,1966
6021,r4i1p1f1,1966,06,27,0.0,17.191597,2.7306798,1966
6022,r4i1p1f1,1966,06,28,0.5727049227448642,16.336058,4.0252395,1966
6023,r4i1p1f1,1966,06,29,7.232789620572405,13.865066,1.3142921,1966
6024,r4i1p1f1,1966,06,30,2.887997122624713,16.799034,2.357661,1966
6025,r4i1p1f1,1966,07,01,0.09571902777333807,20.035816,4.793439,1966
6026,r4i1p1f1,1966,07,02,0.0,24.013811,7.027442,1966
6027,r4i1p1f1,1966,07,03,0.0,25.32659,9.563699,1966
6028,r4i1p1f1,1966,07,04,0.06236251803405785,26.711533,9.815884,1966
6029,r4i1p1f1,1966,07,05,0.00781555888158737,27.243666,11.412496,1966
6030,r4i1p1f1,1966,07,06,0.0,27.800991,11.78058,1966
6031,r4i1p1f1,1966,07,07,0.0,27.163507,11.010478,1966
6032,r4i1p1f1,1966,07,08,0.0,24.162073,7.866716,1966
6033,r4i1p1f1,1966,07,09,0.0,24.268387,8.61859,1966
6034,r4i1p1f1,1966,07,10,0.0,26.575764,9.017639,1966
6035,r4i1p1f1,1966,07,11,0.0,27.164574,11.256723,1966
6036,r4i1p1f1,1966,07,12,0.0,26.304356,10.880922,1966
6037,r4i1p1f1,1966,07,13,0.0,24.918152,11.416545,1966
6038,r4i1p1f1,1966,07,14,0.0,23.885468,8.564218,1966
6039,r4i1p1f1,1966,07,15,0.0,22.90996,7.798511,1966
6040,r4i1p1f1,1966,07,16,0.0,26.536486,8.99786,1966
6041,r4i1p1f1,1966,07,17,0.0,28.447758,11.237072,1966
6042,r4i1p1f1,1966,07,18,0.0,29.856014,12.496423,1966
6043,r4i1p1f1,1966,07,19,0.0,29.270374,13.580974,1966
6044,r4i1p1f1,1966,07,20,0.0,27.915443,13.232107,1966
6045,r4i1p1f1,1966,07,21,0.0,25.02694,9.864739,1966
6046,r4i1p1f1,1966,07,22,0.0,22.495117,7.100485,1966
6047,r4i1p1f1,1966,07,23,0.0,22.538485,7.115249,1966
6048,r4i1p1f1,1966,07,24,0.0,23.237709,7.9851913,1966
6049,r4i1p1f1,1966,07,25,0.0,23.459478,7.6500516,1966
6050,r4i1p1f1,1966,07,26,0.0,25.371004,8.235325,1966
6051,r4i1p1f1,1966,07,27,0.0,24.96083,9.807514,1966
6052,r4i1p1f1,1966,07,28,0.0,24.981228,8.414433,1966
6053,r4i1p1f1,1966,07,29,0.0,24.966496,8.148525,1966
6054,r4i1p1f1,1966,07,30,0.0,24.545443,8.633554,1966
6055,r4i1p1f1,1966,07,31,0.0,26.57303,9.129051,1966
6056,r4i1p1f1,1966,08,01,0.0,27.96733,10.886706,1966
6057,r4i1p1f1,1966,08,02,0.0,27.411356,12.269001,1966
6058,r4i1p1f1,1966,08,03,0.0,27.528358,11.74369,1966
6059,r4i1p1f1,1966,08,04,0.0,28.8576,11.102265,1966
6060,r4i1p1f1,1966,08,05,0.0,28.834444,12.147222,1966
6061,r4i1p1f1,1966,08,06,0.0,28.19374,11.371022,1966
6062,r4i1p1f1,1966,08,07,0.0,27.003002,11.223869,1966
6063,r4i1p1f1,1966,08,08,0.0,26.25472,10.923724,1966
6064,r4i1p1f1,1966,08,09,0.0,25.53258,9.681572,1966
6065,r4i1p1f1,1966,08,10,0.0,23.993326,8.910061,1966
6066,r4i1p1f1,1966,08,11,0.0,21.078726,6.154205,1966
6067,r4i1p1f1,1966,08,12,0.0,19.381872,4.221786,1966
6068,r4i1p1f1,1966,08,13,0.0,20.581656,4.5304613,1966
6069,r4i1p1f1,1966,08,14,0.0,22.893661,6.04736,1966
6070,r4i1p1f1,1966,08,15,0.0,23.38651,6.971861,1966
6071,r4i1p1f1,1966,08,16,0.0,22.344599,7.8950915,1966
6072,r4i1p1f1,1966,08,17,0.0,21.743307,7.857351,1966
6073,r4i1p1f1,1966,08,18,0.0,23.56509,7.123316,1966
6074,r4i1p1f1,1966,08,19,0.0,23.958616,9.500597,1966
6075,r4i1p1f1,1966,08,20,0.0,24.335321,8.634643,1966
6076,r4i1p1f1,1966,08,21,0.0,23.041248,6.91901,1966
6077,r4i1p1f1,1966,08,22,0.0,21.015463,6.964975,1966
6078,r4i1p1f1,1966,08,23,0.0,19.548704,4.021279,1966
6079,r4i1p1f1,1966,08,24,0.0,17.542603,1.884048,1966
6080,r4i1p1f1,1966,08,25,0.0,18.156176,1.7366786,1966
6081,r4i1p1f1,1966,08,26,0.0,23.003527,5.302113,1966
6082,r4i1p1f1,1966,08,27,0.0,22.725067,6.633039,1966
6083,r4i1p1f1,1966,08,28,0.0,21.56262,6.0603704,1966
6084,r4i1p1f1,1966,08,29,0.0,18.388178,4.4591475,1966
6085,r4i1p1f1,1966,08,30,0.0,21.60374,4.298248,1966
6086,r4i1p1f1,1966,08,31,0.0,21.347004,4.441819,1966
6087,r4i1p1f1,1966,09,01,0.0,18.860056,4.47043,1966
6088,r4i1p1f1,1966,09,02,0.0,15.946947,1.7120978,1966
6089,r4i1p1f1,1966,09,03,0.0,15.179929,0.83124113,1966
6090,r4i1p1f1,1966,09,04,0.0,19.538872,3.008625,1966
6091,r4i1p1f1,1966,09,05,0.0,22.372252,6.391292,1966
6092,r4i1p1f1,1966,09,06,0.0,21.630173,6.633211,1966
6093,r4i1p1f1,1966,09,07,0.0,20.383537,4.8672986,1966
6094,r4i1p1f1,1966,09,08,0.0,19.894903,3.6063666,1966
6095,r4i1p1f1,1966,09,09,0.0,20.102861,5.017532,1966
6096,r4i1p1f1,1966,09,10,0.0,18.741747,4.013999,1966
6097,r4i1p1f1,1966,09,11,0.0,17.552704,2.592104,1966
6098,r4i1p1f1,1966,09,12,0.0,15.813133,1.8852727,1966
6099,r4i1p1f1,1966,09,13,0.0,13.449047,0.18316257,1966
6100,r4i1p1f1,1966,09,14,0.0,14.406378,-0.35948277,1966
6101,r4i1p1f1,1966,09,15,0.0,18.013586,1.3336594,1966
6102,r4i1p1f1,1966,09,16,0.0,22.664814,5.6148906,1966
6103,r4i1p1f1,1966,09,17,0.0,24.894314,7.979565,1966
6104,r4i1p1f1,1966,09,18,0.0,26.239988,8.78699,1966
6105,r4i1p1f1,1966,09,19,0.0,26.533913,9.4682455,1966
6106,r4i1p1f1,1966,09,20,0.0,26.750223,9.350282,1966
6107,r4i1p1f1,1966,09,21,0.0,26.344446,8.861198,1966
6108,r4i1p1f1,1966,09,22,0.0,25.396084,9.230049,1966
6109,r4i1p1f1,1966,09,23,0.0,24.119648,7.582558,1966
6110,r4i1p1f1,1966,09,24,0.0,23.154856,7.5987606,1966
6111,r4i1p1f1,1966,09,25,0.0,22.370457,7.2171626,1966
6112,r4i1p1f1,1966,09,26,0.0,21.741932,6.4139786,1966
6113,r4i1p1f1,1966,09,27,0.0,21.211874,7.1273766,1966
6114,r4i1p1f1,1966,09,28,0.11495660794387905,20.58211,7.254347,1966
6115,r4i1p1f1,1966,09,29,0.44651684561955435,20.253113,6.7560916,1966
6116,r4i1p1f1,1966,09,30,0.004303072341106731,22.431501,7.0312014,1966
6117,r4i1p1f1,1966,10,01,0.0,24.653715,8.206586,1966
6118,r4i1p1f1,1966,10,02,0.0,24.66903,7.9290547,1966
6119,r4i1p1f1,1966,10,03,0.0,23.85871,11.000263,1966
6120,r4i1p1f1,1966,10,04,0.6903587721127343,23.653133,9.333002,1966
6121,r4i1p1f1,1966,10,05,0.44490831328094493,10.316627,0.76780796,1966
6122,r4i1p1f1,1966,10,06,0.0,13.055704,-2.4494226,1966
6123,r4i1p1f1,1966,10,07,0.0,14.072088,-1.5972298,1966
6124,r4i1p1f1,1966,10,08,0.0,14.598471,-0.9701041,1966
6125,r4i1p1f1,1966,10,09,0.0,15.266453,-0.05703017,1966
6126,r4i1p1f1,1966,10,10,0.0,17.651405,1.9597371,1966
6127,r4i1p1f1,1966,10,11,0.0,19.494642,3.4040549,1966
6128,r4i1p1f1,1966,10,12,0.0,20.852028,4.60995,1966
6129,r4i1p1f1,1966,10,13,0.0,20.466906,5.305763,1966
6130,r4i1p1f1,1966,10,14,0.0,20.860113,5.1578193,1966
6131,r4i1p1f1,1966,10,15,0.09846640632243414,20.17514,5.222012,1966
6132,r4i1p1f1,1966,10,16,0.0,20.838112,4.8080916,1966
6133,r4i1p1f1,1966,10,17,0.0,20.858662,5.822653,1966
6134,r4i1p1f1,1966,10,18,0.0,21.29941,6.660126,1966
6135,r4i1p1f1,1966,10,19,0.0,19.156097,7.72379,1966
6136,r4i1p1f1,1966,10,20,0.0,15.436328,3.9747932,1966
6137,r4i1p1f1,1966,10,21,0.0,15.07882,-0.5774297,1966
6138,r4i1p1f1,1966,10,22,0.0,14.26174,-0.16167343,1966
6139,r4i1p1f1,1966,10,23,0.0,16.571459,-0.27030808,1966
6140,r4i1p1f1,1966,10,24,0.0,14.903034,2.7412064,1966
6141,r4i1p1f1,1966,10,25,0.0,13.904086,0.46659794,1966
6142,r4i1p1f1,1966,10,26,0.0,15.879255,-0.28445682,1966
6143,r4i1p1f1,1966,10,27,0.0,17.871786,1.8293285,1966
6144,r4i1p1f1,1966,10,28,0.0,17.462502,1.8548223,1966
6145,r4i1p1f1,1966,10,29,0.0,16.021933,5.5190997,1966
6146,r4i1p1f1,1966,10,30,0.0,12.780648,-2.8994622,1966
6147,r4i1p1f1,1966,10,31,0.0,11.203905,-0.437196,1966
6148,r4i1p1f1,1966,11,01,0.0,11.586947,-3.0038664,1966
6149,r4i1p1f1,1966,11,02,0.0,12.989516,-0.22618034,1966
6150,r4i1p1f1,1966,11,03,0.6016730827822485,12.174283,-0.3748367,1966
6151,r4i1p1f1,1966,11,04,0.0,13.482517,-2.3540766,1966
6152,r4i1p1f1,1966,11,05,0.0,13.365793,-2.0756388,1966
6153,r4i1p1f1,1966,11,06,0.0,12.690195,-0.2823112,1966
6154,r4i1p1f1,1966,11,07,0.0,14.317441,-0.2020702,1966
6155,r4i1p1f1,1966,11,08,0.0,15.58294,0.888488,1966
6156,r4i1p1f1,1966,11,09,0.0,14.694735,3.7059402,1966
6157,r4i1p1f1,1966,11,10,0.0,11.722355,-2.182679,1966
6158,r4i1p1f1,1966,11,11,0.0,10.45935,-0.029027808,1966
6159,r4i1p1f1,1966,11,12,0.0,13.839054,-1.5337658,1966
6160,r4i1p1f1,1966,11,13,0.0,12.335559,-0.2465522,1966
6161,r4i1p1f1,1966,11,14,0.0,11.402226,-3.3151107,1966
6162,r4i1p1f1,1966,11,15,0.0,9.402247,-3.9943075,1966
6163,r4i1p1f1,1966,11,16,1.6646974122354077,2.0427554,-6.8804493,1966
6164,r4i1p1f1,1966,11,17,0.47726070980672575,3.6934593,-10.916821,1966
6165,r4i1p1f1,1966,11,18,0.0,4.2065263,-6.7094436,1966
6166,r4i1p1f1,1966,11,19,0.0,4.925023,-5.467417,1966
6167,r4i1p1f1,1966,11,20,0.0,6.504301,-6.9174113,1966
6168,r4i1p1f1,1966,11,21,0.0,7.9118853,-6.2934985,1966
6169,r4i1p1f1,1966,11,22,0.0,8.615179,-1.6811085,1966
6170,r4i1p1f1,1966,11,23,0.0,8.536869,-2.6231933,1966
6171,r4i1p1f1,1966,11,24,0.0,8.442863,-5.5033064,1966
6172,r4i1p1f1,1966,11,25,0.0,8.779326,-4.3371577,1966
6173,r4i1p1f1,1966,11,26,3.240588236594827,7.2795024,-0.7404345,1966
6174,r4i1p1f1,1966,11,27,4.996241418199932,9.325003,1.076846,1966
6175,r4i1p1f1,1966,11,28,0.0,9.863037,-4.5710135,1966
6176,r4i1p1f1,1966,11,29,0.0,10.516068,-3.6245174,1966
6177,r4i1p1f1,1966,11,30,9.246287791124793,9.061315,-1.313277,1966
6178,r4i1p1f1,1966,12,01,0.0,3.9054878,-7.2112875,1966
6179,r4i1p1f1,1966,12,02,0.0,5.953236,-8.031968,1966
6180,r4i1p1f1,1966,12,03,28.573113194523522,2.8203022,-5.3536687,1966
6181,r4i1p1f1,1966,12,04,5.259707382586742,1.9692992,-9.485241,1966
6182,r4i1p1f1,1966,12,05,0.0,0.2114842,-14.6547575,1966
6183,r4i1p1f1,1966,12,06,10.761829386375702,-4.7808065,-11.278989,1966
6184,r4i1p1f1,1966,12,07,0.0,-0.033059373,-15.286099,1966
6185,r4i1p1f1,1966,12,08,0.4593079594885992,-1.7972926,-10.126054,1966
6186,r4i1p1f1,1966,12,09,0.0,3.0815027,-16.150103,1966
6187,r4i1p1f1,1966,12,10,1.1849447251701168,-0.82937956,-10.061466,1966
6188,r4i1p1f1,1966,12,11,10.033099341645576,-2.8973074,-10.517666,1966
6189,r4i1p1f1,1966,12,12,6.485193400192459,-3.8254411,-10.461822,1966
6190,r4i1p1f1,1966,12,13,11.725521588298214,-3.8622606,-13.759981,1966
6191,r4i1p1f1,1966,12,14,39.303401380180006,0.5019195,-7.872976,1966
6192,r4i1p1f1,1966,12,15,86.37483380608496,1.5964515,-6.155776,1966
6193,r4i1p1f1,1966,12,16,19.016753437500068,-2.895388,-8.623212,1966
6194,r4i1p1f1,1966,12,17,0.00016883317928502998,-2.8715081,-14.723311,1966
6195,r4i1p1f1,1966,12,18,0.0,-3.6421711,-18.568932,1966
6196,r4i1p1f1,1966,12,19,0.0,-6.132257,-20.88443,1966
6197,r4i1p1f1,1966,12,20,0.0,-9.830817,-24.416502,1966
6198,r4i1p1f1,1966,12,21,0.0,-5.1358933,-20.758003,1966
6199,r4i1p1f1,1966,12,22,0.0,-1.8692853,-16.377602,1966
6200,r4i1p1f1,1966,12,23,0.09664431877004412,0.09808081,-8.570575,1966
6201,r4i1p1f1,1966,12,24,0.0,1.4874005,-11.254239,1966
6202,r4i1p1f1,1966,12,25,0.0,5.127003,-8.022746,1966
6203,r4i1p1f1,1966,12,26,0.0,9.44634,-3.9250617,1966
6204,r4i1p1f1,1966,12,27,0.0,7.524714,0.06385727,1966
6205,r4i1p1f1,1966,12,28,1.985181644136506,4.0140967,-5.363907,1966
6206,r4i1p1f1,1966,12,29,0.04810570938788181,4.194256,-6.9006076,1966
6207,r4i1p1f1,1966,12,30,0.0,6.306086,-5.5131583,1966
6208,r4i1p1f1,1966,12,31,1.6690565916297802,3.7000465,-3.5329084,1966
6209,r4i1p1f1,1967,01,01,0.0,5.828902,-5.228358,1967
6210,r4i1p1f1,1967,01,02,0.0,6.64329,-5.62114,1967
6211,r4i1p1f1,1967,01,03,0.0,8.208675,-5.0112214,1967
6212,r4i1p1f1,1967,01,04,0.0,5.987435,-3.1947563,1967
6213,r4i1p1f1,1967,01,05,0.0,6.232036,-5.670159,1967
6214,r4i1p1f1,1967,01,06,0.0,7.1894135,-6.600474,1967
6215,r4i1p1f1,1967,01,07,0.0,8.960033,-5.087557,1967
6216,r4i1p1f1,1967,01,08,0.0,6.4030733,-3.0934727,1967
6217,r4i1p1f1,1967,01,09,0.00018062228346477912,4.869682,-8.28887,1967
6218,r4i1p1f1,1967,01,10,1.695534404506242,1.001986,-5.144778,1967
6219,r4i1p1f1,1967,01,11,0.3991588483442346,6.714678,-4.715639,1967
6220,r4i1p1f1,1967,01,12,0.0,6.8437977,-6.585401,1967
6221,r4i1p1f1,1967,01,13,0.0,7.3878536,-5.941941,1967
6222,r4i1p1f1,1967,01,14,0.0,6.191929,-4.7605004,1967
6223,r4i1p1f1,1967,01,15,0.006681545606600458,4.28335,-1.8551481,1967
6224,r4i1p1f1,1967,01,16,0.00141635964486571,4.994926,-2.8755045,1967
6225,r4i1p1f1,1967,01,17,0.0,4.8955607,-2.8019447,1967
6226,r4i1p1f1,1967,01,18,0.0,5.3387055,-8.16433,1967
6227,r4i1p1f1,1967,01,19,0.0,4.634854,-3.4157875,1967
6228,r4i1p1f1,1967,01,20,65.01840143295941,0.81915677,-5.9599648,1967
6229,r4i1p1f1,1967,01,21,2.4726373354546283,3.0474737,-7.0798097,1967
6230,r4i1p1f1,1967,01,22,49.08793616765474,2.0383003,-6.3278847,1967
6231,r4i1p1f1,1967,01,23,52.68172916315698,1.9802711,-3.4873035,1967
6232,r4i1p1f1,1967,01,24,24.58043358925039,0.59902924,-7.4465084,1967
6233,r4i1p1f1,1967,01,25,47.31740579009056,-1.87654,-7.9744062,1967
6234,r4i1p1f1,1967,01,26,11.102786823327293,-2.3470497,-13.711058,1967
6235,r4i1p1f1,1967,01,27,55.81606777671438,-1.0874387,-9.319821,1967
6236,r4i1p1f1,1967,01,28,0.4854210841857496,1.1907694,-8.462423,1967
6237,r4i1p1f1,1967,01,29,11.626341017869162,0.77417225,-7.1646547,1967
6238,r4i1p1f1,1967,01,30,18.453873864825965,0.14161661,-5.6899405,1967
6239,r4i1p1f1,1967,01,31,0.0,2.109773,-14.173039,1967
6240,r4i1p1f1,1967,02,01,3.675477639221527,-3.23735,-12.456503,1967
6241,r4i1p1f1,1967,02,02,0.6424610847302801,-1.4925883,-11.722055,1967
6242,r4i1p1f1,1967,02,03,41.48191667332554,0.15846245,-9.836858,1967
6243,r4i1p1f1,1967,02,04,30.35566666810373,-0.07032928,-7.523391,1967
6244,r4i1p1f1,1967,02,05,24.0086560344589,4.055923,-4.8872657,1967
6245,r4i1p1f1,1967,02,06,0.0,2.817501,-8.172707,1967
6246,r4i1p1f1,1967,02,07,0.0,5.7429104,-7.803024,1967
6247,r4i1p1f1,1967,02,08,0.0,8.605869,-6.106991,1967
6248,r4i1p1f1,1967,02,09,0.0,9.758882,-5.001267,1967
6249,r4i1p1f1,1967,02,10,0.0,8.580892,-4.913624,1967
6250,r4i1p1f1,1967,02,11,0.0,9.625796,-5.30669,1967
6251,r4i1p1f1,1967,02,12,0.0,9.802222,-2.3818445,1967
6252,r4i1p1f1,1967,02,13,14.2271245229511,5.607471,-2.3023148,1967
6253,r4i1p1f1,1967,02,14,0.0,8.237845,-4.0706773,1967
6254,r4i1p1f1,1967,02,15,0.0,8.0975685,-4.423782,1967
6255,r4i1p1f1,1967,02,16,0.0,6.7382174,-6.2617683,1967
6256,r4i1p1f1,1967,02,17,0.0,6.2505345,-6.151594,1967
6257,r4i1p1f1,1967,02,18,0.0,5.6443195,-7.9738374,1967
6258,r4i1p1f1,1967,02,19,0.18652944831071316,3.5607965,-7.467122,1967
6259,r4i1p1f1,1967,02,20,92.7853068272579,-0.08105807,-6.6738434,1967
6260,r4i1p1f1,1967,02,21,78.83658650251131,1.0664408,-4.75468,1967
6261,r4i1p1f1,1967,02,22,40.84374579606653,-1.0805242,-7.5913596,1967
6262,r4i1p1f1,1967,02,23,2.3004939660754706,-2.2556498,-10.862208,1967
6263,r4i1p1f1,1967,02,24,0.09857608776853517,4.5066648,-8.578821,1967
6264,r4i1p1f1,1967,02,25,0.15427492971249437,4.630062,-8.206131,1967
6265,r4i1p1f1,1967,02,26,4.623922113337172,-2.4120882,-9.884139,1967
6266,r4i1p1f1,1967,02,27,0.04975406493722567,2.4857163,-9.048537,1967
6267,r4i1p1f1,1967,02,28,0.0,6.6259384,-8.067668,1967
6268,r4i1p1f1,1967,03,01,0.0,7.1612883,-6.913938,1967
6269,r4i1p1f1,1967,03,02,0.0,9.175455,-6.906347,1967
6270,r4i1p1f1,1967,03,03,0.0,8.430759,-5.985497,1967
6271,r4i1p1f1,1967,03,04,0.0,7.8530436,-8.434277,1967
6272,r4i1p1f1,1967,03,05,0.0,4.7245455,-4.169184,1967
6273,r4i1p1f1,1967,03,06,0.0018055170560592776,2.0695214,-5.9992547,1967
6274,r4i1p1f1,1967,03,07,0.24718961516662283,0.984437,-8.294543,1967
6275,r4i1p1f1,1967,03,08,7.883493143054277,1.7671492,-8.627026,1967
6276,r4i1p1f1,1967,03,09,44.31800697013584,1.2332805,-5.026593,1967
6277,r4i1p1f1,1967,03,10,21.35374194932406,0.46974272,-12.205606,1967
6278,r4i1p1f1,1967,03,11,8.497583051324069,-0.19995372,-7.1079383,1967
6279,r4i1p1f1,1967,03,12,0.0,3.3846338,-9.080472,1967
6280,r4i1p1f1,1967,03,13,0.0,6.340723,-7.8464227,1967
6281,r4i1p1f1,1967,03,14,0.0,10.691756,-6.5951443,1967
6282,r4i1p1f1,1967,03,15,0.063081312836242,8.8816595,-2.5877824,1967
6283,r4i1p1f1,1967,03,16,0.0,6.2769494,-8.188492,1967
6284,r4i1p1f1,1967,03,17,0.23095416468115787,5.0641603,-6.9243646,1967
6285,r4i1p1f1,1967,03,18,0.0,5.2174597,-8.434836,1967
6286,r4i1p1f1,1967,03,19,0.0,7.4446044,-7.844797,1967
6287,r4i1p1f1,1967,03,20,0.0,8.272372,-7.694549,1967
6288,r4i1p1f1,1967,03,21,0.0,9.626314,-6.144346,1967
6289,r4i1p1f1,1967,03,22,0.0,8.484273,-1.7163638,1967
6290,r4i1p1f1,1967,03,23,0.0,7.5991106,-4.751774,1967
6291,r4i1p1f1,1967,03,24,0.7391931002789596,7.0200267,-3.8809621,1967
6292,r4i1p1f1,1967,03,25,14.463929144894216,3.942132,-2.9425662,1967
6293,r4i1p1f1,1967,03,26,0.0003798228843407326,8.848858,-6.6603208,1967
6294,r4i1p1f1,1967,03,27,12.707851130180314,5.038334,-4.5143194,1967
6295,r4i1p1f1,1967,03,28,63.08283622026848,6.987288,-1.4988768,1967
6296,r4i1p1f1,1967,03,29,16.889953465497005,5.9542804,-3.5874858,1967
6297,r4i1p1f1,1967,03,30,21.99351494411234,-0.0019598913,-8.427134,1967
6298,r4i1p1f1,1967,03,31,0.0,7.444615,-7.8860416,1967
6299,r4i1p1f1,1967,04,01,0.0,9.942251,-5.42483,1967
6300,r4i1p1f1,1967,04,02,0.005239557658692999,8.699258,0.024841722,1967
6301,r4i1p1f1,1967,04,03,0.0,6.6367874,-2.6926632,1967
6302,r4i1p1f1,1967,04,04,0.0,10.129546,-4.292848,1967
6303,r4i1p1f1,1967,04,05,0.0,12.454177,-2.9796562,1967
6304,r4i1p1f1,1967,04,06,0.0,12.747531,-1.7049707,1967
6305,r4i1p1f1,1967,04,07,0.36801445990824827,9.9400625,-0.4011446,1967
6306,r4i1p1f1,1967,04,08,0.0,10.813893,-3.5844164,1967
6307,r4i1p1f1,1967,04,09,0.0,9.956224,-1.7397496,1967
6308,r4i1p1f1,1967,04,10,15.616455491251898,4.5329647,-3.651836,1967
6309,r4i1p1f1,1967,04,11,24.649508236022456,0.16283207,-6.7346225,1967
6310,r4i1p1f1,1967,04,12,15.036671132937588,0.8503036,-10.221953,1967
6311,r4i1p1f1,1967,04,13,1.8509899162784176,2.6286345,-7.197991,1967
6312,r4i1p1f1,1967,04,14,0.2509815063143117,3.9031227,-5.0842147,1967
6313,r4i1p1f1,1967,04,15,29.46304214688448,-0.7569795,-8.35248,1967
6314,r4i1p1f1,1967,04,16,2.801598149831923,1.003895,-7.769638,1967
6315,r4i1p1f1,1967,04,17,0.0,3.7822006,-7.2953253,1967
6316,r4i1p1f1,1967,04,18,0.0,4.435965,-6.6271043,1967
6317,r4i1p1f1,1967,04,19,0.0,6.575287,-7.323647,1967
6318,r4i1p1f1,1967,04,20,0.0,5.5932055,-6.451873,1967
6319,r4i1p1f1,1967,04,21,0.027459951083921737,4.965151,-5.827832,1967
6320,r4i1p1f1,1967,04,22,0.0,10.881688,-3.5818238,1967
6321,r4i1p1f1,1967,04,23,0.0,14.544622,-1.7182884,1967
6322,r4i1p1f1,1967,04,24,0.0,14.441076,-0.18052128,1967
6323,r4i1p1f1,1967,04,25,0.0,14.639411,2.201588,1967
6324,r4i1p1f1,1967,04,26,0.0,14.651181,1.5231867,1967
6325,r4i1p1f1,1967,04,27,0.0,13.948841,0.7643748,1967
6326,r4i1p1f1,1967,04,28,0.0,12.917288,0.261654,1967
6327,r4i1p1f1,1967,04,29,0.0,14.428532,0.27662775,1967
6328,r4i1p1f1,1967,04,30,0.0,13.799792,-0.97116274,1967
6329,r4i1p1f1,1967,05,01,1.5156935310537496,10.375172,-1.06112,1967
6330,r4i1p1f1,1967,05,02,0.0,6.339037,-6.137355,1967
6331,r4i1p1f1,1967,05,03,0.0,10.928464,-2.8695402,1967
6332,r4i1p1f1,1967,05,04,0.0,12.765582,-1.7382759,1967
6333,r4i1p1f1,1967,05,05,0.0,15.727286,0.4332905,1967
6334,r4i1p1f1,1967,05,06,0.0,17.43716,2.1733935,1967
6335,r4i1p1f1,1967,05,07,0.0,19.935385,3.706568,1967
6336,r4i1p1f1,1967,05,08,0.0,20.194492,5.434235,1967
6337,r4i1p1f1,1967,05,09,0.0,20.008041,5.574921,1967
6338,r4i1p1f1,1967,05,10,0.0,20.402813,5.677599,1967
6339,r4i1p1f1,1967,05,11,0.0,20.082531,5.087245,1967
6340,r4i1p1f1,1967,05,12,0.0,16.700949,3.5622299,1967
6341,r4i1p1f1,1967,05,13,0.0,15.303389,1.7753664,1967
6342,r4i1p1f1,1967,05,14,0.0,16.91844,2.2967107,1967
6343,r4i1p1f1,1967,05,15,0.0,16.575218,2.5097296,1967
6344,r4i1p1f1,1967,05,16,0.0,18.03874,3.2715147,1967
6345,r4i1p1f1,1967,05,17,0.0,18.099054,4.9409804,1967
6346,r4i1p1f1,1967,05,18,0.0,16.840136,3.502874,1967
6347,r4i1p1f1,1967,05,19,0.0,16.523281,3.3337839,1967
6348,r4i1p1f1,1967,05,20,0.0,15.91778,2.1708915,1967
6349,r4i1p1f1,1967,05,21,0.0,14.990173,2.0394511,1967
6350,r4i1p1f1,1967,05,22,3.226228411297832,12.8173275,1.8242204,1967
6351,r4i1p1f1,1967,05,23,0.407269525701405,11.869097,-1.0762013,1967
6352,r4i1p1f1,1967,05,24,1.12066725639754,15.678053,-0.33828264,1967
6353,r4i1p1f1,1967,05,25,0.0,17.200079,1.3944982,1967
6354,r4i1p1f1,1967,05,26,0.0,16.523623,2.1138043,1967
6355,r4i1p1f1,1967,05,27,0.0,15.877315,3.4038777,1967
6356,r4i1p1f1,1967,05,28,0.0,15.137016,1.5700076,1967
6357,r4i1p1f1,1967,05,29,0.0,14.411698,0.297272,1967
6358,r4i1p1f1,1967,05,30,0.0,12.665144,-1.6296682,1967
6359,r4i1p1f1,1967,05,31,0.0,9.185821,-3.124208,1967
6360,r4i1p1f1,1967,06,01,0.0,10.972315,-2.5650873,1967
6361,r4i1p1f1,1967,06,02,0.0,14.096067,-2.3339493,1967
6362,r4i1p1f1,1967,06,03,0.0,13.712499,0.85100675,1967
6363,r4i1p1f1,1967,06,04,0.0,13.113873,-1.6224743,1967
6364,r4i1p1f1,1967,06,05,0.0,16.729996,1.6063489,1967
6365,r4i1p1f1,1967,06,06,0.0,18.204512,3.1486356,1967
6366,r4i1p1f1,1967,06,07,0.0,18.698837,5.0541916,1967
6367,r4i1p1f1,1967,06,08,0.0,19.641506,4.9108796,1967
6368,r4i1p1f1,1967,06,09,0.0,18.57182,5.1763616,1967
6369,r4i1p1f1,1967,06,10,0.0,20.158018,4.7435966,1967
6370,r4i1p1f1,1967,06,11,0.0,22.524836,5.8799667,1967
6371,r4i1p1f1,1967,06,12,0.0,22.443056,6.97435,1967
6372,r4i1p1f1,1967,06,13,0.0,21.495886,7.10965,1967
6373,r4i1p1f1,1967,06,14,0.0,20.344969,5.8724804,1967
6374,r4i1p1f1,1967,06,15,0.0,20.55798,5.8308187,1967
6375,r4i1p1f1,1967,06,16,0.0,20.298937,6.1912885,1967
6376,r4i1p1f1,1967,06,17,0.169008154128636,19.741827,5.442,1967
6377,r4i1p1f1,1967,06,18,0.10900775655973449,24.478678,8.721906,1967
6378,r4i1p1f1,1967,06,19,0.0,23.779966,9.047422,1967
6379,r4i1p1f1,1967,06,20,0.07539949513791652,19.34528,6.4382153,1967
6380,r4i1p1f1,1967,06,21,0.0,17.34281,4.0896487,1967
6381,r4i1p1f1,1967,06,22,0.0,18.864462,2.3167017,1967
6382,r4i1p1f1,1967,06,23,0.0,19.610655,5.873692,1967
6383,r4i1p1f1,1967,06,24,0.0,18.961647,5.3742595,1967
6384,r4i1p1f1,1967,06,25,0.0,20.597837,3.618774,1967
6385,r4i1p1f1,1967,06,26,0.0,21.61018,5.7418694,1967
6386,r4i1p1f1,1967,06,27,0.0,21.128387,7.0126443,1967
6387,r4i1p1f1,1967,06,28,0.0,21.97091,6.591937,1967
6388,r4i1p1f1,1967,06,29,0.0,24.400982,7.4550004,1967
6389,r4i1p1f1,1967,06,30,0.0,26.132069,9.73112,1967
6390,r4i1p1f1,1967,07,01,0.002082145105988394,27.5177,11.039814,1967
6391,r4i1p1f1,1967,07,02,0.23136435426762159,26.505814,10.799375,1967
6392,r4i1p1f1,1967,07,03,1.5072156166007513,26.870338,11.523812,1967
6393,r4i1p1f1,1967,07,04,5.766658026808052,26.004099,11.157923,1967
6394,r4i1p1f1,1967,07,05,0.8531185034140987,24.291527,9.901359,1967
6395,r4i1p1f1,1967,07,06,0.11958582506199553,24.390408,9.077837,1967
6396,r4i1p1f1,1967,07,07,0.007520945889167319,24.261192,8.68406,1967
6397,r4i1p1f1,1967,07,08,0.0,24.561592,10.007068,1967
6398,r4i1p1f1,1967,07,09,0.0,24.697372,8.300263,1967
6399,r4i1p1f1,1967,07,10,0.0,23.792282,8.825273,1967
6400,r4i1p1f1,1967,07,11,0.0,23.150019,7.49207,1967
6401,r4i1p1f1,1967,07,12,0.0,22.306019,7.562651,1967
6402,r4i1p1f1,1967,07,13,0.02251386255809692,21.323408,6.8539066,1967
6403,r4i1p1f1,1967,07,14,0.0,19.776546,4.3594007,1967
6404,r4i1p1f1,1967,07,15,0.0,21.555119,6.984246,1967
6405,r4i1p1f1,1967,07,16,0.0,22.281849,8.003651,1967
6406,r4i1p1f1,1967,07,17,0.0,22.485794,7.2545505,1967
6407,r4i1p1f1,1967,07,18,0.0,23.472486,7.485911,1967
6408,r4i1p1f1,1967,07,19,0.0,25.782719,10.816694,1967
6409,r4i1p1f1,1967,07,20,0.0,25.727634,10.592042,1967
6410,r4i1p1f1,1967,07,21,0.0,24.989286,9.267447,1967
6411,r4i1p1f1,1967,07,22,0.0,25.818586,9.295628,1967
6412,r4i1p1f1,1967,07,23,0.0,26.608139,9.811886,1967
6413,r4i1p1f1,1967,07,24,0.0,26.105883,9.490025,1967
6414,r4i1p1f1,1967,07,25,0.0,26.062923,9.93055,1967
6415,r4i1p1f1,1967,07,26,0.0,26.567596,10.37021,1967
6416,r4i1p1f1,1967,07,27,0.0,27.063057,11.082263,1967
6417,r4i1p1f1,1967,07,28,0.0,26.402418,11.183411,1967
6418,r4i1p1f1,1967,07,29,0.0,26.386654,10.660551,1967
6419,r4i1p1f1,1967,07,30,0.0,26.016867,9.8018465,1967
6420,r4i1p1f1,1967,07,31,0.27384849681889817,25.320965,10.86437,1967
6421,r4i1p1f1,1967,08,01,0.07183870053202192,23.326948,10.3424225,1967
6422,r4i1p1f1,1967,08,02,2.571109782574203,23.299873,12.428391,1967
6423,r4i1p1f1,1967,08,03,8.425752163669243,23.326189,9.621501,1967
6424,r4i1p1f1,1967,08,04,1.6909879253549307,22.028868,8.100773,1967
6425,r4i1p1f1,1967,08,05,0.3679891679272934,22.065142,5.7684503,1967
6426,r4i1p1f1,1967,08,06,0.0,22.961554,6.673917,1967
6427,r4i1p1f1,1967,08,07,0.0,22.469282,6.8996906,1967
6428,r4i1p1f1,1967,08,08,0.0,20.914099,5.3374534,1967
6429,r4i1p1f1,1967,08,09,0.0,20.024681,4.3175635,1967
6430,r4i1p1f1,1967,08,10,0.0,20.305304,4.8880525,1967
6431,r4i1p1f1,1967,08,11,0.0,20.729763,4.9079866,1967
6432,r4i1p1f1,1967,08,12,0.0291774893132522,19.982264,5.3594317,1967
6433,r4i1p1f1,1967,08,13,0.0,22.296347,7.1649365,1967
6434,r4i1p1f1,1967,08,14,0.0,24.493145,7.6231823,1967
6435,r4i1p1f1,1967,08,15,0.0,23.429153,10.397432,1967
6436,r4i1p1f1,1967,08,16,0.0,21.788918,6.094138,1967
6437,r4i1p1f1,1967,08,17,0.0,21.462208,5.9321365,1967
6438,r4i1p1f1,1967,08,18,0.0,20.834705,6.760623,1967
6439,r4i1p1f1,1967,08,19,0.0,20.673918,5.629219,1967
6440,r4i1p1f1,1967,08,20,0.0,20.149824,5.630113,1967
6441,r4i1p1f1,1967,08,21,0.0,18.503584,4.4564395,1967
6442,r4i1p1f1,1967,08,22,0.0,17.927528,3.2287617,1967
6443,r4i1p1f1,1967,08,23,0.0,23.929277,6.251473,1967
6444,r4i1p1f1,1967,08,24,0.0,26.900108,8.830018,1967
6445,r4i1p1f1,1967,08,25,0.0,28.81989,11.039821,1967
6446,r4i1p1f1,1967,08,26,0.0,28.959768,11.882022,1967
6447,r4i1p1f1,1967,08,27,0.0,28.211456,12.539486,1967
6448,r4i1p1f1,1967,08,28,0.0,26.811554,12.466562,1967
6449,r4i1p1f1,1967,08,29,0.0,26.818539,11.166725,1967
6450,r4i1p1f1,1967,08,30,0.0,24.383121,7.8395033,1967
6451,r4i1p1f1,1967,08,31,0.0,22.91082,8.073869,1967
6452,r4i1p1f1,1967,09,01,0.0,22.060007,7.190762,1967
6453,r4i1p1f1,1967,09,02,0.8692867214610006,23.838417,8.31742,1967
6454,r4i1p1f1,1967,09,03,0.0877049538354696,26.763931,10.039292,1967
6455,r4i1p1f1,1967,09,04,0.0,27.465853,10.935289,1967
6456,r4i1p1f1,1967,09,05,0.0,27.533566,11.504372,1967
6457,r4i1p1f1,1967,09,06,0.0,27.399715,10.140331,1967
6458,r4i1p1f1,1967,09,07,0.0,27.12268,11.314188,1967
6459,r4i1p1f1,1967,09,08,0.0,26.065775,12.195039,1967
6460,r4i1p1f1,1967,09,09,0.0,24.693481,9.924005,1967
6461,r4i1p1f1,1967,09,10,0.03162963098290111,21.153204,4.322964,1967
6462,r4i1p1f1,1967,09,11,4.216371077037608,9.988958,-0.41046935,1967
6463,r4i1p1f1,1967,09,12,1.7806074558500447,7.4157653,-2.1162925,1967
6464,r4i1p1f1,1967,09,13,0.0,15.275763,-1.0961368,1967
6465,r4i1p1f1,1967,09,14,0.0,18.778915,3.408212,1967
6466,r4i1p1f1,1967,09,15,0.0,17.37523,4.645125,1967
6467,r4i1p1f1,1967,09,16,0.0,14.495864,0.18105279,1967
6468,r4i1p1f1,1967,09,17,0.0,13.87517,-0.73922193,1967
6469,r4i1p1f1,1967,09,18,0.0,14.885957,0.19286633,1967
6470,r4i1p1f1,1967,09,19,0.0,14.144355,0.6628117,1967
6471,r4i1p1f1,1967,09,20,0.0,13.176031,-2.2296543,1967
6472,r4i1p1f1,1967,09,21,0.0,15.2551,-1.2132139,1967
6473,r4i1p1f1,1967,09,22,2.150980553620906,16.25139,3.0805352,1967
6474,r4i1p1f1,1967,09,23,2.230852899529507,18.837997,4.313518,1967
6475,r4i1p1f1,1967,09,24,0.0,15.057217,0.5069968,1967
6476,r4i1p1f1,1967,09,25,17.653546915010327,18.933496,6.0531993,1967
6477,r4i1p1f1,1967,09,26,19.650671541126133,6.08514,-1.8968328,1967
6478,r4i1p1f1,1967,09,27,0.019087598209239845,8.23374,-3.117189,1967
6479,r4i1p1f1,1967,09,28,0.0,13.28454,-2.3600168,1967
6480,r4i1p1f1,1967,09,29,0.0,15.765106,0.266986,1967
6481,r4i1p1f1,1967,09,30,0.0,16.794846,2.3060372,1967
6482,r4i1p1f1,1967,10,01,0.0,17.290922,2.5842419,1967
6483,r4i1p1f1,1967,10,02,0.0,17.15558,2.6335347,1967
6484,r4i1p1f1,1967,10,03,0.0,16.113796,1.9766482,1967
6485,r4i1p1f1,1967,10,04,0.0,15.786859,2.8784542,1967
6486,r4i1p1f1,1967,10,05,0.0,13.743702,0.71127945,1967
6487,r4i1p1f1,1967,10,06,0.019423389345501252,12.046717,-0.37563315,1967
6488,r4i1p1f1,1967,10,07,0.0,11.543553,0.37285736,1967
6489,r4i1p1f1,1967,10,08,2.3089695560081642,15.304667,4.6055007,1967
6490,r4i1p1f1,1967,10,09,18.832380057663375,13.467326,4.646847,1967
6491,r4i1p1f1,1967,10,10,0.0,9.619094,-2.1930766,1967
6492,r4i1p1f1,1967,10,11,0.0,7.6994295,-5.506647,1967
6493,r4i1p1f1,1967,10,12,0.0,9.609431,-4.7961054,1967
6494,r4i1p1f1,1967,10,13,0.0,9.1624565,-5.2716823,1967
6495,r4i1p1f1,1967,10,14,3.0538872043733924,7.0389566,-4.6299763,1967
6496,r4i1p1f1,1967,10,15,1.6860227598954225,7.3384423,-2.5807123,1967
6497,r4i1p1f1,1967,10,16,4.480073461128822,9.131774,0.0050792433,1967
6498,r4i1p1f1,1967,10,17,0.0,9.753224,-5.59965,1967
6499,r4i1p1f1,1967,10,18,0.0,8.623872,-4.264936,1967
6500,r4i1p1f1,1967,10,19,0.00586171751832421,8.563445,-4.062902,1967
6501,r4i1p1f1,1967,10,20,2.0877658123969196,9.210677,0.94627684,1967
6502,r4i1p1f1,1967,10,21,1.326521295051689,13.656495,1.738413,1967
6503,r4i1p1f1,1967,10,22,0.0,12.980354,-2.904452,1967
6504,r4i1p1f1,1967,10,23,0.0,13.539684,-0.75364006,1967
6505,r4i1p1f1,1967,10,24,0.016996682505913466,13.328592,-0.28908184,1967
6506,r4i1p1f1,1967,10,25,0.0,14.055571,-1.9073471,1967
6507,r4i1p1f1,1967,10,26,0.0,13.295131,1.1185668,1967
6508,r4i1p1f1,1967,10,27,0.0,14.103447,-0.09147133,1967
6509,r4i1p1f1,1967,10,28,0.0,13.602123,-1.1942613,1967
6510,r4i1p1f1,1967,10,29,0.0,14.341623,-0.36952582,1967
6511,r4i1p1f1,1967,10,30,0.0,12.2315645,2.3906488,1967
6512,r4i1p1f1,1967,10,31,0.9400030882769737,13.491986,0.6893768,1967
6513,r4i1p1f1,1967,11,01,0.0,10.775832,-3.6104226,1967
6514,r4i1p1f1,1967,11,02,0.0,9.906202,-3.7240067,1967
6515,r4i1p1f1,1967,11,03,0.0,7.8472495,-4.604878,1967
6516,r4i1p1f1,1967,11,04,0.0010687087437852257,6.5540013,-4.8390765,1967
6517,r4i1p1f1,1967,11,05,0.0,10.848911,-3.733995,1967
6518,r4i1p1f1,1967,11,06,0.0,11.037184,-3.4902656,1967
6519,r4i1p1f1,1967,11,07,0.0,11.795297,-3.008234,1967
6520,r4i1p1f1,1967,11,08,0.0,14.766524,-0.89883983,1967
6521,r4i1p1f1,1967,11,09,0.0,15.751788,-0.022531431,1967
6522,r4i1p1f1,1967,11,10,0.0,17.094835,1.2007142,1967
6523,r4i1p1f1,1967,11,11,0.0,17.133188,1.5050573,1967
6524,r4i1p1f1,1967,11,12,0.0,15.199189,0.6681458,1967
6525,r4i1p1f1,1967,11,13,0.0,13.688667,-0.51145846,1967
6526,r4i1p1f1,1967,11,14,0.0,13.840648,-0.9544646,1967
6527,r4i1p1f1,1967,11,15,0.0,11.792587,-0.71763533,1967
6528,r4i1p1f1,1967,11,16,0.0,14.601635,-0.8026647,1967
6529,r4i1p1f1,1967,11,17,0.0,15.286321,2.5933106,1967
6530,r4i1p1f1,1967,11,18,0.0,15.314517,1.1820306,1967
6531,r4i1p1f1,1967,11,19,0.0,15.731621,2.4223063,1967
6532,r4i1p1f1,1967,11,20,0.0,16.833742,1.3326942,1967
6533,r4i1p1f1,1967,11,21,0.0,15.348292,2.064708,1967
6534,r4i1p1f1,1967,11,22,0.008639099357683398,13.379522,1.8131777,1967
6535,r4i1p1f1,1967,11,23,0.11759636013616379,12.221327,-1.924367,1967
6536,r4i1p1f1,1967,11,24,9.18147579475245,13.357128,6.102842,1967
6537,r4i1p1f1,1967,11,25,0.0,12.450299,-3.6531541,1967
6538,r4i1p1f1,1967,11,26,1.7942029611591492,10.196105,-0.48767704,1967
6539,r4i1p1f1,1967,11,27,6.742717165234436,3.5554516,-6.567018,1967
6540,r4i1p1f1,1967,11,28,0.7526144182368243,4.6362796,-8.812179,1967
6541,r4i1p1f1,1967,11,29,5.156130375702996,1.8196315,-8.90047,1967
6542,r4i1p1f1,1967,11,30,0.0,2.2864342,-11.774059,1967
6543,r4i1p1f1,1967,12,01,0.0,6.876453,-8.545161,1967
6544,r4i1p1f1,1967,12,02,1.6311945304081894,4.065276,-6.7002935,1967
6545,r4i1p1f1,1967,12,03,0.0,-1.2585021,-12.775944,1967
6546,r4i1p1f1,1967,12,04,0.0,4.9860945,-9.266504,1967
6547,r4i1p1f1,1967,12,05,0.0,10.04105,-6.5571856,1967
6548,r4i1p1f1,1967,12,06,0.0,12.901445,-1.8770987,1967
6549,r4i1p1f1,1967,12,07,0.0,10.230595,-1.1500235,1967
6550,r4i1p1f1,1967,12,08,0.0,7.0995107,-4.677549,1967
6551,r4i1p1f1,1967,12,09,0.1810298133866674,6.223324,-2.5009418,1967
6552,r4i1p1f1,1967,12,10,0.17896178065234483,5.001223,-4.356658,1967
6553,r4i1p1f1,1967,12,11,0.0,1.648875,-10.846031,1967
6554,r4i1p1f1,1967,12,12,0.0,5.307141,-8.399235,1967
6555,r4i1p1f1,1967,12,13,0.0,3.8125262,-5.9966574,1967
6556,r4i1p1f1,1967,12,14,0.0,2.5116615,-9.199268,1967
6557,r4i1p1f1,1967,12,15,0.0,2.3666766,-10.150857,1967
6558,r4i1p1f1,1967,12,16,0.0,6.9693456,-5.1854744,1967
6559,r4i1p1f1,1967,12,17,0.0,8.482629,-3.5282047,1967
6560,r4i1p1f1,1967,12,18,0.0,8.123336,-3.7670736,1967
6561,r4i1p1f1,1967,12,19,0.0,9.054452,-3.3411148,1967
6562,r4i1p1f1,1967,12,20,0.0,11.387644,-1.0198762,1967
6563,r4i1p1f1,1967,12,21,0.0,12.518898,-0.109529935,1967
6564,r4i1p1f1,1967,12,22,0.0,13.433099,-0.6399091,1967
6565,r4i1p1f1,1967,12,23,0.0,12.472651,-1.6034012,1967
6566,r4i1p1f1,1967,12,24,0.0,10.182491,-0.7293214,1967
6567,r4i1p1f1,1967,12,25,0.0,9.099503,-2.0789676,1967
6568,r4i1p1f1,1967,12,26,0.0,9.64601,-3.0244815,1967
6569,r4i1p1f1,1967,12,27,0.0,10.638271,-1.83289,1967
6570,r4i1p1f1,1967,12,28,0.0,12.728648,-0.92338204,1967
6571,r4i1p1f1,1967,12,29,0.0,11.830848,-0.022910623,1967
6572,r4i1p1f1,1967,12,30,2.6064076592029775,8.039602,-2.542746,1967
6573,r4i1p1f1,1967,12,31,0.0,7.676351,-5.213955,1967
6574,r4i1p1f1,1968,01,01,0.0,8.205831,-4.660041,1968
6575,r4i1p1f1,1968,01,02,0.0,6.612192,-4.263887,1968
6576,r4i1p1f1,1968,01,03,0.0,7.1554537,-5.4192333,1968
6577,r4i1p1f1,1968,01,04,0.0,10.223754,-2.974866,1968
6578,r4i1p1f1,1968,01,05,0.0,11.789975,-1.030728,1968
6579,r4i1p1f1,1968,01,06,0.0,11.114119,-1.4736023,1968
6580,r4i1p1f1,1968,01,07,0.0,10.393874,-1.9014413,1968
6581,r4i1p1f1,1968,01,08,0.0,10.171152,-2.1411197,1968
6582,r4i1p1f1,1968,01,09,0.0,12.077483,-2.1575856,1968
6583,r4i1p1f1,1968,01,10,0.0,12.313266,-1.5740818,1968
6584,r4i1p1f1,1968,01,11,0.0,10.401179,-1.918136,1968
6585,r4i1p1f1,1968,01,12,0.0,6.571037,-2.8917205,1968
6586,r4i1p1f1,1968,01,13,0.0,6.7220063,-5.61112,1968
6587,r4i1p1f1,1968,01,14,4.800089070669848,2.6393666,-7.776433,1968
6588,r4i1p1f1,1968,01,15,0.6983882913324345,-1.3387136,-10.818731,1968
6589,r4i1p1f1,1968,01,16,0.9479182971883997,-1.2190582,-14.860588,1968
6590,r4i1p1f1,1968,01,17,19.448288379232316,-2.2141788,-11.106092,1968
6591,r4i1p1f1,1968,01,18,1.718653972475871,-0.67725307,-8.879836,1968
6592,r4i1p1f1,1968,01,19,0.03660418443767379,2.7889237,-9.5592,1968
6593,r4i1p1f1,1968,01,20,0.0,5.8442073,-11.997218,1968
6594,r4i1p1f1,1968,01,21,0.0,9.815246,-6.4881134,1968
6595,r4i1p1f1,1968,01,22,0.0,11.722878,-4.957896,1968
6596,r4i1p1f1,1968,01,23,0.0,12.55721,0.03674068,1968
6597,r4i1p1f1,1968,01,24,0.0,13.808251,-3.0570889,1968
6598,r4i1p1f1,1968,01,25,0.0,12.450463,-1.5618858,1968
6599,r4i1p1f1,1968,01,26,0.0,11.297333,-2.651461,1968
6600,r4i1p1f1,1968,01,27,0.0,9.15009,-7.2817307,1968
6601,r4i1p1f1,1968,01,28,4.794096215538537,5.7098455,-5.6291094,1968
6602,r4i1p1f1,1968,01,29,0.0,5.166668,-6.92237,1968
6603,r4i1p1f1,1968,01,30,0.0,8.221544,-8.384215,1968
6604,r4i1p1f1,1968,01,31,0.0,6.681935,-4.1820135,1968
6605,r4i1p1f1,1968,02,01,0.0,9.160406,-5.4017634,1968
6606,r4i1p1f1,1968,02,02,0.0,8.431254,-4.7809725,1968
6607,r4i1p1f1,1968,02,03,2.3435031621617752,4.132628,-6.473139,1968
6608,r4i1p1f1,1968,02,04,0.0,5.5401483,-9.398085,1968
6609,r4i1p1f1,1968,02,05,0.0946170260763766,4.2300997,-4.594312,1968
6610,r4i1p1f1,1968,02,06,0.0,10.355258,-8.592441,1968
6611,r4i1p1f1,1968,02,07,1.5892665539628497,8.029298,-2.0899491,1968
6612,r4i1p1f1,1968,02,08,9.146870164426119,7.6358094,-3.8740144,1968
6613,r4i1p1f1,1968,02,09,7.723902463907696,7.2589006,-0.15671018,1968
6614,r4i1p1f1,1968,02,10,0.0,14.725977,-2.2547717,1968
6615,r4i1p1f1,1968,02,11,0.0012488559561905901,13.592876,1.5749606,1968
6616,r4i1p1f1,1968,02,12,0.0,9.178045,-4.536676,1968
6617,r4i1p1f1,1968,02,13,0.05807488473013467,6.199051,-5.240852,1968
6618,r4i1p1f1,1968,02,14,0.0,6.085145,-5.631551,1968
6619,r4i1p1f1,1968,02,15,0.0,10.500953,-3.213451,1968
6620,r4i1p1f1,1968,02,16,0.0,13.779528,-1.0828148,1968
6621,r4i1p1f1,1968,02,17,0.0,15.742231,-0.05897957,1968
6622,r4i1p1f1,1968,02,18,0.0,14.903194,1.1695477,1968
6623,r4i1p1f1,1968,02,19,0.0,13.43636,-1.9179333,1968
6624,r4i1p1f1,1968,02,20,0.0,9.1635,-3.4185987,1968
6625,r4i1p1f1,1968,02,21,0.0,3.9592404,-7.5100236,1968
6626,r4i1p1f1,1968,02,22,0.0,6.3061724,-7.3537345,1968
6627,r4i1p1f1,1968,02,23,0.0,7.521846,-5.888521,1968
6628,r4i1p1f1,1968,02,24,0.0,5.8161087,-5.759974,1968
6629,r4i1p1f1,1968,02,25,0.0029441033691753596,5.38567,-5.529212,1968
6630,r4i1p1f1,1968,02,26,0.0,8.547566,-4.5092955,1968
6631,r4i1p1f1,1968,02,27,0.0,10.150411,-4.384281,1968
6632,r4i1p1f1,1968,02,28,0.0,10.381829,-3.3013618,1968
6633,r4i1p1f1,1968,02,29,0.0,8.485685,-5.1320963,1968
6634,r4i1p1f1,1968,03,01,0.0,8.262196,-6.4808526,1968
6635,r4i1p1f1,1968,03,02,0.0,6.9874682,-6.687588,1968
6636,r4i1p1f1,1968,03,03,0.0,6.620054,-6.351654,1968
6637,r4i1p1f1,1968,03,04,0.0,9.330121,-5.6001544,1968
6638,r4i1p1f1,1968,03,05,0.0,13.358856,-2.711774,1968
6639,r4i1p1f1,1968,03,06,0.0,11.990917,0.29856363,1968
6640,r4i1p1f1,1968,03,07,0.008997627858196836,8.650579,-2.0699441,1968
6641,r4i1p1f1,1968,03,08,0.0,12.602843,-3.1790838,1968
6642,r4i1p1f1,1968,03,09,0.0,12.485457,0.14940785,1968
6643,r4i1p1f1,1968,03,10,0.1232066854947943,10.37318,-4.229243,1968
6644,r4i1p1f1,1968,03,11,0.0,15.204993,-2.56019,1968
6645,r4i1p1f1,1968,03,12,0.0,18.862751,2.0415008,1968
6646,r4i1p1f1,1968,03,13,0.0,17.767252,5.480371,1968
6647,r4i1p1f1,1968,03,14,0.0062567211647530626,16.651163,1.7582493,1968
6648,r4i1p1f1,1968,03,15,0.0,14.180109,-2.1407013,1968
6649,r4i1p1f1,1968,03,16,6.2712841561914585,9.987926,-2.8366804,1968
6650,r4i1p1f1,1968,03,17,12.430061444119188,-0.52238375,-10.804278,1968
6651,r4i1p1f1,1968,03,18,0.03358546067771978,4.150469,-8.737421,1968
6652,r4i1p1f1,1968,03,19,0.12730341810204074,5.1229286,-6.6051173,1968
6653,r4i1p1f1,1968,03,20,0.0,7.829013,-7.7199903,1968
6654,r4i1p1f1,1968,03,21,0.0,9.9069605,-6.4552746,1968
6655,r4i1p1f1,1968,03,22,0.0,8.937493,-7.076674,1968
6656,r4i1p1f1,1968,03,23,5.580612829856351,4.4572935,-9.479438,1968
6657,r4i1p1f1,1968,03,24,0.5132245129456705,0.29702806,-12.870941,1968
6658,r4i1p1f1,1968,03,25,0.9268586121315697,0.52992415,-12.310186,1968
6659,r4i1p1f1,1968,03,26,0.0,7.3336067,-10.099668,1968
6660,r4i1p1f1,1968,03,27,0.0,10.279704,-6.479319,1968
6661,r4i1p1f1,1968,03,28,0.0,12.624624,-3.6258957,1968
6662,r4i1p1f1,1968,03,29,0.0,13.154619,-1.4667336,1968
6663,r4i1p1f1,1968,03,30,0.0,12.991681,-1.9037948,1968
6664,r4i1p1f1,1968,03,31,0.0,14.557857,0.34314007,1968
6665,r4i1p1f1,1968,04,01,0.0,16.096762,2.9726567,1968
6666,r4i1p1f1,1968,04,02,1.8914823033419577,13.748457,-0.19778767,1968
6667,r4i1p1f1,1968,04,03,0.5936555349087865,4.863739,-4.810349,1968
6668,r4i1p1f1,1968,04,04,0.5678345198001359,3.2238781,-9.886519,1968
6669,r4i1p1f1,1968,04,05,0.0,3.301417,-10.118543,1968
6670,r4i1p1f1,1968,04,06,0.7843391447231501,3.9126158,-8.216677,1968
6671,r4i1p1f1,1968,04,07,0.0,6.5540037,-6.631741,1968
6672,r4i1p1f1,1968,04,08,2.813006776572637,2.444,-6.733764,1968
6673,r4i1p1f1,1968,04,09,0.0,10.765204,-4.277299,1968
6674,r4i1p1f1,1968,04,10,0.0,11.253543,-4.0237384,1968
6675,r4i1p1f1,1968,04,11,0.0,11.64334,-3.2015636,1968
6676,r4i1p1f1,1968,04,12,0.005554311752858744,10.384851,-2.839748,1968
6677,r4i1p1f1,1968,04,13,4.227159882383895,3.1220863,-8.039192,1968
6678,r4i1p1f1,1968,04,14,0.5094982504953179,6.370194,-6.198092,1968
6679,r4i1p1f1,1968,04,15,0.0,12.065758,-4.487755,1968
6680,r4i1p1f1,1968,04,16,0.0,14.693311,-0.93124014,1968
6681,r4i1p1f1,1968,04,17,0.0,15.49428,-0.24895218,1968
6682,r4i1p1f1,1968,04,18,0.6831475674652503,13.187911,-0.07840291,1968
6683,r4i1p1f1,1968,04,19,0.0,14.552838,0.7128925,1968
6684,r4i1p1f1,1968,04,20,0.0,16.19959,0.5158317,1968
6685,r4i1p1f1,1968,04,21,36.06300232900366,12.481426,-2.6519809,1968
6686,r4i1p1f1,1968,04,22,0.4853212001482741,5.5050473,-7.7445335,1968
6687,r4i1p1f1,1968,04,23,2.6937745771178165,1.0672412,-7.938996,1968
6688,r4i1p1f1,1968,04,24,0.32096912848116693,0.7817728,-13.101883,1968
6689,r4i1p1f1,1968,04,25,1.475644026289775,0.033313043,-14.243188,1968
6690,r4i1p1f1,1968,04,26,1.7861917608928402,1.1357796,-11.310392,1968
6691,r4i1p1f1,1968,04,27,4.135127807955842,1.6903623,-10.103113,1968
6692,r4i1p1f1,1968,04,28,0.0,7.3542833,-8.440413,1968
6693,r4i1p1f1,1968,04,29,0.0,8.586909,-4.0102587,1968
6694,r4i1p1f1,1968,04,30,0.0,9.500828,-5.534842,1968
6695,r4i1p1f1,1968,05,01,1.50353395440592,6.466533,-6.4667525,1968
6696,r4i1p1f1,1968,05,02,6.655256969475491,-2.8784618,-10.279683,1968
6697,r4i1p1f1,1968,05,03,0.6261554546934069,1.6669762,-11.705663,1968
6698,r4i1p1f1,1968,05,04,5.650991287422494,-0.5467833,-11.817286,1968
6699,r4i1p1f1,1968,05,05,1.6403693103143784,1.7381808,-10.863499,1968
6700,r4i1p1f1,1968,05,06,0.0,7.893355,-6.837493,1968
6701,r4i1p1f1,1968,05,07,0.0,13.129432,-2.83813,1968
6702,r4i1p1f1,1968,05,08,0.0,15.0963125,-0.4051295,1968
6703,r4i1p1f1,1968,05,09,0.0,16.159695,1.1218153,1968
6704,r4i1p1f1,1968,05,10,0.0,15.081988,2.9315534,1968
6705,r4i1p1f1,1968,05,11,0.0,15.266959,1.4401554,1968
6706,r4i1p1f1,1968,05,12,0.0,17.047577,2.9294972,1968
6707,r4i1p1f1,1968,05,13,15.611982966269624,12.615406,0.27650183,1968
6708,r4i1p1f1,1968,05,14,22.45323103699808,7.991206,-2.0322735,1968
6709,r4i1p1f1,1968,05,15,22.790387541906934,5.599155,-7.9386187,1968
6710,r4i1p1f1,1968,05,16,0.0,9.139593,-4.4675646,1968
6711,r4i1p1f1,1968,05,17,0.0,13.371686,-2.364606,1968
6712,r4i1p1f1,1968,05,18,0.0,15.024824,-0.5046198,1968
6713,r4i1p1f1,1968,05,19,0.0,17.13164,2.0106676,1968
6714,r4i1p1f1,1968,05,20,0.0,17.579462,2.653505,1968
6715,r4i1p1f1,1968,05,21,0.0,15.541533,2.0890071,1968
6716,r4i1p1f1,1968,05,22,0.17004440376867974,13.203298,0.5218048,1968
6717,r4i1p1f1,1968,05,23,0.0,11.844034,-1.1208905,1968
6718,r4i1p1f1,1968,05,24,0.0,15.402958,1.3938819,1968
6719,r4i1p1f1,1968,05,25,0.0,17.359526,2.204367,1968
6720,r4i1p1f1,1968,05,26,0.0,19.031332,3.824365,1968
6721,r4i1p1f1,1968,05,27,0.0,21.023937,5.6007595,1968
6722,r4i1p1f1,1968,05,28,0.0,22.266478,7.813259,1968
6723,r4i1p1f1,1968,05,29,0.7962583407706463,22.917723,7.7647634,1968
6724,r4i1p1f1,1968,05,30,0.3410114550700188,20.798187,6.835273,1968
6725,r4i1p1f1,1968,05,31,0.48095362979117506,16.89637,4.8719964,1968
6726,r4i1p1f1,1968,06,01,0.0,16.1496,2.2974432,1968
6727,r4i1p1f1,1968,06,02,0.0,15.222728,1.4504797,1968
6728,r4i1p1f1,1968,06,03,0.0,15.086982,0.44116783,1968
6729,r4i1p1f1,1968,06,04,0.0,18.49344,2.7759137,1968
6730,r4i1p1f1,1968,06,05,0.0,21.113852,4.448878,1968
6731,r4i1p1f1,1968,06,06,0.0,22.616747,6.302776,1968
6732,r4i1p1f1,1968,06,07,0.0,23.09754,7.1830206,1968
6733,r4i1p1f1,1968,06,08,0.8307055675275034,21.494188,8.89082,1968
6734,r4i1p1f1,1968,06,09,1.190904904746177,17.97319,6.651354,1968
6735,r4i1p1f1,1968,06,10,3.0233854023080973,14.544681,1.1010028,1968
6736,r4i1p1f1,1968,06,11,3.542366239377042,16.74151,4.564078,1968
6737,r4i1p1f1,1968,06,12,1.4208442069519243,16.740847,4.8033304,1968
6738,r4i1p1f1,1968,06,13,0.9656065104400731,17.190727,7.0501966,1968
6739,r4i1p1f1,1968,06,14,0.11127564434962435,18.860308,4.858125,1968
6740,r4i1p1f1,1968,06,15,0.0,19.913046,5.0558023,1968
6741,r4i1p1f1,1968,06,16,0.0,21.320356,4.96177,1968
6742,r4i1p1f1,1968,06,17,0.0,22.363998,7.013388,1968
6743,r4i1p1f1,1968,06,18,0.18352094170641642,22.048176,8.432866,1968
6744,r4i1p1f1,1968,06,19,0.0,20.037058,5.9660287,1968
6745,r4i1p1f1,1968,06,20,0.0,20.40634,7.5533805,1968
6746,r4i1p1f1,1968,06,21,0.0,22.85996,8.27056,1968
6747,r4i1p1f1,1968,06,22,0.0,24.087154,8.887305,1968
6748,r4i1p1f1,1968,06,23,0.0,25.874336,9.079611,1968
6749,r4i1p1f1,1968,06,24,0.0,24.55403,11.36084,1968
6750,r4i1p1f1,1968,06,25,0.0,23.866089,9.590881,1968
6751,r4i1p1f1,1968,06,26,0.012863951901656605,24.489222,8.323964,1968
6752,r4i1p1f1,1968,06,27,0.0,24.868319,8.26826,1968
6753,r4i1p1f1,1968,06,28,0.0,24.17562,10.926704,1968
6754,r4i1p1f1,1968,06,29,0.0,23.613602,7.741423,1968
6755,r4i1p1f1,1968,06,30,0.0,22.65159,8.95537,1968
6756,r4i1p1f1,1968,07,01,0.0,19.302496,6.1561594,1968
6757,r4i1p1f1,1968,07,02,0.0,23.14883,8.481907,1968
6758,r4i1p1f1,1968,07,03,0.0,22.778637,7.978028,1968
6759,r4i1p1f1,1968,07,04,1.0313960797820036,18.339787,4.4449916,1968
6760,r4i1p1f1,1968,07,05,0.15802341479918977,14.233814,0.12866536,1968
6761,r4i1p1f1,1968,07,06,0.0,19.129608,4.135989,1968
6762,r4i1p1f1,1968,07,07,0.0,20.319149,6.6823735,1968
6763,r4i1p1f1,1968,07,08,0.006961872532797295,22.775875,7.459267,1968
6764,r4i1p1f1,1968,07,09,0.0,25.113668,9.540616,1968
6765,r4i1p1f1,1968,07,10,0.0,25.658632,9.557882,1968
6766,r4i1p1f1,1968,07,11,0.0,25.208355,10.154213,1968
6767,r4i1p1f1,1968,07,12,0.0,27.622631,10.321991,1968
6768,r4i1p1f1,1968,07,13,0.0,30.889318,12.543324,1968
6769,r4i1p1f1,1968,07,14,0.0,31.494265,14.106458,1968
6770,r4i1p1f1,1968,07,15,0.0,30.039406,14.408756,1968
6771,r4i1p1f1,1968,07,16,0.0,27.404871,12.389686,1968
6772,r4i1p1f1,1968,07,17,0.0,27.931398,11.661972,1968
6773,r4i1p1f1,1968,07,18,0.0,28.674469,11.938316,1968
6774,r4i1p1f1,1968,07,19,0.0,29.048336,12.742094,1968
6775,r4i1p1f1,1968,07,20,0.0,29.011683,12.9120865,1968
6776,r4i1p1f1,1968,07,21,0.0,28.366386,12.263981,1968
6777,r4i1p1f1,1968,07,22,0.7090566076688064,27.346745,13.815467,1968
6778,r4i1p1f1,1968,07,23,0.02560032072855129,27.182991,13.459221,1968
6779,r4i1p1f1,1968,07,24,0.054648820254467094,27.871096,12.67233,1968
6780,r4i1p1f1,1968,07,25,0.0,27.972115,12.519697,1968
6781,r4i1p1f1,1968,07,26,0.0,27.500128,12.433027,1968
6782,r4i1p1f1,1968,07,27,0.0,26.895548,11.930715,1968
6783,r4i1p1f1,1968,07,28,0.0,25.886116,13.084245,1968
6784,r4i1p1f1,1968,07,29,0.0,24.82994,10.261403,1968
6785,r4i1p1f1,1968,07,30,0.0,24.133095,9.610825,1968
6786,r4i1p1f1,1968,07,31,0.0,22.96296,7.845823,1968
6787,r4i1p1f1,1968,08,01,0.0,23.073746,7.9022336,1968
6788,r4i1p1f1,1968,08,02,0.0,23.81004,7.7664514,1968
6789,r4i1p1f1,1968,08,03,0.0,25.151766,8.589935,1968
6790,r4i1p1f1,1968,08,04,0.0,26.408854,9.550907,1968
6791,r4i1p1f1,1968,08,05,4.097979847949927e-05,26.219381,11.412816,1968
6792,r4i1p1f1,1968,08,06,0.016947634327457165,25.73443,13.441278,1968
6793,r4i1p1f1,1968,08,07,0.4904773711745482,26.553875,11.915476,1968
6794,r4i1p1f1,1968,08,08,0.3102701817896234,29.120098,12.81414,1968
6795,r4i1p1f1,1968,08,09,0.7435112065773635,29.342907,12.64235,1968
6796,r4i1p1f1,1968,08,10,0.7197450562621909,28.955307,13.254179,1968
6797,r4i1p1f1,1968,08,11,2.375172620977784,24.219034,12.400221,1968
6798,r4i1p1f1,1968,08,12,0.23526600141940024,22.261467,8.344997,1968
6799,r4i1p1f1,1968,08,13,0.42528055146578475,22.892988,8.468118,1968
6800,r4i1p1f1,1968,08,14,0.0,23.881258,8.514246,1968
6801,r4i1p1f1,1968,08,15,0.005075865916642297,23.386173,7.8279467,1968
6802,r4i1p1f1,1968,08,16,0.0,22.898504,8.042684,1968
6803,r4i1p1f1,1968,08,17,0.0,22.11652,7.320455,1968
6804,r4i1p1f1,1968,08,18,0.0,20.805817,6.143565,1968
6805,r4i1p1f1,1968,08,19,0.0,22.246805,5.210438,1968
6806,r4i1p1f1,1968,08,20,0.0,24.837532,8.792476,1968
6807,r4i1p1f1,1968,08,21,0.0,27.088835,10.172129,1968
6808,r4i1p1f1,1968,08,22,0.0,25.874912,10.873432,1968
6809,r4i1p1f1,1968,08,23,0.0,19.59534,4.328592,1968
6810,r4i1p1f1,1968,08,24,0.0,16.145586,4.1947494,1968
6811,r4i1p1f1,1968,08,25,0.0,19.466925,4.799066,1968
6812,r4i1p1f1,1968,08,26,0.0,20.625807,5.7437496,1968
6813,r4i1p1f1,1968,08,27,0.0,21.804827,7.9435925,1968
6814,r4i1p1f1,1968,08,28,0.0,23.449661,8.335891,1968
6815,r4i1p1f1,1968,08,29,0.0,25.50908,7.6316347,1968
6816,r4i1p1f1,1968,08,30,0.0,25.034588,9.462384,1968
6817,r4i1p1f1,1968,08,31,0.0,24.266615,8.992728,1968
6818,r4i1p1f1,1968,09,01,0.0,22.80296,8.010042,1968
6819,r4i1p1f1,1968,09,02,0.0,23.83157,7.438403,1968
6820,r4i1p1f1,1968,09,03,0.0,24.391073,7.540108,1968
6821,r4i1p1f1,1968,09,04,0.0,23.621078,9.657301,1968
6822,r4i1p1f1,1968,09,05,0.10352446472459806,23.211233,9.68556,1968
6823,r4i1p1f1,1968,09,06,0.0,23.359295,8.491429,1968
6824,r4i1p1f1,1968,09,07,1.1021205149723978,24.802094,9.529835,1968
6825,r4i1p1f1,1968,09,08,0.5064660112053981,24.968363,8.814172,1968
6826,r4i1p1f1,1968,09,09,0.482979486215748,24.697464,9.914483,1968
6827,r4i1p1f1,1968,09,10,0.0082319777713433,25.012629,9.1492,1968
6828,r4i1p1f1,1968,09,11,0.0,25.350893,9.580901,1968
6829,r4i1p1f1,1968,09,12,0.0,25.34935,9.520607,1968
6830,r4i1p1f1,1968,09,13,0.0,26.082111,9.720394,1968
6831,r4i1p1f1,1968,09,14,0.0,25.788174,10.130881,1968
6832,r4i1p1f1,1968,09,15,0.0,26.012117,10.103443,1968
6833,r4i1p1f1,1968,09,16,0.0,25.290257,9.693729,1968
6834,r4i1p1f1,1968,09,17,0.0,24.430779,9.78814,1968
6835,r4i1p1f1,1968,09,18,0.0,23.947798,9.335589,1968
6836,r4i1p1f1,1968,09,19,0.0,23.128931,8.778702,1968
6837,r4i1p1f1,1968,09,20,0.0,21.7739,6.855217,1968
6838,r4i1p1f1,1968,09,21,0.0,21.82026,6.0638876,1968
6839,r4i1p1f1,1968,09,22,0.0,20.243315,4.88147,1968
6840,r4i1p1f1,1968,09,23,0.0,18.642296,4.6126547,1968
6841,r4i1p1f1,1968,09,24,0.0,16.983313,2.211555,1968
6842,r4i1p1f1,1968,09,25,0.6033146110198954,8.180293,-3.8678977,1968
6843,r4i1p1f1,1968,09,26,0.6800726553827116,6.2723217,-5.2740374,1968
6844,r4i1p1f1,1968,09,27,0.0,8.270523,-2.318244,1968
6845,r4i1p1f1,1968,09,28,0.0,13.441635,-0.83285016,1968
6846,r4i1p1f1,1968,09,29,0.0,17.200924,1.4750377,1968
6847,r4i1p1f1,1968,09,30,0.0,19.940176,4.2773066,1968
6848,r4i1p1f1,1968,10,01,0.0,21.309727,6.3789334,1968
6849,r4i1p1f1,1968,10,02,0.0295949830714196,19.501755,5.852134,1968
6850,r4i1p1f1,1968,10,03,0.0,11.919121,-0.8063373,1968
6851,r4i1p1f1,1968,10,04,0.0,11.570935,-0.70917386,1968
6852,r4i1p1f1,1968,10,05,0.0,17.521322,2.2537959,1968
6853,r4i1p1f1,1968,10,06,0.0,19.374954,3.3631272,1968
6854,r4i1p1f1,1968,10,07,0.0,19.080265,3.8993788,1968
6855,r4i1p1f1,1968,10,08,0.0,17.466011,3.858434,1968
6856,r4i1p1f1,1968,10,09,0.0,15.855648,4.0797014,1968
6857,r4i1p1f1,1968,10,10,0.0,16.482162,1.49644,1968
6858,r4i1p1f1,1968,10,11,0.0,19.096632,1.8875939,1968
6859,r4i1p1f1,1968,10,12,0.0,20.768852,4.1643715,1968
6860,r4i1p1f1,1968,10,13,0.0,20.668898,5.224089,1968
6861,r4i1p1f1,1968,10,14,0.0,20.159004,6.155096,1968
6862,r4i1p1f1,1968,10,15,0.0,20.207508,5.048628,1968
6863,r4i1p1f1,1968,10,16,0.051878345129396174,18.715332,5.1176825,1968
6864,r4i1p1f1,1968,10,17,0.0,19.160885,3.0644128,1968
6865,r4i1p1f1,1968,10,18,0.0,17.23122,5.454137,1968
6866,r4i1p1f1,1968,10,19,0.0,15.48877,4.1588655,1968
6867,r4i1p1f1,1968,10,20,0.0,17.092419,1.814059,1968
6868,r4i1p1f1,1968,10,21,0.0,21.36885,4.90833,1968
6869,r4i1p1f1,1968,10,22,0.0,22.739246,7.4210296,1968
6870,r4i1p1f1,1968,10,23,0.0,23.13025,8.10726,1968
6871,r4i1p1f1,1968,10,24,0.0,23.826826,7.310854,1968
6872,r4i1p1f1,1968,10,25,0.0,24.206972,8.505633,1968
6873,r4i1p1f1,1968,10,26,0.0,24.502724,8.026343,1968
6874,r4i1p1f1,1968,10,27,0.0,25.19842,8.746134,1968
6875,r4i1p1f1,1968,10,28,0.0,24.881372,8.28605,1968
6876,r4i1p1f1,1968,10,29,0.4611867329687021,22.252455,8.556272,1968
6877,r4i1p1f1,1968,10,30,0.007416296073939331,12.940316,3.0261784,1968
6878,r4i1p1f1,1968,10,31,10.518853073420553,16.977848,4.075876,1968
6879,r4i1p1f1,1968,11,01,0.0,8.754549,-4.6148043,1968
6880,r4i1p1f1,1968,11,02,0.0,8.421985,-5.040124,1968
6881,r4i1p1f1,1968,11,03,0.0,8.255177,-4.2468276,1968
6882,r4i1p1f1,1968,11,04,0.0,9.500459,-4.82531,1968
6883,r4i1p1f1,1968,11,05,0.0,9.411654,-3.798902,1968
6884,r4i1p1f1,1968,11,06,0.0,10.91267,-0.24195309,1968
6885,r4i1p1f1,1968,11,07,0.0,9.324485,-1.8117762,1968
6886,r4i1p1f1,1968,11,08,2.83397311282749,9.163663,-1.8620512,1968
6887,r4i1p1f1,1968,11,09,0.0,11.9861765,-4.2786136,1968
6888,r4i1p1f1,1968,11,10,0.0,11.195596,2.551369,1968
6889,r4i1p1f1,1968,11,11,2.905764902728592,11.331452,-1.492606,1968
6890,r4i1p1f1,1968,11,12,0.0,11.861485,-3.4596639,1968
6891,r4i1p1f1,1968,11,13,0.0,11.207946,0.85016364,1968
6892,r4i1p1f1,1968,11,14,0.0,8.313219,-2.6480777,1968
6893,r4i1p1f1,1968,11,15,0.0,7.207764,-5.0987935,1968
6894,r4i1p1f1,1968,11,16,0.0,7.717355,-3.3749666,1968
6895,r4i1p1f1,1968,11,17,0.0,9.01603,-4.4577336,1968
6896,r4i1p1f1,1968,11,18,0.0,9.940143,-2.0325232,1968
6897,r4i1p1f1,1968,11,19,0.0,10.040313,-1.1176325,1968
6898,r4i1p1f1,1968,11,20,13.008213935844491,10.087624,2.0297453,1968
6899,r4i1p1f1,1968,11,21,0.0,13.118369,-2.0240114,1968
6900,r4i1p1f1,1968,11,22,0.0,16.449503,0.3265846,1968
6901,r4i1p1f1,1968,11,23,0.0,14.895792,3.2387998,1968
6902,r4i1p1f1,1968,11,24,11.155507203225232,15.854205,1.2463075,1968
6903,r4i1p1f1,1968,11,25,0.01671367273660697,1.6337501,-9.785123,1968
6904,r4i1p1f1,1968,11,26,0.0,4.0949745,-9.174674,1968
6905,r4i1p1f1,1968,11,27,0.0,6.9318094,-4.67313,1968
6906,r4i1p1f1,1968,11,28,0.0,7.395281,-7.02618,1968
6907,r4i1p1f1,1968,11,29,0.0,8.749518,-4.413338,1968
6908,r4i1p1f1,1968,11,30,0.0,10.205093,-3.3993523,1968
6909,r4i1p1f1,1968,12,01,0.47478332931341233,8.582903,-2.490717,1968
6910,r4i1p1f1,1968,12,02,0.0,8.727318,-3.3469183,1968
6911,r4i1p1f1,1968,12,03,0.0,7.7835975,-4.412858,1968
6912,r4i1p1f1,1968,12,04,0.0670646035746667,5.2115693,-2.2461476,1968
6913,r4i1p1f1,1968,12,05,0.0,4.611058,-6.9310536,1968
6914,r4i1p1f1,1968,12,06,0.0,5.1349683,-7.175892,1968
6915,r4i1p1f1,1968,12,07,0.0,4.3731937,-7.441391,1968
6916,r4i1p1f1,1968,12,08,1.0397843125527009,3.8256497,-3.3459282,1968
6917,r4i1p1f1,1968,12,09,0.0,8.138568,-4.2242594,1968
6918,r4i1p1f1,1968,12,10,0.0,10.897787,-3.108254,1968
6919,r4i1p1f1,1968,12,11,0.0,9.315143,-1.7738599,1968
6920,r4i1p1f1,1968,12,12,0.0,6.9719768,-7.529273,1968
6921,r4i1p1f1,1968,12,13,0.0,9.461938,-3.5187898,1968
6922,r4i1p1f1,1968,12,14,0.0,6.746708,-2.368414,1968
6923,r4i1p1f1,1968,12,15,12.888573323838978,4.1834145,-4.5055246,1968
6924,r4i1p1f1,1968,12,16,4.697082860369501,2.9168127,-8.463025,1968
6925,r4i1p1f1,1968,12,17,0.0,10.106978,-6.2838025,1968
6926,r4i1p1f1,1968,12,18,0.0,10.523081,-2.3830824,1968
6927,r4i1p1f1,1968,12,19,0.0,9.944544,-4.3965063,1968
6928,r4i1p1f1,1968,12,20,0.0,11.45526,-0.74450713,1968
6929,r4i1p1f1,1968,12,21,0.0,13.055963,-1.3374391,1968
6930,r4i1p1f1,1968,12,22,0.0,12.781359,-0.9886463,1968
6931,r4i1p1f1,1968,12,23,0.0,11.025996,0.64723337,1968
6932,r4i1p1f1,1968,12,24,0.0,12.966519,-0.5296776,1968
6933,r4i1p1f1,1968,12,25,0.0,11.548798,-0.70017177,1968
6934,r4i1p1f1,1968,12,26,9.10695844591433,7.678605,-0.63449675,1968
6935,r4i1p1f1,1968,12,27,0.0,8.984277,-4.80248,1968
6936,r4i1p1f1,1968,12,28,0.0,8.710479,-3.6213715,1968
6937,r4i1p1f1,1968,12,29,0.0,9.079657,-2.8766642,1968
6938,r4i1p1f1,1968,12,30,0.0,9.650662,-3.2457356,1968
6939,r4i1p1f1,1968,12,31,0.0,8.422535,-3.8256702,1968
6940,r4i1p1f1,1969,01,01,0.0,7.0851483,-4.667521,1969
6941,r4i1p1f1,1969,01,02,0.0,7.3340554,-5.501569,1969
6942,r4i1p1f1,1969,01,03,0.0,9.307374,-3.799934,1969
6943,r4i1p1f1,1969,01,04,0.0,8.306842,-3.5627499,1969
6944,r4i1p1f1,1969,01,05,0.0,9.39762,-3.4497483,1969
6945,r4i1p1f1,1969,01,06,0.0,11.821015,-2.1173782,1969
6946,r4i1p1f1,1969,01,07,0.0,10.574841,-1.7851422,1969
6947,r4i1p1f1,1969,01,08,0.0,12.530432,-0.60170346,1969
6948,r4i1p1f1,1969,01,09,0.0,11.706273,-0.27909997,1969
6949,r4i1p1f1,1969,01,10,0.0,10.773791,-2.3604538,1969
6950,r4i1p1f1,1969,01,11,0.0,8.416335,-3.8922462,1969
6951,r4i1p1f1,1969,01,12,0.0,8.014124,-4.3669224,1969
6952,r4i1p1f1,1969,01,13,0.0,10.890439,-2.7651596,1969
6953,r4i1p1f1,1969,01,14,0.0,11.256346,-0.3986697,1969
6954,r4i1p1f1,1969,01,15,0.0,10.539628,-1.6763139,1969
6955,r4i1p1f1,1969,01,16,0.0,10.433408,-1.4812292,1969
6956,r4i1p1f1,1969,01,17,0.0,12.552026,-0.71048945,1969
6957,r4i1p1f1,1969,01,18,0.0,13.720988,0.80498123,1969
6958,r4i1p1f1,1969,01,19,0.0,15.659445,1.6273122,1969
6959,r4i1p1f1,1969,01,20,0.0,17.359842,3.1884208,1969
6960,r4i1p1f1,1969,01,21,0.0,16.808687,3.996563,1969
6961,r4i1p1f1,1969,01,22,0.0,16.614637,2.974854,1969
6962,r4i1p1f1,1969,01,23,0.0024360002095419153,15.36335,3.404353,1969
6963,r4i1p1f1,1969,01,24,1.468267581360815,7.611889,-2.7570655,1969
6964,r4i1p1f1,1969,01,25,0.0,11.587131,-1.8546175,1969
6965,r4i1p1f1,1969,01,26,5.792447263212944,9.5259,-1.7858474,1969
6966,r4i1p1f1,1969,01,27,0.36780991889975573,0.24377489,-10.191052,1969
6967,r4i1p1f1,1969,01,28,0.0,0.6754232,-10.924437,1969
6968,r4i1p1f1,1969,01,29,0.0,4.957596,-7.3467937,1969
6969,r4i1p1f1,1969,01,30,0.0,8.909707,-5.774275,1969
6970,r4i1p1f1,1969,01,31,0.0,12.088558,-4.9021144,1969
6971,r4i1p1f1,1969,02,01,0.0,11.209703,-3.0809045,1969
6972,r4i1p1f1,1969,02,02,0.19024071824956554,7.5078225,-3.3652284,1969
6973,r4i1p1f1,1969,02,03,10.037367838636099,1.7586777,-10.252252,1969
6974,r4i1p1f1,1969,02,04,0.0,4.586471,-11.04131,1969
6975,r4i1p1f1,1969,02,05,0.0,5.52404,-10.169241,1969
6976,r4i1p1f1,1969,02,06,1.909287793865398,2.7715416,-7.349615,1969
6977,r4i1p1f1,1969,02,07,0.0,3.217832,-11.526141,1969
6978,r4i1p1f1,1969,02,08,45.65228491050204,0.019527039,-9.814504,1969
6979,r4i1p1f1,1969,02,09,27.84872787469383,-2.693633,-11.022899,1969
6980,r4i1p1f1,1969,02,10,0.0,-3.6925576,-14.382402,1969
6981,r4i1p1f1,1969,02,11,0.0,0.8237877,-18.695112,1969
6982,r4i1p1f1,1969,02,12,5.920188601006416,-3.4085557,-16.86352,1969
6983,r4i1p1f1,1969,02,13,8.045269469351284,-5.16481,-11.265814,1969
6984,r4i1p1f1,1969,02,14,0.0,-0.63848764,-19.073162,1969
6985,r4i1p1f1,1969,02,15,0.0,1.5532,-17.023771,1969
6986,r4i1p1f1,1969,02,16,0.0,1.3597163,-10.687832,1969
6987,r4i1p1f1,1969,02,17,0.0,4.3733387,-9.538223,1969
6988,r4i1p1f1,1969,02,18,0.0,7.883315,-7.123431,1969
6989,r4i1p1f1,1969,02,19,0.0,7.5868373,-6.181924,1969
6990,r4i1p1f1,1969,02,20,0.0,7.889374,-7.7869277,1969
6991,r4i1p1f1,1969,02,21,0.0,6.3192444,-7.0734277,1969
6992,r4i1p1f1,1969,02,22,25.089634215455014,2.380818,-8.344305,1969
6993,r4i1p1f1,1969,02,23,0.06528003262440206,1.5543232,-12.416983,1969
6994,r4i1p1f1,1969,02,24,0.0,5.225915,-13.414685,1969
6995,r4i1p1f1,1969,02,25,0.0,8.20306,-6.6102147,1969
6996,r4i1p1f1,1969,02,26,0.0,11.377788,-6.0191126,1969
6997,r4i1p1f1,1969,02,27,0.0,10.55954,-2.848212,1969
6998,r4i1p1f1,1969,02,28,0.0,10.822447,-3.7220762,1969
6999,r4i1p1f1,1969,03,01,0.0,13.265117,-4.337783,1969
7000,r4i1p1f1,1969,03,02,0.0,12.422499,-2.152719,1969
7001,r4i1p1f1,1969,03,03,22.390880990126572,4.9556637,-9.153166,1969
7002,r4i1p1f1,1969,03,04,6.9770283885170445e-06,1.9702389,-13.552238,1969
7003,r4i1p1f1,1969,03,05,0.0,8.151066,-9.067359,1969
7004,r4i1p1f1,1969,03,06,6.833835161076142,4.3058357,-7.797542,1969
7005,r4i1p1f1,1969,03,07,0.0,4.7930393,-8.985399,1969
7006,r4i1p1f1,1969,03,08,0.0,11.230037,-5.6643596,1969
7007,r4i1p1f1,1969,03,09,0.0,12.100329,-5.64887,1969
7008,r4i1p1f1,1969,03,10,0.0,12.396838,-4.197998,1969
7009,r4i1p1f1,1969,03,11,0.0,14.147979,-3.675077,1969
7010,r4i1p1f1,1969,03,12,0.0,13.049604,1.1579388,1969
7011,r4i1p1f1,1969,03,13,8.866958643785969,5.747057,-2.6261296,1969
7012,r4i1p1f1,1969,03,14,13.372041909571957,-0.42073226,-14.431439,1969
7013,r4i1p1f1,1969,03,15,16.70900978052112,-5.0128765,-12.591496,1969
7014,r4i1p1f1,1969,03,16,0.0,1.8574412,-13.421047,1969
7015,r4i1p1f1,1969,03,17,0.0,6.808468,-11.777377,1969
7016,r4i1p1f1,1969,03,18,0.0,7.7247024,-6.628283,1969
7017,r4i1p1f1,1969,03,19,11.989398399337377,2.642381,-7.734198,1969
7018,r4i1p1f1,1969,03,20,0.0,4.090089,-9.114722,1969
7019,r4i1p1f1,1969,03,21,0.0,10.203815,-9.3051815,1969
7020,r4i1p1f1,1969,03,22,0.0,9.203122,-2.9418736,1969
7021,r4i1p1f1,1969,03,23,1.7929778288882878,7.754934,-5.9906445,1969
7022,r4i1p1f1,1969,03,24,0.00033826783931038736,12.360529,-1.1010902,1969
7023,r4i1p1f1,1969,03,25,7.403339132514089,8.475379,-4.2158384,1969
7024,r4i1p1f1,1969,03,26,0.0,9.364084,-7.600249,1969
7025,r4i1p1f1,1969,03,27,8.393181345615314,5.973843,-7.2734303,1969
7026,r4i1p1f1,1969,03,28,0.02873477473200775,2.8430963,-9.563253,1969
7027,r4i1p1f1,1969,03,29,0.17180571707104633,3.4047534,-10.223667,1969
7028,r4i1p1f1,1969,03,30,0.030862859114994003,6.0350347,-5.8763714,1969
7029,r4i1p1f1,1969,03,31,0.0,11.903746,-5.1606007,1969
7030,r4i1p1f1,1969,04,01,0.0,14.634331,-2.679956,1969
7031,r4i1p1f1,1969,04,02,0.0,14.879512,-0.32782444,1969
7032,r4i1p1f1,1969,04,03,0.0,13.623029,-1.5132384,1969
7033,r4i1p1f1,1969,04,04,0.0,16.444717,0.017046623,1969
7034,r4i1p1f1,1969,04,05,0.0,17.000488,0.6924578,1969
7035,r4i1p1f1,1969,04,06,0.0,18.295149,1.773163,1969
7036,r4i1p1f1,1969,04,07,0.0,19.081646,3.6648042,1969
7037,r4i1p1f1,1969,04,08,0.0,18.696135,4.418605,1969
7038,r4i1p1f1,1969,04,09,0.0,17.353823,4.3018856,1969
7039,r4i1p1f1,1969,04,10,0.9791801171900775,13.097761,0.16802344,1969
7040,r4i1p1f1,1969,04,11,1.1954188091233051,9.214577,0.26981372,1969
7041,r4i1p1f1,1969,04,12,0.0,8.827972,-4.8732004,1969
7042,r4i1p1f1,1969,04,13,0.0,12.728443,-1.4147681,1969
7043,r4i1p1f1,1969,04,14,0.0,16.683683,1.0978355,1969
7044,r4i1p1f1,1969,04,15,0.0,17.686651,2.2208095,1969
7045,r4i1p1f1,1969,04,16,0.0,16.937193,2.195271,1969
7046,r4i1p1f1,1969,04,17,1.4512470244313196,14.200738,0.071948156,1969
7047,r4i1p1f1,1969,04,18,0.1658216739606483,14.690723,0.44851407,1969
7048,r4i1p1f1,1969,04,19,3.4348142145026284,11.122699,-2.1026728,1969
7049,r4i1p1f1,1969,04,20,2.741103146343868,5.1060557,-9.766604,1969
7050,r4i1p1f1,1969,04,21,0.01705076929324831,6.1731825,-8.053592,1969
7051,r4i1p1f1,1969,04,22,1.1014616762379803,-0.323193,-9.172991,1969
7052,r4i1p1f1,1969,04,23,0.0,6.407732,-9.517809,1969
7053,r4i1p1f1,1969,04,24,0.0,7.2758446,-5.656048,1969
7054,r4i1p1f1,1969,04,25,0.0,7.065771,-6.5751047,1969
7055,r4i1p1f1,1969,04,26,0.0,6.84471,-6.0679708,1969
7056,r4i1p1f1,1969,04,27,0.0,12.563357,-4.1284566,1969
7057,r4i1p1f1,1969,04,28,0.0,14.372847,-1.0072613,1969
7058,r4i1p1f1,1969,04,29,0.0,15.437042,0.64718765,1969
7059,r4i1p1f1,1969,04,30,0.0,17.704908,1.724998,1969
7060,r4i1p1f1,1969,05,01,0.0,17.22627,3.651857,1969
7061,r4i1p1f1,1969,05,02,0.0,17.103643,1.7935224,1969
7062,r4i1p1f1,1969,05,03,0.0,18.642681,3.035897,1969
7063,r4i1p1f1,1969,05,04,0.0,18.148968,3.4180353,1969
7064,r4i1p1f1,1969,05,05,0.0,17.624773,4.0337586,1969
7065,r4i1p1f1,1969,05,06,0.0,13.983888,2.7204115,1969
7066,r4i1p1f1,1969,05,07,0.0,13.472373,-1.1425209,1969
7067,r4i1p1f1,1969,05,08,0.0,14.382969,-0.84674734,1969
7068,r4i1p1f1,1969,05,09,0.6837184456513132,12.938698,0.08925618,1969
7069,r4i1p1f1,1969,05,10,0.0,9.812229,-1.843684,1969
7070,r4i1p1f1,1969,05,11,0.8914878469463124,8.890347,-3.0001476,1969
7071,r4i1p1f1,1969,05,12,0.4555244273803728,11.363516,-3.2127914,1969
7072,r4i1p1f1,1969,05,13,0.0,13.644983,-1.8185112,1969
7073,r4i1p1f1,1969,05,14,0.0,13.976897,-0.49629542,1969
7074,r4i1p1f1,1969,05,15,0.34244966429460827,10.455253,-1.4619942,1969
7075,r4i1p1f1,1969,05,16,1.3141914548028926,7.340818,-2.5086257,1969
7076,r4i1p1f1,1969,05,17,0.003389929474186051,12.853425,-1.7977289,1969
7077,r4i1p1f1,1969,05,18,0.0,16.824287,1.1832161,1969
7078,r4i1p1f1,1969,05,19,0.0,19.821196,4.437043,1969
7079,r4i1p1f1,1969,05,20,0.0,21.242798,5.83615,1969
7080,r4i1p1f1,1969,05,21,1.8809851434801355,21.368294,5.697932,1969
7081,r4i1p1f1,1969,05,22,5.806949091499737,18.738401,4.88541,1969
7082,r4i1p1f1,1969,05,23,5.704074076436479,19.169249,4.758433,1969
7083,r4i1p1f1,1969,05,24,2.811873517077805,23.408834,7.522055,1969
7084,r4i1p1f1,1969,05,25,2.31402748685061,20.59581,6.532955,1969
7085,r4i1p1f1,1969,05,26,0.29666463933073617,21.289272,7.2525954,1969
7086,r4i1p1f1,1969,05,27,0.0,22.580599,8.656406,1969
7087,r4i1p1f1,1969,05,28,4.14740692250477,20.300821,6.728732,1969
7088,r4i1p1f1,1969,05,29,16.90999464487064,10.960434,2.297066,1969
7089,r4i1p1f1,1969,05,30,2.8962033407220606,8.994174,0.884728,1969
7090,r4i1p1f1,1969,05,31,0.0,13.594213,0.87678534,1969
7091,r4i1p1f1,1969,06,01,0.0,17.838396,2.278284,1969
7092,r4i1p1f1,1969,06,02,0.0,17.642859,4.318191,1969
7093,r4i1p1f1,1969,06,03,0.008704291885229865,16.05048,4.906036,1969
7094,r4i1p1f1,1969,06,04,0.0,14.577886,0.37123612,1969
7095,r4i1p1f1,1969,06,05,0.0,17.359869,2.606787,1969
7096,r4i1p1f1,1969,06,06,0.0,17.775541,5.3488703,1969
7097,r4i1p1f1,1969,06,07,3.4547305589134076,15.897235,2.9412766,1969
7098,r4i1p1f1,1969,06,08,0.0,14.151848,3.3299599,1969
7099,r4i1p1f1,1969,06,09,0.004427178791298518,13.857213,0.30899248,1969
7100,r4i1p1f1,1969,06,10,0.0,16.222431,0.9882054,1969
7101,r4i1p1f1,1969,06,11,0.0,17.69137,3.232839,1969
7102,r4i1p1f1,1969,06,12,0.0,20.757383,6.1775465,1969
7103,r4i1p1f1,1969,06,13,0.0,24.339355,8.477307,1969
7104,r4i1p1f1,1969,06,14,0.0,23.613989,9.867326,1969
7105,r4i1p1f1,1969,06,15,0.0,20.677599,7.643897,1969
7106,r4i1p1f1,1969,06,16,0.0,19.890621,6.5475087,1969
7107,r4i1p1f1,1969,06,17,0.0,20.72204,6.122624,1969
7108,r4i1p1f1,1969,06,18,0.0,20.00428,6.4260144,1969
7109,r4i1p1f1,1969,06,19,0.0,21.705788,6.7629247,1969
7110,r4i1p1f1,1969,06,20,0.0,24.572525,8.092807,1969
7111,r4i1p1f1,1969,06,21,0.0,25.11102,9.369247,1969
7112,r4i1p1f1,1969,06,22,0.0,25.25707,10.043114,1969
7113,r4i1p1f1,1969,06,23,0.0,25.292522,10.033125,1969
7114,r4i1p1f1,1969,06,24,0.0,24.786455,10.57397,1969
7115,r4i1p1f1,1969,06,25,0.0,22.453474,8.351236,1969
7116,r4i1p1f1,1969,06,26,0.0,17.46398,4.9232087,1969
7117,r4i1p1f1,1969,06,27,0.0,15.5726795,2.4608347,1969
7118,r4i1p1f1,1969,06,28,0.014380998387974919,11.863379,0.49469241,1969
7119,r4i1p1f1,1969,06,29,0.0,16.754963,-0.084430605,1969
7120,r4i1p1f1,1969,06,30,0.0,19.06031,2.7554972,1969
7121,r4i1p1f1,1969,07,01,0.0,18.817587,3.481711,1969
7122,r4i1p1f1,1969,07,02,0.0,20.1082,5.27445,1969
7123,r4i1p1f1,1969,07,03,0.0,19.395042,6.141808,1969
7124,r4i1p1f1,1969,07,04,0.0,17.890226,3.7621872,1969
7125,r4i1p1f1,1969,07,05,0.0,14.67324,1.4749025,1969
7126,r4i1p1f1,1969,07,06,0.0,15.8523245,0.7174627,1969
7127,r4i1p1f1,1969,07,07,0.02073102499773448,15.920901,2.9552786,1969
7128,r4i1p1f1,1969,07,08,0.0,17.132486,2.5713925,1969
7129,r4i1p1f1,1969,07,09,0.0,20.669369,4.9561963,1969
7130,r4i1p1f1,1969,07,10,0.09394236563673171,21.395168,6.855053,1969
7131,r4i1p1f1,1969,07,11,0.1162083763506725,20.15319,6.105813,1969
7132,r4i1p1f1,1969,07,12,0.0,20.431976,5.296236,1969
7133,r4i1p1f1,1969,07,13,0.0,19.972979,5.275524,1969
7134,r4i1p1f1,1969,07,14,0.0,19.131588,4.7507153,1969
7135,r4i1p1f1,1969,07,15,0.0,19.16962,3.723024,1969
7136,r4i1p1f1,1969,07,16,0.0,19.313478,5.2080173,1969
7137,r4i1p1f1,1969,07,17,0.0,19.999691,5.5324845,1969
7138,r4i1p1f1,1969,07,18,0.0,20.023113,5.079127,1969
7139,r4i1p1f1,1969,07,19,0.0,20.490582,5.5438156,1969
7140,r4i1p1f1,1969,07,20,0.0,20.405756,6.203577,1969
7141,r4i1p1f1,1969,07,21,0.11688215878388604,21.08313,6.9674635,1969
7142,r4i1p1f1,1969,07,22,0.0,20.51462,7.9586544,1969
7143,r4i1p1f1,1969,07,23,0.0,23.580555,6.6140637,1969
7144,r4i1p1f1,1969,07,24,0.0,24.635475,8.753352,1969
7145,r4i1p1f1,1969,07,25,0.0,25.408205,9.995925,1969
7146,r4i1p1f1,1969,07,26,0.0,26.296957,10.266009,1969
7147,r4i1p1f1,1969,07,27,0.3230763792731416,25.698278,12.861063,1969
7148,r4i1p1f1,1969,07,28,0.0,28.51024,11.402313,1969
7149,r4i1p1f1,1969,07,29,0.0,29.696995,12.563981,1969
7150,r4i1p1f1,1969,07,30,0.0,28.875044,13.144191,1969
7151,r4i1p1f1,1969,07,31,0.0,25.744282,11.638457,1969
7152,r4i1p1f1,1969,08,01,0.0,22.639936,8.176493,1969
7153,r4i1p1f1,1969,08,02,0.0,23.922024,8.520067,1969
7154,r4i1p1f1,1969,08,03,0.0,26.181604,9.049959,1969
7155,r4i1p1f1,1969,08,04,0.0,26.676498,10.667116,1969
7156,r4i1p1f1,1969,08,05,0.0,27.391123,12.30898,1969
7157,r4i1p1f1,1969,08,06,0.0,26.87925,11.085594,1969
7158,r4i1p1f1,1969,08,07,0.006896658493437682,25.706957,10.419512,1969
7159,r4i1p1f1,1969,08,08,0.06603614494443673,24.496151,10.165687,1969
7160,r4i1p1f1,1969,08,09,0.17354908409885056,22.519005,9.6747675,1969
7161,r4i1p1f1,1969,08,10,0.003122090022182366,24.583582,8.453618,1969
7162,r4i1p1f1,1969,08,11,0.0,27.93725,10.847466,1969
7163,r4i1p1f1,1969,08,12,0.0,29.33776,12.328766,1969
7164,r4i1p1f1,1969,08,13,0.03776333728864182,28.387333,12.933468,1969
7165,r4i1p1f1,1969,08,14,0.057298737345148135,28.046646,13.949182,1969
7166,r4i1p1f1,1969,08,15,0.33749264210085406,27.51272,11.68617,1969
7167,r4i1p1f1,1969,08,16,0.19304787901631026,26.405851,11.568302,1969
7168,r4i1p1f1,1969,08,17,0.0,26.652485,11.626839,1969
7169,r4i1p1f1,1969,08,18,0.12869192392123519,27.92557,11.724907,1969
7170,r4i1p1f1,1969,08,19,0.0,26.973661,11.91721,1969
7171,r4i1p1f1,1969,08,20,0.0,26.754023,10.922192,1969
7172,r4i1p1f1,1969,08,21,0.0,26.282047,9.3771,1969
7173,r4i1p1f1,1969,08,22,0.0,25.825905,9.992451,1969
7174,r4i1p1f1,1969,08,23,0.0,25.345184,9.697195,1969
7175,r4i1p1f1,1969,08,24,0.0,24.02835,7.8373494,1969
7176,r4i1p1f1,1969,08,25,0.0,22.886295,7.6588216,1969
7177,r4i1p1f1,1969,08,26,0.0,22.765608,6.047336,1969
7178,r4i1p1f1,1969,08,27,0.0,22.489225,5.819579,1969
7179,r4i1p1f1,1969,08,28,0.0,21.904781,6.1888556,1969
7180,r4i1p1f1,1969,08,29,0.0,20.644989,6.2496467,1969
7181,r4i1p1f1,1969,08,30,0.0,19.900661,4.691292,1969
7182,r4i1p1f1,1969,08,31,0.010778974303230326,14.31142,-1.1387633,1969
7183,r4i1p1f1,1969,09,01,0.0,13.021368,-1.8692625,1969
7184,r4i1p1f1,1969,09,02,0.0,11.938276,-2.0406787,1969
7185,r4i1p1f1,1969,09,03,0.0,14.826575,-1.0204676,1969
7186,r4i1p1f1,1969,09,04,0.0,18.59512,2.9195142,1969
7187,r4i1p1f1,1969,09,05,0.0,17.449785,3.8506699,1969
7188,r4i1p1f1,1969,09,06,0.0,16.106281,0.78394395,1969
7189,r4i1p1f1,1969,09,07,0.0,19.78983,2.7680402,1969
7190,r4i1p1f1,1969,09,08,0.0,23.657187,5.8019996,1969
7191,r4i1p1f1,1969,09,09,0.0,24.403276,7.719188,1969
7192,r4i1p1f1,1969,09,10,0.0,24.956835,7.4148293,1969
7193,r4i1p1f1,1969,09,11,0.0,24.015009,7.738749,1969
7194,r4i1p1f1,1969,09,12,0.0,23.152752,7.473937,1969
7195,r4i1p1f1,1969,09,13,0.0,20.712818,7.70815,1969
7196,r4i1p1f1,1969,09,14,0.0,18.77789,1.7555918,1969
7197,r4i1p1f1,1969,09,15,0.0,22.410196,6.3945546,1969
7198,r4i1p1f1,1969,09,16,0.0,21.4489,6.3135686,1969
7199,r4i1p1f1,1969,09,17,0.0,17.770157,3.1868339,1969
7200,r4i1p1f1,1969,09,18,0.0,16.071133,1.7937589,1969
7201,r4i1p1f1,1969,09,19,0.0,19.78524,2.6138704,1969
7202,r4i1p1f1,1969,09,20,0.0,21.878248,5.6326857,1969
7203,r4i1p1f1,1969,09,21,0.0,23.986557,6.7132297,1969
7204,r4i1p1f1,1969,09,22,0.0,25.550823,7.9905705,1969
7205,r4i1p1f1,1969,09,23,0.0,24.869982,8.255411,1969
7206,r4i1p1f1,1969,09,24,0.0,24.018034,9.735789,1969
7207,r4i1p1f1,1969,09,25,0.0,24.555191,7.765436,1969
7208,r4i1p1f1,1969,09,26,0.0,24.172075,7.541352,1969
7209,r4i1p1f1,1969,09,27,0.0,22.563074,7.568224,1969
7210,r4i1p1f1,1969,09,28,0.0,20.667984,5.8931456,1969
7211,r4i1p1f1,1969,09,29,0.0,19.327162,4.5636005,1969
7212,r4i1p1f1,1969,09,30,0.4193555406152273,16.32725,3.236128,1969
7213,r4i1p1f1,1969,10,01,0.012221160435383271,11.817362,0.19822106,1969
7214,r4i1p1f1,1969,10,02,0.0,14.234411,-0.68590254,1969
7215,r4i1p1f1,1969,10,03,0.0,17.735178,1.4036423,1969
7216,r4i1p1f1,1969,10,04,0.0,20.290602,4.6074476,1969
7217,r4i1p1f1,1969,10,05,0.0,22.626707,6.5865607,1969
7218,r4i1p1f1,1969,10,06,0.0,22.560806,6.602277,1969
7219,r4i1p1f1,1969,10,07,0.21378776652549342,19.10554,5.9889255,1969
7220,r4i1p1f1,1969,10,08,5.792620467932116,19.613737,8.875371,1969
7221,r4i1p1f1,1969,10,09,1.9597613419717173,17.337673,6.139389,1969
7222,r4i1p1f1,1969,10,10,0.2970425991320533,16.9052,3.24404,1969
7223,r4i1p1f1,1969,10,11,0.09964159638566261,15.843079,1.6913786,1969
7224,r4i1p1f1,1969,10,12,0.0,17.875803,4.187892,1969
7225,r4i1p1f1,1969,10,13,0.507476360155733,20.128086,5.216297,1969
7226,r4i1p1f1,1969,10,14,0.38006009468204965,16.311647,2.9537635,1969
7227,r4i1p1f1,1969,10,15,0.0,11.697169,-0.2768875,1969
7228,r4i1p1f1,1969,10,16,0.0,12.868797,1.0743762,1969
7229,r4i1p1f1,1969,10,17,2.5109343375148803,17.87645,5.5276413,1969
7230,r4i1p1f1,1969,10,18,0.6844630567515633,8.4566145,-2.275445,1969
7231,r4i1p1f1,1969,10,19,0.0,12.879094,-2.5347276,1969
7232,r4i1p1f1,1969,10,20,0.0,14.949302,0.9945077,1969
7233,r4i1p1f1,1969,10,21,0.0,14.309669,2.5163097,1969
7234,r4i1p1f1,1969,10,22,17.087838452860368,8.381481,-2.4971073,1969
7235,r4i1p1f1,1969,10,23,19.497968114299354,0.7533987,-5.7543216,1969
7236,r4i1p1f1,1969,10,24,2.3831378462103725,0.69645,-7.217142,1969
7237,r4i1p1f1,1969,10,25,0.0,6.171452,-11.476798,1969
7238,r4i1p1f1,1969,10,26,0.0,6.1359396,-8.173795,1969
7239,r4i1p1f1,1969,10,27,0.0,6.235175,-3.8451757,1969
7240,r4i1p1f1,1969,10,28,0.0,11.16453,-4.1578665,1969
7241,r4i1p1f1,1969,10,29,0.0,14.07708,-0.9214708,1969
7242,r4i1p1f1,1969,10,30,0.19366367657942016,12.121416,0.6127774,1969
7243,r4i1p1f1,1969,10,31,34.96017307970184,8.238451,0.58167434,1969
7244,r4i1p1f1,1969,11,01,20.170855513859195,4.626879,-4.2791224,1969
7245,r4i1p1f1,1969,11,02,14.165223657671884,-1.4870363,-10.180924,1969
7246,r4i1p1f1,1969,11,03,0.0,2.8701754,-14.988769,1969
7247,r4i1p1f1,1969,11,04,0.0,10.862312,-6.421743,1969
7248,r4i1p1f1,1969,11,05,0.0,10.402181,-3.328208,1969
7249,r4i1p1f1,1969,11,06,0.8734008033677716,9.771614,0.37739804,1969
7250,r4i1p1f1,1969,11,07,0.0,9.092047,-3.9922802,1969
7251,r4i1p1f1,1969,11,08,0.0,11.824382,-2.933846,1969
7252,r4i1p1f1,1969,11,09,0.0,11.75357,-3.464348,1969
7253,r4i1p1f1,1969,11,10,0.0,12.1289015,-0.36972922,1969
7254,r4i1p1f1,1969,11,11,0.0,9.894932,2.0972571,1969
7255,r4i1p1f1,1969,11,12,12.29960840600764,8.674323,-0.37002736,1969
7256,r4i1p1f1,1969,11,13,0.7665093896967308,6.087023,-8.016526,1969
7257,r4i1p1f1,1969,11,14,0.0,14.491872,-2.0728743,1969
7258,r4i1p1f1,1969,11,15,0.0,17.87654,1.3171525,1969
7259,r4i1p1f1,1969,11,16,0.0,17.126755,1.2352427,1969
7260,r4i1p1f1,1969,11,17,0.0,15.189752,0.51241773,1969
7261,r4i1p1f1,1969,11,18,0.11235027488666624,13.795278,1.5464671,1969
7262,r4i1p1f1,1969,11,19,0.0,10.819219,0.877625,1969
7263,r4i1p1f1,1969,11,20,0.08545240445725717,8.122612,-1.748412,1969
7264,r4i1p1f1,1969,11,21,13.897463616437534,8.831101,-1.0415933,1969
7265,r4i1p1f1,1969,11,22,11.48029832272528,6.4787784,-0.7719338,1969
7266,r4i1p1f1,1969,11,23,0.0,9.393891,-5.50348,1969
7267,r4i1p1f1,1969,11,24,0.0,11.925681,-3.9514647,1969
7268,r4i1p1f1,1969,11,25,0.0,10.329485,-3.051936,1969
7269,r4i1p1f1,1969,11,26,0.0,10.168378,-3.0568423,1969
7270,r4i1p1f1,1969,11,27,0.0,10.106518,-3.5142808,1969
7271,r4i1p1f1,1969,11,28,0.0,8.405031,-3.5837293,1969
7272,r4i1p1f1,1969,11,29,0.0,7.001158,-3.3388336,1969
7273,r4i1p1f1,1969,11,30,2.0580446500965524,9.526895,-2.2294497,1969
7274,r4i1p1f1,1969,12,01,10.134809338266443,7.679276,0.16056617,1969
7275,r4i1p1f1,1969,12,02,0.9087551934408523,8.366623,0.6504322,1969
7276,r4i1p1f1,1969,12,03,0.0,12.080142,0.2817991,1969
7277,r4i1p1f1,1969,12,04,0.0,14.487377,2.7770467,1969
7278,r4i1p1f1,1969,12,05,0.0,15.837493,5.7932568,1969
7279,r4i1p1f1,1969,12,06,3.705633349658851,15.292324,3.7153065,1969
7280,r4i1p1f1,1969,12,07,0.1798904252696068,9.8905115,-0.5010046,1969
7281,r4i1p1f1,1969,12,08,0.0,7.378159,-3.1240997,1969
7282,r4i1p1f1,1969,12,09,0.0,8.197999,-3.5918531,1969
7283,r4i1p1f1,1969,12,10,0.0,8.215816,-3.2943451,1969
7284,r4i1p1f1,1969,12,11,8.522587124394185,4.4912767,-5.344178,1969
7285,r4i1p1f1,1969,12,12,0.0,4.583851,-7.6016088,1969
7286,r4i1p1f1,1969,12,13,0.0,4.7820764,-6.7418942,1969
7287,r4i1p1f1,1969,12,14,3.0089150733159453,0.78674144,-5.339464,1969
7288,r4i1p1f1,1969,12,15,0.03273506083618428,8.799804,-9.483767,1969
7289,r4i1p1f1,1969,12,16,0.0,8.522544,-3.8663282,1969
7290,r4i1p1f1,1969,12,17,17.068455485011793,4.644209,-5.094663,1969
7291,r4i1p1f1,1969,12,18,2.3349057884991358,-1.402356,-12.15641,1969
7292,r4i1p1f1,1969,12,19,0.2187979641879529,-4.162856,-13.082038,1969
7293,r4i1p1f1,1969,12,20,0.0,-2.090306,-16.301182,1969
7294,r4i1p1f1,1969,12,21,0.0,3.8536348,-10.645989,1969
7295,r4i1p1f1,1969,12,22,0.0,6.372954,-8.631162,1969
7296,r4i1p1f1,1969,12,23,0.0,4.467383,-6.426966,1969
7297,r4i1p1f1,1969,12,24,0.0,2.7055683,-11.242532,1969
7298,r4i1p1f1,1969,12,25,0.6512296099617537,3.5125527,-7.9606123,1969
7299,r4i1p1f1,1969,12,26,0.40418276821007126,6.0498047,-3.1234932,1969
7300,r4i1p1f1,1969,12,27,7.791115740245383,5.8605084,-1.1770321,1969
7301,r4i1p1f1,1969,12,28,13.656396647926833,4.723109,-8.124354,1969
7302,r4i1p1f1,1969,12,29,0.0,-3.1829174,-13.79278,1969
7303,r4i1p1f1,1969,12,30,0.0,-3.2778833,-16.405828,1969
7304,r4i1p1f1,1969,12,31,0.0,0.754886,-10.828231,1969
7305,r4i1p1f1,1970,01,01,7.7067724472726695,-3.583902,-14.190771,1970
7306,r4i1p1f1,1970,01,02,17.45618883693144,-6.1596284,-12.481113,1970
7307,r4i1p1f1,1970,01,03,0.0,-3.392269,-17.434498,1970
7308,r4i1p1f1,1970,01,04,0.0,-2.129723,-17.6914,1970
7309,r4i1p1f1,1970,01,05,0.0,-3.4329538,-16.04012,1970
7310,r4i1p1f1,1970,01,06,0.0,0.528174,-14.59919,1970
7311,r4i1p1f1,1970,01,07,0.0,3.6853187,-12.278309,1970
7312,r4i1p1f1,1970,01,08,0.0,7.6385355,-8.335996,1970
7313,r4i1p1f1,1970,01,09,0.0,8.99448,-1.8977722,1970
7314,r4i1p1f1,1970,01,10,0.0,11.100127,-0.40027207,1970
7315,r4i1p1f1,1970,01,11,0.0,12.467361,-0.8993381,1970
7316,r4i1p1f1,1970,01,12,0.0,10.457274,-2.1447887,1970
7317,r4i1p1f1,1970,01,13,0.0,6.628202,-5.5684075,1970
7318,r4i1p1f1,1970,01,14,0.0,4.9927554,-7.90778,1970
7319,r4i1p1f1,1970,01,15,0.0,8.849732,-5.713338,1970
7320,r4i1p1f1,1970,01,16,0.0,8.467886,-4.7506127,1970
7321,r4i1p1f1,1970,01,17,0.0,7.5982623,-4.4558396,1970
7322,r4i1p1f1,1970,01,18,0.0,9.70641,-4.752763,1970
7323,r4i1p1f1,1970,01,19,0.0,11.077451,-2.526687,1970
7324,r4i1p1f1,1970,01,20,0.0,9.323808,-2.1249428,1970
7325,r4i1p1f1,1970,01,21,6.775182773543752e-05,7.900956,-3.7364142,1970
7326,r4i1p1f1,1970,01,22,0.0,6.5104094,-5.1172333,1970
7327,r4i1p1f1,1970,01,23,0.0,6.4636064,-8.509224,1970
7328,r4i1p1f1,1970,01,24,1.7510895543608354,3.4502385,-7.325627,1970
7329,r4i1p1f1,1970,01,25,19.2242290418515,5.486966,-3.9667003,1970
7330,r4i1p1f1,1970,01,26,0.0,6.816732,0.6332507,1970
7331,r4i1p1f1,1970,01,27,0.0,5.713536,-7.6049623,1970
7332,r4i1p1f1,1970,01,28,0.0,1.2654576,-15.609121,1970
7333,r4i1p1f1,1970,01,29,0.0,5.1824102,-9.87306,1970
7334,r4i1p1f1,1970,01,30,0.0,8.676786,-5.30652,1970
7335,r4i1p1f1,1970,01,31,0.0,7.909505,-4.062311,1970
7336,r4i1p1f1,1970,02,01,0.0,7.9329305,-5.571883,1970
7337,r4i1p1f1,1970,02,02,0.0,7.746065,-7.488216,1970
7338,r4i1p1f1,1970,02,03,0.0,8.141624,-5.142265,1970
7339,r4i1p1f1,1970,02,04,0.0,9.231888,-5.6006274,1970
7340,r4i1p1f1,1970,02,05,0.0,8.744905,-4.6916723,1970
7341,r4i1p1f1,1970,02,06,0.0,8.660451,-5.278415,1970
7342,r4i1p1f1,1970,02,07,0.018444114306480082,7.5062423,-5.6414914,1970
7343,r4i1p1f1,1970,02,08,0.1318800784383094,0.9502861,-12.847945,1970
7344,r4i1p1f1,1970,02,09,0.0,-3.0536535,-14.807513,1970
7345,r4i1p1f1,1970,02,10,0.0,1.8414257,-12.983756,1970
7346,r4i1p1f1,1970,02,11,0.0,0.75701135,-11.081431,1970
7347,r4i1p1f1,1970,02,12,2.454978468982904,-0.95256835,-10.506104,1970
7348,r4i1p1f1,1970,02,13,0.029610798431995506,1.8079443,-9.787854,1970
7349,r4i1p1f1,1970,02,14,0.0,5.6903114,-9.859703,1970
7350,r4i1p1f1,1970,02,15,0.0,6.6643133,-7.5607185,1970
7351,r4i1p1f1,1970,02,16,0.0,6.4604287,-8.077179,1970
7352,r4i1p1f1,1970,02,17,7.091176135886125,1.9006848,-10.192263,1970
7353,r4i1p1f1,1970,02,18,0.0,-4.7771497,-16.07923,1970
7354,r4i1p1f1,1970,02,19,0.0,-4.867024,-18.353207,1970
7355,r4i1p1f1,1970,02,20,0.0,1.8011756,-15.124259,1970
7356,r4i1p1f1,1970,02,21,0.0,1.0425133,-11.365469,1970
7357,r4i1p1f1,1970,02,22,0.0,0.106375374,-12.440553,1970
7358,r4i1p1f1,1970,02,23,0.0,0.445476,-13.082191,1970
7359,r4i1p1f1,1970,02,24,0.0,2.121349,-10.262491,1970
7360,r4i1p1f1,1970,02,25,0.172718505037496,0.9219601,-11.291758,1970
7361,r4i1p1f1,1970,02,26,0.07494113902399123,0.7924675,-11.0874605,1970
7362,r4i1p1f1,1970,02,27,3.899795361968035,-3.0317667,-13.104567,1970
7363,r4i1p1f1,1970,02,28,1.2554627622025218,-3.098296,-15.211046,1970
7364,r4i1p1f1,1970,03,01,0.0,3.3898978,-14.903901,1970
7365,r4i1p1f1,1970,03,02,0.03182804794709211,-0.476584,-10.984301,1970
7366,r4i1p1f1,1970,03,03,0.0,1.3449248,-15.107181,1970
7367,r4i1p1f1,1970,03,04,0.0,5.683071,-11.233588,1970
7368,r4i1p1f1,1970,03,05,0.0,8.384935,-6.309866,1970
7369,r4i1p1f1,1970,03,06,0.0,14.270043,-4.455129,1970
7370,r4i1p1f1,1970,03,07,0.0,13.645739,-1.9578099,1970
7371,r4i1p1f1,1970,03,08,0.0,11.571225,1.3066845,1970
7372,r4i1p1f1,1970,03,09,0.0,9.415354,-7.0248923,1970
7373,r4i1p1f1,1970,03,10,3.422473679904824,4.817635,-7.6886296,1970
7374,r4i1p1f1,1970,03,11,14.444416278406422,-3.491208,-14.210393,1970
7375,r4i1p1f1,1970,03,12,1.5223286111884022,0.3076152,-13.907299,1970
7376,r4i1p1f1,1970,03,13,0.0,11.214796,-8.766915,1970
7377,r4i1p1f1,1970,03,14,0.0,11.598319,-4.2792845,1970
7378,r4i1p1f1,1970,03,15,0.02303300452242422,9.660443,-2.6768656,1970
7379,r4i1p1f1,1970,03,16,0.9966727350807535,2.8656993,-4.421324,1970
7380,r4i1p1f1,1970,03,17,0.0,7.990688,-7.4335833,1970
7381,r4i1p1f1,1970,03,18,0.0,10.254431,-6.7142057,1970
7382,r4i1p1f1,1970,03,19,0.0,8.932791,-3.680165,1970
7383,r4i1p1f1,1970,03,20,5.294582083383027,3.7882974,-4.8836083,1970
7384,r4i1p1f1,1970,03,21,0.0,11.203119,-5.2549276,1970
7385,r4i1p1f1,1970,03,22,8.86763442512886,9.029868,-2.5308301,1970
7386,r4i1p1f1,1970,03,23,7.370853870074475,9.39463,-2.2900093,1970
7387,r4i1p1f1,1970,03,24,2.908187252125975,9.273028,-4.2159715,1970
7388,r4i1p1f1,1970,03,25,0.17682432011892515,10.025503,-2.0613923,1970
7389,r4i1p1f1,1970,03,26,0.01788336739827177,9.295146,-0.33439106,1970
7390,r4i1p1f1,1970,03,27,14.016243040160544,5.3557034,-7.5787945,1970
7391,r4i1p1f1,1970,03,28,14.591163920645014,-2.8801987,-13.602641,1970
7392,r4i1p1f1,1970,03,29,18.08049433245176,-4.0253963,-11.228,1970
7393,r4i1p1f1,1970,03,30,0.0,0.74149245,-19.464172,1970
7394,r4i1p1f1,1970,03,31,0.5039501293889342,1.1058927,-12.026175,1970
7395,r4i1p1f1,1970,04,01,0.0,6.8738446,-11.090514,1970
7396,r4i1p1f1,1970,04,02,0.0,11.216611,-7.597696,1970
7397,r4i1p1f1,1970,04,03,0.0,12.911475,-4.9104137,1970
7398,r4i1p1f1,1970,04,04,0.0,11.656674,-1.5513391,1970
7399,r4i1p1f1,1970,04,05,0.02792074843307186,9.752839,-3.7966907,1970
7400,r4i1p1f1,1970,04,06,6.458177758719613,2.2861502,-4.523573,1970
7401,r4i1p1f1,1970,04,07,2.775703912644794,5.951349,-6.217003,1970
7402,r4i1p1f1,1970,04,08,0.008441312414053007,9.83582,-5.807771,1970
7403,r4i1p1f1,1970,04,09,0.0,12.077291,-2.7051485,1970
7404,r4i1p1f1,1970,04,10,0.0,13.197992,-1.0417247,1970
7405,r4i1p1f1,1970,04,11,0.0,14.295673,-1.1655737,1970
7406,r4i1p1f1,1970,04,12,0.0,13.6325445,-0.7537174,1970
7407,r4i1p1f1,1970,04,13,0.0,14.011972,-2.0759938,1970
7408,r4i1p1f1,1970,04,14,0.0,12.505547,-0.078614384,1970
7409,r4i1p1f1,1970,04,15,0.0,14.859989,-1.4573458,1970
7410,r4i1p1f1,1970,04,16,0.0,19.05739,1.797775,1970
7411,r4i1p1f1,1970,04,17,0.0,20.067886,4.9057803,1970
7412,r4i1p1f1,1970,04,18,0.0,18.324734,3.784729,1970
7413,r4i1p1f1,1970,04,19,0.3811540293379669,11.575146,-3.9220655,1970
7414,r4i1p1f1,1970,04,20,0.0,8.753579,-5.1626225,1970
7415,r4i1p1f1,1970,04,21,0.09526957186098038,12.145024,-3.0202038,1970
7416,r4i1p1f1,1970,04,22,5.973713301997674,9.56294,-3.9126341,1970
7417,r4i1p1f1,1970,04,23,15.27697574963574,8.213637,-5.9207196,1970
7418,r4i1p1f1,1970,04,24,7.751736183367259,8.314085,-5.8109326,1970
7419,r4i1p1f1,1970,04,25,3.427173737068126,5.146001,-5.0014505,1970
7420,r4i1p1f1,1970,04,26,1.5354542142956658,8.382982,-5.865941,1970
7421,r4i1p1f1,1970,04,27,1.0568979778985506,12.599123,-3.9875875,1970
7422,r4i1p1f1,1970,04,28,1.8711640468815172,10.632239,-2.0202131,1970
7423,r4i1p1f1,1970,04,29,0.19563463187897134,13.842551,0.72875106,1970
7424,r4i1p1f1,1970,04,30,0.6052489166345018,14.439619,0.55700505,1970
7425,r4i1p1f1,1970,05,01,0.022579668083426235,16.458586,2.461649,1970
7426,r4i1p1f1,1970,05,02,0.0,17.82464,2.702123,1970
7427,r4i1p1f1,1970,05,03,0.5316913301402775,17.006477,1.9253231,1970
7428,r4i1p1f1,1970,05,04,0.4737443198499689,16.06329,1.0415276,1970
7429,r4i1p1f1,1970,05,05,0.44666044926158904,14.128419,2.0509918,1970
7430,r4i1p1f1,1970,05,06,0.000109162129153212,11.118236,-0.1601983,1970
7431,r4i1p1f1,1970,05,07,0.0,11.49273,-0.98730373,1970
7432,r4i1p1f1,1970,05,08,0.0,10.675128,-2.0328624,1970
7433,r4i1p1f1,1970,05,09,1.966887239590777,6.1762815,-2.5373135,1970
7434,r4i1p1f1,1970,05,10,0.693364983486571,8.764371,-3.0949476,1970
7435,r4i1p1f1,1970,05,11,0.18111899164142822,8.357665,-1.7379184,1970
7436,r4i1p1f1,1970,05,12,0.15872496138292583,5.7599044,-3.9885857,1970
7437,r4i1p1f1,1970,05,13,0.0,10.26611,-4.6208277,1970
7438,r4i1p1f1,1970,05,14,0.0,14.778095,-0.59493494,1970
7439,r4i1p1f1,1970,05,15,0.0,18.184937,2.6795883,1970
7440,r4i1p1f1,1970,05,16,0.0,19.92934,4.1410646,1970
7441,r4i1p1f1,1970,05,17,0.0,21.682592,5.964622,1970
7442,r4i1p1f1,1970,05,18,0.0,22.569815,6.9875426,1970
7443,r4i1p1f1,1970,05,19,1.3207804415444067,21.620106,5.8703136,1970
7444,r4i1p1f1,1970,05,20,0.0,20.928825,6.834155,1970
7445,r4i1p1f1,1970,05,21,0.0,19.62626,5.7720923,1970
7446,r4i1p1f1,1970,05,22,0.0,18.554157,4.331721,1970
7447,r4i1p1f1,1970,05,23,0.0,18.198122,3.4698806,1970
7448,r4i1p1f1,1970,05,24,0.0,17.591734,4.176793,1970
7449,r4i1p1f1,1970,05,25,0.0,21.615456,6.148227,1970
7450,r4i1p1f1,1970,05,26,0.0,22.271431,6.773549,1970
7451,r4i1p1f1,1970,05,27,0.006105857508011295,20.574806,8.367805,1970
7452,r4i1p1f1,1970,05,28,0.0,17.782309,4.7817893,1970
7453,r4i1p1f1,1970,05,29,0.07448530690354713,16.739212,3.3528914,1970
7454,r4i1p1f1,1970,05,30,0.0,19.27206,3.6993916,1970
7455,r4i1p1f1,1970,05,31,0.0,18.864437,5.7976484,1970
7456,r4i1p1f1,1970,06,01,0.0,17.116423,3.7421207,1970
7457,r4i1p1f1,1970,06,02,0.0,16.210413,0.27779502,1970
7458,r4i1p1f1,1970,06,03,0.0,18.65165,2.5133803,1970
7459,r4i1p1f1,1970,06,04,0.0,21.700932,5.8478155,1970
7460,r4i1p1f1,1970,06,05,0.0,22.031115,7.4993873,1970
7461,r4i1p1f1,1970,06,06,0.0,20.861118,6.0557766,1970
7462,r4i1p1f1,1970,06,07,0.0,22.502306,5.36071,1970
7463,r4i1p1f1,1970,06,08,0.0,21.590242,7.242881,1970
7464,r4i1p1f1,1970,06,09,0.0,17.94791,3.5133603,1970
7465,r4i1p1f1,1970,06,10,0.0,17.442242,2.0655668,1970
7466,r4i1p1f1,1970,06,11,0.0,17.780106,4.3582478,1970
7467,r4i1p1f1,1970,06,12,0.0,17.215725,4.163784,1970
7468,r4i1p1f1,1970,06,13,0.0,20.16214,3.8950229,1970
7469,r4i1p1f1,1970,06,14,0.0,19.574614,6.617978,1970
7470,r4i1p1f1,1970,06,15,0.09517953923389282,21.16841,4.496299,1970
7471,r4i1p1f1,1970,06,16,0.0,24.38473,7.424137,1970
7472,r4i1p1f1,1970,06,17,0.22747279811182747,23.005596,9.28688,1970
7473,r4i1p1f1,1970,06,18,0.0,20.839895,5.4623466,1970
7474,r4i1p1f1,1970,06,19,0.0,20.44094,5.070571,1970
7475,r4i1p1f1,1970,06,20,0.0,21.72273,6.262058,1970
7476,r4i1p1f1,1970,06,21,0.0,20.841667,6.898069,1970
7477,r4i1p1f1,1970,06,22,0.0,21.033312,5.857303,1970
7478,r4i1p1f1,1970,06,23,0.0,21.707912,6.2453475,1970
7479,r4i1p1f1,1970,06,24,0.0,22.918125,6.564458,1970
7480,r4i1p1f1,1970,06,25,0.0,23.083261,8.428497,1970
7481,r4i1p1f1,1970,06,26,0.0,24.699612,8.774654,1970
7482,r4i1p1f1,1970,06,27,0.0,28.346704,11.051878,1970
7483,r4i1p1f1,1970,06,28,0.0,28.8976,11.94197,1970
7484,r4i1p1f1,1970,06,29,0.0,27.1913,12.514843,1970
7485,r4i1p1f1,1970,06,30,0.0,25.663263,10.027469,1970
7486,r4i1p1f1,1970,07,01,0.0,26.748367,9.707028,1970
7487,r4i1p1f1,1970,07,02,0.0,25.857693,10.865058,1970
7488,r4i1p1f1,1970,07,03,0.0,25.203695,9.826724,1970
7489,r4i1p1f1,1970,07,04,0.0,24.637531,7.659127,1970
7490,r4i1p1f1,1970,07,05,0.0,23.798475,8.978138,1970
7491,r4i1p1f1,1970,07,06,0.0,22.977966,7.485351,1970
7492,r4i1p1f1,1970,07,07,0.0,22.298,7.3289104,1970
7493,r4i1p1f1,1970,07,08,0.0,23.587378,7.0855436,1970
7494,r4i1p1f1,1970,07,09,0.0,25.881756,8.748582,1970
7495,r4i1p1f1,1970,07,10,0.0,25.903673,9.341745,1970
7496,r4i1p1f1,1970,07,11,0.0,25.955807,9.049589,1970
7497,r4i1p1f1,1970,07,12,0.0,27.374796,10.786616,1970
7498,r4i1p1f1,1970,07,13,0.0,27.02924,11.870599,1970
7499,r4i1p1f1,1970,07,14,0.0,26.485018,10.572369,1970
7500,r4i1p1f1,1970,07,15,0.0,25.574669,10.9037,1970
7501,r4i1p1f1,1970,07,16,0.0,26.775982,10.568255,1970
7502,r4i1p1f1,1970,07,17,0.0,28.680376,11.15672,1970
7503,r4i1p1f1,1970,07,18,0.0,28.191015,13.869554,1970
7504,r4i1p1f1,1970,07,19,0.0,27.273643,13.598793,1970
7505,r4i1p1f1,1970,07,20,0.0,27.419916,12.918011,1970
7506,r4i1p1f1,1970,07,21,0.0235514053070077,27.972828,11.941976,1970
7507,r4i1p1f1,1970,07,22,0.17588449869246556,27.92431,12.024101,1970
7508,r4i1p1f1,1970,07,23,0.0,27.221413,12.181201,1970
7509,r4i1p1f1,1970,07,24,0.0,25.083216,9.269376,1970
7510,r4i1p1f1,1970,07,25,0.0,26.287104,9.623098,1970
7511,r4i1p1f1,1970,07,26,0.0,27.325037,10.482152,1970
7512,r4i1p1f1,1970,07,27,0.0,27.684208,11.071276,1970
7513,r4i1p1f1,1970,07,28,0.0,28.559412,11.302373,1970
7514,r4i1p1f1,1970,07,29,0.0,28.772327,12.687188,1970
7515,r4i1p1f1,1970,07,30,0.0,28.057802,12.570698,1970
7516,r4i1p1f1,1970,07,31,0.0,27.21951,11.4287815,1970
7517,r4i1p1f1,1970,08,01,0.0,26.409868,11.050878,1970
7518,r4i1p1f1,1970,08,02,0.0,26.56646,10.446121,1970
7519,r4i1p1f1,1970,08,03,0.0,26.490751,10.844724,1970
7520,r4i1p1f1,1970,08,04,0.0,27.08575,9.931695,1970
7521,r4i1p1f1,1970,08,05,0.0,27.045244,10.460635,1970
7522,r4i1p1f1,1970,08,06,0.0,26.542238,10.225735,1970
7523,r4i1p1f1,1970,08,07,0.0,25.727398,10.488844,1970
7524,r4i1p1f1,1970,08,08,0.0,23.41864,7.4254837,1970
7525,r4i1p1f1,1970,08,09,0.0,24.49489,8.040438,1970
7526,r4i1p1f1,1970,08,10,0.0,25.876364,9.549909,1970
7527,r4i1p1f1,1970,08,11,0.0,28.019651,10.531512,1970
7528,r4i1p1f1,1970,08,12,0.0,28.094688,11.230933,1970
7529,r4i1p1f1,1970,08,13,0.0,26.639978,12.075411,1970
7530,r4i1p1f1,1970,08,14,0.0,25.326748,12.473263,1970
7531,r4i1p1f1,1970,08,15,0.8944110472555424,24.905111,10.036678,1970
7532,r4i1p1f1,1970,08,16,0.0,23.286854,8.381071,1970
7533,r4i1p1f1,1970,08,17,0.0,20.48846,4.3769107,1970
7534,r4i1p1f1,1970,08,18,0.0,19.780117,4.1260457,1970
7535,r4i1p1f1,1970,08,19,0.0,19.914991,4.1661572,1970
7536,r4i1p1f1,1970,08,20,0.0,19.091766,5.3010116,1970
7537,r4i1p1f1,1970,08,21,0.0,19.605686,4.5165133,1970
7538,r4i1p1f1,1970,08,22,0.0,18.057783,2.8869512,1970
7539,r4i1p1f1,1970,08,23,0.002761441119136636,16.608519,3.0308895,1970
7540,r4i1p1f1,1970,08,24,0.008077532942175057,15.627037,3.4497943,1970
7541,r4i1p1f1,1970,08,25,0.004694873571914212,20.017746,4.9746366,1970
7542,r4i1p1f1,1970,08,26,0.0,25.41113,8.210548,1970
7543,r4i1p1f1,1970,08,27,0.23343545421315315,25.682724,9.190417,1970
7544,r4i1p1f1,1970,08,28,0.007699829415888083,23.153795,8.474809,1970
7545,r4i1p1f1,1970,08,29,0.007116091432370145,22.805498,8.974643,1970
7546,r4i1p1f1,1970,08,30,0.0,22.041115,7.4099565,1970
7547,r4i1p1f1,1970,08,31,0.008125522597197747,21.477587,8.01703,1970
7548,r4i1p1f1,1970,09,01,0.0013155353211486193,20.033478,6.1052365,1970
7549,r4i1p1f1,1970,09,02,0.0,16.762943,3.7497454,1970
7550,r4i1p1f1,1970,09,03,0.0,19.028492,2.6208618,1970
7551,r4i1p1f1,1970,09,04,0.0,22.439875,5.422139,1970
7552,r4i1p1f1,1970,09,05,0.0,25.004747,8.264106,1970
7553,r4i1p1f1,1970,09,06,0.0,24.391676,9.1943035,1970
7554,r4i1p1f1,1970,09,07,1.5469156077361892,22.854176,9.126837,1970
7555,r4i1p1f1,1970,09,08,4.346370935715282,21.619274,9.318484,1970
7556,r4i1p1f1,1970,09,09,3.239465728764763,22.635014,8.069373,1970
7557,r4i1p1f1,1970,09,10,2.9205339121681266,21.19752,6.862135,1970
7558,r4i1p1f1,1970,09,11,1.0153017913255584,18.2416,4.6718082,1970
7559,r4i1p1f1,1970,09,12,0.0,16.965076,2.9123569,1970
7560,r4i1p1f1,1970,09,13,0.0,18.559036,3.1059487,1970
7561,r4i1p1f1,1970,09,14,0.0,20.14884,4.57113,1970
7562,r4i1p1f1,1970,09,15,0.0,22.70269,7.316127,1970
7563,r4i1p1f1,1970,09,16,0.0,24.180805,7.3324876,1970
7564,r4i1p1f1,1970,09,17,0.0,24.88239,8.3835,1970
7565,r4i1p1f1,1970,09,18,0.0034717086763690094,24.09203,8.497551,1970
7566,r4i1p1f1,1970,09,19,0.0,23.312056,8.01358,1970
7567,r4i1p1f1,1970,09,20,0.3872822533759059,22.33777,7.2843056,1970
7568,r4i1p1f1,1970,09,21,2.841896233574895,22.271122,8.718274,1970
7569,r4i1p1f1,1970,09,22,0.6202013782943004,17.353588,7.4439964,1970
7570,r4i1p1f1,1970,09,23,0.006046487103802114,16.526295,1.8012038,1970
7571,r4i1p1f1,1970,09,24,0.0,18.170135,1.7786671,1970
7572,r4i1p1f1,1970,09,25,0.0,21.18731,5.4805145,1970
7573,r4i1p1f1,1970,09,26,0.0,21.993084,6.6196094,1970
7574,r4i1p1f1,1970,09,27,0.0,20.676098,6.362219,1970
7575,r4i1p1f1,1970,09,28,0.0,20.295631,5.3246574,1970
7576,r4i1p1f1,1970,09,29,0.0,21.211159,7.61964,1970
7577,r4i1p1f1,1970,09,30,0.0,22.853985,7.5044203,1970
7578,r4i1p1f1,1970,10,01,0.0,23.571566,7.5109425,1970
7579,r4i1p1f1,1970,10,02,0.0,22.416945,8.365204,1970
7580,r4i1p1f1,1970,10,03,0.0,20.673903,7.8636765,1970
7581,r4i1p1f1,1970,10,04,0.0,20.545174,3.8093815,1970
7582,r4i1p1f1,1970,10,05,0.0,21.652233,5.8602815,1970
7583,r4i1p1f1,1970,10,06,0.0,22.09435,7.5453725,1970
7584,r4i1p1f1,1970,10,07,0.0,23.348661,6.6789937,1970
7585,r4i1p1f1,1970,10,08,0.0,23.08269,8.775253,1970
7586,r4i1p1f1,1970,10,09,0.0,22.34036,7.8134737,1970
7587,r4i1p1f1,1970,10,10,0.19131184960574563,19.47764,6.684973,1970
7588,r4i1p1f1,1970,10,11,0.0,17.92289,2.9843175,1970
7589,r4i1p1f1,1970,10,12,1.0653988491451842,16.843908,3.2187839,1970
7590,r4i1p1f1,1970,10,13,0.16907523574005462,11.359088,-2.6342232,1970
7591,r4i1p1f1,1970,10,14,0.0,13.326339,-1.6336582,1970
7592,r4i1p1f1,1970,10,15,0.0,16.697372,0.8028617,1970
7593,r4i1p1f1,1970,10,16,0.0,17.857857,2.3331206,1970
7594,r4i1p1f1,1970,10,17,0.0,18.244759,3.1330776,1970
7595,r4i1p1f1,1970,10,18,0.0,20.702837,4.9107585,1970
7596,r4i1p1f1,1970,10,19,0.0,21.759432,5.887059,1970
7597,r4i1p1f1,1970,10,20,0.0,21.067305,6.4454093,1970
7598,r4i1p1f1,1970,10,21,0.0,19.950432,5.7706766,1970
7599,r4i1p1f1,1970,10,22,0.0,18.103249,3.534429,1970
7600,r4i1p1f1,1970,10,23,0.3322419752796155,16.127903,4.3492646,1970
7601,r4i1p1f1,1970,10,24,0.0,10.970055,-2.9066405,1970
7602,r4i1p1f1,1970,10,25,0.0,14.88069,-0.84778184,1970
7603,r4i1p1f1,1970,10,26,0.0,14.941204,-0.5309101,1970
7604,r4i1p1f1,1970,10,27,0.0,12.80401,1.9122044,1970
7605,r4i1p1f1,1970,10,28,0.10511209466995047,10.205229,0.1781423,1970
7606,r4i1p1f1,1970,10,29,0.0,15.2850685,-0.5183281,1970
7607,r4i1p1f1,1970,10,30,0.01840935189701507,17.475052,1.5210884,1970
7608,r4i1p1f1,1970,10,31,7.420505449844893,20.316341,8.44656,1970
7609,r4i1p1f1,1970,11,01,2.4564882456375283,11.353883,-1.0346999,1970
7610,r4i1p1f1,1970,11,02,0.0,11.971081,-1.4304116,1970
7611,r4i1p1f1,1970,11,03,3.2080188804108287,14.106879,2.8226461,1970
7612,r4i1p1f1,1970,11,04,30.237330316262515,7.845869,-0.042171497,1970
7613,r4i1p1f1,1970,11,05,6.497022667394032,8.653943,-2.3129737,1970
7614,r4i1p1f1,1970,11,06,5.3325011129526585,6.966354,-3.8840013,1970
7615,r4i1p1f1,1970,11,07,4.095974693267618,-2.2201445,-10.25811,1970
7616,r4i1p1f1,1970,11,08,0.7111501872812912,-0.59435356,-11.493819,1970
7617,r4i1p1f1,1970,11,09,1.5181172860636718,-0.509929,-13.158951,1970
7618,r4i1p1f1,1970,11,10,4.279254846849291,1.7740567,-7.342292,1970
7619,r4i1p1f1,1970,11,11,0.0,7.382003,-11.050272,1970
7620,r4i1p1f1,1970,11,12,0.0,6.862185,-6.713937,1970
7621,r4i1p1f1,1970,11,13,21.88211667753874,4.726855,-6.002217,1970
7622,r4i1p1f1,1970,11,14,17.18792580523764,-1.9860672,-12.126604,1970
7623,r4i1p1f1,1970,11,15,7.96591600090949,-3.9563606,-10.589006,1970
7624,r4i1p1f1,1970,11,16,0.0,-1.8333889,-14.036082,1970
7625,r4i1p1f1,1970,11,17,0.0,8.272467,-9.759224,1970
7626,r4i1p1f1,1970,11,18,0.0,7.991472,-6.5846725,1970
7627,r4i1p1f1,1970,11,19,0.0,7.13804,-6.0234575,1970
7628,r4i1p1f1,1970,11,20,0.0,5.269815,-6.4697695,1970
7629,r4i1p1f1,1970,11,21,0.0,5.6834116,-10.071703,1970
7630,r4i1p1f1,1970,11,22,0.0,8.40745,-6.375772,1970
7631,r4i1p1f1,1970,11,23,30.914567186122095,5.4808974,-1.2182647,1970
7632,r4i1p1f1,1970,11,24,74.07000224259829,4.85508,-2.258295,1970
7633,r4i1p1f1,1970,11,25,3.0242709798309835,0.8620418,-10.050747,1970
7634,r4i1p1f1,1970,11,26,0.0,0.6627715,-9.543803,1970
7635,r4i1p1f1,1970,11,27,9.863561658058062,-0.13361797,-8.375441,1970
7636,r4i1p1f1,1970,11,28,1.9887810304907243,0.24376883,-8.99895,1970
7637,r4i1p1f1,1970,11,29,0.05612308330011103,0.051117428,-15.1495905,1970
7638,r4i1p1f1,1970,11,30,10.509031960465846,-5.7940764,-14.664389,1970
7639,r4i1p1f1,1970,12,01,8.546887064085034,-1.607052,-10.504319,1970
7640,r4i1p1f1,1970,12,02,0.0,3.7122371,-8.179495,1970
7641,r4i1p1f1,1970,12,03,0.289120028335929,-0.20814611,-9.624461,1970
7642,r4i1p1f1,1970,12,04,0.7360187241948754,0.94179827,-7.3183956,1970
7643,r4i1p1f1,1970,12,05,0.5109141124350522,1.4926534,-6.993571,1970
7644,r4i1p1f1,1970,12,06,0.11493207600995044,1.0187074,-5.0785713,1970
7645,r4i1p1f1,1970,12,07,0.1298893059364718,0.5492281,-7.7386885,1970
7646,r4i1p1f1,1970,12,08,0.0,1.0721011,-13.458441,1970
7647,r4i1p1f1,1970,12,09,0.0,0.1666201,-11.912821,1970
7648,r4i1p1f1,1970,12,10,0.0,6.01591,-7.448504,1970
7649,r4i1p1f1,1970,12,11,0.0,9.5364685,-3.8917987,1970
7650,r4i1p1f1,1970,12,12,0.0,8.419611,-3.8779204,1970
7651,r4i1p1f1,1970,12,13,0.0,7.530878,-0.6825641,1970
7652,r4i1p1f1,1970,12,14,0.0,9.918526,-2.5047216,1970
7653,r4i1p1f1,1970,12,15,0.376440739231699,7.567775,-3.5834563,1970
7654,r4i1p1f1,1970,12,16,1.4358154201570095,3.397775,-7.016817,1970
7655,r4i1p1f1,1970,12,17,2.060759028413136,0.81238884,-10.81464,1970
7656,r4i1p1f1,1970,12,18,0.524966142664988,-0.7463379,-12.838091,1970
7657,r4i1p1f1,1970,12,19,0.03901492924245454,3.8111906,-4.561053,1970
7658,r4i1p1f1,1970,12,20,0.0,4.162637,-7.8039083,1970
7659,r4i1p1f1,1970,12,21,0.0,5.2577806,-7.33173,1970
7660,r4i1p1f1,1970,12,22,0.0,4.2986693,-7.410618,1970
7661,r4i1p1f1,1970,12,23,0.0,5.0645413,-6.28413,1970
7662,r4i1p1f1,1970,12,24,0.0,7.8011975,-6.0013843,1970
7663,r4i1p1f1,1970,12,25,0.0,6.654428,-6.282507,1970
7664,r4i1p1f1,1970,12,26,0.0,7.622615,-5.2932944,1970
7665,r4i1p1f1,1970,12,27,0.0,8.357927,-4.632729,1970
7666,r4i1p1f1,1970,12,28,0.0,7.619426,-4.3825884,1970
7667,r4i1p1f1,1970,12,29,0.0,5.940317,-6.624422,1970
7668,r4i1p1f1,1970,12,30,26.576418918452113,0.27316642,-7.5782714,1970
7669,r4i1p1f1,1970,12,31,45.31308479472253,-1.9452281,-7.597747,1970
7670,r4i1p1f1,1971,01,01,38.83537186185379,0.07092196,-6.6145606,1971
7671,r4i1p1f1,1971,01,02,17.54328268295685,-0.68145317,-7.5721684,1971
7672,r4i1p1f1,1971,01,03,2.3036163950864936,-2.6427631,-11.28415,1971
7673,r4i1p1f1,1971,01,04,0.05260228794402924,-3.5633564,-15.603919,1971
7674,r4i1p1f1,1971,01,05,0.00605758719938508,2.6968188,-10.974768,1971
7675,r4i1p1f1,1971,01,06,2.4138701045743454,0.13445465,-8.363484,1971
7676,r4i1p1f1,1971,01,07,17.60891414820575,-3.02967,-8.693986,1971
7677,r4i1p1f1,1971,01,08,4.124764787938316,0.18713917,-7.8989663,1971
7678,r4i1p1f1,1971,01,09,4.848211803057716,0.6571508,-6.5320253,1971
7679,r4i1p1f1,1971,01,10,0.0,2.2379746,-10.162554,1971
7680,r4i1p1f1,1971,01,11,0.7186561613485224,0.7888888,-5.3810644,1971
7681,r4i1p1f1,1971,01,12,0.0,0.6909491,-11.243171,1971
7682,r4i1p1f1,1971,01,13,0.307581752542105,-1.5977082,-10.095404,1971
7683,r4i1p1f1,1971,01,14,0.0,3.567901,-10.119934,1971
7684,r4i1p1f1,1971,01,15,0.0,5.6732736,-7.628317,1971
7685,r4i1p1f1,1971,01,16,0.0,5.0972548,-8.745335,1971
7686,r4i1p1f1,1971,01,17,3.5109785186443943,-0.8638728,-7.448499,1971
7687,r4i1p1f1,1971,01,18,6.661411914518799,-4.3763623,-9.542802,1971
7688,r4i1p1f1,1971,01,19,4.029443240958915,0.27305245,-10.20299,1971
7689,r4i1p1f1,1971,01,20,4.501096773554194,-0.48993155,-8.876424,1971
7690,r4i1p1f1,1971,01,21,0.11145998547667516,3.4660628,-8.621706,1971
7691,r4i1p1f1,1971,01,22,0.0,5.6826997,-8.109209,1971
7692,r4i1p1f1,1971,01,23,0.0,7.3355002,-5.803593,1971
7693,r4i1p1f1,1971,01,24,3.8642845505457273,3.3734093,-5.200544,1971
7694,r4i1p1f1,1971,01,25,3.866919902527745,9.851102,-1.5361795,1971
7695,r4i1p1f1,1971,01,26,0.2300618230486373,12.451469,0.7842354,1971
7696,r4i1p1f1,1971,01,27,0.0,10.462412,-0.17020944,1971
7697,r4i1p1f1,1971,01,28,0.0,10.277205,-2.058385,1971
7698,r4i1p1f1,1971,01,29,1.2261241335416269,8.051241,-2.1886683,1971
7699,r4i1p1f1,1971,01,30,0.0,1.0141014,-9.969215,1971
7700,r4i1p1f1,1971,01,31,0.0,0.17813386,-12.225711,1971
7701,r4i1p1f1,1971,02,01,0.0,-1.671611,-10.408085,1971
7702,r4i1p1f1,1971,02,02,1.3707026511023352,-5.248151,-14.847358,1971
7703,r4i1p1f1,1971,02,03,0.5937326368916626,-4.515891,-14.293979,1971
7704,r4i1p1f1,1971,02,04,0.1106924179161341,-4.303571,-15.602674,1971
7705,r4i1p1f1,1971,02,05,21.42020525665331,-6.951494,-16.298891,1971
7706,r4i1p1f1,1971,02,06,56.89965993386158,-6.103452,-12.802443,1971
7707,r4i1p1f1,1971,02,07,18.020502781216003,-5.9537897,-13.311324,1971
7708,r4i1p1f1,1971,02,08,0.0,-1.8843671,-13.531684,1971
7709,r4i1p1f1,1971,02,09,0.0,0.5047189,-14.373545,1971
7710,r4i1p1f1,1971,02,10,1.344490652500675,-3.440552,-14.700441,1971
7711,r4i1p1f1,1971,02,11,7.005414871482612,-2.932797,-11.859226,1971
7712,r4i1p1f1,1971,02,12,33.71749907032464,-3.5039673,-10.203628,1971
7713,r4i1p1f1,1971,02,13,54.402970311198196,-3.4578261,-9.249194,1971
7714,r4i1p1f1,1971,02,14,4.038228477019077,-5.1373672,-15.606771,1971
7715,r4i1p1f1,1971,02,15,14.660259402408139,-5.5217423,-12.621218,1971
7716,r4i1p1f1,1971,02,16,0.0,-4.848771,-17.48529,1971
7717,r4i1p1f1,1971,02,17,28.48683285629124,-4.854414,-13.480259,1971
7718,r4i1p1f1,1971,02,18,3.237923864399073,-2.7276733,-12.857585,1971
7719,r4i1p1f1,1971,02,19,0.0,-1.2207954,-14.40913,1971
7720,r4i1p1f1,1971,02,20,0.0,-1.0822606,-10.153976,1971
7721,r4i1p1f1,1971,02,21,0.0,1.1429029,-10.829349,1971
7722,r4i1p1f1,1971,02,22,0.0009047674824803967,-0.11946368,-7.5696635,1971
7723,r4i1p1f1,1971,02,23,29.45645432371427,-1.9231457,-9.71728,1971
7724,r4i1p1f1,1971,02,24,0.0,-1.9603856,-13.569805,1971
7725,r4i1p1f1,1971,02,25,8.57432126543973,-2.2877064,-11.346917,1971
7726,r4i1p1f1,1971,02,26,8.35474513081188,2.5551264,-7.1577387,1971
7727,r4i1p1f1,1971,02,27,0.0,6.4558096,-6.0399837,1971
7728,r4i1p1f1,1971,02,28,0.0,5.979813,-6.403074,1971
7729,r4i1p1f1,1971,03,01,0.0,5.9825993,-7.199055,1971
7730,r4i1p1f1,1971,03,02,0.0,6.434308,-9.721205,1971
7731,r4i1p1f1,1971,03,03,0.05593796828113774,5.5178156,-4.286449,1971
7732,r4i1p1f1,1971,03,04,0.0,5.7985826,-7.642501,1971
7733,r4i1p1f1,1971,03,05,0.0,6.4326944,-8.614522,1971
7734,r4i1p1f1,1971,03,06,0.0,7.107313,-8.910915,1971
7735,r4i1p1f1,1971,03,07,18.459813638402746,1.8352644,-5.9591494,1971
7736,r4i1p1f1,1971,03,08,41.96092012702862,-1.0603937,-6.1904716,1971
7737,r4i1p1f1,1971,03,09,0.3988244850990166,3.1609168,-6.4501834,1971
7738,r4i1p1f1,1971,03,10,0.0,3.752686,-7.6616917,1971
7739,r4i1p1f1,1971,03,11,9.624013091633476,0.5953901,-7.0535445,1971
7740,r4i1p1f1,1971,03,12,5.991820773731773,1.8040228,-5.192943,1971
7741,r4i1p1f1,1971,03,13,0.5132942303764418,4.4406877,-7.5040255,1971
7742,r4i1p1f1,1971,03,14,2.2643703540878595,2.9542086,-5.852704,1971
7743,r4i1p1f1,1971,03,15,3.439696861346934,1.9773993,-5.42109,1971
7744,r4i1p1f1,1971,03,16,0.0007213280293000104,6.065932,-4.0788813,1971
7745,r4i1p1f1,1971,03,17,0.0,8.345397,-6.114682,1971
7746,r4i1p1f1,1971,03,18,0.0,8.805117,-4.596157,1971
7747,r4i1p1f1,1971,03,19,0.0,9.826511,-4.183373,1971
7748,r4i1p1f1,1971,03,20,4.5887134320414935,6.271356,-5.371034,1971
7749,r4i1p1f1,1971,03,21,2.4391493283128427,5.510108,-3.9214134,1971
7750,r4i1p1f1,1971,03,22,0.0,7.4144006,-5.2452,1971
7751,r4i1p1f1,1971,03,23,0.0,8.864215,-5.176381,1971
7752,r4i1p1f1,1971,03,24,0.0,9.179944,-3.7690475,1971
7753,r4i1p1f1,1971,03,25,0.0,9.526968,-3.1277087,1971
7754,r4i1p1f1,1971,03,26,0.0,10.597735,-3.579513,1971
7755,r4i1p1f1,1971,03,27,0.0,12.008524,-1.8997891,1971
7756,r4i1p1f1,1971,03,28,0.0,13.105902,1.312909,1971
7757,r4i1p1f1,1971,03,29,0.05420008961022284,11.914625,1.8434325,1971
7758,r4i1p1f1,1971,03,30,7.473598429680343,6.4826336,-0.53954893,1971
7759,r4i1p1f1,1971,03,31,0.3355000689402523,7.5939813,-4.14053,1971
7760,r4i1p1f1,1971,04,01,0.0,9.79933,-4.663127,1971
7761,r4i1p1f1,1971,04,02,0.546116628329524,8.340669,-4.100636,1971
7762,r4i1p1f1,1971,04,03,12.189870028982014,-0.75034577,-7.335935,1971
7763,r4i1p1f1,1971,04,04,1.5532934802769178,1.7736998,-7.5272665,1971
7764,r4i1p1f1,1971,04,05,0.0,6.0757747,-8.454736,1971
7765,r4i1p1f1,1971,04,06,1.6756604541456515,4.049786,-4.740385,1971
7766,r4i1p1f1,1971,04,07,7.015660829835407e-05,7.4099736,-4.5878315,1971
7767,r4i1p1f1,1971,04,08,0.0,11.270363,-3.9348006,1971
7768,r4i1p1f1,1971,04,09,0.0,10.796967,-2.995685,1971
7769,r4i1p1f1,1971,04,10,1.5312240038212819,10.205832,-0.18574275,1971
7770,r4i1p1f1,1971,04,11,36.484160475913285,3.5736575,-3.18577,1971
7771,r4i1p1f1,1971,04,12,21.062568428439437,-1.4703499,-10.7502,1971
7772,r4i1p1f1,1971,04,13,8.53529244978576,0.18603833,-8.838939,1971
7773,r4i1p1f1,1971,04,14,0.0,9.568277,-6.7880187,1971
7774,r4i1p1f1,1971,04,15,0.0,9.86638,-1.2919182,1971
7775,r4i1p1f1,1971,04,16,0.7959464626814495,6.5926547,-0.12515645,1971
7776,r4i1p1f1,1971,04,17,18.043378551940464,3.7548892,-9.769996,1971
7777,r4i1p1f1,1971,04,18,0.0,9.581195,-5.1751356,1971
7778,r4i1p1f1,1971,04,19,0.0,13.244624,0.074497,1971
7779,r4i1p1f1,1971,04,20,0.0,12.106021,3.7566934,1971
7780,r4i1p1f1,1971,04,21,14.930579324517076,4.109768,-8.218983,1971
7781,r4i1p1f1,1971,04,22,8.656113471691517,-3.074668,-11.055352,1971
7782,r4i1p1f1,1971,04,23,0.0,4.1752295,-10.34048,1971
7783,r4i1p1f1,1971,04,24,0.0,7.86102,-6.7353992,1971
7784,r4i1p1f1,1971,04,25,0.0,10.312505,-4.205727,1971
7785,r4i1p1f1,1971,04,26,0.0,12.310632,-2.402776,1971
7786,r4i1p1f1,1971,04,27,0.0,12.724663,-1.7721124,1971
7787,r4i1p1f1,1971,04,28,0.0,13.308719,-0.46161428,1971
7788,r4i1p1f1,1971,04,29,0.0,12.7203245,-0.8113804,1971
7789,r4i1p1f1,1971,04,30,0.0,12.7746315,-0.47997144,1971
7790,r4i1p1f1,1971,05,01,0.0,12.9819765,-1.2218511,1971
7791,r4i1p1f1,1971,05,02,0.0,14.00791,0.035234824,1971
7792,r4i1p1f1,1971,05,03,1.1906100335675533,10.950697,-1.2730725,1971
7793,r4i1p1f1,1971,05,04,0.0,10.018151,-3.2785254,1971
7794,r4i1p1f1,1971,05,05,0.0,11.593386,-1.2296728,1971
7795,r4i1p1f1,1971,05,06,0.0,13.689152,0.48045617,1971
7796,r4i1p1f1,1971,05,07,0.0,12.549256,-0.112289496,1971
7797,r4i1p1f1,1971,05,08,0.0,12.841679,-1.7630956,1971
7798,r4i1p1f1,1971,05,09,0.0,13.398129,-1.0336463,1971
7799,r4i1p1f1,1971,05,10,0.0,15.021458,-0.13089432,1971
7800,r4i1p1f1,1971,05,11,0.0,16.582739,2.1800148,1971
7801,r4i1p1f1,1971,05,12,0.0,17.978933,2.9614413,1971
7802,r4i1p1f1,1971,05,13,0.0,18.019547,3.3349874,1971
7803,r4i1p1f1,1971,05,14,0.0,18.469328,3.6660006,1971
7804,r4i1p1f1,1971,05,15,3.138690947583928,15.122955,1.331578,1971
7805,r4i1p1f1,1971,05,16,0.45457438813156753,14.528976,2.6406221,1971
7806,r4i1p1f1,1971,05,17,0.0,14.998544,1.2479494,1971
7807,r4i1p1f1,1971,05,18,0.0,13.630852,0.81558496,1971
7808,r4i1p1f1,1971,05,19,1.4676789351948971,7.288538,-6.4052987,1971
7809,r4i1p1f1,1971,05,20,1.3481000562929217,3.7085927,-6.55864,1971
7810,r4i1p1f1,1971,05,21,0.0,8.888011,-5.8048787,1971
7811,r4i1p1f1,1971,05,22,0.0,9.918264,-1.5471838,1971
7812,r4i1p1f1,1971,05,23,0.0,14.021951,-1.8048879,1971
7813,r4i1p1f1,1971,05,24,0.0,13.271994,1.4565437,1971
7814,r4i1p1f1,1971,05,25,0.0,14.752756,-1.5317557,1971
7815,r4i1p1f1,1971,05,26,0.0,16.406397,-0.022551937,1971
7816,r4i1p1f1,1971,05,27,0.0,15.484617,2.5871937,1971
7817,r4i1p1f1,1971,05,28,0.009147021533632694,12.866962,-0.5241366,1971
7818,r4i1p1f1,1971,05,29,0.0,11.872062,-2.4957442,1971
7819,r4i1p1f1,1971,05,30,0.0,13.363091,-1.1999578,1971
7820,r4i1p1f1,1971,05,31,0.0,15.971264,1.1557745,1971
7821,r4i1p1f1,1971,06,01,0.0,18.432959,1.7175792,1971
7822,r4i1p1f1,1971,06,02,0.024021233350872927,16.609224,2.7944314,1971
7823,r4i1p1f1,1971,06,03,0.002760067985435775,12.857499,0.33315966,1971
7824,r4i1p1f1,1971,06,04,0.0,13.092158,-0.6357004,1971
7825,r4i1p1f1,1971,06,05,0.0,13.71087,0.044215,1971
7826,r4i1p1f1,1971,06,06,0.024539575244645628,13.630895,0.6809197,1971
7827,r4i1p1f1,1971,06,07,0.0,14.49781,-0.5272638,1971
7828,r4i1p1f1,1971,06,08,0.0,14.842866,0.2730572,1971
7829,r4i1p1f1,1971,06,09,0.07825093706087995,13.9264145,0.42110115,1971
7830,r4i1p1f1,1971,06,10,0.16306960254729033,11.657514,-2.103101,1971
7831,r4i1p1f1,1971,06,11,0.0,13.230349,-1.3680505,1971
7832,r4i1p1f1,1971,06,12,1.1625628911429695,10.600676,0.231781,1971
7833,r4i1p1f1,1971,06,13,0.0,16.180975,1.3217635,1971
7834,r4i1p1f1,1971,06,14,0.0,21.77478,4.940924,1971
7835,r4i1p1f1,1971,06,15,0.0,23.854588,7.218075,1971
7836,r4i1p1f1,1971,06,16,0.0,23.153362,8.036111,1971
7837,r4i1p1f1,1971,06,17,0.0,21.187357,6.9833527,1971
7838,r4i1p1f1,1971,06,18,0.0,18.531403,3.1820064,1971
7839,r4i1p1f1,1971,06,19,0.0,15.082337,-0.13890669,1971
7840,r4i1p1f1,1971,06,20,0.0,17.326992,1.9817243,1971
7841,r4i1p1f1,1971,06,21,0.02539077208996898,17.28376,2.1363707,1971
7842,r4i1p1f1,1971,06,22,0.663495829734307,19.337896,3.322011,1971
7843,r4i1p1f1,1971,06,23,0.0,22.182804,7.635061,1971
7844,r4i1p1f1,1971,06,24,0.0,23.521431,7.8342533,1971
7845,r4i1p1f1,1971,06,25,0.0,23.629103,7.3288574,1971
7846,r4i1p1f1,1971,06,26,0.0,23.12285,8.803179,1971
7847,r4i1p1f1,1971,06,27,0.0,19.15533,4.8596687,1971
7848,r4i1p1f1,1971,06,28,0.0,15.851895,2.6314354,1971
7849,r4i1p1f1,1971,06,29,0.0,16.38963,5.0541916,1971
7850,r4i1p1f1,1971,06,30,0.0,22.481688,5.8652873,1971
7851,r4i1p1f1,1971,07,01,0.0,24.620745,8.365817,1971
7852,r4i1p1f1,1971,07,02,0.36657050234050703,24.146885,9.832245,1971
7853,r4i1p1f1,1971,07,03,4.207285837731338,22.018229,8.577266,1971
7854,r4i1p1f1,1971,07,04,0.9281279033324387,25.369446,8.820144,1971
7855,r4i1p1f1,1971,07,05,0.00345382613721999,27.270786,11.628564,1971
7856,r4i1p1f1,1971,07,06,0.4351430207257037,28.251097,11.240822,1971
7857,r4i1p1f1,1971,07,07,0.21125862195953546,28.950617,11.464154,1971
7858,r4i1p1f1,1971,07,08,0.0,28.310574,13.294919,1971
7859,r4i1p1f1,1971,07,09,0.0,25.503572,11.251536,1971
7860,r4i1p1f1,1971,07,10,0.0,27.017414,10.436979,1971
7861,r4i1p1f1,1971,07,11,0.0,29.197443,12.178411,1971
7862,r4i1p1f1,1971,07,12,0.20070807905001165,30.701431,13.783206,1971
7863,r4i1p1f1,1971,07,13,0.0,29.864336,13.761968,1971
7864,r4i1p1f1,1971,07,14,0.0,28.891434,15.54981,1971
7865,r4i1p1f1,1971,07,15,0.0,28.255737,11.65745,1971
7866,r4i1p1f1,1971,07,16,0.10618184460327029,26.943697,12.349148,1971
7867,r4i1p1f1,1971,07,17,0.0,25.807268,11.273703,1971
7868,r4i1p1f1,1971,07,18,0.0,26.143173,10.392787,1971
7869,r4i1p1f1,1971,07,19,0.37085395133009813,25.945564,10.522963,1971
7870,r4i1p1f1,1971,07,20,0.10205266840389969,25.142555,10.00766,1971
7871,r4i1p1f1,1971,07,21,0.42458917621398823,25.5377,10.10596,1971
7872,r4i1p1f1,1971,07,22,1.9199625955467514,26.971582,12.279041,1971
7873,r4i1p1f1,1971,07,23,3.9135580788007243,26.37782,12.760719,1971
7874,r4i1p1f1,1971,07,24,0.7326714709578651,26.586082,10.797389,1971
7875,r4i1p1f1,1971,07,25,1.5564971305830277,25.864563,13.149168,1971
7876,r4i1p1f1,1971,07,26,0.8381293490901748,24.69321,10.6047125,1971
7877,r4i1p1f1,1971,07,27,0.0,24.503315,8.922436,1971
7878,r4i1p1f1,1971,07,28,0.0,24.523247,9.403089,1971
7879,r4i1p1f1,1971,07,29,0.0,23.993315,9.094376,1971
7880,r4i1p1f1,1971,07,30,0.0,22.215984,7.887373,1971
7881,r4i1p1f1,1971,07,31,0.0,18.340673,4.0917687,1971
7882,r4i1p1f1,1971,08,01,0.0,20.403893,4.900747,1971
7883,r4i1p1f1,1971,08,02,0.0,22.556221,5.9469423,1971
7884,r4i1p1f1,1971,08,03,0.0,22.043152,7.5495076,1971
7885,r4i1p1f1,1971,08,04,0.0,25.212597,8.410068,1971
7886,r4i1p1f1,1971,08,05,0.0,26.403778,10.085164,1971
7887,r4i1p1f1,1971,08,06,0.0,26.376715,10.616781,1971
7888,r4i1p1f1,1971,08,07,0.0,25.986418,9.954968,1971
7889,r4i1p1f1,1971,08,08,0.0,26.248344,10.404981,1971
7890,r4i1p1f1,1971,08,09,0.0,26.49355,10.446727,1971
7891,r4i1p1f1,1971,08,10,0.0,27.13697,11.109989,1971
7892,r4i1p1f1,1971,08,11,0.0,27.788769,11.0500345,1971
7893,r4i1p1f1,1971,08,12,0.0,27.791864,11.171264,1971
7894,r4i1p1f1,1971,08,13,0.0,26.732367,12.346545,1971
7895,r4i1p1f1,1971,08,14,0.0,26.037428,10.809781,1971
7896,r4i1p1f1,1971,08,15,0.0,26.343445,10.480031,1971
7897,r4i1p1f1,1971,08,16,0.0,26.396545,10.7575655,1971
7898,r4i1p1f1,1971,08,17,0.0,25.211071,10.661051,1971
7899,r4i1p1f1,1971,08,18,0.0,23.904287,8.209405,1971
7900,r4i1p1f1,1971,08,19,0.0,21.864023,6.4489746,1971
7901,r4i1p1f1,1971,08,20,0.0,19.358883,4.899069,1971
7902,r4i1p1f1,1971,08,21,0.0,17.737684,5.3064413,1971
7903,r4i1p1f1,1971,08,22,0.0,20.544308,2.15245,1971
7904,r4i1p1f1,1971,08,23,0.0,20.72315,5.2983828,1971
7905,r4i1p1f1,1971,08,24,0.0,21.449469,5.629213,1971
7906,r4i1p1f1,1971,08,25,0.0,20.979935,6.3470016,1971
7907,r4i1p1f1,1971,08,26,0.0,22.79763,5.9470215,1971
7908,r4i1p1f1,1971,08,27,0.06544059395318118,22.812153,8.275293,1971
7909,r4i1p1f1,1971,08,28,0.0,20.333393,8.284579,1971
7910,r4i1p1f1,1971,08,29,0.0,23.605526,5.3092103,1971
7911,r4i1p1f1,1971,08,30,0.0,26.609098,9.723493,1971
7912,r4i1p1f1,1971,08,31,0.0,25.548267,10.724054,1971
7913,r4i1p1f1,1971,09,01,0.0,24.590427,10.596136,1971
7914,r4i1p1f1,1971,09,02,0.0,24.011799,7.0765157,1971
7915,r4i1p1f1,1971,09,03,0.0,23.23197,7.0225635,1971
7916,r4i1p1f1,1971,09,04,0.0,22.11339,6.857645,1971
7917,r4i1p1f1,1971,09,05,0.0,23.08894,8.633218,1971
7918,r4i1p1f1,1971,09,06,0.0,23.358067,8.948195,1971
7919,r4i1p1f1,1971,09,07,0.0,24.292702,8.103338,1971
7920,r4i1p1f1,1971,09,08,0.0,27.098352,10.314967,1971
7921,r4i1p1f1,1971,09,09,0.0,27.595257,11.921801,1971
7922,r4i1p1f1,1971,09,10,0.0,27.08767,12.04843,1971
7923,r4i1p1f1,1971,09,11,0.0,24.554203,10.19816,1971
7924,r4i1p1f1,1971,09,12,0.0,20.112263,5.4558177,1971
7925,r4i1p1f1,1971,09,13,0.0,14.884229,1.217484,1971
7926,r4i1p1f1,1971,09,14,0.0,14.344949,1.2493684,1971
7927,r4i1p1f1,1971,09,15,0.9782589855068877,14.2197485,0.43232423,1971
7928,r4i1p1f1,1971,09,16,0.03541488509176918,13.168881,0.3220792,1971
7929,r4i1p1f1,1971,09,17,0.0,14.498589,-0.30010614,1971
7930,r4i1p1f1,1971,09,18,0.0,17.28376,0.22170876,1971
7931,r4i1p1f1,1971,09,19,0.0,20.088675,3.577222,1971
7932,r4i1p1f1,1971,09,20,0.0,22.333654,6.543268,1971
7933,r4i1p1f1,1971,09,21,0.04941059375032719,21.18375,7.027849,1971
7934,r4i1p1f1,1971,09,22,0.3081700596636248,20.249422,4.6255174,1971
7935,r4i1p1f1,1971,09,23,0.0,22.476381,6.1106944,1971
7936,r4i1p1f1,1971,09,24,0.62964796418194,22.232342,9.225331,1971
7937,r4i1p1f1,1971,09,25,0.0,17.241453,5.2851295,1971
7938,r4i1p1f1,1971,09,26,0.0,14.768885,-0.077852204,1971
7939,r4i1p1f1,1971,09,27,0.0,14.092105,-0.18021673,1971
7940,r4i1p1f1,1971,09,28,0.0,17.450218,0.49403548,1971
7941,r4i1p1f1,1971,09,29,0.0,19.71257,3.6033196,1971
7942,r4i1p1f1,1971,09,30,0.0,17.212637,3.795897,1971
7943,r4i1p1f1,1971,10,01,0.0,8.695171,-4.6438417,1971
7944,r4i1p1f1,1971,10,02,0.0,13.913496,-2.4505212,1971
7945,r4i1p1f1,1971,10,03,0.0,16.832163,0.89239854,1971
7946,r4i1p1f1,1971,10,04,0.0,16.926052,0.047177345,1971
7947,r4i1p1f1,1971,10,05,0.0,17.325056,2.0250423,1971
7948,r4i1p1f1,1971,10,06,0.0,17.064137,2.9003265,1971
7949,r4i1p1f1,1971,10,07,0.0,22.860489,5.408754,1971
7950,r4i1p1f1,1971,10,08,0.0,24.152935,7.076391,1971
7951,r4i1p1f1,1971,10,09,0.0,23.605326,7.3079004,1971
7952,r4i1p1f1,1971,10,10,0.0,22.85596,8.092315,1971
7953,r4i1p1f1,1971,10,11,0.0,19.661253,4.7214975,1971
7954,r4i1p1f1,1971,10,12,0.0,13.999526,0.8035602,1971
7955,r4i1p1f1,1971,10,13,0.0,13.313698,0.28176984,1971
7956,r4i1p1f1,1971,10,14,23.821649996972564,17.737131,3.528943,1971
7957,r4i1p1f1,1971,10,15,7.428784529231168,5.2604623,-3.4228811,1971
7958,r4i1p1f1,1971,10,16,10.120602690812824,4.506785,-6.5757613,1971
7959,r4i1p1f1,1971,10,17,0.0,9.40895,-6.5364466,1971
7960,r4i1p1f1,1971,10,18,0.0,12.650899,-3.4633863,1971
7961,r4i1p1f1,1971,10,19,0.0,15.116262,0.79617304,1971
7962,r4i1p1f1,1971,10,20,0.0,16.669874,2.0415165,1971
7963,r4i1p1f1,1971,10,21,0.0,16.375378,1.5253518,1971
7964,r4i1p1f1,1971,10,22,0.0,16.113226,2.7141747,1971
7965,r4i1p1f1,1971,10,23,2.0794929571248795,19.953396,7.3981333,1971
7966,r4i1p1f1,1971,10,24,2.1336514738228223,19.657673,4.945216,1971
7967,r4i1p1f1,1971,10,25,0.0,14.901652,0.08149512,1971
7968,r4i1p1f1,1971,10,26,0.0,14.309173,-0.48062018,1971
7969,r4i1p1f1,1971,10,27,0.0,13.380798,-0.24233566,1971
7970,r4i1p1f1,1971,10,28,0.0,14.241539,-1.018751,1971
7971,r4i1p1f1,1971,10,29,0.0,16.119804,1.252133,1971
7972,r4i1p1f1,1971,10,30,0.0,13.838832,3.5619853,1971
7973,r4i1p1f1,1971,10,31,0.0,11.757196,0.74027264,1971
7974,r4i1p1f1,1971,11,01,0.184437911542674,10.275522,-3.103894,1971
7975,r4i1p1f1,1971,11,02,2.358789481161393,12.243102,0.74535984,1971
7976,r4i1p1f1,1971,11,03,0.0,12.194134,-2.3212452,1971
7977,r4i1p1f1,1971,11,04,0.0,14.326973,-0.49364123,1971
7978,r4i1p1f1,1971,11,05,0.0,16.264668,0.53675854,1971
7979,r4i1p1f1,1971,11,06,0.0,15.074601,0.978997,1971
7980,r4i1p1f1,1971,11,07,0.0,13.783334,0.52294177,1971
7981,r4i1p1f1,1971,11,08,0.0,12.05215,0.3287997,1971
7982,r4i1p1f1,1971,11,09,0.0021936967464562134,11.486161,-0.028569493,1971
7983,r4i1p1f1,1971,11,10,0.0,15.421374,-0.36903408,1971
7984,r4i1p1f1,1971,11,11,0.0,16.159687,1.8357352,1971
7985,r4i1p1f1,1971,11,12,0.0,15.759517,2.7605898,1971
7986,r4i1p1f1,1971,11,13,0.2566962846150786,13.7389145,1.9075683,1971
7987,r4i1p1f1,1971,11,14,0.19997743729453762,5.639742,-4.6692734,1971
7988,r4i1p1f1,1971,11,15,0.0,9.326061,-5.0138125,1971
7989,r4i1p1f1,1971,11,16,0.0,10.436245,-5.2767997,1971
7990,r4i1p1f1,1971,11,17,0.0018136332320403392,7.2326865,-5.1816783,1971
7991,r4i1p1f1,1971,11,18,0.31131817716854276,-2.1888914,-10.367698,1971
7992,r4i1p1f1,1971,11,19,2.12179411263774,-3.9845104,-11.658357,1971
7993,r4i1p1f1,1971,11,20,1.0644654881962279,-4.758594,-16.30747,1971
7994,r4i1p1f1,1971,11,21,45.52372776359589,-4.9216228,-13.38076,1971
7995,r4i1p1f1,1971,11,22,16.132824644377894,-5.6784844,-12.987575,1971
7996,r4i1p1f1,1971,11,23,11.49702288399501,-5.3895636,-12.702376,1971
7997,r4i1p1f1,1971,11,24,0.0,-2.6531463,-21.014858,1971
7998,r4i1p1f1,1971,11,25,0.0,4.086736,-10.472336,1971
7999,r4i1p1f1,1971,11,26,0.0,4.0805225,-10.204967,1971
8000,r4i1p1f1,1971,11,27,15.857962078553923,5.724024,-3.6081536,1971
8001,r4i1p1f1,1971,11,28,45.383901384920385,5.881013,0.2548675,1971
8002,r4i1p1f1,1971,11,29,0.7966514421327723,9.438241,-1.1852062,1971
8003,r4i1p1f1,1971,11,30,0.0,8.764985,-7.9171,1971
8004,r4i1p1f1,1971,12,01,0.0,6.77283,-3.7838156,1971
8005,r4i1p1f1,1971,12,02,36.037104577879624,0.5865437,-4.6484156,1971
8006,r4i1p1f1,1971,12,03,4.969888978815011,2.7037437,-5.9216385,1971
8007,r4i1p1f1,1971,12,04,0.0,5.509784,-7.4548593,1971
8008,r4i1p1f1,1971,12,05,0.0,6.8013268,-6.03659,1971
8009,r4i1p1f1,1971,12,06,0.0,6.7485147,-6.3858547,1971
8010,r4i1p1f1,1971,12,07,0.0,10.625883,-6.4000163,1971
8011,r4i1p1f1,1971,12,08,0.0,8.481751,-1.6515331,1971
8012,r4i1p1f1,1971,12,09,0.0,6.0217366,-7.567989,1971
8013,r4i1p1f1,1971,12,10,0.0,5.7966986,-7.1004004,1971
8014,r4i1p1f1,1971,12,11,0.0,9.217534,-4.1973,1971
8015,r4i1p1f1,1971,12,12,0.0,13.365325,-0.44536054,1971
8016,r4i1p1f1,1971,12,13,0.014420448208746092,11.207496,-1.7539471,1971
8017,r4i1p1f1,1971,12,14,4.517812888326052,-6.338671,-17.215788,1971
8018,r4i1p1f1,1971,12,15,0.771736253485606,-13.490062,-21.444614,1971
8019,r4i1p1f1,1971,12,16,0.0,-8.476807,-21.05797,1971
8020,r4i1p1f1,1971,12,17,0.0,0.14448954,-13.309226,1971
8021,r4i1p1f1,1971,12,18,0.0,4.1827025,-8.734967,1971
8022,r4i1p1f1,1971,12,19,0.0,3.538382,-9.088711,1971
8023,r4i1p1f1,1971,12,20,0.0,5.793084,-8.6352215,1971
8024,r4i1p1f1,1971,12,21,0.0,7.5183806,-6.4586077,1971
8025,r4i1p1f1,1971,12,22,0.0,6.7827587,-6.2153654,1971
8026,r4i1p1f1,1971,12,23,0.0,5.1071563,-7.0160737,1971
8027,r4i1p1f1,1971,12,24,0.0,3.9068022,-8.415107,1971
8028,r4i1p1f1,1971,12,25,0.0,5.6315265,-6.8262825,1971
8029,r4i1p1f1,1971,12,26,0.0,4.373626,-8.307486,1971
8030,r4i1p1f1,1971,12,27,0.0,4.36978,-9.202666,1971
8031,r4i1p1f1,1971,12,28,1.1387807203271931,-0.8834403,-8.852859,1971
8032,r4i1p1f1,1971,12,29,0.0,-0.5951666,-12.033339,1971
8033,r4i1p1f1,1971,12,30,0.0,4.280429,-7.763556,1971
8034,r4i1p1f1,1971,12,31,0.0,5.747096,-6.8962226,1971
8035,r4i1p1f1,1972,01,01,0.0,7.9976506,-5.324311,1972
8036,r4i1p1f1,1972,01,02,0.0,10.007464,-3.7896376,1972
8037,r4i1p1f1,1972,01,03,0.0,10.851945,-2.6181514,1972
8038,r4i1p1f1,1972,01,04,0.0,10.930918,-1.842534,1972
8039,r4i1p1f1,1972,01,05,0.0,9.701432,-1.3056318,1972
8040,r4i1p1f1,1972,01,06,0.13596608193985785,4.196386,-5.7394776,1972
8041,r4i1p1f1,1972,01,07,0.0,6.9566927,-3.639724,1972
8042,r4i1p1f1,1972,01,08,0.0,11.131692,-2.5576482,1972
8043,r4i1p1f1,1972,01,09,0.0,12.54557,-0.38939345,1972
8044,r4i1p1f1,1972,01,10,0.0031730689303143523,10.765997,-0.97008276,1972
8045,r4i1p1f1,1972,01,11,0.6538356338088754,7.424122,-5.5032516,1972
8046,r4i1p1f1,1972,01,12,0.0,8.764138,-1.5774536,1972
8047,r4i1p1f1,1972,01,13,19.829255856659973,4.362291,-5.4861083,1972
8048,r4i1p1f1,1972,01,14,11.069035410922657,0.046069182,-9.083954,1972
8049,r4i1p1f1,1972,01,15,63.51611117576354,2.3497908,-4.143841,1972
8050,r4i1p1f1,1972,01,16,36.38277519388942,3.1891515,-4.8895884,1972
8051,r4i1p1f1,1972,01,17,2.8192435799095974,1.6960355,-5.5887866,1972
8052,r4i1p1f1,1972,01,18,2.4412230281432215,-0.62184966,-7.031459,1972
8053,r4i1p1f1,1972,01,19,0.0,6.095797,-7.050737,1972
8054,r4i1p1f1,1972,01,20,0.0,8.121358,-5.615544,1972
8055,r4i1p1f1,1972,01,21,0.0,7.9151187,-3.237846,1972
8056,r4i1p1f1,1972,01,22,0.0,4.954939,-7.0366764,1972
8057,r4i1p1f1,1972,01,23,0.0,-5.288229,-16.034061,1972
8058,r4i1p1f1,1972,01,24,0.0,-6.011331,-18.063387,1972
8059,r4i1p1f1,1972,01,25,0.0,2.6845195,-10.910254,1972
8060,r4i1p1f1,1972,01,26,0.0,2.3280435,-9.005269,1972
8061,r4i1p1f1,1972,01,27,0.0,4.188253,-8.876434,1972
8062,r4i1p1f1,1972,01,28,0.0,6.4330034,-6.304697,1972
8063,r4i1p1f1,1972,01,29,0.0,7.6787863,-5.659202,1972
8064,r4i1p1f1,1972,01,30,0.0,10.578852,-3.116639,1972
8065,r4i1p1f1,1972,01,31,0.0,13.360356,-0.6065434,1972
8066,r4i1p1f1,1972,02,01,0.0,15.309744,0.9236885,1972
8067,r4i1p1f1,1972,02,02,0.0,13.651969,1.6145525,1972
8068,r4i1p1f1,1972,02,03,0.0,11.427582,-3.129331,1972
8069,r4i1p1f1,1972,02,04,0.0,10.632853,-0.18566874,1972
8070,r4i1p1f1,1972,02,05,1.4840632676057637,4.274031,-7.175195,1972
8071,r4i1p1f1,1972,02,06,0.0,2.2746868,-9.696776,1972
8072,r4i1p1f1,1972,02,07,0.0,3.5566096,-10.262082,1972
8073,r4i1p1f1,1972,02,08,0.0,2.44429,-10.860345,1972
8074,r4i1p1f1,1972,02,09,0.2847411659325383,-2.2288864,-12.736858,1972
8075,r4i1p1f1,1972,02,10,18.542609045838272,-3.5259655,-11.83302,1972
8076,r4i1p1f1,1972,02,11,23.720180875768175,-0.7516607,-7.934692,1972
8077,r4i1p1f1,1972,02,12,49.95925524904144,0.93172026,-7.5896134,1972
8078,r4i1p1f1,1972,02,13,49.18124848328546,1.8634763,-4.620122,1972
8079,r4i1p1f1,1972,02,14,10.655684972416195,5.7837744,-3.238395,1972
8080,r4i1p1f1,1972,02,15,17.844162132681614,4.7704763,-4.5473456,1972
8081,r4i1p1f1,1972,02,16,51.333616403293924,5.7837467,-1.7993158,1972
8082,r4i1p1f1,1972,02,17,41.81997882201214,6.890461,-0.7664334,1972
8083,r4i1p1f1,1972,02,18,51.60969504222645,6.656317,-1.4726653,1972
8084,r4i1p1f1,1972,02,19,0.0,7.4841948,-3.861014,1972
8085,r4i1p1f1,1972,02,20,0.0,8.6498165,-5.3990703,1972
8086,r4i1p1f1,1972,02,21,0.0,8.357633,-2.9137537,1972
8087,r4i1p1f1,1972,02,22,0.0,8.21568,-4.4898057,1972
8088,r4i1p1f1,1972,02,23,0.0,9.725508,-2.970385,1972
8089,r4i1p1f1,1972,02,24,0.0,12.112327,-1.5663651,1972
8090,r4i1p1f1,1972,02,25,0.0,14.134096,-0.2646262,1972
8091,r4i1p1f1,1972,02,26,0.0,13.615273,0.83368397,1972
8092,r4i1p1f1,1972,02,27,0.0,12.676194,-0.89673144,1972
8093,r4i1p1f1,1972,02,28,0.0,11.947156,-0.7457022,1972
8094,r4i1p1f1,1972,02,29,0.0,8.318491,-3.3023686,1972
8095,r4i1p1f1,1972,03,01,1.9516082026954762,1.8502086,-10.262,1972
8096,r4i1p1f1,1972,03,02,0.8406107713542795,-0.2966069,-10.932413,1972
8097,r4i1p1f1,1972,03,03,0.0,3.871386,-10.332505,1972
8098,r4i1p1f1,1972,03,04,0.0,7.291899,-7.8083673,1972
8099,r4i1p1f1,1972,03,05,0.0,8.433167,-6.3461947,1972
8100,r4i1p1f1,1972,03,06,0.0,7.7711716,-5.0798836,1972
8101,r4i1p1f1,1972,03,07,0.0,5.7799606,-5.559003,1972
8102,r4i1p1f1,1972,03,08,0.6627779884410182,2.2299979,-7.689801,1972
8103,r4i1p1f1,1972,03,09,0.3561259767741736,7.4220734,-5.8103523,1972
8104,r4i1p1f1,1972,03,10,0.0,11.36769,-2.0130148,1972
8105,r4i1p1f1,1972,03,11,17.769001575296944,7.703597,-5.081404,1972
8106,r4i1p1f1,1972,03,12,13.738598332875219,2.4321291,-4.989349,1972
8107,r4i1p1f1,1972,03,13,40.908470756176236,1.3155774,-7.0640926,1972
8108,r4i1p1f1,1972,03,14,53.74507119171153,-2.1395962,-6.966641,1972
8109,r4i1p1f1,1972,03,15,0.004820326910505906,2.7954838,-9.29893,1972
8110,r4i1p1f1,1972,03,16,0.0,7.1213775,-8.548269,1972
8111,r4i1p1f1,1972,03,17,0.0,7.8793592,-7.1654677,1972
8112,r4i1p1f1,1972,03,18,0.0,12.035323,-5.5648723,1972
8113,r4i1p1f1,1972,03,19,0.0,11.829222,-4.0949993,1972
8114,r4i1p1f1,1972,03,20,0.01082614690936655,10.204624,-2.357533,1972
8115,r4i1p1f1,1972,03,21,0.5502800636247118,8.771789,-2.976569,1972
8116,r4i1p1f1,1972,03,22,0.0,8.517054,-4.0657296,1972
8117,r4i1p1f1,1972,03,23,0.0,10.093627,-1.5894148,1972
8118,r4i1p1f1,1972,03,24,0.0,15.059697,-1.3274953,1972
8119,r4i1p1f1,1972,03,25,0.0,17.841719,0.63690656,1972
8120,r4i1p1f1,1972,03,26,0.0,17.422188,3.0032814,1972
8121,r4i1p1f1,1972,03,27,0.0,15.336231,1.2062511,1972
8122,r4i1p1f1,1972,03,28,0.0,12.777274,1.7037178,1972
8123,r4i1p1f1,1972,03,29,0.0,9.909913,-1.7071055,1972
8124,r4i1p1f1,1972,03,30,0.0,11.142628,-3.7961755,1972
8125,r4i1p1f1,1972,03,31,0.0,14.391737,-1.4150684,1972
8126,r4i1p1f1,1972,04,01,0.0,15.262334,2.2914395,1972
8127,r4i1p1f1,1972,04,02,6.3704397042928,11.458825,-2.8947635,1972
8128,r4i1p1f1,1972,04,03,0.32989913015079797,8.440974,-4.1343074,1972
8129,r4i1p1f1,1972,04,04,0.9851535154197484,5.6595473,-2.4182096,1972
8130,r4i1p1f1,1972,04,05,11.295769685377342,1.9065431,-7.5561976,1972
8131,r4i1p1f1,1972,04,06,0.0,6.275519,-7.42709,1972
8132,r4i1p1f1,1972,04,07,0.0,4.7214212,-6.341221,1972
8133,r4i1p1f1,1972,04,08,11.1351000039066,0.44950244,-8.144547,1972
8134,r4i1p1f1,1972,04,09,0.031222491295970302,5.684162,-8.985209,1972
8135,r4i1p1f1,1972,04,10,0.0,8.212247,-5.7134676,1972
8136,r4i1p1f1,1972,04,11,0.0,12.145022,-4.2774715,1972
8137,r4i1p1f1,1972,04,12,0.0,14.536009,-0.99283606,1972
8138,r4i1p1f1,1972,04,13,0.0,15.860641,0.5675911,1972
8139,r4i1p1f1,1972,04,14,0.0,14.73487,1.2357637,1972
8140,r4i1p1f1,1972,04,15,0.0,12.453194,-2.5862093,1972
8141,r4i1p1f1,1972,04,16,0.0,14.944824,-0.9251711,1972
8142,r4i1p1f1,1972,04,17,0.0,16.65084,1.0496949,1972
8143,r4i1p1f1,1972,04,18,0.0,19.01224,2.4618123,1972
8144,r4i1p1f1,1972,04,19,0.6790022274717105,16.744755,1.7115331,1972
8145,r4i1p1f1,1972,04,20,3.0882274057041608,13.710716,0.54359716,1972
8146,r4i1p1f1,1972,04,21,0.0,13.994114,0.64818025,1972
8147,r4i1p1f1,1972,04,22,0.0,13.844607,-0.35553807,1972
8148,r4i1p1f1,1972,04,23,0.0,14.999111,-0.19710365,1972
8149,r4i1p1f1,1972,04,24,0.0,14.811418,1.7413129,1972
8150,r4i1p1f1,1972,04,25,0.00040954194310578474,13.313835,-0.34017384,1972
8151,r4i1p1f1,1972,04,26,1.2728855941268564,11.999044,-0.52100354,1972
8152,r4i1p1f1,1972,04,27,0.0,10.706153,-3.0915923,1972
8153,r4i1p1f1,1972,04,28,0.0,13.977232,-1.176514,1972
8154,r4i1p1f1,1972,04,29,0.0,16.62275,2.072016,1972
8155,r4i1p1f1,1972,04,30,0.0,19.40109,3.9698086,1972
8156,r4i1p1f1,1972,05,01,0.0,21.833107,6.1483397,1972
8157,r4i1p1f1,1972,05,02,0.0,23.394947,8.108044,1972
8158,r4i1p1f1,1972,05,03,0.0,22.785751,8.344936,1972
8159,r4i1p1f1,1972,05,04,0.0,18.209486,4.27966,1972
8160,r4i1p1f1,1972,05,05,0.0,19.088396,4.599224,1972
8161,r4i1p1f1,1972,05,06,0.0,20.578459,5.723614,1972
8162,r4i1p1f1,1972,05,07,0.0,18.746666,6.2432094,1972
8163,r4i1p1f1,1972,05,08,0.0,16.456001,3.9895844,1972
8164,r4i1p1f1,1972,05,09,0.25688183847337337,15.138137,2.165103,1972
8165,r4i1p1f1,1972,05,10,0.0,11.888595,-1.4929384,1972
8166,r4i1p1f1,1972,05,11,0.0,15.155181,0.46456343,1972
8167,r4i1p1f1,1972,05,12,0.0,15.1075325,1.4427902,1972
8168,r4i1p1f1,1972,05,13,0.0,14.751744,0.54162383,1972
8169,r4i1p1f1,1972,05,14,0.0,13.158042,1.1106763,1972
8170,r4i1p1f1,1972,05,15,0.0,16.46113,1.7894164,1972
8171,r4i1p1f1,1972,05,16,0.0,17.216778,3.0872705,1972
8172,r4i1p1f1,1972,05,17,0.0,16.700525,3.9971664,1972
8173,r4i1p1f1,1972,05,18,0.0,16.639416,1.9875182,1972
8174,r4i1p1f1,1972,05,19,0.0,12.837213,0.6451626,1972
8175,r4i1p1f1,1972,05,20,0.4044460541134707,5.093988,-6.229648,1972
8176,r4i1p1f1,1972,05,21,0.0,11.765058,-4.4262314,1972
8177,r4i1p1f1,1972,05,22,0.0,16.019918,0.65962446,1972
8178,r4i1p1f1,1972,05,23,0.0,18.28445,5.2231555,1972
8179,r4i1p1f1,1972,05,24,0.0,20.814743,5.446723,1972
8180,r4i1p1f1,1972,05,25,2.4285217777068535,18.68465,2.6990898,1972
8181,r4i1p1f1,1972,05,26,10.576501169955865,3.263736,-3.1637423,1972
8182,r4i1p1f1,1972,05,27,22.754534661276814,-0.7565023,-7.2535295,1972
8183,r4i1p1f1,1972,05,28,11.72890043616631,0.5432683,-10.586498,1972
8184,r4i1p1f1,1972,05,29,0.0,4.9880614,-5.4462776,1972
8185,r4i1p1f1,1972,05,30,0.0,4.260438,-8.346117,1972
8186,r4i1p1f1,1972,05,31,0.0,4.590943,-9.684682,1972
8187,r4i1p1f1,1972,06,01,0.0,9.662013,-6.467627,1972
8188,r4i1p1f1,1972,06,02,0.0,8.465156,-2.7314012,1972
8189,r4i1p1f1,1972,06,03,3.9851738544576327,4.518726,-5.539843,1972
8190,r4i1p1f1,1972,06,04,0.0,10.2676325,-6.1753793,1972
8191,r4i1p1f1,1972,06,05,0.18124591350572278,12.378269,-2.2973702,1972
8192,r4i1p1f1,1972,06,06,0.0,12.872404,-1.6264626,1972
8193,r4i1p1f1,1972,06,07,0.0,14.761423,-0.46556085,1972
8194,r4i1p1f1,1972,06,08,9.885947070557548e-05,14.965835,1.3199679,1972
8195,r4i1p1f1,1972,06,09,0.0,13.895755,1.728725,1972
8196,r4i1p1f1,1972,06,10,0.0,11.801517,-0.7444006,1972
8197,r4i1p1f1,1972,06,11,0.0,11.73152,-0.6801853,1972
8198,r4i1p1f1,1972,06,12,0.0,11.560303,-0.9563514,1972
8199,r4i1p1f1,1972,06,13,0.0,11.327045,-0.9560817,1972
8200,r4i1p1f1,1972,06,14,0.008410564255036784,14.634509,-1.2623494,1972
8201,r4i1p1f1,1972,06,15,0.0,16.207376,1.2425231,1972
8202,r4i1p1f1,1972,06,16,0.3397881523033075,15.798694,1.3717496,1972
8203,r4i1p1f1,1972,06,17,0.9187020348320184,12.86208,0.7489242,1972
8204,r4i1p1f1,1972,06,18,4.024506054634723,12.617517,-0.19670436,1972
8205,r4i1p1f1,1972,06,19,2.9549226265709994,13.351959,-1.8730359,1972
8206,r4i1p1f1,1972,06,20,2.7229785567177966,14.624414,0.296695,1972
8207,r4i1p1f1,1972,06,21,0.6125553269001152,15.648253,1.6296781,1972
8208,r4i1p1f1,1972,06,22,0.0054870123121090976,16.67189,1.8045927,1972
8209,r4i1p1f1,1972,06,23,0.023753709775844498,16.377546,4.0475993,1972
8210,r4i1p1f1,1972,06,24,0.0,16.539278,4.760689,1972
8211,r4i1p1f1,1972,06,25,0.16037587490463756,17.320595,2.2673264,1972
8212,r4i1p1f1,1972,06,26,0.0,19.064947,4.341166,1972
8213,r4i1p1f1,1972,06,27,0.0,21.447153,5.5535436,1972
8214,r4i1p1f1,1972,06,28,0.0,25.375965,8.236382,1972
8215,r4i1p1f1,1972,06,29,0.022164710096902174,27.768919,10.770734,1972
8216,r4i1p1f1,1972,06,30,0.0,27.92376,13.011695,1972
8217,r4i1p1f1,1972,07,01,0.2647994878616661,28.030233,12.46703,1972
8218,r4i1p1f1,1972,07,02,3.0627837889118363,26.202948,11.502025,1972
8219,r4i1p1f1,1972,07,03,1.231518000547289,25.697754,11.128243,1972
8220,r4i1p1f1,1972,07,04,0.17466153163671017,25.862572,9.868842,1972
8221,r4i1p1f1,1972,07,05,0.22723768590564936,25.524942,9.836303,1972
8222,r4i1p1f1,1972,07,06,0.04678339876784475,24.996586,10.663893,1972
8223,r4i1p1f1,1972,07,07,0.35555389988232444,22.797792,9.078583,1972
8224,r4i1p1f1,1972,07,08,0.060223261597584746,21.365023,6.5911274,1972
8225,r4i1p1f1,1972,07,09,0.0,20.926983,6.769757,1972
8226,r4i1p1f1,1972,07,10,0.0,20.735535,6.3427987,1972
8227,r4i1p1f1,1972,07,11,0.043973569425122656,21.8714,6.305935,1972
8228,r4i1p1f1,1972,07,12,0.010792486166409786,23.06669,7.7708535,1972
8229,r4i1p1f1,1972,07,13,0.0,22.40802,9.402305,1972
8230,r4i1p1f1,1972,07,14,0.08223974005697396,21.685158,8.358302,1972
8231,r4i1p1f1,1972,07,15,0.024922728437670388,23.006697,9.829392,1972
8232,r4i1p1f1,1972,07,16,3.338578338728715,24.364197,10.393901,1972
8233,r4i1p1f1,1972,07,17,0.0,25.356289,9.308992,1972
8234,r4i1p1f1,1972,07,18,0.0,25.744625,10.001973,1972
8235,r4i1p1f1,1972,07,19,0.0,25.729734,9.631711,1972
8236,r4i1p1f1,1972,07,20,0.0,25.04528,10.381294,1972
8237,r4i1p1f1,1972,07,21,0.15738715870175257,24.937569,12.301516,1972
8238,r4i1p1f1,1972,07,22,0.061431401536126494,26.811165,13.833463,1972
8239,r4i1p1f1,1972,07,23,0.0,29.178797,12.479358,1972
8240,r4i1p1f1,1972,07,24,0.8854574407450855,28.203754,14.865627,1972
8241,r4i1p1f1,1972,07,25,0.0,28.437346,12.747528,1972
8242,r4i1p1f1,1972,07,26,0.0,28.690815,13.17186,1972
8243,r4i1p1f1,1972,07,27,0.0,28.656364,12.047301,1972
8244,r4i1p1f1,1972,07,28,0.0,27.461512,13.33485,1972
8245,r4i1p1f1,1972,07,29,0.3815058049514344,24.844841,12.734899,1972
8246,r4i1p1f1,1972,07,30,0.0,25.565262,9.831159,1972
8247,r4i1p1f1,1972,07,31,0.0,26.05541,10.408309,1972
8248,r4i1p1f1,1972,08,01,0.0,25.42201,11.066253,1972
8249,r4i1p1f1,1972,08,02,0.0,22.547722,7.8911495,1972
8250,r4i1p1f1,1972,08,03,0.0,21.027596,6.256846,1972
8251,r4i1p1f1,1972,08,04,0.0,19.322815,5.3461246,1972
8252,r4i1p1f1,1972,08,05,0.0,18.86193,4.415791,1972
8253,r4i1p1f1,1972,08,06,0.0,21.1952,5.1186285,1972
8254,r4i1p1f1,1972,08,07,0.0,22.842566,6.1432247,1972
8255,r4i1p1f1,1972,08,08,0.0,23.63843,7.2362447,1972
8256,r4i1p1f1,1972,08,09,0.0,23.758734,7.9344854,1972
8257,r4i1p1f1,1972,08,10,0.0,24.720615,8.853749,1972
8258,r4i1p1f1,1972,08,11,0.0,25.871264,9.348888,1972
8259,r4i1p1f1,1972,08,12,0.0,25.600723,9.84484,1972
8260,r4i1p1f1,1972,08,13,0.0,24.014372,9.257068,1972
8261,r4i1p1f1,1972,08,14,0.0,24.229498,8.311467,1972
8262,r4i1p1f1,1972,08,15,0.0,25.013739,8.577416,1972
8263,r4i1p1f1,1972,08,16,0.0,24.93701,9.110053,1972
8264,r4i1p1f1,1972,08,17,0.0,24.683048,8.59615,1972
8265,r4i1p1f1,1972,08,18,0.0,23.978777,7.982434,1972
8266,r4i1p1f1,1972,08,19,0.0,21.862755,6.250663,1972
8267,r4i1p1f1,1972,08,20,0.0,18.166094,2.9896898,1972
8268,r4i1p1f1,1972,08,21,0.0,21.104048,4.2847233,1972
8269,r4i1p1f1,1972,08,22,0.0,24.922316,8.041491,1972
8270,r4i1p1f1,1972,08,23,0.0,26.88975,9.481898,1972
8271,r4i1p1f1,1972,08,24,0.0,25.9798,10.678897,1972
8272,r4i1p1f1,1972,08,25,0.0,23.88861,9.26894,1972
8273,r4i1p1f1,1972,08,26,0.0,21.046942,5.4196315,1972
8274,r4i1p1f1,1972,08,27,0.0,22.515793,6.0272098,1972
8275,r4i1p1f1,1972,08,28,0.0,24.696815,7.9545016,1972
8276,r4i1p1f1,1972,08,29,0.0,26.588327,9.523383,1972
8277,r4i1p1f1,1972,08,30,0.0,26.659546,9.431243,1972
8278,r4i1p1f1,1972,08,31,0.05856260869136329,24.426596,8.519974,1972
8279,r4i1p1f1,1972,09,01,0.0,23.6279,10.000656,1972
8280,r4i1p1f1,1972,09,02,0.0,23.96171,8.954008,1972
8281,r4i1p1f1,1972,09,03,0.0,25.263731,8.933663,1972
8282,r4i1p1f1,1972,09,04,0.0,26.508148,9.917239,1972
8283,r4i1p1f1,1972,09,05,0.0,25.94869,10.461579,1972
8284,r4i1p1f1,1972,09,06,0.05969070410655524,24.667469,10.804561,1972
8285,r4i1p1f1,1972,09,07,0.18221359757480804,23.517015,9.523596,1972
8286,r4i1p1f1,1972,09,08,0.004337671136898905,24.645275,8.388073,1972
8287,r4i1p1f1,1972,09,09,0.09898646578337045,25.776428,10.6354685,1972
8288,r4i1p1f1,1972,09,10,0.03931032110751518,21.45904,8.553162,1972
8289,r4i1p1f1,1972,09,11,0.0,19.48676,4.6039977,1972
8290,r4i1p1f1,1972,09,12,0.0,20.22045,4.75873,1972
8291,r4i1p1f1,1972,09,13,0.0,19.571348,5.5376163,1972
8292,r4i1p1f1,1972,09,14,0.0,17.736692,4.5854197,1972
8293,r4i1p1f1,1972,09,15,0.0,21.257301,5.8064094,1972
8294,r4i1p1f1,1972,09,16,0.0,22.981194,7.40069,1972
8295,r4i1p1f1,1972,09,17,0.0,23.32633,7.3905435,1972
8296,r4i1p1f1,1972,09,18,0.0,22.562124,8.004294,1972
8297,r4i1p1f1,1972,09,19,0.0,22.172571,6.941003,1972
8298,r4i1p1f1,1972,09,20,0.0,20.895706,7.8914294,1972
8299,r4i1p1f1,1972,09,21,0.0,16.715492,1.71267,1972
8300,r4i1p1f1,1972,09,22,0.0,16.824842,2.3714588,1972
8301,r4i1p1f1,1972,09,23,0.01396822118373141,20.656551,4.5429997,1972
8302,r4i1p1f1,1972,09,24,0.0,23.12116,7.445166,1972
8303,r4i1p1f1,1972,09,25,0.0,23.122812,6.942226,1972
8304,r4i1p1f1,1972,09,26,0.0,22.216726,8.293737,1972
8305,r4i1p1f1,1972,09,27,0.0,20.42136,6.1325517,1972
8306,r4i1p1f1,1972,09,28,0.07739229830602454,19.994612,4.6563506,1972
8307,r4i1p1f1,1972,09,29,0.0,20.762318,5.651457,1972
8308,r4i1p1f1,1972,09,30,0.0,19.345688,6.1619077,1972
8309,r4i1p1f1,1972,10,01,0.0,17.105349,3.3045528,1972
8310,r4i1p1f1,1972,10,02,0.0,8.453315,-4.42595,1972
8311,r4i1p1f1,1972,10,03,0.0,9.81568,-5.4679327,1972
8312,r4i1p1f1,1972,10,04,0.0,12.921505,-3.6517665,1972
8313,r4i1p1f1,1972,10,05,0.008459614744679623,12.913262,0.54663515,1972
8314,r4i1p1f1,1972,10,06,0.0,14.056052,-0.051170383,1972
8315,r4i1p1f1,1972,10,07,0.0,15.9915695,0.19448224,1972
8316,r4i1p1f1,1972,10,08,0.0,17.90262,2.2600338,1972
8317,r4i1p1f1,1972,10,09,0.0,16.203848,2.8528414,1972
8318,r4i1p1f1,1972,10,10,0.0,12.457372,-3.1078541,1972
8319,r4i1p1f1,1972,10,11,0.0,15.231361,-0.055707354,1972
8320,r4i1p1f1,1972,10,12,0.0,15.991244,0.1325317,1972
8321,r4i1p1f1,1972,10,13,0.0,15.513429,1.19459,1972
8322,r4i1p1f1,1972,10,14,0.0,14.098938,1.0245801,1972
8323,r4i1p1f1,1972,10,15,0.0,9.540423,-3.0979407,1972
8324,r4i1p1f1,1972,10,16,0.004137566495408637,9.851194,-2.3106327,1972
8325,r4i1p1f1,1972,10,17,0.0,13.022731,-2.721014,1972
8326,r4i1p1f1,1972,10,18,0.0,15.258271,0.33480537,1972
8327,r4i1p1f1,1972,10,19,0.0,17.278032,2.7093072,1972
8328,r4i1p1f1,1972,10,20,0.0,18.162796,2.85102,1972
8329,r4i1p1f1,1972,10,21,0.0,17.181135,2.9212441,1972
8330,r4i1p1f1,1972,10,22,0.0,19.084206,5.5720673,1972
8331,r4i1p1f1,1972,10,23,0.0,17.774014,1.2639197,1972
8332,r4i1p1f1,1972,10,24,0.0,13.000342,-1.9561107,1972
8333,r4i1p1f1,1972,10,25,0.0,13.048996,-1.4430892,1972
8334,r4i1p1f1,1972,10,26,0.0,15.207421,-0.18972081,1972
8335,r4i1p1f1,1972,10,27,0.0,16.018005,0.5053361,1972
8336,r4i1p1f1,1972,10,28,0.0,14.91616,1.8898987,1972
8337,r4i1p1f1,1972,10,29,0.0,14.727549,1.3470643,1972
8338,r4i1p1f1,1972,10,30,1.8288725983076628,16.357803,3.5502748,1972
8339,r4i1p1f1,1972,10,31,0.0,11.551632,-1.8986055,1972
8340,r4i1p1f1,1972,11,01,0.11368956474970675,10.294299,-1.4329311,1972
8341,r4i1p1f1,1972,11,02,0.0,12.328639,-3.3579278,1972
8342,r4i1p1f1,1972,11,03,0.0,12.893048,-1.2164125,1972
8343,r4i1p1f1,1972,11,04,2.0516443105559503,16.982555,6.1092315,1972
8344,r4i1p1f1,1972,11,05,20.255165680773068,9.833412,0.5940186,1972
8345,r4i1p1f1,1972,11,06,8.712375683443172,8.150141,0.80642617,1972
8346,r4i1p1f1,1972,11,07,0.683835405023817,9.229965,-2.406004,1972
8347,r4i1p1f1,1972,11,08,5.78647989655789,8.080555,-1.5599399,1972
8348,r4i1p1f1,1972,11,09,10.319612533374524,5.9665713,-2.7264295,1972
8349,r4i1p1f1,1972,11,10,3.73162012071025,3.480488,-5.983365,1972
8350,r4i1p1f1,1972,11,11,0.16647859664364692,4.8453836,-8.3427105,1972
8351,r4i1p1f1,1972,11,12,0.0,3.7375321,-8.875242,1972
8352,r4i1p1f1,1972,11,13,4.8573052959555625,0.90775883,-6.501155,1972
8353,r4i1p1f1,1972,11,14,4.115962920157603,0.2562041,-9.464126,1972
8354,r4i1p1f1,1972,11,15,0.1751455341542679,2.1884744,-6.62211,1972
8355,r4i1p1f1,1972,11,16,0.0,4.786416,-7.5975795,1972
8356,r4i1p1f1,1972,11,17,0.0,8.134105,-6.9091787,1972
8357,r4i1p1f1,1972,11,18,19.312512255758385,8.570202,-1.4007946,1972
8358,r4i1p1f1,1972,11,19,3.6278024367720514,7.8149567,-2.4021215,1972
8359,r4i1p1f1,1972,11,20,0.15811543935795033,6.281163,-5.694544,1972
8360,r4i1p1f1,1972,11,21,0.0,5.0481443,-8.028789,1972
8361,r4i1p1f1,1972,11,22,11.959483539337942,3.7658448,-7.3466034,1972
8362,r4i1p1f1,1972,11,23,39.0138932832462,2.5500686,-3.8000295,1972
8363,r4i1p1f1,1972,11,24,0.7665108652559964,3.7400415,-9.9812975,1972
8364,r4i1p1f1,1972,11,25,0.0,3.9236758,-9.965516,1972
8365,r4i1p1f1,1972,11,26,0.0,2.5858557,-11.507965,1972
8366,r4i1p1f1,1972,11,27,5.967535024104014,-0.37406597,-8.009189,1972
8367,r4i1p1f1,1972,11,28,7.712366540323784,-1.7379681,-10.948751,1972
8368,r4i1p1f1,1972,11,29,13.383107873552154,-0.5931955,-10.288288,1972
8369,r4i1p1f1,1972,11,30,8.888809268343856,1.2792597,-8.139365,1972
8370,r4i1p1f1,1972,12,01,0.0,6.0437555,-10.696835,1972
8371,r4i1p1f1,1972,12,02,0.0,9.057556,-6.6000814,1972
8372,r4i1p1f1,1972,12,03,0.0,7.0513086,-5.072022,1972
8373,r4i1p1f1,1972,12,04,3.165582059670558,0.54841214,-8.624203,1972
8374,r4i1p1f1,1972,12,05,0.37346455337107287,0.1408012,-14.586216,1972
8375,r4i1p1f1,1972,12,06,2.09214527940893,0.021938547,-5.6507564,1972
8376,r4i1p1f1,1972,12,07,0.0,6.2722106,-8.1020565,1972
8377,r4i1p1f1,1972,12,08,0.0,11.900664,-2.8539078,1972
8378,r4i1p1f1,1972,12,09,0.0,14.528543,-1.0975296,1972
8379,r4i1p1f1,1972,12,10,0.0,15.291764,-0.12825751,1972
8380,r4i1p1f1,1972,12,11,0.0,14.033526,1.5651742,1972
8381,r4i1p1f1,1972,12,12,0.0,14.5342865,1.8067008,1972
8382,r4i1p1f1,1972,12,13,0.0,14.983503,-0.5370627,1972
8383,r4i1p1f1,1972,12,14,0.0,14.340676,-1.524168,1972
8384,r4i1p1f1,1972,12,15,0.0,13.912441,-2.2545018,1972
8385,r4i1p1f1,1972,12,16,0.0,13.5955515,-0.87856936,1972
8386,r4i1p1f1,1972,12,17,0.0,13.112995,-0.3468748,1972
8387,r4i1p1f1,1972,12,18,0.0,11.917083,-0.25481302,1972
8388,r4i1p1f1,1972,12,19,5.707478374801813,10.498201,-0.99882334,1972
8389,r4i1p1f1,1972,12,20,0.0016782601030513947,6.2603035,-6.363064,1972
8390,r4i1p1f1,1972,12,21,0.0,8.859776,-3.6088076,1972
8391,r4i1p1f1,1972,12,22,0.0,11.046458,-3.7218788,1972
8392,r4i1p1f1,1972,12,23,0.0,11.429737,-2.9561553,1972
8393,r4i1p1f1,1972,12,24,0.0,11.656304,-2.603786,1972
8394,r4i1p1f1,1972,12,25,3.9741305834846834,8.336324,-2.5298457,1972
8395,r4i1p1f1,1972,12,26,1.8354874186255843,5.6841636,-5.1070733,1972
8396,r4i1p1f1,1972,12,27,1.0867168884111353,4.1997037,-5.3113084,1972
8397,r4i1p1f1,1972,12,28,0.23579610005240756,4.420812,-2.3896263,1972
8398,r4i1p1f1,1972,12,29,0.0,6.1463475,-4.9451585,1972
8399,r4i1p1f1,1972,12,30,0.0,7.953878,-4.931368,1972
8400,r4i1p1f1,1972,12,31,0.0,10.786829,-2.955859,1972
8401,r4i1p1f1,1973,01,01,0.0,10.11506,-4.123391,1973
8402,r4i1p1f1,1973,01,02,0.0,11.650783,-3.0566504,1973
8403,r4i1p1f1,1973,01,03,0.0,11.964489,-1.9574612,1973
8404,r4i1p1f1,1973,01,04,0.0,13.3932705,-0.6499367,1973
8405,r4i1p1f1,1973,01,05,0.0,11.924938,-1.5418018,1973
8406,r4i1p1f1,1973,01,06,0.0,10.13701,-3.1812577,1973
8407,r4i1p1f1,1973,01,07,0.0,6.410591,-5.6596055,1973
8408,r4i1p1f1,1973,01,08,0.0,6.188796,-6.04441,1973
8409,r4i1p1f1,1973,01,09,0.0,6.0244656,-6.564474,1973
8410,r4i1p1f1,1973,01,10,3.135978715926289,2.940307,-8.165661,1973
8411,r4i1p1f1,1973,01,11,0.0,7.062556,-6.4899635,1973
8412,r4i1p1f1,1973,01,12,0.0,9.074881,-6.628016,1973
8413,r4i1p1f1,1973,01,13,0.0,8.722645,-6.950807,1973
8414,r4i1p1f1,1973,01,14,0.0,7.3462567,-5.5001774,1973
8415,r4i1p1f1,1973,01,15,1.4712925378130606,6.1011434,-8.400308,1973
8416,r4i1p1f1,1973,01,16,11.601654329912408,-2.6836758,-10.798491,1973
8417,r4i1p1f1,1973,01,17,3.7402429834047197,-0.95368475,-8.73721,1973
8418,r4i1p1f1,1973,01,18,0.0,4.700521,-6.7741303,1973
8419,r4i1p1f1,1973,01,19,0.0,6.109376,-9.114651,1973
8420,r4i1p1f1,1973,01,20,0.0,8.678719,-8.752301,1973
8421,r4i1p1f1,1973,01,21,0.0,9.4850025,-5.3527946,1973
8422,r4i1p1f1,1973,01,22,0.0,9.885273,-6.738666,1973
8423,r4i1p1f1,1973,01,23,0.0,8.660867,-6.266145,1973
8424,r4i1p1f1,1973,01,24,0.0,8.326606,-5.7924933,1973
8425,r4i1p1f1,1973,01,25,0.0,10.857929,-2.424398,1973
8426,r4i1p1f1,1973,01,26,0.0,13.152881,-0.9447044,1973
8427,r4i1p1f1,1973,01,27,0.05388790528881005,12.134196,-0.3972328,1973
8428,r4i1p1f1,1973,01,28,0.08936508325794058,9.757577,-3.5554802,1973
8429,r4i1p1f1,1973,01,29,23.995627093706197,4.4004874,-3.1806798,1973
8430,r4i1p1f1,1973,01,30,21.54048064653024,2.4510021,-4.925207,1973
8431,r4i1p1f1,1973,01,31,0.0,0.6299284,-12.81536,1973
8432,r4i1p1f1,1973,02,01,6.206961589658236,-2.0472713,-13.65163,1973
8433,r4i1p1f1,1973,02,02,1.9763116611995337,0.32217428,-9.299699,1973
8434,r4i1p1f1,1973,02,03,0.0,2.569923,-9.688915,1973
8435,r4i1p1f1,1973,02,04,1.7121079057794892,-0.9637014,-10.65563,1973
8436,r4i1p1f1,1973,02,05,0.0,-1.5990288,-15.072804,1973
8437,r4i1p1f1,1973,02,06,0.0,-2.2328942,-17.943817,1973
8438,r4i1p1f1,1973,02,07,0.0,5.3113112,-12.446928,1973
8439,r4i1p1f1,1973,02,08,0.3756982704235846,5.114502,-6.967469,1973
8440,r4i1p1f1,1973,02,09,0.0,9.139915,-6.3351865,1973
8441,r4i1p1f1,1973,02,10,0.0,13.519843,-3.7601058,1973
8442,r4i1p1f1,1973,02,11,0.0,12.146405,-0.123695545,1973
8443,r4i1p1f1,1973,02,12,11.662874795386896,8.867862,-2.1754827,1973
8444,r4i1p1f1,1973,02,13,0.08862839293840609,8.615087,-2.4057536,1973
8445,r4i1p1f1,1973,02,14,0.0,11.546847,-3.5627458,1973
8446,r4i1p1f1,1973,02,15,2.4400245781209082,9.286723,-2.0669098,1973
8447,r4i1p1f1,1973,02,16,0.06667406940743184,5.5112486,-6.733291,1973
8448,r4i1p1f1,1973,02,17,0.0,8.541021,-6.924163,1973
8449,r4i1p1f1,1973,02,18,0.0,11.146994,-3.8741565,1973
8450,r4i1p1f1,1973,02,19,0.0,11.966965,-3.220634,1973
8451,r4i1p1f1,1973,02,20,0.0,11.382595,-4.3563766,1973
8452,r4i1p1f1,1973,02,21,3.4161600586609246,7.6569743,-4.12279,1973
8453,r4i1p1f1,1973,02,22,0.10835208445088147,0.54919046,-12.882065,1973
8454,r4i1p1f1,1973,02,23,0.0,-1.4986461,-15.269797,1973
8455,r4i1p1f1,1973,02,24,0.0,1.8840833,-11.96173,1973
8456,r4i1p1f1,1973,02,25,14.521158480652232,2.3637154,-9.440902,1973
8457,r4i1p1f1,1973,02,26,10.21033505796812,5.2150474,-6.281776,1973
8458,r4i1p1f1,1973,02,27,20.112432170779407,3.3821163,-4.880951,1973
8459,r4i1p1f1,1973,02,28,13.495238053789404,0.5739268,-9.169127,1973
8460,r4i1p1f1,1973,03,01,0.04730275020567486,1.8985618,-9.928431,1973
8461,r4i1p1f1,1973,03,02,0.0,2.654004,-9.928331,1973
8462,r4i1p1f1,1973,03,03,0.0,3.9795852,-11.5959215,1973
8463,r4i1p1f1,1973,03,04,0.0,6.131961,-10.4618435,1973
8464,r4i1p1f1,1973,03,05,0.0,9.071846,-8.066958,1973
8465,r4i1p1f1,1973,03,06,0.0,9.065878,-6.176132,1973
8466,r4i1p1f1,1973,03,07,0.0,7.5898232,-6.8189197,1973
8467,r4i1p1f1,1973,03,08,4.412198799251382,5.4579506,-2.2441428,1973
8468,r4i1p1f1,1973,03,09,36.193798840724405,2.8517382,-2.9094548,1973
8469,r4i1p1f1,1973,03,10,6.95342534974721,2.523598,-7.0639987,1973
8470,r4i1p1f1,1973,03,11,0.27713075255694886,6.1936965,-9.403765,1973
8471,r4i1p1f1,1973,03,12,37.713225170752935,1.7669177,-4.349269,1973
8472,r4i1p1f1,1973,03,13,0.10598376631679865,5.940141,-5.5833936,1973
8473,r4i1p1f1,1973,03,14,6.700050139559245,5.1240616,-7.7734075,1973
8474,r4i1p1f1,1973,03,15,61.39583124302968,1.2203902,-4.034495,1973
8475,r4i1p1f1,1973,03,16,0.06932933419485623,2.1085815,-5.294297,1973
8476,r4i1p1f1,1973,03,17,0.013662840106563507,2.659157,-8.270694,1973
8477,r4i1p1f1,1973,03,18,0.7135421898216437,-0.4845184,-12.453245,1973
8478,r4i1p1f1,1973,03,19,0.0,3.026316,-11.258322,1973
8479,r4i1p1f1,1973,03,20,0.03515397077687722,2.9266632,-8.775749,1973
8480,r4i1p1f1,1973,03,21,0.0,3.102488,-7.286972,1973
8481,r4i1p1f1,1973,03,22,0.0,7.158895,-8.280652,1973
8482,r4i1p1f1,1973,03,23,0.0,10.108912,-4.279982,1973
8483,r4i1p1f1,1973,03,24,0.023457697804435684,8.769318,0.14553972,1973
8484,r4i1p1f1,1973,03,25,17.903091400183264,5.149678,-5.550951,1973
8485,r4i1p1f1,1973,03,26,20.208128792488193,1.3251857,-5.0543694,1973
8486,r4i1p1f1,1973,03,27,36.801027950337705,-0.30761793,-8.1441145,1973
8487,r4i1p1f1,1973,03,28,14.75909260256749,2.9702103,-5.357687,1973
8488,r4i1p1f1,1973,03,29,37.00161107090972,3.0190923,-2.6509023,1973
8489,r4i1p1f1,1973,03,30,21.850079427919944,2.2273583,-7.5761943,1973
8490,r4i1p1f1,1973,03,31,0.009729512409784839,4.58221,-5.5424695,1973
8491,r4i1p1f1,1973,04,01,0.0,8.460924,-6.188326,1973
8492,r4i1p1f1,1973,04,02,0.0,9.446666,-4.7958126,1973
8493,r4i1p1f1,1973,04,03,0.0,11.034524,-4.0078063,1973
8494,r4i1p1f1,1973,04,04,0.0,10.400392,-3.4199438,1973
8495,r4i1p1f1,1973,04,05,0.22385420268628012,9.6573515,-3.2622645,1973
8496,r4i1p1f1,1973,04,06,10.31948169923811,5.8731594,-4.6063066,1973
8497,r4i1p1f1,1973,04,07,0.42786163003215505,3.8089433,-3.4715543,1973
8498,r4i1p1f1,1973,04,08,0.27903221549974055,5.894231,-6.648222,1973
8499,r4i1p1f1,1973,04,09,0.9827911398351552,4.7800055,-3.8165543,1973
8500,r4i1p1f1,1973,04,10,0.0,11.156543,-4.340514,1973
8501,r4i1p1f1,1973,04,11,0.0,12.228858,-0.09692652,1973
8502,r4i1p1f1,1973,04,12,15.119738845793083,8.316576,-3.0099633,1973
8503,r4i1p1f1,1973,04,13,7.8747257492875065,2.7038789,-5.0104713,1973
8504,r4i1p1f1,1973,04,14,1.963718719120012,6.486031,-5.320761,1973
8505,r4i1p1f1,1973,04,15,0.19845712185709324,12.3876,-2.6752532,1973
8506,r4i1p1f1,1973,04,16,0.0,13.130666,-2.1277034,1973
8507,r4i1p1f1,1973,04,17,0.0,12.849711,0.13417695,1973
8508,r4i1p1f1,1973,04,18,0.5444594000239527,10.797547,-2.202241,1973
8509,r4i1p1f1,1973,04,19,0.0035252659797575746,4.8831005,-4.872468,1973
8510,r4i1p1f1,1973,04,20,2.005714367951606,2.273084,-7.1683626,1973
8511,r4i1p1f1,1973,04,21,8.946336670184763,0.26473895,-8.436973,1973
8512,r4i1p1f1,1973,04,22,0.03585014951876807,4.029043,-10.627462,1973
8513,r4i1p1f1,1973,04,23,0.0,7.348881,-7.454956,1973
8514,r4i1p1f1,1973,04,24,0.0,9.512493,-4.9612556,1973
8515,r4i1p1f1,1973,04,25,0.0,10.740428,-3.9993603,1973
8516,r4i1p1f1,1973,04,26,0.0,12.064671,-1.3456422,1973
8517,r4i1p1f1,1973,04,27,0.0,12.057461,-2.34612,1973
8518,r4i1p1f1,1973,04,28,0.0,11.595474,-2.9581575,1973
8519,r4i1p1f1,1973,04,29,0.05014254074839757,9.215194,-2.7762482,1973
8520,r4i1p1f1,1973,04,30,1.0676071843915875,2.6667058,-6.8484597,1973
8521,r4i1p1f1,1973,05,01,1.7945563186242401,0.5828277,-9.525656,1973
8522,r4i1p1f1,1973,05,02,0.0,5.2574944,-6.6808066,1973
8523,r4i1p1f1,1973,05,03,0.07456465811538195,10.314983,-3.3574758,1973
8524,r4i1p1f1,1973,05,04,0.5874036348791482,12.941114,-0.5156811,1973
8525,r4i1p1f1,1973,05,05,0.3012407066698747,13.703696,-0.46837252,1973
8526,r4i1p1f1,1973,05,06,0.0,14.802684,1.6259637,1973
8527,r4i1p1f1,1973,05,07,0.0,17.877234,2.3757894,1973
8528,r4i1p1f1,1973,05,08,0.0,18.31903,5.564696,1973
8529,r4i1p1f1,1973,05,09,0.0,18.118122,4.1887803,1973
8530,r4i1p1f1,1973,05,10,0.0,18.141998,4.042984,1973
8531,r4i1p1f1,1973,05,11,2.5213556566127635,13.832305,1.8025795,1973
8532,r4i1p1f1,1973,05,12,0.0,14.080453,1.1621522,1973
8533,r4i1p1f1,1973,05,13,0.0,14.059188,1.077763,1973
8534,r4i1p1f1,1973,05,14,1.5375229676312827,12.005576,0.594693,1973
8535,r4i1p1f1,1973,05,15,0.0035473947019244614,15.604106,1.5953157,1973
8536,r4i1p1f1,1973,05,16,1.259913402270586,12.155279,-0.34460574,1973
8537,r4i1p1f1,1973,05,17,0.5560198794759081,11.2095375,2.1300583,1973
8538,r4i1p1f1,1973,05,18,0.0,12.924692,0.095605016,1973
8539,r4i1p1f1,1973,05,19,0.0007621766512763657,13.07326,0.30021694,1973
8540,r4i1p1f1,1973,05,20,0.0,16.335918,1.2457817,1973
8541,r4i1p1f1,1973,05,21,0.0,18.25268,5.406385,1973
8542,r4i1p1f1,1973,05,22,0.0,17.799683,3.3827357,1973
8543,r4i1p1f1,1973,05,23,0.0,15.686784,2.8073554,1973
8544,r4i1p1f1,1973,05,24,9.376479211276264,8.061048,-1.5801234,1973
8545,r4i1p1f1,1973,05,25,0.1108222375527747,12.116094,-2.2485895,1973
8546,r4i1p1f1,1973,05,26,4.016531012459538,10.417623,-1.832632,1973
8547,r4i1p1f1,1973,05,27,13.516251714677578,7.4251313,-3.815824,1973
8548,r4i1p1f1,1973,05,28,0.0,13.319066,-2.9554014,1973
8549,r4i1p1f1,1973,05,29,0.0,14.811412,0.54292053,1973
8550,r4i1p1f1,1973,05,30,0.0,18.43685,3.4697258,1973
8551,r4i1p1f1,1973,05,31,0.16382728518523873,17.916964,5.569727,1973
8552,r4i1p1f1,1973,06,01,0.026410771599692625,16.249468,4.4443083,1973
8553,r4i1p1f1,1973,06,02,0.0,14.174279,1.4697266,1973
8554,r4i1p1f1,1973,06,03,0.0,12.341345,0.3936684,1973
8555,r4i1p1f1,1973,06,04,0.0,13.220466,0.039195616,1973
8556,r4i1p1f1,1973,06,05,0.0,16.403812,0.4178665,1973
8557,r4i1p1f1,1973,06,06,0.0,18.830297,3.9478974,1973
8558,r4i1p1f1,1973,06,07,0.0,20.470758,5.236522,1973
8559,r4i1p1f1,1973,06,08,0.0,21.60811,6.1560707,1973
8560,r4i1p1f1,1973,06,09,0.7572628527376521,22.094835,6.551398,1973
8561,r4i1p1f1,1973,06,10,1.8429489470645628,18.531965,6.5181785,1973
8562,r4i1p1f1,1973,06,11,0.4955389482248759,16.18709,3.9334989,1973
8563,r4i1p1f1,1973,06,12,0.6519385598982079,17.819418,3.0498831,1973
8564,r4i1p1f1,1973,06,13,0.0,18.701818,4.167362,1973
8565,r4i1p1f1,1973,06,14,0.39170782344803745,18.779629,4.570485,1973
8566,r4i1p1f1,1973,06,15,0.11410191391775916,20.104174,5.266805,1973
8567,r4i1p1f1,1973,06,16,0.0,20.723526,6.097396,1973
8568,r4i1p1f1,1973,06,17,0.6330756788003487,20.22004,7.0592694,1973
8569,r4i1p1f1,1973,06,18,3.440828695006345,19.108942,6.4430776,1973
8570,r4i1p1f1,1973,06,19,0.268002814134979,17.047588,5.218603,1973
8571,r4i1p1f1,1973,06,20,0.0,18.914677,4.264618,1973
8572,r4i1p1f1,1973,06,21,0.0,20.868303,6.2407074,1973
8573,r4i1p1f1,1973,06,22,0.0,21.045048,6.955778,1973
8574,r4i1p1f1,1973,06,23,0.0,21.893698,6.636093,1973
8575,r4i1p1f1,1973,06,24,0.0,21.215149,6.347078,1973
8576,r4i1p1f1,1973,06,25,0.0,20.328154,7.235042,1973
8577,r4i1p1f1,1973,06,26,0.36280961864918543,19.906025,4.767833,1973
8578,r4i1p1f1,1973,06,27,0.0,20.203972,6.117948,1973
8579,r4i1p1f1,1973,06,28,0.0,21.469934,8.405826,1973
8580,r4i1p1f1,1973,06,29,0.0,24.094612,8.4567585,1973
8581,r4i1p1f1,1973,06,30,0.0,25.123085,9.172577,1973
8582,r4i1p1f1,1973,07,01,0.3118438886139306,24.604338,11.163052,1973
8583,r4i1p1f1,1973,07,02,1.1005076250915808,19.435268,9.261917,1973
8584,r4i1p1f1,1973,07,03,2.136955391223353,19.777216,6.406131,1973
8585,r4i1p1f1,1973,07,04,0.029950349157617105,19.515667,4.256698,1973
8586,r4i1p1f1,1973,07,05,0.0,22.440676,6.967451,1973
8587,r4i1p1f1,1973,07,06,0.0163291625881871,22.408558,7.4748793,1973
8588,r4i1p1f1,1973,07,07,0.0,21.975668,7.264374,1973
8589,r4i1p1f1,1973,07,08,0.0,24.144894,7.728019,1973
8590,r4i1p1f1,1973,07,09,0.0,24.14429,9.868519,1973
8591,r4i1p1f1,1973,07,10,0.0,23.257126,8.650199,1973
8592,r4i1p1f1,1973,07,11,0.0,21.540165,8.8113165,1973
8593,r4i1p1f1,1973,07,12,0.0,22.450918,6.5609035,1973
8594,r4i1p1f1,1973,07,13,0.0,23.666143,8.358788,1973
8595,r4i1p1f1,1973,07,14,0.0,23.177483,8.865222,1973
8596,r4i1p1f1,1973,07,15,0.07343056848234754,24.368818,8.70869,1973
8597,r4i1p1f1,1973,07,16,0.9937642118505073,23.824066,9.727429,1973
8598,r4i1p1f1,1973,07,17,3.508938024675461,25.658075,10.047761,1973
8599,r4i1p1f1,1973,07,18,0.02198701034214693,27.456755,11.60415,1973
8600,r4i1p1f1,1973,07,19,0.0,28.647654,12.434977,1973
8601,r4i1p1f1,1973,07,20,0.3654627561449638,29.296597,12.356031,1973
8602,r4i1p1f1,1973,07,21,0.0,28.848532,12.113642,1973
8603,r4i1p1f1,1973,07,22,0.4137775447116627,28.379139,13.809584,1973
8604,r4i1p1f1,1973,07,23,2.588991173930209,27.080135,13.208152,1973
8605,r4i1p1f1,1973,07,24,6.824780621316191,25.969707,12.689177,1973
8606,r4i1p1f1,1973,07,25,4.449731189947567,25.202578,12.236139,1973
8607,r4i1p1f1,1973,07,26,1.655491763032916,25.830471,12.284836,1973
8608,r4i1p1f1,1973,07,27,3.5008690011887684,25.323748,11.155276,1973
8609,r4i1p1f1,1973,07,28,0.4724643959465481,24.65732,10.424823,1973
8610,r4i1p1f1,1973,07,29,0.0,23.584867,8.586725,1973
8611,r4i1p1f1,1973,07,30,0.0,19.142658,5.0893545,1973
8612,r4i1p1f1,1973,07,31,0.0,17.924343,5.053539,1973
8613,r4i1p1f1,1973,08,01,0.0,19.208704,5.2134814,1973
8614,r4i1p1f1,1973,08,02,0.0,21.183203,6.8516965,1973
8615,r4i1p1f1,1973,08,03,0.0,21.86985,6.820661,1973
8616,r4i1p1f1,1973,08,04,0.0,21.89556,6.0464706,1973
8617,r4i1p1f1,1973,08,05,0.0,22.571518,6.5310535,1973
8618,r4i1p1f1,1973,08,06,0.0,23.01399,7.359412,1973
8619,r4i1p1f1,1973,08,07,0.0,22.407705,6.6354713,1973
8620,r4i1p1f1,1973,08,08,0.0,21.025892,6.912716,1973
8621,r4i1p1f1,1973,08,09,0.0,22.241756,5.3999453,1973
8622,r4i1p1f1,1973,08,10,0.0,24.877918,7.500232,1973
8623,r4i1p1f1,1973,08,11,0.0,26.255192,9.675232,1973
8624,r4i1p1f1,1973,08,12,0.02533727914423627,25.042702,11.864504,1973
8625,r4i1p1f1,1973,08,13,0.0,25.222404,8.491505,1973
8626,r4i1p1f1,1973,08,14,0.0,26.389158,9.913987,1973
8627,r4i1p1f1,1973,08,15,0.0,25.75363,9.973625,1973
8628,r4i1p1f1,1973,08,16,0.088138064103279,24.092737,9.294504,1973
8629,r4i1p1f1,1973,08,17,0.11569626888258139,24.367853,9.3517,1973
8630,r4i1p1f1,1973,08,18,0.4003069009218361,24.79828,9.495962,1973
8631,r4i1p1f1,1973,08,19,0.04853390580643974,24.906715,8.568543,1973
8632,r4i1p1f1,1973,08,20,0.5661498649106139,25.1059,8.494039,1973
8633,r4i1p1f1,1973,08,21,4.825651170373285,22.837313,11.41526,1973
8634,r4i1p1f1,1973,08,22,0.038956763613674096,21.997002,9.337281,1973
8635,r4i1p1f1,1973,08,23,0.00566846872279547,22.085943,6.983476,1973
8636,r4i1p1f1,1973,08,24,0.0,21.658665,5.656739,1973
8637,r4i1p1f1,1973,08,25,0.0,20.82561,8.610176,1973
8638,r4i1p1f1,1973,08,26,0.0,18.641666,5.458783,1973
8639,r4i1p1f1,1973,08,27,0.009937703159608251,21.26323,4.928664,1973
8640,r4i1p1f1,1973,08,28,0.0,24.094477,6.139266,1973
8641,r4i1p1f1,1973,08,29,0.010454744744278929,23.783016,9.727359,1973
8642,r4i1p1f1,1973,08,30,1.2888021586277565,26.058807,9.107656,1973
8643,r4i1p1f1,1973,08,31,0.0,25.877161,9.739388,1973
8644,r4i1p1f1,1973,09,01,0.0,24.943596,9.080842,1973
8645,r4i1p1f1,1973,09,02,0.0,23.683195,9.074413,1973
8646,r4i1p1f1,1973,09,03,0.0,23.492388,7.921115,1973
8647,r4i1p1f1,1973,09,04,0.0,23.843634,7.6904535,1973
8648,r4i1p1f1,1973,09,05,0.0,23.825832,7.891608,1973
8649,r4i1p1f1,1973,09,06,0.0,22.935879,7.4871893,1973
8650,r4i1p1f1,1973,09,07,0.0,23.816269,7.981553,1973
8651,r4i1p1f1,1973,09,08,0.0,23.779825,7.9927106,1973
8652,r4i1p1f1,1973,09,09,0.0,23.86568,8.288982,1973
8653,r4i1p1f1,1973,09,10,0.1207042563173549,24.379406,8.659549,1973
8654,r4i1p1f1,1973,09,11,0.0,23.397432,9.598928,1973
8655,r4i1p1f1,1973,09,12,0.039915073287938786,22.738743,9.6446085,1973
8656,r4i1p1f1,1973,09,13,0.0036643279402419856,21.271263,7.152683,1973
8657,r4i1p1f1,1973,09,14,0.1366082710753631,23.371021,8.310512,1973
8658,r4i1p1f1,1973,09,15,0.07213116074307523,24.525843,8.438103,1973
8659,r4i1p1f1,1973,09,16,0.0,25.298643,8.431217,1973
8660,r4i1p1f1,1973,09,17,0.0,25.37933,8.96989,1973
8661,r4i1p1f1,1973,09,18,0.3881634271106308,24.974697,9.585891,1973
8662,r4i1p1f1,1973,09,19,0.4859825522202695,23.697557,9.903863,1973
8663,r4i1p1f1,1973,09,20,0.2608277896682287,22.025923,6.564443,1973
8664,r4i1p1f1,1973,09,21,1.407217274772765,23.439924,10.169152,1973
8665,r4i1p1f1,1973,09,22,0.8585844206377733,19.862083,7.9444265,1973
8666,r4i1p1f1,1973,09,23,0.0,21.492113,5.050983,1973
8667,r4i1p1f1,1973,09,24,0.0,23.236301,6.680416,1973
8668,r4i1p1f1,1973,09,25,0.0,24.06286,7.7608924,1973
8669,r4i1p1f1,1973,09,26,0.0,25.168633,8.67088,1973
8670,r4i1p1f1,1973,09,27,0.0,25.763403,9.153313,1973
8671,r4i1p1f1,1973,09,28,0.0,26.0315,8.786317,1973
8672,r4i1p1f1,1973,09,29,0.0,26.210007,9.425065,1973
8673,r4i1p1f1,1973,09,30,0.0,25.166021,9.13601,1973
8674,r4i1p1f1,1973,10,01,0.0,23.547571,8.36459,1973
8675,r4i1p1f1,1973,10,02,0.0,21.395298,6.8467593,1973
8676,r4i1p1f1,1973,10,03,0.0,22.709986,6.4706483,1973
8677,r4i1p1f1,1973,10,04,0.0,22.383608,6.0107965,1973
8678,r4i1p1f1,1973,10,05,0.0,23.231024,6.8222375,1973
8679,r4i1p1f1,1973,10,06,0.0,22.643276,7.03783,1973
8680,r4i1p1f1,1973,10,07,0.0,21.558205,7.1552596,1973
8681,r4i1p1f1,1973,10,08,0.0,17.502474,4.579379,1973
8682,r4i1p1f1,1973,10,09,0.05377111943308011,15.803869,1.9706415,1973
8683,r4i1p1f1,1973,10,10,0.034917141159096145,17.132135,2.270302,1973
8684,r4i1p1f1,1973,10,11,0.314233348726867,17.188007,2.0489452,1973
8685,r4i1p1f1,1973,10,12,0.05051279852058258,17.578974,2.5091577,1973
8686,r4i1p1f1,1973,10,13,0.0,17.311804,2.224075,1973
8687,r4i1p1f1,1973,10,14,0.0,18.70964,3.583209,1973
8688,r4i1p1f1,1973,10,15,0.0,21.668962,4.896576,1973
8689,r4i1p1f1,1973,10,16,0.0,23.327805,7.0964994,1973
8690,r4i1p1f1,1973,10,17,0.0,22.940182,7.6036806,1973
8691,r4i1p1f1,1973,10,18,0.0,24.531544,8.0973215,1973
8692,r4i1p1f1,1973,10,19,0.0,24.432022,8.57178,1973
8693,r4i1p1f1,1973,10,20,0.0,23.989061,8.545524,1973
8694,r4i1p1f1,1973,10,21,0.0,23.380106,9.404291,1973
8695,r4i1p1f1,1973,10,22,0.0,22.597477,9.105327,1973
8696,r4i1p1f1,1973,10,23,0.0,21.653847,7.735058,1973
8697,r4i1p1f1,1973,10,24,0.0,18.773144,2.5276093,1973
8698,r4i1p1f1,1973,10,25,0.0,13.459074,-2.6754262,1973
8699,r4i1p1f1,1973,10,26,0.0,9.496624,-5.773281,1973
8700,r4i1p1f1,1973,10,27,0.0,8.14096,-4.124706,1973
8701,r4i1p1f1,1973,10,28,0.0,9.80817,-4.584934,1973
8702,r4i1p1f1,1973,10,29,0.0,12.3754835,-3.0065603,1973
8703,r4i1p1f1,1973,10,30,0.0,14.900337,-0.59462726,1973
8704,r4i1p1f1,1973,10,31,0.0,16.386526,-0.18223509,1973
8705,r4i1p1f1,1973,11,01,0.0,14.637534,1.8849782,1973
8706,r4i1p1f1,1973,11,02,0.0,11.2997675,0.6578066,1973
8707,r4i1p1f1,1973,11,03,0.0,13.289877,-1.0050697,1973
8708,r4i1p1f1,1973,11,04,0.0,15.027227,-0.6404446,1973
8709,r4i1p1f1,1973,11,05,0.0,17.25747,0.97548723,1973
8710,r4i1p1f1,1973,11,06,0.0,17.462372,1.4902849,1973
8711,r4i1p1f1,1973,11,07,0.0,16.278107,2.836403,1973
8712,r4i1p1f1,1973,11,08,0.0,14.831353,0.65906847,1973
8713,r4i1p1f1,1973,11,09,0.0,16.276623,0.7990035,1973
8714,r4i1p1f1,1973,11,10,0.0,15.132157,1.9748712,1973
8715,r4i1p1f1,1973,11,11,0.004296949474621412,12.394684,-0.46847326,1973
8716,r4i1p1f1,1973,11,12,8.673384666089412,3.5348377,-3.2395594,1973
8717,r4i1p1f1,1973,11,13,0.08401091259220594,4.100763,-10.054025,1973
8718,r4i1p1f1,1973,11,14,0.0,4.9708147,-9.530789,1973
8719,r4i1p1f1,1973,11,15,4.0593882377640815,5.1419716,-3.412126,1973
8720,r4i1p1f1,1973,11,16,29.630944510259162,6.176473,-0.53693134,1973
8721,r4i1p1f1,1973,11,17,15.51207823816337,5.2251406,-6.6334114,1973
8722,r4i1p1f1,1973,11,18,0.0,4.5212564,-14.155477,1973
8723,r4i1p1f1,1973,11,19,3.042818741044962,2.5126185,-7.521288,1973
8724,r4i1p1f1,1973,11,20,1.6702275002866191,0.39250928,-11.129621,1973
8725,r4i1p1f1,1973,11,21,1.1207803719779355,-0.72055244,-11.516651,1973
8726,r4i1p1f1,1973,11,22,0.0,1.5590934,-12.358069,1973
8727,r4i1p1f1,1973,11,23,0.0,7.9608727,-9.27244,1973
8728,r4i1p1f1,1973,11,24,0.0,5.4309716,-6.747858,1973
8729,r4i1p1f1,1973,11,25,0.0,-0.6312513,-13.920537,1973
8730,r4i1p1f1,1973,11,26,0.0,1.2860256,-13.54924,1973
8731,r4i1p1f1,1973,11,27,0.0,6.348993,-10.692362,1973
8732,r4i1p1f1,1973,11,28,0.0,5.641152,-8.800274,1973
8733,r4i1p1f1,1973,11,29,0.0,5.422314,-9.897789,1973
8734,r4i1p1f1,1973,11,30,0.0,6.935344,-10.856975,1973
8735,r4i1p1f1,1973,12,01,0.0,4.7962713,-6.0410333,1973
8736,r4i1p1f1,1973,12,02,23.984861296677447,-0.85505956,-9.440501,1973
8737,r4i1p1f1,1973,12,03,8.75665326834534,-2.0077212,-8.962543,1973
8738,r4i1p1f1,1973,12,04,4.217784981591241,-2.8315766,-12.65647,1973
8739,r4i1p1f1,1973,12,05,5.096059545191084,-4.483656,-15.88325,1973
8740,r4i1p1f1,1973,12,06,0.0,-3.7835848,-22.697401,1973
8741,r4i1p1f1,1973,12,07,0.0,-5.7647996,-15.609026,1973
8742,r4i1p1f1,1973,12,08,0.0,-0.54671353,-12.718827,1973
8743,r4i1p1f1,1973,12,09,0.11717507827659458,-3.3142915,-14.723328,1973
8744,r4i1p1f1,1973,12,10,4.514813968412392,-10.624492,-21.609983,1973
8745,r4i1p1f1,1973,12,11,0.013391238780402845,-11.960364,-22.824593,1973
8746,r4i1p1f1,1973,12,12,0.0,-9.455169,-21.987541,1973
8747,r4i1p1f1,1973,12,13,0.0,-8.430972,-22.74478,1973
8748,r4i1p1f1,1973,12,14,0.0,-7.1238074,-21.203325,1973
8749,r4i1p1f1,1973,12,15,0.0,-1.1799206,-17.414036,1973
8750,r4i1p1f1,1973,12,16,0.0,2.160332,-15.0851755,1973
8751,r4i1p1f1,1973,12,17,0.0,-2.4335933,-13.824234,1973
8752,r4i1p1f1,1973,12,18,4.010276420964287,-5.6551857,-13.367612,1973
8753,r4i1p1f1,1973,12,19,0.04972691634012496,-5.986807,-15.770521,1973
8754,r4i1p1f1,1973,12,20,0.0,-7.602015,-20.036438,1973
8755,r4i1p1f1,1973,12,21,0.0,0.33410022,-14.660924,1973
8756,r4i1p1f1,1973,12,22,0.0,1.5211315,-12.208947,1973
8757,r4i1p1f1,1973,12,23,0.0,7.0353136,-7.304989,1973
8758,r4i1p1f1,1973,12,24,0.0,7.1033764,-6.2940044,1973
8759,r4i1p1f1,1973,12,25,0.0,6.391015,-7.0610914,1973
8760,r4i1p1f1,1973,12,26,0.0,7.323715,-2.6867204,1973
8761,r4i1p1f1,1973,12,27,9.621830144926735,3.8890278,-6.7002554,1973
8762,r4i1p1f1,1973,12,28,62.86294459685582,0.5443639,-5.305538,1973
8763,r4i1p1f1,1973,12,29,16.138880757395835,0.054531943,-6.0952487,1973
8764,r4i1p1f1,1973,12,30,0.08563029257371511,-0.33747387,-8.892097,1973
8765,r4i1p1f1,1973,12,31,4.3091550848604285,-3.224184,-10.135827,1973
8766,r4i1p1f1,1974,01,01,0.0,-1.5066476,-16.513927,1974
8767,r4i1p1f1,1974,01,02,0.0,-0.43000787,-11.923722,1974
8768,r4i1p1f1,1974,01,03,0.0,-0.44239178,-11.042828,1974
8769,r4i1p1f1,1974,01,04,0.0,1.2079107,-12.23606,1974
8770,r4i1p1f1,1974,01,05,0.0,-0.035486627,-11.751222,1974
8771,r4i1p1f1,1974,01,06,2.3420691959423223,-4.187186,-11.721231,1974
8772,r4i1p1f1,1974,01,07,1.3093919317268716,-2.9437277,-14.008472,1974
8773,r4i1p1f1,1974,01,08,5.429647605711061,1.2830801,-8.881572,1974
8774,r4i1p1f1,1974,01,09,0.0,2.83882,-6.693,1974
8775,r4i1p1f1,1974,01,10,0.0,4.8783426,-8.339546,1974
8776,r4i1p1f1,1974,01,11,0.0,5.1043377,-6.8743553,1974
8777,r4i1p1f1,1974,01,12,0.19851167478186263,4.070345,-7.106669,1974
8778,r4i1p1f1,1974,01,13,0.0,7.312764,-5.594727,1974
8779,r4i1p1f1,1974,01,14,0.0,7.8130417,-5.7606072,1974
8780,r4i1p1f1,1974,01,15,0.0,8.058506,-2.6262887,1974
8781,r4i1p1f1,1974,01,16,0.0,6.5643344,-4.076054,1974
8782,r4i1p1f1,1974,01,17,0.0,5.6823335,-7.6243553,1974
8783,r4i1p1f1,1974,01,18,0.329137904934391,7.174509,-3.797801,1974
8784,r4i1p1f1,1974,01,19,0.0,9.346598,-3.9094365,1974
8785,r4i1p1f1,1974,01,20,0.0,10.959932,-0.4566854,1974
8786,r4i1p1f1,1974,01,21,0.0,8.560757,-1.1450667,1974
8787,r4i1p1f1,1974,01,22,26.611167352016576,3.7572267,-5.232285,1974
8788,r4i1p1f1,1974,01,23,0.8713277278911024,4.8201194,-4.712108,1974
8789,r4i1p1f1,1974,01,24,16.06936217435821,2.1256196,-3.9956973,1974
8790,r4i1p1f1,1974,01,25,7.9766956438123175,-0.6068019,-10.368096,1974
8791,r4i1p1f1,1974,01,26,1.1224688940825522,8.382378,-3.960349,1974
8792,r4i1p1f1,1974,01,27,0.0,10.983747,-2.0167859,1974
8793,r4i1p1f1,1974,01,28,0.0,11.745739,-2.6107948,1974
8794,r4i1p1f1,1974,01,29,0.0,9.228542,-2.2241006,1974
8795,r4i1p1f1,1974,01,30,14.024070146618984,4.0540805,-6.2010674,1974
8796,r4i1p1f1,1974,01,31,0.0,5.5069976,-8.6990595,1974
8797,r4i1p1f1,1974,02,01,4.64534240169556,1.7454181,-7.905937,1974
8798,r4i1p1f1,1974,02,02,52.13709035003347,2.8292692,-3.4876928,1974
8799,r4i1p1f1,1974,02,03,9.913383929687868,5.2220345,-7.093635,1974
8800,r4i1p1f1,1974,02,04,0.0,8.766683,-4.372028,1974
8801,r4i1p1f1,1974,02,05,0.0,11.000274,-3.556478,1974
8802,r4i1p1f1,1974,02,06,0.0,13.023359,-3.0487726,1974
8803,r4i1p1f1,1974,02,07,0.5009906587515842,11.093678,-1.7085025,1974
8804,r4i1p1f1,1974,02,08,42.17253360081869,3.8195615,-5.9204626,1974
8805,r4i1p1f1,1974,02,09,5.960568348125569,-2.8350286,-11.71548,1974
8806,r4i1p1f1,1974,02,10,0.05889610030813584,-1.4573834,-11.429235,1974
8807,r4i1p1f1,1974,02,11,0.0,0.51976925,-13.128903,1974
8808,r4i1p1f1,1974,02,12,0.0,0.53020144,-12.381234,1974
8809,r4i1p1f1,1974,02,13,0.0,-2.7265568,-15.65493,1974
8810,r4i1p1f1,1974,02,14,0.0,-3.9542737,-15.446877,1974
8811,r4i1p1f1,1974,02,15,0.0,0.8505359,-12.897636,1974
8812,r4i1p1f1,1974,02,16,0.0,1.6535237,-10.852491,1974
8813,r4i1p1f1,1974,02,17,0.0,2.4554088,-10.795105,1974
8814,r4i1p1f1,1974,02,18,0.0,4.2425194,-8.545097,1974
8815,r4i1p1f1,1974,02,19,0.0,3.3741686,-9.496611,1974
8816,r4i1p1f1,1974,02,20,0.5623344740404603,-0.8265115,-13.539548,1974
8817,r4i1p1f1,1974,02,21,0.0,-2.0798523,-14.977111,1974
8818,r4i1p1f1,1974,02,22,0.008231760730926891,-2.733051,-12.509124,1974
8819,r4i1p1f1,1974,02,23,2.3359597494060726,0.2633504,-10.418545,1974
8820,r4i1p1f1,1974,02,24,0.0,4.266277,-10.226333,1974
8821,r4i1p1f1,1974,02,25,0.0,4.6060457,-7.8146453,1974
8822,r4i1p1f1,1974,02,26,21.29189156747014,1.299433,-8.192154,1974
8823,r4i1p1f1,1974,02,27,20.383410587444864,-0.72554266,-10.011439,1974
8824,r4i1p1f1,1974,02,28,0.0,1.7597698,-8.96612,1974
8825,r4i1p1f1,1974,03,01,13.561659744293829,-1.3883681,-8.079542,1974
8826,r4i1p1f1,1974,03,02,1.9245945564210765,-2.071901,-8.212704,1974
8827,r4i1p1f1,1974,03,03,0.0,2.7916968,-11.326271,1974
8828,r4i1p1f1,1974,03,04,0.0,5.618636,-9.820956,1974
8829,r4i1p1f1,1974,03,05,17.729431166768187,1.4549505,-7.3509555,1974
8830,r4i1p1f1,1974,03,06,26.849960045240046,2.203483,-6.1729674,1974
8831,r4i1p1f1,1974,03,07,9.97366854355434,1.0160358,-5.337518,1974
8832,r4i1p1f1,1974,03,08,0.4121575015751783,4.775214,-7.090768,1974
8833,r4i1p1f1,1974,03,09,0.0,7.0648007,-5.404812,1974
8834,r4i1p1f1,1974,03,10,0.0,6.2942624,-6.979917,1974
8835,r4i1p1f1,1974,03,11,0.001855712116388309,4.1819882,-8.378412,1974
8836,r4i1p1f1,1974,03,12,16.64606262047404,-0.94236416,-7.461102,1974
8837,r4i1p1f1,1974,03,13,0.4536303068883118,3.1663413,-10.033574,1974
8838,r4i1p1f1,1974,03,14,0.0,3.5969114,-12.50289,1974
8839,r4i1p1f1,1974,03,15,3.6633250804471693,-1.3602477,-10.622962,1974
8840,r4i1p1f1,1974,03,16,6.679511254343069,-3.3943965,-10.125279,1974
8841,r4i1p1f1,1974,03,17,0.0,1.1157547,-13.80426,1974
8842,r4i1p1f1,1974,03,18,0.38153533133724493,2.0191965,-11.947164,1974
8843,r4i1p1f1,1974,03,19,1.3869812405289652,-2.4562633,-10.724558,1974
8844,r4i1p1f1,1974,03,20,11.81430204474363,-3.662959,-12.656278,1974
8845,r4i1p1f1,1974,03,21,8.70862818283305,-4.716423,-10.463342,1974
8846,r4i1p1f1,1974,03,22,0.011556067885762519,2.2018754,-14.326027,1974
8847,r4i1p1f1,1974,03,23,0.0,10.133628,-9.187431,1974
8848,r4i1p1f1,1974,03,24,0.0,12.213517,-5.6119313,1974
8849,r4i1p1f1,1974,03,25,0.0,12.701118,-2.2062845,1974
8850,r4i1p1f1,1974,03,26,0.0,13.364395,-2.8960297,1974
8851,r4i1p1f1,1974,03,27,0.0,12.74562,-1.8433586,1974
8852,r4i1p1f1,1974,03,28,0.1502396703558609,11.1476345,-1.8180964,1974
8853,r4i1p1f1,1974,03,29,0.23978429927324194,11.777106,-3.3943157,1974
8854,r4i1p1f1,1974,03,30,4.5916311156373535,7.8126945,-3.7164075,1974
8855,r4i1p1f1,1974,03,31,3.985849706291714,4.0689516,-4.359362,1974
8856,r4i1p1f1,1974,04,01,0.2764878990219833,3.5628552,-4.569468,1974
8857,r4i1p1f1,1974,04,02,11.018737679331856,-0.15836282,-6.5883255,1974
8858,r4i1p1f1,1974,04,03,2.3813767416259286,0.2962757,-7.536373,1974
8859,r4i1p1f1,1974,04,04,0.0,11.088108,-6.222798,1974
8860,r4i1p1f1,1974,04,05,0.0,14.869983,-3.3017452,1974
8861,r4i1p1f1,1974,04,06,0.0,15.442365,-1.0951523,1974
8862,r4i1p1f1,1974,04,07,0.0,14.872042,1.6478451,1974
8863,r4i1p1f1,1974,04,08,1.2273440458865814,10.267352,-2.115426,1974
8864,r4i1p1f1,1974,04,09,4.483033125828062,-1.2707112,-11.2962,1974
8865,r4i1p1f1,1974,04,10,0.0,3.542488,-9.489579,1974
8866,r4i1p1f1,1974,04,11,0.0,5.2521105,-8.738998,1974
8867,r4i1p1f1,1974,04,12,0.0,5.091454,-6.1702213,1974
8868,r4i1p1f1,1974,04,13,0.0,10.574784,-4.9850225,1974
8869,r4i1p1f1,1974,04,14,0.0,11.906144,-2.6487408,1974
8870,r4i1p1f1,1974,04,15,0.3706814093881116,9.597183,-4.123695,1974
8871,r4i1p1f1,1974,04,16,1.174795121961855,2.040128,-4.6364865,1974
8872,r4i1p1f1,1974,04,17,2.7617964354878777,-0.1745966,-10.141132,1974
8873,r4i1p1f1,1974,04,18,8.927720203706379,-1.6331204,-9.020587,1974
8874,r4i1p1f1,1974,04,19,8.37299210443193,-3.3094645,-11.386727,1974
8875,r4i1p1f1,1974,04,20,0.3819170545780479,3.380477,-6.7040715,1974
8876,r4i1p1f1,1974,04,21,0.0,9.628696,-5.0405107,1974
8877,r4i1p1f1,1974,04,22,0.0,10.429626,-3.5394752,1974
8878,r4i1p1f1,1974,04,23,15.700398297377017,6.6549745,-4.143276,1974
8879,r4i1p1f1,1974,04,24,0.6346970197791879,8.809196,-4.5879197,1974
8880,r4i1p1f1,1974,04,25,0.0,10.293791,-2.5743392,1974
8881,r4i1p1f1,1974,04,26,0.0,11.093369,-3.181312,1974
8882,r4i1p1f1,1974,04,27,4.238639173808516,8.08497,-1.1028548,1974
8883,r4i1p1f1,1974,04,28,18.611030137415014,6.5511217,-1.3692337,1974
8884,r4i1p1f1,1974,04,29,0.0,11.106649,-2.8468754,1974
8885,r4i1p1f1,1974,04,30,0.0,10.864122,-2.2877548,1974
8886,r4i1p1f1,1974,05,01,0.0,10.427647,-0.1908369,1974
8887,r4i1p1f1,1974,05,02,3.5489431140566143,8.764315,-0.3240781,1974
8888,r4i1p1f1,1974,05,03,12.293509034511299,7.004213,-2.6831794,1974
8889,r4i1p1f1,1974,05,04,25.131642799908757,5.534375,-2.2770765,1974
8890,r4i1p1f1,1974,05,05,0.0026018034871688692,8.776071,-3.6740253,1974
8891,r4i1p1f1,1974,05,06,0.4438981710706903,7.1054177,-1.3779517,1974
8892,r4i1p1f1,1974,05,07,0.9080861751408932,1.2095246,-7.2399755,1974
8893,r4i1p1f1,1974,05,08,0.007409815595783419,6.1974053,-5.809676,1974
8894,r4i1p1f1,1974,05,09,0.0,8.938774,-5.1323814,1974
8895,r4i1p1f1,1974,05,10,0.0,9.597577,-2.1890998,1974
8896,r4i1p1f1,1974,05,11,0.0,11.73439,-2.4645052,1974
8897,r4i1p1f1,1974,05,12,0.0,13.86304,0.65170115,1974
8898,r4i1p1f1,1974,05,13,0.02773726502290139,13.49642,1.3168746,1974
8899,r4i1p1f1,1974,05,14,0.03534416438381154,11.683005,-1.4204423,1974
8900,r4i1p1f1,1974,05,15,0.0,11.825525,-1.0952206,1974
8901,r4i1p1f1,1974,05,16,0.0,13.556966,-0.073241636,1974
8902,r4i1p1f1,1974,05,17,0.0,14.60606,-0.29217687,1974
8903,r4i1p1f1,1974,05,18,1.5207278043241346,11.713942,0.85058886,1974
8904,r4i1p1f1,1974,05,19,29.200184998277372,6.140908,-2.7382388,1974
8905,r4i1p1f1,1974,05,20,0.0,13.526241,-1.4340172,1974
8906,r4i1p1f1,1974,05,21,0.0,18.008993,3.2933648,1974
8907,r4i1p1f1,1974,05,22,0.0,19.519955,4.332102,1974
8908,r4i1p1f1,1974,05,23,0.0,21.179743,6.2276096,1974
8909,r4i1p1f1,1974,05,24,0.0,21.093426,7.298881,1974
8910,r4i1p1f1,1974,05,25,0.0,20.498655,5.908745,1974
8911,r4i1p1f1,1974,05,26,0.2766964283384113,19.559093,5.555309,1974
8912,r4i1p1f1,1974,05,27,4.372940512308658,19.643784,5.3027196,1974
8913,r4i1p1f1,1974,05,28,3.3958118858908373,17.421669,4.3576097,1974
8914,r4i1p1f1,1974,05,29,0.9785330525621281,16.47004,2.6862032,1974
8915,r4i1p1f1,1974,05,30,3.20113409608268,12.37161,1.6706265,1974
8916,r4i1p1f1,1974,05,31,0.0,12.975351,0.1598994,1974
8917,r4i1p1f1,1974,06,01,0.0,11.198543,0.37329426,1974
8918,r4i1p1f1,1974,06,02,0.017162581186653883,9.3101015,1.9324412,1974
8919,r4i1p1f1,1974,06,03,0.0,12.110647,-2.8747206,1974
8920,r4i1p1f1,1974,06,04,0.0,14.010855,-1.6856987,1974
8921,r4i1p1f1,1974,06,05,0.0,12.9208355,-0.34925187,1974
8922,r4i1p1f1,1974,06,06,0.0,15.374558,0.68037367,1974
8923,r4i1p1f1,1974,06,07,1.1902267673708409,17.391287,1.855921,1974
8924,r4i1p1f1,1974,06,08,0.0836755202022909,19.404814,3.8505092,1974
8925,r4i1p1f1,1974,06,09,0.6707850698840212,19.353214,4.7734404,1974
8926,r4i1p1f1,1974,06,10,3.046515475064993,13.57954,3.2808144,1974
8927,r4i1p1f1,1974,06,11,3.401891842309127,13.955722,2.4938776,1974
8928,r4i1p1f1,1974,06,12,2.1563392416562865,14.233268,2.506778,1974
8929,r4i1p1f1,1974,06,13,0.7867765608011209,16.97211,3.295782,1974
8930,r4i1p1f1,1974,06,14,8.316432250966791,17.10285,2.4033153,1974
8931,r4i1p1f1,1974,06,15,4.4839276024413675,16.530153,0.7576471,1974
8932,r4i1p1f1,1974,06,16,12.36148522116865,9.610031,1.4029692,1974
8933,r4i1p1f1,1974,06,17,17.542953676486448,7.8888836,2.4936256,1974
8934,r4i1p1f1,1974,06,18,2.059183625222357,10.713017,-0.4022964,1974
8935,r4i1p1f1,1974,06,19,0.08564054304157064,16.99956,2.7685616,1974
8936,r4i1p1f1,1974,06,20,0.8667965489057761,17.780277,2.7287393,1974
8937,r4i1p1f1,1974,06,21,2.731518817916581,19.851149,5.478198,1974
8938,r4i1p1f1,1974,06,22,0.8553950249079701,19.392403,4.895304,1974
8939,r4i1p1f1,1974,06,23,0.0,21.136494,6.188214,1974
8940,r4i1p1f1,1974,06,24,0.0,20.852264,6.3014126,1974
8941,r4i1p1f1,1974,06,25,0.0,20.078094,6.9177375,1974
8942,r4i1p1f1,1974,06,26,0.0,18.703623,4.877332,1974
8943,r4i1p1f1,1974,06,27,0.0,20.018608,3.155388,1974
8944,r4i1p1f1,1974,06,28,0.0,23.474524,6.468807,1974
8945,r4i1p1f1,1974,06,29,0.35713145260991974,23.877487,8.921826,1974
8946,r4i1p1f1,1974,06,30,0.33315672352114956,21.33379,8.317295,1974
8947,r4i1p1f1,1974,07,01,0.0,20.471006,7.2129025,1974
8948,r4i1p1f1,1974,07,02,0.0,22.373014,7.074906,1974
8949,r4i1p1f1,1974,07,03,0.0,25.394613,8.994208,1974
8950,r4i1p1f1,1974,07,04,0.0,27.31962,11.3909445,1974
8951,r4i1p1f1,1974,07,05,0.6078153562120202,26.890131,11.436949,1974
8952,r4i1p1f1,1974,07,06,5.136420907599144,25.280157,10.877484,1974
8953,r4i1p1f1,1974,07,07,0.5887762453629345,23.446459,8.883968,1974
8954,r4i1p1f1,1974,07,08,0.6922549686836589,22.655296,7.5458913,1974
8955,r4i1p1f1,1974,07,09,0.0,23.06366,7.040628,1974
8956,r4i1p1f1,1974,07,10,0.14442786146629585,22.929794,8.576952,1974
8957,r4i1p1f1,1974,07,11,0.0,20.303946,7.350122,1974
8958,r4i1p1f1,1974,07,12,0.18521289621193776,18.790243,7.117012,1974
8959,r4i1p1f1,1974,07,13,0.9141590560838313,22.242575,6.079268,1974
8960,r4i1p1f1,1974,07,14,0.0,23.930752,9.244459,1974
8961,r4i1p1f1,1974,07,15,0.0,24.757496,9.445436,1974
8962,r4i1p1f1,1974,07,16,0.0,24.710646,8.629529,1974
8963,r4i1p1f1,1974,07,17,0.0,24.486082,9.104249,1974
8964,r4i1p1f1,1974,07,18,0.0,23.911716,9.100091,1974
8965,r4i1p1f1,1974,07,19,0.0,22.72382,8.329623,1974
8966,r4i1p1f1,1974,07,20,0.0,21.816607,6.841009,1974
8967,r4i1p1f1,1974,07,21,0.3583351020019133,21.695923,6.8704195,1974
8968,r4i1p1f1,1974,07,22,0.0,19.91023,5.1030235,1974
8969,r4i1p1f1,1974,07,23,0.0,23.068312,7.003487,1974
8970,r4i1p1f1,1974,07,24,0.0,24.741116,8.130579,1974
8971,r4i1p1f1,1974,07,25,0.39954620471887387,25.161982,9.144446,1974
8972,r4i1p1f1,1974,07,26,1.231996115794939,23.929354,9.015085,1974
8973,r4i1p1f1,1974,07,27,0.0,22.257118,8.696092,1974
8974,r4i1p1f1,1974,07,28,0.0,22.787361,9.636759,1974
8975,r4i1p1f1,1974,07,29,0.0,22.494688,8.189598,1974
8976,r4i1p1f1,1974,07,30,0.10118829648416569,21.570772,6.8631926,1974
8977,r4i1p1f1,1974,07,31,0.0,22.021345,6.623754,1974
8978,r4i1p1f1,1974,08,01,0.0,22.606337,6.0155053,1974
8979,r4i1p1f1,1974,08,02,0.0,21.871307,6.2521415,1974
8980,r4i1p1f1,1974,08,03,0.0,20.97429,6.164653,1974
8981,r4i1p1f1,1974,08,04,0.0,21.464718,5.821369,1974
8982,r4i1p1f1,1974,08,05,0.0,22.99818,7.0096087,1974
8983,r4i1p1f1,1974,08,06,0.0,23.335842,7.7614164,1974
8984,r4i1p1f1,1974,08,07,0.0,23.573048,8.389477,1974
8985,r4i1p1f1,1974,08,08,0.0,24.549717,8.006652,1974
8986,r4i1p1f1,1974,08,09,0.0,25.103346,8.465244,1974
8987,r4i1p1f1,1974,08,10,0.0,24.325594,9.149949,1974
8988,r4i1p1f1,1974,08,11,0.0,24.16036,8.884257,1974
8989,r4i1p1f1,1974,08,12,0.0,24.683428,9.693529,1974
8990,r4i1p1f1,1974,08,13,0.0,27.064476,10.115452,1974
8991,r4i1p1f1,1974,08,14,0.0,28.116432,10.628432,1974
8992,r4i1p1f1,1974,08,15,0.0,27.304167,10.450447,1974
8993,r4i1p1f1,1974,08,16,0.0,26.49847,11.016737,1974
8994,r4i1p1f1,1974,08,17,0.09267475669076287,22.569443,11.206489,1974
8995,r4i1p1f1,1974,08,18,0.4602312498755713,21.377026,6.754506,1974
8996,r4i1p1f1,1974,08,19,0.5668905002366709,20.892311,6.642127,1974
8997,r4i1p1f1,1974,08,20,0.3050231175748442,18.722,4.701918,1974
8998,r4i1p1f1,1974,08,21,0.03161370135192934,20.797197,4.5521674,1974
8999,r4i1p1f1,1974,08,22,0.0,20.393425,5.645013,1974
9000,r4i1p1f1,1974,08,23,0.0,20.046373,4.851674,1974
9001,r4i1p1f1,1974,08,24,0.04736383904374259,19.837986,4.8365555,1974
9002,r4i1p1f1,1974,08,25,0.0,20.909414,4.724765,1974
9003,r4i1p1f1,1974,08,26,0.0,23.524426,6.9665766,1974
9004,r4i1p1f1,1974,08,27,0.0,25.18592,8.222598,1974
9005,r4i1p1f1,1974,08,28,0.0,24.46019,8.144114,1974
9006,r4i1p1f1,1974,08,29,0.0,22.923363,9.814652,1974
9007,r4i1p1f1,1974,08,30,0.0,21.738462,6.0449033,1974
9008,r4i1p1f1,1974,08,31,0.0,22.573433,5.5627503,1974
9009,r4i1p1f1,1974,09,01,0.0,22.472794,8.010436,1974
9010,r4i1p1f1,1974,09,02,0.0,23.741184,8.091206,1974
9011,r4i1p1f1,1974,09,03,0.0,25.333744,9.044775,1974
9012,r4i1p1f1,1974,09,04,0.0,25.930004,8.515191,1974
9013,r4i1p1f1,1974,09,05,0.0,26.078009,9.344065,1974
9014,r4i1p1f1,1974,09,06,0.0,25.308928,9.219606,1974
9015,r4i1p1f1,1974,09,07,0.0,24.23276,6.889811,1974
9016,r4i1p1f1,1974,09,08,0.0,24.04154,6.8409066,1974
9017,r4i1p1f1,1974,09,09,0.0,24.470802,8.529836,1974
9018,r4i1p1f1,1974,09,10,0.0,25.30085,8.555898,1974
9019,r4i1p1f1,1974,09,11,0.0,26.527905,9.428428,1974
9020,r4i1p1f1,1974,09,12,0.0,26.261177,10.10325,1974
9021,r4i1p1f1,1974,09,13,0.0,25.472713,9.79437,1974
9022,r4i1p1f1,1974,09,14,0.0,23.790302,7.7537527,1974
9023,r4i1p1f1,1974,09,15,0.0,23.682953,8.164804,1974
9024,r4i1p1f1,1974,09,16,0.0,22.554697,8.230505,1974
9025,r4i1p1f1,1974,09,17,0.0,21.209593,7.29667,1974
9026,r4i1p1f1,1974,09,18,0.0,19.48692,3.3955271,1974
9027,r4i1p1f1,1974,09,19,0.0,17.497728,2.2989242,1974
9028,r4i1p1f1,1974,09,20,0.0,15.768822,1.6995096,1974
9029,r4i1p1f1,1974,09,21,0.0,20.887098,2.8297656,1974
9030,r4i1p1f1,1974,09,22,0.0,23.20921,6.4636564,1974
9031,r4i1p1f1,1974,09,23,0.0,24.135458,7.18194,1974
9032,r4i1p1f1,1974,09,24,0.0,24.978477,7.946543,1974
9033,r4i1p1f1,1974,09,25,0.0,24.691914,7.3181405,1974
9034,r4i1p1f1,1974,09,26,0.0,22.80202,8.394215,1974
9035,r4i1p1f1,1974,09,27,0.0,19.75414,7.7746305,1974
9036,r4i1p1f1,1974,09,28,0.0,17.888985,5.490914,1974
9037,r4i1p1f1,1974,09,29,0.0,17.073963,2.901244,1974
9038,r4i1p1f1,1974,09,30,0.0,16.211853,1.9267865,1974
9039,r4i1p1f1,1974,10,01,0.0,16.904875,2.464498,1974
9040,r4i1p1f1,1974,10,02,0.0,21.302134,4.343225,1974
9041,r4i1p1f1,1974,10,03,0.0,22.964382,6.196499,1974
9042,r4i1p1f1,1974,10,04,0.0,22.63696,7.019535,1974
9043,r4i1p1f1,1974,10,05,0.0,21.911694,6.7965083,1974
9044,r4i1p1f1,1974,10,06,0.007791520408207205,20.022228,6.861604,1974
9045,r4i1p1f1,1974,10,07,0.45906486665530816,16.653477,4.2312555,1974
9046,r4i1p1f1,1974,10,08,0.1875591082468142,19.949707,5.539165,1974
9047,r4i1p1f1,1974,10,09,0.15283232783344025,20.34107,6.9874544,1974
9048,r4i1p1f1,1974,10,10,9.53517167390971,21.773098,9.443184,1974
9049,r4i1p1f1,1974,10,11,28.055067478972102,15.576848,5.650693,1974
9050,r4i1p1f1,1974,10,12,5.743037610760003,11.583739,-0.6378398,1974
9051,r4i1p1f1,1974,10,13,4.780881251648334,9.559971,-3.6133933,1974
9052,r4i1p1f1,1974,10,14,1.677880634267499,9.900742,-2.5701406,1974
9053,r4i1p1f1,1974,10,15,5.439313574424887,10.276797,-1.7730138,1974
9054,r4i1p1f1,1974,10,16,0.24546338967600737,9.863888,-4.2749968,1974
9055,r4i1p1f1,1974,10,17,0.726848386878114,8.640316,-0.69475496,1974
9056,r4i1p1f1,1974,10,18,0.3299042931231101,6.9426513,-5.0001183,1974
9057,r4i1p1f1,1974,10,19,0.0,11.529305,-3.7709618,1974
9058,r4i1p1f1,1974,10,20,0.0,13.984608,-2.309071,1974
9059,r4i1p1f1,1974,10,21,0.0,13.427255,1.0123078,1974
9060,r4i1p1f1,1974,10,22,21.741108321800734,15.808013,3.4538732,1974
9061,r4i1p1f1,1974,10,23,11.05772632238591,4.132076,-4.7352343,1974
9062,r4i1p1f1,1974,10,24,1.887794331430099,5.6566415,-3.4099555,1974
9063,r4i1p1f1,1974,10,25,3.256998340535632,6.165948,-3.2900527,1974
9064,r4i1p1f1,1974,10,26,0.0,10.930383,-6.4488797,1974
9065,r4i1p1f1,1974,10,27,3.7546874238631154,12.074343,0.43274707,1974
9066,r4i1p1f1,1974,10,28,16.07970273368718,8.150452,-0.81335884,1974
9067,r4i1p1f1,1974,10,29,2.384672976975757,4.8926167,-5.1842823,1974
9068,r4i1p1f1,1974,10,30,0.015252700258031639,7.46328,-5.3691516,1974
9069,r4i1p1f1,1974,10,31,0.0,8.411894,-6.812733,1974
9070,r4i1p1f1,1974,11,01,0.0,6.758305,-5.2409954,1974
9071,r4i1p1f1,1974,11,02,7.482702457188651,4.7462277,-5.4212136,1974
9072,r4i1p1f1,1974,11,03,14.847344676969252,3.2100775,-5.2034693,1974
9073,r4i1p1f1,1974,11,04,0.0,4.809935,-6.929954,1974
9074,r4i1p1f1,1974,11,05,8.133612107997484,5.264953,-7.516902,1974
9075,r4i1p1f1,1974,11,06,74.96765594269945,-0.40676653,-6.8522353,1974
9076,r4i1p1f1,1974,11,07,19.368793832230892,0.65732193,-7.965888,1974
9077,r4i1p1f1,1974,11,08,9.611538437414257,1.9714643,-9.595483,1974
9078,r4i1p1f1,1974,11,09,0.0,5.473424,-10.778506,1974
9079,r4i1p1f1,1974,11,10,0.0,6.8567324,-4.434696,1974
9080,r4i1p1f1,1974,11,11,0.0,10.17727,-4.2672315,1974
9081,r4i1p1f1,1974,11,12,0.0,10.757059,-1.9314909,1974
9082,r4i1p1f1,1974,11,13,0.0,14.241229,-1.569144,1974
9083,r4i1p1f1,1974,11,14,0.0,15.458564,1.0192872,1974
9084,r4i1p1f1,1974,11,15,0.0,15.802309,3.5024765,1974
9085,r4i1p1f1,1974,11,16,0.2682515093177684,17.267782,6.635892,1974
9086,r4i1p1f1,1974,11,17,0.0,10.429652,-4.602802,1974
9087,r4i1p1f1,1974,11,18,0.0,8.011302,-6.086539,1974
9088,r4i1p1f1,1974,11,19,0.0,4.7692165,-9.4427395,1974
9089,r4i1p1f1,1974,11,20,0.0,5.604931,-8.895599,1974
9090,r4i1p1f1,1974,11,21,0.0,3.5835326,-6.151043,1974
9091,r4i1p1f1,1974,11,22,0.0,6.121245,-8.034466,1974
9092,r4i1p1f1,1974,11,23,2.1897756274245292,4.003698,-5.0019727,1974
9093,r4i1p1f1,1974,11,24,1.5575546776292197,9.223575,-1.9706014,1974
9094,r4i1p1f1,1974,11,25,1.1605209109033099,9.478434,0.1742473,1974
9095,r4i1p1f1,1974,11,26,7.986727074386259,7.625949,-1.2517658,1974
9096,r4i1p1f1,1974,11,27,0.0,7.1292515,-5.5999317,1974
9097,r4i1p1f1,1974,11,28,1.5777284924869455,3.8291638,-8.149778,1974
9098,r4i1p1f1,1974,11,29,0.0,5.891597,-9.628904,1974
9099,r4i1p1f1,1974,11,30,0.0,6.3139133,-7.1055026,1974
9100,r4i1p1f1,1974,12,01,0.48860981751615773,9.1793165,-3.604162,1974
9101,r4i1p1f1,1974,12,02,0.0,11.604653,-2.2990413,1974
9102,r4i1p1f1,1974,12,03,0.0,10.561205,-0.6047909,1974
9103,r4i1p1f1,1974,12,04,0.8561851221593192,11.730956,-1.2368479,1974
9104,r4i1p1f1,1974,12,05,14.335016078817157,8.487626,1.2660791,1974
9105,r4i1p1f1,1974,12,06,0.0,9.741365,-3.6937306,1974
9106,r4i1p1f1,1974,12,07,0.0,11.398516,-1.2131935,1974
9107,r4i1p1f1,1974,12,08,0.0,11.821158,-0.4550891,1974
9108,r4i1p1f1,1974,12,09,0.0,12.302132,0.08923036,1974
9109,r4i1p1f1,1974,12,10,0.0,14.380079,0.22165594,1974
9110,r4i1p1f1,1974,12,11,0.0,13.611252,2.8758368,1974
9111,r4i1p1f1,1974,12,12,0.0,12.31928,-0.6706276,1974
9112,r4i1p1f1,1974,12,13,0.0,12.031632,-1.3528141,1974
9113,r4i1p1f1,1974,12,14,0.0,10.853816,-1.0460464,1974
9114,r4i1p1f1,1974,12,15,0.0,11.468452,-0.6629949,1974
9115,r4i1p1f1,1974,12,16,0.0,14.095277,0.5547154,1974
9116,r4i1p1f1,1974,12,17,0.0,15.161493,0.84016603,1974
9117,r4i1p1f1,1974,12,18,0.0,16.103321,2.8803594,1974
9118,r4i1p1f1,1974,12,19,0.0,14.069358,2.6310787,1974
9119,r4i1p1f1,1974,12,20,0.0,11.160456,-0.10428174,1974
9120,r4i1p1f1,1974,12,21,0.0,8.1247015,-3.2353463,1974
9121,r4i1p1f1,1974,12,22,43.18538984595651,4.5493083,-3.0297725,1974
9122,r4i1p1f1,1974,12,23,50.635503701577534,3.4272532,-2.2565272,1974
9123,r4i1p1f1,1974,12,24,31.116810361580814,3.9893453,-4.740227,1974
9124,r4i1p1f1,1974,12,25,2.742909392379273,4.0505013,-2.3915923,1974
9125,r4i1p1f1,1974,12,26,1.6771782947689973,3.5622652,-5.3242927,1974
9126,r4i1p1f1,1974,12,27,0.0,6.1964703,-6.4757643,1974
9127,r4i1p1f1,1974,12,28,3.4217261531983123,4.641086,-7.6474457,1974
9128,r4i1p1f1,1974,12,29,24.954333691857755,5.357927,-3.9856305,1974
9129,r4i1p1f1,1974,12,30,0.46012524917181286,4.7445674,-3.2473714,1974
9130,r4i1p1f1,1974,12,31,38.49156652840605,3.1965861,-3.5944529,1974
9131,r4i1p1f1,1975,01,01,2.9031110584653037,3.0473034,-4.0328417,1975
9132,r4i1p1f1,1975,01,02,2.4442904814712336,2.6547358,-4.143855,1975
9133,r4i1p1f1,1975,01,03,4.4993138756363065,2.0602937,-8.1411,1975
9134,r4i1p1f1,1975,01,04,0.0,-4.9602714,-16.00676,1975
9135,r4i1p1f1,1975,01,05,0.0,-6.004093,-16.47728,1975
9136,r4i1p1f1,1975,01,06,0.0,2.57672,-10.697127,1975
9137,r4i1p1f1,1975,01,07,0.0,6.8471603,-6.0275936,1975
9138,r4i1p1f1,1975,01,08,0.0,9.924559,-3.555301,1975
9139,r4i1p1f1,1975,01,09,0.0,10.524185,-2.0303938,1975
9140,r4i1p1f1,1975,01,10,0.0,13.402547,-1.0186559,1975
9141,r4i1p1f1,1975,01,11,0.0,14.061449,0.19781908,1975
9142,r4i1p1f1,1975,01,12,0.0,13.309311,-0.9643084,1975
9143,r4i1p1f1,1975,01,13,6.248780355561731,10.439062,-0.87460256,1975
9144,r4i1p1f1,1975,01,14,22.52088056979514,0.29335845,-8.13767,1975
9145,r4i1p1f1,1975,01,15,39.94342079154338,-0.37371427,-7.6786914,1975
9146,r4i1p1f1,1975,01,16,14.35844155236996,0.040650863,-8.276006,1975
9147,r4i1p1f1,1975,01,17,0.0,2.400652,-11.845744,1975
9148,r4i1p1f1,1975,01,18,0.0,1.6214838,-9.289377,1975
9149,r4i1p1f1,1975,01,19,0.0,4.570545,-7.58496,1975
9150,r4i1p1f1,1975,01,20,1.2539962297202745,2.8150723,-8.356123,1975
9151,r4i1p1f1,1975,01,21,25.999193771834996,-4.9527073,-10.130921,1975
9152,r4i1p1f1,1975,01,22,3.982644965172228,-5.720714,-12.989701,1975
9153,r4i1p1f1,1975,01,23,0.8638180211687232,-4.504398,-14.215142,1975
9154,r4i1p1f1,1975,01,24,12.805718282101743,1.4400172,-8.766552,1975
9155,r4i1p1f1,1975,01,25,19.41615371879009,-0.1437842,-7.301277,1975
9156,r4i1p1f1,1975,01,26,1.138093433464376,1.5219012,-7.596409,1975
9157,r4i1p1f1,1975,01,27,14.774380520863746,4.4493217,-6.229052,1975
9158,r4i1p1f1,1975,01,28,1.769911778620755,4.551153,-2.6733508,1975
9159,r4i1p1f1,1975,01,29,11.304287098986055,0.6397456,-10.375974,1975
9160,r4i1p1f1,1975,01,30,35.23249180073011,-2.1482377,-10.450198,1975
9161,r4i1p1f1,1975,01,31,4.855813572073421,-0.38148028,-11.297969,1975
9162,r4i1p1f1,1975,02,01,33.563356771296085,0.6753567,-9.449692,1975
9163,r4i1p1f1,1975,02,02,15.190160699908798,-0.29569012,-11.075522,1975
9164,r4i1p1f1,1975,02,03,8.607595408490987,0.11467063,-5.904189,1975
9165,r4i1p1f1,1975,02,04,26.11377888303292,6.536908,-5.343465,1975
9166,r4i1p1f1,1975,02,05,10.83674855632718,6.1653576,-4.606906,1975
9167,r4i1p1f1,1975,02,06,0.0,10.394439,-2.4903383,1975
9168,r4i1p1f1,1975,02,07,0.0,11.855957,-1.727537,1975
9169,r4i1p1f1,1975,02,08,0.0,9.733494,-2.1456704,1975
9170,r4i1p1f1,1975,02,09,0.0,10.524475,-2.7036183,1975
9171,r4i1p1f1,1975,02,10,0.0,12.276675,-0.6616597,1975
9172,r4i1p1f1,1975,02,11,0.0,12.679292,-0.93968433,1975
9173,r4i1p1f1,1975,02,12,0.0,12.025319,-0.5122165,1975
9174,r4i1p1f1,1975,02,13,0.0,10.29567,-1.0674189,1975
9175,r4i1p1f1,1975,02,14,0.0,11.291317,-1.7122784,1975
9176,r4i1p1f1,1975,02,15,0.0,11.181789,-1.8329457,1975
9177,r4i1p1f1,1975,02,16,0.0,11.214559,-1.379708,1975
9178,r4i1p1f1,1975,02,17,0.0,12.3829365,-0.20761743,1975
9179,r4i1p1f1,1975,02,18,0.0,11.967718,-1.811013,1975
9180,r4i1p1f1,1975,02,19,0.0,10.748074,-2.2995837,1975
9181,r4i1p1f1,1975,02,20,0.0,7.3874245,-3.4271727,1975
9182,r4i1p1f1,1975,02,21,0.0,8.337605,-5.1302447,1975
9183,r4i1p1f1,1975,02,22,9.746511831224582,6.6100774,-4.7140136,1975
9184,r4i1p1f1,1975,02,23,0.0,2.449203,-9.011859,1975
9185,r4i1p1f1,1975,02,24,14.658096550312736,-1.8054433,-7.9955463,1975
9186,r4i1p1f1,1975,02,25,0.0,3.7758496,-8.1276045,1975
9187,r4i1p1f1,1975,02,26,0.0,6.3261757,-7.239018,1975
9188,r4i1p1f1,1975,02,27,0.0,8.804726,-5.307558,1975
9189,r4i1p1f1,1975,02,28,0.0,7.5779877,-5.495277,1975
9190,r4i1p1f1,1975,03,01,0.0,10.196163,-6.8562365,1975
9191,r4i1p1f1,1975,03,02,0.0,9.621763,-3.5175626,1975
9192,r4i1p1f1,1975,03,03,0.0,9.076262,-5.2701654,1975
9193,r4i1p1f1,1975,03,04,0.0,9.205617,-6.0120516,1975
9194,r4i1p1f1,1975,03,05,0.0,8.958371,-4.8478456,1975
9195,r4i1p1f1,1975,03,06,0.0,8.6623125,-3.2680693,1975
9196,r4i1p1f1,1975,03,07,0.0,9.380712,-3.8004975,1975
9197,r4i1p1f1,1975,03,08,0.0,11.620816,-2.5273836,1975
9198,r4i1p1f1,1975,03,09,0.0,10.952628,-2.2291439,1975
9199,r4i1p1f1,1975,03,10,0.0,10.18496,-3.4397013,1975
9200,r4i1p1f1,1975,03,11,0.0,10.439429,-4.0119276,1975
9201,r4i1p1f1,1975,03,12,0.0,9.627464,-1.8037939,1975
9202,r4i1p1f1,1975,03,13,0.06020038365096705,10.345333,-2.7069316,1975
9203,r4i1p1f1,1975,03,14,0.0,12.969389,-1.2068493,1975
9204,r4i1p1f1,1975,03,15,5.318831963195737,9.867241,-4.6200724,1975
9205,r4i1p1f1,1975,03,16,8.457073341385826,-0.5743138,-8.027414,1975
9206,r4i1p1f1,1975,03,17,17.31368082194121,-4.320836,-9.500563,1975
9207,r4i1p1f1,1975,03,18,5.485276312921742,-4.853363,-11.576766,1975
9208,r4i1p1f1,1975,03,19,0.0,1.9131323,-12.428774,1975
9209,r4i1p1f1,1975,03,20,0.0,2.7200496,-11.541344,1975
9210,r4i1p1f1,1975,03,21,0.7225810181021868,0.08001419,-7.15886,1975
9211,r4i1p1f1,1975,03,22,0.0,6.075263,-9.323247,1975
9212,r4i1p1f1,1975,03,23,0.0,14.12225,-4.0298023,1975
9213,r4i1p1f1,1975,03,24,0.0,15.235521,-0.8352626,1975
9214,r4i1p1f1,1975,03,25,0.0,15.326372,-0.06983499,1975
9215,r4i1p1f1,1975,03,26,0.0,14.517816,2.1549122,1975
9216,r4i1p1f1,1975,03,27,0.0,12.734879,-0.38368583,1975
9217,r4i1p1f1,1975,03,28,1.9483208856811405,7.904397,-2.742149,1975
9218,r4i1p1f1,1975,03,29,5.194714466065657,0.2311204,-8.33922,1975
9219,r4i1p1f1,1975,03,30,0.0,3.3057413,-10.550228,1975
9220,r4i1p1f1,1975,03,31,0.0,8.134103,-6.3645535,1975
9221,r4i1p1f1,1975,04,01,0.0,12.156481,-2.4019117,1975
9222,r4i1p1f1,1975,04,02,0.0,13.884863,-1.0855651,1975
9223,r4i1p1f1,1975,04,03,0.0,16.14736,0.16737504,1975
9224,r4i1p1f1,1975,04,04,0.0,15.545565,0.025144827,1975
9225,r4i1p1f1,1975,04,05,0.012513130786005624,13.964864,-1.7895086,1975
9226,r4i1p1f1,1975,04,06,0.0,15.612278,2.4859753,1975
9227,r4i1p1f1,1975,04,07,0.0,16.253422,1.7198584,1975
9228,r4i1p1f1,1975,04,08,0.0,17.518423,2.7021153,1975
9229,r4i1p1f1,1975,04,09,0.0,18.32241,2.6494756,1975
9230,r4i1p1f1,1975,04,10,0.0,19.068329,4.5092325,1975
9231,r4i1p1f1,1975,04,11,0.0,18.73319,5.612514,1975
9232,r4i1p1f1,1975,04,12,0.0,20.141195,4.960127,1975
9233,r4i1p1f1,1975,04,13,0.0,20.350668,6.0879846,1975
9234,r4i1p1f1,1975,04,14,0.0,20.153833,5.2246156,1975
9235,r4i1p1f1,1975,04,15,0.0,20.695925,3.8767002,1975
9236,r4i1p1f1,1975,04,16,0.0,18.51395,3.9246838,1975
9237,r4i1p1f1,1975,04,17,9.426051497681181,4.4590445,-6.707967,1975
9238,r4i1p1f1,1975,04,18,0.6703713097810343,2.2319689,-6.3921313,1975
9239,r4i1p1f1,1975,04,19,0.0,9.6062355,-6.199449,1975
9240,r4i1p1f1,1975,04,20,6.437472487717911,6.6740303,-5.3615813,1975
9241,r4i1p1f1,1975,04,21,11.553244066141005,2.2074823,-6.521725,1975
9242,r4i1p1f1,1975,04,22,12.604526566912797,1.8093046,-8.98679,1975
9243,r4i1p1f1,1975,04,23,1.742098093281668,7.8616204,-5.148259,1975
9244,r4i1p1f1,1975,04,24,2.2514817749713867,5.5115504,-4.8217297,1975
9245,r4i1p1f1,1975,04,25,1.2268234783201741,8.0907135,-5.894088,1975
9246,r4i1p1f1,1975,04,26,0.0,10.576313,-4.498597,1975
9247,r4i1p1f1,1975,04,27,0.0,9.533386,-5.350848,1975
9248,r4i1p1f1,1975,04,28,0.0,8.850228,-5.3664036,1975
9249,r4i1p1f1,1975,04,29,0.0,9.556973,-5.0989423,1975
9250,r4i1p1f1,1975,04,30,0.0,13.404338,-0.89035374,1975
9251,r4i1p1f1,1975,05,01,0.0,16.125038,2.3902786,1975
9252,r4i1p1f1,1975,05,02,0.0,16.623074,2.1624663,1975
9253,r4i1p1f1,1975,05,03,0.0,17.12209,3.063298,1975
9254,r4i1p1f1,1975,05,04,0.0,19.06631,3.7844856,1975
9255,r4i1p1f1,1975,05,05,0.0,18.688406,5.4155893,1975
9256,r4i1p1f1,1975,05,06,0.1508723854266262,15.460467,2.9708166,1975
9257,r4i1p1f1,1975,05,07,0.8406852093224382,10.772224,0.45043296,1975
9258,r4i1p1f1,1975,05,08,0.0,13.472849,-1.4591131,1975
9259,r4i1p1f1,1975,05,09,0.0,13.133775,0.19903612,1975
9260,r4i1p1f1,1975,05,10,0.35460871850316594,12.9563675,-0.153927,1975
9261,r4i1p1f1,1975,05,11,0.0,13.946142,0.19936596,1975
9262,r4i1p1f1,1975,05,12,0.0030967991079290176,15.081307,0.6127776,1975
9263,r4i1p1f1,1975,05,13,0.0,17.258362,2.4167752,1975
9264,r4i1p1f1,1975,05,14,0.0,20.003716,4.707724,1975
9265,r4i1p1f1,1975,05,15,0.29860572272208963,19.73348,4.273194,1975
9266,r4i1p1f1,1975,05,16,3.7654172044275835,14.583636,0.5696578,1975
9267,r4i1p1f1,1975,05,17,15.051267354171545,11.873198,-0.9980602,1975
9268,r4i1p1f1,1975,05,18,1.2872822231457675,11.083331,-2.536525,1975
9269,r4i1p1f1,1975,05,19,0.7813450841236295,12.530896,-0.7025879,1975
9270,r4i1p1f1,1975,05,20,0.21643682226584224,13.476911,1.3399032,1975
9271,r4i1p1f1,1975,05,21,1.8102663978087512,11.580011,-0.935214,1975
9272,r4i1p1f1,1975,05,22,6.463548354210258,9.717214,-0.6157099,1975
9273,r4i1p1f1,1975,05,23,0.0,15.211648,0.49175155,1975
9274,r4i1p1f1,1975,05,24,0.0,16.994444,1.7088604,1975
9275,r4i1p1f1,1975,05,25,0.0,18.312847,3.1843455,1975
9276,r4i1p1f1,1975,05,26,0.0,16.963911,3.0480533,1975
9277,r4i1p1f1,1975,05,27,0.0,14.049465,-0.6937093,1975
9278,r4i1p1f1,1975,05,28,0.0,16.46582,0.91736984,1975
9279,r4i1p1f1,1975,05,29,0.0,18.88325,4.5465074,1975
9280,r4i1p1f1,1975,05,30,0.0,22.137133,5.820114,1975
9281,r4i1p1f1,1975,05,31,0.0,24.906681,9.393323,1975
9282,r4i1p1f1,1975,06,01,0.0,25.543509,10.744938,1975
9283,r4i1p1f1,1975,06,02,0.20648738867896915,25.591248,9.278577,1975
9284,r4i1p1f1,1975,06,03,0.0,23.102165,10.870423,1975
9285,r4i1p1f1,1975,06,04,0.0,21.891102,9.599488,1975
9286,r4i1p1f1,1975,06,05,0.0,19.550037,5.970266,1975
9287,r4i1p1f1,1975,06,06,0.0,20.414078,4.5737505,1975
9288,r4i1p1f1,1975,06,07,0.0,19.662119,6.3554435,1975
9289,r4i1p1f1,1975,06,08,0.0,18.246132,2.7077963,1975
9290,r4i1p1f1,1975,06,09,0.0,16.365816,2.305349,1975
9291,r4i1p1f1,1975,06,10,0.0,13.7818165,-1.4530668,1975
9292,r4i1p1f1,1975,06,11,0.0,13.43482,-0.005857787,1975
9293,r4i1p1f1,1975,06,12,0.0,13.063908,-0.12600604,1975
9294,r4i1p1f1,1975,06,13,0.0,12.203001,-1.0660229,1975
9295,r4i1p1f1,1975,06,14,0.0,11.716102,-1.6768457,1975
9296,r4i1p1f1,1975,06,15,0.0,14.09997,1.6145691,1975
9297,r4i1p1f1,1975,06,16,0.0,17.3487,1.4107735,1975
9298,r4i1p1f1,1975,06,17,0.0,17.3276,4.8850594,1975
9299,r4i1p1f1,1975,06,18,0.0,15.462787,2.700826,1975
9300,r4i1p1f1,1975,06,19,0.0,12.823687,-1.290236,1975
9301,r4i1p1f1,1975,06,20,0.0,17.346878,1.0457232,1975
9302,r4i1p1f1,1975,06,21,0.0,20.050085,3.4184127,1975
9303,r4i1p1f1,1975,06,22,0.0,21.534588,5.4298854,1975
9304,r4i1p1f1,1975,06,23,0.0,23.310265,7.232299,1975
9305,r4i1p1f1,1975,06,24,0.0,22.638794,8.270186,1975
9306,r4i1p1f1,1975,06,25,0.0,21.019033,6.6873155,1975
9307,r4i1p1f1,1975,06,26,0.12656537603839232,14.575142,1.820069,1975
9308,r4i1p1f1,1975,06,27,0.0,17.698576,3.157189,1975
9309,r4i1p1f1,1975,06,28,0.0,22.29576,5.461802,1975
9310,r4i1p1f1,1975,06,29,0.0,22.942402,8.227535,1975
9311,r4i1p1f1,1975,06,30,0.0,22.693392,7.6057906,1975
9312,r4i1p1f1,1975,07,01,0.0,23.293362,9.012763,1975
9313,r4i1p1f1,1975,07,02,0.0,24.617453,7.6353936,1975
9314,r4i1p1f1,1975,07,03,0.0,24.274359,9.311432,1975
9315,r4i1p1f1,1975,07,04,0.0,25.432796,8.625448,1975
9316,r4i1p1f1,1975,07,05,0.0,25.427082,9.042224,1975
9317,r4i1p1f1,1975,07,06,0.0,24.147947,8.780419,1975
9318,r4i1p1f1,1975,07,07,0.0,23.898252,8.545172,1975
9319,r4i1p1f1,1975,07,08,0.0,24.752531,8.469438,1975
9320,r4i1p1f1,1975,07,09,0.0,25.924135,11.317051,1975
9321,r4i1p1f1,1975,07,10,0.09769160201461202,27.078577,10.721947,1975
9322,r4i1p1f1,1975,07,11,0.08971596075320928,27.492638,11.613119,1975
9323,r4i1p1f1,1975,07,12,0.48751567036441684,26.89688,11.9478855,1975
9324,r4i1p1f1,1975,07,13,0.5923800364831237,26.734272,11.836502,1975
9325,r4i1p1f1,1975,07,14,0.1974837850701992,26.22678,12.250211,1975
9326,r4i1p1f1,1975,07,15,0.001799615113450437,25.392412,11.047247,1975
9327,r4i1p1f1,1975,07,16,0.9422183811282149,24.755081,10.019517,1975
9328,r4i1p1f1,1975,07,17,0.03500099869577185,24.625023,9.033456,1975
9329,r4i1p1f1,1975,07,18,0.9378703933546344,25.085209,9.665045,1975
9330,r4i1p1f1,1975,07,19,1.5819365385268858,24.715712,9.955083,1975
9331,r4i1p1f1,1975,07,20,0.0,24.047428,9.245659,1975
9332,r4i1p1f1,1975,07,21,0.5649926529229856,23.597702,8.691826,1975
9333,r4i1p1f1,1975,07,22,0.19053845155492757,24.429394,8.482686,1975
9334,r4i1p1f1,1975,07,23,0.0,24.357563,9.327255,1975
9335,r4i1p1f1,1975,07,24,0.0,25.53027,10.485418,1975
9336,r4i1p1f1,1975,07,25,0.0,27.994907,11.836836,1975
9337,r4i1p1f1,1975,07,26,0.0,30.581978,13.863427,1975
9338,r4i1p1f1,1975,07,27,0.006395674943929218,31.083288,14.644538,1975
9339,r4i1p1f1,1975,07,28,0.0,30.36441,14.213953,1975
9340,r4i1p1f1,1975,07,29,0.03675483148734662,28.20913,12.898258,1975
9341,r4i1p1f1,1975,07,30,0.025747934145888742,26.61102,11.958362,1975
9342,r4i1p1f1,1975,07,31,0.0,25.21505,10.278459,1975
9343,r4i1p1f1,1975,08,01,0.0,26.054258,10.154324,1975
9344,r4i1p1f1,1975,08,02,0.0,26.83936,10.967604,1975
9345,r4i1p1f1,1975,08,03,0.0,27.810102,11.199426,1975
9346,r4i1p1f1,1975,08,04,0.0,27.788383,13.737066,1975
9347,r4i1p1f1,1975,08,05,0.0,27.755955,11.536641,1975
9348,r4i1p1f1,1975,08,06,0.0,28.068941,11.9793825,1975
9349,r4i1p1f1,1975,08,07,0.015506685969032078,27.77367,11.698145,1975
9350,r4i1p1f1,1975,08,08,0.002481027634559427,26.731384,11.527924,1975
9351,r4i1p1f1,1975,08,09,0.0,26.825054,9.957769,1975
9352,r4i1p1f1,1975,08,10,0.10334802056637453,26.288927,11.15192,1975
9353,r4i1p1f1,1975,08,11,0.11322516317182216,24.095823,9.736593,1975
9354,r4i1p1f1,1975,08,12,0.0,22.463688,9.387864,1975
9355,r4i1p1f1,1975,08,13,0.0,18.517311,2.861856,1975
9356,r4i1p1f1,1975,08,14,0.0,22.592499,4.9521427,1975
9357,r4i1p1f1,1975,08,15,0.0,24.07957,8.005685,1975
9358,r4i1p1f1,1975,08,16,0.0,25.55944,9.047644,1975
9359,r4i1p1f1,1975,08,17,0.0,26.252068,9.921944,1975
9360,r4i1p1f1,1975,08,18,0.0,26.45275,11.5092745,1975
9361,r4i1p1f1,1975,08,19,0.2897879812011179,27.105772,11.266137,1975
9362,r4i1p1f1,1975,08,20,0.0,25.99817,11.990411,1975
9363,r4i1p1f1,1975,08,21,0.0025727707174674048,23.032726,9.641155,1975
9364,r4i1p1f1,1975,08,22,0.009069977063744654,19.923046,4.3715763,1975
9365,r4i1p1f1,1975,08,23,0.0,19.911283,4.504282,1975
9366,r4i1p1f1,1975,08,24,0.0,22.504032,5.434508,1975
9367,r4i1p1f1,1975,08,25,0.0,24.2261,7.4101634,1975
9368,r4i1p1f1,1975,08,26,0.0,26.451126,8.993001,1975
9369,r4i1p1f1,1975,08,27,0.0,26.703238,10.7962,1975
9370,r4i1p1f1,1975,08,28,0.04033358579046384,25.620087,10.315136,1975
9371,r4i1p1f1,1975,08,29,0.0,24.315878,9.264269,1975
9372,r4i1p1f1,1975,08,30,0.11936922608221548,23.604574,8.295703,1975
9373,r4i1p1f1,1975,08,31,1.8955587221084877,22.76956,10.204811,1975
9374,r4i1p1f1,1975,09,01,0.4687552652775104,20.499329,5.461008,1975
9375,r4i1p1f1,1975,09,02,0.0,18.844883,4.526626,1975
9376,r4i1p1f1,1975,09,03,0.0,17.585224,2.892824,1975
9377,r4i1p1f1,1975,09,04,0.0,21.272017,4.821277,1975
9378,r4i1p1f1,1975,09,05,0.0,22.153893,7.134912,1975
9379,r4i1p1f1,1975,09,06,0.0,22.60782,6.804833,1975
9380,r4i1p1f1,1975,09,07,0.0,21.829273,5.7479,1975
9381,r4i1p1f1,1975,09,08,0.0,17.573906,4.0273123,1975
9382,r4i1p1f1,1975,09,09,0.0,19.956379,3.7796714,1975
9383,r4i1p1f1,1975,09,10,0.0,20.906246,5.75816,1975
9384,r4i1p1f1,1975,09,11,0.0,21.126133,5.5759025,1975
9385,r4i1p1f1,1975,09,12,0.0,21.955551,5.988629,1975
9386,r4i1p1f1,1975,09,13,0.0,22.09148,7.572239,1975
9387,r4i1p1f1,1975,09,14,0.0,24.91913,7.572941,1975
9388,r4i1p1f1,1975,09,15,0.0,26.748323,9.485807,1975
9389,r4i1p1f1,1975,09,16,0.0,26.349808,10.835107,1975
9390,r4i1p1f1,1975,09,17,0.0,25.22932,9.935297,1975
9391,r4i1p1f1,1975,09,18,0.0,24.00183,8.3203535,1975
9392,r4i1p1f1,1975,09,19,0.0,21.368763,8.293545,1975
9393,r4i1p1f1,1975,09,20,0.0,17.444546,2.456983,1975
9394,r4i1p1f1,1975,09,21,0.0,13.36038,-1.7839096,1975
9395,r4i1p1f1,1975,09,22,0.0,16.404161,0.4150483,1975
9396,r4i1p1f1,1975,09,23,0.0,16.574026,3.0605772,1975
9397,r4i1p1f1,1975,09,24,0.0,16.76848,2.5553415,1975
9398,r4i1p1f1,1975,09,25,0.0,20.705326,3.3286967,1975
9399,r4i1p1f1,1975,09,26,0.0,24.170628,6.9175825,1975
9400,r4i1p1f1,1975,09,27,0.0,24.866724,8.24723,1975
9401,r4i1p1f1,1975,09,28,0.0,26.07793,9.245645,1975
9402,r4i1p1f1,1975,09,29,0.0,25.62664,9.155398,1975
9403,r4i1p1f1,1975,09,30,0.0,25.676094,9.134068,1975
9404,r4i1p1f1,1975,10,01,0.0,25.353785,8.699686,1975
9405,r4i1p1f1,1975,10,02,0.0,25.54092,8.576425,1975
9406,r4i1p1f1,1975,10,03,0.0,24.715591,9.341539,1975
9407,r4i1p1f1,1975,10,04,0.0,24.218706,8.632013,1975
9408,r4i1p1f1,1975,10,05,0.0,23.80859,7.790468,1975
9409,r4i1p1f1,1975,10,06,0.0,22.826994,7.0339365,1975
9410,r4i1p1f1,1975,10,07,0.0,22.0275,6.9219894,1975
9411,r4i1p1f1,1975,10,08,0.0,22.091545,5.795521,1975
9412,r4i1p1f1,1975,10,09,0.0,22.47426,7.418108,1975
9413,r4i1p1f1,1975,10,10,0.20461545456651223,21.386372,7.4185815,1975
9414,r4i1p1f1,1975,10,11,0.09005423588164643,20.690075,5.342472,1975
9415,r4i1p1f1,1975,10,12,0.0,18.812054,6.51828,1975
9416,r4i1p1f1,1975,10,13,0.0,20.81967,3.333888,1975
9417,r4i1p1f1,1975,10,14,0.0,19.976227,5.869517,1975
9418,r4i1p1f1,1975,10,15,0.0,21.257725,5.2888174,1975
9419,r4i1p1f1,1975,10,16,0.0,21.333904,6.0532427,1975
9420,r4i1p1f1,1975,10,17,0.0,21.816507,5.92847,1975
9421,r4i1p1f1,1975,10,18,0.0,22.554617,6.19155,1975
9422,r4i1p1f1,1975,10,19,0.0,22.444908,6.822757,1975
9423,r4i1p1f1,1975,10,20,0.0,21.49512,6.0058846,1975
9424,r4i1p1f1,1975,10,21,0.0,20.014881,5.3558583,1975
9425,r4i1p1f1,1975,10,22,0.0,19.32718,4.7346916,1975
9426,r4i1p1f1,1975,10,23,0.0,18.136152,2.7715716,1975
9427,r4i1p1f1,1975,10,24,0.0,16.914152,2.629848,1975
9428,r4i1p1f1,1975,10,25,0.0,16.307299,1.5495677,1975
9429,r4i1p1f1,1975,10,26,0.0,19.654577,2.7069638,1975
9430,r4i1p1f1,1975,10,27,0.0,20.452555,5.9368396,1975
9431,r4i1p1f1,1975,10,28,0.0,19.253563,6.6830773,1975
9432,r4i1p1f1,1975,10,29,0.0,19.162127,5.8854413,1975
9433,r4i1p1f1,1975,10,30,0.0,17.107061,4.121569,1975
9434,r4i1p1f1,1975,10,31,0.0,13.204227,1.5213847,1975
9435,r4i1p1f1,1975,11,01,0.0,13.309108,-1.3874279,1975
9436,r4i1p1f1,1975,11,02,0.0,17.41418,1.6351012,1975
9437,r4i1p1f1,1975,11,03,0.0,18.530924,2.7325952,1975
9438,r4i1p1f1,1975,11,04,0.0,17.832888,3.002427,1975
9439,r4i1p1f1,1975,11,05,0.0,19.114529,2.1463664,1975
9440,r4i1p1f1,1975,11,06,0.0,19.56381,2.6319928,1975
9441,r4i1p1f1,1975,11,07,0.0,19.026632,2.0899813,1975
9442,r4i1p1f1,1975,11,08,0.0,19.318417,3.3233628,1975
9443,r4i1p1f1,1975,11,09,0.0,16.56531,2.921021,1975
9444,r4i1p1f1,1975,11,10,0.0,13.8516,0.7846646,1975
9445,r4i1p1f1,1975,11,11,0.0,12.546214,-0.6233542,1975
9446,r4i1p1f1,1975,11,12,0.12199589118073859,10.236946,-2.0328,1975
9447,r4i1p1f1,1975,11,13,4.598712854793088,-0.6356581,-10.030234,1975
9448,r4i1p1f1,1975,11,14,0.0,1.6045483,-11.023171,1975
9449,r4i1p1f1,1975,11,15,0.0,4.591158,-9.451903,1975
9450,r4i1p1f1,1975,11,16,0.0,7.4879827,-7.6813126,1975
9451,r4i1p1f1,1975,11,17,0.7712719572444924,7.8377943,-3.381827,1975
9452,r4i1p1f1,1975,11,18,0.0,9.932418,-5.8854837,1975
9453,r4i1p1f1,1975,11,19,0.0,9.261446,-4.0622396,1975
9454,r4i1p1f1,1975,11,20,0.0,10.555866,-4.1792293,1975
9455,r4i1p1f1,1975,11,21,0.0,9.576035,-5.0617757,1975
9456,r4i1p1f1,1975,11,22,0.0,8.945968,-2.1518986,1975
9457,r4i1p1f1,1975,11,23,22.727291850790348,9.093757,-2.3401773,1975
9458,r4i1p1f1,1975,11,24,22.57517051584892,3.1072247,-7.9364986,1975
9459,r4i1p1f1,1975,11,25,0.0,4.937974,-13.749985,1975
9460,r4i1p1f1,1975,11,26,0.0,7.706934,-9.07407,1975
9461,r4i1p1f1,1975,11,27,4.681751048418562,8.057956,-0.4559375,1975
9462,r4i1p1f1,1975,11,28,41.235470250501756,7.021469,-1.7221034,1975
9463,r4i1p1f1,1975,11,29,0.0,5.0842066,-11.930832,1975
9464,r4i1p1f1,1975,11,30,0.0,8.319999,-7.257423,1975
9465,r4i1p1f1,1975,12,01,1.6455199445821835,5.7739124,-4.4817705,1975
9466,r4i1p1f1,1975,12,02,0.08731830499503167,3.7467124,-8.223087,1975
9467,r4i1p1f1,1975,12,03,0.0,5.224375,-7.919576,1975
9468,r4i1p1f1,1975,12,04,0.0,5.406068,-8.818922,1975
9469,r4i1p1f1,1975,12,05,0.0,6.2645683,-10.477572,1975
9470,r4i1p1f1,1975,12,06,0.0,5.28376,-8.499092,1975
9471,r4i1p1f1,1975,12,07,0.5517372258567182,3.1771896,-6.677416,1975
9472,r4i1p1f1,1975,12,08,31.20246269567385,-1.1251221,-8.391642,1975
9473,r4i1p1f1,1975,12,09,44.17526834281962,-0.41238293,-6.119235,1975
9474,r4i1p1f1,1975,12,10,3.708360613440394,-0.46332747,-10.652347,1975
9475,r4i1p1f1,1975,12,11,6.240500114670885,-3.1667132,-14.913422,1975
9476,r4i1p1f1,1975,12,12,0.0,-3.9704788,-18.353334,1975
9477,r4i1p1f1,1975,12,13,0.0,-0.665411,-15.923683,1975
9478,r4i1p1f1,1975,12,14,0.0,3.461185,-10.141502,1975
9479,r4i1p1f1,1975,12,15,0.0,3.6170077,-9.276961,1975
9480,r4i1p1f1,1975,12,16,0.0,6.4961777,-7.477067,1975
9481,r4i1p1f1,1975,12,17,0.0,5.1055255,-6.807487,1975
9482,r4i1p1f1,1975,12,18,0.0,0.68860465,-11.1259165,1975
9483,r4i1p1f1,1975,12,19,0.0,0.9655697,-10.9646635,1975
9484,r4i1p1f1,1975,12,20,0.0,4.358353,-8.455315,1975
9485,r4i1p1f1,1975,12,21,0.0,4.2969317,-9.292089,1975
9486,r4i1p1f1,1975,12,22,0.030898925003108917,-0.49868512,-10.944586,1975
9487,r4i1p1f1,1975,12,23,22.016636023642413,-5.4632998,-11.478842,1975
9488,r4i1p1f1,1975,12,24,1.233739508268018,-3.9125483,-15.871649,1975
9489,r4i1p1f1,1975,12,25,0.7837676787623497,-6.2191253,-18.043215,1975
9490,r4i1p1f1,1975,12,26,0.012714575382336191,-6.265928,-19.510715,1975
9491,r4i1p1f1,1975,12,27,0.0,-3.5460906,-20.119864,1975
9492,r4i1p1f1,1975,12,28,1.9792887381781303,-3.7960687,-14.501197,1975
9493,r4i1p1f1,1975,12,29,29.482222065262125,-1.181309,-8.316286,1975
9494,r4i1p1f1,1975,12,30,33.697988667917265,0.083250225,-9.496854,1975
9495,r4i1p1f1,1975,12,31,0.0,2.905967,-7.920029,1975
9496,r4i1p1f1,1976,01,01,0.0,4.22332,-8.58466,1976
9497,r4i1p1f1,1976,01,02,9.821009683781998,0.00482157,-9.159376,1976
9498,r4i1p1f1,1976,01,03,0.0,2.33222,-13.034498,1976
9499,r4i1p1f1,1976,01,04,0.0,2.8890202,-11.139467,1976
9500,r4i1p1f1,1976,01,05,3.306250070034786,-1.6333014,-9.7691345,1976
9501,r4i1p1f1,1976,01,06,0.0,-2.528385,-15.890997,1976
9502,r4i1p1f1,1976,01,07,0.0,-1.439779,-13.974477,1976
9503,r4i1p1f1,1976,01,08,0.0,1.6342242,-11.374546,1976
9504,r4i1p1f1,1976,01,09,0.0,3.1103797,-11.1026945,1976
9505,r4i1p1f1,1976,01,10,0.0,3.1745932,-10.396861,1976
9506,r4i1p1f1,1976,01,11,0.0,1.5522081,-8.265591,1976
9507,r4i1p1f1,1976,01,12,0.0,2.9679334,-10.987428,1976
9508,r4i1p1f1,1976,01,13,0.3517592689118886,3.0179515,-7.622999,1976
9509,r4i1p1f1,1976,01,14,0.0,4.843328,-3.228177,1976
9510,r4i1p1f1,1976,01,15,12.002256885460659,2.2956061,-6.9797196,1976
9511,r4i1p1f1,1976,01,16,0.0,2.7182646,-11.16465,1976
9512,r4i1p1f1,1976,01,17,11.391920972235155,-2.4049728,-10.663805,1976
9513,r4i1p1f1,1976,01,18,0.27376658045668345,-1.9387249,-8.787593,1976
9514,r4i1p1f1,1976,01,19,0.0,-1.2472639,-16.261766,1976
9515,r4i1p1f1,1976,01,20,0.2968417912009446,0.49893892,-12.09011,1976
9516,r4i1p1f1,1976,01,21,0.0,1.6736951,-7.1002483,1976
9517,r4i1p1f1,1976,01,22,0.9170174359443242,0.18208838,-5.5896626,1976
9518,r4i1p1f1,1976,01,23,0.19012014987039363,6.584711,-4.930312,1976
9519,r4i1p1f1,1976,01,24,0.31624143408259536,7.7634125,-4.1244884,1976
9520,r4i1p1f1,1976,01,25,0.1684714538579632,7.6916866,-0.8052775,1976
9521,r4i1p1f1,1976,01,26,0.0,7.759903,-4.1892786,1976
9522,r4i1p1f1,1976,01,27,0.0,8.299373,-3.9254227,1976
9523,r4i1p1f1,1976,01,28,0.0,9.102452,-4.051371,1976
9524,r4i1p1f1,1976,01,29,0.9331779146608766,8.041897,-3.577829,1976
9525,r4i1p1f1,1976,01,30,8.0955696374216,6.7557383,-3.8039353,1976
9526,r4i1p1f1,1976,01,31,58.08791992638041,0.978177,-5.0194316,1976
9527,r4i1p1f1,1976,02,01,9.426060977812785,-1.6135005,-12.861336,1976
9528,r4i1p1f1,1976,02,02,2.5074654285743243,-2.1683726,-13.994253,1976
9529,r4i1p1f1,1976,02,03,5.619066397848326,-3.0635934,-9.878396,1976
9530,r4i1p1f1,1976,02,04,0.0,0.9255435,-10.477822,1976
9531,r4i1p1f1,1976,02,05,0.0,6.2782903,-8.110402,1976
9532,r4i1p1f1,1976,02,06,0.0,5.5363936,-6.3847756,1976
9533,r4i1p1f1,1976,02,07,0.0,5.595183,-8.77003,1976
9534,r4i1p1f1,1976,02,08,0.0,5.2383113,-8.981055,1976
9535,r4i1p1f1,1976,02,09,0.0,6.1076207,-7.5578218,1976
9536,r4i1p1f1,1976,02,10,0.0,7.381968,-7.3915105,1976
9537,r4i1p1f1,1976,02,11,0.0,7.110038,-6.922478,1976
9538,r4i1p1f1,1976,02,12,0.0,6.602414,-4.6039095,1976
9539,r4i1p1f1,1976,02,13,0.0,6.6936383,-5.655076,1976
9540,r4i1p1f1,1976,02,14,0.0,8.928987,-6.1996193,1976
9541,r4i1p1f1,1976,02,15,0.0,7.5434675,-4.1004148,1976
9542,r4i1p1f1,1976,02,16,11.572099642378248,1.7070355,-7.7291985,1976
9543,r4i1p1f1,1976,02,17,2.9019595504860467,2.2339144,-10.566823,1976
9544,r4i1p1f1,1976,02,18,7.573439418284246,0.8442454,-7.0477753,1976
9545,r4i1p1f1,1976,02,19,11.202726933566012,0.15128647,-9.70966,1976
9546,r4i1p1f1,1976,02,20,0.0,5.37189,-8.760802,1976
9547,r4i1p1f1,1976,02,21,0.0,5.4912853,-7.1846704,1976
9548,r4i1p1f1,1976,02,22,0.0,6.0005445,-6.6513944,1976
9549,r4i1p1f1,1976,02,23,0.0,5.644459,-6.9741187,1976
9550,r4i1p1f1,1976,02,24,0.0,6.6359105,-6.4820175,1976
9551,r4i1p1f1,1976,02,25,0.860117389754835,5.1958647,-4.737037,1976
9552,r4i1p1f1,1976,02,26,0.5732297353386959,4.6120925,-9.51229,1976
9553,r4i1p1f1,1976,02,27,23.871404666040615,1.0096971,-8.338783,1976
9554,r4i1p1f1,1976,02,28,0.0,5.329193,-7.1561275,1976
9555,r4i1p1f1,1976,02,29,0.0,5.632036,-6.3737617,1976
9556,r4i1p1f1,1976,03,01,3.4438792958954925,4.102145,-7.654868,1976
9557,r4i1p1f1,1976,03,02,7.619227403166937,6.1734066,-3.1511767,1976
9558,r4i1p1f1,1976,03,03,30.561226845678885,4.7951007,-1.4564452,1976
9559,r4i1p1f1,1976,03,04,0.0,10.5302515,-3.4158611,1976
9560,r4i1p1f1,1976,03,05,0.0,11.278409,-0.032026816,1976
9561,r4i1p1f1,1976,03,06,2.2030059346599042,7.7801967,-3.6896472,1976
9562,r4i1p1f1,1976,03,07,0.0,10.397742,-4.6480618,1976
9563,r4i1p1f1,1976,03,08,12.37852032279503,7.435939,-2.693575,1976
9564,r4i1p1f1,1976,03,09,13.255841751178364,-1.8097613,-8.80256,1976
9565,r4i1p1f1,1976,03,10,8.858832380453485,-0.08926219,-11.897422,1976
9566,r4i1p1f1,1976,03,11,0.6820959404789252,5.129399,-5.925913,1976
9567,r4i1p1f1,1976,03,12,61.6307559956236,0.9530156,-6.0138774,1976
9568,r4i1p1f1,1976,03,13,9.593313193836694,-1.9516742,-10.706291,1976
9569,r4i1p1f1,1976,03,14,0.0,3.78845,-11.271681,1976
9570,r4i1p1f1,1976,03,15,0.0,5.623549,-7.474452,1976
9571,r4i1p1f1,1976,03,16,0.0,7.807457,-4.957842,1976
9572,r4i1p1f1,1976,03,17,0.0,12.916705,-3.8905017,1976
9573,r4i1p1f1,1976,03,18,0.0,15.559653,-2.2446687,1976
9574,r4i1p1f1,1976,03,19,0.0,14.029039,2.2212064,1976
9575,r4i1p1f1,1976,03,20,6.172872657705376,9.636335,-1.3720963,1976
9576,r4i1p1f1,1976,03,21,10.289322431618032,2.3999002,-5.6143384,1976
9577,r4i1p1f1,1976,03,22,0.0,8.032229,-6.1599407,1976
9578,r4i1p1f1,1976,03,23,8.210376910891974,5.4397383,-4.063096,1976
9579,r4i1p1f1,1976,03,24,38.77524238878364,0.5819346,-5.340253,1976
9580,r4i1p1f1,1976,03,25,0.0,8.226736,-7.1644554,1976
9581,r4i1p1f1,1976,03,26,0.006876937672074429,8.247492,-4.2713156,1976
9582,r4i1p1f1,1976,03,27,0.0,7.9304957,-6.371948,1976
9583,r4i1p1f1,1976,03,28,0.0,9.69258,-6.096624,1976
9584,r4i1p1f1,1976,03,29,10.14182068032478,5.686924,-5.580953,1976
9585,r4i1p1f1,1976,03,30,85.88996118448708,4.0525217,-1.085311,1976
9586,r4i1p1f1,1976,03,31,52.06725615207359,2.4699445,-5.673785,1976
9587,r4i1p1f1,1976,04,01,0.018899157303949077,3.653249,-8.54067,1976
9588,r4i1p1f1,1976,04,02,0.0,8.011854,-7.7358565,1976
9589,r4i1p1f1,1976,04,03,0.0,7.0132,-6.83688,1976
9590,r4i1p1f1,1976,04,04,13.730782484561963,4.524085,-2.9923458,1976
9591,r4i1p1f1,1976,04,05,0.0,6.6852946,0.32613805,1976
9592,r4i1p1f1,1976,04,06,0.0,6.5067773,-2.2186651,1976
9593,r4i1p1f1,1976,04,07,0.0,10.409319,-4.6336427,1976
9594,r4i1p1f1,1976,04,08,0.0,13.408364,-3.03659,1976
9595,r4i1p1f1,1976,04,09,0.0,13.941308,2.0276322,1976
9596,r4i1p1f1,1976,04,10,0.0,15.00321,2.597496,1976
9597,r4i1p1f1,1976,04,11,0.0,14.2737055,-0.27671283,1976
9598,r4i1p1f1,1976,04,12,11.754536275898461,11.090826,0.35082206,1976
9599,r4i1p1f1,1976,04,13,47.12509550554552,3.9607682,-3.1198912,1976
9600,r4i1p1f1,1976,04,14,18.88158527662244,3.1113706,-5.765152,1976
9601,r4i1p1f1,1976,04,15,7.527992183832995,2.2095559,-6.29411,1976
9602,r4i1p1f1,1976,04,16,8.389453971173117,4.654397,-5.2973766,1976
9603,r4i1p1f1,1976,04,17,0.0,7.0292735,-5.700883,1976
9604,r4i1p1f1,1976,04,18,0.0,8.475009,-7.576406,1976
9605,r4i1p1f1,1976,04,19,0.0,5.8233447,-3.2599306,1976
9606,r4i1p1f1,1976,04,20,0.0,4.7900248,-6.0974708,1976
9607,r4i1p1f1,1976,04,21,16.025418090650906,-0.34900564,-8.280072,1976
9608,r4i1p1f1,1976,04,22,9.212934387975785,2.2623932,-10.229994,1976
9609,r4i1p1f1,1976,04,23,18.754652465748435,-0.80738163,-7.301072,1976
9610,r4i1p1f1,1976,04,24,17.322016905543364,0.6571565,-6.2798905,1976
9611,r4i1p1f1,1976,04,25,11.803262020987765,2.3706634,-4.6552467,1976
9612,r4i1p1f1,1976,04,26,0.0,10.372021,-4.0328135,1976
9613,r4i1p1f1,1976,04,27,0.0,12.782835,-1.678026,1976
9614,r4i1p1f1,1976,04,28,0.0,14.728592,-0.19487041,1976
9615,r4i1p1f1,1976,04,29,0.0,15.874183,0.9532354,1976
9616,r4i1p1f1,1976,04,30,0.0,16.027433,1.9803274,1976
9617,r4i1p1f1,1976,05,01,0.0,15.067222,1.4846777,1976
9618,r4i1p1f1,1976,05,02,0.0,15.431578,1.1386411,1976
9619,r4i1p1f1,1976,05,03,0.0,14.304562,2.3792322,1976
9620,r4i1p1f1,1976,05,04,0.0,11.552711,1.7115611,1976
9621,r4i1p1f1,1976,05,05,16.00659950068737,7.40994,-3.2637835,1976
9622,r4i1p1f1,1976,05,06,13.047285695477706,0.72182286,-8.420417,1976
9623,r4i1p1f1,1976,05,07,1.0179898290714113,9.92246,-4.909292,1976
9624,r4i1p1f1,1976,05,08,0.0,12.82646,-1.8115906,1976
9625,r4i1p1f1,1976,05,09,0.49845210480633056,11.014079,-0.70177907,1976
9626,r4i1p1f1,1976,05,10,0.026973251978361323,14.643726,0.13815688,1976
9627,r4i1p1f1,1976,05,11,0.2131329552002875,16.178654,1.8407533,1976
9628,r4i1p1f1,1976,05,12,0.0,16.031155,2.5689342,1976
9629,r4i1p1f1,1976,05,13,0.2765394660604199,16.144316,2.6735835,1976
9630,r4i1p1f1,1976,05,14,0.0,16.897102,3.4357579,1976
9631,r4i1p1f1,1976,05,15,0.0,15.733871,2.5606043,1976
9632,r4i1p1f1,1976,05,16,0.0,16.124681,2.1323628,1976
9633,r4i1p1f1,1976,05,17,0.0,18.08596,3.3992918,1976
9634,r4i1p1f1,1976,05,18,0.0,20.501463,5.6404777,1976
9635,r4i1p1f1,1976,05,19,0.0,20.730759,6.8390484,1976
9636,r4i1p1f1,1976,05,20,0.0,20.514616,6.3176966,1976
9637,r4i1p1f1,1976,05,21,0.0,19.924438,5.211414,1976
9638,r4i1p1f1,1976,05,22,0.019673293412186845,19.498163,5.2830806,1976
9639,r4i1p1f1,1976,05,23,0.43987712264449463,14.539457,5.640113,1976
9640,r4i1p1f1,1976,05,24,0.0,13.382163,1.9890441,1976
9641,r4i1p1f1,1976,05,25,0.0,16.298233,2.337056,1976
9642,r4i1p1f1,1976,05,26,0.08087184137140076,18.733355,3.7068057,1976
9643,r4i1p1f1,1976,05,27,0.5891601454470006,17.337221,3.379696,1976
9644,r4i1p1f1,1976,05,28,2.0641023852118754,13.68084,0.6495515,1976
9645,r4i1p1f1,1976,05,29,4.343604708939966,10.241201,1.553545,1976
9646,r4i1p1f1,1976,05,30,2.8148913488086476,6.98704,-4.138641,1976
9647,r4i1p1f1,1976,05,31,0.0,7.6619225,-1.2600617,1976
9648,r4i1p1f1,1976,06,01,0.0,15.016458,-1.0219715,1976
9649,r4i1p1f1,1976,06,02,0.0,18.614967,2.5494998,1976
9650,r4i1p1f1,1976,06,03,0.0,21.554193,4.9091425,1976
9651,r4i1p1f1,1976,06,04,0.0,21.980953,8.006103,1976
9652,r4i1p1f1,1976,06,05,0.3520760728729514,21.553759,6.955973,1976
9653,r4i1p1f1,1976,06,06,0.0,19.761066,6.0033855,1976
9654,r4i1p1f1,1976,06,07,0.0,17.678204,4.024707,1976
9655,r4i1p1f1,1976,06,08,0.0,19.437366,5.389594,1976
9656,r4i1p1f1,1976,06,09,0.0,21.14004,7.456519,1976
9657,r4i1p1f1,1976,06,10,0.4075361490692776,20.157085,6.0675645,1976
9658,r4i1p1f1,1976,06,11,0.0,16.867985,5.134111,1976
9659,r4i1p1f1,1976,06,12,0.0,15.764643,2.6671572,1976
9660,r4i1p1f1,1976,06,13,0.0,12.586686,2.3781612,1976
9661,r4i1p1f1,1976,06,14,20.21361388864888,8.420743,0.38230482,1976
9662,r4i1p1f1,1976,06,15,20.817376565669107,7.7865214,-1.0819771,1976
9663,r4i1p1f1,1976,06,16,7.036154389239051,6.221686,-2.8889863,1976
9664,r4i1p1f1,1976,06,17,0.4397790540218205,8.411483,-3.3080344,1976
9665,r4i1p1f1,1976,06,18,0.22032621997897375,12.864769,-2.939524,1976
9666,r4i1p1f1,1976,06,19,0.07739397107172606,15.996241,1.4982973,1976
9667,r4i1p1f1,1976,06,20,0.0,19.507042,4.518426,1976
9668,r4i1p1f1,1976,06,21,0.0,21.214022,6.034253,1976
9669,r4i1p1f1,1976,06,22,0.0,21.902176,6.617789,1976
9670,r4i1p1f1,1976,06,23,0.0,23.683361,7.876081,1976
9671,r4i1p1f1,1976,06,24,0.0,23.326931,8.894797,1976
9672,r4i1p1f1,1976,06,25,0.0,22.197193,6.8753104,1976
9673,r4i1p1f1,1976,06,26,0.0,19.384575,6.2306976,1976
9674,r4i1p1f1,1976,06,27,0.0,22.713942,6.7366133,1976
9675,r4i1p1f1,1976,06,28,0.0,27.085644,9.558239,1976
9676,r4i1p1f1,1976,06,29,0.0013702581403513621,28.670673,11.902821,1976
9677,r4i1p1f1,1976,06,30,0.003336512797609039,25.966589,11.903228,1976
9678,r4i1p1f1,1976,07,01,0.24622753176920334,25.264023,10.454971,1976
9679,r4i1p1f1,1976,07,02,0.10978220458926287,22.889353,10.360142,1976
9680,r4i1p1f1,1976,07,03,0.0,20.464315,7.1237087,1976
9681,r4i1p1f1,1976,07,04,0.0,20.37419,4.022396,1976
9682,r4i1p1f1,1976,07,05,0.0,22.565727,7.4211955,1976
9683,r4i1p1f1,1976,07,06,0.0,24.895727,9.276281,1976
9684,r4i1p1f1,1976,07,07,0.0,27.364124,10.01375,1976
9685,r4i1p1f1,1976,07,08,0.0433802942859169,26.843113,11.677862,1976
9686,r4i1p1f1,1976,07,09,0.0,26.280499,10.667059,1976
9687,r4i1p1f1,1976,07,10,0.0,24.600958,9.948287,1976
9688,r4i1p1f1,1976,07,11,0.0,22.314253,8.959113,1976
9689,r4i1p1f1,1976,07,12,0.0,20.776873,6.748445,1976
9690,r4i1p1f1,1976,07,13,0.14371238713914147,21.295546,7.7138085,1976
9691,r4i1p1f1,1976,07,14,0.04845369007750267,21.48556,8.321696,1976
9692,r4i1p1f1,1976,07,15,0.0,24.087809,7.6744933,1976
9693,r4i1p1f1,1976,07,16,0.0,26.111162,9.584534,1976
9694,r4i1p1f1,1976,07,17,0.07818696203973324,25.423676,11.240046,1976
9695,r4i1p1f1,1976,07,18,0.3458830723654883,22.97927,8.878151,1976
9696,r4i1p1f1,1976,07,19,0.09416679827216169,17.475304,4.5894413,1976
9697,r4i1p1f1,1976,07,20,2.940977571209947,17.847494,5.8942595,1976
9698,r4i1p1f1,1976,07,21,3.0979690592212794,19.31654,6.9772906,1976
9699,r4i1p1f1,1976,07,22,0.0,17.906384,4.2195997,1976
9700,r4i1p1f1,1976,07,23,0.0,19.74489,5.4793434,1976
9701,r4i1p1f1,1976,07,24,0.0,23.488522,7.4628396,1976
9702,r4i1p1f1,1976,07,25,0.042663974464503304,23.2537,8.76196,1976
9703,r4i1p1f1,1976,07,26,0.0,23.173384,8.241516,1976
9704,r4i1p1f1,1976,07,27,0.0,24.076452,8.373811,1976
9705,r4i1p1f1,1976,07,28,0.0,23.971468,8.75317,1976
9706,r4i1p1f1,1976,07,29,0.0,23.507347,8.10342,1976
9707,r4i1p1f1,1976,07,30,0.0,23.248999,7.137016,1976
9708,r4i1p1f1,1976,07,31,0.0,23.039091,7.1842113,1976
9709,r4i1p1f1,1976,08,01,0.0,24.132328,7.9548273,1976
9710,r4i1p1f1,1976,08,02,0.0,25.503595,8.907595,1976
9711,r4i1p1f1,1976,08,03,0.0,25.902191,9.660816,1976
9712,r4i1p1f1,1976,08,04,0.0,25.03497,11.352123,1976
9713,r4i1p1f1,1976,08,05,0.0,22.568789,9.06983,1976
9714,r4i1p1f1,1976,08,06,0.0,21.641727,6.79077,1976
9715,r4i1p1f1,1976,08,07,0.0,20.108137,5.3701096,1976
9716,r4i1p1f1,1976,08,08,0.0,22.566778,6.272042,1976
9717,r4i1p1f1,1976,08,09,0.0,23.820364,7.1106386,1976
9718,r4i1p1f1,1976,08,10,0.0,25.57688,8.816355,1976
9719,r4i1p1f1,1976,08,11,0.0,27.051306,10.093297,1976
9720,r4i1p1f1,1976,08,12,0.016054285795409948,26.961603,11.644834,1976
9721,r4i1p1f1,1976,08,13,0.10969915845684498,25.998775,11.176879,1976
9722,r4i1p1f1,1976,08,14,0.0,26.426828,9.810619,1976
9723,r4i1p1f1,1976,08,15,0.0,26.695429,11.150367,1976
9724,r4i1p1f1,1976,08,16,0.0,26.325266,10.137716,1976
9725,r4i1p1f1,1976,08,17,0.0,24.503685,8.487641,1976
9726,r4i1p1f1,1976,08,18,0.0,22.661993,6.263724,1976
9727,r4i1p1f1,1976,08,19,0.0,23.56241,6.768027,1976
9728,r4i1p1f1,1976,08,20,0.0,23.251062,8.175332,1976
9729,r4i1p1f1,1976,08,21,0.0,23.006012,6.250813,1976
9730,r4i1p1f1,1976,08,22,0.0,23.257301,6.9956207,1976
9731,r4i1p1f1,1976,08,23,0.0,22.632215,6.3768787,1976
9732,r4i1p1f1,1976,08,24,0.0,22.303833,5.85683,1976
9733,r4i1p1f1,1976,08,25,0.0,23.531404,7.1217227,1976
9734,r4i1p1f1,1976,08,26,0.0,25.340204,7.900143,1976
9735,r4i1p1f1,1976,08,27,0.0,25.198915,8.554826,1976
9736,r4i1p1f1,1976,08,28,0.0,23.86953,8.9024725,1976
9737,r4i1p1f1,1976,08,29,0.0,19.530005,5.62205,1976
9738,r4i1p1f1,1976,08,30,0.0,17.146095,3.1512277,1976
9739,r4i1p1f1,1976,08,31,0.0,16.942043,2.7271993,1976
9740,r4i1p1f1,1976,09,01,0.0,18.341398,2.7747836,1976
9741,r4i1p1f1,1976,09,02,0.0,21.16165,4.586378,1976
9742,r4i1p1f1,1976,09,03,0.0,22.486574,6.5143976,1976
9743,r4i1p1f1,1976,09,04,0.0,24.204449,7.8694253,1976
9744,r4i1p1f1,1976,09,05,0.0,25.020672,8.565005,1976
9745,r4i1p1f1,1976,09,06,0.0,24.4303,8.995777,1976
9746,r4i1p1f1,1976,09,07,0.0,25.763514,10.208396,1976
9747,r4i1p1f1,1976,09,08,0.0,27.481976,10.884689,1976
9748,r4i1p1f1,1976,09,09,0.0,27.039122,10.588676,1976
9749,r4i1p1f1,1976,09,10,0.0,27.436222,10.619969,1976
9750,r4i1p1f1,1976,09,11,0.0,27.03248,11.627113,1976
9751,r4i1p1f1,1976,09,12,0.0,23.533995,8.136675,1976
9752,r4i1p1f1,1976,09,13,0.0,14.278502,0.9187473,1976
9753,r4i1p1f1,1976,09,14,0.1557859825365439,12.615856,-0.5605948,1976
9754,r4i1p1f1,1976,09,15,1.0983304431951948,13.63667,-0.5198564,1976
9755,r4i1p1f1,1976,09,16,0.01473501114111775,15.832151,0.9319775,1976
9756,r4i1p1f1,1976,09,17,0.0,18.651701,2.498165,1976
9757,r4i1p1f1,1976,09,18,0.0,21.969038,5.300983,1976
9758,r4i1p1f1,1976,09,19,0.0,22.966759,6.5191393,1976
9759,r4i1p1f1,1976,09,20,0.0,22.437819,7.2647467,1976
9760,r4i1p1f1,1976,09,21,0.0,20.316254,5.0888634,1976
9761,r4i1p1f1,1976,09,22,0.0964034311976102,14.466607,0.9860775,1976
9762,r4i1p1f1,1976,09,23,0.0,12.68354,-1.1320528,1976
9763,r4i1p1f1,1976,09,24,0.23780587364100889,14.485437,0.41351932,1976
9764,r4i1p1f1,1976,09,25,0.0,17.051764,1.2938104,1976
9765,r4i1p1f1,1976,09,26,0.0,17.565664,2.691382,1976
9766,r4i1p1f1,1976,09,27,0.0,16.455677,3.6817782,1976
9767,r4i1p1f1,1976,09,28,1.0576725762440955,12.466712,0.2186077,1976
9768,r4i1p1f1,1976,09,29,0.46271813429015457,13.023723,-0.3068166,1976
9769,r4i1p1f1,1976,09,30,0.0,13.5911665,-1.0137519,1976
9770,r4i1p1f1,1976,10,01,0.0,14.790604,0.8209795,1976
9771,r4i1p1f1,1976,10,02,0.0,14.47175,1.3200283,1976
9772,r4i1p1f1,1976,10,03,0.0,12.515967,0.4938496,1976
9773,r4i1p1f1,1976,10,04,0.0,15.791318,0.7498584,1976
9774,r4i1p1f1,1976,10,05,0.0,18.559835,2.6573534,1976
9775,r4i1p1f1,1976,10,06,0.0,19.446709,3.1183107,1976
9776,r4i1p1f1,1976,10,07,0.0,20.778004,4.4544673,1976
9777,r4i1p1f1,1976,10,08,0.0,21.394402,5.3844943,1976
9778,r4i1p1f1,1976,10,09,0.0,21.524805,4.8242464,1976
9779,r4i1p1f1,1976,10,10,0.0,22.283396,6.009521,1976
9780,r4i1p1f1,1976,10,11,0.0,22.85474,7.0596485,1976
9781,r4i1p1f1,1976,10,12,0.0,22.187546,7.281887,1976
9782,r4i1p1f1,1976,10,13,0.0,21.81184,6.140636,1976
9783,r4i1p1f1,1976,10,14,0.0,21.762684,6.1850586,1976
9784,r4i1p1f1,1976,10,15,5.049634380091908,24.950296,11.977618,1976
9785,r4i1p1f1,1976,10,16,3.114331057769951,18.72666,6.807209,1976
9786,r4i1p1f1,1976,10,17,1.8651025872446445,17.016752,6.5538645,1976
9787,r4i1p1f1,1976,10,18,0.005670050152182912,16.229174,3.5911698,1976
9788,r4i1p1f1,1976,10,19,0.0,18.003372,1.9736226,1976
9789,r4i1p1f1,1976,10,20,0.0,16.90106,2.0244956,1976
9790,r4i1p1f1,1976,10,21,0.0,11.765204,-4.230027,1976
9791,r4i1p1f1,1976,10,22,4.385150895414548,10.777231,-1.3629327,1976
9792,r4i1p1f1,1976,10,23,36.83373552369906,-0.15948251,-6.570242,1976
9793,r4i1p1f1,1976,10,24,10.629834930138026,2.9703789,-9.074794,1976
9794,r4i1p1f1,1976,10,25,0.0,4.170461,-6.9928865,1976
9795,r4i1p1f1,1976,10,26,5.100272476434896,2.1439247,-6.444049,1976
9796,r4i1p1f1,1976,10,27,1.119808593819685,1.277853,-11.443361,1976
9797,r4i1p1f1,1976,10,28,3.773160688623693,2.8953373,-7.54907,1976
9798,r4i1p1f1,1976,10,29,0.0,5.704202,-4.3357453,1976
9799,r4i1p1f1,1976,10,30,0.0,9.701701,-6.2714467,1976
9800,r4i1p1f1,1976,10,31,0.0,10.987179,-2.5131266,1976
9801,r4i1p1f1,1976,11,01,0.0,12.91832,-3.7548728,1976
9802,r4i1p1f1,1976,11,02,0.0,13.353919,-2.1763906,1976
9803,r4i1p1f1,1976,11,03,0.0,14.329048,-1.3745153,1976
9804,r4i1p1f1,1976,11,04,0.0,12.483696,-2.0249631,1976
9805,r4i1p1f1,1976,11,05,0.0,10.655755,-0.52394205,1976
9806,r4i1p1f1,1976,11,06,2.394521556871288,3.2318242,-7.9578557,1976
9807,r4i1p1f1,1976,11,07,0.0,3.6149316,-9.544903,1976
9808,r4i1p1f1,1976,11,08,0.0,4.7679315,-8.022359,1976
9809,r4i1p1f1,1976,11,09,0.0012350412386830905,2.2385306,-8.806827,1976
9810,r4i1p1f1,1976,11,10,19.239241204970757,1.9722655,-5.4819474,1976
9811,r4i1p1f1,1976,11,11,3.9090336325684536,7.368694,-2.1495535,1976
9812,r4i1p1f1,1976,11,12,0.33559085168070857,7.2972264,-2.5407658,1976
9813,r4i1p1f1,1976,11,13,2.537662930264387,9.787513,-1.0107908,1976
9814,r4i1p1f1,1976,11,14,2.33380554110387,12.625943,0.55023587,1976
9815,r4i1p1f1,1976,11,15,0.1373319269139641,14.353999,1.2825272,1976
9816,r4i1p1f1,1976,11,16,10.010713165121157,13.908547,6.186436,1976
9817,r4i1p1f1,1976,11,17,36.88921721060065,12.380077,4.3672576,1976
9818,r4i1p1f1,1976,11,18,0.07291016652134491,9.533795,-2.213384,1976
9819,r4i1p1f1,1976,11,19,20.586465765580922,8.041401,1.0519159,1976
9820,r4i1p1f1,1976,11,20,3.104052723671691,4.61578,-9.282047,1976
9821,r4i1p1f1,1976,11,21,0.0,1.9165833,-8.240877,1976
9822,r4i1p1f1,1976,11,22,0.0,2.8856256,-10.304262,1976
9823,r4i1p1f1,1976,11,23,0.0,7.3204064,-6.855769,1976
9824,r4i1p1f1,1976,11,24,0.0,9.946548,-3.2265925,1976
9825,r4i1p1f1,1976,11,25,0.0,12.336713,-1.3928499,1976
9826,r4i1p1f1,1976,11,26,0.0,12.767363,0.0132496,1976
9827,r4i1p1f1,1976,11,27,0.0,12.466698,-0.52099353,1976
9828,r4i1p1f1,1976,11,28,0.0,11.704089,-0.6594377,1976
9829,r4i1p1f1,1976,11,29,0.0,11.951527,-3.1603756,1976
9830,r4i1p1f1,1976,11,30,0.0,12.042539,1.8683542,1976
9831,r4i1p1f1,1976,12,01,22.846938146181337,9.401261,-0.22548825,1976
9832,r4i1p1f1,1976,12,02,72.96675827113987,8.31865,0.07906407,1976
9833,r4i1p1f1,1976,12,03,1.9338006749944416,8.752047,-1.5169468,1976
9834,r4i1p1f1,1976,12,04,12.338400398377367,5.561746,-0.88860095,1976
9835,r4i1p1f1,1976,12,05,0.0,8.514102,-3.494826,1976
9836,r4i1p1f1,1976,12,06,0.0,10.537832,-2.651683,1976
9837,r4i1p1f1,1976,12,07,0.0,13.241576,-1.0120219,1976
9838,r4i1p1f1,1976,12,08,48.751086816592014,12.0453615,3.4074056,1976
9839,r4i1p1f1,1976,12,09,68.10360170618475,8.762814,3.213913,1976
9840,r4i1p1f1,1976,12,10,41.19647600513154,8.76245,1.1400119,1976
9841,r4i1p1f1,1976,12,11,0.3953371929140826,8.233071,-2.1851277,1976
9842,r4i1p1f1,1976,12,12,8.26723953579356,4.717535,-2.4338977,1976
9843,r4i1p1f1,1976,12,13,3.5670296786195226,3.0129275,-5.621646,1976
9844,r4i1p1f1,1976,12,14,0.49190988698833427,5.648932,-3.3215878,1976
9845,r4i1p1f1,1976,12,15,0.023968124417672397,6.9637556,-4.6685534,1976
9846,r4i1p1f1,1976,12,16,0.0,6.6956124,-4.5281,1976
9847,r4i1p1f1,1976,12,17,0.0,8.476744,-4.659195,1976
9848,r4i1p1f1,1976,12,18,14.504256028954858,6.0374,-3.9047492,1976
9849,r4i1p1f1,1976,12,19,10.233174705558152,3.4936674,-3.678214,1976
9850,r4i1p1f1,1976,12,20,9.11969574088256,2.5675194,-4.0036206,1976
9851,r4i1p1f1,1976,12,21,0.0356706140596605,5.367604,-6.1074557,1976
9852,r4i1p1f1,1976,12,22,0.0,6.166205,-5.679121,1976
9853,r4i1p1f1,1976,12,23,0.0,6.2167363,-6.3195996,1976
9854,r4i1p1f1,1976,12,24,0.0,8.165044,-5.796944,1976
9855,r4i1p1f1,1976,12,25,0.0,6.3237815,-6.38078,1976
9856,r4i1p1f1,1976,12,26,0.0,5.6256843,-5.030443,1976
9857,r4i1p1f1,1976,12,27,0.0,9.37924,-2.8057709,1976
9858,r4i1p1f1,1976,12,28,0.0,13.312577,-0.48846713,1976
9859,r4i1p1f1,1976,12,29,0.0,11.729738,0.9956261,1976
9860,r4i1p1f1,1976,12,30,0.0,7.60884,-3.7923565,1976
9861,r4i1p1f1,1976,12,31,1.2288691537026464,4.4188194,-3.7625098,1976
9862,r4i1p1f1,1977,01,01,0.0,7.3987904,-5.1009383,1977
9863,r4i1p1f1,1977,01,02,0.0,9.249179,-4.6329875,1977
9864,r4i1p1f1,1977,01,03,0.0,9.733302,-0.29400772,1977
9865,r4i1p1f1,1977,01,04,2.9898149998551333,5.3482904,-3.1257114,1977
9866,r4i1p1f1,1977,01,05,0.33673479425751424,3.8844016,-5.4413514,1977
9867,r4i1p1f1,1977,01,06,5.107998930097439,0.27620584,-7.4209,1977
9868,r4i1p1f1,1977,01,07,4.907119752930338,-0.6114902,-8.016756,1977
9869,r4i1p1f1,1977,01,08,0.0,2.352689,-10.694334,1977
9870,r4i1p1f1,1977,01,09,0.0,2.1020513,-11.908859,1977
9871,r4i1p1f1,1977,01,10,0.0,1.7067848,-10.982255,1977
9872,r4i1p1f1,1977,01,11,0.0,2.5878751,-10.963544,1977
9873,r4i1p1f1,1977,01,12,0.0,6.6563454,-7.4399567,1977
9874,r4i1p1f1,1977,01,13,0.0,9.109865,-6.999274,1977
9875,r4i1p1f1,1977,01,14,0.0,7.205547,-5.7390447,1977
9876,r4i1p1f1,1977,01,15,31.334967077530635,0.057038113,-5.3513703,1977
9877,r4i1p1f1,1977,01,16,0.10070938363270829,-0.8378117,-11.845534,1977
9878,r4i1p1f1,1977,01,17,1.293065293532179,-3.414153,-16.16778,1977
9879,r4i1p1f1,1977,01,18,0.04338965050236646,-8.810126,-21.195103,1977
9880,r4i1p1f1,1977,01,19,0.0,-3.5463398,-19.729141,1977
9881,r4i1p1f1,1977,01,20,0.0,-1.6705383,-15.316241,1977
9882,r4i1p1f1,1977,01,21,0.0,-1.214333,-16.028069,1977
9883,r4i1p1f1,1977,01,22,0.0,-2.7362795,-15.187264,1977
9884,r4i1p1f1,1977,01,23,0.0,-4.069349,-16.825724,1977
9885,r4i1p1f1,1977,01,24,0.0,1.8397263,-12.824903,1977
9886,r4i1p1f1,1977,01,25,0.0,5.9240546,-9.3828335,1977
9887,r4i1p1f1,1977,01,26,0.17503857995272556,4.780385,-5.654568,1977
9888,r4i1p1f1,1977,01,27,0.0,7.101096,-7.2553897,1977
9889,r4i1p1f1,1977,01,28,0.0,8.665243,-3.8228533,1977
9890,r4i1p1f1,1977,01,29,0.0,12.801061,-1.1537234,1977
9891,r4i1p1f1,1977,01,30,0.0,14.8233185,-0.78897315,1977
9892,r4i1p1f1,1977,01,31,0.0,13.49531,2.86845,1977
9893,r4i1p1f1,1977,02,01,1.359221763825634,10.858602,-0.8630008,1977
9894,r4i1p1f1,1977,02,02,0.0,11.523345,-3.1088672,1977
9895,r4i1p1f1,1977,02,03,0.0,15.001011,-1.113872,1977
9896,r4i1p1f1,1977,02,04,0.0,16.60527,2.3333967,1977
9897,r4i1p1f1,1977,02,05,0.0,17.342747,2.6955397,1977
9898,r4i1p1f1,1977,02,06,0.06727516355736517,15.204332,3.0300255,1977
9899,r4i1p1f1,1977,02,07,2.7265470215295626,8.006609,-4.9164996,1977
9900,r4i1p1f1,1977,02,08,2.909787371145573,5.184913,-5.9919286,1977
9901,r4i1p1f1,1977,02,09,0.678125768846418,1.3341408,-10.912935,1977
9902,r4i1p1f1,1977,02,10,0.0,3.4637837,-7.3250837,1977
9903,r4i1p1f1,1977,02,11,0.0,3.1744397,-8.140058,1977
9904,r4i1p1f1,1977,02,12,0.0,4.6831083,-9.451667,1977
9905,r4i1p1f1,1977,02,13,0.0,4.500302,-9.279385,1977
9906,r4i1p1f1,1977,02,14,0.0,2.222825,-9.225273,1977
9907,r4i1p1f1,1977,02,15,3.0774956437416967,-3.2065618,-12.7471695,1977
9908,r4i1p1f1,1977,02,16,0.0,1.8625203,-12.813747,1977
9909,r4i1p1f1,1977,02,17,0.12913873315277447,-0.17275159,-9.690627,1977
9910,r4i1p1f1,1977,02,18,0.0,6.2363515,-10.287547,1977
9911,r4i1p1f1,1977,02,19,0.0,4.969396,-8.974233,1977
9912,r4i1p1f1,1977,02,20,0.0,4.158706,-6.954635,1977
9913,r4i1p1f1,1977,02,21,0.0,6.6164002,-5.239102,1977
9914,r4i1p1f1,1977,02,22,4.27079379374656,4.809125,-4.439024,1977
9915,r4i1p1f1,1977,02,23,0.0,11.311463,-5.3839974,1977
9916,r4i1p1f1,1977,02,24,0.0,11.596344,-2.4945567,1977
9917,r4i1p1f1,1977,02,25,0.0,11.050633,-2.1622508,1977
9918,r4i1p1f1,1977,02,26,0.0,12.857506,-1.544858,1977
9919,r4i1p1f1,1977,02,27,0.0,13.542525,-0.93068117,1977
9920,r4i1p1f1,1977,02,28,0.0,13.531634,-0.35119954,1977
9921,r4i1p1f1,1977,03,01,0.0,15.249725,-2.9406786,1977
9922,r4i1p1f1,1977,03,02,0.0,15.744119,-2.1641314,1977
9923,r4i1p1f1,1977,03,03,0.0,14.3253975,-1.271752,1977
9924,r4i1p1f1,1977,03,04,0.0,13.456712,-1.8858267,1977
9925,r4i1p1f1,1977,03,05,0.0,12.747852,-1.7826853,1977
9926,r4i1p1f1,1977,03,06,1.4315181138262978,8.157932,-3.8681128,1977
9927,r4i1p1f1,1977,03,07,2.3157519316608908,2.7067692,-5.1701655,1977
9928,r4i1p1f1,1977,03,08,10.57834166282002,4.642145,-5.175946,1977
9929,r4i1p1f1,1977,03,09,0.0,11.099049,-5.0388727,1977
9930,r4i1p1f1,1977,03,10,10.09953026071784,8.50297,-2.3595269,1977
9931,r4i1p1f1,1977,03,11,0.0,11.302852,-5.902125,1977
9932,r4i1p1f1,1977,03,12,18.686413058234255,8.05603,-4.190713,1977
9933,r4i1p1f1,1977,03,13,17.301602439498698,2.1198165,-8.918373,1977
9934,r4i1p1f1,1977,03,14,0.8659297047942515,2.5969968,-11.289179,1977
9935,r4i1p1f1,1977,03,15,1.3596800469594,1.0775969,-10.210338,1977
9936,r4i1p1f1,1977,03,16,0.0,6.479549,-7.5776896,1977
9937,r4i1p1f1,1977,03,17,0.0,8.0408,-8.587361,1977
9938,r4i1p1f1,1977,03,18,3.785039005848227,3.2765038,-4.599439,1977
9939,r4i1p1f1,1977,03,19,20.336712136515942,0.840726,-7.3913255,1977
9940,r4i1p1f1,1977,03,20,0.40456600578362756,9.648182,-8.093239,1977
9941,r4i1p1f1,1977,03,21,0.0,11.224496,-4.560781,1977
9942,r4i1p1f1,1977,03,22,0.0,14.749694,-1.9274119,1977
9943,r4i1p1f1,1977,03,23,0.0,15.706717,0.2899527,1977
9944,r4i1p1f1,1977,03,24,0.0,17.902876,1.0763469,1977
9945,r4i1p1f1,1977,03,25,0.0,17.693552,4.2293477,1977
9946,r4i1p1f1,1977,03,26,1.603790476392903,14.683654,0.6253457,1977
9947,r4i1p1f1,1977,03,27,2.1516946645257877,10.469237,-1.1412972,1977
9948,r4i1p1f1,1977,03,28,0.4529610327355585,10.388484,-2.003156,1977
9949,r4i1p1f1,1977,03,29,4.412747627940085,9.017874,-3.3486428,1977
9950,r4i1p1f1,1977,03,30,2.7364968960197134,7.2458696,-2.7926128,1977
9951,r4i1p1f1,1977,03,31,4.2784990990744864,6.461541,-3.9154136,1977
9952,r4i1p1f1,1977,04,01,1.6426363296092583,7.4778905,-5.1317115,1977
9953,r4i1p1f1,1977,04,02,0.0,12.871407,-3.3475997,1977
9954,r4i1p1f1,1977,04,03,0.0,11.795254,-1.232131,1977
9955,r4i1p1f1,1977,04,04,11.810002834573009,8.267306,-4.118908,1977
9956,r4i1p1f1,1977,04,05,0.0,11.916847,-4.632984,1977
9957,r4i1p1f1,1977,04,06,0.0,12.856345,-2.2351656,1977
9958,r4i1p1f1,1977,04,07,0.0,11.709966,0.45892894,1977
9959,r4i1p1f1,1977,04,08,14.718285696085847,4.7635427,-10.005748,1977
9960,r4i1p1f1,1977,04,09,0.05983003147570121,3.2397704,-15.156262,1977
9961,r4i1p1f1,1977,04,10,0.0,7.6741443,-7.0966434,1977
9962,r4i1p1f1,1977,04,11,6.709888418140817,4.0703363,-6.8896437,1977
9963,r4i1p1f1,1977,04,12,1.9380396111758096,-0.54351246,-10.20042,1977
9964,r4i1p1f1,1977,04,13,0.7546264852558269,4.0635667,-7.7455215,1977
9965,r4i1p1f1,1977,04,14,0.0,11.404429,-5.9952416,1977
9966,r4i1p1f1,1977,04,15,0.0,13.322913,-1.9888861,1977
9967,r4i1p1f1,1977,04,16,0.0,12.459775,0.61633265,1977
9968,r4i1p1f1,1977,04,17,33.83789157886817,8.6172495,-3.6750119,1977
9969,r4i1p1f1,1977,04,18,2.2882740641700483,5.2192755,-7.367847,1977
9970,r4i1p1f1,1977,04,19,0.0,9.136814,-3.818855,1977
9971,r4i1p1f1,1977,04,20,0.814478761346366,8.328691,-3.108139,1977
9972,r4i1p1f1,1977,04,21,14.878097256751968,2.3697052,-5.9315605,1977
9973,r4i1p1f1,1977,04,22,2.7353606992068005,4.7814293,-9.55432,1977
9974,r4i1p1f1,1977,04,23,0.0,12.722753,-2.2750363,1977
9975,r4i1p1f1,1977,04,24,0.0,15.905855,-0.5961328,1977
9976,r4i1p1f1,1977,04,25,0.0,16.339231,1.0919466,1977
9977,r4i1p1f1,1977,04,26,0.0,16.773615,2.3021936,1977
9978,r4i1p1f1,1977,04,27,2.041562278775092,14.50014,-0.057878383,1977
9979,r4i1p1f1,1977,04,28,0.585821582093583,13.780638,-0.12850724,1977
9980,r4i1p1f1,1977,04,29,0.0,13.645181,-0.19411679,1977
9981,r4i1p1f1,1977,04,30,0.0,11.843812,1.6548936,1977
9982,r4i1p1f1,1977,05,01,0.0,15.049709,0.0038911984,1977
9983,r4i1p1f1,1977,05,02,0.0,17.415825,2.084895,1977
9984,r4i1p1f1,1977,05,03,0.0,18.97984,3.4884942,1977
9985,r4i1p1f1,1977,05,04,0.0,19.383833,4.541778,1977
9986,r4i1p1f1,1977,05,05,0.0,19.368494,5.528689,1977
9987,r4i1p1f1,1977,05,06,0.0,19.49721,6.2526693,1977
9988,r4i1p1f1,1977,05,07,0.0,19.305798,5.727307,1977
9989,r4i1p1f1,1977,05,08,0.0,19.42197,4.7783203,1977
9990,r4i1p1f1,1977,05,09,0.0,19.762627,5.0494957,1977
9991,r4i1p1f1,1977,05,10,0.0,19.094683,6.316641,1977
9992,r4i1p1f1,1977,05,11,0.0,14.312735,-0.27142403,1977
9993,r4i1p1f1,1977,05,12,0.0,15.068798,1.4826052,1977
9994,r4i1p1f1,1977,05,13,0.0,16.342327,2.100029,1977
9995,r4i1p1f1,1977,05,14,0.0,19.458303,4.294279,1977
9996,r4i1p1f1,1977,05,15,0.0,22.13736,6.7443366,1977
9997,r4i1p1f1,1977,05,16,0.0,24.197407,8.313071,1977
9998,r4i1p1f1,1977,05,17,0.09983057670855718,24.011059,9.455978,1977
9999,r4i1p1f1,1977,05,18,1.0498282655797544,22.301367,7.0784674,1977
10000,r4i1p1f1,1977,05,19,0.06299132404391831,21.842619,8.266407,1977
10001,r4i1p1f1,1977,05,20,20.15853287846775,17.242443,5.785106,1977
10002,r4i1p1f1,1977,05,21,30.271300019968823,12.537214,1.0915655,1977
10003,r4i1p1f1,1977,05,22,4.288793029370615,13.138485,0.6248805,1977
10004,r4i1p1f1,1977,05,23,1.4057985656734475,14.240113,1.4834334,1977
10005,r4i1p1f1,1977,05,24,4.93701658567479,11.210632,-1.3401551,1977
10006,r4i1p1f1,1977,05,25,3.3764846692839163,14.015958,-0.6022438,1977
10007,r4i1p1f1,1977,05,26,0.0,17.131987,2.8576224,1977
10008,r4i1p1f1,1977,05,27,0.0,17.641127,3.7804012,1977
10009,r4i1p1f1,1977,05,28,0.0,18.818842,3.6309924,1977
10010,r4i1p1f1,1977,05,29,0.0,20.679787,5.399247,1977
10011,r4i1p1f1,1977,05,30,0.0,22.588419,7.40532,1977
10012,r4i1p1f1,1977,05,31,0.0,24.732204,9.074107,1977
10013,r4i1p1f1,1977,06,01,0.0,26.847908,10.639236,1977
10014,r4i1p1f1,1977,06,02,1.1938726300418054,21.78479,10.743448,1977
10015,r4i1p1f1,1977,06,03,3.066715508378353,24.070559,9.52002,1977
10016,r4i1p1f1,1977,06,04,0.033186430766561165,23.815767,7.414442,1977
10017,r4i1p1f1,1977,06,05,0.0,26.056835,9.997436,1977
10018,r4i1p1f1,1977,06,06,0.18635307086577793,27.475433,11.641976,1977
10019,r4i1p1f1,1977,06,07,0.19732598663158651,24.357927,11.112934,1977
10020,r4i1p1f1,1977,06,08,9.630665406152792e-05,20.712063,7.7486215,1977
10021,r4i1p1f1,1977,06,09,0.0,17.700872,5.163138,1977
10022,r4i1p1f1,1977,06,10,0.0,16.53795,3.794637,1977
10023,r4i1p1f1,1977,06,11,0.0,14.216935,2.439469,1977
10024,r4i1p1f1,1977,06,12,0.011439265940618613,13.712246,1.3025118,1977
10025,r4i1p1f1,1977,06,13,0.0,17.634386,3.0120106,1977
10026,r4i1p1f1,1977,06,14,0.0,18.481085,5.755983,1977
10027,r4i1p1f1,1977,06,15,0.0,18.177856,6.9374447,1977
10028,r4i1p1f1,1977,06,16,0.0,19.645733,4.134698,1977
10029,r4i1p1f1,1977,06,17,0.0,24.504766,6.9118366,1977
10030,r4i1p1f1,1977,06,18,0.0,25.48192,9.5151,1977
10031,r4i1p1f1,1977,06,19,0.0,26.05351,9.960749,1977
10032,r4i1p1f1,1977,06,20,0.0,25.08506,10.039655,1977
10033,r4i1p1f1,1977,06,21,0.0,23.808882,9.563818,1977
10034,r4i1p1f1,1977,06,22,0.0,23.651754,8.359026,1977
10035,r4i1p1f1,1977,06,23,0.0,24.076262,8.205576,1977
10036,r4i1p1f1,1977,06,24,0.0,24.544952,7.9940434,1977
10037,r4i1p1f1,1977,06,25,0.0,23.821762,8.649572,1977
10038,r4i1p1f1,1977,06,26,0.04116410151641812,22.221096,8.363751,1977
10039,r4i1p1f1,1977,06,27,0.0,20.298027,5.9595876,1977
10040,r4i1p1f1,1977,06,28,0.0,19.79537,5.4124126,1977
10041,r4i1p1f1,1977,06,29,0.0,20.237097,5.904883,1977
10042,r4i1p1f1,1977,06,30,0.0,24.563421,6.95418,1977
10043,r4i1p1f1,1977,07,01,0.0,26.912807,9.539183,1977
10044,r4i1p1f1,1977,07,02,0.0,26.114035,10.463677,1977
10045,r4i1p1f1,1977,07,03,0.04425833751847841,24.17474,12.27577,1977
10046,r4i1p1f1,1977,07,04,0.0,19.544714,6.2946463,1977
10047,r4i1p1f1,1977,07,05,0.0,21.776018,5.287675,1977
10048,r4i1p1f1,1977,07,06,0.0,25.022045,8.104677,1977
10049,r4i1p1f1,1977,07,07,0.0,26.399105,10.4874115,1977
10050,r4i1p1f1,1977,07,08,0.0,28.083805,10.983718,1977
10051,r4i1p1f1,1977,07,09,0.22858510436729856,28.777653,12.514517,1977
10052,r4i1p1f1,1977,07,10,0.0,28.605131,12.288693,1977
10053,r4i1p1f1,1977,07,11,0.47899760595668733,28.528694,13.437428,1977
10054,r4i1p1f1,1977,07,12,0.23766024897746296,27.777395,12.191671,1977
10055,r4i1p1f1,1977,07,13,0.548344284850918,26.638393,13.240765,1977
10056,r4i1p1f1,1977,07,14,0.0,26.271837,11.077826,1977
10057,r4i1p1f1,1977,07,15,0.0,25.456081,10.79373,1977
10058,r4i1p1f1,1977,07,16,0.0,23.840391,9.609726,1977
10059,r4i1p1f1,1977,07,17,0.0,24.907719,8.512677,1977
10060,r4i1p1f1,1977,07,18,0.0,28.4458,11.192476,1977
10061,r4i1p1f1,1977,07,19,0.0,29.218935,12.717319,1977
10062,r4i1p1f1,1977,07,20,0.03261780012051293,28.978497,13.072641,1977
10063,r4i1p1f1,1977,07,21,0.024423984983489255,27.115904,15.49084,1977
10064,r4i1p1f1,1977,07,22,2.8140548683547024,24.587809,12.489503,1977
10065,r4i1p1f1,1977,07,23,0.25612619409916554,25.120293,10.829675,1977
10066,r4i1p1f1,1977,07,24,0.1440879354395375,25.183119,10.859429,1977
10067,r4i1p1f1,1977,07,25,1.649103173698002,24.87509,9.962202,1977
10068,r4i1p1f1,1977,07,26,4.386915419999492,23.932001,11.418707,1977
10069,r4i1p1f1,1977,07,27,1.2721030845453518,24.444351,9.086043,1977
10070,r4i1p1f1,1977,07,28,0.19418850637381324,24.654568,9.27758,1977
10071,r4i1p1f1,1977,07,29,0.05396997161147425,24.266388,9.762708,1977
10072,r4i1p1f1,1977,07,30,0.6063686722886382,23.218235,8.85655,1977
10073,r4i1p1f1,1977,07,31,0.09272907913578836,22.673063,8.082105,1977
10074,r4i1p1f1,1977,08,01,0.17127171712183134,23.553246,8.452115,1977
10075,r4i1p1f1,1977,08,02,0.030543345087710914,24.077312,9.125988,1977
10076,r4i1p1f1,1977,08,03,0.0,24.230513,8.755955,1977
10077,r4i1p1f1,1977,08,04,0.0,24.00296,8.716684,1977
10078,r4i1p1f1,1977,08,05,0.0,23.301561,8.654664,1977
10079,r4i1p1f1,1977,08,06,0.0,24.086962,7.8966756,1977
10080,r4i1p1f1,1977,08,07,0.0,23.596992,8.1700945,1977
10081,r4i1p1f1,1977,08,08,0.0,23.920742,7.9416924,1977
10082,r4i1p1f1,1977,08,09,0.0,23.44586,8.182393,1977
10083,r4i1p1f1,1977,08,10,0.0,22.064425,7.016058,1977
10084,r4i1p1f1,1977,08,11,0.0,20.343744,5.170811,1977
10085,r4i1p1f1,1977,08,12,0.0,20.960207,4.95375,1977
10086,r4i1p1f1,1977,08,13,0.0,21.999489,6.7439075,1977
10087,r4i1p1f1,1977,08,14,0.0,23.864477,7.97168,1977
10088,r4i1p1f1,1977,08,15,0.0,23.818787,8.158597,1977
10089,r4i1p1f1,1977,08,16,0.0,23.565853,7.592511,1977
10090,r4i1p1f1,1977,08,17,0.0,24.09192,8.038682,1977
10091,r4i1p1f1,1977,08,18,0.05205454945757067,24.670006,8.753845,1977
10092,r4i1p1f1,1977,08,19,0.22264894997529586,23.690042,8.302719,1977
10093,r4i1p1f1,1977,08,20,0.03481579434054975,22.511177,7.796202,1977
10094,r4i1p1f1,1977,08,21,0.0,22.760836,7.8290606,1977
10095,r4i1p1f1,1977,08,22,0.0,22.698414,7.948729,1977
10096,r4i1p1f1,1977,08,23,0.0,22.232023,8.013757,1977
10097,r4i1p1f1,1977,08,24,0.0,22.840197,6.36561,1977
10098,r4i1p1f1,1977,08,25,0.0,24.842997,8.168972,1977
10099,r4i1p1f1,1977,08,26,0.0,26.417517,9.279569,1977
10100,r4i1p1f1,1977,08,27,0.0,27.423359,9.620548,1977
10101,r4i1p1f1,1977,08,28,0.0,27.701874,10.517447,1977
10102,r4i1p1f1,1977,08,29,0.0,26.80954,11.542907,1977
10103,r4i1p1f1,1977,08,30,0.0,25.248203,9.844009,1977
10104,r4i1p1f1,1977,08,31,0.0,22.01589,6.8085365,1977
10105,r4i1p1f1,1977,09,01,0.0,20.699907,5.4301577,1977
10106,r4i1p1f1,1977,09,02,0.0,20.74159,5.7741156,1977
10107,r4i1p1f1,1977,09,03,0.0,19.8785,5.667631,1977
10108,r4i1p1f1,1977,09,04,0.0,18.571852,5.288923,1977
10109,r4i1p1f1,1977,09,05,0.0,19.528725,4.4291224,1977
10110,r4i1p1f1,1977,09,06,0.0,22.445522,4.5599914,1977
10111,r4i1p1f1,1977,09,07,0.0,22.675486,5.9691873,1977
10112,r4i1p1f1,1977,09,08,0.0,22.034399,6.943359,1977
10113,r4i1p1f1,1977,09,09,0.0,23.035599,7.011112,1977
10114,r4i1p1f1,1977,09,10,0.0,22.617723,7.2556753,1977
10115,r4i1p1f1,1977,09,11,0.0,21.565649,7.7420716,1977
10116,r4i1p1f1,1977,09,12,0.0,17.859783,4.3626966,1977
10117,r4i1p1f1,1977,09,13,0.008599081473929146,16.806862,3.716713,1977
10118,r4i1p1f1,1977,09,14,0.011348050108250695,19.453943,3.5476859,1977
10119,r4i1p1f1,1977,09,15,0.0,18.946457,5.093522,1977
10120,r4i1p1f1,1977,09,16,0.0,15.474093,-1.0965564,1977
10121,r4i1p1f1,1977,09,17,0.00029087304258967986,11.418254,-0.394513,1977
10122,r4i1p1f1,1977,09,18,0.0,11.056765,-0.0007822028,1977
10123,r4i1p1f1,1977,09,19,0.0,15.334189,0.38262987,1977
10124,r4i1p1f1,1977,09,20,0.0,19.32421,4.726364,1977
10125,r4i1p1f1,1977,09,21,0.0,19.498693,7.7171984,1977
10126,r4i1p1f1,1977,09,22,0.46747229671917223,21.817072,7.638567,1977
10127,r4i1p1f1,1977,09,23,0.003613291119108908,22.914944,8.538949,1977
10128,r4i1p1f1,1977,09,24,0.26600768402426495,21.113802,7.8699393,1977
10129,r4i1p1f1,1977,09,25,1.5072875526594827,16.36187,3.2770667,1977
10130,r4i1p1f1,1977,09,26,45.45582151406537,10.374349,1.0269703,1977
10131,r4i1p1f1,1977,09,27,0.0,12.457552,-1.0755194,1977
10132,r4i1p1f1,1977,09,28,0.0,13.768689,-1.9564955,1977
10133,r4i1p1f1,1977,09,29,0.0,14.386873,-1.9237293,1977
10134,r4i1p1f1,1977,09,30,0.8591335559031489,12.968073,-0.7648853,1977
10135,r4i1p1f1,1977,10,01,0.18588353187579038,5.4415293,-6.656215,1977
10136,r4i1p1f1,1977,10,02,0.0,9.211861,-5.830053,1977
10137,r4i1p1f1,1977,10,03,0.0,8.9437475,-5.3320656,1977
10138,r4i1p1f1,1977,10,04,0.025765156652386604,5.7395334,-5.0560713,1977
10139,r4i1p1f1,1977,10,05,0.0,5.146846,-4.773419,1977
10140,r4i1p1f1,1977,10,06,0.0,11.107671,-4.5281105,1977
10141,r4i1p1f1,1977,10,07,0.0,14.4102335,-1.196376,1977
10142,r4i1p1f1,1977,10,08,0.0,17.036482,1.1818779,1977
10143,r4i1p1f1,1977,10,09,0.0,17.46326,4.526673,1977
10144,r4i1p1f1,1977,10,10,0.0,19.248405,4.20375,1977
10145,r4i1p1f1,1977,10,11,0.0,20.546705,4.3355875,1977
10146,r4i1p1f1,1977,10,12,0.0,20.14291,4.7378154,1977
10147,r4i1p1f1,1977,10,13,0.0,19.302738,4.733631,1977
10148,r4i1p1f1,1977,10,14,2.788979980195771,19.559446,7.597136,1977
10149,r4i1p1f1,1977,10,15,17.389395226022792,7.513968,-0.3216374,1977
10150,r4i1p1f1,1977,10,16,0.0,10.716552,-2.649719,1977
10151,r4i1p1f1,1977,10,17,0.004581084969554653,12.692271,-0.28829762,1977
10152,r4i1p1f1,1977,10,18,0.0,12.482507,0.016742827,1977
10153,r4i1p1f1,1977,10,19,0.0,11.757566,0.029062677,1977
10154,r4i1p1f1,1977,10,20,0.0,13.8831415,-0.9123758,1977
10155,r4i1p1f1,1977,10,21,0.0,14.469426,1.7358097,1977
10156,r4i1p1f1,1977,10,22,0.0,15.91452,1.346833,1977
10157,r4i1p1f1,1977,10,23,0.0,15.224596,2.796953,1977
10158,r4i1p1f1,1977,10,24,0.0,13.575236,-1.4020165,1977
10159,r4i1p1f1,1977,10,25,0.0,12.179466,-2.2400088,1977
10160,r4i1p1f1,1977,10,26,0.0,13.49595,-0.8631208,1977
10161,r4i1p1f1,1977,10,27,0.0,16.05956,0.73239386,1977
10162,r4i1p1f1,1977,10,28,0.0,17.454695,2.3004377,1977
10163,r4i1p1f1,1977,10,29,0.0,16.22942,4.096067,1977
10164,r4i1p1f1,1977,10,30,0.0,11.66528,-2.6264057,1977
10165,r4i1p1f1,1977,10,31,0.0,10.380588,-3.907409,1977
10166,r4i1p1f1,1977,11,01,0.0,11.14151,-3.0104017,1977
10167,r4i1p1f1,1977,11,02,0.0,12.235116,-1.7149609,1977
10168,r4i1p1f1,1977,11,03,0.0,13.608477,-1.2677281,1977
10169,r4i1p1f1,1977,11,04,0.0,13.740583,-0.18529831,1977
10170,r4i1p1f1,1977,11,05,0.0,15.592305,0.44025826,1977
10171,r4i1p1f1,1977,11,06,0.0,16.831764,0.18941681,1977
10172,r4i1p1f1,1977,11,07,0.0,17.964891,2.8327692,1977
10173,r4i1p1f1,1977,11,08,0.0,18.926105,3.0516186,1977
10174,r4i1p1f1,1977,11,09,0.0,18.611267,3.1137474,1977
10175,r4i1p1f1,1977,11,10,0.0,16.99339,1.1103638,1977
10176,r4i1p1f1,1977,11,11,0.0,15.197495,2.666633,1977
10177,r4i1p1f1,1977,11,12,0.0,13.11877,2.1907396,1977
10178,r4i1p1f1,1977,11,13,0.0,12.028454,0.26765457,1977
10179,r4i1p1f1,1977,11,14,0.27649655426000097,9.930739,-1.1412346,1977
10180,r4i1p1f1,1977,11,15,7.100466977224403,4.633324,-4.4365535,1977
10181,r4i1p1f1,1977,11,16,0.9042292408705336,5.5663333,-5.9361777,1977
10182,r4i1p1f1,1977,11,17,0.0,10.623649,-6.042499,1977
10183,r4i1p1f1,1977,11,18,0.0,14.214236,-2.777565,1977
10184,r4i1p1f1,1977,11,19,0.0,14.23348,-0.20256698,1977
10185,r4i1p1f1,1977,11,20,0.0,11.1371355,2.064108,1977
10186,r4i1p1f1,1977,11,21,0.09635449540059923,8.563961,-3.5816998,1977
10187,r4i1p1f1,1977,11,22,21.164555162980488,8.206898,-2.4106755,1977
10188,r4i1p1f1,1977,11,23,76.98578767002269,2.7950091,-6.140188,1977
10189,r4i1p1f1,1977,11,24,0.0,-0.56483203,-10.567285,1977
10190,r4i1p1f1,1977,11,25,0.0,5.381474,-9.944239,1977
10191,r4i1p1f1,1977,11,26,0.0,10.455684,-5.6602983,1977
10192,r4i1p1f1,1977,11,27,0.0,9.982445,-2.9152467,1977
10193,r4i1p1f1,1977,11,28,0.0,8.190689,-1.032795,1977
10194,r4i1p1f1,1977,11,29,8.151263190481846,2.952938,-2.9973488,1977
10195,r4i1p1f1,1977,11,30,5.907314853496192,4.911835,-3.1535864,1977
10196,r4i1p1f1,1977,12,01,0.0,9.744802,-4.5485716,1977
10197,r4i1p1f1,1977,12,02,0.0,9.169217,-3.5687838,1977
10198,r4i1p1f1,1977,12,03,0.0,7.029977,-5.9081335,1977
10199,r4i1p1f1,1977,12,04,0.0,5.4411235,-6.6654224,1977
10200,r4i1p1f1,1977,12,05,0.0,7.101588,-6.2138557,1977
10201,r4i1p1f1,1977,12,06,0.0,9.8282,-4.2199373,1977
10202,r4i1p1f1,1977,12,07,0.0,12.743089,-0.42807144,1977
10203,r4i1p1f1,1977,12,08,0.0,13.283912,-1.8117466,1977
10204,r4i1p1f1,1977,12,09,0.0,14.057785,0.49426594,1977
10205,r4i1p1f1,1977,12,10,0.0,12.59742,-1.424569,1977
10206,r4i1p1f1,1977,12,11,0.0,10.170411,-1.7450929,1977
10207,r4i1p1f1,1977,12,12,0.0,9.366338,-2.3064716,1977
10208,r4i1p1f1,1977,12,13,0.0,12.027027,-0.39004683,1977
10209,r4i1p1f1,1977,12,14,0.0,14.288781,1.6916443,1977
10210,r4i1p1f1,1977,12,15,0.0,15.088874,1.5370347,1977
10211,r4i1p1f1,1977,12,16,0.0,15.947643,0.6571377,1977
10212,r4i1p1f1,1977,12,17,0.0,15.286915,0.9233387,1977
10213,r4i1p1f1,1977,12,18,0.0,15.580127,1.0308971,1977
10214,r4i1p1f1,1977,12,19,0.0,14.784492,2.1395175,1977
10215,r4i1p1f1,1977,12,20,0.47459905721083634,10.967733,-0.056163874,1977
10216,r4i1p1f1,1977,12,21,7.756911262032803,5.0285587,-3.4629517,1977
10217,r4i1p1f1,1977,12,22,0.0,8.292558,-4.5593896,1977
10218,r4i1p1f1,1977,12,23,8.782044274398501,7.309609,-4.5227175,1977
10219,r4i1p1f1,1977,12,24,0.0,5.293311,-6.2972593,1977
10220,r4i1p1f1,1977,12,25,0.0,5.372246,-6.581142,1977
10221,r4i1p1f1,1977,12,26,0.0,4.792378,-7.6285567,1977
10222,r4i1p1f1,1977,12,27,0.0,10.535591,-6.268637,1977
10223,r4i1p1f1,1977,12,28,1.8794707731700426,9.2717085,-4.4467936,1977
10224,r4i1p1f1,1977,12,29,0.0,-4.3331885,-15.6364355,1977
10225,r4i1p1f1,1977,12,30,19.91219065780014,-7.4039583,-14.022892,1977
10226,r4i1p1f1,1977,12,31,22.67127954106087,-7.6664634,-14.38579,1977
10227,r4i1p1f1,1978,01,01,0.0,-6.9831324,-20.158516,1978
10228,r4i1p1f1,1978,01,02,0.0,-6.1447344,-21.321041,1978
10229,r4i1p1f1,1978,01,03,0.0,1.2351745,-14.588293,1978
10230,r4i1p1f1,1978,01,04,0.0,3.363121,-9.54942,1978
10231,r4i1p1f1,1978,01,05,0.0,1.1105728,-9.8888645,1978
10232,r4i1p1f1,1978,01,06,0.0,0.20480263,-15.319418,1978
10233,r4i1p1f1,1978,01,07,0.0,1.6693916,-13.875469,1978
10234,r4i1p1f1,1978,01,08,0.0,4.064414,-13.062849,1978
10235,r4i1p1f1,1978,01,09,1.8021968400157324,2.7777896,-5.967062,1978
10236,r4i1p1f1,1978,01,10,8.00685720510725,1.0940548,-4.1015706,1978
10237,r4i1p1f1,1978,01,11,0.7322495785228144,2.8483527,-10.021294,1978
10238,r4i1p1f1,1978,01,12,0.0,2.9360557,-11.110986,1978
10239,r4i1p1f1,1978,01,13,1.0526676739544496,-0.11576332,-13.484485,1978
10240,r4i1p1f1,1978,01,14,10.395326044982536,3.651325,-5.4581714,1978
10241,r4i1p1f1,1978,01,15,4.437390869990101,3.3125858,-2.899064,1978
10242,r4i1p1f1,1978,01,16,0.0,5.6472635,-5.8684025,1978
10243,r4i1p1f1,1978,01,17,0.0,6.6943393,-6.3771963,1978
10244,r4i1p1f1,1978,01,18,0.0,6.5222545,-6.843185,1978
10245,r4i1p1f1,1978,01,19,0.0,7.477763,-5.688074,1978
10246,r4i1p1f1,1978,01,20,0.0,12.070626,-1.9925468,1978
10247,r4i1p1f1,1978,01,21,0.0,12.356769,-2.0207658,1978
10248,r4i1p1f1,1978,01,22,0.0,11.418344,-2.8642225,1978
10249,r4i1p1f1,1978,01,23,0.0,10.313006,-3.6196678,1978
10250,r4i1p1f1,1978,01,24,0.0,8.6797695,-3.7408442,1978
10251,r4i1p1f1,1978,01,25,0.0,10.241861,-4.5038543,1978
10252,r4i1p1f1,1978,01,26,0.004261602171068488,8.996294,-2.227039,1978
10253,r4i1p1f1,1978,01,27,0.025469810891608345,6.514753,-6.0445757,1978
10254,r4i1p1f1,1978,01,28,2.425819066259905,4.0328884,-6.3844748,1978
10255,r4i1p1f1,1978,01,29,0.0,7.69902,-7.329348,1978
10256,r4i1p1f1,1978,01,30,0.0,5.886885,-5.262524,1978
10257,r4i1p1f1,1978,01,31,0.0,7.987136,-7.6949787,1978
10258,r4i1p1f1,1978,02,01,0.0,8.845255,-3.345605,1978
10259,r4i1p1f1,1978,02,02,0.0,8.834831,-2.270339,1978
10260,r4i1p1f1,1978,02,03,3.215255382350552,5.063626,-1.9506303,1978
10261,r4i1p1f1,1978,02,04,1.9884615335306648,5.7046046,-4.6725335,1978
10262,r4i1p1f1,1978,02,05,24.568389653443145,3.5737865,-4.765492,1978
10263,r4i1p1f1,1978,02,06,1.837344931734081,3.887582,-5.4354663,1978
10264,r4i1p1f1,1978,02,07,0.0,8.333109,-5.8556094,1978
10265,r4i1p1f1,1978,02,08,0.0,10.922127,-4.0764456,1978
10266,r4i1p1f1,1978,02,09,0.0,10.143616,-1.9472048,1978
10267,r4i1p1f1,1978,02,10,1.6225512152184787,8.654753,-1.8886114,1978
10268,r4i1p1f1,1978,02,11,30.253999481057722,3.6520138,-6.1621037,1978
10269,r4i1p1f1,1978,02,12,0.0,5.223595,-7.522441,1978
10270,r4i1p1f1,1978,02,13,0.0,6.508692,-6.94631,1978
10271,r4i1p1f1,1978,02,14,0.0,10.508701,-5.3572254,1978
10272,r4i1p1f1,1978,02,15,0.0,9.243152,-2.9562438,1978
10273,r4i1p1f1,1978,02,16,6.221816893925098,1.9341753,-8.606846,1978
10274,r4i1p1f1,1978,02,17,0.1489069285495706,2.6797388,-9.4606495,1978
10275,r4i1p1f1,1978,02,18,0.0,5.540659,-7.183889,1978
10276,r4i1p1f1,1978,02,19,0.0,8.933623,-6.5859942,1978
10277,r4i1p1f1,1978,02,20,0.0,7.632231,-6.133388,1978
10278,r4i1p1f1,1978,02,21,0.03457903101382097,4.9731107,-4.811597,1978
10279,r4i1p1f1,1978,02,22,0.0,5.5361357,-6.3161235,1978
10280,r4i1p1f1,1978,02,23,0.0,6.805391,-6.9079776,1978
10281,r4i1p1f1,1978,02,24,0.0,8.596293,-4.340938,1978
10282,r4i1p1f1,1978,02,25,0.7594912886511482,7.316031,-2.7987897,1978
10283,r4i1p1f1,1978,02,26,0.0,8.128849,-5.18519,1978
10284,r4i1p1f1,1978,02,27,0.0,9.990516,-3.630292,1978
10285,r4i1p1f1,1978,02,28,0.0,8.648144,-3.2856574,1978
10286,r4i1p1f1,1978,03,01,0.0,8.31908,-5.8066816,1978
10287,r4i1p1f1,1978,03,02,0.0,10.373711,-4.596175,1978
10288,r4i1p1f1,1978,03,03,0.0,12.2004385,-3.9414563,1978
10289,r4i1p1f1,1978,03,04,0.0,11.765945,-4.198724,1978
10290,r4i1p1f1,1978,03,05,0.0,11.499541,-5.2701864,1978
10291,r4i1p1f1,1978,03,06,0.0,9.928782,-2.1857772,1978
10292,r4i1p1f1,1978,03,07,0.0,8.712395,-4.091435,1978
10293,r4i1p1f1,1978,03,08,0.0,8.130343,-6.409218,1978
10294,r4i1p1f1,1978,03,09,0.0,7.806895,-4.28162,1978
10295,r4i1p1f1,1978,03,10,0.0,7.996494,-5.2418237,1978
10296,r4i1p1f1,1978,03,11,18.2282145936316,4.981097,-4.323421,1978
10297,r4i1p1f1,1978,03,12,0.0,9.652653,-3.9767668,1978
10298,r4i1p1f1,1978,03,13,0.0,12.521321,-4.5467243,1978
10299,r4i1p1f1,1978,03,14,0.0,11.320852,-1.2044879,1978
10300,r4i1p1f1,1978,03,15,6.472449216510528,7.59982,-2.0944145,1978
10301,r4i1p1f1,1978,03,16,0.9967984874957722,5.348312,-6.130205,1978
10302,r4i1p1f1,1978,03,17,0.0,9.1785555,-7.9755225,1978
10303,r4i1p1f1,1978,03,18,0.0,9.252568,-6.1740656,1978
10304,r4i1p1f1,1978,03,19,0.31845887747068563,7.6310406,-4.8677626,1978
10305,r4i1p1f1,1978,03,20,0.6353484504829567,5.8134403,-7.08751,1978
10306,r4i1p1f1,1978,03,21,0.06687468717677905,12.419043,-4.0440755,1978
10307,r4i1p1f1,1978,03,22,0.0,14.267814,-1.3792462,1978
10308,r4i1p1f1,1978,03,23,0.0,15.678696,-0.38906267,1978
10309,r4i1p1f1,1978,03,24,0.0,18.657576,1.4559212,1978
10310,r4i1p1f1,1978,03,25,0.0,19.915636,3.4962475,1978
10311,r4i1p1f1,1978,03,26,0.0,19.529549,5.493463,1978
10312,r4i1p1f1,1978,03,27,0.0,18.17425,2.380937,1978
10313,r4i1p1f1,1978,03,28,0.0,15.583605,1.4993811,1978
10314,r4i1p1f1,1978,03,29,3.4738888564965755,10.612254,-3.3489788,1978
10315,r4i1p1f1,1978,03,30,12.376897251870846,1.0914505,-5.960817,1978
10316,r4i1p1f1,1978,03,31,3.231807923873115,0.52105653,-10.389548,1978
10317,r4i1p1f1,1978,04,01,17.895255853449378,-0.57660776,-10.354047,1978
10318,r4i1p1f1,1978,04,02,0.07283499037909608,1.5097036,-11.350658,1978
10319,r4i1p1f1,1978,04,03,19.12072934700193,-2.4122808,-11.683211,1978
10320,r4i1p1f1,1978,04,04,0.0,-0.38098827,-14.103548,1978
10321,r4i1p1f1,1978,04,05,0.019519246784902737,1.4617865,-11.216203,1978
10322,r4i1p1f1,1978,04,06,0.0,4.162724,-12.317301,1978
10323,r4i1p1f1,1978,04,07,0.0,9.044013,-7.102941,1978
10324,r4i1p1f1,1978,04,08,0.0,11.961948,-3.2172837,1978
10325,r4i1p1f1,1978,04,09,0.0,13.615699,0.754016,1978
10326,r4i1p1f1,1978,04,10,0.0,13.41144,1.4587073,1978
10327,r4i1p1f1,1978,04,11,0.0,12.996221,-2.9020956,1978
10328,r4i1p1f1,1978,04,12,0.0,14.630091,-1.6070728,1978
10329,r4i1p1f1,1978,04,13,0.0,17.154879,1.3909835,1978
10330,r4i1p1f1,1978,04,14,0.8981348253137061,14.951069,-0.28293166,1978
10331,r4i1p1f1,1978,04,15,1.1426599063237337,10.379661,-0.2450141,1978
10332,r4i1p1f1,1978,04,16,4.109109543121093,7.705348,-4.6362395,1978
10333,r4i1p1f1,1978,04,17,29.83951888255758,4.8186936,-8.47529,1978
10334,r4i1p1f1,1978,04,18,33.273410963366544,-2.8615193,-11.835084,1978
10335,r4i1p1f1,1978,04,19,13.567610160706826,-2.2204037,-12.371679,1978
10336,r4i1p1f1,1978,04,20,7.983546628548534,-1.2082895,-13.647975,1978
10337,r4i1p1f1,1978,04,21,8.293974561264109e-05,4.8829813,-10.052409,1978
10338,r4i1p1f1,1978,04,22,0.0,5.681878,-9.002384,1978
10339,r4i1p1f1,1978,04,23,3.6071948507360587,2.2123396,-9.290197,1978
10340,r4i1p1f1,1978,04,24,5.896093534579347,-1.4839807,-9.200491,1978
10341,r4i1p1f1,1978,04,25,1.1462186396290248,3.1051252,-7.655891,1978
10342,r4i1p1f1,1978,04,26,0.0,8.027661,-2.649314,1978
10343,r4i1p1f1,1978,04,27,0.0,11.906005,-4.0897727,1978
10344,r4i1p1f1,1978,04,28,0.0,13.830485,-0.8894026,1978
10345,r4i1p1f1,1978,04,29,0.0,13.566079,-0.79121715,1978
10346,r4i1p1f1,1978,04,30,0.0,12.802761,0.030295255,1978
10347,r4i1p1f1,1978,05,01,0.011387650389487674,12.086419,-0.56596595,1978
10348,r4i1p1f1,1978,05,02,0.0,14.242375,-0.9879756,1978
10349,r4i1p1f1,1978,05,03,0.0,16.6162,1.8239013,1978
10350,r4i1p1f1,1978,05,04,0.0,15.96294,2.9758322,1978
10351,r4i1p1f1,1978,05,05,0.021930484941895055,14.0745325,2.4485364,1978
10352,r4i1p1f1,1978,05,06,0.0,15.122857,0.4176762,1978
10353,r4i1p1f1,1978,05,07,1.3305568841746398,14.634045,0.95899117,1978
10354,r4i1p1f1,1978,05,08,0.34255503602228465,15.002574,2.0490239,1978
10355,r4i1p1f1,1978,05,09,0.0,16.374977,1.9836361,1978
10356,r4i1p1f1,1978,05,10,0.0,14.877678,1.1548332,1978
10357,r4i1p1f1,1978,05,11,0.0,12.840371,-0.786297,1978
10358,r4i1p1f1,1978,05,12,0.0,14.515666,-0.8347948,1978
10359,r4i1p1f1,1978,05,13,0.0,14.865191,0.82229614,1978
10360,r4i1p1f1,1978,05,14,0.0,14.020383,2.6415095,1978
10361,r4i1p1f1,1978,05,15,0.0,16.03961,2.459505,1978
10362,r4i1p1f1,1978,05,16,0.0,18.902935,3.2332122,1978
10363,r4i1p1f1,1978,05,17,0.0,20.371655,4.6908417,1978
10364,r4i1p1f1,1978,05,18,0.0,21.443531,5.7232294,1978
10365,r4i1p1f1,1978,05,19,0.0,21.27204,5.9506593,1978
10366,r4i1p1f1,1978,05,20,0.07059772759420334,20.648764,7.0312967,1978
10367,r4i1p1f1,1978,05,21,0.0012379657341234757,18.364367,4.5627217,1978
10368,r4i1p1f1,1978,05,22,0.02964541556171934,9.656269,-0.38472828,1978
10369,r4i1p1f1,1978,05,23,0.0,15.7992935,0.46987757,1978
10370,r4i1p1f1,1978,05,24,0.0,16.812962,4.340408,1978
10371,r4i1p1f1,1978,05,25,0.0,15.881503,4.6495085,1978
10372,r4i1p1f1,1978,05,26,0.0,18.005806,3.7710896,1978
10373,r4i1p1f1,1978,05,27,0.0,20.449236,5.862099,1978
10374,r4i1p1f1,1978,05,28,0.0,22.06569,6.9447904,1978
10375,r4i1p1f1,1978,05,29,0.4690291420598746,23.064058,8.147351,1978
10376,r4i1p1f1,1978,05,30,2.831020087611596,23.081903,8.516416,1978
10377,r4i1p1f1,1978,05,31,0.47195106674969717,19.758263,7.971146,1978
10378,r4i1p1f1,1978,06,01,1.6752143361422258,15.799448,4.3243213,1978
10379,r4i1p1f1,1978,06,02,4.558012579658005,8.9794235,0.572967,1978
10380,r4i1p1f1,1978,06,03,0.8272633387465388,9.097532,0.1290199,1978
10381,r4i1p1f1,1978,06,04,2.347096155907372,9.036236,1.7574308,1978
10382,r4i1p1f1,1978,06,05,1.1128806187486806,9.68335,-5.013529,1978
10383,r4i1p1f1,1978,06,06,0.0,15.901402,-0.0039525097,1978
10384,r4i1p1f1,1978,06,07,0.6968507803560391,13.37643,3.8147414,1978
10385,r4i1p1f1,1978,06,08,0.0,14.713552,1.7874615,1978
10386,r4i1p1f1,1978,06,09,0.0,16.56321,2.947344,1978
10387,r4i1p1f1,1978,06,10,0.0,19.477451,4.5034027,1978
10388,r4i1p1f1,1978,06,11,0.0,20.5661,5.2241416,1978
10389,r4i1p1f1,1978,06,12,0.0,22.029493,6.8755665,1978
10390,r4i1p1f1,1978,06,13,0.0,21.813131,6.371059,1978
10391,r4i1p1f1,1978,06,14,0.0,18.553349,4.116719,1978
10392,r4i1p1f1,1978,06,15,0.0,16.426332,3.9467826,1978
10393,r4i1p1f1,1978,06,16,0.11504585405640995,16.961863,1.4009001,1978
10394,r4i1p1f1,1978,06,17,0.0,19.852242,4.5563374,1978
10395,r4i1p1f1,1978,06,18,0.0,20.811129,6.8111773,1978
10396,r4i1p1f1,1978,06,19,0.0,20.185688,6.515701,1978
10397,r4i1p1f1,1978,06,20,0.0,19.672918,3.5663414,1978
10398,r4i1p1f1,1978,06,21,0.0,21.237867,5.5510077,1978
10399,r4i1p1f1,1978,06,22,0.0,22.888771,7.7340903,1978
10400,r4i1p1f1,1978,06,23,0.0,24.0333,8.798409,1978
10401,r4i1p1f1,1978,06,24,0.0,23.912222,8.4732275,1978
10402,r4i1p1f1,1978,06,25,0.0,22.562908,7.3461323,1978
10403,r4i1p1f1,1978,06,26,0.0,21.75711,7.2580953,1978
10404,r4i1p1f1,1978,06,27,0.0,21.47529,6.413671,1978
10405,r4i1p1f1,1978,06,28,0.0,21.25199,6.1702003,1978
10406,r4i1p1f1,1978,06,29,0.0,23.07132,7.596477,1978
10407,r4i1p1f1,1978,06,30,0.0,25.772514,8.865089,1978
10408,r4i1p1f1,1978,07,01,0.0,26.074862,11.244246,1978
10409,r4i1p1f1,1978,07,02,0.08739279871500978,25.046062,10.648437,1978
10410,r4i1p1f1,1978,07,03,0.0,20.92899,6.6320457,1978
10411,r4i1p1f1,1978,07,04,0.0,17.561567,5.0920277,1978
10412,r4i1p1f1,1978,07,05,0.0,22.337957,5.666092,1978
10413,r4i1p1f1,1978,07,06,0.0,24.944336,8.56013,1978
10414,r4i1p1f1,1978,07,07,0.0,25.235064,9.573625,1978
10415,r4i1p1f1,1978,07,08,0.0,25.786215,10.003311,1978
10416,r4i1p1f1,1978,07,09,0.0,25.558636,10.0570545,1978
10417,r4i1p1f1,1978,07,10,0.0,26.628479,9.497756,1978
10418,r4i1p1f1,1978,07,11,0.0,26.159294,9.717863,1978
10419,r4i1p1f1,1978,07,12,0.0,25.6717,11.156922,1978
10420,r4i1p1f1,1978,07,13,0.0,26.659636,10.512876,1978
10421,r4i1p1f1,1978,07,14,0.11777999581797027,25.860012,11.5602,1978
10422,r4i1p1f1,1978,07,15,0.0034373399103060365,23.95491,10.412119,1978
10423,r4i1p1f1,1978,07,16,0.0,23.465048,9.569648,1978
10424,r4i1p1f1,1978,07,17,0.0,22.230433,9.345244,1978
10425,r4i1p1f1,1978,07,18,0.0025028827477971355,21.256363,7.8842916,1978
10426,r4i1p1f1,1978,07,19,0.0,21.264965,7.0632625,1978
10427,r4i1p1f1,1978,07,20,0.0,25.784433,8.8614235,1978
10428,r4i1p1f1,1978,07,21,0.0,28.112001,11.575721,1978
10429,r4i1p1f1,1978,07,22,0.0,29.67605,13.221491,1978
10430,r4i1p1f1,1978,07,23,0.0,29.658667,13.863141,1978
10431,r4i1p1f1,1978,07,24,0.1462542534258261,29.023678,13.219784,1978
10432,r4i1p1f1,1978,07,25,0.08974325751070074,28.50639,13.277967,1978
10433,r4i1p1f1,1978,07,26,0.6585733820688864,27.994274,13.007413,1978
10434,r4i1p1f1,1978,07,27,0.606556614255424,27.276264,12.044397,1978
10435,r4i1p1f1,1978,07,28,0.0,27.566147,11.415319,1978
10436,r4i1p1f1,1978,07,29,0.0,27.419601,11.144863,1978
10437,r4i1p1f1,1978,07,30,0.0,26.853842,11.088969,1978
10438,r4i1p1f1,1978,07,31,0.0,26.416666,12.983268,1978
10439,r4i1p1f1,1978,08,01,0.0,27.492441,11.081207,1978
10440,r4i1p1f1,1978,08,02,0.0,27.35557,13.252463,1978
10441,r4i1p1f1,1978,08,03,0.0,27.93439,12.823256,1978
10442,r4i1p1f1,1978,08,04,0.551158869282155,27.33804,13.126793,1978
10443,r4i1p1f1,1978,08,05,0.00010565411466978726,25.502125,11.329055,1978
10444,r4i1p1f1,1978,08,06,1.0372781768987456,24.862928,9.972627,1978
10445,r4i1p1f1,1978,08,07,3.747357108172908,24.744347,10.01309,1978
10446,r4i1p1f1,1978,08,08,4.301447938283524,23.553944,10.238121,1978
10447,r4i1p1f1,1978,08,09,4.684753494566744,22.409594,9.5239725,1978
10448,r4i1p1f1,1978,08,10,3.552964178127765,22.679152,8.471863,1978
10449,r4i1p1f1,1978,08,11,0.05082607985557398,23.042988,7.7694125,1978
10450,r4i1p1f1,1978,08,12,1.0869660910771533,23.892942,9.238179,1978
10451,r4i1p1f1,1978,08,13,1.6382571878078607,23.13259,9.803674,1978
10452,r4i1p1f1,1978,08,14,0.0,23.543098,8.06344,1978
10453,r4i1p1f1,1978,08,15,0.0,27.397758,9.670903,1978
10454,r4i1p1f1,1978,08,16,0.0,28.49065,11.900541,1978
10455,r4i1p1f1,1978,08,17,0.018079469664700802,27.519226,12.957646,1978
10456,r4i1p1f1,1978,08,18,0.0,25.03971,10.00697,1978
10457,r4i1p1f1,1978,08,19,0.0,20.777864,5.876937,1978
10458,r4i1p1f1,1978,08,20,0.0,21.448864,3.4600532,1978
10459,r4i1p1f1,1978,08,21,0.0,23.398308,6.0401783,1978
10460,r4i1p1f1,1978,08,22,0.0,24.226202,7.913201,1978
10461,r4i1p1f1,1978,08,23,0.0,24.250599,8.170122,1978
10462,r4i1p1f1,1978,08,24,0.0,24.365889,8.217245,1978
10463,r4i1p1f1,1978,08,25,0.0,25.085905,8.2342415,1978
10464,r4i1p1f1,1978,08,26,0.0,24.54215,9.354473,1978
10465,r4i1p1f1,1978,08,27,0.03796289242331014,24.8047,9.086274,1978
10466,r4i1p1f1,1978,08,28,0.001552688538379192,23.230803,7.8929095,1978
10467,r4i1p1f1,1978,08,29,0.0,22.461096,5.7996764,1978
10468,r4i1p1f1,1978,08,30,0.0,24.015738,7.552022,1978
10469,r4i1p1f1,1978,08,31,0.0,24.058802,7.28478,1978
10470,r4i1p1f1,1978,09,01,0.0,23.27547,7.743098,1978
10471,r4i1p1f1,1978,09,02,0.0,22.06531,6.58322,1978
10472,r4i1p1f1,1978,09,03,0.0,22.061176,6.096028,1978
10473,r4i1p1f1,1978,09,04,0.0,21.593933,6.882722,1978
10474,r4i1p1f1,1978,09,05,0.0,21.042524,6.2611785,1978
10475,r4i1p1f1,1978,09,06,0.0,21.129488,6.1156116,1978
10476,r4i1p1f1,1978,09,07,0.0,21.220304,5.886093,1978
10477,r4i1p1f1,1978,09,08,0.0,18.920448,6.114915,1978
10478,r4i1p1f1,1978,09,09,0.0,18.772,3.8284023,1978
10479,r4i1p1f1,1978,09,10,0.0,21.727339,4.4967785,1978
10480,r4i1p1f1,1978,09,11,0.0,21.71535,5.817961,1978
10481,r4i1p1f1,1978,09,12,0.0,23.872757,7.5670247,1978
10482,r4i1p1f1,1978,09,13,0.0,25.772825,8.896984,1978
10483,r4i1p1f1,1978,09,14,0.0,25.219263,9.604435,1978
10484,r4i1p1f1,1978,09,15,0.0,23.06124,9.023002,1978
10485,r4i1p1f1,1978,09,16,0.0,19.917263,5.0852575,1978
10486,r4i1p1f1,1978,09,17,0.0,18.29989,4.885119,1978
10487,r4i1p1f1,1978,09,18,0.0,14.906758,0.20042081,1978
10488,r4i1p1f1,1978,09,19,0.0,8.071131,-3.89872,1978
10489,r4i1p1f1,1978,09,20,0.0,6.3781877,-5.7816706,1978
10490,r4i1p1f1,1978,09,21,0.0,11.11124,-5.237662,1978
10491,r4i1p1f1,1978,09,22,0.0,15.705292,-0.7402897,1978
10492,r4i1p1f1,1978,09,23,0.0,19.656588,2.2890222,1978
10493,r4i1p1f1,1978,09,24,0.0,21.22655,5.696524,1978
10494,r4i1p1f1,1978,09,25,0.0,19.791025,6.2733846,1978
10495,r4i1p1f1,1978,09,26,0.0,15.19675,1.2254367,1978
10496,r4i1p1f1,1978,09,27,0.0,14.288588,0.029757883,1978
10497,r4i1p1f1,1978,09,28,0.0,15.052634,-0.44216284,1978
10498,r4i1p1f1,1978,09,29,0.0,19.067616,2.8571658,1978
10499,r4i1p1f1,1978,09,30,0.0,21.716959,4.847456,1978
10500,r4i1p1f1,1978,10,01,0.0,22.861036,6.798278,1978
10501,r4i1p1f1,1978,10,02,0.0,22.991447,6.9708576,1978
10502,r4i1p1f1,1978,10,03,0.0,22.743204,7.399694,1978
10503,r4i1p1f1,1978,10,04,0.0,23.96055,7.801715,1978
10504,r4i1p1f1,1978,10,05,0.0,24.577711,8.284185,1978
10505,r4i1p1f1,1978,10,06,0.0,24.527842,8.229636,1978
10506,r4i1p1f1,1978,10,07,0.0,22.707817,9.992056,1978
10507,r4i1p1f1,1978,10,08,0.0,18.736803,5.149356,1978
10508,r4i1p1f1,1978,10,09,0.0,20.274948,4.6078,1978
10509,r4i1p1f1,1978,10,10,0.0,21.441187,7.259341,1978
10510,r4i1p1f1,1978,10,11,0.0,22.477999,6.8293805,1978
10511,r4i1p1f1,1978,10,12,0.10782344697666991,21.76461,7.0699034,1978
10512,r4i1p1f1,1978,10,13,0.011189107554522237,18.37775,6.780521,1978
10513,r4i1p1f1,1978,10,14,0.0,15.552753,0.04008318,1978
10514,r4i1p1f1,1978,10,15,0.0,12.641664,-1.2336675,1978
10515,r4i1p1f1,1978,10,16,0.0,12.740414,-3.066604,1978
10516,r4i1p1f1,1978,10,17,0.0,13.433992,-1.5153409,1978
10517,r4i1p1f1,1978,10,18,0.0,11.21181,-3.812146,1978
10518,r4i1p1f1,1978,10,19,0.0,8.9939785,-4.026029,1978
10519,r4i1p1f1,1978,10,20,0.0,7.176815,-5.981271,1978
10520,r4i1p1f1,1978,10,21,0.0,6.5610375,-7.057587,1978
10521,r4i1p1f1,1978,10,22,2.183829570509359,6.0880275,-4.5005727,1978
10522,r4i1p1f1,1978,10,23,0.0,9.907772,-6.7399426,1978
10523,r4i1p1f1,1978,10,24,0.0,8.979027,-1.3411568,1978
10524,r4i1p1f1,1978,10,25,0.0,8.240626,-5.0831184,1978
10525,r4i1p1f1,1978,10,26,0.0,7.384823,-4.3133597,1978
10526,r4i1p1f1,1978,10,27,1.3649277491950007,6.6442404,-3.8997297,1978
10527,r4i1p1f1,1978,10,28,14.139683745781431,6.3768373,-2.4445336,1978
10528,r4i1p1f1,1978,10,29,0.648657313148641,10.901592,-3.0126903,1978
10529,r4i1p1f1,1978,10,30,0.0,14.935381,-1.9988555,1978
10530,r4i1p1f1,1978,10,31,0.0,13.839926,-0.2936683,1978
10531,r4i1p1f1,1978,11,01,0.8121258105582382,11.657695,0.18950519,1978
10532,r4i1p1f1,1978,11,02,0.0,6.090483,-4.687293,1978
10533,r4i1p1f1,1978,11,03,0.0,9.539915,-4.2913237,1978
10534,r4i1p1f1,1978,11,04,0.0,10.619714,-3.1838326,1978
10535,r4i1p1f1,1978,11,05,0.0,10.255429,-1.948375,1978
10536,r4i1p1f1,1978,11,06,0.0,13.081392,-2.3148189,1978
10537,r4i1p1f1,1978,11,07,0.0,13.694324,-1.48125,1978
10538,r4i1p1f1,1978,11,08,0.0,14.085675,0.9698101,1978
10539,r4i1p1f1,1978,11,09,5.979774722477713,16.33229,4.677644,1978
10540,r4i1p1f1,1978,11,10,0.6595726399572664,8.045147,0.6089373,1978
10541,r4i1p1f1,1978,11,11,0.2851161262248558,10.213978,-2.1025424,1978
10542,r4i1p1f1,1978,11,12,0.0,11.0510645,-3.4509587,1978
10543,r4i1p1f1,1978,11,13,0.0,9.614902,-3.7031248,1978
10544,r4i1p1f1,1978,11,14,0.0,8.364237,-3.7697732,1978
10545,r4i1p1f1,1978,11,15,0.0,10.129165,-3.9804425,1978
10546,r4i1p1f1,1978,11,16,0.0,11.274461,-3.5017593,1978
10547,r4i1p1f1,1978,11,17,0.0,12.474531,-2.5376973,1978
10548,r4i1p1f1,1978,11,18,0.0,14.304662,-1.0699477,1978
10549,r4i1p1f1,1978,11,19,0.0,12.941303,-1.3775462,1978
10550,r4i1p1f1,1978,11,20,0.0,10.740722,0.012360517,1978
10551,r4i1p1f1,1978,11,21,0.0,8.615387,-4.1637354,1978
10552,r4i1p1f1,1978,11,22,0.0,10.786505,-4.2593684,1978
10553,r4i1p1f1,1978,11,23,0.0,10.257413,-2.5013816,1978
10554,r4i1p1f1,1978,11,24,0.0,12.286793,-2.2963297,1978
10555,r4i1p1f1,1978,11,25,0.0,17.276386,1.3973911,1978
10556,r4i1p1f1,1978,11,26,0.0,17.601671,2.4019337,1978
10557,r4i1p1f1,1978,11,27,11.940508374309049,21.443125,8.616014,1978
10558,r4i1p1f1,1978,11,28,0.0,10.225977,1.9194807,1978
10559,r4i1p1f1,1978,11,29,4.9813298204514975,12.621134,2.5610754,1978
10560,r4i1p1f1,1978,11,30,6.083086373234943,9.61836,-2.2655296,1978
10561,r4i1p1f1,1978,12,01,0.0,11.839379,-0.91184926,1978
10562,r4i1p1f1,1978,12,02,0.0,13.019924,-0.86754966,1978
10563,r4i1p1f1,1978,12,03,0.0,11.454406,0.43412277,1978
10564,r4i1p1f1,1978,12,04,0.0,12.488228,-1.3756506,1978
10565,r4i1p1f1,1978,12,05,0.0,11.998563,-0.013137127,1978
10566,r4i1p1f1,1978,12,06,0.0,11.339493,-1.238385,1978
10567,r4i1p1f1,1978,12,07,0.0,9.924736,-2.3317351,1978
10568,r4i1p1f1,1978,12,08,0.0,7.8748994,-3.057825,1978
10569,r4i1p1f1,1978,12,09,0.06790415977343298,7.152811,-1.8406502,1978
10570,r4i1p1f1,1978,12,10,15.329944548129664,4.644783,-2.3193529,1978
10571,r4i1p1f1,1978,12,11,40.736225880239985,0.5002636,-7.126903,1978
10572,r4i1p1f1,1978,12,12,42.5999553718739,0.73146003,-9.897168,1978
10573,r4i1p1f1,1978,12,13,0.0,1.5949583,-12.323022,1978
10574,r4i1p1f1,1978,12,14,53.55269782813013,3.5202343,-6.0235534,1978
10575,r4i1p1f1,1978,12,15,8.874072718441411,1.7142663,-7.6180224,1978
10576,r4i1p1f1,1978,12,16,0.0,3.0256846,-10.8664665,1978
10577,r4i1p1f1,1978,12,17,0.0,6.3046637,-7.156829,1978
10578,r4i1p1f1,1978,12,18,0.0,7.6755366,-6.8991127,1978
10579,r4i1p1f1,1978,12,19,0.0,9.982058,-2.7006428,1978
10580,r4i1p1f1,1978,12,20,0.0,11.799851,-1.5104109,1978
10581,r4i1p1f1,1978,12,21,0.0,9.718856,-0.61329573,1978
10582,r4i1p1f1,1978,12,22,0.0,9.886716,-2.8560517,1978
10583,r4i1p1f1,1978,12,23,0.0,11.938877,-1.999518,1978
10584,r4i1p1f1,1978,12,24,0.0,11.269711,-1.0686973,1978
10585,r4i1p1f1,1978,12,25,0.0,8.614104,-4.815573,1978
10586,r4i1p1f1,1978,12,26,0.0,4.316492,-6.0188594,1978
10587,r4i1p1f1,1978,12,27,0.0,8.296015,-6.480496,1978
10588,r4i1p1f1,1978,12,28,0.0,9.778997,-2.4966607,1978
10589,r4i1p1f1,1978,12,29,0.0,8.898157,-1.8851709,1978
10590,r4i1p1f1,1978,12,30,0.0,9.184486,-3.3355057,1978
10591,r4i1p1f1,1978,12,31,0.0,10.329833,-1.3893855,1978
10592,r4i1p1f1,1979,01,01,0.0,12.478169,0.17257138,1979
10593,r4i1p1f1,1979,01,02,4.298598463369198,9.490589,0.2228678,1979
10594,r4i1p1f1,1979,01,03,40.7418628030444,4.5789733,-1.1972994,1979
10595,r4i1p1f1,1979,01,04,8.502538954836872,2.8588414,-5.849821,1979
10596,r4i1p1f1,1979,01,05,21.3291180822619,-1.7110904,-7.034364,1979
10597,r4i1p1f1,1979,01,06,9.657011917522029,-4.1139693,-13.424084,1979
10598,r4i1p1f1,1979,01,07,0.0,-2.1878743,-13.76779,1979
10599,r4i1p1f1,1979,01,08,0.0,-3.243494,-16.240513,1979
10600,r4i1p1f1,1979,01,09,0.0,-0.64169216,-13.539532,1979
10601,r4i1p1f1,1979,01,10,0.0,2.1784775,-11.026931,1979
10602,r4i1p1f1,1979,01,11,0.0,5.247127,-8.612396,1979
10603,r4i1p1f1,1979,01,12,0.0,7.703737,-5.6522145,1979
10604,r4i1p1f1,1979,01,13,0.0,6.0458884,-1.545928,1979
10605,r4i1p1f1,1979,01,14,0.19778437272426794,5.541942,-1.9765984,1979
10606,r4i1p1f1,1979,01,15,0.0,6.700851,-5.7082424,1979
10607,r4i1p1f1,1979,01,16,0.0,9.251304,-5.243415,1979
10608,r4i1p1f1,1979,01,17,0.0,8.832493,-4.7674637,1979
10609,r4i1p1f1,1979,01,18,0.0,7.4355245,-5.2126102,1979
10610,r4i1p1f1,1979,01,19,0.0,5.6117754,-5.8325505,1979
10611,r4i1p1f1,1979,01,20,0.0,8.387095,-4.7441645,1979
10612,r4i1p1f1,1979,01,21,0.0,8.526307,-4.212211,1979
10613,r4i1p1f1,1979,01,22,0.0,10.256317,-3.010261,1979
10614,r4i1p1f1,1979,01,23,0.0,10.968564,-2.4107234,1979
10615,r4i1p1f1,1979,01,24,0.0,12.04334,-1.5983967,1979
10616,r4i1p1f1,1979,01,25,0.0,13.014615,0.31317464,1979
10617,r4i1p1f1,1979,01,26,0.0,12.00634,0.38997978,1979
10618,r4i1p1f1,1979,01,27,0.0,12.118197,-1.3262401,1979
10619,r4i1p1f1,1979,01,28,4.049034087413793,9.190164,0.20249967,1979
10620,r4i1p1f1,1979,01,29,2.9961370580410374,2.8447626,-5.602823,1979
10621,r4i1p1f1,1979,01,30,0.0,4.276478,-7.6654043,1979
10622,r4i1p1f1,1979,01,31,0.6327407884712627,1.83031,-9.52717,1979
10623,r4i1p1f1,1979,02,01,0.8734149967531925,1.9216135,-8.846696,1979
10624,r4i1p1f1,1979,02,02,0.0,5.323733,-7.0342135,1979
10625,r4i1p1f1,1979,02,03,0.0,9.372748,-7.747528,1979
10626,r4i1p1f1,1979,02,04,0.0,10.389997,-1.1949979,1979
10627,r4i1p1f1,1979,02,05,0.0,9.0440645,-1.5355102,1979
10628,r4i1p1f1,1979,02,06,0.6534449515479187,6.934299,-4.5232286,1979
10629,r4i1p1f1,1979,02,07,4.932632542424545,4.585059,-5.811903,1979
10630,r4i1p1f1,1979,02,08,0.0,6.618373,-5.7712507,1979
10631,r4i1p1f1,1979,02,09,0.0,6.204176,-2.348408,1979
10632,r4i1p1f1,1979,02,10,0.0,9.05583,-3.2567105,1979
10633,r4i1p1f1,1979,02,11,0.0,11.5437,-1.5655029,1979
10634,r4i1p1f1,1979,02,12,0.0,14.339663,-1.2652026,1979
10635,r4i1p1f1,1979,02,13,0.0,13.887214,-0.013203064,1979
10636,r4i1p1f1,1979,02,14,0.0,13.387736,0.2098582,1979
10637,r4i1p1f1,1979,02,15,0.0,10.185306,-1.9745442,1979
10638,r4i1p1f1,1979,02,16,0.0,7.0444407,-5.9917135,1979
10639,r4i1p1f1,1979,02,17,0.0,8.132075,-3.1575155,1979
10640,r4i1p1f1,1979,02,18,0.0,9.256699,-4.9793563,1979
10641,r4i1p1f1,1979,02,19,0.0,8.235794,-5.3782215,1979
10642,r4i1p1f1,1979,02,20,0.0,10.29415,-4.075526,1979
10643,r4i1p1f1,1979,02,21,0.0,10.668366,-2.5099788,1979
10644,r4i1p1f1,1979,02,22,0.0,9.581469,-2.9619858,1979
10645,r4i1p1f1,1979,02,23,0.0,9.309501,-4.6277437,1979
10646,r4i1p1f1,1979,02,24,0.0,12.276141,-2.256712,1979
10647,r4i1p1f1,1979,02,25,0.0,12.9538555,-0.9317927,1979
10648,r4i1p1f1,1979,02,26,0.0,12.637255,-0.48133945,1979
10649,r4i1p1f1,1979,02,27,0.0,13.0561285,-0.64846313,1979
10650,r4i1p1f1,1979,02,28,0.0,13.05439,-0.26021406,1979
10651,r4i1p1f1,1979,03,01,0.3829642881487725,13.203007,0.25855792,1979
10652,r4i1p1f1,1979,03,02,28.242096677369847,7.7635403,-3.644838,1979
10653,r4i1p1f1,1979,03,03,1.7462224912139896,4.375689,-8.729206,1979
10654,r4i1p1f1,1979,03,04,0.0,10.592668,-5.7753534,1979
10655,r4i1p1f1,1979,03,05,11.580850527072915,6.3078504,-5.800641,1979
10656,r4i1p1f1,1979,03,06,6.1186527735380505,0.7560433,-7.6214876,1979
10657,r4i1p1f1,1979,03,07,8.240602350493786,3.6164012,-6.43938,1979
10658,r4i1p1f1,1979,03,08,8.724971162761051,3.968778,-4.919598,1979
10659,r4i1p1f1,1979,03,09,0.11297343264553039,6.805899,-7.6596513,1979
10660,r4i1p1f1,1979,03,10,2.6770882104723386,5.0433736,-4.4743443,1979
10661,r4i1p1f1,1979,03,11,0.0,12.3756485,-5.1777134,1979
10662,r4i1p1f1,1979,03,12,0.0,12.358735,-1.8607527,1979
10663,r4i1p1f1,1979,03,13,6.566514977396464,7.7651854,-6.8567314,1979
10664,r4i1p1f1,1979,03,14,2.626011071001257,-0.20861216,-10.062752,1979
10665,r4i1p1f1,1979,03,15,0.0,2.497152,-11.414332,1979
10666,r4i1p1f1,1979,03,16,14.848924316076047,-3.0300922,-11.07346,1979
10667,r4i1p1f1,1979,03,17,5.372657859194218,-1.0769984,-18.365788,1979
10668,r4i1p1f1,1979,03,18,0.3710243624692129,0.11254876,-13.515404,1979
10669,r4i1p1f1,1979,03,19,0.0,3.1172104,-13.256925,1979
10670,r4i1p1f1,1979,03,20,0.0,7.713881,-9.527136,1979
10671,r4i1p1f1,1979,03,21,0.0,7.4532695,-5.468499,1979
10672,r4i1p1f1,1979,03,22,0.010275966643220934,6.2765493,-7.698912,1979
10673,r4i1p1f1,1979,03,23,11.34784085386616,2.5375693,-6.478583,1979
10674,r4i1p1f1,1979,03,24,6.32294616581634,0.19461778,-12.839453,1979
10675,r4i1p1f1,1979,03,25,0.0,7.3376,-10.332371,1979
10676,r4i1p1f1,1979,03,26,0.0,11.432093,-6.8788714,1979
10677,r4i1p1f1,1979,03,27,0.0,15.132903,-1.2356977,1979
10678,r4i1p1f1,1979,03,28,0.0,17.385324,1.9685354,1979
10679,r4i1p1f1,1979,03,29,0.0,16.971739,4.1396976,1979
10680,r4i1p1f1,1979,03,30,17.864818383150205,10.943162,-4.534458,1979
10681,r4i1p1f1,1979,03,31,18.438024098505014,0.43323216,-9.883369,1979
10682,r4i1p1f1,1979,04,01,0.6976070527701872,4.036492,-12.131495,1979
10683,r4i1p1f1,1979,04,02,0.0,9.992457,-6.8723087,1979
10684,r4i1p1f1,1979,04,03,0.0,12.161188,-2.5067348,1979
10685,r4i1p1f1,1979,04,04,0.0,15.2626505,0.32647863,1979
10686,r4i1p1f1,1979,04,05,0.0,16.666409,0.13991122,1979
10687,r4i1p1f1,1979,04,06,0.0,17.429607,1.3741419,1979
10688,r4i1p1f1,1979,04,07,0.0,16.697416,3.96163,1979
10689,r4i1p1f1,1979,04,08,0.027679126103325933,15.587872,1.7994167,1979
10690,r4i1p1f1,1979,04,09,0.0012741051357486011,12.415577,0.7669242,1979
10691,r4i1p1f1,1979,04,10,0.0,12.004916,-1.3318915,1979
10692,r4i1p1f1,1979,04,11,0.0,11.895447,-1.2602105,1979
10693,r4i1p1f1,1979,04,12,0.0,15.5353,-1.029661,1979
10694,r4i1p1f1,1979,04,13,0.0,17.565712,2.226997,1979
10695,r4i1p1f1,1979,04,14,4.230829536897969,12.541387,-0.93486416,1979
10696,r4i1p1f1,1979,04,15,12.280962945249698,4.6567807,-8.124367,1979
10697,r4i1p1f1,1979,04,16,0.0,5.549175,-8.800127,1979
10698,r4i1p1f1,1979,04,17,0.0,9.446148,-5.9490886,1979
10699,r4i1p1f1,1979,04,18,0.0,12.079967,-2.4370654,1979
10700,r4i1p1f1,1979,04,19,0.0,14.49227,-1.6514213,1979
10701,r4i1p1f1,1979,04,20,0.0,14.211046,-0.32574275,1979
10702,r4i1p1f1,1979,04,21,0.0778377399095982,13.588144,-0.4609796,1979
10703,r4i1p1f1,1979,04,22,10.660116724245624,8.3018265,-1.7194756,1979
10704,r4i1p1f1,1979,04,23,0.0,11.100196,-3.8334239,1979
10705,r4i1p1f1,1979,04,24,0.0,11.979565,-2.6393225,1979
10706,r4i1p1f1,1979,04,25,0.0,14.735923,-1.1766582,1979
10707,r4i1p1f1,1979,04,26,0.0,16.006279,0.4685305,1979
10708,r4i1p1f1,1979,04,27,3.1591630478761457,10.468164,-3.141411,1979
10709,r4i1p1f1,1979,04,28,0.0865114457077677,10.599739,-1.641796,1979
10710,r4i1p1f1,1979,04,29,0.0,15.51697,-0.24926047,1979
10711,r4i1p1f1,1979,04,30,0.0,19.309963,3.6323004,1979
10712,r4i1p1f1,1979,05,01,0.0,20.19947,5.6376143,1979
10713,r4i1p1f1,1979,05,02,0.0,20.422354,5.062482,1979
10714,r4i1p1f1,1979,05,03,0.0,19.52392,4.4476357,1979
10715,r4i1p1f1,1979,05,04,0.0,16.723883,3.1781287,1979
10716,r4i1p1f1,1979,05,05,0.0,11.129005,-2.4977756,1979
10717,r4i1p1f1,1979,05,06,0.0,10.959429,-1.8802253,1979
10718,r4i1p1f1,1979,05,07,0.0,14.172023,-0.79394436,1979
10719,r4i1p1f1,1979,05,08,0.0,16.675913,0.8650879,1979
10720,r4i1p1f1,1979,05,09,0.0,16.637619,2.0248718,1979
10721,r4i1p1f1,1979,05,10,0.0,15.704369,1.8186033,1979
10722,r4i1p1f1,1979,05,11,2.946095589279995,11.257785,-1.0067855,1979
10723,r4i1p1f1,1979,05,12,11.134707262200658,7.3920956,-3.8178608,1979
10724,r4i1p1f1,1979,05,13,3.5811549217720824,9.280781,-5.651774,1979
10725,r4i1p1f1,1979,05,14,2.5194380586989653,13.466346,-1.7533017,1979
10726,r4i1p1f1,1979,05,15,0.40907063710257546,15.224516,0.521456,1979
10727,r4i1p1f1,1979,05,16,3.340993087822508,11.675152,1.1596801,1979
10728,r4i1p1f1,1979,05,17,0.8639464318927175,14.908947,1.3518544,1979
10729,r4i1p1f1,1979,05,18,0.0,16.270233,1.4601686,1979
10730,r4i1p1f1,1979,05,19,0.0,18.56463,3.266384,1979
10731,r4i1p1f1,1979,05,20,0.0,18.66888,4.2796555,1979
10732,r4i1p1f1,1979,05,21,0.02255065291429916,17.09986,4.9837193,1979
10733,r4i1p1f1,1979,05,22,0.02623808742389768,14.695834,1.4564856,1979
10734,r4i1p1f1,1979,05,23,1.5218186390566641,16.57341,2.5315795,1979
10735,r4i1p1f1,1979,05,24,30.66808905026336,16.304874,1.5269988,1979
10736,r4i1p1f1,1979,05,25,17.774277241778485,8.566415,-2.027563,1979
10737,r4i1p1f1,1979,05,26,2.35230795030446,10.12743,-1.2277297,1979
10738,r4i1p1f1,1979,05,27,0.0,12.330482,1.3573186,1979
10739,r4i1p1f1,1979,05,28,0.25259329964823196,11.999532,-0.4770555,1979
10740,r4i1p1f1,1979,05,29,0.0,13.060903,0.18607865,1979
10741,r4i1p1f1,1979,05,30,0.0,12.90717,-0.21723627,1979
10742,r4i1p1f1,1979,05,31,0.0,13.233853,-0.25671953,1979
10743,r4i1p1f1,1979,06,01,0.0,13.264363,-0.90761936,1979
10744,r4i1p1f1,1979,06,02,0.02220246821802059,11.760214,1.4612086,1979
10745,r4i1p1f1,1979,06,03,0.0,18.200186,2.5683768,1979
10746,r4i1p1f1,1979,06,04,0.0,23.446095,6.3019013,1979
10747,r4i1p1f1,1979,06,05,0.48361437515745714,22.925623,9.810221,1979
10748,r4i1p1f1,1979,06,06,0.051717801978988086,15.600678,7.508253,1979
10749,r4i1p1f1,1979,06,07,0.0,12.126806,-0.22087726,1979
10750,r4i1p1f1,1979,06,08,0.0,14.998354,-0.95199585,1979
10751,r4i1p1f1,1979,06,09,0.0,19.574368,2.6619163,1979
10752,r4i1p1f1,1979,06,10,0.0,22.401495,4.861,1979
10753,r4i1p1f1,1979,06,11,0.0,21.586826,6.602797,1979
10754,r4i1p1f1,1979,06,12,0.0,20.180103,5.216402,1979
10755,r4i1p1f1,1979,06,13,0.0,18.199385,4.630339,1979
10756,r4i1p1f1,1979,06,14,0.0,19.190136,3.664037,1979
10757,r4i1p1f1,1979,06,15,0.0,20.290846,4.7814503,1979
10758,r4i1p1f1,1979,06,16,0.0,22.927656,6.046627,1979
10759,r4i1p1f1,1979,06,17,0.0,25.12584,8.331293,1979
10760,r4i1p1f1,1979,06,18,0.0,25.229397,9.966285,1979
10761,r4i1p1f1,1979,06,19,0.0,25.273201,10.156682,1979
10762,r4i1p1f1,1979,06,20,0.0,25.537748,8.535094,1979
10763,r4i1p1f1,1979,06,21,0.0,25.281738,8.542924,1979
10764,r4i1p1f1,1979,06,22,0.0,26.316309,10.448136,1979
10765,r4i1p1f1,1979,06,23,0.0,25.525408,11.228154,1979
10766,r4i1p1f1,1979,06,24,0.0,22.453896,8.256109,1979
10767,r4i1p1f1,1979,06,25,0.0,24.409819,9.727342,1979
10768,r4i1p1f1,1979,06,26,0.0,25.60042,10.670415,1979
10769,r4i1p1f1,1979,06,27,0.0,26.29738,11.1618595,1979
10770,r4i1p1f1,1979,06,28,0.0,27.925665,11.019086,1979
10771,r4i1p1f1,1979,06,29,0.0,28.137972,12.760121,1979
10772,r4i1p1f1,1979,06,30,0.0,27.612398,12.266087,1979
10773,r4i1p1f1,1979,07,01,0.0,29.068136,12.494427,1979
10774,r4i1p1f1,1979,07,02,0.41127020359614536,29.764688,12.510812,1979
10775,r4i1p1f1,1979,07,03,0.0,29.216963,14.346768,1979
10776,r4i1p1f1,1979,07,04,0.004889969983295121,27.343798,14.760853,1979
10777,r4i1p1f1,1979,07,05,0.0,26.316961,12.281727,1979
10778,r4i1p1f1,1979,07,06,0.011174591169671505,25.299568,11.6954155,1979
10779,r4i1p1f1,1979,07,07,0.0868362303737238,24.372337,9.631049,1979
10780,r4i1p1f1,1979,07,08,1.445336280713034,24.311892,10.602098,1979
10781,r4i1p1f1,1979,07,09,0.33859751878052896,23.13827,9.955386,1979
10782,r4i1p1f1,1979,07,10,0.6992588869441665,22.511974,8.278063,1979
10783,r4i1p1f1,1979,07,11,1.0404845902505826,23.268984,9.015568,1979
10784,r4i1p1f1,1979,07,12,0.024364759439563118,24.607674,8.795518,1979
10785,r4i1p1f1,1979,07,13,0.0,24.91621,9.52984,1979
10786,r4i1p1f1,1979,07,14,0.0,25.32241,10.018918,1979
10787,r4i1p1f1,1979,07,15,0.45010468730812564,25.314594,10.25026,1979
10788,r4i1p1f1,1979,07,16,2.733327251734495,24.250786,11.128541,1979
10789,r4i1p1f1,1979,07,17,0.0,24.947855,9.852321,1979
10790,r4i1p1f1,1979,07,18,0.0,25.805124,10.570619,1979
10791,r4i1p1f1,1979,07,19,0.0,25.68031,10.165009,1979
10792,r4i1p1f1,1979,07,20,0.0,25.393944,9.693302,1979
10793,r4i1p1f1,1979,07,21,0.0,24.938183,9.370031,1979
10794,r4i1p1f1,1979,07,22,0.0,25.31574,10.190166,1979
10795,r4i1p1f1,1979,07,23,0.0,25.090406,11.0599985,1979
10796,r4i1p1f1,1979,07,24,0.0,23.21634,8.8414755,1979
10797,r4i1p1f1,1979,07,25,0.0,23.091124,8.895698,1979
10798,r4i1p1f1,1979,07,26,0.0,25.675447,8.606374,1979
10799,r4i1p1f1,1979,07,27,0.0,27.782001,10.2747135,1979
10800,r4i1p1f1,1979,07,28,0.0,27.277218,12.350742,1979
10801,r4i1p1f1,1979,07,29,0.0,26.436836,10.697482,1979
10802,r4i1p1f1,1979,07,30,0.0,26.027542,10.252506,1979
10803,r4i1p1f1,1979,07,31,0.0,26.251451,10.110744,1979
10804,r4i1p1f1,1979,08,01,0.0,26.721926,10.137765,1979
10805,r4i1p1f1,1979,08,02,0.015118801043810305,27.089663,11.514813,1979
10806,r4i1p1f1,1979,08,03,0.0,27.637743,12.188299,1979
10807,r4i1p1f1,1979,08,04,0.0,28.036457,11.199033,1979
10808,r4i1p1f1,1979,08,05,0.0,28.85149,12.175817,1979
10809,r4i1p1f1,1979,08,06,0.0,29.244543,12.365587,1979
10810,r4i1p1f1,1979,08,07,0.0,29.112062,11.990198,1979
10811,r4i1p1f1,1979,08,08,0.0,28.790173,12.084501,1979
10812,r4i1p1f1,1979,08,09,0.0,27.63076,12.058817,1979
10813,r4i1p1f1,1979,08,10,0.0,26.48447,12.207639,1979
10814,r4i1p1f1,1979,08,11,0.0,26.47652,10.390487,1979
10815,r4i1p1f1,1979,08,12,0.0,26.873144,11.41455,1979
10816,r4i1p1f1,1979,08,13,0.10918002191491687,26.254532,11.410031,1979
10817,r4i1p1f1,1979,08,14,0.00655144722752981,25.589012,11.120636,1979
10818,r4i1p1f1,1979,08,15,1.027007159305925,24.59835,10.160056,1979
10819,r4i1p1f1,1979,08,16,1.7525811593057625,21.127417,8.603146,1979
10820,r4i1p1f1,1979,08,17,0.6080664170775688,21.923355,7.1732163,1979
10821,r4i1p1f1,1979,08,18,0.7488846483164505,22.410646,8.296135,1979
10822,r4i1p1f1,1979,08,19,0.10433655367141992,21.553303,5.541999,1979
10823,r4i1p1f1,1979,08,20,0.0,20.7788,6.798486,1979
10824,r4i1p1f1,1979,08,21,0.0,19.39816,3.4467344,1979
10825,r4i1p1f1,1979,08,22,0.0,22.00109,5.120643,1979
10826,r4i1p1f1,1979,08,23,0.0,23.850933,7.6791577,1979
10827,r4i1p1f1,1979,08,24,0.0,26.108248,9.313826,1979
10828,r4i1p1f1,1979,08,25,0.0,28.293402,11.561141,1979
10829,r4i1p1f1,1979,08,26,0.0,30.806108,13.557184,1979
10830,r4i1p1f1,1979,08,27,0.0,31.085136,14.808586,1979
10831,r4i1p1f1,1979,08,28,0.0,29.722475,13.728535,1979
10832,r4i1p1f1,1979,08,29,0.02808430425957587,26.6812,11.776311,1979
10833,r4i1p1f1,1979,08,30,0.0,25.559597,10.81925,1979
10834,r4i1p1f1,1979,08,31,0.0,24.993368,8.8194275,1979
10835,r4i1p1f1,1979,09,01,0.0,25.527426,9.117996,1979
10836,r4i1p1f1,1979,09,02,0.0,24.963465,10.365918,1979
10837,r4i1p1f1,1979,09,03,0.0,22.73276,7.9345016,1979
10838,r4i1p1f1,1979,09,04,0.0,18.373055,3.497769,1979
10839,r4i1p1f1,1979,09,05,0.0,16.983324,1.3006699,1979
10840,r4i1p1f1,1979,09,06,0.0,21.920475,4.3449106,1979
10841,r4i1p1f1,1979,09,07,0.0,24.308455,7.045005,1979
10842,r4i1p1f1,1979,09,08,0.0,23.714249,8.234571,1979
10843,r4i1p1f1,1979,09,09,0.0,22.283262,6.6038938,1979
10844,r4i1p1f1,1979,09,10,0.0,20.973745,5.627126,1979
10845,r4i1p1f1,1979,09,11,0.0,22.464449,6.572844,1979
10846,r4i1p1f1,1979,09,12,0.0,23.96662,7.28449,1979
10847,r4i1p1f1,1979,09,13,0.0,23.000484,7.518617,1979
10848,r4i1p1f1,1979,09,14,0.0,23.731937,7.719876,1979
10849,r4i1p1f1,1979,09,15,0.0,23.57744,8.686326,1979
10850,r4i1p1f1,1979,09,16,0.0,22.462,8.079746,1979
10851,r4i1p1f1,1979,09,17,0.0,21.313211,6.1012335,1979
10852,r4i1p1f1,1979,09,18,0.0007473363891892911,20.153263,4.9405036,1979
10853,r4i1p1f1,1979,09,19,0.09389563031153272,15.360141,1.1890832,1979
10854,r4i1p1f1,1979,09,20,0.0,18.009567,2.681754,1979
10855,r4i1p1f1,1979,09,21,0.0,21.73921,5.4953194,1979
10856,r4i1p1f1,1979,09,22,0.0,23.716927,6.888076,1979
10857,r4i1p1f1,1979,09,23,0.0,24.968987,7.973428,1979
10858,r4i1p1f1,1979,09,24,0.0,25.124298,8.981355,1979
10859,r4i1p1f1,1979,09,25,0.0,24.768118,9.11722,1979
10860,r4i1p1f1,1979,09,26,0.25035577529369185,23.654228,9.009559,1979
10861,r4i1p1f1,1979,09,27,0.051788375259912256,20.517786,8.283017,1979
10862,r4i1p1f1,1979,09,28,0.12846753695951796,21.762234,5.4892445,1979
10863,r4i1p1f1,1979,09,29,0.0,22.769333,6.0444455,1979
10864,r4i1p1f1,1979,09,30,0.0024245415244786685,22.03978,7.7601414,1979
10865,r4i1p1f1,1979,10,01,4.447834430280488,16.946884,1.5339223,1979
10866,r4i1p1f1,1979,10,02,0.0492987622785049,3.8546782,-6.635792,1979
10867,r4i1p1f1,1979,10,03,0.0,10.012432,-5.9426866,1979
10868,r4i1p1f1,1979,10,04,0.0,14.952308,-1.7930577,1979
10869,r4i1p1f1,1979,10,05,0.0,18.273197,1.9330043,1979
10870,r4i1p1f1,1979,10,06,0.0,20.48643,4.356126,1979
10871,r4i1p1f1,1979,10,07,0.0,22.167248,5.5727844,1979
10872,r4i1p1f1,1979,10,08,0.0,23.108124,6.4585266,1979
10873,r4i1p1f1,1979,10,09,0.0,23.374233,7.2708244,1979
10874,r4i1p1f1,1979,10,10,0.0,23.90508,7.123428,1979
10875,r4i1p1f1,1979,10,11,0.0,22.889832,7.396743,1979
10876,r4i1p1f1,1979,10,12,0.0,20.010073,6.2873015,1979
10877,r4i1p1f1,1979,10,13,0.0,15.757025,2.7158709,1979
10878,r4i1p1f1,1979,10,14,0.0,16.937037,0.705305,1979
10879,r4i1p1f1,1979,10,15,0.0,19.0986,2.930125,1979
10880,r4i1p1f1,1979,10,16,0.0,18.855593,4.0839314,1979
10881,r4i1p1f1,1979,10,17,0.0,20.37663,4.263702,1979
10882,r4i1p1f1,1979,10,18,0.0,20.565222,5.163382,1979
10883,r4i1p1f1,1979,10,19,0.0,22.788351,6.5314465,1979
10884,r4i1p1f1,1979,10,20,0.0,24.15328,7.726043,1979
10885,r4i1p1f1,1979,10,21,0.0,25.30421,8.124907,1979
10886,r4i1p1f1,1979,10,22,0.0,26.23609,8.622472,1979
10887,r4i1p1f1,1979,10,23,0.0,25.86889,8.766276,1979
10888,r4i1p1f1,1979,10,24,0.0,24.229279,9.00659,1979
10889,r4i1p1f1,1979,10,25,0.0,24.14077,8.1991,1979
10890,r4i1p1f1,1979,10,26,0.0,24.168083,7.855109,1979
10891,r4i1p1f1,1979,10,27,0.0,24.148132,8.15191,1979
10892,r4i1p1f1,1979,10,28,0.0,23.25833,6.887576,1979
10893,r4i1p1f1,1979,10,29,0.0,22.192833,6.023958,1979
10894,r4i1p1f1,1979,10,30,0.0,20.302828,6.1242104,1979
10895,r4i1p1f1,1979,10,31,0.0,19.240498,3.408081,1979
10896,r4i1p1f1,1979,11,01,0.0,20.405983,5.0899024,1979
10897,r4i1p1f1,1979,11,02,0.0,18.764881,5.1512585,1979
10898,r4i1p1f1,1979,11,03,0.0,15.707708,2.5685065,1979
10899,r4i1p1f1,1979,11,04,0.0,14.736901,0.15158682,1979
10900,r4i1p1f1,1979,11,05,0.0,12.857679,1.8786553,1979
10901,r4i1p1f1,1979,11,06,0.012232251641787251,10.895538,-0.96427435,1979
10902,r4i1p1f1,1979,11,07,5.046705554021305,8.724802,-1.4138918,1979
10903,r4i1p1f1,1979,11,08,14.578764810046703,3.0188706,-5.3455925,1979
10904,r4i1p1f1,1979,11,09,25.205246161941304,1.2143267,-6.7185025,1979
10905,r4i1p1f1,1979,11,10,0.6882510246941357,5.346138,-8.517618,1979
10906,r4i1p1f1,1979,11,11,22.47338357662816,4.839487,-5.5835958,1979
10907,r4i1p1f1,1979,11,12,23.97425979869946,3.4420288,-2.9933422,1979
10908,r4i1p1f1,1979,11,13,2.958121099619261,4.6862226,-4.923547,1979
10909,r4i1p1f1,1979,11,14,0.0,8.314259,-8.163893,1979
10910,r4i1p1f1,1979,11,15,0.0,9.498881,-7.179742,1979
10911,r4i1p1f1,1979,11,16,8.452821690722857,9.390661,-1.9256153,1979
10912,r4i1p1f1,1979,11,17,42.89676916713898,2.79818,-2.9525893,1979
10913,r4i1p1f1,1979,11,18,0.8548840435269759,5.9146137,-6.830068,1979
10914,r4i1p1f1,1979,11,19,0.0,10.894705,-5.612878,1979
10915,r4i1p1f1,1979,11,20,0.0,12.802433,-2.8440466,1979
10916,r4i1p1f1,1979,11,21,0.0,12.524176,-1.99432,1979
10917,r4i1p1f1,1979,11,22,0.0,13.296177,-0.7932374,1979
10918,r4i1p1f1,1979,11,23,0.0,14.549454,-1.1610823,1979
10919,r4i1p1f1,1979,11,24,0.0,13.448296,-0.96729183,1979
10920,r4i1p1f1,1979,11,25,0.0,12.769147,-1.9745852,1979
10921,r4i1p1f1,1979,11,26,0.0,14.103739,-1.7043734,1979
10922,r4i1p1f1,1979,11,27,0.0,13.663218,-1.781475,1979
10923,r4i1p1f1,1979,11,28,0.0,11.645691,-1.0652683,1979
10924,r4i1p1f1,1979,11,29,0.014617220852608324,9.776563,-3.2328048,1979
10925,r4i1p1f1,1979,11,30,0.0,8.699041,-3.5080602,1979
10926,r4i1p1f1,1979,12,01,0.0,10.586458,-1.3987526,1979
10927,r4i1p1f1,1979,12,02,0.0,10.514249,-1.3551333,1979
10928,r4i1p1f1,1979,12,03,0.44459716819344736,8.490093,-1.2272899,1979
10929,r4i1p1f1,1979,12,04,0.0,9.066432,-3.3036253,1979
10930,r4i1p1f1,1979,12,05,0.1448719750931979,7.536385,-1.7877775,1979
10931,r4i1p1f1,1979,12,06,0.8424637189637819,5.806467,-4.081179,1979
10932,r4i1p1f1,1979,12,07,0.0,10.363149,-2.604708,1979
10933,r4i1p1f1,1979,12,08,0.0,13.990301,-0.5306976,1979
10934,r4i1p1f1,1979,12,09,0.1237768458685427,11.996309,0.5216194,1979
10935,r4i1p1f1,1979,12,10,0.8155983334389564,6.6467047,-4.605152,1979
10936,r4i1p1f1,1979,12,11,0.0,9.001969,-3.849752,1979
10937,r4i1p1f1,1979,12,12,0.0,7.6555567,-1.2448182,1979
10938,r4i1p1f1,1979,12,13,0.0,6.8393116,-1.5347073,1979
10939,r4i1p1f1,1979,12,14,0.0,11.870354,-2.343471,1979
10940,r4i1p1f1,1979,12,15,0.0,12.878038,-0.5896424,1979
10941,r4i1p1f1,1979,12,16,0.0,10.520742,-0.33548126,1979
10942,r4i1p1f1,1979,12,17,1.4239929880229418,7.569085,-3.4197848,1979
10943,r4i1p1f1,1979,12,18,4.574502713321676,3.9845164,-4.5490785,1979
10944,r4i1p1f1,1979,12,19,0.0,8.095988,-5.7379174,1979
10945,r4i1p1f1,1979,12,20,0.0,8.401983,-4.015483,1979
10946,r4i1p1f1,1979,12,21,0.0,8.363703,-4.137621,1979
10947,r4i1p1f1,1979,12,22,0.0,11.894145,-1.7261181,1979
10948,r4i1p1f1,1979,12,23,0.0,13.796991,1.0533222,1979
10949,r4i1p1f1,1979,12,24,0.0,14.79234,-0.1616804,1979
10950,r4i1p1f1,1979,12,25,0.0,14.488774,1.0847114,1979
10951,r4i1p1f1,1979,12,26,0.0,14.479167,1.643482,1979
10952,r4i1p1f1,1979,12,27,0.6605882010221422,12.536995,1.5749073,1979
10953,r4i1p1f1,1979,12,28,41.61748939353922,5.7397394,-0.70808786,1979
10954,r4i1p1f1,1979,12,29,16.43003342142202,5.0892277,-2.1945245,1979
10955,r4i1p1f1,1979,12,30,0.0,8.05583,-3.8981235,1979
10956,r4i1p1f1,1979,12,31,0.0,10.520959,-5.6451674,1979
10957,r4i1p1f1,1980,01,01,0.0,9.627395,-0.938868,1980
10958,r4i1p1f1,1980,01,02,6.130463871568899,5.4455357,-2.2153194,1980
10959,r4i1p1f1,1980,01,03,0.0,9.315547,-2.5482244,1980
10960,r4i1p1f1,1980,01,04,0.0,11.741433,-1.5400084,1980
10961,r4i1p1f1,1980,01,05,0.0,9.493999,-0.7533501,1980
10962,r4i1p1f1,1980,01,06,0.0,11.793454,-1.9432895,1980
10963,r4i1p1f1,1980,01,07,0.0,11.360281,-1.6380529,1980
10964,r4i1p1f1,1980,01,08,0.0,10.641097,-2.0238261,1980
10965,r4i1p1f1,1980,01,09,0.0,10.152053,-1.0800946,1980
10966,r4i1p1f1,1980,01,10,0.0,9.736123,-2.5774755,1980
10967,r4i1p1f1,1980,01,11,1.5938343152086982,7.018973,-3.5089056,1980
10968,r4i1p1f1,1980,01,12,22.275515009356216,3.3837388,-4.049529,1980
10969,r4i1p1f1,1980,01,13,30.89645594048706,-0.41901034,-5.805175,1980
10970,r4i1p1f1,1980,01,14,2.0328597900153738,-1.4582713,-9.039302,1980
10971,r4i1p1f1,1980,01,15,5.323750814054887,-1.9904412,-12.475072,1980
10972,r4i1p1f1,1980,01,16,0.3841962879104197,2.122446,-9.0949,1980
10973,r4i1p1f1,1980,01,17,0.0,2.505449,-12.238324,1980
10974,r4i1p1f1,1980,01,18,0.02736485406933658,-0.11099381,-11.022863,1980
10975,r4i1p1f1,1980,01,19,11.173627057141198,-5.9931965,-15.346903,1980
10976,r4i1p1f1,1980,01,20,8.210522745784603,-9.178078,-15.888267,1980
10977,r4i1p1f1,1980,01,21,0.14610020782079755,-9.866115,-20.569769,1980
10978,r4i1p1f1,1980,01,22,0.0,-5.01499,-22.577433,1980
10979,r4i1p1f1,1980,01,23,0.0,0.82373595,-15.066003,1980
10980,r4i1p1f1,1980,01,24,0.0,3.7713296,-8.035521,1980
10981,r4i1p1f1,1980,01,25,35.94004629359989,0.8290558,-5.7036877,1980
10982,r4i1p1f1,1980,01,26,20.238184959943617,1.0745242,-6.690694,1980
10983,r4i1p1f1,1980,01,27,0.0,4.368407,-12.8385,1980
10984,r4i1p1f1,1980,01,28,0.0,2.2778034,-6.7321906,1980
10985,r4i1p1f1,1980,01,29,27.39598088106562,-1.5965413,-10.976743,1980
10986,r4i1p1f1,1980,01,30,0.0,-3.0544014,-16.110224,1980
10987,r4i1p1f1,1980,01,31,0.0,-3.0294974,-16.766764,1980
10988,r4i1p1f1,1980,02,01,0.0,2.0120547,-13.828939,1980
10989,r4i1p1f1,1980,02,02,0.0,6.1376963,-7.464527,1980
10990,r4i1p1f1,1980,02,03,0.0,7.110387,-5.19036,1980
10991,r4i1p1f1,1980,02,04,8.889997049151315,1.4137422,-9.884864,1980
10992,r4i1p1f1,1980,02,05,0.0,1.2913938,-11.417511,1980
10993,r4i1p1f1,1980,02,06,0.0,8.384834,-5.1601725,1980
10994,r4i1p1f1,1980,02,07,0.0,9.193025,-5.429934,1980
10995,r4i1p1f1,1980,02,08,0.0,10.1853075,-2.7210555,1980
10996,r4i1p1f1,1980,02,09,0.0,10.299344,-4.970554,1980
10997,r4i1p1f1,1980,02,10,0.0,8.995123,-5.3637614,1980
10998,r4i1p1f1,1980,02,11,0.0,9.001241,-5.964602,1980
10999,r4i1p1f1,1980,02,12,0.0,6.774337,-4.1639614,1980
11000,r4i1p1f1,1980,02,13,18.170061949519358,1.7183523,-8.722945,1980
11001,r4i1p1f1,1980,02,14,32.211119797906726,-3.4885545,-9.644748,1980
11002,r4i1p1f1,1980,02,15,16.297213725452796,-4.413563,-13.327288,1980
11003,r4i1p1f1,1980,02,16,0.22047782853224732,-2.8452673,-10.710953,1980
11004,r4i1p1f1,1980,02,17,0.0,-1.3740276,-14.594882,1980
11005,r4i1p1f1,1980,02,18,0.635066060111642,-2.5510962,-15.706656,1980
11006,r4i1p1f1,1980,02,19,0.0,-4.7266765,-17.151575,1980
11007,r4i1p1f1,1980,02,20,0.0,-4.39739,-17.13219,1980
11008,r4i1p1f1,1980,02,21,0.010828407727592394,-4.174818,-13.936174,1980
11009,r4i1p1f1,1980,02,22,0.020038972546059925,-4.3075786,-15.64064,1980
11010,r4i1p1f1,1980,02,23,0.0,-3.6628857,-18.044346,1980
11011,r4i1p1f1,1980,02,24,2.226955669188537,-3.9957385,-13.33077,1980
11012,r4i1p1f1,1980,02,25,0.0,-2.1445544,-14.960621,1980
11013,r4i1p1f1,1980,02,26,0.0,0.84951925,-15.433862,1980
11014,r4i1p1f1,1980,02,27,0.0,-0.6034912,-12.563166,1980
11015,r4i1p1f1,1980,02,28,0.0,-2.7511888,-13.384781,1980
11016,r4i1p1f1,1980,02,29,0.0,-1.7426744,-13.249024,1980
11017,r4i1p1f1,1980,03,01,0.0,4.9977922,-11.110259,1980
11018,r4i1p1f1,1980,03,02,0.0,5.4462724,-8.396099,1980
11019,r4i1p1f1,1980,03,03,0.0,8.135424,-6.7317557,1980
11020,r4i1p1f1,1980,03,04,0.0,7.23199,-7.774774,1980
11021,r4i1p1f1,1980,03,05,0.0,6.4731693,-7.1220646,1980
11022,r4i1p1f1,1980,03,06,0.0,7.7891974,-7.726344,1980
11023,r4i1p1f1,1980,03,07,44.93372520301238,3.09028,-3.189285,1980
11024,r4i1p1f1,1980,03,08,10.382208374934166,4.6178856,-8.135193,1980
11025,r4i1p1f1,1980,03,09,15.819613247313347,3.3427503,-4.654995,1980
11026,r4i1p1f1,1980,03,10,26.1904748075018,3.0839682,-4.0651994,1980
11027,r4i1p1f1,1980,03,11,0.5870616447850293,8.036595,-4.562864,1980
11028,r4i1p1f1,1980,03,12,50.679520808467935,3.7346728,-3.217737,1980
11029,r4i1p1f1,1980,03,13,66.34564361518156,0.1369604,-5.7080855,1980
11030,r4i1p1f1,1980,03,14,48.44929944745969,-2.3046384,-8.466589,1980
11031,r4i1p1f1,1980,03,15,0.0,-0.67689365,-9.51872,1980
11032,r4i1p1f1,1980,03,16,0.0,1.9642041,-12.90012,1980
11033,r4i1p1f1,1980,03,17,0.0,8.416248,-9.672097,1980
11034,r4i1p1f1,1980,03,18,4.7003203932702515,5.0667005,-3.7686641,1980
11035,r4i1p1f1,1980,03,19,9.952410039564645,2.8161504,-7.7853384,1980
11036,r4i1p1f1,1980,03,20,0.0,7.804237,-7.4925804,1980
11037,r4i1p1f1,1980,03,21,3.751929651774828,3.6538055,-6.778803,1980
11038,r4i1p1f1,1980,03,22,0.19034535561994295,4.8941717,-5.409153,1980
11039,r4i1p1f1,1980,03,23,0.0,9.20581,-6.088879,1980
11040,r4i1p1f1,1980,03,24,0.00108192890855627,8.200619,-2.5078044,1980
11041,r4i1p1f1,1980,03,25,3.318798577553083,2.7215047,-5.0665464,1980
11042,r4i1p1f1,1980,03,26,0.0,10.861963,-4.7889204,1980
11043,r4i1p1f1,1980,03,27,0.0,12.808571,-2.9466767,1980
11044,r4i1p1f1,1980,03,28,0.0,11.878193,-0.5575076,1980
11045,r4i1p1f1,1980,03,29,0.0,12.072867,-1.990755,1980
11046,r4i1p1f1,1980,03,30,0.0,11.313548,-2.533228,1980
11047,r4i1p1f1,1980,03,31,6.179564525959966,7.5190578,-5.5517926,1980
11048,r4i1p1f1,1980,04,01,7.293160948246545,-1.9553043,-9.85097,1980
11049,r4i1p1f1,1980,04,02,0.8156590233751171,0.88395876,-12.596304,1980
11050,r4i1p1f1,1980,04,03,0.0,5.9863696,-8.489417,1980
11051,r4i1p1f1,1980,04,04,0.0,8.942961,-6.6011543,1980
11052,r4i1p1f1,1980,04,05,0.033334645559079945,7.2281103,-3.3625643,1980
11053,r4i1p1f1,1980,04,06,0.0,8.340782,-5.9885607,1980
11054,r4i1p1f1,1980,04,07,0.46001583510666,5.6191373,-5.993416,1980
11055,r4i1p1f1,1980,04,08,0.6047229154685478,1.5114417,-11.154937,1980
11056,r4i1p1f1,1980,04,09,0.0,10.178185,-5.2936344,1980
11057,r4i1p1f1,1980,04,10,0.0,12.605912,-0.98607,1980
11058,r4i1p1f1,1980,04,11,0.0,10.447383,0.54718375,1980
11059,r4i1p1f1,1980,04,12,2.3105384316525845,6.1685085,-6.2844944,1980
11060,r4i1p1f1,1980,04,13,0.0,8.251424,-6.818144,1980
11061,r4i1p1f1,1980,04,14,0.0,11.102716,-3.6586688,1980
11062,r4i1p1f1,1980,04,15,0.0,12.044982,-2.5599399,1980
11063,r4i1p1f1,1980,04,16,0.0,10.750439,-4.124207,1980
11064,r4i1p1f1,1980,04,17,0.0,7.2291164,-4.814416,1980
11065,r4i1p1f1,1980,04,18,0.0,7.566636,-6.6164618,1980
11066,r4i1p1f1,1980,04,19,0.0,11.333984,-2.722913,1980
11067,r4i1p1f1,1980,04,20,0.0,11.643099,-3.062373,1980
11068,r4i1p1f1,1980,04,21,0.0,10.386089,-3.5077531,1980
11069,r4i1p1f1,1980,04,22,0.04006808548146433,9.066613,-4.443195,1980
11070,r4i1p1f1,1980,04,23,0.0011990414416139347,5.9916797,-5.9672565,1980
11071,r4i1p1f1,1980,04,24,0.0,8.506837,-5.5784483,1980
11072,r4i1p1f1,1980,04,25,0.0,12.639259,-2.321274,1980
11073,r4i1p1f1,1980,04,26,0.0,16.45572,0.42159316,1980
11074,r4i1p1f1,1980,04,27,0.0,16.206154,2.7695599,1980
11075,r4i1p1f1,1980,04,28,0.024621440138514007,12.96742,2.547897,1980
11076,r4i1p1f1,1980,04,29,0.01736519106545768,10.57382,-1.152835,1980
11077,r4i1p1f1,1980,04,30,0.6160783668072253,5.8128133,-8.144349,1980
11078,r4i1p1f1,1980,05,01,0.0,8.293152,-4.474318,1980
11079,r4i1p1f1,1980,05,02,0.0,12.813195,-1.1536908,1980
11080,r4i1p1f1,1980,05,03,0.0,12.256579,-1.1278641,1980
11081,r4i1p1f1,1980,05,04,0.33955964226814567,10.388321,-2.4963245,1980
11082,r4i1p1f1,1980,05,05,1.173657844869243,8.736556,-0.93681884,1980
11083,r4i1p1f1,1980,05,06,0.46029238760412344,5.9370627,-2.580124,1980
11084,r4i1p1f1,1980,05,07,1.2934401400207824,4.0804105,-8.218588,1980
11085,r4i1p1f1,1980,05,08,12.175462701734803,0.870623,-6.896483,1980
11086,r4i1p1f1,1980,05,09,7.774655498535008,-1.5438575,-8.816138,1980
11087,r4i1p1f1,1980,05,10,0.5360291861943222,-2.5687819,-10.811049,1980
11088,r4i1p1f1,1980,05,11,0.0,5.652174,-8.247929,1980
11089,r4i1p1f1,1980,05,12,0.0,9.75209,-5.5003285,1980
11090,r4i1p1f1,1980,05,13,0.0,9.432807,-3.5616522,1980
11091,r4i1p1f1,1980,05,14,2.5916479932572547,7.4664316,-3.4129014,1980
11092,r4i1p1f1,1980,05,15,0.0,11.552298,-4.023468,1980
11093,r4i1p1f1,1980,05,16,0.0,9.573758,-1.7319143,1980
11094,r4i1p1f1,1980,05,17,0.0,8.242279,-4.4133677,1980
11095,r4i1p1f1,1980,05,18,1.2335324363769307,7.421834,-5.013364,1980
11096,r4i1p1f1,1980,05,19,13.095146388425075,4.2653418,-7.1408525,1980
11097,r4i1p1f1,1980,05,20,6.533090734780067,6.969236,-6.9710965,1980
11098,r4i1p1f1,1980,05,21,12.170383285035614,1.6125158,-7.385614,1980
11099,r4i1p1f1,1980,05,22,0.0,8.574716,-5.6777973,1980
11100,r4i1p1f1,1980,05,23,0.0,13.574316,-1.3829902,1980
11101,r4i1p1f1,1980,05,24,0.0,15.711453,0.47223073,1980
11102,r4i1p1f1,1980,05,25,0.0,17.559572,2.387007,1980
11103,r4i1p1f1,1980,05,26,0.0,18.094446,4.0596704,1980
11104,r4i1p1f1,1980,05,27,0.0,18.128323,3.835758,1980
11105,r4i1p1f1,1980,05,28,0.0,17.78203,3.8185754,1980
11106,r4i1p1f1,1980,05,29,0.0,18.61419,4.180304,1980
11107,r4i1p1f1,1980,05,30,0.0,17.960035,5.7993712,1980
11108,r4i1p1f1,1980,05,31,0.0,18.138084,2.893218,1980
11109,r4i1p1f1,1980,06,01,0.0,18.066956,3.748971,1980
11110,r4i1p1f1,1980,06,02,0.0,17.41946,2.2600214,1980
11111,r4i1p1f1,1980,06,03,0.0,15.767323,2.521353,1980
11112,r4i1p1f1,1980,06,04,19.991923364040513,8.558788,-3.4229522,1980
11113,r4i1p1f1,1980,06,05,0.0,15.980777,-1.5720565,1980
11114,r4i1p1f1,1980,06,06,0.0,22.520382,5.125053,1980
11115,r4i1p1f1,1980,06,07,0.0,26.48616,10.796878,1980
11116,r4i1p1f1,1980,06,08,0.5627055204161591,25.290533,12.501942,1980
11117,r4i1p1f1,1980,06,09,0.6917931485455746,22.721992,8.786747,1980
11118,r4i1p1f1,1980,06,10,0.03592922552162149,22.4403,8.303534,1980
11119,r4i1p1f1,1980,06,11,0.20347725502157382,21.262238,8.533167,1980
11120,r4i1p1f1,1980,06,12,0.1851253663331936,19.059391,6.930761,1980
11121,r4i1p1f1,1980,06,13,0.0,15.402079,3.449929,1980
11122,r4i1p1f1,1980,06,14,0.0,11.936225,-0.1788883,1980
11123,r4i1p1f1,1980,06,15,0.0,11.433399,0.74862355,1980
11124,r4i1p1f1,1980,06,16,0.0,15.570913,-0.8948457,1980
11125,r4i1p1f1,1980,06,17,0.0,19.191656,3.118531,1980
11126,r4i1p1f1,1980,06,18,0.0,18.08,4.058811,1980
11127,r4i1p1f1,1980,06,19,0.0,14.7932825,2.0353193,1980
11128,r4i1p1f1,1980,06,20,0.0,14.079079,-0.5183333,1980
11129,r4i1p1f1,1980,06,21,0.0,14.249491,-0.99778616,1980
11130,r4i1p1f1,1980,06,22,0.0,14.92429,0.8245822,1980
11131,r4i1p1f1,1980,06,23,0.0,15.553283,2.496439,1980
11132,r4i1p1f1,1980,06,24,0.0,18.73954,2.3702219,1980
11133,r4i1p1f1,1980,06,25,0.0,21.790476,6.210687,1980
11134,r4i1p1f1,1980,06,26,0.0,21.098257,7.3619866,1980
11135,r4i1p1f1,1980,06,27,0.0,19.305563,3.9108188,1980
11136,r4i1p1f1,1980,06,28,0.0,20.505882,5.205184,1980
11137,r4i1p1f1,1980,06,29,0.0,22.65095,7.0421,1980
11138,r4i1p1f1,1980,06,30,0.0,24.944983,8.530606,1980
11139,r4i1p1f1,1980,07,01,3.489535118570649,25.55832,10.310311,1980
11140,r4i1p1f1,1980,07,02,4.141253508355867,25.737572,10.30429,1980
11141,r4i1p1f1,1980,07,03,1.895070907988761,25.16978,9.828475,1980
11142,r4i1p1f1,1980,07,04,1.9741819785310544,25.254036,9.984543,1980
11143,r4i1p1f1,1980,07,05,0.013190712432094694,25.092573,9.790465,1980
11144,r4i1p1f1,1980,07,06,0.0,25.339884,10.632149,1980
11145,r4i1p1f1,1980,07,07,0.0,24.522018,10.396156,1980
11146,r4i1p1f1,1980,07,08,0.0,22.806686,9.247303,1980
11147,r4i1p1f1,1980,07,09,1.230515339692298,21.625622,10.068212,1980
11148,r4i1p1f1,1980,07,10,9.774915389591847,22.01221,11.086292,1980
11149,r4i1p1f1,1980,07,11,26.52251171102227,21.845493,10.839076,1980
11150,r4i1p1f1,1980,07,12,23.80918503906978,19.874315,7.2963367,1980
11151,r4i1p1f1,1980,07,13,16.204123513425944,18.31705,7.5211177,1980
11152,r4i1p1f1,1980,07,14,5.799161821230232,19.701622,7.886481,1980
11153,r4i1p1f1,1980,07,15,0.7839900822648926,20.16723,6.820322,1980
11154,r4i1p1f1,1980,07,16,1.3849773652328536,21.831806,8.106017,1980
11155,r4i1p1f1,1980,07,17,0.025099883630209496,21.661556,8.154334,1980
11156,r4i1p1f1,1980,07,18,0.0,22.169588,8.459841,1980
11157,r4i1p1f1,1980,07,19,0.1360785625495313,22.58931,9.192127,1980
11158,r4i1p1f1,1980,07,20,0.0,22.10287,9.454941,1980
11159,r4i1p1f1,1980,07,21,0.012166486473330528,21.474524,7.4421873,1980
11160,r4i1p1f1,1980,07,22,0.0,20.009048,6.930041,1980
11161,r4i1p1f1,1980,07,23,0.0,19.997902,4.6904583,1980
11162,r4i1p1f1,1980,07,24,0.0,20.951914,6.204901,1980
11163,r4i1p1f1,1980,07,25,0.0,22.264814,7.1436563,1980
11164,r4i1p1f1,1980,07,26,0.0,23.962189,7.2767897,1980
11165,r4i1p1f1,1980,07,27,0.0,23.372011,8.438656,1980
11166,r4i1p1f1,1980,07,28,0.0,20.62179,5.4960136,1980
11167,r4i1p1f1,1980,07,29,0.29229437710801076,19.204042,4.602531,1980
11168,r4i1p1f1,1980,07,30,0.10265266720697545,18.83476,3.9521775,1980
11169,r4i1p1f1,1980,07,31,7.737021532912832,21.630995,9.146368,1980
11170,r4i1p1f1,1980,08,01,4.696486401970854,21.072685,8.893546,1980
11171,r4i1p1f1,1980,08,02,0.8892934621107339,23.09987,8.078877,1980
11172,r4i1p1f1,1980,08,03,1.1305675377358937,23.566517,7.084425,1980
11173,r4i1p1f1,1980,08,04,0.0,24.345774,7.74292,1980
11174,r4i1p1f1,1980,08,05,0.0,23.545546,9.592072,1980
11175,r4i1p1f1,1980,08,06,0.0,22.211792,6.061583,1980
11176,r4i1p1f1,1980,08,07,0.0,21.895174,6.5818357,1980
11177,r4i1p1f1,1980,08,08,0.0,21.38623,5.659078,1980
11178,r4i1p1f1,1980,08,09,0.0,20.897223,4.945115,1980
11179,r4i1p1f1,1980,08,10,0.0,21.64891,5.382009,1980
11180,r4i1p1f1,1980,08,11,0.0,22.944513,6.786115,1980
11181,r4i1p1f1,1980,08,12,0.0,23.877531,6.977653,1980
11182,r4i1p1f1,1980,08,13,0.0,24.101818,7.3654075,1980
11183,r4i1p1f1,1980,08,14,0.0,24.303532,7.643666,1980
11184,r4i1p1f1,1980,08,15,0.0,25.948963,8.895678,1980
11185,r4i1p1f1,1980,08,16,0.0,27.987524,10.225607,1980
11186,r4i1p1f1,1980,08,17,0.0,28.245255,11.190375,1980
11187,r4i1p1f1,1980,08,18,0.0,27.517797,11.469866,1980
11188,r4i1p1f1,1980,08,19,0.0,26.23124,10.030707,1980
11189,r4i1p1f1,1980,08,20,0.0,23.954107,8.56502,1980
11190,r4i1p1f1,1980,08,21,0.0,21.048817,5.9783583,1980
11191,r4i1p1f1,1980,08,22,0.0,16.846601,1.395526,1980
11192,r4i1p1f1,1980,08,23,0.0,22.96281,3.7694364,1980
11193,r4i1p1f1,1980,08,24,0.0,23.625324,7.665744,1980
11194,r4i1p1f1,1980,08,25,0.0,23.309626,7.472488,1980
11195,r4i1p1f1,1980,08,26,0.0,24.177397,6.9452715,1980
11196,r4i1p1f1,1980,08,27,0.0,24.158745,8.184108,1980
11197,r4i1p1f1,1980,08,28,0.0,24.919434,8.526673,1980
11198,r4i1p1f1,1980,08,29,0.0,25.085531,8.860023,1980
11199,r4i1p1f1,1980,08,30,0.0,24.711618,8.941791,1980
11200,r4i1p1f1,1980,08,31,0.008347762916637459,25.446634,10.071136,1980
11201,r4i1p1f1,1980,09,01,0.016603481584982906,25.041111,9.771248,1980
11202,r4i1p1f1,1980,09,02,0.20120578151466473,24.803694,8.63536,1980
11203,r4i1p1f1,1980,09,03,0.0,24.153114,8.796405,1980
11204,r4i1p1f1,1980,09,04,0.0,21.75958,6.890759,1980
11205,r4i1p1f1,1980,09,05,0.0,20.608313,4.259341,1980
11206,r4i1p1f1,1980,09,06,0.0,21.482752,5.5020776,1980
11207,r4i1p1f1,1980,09,07,0.0,21.999956,5.8135395,1980
11208,r4i1p1f1,1980,09,08,0.0,24.664024,7.6326036,1980
11209,r4i1p1f1,1980,09,09,0.0,26.972878,8.7235155,1980
11210,r4i1p1f1,1980,09,10,0.0,26.83432,9.045577,1980
11211,r4i1p1f1,1980,09,11,0.0,24.686686,10.536948,1980
11212,r4i1p1f1,1980,09,12,0.0,20.859068,6.063504,1980
11213,r4i1p1f1,1980,09,13,10.971935812672426,22.741018,8.749645,1980
11214,r4i1p1f1,1980,09,14,0.17531833919372944,11.618676,1.6339173,1980
11215,r4i1p1f1,1980,09,15,0.0,15.481238,2.839889,1980
11216,r4i1p1f1,1980,09,16,0.0,23.914257,5.3785043,1980
11217,r4i1p1f1,1980,09,17,0.0,26.329609,7.976706,1980
11218,r4i1p1f1,1980,09,18,0.0,26.123539,9.31556,1980
11219,r4i1p1f1,1980,09,19,0.0,25.16514,9.315673,1980
11220,r4i1p1f1,1980,09,20,0.02163013238438755,23.525003,9.3216715,1980
11221,r4i1p1f1,1980,09,21,0.22512758095386307,23.706081,8.037573,1980
11222,r4i1p1f1,1980,09,22,0.0,25.157906,8.256873,1980
11223,r4i1p1f1,1980,09,23,0.0,25.913542,9.255383,1980
11224,r4i1p1f1,1980,09,24,0.0,27.050661,9.428245,1980
11225,r4i1p1f1,1980,09,25,0.0,28.717663,10.57115,1980
11226,r4i1p1f1,1980,09,26,0.0,28.061104,10.880154,1980
11227,r4i1p1f1,1980,09,27,0.0,27.219519,9.849211,1980
11228,r4i1p1f1,1980,09,28,0.0,26.101397,8.567266,1980
11229,r4i1p1f1,1980,09,29,0.0,22.95349,7.1062717,1980
11230,r4i1p1f1,1980,09,30,0.0,21.72546,6.2879148,1980
11231,r4i1p1f1,1980,10,01,0.0,21.55781,7.367043,1980
11232,r4i1p1f1,1980,10,02,0.0,20.603622,5.8289137,1980
11233,r4i1p1f1,1980,10,03,0.0,19.218334,3.2024093,1980
11234,r4i1p1f1,1980,10,04,0.0,17.6082,3.3144631,1980
11235,r4i1p1f1,1980,10,05,0.0,15.989175,3.6953943,1980
11236,r4i1p1f1,1980,10,06,0.0,14.450086,0.7444565,1980
11237,r4i1p1f1,1980,10,07,0.14165570610861306,12.58626,-0.063737206,1980
11238,r4i1p1f1,1980,10,08,0.0,18.52302,1.1177167,1980
11239,r4i1p1f1,1980,10,09,0.0,21.94922,5.436334,1980
11240,r4i1p1f1,1980,10,10,0.0,19.377356,6.4065776,1980
11241,r4i1p1f1,1980,10,11,0.0,14.4557295,-0.9308955,1980
11242,r4i1p1f1,1980,10,12,0.0,16.279675,0.6722598,1980
11243,r4i1p1f1,1980,10,13,0.0,15.800291,3.3476844,1980
11244,r4i1p1f1,1980,10,14,0.0,17.258581,1.968296,1980
11245,r4i1p1f1,1980,10,15,0.0,19.180737,4.243958,1980
11246,r4i1p1f1,1980,10,16,0.0,21.464443,5.3726063,1980
11247,r4i1p1f1,1980,10,17,0.0,20.43626,5.171883,1980
11248,r4i1p1f1,1980,10,18,0.0,18.825056,3.2364395,1980
11249,r4i1p1f1,1980,10,19,0.0,18.178102,3.4241006,1980
11250,r4i1p1f1,1980,10,20,0.0,17.613045,3.3905587,1980
11251,r4i1p1f1,1980,10,21,0.0,16.25763,2.7614195,1980
11252,r4i1p1f1,1980,10,22,0.0,14.654262,2.10867,1980
11253,r4i1p1f1,1980,10,23,0.0,13.071832,-2.5609896,1980
11254,r4i1p1f1,1980,10,24,0.0,12.9805565,-2.6299915,1980
11255,r4i1p1f1,1980,10,25,0.0,13.132051,-1.9739609,1980
11256,r4i1p1f1,1980,10,26,0.0,15.560354,-0.8599121,1980
11257,r4i1p1f1,1980,10,27,0.0,17.34756,3.0671153,1980
11258,r4i1p1f1,1980,10,28,0.0,15.832517,2.796422,1980
11259,r4i1p1f1,1980,10,29,0.0,15.494621,0.3096292,1980
11260,r4i1p1f1,1980,10,30,0.0,18.962425,2.9642096,1980
11261,r4i1p1f1,1980,10,31,0.0,22.366129,5.8761396,1980
11262,r4i1p1f1,1980,11,01,0.0,23.744093,7.888904,1980
11263,r4i1p1f1,1980,11,02,0.0,21.485714,8.61512,1980
11264,r4i1p1f1,1980,11,03,0.0,19.114464,6.3920927,1980
11265,r4i1p1f1,1980,11,04,0.0,12.043171,-0.7373622,1980
11266,r4i1p1f1,1980,11,05,0.0,15.62272,-0.09425016,1980
11267,r4i1p1f1,1980,11,06,0.0,19.721151,3.4733205,1980
11268,r4i1p1f1,1980,11,07,0.0,19.737942,5.8555937,1980
11269,r4i1p1f1,1980,11,08,5.976787265827045,7.649583,-6.224777,1980
11270,r4i1p1f1,1980,11,09,0.908153176305242,-7.1208754,-13.3350115,1980
11271,r4i1p1f1,1980,11,10,2.5860201895059975,-5.903834,-16.110203,1980
11272,r4i1p1f1,1980,11,11,0.0,-0.1358198,-16.168997,1980
11273,r4i1p1f1,1980,11,12,0.0,8.559554,-8.475392,1980
11274,r4i1p1f1,1980,11,13,0.0,12.512379,-2.964935,1980
11275,r4i1p1f1,1980,11,14,0.0,11.314224,-0.51674485,1980
11276,r4i1p1f1,1980,11,15,1.4514775506211672,12.866669,0.56634074,1980
11277,r4i1p1f1,1980,11,16,2.372872763655685,11.215876,-1.2062848,1980
11278,r4i1p1f1,1980,11,17,4.346354882158044,7.8141317,-2.3342872,1980
11279,r4i1p1f1,1980,11,18,0.0,8.861967,-5.761489,1980
11280,r4i1p1f1,1980,11,19,0.040086883161589926,7.6921797,-3.3353078,1980
11281,r4i1p1f1,1980,11,20,0.0,1.2785069,-7.912409,1980
11282,r4i1p1f1,1980,11,21,7.076856229314093,1.6619188,-8.83174,1980
11283,r4i1p1f1,1980,11,22,53.827438355482506,1.5815377,-5.7376943,1980
11284,r4i1p1f1,1980,11,23,42.45952485970483,1.397933,-5.004518,1980
11285,r4i1p1f1,1980,11,24,2.3398622080954468,-0.6763863,-13.008623,1980
11286,r4i1p1f1,1980,11,25,3.2951022394273295,2.629825,-7.172525,1980
11287,r4i1p1f1,1980,11,26,0.0,7.8027306,-9.999727,1980
11288,r4i1p1f1,1980,11,27,0.0,10.541167,-5.870717,1980
11289,r4i1p1f1,1980,11,28,1.798090471849587,7.481725,0.79877627,1980
11290,r4i1p1f1,1980,11,29,0.06735456859317873,4.294441,-5.920959,1980
11291,r4i1p1f1,1980,11,30,0.0,9.848101,-7.5713296,1980
11292,r4i1p1f1,1980,12,01,0.0,12.4993925,-0.67807484,1980
11293,r4i1p1f1,1980,12,02,0.0,13.597121,-1.0248686,1980
11294,r4i1p1f1,1980,12,03,0.0,13.839539,-0.89834905,1980
11295,r4i1p1f1,1980,12,04,0.0,11.166169,0.5986094,1980
11296,r4i1p1f1,1980,12,05,0.0,7.4616365,-3.751907,1980
11297,r4i1p1f1,1980,12,06,0.0,7.6595283,-3.3835776,1980
11298,r4i1p1f1,1980,12,07,0.0,10.678189,-5.239747,1980
11299,r4i1p1f1,1980,12,08,0.0,9.086204,-4.860189,1980
11300,r4i1p1f1,1980,12,09,0.0,5.7261195,-6.2140117,1980
11301,r4i1p1f1,1980,12,10,0.0,7.7405868,-4.476524,1980
11302,r4i1p1f1,1980,12,11,0.0,11.426867,-1.946344,1980
11303,r4i1p1f1,1980,12,12,0.0,14.482973,-1.4869274,1980
11304,r4i1p1f1,1980,12,13,0.0,13.757645,0.24733089,1980
11305,r4i1p1f1,1980,12,14,0.24225883851827615,11.66084,0.6056809,1980
11306,r4i1p1f1,1980,12,15,0.7891666633794685,6.2989264,-2.612267,1980
11307,r4i1p1f1,1980,12,16,0.0,5.012152,-7.041483,1980
11308,r4i1p1f1,1980,12,17,0.2074237251028074,5.316934,-4.902068,1980
11309,r4i1p1f1,1980,12,18,0.0,9.090439,-5.30428,1980
11310,r4i1p1f1,1980,12,19,0.0,12.134635,-3.9436095,1980
11311,r4i1p1f1,1980,12,20,0.0,14.525965,1.0649989,1980
11312,r4i1p1f1,1980,12,21,0.0,12.214904,1.8941095,1980
11313,r4i1p1f1,1980,12,22,0.0,9.006979,-2.2793226,1980
11314,r4i1p1f1,1980,12,23,0.0,11.43001,-1.5671235,1980
11315,r4i1p1f1,1980,12,24,5.100040139074831,9.03394,0.49320763,1980
11316,r4i1p1f1,1980,12,25,26.76230899845271,0.95197046,-5.408528,1980
11317,r4i1p1f1,1980,12,26,5.236131170603507,0.11212034,-11.413488,1980
11318,r4i1p1f1,1980,12,27,0.0,-0.23038417,-13.313,1980
11319,r4i1p1f1,1980,12,28,0.0,-1.8522785,-13.129699,1980
11320,r4i1p1f1,1980,12,29,0.0,6.18602,-6.7584114,1980
11321,r4i1p1f1,1980,12,30,0.0,9.487698,-3.5285876,1980
11322,r4i1p1f1,1980,12,31,0.0,9.444508,-2.5020785,1980
11323,r4i1p1f1,1981,01,01,0.0,7.0676246,-5.1174245,1981
11324,r4i1p1f1,1981,01,02,0.0,4.6022596,-7.8175955,1981
11325,r4i1p1f1,1981,01,03,0.0,5.7963724,-7.251416,1981
11326,r4i1p1f1,1981,01,04,0.0,6.9850683,-5.2921376,1981
11327,r4i1p1f1,1981,01,05,0.09285785795512874,4.3312654,-7.424899,1981
11328,r4i1p1f1,1981,01,06,0.0,2.905649,-8.339152,1981
11329,r4i1p1f1,1981,01,07,0.0,5.5402126,-6.4092255,1981
11330,r4i1p1f1,1981,01,08,0.0,8.364655,-6.7728667,1981
11331,r4i1p1f1,1981,01,09,0.0,6.943897,-3.780162,1981
11332,r4i1p1f1,1981,01,10,0.0,6.5371766,-5.497316,1981
11333,r4i1p1f1,1981,01,11,0.0,10.154527,-4.355923,1981
11334,r4i1p1f1,1981,01,12,0.0,11.859773,-3.006164,1981
11335,r4i1p1f1,1981,01,13,0.0,10.317239,-2.751979,1981
11336,r4i1p1f1,1981,01,14,0.0,9.165466,-2.80101,1981
11337,r4i1p1f1,1981,01,15,0.0,9.567277,-3.536141,1981
11338,r4i1p1f1,1981,01,16,0.0,7.984968,-4.786833,1981
11339,r4i1p1f1,1981,01,17,0.0,10.09275,-3.5601978,1981
11340,r4i1p1f1,1981,01,18,0.0,11.87073,-3.133345,1981
11341,r4i1p1f1,1981,01,19,0.0,12.373508,-1.9331518,1981
11342,r4i1p1f1,1981,01,20,0.0,11.022017,-1.8167609,1981
11343,r4i1p1f1,1981,01,21,0.0,9.189127,-2.3302171,1981
11344,r4i1p1f1,1981,01,22,2.665977926868,1.5261003,-6.410773,1981
11345,r4i1p1f1,1981,01,23,5.669470212412237,-1.2461812,-7.9486403,1981
11346,r4i1p1f1,1981,01,24,0.0,2.7723687,-10.160465,1981
11347,r4i1p1f1,1981,01,25,0.0,3.5818765,-7.3518243,1981
11348,r4i1p1f1,1981,01,26,0.0,6.230483,-8.05374,1981
11349,r4i1p1f1,1981,01,27,0.0,11.833407,-5.1473007,1981
11350,r4i1p1f1,1981,01,28,0.0,12.785636,-1.5223118,1981
11351,r4i1p1f1,1981,01,29,0.0,11.569711,-0.011509891,1981
11352,r4i1p1f1,1981,01,30,0.0,10.627215,-3.1975868,1981
11353,r4i1p1f1,1981,01,31,0.0,11.282497,-1.8646922,1981
11354,r4i1p1f1,1981,02,01,0.022281682536499026,10.015022,0.08735312,1981
11355,r4i1p1f1,1981,02,02,0.0,8.872068,-4.221597,1981
11356,r4i1p1f1,1981,02,03,0.0,13.179183,-2.0629354,1981
11357,r4i1p1f1,1981,02,04,0.0,13.021019,0.80135065,1981
11358,r4i1p1f1,1981,02,05,25.53956077214988,7.9301214,-2.5550673,1981
11359,r4i1p1f1,1981,02,06,3.3738748653578767,1.8108187,-8.014395,1981
11360,r4i1p1f1,1981,02,07,0.0,5.108697,-10.908871,1981
11361,r4i1p1f1,1981,02,08,15.015620463374978,3.1456425,-6.5806894,1981
11362,r4i1p1f1,1981,02,09,7.165135211038415,3.7086236,-7.7460265,1981
11363,r4i1p1f1,1981,02,10,7.988878059605499,4.8352466,-6.530837,1981
11364,r4i1p1f1,1981,02,11,11.043164557387538,6.7814674,-4.824612,1981
11365,r4i1p1f1,1981,02,12,44.35897856714769,5.6050158,-0.21109223,1981
11366,r4i1p1f1,1981,02,13,11.469377395833897,11.454226,-3.9838026,1981
11367,r4i1p1f1,1981,02,14,0.0,14.710828,0.58274925,1981
11368,r4i1p1f1,1981,02,15,0.0,13.684257,1.8487515,1981
11369,r4i1p1f1,1981,02,16,2.474804853713421,7.718294,-2.6435812,1981
11370,r4i1p1f1,1981,02,17,39.76315378287293,4.9494605,-2.8349352,1981
11371,r4i1p1f1,1981,02,18,51.38852617890907,2.9851964,-7.4917703,1981
11372,r4i1p1f1,1981,02,19,13.505457329160294,-1.8012948,-11.160247,1981
11373,r4i1p1f1,1981,02,20,0.04182313244599676,1.090568,-10.957872,1981
11374,r4i1p1f1,1981,02,21,0.8816784592742571,2.121695,-10.520897,1981
11375,r4i1p1f1,1981,02,22,63.3141741023833,-0.36282605,-8.092589,1981
11376,r4i1p1f1,1981,02,23,45.60782707989536,-0.19676837,-10.140681,1981
11377,r4i1p1f1,1981,02,24,3.8424844312805146,0.07298921,-10.551407,1981
11378,r4i1p1f1,1981,02,25,36.98484083401604,-2.531256,-10.426687,1981
11379,r4i1p1f1,1981,02,26,2.9341407523138083,-6.1430254,-16.066715,1981
11380,r4i1p1f1,1981,02,27,0.0,-2.3704903,-17.4752,1981
11381,r4i1p1f1,1981,02,28,0.0,0.7637345,-14.222158,1981
11382,r4i1p1f1,1981,03,01,0.0,0.21515708,-6.7809844,1981
11383,r4i1p1f1,1981,03,02,0.09366628380462831,1.1082948,-8.622573,1981
11384,r4i1p1f1,1981,03,03,0.0,3.7245834,-10.091527,1981
11385,r4i1p1f1,1981,03,04,0.0,3.12911,-11.223649,1981
11386,r4i1p1f1,1981,03,05,0.10368700060670526,0.8509504,-9.744767,1981
11387,r4i1p1f1,1981,03,06,2.926926635393505,-1.0236052,-8.159767,1981
11388,r4i1p1f1,1981,03,07,0.945025844638173,6.413723,-7.767551,1981
11389,r4i1p1f1,1981,03,08,14.228706872901917,4.3112497,-4.713674,1981
11390,r4i1p1f1,1981,03,09,27.6204786523102,2.1444511,-7.1652203,1981
11391,r4i1p1f1,1981,03,10,42.75766278636048,-0.65937585,-7.6354837,1981
11392,r4i1p1f1,1981,03,11,2.125344278318984,2.1389978,-7.6135783,1981
11393,r4i1p1f1,1981,03,12,19.725471500431638,-1.1433039,-6.814559,1981
11394,r4i1p1f1,1981,03,13,1.9231750257171683,-4.576786,-14.628787,1981
11395,r4i1p1f1,1981,03,14,0.0,3.643363,-12.965581,1981
11396,r4i1p1f1,1981,03,15,0.0,7.7904124,-7.2044263,1981
11397,r4i1p1f1,1981,03,16,0.0,11.355348,-5.43464,1981
11398,r4i1p1f1,1981,03,17,0.0,11.677303,-4.6290445,1981
11399,r4i1p1f1,1981,03,18,0.0,11.198502,-4.1791916,1981
11400,r4i1p1f1,1981,03,19,0.0,9.8637085,-4.548261,1981
11401,r4i1p1f1,1981,03,20,0.0,11.318082,-2.9767897,1981
11402,r4i1p1f1,1981,03,21,0.0,13.670931,-1.3078796,1981
11403,r4i1p1f1,1981,03,22,0.0,15.080838,0.01785665,1981
11404,r4i1p1f1,1981,03,23,0.0,15.98107,-0.52775437,1981
11405,r4i1p1f1,1981,03,24,0.0,16.51479,-0.16084269,1981
11406,r4i1p1f1,1981,03,25,0.0,15.779806,-1.0143192,1981
11407,r4i1p1f1,1981,03,26,0.0,14.92867,4.832058,1981
11408,r4i1p1f1,1981,03,27,0.13527376444620037,11.962474,2.393455,1981
11409,r4i1p1f1,1981,03,28,11.810463728014184,6.58592,-7.447418,1981
11410,r4i1p1f1,1981,03,29,0.0,8.02653,-7.207751,1981
11411,r4i1p1f1,1981,03,30,0.0,10.571514,-4.4093466,1981
11412,r4i1p1f1,1981,03,31,0.0,11.235612,-2.0140352,1981
11413,r4i1p1f1,1981,04,01,0.0,12.240714,-1.2207067,1981
11414,r4i1p1f1,1981,04,02,0.0,13.704593,-0.33090162,1981
11415,r4i1p1f1,1981,04,03,0.0,13.880369,2.459103,1981
11416,r4i1p1f1,1981,04,04,0.6146765672819708,10.201271,-0.44823045,1981
11417,r4i1p1f1,1981,04,05,0.0,15.740179,-1.0131686,1981
11418,r4i1p1f1,1981,04,06,0.0,19.159063,2.4130094,1981
11419,r4i1p1f1,1981,04,07,0.0,18.926628,6.1977463,1981
11420,r4i1p1f1,1981,04,08,0.003010119923613797,17.519499,5.9707456,1981
11421,r4i1p1f1,1981,04,09,3.480585187030124,9.488533,-1.4956619,1981
11422,r4i1p1f1,1981,04,10,0.0,11.21736,-3.9651911,1981
11423,r4i1p1f1,1981,04,11,15.788106810395307,5.3062053,-2.9348774,1981
11424,r4i1p1f1,1981,04,12,8.87080928589543,0.760886,-11.679579,1981
11425,r4i1p1f1,1981,04,13,0.0,7.1556425,-7.231423,1981
11426,r4i1p1f1,1981,04,14,0.0,7.349526,-6.339048,1981
11427,r4i1p1f1,1981,04,15,3.4047667935993142,4.5634236,-4.6677623,1981
11428,r4i1p1f1,1981,04,16,3.3473155327321438,6.288982,-7.690137,1981
11429,r4i1p1f1,1981,04,17,0.7660942730605848,7.2012486,-3.9356596,1981
11430,r4i1p1f1,1981,04,18,10.080992867264433,3.118202,-6.2961087,1981
11431,r4i1p1f1,1981,04,19,12.08576916615788,-1.0466936,-11.973893,1981
11432,r4i1p1f1,1981,04,20,7.313732195941086,0.005758432,-9.880016,1981
11433,r4i1p1f1,1981,04,21,0.17511583962963687,5.3579288,-8.17113,1981
11434,r4i1p1f1,1981,04,22,12.52532591856937,1.2410572,-6.178358,1981
11435,r4i1p1f1,1981,04,23,7.9872114190816506,1.1935886,-9.654357,1981
11436,r4i1p1f1,1981,04,24,0.0,7.6178875,-7.836021,1981
11437,r4i1p1f1,1981,04,25,0.0,11.028871,-4.789202,1981
11438,r4i1p1f1,1981,04,26,0.0,10.275716,0.86673015,1981
11439,r4i1p1f1,1981,04,27,0.024662006262382196,9.7403345,-0.8899167,1981
11440,r4i1p1f1,1981,04,28,0.0,9.071616,-4.090863,1981
11441,r4i1p1f1,1981,04,29,0.0,9.573203,-4.0163145,1981
11442,r4i1p1f1,1981,04,30,0.0,9.681513,-2.3062408,1981
11443,r4i1p1f1,1981,05,01,0.0,11.276506,-1.1825075,1981
11444,r4i1p1f1,1981,05,02,0.0,13.228758,-1.6956066,1981
11445,r4i1p1f1,1981,05,03,0.0,14.329659,-0.046293993,1981
11446,r4i1p1f1,1981,05,04,0.0,16.838863,1.8498284,1981
11447,r4i1p1f1,1981,05,05,0.0,18.620888,3.0800562,1981
11448,r4i1p1f1,1981,05,06,0.0,18.179522,3.9244401,1981
11449,r4i1p1f1,1981,05,07,0.0,19.268461,4.363922,1981
11450,r4i1p1f1,1981,05,08,0.0005813992405268132,16.85262,5.8277164,1981
11451,r4i1p1f1,1981,05,09,0.0,14.160938,1.9875797,1981
11452,r4i1p1f1,1981,05,10,0.0,13.962755,0.6813705,1981
11453,r4i1p1f1,1981,05,11,0.0,15.660822,0.5609986,1981
11454,r4i1p1f1,1981,05,12,0.0,17.777082,3.1973062,1981
11455,r4i1p1f1,1981,05,13,0.0,19.040075,4.4341493,1981
11456,r4i1p1f1,1981,05,14,0.0,19.986444,4.8705807,1981
11457,r4i1p1f1,1981,05,15,0.0,21.6147,5.802442,1981
11458,r4i1p1f1,1981,05,16,0.011542250457055429,20.725895,6.0261383,1981
11459,r4i1p1f1,1981,05,17,0.0,18.548609,7.7085195,1981
11460,r4i1p1f1,1981,05,18,0.0,18.245537,3.7860947,1981
11461,r4i1p1f1,1981,05,19,0.0,17.350435,3.7151456,1981
11462,r4i1p1f1,1981,05,20,0.48707804979385894,11.535902,2.1908755,1981
11463,r4i1p1f1,1981,05,21,0.0,12.353982,-1.8199259,1981
11464,r4i1p1f1,1981,05,22,0.0,17.792425,1.3405181,1981
11465,r4i1p1f1,1981,05,23,0.0,20.409693,5.260415,1981
11466,r4i1p1f1,1981,05,24,0.0,19.998512,5.489747,1981
11467,r4i1p1f1,1981,05,25,0.0,17.20779,2.6877558,1981
11468,r4i1p1f1,1981,05,26,0.0,15.906983,2.3222778,1981
11469,r4i1p1f1,1981,05,27,0.0,15.83214,1.6440173,1981
11470,r4i1p1f1,1981,05,28,0.0,15.382044,3.0140924,1981
11471,r4i1p1f1,1981,05,29,0.2182075746762524,17.013227,2.675093,1981
11472,r4i1p1f1,1981,05,30,0.0,16.002596,3.0629358,1981
11473,r4i1p1f1,1981,05,31,1.2302267855198288,15.163468,1.9830624,1981
11474,r4i1p1f1,1981,06,01,0.2308196911593052,19.690176,3.5317266,1981
11475,r4i1p1f1,1981,06,02,1.467542692948656,18.211975,6.0655413,1981
11476,r4i1p1f1,1981,06,03,13.032665072291842,8.235386,-2.4642923,1981
11477,r4i1p1f1,1981,06,04,0.0,11.7056265,-2.814439,1981
11478,r4i1p1f1,1981,06,05,0.0,11.365066,0.65041924,1981
11479,r4i1p1f1,1981,06,06,0.0,14.049719,-1.4150009,1981
11480,r4i1p1f1,1981,06,07,0.0,17.543097,0.89386004,1981
11481,r4i1p1f1,1981,06,08,0.11632978857960552,16.360025,3.5855033,1981
11482,r4i1p1f1,1981,06,09,1.5511513323016355,13.639447,1.3602889,1981
11483,r4i1p1f1,1981,06,10,0.8382136019730858,17.888384,3.4327712,1981
11484,r4i1p1f1,1981,06,11,0.010546707923258592,22.362833,7.109156,1981
11485,r4i1p1f1,1981,06,12,0.6679423868913483,22.974785,8.149808,1981
11486,r4i1p1f1,1981,06,13,1.1698631005395521,23.692513,7.8852124,1981
11487,r4i1p1f1,1981,06,14,0.0,22.41987,8.994687,1981
11488,r4i1p1f1,1981,06,15,0.028919928685584996,21.062073,9.450454,1981
11489,r4i1p1f1,1981,06,16,0.0,20.410488,6.1011624,1981
11490,r4i1p1f1,1981,06,17,0.0,20.811417,4.504431,1981
11491,r4i1p1f1,1981,06,18,0.0,20.210941,7.2721972,1981
11492,r4i1p1f1,1981,06,19,0.0,20.016472,5.453215,1981
11493,r4i1p1f1,1981,06,20,0.0,19.77503,5.5223584,1981
11494,r4i1p1f1,1981,06,21,0.0,18.757288,5.1823735,1981
11495,r4i1p1f1,1981,06,22,0.0,17.784746,3.720837,1981
11496,r4i1p1f1,1981,06,23,0.0,20.509624,3.5836124,1981
11497,r4i1p1f1,1981,06,24,0.0,21.379799,5.271977,1981
11498,r4i1p1f1,1981,06,25,0.0,21.25153,6.268959,1981
11499,r4i1p1f1,1981,06,26,0.0,20.31962,6.2700295,1981
11500,r4i1p1f1,1981,06,27,0.0,21.987858,4.660816,1981
11501,r4i1p1f1,1981,06,28,0.0,22.382427,6.032072,1981
11502,r4i1p1f1,1981,06,29,0.0,23.585014,8.095334,1981
11503,r4i1p1f1,1981,06,30,0.0,24.74441,7.9872313,1981
11504,r4i1p1f1,1981,07,01,0.0,24.685549,8.269605,1981
11505,r4i1p1f1,1981,07,02,0.0,23.93355,8.820666,1981
11506,r4i1p1f1,1981,07,03,0.0,24.56352,9.01879,1981
11507,r4i1p1f1,1981,07,04,0.0,24.123728,8.832773,1981
11508,r4i1p1f1,1981,07,05,0.0,23.274305,8.055703,1981
11509,r4i1p1f1,1981,07,06,0.0,23.062294,7.4280896,1981
11510,r4i1p1f1,1981,07,07,0.0,22.483957,7.450882,1981
11511,r4i1p1f1,1981,07,08,0.0,22.56867,6.302181,1981
11512,r4i1p1f1,1981,07,09,0.0,22.58439,7.375851,1981
11513,r4i1p1f1,1981,07,10,0.0,22.563583,7.2594347,1981
11514,r4i1p1f1,1981,07,11,0.0,23.686214,7.1464252,1981
11515,r4i1p1f1,1981,07,12,0.0,26.77647,9.876513,1981
11516,r4i1p1f1,1981,07,13,0.0,28.063158,11.986515,1981
11517,r4i1p1f1,1981,07,14,0.0,27.689198,12.38286,1981
11518,r4i1p1f1,1981,07,15,0.0,27.94139,11.969231,1981
11519,r4i1p1f1,1981,07,16,0.2266273335424648,27.43717,11.923724,1981
11520,r4i1p1f1,1981,07,17,0.004972476409210895,26.057335,11.536601,1981
11521,r4i1p1f1,1981,07,18,0.0,23.271656,10.187774,1981
11522,r4i1p1f1,1981,07,19,0.0,22.32265,7.5887966,1981
11523,r4i1p1f1,1981,07,20,0.0,25.26544,7.907074,1981
11524,r4i1p1f1,1981,07,21,0.0,28.124681,10.260047,1981
11525,r4i1p1f1,1981,07,22,0.0,29.622204,11.298052,1981
11526,r4i1p1f1,1981,07,23,0.0,29.841208,14.628574,1981
11527,r4i1p1f1,1981,07,24,0.0,29.947456,13.995122,1981
11528,r4i1p1f1,1981,07,25,0.0,29.563225,14.0847435,1981
11529,r4i1p1f1,1981,07,26,0.018265341863940087,30.22348,14.212068,1981
11530,r4i1p1f1,1981,07,27,0.08801485214894558,29.646149,14.0581,1981
11531,r4i1p1f1,1981,07,28,0.0,28.466803,14.532501,1981
11532,r4i1p1f1,1981,07,29,0.0,27.644,11.242346,1981
11533,r4i1p1f1,1981,07,30,0.0,26.930357,11.242609,1981
11534,r4i1p1f1,1981,07,31,0.0,27.581867,10.4073925,1981
11535,r4i1p1f1,1981,08,01,0.0,27.6043,10.836535,1981
11536,r4i1p1f1,1981,08,02,0.0,27.029785,11.700294,1981
11537,r4i1p1f1,1981,08,03,0.0,25.859156,10.577572,1981
11538,r4i1p1f1,1981,08,04,0.0,24.26523,8.8017235,1981
11539,r4i1p1f1,1981,08,05,0.0,24.878002,9.163756,1981
11540,r4i1p1f1,1981,08,06,0.0,25.616098,9.654523,1981
11541,r4i1p1f1,1981,08,07,0.0,26.15188,9.730281,1981
11542,r4i1p1f1,1981,08,08,0.0,26.320524,10.54715,1981
11543,r4i1p1f1,1981,08,09,0.0,25.295801,10.671926,1981
11544,r4i1p1f1,1981,08,10,0.0,24.398428,10.172535,1981
11545,r4i1p1f1,1981,08,11,0.0,24.554413,7.5238733,1981
11546,r4i1p1f1,1981,08,12,0.0,26.59892,9.505199,1981
11547,r4i1p1f1,1981,08,13,0.11391789297893543,27.130444,11.6130295,1981
11548,r4i1p1f1,1981,08,14,0.5750543404843582,26.021816,10.762183,1981
11549,r4i1p1f1,1981,08,15,1.0566797277537738,23.361366,10.138395,1981
11550,r4i1p1f1,1981,08,16,0.07667777067643212,22.509949,10.3659115,1981
11551,r4i1p1f1,1981,08,17,0.0,21.131329,6.8234663,1981
11552,r4i1p1f1,1981,08,18,0.0,22.977,6.280554,1981
11553,r4i1p1f1,1981,08,19,0.0,23.868317,7.813549,1981
11554,r4i1p1f1,1981,08,20,0.0,25.4695,8.85086,1981
11555,r4i1p1f1,1981,08,21,0.0,27.06385,10.089748,1981
11556,r4i1p1f1,1981,08,22,0.0,26.881071,10.51532,1981
11557,r4i1p1f1,1981,08,23,0.0,24.304222,8.985734,1981
11558,r4i1p1f1,1981,08,24,0.0,17.909622,3.419725,1981
11559,r4i1p1f1,1981,08,25,0.0,18.515236,2.518371,1981
11560,r4i1p1f1,1981,08,26,0.0,18.739565,4.32543,1981
11561,r4i1p1f1,1981,08,27,0.0,19.12115,4.6818295,1981
11562,r4i1p1f1,1981,08,28,0.0,17.929277,4.3481092,1981
11563,r4i1p1f1,1981,08,29,0.0,16.742863,1.5922661,1981
11564,r4i1p1f1,1981,08,30,0.0,16.722397,1.4420695,1981
11565,r4i1p1f1,1981,08,31,0.0,16.802942,-0.19274792,1981
11566,r4i1p1f1,1981,09,01,0.0,16.18002,2.4621372,1981
11567,r4i1p1f1,1981,09,02,0.0,18.279564,1.5213195,1981
11568,r4i1p1f1,1981,09,03,0.0,20.0717,3.7954426,1981
11569,r4i1p1f1,1981,09,04,0.0,23.481588,6.711052,1981
11570,r4i1p1f1,1981,09,05,0.0,24.389914,8.254076,1981
11571,r4i1p1f1,1981,09,06,0.0,25.691816,9.189008,1981
11572,r4i1p1f1,1981,09,07,0.0,25.53014,9.407427,1981
11573,r4i1p1f1,1981,09,08,0.0,25.939816,10.283505,1981
11574,r4i1p1f1,1981,09,09,0.0,27.575266,11.00796,1981
11575,r4i1p1f1,1981,09,10,0.11122744855454099,27.497375,12.131468,1981
11576,r4i1p1f1,1981,09,11,0.7151709252306878,27.200848,10.41113,1981
11577,r4i1p1f1,1981,09,12,0.5251403424610782,25.985224,10.293276,1981
11578,r4i1p1f1,1981,09,13,0.2579448434949075,22.432703,10.145953,1981
11579,r4i1p1f1,1981,09,14,0.0,19.375044,5.7748985,1981
11580,r4i1p1f1,1981,09,15,0.0,20.318602,4.8562016,1981
11581,r4i1p1f1,1981,09,16,0.0,22.166656,6.9350624,1981
11582,r4i1p1f1,1981,09,17,0.0,22.67959,5.9071956,1981
11583,r4i1p1f1,1981,09,18,0.0,21.632267,7.842619,1981
11584,r4i1p1f1,1981,09,19,0.0,21.072779,6.294674,1981
11585,r4i1p1f1,1981,09,20,0.0,19.760395,5.560712,1981
11586,r4i1p1f1,1981,09,21,0.0,16.929337,2.673602,1981
11587,r4i1p1f1,1981,09,22,0.0,10.905719,-2.5426793,1981
11588,r4i1p1f1,1981,09,23,0.0,10.225245,-3.8432024,1981
11589,r4i1p1f1,1981,09,24,0.0,14.378841,-2.479199,1981
11590,r4i1p1f1,1981,09,25,0.0,19.008121,3.0624714,1981
11591,r4i1p1f1,1981,09,26,0.0,22.622892,4.9603167,1981
11592,r4i1p1f1,1981,09,27,0.0,20.840944,6.224794,1981
11593,r4i1p1f1,1981,09,28,0.0,17.938524,5.129782,1981
11594,r4i1p1f1,1981,09,29,0.0,15.562598,2.048658,1981
11595,r4i1p1f1,1981,09,30,0.0,16.732264,-0.21795966,1981
11596,r4i1p1f1,1981,10,01,0.0,15.736622,0.57600975,1981
11597,r4i1p1f1,1981,10,02,0.0,12.668894,-0.23051052,1981
11598,r4i1p1f1,1981,10,03,8.68847281235503,16.77986,4.0532928,1981
11599,r4i1p1f1,1981,10,04,2.9916789463291376,7.4616933,-5.138564,1981
11600,r4i1p1f1,1981,10,05,7.565317920351726,7.5825753,-3.2990196,1981
11601,r4i1p1f1,1981,10,06,0.0,11.093647,-4.417865,1981
11602,r4i1p1f1,1981,10,07,0.0,12.534135,-2.5901268,1981
11603,r4i1p1f1,1981,10,08,0.0,11.658633,-1.0731325,1981
11604,r4i1p1f1,1981,10,09,0.04601293771287502,11.572579,-0.8805499,1981
11605,r4i1p1f1,1981,10,10,0.0,12.029526,-1.9651139,1981
11606,r4i1p1f1,1981,10,11,0.0,13.414747,-1.9871407,1981
11607,r4i1p1f1,1981,10,12,0.0,16.344625,0.45995292,1981
11608,r4i1p1f1,1981,10,13,0.0,15.216604,2.3230543,1981
11609,r4i1p1f1,1981,10,14,0.0,13.86392,1.6029172,1981
11610,r4i1p1f1,1981,10,15,0.0,13.646234,-0.020306272,1981
11611,r4i1p1f1,1981,10,16,0.9218963322328979,13.576732,1.4117159,1981
11612,r4i1p1f1,1981,10,17,0.0,11.482284,-3.2239013,1981
11613,r4i1p1f1,1981,10,18,0.0,9.8988085,-3.3655221,1981
11614,r4i1p1f1,1981,10,19,0.0,9.620877,-3.245631,1981
11615,r4i1p1f1,1981,10,20,0.0,11.551918,-2.3768919,1981
11616,r4i1p1f1,1981,10,21,0.0,12.087843,-2.176304,1981
11617,r4i1p1f1,1981,10,22,0.0,12.871172,-1.5052159,1981
11618,r4i1p1f1,1981,10,23,0.0,14.486984,0.20790383,1981
11619,r4i1p1f1,1981,10,24,0.0,13.866224,0.19480965,1981
11620,r4i1p1f1,1981,10,25,0.0,13.936619,1.704017,1981
11621,r4i1p1f1,1981,10,26,0.0,15.897441,1.8288908,1981
11622,r4i1p1f1,1981,10,27,0.0,15.892848,2.7869537,1981
11623,r4i1p1f1,1981,10,28,0.0,15.04507,0.7095194,1981
11624,r4i1p1f1,1981,10,29,0.0,13.549673,1.8030437,1981
11625,r4i1p1f1,1981,10,30,0.0,13.9218025,-0.8415831,1981
11626,r4i1p1f1,1981,10,31,0.0,13.631492,1.704202,1981
11627,r4i1p1f1,1981,11,01,0.0,9.92862,-3.3265884,1981
11628,r4i1p1f1,1981,11,02,1.0316473851833103,4.770511,-4.8506613,1981
11629,r4i1p1f1,1981,11,03,0.017022937584965495,7.28599,-6.2984,1981
11630,r4i1p1f1,1981,11,04,0.0,9.911851,-5.3602266,1981
11631,r4i1p1f1,1981,11,05,0.0,12.149916,-2.8334663,1981
11632,r4i1p1f1,1981,11,06,3.5173847501106112,12.8309555,1.3280668,1981
11633,r4i1p1f1,1981,11,07,1.6304783073010432,6.042363,-2.1404412,1981
11634,r4i1p1f1,1981,11,08,0.0,9.371071,-6.247847,1981
11635,r4i1p1f1,1981,11,09,0.0,11.086381,-0.90980214,1981
11636,r4i1p1f1,1981,11,10,6.16566003316711,9.466756,0.18285926,1981
11637,r4i1p1f1,1981,11,11,1.630551863768212,3.7225919,-5.8073664,1981
11638,r4i1p1f1,1981,11,12,28.839698898589145,2.0571034,-4.8956995,1981
11639,r4i1p1f1,1981,11,13,0.0,2.782628,-11.5544405,1981
11640,r4i1p1f1,1981,11,14,0.0,5.631947,-6.4612,1981
11641,r4i1p1f1,1981,11,15,31.600982111950334,4.603862,-3.2601786,1981
11642,r4i1p1f1,1981,11,16,44.64220795464361,5.084769,-2.390604,1981
11643,r4i1p1f1,1981,11,17,17.112999040727203,3.862436,-3.4165194,1981
11644,r4i1p1f1,1981,11,18,8.07821196122361,1.1718299,-9.385995,1981
11645,r4i1p1f1,1981,11,19,2.900282307082842,0.23724538,-14.48438,1981
11646,r4i1p1f1,1981,11,20,32.818439467630995,-1.4490558,-8.641862,1981
11647,r4i1p1f1,1981,11,21,32.43164961316888,1.7188569,-6.6586657,1981
11648,r4i1p1f1,1981,11,22,38.48770595370577,2.4798524,-4.3269777,1981
11649,r4i1p1f1,1981,11,23,7.835061658857016,1.3669937,-6.822251,1981
11650,r4i1p1f1,1981,11,24,0.0,0.3205666,-10.685866,1981
11651,r4i1p1f1,1981,11,25,11.386558277757914,-2.0487485,-9.733698,1981
11652,r4i1p1f1,1981,11,26,0.0,0.07148052,-18.15098,1981
11653,r4i1p1f1,1981,11,27,2.7819010347534316,-1.1199257,-12.649026,1981
11654,r4i1p1f1,1981,11,28,2.7281354183443858,-1.4715841,-9.180338,1981
11655,r4i1p1f1,1981,11,29,0.03789416844718215,-0.71259636,-8.880709,1981
11656,r4i1p1f1,1981,11,30,0.0,1.7398101,-12.750403,1981
11657,r4i1p1f1,1981,12,01,0.0,6.8767753,-6.7015743,1981
11658,r4i1p1f1,1981,12,02,0.0,7.456851,-5.358683,1981
11659,r4i1p1f1,1981,12,03,0.0,6.05459,-7.1808953,1981
11660,r4i1p1f1,1981,12,04,0.0,9.107222,-2.2037215,1981
11661,r4i1p1f1,1981,12,05,0.0,10.128621,-2.5998619,1981
11662,r4i1p1f1,1981,12,06,0.0,12.309082,-0.54995126,1981
11663,r4i1p1f1,1981,12,07,0.0,15.188569,0.118466064,1981
11664,r4i1p1f1,1981,12,08,0.0,14.624687,0.7219549,1981
11665,r4i1p1f1,1981,12,09,0.0,12.170362,0.82004875,1981
11666,r4i1p1f1,1981,12,10,17.413378610671813,5.1204686,-2.9547317,1981
11667,r4i1p1f1,1981,12,11,10.058092784591,2.813686,-4.185465,1981
11668,r4i1p1f1,1981,12,12,0.4933510353560644,1.8630282,-5.340116,1981
11669,r4i1p1f1,1981,12,13,2.120094983186955,-0.28778285,-11.914723,1981
11670,r4i1p1f1,1981,12,14,0.0,3.1870656,-10.053636,1981
11671,r4i1p1f1,1981,12,15,0.0,7.815249,-4.882454,1981
11672,r4i1p1f1,1981,12,16,0.0,7.307744,-5.8643446,1981
11673,r4i1p1f1,1981,12,17,0.0,5.0495515,-6.9483852,1981
11674,r4i1p1f1,1981,12,18,0.0,3.6907594,-7.8362064,1981
11675,r4i1p1f1,1981,12,19,0.0,2.0621257,-9.677304,1981
11676,r4i1p1f1,1981,12,20,0.0,2.4525263,-8.951045,1981
11677,r4i1p1f1,1981,12,21,0.0,9.479871,-5.979371,1981
11678,r4i1p1f1,1981,12,22,0.0,9.360512,-3.2460606,1981
11679,r4i1p1f1,1981,12,23,0.0,5.8359237,-3.7310836,1981
11680,r4i1p1f1,1981,12,24,0.7050629906933868,0.7135344,-6.5098453,1981
11681,r4i1p1f1,1981,12,25,0.0,4.287,-6.910059,1981
11682,r4i1p1f1,1981,12,26,0.009961854292220585,3.7530234,-5.856216,1981
11683,r4i1p1f1,1981,12,27,3.533469837977908,0.63498366,-7.4284077,1981
11684,r4i1p1f1,1981,12,28,0.0,5.516603,-6.5687194,1981
11685,r4i1p1f1,1981,12,29,0.0,7.5787864,-4.6127486,1981
11686,r4i1p1f1,1981,12,30,0.0,9.93685,-2.9455206,1981
11687,r4i1p1f1,1981,12,31,0.0,11.792332,-1.5415735,1981
11688,r4i1p1f1,1982,01,01,0.0,12.515467,0.45349348,1982
11689,r4i1p1f1,1982,01,02,0.0,12.137578,0.9492121,1982
11690,r4i1p1f1,1982,01,03,0.0,11.948782,0.6083022,1982
11691,r4i1p1f1,1982,01,04,2.394201526671604,9.18917,-0.33642593,1982
11692,r4i1p1f1,1982,01,05,0.7660470347411928,6.96197,-1.729369,1982
11693,r4i1p1f1,1982,01,06,0.0,6.3833895,-5.579885,1982
11694,r4i1p1f1,1982,01,07,0.0,7.4709983,-5.196822,1982
11695,r4i1p1f1,1982,01,08,0.0,4.931278,-5.2620997,1982
11696,r4i1p1f1,1982,01,09,0.0,4.321691,-6.4744105,1982
11697,r4i1p1f1,1982,01,10,7.041390269533289,1.1165483,-5.668437,1982
11698,r4i1p1f1,1982,01,11,0.2060169675935279,3.9626663,-4.7338023,1982
11699,r4i1p1f1,1982,01,12,0.0,4.72113,-7.4293327,1982
11700,r4i1p1f1,1982,01,13,19.93404116430973,0.85578275,-6.463416,1982
11701,r4i1p1f1,1982,01,14,7.060023694742896,0.6632118,-7.549862,1982
11702,r4i1p1f1,1982,01,15,34.77183471357964,1.048573,-10.209374,1982
11703,r4i1p1f1,1982,01,16,44.028094962420475,0.50616366,-6.2403646,1982
11704,r4i1p1f1,1982,01,17,74.20080917385908,1.1761339,-5.3569217,1982
11705,r4i1p1f1,1982,01,18,13.441705054927347,-0.79227215,-10.582034,1982
11706,r4i1p1f1,1982,01,19,4.14518521595533,-5.607038,-14.233347,1982
11707,r4i1p1f1,1982,01,20,24.10202210971072,-3.8285644,-11.535039,1982
11708,r4i1p1f1,1982,01,21,12.472942852790728,-3.4210844,-9.437236,1982
11709,r4i1p1f1,1982,01,22,0.0,3.2991486,-8.170197,1982
11710,r4i1p1f1,1982,01,23,0.0,3.3774652,-10.56579,1982
11711,r4i1p1f1,1982,01,24,0.0,4.244852,-7.6353536,1982
11712,r4i1p1f1,1982,01,25,0.0,3.3697085,-9.943176,1982
11713,r4i1p1f1,1982,01,26,0.0,8.418385,-5.7817497,1982
11714,r4i1p1f1,1982,01,27,0.0,9.914656,-3.6210093,1982
11715,r4i1p1f1,1982,01,28,0.0,13.476563,1.0872779,1982
11716,r4i1p1f1,1982,01,29,0.0,13.641978,-0.58328867,1982
11717,r4i1p1f1,1982,01,30,0.0,12.630806,-1.1302632,1982
11718,r4i1p1f1,1982,01,31,0.0,12.611746,0.30547246,1982
11719,r4i1p1f1,1982,02,01,0.0,12.424057,-0.26604244,1982
11720,r4i1p1f1,1982,02,02,0.0,11.504233,-2.0235636,1982
11721,r4i1p1f1,1982,02,03,0.0,10.151982,-2.5185373,1982
11722,r4i1p1f1,1982,02,04,0.0,7.6381307,-2.7387424,1982
11723,r4i1p1f1,1982,02,05,0.0,6.3029222,-6.0419717,1982
11724,r4i1p1f1,1982,02,06,17.85462873274612,3.3439956,-6.597688,1982
11725,r4i1p1f1,1982,02,07,31.40035789492603,1.5731434,-6.2826376,1982
11726,r4i1p1f1,1982,02,08,0.0,5.5173903,-7.3465924,1982
11727,r4i1p1f1,1982,02,09,0.0,6.932725,-6.112773,1982
11728,r4i1p1f1,1982,02,10,4.344478383496624,2.9477472,-7.46678,1982
11729,r4i1p1f1,1982,02,11,0.0,5.1804686,-9.529158,1982
11730,r4i1p1f1,1982,02,12,0.0,7.638029,-4.6222367,1982
11731,r4i1p1f1,1982,02,13,0.0,9.512006,-5.555775,1982
11732,r4i1p1f1,1982,02,14,0.0,8.978963,-4.4258084,1982
11733,r4i1p1f1,1982,02,15,0.0,8.142109,-3.615926,1982
11734,r4i1p1f1,1982,02,16,2.2813857317705533,5.8039265,-4.3855767,1982
11735,r4i1p1f1,1982,02,17,0.0,6.7938867,-7.563674,1982
11736,r4i1p1f1,1982,02,18,0.0,7.6932993,-6.7926416,1982
11737,r4i1p1f1,1982,02,19,0.0,6.9717,-4.3738256,1982
11738,r4i1p1f1,1982,02,20,0.0,3.9993107,-7.0097446,1982
11739,r4i1p1f1,1982,02,21,0.0,4.340406,-9.193698,1982
11740,r4i1p1f1,1982,02,22,0.0,2.4768515,-9.419483,1982
11741,r4i1p1f1,1982,02,23,0.0,1.392163,-10.889627,1982
11742,r4i1p1f1,1982,02,24,0.0,1.2879802,-12.379455,1982
11743,r4i1p1f1,1982,02,25,0.0,2.1542568,-10.697582,1982
11744,r4i1p1f1,1982,02,26,0.0,1.4308558,-9.956209,1982
11745,r4i1p1f1,1982,02,27,0.0,2.429923,-9.604256,1982
11746,r4i1p1f1,1982,02,28,0.0,4.524329,-8.416878,1982
11747,r4i1p1f1,1982,03,01,4.164020971634622,2.278119,-9.831946,1982
11748,r4i1p1f1,1982,03,02,0.04379488514934886,4.8521934,-10.044036,1982
11749,r4i1p1f1,1982,03,03,7.034165516154755,-0.010784857,-9.967229,1982
11750,r4i1p1f1,1982,03,04,0.0,3.8785367,-9.163517,1982
11751,r4i1p1f1,1982,03,05,0.0,6.0006127,-8.318028,1982
11752,r4i1p1f1,1982,03,06,0.0,9.841785,-4.7626324,1982
11753,r4i1p1f1,1982,03,07,0.0,9.754464,-3.3437357,1982
11754,r4i1p1f1,1982,03,08,0.0,11.970279,-4.08691,1982
11755,r4i1p1f1,1982,03,09,0.0,12.456952,-2.7028944,1982
11756,r4i1p1f1,1982,03,10,0.0,12.455872,-0.508923,1982
11757,r4i1p1f1,1982,03,11,0.26782691439452244,11.437835,1.6039691,1982
11758,r4i1p1f1,1982,03,12,10.845246520767839,6.841124,-5.471644,1982
11759,r4i1p1f1,1982,03,13,0.686503558076292,3.0896735,-5.874107,1982
11760,r4i1p1f1,1982,03,14,0.0,10.045643,-5.7104325,1982
11761,r4i1p1f1,1982,03,15,0.0,13.552662,-3.8038301,1982
11762,r4i1p1f1,1982,03,16,0.0,13.048743,-0.119779766,1982
11763,r4i1p1f1,1982,03,17,0.0,13.376633,-2.5010648,1982
11764,r4i1p1f1,1982,03,18,0.0,13.618361,-2.2128923,1982
11765,r4i1p1f1,1982,03,19,0.0,12.400588,-1.2280685,1982
11766,r4i1p1f1,1982,03,20,0.0,10.98413,-2.5769377,1982
11767,r4i1p1f1,1982,03,21,0.0,11.059381,-3.344457,1982
11768,r4i1p1f1,1982,03,22,0.0,12.850968,-2.1348333,1982
11769,r4i1p1f1,1982,03,23,0.0,12.839391,2.3064387,1982
11770,r4i1p1f1,1982,03,24,13.10464495556467,8.663615,-6.6383014,1982
11771,r4i1p1f1,1982,03,25,1.9173244524736466,-0.7922315,-8.5948515,1982
11772,r4i1p1f1,1982,03,26,5.615366423055867,2.131908,-10.65599,1982
11773,r4i1p1f1,1982,03,27,2.4982184900688083,1.1525828,-7.78088,1982
11774,r4i1p1f1,1982,03,28,0.06396468654276258,7.0917573,-7.808786,1982
11775,r4i1p1f1,1982,03,29,0.0,8.960963,-6.5771914,1982
11776,r4i1p1f1,1982,03,30,0.0,9.611858,-5.5535617,1982
11777,r4i1p1f1,1982,03,31,0.0,7.1142488,-4.378345,1982
11778,r4i1p1f1,1982,04,01,0.0,3.8927808,-10.61771,1982
11779,r4i1p1f1,1982,04,02,7.718238941835223,-0.9129352,-10.706125,1982
11780,r4i1p1f1,1982,04,03,7.306184843590149,-3.7445643,-12.197435,1982
11781,r4i1p1f1,1982,04,04,0.06649010002584622,1.9322193,-11.041904,1982
11782,r4i1p1f1,1982,04,05,0.0,7.9736843,-6.9891324,1982
11783,r4i1p1f1,1982,04,06,0.0,10.950377,-3.6440732,1982
11784,r4i1p1f1,1982,04,07,0.0,13.546133,-2.578225,1982
11785,r4i1p1f1,1982,04,08,0.0,12.628501,-2.285212,1982
11786,r4i1p1f1,1982,04,09,0.0,8.800957,-4.3270383,1982
11787,r4i1p1f1,1982,04,10,0.026576651857609594,4.108759,-8.565487,1982
11788,r4i1p1f1,1982,04,11,0.0,6.1310697,-7.952578,1982
11789,r4i1p1f1,1982,04,12,0.0,5.258663,-7.4637837,1982
11790,r4i1p1f1,1982,04,13,0.0,4.9900055,-7.650046,1982
11791,r4i1p1f1,1982,04,14,0.03839604487027383,5.646649,-5.068943,1982
11792,r4i1p1f1,1982,04,15,0.0,6.3308744,-7.74576,1982
11793,r4i1p1f1,1982,04,16,0.0,6.561771,-8.667455,1982
11794,r4i1p1f1,1982,04,17,0.0,9.561696,-5.255756,1982
11795,r4i1p1f1,1982,04,18,2.4455477733916196,6.1114874,-3.721017,1982
11796,r4i1p1f1,1982,04,19,5.222446100438136,2.3520222,-8.611142,1982
11797,r4i1p1f1,1982,04,20,0.0,4.94184,-6.8490863,1982
11798,r4i1p1f1,1982,04,21,0.0,9.104096,-6.971332,1982
11799,r4i1p1f1,1982,04,22,1.6348406445540276,7.8797197,-3.2415354,1982
11800,r4i1p1f1,1982,04,23,4.771110768523699,4.8623,-5.377135,1982
11801,r4i1p1f1,1982,04,24,5.612529254798722,8.051336,-3.286642,1982
11802,r4i1p1f1,1982,04,25,6.1721242475033655,9.399962,-5.056453,1982
11803,r4i1p1f1,1982,04,26,0.0,14.043282,-1.4747499,1982
11804,r4i1p1f1,1982,04,27,0.0,17.999592,1.8186665,1982
11805,r4i1p1f1,1982,04,28,0.0,17.34314,2.2495828,1982
11806,r4i1p1f1,1982,04,29,9.003428743685474,11.874314,-0.5564589,1982
11807,r4i1p1f1,1982,04,30,0.48155556239069325,11.023556,-2.2639942,1982
11808,r4i1p1f1,1982,05,01,0.0,12.040511,-1.5226052,1982
11809,r4i1p1f1,1982,05,02,0.0,11.413158,-0.7495435,1982
11810,r4i1p1f1,1982,05,03,0.0,7.351698,-5.8067093,1982
11811,r4i1p1f1,1982,05,04,0.0,10.548054,-4.3277807,1982
11812,r4i1p1f1,1982,05,05,2.411973299205775,8.60624,-1.887124,1982
11813,r4i1p1f1,1982,05,06,0.11109091538769442,7.837828,-3.0350084,1982
11814,r4i1p1f1,1982,05,07,0.0,7.4387116,-4.866889,1982
11815,r4i1p1f1,1982,05,08,0.0,9.022028,-3.4602613,1982
11816,r4i1p1f1,1982,05,09,0.0,11.642671,-3.2213995,1982
11817,r4i1p1f1,1982,05,10,0.0,14.664065,-0.9131163,1982
11818,r4i1p1f1,1982,05,11,0.0,17.529034,1.5478317,1982
11819,r4i1p1f1,1982,05,12,0.0,18.817574,3.69489,1982
11820,r4i1p1f1,1982,05,13,0.0,18.03809,3.5330215,1982
11821,r4i1p1f1,1982,05,14,0.0,16.290041,3.507307,1982
11822,r4i1p1f1,1982,05,15,0.020030945306314614,8.89463,-3.1777427,1982
11823,r4i1p1f1,1982,05,16,0.029963855731735066,5.6854324,-5.827998,1982
11824,r4i1p1f1,1982,05,17,0.0,11.678525,-3.0417473,1982
11825,r4i1p1f1,1982,05,18,0.0,16.79564,-0.008985562,1982
11826,r4i1p1f1,1982,05,19,0.0,19.670675,4.0709167,1982
11827,r4i1p1f1,1982,05,20,0.0,21.445217,5.668202,1982
11828,r4i1p1f1,1982,05,21,0.0,21.924788,6.990165,1982
11829,r4i1p1f1,1982,05,22,0.0,21.716644,6.0339193,1982
11830,r4i1p1f1,1982,05,23,0.0,21.578283,5.507128,1982
11831,r4i1p1f1,1982,05,24,0.0,23.184517,7.287971,1982
11832,r4i1p1f1,1982,05,25,0.0,23.422386,7.973857,1982
11833,r4i1p1f1,1982,05,26,0.0,21.895784,8.373365,1982
11834,r4i1p1f1,1982,05,27,0.37662130452441506,18.70984,5.2142015,1982
11835,r4i1p1f1,1982,05,28,0.0,14.43244,2.3059628,1982
11836,r4i1p1f1,1982,05,29,0.0,14.699513,0.13934334,1982
11837,r4i1p1f1,1982,05,30,0.0,16.0013,1.8802046,1982
11838,r4i1p1f1,1982,05,31,0.0,16.887453,2.5060344,1982
11839,r4i1p1f1,1982,06,01,0.9471071333828808,13.908015,-0.12752205,1982
11840,r4i1p1f1,1982,06,02,0.23240234458669431,13.735863,0.27760562,1982
11841,r4i1p1f1,1982,06,03,1.5253516377998901,15.725071,0.9988444,1982
11842,r4i1p1f1,1982,06,04,0.030739369440486136,18.068363,2.936803,1982
11843,r4i1p1f1,1982,06,05,1.3716998210670208,15.42178,1.4340967,1982
11844,r4i1p1f1,1982,06,06,5.3009261347755645,8.62775,0.8460971,1982
11845,r4i1p1f1,1982,06,07,24.383788456749468,7.369304,2.5404737,1982
11846,r4i1p1f1,1982,06,08,6.458281877295282,6.874548,-2.1354673,1982
11847,r4i1p1f1,1982,06,09,4.25589656108915,6.816402,-3.2973142,1982
11848,r4i1p1f1,1982,06,10,1.6686537314602885,8.678591,-4.7871156,1982
11849,r4i1p1f1,1982,06,11,7.574866118533242,7.3691154,-1.9772375,1982
11850,r4i1p1f1,1982,06,12,9.274541468289602,3.8388894,-4.2213163,1982
11851,r4i1p1f1,1982,06,13,0.2855413823252348,10.657346,-0.7777081,1982
11852,r4i1p1f1,1982,06,14,0.003735067315475501,11.336067,-1.8396571,1982
11853,r4i1p1f1,1982,06,15,0.483413416421427,10.637833,2.0603945,1982
11854,r4i1p1f1,1982,06,16,0.0,13.137351,-3.2515502,1982
11855,r4i1p1f1,1982,06,17,0.0,17.72596,1.0843817,1982
11856,r4i1p1f1,1982,06,18,0.0,19.887472,4.501256,1982
11857,r4i1p1f1,1982,06,19,0.0,18.40769,7.6129293,1982
11858,r4i1p1f1,1982,06,20,0.0,16.975626,2.9447377,1982
11859,r4i1p1f1,1982,06,21,0.0,19.687853,4.7593937,1982
11860,r4i1p1f1,1982,06,22,0.0,21.59435,7.5157285,1982
11861,r4i1p1f1,1982,06,23,0.0,23.009241,8.11929,1982
11862,r4i1p1f1,1982,06,24,0.0,22.729603,8.912089,1982
11863,r4i1p1f1,1982,06,25,0.0,20.967148,6.76466,1982
11864,r4i1p1f1,1982,06,26,0.0,22.319166,6.087271,1982
11865,r4i1p1f1,1982,06,27,0.0,21.838364,8.206572,1982
11866,r4i1p1f1,1982,06,28,0.0,19.818287,3.387851,1982
11867,r4i1p1f1,1982,06,29,0.0,18.767366,2.7990751,1982
11868,r4i1p1f1,1982,06,30,0.0,18.864798,5.8657656,1982
11869,r4i1p1f1,1982,07,01,0.01352686153559385,21.66316,6.1645465,1982
11870,r4i1p1f1,1982,07,02,0.0,23.982246,10.030278,1982
11871,r4i1p1f1,1982,07,03,0.0,25.925743,10.2544985,1982
11872,r4i1p1f1,1982,07,04,0.0,25.180592,10.798519,1982
11873,r4i1p1f1,1982,07,05,0.0,22.855051,6.806013,1982
11874,r4i1p1f1,1982,07,06,0.0,22.580257,6.5877595,1982
11875,r4i1p1f1,1982,07,07,0.0,25.207977,7.8618593,1982
11876,r4i1p1f1,1982,07,08,0.0,26.082008,9.734317,1982
11877,r4i1p1f1,1982,07,09,0.0,27.032007,10.180311,1982
11878,r4i1p1f1,1982,07,10,0.0,29.132292,11.219835,1982
11879,r4i1p1f1,1982,07,11,0.0,29.296629,12.014407,1982
11880,r4i1p1f1,1982,07,12,0.0,29.42122,12.1706705,1982
11881,r4i1p1f1,1982,07,13,0.20896693093172006,28.541277,13.622007,1982
11882,r4i1p1f1,1982,07,14,0.0,26.84227,12.222763,1982
11883,r4i1p1f1,1982,07,15,0.0,24.977009,9.902073,1982
11884,r4i1p1f1,1982,07,16,0.0,25.335152,8.620253,1982
11885,r4i1p1f1,1982,07,17,0.0,27.340843,10.411197,1982
11886,r4i1p1f1,1982,07,18,0.0,26.904404,11.5200405,1982
11887,r4i1p1f1,1982,07,19,0.0,29.013538,11.663213,1982
11888,r4i1p1f1,1982,07,20,0.0,29.822874,13.182039,1982
11889,r4i1p1f1,1982,07,21,0.0,29.167824,14.282625,1982
11890,r4i1p1f1,1982,07,22,0.0,26.945555,12.7337885,1982
11891,r4i1p1f1,1982,07,23,0.0,25.614677,10.041498,1982
11892,r4i1p1f1,1982,07,24,0.0,25.931705,9.955401,1982
11893,r4i1p1f1,1982,07,25,0.0,26.940212,10.124762,1982
11894,r4i1p1f1,1982,07,26,0.0,26.66865,11.31905,1982
11895,r4i1p1f1,1982,07,27,0.0,26.338207,11.399823,1982
11896,r4i1p1f1,1982,07,28,0.0,24.755875,9.347141,1982
11897,r4i1p1f1,1982,07,29,0.0,23.306517,8.316918,1982
11898,r4i1p1f1,1982,07,30,0.0,21.642998,7.5031166,1982
11899,r4i1p1f1,1982,07,31,0.0,22.157944,5.8837967,1982
11900,r4i1p1f1,1982,08,01,0.0,25.75087,8.57575,1982
11901,r4i1p1f1,1982,08,02,0.0,28.500883,10.992886,1982
11902,r4i1p1f1,1982,08,03,0.0,29.470673,11.781124,1982
11903,r4i1p1f1,1982,08,04,0.0,29.0531,12.753283,1982
11904,r4i1p1f1,1982,08,05,0.0,25.696661,10.525111,1982
11905,r4i1p1f1,1982,08,06,0.0,21.837364,6.8643937,1982
11906,r4i1p1f1,1982,08,07,0.0,22.860357,6.592193,1982
11907,r4i1p1f1,1982,08,08,0.0,22.929014,7.5399847,1982
11908,r4i1p1f1,1982,08,09,0.0,23.748213,6.4054275,1982
11909,r4i1p1f1,1982,08,10,0.0,23.976294,7.2576733,1982
11910,r4i1p1f1,1982,08,11,0.0,23.78842,7.9673753,1982
11911,r4i1p1f1,1982,08,12,0.030056378217856505,23.258184,7.370689,1982
11912,r4i1p1f1,1982,08,13,0.12479706188533202,23.504892,7.4634833,1982
11913,r4i1p1f1,1982,08,14,0.0,24.297153,7.9017987,1982
11914,r4i1p1f1,1982,08,15,0.0,23.87578,7.2143126,1982
11915,r4i1p1f1,1982,08,16,0.0,23.104311,6.336732,1982
11916,r4i1p1f1,1982,08,17,0.0,21.33577,4.7170787,1982
11917,r4i1p1f1,1982,08,18,0.0,20.260687,4.7587585,1982
11918,r4i1p1f1,1982,08,19,0.0,18.392448,5.6613703,1982
11919,r4i1p1f1,1982,08,20,0.0,15.76405,4.362381,1982
11920,r4i1p1f1,1982,08,21,0.0,15.473412,0.98056036,1982
11921,r4i1p1f1,1982,08,22,0.0,21.011902,3.9467232,1982
11922,r4i1p1f1,1982,08,23,0.0,24.219503,7.7945614,1982
11923,r4i1p1f1,1982,08,24,0.0,27.010292,9.731436,1982
11924,r4i1p1f1,1982,08,25,0.0,26.90812,10.725842,1982
11925,r4i1p1f1,1982,08,26,0.0,25.973589,10.430698,1982
11926,r4i1p1f1,1982,08,27,0.0,24.571764,8.128973,1982
11927,r4i1p1f1,1982,08,28,0.0,24.269066,7.007259,1982
11928,r4i1p1f1,1982,08,29,0.0,26.086632,8.602544,1982
11929,r4i1p1f1,1982,08,30,0.0,25.482283,10.357334,1982
11930,r4i1p1f1,1982,08,31,0.0,24.579487,8.742911,1982
11931,r4i1p1f1,1982,09,01,0.0,23.583735,6.718676,1982
11932,r4i1p1f1,1982,09,02,0.0,23.069628,7.3644342,1982
11933,r4i1p1f1,1982,09,03,0.0,22.387213,8.143205,1982
11934,r4i1p1f1,1982,09,04,0.13658097765131377,20.955214,6.9042215,1982
11935,r4i1p1f1,1982,09,05,0.36420028125543286,17.42367,4.491412,1982
11936,r4i1p1f1,1982,09,06,0.0,18.898422,4.626538,1982
11937,r4i1p1f1,1982,09,07,0.0,21.37556,5.90992,1982
11938,r4i1p1f1,1982,09,08,2.082940051797975,23.196253,10.657971,1982
11939,r4i1p1f1,1982,09,09,0.09745002468633471,13.77424,2.103739,1982
11940,r4i1p1f1,1982,09,10,0.0,18.862892,1.6231062,1982
11941,r4i1p1f1,1982,09,11,0.0,21.065075,5.340218,1982
11942,r4i1p1f1,1982,09,12,0.0,20.021862,5.6173625,1982
11943,r4i1p1f1,1982,09,13,0.0,20.522041,4.6094565,1982
11944,r4i1p1f1,1982,09,14,0.0,22.814371,6.2136035,1982
11945,r4i1p1f1,1982,09,15,0.0,22.786512,7.955069,1982
11946,r4i1p1f1,1982,09,16,0.0,21.61557,6.822775,1982
11947,r4i1p1f1,1982,09,17,0.0,20.472034,6.1255965,1982
11948,r4i1p1f1,1982,09,18,0.0775285698254434,18.361107,5.453355,1982
11949,r4i1p1f1,1982,09,19,36.93165374537603,13.475126,5.2807455,1982
11950,r4i1p1f1,1982,09,20,0.0,15.035574,-1.9418691,1982
11951,r4i1p1f1,1982,09,21,0.0,17.850113,1.6525006,1982
11952,r4i1p1f1,1982,09,22,0.0,18.422894,4.2478065,1982
11953,r4i1p1f1,1982,09,23,0.0,19.94152,4.3025246,1982
11954,r4i1p1f1,1982,09,24,0.0,19.985788,4.605824,1982
11955,r4i1p1f1,1982,09,25,0.0029247295813597065,21.175543,5.3445477,1982
11956,r4i1p1f1,1982,09,26,0.7772728781168042,21.228622,6.1834135,1982
11957,r4i1p1f1,1982,09,27,1.248469417464857,21.363583,9.09468,1982
11958,r4i1p1f1,1982,09,28,0.7394929476199794,20.466883,4.5108,1982
11959,r4i1p1f1,1982,09,29,0.5238436400767614,18.625916,3.8193145,1982
11960,r4i1p1f1,1982,09,30,0.5290686692613202,17.470736,3.439047,1982
11961,r4i1p1f1,1982,10,01,0.0,19.040058,3.192446,1982
11962,r4i1p1f1,1982,10,02,0.0,19.301632,3.7870064,1982
11963,r4i1p1f1,1982,10,03,0.0,18.883389,4.121524,1982
11964,r4i1p1f1,1982,10,04,0.0,18.204006,4.1009274,1982
11965,r4i1p1f1,1982,10,05,0.40235543497537823,14.612248,1.5412147,1982
11966,r4i1p1f1,1982,10,06,3.2990873089460266,7.273881,-4.508082,1982
11967,r4i1p1f1,1982,10,07,0.0,7.1943,-4.5698934,1982
11968,r4i1p1f1,1982,10,08,0.03176697168721263,8.540988,-2.9124815,1982
11969,r4i1p1f1,1982,10,09,0.9721581405624605,9.00384,-1.7303078,1982
11970,r4i1p1f1,1982,10,10,0.0,10.370597,-5.050254,1982
11971,r4i1p1f1,1982,10,11,1.7044448302963926,12.311363,-1.4170643,1982
11972,r4i1p1f1,1982,10,12,0.05777257375315894,11.840905,-2.4980996,1982
11973,r4i1p1f1,1982,10,13,0.0,13.110919,-1.9066132,1982
11974,r4i1p1f1,1982,10,14,0.0,13.117612,1.022969,1982
11975,r4i1p1f1,1982,10,15,0.0,14.566771,-1.3433821,1982
11976,r4i1p1f1,1982,10,16,0.0,18.25749,3.087067,1982
11977,r4i1p1f1,1982,10,17,0.0,19.553164,3.916083,1982
11978,r4i1p1f1,1982,10,18,0.0,18.117538,4.8081336,1982
11979,r4i1p1f1,1982,10,19,0.0,17.411644,2.6055648,1982
11980,r4i1p1f1,1982,10,20,0.0,17.942188,3.8831336,1982
11981,r4i1p1f1,1982,10,21,0.0,17.025118,5.662152,1982
11982,r4i1p1f1,1982,10,22,1.5948242951831841,20.478952,7.0967994,1982
11983,r4i1p1f1,1982,10,23,9.350525310053122,12.845683,2.496019,1982
11984,r4i1p1f1,1982,10,24,0.0,12.73263,-4.193653,1982
11985,r4i1p1f1,1982,10,25,0.0,13.48445,-2.2437692,1982
11986,r4i1p1f1,1982,10,26,0.0,13.323327,0.16728501,1982
11987,r4i1p1f1,1982,10,27,0.0,15.395133,1.1170427,1982
11988,r4i1p1f1,1982,10,28,0.07131794553727588,13.907553,2.717317,1982
11989,r4i1p1f1,1982,10,29,0.0,12.635433,-0.5565836,1982
11990,r4i1p1f1,1982,10,30,0.0,11.330204,1.1792289,1982
11991,r4i1p1f1,1982,10,31,11.52589815984558,11.928068,0.31033063,1982
11992,r4i1p1f1,1982,11,01,1.7144113500408693,4.56015,-8.043473,1982
11993,r4i1p1f1,1982,11,02,0.0,7.1449494,-5.2724605,1982
11994,r4i1p1f1,1982,11,03,6.1872798389922705,6.523162,-1.7580845,1982
11995,r4i1p1f1,1982,11,04,0.6332974055030265,2.8440435,-11.60182,1982
11996,r4i1p1f1,1982,11,05,4.3073715317211585,3.2536173,-7.0378895,1982
11997,r4i1p1f1,1982,11,06,0.0,5.2077255,-8.592748,1982
11998,r4i1p1f1,1982,11,07,3.7263764859851696,7.2506967,-2.121525,1982
11999,r4i1p1f1,1982,11,08,0.0,8.905313,-5.874994,1982
12000,r4i1p1f1,1982,11,09,0.0,8.08896,-3.771834,1982
12001,r4i1p1f1,1982,11,10,18.821196273660362,5.9696302,-2.5395806,1982
12002,r4i1p1f1,1982,11,11,27.454206567917154,4.9177294,-2.8190234,1982
12003,r4i1p1f1,1982,11,12,0.36309772166804255,8.597388,-3.2813478,1982
12004,r4i1p1f1,1982,11,13,0.0,8.19535,-7.3911996,1982
12005,r4i1p1f1,1982,11,14,2.128589592051439,7.2953296,-2.7506416,1982
12006,r4i1p1f1,1982,11,15,0.12418172944851254,2.6742473,-6.762615,1982
12007,r4i1p1f1,1982,11,16,0.0,5.760938,-12.474316,1982
12008,r4i1p1f1,1982,11,17,0.0075577321563472305,3.3571084,-3.4256055,1982
12009,r4i1p1f1,1982,11,18,22.012376126399204,3.0280795,-4.3777494,1982
12010,r4i1p1f1,1982,11,19,6.228537791660393,4.9823604,-2.54534,1982
12011,r4i1p1f1,1982,11,20,11.039397717657398,4.373062,-2.815056,1982
12012,r4i1p1f1,1982,11,21,21.51722658986049,2.1578503,-5.133091,1982
12013,r4i1p1f1,1982,11,22,9.26007629871027,0.3525763,-8.982469,1982
12014,r4i1p1f1,1982,11,23,5.188498436162189,1.7072346,-6.5432186,1982
12015,r4i1p1f1,1982,11,24,34.810574577670394,1.1499932,-5.3397703,1982
12016,r4i1p1f1,1982,11,25,0.0,2.9538743,-11.917781,1982
12017,r4i1p1f1,1982,11,26,0.542933428268582,3.6196015,-3.800421,1982
12018,r4i1p1f1,1982,11,27,8.986438125910814,3.9414468,-3.6253743,1982
12019,r4i1p1f1,1982,11,28,83.79686595829904,5.9788623,-1.3054957,1982
12020,r4i1p1f1,1982,11,29,39.93909472822975,2.9008024,-5.2237587,1982
12021,r4i1p1f1,1982,11,30,0.05695316496745544,4.9701667,-4.3000665,1982
12022,r4i1p1f1,1982,12,01,0.0,8.638871,-5.4360204,1982
12023,r4i1p1f1,1982,12,02,0.0,7.449995,-5.6047654,1982
12024,r4i1p1f1,1982,12,03,0.07799213228149895,5.0026913,-5.189662,1982
12025,r4i1p1f1,1982,12,04,3.766440043941101,0.7762922,-8.780406,1982
12026,r4i1p1f1,1982,12,05,0.0,3.4646776,-7.7268214,1982
12027,r4i1p1f1,1982,12,06,0.003481045514408381,1.7596321,-7.2913284,1982
12028,r4i1p1f1,1982,12,07,0.0,3.1712146,-10.744377,1982
12029,r4i1p1f1,1982,12,08,13.359601011121018,-1.3909285,-6.6963167,1982
12030,r4i1p1f1,1982,12,09,0.4333113123260057,1.2423049,-9.889341,1982
12031,r4i1p1f1,1982,12,10,0.0006259202934634066,3.069393,-7.253309,1982
12032,r4i1p1f1,1982,12,11,0.0,7.1590433,-6.567886,1982
12033,r4i1p1f1,1982,12,12,0.0,10.65838,-2.524152,1982
12034,r4i1p1f1,1982,12,13,0.0,11.272007,-2.9020553,1982
12035,r4i1p1f1,1982,12,14,0.0,11.191482,-1.0608277,1982
12036,r4i1p1f1,1982,12,15,0.0,11.495228,-0.6058939,1982
12037,r4i1p1f1,1982,12,16,0.0,9.449588,-2.3071733,1982
12038,r4i1p1f1,1982,12,17,0.0,8.880316,-1.8296719,1982
12039,r4i1p1f1,1982,12,18,0.15242170474394034,4.2006135,-8.513869,1982
12040,r4i1p1f1,1982,12,19,0.0,3.7717495,-9.169287,1982
12041,r4i1p1f1,1982,12,20,0.0,2.0637515,-8.177761,1982
12042,r4i1p1f1,1982,12,21,0.0,-0.42578387,-12.478432,1982
12043,r4i1p1f1,1982,12,22,0.0,-1.7404244,-13.279117,1982
12044,r4i1p1f1,1982,12,23,0.0,4.888138,-7.4730635,1982
12045,r4i1p1f1,1982,12,24,0.0,3.876462,-7.8437185,1982
12046,r4i1p1f1,1982,12,25,0.0,7.550119,-5.356847,1982
12047,r4i1p1f1,1982,12,26,0.0,9.732142,-4.2459483,1982
12048,r4i1p1f1,1982,12,27,0.0,9.486154,-3.604311,1982
12049,r4i1p1f1,1982,12,28,0.0,8.134993,-3.8462594,1982
12050,r4i1p1f1,1982,12,29,0.0,8.497319,-3.2597723,1982
12051,r4i1p1f1,1982,12,30,0.0,7.4961576,-1.4327134,1982
12052,r4i1p1f1,1982,12,31,0.007564693405748581,4.015414,-4.5215044,1982
12053,r4i1p1f1,1983,01,01,0.8912224769304539,4.200866,-5.815433,1983
12054,r4i1p1f1,1983,01,02,0.0,6.152482,-6.5965586,1983
12055,r4i1p1f1,1983,01,03,0.0,8.274561,-5.281237,1983
12056,r4i1p1f1,1983,01,04,0.0,5.615507,-5.2034883,1983
12057,r4i1p1f1,1983,01,05,0.0,4.9546843,-7.228442,1983
12058,r4i1p1f1,1983,01,06,0.0,7.193987,-7.7059,1983
12059,r4i1p1f1,1983,01,07,0.0,8.906479,-4.708696,1983
12060,r4i1p1f1,1983,01,08,0.0,7.5207973,-3.4194386,1983
12061,r4i1p1f1,1983,01,09,0.0,5.089573,-4.6204753,1983
12062,r4i1p1f1,1983,01,10,0.22250719517137543,3.4472716,-6.287652,1983
12063,r4i1p1f1,1983,01,11,0.0,3.0761914,-9.203295,1983
12064,r4i1p1f1,1983,01,12,0.0,3.9840674,-8.083245,1983
12065,r4i1p1f1,1983,01,13,0.0,4.062972,-7.8713245,1983
12066,r4i1p1f1,1983,01,14,0.0,6.8785996,-6.2215505,1983
12067,r4i1p1f1,1983,01,15,0.0,9.815044,-5.4172544,1983
12068,r4i1p1f1,1983,01,16,0.0,11.258585,-3.2741797,1983
12069,r4i1p1f1,1983,01,17,0.0,9.206782,-1.902798,1983
12070,r4i1p1f1,1983,01,18,18.463978295560032,2.460523,-6.96993,1983
12071,r4i1p1f1,1983,01,19,4.883683449246318,-1.1289403,-8.130598,1983
12072,r4i1p1f1,1983,01,20,2.716385516932901,0.35835534,-9.152345,1983
12073,r4i1p1f1,1983,01,21,0.0,3.565563,-11.322599,1983
12074,r4i1p1f1,1983,01,22,0.0029541636974923734,4.531624,-7.243134,1983
12075,r4i1p1f1,1983,01,23,0.0,6.6378675,-7.9740415,1983
12076,r4i1p1f1,1983,01,24,8.84302104765347,2.9861183,-7.026578,1983
12077,r4i1p1f1,1983,01,25,27.40104035782518,1.0205079,-8.757677,1983
12078,r4i1p1f1,1983,01,26,0.0,4.4249716,-9.669776,1983
12079,r4i1p1f1,1983,01,27,2.9527269487821144,5.713139,-5.2350435,1983
12080,r4i1p1f1,1983,01,28,14.430416977986203,2.3980117,-7.8265305,1983
12081,r4i1p1f1,1983,01,29,0.0,4.382159,-7.99734,1983
12082,r4i1p1f1,1983,01,30,0.0,5.7283,-8.81848,1983
12083,r4i1p1f1,1983,01,31,0.0,6.1480956,-7.7674174,1983
12084,r4i1p1f1,1983,02,01,0.016081101026075757,3.8723848,-7.375227,1983
12085,r4i1p1f1,1983,02,02,22.57547496525124,-1.348972,-12.984519,1983
12086,r4i1p1f1,1983,02,03,0.0,-1.6478182,-18.341427,1983
12087,r4i1p1f1,1983,02,04,0.0,-2.664485,-14.979434,1983
12088,r4i1p1f1,1983,02,05,0.0,3.0735543,-10.544266,1983
12089,r4i1p1f1,1983,02,06,0.0,5.7563715,-10.425089,1983
12090,r4i1p1f1,1983,02,07,0.0,6.5689216,-9.458288,1983
12091,r4i1p1f1,1983,02,08,0.0,4.776727,-7.6809053,1983
12092,r4i1p1f1,1983,02,09,0.0,5.707586,-9.109387,1983
12093,r4i1p1f1,1983,02,10,0.0,7.046321,-6.745745,1983
12094,r4i1p1f1,1983,02,11,0.0,6.9937882,-3.2315652,1983
12095,r4i1p1f1,1983,02,12,0.0,8.74075,-6.1819816,1983
12096,r4i1p1f1,1983,02,13,0.0,9.4071665,-4.701984,1983
12097,r4i1p1f1,1983,02,14,0.0,10.226647,-4.1685514,1983
12098,r4i1p1f1,1983,02,15,0.0,11.271992,-4.1684055,1983
12099,r4i1p1f1,1983,02,16,0.0,10.550283,-2.6882143,1983
12100,r4i1p1f1,1983,02,17,19.494050634630884,6.7201567,-4.6296167,1983
12101,r4i1p1f1,1983,02,18,0.0,8.299433,-5.8475537,1983
12102,r4i1p1f1,1983,02,19,0.0,9.602729,-4.4509954,1983
12103,r4i1p1f1,1983,02,20,7.994908010169634,6.7919946,-5.526984,1983
12104,r4i1p1f1,1983,02,21,0.0,3.2703197,-7.9630938,1983
12105,r4i1p1f1,1983,02,22,0.5326663903834162,2.9914277,-9.013112,1983
12106,r4i1p1f1,1983,02,23,0.029251672489762442,2.5007586,-7.6766534,1983
12107,r4i1p1f1,1983,02,24,0.0,6.7021103,-8.734667,1983
12108,r4i1p1f1,1983,02,25,0.0,6.6899056,-6.252201,1983
12109,r4i1p1f1,1983,02,26,7.999318235340987,2.6538703,-5.652468,1983
12110,r4i1p1f1,1983,02,27,24.974154615332267,5.3631186,-5.188149,1983
12111,r4i1p1f1,1983,02,28,21.992015264237224,7.183609,-4.704647,1983
12112,r4i1p1f1,1983,03,01,4.025482327873003,5.838505,-2.9818614,1983
12113,r4i1p1f1,1983,03,02,39.267130691781475,1.682552,-4.205022,1983
12114,r4i1p1f1,1983,03,03,10.222147965969146,-1.430104,-12.491159,1983
12115,r4i1p1f1,1983,03,04,0.0,6.168413,-9.322489,1983
12116,r4i1p1f1,1983,03,05,0.0,6.654085,-7.483517,1983
12117,r4i1p1f1,1983,03,06,0.0,10.179156,-7.7558727,1983
12118,r4i1p1f1,1983,03,07,0.0,9.985262,-3.9040818,1983
12119,r4i1p1f1,1983,03,08,0.017483255151791336,8.994905,-3.6902115,1983
12120,r4i1p1f1,1983,03,09,1.1107801318885568,6.457491,-4.8350086,1983
12121,r4i1p1f1,1983,03,10,0.0,10.477491,-3.3816988,1983
12122,r4i1p1f1,1983,03,11,0.0,10.856778,-2.0034463,1983
12123,r4i1p1f1,1983,03,12,0.12502738780197709,10.655774,-2.7518613,1983
12124,r4i1p1f1,1983,03,13,0.0,10.072532,-4.275664,1983
12125,r4i1p1f1,1983,03,14,1.9104440151762514,5.356586,-3.3949857,1983
12126,r4i1p1f1,1983,03,15,0.0,3.5104017,-6.9165115,1983
12127,r4i1p1f1,1983,03,16,0.0,9.086723,-4.857938,1983
12128,r4i1p1f1,1983,03,17,0.0,11.267823,-3.3424838,1983
12129,r4i1p1f1,1983,03,18,0.0,11.729598,-1.701184,1983
12130,r4i1p1f1,1983,03,19,0.0,12.1981125,-1.1745521,1983
12131,r4i1p1f1,1983,03,20,0.39701561977813177,12.238454,-1.6386456,1983
12132,r4i1p1f1,1983,03,21,16.985948614637067,7.0424848,-3.1661432,1983
12133,r4i1p1f1,1983,03,22,12.28192706098011,-1.0856382,-11.176694,1983
12134,r4i1p1f1,1983,03,23,2.6118832287860996,-0.72662556,-8.8806505,1983
12135,r4i1p1f1,1983,03,24,0.0,7.572847,-8.014882,1983
12136,r4i1p1f1,1983,03,25,0.0,11.418463,-3.239927,1983
12137,r4i1p1f1,1983,03,26,5.197128766878153,8.533265,-3.1827385,1983
12138,r4i1p1f1,1983,03,27,3.4106488724710164,6.338779,-1.5481553,1983
12139,r4i1p1f1,1983,03,28,0.0,9.480623,-1.7830079,1983
12140,r4i1p1f1,1983,03,29,0.054020198939523,9.107798,-4.131134,1983
12141,r4i1p1f1,1983,03,30,0.0,10.905009,-2.9320257,1983
12142,r4i1p1f1,1983,03,31,0.0,13.291915,-2.7952392,1983
12143,r4i1p1f1,1983,04,01,0.0,14.347879,-1.6816909,1983
12144,r4i1p1f1,1983,04,02,0.0,12.714957,-0.08095865,1983
12145,r4i1p1f1,1983,04,03,0.0,13.872263,1.6629823,1983
12146,r4i1p1f1,1983,04,04,5.97759136175746,9.91716,-3.291913,1983
12147,r4i1p1f1,1983,04,05,0.0,12.789906,-0.7203243,1983
12148,r4i1p1f1,1983,04,06,0.0,12.01513,-0.14958385,1983
12149,r4i1p1f1,1983,04,07,0.0,10.833403,-2.5237343,1983
12150,r4i1p1f1,1983,04,08,18.759686626481816,3.8134959,-5.967823,1983
12151,r4i1p1f1,1983,04,09,11.036695448669333,-1.1591659,-11.064887,1983
12152,r4i1p1f1,1983,04,10,0.0,9.787082,-8.261772,1983
12153,r4i1p1f1,1983,04,11,0.0,11.951906,-0.4599566,1983
12154,r4i1p1f1,1983,04,12,0.0,15.056866,0.4635961,1983
12155,r4i1p1f1,1983,04,13,0.09114293991130758,13.02182,0.22924873,1983
12156,r4i1p1f1,1983,04,14,0.6768478096071135,7.714783,-1.1316159,1983
12157,r4i1p1f1,1983,04,15,0.5068172170447156,7.645478,-6.3328724,1983
12158,r4i1p1f1,1983,04,16,0.0,10.98725,-4.296093,1983
12159,r4i1p1f1,1983,04,17,0.0718972502650042,10.1914835,-3.1731293,1983
12160,r4i1p1f1,1983,04,18,0.09304594702671526,4.600937,-8.206814,1983
12161,r4i1p1f1,1983,04,19,0.5502602145491631,0.8270917,-9.240646,1983
12162,r4i1p1f1,1983,04,20,8.818097075064086,2.0755599,-7.635746,1983
12163,r4i1p1f1,1983,04,21,7.79598746021087,1.6295313,-7.8842216,1983
12164,r4i1p1f1,1983,04,22,0.0,9.587996,-4.797935,1983
12165,r4i1p1f1,1983,04,23,0.0,13.680947,-2.9495854,1983
12166,r4i1p1f1,1983,04,24,0.0,16.216957,-0.3186544,1983
12167,r4i1p1f1,1983,04,25,0.0,15.955301,1.6832995,1983
12168,r4i1p1f1,1983,04,26,3.5954328248400045,10.67656,-1.1411206,1983
12169,r4i1p1f1,1983,04,27,5.314541983037446,-0.85776967,-12.336231,1983
12170,r4i1p1f1,1983,04,28,3.105852205730799,-1.4181803,-9.214189,1983
12171,r4i1p1f1,1983,04,29,0.0278687251130779,7.2105355,-5.65068,1983
12172,r4i1p1f1,1983,04,30,0.0,10.761027,-5.3808866,1983
12173,r4i1p1f1,1983,05,01,3.011829930886245,8.51643,-4.3476048,1983
12174,r4i1p1f1,1983,05,02,5.365569295815776,4.255634,-3.6339195,1983
12175,r4i1p1f1,1983,05,03,20.85565127289066,1.2689842,-8.98102,1983
12176,r4i1p1f1,1983,05,04,2.7505065065541787,2.804788,-8.923673,1983
12177,r4i1p1f1,1983,05,05,0.9904452054242157,3.7995172,-5.1073337,1983
12178,r4i1p1f1,1983,05,06,10.476505045533576,0.81091887,-6.155105,1983
12179,r4i1p1f1,1983,05,07,0.023628299638662673,4.37932,-9.966864,1983
12180,r4i1p1f1,1983,05,08,0.02004393910814279,5.742463,-4.6557326,1983
12181,r4i1p1f1,1983,05,09,0.2742357904359338,3.80113,-7.0631285,1983
12182,r4i1p1f1,1983,05,10,4.328084235409869,-0.6262699,-10.579075,1983
12183,r4i1p1f1,1983,05,11,0.17279937696562578,4.1877017,-7.6868544,1983
12184,r4i1p1f1,1983,05,12,1.539315987585057,2.466398,-4.631542,1983
12185,r4i1p1f1,1983,05,13,0.009718026301604421,7.6688156,-2.712014,1983
12186,r4i1p1f1,1983,05,14,0.0,12.5087,-3.2366874,1983
12187,r4i1p1f1,1983,05,15,0.0,11.41126,-0.93246883,1983
12188,r4i1p1f1,1983,05,16,0.0,9.4449415,-2.7025564,1983
12189,r4i1p1f1,1983,05,17,0.38378130645646313,5.034534,-2.8436787,1983
12190,r4i1p1f1,1983,05,18,7.3689417048490835,-0.1374765,-6.481683,1983
12191,r4i1p1f1,1983,05,19,41.35765443636079,-0.8330121,-6.866813,1983
12192,r4i1p1f1,1983,05,20,0.0018602543979581883,9.285674,-5.8406277,1983
12193,r4i1p1f1,1983,05,21,0.0,15.392169,-1.8467015,1983
12194,r4i1p1f1,1983,05,22,0.17164612568503224,16.195084,0.06306472,1983
12195,r4i1p1f1,1983,05,23,0.09271385147772536,16.306013,2.71404,1983
12196,r4i1p1f1,1983,05,24,1.3136444493959136,15.613307,1.7326475,1983
12197,r4i1p1f1,1983,05,25,0.0,12.304417,2.6303523,1983
12198,r4i1p1f1,1983,05,26,0.005286476523215077,10.34445,0.5891884,1983
12199,r4i1p1f1,1983,05,27,0.0,7.238271,-3.5637732,1983
12200,r4i1p1f1,1983,05,28,0.0,6.958221,-6.720331,1983
12201,r4i1p1f1,1983,05,29,0.0,12.605529,-2.423269,1983
12202,r4i1p1f1,1983,05,30,0.0,17.656778,1.8594728,1983
12203,r4i1p1f1,1983,05,31,0.0,20.142918,4.291419,1983
12204,r4i1p1f1,1983,06,01,0.2320644738270092,21.280136,5.6354227,1983
12205,r4i1p1f1,1983,06,02,0.0,18.587156,5.6543202,1983
12206,r4i1p1f1,1983,06,03,0.0,18.790943,5.0858107,1983
12207,r4i1p1f1,1983,06,04,0.0,20.25943,4.06642,1983
12208,r4i1p1f1,1983,06,05,0.0,19.402302,5.2490873,1983
12209,r4i1p1f1,1983,06,06,0.03133850343756133,16.919868,1.7811556,1983
12210,r4i1p1f1,1983,06,07,0.0,14.816641,3.227013,1983
12211,r4i1p1f1,1983,06,08,0.02452262002464839,11.264544,1.4555123,1983
12212,r4i1p1f1,1983,06,09,0.0,11.959174,-3.1510272,1983
12213,r4i1p1f1,1983,06,10,0.0,16.187365,-0.33876982,1983
12214,r4i1p1f1,1983,06,11,0.0,22.759237,6.0245085,1983
12215,r4i1p1f1,1983,06,12,0.0,26.426785,9.216429,1983
12216,r4i1p1f1,1983,06,13,0.0,26.649473,10.538838,1983
12217,r4i1p1f1,1983,06,14,0.0,26.16218,10.56236,1983
12218,r4i1p1f1,1983,06,15,0.0,25.29161,10.08692,1983
12219,r4i1p1f1,1983,06,16,0.0,24.121521,9.33301,1983
12220,r4i1p1f1,1983,06,17,0.01914505928447175,22.625463,8.588648,1983
12221,r4i1p1f1,1983,06,18,0.0,20.01601,5.1884685,1983
12222,r4i1p1f1,1983,06,19,0.0,19.936003,6.731969,1983
12223,r4i1p1f1,1983,06,20,1.3580043354728555,15.913734,3.951932,1983
12224,r4i1p1f1,1983,06,21,0.09164399007410105,14.5295105,2.4190066,1983
12225,r4i1p1f1,1983,06,22,0.0,19.710743,4.0342455,1983
12226,r4i1p1f1,1983,06,23,0.0,23.706615,7.310708,1983
12227,r4i1p1f1,1983,06,24,0.0,25.804783,8.743263,1983
12228,r4i1p1f1,1983,06,25,0.0,27.653362,10.400944,1983
12229,r4i1p1f1,1983,06,26,0.0,27.297295,12.031654,1983
12230,r4i1p1f1,1983,06,27,0.0,25.84141,11.102506,1983
12231,r4i1p1f1,1983,06,28,0.0,25.219374,10.529299,1983
12232,r4i1p1f1,1983,06,29,0.0,25.657883,10.735546,1983
12233,r4i1p1f1,1983,06,30,0.5001454486016356,24.492006,10.334517,1983
12234,r4i1p1f1,1983,07,01,0.2746084513421002,22.37582,10.145485,1983
12235,r4i1p1f1,1983,07,02,0.0,23.87948,8.129797,1983
12236,r4i1p1f1,1983,07,03,0.0,25.7885,9.87859,1983
12237,r4i1p1f1,1983,07,04,0.0,25.313334,10.481528,1983
12238,r4i1p1f1,1983,07,05,0.0,23.351261,9.512309,1983
12239,r4i1p1f1,1983,07,06,0.0,18.138783,3.8186657,1983
12240,r4i1p1f1,1983,07,07,0.008386172214562466,14.548652,1.7648133,1983
12241,r4i1p1f1,1983,07,08,1.1406315987969473,10.089681,0.023001071,1983
12242,r4i1p1f1,1983,07,09,0.0,15.755998,-2.091989,1983
12243,r4i1p1f1,1983,07,10,0.0,21.101994,3.2980413,1983
12244,r4i1p1f1,1983,07,11,0.0,23.50291,7.493092,1983
12245,r4i1p1f1,1983,07,12,0.0,22.864214,9.050353,1983
12246,r4i1p1f1,1983,07,13,0.0,20.719606,4.9662104,1983
12247,r4i1p1f1,1983,07,14,0.0,20.00857,4.963739,1983
12248,r4i1p1f1,1983,07,15,0.0,19.44916,4.6855793,1983
12249,r4i1p1f1,1983,07,16,0.0,21.365013,5.6459045,1983
12250,r4i1p1f1,1983,07,17,0.0,23.65721,6.9635124,1983
12251,r4i1p1f1,1983,07,18,0.0,23.191196,8.094501,1983
12252,r4i1p1f1,1983,07,19,0.0,22.537457,8.930195,1983
12253,r4i1p1f1,1983,07,20,0.0,22.415915,8.441651,1983
12254,r4i1p1f1,1983,07,21,0.0,24.347517,8.083399,1983
12255,r4i1p1f1,1983,07,22,0.0,24.260801,9.713963,1983
12256,r4i1p1f1,1983,07,23,0.0,24.219011,10.281885,1983
12257,r4i1p1f1,1983,07,24,0.0,24.05525,9.50252,1983
12258,r4i1p1f1,1983,07,25,0.0,21.389511,6.8189197,1983
12259,r4i1p1f1,1983,07,26,0.0,20.713383,5.3027763,1983
12260,r4i1p1f1,1983,07,27,0.0,19.840672,6.3487864,1983
12261,r4i1p1f1,1983,07,28,0.0,17.484968,3.988643,1983
12262,r4i1p1f1,1983,07,29,0.0,17.163578,2.84965,1983
12263,r4i1p1f1,1983,07,30,0.0,19.149586,3.8566992,1983
12264,r4i1p1f1,1983,07,31,0.0,23.306517,6.5103436,1983
12265,r4i1p1f1,1983,08,01,0.0,22.704153,10.081494,1983
12266,r4i1p1f1,1983,08,02,0.0738595378816871,20.525011,6.7184114,1983
12267,r4i1p1f1,1983,08,03,0.0,22.085527,5.8248234,1983
12268,r4i1p1f1,1983,08,04,0.0,21.385324,6.1351256,1983
12269,r4i1p1f1,1983,08,05,0.0,20.066214,5.2625027,1983
12270,r4i1p1f1,1983,08,06,0.0,19.233877,4.650007,1983
12271,r4i1p1f1,1983,08,07,0.0,23.266867,6.750507,1983
12272,r4i1p1f1,1983,08,08,0.0,26.874207,9.453476,1983
12273,r4i1p1f1,1983,08,09,0.0,28.946278,11.821052,1983
12274,r4i1p1f1,1983,08,10,0.0,29.001352,11.951177,1983
12275,r4i1p1f1,1983,08,11,0.6503900148283834,27.717764,13.908468,1983
12276,r4i1p1f1,1983,08,12,0.050202445281149054,25.130627,12.299498,1983
12277,r4i1p1f1,1983,08,13,4.24300883541164,24.096457,10.950172,1983
12278,r4i1p1f1,1983,08,14,8.699615002111733,19.448242,9.764079,1983
12279,r4i1p1f1,1983,08,15,2.0630717099315277,21.3701,5.1371207,1983
12280,r4i1p1f1,1983,08,16,2.4160545675527927,21.427471,8.07857,1983
12281,r4i1p1f1,1983,08,17,1.2949078215738627,19.767828,6.497152,1983
12282,r4i1p1f1,1983,08,18,0.4695007705180516,19.90021,2.954129,1983
12283,r4i1p1f1,1983,08,19,0.0,20.07584,3.6237442,1983
12284,r4i1p1f1,1983,08,20,0.0,22.352863,5.5502434,1983
12285,r4i1p1f1,1983,08,21,0.0,21.883467,6.1042285,1983
12286,r4i1p1f1,1983,08,22,0.0,21.619429,4.8540025,1983
12287,r4i1p1f1,1983,08,23,0.0,21.05607,4.9123125,1983
12288,r4i1p1f1,1983,08,24,0.0,19.743042,5.2954903,1983
12289,r4i1p1f1,1983,08,25,0.0,19.263624,4.0832615,1983
12290,r4i1p1f1,1983,08,26,0.0,21.33863,4.4254546,1983
12291,r4i1p1f1,1983,08,27,0.0,24.702854,6.7731504,1983
12292,r4i1p1f1,1983,08,28,0.0,25.438593,8.305338,1983
12293,r4i1p1f1,1983,08,29,0.0,24.971287,9.660942,1983
12294,r4i1p1f1,1983,08,30,0.0,22.274935,6.748218,1983
12295,r4i1p1f1,1983,08,31,0.0,20.555237,3.8630908,1983
12296,r4i1p1f1,1983,09,01,0.0,23.054634,6.1006885,1983
12297,r4i1p1f1,1983,09,02,0.0,24.932394,7.9045835,1983
12298,r4i1p1f1,1983,09,03,0.0,24.665226,7.8271804,1983
12299,r4i1p1f1,1983,09,04,0.0,24.433561,7.7843366,1983
12300,r4i1p1f1,1983,09,05,0.0,25.982368,9.635794,1983
12301,r4i1p1f1,1983,09,06,0.0,25.180664,9.978598,1983
12302,r4i1p1f1,1983,09,07,0.029049247528104494,24.692654,9.314295,1983
12303,r4i1p1f1,1983,09,08,4.3407613221909935,23.729788,12.932496,1983
12304,r4i1p1f1,1983,09,09,0.0,20.997814,5.614906,1983
12305,r4i1p1f1,1983,09,10,0.0,22.670694,7.26355,1983
12306,r4i1p1f1,1983,09,11,0.0,24.507753,7.151501,1983
12307,r4i1p1f1,1983,09,12,0.0,23.618519,7.794419,1983
12308,r4i1p1f1,1983,09,13,0.0,22.616661,6.595979,1983
12309,r4i1p1f1,1983,09,14,0.0,23.701744,6.9733253,1983
12310,r4i1p1f1,1983,09,15,0.0,23.257738,8.86361,1983
12311,r4i1p1f1,1983,09,16,0.0,22.456182,7.5430684,1983
12312,r4i1p1f1,1983,09,17,0.0,22.503128,6.2899404,1983
12313,r4i1p1f1,1983,09,18,0.0,21.594063,6.7353125,1983
12314,r4i1p1f1,1983,09,19,0.0,18.657837,3.8462806,1983
12315,r4i1p1f1,1983,09,20,1.6781873502076743,5.1414647,-5.2817407,1983
12316,r4i1p1f1,1983,09,21,0.0,9.268062,-7.2514024,1983
12317,r4i1p1f1,1983,09,22,0.0,8.61556,-2.452302,1983
12318,r4i1p1f1,1983,09,23,0.3425302078564663,9.455181,-1.5191109,1983
12319,r4i1p1f1,1983,09,24,0.0,13.245115,-0.8401282,1983
12320,r4i1p1f1,1983,09,25,0.0,15.526715,-1.2149507,1983
12321,r4i1p1f1,1983,09,26,0.0,13.949108,-0.66074854,1983
12322,r4i1p1f1,1983,09,27,0.0,14.038298,-0.7432405,1983
12323,r4i1p1f1,1983,09,28,0.0,17.03882,0.37050605,1983
12324,r4i1p1f1,1983,09,29,0.0,18.803854,2.7120395,1983
12325,r4i1p1f1,1983,09,30,0.0,21.227821,5.3223166,1983
12326,r4i1p1f1,1983,10,01,0.0,21.326843,5.8178363,1983
12327,r4i1p1f1,1983,10,02,0.0,18.502966,4.6887965,1983
12328,r4i1p1f1,1983,10,03,0.0,13.315249,0.28889492,1983
12329,r4i1p1f1,1983,10,04,0.0,9.886991,-3.6235921,1983
12330,r4i1p1f1,1983,10,05,0.0,11.892278,-2.442201,1983
12331,r4i1p1f1,1983,10,06,0.0,14.337179,-1.5445594,1983
12332,r4i1p1f1,1983,10,07,0.0,17.230589,1.2457091,1983
12333,r4i1p1f1,1983,10,08,0.0,20.500261,3.7507858,1983
12334,r4i1p1f1,1983,10,09,0.0,21.37792,5.57727,1983
12335,r4i1p1f1,1983,10,10,0.0,20.789757,7.008572,1983
12336,r4i1p1f1,1983,10,11,0.005050814076857767,18.456554,5.222163,1983
12337,r4i1p1f1,1983,10,12,0.0,17.810242,2.6640253,1983
12338,r4i1p1f1,1983,10,13,0.0,20.669907,4.775903,1983
12339,r4i1p1f1,1983,10,14,0.0,22.125406,5.504038,1983
12340,r4i1p1f1,1983,10,15,0.0,23.214365,7.315282,1983
12341,r4i1p1f1,1983,10,16,0.0,21.373606,6.868972,1983
12342,r4i1p1f1,1983,10,17,0.0,17.518503,4.2108912,1983
12343,r4i1p1f1,1983,10,18,0.0,10.931876,-2.4158733,1983
12344,r4i1p1f1,1983,10,19,2.145031558320954,13.835124,2.4810662,1983
12345,r4i1p1f1,1983,10,20,6.316928109195917,20.793013,8.107525,1983
12346,r4i1p1f1,1983,10,21,39.88489992421424,20.541115,10.541672,1983
12347,r4i1p1f1,1983,10,22,45.30785881084015,14.228189,4.162627,1983
12348,r4i1p1f1,1983,10,23,0.0,12.409125,-3.1017215,1983
12349,r4i1p1f1,1983,10,24,0.0,12.115504,1.6951984,1983
12350,r4i1p1f1,1983,10,25,0.0,17.076504,-0.21748076,1983
12351,r4i1p1f1,1983,10,26,0.0,16.877764,2.9715695,1983
12352,r4i1p1f1,1983,10,27,4.61824362862084,20.648102,9.352402,1983
12353,r4i1p1f1,1983,10,28,0.0,12.642153,-1.8751707,1983
12354,r4i1p1f1,1983,10,29,0.01835359994422674,9.377659,-0.8487009,1983
12355,r4i1p1f1,1983,10,30,2.965620590941596,9.744958,-3.4277914,1983
12356,r4i1p1f1,1983,10,31,30.680894546212873,10.434742,1.7894151,1983
12357,r4i1p1f1,1983,11,01,21.038031320475312,9.273837,1.4549837,1983
12358,r4i1p1f1,1983,11,02,9.825889946515167,6.323631,-5.707894,1983
12359,r4i1p1f1,1983,11,03,0.0,6.511104,-5.8034387,1983
12360,r4i1p1f1,1983,11,04,0.06557991930003894,9.528405,-3.9623415,1983
12361,r4i1p1f1,1983,11,05,0.0,10.557463,-3.5370188,1983
12362,r4i1p1f1,1983,11,06,0.9273670925035135,9.512079,-0.39899436,1983
12363,r4i1p1f1,1983,11,07,0.0,10.080087,-3.791679,1983
12364,r4i1p1f1,1983,11,08,0.3160449708266077,9.42255,-1.5860344,1983
12365,r4i1p1f1,1983,11,09,0.5038208632814691,4.98466,-6.870207,1983
12366,r4i1p1f1,1983,11,10,0.0,-0.9040768,-9.0589695,1983
12367,r4i1p1f1,1983,11,11,0.0,3.1497765,-9.658658,1983
12368,r4i1p1f1,1983,11,12,0.0,8.759438,-5.3935046,1983
12369,r4i1p1f1,1983,11,13,0.0,12.382339,-3.048087,1983
12370,r4i1p1f1,1983,11,14,0.0,11.659073,-1.9667419,1983
12371,r4i1p1f1,1983,11,15,0.0,8.5398035,-1.2658948,1983
12372,r4i1p1f1,1983,11,16,0.0,7.1792703,-5.0833955,1983
12373,r4i1p1f1,1983,11,17,1.391770685476088,8.397379,-1.9311799,1983
12374,r4i1p1f1,1983,11,18,1.0850865469163438,10.417469,0.5234738,1983
12375,r4i1p1f1,1983,11,19,0.0,9.846179,-5.07206,1983
12376,r4i1p1f1,1983,11,20,0.0,8.042675,-3.8571815,1983
12377,r4i1p1f1,1983,11,21,0.011620041084627523,9.900218,-2.4837017,1983
12378,r4i1p1f1,1983,11,22,0.0,14.14984,-0.80467385,1983
12379,r4i1p1f1,1983,11,23,0.0,14.124568,-0.49033305,1983
12380,r4i1p1f1,1983,11,24,0.0,12.796764,-0.79837424,1983
12381,r4i1p1f1,1983,11,25,0.08197988037649981,10.070178,-0.5720052,1983
12382,r4i1p1f1,1983,11,26,0.9169710206517916,3.5283537,-7.5888505,1983
12383,r4i1p1f1,1983,11,27,0.7778652926501465,1.1807531,-7.703244,1983
12384,r4i1p1f1,1983,11,28,0.4819761541832978,1.7788581,-9.309935,1983
12385,r4i1p1f1,1983,11,29,3.295895960352492,-0.10351956,-8.249572,1983
12386,r4i1p1f1,1983,11,30,0.0,0.8245596,-12.761467,1983
12387,r4i1p1f1,1983,12,01,2.972033044610874,-4.04651,-13.316645,1983
12388,r4i1p1f1,1983,12,02,0.0,-1.0146886,-15.719574,1983
12389,r4i1p1f1,1983,12,03,0.0,0.96632004,-15.53241,1983
12390,r4i1p1f1,1983,12,04,0.0,5.0519414,-12.443873,1983
12391,r4i1p1f1,1983,12,05,0.0,7.179331,-4.2189536,1983
12392,r4i1p1f1,1983,12,06,0.0,9.660921,-6.895089,1983
12393,r4i1p1f1,1983,12,07,0.0,8.943963,-2.4543173,1983
12394,r4i1p1f1,1983,12,08,0.006811484869367262,7.5665936,-3.8302462,1983
12395,r4i1p1f1,1983,12,09,14.248979075814963,4.2728734,-5.161641,1983
12396,r4i1p1f1,1983,12,10,0.0,8.082407,-7.8517647,1983
12397,r4i1p1f1,1983,12,11,0.0,8.980157,-5.7489557,1983
12398,r4i1p1f1,1983,12,12,9.853352685956752,4.625958,-3.9256423,1983
12399,r4i1p1f1,1983,12,13,0.0,2.7563965,-12.531423,1983
12400,r4i1p1f1,1983,12,14,0.0,7.2676134,-6.6366477,1983
12401,r4i1p1f1,1983,12,15,0.0,6.9690137,-4.752594,1983
12402,r4i1p1f1,1983,12,16,19.324169618594333,4.3593116,-4.1030474,1983
12403,r4i1p1f1,1983,12,17,55.780962080646276,2.3356392,-6.997795,1983
12404,r4i1p1f1,1983,12,18,42.246477479563936,-0.3417383,-7.5128183,1983
12405,r4i1p1f1,1983,12,19,15.397645420291065,-1.4408313,-7.9289575,1983
12406,r4i1p1f1,1983,12,20,3.329428254317348,-1.9918445,-10.383217,1983
12407,r4i1p1f1,1983,12,21,0.8221713939496096,-3.1245267,-15.687467,1983
12408,r4i1p1f1,1983,12,22,0.0,-2.2802315,-17.298557,1983
12409,r4i1p1f1,1983,12,23,0.12878382612600273,-1.1486,-12.154455,1983
12410,r4i1p1f1,1983,12,24,5.944415161502548,-3.2484207,-9.028831,1983
12411,r4i1p1f1,1983,12,25,0.0,-1.7793276,-13.39508,1983
12412,r4i1p1f1,1983,12,26,0.0,-0.3853291,-12.836861,1983
12413,r4i1p1f1,1983,12,27,0.4278396744711948,-1.5120107,-10.671184,1983
12414,r4i1p1f1,1983,12,28,0.0,0.70513,-12.657584,1983
12415,r4i1p1f1,1983,12,29,0.0,0.35676292,-11.715024,1983
12416,r4i1p1f1,1983,12,30,0.0,0.9723072,-11.282966,1983
12417,r4i1p1f1,1983,12,31,0.0,5.582079,-6.487874,1983
12418,r4i1p1f1,1984,01,01,0.0,8.545991,-4.1671147,1984
12419,r4i1p1f1,1984,01,02,0.0,8.234949,-3.701758,1984
12420,r4i1p1f1,1984,01,03,0.7829750601176043,5.2933292,-5.733734,1984
12421,r4i1p1f1,1984,01,04,4.661088246136153,-4.9501715,-12.633978,1984
12422,r4i1p1f1,1984,01,05,0.0,-2.9417758,-17.092999,1984
12423,r4i1p1f1,1984,01,06,0.0,-4.220967,-16.808792,1984
12424,r4i1p1f1,1984,01,07,0.33204708883064227,-2.1321137,-10.161501,1984
12425,r4i1p1f1,1984,01,08,0.0,1.0080831,-12.332086,1984
12426,r4i1p1f1,1984,01,09,0.0,4.6420274,-7.4661517,1984
12427,r4i1p1f1,1984,01,10,0.0,3.28154,-6.7622957,1984
12428,r4i1p1f1,1984,01,11,1.2573257150885446,-0.8913563,-12.6277075,1984
12429,r4i1p1f1,1984,01,12,0.0,-3.998641,-17.244705,1984
12430,r4i1p1f1,1984,01,13,0.0,-10.71398,-22.816061,1984
12431,r4i1p1f1,1984,01,14,0.0,-4.6431913,-19.196484,1984
12432,r4i1p1f1,1984,01,15,0.0,1.092356,-10.155398,1984
12433,r4i1p1f1,1984,01,16,0.0,2.528189,-8.659481,1984
12434,r4i1p1f1,1984,01,17,0.0,3.5196548,-11.009126,1984
12435,r4i1p1f1,1984,01,18,0.0,6.704402,-8.170824,1984
12436,r4i1p1f1,1984,01,19,0.0,6.372939,-5.1731205,1984
12437,r4i1p1f1,1984,01,20,0.0,5.135794,-6.6070986,1984
12438,r4i1p1f1,1984,01,21,7.371021534012824,-1.1809891,-9.291665,1984
12439,r4i1p1f1,1984,01,22,0.0,-2.6332495,-14.654178,1984
12440,r4i1p1f1,1984,01,23,0.0,1.557963,-13.323562,1984
12441,r4i1p1f1,1984,01,24,0.0,1.4938291,-11.389018,1984
12442,r4i1p1f1,1984,01,25,0.0,5.403773,-9.538453,1984
12443,r4i1p1f1,1984,01,26,0.0,9.735284,-5.8496385,1984
12444,r4i1p1f1,1984,01,27,0.0,13.042589,-0.5864272,1984
12445,r4i1p1f1,1984,01,28,0.14815852677144586,10.040724,0.06017521,1984
12446,r4i1p1f1,1984,01,29,0.0,6.9525456,-6.7601438,1984
12447,r4i1p1f1,1984,01,30,0.0,6.460362,-5.0707603,1984
12448,r4i1p1f1,1984,01,31,10.570669353057786,2.1464875,-9.9155245,1984
12449,r4i1p1f1,1984,02,01,17.111550211933825,-2.345938,-11.068209,1984
12450,r4i1p1f1,1984,02,02,20.838369114579404,-3.7354374,-9.679846,1984
12451,r4i1p1f1,1984,02,03,6.559869030196055,-2.060151,-10.658308,1984
12452,r4i1p1f1,1984,02,04,0.0,2.8447514,-15.449412,1984
12453,r4i1p1f1,1984,02,05,0.0,2.975358,-10.403652,1984
12454,r4i1p1f1,1984,02,06,2.296112948323963,0.67645454,-10.532224,1984
12455,r4i1p1f1,1984,02,07,2.0656422344423575,2.705832,-7.491099,1984
12456,r4i1p1f1,1984,02,08,0.0,5.8288364,-8.276323,1984
12457,r4i1p1f1,1984,02,09,0.0,4.923006,-8.290508,1984
12458,r4i1p1f1,1984,02,10,2.251025367054374,0.5264974,-8.509233,1984
12459,r4i1p1f1,1984,02,11,0.043659878810107806,2.957075,-5.1539974,1984
12460,r4i1p1f1,1984,02,12,0.0,6.017862,-7.2275367,1984
12461,r4i1p1f1,1984,02,13,24.173947760458127,3.2404885,-8.425429,1984
12462,r4i1p1f1,1984,02,14,10.356873920415444,1.537677,-6.6722984,1984
12463,r4i1p1f1,1984,02,15,0.02765875152729418,4.9918637,-3.3351598,1984
12464,r4i1p1f1,1984,02,16,0.4271785069441109,9.230418,-5.9234443,1984
12465,r4i1p1f1,1984,02,17,63.103880107031955,5.078413,-2.48523,1984
12466,r4i1p1f1,1984,02,18,8.932027128884332,3.5523775,-6.2767773,1984
12467,r4i1p1f1,1984,02,19,0.0,6.6917944,-6.9969125,1984
12468,r4i1p1f1,1984,02,20,0.0,4.7162304,-6.637536,1984
12469,r4i1p1f1,1984,02,21,0.0,6.257975,-5.2646074,1984
12470,r4i1p1f1,1984,02,22,0.0,10.204582,-3.732575,1984
12471,r4i1p1f1,1984,02,23,0.0,11.648174,-0.949213,1984
12472,r4i1p1f1,1984,02,24,0.0,11.544298,-2.3675122,1984
12473,r4i1p1f1,1984,02,25,13.175546860546758,9.003356,-3.3429978,1984
12474,r4i1p1f1,1984,02,26,0.0,5.987297,-5.7549396,1984
12475,r4i1p1f1,1984,02,27,0.0,9.198047,-4.651909,1984
12476,r4i1p1f1,1984,02,28,0.1290155148426781,7.8542647,-3.1396449,1984
12477,r4i1p1f1,1984,02,29,0.16544425613257394,3.6236832,-7.4200654,1984
12478,r4i1p1f1,1984,03,01,0.0,7.7649455,-8.51705,1984
12479,r4i1p1f1,1984,03,02,0.004597660532717412,8.970045,-4.1589575,1984
12480,r4i1p1f1,1984,03,03,14.994039891007972,4.355075,-7.1530104,1984
12481,r4i1p1f1,1984,03,04,0.11375035471135404,0.6912095,-12.664375,1984
12482,r4i1p1f1,1984,03,05,1.4804303006445372,2.2790415,-7.7422895,1984
12483,r4i1p1f1,1984,03,06,4.657935144168568,0.18992911,-6.0492544,1984
12484,r4i1p1f1,1984,03,07,40.00070179334306,-2.6982555,-10.884405,1984
12485,r4i1p1f1,1984,03,08,22.655136659751935,-3.5470319,-10.266415,1984
12486,r4i1p1f1,1984,03,09,0.0,1.8983679,-12.558059,1984
12487,r4i1p1f1,1984,03,10,0.005541515868600686,5.5521126,-8.567874,1984
12488,r4i1p1f1,1984,03,11,0.0028419419907126154,9.635543,-4.667264,1984
12489,r4i1p1f1,1984,03,12,0.0,8.789998,-2.322729,1984
12490,r4i1p1f1,1984,03,13,14.959274371197012,5.8234973,-7.7566814,1984
12491,r4i1p1f1,1984,03,14,0.02840672118159441,-1.8329493,-10.403661,1984
12492,r4i1p1f1,1984,03,15,0.0,1.1013275,-13.850349,1984
12493,r4i1p1f1,1984,03,16,0.0,5.9938264,-8.98337,1984
12494,r4i1p1f1,1984,03,17,0.0,10.093791,-5.5010476,1984
12495,r4i1p1f1,1984,03,18,0.0,11.916894,-4.1737523,1984
12496,r4i1p1f1,1984,03,19,0.0,10.963658,-3.7583354,1984
12497,r4i1p1f1,1984,03,20,0.0,12.179272,-2.6448917,1984
12498,r4i1p1f1,1984,03,21,0.0,15.851703,-0.0679197,1984
12499,r4i1p1f1,1984,03,22,0.0,13.842095,1.2642055,1984
12500,r4i1p1f1,1984,03,23,0.0,12.056611,-0.4870265,1984
12501,r4i1p1f1,1984,03,24,0.0,14.06532,-1.3912377,1984
12502,r4i1p1f1,1984,03,25,0.0,16.793398,0.40843993,1984
12503,r4i1p1f1,1984,03,26,0.0,18.246523,1.5220612,1984
12504,r4i1p1f1,1984,03,27,0.0,18.159323,4.3547854,1984
12505,r4i1p1f1,1984,03,28,0.0,15.866345,6.107189,1984
12506,r4i1p1f1,1984,03,29,0.0,14.62581,5.427373,1984
12507,r4i1p1f1,1984,03,30,2.6412174985936328,13.463565,4.126156,1984
12508,r4i1p1f1,1984,03,31,22.41127819409678,5.882663,-1.8808553,1984
12509,r4i1p1f1,1984,04,01,18.251092020054536,3.5819998,-5.1734214,1984
12510,r4i1p1f1,1984,04,02,0.20274359019383126,10.566202,-1.4398402,1984
12511,r4i1p1f1,1984,04,03,0.0,13.260444,-0.29533392,1984
12512,r4i1p1f1,1984,04,04,0.020573829778807756,11.727372,1.2262597,1984
12513,r4i1p1f1,1984,04,05,7.143069903207711,6.3625236,-2.1849847,1984
12514,r4i1p1f1,1984,04,06,1.10504278791803,7.44773,-3.8190234,1984
12515,r4i1p1f1,1984,04,07,2.9840361152178234,8.203825,-5.5019274,1984
12516,r4i1p1f1,1984,04,08,4.406368356331476,4.3500195,-2.9797719,1984
12517,r4i1p1f1,1984,04,09,3.7445236973272746,7.7630486,-4.4969926,1984
12518,r4i1p1f1,1984,04,10,2.499087532740971,7.1494827,-5.1705813,1984
12519,r4i1p1f1,1984,04,11,0.0,9.883915,-2.802729,1984
12520,r4i1p1f1,1984,04,12,0.0073895352006030195,13.030189,-0.045226704,1984
12521,r4i1p1f1,1984,04,13,0.0,11.56044,0.7047691,1984
12522,r4i1p1f1,1984,04,14,10.45142199690833,6.6214657,-6.502384,1984
12523,r4i1p1f1,1984,04,15,0.0,3.924423,-9.2512,1984
12524,r4i1p1f1,1984,04,16,0.0016036624685709462,2.8195558,-4.8838806,1984
12525,r4i1p1f1,1984,04,17,0.0,6.163644,-8.432326,1984
12526,r4i1p1f1,1984,04,18,0.0,7.855131,-6.649636,1984
12527,r4i1p1f1,1984,04,19,5.865129386092126,4.4177346,-4.4341164,1984
12528,r4i1p1f1,1984,04,20,1.0215086038948866,5.8759465,-6.7239957,1984
12529,r4i1p1f1,1984,04,21,0.0,10.501246,-4.96951,1984
12530,r4i1p1f1,1984,04,22,0.0,13.667279,-1.951561,1984
12531,r4i1p1f1,1984,04,23,0.0,12.383258,0.14788032,1984
12532,r4i1p1f1,1984,04,24,4.94430514571342,4.883342,-5.269888,1984
12533,r4i1p1f1,1984,04,25,1.049133958854512,4.440121,-4.0308504,1984
12534,r4i1p1f1,1984,04,26,0.0,11.192407,-4.5721345,1984
12535,r4i1p1f1,1984,04,27,0.07212060493192154,10.69624,-3.3768759,1984
12536,r4i1p1f1,1984,04,28,1.6926085782446476,6.3850293,-3.1725075,1984
12537,r4i1p1f1,1984,04,29,0.03605942745962732,7.660223,-4.5906105,1984
12538,r4i1p1f1,1984,04,30,1.2336308680558974,7.246801,-4.5054297,1984
12539,r4i1p1f1,1984,05,01,0.0033846765027562686,11.850366,-2.4905286,1984
12540,r4i1p1f1,1984,05,02,0.5675471176208172,10.23877,1.661631,1984
12541,r4i1p1f1,1984,05,03,0.008877154593240065,12.150598,-1.9539491,1984
12542,r4i1p1f1,1984,05,04,0.22078487851943535,11.985105,-2.012754,1984
12543,r4i1p1f1,1984,05,05,3.3738707114445368,6.7106156,-3.6151435,1984
12544,r4i1p1f1,1984,05,06,0.10575517219000356,9.043657,-3.575201,1984
12545,r4i1p1f1,1984,05,07,0.0,10.29022,-1.9427179,1984
12546,r4i1p1f1,1984,05,08,0.0,11.50122,-1.7428205,1984
12547,r4i1p1f1,1984,05,09,0.0,14.359541,0.4049551,1984
12548,r4i1p1f1,1984,05,10,0.0,16.096157,1.8921319,1984
12549,r4i1p1f1,1984,05,11,0.0,17.914452,3.1090791,1984
12550,r4i1p1f1,1984,05,12,0.5600690316192635,16.981977,4.561938,1984
12551,r4i1p1f1,1984,05,13,0.0,16.948587,2.3067963,1984
12552,r4i1p1f1,1984,05,14,0.0,17.555836,3.9451022,1984
12553,r4i1p1f1,1984,05,15,0.0,17.171959,4.1706476,1984
12554,r4i1p1f1,1984,05,16,0.0,16.56475,1.639098,1984
12555,r4i1p1f1,1984,05,17,0.0,17.928835,3.9100068,1984
12556,r4i1p1f1,1984,05,18,0.0,20.87384,5.485927,1984
12557,r4i1p1f1,1984,05,19,0.0,22.205585,7.540108,1984
12558,r4i1p1f1,1984,05,20,0.0,21.260921,7.466569,1984
12559,r4i1p1f1,1984,05,21,0.0,19.362442,5.1610656,1984
12560,r4i1p1f1,1984,05,22,0.0,14.133986,0.68766737,1984
12561,r4i1p1f1,1984,05,23,0.6216750119416263,10.265037,-2.4314702,1984
12562,r4i1p1f1,1984,05,24,0.008802990306235168,8.536376,-3.8234093,1984
12563,r4i1p1f1,1984,05,25,0.0,12.7224,-1.8894237,1984
12564,r4i1p1f1,1984,05,26,0.0,15.182498,0.67770946,1984
12565,r4i1p1f1,1984,05,27,0.0,17.81843,1.6809999,1984
12566,r4i1p1f1,1984,05,28,0.0,16.170918,2.546073,1984
12567,r4i1p1f1,1984,05,29,0.0,15.430303,3.200867,1984
12568,r4i1p1f1,1984,05,30,0.0,17.079273,1.9645,1984
12569,r4i1p1f1,1984,05,31,0.0,19.965439,4.395891,1984
12570,r4i1p1f1,1984,06,01,0.05917238370237274,19.357409,5.157512,1984
12571,r4i1p1f1,1984,06,02,0.8407584682243404,17.752298,4.432847,1984
12572,r4i1p1f1,1984,06,03,0.18693078631941837,17.851273,5.1553507,1984
12573,r4i1p1f1,1984,06,04,0.0,18.576271,4.0718055,1984
12574,r4i1p1f1,1984,06,05,0.0,17.789967,3.797816,1984
12575,r4i1p1f1,1984,06,06,0.0,15.977923,1.4309604,1984
12576,r4i1p1f1,1984,06,07,0.0,16.861912,2.6401117,1984
12577,r4i1p1f1,1984,06,08,0.0,16.546446,2.6133957,1984
12578,r4i1p1f1,1984,06,09,0.0,15.306359,3.18501,1984
12579,r4i1p1f1,1984,06,10,0.011087006711368386,16.038553,0.32138863,1984
12580,r4i1p1f1,1984,06,11,0.0,17.110752,2.207311,1984
12581,r4i1p1f1,1984,06,12,0.0,18.949724,3.2782414,1984
12582,r4i1p1f1,1984,06,13,0.0,22.87787,5.789861,1984
12583,r4i1p1f1,1984,06,14,0.0,25.861261,7.840531,1984
12584,r4i1p1f1,1984,06,15,0.0,24.833706,10.491014,1984
12585,r4i1p1f1,1984,06,16,0.0,22.555779,8.408538,1984
12586,r4i1p1f1,1984,06,17,0.0,19.036036,4.7937474,1984
12587,r4i1p1f1,1984,06,18,0.0,14.808437,1.3276536,1984
12588,r4i1p1f1,1984,06,19,0.0,17.172274,1.0462462,1984
12589,r4i1p1f1,1984,06,20,0.0,18.564888,2.5635784,1984
12590,r4i1p1f1,1984,06,21,0.4662023074066317,18.034185,4.924055,1984
12591,r4i1p1f1,1984,06,22,0.4122485418795957,13.843471,2.5462873,1984
12592,r4i1p1f1,1984,06,23,0.25779297578317634,15.76391,2.1914144,1984
12593,r4i1p1f1,1984,06,24,0.14292366304371623,17.62581,2.054632,1984
12594,r4i1p1f1,1984,06,25,0.0,18.660702,3.719923,1984
12595,r4i1p1f1,1984,06,26,0.0,20.675354,4.5154405,1984
12596,r4i1p1f1,1984,06,27,0.004432258068170921,20.55737,6.7943716,1984
12597,r4i1p1f1,1984,06,28,0.03420167687671402,19.55859,5.3879514,1984
12598,r4i1p1f1,1984,06,29,0.0,18.393015,3.5570402,1984
12599,r4i1p1f1,1984,06,30,0.0,17.554873,2.8759246,1984
12600,r4i1p1f1,1984,07,01,0.0,16.684675,1.0602387,1984
12601,r4i1p1f1,1984,07,02,0.0,16.640509,2.2875726,1984
12602,r4i1p1f1,1984,07,03,0.0,18.00751,2.3980124,1984
12603,r4i1p1f1,1984,07,04,0.0,18.453756,2.6925943,1984
12604,r4i1p1f1,1984,07,05,0.0,19.358791,3.3493316,1984
12605,r4i1p1f1,1984,07,06,0.0,19.129759,4.674111,1984
12606,r4i1p1f1,1984,07,07,0.0,19.814165,4.12529,1984
12607,r4i1p1f1,1984,07,08,0.0,18.957563,3.7142928,1984
12608,r4i1p1f1,1984,07,09,0.0,20.062307,4.3209286,1984
12609,r4i1p1f1,1984,07,10,0.0,23.901579,6.622544,1984
12610,r4i1p1f1,1984,07,11,0.0,26.710543,9.690306,1984
12611,r4i1p1f1,1984,07,12,0.0,27.40236,10.685026,1984
12612,r4i1p1f1,1984,07,13,0.0,26.813366,11.945333,1984
12613,r4i1p1f1,1984,07,14,0.0,28.738506,12.152963,1984
12614,r4i1p1f1,1984,07,15,0.0,28.088314,12.431762,1984
12615,r4i1p1f1,1984,07,16,0.0,27.38549,12.253804,1984
12616,r4i1p1f1,1984,07,17,0.0,27.912928,11.9681425,1984
12617,r4i1p1f1,1984,07,18,0.0,27.568726,12.190298,1984
12618,r4i1p1f1,1984,07,19,0.0,26.381115,11.098982,1984
12619,r4i1p1f1,1984,07,20,0.0,25.171175,7.83562,1984
12620,r4i1p1f1,1984,07,21,0.0,27.819738,9.794607,1984
12621,r4i1p1f1,1984,07,22,0.11775069290611943,27.475986,13.540254,1984
12622,r4i1p1f1,1984,07,23,0.6865043050562252,25.208967,12.623743,1984
12623,r4i1p1f1,1984,07,24,0.6183834619891495,21.199123,11.42509,1984
12624,r4i1p1f1,1984,07,25,0.34412068098349435,21.79401,7.915678,1984
12625,r4i1p1f1,1984,07,26,0.0,23.703989,6.9808702,1984
12626,r4i1p1f1,1984,07,27,0.013617052034500194,24.097443,10.183852,1984
12627,r4i1p1f1,1984,07,28,0.0,25.559391,8.942921,1984
12628,r4i1p1f1,1984,07,29,0.0,26.380785,9.72783,1984
12629,r4i1p1f1,1984,07,30,0.0,26.093113,11.182387,1984
12630,r4i1p1f1,1984,07,31,0.0,25.325094,10.427779,1984
12631,r4i1p1f1,1984,08,01,0.0,26.024572,10.351902,1984
12632,r4i1p1f1,1984,08,02,0.002448165050983783,25.723978,10.254379,1984
12633,r4i1p1f1,1984,08,03,0.24351309820637212,25.137644,11.14296,1984
12634,r4i1p1f1,1984,08,04,1.5922505244997496,23.347742,7.7163024,1984
12635,r4i1p1f1,1984,08,05,2.736102553594863,23.725756,8.550338,1984
12636,r4i1p1f1,1984,08,06,6.331807905862084,17.887573,7.632529,1984
12637,r4i1p1f1,1984,08,07,1.1633497208210153,17.626337,3.3023002,1984
12638,r4i1p1f1,1984,08,08,0.0,19.522953,4.7689342,1984
12639,r4i1p1f1,1984,08,09,0.0,20.918337,5.1518626,1984
12640,r4i1p1f1,1984,08,10,0.0,20.103,5.770917,1984
12641,r4i1p1f1,1984,08,11,0.011169244150728055,21.056513,4.465685,1984
12642,r4i1p1f1,1984,08,12,0.0,23.212399,6.61957,1984
12643,r4i1p1f1,1984,08,13,0.0,22.072432,7.1870284,1984
12644,r4i1p1f1,1984,08,14,0.0,19.709068,4.615349,1984
12645,r4i1p1f1,1984,08,15,0.0,18.502974,3.09225,1984
12646,r4i1p1f1,1984,08,16,0.0,17.304077,3.3839865,1984
12647,r4i1p1f1,1984,08,17,0.0007345009925306408,18.252678,1.9536692,1984
12648,r4i1p1f1,1984,08,18,0.0,18.44259,2.3884487,1984
12649,r4i1p1f1,1984,08,19,0.0,17.25,2.7337728,1984
12650,r4i1p1f1,1984,08,20,0.0,17.495584,2.7757654,1984
12651,r4i1p1f1,1984,08,21,0.0,20.088133,3.3162496,1984
12652,r4i1p1f1,1984,08,22,0.0,22.80124,6.2057195,1984
12653,r4i1p1f1,1984,08,23,0.0,24.697424,8.050958,1984
12654,r4i1p1f1,1984,08,24,0.0,26.061462,9.01964,1984
12655,r4i1p1f1,1984,08,25,0.35216869216223196,25.824532,9.226544,1984
12656,r4i1p1f1,1984,08,26,0.06630398852990864,24.27948,10.578607,1984
12657,r4i1p1f1,1984,08,27,4.337657316270094,24.027803,9.498175,1984
12658,r4i1p1f1,1984,08,28,7.396032642081971,23.01615,8.517557,1984
12659,r4i1p1f1,1984,08,29,14.685980374696353,23.115751,7.6187186,1984
12660,r4i1p1f1,1984,08,30,0.7045171057896418,22.672224,8.2619295,1984
12661,r4i1p1f1,1984,08,31,0.0,22.542253,7.0541162,1984
12662,r4i1p1f1,1984,09,01,0.0,23.236622,7.278539,1984
12663,r4i1p1f1,1984,09,02,0.5369912175455988,24.850965,10.258668,1984
12664,r4i1p1f1,1984,09,03,0.9945327342644321,22.705397,7.205955,1984
12665,r4i1p1f1,1984,09,04,0.02794995498622249,23.32978,7.0128694,1984
12666,r4i1p1f1,1984,09,05,0.0,24.184978,7.852417,1984
12667,r4i1p1f1,1984,09,06,0.0,26.005018,9.081635,1984
12668,r4i1p1f1,1984,09,07,0.0,27.337273,10.23801,1984
12669,r4i1p1f1,1984,09,08,0.0,26.47206,10.70695,1984
12670,r4i1p1f1,1984,09,09,0.0,24.42654,8.722202,1984
12671,r4i1p1f1,1984,09,10,0.0,24.1408,9.187429,1984
12672,r4i1p1f1,1984,09,11,0.05775554973091635,23.20656,9.175616,1984
12673,r4i1p1f1,1984,09,12,0.0,18.061794,5.3490853,1984
12674,r4i1p1f1,1984,09,13,0.0,17.182371,4.6836343,1984
12675,r4i1p1f1,1984,09,14,0.0,20.31857,4.088654,1984
12676,r4i1p1f1,1984,09,15,0.0,23.52414,7.2745748,1984
12677,r4i1p1f1,1984,09,16,0.0,25.316145,8.303028,1984
12678,r4i1p1f1,1984,09,17,0.0,25.204596,8.041862,1984
12679,r4i1p1f1,1984,09,18,0.0,24.284328,8.939905,1984
12680,r4i1p1f1,1984,09,19,0.0,21.379519,8.807352,1984
12681,r4i1p1f1,1984,09,20,0.6536492510596411,18.989298,5.872159,1984
12682,r4i1p1f1,1984,09,21,0.0,16.78374,0.4411309,1984
12683,r4i1p1f1,1984,09,22,0.0,18.233934,4.3241467,1984
12684,r4i1p1f1,1984,09,23,0.0,19.657272,2.891597,1984
12685,r4i1p1f1,1984,09,24,0.0,20.071674,5.8486733,1984
12686,r4i1p1f1,1984,09,25,0.0,19.368748,2.8230166,1984
12687,r4i1p1f1,1984,09,26,0.0,20.57909,4.077067,1984
12688,r4i1p1f1,1984,09,27,0.0,18.920158,4.0486526,1984
12689,r4i1p1f1,1984,09,28,0.0,16.585367,2.0900788,1984
12690,r4i1p1f1,1984,09,29,0.0,21.880962,4.1682243,1984
12691,r4i1p1f1,1984,09,30,0.0,25.653679,8.448768,1984
12692,r4i1p1f1,1984,10,01,0.0,27.496399,10.61937,1984
12693,r4i1p1f1,1984,10,02,0.0,28.295805,11.132117,1984
12694,r4i1p1f1,1984,10,03,0.0,27.965385,10.579878,1984
12695,r4i1p1f1,1984,10,04,0.0,26.768019,11.561123,1984
12696,r4i1p1f1,1984,10,05,0.0,25.55914,8.849846,1984
12697,r4i1p1f1,1984,10,06,0.0,25.119947,9.586251,1984
12698,r4i1p1f1,1984,10,07,0.0,24.642101,8.9232435,1984
12699,r4i1p1f1,1984,10,08,0.0,23.843513,7.7234826,1984
12700,r4i1p1f1,1984,10,09,0.0,22.046,7.9362526,1984
12701,r4i1p1f1,1984,10,10,0.0,20.315071,4.923752,1984
12702,r4i1p1f1,1984,10,11,0.0,18.915426,4.684426,1984
12703,r4i1p1f1,1984,10,12,0.022585856374268888,15.787278,2.9978905,1984
12704,r4i1p1f1,1984,10,13,10.754387985126904,16.890965,5.911813,1984
12705,r4i1p1f1,1984,10,14,42.28920471787082,8.729723,0.9689218,1984
12706,r4i1p1f1,1984,10,15,8.942341499269743,5.79066,-4.673553,1984
12707,r4i1p1f1,1984,10,16,0.0,8.236702,-6.4551363,1984
12708,r4i1p1f1,1984,10,17,1.7697212821372696,7.673325,-3.6900525,1984
12709,r4i1p1f1,1984,10,18,0.01076265488176004,6.7691307,-7.0911436,1984
12710,r4i1p1f1,1984,10,19,0.1536975646925125,6.027724,-6.029179,1984
12711,r4i1p1f1,1984,10,20,0.13005352054003044,4.6058674,-7.841587,1984
12712,r4i1p1f1,1984,10,21,3.462863338158536,4.4533205,-5.028731,1984
12713,r4i1p1f1,1984,10,22,2.13190504403951,3.6573079,-7.708635,1984
12714,r4i1p1f1,1984,10,23,37.0559876465462,0.44237915,-8.957756,1984
12715,r4i1p1f1,1984,10,24,29.136270336433824,-0.8311045,-8.752139,1984
12716,r4i1p1f1,1984,10,25,1.9533011837678327,0.004612159,-13.373526,1984
12717,r4i1p1f1,1984,10,26,0.0,1.454019,-13.637764,1984
12718,r4i1p1f1,1984,10,27,0.006292481976245189,2.9221795,-13.853397,1984
12719,r4i1p1f1,1984,10,28,0.0,3.5335531,-8.84532,1984
12720,r4i1p1f1,1984,10,29,0.0,7.273471,-7.700564,1984
12721,r4i1p1f1,1984,10,30,0.0,11.813962,-4.3386445,1984
12722,r4i1p1f1,1984,10,31,0.0,11.89603,-3.5468118,1984
12723,r4i1p1f1,1984,11,01,0.0,10.178146,-4.288816,1984
12724,r4i1p1f1,1984,11,02,0.017298447909528954,7.2193823,-4.4405065,1984
12725,r4i1p1f1,1984,11,03,0.0,6.6654835,-2.1004577,1984
12726,r4i1p1f1,1984,11,04,0.0,5.5495315,-5.402558,1984
12727,r4i1p1f1,1984,11,05,4.106264979467045,3.106173,-8.312996,1984
12728,r4i1p1f1,1984,11,06,0.0,3.083046,-10.875316,1984
12729,r4i1p1f1,1984,11,07,0.0,8.414932,-7.015657,1984
12730,r4i1p1f1,1984,11,08,0.0,8.501821,-5.463853,1984
12731,r4i1p1f1,1984,11,09,0.0,10.289394,-0.6282311,1984
12732,r4i1p1f1,1984,11,10,0.5453166363108166,9.788195,-3.7117174,1984
12733,r4i1p1f1,1984,11,11,0.0,10.615086,-1.4638884,1984
12734,r4i1p1f1,1984,11,12,0.2835679164104168,10.23773,-2.0616875,1984
12735,r4i1p1f1,1984,11,13,0.008182805711066358,12.108113,-1.093902,1984
12736,r4i1p1f1,1984,11,14,0.0,14.771684,0.29897934,1984
12737,r4i1p1f1,1984,11,15,0.0,16.54263,0.41032484,1984
12738,r4i1p1f1,1984,11,16,0.0,16.87352,0.86669415,1984
12739,r4i1p1f1,1984,11,17,3.5775809629365756,20.199806,6.5266113,1984
12740,r4i1p1f1,1984,11,18,7.93839568532225,11.043535,1.4648929,1984
12741,r4i1p1f1,1984,11,19,0.001786481945962978,11.51949,-1.6523476,1984
12742,r4i1p1f1,1984,11,20,15.713173868972175,12.371198,4.1619678,1984
12743,r4i1p1f1,1984,11,21,58.75469026159984,11.3053875,3.3331017,1984
12744,r4i1p1f1,1984,11,22,16.815783209941767,5.524071,-7.0363183,1984
12745,r4i1p1f1,1984,11,23,2.9105353639117384,-0.5455036,-9.372089,1984
12746,r4i1p1f1,1984,11,24,0.0,0.29429612,-12.381332,1984
12747,r4i1p1f1,1984,11,25,0.0,0.23114711,-15.041416,1984
12748,r4i1p1f1,1984,11,26,4.871941460448616,-2.5996687,-11.697686,1984
12749,r4i1p1f1,1984,11,27,1.7900529032783086,-2.6549983,-14.7768,1984
12750,r4i1p1f1,1984,11,28,0.17489864111918013,-3.9917793,-19.790226,1984
12751,r4i1p1f1,1984,11,29,0.0,0.60322994,-14.882521,1984
12752,r4i1p1f1,1984,11,30,0.0,2.7747135,-11.774288,1984
12753,r4i1p1f1,1984,12,01,0.0,7.240847,-6.920662,1984
12754,r4i1p1f1,1984,12,02,0.0,9.838332,-5.904046,1984
12755,r4i1p1f1,1984,12,03,0.0,8.749657,-5.413543,1984
12756,r4i1p1f1,1984,12,04,23.914050248349337,3.828216,-5.18661,1984
12757,r4i1p1f1,1984,12,05,12.651994953368426,2.0062406,-4.663034,1984
12758,r4i1p1f1,1984,12,06,43.6245786868946,2.1413362,-3.3383384,1984
12759,r4i1p1f1,1984,12,07,1.739678133062255,2.123545,-6.1752977,1984
12760,r4i1p1f1,1984,12,08,0.0,5.152629,-9.347609,1984
12761,r4i1p1f1,1984,12,09,0.0,5.2834654,-6.698527,1984
12762,r4i1p1f1,1984,12,10,1.1004158909867436,4.666908,-4.0872636,1984
12763,r4i1p1f1,1984,12,11,18.302423013632325,2.1180592,-3.5983403,1984
12764,r4i1p1f1,1984,12,12,0.0,4.0787454,-8.353357,1984
12765,r4i1p1f1,1984,12,13,0.0,-1.0665808,-12.544062,1984
12766,r4i1p1f1,1984,12,14,0.0,0.65355295,-14.717525,1984
12767,r4i1p1f1,1984,12,15,0.0,0.7029597,-10.631663,1984
12768,r4i1p1f1,1984,12,16,4.364381386360893,-3.3860457,-12.419962,1984
12769,r4i1p1f1,1984,12,17,11.16884061898109,-2.2395058,-9.494383,1984
12770,r4i1p1f1,1984,12,18,0.0,1.0451164,-9.235412,1984
12771,r4i1p1f1,1984,12,19,0.0,1.8004911,-11.988842,1984
12772,r4i1p1f1,1984,12,20,0.0,0.27916473,-13.208956,1984
12773,r4i1p1f1,1984,12,21,0.0,-2.3411083,-15.424266,1984
12774,r4i1p1f1,1984,12,22,1.5737766689865595,-3.857059,-12.019663,1984
12775,r4i1p1f1,1984,12,23,20.565469014222366,-1.713312,-7.8129525,1984
12776,r4i1p1f1,1984,12,24,18.190431190265883,-2.660608,-12.5694065,1984
12777,r4i1p1f1,1984,12,25,5.717304543565961,-11.510684,-20.211046,1984
12778,r4i1p1f1,1984,12,26,0.0,-10.015142,-27.377985,1984
12779,r4i1p1f1,1984,12,27,21.51605418822159,-7.8627205,-14.560792,1984
12780,r4i1p1f1,1984,12,28,33.48755726577057,-5.667683,-11.645627,1984
12781,r4i1p1f1,1984,12,29,0.0,-3.279271,-16.712683,1984
12782,r4i1p1f1,1984,12,30,0.21666633624487874,-4.7367697,-14.43554,1984
12783,r4i1p1f1,1984,12,31,16.894107533153147,-2.2251534,-10.294582,1984
12784,r4i1p1f1,1985,01,01,17.71532759005604,-3.0374951,-8.687371,1985
12785,r4i1p1f1,1985,01,02,44.429120839872645,-3.0543451,-8.482189,1985
12786,r4i1p1f1,1985,01,03,14.252127477584715,-2.2958243,-8.200113,1985
12787,r4i1p1f1,1985,01,04,0.1440501805185235,-0.57634056,-7.993163,1985
12788,r4i1p1f1,1985,01,05,0.0,0.15706314,-14.0679455,1985
12789,r4i1p1f1,1985,01,06,0.0,0.77820396,-12.643618,1985
12790,r4i1p1f1,1985,01,07,5.306402998934268,-1.7000225,-7.148113,1985
12791,r4i1p1f1,1985,01,08,50.6414871690247,-1.5508012,-6.9045625,1985
12792,r4i1p1f1,1985,01,09,5.338580847763716,-2.0307841,-9.43408,1985
12793,r4i1p1f1,1985,01,10,0.8095313529663568,2.0133119,-9.6719675,1985
12794,r4i1p1f1,1985,01,11,0.0,3.3608778,-10.50182,1985
12795,r4i1p1f1,1985,01,12,0.0,3.147897,-7.1375012,1985
12796,r4i1p1f1,1985,01,13,0.0,4.656781,-6.40739,1985
12797,r4i1p1f1,1985,01,14,0.0,5.837449,-7.6742783,1985
12798,r4i1p1f1,1985,01,15,0.0,6.3395095,-6.2358785,1985
12799,r4i1p1f1,1985,01,16,0.0,6.253995,-6.245118,1985
12800,r4i1p1f1,1985,01,17,0.0,6.0357113,-5.0081635,1985
12801,r4i1p1f1,1985,01,18,0.0,6.9205494,-6.796768,1985
12802,r4i1p1f1,1985,01,19,22.989962857144956,1.629432,-5.7204437,1985
12803,r4i1p1f1,1985,01,20,50.478546908209566,-1.8569034,-8.525415,1985
12804,r4i1p1f1,1985,01,21,67.08990050547196,1.3081602,-5.2827682,1985
12805,r4i1p1f1,1985,01,22,19.25122553638838,7.388526,-0.5279932,1985
12806,r4i1p1f1,1985,01,23,0.22223184931884615,10.895864,-2.6128855,1985
12807,r4i1p1f1,1985,01,24,0.0,12.164988,-0.20714152,1985
12808,r4i1p1f1,1985,01,25,0.3081991099783433,9.335829,0.41867203,1985
12809,r4i1p1f1,1985,01,26,0.0,11.148091,-3.1054637,1985
12810,r4i1p1f1,1985,01,27,0.5270987971082285,7.9530487,0.33907205,1985
12811,r4i1p1f1,1985,01,28,51.23707516059886,3.9568498,-4.036451,1985
12812,r4i1p1f1,1985,01,29,1.2689580611525209,1.737703,-6.2118926,1985
12813,r4i1p1f1,1985,01,30,0.0,6.670082,-4.9024763,1985
12814,r4i1p1f1,1985,01,31,0.0,11.048188,-3.884665,1985
12815,r4i1p1f1,1985,02,01,0.0,11.682595,-2.5489385,1985
12816,r4i1p1f1,1985,02,02,0.0,8.224378,-0.69453806,1985
12817,r4i1p1f1,1985,02,03,0.0059014339075170175,10.888684,-3.6830688,1985
12818,r4i1p1f1,1985,02,04,0.0,9.484953,-1.6155616,1985
12819,r4i1p1f1,1985,02,05,61.866492280479505,3.940069,-2.063485,1985
12820,r4i1p1f1,1985,02,06,33.30545711069794,3.1525183,-2.7968993,1985
12821,r4i1p1f1,1985,02,07,1.4211051672016486,6.289789,-5.8969235,1985
12822,r4i1p1f1,1985,02,08,10.228672439871962,3.8310797,-6.252945,1985
12823,r4i1p1f1,1985,02,09,11.068597450496563,2.2237177,-5.5356126,1985
12824,r4i1p1f1,1985,02,10,0.0,4.7762585,-7.2555895,1985
12825,r4i1p1f1,1985,02,11,9.223677087717425,1.4056951,-7.756505,1985
12826,r4i1p1f1,1985,02,12,7.702887500932586,0.82266796,-7.202489,1985
12827,r4i1p1f1,1985,02,13,7.536499625871843,0.019525312,-7.7350492,1985
12828,r4i1p1f1,1985,02,14,10.29742126125522,-1.08312,-12.380442,1985
12829,r4i1p1f1,1985,02,15,0.0,-0.49260107,-14.022317,1985
12830,r4i1p1f1,1985,02,16,0.0,-0.65686655,-13.444783,1985
12831,r4i1p1f1,1985,02,17,0.0,-0.77822965,-14.277221,1985
12832,r4i1p1f1,1985,02,18,0.0,0.49019945,-13.822816,1985
12833,r4i1p1f1,1985,02,19,0.0,0.9231,-12.026174,1985
12834,r4i1p1f1,1985,02,20,0.0,-1.1569153,-9.443482,1985
12835,r4i1p1f1,1985,02,21,0.0,3.2263498,-10.808054,1985
12836,r4i1p1f1,1985,02,22,0.0,2.0053241,-8.298993,1985
12837,r4i1p1f1,1985,02,23,4.805584096932379,-2.0404298,-8.880888,1985
12838,r4i1p1f1,1985,02,24,0.0,5.2903695,-8.5769825,1985
12839,r4i1p1f1,1985,02,25,0.0,5.345202,-8.42204,1985
12840,r4i1p1f1,1985,02,26,0.0,4.592806,-7.8766427,1985
12841,r4i1p1f1,1985,02,27,0.0,6.2686443,-7.5440373,1985
12842,r4i1p1f1,1985,02,28,0.0,5.6206303,-6.6989646,1985
12843,r4i1p1f1,1985,03,01,0.023097978153938166,3.49658,-8.773027,1985
12844,r4i1p1f1,1985,03,02,0.0,6.4234824,-7.649128,1985
12845,r4i1p1f1,1985,03,03,0.0,10.85852,-4.8382325,1985
12846,r4i1p1f1,1985,03,04,0.0,11.3604355,-4.451769,1985
12847,r4i1p1f1,1985,03,05,0.0,12.435791,-5.630996,1985
12848,r4i1p1f1,1985,03,06,0.0,10.1451025,-1.5734076,1985
12849,r4i1p1f1,1985,03,07,1.939398969315997,3.742359,-2.675377,1985
12850,r4i1p1f1,1985,03,08,7.934146146950438,-1.4609008,-12.630796,1985
12851,r4i1p1f1,1985,03,09,2.3605754335789637,-0.9609188,-8.799743,1985
12852,r4i1p1f1,1985,03,10,0.0,7.3452344,-8.909108,1985
12853,r4i1p1f1,1985,03,11,0.0,7.693196,-7.3630624,1985
12854,r4i1p1f1,1985,03,12,18.71450859797161,2.9784112,-4.5426707,1985
12855,r4i1p1f1,1985,03,13,1.913694194511939,2.964692,-10.644058,1985
12856,r4i1p1f1,1985,03,14,0.0,6.5323396,-8.389443,1985
12857,r4i1p1f1,1985,03,15,0.893648316941753,3.203742,-8.464121,1985
12858,r4i1p1f1,1985,03,16,0.37338308235672535,3.1622303,-8.051823,1985
12859,r4i1p1f1,1985,03,17,0.0,6.681494,-7.4323764,1985
12860,r4i1p1f1,1985,03,18,0.0,9.882883,-6.6305547,1985
12861,r4i1p1f1,1985,03,19,0.0,8.8725395,-6.713792,1985
12862,r4i1p1f1,1985,03,20,0.0,9.238175,-6.479238,1985
12863,r4i1p1f1,1985,03,21,0.0,8.254056,-3.2806573,1985
12864,r4i1p1f1,1985,03,22,0.0,10.117141,-6.0871587,1985
12865,r4i1p1f1,1985,03,23,0.0,10.626128,0.4966459,1985
12866,r4i1p1f1,1985,03,24,0.6225623349436982,7.6268535,-3.391258,1985
12867,r4i1p1f1,1985,03,25,0.5705578195189792,9.878717,-4.583799,1985
12868,r4i1p1f1,1985,03,26,0.0,11.452407,-3.610172,1985
12869,r4i1p1f1,1985,03,27,10.900089680520097,7.7189136,-2.6940615,1985
12870,r4i1p1f1,1985,03,28,0.0,6.650429,-4.5207396,1985
12871,r4i1p1f1,1985,03,29,0.0,8.11214,-5.773757,1985
12872,r4i1p1f1,1985,03,30,1.016012057460522,4.6605606,-6.014568,1985
12873,r4i1p1f1,1985,03,31,2.7437549878195733,4.885031,-8.34696,1985
12874,r4i1p1f1,1985,04,01,0.1923836987631288,6.3638926,-6.488418,1985
12875,r4i1p1f1,1985,04,02,0.6385400709075847,6.1222787,-4.5546846,1985
12876,r4i1p1f1,1985,04,03,0.0,6.6186423,-1.2752874,1985
12877,r4i1p1f1,1985,04,04,0.0,6.3085437,-2.5873601,1985
12878,r4i1p1f1,1985,04,05,0.0,7.9892488,-6.1633997,1985
12879,r4i1p1f1,1985,04,06,0.0,11.443687,-1.64134,1985
12880,r4i1p1f1,1985,04,07,0.0,13.355013,-1.6750665,1985
12881,r4i1p1f1,1985,04,08,0.05989075674634844,12.180812,-0.3579777,1985
12882,r4i1p1f1,1985,04,09,0.0,11.743606,-0.059811417,1985
12883,r4i1p1f1,1985,04,10,0.0,12.345,-3.1319788,1985
12884,r4i1p1f1,1985,04,11,14.658692005123076,7.992009,-2.966949,1985
12885,r4i1p1f1,1985,04,12,5.722483076833134,1.2055504,-5.285581,1985
12886,r4i1p1f1,1985,04,13,0.37716814918170366,5.5752263,-7.011781,1985
12887,r4i1p1f1,1985,04,14,0.0,10.522518,-4.5463004,1985
12888,r4i1p1f1,1985,04,15,0.014464069987890602,9.2562475,-1.0985128,1985
12889,r4i1p1f1,1985,04,16,0.14317334181416044,9.903801,-2.4792695,1985
12890,r4i1p1f1,1985,04,17,0.0,10.473791,-5.210936,1985
12891,r4i1p1f1,1985,04,18,2.943681528519776,8.482531,-2.8470507,1985
12892,r4i1p1f1,1985,04,19,0.35252210358463937,8.282781,-4.689097,1985
12893,r4i1p1f1,1985,04,20,0.0,6.3151336,-2.5406203,1985
12894,r4i1p1f1,1985,04,21,0.2980868125431044,6.6239643,-4.978977,1985
12895,r4i1p1f1,1985,04,22,0.0,10.36483,-4.0100694,1985
12896,r4i1p1f1,1985,04,23,2.254973761598412,7.947027,-1.1981167,1985
12897,r4i1p1f1,1985,04,24,21.239733280049325,6.1826525,-4.4580374,1985
12898,r4i1p1f1,1985,04,25,0.0,7.600795,-5.932886,1985
12899,r4i1p1f1,1985,04,26,0.7297153234622985,5.6373286,-6.087366,1985
12900,r4i1p1f1,1985,04,27,0.23522644268396353,5.8836946,-6.203281,1985
12901,r4i1p1f1,1985,04,28,0.0,7.9626436,-6.753625,1985
12902,r4i1p1f1,1985,04,29,0.0,6.8530173,-3.978146,1985
12903,r4i1p1f1,1985,04,30,0.7342666108371918,2.4098783,-6.0531063,1985
12904,r4i1p1f1,1985,05,01,13.680665903238525,-1.1086817,-9.164932,1985
12905,r4i1p1f1,1985,05,02,0.02031557037278049,7.5715466,-5.0406084,1985
12906,r4i1p1f1,1985,05,03,0.0,10.580587,-4.6149306,1985
12907,r4i1p1f1,1985,05,04,4.430120752286666,6.16867,-3.6588495,1985
12908,r4i1p1f1,1985,05,05,1.2712192537239133,3.039704,-5.8725657,1985
12909,r4i1p1f1,1985,05,06,0.0,12.402389,-3.2115858,1985
12910,r4i1p1f1,1985,05,07,0.0,15.823558,-0.19010946,1985
12911,r4i1p1f1,1985,05,08,0.0,17.238457,1.5726962,1985
12912,r4i1p1f1,1985,05,09,0.0,17.265491,3.0124993,1985
12913,r4i1p1f1,1985,05,10,0.0,15.623201,2.1557045,1985
12914,r4i1p1f1,1985,05,11,0.009048641556353078,13.780742,1.2191195,1985
12915,r4i1p1f1,1985,05,12,0.0,13.971463,0.047036633,1985
12916,r4i1p1f1,1985,05,13,0.0,12.075747,1.8894554,1985
12917,r4i1p1f1,1985,05,14,0.004174123421770718,11.4997225,-0.8426446,1985
12918,r4i1p1f1,1985,05,15,0.0,12.194494,-1.1099068,1985
12919,r4i1p1f1,1985,05,16,0.0,12.856917,-0.85460985,1985
12920,r4i1p1f1,1985,05,17,0.0,11.867789,1.1648371,1985
12921,r4i1p1f1,1985,05,18,0.014201258699980152,11.997284,-0.756891,1985
12922,r4i1p1f1,1985,05,19,0.4746726040999148,10.263908,-0.3082292,1985
12923,r4i1p1f1,1985,05,20,0.8493500002518948,8.268797,-1.5271447,1985
12924,r4i1p1f1,1985,05,21,0.0,10.310862,-3.5648851,1985
12925,r4i1p1f1,1985,05,22,0.0,10.77857,-1.9487498,1985
12926,r4i1p1f1,1985,05,23,0.16514652701623753,9.137519,-0.23505834,1985
12927,r4i1p1f1,1985,05,24,0.0,16.270811,0.032843612,1985
12928,r4i1p1f1,1985,05,25,0.0,18.910704,2.4366043,1985
12929,r4i1p1f1,1985,05,26,0.0,19.215233,5.2318163,1985
12930,r4i1p1f1,1985,05,27,0.0,18.857784,5.3073425,1985
12931,r4i1p1f1,1985,05,28,0.0,19.380857,4.9001317,1985
12932,r4i1p1f1,1985,05,29,0.0,20.180647,5.299176,1985
12933,r4i1p1f1,1985,05,30,0.0,20.64726,5.156713,1985
12934,r4i1p1f1,1985,05,31,1.7457528651989398,20.242905,6.187858,1985
12935,r4i1p1f1,1985,06,01,8.898857084830327,17.94267,5.496625,1985
12936,r4i1p1f1,1985,06,02,6.3971143024579815,12.935761,1.8165464,1985
12937,r4i1p1f1,1985,06,03,7.478100942219033,10.6642275,-1.0390432,1985
12938,r4i1p1f1,1985,06,04,1.0259712250539517,16.21857,1.5421919,1985
12939,r4i1p1f1,1985,06,05,0.5179439229183257,19.445051,4.602486,1985
12940,r4i1p1f1,1985,06,06,0.10791627542833203,22.711016,7.5344415,1985
12941,r4i1p1f1,1985,06,07,1.9926274258838161,25.44089,9.50042,1985
12942,r4i1p1f1,1985,06,08,1.727523765873324,24.018272,9.119223,1985
12943,r4i1p1f1,1985,06,09,15.549486045360464,18.853195,9.723005,1985
12944,r4i1p1f1,1985,06,10,3.054117356617703,15.995298,3.6950982,1985
12945,r4i1p1f1,1985,06,11,3.0430899744299484,15.404296,1.403029,1985
12946,r4i1p1f1,1985,06,12,3.0007047651517857,13.584098,-0.3759644,1985
12947,r4i1p1f1,1985,06,13,0.009210552673626742,13.75286,2.8119204,1985
12948,r4i1p1f1,1985,06,14,0.0,14.63763,2.1287496,1985
12949,r4i1p1f1,1985,06,15,0.27892736527797235,13.42128,1.8708626,1985
12950,r4i1p1f1,1985,06,16,0.405312584503646,11.438192,0.6233364,1985
12951,r4i1p1f1,1985,06,17,1.6600357770371108,8.74637,-1.061052,1985
12952,r4i1p1f1,1985,06,18,0.6554620790654031,10.012766,-1.8735261,1985
12953,r4i1p1f1,1985,06,19,0.4301410242642223,11.129041,0.82396984,1985
12954,r4i1p1f1,1985,06,20,1.467759814301039,11.122034,-1.4946847,1985
12955,r4i1p1f1,1985,06,21,0.10515083904547735,15.590251,-0.43328705,1985
12956,r4i1p1f1,1985,06,22,0.0,16.983192,1.9673277,1985
12957,r4i1p1f1,1985,06,23,0.0,16.226805,3.117964,1985
12958,r4i1p1f1,1985,06,24,0.0,14.620643,0.4470862,1985
12959,r4i1p1f1,1985,06,25,0.0,15.193567,-0.6473632,1985
12960,r4i1p1f1,1985,06,26,0.05643092792434302,13.115523,1.8682575,1985
12961,r4i1p1f1,1985,06,27,0.049885908906596686,13.782177,-0.44192815,1985
12962,r4i1p1f1,1985,06,28,0.0,17.716139,1.4767845,1985
12963,r4i1p1f1,1985,06,29,0.0,18.239046,4.450465,1985
12964,r4i1p1f1,1985,06,30,0.0,18.233362,2.8681746,1985
12965,r4i1p1f1,1985,07,01,0.0,17.452549,3.3354287,1985
12966,r4i1p1f1,1985,07,02,0.0,17.61389,1.983366,1985
12967,r4i1p1f1,1985,07,03,0.0,19.86841,3.601003,1985
12968,r4i1p1f1,1985,07,04,0.0,20.438438,5.1581616,1985
12969,r4i1p1f1,1985,07,05,0.0,24.908854,7.273975,1985
12970,r4i1p1f1,1985,07,06,0.0,27.448345,10.47587,1985
12971,r4i1p1f1,1985,07,07,0.0,26.343828,11.711787,1985
12972,r4i1p1f1,1985,07,08,0.0,20.127342,6.535788,1985
12973,r4i1p1f1,1985,07,09,0.0,19.170593,3.5188873,1985
12974,r4i1p1f1,1985,07,10,0.0,20.931795,5.969832,1985
12975,r4i1p1f1,1985,07,11,0.0,23.249487,7.855998,1985
12976,r4i1p1f1,1985,07,12,0.1065755696524168,24.148537,8.582114,1985
12977,r4i1p1f1,1985,07,13,0.1209959555924641,23.953491,8.969705,1985
12978,r4i1p1f1,1985,07,14,0.0,22.65241,9.630853,1985
12979,r4i1p1f1,1985,07,15,0.0,22.760117,8.020039,1985
12980,r4i1p1f1,1985,07,16,0.0,25.081278,8.30102,1985
12981,r4i1p1f1,1985,07,17,0.0,29.714066,11.991629,1985
12982,r4i1p1f1,1985,07,18,0.0,31.440475,14.020473,1985
12983,r4i1p1f1,1985,07,19,0.0,30.854162,13.879444,1985
12984,r4i1p1f1,1985,07,20,0.0,29.309114,13.213795,1985
12985,r4i1p1f1,1985,07,21,0.0,28.048426,12.639417,1985
12986,r4i1p1f1,1985,07,22,0.0,29.655697,12.032303,1985
12987,r4i1p1f1,1985,07,23,0.0,30.785633,13.391608,1985
12988,r4i1p1f1,1985,07,24,0.4794177335341423,30.213417,13.476847,1985
12989,r4i1p1f1,1985,07,25,2.18603730964742,29.845684,13.323611,1985
12990,r4i1p1f1,1985,07,26,0.008724583325215154,27.537394,12.458453,1985
12991,r4i1p1f1,1985,07,27,0.0,26.322195,11.0270605,1985
12992,r4i1p1f1,1985,07,28,0.0,24.68442,9.989831,1985
12993,r4i1p1f1,1985,07,29,0.00821697359279573,25.9445,10.647419,1985
12994,r4i1p1f1,1985,07,30,0.6576597274963774,27.140896,11.64677,1985
12995,r4i1p1f1,1985,07,31,0.09100059609927608,27.368149,12.306577,1985
12996,r4i1p1f1,1985,08,01,0.40229264261504966,26.85864,11.080067,1985
12997,r4i1p1f1,1985,08,02,0.0,27.221642,11.592199,1985
12998,r4i1p1f1,1985,08,03,0.18251382960893783,28.036333,12.194053,1985
12999,r4i1p1f1,1985,08,04,0.0,28.05519,12.161346,1985
13000,r4i1p1f1,1985,08,05,0.0,27.56423,11.804779,1985
13001,r4i1p1f1,1985,08,06,0.0,25.543077,10.151653,1985
13002,r4i1p1f1,1985,08,07,0.0,22.841269,7.4969645,1985
13003,r4i1p1f1,1985,08,08,0.0,23.357298,7.0777926,1985
13004,r4i1p1f1,1985,08,09,0.0,24.066307,8.311224,1985
13005,r4i1p1f1,1985,08,10,0.0,24.880606,8.65984,1985
13006,r4i1p1f1,1985,08,11,0.0,24.037962,7.9347878,1985
13007,r4i1p1f1,1985,08,12,0.0,21.085978,6.634752,1985
13008,r4i1p1f1,1985,08,13,0.0,18.183582,2.2515683,1985
13009,r4i1p1f1,1985,08,14,0.0,19.51437,3.8138278,1985
13010,r4i1p1f1,1985,08,15,0.0,20.124514,5.0646777,1985
13011,r4i1p1f1,1985,08,16,0.0,19.60684,5.644574,1985
13012,r4i1p1f1,1985,08,17,0.0,23.707535,6.029186,1985
13013,r4i1p1f1,1985,08,18,0.0,25.892101,8.134373,1985
13014,r4i1p1f1,1985,08,19,0.0,25.967316,12.047882,1985
13015,r4i1p1f1,1985,08,20,0.0,28.655006,11.073977,1985
13016,r4i1p1f1,1985,08,21,0.0,28.03996,11.433307,1985
13017,r4i1p1f1,1985,08,22,0.0,26.478956,11.288505,1985
13018,r4i1p1f1,1985,08,23,0.4466410237831976,25.74671,10.356674,1985
13019,r4i1p1f1,1985,08,24,0.0,25.855257,9.280632,1985
13020,r4i1p1f1,1985,08,25,0.0,25.343517,8.816972,1985
13021,r4i1p1f1,1985,08,26,0.11497031572456334,24.103527,9.190516,1985
13022,r4i1p1f1,1985,08,27,0.0,23.007992,9.643714,1985
13023,r4i1p1f1,1985,08,28,0.03340519746152865,23.210836,8.845797,1985
13024,r4i1p1f1,1985,08,29,0.0,19.616625,4.1361513,1985
13025,r4i1p1f1,1985,08,30,0.0,21.28569,4.5080404,1985
13026,r4i1p1f1,1985,08,31,0.0,22.388384,5.634479,1985
13027,r4i1p1f1,1985,09,01,0.0,22.379627,6.9981627,1985
13028,r4i1p1f1,1985,09,02,0.0,21.645506,6.2396193,1985
13029,r4i1p1f1,1985,09,03,0.0,23.265945,7.4469895,1985
13030,r4i1p1f1,1985,09,04,0.012818457439175188,22.291862,7.5540576,1985
13031,r4i1p1f1,1985,09,05,0.8944997840625634,20.50684,8.259414,1985
13032,r4i1p1f1,1985,09,06,0.0,22.999893,7.023355,1985
13033,r4i1p1f1,1985,09,07,0.0,24.2356,7.086756,1985
13034,r4i1p1f1,1985,09,08,0.0,25.623545,8.867349,1985
13035,r4i1p1f1,1985,09,09,0.0,24.797798,10.039118,1985
13036,r4i1p1f1,1985,09,10,0.0,23.821001,9.222872,1985
13037,r4i1p1f1,1985,09,11,0.0,18.893072,3.1598155,1985
13038,r4i1p1f1,1985,09,12,0.0,19.82507,3.8500226,1985
13039,r4i1p1f1,1985,09,13,0.0,21.310617,5.5785203,1985
13040,r4i1p1f1,1985,09,14,0.0,21.465248,6.3488603,1985
13041,r4i1p1f1,1985,09,15,0.0,20.136593,5.768048,1985
13042,r4i1p1f1,1985,09,16,0.0,17.140337,2.6873035,1985
13043,r4i1p1f1,1985,09,17,0.0,17.30364,-0.6169463,1985
13044,r4i1p1f1,1985,09,18,0.0,16.392696,2.2067058,1985
13045,r4i1p1f1,1985,09,19,0.0,15.863561,-0.822036,1985
13046,r4i1p1f1,1985,09,20,0.0,19.334208,1.4283628,1985
13047,r4i1p1f1,1985,09,21,0.0,22.357046,5.896908,1985
13048,r4i1p1f1,1985,09,22,0.0,23.848131,8.186998,1985
13049,r4i1p1f1,1985,09,23,0.0,22.262836,8.191282,1985
13050,r4i1p1f1,1985,09,24,0.0,20.36354,3.4158053,1985
13051,r4i1p1f1,1985,09,25,0.0,20.149696,3.2190218,1985
13052,r4i1p1f1,1985,09,26,0.0,22.17111,5.084606,1985
13053,r4i1p1f1,1985,09,27,0.0,24.478777,7.500873,1985
13054,r4i1p1f1,1985,09,28,0.0,24.055794,8.054773,1985
13055,r4i1p1f1,1985,09,29,0.0,22.739916,8.306562,1985
13056,r4i1p1f1,1985,09,30,0.0,15.61762,1.0207815,1985
13057,r4i1p1f1,1985,10,01,0.0,18.426603,1.5871938,1985
13058,r4i1p1f1,1985,10,02,0.0,20.070602,3.2450974,1985
13059,r4i1p1f1,1985,10,03,0.0,18.772152,4.6740236,1985
13060,r4i1p1f1,1985,10,04,0.0,16.866999,3.4314346,1985
13061,r4i1p1f1,1985,10,05,0.11285512674019389,15.014849,0.5264422,1985
13062,r4i1p1f1,1985,10,06,4.1795155605866485,11.895685,1.0615337,1985
13063,r4i1p1f1,1985,10,07,0.1998756588619056,7.6381392,-3.501508,1985
13064,r4i1p1f1,1985,10,08,0.0,14.414693,-1.7308071,1985
13065,r4i1p1f1,1985,10,09,0.0,18.789743,0.86417377,1985
13066,r4i1p1f1,1985,10,10,0.0,20.803753,3.8133001,1985
13067,r4i1p1f1,1985,10,11,0.0,19.834972,5.955106,1985
13068,r4i1p1f1,1985,10,12,0.9207449198123152,21.799461,7.9752674,1985
13069,r4i1p1f1,1985,10,13,0.0,14.296987,-2.5919876,1985
13070,r4i1p1f1,1985,10,14,0.0,12.298258,-1.631264,1985
13071,r4i1p1f1,1985,10,15,0.04871386465714239,11.202512,-1.2609695,1985
13072,r4i1p1f1,1985,10,16,0.0,13.72488,-2.4929492,1985
13073,r4i1p1f1,1985,10,17,0.0,16.327105,-0.5107048,1985
13074,r4i1p1f1,1985,10,18,0.0,15.475168,0.17865446,1985
13075,r4i1p1f1,1985,10,19,0.0,12.490589,-0.071301214,1985
13076,r4i1p1f1,1985,10,20,0.0,7.3884935,-4.1154003,1985
13077,r4i1p1f1,1985,10,21,0.2481972218719095,6.5330048,-6.2493396,1985
13078,r4i1p1f1,1985,10,22,1.1708995491194216,6.096121,-5.861354,1985
13079,r4i1p1f1,1985,10,23,0.9862981893093092,7.7007957,-4.9038644,1985
13080,r4i1p1f1,1985,10,24,0.0,11.421389,-4.9795933,1985
13081,r4i1p1f1,1985,10,25,0.0,11.7700405,-3.239468,1985
13082,r4i1p1f1,1985,10,26,0.0,12.4681225,-2.256329,1985
13083,r4i1p1f1,1985,10,27,0.0,14.533666,-1.8943912,1985
13084,r4i1p1f1,1985,10,28,0.0,13.770321,-2.382035,1985
13085,r4i1p1f1,1985,10,29,0.7700252567475337,10.772515,-1.5684837,1985
13086,r4i1p1f1,1985,10,30,0.7304240832147684,8.153123,-3.3826327,1985
13087,r4i1p1f1,1985,10,31,0.31386388809180754,9.792291,-3.637918,1985
13088,r4i1p1f1,1985,11,01,0.0,12.165905,-3.152296,1985
13089,r4i1p1f1,1985,11,02,0.0,12.276141,-2.6660843,1985
13090,r4i1p1f1,1985,11,03,0.0,10.772456,-2.6266532,1985
13091,r4i1p1f1,1985,11,04,0.0,9.994797,-4.043115,1985
13092,r4i1p1f1,1985,11,05,0.0,12.473878,-3.3050485,1985
13093,r4i1p1f1,1985,11,06,0.0,13.609435,-1.5242354,1985
13094,r4i1p1f1,1985,11,07,0.0,14.342183,-0.33831075,1985
13095,r4i1p1f1,1985,11,08,0.0,14.969433,0.5703504,1985
13096,r4i1p1f1,1985,11,09,0.0,14.234722,0.05828436,1985
13097,r4i1p1f1,1985,11,10,0.0,14.910159,0.4829772,1985
13098,r4i1p1f1,1985,11,11,0.0,15.465319,0.63946563,1985
13099,r4i1p1f1,1985,11,12,0.0,14.618826,0.7144409,1985
13100,r4i1p1f1,1985,11,13,0.09930294633387879,12.552381,1.6694897,1985
13101,r4i1p1f1,1985,11,14,0.0,9.345428,-2.7335553,1985
13102,r4i1p1f1,1985,11,15,0.0,10.974632,-3.4930964,1985
13103,r4i1p1f1,1985,11,16,1.3624400555206742,10.1381,-0.31737798,1985
13104,r4i1p1f1,1985,11,17,0.0,9.601325,-2.5811481,1985
13105,r4i1p1f1,1985,11,18,0.0,11.958499,-2.749334,1985
13106,r4i1p1f1,1985,11,19,0.0,12.801274,-1.322052,1985
13107,r4i1p1f1,1985,11,20,0.08081500491655323,10.783958,-1.0367689,1985
13108,r4i1p1f1,1985,11,21,4.388040580074445,4.2221546,-5.504009,1985
13109,r4i1p1f1,1985,11,22,38.58405585148966,0.5248518,-8.394112,1985
13110,r4i1p1f1,1985,11,23,17.18940592109651,3.5375037,-3.443806,1985
13111,r4i1p1f1,1985,11,24,2.260403489329938,3.5088873,-5.4769964,1985
13112,r4i1p1f1,1985,11,25,2.5433652576032633,8.535692,-0.17745364,1985
13113,r4i1p1f1,1985,11,26,0.09330025852612553,7.545073,-5.054333,1985
13114,r4i1p1f1,1985,11,27,0.0,7.568318,-4.0381327,1985
13115,r4i1p1f1,1985,11,28,17.515274355932334,5.7830977,-2.1127284,1985
13116,r4i1p1f1,1985,11,29,0.0,7.5424466,-7.249866,1985
13117,r4i1p1f1,1985,11,30,0.0,9.594713,-8.258986,1985
13118,r4i1p1f1,1985,12,01,0.0,11.740777,-4.1566396,1985
13119,r4i1p1f1,1985,12,02,0.0,10.069523,0.11318238,1985
13120,r4i1p1f1,1985,12,03,6.645951755223711,5.4198976,-4.0683813,1985
13121,r4i1p1f1,1985,12,04,0.0,5.4123006,-4.8010635,1985
13122,r4i1p1f1,1985,12,05,0.0,6.7711167,-6.2698174,1985
13123,r4i1p1f1,1985,12,06,38.7533437185689,1.0047727,-6.018492,1985
13124,r4i1p1f1,1985,12,07,6.542713566508346,-0.6664137,-11.698574,1985
13125,r4i1p1f1,1985,12,08,0.0,3.6438446,-11.215021,1985
13126,r4i1p1f1,1985,12,09,0.0,5.5781612,-9.742302,1985
13127,r4i1p1f1,1985,12,10,0.0,6.2792025,-8.55836,1985
13128,r4i1p1f1,1985,12,11,0.0,5.4590964,-8.694967,1985
13129,r4i1p1f1,1985,12,12,0.05368094515692542,3.1883247,-6.1284466,1985
13130,r4i1p1f1,1985,12,13,0.0,6.0920806,-8.398476,1985
13131,r4i1p1f1,1985,12,14,0.0,8.272838,-6.9466357,1985
13132,r4i1p1f1,1985,12,15,0.009371497303803716,7.040267,-4.4477577,1985
13133,r4i1p1f1,1985,12,16,29.031874879017867,1.6381993,-7.0295215,1985
13134,r4i1p1f1,1985,12,17,6.025356887376839,-0.25709325,-10.504734,1985
13135,r4i1p1f1,1985,12,18,0.0,6.9368653,-8.851302,1985
13136,r4i1p1f1,1985,12,19,1.3105067076629404,2.8540635,-6.8059044,1985
13137,r4i1p1f1,1985,12,20,0.0,0.6530957,-10.118576,1985
13138,r4i1p1f1,1985,12,21,0.0,6.5610013,-7.2215786,1985
13139,r4i1p1f1,1985,12,22,0.0,9.373372,-5.3364997,1985
13140,r4i1p1f1,1985,12,23,0.0,8.743531,-4.77916,1985
13141,r4i1p1f1,1985,12,24,0.0,8.149865,-5.1192107,1985
13142,r4i1p1f1,1985,12,25,6.154454294536502,3.1627805,-7.757071,1985
13143,r4i1p1f1,1985,12,26,75.1735157225854,-0.10503011,-7.3310637,1985
13144,r4i1p1f1,1985,12,27,63.02918273311875,0.11803039,-6.9551477,1985
13145,r4i1p1f1,1985,12,28,5.129692153074111,-0.25722438,-11.132507,1985
13146,r4i1p1f1,1985,12,29,22.979748709052505,-4.978564,-10.58916,1985
13147,r4i1p1f1,1985,12,30,29.464544740988035,-6.2274613,-12.540966,1985
13148,r4i1p1f1,1985,12,31,0.012659201041871168,-6.704863,-20.60966,1985
13149,r4i1p1f1,1986,01,01,0.0,-1.7175933,-17.737288,1986
13150,r4i1p1f1,1986,01,02,11.203601967811487,-5.335439,-11.162725,1986
13151,r4i1p1f1,1986,01,03,24.440523788830205,-0.069366455,-7.703107,1986
13152,r4i1p1f1,1986,01,04,29.984045888948344,0.96393985,-9.8773985,1986
13153,r4i1p1f1,1986,01,05,16.56031719107619,-4.0294595,-9.917246,1986
13154,r4i1p1f1,1986,01,06,10.614153572335276,-5.1344852,-13.434347,1986
13155,r4i1p1f1,1986,01,07,0.0,-1.4615531,-17.966547,1986
13156,r4i1p1f1,1986,01,08,0.0,-1.6608329,-14.7796335,1986
13157,r4i1p1f1,1986,01,09,0.0,2.6439002,-8.454381,1986
13158,r4i1p1f1,1986,01,10,46.03299513686768,0.3775308,-5.905165,1986
13159,r4i1p1f1,1986,01,11,8.220389413603764,1.9601618,-4.912599,1986
13160,r4i1p1f1,1986,01,12,36.587666394610416,0.44223988,-5.8270006,1986
13161,r4i1p1f1,1986,01,13,16.12620298188112,0.55588186,-6.6135764,1986
13162,r4i1p1f1,1986,01,14,0.0,3.3989837,-9.997627,1986
13163,r4i1p1f1,1986,01,15,0.0,2.491466,-9.19322,1986
13164,r4i1p1f1,1986,01,16,0.0,1.2397398,-11.663563,1986
13165,r4i1p1f1,1986,01,17,0.0,3.9783144,-9.38141,1986
13166,r4i1p1f1,1986,01,18,0.0,2.2990654,-9.824152,1986
13167,r4i1p1f1,1986,01,19,0.0,4.3445053,-8.943338,1986
13168,r4i1p1f1,1986,01,20,0.0,3.5487838,-8.720414,1986
13169,r4i1p1f1,1986,01,21,2.883457339486369,-1.111372,-11.143699,1986
13170,r4i1p1f1,1986,01,22,16.91843007127038,2.3378077,-8.495653,1986
13171,r4i1p1f1,1986,01,23,13.759187700627772,6.1038966,-2.0373626,1986
13172,r4i1p1f1,1986,01,24,13.415141600922668,6.082791,-0.9377582,1986
13173,r4i1p1f1,1986,01,25,11.236646660619122,4.9008923,-1.8789916,1986
13174,r4i1p1f1,1986,01,26,2.7766558811787836,3.896737,-5.4671636,1986
13175,r4i1p1f1,1986,01,27,0.0,1.4725935,-8.516895,1986
13176,r4i1p1f1,1986,01,28,0.0,2.5634677,-9.696892,1986
13177,r4i1p1f1,1986,01,29,0.0,3.1499522,-8.708971,1986
13178,r4i1p1f1,1986,01,30,0.0,6.3250904,-6.6420083,1986
13179,r4i1p1f1,1986,01,31,0.0,6.2324576,-6.7255826,1986
13180,r4i1p1f1,1986,02,01,0.0,5.637426,-6.7841845,1986
13181,r4i1p1f1,1986,02,02,0.0,0.5718772,-12.252303,1986
13182,r4i1p1f1,1986,02,03,0.0,2.6894624,-11.113978,1986
13183,r4i1p1f1,1986,02,04,0.0,4.686247,-8.065992,1986
13184,r4i1p1f1,1986,02,05,0.0,5.3273354,-7.3682747,1986
13185,r4i1p1f1,1986,02,06,0.0,5.444765,-6.846349,1986
13186,r4i1p1f1,1986,02,07,0.0,5.1360564,-7.738013,1986
13187,r4i1p1f1,1986,02,08,0.0,4.4473047,-7.2777824,1986
13188,r4i1p1f1,1986,02,09,3.931788519970131,1.0533156,-9.236488,1986
13189,r4i1p1f1,1986,02,10,3.3890036233044065,-2.4042802,-12.082634,1986
13190,r4i1p1f1,1986,02,11,0.47965225418768187,0.010498185,-9.315538,1986
13191,r4i1p1f1,1986,02,12,0.0,4.2036304,-11.626242,1986
13192,r4i1p1f1,1986,02,13,0.22366816634835088,3.2394757,-9.985487,1986
13193,r4i1p1f1,1986,02,14,0.6231555201688584,0.19001363,-6.949281,1986
13194,r4i1p1f1,1986,02,15,3.6865036291638464,0.045725275,-11.142479,1986
13195,r4i1p1f1,1986,02,16,0.0,1.6431118,-9.966316,1986
13196,r4i1p1f1,1986,02,17,0.0,3.1133862,-10.033177,1986
13197,r4i1p1f1,1986,02,18,0.0,2.8425486,-10.491806,1986
13198,r4i1p1f1,1986,02,19,0.0,3.0306182,-8.16068,1986
13199,r4i1p1f1,1986,02,20,0.0,2.9343348,-10.118654,1986
13200,r4i1p1f1,1986,02,21,0.0,0.09411814,-12.579243,1986
13201,r4i1p1f1,1986,02,22,0.0,2.14058,-11.159961,1986
13202,r4i1p1f1,1986,02,23,0.0,6.924582,-6.724403,1986
13203,r4i1p1f1,1986,02,24,0.0,8.909938,-5.634759,1986
13204,r4i1p1f1,1986,02,25,0.0,10.954057,-4.600399,1986
13205,r4i1p1f1,1986,02,26,0.0,13.190936,-3.4316492,1986
13206,r4i1p1f1,1986,02,27,0.0,10.503846,-1.773203,1986
13207,r4i1p1f1,1986,02,28,3.643015620207125,5.721644,-4.45824,1986
13208,r4i1p1f1,1986,03,01,0.02875267033824988,8.447536,-1.7641577,1986
13209,r4i1p1f1,1986,03,02,0.0,9.34397,-4.213943,1986
13210,r4i1p1f1,1986,03,03,0.0,8.398865,-3.583093,1986
13211,r4i1p1f1,1986,03,04,0.0,11.89221,-3.276728,1986
13212,r4i1p1f1,1986,03,05,0.0,14.51899,-1.9325308,1986
13213,r4i1p1f1,1986,03,06,0.0,12.830628,-1.2393641,1986
13214,r4i1p1f1,1986,03,07,0.0,13.0248785,-1.8112321,1986
13215,r4i1p1f1,1986,03,08,0.0,13.213319,-2.0757296,1986
13216,r4i1p1f1,1986,03,09,0.0,12.259505,-2.208392,1986
13217,r4i1p1f1,1986,03,10,0.9678188679288526,7.4487653,-1.3522615,1986
13218,r4i1p1f1,1986,03,11,0.8161429529014039,7.5940504,-4.488265,1986
13219,r4i1p1f1,1986,03,12,0.09141419975271282,9.8223505,-2.3624232,1986
13220,r4i1p1f1,1986,03,13,0.0,11.911336,-2.921792,1986
13221,r4i1p1f1,1986,03,14,0.0,12.233743,-2.6820133,1986
13222,r4i1p1f1,1986,03,15,1.3522659171339335,9.928071,-3.5440447,1986
13223,r4i1p1f1,1986,03,16,6.975584716291949,3.0591745,-5.5102196,1986
13224,r4i1p1f1,1986,03,17,1.123569395308324,-0.5835937,-10.380755,1986
13225,r4i1p1f1,1986,03,18,0.0,6.2617006,-9.00206,1986
13226,r4i1p1f1,1986,03,19,0.0,9.74251,-6.1287994,1986
13227,r4i1p1f1,1986,03,20,0.0,10.71564,-3.4277241,1986
13228,r4i1p1f1,1986,03,21,0.0,9.575703,0.15728919,1986
13229,r4i1p1f1,1986,03,22,0.0,12.602053,-2.617155,1986
13230,r4i1p1f1,1986,03,23,0.0,15.044181,-2.4907086,1986
13231,r4i1p1f1,1986,03,24,0.0,14.064653,-0.23869124,1986
13232,r4i1p1f1,1986,03,25,0.3552425173648561,12.920411,-1.1101378,1986
13233,r4i1p1f1,1986,03,26,18.300990084380047,1.9134588,-7.238403,1986
13234,r4i1p1f1,1986,03,27,0.0,7.1853104,-7.1773343,1986
13235,r4i1p1f1,1986,03,28,0.0,11.728907,-3.7810647,1986
13236,r4i1p1f1,1986,03,29,0.0,15.073031,-1.7767394,1986
13237,r4i1p1f1,1986,03,30,0.0,15.760386,-0.61371416,1986
13238,r4i1p1f1,1986,03,31,0.0,14.983952,1.8520862,1986
13239,r4i1p1f1,1986,04,01,0.0,8.634734,-5.137903,1986
13240,r4i1p1f1,1986,04,02,0.0,6.8446903,-5.433957,1986
13241,r4i1p1f1,1986,04,03,0.0,10.949823,-4.2312994,1986
13242,r4i1p1f1,1986,04,04,0.0,14.2103195,-1.4425187,1986
13243,r4i1p1f1,1986,04,05,0.0,17.262209,1.2946923,1986
13244,r4i1p1f1,1986,04,06,0.0,18.50243,2.2527244,1986
13245,r4i1p1f1,1986,04,07,0.0,18.635586,2.212505,1986
13246,r4i1p1f1,1986,04,08,0.0,18.698284,4.891529,1986
13247,r4i1p1f1,1986,04,09,0.0,16.17221,4.575995,1986
13248,r4i1p1f1,1986,04,10,1.6882930632752557,10.448597,-2.8018324,1986
13249,r4i1p1f1,1986,04,11,0.0,13.342797,0.17269704,1986
13250,r4i1p1f1,1986,04,12,0.0,16.330221,1.1243294,1986
13251,r4i1p1f1,1986,04,13,0.0,17.12063,1.1487718,1986
13252,r4i1p1f1,1986,04,14,0.18919687209494424,13.998809,2.225544,1986
13253,r4i1p1f1,1986,04,15,0.0016312987482537647,14.222902,0.44388342,1986
13254,r4i1p1f1,1986,04,16,0.0,13.92882,-5.516639e-05,1986
13255,r4i1p1f1,1986,04,17,0.0,14.217222,-0.3645065,1986
13256,r4i1p1f1,1986,04,18,0.0,14.141888,-0.99390113,1986
13257,r4i1p1f1,1986,04,19,0.3073808817645009,12.349426,1.721648,1986
13258,r4i1p1f1,1986,04,20,0.0,13.852711,-0.49403155,1986
13259,r4i1p1f1,1986,04,21,0.0,17.409916,1.0240633,1986
13260,r4i1p1f1,1986,04,22,0.0,18.181852,3.491474,1986
13261,r4i1p1f1,1986,04,23,0.0,21.3358,4.766367,1986
13262,r4i1p1f1,1986,04,24,0.0,22.618343,5.2780437,1986
13263,r4i1p1f1,1986,04,25,0.01321523909918475,23.3737,6.7635345,1986
13264,r4i1p1f1,1986,04,26,0.0,22.623888,8.57099,1986
13265,r4i1p1f1,1986,04,27,0.0,21.972506,6.5298095,1986
13266,r4i1p1f1,1986,04,28,10.227833275863773,19.446276,5.729506,1986
13267,r4i1p1f1,1986,04,29,45.83054211420509,9.932457,-1.7520196,1986
13268,r4i1p1f1,1986,04,30,2.464517262635283,6.2504883,-1.4847022,1986
13269,r4i1p1f1,1986,05,01,0.0,5.9160604,-6.557322,1986
13270,r4i1p1f1,1986,05,02,0.23712137716925571,4.6789927,-7.0700364,1986
13271,r4i1p1f1,1986,05,03,0.0,5.6008162,-8.56248,1986
13272,r4i1p1f1,1986,05,04,0.3272504929168154,6.2433867,-6.7795763,1986
13273,r4i1p1f1,1986,05,05,27.762047547585755,1.3522109,-6.51009,1986
13274,r4i1p1f1,1986,05,06,0.0,5.6180534,-6.2376337,1986
13275,r4i1p1f1,1986,05,07,2.9490287215355746,3.4770143,-4.5137935,1986
13276,r4i1p1f1,1986,05,08,0.20263112069702047,11.294727,-2.2488363,1986
13277,r4i1p1f1,1986,05,09,0.0,14.831146,-1.0509923,1986
13278,r4i1p1f1,1986,05,10,0.0,16.668604,2.0508423,1986
13279,r4i1p1f1,1986,05,11,0.0,18.96491,4.0710135,1986
13280,r4i1p1f1,1986,05,12,0.25165664370285507,19.74683,4.8220143,1986
13281,r4i1p1f1,1986,05,13,0.4048834440542798,19.819849,5.47216,1986
13282,r4i1p1f1,1986,05,14,1.6217865594251848,20.374107,6.0106835,1986
13283,r4i1p1f1,1986,05,15,2.154846440183422,19.876143,5.9510317,1986
13284,r4i1p1f1,1986,05,16,1.7695680692260827,18.813318,4.058469,1986
13285,r4i1p1f1,1986,05,17,0.8037437170767844,18.525198,5.018365,1986
13286,r4i1p1f1,1986,05,18,0.0,17.14492,5.263355,1986
13287,r4i1p1f1,1986,05,19,0.0,16.990253,3.761885,1986
13288,r4i1p1f1,1986,05,20,0.0,14.415537,1.1400813,1986
13289,r4i1p1f1,1986,05,21,0.0,11.408141,-0.74026155,1986
13290,r4i1p1f1,1986,05,22,25.59042979011784,3.5913415,-3.329148,1986
13291,r4i1p1f1,1986,05,23,0.9070416490751941,5.2857733,-7.963693,1986
13292,r4i1p1f1,1986,05,24,0.0,10.52869,-3.2392504,1986
13293,r4i1p1f1,1986,05,25,0.0,16.334604,0.61490744,1986
13294,r4i1p1f1,1986,05,26,0.0,19.991953,4.4404206,1986
13295,r4i1p1f1,1986,05,27,0.2271788905646517,21.023739,6.190886,1986
13296,r4i1p1f1,1986,05,28,1.766899532316636,16.562674,3.8732886,1986
13297,r4i1p1f1,1986,05,29,1.9188375120298522,14.136381,0.88471144,1986
13298,r4i1p1f1,1986,05,30,0.0,12.158641,0.028427262,1986
13299,r4i1p1f1,1986,05,31,0.0,13.923694,0.3207878,1986
13300,r4i1p1f1,1986,06,01,2.183056764155629,11.102736,-1.0319976,1986
13301,r4i1p1f1,1986,06,02,4.585306717908432,9.721666,-2.594081,1986
13302,r4i1p1f1,1986,06,03,4.264812427345738,10.115129,-2.3721638,1986
13303,r4i1p1f1,1986,06,04,0.5503845939693742,15.859013,0.7691776,1986
13304,r4i1p1f1,1986,06,05,0.0,15.256279,2.0754452,1986
13305,r4i1p1f1,1986,06,06,1.9934869841575686,12.6795635,1.1131221,1986
13306,r4i1p1f1,1986,06,07,0.36609900615331337,8.98764,-0.17486095,1986
13307,r4i1p1f1,1986,06,08,0.1551856709454826,11.038342,-1.3480701,1986
13308,r4i1p1f1,1986,06,09,0.0,16.13699,0.8980791,1986
13309,r4i1p1f1,1986,06,10,0.0,20.505215,3.8325477,1986
13310,r4i1p1f1,1986,06,11,0.0,22.275589,6.3955426,1986
13311,r4i1p1f1,1986,06,12,0.0,21.621063,9.7579365,1986
13312,r4i1p1f1,1986,06,13,0.0,22.786736,6.7240677,1986
13313,r4i1p1f1,1986,06,14,0.0,22.756294,7.7665796,1986
13314,r4i1p1f1,1986,06,15,0.0,24.790209,9.193171,1986
13315,r4i1p1f1,1986,06,16,0.0,25.96229,10.507778,1986
13316,r4i1p1f1,1986,06,17,0.0,25.464012,10.807887,1986
13317,r4i1p1f1,1986,06,18,0.0,24.521772,9.968624,1986
13318,r4i1p1f1,1986,06,19,0.0,23.052162,9.041263,1986
13319,r4i1p1f1,1986,06,20,0.011633053864852833,24.300013,8.638268,1986
13320,r4i1p1f1,1986,06,21,0.4359205783900478,25.7184,10.027705,1986
13321,r4i1p1f1,1986,06,22,0.0,26.510841,10.574441,1986
13322,r4i1p1f1,1986,06,23,0.0,26.805265,10.419855,1986
13323,r4i1p1f1,1986,06,24,0.0,27.102709,10.356013,1986
13324,r4i1p1f1,1986,06,25,0.0,25.884886,10.463605,1986
13325,r4i1p1f1,1986,06,26,0.0,24.287079,11.035728,1986
13326,r4i1p1f1,1986,06,27,0.0,22.926825,7.539782,1986
13327,r4i1p1f1,1986,06,28,0.0,22.516209,7.5976987,1986
13328,r4i1p1f1,1986,06,29,0.0,24.086563,7.7120104,1986
13329,r4i1p1f1,1986,06,30,0.0,24.290863,8.172535,1986
13330,r4i1p1f1,1986,07,01,0.0,24.555693,8.872239,1986
13331,r4i1p1f1,1986,07,02,0.0,24.13386,9.650796,1986
13332,r4i1p1f1,1986,07,03,0.0,21.136633,7.9684544,1986
13333,r4i1p1f1,1986,07,04,0.0,19.630157,5.5672684,1986
13334,r4i1p1f1,1986,07,05,0.05556652651475774,16.1515,3.2209947,1986
13335,r4i1p1f1,1986,07,06,0.0,15.918324,1.3591002,1986
13336,r4i1p1f1,1986,07,07,0.0,17.337475,3.0713818,1986
13337,r4i1p1f1,1986,07,08,0.0,19.481342,3.9375577,1986
13338,r4i1p1f1,1986,07,09,0.0,22.522827,5.9588337,1986
13339,r4i1p1f1,1986,07,10,0.0,23.169554,9.188476,1986
13340,r4i1p1f1,1986,07,11,0.0,22.545399,7.9899483,1986
13341,r4i1p1f1,1986,07,12,0.0,19.656878,7.5431566,1986
13342,r4i1p1f1,1986,07,13,0.0,22.162561,5.35077,1986
13343,r4i1p1f1,1986,07,14,0.0,22.826204,8.80252,1986
13344,r4i1p1f1,1986,07,15,0.0,26.864689,10.293552,1986
13345,r4i1p1f1,1986,07,16,0.0,28.596378,12.2361145,1986
13346,r4i1p1f1,1986,07,17,0.0,28.121845,12.262073,1986
13347,r4i1p1f1,1986,07,18,0.2934204871917451,27.54881,11.465537,1986
13348,r4i1p1f1,1986,07,19,0.0248948110154792,26.211395,11.579444,1986
13349,r4i1p1f1,1986,07,20,0.03070890493517135,22.48724,10.746233,1986
13350,r4i1p1f1,1986,07,21,0.021709675780272036,23.102806,10.318924,1986
13351,r4i1p1f1,1986,07,22,0.03014127058830382,24.46186,10.5032,1986
13352,r4i1p1f1,1986,07,23,0.0,25.56929,9.916859,1986
13353,r4i1p1f1,1986,07,24,0.0,25.998837,10.707252,1986
13354,r4i1p1f1,1986,07,25,0.0,25.678198,10.444802,1986
13355,r4i1p1f1,1986,07,26,0.0,25.234444,9.958962,1986
13356,r4i1p1f1,1986,07,27,0.0,24.84406,9.94721,1986
13357,r4i1p1f1,1986,07,28,0.0,25.387861,10.933555,1986
13358,r4i1p1f1,1986,07,29,0.0,26.466196,10.587921,1986
13359,r4i1p1f1,1986,07,30,0.0,26.945744,10.984058,1986
13360,r4i1p1f1,1986,07,31,0.0,26.504347,11.372905,1986
13361,r4i1p1f1,1986,08,01,0.0,27.385788,11.415404,1986
13362,r4i1p1f1,1986,08,02,0.0,27.491308,11.405788,1986
13363,r4i1p1f1,1986,08,03,0.0,27.778004,11.343437,1986
13364,r4i1p1f1,1986,08,04,0.0,27.475246,12.401738,1986
13365,r4i1p1f1,1986,08,05,0.0,27.041063,11.213556,1986
13366,r4i1p1f1,1986,08,06,0.0,26.032354,10.333145,1986
13367,r4i1p1f1,1986,08,07,0.0,24.594973,10.153814,1986
13368,r4i1p1f1,1986,08,08,0.0,25.070477,10.867094,1986
13369,r4i1p1f1,1986,08,09,0.0,27.420494,11.118129,1986
13370,r4i1p1f1,1986,08,10,0.0,28.945436,12.747986,1986
13371,r4i1p1f1,1986,08,11,0.0,29.806944,13.452725,1986
13372,r4i1p1f1,1986,08,12,0.0,29.504433,13.100925,1986
13373,r4i1p1f1,1986,08,13,0.0,29.248962,13.520968,1986
13374,r4i1p1f1,1986,08,14,0.0,27.069,12.307959,1986
13375,r4i1p1f1,1986,08,15,0.0,25.534473,9.175191,1986
13376,r4i1p1f1,1986,08,16,0.0,24.7778,9.347128,1986
13377,r4i1p1f1,1986,08,17,1.6229069564335852,24.016317,9.716533,1986
13378,r4i1p1f1,1986,08,18,0.0,18.243591,6.247879,1986
13379,r4i1p1f1,1986,08,19,0.0,20.446495,4.7736163,1986
13380,r4i1p1f1,1986,08,20,0.063428775497846,22.489704,6.505248,1986
13381,r4i1p1f1,1986,08,21,0.007509100524818196,22.795355,6.917039,1986
13382,r4i1p1f1,1986,08,22,0.0,22.706057,8.182557,1986
13383,r4i1p1f1,1986,08,23,0.0,22.369104,6.720251,1986
13384,r4i1p1f1,1986,08,24,0.0,21.865189,6.6177154,1986
13385,r4i1p1f1,1986,08,25,0.0,21.386093,8.579582,1986
13386,r4i1p1f1,1986,08,26,0.019516273176748457,21.188875,7.04934,1986
13387,r4i1p1f1,1986,08,27,0.13028608066292177,21.051619,5.9159613,1986
13388,r4i1p1f1,1986,08,28,0.08160790850393099,21.630625,6.129369,1986
13389,r4i1p1f1,1986,08,29,0.0,23.103748,6.736657,1986
13390,r4i1p1f1,1986,08,30,0.0,23.8405,7.3512726,1986
13391,r4i1p1f1,1986,08,31,0.0,23.169832,8.122326,1986
13392,r4i1p1f1,1986,09,01,0.0,20.784283,5.8922315,1986
13393,r4i1p1f1,1986,09,02,0.0,17.650976,5.8868966,1986
13394,r4i1p1f1,1986,09,03,15.537418198283989,20.888678,10.941429,1986
13395,r4i1p1f1,1986,09,04,18.159157146798627,18.33566,5.3257985,1986
13396,r4i1p1f1,1986,09,05,0.0,12.640401,-0.4296587,1986
13397,r4i1p1f1,1986,09,06,0.0,12.907047,-0.1849009,1986
13398,r4i1p1f1,1986,09,07,0.0,12.780585,0.37939852,1986
13399,r4i1p1f1,1986,09,08,0.0,15.038182,-0.4331814,1986
13400,r4i1p1f1,1986,09,09,0.0,18.164082,2.6085827,1986
13401,r4i1p1f1,1986,09,10,0.0,20.441889,6.050435,1986
13402,r4i1p1f1,1986,09,11,0.0,21.939564,7.1401763,1986
13403,r4i1p1f1,1986,09,12,0.0,21.99364,6.6294584,1986
13404,r4i1p1f1,1986,09,13,0.0,21.842197,6.4083447,1986
13405,r4i1p1f1,1986,09,14,0.0,20.21872,5.7890706,1986
13406,r4i1p1f1,1986,09,15,0.0,19.424192,4.455367,1986
13407,r4i1p1f1,1986,09,16,0.43089502942660135,20.955826,8.0003395,1986
13408,r4i1p1f1,1986,09,17,0.4195746645662982,15.734873,1.5232018,1986
13409,r4i1p1f1,1986,09,18,0.0,18.73292,2.869549,1986
13410,r4i1p1f1,1986,09,19,0.0,22.156057,6.429181,1986
13411,r4i1p1f1,1986,09,20,0.0,23.874607,8.718854,1986
13412,r4i1p1f1,1986,09,21,0.0,24.243206,9.170108,1986
13413,r4i1p1f1,1986,09,22,0.0,24.94609,9.009528,1986
13414,r4i1p1f1,1986,09,23,0.0,23.89053,9.252353,1986
13415,r4i1p1f1,1986,09,24,0.07393679584743143,22.534042,9.3770075,1986
13416,r4i1p1f1,1986,09,25,4.175947163243751,20.458061,8.402384,1986
13417,r4i1p1f1,1986,09,26,0.676641018236292,21.615705,5.410009,1986
13418,r4i1p1f1,1986,09,27,0.0,21.486654,6.4916654,1986
13419,r4i1p1f1,1986,09,28,0.0,22.062202,6.3143907,1986
13420,r4i1p1f1,1986,09,29,0.0,21.520004,7.375554,1986
13421,r4i1p1f1,1986,09,30,0.0,21.38609,6.8978295,1986
13422,r4i1p1f1,1986,10,01,0.41068120312977613,20.406015,6.1611757,1986
13423,r4i1p1f1,1986,10,02,0.22698360348038157,17.687006,4.3369164,1986
13424,r4i1p1f1,1986,10,03,0.0,19.78848,4.465503,1986
13425,r4i1p1f1,1986,10,04,0.0,20.582964,5.255549,1986
13426,r4i1p1f1,1986,10,05,0.0,19.940022,6.8727465,1986
13427,r4i1p1f1,1986,10,06,0.006283695200601449,17.519667,4.5901475,1986
13428,r4i1p1f1,1986,10,07,0.11354519572713843,17.612288,3.3907769,1986
13429,r4i1p1f1,1986,10,08,5.627203434287943,18.805702,6.4287906,1986
13430,r4i1p1f1,1986,10,09,0.08482078706675891,12.577211,-0.2663999,1986
13431,r4i1p1f1,1986,10,10,0.0,14.00256,1.0684034,1986
13432,r4i1p1f1,1986,10,11,0.0,14.280398,2.4368496,1986
13433,r4i1p1f1,1986,10,12,0.0,15.17257,0.69471306,1986
13434,r4i1p1f1,1986,10,13,0.0,17.007221,1.5622352,1986
13435,r4i1p1f1,1986,10,14,0.0,17.802773,2.9507725,1986
13436,r4i1p1f1,1986,10,15,0.0,18.681232,3.7125032,1986
13437,r4i1p1f1,1986,10,16,0.0,20.197096,6.4478536,1986
13438,r4i1p1f1,1986,10,17,0.00554216344528979,18.431019,6.4238615,1986
13439,r4i1p1f1,1986,10,18,0.21748018596027408,15.28385,2.5822628,1986
13440,r4i1p1f1,1986,10,19,2.16162170644858,18.352869,5.231483,1986
13441,r4i1p1f1,1986,10,20,0.07278411200757842,7.2269483,-1.380869,1986
13442,r4i1p1f1,1986,10,21,56.71503788884308,5.50966,-2.8939486,1986
13443,r4i1p1f1,1986,10,22,8.678689323739297,3.216421,-7.1153836,1986
13444,r4i1p1f1,1986,10,23,0.0,8.857672,-8.505766,1986
13445,r4i1p1f1,1986,10,24,0.0,9.912135,-5.2055583,1986
13446,r4i1p1f1,1986,10,25,0.0,11.143675,-3.1374562,1986
13447,r4i1p1f1,1986,10,26,0.0,10.398388,-3.8262784,1986
13448,r4i1p1f1,1986,10,27,0.0,10.403235,-1.8599365,1986
13449,r4i1p1f1,1986,10,28,0.0,12.767038,-2.2782326,1986
13450,r4i1p1f1,1986,10,29,0.0,11.790192,-0.58273363,1986
13451,r4i1p1f1,1986,10,30,0.0,12.705335,3.2967463,1986
13452,r4i1p1f1,1986,10,31,15.94881769143281,15.517143,3.247952,1986
13453,r4i1p1f1,1986,11,01,0.03460144307856802,7.6631026,-5.434927,1986
13454,r4i1p1f1,1986,11,02,0.0,10.738735,-1.5617093,1986
13455,r4i1p1f1,1986,11,03,0.0,14.2277775,-1.3738252,1986
13456,r4i1p1f1,1986,11,04,0.0,15.34078,-0.21764287,1986
13457,r4i1p1f1,1986,11,05,0.0,15.619944,2.359925,1986
13458,r4i1p1f1,1986,11,06,0.0,16.96117,2.6845405,1986
13459,r4i1p1f1,1986,11,07,0.0,14.798431,0.2607694,1986
13460,r4i1p1f1,1986,11,08,0.0,12.002275,-1.5790355,1986
13461,r4i1p1f1,1986,11,09,0.0,10.90542,-3.0725434,1986
13462,r4i1p1f1,1986,11,10,0.0,10.204121,-3.4813604,1986
13463,r4i1p1f1,1986,11,11,0.0,8.481269,-3.5577793,1986
13464,r4i1p1f1,1986,11,12,1.267129682150366,4.702643,-6.2261505,1986
13465,r4i1p1f1,1986,11,13,0.0,1.9230064,-9.536643,1986
13466,r4i1p1f1,1986,11,14,0.5026265812618447,-0.29384458,-10.367466,1986
13467,r4i1p1f1,1986,11,15,0.0,6.4880195,-7.314548,1986
13468,r4i1p1f1,1986,11,16,0.0,6.590415,-6.795068,1986
13469,r4i1p1f1,1986,11,17,0.0,6.1329207,-6.1239014,1986
13470,r4i1p1f1,1986,11,18,0.0,7.4328523,-5.9215546,1986
13471,r4i1p1f1,1986,11,19,0.0,6.574616,-5.5997915,1986
13472,r4i1p1f1,1986,11,20,0.5002340714493819,8.255699,-4.300344,1986
13473,r4i1p1f1,1986,11,21,0.0,11.601246,-4.1773934,1986
13474,r4i1p1f1,1986,11,22,0.0,9.152494,-2.32335,1986
13475,r4i1p1f1,1986,11,23,16.32696919820621,6.4230795,-3.677351,1986
13476,r4i1p1f1,1986,11,24,0.278569660315446,8.640411,-6.067658,1986
13477,r4i1p1f1,1986,11,25,0.0,11.777015,-3.2336526,1986
13478,r4i1p1f1,1986,11,26,15.891270427432595,11.079319,-1.4680585,1986
13479,r4i1p1f1,1986,11,27,7.385482532167133,2.0668492,-6.4489384,1986
13480,r4i1p1f1,1986,11,28,7.1437396242639375,0.768015,-8.029155,1986
13481,r4i1p1f1,1986,11,29,0.0,1.9238125,-9.68515,1986
13482,r4i1p1f1,1986,11,30,0.0,5.0967016,-11.4681835,1986
13483,r4i1p1f1,1986,12,01,0.0,4.760297,-11.236129,1986
13484,r4i1p1f1,1986,12,02,0.23590312834525676,1.9898791,-7.3949113,1986
13485,r4i1p1f1,1986,12,03,0.0,2.0836616,-10.584987,1986
13486,r4i1p1f1,1986,12,04,0.0,3.42398,-8.869026,1986
13487,r4i1p1f1,1986,12,05,0.10327931254632282,4.0247574,-8.564787,1986
13488,r4i1p1f1,1986,12,06,0.0,2.8352354,-9.560023,1986
13489,r4i1p1f1,1986,12,07,0.0,6.378768,-7.3842144,1986
13490,r4i1p1f1,1986,12,08,2.046042302268746,2.933969,-8.807673,1986
13491,r4i1p1f1,1986,12,09,0.0,-5.6492996,-16.451975,1986
13492,r4i1p1f1,1986,12,10,0.0,-0.6561123,-13.99585,1986
13493,r4i1p1f1,1986,12,11,0.0,8.621764,-6.5488424,1986
13494,r4i1p1f1,1986,12,12,0.0,11.295103,-3.9895034,1986
13495,r4i1p1f1,1986,12,13,0.0,10.060188,-0.7722111,1986
13496,r4i1p1f1,1986,12,14,0.0,9.67666,-3.1055388,1986
13497,r4i1p1f1,1986,12,15,0.0,9.776428,-5.654708,1986
13498,r4i1p1f1,1986,12,16,0.0,9.261738,-3.8145032,1986
13499,r4i1p1f1,1986,12,17,0.0,10.830652,-3.043616,1986
13500,r4i1p1f1,1986,12,18,0.0,9.798078,-2.0895715,1986
13501,r4i1p1f1,1986,12,19,5.946943983541313,6.46591,-3.999846,1986
13502,r4i1p1f1,1986,12,20,2.0633399715750875,6.8459606,-5.556546,1986
13503,r4i1p1f1,1986,12,21,10.671389158786173,5.102228,-1.495038,1986
13504,r4i1p1f1,1986,12,22,27.435208159463052,2.0703423,-5.008337,1986
13505,r4i1p1f1,1986,12,23,0.22055719931138737,3.4496336,-8.696129,1986
13506,r4i1p1f1,1986,12,24,0.0,7.3644648,-7.0036244,1986
13507,r4i1p1f1,1986,12,25,0.0,8.802944,-6.4391813,1986
13508,r4i1p1f1,1986,12,26,0.0,9.476086,-3.7979708,1986
13509,r4i1p1f1,1986,12,27,0.0,10.99516,-1.0685654,1986
13510,r4i1p1f1,1986,12,28,0.0,12.964724,-1.7905318,1986
13511,r4i1p1f1,1986,12,29,0.0,14.2194805,-0.6757013,1986
13512,r4i1p1f1,1986,12,30,0.0,13.805243,-1.0300108,1986
13513,r4i1p1f1,1986,12,31,0.0,12.010923,-2.408956,1986
13514,r4i1p1f1,1987,01,01,0.0,12.194707,-1.9744986,1987
13515,r4i1p1f1,1987,01,02,0.0,10.34274,-1.1362497,1987
13516,r4i1p1f1,1987,01,03,3.4751959517311724,5.280279,-4.1882377,1987
13517,r4i1p1f1,1987,01,04,0.5085113794445134,4.669015,-3.4478023,1987
13518,r4i1p1f1,1987,01,05,0.3196064596440467,6.295235,-2.9715033,1987
13519,r4i1p1f1,1987,01,06,2.2627471213695056,4.561577,-2.0802722,1987
13520,r4i1p1f1,1987,01,07,16.302469823029043,4.771584,-6.398908,1987
13521,r4i1p1f1,1987,01,08,0.0,4.4186797,-8.811846,1987
13522,r4i1p1f1,1987,01,09,0.0,5.444382,-7.441826,1987
13523,r4i1p1f1,1987,01,10,0.0,7.2538443,-6.252634,1987
13524,r4i1p1f1,1987,01,11,0.0,7.00881,-6.4841385,1987
13525,r4i1p1f1,1987,01,12,0.0,3.8757706,-9.685406,1987
13526,r4i1p1f1,1987,01,13,0.0,5.1914263,-9.918481,1987
13527,r4i1p1f1,1987,01,14,0.0,8.067702,-8.160168,1987
13528,r4i1p1f1,1987,01,15,0.0,10.566041,-6.482524,1987
13529,r4i1p1f1,1987,01,16,0.0,9.368095,-3.935024,1987
13530,r4i1p1f1,1987,01,17,0.0,10.055953,-1.7562361,1987
13531,r4i1p1f1,1987,01,18,0.0,11.519315,-2.7351782,1987
13532,r4i1p1f1,1987,01,19,15.028980271458812,8.499356,-3.1940315,1987
13533,r4i1p1f1,1987,01,20,2.3539663105580835,2.6569593,-4.3965983,1987
13534,r4i1p1f1,1987,01,21,0.012794367408556906,4.475934,-4.4731946,1987
13535,r4i1p1f1,1987,01,22,0.0,6.909361,-5.1128407,1987
13536,r4i1p1f1,1987,01,23,5.953124085094488,4.948239,-3.9023862,1987
13537,r4i1p1f1,1987,01,24,0.0,7.082681,-4.538161,1987
13538,r4i1p1f1,1987,01,25,0.0,10.523341,-3.9678612,1987
13539,r4i1p1f1,1987,01,26,2.8879804394802613,8.033846,-3.4917953,1987
13540,r4i1p1f1,1987,01,27,8.673271390570463,1.6983153,-8.644502,1987
13541,r4i1p1f1,1987,01,28,0.0,5.8681655,-7.652612,1987
13542,r4i1p1f1,1987,01,29,0.4225656508710453,5.458539,-6.2150097,1987
13543,r4i1p1f1,1987,01,30,0.0,6.1536407,-9.466079,1987
13544,r4i1p1f1,1987,01,31,0.0,10.381045,-7.9624367,1987
13545,r4i1p1f1,1987,02,01,1.241477073204287,6.8579865,-4.5077004,1987
13546,r4i1p1f1,1987,02,02,1.4796415509260537,6.0609713,-5.4677944,1987
13547,r4i1p1f1,1987,02,03,0.0,10.567647,-3.3120651,1987
13548,r4i1p1f1,1987,02,04,0.0,9.557919,-0.75039554,1987
13549,r4i1p1f1,1987,02,05,7.88242555514707,5.647894,-3.3288195,1987
13550,r4i1p1f1,1987,02,06,6.905405679878323,7.445275,-3.0791283,1987
13551,r4i1p1f1,1987,02,07,12.439054532629244,7.2777104,-1.168249,1987
13552,r4i1p1f1,1987,02,08,4.905732104978029,6.643756,-5.1290555,1987
13553,r4i1p1f1,1987,02,09,0.0,7.96244,-5.0414853,1987
13554,r4i1p1f1,1987,02,10,11.789766968490252,6.0766106,-4.756124,1987
13555,r4i1p1f1,1987,02,11,0.0,10.026442,-4.522839,1987
13556,r4i1p1f1,1987,02,12,0.785228441816252,5.86423,-5.987792,1987
13557,r4i1p1f1,1987,02,13,0.0,9.334709,-7.1170654,1987
13558,r4i1p1f1,1987,02,14,0.0,10.027678,-2.0926795,1987
13559,r4i1p1f1,1987,02,15,4.354832875902519,7.4345503,-3.7189074,1987
13560,r4i1p1f1,1987,02,16,19.522650741679147,0.7820006,-9.463786,1987
13561,r4i1p1f1,1987,02,17,0.0,6.5859165,-7.2362647,1987
13562,r4i1p1f1,1987,02,18,0.0,9.341755,-6.0089245,1987
13563,r4i1p1f1,1987,02,19,0.3950980749327323,7.6767826,-4.730567,1987
13564,r4i1p1f1,1987,02,20,0.010673703089945348,3.112052,-7.8988595,1987
13565,r4i1p1f1,1987,02,21,0.0,3.7766774,-9.260219,1987
13566,r4i1p1f1,1987,02,22,0.0,4.2613997,-8.437666,1987
13567,r4i1p1f1,1987,02,23,0.0,5.7058415,-7.9969296,1987
13568,r4i1p1f1,1987,02,24,0.0,7.019444,-6.831116,1987
13569,r4i1p1f1,1987,02,25,0.0,10.534193,-5.504892,1987
13570,r4i1p1f1,1987,02,26,0.0,12.618583,-2.5462954,1987
13571,r4i1p1f1,1987,02,27,0.0,13.517523,-1.3071591,1987
13572,r4i1p1f1,1987,02,28,0.0,13.113867,-1.6352009,1987
13573,r4i1p1f1,1987,03,01,0.0,14.463062,-1.6744498,1987
13574,r4i1p1f1,1987,03,02,0.0,14.11697,-0.5926077,1987
13575,r4i1p1f1,1987,03,03,0.0,14.5282755,-1.3535548,1987
13576,r4i1p1f1,1987,03,04,0.0,14.949415,-2.4343662,1987
13577,r4i1p1f1,1987,03,05,0.0,14.299393,0.25771245,1987
13578,r4i1p1f1,1987,03,06,0.01686347660320712,11.463406,-1.0559425,1987
13579,r4i1p1f1,1987,03,07,2.7840687878087755,2.1367939,-10.047101,1987
13580,r4i1p1f1,1987,03,08,0.0,7.738815,-7.7490644,1987
13581,r4i1p1f1,1987,03,09,0.0,7.5969234,-4.0781636,1987
13582,r4i1p1f1,1987,03,10,0.27553712638257727,4.8197093,-2.1518488,1987
13583,r4i1p1f1,1987,03,11,35.88934988642061,1.7152623,-3.7818642,1987
13584,r4i1p1f1,1987,03,12,26.432789841454003,0.95125633,-5.999049,1987
13585,r4i1p1f1,1987,03,13,1.867086273648562,2.587179,-8.264718,1987
13586,r4i1p1f1,1987,03,14,0.0,6.0621295,-9.066508,1987
13587,r4i1p1f1,1987,03,15,0.1195557473693043,2.9347687,-8.265551,1987
13588,r4i1p1f1,1987,03,16,0.0,7.822078,-6.9596615,1987
13589,r4i1p1f1,1987,03,17,10.766897421370116,3.7449398,-3.8380055,1987
13590,r4i1p1f1,1987,03,18,32.613138204105454,-1.8935779,-7.333743,1987
13591,r4i1p1f1,1987,03,19,0.017239377181766328,6.9562564,-7.483044,1987
13592,r4i1p1f1,1987,03,20,1.1291133252557075,3.5181525,-5.625205,1987
13593,r4i1p1f1,1987,03,21,0.0,8.902246,-7.889788,1987
13594,r4i1p1f1,1987,03,22,12.614964884632094,3.9162412,-2.868409,1987
13595,r4i1p1f1,1987,03,23,11.909277288599268,0.9670036,-10.24598,1987
13596,r4i1p1f1,1987,03,24,2.0974093678237358,2.0956323,-11.509485,1987
13597,r4i1p1f1,1987,03,25,0.0,9.396309,-5.1594205,1987
13598,r4i1p1f1,1987,03,26,2.3043657131848,5.7173557,-5.922169,1987
13599,r4i1p1f1,1987,03,27,0.0,10.699953,-5.1662626,1987
13600,r4i1p1f1,1987,03,28,0.0,12.2219095,-2.4853826,1987
13601,r4i1p1f1,1987,03,29,0.0,11.801004,-1.2213403,1987
13602,r4i1p1f1,1987,03,30,0.0,14.776629,-1.7349348,1987
13603,r4i1p1f1,1987,03,31,0.0,14.072738,2.321209,1987
13604,r4i1p1f1,1987,04,01,1.6488117017858683,9.040564,-3.4789834,1987
13605,r4i1p1f1,1987,04,02,0.0,12.808642,-3.94985,1987
13606,r4i1p1f1,1987,04,03,0.0,11.327022,-3.0280144,1987
13607,r4i1p1f1,1987,04,04,19.046752913949835,7.823779,-5.4843287,1987
13608,r4i1p1f1,1987,04,05,4.260005986332841,-2.9559255,-10.096633,1987
13609,r4i1p1f1,1987,04,06,6.343925448071461,-2.3481693,-11.0759,1987
13610,r4i1p1f1,1987,04,07,0.08303360587575397,5.4596195,-9.769117,1987
13611,r4i1p1f1,1987,04,08,0.0,9.0793495,-6.5094237,1987
13612,r4i1p1f1,1987,04,09,0.0,10.0090275,-2.2423396,1987
13613,r4i1p1f1,1987,04,10,0.0,10.684279,-1.3457686,1987
13614,r4i1p1f1,1987,04,11,20.71683347610782,3.002289,-8.412526,1987
13615,r4i1p1f1,1987,04,12,1.8871656966924943,1.5651933,-8.704822,1987
13616,r4i1p1f1,1987,04,13,0.0,10.86715,-4.4313126,1987
13617,r4i1p1f1,1987,04,14,0.0,15.008773,-1.247721,1987
13618,r4i1p1f1,1987,04,15,0.0,14.533766,0.29677814,1987
13619,r4i1p1f1,1987,04,16,9.66531863021011,10.695118,-2.3406475,1987
13620,r4i1p1f1,1987,04,17,6.34299892565679,3.3156142,-4.649991,1987
13621,r4i1p1f1,1987,04,18,17.451950689731376,2.8491032,-3.934325,1987
13622,r4i1p1f1,1987,04,19,0.9632437388870019,4.2190933,-4.5881357,1987
13623,r4i1p1f1,1987,04,20,1.2573831854529687,7.7662177,-4.255343,1987
13624,r4i1p1f1,1987,04,21,0.8290323050986613,7.7881694,-2.5768874,1987
13625,r4i1p1f1,1987,04,22,9.017637787661746,3.2801893,-5.0857086,1987
13626,r4i1p1f1,1987,04,23,0.8312098990084932,4.6611795,-7.5072756,1987
13627,r4i1p1f1,1987,04,24,0.0,12.351756,-3.962125,1987
13628,r4i1p1f1,1987,04,25,0.0,13.800754,-1.9289432,1987
13629,r4i1p1f1,1987,04,26,0.0,13.9461565,-0.8163185,1987
13630,r4i1p1f1,1987,04,27,0.0,14.314227,-0.5975603,1987
13631,r4i1p1f1,1987,04,28,0.5259591763169079,11.342661,0.7224052,1987
13632,r4i1p1f1,1987,04,29,0.0,14.695074,0.050814323,1987
13633,r4i1p1f1,1987,04,30,0.0,14.806559,-0.5501164,1987
13634,r4i1p1f1,1987,05,01,0.0,15.124302,-0.44155112,1987
13635,r4i1p1f1,1987,05,02,0.0,14.092659,0.8610054,1987
13636,r4i1p1f1,1987,05,03,0.0,12.663226,-1.161263,1987
13637,r4i1p1f1,1987,05,04,0.0,13.433516,-0.44299296,1987
13638,r4i1p1f1,1987,05,05,0.0,12.575933,0.116959035,1987
13639,r4i1p1f1,1987,05,06,0.0,9.215246,-0.97116005,1987
13640,r4i1p1f1,1987,05,07,0.0,12.104477,-2.140071,1987
13641,r4i1p1f1,1987,05,08,1.1616596416655847,10.1898155,-2.7167137,1987
13642,r4i1p1f1,1987,05,09,2.4006918202811742,11.224223,-2.762584,1987
13643,r4i1p1f1,1987,05,10,12.907822151754365,7.6272874,-4.449741,1987
13644,r4i1p1f1,1987,05,11,5.080529535860898,10.442485,-3.639696,1987
13645,r4i1p1f1,1987,05,12,0.014641109276647211,12.201625,-1.1373011,1987
13646,r4i1p1f1,1987,05,13,0.0,15.595282,0.28269276,1987
13647,r4i1p1f1,1987,05,14,0.0,18.486147,3.4362583,1987
13648,r4i1p1f1,1987,05,15,0.0,18.116417,5.096271,1987
13649,r4i1p1f1,1987,05,16,0.0,15.364752,3.7914808,1987
13650,r4i1p1f1,1987,05,17,2.5739303589565417,6.981396,-4.127959,1987
13651,r4i1p1f1,1987,05,18,0.0,12.840428,-1.9311043,1987
13652,r4i1p1f1,1987,05,19,0.11432365768766073,12.179566,-1.0368433,1987
13653,r4i1p1f1,1987,05,20,0.0,14.039262,-1.1111597,1987
13654,r4i1p1f1,1987,05,21,0.0,18.114216,1.5620172,1987
13655,r4i1p1f1,1987,05,22,0.0,20.877201,3.9910853,1987
13656,r4i1p1f1,1987,05,23,0.0,22.75195,6.5602856,1987
13657,r4i1p1f1,1987,05,24,0.0,24.470407,8.146729,1987
13658,r4i1p1f1,1987,05,25,0.0,22.949183,7.8081894,1987
13659,r4i1p1f1,1987,05,26,0.5904371722780981,20.798105,6.8149962,1987
13660,r4i1p1f1,1987,05,27,0.0,23.961123,7.4759936,1987
13661,r4i1p1f1,1987,05,28,0.0,23.767792,8.325134,1987
13662,r4i1p1f1,1987,05,29,0.0,22.399557,7.356552,1987
13663,r4i1p1f1,1987,05,30,0.0,23.308138,8.468527,1987
13664,r4i1p1f1,1987,05,31,0.0,22.412992,8.026256,1987
13665,r4i1p1f1,1987,06,01,0.0,25.208002,8.665722,1987
13666,r4i1p1f1,1987,06,02,0.23515605400906395,25.551468,9.6163225,1987
13667,r4i1p1f1,1987,06,03,0.429569223625833,24.559874,11.18332,1987
13668,r4i1p1f1,1987,06,04,0.6382655080806093,23.25543,10.200145,1987
13669,r4i1p1f1,1987,06,05,0.20845123161307622,19.998306,7.9142165,1987
13670,r4i1p1f1,1987,06,06,0.0,20.169992,6.071103,1987
13671,r4i1p1f1,1987,06,07,0.06648267631690814,19.8947,6.4101458,1987
13672,r4i1p1f1,1987,06,08,0.2864022392191454,22.35197,7.2112226,1987
13673,r4i1p1f1,1987,06,09,0.3744092554457004,21.065779,8.068277,1987
13674,r4i1p1f1,1987,06,10,2.5332720060340272,13.089034,3.413324,1987
13675,r4i1p1f1,1987,06,11,0.005398325595611757,17.900799,4.0757456,1987
13676,r4i1p1f1,1987,06,12,0.11338549062630217,18.888857,5.3314843,1987
13677,r4i1p1f1,1987,06,13,0.0,19.813452,6.02419,1987
13678,r4i1p1f1,1987,06,14,0.0,19.45631,6.1096063,1987
13679,r4i1p1f1,1987,06,15,0.0,18.08762,4.456687,1987
13680,r4i1p1f1,1987,06,16,0.0,14.356756,-0.5172534,1987
13681,r4i1p1f1,1987,06,17,0.0,17.45226,2.8453982,1987
13682,r4i1p1f1,1987,06,18,0.0,19.266834,4.241953,1987
13683,r4i1p1f1,1987,06,19,0.0,18.819801,4.989588,1987
13684,r4i1p1f1,1987,06,20,7.823579738368817,8.936104,-2.0540185,1987
13685,r4i1p1f1,1987,06,21,0.0,16.35613,2.2656388,1987
13686,r4i1p1f1,1987,06,22,1.4231861865820101,15.437969,3.644684,1987
13687,r4i1p1f1,1987,06,23,0.6371281016837773,10.327056,2.7913868,1987
13688,r4i1p1f1,1987,06,24,3.236530737423512,13.559397,0.13174425,1987
13689,r4i1p1f1,1987,06,25,0.02143837714871198,15.656835,2.8711302,1987
13690,r4i1p1f1,1987,06,26,0.5563147362096159,18.413425,3.5926793,1987
13691,r4i1p1f1,1987,06,27,0.0,21.25601,6.3876567,1987
13692,r4i1p1f1,1987,06,28,0.365597034838236,21.24625,6.9158425,1987
13693,r4i1p1f1,1987,06,29,0.06048920463214363,20.692854,7.010808,1987
13694,r4i1p1f1,1987,06,30,0.006610496976830031,21.598661,7.228811,1987
13695,r4i1p1f1,1987,07,01,0.06809614443881816,23.908478,8.224527,1987
13696,r4i1p1f1,1987,07,02,0.012489508572043345,25.381847,9.33536,1987
13697,r4i1p1f1,1987,07,03,0.2561422696460104,25.012331,9.292056,1987
13698,r4i1p1f1,1987,07,04,0.0,25.003859,9.104474,1987
13699,r4i1p1f1,1987,07,05,0.0,25.147474,9.087875,1987
13700,r4i1p1f1,1987,07,06,0.0,26.01772,9.135405,1987
13701,r4i1p1f1,1987,07,07,0.0,28.035587,10.501437,1987
13702,r4i1p1f1,1987,07,08,0.0,29.557348,12.174981,1987
13703,r4i1p1f1,1987,07,09,0.5847886802072372,29.05956,11.89116,1987
13704,r4i1p1f1,1987,07,10,0.3491852698210001,28.604437,11.631045,1987
13705,r4i1p1f1,1987,07,11,0.4882479605514649,26.324276,13.000799,1987
13706,r4i1p1f1,1987,07,12,0.08952745866814414,23.570251,10.109119,1987
13707,r4i1p1f1,1987,07,13,0.0,20.3018,7.1886516,1987
13708,r4i1p1f1,1987,07,14,0.0,18.15254,5.2449565,1987
13709,r4i1p1f1,1987,07,15,0.0,23.590664,7.690939,1987
13710,r4i1p1f1,1987,07,16,0.0,26.679852,10.3789835,1987
13711,r4i1p1f1,1987,07,17,0.5095359023907474,28.465708,11.936887,1987
13712,r4i1p1f1,1987,07,18,0.3041169615137144,27.439157,11.855576,1987
13713,r4i1p1f1,1987,07,19,1.2601680298025322,26.185549,12.740769,1987
13714,r4i1p1f1,1987,07,20,2.538325054317131,24.732897,12.0969095,1987
13715,r4i1p1f1,1987,07,21,0.08535555285207792,24.879282,11.037401,1987
13716,r4i1p1f1,1987,07,22,0.027761372876323537,24.901535,10.070444,1987
13717,r4i1p1f1,1987,07,23,0.0,23.992895,8.381075,1987
13718,r4i1p1f1,1987,07,24,0.0,24.172651,8.163987,1987
13719,r4i1p1f1,1987,07,25,0.0,23.837988,8.28455,1987
13720,r4i1p1f1,1987,07,26,0.0,24.416306,8.291479,1987
13721,r4i1p1f1,1987,07,27,0.0,25.182726,8.67357,1987
13722,r4i1p1f1,1987,07,28,0.0,25.004942,9.073515,1987
13723,r4i1p1f1,1987,07,29,0.0,24.826857,8.668406,1987
13724,r4i1p1f1,1987,07,30,0.0,23.926126,9.117113,1987
13725,r4i1p1f1,1987,07,31,0.0,23.118404,7.821496,1987
13726,r4i1p1f1,1987,08,01,0.0,21.860897,9.181739,1987
13727,r4i1p1f1,1987,08,02,0.0,21.017805,6.0410748,1987
13728,r4i1p1f1,1987,08,03,0.0,21.10239,5.809528,1987
13729,r4i1p1f1,1987,08,04,0.0,22.035152,5.607793,1987
13730,r4i1p1f1,1987,08,05,0.0,23.692917,8.393172,1987
13731,r4i1p1f1,1987,08,06,0.0,23.657116,7.9392505,1987
13732,r4i1p1f1,1987,08,07,0.0,23.904844,8.054181,1987
13733,r4i1p1f1,1987,08,08,0.0,24.921772,9.481188,1987
13734,r4i1p1f1,1987,08,09,0.009490586345808842,24.338068,9.2858095,1987
13735,r4i1p1f1,1987,08,10,0.0014616578564980716,23.043633,8.20039,1987
13736,r4i1p1f1,1987,08,11,0.0,24.779566,8.410561,1987
13737,r4i1p1f1,1987,08,12,0.0,25.36474,9.201371,1987
13738,r4i1p1f1,1987,08,13,0.0,25.069065,8.744871,1987
13739,r4i1p1f1,1987,08,14,0.0,25.788565,9.708264,1987
13740,r4i1p1f1,1987,08,15,0.0,26.903831,10.348145,1987
13741,r4i1p1f1,1987,08,16,0.08673739492602445,26.36422,11.116829,1987
13742,r4i1p1f1,1987,08,17,0.05979417572777752,25.265335,11.178277,1987
13743,r4i1p1f1,1987,08,18,0.0,23.702324,9.152881,1987
13744,r4i1p1f1,1987,08,19,0.0,22.177355,7.22328,1987
13745,r4i1p1f1,1987,08,20,0.0,15.111233,0.8611806,1987
13746,r4i1p1f1,1987,08,21,0.01094000312504377,14.567968,3.069245,1987
13747,r4i1p1f1,1987,08,22,4.217846148142956,15.062398,2.471675,1987
13748,r4i1p1f1,1987,08,23,1.3050212692633067,13.17458,1.557083,1987
13749,r4i1p1f1,1987,08,24,0.03556903172231688,17.737453,0.8433396,1987
13750,r4i1p1f1,1987,08,25,0.0,21.288115,3.278337,1987
13751,r4i1p1f1,1987,08,26,0.0,24.182426,6.156452,1987
13752,r4i1p1f1,1987,08,27,0.04349167365409598,23.793835,7.311327,1987
13753,r4i1p1f1,1987,08,28,0.4488934268899698,23.4891,7.493387,1987
13754,r4i1p1f1,1987,08,29,0.5997480650707512,23.95415,6.778094,1987
13755,r4i1p1f1,1987,08,30,0.5603548126790105,24.899487,8.208281,1987
13756,r4i1p1f1,1987,08,31,0.09766098768218542,26.05953,8.845224,1987
13757,r4i1p1f1,1987,09,01,0.04113487887385352,25.19263,9.553141,1987
13758,r4i1p1f1,1987,09,02,0.006435831009970801,24.371662,9.168521,1987
13759,r4i1p1f1,1987,09,03,0.0,25.335598,10.096932,1987
13760,r4i1p1f1,1987,09,04,0.0,25.731226,9.558594,1987
13761,r4i1p1f1,1987,09,05,0.008481109979506097,25.7595,10.298293,1987
13762,r4i1p1f1,1987,09,06,0.0,25.663694,10.072753,1987
13763,r4i1p1f1,1987,09,07,0.05965111761465716,24.96377,9.530154,1987
13764,r4i1p1f1,1987,09,08,0.1144734113748455,22.05206,8.92341,1987
13765,r4i1p1f1,1987,09,09,0.0,21.256573,7.1240644,1987
13766,r4i1p1f1,1987,09,10,0.0,21.760963,6.7888355,1987
13767,r4i1p1f1,1987,09,11,0.0,23.990736,7.735062,1987
13768,r4i1p1f1,1987,09,12,0.09548129577055227,23.25965,8.61988,1987
13769,r4i1p1f1,1987,09,13,0.21209707078327383,19.145727,8.304891,1987
13770,r4i1p1f1,1987,09,14,4.287252804883442,21.79653,12.100672,1987
13771,r4i1p1f1,1987,09,15,18.970364984598987,10.980072,0.7805821,1987
13772,r4i1p1f1,1987,09,16,0.0009765918709009008,7.3110538,-4.36234,1987
13773,r4i1p1f1,1987,09,17,0.0,10.0970745,-4.2224493,1987
13774,r4i1p1f1,1987,09,18,0.0,15.559116,0.1723454,1987
13775,r4i1p1f1,1987,09,19,0.0,18.576586,4.207097,1987
13776,r4i1p1f1,1987,09,20,3.3440001148896314,22.07199,9.224459,1987
13777,r4i1p1f1,1987,09,21,59.65522231056873,11.4761715,4.383242,1987
13778,r4i1p1f1,1987,09,22,73.77065821862632,7.362452,1.4625636,1987
13779,r4i1p1f1,1987,09,23,3.9533378557621806,10.455841,-0.43291596,1987
13780,r4i1p1f1,1987,09,24,0.0,10.532842,-3.7371418,1987
13781,r4i1p1f1,1987,09,25,0.0,13.473977,-2.3912144,1987
13782,r4i1p1f1,1987,09,26,0.0,16.603127,1.2620803,1987
13783,r4i1p1f1,1987,09,27,0.0,17.35485,2.5635157,1987
13784,r4i1p1f1,1987,09,28,0.0,16.930325,3.4865115,1987
13785,r4i1p1f1,1987,09,29,0.0,17.708803,2.943757,1987
13786,r4i1p1f1,1987,09,30,0.0,17.62463,2.466905,1987
13787,r4i1p1f1,1987,10,01,0.0,17.13758,2.0528324,1987
13788,r4i1p1f1,1987,10,02,0.0,17.639767,2.3523197,1987
13789,r4i1p1f1,1987,10,03,0.0,16.848246,2.3553174,1987
13790,r4i1p1f1,1987,10,04,0.0,14.872272,-0.027735714,1987
13791,r4i1p1f1,1987,10,05,0.0,13.454881,-0.6185635,1987
13792,r4i1p1f1,1987,10,06,0.0,15.964297,-0.76844084,1987
13793,r4i1p1f1,1987,10,07,0.0,15.849395,0.47651818,1987
13794,r4i1p1f1,1987,10,08,0.0,17.533516,2.128097,1987
13795,r4i1p1f1,1987,10,09,0.0,18.472399,3.205327,1987
13796,r4i1p1f1,1987,10,10,0.0,20.117226,3.5611026,1987
13797,r4i1p1f1,1987,10,11,0.0,21.678343,5.134232,1987
13798,r4i1p1f1,1987,10,12,0.0,21.408813,5.6420074,1987
13799,r4i1p1f1,1987,10,13,0.0,21.22614,6.061423,1987
13800,r4i1p1f1,1987,10,14,0.0,22.449131,6.0481267,1987
13801,r4i1p1f1,1987,10,15,0.0,22.48048,7.0399895,1987
13802,r4i1p1f1,1987,10,16,0.0,21.406546,8.738966,1987
13803,r4i1p1f1,1987,10,17,0.2589855875705152,20.788422,7.4855304,1987
13804,r4i1p1f1,1987,10,18,5.98720109825838,15.689571,5.7309513,1987
13805,r4i1p1f1,1987,10,19,0.0,16.319756,0.1878584,1987
13806,r4i1p1f1,1987,10,20,0.0,15.329971,2.3690178,1987
13807,r4i1p1f1,1987,10,21,0.0,15.085569,1.8558671,1987
13808,r4i1p1f1,1987,10,22,0.0,14.672278,2.733426,1987
13809,r4i1p1f1,1987,10,23,0.0,16.285027,1.6126654,1987
13810,r4i1p1f1,1987,10,24,0.0,14.31442,1.2328117,1987
13811,r4i1p1f1,1987,10,25,0.0,9.656362,-3.0189645,1987
13812,r4i1p1f1,1987,10,26,0.0,8.001056,-5.772647,1987
13813,r4i1p1f1,1987,10,27,0.0,13.015355,-2.704548,1987
13814,r4i1p1f1,1987,10,28,0.0,17.598816,1.9971954,1987
13815,r4i1p1f1,1987,10,29,0.0,16.494118,5.2793555,1987
13816,r4i1p1f1,1987,10,30,0.0,13.343057,0.86199707,1987
13817,r4i1p1f1,1987,10,31,0.0,11.367012,-3.0954297,1987
13818,r4i1p1f1,1987,11,01,0.009166716220809728,10.261088,-2.2828922,1987
13819,r4i1p1f1,1987,11,02,13.137488710614736,5.0847373,-2.4736185,1987
13820,r4i1p1f1,1987,11,03,37.2139535526686,1.9165351,-9.407742,1987
13821,r4i1p1f1,1987,11,04,0.041990645734985184,7.594577,-8.407302,1987
13822,r4i1p1f1,1987,11,05,0.0,8.127953,-8.29393,1987
13823,r4i1p1f1,1987,11,06,1.564191674915327,6.3945613,-5.0201125,1987
13824,r4i1p1f1,1987,11,07,0.0,3.9836657,-9.408491,1987
13825,r4i1p1f1,1987,11,08,0.14744922584575934,4.42508,-5.1678247,1987
13826,r4i1p1f1,1987,11,09,0.26456455277237934,8.875871,-2.5557516,1987
13827,r4i1p1f1,1987,11,10,0.0,10.793422,-4.1394315,1987
13828,r4i1p1f1,1987,11,11,0.0,11.119338,-3.1927898,1987
13829,r4i1p1f1,1987,11,12,0.0,11.757358,-2.8017523,1987
13830,r4i1p1f1,1987,11,13,0.0,11.723074,-1.7677183,1987
13831,r4i1p1f1,1987,11,14,0.0,11.617084,-0.90064645,1987
13832,r4i1p1f1,1987,11,15,0.08590975273829202,10.335752,0.28204063,1987
13833,r4i1p1f1,1987,11,16,23.721455133886696,4.420163,-4.3349605,1987
13834,r4i1p1f1,1987,11,17,10.426036745709645,2.7528925,-6.674417,1987
13835,r4i1p1f1,1987,11,18,16.58617516774663,5.2374587,-3.5181208,1987
13836,r4i1p1f1,1987,11,19,35.83700912762265,4.621232,-1.8824524,1987
13837,r4i1p1f1,1987,11,20,28.099375994105895,5.0824127,-1.7284682,1987
13838,r4i1p1f1,1987,11,21,0.03420038954581332,5.2269874,-2.350832,1987
13839,r4i1p1f1,1987,11,22,43.471284230646354,6.715443,-1.0954573,1987
13840,r4i1p1f1,1987,11,23,1.8257863141984445,5.0019493,-7.4924726,1987
13841,r4i1p1f1,1987,11,24,6.103684587942882,6.168571,-5.195468,1987
13842,r4i1p1f1,1987,11,25,18.958280165679753,5.827691,-0.04585922,1987
13843,r4i1p1f1,1987,11,26,0.0,11.289139,-5.8278117,1987
13844,r4i1p1f1,1987,11,27,0.0,14.670684,-3.5506132,1987
13845,r4i1p1f1,1987,11,28,0.0,12.687805,-4.0632777,1987
13846,r4i1p1f1,1987,11,29,0.0,8.949458,-4.1842813,1987
13847,r4i1p1f1,1987,11,30,0.0,5.869417,-4.5728593,1987
13848,r4i1p1f1,1987,12,01,1.3341401304910196,6.650909,-3.2736049,1987
13849,r4i1p1f1,1987,12,02,0.015434646106912961,10.664677,0.19072036,1987
13850,r4i1p1f1,1987,12,03,0.0,9.184299,0.9510161,1987
13851,r4i1p1f1,1987,12,04,36.86332109081875,9.834629,-1.8911246,1987
13852,r4i1p1f1,1987,12,05,0.0,3.6274972,-11.733396,1987
13853,r4i1p1f1,1987,12,06,1.6838402812484004,3.1316986,-7.641911,1987
13854,r4i1p1f1,1987,12,07,4.47569174675458,2.8808103,-5.866381,1987
13855,r4i1p1f1,1987,12,08,0.0,9.509234,-4.8563924,1987
13856,r4i1p1f1,1987,12,09,0.0,11.82421,-1.7665747,1987
13857,r4i1p1f1,1987,12,10,0.06343549091978036,10.302286,-1.9453584,1987
13858,r4i1p1f1,1987,12,11,3.1725184783948968,8.509556,0.55363643,1987
13859,r4i1p1f1,1987,12,12,0.0,9.912746,-2.549131,1987
13860,r4i1p1f1,1987,12,13,0.0,12.234059,-0.32572198,1987
13861,r4i1p1f1,1987,12,14,0.0,12.538988,-0.55542314,1987
13862,r4i1p1f1,1987,12,15,0.08202197798368101,11.177364,-0.37879336,1987
13863,r4i1p1f1,1987,12,16,0.0,7.96733,-3.1702375,1987
13864,r4i1p1f1,1987,12,17,0.0,9.373714,-3.8947968,1987
13865,r4i1p1f1,1987,12,18,0.0,10.778271,-2.5323586,1987
13866,r4i1p1f1,1987,12,19,0.0,9.536597,-1.5969815,1987
13867,r4i1p1f1,1987,12,20,0.6010479562480227,6.494666,-1.1295346,1987
13868,r4i1p1f1,1987,12,21,0.001971292021651162,10.46195,-1.0604336,1987
13869,r4i1p1f1,1987,12,22,2.0441105664268924,9.575442,0.20357269,1987
13870,r4i1p1f1,1987,12,23,0.0,12.474956,0.3323779,1987
13871,r4i1p1f1,1987,12,24,8.255931340885976,10.538868,0.9920842,1987
13872,r4i1p1f1,1987,12,25,38.597059273898466,3.991697,-2.1570768,1987
13873,r4i1p1f1,1987,12,26,1.5197924799999927,4.429566,-6.685676,1987
13874,r4i1p1f1,1987,12,27,0.0,4.683795,-7.217229,1987
13875,r4i1p1f1,1987,12,28,0.0,10.037537,-5.847797,1987
13876,r4i1p1f1,1987,12,29,0.0,11.265428,-3.4262688,1987
13877,r4i1p1f1,1987,12,30,0.0,10.896385,-2.2017555,1987
13878,r4i1p1f1,1987,12,31,5.1349892360768,8.536195,-1.508747,1987
13879,r4i1p1f1,1988,01,01,33.486430847498994,3.4491904,-2.2356257,1988
13880,r4i1p1f1,1988,01,02,82.7891861708051,2.3066294,-3.6520543,1988
13881,r4i1p1f1,1988,01,03,11.501282274377232,-0.8380414,-6.953797,1988
13882,r4i1p1f1,1988,01,04,0.0,1.1160856,-9.558316,1988
13883,r4i1p1f1,1988,01,05,5.142855143890404,1.0090896,-6.6226745,1988
13884,r4i1p1f1,1988,01,06,4.110952643625903,0.42610335,-7.369682,1988
13885,r4i1p1f1,1988,01,07,13.116323660963797,-1.3051735,-7.493463,1988
13886,r4i1p1f1,1988,01,08,3.4725106348074464,-2.0474422,-10.659463,1988
13887,r4i1p1f1,1988,01,09,0.3838166966336375,0.6475795,-9.404743,1988
13888,r4i1p1f1,1988,01,10,0.0,1.9180994,-8.970109,1988
13889,r4i1p1f1,1988,01,11,21.08357069677804,-1.799655,-8.967018,1988
13890,r4i1p1f1,1988,01,12,36.488623611789144,2.2769868,-4.490052,1988
13891,r4i1p1f1,1988,01,13,0.0,4.311521,-5.546697,1988
13892,r4i1p1f1,1988,01,14,13.651873046077673,0.93140316,-5.529171,1988
13893,r4i1p1f1,1988,01,15,26.285433907186132,-0.7215456,-6.533287,1988
13894,r4i1p1f1,1988,01,16,7.348167367193403,3.204928,-8.8930435,1988
13895,r4i1p1f1,1988,01,17,0.0,5.9420543,-7.523037,1988
13896,r4i1p1f1,1988,01,18,0.0,4.214606,-7.6190863,1988
13897,r4i1p1f1,1988,01,19,0.0,0.39791256,-10.502068,1988
13898,r4i1p1f1,1988,01,20,0.0,3.2914069,-9.260965,1988
13899,r4i1p1f1,1988,01,21,0.0,7.4537053,-6.211845,1988
13900,r4i1p1f1,1988,01,22,0.0,5.535765,-5.585307,1988
13901,r4i1p1f1,1988,01,23,0.0,4.028906,-7.111695,1988
13902,r4i1p1f1,1988,01,24,0.0,1.1247815,-6.5052915,1988
13903,r4i1p1f1,1988,01,25,0.0,1.4043219,-11.884249,1988
13904,r4i1p1f1,1988,01,26,0.0,2.048637,-9.024523,1988
13905,r4i1p1f1,1988,01,27,43.3175287317965,2.2401989,-7.8924484,1988
13906,r4i1p1f1,1988,01,28,26.228705360037928,1.8905166,-10.128053,1988
13907,r4i1p1f1,1988,01,29,13.000624725505302,1.3167909,-7.572511,1988
13908,r4i1p1f1,1988,01,30,0.02274699336627911,4.1332297,-3.0547614,1988
13909,r4i1p1f1,1988,01,31,8.285789656462317,1.5766149,-4.890209,1988
13910,r4i1p1f1,1988,02,01,47.72336992363517,4.282712,-5.259807,1988
13911,r4i1p1f1,1988,02,02,59.480155797304405,5.005611,-5.7718744,1988
13912,r4i1p1f1,1988,02,03,40.6858447075261,-1.5957953,-8.325312,1988
13913,r4i1p1f1,1988,02,04,34.29067049247141,-2.0606456,-9.319669,1988
13914,r4i1p1f1,1988,02,05,4.073075991750371,1.5516037,-9.869926,1988
13915,r4i1p1f1,1988,02,06,35.49811852594408,0.5637758,-7.1436653,1988
13916,r4i1p1f1,1988,02,07,0.3489593327586956,-1.9243258,-13.3381195,1988
13917,r4i1p1f1,1988,02,08,0.0,2.5078075,-12.448635,1988
13918,r4i1p1f1,1988,02,09,0.0,1.763502,-10.560151,1988
13919,r4i1p1f1,1988,02,10,0.0,2.7398617,-10.222017,1988
13920,r4i1p1f1,1988,02,11,0.0,1.0407207,-10.263108,1988
13921,r4i1p1f1,1988,02,12,0.0,3.9540827,-9.224061,1988
13922,r4i1p1f1,1988,02,13,0.0,2.2584624,-9.821922,1988
13923,r4i1p1f1,1988,02,14,6.886543771345537,-1.83757,-8.064644,1988
13924,r4i1p1f1,1988,02,15,2.8975209294102204,0.70531565,-6.8739147,1988
13925,r4i1p1f1,1988,02,16,3.1209934615963077,1.9370173,-6.530674,1988
13926,r4i1p1f1,1988,02,17,4.267539547811493,1.8528118,-4.214233,1988
13927,r4i1p1f1,1988,02,18,0.12875789774650137,3.1692894,-4.7584834,1988
13928,r4i1p1f1,1988,02,19,0.0,2.583304,-9.26954,1988
13929,r4i1p1f1,1988,02,20,55.67469118495906,0.53760076,-6.895268,1988
13930,r4i1p1f1,1988,02,21,14.988649280953044,0.89172363,-9.065937,1988
13931,r4i1p1f1,1988,02,22,3.079850858648158,-0.8373056,-11.413476,1988
13932,r4i1p1f1,1988,02,23,0.0,3.4133334,-8.337118,1988
13933,r4i1p1f1,1988,02,24,0.0,3.4812903,-7.9551353,1988
13934,r4i1p1f1,1988,02,25,0.0,2.8058188,-10.529759,1988
13935,r4i1p1f1,1988,02,26,0.0,3.5211916,-8.733488,1988
13936,r4i1p1f1,1988,02,27,23.123838881987286,0.033685606,-9.662142,1988
13937,r4i1p1f1,1988,02,28,0.07820787243325131,2.085215,-10.047414,1988
13938,r4i1p1f1,1988,02,29,0.0,2.3921435,-11.662487,1988
13939,r4i1p1f1,1988,03,01,0.0,2.9428847,-9.650418,1988
13940,r4i1p1f1,1988,03,02,0.0,3.398364,-11.115735,1988
13941,r4i1p1f1,1988,03,03,0.0,9.90319,-7.0687823,1988
13942,r4i1p1f1,1988,03,04,0.0,9.7567425,-6.0703363,1988
13943,r4i1p1f1,1988,03,05,0.0,8.554452,-2.313607,1988
13944,r4i1p1f1,1988,03,06,0.28422138929194285,-0.05058392,-6.3992653,1988
13945,r4i1p1f1,1988,03,07,0.0,7.2877536,-6.641885,1988
13946,r4i1p1f1,1988,03,08,0.0,6.7762203,-5.7322574,1988
13947,r4i1p1f1,1988,03,09,0.0,13.505293,-2.621897,1988
13948,r4i1p1f1,1988,03,10,0.030117960838705424,12.350187,-1.7346416,1988
13949,r4i1p1f1,1988,03,11,2.779775546410722,2.7435477,-4.3873563,1988
13950,r4i1p1f1,1988,03,12,0.0,9.617902,-5.0706077,1988
13951,r4i1p1f1,1988,03,13,0.0,13.202459,-1.2629524,1988
13952,r4i1p1f1,1988,03,14,0.0,12.157285,-0.3144839,1988
13953,r4i1p1f1,1988,03,15,10.834576726249894,3.1314595,-4.1554904,1988
13954,r4i1p1f1,1988,03,16,0.0,6.430295,-4.6002417,1988
13955,r4i1p1f1,1988,03,17,0.14370904648011967,5.7200117,-6.070763,1988
13956,r4i1p1f1,1988,03,18,0.04192937270201739,3.4613042,-4.6515408,1988
13957,r4i1p1f1,1988,03,19,9.882004391311138,-0.6996746,-12.604994,1988
13958,r4i1p1f1,1988,03,20,0.7587815069653278,-1.1292367,-8.972534,1988
13959,r4i1p1f1,1988,03,21,0.0,3.0447822,-10.626658,1988
13960,r4i1p1f1,1988,03,22,0.0,4.4189262,-10.72034,1988
13961,r4i1p1f1,1988,03,23,0.0,4.032263,-9.633949,1988
13962,r4i1p1f1,1988,03,24,0.0,5.5486917,-8.59392,1988
13963,r4i1p1f1,1988,03,25,0.0,4.116021,-3.3508825,1988
13964,r4i1p1f1,1988,03,26,7.987306351957546,2.8159375,-8.235423,1988
13965,r4i1p1f1,1988,03,27,46.91633010763523,1.6312872,-5.5053916,1988
13966,r4i1p1f1,1988,03,28,46.6883653773804,4.3802395,-1.3929319,1988
13967,r4i1p1f1,1988,03,29,1.9647149012746827,3.7443666,-6.000013,1988
13968,r4i1p1f1,1988,03,30,0.0,6.525915,-6.7810683,1988
13969,r4i1p1f1,1988,03,31,0.0,7.254348,-7.3131247,1988
13970,r4i1p1f1,1988,04,01,0.725052967262694,5.3169813,-6.0846686,1988
13971,r4i1p1f1,1988,04,02,0.0,4.126611,-7.169513,1988
13972,r4i1p1f1,1988,04,03,1.0804548333389778,-0.32515153,-7.328918,1988
13973,r4i1p1f1,1988,04,04,6.457862975557832,2.4047592,-7.7773614,1988
13974,r4i1p1f1,1988,04,05,61.792331413319545,3.5735786,-3.089545,1988
13975,r4i1p1f1,1988,04,06,84.18083030970692,6.116321,-0.3870969,1988
13976,r4i1p1f1,1988,04,07,42.416799754089766,1.0369958,-5.320692,1988
13977,r4i1p1f1,1988,04,08,0.0,5.842577,-7.162325,1988
13978,r4i1p1f1,1988,04,09,0.0,11.254826,-5.1157045,1988
13979,r4i1p1f1,1988,04,10,0.0,10.155827,-2.7713058,1988
13980,r4i1p1f1,1988,04,11,0.0,9.8422575,-0.885298,1988
13981,r4i1p1f1,1988,04,12,0.42861577067673334,2.861806,-5.468203,1988
13982,r4i1p1f1,1988,04,13,0.0,6.973148,-5.2602196,1988
13983,r4i1p1f1,1988,04,14,1.5117692715195756,3.1546276,-5.0580053,1988
13984,r4i1p1f1,1988,04,15,0.0,8.851262,-6.1321287,1988
13985,r4i1p1f1,1988,04,16,0.0,14.209879,-1.6456423,1988
13986,r4i1p1f1,1988,04,17,0.0,16.453413,0.51381123,1988
13987,r4i1p1f1,1988,04,18,0.0,18.018612,1.009762,1988
13988,r4i1p1f1,1988,04,19,0.0,17.046772,3.3694096,1988
13989,r4i1p1f1,1988,04,20,0.1829083550036479,13.846151,1.0691482,1988
13990,r4i1p1f1,1988,04,21,0.0,6.8224254,-1.7771313,1988
13991,r4i1p1f1,1988,04,22,0.0,6.887967,-4.0723696,1988
13992,r4i1p1f1,1988,04,23,0.0,5.9924393,-5.120745,1988
13993,r4i1p1f1,1988,04,24,0.0,9.827126,-4.7113805,1988
13994,r4i1p1f1,1988,04,25,0.0,12.9374695,-1.9933134,1988
13995,r4i1p1f1,1988,04,26,0.0,13.825222,-0.67732483,1988
13996,r4i1p1f1,1988,04,27,0.0,13.626088,0.3467305,1988
13997,r4i1p1f1,1988,04,28,0.0,12.925816,-1.009428,1988
13998,r4i1p1f1,1988,04,29,0.0,12.469433,-1.3503357,1988
13999,r4i1p1f1,1988,04,30,0.12954497238809698,9.862194,-0.7069519,1988
14000,r4i1p1f1,1988,05,01,4.70612080225445,0.4751749,-9.016947,1988
14001,r4i1p1f1,1988,05,02,0.0,8.704349,-4.9663653,1988
14002,r4i1p1f1,1988,05,03,0.0,11.571588,-2.768405,1988
14003,r4i1p1f1,1988,05,04,0.0,11.890582,-0.7592906,1988
14004,r4i1p1f1,1988,05,05,1.1135820990635874,8.723339,-3.1538672,1988
14005,r4i1p1f1,1988,05,06,0.0,7.6916823,-2.9719796,1988
14006,r4i1p1f1,1988,05,07,0.0,7.198817,-0.4455032,1988
14007,r4i1p1f1,1988,05,08,0.0,10.882245,-2.527807,1988
14008,r4i1p1f1,1988,05,09,1.8313137401961137,7.721761,-1.3807201,1988
14009,r4i1p1f1,1988,05,10,6.927753799249643,1.8511524,-3.8827894,1988
14010,r4i1p1f1,1988,05,11,0.014814440311052272,10.203228,-2.1100762,1988
14011,r4i1p1f1,1988,05,12,0.0,12.379652,-1.1497186,1988
14012,r4i1p1f1,1988,05,13,0.0,13.873606,0.32858193,1988
14013,r4i1p1f1,1988,05,14,0.0,16.269796,1.4987025,1988
14014,r4i1p1f1,1988,05,15,0.4121884244954534,17.154558,3.0756788,1988
14015,r4i1p1f1,1988,05,16,0.1467551601728281,14.3708315,1.538371,1988
14016,r4i1p1f1,1988,05,17,0.0,15.768375,2.747429,1988
14017,r4i1p1f1,1988,05,18,0.0,15.5183935,1.9918349,1988
14018,r4i1p1f1,1988,05,19,0.0,15.816281,1.8042347,1988
14019,r4i1p1f1,1988,05,20,0.0,16.09108,1.8874449,1988
14020,r4i1p1f1,1988,05,21,0.0,16.70063,2.4825242,1988
14021,r4i1p1f1,1988,05,22,0.0,16.037893,2.2422285,1988
14022,r4i1p1f1,1988,05,23,0.0,13.665797,-0.014964315,1988
14023,r4i1p1f1,1988,05,24,0.5717050672203137,9.207849,-4.1052356,1988
14024,r4i1p1f1,1988,05,25,0.0,8.510379,-5.549605,1988
14025,r4i1p1f1,1988,05,26,0.0,12.398348,-2.5235898,1988
14026,r4i1p1f1,1988,05,27,0.0,16.049248,2.596579,1988
14027,r4i1p1f1,1988,05,28,0.0,15.257459,2.960702,1988
14028,r4i1p1f1,1988,05,29,0.0,14.319316,0.9264203,1988
14029,r4i1p1f1,1988,05,30,0.0,19.929361,3.1824718,1988
14030,r4i1p1f1,1988,05,31,0.0,22.264715,6.1408787,1988
14031,r4i1p1f1,1988,06,01,0.0036092359964929295,22.173798,7.9475265,1988
14032,r4i1p1f1,1988,06,02,0.0,19.89312,5.84745,1988
14033,r4i1p1f1,1988,06,03,0.0,18.025928,2.8136196,1988
14034,r4i1p1f1,1988,06,04,0.0,16.664894,2.5991333,1988
14035,r4i1p1f1,1988,06,05,0.0,15.937478,2.3047757,1988
14036,r4i1p1f1,1988,06,06,0.0,15.52513,1.4652395,1988
14037,r4i1p1f1,1988,06,07,0.0,14.829701,0.8772905,1988
14038,r4i1p1f1,1988,06,08,0.0,18.532612,3.7488565,1988
14039,r4i1p1f1,1988,06,09,0.03125425659929196,20.127329,5.210138,1988
14040,r4i1p1f1,1988,06,10,0.0,18.536615,5.0135837,1988
14041,r4i1p1f1,1988,06,11,0.0,20.251057,6.186744,1988
14042,r4i1p1f1,1988,06,12,0.0,19.249205,6.2465215,1988
14043,r4i1p1f1,1988,06,13,0.0,16.299465,4.9647813,1988
14044,r4i1p1f1,1988,06,14,0.0,15.82661,2.319758,1988
14045,r4i1p1f1,1988,06,15,0.0,14.964971,3.931639,1988
14046,r4i1p1f1,1988,06,16,0.0,16.20107,2.0672698,1988
14047,r4i1p1f1,1988,06,17,0.0,21.506441,5.668264,1988
14048,r4i1p1f1,1988,06,18,0.0,25.8397,8.462275,1988
14049,r4i1p1f1,1988,06,19,0.0,26.730064,10.318177,1988
14050,r4i1p1f1,1988,06,20,0.0,26.464495,10.470946,1988
14051,r4i1p1f1,1988,06,21,0.0,25.406208,10.491406,1988
14052,r4i1p1f1,1988,06,22,0.0,25.977652,8.830193,1988
14053,r4i1p1f1,1988,06,23,0.0,27.086393,10.514902,1988
14054,r4i1p1f1,1988,06,24,0.0,26.520985,10.855397,1988
14055,r4i1p1f1,1988,06,25,0.0,25.109161,9.223721,1988
14056,r4i1p1f1,1988,06,26,0.0,22.314917,7.5589266,1988
14057,r4i1p1f1,1988,06,27,0.0,21.933958,5.8343644,1988
14058,r4i1p1f1,1988,06,28,0.0,25.398813,7.8205986,1988
14059,r4i1p1f1,1988,06,29,0.0,25.334797,8.835352,1988
14060,r4i1p1f1,1988,06,30,0.0,24.703712,8.80451,1988
14061,r4i1p1f1,1988,07,01,0.0,24.736792,9.004563,1988
14062,r4i1p1f1,1988,07,02,0.0,23.941307,10.339041,1988
14063,r4i1p1f1,1988,07,03,0.0,23.487122,9.234417,1988
14064,r4i1p1f1,1988,07,04,0.0,23.50773,9.079641,1988
14065,r4i1p1f1,1988,07,05,0.0,24.666159,8.848413,1988
14066,r4i1p1f1,1988,07,06,0.0,24.594593,8.04634,1988
14067,r4i1p1f1,1988,07,07,0.0,26.472,10.395784,1988
14068,r4i1p1f1,1988,07,08,0.0,25.862017,10.321614,1988
14069,r4i1p1f1,1988,07,09,0.0,24.411137,9.584161,1988
14070,r4i1p1f1,1988,07,10,0.0,23.026937,8.682536,1988
14071,r4i1p1f1,1988,07,11,0.0,20.553755,6.823442,1988
14072,r4i1p1f1,1988,07,12,0.0,20.249012,5.613406,1988
14073,r4i1p1f1,1988,07,13,0.0,19.636034,5.690066,1988
14074,r4i1p1f1,1988,07,14,0.0,19.770302,4.864735,1988
14075,r4i1p1f1,1988,07,15,0.0,19.478184,4.7586274,1988
14076,r4i1p1f1,1988,07,16,0.0,19.401478,6.037696,1988
14077,r4i1p1f1,1988,07,17,0.0,19.091322,4.9218516,1988
14078,r4i1p1f1,1988,07,18,0.0,20.455292,6.0588155,1988
14079,r4i1p1f1,1988,07,19,0.0,24.123005,7.6812224,1988
14080,r4i1p1f1,1988,07,20,0.0,24.76321,8.864825,1988
14081,r4i1p1f1,1988,07,21,0.0,23.93534,9.407654,1988
14082,r4i1p1f1,1988,07,22,0.0,23.090944,8.876176,1988
14083,r4i1p1f1,1988,07,23,0.0,21.970419,7.3080835,1988
14084,r4i1p1f1,1988,07,24,0.0,21.890858,7.064147,1988
14085,r4i1p1f1,1988,07,25,0.0,21.416792,7.0798507,1988
14086,r4i1p1f1,1988,07,26,0.0,20.607758,5.761613,1988
14087,r4i1p1f1,1988,07,27,0.0,21.973782,6.6485224,1988
14088,r4i1p1f1,1988,07,28,0.0,23.29819,8.739804,1988
14089,r4i1p1f1,1988,07,29,0.0,23.702282,8.278809,1988
14090,r4i1p1f1,1988,07,30,0.0,25.444227,10.586476,1988
14091,r4i1p1f1,1988,07,31,0.0,27.012598,9.933828,1988
14092,r4i1p1f1,1988,08,01,0.0,28.166752,11.167677,1988
14093,r4i1p1f1,1988,08,02,0.0,29.934425,12.634466,1988
14094,r4i1p1f1,1988,08,03,0.0,32.406834,14.780539,1988
14095,r4i1p1f1,1988,08,04,0.0,31.904139,14.77023,1988
14096,r4i1p1f1,1988,08,05,0.0,31.02946,14.856122,1988
14097,r4i1p1f1,1988,08,06,0.0,30.831911,14.238512,1988
14098,r4i1p1f1,1988,08,07,0.0,29.66805,13.009091,1988
14099,r4i1p1f1,1988,08,08,0.0,28.788612,13.448641,1988
14100,r4i1p1f1,1988,08,09,0.0,27.56011,12.645441,1988
14101,r4i1p1f1,1988,08,10,0.0,26.249664,11.807919,1988
14102,r4i1p1f1,1988,08,11,0.0,24.19798,10.321794,1988
14103,r4i1p1f1,1988,08,12,0.0,22.110283,8.966006,1988
14104,r4i1p1f1,1988,08,13,0.0,20.189701,6.5194697,1988
14105,r4i1p1f1,1988,08,14,0.0,18.496937,4.1702375,1988
14106,r4i1p1f1,1988,08,15,0.006267019100824362,18.029425,3.943106,1988
14107,r4i1p1f1,1988,08,16,1.1450287634531844,20.656605,9.158606,1988
14108,r4i1p1f1,1988,08,17,3.1006812603112546,19.255196,5.291444,1988
14109,r4i1p1f1,1988,08,18,1.3439042920426842,19.454954,6.246663,1988
14110,r4i1p1f1,1988,08,19,0.22607779791957922,20.82519,6.4917445,1988
14111,r4i1p1f1,1988,08,20,0.0,22.642366,7.568918,1988
14112,r4i1p1f1,1988,08,21,0.0,22.383736,8.142053,1988
14113,r4i1p1f1,1988,08,22,0.0,21.87844,7.609772,1988
14114,r4i1p1f1,1988,08,23,0.0,20.897324,6.8790145,1988
14115,r4i1p1f1,1988,08,24,0.0,20.237583,4.549964,1988
14116,r4i1p1f1,1988,08,25,0.0,20.777498,4.8058734,1988
14117,r4i1p1f1,1988,08,26,0.0,19.932034,4.2336802,1988
14118,r4i1p1f1,1988,08,27,0.0,19.927591,3.3559012,1988
14119,r4i1p1f1,1988,08,28,0.0,20.774858,5.1527996,1988
14120,r4i1p1f1,1988,08,29,0.0,21.96123,5.1878767,1988
14121,r4i1p1f1,1988,08,30,0.0,22.366566,6.3951464,1988
14122,r4i1p1f1,1988,08,31,0.0,21.9637,6.0131664,1988
14123,r4i1p1f1,1988,09,01,0.0,20.691376,6.1128545,1988
14124,r4i1p1f1,1988,09,02,0.3776620693562557,12.138789,1.2979491,1988
14125,r4i1p1f1,1988,09,03,0.0,16.303102,1.7207195,1988
14126,r4i1p1f1,1988,09,04,0.02765644302973455,18.098595,3.0298944,1988
14127,r4i1p1f1,1988,09,05,0.42315028371154456,18.009697,5.372172,1988
14128,r4i1p1f1,1988,09,06,0.0,20.488136,5.5145984,1988
14129,r4i1p1f1,1988,09,07,0.0,21.884,5.827872,1988
14130,r4i1p1f1,1988,09,08,0.0,22.883049,6.1185474,1988
14131,r4i1p1f1,1988,09,09,0.0,23.454147,6.8298535,1988
14132,r4i1p1f1,1988,09,10,0.0,23.883348,8.107323,1988
14133,r4i1p1f1,1988,09,11,0.0,24.557116,8.670729,1988
14134,r4i1p1f1,1988,09,12,0.0,23.915546,8.760251,1988
14135,r4i1p1f1,1988,09,13,0.0,23.375256,8.258687,1988
14136,r4i1p1f1,1988,09,14,0.0,22.559599,7.7378726,1988
14137,r4i1p1f1,1988,09,15,0.0,21.492157,7.497777,1988
14138,r4i1p1f1,1988,09,16,0.0,19.386106,3.9365807,1988
14139,r4i1p1f1,1988,09,17,0.0,20.603012,4.572563,1988
14140,r4i1p1f1,1988,09,18,0.0,22.873646,6.167669,1988
14141,r4i1p1f1,1988,09,19,0.0,22.970036,6.6539083,1988
14142,r4i1p1f1,1988,09,20,0.00619098157490887,22.112736,8.052785,1988
14143,r4i1p1f1,1988,09,21,1.4916869485587827,19.616386,8.657553,1988
14144,r4i1p1f1,1988,09,22,0.0,18.756855,5.3716755,1988
14145,r4i1p1f1,1988,09,23,0.0,19.145483,5.0206447,1988
14146,r4i1p1f1,1988,09,24,0.0,21.921955,6.7285953,1988
14147,r4i1p1f1,1988,09,25,0.0,23.58497,7.9082866,1988
14148,r4i1p1f1,1988,09,26,0.0,24.702414,8.640283,1988
14149,r4i1p1f1,1988,09,27,0.0,25.868135,9.510761,1988
14150,r4i1p1f1,1988,09,28,0.0,26.320133,10.40238,1988
14151,r4i1p1f1,1988,09,29,0.0,26.539728,10.499705,1988
14152,r4i1p1f1,1988,09,30,0.0,26.912468,10.504814,1988
14153,r4i1p1f1,1988,10,01,0.0,26.583569,10.548248,1988
14154,r4i1p1f1,1988,10,02,0.0,25.234413,10.468291,1988
14155,r4i1p1f1,1988,10,03,0.0,25.13647,9.937159,1988
14156,r4i1p1f1,1988,10,04,0.0,24.916954,10.450016,1988
14157,r4i1p1f1,1988,10,05,0.0,24.36614,10.692258,1988
14158,r4i1p1f1,1988,10,06,0.0,22.396399,7.854017,1988
14159,r4i1p1f1,1988,10,07,0.0,23.254662,9.243784,1988
14160,r4i1p1f1,1988,10,08,0.0,23.019806,9.251203,1988
14161,r4i1p1f1,1988,10,09,0.605438762563423,22.51074,9.862287,1988
14162,r4i1p1f1,1988,10,10,0.7667258617834808,20.046278,9.176496,1988
14163,r4i1p1f1,1988,10,11,0.0,16.52676,3.1280801,1988
14164,r4i1p1f1,1988,10,12,0.0,16.035906,3.4909358,1988
14165,r4i1p1f1,1988,10,13,0.0,19.418707,3.6031356,1988
14166,r4i1p1f1,1988,10,14,0.0,22.65619,6.160977,1988
14167,r4i1p1f1,1988,10,15,0.0,22.532734,7.444818,1988
14168,r4i1p1f1,1988,10,16,0.0,21.6904,9.50018,1988
14169,r4i1p1f1,1988,10,17,0.0,16.8597,4.5072274,1988
14170,r4i1p1f1,1988,10,18,0.0,15.320075,1.9989094,1988
14171,r4i1p1f1,1988,10,19,0.0,13.585834,-2.082845,1988
14172,r4i1p1f1,1988,10,20,0.0,14.455169,-1.4987036,1988
14173,r4i1p1f1,1988,10,21,0.0,13.508471,-1.1072229,1988
14174,r4i1p1f1,1988,10,22,0.0,11.741952,-2.2052615,1988
14175,r4i1p1f1,1988,10,23,0.0,13.706614,-2.173406,1988
14176,r4i1p1f1,1988,10,24,0.0,15.916259,-0.4782009,1988
14177,r4i1p1f1,1988,10,25,0.0,17.22699,1.9222735,1988
14178,r4i1p1f1,1988,10,26,0.0,16.658941,0.6689184,1988
14179,r4i1p1f1,1988,10,27,0.0,15.56661,-0.40590546,1988
14180,r4i1p1f1,1988,10,28,0.0,14.23228,-0.8385881,1988
14181,r4i1p1f1,1988,10,29,0.0,13.356682,-1.7096723,1988
14182,r4i1p1f1,1988,10,30,0.0,16.28988,0.25362572,1988
14183,r4i1p1f1,1988,10,31,0.0,16.715755,-0.024824876,1988
14184,r4i1p1f1,1988,11,01,0.0,14.758366,0.365911,1988
14185,r4i1p1f1,1988,11,02,0.0,13.330596,1.295472,1988
14186,r4i1p1f1,1988,11,03,0.0,12.422909,-0.729847,1988
14187,r4i1p1f1,1988,11,04,0.0,10.103474,-1.6268628,1988
14188,r4i1p1f1,1988,11,05,0.0,10.446968,-3.0247388,1988
14189,r4i1p1f1,1988,11,06,0.3453810124586309,11.674079,0.03141971,1988
14190,r4i1p1f1,1988,11,07,0.0,14.512422,-0.36140373,1988
14191,r4i1p1f1,1988,11,08,0.0,16.999722,0.84699106,1988
14192,r4i1p1f1,1988,11,09,0.0,17.1763,2.4892044,1988
14193,r4i1p1f1,1988,11,10,1.0890046750281976,19.302422,6.9769197,1988
14194,r4i1p1f1,1988,11,11,0.0,14.226911,-0.61429113,1988
14195,r4i1p1f1,1988,11,12,0.0,13.913163,-1.1005445,1988
14196,r4i1p1f1,1988,11,13,0.0,14.450078,-0.20252943,1988
14197,r4i1p1f1,1988,11,14,0.0,16.26361,1.2415955,1988
14198,r4i1p1f1,1988,11,15,0.0,16.043598,0.6002054,1988
14199,r4i1p1f1,1988,11,16,0.0,15.451269,0.9127519,1988
14200,r4i1p1f1,1988,11,17,0.0,15.071093,0.5045845,1988
14201,r4i1p1f1,1988,11,18,0.0,12.633413,-1.5339469,1988
14202,r4i1p1f1,1988,11,19,0.0,10.405846,-0.06026814,1988
14203,r4i1p1f1,1988,11,20,0.0,9.467878,-4.0893,1988
14204,r4i1p1f1,1988,11,21,1.826266242894165,7.8561177,-0.9600062,1988
14205,r4i1p1f1,1988,11,22,9.484899050871656,5.856414,-2.5798328,1988
14206,r4i1p1f1,1988,11,23,72.68904481405535,4.576306,-2.602389,1988
14207,r4i1p1f1,1988,11,24,41.65256011886606,6.206712,-0.9872611,1988
14208,r4i1p1f1,1988,11,25,19.29285268901639,4.3117933,-2.4323747,1988
14209,r4i1p1f1,1988,11,26,0.0,7.3476562,-6.931864,1988
14210,r4i1p1f1,1988,11,27,0.0,6.311854,-4.6415324,1988
14211,r4i1p1f1,1988,11,28,0.0,7.610916,-6.6102633,1988
14212,r4i1p1f1,1988,11,29,5.590757303141643,6.5074,-1.2207539,1988
14213,r4i1p1f1,1988,11,30,0.0,7.7957587,-4.7930794,1988
14214,r4i1p1f1,1988,12,01,0.0,11.891733,-3.383632,1988
14215,r4i1p1f1,1988,12,02,0.0,12.599261,-1.8259584,1988
14216,r4i1p1f1,1988,12,03,0.0,13.169184,0.0057947496,1988
14217,r4i1p1f1,1988,12,04,0.0,14.2404785,1.0727818,1988
14218,r4i1p1f1,1988,12,05,0.0,14.092341,2.620701,1988
14219,r4i1p1f1,1988,12,06,2.680771585123056,11.944718,0.2592643,1988
14220,r4i1p1f1,1988,12,07,3.9426216557297993,7.050406,-0.78281766,1988
14221,r4i1p1f1,1988,12,08,12.391986825916394,1.9249992,-7.246006,1988
14222,r4i1p1f1,1988,12,09,0.0,5.1777444,-7.6918178,1988
14223,r4i1p1f1,1988,12,10,0.0,6.1123457,-9.448291,1988
14224,r4i1p1f1,1988,12,11,0.0,9.318602,-6.1876926,1988
14225,r4i1p1f1,1988,12,12,0.0,12.518674,-4.3293395,1988
14226,r4i1p1f1,1988,12,13,0.0,12.8278675,-1.9444784,1988
14227,r4i1p1f1,1988,12,14,0.0,13.763594,-0.8599,1988
14228,r4i1p1f1,1988,12,15,0.0,12.102404,-0.5836784,1988
14229,r4i1p1f1,1988,12,16,0.0,11.042865,-1.7515913,1988
14230,r4i1p1f1,1988,12,17,0.0,9.590334,-2.3820586,1988
14231,r4i1p1f1,1988,12,18,0.0,8.451494,-1.2987931,1988
14232,r4i1p1f1,1988,12,19,0.0,11.344209,-0.49584037,1988
14233,r4i1p1f1,1988,12,20,0.0,13.28471,-0.3537799,1988
14234,r4i1p1f1,1988,12,21,0.0,14.624401,0.4072329,1988
14235,r4i1p1f1,1988,12,22,0.0,14.973541,0.5339291,1988
14236,r4i1p1f1,1988,12,23,0.0,12.139391,0.38449234,1988
14237,r4i1p1f1,1988,12,24,0.14796830931928892,9.97707,-0.678454,1988
14238,r4i1p1f1,1988,12,25,5.608841199617479,4.6904936,-4.704297,1988
14239,r4i1p1f1,1988,12,26,0.0,8.303092,-5.006628,1988
14240,r4i1p1f1,1988,12,27,0.0,8.453404,-3.0271897,1988
14241,r4i1p1f1,1988,12,28,0.05380789163313428,6.5191345,-3.063713,1988
14242,r4i1p1f1,1988,12,29,38.97922332904289,3.267142,-4.711581,1988
14243,r4i1p1f1,1988,12,30,6.168518553209956,1.2055767,-8.695981,1988
14244,r4i1p1f1,1988,12,31,0.0,0.9574203,-10.402779,1988
14245,r4i1p1f1,1989,01,01,8.318504048890658,-2.0803313,-11.652511,1989
14246,r4i1p1f1,1989,01,02,0.0,0.036547493,-10.706005,1989
14247,r4i1p1f1,1989,01,03,0.0,2.9989831,-11.843126,1989
14248,r4i1p1f1,1989,01,04,0.0,4.3890653,-8.604603,1989
14249,r4i1p1f1,1989,01,05,6.746048437683249,-0.18964197,-8.607244,1989
14250,r4i1p1f1,1989,01,06,0.0,-0.16340569,-10.152998,1989
14251,r4i1p1f1,1989,01,07,1.0210521748549624,-2.1894743,-11.455222,1989
14252,r4i1p1f1,1989,01,08,6.562148030437487,-4.6230884,-10.988098,1989
14253,r4i1p1f1,1989,01,09,0.0,-3.010214,-14.78175,1989
14254,r4i1p1f1,1989,01,10,0.0,-3.6133645,-16.203262,1989
14255,r4i1p1f1,1989,01,11,0.0,-0.9571626,-13.886345,1989
14256,r4i1p1f1,1989,01,12,0.0,4.2676888,-12.1370125,1989
14257,r4i1p1f1,1989,01,13,0.0,6.3440304,-9.080926,1989
14258,r4i1p1f1,1989,01,14,0.0,5.81371,-7.195388,1989
14259,r4i1p1f1,1989,01,15,0.0,6.344182,-5.3355193,1989
14260,r4i1p1f1,1989,01,16,0.0,7.241284,-8.441467,1989
14261,r4i1p1f1,1989,01,17,0.0,6.3480434,-6.0341625,1989
14262,r4i1p1f1,1989,01,18,0.0,10.15141,-6.0258007,1989
14263,r4i1p1f1,1989,01,19,0.0,11.176325,-3.7890246,1989
14264,r4i1p1f1,1989,01,20,0.0,11.498112,-2.9891968,1989
14265,r4i1p1f1,1989,01,21,0.0,9.54195,-4.368677,1989
14266,r4i1p1f1,1989,01,22,0.0,-1.0576985,-14.077355,1989
14267,r4i1p1f1,1989,01,23,0.0,-7.8368692,-20.166765,1989
14268,r4i1p1f1,1989,01,24,0.0,-4.6944203,-18.287685,1989
14269,r4i1p1f1,1989,01,25,0.0,2.7323802,-12.977219,1989
14270,r4i1p1f1,1989,01,26,0.0,8.487103,-6.808433,1989
14271,r4i1p1f1,1989,01,27,0.0,12.676532,-4.137799,1989
14272,r4i1p1f1,1989,01,28,0.0,11.590632,-1.0042189,1989
14273,r4i1p1f1,1989,01,29,0.0043879924457924805,7.7337704,-1.4251463,1989
14274,r4i1p1f1,1989,01,30,1.3128042375757512,9.214461,-5.381286,1989
14275,r4i1p1f1,1989,01,31,0.0,10.987998,-2.2282243,1989
14276,r4i1p1f1,1989,02,01,0.0,10.567196,-2.0788977,1989
14277,r4i1p1f1,1989,02,02,0.0,10.154193,-3.397797,1989
14278,r4i1p1f1,1989,02,03,0.0,9.670003,-3.4604337,1989
14279,r4i1p1f1,1989,02,04,0.0,9.450635,-2.7994413,1989
14280,r4i1p1f1,1989,02,05,32.52785774917085,6.975031,-2.510139,1989
14281,r4i1p1f1,1989,02,06,32.116739242969764,3.9630556,-3.028713,1989
14282,r4i1p1f1,1989,02,07,0.0,8.980436,-5.61274,1989
14283,r4i1p1f1,1989,02,08,0.0,10.9200535,-5.7491574,1989
14284,r4i1p1f1,1989,02,09,0.009744341293722812,10.019057,-2.8651874,1989
14285,r4i1p1f1,1989,02,10,0.0,6.389016,-4.1380663,1989
14286,r4i1p1f1,1989,02,11,0.0,6.6873813,-7.278842,1989
14287,r4i1p1f1,1989,02,12,0.0,9.116259,-5.5234904,1989
14288,r4i1p1f1,1989,02,13,0.0,6.880416,-4.794995,1989
14289,r4i1p1f1,1989,02,14,0.0,6.6389027,-5.159298,1989
14290,r4i1p1f1,1989,02,15,0.0,8.241799,-4.807697,1989
14291,r4i1p1f1,1989,02,16,60.776126024216346,6.2984447,-3.354056,1989
14292,r4i1p1f1,1989,02,17,87.48082038651461,5.1306496,-0.9371459,1989
14293,r4i1p1f1,1989,02,18,87.9720389090765,4.93436,-3.6166456,1989
14294,r4i1p1f1,1989,02,19,13.330904782180278,-0.7944658,-10.057677,1989
14295,r4i1p1f1,1989,02,20,29.862272340490385,0.4672096,-8.914763,1989
14296,r4i1p1f1,1989,02,21,33.89548108922486,-0.44781923,-6.760396,1989
14297,r4i1p1f1,1989,02,22,1.9971541133892303,3.061674,-8.70027,1989
14298,r4i1p1f1,1989,02,23,0.0,6.868448,-7.830123,1989
14299,r4i1p1f1,1989,02,24,0.0,9.577114,-5.4199924,1989
14300,r4i1p1f1,1989,02,25,0.0,11.988031,-3.1033285,1989
14301,r4i1p1f1,1989,02,26,0.0,10.802672,-3.4914412,1989
14302,r4i1p1f1,1989,02,27,0.7421357906020204,8.8743305,-4.285155,1989
14303,r4i1p1f1,1989,02,28,26.366896008887238,4.487006,-1.6178467,1989
14304,r4i1p1f1,1989,03,01,10.281449842964177,1.5003879,-8.701607,1989
14305,r4i1p1f1,1989,03,02,0.0,4.521948,-9.1180935,1989
14306,r4i1p1f1,1989,03,03,0.0,5.8811164,-8.20073,1989
14307,r4i1p1f1,1989,03,04,0.0,6.348475,-8.579713,1989
14308,r4i1p1f1,1989,03,05,0.0,7.819707,-6.499164,1989
14309,r4i1p1f1,1989,03,06,0.0,9.118058,-2.6074877,1989
14310,r4i1p1f1,1989,03,07,0.0,9.287592,-2.462622,1989
14311,r4i1p1f1,1989,03,08,14.362624106555756,5.341553,-6.218496,1989
14312,r4i1p1f1,1989,03,09,21.19313095847979,0.22533613,-6.5823965,1989
14313,r4i1p1f1,1989,03,10,29.2827304291994,0.18473312,-5.8525763,1989
14314,r4i1p1f1,1989,03,11,5.044914068712058,-1.8484845,-8.4873705,1989
14315,r4i1p1f1,1989,03,12,0.08540216077311909,4.4000883,-10.891976,1989
14316,r4i1p1f1,1989,03,13,0.0,4.222526,-10.85252,1989
14317,r4i1p1f1,1989,03,14,36.31430766524166,-0.17164287,-8.849514,1989
14318,r4i1p1f1,1989,03,15,12.647632027518455,1.310743,-5.8408375,1989
14319,r4i1p1f1,1989,03,16,2.241797931518667,1.7002945,-4.8507414,1989
14320,r4i1p1f1,1989,03,17,0.1977585146359494,2.9178526,-4.34666,1989
14321,r4i1p1f1,1989,03,18,0.9185608473355008,1.2744349,-5.3264713,1989
14322,r4i1p1f1,1989,03,19,0.8691245823696203,0.4473349,-6.6276226,1989
14323,r4i1p1f1,1989,03,20,0.0,6.6848254,-7.2923083,1989
14324,r4i1p1f1,1989,03,21,0.029031966764149857,5.8990936,-6.0088644,1989
14325,r4i1p1f1,1989,03,22,3.8654838693297253,4.1630883,-5.880785,1989
14326,r4i1p1f1,1989,03,23,39.83849784242394,4.0539713,-1.98161,1989
14327,r4i1p1f1,1989,03,24,3.5414957037672683,4.9599085,-3.3664963,1989
14328,r4i1p1f1,1989,03,25,0.0,13.849119,-2.3397787,1989
14329,r4i1p1f1,1989,03,26,0.0,14.512977,-0.59417194,1989
14330,r4i1p1f1,1989,03,27,0.0,13.209184,0.8317756,1989
14331,r4i1p1f1,1989,03,28,12.716649865681028,9.537388,-2.9766839,1989
14332,r4i1p1f1,1989,03,29,24.8467520348163,3.9982042,-3.9877894,1989
14333,r4i1p1f1,1989,03,30,39.73849028216178,0.9608709,-5.9506006,1989
14334,r4i1p1f1,1989,03,31,1.7118895538980592,1.3386061,-7.3492856,1989
14335,r4i1p1f1,1989,04,01,12.4116215769152,-0.5560781,-5.863028,1989
14336,r4i1p1f1,1989,04,02,1.5057120668215622,2.755465,-7.3080907,1989
14337,r4i1p1f1,1989,04,03,1.853986142039223,3.0340466,-6.9288855,1989
14338,r4i1p1f1,1989,04,04,21.08213782797218,0.1907502,-8.274657,1989
14339,r4i1p1f1,1989,04,05,0.00015149323284342607,4.2095666,-7.3432837,1989
14340,r4i1p1f1,1989,04,06,0.2031083443155723,7.0531893,-6.8622627,1989
14341,r4i1p1f1,1989,04,07,0.0,9.219893,-3.2840204,1989
14342,r4i1p1f1,1989,04,08,0.4312989322523422,10.356094,-2.2349446,1989
14343,r4i1p1f1,1989,04,09,12.690136559001788,5.0373673,-3.5159283,1989
14344,r4i1p1f1,1989,04,10,6.878391473474533,-0.69790643,-9.329392,1989
14345,r4i1p1f1,1989,04,11,0.0017030635236176964,3.3197076,-8.754883,1989
14346,r4i1p1f1,1989,04,12,0.0,7.624335,-7.2294426,1989
14347,r4i1p1f1,1989,04,13,0.0,8.622149,-5.598416,1989
14348,r4i1p1f1,1989,04,14,0.0,11.041486,-4.059641,1989
14349,r4i1p1f1,1989,04,15,0.0,12.022401,-2.4967377,1989
14350,r4i1p1f1,1989,04,16,14.033565809397128,7.503522,-5.2904334,1989
14351,r4i1p1f1,1989,04,17,11.217862692407682,2.1683462,-9.210192,1989
14352,r4i1p1f1,1989,04,18,0.0,10.099191,-5.4300985,1989
14353,r4i1p1f1,1989,04,19,0.0,11.082264,-3.657812,1989
14354,r4i1p1f1,1989,04,20,0.0,14.744874,-1.5461881,1989
14355,r4i1p1f1,1989,04,21,0.0,14.670201,-0.6006608,1989
14356,r4i1p1f1,1989,04,22,0.0,14.4449005,-0.7976728,1989
14357,r4i1p1f1,1989,04,23,0.21244288570221515,12.96921,-0.38571098,1989
14358,r4i1p1f1,1989,04,24,0.0,13.335298,-0.03376114,1989
14359,r4i1p1f1,1989,04,25,0.0,15.410287,-0.3652716,1989
14360,r4i1p1f1,1989,04,26,0.0,15.404465,0.73942125,1989
14361,r4i1p1f1,1989,04,27,0.0,14.609506,0.5181734,1989
14362,r4i1p1f1,1989,04,28,0.0,13.519011,0.09000283,1989
14363,r4i1p1f1,1989,04,29,42.29686510795516,10.052809,-5.0836,1989
14364,r4i1p1f1,1989,04,30,1.9044872504671904,0.7446157,-8.657354,1989
14365,r4i1p1f1,1989,05,01,0.0,9.799009,-5.218816,1989
14366,r4i1p1f1,1989,05,02,0.0,12.6945505,-1.5816545,1989
14367,r4i1p1f1,1989,05,03,0.0,15.781009,1.468525,1989
14368,r4i1p1f1,1989,05,04,0.0,18.689827,2.962153,1989
14369,r4i1p1f1,1989,05,05,0.0,20.3034,4.4369564,1989
14370,r4i1p1f1,1989,05,06,0.0,18.555174,4.199494,1989
14371,r4i1p1f1,1989,05,07,0.29060424955100045,18.111668,3.9389548,1989
14372,r4i1p1f1,1989,05,08,0.576728566233527,13.212315,1.0311381,1989
14373,r4i1p1f1,1989,05,09,0.8977261643993526,11.304599,-0.124032825,1989
14374,r4i1p1f1,1989,05,10,0.8021776434126952,14.136399,0.53648907,1989
14375,r4i1p1f1,1989,05,11,2.4879287613986882,14.029599,0.30685025,1989
14376,r4i1p1f1,1989,05,12,6.185649167886721,13.699877,-0.65227705,1989
14377,r4i1p1f1,1989,05,13,4.404704210289035,15.469096,1.1970416,1989
14378,r4i1p1f1,1989,05,14,0.0767589608371696,19.622698,4.1896763,1989
14379,r4i1p1f1,1989,05,15,0.0,18.385218,4.2693615,1989
14380,r4i1p1f1,1989,05,16,0.0,17.559645,4.915712,1989
14381,r4i1p1f1,1989,05,17,0.0,17.258173,4.38096,1989
14382,r4i1p1f1,1989,05,18,0.29161137592950065,15.824343,3.2596958,1989
14383,r4i1p1f1,1989,05,19,1.5854818028926205,15.9406595,1.7992852,1989
14384,r4i1p1f1,1989,05,20,0.5067783682213357,16.54793,2.7395275,1989
14385,r4i1p1f1,1989,05,21,0.0,15.543652,2.227343,1989
14386,r4i1p1f1,1989,05,22,0.0,13.247027,2.6562815,1989
14387,r4i1p1f1,1989,05,23,0.21535562955908955,12.174078,-0.33605626,1989
14388,r4i1p1f1,1989,05,24,0.0,11.95083,-1.1155523,1989
14389,r4i1p1f1,1989,05,25,0.0,10.779592,-1.5996503,1989
14390,r4i1p1f1,1989,05,26,0.0,10.545859,-1.3426279,1989
14391,r4i1p1f1,1989,05,27,0.0,15.674686,1.0706514,1989
14392,r4i1p1f1,1989,05,28,0.0,19.01969,3.566582,1989
14393,r4i1p1f1,1989,05,29,0.0,20.888851,5.786728,1989
14394,r4i1p1f1,1989,05,30,0.0,21.765047,6.7374454,1989
14395,r4i1p1f1,1989,05,31,0.12191271626634015,22.368898,7.374955,1989
14396,r4i1p1f1,1989,06,01,0.0,21.550821,7.1491685,1989
14397,r4i1p1f1,1989,06,02,0.0,18.542377,6.9540133,1989
14398,r4i1p1f1,1989,06,03,0.3416330221991952,16.490385,2.4328933,1989
14399,r4i1p1f1,1989,06,04,0.0004613249663688133,18.177582,2.6675916,1989
14400,r4i1p1f1,1989,06,05,4.0386967115664945,17.681442,5.900841,1989
14401,r4i1p1f1,1989,06,06,24.318882570735273,8.089773,-0.057434704,1989
14402,r4i1p1f1,1989,06,07,2.8164080330164767,11.629765,-2.4802444,1989
14403,r4i1p1f1,1989,06,08,1.1879452975154805,13.955389,0.4715292,1989
14404,r4i1p1f1,1989,06,09,0.4242555460371383,14.63126,1.1341497,1989
14405,r4i1p1f1,1989,06,10,0.0,20.106342,4.7791553,1989
14406,r4i1p1f1,1989,06,11,0.0,24.129028,8.2353325,1989
14407,r4i1p1f1,1989,06,12,0.0,24.159882,10.697298,1989
14408,r4i1p1f1,1989,06,13,0.010192818151907026,23.787666,9.807687,1989
14409,r4i1p1f1,1989,06,14,0.0,23.877975,9.691536,1989
14410,r4i1p1f1,1989,06,15,0.02437948233115316,23.921824,8.588737,1989
14411,r4i1p1f1,1989,06,16,0.17748587506420793,21.370758,7.355148,1989
14412,r4i1p1f1,1989,06,17,3.3741022395337477,16.969946,6.502159,1989
14413,r4i1p1f1,1989,06,18,0.2996315786451585,17.879124,5.4671345,1989
14414,r4i1p1f1,1989,06,19,0.0,21.26334,7.0071845,1989
14415,r4i1p1f1,1989,06,20,0.0,20.953463,6.4920597,1989
14416,r4i1p1f1,1989,06,21,0.0,21.559813,6.4184647,1989
14417,r4i1p1f1,1989,06,22,0.0,23.14275,6.5369496,1989
14418,r4i1p1f1,1989,06,23,0.0,25.160494,8.498348,1989
14419,r4i1p1f1,1989,06,24,0.0,25.093946,9.308802,1989
14420,r4i1p1f1,1989,06,25,0.0,24.961313,9.602271,1989
14421,r4i1p1f1,1989,06,26,0.0,24.62027,9.58224,1989
14422,r4i1p1f1,1989,06,27,0.0,24.008486,9.057369,1989
14423,r4i1p1f1,1989,06,28,0.0,23.100653,8.97091,1989
14424,r4i1p1f1,1989,06,29,0.0,23.0262,8.505639,1989
14425,r4i1p1f1,1989,06,30,0.0,22.215118,7.1331716,1989
14426,r4i1p1f1,1989,07,01,0.0,20.23354,5.8973427,1989
14427,r4i1p1f1,1989,07,02,0.0,19.660654,4.302367,1989
14428,r4i1p1f1,1989,07,03,0.0,23.544243,7.077662,1989
14429,r4i1p1f1,1989,07,04,0.0,26.268898,9.478359,1989
14430,r4i1p1f1,1989,07,05,0.0,27.895254,10.764383,1989
14431,r4i1p1f1,1989,07,06,0.0,27.621183,11.413118,1989
14432,r4i1p1f1,1989,07,07,0.0,26.57694,11.875833,1989
14433,r4i1p1f1,1989,07,08,0.0,24.820072,10.236912,1989
14434,r4i1p1f1,1989,07,09,0.0,21.67819,6.759175,1989
14435,r4i1p1f1,1989,07,10,0.0,20.386105,7.226863,1989
14436,r4i1p1f1,1989,07,11,0.03603588242457265,18.995285,5.5780845,1989
14437,r4i1p1f1,1989,07,12,0.34574871091395976,21.08285,7.9180803,1989
14438,r4i1p1f1,1989,07,13,0.0,19.85925,8.223107,1989
14439,r4i1p1f1,1989,07,14,0.0,21.15898,6.4722233,1989
14440,r4i1p1f1,1989,07,15,0.0,22.585304,6.616679,1989
14441,r4i1p1f1,1989,07,16,0.0,22.315416,7.797395,1989
14442,r4i1p1f1,1989,07,17,0.0,23.431278,8.27544,1989
14443,r4i1p1f1,1989,07,18,0.0,24.461792,8.723662,1989
14444,r4i1p1f1,1989,07,19,0.0,24.23264,9.28276,1989
14445,r4i1p1f1,1989,07,20,0.0,25.46788,9.615848,1989
14446,r4i1p1f1,1989,07,21,0.0,25.446354,9.542616,1989
14447,r4i1p1f1,1989,07,22,0.0,24.805862,9.99946,1989
14448,r4i1p1f1,1989,07,23,0.0,24.060335,9.068186,1989
14449,r4i1p1f1,1989,07,24,0.0,22.085072,7.987217,1989
14450,r4i1p1f1,1989,07,25,0.0,21.839901,7.0345187,1989
14451,r4i1p1f1,1989,07,26,0.0,23.886568,7.531385,1989
14452,r4i1p1f1,1989,07,27,0.0,23.443943,9.357932,1989
14453,r4i1p1f1,1989,07,28,0.0,23.241951,8.046852,1989
14454,r4i1p1f1,1989,07,29,0.0,24.830551,8.984962,1989
14455,r4i1p1f1,1989,07,30,0.0,24.981157,9.845576,1989
14456,r4i1p1f1,1989,07,31,0.0,26.162794,11.002558,1989
14457,r4i1p1f1,1989,08,01,0.0,26.2099,11.463014,1989
14458,r4i1p1f1,1989,08,02,0.0,26.55877,10.543214,1989
14459,r4i1p1f1,1989,08,03,0.0,27.053322,10.766658,1989
14460,r4i1p1f1,1989,08,04,0.0,27.536123,11.24544,1989
14461,r4i1p1f1,1989,08,05,0.0,27.674301,12.002938,1989
14462,r4i1p1f1,1989,08,06,0.0,27.186129,11.311048,1989
14463,r4i1p1f1,1989,08,07,0.0,26.72296,11.583267,1989
14464,r4i1p1f1,1989,08,08,0.011099597788942615,25.653912,10.9660845,1989
14465,r4i1p1f1,1989,08,09,0.0,25.429949,11.108261,1989
14466,r4i1p1f1,1989,08,10,0.0,25.279774,11.502639,1989
14467,r4i1p1f1,1989,08,11,0.011776302006396958,25.010935,11.223681,1989
14468,r4i1p1f1,1989,08,12,0.1482760041164091,26.126259,10.634974,1989
14469,r4i1p1f1,1989,08,13,0.0,25.972807,11.077908,1989
14470,r4i1p1f1,1989,08,14,0.0,25.803904,10.789394,1989
14471,r4i1p1f1,1989,08,15,0.0,25.341335,10.60102,1989
14472,r4i1p1f1,1989,08,16,0.0,24.206314,10.557713,1989
14473,r4i1p1f1,1989,08,17,0.0,23.718441,7.7672586,1989
14474,r4i1p1f1,1989,08,18,0.0,22.405802,7.76892,1989
14475,r4i1p1f1,1989,08,19,0.0,21.837132,7.0932655,1989
14476,r4i1p1f1,1989,08,20,0.0,25.665472,8.41811,1989
14477,r4i1p1f1,1989,08,21,0.0,26.025908,9.368301,1989
14478,r4i1p1f1,1989,08,22,0.0,27.155775,10.436866,1989
14479,r4i1p1f1,1989,08,23,0.0,27.481733,10.797566,1989
14480,r4i1p1f1,1989,08,24,0.0,27.056164,10.540717,1989
14481,r4i1p1f1,1989,08,25,0.0,26.00557,9.774359,1989
14482,r4i1p1f1,1989,08,26,0.0,26.195042,9.536109,1989
14483,r4i1p1f1,1989,08,27,0.0,25.911552,9.66251,1989
14484,r4i1p1f1,1989,08,28,0.0,24.676558,10.140155,1989
14485,r4i1p1f1,1989,08,29,0.0,26.64025,11.851248,1989
14486,r4i1p1f1,1989,08,30,0.08585981988652011,27.380695,14.50978,1989
14487,r4i1p1f1,1989,08,31,0.004571106110563042,28.787643,11.671843,1989
14488,r4i1p1f1,1989,09,01,0.0,29.023952,13.026678,1989
14489,r4i1p1f1,1989,09,02,0.0,27.774343,12.8478565,1989
14490,r4i1p1f1,1989,09,03,0.0,26.5192,11.915276,1989
14491,r4i1p1f1,1989,09,04,0.0,25.823545,10.414453,1989
14492,r4i1p1f1,1989,09,05,0.0,23.529058,8.250322,1989
14493,r4i1p1f1,1989,09,06,0.0,23.215567,8.769381,1989
14494,r4i1p1f1,1989,09,07,0.0,22.099842,8.305905,1989
14495,r4i1p1f1,1989,09,08,0.0,21.998753,7.8391185,1989
14496,r4i1p1f1,1989,09,09,0.0,21.319626,7.973826,1989
14497,r4i1p1f1,1989,09,10,0.0,22.30294,7.508387,1989
14498,r4i1p1f1,1989,09,11,0.0,23.698038,8.416466,1989
14499,r4i1p1f1,1989,09,12,0.0,25.547447,9.896143,1989
14500,r4i1p1f1,1989,09,13,0.0829659994249851,25.091808,10.049238,1989
14501,r4i1p1f1,1989,09,14,0.0008583342338063042,23.868406,9.1019,1989
14502,r4i1p1f1,1989,09,15,0.0,21.565453,7.0434375,1989
14503,r4i1p1f1,1989,09,16,0.0,19.891031,5.9289417,1989
14504,r4i1p1f1,1989,09,17,0.0,15.841091,3.7257879,1989
14505,r4i1p1f1,1989,09,18,0.0,14.48563,2.5816848,1989
14506,r4i1p1f1,1989,09,19,0.0,17.73959,1.7221663,1989
14507,r4i1p1f1,1989,09,20,0.0,18.4334,3.377738,1989
14508,r4i1p1f1,1989,09,21,0.0,21.716644,5.4301157,1989
14509,r4i1p1f1,1989,09,22,0.0,22.872288,8.634493,1989
14510,r4i1p1f1,1989,09,23,0.5986000574279494,20.027859,7.3675327,1989
14511,r4i1p1f1,1989,09,24,1.6906100813796159,17.21916,7.317037,1989
14512,r4i1p1f1,1989,09,25,0.0,17.07693,4.088328,1989
14513,r4i1p1f1,1989,09,26,0.0,17.68711,4.344639,1989
14514,r4i1p1f1,1989,09,27,1.3105302790544107,19.62341,8.750605,1989
14515,r4i1p1f1,1989,09,28,0.12069090672613783,13.521022,4.8454623,1989
14516,r4i1p1f1,1989,09,29,0.0,15.865008,3.8979352,1989
14517,r4i1p1f1,1989,09,30,0.0,19.477482,5.8229446,1989
14518,r4i1p1f1,1989,10,01,0.0,21.389975,7.4996448,1989
14519,r4i1p1f1,1989,10,02,0.0,20.278608,7.4464417,1989
14520,r4i1p1f1,1989,10,03,0.0,19.584963,6.973812,1989
14521,r4i1p1f1,1989,10,04,0.0,19.898716,6.133082,1989
14522,r4i1p1f1,1989,10,05,0.0,21.776142,6.417805,1989
14523,r4i1p1f1,1989,10,06,0.0,21.888615,7.3360705,1989
14524,r4i1p1f1,1989,10,07,0.23233558685251204,21.191368,7.6312704,1989
14525,r4i1p1f1,1989,10,08,0.9761623243938387,19.491356,5.470627,1989
14526,r4i1p1f1,1989,10,09,0.2639996098911251,18.976051,5.5302596,1989
14527,r4i1p1f1,1989,10,10,0.2708348327351769,20.31518,6.2765226,1989
14528,r4i1p1f1,1989,10,11,0.0,22.414196,6.4879303,1989
14529,r4i1p1f1,1989,10,12,0.0,22.212143,7.9207516,1989
14530,r4i1p1f1,1989,10,13,0.0,21.369837,6.594716,1989
14531,r4i1p1f1,1989,10,14,0.0,20.59765,6.7032857,1989
14532,r4i1p1f1,1989,10,15,0.0,19.98152,4.3879037,1989
14533,r4i1p1f1,1989,10,16,0.0,21.939651,5.507166,1989
14534,r4i1p1f1,1989,10,17,0.0,23.311481,6.7822337,1989
14535,r4i1p1f1,1989,10,18,0.0,23.067232,7.2101083,1989
14536,r4i1p1f1,1989,10,19,0.0,22.336912,7.8558483,1989
14537,r4i1p1f1,1989,10,20,0.0,20.8176,7.507847,1989
14538,r4i1p1f1,1989,10,21,0.0,19.83153,7.212354,1989
14539,r4i1p1f1,1989,10,22,0.0,17.966213,5.600522,1989
14540,r4i1p1f1,1989,10,23,0.0,20.12023,4.446208,1989
14541,r4i1p1f1,1989,10,24,0.0,18.547583,5.120422,1989
14542,r4i1p1f1,1989,10,25,0.0,18.60165,2.2201047,1989
14543,r4i1p1f1,1989,10,26,0.0,18.04137,4.190927,1989
14544,r4i1p1f1,1989,10,27,0.0,20.189608,3.8706436,1989
14545,r4i1p1f1,1989,10,28,0.0,21.570353,4.2413607,1989
14546,r4i1p1f1,1989,10,29,0.0,19.615593,5.693764,1989
14547,r4i1p1f1,1989,10,30,0.0,18.739529,5.252716,1989
14548,r4i1p1f1,1989,10,31,0.0,17.412857,3.2143638,1989
14549,r4i1p1f1,1989,11,01,0.0,15.357983,4.770419,1989
14550,r4i1p1f1,1989,11,02,0.0,16.139368,1.6705341,1989
14551,r4i1p1f1,1989,11,03,0.0,15.005669,4.312264,1989
14552,r4i1p1f1,1989,11,04,0.2587354212063807,12.238512,1.1988581,1989
14553,r4i1p1f1,1989,11,05,0.0,16.121279,0.14165694,1989
14554,r4i1p1f1,1989,11,06,0.0,19.089579,2.1818283,1989
14555,r4i1p1f1,1989,11,07,0.0,18.030651,3.899076,1989
14556,r4i1p1f1,1989,11,08,0.0,16.510916,2.6653006,1989
14557,r4i1p1f1,1989,11,09,0.0,11.444121,-2.7837322,1989
14558,r4i1p1f1,1989,11,10,0.0,14.758448,-0.87329,1989
14559,r4i1p1f1,1989,11,11,0.0,15.366281,0.92904127,1989
14560,r4i1p1f1,1989,11,12,0.0,14.821273,0.7894379,1989
14561,r4i1p1f1,1989,11,13,0.0,16.64037,1.8795601,1989
14562,r4i1p1f1,1989,11,14,0.0,16.454256,0.99471754,1989
14563,r4i1p1f1,1989,11,15,0.0,13.503005,-0.85162127,1989
14564,r4i1p1f1,1989,11,16,0.0,14.966625,0.15660606,1989
14565,r4i1p1f1,1989,11,17,0.013240705174710012,14.2141905,-0.26383358,1989
14566,r4i1p1f1,1989,11,18,0.0,11.797278,-2.5309663,1989
14567,r4i1p1f1,1989,11,19,0.0,15.049814,-0.93430185,1989
14568,r4i1p1f1,1989,11,20,0.0,13.90878,0.43052453,1989
14569,r4i1p1f1,1989,11,21,0.0,13.337129,1.6401972,1989
14570,r4i1p1f1,1989,11,22,0.0,15.28314,1.8433205,1989
14571,r4i1p1f1,1989,11,23,0.0,17.910536,1.9077047,1989
14572,r4i1p1f1,1989,11,24,0.0,21.650173,4.463786,1989
14573,r4i1p1f1,1989,11,25,0.0,22.752691,6.122216,1989
14574,r4i1p1f1,1989,11,26,0.0,21.905087,6.346416,1989
14575,r4i1p1f1,1989,11,27,0.0,19.920858,3.3141372,1989
14576,r4i1p1f1,1989,11,28,0.0,16.44843,1.4012594,1989
14577,r4i1p1f1,1989,11,29,0.0,15.360541,0.19210394,1989
14578,r4i1p1f1,1989,11,30,0.0,15.680729,1.6443167,1989
14579,r4i1p1f1,1989,12,01,0.0,14.18049,2.6899238,1989
14580,r4i1p1f1,1989,12,02,0.0,11.626596,-0.7078832,1989
14581,r4i1p1f1,1989,12,03,0.0,5.7600694,-5.20764,1989
14582,r4i1p1f1,1989,12,04,2.092535343716387,3.550251,-5.459985,1989
14583,r4i1p1f1,1989,12,05,9.967106619451567,3.1720104,-6.1929016,1989
14584,r4i1p1f1,1989,12,06,22.00555548211981,2.3624105,-4.3976464,1989
14585,r4i1p1f1,1989,12,07,13.243212219726978,5.7887125,-1.1897155,1989
14586,r4i1p1f1,1989,12,08,3.2201728322528718,4.898418,-4.1374316,1989
14587,r4i1p1f1,1989,12,09,0.0,9.375558,-5.013753,1989
14588,r4i1p1f1,1989,12,10,0.0,7.9487047,-3.8149705,1989
14589,r4i1p1f1,1989,12,11,0.0,8.465218,-1.9009842,1989
14590,r4i1p1f1,1989,12,12,0.0,9.471065,-5.442675,1989
14591,r4i1p1f1,1989,12,13,0.0,8.88392,-3.1450927,1989
14592,r4i1p1f1,1989,12,14,0.0,10.091088,-2.1666284,1989
14593,r4i1p1f1,1989,12,15,0.9326875404020449,9.16375,-3.0614643,1989
14594,r4i1p1f1,1989,12,16,12.427899874198962,3.3833284,-6.586402,1989
14595,r4i1p1f1,1989,12,17,0.0,5.1561637,-7.5778437,1989
14596,r4i1p1f1,1989,12,18,7.784068400567826,1.672472,-5.735623,1989
14597,r4i1p1f1,1989,12,19,0.0,3.1181934,-7.260048,1989
14598,r4i1p1f1,1989,12,20,0.0,6.334152,-5.851228,1989
14599,r4i1p1f1,1989,12,21,0.0,6.239015,-6.1041994,1989
14600,r4i1p1f1,1989,12,22,5.241509268738999,1.7108558,-8.25638,1989
14601,r4i1p1f1,1989,12,23,5.149102293720576,-2.0230176,-9.217441,1989
14602,r4i1p1f1,1989,12,24,3.030290716861802,-1.9628155,-10.022274,1989
14603,r4i1p1f1,1989,12,25,1.910286370209314,-1.6120055,-13.240789,1989
14604,r4i1p1f1,1989,12,26,0.0,2.6138518,-9.946792,1989
14605,r4i1p1f1,1989,12,27,0.2554008825176408,0.9946238,-9.771199,1989
14606,r4i1p1f1,1989,12,28,22.298164526474707,-1.8334649,-8.269282,1989
14607,r4i1p1f1,1989,12,29,2.153950077419673,1.7991562,-10.207905,1989
14608,r4i1p1f1,1989,12,30,0.0,4.7737927,-9.206409,1989
14609,r4i1p1f1,1989,12,31,0.1289173044375991,2.7426815,-5.863367,1989
14610,r4i1p1f1,1990,01,01,0.05658222752864519,5.119455,-7.9274654,1990
14611,r4i1p1f1,1990,01,02,10.885274033014092,0.8746784,-6.095517,1990
14612,r4i1p1f1,1990,01,03,0.0,4.864511,-8.585811,1990
14613,r4i1p1f1,1990,01,04,0.0,8.812175,-5.519001,1990
14614,r4i1p1f1,1990,01,05,0.0,8.686472,-4.9114985,1990
14615,r4i1p1f1,1990,01,06,0.0,7.903641,-5.905264,1990
14616,r4i1p1f1,1990,01,07,0.0,6.8773427,-5.493618,1990
14617,r4i1p1f1,1990,01,08,0.0,7.18697,-6.80687,1990
14618,r4i1p1f1,1990,01,09,0.0,8.145647,-5.448398,1990
14619,r4i1p1f1,1990,01,10,0.0,9.573299,-3.5892782,1990
14620,r4i1p1f1,1990,01,11,0.1078325146503696,8.516758,-2.933975,1990
14621,r4i1p1f1,1990,01,12,0.0,11.928438,-2.021121,1990
14622,r4i1p1f1,1990,01,13,0.0,12.1012,-1.5863541,1990
14623,r4i1p1f1,1990,01,14,0.0,10.5462675,-0.0439101,1990
14624,r4i1p1f1,1990,01,15,41.210343229597036,3.931459,-2.1530218,1990
14625,r4i1p1f1,1990,01,16,105.64485633813216,5.310289,-0.26131195,1990
14626,r4i1p1f1,1990,01,17,65.24925523456523,5.5246096,-3.0261254,1990
14627,r4i1p1f1,1990,01,18,66.12455590082358,5.964416,-1.3994411,1990
14628,r4i1p1f1,1990,01,19,7.026134555488014,0.45079523,-8.208095,1990
14629,r4i1p1f1,1990,01,20,0.0,5.122151,-7.7145653,1990
14630,r4i1p1f1,1990,01,21,0.0,8.57159,-3.4054282,1990
14631,r4i1p1f1,1990,01,22,15.956419946108808,4.4121866,-5.327759,1990
14632,r4i1p1f1,1990,01,23,0.0,5.852271,-7.42169,1990
14633,r4i1p1f1,1990,01,24,0.0,7.9285746,-6.0399346,1990
14634,r4i1p1f1,1990,01,25,0.0,7.0610127,-6.775543,1990
14635,r4i1p1f1,1990,01,26,0.0,7.6152773,-4.8574843,1990
14636,r4i1p1f1,1990,01,27,0.0,8.942374,-4.5854387,1990
14637,r4i1p1f1,1990,01,28,8.359128997256354,6.212594,-5.529437,1990
14638,r4i1p1f1,1990,01,29,33.67348255972037,8.326527,0.35919562,1990
14639,r4i1p1f1,1990,01,30,7.67339894595665,8.207371,2.0362186,1990
14640,r4i1p1f1,1990,01,31,3.6811729493536207,8.154646,0.46742123,1990
14641,r4i1p1f1,1990,02,01,52.399900004823955,7.345551,-1.0574745,1990
14642,r4i1p1f1,1990,02,02,0.0,7.0934334,-4.5163283,1990
14643,r4i1p1f1,1990,02,03,6.317020362551033,5.1938653,-2.5208447,1990
14644,r4i1p1f1,1990,02,04,14.391507744990347,3.4048197,-5.41368,1990
14645,r4i1p1f1,1990,02,05,0.0,10.620206,-2.7999065,1990
14646,r4i1p1f1,1990,02,06,0.0,10.787495,-3.0527408,1990
14647,r4i1p1f1,1990,02,07,0.0,10.66074,-3.4863336,1990
14648,r4i1p1f1,1990,02,08,0.0,11.334388,-4.4365273,1990
14649,r4i1p1f1,1990,02,09,0.0,11.652693,-2.232944,1990
14650,r4i1p1f1,1990,02,10,0.0,9.083422,-2.185285,1990
14651,r4i1p1f1,1990,02,11,0.0,9.586175,-3.5141895,1990
14652,r4i1p1f1,1990,02,12,0.0,11.585531,-1.1046005,1990
14653,r4i1p1f1,1990,02,13,0.0,11.630943,-1.3890907,1990
14654,r4i1p1f1,1990,02,14,0.0,11.693676,-2.16137,1990
14655,r4i1p1f1,1990,02,15,0.0,11.920847,-1.5297744,1990
14656,r4i1p1f1,1990,02,16,0.0,11.429411,-1.2858338,1990
14657,r4i1p1f1,1990,02,17,0.0,11.357331,-0.112224594,1990
14658,r4i1p1f1,1990,02,18,0.0,10.031232,-1.506399,1990
14659,r4i1p1f1,1990,02,19,0.0,10.745369,-2.3828876,1990
14660,r4i1p1f1,1990,02,20,0.0,10.199348,-1.464182,1990
14661,r4i1p1f1,1990,02,21,0.0,8.91937,-2.8318572,1990
14662,r4i1p1f1,1990,02,22,0.0,6.843674,-5.5238414,1990
14663,r4i1p1f1,1990,02,23,0.12071930738632163,6.0616794,-4.963857,1990
14664,r4i1p1f1,1990,02,24,1.6793150495682745,1.1927286,-9.308114,1990
14665,r4i1p1f1,1990,02,25,0.38609823340229266,4.124223,-6.041627,1990
14666,r4i1p1f1,1990,02,26,14.89349261393225,-0.12934233,-7.6583734,1990
14667,r4i1p1f1,1990,02,27,0.0,4.3297334,-7.2623363,1990
14668,r4i1p1f1,1990,02,28,0.36896892607930315,5.040738,-5.3596234,1990
14669,r4i1p1f1,1990,03,01,18.802582085211878,2.4137132,-4.855983,1990
14670,r4i1p1f1,1990,03,02,10.464994081786447,0.074103035,-7.626677,1990
14671,r4i1p1f1,1990,03,03,0.0,7.638806,-6.9048276,1990
14672,r4i1p1f1,1990,03,04,0.0,10.927165,-4.8278575,1990
14673,r4i1p1f1,1990,03,05,0.0,12.985589,-3.8793318,1990
14674,r4i1p1f1,1990,03,06,0.0,12.037435,-1.8148239,1990
14675,r4i1p1f1,1990,03,07,0.0,10.922899,-4.3082943,1990
14676,r4i1p1f1,1990,03,08,0.0,13.149068,-1.7810895,1990
14677,r4i1p1f1,1990,03,09,0.0,13.165087,-1.702473,1990
14678,r4i1p1f1,1990,03,10,0.0,15.583913,-0.10587846,1990
14679,r4i1p1f1,1990,03,11,0.0,16.367939,0.17871964,1990
14680,r4i1p1f1,1990,03,12,0.0,16.32626,-0.070240624,1990
14681,r4i1p1f1,1990,03,13,0.0,15.960429,0.7702843,1990
14682,r4i1p1f1,1990,03,14,0.0,14.240099,0.074179046,1990
14683,r4i1p1f1,1990,03,15,0.0,12.507589,-0.6382879,1990
14684,r4i1p1f1,1990,03,16,0.0,14.063886,-2.757896,1990
14685,r4i1p1f1,1990,03,17,0.0,15.291346,-0.6614191,1990
14686,r4i1p1f1,1990,03,18,0.0,15.193576,0.8681884,1990
14687,r4i1p1f1,1990,03,19,0.0,13.814451,3.0939257,1990
14688,r4i1p1f1,1990,03,20,0.0,13.394812,-3.147395,1990
14689,r4i1p1f1,1990,03,21,4.572146191572567,9.860179,-4.8219213,1990
14690,r4i1p1f1,1990,03,22,0.01888886994600077,12.360968,-3.7981014,1990
14691,r4i1p1f1,1990,03,23,0.0,10.546278,-2.691166,1990
14692,r4i1p1f1,1990,03,24,0.012805920007796137,9.213785,-2.8958354,1990
14693,r4i1p1f1,1990,03,25,0.37963437765551733,4.2720237,-8.144561,1990
14694,r4i1p1f1,1990,03,26,0.0,12.213351,-4.054758,1990
14695,r4i1p1f1,1990,03,27,0.0,14.057994,-2.674716,1990
14696,r4i1p1f1,1990,03,28,0.0,14.469066,-0.305972,1990
14697,r4i1p1f1,1990,03,29,0.0,13.078696,0.7034922,1990
14698,r4i1p1f1,1990,03,30,0.0,13.138294,-1.9882815,1990
14699,r4i1p1f1,1990,03,31,0.004749743273688219,15.095904,0.7078423,1990
14700,r4i1p1f1,1990,04,01,0.9872171313877084,13.357674,-1.5760945,1990
14701,r4i1p1f1,1990,04,02,14.42394752223445,8.864567,-1.704008,1990
14702,r4i1p1f1,1990,04,03,28.558004352293604,10.799401,-2.3304007,1990
14703,r4i1p1f1,1990,04,04,0.0,15.3491745,-0.8420921,1990
14704,r4i1p1f1,1990,04,05,0.0,14.892974,-0.21259871,1990
14705,r4i1p1f1,1990,04,06,0.0,13.500267,0.3218386,1990
14706,r4i1p1f1,1990,04,07,0.0,14.329964,-1.6903275,1990
14707,r4i1p1f1,1990,04,08,0.0,15.834751,-0.14175326,1990
14708,r4i1p1f1,1990,04,09,0.8611739755029884,14.0056095,0.3052331,1990
14709,r4i1p1f1,1990,04,10,5.990096013355638,3.0647728,-11.117573,1990
14710,r4i1p1f1,1990,04,11,0.09015464840303554,4.2702785,-8.3932495,1990
14711,r4i1p1f1,1990,04,12,0.0,8.226662,-5.539349,1990
14712,r4i1p1f1,1990,04,13,0.0,12.508338,-2.9375694,1990
14713,r4i1p1f1,1990,04,14,1.2348089264127322,14.41264,-1.9277266,1990
14714,r4i1p1f1,1990,04,15,0.0,17.588879,1.9644555,1990
14715,r4i1p1f1,1990,04,16,0.0,17.88136,2.6808608,1990
14716,r4i1p1f1,1990,04,17,0.0,17.284164,2.1696448,1990
14717,r4i1p1f1,1990,04,18,0.0,16.476208,3.3352783,1990
14718,r4i1p1f1,1990,04,19,0.0,15.657762,1.4953271,1990
14719,r4i1p1f1,1990,04,20,0.0,13.151513,0.41986015,1990
14720,r4i1p1f1,1990,04,21,0.0,13.562875,-1.0065603,1990
14721,r4i1p1f1,1990,04,22,0.0,15.035942,0.70343554,1990
14722,r4i1p1f1,1990,04,23,0.0,17.613014,0.6346807,1990
14723,r4i1p1f1,1990,04,24,0.08296449028684577,16.598818,1.0716939,1990
14724,r4i1p1f1,1990,04,25,1.8183149373158418,11.61067,-0.7537101,1990
14725,r4i1p1f1,1990,04,26,3.3567808015850544,9.745773,1.8834971,1990
14726,r4i1p1f1,1990,04,27,4.751801708775991,7.2497754,-3.9223008,1990
14727,r4i1p1f1,1990,04,28,0.23608783295083627,11.695523,-0.8819512,1990
14728,r4i1p1f1,1990,04,29,0.0010285491442949958,11.119385,1.7137756,1990
14729,r4i1p1f1,1990,04,30,47.89631418310679,5.957921,-3.4054332,1990
14730,r4i1p1f1,1990,05,01,1.3526464901760888,8.300069,-4.4495254,1990
14731,r4i1p1f1,1990,05,02,0.0,12.053381,-2.3110716,1990
14732,r4i1p1f1,1990,05,03,0.0,17.741514,2.2378643,1990
14733,r4i1p1f1,1990,05,04,0.0,17.675722,4.6841125,1990
14734,r4i1p1f1,1990,05,05,0.0,18.642452,5.8371625,1990
14735,r4i1p1f1,1990,05,06,1.242476237367386,17.043621,4.149034,1990
14736,r4i1p1f1,1990,05,07,0.0,12.435912,-0.46889058,1990
14737,r4i1p1f1,1990,05,08,0.0,14.889703,1.5409955,1990
14738,r4i1p1f1,1990,05,09,0.0,16.031683,1.7167861,1990
14739,r4i1p1f1,1990,05,10,0.1863112489453715,15.250486,2.3105125,1990
14740,r4i1p1f1,1990,05,11,5.740644993632927,9.943407,0.48103216,1990
14741,r4i1p1f1,1990,05,12,6.579459657577118,7.960523,-1.0875247,1990
14742,r4i1p1f1,1990,05,13,0.4948945000378691,8.69721,1.482489,1990
14743,r4i1p1f1,1990,05,14,0.0,13.052028,-0.447616,1990
14744,r4i1p1f1,1990,05,15,0.008455259758110971,12.060894,0.39650849,1990
14745,r4i1p1f1,1990,05,16,0.0,9.185622,-4.6839952,1990
14746,r4i1p1f1,1990,05,17,0.42514840175310253,11.050356,-3.7955205,1990
14747,r4i1p1f1,1990,05,18,0.42386222283443925,12.488318,-2.2466419,1990
14748,r4i1p1f1,1990,05,19,5.688864609922706,9.496871,-3.5883458,1990
14749,r4i1p1f1,1990,05,20,0.0,14.576286,-0.23729931,1990
14750,r4i1p1f1,1990,05,21,0.0,14.480166,1.2721856,1990
14751,r4i1p1f1,1990,05,22,0.0,17.483084,3.2364032,1990
14752,r4i1p1f1,1990,05,23,0.0,18.877874,4.044083,1990
14753,r4i1p1f1,1990,05,24,0.0,19.917908,6.559868,1990
14754,r4i1p1f1,1990,05,25,0.0,22.672586,6.376645,1990
14755,r4i1p1f1,1990,05,26,0.0,22.159487,7.837301,1990
14756,r4i1p1f1,1990,05,27,0.0,21.013813,6.8761187,1990
14757,r4i1p1f1,1990,05,28,0.0,19.619837,4.652207,1990
14758,r4i1p1f1,1990,05,29,0.0,21.388458,6.3855395,1990
14759,r4i1p1f1,1990,05,30,0.0,20.810032,6.9075093,1990
14760,r4i1p1f1,1990,05,31,0.0,20.401083,6.51981,1990
14761,r4i1p1f1,1990,06,01,0.0,20.349346,6.510379,1990
14762,r4i1p1f1,1990,06,02,0.0,19.043257,2.6458185,1990
14763,r4i1p1f1,1990,06,03,0.0,15.281167,0.47264728,1990
14764,r4i1p1f1,1990,06,04,0.08001865823903306,12.71017,1.1150115,1990
14765,r4i1p1f1,1990,06,05,1.2293332448704009,11.417854,-0.9574382,1990
14766,r4i1p1f1,1990,06,06,0.3460902143255291,8.680534,1.5903817,1990
14767,r4i1p1f1,1990,06,07,0.0,10.462591,2.6017592,1990
14768,r4i1p1f1,1990,06,08,0.0,13.762819,0.96570605,1990
14769,r4i1p1f1,1990,06,09,0.0,18.55188,3.6250024,1990
14770,r4i1p1f1,1990,06,10,0.0,22.4073,6.3079443,1990
14771,r4i1p1f1,1990,06,11,0.0,21.76119,7.5996823,1990
14772,r4i1p1f1,1990,06,12,0.0,20.826097,5.2104273,1990
14773,r4i1p1f1,1990,06,13,0.0,24.270195,8.347326,1990
14774,r4i1p1f1,1990,06,14,0.0,26.34164,10.140997,1990
14775,r4i1p1f1,1990,06,15,0.0,27.077593,11.479497,1990
14776,r4i1p1f1,1990,06,16,0.0,28.506636,11.45258,1990
14777,r4i1p1f1,1990,06,17,0.0,27.64595,13.330899,1990
14778,r4i1p1f1,1990,06,18,0.0,24.94487,11.369802,1990
14779,r4i1p1f1,1990,06,19,0.0,22.342876,6.5516353,1990
14780,r4i1p1f1,1990,06,20,0.0,22.585287,5.4752264,1990
14781,r4i1p1f1,1990,06,21,0.0,25.912233,8.546047,1990
14782,r4i1p1f1,1990,06,22,0.0,28.642439,10.280359,1990
14783,r4i1p1f1,1990,06,23,0.0,30.412987,12.461949,1990
14784,r4i1p1f1,1990,06,24,0.0,29.056904,12.269054,1990
14785,r4i1p1f1,1990,06,25,0.0,27.77885,12.60845,1990
14786,r4i1p1f1,1990,06,26,0.0,24.469378,11.272985,1990
14787,r4i1p1f1,1990,06,27,0.0,23.893665,9.118053,1990
14788,r4i1p1f1,1990,06,28,0.0,23.659502,8.545895,1990
14789,r4i1p1f1,1990,06,29,0.0,22.98751,8.75212,1990
14790,r4i1p1f1,1990,06,30,0.0,21.22606,6.856434,1990
14791,r4i1p1f1,1990,07,01,0.0,20.328121,5.801976,1990
14792,r4i1p1f1,1990,07,02,0.0,22.442297,6.659229,1990
14793,r4i1p1f1,1990,07,03,0.7296813813768268,22.938137,8.220026,1990
14794,r4i1p1f1,1990,07,04,1.1093550550703188,23.04984,8.900239,1990
14795,r4i1p1f1,1990,07,05,0.1912562867702402,18.904665,4.930241,1990
14796,r4i1p1f1,1990,07,06,0.0,17.775434,3.246858,1990
14797,r4i1p1f1,1990,07,07,0.0,23.373775,6.127791,1990
14798,r4i1p1f1,1990,07,08,0.0,26.104616,8.410336,1990
14799,r4i1p1f1,1990,07,09,0.0,27.476198,10.166534,1990
14800,r4i1p1f1,1990,07,10,0.0,26.51729,11.463437,1990
14801,r4i1p1f1,1990,07,11,0.0,24.988434,11.216116,1990
14802,r4i1p1f1,1990,07,12,0.0,21.017597,7.973319,1990
14803,r4i1p1f1,1990,07,13,0.0,20.479864,7.7643323,1990
14804,r4i1p1f1,1990,07,14,0.0,22.36157,6.9928994,1990
14805,r4i1p1f1,1990,07,15,0.0,24.427637,9.02725,1990
14806,r4i1p1f1,1990,07,16,0.0,28.28712,12.433903,1990
14807,r4i1p1f1,1990,07,17,0.0,30.062237,12.911747,1990
14808,r4i1p1f1,1990,07,18,0.0,29.274498,13.494652,1990
14809,r4i1p1f1,1990,07,19,0.0,28.24615,13.63189,1990
14810,r4i1p1f1,1990,07,20,0.0,25.789925,10.898185,1990
14811,r4i1p1f1,1990,07,21,0.0,24.048355,8.985524,1990
14812,r4i1p1f1,1990,07,22,0.016572475239763046,23.624249,9.18664,1990
14813,r4i1p1f1,1990,07,23,0.0,22.899715,10.1627245,1990
14814,r4i1p1f1,1990,07,24,0.0,22.712603,8.815338,1990
14815,r4i1p1f1,1990,07,25,0.0,22.936186,8.085321,1990
14816,r4i1p1f1,1990,07,26,0.0,25.208826,8.579741,1990
14817,r4i1p1f1,1990,07,27,0.0,28.278086,10.857925,1990
14818,r4i1p1f1,1990,07,28,0.007791004124691719,28.761051,12.110737,1990
14819,r4i1p1f1,1990,07,29,0.08889407797565639,28.34614,12.493069,1990
14820,r4i1p1f1,1990,07,30,0.1001202595845282,28.002563,12.673187,1990
14821,r4i1p1f1,1990,07,31,0.3776743564016857,27.884552,13.1558895,1990
14822,r4i1p1f1,1990,08,01,0.40638920194997474,26.13417,11.672006,1990
14823,r4i1p1f1,1990,08,02,0.0135092395382809,26.042643,11.161679,1990
14824,r4i1p1f1,1990,08,03,0.0,26.370853,10.236272,1990
14825,r4i1p1f1,1990,08,04,0.0,26.059332,11.020176,1990
14826,r4i1p1f1,1990,08,05,0.0,26.94361,11.017472,1990
14827,r4i1p1f1,1990,08,06,0.0,27.784184,11.635664,1990
14828,r4i1p1f1,1990,08,07,0.0,29.147451,11.948103,1990
14829,r4i1p1f1,1990,08,08,0.0,29.42291,12.61063,1990
14830,r4i1p1f1,1990,08,09,0.0,28.909695,13.099291,1990
14831,r4i1p1f1,1990,08,10,0.0,27.15062,11.75977,1990
14832,r4i1p1f1,1990,08,11,0.0,24.26544,9.25431,1990
14833,r4i1p1f1,1990,08,12,0.0,21.858528,7.0797977,1990
14834,r4i1p1f1,1990,08,13,0.0,20.351437,6.160947,1990
14835,r4i1p1f1,1990,08,14,0.0,22.49972,7.2854877,1990
14836,r4i1p1f1,1990,08,15,0.0342729196017076,22.201183,8.192433,1990
14837,r4i1p1f1,1990,08,16,0.0,21.29409,7.768815,1990
14838,r4i1p1f1,1990,08,17,0.0,20.154411,5.689857,1990
14839,r4i1p1f1,1990,08,18,0.0,19.030535,4.4109097,1990
14840,r4i1p1f1,1990,08,19,0.0,19.817972,4.4395456,1990
14841,r4i1p1f1,1990,08,20,0.0,19.422123,5.405865,1990
14842,r4i1p1f1,1990,08,21,0.0,18.860338,5.023942,1990
14843,r4i1p1f1,1990,08,22,0.20757921831063375,17.593824,4.9633713,1990
14844,r4i1p1f1,1990,08,23,0.004179539065175939,22.460827,6.037192,1990
14845,r4i1p1f1,1990,08,24,0.0,24.026072,7.864579,1990
14846,r4i1p1f1,1990,08,25,0.0,23.299154,7.571104,1990
14847,r4i1p1f1,1990,08,26,0.0,22.705305,7.594019,1990
14848,r4i1p1f1,1990,08,27,0.0,22.899605,7.6949067,1990
14849,r4i1p1f1,1990,08,28,0.0,23.225735,8.489623,1990
14850,r4i1p1f1,1990,08,29,0.35855303806977346,24.678741,9.589121,1990
14851,r4i1p1f1,1990,08,30,0.026812133675849916,26.403358,9.655515,1990
14852,r4i1p1f1,1990,08,31,0.0,25.982536,10.783318,1990
14853,r4i1p1f1,1990,09,01,0.0,25.731665,10.423982,1990
14854,r4i1p1f1,1990,09,02,0.0,27.15219,9.610637,1990
14855,r4i1p1f1,1990,09,03,0.0,27.245886,10.960558,1990
14856,r4i1p1f1,1990,09,04,0.0,27.249264,11.188427,1990
14857,r4i1p1f1,1990,09,05,0.0,27.877584,11.333009,1990
14858,r4i1p1f1,1990,09,06,0.0,27.76544,12.028056,1990
14859,r4i1p1f1,1990,09,07,9.3989200654073e-05,27.253296,11.685063,1990
14860,r4i1p1f1,1990,09,08,0.0,26.684952,11.254323,1990
14861,r4i1p1f1,1990,09,09,0.0,24.453165,9.779555,1990
14862,r4i1p1f1,1990,09,10,0.0,17.464008,4.2366223,1990
14863,r4i1p1f1,1990,09,11,0.2064268292359559,16.30954,3.5423975,1990
14864,r4i1p1f1,1990,09,12,0.2823568794773321,17.442247,4.9506655,1990
14865,r4i1p1f1,1990,09,13,1.4140823829698976,19.82432,6.7584376,1990
14866,r4i1p1f1,1990,09,14,0.07972710570204598,16.90308,1.5381514,1990
14867,r4i1p1f1,1990,09,15,0.04452962814977738,18.073921,3.1767776,1990
14868,r4i1p1f1,1990,09,16,1.8743610895275427,19.898188,5.150275,1990
14869,r4i1p1f1,1990,09,17,1.1782801061381343,21.857174,6.410396,1990
14870,r4i1p1f1,1990,09,18,0.463555482539087,23.247059,7.862715,1990
14871,r4i1p1f1,1990,09,19,0.545859041834346,24.988756,9.104887,1990
14872,r4i1p1f1,1990,09,20,0.6961526693066432,21.872068,7.308218,1990
14873,r4i1p1f1,1990,09,21,5.998659974616759,20.63057,6.8097053,1990
14874,r4i1p1f1,1990,09,22,0.37533835541115596,17.764748,4.9197087,1990
14875,r4i1p1f1,1990,09,23,0.019046227436889874,15.826807,1.1814517,1990
14876,r4i1p1f1,1990,09,24,0.0,17.275982,3.176274,1990
14877,r4i1p1f1,1990,09,25,0.0,18.696466,4.051825,1990
14878,r4i1p1f1,1990,09,26,0.0,19.201664,3.3794436,1990
14879,r4i1p1f1,1990,09,27,0.0,19.280855,4.3245435,1990
14880,r4i1p1f1,1990,09,28,0.0,20.555347,5.2158914,1990
14881,r4i1p1f1,1990,09,29,0.0,22.460741,6.2301483,1990
14882,r4i1p1f1,1990,09,30,0.0,23.416784,7.693219,1990
14883,r4i1p1f1,1990,10,01,0.0,24.440544,8.094533,1990
14884,r4i1p1f1,1990,10,02,0.0,25.750164,9.674336,1990
14885,r4i1p1f1,1990,10,03,0.0,24.743294,9.2755375,1990
14886,r4i1p1f1,1990,10,04,0.0,23.721891,7.799965,1990
14887,r4i1p1f1,1990,10,05,0.0,23.142416,8.00851,1990
14888,r4i1p1f1,1990,10,06,0.0,22.305885,6.5248647,1990
14889,r4i1p1f1,1990,10,07,0.0,22.791956,7.058607,1990
14890,r4i1p1f1,1990,10,08,0.0,22.237583,7.523773,1990
14891,r4i1p1f1,1990,10,09,0.1418007987103508,20.746904,8.124662,1990
14892,r4i1p1f1,1990,10,10,0.0,21.562933,6.717255,1990
14893,r4i1p1f1,1990,10,11,0.0,21.881311,6.6284537,1990
14894,r4i1p1f1,1990,10,12,0.0,19.924751,6.7144403,1990
14895,r4i1p1f1,1990,10,13,0.0,15.904282,1.1792884,1990
14896,r4i1p1f1,1990,10,14,0.2897195603682162,9.900643,-2.0329444,1990
14897,r4i1p1f1,1990,10,15,0.0,12.466802,-1.5377197,1990
14898,r4i1p1f1,1990,10,16,0.0,11.904341,-1.1487951,1990
14899,r4i1p1f1,1990,10,17,0.0,10.552189,-2.1884394,1990
14900,r4i1p1f1,1990,10,18,0.0,9.054131,-4.005805,1990
14901,r4i1p1f1,1990,10,19,7.8360992137841015,8.88753,-1.2462358,1990
14902,r4i1p1f1,1990,10,20,6.3843522050803285,9.176568,-1.2473922,1990
14903,r4i1p1f1,1990,10,21,47.312819167162495,8.470361,0.73177326,1990
14904,r4i1p1f1,1990,10,22,11.787407212902274,5.88113,-2.6380208,1990
14905,r4i1p1f1,1990,10,23,0.0,9.9689665,-6.020675,1990
14906,r4i1p1f1,1990,10,24,11.78719817568038,10.734921,-0.024707915,1990
14907,r4i1p1f1,1990,10,25,6.375986418197705,1.1508912,-7.3387256,1990
14908,r4i1p1f1,1990,10,26,1.8110107421447397,4.5884347,-7.5805144,1990
14909,r4i1p1f1,1990,10,27,0.0,7.473828,-8.611272,1990
14910,r4i1p1f1,1990,10,28,3.0529884666210245,9.422678,-1.444975,1990
14911,r4i1p1f1,1990,10,29,28.42629590467866,9.684137,-0.09468472,1990
14912,r4i1p1f1,1990,10,30,71.57211474404245,9.098336,1.803252,1990
14913,r4i1p1f1,1990,10,31,0.0,8.3575325,-3.568006,1990
14914,r4i1p1f1,1990,11,01,0.0,11.925086,-2.7662852,1990
14915,r4i1p1f1,1990,11,02,0.0,13.469557,-0.6448133,1990
14916,r4i1p1f1,1990,11,03,0.0,14.216938,0.8464001,1990
14917,r4i1p1f1,1990,11,04,14.962972472506108,18.15614,7.652327,1990
14918,r4i1p1f1,1990,11,05,5.782752133836355,5.779603,-2.8922622,1990
14919,r4i1p1f1,1990,11,06,0.0,8.473125,-4.56205,1990
14920,r4i1p1f1,1990,11,07,0.0,10.671095,-2.5345557,1990
14921,r4i1p1f1,1990,11,08,0.0,13.484726,-0.66889983,1990
14922,r4i1p1f1,1990,11,09,0.0,13.470382,0.5052766,1990
14923,r4i1p1f1,1990,11,10,0.0,11.871249,-0.27638978,1990
14924,r4i1p1f1,1990,11,11,0.0,9.904982,-2.4039843,1990
14925,r4i1p1f1,1990,11,12,0.0,7.989575,-1.9143653,1990
14926,r4i1p1f1,1990,11,13,4.968392052807544,6.757294,-3.6683953,1990
14927,r4i1p1f1,1990,11,14,37.9854152760283,5.4802494,-2.930768,1990
14928,r4i1p1f1,1990,11,15,0.0,6.8994293,-6.8697658,1990
14929,r4i1p1f1,1990,11,16,0.0,8.120677,-6.237141,1990
14930,r4i1p1f1,1990,11,17,0.0,7.3115487,-5.6220517,1990
14931,r4i1p1f1,1990,11,18,0.4075855873493537,6.743022,-4.5523887,1990
14932,r4i1p1f1,1990,11,19,0.0,7.9917955,-4.792841,1990
14933,r4i1p1f1,1990,11,20,0.0,9.078276,-4.3742723,1990
14934,r4i1p1f1,1990,11,21,0.0,11.070315,-3.3549519,1990
14935,r4i1p1f1,1990,11,22,0.0,9.9506645,-1.9237673,1990
14936,r4i1p1f1,1990,11,23,4.201325960898492,9.232831,-3.2719674,1990
14937,r4i1p1f1,1990,11,24,0.0,7.5996585,-4.7000732,1990
14938,r4i1p1f1,1990,11,25,0.0,9.510186,-2.2877173,1990
14939,r4i1p1f1,1990,11,26,0.0,10.585938,-2.0203898,1990
14940,r4i1p1f1,1990,11,27,0.0,9.710909,-2.5945666,1990
14941,r4i1p1f1,1990,11,28,0.6418861489701322,7.7201023,-0.36951962,1990
14942,r4i1p1f1,1990,11,29,0.2995492791593295,7.0527196,-4.1324887,1990
14943,r4i1p1f1,1990,11,30,0.0,9.587477,-4.6990037,1990
14944,r4i1p1f1,1990,12,01,0.0,11.099689,-1.5273261,1990
14945,r4i1p1f1,1990,12,02,0.041321805785290926,7.632634,-0.9359975,1990
14946,r4i1p1f1,1990,12,03,0.0,10.336252,-1.89877,1990
14947,r4i1p1f1,1990,12,04,0.0,12.567386,-0.51635724,1990
14948,r4i1p1f1,1990,12,05,0.0,10.923712,0.48701346,1990
14949,r4i1p1f1,1990,12,06,5.448093972060481,8.617717,-2.6723356,1990
14950,r4i1p1f1,1990,12,07,0.0,9.920243,-3.1352923,1990
14951,r4i1p1f1,1990,12,08,0.0,12.12657,-1.7106582,1990
14952,r4i1p1f1,1990,12,09,0.0,9.261852,-2.5106888,1990
14953,r4i1p1f1,1990,12,10,0.0,8.313059,-4.056671,1990
14954,r4i1p1f1,1990,12,11,0.23084670768542914,6.935819,-4.797056,1990
14955,r4i1p1f1,1990,12,12,0.6793569511591656,4.8384147,-5.923433,1990
14956,r4i1p1f1,1990,12,13,0.0,6.501603,-6.1120505,1990
14957,r4i1p1f1,1990,12,14,0.0,8.280054,-5.1062407,1990
14958,r4i1p1f1,1990,12,15,0.0,10.622866,-3.3220286,1990
14959,r4i1p1f1,1990,12,16,0.0,10.963615,-2.3714406,1990
14960,r4i1p1f1,1990,12,17,0.0,9.875307,-3.467516,1990
14961,r4i1p1f1,1990,12,18,1.2474071125522819,8.709278,-2.5774662,1990
14962,r4i1p1f1,1990,12,19,6.665429487764915,6.142118,-1.867372,1990
14963,r4i1p1f1,1990,12,20,28.24303859042012,5.0024033,-6.2352633,1990
14964,r4i1p1f1,1990,12,21,0.9708291756363725,-1.505436,-9.149464,1990
14965,r4i1p1f1,1990,12,22,0.0,3.117774,-9.661441,1990
14966,r4i1p1f1,1990,12,23,0.0,5.100451,-11.045165,1990
14967,r4i1p1f1,1990,12,24,0.0,6.717303,-8.48659,1990
14968,r4i1p1f1,1990,12,25,0.0,6.1354914,-7.4187193,1990
14969,r4i1p1f1,1990,12,26,0.0,5.6380296,-8.72624,1990
14970,r4i1p1f1,1990,12,27,0.0,9.8825655,-8.099553,1990
14971,r4i1p1f1,1990,12,28,0.0,14.488419,-2.7930052,1990
14972,r4i1p1f1,1990,12,29,0.0,16.332272,-1.371738,1990
14973,r4i1p1f1,1990,12,30,0.0,15.6676,1.3305807,1990
14974,r4i1p1f1,1990,12,31,0.0,13.158122,1.5943145,1990
14975,r4i1p1f1,1991,01,01,0.0,8.602923,-6.1117125,1991
14976,r4i1p1f1,1991,01,02,0.0,5.3032722,-7.046299,1991
14977,r4i1p1f1,1991,01,03,1.3373121345865833,2.142929,-8.617117,1991
14978,r4i1p1f1,1991,01,04,0.2038529787499171,-0.67845505,-11.998165,1991
14979,r4i1p1f1,1991,01,05,0.9122952558368216,-3.8142984,-13.58547,1991
14980,r4i1p1f1,1991,01,06,5.627551669608096,-3.0134485,-13.57446,1991
14981,r4i1p1f1,1991,01,07,0.0,2.4077666,-16.476683,1991
14982,r4i1p1f1,1991,01,08,0.0,4.644001,-12.026398,1991
14983,r4i1p1f1,1991,01,09,0.0,8.055896,-7.8489532,1991
14984,r4i1p1f1,1991,01,10,0.0,12.0177555,-5.54081,1991
14985,r4i1p1f1,1991,01,11,0.0,9.457348,-3.4811,1991
14986,r4i1p1f1,1991,01,12,0.0,8.600309,-4.8079715,1991
14987,r4i1p1f1,1991,01,13,0.0,8.718863,-4.6240454,1991
14988,r4i1p1f1,1991,01,14,0.0,8.626644,-5.3856487,1991
14989,r4i1p1f1,1991,01,15,0.0,8.734557,-5.223813,1991
14990,r4i1p1f1,1991,01,16,0.0,8.196833,-4.146425,1991
14991,r4i1p1f1,1991,01,17,0.0,10.85525,-2.5074468,1991
14992,r4i1p1f1,1991,01,18,0.0,12.4187765,-0.24283472,1991
14993,r4i1p1f1,1991,01,19,0.00397573081393014,11.426038,-0.08643911,1991
14994,r4i1p1f1,1991,01,20,1.080232758891618,9.381731,-2.7651947,1991
14995,r4i1p1f1,1991,01,21,0.0,10.20612,-2.5979462,1991
14996,r4i1p1f1,1991,01,22,0.0,8.380056,-1.7112595,1991
14997,r4i1p1f1,1991,01,23,0.3128351749199373,7.680123,-2.0969434,1991
14998,r4i1p1f1,1991,01,24,11.938245117514736,4.899624,-2.0000238,1991
14999,r4i1p1f1,1991,01,25,10.105302116814663,5.235389,-5.3647823,1991
15000,r4i1p1f1,1991,01,26,10.139197697835327,4.7909737,-6.531445,1991
15001,r4i1p1f1,1991,01,27,50.75435295513498,5.2227077,-4.4530373,1991
15002,r4i1p1f1,1991,01,28,23.3168425616056,2.5733018,-6.3114457,1991
15003,r4i1p1f1,1991,01,29,0.0,6.1623096,-6.2231503,1991
15004,r4i1p1f1,1991,01,30,0.0,11.324057,-5.5162773,1991
15005,r4i1p1f1,1991,01,31,0.0,13.7186775,-1.8881882,1991
15006,r4i1p1f1,1991,02,01,0.0,14.717737,-2.4901977,1991
15007,r4i1p1f1,1991,02,02,0.0,14.633274,-1.3500369,1991
15008,r4i1p1f1,1991,02,03,0.0,13.691866,0.79758,1991
15009,r4i1p1f1,1991,02,04,0.0,12.899198,0.33775985,1991
15010,r4i1p1f1,1991,02,05,0.0,10.289716,-3.0540059,1991
15011,r4i1p1f1,1991,02,06,6.2636986468619416,7.9467473,-3.1819732,1991
15012,r4i1p1f1,1991,02,07,69.9294864768963,3.404764,-4.838337,1991
15013,r4i1p1f1,1991,02,08,0.0,1.7660472,-8.320577,1991
15014,r4i1p1f1,1991,02,09,20.390792390304235,-0.38553816,-10.369207,1991
15015,r4i1p1f1,1991,02,10,16.43036037324759,-2.5740507,-8.914057,1991
15016,r4i1p1f1,1991,02,11,0.0,2.6878536,-11.984443,1991
15017,r4i1p1f1,1991,02,12,0.0,4.3007717,-11.327257,1991
15018,r4i1p1f1,1991,02,13,0.0,3.7219083,-9.704911,1991
15019,r4i1p1f1,1991,02,14,0.0,5.506528,-10.401891,1991
15020,r4i1p1f1,1991,02,15,0.0,9.579798,-6.7243686,1991
15021,r4i1p1f1,1991,02,16,0.0,8.277846,-4.711328,1991
15022,r4i1p1f1,1991,02,17,0.0,7.372597,-5.825765,1991
15023,r4i1p1f1,1991,02,18,0.0,9.472546,-5.2771754,1991
15024,r4i1p1f1,1991,02,19,0.0,11.850423,-3.564756,1991
15025,r4i1p1f1,1991,02,20,0.0,14.586853,-1.2786313,1991
15026,r4i1p1f1,1991,02,21,0.0,15.179309,-2.5277603,1991
15027,r4i1p1f1,1991,02,22,0.0,15.212076,-2.5452673,1991
15028,r4i1p1f1,1991,02,23,0.0,14.514858,-0.25459415,1991
15029,r4i1p1f1,1991,02,24,0.0,13.27693,0.53949946,1991
15030,r4i1p1f1,1991,02,25,0.0,11.9460535,0.045349397,1991
15031,r4i1p1f1,1991,02,26,0.0,9.393531,-5.4054446,1991
15032,r4i1p1f1,1991,02,27,0.002543829684093072,6.37239,-5.8132687,1991
15033,r4i1p1f1,1991,02,28,0.0,5.6394625,-7.5020885,1991
15034,r4i1p1f1,1991,03,01,0.0,8.948743,-7.0687356,1991
15035,r4i1p1f1,1991,03,02,0.0,9.250305,-7.0328255,1991
15036,r4i1p1f1,1991,03,03,0.0,7.0487585,-7.3325887,1991
15037,r4i1p1f1,1991,03,04,0.0,0.6726393,-11.679131,1991
15038,r4i1p1f1,1991,03,05,0.0,-0.9680009,-13.591137,1991
15039,r4i1p1f1,1991,03,06,0.0,-1.4215156,-14.262152,1991
15040,r4i1p1f1,1991,03,07,0.0,-2.3502376,-15.789453,1991
15041,r4i1p1f1,1991,03,08,0.0,1.4683697,-12.711796,1991
15042,r4i1p1f1,1991,03,09,0.0,7.0510736,-9.004838,1991
15043,r4i1p1f1,1991,03,10,0.0,9.203642,-4.9757752,1991
15044,r4i1p1f1,1991,03,11,0.0,10.220094,-2.7771096,1991
15045,r4i1p1f1,1991,03,12,0.11847140745984322,9.588306,-4.1993446,1991
15046,r4i1p1f1,1991,03,13,6.673944060569808,10.700483,-3.4588187,1991
15047,r4i1p1f1,1991,03,14,0.0,13.872712,-1.4917827,1991
15048,r4i1p1f1,1991,03,15,0.0,14.691892,2.3890793,1991
15049,r4i1p1f1,1991,03,16,3.58984998122268,10.816918,-1.394996,1991
15050,r4i1p1f1,1991,03,17,5.957506015053544,7.6143217,-5.3693233,1991
15051,r4i1p1f1,1991,03,18,58.43573572173108,6.401598,-4.3516736,1991
15052,r4i1p1f1,1991,03,19,32.80198493597363,2.4383316,-7.248874,1991
15053,r4i1p1f1,1991,03,20,0.10060532808131843,5.0591726,-7.8649826,1991
15054,r4i1p1f1,1991,03,21,3.731698666206902,2.9746811,-11.066906,1991
15055,r4i1p1f1,1991,03,22,26.820113280618447,4.297251,-5.062489,1991
15056,r4i1p1f1,1991,03,23,36.571488538293416,2.8142717,-3.6891928,1991
15057,r4i1p1f1,1991,03,24,5.399510193826464,3.6945152,-8.363598,1991
15058,r4i1p1f1,1991,03,25,0.0,12.034256,-4.5890007,1991
15059,r4i1p1f1,1991,03,26,0.6110224231407421,9.751458,-1.2012986,1991
15060,r4i1p1f1,1991,03,27,7.090582215303634,5.2776513,-2.596203,1991
15061,r4i1p1f1,1991,03,28,8.731864605860666,0.865723,-7.9248304,1991
15062,r4i1p1f1,1991,03,29,0.0,8.9098625,-6.6985064,1991
15063,r4i1p1f1,1991,03,30,0.0,9.9888115,-6.4833746,1991
15064,r4i1p1f1,1991,03,31,0.0,11.119153,-5.6850376,1991
15065,r4i1p1f1,1991,04,01,0.0,12.032555,-3.0279076,1991
15066,r4i1p1f1,1991,04,02,0.0,14.87315,-0.94284105,1991
15067,r4i1p1f1,1991,04,03,0.0,15.774844,-1.0172739,1991
15068,r4i1p1f1,1991,04,04,0.0,18.7256,1.6719476,1991
15069,r4i1p1f1,1991,04,05,0.0,17.989998,3.0397534,1991
15070,r4i1p1f1,1991,04,06,0.0,15.883149,-0.3338159,1991
15071,r4i1p1f1,1991,04,07,0.0,16.148224,0.030342827,1991
15072,r4i1p1f1,1991,04,08,0.0,14.920282,0.03846133,1991
15073,r4i1p1f1,1991,04,09,0.0,14.165778,1.4248167,1991
15074,r4i1p1f1,1991,04,10,0.0,13.768369,-0.5867199,1991
15075,r4i1p1f1,1991,04,11,0.0,12.46871,0.5201414,1991
15076,r4i1p1f1,1991,04,12,4.369457812718047,5.10347,-5.277933,1991
15077,r4i1p1f1,1991,04,13,13.015054665223802,3.9493961,-5.0836287,1991
15078,r4i1p1f1,1991,04,14,6.5090057397038965,0.58693045,-11.6086035,1991
15079,r4i1p1f1,1991,04,15,0.11609059037341488,9.007818,-5.7626567,1991
15080,r4i1p1f1,1991,04,16,0.0,13.199325,-2.4441023,1991
15081,r4i1p1f1,1991,04,17,0.0,12.663428,-1.6131523,1991
15082,r4i1p1f1,1991,04,18,0.0,15.415557,-0.64339787,1991
15083,r4i1p1f1,1991,04,19,0.0,15.228934,0.61162645,1991
15084,r4i1p1f1,1991,04,20,0.0,15.561893,0.15137513,1991
15085,r4i1p1f1,1991,04,21,0.0,16.504683,1.0639744,1991
15086,r4i1p1f1,1991,04,22,0.0,17.63958,1.6025088,1991
15087,r4i1p1f1,1991,04,23,0.5531606117197723,14.9872055,1.9366833,1991
15088,r4i1p1f1,1991,04,24,0.0,14.486421,1.8358771,1991
15089,r4i1p1f1,1991,04,25,0.0,14.864423,1.0313107,1991
15090,r4i1p1f1,1991,04,26,0.4670977697409958,16.495764,1.2782081,1991
15091,r4i1p1f1,1991,04,27,0.0,13.897267,1.2623192,1991
15092,r4i1p1f1,1991,04,28,0.0,13.138148,1.2207643,1991
15093,r4i1p1f1,1991,04,29,6.50175636983312,8.31466,-3.7858922,1991
15094,r4i1p1f1,1991,04,30,11.288014644026289,3.0988643,-3.5753982,1991
15095,r4i1p1f1,1991,05,01,0.0,10.376159,-4.943665,1991
15096,r4i1p1f1,1991,05,02,0.0,12.511768,-2.5349405,1991
15097,r4i1p1f1,1991,05,03,0.0,14.162124,-1.5775113,1991
15098,r4i1p1f1,1991,05,04,0.0,13.750921,1.2209095,1991
15099,r4i1p1f1,1991,05,05,0.0,15.069309,0.6791478,1991
15100,r4i1p1f1,1991,05,06,0.0,15.346969,1.1260797,1991
15101,r4i1p1f1,1991,05,07,0.0,15.923732,2.4813848,1991
15102,r4i1p1f1,1991,05,08,0.0,15.232273,3.7583506,1991
15103,r4i1p1f1,1991,05,09,0.0,13.902274,2.3665009,1991
15104,r4i1p1f1,1991,05,10,0.080748217136946,12.97098,1.9177511,1991
15105,r4i1p1f1,1991,05,11,0.3878048299856556,10.826658,-1.0415223,1991
15106,r4i1p1f1,1991,05,12,0.8036685034222003,10.802754,-0.38860896,1991
15107,r4i1p1f1,1991,05,13,0.0,8.714881,-2.8187244,1991
15108,r4i1p1f1,1991,05,14,0.0,13.804185,-0.697926,1991
15109,r4i1p1f1,1991,05,15,0.0,18.535265,3.374234,1991
15110,r4i1p1f1,1991,05,16,0.0,17.62946,3.390827,1991
15111,r4i1p1f1,1991,05,17,0.0,19.832378,4.7469616,1991
15112,r4i1p1f1,1991,05,18,0.0,20.602581,5.109937,1991
15113,r4i1p1f1,1991,05,19,6.632648015725221,18.000797,4.339605,1991
15114,r4i1p1f1,1991,05,20,7.135034216942306,12.138217,2.7753782,1991
15115,r4i1p1f1,1991,05,21,6.672098759682077,13.6163435,1.7673807,1991
15116,r4i1p1f1,1991,05,22,0.46142498207725247,15.769787,2.927298,1991
15117,r4i1p1f1,1991,05,23,0.10098140324335292,16.563831,3.4760056,1991
15118,r4i1p1f1,1991,05,24,3.9491446405173516,16.052711,2.6832376,1991
15119,r4i1p1f1,1991,05,25,2.4818210470300786,15.250498,1.2113786,1991
15120,r4i1p1f1,1991,05,26,0.0,16.6625,3.0594933,1991
15121,r4i1p1f1,1991,05,27,0.0,14.935735,3.6619608,1991
15122,r4i1p1f1,1991,05,28,0.0,16.319546,3.088738,1991
15123,r4i1p1f1,1991,05,29,0.0,18.961445,4.0985866,1991
15124,r4i1p1f1,1991,05,30,1.9038857080359608,19.887377,6.1335697,1991
15125,r4i1p1f1,1991,05,31,2.043665059976758,21.428171,6.8769283,1991
15126,r4i1p1f1,1991,06,01,0.2990810810353231,21.970722,7.150976,1991
15127,r4i1p1f1,1991,06,02,0.02078914351664416,20.164347,5.231201,1991
15128,r4i1p1f1,1991,06,03,0.0,20.966616,5.503415,1991
15129,r4i1p1f1,1991,06,04,0.03690598326460227,21.180292,5.8611465,1991
15130,r4i1p1f1,1991,06,05,0.6625825493073415,20.548204,7.226452,1991
15131,r4i1p1f1,1991,06,06,1.0327695259375063,19.037865,4.8802586,1991
15132,r4i1p1f1,1991,06,07,6.630523225405291,10.753979,0.25650796,1991
15133,r4i1p1f1,1991,06,08,0.8854232178504496,12.568862,-0.42873144,1991
15134,r4i1p1f1,1991,06,09,0.20551406122571303,16.159782,2.7271352,1991
15135,r4i1p1f1,1991,06,10,0.0,17.397535,3.0716267,1991
15136,r4i1p1f1,1991,06,11,0.0,19.822392,5.009274,1991
15137,r4i1p1f1,1991,06,12,0.3693176899500385,20.63954,7.0206113,1991
15138,r4i1p1f1,1991,06,13,0.0,20.465586,6.104675,1991
15139,r4i1p1f1,1991,06,14,0.2617082702692222,19.652405,5.820441,1991
15140,r4i1p1f1,1991,06,15,1.1394243084305755,22.016708,7.6531334,1991
15141,r4i1p1f1,1991,06,16,0.1700171910139297,18.338898,5.047005,1991
15142,r4i1p1f1,1991,06,17,0.0,20.494467,5.2794185,1991
15143,r4i1p1f1,1991,06,18,0.3233340084363788,20.04257,6.790354,1991
15144,r4i1p1f1,1991,06,19,0.0,17.149084,6.8542933,1991
15145,r4i1p1f1,1991,06,20,0.03566906343127824,16.584248,6.055773,1991
15146,r4i1p1f1,1991,06,21,0.0,14.093265,3.4565861,1991
15147,r4i1p1f1,1991,06,22,1.2107975302940066,13.572903,3.5937228,1991
15148,r4i1p1f1,1991,06,23,0.19541021826638438,11.684275,3.5578365,1991
15149,r4i1p1f1,1991,06,24,0.0,15.9046135,2.9121602,1991
15150,r4i1p1f1,1991,06,25,2.272297174367109,13.6033745,2.5770288,1991
15151,r4i1p1f1,1991,06,26,1.0083522789516883,17.034096,3.1562674,1991
15152,r4i1p1f1,1991,06,27,0.8098842211821479,20.993803,6.6869082,1991
15153,r4i1p1f1,1991,06,28,0.0,21.983706,7.1669183,1991
15154,r4i1p1f1,1991,06,29,0.0,22.218317,9.061503,1991
15155,r4i1p1f1,1991,06,30,0.0,21.65668,10.52608,1991
15156,r4i1p1f1,1991,07,01,0.0,24.426922,9.153945,1991
15157,r4i1p1f1,1991,07,02,0.0,25.948929,10.172191,1991
15158,r4i1p1f1,1991,07,03,0.3645325463655119,25.540628,11.062502,1991
15159,r4i1p1f1,1991,07,04,0.052211412621216376,25.850887,11.049884,1991
15160,r4i1p1f1,1991,07,05,0.0,25.453632,11.1220255,1991
15161,r4i1p1f1,1991,07,06,0.0,24.681583,11.204764,1991
15162,r4i1p1f1,1991,07,07,0.0,23.242413,9.71102,1991
15163,r4i1p1f1,1991,07,08,0.0,20.411201,6.998124,1991
15164,r4i1p1f1,1991,07,09,0.0,17.693462,5.536592,1991
15165,r4i1p1f1,1991,07,10,0.5805193825683618,15.03213,3.1260772,1991
15166,r4i1p1f1,1991,07,11,0.0,17.74586,1.6961756,1991
15167,r4i1p1f1,1991,07,12,0.0,24.350613,8.0936985,1991
15168,r4i1p1f1,1991,07,13,0.0,27.33099,10.548869,1991
15169,r4i1p1f1,1991,07,14,0.0,30.149681,12.510303,1991
15170,r4i1p1f1,1991,07,15,0.5433778777508891,29.667393,14.076522,1991
15171,r4i1p1f1,1991,07,16,0.4161980770386353,28.444872,13.090864,1991
15172,r4i1p1f1,1991,07,17,2.4887488102719475,27.848902,14.017639,1991
15173,r4i1p1f1,1991,07,18,3.3234441949841984,26.524527,14.745875,1991
15174,r4i1p1f1,1991,07,19,0.8661235442757238,25.749237,13.483749,1991
15175,r4i1p1f1,1991,07,20,5.594761844740253,23.91355,12.843598,1991
15176,r4i1p1f1,1991,07,21,0.48283611211453764,24.011845,10.998574,1991
15177,r4i1p1f1,1991,07,22,0.34063301160847304,24.891317,11.396069,1991
15178,r4i1p1f1,1991,07,23,0.5400632675347335,26.453154,12.475661,1991
15179,r4i1p1f1,1991,07,24,0.5938731587220119,27.506308,12.646619,1991
15180,r4i1p1f1,1991,07,25,0.3568766658061091,27.233932,13.781956,1991
15181,r4i1p1f1,1991,07,26,1.0509470519578143,27.277327,12.289585,1991
15182,r4i1p1f1,1991,07,27,0.0,28.308367,11.27354,1991
15183,r4i1p1f1,1991,07,28,0.0,28.6323,12.115076,1991
15184,r4i1p1f1,1991,07,29,0.0,28.772455,12.639679,1991
15185,r4i1p1f1,1991,07,30,0.0,28.244186,13.762714,1991
15186,r4i1p1f1,1991,07,31,0.039751132804437116,27.827307,14.218991,1991
15187,r4i1p1f1,1991,08,01,0.9363318083098535,27.593277,12.567151,1991
15188,r4i1p1f1,1991,08,02,1.3266115332188175,27.339645,13.350669,1991
15189,r4i1p1f1,1991,08,03,0.3182182859301349,26.343466,11.964874,1991
15190,r4i1p1f1,1991,08,04,0.0,24.735773,10.643424,1991
15191,r4i1p1f1,1991,08,05,0.036589826991343326,23.275066,9.124143,1991
15192,r4i1p1f1,1991,08,06,6.008514340301107,22.834517,9.809824,1991
15193,r4i1p1f1,1991,08,07,0.7430584404236432,19.452223,7.1088724,1991
15194,r4i1p1f1,1991,08,08,0.0,21.840305,5.846361,1991
15195,r4i1p1f1,1991,08,09,0.0,22.638517,7.5347147,1991
15196,r4i1p1f1,1991,08,10,0.0,23.533297,8.953755,1991
15197,r4i1p1f1,1991,08,11,0.0,22.887142,10.680276,1991
15198,r4i1p1f1,1991,08,12,0.0,22.032482,7.990681,1991
15199,r4i1p1f1,1991,08,13,0.0,25.954088,9.558563,1991
15200,r4i1p1f1,1991,08,14,0.0,28.063547,11.13963,1991
15201,r4i1p1f1,1991,08,15,0.0,29.483286,12.504169,1991
15202,r4i1p1f1,1991,08,16,0.0,29.061115,13.27601,1991
15203,r4i1p1f1,1991,08,17,0.0,27.072247,13.807368,1991
15204,r4i1p1f1,1991,08,18,0.12503107023326368,26.573063,12.162376,1991
15205,r4i1p1f1,1991,08,19,0.28397980914135124,26.698225,11.582414,1991
15206,r4i1p1f1,1991,08,20,0.22772616709158988,26.964212,11.993015,1991
15207,r4i1p1f1,1991,08,21,0.9210490573822347,26.629719,11.267853,1991
15208,r4i1p1f1,1991,08,22,0.24482978510954687,25.237282,9.449777,1991
15209,r4i1p1f1,1991,08,23,0.0,24.838127,9.899196,1991
15210,r4i1p1f1,1991,08,24,0.0,24.269464,10.848145,1991
15211,r4i1p1f1,1991,08,25,0.0,24.79655,10.04615,1991
15212,r4i1p1f1,1991,08,26,0.0,25.74094,9.610968,1991
15213,r4i1p1f1,1991,08,27,0.00579616071222291,25.527496,9.90485,1991
15214,r4i1p1f1,1991,08,28,0.241888471675865,25.27852,10.854525,1991
15215,r4i1p1f1,1991,08,29,2.8529186156501667,26.100183,10.7560625,1991
15216,r4i1p1f1,1991,08,30,0.7942912512861442,26.66584,10.615109,1991
15217,r4i1p1f1,1991,08,31,0.013179601136146206,27.19838,11.458874,1991
15218,r4i1p1f1,1991,09,01,0.0,26.806181,12.022501,1991
15219,r4i1p1f1,1991,09,02,0.0,28.657637,12.441254,1991
15220,r4i1p1f1,1991,09,03,0.0,29.1602,13.316508,1991
15221,r4i1p1f1,1991,09,04,0.0032149976833739254,28.579948,13.924444,1991
15222,r4i1p1f1,1991,09,05,0.0,26.219402,11.28792,1991
15223,r4i1p1f1,1991,09,06,0.0,23.370468,10.015978,1991
15224,r4i1p1f1,1991,09,07,0.0,22.091375,8.451355,1991
15225,r4i1p1f1,1991,09,08,0.0,20.657934,6.801324,1991
15226,r4i1p1f1,1991,09,09,0.0,18.354944,4.2001133,1991
15227,r4i1p1f1,1991,09,10,0.0,17.858297,3.0029263,1991
15228,r4i1p1f1,1991,09,11,0.0,20.923824,6.0713377,1991
15229,r4i1p1f1,1991,09,12,0.0,20.46974,5.843952,1991
15230,r4i1p1f1,1991,09,13,0.0,20.746922,5.9138627,1991
15231,r4i1p1f1,1991,09,14,0.0,19.43899,6.204197,1991
15232,r4i1p1f1,1991,09,15,0.0,15.509024,3.347162,1991
15233,r4i1p1f1,1991,09,16,0.0,15.442899,1.2310789,1991
15234,r4i1p1f1,1991,09,17,0.0,15.0692425,-0.31189495,1991
15235,r4i1p1f1,1991,09,18,0.25566230242681054,13.924894,-0.40497315,1991
15236,r4i1p1f1,1991,09,19,0.2484443582927179,12.184195,-1.5619211,1991
15237,r4i1p1f1,1991,09,20,0.0,15.305293,0.53516734,1991
15238,r4i1p1f1,1991,09,21,0.0,16.987036,2.6789258,1991
15239,r4i1p1f1,1991,09,22,0.0,16.293203,3.7268944,1991
15240,r4i1p1f1,1991,09,23,0.0,15.854492,3.8875642,1991
15241,r4i1p1f1,1991,09,24,0.0,14.685155,1.7576239,1991
15242,r4i1p1f1,1991,09,25,0.0,14.54811,-1.397093,1991
15243,r4i1p1f1,1991,09,26,0.0,13.5862055,-1.1022398,1991
15244,r4i1p1f1,1991,09,27,0.0,9.646071,-4.1047926,1991
15245,r4i1p1f1,1991,09,28,0.0,8.142273,-5.6281276,1991
15246,r4i1p1f1,1991,09,29,0.011240457496985086,10.461163,-3.7587252,1991
15247,r4i1p1f1,1991,09,30,0.0,15.367309,-1.2705095,1991
15248,r4i1p1f1,1991,10,01,0.0,18.99131,2.5112112,1991
15249,r4i1p1f1,1991,10,02,0.0,20.728848,4.495507,1991
15250,r4i1p1f1,1991,10,03,0.0,20.815159,4.6769004,1991
15251,r4i1p1f1,1991,10,04,0.0,17.391012,2.3751464,1991
15252,r4i1p1f1,1991,10,05,0.0,14.960433,2.4046495,1991
15253,r4i1p1f1,1991,10,06,0.14639836808453774,16.463793,0.9086941,1991
15254,r4i1p1f1,1991,10,07,0.0,16.448483,1.891693,1991
15255,r4i1p1f1,1991,10,08,0.0,16.477856,2.4814267,1991
15256,r4i1p1f1,1991,10,09,0.0,17.809431,2.1855893,1991
15257,r4i1p1f1,1991,10,10,0.0,17.037712,3.144256,1991
15258,r4i1p1f1,1991,10,11,0.0,16.079865,3.3953598,1991
15259,r4i1p1f1,1991,10,12,0.0022979916167673044,13.929534,0.4285412,1991
15260,r4i1p1f1,1991,10,13,4.388200887172705,12.113796,0.8556487,1991
15261,r4i1p1f1,1991,10,14,8.614944144849016,8.275573,-3.315003,1991
15262,r4i1p1f1,1991,10,15,0.05563069089486191,7.84024,-4.0632725,1991
15263,r4i1p1f1,1991,10,16,1.5441989682235895,7.8176684,-2.4152787,1991
15264,r4i1p1f1,1991,10,17,0.0,3.419182,-8.693389,1991
15265,r4i1p1f1,1991,10,18,0.0,4.157221,-8.737902,1991
15266,r4i1p1f1,1991,10,19,0.0,6.618652,-7.6773467,1991
15267,r4i1p1f1,1991,10,20,0.0,7.272737,-6.855996,1991
15268,r4i1p1f1,1991,10,21,0.0,6.661857,-6.6025915,1991
15269,r4i1p1f1,1991,10,22,0.0,7.4545097,-5.3148656,1991
15270,r4i1p1f1,1991,10,23,0.0,9.352205,-5.130014,1991
15271,r4i1p1f1,1991,10,24,0.0,9.572772,-4.6264825,1991
15272,r4i1p1f1,1991,10,25,0.0,10.690021,-3.464167,1991
15273,r4i1p1f1,1991,10,26,0.0,9.115367,-3.8621488,1991
15274,r4i1p1f1,1991,10,27,0.0,11.715759,-3.6016023,1991
15275,r4i1p1f1,1991,10,28,0.0,10.413986,-3.1098444,1991
15276,r4i1p1f1,1991,10,29,0.0,9.387296,-3.9464073,1991
15277,r4i1p1f1,1991,10,30,0.010517232116876482,8.335372,-4.5622706,1991
15278,r4i1p1f1,1991,10,31,0.0,9.922221,-3.9939656,1991
15279,r4i1p1f1,1991,11,01,0.0,12.00984,-2.32761,1991
15280,r4i1p1f1,1991,11,02,0.0,11.399424,-1.6897207,1991
15281,r4i1p1f1,1991,11,03,0.0005749888535472037,9.105062,-3.001553,1991
15282,r4i1p1f1,1991,11,04,0.0,10.398718,-2.9334645,1991
15283,r4i1p1f1,1991,11,05,0.0,13.077861,-2.1798685,1991
15284,r4i1p1f1,1991,11,06,0.0,10.969377,-1.9656932,1991
15285,r4i1p1f1,1991,11,07,0.0,14.799092,-1.0012069,1991
15286,r4i1p1f1,1991,11,08,0.0,13.269242,-1.4400616,1991
15287,r4i1p1f1,1991,11,09,0.0,12.083564,-2.0834508,1991
15288,r4i1p1f1,1991,11,10,0.0,13.170053,-2.7902756,1991
15289,r4i1p1f1,1991,11,11,0.0,12.476353,-2.521221,1991
15290,r4i1p1f1,1991,11,12,0.0,10.335207,-1.4362136,1991
15291,r4i1p1f1,1991,11,13,0.0,10.642131,-2.1008534,1991
15292,r4i1p1f1,1991,11,14,0.0,9.962257,-3.3523426,1991
15293,r4i1p1f1,1991,11,15,0.8143164929396545,9.916468,-2.689134,1991
15294,r4i1p1f1,1991,11,16,0.0,9.583335,-3.8156679,1991
15295,r4i1p1f1,1991,11,17,0.0,10.834667,-3.638931,1991
15296,r4i1p1f1,1991,11,18,0.0,11.343148,-2.8891013,1991
15297,r4i1p1f1,1991,11,19,0.0,9.339613,-0.37365666,1991
15298,r4i1p1f1,1991,11,20,8.95595662626364,5.9917755,-3.326975,1991
15299,r4i1p1f1,1991,11,21,0.15638292627325148,5.8294716,-5.827598,1991
15300,r4i1p1f1,1991,11,22,1.7148538117694176,4.323695,-7.4740257,1991
15301,r4i1p1f1,1991,11,23,0.31711217414348586,6.762926,-5.436125,1991
15302,r4i1p1f1,1991,11,24,0.9102741724235706,8.233257,-4.806878,1991
15303,r4i1p1f1,1991,11,25,24.463268218201698,8.222755,-1.785996,1991
15304,r4i1p1f1,1991,11,26,13.2127161901834,4.9553585,-2.6793747,1991
15305,r4i1p1f1,1991,11,27,5.42090778502191,4.3417473,-3.215283,1991
15306,r4i1p1f1,1991,11,28,0.0,8.953605,-6.783288,1991
15307,r4i1p1f1,1991,11,29,0.0,9.120237,-4.767945,1991
15308,r4i1p1f1,1991,11,30,0.0,12.337276,-5.1618185,1991
15309,r4i1p1f1,1991,12,01,0.0,11.275971,-3.356782,1991
15310,r4i1p1f1,1991,12,02,0.0,9.82263,-4.592139,1991
15311,r4i1p1f1,1991,12,03,0.0,7.530793,-3.4262333,1991
15312,r4i1p1f1,1991,12,04,1.0525906455073066,3.2292774,-4.707787,1991
15313,r4i1p1f1,1991,12,05,0.0,7.213166,-5.510911,1991
15314,r4i1p1f1,1991,12,06,0.0,8.566345,-4.82431,1991
15315,r4i1p1f1,1991,12,07,0.001049097348215286,8.500669,-3.1998298,1991
15316,r4i1p1f1,1991,12,08,1.2005256934744508,6.911235,-4.538462,1991
15317,r4i1p1f1,1991,12,09,0.7724149950028806,6.2057724,-1.495627,1991
15318,r4i1p1f1,1991,12,10,4.633954436095785,6.789456,0.086244196,1991
15319,r4i1p1f1,1991,12,11,0.735708383133617,7.772729,-0.7298145,1991
15320,r4i1p1f1,1991,12,12,2.022597827829186,6.5838094,-1.831844,1991
15321,r4i1p1f1,1991,12,13,5.773652523449976,5.625817,-2.397214,1991
15322,r4i1p1f1,1991,12,14,0.0,8.092237,-4.0570884,1991
15323,r4i1p1f1,1991,12,15,23.90954416209402,5.4453726,-1.4542372,1991
15324,r4i1p1f1,1991,12,16,28.38588499156463,3.6784828,-5.1335173,1991
15325,r4i1p1f1,1991,12,17,0.037142085369752206,2.9584858,-8.239378,1991
15326,r4i1p1f1,1991,12,18,0.857720231990687,3.7561693,-6.421523,1991
15327,r4i1p1f1,1991,12,19,0.0,2.496488,-8.48399,1991
15328,r4i1p1f1,1991,12,20,0.0,1.9380105,-10.526175,1991
15329,r4i1p1f1,1991,12,21,0.0,5.5082183,-7.2807407,1991
15330,r4i1p1f1,1991,12,22,0.2430036364246225,6.9828577,-4.7446194,1991
15331,r4i1p1f1,1991,12,23,0.0,8.928985,-3.114453,1991
15332,r4i1p1f1,1991,12,24,0.0,9.992175,-2.4898176,1991
15333,r4i1p1f1,1991,12,25,0.0,12.32089,-1.9416261,1991
15334,r4i1p1f1,1991,12,26,0.0,12.59603,-1.1690814,1991
15335,r4i1p1f1,1991,12,27,0.0,13.872732,-1.0073898,1991
15336,r4i1p1f1,1991,12,28,0.0,14.479023,0.26909435,1991
15337,r4i1p1f1,1991,12,29,0.0,10.319797,-1.076768,1991
15338,r4i1p1f1,1991,12,30,7.774308382673611,10.264025,-1.0479845,1991
15339,r4i1p1f1,1991,12,31,0.5240384251002024,6.120504,-0.74827254,1991
15340,r4i1p1f1,1992,01,01,6.418490559090513,6.194726,-2.0344343,1992
15341,r4i1p1f1,1992,01,02,12.695731348342292,5.6016984,-2.8421464,1992
15342,r4i1p1f1,1992,01,03,24.114184272665177,1.6448528,-4.680546,1992
15343,r4i1p1f1,1992,01,04,7.666874330093646,4.8196,-6.094381,1992
15344,r4i1p1f1,1992,01,05,33.84026089067912,6.72416,-3.1623557,1992
15345,r4i1p1f1,1992,01,06,11.288076764809144,5.185541,-3.8804185,1992
15346,r4i1p1f1,1992,01,07,0.0,7.944754,-6.4355183,1992
15347,r4i1p1f1,1992,01,08,0.0,11.224897,-2.3097954,1992
15348,r4i1p1f1,1992,01,09,0.0,11.02669,0.0876237,1992
15349,r4i1p1f1,1992,01,10,0.0,10.348264,-1.834658,1992
15350,r4i1p1f1,1992,01,11,0.0,8.610926,-2.308262,1992
15351,r4i1p1f1,1992,01,12,0.0,7.512315,-5.536747,1992
15352,r4i1p1f1,1992,01,13,0.0,9.508136,-5.0135508,1992
15353,r4i1p1f1,1992,01,14,0.0,9.173998,-3.0716856,1992
15354,r4i1p1f1,1992,01,15,0.0,9.497475,-2.8496325,1992
15355,r4i1p1f1,1992,01,16,0.0,9.019624,-3.0457146,1992
15356,r4i1p1f1,1992,01,17,15.801560317536993,5.388607,-2.5273,1992
15357,r4i1p1f1,1992,01,18,3.7709406332170268,2.1076055,-8.268637,1992
15358,r4i1p1f1,1992,01,19,15.272683765300933,0.6487085,-6.4407825,1992
15359,r4i1p1f1,1992,01,20,0.34607429789498817,1.3367075,-9.674776,1992
15360,r4i1p1f1,1992,01,21,1.4998431973809474,0.64631253,-9.487535,1992
15361,r4i1p1f1,1992,01,22,12.822300761579104,3.8106387,-4.7247486,1992
15362,r4i1p1f1,1992,01,23,0.0,10.834557,-2.8738067,1992
15363,r4i1p1f1,1992,01,24,0.0,10.165382,-2.4231899,1992
15364,r4i1p1f1,1992,01,25,0.0,7.2032204,-1.4321471,1992
15365,r4i1p1f1,1992,01,26,0.0,8.914285,-4.8438096,1992
15366,r4i1p1f1,1992,01,27,2.024706095121,5.5530877,-2.4978766,1992
15367,r4i1p1f1,1992,01,28,0.0,7.064684,-4.860771,1992
15368,r4i1p1f1,1992,01,29,0.0,8.919951,-4.0848703,1992
15369,r4i1p1f1,1992,01,30,0.0,12.535875,-2.7858226,1992
15370,r4i1p1f1,1992,01,31,0.0,14.699329,-0.6570615,1992
15371,r4i1p1f1,1992,02,01,0.0,13.9632225,-0.11951195,1992
15372,r4i1p1f1,1992,02,02,0.0,12.277739,0.42537618,1992
15373,r4i1p1f1,1992,02,03,0.21908057489979177,4.9798408,-5.0246763,1992
15374,r4i1p1f1,1992,02,04,0.0,7.187616,-6.2943707,1992
15375,r4i1p1f1,1992,02,05,0.0,9.72013,-4.7202115,1992
15376,r4i1p1f1,1992,02,06,0.0,11.555607,-4.149762,1992
15377,r4i1p1f1,1992,02,07,0.0,11.430503,-0.9279149,1992
15378,r4i1p1f1,1992,02,08,0.0,12.181978,-1.8655113,1992
15379,r4i1p1f1,1992,02,09,0.0,11.026658,-1.491205,1992
15380,r4i1p1f1,1992,02,10,0.007533828220691013,7.9766273,-2.7599256,1992
15381,r4i1p1f1,1992,02,11,9.165995667516823,4.3242517,-3.160222,1992
15382,r4i1p1f1,1992,02,12,1.750319905165694,4.4537487,-5.072038,1992
15383,r4i1p1f1,1992,02,13,0.007995736850552024,6.840057,-4.1230984,1992
15384,r4i1p1f1,1992,02,14,0.0,9.846838,-3.6856728,1992
15385,r4i1p1f1,1992,02,15,0.09399131145629198,9.700203,-3.7075474,1992
15386,r4i1p1f1,1992,02,16,1.1082801078562756,11.419965,-1.1421168,1992
15387,r4i1p1f1,1992,02,17,0.0,12.06017,-0.22014545,1992
15388,r4i1p1f1,1992,02,18,0.0,11.034745,-1.280522,1992
15389,r4i1p1f1,1992,02,19,0.0,13.661133,-1.0517071,1992
15390,r4i1p1f1,1992,02,20,0.0,13.370076,0.6315352,1992
15391,r4i1p1f1,1992,02,21,0.7925665926355512,12.29566,0.006933635,1992
15392,r4i1p1f1,1992,02,22,0.0,11.407318,-2.0489802,1992
15393,r4i1p1f1,1992,02,23,0.0,11.025191,-2.359173,1992
15394,r4i1p1f1,1992,02,24,3.8854750819171477,6.9910774,-3.479453,1992
15395,r4i1p1f1,1992,02,25,31.77365455312899,2.4061902,-4.851063,1992
15396,r4i1p1f1,1992,02,26,14.603875287478196,0.114881836,-9.933661,1992
15397,r4i1p1f1,1992,02,27,9.911367819448026,1.1689367,-7.199454,1992
15398,r4i1p1f1,1992,02,28,0.0,4.915487,-9.046114,1992
15399,r4i1p1f1,1992,02,29,5.006040198070248,2.7397268,-6.930532,1992
15400,r4i1p1f1,1992,03,01,75.8067902432527,1.8634917,-4.106709,1992
15401,r4i1p1f1,1992,03,02,138.9887371226909,1.7024137,-1.7378922,1992
15402,r4i1p1f1,1992,03,03,84.11059653390687,5.8554964,-2.010398,1992
15403,r4i1p1f1,1992,03,04,79.97166349434576,5.1408415,-1.0532873,1992
15404,r4i1p1f1,1992,03,05,14.532193602914806,2.1975384,-8.662837,1992
15405,r4i1p1f1,1992,03,06,0.06679699270790064,5.719346,-6.0994706,1992
15406,r4i1p1f1,1992,03,07,5.459694301479599,2.036082,-10.622735,1992
15407,r4i1p1f1,1992,03,08,0.0,8.006145,-6.598975,1992
15408,r4i1p1f1,1992,03,09,0.0,11.444264,-4.5837097,1992
15409,r4i1p1f1,1992,03,10,0.0,10.701998,-4.3752413,1992
15410,r4i1p1f1,1992,03,11,0.0,10.056572,-4.374146,1992
15411,r4i1p1f1,1992,03,12,0.9119624555537217,7.799093,-4.887807,1992
15412,r4i1p1f1,1992,03,13,2.348289834507304,5.1431565,-6.491829,1992
15413,r4i1p1f1,1992,03,14,3.0277400092199147,3.6110358,-9.036279,1992
15414,r4i1p1f1,1992,03,15,0.036853496396147156,8.66794,-4.7458506,1992
15415,r4i1p1f1,1992,03,16,2.1018882879924936,5.4881597,-4.9935904,1992
15416,r4i1p1f1,1992,03,17,0.0,6.4531064,-8.519004,1992
15417,r4i1p1f1,1992,03,18,0.0,7.8019996,-7.0238295,1992
15418,r4i1p1f1,1992,03,19,0.0,8.241534,-7.1648555,1992
15419,r4i1p1f1,1992,03,20,0.0,8.733865,-4.931042,1992
15420,r4i1p1f1,1992,03,21,2.639117267608526,5.514201,-5.288967,1992
15421,r4i1p1f1,1992,03,22,3.1671340255186857,5.0317307,-5.574937,1992
15422,r4i1p1f1,1992,03,23,0.014555851205376428,9.503605,-5.16428,1992
15423,r4i1p1f1,1992,03,24,0.10783531820852987,9.249966,-3.131325,1992
15424,r4i1p1f1,1992,03,25,1.4590273648746706,9.799234,-2.748664,1992
15425,r4i1p1f1,1992,03,26,3.0091161438334013,7.642474,-5.9427776,1992
15426,r4i1p1f1,1992,03,27,3.0158338167745664,6.108374,-3.4073784,1992
15427,r4i1p1f1,1992,03,28,3.414093303623855,5.947321,-4.238014,1992
15428,r4i1p1f1,1992,03,29,7.056736635870318,3.631893,-4.4609814,1992
15429,r4i1p1f1,1992,03,30,0.0,11.619859,-4.5586877,1992
15430,r4i1p1f1,1992,03,31,0.30979455989001004,8.677057,-1.056796,1992
15431,r4i1p1f1,1992,04,01,3.9473604175339982,5.2287035,-5.953381,1992
15432,r4i1p1f1,1992,04,02,1.925923839668664,6.424264,-6.3949056,1992
15433,r4i1p1f1,1992,04,03,0.0,9.555136,-3.0215054,1992
15434,r4i1p1f1,1992,04,04,0.0,13.260039,-2.118922,1992
15435,r4i1p1f1,1992,04,05,0.0,12.996362,-1.7797736,1992
15436,r4i1p1f1,1992,04,06,0.10553150297948781,12.276661,-1.576717,1992
15437,r4i1p1f1,1992,04,07,0.0,11.192577,-2.937217,1992
15438,r4i1p1f1,1992,04,08,1.0957690928615407,10.309061,-3.417264,1992
15439,r4i1p1f1,1992,04,09,8.712877427639727,7.416343,-4.394372,1992
15440,r4i1p1f1,1992,04,10,10.860741404040581,4.211472,-3.6499274,1992
15441,r4i1p1f1,1992,04,11,0.026456143191497514,12.228293,-4.1423135,1992
15442,r4i1p1f1,1992,04,12,0.0,10.851862,-3.4950843,1992
15443,r4i1p1f1,1992,04,13,0.0,13.283532,0.6082707,1992
15444,r4i1p1f1,1992,04,14,0.4721911776967861,13.190598,-0.52454424,1992
15445,r4i1p1f1,1992,04,15,0.012204788878878233,14.75638,-0.5981139,1992
15446,r4i1p1f1,1992,04,16,3.66680736942438,12.061394,-1.8846413,1992
15447,r4i1p1f1,1992,04,17,0.30109823268692837,4.698487,-5.2419477,1992
15448,r4i1p1f1,1992,04,18,0.0,9.421315,-5.466043,1992
15449,r4i1p1f1,1992,04,19,0.0,11.70298,-2.4381838,1992
15450,r4i1p1f1,1992,04,20,0.0,15.530149,-0.8688121,1992
15451,r4i1p1f1,1992,04,21,0.0,17.50709,1.7001979,1992
15452,r4i1p1f1,1992,04,22,0.0,16.42765,3.1483507,1992
15453,r4i1p1f1,1992,04,23,21.754929876509145,10.326037,0.06882798,1992
15454,r4i1p1f1,1992,04,24,1.723020753940558,6.9860535,-5.506692,1992
15455,r4i1p1f1,1992,04,25,0.0,12.224771,-3.279141,1992
15456,r4i1p1f1,1992,04,26,0.0,13.595844,-1.8340876,1992
15457,r4i1p1f1,1992,04,27,0.0,16.064898,0.20456727,1992
15458,r4i1p1f1,1992,04,28,0.0,17.577467,3.2996867,1992
15459,r4i1p1f1,1992,04,29,0.0,17.047958,3.5258374,1992
15460,r4i1p1f1,1992,04,30,0.0,11.973635,-0.110996366,1992
15461,r4i1p1f1,1992,05,01,0.0,12.674607,-0.8053175,1992
15462,r4i1p1f1,1992,05,02,0.0,10.644475,0.2898164,1992
15463,r4i1p1f1,1992,05,03,0.0,13.574251,-0.9442656,1992
15464,r4i1p1f1,1992,05,04,0.0,13.904704,-0.41892758,1992
15465,r4i1p1f1,1992,05,05,0.0,14.886877,-0.057499535,1992
15466,r4i1p1f1,1992,05,06,0.0,14.498981,2.6306899,1992
15467,r4i1p1f1,1992,05,07,0.0809520318995154,12.193806,1.0700005,1992
15468,r4i1p1f1,1992,05,08,8.006571643254656,6.4358144,-2.8469703,1992
15469,r4i1p1f1,1992,05,09,0.22124492553298727,9.49793,-4.227541,1992
15470,r4i1p1f1,1992,05,10,0.0,11.954855,-1.7932664,1992
15471,r4i1p1f1,1992,05,11,0.0,11.055204,-1.4323695,1992
15472,r4i1p1f1,1992,05,12,0.0,12.621899,-1.3478326,1992
15473,r4i1p1f1,1992,05,13,0.0,14.619562,0.13351385,1992
15474,r4i1p1f1,1992,05,14,0.0,15.748032,1.682137,1992
15475,r4i1p1f1,1992,05,15,0.0,16.62648,1.9527032,1992
15476,r4i1p1f1,1992,05,16,0.0,16.76827,2.7969847,1992
15477,r4i1p1f1,1992,05,17,0.0,15.833623,1.9828585,1992
15478,r4i1p1f1,1992,05,18,0.0,15.786634,2.429177,1992
15479,r4i1p1f1,1992,05,19,0.0,17.564903,3.3291435,1992
15480,r4i1p1f1,1992,05,20,0.0,19.24091,3.996481,1992
15481,r4i1p1f1,1992,05,21,0.0,20.103178,4.915009,1992
15482,r4i1p1f1,1992,05,22,0.0,20.293156,5.7145195,1992
15483,r4i1p1f1,1992,05,23,0.0,20.934652,5.6608396,1992
15484,r4i1p1f1,1992,05,24,2.1411732855846917,20.08509,6.319853,1992
15485,r4i1p1f1,1992,05,25,0.9290912383262593,18.207369,5.102508,1992
15486,r4i1p1f1,1992,05,26,0.005073537040639846,16.733494,4.3448377,1992
15487,r4i1p1f1,1992,05,27,41.51645288094183,7.815457,-0.2162131,1992
15488,r4i1p1f1,1992,05,28,0.0,16.563967,2.6755726,1992
15489,r4i1p1f1,1992,05,29,0.0,18.363977,3.9170008,1992
15490,r4i1p1f1,1992,05,30,0.0,16.595366,3.5001314,1992
15491,r4i1p1f1,1992,05,31,1.0889160017565835,13.47546,0.59072036,1992
15492,r4i1p1f1,1992,06,01,0.27701540022577953,8.713189,-0.3955201,1992
15493,r4i1p1f1,1992,06,02,0.0,14.748519,1.3984987,1992
15494,r4i1p1f1,1992,06,03,0.0,14.6502,1.2164671,1992
15495,r4i1p1f1,1992,06,04,0.005369640481700421,13.867773,2.3376696,1992
15496,r4i1p1f1,1992,06,05,0.061261894737635804,13.381005,1.2902777,1992
15497,r4i1p1f1,1992,06,06,0.06070956647916862,11.680534,2.7417057,1992
15498,r4i1p1f1,1992,06,07,0.0,11.948689,-0.48532194,1992
15499,r4i1p1f1,1992,06,08,0.1441507737569214,11.760574,0.6872202,1992
15500,r4i1p1f1,1992,06,09,4.059237258259114,5.182119,-4.1254425,1992
15501,r4i1p1f1,1992,06,10,2.3279298235286565,9.615222,-3.879121,1992
15502,r4i1p1f1,1992,06,11,0.0,13.5277195,0.29002658,1992
15503,r4i1p1f1,1992,06,12,0.6373797904642623,12.800013,1.0566857,1992
15504,r4i1p1f1,1992,06,13,0.0,12.499573,-1.4521478,1992
15505,r4i1p1f1,1992,06,14,1.0012281884138243,11.322226,0.21926051,1992
15506,r4i1p1f1,1992,06,15,0.29531991886824677,14.519407,0.811696,1992
15507,r4i1p1f1,1992,06,16,0.8858518901512046,17.322397,2.0584135,1992
15508,r4i1p1f1,1992,06,17,0.9487930337352704,17.53916,2.5213926,1992
15509,r4i1p1f1,1992,06,18,0.8852631478265931,17.053082,2.3826418,1992
15510,r4i1p1f1,1992,06,19,0.3985620644682996,18.714645,3.8624492,1992
15511,r4i1p1f1,1992,06,20,4.406555609375779,18.55064,4.8044024,1992
15512,r4i1p1f1,1992,06,21,5.00929895277468,20.693586,6.254794,1992
15513,r4i1p1f1,1992,06,22,7.204165395148155,19.210304,6.1624804,1992
15514,r4i1p1f1,1992,06,23,0.0,19.158737,4.955501,1992
15515,r4i1p1f1,1992,06,24,0.0,23.174286,7.121812,1992
15516,r4i1p1f1,1992,06,25,0.0,24.505037,7.7031536,1992
15517,r4i1p1f1,1992,06,26,0.0,25.405592,8.825158,1992
15518,r4i1p1f1,1992,06,27,0.009601466053237136,22.892572,8.589508,1992
15519,r4i1p1f1,1992,06,28,0.050659615223030495,21.698915,7.549153,1992
15520,r4i1p1f1,1992,06,29,0.46645940415249354,21.018068,7.4247313,1992
15521,r4i1p1f1,1992,06,30,1.0494502738662848,22.909824,9.258192,1992
15522,r4i1p1f1,1992,07,01,1.2740726597998655,23.472084,8.727367,1992
15523,r4i1p1f1,1992,07,02,1.0277369396110636,23.283537,9.610491,1992
15524,r4i1p1f1,1992,07,03,0.2509609763776542,22.204535,8.146823,1992
15525,r4i1p1f1,1992,07,04,0.0,23.002892,6.032276,1992
15526,r4i1p1f1,1992,07,05,0.0,22.515865,7.630658,1992
15527,r4i1p1f1,1992,07,06,0.0,21.894415,7.574979,1992
15528,r4i1p1f1,1992,07,07,0.0,24.592339,6.6321373,1992
15529,r4i1p1f1,1992,07,08,0.0025613083878407734,24.9293,9.363561,1992
15530,r4i1p1f1,1992,07,09,0.01886534668943461,25.945902,9.290759,1992
15531,r4i1p1f1,1992,07,10,0.0,25.888685,9.625288,1992
15532,r4i1p1f1,1992,07,11,0.0,25.361597,9.0861225,1992
15533,r4i1p1f1,1992,07,12,0.0,25.997437,8.835547,1992
15534,r4i1p1f1,1992,07,13,0.0,29.574175,10.440069,1992
15535,r4i1p1f1,1992,07,14,0.0,28.948116,12.1091,1992
15536,r4i1p1f1,1992,07,15,0.0,26.715149,10.823097,1992
15537,r4i1p1f1,1992,07,16,0.016853966203948054,25.258549,11.464469,1992
15538,r4i1p1f1,1992,07,17,0.0,23.98654,10.017929,1992
15539,r4i1p1f1,1992,07,18,0.0,23.656162,7.9280334,1992
15540,r4i1p1f1,1992,07,19,0.0,23.46341,9.1941805,1992
15541,r4i1p1f1,1992,07,20,0.0,23.03822,7.9074945,1992
15542,r4i1p1f1,1992,07,21,0.0,23.577154,9.0329,1992
15543,r4i1p1f1,1992,07,22,0.0,23.156055,9.38422,1992
15544,r4i1p1f1,1992,07,23,0.0,21.056961,7.0109186,1992
15545,r4i1p1f1,1992,07,24,0.0,23.151464,7.51649,1992
15546,r4i1p1f1,1992,07,25,0.0,25.644934,8.943477,1992
15547,r4i1p1f1,1992,07,26,0.0,26.648035,10.351867,1992
15548,r4i1p1f1,1992,07,27,0.009256660933917119,26.30877,11.037876,1992
15549,r4i1p1f1,1992,07,28,0.7905907089640524,27.984678,12.091422,1992
15550,r4i1p1f1,1992,07,29,0.15301117522564844,27.860104,12.754369,1992
15551,r4i1p1f1,1992,07,30,1.6236168630679277,27.840982,14.158996,1992
15552,r4i1p1f1,1992,07,31,0.0,25.642036,12.370774,1992
15553,r4i1p1f1,1992,08,01,0.13519039743664404,25.181082,10.826465,1992
15554,r4i1p1f1,1992,08,02,2.9934399856225617,22.624294,11.627587,1992
15555,r4i1p1f1,1992,08,03,1.333273834619609,23.689562,9.355921,1992
15556,r4i1p1f1,1992,08,04,0.0470988924417021,25.177227,9.64804,1992
15557,r4i1p1f1,1992,08,05,0.017531232395297868,27.305048,10.814363,1992
15558,r4i1p1f1,1992,08,06,0.05896542832619886,28.301105,11.632637,1992
15559,r4i1p1f1,1992,08,07,0.005377237262953351,28.007574,11.928988,1992
15560,r4i1p1f1,1992,08,08,0.0,27.523266,12.710184,1992
15561,r4i1p1f1,1992,08,09,0.0,25.27961,10.4481325,1992
15562,r4i1p1f1,1992,08,10,0.0,22.372969,6.666692,1992
15563,r4i1p1f1,1992,08,11,0.0,21.711075,6.9760046,1992
15564,r4i1p1f1,1992,08,12,0.0,22.067308,5.996869,1992
15565,r4i1p1f1,1992,08,13,0.0,24.18227,7.2093205,1992
15566,r4i1p1f1,1992,08,14,0.0,25.178488,8.388108,1992
15567,r4i1p1f1,1992,08,15,0.0,24.743946,8.52416,1992
15568,r4i1p1f1,1992,08,16,0.0,24.207972,8.953034,1992
15569,r4i1p1f1,1992,08,17,0.0,22.88457,8.258508,1992
15570,r4i1p1f1,1992,08,18,0.0,22.474981,7.394462,1992
15571,r4i1p1f1,1992,08,19,0.0,23.237732,7.2329307,1992
15572,r4i1p1f1,1992,08,20,0.0,23.13439,8.523447,1992
15573,r4i1p1f1,1992,08,21,0.01415016771041263,24.573519,9.621076,1992
15574,r4i1p1f1,1992,08,22,0.5794458106436453,24.465696,9.197071,1992
15575,r4i1p1f1,1992,08,23,0.32204901658978874,23.849987,8.446654,1992
15576,r4i1p1f1,1992,08,24,0.0030553329546885288,22.863672,7.760332,1992
15577,r4i1p1f1,1992,08,25,0.0,21.836025,6.2345366,1992
15578,r4i1p1f1,1992,08,26,0.0,20.252066,4.912448,1992
15579,r4i1p1f1,1992,08,27,0.0,19.186487,3.8710225,1992
15580,r4i1p1f1,1992,08,28,0.0,23.430206,6.431297,1992
15581,r4i1p1f1,1992,08,29,0.0,24.138353,8.621218,1992
15582,r4i1p1f1,1992,08,30,0.0010956887353835332,24.146437,8.620563,1992
15583,r4i1p1f1,1992,08,31,0.08626236084559448,25.98338,8.747703,1992
15584,r4i1p1f1,1992,09,01,0.10692426740988348,26.24168,9.57627,1992
15585,r4i1p1f1,1992,09,02,0.32917718717191535,25.145233,10.241935,1992
15586,r4i1p1f1,1992,09,03,5.659777258439974,23.683674,9.551641,1992
15587,r4i1p1f1,1992,09,04,0.0,20.357584,7.445138,1992
15588,r4i1p1f1,1992,09,05,0.0,19.162823,5.2831993,1992
15589,r4i1p1f1,1992,09,06,0.11168728631681961,14.119602,1.2339984,1992
15590,r4i1p1f1,1992,09,07,0.0,18.930384,2.4960043,1992
15591,r4i1p1f1,1992,09,08,0.0,22.184282,5.4713616,1992
15592,r4i1p1f1,1992,09,09,0.0,22.475399,7.310958,1992
15593,r4i1p1f1,1992,09,10,0.0,21.999506,8.758148,1992
15594,r4i1p1f1,1992,09,11,0.0,18.31593,4.9564195,1992
15595,r4i1p1f1,1992,09,12,0.0,17.18677,2.74415,1992
15596,r4i1p1f1,1992,09,13,0.0,20.850615,6.615779,1992
15597,r4i1p1f1,1992,09,14,0.0,23.364197,8.574844,1992
15598,r4i1p1f1,1992,09,15,0.47214095319105165,21.964102,9.742621,1992
15599,r4i1p1f1,1992,09,16,0.0,20.672647,8.987447,1992
15600,r4i1p1f1,1992,09,17,0.0,21.72973,7.4052024,1992
15601,r4i1p1f1,1992,09,18,0.0,23.672033,7.09603,1992
15602,r4i1p1f1,1992,09,19,0.0,24.11313,7.459247,1992
15603,r4i1p1f1,1992,09,20,0.0,24.938711,8.662579,1992
15604,r4i1p1f1,1992,09,21,0.0,24.804325,9.601512,1992
15605,r4i1p1f1,1992,09,22,0.0,23.296595,8.540447,1992
15606,r4i1p1f1,1992,09,23,0.0,21.12886,5.4005437,1992
15607,r4i1p1f1,1992,09,24,0.0,19.024973,4.2324157,1992
15608,r4i1p1f1,1992,09,25,0.0,16.034388,1.0477592,1992
15609,r4i1p1f1,1992,09,26,0.0,14.321236,0.43212602,1992
15610,r4i1p1f1,1992,09,27,0.0,10.814839,-2.5014782,1992
15611,r4i1p1f1,1992,09,28,0.0,6.6400013,-5.8211837,1992
15612,r4i1p1f1,1992,09,29,0.0,6.750369,-7.2910585,1992
15613,r4i1p1f1,1992,09,30,0.0,7.799028,-5.3047404,1992
15614,r4i1p1f1,1992,10,01,0.0,7.016428,-6.2203145,1992
15615,r4i1p1f1,1992,10,02,0.6761995245393353,4.1300054,-6.7370076,1992
15616,r4i1p1f1,1992,10,03,4.588008197270728,-1.5968539,-9.295106,1992
15617,r4i1p1f1,1992,10,04,5.318037847435466,3.2100897,-6.9857516,1992
15618,r4i1p1f1,1992,10,05,0.0,6.673371,-8.146848,1992
15619,r4i1p1f1,1992,10,06,0.0,9.162063,-6.4046865,1992
15620,r4i1p1f1,1992,10,07,0.0,11.824796,-3.351953,1992
15621,r4i1p1f1,1992,10,08,0.0,11.313753,-2.4518988,1992
15622,r4i1p1f1,1992,10,09,0.0,12.250137,-4.078348,1992
15623,r4i1p1f1,1992,10,10,0.0,12.708335,-3.362213,1992
15624,r4i1p1f1,1992,10,11,0.0,13.359642,-1.3476548,1992
15625,r4i1p1f1,1992,10,12,0.0,14.9119835,0.35278141,1992
15626,r4i1p1f1,1992,10,13,0.0,17.314157,1.1982726,1992
15627,r4i1p1f1,1992,10,14,0.0,17.418795,0.59045666,1992
15628,r4i1p1f1,1992,10,15,0.0,18.73401,1.7269572,1992
15629,r4i1p1f1,1992,10,16,0.0,19.856136,2.9390252,1992
15630,r4i1p1f1,1992,10,17,0.0,20.567457,4.864386,1992
15631,r4i1p1f1,1992,10,18,0.0,19.913223,4.992438,1992
15632,r4i1p1f1,1992,10,19,0.0,22.003666,5.439587,1992
15633,r4i1p1f1,1992,10,20,0.0,20.388147,6.34421,1992
15634,r4i1p1f1,1992,10,21,0.0,20.324787,4.5643725,1992
15635,r4i1p1f1,1992,10,22,0.0,19.04816,4.4777284,1992
15636,r4i1p1f1,1992,10,23,0.0,17.830843,3.2885222,1992
15637,r4i1p1f1,1992,10,24,0.0,18.25748,2.775001,1992
15638,r4i1p1f1,1992,10,25,0.0,17.516817,2.2951748,1992
15639,r4i1p1f1,1992,10,26,0.0,15.575427,2.3774693,1992
15640,r4i1p1f1,1992,10,27,0.0,11.975735,0.15799081,1992
15641,r4i1p1f1,1992,10,28,0.0,12.947712,-0.42420602,1992
15642,r4i1p1f1,1992,10,29,0.4725607816254108,11.149944,-1.6050984,1992
15643,r4i1p1f1,1992,10,30,5.735134727584158,3.559271,-4.681971,1992
15644,r4i1p1f1,1992,10,31,0.15425006183426895,2.8543456,-7.8549232,1992
15645,r4i1p1f1,1992,11,01,0.0,4.858988,-8.477753,1992
15646,r4i1p1f1,1992,11,02,0.0,8.009976,-6.3896832,1992
15647,r4i1p1f1,1992,11,03,0.0,7.3520412,-6.925418,1992
15648,r4i1p1f1,1992,11,04,0.0,6.5391965,-7.585027,1992
15649,r4i1p1f1,1992,11,05,0.0,5.871541,-6.8878026,1992
15650,r4i1p1f1,1992,11,06,0.0,10.298051,-5.1859927,1992
15651,r4i1p1f1,1992,11,07,0.0,12.399235,-4.3091464,1992
15652,r4i1p1f1,1992,11,08,0.0,10.439326,-3.4712136,1992
15653,r4i1p1f1,1992,11,09,0.0,11.061128,-4.2667885,1992
15654,r4i1p1f1,1992,11,10,0.0,12.001194,-2.3676834,1992
15655,r4i1p1f1,1992,11,11,0.0,10.153185,-2.1168656,1992
15656,r4i1p1f1,1992,11,12,0.0,6.8790946,-4.2405553,1992
15657,r4i1p1f1,1992,11,13,1.8973630725931427,5.2969875,-6.770791,1992
15658,r4i1p1f1,1992,11,14,1.7473813428551277,1.2504413,-7.841738,1992
15659,r4i1p1f1,1992,11,15,0.0,4.82663,-10.237486,1992
15660,r4i1p1f1,1992,11,16,10.883311891735518,4.120664,-6.737402,1992
15661,r4i1p1f1,1992,11,17,2.1097201534951338,-0.8552958,-10.247103,1992
15662,r4i1p1f1,1992,11,18,0.0,0.92438567,-13.765314,1992
15663,r4i1p1f1,1992,11,19,0.0,0.75780743,-15.578225,1992
15664,r4i1p1f1,1992,11,20,0.0,5.064885,-12.547676,1992
15665,r4i1p1f1,1992,11,21,0.0,5.8838916,-10.387703,1992
15666,r4i1p1f1,1992,11,22,0.04340726263269074,3.7936273,-8.102416,1992
15667,r4i1p1f1,1992,11,23,0.0,0.1547199,-12.513848,1992
15668,r4i1p1f1,1992,11,24,0.0,2.5743876,-11.627979,1992
15669,r4i1p1f1,1992,11,25,0.2508578112331004,-1.9243386,-13.577398,1992
15670,r4i1p1f1,1992,11,26,0.0,-3.1193883,-17.204649,1992
15671,r4i1p1f1,1992,11,27,0.0,-0.08861801,-14.026193,1992
15672,r4i1p1f1,1992,11,28,0.0,1.0831327,-14.943002,1992
15673,r4i1p1f1,1992,11,29,0.0,4.663801,-12.364828,1992
15674,r4i1p1f1,1992,11,30,0.0,2.3106158,-10.816477,1992
15675,r4i1p1f1,1992,12,01,0.0,-2.9101164,-14.65834,1992
15676,r4i1p1f1,1992,12,02,0.0,1.3289124,-14.136007,1992
15677,r4i1p1f1,1992,12,03,0.0,4.539039,-10.572033,1992
15678,r4i1p1f1,1992,12,04,0.0,6.132068,-8.302361,1992
15679,r4i1p1f1,1992,12,05,0.0,7.0233736,-7.43341,1992
15680,r4i1p1f1,1992,12,06,2.7565949047368523,4.4032273,-7.278872,1992
15681,r4i1p1f1,1992,12,07,3.3626792194121977,1.2313436,-6.554719,1992
15682,r4i1p1f1,1992,12,08,2.100406095932532,3.710297,-6.509159,1992
15683,r4i1p1f1,1992,12,09,0.0,6.1273556,-7.7257967,1992
15684,r4i1p1f1,1992,12,10,0.0,5.483234,-8.118275,1992
15685,r4i1p1f1,1992,12,11,0.0,7.218416,-6.2408733,1992
15686,r4i1p1f1,1992,12,12,0.0,9.2922,-5.0507874,1992
15687,r4i1p1f1,1992,12,13,0.0,10.069364,-5.6113825,1992
15688,r4i1p1f1,1992,12,14,0.0,8.99391,-1.9101132,1992
15689,r4i1p1f1,1992,12,15,0.0,5.7571635,-6.9725327,1992
15690,r4i1p1f1,1992,12,16,0.0,7.8784876,-4.9896097,1992
15691,r4i1p1f1,1992,12,17,0.0,6.094351,-5.1575017,1992
15692,r4i1p1f1,1992,12,18,0.0,3.9253328,-8.87128,1992
15693,r4i1p1f1,1992,12,19,0.0,5.0557303,-6.965635,1992
15694,r4i1p1f1,1992,12,20,0.0,6.6457744,-5.657355,1992
15695,r4i1p1f1,1992,12,21,0.0,8.315802,-5.35488,1992
15696,r4i1p1f1,1992,12,22,0.0,10.355812,-4.439362,1992
15697,r4i1p1f1,1992,12,23,0.0,9.846079,-3.3281286,1992
15698,r4i1p1f1,1992,12,24,0.06950198805160616,7.539627,-3.9107075,1992
15699,r4i1p1f1,1992,12,25,0.0,6.432888,-5.0126057,1992
15700,r4i1p1f1,1992,12,26,0.28362872483933343,5.0590296,-3.6369877,1992
15701,r4i1p1f1,1992,12,27,4.3220418820409705,1.2021455,-9.500865,1992
15702,r4i1p1f1,1992,12,28,0.0,6.1636415,-7.5800776,1992
15703,r4i1p1f1,1992,12,29,0.0,8.323719,-3.7190478,1992
15704,r4i1p1f1,1992,12,30,0.0,8.433379,-4.9190636,1992
15705,r4i1p1f1,1992,12,31,0.0,6.432824,-5.5044584,1992
15706,r4i1p1f1,1993,01,01,0.0,8.268149,-5.3863697,1993
15707,r4i1p1f1,1993,01,02,0.0,9.125315,-4.7846723,1993
15708,r4i1p1f1,1993,01,03,0.0,8.058048,-4.5561934,1993
15709,r4i1p1f1,1993,01,04,0.0,11.077858,-3.668753,1993
15710,r4i1p1f1,1993,01,05,0.0,10.118722,-2.5519898,1993
15711,r4i1p1f1,1993,01,06,0.0,7.8062086,-6.806389,1993
15712,r4i1p1f1,1993,01,07,0.0,4.7524166,-6.305497,1993
15713,r4i1p1f1,1993,01,08,0.5852886219894143,-0.38189504,-12.300779,1993
15714,r4i1p1f1,1993,01,09,0.0,0.95170337,-13.656912,1993
15715,r4i1p1f1,1993,01,10,0.0,3.2903402,-10.145078,1993
15716,r4i1p1f1,1993,01,11,0.8653598362411377,1.8962322,-9.817094,1993
15717,r4i1p1f1,1993,01,12,12.835124438566396,6.6315155,-5.563134,1993
15718,r4i1p1f1,1993,01,13,31.377280104275354,6.378122,-2.3498535,1993
15719,r4i1p1f1,1993,01,14,50.515162872942796,6.135955,0.09420197,1993
15720,r4i1p1f1,1993,01,15,32.619513831906254,4.9161725,-1.5598222,1993
15721,r4i1p1f1,1993,01,16,2.1923705426980136,6.461676,-1.413832,1993
15722,r4i1p1f1,1993,01,17,2.85252106149203,6.2175503,-1.3934431,1993
15723,r4i1p1f1,1993,01,18,40.00673675509296,5.2606263,-2.107425,1993
15724,r4i1p1f1,1993,01,19,2.181308835778966,3.618071,-7.844762,1993
15725,r4i1p1f1,1993,01,20,1.5366107822178308,2.3459976,-6.749261,1993
15726,r4i1p1f1,1993,01,21,0.0,5.352248,-6.5274277,1993
15727,r4i1p1f1,1993,01,22,0.0,5.652208,-5.7892427,1993
15728,r4i1p1f1,1993,01,23,2.78448125491401,4.9947233,-6.2906675,1993
15729,r4i1p1f1,1993,01,24,9.025028924603511,7.1651597,-2.7721663,1993
15730,r4i1p1f1,1993,01,25,1.4425946121947282,8.915276,1.3190006,1993
15731,r4i1p1f1,1993,01,26,1.6577632747855175,12.131885,-0.7015068,1993
15732,r4i1p1f1,1993,01,27,0.0,12.46951,-0.9123191,1993
15733,r4i1p1f1,1993,01,28,0.0,12.288178,0.9128942,1993
15734,r4i1p1f1,1993,01,29,5.112763560079175,8.517548,0.38251415,1993
15735,r4i1p1f1,1993,01,30,1.9566931879541711,8.46087,-0.9955081,1993
15736,r4i1p1f1,1993,01,31,11.265122794021527,6.574106,-2.2522228,1993
15737,r4i1p1f1,1993,02,01,0.0,9.3317995,-4.2559,1993
15738,r4i1p1f1,1993,02,02,0.3900221324135901,9.089247,-3.8654952,1993
15739,r4i1p1f1,1993,02,03,0.0,11.344172,-4.690615,1993
15740,r4i1p1f1,1993,02,04,0.0,11.366336,-1.5895944,1993
15741,r4i1p1f1,1993,02,05,3.4087643234357627,8.019157,-0.912622,1993
15742,r4i1p1f1,1993,02,06,24.277273706704108,5.9077134,-1.8345755,1993
15743,r4i1p1f1,1993,02,07,4.245894395825832,8.676435,-0.34719166,1993
15744,r4i1p1f1,1993,02,08,0.0,12.333483,1.2321012,1993
15745,r4i1p1f1,1993,02,09,5.792449644623995,8.9021435,-1.3579329,1993
15746,r4i1p1f1,1993,02,10,20.995214984149616,5.13551,-3.5232368,1993
15747,r4i1p1f1,1993,02,11,31.40903039555154,3.7713397,-4.988989,1993
15748,r4i1p1f1,1993,02,12,4.838010669389989,2.9024427,-7.9031773,1993
15749,r4i1p1f1,1993,02,13,8.314871629013952,2.6878362,-8.63764,1993
15750,r4i1p1f1,1993,02,14,27.13249926550137,2.3048418,-3.6816583,1993
15751,r4i1p1f1,1993,02,15,31.336585196826558,3.9027193,-3.0481863,1993
15752,r4i1p1f1,1993,02,16,0.8504788925486483,5.176842,-2.8699195,1993
15753,r4i1p1f1,1993,02,17,2.5036309267249317,4.6473584,-4.1121035,1993
15754,r4i1p1f1,1993,02,18,0.0,6.744734,-4.4808726,1993
15755,r4i1p1f1,1993,02,19,0.16140114723088309,5.961602,-3.2650418,1993
15756,r4i1p1f1,1993,02,20,6.374175271802377,5.167964,-3.1066124,1993
15757,r4i1p1f1,1993,02,21,12.663414853343706,2.2362037,-4.654407,1993
15758,r4i1p1f1,1993,02,22,32.06057204249656,1.7087454,-6.4792457,1993
15759,r4i1p1f1,1993,02,23,30.2770542025111,-0.032205366,-6.292699,1993
15760,r4i1p1f1,1993,02,24,0.007212062564370859,4.0711045,-7.5148277,1993
15761,r4i1p1f1,1993,02,25,0.0,9.971674,-4.634118,1993
15762,r4i1p1f1,1993,02,26,0.0,11.169429,-3.1975365,1993
15763,r4i1p1f1,1993,02,27,0.0,9.125489,-2.761037,1993
15764,r4i1p1f1,1993,02,28,0.4471906912326075,6.594161,-3.7029433,1993
15765,r4i1p1f1,1993,03,01,4.125917310706246,0.45189518,-6.672467,1993
15766,r4i1p1f1,1993,03,02,0.0,4.5904326,-8.975029,1993
15767,r4i1p1f1,1993,03,03,0.0,7.671088,-6.853668,1993
15768,r4i1p1f1,1993,03,04,18.36138240407259,2.944228,-5.0172615,1993
15769,r4i1p1f1,1993,03,05,0.0,9.503201,-5.7367473,1993
15770,r4i1p1f1,1993,03,06,0.0,10.425235,-2.25511,1993
15771,r4i1p1f1,1993,03,07,55.31681480172735,6.3285265,-4.6279707,1993
15772,r4i1p1f1,1993,03,08,0.0,8.834354,-4.419845,1993
15773,r4i1p1f1,1993,03,09,11.003798713934728,4.655415,-5.2605176,1993
15774,r4i1p1f1,1993,03,10,26.58484427572325,3.987824,-6.6755548,1993
15775,r4i1p1f1,1993,03,11,6.496127597650258,0.39656323,-8.946119,1993
15776,r4i1p1f1,1993,03,12,4.796587369814689,1.06883,-10.804472,1993
15777,r4i1p1f1,1993,03,13,0.0,7.91546,-6.7273417,1993
15778,r4i1p1f1,1993,03,14,12.519864821769676,4.772051,-4.9135833,1993
15779,r4i1p1f1,1993,03,15,5.543077039615889,1.0400388,-8.7928705,1993
15780,r4i1p1f1,1993,03,16,0.0,6.2052946,-6.4850616,1993
15781,r4i1p1f1,1993,03,17,0.0,9.17849,-5.9292016,1993
15782,r4i1p1f1,1993,03,18,4.83118000709477,4.8372793,-3.9488006,1993
15783,r4i1p1f1,1993,03,19,17.373653760125094,6.967453,-5.0662737,1993
15784,r4i1p1f1,1993,03,20,3.0690571727537064,7.286464,-1.7364141,1993
15785,r4i1p1f1,1993,03,21,21.41940955868585,5.3474746,-6.705349,1993
15786,r4i1p1f1,1993,03,22,3.7753990821843773,3.0281093,-6.1677947,1993
15787,r4i1p1f1,1993,03,23,4.43923286041424,2.1190763,-3.6647646,1993
15788,r4i1p1f1,1993,03,24,1.0924961845952097,5.5700417,-3.0139327,1993
15789,r4i1p1f1,1993,03,25,2.830061191029289,5.290961,-7.2820883,1993
15790,r4i1p1f1,1993,03,26,14.545450043714157,4.4693613,-6.087136,1993
15791,r4i1p1f1,1993,03,27,0.0,9.362473,-5.442563,1993
15792,r4i1p1f1,1993,03,28,0.0,11.663482,-4.333537,1993
15793,r4i1p1f1,1993,03,29,0.0,12.492431,-3.0240564,1993
15794,r4i1p1f1,1993,03,30,0.0,11.891523,-2.531935,1993
15795,r4i1p1f1,1993,03,31,0.0,12.463915,-3.361626,1993
15796,r4i1p1f1,1993,04,01,0.0,14.473189,-1.5626599,1993
15797,r4i1p1f1,1993,04,02,0.0,12.572059,-0.41867384,1993
15798,r4i1p1f1,1993,04,03,0.0,13.312881,-0.81238765,1993
15799,r4i1p1f1,1993,04,04,0.15392083921792557,11.271438,-0.2758916,1993
15800,r4i1p1f1,1993,04,05,1.9673678300303157,9.051315,-1.1047382,1993
15801,r4i1p1f1,1993,04,06,31.796965726684963,3.0394611,-7.6598597,1993
15802,r4i1p1f1,1993,04,07,9.50635027226176,0.1537296,-7.2530103,1993
15803,r4i1p1f1,1993,04,08,5.367502394590998,3.3658895,-4.9853425,1993
15804,r4i1p1f1,1993,04,09,9.311874300595457,4.3988185,-3.7214935,1993
15805,r4i1p1f1,1993,04,10,0.0,10.209091,-3.3758695,1993
15806,r4i1p1f1,1993,04,11,0.0,12.504072,-1.0969627,1993
15807,r4i1p1f1,1993,04,12,4.998405251838477,8.8958845,-3.2060845,1993
15808,r4i1p1f1,1993,04,13,18.285275233395364,-0.930339,-7.426865,1993
15809,r4i1p1f1,1993,04,14,4.028869326340425,-0.16140816,-8.066217,1993
15810,r4i1p1f1,1993,04,15,7.910692219135702,-2.2534637,-11.407351,1993
15811,r4i1p1f1,1993,04,16,0.0,0.2733367,-9.895776,1993
15812,r4i1p1f1,1993,04,17,0.0,6.5485873,-8.788648,1993
15813,r4i1p1f1,1993,04,18,0.0,10.070038,-5.82136,1993
15814,r4i1p1f1,1993,04,19,0.0,10.598335,-3.5932794,1993
15815,r4i1p1f1,1993,04,20,0.0,13.420422,-2.1736348,1993
15816,r4i1p1f1,1993,04,21,0.0,14.976586,0.6175896,1993
15817,r4i1p1f1,1993,04,22,3.8526798463616165,11.645464,0.16296111,1993
15818,r4i1p1f1,1993,04,23,0.0,14.65669,0.077590734,1993
15819,r4i1p1f1,1993,04,24,0.0,12.253779,1.6463419,1993
15820,r4i1p1f1,1993,04,25,0.0,11.794531,-2.209539,1993
15821,r4i1p1f1,1993,04,26,0.0,14.393912,-0.4102668,1993
15822,r4i1p1f1,1993,04,27,0.0,13.595744,0.06572147,1993
15823,r4i1p1f1,1993,04,28,0.2960956430283103,10.588297,-0.15146855,1993
15824,r4i1p1f1,1993,04,29,0.0,9.441946,-3.9500039,1993
15825,r4i1p1f1,1993,04,30,1.1380407902074838,7.0610003,-4.98567,1993
15826,r4i1p1f1,1993,05,01,0.0,14.219692,-1.931626,1993
15827,r4i1p1f1,1993,05,02,0.0,18.2745,2.2856271,1993
15828,r4i1p1f1,1993,05,03,0.0,18.52511,3.0624466,1993
15829,r4i1p1f1,1993,05,04,0.0,18.629349,4.144717,1993
15830,r4i1p1f1,1993,05,05,0.0,17.755192,3.103514,1993
15831,r4i1p1f1,1993,05,06,0.0,15.224901,2.1426063,1993
15832,r4i1p1f1,1993,05,07,0.0,13.835966,-0.81628335,1993
15833,r4i1p1f1,1993,05,08,0.0,12.573997,0.029445251,1993
15834,r4i1p1f1,1993,05,09,0.0,12.22578,-1.9021571,1993
15835,r4i1p1f1,1993,05,10,0.16865526143426832,11.094194,-1.4057431,1993
15836,r4i1p1f1,1993,05,11,0.7680492192154581,8.891969,-4.3244185,1993
15837,r4i1p1f1,1993,05,12,0.0,12.521109,-1.3372369,1993
15838,r4i1p1f1,1993,05,13,0.8174903592515468,10.895797,-1.3074139,1993
15839,r4i1p1f1,1993,05,14,0.0,9.3474245,-3.365848,1993
15840,r4i1p1f1,1993,05,15,1.3787390425685322,5.9738293,-3.9440155,1993
15841,r4i1p1f1,1993,05,16,0.540999290392783,4.733949,-3.0542715,1993
15842,r4i1p1f1,1993,05,17,0.0,12.294904,-2.6115494,1993
15843,r4i1p1f1,1993,05,18,0.0,15.558588,0.07905682,1993
15844,r4i1p1f1,1993,05,19,0.0,16.03027,2.0933466,1993
15845,r4i1p1f1,1993,05,20,2.4601741069860648,12.544175,-1.1753299,1993
15846,r4i1p1f1,1993,05,21,10.761399502835419,8.703653,-0.49544528,1993
15847,r4i1p1f1,1993,05,22,0.0,10.965709,1.2960296,1993
15848,r4i1p1f1,1993,05,23,0.0,13.276896,0.94020826,1993
15849,r4i1p1f1,1993,05,24,0.5801348523303974,14.325128,0.39568388,1993
15850,r4i1p1f1,1993,05,25,10.201186565275366,11.728857,-1.1639111,1993
15851,r4i1p1f1,1993,05,26,0.8882451479880791,12.352346,0.34678864,1993
15852,r4i1p1f1,1993,05,27,0.19960170756599854,13.7676325,-0.13122241,1993
15853,r4i1p1f1,1993,05,28,0.0,17.14271,1.8981586,1993
15854,r4i1p1f1,1993,05,29,0.0,18.135542,3.0479603,1993
15855,r4i1p1f1,1993,05,30,0.0,18.085625,5.1948094,1993
15856,r4i1p1f1,1993,05,31,0.0,17.716137,5.3090568,1993
15857,r4i1p1f1,1993,06,01,0.0,19.743021,4.53246,1993
15858,r4i1p1f1,1993,06,02,1.9210553321857938e-05,20.961811,4.8248887,1993
15859,r4i1p1f1,1993,06,03,3.559184069090571,21.337551,6.237966,1993
15860,r4i1p1f1,1993,06,04,0.0,20.303928,4.915359,1993
15861,r4i1p1f1,1993,06,05,0.0,22.628511,6.6971903,1993
15862,r4i1p1f1,1993,06,06,0.0,25.602776,8.46604,1993
15863,r4i1p1f1,1993,06,07,0.0,25.653809,10.249159,1993
15864,r4i1p1f1,1993,06,08,0.0,25.844069,10.409744,1993
15865,r4i1p1f1,1993,06,09,0.0,26.10185,9.920111,1993
15866,r4i1p1f1,1993,06,10,0.009017909231186925,24.778877,11.472271,1993
15867,r4i1p1f1,1993,06,11,0.0,18.924189,5.4021173,1993
15868,r4i1p1f1,1993,06,12,0.0,21.138279,5.612161,1993
15869,r4i1p1f1,1993,06,13,0.0,21.648083,6.3242283,1993
15870,r4i1p1f1,1993,06,14,0.0,20.81974,6.220226,1993
15871,r4i1p1f1,1993,06,15,0.0,19.40819,5.987989,1993
15872,r4i1p1f1,1993,06,16,0.0,14.561957,0.6112377,1993
15873,r4i1p1f1,1993,06,17,0.0,16.749367,0.90526587,1993
15874,r4i1p1f1,1993,06,18,0.0,16.535109,2.8416178,1993
15875,r4i1p1f1,1993,06,19,0.0,17.328697,1.3021778,1993
15876,r4i1p1f1,1993,06,20,0.028498092607928995,16.91138,4.9301105,1993
15877,r4i1p1f1,1993,06,21,0.9413910513729009,18.474112,3.7426834,1993
15878,r4i1p1f1,1993,06,22,0.0,19.880575,6.0101385,1993
15879,r4i1p1f1,1993,06,23,0.0,22.974354,7.5084486,1993
15880,r4i1p1f1,1993,06,24,0.022003968228897865,23.332926,7.9722414,1993
15881,r4i1p1f1,1993,06,25,0.24721717711054636,22.621576,8.345863,1993
15882,r4i1p1f1,1993,06,26,0.0026255160832474203,22.03636,7.3807864,1993
15883,r4i1p1f1,1993,06,27,5.25580196948984,21.248524,7.2170944,1993
15884,r4i1p1f1,1993,06,28,4.562792027412205,22.85716,8.443401,1993
15885,r4i1p1f1,1993,06,29,0.0,22.815117,8.765699,1993
15886,r4i1p1f1,1993,06,30,4.651106367579333,21.965036,8.885329,1993
15887,r4i1p1f1,1993,07,01,3.112118692458694,19.839548,6.1937313,1993
15888,r4i1p1f1,1993,07,02,0.0,21.40905,5.173084,1993
15889,r4i1p1f1,1993,07,03,0.0,22.540152,6.5238905,1993
15890,r4i1p1f1,1993,07,04,0.22587172483886556,22.350826,7.6681185,1993
15891,r4i1p1f1,1993,07,05,0.21356965149623738,24.247807,7.275571,1993
15892,r4i1p1f1,1993,07,06,0.0,24.443502,9.666187,1993
15893,r4i1p1f1,1993,07,07,3.0337036939770323,24.434547,10.096977,1993
15894,r4i1p1f1,1993,07,08,0.0987866882414439,20.835869,7.6584578,1993
15895,r4i1p1f1,1993,07,09,1.3986361141725692,23.884588,8.878938,1993
15896,r4i1p1f1,1993,07,10,1.6350057174078172,26.005999,10.01663,1993
15897,r4i1p1f1,1993,07,11,1.9793298735205749,25.90048,10.750731,1993
15898,r4i1p1f1,1993,07,12,0.24525736055228378,26.425749,10.751948,1993
15899,r4i1p1f1,1993,07,13,1.4150459518602405,26.137245,12.543965,1993
15900,r4i1p1f1,1993,07,14,0.22831606465390233,23.675177,11.269573,1993
15901,r4i1p1f1,1993,07,15,0.0,19.637314,5.50716,1993
15902,r4i1p1f1,1993,07,16,0.8563187836768944,13.964112,2.3225539,1993
15903,r4i1p1f1,1993,07,17,0.0463000226373957,17.424894,3.108656,1993
15904,r4i1p1f1,1993,07,18,0.0,17.641119,3.6655612,1993
15905,r4i1p1f1,1993,07,19,0.0,18.911451,3.889423,1993
15906,r4i1p1f1,1993,07,20,0.0,22.150602,6.257404,1993
15907,r4i1p1f1,1993,07,21,0.0,23.188631,8.263702,1993
15908,r4i1p1f1,1993,07,22,0.0,25.415232,9.14063,1993
15909,r4i1p1f1,1993,07,23,0.0,26.060627,9.980589,1993
15910,r4i1p1f1,1993,07,24,2.0582751667305326,25.40184,10.527599,1993
15911,r4i1p1f1,1993,07,25,0.27727239820175137,25.426586,10.334912,1993
15912,r4i1p1f1,1993,07,26,0.04125033926410491,25.404755,12.283963,1993
15913,r4i1p1f1,1993,07,27,0.06460138007669765,25.788912,11.318686,1993
15914,r4i1p1f1,1993,07,28,0.0,25.199232,10.483151,1993
15915,r4i1p1f1,1993,07,29,0.0,23.880388,9.138636,1993
15916,r4i1p1f1,1993,07,30,0.0,23.656794,8.0094795,1993
15917,r4i1p1f1,1993,07,31,0.0,24.04372,7.952728,1993
15918,r4i1p1f1,1993,08,01,0.0,24.17894,8.059533,1993
15919,r4i1p1f1,1993,08,02,0.0,24.989313,8.170219,1993
15920,r4i1p1f1,1993,08,03,0.0,24.466173,8.640322,1993
15921,r4i1p1f1,1993,08,04,0.0,23.725737,7.5559983,1993
15922,r4i1p1f1,1993,08,05,0.0,22.966282,6.9519486,1993
15923,r4i1p1f1,1993,08,06,0.0,23.491993,7.3928246,1993
15924,r4i1p1f1,1993,08,07,0.0,24.672874,8.116882,1993
15925,r4i1p1f1,1993,08,08,0.0,25.702719,9.194796,1993
15926,r4i1p1f1,1993,08,09,0.0,26.88853,9.818292,1993
15927,r4i1p1f1,1993,08,10,0.0,26.387686,10.379749,1993
15928,r4i1p1f1,1993,08,11,0.0,24.865625,8.799929,1993
15929,r4i1p1f1,1993,08,12,0.0,22.627237,8.279877,1993
15930,r4i1p1f1,1993,08,13,0.0,20.46802,6.0970273,1993
15931,r4i1p1f1,1993,08,14,0.0,18.28916,3.0133183,1993
15932,r4i1p1f1,1993,08,15,0.0,20.938286,3.9071515,1993
15933,r4i1p1f1,1993,08,16,0.0,25.174553,7.3758855,1993
15934,r4i1p1f1,1993,08,17,0.0,23.929747,8.112537,1993
15935,r4i1p1f1,1993,08,18,0.0,23.298376,7.767836,1993
15936,r4i1p1f1,1993,08,19,0.0,25.622156,8.863482,1993
15937,r4i1p1f1,1993,08,20,0.0,26.947294,10.263793,1993
15938,r4i1p1f1,1993,08,21,0.0,26.636211,11.305218,1993
15939,r4i1p1f1,1993,08,22,0.0,26.101627,9.569523,1993
15940,r4i1p1f1,1993,08,23,0.0,25.050798,9.008291,1993
15941,r4i1p1f1,1993,08,24,0.0,23.69633,6.9156704,1993
15942,r4i1p1f1,1993,08,25,0.0,23.32274,7.679976,1993
15943,r4i1p1f1,1993,08,26,0.0,22.772247,6.6051116,1993
15944,r4i1p1f1,1993,08,27,0.0,22.011972,7.213819,1993
15945,r4i1p1f1,1993,08,28,0.0,23.606268,7.0939965,1993
15946,r4i1p1f1,1993,08,29,0.004603004262664637,24.865067,8.19788,1993
15947,r4i1p1f1,1993,08,30,0.0,24.07742,9.461523,1993
15948,r4i1p1f1,1993,08,31,0.0,23.685278,8.905555,1993
15949,r4i1p1f1,1993,09,01,0.0,22.37133,7.2475877,1993
15950,r4i1p1f1,1993,09,02,0.0,21.569405,5.9173236,1993
15951,r4i1p1f1,1993,09,03,0.0,19.679144,4.397361,1993
15952,r4i1p1f1,1993,09,04,0.0,19.776337,4.351564,1993
15953,r4i1p1f1,1993,09,05,0.0,18.303736,4.1043925,1993
15954,r4i1p1f1,1993,09,06,0.0,16.248337,1.7803019,1993
15955,r4i1p1f1,1993,09,07,3.20337590644376,9.757759,0.49690473,1993
15956,r4i1p1f1,1993,09,08,0.11377430128729071,9.013749,-2.85822,1993
15957,r4i1p1f1,1993,09,09,0.0,13.002794,-0.2221235,1993
15958,r4i1p1f1,1993,09,10,0.0,13.918972,-0.49827114,1993
15959,r4i1p1f1,1993,09,11,0.0,13.997689,-1.1746056,1993
15960,r4i1p1f1,1993,09,12,0.0,14.359817,-1.1264231,1993
15961,r4i1p1f1,1993,09,13,0.023865655051380746,12.094039,0.60160375,1993
15962,r4i1p1f1,1993,09,14,0.8370399051363663,6.940828,-2.7046397,1993
15963,r4i1p1f1,1993,09,15,0.0,12.698048,-3.1943192,1993
15964,r4i1p1f1,1993,09,16,0.0,15.745087,0.12299702,1993
15965,r4i1p1f1,1993,09,17,0.0,20.515812,3.2919922,1993
15966,r4i1p1f1,1993,09,18,0.0,24.433943,6.466941,1993
15967,r4i1p1f1,1993,09,19,0.0,25.489178,7.7494793,1993
15968,r4i1p1f1,1993,09,20,0.0,23.911453,9.205992,1993
15969,r4i1p1f1,1993,09,21,0.13170035943987873,19.43889,6.9234314,1993
15970,r4i1p1f1,1993,09,22,0.9900783390071514,17.875252,8.068654,1993
15971,r4i1p1f1,1993,09,23,20.8044358990861,21.093216,10.917099,1993
15972,r4i1p1f1,1993,09,24,66.45425349137876,14.789928,7.5118375,1993
15973,r4i1p1f1,1993,09,25,1.6433560534306497,14.483103,3.8059866,1993
15974,r4i1p1f1,1993,09,26,0.10991607060240069,15.852225,4.5354376,1993
15975,r4i1p1f1,1993,09,27,0.0,17.822685,4.883729,1993
15976,r4i1p1f1,1993,09,28,0.05631736121811389,16.21131,4.591497,1993
15977,r4i1p1f1,1993,09,29,0.08837396957978977,11.565138,2.532859,1993
15978,r4i1p1f1,1993,09,30,1.042908065073583,11.144785,0.4751823,1993
15979,r4i1p1f1,1993,10,01,0.0,14.505616,0.98158604,1993
15980,r4i1p1f1,1993,10,02,0.0,12.8869705,0.96819824,1993
15981,r4i1p1f1,1993,10,03,0.0,12.844315,0.18305272,1993
15982,r4i1p1f1,1993,10,04,0.0,13.363248,0.12540315,1993
15983,r4i1p1f1,1993,10,05,0.0,15.750029,0.88949686,1993
15984,r4i1p1f1,1993,10,06,0.0,18.619432,2.23129,1993
15985,r4i1p1f1,1993,10,07,0.0,19.841263,4.343541,1993
15986,r4i1p1f1,1993,10,08,0.0,21.674572,4.618038,1993
15987,r4i1p1f1,1993,10,09,0.0,21.908197,4.493019,1993
15988,r4i1p1f1,1993,10,10,0.0,21.5587,4.855368,1993
15989,r4i1p1f1,1993,10,11,0.0,19.256792,3.8258855,1993
15990,r4i1p1f1,1993,10,12,0.0,14.948269,4.016993,1993
15991,r4i1p1f1,1993,10,13,0.0,13.953989,-2.3670683,1993
15992,r4i1p1f1,1993,10,14,0.0,12.362702,-1.221287,1993
15993,r4i1p1f1,1993,10,15,0.0,15.475438,-0.1767833,1993
15994,r4i1p1f1,1993,10,16,0.0,18.665834,1.7987232,1993
15995,r4i1p1f1,1993,10,17,0.0,20.142715,3.9265807,1993
15996,r4i1p1f1,1993,10,18,0.0,18.434202,2.382221,1993
15997,r4i1p1f1,1993,10,19,0.0,14.3055525,2.7836385,1993
15998,r4i1p1f1,1993,10,20,0.0,10.928778,-3.4401286,1993
15999,r4i1p1f1,1993,10,21,0.0,12.085036,-1.5960431,1993
16000,r4i1p1f1,1993,10,22,0.0,14.058727,-1.5262007,1993
16001,r4i1p1f1,1993,10,23,0.0,13.069145,0.74110395,1993
16002,r4i1p1f1,1993,10,24,4.8641844292104,13.624727,3.1099367,1993
16003,r4i1p1f1,1993,10,25,0.1268599985422339,6.5265946,-5.0870943,1993
16004,r4i1p1f1,1993,10,26,0.0,5.212142,-6.54881,1993
16005,r4i1p1f1,1993,10,27,0.0,3.555942,-8.849739,1993
16006,r4i1p1f1,1993,10,28,0.0,7.0547714,-5.920299,1993
16007,r4i1p1f1,1993,10,29,0.5201700274112918,8.859934,-3.5498924,1993
16008,r4i1p1f1,1993,10,30,49.441579093617214,9.250894,-2.6330142,1993
16009,r4i1p1f1,1993,10,31,9.118782898292105,-2.235367,-11.038262,1993
16010,r4i1p1f1,1993,11,01,1.0796173045841546,4.81657,-9.102301,1993
16011,r4i1p1f1,1993,11,02,0.0,9.315041,-6.1162634,1993
16012,r4i1p1f1,1993,11,03,0.0,12.507855,-4.6292872,1993
16013,r4i1p1f1,1993,11,04,0.0,12.524338,-3.6859891,1993
16014,r4i1p1f1,1993,11,05,1.3992883485358987,10.92356,-1.5085028,1993
16015,r4i1p1f1,1993,11,06,0.025296405988125915,8.734764,-6.690011,1993
16016,r4i1p1f1,1993,11,07,0.0,9.081328,-6.8581076,1993
16017,r4i1p1f1,1993,11,08,0.0,10.910391,-4.311824,1993
16018,r4i1p1f1,1993,11,09,0.0,10.068514,-4.6336145,1993
16019,r4i1p1f1,1993,11,10,0.0,9.736395,-5.1115623,1993
16020,r4i1p1f1,1993,11,11,0.0,7.4288216,-3.8025544,1993
16021,r4i1p1f1,1993,11,12,0.0,9.376974,-4.281798,1993
16022,r4i1p1f1,1993,11,13,0.7402344803086548,9.400124,-1.5490513,1993
16023,r4i1p1f1,1993,11,14,0.0003773301363236806,6.601601,-4.9643846,1993
16024,r4i1p1f1,1993,11,15,0.0,5.669866,-6.3504744,1993
16025,r4i1p1f1,1993,11,16,0.0,5.4651265,-3.6866717,1993
16026,r4i1p1f1,1993,11,17,7.051659840056662,4.7187004,-4.62027,1993
16027,r4i1p1f1,1993,11,18,0.0,6.832705,-5.8131933,1993
16028,r4i1p1f1,1993,11,19,0.0,8.314255,-6.7832975,1993
16029,r4i1p1f1,1993,11,20,2.5123996681579057,6.1845984,-5.946932,1993
16030,r4i1p1f1,1993,11,21,30.045353496822262,2.8217218,-4.559076,1993
16031,r4i1p1f1,1993,11,22,0.006980586210181473,5.1684437,-9.584639,1993
16032,r4i1p1f1,1993,11,23,0.0,7.1412816,-6.847087,1993
16033,r4i1p1f1,1993,11,24,4.043389805346992,4.7167134,-2.0088818,1993
16034,r4i1p1f1,1993,11,25,37.90025464295962,2.560947,-6.243936,1993
16035,r4i1p1f1,1993,11,26,0.0,1.3792716,-14.162152,1993
16036,r4i1p1f1,1993,11,27,25.777721403501676,-0.79664934,-10.323714,1993
16037,r4i1p1f1,1993,11,28,36.80699029105096,0.36514497,-5.6555185,1993
16038,r4i1p1f1,1993,11,29,7.0545795416961585,0.3733522,-6.6350856,1993
16039,r4i1p1f1,1993,11,30,30.483906287847432,-0.18443367,-6.331225,1993
16040,r4i1p1f1,1993,12,01,0.790669846402244,0.75109714,-8.550227,1993
16041,r4i1p1f1,1993,12,02,0.0,1.6757953,-10.055142,1993
16042,r4i1p1f1,1993,12,03,1.4943804993289966,-2.9516904,-13.186237,1993
16043,r4i1p1f1,1993,12,04,0.0,-0.20731246,-13.962358,1993
16044,r4i1p1f1,1993,12,05,0.0,2.6937163,-10.303292,1993
16045,r4i1p1f1,1993,12,06,0.0,6.314195,-7.2527,1993
16046,r4i1p1f1,1993,12,07,0.0,8.795694,-4.848685,1993
16047,r4i1p1f1,1993,12,08,0.0,10.216152,-4.080807,1993
16048,r4i1p1f1,1993,12,09,0.0,9.481436,-3.3545876,1993
16049,r4i1p1f1,1993,12,10,0.0,11.759293,-1.4809573,1993
16050,r4i1p1f1,1993,12,11,0.0,13.152062,-1.413916,1993
16051,r4i1p1f1,1993,12,12,0.0,12.579216,-1.8899219,1993
16052,r4i1p1f1,1993,12,13,0.0,10.531767,-0.55821353,1993
16053,r4i1p1f1,1993,12,14,0.976702310771753,8.207692,-2.0244377,1993
16054,r4i1p1f1,1993,12,15,2.0994169643412888,3.6892567,-3.3850782,1993
16055,r4i1p1f1,1993,12,16,0.0,5.909955,-6.2645655,1993
16056,r4i1p1f1,1993,12,17,0.0,3.7844896,-6.2464066,1993
16057,r4i1p1f1,1993,12,18,0.0,1.1345896,-10.762312,1993
16058,r4i1p1f1,1993,12,19,0.0,4.0183406,-7.5613465,1993
16059,r4i1p1f1,1993,12,20,11.025963697373884,0.0026113933,-7.6854434,1993
16060,r4i1p1f1,1993,12,21,70.36972108351834,5.4089537,-3.454491,1993
16061,r4i1p1f1,1993,12,22,36.065776506649556,4.0297365,-3.3869915,1993
16062,r4i1p1f1,1993,12,23,0.12890100986138409,5.888673,-2.195013,1993
16063,r4i1p1f1,1993,12,24,0.0,7.318032,-3.998007,1993
16064,r4i1p1f1,1993,12,25,20.650218800816482,3.4711232,-4.39238,1993
16065,r4i1p1f1,1993,12,26,0.0,2.6312973,-8.248604,1993
16066,r4i1p1f1,1993,12,27,0.026003937878302505,1.6459196,-8.630651,1993
16067,r4i1p1f1,1993,12,28,3.1361948571577973,-0.87887263,-10.776545,1993
16068,r4i1p1f1,1993,12,29,14.088593146182193,-2.2663481,-7.2203584,1993
16069,r4i1p1f1,1993,12,30,1.1147938353639402,2.1674142,-5.641319,1993
16070,r4i1p1f1,1993,12,31,0.0,2.4920256,-8.732127,1993
16071,r4i1p1f1,1994,01,01,1.0606147326275093,-0.40032884,-7.0589237,1994
16072,r4i1p1f1,1994,01,02,0.0,3.732784,-7.866723,1994
16073,r4i1p1f1,1994,01,03,0.0,3.8341851,-8.975208,1994
16074,r4i1p1f1,1994,01,04,0.0,3.739831,-9.213948,1994
16075,r4i1p1f1,1994,01,05,0.0,3.3471608,-9.085765,1994
16076,r4i1p1f1,1994,01,06,0.0,0.84195745,-9.697193,1994
16077,r4i1p1f1,1994,01,07,0.8008321257686344,-1.0633042,-8.275655,1994
16078,r4i1p1f1,1994,01,08,0.011555850256438002,0.07047986,-7.450121,1994
16079,r4i1p1f1,1994,01,09,4.830352533601432,-3.3513658,-9.081181,1994
16080,r4i1p1f1,1994,01,10,9.657122441128948,-1.6916361,-12.959933,1994
16081,r4i1p1f1,1994,01,11,59.437413000800895,-2.0232365,-7.980428,1994
16082,r4i1p1f1,1994,01,12,1.8275857912240552,0.24701819,-6.5529056,1994
16083,r4i1p1f1,1994,01,13,0.0,1.3509381,-11.812078,1994
16084,r4i1p1f1,1994,01,14,4.638869268668245,-3.7623472,-10.810863,1994
16085,r4i1p1f1,1994,01,15,27.978458417404646,-1.790869,-8.15975,1994
16086,r4i1p1f1,1994,01,16,18.945989662536938,1.0397129,-9.634569,1994
16087,r4i1p1f1,1994,01,17,0.0,2.6457753,-10.482311,1994
16088,r4i1p1f1,1994,01,18,0.5582289002557947,-0.55744416,-10.4207325,1994
16089,r4i1p1f1,1994,01,19,9.724415967907815,-2.1786194,-9.042776,1994
16090,r4i1p1f1,1994,01,20,0.0,1.8858187,-11.373358,1994
16091,r4i1p1f1,1994,01,21,0.0,2.2348325,-11.089594,1994
16092,r4i1p1f1,1994,01,22,0.0,2.0463355,-10.012584,1994
16093,r4i1p1f1,1994,01,23,0.0,3.7807248,-8.842353,1994
16094,r4i1p1f1,1994,01,24,0.0,3.3525727,-7.259749,1994
16095,r4i1p1f1,1994,01,25,0.0,2.2803261,-5.8712707,1994
16096,r4i1p1f1,1994,01,26,2.1336435457863145,-1.4326268,-9.6872015,1994
16097,r4i1p1f1,1994,01,27,3.500070284033888,-4.140262,-11.469115,1994
16098,r4i1p1f1,1994,01,28,6.812716658722042,-3.5921333,-11.162549,1994
16099,r4i1p1f1,1994,01,29,19.33798450819634,0.49935383,-12.205692,1994
16100,r4i1p1f1,1994,01,30,0.8570761673717535,1.9828453,-8.437485,1994
16101,r4i1p1f1,1994,01,31,0.0,4.594731,-5.093147,1994
16102,r4i1p1f1,1994,02,01,0.0,5.0871673,-6.8286057,1994
16103,r4i1p1f1,1994,02,02,37.80881491715164,0.8607903,-5.1951556,1994
16104,r4i1p1f1,1994,02,03,54.24321329240093,1.5142096,-4.979581,1994
16105,r4i1p1f1,1994,02,04,24.341997793007526,1.1930256,-6.1085243,1994
16106,r4i1p1f1,1994,02,05,30.602188471165313,-2.2713454,-7.6407332,1994
16107,r4i1p1f1,1994,02,06,0.0,1.9880394,-8.225509,1994
16108,r4i1p1f1,1994,02,07,0.0,5.5648046,-9.231145,1994
16109,r4i1p1f1,1994,02,08,1.64011662740145,5.161106,-6.0540433,1994
16110,r4i1p1f1,1994,02,09,0.0742324891417736,7.9337087,-4.2309327,1994
16111,r4i1p1f1,1994,02,10,1.5695112636524866,6.0225344,-4.426598,1994
16112,r4i1p1f1,1994,02,11,5.848288699454887,4.8081336,-7.102264,1994
16113,r4i1p1f1,1994,02,12,0.0,6.9781833,-5.9769387,1994
16114,r4i1p1f1,1994,02,13,0.0,9.981654,-3.115859,1994
16115,r4i1p1f1,1994,02,14,0.0,8.742045,-3.2328455,1994
16116,r4i1p1f1,1994,02,15,0.0,6.965656,-5.1772475,1994
16117,r4i1p1f1,1994,02,16,0.0,7.3466387,-5.5319557,1994
16118,r4i1p1f1,1994,02,17,0.0,6.154976,-3.9062464,1994
16119,r4i1p1f1,1994,02,18,0.5557008512867024,3.9618263,-6.9645505,1994
16120,r4i1p1f1,1994,02,19,0.0,3.6861882,-7.673527,1994
16121,r4i1p1f1,1994,02,20,1.706947816603125,0.32567677,-8.999533,1994
16122,r4i1p1f1,1994,02,21,0.04289865350098943,3.705127,-8.647913,1994
16123,r4i1p1f1,1994,02,22,0.0,6.3808093,-6.8877373,1994
16124,r4i1p1f1,1994,02,23,0.0,8.830982,-4.970625,1994
16125,r4i1p1f1,1994,02,24,0.0,6.373633,-6.2337103,1994
16126,r4i1p1f1,1994,02,25,0.0,2.4265594,-8.925514,1994
16127,r4i1p1f1,1994,02,26,0.007296048238561636,1.3813816,-10.977265,1994
16128,r4i1p1f1,1994,02,27,0.0,1.2579417,-11.374515,1994
16129,r4i1p1f1,1994,02,28,0.0,0.94072527,-9.826494,1994
16130,r4i1p1f1,1994,03,01,0.0,2.5597618,-10.374324,1994
16131,r4i1p1f1,1994,03,02,0.12295371630585676,-0.41700026,-7.107113,1994
16132,r4i1p1f1,1994,03,03,41.90781446220142,-2.3400166,-9.450467,1994
16133,r4i1p1f1,1994,03,04,34.29403097618464,1.9782553,-5.127521,1994
16134,r4i1p1f1,1994,03,05,5.80138563133721,4.5763984,-3.540919,1994
16135,r4i1p1f1,1994,03,06,0.0,11.78218,-2.959165,1994
16136,r4i1p1f1,1994,03,07,0.1433646388571052,11.462342,1.3607843,1994
16137,r4i1p1f1,1994,03,08,0.15680823723097623,7.948471,-0.72941834,1994
16138,r4i1p1f1,1994,03,09,0.027715087565810714,9.172929,-2.5142272,1994
16139,r4i1p1f1,1994,03,10,0.0,9.919496,-3.433847,1994
16140,r4i1p1f1,1994,03,11,0.0,12.502596,-3.191506,1994
16141,r4i1p1f1,1994,03,12,0.0,11.132971,-0.86055166,1994
16142,r4i1p1f1,1994,03,13,0.0,11.509101,-3.1772337,1994
16143,r4i1p1f1,1994,03,14,0.0,12.460372,-0.15805861,1994
16144,r4i1p1f1,1994,03,15,0.0,11.355715,-2.6262639,1994
16145,r4i1p1f1,1994,03,16,0.0,10.937937,-3.3967066,1994
16146,r4i1p1f1,1994,03,17,0.0,12.562258,0.022190629,1994
16147,r4i1p1f1,1994,03,18,9.229669673684395,9.688086,-4.056493,1994
16148,r4i1p1f1,1994,03,19,0.0956643487888992,6.824597,-5.017656,1994
16149,r4i1p1f1,1994,03,20,1.9049389938319763,4.766663,-3.6945503,1994
16150,r4i1p1f1,1994,03,21,18.502715573610836,3.5545805,-2.9091725,1994
16151,r4i1p1f1,1994,03,22,70.59231329355305,-0.5975618,-6.6690583,1994
16152,r4i1p1f1,1994,03,23,6.151705755327306,-2.202856,-9.529368,1994
16153,r4i1p1f1,1994,03,24,0.5541589543005037,1.3143467,-12.405692,1994
16154,r4i1p1f1,1994,03,25,0.43683262182108856,8.697578,-4.379244,1994
16155,r4i1p1f1,1994,03,26,0.0,11.1307955,-5.1027145,1994
16156,r4i1p1f1,1994,03,27,0.0,10.309878,-3.111644,1994
16157,r4i1p1f1,1994,03,28,0.0,8.855342,-3.1725404,1994
16158,r4i1p1f1,1994,03,29,0.0,11.13268,-3.634889,1994
16159,r4i1p1f1,1994,03,30,0.0,10.980408,-4.232437,1994
16160,r4i1p1f1,1994,03,31,0.0,10.480752,-1.7228681,1994
16161,r4i1p1f1,1994,04,01,0.14687625796927747,7.5885606,-0.26355028,1994
16162,r4i1p1f1,1994,04,02,2.8474535602261444,6.7001996,-3.5099883,1994
16163,r4i1p1f1,1994,04,03,8.337356384311027,5.7271485,-3.283012,1994
16164,r4i1p1f1,1994,04,04,0.05279432730008814,9.150684,-3.3307343,1994
16165,r4i1p1f1,1994,04,05,0.0,10.270352,-3.2999775,1994
16166,r4i1p1f1,1994,04,06,0.0,10.434579,-2.1066089,1994
16167,r4i1p1f1,1994,04,07,0.0,11.137584,-2.437014,1994
16168,r4i1p1f1,1994,04,08,0.0,11.9633255,-2.7018108,1994
16169,r4i1p1f1,1994,04,09,0.0,9.88886,-3.0988348,1994
16170,r4i1p1f1,1994,04,10,0.0,8.855853,-4.791092,1994
16171,r4i1p1f1,1994,04,11,1.2548739148744836,2.9895623,-8.404848,1994
16172,r4i1p1f1,1994,04,12,1.3740146430330435,6.9099903,-5.1616964,1994
16173,r4i1p1f1,1994,04,13,0.08948114882349732,7.717855,-2.444141,1994
16174,r4i1p1f1,1994,04,14,0.9404218842776395,7.1917553,-4.7297673,1994
16175,r4i1p1f1,1994,04,15,0.3120598580620549,8.771647,-4.400499,1994
16176,r4i1p1f1,1994,04,16,1.744288180176984,7.6352334,-2.5997186,1994
16177,r4i1p1f1,1994,04,17,17.737786714472215,4.5747066,-5.079264,1994
16178,r4i1p1f1,1994,04,18,7.13954787271132,4.305262,-4.7176275,1994
16179,r4i1p1f1,1994,04,19,1.131453289064452,7.137497,-1.1316794,1994
16180,r4i1p1f1,1994,04,20,0.6207210625874376,4.590723,-3.49786,1994
16181,r4i1p1f1,1994,04,21,3.2382544407429283,7.5882792,-5.8854556,1994
16182,r4i1p1f1,1994,04,22,1.5292045074487126,8.456795,-4.3257885,1994
16183,r4i1p1f1,1994,04,23,2.5979324347044317,5.4512997,-3.01944,1994
16184,r4i1p1f1,1994,04,24,0.0,12.684407,-2.1788187,1994
16185,r4i1p1f1,1994,04,25,0.0,12.694872,-0.42168665,1994
16186,r4i1p1f1,1994,04,26,0.0,14.25453,-0.3002427,1994
16187,r4i1p1f1,1994,04,27,0.0,15.195918,1.81871,1994
16188,r4i1p1f1,1994,04,28,0.0,14.156848,1.2437779,1994
16189,r4i1p1f1,1994,04,29,0.06462533072498942,12.826223,-0.9692258,1994
16190,r4i1p1f1,1994,04,30,1.222069930522326,11.962691,1.0232643,1994
16191,r4i1p1f1,1994,05,01,0.2797368620068643,9.284844,-3.1120224,1994
16192,r4i1p1f1,1994,05,02,0.0,13.239871,-1.0322932,1994
16193,r4i1p1f1,1994,05,03,1.4677792405572336,11.203343,0.65887755,1994
16194,r4i1p1f1,1994,05,04,0.9263361848155811,11.195684,-1.354989,1994
16195,r4i1p1f1,1994,05,05,0.7548761708931618,11.4702635,-0.72717625,1994
16196,r4i1p1f1,1994,05,06,1.3158654592115047,12.119544,0.36776933,1994
16197,r4i1p1f1,1994,05,07,0.0,13.5995035,0.2095658,1994
16198,r4i1p1f1,1994,05,08,0.0,15.91769,0.4544922,1994
16199,r4i1p1f1,1994,05,09,0.0,16.732857,2.9138534,1994
16200,r4i1p1f1,1994,05,10,0.0,17.127722,3.07406,1994
16201,r4i1p1f1,1994,05,11,0.0,20.056374,4.0201917,1994
16202,r4i1p1f1,1994,05,12,1.1226464333209578,18.65276,2.946295,1994
16203,r4i1p1f1,1994,05,13,0.8758340669102251,19.334923,4.986547,1994
16204,r4i1p1f1,1994,05,14,0.0,19.87275,5.8144093,1994
16205,r4i1p1f1,1994,05,15,0.0,19.135277,5.9400244,1994
16206,r4i1p1f1,1994,05,16,0.0,15.704891,3.2905529,1994
16207,r4i1p1f1,1994,05,17,0.0,15.373867,1.075918,1994
16208,r4i1p1f1,1994,05,18,0.0,18.451443,1.8185139,1994
16209,r4i1p1f1,1994,05,19,0.0,18.842047,3.9211817,1994
16210,r4i1p1f1,1994,05,20,0.0,21.587122,4.985515,1994
16211,r4i1p1f1,1994,05,21,0.0,20.920206,6.0249333,1994
16212,r4i1p1f1,1994,05,22,0.0,21.032196,7.8832088,1994
16213,r4i1p1f1,1994,05,23,0.0,20.68861,6.754423,1994
16214,r4i1p1f1,1994,05,24,0.0,17.880623,5.159824,1994
16215,r4i1p1f1,1994,05,25,0.006295860575394056,14.340211,2.1622872,1994
16216,r4i1p1f1,1994,05,26,0.0,13.736286,0.6202705,1994
16217,r4i1p1f1,1994,05,27,0.0,13.718057,1.477158,1994
16218,r4i1p1f1,1994,05,28,1.934922594385858,16.257713,1.910436,1994
16219,r4i1p1f1,1994,05,29,0.0,22.135738,6.162227,1994
16220,r4i1p1f1,1994,05,30,0.0,23.055655,7.696483,1994
16221,r4i1p1f1,1994,05,31,0.0,21.889503,9.282513,1994
16222,r4i1p1f1,1994,06,01,0.0,19.083061,6.4165215,1994
16223,r4i1p1f1,1994,06,02,0.0,17.46071,4.9778614,1994
16224,r4i1p1f1,1994,06,03,0.0,17.053995,4.409234,1994
16225,r4i1p1f1,1994,06,04,0.0,18.136131,3.5460222,1994
16226,r4i1p1f1,1994,06,05,0.0,17.471796,2.9783626,1994
16227,r4i1p1f1,1994,06,06,0.11010958451769268,19.88283,4.2333994,1994
16228,r4i1p1f1,1994,06,07,0.0,23.004463,6.611919,1994
16229,r4i1p1f1,1994,06,08,0.000907489882436543,22.113405,7.5976105,1994
16230,r4i1p1f1,1994,06,09,0.0,20.917482,6.5631866,1994
16231,r4i1p1f1,1994,06,10,0.0,20.194128,5.6741524,1994
16232,r4i1p1f1,1994,06,11,0.0,23.145428,5.995728,1994
16233,r4i1p1f1,1994,06,12,0.0,25.103863,6.885742,1994
16234,r4i1p1f1,1994,06,13,0.0,24.72685,9.461126,1994
16235,r4i1p1f1,1994,06,14,0.0,23.926294,9.383478,1994
16236,r4i1p1f1,1994,06,15,0.0,15.3026,3.0186071,1994
16237,r4i1p1f1,1994,06,16,0.017825277902531477,18.18189,3.124933,1994
16238,r4i1p1f1,1994,06,17,0.0,17.890337,4.1318145,1994
16239,r4i1p1f1,1994,06,18,0.0,20.944265,4.9886794,1994
16240,r4i1p1f1,1994,06,19,0.0,21.919529,5.997587,1994
16241,r4i1p1f1,1994,06,20,0.0,23.2671,7.7602134,1994
16242,r4i1p1f1,1994,06,21,0.0,24.712492,8.303142,1994
16243,r4i1p1f1,1994,06,22,0.0,25.874342,10.08733,1994
16244,r4i1p1f1,1994,06,23,0.0,25.298649,10.572534,1994
16245,r4i1p1f1,1994,06,24,0.0,24.586378,10.809675,1994
16246,r4i1p1f1,1994,06,25,0.0,21.477974,7.608507,1994
16247,r4i1p1f1,1994,06,26,0.0,17.089209,3.3180435,1994
16248,r4i1p1f1,1994,06,27,0.0,18.782618,3.7736259,1994
16249,r4i1p1f1,1994,06,28,0.0,18.353117,3.7102382,1994
16250,r4i1p1f1,1994,06,29,0.0,19.045795,4.4917912,1994
16251,r4i1p1f1,1994,06,30,0.0,21.271448,5.608837,1994
16252,r4i1p1f1,1994,07,01,0.0,22.301819,7.1820807,1994
16253,r4i1p1f1,1994,07,02,0.0,21.457859,6.5955253,1994
16254,r4i1p1f1,1994,07,03,0.0,20.66722,5.605158,1994
16255,r4i1p1f1,1994,07,04,0.0,21.474695,6.372257,1994
16256,r4i1p1f1,1994,07,05,0.0,20.983381,7.33316,1994
16257,r4i1p1f1,1994,07,06,0.0,22.598799,6.943126,1994
16258,r4i1p1f1,1994,07,07,0.0,23.900345,8.60355,1994
16259,r4i1p1f1,1994,07,08,0.0,23.875963,11.690548,1994
16260,r4i1p1f1,1994,07,09,0.0,22.838078,7.4995456,1994
16261,r4i1p1f1,1994,07,10,0.0,23.10313,6.848901,1994
16262,r4i1p1f1,1994,07,11,0.0,23.42423,8.716764,1994
16263,r4i1p1f1,1994,07,12,0.0,26.158888,9.644147,1994
16264,r4i1p1f1,1994,07,13,0.0,26.972158,11.091209,1994
16265,r4i1p1f1,1994,07,14,0.0,27.30099,11.017853,1994
16266,r4i1p1f1,1994,07,15,0.0,26.584913,11.195107,1994
16267,r4i1p1f1,1994,07,16,0.0,26.712622,11.287604,1994
16268,r4i1p1f1,1994,07,17,0.0,26.436443,10.662021,1994
16269,r4i1p1f1,1994,07,18,0.0,27.69043,10.993713,1994
16270,r4i1p1f1,1994,07,19,0.0,26.946943,12.136783,1994
16271,r4i1p1f1,1994,07,20,0.0,25.7697,10.679577,1994
16272,r4i1p1f1,1994,07,21,0.0,26.016853,9.382641,1994
16273,r4i1p1f1,1994,07,22,0.0,25.312714,9.923821,1994
16274,r4i1p1f1,1994,07,23,0.0,25.318455,8.782006,1994
16275,r4i1p1f1,1994,07,24,0.0,24.948189,9.462751,1994
16276,r4i1p1f1,1994,07,25,0.0,25.527573,10.823928,1994
16277,r4i1p1f1,1994,07,26,0.0,24.85755,14.72017,1994
16278,r4i1p1f1,1994,07,27,0.0,24.921759,11.983404,1994
16279,r4i1p1f1,1994,07,28,0.09851981250977995,25.934858,12.44839,1994
16280,r4i1p1f1,1994,07,29,0.0,26.436008,12.483446,1994
16281,r4i1p1f1,1994,07,30,0.012440991609534291,26.492645,11.950051,1994
16282,r4i1p1f1,1994,07,31,0.0,26.360899,11.829784,1994
16283,r4i1p1f1,1994,08,01,0.0,26.478212,11.443786,1994
16284,r4i1p1f1,1994,08,02,0.0,26.0404,10.260478,1994
16285,r4i1p1f1,1994,08,03,0.0,27.18927,10.212024,1994
16286,r4i1p1f1,1994,08,04,0.0,26.738514,10.747868,1994
16287,r4i1p1f1,1994,08,05,0.0,26.06901,10.157787,1994
16288,r4i1p1f1,1994,08,06,0.0,24.73746,9.552509,1994
16289,r4i1p1f1,1994,08,07,0.0,17.71863,3.242666,1994
16290,r4i1p1f1,1994,08,08,0.0,23.458982,5.8707743,1994
16291,r4i1p1f1,1994,08,09,0.0,24.292774,7.913,1994
16292,r4i1p1f1,1994,08,10,0.0,24.801298,8.646087,1994
16293,r4i1p1f1,1994,08,11,0.0,25.84157,9.133494,1994
16294,r4i1p1f1,1994,08,12,0.0,27.272488,10.15067,1994
16295,r4i1p1f1,1994,08,13,0.0,26.664742,10.496783,1994
16296,r4i1p1f1,1994,08,14,0.0,26.145283,9.774956,1994
16297,r4i1p1f1,1994,08,15,0.0,23.95404,8.063028,1994
16298,r4i1p1f1,1994,08,16,0.0,23.106554,8.494138,1994
16299,r4i1p1f1,1994,08,17,0.0,24.997032,8.051141,1994
16300,r4i1p1f1,1994,08,18,0.0,25.031456,8.763249,1994
16301,r4i1p1f1,1994,08,19,0.0,24.948,8.655979,1994
16302,r4i1p1f1,1994,08,20,0.0,24.507713,8.286353,1994
16303,r4i1p1f1,1994,08,21,0.0,22.815304,7.581773,1994
16304,r4i1p1f1,1994,08,22,0.0,21.468964,4.920202,1994
16305,r4i1p1f1,1994,08,23,0.0,22.630941,6.548092,1994
16306,r4i1p1f1,1994,08,24,0.015004680608399212,24.680948,8.809093,1994
16307,r4i1p1f1,1994,08,25,0.0,23.505297,11.639826,1994
16308,r4i1p1f1,1994,08,26,0.0,24.261005,10.107648,1994
16309,r4i1p1f1,1994,08,27,0.0,23.832682,9.433579,1994
16310,r4i1p1f1,1994,08,28,0.0,23.225273,7.360698,1994
16311,r4i1p1f1,1994,08,29,0.0,22.106833,6.7022552,1994
16312,r4i1p1f1,1994,08,30,0.0,22.998684,6.0388756,1994
16313,r4i1p1f1,1994,08,31,0.0,24.946342,6.8096895,1994
16314,r4i1p1f1,1994,09,01,0.0,26.116919,9.132317,1994
16315,r4i1p1f1,1994,09,02,0.0,25.650387,9.596908,1994
16316,r4i1p1f1,1994,09,03,0.0,24.995993,9.785735,1994
16317,r4i1p1f1,1994,09,04,0.0,22.716257,7.3142276,1994
16318,r4i1p1f1,1994,09,05,0.0,21.296364,6.6469274,1994
16319,r4i1p1f1,1994,09,06,0.3189631829952728,20.96822,6.0762115,1994
16320,r4i1p1f1,1994,09,07,0.0,21.743849,6.6339145,1994
16321,r4i1p1f1,1994,09,08,0.06228989237504358,22.657112,7.931844,1994
16322,r4i1p1f1,1994,09,09,0.0,21.54497,7.711352,1994
16323,r4i1p1f1,1994,09,10,0.0,21.99612,6.294109,1994
16324,r4i1p1f1,1994,09,11,0.0,25.46236,8.224989,1994
16325,r4i1p1f1,1994,09,12,0.0,26.33111,9.425337,1994
16326,r4i1p1f1,1994,09,13,0.0,25.192482,10.174248,1994
16327,r4i1p1f1,1994,09,14,0.0,23.915615,9.064408,1994
16328,r4i1p1f1,1994,09,15,0.0,21.661366,6.621452,1994
16329,r4i1p1f1,1994,09,16,0.0,19.612528,5.671393,1994
16330,r4i1p1f1,1994,09,17,0.0,17.538033,2.6609004,1994
16331,r4i1p1f1,1994,09,18,0.04856751992565272,16.232544,2.7507303,1994
16332,r4i1p1f1,1994,09,19,0.13008941984493116,11.14794,-0.99724555,1994
16333,r4i1p1f1,1994,09,20,0.007025590867789307,9.700426,-2.5400684,1994
16334,r4i1p1f1,1994,09,21,8.013961650559555,7.907811,-3.8357198,1994
16335,r4i1p1f1,1994,09,22,0.0,7.983671,-7.640998,1994
16336,r4i1p1f1,1994,09,23,0.0,10.62104,-4.7206635,1994
16337,r4i1p1f1,1994,09,24,0.0,9.814067,-4.1107354,1994
16338,r4i1p1f1,1994,09,25,0.0,11.0964575,-4.1600823,1994
16339,r4i1p1f1,1994,09,26,0.0,12.886336,-2.8171885,1994
16340,r4i1p1f1,1994,09,27,0.0,15.207543,-0.7397717,1994
16341,r4i1p1f1,1994,09,28,0.0,20.758924,3.4184155,1994
16342,r4i1p1f1,1994,09,29,0.0,23.16435,5.3551836,1994
16343,r4i1p1f1,1994,09,30,0.0,22.661217,7.31323,1994
16344,r4i1p1f1,1994,10,01,0.0,22.225979,7.2989283,1994
16345,r4i1p1f1,1994,10,02,0.0,19.670826,5.74667,1994
16346,r4i1p1f1,1994,10,03,0.0,18.680355,2.2313876,1994
16347,r4i1p1f1,1994,10,04,0.0,19.78212,3.313381,1994
16348,r4i1p1f1,1994,10,05,0.0,18.391565,3.3586931,1994
16349,r4i1p1f1,1994,10,06,0.0,21.577597,4.733515,1994
16350,r4i1p1f1,1994,10,07,0.0,21.687164,7.0096517,1994
16351,r4i1p1f1,1994,10,08,0.0,22.773565,5.8949904,1994
16352,r4i1p1f1,1994,10,09,0.0,23.10794,5.891121,1994
16353,r4i1p1f1,1994,10,10,0.0,22.018099,7.1997743,1994
16354,r4i1p1f1,1994,10,11,0.0,20.866346,6.0398674,1994
16355,r4i1p1f1,1994,10,12,0.0,18.478186,3.8669865,1994
16356,r4i1p1f1,1994,10,13,0.0,14.697691,1.7360989,1994
16357,r4i1p1f1,1994,10,14,0.0,10.866469,-2.75004,1994
16358,r4i1p1f1,1994,10,15,0.0,9.47645,-4.901869,1994
16359,r4i1p1f1,1994,10,16,0.0,11.560746,-4.587363,1994
16360,r4i1p1f1,1994,10,17,1.504637973279823,13.953975,-2.465365,1994
16361,r4i1p1f1,1994,10,18,0.0,14.039034,-1.3623707,1994
16362,r4i1p1f1,1994,10,19,8.378503077881563,18.012152,5.6349363,1994
16363,r4i1p1f1,1994,10,20,40.23655927539866,5.8177,-2.6936066,1994
16364,r4i1p1f1,1994,10,21,4.96971876908247,5.9847193,-2.7257426,1994
16365,r4i1p1f1,1994,10,22,1.261880364906504,2.6083117,-6.240505,1994
16366,r4i1p1f1,1994,10,23,0.0,6.1718974,-6.446353,1994
16367,r4i1p1f1,1994,10,24,0.0,8.150111,-6.331193,1994
16368,r4i1p1f1,1994,10,25,0.0,11.448722,-5.1555285,1994
16369,r4i1p1f1,1994,10,26,4.6986078589153335,12.229466,1.8607298,1994
16370,r4i1p1f1,1994,10,27,28.632636532256996,6.745975,-4.2255964,1994
16371,r4i1p1f1,1994,10,28,0.0,9.197815,-5.6456337,1994
16372,r4i1p1f1,1994,10,29,0.0,11.978444,-3.7828958,1994
16373,r4i1p1f1,1994,10,30,0.0,13.860838,-1.0625674,1994
16374,r4i1p1f1,1994,10,31,0.0,18.514107,2.2720733,1994
16375,r4i1p1f1,1994,11,01,0.0,18.725183,3.8912654,1994
16376,r4i1p1f1,1994,11,02,0.0,17.050488,3.386942,1994
16377,r4i1p1f1,1994,11,03,0.0,14.509377,0.44433242,1994
16378,r4i1p1f1,1994,11,04,0.0,13.299338,0.5530959,1994
16379,r4i1p1f1,1994,11,05,0.0,13.408894,-0.9931446,1994
16380,r4i1p1f1,1994,11,06,0.0,13.715136,-0.41584882,1994
16381,r4i1p1f1,1994,11,07,0.0,14.151632,2.2272003,1994
16382,r4i1p1f1,1994,11,08,0.0,12.16139,1.9037173,1994
16383,r4i1p1f1,1994,11,09,13.109113029557243,11.947551,0.97538066,1994
16384,r4i1p1f1,1994,11,10,0.0,7.2566323,-5.8016276,1994
16385,r4i1p1f1,1994,11,11,0.0,7.8958797,-5.638803,1994
16386,r4i1p1f1,1994,11,12,0.0,8.920701,-4.907789,1994
16387,r4i1p1f1,1994,11,13,0.0,8.325309,-5.677294,1994
16388,r4i1p1f1,1994,11,14,0.0,8.04,-4.8742814,1994
16389,r4i1p1f1,1994,11,15,0.0,10.194323,-3.927518,1994
16390,r4i1p1f1,1994,11,16,0.0,12.347902,-2.702194,1994
16391,r4i1p1f1,1994,11,17,0.6646461755867491,11.84709,-0.66428965,1994
16392,r4i1p1f1,1994,11,18,0.0,8.995075,-3.1699793,1994
16393,r4i1p1f1,1994,11,19,3.2753673412046806,7.0862513,-1.9385889,1994
16394,r4i1p1f1,1994,11,20,0.0,9.2848215,-3.5222495,1994
16395,r4i1p1f1,1994,11,21,0.0,13.167348,-1.2317289,1994
16396,r4i1p1f1,1994,11,22,0.0,14.416363,-0.099705555,1994
16397,r4i1p1f1,1994,11,23,0.0,13.361952,-0.19557515,1994
16398,r4i1p1f1,1994,11,24,4.591353924502382,15.544645,3.6576347,1994
16399,r4i1p1f1,1994,11,25,10.731868129839901,8.195574,-1.608204,1994
16400,r4i1p1f1,1994,11,26,0.0,11.841174,-3.7322865,1994
16401,r4i1p1f1,1994,11,27,0.0,13.48026,-1.7485327,1994
16402,r4i1p1f1,1994,11,28,10.356417278668578,15.438065,3.6581376,1994
16403,r4i1p1f1,1994,11,29,0.0,7.2140965,-6.238386,1994
16404,r4i1p1f1,1994,11,30,0.0,9.327236,-5.5384297,1994
16405,r4i1p1f1,1994,12,01,0.0,8.41862,-3.4111362,1994
16406,r4i1p1f1,1994,12,02,0.0,9.548966,-3.707281,1994
16407,r4i1p1f1,1994,12,03,0.0,8.263102,-3.950435,1994
16408,r4i1p1f1,1994,12,04,0.0,9.576227,-3.2921934,1994
16409,r4i1p1f1,1994,12,05,0.0,10.715472,-2.8677068,1994
16410,r4i1p1f1,1994,12,06,0.0,10.134261,-2.0394738,1994
16411,r4i1p1f1,1994,12,07,11.217055583401157,5.398835,-5.9351263,1994
16412,r4i1p1f1,1994,12,08,3.308160475691644,2.7010195,-9.170093,1994
16413,r4i1p1f1,1994,12,09,51.29551602389486,-0.077632785,-5.5085135,1994
16414,r4i1p1f1,1994,12,10,52.17954082766388,-0.92635316,-6.6705823,1994
16415,r4i1p1f1,1994,12,11,39.80884798591729,-1.935973,-12.701239,1994
16416,r4i1p1f1,1994,12,12,23.52560086737332,-2.6284611,-9.626963,1994
16417,r4i1p1f1,1994,12,13,2.097158221094274,-2.6191015,-10.532569,1994
16418,r4i1p1f1,1994,12,14,0.0,-3.2048676,-15.776981,1994
16419,r4i1p1f1,1994,12,15,0.7101765991528614,-3.3101766,-10.9905405,1994
16420,r4i1p1f1,1994,12,16,40.50344536828965,-3.9828174,-10.570722,1994
16421,r4i1p1f1,1994,12,17,0.0,1.3306417,-12.269153,1994
16422,r4i1p1f1,1994,12,18,0.0,0.43804345,-8.246091,1994
16423,r4i1p1f1,1994,12,19,0.0,3.3841221,-9.884765,1994
16424,r4i1p1f1,1994,12,20,0.0,3.8317993,-9.616681,1994
16425,r4i1p1f1,1994,12,21,0.0,4.241011,-9.466074,1994
16426,r4i1p1f1,1994,12,22,0.0,3.1602125,-8.045759,1994
16427,r4i1p1f1,1994,12,23,0.0,3.8671322,-7.3685246,1994
16428,r4i1p1f1,1994,12,24,0.0,4.336272,-6.8670955,1994
16429,r4i1p1f1,1994,12,25,0.0,3.1566384,-8.627956,1994
16430,r4i1p1f1,1994,12,26,0.0,4.7662706,-5.666524,1994
16431,r4i1p1f1,1994,12,27,0.05057809362925454,3.6045358,-6.6081986,1994
16432,r4i1p1f1,1994,12,28,7.886524465092041,-0.08434513,-9.65269,1994
16433,r4i1p1f1,1994,12,29,48.634315981441155,-1.2442461,-7.1739826,1994
16434,r4i1p1f1,1994,12,30,82.04446809568624,2.032356,-6.264393,1994
16435,r4i1p1f1,1994,12,31,0.0,2.2219253,-7.237133,1994
16436,r4i1p1f1,1995,01,01,0.0,4.4337816,-7.2572775,1995
16437,r4i1p1f1,1995,01,02,0.05068027225272452,6.264447,-3.7581184,1995
16438,r4i1p1f1,1995,01,03,0.0,6.0874248,-6.0335317,1995
16439,r4i1p1f1,1995,01,04,0.0,4.617966,-3.7389662,1995
16440,r4i1p1f1,1995,01,05,0.0,6.820361,-4.588226,1995
16441,r4i1p1f1,1995,01,06,26.144512536686875,3.86381,-5.5323563,1995
16442,r4i1p1f1,1995,01,07,0.0,0.5731209,-10.350307,1995
16443,r4i1p1f1,1995,01,08,22.10967189398472,-0.7159218,-9.1833515,1995
16444,r4i1p1f1,1995,01,09,0.04052780168422032,-1.3208822,-7.7260327,1995
16445,r4i1p1f1,1995,01,10,0.0,-0.9077297,-12.824302,1995
16446,r4i1p1f1,1995,01,11,0.0,-1.3097159,-9.637575,1995
16447,r4i1p1f1,1995,01,12,27.360241331067357,-4.482562,-10.474108,1995
16448,r4i1p1f1,1995,01,13,15.857797950175401,-4.0826855,-10.144219,1995
16449,r4i1p1f1,1995,01,14,0.0,1.706473,-12.527777,1995
16450,r4i1p1f1,1995,01,15,0.0,2.5835986,-11.327459,1995
16451,r4i1p1f1,1995,01,16,0.0,4.1537848,-9.522131,1995
16452,r4i1p1f1,1995,01,17,0.0,3.7051532,-6.4281034,1995
16453,r4i1p1f1,1995,01,18,36.35880476184088,0.0060475897,-8.046044,1995
16454,r4i1p1f1,1995,01,19,75.37309729864998,-0.31592935,-6.2457795,1995
16455,r4i1p1f1,1995,01,20,0.46393426447834557,2.5948658,-10.412874,1995
16456,r4i1p1f1,1995,01,21,0.0,2.8344223,-6.733077,1995
16457,r4i1p1f1,1995,01,22,0.012632934240214352,5.057417,-6.2730618,1995
16458,r4i1p1f1,1995,01,23,0.0,6.0056605,-7.172128,1995
16459,r4i1p1f1,1995,01,24,0.0,6.7684703,-5.860354,1995
16460,r4i1p1f1,1995,01,25,0.0,10.332197,-2.4392393,1995
16461,r4i1p1f1,1995,01,26,0.0,8.365324,-1.9106418,1995
16462,r4i1p1f1,1995,01,27,3.114218703481067,6.547942,-2.263876,1995
16463,r4i1p1f1,1995,01,28,0.012169977431701774,6.293263,-2.7984054,1995
16464,r4i1p1f1,1995,01,29,0.0,3.774179,-8.1147785,1995
16465,r4i1p1f1,1995,01,30,0.0,3.0841775,-9.623836,1995
16466,r4i1p1f1,1995,01,31,0.0,4.4719796,-9.214302,1995
16467,r4i1p1f1,1995,02,01,0.0,4.907668,-8.207032,1995
16468,r4i1p1f1,1995,02,02,0.0,7.757257,-6.7897625,1995
16469,r4i1p1f1,1995,02,03,0.0,10.01128,-4.825978,1995
16470,r4i1p1f1,1995,02,04,0.0,8.8341055,-2.5204341,1995
16471,r4i1p1f1,1995,02,05,1.1394457322908504,6.02957,-5.4798923,1995
16472,r4i1p1f1,1995,02,06,45.26570953557276,-1.7710054,-7.49644,1995
16473,r4i1p1f1,1995,02,07,27.929643732790595,-2.4525805,-8.639448,1995
16474,r4i1p1f1,1995,02,08,17.741368671724302,-3.7192404,-10.020424,1995
16475,r4i1p1f1,1995,02,09,0.06933020604553114,-2.0760956,-15.738073,1995
16476,r4i1p1f1,1995,02,10,0.0,6.2131786,-11.197574,1995
16477,r4i1p1f1,1995,02,11,0.0,3.7783535,-5.7127547,1995
16478,r4i1p1f1,1995,02,12,0.0,1.4691424,-11.414194,1995
16479,r4i1p1f1,1995,02,13,0.0,5.1836357,-9.742469,1995
16480,r4i1p1f1,1995,02,14,0.0,2.6415856,-9.20334,1995
16481,r4i1p1f1,1995,02,15,0.0,5.6848803,-8.573648,1995
16482,r4i1p1f1,1995,02,16,0.0,7.5002675,-7.356258,1995
16483,r4i1p1f1,1995,02,17,0.0,7.428055,-6.30869,1995
16484,r4i1p1f1,1995,02,18,0.0,10.136544,-5.158146,1995
16485,r4i1p1f1,1995,02,19,0.0,9.504477,-5.1342244,1995
16486,r4i1p1f1,1995,02,20,0.0,11.142772,-3.2995846,1995
16487,r4i1p1f1,1995,02,21,0.0,9.048796,-3.1673915,1995
16488,r4i1p1f1,1995,02,22,0.0,5.9635334,-5.129712,1995
16489,r4i1p1f1,1995,02,23,0.0,3.9090047,-8.27615,1995
16490,r4i1p1f1,1995,02,24,0.0,5.950229,-7.420763,1995
16491,r4i1p1f1,1995,02,25,0.0,5.713872,-5.9791307,1995
16492,r4i1p1f1,1995,02,26,1.1415297401965199,3.4395351,-7.06102,1995
16493,r4i1p1f1,1995,02,27,0.0,3.7665613,-8.289983,1995
16494,r4i1p1f1,1995,02,28,0.0,7.1925316,-7.2980614,1995
16495,r4i1p1f1,1995,03,01,0.0,8.449299,-7.3446035,1995
16496,r4i1p1f1,1995,03,02,0.0,9.271471,-7.739394,1995
16497,r4i1p1f1,1995,03,03,0.0,7.3089743,-4.8065915,1995
16498,r4i1p1f1,1995,03,04,16.92782436967385,3.4321668,-4.194669,1995
16499,r4i1p1f1,1995,03,05,6.227576419130616,0.87138903,-4.7732306,1995
16500,r4i1p1f1,1995,03,06,0.7304752637294798,5.0557647,-3.2770052,1995
16501,r4i1p1f1,1995,03,07,0.05370607282140669,5.467728,-5.8670955,1995
16502,r4i1p1f1,1995,03,08,10.85639399305249,8.266112,-0.54223484,1995
16503,r4i1p1f1,1995,03,09,0.2280596801979526,12.196428,2.0217407,1995
16504,r4i1p1f1,1995,03,10,14.002872864093908,9.111915,0.5155276,1995
16505,r4i1p1f1,1995,03,11,12.404212618947405,4.0006523,-5.9241323,1995
16506,r4i1p1f1,1995,03,12,0.0,3.2453194,-9.089796,1995
16507,r4i1p1f1,1995,03,13,0.0,3.294428,-9.989865,1995
16508,r4i1p1f1,1995,03,14,0.0,3.3324656,-9.548432,1995
16509,r4i1p1f1,1995,03,15,0.0,3.5679302,-10.082636,1995
16510,r4i1p1f1,1995,03,16,9.034835058047143,-0.55774003,-11.851367,1995
16511,r4i1p1f1,1995,03,17,1.7829558374001673,-3.5928948,-14.873352,1995
16512,r4i1p1f1,1995,03,18,0.0,0.3133085,-12.570436,1995
16513,r4i1p1f1,1995,03,19,0.0,3.8995101,-11.422727,1995
16514,r4i1p1f1,1995,03,20,0.0,3.1653523,-11.082715,1995
16515,r4i1p1f1,1995,03,21,1.7518262433136587,-0.29835048,-12.995395,1995
16516,r4i1p1f1,1995,03,22,0.09270201855822681,-2.8497052,-11.583149,1995
16517,r4i1p1f1,1995,03,23,0.0,-2.889519,-16.78992,1995
16518,r4i1p1f1,1995,03,24,0.0,-3.189612,-17.824308,1995
16519,r4i1p1f1,1995,03,25,0.15488152417526274,-3.1703074,-14.392192,1995
16520,r4i1p1f1,1995,03,26,5.342126158619857,-4.2767334,-14.620719,1995
16521,r4i1p1f1,1995,03,27,0.0,0.72135,-14.358601,1995
16522,r4i1p1f1,1995,03,28,0.0,7.0823283,-11.563098,1995
16523,r4i1p1f1,1995,03,29,0.0,10.353721,-7.3892474,1995
16524,r4i1p1f1,1995,03,30,0.0,14.107926,-4.6958957,1995
16525,r4i1p1f1,1995,03,31,0.0,16.521023,-1.544425,1995
16526,r4i1p1f1,1995,04,01,0.0,17.577879,0.5624752,1995
16527,r4i1p1f1,1995,04,02,0.0,16.388796,0.5448413,1995
16528,r4i1p1f1,1995,04,03,0.0,14.046016,-0.36083335,1995
16529,r4i1p1f1,1995,04,04,0.0,13.3486,-2.3680246,1995
16530,r4i1p1f1,1995,04,05,0.0,13.772521,0.5772805,1995
16531,r4i1p1f1,1995,04,06,7.738486824310132,9.718441,-3.1689978,1995
16532,r4i1p1f1,1995,04,07,0.653981727332167,2.2100792,-5.3304935,1995
16533,r4i1p1f1,1995,04,08,0.0,8.867981,-5.151794,1995
16534,r4i1p1f1,1995,04,09,0.0,10.594691,-3.66723,1995
16535,r4i1p1f1,1995,04,10,0.0,10.736045,-4.202787,1995
16536,r4i1p1f1,1995,04,11,0.0,11.485568,-3.6014957,1995
16537,r4i1p1f1,1995,04,12,0.0,11.065909,-4.0419445,1995
16538,r4i1p1f1,1995,04,13,9.573593543622774e-05,9.021959,-1.9038984,1995
16539,r4i1p1f1,1995,04,14,0.0,6.4230146,-5.811359,1995
16540,r4i1p1f1,1995,04,15,0.10299418146334319,5.699837,-4.217393,1995
16541,r4i1p1f1,1995,04,16,0.0,6.8562684,-5.1738534,1995
16542,r4i1p1f1,1995,04,17,0.0,9.780457,-4.604691,1995
16543,r4i1p1f1,1995,04,18,0.0,11.501528,-3.3491297,1995
16544,r4i1p1f1,1995,04,19,0.0,13.384217,-1.2761198,1995
16545,r4i1p1f1,1995,04,20,0.0,14.945277,-0.41960007,1995
16546,r4i1p1f1,1995,04,21,0.0,15.007228,-0.03967872,1995
16547,r4i1p1f1,1995,04,22,0.0,16.742588,0.45531943,1995
16548,r4i1p1f1,1995,04,23,0.0,17.610374,1.9163457,1995
16549,r4i1p1f1,1995,04,24,0.25556995310189573,16.619387,3.2717214,1995
16550,r4i1p1f1,1995,04,25,0.0,14.043811,2.675534,1995
16551,r4i1p1f1,1995,04,26,1.1552329359756393,9.716031,-1.574233,1995
16552,r4i1p1f1,1995,04,27,0.0,12.326762,-0.24935623,1995
16553,r4i1p1f1,1995,04,28,0.0,14.443264,-0.6771825,1995
16554,r4i1p1f1,1995,04,29,0.0,16.334177,0.40598294,1995
16555,r4i1p1f1,1995,04,30,1.2883281608478128,14.044677,-0.05087294,1995
16556,r4i1p1f1,1995,05,01,0.0,17.173183,2.3925588,1995
16557,r4i1p1f1,1995,05,02,0.41388746100987256,17.307676,3.8351805,1995
16558,r4i1p1f1,1995,05,03,0.0,18.591635,3.5916576,1995
16559,r4i1p1f1,1995,05,04,0.0,19.464256,5.222981,1995
16560,r4i1p1f1,1995,05,05,0.0,18.794436,5.2719336,1995
16561,r4i1p1f1,1995,05,06,0.7918586713215547,17.79099,3.4402375,1995
16562,r4i1p1f1,1995,05,07,0.0,16.418686,3.1545491,1995
16563,r4i1p1f1,1995,05,08,0.0,14.668484,0.56185496,1995
16564,r4i1p1f1,1995,05,09,0.0,16.370325,1.5667521,1995
16565,r4i1p1f1,1995,05,10,0.0,15.449523,0.7900703,1995
16566,r4i1p1f1,1995,05,11,3.4391158251960343,10.962066,-1.1031979,1995
16567,r4i1p1f1,1995,05,12,1.6698864969802594,11.672177,-1.4809302,1995
16568,r4i1p1f1,1995,05,13,0.0,16.31385,0.9102562,1995
16569,r4i1p1f1,1995,05,14,0.0,17.354174,2.3871427,1995
16570,r4i1p1f1,1995,05,15,0.0,17.177656,2.0050287,1995
16571,r4i1p1f1,1995,05,16,0.0,16.857174,2.0538726,1995
16572,r4i1p1f1,1995,05,17,0.0,18.892288,4.255614,1995
16573,r4i1p1f1,1995,05,18,0.0,19.181116,4.3340406,1995
16574,r4i1p1f1,1995,05,19,0.0,18.284288,4.403474,1995
16575,r4i1p1f1,1995,05,20,0.00425631597077651,17.769438,2.618289,1995
16576,r4i1p1f1,1995,05,21,0.0,20.369953,4.9432654,1995
16577,r4i1p1f1,1995,05,22,0.0008904653935120609,20.456583,6.4839,1995
16578,r4i1p1f1,1995,05,23,0.933381593452342,20.381147,5.776509,1995
16579,r4i1p1f1,1995,05,24,3.784673619079451,15.724349,1.6333458,1995
16580,r4i1p1f1,1995,05,25,6.04482816419625,10.994693,-0.6392852,1995
16581,r4i1p1f1,1995,05,26,4.138121926357249,9.202713,0.7016949,1995
16582,r4i1p1f1,1995,05,27,9.185781878036261,5.6382785,-1.5947188,1995
16583,r4i1p1f1,1995,05,28,3.543779024994159,5.534231,-1.7039875,1995
16584,r4i1p1f1,1995,05,29,0.0,9.204824,0.53833055,1995
16585,r4i1p1f1,1995,05,30,0.0,13.327809,-0.25385344,1995
16586,r4i1p1f1,1995,05,31,0.0,15.494457,0.637096,1995
16587,r4i1p1f1,1995,06,01,0.0,17.626657,0.6686358,1995
16588,r4i1p1f1,1995,06,02,0.0,20.972652,4.2096596,1995
16589,r4i1p1f1,1995,06,03,0.0,23.898771,7.299528,1995
16590,r4i1p1f1,1995,06,04,0.0,24.741295,8.423438,1995
16591,r4i1p1f1,1995,06,05,0.009036915006992571,27.609526,10.709362,1995
16592,r4i1p1f1,1995,06,06,0.0,25.77759,10.190242,1995
16593,r4i1p1f1,1995,06,07,0.0,24.57931,8.468249,1995
16594,r4i1p1f1,1995,06,08,0.0,18.828896,4.3664656,1995
16595,r4i1p1f1,1995,06,09,0.0,19.500488,3.0352833,1995
16596,r4i1p1f1,1995,06,10,0.0,18.77369,3.8446782,1995
16597,r4i1p1f1,1995,06,11,0.0,17.284937,2.5448275,1995
16598,r4i1p1f1,1995,06,12,0.0,15.259703,0.76629263,1995
16599,r4i1p1f1,1995,06,13,0.0,16.072905,0.23349214,1995
16600,r4i1p1f1,1995,06,14,0.0,18.046589,1.1507348,1995
16601,r4i1p1f1,1995,06,15,0.0,19.732483,5.091859,1995
16602,r4i1p1f1,1995,06,16,0.0,22.922403,6.144995,1995
16603,r4i1p1f1,1995,06,17,0.0,26.469906,9.393991,1995
16604,r4i1p1f1,1995,06,18,0.0,29.075325,11.064446,1995
16605,r4i1p1f1,1995,06,19,0.0,30.16229,12.739647,1995
16606,r4i1p1f1,1995,06,20,0.0,28.624527,11.98817,1995
16607,r4i1p1f1,1995,06,21,0.0,27.22663,11.08863,1995
16608,r4i1p1f1,1995,06,22,0.0,25.75559,10.828951,1995
16609,r4i1p1f1,1995,06,23,0.0,25.012007,9.457737,1995
16610,r4i1p1f1,1995,06,24,0.0,25.809933,10.509017,1995
16611,r4i1p1f1,1995,06,25,0.0,26.92505,11.336877,1995
16612,r4i1p1f1,1995,06,26,0.0,26.24427,12.060905,1995
16613,r4i1p1f1,1995,06,27,0.0,25.137434,9.899637,1995
16614,r4i1p1f1,1995,06,28,0.0,23.804197,8.622731,1995
16615,r4i1p1f1,1995,06,29,0.0,19.070915,5.057604,1995
16616,r4i1p1f1,1995,06,30,0.0,17.92468,3.4675868,1995
16617,r4i1p1f1,1995,07,01,0.0,17.952513,3.1929982,1995
16618,r4i1p1f1,1995,07,02,0.44583081103093836,18.221855,4.272427,1995
16619,r4i1p1f1,1995,07,03,0.24379717529939943,13.519336,1.2668471,1995
16620,r4i1p1f1,1995,07,04,0.0,17.613,1.6569388,1995
16621,r4i1p1f1,1995,07,05,0.0,17.95209,4.1388173,1995
16622,r4i1p1f1,1995,07,06,0.0,18.339611,3.8272917,1995
16623,r4i1p1f1,1995,07,07,0.0,17.75984,4.172481,1995
16624,r4i1p1f1,1995,07,08,0.0,18.963816,3.9663703,1995
16625,r4i1p1f1,1995,07,09,0.0,20.696665,5.1600823,1995
16626,r4i1p1f1,1995,07,10,0.0,20.1654,6.1845613,1995
16627,r4i1p1f1,1995,07,11,0.0,19.130919,4.715872,1995
16628,r4i1p1f1,1995,07,12,0.0,18.985664,4.4658365,1995
16629,r4i1p1f1,1995,07,13,0.0,19.61475,4.6925745,1995
16630,r4i1p1f1,1995,07,14,0.0,19.212803,5.089979,1995
16631,r4i1p1f1,1995,07,15,0.0,17.706577,5.594429,1995
16632,r4i1p1f1,1995,07,16,0.0,19.775965,5.477224,1995
16633,r4i1p1f1,1995,07,17,0.0,21.610409,7.3812904,1995
16634,r4i1p1f1,1995,07,18,0.0,22.666908,7.8728833,1995
16635,r4i1p1f1,1995,07,19,0.0,25.04951,8.753136,1995
16636,r4i1p1f1,1995,07,20,0.0,24.60702,12.988137,1995
16637,r4i1p1f1,1995,07,21,0.0,22.688751,9.981966,1995
16638,r4i1p1f1,1995,07,22,0.0,25.478601,9.698059,1995
16639,r4i1p1f1,1995,07,23,0.0,26.343838,11.099268,1995
16640,r4i1p1f1,1995,07,24,0.0,25.693972,11.767649,1995
16641,r4i1p1f1,1995,07,25,0.0,26.445719,10.469398,1995
16642,r4i1p1f1,1995,07,26,0.02665767281282508,26.01811,10.389296,1995
16643,r4i1p1f1,1995,07,27,0.0,26.034405,10.281768,1995
16644,r4i1p1f1,1995,07,28,0.0,26.378298,10.402389,1995
16645,r4i1p1f1,1995,07,29,0.0,26.459497,11.340308,1995
16646,r4i1p1f1,1995,07,30,0.0,26.262318,12.099633,1995
16647,r4i1p1f1,1995,07,31,0.0,25.664326,11.771828,1995
16648,r4i1p1f1,1995,08,01,0.0,25.804714,11.351957,1995
16649,r4i1p1f1,1995,08,02,0.0,26.235228,11.025797,1995
16650,r4i1p1f1,1995,08,03,0.0,26.895544,11.146506,1995
16651,r4i1p1f1,1995,08,04,0.04908073685217303,26.235834,11.607796,1995
16652,r4i1p1f1,1995,08,05,0.0,25.607126,10.8588915,1995
16653,r4i1p1f1,1995,08,06,0.0,24.162361,8.997829,1995
16654,r4i1p1f1,1995,08,07,0.0,23.497086,8.516864,1995
16655,r4i1p1f1,1995,08,08,0.0,21.338915,7.3360686,1995
16656,r4i1p1f1,1995,08,09,0.0,19.304077,5.38371,1995
16657,r4i1p1f1,1995,08,10,0.0,19.01479,4.160637,1995
16658,r4i1p1f1,1995,08,11,0.0,20.337824,4.989662,1995
16659,r4i1p1f1,1995,08,12,0.0,20.917377,5.329684,1995
16660,r4i1p1f1,1995,08,13,0.0,21.24615,5.902482,1995
16661,r4i1p1f1,1995,08,14,0.0,22.418398,6.70723,1995
16662,r4i1p1f1,1995,08,15,0.0,21.99115,6.735828,1995
16663,r4i1p1f1,1995,08,16,0.0,20.367205,5.5803843,1995
16664,r4i1p1f1,1995,08,17,0.0,19.906359,4.5952086,1995
16665,r4i1p1f1,1995,08,18,0.0,23.49619,6.3994923,1995
16666,r4i1p1f1,1995,08,19,0.0,24.819115,8.1994505,1995
16667,r4i1p1f1,1995,08,20,0.0,24.404009,9.599607,1995
16668,r4i1p1f1,1995,08,21,0.0,23.904068,8.9684925,1995
16669,r4i1p1f1,1995,08,22,0.0,23.446692,7.515089,1995
16670,r4i1p1f1,1995,08,23,0.0,24.707731,8.3038845,1995
16671,r4i1p1f1,1995,08,24,0.0,26.669039,9.725812,1995
16672,r4i1p1f1,1995,08,25,0.2520056935551456,26.510265,10.169414,1995
16673,r4i1p1f1,1995,08,26,0.0,25.786833,10.265446,1995
16674,r4i1p1f1,1995,08,27,0.6637391820760672,24.63584,10.33593,1995
16675,r4i1p1f1,1995,08,28,0.1198419627543366,20.615505,7.44192,1995
16676,r4i1p1f1,1995,08,29,0.0,17.276857,4.255452,1995
16677,r4i1p1f1,1995,08,30,0.0,16.039076,3.1675806,1995
16678,r4i1p1f1,1995,08,31,0.06840288387142686,14.94688,4.525826,1995
16679,r4i1p1f1,1995,09,01,0.4974090027648822,19.081694,4.3451686,1995
16680,r4i1p1f1,1995,09,02,0.0,23.045168,6.984018,1995
16681,r4i1p1f1,1995,09,03,0.0,24.608784,8.153563,1995
16682,r4i1p1f1,1995,09,04,0.0,24.56085,9.220654,1995
16683,r4i1p1f1,1995,09,05,0.0,23.352041,8.835064,1995
16684,r4i1p1f1,1995,09,06,0.0,18.005362,3.9075816,1995
16685,r4i1p1f1,1995,09,07,0.0,20.305357,4.0885234,1995
16686,r4i1p1f1,1995,09,08,0.0,23.139204,6.595501,1995
16687,r4i1p1f1,1995,09,09,0.0,24.53775,8.059986,1995
16688,r4i1p1f1,1995,09,10,0.0,24.901636,8.322913,1995
16689,r4i1p1f1,1995,09,11,0.0,24.14986,9.331425,1995
16690,r4i1p1f1,1995,09,12,0.0,22.919228,9.912603,1995
16691,r4i1p1f1,1995,09,13,0.19054991847359284,19.576,5.7787204,1995
16692,r4i1p1f1,1995,09,14,0.21531222125357838,16.824469,4.0857487,1995
16693,r4i1p1f1,1995,09,15,0.0,15.456216,1.8464618,1995
16694,r4i1p1f1,1995,09,16,0.0,15.182401,1.9445746,1995
16695,r4i1p1f1,1995,09,17,0.0,17.916216,3.4544282,1995
16696,r4i1p1f1,1995,09,18,0.0,20.755325,4.820925,1995
16697,r4i1p1f1,1995,09,19,0.0,19.149172,5.0774765,1995
16698,r4i1p1f1,1995,09,20,0.0,19.740515,2.6949198,1995
16699,r4i1p1f1,1995,09,21,0.0,18.896717,3.7331915,1995
16700,r4i1p1f1,1995,09,22,0.0,21.054176,5.1220036,1995
16701,r4i1p1f1,1995,09,23,0.0,21.60915,6.3860726,1995
16702,r4i1p1f1,1995,09,24,0.0,20.95493,6.4118166,1995
16703,r4i1p1f1,1995,09,25,0.0,19.07626,4.434495,1995
16704,r4i1p1f1,1995,09,26,0.0,22.073112,5.2076006,1995
16705,r4i1p1f1,1995,09,27,0.0,23.274342,8.776787,1995
16706,r4i1p1f1,1995,09,28,0.0,22.679209,8.366478,1995
16707,r4i1p1f1,1995,09,29,0.0,17.861122,3.2987406,1995
16708,r4i1p1f1,1995,09,30,0.0,16.478428,1.9444475,1995
16709,r4i1p1f1,1995,10,01,0.0,15.42692,2.511025,1995
16710,r4i1p1f1,1995,10,02,0.0,16.313713,4.1176376,1995
16711,r4i1p1f1,1995,10,03,0.4384830173258949,18.491877,5.7579546,1995
16712,r4i1p1f1,1995,10,04,0.7365670750235398,19.451534,4.6657467,1995
16713,r4i1p1f1,1995,10,05,0.0,14.862756,2.3620975,1995
16714,r4i1p1f1,1995,10,06,0.0,12.0780735,-3.420582,1995
16715,r4i1p1f1,1995,10,07,0.0013875839502205103,8.680839,-4.2015796,1995
16716,r4i1p1f1,1995,10,08,0.0,8.388406,-5.019138,1995
16717,r4i1p1f1,1995,10,09,0.1555116541172184,9.89802,-3.4965372,1995
16718,r4i1p1f1,1995,10,10,3.035133132537615,8.495938,-1.9717082,1995
16719,r4i1p1f1,1995,10,11,1.5242438947155597,10.978698,-1.3235126,1995
16720,r4i1p1f1,1995,10,12,0.0,14.50244,-2.3073046,1995
16721,r4i1p1f1,1995,10,13,0.0,13.919989,-1.5252421,1995
16722,r4i1p1f1,1995,10,14,0.0,15.068903,-0.4930982,1995
16723,r4i1p1f1,1995,10,15,0.0,16.500185,0.14200534,1995
16724,r4i1p1f1,1995,10,16,0.0,15.666413,1.1058344,1995
16725,r4i1p1f1,1995,10,17,0.0,14.701805,3.04631,1995
16726,r4i1p1f1,1995,10,18,0.0,13.960343,-0.7290121,1995
16727,r4i1p1f1,1995,10,19,0.0,15.538813,0.16129458,1995
16728,r4i1p1f1,1995,10,20,0.0,16.911259,2.018766,1995
16729,r4i1p1f1,1995,10,21,0.0,17.693565,3.302629,1995
16730,r4i1p1f1,1995,10,22,0.0,17.081402,3.852714,1995
16731,r4i1p1f1,1995,10,23,0.0,14.617412,2.5190763,1995
16732,r4i1p1f1,1995,10,24,0.0,16.917316,0.7251543,1995
16733,r4i1p1f1,1995,10,25,0.0,16.24368,0.46168146,1995
16734,r4i1p1f1,1995,10,26,0.0,15.158378,0.16659221,1995
16735,r4i1p1f1,1995,10,27,0.0,16.388096,-0.24617875,1995
16736,r4i1p1f1,1995,10,28,0.0,16.159155,3.722337,1995
16737,r4i1p1f1,1995,10,29,0.0,13.26224,2.1442406,1995
16738,r4i1p1f1,1995,10,30,0.5846420441329062,6.2583175,-5.392124,1995
16739,r4i1p1f1,1995,10,31,0.0,2.9455686,-8.668772,1995
16740,r4i1p1f1,1995,11,01,0.0,5.2875447,-6.898515,1995
16741,r4i1p1f1,1995,11,02,0.0,6.6200895,-6.901831,1995
16742,r4i1p1f1,1995,11,03,0.10378855765433466,4.406462,-7.102291,1995
16743,r4i1p1f1,1995,11,04,0.0,3.4556344,-8.733633,1995
16744,r4i1p1f1,1995,11,05,0.0,5.8513875,-7.463395,1995
16745,r4i1p1f1,1995,11,06,0.0,9.774951,-5.904851,1995
16746,r4i1p1f1,1995,11,07,0.0,9.877535,-4.667963,1995
16747,r4i1p1f1,1995,11,08,0.0,9.016245,-5.0911155,1995
16748,r4i1p1f1,1995,11,09,0.0,10.202984,-4.6513534,1995
16749,r4i1p1f1,1995,11,10,0.0,11.699174,-2.1982725,1995
16750,r4i1p1f1,1995,11,11,0.0,10.548519,-1.4498938,1995
16751,r4i1p1f1,1995,11,12,7.788940123111174,2.1404836,-11.986655,1995
16752,r4i1p1f1,1995,11,13,0.05089922002026794,-3.169165,-16.997696,1995
16753,r4i1p1f1,1995,11,14,1.6461059460617924,-0.83849186,-14.418647,1995
16754,r4i1p1f1,1995,11,15,0.008498268806148,0.5689248,-8.551959,1995
16755,r4i1p1f1,1995,11,16,0.0,0.7531584,-8.892012,1995
16756,r4i1p1f1,1995,11,17,0.0,1.1261657,-10.657071,1995
16757,r4i1p1f1,1995,11,18,0.0,0.84107804,-12.775223,1995
16758,r4i1p1f1,1995,11,19,0.0,1.9006673,-13.897081,1995
16759,r4i1p1f1,1995,11,20,0.0,6.954259,-8.468995,1995
16760,r4i1p1f1,1995,11,21,0.0,6.5203433,-7.590852,1995
16761,r4i1p1f1,1995,11,22,0.0,6.5124373,-7.636366,1995
16762,r4i1p1f1,1995,11,23,0.0,8.904049,-6.6758637,1995
16763,r4i1p1f1,1995,11,24,0.0,13.10717,-3.6823611,1995
16764,r4i1p1f1,1995,11,25,0.0,14.780795,-2.6271636,1995
16765,r4i1p1f1,1995,11,26,0.0,15.302903,-0.57940483,1995
16766,r4i1p1f1,1995,11,27,0.7249860023606397,14.063856,3.058498,1995
16767,r4i1p1f1,1995,11,28,40.25616849276418,14.061093,4.3728266,1995
16768,r4i1p1f1,1995,11,29,8.83321518897436,7.80985,-0.4260093,1995
16769,r4i1p1f1,1995,11,30,0.0,11.558023,-3.381098,1995
16770,r4i1p1f1,1995,12,01,0.0,13.53678,-0.8563237,1995
16771,r4i1p1f1,1995,12,02,0.0,12.3885,0.02362323,1995
16772,r4i1p1f1,1995,12,03,0.0,9.625493,-2.405366,1995
16773,r4i1p1f1,1995,12,04,0.0,8.878504,-3.6290672,1995
16774,r4i1p1f1,1995,12,05,0.0,10.003664,-0.8354039,1995
16775,r4i1p1f1,1995,12,06,0.0,9.493058,-1.5215565,1995
16776,r4i1p1f1,1995,12,07,4.199746381126967,5.4246306,-4.502239,1995
16777,r4i1p1f1,1995,12,08,17.72179730590517,1.492435,-7.1609206,1995
16778,r4i1p1f1,1995,12,09,0.0057615746946255274,3.8801827,-8.302332,1995
16779,r4i1p1f1,1995,12,10,0.0,4.7355795,-8.483293,1995
16780,r4i1p1f1,1995,12,11,0.0,4.5939045,-7.132358,1995
16781,r4i1p1f1,1995,12,12,0.22433816383582117,7.2704616,-3.7484717,1995
16782,r4i1p1f1,1995,12,13,0.0,9.016947,-5.015265,1995
16783,r4i1p1f1,1995,12,14,0.0,8.576961,-4.1445427,1995
16784,r4i1p1f1,1995,12,15,0.0,7.2859015,-6.26352,1995
16785,r4i1p1f1,1995,12,16,0.0,7.7486897,-4.6973176,1995
16786,r4i1p1f1,1995,12,17,0.0,7.4954486,-4.74222,1995
16787,r4i1p1f1,1995,12,18,0.0,6.8566775,-4.1903677,1995
16788,r4i1p1f1,1995,12,19,0.0,6.985097,-5.257896,1995
16789,r4i1p1f1,1995,12,20,0.0,6.123266,-3.8257973,1995
16790,r4i1p1f1,1995,12,21,1.5678648894344698,3.8006704,-6.2991524,1995
16791,r4i1p1f1,1995,12,22,0.0,6.117098,-6.4310465,1995
16792,r4i1p1f1,1995,12,23,0.0,5.733832,-7.2836714,1995
16793,r4i1p1f1,1995,12,24,0.8505317889526908,5.6484656,-7.08116,1995
16794,r4i1p1f1,1995,12,25,0.1825745182867242,-0.6351955,-10.262677,1995
16795,r4i1p1f1,1995,12,26,0.0,3.2433984,-9.932747,1995
16796,r4i1p1f1,1995,12,27,0.0,1.6348933,-10.804364,1995
16797,r4i1p1f1,1995,12,28,0.0,3.61023,-9.823756,1995
16798,r4i1p1f1,1995,12,29,0.0,7.8528905,-8.927532,1995
16799,r4i1p1f1,1995,12,30,0.0,10.162256,-5.3861537,1995
16800,r4i1p1f1,1995,12,31,0.0,7.388623,-4.808407,1995
16801,r4i1p1f1,1996,01,01,0.0,4.8538723,-7.8872476,1996
16802,r4i1p1f1,1996,01,02,0.0,2.8780131,-8.350023,1996
16803,r4i1p1f1,1996,01,03,0.0,3.9298885,-8.362633,1996
16804,r4i1p1f1,1996,01,04,0.0,2.796359,-8.333359,1996
16805,r4i1p1f1,1996,01,05,0.0,5.3546424,-5.97999,1996
16806,r4i1p1f1,1996,01,06,0.0,6.4124236,-6.3759828,1996
16807,r4i1p1f1,1996,01,07,0.0,9.602022,-2.5664732,1996
16808,r4i1p1f1,1996,01,08,0.0,13.09546,-1.3370242,1996
16809,r4i1p1f1,1996,01,09,0.0,13.464893,1.2542713,1996
16810,r4i1p1f1,1996,01,10,0.0,15.461184,1.1330947,1996
16811,r4i1p1f1,1996,01,11,0.0,15.449828,1.9154655,1996
16812,r4i1p1f1,1996,01,12,0.0,14.376477,0.62189406,1996
16813,r4i1p1f1,1996,01,13,0.0,12.357017,0.3460513,1996
16814,r4i1p1f1,1996,01,14,0.0,11.619354,-0.8669637,1996
16815,r4i1p1f1,1996,01,15,0.0,11.814629,-0.8832444,1996
16816,r4i1p1f1,1996,01,16,0.013045759790480069,9.2372,-1.6244662,1996
16817,r4i1p1f1,1996,01,17,0.014263413750621326,2.8754327,-8.003085,1996
16818,r4i1p1f1,1996,01,18,4.307467968557246,-5.4584947,-12.970037,1996
16819,r4i1p1f1,1996,01,19,0.0,-1.6692468,-16.611176,1996
16820,r4i1p1f1,1996,01,20,22.295238496050896,-4.930758,-13.807235,1996
16821,r4i1p1f1,1996,01,21,31.621294406482875,-6.533298,-14.597552,1996
16822,r4i1p1f1,1996,01,22,0.0,0.7492101,-18.592382,1996
16823,r4i1p1f1,1996,01,23,0.0,5.634949,-12.154331,1996
16824,r4i1p1f1,1996,01,24,0.0,5.3261533,-5.066496,1996
16825,r4i1p1f1,1996,01,25,32.044110126420435,-2.0209045,-8.665711,1996
16826,r4i1p1f1,1996,01,26,47.246544893380104,-3.7812989,-8.785435,1996
16827,r4i1p1f1,1996,01,27,6.648932844511027,-3.996486,-16.28738,1996
16828,r4i1p1f1,1996,01,28,0.0,0.5668883,-14.09305,1996
16829,r4i1p1f1,1996,01,29,0.0,6.2935386,-9.742326,1996
16830,r4i1p1f1,1996,01,30,0.0,8.468614,-6.205335,1996
16831,r4i1p1f1,1996,01,31,0.0,8.032097,-5.4985075,1996
16832,r4i1p1f1,1996,02,01,0.0,7.991118,-8.320798,1996
16833,r4i1p1f1,1996,02,02,0.0,10.851849,-3.9034674,1996
16834,r4i1p1f1,1996,02,03,0.0,9.492696,-1.0950751,1996
16835,r4i1p1f1,1996,02,04,0.0,7.9035635,-6.5272517,1996
16836,r4i1p1f1,1996,02,05,4.229552528423026,5.679568,-3.4873986,1996
16837,r4i1p1f1,1996,02,06,0.0,7.0684643,-6.418166,1996
16838,r4i1p1f1,1996,02,07,0.0,9.119273,-7.864725,1996
16839,r4i1p1f1,1996,02,08,0.0,8.447433,-3.3465862,1996
16840,r4i1p1f1,1996,02,09,0.0,9.980767,-1.892335,1996
16841,r4i1p1f1,1996,02,10,0.0,12.397328,-1.7788237,1996
16842,r4i1p1f1,1996,02,11,0.0,10.291932,-1.426085,1996
16843,r4i1p1f1,1996,02,12,46.40277252644216,4.8401785,-4.2491646,1996
16844,r4i1p1f1,1996,02,13,0.7402615634369524,3.5661693,-6.1894345,1996
16845,r4i1p1f1,1996,02,14,4.755946964144546,1.0502747,-8.304436,1996
16846,r4i1p1f1,1996,02,15,7.847300306796433,1.7918298,-9.838387,1996
16847,r4i1p1f1,1996,02,16,0.0,6.6767015,-6.393242,1996
16848,r4i1p1f1,1996,02,17,0.0,12.128752,-4.8850827,1996
16849,r4i1p1f1,1996,02,18,0.0,13.776313,-2.7166157,1996
16850,r4i1p1f1,1996,02,19,0.0,15.6944,-2.6264353,1996
16851,r4i1p1f1,1996,02,20,0.0,15.345569,0.67396325,1996
16852,r4i1p1f1,1996,02,21,0.0,14.856027,-0.34703887,1996
16853,r4i1p1f1,1996,02,22,0.0,14.110095,1.4383494,1996
16854,r4i1p1f1,1996,02,23,0.0005622779942861425,9.92048,-1.5489391,1996
16855,r4i1p1f1,1996,02,24,8.079869496028072,1.3737757,-5.6008964,1996
16856,r4i1p1f1,1996,02,25,0.0,6.169613,-6.592849,1996
16857,r4i1p1f1,1996,02,26,0.0,6.5079827,-5.398019,1996
16858,r4i1p1f1,1996,02,27,0.0,8.8456,-4.733417,1996
16859,r4i1p1f1,1996,02,28,0.0,11.6079645,-2.5031815,1996
16860,r4i1p1f1,1996,02,29,0.0,11.493229,-1.7810744,1996
16861,r4i1p1f1,1996,03,01,0.0,12.60855,-2.9146547,1996
16862,r4i1p1f1,1996,03,02,0.0,12.991055,-2.8689413,1996
16863,r4i1p1f1,1996,03,03,0.0,12.11474,-1.3376868,1996
16864,r4i1p1f1,1996,03,04,0.0,13.767571,-0.39478037,1996
16865,r4i1p1f1,1996,03,05,0.0,14.6147375,-0.54756635,1996
16866,r4i1p1f1,1996,03,06,0.0,15.846685,-0.28849882,1996
16867,r4i1p1f1,1996,03,07,0.0,16.960497,2.7080317,1996
16868,r4i1p1f1,1996,03,08,0.0,15.252577,3.1617775,1996
16869,r4i1p1f1,1996,03,09,2.12977254190124,7.16648,-4.804891,1996
16870,r4i1p1f1,1996,03,10,0.0,6.0252256,-7.280089,1996
16871,r4i1p1f1,1996,03,11,22.00186895043273,1.6323227,-4.4390473,1996
16872,r4i1p1f1,1996,03,12,0.27543846150711115,0.5070263,-7.2488737,1996
16873,r4i1p1f1,1996,03,13,1.0839244994153536,-0.5485301,-8.92076,1996
16874,r4i1p1f1,1996,03,14,0.0,3.7664819,-12.075615,1996
16875,r4i1p1f1,1996,03,15,0.0,5.3487825,-10.561744,1996
16876,r4i1p1f1,1996,03,16,0.0,7.2385693,-7.0733504,1996
16877,r4i1p1f1,1996,03,17,0.0,10.058425,-5.337813,1996
16878,r4i1p1f1,1996,03,18,0.0,9.586064,-4.9706635,1996
16879,r4i1p1f1,1996,03,19,11.177583272118232,4.1575365,-4.204176,1996
16880,r4i1p1f1,1996,03,20,0.26941070559237584,5.346213,-9.354633,1996
16881,r4i1p1f1,1996,03,21,0.0,9.874134,-7.509939,1996
16882,r4i1p1f1,1996,03,22,0.9054603450918439,5.8893,-7.477916,1996
16883,r4i1p1f1,1996,03,23,0.0,10.311351,-6.8823776,1996
16884,r4i1p1f1,1996,03,24,0.0,12.872875,-4.5027866,1996
16885,r4i1p1f1,1996,03,25,0.0,12.439948,-0.51242137,1996
16886,r4i1p1f1,1996,03,26,4.1469964186191595,7.9297295,-3.7454712,1996
16887,r4i1p1f1,1996,03,27,1.151736624985267,5.232135,-7.3875303,1996
16888,r4i1p1f1,1996,03,28,0.07570333714263484,5.9257503,-7.514733,1996
16889,r4i1p1f1,1996,03,29,2.267214885929758,3.5615475,-8.148205,1996
16890,r4i1p1f1,1996,03,30,0.3356727590648525,-0.7427472,-12.895254,1996
16891,r4i1p1f1,1996,03,31,0.012824752933516407,1.0102955,-11.12125,1996
16892,r4i1p1f1,1996,04,01,0.0,4.7456055,-10.517045,1996
16893,r4i1p1f1,1996,04,02,0.019823955028079404,6.482328,-6.5635314,1996
16894,r4i1p1f1,1996,04,03,0.0,8.891228,-6.2536354,1996
16895,r4i1p1f1,1996,04,04,0.0,7.9077835,-5.171824,1996
16896,r4i1p1f1,1996,04,05,0.9549764357961564,6.5660515,-7.5772667,1996
16897,r4i1p1f1,1996,04,06,6.596705079267257,2.6676075,-9.677641,1996
16898,r4i1p1f1,1996,04,07,0.03983763431628736,6.0400505,-7.9889216,1996
16899,r4i1p1f1,1996,04,08,0.012827257726370984,9.622601,-6.279562,1996
16900,r4i1p1f1,1996,04,09,0.0,9.456865,-4.421698,1996
16901,r4i1p1f1,1996,04,10,0.0,12.402473,-3.9014354,1996
16902,r4i1p1f1,1996,04,11,0.030997850009286565,11.339916,-1.6122888,1996
16903,r4i1p1f1,1996,04,12,5.7755020510978685,4.1332793,-6.0672703,1996
16904,r4i1p1f1,1996,04,13,0.11879991248054578,7.5273705,-7.2515726,1996
16905,r4i1p1f1,1996,04,14,0.22172009650677363,9.457843,-2.6133714,1996
16906,r4i1p1f1,1996,04,15,0.5408053738754633,13.695398,-1.0598093,1996
16907,r4i1p1f1,1996,04,16,0.0,16.281307,2.0473409,1996
16908,r4i1p1f1,1996,04,17,3.3667653733408773,9.619503,-1.030369,1996
16909,r4i1p1f1,1996,04,18,17.474502633532246,2.8555717,-6.320953,1996
16910,r4i1p1f1,1996,04,19,2.632493520377054,2.6805441,-12.211088,1996
16911,r4i1p1f1,1996,04,20,0.788525465876325,5.100791,-7.549509,1996
16912,r4i1p1f1,1996,04,21,0.0,11.035907,-2.8084722,1996
16913,r4i1p1f1,1996,04,22,0.0,16.348381,-0.30526105,1996
16914,r4i1p1f1,1996,04,23,0.0,18.374008,2.6465907,1996
16915,r4i1p1f1,1996,04,24,0.0,16.17336,1.9851171,1996
16916,r4i1p1f1,1996,04,25,12.37012766632441,11.280373,-2.037354,1996
16917,r4i1p1f1,1996,04,26,20.520209516386757,6.3188915,-1.2809387,1996
16918,r4i1p1f1,1996,04,27,0.0,13.134635,-2.5606863,1996
16919,r4i1p1f1,1996,04,28,0.0,16.849754,0.60663277,1996
16920,r4i1p1f1,1996,04,29,0.0,15.622375,1.4928751,1996
16921,r4i1p1f1,1996,04,30,7.081384271619277,7.8648887,-5.035234,1996
16922,r4i1p1f1,1996,05,01,1.9397691674751254,2.8527517,-6.5162234,1996
16923,r4i1p1f1,1996,05,02,0.0,9.379073,-6.1396093,1996
16924,r4i1p1f1,1996,05,03,0.0,12.860237,-2.2977343,1996
16925,r4i1p1f1,1996,05,04,0.0,14.528881,0.2755741,1996
16926,r4i1p1f1,1996,05,05,0.0,14.297704,0.2738229,1996
16927,r4i1p1f1,1996,05,06,0.0,12.870238,1.3175927,1996
16928,r4i1p1f1,1996,05,07,0.2891375041881948,10.97301,-0.08886594,1996
16929,r4i1p1f1,1996,05,08,0.0,13.811015,-1.401376,1996
16930,r4i1p1f1,1996,05,09,0.0,14.471083,-0.7518752,1996
16931,r4i1p1f1,1996,05,10,0.0,14.77157,0.89580816,1996
16932,r4i1p1f1,1996,05,11,0.0,17.336891,1.279174,1996
16933,r4i1p1f1,1996,05,12,0.0,16.73725,3.0579734,1996
16934,r4i1p1f1,1996,05,13,0.0,16.485971,2.6903358,1996
16935,r4i1p1f1,1996,05,14,0.0,19.04891,2.791834,1996
16936,r4i1p1f1,1996,05,15,0.0,21.469791,4.9063377,1996
16937,r4i1p1f1,1996,05,16,0.0,21.725489,6.036355,1996
16938,r4i1p1f1,1996,05,17,0.0,20.853085,6.393464,1996
16939,r4i1p1f1,1996,05,18,0.0,19.449968,4.5911317,1996
16940,r4i1p1f1,1996,05,19,0.0,17.799183,4.2490716,1996
16941,r4i1p1f1,1996,05,20,0.0,14.573517,0.96082985,1996
16942,r4i1p1f1,1996,05,21,0.0,13.44583,-1.0822029,1996
16943,r4i1p1f1,1996,05,22,0.0,18.008648,1.0995408,1996
16944,r4i1p1f1,1996,05,23,0.0,20.843182,4.8215675,1996
16945,r4i1p1f1,1996,05,24,0.0,20.315891,5.6760416,1996
16946,r4i1p1f1,1996,05,25,0.47519475445130915,14.6787195,0.20889461,1996
16947,r4i1p1f1,1996,05,26,2.286122553244763,2.9375737,-7.3980145,1996
16948,r4i1p1f1,1996,05,27,4.443790079893837,4.658755,-7.553984,1996
16949,r4i1p1f1,1996,05,28,2.226314944456378,9.207878,-5.356048,1996
16950,r4i1p1f1,1996,05,29,0.0460950996831051,11.5661545,-1.4570816,1996
16951,r4i1p1f1,1996,05,30,1.7666654575887604,11.151881,-0.33779347,1996
16952,r4i1p1f1,1996,05,31,0.0,13.052862,0.10155173,1996
16953,r4i1p1f1,1996,06,01,0.0,15.655826,-0.12637696,1996
16954,r4i1p1f1,1996,06,02,0.0,20.141542,3.529547,1996
16955,r4i1p1f1,1996,06,03,0.0,24.928162,7.421632,1996
16956,r4i1p1f1,1996,06,04,0.0,25.222528,9.792188,1996
16957,r4i1p1f1,1996,06,05,0.0,22.160166,9.448923,1996
16958,r4i1p1f1,1996,06,06,0.008177844838058045,16.227736,3.657697,1996
16959,r4i1p1f1,1996,06,07,0.0,20.768026,4.6973524,1996
16960,r4i1p1f1,1996,06,08,0.0,22.6983,6.9494104,1996
16961,r4i1p1f1,1996,06,09,0.0,21.283497,9.271092,1996
16962,r4i1p1f1,1996,06,10,0.0,18.273273,5.748207,1996
16963,r4i1p1f1,1996,06,11,0.06413623707461681,15.420453,2.1741495,1996
16964,r4i1p1f1,1996,06,12,0.0,17.146214,2.3122246,1996
16965,r4i1p1f1,1996,06,13,0.0,20.042511,5.0625043,1996
16966,r4i1p1f1,1996,06,14,0.0,21.725267,5.9498143,1996
16967,r4i1p1f1,1996,06,15,0.0,20.871374,6.4731007,1996
16968,r4i1p1f1,1996,06,16,0.0,17.879017,4.7803817,1996
16969,r4i1p1f1,1996,06,17,0.0,16.772226,1.7272327,1996
16970,r4i1p1f1,1996,06,18,0.0,21.743065,5.1593547,1996
16971,r4i1p1f1,1996,06,19,0.0,24.644655,7.5515833,1996
16972,r4i1p1f1,1996,06,20,0.0,25.360592,9.258103,1996
16973,r4i1p1f1,1996,06,21,0.0,26.88333,10.85084,1996
16974,r4i1p1f1,1996,06,22,0.0,25.578695,11.238202,1996
16975,r4i1p1f1,1996,06,23,0.0,22.824522,7.676195,1996
16976,r4i1p1f1,1996,06,24,0.0,18.824163,4.7443185,1996
16977,r4i1p1f1,1996,06,25,0.0,21.414951,5.921456,1996
16978,r4i1p1f1,1996,06,26,0.0,24.723589,8.006921,1996
16979,r4i1p1f1,1996,06,27,0.0,26.71963,9.199131,1996
16980,r4i1p1f1,1996,06,28,0.0,27.26119,10.420151,1996
16981,r4i1p1f1,1996,06,29,0.0,25.860022,12.968362,1996
16982,r4i1p1f1,1996,06,30,0.0,24.443922,9.454882,1996
16983,r4i1p1f1,1996,07,01,0.0,22.875568,6.960661,1996
16984,r4i1p1f1,1996,07,02,0.0,22.034687,6.3474483,1996
16985,r4i1p1f1,1996,07,03,0.0,19.24157,6.3652434,1996
16986,r4i1p1f1,1996,07,04,0.0,15.336299,1.2613201,1996
16987,r4i1p1f1,1996,07,05,0.0,22.264273,5.6558642,1996
16988,r4i1p1f1,1996,07,06,0.0,28.310768,10.148208,1996
16989,r4i1p1f1,1996,07,07,0.0,27.568121,12.870782,1996
16990,r4i1p1f1,1996,07,08,4.139112248942916,24.960865,10.020383,1996
16991,r4i1p1f1,1996,07,09,0.662178446697303,22.602606,7.853234,1996
16992,r4i1p1f1,1996,07,10,0.0,25.57475,9.414794,1996
16993,r4i1p1f1,1996,07,11,0.020090706501054954,27.930489,11.778613,1996
16994,r4i1p1f1,1996,07,12,0.0,28.683418,12.77344,1996
16995,r4i1p1f1,1996,07,13,0.0,28.169144,13.370512,1996
16996,r4i1p1f1,1996,07,14,0.0,26.414316,12.206899,1996
16997,r4i1p1f1,1996,07,15,0.0,24.73322,10.256782,1996
16998,r4i1p1f1,1996,07,16,0.0,23.641586,9.88487,1996
16999,r4i1p1f1,1996,07,17,0.0,24.353191,9.052517,1996
17000,r4i1p1f1,1996,07,18,0.0,25.994854,10.336542,1996
17001,r4i1p1f1,1996,07,19,0.7953628008781956,25.66189,10.920153,1996
17002,r4i1p1f1,1996,07,20,0.23124813811937284,24.620886,11.345186,1996
17003,r4i1p1f1,1996,07,21,0.0,26.190025,9.317458,1996
17004,r4i1p1f1,1996,07,22,0.0,25.725842,10.084389,1996
17005,r4i1p1f1,1996,07,23,0.0,25.07215,8.659322,1996
17006,r4i1p1f1,1996,07,24,0.0,24.663736,9.261686,1996
17007,r4i1p1f1,1996,07,25,0.0,24.71784,9.53733,1996
17008,r4i1p1f1,1996,07,26,0.0,25.881392,9.9481,1996
17009,r4i1p1f1,1996,07,27,0.0,27.251951,11.37532,1996
17010,r4i1p1f1,1996,07,28,0.0,27.234203,11.492532,1996
17011,r4i1p1f1,1996,07,29,0.0,27.68017,11.157294,1996
17012,r4i1p1f1,1996,07,30,0.0,27.284986,11.381075,1996
17013,r4i1p1f1,1996,07,31,0.0,27.873087,12.519184,1996
17014,r4i1p1f1,1996,08,01,0.004405620221071771,28.204662,12.450019,1996
17015,r4i1p1f1,1996,08,02,0.0,28.673607,13.019162,1996
17016,r4i1p1f1,1996,08,03,0.6016623601212052,27.833012,13.68083,1996
17017,r4i1p1f1,1996,08,04,0.40452548872802735,26.782606,12.650229,1996
17018,r4i1p1f1,1996,08,05,1.00286575785561,26.473513,12.143696,1996
17019,r4i1p1f1,1996,08,06,0.0,26.592651,10.901193,1996
17020,r4i1p1f1,1996,08,07,0.0,25.368849,10.242631,1996
17021,r4i1p1f1,1996,08,08,0.0,24.141754,8.729464,1996
17022,r4i1p1f1,1996,08,09,0.0,23.617466,8.044846,1996
17023,r4i1p1f1,1996,08,10,0.0,26.2338,8.779469,1996
17024,r4i1p1f1,1996,08,11,0.0,29.657734,10.908671,1996
17025,r4i1p1f1,1996,08,12,0.0,30.148743,13.930515,1996
17026,r4i1p1f1,1996,08,13,0.0,29.282686,13.183702,1996
17027,r4i1p1f1,1996,08,14,0.0669012965562825,28.122536,13.330223,1996
17028,r4i1p1f1,1996,08,15,0.0009493732048468285,26.773592,12.404389,1996
17029,r4i1p1f1,1996,08,16,0.0026161422662234683,26.760807,11.95374,1996
17030,r4i1p1f1,1996,08,17,0.0,26.567862,11.629427,1996
17031,r4i1p1f1,1996,08,18,0.0,25.630024,11.129167,1996
17032,r4i1p1f1,1996,08,19,0.0,23.072542,6.596112,1996
17033,r4i1p1f1,1996,08,20,0.0,24.697302,8.414554,1996
17034,r4i1p1f1,1996,08,21,0.0,26.105757,9.800832,1996
17035,r4i1p1f1,1996,08,22,0.16853288341826145,26.844702,10.581617,1996
17036,r4i1p1f1,1996,08,23,0.3315279983791072,27.387531,11.047289,1996
17037,r4i1p1f1,1996,08,24,0.372153874886204,27.324875,11.305442,1996
17038,r4i1p1f1,1996,08,25,0.0,26.546179,12.000154,1996
17039,r4i1p1f1,1996,08,26,0.8444480003648948,25.5394,11.151285,1996
17040,r4i1p1f1,1996,08,27,0.8620600290858551,23.367193,10.891719,1996
17041,r4i1p1f1,1996,08,28,0.5552752349078992,21.966587,9.857763,1996
17042,r4i1p1f1,1996,08,29,0.2834954223112515,22.028017,7.6853666,1996
17043,r4i1p1f1,1996,08,30,0.0,23.98546,7.5208054,1996
17044,r4i1p1f1,1996,08,31,0.0,26.962599,8.3220625,1996
17045,r4i1p1f1,1996,09,01,0.0,26.597647,10.478465,1996
17046,r4i1p1f1,1996,09,02,0.0,25.765274,9.53357,1996
17047,r4i1p1f1,1996,09,03,0.0,26.16017,10.393214,1996
17048,r4i1p1f1,1996,09,04,0.0,26.27667,10.155886,1996
17049,r4i1p1f1,1996,09,05,0.07905666746685863,25.041584,8.883587,1996
17050,r4i1p1f1,1996,09,06,0.14555568085025736,19.554142,7.0804133,1996
17051,r4i1p1f1,1996,09,07,0.0,18.479656,4.4621863,1996
17052,r4i1p1f1,1996,09,08,0.0,23.535898,6.082489,1996
17053,r4i1p1f1,1996,09,09,0.0,27.502054,9.610998,1996
17054,r4i1p1f1,1996,09,10,0.0,27.351215,12.029989,1996
17055,r4i1p1f1,1996,09,11,0.0,25.772125,10.812977,1996
17056,r4i1p1f1,1996,09,12,0.0,22.67476,9.620547,1996
17057,r4i1p1f1,1996,09,13,0.0,22.294281,7.9233193,1996
17058,r4i1p1f1,1996,09,14,0.0,23.821972,7.0879464,1996
17059,r4i1p1f1,1996,09,15,0.0,23.097668,8.232246,1996
17060,r4i1p1f1,1996,09,16,0.0,22.793312,6.166039,1996
17061,r4i1p1f1,1996,09,17,0.0,23.58664,6.562836,1996
17062,r4i1p1f1,1996,09,18,0.0,23.039318,8.598095,1996
17063,r4i1p1f1,1996,09,19,0.0,22.985544,6.375569,1996
17064,r4i1p1f1,1996,09,20,0.0,23.890656,7.931748,1996
17065,r4i1p1f1,1996,09,21,0.0,23.41906,10.071985,1996
17066,r4i1p1f1,1996,09,22,0.0,21.615652,6.6433806,1996
17067,r4i1p1f1,1996,09,23,0.0,22.62984,6.77,1996
17068,r4i1p1f1,1996,09,24,0.0,22.652565,6.0589843,1996
17069,r4i1p1f1,1996,09,25,0.0,26.004581,8.384209,1996
17070,r4i1p1f1,1996,09,26,0.0,25.326685,10.493559,1996
17071,r4i1p1f1,1996,09,27,0.0,23.961897,9.506433,1996
17072,r4i1p1f1,1996,09,28,0.0,22.601595,9.156718,1996
17073,r4i1p1f1,1996,09,29,0.0,23.089579,6.7373743,1996
17074,r4i1p1f1,1996,09,30,0.0,25.087664,7.9375916,1996
17075,r4i1p1f1,1996,10,01,0.0,25.31332,9.008107,1996
17076,r4i1p1f1,1996,10,02,0.0,23.805292,8.007487,1996
17077,r4i1p1f1,1996,10,03,0.0,21.18791,6.404207,1996
17078,r4i1p1f1,1996,10,04,0.0,19.73305,5.52178,1996
17079,r4i1p1f1,1996,10,05,0.0,20.013796,4.0924325,1996
17080,r4i1p1f1,1996,10,06,0.4934522571483083,18.436592,4.925088,1996
17081,r4i1p1f1,1996,10,07,0.1964576386487611,16.650574,3.3915184,1996
17082,r4i1p1f1,1996,10,08,0.0,17.380854,2.2088277,1996
17083,r4i1p1f1,1996,10,09,0.0,19.63462,3.7665453,1996
17084,r4i1p1f1,1996,10,10,0.0,21.988571,6.3022523,1996
17085,r4i1p1f1,1996,10,11,0.0,21.488255,7.4698396,1996
17086,r4i1p1f1,1996,10,12,0.0,17.066408,2.9784665,1996
17087,r4i1p1f1,1996,10,13,0.07241226325013855,8.125565,-3.397777,1996
17088,r4i1p1f1,1996,10,14,0.22361526613307292,13.921037,-1.834408,1996
17089,r4i1p1f1,1996,10,15,0.0,19.77711,4.171094,1996
17090,r4i1p1f1,1996,10,16,0.0,20.129822,5.3419533,1996
17091,r4i1p1f1,1996,10,17,0.0,18.977045,6.4657183,1996
17092,r4i1p1f1,1996,10,18,0.0,17.78529,5.4117303,1996
17093,r4i1p1f1,1996,10,19,0.0,17.508625,2.5005512,1996
17094,r4i1p1f1,1996,10,20,0.0,17.829426,2.684671,1996
17095,r4i1p1f1,1996,10,21,0.0,18.89109,4.98931,1996
17096,r4i1p1f1,1996,10,22,0.0,19.066055,4.806425,1996
17097,r4i1p1f1,1996,10,23,0.10046663144386739,15.642947,2.9533436,1996
17098,r4i1p1f1,1996,10,24,0.0,10.175397,-5.4513807,1996
17099,r4i1p1f1,1996,10,25,0.0,14.692071,-0.3318625,1996
17100,r4i1p1f1,1996,10,26,0.0,17.785002,5.095396,1996
17101,r4i1p1f1,1996,10,27,4.359223508034457,17.883265,3.9645433,1996
17102,r4i1p1f1,1996,10,28,35.07603550902926,3.7085445,-3.8057694,1996
17103,r4i1p1f1,1996,10,29,0.437225863832249,6.621012,-6.244297,1996
17104,r4i1p1f1,1996,10,30,0.0,11.449466,-3.6617694,1996
17105,r4i1p1f1,1996,10,31,0.0,14.015455,-1.8473165,1996
17106,r4i1p1f1,1996,11,01,0.0,12.525818,0.82837343,1996
17107,r4i1p1f1,1996,11,02,0.0,13.183874,-2.645247,1996
17108,r4i1p1f1,1996,11,03,0.0,11.007458,2.0568535,1996
17109,r4i1p1f1,1996,11,04,0.0,10.782033,-1.8178589,1996
17110,r4i1p1f1,1996,11,05,0.0,11.162107,-2.5568092,1996
17111,r4i1p1f1,1996,11,06,0.0,10.145814,-2.4738426,1996
17112,r4i1p1f1,1996,11,07,0.0,9.182184,-3.3855014,1996
17113,r4i1p1f1,1996,11,08,0.002098082692775353,7.9591794,-5.1596856,1996
17114,r4i1p1f1,1996,11,09,0.0,6.7825894,-5.958654,1996
17115,r4i1p1f1,1996,11,10,0.0,7.9466844,-2.6938968,1996
17116,r4i1p1f1,1996,11,11,0.0,13.194559,-1.0455391,1996
17117,r4i1p1f1,1996,11,12,0.0,14.418164,0.59833294,1996
17118,r4i1p1f1,1996,11,13,0.15622309073482507,10.821461,-1.1468818,1996
17119,r4i1p1f1,1996,11,14,0.0,3.6036448,-8.118236,1996
17120,r4i1p1f1,1996,11,15,0.0,8.286001,-5.877522,1996
17121,r4i1p1f1,1996,11,16,0.0,14.610973,-0.11816938,1996
17122,r4i1p1f1,1996,11,17,0.0,13.68728,1.9477671,1996
17123,r4i1p1f1,1996,11,18,0.6260098832315972,9.8197365,-3.09049,1996
17124,r4i1p1f1,1996,11,19,6.418579386700497,6.089118,-3.0245867,1996
17125,r4i1p1f1,1996,11,20,2.616772576037961,0.8851538,-7.755036,1996
17126,r4i1p1f1,1996,11,21,0.0,10.711307,-4.0180674,1996
17127,r4i1p1f1,1996,11,22,0.0,16.895103,0.7939916,1996
17128,r4i1p1f1,1996,11,23,0.0,16.401806,0.46643764,1996
17129,r4i1p1f1,1996,11,24,0.0,15.262728,-0.73205394,1996
17130,r4i1p1f1,1996,11,25,0.0,12.732365,-0.55704504,1996
17131,r4i1p1f1,1996,11,26,0.0,9.340763,-2.2871947,1996
17132,r4i1p1f1,1996,11,27,0.0,4.804744,-7.6305904,1996
17133,r4i1p1f1,1996,11,28,0.0,2.1782641,-11.096541,1996
17134,r4i1p1f1,1996,11,29,0.8340463953548215,2.621443,-7.0806355,1996
17135,r4i1p1f1,1996,11,30,50.338477131013015,-1.8950694,-10.348757,1996
17136,r4i1p1f1,1996,12,01,14.828856008172634,-5.0414014,-13.129694,1996
17137,r4i1p1f1,1996,12,02,1.5938663195420428,-4.3230734,-12.955232,1996
17138,r4i1p1f1,1996,12,03,14.358231587740024,-4.8373647,-13.915801,1996
17139,r4i1p1f1,1996,12,04,6.840527058842806,-1.6563147,-11.760127,1996
17140,r4i1p1f1,1996,12,05,0.0,-1.3625132,-14.156807,1996
17141,r4i1p1f1,1996,12,06,0.0,0.008045801,-13.989054,1996
17142,r4i1p1f1,1996,12,07,0.0,3.9716804,-12.049455,1996
17143,r4i1p1f1,1996,12,08,0.0,6.8370466,-7.3211875,1996
17144,r4i1p1f1,1996,12,09,0.0,7.842637,-3.9275804,1996
17145,r4i1p1f1,1996,12,10,0.0,8.398413,-0.465126,1996
17146,r4i1p1f1,1996,12,11,28.809990282475997,4.9703207,-4.133895,1996
17147,r4i1p1f1,1996,12,12,2.8094939789108917,-2.6672401,-9.948693,1996
17148,r4i1p1f1,1996,12,13,0.0,-5.850659,-18.443714,1996
17149,r4i1p1f1,1996,12,14,0.0,-1.3312011,-15.073197,1996
17150,r4i1p1f1,1996,12,15,0.0,0.17734621,-14.20951,1996
17151,r4i1p1f1,1996,12,16,0.0,3.0661442,-9.601923,1996
17152,r4i1p1f1,1996,12,17,0.0,5.59268,-7.58821,1996
17153,r4i1p1f1,1996,12,18,0.0,7.626748,-6.0141788,1996
17154,r4i1p1f1,1996,12,19,0.0,4.4223423,-5.8955574,1996
17155,r4i1p1f1,1996,12,20,0.0,0.4043633,-11.800244,1996
17156,r4i1p1f1,1996,12,21,0.0,-7.604312,-17.84872,1996
17157,r4i1p1f1,1996,12,22,0.0,-8.68986,-19.523561,1996
17158,r4i1p1f1,1996,12,23,0.0,3.9784813,-7.984043,1996
17159,r4i1p1f1,1996,12,24,0.0,8.102759,-5.497943,1996
17160,r4i1p1f1,1996,12,25,0.0,5.350831,-5.409849,1996
17161,r4i1p1f1,1996,12,26,0.0,2.4644456,-9.180022,1996
17162,r4i1p1f1,1996,12,27,0.0,1.702724,-8.467433,1996
17163,r4i1p1f1,1996,12,28,0.0,4.1687207,-8.068656,1996
17164,r4i1p1f1,1996,12,29,0.11695947927389307,4.371813,-6.2134285,1996
17165,r4i1p1f1,1996,12,30,0.0,2.7705476,-5.4033756,1996
17166,r4i1p1f1,1996,12,31,6.706874428579807,-0.06243475,-10.825283,1996
17167,r4i1p1f1,1997,01,01,42.848638364754414,2.5896604,-5.169625,1997
17168,r4i1p1f1,1997,01,02,92.45058981600593,5.1629014,-1.1951716,1997
17169,r4i1p1f1,1997,01,03,52.86779166265113,1.3854663,-4.2437468,1997
17170,r4i1p1f1,1997,01,04,63.07774810541876,-0.36917812,-5.0135756,1997
17171,r4i1p1f1,1997,01,05,11.435569532698112,-2.001676,-10.599161,1997
17172,r4i1p1f1,1997,01,06,2.1689399827014375,-3.9375057,-12.370793,1997
17173,r4i1p1f1,1997,01,07,0.0,-5.4059033,-19.56705,1997
17174,r4i1p1f1,1997,01,08,0.0,-5.371652,-19.922237,1997
17175,r4i1p1f1,1997,01,09,47.30880990849884,-4.1789007,-10.613188,1997
17176,r4i1p1f1,1997,01,10,94.82168148806934,0.9952171,-6.398976,1997
17177,r4i1p1f1,1997,01,11,26.08495877947178,3.2087927,-3.6048524,1997
17178,r4i1p1f1,1997,01,12,0.0,4.529351,-7.9701176,1997
17179,r4i1p1f1,1997,01,13,0.0,5.209423,-6.472756,1997
17180,r4i1p1f1,1997,01,14,0.0,4.8658905,-8.707601,1997
17181,r4i1p1f1,1997,01,15,0.0,3.7716088,-7.4629526,1997
17182,r4i1p1f1,1997,01,16,0.0,4.4706335,-8.048634,1997
17183,r4i1p1f1,1997,01,17,0.0,3.335584,-8.132959,1997
17184,r4i1p1f1,1997,01,18,0.0,5.4639373,-6.1908054,1997
17185,r4i1p1f1,1997,01,19,0.0,5.6946783,-6.3591337,1997
17186,r4i1p1f1,1997,01,20,0.0,8.359599,-2.6964738,1997
17187,r4i1p1f1,1997,01,21,0.5919714865390583,7.9074364,0.5478867,1997
17188,r4i1p1f1,1997,01,22,2.6266631933387083,5.801028,-5.53928,1997
17189,r4i1p1f1,1997,01,23,45.549981764568294,0.08975634,-7.187954,1997
17190,r4i1p1f1,1997,01,24,8.078735165009384,-2.0347836,-9.543858,1997
17191,r4i1p1f1,1997,01,25,32.040360680680166,-2.23941,-10.667856,1997
17192,r4i1p1f1,1997,01,26,0.0,1.4403311,-11.447538,1997
17193,r4i1p1f1,1997,01,27,0.0,1.6638355,-9.750712,1997
17194,r4i1p1f1,1997,01,28,8.966808408276272,-1.9435282,-8.116777,1997
17195,r4i1p1f1,1997,01,29,23.944676620991082,0.022247797,-6.29342,1997
17196,r4i1p1f1,1997,01,30,0.0,7.765141,-7.4230204,1997
17197,r4i1p1f1,1997,01,31,0.0,11.1356,-3.8795757,1997
17198,r4i1p1f1,1997,02,01,0.0,10.1775465,-3.1487434,1997
17199,r4i1p1f1,1997,02,02,1.9653501009820893,7.353238,-3.8978162,1997
17200,r4i1p1f1,1997,02,03,0.08871791502661008,4.9896765,-4.0411496,1997
17201,r4i1p1f1,1997,02,04,19.421030915467643,2.9334643,-3.2168355,1997
17202,r4i1p1f1,1997,02,05,39.09691664763216,4.83231,-2.2933118,1997
17203,r4i1p1f1,1997,02,06,14.59513298084125,3.2769277,-8.4239645,1997
17204,r4i1p1f1,1997,02,07,0.41119528753738427,-0.9208826,-9.431675,1997
17205,r4i1p1f1,1997,02,08,0.0,0.20778412,-11.223982,1997
17206,r4i1p1f1,1997,02,09,0.0,-1.3262279,-13.608675,1997
17207,r4i1p1f1,1997,02,10,0.0,-1.2700173,-14.350092,1997
17208,r4i1p1f1,1997,02,11,0.0,-2.1260128,-15.232913,1997
17209,r4i1p1f1,1997,02,12,0.11179420451718705,-2.7795477,-12.364288,1997
17210,r4i1p1f1,1997,02,13,0.0,1.2677497,-11.461657,1997
17211,r4i1p1f1,1997,02,14,0.0,3.5382004,-8.521089,1997
17212,r4i1p1f1,1997,02,15,0.0,3.9420922,-8.769953,1997
17213,r4i1p1f1,1997,02,16,8.713523206581273,-2.3411467,-13.405623,1997
17214,r4i1p1f1,1997,02,17,0.0,-4.2520585,-15.264465,1997
17215,r4i1p1f1,1997,02,18,0.0,3.3737307,-11.823327,1997
17216,r4i1p1f1,1997,02,19,0.0,3.5909598,-9.457748,1997
17217,r4i1p1f1,1997,02,20,0.21826560110326781,-1.0927653,-11.584334,1997
17218,r4i1p1f1,1997,02,21,0.5613986842789067,-2.240456,-12.180273,1997
17219,r4i1p1f1,1997,02,22,0.0,-0.50174963,-14.924416,1997
17220,r4i1p1f1,1997,02,23,3.9150191536826413,-3.8976617,-15.764774,1997
17221,r4i1p1f1,1997,02,24,10.676745140333228,-6.9975295,-15.158564,1997
17222,r4i1p1f1,1997,02,25,6.1414011853950665,-6.2490435,-15.428426,1997
17223,r4i1p1f1,1997,02,26,0.0,-0.38665655,-16.61196,1997
17224,r4i1p1f1,1997,02,27,0.0,2.599252,-10.9118805,1997
17225,r4i1p1f1,1997,02,28,0.0,5.9300804,-5.2309494,1997
17226,r4i1p1f1,1997,03,01,0.0,9.79852,-5.634346,1997
17227,r4i1p1f1,1997,03,02,0.25424284772538264,10.907246,-2.9851758,1997
17228,r4i1p1f1,1997,03,03,0.0,13.425857,-2.229239,1997
17229,r4i1p1f1,1997,03,04,0.0,16.061504,-1.5493966,1997
17230,r4i1p1f1,1997,03,05,0.0,12.934441,-1.5214169,1997
17231,r4i1p1f1,1997,03,06,0.0,11.545502,-2.1781008,1997
17232,r4i1p1f1,1997,03,07,0.0,11.300455,-0.85195446,1997
17233,r4i1p1f1,1997,03,08,0.10563275895062497,9.634334,-1.4444809,1997
17234,r4i1p1f1,1997,03,09,16.575999669982195,4.104971,-6.192622,1997
17235,r4i1p1f1,1997,03,10,10.346983678715842,-2.0928378,-10.224763,1997
17236,r4i1p1f1,1997,03,11,0.0,-1.6132978,-11.659453,1997
17237,r4i1p1f1,1997,03,12,0.0,0.13199598,-12.182847,1997
17238,r4i1p1f1,1997,03,13,0.005887849748922655,-0.3979801,-12.689971,1997
17239,r4i1p1f1,1997,03,14,0.0,-1.5527725,-12.71586,1997
17240,r4i1p1f1,1997,03,15,0.0,0.5883772,-13.476458,1997
17241,r4i1p1f1,1997,03,16,0.0,6.3974442,-10.098005,1997
17242,r4i1p1f1,1997,03,17,0.0,7.7447815,-6.749121,1997
17243,r4i1p1f1,1997,03,18,0.0,6.5053306,-6.4566054,1997
17244,r4i1p1f1,1997,03,19,7.005147556536615,2.2920463,-10.4482355,1997
17245,r4i1p1f1,1997,03,20,0.009222501152452099,0.3114336,-10.359824,1997
17246,r4i1p1f1,1997,03,21,44.834956206903875,-4.3943973,-10.382683,1997
17247,r4i1p1f1,1997,03,22,13.720366947675004,-5.792209,-11.107471,1997
17248,r4i1p1f1,1997,03,23,0.0,2.9752557,-15.2484665,1997
17249,r4i1p1f1,1997,03,24,0.0,7.545193,-10.13884,1997
17250,r4i1p1f1,1997,03,25,0.0,6.2287235,-8.201738,1997
17251,r4i1p1f1,1997,03,26,0.0,6.716999,-7.8400116,1997
17252,r4i1p1f1,1997,03,27,0.0,8.672351,-7.2308035,1997
17253,r4i1p1f1,1997,03,28,0.0,10.655782,-4.244283,1997
17254,r4i1p1f1,1997,03,29,0.0,12.046776,-2.3117168,1997
17255,r4i1p1f1,1997,03,30,0.0,12.7222395,-4.5387945,1997
17256,r4i1p1f1,1997,03,31,0.5526128970896478,9.671665,-2.3609347,1997
17257,r4i1p1f1,1997,04,01,21.90017561355555,1.2003455,-7.6782846,1997
17258,r4i1p1f1,1997,04,02,0.0,2.9097161,-11.02085,1997
17259,r4i1p1f1,1997,04,03,8.255825983158758,-1.8119547,-12.926182,1997
17260,r4i1p1f1,1997,04,04,0.0763075761507556,-0.20812498,-10.007906,1997
17261,r4i1p1f1,1997,04,05,0.0,4.8201237,-12.015978,1997
17262,r4i1p1f1,1997,04,06,0.8485543316187246,3.121987,-6.422017,1997
17263,r4i1p1f1,1997,04,07,2.57480208376068e-05,3.8489733,-10.097286,1997
17264,r4i1p1f1,1997,04,08,0.0,5.420887,-9.611309,1997
17265,r4i1p1f1,1997,04,09,0.5789478268475888,3.5801258,-3.8756032,1997
17266,r4i1p1f1,1997,04,10,0.0,11.352346,-4.8978934,1997
17267,r4i1p1f1,1997,04,11,0.0,13.095718,-3.0889244,1997
17268,r4i1p1f1,1997,04,12,0.0,10.776799,-0.41040826,1997
17269,r4i1p1f1,1997,04,13,0.0,12.436474,-2.2390835,1997
17270,r4i1p1f1,1997,04,14,0.0,12.831255,-0.80345756,1997
17271,r4i1p1f1,1997,04,15,0.0,11.845032,-2.122772,1997
17272,r4i1p1f1,1997,04,16,0.0,9.411951,-3.2484097,1997
17273,r4i1p1f1,1997,04,17,0.0,11.709753,-3.7123466,1997
17274,r4i1p1f1,1997,04,18,0.0,15.517719,0.02066627,1997
17275,r4i1p1f1,1997,04,19,0.0,17.930565,0.710632,1997
17276,r4i1p1f1,1997,04,20,0.0,17.823982,1.7809501,1997
17277,r4i1p1f1,1997,04,21,0.0,16.647297,2.3657813,1997
17278,r4i1p1f1,1997,04,22,0.0,16.220037,0.96139324,1997
17279,r4i1p1f1,1997,04,23,0.0,17.491047,1.8308513,1997
17280,r4i1p1f1,1997,04,24,0.0,18.701967,2.5788713,1997
17281,r4i1p1f1,1997,04,25,0.0,20.686533,3.3190746,1997
17282,r4i1p1f1,1997,04,26,0.0,20.538391,5.5560827,1997
17283,r4i1p1f1,1997,04,27,0.0,20.176928,5.4692492,1997
17284,r4i1p1f1,1997,04,28,0.0,19.034029,3.1559634,1997
17285,r4i1p1f1,1997,04,29,0.0,18.124538,2.168824,1997
17286,r4i1p1f1,1997,04,30,0.0,15.166272,1.6984621,1997
17287,r4i1p1f1,1997,05,01,0.0,11.00383,-0.5779261,1997
17288,r4i1p1f1,1997,05,02,0.0,8.618657,-1.6102152,1997
17289,r4i1p1f1,1997,05,03,0.0,10.4685335,-2.8971667,1997
17290,r4i1p1f1,1997,05,04,0.0,9.562922,-1.9167436,1997
17291,r4i1p1f1,1997,05,05,0.0,7.697087,-5.1760325,1997
17292,r4i1p1f1,1997,05,06,0.0,10.4931755,-4.618643,1997
17293,r4i1p1f1,1997,05,07,0.0,12.7887125,-0.95930135,1997
17294,r4i1p1f1,1997,05,08,0.0,15.832708,0.23302884,1997
17295,r4i1p1f1,1997,05,09,0.0,16.643312,2.2857199,1997
17296,r4i1p1f1,1997,05,10,0.0,15.134084,3.8109868,1997
17297,r4i1p1f1,1997,05,11,3.6314014368914425,7.3752546,-4.5839896,1997
17298,r4i1p1f1,1997,05,12,4.0832335099002695,-0.9491012,-12.563196,1997
17299,r4i1p1f1,1997,05,13,0.8497672868477458,3.6245415,-7.803691,1997
17300,r4i1p1f1,1997,05,14,0.0003366290524955396,12.180156,-4.3975296,1997
17301,r4i1p1f1,1997,05,15,0.0,13.984,-0.9983062,1997
17302,r4i1p1f1,1997,05,16,0.0,13.106036,1.6340739,1997
17303,r4i1p1f1,1997,05,17,0.0,10.8865185,-2.9069576,1997
17304,r4i1p1f1,1997,05,18,0.0,6.124924,-7.784783,1997
17305,r4i1p1f1,1997,05,19,0.0,7.027016,-6.6855164,1997
17306,r4i1p1f1,1997,05,20,0.0,11.735805,-3.6137507,1997
17307,r4i1p1f1,1997,05,21,0.0,14.821745,-0.5448966,1997
17308,r4i1p1f1,1997,05,22,0.0,15.028372,0.5999814,1997
17309,r4i1p1f1,1997,05,23,0.0,15.847928,0.28264758,1997
17310,r4i1p1f1,1997,05,24,0.0,18.673407,2.8663647,1997
17311,r4i1p1f1,1997,05,25,0.0,23.138674,6.778066,1997
17312,r4i1p1f1,1997,05,26,0.0,24.511858,9.889715,1997
17313,r4i1p1f1,1997,05,27,0.1492444086312282,22.107782,7.2627797,1997
17314,r4i1p1f1,1997,05,28,0.0,18.29723,5.678121,1997
17315,r4i1p1f1,1997,05,29,0.0,16.753391,2.8516326,1997
17316,r4i1p1f1,1997,05,30,0.0,14.887565,1.7496126,1997
17317,r4i1p1f1,1997,05,31,0.0,16.400742,1.7502468,1997
17318,r4i1p1f1,1997,06,01,0.0,16.016026,0.66259885,1997
17319,r4i1p1f1,1997,06,02,0.0,12.846101,-2.7133927,1997
17320,r4i1p1f1,1997,06,03,0.0,9.724325,-6.59346,1997
17321,r4i1p1f1,1997,06,04,0.0,9.371492,-1.344851,1997
17322,r4i1p1f1,1997,06,05,0.012251773345541226,12.921115,-2.8172343,1997
17323,r4i1p1f1,1997,06,06,0.0,18.471592,3.7903664,1997
17324,r4i1p1f1,1997,06,07,0.33328337230986566,17.092318,4.207887,1997
17325,r4i1p1f1,1997,06,08,0.0,11.535631,0.9315033,1997
17326,r4i1p1f1,1997,06,09,0.0,14.059651,-0.90450996,1997
17327,r4i1p1f1,1997,06,10,0.0,20.24223,4.0905905,1997
17328,r4i1p1f1,1997,06,11,0.0,25.328274,8.768399,1997
17329,r4i1p1f1,1997,06,12,0.0,27.939732,10.880304,1997
17330,r4i1p1f1,1997,06,13,0.0,26.817911,13.2041645,1997
17331,r4i1p1f1,1997,06,14,0.0,19.585949,4.0518894,1997
17332,r4i1p1f1,1997,06,15,0.0,16.819132,3.061588,1997
17333,r4i1p1f1,1997,06,16,0.0,20.663206,3.3996406,1997
17334,r4i1p1f1,1997,06,17,0.0,23.347435,7.8433456,1997
17335,r4i1p1f1,1997,06,18,0.0,26.109404,8.644118,1997
17336,r4i1p1f1,1997,06,19,0.0,24.95267,9.853414,1997
17337,r4i1p1f1,1997,06,20,0.0,24.069126,8.085749,1997
17338,r4i1p1f1,1997,06,21,0.0,26.065784,9.101837,1997
17339,r4i1p1f1,1997,06,22,0.0,26.164747,11.350808,1997
17340,r4i1p1f1,1997,06,23,0.8127299849864736,25.585472,9.834093,1997
17341,r4i1p1f1,1997,06,24,4.73935827117552,27.013346,11.982668,1997
17342,r4i1p1f1,1997,06,25,5.386195388722404,25.801146,10.543306,1997
17343,r4i1p1f1,1997,06,26,0.04147328662884114,21.754528,9.854064,1997
17344,r4i1p1f1,1997,06,27,0.0,20.727943,5.548703,1997
17345,r4i1p1f1,1997,06,28,0.0,23.510605,6.154707,1997
17346,r4i1p1f1,1997,06,29,0.0,27.201883,9.637695,1997
17347,r4i1p1f1,1997,06,30,0.0,28.788229,11.995612,1997
17348,r4i1p1f1,1997,07,01,0.3814391471316239,29.84738,13.52625,1997
17349,r4i1p1f1,1997,07,02,0.07983285997553999,30.542318,13.293875,1997
17350,r4i1p1f1,1997,07,03,0.547343590637886,30.091967,14.16934,1997
17351,r4i1p1f1,1997,07,04,0.2339723636906534,29.648796,13.086738,1997
17352,r4i1p1f1,1997,07,05,0.015419251737853816,30.015192,12.48563,1997
17353,r4i1p1f1,1997,07,06,0.0,29.481161,14.001614,1997
17354,r4i1p1f1,1997,07,07,0.0,27.21406,12.790502,1997
17355,r4i1p1f1,1997,07,08,0.0,26.117506,9.892496,1997
17356,r4i1p1f1,1997,07,09,0.0,25.511906,9.72901,1997
17357,r4i1p1f1,1997,07,10,0.0,24.522625,10.524333,1997
17358,r4i1p1f1,1997,07,11,0.0,23.125528,7.6004086,1997
17359,r4i1p1f1,1997,07,12,0.0,22.81903,6.467928,1997
17360,r4i1p1f1,1997,07,13,0.16745779744413422,22.483984,8.398848,1997
17361,r4i1p1f1,1997,07,14,0.04184446932009961,24.559639,8.796236,1997
17362,r4i1p1f1,1997,07,15,0.3586117707642822,25.977451,10.78641,1997
17363,r4i1p1f1,1997,07,16,1.0824888611857792,25.384544,11.637753,1997
17364,r4i1p1f1,1997,07,17,0.0,24.79443,9.207171,1997
17365,r4i1p1f1,1997,07,18,0.0,27.125,9.556453,1997
17366,r4i1p1f1,1997,07,19,0.0,27.566992,11.010385,1997
17367,r4i1p1f1,1997,07,20,0.0,28.738445,11.085282,1997
17368,r4i1p1f1,1997,07,21,0.0,29.651403,12.596947,1997
17369,r4i1p1f1,1997,07,22,0.0,29.754908,12.7476225,1997
17370,r4i1p1f1,1997,07,23,0.0,29.290232,13.150112,1997
17371,r4i1p1f1,1997,07,24,0.0,28.836382,12.357224,1997
17372,r4i1p1f1,1997,07,25,0.0,28.035355,12.188265,1997
17373,r4i1p1f1,1997,07,26,0.0,26.981552,10.97805,1997
17374,r4i1p1f1,1997,07,27,0.0,25.20027,9.493756,1997
17375,r4i1p1f1,1997,07,28,0.0,21.671034,6.7025,1997
17376,r4i1p1f1,1997,07,29,0.0,21.448483,6.755743,1997
17377,r4i1p1f1,1997,07,30,0.0,22.476967,7.1062474,1997
17378,r4i1p1f1,1997,07,31,0.0,24.025562,7.3408027,1997
17379,r4i1p1f1,1997,08,01,0.0,25.89662,9.307949,1997
17380,r4i1p1f1,1997,08,02,0.0,28.087328,10.346717,1997
17381,r4i1p1f1,1997,08,03,0.0,27.695698,10.529164,1997
17382,r4i1p1f1,1997,08,04,0.0,27.049137,11.223869,1997
17383,r4i1p1f1,1997,08,05,0.0020631499971975296,27.155561,11.335866,1997
17384,r4i1p1f1,1997,08,06,0.29689387552292934,27.216625,12.569418,1997
17385,r4i1p1f1,1997,08,07,1.048620155131064,27.323841,11.025558,1997
17386,r4i1p1f1,1997,08,08,0.39204868892767697,27.030428,10.724574,1997
17387,r4i1p1f1,1997,08,09,0.2351906437601165,27.299171,12.3527775,1997
17388,r4i1p1f1,1997,08,10,0.0,27.7814,12.041774,1997
17389,r4i1p1f1,1997,08,11,0.0,26.9686,13.418499,1997
17390,r4i1p1f1,1997,08,12,0.0,26.625744,10.3227825,1997
17391,r4i1p1f1,1997,08,13,0.0,25.801224,10.1881485,1997
17392,r4i1p1f1,1997,08,14,0.0,24.760294,9.294927,1997
17393,r4i1p1f1,1997,08,15,0.0,23.536135,8.792396,1997
17394,r4i1p1f1,1997,08,16,0.0,25.039759,8.501081,1997
17395,r4i1p1f1,1997,08,17,0.0,25.296766,9.90841,1997
17396,r4i1p1f1,1997,08,18,0.0,24.858883,8.602269,1997
17397,r4i1p1f1,1997,08,19,0.0,23.678568,7.7711043,1997
17398,r4i1p1f1,1997,08,20,0.0,20.98823,6.9299526,1997
17399,r4i1p1f1,1997,08,21,0.0,17.124756,1.89321,1997
17400,r4i1p1f1,1997,08,22,0.0,16.825365,2.4331794,1997
17401,r4i1p1f1,1997,08,23,0.0,20.685635,6.506708,1997
17402,r4i1p1f1,1997,08,24,0.0,25.629242,8.278809,1997
17403,r4i1p1f1,1997,08,25,0.0,28.515238,11.709373,1997
17404,r4i1p1f1,1997,08,26,0.0,31.359785,13.530515,1997
17405,r4i1p1f1,1997,08,27,0.0,32.595833,14.80923,1997
17406,r4i1p1f1,1997,08,28,0.0,30.242523,16.16808,1997
17407,r4i1p1f1,1997,08,29,0.0,27.820934,11.868326,1997
17408,r4i1p1f1,1997,08,30,0.0,27.323648,10.151977,1997
17409,r4i1p1f1,1997,08,31,0.0,26.253159,11.100801,1997
17410,r4i1p1f1,1997,09,01,0.4859294457760391,25.117437,10.344334,1997
17411,r4i1p1f1,1997,09,02,2.0187520604121434,24.154606,9.915776,1997
17412,r4i1p1f1,1997,09,03,0.1212184926549213,21.443047,8.027334,1997
17413,r4i1p1f1,1997,09,04,0.0,20.508123,5.614939,1997
17414,r4i1p1f1,1997,09,05,0.0,21.984097,5.4107304,1997
17415,r4i1p1f1,1997,09,06,0.0,22.943037,8.013513,1997
17416,r4i1p1f1,1997,09,07,0.0,22.72313,8.112531,1997
17417,r4i1p1f1,1997,09,08,0.0,18.623966,3.827304,1997
17418,r4i1p1f1,1997,09,09,0.07263553969228084,11.648185,-1.261306,1997
17419,r4i1p1f1,1997,09,10,0.0,15.377188,0.44819123,1997
17420,r4i1p1f1,1997,09,11,0.0004908711306025944,18.25843,2.8965783,1997
17421,r4i1p1f1,1997,09,12,0.0,19.264166,5.800557,1997
17422,r4i1p1f1,1997,09,13,0.0,19.587185,4.681566,1997
17423,r4i1p1f1,1997,09,14,0.0,21.346312,5.2786994,1997
17424,r4i1p1f1,1997,09,15,0.0,20.012945,6.3562074,1997
17425,r4i1p1f1,1997,09,16,0.0,19.39237,4.772154,1997
17426,r4i1p1f1,1997,09,17,0.0,20.649418,4.4337707,1997
17427,r4i1p1f1,1997,09,18,0.0,21.32535,4.2744985,1997
17428,r4i1p1f1,1997,09,19,0.0,21.640526,4.6794825,1997
17429,r4i1p1f1,1997,09,20,0.0,23.587038,6.2505,1997
17430,r4i1p1f1,1997,09,21,0.5827764240487286,21.882011,9.095669,1997
17431,r4i1p1f1,1997,09,22,0.46483029129779824,14.431876,3.4168234,1997
17432,r4i1p1f1,1997,09,23,0.0,16.906332,-0.105883986,1997
17433,r4i1p1f1,1997,09,24,0.0,20.064291,3.6437466,1997
17434,r4i1p1f1,1997,09,25,0.0,20.131378,4.6777735,1997
17435,r4i1p1f1,1997,09,26,0.0,18.548197,4.391946,1997
17436,r4i1p1f1,1997,09,27,0.14781472532932513,17.64785,4.429106,1997
17437,r4i1p1f1,1997,09,28,0.0,13.803656,-0.4321213,1997
17438,r4i1p1f1,1997,09,29,0.0,16.456038,1.8759611,1997
17439,r4i1p1f1,1997,09,30,0.24981618232306071,17.987543,4.1267047,1997
17440,r4i1p1f1,1997,10,01,0.27617718845977746,17.67963,5.672101,1997
17441,r4i1p1f1,1997,10,02,0.0,20.682009,5.023621,1997
17442,r4i1p1f1,1997,10,03,0.0,24.42657,7.091209,1997
17443,r4i1p1f1,1997,10,04,0.0,24.132908,9.285766,1997
17444,r4i1p1f1,1997,10,05,0.0,23.26281,9.241206,1997
17445,r4i1p1f1,1997,10,06,0.0,22.66066,6.829135,1997
17446,r4i1p1f1,1997,10,07,0.0,22.821257,7.6637735,1997
17447,r4i1p1f1,1997,10,08,0.0,23.676077,7.7715955,1997
17448,r4i1p1f1,1997,10,09,0.0,22.647264,6.528108,1997
17449,r4i1p1f1,1997,10,10,0.0,21.93797,6.610261,1997
17450,r4i1p1f1,1997,10,11,0.0,22.69524,7.7014055,1997
17451,r4i1p1f1,1997,10,12,0.0,22.73271,6.9425273,1997
17452,r4i1p1f1,1997,10,13,0.0,22.571217,7.60336,1997
17453,r4i1p1f1,1997,10,14,0.0,21.639578,6.974195,1997
17454,r4i1p1f1,1997,10,15,0.0,18.247953,4.5845723,1997
17455,r4i1p1f1,1997,10,16,0.0,15.954087,1.4734854,1997
17456,r4i1p1f1,1997,10,17,0.0,16.112747,1.6634806,1997
17457,r4i1p1f1,1997,10,18,1.7222332006611198,18.471886,5.956842,1997
17458,r4i1p1f1,1997,10,19,0.3692246170459543,11.005432,-2.1224053,1997
17459,r4i1p1f1,1997,10,20,0.0,12.815551,-3.4450045,1997
17460,r4i1p1f1,1997,10,21,0.0,13.631,1.2211484,1997
17461,r4i1p1f1,1997,10,22,0.0,14.888035,3.322163,1997
17462,r4i1p1f1,1997,10,23,5.555115644515827,18.228338,5.307913,1997
17463,r4i1p1f1,1997,10,24,23.069147804175973,9.035213,1.7835934,1997
17464,r4i1p1f1,1997,10,25,19.5169388916295,6.068792,-2.0221884,1997
17465,r4i1p1f1,1997,10,26,0.03672118594488592,9.094441,-3.3292093,1997
17466,r4i1p1f1,1997,10,27,0.0,9.698334,-1.0393881,1997
17467,r4i1p1f1,1997,10,28,0.0,13.289748,-2.3837857,1997
17468,r4i1p1f1,1997,10,29,3.716590800142175,16.19077,3.5881734,1997
17469,r4i1p1f1,1997,10,30,1.206736806128556,8.055467,-0.21549691,1997
17470,r4i1p1f1,1997,10,31,0.7606385411915295,7.383551,-3.8385284,1997
17471,r4i1p1f1,1997,11,01,6.3369561768972105,6.73405,-5.482954,1997
17472,r4i1p1f1,1997,11,02,0.024331181688203658,2.0930963,-8.899055,1997
17473,r4i1p1f1,1997,11,03,0.0,1.6060957,-10.758114,1997
17474,r4i1p1f1,1997,11,04,0.0,1.9585767,-9.4067745,1997
17475,r4i1p1f1,1997,11,05,0.0,2.6489847,-9.53666,1997
17476,r4i1p1f1,1997,11,06,0.0,4.709892,-8.708606,1997
17477,r4i1p1f1,1997,11,07,0.0,5.7639127,-8.172846,1997
17478,r4i1p1f1,1997,11,08,0.0,10.639115,-4.4176974,1997
17479,r4i1p1f1,1997,11,09,0.0,13.882605,-1.2963085,1997
17480,r4i1p1f1,1997,11,10,0.0,13.104633,-0.6233707,1997
17481,r4i1p1f1,1997,11,11,0.0,10.899942,0.3121438,1997
17482,r4i1p1f1,1997,11,12,0.0,11.375775,-3.9418635,1997
17483,r4i1p1f1,1997,11,13,0.0,13.401548,1.8753268,1997
17484,r4i1p1f1,1997,11,14,0.003904880812864148,10.83485,0.4683751,1997
17485,r4i1p1f1,1997,11,15,12.496681459673693,8.590207,-0.12593852,1997
17486,r4i1p1f1,1997,11,16,0.0,5.2452602,-7.795654,1997
17487,r4i1p1f1,1997,11,17,7.75672482319285,2.340324,-7.790931,1997
17488,r4i1p1f1,1997,11,18,0.07287578273256946,0.14416006,-14.579889,1997
17489,r4i1p1f1,1997,11,19,0.0,2.9657104,-12.748102,1997
17490,r4i1p1f1,1997,11,20,0.0,6.415244,-8.634008,1997
17491,r4i1p1f1,1997,11,21,0.0,10.257608,-4.609619,1997
17492,r4i1p1f1,1997,11,22,0.0,9.19791,-0.47228715,1997
17493,r4i1p1f1,1997,11,23,0.0,10.269832,-2.647929,1997
17494,r4i1p1f1,1997,11,24,0.0,11.233643,-3.5770597,1997
17495,r4i1p1f1,1997,11,25,0.0,12.671214,-1.0188665,1997
17496,r4i1p1f1,1997,11,26,0.0,12.903993,-0.6192303,1997
17497,r4i1p1f1,1997,11,27,0.0,13.644593,-1.4096633,1997
17498,r4i1p1f1,1997,11,28,0.0,11.455925,1.3626072,1997
17499,r4i1p1f1,1997,11,29,0.0,11.277804,-2.5253923,1997
17500,r4i1p1f1,1997,11,30,0.0,11.318113,-4.0740337,1997
17501,r4i1p1f1,1997,12,01,0.0,13.16553,-0.89482254,1997
17502,r4i1p1f1,1997,12,02,0.0,13.19977,-0.35466444,1997
17503,r4i1p1f1,1997,12,03,0.0,10.210667,-0.28374857,1997
17504,r4i1p1f1,1997,12,04,2.1439433310735194,5.0344296,-4.221476,1997
17505,r4i1p1f1,1997,12,05,0.0,6.9749794,-5.293635,1997
17506,r4i1p1f1,1997,12,06,12.573422409611968,2.6483917,-7.0428605,1997
17507,r4i1p1f1,1997,12,07,1.7050593226835749,-0.20424807,-10.136728,1997
17508,r4i1p1f1,1997,12,08,0.0,7.9215827,-8.979127,1997
17509,r4i1p1f1,1997,12,09,0.0,10.65871,-4.0486927,1997
17510,r4i1p1f1,1997,12,10,0.0,7.8136454,-6.4669676,1997
17511,r4i1p1f1,1997,12,11,0.0,6.68388,-6.30874,1997
17512,r4i1p1f1,1997,12,12,0.0,9.92627,-3.6487687,1997
17513,r4i1p1f1,1997,12,13,0.0,11.124058,-2.1279838,1997
17514,r4i1p1f1,1997,12,14,0.0,10.356822,-2.185104,1997
17515,r4i1p1f1,1997,12,15,0.0,7.28376,-2.849072,1997
17516,r4i1p1f1,1997,12,16,4.2301358557709205,3.5936623,-6.8918734,1997
17517,r4i1p1f1,1997,12,17,0.0,5.4213295,-9.438611,1997
17518,r4i1p1f1,1997,12,18,0.0,5.8474474,-5.7697277,1997
17519,r4i1p1f1,1997,12,19,2.2930305037067122,2.2735417,-7.5390725,1997
17520,r4i1p1f1,1997,12,20,0.0,3.6561265,-7.256029,1997
17521,r4i1p1f1,1997,12,21,0.0,6.395015,-7.5961566,1997
17522,r4i1p1f1,1997,12,22,0.0,8.516349,-4.944265,1997
17523,r4i1p1f1,1997,12,23,2.9391755794689356,4.830594,-3.5797203,1997
17524,r4i1p1f1,1997,12,24,0.047773894025813536,9.496412,0.8715501,1997
17525,r4i1p1f1,1997,12,25,0.0,11.532688,-2.8289583,1997
17526,r4i1p1f1,1997,12,26,0.032870109110127194,9.720939,-0.9036489,1997
17527,r4i1p1f1,1997,12,27,0.048318308592685474,7.2692614,0.56819886,1997
17528,r4i1p1f1,1997,12,28,0.0,6.0957584,-7.786421,1997
17529,r4i1p1f1,1997,12,29,1.732246977458933,0.46137393,-8.054519,1997
17530,r4i1p1f1,1997,12,30,2.166676485499278,4.280336,-4.8132567,1997
17531,r4i1p1f1,1997,12,31,0.0,7.672087,-6.8320985,1997
17532,r4i1p1f1,1998,01,01,0.0,9.47144,-4.2725387,1998
17533,r4i1p1f1,1998,01,02,6.613046507677959,4.6910825,-4.7488337,1998
17534,r4i1p1f1,1998,01,03,0.0,4.388082,-7.995718,1998
17535,r4i1p1f1,1998,01,04,0.0,8.199574,-4.490431,1998
17536,r4i1p1f1,1998,01,05,0.0,7.899584,-3.6466484,1998
17537,r4i1p1f1,1998,01,06,0.707930950622079,7.6368732,-3.9723234,1998
17538,r4i1p1f1,1998,01,07,0.0,11.002625,-4.040453,1998
17539,r4i1p1f1,1998,01,08,0.0,10.2444105,-1.7110395,1998
17540,r4i1p1f1,1998,01,09,0.0,8.284338,-1.5950129,1998
17541,r4i1p1f1,1998,01,10,0.0,8.064182,-4.183973,1998
17542,r4i1p1f1,1998,01,11,0.0,10.144317,-3.222829,1998
17543,r4i1p1f1,1998,01,12,0.0,14.293724,0.009312212,1998
17544,r4i1p1f1,1998,01,13,0.0,14.7752,1.1056591,1998
17545,r4i1p1f1,1998,01,14,0.0,13.856057,2.1169732,1998
17546,r4i1p1f1,1998,01,15,0.0,14.364089,1.1941361,1998
17547,r4i1p1f1,1998,01,16,0.0,14.384473,1.4863847,1998
17548,r4i1p1f1,1998,01,17,0.0,14.456898,1.3310648,1998
17549,r4i1p1f1,1998,01,18,0.0,15.431063,1.1547151,1998
17550,r4i1p1f1,1998,01,19,0.0,15.166983,3.2421665,1998
17551,r4i1p1f1,1998,01,20,0.0,14.341727,4.939144,1998
17552,r4i1p1f1,1998,01,21,9.551387843299274,10.436289,-0.58043486,1998
17553,r4i1p1f1,1998,01,22,52.873980335372906,3.3287125,-5.8044577,1998
17554,r4i1p1f1,1998,01,23,2.3170753812736544,-2.3543527,-11.512994,1998
17555,r4i1p1f1,1998,01,24,15.754584732941643,-5.358342,-16.953268,1998
17556,r4i1p1f1,1998,01,25,34.84621142991713,-6.99293,-13.038929,1998
17557,r4i1p1f1,1998,01,26,23.171392857724996,-8.83342,-19.16477,1998
17558,r4i1p1f1,1998,01,27,9.2014212442464,-10.620409,-16.318167,1998
17559,r4i1p1f1,1998,01,28,0.0,-6.8113375,-23.339775,1998
17560,r4i1p1f1,1998,01,29,3.1244113221153516,-6.4520335,-12.950395,1998
17561,r4i1p1f1,1998,01,30,0.0,6.0485225,-6.238237,1998
17562,r4i1p1f1,1998,01,31,0.0,8.392879,-5.4109898,1998
17563,r4i1p1f1,1998,02,01,0.0,8.360939,-0.24354222,1998
17564,r4i1p1f1,1998,02,02,1.7600288860498805,7.469235,-3.1834664,1998
17565,r4i1p1f1,1998,02,03,0.0,6.2381816,-7.427675,1998
17566,r4i1p1f1,1998,02,04,25.009565130592538,2.6594057,-5.499366,1998
17567,r4i1p1f1,1998,02,05,0.05975043705592935,-0.009769492,-9.545416,1998
17568,r4i1p1f1,1998,02,06,15.378114943628566,-2.8633454,-14.384648,1998
17569,r4i1p1f1,1998,02,07,83.10405305940742,1.9846655,-8.331874,1998
17570,r4i1p1f1,1998,02,08,59.27009898231563,6.20563,0.17210492,1998
17571,r4i1p1f1,1998,02,09,0.25392158195204273,7.437004,-1.2072736,1998
17572,r4i1p1f1,1998,02,10,0.0,9.7277975,-3.9582062,1998
17573,r4i1p1f1,1998,02,11,0.0,8.647792,-5.074471,1998
17574,r4i1p1f1,1998,02,12,0.0,5.447668,-6.4299884,1998
17575,r4i1p1f1,1998,02,13,0.0,3.609381,-9.2877,1998
17576,r4i1p1f1,1998,02,14,0.0,4.012857,-7.9982524,1998
17577,r4i1p1f1,1998,02,15,0.0,3.8822515,-9.158973,1998
17578,r4i1p1f1,1998,02,16,0.0,5.8713655,-8.86961,1998
17579,r4i1p1f1,1998,02,17,0.0,6.132739,-6.697095,1998
17580,r4i1p1f1,1998,02,18,0.0,4.599962,-8.155923,1998
17581,r4i1p1f1,1998,02,19,0.0,4.1842036,-9.591066,1998
17582,r4i1p1f1,1998,02,20,0.0,6.9376493,-7.9365835,1998
17583,r4i1p1f1,1998,02,21,0.0,8.73975,-3.7045345,1998
17584,r4i1p1f1,1998,02,22,0.0,9.608088,-3.7551153,1998
17585,r4i1p1f1,1998,02,23,0.0,10.012751,-2.9924004,1998
17586,r4i1p1f1,1998,02,24,1.1312454139471515,7.5833683,-0.794103,1998
17587,r4i1p1f1,1998,02,25,0.7939570290788622,4.9479256,-4.9154367,1998
17588,r4i1p1f1,1998,02,26,0.0,8.333436,-6.6961746,1998
17589,r4i1p1f1,1998,02,27,23.24117503194265,5.095612,-3.4143806,1998
17590,r4i1p1f1,1998,02,28,3.7715782755819265,3.6428864,-4.6456866,1998
17591,r4i1p1f1,1998,03,01,0.0,6.181198,-8.510011,1998
17592,r4i1p1f1,1998,03,02,0.0,4.5729823,-9.115221,1998
17593,r4i1p1f1,1998,03,03,0.0,5.1880093,-8.192049,1998
17594,r4i1p1f1,1998,03,04,0.0,6.8998194,-7.979333,1998
17595,r4i1p1f1,1998,03,05,0.0,8.620518,-6.139895,1998
17596,r4i1p1f1,1998,03,06,0.0,8.83453,-5.2984104,1998
17597,r4i1p1f1,1998,03,07,0.0,7.87714,-5.151602,1998
17598,r4i1p1f1,1998,03,08,0.0,7.8447585,-5.4339495,1998
17599,r4i1p1f1,1998,03,09,0.0,10.005994,-3.752125,1998
17600,r4i1p1f1,1998,03,10,0.0,10.960738,-4.633337,1998
17601,r4i1p1f1,1998,03,11,0.0,11.382526,-2.9834135,1998
17602,r4i1p1f1,1998,03,12,0.0,12.88148,-3.0601702,1998
17603,r4i1p1f1,1998,03,13,0.0,15.811997,-0.6914277,1998
17604,r4i1p1f1,1998,03,14,0.0,20.169989,2.8952565,1998
17605,r4i1p1f1,1998,03,15,0.0,19.33333,5.468699,1998
17606,r4i1p1f1,1998,03,16,2.026878961232097,9.134411,-1.7587054,1998
17607,r4i1p1f1,1998,03,17,0.0,5.3905234,-9.975644,1998
17608,r4i1p1f1,1998,03,18,0.0,10.889621,-6.4618125,1998
17609,r4i1p1f1,1998,03,19,0.0,13.441353,-1.7154627,1998
17610,r4i1p1f1,1998,03,20,0.0,13.307012,-0.41107336,1998
17611,r4i1p1f1,1998,03,21,9.254354120190222,9.815762,-3.2003791,1998
17612,r4i1p1f1,1998,03,22,11.923649748397477,6.0533857,-5.8566775,1998
17613,r4i1p1f1,1998,03,23,0.0,10.551197,-6.6573524,1998
17614,r4i1p1f1,1998,03,24,0.0,14.011476,-2.80086,1998
17615,r4i1p1f1,1998,03,25,0.0,12.884519,-0.6522509,1998
17616,r4i1p1f1,1998,03,26,0.3320269959971385,10.552849,-2.4516735,1998
17617,r4i1p1f1,1998,03,27,0.0,8.970317,-6.445576,1998
17618,r4i1p1f1,1998,03,28,0.0,9.822461,-6.2228804,1998
17619,r4i1p1f1,1998,03,29,0.0,10.163416,-3.869271,1998
17620,r4i1p1f1,1998,03,30,0.12897548989202653,6.0848436,-6.5679226,1998
17621,r4i1p1f1,1998,03,31,0.373049037366338,1.359443,-10.44259,1998
17622,r4i1p1f1,1998,04,01,0.0,5.522129,-9.21756,1998
17623,r4i1p1f1,1998,04,02,0.0,10.109754,-4.467166,1998
17624,r4i1p1f1,1998,04,03,0.0,14.5868,-1.6930535,1998
17625,r4i1p1f1,1998,04,04,0.0,16.678408,1.0375352,1998
17626,r4i1p1f1,1998,04,05,0.0,15.483686,0.80086434,1998
17627,r4i1p1f1,1998,04,06,0.0,12.643906,-1.4962993,1998
17628,r4i1p1f1,1998,04,07,0.0,15.404744,-0.505153,1998
17629,r4i1p1f1,1998,04,08,0.0,18.805813,2.5588496,1998
17630,r4i1p1f1,1998,04,09,0.0,19.717197,4.89697,1998
17631,r4i1p1f1,1998,04,10,0.1403622422077613,17.83356,3.5951297,1998
17632,r4i1p1f1,1998,04,11,1.5841533582501786,17.015165,0.90766644,1998
17633,r4i1p1f1,1998,04,12,0.007869264812048575,19.590536,3.3072145,1998
17634,r4i1p1f1,1998,04,13,0.0,18.574398,3.06275,1998
17635,r4i1p1f1,1998,04,14,0.09967462264124632,16.193298,2.995206,1998
17636,r4i1p1f1,1998,04,15,0.0,14.127819,1.1403477,1998
17637,r4i1p1f1,1998,04,16,0.0,9.632206,-1.7994466,1998
17638,r4i1p1f1,1998,04,17,0.0,7.7860184,-6.115887,1998
17639,r4i1p1f1,1998,04,18,0.0,6.049684,-6.576499,1998
17640,r4i1p1f1,1998,04,19,0.0,11.344809,-4.5723987,1998
17641,r4i1p1f1,1998,04,20,0.0,14.233803,-0.4633573,1998
17642,r4i1p1f1,1998,04,21,0.0,14.074295,-0.90828174,1998
17643,r4i1p1f1,1998,04,22,0.0,12.566677,-0.32504177,1998
17644,r4i1p1f1,1998,04,23,0.0,12.315389,0.053919658,1998
17645,r4i1p1f1,1998,04,24,0.0,14.3741255,-1.9647346,1998
17646,r4i1p1f1,1998,04,25,0.0,12.891485,-0.45958078,1998
17647,r4i1p1f1,1998,04,26,0.8978274103257174,7.24811,-3.7226148,1998
17648,r4i1p1f1,1998,04,27,0.0,12.543198,-3.3520906,1998
17649,r4i1p1f1,1998,04,28,0.0,17.373299,0.53640753,1998
17650,r4i1p1f1,1998,04,29,0.0,16.093369,2.42278,1998
17651,r4i1p1f1,1998,04,30,0.0,13.993115,0.64846087,1998
17652,r4i1p1f1,1998,05,01,0.0,14.958105,0.65600735,1998
17653,r4i1p1f1,1998,05,02,0.0,16.682173,2.19081,1998
17654,r4i1p1f1,1998,05,03,0.0,16.91089,3.1916919,1998
17655,r4i1p1f1,1998,05,04,51.67685877436949,10.11867,-4.710535,1998
17656,r4i1p1f1,1998,05,05,5.237522793752213,-2.0679896,-7.151378,1998
17657,r4i1p1f1,1998,05,06,0.20733074344614547,4.309542,-10.709993,1998
17658,r4i1p1f1,1998,05,07,0.0,9.852519,-6.8322916,1998
17659,r4i1p1f1,1998,05,08,0.0,11.624884,-1.8492032,1998
17660,r4i1p1f1,1998,05,09,0.0,15.277711,0.13005094,1998
17661,r4i1p1f1,1998,05,10,0.0,19.597918,3.031696,1998
17662,r4i1p1f1,1998,05,11,0.0,18.086357,5.1762724,1998
17663,r4i1p1f1,1998,05,12,0.0,14.296507,0.669915,1998
17664,r4i1p1f1,1998,05,13,0.0,18.421843,1.1843297,1998
17665,r4i1p1f1,1998,05,14,0.0,20.648396,5.7750244,1998
17666,r4i1p1f1,1998,05,15,0.0,18.854868,5.793739,1998
17667,r4i1p1f1,1998,05,16,0.0,13.348498,-0.707966,1998
17668,r4i1p1f1,1998,05,17,0.0,15.761049,-0.56550515,1998
17669,r4i1p1f1,1998,05,18,0.0,17.977446,2.3475413,1998
17670,r4i1p1f1,1998,05,19,0.0,16.163378,2.0582864,1998
17671,r4i1p1f1,1998,05,20,0.0,12.121142,-2.722845,1998
17672,r4i1p1f1,1998,05,21,0.0,11.558916,-3.8532746,1998
17673,r4i1p1f1,1998,05,22,0.0,16.564615,0.28007162,1998
17674,r4i1p1f1,1998,05,23,0.0,19.707766,3.09547,1998
17675,r4i1p1f1,1998,05,24,0.0,19.179934,4.6956615,1998
17676,r4i1p1f1,1998,05,25,0.0,16.753029,2.7857673,1998
17677,r4i1p1f1,1998,05,26,0.01953681162479481,12.225322,-2.205178,1998
17678,r4i1p1f1,1998,05,27,0.398032560276914,3.6398146,-5.8265877,1998
17679,r4i1p1f1,1998,05,28,0.030656703476030518,4.3533382,-7.148548,1998
17680,r4i1p1f1,1998,05,29,5.365438499880608,5.220972,-7.483067,1998
17681,r4i1p1f1,1998,05,30,1.511482906440769,8.505083,-4.8830414,1998
17682,r4i1p1f1,1998,05,31,0.0,19.105928,2.8931496,1998
17683,r4i1p1f1,1998,06,01,0.0,23.364832,6.2939878,1998
17684,r4i1p1f1,1998,06,02,0.0,26.400337,9.691177,1998
17685,r4i1p1f1,1998,06,03,0.0,29.39854,11.889477,1998
17686,r4i1p1f1,1998,06,04,0.7776768975685734,28.636791,13.280266,1998
17687,r4i1p1f1,1998,06,05,0.842462317118033,22.98736,11.336393,1998
17688,r4i1p1f1,1998,06,06,0.020456129626573245,17.695042,4.7490945,1998
17689,r4i1p1f1,1998,06,07,0.0,15.62025,1.1658642,1998
17690,r4i1p1f1,1998,06,08,0.0,18.44288,2.05178,1998
17691,r4i1p1f1,1998,06,09,0.0,19.324743,5.2401986,1998
17692,r4i1p1f1,1998,06,10,0.0,19.957531,4.853435,1998
17693,r4i1p1f1,1998,06,11,0.0,21.585184,5.1307325,1998
17694,r4i1p1f1,1998,06,12,0.0,22.712816,8.617873,1998
17695,r4i1p1f1,1998,06,13,0.0,21.671011,9.337952,1998
17696,r4i1p1f1,1998,06,14,0.0,21.090803,6.634742,1998
17697,r4i1p1f1,1998,06,15,0.0,21.390526,5.8322587,1998
17698,r4i1p1f1,1998,06,16,0.0,20.689047,5.9159493,1998
17699,r4i1p1f1,1998,06,17,0.0,19.732323,6.236289,1998
17700,r4i1p1f1,1998,06,18,0.0,18.602806,4.6474037,1998
17701,r4i1p1f1,1998,06,19,1.8088846099587965,19.013641,5.9546986,1998
17702,r4i1p1f1,1998,06,20,1.8325277152806398,20.796892,5.1326385,1998
17703,r4i1p1f1,1998,06,21,0.291424546210124,23.077219,7.308631,1998
17704,r4i1p1f1,1998,06,22,0.0,23.892504,9.077628,1998
17705,r4i1p1f1,1998,06,23,0.0,23.28917,8.532113,1998
17706,r4i1p1f1,1998,06,24,0.0,22.61399,8.135783,1998
17707,r4i1p1f1,1998,06,25,0.0,23.681387,7.0382757,1998
17708,r4i1p1f1,1998,06,26,0.0,25.501064,8.420211,1998
17709,r4i1p1f1,1998,06,27,0.2388431112244051,24.20216,10.9619,1998
17710,r4i1p1f1,1998,06,28,0.0,20.327467,7.1214085,1998
17711,r4i1p1f1,1998,06,29,0.0,20.882656,4.187068,1998
17712,r4i1p1f1,1998,06,30,0.0,25.576967,6.919473,1998
17713,r4i1p1f1,1998,07,01,0.0,27.953926,10.089259,1998
17714,r4i1p1f1,1998,07,02,0.0,27.487082,10.826823,1998
17715,r4i1p1f1,1998,07,03,0.0,26.7446,10.446493,1998
17716,r4i1p1f1,1998,07,04,0.0,26.062916,9.591384,1998
17717,r4i1p1f1,1998,07,05,0.0,25.641735,9.649548,1998
17718,r4i1p1f1,1998,07,06,0.0,24.733418,8.878279,1998
17719,r4i1p1f1,1998,07,07,0.0,23.031422,9.361739,1998
17720,r4i1p1f1,1998,07,08,0.0,23.27232,7.304991,1998
17721,r4i1p1f1,1998,07,09,0.0,25.54527,10.034173,1998
17722,r4i1p1f1,1998,07,10,0.0,27.724106,11.663733,1998
17723,r4i1p1f1,1998,07,11,0.0,28.00216,12.830848,1998
17724,r4i1p1f1,1998,07,12,0.0,27.64969,13.205971,1998
17725,r4i1p1f1,1998,07,13,0.0,26.977186,10.459426,1998
17726,r4i1p1f1,1998,07,14,0.0,25.61322,11.782846,1998
17727,r4i1p1f1,1998,07,15,0.0,26.037056,9.60257,1998
17728,r4i1p1f1,1998,07,16,0.0,24.455273,9.057758,1998
17729,r4i1p1f1,1998,07,17,0.0,21.673819,7.5154166,1998
17730,r4i1p1f1,1998,07,18,0.0,20.55032,6.494836,1998
17731,r4i1p1f1,1998,07,19,0.0,21.160994,7.682426,1998
17732,r4i1p1f1,1998,07,20,0.0,22.272778,8.769004,1998
17733,r4i1p1f1,1998,07,21,0.2897297691458223,24.498331,9.463916,1998
17734,r4i1p1f1,1998,07,22,0.015250833663782336,25.781063,10.392769,1998
17735,r4i1p1f1,1998,07,23,0.13349944681943998,25.50577,11.10961,1998
17736,r4i1p1f1,1998,07,24,0.0,24.793697,9.584203,1998
17737,r4i1p1f1,1998,07,25,0.0,25.40027,8.184093,1998
17738,r4i1p1f1,1998,07,26,0.0,26.360588,10.156998,1998
17739,r4i1p1f1,1998,07,27,0.003067714203192802,26.888014,11.125379,1998
17740,r4i1p1f1,1998,07,28,0.9909045465258414,27.424133,11.622776,1998
17741,r4i1p1f1,1998,07,29,0.0,28.964003,13.267623,1998
17742,r4i1p1f1,1998,07,30,0.05204598224464787,32.041313,15.3435135,1998
17743,r4i1p1f1,1998,07,31,0.11194625556823477,30.616291,14.660068,1998
17744,r4i1p1f1,1998,08,01,0.3390268009678541,29.129906,13.5881,1998
17745,r4i1p1f1,1998,08,02,0.0,28.507273,13.032378,1998
17746,r4i1p1f1,1998,08,03,0.0,27.560015,12.134004,1998
17747,r4i1p1f1,1998,08,04,0.10694896577146563,26.673676,11.261264,1998
17748,r4i1p1f1,1998,08,05,0.0,27.107258,10.759003,1998
17749,r4i1p1f1,1998,08,06,0.0,28.166407,11.120921,1998
17750,r4i1p1f1,1998,08,07,0.0,27.503977,11.752481,1998
17751,r4i1p1f1,1998,08,08,0.0,26.47849,10.373965,1998
17752,r4i1p1f1,1998,08,09,0.0,25.290491,9.868671,1998
17753,r4i1p1f1,1998,08,10,0.0,23.649746,8.157714,1998
17754,r4i1p1f1,1998,08,11,0.0,21.451672,6.299465,1998
17755,r4i1p1f1,1998,08,12,0.0,22.16819,6.065163,1998
17756,r4i1p1f1,1998,08,13,0.0,23.855844,7.439442,1998
17757,r4i1p1f1,1998,08,14,0.0,24.874113,8.645685,1998
17758,r4i1p1f1,1998,08,15,0.0,25.742971,8.687217,1998
17759,r4i1p1f1,1998,08,16,0.0,25.950842,9.431872,1998
17760,r4i1p1f1,1998,08,17,0.0,24.547112,11.438846,1998
17761,r4i1p1f1,1998,08,18,0.15742295713669477,23.03299,11.4991865,1998
17762,r4i1p1f1,1998,08,19,0.0034377133447152236,23.45425,8.11355,1998
17763,r4i1p1f1,1998,08,20,0.0,25.42428,9.280471,1998
17764,r4i1p1f1,1998,08,21,0.0,24.321356,9.214727,1998
17765,r4i1p1f1,1998,08,22,0.0,22.347702,5.368375,1998
17766,r4i1p1f1,1998,08,23,0.0,20.546139,4.798663,1998
17767,r4i1p1f1,1998,08,24,0.0,18.901144,4.929653,1998
17768,r4i1p1f1,1998,08,25,0.0,21.016516,4.654936,1998
17769,r4i1p1f1,1998,08,26,0.0,21.952524,5.9027076,1998
17770,r4i1p1f1,1998,08,27,0.0,21.6216,6.3565526,1998
17771,r4i1p1f1,1998,08,28,0.0,21.3908,7.287795,1998
17772,r4i1p1f1,1998,08,29,0.0017958418958677123,22.643595,6.8136578,1998
17773,r4i1p1f1,1998,08,30,0.0,23.60206,7.13752,1998
17774,r4i1p1f1,1998,08,31,0.0,23.022902,6.795316,1998
17775,r4i1p1f1,1998,09,01,0.0,22.415672,7.3745923,1998
17776,r4i1p1f1,1998,09,02,0.1789125837579241,23.339344,8.525965,1998
17777,r4i1p1f1,1998,09,03,1.1337618181723308,22.701591,9.777011,1998
17778,r4i1p1f1,1998,09,04,5.346520794304673,21.198462,9.014136,1998
17779,r4i1p1f1,1998,09,05,0.0,20.371479,3.7862496,1998
17780,r4i1p1f1,1998,09,06,0.0,22.149385,6.0593476,1998
17781,r4i1p1f1,1998,09,07,0.0,22.11126,6.6284847,1998
17782,r4i1p1f1,1998,09,08,0.0,24.067112,7.749654,1998
17783,r4i1p1f1,1998,09,09,0.0,23.522484,8.136187,1998
17784,r4i1p1f1,1998,09,10,0.0,21.416895,6.922981,1998
17785,r4i1p1f1,1998,09,11,0.0,21.058525,6.1129565,1998
17786,r4i1p1f1,1998,09,12,0.0,26.794424,9.909109,1998
17787,r4i1p1f1,1998,09,13,0.05638750988518086,26.554392,10.969841,1998
17788,r4i1p1f1,1998,09,14,0.4428716558927734,23.23294,8.970679,1998
17789,r4i1p1f1,1998,09,15,0.036613664124819464,19.650087,5.475987,1998
17790,r4i1p1f1,1998,09,16,0.7726900949140503,22.846828,7.809292,1998
17791,r4i1p1f1,1998,09,17,0.20313102558910492,23.41769,7.385862,1998
17792,r4i1p1f1,1998,09,18,0.0,22.510891,8.069042,1998
17793,r4i1p1f1,1998,09,19,0.34364181480022665,22.961002,8.612467,1998
17794,r4i1p1f1,1998,09,20,0.02918624504343833,21.678562,7.32208,1998
17795,r4i1p1f1,1998,09,21,0.00032819422167078993,21.67609,7.2535896,1998
17796,r4i1p1f1,1998,09,22,0.0,21.497435,7.397389,1998
17797,r4i1p1f1,1998,09,23,0.0,20.671919,5.6905417,1998
17798,r4i1p1f1,1998,09,24,0.0,17.096529,2.8056726,1998
17799,r4i1p1f1,1998,09,25,0.0,12.4031925,-2.2267244,1998
17800,r4i1p1f1,1998,09,26,0.0,18.56374,2.4405117,1998
17801,r4i1p1f1,1998,09,27,0.0,24.896204,6.1286774,1998
17802,r4i1p1f1,1998,09,28,0.0,25.866304,9.550657,1998
17803,r4i1p1f1,1998,09,29,0.0,26.212296,10.895759,1998
17804,r4i1p1f1,1998,09,30,0.0,25.304186,10.594543,1998
17805,r4i1p1f1,1998,10,01,0.0,23.059896,7.7438836,1998
17806,r4i1p1f1,1998,10,02,0.0,18.38766,4.305907,1998
17807,r4i1p1f1,1998,10,03,0.0,17.390173,1.9367545,1998
17808,r4i1p1f1,1998,10,04,0.0,13.565784,-3.2087855,1998
17809,r4i1p1f1,1998,10,05,0.0,13.335431,-1.4931788,1998
17810,r4i1p1f1,1998,10,06,0.0,18.846163,2.073792,1998
17811,r4i1p1f1,1998,10,07,0.0,21.724598,5.1293573,1998
17812,r4i1p1f1,1998,10,08,0.0,22.659698,6.989839,1998
17813,r4i1p1f1,1998,10,09,0.0,22.289898,7.405333,1998
17814,r4i1p1f1,1998,10,10,0.0,22.46194,5.873961,1998
17815,r4i1p1f1,1998,10,11,0.0,19.766764,5.9359097,1998
17816,r4i1p1f1,1998,10,12,0.5722787478367223,17.079536,0.14138483,1998
17817,r4i1p1f1,1998,10,13,6.30074639786422,3.9422212,-6.1973586,1998
17818,r4i1p1f1,1998,10,14,17.260578160767594,1.5183622,-7.2200603,1998
17819,r4i1p1f1,1998,10,15,0.0,10.2116785,-6.3102884,1998
17820,r4i1p1f1,1998,10,16,0.0,13.909515,-3.004516,1998
17821,r4i1p1f1,1998,10,17,0.0,15.230632,0.012363347,1998
17822,r4i1p1f1,1998,10,18,0.0,17.912441,2.1518896,1998
17823,r4i1p1f1,1998,10,19,0.5945441712870534,17.012989,3.4978993,1998
17824,r4i1p1f1,1998,10,20,1.0611350663196173,12.728305,1.293105,1998
17825,r4i1p1f1,1998,10,21,0.6512145429811566,7.114067,-5.662399,1998
17826,r4i1p1f1,1998,10,22,0.11405864850580018,8.499452,-4.6404862,1998
17827,r4i1p1f1,1998,10,23,0.0,12.499601,-2.9752343,1998
17828,r4i1p1f1,1998,10,24,1.4911401805151054,14.668085,3.4050038,1998
17829,r4i1p1f1,1998,10,25,0.0,7.8801513,-3.053176,1998
17830,r4i1p1f1,1998,10,26,0.2335716220347434,6.642858,-3.4274704,1998
17831,r4i1p1f1,1998,10,27,0.0,11.343315,-4.8015423,1998
17832,r4i1p1f1,1998,10,28,0.0,14.673555,-0.65388584,1998
17833,r4i1p1f1,1998,10,29,0.0,17.410664,0.8680084,1998
17834,r4i1p1f1,1998,10,30,0.03713867841412238,14.921716,3.8170967,1998
17835,r4i1p1f1,1998,10,31,0.47637902707761215,11.804951,0.5354473,1998
17836,r4i1p1f1,1998,11,01,0.0,13.778116,-1.6861569,1998
17837,r4i1p1f1,1998,11,02,0.0,17.485697,1.0894935,1998
17838,r4i1p1f1,1998,11,03,0.0,18.831554,2.9519706,1998
17839,r4i1p1f1,1998,11,04,0.0,16.85847,3.2830303,1998
17840,r4i1p1f1,1998,11,05,0.0,15.723844,2.122191,1998
17841,r4i1p1f1,1998,11,06,0.0,12.58815,0.16542764,1998
17842,r4i1p1f1,1998,11,07,0.0,7.892906,-2.7969496,1998
17843,r4i1p1f1,1998,11,08,5.909153542479256,7.053137,-2.4724917,1998
17844,r4i1p1f1,1998,11,09,0.0,10.078095,-6.085802,1998
17845,r4i1p1f1,1998,11,10,0.0,11.104568,-3.4904635,1998
17846,r4i1p1f1,1998,11,11,0.0,12.749189,-0.42044902,1998
17847,r4i1p1f1,1998,11,12,0.0,14.861853,-0.41675586,1998
17848,r4i1p1f1,1998,11,13,0.0,17.35538,1.52957,1998
17849,r4i1p1f1,1998,11,14,0.0,18.180088,5.4533525,1998
17850,r4i1p1f1,1998,11,15,0.0,16.128262,4.396333,1998
17851,r4i1p1f1,1998,11,16,37.249604163231005,11.801378,-2.4481206,1998
17852,r4i1p1f1,1998,11,17,2.2682828522048686,-2.5285144,-12.352997,1998
17853,r4i1p1f1,1998,11,18,0.0,2.6464837,-11.478767,1998
17854,r4i1p1f1,1998,11,19,0.0,8.917764,-5.541473,1998
17855,r4i1p1f1,1998,11,20,4.442820252554807,10.653141,1.859641,1998
17856,r4i1p1f1,1998,11,21,6.542089580900243,7.731345,0.31150135,1998
17857,r4i1p1f1,1998,11,22,0.0,8.320519,-6.523449,1998
17858,r4i1p1f1,1998,11,23,0.0,10.410126,-3.4729695,1998
17859,r4i1p1f1,1998,11,24,0.0,9.266537,-4.9093537,1998
17860,r4i1p1f1,1998,11,25,0.24708611636673578,6.633091,-4.91142,1998
17861,r4i1p1f1,1998,11,26,1.015563699028425,3.8593407,-5.2384367,1998
17862,r4i1p1f1,1998,11,27,0.0,8.495224,-5.021844,1998
17863,r4i1p1f1,1998,11,28,0.0,10.460275,-4.5220737,1998
17864,r4i1p1f1,1998,11,29,0.0,9.72777,-5.136333,1998
17865,r4i1p1f1,1998,11,30,0.001340404010511623,6.812375,-2.884712,1998
17866,r4i1p1f1,1998,12,01,0.0,7.937604,-4.963689,1998
17867,r4i1p1f1,1998,12,02,0.6890417479541089,5.5530653,-5.214751,1998
17868,r4i1p1f1,1998,12,03,0.0,10.513465,-2.04775,1998
17869,r4i1p1f1,1998,12,04,0.0,14.899987,1.5013344,1998
17870,r4i1p1f1,1998,12,05,0.0,16.409678,2.2161756,1998
17871,r4i1p1f1,1998,12,06,0.0,14.430937,2.5249004,1998
17872,r4i1p1f1,1998,12,07,0.6330887936727946,11.308456,0.06360996,1998
17873,r4i1p1f1,1998,12,08,0.0,10.732341,-3.3233612,1998
17874,r4i1p1f1,1998,12,09,0.0,13.395613,-0.741136,1998
17875,r4i1p1f1,1998,12,10,0.0,13.725323,1.2176425,1998
17876,r4i1p1f1,1998,12,11,0.0,12.544665,1.0630041,1998
17877,r4i1p1f1,1998,12,12,2.1013164813761316,9.436134,-1.4730009,1998
17878,r4i1p1f1,1998,12,13,1.327779898881555,3.9746447,-7.395524,1998
17879,r4i1p1f1,1998,12,14,0.0,5.045411,-7.823661,1998
17880,r4i1p1f1,1998,12,15,0.006980912620833826,2.9775052,-5.829667,1998
17881,r4i1p1f1,1998,12,16,0.22777419563677062,0.7342614,-11.235229,1998
17882,r4i1p1f1,1998,12,17,0.0021870700413059883,0.42882264,-10.125138,1998
17883,r4i1p1f1,1998,12,18,0.125662812805625,-2.6196198,-10.90615,1998
17884,r4i1p1f1,1998,12,19,0.0,5.172892,-10.681875,1998
17885,r4i1p1f1,1998,12,20,0.0,4.34088,-6.333588,1998
17886,r4i1p1f1,1998,12,21,2.024357427920086,0.7950053,-8.777229,1998
17887,r4i1p1f1,1998,12,22,0.0,7.5622864,-7.3523827,1998
17888,r4i1p1f1,1998,12,23,0.0,8.724605,-2.2297883,1998
17889,r4i1p1f1,1998,12,24,0.0,7.933431,-5.5942063,1998
17890,r4i1p1f1,1998,12,25,0.0,5.237852,-5.74589,1998
17891,r4i1p1f1,1998,12,26,0.0,1.3094122,-11.032626,1998
17892,r4i1p1f1,1998,12,27,0.0,-5.404817,-16.814953,1998
17893,r4i1p1f1,1998,12,28,0.0,2.4843116,-10.972735,1998
17894,r4i1p1f1,1998,12,29,0.0,3.9269402,-6.0365105,1998
17895,r4i1p1f1,1998,12,30,0.10065902081134885,4.7332478,-7.395987,1998
17896,r4i1p1f1,1998,12,31,4.060823105968526,2.8886526,-8.484881,1998
17897,r4i1p1f1,1999,01,01,34.616111638340506,-1.424507,-6.486621,1999
17898,r4i1p1f1,1999,01,02,0.0,1.4036511,-12.888134,1999
17899,r4i1p1f1,1999,01,03,0.8920137505535269,0.15154429,-11.089162,1999
17900,r4i1p1f1,1999,01,04,0.1600837373041126,1.9863857,-9.4563265,1999
17901,r4i1p1f1,1999,01,05,0.0032020212973918917,4.582247,-2.9943562,1999
17902,r4i1p1f1,1999,01,06,0.2685424641019146,9.227048,-2.9888656,1999
17903,r4i1p1f1,1999,01,07,3.2496179059875825,4.88247,-1.9868097,1999
17904,r4i1p1f1,1999,01,08,0.0,6.1165013,-9.25872,1999
17905,r4i1p1f1,1999,01,09,0.0,6.291322,-3.7834601,1999
17906,r4i1p1f1,1999,01,10,16.630579248688086,3.1289353,-4.319349,1999
17907,r4i1p1f1,1999,01,11,85.77060023600833,2.3650286,-2.783023,1999
17908,r4i1p1f1,1999,01,12,15.513281849354119,1.6109456,-7.6813397,1999
17909,r4i1p1f1,1999,01,13,0.0,1.6624408,-9.439102,1999
17910,r4i1p1f1,1999,01,14,7.462951370748813,-1.4333171,-9.907687,1999
17911,r4i1p1f1,1999,01,15,9.028500199043487e-05,0.37725663,-14.441044,1999
17912,r4i1p1f1,1999,01,16,16.133613321494007,-1.2920743,-9.603751,1999
17913,r4i1p1f1,1999,01,17,8.196473749653684,-2.4227242,-9.081244,1999
17914,r4i1p1f1,1999,01,18,0.0048523387107608324,2.262219,-10.606489,1999
17915,r4i1p1f1,1999,01,19,0.0,4.6305733,-12.0095415,1999
17916,r4i1p1f1,1999,01,20,4.491798528463185,-1.515953,-11.548356,1999
17917,r4i1p1f1,1999,01,21,0.0,-4.380057,-15.038066,1999
17918,r4i1p1f1,1999,01,22,0.0,2.4002213,-11.327265,1999
17919,r4i1p1f1,1999,01,23,0.0,7.0196953,-8.309594,1999
17920,r4i1p1f1,1999,01,24,0.0,6.4321685,-6.501759,1999
17921,r4i1p1f1,1999,01,25,0.0,4.1382923,-7.543534,1999
17922,r4i1p1f1,1999,01,26,0.0,5.0429735,-10.947245,1999
17923,r4i1p1f1,1999,01,27,0.0,8.066778,-5.618601,1999
17924,r4i1p1f1,1999,01,28,0.0,10.289573,-0.77282876,1999
17925,r4i1p1f1,1999,01,29,4.641718193375726,6.9322844,-5.3546205,1999
17926,r4i1p1f1,1999,01,30,33.54394893579151,-0.8368581,-6.488682,1999
17927,r4i1p1f1,1999,01,31,4.4297902147885235,1.9518344,-10.113076,1999
17928,r4i1p1f1,1999,02,01,1.87243799454546,3.1986282,-7.911091,1999
17929,r4i1p1f1,1999,02,02,0.0,6.0053782,-8.499393,1999
17930,r4i1p1f1,1999,02,03,0.00919135115809983,5.4098644,-4.8729286,1999
17931,r4i1p1f1,1999,02,04,1.0613767679741741,6.6859016,-5.9956255,1999
17932,r4i1p1f1,1999,02,05,0.0026245928308950227,5.2211647,-7.880984,1999
17933,r4i1p1f1,1999,02,06,0.14043240725314055,0.941534,-11.087318,1999
17934,r4i1p1f1,1999,02,07,13.44521339617699,-1.5941755,-11.775851,1999
17935,r4i1p1f1,1999,02,08,31.80576754139728,2.3863907,-6.4208126,1999
17936,r4i1p1f1,1999,02,09,1.2381168143872865,3.371504,-6.121087,1999
17937,r4i1p1f1,1999,02,10,2.966142800272693,-0.8720177,-9.739093,1999
17938,r4i1p1f1,1999,02,11,0.01656165759784235,-1.9637069,-12.782396,1999
17939,r4i1p1f1,1999,02,12,2.4733044550481793,-3.0494347,-14.047873,1999
17940,r4i1p1f1,1999,02,13,0.0,3.070135,-12.938616,1999
17941,r4i1p1f1,1999,02,14,2.4386707682506765,-0.3246484,-11.918532,1999
17942,r4i1p1f1,1999,02,15,16.990555371199967,-0.15160705,-11.9280405,1999
17943,r4i1p1f1,1999,02,16,0.0,2.3971527,-12.376228,1999
17944,r4i1p1f1,1999,02,17,4.61691205600965,-2.4646847,-9.387275,1999
17945,r4i1p1f1,1999,02,18,6.916751354320156,-3.23233,-14.352655,1999
17946,r4i1p1f1,1999,02,19,0.0,-0.96213144,-16.627466,1999
17947,r4i1p1f1,1999,02,20,2.0373819231943804,-5.191636,-13.502658,1999
17948,r4i1p1f1,1999,02,21,9.434861501727418,-7.0459948,-16.123936,1999
17949,r4i1p1f1,1999,02,22,0.32503379138626887,-6.7606907,-16.826923,1999
17950,r4i1p1f1,1999,02,23,0.0,-5.629498,-19.678364,1999
17951,r4i1p1f1,1999,02,24,0.0,-1.8646773,-16.50795,1999
17952,r4i1p1f1,1999,02,25,0.0,1.5914873,-13.100754,1999
17953,r4i1p1f1,1999,02,26,0.0,0.28400147,-12.867355,1999
17954,r4i1p1f1,1999,02,27,10.009685402158073,-3.1866932,-10.315225,1999
17955,r4i1p1f1,1999,02,28,1.0401967647241148,3.3841517,-6.934842,1999
17956,r4i1p1f1,1999,03,01,0.0,11.169299,-4.207891,1999
17957,r4i1p1f1,1999,03,02,9.634045823849895,7.516609,-3.1181765,1999
17958,r4i1p1f1,1999,03,03,39.9540656331581,0.45561427,-6.590954,1999
17959,r4i1p1f1,1999,03,04,4.3591844646713955,-1.3190612,-9.775886,1999
17960,r4i1p1f1,1999,03,05,0.0,4.6631584,-8.369419,1999
17961,r4i1p1f1,1999,03,06,0.10453736569155092,5.6592927,-5.4678984,1999
17962,r4i1p1f1,1999,03,07,40.58992101102899,-0.2820066,-6.905723,1999
17963,r4i1p1f1,1999,03,08,7.933600019883234,-3.2600567,-10.763888,1999
17964,r4i1p1f1,1999,03,09,0.0,1.8065909,-13.386801,1999
17965,r4i1p1f1,1999,03,10,0.0,5.0098343,-9.560497,1999
17966,r4i1p1f1,1999,03,11,0.0,4.9897656,-4.098515,1999
17967,r4i1p1f1,1999,03,12,0.0,6.621088,-8.426774,1999
17968,r4i1p1f1,1999,03,13,0.0,7.9193454,-6.3641367,1999
17969,r4i1p1f1,1999,03,14,0.0,10.172978,-4.55278,1999
17970,r4i1p1f1,1999,03,15,0.0,13.264771,-1.2376529,1999
17971,r4i1p1f1,1999,03,16,0.0,16.856625,1.1560526,1999
17972,r4i1p1f1,1999,03,17,0.0,18.533527,1.9401146,1999
17973,r4i1p1f1,1999,03,18,0.0,17.264158,2.6846106,1999
17974,r4i1p1f1,1999,03,19,0.0,16.735073,1.6078038,1999
17975,r4i1p1f1,1999,03,20,0.0,14.813803,1.7274297,1999
17976,r4i1p1f1,1999,03,21,1.227629986151524,8.042886,-2.78272,1999
17977,r4i1p1f1,1999,03,22,0.0,6.0707073,-4.558091,1999
17978,r4i1p1f1,1999,03,23,0.0,6.3169603,-5.653941,1999
17979,r4i1p1f1,1999,03,24,0.0,8.215298,-3.6414235,1999
17980,r4i1p1f1,1999,03,25,0.0,11.474575,-4.287423,1999
17981,r4i1p1f1,1999,03,26,0.0,12.237268,-0.9966567,1999
17982,r4i1p1f1,1999,03,27,0.0,11.784566,2.1499171,1999
17983,r4i1p1f1,1999,03,28,11.086393038007932,6.415861,-7.360583,1999
17984,r4i1p1f1,1999,03,29,14.929055509098744,0.64689344,-7.2129316,1999
17985,r4i1p1f1,1999,03,30,0.0,6.5903244,-6.7858477,1999
17986,r4i1p1f1,1999,03,31,31.83473219012007,3.860106,-8.206681,1999
17987,r4i1p1f1,1999,04,01,0.0,5.5801373,-9.137171,1999
17988,r4i1p1f1,1999,04,02,0.0,10.608685,-6.2684507,1999
17989,r4i1p1f1,1999,04,03,0.0,13.534904,-2.3362484,1999
17990,r4i1p1f1,1999,04,04,0.0,15.643978,-0.66962934,1999
17991,r4i1p1f1,1999,04,05,0.0,17.985989,2.0484142,1999
17992,r4i1p1f1,1999,04,06,0.0,18.99658,3.1859765,1999
17993,r4i1p1f1,1999,04,07,0.0,19.496796,4.527723,1999
17994,r4i1p1f1,1999,04,08,0.0,18.472334,4.6975217,1999
17995,r4i1p1f1,1999,04,09,0.0,12.296989,0.63852775,1999
17996,r4i1p1f1,1999,04,10,0.0,6.816867,-2.9419482,1999
17997,r4i1p1f1,1999,04,11,0.0,10.691546,-4.8242087,1999
17998,r4i1p1f1,1999,04,12,0.0,13.852754,-1.6645439,1999
17999,r4i1p1f1,1999,04,13,0.0,14.42587,-0.38727787,1999
18000,r4i1p1f1,1999,04,14,0.0,13.583752,-1.4334856,1999
18001,r4i1p1f1,1999,04,15,4.269569153336195,9.175277,-4.2001767,1999
18002,r4i1p1f1,1999,04,16,0.074000351932684,3.527874,-7.9031506,1999
18003,r4i1p1f1,1999,04,17,0.0,6.132238,-8.623969,1999
18004,r4i1p1f1,1999,04,18,0.0,9.5611725,-4.7472243,1999
18005,r4i1p1f1,1999,04,19,0.0,11.8554945,-3.0245202,1999
18006,r4i1p1f1,1999,04,20,0.040593034968652436,10.840623,-2.109107,1999
18007,r4i1p1f1,1999,04,21,0.0,10.743101,-2.8030398,1999
18008,r4i1p1f1,1999,04,22,0.0,12.851234,-2.8356812,1999
18009,r4i1p1f1,1999,04,23,0.0,12.873473,-1.1322106,1999
18010,r4i1p1f1,1999,04,24,0.0532876299211531,9.125804,-5.2025795,1999
18011,r4i1p1f1,1999,04,25,2.009157826017132,-3.6946363,-13.235572,1999
18012,r4i1p1f1,1999,04,26,0.6405480398817371,5.0372534,-9.896005,1999
18013,r4i1p1f1,1999,04,27,0.0,12.827467,-4.327099,1999
18014,r4i1p1f1,1999,04,28,0.0,12.752924,-0.5490985,1999
18015,r4i1p1f1,1999,04,29,1.5212898174764442,6.82651,-2.9716432,1999
18016,r4i1p1f1,1999,04,30,19.883970849740642,0.08965519,-5.9205112,1999
18017,r4i1p1f1,1999,05,01,0.01824603830063842,5.955465,-9.676867,1999
18018,r4i1p1f1,1999,05,02,0.0,10.474267,-5.8169622,1999
18019,r4i1p1f1,1999,05,03,0.0,14.779694,-1.0200891,1999
18020,r4i1p1f1,1999,05,04,0.0,17.8796,1.766249,1999
18021,r4i1p1f1,1999,05,05,0.0,18.022589,2.9617653,1999
18022,r4i1p1f1,1999,05,06,0.0,19.065456,3.2860198,1999
18023,r4i1p1f1,1999,05,07,0.0,20.903925,5.0669365,1999
18024,r4i1p1f1,1999,05,08,0.0,22.71676,6.6543703,1999
18025,r4i1p1f1,1999,05,09,0.0,22.162304,8.63932,1999
18026,r4i1p1f1,1999,05,10,0.0,19.680285,6.0115666,1999
18027,r4i1p1f1,1999,05,11,0.0,16.168423,1.5679563,1999
18028,r4i1p1f1,1999,05,12,0.0,14.401277,1.1523561,1999
18029,r4i1p1f1,1999,05,13,0.5251018958952703,11.739859,-0.40192252,1999
18030,r4i1p1f1,1999,05,14,1.0877854271493725,13.664114,-0.9856664,1999
18031,r4i1p1f1,1999,05,15,0.0,14.569963,0.75129527,1999
18032,r4i1p1f1,1999,05,16,1.037127153347897,13.023716,0.4080118,1999
18033,r4i1p1f1,1999,05,17,20.531840506806493,7.5694647,-1.6979058,1999
18034,r4i1p1f1,1999,05,18,4.852145926780473,3.1740718,-3.8283467,1999
18035,r4i1p1f1,1999,05,19,2.548716097760307,7.610798,-3.1343243,1999
18036,r4i1p1f1,1999,05,20,0.08507874577408403,11.808926,-2.7775438,1999
18037,r4i1p1f1,1999,05,21,0.00035036274513658514,10.662437,-2.4204621,1999
18038,r4i1p1f1,1999,05,22,0.0,11.3953285,-2.4334984,1999
18039,r4i1p1f1,1999,05,23,0.0,16.105722,0.4489702,1999
18040,r4i1p1f1,1999,05,24,0.0,18.885103,3.132221,1999
18041,r4i1p1f1,1999,05,25,0.0,21.271006,4.961635,1999
18042,r4i1p1f1,1999,05,26,0.1052310224622488,19.696274,6.1494656,1999
18043,r4i1p1f1,1999,05,27,0.0,18.362553,4.402435,1999
18044,r4i1p1f1,1999,05,28,0.0,18.344513,4.560675,1999
18045,r4i1p1f1,1999,05,29,0.0,17.388182,5.087106,1999
18046,r4i1p1f1,1999,05,30,0.0,15.81729,2.2017863,1999
18047,r4i1p1f1,1999,05,31,0.0,15.290248,1.9008017,1999
18048,r4i1p1f1,1999,06,01,0.0017253432396011283,17.44581,3.0535264,1999
18049,r4i1p1f1,1999,06,02,0.5944875563727692,19.498285,2.700444,1999
18050,r4i1p1f1,1999,06,03,0.0,21.777666,6.7415047,1999
18051,r4i1p1f1,1999,06,04,0.0,19.59451,7.777316,1999
18052,r4i1p1f1,1999,06,05,0.0,15.894531,2.7380126,1999
18053,r4i1p1f1,1999,06,06,0.0,16.011997,2.2856965,1999
18054,r4i1p1f1,1999,06,07,0.6761587048960824,13.433464,0.99287796,1999
18055,r4i1p1f1,1999,06,08,1.3416818673698083,9.861976,-1.93419,1999
18056,r4i1p1f1,1999,06,09,0.7053098671279329,14.893184,0.7923724,1999
18057,r4i1p1f1,1999,06,10,0.5842419279640756,18.164137,2.4514883,1999
18058,r4i1p1f1,1999,06,11,0.3488322573227226,18.251446,5.132864,1999
18059,r4i1p1f1,1999,06,12,0.04216386943255399,19.327822,5.057357,1999
18060,r4i1p1f1,1999,06,13,0.0,20.71677,6.074703,1999
18061,r4i1p1f1,1999,06,14,0.0,20.322891,6.756396,1999
18062,r4i1p1f1,1999,06,15,0.0,21.524015,5.724873,1999
18063,r4i1p1f1,1999,06,16,0.0,22.316208,7.8954687,1999
18064,r4i1p1f1,1999,06,17,0.0,22.859148,7.9617395,1999
18065,r4i1p1f1,1999,06,18,0.0,22.6983,8.237083,1999
18066,r4i1p1f1,1999,06,19,0.0,22.217573,7.6396265,1999
18067,r4i1p1f1,1999,06,20,0.0,22.45459,6.705804,1999
18068,r4i1p1f1,1999,06,21,0.0,22.634405,6.4132996,1999
18069,r4i1p1f1,1999,06,22,0.0,21.817692,6.731701,1999
18070,r4i1p1f1,1999,06,23,0.0,21.56625,6.9938345,1999
18071,r4i1p1f1,1999,06,24,0.0,20.543943,7.3262625,1999
18072,r4i1p1f1,1999,06,25,0.0,19.207798,5.711263,1999
18073,r4i1p1f1,1999,06,26,0.0,18.205822,4.4654446,1999
18074,r4i1p1f1,1999,06,27,0.0,21.646063,4.7773466,1999
18075,r4i1p1f1,1999,06,28,0.0,24.770004,7.5856595,1999
18076,r4i1p1f1,1999,06,29,0.0,26.468912,9.345587,1999
18077,r4i1p1f1,1999,06,30,0.0,26.641056,9.902983,1999
18078,r4i1p1f1,1999,07,01,0.0,26.337755,11.150054,1999
18079,r4i1p1f1,1999,07,02,0.0,25.497303,10.154941,1999
18080,r4i1p1f1,1999,07,03,0.0,26.69305,9.203416,1999
18081,r4i1p1f1,1999,07,04,0.0,27.729368,11.46349,1999
18082,r4i1p1f1,1999,07,05,0.0,28.343628,12.470171,1999
18083,r4i1p1f1,1999,07,06,0.0,28.102549,11.907092,1999
18084,r4i1p1f1,1999,07,07,0.0,27.48634,11.665542,1999
18085,r4i1p1f1,1999,07,08,0.0,27.498257,11.820476,1999
18086,r4i1p1f1,1999,07,09,0.0,27.123722,12.268906,1999
18087,r4i1p1f1,1999,07,10,0.0,26.043636,9.85297,1999
18088,r4i1p1f1,1999,07,11,0.0,26.021996,9.591346,1999
18089,r4i1p1f1,1999,07,12,0.0,25.858585,11.862016,1999
18090,r4i1p1f1,1999,07,13,0.0,26.06507,10.691313,1999
18091,r4i1p1f1,1999,07,14,0.0,27.33067,11.180987,1999
18092,r4i1p1f1,1999,07,15,0.0060780733790589975,29.47907,12.422794,1999
18093,r4i1p1f1,1999,07,16,0.07054565913384733,30.298855,13.421179,1999
18094,r4i1p1f1,1999,07,17,0.21038117704094425,28.896584,13.247127,1999
18095,r4i1p1f1,1999,07,18,0.5084689379705546,27.60106,13.375239,1999
18096,r4i1p1f1,1999,07,19,0.7490903313177674,28.661379,14.437853,1999
18097,r4i1p1f1,1999,07,20,0.49293556015266105,28.861834,15.227976,1999
18098,r4i1p1f1,1999,07,21,0.1471981802307084,27.624481,13.328319,1999
18099,r4i1p1f1,1999,07,22,0.0,27.643066,13.238893,1999
18100,r4i1p1f1,1999,07,23,0.0,27.653639,12.64728,1999
18101,r4i1p1f1,1999,07,24,0.0,26.775682,13.18769,1999
18102,r4i1p1f1,1999,07,25,0.0,25.683268,14.071689,1999
18103,r4i1p1f1,1999,07,26,0.0,25.419834,10.814391,1999
18104,r4i1p1f1,1999,07,27,0.0,25.662962,10.752454,1999
18105,r4i1p1f1,1999,07,28,0.0,26.660355,11.113847,1999
18106,r4i1p1f1,1999,07,29,0.0,27.487879,11.475277,1999
18107,r4i1p1f1,1999,07,30,0.0,27.106833,11.698208,1999
18108,r4i1p1f1,1999,07,31,0.0012016703940759944,26.485703,13.695652,1999
18109,r4i1p1f1,1999,08,01,0.0004735479430412469,26.21721,11.770552,1999
18110,r4i1p1f1,1999,08,02,0.18465266824010929,26.068054,12.040525,1999
18111,r4i1p1f1,1999,08,03,0.4151364610596545,27.478012,11.815471,1999
18112,r4i1p1f1,1999,08,04,0.9603058264309771,27.770716,12.494029,1999
18113,r4i1p1f1,1999,08,05,1.350905720655276,29.062292,13.686998,1999
18114,r4i1p1f1,1999,08,06,2.72397229030367,29.88233,13.962874,1999
18115,r4i1p1f1,1999,08,07,3.545483654491104,28.962826,13.698254,1999
18116,r4i1p1f1,1999,08,08,1.2966926170647886,27.483805,14.215232,1999
18117,r4i1p1f1,1999,08,09,1.0381115306728748,27.029497,12.67192,1999
18118,r4i1p1f1,1999,08,10,0.06485954752416831,23.639608,9.775084,1999
18119,r4i1p1f1,1999,08,11,0.5193001597122041,22.989607,9.918789,1999
18120,r4i1p1f1,1999,08,12,0.0,22.248888,9.720215,1999
18121,r4i1p1f1,1999,08,13,0.0,22.551826,8.604981,1999
18122,r4i1p1f1,1999,08,14,0.0,23.903618,9.187728,1999
18123,r4i1p1f1,1999,08,15,0.0,24.962408,10.253028,1999
18124,r4i1p1f1,1999,08,16,0.0,25.745787,10.298429,1999
18125,r4i1p1f1,1999,08,17,0.04822603509246742,25.409777,9.946198,1999
18126,r4i1p1f1,1999,08,18,0.0,25.324705,9.172162,1999
18127,r4i1p1f1,1999,08,19,0.0,25.042046,10.231654,1999
18128,r4i1p1f1,1999,08,20,0.098893978409506,25.956507,10.200656,1999
18129,r4i1p1f1,1999,08,21,0.0,26.1671,10.268783,1999
18130,r4i1p1f1,1999,08,22,0.0,25.122684,10.067684,1999
18131,r4i1p1f1,1999,08,23,0.0,23.807674,8.336783,1999
18132,r4i1p1f1,1999,08,24,0.0,23.424105,8.141613,1999
18133,r4i1p1f1,1999,08,25,0.0,25.915977,9.242158,1999
18134,r4i1p1f1,1999,08,26,0.0,28.065596,10.335287,1999
18135,r4i1p1f1,1999,08,27,0.0,28.949734,12.250545,1999
18136,r4i1p1f1,1999,08,28,0.00934893496748591,28.384113,11.734522,1999
18137,r4i1p1f1,1999,08,29,5.038839656815686,27.766716,13.167722,1999
18138,r4i1p1f1,1999,08,30,2.5553040756688983,25.561756,11.62085,1999
18139,r4i1p1f1,1999,08,31,0.0,25.4127,10.007882,1999
18140,r4i1p1f1,1999,09,01,0.20584953528496003,24.706797,11.009975,1999
18141,r4i1p1f1,1999,09,02,0.9582684984320313,22.380705,9.20508,1999
18142,r4i1p1f1,1999,09,03,1.9088684000229996,23.984697,10.496866,1999
18143,r4i1p1f1,1999,09,04,0.0,24.19417,8.604646,1999
18144,r4i1p1f1,1999,09,05,0.0,23.54859,8.670378,1999
18145,r4i1p1f1,1999,09,06,0.0,22.342424,6.587484,1999
18146,r4i1p1f1,1999,09,07,0.0,21.955723,6.4606667,1999
18147,r4i1p1f1,1999,09,08,0.0,25.342365,8.317809,1999
18148,r4i1p1f1,1999,09,09,0.0,28.098646,10.979943,1999
18149,r4i1p1f1,1999,09,10,0.0,29.076418,11.841423,1999
18150,r4i1p1f1,1999,09,11,0.0,28.219168,12.578147,1999
18151,r4i1p1f1,1999,09,12,0.0,26.84933,12.234131,1999
18152,r4i1p1f1,1999,09,13,0.006907170658722536,27.362438,11.793947,1999
18153,r4i1p1f1,1999,09,14,0.3986581288922338,26.27561,12.595063,1999
18154,r4i1p1f1,1999,09,15,0.03467784441635645,24.528015,11.806867,1999
18155,r4i1p1f1,1999,09,16,0.0,24.565428,9.778816,1999
18156,r4i1p1f1,1999,09,17,0.0,27.15127,8.853065,1999
18157,r4i1p1f1,1999,09,18,0.0,27.029743,10.897225,1999
18158,r4i1p1f1,1999,09,19,2.296422345643311,26.602442,12.472712,1999
18159,r4i1p1f1,1999,09,20,16.888292967573616,23.166443,11.828392,1999
18160,r4i1p1f1,1999,09,21,46.41580248553921,17.045658,9.005285,1999
18161,r4i1p1f1,1999,09,22,11.724366737098741,13.587913,4.9056215,1999
18162,r4i1p1f1,1999,09,23,0.03602694271060446,12.991552,-1.7454525,1999
18163,r4i1p1f1,1999,09,24,0.0,14.632526,1.1653495,1999
18164,r4i1p1f1,1999,09,25,0.0,18.645702,2.8671212,1999
18165,r4i1p1f1,1999,09,26,0.0,17.889149,4.98124,1999
18166,r4i1p1f1,1999,09,27,0.0,17.476065,4.2142797,1999
18167,r4i1p1f1,1999,09,28,0.0,18.149664,4.625535,1999
18168,r4i1p1f1,1999,09,29,0.0,17.027376,4.6408963,1999
18169,r4i1p1f1,1999,09,30,0.0,17.23528,1.5513306,1999
18170,r4i1p1f1,1999,10,01,0.0,15.477751,0.9936218,1999
18171,r4i1p1f1,1999,10,02,0.0,12.15575,-1.5214905,1999
18172,r4i1p1f1,1999,10,03,0.018422629130315202,11.791118,-2.1737094,1999
18173,r4i1p1f1,1999,10,04,0.7193880954128374,14.220765,1.5360734,1999
18174,r4i1p1f1,1999,10,05,0.0,14.800448,-0.9869687,1999
18175,r4i1p1f1,1999,10,06,0.0,15.694574,1.7848828,1999
18176,r4i1p1f1,1999,10,07,0.0,13.821545,1.9258537,1999
18177,r4i1p1f1,1999,10,08,2.4226827785299383,13.029178,1.231535,1999
18178,r4i1p1f1,1999,10,09,0.0,10.048897,-6.407508,1999
18179,r4i1p1f1,1999,10,10,0.08906644737867879,7.133755,-5.488736,1999
18180,r4i1p1f1,1999,10,11,0.22228936335136187,4.1148806,-5.5618744,1999
18181,r4i1p1f1,1999,10,12,0.024051181350442753,8.266894,-5.7464905,1999
18182,r4i1p1f1,1999,10,13,0.0,13.893374,-2.2043421,1999
18183,r4i1p1f1,1999,10,14,0.0,15.334749,-1.6052592,1999
18184,r4i1p1f1,1999,10,15,0.0,14.382535,-0.8386166,1999
18185,r4i1p1f1,1999,10,16,0.0,14.2708235,-0.17651671,1999
18186,r4i1p1f1,1999,10,17,0.0,17.917498,1.9760753,1999
18187,r4i1p1f1,1999,10,18,0.0,19.702272,3.7075458,1999
18188,r4i1p1f1,1999,10,19,0.0,20.172935,4.8389482,1999
18189,r4i1p1f1,1999,10,20,0.0,19.92201,5.1424904,1999
18190,r4i1p1f1,1999,10,21,0.0,18.72564,4.2172356,1999
18191,r4i1p1f1,1999,10,22,0.0,17.025703,4.59664,1999
18192,r4i1p1f1,1999,10,23,0.0,15.509388,1.5689813,1999
18193,r4i1p1f1,1999,10,24,0.0,19.698483,2.5054576,1999
18194,r4i1p1f1,1999,10,25,0.0,21.855686,6.7331266,1999
18195,r4i1p1f1,1999,10,26,0.0,19.08265,5.5678806,1999
18196,r4i1p1f1,1999,10,27,0.0,17.90692,1.1335977,1999
18197,r4i1p1f1,1999,10,28,0.0,20.366543,5.476071,1999
18198,r4i1p1f1,1999,10,29,0.0,21.831545,6.583793,1999
18199,r4i1p1f1,1999,10,30,0.0,22.542006,7.3068757,1999
18200,r4i1p1f1,1999,10,31,0.0,20.998415,6.5299945,1999
18201,r4i1p1f1,1999,11,01,0.0,16.948956,1.481663,1999
18202,r4i1p1f1,1999,11,02,0.0,16.505068,1.8458325,1999
18203,r4i1p1f1,1999,11,03,0.0,18.16327,2.8706305,1999
18204,r4i1p1f1,1999,11,04,0.0,18.451157,4.6681123,1999
18205,r4i1p1f1,1999,11,05,0.0,17.981758,2.8215866,1999
18206,r4i1p1f1,1999,11,06,0.0,16.563725,3.54186,1999
18207,r4i1p1f1,1999,11,07,0.0,15.440509,2.0991714,1999
18208,r4i1p1f1,1999,11,08,0.0,15.337325,-0.6842417,1999
18209,r4i1p1f1,1999,11,09,0.0,13.724974,1.2364849,1999
18210,r4i1p1f1,1999,11,10,0.0,9.666501,-0.96432203,1999
18211,r4i1p1f1,1999,11,11,0.0,9.563703,-4.3242326,1999
18212,r4i1p1f1,1999,11,12,0.0,10.214518,-4.8807573,1999
18213,r4i1p1f1,1999,11,13,0.13610367404126256,8.238305,-4.2477207,1999
18214,r4i1p1f1,1999,11,14,0.0,6.3258758,-6.8419204,1999
18215,r4i1p1f1,1999,11,15,10.27306036064159,3.1651928,-6.145788,1999
18216,r4i1p1f1,1999,11,16,4.072976672864673,-1.0241903,-12.674565,1999
18217,r4i1p1f1,1999,11,17,0.015501663827357605,4.3164387,-8.399361,1999
18218,r4i1p1f1,1999,11,18,5.6098634875574405,4.951086,-7.4709463,1999
18219,r4i1p1f1,1999,11,19,0.0,4.8069625,-9.951293,1999
18220,r4i1p1f1,1999,11,20,0.0,3.9655154,-9.503458,1999
18221,r4i1p1f1,1999,11,21,0.0,6.008519,-6.244054,1999
18222,r4i1p1f1,1999,11,22,0.0,7.7905374,-6.190167,1999
18223,r4i1p1f1,1999,11,23,0.0,8.177572,-1.4973559,1999
18224,r4i1p1f1,1999,11,24,14.655022969473642,6.8716874,-0.4858485,1999
18225,r4i1p1f1,1999,11,25,6.8135876258125645,5.3386464,-7.067972,1999
18226,r4i1p1f1,1999,11,26,0.0,10.154665,-8.024253,1999
18227,r4i1p1f1,1999,11,27,0.0,15.208851,-1.185799,1999
18228,r4i1p1f1,1999,11,28,0.0,17.511776,0.40771285,1999
18229,r4i1p1f1,1999,11,29,0.0,16.485126,0.13184698,1999
18230,r4i1p1f1,1999,11,30,0.0,13.672875,1.675204,1999
18231,r4i1p1f1,1999,12,01,5.584039137584401,8.30529,-2.5400343,1999
18232,r4i1p1f1,1999,12,02,0.0,6.3235083,-6.7903743,1999
18233,r4i1p1f1,1999,12,03,0.0,7.7728996,-5.8789196,1999
18234,r4i1p1f1,1999,12,04,0.0,7.656469,-5.535282,1999
18235,r4i1p1f1,1999,12,05,0.8362072181839989,5.8321805,-3.7235985,1999
18236,r4i1p1f1,1999,12,06,0.0,8.752453,-4.2184515,1999
18237,r4i1p1f1,1999,12,07,0.0,10.514089,-2.1629999,1999
18238,r4i1p1f1,1999,12,08,0.7339698585305111,8.265992,-0.39622733,1999
18239,r4i1p1f1,1999,12,09,0.0,4.489912,-6.659866,1999
18240,r4i1p1f1,1999,12,10,13.45016616865428,0.4749218,-8.080544,1999
18241,r4i1p1f1,1999,12,11,1.412046684424129,5.998647,-4.035581,1999
18242,r4i1p1f1,1999,12,12,0.0,9.540263,-4.171027,1999
18243,r4i1p1f1,1999,12,13,0.0,8.610928,-4.561904,1999
18244,r4i1p1f1,1999,12,14,0.0,6.46283,-7.1041455,1999
18245,r4i1p1f1,1999,12,15,0.0,4.7471604,-8.255732,1999
18246,r4i1p1f1,1999,12,16,0.0,7.933336,-6.879333,1999
18247,r4i1p1f1,1999,12,17,0.0,10.946828,-3.5214963,1999
18248,r4i1p1f1,1999,12,18,0.0,11.149349,-2.5054064,1999
18249,r4i1p1f1,1999,12,19,7.232312009563434,6.425449,-4.2258863,1999
18250,r4i1p1f1,1999,12,20,21.68084770347291,0.83143806,-4.806798,1999
18251,r4i1p1f1,1999,12,21,3.6893952291306937,-1.2692586,-10.387881,1999
18252,r4i1p1f1,1999,12,22,0.0,0.32785946,-13.621001,1999
18253,r4i1p1f1,1999,12,23,0.2534377186279164,4.2233214,-5.643514,1999
18254,r4i1p1f1,1999,12,24,0.02274915237007115,7.4958763,-4.255133,1999
18255,r4i1p1f1,1999,12,25,0.0,9.311357,-3.3446743,1999
18256,r4i1p1f1,1999,12,26,0.42780073520041867,6.1666665,-3.4002233,1999
18257,r4i1p1f1,1999,12,27,0.36003097350193175,1.0752535,-7.3855085,1999
18258,r4i1p1f1,1999,12,28,2.273713693572738,-0.13791977,-7.6260295,1999
18259,r4i1p1f1,1999,12,29,2.0765580915905124,-1.1286764,-7.87884,1999
18260,r4i1p1f1,1999,12,30,5.6153086282808555,-1.8552583,-10.913531,1999
18261,r4i1p1f1,1999,12,31,4.741641944213892,-2.9623306,-15.223083,1999
18262,r4i1p1f1,2000,01,01,0.0,-1.260991,-17.969564,2000
18263,r4i1p1f1,2000,01,02,41.60943788811311,-0.9597362,-7.90271,2000
18264,r4i1p1f1,2000,01,03,0.0,2.565215,-11.017397,2000
18265,r4i1p1f1,2000,01,04,6.490680131162053,-2.0184493,-8.6905985,2000
18266,r4i1p1f1,2000,01,05,0.0,0.295524,-12.271989,2000
18267,r4i1p1f1,2000,01,06,11.717035049897108,-1.6903758,-12.981806,2000
18268,r4i1p1f1,2000,01,07,5.7069244812589295,-3.138098,-9.256338,2000
18269,r4i1p1f1,2000,01,08,0.0,-0.34529403,-15.078848,2000
18270,r4i1p1f1,2000,01,09,0.8381546164036578,0.8260333,-9.152806,2000
18271,r4i1p1f1,2000,01,10,1.8428970427928983,2.010241,-5.4793477,2000
18272,r4i1p1f1,2000,01,11,31.831404090041456,1.4872006,-4.9668036,2000
18273,r4i1p1f1,2000,01,12,0.0,2.3268886,-9.783512,2000
18274,r4i1p1f1,2000,01,13,23.631208347276747,-1.2227138,-7.1811953,2000
18275,r4i1p1f1,2000,01,14,0.0,2.189559,-10.699802,2000
18276,r4i1p1f1,2000,01,15,7.353002141508731,1.8056456,-7.44752,2000
18277,r4i1p1f1,2000,01,16,2.3272844088656646,1.7701623,-4.9404407,2000
18278,r4i1p1f1,2000,01,17,8.337681987114795,4.8391833,-1.8932216,2000
18279,r4i1p1f1,2000,01,18,0.0,7.3232107,-4.705636,2000
18280,r4i1p1f1,2000,01,19,2.0704785491190654,5.368889,-2.0192695,2000
18281,r4i1p1f1,2000,01,20,2.6973883447858107,3.1491523,-8.53728,2000
18282,r4i1p1f1,2000,01,21,0.0,5.1998525,-6.790561,2000
18283,r4i1p1f1,2000,01,22,0.0,6.4157195,-6.0277724,2000
18284,r4i1p1f1,2000,01,23,0.0,7.8187747,-4.996032,2000
18285,r4i1p1f1,2000,01,24,0.0,8.851435,-4.0973306,2000
18286,r4i1p1f1,2000,01,25,0.0,7.5850563,-4.2696743,2000
18287,r4i1p1f1,2000,01,26,0.0,8.279247,-3.9800606,2000
18288,r4i1p1f1,2000,01,27,0.0,8.805478,-4.8379226,2000
18289,r4i1p1f1,2000,01,28,0.0,7.0444574,-5.5158253,2000
18290,r4i1p1f1,2000,01,29,0.145026046676852,5.499565,-5.480948,2000
18291,r4i1p1f1,2000,01,30,12.063079235187155,6.9311814,-3.6444194,2000
18292,r4i1p1f1,2000,01,31,0.24108482373784726,12.138241,-1.3629973,2000
18293,r4i1p1f1,2000,02,01,2.7814930863512193,11.170864,-1.3966236,2000
18294,r4i1p1f1,2000,02,02,22.707768836415823,8.836821,0.1454117,2000
18295,r4i1p1f1,2000,02,03,0.5316912969836398,9.597118,-3.203675,2000
18296,r4i1p1f1,2000,02,04,2.055525299789117,8.739639,-2.063519,2000
18297,r4i1p1f1,2000,02,05,0.0019124985140466766,8.219002,-4.6094303,2000
18298,r4i1p1f1,2000,02,06,0.0,9.388743,-4.660141,2000
18299,r4i1p1f1,2000,02,07,0.0,9.4792,-1.9112818,2000
18300,r4i1p1f1,2000,02,08,0.0,10.4006,-3.4201257,2000
18301,r4i1p1f1,2000,02,09,0.11479974184680426,9.610538,-1.0416312,2000
18302,r4i1p1f1,2000,02,10,1.4955533440490185,6.8699136,-3.2193272,2000
18303,r4i1p1f1,2000,02,11,6.66903134077741,4.771485,-3.0626156,2000
18304,r4i1p1f1,2000,02,12,0.0,6.7278795,-7.0116286,2000
18305,r4i1p1f1,2000,02,13,5.171040157347718,3.4809463,-7.7171702,2000
18306,r4i1p1f1,2000,02,14,0.10298302221027407,1.4654866,-10.10791,2000
18307,r4i1p1f1,2000,02,15,0.0,4.4760137,-9.620995,2000
18308,r4i1p1f1,2000,02,16,0.0,7.361378,-5.427661,2000
18309,r4i1p1f1,2000,02,17,0.0,10.623917,-3.909222,2000
18310,r4i1p1f1,2000,02,18,0.0,11.466958,-0.39257026,2000
18311,r4i1p1f1,2000,02,19,5.762584982173859,9.024677,-3.5610833,2000
18312,r4i1p1f1,2000,02,20,0.0,8.219949,-4.9378843,2000
18313,r4i1p1f1,2000,02,21,0.0,8.064517,-4.125125,2000
18314,r4i1p1f1,2000,02,22,0.0,5.971582,-5.8955436,2000
18315,r4i1p1f1,2000,02,23,0.0,6.7767625,-5.1680937,2000
18316,r4i1p1f1,2000,02,24,0.0,11.446902,-1.8928295,2000
18317,r4i1p1f1,2000,02,25,0.0,12.781991,-1.0167097,2000
18318,r4i1p1f1,2000,02,26,0.0,12.2082405,-0.10275738,2000
18319,r4i1p1f1,2000,02,27,0.0,12.653983,-1.6868926,2000
18320,r4i1p1f1,2000,02,28,0.0,12.478717,-0.7312026,2000
18321,r4i1p1f1,2000,02,29,0.0,11.681692,0.028788019,2000
18322,r4i1p1f1,2000,03,01,0.0,16.459404,-1.1742076,2000
18323,r4i1p1f1,2000,03,02,0.0,16.53201,4.62981,2000
18324,r4i1p1f1,2000,03,03,0.8535251515738774,12.259759,-3.0595684,2000
18325,r4i1p1f1,2000,03,04,0.0,6.1406236,-6.1772714,2000
18326,r4i1p1f1,2000,03,05,0.0,6.433202,-7.5727015,2000
18327,r4i1p1f1,2000,03,06,0.0,6.7687087,-6.4865627,2000
18328,r4i1p1f1,2000,03,07,0.0,6.1695623,-4.9555387,2000
18329,r4i1p1f1,2000,03,08,6.449049740650599,0.7193901,-6.2605214,2000
18330,r4i1p1f1,2000,03,09,4.379037692666826,-2.141498,-9.639674,2000
18331,r4i1p1f1,2000,03,10,7.112098349789942,-2.246539,-11.762707,2000
18332,r4i1p1f1,2000,03,11,2.615177257597251,-0.35087904,-9.001445,2000
18333,r4i1p1f1,2000,03,12,0.0,1.6197482,-13.988363,2000
18334,r4i1p1f1,2000,03,13,19.651845515083007,-0.86507666,-9.08783,2000
18335,r4i1p1f1,2000,03,14,0.0,3.8090608,-12.053462,2000
18336,r4i1p1f1,2000,03,15,0.0,9.686068,-7.2280974,2000
18337,r4i1p1f1,2000,03,16,0.0,11.230575,-4.0272007,2000
18338,r4i1p1f1,2000,03,17,0.05555304174135124,8.4753475,-2.8797638,2000
18339,r4i1p1f1,2000,03,18,0.0,7.271587,-4.9694943,2000
18340,r4i1p1f1,2000,03,19,0.0,13.523619,-3.3045256,2000
18341,r4i1p1f1,2000,03,20,0.0,16.846586,0.14199787,2000
18342,r4i1p1f1,2000,03,21,0.0,17.155485,0.8888839,2000
18343,r4i1p1f1,2000,03,22,0.0,16.352901,1.9678135,2000
18344,r4i1p1f1,2000,03,23,0.10038241213982992,12.603539,0.22482231,2000
18345,r4i1p1f1,2000,03,24,39.69574082375196,9.212429,0.8457566,2000
18346,r4i1p1f1,2000,03,25,0.0,10.279862,-6.718527,2000
18347,r4i1p1f1,2000,03,26,15.804652102703516,5.548698,-4.681572,2000
18348,r4i1p1f1,2000,03,27,32.902818838581105,0.75504625,-6.1472545,2000
18349,r4i1p1f1,2000,03,28,0.30323161896516326,3.5329645,-10.705651,2000
18350,r4i1p1f1,2000,03,29,12.505390986218645,2.285292,-10.998721,2000
18351,r4i1p1f1,2000,03,30,92.4489805986894,2.6752687,-3.9570434,2000
18352,r4i1p1f1,2000,03,31,71.49782668339822,9.487738,-3.5331352,2000
18353,r4i1p1f1,2000,04,01,72.3953495802973,6.37895,-0.6622454,2000
18354,r4i1p1f1,2000,04,02,38.79590706174932,0.4187857,-9.157139,2000
18355,r4i1p1f1,2000,04,03,0.0,8.231189,-9.380504,2000
18356,r4i1p1f1,2000,04,04,0.0,10.041894,-3.4863765,2000
18357,r4i1p1f1,2000,04,05,0.06470596135635566,7.0446634,-4.214129,2000
18358,r4i1p1f1,2000,04,06,0.6383285696497234,1.7594362,-7.125777,2000
18359,r4i1p1f1,2000,04,07,0.12076964529575696,2.510648,-8.1524105,2000
18360,r4i1p1f1,2000,04,08,0.0,11.642716,-5.43277,2000
18361,r4i1p1f1,2000,04,09,0.0,15.98243,0.28090706,2000
18362,r4i1p1f1,2000,04,10,0.14343294095279854,14.284947,2.4733753,2000
18363,r4i1p1f1,2000,04,11,24.790119206347413,7.529611,-4.0175977,2000
18364,r4i1p1f1,2000,04,12,2.570023891504398,5.4339814,-7.724997,2000
18365,r4i1p1f1,2000,04,13,0.0,10.370807,-5.1872406,2000
18366,r4i1p1f1,2000,04,14,0.0,14.710131,-1.5498887,2000
18367,r4i1p1f1,2000,04,15,0.0,16.003897,0.051832933,2000
18368,r4i1p1f1,2000,04,16,0.0,15.223283,0.7910695,2000
18369,r4i1p1f1,2000,04,17,0.0,16.849371,2.058639,2000
18370,r4i1p1f1,2000,04,18,0.0,17.118912,1.560934,2000
18371,r4i1p1f1,2000,04,19,3.1815089879319,11.995821,-1.8938669,2000
18372,r4i1p1f1,2000,04,20,0.05445348170185061,12.361854,-1.581139,2000
18373,r4i1p1f1,2000,04,21,0.0,17.488321,1.2615452,2000
18374,r4i1p1f1,2000,04,22,0.0,19.207495,3.4841468,2000
18375,r4i1p1f1,2000,04,23,0.0,20.24129,4.1380134,2000
18376,r4i1p1f1,2000,04,24,0.0,19.724215,4.561046,2000
18377,r4i1p1f1,2000,04,25,0.0,18.138844,5.8285747,2000
18378,r4i1p1f1,2000,04,26,0.0,12.9560175,-0.33883667,2000
18379,r4i1p1f1,2000,04,27,0.0,11.183208,-2.7821581,2000
18380,r4i1p1f1,2000,04,28,0.0,11.981614,-3.445739,2000
18381,r4i1p1f1,2000,04,29,0.0,14.088259,-1.1721202,2000
18382,r4i1p1f1,2000,04,30,0.0,14.653165,0.9040688,2000
18383,r4i1p1f1,2000,05,01,0.0,15.648904,0.5809855,2000
18384,r4i1p1f1,2000,05,02,0.0,17.204706,1.2368667,2000
18385,r4i1p1f1,2000,05,03,0.0,17.201088,2.0208046,2000
18386,r4i1p1f1,2000,05,04,0.0,18.345884,3.7747664,2000
18387,r4i1p1f1,2000,05,05,0.0,16.719677,2.9703522,2000
18388,r4i1p1f1,2000,05,06,2.206590850941894,7.017426,-1.7896156,2000
18389,r4i1p1f1,2000,05,07,0.0,7.0164795,-7.290873,2000
18390,r4i1p1f1,2000,05,08,0.0,9.324095,-5.3640995,2000
18391,r4i1p1f1,2000,05,09,0.0,10.062487,-3.8507152,2000
18392,r4i1p1f1,2000,05,10,0.5628243947844916,10.396289,-2.79521,2000
18393,r4i1p1f1,2000,05,11,0.13163918411009945,10.3681135,-2.1070657,2000
18394,r4i1p1f1,2000,05,12,0.0,13.448218,-1.9942629,2000
18395,r4i1p1f1,2000,05,13,0.0,16.433733,0.7046583,2000
18396,r4i1p1f1,2000,05,14,0.0,17.06118,2.7266517,2000
18397,r4i1p1f1,2000,05,15,0.0,16.510427,3.5239985,2000
18398,r4i1p1f1,2000,05,16,0.0,12.765872,0.052286208,2000
18399,r4i1p1f1,2000,05,17,2.367776793505167,4.360591,-8.801728,2000
18400,r4i1p1f1,2000,05,18,0.0,13.129134,-3.4751546,2000
18401,r4i1p1f1,2000,05,19,0.0,14.885831,1.1032556,2000
18402,r4i1p1f1,2000,05,20,0.0,15.548906,0.9299046,2000
18403,r4i1p1f1,2000,05,21,0.0,17.251106,1.6536843,2000
18404,r4i1p1f1,2000,05,22,0.0,19.5839,4.0109887,2000
18405,r4i1p1f1,2000,05,23,0.0,21.025232,4.6344976,2000
18406,r4i1p1f1,2000,05,24,0.0,20.852077,5.508688,2000
18407,r4i1p1f1,2000,05,25,0.0,21.461643,6.3400283,2000
18408,r4i1p1f1,2000,05,26,0.0,22.752466,7.9462085,2000
18409,r4i1p1f1,2000,05,27,0.0,24.120983,8.50674,2000
18410,r4i1p1f1,2000,05,28,0.0,23.907196,8.806444,2000
18411,r4i1p1f1,2000,05,29,1.9095038804062325,22.170734,7.3094897,2000
18412,r4i1p1f1,2000,05,30,0.0,22.724047,8.15642,2000
18413,r4i1p1f1,2000,05,31,0.0,23.507189,8.414243,2000
18414,r4i1p1f1,2000,06,01,0.36173798552107456,25.994072,10.524842,2000
18415,r4i1p1f1,2000,06,02,0.592759455176496,25.828394,9.620538,2000
18416,r4i1p1f1,2000,06,03,0.7673636934434472,26.677578,11.590541,2000
18417,r4i1p1f1,2000,06,04,0.003982795577820778,22.779999,7.4799395,2000
18418,r4i1p1f1,2000,06,05,0.007409848219070297,20.610653,6.2897387,2000
18419,r4i1p1f1,2000,06,06,1.4507493236111646,20.398296,7.0303264,2000
18420,r4i1p1f1,2000,06,07,0.024031611522896047,17.148897,4.119773,2000
18421,r4i1p1f1,2000,06,08,0.007615828718984819,15.579171,3.5201514,2000
18422,r4i1p1f1,2000,06,09,0.8934345046306931,12.657651,0.9024906,2000
18423,r4i1p1f1,2000,06,10,1.562880726643876,10.761845,1.5492342,2000
18424,r4i1p1f1,2000,06,11,0.005906616583597168,16.535517,1.1230484,2000
18425,r4i1p1f1,2000,06,12,0.0,21.30808,5.267038,2000
18426,r4i1p1f1,2000,06,13,0.0,23.336714,7.063874,2000
18427,r4i1p1f1,2000,06,14,0.0,22.242592,8.52286,2000
18428,r4i1p1f1,2000,06,15,0.0,20.776972,6.687339,2000
18429,r4i1p1f1,2000,06,16,0.0,20.233747,5.93165,2000
18430,r4i1p1f1,2000,06,17,0.0,23.72182,7.5731964,2000
18431,r4i1p1f1,2000,06,18,0.0,26.92623,11.312913,2000
18432,r4i1p1f1,2000,06,19,0.0,28.249308,12.184161,2000
18433,r4i1p1f1,2000,06,20,0.0,27.952787,12.817922,2000
18434,r4i1p1f1,2000,06,21,0.0,26.561571,11.717848,2000
18435,r4i1p1f1,2000,06,22,0.0,26.281208,11.325864,2000
18436,r4i1p1f1,2000,06,23,0.0,25.606977,10.426847,2000
18437,r4i1p1f1,2000,06,24,0.0,27.660027,11.007351,2000
18438,r4i1p1f1,2000,06,25,0.0,28.22242,13.936624,2000
18439,r4i1p1f1,2000,06,26,0.0,27.606514,13.319247,2000
18440,r4i1p1f1,2000,06,27,0.0,28.014482,11.590138,2000
18441,r4i1p1f1,2000,06,28,0.0,28.349173,12.194313,2000
18442,r4i1p1f1,2000,06,29,0.0,28.389465,12.102007,2000
18443,r4i1p1f1,2000,06,30,0.0,27.437817,12.262629,2000
18444,r4i1p1f1,2000,07,01,0.0,25.70612,11.2876215,2000
18445,r4i1p1f1,2000,07,02,0.0,24.959064,9.765089,2000
18446,r4i1p1f1,2000,07,03,0.12851701195190326,25.346197,10.860981,2000
18447,r4i1p1f1,2000,07,04,0.55547596919216,24.273588,10.937394,2000
18448,r4i1p1f1,2000,07,05,0.0,25.223959,10.116297,2000
18449,r4i1p1f1,2000,07,06,0.0,25.252218,10.4819975,2000
18450,r4i1p1f1,2000,07,07,0.0,23.984695,12.071779,2000
18451,r4i1p1f1,2000,07,08,0.11258672402536378,23.30432,9.679267,2000
18452,r4i1p1f1,2000,07,09,11.652326209357902,23.547283,10.059157,2000
18453,r4i1p1f1,2000,07,10,18.938828432031464,23.826275,10.697999,2000
18454,r4i1p1f1,2000,07,11,5.777203589916172,23.206818,9.624478,2000
18455,r4i1p1f1,2000,07,12,0.8374840682093265,22.497713,9.056945,2000
18456,r4i1p1f1,2000,07,13,0.0,22.453207,8.240041,2000
18457,r4i1p1f1,2000,07,14,0.07690344341899946,21.611372,8.517942,2000
18458,r4i1p1f1,2000,07,15,0.02316099027699419,21.870955,7.0549574,2000
18459,r4i1p1f1,2000,07,16,0.6627616659083353,23.006727,7.645824,2000
18460,r4i1p1f1,2000,07,17,0.0,22.902828,8.480998,2000
18461,r4i1p1f1,2000,07,18,0.0,22.543945,8.404425,2000
18462,r4i1p1f1,2000,07,19,0.0689023147480419,23.205135,9.64345,2000
18463,r4i1p1f1,2000,07,20,0.0004182852506642841,24.569786,10.220073,2000
18464,r4i1p1f1,2000,07,21,0.024449041712322227,26.391953,10.302909,2000
18465,r4i1p1f1,2000,07,22,0.0712828336802956,26.75628,11.974024,2000
18466,r4i1p1f1,2000,07,23,5.163565331497003,25.989244,12.815033,2000
18467,r4i1p1f1,2000,07,24,6.45042189645288,25.301174,12.270615,2000
18468,r4i1p1f1,2000,07,25,2.0272598708185687,26.551888,11.673624,2000
18469,r4i1p1f1,2000,07,26,0.3824566550044779,26.311054,11.218975,2000
18470,r4i1p1f1,2000,07,27,0.0,24.798717,10.5316,2000
18471,r4i1p1f1,2000,07,28,0.0,23.356447,9.344867,2000
18472,r4i1p1f1,2000,07,29,0.008008062230566373,21.431948,7.515194,2000
18473,r4i1p1f1,2000,07,30,1.2957806767260012,21.358662,8.69741,2000
18474,r4i1p1f1,2000,07,31,0.08149511024500222,19.771875,6.8981447,2000
18475,r4i1p1f1,2000,08,01,0.0,20.769737,5.119108,2000
18476,r4i1p1f1,2000,08,02,0.0,20.512016,6.2325335,2000
18477,r4i1p1f1,2000,08,03,0.0,20.156218,5.509341,2000
18478,r4i1p1f1,2000,08,04,0.0,21.000656,5.69133,2000
18479,r4i1p1f1,2000,08,05,0.21460977850726287,21.939371,6.6565566,2000
18480,r4i1p1f1,2000,08,06,0.0,21.635567,7.041092,2000
18481,r4i1p1f1,2000,08,07,0.0,21.428135,5.4395347,2000
18482,r4i1p1f1,2000,08,08,0.053782287441990526,20.578337,5.9092064,2000
18483,r4i1p1f1,2000,08,09,0.0,20.963133,5.237171,2000
18484,r4i1p1f1,2000,08,10,0.0,22.267963,7.3152294,2000
18485,r4i1p1f1,2000,08,11,0.0,24.80764,8.310923,2000
18486,r4i1p1f1,2000,08,12,0.0,25.856312,10.007241,2000
18487,r4i1p1f1,2000,08,13,0.0,25.704716,10.481591,2000
18488,r4i1p1f1,2000,08,14,0.0,25.000694,9.688477,2000
18489,r4i1p1f1,2000,08,15,0.0,23.85686,8.14602,2000
18490,r4i1p1f1,2000,08,16,0.0,24.614792,8.119565,2000
18491,r4i1p1f1,2000,08,17,0.0,24.412317,8.506966,2000
18492,r4i1p1f1,2000,08,18,0.0,24.155136,8.529668,2000
18493,r4i1p1f1,2000,08,19,0.0,24.220116,8.784545,2000
18494,r4i1p1f1,2000,08,20,0.0,24.126314,9.003332,2000
18495,r4i1p1f1,2000,08,21,0.0,23.64671,11.008781,2000
18496,r4i1p1f1,2000,08,22,0.0,26.475212,9.509106,2000
18497,r4i1p1f1,2000,08,23,0.012973711305857337,28.36452,11.492458,2000
18498,r4i1p1f1,2000,08,24,0.7272043647398323,27.208715,12.853916,2000
18499,r4i1p1f1,2000,08,25,0.0,24.472075,11.328343,2000
18500,r4i1p1f1,2000,08,26,0.0,21.363157,5.7762966,2000
18501,r4i1p1f1,2000,08,27,0.0,20.618778,6.295859,2000
18502,r4i1p1f1,2000,08,28,0.0,22.954712,6.3500595,2000
18503,r4i1p1f1,2000,08,29,0.39448031812790507,23.349674,8.322523,2000
18504,r4i1p1f1,2000,08,30,0.29879811633415404,24.783901,9.119528,2000
18505,r4i1p1f1,2000,08,31,0.0,25.789198,9.470799,2000
18506,r4i1p1f1,2000,09,01,0.0,25.367847,10.742171,2000
18507,r4i1p1f1,2000,09,02,0.0,24.773443,11.03579,2000
18508,r4i1p1f1,2000,09,03,0.0,23.953081,9.847605,2000
18509,r4i1p1f1,2000,09,04,0.0,24.047596,8.783678,2000
18510,r4i1p1f1,2000,09,05,0.0,24.13401,9.416188,2000
18511,r4i1p1f1,2000,09,06,0.0,24.658049,10.623536,2000
18512,r4i1p1f1,2000,09,07,0.0,23.634537,10.016155,2000
18513,r4i1p1f1,2000,09,08,0.5462048612089883,23.1085,9.842921,2000
18514,r4i1p1f1,2000,09,09,5.293233604353433,20.674168,8.194986,2000
18515,r4i1p1f1,2000,09,10,35.10725561695856,11.096037,3.510143,2000
18516,r4i1p1f1,2000,09,11,3.8409356243354775,10.954273,-1.9227519,2000
18517,r4i1p1f1,2000,09,12,0.0,13.935281,-2.2244453,2000
18518,r4i1p1f1,2000,09,13,0.0,18.169094,2.123572,2000
18519,r4i1p1f1,2000,09,14,0.0,19.980402,5.3062043,2000
18520,r4i1p1f1,2000,09,15,0.0,21.47673,6.2177916,2000
18521,r4i1p1f1,2000,09,16,0.0036462203270810492,21.492506,7.0439816,2000
18522,r4i1p1f1,2000,09,17,0.8923607035429424,21.656862,6.732314,2000
18523,r4i1p1f1,2000,09,18,1.8805222711743808,20.30985,7.1808,2000
18524,r4i1p1f1,2000,09,19,0.5817021613014673,19.199474,4.676126,2000
18525,r4i1p1f1,2000,09,20,0.3270418174845078,17.484552,3.9860337,2000
18526,r4i1p1f1,2000,09,21,0.0,18.81211,3.4914844,2000
18527,r4i1p1f1,2000,09,22,0.0,21.472397,5.4852204,2000
18528,r4i1p1f1,2000,09,23,0.0,24.751549,7.6650133,2000
18529,r4i1p1f1,2000,09,24,0.0,25.250986,9.166506,2000
18530,r4i1p1f1,2000,09,25,0.0,22.956753,8.726473,2000
18531,r4i1p1f1,2000,09,26,0.0,18.588078,5.3727474,2000
18532,r4i1p1f1,2000,09,27,0.0,17.668114,3.4247177,2000
18533,r4i1p1f1,2000,09,28,0.0,19.77058,4.4053226,2000
18534,r4i1p1f1,2000,09,29,0.0,17.814499,4.295406,2000
18535,r4i1p1f1,2000,09,30,0.0,16.081566,1.0186828,2000
18536,r4i1p1f1,2000,10,01,0.0,15.82782,1.2017554,2000
18537,r4i1p1f1,2000,10,02,0.0,13.397479,-0.5966022,2000
18538,r4i1p1f1,2000,10,03,0.7848844202292298,10.817066,-3.227111,2000
18539,r4i1p1f1,2000,10,04,6.1418336127517,2.3922684,-7.179445,2000
18540,r4i1p1f1,2000,10,05,0.0,8.009935,-7.9902124,2000
18541,r4i1p1f1,2000,10,06,0.0,9.148539,-5.1190543,2000
18542,r4i1p1f1,2000,10,07,0.0,8.808915,-4.1588836,2000
18543,r4i1p1f1,2000,10,08,0.0,10.972319,-3.7648003,2000
18544,r4i1p1f1,2000,10,09,0.0,11.714759,-1.320259,2000
18545,r4i1p1f1,2000,10,10,0.0,12.434366,-2.570509,2000
18546,r4i1p1f1,2000,10,11,0.0,13.020548,-1.0693855,2000
18547,r4i1p1f1,2000,10,12,0.0,12.887055,-2.6346803,2000
18548,r4i1p1f1,2000,10,13,0.0,15.297462,0.014159121,2000
18549,r4i1p1f1,2000,10,14,0.0,17.373217,0.8961705,2000
18550,r4i1p1f1,2000,10,15,0.0,15.955164,0.962646,2000
18551,r4i1p1f1,2000,10,16,0.8512681340276249,10.505457,-3.376322,2000
18552,r4i1p1f1,2000,10,17,0.0,7.7625694,-7.240746,2000
18553,r4i1p1f1,2000,10,18,0.49465402507890077,9.440816,-1.2104203,2000
18554,r4i1p1f1,2000,10,19,0.18097626830589994,13.861098,2.7613819,2000
18555,r4i1p1f1,2000,10,20,0.006239698031428376,14.284348,0.39293066,2000
18556,r4i1p1f1,2000,10,21,0.0,15.628169,2.2927465,2000
18557,r4i1p1f1,2000,10,22,0.0,14.621141,0.45238125,2000
18558,r4i1p1f1,2000,10,23,0.0,12.301856,-1.3861923,2000
18559,r4i1p1f1,2000,10,24,0.0,13.54945,0.51130974,2000
18560,r4i1p1f1,2000,10,25,0.0,18.53219,2.3814476,2000
18561,r4i1p1f1,2000,10,26,0.0,19.387457,3.2415907,2000
18562,r4i1p1f1,2000,10,27,0.0,20.63746,5.3999248,2000
18563,r4i1p1f1,2000,10,28,0.0,20.52029,4.3343415,2000
18564,r4i1p1f1,2000,10,29,0.0,19.570904,4.642638,2000
18565,r4i1p1f1,2000,10,30,0.0,17.681639,3.5890284,2000
18566,r4i1p1f1,2000,10,31,0.0,17.213982,3.4557977,2000
18567,r4i1p1f1,2000,11,01,0.0,16.559252,1.7717233,2000
18568,r4i1p1f1,2000,11,02,0.0,19.1317,2.5310493,2000
18569,r4i1p1f1,2000,11,03,0.0,20.836485,5.1900806,2000
18570,r4i1p1f1,2000,11,04,0.0,19.835085,5.95524,2000
18571,r4i1p1f1,2000,11,05,0.0,17.513178,5.5559382,2000
18572,r4i1p1f1,2000,11,06,0.8457256527275175,13.090123,0.22504312,2000
18573,r4i1p1f1,2000,11,07,0.0,5.8529406,-3.7582185,2000
18574,r4i1p1f1,2000,11,08,0.0,9.889242,-4.5567737,2000
18575,r4i1p1f1,2000,11,09,28.006415953438275,7.566428,-2.101821,2000
18576,r4i1p1f1,2000,11,10,19.322129300631143,0.768822,-8.215311,2000
18577,r4i1p1f1,2000,11,11,0.0,2.7898753,-12.215518,2000
18578,r4i1p1f1,2000,11,12,0.0,7.165195,-9.749024,2000
18579,r4i1p1f1,2000,11,13,0.0,8.799871,-6.8911877,2000
18580,r4i1p1f1,2000,11,14,0.9037841959021263,6.3948903,-4.3693047,2000
18581,r4i1p1f1,2000,11,15,25.889636171197864,-0.5530972,-8.673317,2000
18582,r4i1p1f1,2000,11,16,0.0,2.7108402,-12.737987,2000
18583,r4i1p1f1,2000,11,17,0.0,7.1865306,-11.609118,2000
18584,r4i1p1f1,2000,11,18,0.0,10.0664425,-9.254376,2000
18585,r4i1p1f1,2000,11,19,0.0,12.034562,-5.528283,2000
18586,r4i1p1f1,2000,11,20,0.0,11.738875,-2.3997486,2000
18587,r4i1p1f1,2000,11,21,0.0,9.845221,-4.113041,2000
18588,r4i1p1f1,2000,11,22,0.1322277112276877,13.651938,3.1565382,2000
18589,r4i1p1f1,2000,11,23,0.0,13.2771,-0.86810815,2000
18590,r4i1p1f1,2000,11,24,0.0,12.046234,0.32631204,2000
18591,r4i1p1f1,2000,11,25,19.778234598345893,8.489196,-0.07259676,2000
18592,r4i1p1f1,2000,11,26,0.4487193861712932,6.3483496,-3.4065163,2000
18593,r4i1p1f1,2000,11,27,0.0,8.309964,-3.0873382,2000
18594,r4i1p1f1,2000,11,28,6.13258471020431,9.613132,0.7727433,2000
18595,r4i1p1f1,2000,11,29,9.126349011877535,12.045304,2.380444,2000
18596,r4i1p1f1,2000,11,30,40.5092494929951,6.53494,-0.10917774,2000
18597,r4i1p1f1,2000,12,01,0.0,7.749821,-5.5363917,2000
18598,r4i1p1f1,2000,12,02,0.0,9.79986,-4.220912,2000
18599,r4i1p1f1,2000,12,03,0.0,11.055894,-3.3753126,2000
18600,r4i1p1f1,2000,12,04,0.0,10.2606325,-1.8160104,2000
18601,r4i1p1f1,2000,12,05,0.0,9.176009,-1.4878027,2000
18602,r4i1p1f1,2000,12,06,0.11678686642959267,10.66366,-2.0816708,2000
18603,r4i1p1f1,2000,12,07,0.0,10.622844,-0.38009256,2000
18604,r4i1p1f1,2000,12,08,33.22847428762173,7.933503,-2.1905048,2000
18605,r4i1p1f1,2000,12,09,4.90549200843141,3.7582743,-7.0060124,2000
18606,r4i1p1f1,2000,12,10,0.0,6.9103737,-7.127472,2000
18607,r4i1p1f1,2000,12,11,16.279244649790783,2.2556026,-6.8107357,2000
18608,r4i1p1f1,2000,12,12,17.090996403386185,0.51703066,-6.8191886,2000
18609,r4i1p1f1,2000,12,13,0.18199712664365128,3.3131487,-8.238049,2000
18610,r4i1p1f1,2000,12,14,33.7459262302177,1.3322521,-4.7417555,2000
18611,r4i1p1f1,2000,12,15,0.0,3.3942342,-8.73193,2000
18612,r4i1p1f1,2000,12,16,0.0,6.9051375,-7.6337442,2000
18613,r4i1p1f1,2000,12,17,0.0,10.379818,-3.6660945,2000
18614,r4i1p1f1,2000,12,18,0.0,12.012348,-0.96733123,2000
18615,r4i1p1f1,2000,12,19,0.0,9.181071,-3.0622995,2000
18616,r4i1p1f1,2000,12,20,0.0,10.139083,-1.8434526,2000
18617,r4i1p1f1,2000,12,21,0.0,8.032435,-1.4623601,2000
18618,r4i1p1f1,2000,12,22,0.0,7.2568755,-4.5801034,2000
18619,r4i1p1f1,2000,12,23,0.0,6.4093013,-5.8044186,2000
18620,r4i1p1f1,2000,12,24,0.0,5.002137,-6.413265,2000
18621,r4i1p1f1,2000,12,25,0.0,6.1089125,-5.9113417,2000
18622,r4i1p1f1,2000,12,26,0.0,7.086324,-5.7638755,2000
18623,r4i1p1f1,2000,12,27,6.963522141120856,3.1893206,-7.772144,2000
18624,r4i1p1f1,2000,12,28,0.0,2.8313375,-9.191255,2000
18625,r4i1p1f1,2000,12,29,0.0,5.3921957,-7.1181164,2000
18626,r4i1p1f1,2000,12,30,0.5023819998355292,3.5920057,-6.0900893,2000
18627,r4i1p1f1,2000,12,31,24.433248694164348,-3.4017916,-9.44858,2000
18628,r4i1p1f1,2001,01,01,0.0,-0.9338943,-13.623583,2001
18629,r4i1p1f1,2001,01,02,0.0,6.889416,-7.47235,2001
18630,r4i1p1f1,2001,01,03,0.0,10.118571,-3.4634647,2001
18631,r4i1p1f1,2001,01,04,0.00758355228787149,6.4767733,-3.7520766,2001
18632,r4i1p1f1,2001,01,05,0.0,2.6659942,-9.17114,2001
18633,r4i1p1f1,2001,01,06,0.0,3.0810156,-6.277099,2001
18634,r4i1p1f1,2001,01,07,0.0,3.7011788,-9.83607,2001
18635,r4i1p1f1,2001,01,08,0.0,1.9087481,-10.486308,2001
18636,r4i1p1f1,2001,01,09,0.0,2.2989848,-9.854505,2001
18637,r4i1p1f1,2001,01,10,0.0,5.158916,-8.527734,2001
18638,r4i1p1f1,2001,01,11,0.0,3.881271,-7.870124,2001
18639,r4i1p1f1,2001,01,12,12.228600967270363,-2.0231414,-9.751176,2001
18640,r4i1p1f1,2001,01,13,12.834222575889825,-5.4897137,-12.184052,2001
18641,r4i1p1f1,2001,01,14,0.004391220284465751,-5.0366178,-14.779655,2001
18642,r4i1p1f1,2001,01,15,0.0,-3.2775998,-16.256958,2001
18643,r4i1p1f1,2001,01,16,0.0,-0.9343817,-15.126091,2001
18644,r4i1p1f1,2001,01,17,0.0,2.5806851,-12.152625,2001
18645,r4i1p1f1,2001,01,18,0.0,5.1875668,-8.455494,2001
18646,r4i1p1f1,2001,01,19,0.0,4.542337,-5.0833693,2001
18647,r4i1p1f1,2001,01,20,0.0,8.645006,-6.097463,2001
18648,r4i1p1f1,2001,01,21,0.0,11.823592,-1.0782892,2001
18649,r4i1p1f1,2001,01,22,0.0,9.955415,-0.9314574,2001
18650,r4i1p1f1,2001,01,23,0.30279564529279607,4.955427,-6.502654,2001
18651,r4i1p1f1,2001,01,24,0.0,2.6435,-7.132303,2001
18652,r4i1p1f1,2001,01,25,0.0,5.6884985,-7.4442754,2001
18653,r4i1p1f1,2001,01,26,0.0,7.762777,-4.997598,2001
18654,r4i1p1f1,2001,01,27,0.0,9.446336,-2.7813203,2001
18655,r4i1p1f1,2001,01,28,0.0,9.483009,-3.4293296,2001
18656,r4i1p1f1,2001,01,29,0.0,8.909641,-3.18705,2001
18657,r4i1p1f1,2001,01,30,0.0,7.514328,-5.847537,2001
18658,r4i1p1f1,2001,01,31,0.0,4.835492,-7.8151393,2001
18659,r4i1p1f1,2001,02,01,0.0,7.135574,-6.0170574,2001
18660,r4i1p1f1,2001,02,02,0.0,7.6939526,-2.5650349,2001
18661,r4i1p1f1,2001,02,03,0.45110756923699785,9.1227045,-0.8306422,2001
18662,r4i1p1f1,2001,02,04,4.0372568310873636,9.319184,-2.7226045,2001
18663,r4i1p1f1,2001,02,05,3.4641367403046757,8.327909,-1.6982024,2001
18664,r4i1p1f1,2001,02,06,6.865343274493339,4.678763,-2.5187304,2001
18665,r4i1p1f1,2001,02,07,1.4101347134939666,3.3121247,-4.42223,2001
18666,r4i1p1f1,2001,02,08,0.0,6.558099,-5.9455776,2001
18667,r4i1p1f1,2001,02,09,7.595387041207658,8.180118,-5.437588,2001
18668,r4i1p1f1,2001,02,10,70.53482949615739,5.408096,-3.307083,2001
18669,r4i1p1f1,2001,02,11,34.10391723834572,0.6678621,-5.9174376,2001
18670,r4i1p1f1,2001,02,12,29.63869418396838,-1.6763672,-9.146709,2001
18671,r4i1p1f1,2001,02,13,16.49290526309999,-2.600602,-10.561567,2001
18672,r4i1p1f1,2001,02,14,14.723846810549599,-2.2871726,-10.4945965,2001
18673,r4i1p1f1,2001,02,15,16.161939367331666,-3.406678,-9.564272,2001
18674,r4i1p1f1,2001,02,16,0.0,-0.61274815,-10.430238,2001
18675,r4i1p1f1,2001,02,17,0.0,3.85391,-13.635979,2001
18676,r4i1p1f1,2001,02,18,3.7306098615628462,2.7062619,-7.7807226,2001
18677,r4i1p1f1,2001,02,19,0.0,3.8885057,-9.645188,2001
18678,r4i1p1f1,2001,02,20,0.0,4.4613233,-7.451106,2001
18679,r4i1p1f1,2001,02,21,0.0,5.2821755,-8.889157,2001
18680,r4i1p1f1,2001,02,22,0.0,5.481534,-7.2846065,2001
18681,r4i1p1f1,2001,02,23,0.0,4.7884064,-6.7203574,2001
18682,r4i1p1f1,2001,02,24,0.0,6.4262977,-7.9183707,2001
18683,r4i1p1f1,2001,02,25,0.0,7.4234667,-6.8528237,2001
18684,r4i1p1f1,2001,02,26,0.0,6.2504325,-5.1568937,2001
18685,r4i1p1f1,2001,02,27,0.0,8.571805,-3.959608,2001
18686,r4i1p1f1,2001,02,28,0.0,8.815561,-4.8003273,2001
18687,r4i1p1f1,2001,03,01,0.03932574394417003,7.0072184,-4.340305,2001
18688,r4i1p1f1,2001,03,02,21.901666028772762,-0.19490059,-6.6665816,2001
18689,r4i1p1f1,2001,03,03,0.0,2.5979838,-11.105597,2001
18690,r4i1p1f1,2001,03,04,0.0,4.4726524,-10.154408,2001
18691,r4i1p1f1,2001,03,05,0.0,5.5688787,-10.885242,2001
18692,r4i1p1f1,2001,03,06,1.0037661461285088,2.50229,-6.0432606,2001
18693,r4i1p1f1,2001,03,07,0.0,7.6165004,-8.779389,2001
18694,r4i1p1f1,2001,03,08,0.0,10.67267,-4.0593414,2001
18695,r4i1p1f1,2001,03,09,0.0,11.221562,-3.598005,2001
18696,r4i1p1f1,2001,03,10,0.0,9.181291,-1.6915816,2001
18697,r4i1p1f1,2001,03,11,0.0,8.965697,-5.2215395,2001
18698,r4i1p1f1,2001,03,12,0.0,9.57769,-4.830839,2001
18699,r4i1p1f1,2001,03,13,0.0,8.697456,-3.9917352,2001
18700,r4i1p1f1,2001,03,14,9.354546877029573,2.5874527,-6.055457,2001
18701,r4i1p1f1,2001,03,15,10.895100288536627,-3.1600516,-9.361054,2001
18702,r4i1p1f1,2001,03,16,24.49477790429244,-2.615602,-8.822316,2001
18703,r4i1p1f1,2001,03,17,7.565046398779557,-1.1802461,-11.485633,2001
18704,r4i1p1f1,2001,03,18,2.1621104082861655,1.104298,-14.712179,2001
18705,r4i1p1f1,2001,03,19,2.689205043247452,-0.46802986,-7.1341968,2001
18706,r4i1p1f1,2001,03,20,0.24499626165359017,5.1389394,-8.239814,2001
18707,r4i1p1f1,2001,03,21,0.0,11.4203205,-5.048928,2001
18708,r4i1p1f1,2001,03,22,0.0,14.633005,-0.6412881,2001
18709,r4i1p1f1,2001,03,23,0.0,17.889635,0.9654481,2001
18710,r4i1p1f1,2001,03,24,0.0,19.746685,2.4901736,2001
18711,r4i1p1f1,2001,03,25,0.0,18.557117,4.685942,2001
18712,r4i1p1f1,2001,03,26,0.0,18.583067,1.5659992,2001
18713,r4i1p1f1,2001,03,27,0.0,18.962875,2.0732038,2001
18714,r4i1p1f1,2001,03,28,0.0,18.523771,3.9421408,2001
18715,r4i1p1f1,2001,03,29,0.2693605587113969,14.646882,3.759811,2001
18716,r4i1p1f1,2001,03,30,0.1606121987059114,7.7772117,-4.4090343,2001
18717,r4i1p1f1,2001,03,31,1.6326333778091613,5.3397946,-6.9881163,2001
18718,r4i1p1f1,2001,04,01,0.059107894753342986,9.877354,-4.085103,2001
18719,r4i1p1f1,2001,04,02,0.0,12.194357,-2.5455527,2001
18720,r4i1p1f1,2001,04,03,0.43743238851658955,13.970243,-0.9131381,2001
18721,r4i1p1f1,2001,04,04,0.10470601048413243,14.223279,-0.65703577,2001
18722,r4i1p1f1,2001,04,05,0.391753564896357,13.548547,-0.36158344,2001
18723,r4i1p1f1,2001,04,06,0.9807844574252117,12.782145,-0.9700412,2001
18724,r4i1p1f1,2001,04,07,0.008000672833859178,15.565543,0.37042594,2001
18725,r4i1p1f1,2001,04,08,0.0,18.055294,1.6877736,2001
18726,r4i1p1f1,2001,04,09,0.0,17.58703,2.1915715,2001
18727,r4i1p1f1,2001,04,10,0.0,12.492356,1.4298563,2001
18728,r4i1p1f1,2001,04,11,8.063992767849447,3.8310554,-1.8430839,2001
18729,r4i1p1f1,2001,04,12,0.3129951467183661,10.943713,-3.6421986,2001
18730,r4i1p1f1,2001,04,13,1.0193933939876123,9.340765,-2.35374,2001
18731,r4i1p1f1,2001,04,14,0.6503057708790972,5.6924148,-6.7926164,2001
18732,r4i1p1f1,2001,04,15,0.26037793916521584,7.87804,-5.90442,2001
18733,r4i1p1f1,2001,04,16,0.13867200998066845,9.621434,-3.72376,2001
18734,r4i1p1f1,2001,04,17,0.017636536434654123,11.46395,-2.93857,2001
18735,r4i1p1f1,2001,04,18,0.16743798055296907,8.401361,0.8021291,2001
18736,r4i1p1f1,2001,04,19,0.16770298415686982,12.839621,-1.7341189,2001
18737,r4i1p1f1,2001,04,20,0.0023689722443184904,17.421144,1.7385855,2001
18738,r4i1p1f1,2001,04,21,4.039113766865908,14.841414,0.6280283,2001
18739,r4i1p1f1,2001,04,22,21.77318209598928,10.666455,-1.3438169,2001
18740,r4i1p1f1,2001,04,23,2.523419095319383,7.9071608,-3.8905616,2001
18741,r4i1p1f1,2001,04,24,0.0,14.655502,-1.158498,2001
18742,r4i1p1f1,2001,04,25,0.0,13.432178,3.4380605,2001
18743,r4i1p1f1,2001,04,26,0.0,12.275908,-1.3393385,2001
18744,r4i1p1f1,2001,04,27,0.0,11.336181,-1.6505353,2001
18745,r4i1p1f1,2001,04,28,0.0,15.0723915,-1.699271,2001
18746,r4i1p1f1,2001,04,29,0.0,16.769335,2.6651957,2001
18747,r4i1p1f1,2001,04,30,0.0,16.371368,2.7369857,2001
18748,r4i1p1f1,2001,05,01,0.0,15.603887,2.5630429,2001
18749,r4i1p1f1,2001,05,02,0.0,18.802023,3.1046402,2001
18750,r4i1p1f1,2001,05,03,0.0,19.787163,5.660192,2001
18751,r4i1p1f1,2001,05,04,0.0,20.667288,6.203606,2001
18752,r4i1p1f1,2001,05,05,1.1737336359204482,20.815945,6.3578534,2001
18753,r4i1p1f1,2001,05,06,0.0,21.672045,7.631793,2001
18754,r4i1p1f1,2001,05,07,1.7898261259885835,22.063658,6.977952,2001
18755,r4i1p1f1,2001,05,08,0.0,22.752098,8.460196,2001
18756,r4i1p1f1,2001,05,09,0.341837324955468,22.141027,8.443267,2001
18757,r4i1p1f1,2001,05,10,0.0,19.172264,5.259716,2001
18758,r4i1p1f1,2001,05,11,3.1064515069444427,15.157681,3.2187362,2001
18759,r4i1p1f1,2001,05,12,11.011938177698005,10.932155,-1.0606552,2001
18760,r4i1p1f1,2001,05,13,30.538158756322584,9.001534,0.7515778,2001
18761,r4i1p1f1,2001,05,14,0.0482774233472917,11.56494,0.12650116,2001
18762,r4i1p1f1,2001,05,15,0.006174416612092052,12.324573,-0.55436844,2001
18763,r4i1p1f1,2001,05,16,8.34342147024402,6.1557055,-2.6422396,2001
18764,r4i1p1f1,2001,05,17,5.245074453354827,3.891167,-8.4919405,2001
18765,r4i1p1f1,2001,05,18,0.0,6.5896926,-6.1946774,2001
18766,r4i1p1f1,2001,05,19,0.0,12.285644,-3.0204456,2001
18767,r4i1p1f1,2001,05,20,0.0,16.093964,0.15145315,2001
18768,r4i1p1f1,2001,05,21,0.0,16.787962,1.9430003,2001
18769,r4i1p1f1,2001,05,22,0.0,18.707714,3.1451328,2001
18770,r4i1p1f1,2001,05,23,0.0,20.382957,5.400341,2001
18771,r4i1p1f1,2001,05,24,4.915838970547111,16.83919,2.3019073,2001
18772,r4i1p1f1,2001,05,25,14.806952675050166,9.193453,0.05370783,2001
18773,r4i1p1f1,2001,05,26,2.9967246061044523,7.228531,-3.9691963,2001
18774,r4i1p1f1,2001,05,27,6.398081598069945,5.484805,-4.272317,2001
18775,r4i1p1f1,2001,05,28,5.42083288157745,5.4800997,-4.6346474,2001
18776,r4i1p1f1,2001,05,29,1.7838702473528836,9.0996895,-1.0743384,2001
18777,r4i1p1f1,2001,05,30,0.0,12.238436,1.1442254,2001
18778,r4i1p1f1,2001,05,31,0.16192222745846524,13.704265,2.3706803,2001
18779,r4i1p1f1,2001,06,01,0.0682069053868152,15.697154,3.911913,2001
18780,r4i1p1f1,2001,06,02,0.2285044320456829,19.263927,4.2273884,2001
18781,r4i1p1f1,2001,06,03,2.708792785589917,21.635294,6.4855385,2001
18782,r4i1p1f1,2001,06,04,0.0,24.927975,9.063423,2001
18783,r4i1p1f1,2001,06,05,0.0,26.114063,9.817925,2001
18784,r4i1p1f1,2001,06,06,0.0,24.285202,9.805397,2001
18785,r4i1p1f1,2001,06,07,0.0,20.202217,6.482562,2001
18786,r4i1p1f1,2001,06,08,0.0,15.191871,2.8091223,2001
18787,r4i1p1f1,2001,06,09,0.0,13.500411,1.186144,2001
18788,r4i1p1f1,2001,06,10,0.0,17.20383,1.1902852,2001
18789,r4i1p1f1,2001,06,11,0.0,18.220531,3.543003,2001
18790,r4i1p1f1,2001,06,12,0.23134196473694327,18.527092,3.5807962,2001
18791,r4i1p1f1,2001,06,13,1.2695690910933735,19.10206,4.8721304,2001
18792,r4i1p1f1,2001,06,14,1.917358902686812,18.450531,3.9281592,2001
18793,r4i1p1f1,2001,06,15,0.6631977954969019,19.62299,4.8345976,2001
18794,r4i1p1f1,2001,06,16,0.7438231526687794,21.792555,7.33248,2001
18795,r4i1p1f1,2001,06,17,4.453546311975614,21.827238,7.303468,2001
18796,r4i1p1f1,2001,06,18,3.907178931951742,19.236622,6.896625,2001
18797,r4i1p1f1,2001,06,19,4.778633726300747,19.939165,8.584729,2001
18798,r4i1p1f1,2001,06,20,0.5930010200599227,21.530499,6.837696,2001
18799,r4i1p1f1,2001,06,21,0.0,23.392437,7.565946,2001
18800,r4i1p1f1,2001,06,22,0.0,23.37179,6.8064885,2001
18801,r4i1p1f1,2001,06,23,0.0,21.856737,8.140223,2001
18802,r4i1p1f1,2001,06,24,0.0,20.355637,5.183551,2001
18803,r4i1p1f1,2001,06,25,0.0,18.975191,5.1869287,2001
18804,r4i1p1f1,2001,06,26,0.0,16.913982,4.0059967,2001
18805,r4i1p1f1,2001,06,27,0.0,21.666103,5.5127172,2001
18806,r4i1p1f1,2001,06,28,0.0,24.408592,8.335399,2001
18807,r4i1p1f1,2001,06,29,0.0,23.841587,9.691286,2001
18808,r4i1p1f1,2001,06,30,0.0,22.724052,10.363301,2001
18809,r4i1p1f1,2001,07,01,0.0,18.416935,4.29625,2001
18810,r4i1p1f1,2001,07,02,0.0,18.868677,2.7470996,2001
18811,r4i1p1f1,2001,07,03,0.0,20.277508,4.37874,2001
18812,r4i1p1f1,2001,07,04,0.0,23.15424,6.5946255,2001
18813,r4i1p1f1,2001,07,05,0.0,22.069296,9.30253,2001
18814,r4i1p1f1,2001,07,06,0.06601099976827285,14.493809,3.660599,2001
18815,r4i1p1f1,2001,07,07,0.03984743365830936,11.208216,-1.2575239,2001
18816,r4i1p1f1,2001,07,08,0.0,15.246562,-0.69975156,2001
18817,r4i1p1f1,2001,07,09,0.0,17.109749,2.5337787,2001
18818,r4i1p1f1,2001,07,10,0.0,20.2939,4.3656416,2001
18819,r4i1p1f1,2001,07,11,0.0,21.509861,6.5114303,2001
18820,r4i1p1f1,2001,07,12,0.0,21.318598,6.4523373,2001
18821,r4i1p1f1,2001,07,13,0.0,20.424215,6.086784,2001
18822,r4i1p1f1,2001,07,14,0.0,20.309732,6.03128,2001
18823,r4i1p1f1,2001,07,15,0.0,22.677952,6.6611423,2001
18824,r4i1p1f1,2001,07,16,0.0,23.381037,7.6554,2001
18825,r4i1p1f1,2001,07,17,0.0,22.345394,7.9117837,2001
18826,r4i1p1f1,2001,07,18,0.0,21.213547,6.392166,2001
18827,r4i1p1f1,2001,07,19,0.0,23.045519,7.3825397,2001
18828,r4i1p1f1,2001,07,20,0.0,26.415361,10.272106,2001
18829,r4i1p1f1,2001,07,21,1.105390183988572,27.241713,11.576058,2001
18830,r4i1p1f1,2001,07,22,1.0805024840496058,26.570358,12.157184,2001
18831,r4i1p1f1,2001,07,23,1.2688977615402093,26.464094,12.233831,2001
18832,r4i1p1f1,2001,07,24,1.2514233150425536,27.131462,11.718435,2001
18833,r4i1p1f1,2001,07,25,0.037003109634303956,27.827414,11.678307,2001
18834,r4i1p1f1,2001,07,26,0.023046311178906796,27.298386,11.502608,2001
18835,r4i1p1f1,2001,07,27,0.10497684814509324,27.130016,11.780504,2001
18836,r4i1p1f1,2001,07,28,0.0,26.612272,10.857695,2001
18837,r4i1p1f1,2001,07,29,0.0,25.974987,11.258468,2001
18838,r4i1p1f1,2001,07,30,0.0,24.10561,8.771838,2001
18839,r4i1p1f1,2001,07,31,0.0,23.226078,8.137765,2001
18840,r4i1p1f1,2001,08,01,0.0,21.302458,6.800589,2001
18841,r4i1p1f1,2001,08,02,0.0,19.03279,3.2328432,2001
18842,r4i1p1f1,2001,08,03,0.0,22.143404,5.392878,2001
18843,r4i1p1f1,2001,08,04,0.0,25.527729,8.199095,2001
18844,r4i1p1f1,2001,08,05,0.0,26.823092,10.665708,2001
18845,r4i1p1f1,2001,08,06,0.0,26.400724,10.329327,2001
18846,r4i1p1f1,2001,08,07,0.0,24.630749,13.819105,2001
18847,r4i1p1f1,2001,08,08,1.1914828318289463,24.544886,9.934701,2001
18848,r4i1p1f1,2001,08,09,1.6976952855817644,26.220234,9.887171,2001
18849,r4i1p1f1,2001,08,10,0.12953888525611118,25.396147,11.185919,2001
18850,r4i1p1f1,2001,08,11,0.09998857404254967,23.764406,9.415912,2001
18851,r4i1p1f1,2001,08,12,0.0,23.742826,10.004033,2001
18852,r4i1p1f1,2001,08,13,0.0,23.958313,7.8029237,2001
18853,r4i1p1f1,2001,08,14,0.0,24.486752,8.309152,2001
18854,r4i1p1f1,2001,08,15,0.0,24.722145,8.55613,2001
18855,r4i1p1f1,2001,08,16,0.0,24.206772,9.2839775,2001
18856,r4i1p1f1,2001,08,17,0.0,22.518442,6.454723,2001
18857,r4i1p1f1,2001,08,18,0.0,21.143888,5.4292874,2001
18858,r4i1p1f1,2001,08,19,0.0,20.120033,6.934812,2001
18859,r4i1p1f1,2001,08,20,0.0,19.282291,5.0183063,2001
18860,r4i1p1f1,2001,08,21,0.8072582483951072,19.142649,6.6450047,2001
18861,r4i1p1f1,2001,08,22,0.003380139021343042,19.641716,5.773685,2001
18862,r4i1p1f1,2001,08,23,0.0,18.404802,4.457857,2001
18863,r4i1p1f1,2001,08,24,0.0,21.051157,3.4795218,2001
18864,r4i1p1f1,2001,08,25,0.0,23.096054,5.338796,2001
18865,r4i1p1f1,2001,08,26,0.0,21.228922,6.4456587,2001
18866,r4i1p1f1,2001,08,27,0.0,18.14517,3.7561853,2001
18867,r4i1p1f1,2001,08,28,0.0,16.240377,0.8222698,2001
18868,r4i1p1f1,2001,08,29,0.0,19.883766,1.163753,2001
18869,r4i1p1f1,2001,08,30,0.0,24.383966,6.503194,2001
18870,r4i1p1f1,2001,08,31,0.0,26.01618,9.121423,2001
18871,r4i1p1f1,2001,09,01,0.0,25.892937,9.7771435,2001
18872,r4i1p1f1,2001,09,02,0.0,24.654575,9.12699,2001
18873,r4i1p1f1,2001,09,03,0.0,20.78717,6.9529915,2001
18874,r4i1p1f1,2001,09,04,0.0,20.98238,5.201522,2001
18875,r4i1p1f1,2001,09,05,0.0,21.411276,5.2289805,2001
18876,r4i1p1f1,2001,09,06,0.0,23.234734,6.522301,2001
18877,r4i1p1f1,2001,09,07,0.0,23.379362,7.7821665,2001
18878,r4i1p1f1,2001,09,08,0.0,23.533236,7.54239,2001
18879,r4i1p1f1,2001,09,09,0.0,27.4989,9.214144,2001
18880,r4i1p1f1,2001,09,10,0.0,28.49078,11.286935,2001
18881,r4i1p1f1,2001,09,11,0.0,28.77891,11.106286,2001
18882,r4i1p1f1,2001,09,12,0.0,28.82376,11.432874,2001
18883,r4i1p1f1,2001,09,13,0.0,28.941168,11.403056,2001
18884,r4i1p1f1,2001,09,14,0.0,28.358305,11.705914,2001
18885,r4i1p1f1,2001,09,15,0.0,28.506891,10.985424,2001
18886,r4i1p1f1,2001,09,16,0.0,27.430641,12.718128,2001
18887,r4i1p1f1,2001,09,17,0.0,24.800123,9.311658,2001
18888,r4i1p1f1,2001,09,18,0.0,20.210703,3.4687188,2001
18889,r4i1p1f1,2001,09,19,0.0,23.274529,6.139804,2001
18890,r4i1p1f1,2001,09,20,0.0,23.571022,8.151718,2001
18891,r4i1p1f1,2001,09,21,0.0,23.684193,7.5642357,2001
18892,r4i1p1f1,2001,09,22,0.0,20.3069,4.8761344,2001
18893,r4i1p1f1,2001,09,23,0.01970176829701517,15.662458,1.3616455,2001
18894,r4i1p1f1,2001,09,24,0.0,20.849232,4.8976307,2001
18895,r4i1p1f1,2001,09,25,0.02737909582300255,21.562906,6.1630263,2001
18896,r4i1p1f1,2001,09,26,0.0,22.32937,6.383525,2001
18897,r4i1p1f1,2001,09,27,0.0,22.73319,7.650561,2001
18898,r4i1p1f1,2001,09,28,0.0,23.6587,7.051712,2001
18899,r4i1p1f1,2001,09,29,0.0,24.236637,7.9180894,2001
18900,r4i1p1f1,2001,09,30,0.0,25.444181,8.845708,2001
18901,r4i1p1f1,2001,10,01,0.0,25.354586,9.630685,2001
18902,r4i1p1f1,2001,10,02,0.0,23.998314,8.045572,2001
18903,r4i1p1f1,2001,10,03,0.0,24.224411,8.393966,2001
18904,r4i1p1f1,2001,10,04,0.0,23.096693,7.0901613,2001
18905,r4i1p1f1,2001,10,05,0.0,19.007553,5.182506,2001
18906,r4i1p1f1,2001,10,06,0.0,16.77825,2.876243,2001
18907,r4i1p1f1,2001,10,07,0.0,16.897856,0.9033034,2001
18908,r4i1p1f1,2001,10,08,0.0,22.46118,4.93506,2001
18909,r4i1p1f1,2001,10,09,0.0,25.078653,8.69263,2001
18910,r4i1p1f1,2001,10,10,0.0,25.143879,10.06968,2001
18911,r4i1p1f1,2001,10,11,0.0,24.379843,9.514781,2001
18912,r4i1p1f1,2001,10,12,0.0,22.129616,7.8558073,2001
18913,r4i1p1f1,2001,10,13,0.0,17.965073,4.5515814,2001
18914,r4i1p1f1,2001,10,14,0.0,14.753824,1.7277774,2001
18915,r4i1p1f1,2001,10,15,0.0,16.87337,1.2585623,2001
18916,r4i1p1f1,2001,10,16,0.0,22.205984,5.5995097,2001
18917,r4i1p1f1,2001,10,17,0.0,24.738855,7.115335,2001
18918,r4i1p1f1,2001,10,18,0.0,23.265474,8.658938,2001
18919,r4i1p1f1,2001,10,19,0.0,21.60238,8.286165,2001
18920,r4i1p1f1,2001,10,20,0.0,18.437515,4.813401,2001
18921,r4i1p1f1,2001,10,21,0.0,17.575737,2.2398512,2001
18922,r4i1p1f1,2001,10,22,0.0,15.51469,1.0164427,2001
18923,r4i1p1f1,2001,10,23,0.0,13.021667,-0.2365753,2001
18924,r4i1p1f1,2001,10,24,0.007233449929010342,13.022043,0.13613601,2001
18925,r4i1p1f1,2001,10,25,0.0,16.31886,0.26077256,2001
18926,r4i1p1f1,2001,10,26,0.0,16.92462,3.3505418,2001
18927,r4i1p1f1,2001,10,27,0.0,17.513557,0.92499757,2001
18928,r4i1p1f1,2001,10,28,0.0,15.940765,2.9774837,2001
18929,r4i1p1f1,2001,10,29,0.0,14.076422,2.021338,2001
18930,r4i1p1f1,2001,10,30,0.0,14.021319,-2.0940795,2001
18931,r4i1p1f1,2001,10,31,0.0,13.003389,-0.5882149,2001
18932,r4i1p1f1,2001,11,01,0.0012847345048583817,11.808643,-1.0294942,2001
18933,r4i1p1f1,2001,11,02,0.0,13.972629,-1.357658,2001
18934,r4i1p1f1,2001,11,03,0.0,15.325586,0.81959176,2001
18935,r4i1p1f1,2001,11,04,0.0,17.340239,2.962579,2001
18936,r4i1p1f1,2001,11,05,0.0,19.607885,3.270073,2001
18937,r4i1p1f1,2001,11,06,0.0,19.909803,6.5811057,2001
18938,r4i1p1f1,2001,11,07,0.0,18.343113,6.584968,2001
18939,r4i1p1f1,2001,11,08,0.0,16.7119,1.7940406,2001
18940,r4i1p1f1,2001,11,09,0.0,15.980243,3.655403,2001
18941,r4i1p1f1,2001,11,10,2.43884354171133,16.836786,2.8870254,2001
18942,r4i1p1f1,2001,11,11,0.0,12.653237,1.9170471,2001
18943,r4i1p1f1,2001,11,12,4.121712261786338,15.348381,4.8535466,2001
18944,r4i1p1f1,2001,11,13,8.094381924749698,6.1145167,-5.0112395,2001
18945,r4i1p1f1,2001,11,14,4.329085054382528,3.978516,-5.181982,2001
18946,r4i1p1f1,2001,11,15,3.6086813534478086,4.2278485,-5.2165527,2001
18947,r4i1p1f1,2001,11,16,0.0,4.761275,-9.70491,2001
18948,r4i1p1f1,2001,11,17,0.0,6.2318635,-6.278572,2001
18949,r4i1p1f1,2001,11,18,0.0,8.685155,-5.174858,2001
18950,r4i1p1f1,2001,11,19,0.0,10.634756,-4.4395685,2001
18951,r4i1p1f1,2001,11,20,4.575370055849467,9.339473,-1.4572115,2001
18952,r4i1p1f1,2001,11,21,0.0,7.834341,-8.265984,2001
18953,r4i1p1f1,2001,11,22,0.0,7.088601,-5.6900716,2001
18954,r4i1p1f1,2001,11,23,9.468943112196898,6.508973,-4.0443788,2001
18955,r4i1p1f1,2001,11,24,0.0,7.614711,-8.59829,2001
18956,r4i1p1f1,2001,11,25,0.0,7.399445,-5.028302,2001
18957,r4i1p1f1,2001,11,26,0.008678315926397987,7.948972,-5.073469,2001
18958,r4i1p1f1,2001,11,27,0.0,9.935777,-6.178318,2001
18959,r4i1p1f1,2001,11,28,1.10568929082487,7.2280865,-2.0448577,2001
18960,r4i1p1f1,2001,11,29,0.0,2.9788353,-8.506143,2001
18961,r4i1p1f1,2001,11,30,0.0,6.9545355,-6.7750483,2001
18962,r4i1p1f1,2001,12,01,0.0,11.306514,-2.3056505,2001
18963,r4i1p1f1,2001,12,02,0.0,13.629522,-0.25491077,2001
18964,r4i1p1f1,2001,12,03,0.0,13.600126,1.2200925,2001
18965,r4i1p1f1,2001,12,04,0.0,11.470343,-1.4083098,2001
18966,r4i1p1f1,2001,12,05,0.0,9.211321,-4.012363,2001
18967,r4i1p1f1,2001,12,06,0.0,5.046158,-6.693394,2001
18968,r4i1p1f1,2001,12,07,0.9327054499198522,3.643476,-4.6905975,2001
18969,r4i1p1f1,2001,12,08,0.0,1.9872848,-8.863186,2001
18970,r4i1p1f1,2001,12,09,30.313185044212428,-1.5074176,-8.595059,2001
18971,r4i1p1f1,2001,12,10,0.40959667362523877,4.044968,-10.037501,2001
18972,r4i1p1f1,2001,12,11,1.3132059456632006,2.952461,-6.243149,2001
18973,r4i1p1f1,2001,12,12,15.398433185377415,2.8993263,-4.6110177,2001
18974,r4i1p1f1,2001,12,13,20.72295757143324,4.471693,-2.5447268,2001
18975,r4i1p1f1,2001,12,14,76.96521882667328,2.7965028,-4.5532527,2001
18976,r4i1p1f1,2001,12,15,17.197317572002934,1.87702,-5.4354887,2001
18977,r4i1p1f1,2001,12,16,0.7865095962221129,1.7647741,-9.2283325,2001
18978,r4i1p1f1,2001,12,17,0.0,2.321115,-7.942658,2001
18979,r4i1p1f1,2001,12,18,0.7197980135015519,1.953281,-10.230434,2001
18980,r4i1p1f1,2001,12,19,0.03153580854324481,5.8365245,-6.636681,2001
18981,r4i1p1f1,2001,12,20,0.0,6.6555605,-1.8947535,2001
18982,r4i1p1f1,2001,12,21,25.70113335384216,3.3113275,-5.035081,2001
18983,r4i1p1f1,2001,12,22,2.9609144573355457,-0.297562,-11.42674,2001
18984,r4i1p1f1,2001,12,23,46.086852052522936,-2.567634,-8.228569,2001
18985,r4i1p1f1,2001,12,24,29.71646246485564,-2.967603,-12.283475,2001
18986,r4i1p1f1,2001,12,25,4.774599259347751,-3.06472,-15.646557,2001
18987,r4i1p1f1,2001,12,26,0.5044761548667926,-3.5440738,-9.730867,2001
18988,r4i1p1f1,2001,12,27,0.0,0.39594775,-11.991973,2001
18989,r4i1p1f1,2001,12,28,3.330405655392435,1.1551578,-9.6837,2001
18990,r4i1p1f1,2001,12,29,25.930670119044517,0.6982359,-5.1078897,2001
18991,r4i1p1f1,2001,12,30,5.924178794425663,-0.59042376,-10.91483,2001
18992,r4i1p1f1,2001,12,31,8.119272966664395,-5.0993543,-11.867202,2001
18993,r4i1p1f1,2002,01,01,0.0,-2.2230692,-14.524301,2002
18994,r4i1p1f1,2002,01,02,0.0,0.7164965,-13.015522,2002
18995,r4i1p1f1,2002,01,03,0.0,4.5704308,-7.8784666,2002
18996,r4i1p1f1,2002,01,04,0.0,5.727848,-6.4841385,2002
18997,r4i1p1f1,2002,01,05,0.0,5.8271856,-6.222198,2002
18998,r4i1p1f1,2002,01,06,0.0,4.0625796,-6.3763294,2002
18999,r4i1p1f1,2002,01,07,3.774718388103381,-0.378819,-6.1951303,2002
19000,r4i1p1f1,2002,01,08,1.1658008743250823,-1.1114306,-10.3819,2002
19001,r4i1p1f1,2002,01,09,0.0,-1.5500052,-16.005947,2002
19002,r4i1p1f1,2002,01,10,0.0,-2.032753,-13.465032,2002
19003,r4i1p1f1,2002,01,11,24.03689879651194,-3.0794673,-11.812299,2002
19004,r4i1p1f1,2002,01,12,74.93424394243814,1.2795087,-4.7344007,2002
19005,r4i1p1f1,2002,01,13,15.464081581312177,2.6005366,-5.923173,2002
19006,r4i1p1f1,2002,01,14,0.0,5.183274,-8.678903,2002
19007,r4i1p1f1,2002,01,15,7.4348441913427115,2.3995812,-3.868822,2002
19008,r4i1p1f1,2002,01,16,23.64466658275052,2.6079245,-4.2885766,2002
19009,r4i1p1f1,2002,01,17,0.0,4.101324,-6.377306,2002
19010,r4i1p1f1,2002,01,18,24.35324407220561,1.0674758,-6.6646767,2002
19011,r4i1p1f1,2002,01,19,12.074676432859624,1.7655265,-4.3554707,2002
19012,r4i1p1f1,2002,01,20,76.36413179270552,4.0072894,-2.8839366,2002
19013,r4i1p1f1,2002,01,21,23.792410784978337,1.8330731,-4.4614286,2002
19014,r4i1p1f1,2002,01,22,0.0,3.659945,-7.8064065,2002
19015,r4i1p1f1,2002,01,23,0.0,3.7028491,-9.355271,2002
19016,r4i1p1f1,2002,01,24,0.0,1.6603736,-10.407117,2002
19017,r4i1p1f1,2002,01,25,0.0,2.945966,-10.655853,2002
19018,r4i1p1f1,2002,01,26,0.0,6.772119,-7.1553216,2002
19019,r4i1p1f1,2002,01,27,0.0,5.090569,-6.1688366,2002
19020,r4i1p1f1,2002,01,28,0.0,4.0285783,-7.794493,2002
19021,r4i1p1f1,2002,01,29,0.0,5.8732185,-7.07029,2002
19022,r4i1p1f1,2002,01,30,0.0,7.193,-5.3627973,2002
19023,r4i1p1f1,2002,01,31,0.0,10.846232,-1.9405692,2002
19024,r4i1p1f1,2002,02,01,0.0,9.089849,-1.2243371,2002
19025,r4i1p1f1,2002,02,02,0.0,9.805864,-3.8979707,2002
19026,r4i1p1f1,2002,02,03,0.0,8.571914,-3.6618707,2002
19027,r4i1p1f1,2002,02,04,1.8301574638390194,6.457958,-3.9592881,2002
19028,r4i1p1f1,2002,02,05,0.0,6.5101876,-5.283951,2002
19029,r4i1p1f1,2002,02,06,11.492098674938774,3.0204604,-6.740742,2002
19030,r4i1p1f1,2002,02,07,24.676270026722037,-0.033917252,-6.693719,2002
19031,r4i1p1f1,2002,02,08,7.802542794409694,1.6822393,-9.75334,2002
19032,r4i1p1f1,2002,02,09,0.0,7.0279183,-7.5421467,2002
19033,r4i1p1f1,2002,02,10,0.0,7.3389063,-4.7066483,2002
19034,r4i1p1f1,2002,02,11,0.3453649875467719,7.6048226,-3.3348057,2002
19035,r4i1p1f1,2002,02,12,47.65941845916835,4.974425,-3.0479453,2002
19036,r4i1p1f1,2002,02,13,0.0,6.1506453,-6.1459,2002
19037,r4i1p1f1,2002,02,14,0.3528402231344695,8.708644,-5.7346673,2002
19038,r4i1p1f1,2002,02,15,0.9378179365760502,4.9181337,-2.533613,2002
19039,r4i1p1f1,2002,02,16,0.0904299054748897,8.756313,-4.399249,2002
19040,r4i1p1f1,2002,02,17,11.283657713571976,7.223295,-3.3567126,2002
19041,r4i1p1f1,2002,02,18,19.857189675652933,2.2640731,-6.5693626,2002
19042,r4i1p1f1,2002,02,19,0.0,6.1631703,-6.880828,2002
19043,r4i1p1f1,2002,02,20,0.0,7.0514903,-6.7384624,2002
19044,r4i1p1f1,2002,02,21,0.0,5.980735,-6.7754035,2002
19045,r4i1p1f1,2002,02,22,0.0,4.7868333,-8.273333,2002
19046,r4i1p1f1,2002,02,23,0.0,6.151075,-7.5733247,2002
19047,r4i1p1f1,2002,02,24,0.0,5.638058,-6.399656,2002
19048,r4i1p1f1,2002,02,25,0.1578142832631084,3.5158057,-6.1744633,2002
19049,r4i1p1f1,2002,02,26,0.0,6.125895,-6.4783216,2002
19050,r4i1p1f1,2002,02,27,0.0,9.275322,-5.170195,2002
19051,r4i1p1f1,2002,02,28,0.0,8.219931,-4.488941,2002
19052,r4i1p1f1,2002,03,01,0.0,4.649176,-9.407968,2002
19053,r4i1p1f1,2002,03,02,0.0,3.852435,-9.39638,2002
19054,r4i1p1f1,2002,03,03,0.0,8.377373,-7.207726,2002
19055,r4i1p1f1,2002,03,04,0.0,9.5484,-5.3762765,2002
19056,r4i1p1f1,2002,03,05,0.0,9.017096,-3.0684977,2002
19057,r4i1p1f1,2002,03,06,0.0,10.253577,-4.7319536,2002
19058,r4i1p1f1,2002,03,07,0.0,11.511447,-2.9340467,2002
19059,r4i1p1f1,2002,03,08,0.0,14.438848,-0.5561074,2002
19060,r4i1p1f1,2002,03,09,0.0,13.435992,1.2699342,2002
19061,r4i1p1f1,2002,03,10,0.0,15.256637,-0.17856912,2002
19062,r4i1p1f1,2002,03,11,0.0,16.93904,2.8168578,2002
19063,r4i1p1f1,2002,03,12,0.12587407496679448,13.698807,1.4141768,2002
19064,r4i1p1f1,2002,03,13,3.718452200444196,1.2029314,-5.602294,2002
19065,r4i1p1f1,2002,03,14,3.0613512820733435,-3.4818313,-10.81557,2002
19066,r4i1p1f1,2002,03,15,0.002651875121247685,5.1424103,-10.085284,2002
19067,r4i1p1f1,2002,03,16,0.0,7.546344,-7.070347,2002
19068,r4i1p1f1,2002,03,17,0.0,10.582259,-4.7216263,2002
19069,r4i1p1f1,2002,03,18,0.0,10.54399,-2.9331093,2002
19070,r4i1p1f1,2002,03,19,17.77146941690118,5.7960734,-4.0340877,2002
19071,r4i1p1f1,2002,03,20,3.0061682766080597,-3.1651103,-9.721045,2002
19072,r4i1p1f1,2002,03,21,0.0,3.3158095,-11.192363,2002
19073,r4i1p1f1,2002,03,22,0.0,6.6519117,-9.551256,2002
19074,r4i1p1f1,2002,03,23,4.192576147661014,2.9348245,-8.115298,2002
19075,r4i1p1f1,2002,03,24,33.27800360533548,0.35994357,-5.8537493,2002
19076,r4i1p1f1,2002,03,25,9.67600819915117,-0.9415631,-9.02417,2002
19077,r4i1p1f1,2002,03,26,0.34140988416156975,0.96119577,-9.411154,2002
19078,r4i1p1f1,2002,03,27,0.4396788427958895,0.4428594,-9.477938,2002
19079,r4i1p1f1,2002,03,28,0.0,5.847744,-11.099177,2002
19080,r4i1p1f1,2002,03,29,0.0,6.8021555,-7.8552094,2002
19081,r4i1p1f1,2002,03,30,9.797069536321795,0.98671263,-9.21904,2002
19082,r4i1p1f1,2002,03,31,1.6727095986672333,1.1420624,-10.757824,2002
19083,r4i1p1f1,2002,04,01,0.012385793363704973,9.676541,-3.534594,2002
19084,r4i1p1f1,2002,04,02,0.041881674023157324,12.901351,-1.3193724,2002
19085,r4i1p1f1,2002,04,03,0.02705269014858957,12.860932,-0.7715252,2002
19086,r4i1p1f1,2002,04,04,2.7576389790544753,9.3247,-0.86689985,2002
19087,r4i1p1f1,2002,04,05,0.0,9.228866,-4.297922,2002
19088,r4i1p1f1,2002,04,06,0.0,7.8866863,-5.200791,2002
19089,r4i1p1f1,2002,04,07,0.0,9.103982,-4.850412,2002
19090,r4i1p1f1,2002,04,08,0.0075527634608614095,10.995241,-2.5561805,2002
19091,r4i1p1f1,2002,04,09,26.86795064693789,6.4688535,-5.2739425,2002
19092,r4i1p1f1,2002,04,10,2.7583354905850044,2.8469808,-7.4309034,2002
19093,r4i1p1f1,2002,04,11,0.0,8.006077,-5.0654845,2002
19094,r4i1p1f1,2002,04,12,0.0,10.845436,-3.9315643,2002
19095,r4i1p1f1,2002,04,13,0.0,9.806594,-1.2660865,2002
19096,r4i1p1f1,2002,04,14,6.003039770617284,5.158804,-3.4610558,2002
19097,r4i1p1f1,2002,04,15,0.00041824480489989935,7.944112,-5.561781,2002
19098,r4i1p1f1,2002,04,16,0.0,10.188053,-4.0711093,2002
19099,r4i1p1f1,2002,04,17,1.1930687694968491,5.440751,-4.291705,2002
19100,r4i1p1f1,2002,04,18,0.19700760084112323,1.641167,-4.774598,2002
19101,r4i1p1f1,2002,04,19,0.14422384420822915,7.81961,-6.2435536,2002
19102,r4i1p1f1,2002,04,20,0.0,11.418483,-3.3660874,2002
19103,r4i1p1f1,2002,04,21,0.0,11.457039,-3.4487474,2002
19104,r4i1p1f1,2002,04,22,0.0,11.325266,-2.4235103,2002
19105,r4i1p1f1,2002,04,23,0.0,14.730189,-0.43330327,2002
19106,r4i1p1f1,2002,04,24,0.0,16.530691,1.9403404,2002
19107,r4i1p1f1,2002,04,25,0.0,16.000698,6.792828,2002
19108,r4i1p1f1,2002,04,26,1.2674913182856298,9.382764,-3.9273736,2002
19109,r4i1p1f1,2002,04,27,2.886310152081842,0.95392615,-8.363031,2002
19110,r4i1p1f1,2002,04,28,0.0,6.686653,-7.0562215,2002
19111,r4i1p1f1,2002,04,29,0.0320925221781613,8.646821,-2.698552,2002
19112,r4i1p1f1,2002,04,30,0.0,11.314128,-1.913755,2002
19113,r4i1p1f1,2002,05,01,0.0,12.383229,-0.92325056,2002
19114,r4i1p1f1,2002,05,02,0.0,13.783352,-1.1070157,2002
19115,r4i1p1f1,2002,05,03,0.04393899554125459,11.674303,0.9371058,2002
19116,r4i1p1f1,2002,05,04,24.219734298604713,4.2774315,-3.5671475,2002
19117,r4i1p1f1,2002,05,05,3.035067560753247,2.2048516,-8.455797,2002
19118,r4i1p1f1,2002,05,06,0.9254268372280743,2.2803159,-6.1102157,2002
19119,r4i1p1f1,2002,05,07,11.494068339529536,-0.07589846,-11.57064,2002
19120,r4i1p1f1,2002,05,08,0.0,7.6103683,-6.2072954,2002
19121,r4i1p1f1,2002,05,09,0.0,11.408961,-2.10552,2002
19122,r4i1p1f1,2002,05,10,0.0,13.705901,-0.5615888,2002
19123,r4i1p1f1,2002,05,11,0.0,11.899872,-0.59665877,2002
19124,r4i1p1f1,2002,05,12,4.47905637338079,6.3002973,-0.8935933,2002
19125,r4i1p1f1,2002,05,13,6.742849961034869,2.407344,-6.646484,2002
19126,r4i1p1f1,2002,05,14,0.00991445475645633,7.6155667,-4.349064,2002
19127,r4i1p1f1,2002,05,15,0.0,11.353235,-1.0158144,2002
19128,r4i1p1f1,2002,05,16,0.0,15.326302,-0.24547836,2002
19129,r4i1p1f1,2002,05,17,0.0,17.665373,2.5010643,2002
19130,r4i1p1f1,2002,05,18,0.0,18.790712,3.3648605,2002
19131,r4i1p1f1,2002,05,19,0.0,16.847115,2.994449,2002
19132,r4i1p1f1,2002,05,20,0.0,13.534054,1.7961328,2002
19133,r4i1p1f1,2002,05,21,0.0,12.261249,-0.13804938,2002
19134,r4i1p1f1,2002,05,22,0.0,18.69341,1.6513921,2002
19135,r4i1p1f1,2002,05,23,0.0,20.24741,5.0458817,2002
19136,r4i1p1f1,2002,05,24,0.4168369874004717,20.747883,6.255941,2002
19137,r4i1p1f1,2002,05,25,0.0,22.872519,7.115724,2002
19138,r4i1p1f1,2002,05,26,2.1111364048253534,23.349974,8.309207,2002
19139,r4i1p1f1,2002,05,27,0.0,23.404608,8.530328,2002
19140,r4i1p1f1,2002,05,28,0.15397780059351654,20.014854,7.625496,2002
19141,r4i1p1f1,2002,05,29,1.3461194838795176,13.920841,1.5642924,2002
19142,r4i1p1f1,2002,05,30,0.05890212279356746,14.282659,3.898084,2002
19143,r4i1p1f1,2002,05,31,0.0,15.142866,1.9495406,2002
19144,r4i1p1f1,2002,06,01,0.0,15.367571,1.1863906,2002
19145,r4i1p1f1,2002,06,02,0.0,16.397161,0.88196015,2002
19146,r4i1p1f1,2002,06,03,0.0,15.520934,2.36582,2002
19147,r4i1p1f1,2002,06,04,0.12715002027370786,10.440449,1.7550778,2002
19148,r4i1p1f1,2002,06,05,0.0,13.400022,1.4330251,2002
19149,r4i1p1f1,2002,06,06,0.0,14.123491,0.8903372,2002
19150,r4i1p1f1,2002,06,07,0.0,13.557333,-2.4328544,2002
19151,r4i1p1f1,2002,06,08,0.0,14.208192,-0.98632926,2002
19152,r4i1p1f1,2002,06,09,0.0,14.918212,-0.09380738,2002
19153,r4i1p1f1,2002,06,10,0.03477764980682083,15.635851,0.69708127,2002
19154,r4i1p1f1,2002,06,11,0.017173654859152315,15.08141,1.3233293,2002
19155,r4i1p1f1,2002,06,12,0.0,15.661853,0.3092264,2002
19156,r4i1p1f1,2002,06,13,0.0,18.384176,3.2058494,2002
19157,r4i1p1f1,2002,06,14,0.0,22.223085,6.2598734,2002
19158,r4i1p1f1,2002,06,15,0.0,24.674278,9.042005,2002
19159,r4i1p1f1,2002,06,16,0.07584506221225157,26.47835,10.908562,2002
19160,r4i1p1f1,2002,06,17,0.31334998038718825,27.360785,10.859802,2002
19161,r4i1p1f1,2002,06,18,0.24721594127021493,24.23973,10.439477,2002
19162,r4i1p1f1,2002,06,19,0.028576816177058584,23.548645,8.805536,2002
19163,r4i1p1f1,2002,06,20,0.029764156236800017,22.35986,7.9828196,2002
19164,r4i1p1f1,2002,06,21,0.0,21.033884,6.4396095,2002
19165,r4i1p1f1,2002,06,22,0.0,17.679142,4.5942345,2002
19166,r4i1p1f1,2002,06,23,0.0,14.203367,1.0027957,2002
19167,r4i1p1f1,2002,06,24,0.0,17.007378,1.6593027,2002
19168,r4i1p1f1,2002,06,25,0.0,21.185322,4.895706,2002
19169,r4i1p1f1,2002,06,26,0.0,22.028776,6.7868958,2002
19170,r4i1p1f1,2002,06,27,0.0,22.629223,5.493927,2002
19171,r4i1p1f1,2002,06,28,0.0,21.416277,7.5417666,2002
19172,r4i1p1f1,2002,06,29,0.0,17.447794,2.9661324,2002
19173,r4i1p1f1,2002,06,30,0.0,17.541325,3.0094755,2002
19174,r4i1p1f1,2002,07,01,0.0,21.437979,5.042647,2002
19175,r4i1p1f1,2002,07,02,0.0,26.118387,9.089535,2002
19176,r4i1p1f1,2002,07,03,0.0,29.058027,11.363245,2002
19177,r4i1p1f1,2002,07,04,0.0,29.578037,12.412758,2002
19178,r4i1p1f1,2002,07,05,0.0,28.694494,13.491655,2002
19179,r4i1p1f1,2002,07,06,0.0,25.740944,10.653194,2002
19180,r4i1p1f1,2002,07,07,0.0,19.793058,5.2494726,2002
19181,r4i1p1f1,2002,07,08,0.0,16.184023,2.8643718,2002
19182,r4i1p1f1,2002,07,09,0.0,19.489235,2.9140468,2002
19183,r4i1p1f1,2002,07,10,0.0,24.786203,7.913529,2002
19184,r4i1p1f1,2002,07,11,0.0,26.53192,9.796452,2002
19185,r4i1p1f1,2002,07,12,0.0,25.681324,10.044003,2002
19186,r4i1p1f1,2002,07,13,0.0,24.824469,9.360333,2002
19187,r4i1p1f1,2002,07,14,0.0,26.032162,9.407546,2002
19188,r4i1p1f1,2002,07,15,0.0,26.294266,9.572707,2002
19189,r4i1p1f1,2002,07,16,0.0,26.19831,9.2865305,2002
19190,r4i1p1f1,2002,07,17,0.0,25.065195,9.333852,2002
19191,r4i1p1f1,2002,07,18,0.0,27.014511,9.856352,2002
19192,r4i1p1f1,2002,07,19,0.0,30.010508,13.035203,2002
19193,r4i1p1f1,2002,07,20,0.0,31.149223,14.235421,2002
19194,r4i1p1f1,2002,07,21,0.0,30.828283,14.95288,2002
19195,r4i1p1f1,2002,07,22,0.07075785205872547,30.55437,14.022455,2002
19196,r4i1p1f1,2002,07,23,0.0,29.051308,13.476354,2002
19197,r4i1p1f1,2002,07,24,0.0,28.999119,13.921946,2002
19198,r4i1p1f1,2002,07,25,0.7289007433230659,28.825546,12.943674,2002
19199,r4i1p1f1,2002,07,26,1.8287458395264684,28.687,12.785357,2002
19200,r4i1p1f1,2002,07,27,2.7057232129705198,27.665615,14.027959,2002
19201,r4i1p1f1,2002,07,28,1.84760094270383,27.695051,11.47422,2002
19202,r4i1p1f1,2002,07,29,0.19895339200833637,25.705662,12.4032755,2002
19203,r4i1p1f1,2002,07,30,0.9215944247802021,24.8927,9.99737,2002
19204,r4i1p1f1,2002,07,31,0.577181952140806,25.147284,9.93481,2002
19205,r4i1p1f1,2002,08,01,0.0,26.560062,10.035449,2002
19206,r4i1p1f1,2002,08,02,0.0,27.97373,10.357967,2002
19207,r4i1p1f1,2002,08,03,0.0,27.304684,11.9234085,2002
19208,r4i1p1f1,2002,08,04,0.0,25.819641,10.852636,2002
19209,r4i1p1f1,2002,08,05,0.0,23.485197,9.86119,2002
19210,r4i1p1f1,2002,08,06,0.0,20.427149,5.599757,2002
19211,r4i1p1f1,2002,08,07,0.0,21.891096,5.6995516,2002
19212,r4i1p1f1,2002,08,08,0.0,25.528023,8.424008,2002
19213,r4i1p1f1,2002,08,09,0.0,26.644281,10.307475,2002
19214,r4i1p1f1,2002,08,10,0.0,25.744383,10.318444,2002
19215,r4i1p1f1,2002,08,11,0.0,26.573538,9.536446,2002
19216,r4i1p1f1,2002,08,12,0.0,28.439396,11.584437,2002
19217,r4i1p1f1,2002,08,13,0.012654355372622508,29.282755,12.8089695,2002
19218,r4i1p1f1,2002,08,14,0.0,27.784346,13.3155155,2002
19219,r4i1p1f1,2002,08,15,0.0,26.814379,11.737499,2002
19220,r4i1p1f1,2002,08,16,0.0,26.608952,8.7873745,2002
19221,r4i1p1f1,2002,08,17,0.0,26.8653,12.073782,2002
19222,r4i1p1f1,2002,08,18,0.0,27.24937,11.243119,2002
19223,r4i1p1f1,2002,08,19,0.0,26.81578,11.468592,2002
19224,r4i1p1f1,2002,08,20,0.0,25.20876,9.683683,2002
19225,r4i1p1f1,2002,08,21,0.0,21.432451,6.374455,2002
19226,r4i1p1f1,2002,08,22,0.0,21.65084,5.119991,2002
19227,r4i1p1f1,2002,08,23,0.0,23.638466,6.666389,2002
19228,r4i1p1f1,2002,08,24,0.0,25.767748,8.844495,2002
19229,r4i1p1f1,2002,08,25,0.6528300501473883,25.976677,9.538482,2002
19230,r4i1p1f1,2002,08,26,0.0,23.822365,9.441272,2002
19231,r4i1p1f1,2002,08,27,0.0,23.356167,8.567689,2002
19232,r4i1p1f1,2002,08,28,0.0,23.85852,7.5460663,2002
19233,r4i1p1f1,2002,08,29,0.0,24.109589,7.7733717,2002
19234,r4i1p1f1,2002,08,30,0.0,23.63172,9.061205,2002
19235,r4i1p1f1,2002,08,31,0.0,24.103813,8.774692,2002
19236,r4i1p1f1,2002,09,01,0.0,24.280443,8.495887,2002
19237,r4i1p1f1,2002,09,02,0.0,23.253624,8.257327,2002
19238,r4i1p1f1,2002,09,03,0.0,21.219883,6.6590824,2002
19239,r4i1p1f1,2002,09,04,0.0,22.167831,5.889198,2002
19240,r4i1p1f1,2002,09,05,0.0,23.989695,7.489048,2002
19241,r4i1p1f1,2002,09,06,0.0,25.476467,8.377103,2002
19242,r4i1p1f1,2002,09,07,0.28981900014674894,24.62239,12.001064,2002
19243,r4i1p1f1,2002,09,08,1.8093131184319826,24.04662,9.870968,2002
19244,r4i1p1f1,2002,09,09,11.268668488401296,20.78861,8.986333,2002
19245,r4i1p1f1,2002,09,10,0.8447879591927235,18.001518,7.494398,2002
19246,r4i1p1f1,2002,09,11,0.0,15.925566,2.199071,2002
19247,r4i1p1f1,2002,09,12,0.0,15.47151,2.17566,2002
19248,r4i1p1f1,2002,09,13,0.0,17.612225,1.0410385,2002
19249,r4i1p1f1,2002,09,14,0.0,22.174925,4.892622,2002
19250,r4i1p1f1,2002,09,15,0.0,21.867523,7.0178313,2002
19251,r4i1p1f1,2002,09,16,0.0,20.217354,4.822419,2002
19252,r4i1p1f1,2002,09,17,0.0,18.200567,3.0987515,2002
19253,r4i1p1f1,2002,09,18,0.0,15.8110485,1.596805,2002
19254,r4i1p1f1,2002,09,19,0.0,18.495153,2.40237,2002
19255,r4i1p1f1,2002,09,20,0.0,18.78011,4.2258434,2002
19256,r4i1p1f1,2002,09,21,0.0,19.468105,4.44249,2002
19257,r4i1p1f1,2002,09,22,0.0,21.099497,4.538253,2002
19258,r4i1p1f1,2002,09,23,0.0,22.310997,5.7475004,2002
19259,r4i1p1f1,2002,09,24,0.0,21.84657,6.9461007,2002
19260,r4i1p1f1,2002,09,25,0.0,22.182674,6.635743,2002
19261,r4i1p1f1,2002,09,26,0.0,20.940226,6.1153083,2002
19262,r4i1p1f1,2002,09,27,0.0,20.580276,6.184003,2002
19263,r4i1p1f1,2002,09,28,0.0,22.201149,4.8539653,2002
19264,r4i1p1f1,2002,09,29,0.0,22.720852,7.3847623,2002
19265,r4i1p1f1,2002,09,30,0.0,20.02646,6.0150266,2002
19266,r4i1p1f1,2002,10,01,0.0,12.190542,-2.526348,2002
19267,r4i1p1f1,2002,10,02,0.0,13.848693,-1.1836258,2002
19268,r4i1p1f1,2002,10,03,0.0,16.452042,0.68637174,2002
19269,r4i1p1f1,2002,10,04,0.0,18.363043,1.848322,2002
19270,r4i1p1f1,2002,10,05,0.0,19.79875,3.010313,2002
19271,r4i1p1f1,2002,10,06,0.0,19.111397,3.2579417,2002
19272,r4i1p1f1,2002,10,07,0.0,17.687544,2.8742223,2002
19273,r4i1p1f1,2002,10,08,0.0,16.171255,1.1214576,2002
19274,r4i1p1f1,2002,10,09,0.0,15.243555,1.293558,2002
19275,r4i1p1f1,2002,10,10,0.0,18.35213,2.5644536,2002
19276,r4i1p1f1,2002,10,11,0.0,21.625065,5.1505265,2002
19277,r4i1p1f1,2002,10,12,0.0,23.290066,6.7252836,2002
19278,r4i1p1f1,2002,10,13,0.0,23.095974,6.371586,2002
19279,r4i1p1f1,2002,10,14,0.0,22.436966,6.9352674,2002
19280,r4i1p1f1,2002,10,15,0.0,21.293316,7.064601,2002
19281,r4i1p1f1,2002,10,16,0.0,20.942888,4.7811127,2002
19282,r4i1p1f1,2002,10,17,0.0,18.600897,5.560658,2002
19283,r4i1p1f1,2002,10,18,0.0,18.475533,4.053107,2002
19284,r4i1p1f1,2002,10,19,0.0,23.228653,5.5948706,2002
19285,r4i1p1f1,2002,10,20,0.0,22.321287,8.113934,2002
19286,r4i1p1f1,2002,10,21,0.0,20.69936,7.0286894,2002
19287,r4i1p1f1,2002,10,22,0.0,21.376066,5.2223773,2002
19288,r4i1p1f1,2002,10,23,0.0,20.24155,6.85716,2002
19289,r4i1p1f1,2002,10,24,0.0,18.34911,6.340666,2002
19290,r4i1p1f1,2002,10,25,0.0,16.749468,0.80056816,2002
19291,r4i1p1f1,2002,10,26,0.0,17.023712,0.7586474,2002
19292,r4i1p1f1,2002,10,27,0.0,16.759129,1.8511643,2002
19293,r4i1p1f1,2002,10,28,0.0,15.868796,2.960288,2002
19294,r4i1p1f1,2002,10,29,0.0,15.929175,1.2989872,2002
19295,r4i1p1f1,2002,10,30,0.0,15.798412,0.41205972,2002
19296,r4i1p1f1,2002,10,31,0.0,14.174963,1.0703567,2002
19297,r4i1p1f1,2002,11,01,0.0,14.3552065,-0.61783785,2002
19298,r4i1p1f1,2002,11,02,0.0,16.199945,1.1304926,2002
19299,r4i1p1f1,2002,11,03,0.0,17.344938,2.4565268,2002
19300,r4i1p1f1,2002,11,04,0.0,17.201693,3.2821875,2002
19301,r4i1p1f1,2002,11,05,0.1531121896333467,19.115067,7.2662706,2002
19302,r4i1p1f1,2002,11,06,0.0851228560136138,15.078061,2.1267703,2002
19303,r4i1p1f1,2002,11,07,0.4469675537727787,11.313636,0.87949854,2002
19304,r4i1p1f1,2002,11,08,0.0,10.697273,-2.55237,2002
19305,r4i1p1f1,2002,11,09,0.0,14.164378,-1.0741918,2002
19306,r4i1p1f1,2002,11,10,0.0,14.689305,-0.12811597,2002
19307,r4i1p1f1,2002,11,11,0.0,13.060911,1.0344943,2002
19308,r4i1p1f1,2002,11,12,0.0,11.4043455,-0.9885734,2002
19309,r4i1p1f1,2002,11,13,0.36450087835425427,11.352146,0.5665911,2002
19310,r4i1p1f1,2002,11,14,0.6000645411322241,8.221845,-3.6931925,2002
19311,r4i1p1f1,2002,11,15,0.0,12.334422,-3.6753082,2002
19312,r4i1p1f1,2002,11,16,0.0,14.182487,-0.74672616,2002
19313,r4i1p1f1,2002,11,17,0.0,12.278892,-1.2022517,2002
19314,r4i1p1f1,2002,11,18,0.0,10.851073,-2.6517355,2002
19315,r4i1p1f1,2002,11,19,0.0,12.273416,-2.0060868,2002
19316,r4i1p1f1,2002,11,20,0.0,15.332974,1.0140294,2002
19317,r4i1p1f1,2002,11,21,0.0,15.346623,1.0899127,2002
19318,r4i1p1f1,2002,11,22,0.0,15.882374,-0.62142414,2002
19319,r4i1p1f1,2002,11,23,0.0,14.16819,2.2261572,2002
19320,r4i1p1f1,2002,11,24,0.0,10.313736,-1.9404026,2002
19321,r4i1p1f1,2002,11,25,0.6482266198708208,6.3058143,-5.856181,2002
19322,r4i1p1f1,2002,11,26,0.0,0.61117595,-11.114253,2002
19323,r4i1p1f1,2002,11,27,0.0,-1.4625603,-11.981049,2002
19324,r4i1p1f1,2002,11,28,0.0,1.718975,-11.752986,2002
19325,r4i1p1f1,2002,11,29,0.0,7.5504546,-6.8425827,2002
19326,r4i1p1f1,2002,11,30,0.0,11.193986,-3.775774,2002
19327,r4i1p1f1,2002,12,01,0.0,8.836661,-3.0813928,2002
19328,r4i1p1f1,2002,12,02,1.2744633821065736,1.5700504,-5.621773,2002
19329,r4i1p1f1,2002,12,03,0.5620301689984086,3.2293823,-6.984601,2002
19330,r4i1p1f1,2002,12,04,0.0,9.170772,-4.275857,2002
19331,r4i1p1f1,2002,12,05,0.0,12.178671,-1.120477,2002
19332,r4i1p1f1,2002,12,06,42.72428551505476,8.79762,-2.486181,2002
19333,r4i1p1f1,2002,12,07,105.17486132917361,5.2781253,-0.50801873,2002
19334,r4i1p1f1,2002,12,08,24.46910302693075,5.156541,-5.6964726,2002
19335,r4i1p1f1,2002,12,09,16.222455130697217,-0.41662955,-8.934758,2002
19336,r4i1p1f1,2002,12,10,33.09304379284955,-1.7852373,-10.210394,2002
19337,r4i1p1f1,2002,12,11,2.3375121322678094,-4.863114,-14.329106,2002
19338,r4i1p1f1,2002,12,12,15.584081065118296,-6.56097,-13.739782,2002
19339,r4i1p1f1,2002,12,13,0.0,-3.1669908,-19.188438,2002
19340,r4i1p1f1,2002,12,14,0.0,0.19599922,-14.464542,2002
19341,r4i1p1f1,2002,12,15,0.0,1.7394862,-13.108804,2002
19342,r4i1p1f1,2002,12,16,0.0,1.9223188,-11.0114765,2002
19343,r4i1p1f1,2002,12,17,0.0,0.292661,-11.854689,2002
19344,r4i1p1f1,2002,12,18,2.314904169372098,0.21162538,-7.3069677,2002
19345,r4i1p1f1,2002,12,19,0.12177808371707544,3.2903388,-5.4025126,2002
19346,r4i1p1f1,2002,12,20,0.0,2.9932668,-11.841338,2002
19347,r4i1p1f1,2002,12,21,0.0,2.4590554,-8.85313,2002
19348,r4i1p1f1,2002,12,22,0.0,1.59291,-9.377265,2002
19349,r4i1p1f1,2002,12,23,0.0,3.8928592,-9.82288,2002
19350,r4i1p1f1,2002,12,24,0.15379633582700192,-1.1691973,-10.882208,2002
19351,r4i1p1f1,2002,12,25,0.0,-0.04918122,-10.450274,2002
19352,r4i1p1f1,2002,12,26,0.0,4.662764,-7.399704,2002
19353,r4i1p1f1,2002,12,27,0.0,6.304472,-6.6133366,2002
19354,r4i1p1f1,2002,12,28,0.0,6.390877,-5.046863,2002
19355,r4i1p1f1,2002,12,29,0.0,7.1857047,-5.2709436,2002
19356,r4i1p1f1,2002,12,30,0.0,6.659257,-6.124787,2002
19357,r4i1p1f1,2002,12,31,5.683353265972094,1.8953289,-6.982688,2002
19358,r4i1p1f1,2003,01,01,0.1272074072576329,5.545301,-5.9489684,2003
19359,r4i1p1f1,2003,01,02,0.0,6.8615284,-6.003972,2003
19360,r4i1p1f1,2003,01,03,0.0,7.0032506,-2.9620621,2003
19361,r4i1p1f1,2003,01,04,0.6226932196150959,6.0165343,-4.3637824,2003
19362,r4i1p1f1,2003,01,05,0.0,9.393235,-2.8317297,2003
19363,r4i1p1f1,2003,01,06,0.8959022111194082,7.1256866,-1.7206272,2003
19364,r4i1p1f1,2003,01,07,0.0,8.233419,-3.4065545,2003
19365,r4i1p1f1,2003,01,08,0.0,12.546933,-1.4385741,2003
19366,r4i1p1f1,2003,01,09,0.0,13.232915,-0.5679984,2003
19367,r4i1p1f1,2003,01,10,0.0,11.811391,0.12800564,2003
19368,r4i1p1f1,2003,01,11,0.0,12.877308,0.9064173,2003
19369,r4i1p1f1,2003,01,12,0.0,13.5904045,-0.49602368,2003
19370,r4i1p1f1,2003,01,13,0.0,14.510796,0.9859559,2003
19371,r4i1p1f1,2003,01,14,0.0,12.895036,2.402298,2003
19372,r4i1p1f1,2003,01,15,1.0727576169083641,9.46947,-2.2234547,2003
19373,r4i1p1f1,2003,01,16,5.156231269173414,3.7395356,-1.8234777,2003
19374,r4i1p1f1,2003,01,17,14.218977374225913,-1.2888982,-10.384685,2003
19375,r4i1p1f1,2003,01,18,0.0,-1.9587933,-14.963646,2003
19376,r4i1p1f1,2003,01,19,0.0,-1.8706979,-15.673447,2003
19377,r4i1p1f1,2003,01,20,0.0,8.06112,-9.61133,2003
19378,r4i1p1f1,2003,01,21,0.0,11.755175,-1.3533843,2003
19379,r4i1p1f1,2003,01,22,0.0,10.557345,-2.126543,2003
19380,r4i1p1f1,2003,01,23,0.0,9.88198,-2.765672,2003
19381,r4i1p1f1,2003,01,24,0.0,11.664347,-4.0629544,2003
19382,r4i1p1f1,2003,01,25,0.0,13.4429455,-0.89437115,2003
19383,r4i1p1f1,2003,01,26,0.0,15.665695,-0.45630172,2003
19384,r4i1p1f1,2003,01,27,0.0,16.159231,2.3971074,2003
19385,r4i1p1f1,2003,01,28,0.0,16.703642,2.0152206,2003
19386,r4i1p1f1,2003,01,29,0.0,15.073352,0.77047807,2003
19387,r4i1p1f1,2003,01,30,0.0,12.021603,0.021710772,2003
19388,r4i1p1f1,2003,01,31,0.0,7.881785,-5.7480407,2003
19389,r4i1p1f1,2003,02,01,0.0,10.013326,-4.8761992,2003
19390,r4i1p1f1,2003,02,02,0.0,11.239314,-1.7953229,2003
19391,r4i1p1f1,2003,02,03,0.0,10.831298,-1.9270616,2003
19392,r4i1p1f1,2003,02,04,10.84478300181876,6.4512653,-3.3684952,2003
19393,r4i1p1f1,2003,02,05,56.96564089744963,3.2930229,-3.7243657,2003
19394,r4i1p1f1,2003,02,06,54.792343803399085,0.16706164,-8.202901,2003
19395,r4i1p1f1,2003,02,07,0.0,-1.0056101,-12.833815,2003
19396,r4i1p1f1,2003,02,08,0.0,4.6945333,-11.292083,2003
19397,r4i1p1f1,2003,02,09,0.0,5.6632905,-7.390769,2003
19398,r4i1p1f1,2003,02,10,5.9396783414950525,1.6487856,-6.923394,2003
19399,r4i1p1f1,2003,02,11,8.335198783498111,2.3624935,-8.499384,2003
19400,r4i1p1f1,2003,02,12,0.0,6.298119,-8.711248,2003
19401,r4i1p1f1,2003,02,13,0.0,9.443587,-4.479274,2003
19402,r4i1p1f1,2003,02,14,0.0,10.265884,-2.8095522,2003
19403,r4i1p1f1,2003,02,15,0.0,12.366708,-1.8350106,2003
19404,r4i1p1f1,2003,02,16,0.0,11.647655,0.41888323,2003
19405,r4i1p1f1,2003,02,17,0.0,12.767118,-4.8502803,2003
19406,r4i1p1f1,2003,02,18,0.0,11.854971,-1.8939373,2003
19407,r4i1p1f1,2003,02,19,0.0,12.496986,-2.1995888,2003
19408,r4i1p1f1,2003,02,20,0.0,11.477409,0.74359,2003
19409,r4i1p1f1,2003,02,21,0.0,10.37507,-5.3771935,2003
19410,r4i1p1f1,2003,02,22,0.0,11.29326,-3.112297,2003
19411,r4i1p1f1,2003,02,23,0.0,11.976549,-0.73797864,2003
19412,r4i1p1f1,2003,02,24,0.7157403066512374,10.354452,0.12431135,2003
19413,r4i1p1f1,2003,02,25,20.985854376445637,7.210426,-5.1343217,2003
19414,r4i1p1f1,2003,02,26,0.6121149268166262,1.095463,-10.176221,2003
19415,r4i1p1f1,2003,02,27,14.021809033183507,1.5883659,-8.79717,2003
19416,r4i1p1f1,2003,02,28,0.0,7.192948,-5.7976885,2003
19417,r4i1p1f1,2003,03,01,0.2950604207773508,10.401065,-5.1927867,2003
19418,r4i1p1f1,2003,03,02,17.019953631229143,5.6237936,-1.5394334,2003
19419,r4i1p1f1,2003,03,03,0.11972036134145181,5.150555,-3.9362762,2003
19420,r4i1p1f1,2003,03,04,0.02994765686975477,3.9300225,-5.3952327,2003
19421,r4i1p1f1,2003,03,05,0.4887963794267945,1.8785628,-6.6266613,2003
19422,r4i1p1f1,2003,03,06,0.01621270256531288,1.7591668,-6.7458143,2003
19423,r4i1p1f1,2003,03,07,0.0,6.8939395,-7.516025,2003
19424,r4i1p1f1,2003,03,08,0.0,10.284694,-4.041423,2003
19425,r4i1p1f1,2003,03,09,0.0,12.667998,-2.403727,2003
19426,r4i1p1f1,2003,03,10,0.0,14.94349,-1.881066,2003
19427,r4i1p1f1,2003,03,11,0.0,16.883709,0.85243136,2003
19428,r4i1p1f1,2003,03,12,0.0,16.200462,0.98913217,2003
19429,r4i1p1f1,2003,03,13,0.0,14.436323,1.7274547,2003
19430,r4i1p1f1,2003,03,14,0.0,8.046794,-6.2602935,2003
19431,r4i1p1f1,2003,03,15,0.4669894956741577,6.157386,-7.407073,2003
19432,r4i1p1f1,2003,03,16,0.027851736314207044,8.618481,-5.512458,2003
19433,r4i1p1f1,2003,03,17,0.0,11.896578,-3.409725,2003
19434,r4i1p1f1,2003,03,18,0.0,12.813915,-2.9794612,2003
19435,r4i1p1f1,2003,03,19,0.15672434677100386,11.691817,-2.0643957,2003
19436,r4i1p1f1,2003,03,20,0.0,10.572384,-1.3672209,2003
19437,r4i1p1f1,2003,03,21,2.7690142258613966,10.094659,-4.6245737,2003
19438,r4i1p1f1,2003,03,22,0.28273042452901914,10.708168,-4.175988,2003
19439,r4i1p1f1,2003,03,23,0.0,10.946144,-4.4854836,2003
19440,r4i1p1f1,2003,03,24,1.7811569958952969,9.054927,-3.6210113,2003
19441,r4i1p1f1,2003,03,25,2.4227650223695067,5.448709,-6.6385055,2003
19442,r4i1p1f1,2003,03,26,30.637729372902946,0.35443383,-10.589376,2003
19443,r4i1p1f1,2003,03,27,0.07373395544999359,5.321042,-6.9631777,2003
19444,r4i1p1f1,2003,03,28,0.0,12.791324,-5.431863,2003
19445,r4i1p1f1,2003,03,29,0.0,16.009739,1.4667623,2003
19446,r4i1p1f1,2003,03,30,8.081659527956555,11.3036785,-2.098252,2003
19447,r4i1p1f1,2003,03,31,6.0293015870891855,2.937416,-7.659027,2003
19448,r4i1p1f1,2003,04,01,0.0,7.228075,-5.709005,2003
19449,r4i1p1f1,2003,04,02,0.0,15.282848,-3.0545337,2003
19450,r4i1p1f1,2003,04,03,0.0,15.184819,0.31263393,2003
19451,r4i1p1f1,2003,04,04,6.4772571867511095,10.224561,-2.6626027,2003
19452,r4i1p1f1,2003,04,05,0.0,13.239768,-2.101225,2003
19453,r4i1p1f1,2003,04,06,0.0,17.815283,0.43208438,2003
19454,r4i1p1f1,2003,04,07,0.0,19.291468,3.2888079,2003
19455,r4i1p1f1,2003,04,08,0.0,18.371517,5.740115,2003
19456,r4i1p1f1,2003,04,09,0.08241296171003161,15.409579,2.0089476,2003
19457,r4i1p1f1,2003,04,10,0.0,16.255684,-0.585727,2003
19458,r4i1p1f1,2003,04,11,0.0,16.310658,0.6163021,2003
19459,r4i1p1f1,2003,04,12,0.0,15.080299,1.7995914,2003
19460,r4i1p1f1,2003,04,13,0.0,13.394085,1.5116038,2003
19461,r4i1p1f1,2003,04,14,0.0,15.338395,0.9907315,2003
19462,r4i1p1f1,2003,04,15,0.0,18.38936,1.9374417,2003
19463,r4i1p1f1,2003,04,16,0.6016749469764194,18.621479,3.4401388,2003
19464,r4i1p1f1,2003,04,17,0.0,15.242109,2.579175,2003
19465,r4i1p1f1,2003,04,18,9.367749854573049,8.9437685,-5.62357,2003
19466,r4i1p1f1,2003,04,19,0.0,8.282979,-6.8008327,2003
19467,r4i1p1f1,2003,04,20,0.8512188800202293,4.086393,-6.361721,2003
19468,r4i1p1f1,2003,04,21,0.0,11.512339,-4.253342,2003
19469,r4i1p1f1,2003,04,22,0.04296327587659576,11.50989,0.17839457,2003
19470,r4i1p1f1,2003,04,23,7.951073671732734,6.6805773,-3.4586895,2003
19471,r4i1p1f1,2003,04,24,0.44053533190281374,10.695359,-2.5943272,2003
19472,r4i1p1f1,2003,04,25,0.0,16.13054,0.37251952,2003
19473,r4i1p1f1,2003,04,26,0.0,16.291153,1.0843749,2003
19474,r4i1p1f1,2003,04,27,1.869782444859849,13.130774,0.7657318,2003
19475,r4i1p1f1,2003,04,28,0.326072679767983,15.346421,-0.031447604,2003
19476,r4i1p1f1,2003,04,29,0.3675516027140977,17.163229,1.7283518,2003
19477,r4i1p1f1,2003,04,30,0.0,17.264212,3.1657965,2003
19478,r4i1p1f1,2003,05,01,1.15918001381004,12.847296,0.6603915,2003
19479,r4i1p1f1,2003,05,02,1.0066807803581863,10.370167,-1.7803013,2003
19480,r4i1p1f1,2003,05,03,2.9912368841469616,9.025774,-3.177891,2003
19481,r4i1p1f1,2003,05,04,0.22279569756437717,12.0503845,-1.646679,2003
19482,r4i1p1f1,2003,05,05,0.0,12.437137,-0.7846269,2003
19483,r4i1p1f1,2003,05,06,19.708971806055956,7.8626156,-3.7041266,2003
19484,r4i1p1f1,2003,05,07,0.015631773517908513,9.637096,-3.26435,2003
19485,r4i1p1f1,2003,05,08,0.0,15.402596,-0.92394716,2003
19486,r4i1p1f1,2003,05,09,0.0,15.940055,2.336375,2003
19487,r4i1p1f1,2003,05,10,0.0,14.689267,1.0738633,2003
19488,r4i1p1f1,2003,05,11,0.3826196602352355,11.852336,0.060193025,2003
19489,r4i1p1f1,2003,05,12,0.8480613173070686,6.3352876,-5.933079,2003
19490,r4i1p1f1,2003,05,13,0.0005880442601636173,9.716442,-3.1862555,2003
19491,r4i1p1f1,2003,05,14,0.0,14.344243,-1.2112617,2003
19492,r4i1p1f1,2003,05,15,0.0,14.316946,1.6672201,2003
19493,r4i1p1f1,2003,05,16,1.928943454302136,14.584689,1.1581278,2003
19494,r4i1p1f1,2003,05,17,10.997699799253294,9.99304,-1.8503296,2003
19495,r4i1p1f1,2003,05,18,12.927189834081878,5.885181,-3.4834354,2003
19496,r4i1p1f1,2003,05,19,1.3088518217893694,11.267648,-0.9391614,2003
19497,r4i1p1f1,2003,05,20,0.005244121363184234,16.392874,2.7563899,2003
19498,r4i1p1f1,2003,05,21,0.0,19.360628,4.659367,2003
19499,r4i1p1f1,2003,05,22,0.012304271003237333,20.36049,5.603782,2003
19500,r4i1p1f1,2003,05,23,1.3446970081239427,19.746935,4.773228,2003
19501,r4i1p1f1,2003,05,24,1.3072578607040681,17.770931,4.435778,2003
19502,r4i1p1f1,2003,05,25,0.0,18.425682,5.267669,2003
19503,r4i1p1f1,2003,05,26,0.0,20.140974,5.6118402,2003
19504,r4i1p1f1,2003,05,27,0.0,21.62878,6.7890425,2003
19505,r4i1p1f1,2003,05,28,0.0,23.577808,8.60363,2003
19506,r4i1p1f1,2003,05,29,0.0,24.111616,8.697236,2003
19507,r4i1p1f1,2003,05,30,0.0,24.93505,10.476164,2003
19508,r4i1p1f1,2003,05,31,0.0,23.734781,10.018178,2003
19509,r4i1p1f1,2003,06,01,0.0,22.490248,7.9479294,2003
19510,r4i1p1f1,2003,06,02,0.0,19.682795,6.280079,2003
19511,r4i1p1f1,2003,06,03,0.0,16.64642,2.7376785,2003
19512,r4i1p1f1,2003,06,04,0.0,14.79147,1.2228776,2003
19513,r4i1p1f1,2003,06,05,0.01987248582390666,12.865281,3.2424228,2003
19514,r4i1p1f1,2003,06,06,0.0,15.016794,1.2921816,2003
19515,r4i1p1f1,2003,06,07,11.29966266362399,11.519157,-2.135904,2003
19516,r4i1p1f1,2003,06,08,1.4212385867557717,6.0964775,-3.7676284,2003
19517,r4i1p1f1,2003,06,09,0.4929515045396699,10.228243,-5.3791547,2003
19518,r4i1p1f1,2003,06,10,0.5192750633876344,9.460457,-0.7141247,2003
19519,r4i1p1f1,2003,06,11,0.8018344028333225,12.467474,0.2046089,2003
19520,r4i1p1f1,2003,06,12,0.0,17.32341,2.5178704,2003
19521,r4i1p1f1,2003,06,13,0.0,20.308064,4.392715,2003
19522,r4i1p1f1,2003,06,14,0.0,20.634315,7.582308,2003
19523,r4i1p1f1,2003,06,15,0.0,20.421137,7.757429,2003
19524,r4i1p1f1,2003,06,16,0.0,21.91477,7.2673616,2003
19525,r4i1p1f1,2003,06,17,0.0,21.866188,7.8717175,2003
19526,r4i1p1f1,2003,06,18,0.0,23.631624,6.540499,2003
19527,r4i1p1f1,2003,06,19,0.0,26.597094,9.208551,2003
19528,r4i1p1f1,2003,06,20,0.0,28.99975,11.580642,2003
19529,r4i1p1f1,2003,06,21,0.0,28.187344,13.60681,2003
19530,r4i1p1f1,2003,06,22,1.3672643366046682,21.829826,8.041857,2003
19531,r4i1p1f1,2003,06,23,1.9331242348078261,10.903165,0.62044865,2003
19532,r4i1p1f1,2003,06,24,0.0,17.534597,1.2368639,2003
19533,r4i1p1f1,2003,06,25,0.0,22.12822,5.587311,2003
19534,r4i1p1f1,2003,06,26,0.0,22.896584,7.574959,2003
19535,r4i1p1f1,2003,06,27,0.0,21.948687,7.9897447,2003
19536,r4i1p1f1,2003,06,28,0.0,20.46418,5.9574156,2003
19537,r4i1p1f1,2003,06,29,0.0,19.261984,6.260813,2003
19538,r4i1p1f1,2003,06,30,0.0,17.340284,2.984776,2003
19539,r4i1p1f1,2003,07,01,0.0,20.490711,3.9008164,2003
19540,r4i1p1f1,2003,07,02,0.0,26.38529,8.636255,2003
19541,r4i1p1f1,2003,07,03,0.0,30.059595,11.9850235,2003
19542,r4i1p1f1,2003,07,04,0.0,30.97797,14.112886,2003
19543,r4i1p1f1,2003,07,05,0.060455252946358666,30.009748,14.312819,2003
19544,r4i1p1f1,2003,07,06,1.64876762563634,25.864424,11.861253,2003
19545,r4i1p1f1,2003,07,07,0.3703260343238433,22.954239,9.48203,2003
19546,r4i1p1f1,2003,07,08,0.0,22.581432,8.396491,2003
19547,r4i1p1f1,2003,07,09,0.0,25.136635,9.833236,2003
19548,r4i1p1f1,2003,07,10,0.0,27.297043,11.835737,2003
19549,r4i1p1f1,2003,07,11,0.30852594771130093,26.570938,12.886701,2003
19550,r4i1p1f1,2003,07,12,0.0,27.056421,10.820655,2003
19551,r4i1p1f1,2003,07,13,0.0,26.991167,12.302268,2003
19552,r4i1p1f1,2003,07,14,0.0,26.112642,11.48482,2003
19553,r4i1p1f1,2003,07,15,0.0,25.683771,10.2402115,2003
19554,r4i1p1f1,2003,07,16,0.0,25.03078,9.421124,2003
19555,r4i1p1f1,2003,07,17,0.0,24.487993,8.351999,2003
19556,r4i1p1f1,2003,07,18,0.0,23.442171,8.651227,2003
19557,r4i1p1f1,2003,07,19,0.0,20.512613,6.3237395,2003
19558,r4i1p1f1,2003,07,20,0.0,19.733257,4.8304205,2003
19559,r4i1p1f1,2003,07,21,0.0,21.770506,6.122771,2003
19560,r4i1p1f1,2003,07,22,0.0,23.208485,7.3253827,2003
19561,r4i1p1f1,2003,07,23,0.0,22.793787,10.206612,2003
19562,r4i1p1f1,2003,07,24,0.0,23.530842,8.309357,2003
19563,r4i1p1f1,2003,07,25,0.0,24.318457,8.952028,2003
19564,r4i1p1f1,2003,07,26,0.0,24.76424,9.398716,2003
19565,r4i1p1f1,2003,07,27,0.0,25.651344,9.293627,2003
19566,r4i1p1f1,2003,07,28,0.0,26.056015,9.63383,2003
19567,r4i1p1f1,2003,07,29,0.0,25.857927,10.6353245,2003
19568,r4i1p1f1,2003,07,30,0.0,26.321995,9.594736,2003
19569,r4i1p1f1,2003,07,31,0.02266721245153213,26.029825,11.500053,2003
19570,r4i1p1f1,2003,08,01,4.433611087615358,25.642664,12.009622,2003
19571,r4i1p1f1,2003,08,02,8.77298011203563,22.06932,12.709654,2003
19572,r4i1p1f1,2003,08,03,9.349036798275806,18.070726,9.049405,2003
19573,r4i1p1f1,2003,08,04,0.2172921509793417,17.020239,4.2865286,2003
19574,r4i1p1f1,2003,08,05,0.0,20.20293,3.305205,2003
19575,r4i1p1f1,2003,08,06,0.0,24.586256,6.207688,2003
19576,r4i1p1f1,2003,08,07,0.0,26.426094,9.045325,2003
19577,r4i1p1f1,2003,08,08,0.5563935796715471,27.347603,10.220745,2003
19578,r4i1p1f1,2003,08,09,0.2778961862478515,26.717402,11.309696,2003
19579,r4i1p1f1,2003,08,10,0.004471523705153511,24.602926,11.208908,2003
19580,r4i1p1f1,2003,08,11,0.0,24.463125,8.716652,2003
19581,r4i1p1f1,2003,08,12,0.0,26.147532,8.921744,2003
19582,r4i1p1f1,2003,08,13,0.0,26.530087,10.028251,2003
19583,r4i1p1f1,2003,08,14,0.0,25.148582,9.923414,2003
19584,r4i1p1f1,2003,08,15,0.0,22.812109,8.3885355,2003
19585,r4i1p1f1,2003,08,16,0.0,23.456133,8.228266,2003
19586,r4i1p1f1,2003,08,17,0.0,26.182926,10.603136,2003
19587,r4i1p1f1,2003,08,18,0.3974074098530196,25.653908,10.483336,2003
19588,r4i1p1f1,2003,08,19,0.11042024643386648,23.075897,8.907773,2003
19589,r4i1p1f1,2003,08,20,0.05375839541783415,23.999249,8.700005,2003
19590,r4i1p1f1,2003,08,21,0.052242371053761505,22.34017,10.492457,2003
19591,r4i1p1f1,2003,08,22,0.040210033313906435,21.976847,8.209778,2003
19592,r4i1p1f1,2003,08,23,0.0,21.592651,7.5671268,2003
19593,r4i1p1f1,2003,08,24,0.0,19.985012,4.946592,2003
19594,r4i1p1f1,2003,08,25,0.0,19.235113,4.423759,2003
19595,r4i1p1f1,2003,08,26,0.0,23.209867,6.085787,2003
19596,r4i1p1f1,2003,08,27,0.0,25.526054,8.276455,2003
19597,r4i1p1f1,2003,08,28,0.0,27.639732,9.9110985,2003
19598,r4i1p1f1,2003,08,29,0.0,27.78924,10.633314,2003
19599,r4i1p1f1,2003,08,30,0.0,27.057585,10.552833,2003
19600,r4i1p1f1,2003,08,31,0.0,26.026733,9.985232,2003
19601,r4i1p1f1,2003,09,01,0.0,26.533012,10.606229,2003
19602,r4i1p1f1,2003,09,02,0.3041898474034435,26.638592,11.402399,2003
19603,r4i1p1f1,2003,09,03,0.0,27.04367,10.921248,2003
19604,r4i1p1f1,2003,09,04,0.0,25.966839,11.656497,2003
19605,r4i1p1f1,2003,09,05,1.625809954016836,24.662552,10.834132,2003
19606,r4i1p1f1,2003,09,06,4.062648335090107,24.129839,10.791713,2003
19607,r4i1p1f1,2003,09,07,0.01691622912477622,22.732615,7.508762,2003
19608,r4i1p1f1,2003,09,08,0.005565208819593678,23.031374,6.28978,2003
19609,r4i1p1f1,2003,09,09,0.00761902624555775,23.211445,6.942054,2003
19610,r4i1p1f1,2003,09,10,0.6332595874243958,22.884129,8.357461,2003
19611,r4i1p1f1,2003,09,11,1.4956962136004297,23.864576,8.4138,2003
19612,r4i1p1f1,2003,09,12,2.1732088496484794,25.116701,10.05065,2003
19613,r4i1p1f1,2003,09,13,12.073739512683403,22.480331,10.029469,2003
19614,r4i1p1f1,2003,09,14,12.361899050762792,10.530403,0.8067763,2003
19615,r4i1p1f1,2003,09,15,0.30003696223033477,6.9231586,-3.183712,2003
19616,r4i1p1f1,2003,09,16,0.0,10.738425,-3.1503296,2003
19617,r4i1p1f1,2003,09,17,0.0,14.320401,-2.1861863,2003
19618,r4i1p1f1,2003,09,18,0.0,15.86083,-0.048287854,2003
19619,r4i1p1f1,2003,09,19,0.0,15.491721,2.2163365,2003
19620,r4i1p1f1,2003,09,20,0.0,16.422546,2.504671,2003
19621,r4i1p1f1,2003,09,21,1.4407322814623427,19.589468,6.795335,2003
19622,r4i1p1f1,2003,09,22,0.5097580154838129,17.626417,4.9190555,2003
19623,r4i1p1f1,2003,09,23,1.2692900480479647,22.835556,10.800089,2003
19624,r4i1p1f1,2003,09,24,0.0,23.081026,6.3473816,2003
19625,r4i1p1f1,2003,09,25,0.0,21.431581,7.433009,2003
19626,r4i1p1f1,2003,09,26,0.0,18.183725,4.699094,2003
19627,r4i1p1f1,2003,09,27,0.0,15.60635,0.79537815,2003
19628,r4i1p1f1,2003,09,28,0.0,15.267983,0.8774479,2003
19629,r4i1p1f1,2003,09,29,0.0,17.215252,0.9578629,2003
19630,r4i1p1f1,2003,09,30,0.0,18.754786,3.5786045,2003
19631,r4i1p1f1,2003,10,01,0.0,18.960686,3.8175867,2003
19632,r4i1p1f1,2003,10,02,0.0,21.350376,4.6096826,2003
19633,r4i1p1f1,2003,10,03,0.0,23.897053,7.206178,2003
19634,r4i1p1f1,2003,10,04,0.0,23.524158,9.165959,2003
19635,r4i1p1f1,2003,10,05,0.0,21.611633,9.151581,2003
19636,r4i1p1f1,2003,10,06,0.0,16.382166,-1.0620015,2003
19637,r4i1p1f1,2003,10,07,0.0,15.358413,0.45340925,2003
19638,r4i1p1f1,2003,10,08,0.0,14.897482,-0.90444964,2003
19639,r4i1p1f1,2003,10,09,0.0,16.713219,1.535037,2003
19640,r4i1p1f1,2003,10,10,0.0,18.24553,3.0362787,2003
19641,r4i1p1f1,2003,10,11,0.0,20.59552,4.595201,2003
19642,r4i1p1f1,2003,10,12,0.0,21.865597,7.1978703,2003
19643,r4i1p1f1,2003,10,13,0.0,20.623795,8.026826,2003
19644,r4i1p1f1,2003,10,14,8.706825161680666,15.222062,4.7785335,2003
19645,r4i1p1f1,2003,10,15,0.006214807619134226,7.5021663,-6.167556,2003
19646,r4i1p1f1,2003,10,16,0.08572159608672225,8.346605,-3.6099539,2003
19647,r4i1p1f1,2003,10,17,0.0,12.217035,-2.8680484,2003
19648,r4i1p1f1,2003,10,18,0.0,15.51875,-0.7249783,2003
19649,r4i1p1f1,2003,10,19,0.0,18.307207,2.0612733,2003
19650,r4i1p1f1,2003,10,20,0.0,16.941326,3.7899191,2003
19651,r4i1p1f1,2003,10,21,8.752617790159343,17.981796,6.5403204,2003
19652,r4i1p1f1,2003,10,22,37.64732778251458,11.977846,1.0965235,2003
19653,r4i1p1f1,2003,10,23,0.1330005098700553,11.445745,-3.872282,2003
19654,r4i1p1f1,2003,10,24,0.0,15.647364,0.875925,2003
19655,r4i1p1f1,2003,10,25,0.0,17.440596,2.9030375,2003
19656,r4i1p1f1,2003,10,26,0.0,17.315273,2.6270933,2003
19657,r4i1p1f1,2003,10,27,0.0,17.463747,2.1996903,2003
19658,r4i1p1f1,2003,10,28,0.40711097871614144,16.301308,4.2917633,2003
19659,r4i1p1f1,2003,10,29,0.0,20.665697,4.8769317,2003
19660,r4i1p1f1,2003,10,30,0.0,23.13556,6.3425803,2003
19661,r4i1p1f1,2003,10,31,0.0,22.387514,9.303593,2003
19662,r4i1p1f1,2003,11,01,0.0,18.546616,6.168008,2003
19663,r4i1p1f1,2003,11,02,0.0,13.771596,1.33247,2003
19664,r4i1p1f1,2003,11,03,0.0,16.422478,0.32077062,2003
19665,r4i1p1f1,2003,11,04,0.0,16.592745,4.526654,2003
19666,r4i1p1f1,2003,11,05,0.0,13.235587,1.3647583,2003
19667,r4i1p1f1,2003,11,06,0.0,11.842314,-3.0547047,2003
19668,r4i1p1f1,2003,11,07,0.0,12.882897,-0.15943128,2003
19669,r4i1p1f1,2003,11,08,0.0,10.609402,-1.2031221,2003
19670,r4i1p1f1,2003,11,09,0.0,10.898485,-3.5007396,2003
19671,r4i1p1f1,2003,11,10,0.0,17.66223,1.0053982,2003
19672,r4i1p1f1,2003,11,11,0.0,19.044699,2.6641746,2003
19673,r4i1p1f1,2003,11,12,0.0,15.597602,2.9183304,2003
19674,r4i1p1f1,2003,11,13,0.0,13.74923,1.2965626,2003
19675,r4i1p1f1,2003,11,14,9.428420469925499,13.960182,2.1234133,2003
19676,r4i1p1f1,2003,11,15,7.109249420904547,8.205164,-2.549254,2003
19677,r4i1p1f1,2003,11,16,4.098504323021633,2.7559593,-7.041806,2003
19678,r4i1p1f1,2003,11,17,0.2858135357402461,3.1327834,-7.1116624,2003
19679,r4i1p1f1,2003,11,18,4.412369214746194,2.6262977,-8.881281,2003
19680,r4i1p1f1,2003,11,19,0.7689478274969341,3.524135,-9.509454,2003
19681,r4i1p1f1,2003,11,20,0.0,5.165503,-10.87927,2003
19682,r4i1p1f1,2003,11,21,0.0,8.314689,-5.7614117,2003
19683,r4i1p1f1,2003,11,22,0.0,12.844229,-4.07984,2003
19684,r4i1p1f1,2003,11,23,0.0,13.384652,-2.7991629,2003
19685,r4i1p1f1,2003,11,24,0.0,11.662682,-2.776824,2003
19686,r4i1p1f1,2003,11,25,0.0,10.829695,-2.9381819,2003
19687,r4i1p1f1,2003,11,26,0.0,10.789036,-2.0325058,2003
19688,r4i1p1f1,2003,11,27,0.0,11.3292,-3.2507946,2003
19689,r4i1p1f1,2003,11,28,0.0,10.062812,-2.5282161,2003
19690,r4i1p1f1,2003,11,29,3.7613562900337025,9.138128,-0.009707628,2003
19691,r4i1p1f1,2003,11,30,0.1744545810273585,13.84448,0.7768861,2003
19692,r4i1p1f1,2003,12,01,0.0,13.757329,0.67505765,2003
19693,r4i1p1f1,2003,12,02,0.0,13.07678,0.26479992,2003
19694,r4i1p1f1,2003,12,03,0.0,10.880817,-0.38077626,2003
19695,r4i1p1f1,2003,12,04,0.0,10.57052,-1.0301551,2003
19696,r4i1p1f1,2003,12,05,0.0,10.923516,-1.0351669,2003
19697,r4i1p1f1,2003,12,06,0.0,11.942416,-1.5349764,2003
19698,r4i1p1f1,2003,12,07,0.0,12.5568905,0.08419669,2003
19699,r4i1p1f1,2003,12,08,0.0,12.734821,-1.5867106,2003
19700,r4i1p1f1,2003,12,09,0.0,11.829026,-2.0345042,2003
19701,r4i1p1f1,2003,12,10,0.0032304172463108244,8.567276,-2.5273068,2003
19702,r4i1p1f1,2003,12,11,77.7483512455707,6.2264996,-2.0095274,2003
19703,r4i1p1f1,2003,12,12,83.51738199578995,8.939633,1.9111643,2003
19704,r4i1p1f1,2003,12,13,15.679041547958878,9.261117,-0.9973329,2003
19705,r4i1p1f1,2003,12,14,35.934715854041954,6.118304,-1.3484498,2003
19706,r4i1p1f1,2003,12,15,11.23081953729644,2.936271,-7.404928,2003
19707,r4i1p1f1,2003,12,16,1.348664164380266,4.1884995,-6.5030375,2003
19708,r4i1p1f1,2003,12,17,72.84412768066807,1.2916214,-5.560138,2003
19709,r4i1p1f1,2003,12,18,21.19835023209874,0.11999484,-6.257711,2003
19710,r4i1p1f1,2003,12,19,6.9820899276994695,-1.1004863,-8.58155,2003
19711,r4i1p1f1,2003,12,20,0.0,3.5248454,-9.487089,2003
19712,r4i1p1f1,2003,12,21,0.0,6.2489805,-7.391653,2003
19713,r4i1p1f1,2003,12,22,0.0,7.3407407,-4.36331,2003
19714,r4i1p1f1,2003,12,23,0.0,10.6450205,-2.490289,2003
19715,r4i1p1f1,2003,12,24,0.0,9.104548,-1.5191758,2003
19716,r4i1p1f1,2003,12,25,0.0,9.087325,-0.6285675,2003
19717,r4i1p1f1,2003,12,26,0.0,10.929666,-1.544952,2003
19718,r4i1p1f1,2003,12,27,0.0,7.5267377,-0.88923,2003
19719,r4i1p1f1,2003,12,28,0.0,7.18484,-4.377101,2003
19720,r4i1p1f1,2003,12,29,0.0,5.562713,-5.226757,2003
19721,r4i1p1f1,2003,12,30,32.97330173895572,2.4211807,-3.789621,2003
19722,r4i1p1f1,2003,12,31,0.0,5.115565,-6.8919063,2003
19723,r4i1p1f1,2004,01,01,0.0,5.9213505,-6.6168237,2004
19724,r4i1p1f1,2004,01,02,0.0,10.927029,-2.781366,2004
19725,r4i1p1f1,2004,01,03,0.0,9.170256,-1.8252155,2004
19726,r4i1p1f1,2004,01,04,11.861039835267503,4.989661,-3.9338415,2004
19727,r4i1p1f1,2004,01,05,0.0,7.2390428,-6.1597075,2004
19728,r4i1p1f1,2004,01,06,13.913494465468089,4.523852,-5.199425,2004
19729,r4i1p1f1,2004,01,07,77.1328692287586,5.7360563,-0.7944692,2004
19730,r4i1p1f1,2004,01,08,27.59863146395334,4.6482944,-3.936739,2004
19731,r4i1p1f1,2004,01,09,0.4332124734559724,3.589796,-6.215237,2004
19732,r4i1p1f1,2004,01,10,0.0,4.553909,-7.4070044,2004
19733,r4i1p1f1,2004,01,11,0.0,6.360239,-6.235644,2004
19734,r4i1p1f1,2004,01,12,0.0,9.710881,-3.0251405,2004
19735,r4i1p1f1,2004,01,13,0.0,9.117397,-2.0331092,2004
19736,r4i1p1f1,2004,01,14,1.9266320044906073,4.9958606,-4.194716,2004
19737,r4i1p1f1,2004,01,15,0.0,4.338914,-7.017574,2004
19738,r4i1p1f1,2004,01,16,0.02131198737956004,3.0763962,-5.8809915,2004
19739,r4i1p1f1,2004,01,17,0.0,3.7459946,-7.959413,2004
19740,r4i1p1f1,2004,01,18,0.0,3.4203625,-8.293992,2004
19741,r4i1p1f1,2004,01,19,5.21710349141638,-0.019095166,-7.7732477,2004
19742,r4i1p1f1,2004,01,20,4.922389876956991,-0.19010732,-10.416839,2004
19743,r4i1p1f1,2004,01,21,88.78361936321491,3.3304114,-6.9776464,2004
19744,r4i1p1f1,2004,01,22,57.46032610025712,1.673085,-6.3527174,2004
19745,r4i1p1f1,2004,01,23,22.718565272666698,-0.66661024,-8.08066,2004
19746,r4i1p1f1,2004,01,24,0.0,3.8637273,-9.600433,2004
19747,r4i1p1f1,2004,01,25,0.06079712734781301,2.3845437,-9.685991,2004
19748,r4i1p1f1,2004,01,26,0.0,0.72425103,-8.071966,2004
19749,r4i1p1f1,2004,01,27,0.0,0.9837756,-12.090235,2004
19750,r4i1p1f1,2004,01,28,0.0,4.949506,-8.399341,2004
19751,r4i1p1f1,2004,01,29,0.0,8.527675,-6.1491394,2004
19752,r4i1p1f1,2004,01,30,0.0,8.131907,-2.7440188,2004
19753,r4i1p1f1,2004,01,31,0.9506533095561499,6.955827,-4.379658,2004
19754,r4i1p1f1,2004,02,01,5.905927443862772,3.6694202,-3.2072668,2004
19755,r4i1p1f1,2004,02,02,15.833755374972485,3.4262226,-5.4385896,2004
19756,r4i1p1f1,2004,02,03,0.2707265616239908,4.836406,-6.8527613,2004
19757,r4i1p1f1,2004,02,04,18.116806466469534,0.11677869,-7.7471395,2004
19758,r4i1p1f1,2004,02,05,12.839143802448728,-0.36973032,-7.9193764,2004
19759,r4i1p1f1,2004,02,06,44.74180362164148,0.38380045,-7.4141192,2004
19760,r4i1p1f1,2004,02,07,5.393427684924874,1.1885086,-13.367239,2004
19761,r4i1p1f1,2004,02,08,44.985891994177386,-0.30889872,-8.597497,2004
19762,r4i1p1f1,2004,02,09,10.615063321669227,-1.5856159,-9.583839,2004
19763,r4i1p1f1,2004,02,10,14.74970691386722,-0.40865743,-9.283146,2004
19764,r4i1p1f1,2004,02,11,53.34954082089312,2.1438594,-4.7288117,2004
19765,r4i1p1f1,2004,02,12,16.96517132217385,3.9096553,-3.1379848,2004
19766,r4i1p1f1,2004,02,13,0.0,5.31153,-6.2709975,2004
19767,r4i1p1f1,2004,02,14,0.13915798166248952,1.4234849,-5.5245476,2004
19768,r4i1p1f1,2004,02,15,27.28354505245359,1.285322,-4.56771,2004
19769,r4i1p1f1,2004,02,16,70.77434571877089,2.45061,-3.089763,2004
19770,r4i1p1f1,2004,02,17,0.24852955889544656,2.708026,-10.962365,2004
19771,r4i1p1f1,2004,02,18,0.05464493141644445,-4.252669,-13.221395,2004
19772,r4i1p1f1,2004,02,19,7.928965824024859,-4.2600837,-11.594459,2004
19773,r4i1p1f1,2004,02,20,13.986505413145075,0.031850893,-11.326066,2004
19774,r4i1p1f1,2004,02,21,0.5998757246813441,4.780709,-2.2193577,2004
19775,r4i1p1f1,2004,02,22,0.0,8.561057,-6.2131424,2004
19776,r4i1p1f1,2004,02,23,8.039112559266071,5.5308323,-5.3474345,2004
19777,r4i1p1f1,2004,02,24,7.024020683835524,1.0842892,-6.0639305,2004
19778,r4i1p1f1,2004,02,25,18.489719503264183,-1.3564235,-10.607392,2004
19779,r4i1p1f1,2004,02,26,12.887312730166395,-4.50198,-11.437439,2004
19780,r4i1p1f1,2004,02,27,0.0,-2.7354186,-14.951604,2004
19781,r4i1p1f1,2004,02,28,3.291961719514802,-1.3884833,-11.382116,2004
19782,r4i1p1f1,2004,02,29,59.93457898430155,0.5855891,-7.414826,2004
19783,r4i1p1f1,2004,03,01,20.987520281834385,1.4591752,-5.0279055,2004
19784,r4i1p1f1,2004,03,02,0.0,5.472898,-8.462617,2004
19785,r4i1p1f1,2004,03,03,0.0,5.3134184,-8.274462,2004
19786,r4i1p1f1,2004,03,04,0.0,6.608251,-7.81825,2004
19787,r4i1p1f1,2004,03,05,41.0708201326413,-0.1647216,-5.9294467,2004
19788,r4i1p1f1,2004,03,06,34.13872626837663,-1.5810779,-9.691466,2004
19789,r4i1p1f1,2004,03,07,0.6843429191197821,0.36386114,-7.3040013,2004
19790,r4i1p1f1,2004,03,08,0.0,7.782366,-9.004646,2004
19791,r4i1p1f1,2004,03,09,0.0,7.6651273,-4.8506246,2004
19792,r4i1p1f1,2004,03,10,0.0,7.1108885,-5.1858153,2004
19793,r4i1p1f1,2004,03,11,0.0,9.5157995,-4.9596167,2004
19794,r4i1p1f1,2004,03,12,0.0,12.563321,-5.234161,2004
19795,r4i1p1f1,2004,03,13,0.0,10.828063,-1.8522812,2004
19796,r4i1p1f1,2004,03,14,0.5375072858540623,7.374366,-2.4072878,2004
19797,r4i1p1f1,2004,03,15,0.0,6.594205,-6.9770923,2004
19798,r4i1p1f1,2004,03,16,19.17926006069685,3.3933945,-5.026481,2004
19799,r4i1p1f1,2004,03,17,0.0,4.6169834,-1.9188954,2004
19800,r4i1p1f1,2004,03,18,0.0,7.1144385,-5.170552,2004
19801,r4i1p1f1,2004,03,19,0.0,9.725099,-6.124383,2004
19802,r4i1p1f1,2004,03,20,0.0,8.434684,-3.2189517,2004
19803,r4i1p1f1,2004,03,21,30.842961233985775,0.8146983,-5.595557,2004
19804,r4i1p1f1,2004,03,22,10.005568070900816,3.3606992,-5.4198813,2004
19805,r4i1p1f1,2004,03,23,9.449257600430412,3.482128,-7.8232417,2004
19806,r4i1p1f1,2004,03,24,47.20288174684113,2.9561467,-3.1505542,2004
19807,r4i1p1f1,2004,03,25,5.5307319384468325,0.14976059,-9.884227,2004
19808,r4i1p1f1,2004,03,26,0.0,2.9575014,-9.736738,2004
19809,r4i1p1f1,2004,03,27,3.435676679626801,0.1893903,-10.403769,2004
19810,r4i1p1f1,2004,03,28,1.3064784541349408,-0.72911847,-9.572746,2004
19811,r4i1p1f1,2004,03,29,0.001876501950416377,3.610678,-9.73912,2004
19812,r4i1p1f1,2004,03,30,0.06044506359160867,6.267047,-8.761881,2004
19813,r4i1p1f1,2004,03,31,0.0,7.8510423,-7.7327895,2004
19814,r4i1p1f1,2004,04,01,0.0,10.110489,-6.4525886,2004
19815,r4i1p1f1,2004,04,02,0.0,6.480079,-0.548836,2004
19816,r4i1p1f1,2004,04,03,24.216170882046587,-0.7458239,-7.570369,2004
19817,r4i1p1f1,2004,04,04,9.534350412396877,0.99250156,-8.895878,2004
19818,r4i1p1f1,2004,04,05,0.0,10.871154,-4.2682786,2004
19819,r4i1p1f1,2004,04,06,0.033171065820684464,10.724936,-2.0917993,2004
19820,r4i1p1f1,2004,04,07,39.42043102057693,4.9458637,-2.8196747,2004
19821,r4i1p1f1,2004,04,08,13.142845312626484,3.0258324,-6.743917,2004
19822,r4i1p1f1,2004,04,09,0.0,6.0652504,-6.1769347,2004
19823,r4i1p1f1,2004,04,10,0.6210144896300434,4.357844,-6.659709,2004
19824,r4i1p1f1,2004,04,11,0.593018898137815,2.7485049,-6.1897354,2004
19825,r4i1p1f1,2004,04,12,0.0396695672807553,7.4958196,-7.0594,2004
19826,r4i1p1f1,2004,04,13,7.064908336596753,4.031682,-5.896784,2004
19827,r4i1p1f1,2004,04,14,11.536762328440222,3.0457432,-5.7337546,2004
19828,r4i1p1f1,2004,04,15,0.021610943491494797,5.8557673,-4.045423,2004
19829,r4i1p1f1,2004,04,16,0.0,10.001424,-5.5875664,2004
19830,r4i1p1f1,2004,04,17,22.150949678322267,4.430105,-4.1283555,2004
19831,r4i1p1f1,2004,04,18,9.037193199538002,-2.369339,-9.722579,2004
19832,r4i1p1f1,2004,04,19,0.0,2.7918234,-9.356495,2004
19833,r4i1p1f1,2004,04,20,0.0,5.62004,-7.241242,2004
19834,r4i1p1f1,2004,04,21,0.0,10.114122,-5.3480477,2004
19835,r4i1p1f1,2004,04,22,0.0,12.379505,-2.523546,2004
19836,r4i1p1f1,2004,04,23,14.722457226889674,7.413107,-3.7360938,2004
19837,r4i1p1f1,2004,04,24,2.5193710617125307,1.4530894,-8.939623,2004
19838,r4i1p1f1,2004,04,25,0.0,7.853253,-5.8794584,2004
19839,r4i1p1f1,2004,04,26,0.0,10.899941,-3.549143,2004
19840,r4i1p1f1,2004,04,27,0.0,11.05263,0.1242682,2004
19841,r4i1p1f1,2004,04,28,0.016729433428732114,14.047701,0.5298035,2004
19842,r4i1p1f1,2004,04,29,0.0,17.078035,0.908124,2004
19843,r4i1p1f1,2004,04,30,0.0,16.008972,1.5749997,2004
19844,r4i1p1f1,2004,05,01,0.0,14.755478,0.484936,2004
19845,r4i1p1f1,2004,05,02,0.0,12.676007,-0.5209464,2004
19846,r4i1p1f1,2004,05,03,0.0,6.846874,-1.4006302,2004
19847,r4i1p1f1,2004,05,04,4.553922310483914,0.91160095,-6.5875425,2004
19848,r4i1p1f1,2004,05,05,0.0,6.6219573,-4.3265796,2004
19849,r4i1p1f1,2004,05,06,0.0,12.010721,-2.0042675,2004
19850,r4i1p1f1,2004,05,07,0.0,13.359477,-0.58901685,2004
19851,r4i1p1f1,2004,05,08,0.03472806792205823,12.141029,0.012304314,2004
19852,r4i1p1f1,2004,05,09,0.0,13.006049,0.46429616,2004
19853,r4i1p1f1,2004,05,10,0.0,17.018316,1.5882541,2004
19854,r4i1p1f1,2004,05,11,0.0,17.331524,2.9318464,2004
19855,r4i1p1f1,2004,05,12,0.0,15.825043,4.0765634,2004
19856,r4i1p1f1,2004,05,13,0.0,13.898597,-0.40725204,2004
19857,r4i1p1f1,2004,05,14,0.0,14.152818,0.40772334,2004
19858,r4i1p1f1,2004,05,15,0.0,12.430897,-0.2424034,2004
19859,r4i1p1f1,2004,05,16,0.0,10.99308,-3.2043893,2004
19860,r4i1p1f1,2004,05,17,0.0,15.171198,-0.2318789,2004
19861,r4i1p1f1,2004,05,18,0.0,15.277888,1.0637668,2004
19862,r4i1p1f1,2004,05,19,0.0,12.145249,-0.065378524,2004
19863,r4i1p1f1,2004,05,20,0.006867079594802286,8.578083,-5.3769393,2004
19864,r4i1p1f1,2004,05,21,0.0,10.618652,-4.327826,2004
19865,r4i1p1f1,2004,05,22,0.0,13.851507,-1.0933405,2004
19866,r4i1p1f1,2004,05,23,0.0,15.344474,0.23624113,2004
19867,r4i1p1f1,2004,05,24,0.0,16.051373,1.6740377,2004
19868,r4i1p1f1,2004,05,25,0.0,16.131966,1.2056378,2004
19869,r4i1p1f1,2004,05,26,0.592331992693001,17.376995,1.552266,2004
19870,r4i1p1f1,2004,05,27,0.28227541289646263,19.456121,4.764528,2004
19871,r4i1p1f1,2004,05,28,0.0,18.388695,4.1683064,2004
19872,r4i1p1f1,2004,05,29,0.29299927185101343,14.408128,2.1071937,2004
19873,r4i1p1f1,2004,05,30,1.2874318228404267,13.934858,0.8592738,2004
19874,r4i1p1f1,2004,05,31,0.1834280597418968,15.363555,2.4580228,2004
19875,r4i1p1f1,2004,06,01,2.1425187278707374,18.959482,3.7969916,2004
19876,r4i1p1f1,2004,06,02,1.6353761649195278,17.21179,4.4358816,2004
19877,r4i1p1f1,2004,06,03,0.0,17.468649,4.1509237,2004
19878,r4i1p1f1,2004,06,04,0.24353021849842313,19.585672,4.3297453,2004
19879,r4i1p1f1,2004,06,05,0.12691027751641254,19.422476,5.0596437,2004
19880,r4i1p1f1,2004,06,06,0.5158544936190634,18.937498,5.1114473,2004
19881,r4i1p1f1,2004,06,07,1.4653722964737108,19.541368,4.8662767,2004
19882,r4i1p1f1,2004,06,08,0.045297187065591875,19.80197,5.999812,2004
19883,r4i1p1f1,2004,06,09,0.0,21.328066,5.4818916,2004
19884,r4i1p1f1,2004,06,10,0.0,21.775494,5.893938,2004
19885,r4i1p1f1,2004,06,11,0.0,21.190195,5.971101,2004
19886,r4i1p1f1,2004,06,12,0.0,20.741144,6.3852053,2004
19887,r4i1p1f1,2004,06,13,0.0,22.812721,7.707991,2004
19888,r4i1p1f1,2004,06,14,0.09425161175114552,26.399454,10.289512,2004
19889,r4i1p1f1,2004,06,15,0.0,29.137789,12.358393,2004
19890,r4i1p1f1,2004,06,16,0.0,28.168125,13.536969,2004
19891,r4i1p1f1,2004,06,17,3.7496876074061114,23.112823,10.967085,2004
19892,r4i1p1f1,2004,06,18,0.025757414633060523,19.553806,8.471714,2004
19893,r4i1p1f1,2004,06,19,0.0,19.445791,7.318181,2004
19894,r4i1p1f1,2004,06,20,0.015902534976382467,19.98012,6.0612874,2004
19895,r4i1p1f1,2004,06,21,0.0,20.0804,5.515645,2004
19896,r4i1p1f1,2004,06,22,0.0,21.420387,6.4909096,2004
19897,r4i1p1f1,2004,06,23,9.135686039078635,19.261852,5.0474005,2004
19898,r4i1p1f1,2004,06,24,8.520783744296754,11.338036,1.6907521,2004
19899,r4i1p1f1,2004,06,25,8.370544040939816,10.094415,0.22998661,2004
19900,r4i1p1f1,2004,06,26,9.373106121862762,9.784472,-0.17407745,2004
19901,r4i1p1f1,2004,06,27,1.386026036756061,12.265248,2.6318917,2004
19902,r4i1p1f1,2004,06,28,0.6708918946813405,13.310902,-0.13760258,2004
19903,r4i1p1f1,2004,06,29,0.0,18.030739,3.3289523,2004
19904,r4i1p1f1,2004,06,30,0.0834607348372534,20.336504,5.396262,2004
19905,r4i1p1f1,2004,07,01,0.49386390293785054,21.270926,5.8663826,2004
19906,r4i1p1f1,2004,07,02,0.25223668514351477,18.904692,4.841388,2004
19907,r4i1p1f1,2004,07,03,0.0,17.331762,3.0971105,2004
19908,r4i1p1f1,2004,07,04,3.9515342602799426,18.773142,6.729255,2004
19909,r4i1p1f1,2004,07,05,0.9929085241475145,17.920063,5.123672,2004
19910,r4i1p1f1,2004,07,06,1.715453669479,23.83295,7.94148,2004
19911,r4i1p1f1,2004,07,07,0.25931240590283966,26.223118,10.508721,2004
19912,r4i1p1f1,2004,07,08,1.1237572021040316,26.342022,10.622342,2004
19913,r4i1p1f1,2004,07,09,0.016493931165380126,25.742773,11.018745,2004
19914,r4i1p1f1,2004,07,10,1.4708410623236834,27.669167,11.442431,2004
19915,r4i1p1f1,2004,07,11,1.4592814316549834,28.87262,13.597622,2004
19916,r4i1p1f1,2004,07,12,6.794338008960319,27.692032,12.57814,2004
19917,r4i1p1f1,2004,07,13,9.990349191479854,24.869658,11.515716,2004
19918,r4i1p1f1,2004,07,14,0.4904400765352221,23.584044,9.221536,2004
19919,r4i1p1f1,2004,07,15,1.0078541423395335,23.404203,7.031121,2004
19920,r4i1p1f1,2004,07,16,0.2484571785777723,20.212519,8.943161,2004
19921,r4i1p1f1,2004,07,17,12.672523714165305,23.120966,10.538275,2004
19922,r4i1p1f1,2004,07,18,10.140545388039179,23.103346,9.2747,2004
19923,r4i1p1f1,2004,07,19,2.488971068903096,20.76526,8.911423,2004
19924,r4i1p1f1,2004,07,20,0.11131942168940112,22.385141,8.171958,2004
19925,r4i1p1f1,2004,07,21,0.0,24.450153,9.429486,2004
19926,r4i1p1f1,2004,07,22,0.0,26.233152,11.827122,2004
19927,r4i1p1f1,2004,07,23,0.0,27.534334,12.036247,2004
19928,r4i1p1f1,2004,07,24,0.0,28.641895,12.393054,2004
19929,r4i1p1f1,2004,07,25,0.11809498711987725,29.637932,13.088232,2004
19930,r4i1p1f1,2004,07,26,0.029628215267057466,29.634853,13.493806,2004
19931,r4i1p1f1,2004,07,27,0.0,29.099512,13.663593,2004
19932,r4i1p1f1,2004,07,28,0.0,28.486193,12.7138195,2004
19933,r4i1p1f1,2004,07,29,0.0,28.52426,11.500412,2004
19934,r4i1p1f1,2004,07,30,0.0,27.902092,12.132677,2004
19935,r4i1p1f1,2004,07,31,0.0,26.575636,11.394218,2004
19936,r4i1p1f1,2004,08,01,0.0,24.718433,9.732546,2004
19937,r4i1p1f1,2004,08,02,0.0,24.293383,8.816483,2004
19938,r4i1p1f1,2004,08,03,0.0,24.298985,9.145423,2004
19939,r4i1p1f1,2004,08,04,0.0,24.526005,8.98993,2004
19940,r4i1p1f1,2004,08,05,0.0,24.6169,8.18749,2004
19941,r4i1p1f1,2004,08,06,0.0,23.740131,7.9224706,2004
19942,r4i1p1f1,2004,08,07,0.0,24.2416,8.586274,2004
19943,r4i1p1f1,2004,08,08,0.0,26.665564,9.702186,2004
19944,r4i1p1f1,2004,08,09,0.0,26.743082,10.630297,2004
19945,r4i1p1f1,2004,08,10,0.0,24.597452,12.303745,2004
19946,r4i1p1f1,2004,08,11,0.0,21.924335,7.7045374,2004
19947,r4i1p1f1,2004,08,12,0.0,23.68101,6.0334883,2004
19948,r4i1p1f1,2004,08,13,0.0,26.964745,9.031147,2004
19949,r4i1p1f1,2004,08,14,0.0,28.937778,11.75157,2004
19950,r4i1p1f1,2004,08,15,0.0,30.513494,13.537131,2004
19951,r4i1p1f1,2004,08,16,0.0,30.363085,14.397428,2004
19952,r4i1p1f1,2004,08,17,0.0,29.217693,12.69089,2004
19953,r4i1p1f1,2004,08,18,0.0,27.283928,10.736041,2004
19954,r4i1p1f1,2004,08,19,0.0,26.937504,10.664893,2004
19955,r4i1p1f1,2004,08,20,0.6397659198018328,27.901634,11.882664,2004
19956,r4i1p1f1,2004,08,21,1.6914428444678011,28.873266,12.232933,2004
19957,r4i1p1f1,2004,08,22,5.065299330114748,26.737545,13.4794035,2004
19958,r4i1p1f1,2004,08,23,12.634964616830885,25.079277,10.708718,2004
19959,r4i1p1f1,2004,08,24,8.754860605931013,24.25456,10.509178,2004
19960,r4i1p1f1,2004,08,25,1.1733414172093495,20.86136,6.4143524,2004
19961,r4i1p1f1,2004,08,26,0.0,17.628,4.197851,2004
19962,r4i1p1f1,2004,08,27,0.0,20.203926,4.3492775,2004
19963,r4i1p1f1,2004,08,28,0.0,20.722237,6.3218756,2004
19964,r4i1p1f1,2004,08,29,0.0,20.595331,5.766336,2004
19965,r4i1p1f1,2004,08,30,0.0,22.937693,5.583174,2004
19966,r4i1p1f1,2004,08,31,0.0,25.055435,8.273518,2004
19967,r4i1p1f1,2004,09,01,0.02866405695747917,24.607712,9.109042,2004
19968,r4i1p1f1,2004,09,02,0.0,23.8666,8.390857,2004
19969,r4i1p1f1,2004,09,03,0.0,26.905418,10.018889,2004
19970,r4i1p1f1,2004,09,04,0.0,26.935535,11.2725725,2004
19971,r4i1p1f1,2004,09,05,0.0,25.698776,10.427212,2004
19972,r4i1p1f1,2004,09,06,0.0,23.762924,8.078005,2004
19973,r4i1p1f1,2004,09,07,0.0,24.146208,9.080625,2004
19974,r4i1p1f1,2004,09,08,0.0,24.908115,8.471586,2004
19975,r4i1p1f1,2004,09,09,0.0,26.357924,8.897115,2004
19976,r4i1p1f1,2004,09,10,0.0,28.548645,10.351965,2004
19977,r4i1p1f1,2004,09,11,0.0,30.054321,11.972295,2004
19978,r4i1p1f1,2004,09,12,0.0,30.067957,12.234866,2004
19979,r4i1p1f1,2004,09,13,0.0,29.857067,13.09966,2004
19980,r4i1p1f1,2004,09,14,0.0,29.822323,13.706118,2004
19981,r4i1p1f1,2004,09,15,0.0,27.850126,12.489599,2004
19982,r4i1p1f1,2004,09,16,0.0,22.811983,8.110047,2004
19983,r4i1p1f1,2004,09,17,0.0,19.38572,6.1658387,2004
19984,r4i1p1f1,2004,09,18,0.0,20.725079,5.443614,2004
19985,r4i1p1f1,2004,09,19,0.0,21.652899,5.917453,2004
19986,r4i1p1f1,2004,09,20,0.0,22.533415,6.7165804,2004
19987,r4i1p1f1,2004,09,21,0.0,22.746403,6.6062045,2004
19988,r4i1p1f1,2004,09,22,0.0,20.304329,5.65498,2004
19989,r4i1p1f1,2004,09,23,0.0,20.918058,4.9789386,2004
19990,r4i1p1f1,2004,09,24,0.0,22.856249,6.230778,2004
19991,r4i1p1f1,2004,09,25,0.0,23.074772,8.282868,2004
19992,r4i1p1f1,2004,09,26,0.0,22.238432,8.544091,2004
19993,r4i1p1f1,2004,09,27,0.0,17.847599,2.5952961,2004
19994,r4i1p1f1,2004,09,28,0.5476906538753438,11.489825,-0.41514277,2004
19995,r4i1p1f1,2004,09,29,0.0,14.187258,-1.4469078,2004
19996,r4i1p1f1,2004,09,30,0.0,16.65554,2.998744,2004
19997,r4i1p1f1,2004,10,01,0.051582628189837894,14.780268,1.5224493,2004
19998,r4i1p1f1,2004,10,02,0.0,12.592305,-1.7477868,2004
19999,r4i1p1f1,2004,10,03,0.0,14.774211,-0.7460032,2004
20000,r4i1p1f1,2004,10,04,0.0,13.779858,0.08559083,2004
20001,r4i1p1f1,2004,10,05,2.9923260121571262,14.047863,0.8793984,2004
20002,r4i1p1f1,2004,10,06,0.0,12.946762,1.2456254,2004
20003,r4i1p1f1,2004,10,07,0.0,16.645271,-0.18640634,2004
20004,r4i1p1f1,2004,10,08,0.0,17.723839,0.8968799,2004
20005,r4i1p1f1,2004,10,09,0.0,19.40359,3.221858,2004
20006,r4i1p1f1,2004,10,10,0.0,19.668835,5.203162,2004
20007,r4i1p1f1,2004,10,11,0.0,23.188978,5.69769,2004
20008,r4i1p1f1,2004,10,12,0.0,24.191671,6.758342,2004
20009,r4i1p1f1,2004,10,13,0.0,23.329447,7.6770988,2004
20010,r4i1p1f1,2004,10,14,0.0,24.693754,7.392644,2004
20011,r4i1p1f1,2004,10,15,0.0,24.553545,7.8631034,2004
20012,r4i1p1f1,2004,10,16,0.0,24.286404,8.476215,2004
20013,r4i1p1f1,2004,10,17,0.0,24.724346,7.685788,2004
20014,r4i1p1f1,2004,10,18,0.0,25.074886,9.008365,2004
20015,r4i1p1f1,2004,10,19,0.0,23.523157,9.617757,2004
20016,r4i1p1f1,2004,10,20,0.0,22.871595,7.931121,2004
20017,r4i1p1f1,2004,10,21,0.0,24.037838,7.916568,2004
20018,r4i1p1f1,2004,10,22,0.0,24.938921,8.598645,2004
20019,r4i1p1f1,2004,10,23,0.0,23.365276,9.787781,2004
20020,r4i1p1f1,2004,10,24,0.0,19.161142,4.239904,2004
20021,r4i1p1f1,2004,10,25,0.0,18.400875,3.9823594,2004
20022,r4i1p1f1,2004,10,26,0.0,19.197935,1.8409333,2004
20023,r4i1p1f1,2004,10,27,0.0,16.347794,4.184256,2004
20024,r4i1p1f1,2004,10,28,0.0,15.501167,0.028286066,2004
20025,r4i1p1f1,2004,10,29,1.0289041782814663,16.878283,3.60959,2004
20026,r4i1p1f1,2004,10,30,1.6815931692920816,12.329737,1.5700642,2004
20027,r4i1p1f1,2004,10,31,7.177901099650906,10.793297,0.85930884,2004
20028,r4i1p1f1,2004,11,01,0.867720877159952,10.553355,-2.5577042,2004
20029,r4i1p1f1,2004,11,02,30.484763642760388,10.695377,1.879815,2004
20030,r4i1p1f1,2004,11,03,0.0,8.636465,-5.1333957,2004
20031,r4i1p1f1,2004,11,04,17.66013508308068,6.7150273,-1.3715143,2004
20032,r4i1p1f1,2004,11,05,0.1808591458614077,8.448675,-2.124167,2004
20033,r4i1p1f1,2004,11,06,0.0,13.325566,-3.7500541,2004
20034,r4i1p1f1,2004,11,07,0.0,11.382791,-2.052574,2004
20035,r4i1p1f1,2004,11,08,0.0,8.041188,-2.8976405,2004
20036,r4i1p1f1,2004,11,09,0.0,8.223772,-5.257575,2004
20037,r4i1p1f1,2004,11,10,0.0,8.766418,-4.973449,2004
20038,r4i1p1f1,2004,11,11,0.0,8.578848,-3.4658837,2004
20039,r4i1p1f1,2004,11,12,0.006635344187714312,8.39818,-2.2087343,2004
20040,r4i1p1f1,2004,11,13,11.919180795442886,7.633813,-3.1801581,2004
20041,r4i1p1f1,2004,11,14,22.25339658868107,6.757279,-0.31211728,2004
20042,r4i1p1f1,2004,11,15,16.755418730446674,7.00905,-1.2752818,2004
20043,r4i1p1f1,2004,11,16,0.9431439117771864,6.863252,-5.4266806,2004
20044,r4i1p1f1,2004,11,17,0.014515146054748901,7.565778,-2.5596383,2004
20045,r4i1p1f1,2004,11,18,35.5856771778939,6.9361615,-3.6576676,2004
20046,r4i1p1f1,2004,11,19,9.783699771068564,5.9933496,-3.692049,2004
20047,r4i1p1f1,2004,11,20,0.0,12.030315,-7.140985,2004
20048,r4i1p1f1,2004,11,21,7.1924747027245,10.862292,-0.78914505,2004
20049,r4i1p1f1,2004,11,22,0.4371566695518838,1.6152282,-6.106079,2004
20050,r4i1p1f1,2004,11,23,0.0,3.9555967,-12.777942,2004
20051,r4i1p1f1,2004,11,24,0.0,5.9120746,-9.115348,2004
20052,r4i1p1f1,2004,11,25,4.3517232736212055,6.27919,-4.3431673,2004
20053,r4i1p1f1,2004,11,26,6.114001140888408,2.3727348,-8.15368,2004
20054,r4i1p1f1,2004,11,27,0.019795773853758577,-0.27906978,-16.71757,2004
20055,r4i1p1f1,2004,11,28,0.7962666148406691,0.96860933,-7.486228,2004
20056,r4i1p1f1,2004,11,29,0.0,4.166096,-12.703589,2004
20057,r4i1p1f1,2004,11,30,0.0,3.8210173,-11.961033,2004
20058,r4i1p1f1,2004,12,01,13.2659767557102,-0.2357367,-8.246155,2004
20059,r4i1p1f1,2004,12,02,0.0,1.8744692,-15.231554,2004
20060,r4i1p1f1,2004,12,03,0.0,0.25370285,-7.320099,2004
20061,r4i1p1f1,2004,12,04,8.329800659686862,-1.9881399,-8.698849,2004
20062,r4i1p1f1,2004,12,05,35.56951116907465,-2.7357068,-8.893999,2004
20063,r4i1p1f1,2004,12,06,28.579059853302777,-2.2936432,-10.471523,2004
20064,r4i1p1f1,2004,12,07,0.0,-1.2995923,-15.954904,2004
20065,r4i1p1f1,2004,12,08,29.034875892155394,-5.2974043,-12.434171,2004
20066,r4i1p1f1,2004,12,09,21.880335283225477,-2.882928,-9.939482,2004
20067,r4i1p1f1,2004,12,10,4.201862787173277,5.934891,-5.8612103,2004
20068,r4i1p1f1,2004,12,11,0.0,8.148803,-4.1726174,2004
20069,r4i1p1f1,2004,12,12,1.9846899224003662,2.4749358,-5.841782,2004
20070,r4i1p1f1,2004,12,13,0.023446087114411783,6.020008,-4.122389,2004
20071,r4i1p1f1,2004,12,14,36.09507943627875,3.7847602,-2.282181,2004
20072,r4i1p1f1,2004,12,15,0.0,7.330334,-5.5579967,2004
20073,r4i1p1f1,2004,12,16,0.0,10.182939,-3.5789692,2004
20074,r4i1p1f1,2004,12,17,0.0,12.340432,-1.8398333,2004
20075,r4i1p1f1,2004,12,18,0.0,11.575549,0.61426663,2004
20076,r4i1p1f1,2004,12,19,3.195951566373973,8.63102,-2.0170465,2004
20077,r4i1p1f1,2004,12,20,4.136440883474493,2.180702,-7.021787,2004
20078,r4i1p1f1,2004,12,21,29.544098316049162,-2.1204517,-7.860202,2004
20079,r4i1p1f1,2004,12,22,1.0766533892350856,-3.9890661,-9.886235,2004
20080,r4i1p1f1,2004,12,23,0.0,0.71402353,-12.279421,2004
20081,r4i1p1f1,2004,12,24,0.0,4.8786573,-5.7286434,2004
20082,r4i1p1f1,2004,12,25,0.0,4.6118326,-6.7975597,2004
20083,r4i1p1f1,2004,12,26,0.016664646247747394,2.531126,-7.2897706,2004
20084,r4i1p1f1,2004,12,27,1.4097178544898477,5.086231,-3.4750972,2004
20085,r4i1p1f1,2004,12,28,0.0,8.067824,-3.6681132,2004
20086,r4i1p1f1,2004,12,29,24.07395127469071,3.546151,-4.372191,2004
20087,r4i1p1f1,2004,12,30,0.0,-0.48228386,-9.62939,2004
20088,r4i1p1f1,2004,12,31,0.0,2.0769465,-8.608692,2004
20089,r4i1p1f1,2005,01,01,0.0,4.6853385,-5.610652,2005
20090,r4i1p1f1,2005,01,02,0.0,5.8405023,-5.344291,2005
20091,r4i1p1f1,2005,01,03,0.0,7.6736183,-4.0480013,2005
20092,r4i1p1f1,2005,01,04,0.0,8.955715,-3.4893718,2005
20093,r4i1p1f1,2005,01,05,0.0,9.751557,-1.8804319,2005
20094,r4i1p1f1,2005,01,06,0.0,10.7164955,-0.81386197,2005
20095,r4i1p1f1,2005,01,07,0.0,11.78499,-1.4715889,2005
20096,r4i1p1f1,2005,01,08,0.0,10.664549,-2.5722256,2005
20097,r4i1p1f1,2005,01,09,0.0,10.673995,-2.7954342,2005
20098,r4i1p1f1,2005,01,10,8.511772492705061,7.0751734,-3.8878336,2005
20099,r4i1p1f1,2005,01,11,66.06717922585717,0.87047255,-4.6979084,2005
20100,r4i1p1f1,2005,01,12,12.432553708564903,-0.7188547,-8.180607,2005
20101,r4i1p1f1,2005,01,13,36.16355487842922,2.1894376,-7.436714,2005
20102,r4i1p1f1,2005,01,14,7.685974225948661,6.4852843,-2.000567,2005
20103,r4i1p1f1,2005,01,15,0.4679780311348355,7.121989,-0.3422376,2005
20104,r4i1p1f1,2005,01,16,33.08219615421658,2.756437,-4.606296,2005
20105,r4i1p1f1,2005,01,17,3.4059936615045956,1.8556094,-5.4638977,2005
20106,r4i1p1f1,2005,01,18,4.030170184038128,3.100874,-5.1626563,2005
20107,r4i1p1f1,2005,01,19,20.458161920452348,3.2940516,-2.9963262,2005
20108,r4i1p1f1,2005,01,20,0.0,8.011333,-5.0909166,2005
20109,r4i1p1f1,2005,01,21,0.0,8.772858,-3.7986495,2005
20110,r4i1p1f1,2005,01,22,9.500386306873262,4.8025355,-2.5055313,2005
20111,r4i1p1f1,2005,01,23,7.264993688035272,0.43088943,-9.511418,2005
20112,r4i1p1f1,2005,01,24,0.0,1.9552234,-10.957624,2005
20113,r4i1p1f1,2005,01,25,2.8971114650474243,-1.1811355,-10.329592,2005
20114,r4i1p1f1,2005,01,26,11.230020394060988,-0.9491516,-7.2328973,2005
20115,r4i1p1f1,2005,01,27,0.0,4.590635,-12.009967,2005
20116,r4i1p1f1,2005,01,28,0.0,3.951679,-4.097914,2005
20117,r4i1p1f1,2005,01,29,53.592125326395035,-0.81251866,-6.5502577,2005
20118,r4i1p1f1,2005,01,30,14.802390553988385,-3.2074273,-9.050836,2005
20119,r4i1p1f1,2005,01,31,0.0,-1.535588,-12.732247,2005
20120,r4i1p1f1,2005,02,01,0.07059924772714593,2.4140193,-8.865944,2005
20121,r4i1p1f1,2005,02,02,0.0,2.5249763,-9.514459,2005
20122,r4i1p1f1,2005,02,03,0.0,5.903941,-9.647006,2005
20123,r4i1p1f1,2005,02,04,0.0,8.36316,-6.6872797,2005
20124,r4i1p1f1,2005,02,05,0.0,7.67305,-4.3250093,2005
20125,r4i1p1f1,2005,02,06,0.0,7.458361,-6.7425213,2005
20126,r4i1p1f1,2005,02,07,0.0,7.494272,-6.8240848,2005
20127,r4i1p1f1,2005,02,08,0.0,8.612034,-7.3144126,2005
20128,r4i1p1f1,2005,02,09,0.0,6.9677377,-4.8597145,2005
20129,r4i1p1f1,2005,02,10,6.01379083072065,2.161286,-6.795149,2005
20130,r4i1p1f1,2005,02,11,10.055483249029276,-1.8624947,-7.421721,2005
20131,r4i1p1f1,2005,02,12,0.006387110708881385,2.810415,-9.02743,2005
20132,r4i1p1f1,2005,02,13,8.159382811108655,-0.19573118,-8.199263,2005
20133,r4i1p1f1,2005,02,14,0.0,3.3729467,-7.0192323,2005
20134,r4i1p1f1,2005,02,15,0.0,4.9916677,-10.649586,2005
20135,r4i1p1f1,2005,02,16,0.0,2.8535051,-4.495645,2005
20136,r4i1p1f1,2005,02,17,0.0,6.1587095,-8.491107,2005
20137,r4i1p1f1,2005,02,18,0.0,6.9226785,-5.5421867,2005
20138,r4i1p1f1,2005,02,19,0.0,7.771272,-5.253355,2005
20139,r4i1p1f1,2005,02,20,0.0,11.409066,-1.9758518,2005
20140,r4i1p1f1,2005,02,21,0.0,12.4131565,-0.69535923,2005
20141,r4i1p1f1,2005,02,22,0.0,9.459603,-1.7930132,2005
20142,r4i1p1f1,2005,02,23,0.0,5.2929177,-4.4623046,2005
20143,r4i1p1f1,2005,02,24,0.0,6.353513,-5.4982743,2005
20144,r4i1p1f1,2005,02,25,0.0,5.954437,-3.2580633,2005
20145,r4i1p1f1,2005,02,26,0.0,7.8205743,-3.7486446,2005
20146,r4i1p1f1,2005,02,27,0.0,11.488346,-1.7633629,2005
20147,r4i1p1f1,2005,02,28,0.0,12.008118,-0.45665047,2005
20148,r4i1p1f1,2005,03,01,8.207039544066495,7.95485,-5.2936482,2005
20149,r4i1p1f1,2005,03,02,0.0,1.991545,-8.917711,2005
20150,r4i1p1f1,2005,03,03,0.0,2.18468,-11.163314,2005
20151,r4i1p1f1,2005,03,04,0.0,5.811993,-8.94926,2005
20152,r4i1p1f1,2005,03,05,0.0,6.9928994,-6.778426,2005
20153,r4i1p1f1,2005,03,06,0.0,8.492817,-6.125815,2005
20154,r4i1p1f1,2005,03,07,0.0,10.469505,-4.0552917,2005
20155,r4i1p1f1,2005,03,08,0.0,10.049643,-3.5257814,2005
20156,r4i1p1f1,2005,03,09,0.0,10.013913,-3.1633377,2005
20157,r4i1p1f1,2005,03,10,0.0,8.887582,-5.2271137,2005
20158,r4i1p1f1,2005,03,11,0.28743880155828294,5.815784,-3.1881926,2005
20159,r4i1p1f1,2005,03,12,0.0,4.210108,-8.633779,2005
20160,r4i1p1f1,2005,03,13,0.0,6.2166786,-8.5235,2005
20161,r4i1p1f1,2005,03,14,1.5805250440630165,2.751118,-6.7979293,2005
20162,r4i1p1f1,2005,03,15,0.1292151596691624,2.2348695,-6.0016384,2005
20163,r4i1p1f1,2005,03,16,0.0,2.331709,-6.0901303,2005
20164,r4i1p1f1,2005,03,17,0.07808919304905973,4.684249,-7.390069,2005
20165,r4i1p1f1,2005,03,18,7.050388748174806,2.9326591,-7.600062,2005
20166,r4i1p1f1,2005,03,19,1.236468500505969,4.179411,-7.0595775,2005
20167,r4i1p1f1,2005,03,20,6.854947893108595,3.7422469,-5.943503,2005
20168,r4i1p1f1,2005,03,21,0.0,6.2295575,-4.7307014,2005
20169,r4i1p1f1,2005,03,22,1.2601893716545753,2.6753213,-4.7292633,2005
20170,r4i1p1f1,2005,03,23,0.008302452460161043,5.277392,-5.4449787,2005
20171,r4i1p1f1,2005,03,24,0.07805427759848914,9.200045,-6.8705435,2005
20172,r4i1p1f1,2005,03,25,0.0,10.520173,-5.2690787,2005
20173,r4i1p1f1,2005,03,26,0.0,8.768079,-0.3170552,2005
20174,r4i1p1f1,2005,03,27,0.0,8.543172,-5.4289527,2005
20175,r4i1p1f1,2005,03,28,0.0,7.8753734,-6.078651,2005
20176,r4i1p1f1,2005,03,29,0.41371472017250627,5.3537,-6.053808,2005
20177,r4i1p1f1,2005,03,30,5.08637612958566,-1.1044924,-8.283038,2005
20178,r4i1p1f1,2005,03,31,9.722145001973027,-1.0398334,-10.342843,2005
20179,r4i1p1f1,2005,04,01,0.0,4.821959,-10.496841,2005
20180,r4i1p1f1,2005,04,02,0.0,4.4273314,-10.204095,2005
20181,r4i1p1f1,2005,04,03,9.127100525114146,-0.24318857,-10.7950535,2005
20182,r4i1p1f1,2005,04,04,0.11741316100193727,1.8443186,-10.479904,2005
20183,r4i1p1f1,2005,04,05,1.9114547756733504,2.5901382,-10.416145,2005
20184,r4i1p1f1,2005,04,06,29.248516714596505,-1.7815336,-9.117922,2005
20185,r4i1p1f1,2005,04,07,3.006552479013103,-1.400859,-10.362691,2005
20186,r4i1p1f1,2005,04,08,0.13228579001196733,2.6325545,-11.490414,2005
20187,r4i1p1f1,2005,04,09,0.06307501053056738,4.5457516,-9.559806,2005
20188,r4i1p1f1,2005,04,10,0.0,5.854873,-7.907886,2005
20189,r4i1p1f1,2005,04,11,0.0,7.9075913,-7.0420704,2005
20190,r4i1p1f1,2005,04,12,0.4142708039535343,5.513828,-5.603596,2005
20191,r4i1p1f1,2005,04,13,0.6230650004592083,0.41645756,-5.8377028,2005
20192,r4i1p1f1,2005,04,14,0.0962045196172775,3.2029278,-8.570729,2005
20193,r4i1p1f1,2005,04,15,0.0,7.9171677,-7.1115956,2005
20194,r4i1p1f1,2005,04,16,0.0,8.856304,-4.679942,2005
20195,r4i1p1f1,2005,04,17,0.0,7.54928,-5.4686766,2005
20196,r4i1p1f1,2005,04,18,0.558684367675448,6.242752,-3.2701852,2005
20197,r4i1p1f1,2005,04,19,0.0,10.518568,-4.4185185,2005
20198,r4i1p1f1,2005,04,20,0.0,10.431455,-2.5390744,2005
20199,r4i1p1f1,2005,04,21,0.0,12.778648,-2.6045938,2005
20200,r4i1p1f1,2005,04,22,0.0,12.353963,-0.5620823,2005
20201,r4i1p1f1,2005,04,23,17.104949479364542,7.5905685,-6.4674673,2005
20202,r4i1p1f1,2005,04,24,0.0,1.5613337,-8.372533,2005
20203,r4i1p1f1,2005,04,25,0.347295345788112,4.7415977,-4.6155143,2005
20204,r4i1p1f1,2005,04,26,0.0,12.091841,-3.3583868,2005
20205,r4i1p1f1,2005,04,27,0.0,14.507003,1.7227198,2005
20206,r4i1p1f1,2005,04,28,24.48106983808771,9.356924,-2.725638,2005
20207,r4i1p1f1,2005,04,29,16.253762427071894,0.056415126,-8.029375,2005
20208,r4i1p1f1,2005,04,30,3.436483418443467,0.6719952,-7.55721,2005
20209,r4i1p1f1,2005,05,01,0.20597427971152762,9.809275,-4.9486823,2005
20210,r4i1p1f1,2005,05,02,0.0,14.0906105,-0.9386721,2005
20211,r4i1p1f1,2005,05,03,0.0,14.599983,-0.08509737,2005
20212,r4i1p1f1,2005,05,04,0.0,14.303249,0.84547776,2005
20213,r4i1p1f1,2005,05,05,0.0,13.135023,2.42542,2005
20214,r4i1p1f1,2005,05,06,0.0,10.720662,-0.16271123,2005
20215,r4i1p1f1,2005,05,07,0.0,10.022034,-2.5053844,2005
20216,r4i1p1f1,2005,05,08,0.0,11.513136,-2.671445,2005
20217,r4i1p1f1,2005,05,09,0.0,12.884206,-0.42931527,2005
20218,r4i1p1f1,2005,05,10,0.2684000835886854,12.61748,-0.42801788,2005
20219,r4i1p1f1,2005,05,11,0.11157264253099573,11.7012005,-1.7931066,2005
20220,r4i1p1f1,2005,05,12,0.0,13.029173,-1.1398178,2005
20221,r4i1p1f1,2005,05,13,0.0,11.678508,0.1570157,2005
20222,r4i1p1f1,2005,05,14,0.0,11.4473095,0.011991268,2005
20223,r4i1p1f1,2005,05,15,0.0,10.485242,-3.006377,2005
20224,r4i1p1f1,2005,05,16,14.120286427953436,5.622946,-6.468366,2005
20225,r4i1p1f1,2005,05,17,3.441165332392446,3.8397532,-6.4725437,2005
20226,r4i1p1f1,2005,05,18,0.0,10.743854,-4.1758585,2005
20227,r4i1p1f1,2005,05,19,0.0,10.426167,-1.9181638,2005
20228,r4i1p1f1,2005,05,20,0.6229101987850613,5.9052076,-0.49360207,2005
20229,r4i1p1f1,2005,05,21,0.0,12.341289,-1.8805009,2005
20230,r4i1p1f1,2005,05,22,0.0,15.798608,0.14047766,2005
20231,r4i1p1f1,2005,05,23,0.278001972455721,16.675909,1.6771802,2005
20232,r4i1p1f1,2005,05,24,0.0,17.142336,2.2247584,2005
20233,r4i1p1f1,2005,05,25,0.297599535574241,15.561372,3.1142836,2005
20234,r4i1p1f1,2005,05,26,0.0,15.527116,1.1053613,2005
20235,r4i1p1f1,2005,05,27,0.0,13.510486,1.9836628,2005
20236,r4i1p1f1,2005,05,28,0.0,15.674043,-0.19014046,2005
20237,r4i1p1f1,2005,05,29,0.0,15.773486,1.2247266,2005
20238,r4i1p1f1,2005,05,30,0.0,14.107304,-0.17827493,2005
20239,r4i1p1f1,2005,05,31,0.0,11.837698,-1.6794424,2005
20240,r4i1p1f1,2005,06,01,0.0,10.948714,-0.48314282,2005
20241,r4i1p1f1,2005,06,02,0.0,15.653276,-0.5640619,2005
20242,r4i1p1f1,2005,06,03,0.0,19.398897,3.3277903,2005
20243,r4i1p1f1,2005,06,04,0.06143795950570022,18.119396,5.598812,2005
20244,r4i1p1f1,2005,06,05,0.003685080261934734,18.662838,1.8735691,2005
20245,r4i1p1f1,2005,06,06,0.0,21.491686,4.4593496,2005
20246,r4i1p1f1,2005,06,07,0.0,23.969093,8.010922,2005
20247,r4i1p1f1,2005,06,08,0.0,25.738224,9.269627,2005
20248,r4i1p1f1,2005,06,09,0.0,26.27709,10.372135,2005
20249,r4i1p1f1,2005,06,10,0.0,26.171326,10.241439,2005
20250,r4i1p1f1,2005,06,11,0.0,25.482683,11.330554,2005
20251,r4i1p1f1,2005,06,12,0.0,25.14035,9.755862,2005
20252,r4i1p1f1,2005,06,13,0.0,24.380661,8.730455,2005
20253,r4i1p1f1,2005,06,14,0.0,22.809433,9.977856,2005
20254,r4i1p1f1,2005,06,15,0.0,21.228943,8.13532,2005
20255,r4i1p1f1,2005,06,16,0.0,25.255003,9.49514,2005
20256,r4i1p1f1,2005,06,17,0.0,28.576359,11.089089,2005
20257,r4i1p1f1,2005,06,18,0.0,27.295107,12.831218,2005
20258,r4i1p1f1,2005,06,19,0.0035509333951868607,26.439692,11.766846,2005
20259,r4i1p1f1,2005,06,20,0.0,27.859676,11.744016,2005
20260,r4i1p1f1,2005,06,21,0.0,29.199884,11.918324,2005
20261,r4i1p1f1,2005,06,22,0.0,29.479706,12.992492,2005
20262,r4i1p1f1,2005,06,23,0.03903819916019747,26.504084,12.170561,2005
20263,r4i1p1f1,2005,06,24,0.0,24.171158,9.760321,2005
20264,r4i1p1f1,2005,06,25,0.0,24.159267,8.736324,2005
20265,r4i1p1f1,2005,06,26,0.0,24.31043,8.53956,2005
20266,r4i1p1f1,2005,06,27,0.0,24.22425,9.287437,2005
20267,r4i1p1f1,2005,06,28,0.013774807049473536,22.59594,7.5663066,2005
20268,r4i1p1f1,2005,06,29,0.4960327445620532,17.308537,6.3515615,2005
20269,r4i1p1f1,2005,06,30,0.0,18.542482,4.192513,2005
20270,r4i1p1f1,2005,07,01,0.0,20.47197,5.2796655,2005
20271,r4i1p1f1,2005,07,02,0.0,25.456612,9.07941,2005
20272,r4i1p1f1,2005,07,03,0.0,26.904919,11.843215,2005
20273,r4i1p1f1,2005,07,04,0.0,25.205597,10.039147,2005
20274,r4i1p1f1,2005,07,05,0.0,22.829018,7.8249674,2005
20275,r4i1p1f1,2005,07,06,0.0,26.207273,9.833758,2005
20276,r4i1p1f1,2005,07,07,0.0,26.62639,10.977701,2005
20277,r4i1p1f1,2005,07,08,0.0,25.122692,10.022729,2005
20278,r4i1p1f1,2005,07,09,0.0,25.774244,9.455712,2005
20279,r4i1p1f1,2005,07,10,0.10401546492607952,28.271168,11.195848,2005
20280,r4i1p1f1,2005,07,11,0.312070239823084,26.888212,12.923729,2005
20281,r4i1p1f1,2005,07,12,0.0,24.736214,12.015937,2005
20282,r4i1p1f1,2005,07,13,0.0,25.105247,8.904769,2005
20283,r4i1p1f1,2005,07,14,0.0,25.91212,10.671832,2005
20284,r4i1p1f1,2005,07,15,0.0,27.030664,9.731581,2005
20285,r4i1p1f1,2005,07,16,0.0,26.887424,10.996267,2005
20286,r4i1p1f1,2005,07,17,0.0,26.471191,11.826988,2005
20287,r4i1p1f1,2005,07,18,0.0,24.058212,10.204911,2005
20288,r4i1p1f1,2005,07,19,0.0,20.82147,7.2032003,2005
20289,r4i1p1f1,2005,07,20,0.0,21.11816,5.73775,2005
20290,r4i1p1f1,2005,07,21,0.0,22.093153,7.6971025,2005
20291,r4i1p1f1,2005,07,22,0.0,23.10296,7.3395305,2005
20292,r4i1p1f1,2005,07,23,0.0,22.430511,8.214266,2005
20293,r4i1p1f1,2005,07,24,0.0,23.42663,8.205696,2005
20294,r4i1p1f1,2005,07,25,0.0,25.38891,8.843387,2005
20295,r4i1p1f1,2005,07,26,0.0,25.058952,10.165996,2005
20296,r4i1p1f1,2005,07,27,0.0,24.89679,10.132903,2005
20297,r4i1p1f1,2005,07,28,0.0,25.76846,10.477866,2005
20298,r4i1p1f1,2005,07,29,0.0,25.368664,11.606585,2005
20299,r4i1p1f1,2005,07,30,0.0,26.094261,9.521229,2005
20300,r4i1p1f1,2005,07,31,0.28167813575998574,26.25805,12.520723,2005
20301,r4i1p1f1,2005,08,01,0.0,26.673172,12.874239,2005
20302,r4i1p1f1,2005,08,02,0.0,26.316338,11.465486,2005
20303,r4i1p1f1,2005,08,03,0.0,26.474863,9.314635,2005
20304,r4i1p1f1,2005,08,04,0.0,26.398142,10.597924,2005
20305,r4i1p1f1,2005,08,05,0.0,26.30861,10.667946,2005
20306,r4i1p1f1,2005,08,06,0.0,26.774302,10.654498,2005
20307,r4i1p1f1,2005,08,07,0.0,27.50478,10.933628,2005
20308,r4i1p1f1,2005,08,08,0.15189789173828555,27.689217,11.23091,2005
20309,r4i1p1f1,2005,08,09,0.3432777692974446,27.306177,12.279166,2005
20310,r4i1p1f1,2005,08,10,0.15377543114478134,26.076391,10.934157,2005
20311,r4i1p1f1,2005,08,11,0.0,24.358507,8.830738,2005
20312,r4i1p1f1,2005,08,12,0.0,23.839874,7.038921,2005
20313,r4i1p1f1,2005,08,13,0.0,23.907017,7.462482,2005
20314,r4i1p1f1,2005,08,14,0.0,24.303282,7.9151535,2005
20315,r4i1p1f1,2005,08,15,0.0,23.868568,8.165907,2005
20316,r4i1p1f1,2005,08,16,0.0,24.326092,8.343721,2005
20317,r4i1p1f1,2005,08,17,0.0,25.0811,8.7611265,2005
20318,r4i1p1f1,2005,08,18,0.0,26.276766,9.369114,2005
20319,r4i1p1f1,2005,08,19,0.0,26.479269,9.891097,2005
20320,r4i1p1f1,2005,08,20,0.0,24.655329,9.35808,2005
20321,r4i1p1f1,2005,08,21,0.0,20.239988,5.910998,2005
20322,r4i1p1f1,2005,08,22,0.0,21.48089,4.5579724,2005
20323,r4i1p1f1,2005,08,23,0.0,24.172386,6.8684893,2005
20324,r4i1p1f1,2005,08,24,0.0,25.935751,8.537117,2005
20325,r4i1p1f1,2005,08,25,0.0,27.509102,10.283339,2005
20326,r4i1p1f1,2005,08,26,0.0,29.160454,11.975587,2005
20327,r4i1p1f1,2005,08,27,0.0,30.20656,13.27747,2005
20328,r4i1p1f1,2005,08,28,0.0,31.121954,13.497146,2005
20329,r4i1p1f1,2005,08,29,0.0,30.917086,12.754435,2005
20330,r4i1p1f1,2005,08,30,1.2307840869517057,28.549051,13.8125725,2005
20331,r4i1p1f1,2005,08,31,1.9128350540073757,24.078892,11.549363,2005
20332,r4i1p1f1,2005,09,01,0.369908223710891,24.08075,8.695545,2005
20333,r4i1p1f1,2005,09,02,0.0,24.684,8.991841,2005
20334,r4i1p1f1,2005,09,03,0.0,23.350842,9.614879,2005
20335,r4i1p1f1,2005,09,04,0.0,20.83617,6.0679812,2005
20336,r4i1p1f1,2005,09,05,0.0,17.914043,3.0564425,2005
20337,r4i1p1f1,2005,09,06,0.0,22.449928,4.141499,2005
20338,r4i1p1f1,2005,09,07,0.0,23.538393,6.4813967,2005
20339,r4i1p1f1,2005,09,08,0.0,25.140831,8.38115,2005
20340,r4i1p1f1,2005,09,09,0.0,25.56848,8.804113,2005
20341,r4i1p1f1,2005,09,10,0.0,24.49599,8.366671,2005
20342,r4i1p1f1,2005,09,11,0.0,24.709574,7.188471,2005
20343,r4i1p1f1,2005,09,12,0.0,24.118965,8.2156515,2005
20344,r4i1p1f1,2005,09,13,0.0,23.252743,6.974617,2005
20345,r4i1p1f1,2005,09,14,0.0,22.763102,6.6307173,2005
20346,r4i1p1f1,2005,09,15,0.4956069776894497,22.406816,6.8043427,2005
20347,r4i1p1f1,2005,09,16,0.39134599372867823,19.184261,4.3133616,2005
20348,r4i1p1f1,2005,09,17,0.2420954740757957,19.416666,2.3742626,2005
20349,r4i1p1f1,2005,09,18,0.0,19.790854,5.6633554,2005
20350,r4i1p1f1,2005,09,19,0.0,16.276192,0.017455088,2005
20351,r4i1p1f1,2005,09,20,0.0,7.430248,-4.4554653,2005
20352,r4i1p1f1,2005,09,21,0.12467474789363679,5.162178,-5.892192,2005
20353,r4i1p1f1,2005,09,22,0.0,12.391125,-3.7618706,2005
20354,r4i1p1f1,2005,09,23,0.0,17.195677,-0.634434,2005
20355,r4i1p1f1,2005,09,24,0.0,21.566647,3.9783976,2005
20356,r4i1p1f1,2005,09,25,0.0,23.589289,6.4155087,2005
20357,r4i1p1f1,2005,09,26,0.0,23.31962,7.060618,2005
20358,r4i1p1f1,2005,09,27,0.0,23.064707,7.735913,2005
20359,r4i1p1f1,2005,09,28,0.0,22.326216,6.5414143,2005
20360,r4i1p1f1,2005,09,29,0.0,22.237734,4.99451,2005
20361,r4i1p1f1,2005,09,30,0.0,19.583267,3.8906007,2005
20362,r4i1p1f1,2005,10,01,0.0,16.686563,3.2078125,2005
20363,r4i1p1f1,2005,10,02,1.7110269600585748,18.119635,4.4652734,2005
20364,r4i1p1f1,2005,10,03,0.9850794489581582,8.19383,-4.939593,2005
20365,r4i1p1f1,2005,10,04,0.0,12.196549,-3.8156238,2005
20366,r4i1p1f1,2005,10,05,0.0,15.301864,-0.48662302,2005
20367,r4i1p1f1,2005,10,06,0.0,18.07029,2.2029982,2005
20368,r4i1p1f1,2005,10,07,0.0,20.371717,4.1070113,2005
20369,r4i1p1f1,2005,10,08,0.0,21.759747,4.890563,2005
20370,r4i1p1f1,2005,10,09,0.0,20.126947,5.7254066,2005
20371,r4i1p1f1,2005,10,10,0.0,18.5648,5.4691916,2005
20372,r4i1p1f1,2005,10,11,0.0,21.046402,4.645936,2005
20373,r4i1p1f1,2005,10,12,0.0,22.843857,7.2083173,2005
20374,r4i1p1f1,2005,10,13,0.0,23.552216,7.4294567,2005
20375,r4i1p1f1,2005,10,14,0.0,23.885323,8.176962,2005
20376,r4i1p1f1,2005,10,15,0.0,22.437946,8.663512,2005
20377,r4i1p1f1,2005,10,16,0.0,21.546629,6.105496,2005
20378,r4i1p1f1,2005,10,17,0.0,19.916927,6.276769,2005
20379,r4i1p1f1,2005,10,18,0.0,20.187675,3.7132993,2005
20380,r4i1p1f1,2005,10,19,0.0,19.70679,2.2456946,2005
20381,r4i1p1f1,2005,10,20,0.0,18.905298,4.9215817,2005
20382,r4i1p1f1,2005,10,21,0.0,17.62591,5.149144,2005
20383,r4i1p1f1,2005,10,22,1.5050813472825875,15.816383,5.313514,2005
20384,r4i1p1f1,2005,10,23,0.0,12.447302,0.46310425,2005
20385,r4i1p1f1,2005,10,24,0.0,15.029237,-0.8164281,2005
20386,r4i1p1f1,2005,10,25,0.0,17.12398,1.6333486,2005
20387,r4i1p1f1,2005,10,26,0.0,16.451996,2.5145774,2005
20388,r4i1p1f1,2005,10,27,0.0,15.534757,2.0412087,2005
20389,r4i1p1f1,2005,10,28,0.0,13.78281,-0.33940595,2005
20390,r4i1p1f1,2005,10,29,0.0,13.371973,-1.2440414,2005
20391,r4i1p1f1,2005,10,30,0.08600403357068566,10.572303,-2.1631813,2005
20392,r4i1p1f1,2005,10,31,0.05461783310987384,5.017701,-7.218945,2005
20393,r4i1p1f1,2005,11,01,0.35692252971398064,6.7658443,-7.216912,2005
20394,r4i1p1f1,2005,11,02,0.0,11.302864,-3.39379,2005
20395,r4i1p1f1,2005,11,03,0.0,16.542553,0.31617868,2005
20396,r4i1p1f1,2005,11,04,0.0,18.785675,3.2984817,2005
20397,r4i1p1f1,2005,11,05,0.0,20.340197,4.42907,2005
20398,r4i1p1f1,2005,11,06,0.0,18.623322,4.448355,2005
20399,r4i1p1f1,2005,11,07,0.0,15.901388,0.99749357,2005
20400,r4i1p1f1,2005,11,08,0.0,12.6903305,-1.85866,2005
20401,r4i1p1f1,2005,11,09,0.0,10.218937,-1.4226681,2005
20402,r4i1p1f1,2005,11,10,0.0,8.036969,-4.207824,2005
20403,r4i1p1f1,2005,11,11,0.0,10.551157,-3.8941514,2005
20404,r4i1p1f1,2005,11,12,0.0,12.71655,-2.7468836,2005
20405,r4i1p1f1,2005,11,13,0.0,11.5408125,0.948481,2005
20406,r4i1p1f1,2005,11,14,0.0,12.82835,-1.1909807,2005
20407,r4i1p1f1,2005,11,15,0.0,16.730185,0.17506057,2005
20408,r4i1p1f1,2005,11,16,0.0,15.142492,0.910477,2005
20409,r4i1p1f1,2005,11,17,0.0,13.267316,-0.63488,2005
20410,r4i1p1f1,2005,11,18,0.0,16.117458,0.23859492,2005
20411,r4i1p1f1,2005,11,19,0.0,17.333055,4.976517,2005
20412,r4i1p1f1,2005,11,20,0.0,14.554524,3.230715,2005
20413,r4i1p1f1,2005,11,21,0.0,11.412255,-0.81948644,2005
20414,r4i1p1f1,2005,11,22,0.0,13.168761,0.43562207,2005
20415,r4i1p1f1,2005,11,23,2.314664365990602,15.313938,2.5971293,2005
20416,r4i1p1f1,2005,11,24,0.0,8.849668,-2.8375509,2005
20417,r4i1p1f1,2005,11,25,0.0,13.483677,-1.5228864,2005
20418,r4i1p1f1,2005,11,26,0.0,15.5103445,0.20800021,2005
20419,r4i1p1f1,2005,11,27,0.0,14.52181,-0.33772078,2005
20420,r4i1p1f1,2005,11,28,0.0,15.156834,0.31519985,2005
20421,r4i1p1f1,2005,11,29,0.0,14.545548,-0.15938579,2005
20422,r4i1p1f1,2005,11,30,0.0,12.614615,-1.7436941,2005
20423,r4i1p1f1,2005,12,01,4.285193213713497,10.145214,0.8751255,2005
20424,r4i1p1f1,2005,12,02,8.040559738050046,7.7923446,-1.8931124,2005
20425,r4i1p1f1,2005,12,03,0.0,12.746645,-1.2155789,2005
20426,r4i1p1f1,2005,12,04,0.0,13.315278,0.5068801,2005
20427,r4i1p1f1,2005,12,05,0.00037350378922930584,12.462642,1.6783012,2005
20428,r4i1p1f1,2005,12,06,0.0,10.233838,0.94136745,2005
20429,r4i1p1f1,2005,12,07,0.21775373019845246,7.1615787,-2.8056037,2005
20430,r4i1p1f1,2005,12,08,0.5861558474022716,7.621858,-1.8740238,2005
20431,r4i1p1f1,2005,12,09,0.0,10.394813,-2.9298441,2005
20432,r4i1p1f1,2005,12,10,1.8399959486050976,9.003257,-2.6651356,2005
20433,r4i1p1f1,2005,12,11,64.64846846710772,3.8234923,-2.184469,2005
20434,r4i1p1f1,2005,12,12,55.85006961453605,4.145178,-4.3336983,2005
20435,r4i1p1f1,2005,12,13,24.584141299761967,-0.31339675,-9.100307,2005
20436,r4i1p1f1,2005,12,14,9.410897300371108,-1.0730764,-8.813566,2005
20437,r4i1p1f1,2005,12,15,51.28923227464806,5.8138094,-4.1705613,2005
20438,r4i1p1f1,2005,12,16,0.3533757811809737,6.4710026,-0.521393,2005
20439,r4i1p1f1,2005,12,17,0.0728288294669247,4.4344435,-4.0933146,2005
20440,r4i1p1f1,2005,12,18,0.0,0.818877,-10.500267,2005
20441,r4i1p1f1,2005,12,19,0.0,-3.4926472,-15.9453,2005
20442,r4i1p1f1,2005,12,20,0.0,-1.6206685,-14.612793,2005
20443,r4i1p1f1,2005,12,21,0.0,3.2018595,-10.920962,2005
20444,r4i1p1f1,2005,12,22,0.0,6.208677,-6.462356,2005
20445,r4i1p1f1,2005,12,23,0.0,8.74304,-3.80464,2005
20446,r4i1p1f1,2005,12,24,0.0,8.2577715,-3.0817924,2005
20447,r4i1p1f1,2005,12,25,24.190736986060386,4.550547,-1.7162727,2005
20448,r4i1p1f1,2005,12,26,0.0003710445756399772,2.2295454,-8.192758,2005
20449,r4i1p1f1,2005,12,27,0.0,2.9574642,-8.971811,2005
20450,r4i1p1f1,2005,12,28,0.0,3.2060413,-8.967067,2005
20451,r4i1p1f1,2005,12,29,0.32750240271562436,0.1419599,-10.72111,2005
20452,r4i1p1f1,2005,12,30,0.0,1.2689989,-8.754633,2005
20453,r4i1p1f1,2005,12,31,0.0,3.2688036,-7.440182,2005
20454,r4i1p1f1,2006,01,01,0.0,6.3552,-5.359153,2006
20455,r4i1p1f1,2006,01,02,0.0,9.510989,-3.818603,2006
20456,r4i1p1f1,2006,01,03,0.0,11.4016485,-2.4282877,2006
20457,r4i1p1f1,2006,01,04,0.0,8.812267,-2.2395353,2006
20458,r4i1p1f1,2006,01,05,0.0,7.868977,-6.0069776,2006
20459,r4i1p1f1,2006,01,06,0.0,6.2825856,-4.298145,2006
20460,r4i1p1f1,2006,01,07,7.057345343913174,1.4925944,-5.6277285,2006
20461,r4i1p1f1,2006,01,08,6.770923966469456,3.0735924,-9.263095,2006
20462,r4i1p1f1,2006,01,09,0.0,3.1883576,-7.8274837,2006
20463,r4i1p1f1,2006,01,10,0.09041199989054416,3.7392993,-7.514844,2006
20464,r4i1p1f1,2006,01,11,10.365584727713303,0.95877415,-6.416993,2006
20465,r4i1p1f1,2006,01,12,0.0,5.9461126,-6.593858,2006
20466,r4i1p1f1,2006,01,13,0.0,10.691378,-4.074305,2006
20467,r4i1p1f1,2006,01,14,0.0,12.890081,-0.94022864,2006
20468,r4i1p1f1,2006,01,15,0.0,13.343261,1.0397235,2006
20469,r4i1p1f1,2006,01,16,0.0,9.931443,-0.13631319,2006
20470,r4i1p1f1,2006,01,17,0.0,5.726523,-5.473119,2006
20471,r4i1p1f1,2006,01,18,0.0,10.2137,-3.5198417,2006
20472,r4i1p1f1,2006,01,19,0.0,13.717419,0.5733232,2006
20473,r4i1p1f1,2006,01,20,0.0,13.281534,0.18102676,2006
20474,r4i1p1f1,2006,01,21,0.010990537874236265,11.46298,0.06631739,2006
20475,r4i1p1f1,2006,01,22,0.0,11.760715,-1.3139464,2006
20476,r4i1p1f1,2006,01,23,1.9991870634675255,7.7013483,-3.453503,2006
20477,r4i1p1f1,2006,01,24,1.1080221737941993,3.9639382,-7.749662,2006
20478,r4i1p1f1,2006,01,25,28.857642350659383,2.759253,-4.1507425,2006
20479,r4i1p1f1,2006,01,26,30.684197698277316,2.2773612,-7.8782477,2006
20480,r4i1p1f1,2006,01,27,0.0,-0.3581393,-9.383697,2006
20481,r4i1p1f1,2006,01,28,0.0,0.50221103,-12.566938,2006
20482,r4i1p1f1,2006,01,29,0.0,0.78322464,-11.451279,2006
20483,r4i1p1f1,2006,01,30,0.0,1.379575,-11.10291,2006
20484,r4i1p1f1,2006,01,31,3.2711847366394626,-1.9381626,-10.377306,2006
20485,r4i1p1f1,2006,02,01,0.0,3.6598086,-11.582469,2006
20486,r4i1p1f1,2006,02,02,0.0,5.200192,-9.392271,2006
20487,r4i1p1f1,2006,02,03,3.6379437561321932,2.56054,-7.0359488,2006
20488,r4i1p1f1,2006,02,04,0.0,2.6511385,-8.330584,2006
20489,r4i1p1f1,2006,02,05,0.0,5.4218144,-8.578243,2006
20490,r4i1p1f1,2006,02,06,0.0,4.955005,-3.4657657,2006
20491,r4i1p1f1,2006,02,07,0.0,8.709059,-7.1274176,2006
20492,r4i1p1f1,2006,02,08,0.0,10.708944,-3.3480496,2006
20493,r4i1p1f1,2006,02,09,0.0,8.475178,-4.2262163,2006
20494,r4i1p1f1,2006,02,10,0.0,4.381048,-8.736511,2006
20495,r4i1p1f1,2006,02,11,0.0,10.730715,-5.127919,2006
20496,r4i1p1f1,2006,02,12,0.0,12.987485,-0.9678498,2006
20497,r4i1p1f1,2006,02,13,0.0,10.1851015,-1.6034623,2006
20498,r4i1p1f1,2006,02,14,0.0,8.489666,-4.381587,2006
20499,r4i1p1f1,2006,02,15,0.0,6.7996945,-5.494817,2006
20500,r4i1p1f1,2006,02,16,0.0,9.079605,-4.9614387,2006
20501,r4i1p1f1,2006,02,17,0.0,12.268562,-2.5037193,2006
20502,r4i1p1f1,2006,02,18,0.0,12.059391,-1.5110036,2006
20503,r4i1p1f1,2006,02,19,3.2688285437677522,7.3739185,-5.8262925,2006
20504,r4i1p1f1,2006,02,20,0.0,-0.17640652,-12.117754,2006
20505,r4i1p1f1,2006,02,21,0.0,2.7966192,-11.747147,2006
20506,r4i1p1f1,2006,02,22,0.0,2.0622559,-10.3132715,2006
20507,r4i1p1f1,2006,02,23,0.0,4.527655,-8.473439,2006
20508,r4i1p1f1,2006,02,24,0.0,10.673985,-4.290202,2006
20509,r4i1p1f1,2006,02,25,0.0,13.343774,-2.152166,2006
20510,r4i1p1f1,2006,02,26,0.0,12.320573,-1.62022,2006
20511,r4i1p1f1,2006,02,27,0.0,9.583796,-4.2687564,2006
20512,r4i1p1f1,2006,02,28,0.0,7.9274077,-2.6470819,2006
20513,r4i1p1f1,2006,03,01,0.0,8.192127,-6.2508903,2006
20514,r4i1p1f1,2006,03,02,0.0,7.1894765,-7.008071,2006
20515,r4i1p1f1,2006,03,03,0.0,8.745706,-6.988242,2006
20516,r4i1p1f1,2006,03,04,0.0,8.265484,-4.299221,2006
20517,r4i1p1f1,2006,03,05,0.0,10.185212,-6.7582264,2006
20518,r4i1p1f1,2006,03,06,0.0,14.77306,-3.6952438,2006
20519,r4i1p1f1,2006,03,07,0.0,15.119517,1.4180927,2006
20520,r4i1p1f1,2006,03,08,0.0,12.144429,-0.5671707,2006
20521,r4i1p1f1,2006,03,09,10.567255627429239,4.899835,-9.5765295,2006
20522,r4i1p1f1,2006,03,10,0.02438552683952572,0.8161883,-9.692313,2006
20523,r4i1p1f1,2006,03,11,0.0,7.6435194,-9.311733,2006
20524,r4i1p1f1,2006,03,12,14.158809393232401,4.6146426,-6.7214293,2006
20525,r4i1p1f1,2006,03,13,0.6739727469799593,-2.108835,-10.44365,2006
20526,r4i1p1f1,2006,03,14,0.02933664552950905,-0.2727376,-9.178422,2006
20527,r4i1p1f1,2006,03,15,0.0,6.720024,-10.5835705,2006
20528,r4i1p1f1,2006,03,16,0.0,10.449206,-5.9267797,2006
20529,r4i1p1f1,2006,03,17,0.0,11.891362,-4.343988,2006
20530,r4i1p1f1,2006,03,18,0.06917067455036047,9.645258,-2.648208,2006
20531,r4i1p1f1,2006,03,19,0.002405345164675569,2.472981,-9.1912985,2006
20532,r4i1p1f1,2006,03,20,0.0,3.8379476,-10.702922,2006
20533,r4i1p1f1,2006,03,21,0.0,9.900727,-7.372314,2006
20534,r4i1p1f1,2006,03,22,0.0,12.421319,-4.0616026,2006
20535,r4i1p1f1,2006,03,23,1.347606147596522,8.805866,-1.9676249,2006
20536,r4i1p1f1,2006,03,24,10.144473137020563,1.9441856,-11.973257,2006
20537,r4i1p1f1,2006,03,25,0.5559678705786071,5.311204,-9.890466,2006
20538,r4i1p1f1,2006,03,26,0.0,11.269997,-6.2879834,2006
20539,r4i1p1f1,2006,03,27,4.033890169594746,7.6717606,-5.6270504,2006
20540,r4i1p1f1,2006,03,28,5.624925115090959,-1.546386,-9.539479,2006
20541,r4i1p1f1,2006,03,29,0.9739569627778126,1.4893761,-8.541541,2006
20542,r4i1p1f1,2006,03,30,0.0,7.168575,-8.343365,2006
20543,r4i1p1f1,2006,03,31,0.0,9.00614,-6.27351,2006
20544,r4i1p1f1,2006,04,01,0.0,7.953662,-4.6028743,2006
20545,r4i1p1f1,2006,04,02,0.0,13.236977,-4.1944423,2006
20546,r4i1p1f1,2006,04,03,0.0,13.644445,0.7717607,2006
20547,r4i1p1f1,2006,04,04,0.4317695868120695,11.12728,-1.6061311,2006
20548,r4i1p1f1,2006,04,05,0.0,12.200364,-4.295221,2006
20549,r4i1p1f1,2006,04,06,0.0,15.098484,-0.52819926,2006
20550,r4i1p1f1,2006,04,07,0.0,16.899366,0.92626256,2006
20551,r4i1p1f1,2006,04,08,0.0,14.921529,0.10443157,2006
20552,r4i1p1f1,2006,04,09,0.0,13.725202,-0.8721867,2006
20553,r4i1p1f1,2006,04,10,1.4930305876748713,8.904824,-4.60766,2006
20554,r4i1p1f1,2006,04,11,0.15428983842125962,2.4597156,-9.4792,2006
20555,r4i1p1f1,2006,04,12,0.0,11.40547,-5.533982,2006
20556,r4i1p1f1,2006,04,13,0.0,13.257713,0.46614358,2006
20557,r4i1p1f1,2006,04,14,3.2386716871596906,5.287972,-7.295251,2006
20558,r4i1p1f1,2006,04,15,1.5052331079908265,-1.1022614,-11.033341,2006
20559,r4i1p1f1,2006,04,16,0.0,6.8261204,-10.696114,2006
20560,r4i1p1f1,2006,04,17,8.183144392474722,3.1180751,-5.1900945,2006
20561,r4i1p1f1,2006,04,18,2.6319019069365224,2.1474433,-5.532642,2006
20562,r4i1p1f1,2006,04,19,0.0,6.7072678,-7.735972,2006
20563,r4i1p1f1,2006,04,20,0.0,8.461628,-5.729511,2006
20564,r4i1p1f1,2006,04,21,0.0,12.1484585,-3.8370905,2006
20565,r4i1p1f1,2006,04,22,0.0,14.718179,-2.5614798,2006
20566,r4i1p1f1,2006,04,23,0.0,16.780027,1.5531358,2006
20567,r4i1p1f1,2006,04,24,0.0,16.632689,2.4937258,2006
20568,r4i1p1f1,2006,04,25,0.419724456743628,14.027114,1.450856,2006
20569,r4i1p1f1,2006,04,26,9.544046518294223,8.930042,-3.7930815,2006
20570,r4i1p1f1,2006,04,27,6.592736878299061,4.466376,-9.799743,2006
20571,r4i1p1f1,2006,04,28,0.0,15.956464,-2.0391674,2006
20572,r4i1p1f1,2006,04,29,0.0,19.516376,3.3391845,2006
20573,r4i1p1f1,2006,04,30,0.0,18.486397,4.0274634,2006
20574,r4i1p1f1,2006,05,01,0.0,16.24615,3.2523992,2006
20575,r4i1p1f1,2006,05,02,0.0,14.743854,1.0578731,2006
20576,r4i1p1f1,2006,05,03,0.0,17.191118,2.0932438,2006
20577,r4i1p1f1,2006,05,04,0.0,19.127321,4.2511573,2006
20578,r4i1p1f1,2006,05,05,0.0,20.924795,4.590909,2006
20579,r4i1p1f1,2006,05,06,0.0,22.013836,5.8274646,2006
20580,r4i1p1f1,2006,05,07,0.0006807891507654101,20.955702,5.9374456,2006
20581,r4i1p1f1,2006,05,08,0.0,16.979177,4.869625,2006
20582,r4i1p1f1,2006,05,09,0.8657641371243135,12.998914,-0.9271956,2006
20583,r4i1p1f1,2006,05,10,0.0,17.303133,1.8229704,2006
20584,r4i1p1f1,2006,05,11,0.0,19.059042,5.1038504,2006
20585,r4i1p1f1,2006,05,12,0.0,18.528465,4.8279586,2006
20586,r4i1p1f1,2006,05,13,0.0,17.705004,2.686243,2006
20587,r4i1p1f1,2006,05,14,0.0,19.440191,3.6937904,2006
20588,r4i1p1f1,2006,05,15,0.06323112251414291,20.44625,6.016539,2006
20589,r4i1p1f1,2006,05,16,0.0,16.74806,4.328869,2006
20590,r4i1p1f1,2006,05,17,0.0,18.588146,1.9233965,2006
20591,r4i1p1f1,2006,05,18,0.0,21.103012,5.3513803,2006
20592,r4i1p1f1,2006,05,19,0.3521616886225616,20.261518,5.4045134,2006
20593,r4i1p1f1,2006,05,20,0.0019856752910465845,19.914661,4.878931,2006
20594,r4i1p1f1,2006,05,21,0.41254417477196664,17.650843,3.1363893,2006
20595,r4i1p1f1,2006,05,22,3.2898242177022574,15.900467,1.7611709,2006
20596,r4i1p1f1,2006,05,23,2.020377611461711,16.766958,2.1644413,2006
20597,r4i1p1f1,2006,05,24,0.012233724045394434,19.062023,4.2384386,2006
20598,r4i1p1f1,2006,05,25,0.02893381749439934,19.816362,4.203003,2006
20599,r4i1p1f1,2006,05,26,0.0,16.900352,3.6707714,2006
20600,r4i1p1f1,2006,05,27,0.2432685751152937,18.678993,3.8378446,2006
20601,r4i1p1f1,2006,05,28,0.0615783879107783,17.54127,3.7310069,2006
20602,r4i1p1f1,2006,05,29,0.8373794564397845,16.528015,4.361974,2006
20603,r4i1p1f1,2006,05,30,0.0,18.40474,4.6193337,2006
20604,r4i1p1f1,2006,05,31,0.0,18.378279,5.1368046,2006
20605,r4i1p1f1,2006,06,01,0.0,17.675241,1.994506,2006
20606,r4i1p1f1,2006,06,02,0.0,17.36783,3.5988758,2006
20607,r4i1p1f1,2006,06,03,0.0,19.617378,5.615031,2006
20608,r4i1p1f1,2006,06,04,0.25317231307756494,23.86299,7.6493316,2006
20609,r4i1p1f1,2006,06,05,0.0,24.28307,9.228994,2006
20610,r4i1p1f1,2006,06,06,0.0,22.96025,7.968072,2006
20611,r4i1p1f1,2006,06,07,0.0,21.953571,6.8003097,2006
20612,r4i1p1f1,2006,06,08,0.0,21.373163,5.8025084,2006
20613,r4i1p1f1,2006,06,09,0.0004510553423325822,23.05405,7.5088797,2006
20614,r4i1p1f1,2006,06,10,0.0,24.359194,9.633557,2006
20615,r4i1p1f1,2006,06,11,0.0,24.9278,9.983456,2006
20616,r4i1p1f1,2006,06,12,2.591759380386798,22.6718,9.904206,2006
20617,r4i1p1f1,2006,06,13,4.955008160693287,11.688197,2.5317266,2006
20618,r4i1p1f1,2006,06,14,2.9962604804689064,12.035213,0.79218256,2006
20619,r4i1p1f1,2006,06,15,0.1541507458819995,16.285751,3.1759498,2006
20620,r4i1p1f1,2006,06,16,0.0,15.763855,3.0311656,2006
20621,r4i1p1f1,2006,06,17,0.0,13.737518,0.21089718,2006
20622,r4i1p1f1,2006,06,18,0.0,18.02572,2.1544988,2006
20623,r4i1p1f1,2006,06,19,0.0,23.86192,6.374293,2006
20624,r4i1p1f1,2006,06,20,0.0,25.918987,8.921642,2006
20625,r4i1p1f1,2006,06,21,0.0,24.860868,10.594202,2006
20626,r4i1p1f1,2006,06,22,0.0,23.078022,9.445315,2006
20627,r4i1p1f1,2006,06,23,0.0,23.670107,8.043549,2006
20628,r4i1p1f1,2006,06,24,0.0,25.456963,9.691908,2006
20629,r4i1p1f1,2006,06,25,0.0,25.690557,10.321772,2006
20630,r4i1p1f1,2006,06,26,0.0,23.117687,10.4460745,2006
20631,r4i1p1f1,2006,06,27,0.0,21.63121,7.930436,2006
20632,r4i1p1f1,2006,06,28,0.0,19.609167,5.111115,2006
20633,r4i1p1f1,2006,06,29,0.0,20.640663,5.777959,2006
20634,r4i1p1f1,2006,06,30,0.0,22.381138,6.1817656,2006
20635,r4i1p1f1,2006,07,01,0.0,22.862993,6.86173,2006
20636,r4i1p1f1,2006,07,02,0.0,21.704676,6.991069,2006
20637,r4i1p1f1,2006,07,03,0.0,20.11208,5.835223,2006
20638,r4i1p1f1,2006,07,04,0.0,16.90115,1.6777737,2006
20639,r4i1p1f1,2006,07,05,0.0,16.273878,1.5099189,2006
20640,r4i1p1f1,2006,07,06,0.0,19.279655,2.6185894,2006
20641,r4i1p1f1,2006,07,07,0.0,19.811089,5.5582004,2006
20642,r4i1p1f1,2006,07,08,0.0,19.66343,5.551113,2006
20643,r4i1p1f1,2006,07,09,0.0,22.164927,5.6195083,2006
20644,r4i1p1f1,2006,07,10,0.0,23.810228,8.200647,2006
20645,r4i1p1f1,2006,07,11,0.0,23.12613,9.015834,2006
20646,r4i1p1f1,2006,07,12,0.0,22.593954,8.162397,2006
20647,r4i1p1f1,2006,07,13,0.0,24.965776,11.361906,2006
20648,r4i1p1f1,2006,07,14,0.0,26.065834,11.360994,2006
20649,r4i1p1f1,2006,07,15,0.0,25.669214,11.218705,2006
20650,r4i1p1f1,2006,07,16,0.3291473670876311,25.311855,11.92348,2006
20651,r4i1p1f1,2006,07,17,0.0,25.1279,10.788725,2006
20652,r4i1p1f1,2006,07,18,0.0,24.82858,10.08661,2006
20653,r4i1p1f1,2006,07,19,0.0,26.268847,9.489702,2006
20654,r4i1p1f1,2006,07,20,0.0,28.102646,11.169364,2006
20655,r4i1p1f1,2006,07,21,0.0,29.639227,12.920929,2006
20656,r4i1p1f1,2006,07,22,0.0,30.866068,13.631258,2006
20657,r4i1p1f1,2006,07,23,0.0,29.845932,13.829258,2006
20658,r4i1p1f1,2006,07,24,0.0,27.960854,12.502699,2006
20659,r4i1p1f1,2006,07,25,0.0,27.81995,13.029897,2006
20660,r4i1p1f1,2006,07,26,0.0,26.639221,11.395537,2006
20661,r4i1p1f1,2006,07,27,0.0,24.662832,9.119066,2006
20662,r4i1p1f1,2006,07,28,0.0,24.291271,9.440942,2006
20663,r4i1p1f1,2006,07,29,0.0,26.130003,10.221333,2006
20664,r4i1p1f1,2006,07,30,0.0,27.750902,11.276451,2006
20665,r4i1p1f1,2006,07,31,0.0,29.048344,13.764553,2006
20666,r4i1p1f1,2006,08,01,0.05377739306004103,28.509558,13.816306,2006
20667,r4i1p1f1,2006,08,02,1.5712665795591292,26.416592,14.174711,2006
20668,r4i1p1f1,2006,08,03,5.680153781824168,26.89721,13.556528,2006
20669,r4i1p1f1,2006,08,04,1.419774620001701,28.32155,12.647458,2006
20670,r4i1p1f1,2006,08,05,1.461047245281995,29.385353,13.577318,2006
20671,r4i1p1f1,2006,08,06,0.145590401272241,27.843466,12.798089,2006
20672,r4i1p1f1,2006,08,07,0.1115892757071498,27.115894,11.618557,2006
20673,r4i1p1f1,2006,08,08,0.0,26.134958,11.46346,2006
20674,r4i1p1f1,2006,08,09,0.0,24.934208,9.5955925,2006
20675,r4i1p1f1,2006,08,10,0.0,24.444347,8.136891,2006
20676,r4i1p1f1,2006,08,11,0.0,25.465723,9.945332,2006
20677,r4i1p1f1,2006,08,12,0.0,24.84622,10.609365,2006
20678,r4i1p1f1,2006,08,13,0.0,22.589577,7.9439154,2006
20679,r4i1p1f1,2006,08,14,0.0,22.167465,6.4372005,2006
20680,r4i1p1f1,2006,08,15,0.0,23.73544,8.380328,2006
20681,r4i1p1f1,2006,08,16,0.0,22.754328,8.531472,2006
20682,r4i1p1f1,2006,08,17,0.0,18.97123,5.897454,2006
20683,r4i1p1f1,2006,08,18,0.0,19.170727,2.940454,2006
20684,r4i1p1f1,2006,08,19,0.0,20.90197,4.921305,2006
20685,r4i1p1f1,2006,08,20,0.0,22.516191,6.9011908,2006
20686,r4i1p1f1,2006,08,21,0.0,23.284948,7.6113005,2006
20687,r4i1p1f1,2006,08,22,0.0,23.991648,8.806328,2006
20688,r4i1p1f1,2006,08,23,0.0,24.139051,7.918007,2006
20689,r4i1p1f1,2006,08,24,0.0,24.79135,8.27052,2006
20690,r4i1p1f1,2006,08,25,0.0,25.66262,10.039001,2006
20691,r4i1p1f1,2006,08,26,0.0,27.72288,11.3090725,2006
20692,r4i1p1f1,2006,08,27,8.836303762836083,26.442984,11.706215,2006
20693,r4i1p1f1,2006,08,28,68.86631307820052,13.020661,7.5669093,2006
20694,r4i1p1f1,2006,08,29,0.13733540493857993,14.933378,0.9425912,2006
20695,r4i1p1f1,2006,08,30,0.0,18.261896,3.7725189,2006
20696,r4i1p1f1,2006,08,31,0.0,20.302593,5.052468,2006
20697,r4i1p1f1,2006,09,01,0.0,22.123413,6.27598,2006
20698,r4i1p1f1,2006,09,02,0.0,24.074186,7.475189,2006
20699,r4i1p1f1,2006,09,03,0.0,25.129776,9.227608,2006
20700,r4i1p1f1,2006,09,04,0.002240517207766921,26.357777,10.185498,2006
20701,r4i1p1f1,2006,09,05,0.0,27.43291,11.219654,2006
20702,r4i1p1f1,2006,09,06,2.2377463064723866,28.003664,11.271695,2006
20703,r4i1p1f1,2006,09,07,2.5866611879359778,28.326965,12.158756,2006
20704,r4i1p1f1,2006,09,08,2.6323560126450696,26.957514,12.08019,2006
20705,r4i1p1f1,2006,09,09,1.9657751555647807,25.33534,9.925665,2006
20706,r4i1p1f1,2006,09,10,0.10081286403199483,24.981771,10.53492,2006
20707,r4i1p1f1,2006,09,11,0.11563733860384673,25.517103,11.128318,2006
20708,r4i1p1f1,2006,09,12,0.07875867183071328,25.388237,11.125249,2006
20709,r4i1p1f1,2006,09,13,0.15181253400820688,23.093613,9.08215,2006
20710,r4i1p1f1,2006,09,14,0.0,21.932892,7.3729796,2006
20711,r4i1p1f1,2006,09,15,0.0,24.238472,6.8855205,2006
20712,r4i1p1f1,2006,09,16,0.0,24.714937,9.127858,2006
20713,r4i1p1f1,2006,09,17,0.0,23.360947,9.221169,2006
20714,r4i1p1f1,2006,09,18,0.0,22.199823,6.8539343,2006
20715,r4i1p1f1,2006,09,19,0.0,20.545774,5.856027,2006
20716,r4i1p1f1,2006,09,20,0.0,17.432291,3.1271863,2006
20717,r4i1p1f1,2006,09,21,0.0,15.692683,1.2524006,2006
20718,r4i1p1f1,2006,09,22,0.0,16.956177,1.9760408,2006
20719,r4i1p1f1,2006,09,23,0.0,19.445616,3.4900491,2006
20720,r4i1p1f1,2006,09,24,0.0,17.659779,3.2093287,2006
20721,r4i1p1f1,2006,09,25,0.0,19.112658,4.157611,2006
20722,r4i1p1f1,2006,09,26,0.0,22.026075,5.6209846,2006
20723,r4i1p1f1,2006,09,27,0.0,20.800135,6.4181957,2006
20724,r4i1p1f1,2006,09,28,0.0,15.992199,3.140508,2006
20725,r4i1p1f1,2006,09,29,0.08273814232224268,10.718554,-3.4865968,2006
20726,r4i1p1f1,2006,09,30,0.0,13.310399,-2.1300762,2006
20727,r4i1p1f1,2006,10,01,0.0,16.779278,0.84245926,2006
20728,r4i1p1f1,2006,10,02,0.0,18.311064,2.8975053,2006
20729,r4i1p1f1,2006,10,03,0.0,21.085762,5.6942377,2006
20730,r4i1p1f1,2006,10,04,0.0,22.303473,6.240715,2006
20731,r4i1p1f1,2006,10,05,0.0,21.31722,6.4633026,2006
20732,r4i1p1f1,2006,10,06,0.0,21.584974,6.9422374,2006
20733,r4i1p1f1,2006,10,07,0.1989787592361913,22.647509,7.023653,2006
20734,r4i1p1f1,2006,10,08,0.030250207165651744,22.478733,7.90401,2006
20735,r4i1p1f1,2006,10,09,0.07842718194593355,21.23287,7.516661,2006
20736,r4i1p1f1,2006,10,10,0.0,19.616571,7.1137114,2006
20737,r4i1p1f1,2006,10,11,0.0,21.828112,6.381828,2006
20738,r4i1p1f1,2006,10,12,0.5394265760008637,21.10619,6.469685,2006
20739,r4i1p1f1,2006,10,13,0.0,19.213932,5.601201,2006
20740,r4i1p1f1,2006,10,14,1.1042843958569297,18.840706,6.5878205,2006
20741,r4i1p1f1,2006,10,15,6.153647456516599,10.010945,1.0372187,2006
20742,r4i1p1f1,2006,10,16,0.0,9.058634,-2.1754887,2006
20743,r4i1p1f1,2006,10,17,0.0,10.730532,-2.758299,2006
20744,r4i1p1f1,2006,10,18,0.13338582842263505,9.475076,-3.385876,2006
20745,r4i1p1f1,2006,10,19,0.7240865278342273,4.571213,-6.0668635,2006
20746,r4i1p1f1,2006,10,20,0.016432299865164784,6.768925,-6.239056,2006
20747,r4i1p1f1,2006,10,21,0.9723011369624558,6.548205,-5.8450675,2006
20748,r4i1p1f1,2006,10,22,0.4101784802346155,8.643211,-5.3640146,2006
20749,r4i1p1f1,2006,10,23,0.0,13.784843,-2.351746,2006
20750,r4i1p1f1,2006,10,24,0.0,16.215984,0.8069618,2006
20751,r4i1p1f1,2006,10,25,0.0,16.208288,1.2702247,2006
20752,r4i1p1f1,2006,10,26,0.0,15.547842,2.622062,2006
20753,r4i1p1f1,2006,10,27,0.0,16.695486,1.5102262,2006
20754,r4i1p1f1,2006,10,28,0.0,15.973599,3.2533574,2006
20755,r4i1p1f1,2006,10,29,0.0,14.087242,0.93554175,2006
20756,r4i1p1f1,2006,10,30,0.5749845850523466,6.7324266,-3.3302798,2006
20757,r4i1p1f1,2006,10,31,3.8966582624782435,1.1616164,-7.7529683,2006
20758,r4i1p1f1,2006,11,01,0.0,8.236906,-6.4302692,2006
20759,r4i1p1f1,2006,11,02,0.0,11.751564,-4.069003,2006
20760,r4i1p1f1,2006,11,03,0.0,13.855674,0.29081285,2006
20761,r4i1p1f1,2006,11,04,0.3902831907776275,13.807156,1.3131686,2006
20762,r4i1p1f1,2006,11,05,3.4064632393625183,0.5850149,-7.0408225,2006
20763,r4i1p1f1,2006,11,06,1.9499405060038266,-2.061225,-12.184948,2006
20764,r4i1p1f1,2006,11,07,0.2383561435100787,4.045287,-11.110796,2006
20765,r4i1p1f1,2006,11,08,0.0,7.9013615,-5.8558946,2006
20766,r4i1p1f1,2006,11,09,0.7588923314042857,5.788851,-8.672079,2006
20767,r4i1p1f1,2006,11,10,0.0,5.7111726,-6.7268066,2006
20768,r4i1p1f1,2006,11,11,0.0028667945351042866,6.283266,-7.0876946,2006
20769,r4i1p1f1,2006,11,12,2.615183931481719,2.661464,-8.660034,2006
20770,r4i1p1f1,2006,11,13,1.6556129660105756,-3.3734276,-11.497057,2006
20771,r4i1p1f1,2006,11,14,10.062801072556248,-1.2571744,-12.299593,2006
20772,r4i1p1f1,2006,11,15,0.0,7.2259026,-12.859786,2006
20773,r4i1p1f1,2006,11,16,0.0,4.0325255,-6.1641545,2006
20774,r4i1p1f1,2006,11,17,0.0,5.6745043,-9.574414,2006
20775,r4i1p1f1,2006,11,18,0.0,11.3396,-6.6547184,2006
20776,r4i1p1f1,2006,11,19,0.0,9.9592905,-3.9914544,2006
20777,r4i1p1f1,2006,11,20,0.0,8.090853,-5.9835324,2006
20778,r4i1p1f1,2006,11,21,0.0,11.189614,-4.3596845,2006
20779,r4i1p1f1,2006,11,22,0.0,10.880917,-2.2628303,2006
20780,r4i1p1f1,2006,11,23,4.303113909752205,10.908698,0.5103655,2006
20781,r4i1p1f1,2006,11,24,17.864672817688593,12.6547785,4.7270355,2006
20782,r4i1p1f1,2006,11,25,2.5412948779479048,10.40969,3.0236335,2006
20783,r4i1p1f1,2006,11,26,0.0,7.3560133,-4.580534,2006
20784,r4i1p1f1,2006,11,27,0.0,4.5438457,-7.8640237,2006
20785,r4i1p1f1,2006,11,28,0.7026239252699232,2.0692105,-6.569569,2006
20786,r4i1p1f1,2006,11,29,0.0,4.403174,-8.910832,2006
20787,r4i1p1f1,2006,11,30,0.0,7.4279504,-6.338635,2006
20788,r4i1p1f1,2006,12,01,0.0,8.251442,-3.148002,2006
20789,r4i1p1f1,2006,12,02,0.0,9.424848,-2.970803,2006
20790,r4i1p1f1,2006,12,03,0.0,13.700286,-1.0911689,2006
20791,r4i1p1f1,2006,12,04,0.0,12.339849,1.7297697,2006
20792,r4i1p1f1,2006,12,05,4.625324350898945,7.5128455,-1.0843756,2006
20793,r4i1p1f1,2006,12,06,9.344766631897468,2.4374776,-3.994719,2006
20794,r4i1p1f1,2006,12,07,0.0,4.335127,-8.029155,2006
20795,r4i1p1f1,2006,12,08,37.816275600807494,1.192567,-7.1068387,2006
20796,r4i1p1f1,2006,12,09,24.794081992383337,2.289144,-3.1002836,2006
20797,r4i1p1f1,2006,12,10,20.927145245550328,3.5919325,-5.724515,2006
20798,r4i1p1f1,2006,12,11,0.0,9.334077,-4.436222,2006
20799,r4i1p1f1,2006,12,12,0.07759452801686606,8.163919,-2.6789896,2006
20800,r4i1p1f1,2006,12,13,15.283220972469692,6.1018696,-2.192774,2006
20801,r4i1p1f1,2006,12,14,0.0,9.2733345,-3.7573755,2006
20802,r4i1p1f1,2006,12,15,0.0,11.474042,-4.1277766,2006
20803,r4i1p1f1,2006,12,16,0.0,8.750684,-2.01578,2006
20804,r4i1p1f1,2006,12,17,0.0,4.551363,-4.017416,2006
20805,r4i1p1f1,2006,12,18,0.0,3.4936419,-6.5587263,2006
20806,r4i1p1f1,2006,12,19,0.21183328014118014,1.2411497,-11.144573,2006
20807,r4i1p1f1,2006,12,20,1.7781747810823614,-2.2765229,-13.005588,2006
20808,r4i1p1f1,2006,12,21,0.0,0.5352449,-11.921019,2006
20809,r4i1p1f1,2006,12,22,0.0,4.7849264,-8.096857,2006
20810,r4i1p1f1,2006,12,23,0.0,6.779349,-5.518179,2006
20811,r4i1p1f1,2006,12,24,0.0,7.967872,-4.6245413,2006
20812,r4i1p1f1,2006,12,25,0.0,6.004199,-4.43329,2006
20813,r4i1p1f1,2006,12,26,0.0,7.390776,-4.220606,2006
20814,r4i1p1f1,2006,12,27,0.0,10.697823,-4.4093075,2006
20815,r4i1p1f1,2006,12,28,0.0,13.164709,-1.0059097,2006
20816,r4i1p1f1,2006,12,29,0.0,12.489425,1.3847779,2006
20817,r4i1p1f1,2006,12,30,0.0,11.194852,-1.7956079,2006
20818,r4i1p1f1,2006,12,31,0.0,7.44175,-5.9458942,2006
20819,r4i1p1f1,2007,01,01,0.0,5.4969354,-7.827323,2007
20820,r4i1p1f1,2007,01,02,0.0,2.5704882,-8.223225,2007
20821,r4i1p1f1,2007,01,03,0.0,0.06619567,-11.279606,2007
20822,r4i1p1f1,2007,01,04,0.0,4.6431217,-9.946238,2007
20823,r4i1p1f1,2007,01,05,0.0,9.205075,-4.758014,2007
20824,r4i1p1f1,2007,01,06,0.0,11.378587,-0.25432998,2007
20825,r4i1p1f1,2007,01,07,0.0,12.074401,-2.31207,2007
20826,r4i1p1f1,2007,01,08,0.0,12.397624,-1.8371267,2007
20827,r4i1p1f1,2007,01,09,0.0,11.557364,-0.75580883,2007
20828,r4i1p1f1,2007,01,10,0.0,9.706034,-1.6074722,2007
20829,r4i1p1f1,2007,01,11,0.0,7.65304,-3.7119431,2007
20830,r4i1p1f1,2007,01,12,0.0,6.844468,-2.3604271,2007
20831,r4i1p1f1,2007,01,13,0.9919492036847074,4.7006965,-3.8999918,2007
20832,r4i1p1f1,2007,01,14,8.096668569685058,2.9387157,-9.069577,2007
20833,r4i1p1f1,2007,01,15,0.0,7.435205,-5.9803042,2007
20834,r4i1p1f1,2007,01,16,11.32916297533916,4.304506,-5.687333,2007
20835,r4i1p1f1,2007,01,17,0.0,1.8572093,-10.364239,2007
20836,r4i1p1f1,2007,01,18,2.9481271634689437,2.4109843,-7.2667003,2007
20837,r4i1p1f1,2007,01,19,28.346378569124052,2.053291,-2.9660938,2007
20838,r4i1p1f1,2007,01,20,4.7068759432538965,1.7472849,-9.641108,2007
20839,r4i1p1f1,2007,01,21,0.0,7.4609337,-9.9998255,2007
20840,r4i1p1f1,2007,01,22,0.0,7.320918,-4.3833876,2007
20841,r4i1p1f1,2007,01,23,0.002890272012398667,7.758534,-2.2538328,2007
20842,r4i1p1f1,2007,01,24,0.0,9.704043,-3.411783,2007
20843,r4i1p1f1,2007,01,25,2.990936928869086,6.9540095,-2.7060337,2007
20844,r4i1p1f1,2007,01,26,16.552509115461042,1.6291581,-10.620622,2007
20845,r4i1p1f1,2007,01,27,0.0,-3.407893,-12.380469,2007
20846,r4i1p1f1,2007,01,28,0.0,1.1302227,-11.68702,2007
20847,r4i1p1f1,2007,01,29,0.0,1.9924366,-12.178389,2007
20848,r4i1p1f1,2007,01,30,0.0,5.5650396,-10.42792,2007
20849,r4i1p1f1,2007,01,31,0.0,8.021618,-6.5603485,2007
20850,r4i1p1f1,2007,02,01,0.0,9.428165,-4.543892,2007
20851,r4i1p1f1,2007,02,02,0.0,9.215533,-3.5591052,2007
20852,r4i1p1f1,2007,02,03,0.0,10.712546,-4.086068,2007
20853,r4i1p1f1,2007,02,04,0.09818766904811531,8.471295,-2.5337312,2007
20854,r4i1p1f1,2007,02,05,6.07964211327658,1.6087836,-9.006471,2007
20855,r4i1p1f1,2007,02,06,0.0,4.4541235,-7.527468,2007
20856,r4i1p1f1,2007,02,07,0.0,9.656603,-7.4308276,2007
20857,r4i1p1f1,2007,02,08,0.0,8.878999,-2.673826,2007
20858,r4i1p1f1,2007,02,09,0.0,10.868388,-3.4679549,2007
20859,r4i1p1f1,2007,02,10,0.0,11.499409,-1.1342579,2007
20860,r4i1p1f1,2007,02,11,0.0,11.078002,0.98899484,2007
20861,r4i1p1f1,2007,02,12,0.0,9.809744,-0.9273971,2007
20862,r4i1p1f1,2007,02,13,12.17669061469641,2.9468713,-9.233892,2007
20863,r4i1p1f1,2007,02,14,4.958156205340272,-2.6961718,-12.924467,2007
20864,r4i1p1f1,2007,02,15,0.6718172811700518,2.1476228,-11.904748,2007
20865,r4i1p1f1,2007,02,16,7.813812628598717,0.35679075,-9.049804,2007
20866,r4i1p1f1,2007,02,17,0.0,-0.4066288,-13.285782,2007
20867,r4i1p1f1,2007,02,18,0.0,2.332567,-10.767039,2007
20868,r4i1p1f1,2007,02,19,0.0,6.3331428,-7.000807,2007
20869,r4i1p1f1,2007,02,20,0.0,6.568178,-6.871777,2007
20870,r4i1p1f1,2007,02,21,1.176957341392166,1.5523409,-10.908993,2007
20871,r4i1p1f1,2007,02,22,0.0,2.1472206,-9.423451,2007
20872,r4i1p1f1,2007,02,23,0.0,5.9902644,-8.073716,2007
20873,r4i1p1f1,2007,02,24,0.0,10.039647,-7.017279,2007
20874,r4i1p1f1,2007,02,25,0.0,9.746269,-4.3321977,2007
20875,r4i1p1f1,2007,02,26,0.0,8.514194,-4.971716,2007
20876,r4i1p1f1,2007,02,27,0.0,5.742657,-5.5159445,2007
20877,r4i1p1f1,2007,02,28,0.0,11.06125,-4.867448,2007
20878,r4i1p1f1,2007,03,01,0.005826802245537198,10.845605,-4.5456123,2007
20879,r4i1p1f1,2007,03,02,10.94970059111884,2.7735252,-11.576825,2007
20880,r4i1p1f1,2007,03,03,0.0,5.269651,-11.23443,2007
20881,r4i1p1f1,2007,03,04,0.0,7.418139,-6.681037,2007
20882,r4i1p1f1,2007,03,05,0.0,4.4062667,-8.9382105,2007
20883,r4i1p1f1,2007,03,06,0.0,3.5984807,-10.843297,2007
20884,r4i1p1f1,2007,03,07,0.0,11.758152,-5.2228384,2007
20885,r4i1p1f1,2007,03,08,0.0,15.982841,-1.8344309,2007
20886,r4i1p1f1,2007,03,09,0.0,15.397139,-1.5885844,2007
20887,r4i1p1f1,2007,03,10,0.0,14.579976,-0.81139493,2007
20888,r4i1p1f1,2007,03,11,0.0,11.603799,-2.6126034,2007
20889,r4i1p1f1,2007,03,12,0.0,9.4082775,-5.5424166,2007
20890,r4i1p1f1,2007,03,13,0.0,9.630127,-6.276712,2007
20891,r4i1p1f1,2007,03,14,0.0,14.53716,-3.2448275,2007
20892,r4i1p1f1,2007,03,15,0.0,17.911339,-0.26415658,2007
20893,r4i1p1f1,2007,03,16,0.0,17.308437,1.5935711,2007
20894,r4i1p1f1,2007,03,17,0.0,15.477421,-0.39807218,2007
20895,r4i1p1f1,2007,03,18,0.0,15.214354,-2.225494,2007
20896,r4i1p1f1,2007,03,19,0.0,16.235231,0.8163738,2007
20897,r4i1p1f1,2007,03,20,0.0,15.332332,0.6230408,2007
20898,r4i1p1f1,2007,03,21,0.0,15.231962,-1.8921785,2007
20899,r4i1p1f1,2007,03,22,0.0,17.700176,0.6536591,2007
20900,r4i1p1f1,2007,03,23,0.0,18.590405,2.4417582,2007
20901,r4i1p1f1,2007,03,24,0.0,18.849384,2.7763307,2007
20902,r4i1p1f1,2007,03,25,0.0,20.650602,3.135946,2007
20903,r4i1p1f1,2007,03,26,0.0,21.95788,4.0373,2007
20904,r4i1p1f1,2007,03,27,0.0,21.877567,6.050199,2007
20905,r4i1p1f1,2007,03,28,0.33614568023188346,17.457893,0.4979614,2007
20906,r4i1p1f1,2007,03,29,14.999801258406944,2.9488509,-11.738595,2007
20907,r4i1p1f1,2007,03,30,8.192658057129242,-8.070915,-16.496555,2007
20908,r4i1p1f1,2007,03,31,0.0,-1.3854327,-19.699842,2007
20909,r4i1p1f1,2007,04,01,0.0,2.9053662,-16.423721,2007
20910,r4i1p1f1,2007,04,02,2.532441553821257,-0.18222074,-9.161833,2007
20911,r4i1p1f1,2007,04,03,4.3477463289009926,2.9567368,-4.7786956,2007
20912,r4i1p1f1,2007,04,04,0.2847095637123166,12.2758665,-0.91947037,2007
20913,r4i1p1f1,2007,04,05,0.0,17.125507,-0.35763654,2007
20914,r4i1p1f1,2007,04,06,0.0,17.687803,3.6870117,2007
20915,r4i1p1f1,2007,04,07,26.654729474814214,12.740961,-1.1375694,2007
20916,r4i1p1f1,2007,04,08,27.661249743578576,0.7941044,-11.011768,2007
20917,r4i1p1f1,2007,04,09,0.0,4.001439,-10.997822,2007
20918,r4i1p1f1,2007,04,10,0.0,8.825074,-8.559869,2007
20919,r4i1p1f1,2007,04,11,0.0,8.117174,-5.5368032,2007
20920,r4i1p1f1,2007,04,12,0.6032954031930514,4.325221,-5.0179186,2007
20921,r4i1p1f1,2007,04,13,0.0,7.9877863,-8.089398,2007
20922,r4i1p1f1,2007,04,14,0.0,9.793529,-4.716262,2007
20923,r4i1p1f1,2007,04,15,0.0,13.97567,-1.913814,2007
20924,r4i1p1f1,2007,04,16,0.0,19.878046,3.3566337,2007
20925,r4i1p1f1,2007,04,17,0.0,19.192835,3.5232878,2007
20926,r4i1p1f1,2007,04,18,0.0,14.0613785,-1.103855,2007
20927,r4i1p1f1,2007,04,19,0.0,15.590006,-0.9376988,2007
20928,r4i1p1f1,2007,04,20,0.0,16.590189,1.7157764,2007
20929,r4i1p1f1,2007,04,21,0.22204463234238697,14.775048,2.5309887,2007
20930,r4i1p1f1,2007,04,22,4.439080006714775,9.74566,-4.3407745,2007
20931,r4i1p1f1,2007,04,23,0.09921146743737026,14.439581,0.14050251,2007
20932,r4i1p1f1,2007,04,24,0.0,16.075964,0.5236663,2007
20933,r4i1p1f1,2007,04,25,0.0,14.388596,0.20749488,2007
20934,r4i1p1f1,2007,04,26,4.302338518047436,8.699245,-5.115601,2007
20935,r4i1p1f1,2007,04,27,0.0,10.345314,-4.2234592,2007
20936,r4i1p1f1,2007,04,28,0.0,12.528761,-3.8049972,2007
20937,r4i1p1f1,2007,04,29,0.0,12.611889,-2.8983188,2007
20938,r4i1p1f1,2007,04,30,0.0,15.088646,-0.9407225,2007
20939,r4i1p1f1,2007,05,01,0.0,14.84095,1.1489298,2007
20940,r4i1p1f1,2007,05,02,0.0,15.156109,-0.47544336,2007
20941,r4i1p1f1,2007,05,03,0.0,18.243065,1.963023,2007
20942,r4i1p1f1,2007,05,04,0.0,22.424864,5.295828,2007
20943,r4i1p1f1,2007,05,05,0.0,24.50696,7.044686,2007
20944,r4i1p1f1,2007,05,06,0.0,21.537943,7.4584312,2007
20945,r4i1p1f1,2007,05,07,3.413730168795237,15.992936,2.7573397,2007
20946,r4i1p1f1,2007,05,08,1.9180551272968664,16.115015,1.4104519,2007
20947,r4i1p1f1,2007,05,09,0.0,16.620087,2.818523,2007
20948,r4i1p1f1,2007,05,10,0.0,18.390308,2.088969,2007
20949,r4i1p1f1,2007,05,11,0.0,20.191935,4.88554,2007
20950,r4i1p1f1,2007,05,12,0.0,21.299503,5.596805,2007
20951,r4i1p1f1,2007,05,13,0.0,21.090794,5.7195244,2007
20952,r4i1p1f1,2007,05,14,0.0,22.195618,6.794618,2007
20953,r4i1p1f1,2007,05,15,0.0,23.90246,7.3652864,2007
20954,r4i1p1f1,2007,05,16,2.7931700861613513,22.83652,7.426982,2007
20955,r4i1p1f1,2007,05,17,0.18054247188236464,23.77942,9.218158,2007
20956,r4i1p1f1,2007,05,18,0.0,23.922167,9.11245,2007
20957,r4i1p1f1,2007,05,19,0.0,23.53496,9.471715,2007
20958,r4i1p1f1,2007,05,20,0.28959165688299776,23.385645,7.9919634,2007
20959,r4i1p1f1,2007,05,21,0.42832486217187526,23.76964,7.4474587,2007
20960,r4i1p1f1,2007,05,22,0.0,23.440872,8.041351,2007
20961,r4i1p1f1,2007,05,23,0.0,22.493864,7.324832,2007
20962,r4i1p1f1,2007,05,24,0.0,22.17769,7.3519597,2007
20963,r4i1p1f1,2007,05,25,0.0,20.47391,5.845374,2007
20964,r4i1p1f1,2007,05,26,0.0,16.91912,1.9968029,2007
20965,r4i1p1f1,2007,05,27,0.0,18.77907,4.805461,2007
20966,r4i1p1f1,2007,05,28,0.0,19.46574,5.3580465,2007
20967,r4i1p1f1,2007,05,29,0.0,22.44524,7.091275,2007
20968,r4i1p1f1,2007,05,30,0.0,23.339079,7.9711037,2007
20969,r4i1p1f1,2007,05,31,0.0,22.90433,8.791269,2007
20970,r4i1p1f1,2007,06,01,0.0,26.392315,9.710891,2007
20971,r4i1p1f1,2007,06,02,0.0,28.496769,11.703137,2007
20972,r4i1p1f1,2007,06,03,0.0,28.40692,12.645273,2007
20973,r4i1p1f1,2007,06,04,0.0,28.664762,12.70445,2007
20974,r4i1p1f1,2007,06,05,0.0,28.880507,12.544358,2007
20975,r4i1p1f1,2007,06,06,0.0,28.779629,13.007158,2007
20976,r4i1p1f1,2007,06,07,0.0,28.189608,13.017956,2007
20977,r4i1p1f1,2007,06,08,0.0,26.191477,11.524322,2007
20978,r4i1p1f1,2007,06,09,0.0,24.73903,9.988119,2007
20979,r4i1p1f1,2007,06,10,0.0,23.601015,8.205704,2007
20980,r4i1p1f1,2007,06,11,0.0,23.405682,7.360889,2007
20981,r4i1p1f1,2007,06,12,0.0,22.150759,7.7332315,2007
20982,r4i1p1f1,2007,06,13,0.0,20.301851,6.819909,2007
20983,r4i1p1f1,2007,06,14,0.0,17.800207,3.6100626,2007
20984,r4i1p1f1,2007,06,15,0.0,20.011862,4.005278,2007
20985,r4i1p1f1,2007,06,16,0.0,23.754286,6.803173,2007
20986,r4i1p1f1,2007,06,17,0.0,23.273706,8.838283,2007
20987,r4i1p1f1,2007,06,18,0.0,20.745289,6.04415,2007
20988,r4i1p1f1,2007,06,19,0.3260491914014444,15.169702,2.1270223,2007
20989,r4i1p1f1,2007,06,20,0.0,17.486506,4.5074315,2007
20990,r4i1p1f1,2007,06,21,0.0,18.091825,5.31674,2007
20991,r4i1p1f1,2007,06,22,0.0,18.305468,5.350575,2007
20992,r4i1p1f1,2007,06,23,0.0,19.659475,3.3860419,2007
20993,r4i1p1f1,2007,06,24,0.0,21.872946,4.9866633,2007
20994,r4i1p1f1,2007,06,25,0.0,24.176853,7.2323246,2007
20995,r4i1p1f1,2007,06,26,0.0,26.636044,9.892179,2007
20996,r4i1p1f1,2007,06,27,0.0,27.761454,11.092481,2007
20997,r4i1p1f1,2007,06,28,0.0,29.127607,12.300908,2007
20998,r4i1p1f1,2007,06,29,0.0,30.271946,13.287948,2007
20999,r4i1p1f1,2007,06,30,0.0,30.54845,13.979375,2007
21000,r4i1p1f1,2007,07,01,0.0,30.073135,14.25445,2007
21001,r4i1p1f1,2007,07,02,0.0,29.398994,14.226195,2007
21002,r4i1p1f1,2007,07,03,0.0,27.399479,11.822573,2007
21003,r4i1p1f1,2007,07,04,0.0,26.37545,10.090597,2007
21004,r4i1p1f1,2007,07,05,0.0,27.162853,10.127704,2007
21005,r4i1p1f1,2007,07,06,0.0,28.173326,11.57239,2007
21006,r4i1p1f1,2007,07,07,0.0,27.664326,11.129067,2007
21007,r4i1p1f1,2007,07,08,0.0,26.40494,11.421541,2007
21008,r4i1p1f1,2007,07,09,0.0,25.14793,9.818107,2007
21009,r4i1p1f1,2007,07,10,0.0,21.608778,6.6890006,2007
21010,r4i1p1f1,2007,07,11,0.0,20.51046,6.277232,2007
21011,r4i1p1f1,2007,07,12,0.0,20.945684,7.2140856,2007
21012,r4i1p1f1,2007,07,13,0.0,22.913788,8.266791,2007
21013,r4i1p1f1,2007,07,14,0.07609751058419233,23.741816,10.356898,2007
21014,r4i1p1f1,2007,07,15,0.0,24.084208,9.975372,2007
21015,r4i1p1f1,2007,07,16,0.0,26.511473,9.939522,2007
21016,r4i1p1f1,2007,07,17,0.0,28.081558,11.967329,2007
21017,r4i1p1f1,2007,07,18,0.0,28.190153,12.561281,2007
21018,r4i1p1f1,2007,07,19,0.0,28.252707,12.312091,2007
21019,r4i1p1f1,2007,07,20,0.0,28.334757,12.436776,2007
21020,r4i1p1f1,2007,07,21,0.0,27.981339,12.344564,2007
21021,r4i1p1f1,2007,07,22,0.0,27.699509,12.179563,2007
21022,r4i1p1f1,2007,07,23,0.0,28.196539,12.657151,2007
21023,r4i1p1f1,2007,07,24,0.5471080801964894,27.288088,12.559006,2007
21024,r4i1p1f1,2007,07,25,5.6143840941977405,23.836021,11.969394,2007
21025,r4i1p1f1,2007,07,26,0.9980629472500788,23.041607,8.373519,2007
21026,r4i1p1f1,2007,07,27,0.0,23.318865,8.994897,2007
21027,r4i1p1f1,2007,07,28,0.0,25.574406,9.277447,2007
21028,r4i1p1f1,2007,07,29,0.0,27.064547,10.602262,2007
21029,r4i1p1f1,2007,07,30,0.0,28.227772,11.149946,2007
21030,r4i1p1f1,2007,07,31,0.0,27.841642,12.45172,2007
21031,r4i1p1f1,2007,08,01,0.0,27.95982,11.711286,2007
21032,r4i1p1f1,2007,08,02,0.05854551773360294,27.684784,12.581074,2007
21033,r4i1p1f1,2007,08,03,1.3895197881517902,27.690567,13.733929,2007
21034,r4i1p1f1,2007,08,04,7.914529669703547,27.868454,12.869125,2007
21035,r4i1p1f1,2007,08,05,3.2764632693701,25.910198,13.640709,2007
21036,r4i1p1f1,2007,08,06,3.050526366848617,23.18799,12.969581,2007
21037,r4i1p1f1,2007,08,07,0.645556975591902,23.557423,9.42867,2007
21038,r4i1p1f1,2007,08,08,1.4007070889806836,23.21768,8.462961,2007
21039,r4i1p1f1,2007,08,09,0.1991528269613048,23.1304,7.6347713,2007
21040,r4i1p1f1,2007,08,10,0.0,23.77792,8.333201,2007
21041,r4i1p1f1,2007,08,11,0.0,25.141933,8.803857,2007
21042,r4i1p1f1,2007,08,12,0.34945958510656366,24.02246,9.746672,2007
21043,r4i1p1f1,2007,08,13,1.2622047320032772,22.872444,9.892545,2007
21044,r4i1p1f1,2007,08,14,0.026067078605555502,24.365377,9.483203,2007
21045,r4i1p1f1,2007,08,15,0.0,23.922222,10.551318,2007
21046,r4i1p1f1,2007,08,16,0.0,22.932985,7.6720347,2007
21047,r4i1p1f1,2007,08,17,0.0,21.727394,5.6446357,2007
21048,r4i1p1f1,2007,08,18,0.0,20.58909,6.112178,2007
21049,r4i1p1f1,2007,08,19,0.0,18.463999,3.5404432,2007
21050,r4i1p1f1,2007,08,20,0.0,17.472595,3.1552403,2007
21051,r4i1p1f1,2007,08,21,0.0,18.662468,3.257005,2007
21052,r4i1p1f1,2007,08,22,0.0,21.38345,5.3550496,2007
21053,r4i1p1f1,2007,08,23,0.0,23.286615,6.9068403,2007
21054,r4i1p1f1,2007,08,24,0.0,22.655659,8.25769,2007
21055,r4i1p1f1,2007,08,25,0.0,22.79606,7.5111527,2007
21056,r4i1p1f1,2007,08,26,0.0,24.184986,7.720572,2007
21057,r4i1p1f1,2007,08,27,0.0,25.401566,8.836466,2007
21058,r4i1p1f1,2007,08,28,0.0,26.00798,9.574545,2007
21059,r4i1p1f1,2007,08,29,0.0576581154400546,24.374744,9.940866,2007
21060,r4i1p1f1,2007,08,30,0.0,22.10762,7.587885,2007
21061,r4i1p1f1,2007,08,31,0.0,19.219135,5.996187,2007
21062,r4i1p1f1,2007,09,01,0.0,18.976007,2.888018,2007
21063,r4i1p1f1,2007,09,02,0.0,18.778482,4.2213497,2007
21064,r4i1p1f1,2007,09,03,0.0,19.65664,4.2455325,2007
21065,r4i1p1f1,2007,09,04,0.0,20.52074,4.989121,2007
21066,r4i1p1f1,2007,09,05,0.0,20.255478,4.9871445,2007
21067,r4i1p1f1,2007,09,06,0.0,20.380136,5.7958984,2007
21068,r4i1p1f1,2007,09,07,0.0,20.738392,6.5520706,2007
21069,r4i1p1f1,2007,09,08,0.0,19.953478,6.416892,2007
21070,r4i1p1f1,2007,09,09,0.0,17.847841,3.982849,2007
21071,r4i1p1f1,2007,09,10,0.0,20.26966,3.5167434,2007
21072,r4i1p1f1,2007,09,11,0.0,20.615376,4.7259603,2007
21073,r4i1p1f1,2007,09,12,49.109262664174466,23.83069,9.117696,2007
21074,r4i1p1f1,2007,09,13,27.425081513959565,14.412754,7.359543,2007
21075,r4i1p1f1,2007,09,14,0.10334142484001307,12.499307,1.6683164,2007
21076,r4i1p1f1,2007,09,15,0.0,16.688047,1.3692769,2007
21077,r4i1p1f1,2007,09,16,0.0,18.531559,3.2932084,2007
21078,r4i1p1f1,2007,09,17,0.0,15.998431,2.4222846,2007
21079,r4i1p1f1,2007,09,18,0.0,13.84876,0.08556335,2007
21080,r4i1p1f1,2007,09,19,0.0,14.283592,-1.4115278,2007
21081,r4i1p1f1,2007,09,20,0.0,16.954489,1.2522705,2007
21082,r4i1p1f1,2007,09,21,0.0,18.482225,2.8878267,2007
21083,r4i1p1f1,2007,09,22,0.0,20.44704,4.886836,2007
21084,r4i1p1f1,2007,09,23,0.0,20.753239,6.086239,2007
21085,r4i1p1f1,2007,09,24,0.029643099308351045,19.59181,5.9926696,2007
21086,r4i1p1f1,2007,09,25,0.0,19.194206,4.534098,2007
21087,r4i1p1f1,2007,09,26,0.15153014133681703,17.808891,4.743048,2007
21088,r4i1p1f1,2007,09,27,0.0,20.564568,5.2068048,2007
21089,r4i1p1f1,2007,09,28,0.0,20.90669,6.549612,2007
21090,r4i1p1f1,2007,09,29,0.0,19.780571,6.9353085,2007
21091,r4i1p1f1,2007,09,30,0.0,17.108107,4.330687,2007
21092,r4i1p1f1,2007,10,01,0.00535343799737969,14.110988,0.6801893,2007
21093,r4i1p1f1,2007,10,02,0.0,13.074302,-2.1609569,2007
21094,r4i1p1f1,2007,10,03,0.0,16.309677,0.61174536,2007
21095,r4i1p1f1,2007,10,04,0.005875304272836622,18.628916,3.1141603,2007
21096,r4i1p1f1,2007,10,05,3.8452529403414237,22.605116,9.549944,2007
21097,r4i1p1f1,2007,10,06,7.569219514879564,18.549723,5.9901853,2007
21098,r4i1p1f1,2007,10,07,7.3102983162325925,13.350427,2.675128,2007
21099,r4i1p1f1,2007,10,08,2.2669289654210156,9.537103,-2.0743377,2007
21100,r4i1p1f1,2007,10,09,0.6030513373835629,8.481128,-3.2093995,2007
21101,r4i1p1f1,2007,10,10,0.0,12.088158,-2.7265065,2007
21102,r4i1p1f1,2007,10,11,0.0,14.1898,1.681125,2007
21103,r4i1p1f1,2007,10,12,0.0,15.317247,0.9139207,2007
21104,r4i1p1f1,2007,10,13,0.0,14.009373,0.040151604,2007
21105,r4i1p1f1,2007,10,14,0.0,12.354118,0.89922816,2007
21106,r4i1p1f1,2007,10,15,0.0,12.464182,-3.207962,2007
21107,r4i1p1f1,2007,10,16,0.0,12.405427,0.371547,2007
21108,r4i1p1f1,2007,10,17,0.0,15.334196,0.33470285,2007
21109,r4i1p1f1,2007,10,18,0.0,16.986193,2.7164671,2007
21110,r4i1p1f1,2007,10,19,0.0,15.88636,3.4810636,2007
21111,r4i1p1f1,2007,10,20,0.002766607532186046,16.359324,2.2606022,2007
21112,r4i1p1f1,2007,10,21,0.0,19.533495,3.4090788,2007
21113,r4i1p1f1,2007,10,22,0.0,17.687477,5.260682,2007
21114,r4i1p1f1,2007,10,23,0.0,17.020536,3.4701455,2007
21115,r4i1p1f1,2007,10,24,2.362632908635405,14.791446,-0.2529939,2007
21116,r4i1p1f1,2007,10,25,0.0,4.6554103,-8.017697,2007
21117,r4i1p1f1,2007,10,26,0.0,7.015353,-6.6451864,2007
21118,r4i1p1f1,2007,10,27,0.0,8.569502,-4.698385,2007
21119,r4i1p1f1,2007,10,28,0.0,7.231357,-5.6425395,2007
21120,r4i1p1f1,2007,10,29,0.6940489840310287,3.0983157,-8.479171,2007
21121,r4i1p1f1,2007,10,30,1.174538501653764,2.2673345,-9.897111,2007
21122,r4i1p1f1,2007,10,31,0.12752144060605503,5.0430145,-7.488001,2007
21123,r4i1p1f1,2007,11,01,0.0,11.041084,-4.048267,2007
21124,r4i1p1f1,2007,11,02,0.0,10.799765,-3.1838393,2007
21125,r4i1p1f1,2007,11,03,0.0,11.92849,-2.7613254,2007
21126,r4i1p1f1,2007,11,04,0.0,9.980645,-2.2981107,2007
21127,r4i1p1f1,2007,11,05,0.0,11.327848,-3.1372197,2007
21128,r4i1p1f1,2007,11,06,0.0,16.250414,0.59013355,2007
21129,r4i1p1f1,2007,11,07,0.0,18.252716,1.5203482,2007
21130,r4i1p1f1,2007,11,08,0.0,17.783026,1.2671903,2007
21131,r4i1p1f1,2007,11,09,0.0,15.986071,3.90106,2007
21132,r4i1p1f1,2007,11,10,0.0,12.530062,-3.2190902,2007
21133,r4i1p1f1,2007,11,11,0.0,7.2219825,-3.8185139,2007
21134,r4i1p1f1,2007,11,12,0.0,4.8441133,-7.800157,2007
21135,r4i1p1f1,2007,11,13,4.578466218847748,-0.813637,-12.206827,2007
21136,r4i1p1f1,2007,11,14,0.026407420556998615,-3.8886793,-11.955449,2007
21137,r4i1p1f1,2007,11,15,0.0,-1.2623597,-15.755491,2007
21138,r4i1p1f1,2007,11,16,0.028551646088970598,1.6946025,-12.298973,2007
21139,r4i1p1f1,2007,11,17,8.729559263515121,-0.80097294,-7.379464,2007
21140,r4i1p1f1,2007,11,18,0.2652549554146571,-3.1777065,-15.475594,2007
21141,r4i1p1f1,2007,11,19,0.0,-1.3811874,-16.75737,2007
21142,r4i1p1f1,2007,11,20,0.0,6.0307226,-13.873335,2007
21143,r4i1p1f1,2007,11,21,0.0,11.415699,-6.822745,2007
21144,r4i1p1f1,2007,11,22,0.0,12.646253,-3.404909,2007
21145,r4i1p1f1,2007,11,23,0.0,11.448686,-3.4552646,2007
21146,r4i1p1f1,2007,11,24,0.0,7.721925,-0.50652283,2007
21147,r4i1p1f1,2007,11,25,0.0,6.4345045,-2.7683702,2007
21148,r4i1p1f1,2007,11,26,0.0,8.647694,-4.500479,2007
21149,r4i1p1f1,2007,11,27,0.0,11.333135,-4.074412,2007
21150,r4i1p1f1,2007,11,28,0.0,14.471665,-1.2793493,2007
21151,r4i1p1f1,2007,11,29,0.0,13.562789,-0.9640018,2007
21152,r4i1p1f1,2007,11,30,0.014598705048348367,10.755331,-2.8343832,2007
21153,r4i1p1f1,2007,12,01,0.208402935503608,6.2708874,-2.0258026,2007
21154,r4i1p1f1,2007,12,02,0.0,11.230111,-1.6314424,2007
21155,r4i1p1f1,2007,12,03,0.0,11.364492,0.24251387,2007
21156,r4i1p1f1,2007,12,04,3.6409467005327465,6.8680444,-4.175116,2007
21157,r4i1p1f1,2007,12,05,0.0,4.1343675,-8.41655,2007
21158,r4i1p1f1,2007,12,06,0.0,4.206734,-6.4612503,2007
21159,r4i1p1f1,2007,12,07,0.6460570703568496,5.1566715,-5.888659,2007
21160,r4i1p1f1,2007,12,08,81.23951415611405,3.0381632,-4.3943677,2007
21161,r4i1p1f1,2007,12,09,77.70671374522723,1.3276256,-9.40515,2007
21162,r4i1p1f1,2007,12,10,7.0278368816209005,-1.0787221,-12.805043,2007
21163,r4i1p1f1,2007,12,11,0.6811025967279963,-2.487657,-14.678841,2007
21164,r4i1p1f1,2007,12,12,0.0,-0.28556734,-12.17896,2007
21165,r4i1p1f1,2007,12,13,0.0,4.8645825,-9.084813,2007
21166,r4i1p1f1,2007,12,14,0.0,9.160539,-5.468249,2007
21167,r4i1p1f1,2007,12,15,0.0,11.190661,-2.4447522,2007
21168,r4i1p1f1,2007,12,16,0.0,11.6995735,-1.1570277,2007
21169,r4i1p1f1,2007,12,17,0.0,12.407525,-1.0871019,2007
21170,r4i1p1f1,2007,12,18,0.0,13.70037,0.6458444,2007
21171,r4i1p1f1,2007,12,19,0.0,11.011431,-0.8706791,2007
21172,r4i1p1f1,2007,12,20,1.7938673664292974,3.6671112,-4.2795715,2007
21173,r4i1p1f1,2007,12,21,0.0,5.062914,-7.2480264,2007
21174,r4i1p1f1,2007,12,22,0.03270730313031652,4.7921414,-4.6964436,2007
21175,r4i1p1f1,2007,12,23,0.03404415538047263,6.3719625,-4.6035266,2007
21176,r4i1p1f1,2007,12,24,0.0,4.773375,-5.5606756,2007
21177,r4i1p1f1,2007,12,25,16.125793324423135,0.09239784,-6.848555,2007
21178,r4i1p1f1,2007,12,26,6.986102072412872,-2.771491,-10.303402,2007
21179,r4i1p1f1,2007,12,27,0.39526801625651475,-1.3134199,-8.403727,2007
21180,r4i1p1f1,2007,12,28,0.0,1.0735124,-13.407347,2007
21181,r4i1p1f1,2007,12,29,0.0,6.7931366,-7.962897,2007
21182,r4i1p1f1,2007,12,30,0.0,6.3617873,-5.4611354,2007
21183,r4i1p1f1,2007,12,31,0.0,4.8979945,-6.614629,2007
21184,r4i1p1f1,2008,01,01,0.0,7.253988,-7.3486495,2008
21185,r4i1p1f1,2008,01,02,0.0,7.4441094,-0.50630146,2008
21186,r4i1p1f1,2008,01,03,0.0011016081063389227,6.7860546,-5.4106364,2008
21187,r4i1p1f1,2008,01,04,1.287706521916293,3.394889,-3.269306,2008
21188,r4i1p1f1,2008,01,05,14.33751222143388,-0.14753993,-5.58549,2008
21189,r4i1p1f1,2008,01,06,1.2854900768941175,-1.7997403,-11.90553,2008
21190,r4i1p1f1,2008,01,07,0.0,0.6808916,-13.530468,2008
21191,r4i1p1f1,2008,01,08,0.0,1.9595975,-10.922515,2008
21192,r4i1p1f1,2008,01,09,0.880280590021711,0.53179306,-6.0363965,2008
21193,r4i1p1f1,2008,01,10,0.0,4.011547,-8.814065,2008
21194,r4i1p1f1,2008,01,11,0.0,7.0269284,-7.1796737,2008
21195,r4i1p1f1,2008,01,12,0.0,8.112841,-3.2145836,2008
21196,r4i1p1f1,2008,01,13,0.0,5.6215487,-0.7548145,2008
21197,r4i1p1f1,2008,01,14,11.647064944146342,2.0381832,-7.1849785,2008
21198,r4i1p1f1,2008,01,15,0.0,6.3324046,-9.747816,2008
21199,r4i1p1f1,2008,01,16,0.0,11.1303625,-3.9547176,2008
21200,r4i1p1f1,2008,01,17,0.0,11.918288,-1.4255186,2008
21201,r4i1p1f1,2008,01,18,0.0,9.490215,-2.0732405,2008
21202,r4i1p1f1,2008,01,19,0.0,10.4213295,0.4839022,2008
21203,r4i1p1f1,2008,01,20,0.0,10.92684,-0.84574395,2008
21204,r4i1p1f1,2008,01,21,0.0,8.690544,-1.9767516,2008
21205,r4i1p1f1,2008,01,22,9.689093539077785,-0.19196144,-6.863914,2008
21206,r4i1p1f1,2008,01,23,3.181681739791848,3.3874993,-5.6284165,2008
21207,r4i1p1f1,2008,01,24,0.0,8.185287,-4.8929935,2008
21208,r4i1p1f1,2008,01,25,0.0,8.784092,-3.731214,2008
21209,r4i1p1f1,2008,01,26,0.0,8.433038,-2.6252115,2008
21210,r4i1p1f1,2008,01,27,1.9321766876625723,5.6626673,-4.455225,2008
21211,r4i1p1f1,2008,01,28,9.187949793674688,2.5414696,-3.559347,2008
21212,r4i1p1f1,2008,01,29,0.5914878918792553,5.7592287,-2.6892097,2008
21213,r4i1p1f1,2008,01,30,0.26266760979931825,8.125503,-3.3555317,2008
21214,r4i1p1f1,2008,01,31,0.0,11.539215,-1.7148649,2008
21215,r4i1p1f1,2008,02,01,0.0,11.367418,-1.7446377,2008
21216,r4i1p1f1,2008,02,02,27.88525034517589,5.2267714,-4.893184,2008
21217,r4i1p1f1,2008,02,03,13.773221927165576,-0.33025032,-6.213309,2008
21218,r4i1p1f1,2008,02,04,11.167892487950116,-2.771259,-9.480561,2008
21219,r4i1p1f1,2008,02,05,16.776353697033336,-3.0381377,-11.044952,2008
21220,r4i1p1f1,2008,02,06,0.0821597970813826,2.6315808,-12.770894,2008
21221,r4i1p1f1,2008,02,07,38.265372531138766,-0.20344654,-6.6502833,2008
21222,r4i1p1f1,2008,02,08,5.53903525289068,5.8378153,-7.792801,2008
21223,r4i1p1f1,2008,02,09,0.0,8.99899,-5.8353457,2008
21224,r4i1p1f1,2008,02,10,0.0,9.68898,-2.4730399,2008
21225,r4i1p1f1,2008,02,11,0.0,8.783137,-0.88961357,2008
21226,r4i1p1f1,2008,02,12,0.0,7.1793528,-3.7749763,2008
21227,r4i1p1f1,2008,02,13,0.6970007007486643,5.092126,-6.236215,2008
21228,r4i1p1f1,2008,02,14,5.194666328161351,4.0486145,-4.672574,2008
21229,r4i1p1f1,2008,02,15,11.408362377330802,4.575718,-4.1289372,2008
21230,r4i1p1f1,2008,02,16,66.57662596711594,3.1936386,-5.0774875,2008
21231,r4i1p1f1,2008,02,17,26.243638078475634,-2.2315173,-10.965303,2008
21232,r4i1p1f1,2008,02,18,1.7560454078247816,-0.71317184,-12.80496,2008
21233,r4i1p1f1,2008,02,19,66.45389814751552,-3.5023582,-8.621804,2008
21234,r4i1p1f1,2008,02,20,2.0316819243981623,-0.22874327,-10.961724,2008
21235,r4i1p1f1,2008,02,21,0.0,2.3833256,-12.202216,2008
21236,r4i1p1f1,2008,02,22,0.0,6.2698545,-10.190409,2008
21237,r4i1p1f1,2008,02,23,0.0,3.6632056,-8.431066,2008
21238,r4i1p1f1,2008,02,24,0.0,-0.9598197,-10.137896,2008
21239,r4i1p1f1,2008,02,25,0.0,-0.85061985,-12.918171,2008
21240,r4i1p1f1,2008,02,26,0.0,7.109034,-8.353057,2008
21241,r4i1p1f1,2008,02,27,0.0,7.0865617,-5.517068,2008
21242,r4i1p1f1,2008,02,28,0.0,5.242268,-7.737277,2008
21243,r4i1p1f1,2008,02,29,0.0,0.36466885,-11.3178835,2008
21244,r4i1p1f1,2008,03,01,0.0,-0.23072587,-13.78561,2008
21245,r4i1p1f1,2008,03,02,0.0,6.26753,-8.924269,2008
21246,r4i1p1f1,2008,03,03,0.0,10.360144,-4.9406066,2008
21247,r4i1p1f1,2008,03,04,0.0,11.059781,-4.968484,2008
21248,r4i1p1f1,2008,03,05,0.0,11.603018,-3.534548,2008
21249,r4i1p1f1,2008,03,06,0.0,11.862911,-3.268229,2008
21250,r4i1p1f1,2008,03,07,0.0,13.590369,-2.7347164,2008
21251,r4i1p1f1,2008,03,08,0.0,15.0501585,-2.2118893,2008
21252,r4i1p1f1,2008,03,09,0.0,14.005608,-1.4085708,2008
21253,r4i1p1f1,2008,03,10,0.6777974081082018,7.4043255,-2.801203,2008
21254,r4i1p1f1,2008,03,11,0.04982670270774631,-0.8722227,-13.826225,2008
21255,r4i1p1f1,2008,03,12,0.0,-1.100231,-16.320915,2008
21256,r4i1p1f1,2008,03,13,0.0,1.2887772,-13.270501,2008
21257,r4i1p1f1,2008,03,14,0.0,6.4765534,-9.587038,2008
21258,r4i1p1f1,2008,03,15,0.0,8.875677,-7.5216637,2008
21259,r4i1p1f1,2008,03,16,0.0,8.409258,-7.259531,2008
21260,r4i1p1f1,2008,03,17,0.06623236503693322,6.355956,-5.3787727,2008
21261,r4i1p1f1,2008,03,18,0.0,6.006602,-8.034621,2008
21262,r4i1p1f1,2008,03,19,0.0,6.245228,-6.7612824,2008
21263,r4i1p1f1,2008,03,20,0.0,5.8922524,-6.857434,2008
21264,r4i1p1f1,2008,03,21,0.0,9.243776,-6.6126075,2008
21265,r4i1p1f1,2008,03,22,0.0,9.88872,-5.082243,2008
21266,r4i1p1f1,2008,03,23,0.0,8.641388,-4.1271935,2008
21267,r4i1p1f1,2008,03,24,0.0,7.9941845,-4.9148216,2008
21268,r4i1p1f1,2008,03,25,0.0,9.31909,-4.707338,2008
21269,r4i1p1f1,2008,03,26,0.0,11.083802,-3.529913,2008
21270,r4i1p1f1,2008,03,27,0.0,9.732709,-4.162821,2008
21271,r4i1p1f1,2008,03,28,0.0,11.366974,-3.9168148,2008
21272,r4i1p1f1,2008,03,29,0.0,12.517478,-1.6166954,2008
21273,r4i1p1f1,2008,03,30,0.0,13.606021,-1.6743745,2008
21274,r4i1p1f1,2008,03,31,0.0,13.759256,-0.79816324,2008
21275,r4i1p1f1,2008,04,01,0.0,12.614963,-2.8998802,2008
21276,r4i1p1f1,2008,04,02,0.0,12.094371,-1.6923783,2008
21277,r4i1p1f1,2008,04,03,2.781651402251164,6.6648965,-9.114062,2008
21278,r4i1p1f1,2008,04,04,11.036961300723146,-3.673793,-11.393978,2008
21279,r4i1p1f1,2008,04,05,56.81218575471296,-5.1939917,-10.633327,2008
21280,r4i1p1f1,2008,04,06,13.83988774297032,-5.730086,-13.185735,2008
21281,r4i1p1f1,2008,04,07,0.005698769089420288,-0.072665945,-14.460688,2008
21282,r4i1p1f1,2008,04,08,22.73836263626123,-3.1885242,-10.141476,2008
21283,r4i1p1f1,2008,04,09,21.538081269382555,-1.2634964,-11.124039,2008
21284,r4i1p1f1,2008,04,10,0.0,4.4537697,-8.367814,2008
21285,r4i1p1f1,2008,04,11,0.0,7.203114,-4.7283807,2008
21286,r4i1p1f1,2008,04,12,0.0,9.125445,-3.3372397,2008
21287,r4i1p1f1,2008,04,13,12.498818487993008,6.631357,-1.453481,2008
21288,r4i1p1f1,2008,04,14,0.0,10.044108,-3.2360086,2008
21289,r4i1p1f1,2008,04,15,0.0,9.31946,-6.2286873,2008
21290,r4i1p1f1,2008,04,16,0.0,9.869149,-5.308881,2008
21291,r4i1p1f1,2008,04,17,0.0,11.053315,-3.3159304,2008
21292,r4i1p1f1,2008,04,18,0.0,11.95672,-2.5828943,2008
21293,r4i1p1f1,2008,04,19,0.0,15.534596,-1.4900001,2008
21294,r4i1p1f1,2008,04,20,0.0,15.598465,2.1375399,2008
21295,r4i1p1f1,2008,04,21,0.0,14.44889,0.01071671,2008
21296,r4i1p1f1,2008,04,22,0.0,12.31428,-2.9944181,2008
21297,r4i1p1f1,2008,04,23,0.0,9.327338,-3.2776031,2008
21298,r4i1p1f1,2008,04,24,0.0,9.549635,-5.5735407,2008
21299,r4i1p1f1,2008,04,25,0.0,12.478651,-3.0165122,2008
21300,r4i1p1f1,2008,04,26,0.0,15.638399,-1.4511702,2008
21301,r4i1p1f1,2008,04,27,0.0,15.933957,0.69205153,2008
21302,r4i1p1f1,2008,04,28,0.0,15.821973,1.0449723,2008
21303,r4i1p1f1,2008,04,29,0.0,16.474419,1.6174388,2008
21304,r4i1p1f1,2008,04,30,0.0,17.2857,2.7733657,2008
21305,r4i1p1f1,2008,05,01,0.0,18.102613,4.650778,2008
21306,r4i1p1f1,2008,05,02,0.0,16.123503,2.9965928,2008
21307,r4i1p1f1,2008,05,03,0.0,14.287297,-0.19760008,2008
21308,r4i1p1f1,2008,05,04,0.0,14.312487,-0.8224759,2008
21309,r4i1p1f1,2008,05,05,0.0,13.768436,0.31331474,2008
21310,r4i1p1f1,2008,05,06,0.0,16.24458,2.2088487,2008
21311,r4i1p1f1,2008,05,07,0.0,18.175772,2.571308,2008
21312,r4i1p1f1,2008,05,08,0.0,17.915335,3.8067787,2008
21313,r4i1p1f1,2008,05,09,0.0,16.891779,3.7536893,2008
21314,r4i1p1f1,2008,05,10,0.0,17.443787,1.6433024,2008
21315,r4i1p1f1,2008,05,11,0.0,16.697826,1.4989301,2008
21316,r4i1p1f1,2008,05,12,0.0,16.204466,1.8071562,2008
21317,r4i1p1f1,2008,05,13,0.0,15.067253,0.6953471,2008
21318,r4i1p1f1,2008,05,14,0.021479833079396632,14.587948,1.7662584,2008
21319,r4i1p1f1,2008,05,15,1.2992628419436174,13.6352005,1.8807704,2008
21320,r4i1p1f1,2008,05,16,2.0903373843641546,10.857106,1.4149224,2008
21321,r4i1p1f1,2008,05,17,0.1758628950318784,8.34287,-5.1843047,2008
21322,r4i1p1f1,2008,05,18,1.8490073321566536,5.5641294,-8.009562,2008
21323,r4i1p1f1,2008,05,19,0.0,12.857319,-3.404466,2008
21324,r4i1p1f1,2008,05,20,0.0,14.513033,-0.64023924,2008
21325,r4i1p1f1,2008,05,21,0.0,14.582222,-0.15633796,2008
21326,r4i1p1f1,2008,05,22,0.0,15.954444,0.86844563,2008
21327,r4i1p1f1,2008,05,23,0.0,16.74095,2.4154832,2008
21328,r4i1p1f1,2008,05,24,0.0,17.296383,3.0873444,2008
21329,r4i1p1f1,2008,05,25,0.0,19.830276,3.3044682,2008
21330,r4i1p1f1,2008,05,26,0.018296583950186646,18.013926,4.143288,2008
21331,r4i1p1f1,2008,05,27,0.0,16.285458,2.7725108,2008
21332,r4i1p1f1,2008,05,28,0.0,15.423343,2.0776453,2008
21333,r4i1p1f1,2008,05,29,0.0,14.832248,1.2474892,2008
21334,r4i1p1f1,2008,05,30,0.0,14.6637335,2.247713,2008
21335,r4i1p1f1,2008,05,31,0.0,19.95486,5.127109,2008
21336,r4i1p1f1,2008,06,01,0.0,22.214268,6.317764,2008
21337,r4i1p1f1,2008,06,02,0.0,25.376345,8.978719,2008
21338,r4i1p1f1,2008,06,03,0.0,27.099653,10.725668,2008
21339,r4i1p1f1,2008,06,04,0.0,26.768793,11.541774,2008
21340,r4i1p1f1,2008,06,05,0.0,26.349874,11.710142,2008
21341,r4i1p1f1,2008,06,06,0.0,20.610392,6.8026023,2008
21342,r4i1p1f1,2008,06,07,0.0,16.740345,1.9415722,2008
21343,r4i1p1f1,2008,06,08,0.0,19.789032,3.016064,2008
21344,r4i1p1f1,2008,06,09,0.0,21.132292,5.587761,2008
21345,r4i1p1f1,2008,06,10,0.0,20.841488,7.6919823,2008
21346,r4i1p1f1,2008,06,11,0.0,19.88626,5.4734335,2008
21347,r4i1p1f1,2008,06,12,0.0,20.017548,5.3201237,2008
21348,r4i1p1f1,2008,06,13,0.0,21.145622,6.181398,2008
21349,r4i1p1f1,2008,06,14,0.0,21.762197,6.512848,2008
21350,r4i1p1f1,2008,06,15,0.0,21.696651,6.9718256,2008
21351,r4i1p1f1,2008,06,16,0.0,21.17302,7.9397955,2008
21352,r4i1p1f1,2008,06,17,0.0,20.030716,6.057501,2008
21353,r4i1p1f1,2008,06,18,0.11959094949589717,16.181942,1.279557,2008
21354,r4i1p1f1,2008,06,19,0.099446349680488,13.443999,0.2582905,2008
21355,r4i1p1f1,2008,06,20,0.0,18.077631,2.768732,2008
21356,r4i1p1f1,2008,06,21,0.0,19.76768,5.3682423,2008
21357,r4i1p1f1,2008,06,22,0.0,19.984043,6.160384,2008
21358,r4i1p1f1,2008,06,23,0.669969984083842,18.118814,5.4433556,2008
21359,r4i1p1f1,2008,06,24,0.12566511722527376,16.551214,4.0836186,2008
21360,r4i1p1f1,2008,06,25,0.6904949878692223,18.785172,4.800311,2008
21361,r4i1p1f1,2008,06,26,0.0,22.736788,7.2798166,2008
21362,r4i1p1f1,2008,06,27,0.0,25.166542,8.468947,2008
21363,r4i1p1f1,2008,06,28,0.0,25.37739,9.499001,2008
21364,r4i1p1f1,2008,06,29,0.0,26.312763,9.620056,2008
21365,r4i1p1f1,2008,06,30,0.0,28.505175,10.978354,2008
21366,r4i1p1f1,2008,07,01,0.0,28.803741,12.544508,2008
21367,r4i1p1f1,2008,07,02,0.0,27.882153,11.8042,2008
21368,r4i1p1f1,2008,07,03,0.0,27.065908,11.06305,2008
21369,r4i1p1f1,2008,07,04,0.0,26.10202,10.095571,2008
21370,r4i1p1f1,2008,07,05,0.0,21.095095,7.978217,2008
21371,r4i1p1f1,2008,07,06,0.0,18.176384,5.3682423,2008
21372,r4i1p1f1,2008,07,07,0.0,20.912857,5.3934956,2008
21373,r4i1p1f1,2008,07,08,0.0,22.509394,6.8964915,2008
21374,r4i1p1f1,2008,07,09,0.0,23.052681,7.9646554,2008
21375,r4i1p1f1,2008,07,10,0.0,23.443937,8.263795,2008
21376,r4i1p1f1,2008,07,11,0.0,26.331387,8.745556,2008
21377,r4i1p1f1,2008,07,12,0.0,26.695524,10.96351,2008
21378,r4i1p1f1,2008,07,13,0.332698146077779,25.304226,10.758759,2008
21379,r4i1p1f1,2008,07,14,1.80165239784796,24.16862,10.636629,2008
21380,r4i1p1f1,2008,07,15,2.0746007116895475,23.763472,9.449683,2008
21381,r4i1p1f1,2008,07,16,0.0,25.050922,10.001267,2008
21382,r4i1p1f1,2008,07,17,0.0,26.72177,10.962527,2008
21383,r4i1p1f1,2008,07,18,0.0,26.906153,11.987585,2008
21384,r4i1p1f1,2008,07,19,0.0,26.92864,11.206908,2008
21385,r4i1p1f1,2008,07,20,0.0,26.69076,10.943548,2008
21386,r4i1p1f1,2008,07,21,0.0,27.533457,10.881375,2008
21387,r4i1p1f1,2008,07,22,0.19449366459926395,27.413006,14.18184,2008
21388,r4i1p1f1,2008,07,23,0.0,28.539442,12.618203,2008
21389,r4i1p1f1,2008,07,24,0.10264778298091294,28.490866,12.733343,2008
21390,r4i1p1f1,2008,07,25,0.0,28.91507,13.706417,2008
21391,r4i1p1f1,2008,07,26,0.09383110216122365,29.466644,13.291073,2008
21392,r4i1p1f1,2008,07,27,0.0,29.76489,14.288003,2008
21393,r4i1p1f1,2008,07,28,0.0,29.574776,15.43287,2008
21394,r4i1p1f1,2008,07,29,0.0,29.724203,13.883403,2008
21395,r4i1p1f1,2008,07,30,0.0,30.02077,12.983075,2008
21396,r4i1p1f1,2008,07,31,0.0,29.765837,13.130771,2008
21397,r4i1p1f1,2008,08,01,0.0,29.070366,13.080344,2008
21398,r4i1p1f1,2008,08,02,0.0,28.844141,12.78701,2008
21399,r4i1p1f1,2008,08,03,0.0,29.032059,13.691893,2008
21400,r4i1p1f1,2008,08,04,0.0,29.456385,12.662984,2008
21401,r4i1p1f1,2008,08,05,0.0,29.633787,14.201938,2008
21402,r4i1p1f1,2008,08,06,0.08534965150393292,28.464,12.427899,2008
21403,r4i1p1f1,2008,08,07,0.225458943856721,26.247038,12.267305,2008
21404,r4i1p1f1,2008,08,08,0.03734155477940069,24.981527,10.997352,2008
21405,r4i1p1f1,2008,08,09,0.11633607078462416,23.782616,9.979288,2008
21406,r4i1p1f1,2008,08,10,0.0,26.334208,9.088202,2008
21407,r4i1p1f1,2008,08,11,0.0,29.567755,12.283873,2008
21408,r4i1p1f1,2008,08,12,0.0,31.378681,14.230907,2008
21409,r4i1p1f1,2008,08,13,0.0,30.781294,15.776832,2008
21410,r4i1p1f1,2008,08,14,0.011762150566789482,28.364805,14.343958,2008
21411,r4i1p1f1,2008,08,15,0.0,24.88732,10.463202,2008
21412,r4i1p1f1,2008,08,16,0.0,23.855947,9.38544,2008
21413,r4i1p1f1,2008,08,17,0.0,24.99594,9.499834,2008
21414,r4i1p1f1,2008,08,18,0.0,26.732714,10.34049,2008
21415,r4i1p1f1,2008,08,19,0.164131180080572,26.4337,11.639144,2008
21416,r4i1p1f1,2008,08,20,0.03552949228751006,24.441853,10.594138,2008
21417,r4i1p1f1,2008,08,21,2.0104820539219617,22.56875,6.5156674,2008
21418,r4i1p1f1,2008,08,22,0.0,17.730976,1.6423348,2008
21419,r4i1p1f1,2008,08,23,0.0,21.892773,4.418014,2008
21420,r4i1p1f1,2008,08,24,0.0,23.270079,8.043052,2008
21421,r4i1p1f1,2008,08,25,0.0,22.37491,7.2248335,2008
21422,r4i1p1f1,2008,08,26,0.0,20.560324,5.205285,2008
21423,r4i1p1f1,2008,08,27,0.0,21.827513,5.89985,2008
21424,r4i1p1f1,2008,08,28,0.0,22.114561,6.006047,2008
21425,r4i1p1f1,2008,08,29,0.692235039588832,21.666544,7.1715393,2008
21426,r4i1p1f1,2008,08,30,0.18111498767742623,20.040472,6.3144183,2008
21427,r4i1p1f1,2008,08,31,0.0,18.653135,3.5379677,2008
21428,r4i1p1f1,2008,09,01,0.06766121825619116,18.411486,3.93634,2008
21429,r4i1p1f1,2008,09,02,0.0,21.556765,6.4113393,2008
21430,r4i1p1f1,2008,09,03,0.0,23.53058,8.119821,2008
21431,r4i1p1f1,2008,09,04,0.0,24.59436,8.15633,2008
21432,r4i1p1f1,2008,09,05,0.0,24.376379,9.566541,2008
21433,r4i1p1f1,2008,09,06,0.0,27.079615,10.721566,2008
21434,r4i1p1f1,2008,09,07,0.0,28.752056,11.571504,2008
21435,r4i1p1f1,2008,09,08,0.0,28.091043,11.395325,2008
21436,r4i1p1f1,2008,09,09,0.0,28.058962,11.740332,2008
21437,r4i1p1f1,2008,09,10,0.0,27.60177,12.378594,2008
21438,r4i1p1f1,2008,09,11,9.761629001726291,26.77896,13.595576,2008
21439,r4i1p1f1,2008,09,12,4.032862297694775,22.379961,10.186682,2008
21440,r4i1p1f1,2008,09,13,0.0,21.432766,6.7349744,2008
21441,r4i1p1f1,2008,09,14,0.0,23.569237,7.32162,2008
21442,r4i1p1f1,2008,09,15,0.0,23.712463,8.5586605,2008
21443,r4i1p1f1,2008,09,16,0.0,22.594345,7.7028875,2008
21444,r4i1p1f1,2008,09,17,0.0,21.031826,7.4547257,2008
21445,r4i1p1f1,2008,09,18,0.0,19.124037,4.8949957,2008
21446,r4i1p1f1,2008,09,19,0.0,22.290722,4.3731155,2008
21447,r4i1p1f1,2008,09,20,0.0,24.058325,6.8638134,2008
21448,r4i1p1f1,2008,09,21,0.0,25.177694,8.901607,2008
21449,r4i1p1f1,2008,09,22,0.0,24.675503,9.867729,2008
21450,r4i1p1f1,2008,09,23,0.0,21.869864,9.710817,2008
21451,r4i1p1f1,2008,09,24,0.0,20.245485,5.966491,2008
21452,r4i1p1f1,2008,09,25,0.0,22.9155,6.364767,2008
21453,r4i1p1f1,2008,09,26,0.0,24.388796,9.55199,2008
21454,r4i1p1f1,2008,09,27,0.0,26.08365,10.347611,2008
21455,r4i1p1f1,2008,09,28,0.0,26.628033,11.569093,2008
21456,r4i1p1f1,2008,09,29,0.0,25.921234,11.513263,2008
21457,r4i1p1f1,2008,09,30,0.31672969223903513,24.969944,9.688413,2008
21458,r4i1p1f1,2008,10,01,3.7284865758253516,26.585243,11.844229,2008
21459,r4i1p1f1,2008,10,02,2.605514105997584,21.900692,10.455296,2008
21460,r4i1p1f1,2008,10,03,6.499274976719966,23.44544,11.045687,2008
21461,r4i1p1f1,2008,10,04,1.7974853283897274,22.702812,9.702426,2008
21462,r4i1p1f1,2008,10,05,0.3311657937586242,21.906113,8.868071,2008
21463,r4i1p1f1,2008,10,06,0.1067167580600752,23.552027,7.924506,2008
21464,r4i1p1f1,2008,10,07,0.0,22.654408,8.230967,2008
21465,r4i1p1f1,2008,10,08,0.0,20.123259,6.3288264,2008
21466,r4i1p1f1,2008,10,09,0.0,19.50767,5.0380197,2008
21467,r4i1p1f1,2008,10,10,0.0,18.803612,4.805507,2008
21468,r4i1p1f1,2008,10,11,0.0,18.13824,4.004383,2008
21469,r4i1p1f1,2008,10,12,0.0,18.620394,2.9115758,2008
21470,r4i1p1f1,2008,10,13,0.0,16.946547,5.184592,2008
21471,r4i1p1f1,2008,10,14,0.0,18.051182,4.176364,2008
21472,r4i1p1f1,2008,10,15,0.32759019146948354,20.482042,4.938177,2008
21473,r4i1p1f1,2008,10,16,0.0,21.2317,6.3692613,2008
21474,r4i1p1f1,2008,10,17,0.0,19.701275,7.0982814,2008
21475,r4i1p1f1,2008,10,18,0.0,17.396215,3.109214,2008
21476,r4i1p1f1,2008,10,19,0.0,14.769122,2.6146672,2008
21477,r4i1p1f1,2008,10,20,0.035425088802543234,12.436495,-2.2899747,2008
21478,r4i1p1f1,2008,10,21,0.0,13.891908,-2.0948122,2008
21479,r4i1p1f1,2008,10,22,0.0,15.277408,1.8816766,2008
21480,r4i1p1f1,2008,10,23,0.0,19.592882,4.5261893,2008
21481,r4i1p1f1,2008,10,24,0.0,20.088823,6.3957906,2008
21482,r4i1p1f1,2008,10,25,0.0,17.993992,2.6813822,2008
21483,r4i1p1f1,2008,10,26,0.0,15.380589,0.26501256,2008
21484,r4i1p1f1,2008,10,27,0.0,15.437328,0.42585823,2008
21485,r4i1p1f1,2008,10,28,0.6795086015526935,13.81471,2.5045342,2008
21486,r4i1p1f1,2008,10,29,0.01853771039708286,13.960972,-1.1366619,2008
21487,r4i1p1f1,2008,10,30,0.0,18.17333,2.4302893,2008
21488,r4i1p1f1,2008,10,31,0.0,20.054312,4.6354117,2008
21489,r4i1p1f1,2008,11,01,0.0,19.176338,4.5799294,2008
21490,r4i1p1f1,2008,11,02,0.0,16.409615,2.0701559,2008
21491,r4i1p1f1,2008,11,03,0.007548911246256187,8.802354,-3.0438964,2008
21492,r4i1p1f1,2008,11,04,0.0,11.382135,-2.9086301,2008
21493,r4i1p1f1,2008,11,05,0.0,13.622761,-2.0732539,2008
21494,r4i1p1f1,2008,11,06,0.0,11.985228,-2.3635745,2008
21495,r4i1p1f1,2008,11,07,0.0,13.975789,-1.2386184,2008
21496,r4i1p1f1,2008,11,08,0.0,15.94036,1.6124339,2008
21497,r4i1p1f1,2008,11,09,0.0,17.86834,2.4030087,2008
21498,r4i1p1f1,2008,11,10,0.0,18.33818,2.8083262,2008
21499,r4i1p1f1,2008,11,11,0.0,18.569517,2.7927659,2008
21500,r4i1p1f1,2008,11,12,0.0,17.421494,3.4297855,2008
21501,r4i1p1f1,2008,11,13,0.0,15.794972,5.0686274,2008
21502,r4i1p1f1,2008,11,14,20.960067332578966,13.925481,0.86287844,2008
21503,r4i1p1f1,2008,11,15,10.044244568656953,2.9472637,-4.955192,2008
21504,r4i1p1f1,2008,11,16,0.0,6.6110673,-7.3953896,2008
21505,r4i1p1f1,2008,11,17,0.0,7.1434164,-7.004496,2008
21506,r4i1p1f1,2008,11,18,6.417950012116526,4.2498884,-5.5289626,2008
21507,r4i1p1f1,2008,11,19,8.59524265513887,0.3961082,-9.662919,2008
21508,r4i1p1f1,2008,11,20,3.7747391507809676,-3.155378,-10.680583,2008
21509,r4i1p1f1,2008,11,21,0.0,2.0854638,-16.683119,2008
21510,r4i1p1f1,2008,11,22,0.0,2.9031112,-8.3176775,2008
21511,r4i1p1f1,2008,11,23,40.065170263837835,1.3725986,-6.370606,2008
21512,r4i1p1f1,2008,11,24,0.8228020088851706,5.2004523,-8.353734,2008
21513,r4i1p1f1,2008,11,25,0.0,5.1561704,-11.5949545,2008
21514,r4i1p1f1,2008,11,26,0.37399559381259373,2.480298,-8.511145,2008
21515,r4i1p1f1,2008,11,27,0.0,-2.19396,-19.227507,2008
21516,r4i1p1f1,2008,11,28,0.0,-5.0621886,-13.087097,2008
21517,r4i1p1f1,2008,11,29,0.0,-0.21644923,-15.361833,2008
21518,r4i1p1f1,2008,11,30,0.0,6.5526433,-10.345827,2008
21519,r4i1p1f1,2008,12,01,0.0,8.572435,-5.4857836,2008
21520,r4i1p1f1,2008,12,02,0.0,7.151546,-3.6190457,2008
21521,r4i1p1f1,2008,12,03,0.0,7.823934,-5.2772117,2008
21522,r4i1p1f1,2008,12,04,0.0,10.435217,-4.6134963,2008
21523,r4i1p1f1,2008,12,05,0.0,10.724151,-2.9559724,2008
21524,r4i1p1f1,2008,12,06,0.0,9.848205,-2.9941564,2008
21525,r4i1p1f1,2008,12,07,0.0,11.55769,-0.56242126,2008
21526,r4i1p1f1,2008,12,08,0.0,14.137159,-1.358897,2008
21527,r4i1p1f1,2008,12,09,0.0,13.923345,-0.32478672,2008
21528,r4i1p1f1,2008,12,10,0.007951697235549294,10.979927,0.5855632,2008
21529,r4i1p1f1,2008,12,11,0.0,11.038908,-2.6970022,2008
21530,r4i1p1f1,2008,12,12,0.0,14.519649,1.1389229,2008
21531,r4i1p1f1,2008,12,13,0.0,13.719211,1.8142619,2008
21532,r4i1p1f1,2008,12,14,0.05638458854539902,12.574638,1.1264479,2008
21533,r4i1p1f1,2008,12,15,0.0,13.862759,0.04515766,2008
21534,r4i1p1f1,2008,12,16,6.277321514197334,11.855463,-0.007859312,2008
21535,r4i1p1f1,2008,12,17,0.12327635003495077,1.776418,-7.7511168,2008
21536,r4i1p1f1,2008,12,18,0.0,1.2438092,-11.480405,2008
21537,r4i1p1f1,2008,12,19,0.0,4.844388,-8.0092745,2008
21538,r4i1p1f1,2008,12,20,0.0,7.0155654,-6.1120095,2008
21539,r4i1p1f1,2008,12,21,0.0,8.03506,-5.168912,2008
21540,r4i1p1f1,2008,12,22,0.0,10.086723,-4.2607965,2008
21541,r4i1p1f1,2008,12,23,0.0,11.238223,-2.9220111,2008
21542,r4i1p1f1,2008,12,24,0.0,11.027599,-2.4116383,2008
21543,r4i1p1f1,2008,12,25,0.0,10.435793,-1.4211549,2008
21544,r4i1p1f1,2008,12,26,1.4896041623429828,7.170997,-2.5303314,2008
21545,r4i1p1f1,2008,12,27,0.0,7.1105337,-5.145208,2008
21546,r4i1p1f1,2008,12,28,23.26605923176739,2.6939847,-5.9536433,2008
21547,r4i1p1f1,2008,12,29,0.0,1.9426051,-10.016362,2008
21548,r4i1p1f1,2008,12,30,0.0,3.2215335,-10.632985,2008
21549,r4i1p1f1,2008,12,31,0.0,3.1165643,-10.65097,2008
21550,r4i1p1f1,2009,01,01,0.0,4.0491624,-9.291242,2009
21551,r4i1p1f1,2009,01,02,0.0,6.9076066,-8.163649,2009
21552,r4i1p1f1,2009,01,03,0.0,8.473143,-4.737689,2009
21553,r4i1p1f1,2009,01,04,0.0,8.437798,-5.809017,2009
21554,r4i1p1f1,2009,01,05,0.0,8.914896,-4.489165,2009
21555,r4i1p1f1,2009,01,06,0.0,8.249761,-3.7374613,2009
21556,r4i1p1f1,2009,01,07,13.94842071105764,2.0895872,-9.3424225,2009
21557,r4i1p1f1,2009,01,08,0.0,-2.450468,-16.898464,2009
21558,r4i1p1f1,2009,01,09,0.0,0.11899252,-16.032707,2009
21559,r4i1p1f1,2009,01,10,20.13110355842791,-2.79877,-8.256808,2009
21560,r4i1p1f1,2009,01,11,0.0,-0.614668,-17.79994,2009
21561,r4i1p1f1,2009,01,12,0.0,-1.3020865,-15.3139305,2009
21562,r4i1p1f1,2009,01,13,0.0,-0.10706657,-15.67475,2009
21563,r4i1p1f1,2009,01,14,0.0,4.391198,-9.67892,2009
21564,r4i1p1f1,2009,01,15,0.1603753538209654,4.326938,-6.780686,2009
21565,r4i1p1f1,2009,01,16,0.0,3.7324467,-10.957472,2009
21566,r4i1p1f1,2009,01,17,1.1766248610083947,-0.03829093,-5.4618893,2009
21567,r4i1p1f1,2009,01,18,0.0,-1.7596618,-15.825021,2009
21568,r4i1p1f1,2009,01,19,0.0,-2.7008603,-15.835727,2009
21569,r4i1p1f1,2009,01,20,7.863182610890362,-4.345083,-16.625616,2009
21570,r4i1p1f1,2009,01,21,35.55456562604064,-2.0005107,-10.240537,2009
21571,r4i1p1f1,2009,01,22,41.46729797046901,-0.80108905,-5.9041147,2009
21572,r4i1p1f1,2009,01,23,0.0,6.292947,-8.848739,2009
21573,r4i1p1f1,2009,01,24,0.0,12.279094,-2.3271596,2009
21574,r4i1p1f1,2009,01,25,1.0787831420725216,7.8556256,-2.8562279,2009
21575,r4i1p1f1,2009,01,26,0.0,1.5576619,-9.976042,2009
21576,r4i1p1f1,2009,01,27,0.0,5.6482477,-7.743831,2009
21577,r4i1p1f1,2009,01,28,0.0,8.15637,-6.245455,2009
21578,r4i1p1f1,2009,01,29,0.0,7.2160587,-5.074162,2009
21579,r4i1p1f1,2009,01,30,0.0,5.2613916,-7.158799,2009
21580,r4i1p1f1,2009,01,31,0.0,6.7241354,-8.013475,2009
21581,r4i1p1f1,2009,02,01,0.0,6.3292933,-8.108235,2009
21582,r4i1p1f1,2009,02,02,0.0,4.352052,-7.175373,2009
21583,r4i1p1f1,2009,02,03,0.0,-1.9191077,-14.425123,2009
21584,r4i1p1f1,2009,02,04,0.0,-0.43212435,-15.436211,2009
21585,r4i1p1f1,2009,02,05,0.0,3.5039365,-11.171333,2009
21586,r4i1p1f1,2009,02,06,0.0,4.2869916,-9.85383,2009
21587,r4i1p1f1,2009,02,07,0.0,3.3793924,-9.442998,2009
21588,r4i1p1f1,2009,02,08,0.0,7.7293673,-7.1247425,2009
21589,r4i1p1f1,2009,02,09,0.0,9.426969,-4.9420633,2009
21590,r4i1p1f1,2009,02,10,0.0,10.942403,-3.9253676,2009
21591,r4i1p1f1,2009,02,11,0.0,10.455599,-3.3212273,2009
21592,r4i1p1f1,2009,02,12,0.0,11.275853,-0.99431634,2009
21593,r4i1p1f1,2009,02,13,0.0,11.093349,-3.6402707,2009
21594,r4i1p1f1,2009,02,14,0.0,8.145666,-2.4872012,2009
21595,r4i1p1f1,2009,02,15,0.04751319527351197,5.418888,-5.660911,2009
21596,r4i1p1f1,2009,02,16,0.0,6.8016596,-8.606603,2009
21597,r4i1p1f1,2009,02,17,0.0,6.3665695,-6.1547074,2009
21598,r4i1p1f1,2009,02,18,20.9221277676725,2.3308263,-7.6930475,2009
21599,r4i1p1f1,2009,02,19,27.365900575666902,-1.6813283,-7.8083506,2009
21600,r4i1p1f1,2009,02,20,12.750017831438617,-4.432976,-13.97293,2009
21601,r4i1p1f1,2009,02,21,6.384161894336239,-7.5936217,-15.130879,2009
21602,r4i1p1f1,2009,02,22,0.03491227546697182,-7.5184464,-19.313078,2009
21603,r4i1p1f1,2009,02,23,0.0,-1.9760704,-18.592712,2009
21604,r4i1p1f1,2009,02,24,1.3601506464395519,-3.403082,-17.911427,2009
21605,r4i1p1f1,2009,02,25,0.0,-3.4025066,-14.283378,2009
21606,r4i1p1f1,2009,02,26,0.0,2.2086587,-10.5809355,2009
21607,r4i1p1f1,2009,02,27,0.0,6.3902764,-6.6284513,2009
21608,r4i1p1f1,2009,02,28,0.0,7.8165865,-4.916494,2009
21609,r4i1p1f1,2009,03,01,0.0,8.65983,-6.429782,2009
21610,r4i1p1f1,2009,03,02,0.0,4.779054,-10.566665,2009
21611,r4i1p1f1,2009,03,03,0.0,9.186305,-8.162267,2009
21612,r4i1p1f1,2009,03,04,0.0,11.386683,-4.38659,2009
21613,r4i1p1f1,2009,03,05,0.0,12.8539,-3.0205712,2009
21614,r4i1p1f1,2009,03,06,0.11857417071350361,11.1156435,-3.1493359,2009
21615,r4i1p1f1,2009,03,07,0.039992040821982704,2.7059941,-14.037258,2009
21616,r4i1p1f1,2009,03,08,4.830543948648228,-5.288664,-13.064267,2009
21617,r4i1p1f1,2009,03,09,0.0005076456780369474,-0.18859892,-11.125595,2009
21618,r4i1p1f1,2009,03,10,14.703619436121743,-0.58402085,-8.59261,2009
21619,r4i1p1f1,2009,03,11,0.5530200198871384,-0.97683,-12.189971,2009
21620,r4i1p1f1,2009,03,12,15.537472692151276,-2.6364639,-11.792211,2009
21621,r4i1p1f1,2009,03,13,8.258746389199018,-2.5391006,-10.790325,2009
21622,r4i1p1f1,2009,03,14,0.0,5.38479,-11.937285,2009
21623,r4i1p1f1,2009,03,15,0.0,10.244715,-4.8402333,2009
21624,r4i1p1f1,2009,03,16,0.0,14.380571,-3.0727608,2009
21625,r4i1p1f1,2009,03,17,0.0,14.608655,-0.5450489,2009
21626,r4i1p1f1,2009,03,18,0.0,12.802421,0.3767199,2009
21627,r4i1p1f1,2009,03,19,9.325792545481555,7.6994267,-2.0321784,2009
21628,r4i1p1f1,2009,03,20,0.0,7.566033,-6.9879637,2009
21629,r4i1p1f1,2009,03,21,0.5670128168951197,5.974795,-8.61536,2009
21630,r4i1p1f1,2009,03,22,18.567502031016385,5.155558,-5.152238,2009
21631,r4i1p1f1,2009,03,23,16.499752241394344,9.05455,-2.6377075,2009
21632,r4i1p1f1,2009,03,24,49.33038869729409,9.0877905,-3.3919446,2009
21633,r4i1p1f1,2009,03,25,17.266995603355237,5.842429,-0.036041744,2009
21634,r4i1p1f1,2009,03,26,4.711947049481874,6.101644,-5.690708,2009
21635,r4i1p1f1,2009,03,27,47.30773063701034,4.2041287,-6.5481224,2009
21636,r4i1p1f1,2009,03,28,10.170835229876078,1.3309678,-10.169574,2009
21637,r4i1p1f1,2009,03,29,5.588331456774581,-0.30545458,-9.453869,2009
21638,r4i1p1f1,2009,03,30,9.82132321792524,-0.4899058,-9.727009,2009
21639,r4i1p1f1,2009,03,31,0.04212223829615153,1.9803029,-10.93463,2009
21640,r4i1p1f1,2009,04,01,0.0,4.538682,-10.401515,2009
21641,r4i1p1f1,2009,04,02,3.2626616053997113,0.57411367,-6.0688486,2009
21642,r4i1p1f1,2009,04,03,9.28114674598499,2.2620227,-8.998658,2009
21643,r4i1p1f1,2009,04,04,0.0,8.044026,-4.3909817,2009
21644,r4i1p1f1,2009,04,05,0.0,9.343097,-3.186198,2009
21645,r4i1p1f1,2009,04,06,0.0,11.026863,-4.1139627,2009
21646,r4i1p1f1,2009,04,07,0.01154993386891331,8.470352,-0.8853162,2009
21647,r4i1p1f1,2009,04,08,19.681589081314524,1.6683375,-9.155733,2009
21648,r4i1p1f1,2009,04,09,0.0,5.556814,-9.464688,2009
21649,r4i1p1f1,2009,04,10,8.999242283149972,0.2992814,-7.9241447,2009
21650,r4i1p1f1,2009,04,11,6.290140404628418,-0.3119391,-11.14151,2009
21651,r4i1p1f1,2009,04,12,0.0,7.737701,-8.897677,2009
21652,r4i1p1f1,2009,04,13,0.0,9.805452,-2.3345375,2009
21653,r4i1p1f1,2009,04,14,0.0,13.062686,-2.035185,2009
21654,r4i1p1f1,2009,04,15,0.0,13.386267,0.100224696,2009
21655,r4i1p1f1,2009,04,16,9.530693007927026,8.119068,-4.4595532,2009
21656,r4i1p1f1,2009,04,17,6.212991223500923,0.79144776,-9.034432,2009
21657,r4i1p1f1,2009,04,18,21.555520631046335,-1.3643639,-9.903496,2009
21658,r4i1p1f1,2009,04,19,25.96595377505365,-1.9250544,-9.521963,2009
21659,r4i1p1f1,2009,04,20,4.40754699504614,1.6472552,-10.173558,2009
21660,r4i1p1f1,2009,04,21,0.0,6.9772606,-7.8567166,2009
21661,r4i1p1f1,2009,04,22,1.965706409410151,2.3406446,-9.352156,2009
21662,r4i1p1f1,2009,04,23,8.600878570799303,1.2135211,-9.426387,2009
21663,r4i1p1f1,2009,04,24,1.1707837780079187,5.233114,-8.188724,2009
21664,r4i1p1f1,2009,04,25,5.929998084781607,1.6832684,-7.956403,2009
21665,r4i1p1f1,2009,04,26,4.9373430556401905,0.37599078,-10.843008,2009
21666,r4i1p1f1,2009,04,27,10.816831315042688,-0.5263025,-10.024593,2009
21667,r4i1p1f1,2009,04,28,16.47029605858598,-2.3880675,-11.184341,2009
21668,r4i1p1f1,2009,04,29,3.2177120385564213,-2.9774618,-11.071503,2009
21669,r4i1p1f1,2009,04,30,0.0,5.5667033,-9.214377,2009
21670,r4i1p1f1,2009,05,01,0.0,11.478316,-5.2764025,2009
21671,r4i1p1f1,2009,05,02,0.0,13.418821,-1.874835,2009
21672,r4i1p1f1,2009,05,03,0.0,14.603873,-0.7276754,2009
21673,r4i1p1f1,2009,05,04,0.0,13.659997,0.27522755,2009
21674,r4i1p1f1,2009,05,05,0.0,12.835039,-0.50499904,2009
21675,r4i1p1f1,2009,05,06,0.0,15.687132,0.40452278,2009
21676,r4i1p1f1,2009,05,07,0.0,17.992958,3.0631578,2009
21677,r4i1p1f1,2009,05,08,0.0,19.66338,5.130058,2009
21678,r4i1p1f1,2009,05,09,0.0,19.568907,5.271039,2009
21679,r4i1p1f1,2009,05,10,0.0,18.409832,5.3535223,2009
21680,r4i1p1f1,2009,05,11,0.0,15.369734,2.749205,2009
21681,r4i1p1f1,2009,05,12,0.0,16.235956,2.0015998,2009
21682,r4i1p1f1,2009,05,13,0.0,16.94267,3.1749806,2009
21683,r4i1p1f1,2009,05,14,0.0,18.519596,4.618574,2009
21684,r4i1p1f1,2009,05,15,0.0,21.29693,6.602216,2009
21685,r4i1p1f1,2009,05,16,0.0,21.209372,6.432584,2009
21686,r4i1p1f1,2009,05,17,0.0,20.275633,6.116649,2009
21687,r4i1p1f1,2009,05,18,0.0,20.339375,5.1510077,2009
21688,r4i1p1f1,2009,05,19,0.0,18.279158,3.9579017,2009
21689,r4i1p1f1,2009,05,20,0.0,8.349394,-4.4439287,2009
21690,r4i1p1f1,2009,05,21,0.0,8.788375,-6.4897537,2009
21691,r4i1p1f1,2009,05,22,0.0,10.548435,-4.6481442,2009
21692,r4i1p1f1,2009,05,23,0.0,9.267878,-3.2460105,2009
21693,r4i1p1f1,2009,05,24,0.0,10.084444,-4.054135,2009
21694,r4i1p1f1,2009,05,25,0.0,15.030978,-0.9570022,2009
21695,r4i1p1f1,2009,05,26,0.0,17.600513,2.008151,2009
21696,r4i1p1f1,2009,05,27,0.0,15.361033,1.907926,2009
21697,r4i1p1f1,2009,05,28,2.585323262317459,8.26893,-4.1498914,2009
21698,r4i1p1f1,2009,05,29,0.0,14.33654,-0.6986183,2009
21699,r4i1p1f1,2009,05,30,0.0,18.798855,2.9155102,2009
21700,r4i1p1f1,2009,05,31,0.0,18.184061,4.8743553,2009
21701,r4i1p1f1,2009,06,01,0.0,15.572266,1.3574901,2009
21702,r4i1p1f1,2009,06,02,0.0,16.673506,1.7747192,2009
21703,r4i1p1f1,2009,06,03,0.0,17.73823,2.6980467,2009
21704,r4i1p1f1,2009,06,04,0.0,16.224682,2.2720706,2009
21705,r4i1p1f1,2009,06,05,0.0,18.371107,2.6722782,2009
21706,r4i1p1f1,2009,06,06,0.0,20.65017,5.7170095,2009
21707,r4i1p1f1,2009,06,07,0.003198349977579027,22.753977,7.2975574,2009
21708,r4i1p1f1,2009,06,08,0.29393980591739655,20.842402,6.8665047,2009
21709,r4i1p1f1,2009,06,09,0.0,18.29936,4.0065484,2009
21710,r4i1p1f1,2009,06,10,0.0,20.045761,3.8194115,2009
21711,r4i1p1f1,2009,06,11,0.0,19.459515,3.8500228,2009
21712,r4i1p1f1,2009,06,12,2.44455190120262,15.006961,1.1928134,2009
21713,r4i1p1f1,2009,06,13,0.15957803206717938,11.167987,1.3527541,2009
21714,r4i1p1f1,2009,06,14,0.0,14.2907505,-0.44464532,2009
21715,r4i1p1f1,2009,06,15,0.0,16.075584,1.0264337,2009
21716,r4i1p1f1,2009,06,16,0.06791778377360534,17.774118,3.8638086,2009
21717,r4i1p1f1,2009,06,17,0.41589164366045905,18.003193,3.8545027,2009
21718,r4i1p1f1,2009,06,18,0.0,18.085201,6.0439186,2009
21719,r4i1p1f1,2009,06,19,0.0,19.460041,4.459533,2009
21720,r4i1p1f1,2009,06,20,0.0,22.073439,7.293693,2009
21721,r4i1p1f1,2009,06,21,0.0,26.075115,10.098397,2009
21722,r4i1p1f1,2009,06,22,0.3266807297893644,26.733915,10.913932,2009
21723,r4i1p1f1,2009,06,23,0.0,27.000036,9.816329,2009
21724,r4i1p1f1,2009,06,24,0.4042725559625007,25.871647,10.234003,2009
21725,r4i1p1f1,2009,06,25,0.0,24.627068,10.238502,2009
21726,r4i1p1f1,2009,06,26,0.0,24.222206,9.360929,2009
21727,r4i1p1f1,2009,06,27,0.0,22.98827,8.562084,2009
21728,r4i1p1f1,2009,06,28,0.0,19.669806,5.7411027,2009
21729,r4i1p1f1,2009,06,29,0.0,21.443127,4.8321614,2009
21730,r4i1p1f1,2009,06,30,0.0,23.533499,6.680601,2009
21731,r4i1p1f1,2009,07,01,0.0,22.965668,8.285536,2009
21732,r4i1p1f1,2009,07,02,0.0,25.785448,9.041229,2009
21733,r4i1p1f1,2009,07,03,0.0,26.856794,10.774621,2009
21734,r4i1p1f1,2009,07,04,0.0,26.524153,11.143823,2009
21735,r4i1p1f1,2009,07,05,0.0,25.413282,10.600998,2009
21736,r4i1p1f1,2009,07,06,0.0,24.49053,9.773802,2009
21737,r4i1p1f1,2009,07,07,0.0,25.211647,8.807028,2009
21738,r4i1p1f1,2009,07,08,0.0,26.586004,9.5985985,2009
21739,r4i1p1f1,2009,07,09,0.0,27.12253,9.671912,2009
21740,r4i1p1f1,2009,07,10,0.0,28.482845,11.31561,2009
21741,r4i1p1f1,2009,07,11,0.0,29.72092,13.257342,2009
21742,r4i1p1f1,2009,07,12,0.019243733260234843,28.974041,14.311737,2009
21743,r4i1p1f1,2009,07,13,0.0,27.79082,13.527816,2009
21744,r4i1p1f1,2009,07,14,0.0,27.184742,11.504542,2009
21745,r4i1p1f1,2009,07,15,0.0,26.547462,10.836101,2009
21746,r4i1p1f1,2009,07,16,0.0,26.142206,10.121102,2009
21747,r4i1p1f1,2009,07,17,0.0,25.433086,10.12179,2009
21748,r4i1p1f1,2009,07,18,0.0,25.065105,9.33563,2009
21749,r4i1p1f1,2009,07,19,0.0,25.521229,9.964841,2009
21750,r4i1p1f1,2009,07,20,0.0,24.891453,10.929891,2009
21751,r4i1p1f1,2009,07,21,0.0,25.657085,10.68356,2009
21752,r4i1p1f1,2009,07,22,0.0,29.63678,12.527614,2009
21753,r4i1p1f1,2009,07,23,0.0,31.763855,14.578528,2009
21754,r4i1p1f1,2009,07,24,0.0,31.353558,16.156677,2009
21755,r4i1p1f1,2009,07,25,0.0,30.553102,15.320178,2009
21756,r4i1p1f1,2009,07,26,0.0,30.401344,14.893493,2009
21757,r4i1p1f1,2009,07,27,0.0,31.315315,14.793776,2009
21758,r4i1p1f1,2009,07,28,0.019348208136420394,32.716785,16.004635,2009
21759,r4i1p1f1,2009,07,29,0.0,33.519276,16.605583,2009
21760,r4i1p1f1,2009,07,30,0.11355367442606147,33.69608,16.986443,2009
21761,r4i1p1f1,2009,07,31,0.03377924389068914,34.164547,18.038586,2009
21762,r4i1p1f1,2009,08,01,0.0,33.099083,17.198824,2009
21763,r4i1p1f1,2009,08,02,0.0,29.438068,13.387511,2009
21764,r4i1p1f1,2009,08,03,0.0,26.911388,11.423827,2009
21765,r4i1p1f1,2009,08,04,0.0,25.484447,12.326965,2009
21766,r4i1p1f1,2009,08,05,0.15820731768971658,23.239756,10.627917,2009
21767,r4i1p1f1,2009,08,06,0.0,21.041912,10.410793,2009
21768,r4i1p1f1,2009,08,07,0.0,25.8401,10.191425,2009
21769,r4i1p1f1,2009,08,08,0.0,28.434725,11.844523,2009
21770,r4i1p1f1,2009,08,09,0.0,28.708603,14.271274,2009
21771,r4i1p1f1,2009,08,10,0.4134227205098162,29.038164,14.06587,2009
21772,r4i1p1f1,2009,08,11,0.23429107440283156,29.108358,14.098335,2009
21773,r4i1p1f1,2009,08,12,0.7194685741281348,29.091644,14.0420475,2009
21774,r4i1p1f1,2009,08,13,0.3849934158801039,28.807323,12.767235,2009
21775,r4i1p1f1,2009,08,14,0.013942106217585275,28.083574,12.481075,2009
21776,r4i1p1f1,2009,08,15,0.0,27.738594,12.76356,2009
21777,r4i1p1f1,2009,08,16,0.0,27.51176,11.009588,2009
21778,r4i1p1f1,2009,08,17,0.0,27.229992,10.267925,2009
21779,r4i1p1f1,2009,08,18,0.0,27.67433,10.666588,2009
21780,r4i1p1f1,2009,08,19,0.0,28.074318,11.555597,2009
21781,r4i1p1f1,2009,08,20,0.0,29.00933,12.593681,2009
21782,r4i1p1f1,2009,08,21,0.0,28.605347,12.679905,2009
21783,r4i1p1f1,2009,08,22,0.0,27.636694,12.128081,2009
21784,r4i1p1f1,2009,08,23,0.0,23.67158,7.9956636,2009
21785,r4i1p1f1,2009,08,24,0.0,20.840448,5.0629044,2009
21786,r4i1p1f1,2009,08,25,0.0,21.124237,5.3776402,2009
21787,r4i1p1f1,2009,08,26,0.0,20.795616,6.4939766,2009
21788,r4i1p1f1,2009,08,27,0.0,21.133253,7.524453,2009
21789,r4i1p1f1,2009,08,28,0.0,22.12246,6.0490556,2009
21790,r4i1p1f1,2009,08,29,0.0,23.82774,7.1757927,2009
21791,r4i1p1f1,2009,08,30,0.0,24.674105,8.335538,2009
21792,r4i1p1f1,2009,08,31,0.0,25.079138,8.59823,2009
21793,r4i1p1f1,2009,09,01,0.0,24.789064,9.611153,2009
21794,r4i1p1f1,2009,09,02,0.0,26.802334,11.023751,2009
21795,r4i1p1f1,2009,09,03,0.0,27.707327,11.410486,2009
21796,r4i1p1f1,2009,09,04,0.20238751261358096,27.776054,11.616452,2009
21797,r4i1p1f1,2009,09,05,0.4138453017673466,26.74517,12.922167,2009
21798,r4i1p1f1,2009,09,06,0.0,25.71639,11.452916,2009
21799,r4i1p1f1,2009,09,07,0.0,21.87448,6.787209,2009
21800,r4i1p1f1,2009,09,08,0.0,15.707319,1.3675507,2009
21801,r4i1p1f1,2009,09,09,0.0,16.122875,1.5989482,2009
21802,r4i1p1f1,2009,09,10,0.0,16.993963,2.40321,2009
21803,r4i1p1f1,2009,09,11,7.522758837221444e-05,16.007755,2.3120778,2009
21804,r4i1p1f1,2009,09,12,0.0,16.209476,0.06523526,2009
21805,r4i1p1f1,2009,09,13,2.083836565188862,18.711311,3.6496518,2009
21806,r4i1p1f1,2009,09,14,36.49841377520049,17.211086,4.8098607,2009
21807,r4i1p1f1,2009,09,15,0.0,15.343929,-0.05611278,2009
21808,r4i1p1f1,2009,09,16,0.0,17.399443,1.6886219,2009
21809,r4i1p1f1,2009,09,17,0.0,17.820951,4.588832,2009
21810,r4i1p1f1,2009,09,18,0.0,17.257147,4.444865,2009
21811,r4i1p1f1,2009,09,19,0.0,18.952318,4.284669,2009
21812,r4i1p1f1,2009,09,20,0.0,19.844059,6.9177256,2009
21813,r4i1p1f1,2009,09,21,0.0,23.799791,8.109732,2009
21814,r4i1p1f1,2009,09,22,0.0,24.53305,8.92675,2009
21815,r4i1p1f1,2009,09,23,0.0,22.612091,9.26676,2009
21816,r4i1p1f1,2009,09,24,0.03631484503957877,20.785475,7.371639,2009
21817,r4i1p1f1,2009,09,25,59.02101669178188,17.21209,8.31532,2009
21818,r4i1p1f1,2009,09,26,0.5392210522714114,17.501495,2.2652607,2009
21819,r4i1p1f1,2009,09,27,2.3552598442389905,18.692287,8.438985,2009
21820,r4i1p1f1,2009,09,28,35.38199601239552,14.734856,5.9178944,2009
21821,r4i1p1f1,2009,09,29,0.0,10.38138,0.5510903,2009
21822,r4i1p1f1,2009,09,30,0.0,9.602865,-1.8152105,2009
21823,r4i1p1f1,2009,10,01,0.0,13.314049,-1.4252518,2009
21824,r4i1p1f1,2009,10,02,0.21130685129460228,14.003381,-0.80747014,2009
21825,r4i1p1f1,2009,10,03,0.0,13.684255,2.5220456,2009
21826,r4i1p1f1,2009,10,04,0.0,15.820019,1.3130891,2009
21827,r4i1p1f1,2009,10,05,0.0,17.167166,2.2052858,2009
21828,r4i1p1f1,2009,10,06,0.8996111266036456,18.145105,3.931238,2009
21829,r4i1p1f1,2009,10,07,1.6584094288726405,20.382002,6.7718854,2009
21830,r4i1p1f1,2009,10,08,4.660409913754452,17.663937,6.5884123,2009
21831,r4i1p1f1,2009,10,09,0.0,16.456293,0.8514962,2009
21832,r4i1p1f1,2009,10,10,0.0,17.681036,1.9894505,2009
21833,r4i1p1f1,2009,10,11,0.0,18.46979,4.055394,2009
21834,r4i1p1f1,2009,10,12,0.0,18.542677,4.80617,2009
21835,r4i1p1f1,2009,10,13,0.0,19.608938,4.4787016,2009
21836,r4i1p1f1,2009,10,14,0.0,20.208807,6.9318438,2009
21837,r4i1p1f1,2009,10,15,4.199190973312443,23.486338,11.233539,2009
21838,r4i1p1f1,2009,10,16,0.09090781218240067,15.09026,1.0727886,2009
21839,r4i1p1f1,2009,10,17,0.0,14.713772,2.0968142,2009
21840,r4i1p1f1,2009,10,18,0.0,18.667156,4.143463,2009
21841,r4i1p1f1,2009,10,19,0.0,19.010925,5.1498713,2009
21842,r4i1p1f1,2009,10,20,0.1181918588590469,18.937548,5.0002546,2009
21843,r4i1p1f1,2009,10,21,0.8078753466451092,19.674995,6.500636,2009
21844,r4i1p1f1,2009,10,22,0.16079314541107473,18.149683,7.0760407,2009
21845,r4i1p1f1,2009,10,23,0.0,15.253962,2.4911544,2009
21846,r4i1p1f1,2009,10,24,0.0,17.267603,1.1154436,2009
21847,r4i1p1f1,2009,10,25,0.0,19.033178,4.8921165,2009
21848,r4i1p1f1,2009,10,26,0.0,18.412815,6.2850933,2009
21849,r4i1p1f1,2009,10,27,0.006739767684445325,15.478706,2.9313514,2009
21850,r4i1p1f1,2009,10,28,0.012528058628728656,10.009329,0.8128756,2009
21851,r4i1p1f1,2009,10,29,21.56821182104327,7.980721,-0.1248305,2009
21852,r4i1p1f1,2009,10,30,25.212833117806916,9.075061,-1.0032413,2009
21853,r4i1p1f1,2009,10,31,17.9043070025209,-0.6790275,-8.687476,2009
21854,r4i1p1f1,2009,11,01,20.370721338133485,-8.308202,-15.530207,2009
21855,r4i1p1f1,2009,11,02,0.0,0.6967828,-16.81862,2009
21856,r4i1p1f1,2009,11,03,0.0,8.368182,-11.31974,2009
21857,r4i1p1f1,2009,11,04,3.300795528871256,5.7691708,-6.3743143,2009
21858,r4i1p1f1,2009,11,05,36.314462986932774,-0.7471762,-6.686705,2009
21859,r4i1p1f1,2009,11,06,0.37781320026616366,1.3470513,-9.522259,2009
21860,r4i1p1f1,2009,11,07,0.0,5.873941,-10.103606,2009
21861,r4i1p1f1,2009,11,08,0.0,10.960021,-4.8364058,2009
21862,r4i1p1f1,2009,11,09,0.0,11.076847,-3.6207342,2009
21863,r4i1p1f1,2009,11,10,0.0,9.924581,-5.4298573,2009
21864,r4i1p1f1,2009,11,11,0.0,8.369834,-4.0227017,2009
21865,r4i1p1f1,2009,11,12,4.239963028567835,5.1994147,-2.5733566,2009
21866,r4i1p1f1,2009,11,13,10.010611007742824,2.4951043,-7.548463,2009
21867,r4i1p1f1,2009,11,14,0.0,3.7018836,-7.855461,2009
21868,r4i1p1f1,2009,11,15,25.92228562497361,2.032649,-5.1159215,2009
21869,r4i1p1f1,2009,11,16,6.32618115972312,-1.2494279,-8.977775,2009
21870,r4i1p1f1,2009,11,17,7.669664517506468,-3.6859875,-12.051442,2009
21871,r4i1p1f1,2009,11,18,0.0,0.68526393,-15.494515,2009
21872,r4i1p1f1,2009,11,19,0.0,1.9325186,-15.917309,2009
21873,r4i1p1f1,2009,11,20,0.0,0.87462515,-15.624008,2009
21874,r4i1p1f1,2009,11,21,0.0,5.4841237,-10.697986,2009
21875,r4i1p1f1,2009,11,22,0.0,8.593857,-6.743784,2009
21876,r4i1p1f1,2009,11,23,0.0,9.075678,-7.0544314,2009
21877,r4i1p1f1,2009,11,24,0.0,8.574748,-7.014886,2009
21878,r4i1p1f1,2009,11,25,0.0,7.556487,-3.9272265,2009
21879,r4i1p1f1,2009,11,26,0.5646960689329091,5.847219,-6.0889907,2009
21880,r4i1p1f1,2009,11,27,1.1938580560995207,0.1984895,-11.020725,2009
21881,r4i1p1f1,2009,11,28,0.0,-1.4539535,-15.772428,2009
21882,r4i1p1f1,2009,11,29,0.0,5.345289,-11.877729,2009
21883,r4i1p1f1,2009,11,30,0.0,7.718321,-6.3102517,2009
21884,r4i1p1f1,2009,12,01,0.0,7.7860026,-3.5466895,2009
21885,r4i1p1f1,2009,12,02,2.4471508553968024,6.537775,-3.3762772,2009
21886,r4i1p1f1,2009,12,03,0.0,9.122124,-3.089208,2009
21887,r4i1p1f1,2009,12,04,0.0,10.844352,-1.068538,2009
21888,r4i1p1f1,2009,12,05,0.0,9.805329,-2.1641958,2009
21889,r4i1p1f1,2009,12,06,0.3012697833076744,7.629913,-2.4419875,2009
21890,r4i1p1f1,2009,12,07,0.0,6.759425,-6.997191,2009
21891,r4i1p1f1,2009,12,08,0.0,6.517793,-7.654671,2009
21892,r4i1p1f1,2009,12,09,0.9572797846099772,5.539194,-4.239117,2009
21893,r4i1p1f1,2009,12,10,14.947798079336946,3.402776,-3.942323,2009
21894,r4i1p1f1,2009,12,11,43.04803176045553,4.411934,-3.0512574,2009
21895,r4i1p1f1,2009,12,12,12.878816394223326,4.981622,-5.110822,2009
21896,r4i1p1f1,2009,12,13,0.0,6.7567096,-6.4800735,2009
21897,r4i1p1f1,2009,12,14,0.0,5.9119105,-7.089093,2009
21898,r4i1p1f1,2009,12,15,6.126031304335083,2.133034,-7.744597,2009
21899,r4i1p1f1,2009,12,16,1.9767603714431123,4.5312653,-6.0002794,2009
21900,r4i1p1f1,2009,12,17,0.0,8.209993,-6.376838,2009
21901,r4i1p1f1,2009,12,18,0.0,6.5948596,-1.4404924,2009
21902,r4i1p1f1,2009,12,19,19.715118406649164,1.4142942,-7.6055126,2009
21903,r4i1p1f1,2009,12,20,0.49732180218577354,4.7351832,-7.6022077,2009
21904,r4i1p1f1,2009,12,21,0.0,4.670979,-6.5694118,2009
21905,r4i1p1f1,2009,12,22,0.0,3.8476186,-8.003165,2009
21906,r4i1p1f1,2009,12,23,0.0,4.29134,-8.938252,2009
21907,r4i1p1f1,2009,12,24,0.0,5.682015,-6.9843473,2009
21908,r4i1p1f1,2009,12,25,0.0,3.147182,-7.5424595,2009
21909,r4i1p1f1,2009,12,26,0.09142296468319921,-0.21388273,-10.488308,2009
21910,r4i1p1f1,2009,12,27,0.0,0.34469274,-9.8697815,2009
21911,r4i1p1f1,2009,12,28,0.0,1.1729795,-11.534132,2009
21912,r4i1p1f1,2009,12,29,0.0,1.7824826,-8.913212,2009
21913,r4i1p1f1,2009,12,30,0.0,6.061701,-6.3174562,2009
21914,r4i1p1f1,2009,12,31,0.0,6.276364,-5.3769493,2009
21915,r4i1p1f1,2010,01,01,0.0,5.1566324,-5.7260776,2010
21916,r4i1p1f1,2010,01,02,0.0,2.2538898,-10.1231785,2010
21917,r4i1p1f1,2010,01,03,0.0,0.5829511,-11.261135,2010
21918,r4i1p1f1,2010,01,04,0.0,1.2947885,-10.148355,2010
21919,r4i1p1f1,2010,01,05,0.0,6.4358044,-6.4340143,2010
21920,r4i1p1f1,2010,01,06,0.0,8.498571,-4.0845346,2010
21921,r4i1p1f1,2010,01,07,0.0,9.419539,-4.3036284,2010
21922,r4i1p1f1,2010,01,08,0.0,7.569606,-3.5988078,2010
21923,r4i1p1f1,2010,01,09,0.0,4.205566,-3.438027,2010
21924,r4i1p1f1,2010,01,10,0.0,8.573336,-4.730809,2010
21925,r4i1p1f1,2010,01,11,0.0,11.539184,-1.9492834,2010
21926,r4i1p1f1,2010,01,12,0.0,10.493179,-1.2636704,2010
21927,r4i1p1f1,2010,01,13,40.098119691136496,6.097465,-2.771047,2010
21928,r4i1p1f1,2010,01,14,0.0,2.9761302,-8.694813,2010
21929,r4i1p1f1,2010,01,15,4.152540113447759,4.3543744,-7.114709,2010
21930,r4i1p1f1,2010,01,16,1.9621929471044932,4.2336864,-2.810169,2010
21931,r4i1p1f1,2010,01,17,26.161922541303703,3.8609452,-3.361368,2010
21932,r4i1p1f1,2010,01,18,0.0,6.980034,-6.694136,2010
21933,r4i1p1f1,2010,01,19,2.6487912325166394,2.684368,-5.2956586,2010
21934,r4i1p1f1,2010,01,20,8.990763446444653,1.9790614,-4.673444,2010
21935,r4i1p1f1,2010,01,21,64.82862185358124,1.6835927,-4.8829026,2010
21936,r4i1p1f1,2010,01,22,8.92088515113455,0.56475943,-9.109756,2010
21937,r4i1p1f1,2010,01,23,38.54271950372979,-0.8816211,-8.845712,2010
21938,r4i1p1f1,2010,01,24,15.941613489391631,-1.7751733,-9.310462,2010
21939,r4i1p1f1,2010,01,25,0.0,-0.44803202,-13.832108,2010
21940,r4i1p1f1,2010,01,26,25.680450898251703,-2.8815598,-8.574259,2010
21941,r4i1p1f1,2010,01,27,0.059275057672563816,-1.0641272,-14.113733,2010
21942,r4i1p1f1,2010,01,28,0.61645183678424,-3.1614413,-15.437362,2010
21943,r4i1p1f1,2010,01,29,23.28934708580678,-3.7591603,-10.799929,2010
21944,r4i1p1f1,2010,01,30,5.890540582337522,-4.3708634,-11.453904,2010
21945,r4i1p1f1,2010,01,31,0.018403210363253885,-4.2210517,-13.490099,2010
21946,r4i1p1f1,2010,02,01,0.0,-5.0101047,-17.913342,2010
21947,r4i1p1f1,2010,02,02,0.0,-1.392252,-13.405427,2010
21948,r4i1p1f1,2010,02,03,0.0,4.0234213,-11.839531,2010
21949,r4i1p1f1,2010,02,04,0.0,8.012352,-6.343001,2010
21950,r4i1p1f1,2010,02,05,0.0,10.244164,-3.8203602,2010
21951,r4i1p1f1,2010,02,06,0.0,10.791666,-3.3971865,2010
21952,r4i1p1f1,2010,02,07,0.0,9.426558,-3.8198032,2010
21953,r4i1p1f1,2010,02,08,0.0,7.3630624,-5.044745,2010
21954,r4i1p1f1,2010,02,09,0.0,7.9802723,-5.434632,2010
21955,r4i1p1f1,2010,02,10,0.0,6.80954,-5.2240343,2010
21956,r4i1p1f1,2010,02,11,0.8062409124056403,3.5556111,-6.685665,2010
21957,r4i1p1f1,2010,02,12,0.0,3.3698046,-8.419925,2010
21958,r4i1p1f1,2010,02,13,0.0,7.37205,-7.5937333,2010
21959,r4i1p1f1,2010,02,14,0.0,8.542079,-4.698007,2010
21960,r4i1p1f1,2010,02,15,0.0,7.702683,-4.77743,2010
21961,r4i1p1f1,2010,02,16,0.026833906830857377,4.8354273,-4.8048816,2010
21962,r4i1p1f1,2010,02,17,0.0,8.360537,-6.2143736,2010
21963,r4i1p1f1,2010,02,18,0.0,12.523719,-2.6819754,2010
21964,r4i1p1f1,2010,02,19,0.0,9.918989,-0.3186303,2010
21965,r4i1p1f1,2010,02,20,0.0,10.502771,-2.815437,2010
21966,r4i1p1f1,2010,02,21,0.0,12.495105,-0.48484382,2010
21967,r4i1p1f1,2010,02,22,0.0,11.05931,3.3799965,2010
21968,r4i1p1f1,2010,02,23,8.98854921809482,7.914732,-2.8956025,2010
21969,r4i1p1f1,2010,02,24,0.993923397778845,2.3959513,-6.1036944,2010
21970,r4i1p1f1,2010,02,25,0.02557523535433904,6.274526,-5.9106092,2010
21971,r4i1p1f1,2010,02,26,26.628600494099604,4.850151,-4.5255904,2010
21972,r4i1p1f1,2010,02,27,0.7570646478692717,5.453139,-5.61987,2010
21973,r4i1p1f1,2010,02,28,0.0,6.652839,-6.168025,2010
21974,r4i1p1f1,2010,03,01,1.4469263848946883,6.402368,-6.3433704,2010
21975,r4i1p1f1,2010,03,02,0.009921069372323135,9.2882395,-1.9560694,2010
21976,r4i1p1f1,2010,03,03,11.682546849114182,6.015521,-3.7298667,2010
21977,r4i1p1f1,2010,03,04,0.0,4.7636676,-7.153851,2010
21978,r4i1p1f1,2010,03,05,0.0,8.3650675,-6.0538464,2010
21979,r4i1p1f1,2010,03,06,0.637931996485407,6.541356,-3.549825,2010
21980,r4i1p1f1,2010,03,07,4.857640099681822,3.7104278,-7.008078,2010
21981,r4i1p1f1,2010,03,08,0.0,11.144425,-4.4103975,2010
21982,r4i1p1f1,2010,03,09,0.0,14.635409,-0.51645416,2010
21983,r4i1p1f1,2010,03,10,0.0,12.403995,-0.9666726,2010
21984,r4i1p1f1,2010,03,11,14.088292763045908,4.160017,-7.522999,2010
21985,r4i1p1f1,2010,03,12,19.52704208996779,-3.7804868,-8.954936,2010
21986,r4i1p1f1,2010,03,13,47.63199185459491,-3.4811857,-9.744658,2010
21987,r4i1p1f1,2010,03,14,7.424886981324278,-1.6166592,-10.178332,2010
21988,r4i1p1f1,2010,03,15,3.263182176121777,1.1821673,-8.971594,2010
21989,r4i1p1f1,2010,03,16,5.765207382155412,2.0538778,-6.362715,2010
21990,r4i1p1f1,2010,03,17,19.968813708172142,0.99171543,-8.334493,2010
21991,r4i1p1f1,2010,03,18,3.5186727453885513,-0.8267484,-8.874301,2010
21992,r4i1p1f1,2010,03,19,11.947920940483487,-3.6201985,-12.197769,2010
21993,r4i1p1f1,2010,03,20,5.357901502867615,-3.2899337,-10.476934,2010
21994,r4i1p1f1,2010,03,21,0.0,2.874737,-12.862016,2010
21995,r4i1p1f1,2010,03,22,0.0,3.8951342,-10.661972,2010
21996,r4i1p1f1,2010,03,23,0.0,9.623149,-5.6339045,2010
21997,r4i1p1f1,2010,03,24,0.0,15.337466,-2.2490187,2010
21998,r4i1p1f1,2010,03,25,0.0,17.374739,0.7650687,2010
21999,r4i1p1f1,2010,03,26,0.0,16.024097,1.6354207,2010
22000,r4i1p1f1,2010,03,27,0.0,13.460431,0.055757757,2010
22001,r4i1p1f1,2010,03,28,0.0,13.690408,2.4651928,2010
22002,r4i1p1f1,2010,03,29,0.0,14.232275,-0.52392083,2010
22003,r4i1p1f1,2010,03,30,0.16632384697119684,11.446422,0.029597148,2010
22004,r4i1p1f1,2010,03,31,7.907522157103516,4.708949,-8.539067,2010
22005,r4i1p1f1,2010,04,01,0.4871716499595947,8.495641,-6.674941,2010
22006,r4i1p1f1,2010,04,02,0.0,12.718616,-2.3327758,2010
22007,r4i1p1f1,2010,04,03,0.0,15.104148,-1.6092699,2010
22008,r4i1p1f1,2010,04,04,0.0,16.413422,0.25198117,2010
22009,r4i1p1f1,2010,04,05,0.0,15.895447,2.0205197,2010
22010,r4i1p1f1,2010,04,06,0.0,15.751599,0.25099728,2010
22011,r4i1p1f1,2010,04,07,0.0,14.735018,0.3804637,2010
22012,r4i1p1f1,2010,04,08,0.0,15.376725,2.219901,2010
22013,r4i1p1f1,2010,04,09,0.14786810204904258,14.137128,2.338998,2010
22014,r4i1p1f1,2010,04,10,0.04130631149074851,8.259583,-4.671036,2010
22015,r4i1p1f1,2010,04,11,0.0,5.916854,-6.8749003,2010
22016,r4i1p1f1,2010,04,12,0.0,9.4410715,-5.3645434,2010
22017,r4i1p1f1,2010,04,13,0.0,12.623338,-2.567355,2010
22018,r4i1p1f1,2010,04,14,0.0,15.813336,0.925413,2010
22019,r4i1p1f1,2010,04,15,0.0,18.674461,3.108424,2010
22020,r4i1p1f1,2010,04,16,0.0,18.22661,7.2315845,2010
22021,r4i1p1f1,2010,04,17,0.0,15.326792,1.9016325,2010
22022,r4i1p1f1,2010,04,18,0.0,12.661413,-0.53340334,2010
22023,r4i1p1f1,2010,04,19,0.0,11.912233,-0.5569541,2010
22024,r4i1p1f1,2010,04,20,0.0,14.7675905,-0.901766,2010
22025,r4i1p1f1,2010,04,21,0.0,13.4002495,-0.45001236,2010
22026,r4i1p1f1,2010,04,22,0.0,10.313433,-0.4305277,2010
22027,r4i1p1f1,2010,04,23,0.6450288176888966,8.726671,-4.1481366,2010
22028,r4i1p1f1,2010,04,24,0.0,6.5557513,-6.7872467,2010
22029,r4i1p1f1,2010,04,25,0.006544316372593414,6.64533,-6.4601793,2010
22030,r4i1p1f1,2010,04,26,0.0,7.428301,-7.085782,2010
22031,r4i1p1f1,2010,04,27,2.612266549606817,4.009098,-9.011758,2010
22032,r4i1p1f1,2010,04,28,0.0,11.92484,-4.720659,2010
22033,r4i1p1f1,2010,04,29,0.0,13.87337,4.326767,2010
22034,r4i1p1f1,2010,04,30,0.0,16.117687,0.7678335,2010
22035,r4i1p1f1,2010,05,01,0.0,17.98382,4.2054644,2010
22036,r4i1p1f1,2010,05,02,0.0,19.033491,3.8996725,2010
22037,r4i1p1f1,2010,05,03,0.024862779392355136,15.643413,1.7360983,2010
22038,r4i1p1f1,2010,05,04,21.989497871504785,5.9545684,-4.31109,2010
22039,r4i1p1f1,2010,05,05,0.0,9.204445,-4.7304955,2010
22040,r4i1p1f1,2010,05,06,0.0,14.326618,-0.8128582,2010
22041,r4i1p1f1,2010,05,07,0.0,17.15242,1.3145629,2010
22042,r4i1p1f1,2010,05,08,0.0,16.351603,3.8143914,2010
22043,r4i1p1f1,2010,05,09,0.0,17.776705,2.159019,2010
22044,r4i1p1f1,2010,05,10,0.0,20.98161,4.755824,2010
22045,r4i1p1f1,2010,05,11,0.0,20.778395,7.9379735,2010
22046,r4i1p1f1,2010,05,12,0.0,18.82036,4.735891,2010
22047,r4i1p1f1,2010,05,13,0.0,17.042313,1.2066772,2010
22048,r4i1p1f1,2010,05,14,0.0,16.793972,3.279194,2010
22049,r4i1p1f1,2010,05,15,0.0,14.969353,1.2953955,2010
22050,r4i1p1f1,2010,05,16,0.0,18.236826,2.1239643,2010
22051,r4i1p1f1,2010,05,17,0.0,22.606058,5.590331,2010
22052,r4i1p1f1,2010,05,18,0.0,24.84406,8.719778,2010
22053,r4i1p1f1,2010,05,19,0.0,25.956041,10.439454,2010
22054,r4i1p1f1,2010,05,20,0.0,26.666767,10.273491,2010
22055,r4i1p1f1,2010,05,21,0.0,25.861624,10.402644,2010
22056,r4i1p1f1,2010,05,22,0.0,25.246946,10.687214,2010
22057,r4i1p1f1,2010,05,23,0.0,21.691319,7.992177,2010
22058,r4i1p1f1,2010,05,24,0.0,19.92087,5.0120296,2010
22059,r4i1p1f1,2010,05,25,0.0,23.036163,6.580602,2010
22060,r4i1p1f1,2010,05,26,0.0,23.850702,8.907799,2010
22061,r4i1p1f1,2010,05,27,0.0,22.736338,8.109792,2010
22062,r4i1p1f1,2010,05,28,0.0,20.476313,5.3094935,2010
22063,r4i1p1f1,2010,05,29,0.0,18.47177,3.3274686,2010
22064,r4i1p1f1,2010,05,30,0.0,16.914635,4.559003,2010
22065,r4i1p1f1,2010,05,31,0.7529051453913196,11.356179,-1.8849217,2010
22066,r4i1p1f1,2010,06,01,0.7739266782919497,11.494798,-1.7759738,2010
22067,r4i1p1f1,2010,06,02,0.18122184978707429,17.011135,1.6322411,2010
22068,r4i1p1f1,2010,06,03,0.0,19.442991,5.51147,2010
22069,r4i1p1f1,2010,06,04,0.0,20.286469,4.685571,2010
22070,r4i1p1f1,2010,06,05,0.0,22.635824,6.103468,2010
22071,r4i1p1f1,2010,06,06,0.0,23.877464,8.286866,2010
22072,r4i1p1f1,2010,06,07,0.0,24.492594,9.214292,2010
22073,r4i1p1f1,2010,06,08,0.0,24.363419,8.731413,2010
22074,r4i1p1f1,2010,06,09,0.0,25.407892,8.672024,2010
22075,r4i1p1f1,2010,06,10,0.0,24.986065,9.122536,2010
22076,r4i1p1f1,2010,06,11,0.0,25.496048,9.147633,2010
22077,r4i1p1f1,2010,06,12,0.0,24.966452,10.038234,2010
22078,r4i1p1f1,2010,06,13,0.0,23.540176,7.6741624,2010
22079,r4i1p1f1,2010,06,14,0.0,21.935547,8.673274,2010
22080,r4i1p1f1,2010,06,15,0.0,23.062098,6.91913,2010
22081,r4i1p1f1,2010,06,16,0.0,27.416325,10.31685,2010
22082,r4i1p1f1,2010,06,17,0.0,30.351372,12.497105,2010
22083,r4i1p1f1,2010,06,18,0.0,28.723734,12.56391,2010
22084,r4i1p1f1,2010,06,19,0.0,22.907055,9.778138,2010
22085,r4i1p1f1,2010,06,20,0.0,21.372877,7.307827,2010
22086,r4i1p1f1,2010,06,21,0.0,21.064316,6.7653112,2010
22087,r4i1p1f1,2010,06,22,0.0,24.194029,7.4986677,2010
22088,r4i1p1f1,2010,06,23,0.0,28.220709,10.393274,2010
22089,r4i1p1f1,2010,06,24,0.0,27.43306,11.149294,2010
22090,r4i1p1f1,2010,06,25,0.0,24.309776,9.314405,2010
22091,r4i1p1f1,2010,06,26,0.0,24.167374,8.868018,2010
22092,r4i1p1f1,2010,06,27,0.0,26.406294,8.659802,2010
22093,r4i1p1f1,2010,06,28,0.0,25.701593,10.969495,2010
22094,r4i1p1f1,2010,06,29,0.0,24.180695,7.178051,2010
22095,r4i1p1f1,2010,06,30,0.0,25.52845,8.928572,2010
22096,r4i1p1f1,2010,07,01,0.0,27.133917,10.510563,2010
22097,r4i1p1f1,2010,07,02,0.0,26.758457,12.232696,2010
22098,r4i1p1f1,2010,07,03,0.0,28.135555,11.926473,2010
22099,r4i1p1f1,2010,07,04,0.0,30.227167,12.787464,2010
22100,r4i1p1f1,2010,07,05,0.720757107690308,29.708237,14.308782,2010
22101,r4i1p1f1,2010,07,06,0.2809358300238598,29.362713,13.612961,2010
22102,r4i1p1f1,2010,07,07,0.09086014089332335,29.293089,13.461921,2010
22103,r4i1p1f1,2010,07,08,0.23252281091809146,28.20359,12.932743,2010
22104,r4i1p1f1,2010,07,09,0.6165597700288443,27.047623,13.375159,2010
22105,r4i1p1f1,2010,07,10,0.19661659852527708,27.09428,10.52378,2010
22106,r4i1p1f1,2010,07,11,0.0068450233861129745,26.532913,11.511201,2010
22107,r4i1p1f1,2010,07,12,0.0,26.468054,11.465965,2010
22108,r4i1p1f1,2010,07,13,0.30001418193134827,26.101336,11.471354,2010
22109,r4i1p1f1,2010,07,14,0.38206695757566095,24.650738,10.951408,2010
22110,r4i1p1f1,2010,07,15,0.1212152177035994,24.196152,9.722577,2010
22111,r4i1p1f1,2010,07,16,0.0,23.822708,9.076661,2010
22112,r4i1p1f1,2010,07,17,0.0,24.51525,9.534998,2010
22113,r4i1p1f1,2010,07,18,0.0,25.85726,10.548813,2010
22114,r4i1p1f1,2010,07,19,0.0,25.618923,10.120311,2010
22115,r4i1p1f1,2010,07,20,0.0,24.428638,9.487918,2010
22116,r4i1p1f1,2010,07,21,0.0,23.854269,8.471824,2010
22117,r4i1p1f1,2010,07,22,0.0,23.774586,8.3831835,2010
22118,r4i1p1f1,2010,07,23,0.0,24.900404,9.674663,2010
22119,r4i1p1f1,2010,07,24,0.0,25.065565,10.082545,2010
22120,r4i1p1f1,2010,07,25,0.0,25.877796,10.302052,2010
22121,r4i1p1f1,2010,07,26,0.0,26.776424,11.277684,2010
22122,r4i1p1f1,2010,07,27,0.10287287772683969,27.762068,11.105608,2010
22123,r4i1p1f1,2010,07,28,0.0,28.144535,14.027204,2010
22124,r4i1p1f1,2010,07,29,0.27653630542393975,27.664862,12.594626,2010
22125,r4i1p1f1,2010,07,30,0.0,27.212294,11.976306,2010
22126,r4i1p1f1,2010,07,31,0.09096433646594944,27.226805,11.525316,2010
22127,r4i1p1f1,2010,08,01,0.0,27.712603,11.889907,2010
22128,r4i1p1f1,2010,08,02,0.0,27.967714,12.178609,2010
22129,r4i1p1f1,2010,08,03,0.0,28.332964,12.6546135,2010
22130,r4i1p1f1,2010,08,04,0.0,28.535124,12.748412,2010
22131,r4i1p1f1,2010,08,05,0.0,28.554619,12.649449,2010
22132,r4i1p1f1,2010,08,06,0.0,27.832256,12.005754,2010
22133,r4i1p1f1,2010,08,07,0.0,26.696093,11.8334255,2010
22134,r4i1p1f1,2010,08,08,0.0,25.352642,10.111814,2010
22135,r4i1p1f1,2010,08,09,0.030224643264711745,24.179586,10.686007,2010
22136,r4i1p1f1,2010,08,10,0.0,23.415682,8.081847,2010
22137,r4i1p1f1,2010,08,11,0.0,24.560635,8.942594,2010
22138,r4i1p1f1,2010,08,12,0.000791402982850243,24.508505,8.24695,2010
22139,r4i1p1f1,2010,08,13,0.06539603178779177,21.533257,9.039239,2010
22140,r4i1p1f1,2010,08,14,1.3347911670263692,21.559666,7.821558,2010
22141,r4i1p1f1,2010,08,15,0.023309967472171622,21.929333,7.218761,2010
22142,r4i1p1f1,2010,08,16,0.0,21.359837,6.815991,2010
22143,r4i1p1f1,2010,08,17,0.0,19.827757,4.851144,2010
22144,r4i1p1f1,2010,08,18,0.0,20.058607,5.2497845,2010
22145,r4i1p1f1,2010,08,19,0.0,24.445454,8.385117,2010
22146,r4i1p1f1,2010,08,20,0.0,27.257294,10.448403,2010
22147,r4i1p1f1,2010,08,21,0.0,29.248169,12.119243,2010
22148,r4i1p1f1,2010,08,22,0.0,30.476439,13.061402,2010
22149,r4i1p1f1,2010,08,23,0.0,29.98379,13.19803,2010
22150,r4i1p1f1,2010,08,24,0.0,29.033352,13.416837,2010
22151,r4i1p1f1,2010,08,25,0.0,25.478075,10.581474,2010
22152,r4i1p1f1,2010,08,26,0.0,22.005083,6.402529,2010
22153,r4i1p1f1,2010,08,27,0.0,23.35965,6.956929,2010
22154,r4i1p1f1,2010,08,28,0.0,24.142282,9.329039,2010
22155,r4i1p1f1,2010,08,29,0.0,24.999737,8.348864,2010
22156,r4i1p1f1,2010,08,30,0.0,25.21831,8.773205,2010
22157,r4i1p1f1,2010,08,31,0.0674256949143735,23.970526,8.797843,2010
22158,r4i1p1f1,2010,09,01,0.03003855759183912,19.869919,6.715405,2010
22159,r4i1p1f1,2010,09,02,16.19224797493654,21.543257,10.778744,2010
22160,r4i1p1f1,2010,09,03,0.0,19.027893,5.2066126,2010
22161,r4i1p1f1,2010,09,04,0.0,19.201574,5.2792063,2010
22162,r4i1p1f1,2010,09,05,0.0,18.755968,4.26919,2010
22163,r4i1p1f1,2010,09,06,0.03570811199451,19.476168,5.6824694,2010
22164,r4i1p1f1,2010,09,07,0.18463887692336547,20.40022,7.042673,2010
22165,r4i1p1f1,2010,09,08,0.07863191671630503,20.790237,6.457916,2010
22166,r4i1p1f1,2010,09,09,0.0,22.261114,6.088775,2010
22167,r4i1p1f1,2010,09,10,0.0,22.451136,7.6415744,2010
22168,r4i1p1f1,2010,09,11,0.0,20.948048,6.8684916,2010
22169,r4i1p1f1,2010,09,12,0.0,16.834297,2.7392557,2010
22170,r4i1p1f1,2010,09,13,0.0,19.048075,2.853439,2010
22171,r4i1p1f1,2010,09,14,0.0,20.68732,5.068168,2010
22172,r4i1p1f1,2010,09,15,0.0,23.232817,6.209909,2010
22173,r4i1p1f1,2010,09,16,0.0,23.621395,7.5319557,2010
22174,r4i1p1f1,2010,09,17,0.0,22.267412,8.826196,2010
22175,r4i1p1f1,2010,09,18,1.1333713832833356,15.822419,0.5777134,2010
22176,r4i1p1f1,2010,09,19,0.08477447433312892,11.987377,-3.5487247,2010
22177,r4i1p1f1,2010,09,20,0.0,13.726142,-0.3007838,2010
22178,r4i1p1f1,2010,09,21,0.0,17.050287,1.5779024,2010
22179,r4i1p1f1,2010,09,22,0.0,19.114733,3.0266914,2010
22180,r4i1p1f1,2010,09,23,0.0,20.778812,5.1496544,2010
22181,r4i1p1f1,2010,09,24,0.0,22.061588,6.6882997,2010
22182,r4i1p1f1,2010,09,25,0.0,23.235523,6.3412123,2010
22183,r4i1p1f1,2010,09,26,0.0,23.188745,7.615502,2010
22184,r4i1p1f1,2010,09,27,0.0,22.887722,6.917523,2010
22185,r4i1p1f1,2010,09,28,0.0,21.573364,6.21356,2010
22186,r4i1p1f1,2010,09,29,0.0,18.449362,3.523137,2010
22187,r4i1p1f1,2010,09,30,0.0,15.89847,3.5856225,2010
22188,r4i1p1f1,2010,10,01,0.4544366977491776,15.256381,3.852467,2010
22189,r4i1p1f1,2010,10,02,0.028350143268517675,17.16939,5.354233,2010
22190,r4i1p1f1,2010,10,03,0.0,16.717943,1.6568341,2010
22191,r4i1p1f1,2010,10,04,0.0,18.269022,2.8829522,2010
22192,r4i1p1f1,2010,10,05,0.0,18.242538,2.0903566,2010
22193,r4i1p1f1,2010,10,06,0.0,18.17497,2.3000073,2010
22194,r4i1p1f1,2010,10,07,0.0,16.285473,2.2106864,2010
22195,r4i1p1f1,2010,10,08,0.0,15.234331,1.1771203,2010
22196,r4i1p1f1,2010,10,09,0.0,17.69207,1.9061867,2010
22197,r4i1p1f1,2010,10,10,0.0,17.392527,1.0157995,2010
22198,r4i1p1f1,2010,10,11,0.0,16.472097,2.858636,2010
22199,r4i1p1f1,2010,10,12,0.0,17.683607,2.2697794,2010
22200,r4i1p1f1,2010,10,13,0.0,18.28721,2.9729583,2010
22201,r4i1p1f1,2010,10,14,0.0,17.30905,2.6623867,2010
22202,r4i1p1f1,2010,10,15,0.0,18.016867,2.7288265,2010
22203,r4i1p1f1,2010,10,16,0.0,19.810207,3.8100405,2010
22204,r4i1p1f1,2010,10,17,0.0,19.937168,5.749651,2010
22205,r4i1p1f1,2010,10,18,0.619678463629074,16.494438,3.1233082,2010
22206,r4i1p1f1,2010,10,19,11.153198645396971,8.531766,-2.2684817,2010
22207,r4i1p1f1,2010,10,20,5.444399340775739,3.7746682,-4.1035295,2010
22208,r4i1p1f1,2010,10,21,11.22178841127837,5.170707,-4.0710454,2010
22209,r4i1p1f1,2010,10,22,0.0,9.724207,-5.840331,2010
22210,r4i1p1f1,2010,10,23,0.0,10.6786785,-3.767269,2010
22211,r4i1p1f1,2010,10,24,0.0,10.925614,-3.01152,2010
22212,r4i1p1f1,2010,10,25,0.0,12.516932,-1.4913331,2010
22213,r4i1p1f1,2010,10,26,0.0,13.556511,-0.72059464,2010
22214,r4i1p1f1,2010,10,27,0.0,11.569327,-0.15278094,2010
22215,r4i1p1f1,2010,10,28,0.0,11.89581,-3.6514766,2010
22216,r4i1p1f1,2010,10,29,0.0,11.2714615,-1.6771456,2010
22217,r4i1p1f1,2010,10,30,0.0,12.533482,-1.0970109,2010
22218,r4i1p1f1,2010,10,31,8.559084836112696,13.733049,4.8363814,2010
22219,r4i1p1f1,2010,11,01,1.4788357842966706,15.469466,3.639826,2010
22220,r4i1p1f1,2010,11,02,0.0423003619758526,10.764869,-1.6925652,2010
22221,r4i1p1f1,2010,11,03,0.06135827334960122,6.208542,-5.5078754,2010
22222,r4i1p1f1,2010,11,04,0.0,8.31069,-5.251842,2010
22223,r4i1p1f1,2010,11,05,0.0,11.248464,-3.2357557,2010
22224,r4i1p1f1,2010,11,06,0.0,13.787227,-0.8631082,2010
22225,r4i1p1f1,2010,11,07,0.0,15.397982,1.0436264,2010
22226,r4i1p1f1,2010,11,08,0.0,17.811892,2.0222707,2010
22227,r4i1p1f1,2010,11,09,0.0,19.352356,3.7433362,2010
22228,r4i1p1f1,2010,11,10,0.0,20.438793,4.9325786,2010
22229,r4i1p1f1,2010,11,11,0.0,20.373722,5.0700374,2010
22230,r4i1p1f1,2010,11,12,0.0,18.776592,3.6203303,2010
22231,r4i1p1f1,2010,11,13,0.0,18.814568,3.2776642,2010
22232,r4i1p1f1,2010,11,14,0.0,20.019897,4.3848457,2010
22233,r4i1p1f1,2010,11,15,0.0,17.83293,3.6378703,2010
22234,r4i1p1f1,2010,11,16,0.0,15.069095,2.4292598,2010
22235,r4i1p1f1,2010,11,17,0.0,12.957186,-1.7505075,2010
22236,r4i1p1f1,2010,11,18,0.0,11.806338,-0.42300677,2010
22237,r4i1p1f1,2010,11,19,6.650491438486573,12.954409,3.2699337,2010
22238,r4i1p1f1,2010,11,20,4.004304769013827,13.171443,1.1039271,2010
22239,r4i1p1f1,2010,11,21,49.35065853710779,8.848327,1.0982491,2010
22240,r4i1p1f1,2010,11,22,65.8271941324755,8.4396305,1.5933131,2010
22241,r4i1p1f1,2010,11,23,3.8516965728504395,8.8238535,-4.45494,2010
22242,r4i1p1f1,2010,11,24,0.0,12.737143,-3.1496162,2010
22243,r4i1p1f1,2010,11,25,0.0,12.694408,-2.9523785,2010
22244,r4i1p1f1,2010,11,26,0.0,10.862439,-3.7460256,2010
22245,r4i1p1f1,2010,11,27,0.0038432585796113737,10.482619,-2.174606,2010
22246,r4i1p1f1,2010,11,28,0.0,12.280302,-1.7654134,2010
22247,r4i1p1f1,2010,11,29,0.0,15.30633,0.929051,2010
22248,r4i1p1f1,2010,11,30,0.0,15.724921,0.06409693,2010
22249,r4i1p1f1,2010,12,01,0.0,13.103123,1.5792909,2010
22250,r4i1p1f1,2010,12,02,0.0,10.699007,-1.2512721,2010
22251,r4i1p1f1,2010,12,03,0.0,12.514019,-0.6418436,2010
22252,r4i1p1f1,2010,12,04,0.0,12.431476,0.8225695,2010
22253,r4i1p1f1,2010,12,05,0.0,10.87371,-0.7487642,2010
22254,r4i1p1f1,2010,12,06,0.0,8.911824,-2.7938883,2010
22255,r4i1p1f1,2010,12,07,3.8135955530749235,7.4695,-3.7713783,2010
22256,r4i1p1f1,2010,12,08,0.0,10.888868,-1.3657312,2010
22257,r4i1p1f1,2010,12,09,0.0,12.53334,-0.6232936,2010
22258,r4i1p1f1,2010,12,10,0.0,12.770485,0.41831288,2010
22259,r4i1p1f1,2010,12,11,0.0,13.716789,0.23986644,2010
22260,r4i1p1f1,2010,12,12,0.0,13.095375,0.70876306,2010
22261,r4i1p1f1,2010,12,13,0.0,11.221152,-0.16564679,2010
22262,r4i1p1f1,2010,12,14,0.0,11.598849,-0.85862863,2010
22263,r4i1p1f1,2010,12,15,0.0,10.991801,-1.4195052,2010
22264,r4i1p1f1,2010,12,16,0.0,10.390013,-1.8978716,2010
22265,r4i1p1f1,2010,12,17,0.0,11.743187,-1.3870485,2010
22266,r4i1p1f1,2010,12,18,9.72472723353258,9.339684,1.1635512,2010
22267,r4i1p1f1,2010,12,19,0.6801747761376263,6.116699,-5.753529,2010
22268,r4i1p1f1,2010,12,20,0.0,10.298201,-4.687399,2010
22269,r4i1p1f1,2010,12,21,0.0,10.891853,-2.5517423,2010
22270,r4i1p1f1,2010,12,22,0.0,8.874915,-2.830641,2010
22271,r4i1p1f1,2010,12,23,0.01188475976811882,7.4266906,-5.471869,2010
22272,r4i1p1f1,2010,12,24,0.35725369797715323,4.201788,-6.1046305,2010
22273,r4i1p1f1,2010,12,25,3.0683895731444903,8.244684,-4.946236,2010
22274,r4i1p1f1,2010,12,26,0.5453676278193598,7.543733,-3.933557,2010
22275,r4i1p1f1,2010,12,27,46.101623231111034,0.57922053,-5.921722,2010
22276,r4i1p1f1,2010,12,28,6.168667524916065,-3.6743834,-14.827286,2010
22277,r4i1p1f1,2010,12,29,0.0,-1.2013321,-16.079983,2010
22278,r4i1p1f1,2010,12,30,0.7096111807672002,0.45900613,-10.665157,2010
22279,r4i1p1f1,2010,12,31,0.0,2.5056434,-9.640329,2010
22280,r4i1p1f1,2011,01,01,0.0,1.2939472,-10.601673,2011
22281,r4i1p1f1,2011,01,02,47.024729805239964,-3.140688,-8.798977,2011
22282,r4i1p1f1,2011,01,03,10.90196950329,-5.3679466,-10.850802,2011
22283,r4i1p1f1,2011,01,04,0.0,-3.9171076,-17.61239,2011
22284,r4i1p1f1,2011,01,05,39.59400086277544,-3.3169403,-11.601321,2011
22285,r4i1p1f1,2011,01,06,5.389277866296286,-2.0132222,-11.1223,2011
22286,r4i1p1f1,2011,01,07,0.0,-0.7807341,-12.792621,2011
22287,r4i1p1f1,2011,01,08,0.0,-0.39725596,-12.205063,2011
22288,r4i1p1f1,2011,01,09,8.513260841988185,-2.3318732,-8.788243,2011
22289,r4i1p1f1,2011,01,10,26.950802460125313,-3.1593177,-8.262538,2011
22290,r4i1p1f1,2011,01,11,0.0,-2.20437,-12.564809,2011
22291,r4i1p1f1,2011,01,12,0.0,-2.325651,-16.478935,2011
22292,r4i1p1f1,2011,01,13,0.0,-2.6287534,-16.90476,2011
22293,r4i1p1f1,2011,01,14,0.0,-1.6228873,-16.442247,2011
22294,r4i1p1f1,2011,01,15,0.0,-0.19875713,-13.643493,2011
22295,r4i1p1f1,2011,01,16,0.0,4.5831366,-7.7990613,2011
22296,r4i1p1f1,2011,01,17,0.0,5.548752,-8.373586,2011
22297,r4i1p1f1,2011,01,18,0.0,2.2002609,-7.639683,2011
22298,r4i1p1f1,2011,01,19,0.0,-1.6801741,-11.827644,2011
22299,r4i1p1f1,2011,01,20,0.0,0.7497157,-11.6523075,2011
22300,r4i1p1f1,2011,01,21,0.7260125229887345,-2.2069564,-13.126685,2011
22301,r4i1p1f1,2011,01,22,0.38472334257742113,-8.11629,-18.998804,2011
22302,r4i1p1f1,2011,01,23,0.350173992009994,-5.308622,-16.014423,2011
22303,r4i1p1f1,2011,01,24,0.032908336002099414,-0.9729181,-12.803239,2011
22304,r4i1p1f1,2011,01,25,0.0,5.558922,-9.499551,2011
22305,r4i1p1f1,2011,01,26,0.0,7.7908545,-4.789948,2011
22306,r4i1p1f1,2011,01,27,0.0,10.125594,-3.0721164,2011
22307,r4i1p1f1,2011,01,28,13.040176532360329,4.603514,-6.5677767,2011
22308,r4i1p1f1,2011,01,29,6.863126439125091,-4.149824,-11.268477,2011
22309,r4i1p1f1,2011,01,30,0.5870624413443581,-3.974904,-9.543213,2011
22310,r4i1p1f1,2011,01,31,0.07221191413400324,1.7506045,-12.110493,2011
22311,r4i1p1f1,2011,02,01,0.0,2.5419106,-11.711351,2011
22312,r4i1p1f1,2011,02,02,0.0,0.47454268,-11.069199,2011
22313,r4i1p1f1,2011,02,03,0.0,2.6206598,-10.412215,2011
22314,r4i1p1f1,2011,02,04,0.0,1.951961,-10.60562,2011
22315,r4i1p1f1,2011,02,05,0.0,0.82410806,-12.777418,2011
22316,r4i1p1f1,2011,02,06,0.0,-0.69928056,-9.915134,2011
22317,r4i1p1f1,2011,02,07,0.0,4.1064754,-9.678744,2011
22318,r4i1p1f1,2011,02,08,0.0,5.231263,-8.463121,2011
22319,r4i1p1f1,2011,02,09,0.0,4.8319135,-8.403949,2011
22320,r4i1p1f1,2011,02,10,0.0,4.8380976,-8.306779,2011
22321,r4i1p1f1,2011,02,11,0.0,5.0321317,-7.4978595,2011
22322,r4i1p1f1,2011,02,12,0.0,4.2832394,-9.364299,2011
22323,r4i1p1f1,2011,02,13,0.0,3.154382,-10.751024,2011
22324,r4i1p1f1,2011,02,14,0.0,1.2396687,-11.107831,2011
22325,r4i1p1f1,2011,02,15,0.0,-2.265219,-15.947069,2011
22326,r4i1p1f1,2011,02,16,0.0,3.9783373,-10.026076,2011
22327,r4i1p1f1,2011,02,17,0.0,7.164306,-7.003164,2011
22328,r4i1p1f1,2011,02,18,0.0,10.129213,-4.0732675,2011
22329,r4i1p1f1,2011,02,19,0.0,11.557492,-2.8048725,2011
22330,r4i1p1f1,2011,02,20,6.311563399186233,7.2199163,-2.0159783,2011
22331,r4i1p1f1,2011,02,21,0.32270721100317895,7.387665,-4.0445266,2011
22332,r4i1p1f1,2011,02,22,0.0,9.673828,-3.4587746,2011
22333,r4i1p1f1,2011,02,23,0.0,10.912429,-3.3790596,2011
22334,r4i1p1f1,2011,02,24,0.0,9.900127,-3.318643,2011
22335,r4i1p1f1,2011,02,25,0.07328216295582642,8.5282755,-3.0917945,2011
22336,r4i1p1f1,2011,02,26,11.556829932142877,7.794068,-3.6127424,2011
22337,r4i1p1f1,2011,02,27,9.987952052805218,2.8030608,-6.0189223,2011
22338,r4i1p1f1,2011,02,28,80.928851738235,-1.4311543,-8.803514,2011
22339,r4i1p1f1,2011,03,01,17.844816012154187,-5.533694,-12.732883,2011
22340,r4i1p1f1,2011,03,02,0.0,6.9934626,-8.520181,2011
22341,r4i1p1f1,2011,03,03,0.0,12.4452715,-5.135192,2011
22342,r4i1p1f1,2011,03,04,6.1421157113801605,7.5607967,-6.0881515,2011
22343,r4i1p1f1,2011,03,05,2.21827503293086,0.8203547,-9.924844,2011
22344,r4i1p1f1,2011,03,06,0.0,1.7704988,-9.974414,2011
22345,r4i1p1f1,2011,03,07,0.0,6.7241673,-8.193621,2011
22346,r4i1p1f1,2011,03,08,0.0,5.9473143,-6.2684875,2011
22347,r4i1p1f1,2011,03,09,4.501210388906455,2.139345,-9.060112,2011
22348,r4i1p1f1,2011,03,10,0.0,3.5840247,-9.834925,2011
22349,r4i1p1f1,2011,03,11,0.0,6.822265,-8.825458,2011
22350,r4i1p1f1,2011,03,12,0.0,6.4154215,-4.902364,2011
22351,r4i1p1f1,2011,03,13,0.0,8.198446,-4.9300947,2011
22352,r4i1p1f1,2011,03,14,0.366819418108273,5.613131,-3.7348926,2011
22353,r4i1p1f1,2011,03,15,4.298758306096748,2.2800357,-5.264826,2011
22354,r4i1p1f1,2011,03,16,5.984045802752542,-0.6871046,-8.740094,2011
22355,r4i1p1f1,2011,03,17,9.410632461861484,-1.401373,-8.374308,2011
22356,r4i1p1f1,2011,03,18,17.297845469601768,2.2858193,-8.709857,2011
22357,r4i1p1f1,2011,03,19,0.5331191299584912,7.239443,-6.823599,2011
22358,r4i1p1f1,2011,03,20,53.5437226061587,0.9928071,-3.7676032,2011
22359,r4i1p1f1,2011,03,21,4.728727429084336,-0.053336717,-13.408881,2011
22360,r4i1p1f1,2011,03,22,5.593419390418385,-0.5982083,-9.902893,2011
22361,r4i1p1f1,2011,03,23,6.254425601393319,-1.6991426,-9.856717,2011
22362,r4i1p1f1,2011,03,24,0.21181164576847958,4.89754,-9.122605,2011
22363,r4i1p1f1,2011,03,25,0.0,10.941253,-4.108893,2011
22364,r4i1p1f1,2011,03,26,0.0,12.460204,-2.9816782,2011
22365,r4i1p1f1,2011,03,27,0.4699417066412564,9.460079,-3.7117705,2011
22366,r4i1p1f1,2011,03,28,0.009742341050667461,7.6709414,-1.9949225,2011
22367,r4i1p1f1,2011,03,29,0.0,8.779311,-3.5306468,2011
22368,r4i1p1f1,2011,03,30,0.0,10.251651,-4.9762053,2011
22369,r4i1p1f1,2011,03,31,0.052348838172741316,6.0539107,-1.7171493,2011
22370,r4i1p1f1,2011,04,01,4.382516342636389,8.078345,-4.599324,2011
22371,r4i1p1f1,2011,04,02,0.0,14.057355,-1.9734871,2011
22372,r4i1p1f1,2011,04,03,0.0,14.160018,2.460291,2011
22373,r4i1p1f1,2011,04,04,0.0,15.257159,0.24303232,2011
22374,r4i1p1f1,2011,04,05,0.20084779598742666,13.726321,0.26308706,2011
22375,r4i1p1f1,2011,04,06,0.0,12.167899,-0.6930401,2011
22376,r4i1p1f1,2011,04,07,5.689895147109658,8.154497,-3.296063,2011
22377,r4i1p1f1,2011,04,08,6.575771894872086,5.977759,-5.0414376,2011
22378,r4i1p1f1,2011,04,09,0.0,9.338263,-3.9914923,2011
22379,r4i1p1f1,2011,04,10,0.0,12.885297,-2.2946017,2011
22380,r4i1p1f1,2011,04,11,0.0,13.808883,1.5680683,2011
22381,r4i1p1f1,2011,04,12,0.12052852471571887,12.460947,-1.6471331,2011
22382,r4i1p1f1,2011,04,13,18.804506425345707,8.039247,-2.0661857,2011
22383,r4i1p1f1,2011,04,14,0.6301539518503125,11.808271,-0.7766756,2011
22384,r4i1p1f1,2011,04,15,0.0,16.315641,-0.26178545,2011
22385,r4i1p1f1,2011,04,16,1.1066758977698332,14.73055,0.71761113,2011
22386,r4i1p1f1,2011,04,17,0.5190956561938239,11.7032175,-0.41435918,2011
22387,r4i1p1f1,2011,04,18,0.2012926747504099,7.620769,-0.9580773,2011
22388,r4i1p1f1,2011,04,19,0.6811584966745033,5.5459323,-4.775083,2011
22389,r4i1p1f1,2011,04,20,0.0,6.3685465,-5.6239324,2011
22390,r4i1p1f1,2011,04,21,0.0,12.861242,-3.0524366,2011
22391,r4i1p1f1,2011,04,22,0.0,16.182821,0.24372995,2011
22392,r4i1p1f1,2011,04,23,0.0,17.658115,0.9362447,2011
22393,r4i1p1f1,2011,04,24,0.0,16.57169,3.192016,2011
22394,r4i1p1f1,2011,04,25,0.0,15.355047,2.9491189,2011
22395,r4i1p1f1,2011,04,26,0.0,18.52142,0.9617708,2011
22396,r4i1p1f1,2011,04,27,0.0,20.371162,4.42741,2011
22397,r4i1p1f1,2011,04,28,0.0,18.944801,4.6912837,2011
22398,r4i1p1f1,2011,04,29,0.0,16.6072,3.3136947,2011
22399,r4i1p1f1,2011,04,30,0.0,11.326016,-2.2508404,2011
22400,r4i1p1f1,2011,05,01,0.0,10.337909,-1.6937463,2011
22401,r4i1p1f1,2011,05,02,0.0,9.730669,-2.208879,2011
22402,r4i1p1f1,2011,05,03,0.0,9.89538,-4.0389113,2011
22403,r4i1p1f1,2011,05,04,0.37869530220895825,9.948071,-1.7884477,2011
22404,r4i1p1f1,2011,05,05,0.0,13.149918,-1.5732701,2011
22405,r4i1p1f1,2011,05,06,0.0,14.269877,0.32919574,2011
22406,r4i1p1f1,2011,05,07,0.0,14.284192,0.62912,2011
22407,r4i1p1f1,2011,05,08,0.0,13.505755,0.02345483,2011
22408,r4i1p1f1,2011,05,09,0.0,13.08492,-0.68957615,2011
22409,r4i1p1f1,2011,05,10,0.0,12.849265,-1.7799263,2011
22410,r4i1p1f1,2011,05,11,0.28109875158522024,12.071821,-0.668203,2011
22411,r4i1p1f1,2011,05,12,0.0,13.126998,-3.0965362,2011
22412,r4i1p1f1,2011,05,13,0.0,14.0809,1.1582569,2011
22413,r4i1p1f1,2011,05,14,0.0,16.439968,0.6788779,2011
22414,r4i1p1f1,2011,05,15,0.0,17.098078,2.524355,2011
22415,r4i1p1f1,2011,05,16,0.15581721026676643,15.948297,2.5920796,2011
22416,r4i1p1f1,2011,05,17,0.0,16.649647,2.0732248,2011
22417,r4i1p1f1,2011,05,18,0.0,15.900742,2.1501398,2011
22418,r4i1p1f1,2011,05,19,0.0,17.758564,4.131081,2011
22419,r4i1p1f1,2011,05,20,0.0,20.767788,4.5694385,2011
22420,r4i1p1f1,2011,05,21,0.0,21.42693,6.227455,2011
22421,r4i1p1f1,2011,05,22,0.0,22.82653,7.422251,2011
22422,r4i1p1f1,2011,05,23,0.0,24.218048,8.30929,2011
22423,r4i1p1f1,2011,05,24,0.0,22.79741,8.957898,2011
22424,r4i1p1f1,2011,05,25,0.0,22.031822,7.70423,2011
22425,r4i1p1f1,2011,05,26,0.0,22.524776,6.602493,2011
22426,r4i1p1f1,2011,05,27,0.0,23.322796,7.734881,2011
22427,r4i1p1f1,2011,05,28,0.0,22.869333,7.9790654,2011
22428,r4i1p1f1,2011,05,29,0.0,22.470825,8.197104,2011
22429,r4i1p1f1,2011,05,30,0.0,22.267088,7.018049,2011
22430,r4i1p1f1,2011,05,31,0.007873802782366646,20.73012,7.05876,2011
22431,r4i1p1f1,2011,06,01,0.12558839251026532,20.469652,5.3350525,2011
22432,r4i1p1f1,2011,06,02,1.108129569854606,16.729359,3.3020616,2011
22433,r4i1p1f1,2011,06,03,0.992370960426441,18.045286,3.7349398,2011
22434,r4i1p1f1,2011,06,04,1.1394101544908866,20.9506,5.3237004,2011
22435,r4i1p1f1,2011,06,05,0.17223385219871512,22.601727,7.2834263,2011
22436,r4i1p1f1,2011,06,06,0.0,22.894749,8.222089,2011
22437,r4i1p1f1,2011,06,07,0.0,22.53662,7.5926433,2011
22438,r4i1p1f1,2011,06,08,0.0,22.08618,6.8546677,2011
22439,r4i1p1f1,2011,06,09,0.0,19.838448,5.532279,2011
22440,r4i1p1f1,2011,06,10,0.0,18.080257,4.151035,2011
22441,r4i1p1f1,2011,06,11,0.0,18.915678,2.742876,2011
22442,r4i1p1f1,2011,06,12,0.0,18.054565,6.1391664,2011
22443,r4i1p1f1,2011,06,13,0.0,17.03781,3.0448072,2011
22444,r4i1p1f1,2011,06,14,0.05650551222505499,15.914697,3.0860877,2011
22445,r4i1p1f1,2011,06,15,0.0,16.978498,2.5081074,2011
22446,r4i1p1f1,2011,06,16,0.001475214632254355,20.944237,5.321965,2011
22447,r4i1p1f1,2011,06,17,0.0,23.92444,7.772074,2011
22448,r4i1p1f1,2011,06,18,0.0,25.243097,9.085668,2011
22449,r4i1p1f1,2011,06,19,0.0,24.878729,9.005711,2011
22450,r4i1p1f1,2011,06,20,0.0,24.732698,9.1702385,2011
22451,r4i1p1f1,2011,06,21,0.0,22.32298,8.44221,2011
22452,r4i1p1f1,2011,06,22,0.0,18.125252,3.6253436,2011
22453,r4i1p1f1,2011,06,23,0.0,19.982689,3.663284,2011
22454,r4i1p1f1,2011,06,24,0.0,19.94152,7.1674023,2011
22455,r4i1p1f1,2011,06,25,0.0,19.257912,3.6533809,2011
22456,r4i1p1f1,2011,06,26,0.0,19.734219,5.0136237,2011
22457,r4i1p1f1,2011,06,27,0.0,20.539629,4.7795835,2011
22458,r4i1p1f1,2011,06,28,0.0,22.562132,7.7613606,2011
22459,r4i1p1f1,2011,06,29,0.0,26.401377,9.461427,2011
22460,r4i1p1f1,2011,06,30,0.0,31.154808,13.153897,2011
22461,r4i1p1f1,2011,07,01,0.0,31.61205,14.149064,2011
22462,r4i1p1f1,2011,07,02,0.00817283858579101,27.738482,13.773531,2011
22463,r4i1p1f1,2011,07,03,0.0,24.169563,9.508538,2011
22464,r4i1p1f1,2011,07,04,0.0,26.222223,9.047745,2011
22465,r4i1p1f1,2011,07,05,0.0,26.561253,9.682513,2011
22466,r4i1p1f1,2011,07,06,0.0642797887816233,25.673882,13.927335,2011
22467,r4i1p1f1,2011,07,07,0.0,25.709845,11.241715,2011
22468,r4i1p1f1,2011,07,08,0.34800995928717343,26.187445,10.357025,2011
22469,r4i1p1f1,2011,07,09,0.21263398984997592,25.84626,10.144692,2011
22470,r4i1p1f1,2011,07,10,0.006621069410748409,26.34095,10.16803,2011
22471,r4i1p1f1,2011,07,11,0.282191415310772,28.303255,11.234675,2011
22472,r4i1p1f1,2011,07,12,0.0,28.881279,11.600368,2011
22473,r4i1p1f1,2011,07,13,0.0,28.514894,11.92308,2011
22474,r4i1p1f1,2011,07,14,0.0,27.71452,11.54957,2011
22475,r4i1p1f1,2011,07,15,0.0,24.242912,10.442479,2011
22476,r4i1p1f1,2011,07,16,0.0,20.975624,7.5586014,2011
22477,r4i1p1f1,2011,07,17,0.0,21.204111,5.7512703,2011
22478,r4i1p1f1,2011,07,18,0.0,24.847153,8.750369,2011
22479,r4i1p1f1,2011,07,19,0.0,26.48979,10.446331,2011
22480,r4i1p1f1,2011,07,20,0.0,26.036844,10.500322,2011
22481,r4i1p1f1,2011,07,21,0.0,25.2266,10.215626,2011
22482,r4i1p1f1,2011,07,22,0.0,26.456219,10.677336,2011
22483,r4i1p1f1,2011,07,23,0.0,28.110464,11.706194,2011
22484,r4i1p1f1,2011,07,24,0.0,28.66701,12.719943,2011
22485,r4i1p1f1,2011,07,25,0.0,28.960377,14.213744,2011
22486,r4i1p1f1,2011,07,26,0.0,28.41254,13.592399,2011
22487,r4i1p1f1,2011,07,27,0.0,27.14128,12.426696,2011
22488,r4i1p1f1,2011,07,28,0.0,25.232098,10.203091,2011
22489,r4i1p1f1,2011,07,29,0.0,24.349678,8.064836,2011
22490,r4i1p1f1,2011,07,30,0.0,24.951614,8.747236,2011
22491,r4i1p1f1,2011,07,31,0.0,24.800573,9.764333,2011
22492,r4i1p1f1,2011,08,01,0.8528191543560069,25.000427,9.57306,2011
22493,r4i1p1f1,2011,08,02,0.09315900129399882,25.222628,9.734126,2011
22494,r4i1p1f1,2011,08,03,2.034709027609356,25.968622,10.395021,2011
22495,r4i1p1f1,2011,08,04,0.1131406288575044,25.029375,10.302406,2011
22496,r4i1p1f1,2011,08,05,0.023199747875174804,24.865751,10.327692,2011
22497,r4i1p1f1,2011,08,06,0.0,25.24396,9.711697,2011
22498,r4i1p1f1,2011,08,07,0.0,25.68598,9.215178,2011
22499,r4i1p1f1,2011,08,08,0.0,25.859533,10.091615,2011
22500,r4i1p1f1,2011,08,09,0.0,24.213518,9.34061,2011
22501,r4i1p1f1,2011,08,10,0.0,20.926712,6.2408433,2011
22502,r4i1p1f1,2011,08,11,0.0,20.745735,6.4041705,2011
22503,r4i1p1f1,2011,08,12,0.0,20.491379,7.137944,2011
22504,r4i1p1f1,2011,08,13,0.0,23.17387,6.5565605,2011
22505,r4i1p1f1,2011,08,14,0.0,25.468096,8.941425,2011
22506,r4i1p1f1,2011,08,15,0.0,26.699274,10.655811,2011
22507,r4i1p1f1,2011,08,16,0.03581121687043028,25.604572,11.214902,2011
22508,r4i1p1f1,2011,08,17,0.23327926582708425,23.396545,9.871924,2011
22509,r4i1p1f1,2011,08,18,0.014671494623823134,22.779964,8.6439085,2011
22510,r4i1p1f1,2011,08,19,1.0939805012800634,25.204166,9.748526,2011
22511,r4i1p1f1,2011,08,20,0.05303668248708406,26.973465,10.315163,2011
22512,r4i1p1f1,2011,08,21,0.07587072789429095,26.74745,10.638155,2011
22513,r4i1p1f1,2011,08,22,0.08590498638274285,26.609604,11.421443,2011
22514,r4i1p1f1,2011,08,23,0.0,25.468874,11.087548,2011
22515,r4i1p1f1,2011,08,24,0.0,24.384407,9.637389,2011
22516,r4i1p1f1,2011,08,25,0.0,23.602024,7.5346727,2011
22517,r4i1p1f1,2011,08,26,0.0,22.804916,6.9407606,2011
22518,r4i1p1f1,2011,08,27,0.0,22.35485,6.522884,2011
22519,r4i1p1f1,2011,08,28,0.0,21.775772,7.112728,2011
22520,r4i1p1f1,2011,08,29,0.0,22.305851,6.8762875,2011
22521,r4i1p1f1,2011,08,30,0.0,23.174934,7.5547113,2011
22522,r4i1p1f1,2011,08,31,0.0,24.366621,8.317351,2011
22523,r4i1p1f1,2011,09,01,0.0,24.908506,8.438728,2011
22524,r4i1p1f1,2011,09,02,0.0,25.485563,9.188311,2011
22525,r4i1p1f1,2011,09,03,0.0,25.67716,9.501549,2011
22526,r4i1p1f1,2011,09,04,0.0,25.084124,10.09767,2011
22527,r4i1p1f1,2011,09,05,0.0,23.832266,9.538574,2011
22528,r4i1p1f1,2011,09,06,0.0,24.401962,8.040705,2011
22529,r4i1p1f1,2011,09,07,0.0029144666686536096,27.048994,10.179807,2011
22530,r4i1p1f1,2011,09,08,0.006651302575180097,26.688705,10.429477,2011
22531,r4i1p1f1,2011,09,09,0.0,25.061699,12.155763,2011
22532,r4i1p1f1,2011,09,10,0.7083064522542853,24.575222,9.655958,2011
22533,r4i1p1f1,2011,09,11,1.4878531082393123,21.384235,10.002211,2011
22534,r4i1p1f1,2011,09,12,0.3456830851278295,22.07835,7.4746313,2011
22535,r4i1p1f1,2011,09,13,3.2867794142134183,21.763496,8.996132,2011
22536,r4i1p1f1,2011,09,14,0.07508737970764087,17.440369,3.3859985,2011
22537,r4i1p1f1,2011,09,15,0.0,21.707165,5.053024,2011
22538,r4i1p1f1,2011,09,16,0.0,23.808647,8.275549,2011
22539,r4i1p1f1,2011,09,17,0.0,25.51934,9.771296,2011
22540,r4i1p1f1,2011,09,18,0.0,26.191422,9.91589,2011
22541,r4i1p1f1,2011,09,19,0.0,26.439682,11.137987,2011
22542,r4i1p1f1,2011,09,20,0.0,26.579628,10.757072,2011
22543,r4i1p1f1,2011,09,21,0.0,26.746944,10.72859,2011
22544,r4i1p1f1,2011,09,22,0.02961891416351762,26.908777,10.818525,2011
22545,r4i1p1f1,2011,09,23,0.0,27.626959,10.886507,2011
22546,r4i1p1f1,2011,09,24,0.11263541592552634,27.644926,11.618793,2011
22547,r4i1p1f1,2011,09,25,0.0,27.499907,11.368227,2011
22548,r4i1p1f1,2011,09,26,0.0,26.82118,11.292891,2011
22549,r4i1p1f1,2011,09,27,0.08845105511768472,25.141674,9.148223,2011
22550,r4i1p1f1,2011,09,28,0.0,24.130438,9.090654,2011
22551,r4i1p1f1,2011,09,29,0.0,24.871641,9.194516,2011
22552,r4i1p1f1,2011,09,30,0.0,24.999842,10.613528,2011
22553,r4i1p1f1,2011,10,01,0.0,25.146318,10.408564,2011
22554,r4i1p1f1,2011,10,02,0.010305858463179572,23.954588,10.556641,2011
22555,r4i1p1f1,2011,10,03,0.0,23.75133,9.20133,2011
22556,r4i1p1f1,2011,10,04,0.5311511679788486,23.767956,7.4782743,2011
22557,r4i1p1f1,2011,10,05,1.0441260098876606,19.831022,5.6684813,2011
22558,r4i1p1f1,2011,10,06,0.04944489195853197,17.415955,4.9225764,2011
22559,r4i1p1f1,2011,10,07,0.5026998501418504,16.757896,4.0659523,2011
22560,r4i1p1f1,2011,10,08,48.37562204567753,11.293882,0.58438253,2011
22561,r4i1p1f1,2011,10,09,2.367018537470728,10.658471,-0.53221756,2011
22562,r4i1p1f1,2011,10,10,0.2556615534245892,14.678899,0.3735059,2011
22563,r4i1p1f1,2011,10,11,0.0,16.923162,2.2163417,2011
22564,r4i1p1f1,2011,10,12,0.5407063008088983,17.859047,5.6252136,2011
22565,r4i1p1f1,2011,10,13,0.33538158858477823,16.237415,0.42248976,2011
22566,r4i1p1f1,2011,10,14,0.0,16.209581,3.2592466,2011
22567,r4i1p1f1,2011,10,15,1.1844576133621991,16.141571,3.1015065,2011
22568,r4i1p1f1,2011,10,16,0.0,8.814208,-5.5555773,2011
22569,r4i1p1f1,2011,10,17,0.0,11.941982,-3.2929628,2011
22570,r4i1p1f1,2011,10,18,0.0,14.800835,-0.35924712,2011
22571,r4i1p1f1,2011,10,19,0.0,16.068665,1.1524907,2011
22572,r4i1p1f1,2011,10,20,0.0,16.823824,0.12228822,2011
22573,r4i1p1f1,2011,10,21,0.0,15.776469,1.9242529,2011
22574,r4i1p1f1,2011,10,22,0.0,15.901037,1.4960912,2011
22575,r4i1p1f1,2011,10,23,0.0,13.959645,0.034983017,2011
22576,r4i1p1f1,2011,10,24,0.0,12.829501,-0.8748938,2011
22577,r4i1p1f1,2011,10,25,0.0,12.61689,-2.4825294,2011
22578,r4i1p1f1,2011,10,26,0.0,11.506018,-3.5127506,2011
22579,r4i1p1f1,2011,10,27,0.0,9.850777,-2.2347958,2011
22580,r4i1p1f1,2011,10,28,0.0,10.435009,-3.0531883,2011
22581,r4i1p1f1,2011,10,29,0.0,13.859279,-1.7538452,2011
22582,r4i1p1f1,2011,10,30,0.0,14.809714,-1.1239653,2011
22583,r4i1p1f1,2011,10,31,0.0,13.215172,-0.31638044,2011
22584,r4i1p1f1,2011,11,01,0.0,12.89648,1.5217886,2011
22585,r4i1p1f1,2011,11,02,0.0,12.3997,-2.5331073,2011
22586,r4i1p1f1,2011,11,03,0.0,12.999879,-1.0390624,2011
22587,r4i1p1f1,2011,11,04,0.0,14.414653,-0.5385547,2011
22588,r4i1p1f1,2011,11,05,0.0,13.52842,-1.985042,2011
22589,r4i1p1f1,2011,11,06,0.0,13.329709,0.028337436,2011
22590,r4i1p1f1,2011,11,07,0.0,12.834913,-0.53145146,2011
22591,r4i1p1f1,2011,11,08,0.0,16.991604,0.8237099,2011
22592,r4i1p1f1,2011,11,09,0.0,22.462442,6.3544655,2011
22593,r4i1p1f1,2011,11,10,0.0,20.674866,6.1689234,2011
22594,r4i1p1f1,2011,11,11,0.0,17.752613,3.2141309,2011
22595,r4i1p1f1,2011,11,12,0.0,20.538536,3.639234,2011
22596,r4i1p1f1,2011,11,13,0.0,19.670952,6.535313,2011
22597,r4i1p1f1,2011,11,14,0.0,17.784266,2.938811,2011
22598,r4i1p1f1,2011,11,15,0.0,17.095652,2.2092779,2011
22599,r4i1p1f1,2011,11,16,0.0,17.263851,3.4841871,2011
22600,r4i1p1f1,2011,11,17,0.0,16.474516,4.171286,2011
22601,r4i1p1f1,2011,11,18,9.894676757760438,18.465199,6.0989633,2011
22602,r4i1p1f1,2011,11,19,30.286743353559253,7.0324917,-2.2435753,2011
22603,r4i1p1f1,2011,11,20,5.582716318058868,1.8589135,-8.79141,2011
22604,r4i1p1f1,2011,11,21,0.0,5.486498,-7.5791106,2011
22605,r4i1p1f1,2011,11,22,0.0,7.942565,-5.946449,2011
22606,r4i1p1f1,2011,11,23,0.0,9.122012,-4.839898,2011
22607,r4i1p1f1,2011,11,24,0.0,9.892955,-4.508053,2011
22608,r4i1p1f1,2011,11,25,0.0,10.955732,-4.6900764,2011
22609,r4i1p1f1,2011,11,26,0.0,11.534809,-2.7982843,2011
22610,r4i1p1f1,2011,11,27,0.0,10.567964,-4.8546033,2011
22611,r4i1p1f1,2011,11,28,0.6320700004913281,8.950094,-1.0553606,2011
22612,r4i1p1f1,2011,11,29,0.0,2.9164574,-8.618123,2011
22613,r4i1p1f1,2011,11,30,0.0,2.9953897,-9.912664,2011
22614,r4i1p1f1,2011,12,01,35.5435906218289,-1.3940916,-9.538617,2011
22615,r4i1p1f1,2011,12,02,7.379566982047547,-3.2685313,-13.888469,2011
22616,r4i1p1f1,2011,12,03,0.0,0.9266779,-16.223797,2011
22617,r4i1p1f1,2011,12,04,2.3240823517004356,3.8142474,-6.5485563,2011
22618,r4i1p1f1,2011,12,05,0.0,5.941431,-4.2618613,2011
22619,r4i1p1f1,2011,12,06,0.0,5.975714,-3.5219634,2011
22620,r4i1p1f1,2011,12,07,0.0,7.010895,-5.227304,2011
22621,r4i1p1f1,2011,12,08,0.0,9.595936,-3.6802828,2011
22622,r4i1p1f1,2011,12,09,0.0,12.888873,-0.7411975,2011
22623,r4i1p1f1,2011,12,10,0.0,14.1055155,-0.71358615,2011
22624,r4i1p1f1,2011,12,11,0.0,13.574749,-1.1301527,2011
22625,r4i1p1f1,2011,12,12,0.0,13.1570215,-1.9156027,2011
22626,r4i1p1f1,2011,12,13,0.0,12.809826,0.10785575,2011
22627,r4i1p1f1,2011,12,14,0.0,13.099659,-0.24206543,2011
22628,r4i1p1f1,2011,12,15,0.006993668770461819,11.70892,-1.1963346,2011
22629,r4i1p1f1,2011,12,16,0.0,6.660917,-5.128257,2011
22630,r4i1p1f1,2011,12,17,1.1803351438483667,2.5751593,-4.51543,2011
22631,r4i1p1f1,2011,12,18,27.126954603841217,-3.0222268,-9.667046,2011
22632,r4i1p1f1,2011,12,19,0.0,-4.8439603,-21.856848,2011
22633,r4i1p1f1,2011,12,20,3.8486972378787905,-7.855239,-18.055979,2011
22634,r4i1p1f1,2011,12,21,19.098778867807525,-2.5343294,-9.77461,2011
22635,r4i1p1f1,2011,12,22,18.457029272335458,-0.37742436,-9.32559,2011
22636,r4i1p1f1,2011,12,23,48.56076702545081,-1.611533,-7.5635405,2011
22637,r4i1p1f1,2011,12,24,26.723975597404586,-4.036252,-11.557102,2011
22638,r4i1p1f1,2011,12,25,0.0,-7.7552958,-20.965868,2011
22639,r4i1p1f1,2011,12,26,0.025096888099117542,-5.215511,-14.680518,2011
22640,r4i1p1f1,2011,12,27,21.70599375290973,-0.8973778,-9.352948,2011
22641,r4i1p1f1,2011,12,28,33.91179547053066,-0.18604937,-5.840016,2011
22642,r4i1p1f1,2011,12,29,7.376400276658239,-1.1808474,-8.561644,2011
22643,r4i1p1f1,2011,12,30,3.4772081766886624,-2.3744466,-9.702977,2011
22644,r4i1p1f1,2011,12,31,24.048629503252567,-1.7384292,-8.231046,2011
22645,r4i1p1f1,2012,01,01,52.985214338452465,-1.1338227,-6.7353635,2012
22646,r4i1p1f1,2012,01,02,0.0,-0.6025259,-11.804249,2012
22647,r4i1p1f1,2012,01,03,3.9320918625807737,-3.0483918,-10.328343,2012
22648,r4i1p1f1,2012,01,04,0.0,-0.8313891,-14.306356,2012
22649,r4i1p1f1,2012,01,05,1.2356433427770943,-0.87047595,-11.167741,2012
22650,r4i1p1f1,2012,01,06,1.540405472590205,5.4785256,-6.3943963,2012
22651,r4i1p1f1,2012,01,07,0.6400974948005014,6.574588,-3.5082762,2012
22652,r4i1p1f1,2012,01,08,7.333719553291583,2.0418942,-4.323944,2012
22653,r4i1p1f1,2012,01,09,10.946249138214625,-0.18232968,-5.4802885,2012
22654,r4i1p1f1,2012,01,10,20.74837492785745,2.4692059,-3.6561065,2012
22655,r4i1p1f1,2012,01,11,0.0,7.217683,-5.1086464,2012
22656,r4i1p1f1,2012,01,12,0.0,11.467193,-1.1079199,2012
22657,r4i1p1f1,2012,01,13,0.0,13.006738,0.34119046,2012
22658,r4i1p1f1,2012,01,14,0.0,12.853049,1.108294,2012
22659,r4i1p1f1,2012,01,15,0.0,11.723034,2.5907524,2012
22660,r4i1p1f1,2012,01,16,0.004635981322198406,8.6007,-1.753645,2012
22661,r4i1p1f1,2012,01,17,0.0,2.0670574,-8.890943,2012
22662,r4i1p1f1,2012,01,18,0.0,-3.1654317,-13.806804,2012
22663,r4i1p1f1,2012,01,19,0.0,1.086202,-12.476651,2012
22664,r4i1p1f1,2012,01,20,0.0,3.370952,-8.678214,2012
22665,r4i1p1f1,2012,01,21,0.4074334716295288,3.1206408,-6.638249,2012
22666,r4i1p1f1,2012,01,22,88.80417070128192,3.9312615,-4.607123,2012
22667,r4i1p1f1,2012,01,23,51.72614255589244,8.739096,0.9661325,2012
22668,r4i1p1f1,2012,01,24,109.17347143340974,8.774761,2.6714795,2012
22669,r4i1p1f1,2012,01,25,47.04923435320816,2.788722,-3.8698273,2012
22670,r4i1p1f1,2012,01,26,28.97798484228172,-2.1624389,-8.128212,2012
22671,r4i1p1f1,2012,01,27,3.4089707774622418,-0.23033874,-13.586929,2012
22672,r4i1p1f1,2012,01,28,0.0,5.45782,-7.776393,2012
22673,r4i1p1f1,2012,01,29,15.124763398035114,4.608604,-2.8481727,2012
22674,r4i1p1f1,2012,01,30,11.58876238865288,7.210128,-1.9184027,2012
22675,r4i1p1f1,2012,01,31,0.0,11.783113,-2.169594,2012
22676,r4i1p1f1,2012,02,01,0.0,13.270238,0.6933175,2012
22677,r4i1p1f1,2012,02,02,2.6350508988588652,10.656491,-0.6861293,2012
22678,r4i1p1f1,2012,02,03,0.0,11.775278,-1.1793865,2012
22679,r4i1p1f1,2012,02,04,0.0,12.104791,-0.37063667,2012
22680,r4i1p1f1,2012,02,05,0.0,12.726958,-0.1980392,2012
22681,r4i1p1f1,2012,02,06,0.0,11.549178,-1.0722076,2012
22682,r4i1p1f1,2012,02,07,0.0,10.839364,-1.4364905,2012
22683,r4i1p1f1,2012,02,08,0.0,11.482339,-2.0917618,2012
22684,r4i1p1f1,2012,02,09,0.0,12.273799,-0.35209456,2012
22685,r4i1p1f1,2012,02,10,0.0,12.141362,-0.7206898,2012
22686,r4i1p1f1,2012,02,11,0.0,11.389137,-1.3384445,2012
22687,r4i1p1f1,2012,02,12,0.0,12.145836,-1.6250018,2012
22688,r4i1p1f1,2012,02,13,0.0,12.319349,-1.508254,2012
22689,r4i1p1f1,2012,02,14,0.0,10.971489,-1.3630545,2012
22690,r4i1p1f1,2012,02,15,0.0,10.795628,-1.7970775,2012
22691,r4i1p1f1,2012,02,16,0.0,11.132661,-2.1711397,2012
22692,r4i1p1f1,2012,02,17,0.0,10.57909,-2.4063456,2012
22693,r4i1p1f1,2012,02,18,0.0,9.6810055,-2.2435787,2012
22694,r4i1p1f1,2012,02,19,0.0,7.8723707,-2.4803312,2012
22695,r4i1p1f1,2012,02,20,3.6854116314155845,5.7566056,-4.90513,2012
22696,r4i1p1f1,2012,02,21,28.06866561943387,4.2506847,-2.6300724,2012
22697,r4i1p1f1,2012,02,22,6.970062055705354,7.186855,-4.66206,2012
22698,r4i1p1f1,2012,02,23,0.005672337293490026,8.262494,-3.5154562,2012
22699,r4i1p1f1,2012,02,24,1.2796390757644096,6.3398414,-4.1172657,2012
22700,r4i1p1f1,2012,02,25,0.0,6.5489044,-3.375768,2012
22701,r4i1p1f1,2012,02,26,7.624124763946984,4.646285,-6.1832523,2012
22702,r4i1p1f1,2012,02,27,67.63236469260471,2.633208,-3.197201,2012
22703,r4i1p1f1,2012,02,28,22.344026548684706,0.9995687,-11.447184,2012
22704,r4i1p1f1,2012,02,29,2.3378967876876366,-10.136183,-19.413664,2012
22705,r4i1p1f1,2012,03,01,0.35187373389187715,-3.5948772,-17.312338,2012
22706,r4i1p1f1,2012,03,02,0.0,3.0379677,-13.934504,2012
22707,r4i1p1f1,2012,03,03,0.0,8.765127,-8.134771,2012
22708,r4i1p1f1,2012,03,04,0.0,9.548352,-4.6961603,2012
22709,r4i1p1f1,2012,03,05,0.0,9.471869,-3.8838654,2012
22710,r4i1p1f1,2012,03,06,0.06470660221338102,8.796045,-3.7540803,2012
22711,r4i1p1f1,2012,03,07,0.0,9.396468,0.13649283,2012
22712,r4i1p1f1,2012,03,08,0.0,16.058771,-0.7097347,2012
22713,r4i1p1f1,2012,03,09,0.0,15.154176,0.41519654,2012
22714,r4i1p1f1,2012,03,10,1.9362741202259952,10.896687,-0.9255725,2012
22715,r4i1p1f1,2012,03,11,0.0,10.304207,-3.7498147,2012
22716,r4i1p1f1,2012,03,12,0.0,11.899136,-1.5574752,2012
22717,r4i1p1f1,2012,03,13,0.0,13.087766,-1.2648984,2012
22718,r4i1p1f1,2012,03,14,0.0,15.4067745,0.7212205,2012
22719,r4i1p1f1,2012,03,15,0.0,15.000154,2.8691592,2012
22720,r4i1p1f1,2012,03,16,0.0,12.3073635,2.3084643,2012
22721,r4i1p1f1,2012,03,17,6.039390695100975,5.7907352,-3.7186546,2012
22722,r4i1p1f1,2012,03,18,0.04620644020557201,7.7602134,-5.9157467,2012
22723,r4i1p1f1,2012,03,19,0.0,10.602074,-3.3626256,2012
22724,r4i1p1f1,2012,03,20,0.0,11.428297,-1.2367319,2012
22725,r4i1p1f1,2012,03,21,0.0,12.744735,-3.2136602,2012
22726,r4i1p1f1,2012,03,22,0.0,11.845456,-1.2580839,2012
22727,r4i1p1f1,2012,03,23,0.0,11.661712,-1.5715228,2012
22728,r4i1p1f1,2012,03,24,0.0,14.957477,0.3872896,2012
22729,r4i1p1f1,2012,03,25,0.0,17.38029,0.23547474,2012
22730,r4i1p1f1,2012,03,26,4.169265045351807,13.187175,-0.5631919,2012
22731,r4i1p1f1,2012,03,27,5.546866246587091,7.3370323,-3.8225694,2012
22732,r4i1p1f1,2012,03,28,7.956889789718481,6.665593,-1.47839,2012
22733,r4i1p1f1,2012,03,29,3.7536617138559194,9.44197,-3.3941827,2012
22734,r4i1p1f1,2012,03,30,4.06771344452238,7.9984536,-2.3080695,2012
22735,r4i1p1f1,2012,03,31,38.03389113927386,3.143743,-3.4761121,2012
22736,r4i1p1f1,2012,04,01,0.0,9.56055,-6.011137,2012
22737,r4i1p1f1,2012,04,02,0.0,11.359175,-3.3830411,2012
22738,r4i1p1f1,2012,04,03,0.22555029520462255,11.797532,-0.91522014,2012
22739,r4i1p1f1,2012,04,04,0.0,10.649527,0.023426868,2012
22740,r4i1p1f1,2012,04,05,0.0,10.477885,-1.8581427,2012
22741,r4i1p1f1,2012,04,06,0.0,11.5388,-2.640509,2012
22742,r4i1p1f1,2012,04,07,0.0,15.471482,-0.8102802,2012
22743,r4i1p1f1,2012,04,08,0.0,16.410616,0.77318263,2012
22744,r4i1p1f1,2012,04,09,0.0,20.45869,3.6852124,2012
22745,r4i1p1f1,2012,04,10,0.0,23.20513,6.3612423,2012
22746,r4i1p1f1,2012,04,11,0.0,21.71391,9.905123,2012
22747,r4i1p1f1,2012,04,12,0.0,17.65211,4.08924,2012
22748,r4i1p1f1,2012,04,13,0.0,14.733046,-1.4433172,2012
22749,r4i1p1f1,2012,04,14,0.0,17.655565,0.68207866,2012
22750,r4i1p1f1,2012,04,15,0.0,17.889183,5.557083,2012
22751,r4i1p1f1,2012,04,16,0.0,19.198212,6.0571146,2012
22752,r4i1p1f1,2012,04,17,0.03381974139009556,20.244709,2.6634965,2012
22753,r4i1p1f1,2012,04,18,0.0,19.630028,5.652659,2012
22754,r4i1p1f1,2012,04,19,0.0,17.066542,3.988856,2012
22755,r4i1p1f1,2012,04,20,0.0,13.7148485,-0.90715414,2012
22756,r4i1p1f1,2012,04,21,0.0,11.860469,-2.2463205,2012
22757,r4i1p1f1,2012,04,22,0.5647078256276978,12.868155,-2.257352,2012
22758,r4i1p1f1,2012,04,23,0.0,16.668823,0.34381303,2012
22759,r4i1p1f1,2012,04,24,0.0,19.056942,2.6453702,2012
22760,r4i1p1f1,2012,04,25,1.128696120484749,18.805998,4.0361147,2012
22761,r4i1p1f1,2012,04,26,0.8774849744761869,18.916656,3.5857978,2012
22762,r4i1p1f1,2012,04,27,0.5325271602841113,18.27141,4.0314565,2012
22763,r4i1p1f1,2012,04,28,0.0,17.861868,3.5303314,2012
22764,r4i1p1f1,2012,04,29,0.0,16.168493,2.8364625,2012
22765,r4i1p1f1,2012,04,30,0.026088848160445474,12.8486595,1.2663337,2012
22766,r4i1p1f1,2012,05,01,7.5903506564016965,5.8055863,-4.1628914,2012
22767,r4i1p1f1,2012,05,02,1.406557600977762,1.0871253,-10.548961,2012
22768,r4i1p1f1,2012,05,03,0.0,12.401652,-4.4875593,2012
22769,r4i1p1f1,2012,05,04,0.0,17.015429,1.0953618,2012
22770,r4i1p1f1,2012,05,05,0.0,18.811113,2.4002173,2012
22771,r4i1p1f1,2012,05,06,0.0,17.685623,3.4173267,2012
22772,r4i1p1f1,2012,05,07,0.0,20.08984,4.2977543,2012
22773,r4i1p1f1,2012,05,08,0.0,18.780237,5.6640577,2012
22774,r4i1p1f1,2012,05,09,0.0,14.828637,1.4747491,2012
22775,r4i1p1f1,2012,05,10,0.0,12.4376545,-3.0195694,2012
22776,r4i1p1f1,2012,05,11,1.158204669002059,4.9084115,-4.6376834,2012
22777,r4i1p1f1,2012,05,12,0.0,10.088083,-5.4452763,2012
22778,r4i1p1f1,2012,05,13,0.0,13.888098,-2.1485956,2012
22779,r4i1p1f1,2012,05,14,0.0,15.478475,1.3668029,2012
22780,r4i1p1f1,2012,05,15,0.0,19.206123,3.8057036,2012
22781,r4i1p1f1,2012,05,16,0.0,22.727325,5.1446047,2012
22782,r4i1p1f1,2012,05,17,0.0,21.647764,6.8407354,2012
22783,r4i1p1f1,2012,05,18,0.0,19.528711,5.8041596,2012
22784,r4i1p1f1,2012,05,19,0.0,18.1632,2.5074334,2012
22785,r4i1p1f1,2012,05,20,0.0,21.053038,4.1360874,2012
22786,r4i1p1f1,2012,05,21,0.0,22.22531,7.310449,2012
22787,r4i1p1f1,2012,05,22,0.0,21.396662,7.6012425,2012
22788,r4i1p1f1,2012,05,23,0.0,16.902576,1.8146633,2012
22789,r4i1p1f1,2012,05,24,0.005851331934948111,11.495826,-2.6400878,2012
22790,r4i1p1f1,2012,05,25,0.13220368204349958,5.063495,-7.605944,2012
22791,r4i1p1f1,2012,05,26,0.02505044169445855,7.542635,-6.3460345,2012
22792,r4i1p1f1,2012,05,27,0.0,13.5815935,-2.7061727,2012
22793,r4i1p1f1,2012,05,28,0.0,17.298407,2.0317204,2012
22794,r4i1p1f1,2012,05,29,0.0,20.522108,4.5616345,2012
22795,r4i1p1f1,2012,05,30,0.0,21.95471,5.5653105,2012
22796,r4i1p1f1,2012,05,31,0.0,22.419884,6.9701595,2012
22797,r4i1p1f1,2012,06,01,0.0,22.108864,7.883604,2012
22798,r4i1p1f1,2012,06,02,0.0,18.232687,2.8024704,2012
22799,r4i1p1f1,2012,06,03,0.0,18.193657,3.4762845,2012
22800,r4i1p1f1,2012,06,04,0.0,17.893948,6.8756685,2012
22801,r4i1p1f1,2012,06,05,0.0,16.39672,1.7067198,2012
22802,r4i1p1f1,2012,06,06,0.0,17.461979,1.5462697,2012
22803,r4i1p1f1,2012,06,07,0.0,18.303997,3.304419,2012
22804,r4i1p1f1,2012,06,08,0.0,19.312155,3.7998135,2012
22805,r4i1p1f1,2012,06,09,0.0,23.441746,7.2322726,2012
22806,r4i1p1f1,2012,06,10,0.0,25.237976,9.332789,2012
22807,r4i1p1f1,2012,06,11,0.0,24.033665,9.223874,2012
22808,r4i1p1f1,2012,06,12,0.0,23.026802,7.369353,2012
22809,r4i1p1f1,2012,06,13,0.0,24.472792,8.553861,2012
22810,r4i1p1f1,2012,06,14,0.0,27.137152,10.584722,2012
22811,r4i1p1f1,2012,06,15,0.0,30.415485,13.288814,2012
22812,r4i1p1f1,2012,06,16,0.0,29.29304,13.400997,2012
22813,r4i1p1f1,2012,06,17,0.0,28.001451,12.189773,2012
22814,r4i1p1f1,2012,06,18,0.0,27.124897,11.770898,2012
22815,r4i1p1f1,2012,06,19,0.0,27.968857,11.944022,2012
22816,r4i1p1f1,2012,06,20,0.0,28.835495,11.777179,2012
22817,r4i1p1f1,2012,06,21,0.0,28.398502,11.903695,2012
22818,r4i1p1f1,2012,06,22,0.0,28.243347,11.119154,2012
22819,r4i1p1f1,2012,06,23,0.0,29.255167,11.3869915,2012
22820,r4i1p1f1,2012,06,24,0.0,28.621187,12.098633,2012
22821,r4i1p1f1,2012,06,25,0.0,28.087917,12.369379,2012
22822,r4i1p1f1,2012,06,26,0.0,27.673143,12.690672,2012
22823,r4i1p1f1,2012,06,27,0.0,28.137209,12.3136425,2012
22824,r4i1p1f1,2012,06,28,0.0,27.51355,11.727527,2012
22825,r4i1p1f1,2012,06,29,0.0,26.299591,10.749602,2012
22826,r4i1p1f1,2012,06,30,0.0,25.133337,10.096487,2012
22827,r4i1p1f1,2012,07,01,0.4216248512071056,26.316278,11.33586,2012
22828,r4i1p1f1,2012,07,02,1.0975428813154762,27.600754,11.911344,2012
22829,r4i1p1f1,2012,07,03,0.9428504522446315,27.36755,11.505076,2012
22830,r4i1p1f1,2012,07,04,1.6070916997721816,26.147444,12.885055,2012
22831,r4i1p1f1,2012,07,05,0.7215363366314161,23.061605,10.583779,2012
22832,r4i1p1f1,2012,07,06,0.0,21.62542,8.008113,2012
22833,r4i1p1f1,2012,07,07,0.92835036797031,24.531727,9.597335,2012
22834,r4i1p1f1,2012,07,08,3.005590060493636,24.788824,10.15577,2012
22835,r4i1p1f1,2012,07,09,0.1324030320603628,23.103998,8.993097,2012
22836,r4i1p1f1,2012,07,10,0.0,22.383688,8.629307,2012
22837,r4i1p1f1,2012,07,11,0.0,21.820713,8.720059,2012
22838,r4i1p1f1,2012,07,12,0.0,23.313423,8.011931,2012
22839,r4i1p1f1,2012,07,13,0.0,24.84244,9.47691,2012
22840,r4i1p1f1,2012,07,14,1.607006519036768,26.233835,11.078594,2012
22841,r4i1p1f1,2012,07,15,0.5713054707628882,26.613672,11.815216,2012
22842,r4i1p1f1,2012,07,16,1.2165176467912069,27.069683,11.785842,2012
22843,r4i1p1f1,2012,07,17,0.031342585881902287,27.993885,11.792113,2012
22844,r4i1p1f1,2012,07,18,0.0,28.207575,12.426278,2012
22845,r4i1p1f1,2012,07,19,0.7777012939202995,26.898304,13.873751,2012
22846,r4i1p1f1,2012,07,20,0.7979466840472047,24.137224,13.39287,2012
22847,r4i1p1f1,2012,07,21,0.0,24.397778,8.741086,2012
22848,r4i1p1f1,2012,07,22,0.2014234170616063,24.39696,10.585954,2012
22849,r4i1p1f1,2012,07,23,0.9203453899737304,25.313116,12.377303,2012
22850,r4i1p1f1,2012,07,24,1.0682807404201902,26.172684,11.180854,2012
22851,r4i1p1f1,2012,07,25,4.629472775882051,25.064407,12.387295,2012
22852,r4i1p1f1,2012,07,26,0.6071909400120871,24.30017,10.357204,2012
22853,r4i1p1f1,2012,07,27,1.016845742089893,24.891745,10.2681,2012
22854,r4i1p1f1,2012,07,28,0.0012320554412421254,24.212257,9.98121,2012
22855,r4i1p1f1,2012,07,29,0.0,24.965513,8.253093,2012
22856,r4i1p1f1,2012,07,30,0.0,26.67688,9.593273,2012
22857,r4i1p1f1,2012,07,31,0.0,28.206911,12.216752,2012
22858,r4i1p1f1,2012,08,01,0.0,29.143082,13.026651,2012
22859,r4i1p1f1,2012,08,02,0.0,29.244614,13.493867,2012
22860,r4i1p1f1,2012,08,03,0.16909058348536998,28.729948,13.306928,2012
22861,r4i1p1f1,2012,08,04,1.6238593345142733,26.296486,12.587362,2012
22862,r4i1p1f1,2012,08,05,0.3250218360072183,23.257412,11.4713125,2012
22863,r4i1p1f1,2012,08,06,0.6163065183862445,23.574827,10.370997,2012
22864,r4i1p1f1,2012,08,07,3.034710307094338,23.992262,8.976239,2012
22865,r4i1p1f1,2012,08,08,0.19928358056175846,25.467623,10.938373,2012
22866,r4i1p1f1,2012,08,09,0.04209111321372337,26.438168,9.893958,2012
22867,r4i1p1f1,2012,08,10,0.44001970671992263,26.287592,9.953341,2012
22868,r4i1p1f1,2012,08,11,0.03305535751123116,25.249363,9.7629,2012
22869,r4i1p1f1,2012,08,12,0.15542635737801902,24.469923,9.845808,2012
22870,r4i1p1f1,2012,08,13,0.44705955384185114,25.239622,9.864318,2012
22871,r4i1p1f1,2012,08,14,0.9458467736068207,26.935411,11.199581,2012
22872,r4i1p1f1,2012,08,15,1.1778588960142395,26.202705,12.794904,2012
22873,r4i1p1f1,2012,08,16,0.0,23.407934,9.846818,2012
22874,r4i1p1f1,2012,08,17,0.0,23.101929,7.585462,2012
22875,r4i1p1f1,2012,08,18,0.0,22.620071,8.498583,2012
22876,r4i1p1f1,2012,08,19,0.0,23.314932,7.804684,2012
22877,r4i1p1f1,2012,08,20,0.0,23.256468,7.7474155,2012
22878,r4i1p1f1,2012,08,21,0.0,22.266195,7.676592,2012
22879,r4i1p1f1,2012,08,22,0.0,20.649158,5.6798606,2012
22880,r4i1p1f1,2012,08,23,0.0,20.814873,4.1417446,2012
22881,r4i1p1f1,2012,08,24,0.0,20.925724,5.0398655,2012
22882,r4i1p1f1,2012,08,25,0.0,22.595526,5.569114,2012
22883,r4i1p1f1,2012,08,26,0.0,21.50035,7.008765,2012
22884,r4i1p1f1,2012,08,27,0.0,17.297209,2.9560847,2012
22885,r4i1p1f1,2012,08,28,0.0,18.456059,2.1769388,2012
22886,r4i1p1f1,2012,08,29,0.0,22.15833,5.8263483,2012
22887,r4i1p1f1,2012,08,30,0.0,23.345213,7.312911,2012
22888,r4i1p1f1,2012,08,31,0.0,23.730562,7.2237353,2012
22889,r4i1p1f1,2012,09,01,0.0,23.425303,8.222055,2012
22890,r4i1p1f1,2012,09,02,0.0,22.809607,7.789963,2012
22891,r4i1p1f1,2012,09,03,0.0,24.301924,8.308958,2012
22892,r4i1p1f1,2012,09,04,0.0,25.831995,8.387953,2012
22893,r4i1p1f1,2012,09,05,0.0,24.583033,8.49467,2012
22894,r4i1p1f1,2012,09,06,0.0,22.694113,9.103617,2012
22895,r4i1p1f1,2012,09,07,0.29834723744202435,21.827135,10.250759,2012
22896,r4i1p1f1,2012,09,08,0.0,24.293774,7.548696,2012
22897,r4i1p1f1,2012,09,09,0.0,24.179544,8.360864,2012
22898,r4i1p1f1,2012,09,10,0.0,27.692596,9.39495,2012
22899,r4i1p1f1,2012,09,11,0.0,28.328758,12.131045,2012
22900,r4i1p1f1,2012,09,12,0.0,28.128445,10.56904,2012
22901,r4i1p1f1,2012,09,13,0.0,27.531965,10.95442,2012
22902,r4i1p1f1,2012,09,14,0.0,27.33876,11.602455,2012
22903,r4i1p1f1,2012,09,15,0.0,28.743006,10.798665,2012
22904,r4i1p1f1,2012,09,16,0.0,28.629278,11.318548,2012
22905,r4i1p1f1,2012,09,17,0.0,28.241823,11.348084,2012
22906,r4i1p1f1,2012,09,18,0.0,27.110893,11.403814,2012
22907,r4i1p1f1,2012,09,19,0.0,24.909412,9.353587,2012
22908,r4i1p1f1,2012,09,20,0.021773022025343182,22.691044,8.241449,2012
22909,r4i1p1f1,2012,09,21,0.0,25.204544,9.085722,2012
22910,r4i1p1f1,2012,09,22,0.0,24.65079,10.624952,2012
22911,r4i1p1f1,2012,09,23,0.0,20.94859,5.1178784,2012
22912,r4i1p1f1,2012,09,24,0.0,20.452995,5.0949874,2012
22913,r4i1p1f1,2012,09,25,0.0,19.277761,5.909139,2012
22914,r4i1p1f1,2012,09,26,0.0,17.85075,2.1719034,2012
22915,r4i1p1f1,2012,09,27,0.0,15.362635,1.353311,2012
22916,r4i1p1f1,2012,09,28,0.06260212869815343,14.72149,1.4297397,2012
22917,r4i1p1f1,2012,09,29,0.0,15.380657,0.8238662,2012
22918,r4i1p1f1,2012,09,30,0.0,15.467953,-1.6874381,2012
22919,r4i1p1f1,2012,10,01,0.0,12.74528,-2.2372918,2012
22920,r4i1p1f1,2012,10,02,0.0,14.67186,-1.7117809,2012
22921,r4i1p1f1,2012,10,03,0.0,15.793829,0.027328698,2012
22922,r4i1p1f1,2012,10,04,0.0,14.454088,0.8869359,2012
22923,r4i1p1f1,2012,10,05,0.0,13.488034,-1.3680682,2012
22924,r4i1p1f1,2012,10,06,0.0,15.446708,-1.3550987,2012
22925,r4i1p1f1,2012,10,07,0.0,15.10103,-0.40970987,2012
22926,r4i1p1f1,2012,10,08,0.0,13.211551,-0.5655094,2012
22927,r4i1p1f1,2012,10,09,0.0,14.37792,-0.57812536,2012
22928,r4i1p1f1,2012,10,10,0.0,18.1578,1.4009507,2012
22929,r4i1p1f1,2012,10,11,0.0,17.442522,4.390479,2012
22930,r4i1p1f1,2012,10,12,0.0,15.825356,-1.4586211,2012
22931,r4i1p1f1,2012,10,13,0.0,16.165825,-0.65765554,2012
22932,r4i1p1f1,2012,10,14,0.0,15.792181,1.0933026,2012
22933,r4i1p1f1,2012,10,15,0.0,14.185453,0.6206847,2012
22934,r4i1p1f1,2012,10,16,0.0,13.860275,-1.3317522,2012
22935,r4i1p1f1,2012,10,17,0.0,14.023955,-1.3113292,2012
22936,r4i1p1f1,2012,10,18,0.11365680290275196,14.322591,-0.1913649,2012
22937,r4i1p1f1,2012,10,19,0.0,14.128436,-1.5837209,2012
22938,r4i1p1f1,2012,10,20,0.0,13.453169,0.058799434,2012
22939,r4i1p1f1,2012,10,21,0.0,18.022915,1.3100702,2012
22940,r4i1p1f1,2012,10,22,0.0,19.891684,4.843666,2012
22941,r4i1p1f1,2012,10,23,0.0,18.464037,5.456933,2012
22942,r4i1p1f1,2012,10,24,0.0,19.870552,2.6944911,2012
22943,r4i1p1f1,2012,10,25,0.0,19.903378,5.051859,2012
22944,r4i1p1f1,2012,10,26,0.0,19.613443,4.7030826,2012
22945,r4i1p1f1,2012,10,27,0.0,20.634834,4.816593,2012
22946,r4i1p1f1,2012,10,28,0.0,18.433882,7.4468327,2012
22947,r4i1p1f1,2012,10,29,0.0,14.982358,2.2453678,2012
22948,r4i1p1f1,2012,10,30,0.0,14.191542,-1.9876074,2012
22949,r4i1p1f1,2012,10,31,0.0,13.854234,-1.5275047,2012
22950,r4i1p1f1,2012,11,01,0.0,15.341525,-0.35527977,2012
22951,r4i1p1f1,2012,11,02,17.946330318122058,14.796192,2.382943,2012
22952,r4i1p1f1,2012,11,03,7.0374275664778505,4.7395964,-3.9671028,2012
22953,r4i1p1f1,2012,11,04,0.0,4.776013,-9.092669,2012
22954,r4i1p1f1,2012,11,05,0.0,11.331543,-4.519479,2012
22955,r4i1p1f1,2012,11,06,0.0,10.520081,-4.4648085,2012
22956,r4i1p1f1,2012,11,07,0.0,10.768406,-4.317813,2012
22957,r4i1p1f1,2012,11,08,0.0,10.543954,-1.4743412,2012
22958,r4i1p1f1,2012,11,09,1.8813436723362162,9.656842,-1.9125339,2012
22959,r4i1p1f1,2012,11,10,2.395015985984671,8.063033,-4.7250686,2012
22960,r4i1p1f1,2012,11,11,11.783245780739124,3.7237968,-5.4501333,2012
22961,r4i1p1f1,2012,11,12,16.406487743501927,0.82149136,-6.9155574,2012
22962,r4i1p1f1,2012,11,13,3.774427012949961,2.8079898,-6.056485,2012
22963,r4i1p1f1,2012,11,14,0.0,8.158282,-8.17925,2012
22964,r4i1p1f1,2012,11,15,0.0,9.405733,-4.8016696,2012
22965,r4i1p1f1,2012,11,16,0.0,9.419336,-5.189151,2012
22966,r4i1p1f1,2012,11,17,1.4935273331082919,6.470732,-1.1604214,2012
22967,r4i1p1f1,2012,11,18,0.7822357552127432,2.0334063,-7.407188,2012
22968,r4i1p1f1,2012,11,19,0.02155979702233893,3.9868274,-12.810778,2012
22969,r4i1p1f1,2012,11,20,0.0,7.4664245,-10.596658,2012
22970,r4i1p1f1,2012,11,21,5.167874313453192,7.5493474,-3.0118568,2012
22971,r4i1p1f1,2012,11,22,9.244457838782404,8.100152,-2.3244495,2012
22972,r4i1p1f1,2012,11,23,50.20264231229024,5.5721283,-1.3059752,2012
22973,r4i1p1f1,2012,11,24,27.16900053564712,6.342251,-1.2392769,2012
22974,r4i1p1f1,2012,11,25,0.0,10.78813,-5.4009824,2012
22975,r4i1p1f1,2012,11,26,0.0,9.736526,-4.2617855,2012
22976,r4i1p1f1,2012,11,27,6.512964065505373,3.698177,-7.02205,2012
22977,r4i1p1f1,2012,11,28,0.0,-2.4194822,-12.434393,2012
22978,r4i1p1f1,2012,11,29,0.0001819064920413628,-3.6780646,-18.47714,2012
22979,r4i1p1f1,2012,11,30,0.0,0.681164,-11.762368,2012
22980,r4i1p1f1,2012,12,01,0.0,1.838931,-10.573049,2012
22981,r4i1p1f1,2012,12,02,0.0,3.9394891,-9.576791,2012
22982,r4i1p1f1,2012,12,03,0.0,8.292738,-6.357827,2012
22983,r4i1p1f1,2012,12,04,0.0,7.876616,-3.9818287,2012
22984,r4i1p1f1,2012,12,05,0.21280679611169956,5.1089973,-5.0704236,2012
22985,r4i1p1f1,2012,12,06,16.46383020650739,0.17803644,-7.4238133,2012
22986,r4i1p1f1,2012,12,07,3.9163521617184536,-2.2898166,-10.1488285,2012
22987,r4i1p1f1,2012,12,08,0.0,0.38297778,-12.930122,2012
22988,r4i1p1f1,2012,12,09,0.0,2.0085225,-11.50556,2012
22989,r4i1p1f1,2012,12,10,0.0,3.9737117,-9.8104725,2012
22990,r4i1p1f1,2012,12,11,0.0,1.5913764,-6.1402197,2012
22991,r4i1p1f1,2012,12,12,0.11544551341033255,4.6129766,-6.99835,2012
22992,r4i1p1f1,2012,12,13,3.706066743447024,0.642368,-9.184002,2012
22993,r4i1p1f1,2012,12,14,12.627688338081942,-1.3806859,-10.789183,2012
22994,r4i1p1f1,2012,12,15,12.664223380352063,4.706589,-4.4370584,2012
22995,r4i1p1f1,2012,12,16,0.0,9.895359,-4.0018425,2012
22996,r4i1p1f1,2012,12,17,0.0,10.080969,-1.3974226,2012
22997,r4i1p1f1,2012,12,18,0.0,9.408983,-4.42632,2012
22998,r4i1p1f1,2012,12,19,1.8949595030419697,4.95849,-3.2490566,2012
22999,r4i1p1f1,2012,12,20,0.09304266047501479,5.288793,-4.179409,2012
23000,r4i1p1f1,2012,12,21,27.858966519941294,4.122413,-2.7919092,2012
23001,r4i1p1f1,2012,12,22,1.096471528752077,1.3963495,-7.2568407,2012
23002,r4i1p1f1,2012,12,23,1.0528365037160885,-1.1167822,-11.45837,2012
23003,r4i1p1f1,2012,12,24,87.15102015509865,3.2624705,-7.7799444,2012
23004,r4i1p1f1,2012,12,25,43.64693773835602,3.1799781,-6.7815466,2012
23005,r4i1p1f1,2012,12,26,9.781018937268922,-4.242167,-10.189344,2012
23006,r4i1p1f1,2012,12,27,0.0,-2.14396,-15.498976,2012
23007,r4i1p1f1,2012,12,28,0.0,-2.187728,-16.060772,2012
23008,r4i1p1f1,2012,12,29,0.0,-4.7467,-15.150946,2012
23009,r4i1p1f1,2012,12,30,0.0,-3.7855446,-15.032712,2012
23010,r4i1p1f1,2012,12,31,0.0,-1.4298427,-12.852449,2012
23011,r4i1p1f1,2013,01,01,11.237175791664997,-5.4362283,-12.273327,2013
23012,r4i1p1f1,2013,01,02,67.0666528020762,-4.799952,-10.133634,2013
23013,r4i1p1f1,2013,01,03,31.640732571866145,-2.6303182,-9.982589,2013
23014,r4i1p1f1,2013,01,04,0.0,1.278805,-13.169999,2013
23015,r4i1p1f1,2013,01,05,0.0,3.2049212,-7.9093547,2013
23016,r4i1p1f1,2013,01,06,0.0,5.883651,-6.950356,2013
23017,r4i1p1f1,2013,01,07,7.575275690477326,2.6536367,-4.522338,2013
23018,r4i1p1f1,2013,01,08,0.0024668524163981636,3.2054055,-7.243665,2013
23019,r4i1p1f1,2013,01,09,0.0,4.1272974,-8.612965,2013
23020,r4i1p1f1,2013,01,10,0.0,4.244538,-7.3342643,2013
23021,r4i1p1f1,2013,01,11,3.5064130642293843,4.186483,-4.48814,2013
23022,r4i1p1f1,2013,01,12,8.519376646998609,3.2992048,-4.395522,2013
23023,r4i1p1f1,2013,01,13,37.42837207017854,3.6578805,-2.5094912,2013
23024,r4i1p1f1,2013,01,14,90.42445509968435,3.8334184,-2.196173,2013
23025,r4i1p1f1,2013,01,15,43.66713665958865,2.8279774,-4.1458206,2013
23026,r4i1p1f1,2013,01,16,19.869635391683314,1.4420472,-4.874118,2013
23027,r4i1p1f1,2013,01,17,62.95208374767383,2.7870026,-4.5254583,2013
23028,r4i1p1f1,2013,01,18,29.6479796795322,3.857922,-4.791617,2013
23029,r4i1p1f1,2013,01,19,13.422827430415005,-0.80651045,-8.542057,2013
23030,r4i1p1f1,2013,01,20,26.863534805761034,-3.4194655,-8.903445,2013
23031,r4i1p1f1,2013,01,21,21.680059342811568,-0.16063721,-6.675528,2013
23032,r4i1p1f1,2013,01,22,0.035324535787680265,3.1342878,-9.106887,2013
23033,r4i1p1f1,2013,01,23,40.13723181697595,2.160778,-7.7333784,2013
23034,r4i1p1f1,2013,01,24,57.83737738410272,5.405132,-3.327096,2013
23035,r4i1p1f1,2013,01,25,0.0,5.5752673,-7.090453,2013
23036,r4i1p1f1,2013,01,26,0.0,4.3738256,-6.568342,2013
23037,r4i1p1f1,2013,01,27,0.13498767932097464,2.1252446,-4.4827776,2013
23038,r4i1p1f1,2013,01,28,0.0,2.5550888,-9.502713,2013
23039,r4i1p1f1,2013,01,29,0.0,2.398471,-9.842555,2013
23040,r4i1p1f1,2013,01,30,0.0,-0.30828974,-12.196908,2013
23041,r4i1p1f1,2013,01,31,0.0,0.9789111,-12.110465,2013
23042,r4i1p1f1,2013,02,01,0.0,1.9698434,-9.811923,2013
23043,r4i1p1f1,2013,02,02,0.2142734926881909,4.1069555,-7.70797,2013
23044,r4i1p1f1,2013,02,03,0.39816267330090704,7.933734,-6.0200453,2013
23045,r4i1p1f1,2013,02,04,0.0,11.097813,-2.5708318,2013
23046,r4i1p1f1,2013,02,05,0.0,10.714165,-0.41071627,2013
23047,r4i1p1f1,2013,02,06,0.0,11.142286,-2.0601687,2013
23048,r4i1p1f1,2013,02,07,0.0,10.297064,-2.8104765,2013
23049,r4i1p1f1,2013,02,08,0.0,9.625862,-3.3670847,2013
23050,r4i1p1f1,2013,02,09,0.0,10.12682,-3.281311,2013
23051,r4i1p1f1,2013,02,10,0.0,9.440304,-3.9687426,2013
23052,r4i1p1f1,2013,02,11,0.0,6.9882746,-4.0444784,2013
23053,r4i1p1f1,2013,02,12,0.0,7.6293907,-3.3703103,2013
23054,r4i1p1f1,2013,02,13,0.0,8.897845,-4.250585,2013
23055,r4i1p1f1,2013,02,14,0.8399872338385777,7.9266644,-0.97236407,2013
23056,r4i1p1f1,2013,02,15,10.149340554890097,7.09991,-2.231065,2013
23057,r4i1p1f1,2013,02,16,0.0,8.135223,-5.7527876,2013
23058,r4i1p1f1,2013,02,17,0.5834184648682826,8.374543,-4.4864793,2013
23059,r4i1p1f1,2013,02,18,15.894728106673337,5.376251,-3.3674703,2013
23060,r4i1p1f1,2013,02,19,42.47107751903491,3.299691,-3.4571362,2013
23061,r4i1p1f1,2013,02,20,26.485573308388556,2.5311246,-4.0924606,2013
23062,r4i1p1f1,2013,02,21,47.27390136588702,1.9475977,-5.4752192,2013
23063,r4i1p1f1,2013,02,22,0.0,4.129431,-6.3923936,2013
23064,r4i1p1f1,2013,02,23,0.0,6.9205136,-6.4418845,2013
23065,r4i1p1f1,2013,02,24,0.0,8.521153,-4.5227566,2013
23066,r4i1p1f1,2013,02,25,0.0,9.180513,-4.3053627,2013
23067,r4i1p1f1,2013,02,26,0.0,7.040651,-3.529927,2013
23068,r4i1p1f1,2013,02,27,0.022505147784802962,6.3025355,-3.0890136,2013
23069,r4i1p1f1,2013,02,28,0.0,6.951081,-5.9927115,2013
23070,r4i1p1f1,2013,03,01,12.584161066199439,3.858335,-2.5342946,2013
23071,r4i1p1f1,2013,03,02,18.683883788225312,3.104134,-3.386109,2013
23072,r4i1p1f1,2013,03,03,0.0,7.184192,-6.441571,2013
23073,r4i1p1f1,2013,03,04,8.2662384277448,3.530624,-3.573474,2013
23074,r4i1p1f1,2013,03,05,33.2500398269648,2.633261,-3.5068812,2013
23075,r4i1p1f1,2013,03,06,71.1514692709305,1.6149849,-4.3701334,2013
23076,r4i1p1f1,2013,03,07,29.108472444365702,-1.5073798,-8.564316,2013
23077,r4i1p1f1,2013,03,08,4.4056338244490485,-0.060995594,-6.958134,2013
23078,r4i1p1f1,2013,03,09,0.2302988860295897,8.137625,-6.424098,2013
23079,r4i1p1f1,2013,03,10,0.0,8.999587,-6.230981,2013
23080,r4i1p1f1,2013,03,11,6.795590224337255,3.6673834,-5.0892296,2013
23081,r4i1p1f1,2013,03,12,16.276308437345794,-0.034910385,-5.778316,2013
23082,r4i1p1f1,2013,03,13,0.0,5.9837017,-8.504015,2013
23083,r4i1p1f1,2013,03,14,0.0,6.9130664,-7.169659,2013
23084,r4i1p1f1,2013,03,15,0.0,8.201113,-4.9723783,2013
23085,r4i1p1f1,2013,03,16,0.0,12.151975,-4.3050113,2013
23086,r4i1p1f1,2013,03,17,0.0,12.677093,-2.9573257,2013
23087,r4i1p1f1,2013,03,18,0.0,12.9696865,-2.9368336,2013
23088,r4i1p1f1,2013,03,19,0.0,11.911193,-3.8208134,2013
23089,r4i1p1f1,2013,03,20,1.670111070264724,5.040743,-5.5744944,2013
23090,r4i1p1f1,2013,03,21,0.005858344352685997,7.473483,-4.8761744,2013
23091,r4i1p1f1,2013,03,22,0.0066257376964304095,9.126896,-3.3521383,2013
23092,r4i1p1f1,2013,03,23,0.0,9.728132,-3.5953088,2013
23093,r4i1p1f1,2013,03,24,0.6660745926917746,7.8421783,-5.6589985,2013
23094,r4i1p1f1,2013,03,25,9.994357940171318,6.2172217,-0.32428187,2013
23095,r4i1p1f1,2013,03,26,0.019296484670656568,10.347935,-3.796664,2013
23096,r4i1p1f1,2013,03,27,0.0,12.126289,-3.6224573,2013
23097,r4i1p1f1,2013,03,28,0.0,11.404304,-2.6221232,2013
23098,r4i1p1f1,2013,03,29,0.0,11.859284,0.6505132,2013
23099,r4i1p1f1,2013,03,30,0.010951236058295203,10.113611,-0.025590854,2013
23100,r4i1p1f1,2013,03,31,17.066647386182588,5.7607827,-0.9738485,2013
23101,r4i1p1f1,2013,04,01,0.8523525277721763,4.8619184,-7.140375,2013
23102,r4i1p1f1,2013,04,02,0.0,10.126905,-4.556846,2013
23103,r4i1p1f1,2013,04,03,0.12266700659358107,11.434077,-0.9802849,2013
23104,r4i1p1f1,2013,04,04,0.013320985750207778,13.876881,-0.18223467,2013
23105,r4i1p1f1,2013,04,05,0.0,13.91091,0.24717367,2013
23106,r4i1p1f1,2013,04,06,0.0,13.451459,-0.17267391,2013
23107,r4i1p1f1,2013,04,07,0.0,14.265422,-1.1552764,2013
23108,r4i1p1f1,2013,04,08,0.0,14.070621,-0.53186774,2013
23109,r4i1p1f1,2013,04,09,0.057133034926368245,14.787203,0.5912118,2013
23110,r4i1p1f1,2013,04,10,0.003856778665281394,15.79486,2.0113084,2013
23111,r4i1p1f1,2013,04,11,0.5390412063466163,12.104877,-0.9253929,2013
23112,r4i1p1f1,2013,04,12,3.7999907537513993,7.797608,-0.1452821,2013
23113,r4i1p1f1,2013,04,13,0.0,10.438491,-4.2312827,2013
23114,r4i1p1f1,2013,04,14,4.337225255592093,8.109299,-3.3572457,2013
23115,r4i1p1f1,2013,04,15,0.1668353518418445,7.7113156,-6.4281425,2013
23116,r4i1p1f1,2013,04,16,9.096699585429365,4.306942,-3.8385272,2013
23117,r4i1p1f1,2013,04,17,0.0032186570402963836,7.979274,-4.7609644,2013
23118,r4i1p1f1,2013,04,18,0.0,12.7300205,-2.429366,2013
23119,r4i1p1f1,2013,04,19,0.0,15.703745,1.1727463,2013
23120,r4i1p1f1,2013,04,20,0.0,17.698124,2.2011898,2013
23121,r4i1p1f1,2013,04,21,0.0,16.444748,1.9809248,2013
23122,r4i1p1f1,2013,04,22,0.0,13.883732,1.9280454,2013
23123,r4i1p1f1,2013,04,23,20.40647747320633,8.228818,-3.882999,2013
23124,r4i1p1f1,2013,04,24,0.30434886494850816,9.741894,-4.015022,2013
23125,r4i1p1f1,2013,04,25,0.0,12.328961,-3.0460453,2013
23126,r4i1p1f1,2013,04,26,27.880384833857466,7.4125943,-2.0102868,2013
23127,r4i1p1f1,2013,04,27,9.29507433082034,4.424466,-6.5800595,2013
23128,r4i1p1f1,2013,04,28,0.6642841055039901,7.0209475,-3.410891,2013
23129,r4i1p1f1,2013,04,29,7.80142639837631,3.5261064,-6.6151323,2013
23130,r4i1p1f1,2013,04,30,61.86577911516104,-1.0385219,-8.325807,2013
23131,r4i1p1f1,2013,05,01,1.6989060963852471,5.1655765,-6.438416,2013
23132,r4i1p1f1,2013,05,02,0.0,10.201278,-4.6289005,2013
23133,r4i1p1f1,2013,05,03,0.0,12.928508,-2.2285292,2013
23134,r4i1p1f1,2013,05,04,0.13439662687652834,12.614775,1.0751977,2013
23135,r4i1p1f1,2013,05,05,0.0,15.227339,2.3146968,2013
23136,r4i1p1f1,2013,05,06,8.33999909188865,10.312017,-0.027930073,2013
23137,r4i1p1f1,2013,05,07,0.1415436151616562,7.341577,-2.9768434,2013
23138,r4i1p1f1,2013,05,08,0.0,9.9483,-3.519593,2013
23139,r4i1p1f1,2013,05,09,1.4389719571255841,7.489493,-0.82082486,2013
23140,r4i1p1f1,2013,05,10,0.0,12.154588,-2.2783625,2013
23141,r4i1p1f1,2013,05,11,0.0,13.455923,-1.2968191,2013
23142,r4i1p1f1,2013,05,12,0.0,16.378979,0.62033033,2013
23143,r4i1p1f1,2013,05,13,0.0,19.685696,3.8520474,2013
23144,r4i1p1f1,2013,05,14,0.0,20.554113,5.9808636,2013
23145,r4i1p1f1,2013,05,15,0.0,22.921343,6.7004886,2013
23146,r4i1p1f1,2013,05,16,0.0,26.044035,9.480434,2013
23147,r4i1p1f1,2013,05,17,0.0,24.909866,10.201733,2013
23148,r4i1p1f1,2013,05,18,0.0,19.152502,4.771094,2013
23149,r4i1p1f1,2013,05,19,2.1144432217649545,8.472782,-0.9067308,2013
23150,r4i1p1f1,2013,05,20,0.0,11.854638,0.48450893,2013
23151,r4i1p1f1,2013,05,21,0.0,18.500895,2.0839496,2013
23152,r4i1p1f1,2013,05,22,0.0,21.558554,5.873423,2013
23153,r4i1p1f1,2013,05,23,0.0,21.22748,6.1995444,2013
23154,r4i1p1f1,2013,05,24,0.0,21.359251,6.112487,2013
23155,r4i1p1f1,2013,05,25,0.0,20.869759,6.234629,2013
23156,r4i1p1f1,2013,05,26,0.0,20.157621,4.9942384,2013
23157,r4i1p1f1,2013,05,27,0.0,19.420744,5.4423423,2013
23158,r4i1p1f1,2013,05,28,0.0,19.00442,3.7291796,2013
23159,r4i1p1f1,2013,05,29,0.0,18.61077,4.73086,2013
23160,r4i1p1f1,2013,05,30,0.0,16.824492,4.7077255,2013
23161,r4i1p1f1,2013,05,31,0.0,17.605503,3.1897151,2013
23162,r4i1p1f1,2013,06,01,0.0,20.548046,3.7570262,2013
23163,r4i1p1f1,2013,06,02,0.0,21.067966,5.54447,2013
23164,r4i1p1f1,2013,06,03,0.0,20.446894,5.1134944,2013
23165,r4i1p1f1,2013,06,04,0.0,19.255129,4.499661,2013
23166,r4i1p1f1,2013,06,05,0.0,18.383144,3.0799794,2013
23167,r4i1p1f1,2013,06,06,3.0585784888726226,13.7156315,-0.1670678,2013
23168,r4i1p1f1,2013,06,07,15.89518541030847,8.593354,-0.05164914,2013
23169,r4i1p1f1,2013,06,08,0.9091977548948772,8.874022,0.9647763,2013
23170,r4i1p1f1,2013,06,09,0.015190506939474931,13.265413,-0.11307529,2013
23171,r4i1p1f1,2013,06,10,3.3690953244006354,14.164235,-1.1195017,2013
23172,r4i1p1f1,2013,06,11,1.1344859474430486,14.131656,1.6820922,2013
23173,r4i1p1f1,2013,06,12,0.3006503659597668,17.508133,2.056933,2013
23174,r4i1p1f1,2013,06,13,0.0,18.233387,4.758088,2013
23175,r4i1p1f1,2013,06,14,0.01144921275411998,17.443,5.273145,2013
23176,r4i1p1f1,2013,06,15,0.0,19.151964,3.4344294,2013
23177,r4i1p1f1,2013,06,16,0.0,18.429516,5.0822845,2013
23178,r4i1p1f1,2013,06,17,0.015981854187172934,15.486358,5.013725,2013
23179,r4i1p1f1,2013,06,18,0.0,17.948055,2.1661315,2013
23180,r4i1p1f1,2013,06,19,0.0,23.868279,6.9874473,2013
23181,r4i1p1f1,2013,06,20,0.0,25.387783,10.028831,2013
23182,r4i1p1f1,2013,06,21,0.013635074667110027,24.410006,8.573586,2013
23183,r4i1p1f1,2013,06,22,0.0,21.624426,8.120338,2013
23184,r4i1p1f1,2013,06,23,0.0,19.969097,6.162771,2013
23185,r4i1p1f1,2013,06,24,0.0,21.224457,5.7099204,2013
23186,r4i1p1f1,2013,06,25,0.0,20.814066,6.5619426,2013
23187,r4i1p1f1,2013,06,26,0.0,20.639027,5.633468,2013
23188,r4i1p1f1,2013,06,27,0.0,20.664785,5.9760714,2013
23189,r4i1p1f1,2013,06,28,0.0,21.681393,6.173433,2013
23190,r4i1p1f1,2013,06,29,0.0,23.867638,7.9205685,2013
23191,r4i1p1f1,2013,06,30,0.015511150914744781,25.245562,9.350303,2013
23192,r4i1p1f1,2013,07,01,0.10745111713686334,25.274105,9.807309,2013
23193,r4i1p1f1,2013,07,02,0.0,24.937197,9.501941,2013
23194,r4i1p1f1,2013,07,03,0.5749735964492911,24.536654,9.851571,2013
23195,r4i1p1f1,2013,07,04,0.6933871690105916,23.53251,10.883853,2013
23196,r4i1p1f1,2013,07,05,0.23184579024586524,22.301363,8.538371,2013
23197,r4i1p1f1,2013,07,06,0.21764998554609763,20.830708,8.104033,2013
23198,r4i1p1f1,2013,07,07,0.0,21.459318,6.319029,2013
23199,r4i1p1f1,2013,07,08,0.0,20.543564,6.8452754,2013
23200,r4i1p1f1,2013,07,09,0.0,18.398527,5.502333,2013
23201,r4i1p1f1,2013,07,10,0.0,19.814919,5.0439816,2013
23202,r4i1p1f1,2013,07,11,0.0,22.240442,6.707349,2013
23203,r4i1p1f1,2013,07,12,0.0,21.864803,8.621571,2013
23204,r4i1p1f1,2013,07,13,0.0,21.533325,7.623877,2013
23205,r4i1p1f1,2013,07,14,0.0,22.69757,7.4011326,2013
23206,r4i1p1f1,2013,07,15,0.0,24.846748,9.000249,2013
23207,r4i1p1f1,2013,07,16,0.05751500356962432,24.565472,11.453314,2013
23208,r4i1p1f1,2013,07,17,0.32870473397571204,23.04609,9.251501,2013
23209,r4i1p1f1,2013,07,18,0.0,21.085094,6.842459,2013
23210,r4i1p1f1,2013,07,19,0.210840776173213,19.899876,8.283409,2013
23211,r4i1p1f1,2013,07,20,0.1026650127654261,20.004852,5.669234,2013
23212,r4i1p1f1,2013,07,21,0.0,25.776646,8.584828,2013
23213,r4i1p1f1,2013,07,22,0.0,29.051668,11.496068,2013
23214,r4i1p1f1,2013,07,23,0.0,30.822432,13.193752,2013
23215,r4i1p1f1,2013,07,24,0.0,29.842922,14.061489,2013
23216,r4i1p1f1,2013,07,25,0.002968155176324003,28.549301,12.712575,2013
23217,r4i1p1f1,2013,07,26,2.3634281020086205,28.632988,13.548903,2013
23218,r4i1p1f1,2013,07,27,1.1906065250974995,28.220297,13.900811,2013
23219,r4i1p1f1,2013,07,28,0.0,28.091812,13.57391,2013
23220,r4i1p1f1,2013,07,29,0.0,27.620985,12.887726,2013
23221,r4i1p1f1,2013,07,30,0.0,27.174782,11.915822,2013
23222,r4i1p1f1,2013,07,31,0.0,26.226194,10.437934,2013
23223,r4i1p1f1,2013,08,01,0.0,25.280508,9.536323,2013
23224,r4i1p1f1,2013,08,02,0.0,25.490961,9.841931,2013
23225,r4i1p1f1,2013,08,03,0.09232240919196531,25.794666,10.222519,2013
23226,r4i1p1f1,2013,08,04,0.5080043217856663,26.780558,10.422531,2013
23227,r4i1p1f1,2013,08,05,0.03295555407638615,26.601603,11.476577,2013
23228,r4i1p1f1,2013,08,06,0.03496869035250596,26.519857,10.397563,2013
23229,r4i1p1f1,2013,08,07,0.08253868643525773,26.000708,10.597548,2013
23230,r4i1p1f1,2013,08,08,0.25998010164852636,24.078646,9.679306,2013
23231,r4i1p1f1,2013,08,09,0.0,23.370771,7.755304,2013
23232,r4i1p1f1,2013,08,10,0.0,25.208584,8.861675,2013
23233,r4i1p1f1,2013,08,11,0.0,25.651758,10.813998,2013
23234,r4i1p1f1,2013,08,12,0.0,25.29843,10.037568,2013
23235,r4i1p1f1,2013,08,13,0.0,26.081078,9.505425,2013
23236,r4i1p1f1,2013,08,14,0.0,26.908516,10.241621,2013
23237,r4i1p1f1,2013,08,15,0.05865672242941495,26.433287,11.025766,2013
23238,r4i1p1f1,2013,08,16,0.0,25.215961,10.34024,2013
23239,r4i1p1f1,2013,08,17,0.019801154651582175,25.638618,10.341414,2013
23240,r4i1p1f1,2013,08,18,1.276535188475159,27.735558,11.292288,2013
23241,r4i1p1f1,2013,08,19,0.0,24.76163,10.079064,2013
23242,r4i1p1f1,2013,08,20,0.0596241735575649,20.325657,4.8314447,2013
23243,r4i1p1f1,2013,08,21,5.0772941196958925,11.17486,5.431867,2013
23244,r4i1p1f1,2013,08,22,8.12374229187558,11.069715,0.29419255,2013
23245,r4i1p1f1,2013,08,23,4.884130652774059,12.710014,0.47634763,2013
23246,r4i1p1f1,2013,08,24,0.0,19.883692,2.797097,2013
23247,r4i1p1f1,2013,08,25,0.0,23.459099,6.4836392,2013
23248,r4i1p1f1,2013,08,26,0.0,23.812975,8.595335,2013
23249,r4i1p1f1,2013,08,27,0.0,24.86762,10.29251,2013
23250,r4i1p1f1,2013,08,28,0.0,24.950224,9.894234,2013
23251,r4i1p1f1,2013,08,29,0.0,24.531643,9.183908,2013
23252,r4i1p1f1,2013,08,30,0.0,24.00639,9.75397,2013
23253,r4i1p1f1,2013,08,31,0.0,24.591253,8.119194,2013
23254,r4i1p1f1,2013,09,01,0.0,24.993279,9.529445,2013
23255,r4i1p1f1,2013,09,02,0.0,24.442833,10.767433,2013
23256,r4i1p1f1,2013,09,03,0.0,22.795017,6.90368,2013
23257,r4i1p1f1,2013,09,04,0.0,22.382414,7.3160744,2013
23258,r4i1p1f1,2013,09,05,0.0,22.897974,7.117493,2013
23259,r4i1p1f1,2013,09,06,0.0,24.942974,7.6768126,2013
23260,r4i1p1f1,2013,09,07,0.0,24.01804,8.338674,2013
23261,r4i1p1f1,2013,09,08,0.0,22.795004,6.662898,2013
23262,r4i1p1f1,2013,09,09,0.0,21.102634,5.349328,2013
23263,r4i1p1f1,2013,09,10,0.0,22.711378,6.490521,2013
23264,r4i1p1f1,2013,09,11,0.0,23.707102,7.68344,2013
23265,r4i1p1f1,2013,09,12,0.0,26.138844,8.411281,2013
23266,r4i1p1f1,2013,09,13,0.0,26.172009,9.935119,2013
23267,r4i1p1f1,2013,09,14,0.0,26.020067,11.178169,2013
23268,r4i1p1f1,2013,09,15,0.0,23.869585,8.959162,2013
23269,r4i1p1f1,2013,09,16,0.0,22.717283,6.7851815,2013
23270,r4i1p1f1,2013,09,17,0.0,19.19569,4.933123,2013
23271,r4i1p1f1,2013,09,18,0.0,13.429604,-1.9820946,2013
23272,r4i1p1f1,2013,09,19,0.0,10.337469,-2.8166475,2013
23273,r4i1p1f1,2013,09,20,0.0,12.936734,-3.711963,2013
23274,r4i1p1f1,2013,09,21,0.0,17.647465,0.37098742,2013
23275,r4i1p1f1,2013,09,22,0.0,22.25653,3.9225042,2013
23276,r4i1p1f1,2013,09,23,0.0,23.17369,7.2605305,2013
23277,r4i1p1f1,2013,09,24,0.0,21.129591,6.780385,2013
23278,r4i1p1f1,2013,09,25,0.0,18.724312,3.5116487,2013
23279,r4i1p1f1,2013,09,26,0.0,18.933413,1.7036135,2013
23280,r4i1p1f1,2013,09,27,0.0,19.056429,4.85405,2013
23281,r4i1p1f1,2013,09,28,0.0,17.437872,4.7506485,2013
23282,r4i1p1f1,2013,09,29,0.0,13.415495,0.39020452,2013
23283,r4i1p1f1,2013,09,30,0.021586190417015975,13.486329,0.38060606,2013
23284,r4i1p1f1,2013,10,01,0.5137186723946978,16.419136,1.5832618,2013
23285,r4i1p1f1,2013,10,02,2.5144002208678073,14.218869,-0.36347574,2013
23286,r4i1p1f1,2013,10,03,0.2064386736669412,16.019781,-0.21863836,2013
23287,r4i1p1f1,2013,10,04,1.9804535037456017,14.963797,1.0961956,2013
23288,r4i1p1f1,2013,10,05,7.687541485807018,13.794462,4.1114964,2013
23289,r4i1p1f1,2013,10,06,0.8276411124973397,15.880604,0.1420877,2013
23290,r4i1p1f1,2013,10,07,0.13682861475512856,13.447111,0.17175362,2013
23291,r4i1p1f1,2013,10,08,0.026838393555058595,12.797058,1.9122759,2013
23292,r4i1p1f1,2013,10,09,0.0,14.414285,0.12679315,2013
23293,r4i1p1f1,2013,10,10,0.0,17.408201,1.58262,2013
23294,r4i1p1f1,2013,10,11,0.0,18.62225,7.7196164,2013
23295,r4i1p1f1,2013,10,12,1.5020636150438804,22.093023,8.296824,2013
23296,r4i1p1f1,2013,10,13,0.0,23.487696,5.9048195,2013
23297,r4i1p1f1,2013,10,14,0.0,23.00384,7.998107,2013
23298,r4i1p1f1,2013,10,15,0.0,23.182251,7.276588,2013
23299,r4i1p1f1,2013,10,16,0.0,23.113356,8.058442,2013
23300,r4i1p1f1,2013,10,17,0.0,21.160692,8.894248,2013
23301,r4i1p1f1,2013,10,18,0.0,16.089062,1.939499,2013
23302,r4i1p1f1,2013,10,19,0.0,15.958336,0.23776245,2013
23303,r4i1p1f1,2013,10,20,0.0,16.49091,0.43294564,2013
23304,r4i1p1f1,2013,10,21,0.11080354983179316,15.020494,3.625758,2013
23305,r4i1p1f1,2013,10,22,0.0,13.0925,-1.8791484,2013
23306,r4i1p1f1,2013,10,23,0.0,13.386009,-1.2217414,2013
23307,r4i1p1f1,2013,10,24,0.0,13.163409,0.621472,2013
23308,r4i1p1f1,2013,10,25,0.0,12.149776,-2.6700995,2013
23309,r4i1p1f1,2013,10,26,0.0,12.449514,-3.674292,2013
23310,r4i1p1f1,2013,10,27,0.004506463156507363,11.488744,-2.5841725,2013
23311,r4i1p1f1,2013,10,28,1.1862933234702697,8.319796,-1.3870745,2013
23312,r4i1p1f1,2013,10,29,0.5593380372300591,3.2782857,-7.9915943,2013
23313,r4i1p1f1,2013,10,30,0.0,3.325659,-9.940527,2013
23314,r4i1p1f1,2013,10,31,0.0,4.678006,-9.698879,2013
23315,r4i1p1f1,2013,11,01,0.0,7.0741415,-6.915165,2013
23316,r4i1p1f1,2013,11,02,3.1098671549357255,6.438769,-4.4526224,2013
23317,r4i1p1f1,2013,11,03,6.37032710212916,0.22703925,-8.716133,2013
23318,r4i1p1f1,2013,11,04,0.0,-1.8044474,-14.885331,2013
23319,r4i1p1f1,2013,11,05,0.0,3.8495305,-12.313583,2013
23320,r4i1p1f1,2013,11,06,1.5548748195058628,4.8034854,-4.624439,2013
23321,r4i1p1f1,2013,11,07,13.680088522262468,9.570694,0.2555863,2013
23322,r4i1p1f1,2013,11,08,76.70438428771813,7.7481422,0.89584845,2013
23323,r4i1p1f1,2013,11,09,3.893407040819651,4.8823586,-9.947173,2013
23324,r4i1p1f1,2013,11,10,0.0,5.5911655,-6.7555223,2013
23325,r4i1p1f1,2013,11,11,0.0,9.305536,-6.08944,2013
23326,r4i1p1f1,2013,11,12,0.0,10.865735,-5.045808,2013
23327,r4i1p1f1,2013,11,13,0.0,13.3697405,-2.3218517,2013
23328,r4i1p1f1,2013,11,14,0.17670318392122258,14.725042,1.9733685,2013
23329,r4i1p1f1,2013,11,15,23.900234015770174,15.0900345,5.076818,2013
23330,r4i1p1f1,2013,11,16,0.0,8.947734,-3.8924525,2013
23331,r4i1p1f1,2013,11,17,0.0,9.066071,-4.804586,2013
23332,r4i1p1f1,2013,11,18,0.0,11.2465105,-2.1373804,2013
23333,r4i1p1f1,2013,11,19,0.0,9.8210745,-1.5260484,2013
23334,r4i1p1f1,2013,11,20,7.41107797031412e-05,5.7008104,-3.3838785,2013
23335,r4i1p1f1,2013,11,21,2.3961478993244607,6.4774904,-2.4151216,2013
23336,r4i1p1f1,2013,11,22,24.123894359863247,6.135632,-1.7851473,2013
23337,r4i1p1f1,2013,11,23,8.042439924209585,3.668478,-8.582887,2013
23338,r4i1p1f1,2013,11,24,0.0,5.357756,-11.946859,2013
23339,r4i1p1f1,2013,11,25,5.454559358612769,5.5718794,-5.901772,2013
23340,r4i1p1f1,2013,11,26,14.011353913671442,5.736053,-1.9195861,2013
23341,r4i1p1f1,2013,11,27,35.80429151588925,5.212427,-1.9837584,2013
23342,r4i1p1f1,2013,11,28,0.0057798014227848716,5.7240515,-8.921056,2013
23343,r4i1p1f1,2013,11,29,0.0,6.423811,-7.765761,2013
23344,r4i1p1f1,2013,11,30,0.0,6.039135,-5.304059,2013
23345,r4i1p1f1,2013,12,01,0.0,7.0547824,-5.9518824,2013
23346,r4i1p1f1,2013,12,02,0.0,8.711863,-5.61143,2013
23347,r4i1p1f1,2013,12,03,0.0,10.15703,-5.7785273,2013
23348,r4i1p1f1,2013,12,04,0.0,11.092228,-3.4664545,2013
23349,r4i1p1f1,2013,12,05,3.404794717932842,10.607235,-2.6148212,2013
23350,r4i1p1f1,2013,12,06,62.86039705202826,8.368132,1.9941784,2013
23351,r4i1p1f1,2013,12,07,29.43371925713722,7.596614,-0.4079174,2013
23352,r4i1p1f1,2013,12,08,0.7334086147033082,6.659231,-1.7117032,2013
23353,r4i1p1f1,2013,12,09,0.0,10.067737,-4.144584,2013
23354,r4i1p1f1,2013,12,10,0.0,9.932597,-3.9097548,2013
23355,r4i1p1f1,2013,12,11,0.0,9.089327,-2.4389715,2013
23356,r4i1p1f1,2013,12,12,0.0,9.936045,-2.9664903,2013
23357,r4i1p1f1,2013,12,13,0.0,11.476822,-0.36706254,2013
23358,r4i1p1f1,2013,12,14,0.0,14.730662,0.68038625,2013
23359,r4i1p1f1,2013,12,15,0.0,15.057038,0.5738355,2013
23360,r4i1p1f1,2013,12,16,0.0,13.724653,0.41583493,2013
23361,r4i1p1f1,2013,12,17,0.0,12.047915,-0.6750498,2013
23362,r4i1p1f1,2013,12,18,0.0,9.06416,-3.3154485,2013
23363,r4i1p1f1,2013,12,19,0.0,8.2400465,-3.9826655,2013
23364,r4i1p1f1,2013,12,20,11.116492074684606,2.8655202,-4.838624,2013
23365,r4i1p1f1,2013,12,21,46.60546864041578,-0.85695416,-9.027951,2013
23366,r4i1p1f1,2013,12,22,5.365596388522164,-0.29873636,-9.278513,2013
23367,r4i1p1f1,2013,12,23,2.915868654007151,4.5230618,-5.0944657,2013
23368,r4i1p1f1,2013,12,24,0.0,6.2278357,-8.233105,2013
23369,r4i1p1f1,2013,12,25,0.0,5.114181,-7.933803,2013
23370,r4i1p1f1,2013,12,26,0.0,8.217089,-4.317441,2013
23371,r4i1p1f1,2013,12,27,0.8222712671645096,7.9876018,-3.9151688,2013
23372,r4i1p1f1,2013,12,28,7.974286220914566,8.961167,1.7388008,2013
23373,r4i1p1f1,2013,12,29,0.0,10.668352,0.24237978,2013
23374,r4i1p1f1,2013,12,30,0.0,11.731179,1.3304626,2013
23375,r4i1p1f1,2013,12,31,0.0,12.064267,0.12618984,2013
23376,r4i1p1f1,2014,01,01,0.0,13.277132,-2.1313314,2014
23377,r4i1p1f1,2014,01,02,0.0,14.272106,-1.1218313,2014
23378,r4i1p1f1,2014,01,03,0.0,14.894971,0.006646204,2014
23379,r4i1p1f1,2014,01,04,0.6716915827567954,12.105623,2.3326893,2014
23380,r4i1p1f1,2014,01,05,5.261806479357056,5.513535,-5.483339,2014
23381,r4i1p1f1,2014,01,06,5.166291052094851,4.42453,-3.9170833,2014
23382,r4i1p1f1,2014,01,07,30.44740616689474,4.129023,-1.2654488,2014
23383,r4i1p1f1,2014,01,08,0.0,8.288279,-5.081756,2014
23384,r4i1p1f1,2014,01,09,0.33047241975270986,10.658596,-2.301902,2014
23385,r4i1p1f1,2014,01,10,14.875353770952133,6.915064,-1.0855439,2014
23386,r4i1p1f1,2014,01,11,0.0,6.5186443,-6.014066,2014
23387,r4i1p1f1,2014,01,12,0.0,8.735462,-6.008997,2014
23388,r4i1p1f1,2014,01,13,0.0,10.660213,-2.575704,2014
23389,r4i1p1f1,2014,01,14,0.0,9.926691,-3.3622472,2014
23390,r4i1p1f1,2014,01,15,0.0,9.181768,-3.6192987,2014
23391,r4i1p1f1,2014,01,16,0.11859410785303748,5.770857,-4.541616,2014
23392,r4i1p1f1,2014,01,17,2.887988572812358,2.1427007,-4.2441306,2014
23393,r4i1p1f1,2014,01,18,0.0,7.660546,-4.5204844,2014
23394,r4i1p1f1,2014,01,19,0.0,13.94455,-1.5462835,2014
23395,r4i1p1f1,2014,01,20,0.0,14.838162,1.3434253,2014
23396,r4i1p1f1,2014,01,21,0.03565443148710069,13.175009,1.9373491,2014
23397,r4i1p1f1,2014,01,22,2.507800853898648,8.5919895,0.44126007,2014
23398,r4i1p1f1,2014,01,23,0.0,10.447766,-3.1552541,2014
23399,r4i1p1f1,2014,01,24,77.76979725034613,7.4073358,-0.34782514,2014
23400,r4i1p1f1,2014,01,25,22.758196364420286,4.28873,-6.187047,2014
23401,r4i1p1f1,2014,01,26,0.11837111110891199,4.3674345,-9.016925,2014
23402,r4i1p1f1,2014,01,27,6.726203897749129,2.667671,-6.2252026,2014
23403,r4i1p1f1,2014,01,28,0.0,6.5344725,-5.4068155,2014
23404,r4i1p1f1,2014,01,29,0.0,9.18928,-3.3753598,2014
23405,r4i1p1f1,2014,01,30,15.682187130792189,4.056844,-1.6077816,2014
23406,r4i1p1f1,2014,01,31,2.4343160440905884,2.8471525,-7.53517,2014
23407,r4i1p1f1,2014,02,01,0.0,3.7292514,-9.415602,2014
23408,r4i1p1f1,2014,02,02,0.0,4.8782935,-9.771214,2014
23409,r4i1p1f1,2014,02,03,0.0,4.762646,-8.80818,2014
23410,r4i1p1f1,2014,02,04,0.0,6.2745676,-5.0325413,2014
23411,r4i1p1f1,2014,02,05,0.0,8.751632,-5.729102,2014
23412,r4i1p1f1,2014,02,06,0.0,9.217696,-5.4965158,2014
23413,r4i1p1f1,2014,02,07,0.0,7.213517,-2.58149,2014
23414,r4i1p1f1,2014,02,08,0.0,9.371703,-4.4146714,2014
23415,r4i1p1f1,2014,02,09,0.0,11.008006,-3.3541574,2014
23416,r4i1p1f1,2014,02,10,0.0,12.484808,-0.87217575,2014
23417,r4i1p1f1,2014,02,11,0.0,13.657757,-1.3117571,2014
23418,r4i1p1f1,2014,02,12,0.0,12.900797,1.280132,2014
23419,r4i1p1f1,2014,02,13,0.0,11.95157,0.38081422,2014
23420,r4i1p1f1,2014,02,14,0.0,13.572647,0.24638042,2014
23421,r4i1p1f1,2014,02,15,0.0,13.913018,1.221185,2014
23422,r4i1p1f1,2014,02,16,8.65721005183377,9.60635,-0.54622376,2014
23423,r4i1p1f1,2014,02,17,0.0,8.887297,-2.2187307,2014
23424,r4i1p1f1,2014,02,18,0.0,7.7696834,-5.7286344,2014
23425,r4i1p1f1,2014,02,19,8.771645714421135,4.901766,-3.6250854,2014
23426,r4i1p1f1,2014,02,20,0.0,8.830363,-7.6373982,2014
23427,r4i1p1f1,2014,02,21,0.22775456695174756,7.686828,-2.7582664,2014
23428,r4i1p1f1,2014,02,22,20.353618679369053,2.2225845,-8.149462,2014
23429,r4i1p1f1,2014,02,23,0.0,6.175357,-6.382355,2014
23430,r4i1p1f1,2014,02,24,0.0,10.330943,-2.8069134,2014
23431,r4i1p1f1,2014,02,25,0.0,10.296369,-3.4260824,2014
23432,r4i1p1f1,2014,02,26,0.0,13.689486,-1.1562294,2014
23433,r4i1p1f1,2014,02,27,0.0,13.693954,0.080538444,2014
23434,r4i1p1f1,2014,02,28,1.3001537862972048,11.401166,0.7767723,2014
23435,r4i1p1f1,2014,03,01,38.96389379765527,2.7807827,-4.4840574,2014
23436,r4i1p1f1,2014,03,02,6.615567253308708,2.479574,-12.892208,2014
23437,r4i1p1f1,2014,03,03,1.497528478062719,5.5422406,-6.3377833,2014
23438,r4i1p1f1,2014,03,04,0.0,10.13041,-4.5289135,2014
23439,r4i1p1f1,2014,03,05,22.283251563348383,5.6686172,-3.2082646,2014
23440,r4i1p1f1,2014,03,06,16.424509101047928,1.1307476,-10.189577,2014
23441,r4i1p1f1,2014,03,07,4.756377089737174,-2.6680262,-10.900111,2014
23442,r4i1p1f1,2014,03,08,0.0,1.4681233,-12.296377,2014
23443,r4i1p1f1,2014,03,09,0.29607164224504906,0.82982,-13.904312,2014
23444,r4i1p1f1,2014,03,10,0.0,6.357865,-10.271461,2014
23445,r4i1p1f1,2014,03,11,0.0,10.878928,-3.019198,2014
23446,r4i1p1f1,2014,03,12,12.747166500341493,8.339096,-4.940433,2014
23447,r4i1p1f1,2014,03,13,60.636856364153694,2.703798,-3.442793,2014
23448,r4i1p1f1,2014,03,14,20.32356761581353,1.3023973,-4.356042,2014
23449,r4i1p1f1,2014,03,15,43.87240950334227,0.6177956,-7.0211563,2014
23450,r4i1p1f1,2014,03,16,0.0,8.373585,-9.413576,2014
23451,r4i1p1f1,2014,03,17,22.638213551736,4.904287,-2.3640013,2014
23452,r4i1p1f1,2014,03,18,67.24777664226475,5.3109384,-1.4442594,2014
23453,r4i1p1f1,2014,03,19,7.848131983982514,6.318257,-2.7194245,2014
23454,r4i1p1f1,2014,03,20,0.0,9.372648,-4.208666,2014
23455,r4i1p1f1,2014,03,21,0.0,12.265805,-5.2073455,2014
23456,r4i1p1f1,2014,03,22,52.07811695949187,7.23974,-3.1044846,2014
23457,r4i1p1f1,2014,03,23,14.148696791209446,1.5629505,-5.50851,2014
23458,r4i1p1f1,2014,03,24,14.545386093716049,0.06927953,-10.096387,2014
23459,r4i1p1f1,2014,03,25,4.7507039868186975,-0.8770746,-11.863237,2014
23460,r4i1p1f1,2014,03,26,3.6214713046789107,0.27450064,-9.506885,2014
23461,r4i1p1f1,2014,03,27,3.8552928015016064,2.5037653,-6.5431166,2014
23462,r4i1p1f1,2014,03,28,0.0,8.43123,-5.9733887,2014
23463,r4i1p1f1,2014,03,29,0.0,8.846664,-3.1598086,2014
23464,r4i1p1f1,2014,03,30,0.0,10.412465,-4.3395457,2014
23465,r4i1p1f1,2014,03,31,0.0,11.893347,-3.530039,2014
23466,r4i1p1f1,2014,04,01,0.0,12.213442,-3.3056986,2014
23467,r4i1p1f1,2014,04,02,8.173668623368027,5.902212,-1.2678325,2014
23468,r4i1p1f1,2014,04,03,25.124509374577368,0.17453425,-6.1270194,2014
23469,r4i1p1f1,2014,04,04,0.0,6.918634,-6.0679297,2014
23470,r4i1p1f1,2014,04,05,0.0,12.323631,-1.7431746,2014
23471,r4i1p1f1,2014,04,06,0.0,15.797669,-0.73165256,2014
23472,r4i1p1f1,2014,04,07,0.0,18.141722,3.111016,2014
23473,r4i1p1f1,2014,04,08,0.936446237822018,14.842041,4.6065035,2014
23474,r4i1p1f1,2014,04,09,26.407545001237608,9.143894,2.9791572,2014
23475,r4i1p1f1,2014,04,10,28.08236266661233,7.2405176,-2.1832032,2014
23476,r4i1p1f1,2014,04,11,0.38812926386238594,8.223378,-5.6764655,2014
23477,r4i1p1f1,2014,04,12,0.3146446344157685,2.6033306,-9.38884,2014
23478,r4i1p1f1,2014,04,13,9.737955528346724,1.9910434,-7.251576,2014
23479,r4i1p1f1,2014,04,14,0.0030808035192491775,6.7590427,-7.756895,2014
23480,r4i1p1f1,2014,04,15,0.906943967192919,2.8210113,-4.6791024,2014
23481,r4i1p1f1,2014,04,16,5.320345641549914,4.9186482,-3.5559049,2014
23482,r4i1p1f1,2014,04,17,0.0,10.620326,-3.6165576,2014
23483,r4i1p1f1,2014,04,18,10.135778263753819,6.096105,-4.178492,2014
23484,r4i1p1f1,2014,04,19,0.32888838380242463,4.1748915,-9.093594,2014
23485,r4i1p1f1,2014,04,20,0.0,7.619299,-6.395203,2014
23486,r4i1p1f1,2014,04,21,9.422257633513546,2.8041975,-6.154493,2014
23487,r4i1p1f1,2014,04,22,0.9043888080779808,2.9712875,-8.211429,2014
23488,r4i1p1f1,2014,04,23,0.0,7.384827,-7.2778397,2014
23489,r4i1p1f1,2014,04,24,0.0,7.8290844,-4.671925,2014
23490,r4i1p1f1,2014,04,25,0.0,8.308975,-5.177473,2014
23491,r4i1p1f1,2014,04,26,0.006500423784611106,8.480198,-5.7415724,2014
23492,r4i1p1f1,2014,04,27,0.9811334259581818,5.4082227,-2.607765,2014
23493,r4i1p1f1,2014,04,28,12.414986714113628,-0.9301589,-8.449511,2014
23494,r4i1p1f1,2014,04,29,0.0,8.028398,-7.083455,2014
23495,r4i1p1f1,2014,04,30,0.0,12.784167,-3.3747942,2014
23496,r4i1p1f1,2014,05,01,0.0,14.090697,-0.92455804,2014
23497,r4i1p1f1,2014,05,02,0.0,13.461969,-0.3877652,2014
23498,r4i1p1f1,2014,05,03,0.0,12.84908,-0.89968485,2014
23499,r4i1p1f1,2014,05,04,0.0,16.103756,1.2431712,2014
23500,r4i1p1f1,2014,05,05,0.0,18.609808,3.2721806,2014
23501,r4i1p1f1,2014,05,06,0.0,19.950298,4.5248513,2014
23502,r4i1p1f1,2014,05,07,0.0,20.354824,4.491619,2014
23503,r4i1p1f1,2014,05,08,0.0,19.659407,5.4108686,2014
23504,r4i1p1f1,2014,05,09,0.2274007868728647,18.378271,4.2436514,2014
23505,r4i1p1f1,2014,05,10,0.0,15.507906,3.4925246,2014
23506,r4i1p1f1,2014,05,11,16.674071984687963,9.8815975,-2.0410693,2014
23507,r4i1p1f1,2014,05,12,0.0,11.325853,-2.540073,2014
23508,r4i1p1f1,2014,05,13,0.0,11.956464,-1.138334,2014
23509,r4i1p1f1,2014,05,14,0.0,13.207661,-0.55127144,2014
23510,r4i1p1f1,2014,05,15,0.0,14.013806,0.73312855,2014
23511,r4i1p1f1,2014,05,16,0.0,13.626543,0.4810166,2014
23512,r4i1p1f1,2014,05,17,0.01767000701307157,9.623223,-3.8940465,2014
23513,r4i1p1f1,2014,05,18,0.38910596773694206,3.9027164,-8.840766,2014
23514,r4i1p1f1,2014,05,19,0.37891462341091087,6.012138,-8.57713,2014
23515,r4i1p1f1,2014,05,20,0.0,9.935847,-3.418088,2014
23516,r4i1p1f1,2014,05,21,0.0,15.318847,-1.0403295,2014
23517,r4i1p1f1,2014,05,22,0.0,15.617767,2.4265165,2014
23518,r4i1p1f1,2014,05,23,0.0,17.719599,1.3824517,2014
23519,r4i1p1f1,2014,05,24,0.0,16.781616,2.8942301,2014
23520,r4i1p1f1,2014,05,25,0.0,16.59657,2.0129275,2014
23521,r4i1p1f1,2014,05,26,0.0,21.194584,5.965681,2014
23522,r4i1p1f1,2014,05,27,0.0,24.472757,8.223992,2014
23523,r4i1p1f1,2014,05,28,0.0,26.354761,10.479381,2014
23524,r4i1p1f1,2014,05,29,0.0,25.628366,11.392299,2014
23525,r4i1p1f1,2014,05,30,0.0,24.627443,9.934121,2014
23526,r4i1p1f1,2014,05,31,0.0,23.839258,9.597475,2014
23527,r4i1p1f1,2014,06,01,5.230196984053502,24.120935,10.093306,2014
23528,r4i1p1f1,2014,06,02,3.6537301518072796,25.129559,11.047509,2014
23529,r4i1p1f1,2014,06,03,1.879947773603533,23.749245,8.417987,2014
23530,r4i1p1f1,2014,06,04,0.0,22.69912,7.744855,2014
23531,r4i1p1f1,2014,06,05,0.0,22.374014,6.240933,2014
23532,r4i1p1f1,2014,06,06,0.11673678692859045,20.633228,6.435822,2014
23533,r4i1p1f1,2014,06,07,0.3453227676355993,15.916853,2.6319768,2014
23534,r4i1p1f1,2014,06,08,2.0962880057616187,13.376807,-0.29403555,2014
23535,r4i1p1f1,2014,06,09,0.17761917048094666,15.52454,1.4011858,2014
23536,r4i1p1f1,2014,06,10,1.2543485961974692,13.853357,-1.1083424,2014
23537,r4i1p1f1,2014,06,11,0.0770130327732062,14.081029,2.9152794,2014
23538,r4i1p1f1,2014,06,12,0.0,18.165314,1.8937231,2014
23539,r4i1p1f1,2014,06,13,0.0,22.439941,5.8187923,2014
23540,r4i1p1f1,2014,06,14,0.0,24.298422,8.724515,2014
23541,r4i1p1f1,2014,06,15,0.0,24.557217,10.040711,2014
23542,r4i1p1f1,2014,06,16,0.0,24.586329,8.630356,2014
23543,r4i1p1f1,2014,06,17,0.0,22.483103,8.4882555,2014
23544,r4i1p1f1,2014,06,18,0.0,19.688906,6.2532444,2014
23545,r4i1p1f1,2014,06,19,0.0,19.643518,4.7606397,2014
23546,r4i1p1f1,2014,06,20,0.0,18.46191,4.9450345,2014
23547,r4i1p1f1,2014,06,21,1.3984184470023735,15.472307,3.2870135,2014
23548,r4i1p1f1,2014,06,22,0.0028875446345022885,16.78943,3.8094742,2014
23549,r4i1p1f1,2014,06,23,0.16809200694144766,18.651936,4.668701,2014
23550,r4i1p1f1,2014,06,24,0.0773240057661986,21.42348,6.545153,2014
23551,r4i1p1f1,2014,06,25,0.0,22.687658,7.5678654,2014
23552,r4i1p1f1,2014,06,26,0.0,24.263245,9.543904,2014
23553,r4i1p1f1,2014,06,27,0.0,25.665592,10.398352,2014
23554,r4i1p1f1,2014,06,28,0.0,23.841564,8.894744,2014
23555,r4i1p1f1,2014,06,29,0.0,21.745064,7.7276363,2014
23556,r4i1p1f1,2014,06,30,0.0,18.828333,4.425139,2014
23557,r4i1p1f1,2014,07,01,0.0,17.880903,3.3792267,2014
23558,r4i1p1f1,2014,07,02,0.0,18.115627,3.6096697,2014
23559,r4i1p1f1,2014,07,03,0.0,18.296007,4.742149,2014
23560,r4i1p1f1,2014,07,04,0.0,20.804285,5.9476805,2014
23561,r4i1p1f1,2014,07,05,0.0,22.794573,6.5348625,2014
23562,r4i1p1f1,2014,07,06,0.0,22.707268,7.528304,2014
23563,r4i1p1f1,2014,07,07,0.0,21.368605,6.669876,2014
23564,r4i1p1f1,2014,07,08,0.0,19.643013,5.346296,2014
23565,r4i1p1f1,2014,07,09,0.0,18.296848,4.4162455,2014
23566,r4i1p1f1,2014,07,10,0.0,18.821314,4.3364754,2014
23567,r4i1p1f1,2014,07,11,0.0,22.75103,6.1624517,2014
23568,r4i1p1f1,2014,07,12,0.0,24.381641,8.071372,2014
23569,r4i1p1f1,2014,07,13,0.0,24.490133,8.942491,2014
23570,r4i1p1f1,2014,07,14,0.0,25.578106,9.037439,2014
23571,r4i1p1f1,2014,07,15,0.0,25.988214,9.474852,2014
23572,r4i1p1f1,2014,07,16,0.0,24.975798,11.098979,2014
23573,r4i1p1f1,2014,07,17,0.0,23.883253,8.678022,2014
23574,r4i1p1f1,2014,07,18,0.0,23.421343,9.583202,2014
23575,r4i1p1f1,2014,07,19,0.0,24.553686,8.002214,2014
23576,r4i1p1f1,2014,07,20,0.0,24.081638,9.387472,2014
23577,r4i1p1f1,2014,07,21,0.007476252519496089,23.52739,9.456512,2014
23578,r4i1p1f1,2014,07,22,0.0,25.28265,10.141164,2014
23579,r4i1p1f1,2014,07,23,0.0,27.0341,11.1026945,2014
23580,r4i1p1f1,2014,07,24,0.0,29.521912,12.551028,2014
23581,r4i1p1f1,2014,07,25,0.0,31.90723,14.730345,2014
23582,r4i1p1f1,2014,07,26,0.3975418788636139,31.76317,15.031118,2014
23583,r4i1p1f1,2014,07,27,0.450326799178929,29.864475,15.438905,2014
23584,r4i1p1f1,2014,07,28,0.0,27.737509,14.731767,2014
23585,r4i1p1f1,2014,07,29,0.0,26.223518,11.575797,2014
23586,r4i1p1f1,2014,07,30,0.1485903269742793,24.665155,11.24615,2014
23587,r4i1p1f1,2014,07,31,0.05113602970406514,23.737007,10.017046,2014
23588,r4i1p1f1,2014,08,01,0.0,25.359653,9.483462,2014
23589,r4i1p1f1,2014,08,02,0.0,27.709755,10.938977,2014
23590,r4i1p1f1,2014,08,03,0.0,28.132969,12.2573,2014
23591,r4i1p1f1,2014,08,04,0.20623578522349098,27.357084,13.839574,2014
23592,r4i1p1f1,2014,08,05,2.4694795610234475,28.07212,12.702378,2014
23593,r4i1p1f1,2014,08,06,9.02234244968644,27.796698,13.266666,2014
23594,r4i1p1f1,2014,08,07,1.2806085313635307,27.74519,12.585414,2014
23595,r4i1p1f1,2014,08,08,1.6193331054904883,27.478336,12.5111065,2014
23596,r4i1p1f1,2014,08,09,5.72616753953047,24.244028,13.903904,2014
23597,r4i1p1f1,2014,08,10,4.544077434737045,21.9239,10.793539,2014
23598,r4i1p1f1,2014,08,11,0.3057985064795223,18.924557,6.7356234,2014
23599,r4i1p1f1,2014,08,12,0.0,18.404797,4.3929353,2014
23600,r4i1p1f1,2014,08,13,0.0,18.423832,3.3007371,2014
23601,r4i1p1f1,2014,08,14,0.0,20.250057,4.8457937,2014
23602,r4i1p1f1,2014,08,15,0.0,22.08433,6.3774076,2014
23603,r4i1p1f1,2014,08,16,0.0,22.319973,6.959434,2014
23604,r4i1p1f1,2014,08,17,0.0,21.272419,6.422516,2014
23605,r4i1p1f1,2014,08,18,0.0,20.82919,5.2850556,2014
23606,r4i1p1f1,2014,08,19,0.0,21.37811,5.4798026,2014
23607,r4i1p1f1,2014,08,20,0.0,21.559399,5.4413147,2014
23608,r4i1p1f1,2014,08,21,0.0,23.799932,6.5962224,2014
23609,r4i1p1f1,2014,08,22,0.0,25.05576,8.061595,2014
23610,r4i1p1f1,2014,08,23,0.0,26.060661,9.248401,2014
23611,r4i1p1f1,2014,08,24,0.0,25.351017,9.001624,2014
23612,r4i1p1f1,2014,08,25,0.0,25.034782,8.191729,2014
23613,r4i1p1f1,2014,08,26,0.0,26.228926,9.245387,2014
23614,r4i1p1f1,2014,08,27,0.0,27.76507,9.452084,2014
23615,r4i1p1f1,2014,08,28,0.008131672042328232,27.028246,12.138069,2014
23616,r4i1p1f1,2014,08,29,0.0,24.43903,12.628394,2014
23617,r4i1p1f1,2014,08,30,0.28083040787231567,24.49283,9.902586,2014
23618,r4i1p1f1,2014,08,31,0.0,23.243776,8.205786,2014
23619,r4i1p1f1,2014,09,01,0.0,22.551783,7.63763,2014
23620,r4i1p1f1,2014,09,02,0.0,24.58002,8.055734,2014
23621,r4i1p1f1,2014,09,03,0.0,26.227285,9.735092,2014
23622,r4i1p1f1,2014,09,04,0.0,26.721348,10.278348,2014
23623,r4i1p1f1,2014,09,05,0.0,25.32766,9.629687,2014
23624,r4i1p1f1,2014,09,06,0.0,24.253147,9.528446,2014
23625,r4i1p1f1,2014,09,07,0.0,23.71141,7.884638,2014
23626,r4i1p1f1,2014,09,08,0.0,22.881266,6.9437294,2014
23627,r4i1p1f1,2014,09,09,2.1627778006219507,21.693554,8.343626,2014
23628,r4i1p1f1,2014,09,10,1.3449882975856777,18.770205,6.089741,2014
23629,r4i1p1f1,2014,09,11,0.2738261087438229,16.067528,4.0202527,2014
23630,r4i1p1f1,2014,09,12,0.006376935221250612,16.721174,3.6016438,2014
23631,r4i1p1f1,2014,09,13,0.33255259603889065,22.16639,6.509794,2014
23632,r4i1p1f1,2014,09,14,0.0,25.27354,8.496065,2014
23633,r4i1p1f1,2014,09,15,0.0,25.8835,9.3626175,2014
23634,r4i1p1f1,2014,09,16,0.0,25.331696,9.808342,2014
23635,r4i1p1f1,2014,09,17,0.0,25.062832,9.364183,2014
23636,r4i1p1f1,2014,09,18,0.04218301076833917,23.66603,9.877952,2014
23637,r4i1p1f1,2014,09,19,0.4379927467926705,22.25997,7.152083,2014
23638,r4i1p1f1,2014,09,20,0.07692931235211636,20.93898,6.027745,2014
23639,r4i1p1f1,2014,09,21,0.0,20.915468,6.4876595,2014
23640,r4i1p1f1,2014,09,22,0.0,23.953386,7.4984064,2014
23641,r4i1p1f1,2014,09,23,0.0,25.498716,8.624931,2014
23642,r4i1p1f1,2014,09,24,0.0,25.142025,8.452143,2014
23643,r4i1p1f1,2014,09,25,0.0,24.338722,9.561591,2014
23644,r4i1p1f1,2014,09,26,0.0,23.209776,7.728,2014
23645,r4i1p1f1,2014,09,27,0.0,21.867601,7.5986943,2014
23646,r4i1p1f1,2014,09,28,0.0,21.28966,5.114968,2014
23647,r4i1p1f1,2014,09,29,0.0,20.31575,5.8286457,2014
23648,r4i1p1f1,2014,09,30,0.0,17.178688,0.46937278,2014
23649,r4i1p1f1,2014,10,01,0.15042209846492513,11.910481,-0.6615951,2014
23650,r4i1p1f1,2014,10,02,0.2593033338734423,15.090082,0.85897714,2014
23651,r4i1p1f1,2014,10,03,12.317879981852803,17.093433,4.913193,2014
23652,r4i1p1f1,2014,10,04,0.0,11.759083,-2.5469677,2014
23653,r4i1p1f1,2014,10,05,0.0,11.643121,-1.4804679,2014
23654,r4i1p1f1,2014,10,06,0.0,11.471678,-1.2332098,2014
23655,r4i1p1f1,2014,10,07,0.0,10.886807,-2.794392,2014
23656,r4i1p1f1,2014,10,08,0.0,10.470375,-2.137937,2014
23657,r4i1p1f1,2014,10,09,0.0,13.122865,-4.968142,2014
23658,r4i1p1f1,2014,10,10,0.0,16.030453,-0.6745219,2014
23659,r4i1p1f1,2014,10,11,0.0,17.562078,2.003232,2014
23660,r4i1p1f1,2014,10,12,0.0,17.96474,1.9961548,2014
23661,r4i1p1f1,2014,10,13,0.0,19.85497,3.6324503,2014
23662,r4i1p1f1,2014,10,14,0.0,19.485355,4.189074,2014
23663,r4i1p1f1,2014,10,15,0.0,18.215784,4.4482665,2014
23664,r4i1p1f1,2014,10,16,0.0,17.134295,4.866528,2014
23665,r4i1p1f1,2014,10,17,0.0,17.646627,2.9974556,2014
23666,r4i1p1f1,2014,10,18,0.0,20.713549,4.0820007,2014
23667,r4i1p1f1,2014,10,19,0.0,22.064999,5.824593,2014
23668,r4i1p1f1,2014,10,20,0.0,20.772722,4.039422,2014
23669,r4i1p1f1,2014,10,21,0.0,20.070065,5.0639987,2014
23670,r4i1p1f1,2014,10,22,0.0,16.552938,4.3351817,2014
23671,r4i1p1f1,2014,10,23,0.0,11.989543,-2.2463684,2014
23672,r4i1p1f1,2014,10,24,0.014548899156275328,9.024556,-5.017028,2014
23673,r4i1p1f1,2014,10,25,4.45074082864139,7.520846,-5.4184813,2014
23674,r4i1p1f1,2014,10,26,2.887136069791074,7.972621,-4.7044044,2014
23675,r4i1p1f1,2014,10,27,0.02987824618232719,11.038743,-3.9764879,2014
23676,r4i1p1f1,2014,10,28,0.0,13.606268,-2.1069021,2014
23677,r4i1p1f1,2014,10,29,0.0,13.30079,-1.7533506,2014
23678,r4i1p1f1,2014,10,30,0.0,13.3336525,-0.21746813,2014
23679,r4i1p1f1,2014,10,31,0.0,13.699018,0.80075026,2014
23680,r4i1p1f1,2014,11,01,0.3856568557091217,13.906027,-0.44869643,2014
23681,r4i1p1f1,2014,11,02,0.0,15.664953,1.128439,2014
23682,r4i1p1f1,2014,11,03,0.0,17.973434,1.7813206,2014
23683,r4i1p1f1,2014,11,04,0.0,19.001131,2.7623773,2014
23684,r4i1p1f1,2014,11,05,0.0,18.140205,3.9138775,2014
23685,r4i1p1f1,2014,11,06,0.0,15.57648,2.4662476,2014
23686,r4i1p1f1,2014,11,07,0.0,13.203736,-0.8060605,2014
23687,r4i1p1f1,2014,11,08,0.0,13.401341,-1.6828249,2014
23688,r4i1p1f1,2014,11,09,0.0,12.409516,-0.332593,2014
23689,r4i1p1f1,2014,11,10,0.0,10.51519,-3.4915056,2014
23690,r4i1p1f1,2014,11,11,0.0,9.032978,-4.006694,2014
23691,r4i1p1f1,2014,11,12,0.0,8.46914,-3.984359,2014
23692,r4i1p1f1,2014,11,13,0.0,9.639527,-4.9561534,2014
23693,r4i1p1f1,2014,11,14,0.0,10.901763,-2.2665033,2014
23694,r4i1p1f1,2014,11,15,0.0,10.188664,-1.1824865,2014
23695,r4i1p1f1,2014,11,16,8.624265500427565,7.1354885,-2.7537897,2014
23696,r4i1p1f1,2014,11,17,0.0,9.546866,-6.577332,2014
23697,r4i1p1f1,2014,11,18,0.0,10.62346,-1.3563813,2014
23698,r4i1p1f1,2014,11,19,0.0,10.863751,-2.1155546,2014
23699,r4i1p1f1,2014,11,20,0.2464882802231269,10.171269,-0.56807685,2014
23700,r4i1p1f1,2014,11,21,0.37302974469228056,9.38277,-0.5507005,2014
23701,r4i1p1f1,2014,11,22,0.00633985774456713,9.301097,-5.3408093,2014
23702,r4i1p1f1,2014,11,23,0.0,9.742043,-3.54479,2014
23703,r4i1p1f1,2014,11,24,1.8361106137190002,9.540276,-0.101200774,2014
23704,r4i1p1f1,2014,11,25,0.0,8.44778,-5.567755,2014
23705,r4i1p1f1,2014,11,26,0.0,11.788827,-4.265149,2014
23706,r4i1p1f1,2014,11,27,8.825238457010697,8.698753,-1.4542452,2014
23707,r4i1p1f1,2014,11,28,64.60288970676415,1.6800493,-2.206759,2014
23708,r4i1p1f1,2014,11,29,2.5894045531540995,5.6713934,-8.776562,2014
23709,r4i1p1f1,2014,11,30,0.0,10.048862,-7.3022575,2014
23710,r4i1p1f1,2014,12,01,0.0,9.07618,-5.0880413,2014
23711,r4i1p1f1,2014,12,02,0.0,6.3506603,-5.1528416,2014
23712,r4i1p1f1,2014,12,03,6.869177040852063,2.2253067,-4.298128,2014
23713,r4i1p1f1,2014,12,04,2.8906408946592954,1.8974001,-9.277845,2014
23714,r4i1p1f1,2014,12,05,0.0,5.020532,-8.842742,2014
23715,r4i1p1f1,2014,12,06,0.0,8.694634,-6.5751386,2014
23716,r4i1p1f1,2014,12,07,0.0,7.1139684,-6.393568,2014
23717,r4i1p1f1,2014,12,08,0.0,4.4692407,-7.591371,2014
23718,r4i1p1f1,2014,12,09,0.0,4.2950974,-8.737441,2014
23719,r4i1p1f1,2014,12,10,0.0,2.881593,-12.068089,2014
23720,r4i1p1f1,2014,12,11,0.0,-4.157775,-16.556929,2014
23721,r4i1p1f1,2014,12,12,0.0,5.5925756,-8.866576,2014
23722,r4i1p1f1,2014,12,13,0.0,10.879941,-5.1735535,2014
23723,r4i1p1f1,2014,12,14,0.0,8.778131,-3.3307147,2014
23724,r4i1p1f1,2014,12,15,0.11413316773772197,7.2061,-3.2165558,2014
23725,r4i1p1f1,2014,12,16,9.62452836880501,7.179319,-1.560366,2014
23726,r4i1p1f1,2014,12,17,28.859918715792595,5.846376,-0.52469826,2014
23727,r4i1p1f1,2014,12,18,56.733149251104145,5.2167726,-2.1543126,2014
23728,r4i1p1f1,2014,12,19,1.1377612050332717,5.49722,-5.723608,2014
23729,r4i1p1f1,2014,12,20,41.69141100951348,1.7631179,-5.715415,2014
23730,r4i1p1f1,2014,12,21,0.0,5.8646646,-8.172843,2014
23731,r4i1p1f1,2014,12,22,0.0,5.352847,-5.5769534,2014
23732,r4i1p1f1,2014,12,23,0.631038104148909,1.1544013,-6.186948,2014
23733,r4i1p1f1,2014,12,24,0.0,2.5201085,-8.167227,2014
23734,r4i1p1f1,2014,12,25,0.8755594869715803,6.244663,-6.648409,2014
23735,r4i1p1f1,2014,12,26,0.5059679267727241,4.97359,-4.715917,2014
23736,r4i1p1f1,2014,12,27,6.9854057838229515,5.1203904,-3.8859818,2014
23737,r4i1p1f1,2014,12,28,35.29225283226513,4.5278788,-1.7074969,2014
23738,r4i1p1f1,2014,12,29,0.0,4.6329803,-5.308908,2014
23739,r4i1p1f1,2014,12,30,0.0,4.4179964,-6.9828014,2014
23740,r4i1p1f1,2014,12,31,0.0,2.85986,-8.48524,2014
