index,member_id,Year,Month,Day,Pr (mm),Tasmax (degC),Tasmin (degC),Year
0,r6i1p1f1,2015,01,01,5.99860660619056,5.1195827,-5.538003,2015
1,r6i1p1f1,2015,01,02,0.004827022678923123,5.2801037,-6.530513,2015
2,r6i1p1f1,2015,01,03,0.0,6.8792768,-6.2408996,2015
3,r6i1p1f1,2015,01,04,0.0,6.9821005,-5.888886,2015
4,r6i1p1f1,2015,01,05,3.3726107318391234,4.081972,-4.8863997,2015
5,r6i1p1f1,2015,01,06,16.36064434719721,5.0385365,-4.2760572,2015
6,r6i1p1f1,2015,01,07,43.591072252054694,7.031548,-2.9704733,2015
7,r6i1p1f1,2015,01,08,1.252258921865382,4.4364285,-3.9727643,2015
8,r6i1p1f1,2015,01,09,14.11719600589959,2.40767,-5.056437,2015
9,r6i1p1f1,2015,01,10,0.0,4.0665655,-2.763179,2015
10,r6i1p1f1,2015,01,11,1.1865857950455516,2.2088048,-4.4172697,2015
11,r6i1p1f1,2015,01,12,7.782556749123397,2.4872057,-3.9742951,2015
12,r6i1p1f1,2015,01,13,5.257498658026096,3.7524843,-3.28495,2015
13,r6i1p1f1,2015,01,14,19.593021654693782,4.63678,-2.4412405,2015
14,r6i1p1f1,2015,01,15,15.289550786292725,5.857016,-1.730898,2015
15,r6i1p1f1,2015,01,16,10.015873599353457,8.768485,1.294017,2015
16,r6i1p1f1,2015,01,17,11.368841324202952,7.6116295,0.40658325,2015
17,r6i1p1f1,2015,01,18,15.302565039762834,7.693971,0.6240058,2015
18,r6i1p1f1,2015,01,19,23.891377420445135,7.271431,0.2592696,2015
19,r6i1p1f1,2015,01,20,25.40885566578443,7.6185765,0.38360462,2015
20,r6i1p1f1,2015,01,21,21.15576355290599,5.9207845,-0.8397033,2015
21,r6i1p1f1,2015,01,22,28.699613043948567,9.181419,-1.5420485,2015
22,r6i1p1f1,2015,01,23,0.03712364308203124,2.7059498,-6.3772087,2015
23,r6i1p1f1,2015,01,24,4.207068603143625,4.667049,-4.3887377,2015
24,r6i1p1f1,2015,01,25,4.141168815978846,6.113289,-0.11838238,2015
25,r6i1p1f1,2015,01,26,0.0,10.736924,1.3491203,2015
26,r6i1p1f1,2015,01,27,0.0,12.73721,0.77989626,2015
27,r6i1p1f1,2015,01,28,0.0,12.182199,1.3228489,2015
28,r6i1p1f1,2015,01,29,0.0,12.066896,0.76933277,2015
29,r6i1p1f1,2015,01,30,0.0,15.129729,0.5351061,2015
30,r6i1p1f1,2015,01,31,0.0,14.519612,0.14857255,2015
31,r6i1p1f1,2015,02,01,0.0,15.093831,-0.0813951,2015
32,r6i1p1f1,2015,02,02,0.0,16.647493,0.84817576,2015
33,r6i1p1f1,2015,02,03,0.0,18.39892,2.3193188,2015
34,r6i1p1f1,2015,02,04,0.0,17.598953,2.0288436,2015
35,r6i1p1f1,2015,02,05,5.445288885295122,15.085114,0.8959644,2015
36,r6i1p1f1,2015,02,06,3.8475705458675313,6.9326987,-4.333705,2015
37,r6i1p1f1,2015,02,07,0.0,6.739238,-5.9715433,2015
38,r6i1p1f1,2015,02,08,0.0,11.008169,-3.8895228,2015
39,r6i1p1f1,2015,02,09,3.835586969086545,7.9920497,-2.9737809,2015
40,r6i1p1f1,2015,02,10,5.608522982568991,5.084879,-0.2634101,2015
41,r6i1p1f1,2015,02,11,9.641643241834954,2.4833598,-9.584207,2015
42,r6i1p1f1,2015,02,12,0.34422990330711156,0.6241508,-14.087875,2015
43,r6i1p1f1,2015,02,13,1.7586401979003192,2.0224721,-6.3431125,2015
44,r6i1p1f1,2015,02,14,0.0,5.3059635,-9.735658,2015
45,r6i1p1f1,2015,02,15,2.5134773948752116,3.588488,-8.207599,2015
46,r6i1p1f1,2015,02,16,2.2314534389699365,4.1985416,-2.631101,2015
47,r6i1p1f1,2015,02,17,0.0,7.243285,-0.038486857,2015
48,r6i1p1f1,2015,02,18,4.449348937159014,6.955647,-3.9632504,2015
49,r6i1p1f1,2015,02,19,1.8414169650039904,5.6821256,-2.114008,2015
50,r6i1p1f1,2015,02,20,0.0,8.624632,-5.114877,2015
51,r6i1p1f1,2015,02,21,9.521826903676192,5.2808976,-2.086785,2015
52,r6i1p1f1,2015,02,22,3.9124959828012735,8.394231,-1.730373,2015
53,r6i1p1f1,2015,02,23,0.0,12.940184,-2.300967,2015
54,r6i1p1f1,2015,02,24,0.0,11.4770565,-3.143577,2015
55,r6i1p1f1,2015,02,25,0.0,13.03221,-0.74871194,2015
56,r6i1p1f1,2015,02,26,0.0,13.776907,0.86658263,2015
57,r6i1p1f1,2015,02,27,0.0,15.75695,1.9013512,2015
58,r6i1p1f1,2015,02,28,0.004457893894232694,14.797848,3.8232598,2015
59,r6i1p1f1,2015,03,01,0.0,18.385574,0.6575976,2015
60,r6i1p1f1,2015,03,02,14.249460927082822,11.361834,-0.20530315,2015
61,r6i1p1f1,2015,03,03,10.547336123265932,9.06984,-4.4891295,2015
62,r6i1p1f1,2015,03,04,2.8834666714416226,5.1619644,-5.792471,2015
63,r6i1p1f1,2015,03,05,12.03192387141994,4.4076138,-3.1203935,2015
64,r6i1p1f1,2015,03,06,1.758577212484026,5.3855205,-3.9717758,2015
65,r6i1p1f1,2015,03,07,12.070344054638568,4.086485,-2.2648664,2015
66,r6i1p1f1,2015,03,08,0.3306403727601223,6.3094525,-1.1055583,2015
67,r6i1p1f1,2015,03,09,8.746141696106148,5.502003,-3.6968749,2015
68,r6i1p1f1,2015,03,10,43.717729744629835,7.6029053,-3.2347639,2015
69,r6i1p1f1,2015,03,11,38.57364859906105,6.4952545,0.21015035,2015
70,r6i1p1f1,2015,03,12,13.670222704935128,5.2679434,-3.1885867,2015
71,r6i1p1f1,2015,03,13,0.0,7.447502,-6.244954,2015
72,r6i1p1f1,2015,03,14,0.0,9.174889,-8.424247,2015
73,r6i1p1f1,2015,03,15,0.0,10.988768,-5.752523,2015
74,r6i1p1f1,2015,03,16,0.0,13.572279,-4.7911015,2015
75,r6i1p1f1,2015,03,17,0.3027173771178708,13.34122,-3.5327578,2015
76,r6i1p1f1,2015,03,18,8.101390499710854,6.509669,-1.5982182,2015
77,r6i1p1f1,2015,03,19,0.0,5.9716287,-1.9187609,2015
78,r6i1p1f1,2015,03,20,1.0833182069409193,5.212698,-3.6381307,2015
79,r6i1p1f1,2015,03,21,0.030562303722670568,8.300528,-3.8485174,2015
80,r6i1p1f1,2015,03,22,0.07430753849195183,10.113085,-2.338802,2015
81,r6i1p1f1,2015,03,23,0.0,15.480676,0.8901289,2015
82,r6i1p1f1,2015,03,24,0.007426648220034413,16.945513,1.0774959,2015
83,r6i1p1f1,2015,03,25,3.198385986719735,9.261823,-3.5909634,2015
84,r6i1p1f1,2015,03,26,0.0015783301048266504,9.074122,-4.5404396,2015
85,r6i1p1f1,2015,03,27,0.0,14.927114,-5.3737664,2015
86,r6i1p1f1,2015,03,28,0.0,20.974028,0.10636069,2015
87,r6i1p1f1,2015,03,29,0.0,22.470451,3.2029536,2015
88,r6i1p1f1,2015,03,30,0.0,22.041073,2.8103378,2015
89,r6i1p1f1,2015,03,31,6.4194072764037715,10.99651,-1.070082,2015
90,r6i1p1f1,2015,04,01,0.18011949649951883,13.318856,-3.442874,2015
91,r6i1p1f1,2015,04,02,0.0,18.054693,-2.6239545,2015
92,r6i1p1f1,2015,04,03,0.0,17.79838,-1.652025,2015
93,r6i1p1f1,2015,04,04,1.432524398691475,8.812992,-4.344323,2015
94,r6i1p1f1,2015,04,05,0.6342986584871237,7.4789095,-2.91455,2015
95,r6i1p1f1,2015,04,06,0.7213852667756653,8.472004,-1.3158258,2015
96,r6i1p1f1,2015,04,07,15.52385311204976,8.586584,-3.2323112,2015
97,r6i1p1f1,2015,04,08,3.6351853468042723,4.477555,-7.1001687,2015
98,r6i1p1f1,2015,04,09,0.001192883866376685,5.817161,-4.887072,2015
99,r6i1p1f1,2015,04,10,0.023899470992335446,10.728669,-3.7182808,2015
100,r6i1p1f1,2015,04,11,0.02738842134584398,11.885059,-2.7476268,2015
101,r6i1p1f1,2015,04,12,0.0,13.775337,-6.2882795,2015
102,r6i1p1f1,2015,04,13,0.009989781906994538,11.95469,-3.149133,2015
103,r6i1p1f1,2015,04,14,0.1343005006324996,8.344017,-0.022705404,2015
104,r6i1p1f1,2015,04,15,0.06667778140704488,13.307613,-3.5330179,2015
105,r6i1p1f1,2015,04,16,4.258286655568617,10.614924,-1.8371902,2015
106,r6i1p1f1,2015,04,17,10.728730068457349,7.0319886,-3.6229162,2015
107,r6i1p1f1,2015,04,18,0.13600238826145025,11.17916,-4.2099595,2015
108,r6i1p1f1,2015,04,19,0.0,18.33947,-3.4696412,2015
109,r6i1p1f1,2015,04,20,0.0,22.1736,1.4824905,2015
110,r6i1p1f1,2015,04,21,0.0,23.158924,2.480943,2015
111,r6i1p1f1,2015,04,22,0.0,22.072668,3.0826519,2015
112,r6i1p1f1,2015,04,23,0.03593524409366452,15.545373,2.01214,2015
113,r6i1p1f1,2015,04,24,1.0982866763522776,10.785214,0.673347,2015
114,r6i1p1f1,2015,04,25,2.209916120081061,8.715487,-3.073139,2015
115,r6i1p1f1,2015,04,26,0.0,13.441594,-2.1966069,2015
116,r6i1p1f1,2015,04,27,0.0,19.610361,0.67934185,2015
117,r6i1p1f1,2015,04,28,0.0,25.6995,4.6104193,2015
118,r6i1p1f1,2015,04,29,0.0,25.967995,5.4591627,2015
119,r6i1p1f1,2015,04,30,0.0,25.670202,5.724507,2015
120,r6i1p1f1,2015,05,01,0.0,25.561434,5.375379,2015
121,r6i1p1f1,2015,05,02,0.0,25.612774,5.3146095,2015
122,r6i1p1f1,2015,05,03,0.0,21.534164,3.757673,2015
123,r6i1p1f1,2015,05,04,0.0025259286878537932,19.860094,3.760466,2015
124,r6i1p1f1,2015,05,05,0.014033234592468415,18.27064,-0.27489698,2015
125,r6i1p1f1,2015,05,06,0.0,18.730518,-0.3202709,2015
126,r6i1p1f1,2015,05,07,0.0,22.741938,2.2207906,2015
127,r6i1p1f1,2015,05,08,0.0,23.94146,3.6823125,2015
128,r6i1p1f1,2015,05,09,0.0,27.554592,5.750398,2015
129,r6i1p1f1,2015,05,10,0.0,27.631344,6.5893235,2015
130,r6i1p1f1,2015,05,11,0.0,24.460432,2.6753528,2015
131,r6i1p1f1,2015,05,12,0.0,24.258196,4.5937166,2015
132,r6i1p1f1,2015,05,13,0.0,24.575676,3.603642,2015
133,r6i1p1f1,2015,05,14,0.0,26.804504,6.5482564,2015
134,r6i1p1f1,2015,05,15,0.0,27.749874,7.1871924,2015
135,r6i1p1f1,2015,05,16,0.0,27.741524,7.7493057,2015
136,r6i1p1f1,2015,05,17,0.09601762396481497,27.622866,6.9349637,2015
137,r6i1p1f1,2015,05,18,1.8439333058978629,21.94793,2.33191,2015
138,r6i1p1f1,2015,05,19,0.816768502334828,21.076233,6.395905,2015
139,r6i1p1f1,2015,05,20,0.01776793725947381,26.207022,6.3449836,2015
140,r6i1p1f1,2015,05,21,0.0,28.280838,7.6678424,2015
141,r6i1p1f1,2015,05,22,0.0,26.967264,5.7389393,2015
142,r6i1p1f1,2015,05,23,0.0,24.995667,5.139959,2015
143,r6i1p1f1,2015,05,24,2.894217179796922,17.65328,0.14154147,2015
144,r6i1p1f1,2015,05,25,2.529754723935987,17.357922,-0.938244,2015
145,r6i1p1f1,2015,05,26,0.0,24.23792,4.2817373,2015
146,r6i1p1f1,2015,05,27,0.0,26.378008,7.707791,2015
147,r6i1p1f1,2015,05,28,0.0,25.609772,7.550831,2015
148,r6i1p1f1,2015,05,29,0.0,24.001623,5.6117425,2015
149,r6i1p1f1,2015,05,30,0.9128765252056714,25.480597,7.3650403,2015
150,r6i1p1f1,2015,05,31,3.798220058513471e-06,28.265675,8.446249,2015
151,r6i1p1f1,2015,06,01,0.0,30.391405,10.576064,2015
152,r6i1p1f1,2015,06,02,0.0,29.343422,8.574832,2015
153,r6i1p1f1,2015,06,03,0.21308831699246158,24.939295,4.9931827,2015
154,r6i1p1f1,2015,06,04,0.01904170591746796,18.416533,-0.09827681,2015
155,r6i1p1f1,2015,06,05,0.0,20.286057,1.7438924,2015
156,r6i1p1f1,2015,06,06,0.0,28.232658,9.045381,2015
157,r6i1p1f1,2015,06,07,0.0,30.600218,11.911737,2015
158,r6i1p1f1,2015,06,08,1.5373300299674708,30.135725,9.066567,2015
159,r6i1p1f1,2015,06,09,9.881345526079622,26.451664,6.330145,2015
160,r6i1p1f1,2015,06,10,29.26302309290064,11.272072,-0.26398638,2015
161,r6i1p1f1,2015,06,11,4.937110765707647,15.310529,2.881244,2015
162,r6i1p1f1,2015,06,12,0.14537859872862835,21.073685,8.129846,2015
163,r6i1p1f1,2015,06,13,4.265903102911187,17.668076,4.2139444,2015
164,r6i1p1f1,2015,06,14,3.7900983620333046,21.875559,2.3188229,2015
165,r6i1p1f1,2015,06,15,0.069154600079446,24.365137,9.567853,2015
166,r6i1p1f1,2015,06,16,4.498775978072566,23.465662,6.022479,2015
167,r6i1p1f1,2015,06,17,1.0816462630580117,26.792778,7.9615254,2015
168,r6i1p1f1,2015,06,18,3.8615107737476118,27.21252,9.161457,2015
169,r6i1p1f1,2015,06,19,0.38112496647780664,29.398281,9.8871155,2015
170,r6i1p1f1,2015,06,20,1.8854581999474669,28.224628,9.587449,2015
171,r6i1p1f1,2015,06,21,7.646780764719127,23.067669,8.550162,2015
172,r6i1p1f1,2015,06,22,5.728038804116844,24.374922,5.3915753,2015
173,r6i1p1f1,2015,06,23,5.4232499055692625,26.302614,9.204842,2015
174,r6i1p1f1,2015,06,24,3.7296876352245487,28.857433,9.812995,2015
175,r6i1p1f1,2015,06,25,0.11531733326382566,32.855263,14.177093,2015
176,r6i1p1f1,2015,06,26,0.014774948879237281,32.941597,12.666048,2015
177,r6i1p1f1,2015,06,27,0.0,31.331192,11.739342,2015
178,r6i1p1f1,2015,06,28,0.0,31.620235,13.332411,2015
179,r6i1p1f1,2015,06,29,0.00986899291721428,32.097496,13.755426,2015
180,r6i1p1f1,2015,06,30,0.46452093169049774,28.575293,11.116208,2015
181,r6i1p1f1,2015,07,01,0.044976177524000245,26.337536,7.3997736,2015
182,r6i1p1f1,2015,07,02,0.0,25.001478,6.977131,2015
183,r6i1p1f1,2015,07,03,0.0,25.269041,4.1636443,2015
184,r6i1p1f1,2015,07,04,0.0,25.724104,6.877303,2015
185,r6i1p1f1,2015,07,05,0.0,25.415728,7.3489194,2015
186,r6i1p1f1,2015,07,06,0.0,25.129488,4.662185,2015
187,r6i1p1f1,2015,07,07,0.0,26.30952,5.3508615,2015
188,r6i1p1f1,2015,07,08,0.0,26.319538,6.62161,2015
189,r6i1p1f1,2015,07,09,0.04318880842968692,27.173244,7.0727057,2015
190,r6i1p1f1,2015,07,10,0.0,28.232662,8.516952,2015
191,r6i1p1f1,2015,07,11,0.0022280908791763475,28.983986,8.67389,2015
192,r6i1p1f1,2015,07,12,0.0,29.392317,9.585989,2015
193,r6i1p1f1,2015,07,13,0.018669746489619072,30.401373,10.263714,2015
194,r6i1p1f1,2015,07,14,0.0,31.729742,11.252395,2015
195,r6i1p1f1,2015,07,15,0.0,31.698128,10.846033,2015
196,r6i1p1f1,2015,07,16,0.0,31.935226,11.8818035,2015
197,r6i1p1f1,2015,07,17,0.0,31.826527,10.359068,2015
198,r6i1p1f1,2015,07,18,0.0,31.89088,11.178287,2015
199,r6i1p1f1,2015,07,19,0.0,32.10278,12.7266865,2015
200,r6i1p1f1,2015,07,20,0.0,32.864567,13.846003,2015
201,r6i1p1f1,2015,07,21,0.0,32.413834,11.307444,2015
202,r6i1p1f1,2015,07,22,2.6572146142348796,31.217999,11.800081,2015
203,r6i1p1f1,2015,07,23,5.241092527174581,31.876507,14.872588,2015
204,r6i1p1f1,2015,07,24,0.0,31.370237,11.270403,2015
205,r6i1p1f1,2015,07,25,0.3708574326592371,32.275955,13.585403,2015
206,r6i1p1f1,2015,07,26,0.0,31.910963,13.0574255,2015
207,r6i1p1f1,2015,07,27,0.006050680537702597,30.630314,10.469893,2015
208,r6i1p1f1,2015,07,28,0.0,27.985176,8.654413,2015
209,r6i1p1f1,2015,07,29,0.0,26.27514,7.1063113,2015
210,r6i1p1f1,2015,07,30,0.0,26.094648,6.944621,2015
211,r6i1p1f1,2015,07,31,0.05256447170287762,25.280085,6.8237834,2015
212,r6i1p1f1,2015,08,01,0.0,25.107552,6.909855,2015
213,r6i1p1f1,2015,08,02,0.0,30.047089,8.321145,2015
214,r6i1p1f1,2015,08,03,0.0,34.419983,11.087669,2015
215,r6i1p1f1,2015,08,04,0.0,33.67312,12.291876,2015
216,r6i1p1f1,2015,08,05,0.43218324075480113,32.41657,10.761456,2015
217,r6i1p1f1,2015,08,06,0.0,30.12834,10.356784,2015
218,r6i1p1f1,2015,08,07,0.0,27.498247,8.449501,2015
219,r6i1p1f1,2015,08,08,0.0,27.214046,9.4275,2015
220,r6i1p1f1,2015,08,09,0.0,28.09614,8.446051,2015
221,r6i1p1f1,2015,08,10,0.0,27.97668,8.278661,2015
222,r6i1p1f1,2015,08,11,0.0,29.950144,8.679959,2015
223,r6i1p1f1,2015,08,12,0.0,31.019024,9.412612,2015
224,r6i1p1f1,2015,08,13,0.04222608658717572,30.183573,9.966973,2015
225,r6i1p1f1,2015,08,14,1.9880930301550803,30.793734,11.298059,2015
226,r6i1p1f1,2015,08,15,1.0080511354659638,31.194963,12.742886,2015
227,r6i1p1f1,2015,08,16,0.0,30.789034,11.061796,2015
228,r6i1p1f1,2015,08,17,0.02090837459737223,28.019941,8.718087,2015
229,r6i1p1f1,2015,08,18,0.07561023465917803,26.909758,7.8636847,2015
230,r6i1p1f1,2015,08,19,0.007183906781018768,28.782845,9.6805105,2015
231,r6i1p1f1,2015,08,20,0.16782078198657197,29.236448,11.455773,2015
232,r6i1p1f1,2015,08,21,8.060074074046838,25.893074,6.7815166,2015
233,r6i1p1f1,2015,08,22,11.743412569206,20.609509,4.009662,2015
234,r6i1p1f1,2015,08,23,0.7001724051906397,24.20536,5.8788195,2015
235,r6i1p1f1,2015,08,24,0.0,25.630112,7.310291,2015
236,r6i1p1f1,2015,08,25,0.0,29.901707,8.971109,2015
237,r6i1p1f1,2015,08,26,0.0,30.538406,10.53062,2015
238,r6i1p1f1,2015,08,27,0.0,31.122704,11.706161,2015
239,r6i1p1f1,2015,08,28,0.0,30.671232,9.9302435,2015
240,r6i1p1f1,2015,08,29,0.0,29.329248,8.583094,2015
241,r6i1p1f1,2015,08,30,0.0,29.625029,8.389766,2015
242,r6i1p1f1,2015,08,31,0.0,29.17692,8.231482,2015
243,r6i1p1f1,2015,09,01,0.0,28.396042,9.962685,2015
244,r6i1p1f1,2015,09,02,0.0,27.659204,8.855168,2015
245,r6i1p1f1,2015,09,03,0.020983319370303042,26.93785,7.252239,2015
246,r6i1p1f1,2015,09,04,0.0007738757579632697,24.08631,6.863163,2015
247,r6i1p1f1,2015,09,05,0.0,25.191158,7.416015,2015
248,r6i1p1f1,2015,09,06,0.0,29.162542,8.425313,2015
249,r6i1p1f1,2015,09,07,0.0,29.505857,9.254551,2015
250,r6i1p1f1,2015,09,08,0.0,27.100527,7.5348954,2015
251,r6i1p1f1,2015,09,09,0.0,26.275011,5.540627,2015
252,r6i1p1f1,2015,09,10,0.0,24.823948,5.4134154,2015
253,r6i1p1f1,2015,09,11,0.0,24.72323,4.68099,2015
254,r6i1p1f1,2015,09,12,0.0,28.84243,10.387404,2015
255,r6i1p1f1,2015,09,13,0.0,29.984789,9.339928,2015
256,r6i1p1f1,2015,09,14,0.0,31.642834,10.932274,2015
257,r6i1p1f1,2015,09,15,0.0,33.625866,12.112011,2015
258,r6i1p1f1,2015,09,16,0.0,33.442307,11.441155,2015
259,r6i1p1f1,2015,09,17,0.0,32.53283,11.273866,2015
260,r6i1p1f1,2015,09,18,0.0,30.834654,9.615027,2015
261,r6i1p1f1,2015,09,19,0.0009498681731468325,27.734724,5.802907,2015
262,r6i1p1f1,2015,09,20,0.055595421970565315,18.436602,0.8454367,2015
263,r6i1p1f1,2015,09,21,0.12384508309314221,14.837118,-2.861007,2015
264,r6i1p1f1,2015,09,22,0.015579414687921359,14.410196,-1.8480151,2015
265,r6i1p1f1,2015,09,23,12.380336038489853,12.768161,-1.193283,2015
266,r6i1p1f1,2015,09,24,0.0,20.287813,0.9252606,2015
267,r6i1p1f1,2015,09,25,0.0,27.35539,6.8618603,2015
268,r6i1p1f1,2015,09,26,0.0,30.234344,8.007526,2015
269,r6i1p1f1,2015,09,27,0.0,30.085701,12.400576,2015
270,r6i1p1f1,2015,09,28,0.04756594953026746,24.576488,6.53392,2015
271,r6i1p1f1,2015,09,29,0.46305501230542195,20.200533,5.081928,2015
272,r6i1p1f1,2015,09,30,0.1706427055147333,18.568083,6.937765,2015
273,r6i1p1f1,2015,10,01,4.095776916259986,18.805681,5.1470423,2015
274,r6i1p1f1,2015,10,02,2.1100833925123528,18.05513,2.0833123,2015
275,r6i1p1f1,2015,10,03,11.02763316437501,15.817782,-0.55117357,2015
276,r6i1p1f1,2015,10,04,17.97076692797041,15.047198,5.5348783,2015
277,r6i1p1f1,2015,10,05,1.0219963094137,18.576794,3.447806,2015
278,r6i1p1f1,2015,10,06,0.2824572713229173,22.426289,5.741962,2015
279,r6i1p1f1,2015,10,07,0.18359945779316467,24.867968,7.102785,2015
280,r6i1p1f1,2015,10,08,0.0,25.323582,8.088466,2015
281,r6i1p1f1,2015,10,09,0.0,26.39387,7.6826835,2015
282,r6i1p1f1,2015,10,10,0.0,26.661146,8.0500555,2015
283,r6i1p1f1,2015,10,11,0.0,26.917503,7.810477,2015
284,r6i1p1f1,2015,10,12,0.0,26.37427,6.6367083,2015
285,r6i1p1f1,2015,10,13,0.0,24.723946,5.4096446,2015
286,r6i1p1f1,2015,10,14,0.0,17.481262,-1.8255681,2015
287,r6i1p1f1,2015,10,15,0.0,15.255879,-1.985873,2015
288,r6i1p1f1,2015,10,16,0.7981828642184453,13.829052,-1.3481252,2015
289,r6i1p1f1,2015,10,17,0.06979028093433212,8.173763,-5.0081873,2015
290,r6i1p1f1,2015,10,18,0.5417090416296914,7.689361,-2.6105087,2015
291,r6i1p1f1,2015,10,19,22.412012097660206,6.683085,-1.5457222,2015
292,r6i1p1f1,2015,10,20,0.22255305773321457,7.596095,-3.7452512,2015
293,r6i1p1f1,2015,10,21,0.08516048298283645,9.995416,-5.5642743,2015
294,r6i1p1f1,2015,10,22,0.0,11.105623,-2.4982617,2015
295,r6i1p1f1,2015,10,23,0.09979087448959714,11.339339,1.9184661,2015
296,r6i1p1f1,2015,10,24,5.57489339039924,10.552706,-0.8315437,2015
297,r6i1p1f1,2015,10,25,4.642236440884567,10.081171,1.1834375,2015
298,r6i1p1f1,2015,10,26,15.90185137908016,8.475447,-0.40027055,2015
299,r6i1p1f1,2015,10,27,15.761431999249957,9.506168,0.21494398,2015
300,r6i1p1f1,2015,10,28,31.590963376080317,9.589533,1.8387414,2015
301,r6i1p1f1,2015,10,29,3.6055216288246266,8.895059,-0.5492441,2015
302,r6i1p1f1,2015,10,30,0.021960957071486216,10.2716465,-1.178831,2015
303,r6i1p1f1,2015,10,31,21.187639098904654,7.1694856,-6.092279,2015
304,r6i1p1f1,2015,11,01,1.1966165480031787,1.8681972,-5.970508,2015
305,r6i1p1f1,2015,11,02,0.0,1.5323162,-8.595497,2015
306,r6i1p1f1,2015,11,03,4.1166515578410054,1.4793545,-6.385202,2015
307,r6i1p1f1,2015,11,04,0.13531085518081695,5.744923,-2.5671108,2015
308,r6i1p1f1,2015,11,05,0.0,6.9246645,-3.8303125,2015
309,r6i1p1f1,2015,11,06,2.984767376661078,5.746989,-3.5786095,2015
310,r6i1p1f1,2015,11,07,0.028306127762989918,8.153759,-6.1640415,2015
311,r6i1p1f1,2015,11,08,0.0,7.898519,-6.5520153,2015
312,r6i1p1f1,2015,11,09,0.0,7.5649643,-7.511155,2015
313,r6i1p1f1,2015,11,10,0.0,9.22789,-6.1174507,2015
314,r6i1p1f1,2015,11,11,0.02353958162422606,11.244291,-3.100963,2015
315,r6i1p1f1,2015,11,12,0.0,13.013541,-1.6604931,2015
316,r6i1p1f1,2015,11,13,0.0,11.762962,-2.8755977,2015
317,r6i1p1f1,2015,11,14,0.0,7.7782173,-8.801809,2015
318,r6i1p1f1,2015,11,15,0.0,12.443317,-5.3609385,2015
319,r6i1p1f1,2015,11,16,0.0,14.177468,-4.7304068,2015
320,r6i1p1f1,2015,11,17,0.0,14.005901,-2.6818473,2015
321,r6i1p1f1,2015,11,18,0.0,16.426514,-0.41608086,2015
322,r6i1p1f1,2015,11,19,0.0,16.090635,-0.26310608,2015
323,r6i1p1f1,2015,11,20,0.0,16.243061,-0.21611847,2015
324,r6i1p1f1,2015,11,21,0.0,14.112595,2.7431273,2015
325,r6i1p1f1,2015,11,22,0.0,13.392591,1.8835379,2015
326,r6i1p1f1,2015,11,23,0.0,14.90181,-1.2328103,2015
327,r6i1p1f1,2015,11,24,0.0,16.032064,-1.5423229,2015
328,r6i1p1f1,2015,11,25,0.0,15.751758,-2.7530587,2015
329,r6i1p1f1,2015,11,26,0.0,15.179882,-1.9761057,2015
330,r6i1p1f1,2015,11,27,0.5322700130450967,9.810844,0.5942615,2015
331,r6i1p1f1,2015,11,28,0.3033166550379486,13.549324,-1.1117004,2015
332,r6i1p1f1,2015,11,29,0.0,15.11132,-1.7559118,2015
333,r6i1p1f1,2015,11,30,0.0,16.742605,0.7818705,2015
334,r6i1p1f1,2015,12,01,0.0,15.631656,2.4450948,2015
335,r6i1p1f1,2015,12,02,0.0,14.848963,1.7016557,2015
336,r6i1p1f1,2015,12,03,0.003951909169717729,14.49745,1.1521454,2015
337,r6i1p1f1,2015,12,04,0.0,14.413592,-0.13383842,2015
338,r6i1p1f1,2015,12,05,0.0,14.344388,0.096363895,2015
339,r6i1p1f1,2015,12,06,0.0,13.53997,0.88314563,2015
340,r6i1p1f1,2015,12,07,0.9607715380714621,10.397978,-0.25244418,2015
341,r6i1p1f1,2015,12,08,2.0506391831668154,7.0564966,-2.3645885,2015
342,r6i1p1f1,2015,12,09,5.4320547080531245,2.4678543,-7.2937145,2015
343,r6i1p1f1,2015,12,10,2.440697029055202,0.3674734,-4.270048,2015
344,r6i1p1f1,2015,12,11,0.005319455706830874,2.2496665,-10.036495,2015
345,r6i1p1f1,2015,12,12,0.0,1.7785053,-9.309496,2015
346,r6i1p1f1,2015,12,13,0.0,1.6334338,-10.899341,2015
347,r6i1p1f1,2015,12,14,0.0,5.449629,-9.207286,2015
348,r6i1p1f1,2015,12,15,0.0,8.447204,-6.2734995,2015
349,r6i1p1f1,2015,12,16,0.0,6.4337635,-8.2907,2015
350,r6i1p1f1,2015,12,17,0.0,2.972728,-10.541773,2015
351,r6i1p1f1,2015,12,18,0.6196230050156052,-0.34782633,-14.06288,2015
352,r6i1p1f1,2015,12,19,0.5342809407758023,-2.4084384,-8.616172,2015
353,r6i1p1f1,2015,12,20,0.0,0.49736744,-13.954154,2015
354,r6i1p1f1,2015,12,21,0.43131909482071873,-0.22163875,-13.921676,2015
355,r6i1p1f1,2015,12,22,2.338549716391727,-0.21003298,-6.042888,2015
356,r6i1p1f1,2015,12,23,0.7314432042253194,1.578852,-11.629145,2015
357,r6i1p1f1,2015,12,24,0.0,-1.820764,-16.663818,2015
358,r6i1p1f1,2015,12,25,0.0,-3.5163949,-14.662929,2015
359,r6i1p1f1,2015,12,26,0.0,-2.7684076,-16.188,2015
360,r6i1p1f1,2015,12,27,0.0,-2.1482093,-14.892328,2015
361,r6i1p1f1,2015,12,28,0.0,2.0098433,-12.683871,2015
362,r6i1p1f1,2015,12,29,0.0,4.3615766,-10.302687,2015
363,r6i1p1f1,2015,12,30,0.0,7.1455,-7.6933923,2015
364,r6i1p1f1,2015,12,31,0.0,6.64075,-7.174927,2015
365,r6i1p1f1,2016,01,01,0.0,7.082515,-5.1667647,2016
366,r6i1p1f1,2016,01,02,0.0,8.284876,-3.7989194,2016
367,r6i1p1f1,2016,01,03,0.0,8.192354,-0.35346782,2016
368,r6i1p1f1,2016,01,04,0.0,6.6059484,-2.1151757,2016
369,r6i1p1f1,2016,01,05,2.898985041766614,3.1446848,-4.7510576,2016
370,r6i1p1f1,2016,01,06,0.36430556354293164,2.8297067,-5.422085,2016
371,r6i1p1f1,2016,01,07,2.831628539785231,1.0825816,-7.820207,2016
372,r6i1p1f1,2016,01,08,0.025881688999558287,3.0573158,-6.784378,2016
373,r6i1p1f1,2016,01,09,11.045572486251078,2.7756119,-4.528015,2016
374,r6i1p1f1,2016,01,10,56.5472802860072,1.4150946,-4.0102944,2016
375,r6i1p1f1,2016,01,11,2.6867980813837837,0.99343777,-10.428279,2016
376,r6i1p1f1,2016,01,12,6.5570947055308295,-0.31811267,-6.360329,2016
377,r6i1p1f1,2016,01,13,25.499462413857056,-0.57983506,-5.617656,2016
378,r6i1p1f1,2016,01,14,0.29843995064129775,1.550271,-16.36821,2016
379,r6i1p1f1,2016,01,15,5.305758842404561,2.400991,-6.2253485,2016
380,r6i1p1f1,2016,01,16,5.684463893907813,2.213125,-4.49823,2016
381,r6i1p1f1,2016,01,17,9.262376125379406,-0.12754108,-8.18337,2016
382,r6i1p1f1,2016,01,18,0.0882487576508699,1.0495354,-15.172187,2016
383,r6i1p1f1,2016,01,19,0.27167878616214214,1.1539105,-14.948792,2016
384,r6i1p1f1,2016,01,20,2.4894604828209665,-2.3635623,-10.902665,2016
385,r6i1p1f1,2016,01,21,8.429745527001858,4.97346,-12.207171,2016
386,r6i1p1f1,2016,01,22,7.468109228034786,3.3449318,-7.555716,2016
387,r6i1p1f1,2016,01,23,0.0,0.52316624,-16.514385,2016
388,r6i1p1f1,2016,01,24,0.0,-2.3235586,-21.495695,2016
389,r6i1p1f1,2016,01,25,7.466624470144668,0.80939037,-15.247541,2016
390,r6i1p1f1,2016,01,26,31.883759328631065,2.7725124,-3.3040538,2016
391,r6i1p1f1,2016,01,27,1.1368698426240404,1.011121,-11.935044,2016
392,r6i1p1f1,2016,01,28,0.0,-0.7792977,-18.237413,2016
393,r6i1p1f1,2016,01,29,0.0,-1.7521559,-19.591116,2016
394,r6i1p1f1,2016,01,30,0.0,1.5725019,-18.0256,2016
395,r6i1p1f1,2016,01,31,2.996836762188804,1.9287142,-13.58529,2016
396,r6i1p1f1,2016,02,01,9.443534039230498,0.14133577,-5.5891776,2016
397,r6i1p1f1,2016,02,02,0.0,6.5528216,-12.29913,2016
398,r6i1p1f1,2016,02,03,0.0,9.885214,-9.828599,2016
399,r6i1p1f1,2016,02,04,0.0,12.9661045,-3.656544,2016
400,r6i1p1f1,2016,02,05,0.0,11.771515,-1.4945433,2016
401,r6i1p1f1,2016,02,06,0.0,11.065583,-3.5629106,2016
402,r6i1p1f1,2016,02,07,0.0,11.127119,-3.375496,2016
403,r6i1p1f1,2016,02,08,0.0,11.300021,-1.0288689,2016
404,r6i1p1f1,2016,02,09,0.0,11.634657,-2.2966366,2016
405,r6i1p1f1,2016,02,10,0.0,11.72735,-3.54783,2016
406,r6i1p1f1,2016,02,11,0.0,11.296585,-3.0548003,2016
407,r6i1p1f1,2016,02,12,0.0,11.170974,-3.0193872,2016
408,r6i1p1f1,2016,02,13,0.0,10.63046,-2.5458724,2016
409,r6i1p1f1,2016,02,14,0.0,9.436638,-2.4525924,2016
410,r6i1p1f1,2016,02,15,0.07950468584905555,7.531372,-0.2452223,2016
411,r6i1p1f1,2016,02,16,2.21477500701198,6.525381,0.07275229,2016
412,r6i1p1f1,2016,02,17,0.0002209553226255147,6.2627378,-0.18939464,2016
413,r6i1p1f1,2016,02,18,0.0,8.258459,-1.8139396,2016
414,r6i1p1f1,2016,02,19,0.0,8.376923,-0.33306894,2016
415,r6i1p1f1,2016,02,20,0.0,11.160982,-0.5775189,2016
416,r6i1p1f1,2016,02,21,0.0,8.69599,-0.8124408,2016
417,r6i1p1f1,2016,02,22,0.0,9.777678,-4.0947914,2016
418,r6i1p1f1,2016,02,23,0.06678664262220892,10.616279,-2.0741844,2016
419,r6i1p1f1,2016,02,24,0.0,14.238288,0.02039455,2016
420,r6i1p1f1,2016,02,25,0.0,19.019466,2.4693048,2016
421,r6i1p1f1,2016,02,26,0.0,20.602886,3.3341827,2016
422,r6i1p1f1,2016,02,27,0.0,20.33929,4.1122527,2016
423,r6i1p1f1,2016,02,28,0.0,19.98736,4.777557,2016
424,r6i1p1f1,2016,02,29,0.0,17.620934,3.2006223,2016
425,r6i1p1f1,2016,03,01,0.0,7.526375,-8.943248,2016
426,r6i1p1f1,2016,03,02,0.018959162774757704,-0.75206804,-10.825131,2016
427,r6i1p1f1,2016,03,03,0.0,5.699366,-9.6293335,2016
428,r6i1p1f1,2016,03,04,0.0,12.443562,-8.106448,2016
429,r6i1p1f1,2016,03,05,0.0,12.995235,-5.408866,2016
430,r6i1p1f1,2016,03,06,0.0,13.244169,-5.5063324,2016
431,r6i1p1f1,2016,03,07,0.0,8.218063,-10.9254055,2016
432,r6i1p1f1,2016,03,08,0.0,10.753292,-8.359758,2016
433,r6i1p1f1,2016,03,09,0.0,10.534868,-6.5302844,2016
434,r6i1p1f1,2016,03,10,0.0,10.264448,-3.569698,2016
435,r6i1p1f1,2016,03,11,0.0,13.246997,-4.118817,2016
436,r6i1p1f1,2016,03,12,0.0,15.7583685,-3.806065,2016
437,r6i1p1f1,2016,03,13,0.0,17.364063,-2.9078062,2016
438,r6i1p1f1,2016,03,14,0.0,17.994509,-2.4947436,2016
439,r6i1p1f1,2016,03,15,0.0,18.30335,-0.54106724,2016
440,r6i1p1f1,2016,03,16,0.0,17.908886,2.4865506,2016
441,r6i1p1f1,2016,03,17,0.7056223859066053,11.732419,-5.4450164,2016
442,r6i1p1f1,2016,03,18,0.012078205693401718,8.765839,-7.8961124,2016
443,r6i1p1f1,2016,03,19,0.0,14.338732,-4.855781,2016
444,r6i1p1f1,2016,03,20,0.861892063482931,11.884291,-1.5550448,2016
445,r6i1p1f1,2016,03,21,4.7302757261433115,6.4224,-8.216936,2016
446,r6i1p1f1,2016,03,22,1.2582840969952753,3.9221287,-8.900281,2016
447,r6i1p1f1,2016,03,23,4.756778927365664,4.8202624,-2.609168,2016
448,r6i1p1f1,2016,03,24,0.02097795042144384,6.710614,-0.9714528,2016
449,r6i1p1f1,2016,03,25,0.838451246686367,9.542294,-2.3484783,2016
450,r6i1p1f1,2016,03,26,0.3317413758145461,9.591582,-5.454923,2016
451,r6i1p1f1,2016,03,27,0.0,8.399231,-8.932312,2016
452,r6i1p1f1,2016,03,28,0.0,6.554859,-8.864522,2016
453,r6i1p1f1,2016,03,29,0.0,6.3638678,-8.675652,2016
454,r6i1p1f1,2016,03,30,0.0,11.597893,-3.3514035,2016
455,r6i1p1f1,2016,03,31,0.0,14.241127,-5.7260084,2016
456,r6i1p1f1,2016,04,01,0.0,14.204468,-0.60361135,2016
457,r6i1p1f1,2016,04,02,0.0,12.887924,-5.871079,2016
458,r6i1p1f1,2016,04,03,0.0,12.685668,-3.6848423,2016
459,r6i1p1f1,2016,04,04,0.7108465701571506,9.562049,-1.7578676,2016
460,r6i1p1f1,2016,04,05,0.01961908756076089,13.078463,0.11920137,2016
461,r6i1p1f1,2016,04,06,0.0,14.6125965,-2.5070086,2016
462,r6i1p1f1,2016,04,07,1.7825256075879858,11.636793,-0.94944894,2016
463,r6i1p1f1,2016,04,08,0.2878496853148056,16.510643,-2.4578476,2016
464,r6i1p1f1,2016,04,09,0.05020473882188112,16.52663,6.05404,2016
465,r6i1p1f1,2016,04,10,0.0528167098581712,14.750661,5.5158005,2016
466,r6i1p1f1,2016,04,11,1.468229311401816,14.705392,1.123455,2016
467,r6i1p1f1,2016,04,12,1.6993723162370797,16.67069,-2.2034461,2016
468,r6i1p1f1,2016,04,13,0.8998895049201471,14.466508,-2.4677742,2016
469,r6i1p1f1,2016,04,14,2.769559060893205,15.435135,-1.3918524,2016
470,r6i1p1f1,2016,04,15,0.0,19.11808,-0.7292985,2016
471,r6i1p1f1,2016,04,16,0.0,20.516869,0.35108554,2016
472,r6i1p1f1,2016,04,17,0.0,22.064852,3.346516,2016
473,r6i1p1f1,2016,04,18,0.0,22.490568,5.26669,2016
474,r6i1p1f1,2016,04,19,0.015418155349297078,20.99797,4.133237,2016
475,r6i1p1f1,2016,04,20,0.0,20.55691,3.4497764,2016
476,r6i1p1f1,2016,04,21,2.8441565475579025,17.712294,0.5816691,2016
477,r6i1p1f1,2016,04,22,3.2727728487000234,10.423447,-3.1586354,2016
478,r6i1p1f1,2016,04,23,0.007041356701070415,15.161201,0.35532144,2016
479,r6i1p1f1,2016,04,24,0.0,16.445934,-1.8304194,2016
480,r6i1p1f1,2016,04,25,1.6042520601302324,11.293125,-5.0182858,2016
481,r6i1p1f1,2016,04,26,0.6643138552406255,10.422837,-3.0314994,2016
482,r6i1p1f1,2016,04,27,1.6375604304766262,11.672238,-3.3532557,2016
483,r6i1p1f1,2016,04,28,0.00381859182324141,16.444366,-0.5220069,2016
484,r6i1p1f1,2016,04,29,0.0,15.000738,-0.8581194,2016
485,r6i1p1f1,2016,04,30,3.083608327764443,10.801903,-0.9323888,2016
486,r6i1p1f1,2016,05,01,0.7203478274784589,9.947774,-0.45934856,2016
487,r6i1p1f1,2016,05,02,0.9672857714332799,12.511407,-2.614163,2016
488,r6i1p1f1,2016,05,03,0.006454412242769001,14.130514,-0.97956145,2016
489,r6i1p1f1,2016,05,04,1.4623043807042526,12.312818,0.6117394,2016
490,r6i1p1f1,2016,05,05,1.8297864861873878,9.376528,-2.4393032,2016
491,r6i1p1f1,2016,05,06,0.0,18.798374,0.3221741,2016
492,r6i1p1f1,2016,05,07,0.0,23.19232,4.2442746,2016
493,r6i1p1f1,2016,05,08,0.030133923952966005,23.286705,6.212781,2016
494,r6i1p1f1,2016,05,09,10.609694294247454,11.921091,-3.6673818,2016
495,r6i1p1f1,2016,05,10,0.0,19.466114,-0.46364197,2016
496,r6i1p1f1,2016,05,11,0.0,23.076624,4.979569,2016
497,r6i1p1f1,2016,05,12,0.0,25.908764,6.2571,2016
498,r6i1p1f1,2016,05,13,0.2541534546346719,24.972174,7.628593,2016
499,r6i1p1f1,2016,05,14,12.135033620268295,14.382503,3.1879754,2016
500,r6i1p1f1,2016,05,15,32.169508701402684,15.056112,-1.5542753,2016
501,r6i1p1f1,2016,05,16,0.0,22.090456,5.3695135,2016
502,r6i1p1f1,2016,05,17,2.1123484806708928,16.317047,3.6808608,2016
503,r6i1p1f1,2016,05,18,0.6211822661629692,16.072748,1.2893736,2016
504,r6i1p1f1,2016,05,19,0.0,17.510489,-0.093772836,2016
505,r6i1p1f1,2016,05,20,0.0,19.997215,3.6185577,2016
506,r6i1p1f1,2016,05,21,0.007998117947297826,23.454378,5.005378,2016
507,r6i1p1f1,2016,05,22,0.3945112427550534,23.530931,7.8599143,2016
508,r6i1p1f1,2016,05,23,0.022404505464311577,19.630516,6.4996414,2016
509,r6i1p1f1,2016,05,24,0.0,21.899931,2.4082575,2016
510,r6i1p1f1,2016,05,25,0.0,24.975891,5.65423,2016
511,r6i1p1f1,2016,05,26,0.0,26.246704,7.7757993,2016
512,r6i1p1f1,2016,05,27,0.0,25.276121,7.0298758,2016
513,r6i1p1f1,2016,05,28,3.8994202835472644,15.351035,2.3633687,2016
514,r6i1p1f1,2016,05,29,10.17749942177504,15.256429,4.92299,2016
515,r6i1p1f1,2016,05,30,0.7473282408298261,17.833431,3.9234908,2016
516,r6i1p1f1,2016,05,31,0.0018615942629564898,19.548367,6.508337,2016
517,r6i1p1f1,2016,06,01,0.0,20.532967,7.784174,2016
518,r6i1p1f1,2016,06,02,1.2720184477871954,20.25221,2.90025,2016
519,r6i1p1f1,2016,06,03,0.0,23.788107,5.231352,2016
520,r6i1p1f1,2016,06,04,0.0,27.393852,6.822304,2016
521,r6i1p1f1,2016,06,05,0.0,27.6716,7.5821295,2016
522,r6i1p1f1,2016,06,06,0.08486758937154146,23.057482,6.3553967,2016
523,r6i1p1f1,2016,06,07,1.6602395277623982,16.952864,6.289074,2016
524,r6i1p1f1,2016,06,08,5.610890146967459,16.22456,2.852563,2016
525,r6i1p1f1,2016,06,09,1.1015893536497066,14.790987,2.5699959,2016
526,r6i1p1f1,2016,06,10,0.0,20.23577,2.8554401,2016
527,r6i1p1f1,2016,06,11,0.0,20.758957,5.8124323,2016
528,r6i1p1f1,2016,06,12,2.8604784012522413,17.966852,2.8078463,2016
529,r6i1p1f1,2016,06,13,1.264489831045773,16.739256,4.5165796,2016
530,r6i1p1f1,2016,06,14,0.0,18.423595,5.976985,2016
531,r6i1p1f1,2016,06,15,0.008184058928851885,17.56107,1.7406232,2016
532,r6i1p1f1,2016,06,16,0.022144670700904517,18.286428,-0.8581704,2016
533,r6i1p1f1,2016,06,17,0.0,20.545046,3.6411686,2016
534,r6i1p1f1,2016,06,18,0.0,23.687151,4.7581773,2016
535,r6i1p1f1,2016,06,19,0.004221244324653312,22.260849,4.933389,2016
536,r6i1p1f1,2016,06,20,0.3914164195142966,19.209318,0.6210211,2016
537,r6i1p1f1,2016,06,21,0.000938436770308932,22.545715,2.8774402,2016
538,r6i1p1f1,2016,06,22,0.0,30.988705,8.361094,2016
539,r6i1p1f1,2016,06,23,0.0,31.716772,10.949843,2016
540,r6i1p1f1,2016,06,24,0.003142106792178848,31.007013,9.638318,2016
541,r6i1p1f1,2016,06,25,0.0,30.291584,9.641873,2016
542,r6i1p1f1,2016,06,26,0.0,27.365778,7.931791,2016
543,r6i1p1f1,2016,06,27,0.0,25.934322,6.8063774,2016
544,r6i1p1f1,2016,06,28,0.0,27.722443,7.581214,2016
545,r6i1p1f1,2016,06,29,0.0,32.03951,10.920009,2016
546,r6i1p1f1,2016,06,30,0.0,31.960705,12.477218,2016
547,r6i1p1f1,2016,07,01,0.04943102765844549,29.911959,9.387205,2016
548,r6i1p1f1,2016,07,02,0.0,25.847261,4.2452235,2016
549,r6i1p1f1,2016,07,03,0.0,31.126682,8.325066,2016
550,r6i1p1f1,2016,07,04,0.0,31.20653,9.210293,2016
551,r6i1p1f1,2016,07,05,0.0,29.920301,8.541276,2016
552,r6i1p1f1,2016,07,06,0.0,29.75134,8.914123,2016
553,r6i1p1f1,2016,07,07,0.016305610681383736,28.890192,7.9043283,2016
554,r6i1p1f1,2016,07,08,0.0,26.021128,5.4052505,2016
555,r6i1p1f1,2016,07,09,0.0,29.27452,6.934477,2016
556,r6i1p1f1,2016,07,10,0.0,31.233099,9.835611,2016
557,r6i1p1f1,2016,07,11,0.0,31.574986,11.982702,2016
558,r6i1p1f1,2016,07,12,0.0067134893841592005,30.807144,11.21468,2016
559,r6i1p1f1,2016,07,13,0.0,32.16611,10.500707,2016
560,r6i1p1f1,2016,07,14,0.0,32.92137,11.971027,2016
561,r6i1p1f1,2016,07,15,0.0,32.80049,12.639713,2016
562,r6i1p1f1,2016,07,16,0.0,33.387276,11.968783,2016
563,r6i1p1f1,2016,07,17,0.0,31.721685,10.624561,2016
564,r6i1p1f1,2016,07,18,0.0,29.90154,9.519252,2016
565,r6i1p1f1,2016,07,19,2.0258347681015936,28.357517,8.846378,2016
566,r6i1p1f1,2016,07,20,2.531864797600221,24.893932,8.901741,2016
567,r6i1p1f1,2016,07,21,0.0027334841091697514,28.32698,8.1342325,2016
568,r6i1p1f1,2016,07,22,0.0,29.937538,9.077685,2016
569,r6i1p1f1,2016,07,23,0.0,33.0054,11.574323,2016
570,r6i1p1f1,2016,07,24,4.263289372198645e-05,33.348663,11.694342,2016
571,r6i1p1f1,2016,07,25,0.0,31.565077,10.672602,2016
572,r6i1p1f1,2016,07,26,0.0,32.247482,10.403143,2016
573,r6i1p1f1,2016,07,27,0.0,32.990986,11.133641,2016
574,r6i1p1f1,2016,07,28,0.0,32.382103,10.379093,2016
575,r6i1p1f1,2016,07,29,0.0,31.028694,9.214217,2016
576,r6i1p1f1,2016,07,30,0.0,29.734516,8.529087,2016
577,r6i1p1f1,2016,07,31,0.0,28.639574,7.8899674,2016
578,r6i1p1f1,2016,08,01,0.0,29.118013,8.248316,2016
579,r6i1p1f1,2016,08,02,0.0,29.289827,9.421298,2016
580,r6i1p1f1,2016,08,03,0.0,28.863209,8.864096,2016
581,r6i1p1f1,2016,08,04,0.0,28.770515,8.840745,2016
582,r6i1p1f1,2016,08,05,0.0,29.131977,9.220246,2016
583,r6i1p1f1,2016,08,06,0.0,32.64456,10.06974,2016
584,r6i1p1f1,2016,08,07,0.0,34.78274,11.68332,2016
585,r6i1p1f1,2016,08,08,0.0,35.09991,12.201659,2016
586,r6i1p1f1,2016,08,09,0.0,33.32097,12.002998,2016
587,r6i1p1f1,2016,08,10,0.0,33.177006,11.054974,2016
588,r6i1p1f1,2016,08,11,0.0,33.69425,10.782236,2016
589,r6i1p1f1,2016,08,12,0.0,33.663933,10.7795,2016
590,r6i1p1f1,2016,08,13,0.0,31.978584,10.529838,2016
591,r6i1p1f1,2016,08,14,0.0,31.620605,10.779641,2016
592,r6i1p1f1,2016,08,15,0.0,32.486076,10.958167,2016
593,r6i1p1f1,2016,08,16,0.0,32.391167,11.254406,2016
594,r6i1p1f1,2016,08,17,0.0,34.110474,12.805554,2016
595,r6i1p1f1,2016,08,18,0.0,33.873497,12.09649,2016
596,r6i1p1f1,2016,08,19,0.0,31.763,10.436089,2016
597,r6i1p1f1,2016,08,20,0.0,32.119995,10.234871,2016
598,r6i1p1f1,2016,08,21,0.0,31.848192,9.800304,2016
599,r6i1p1f1,2016,08,22,0.0,30.211079,8.622066,2016
600,r6i1p1f1,2016,08,23,0.0,31.530727,9.200384,2016
601,r6i1p1f1,2016,08,24,0.0,32.666977,10.420888,2016
602,r6i1p1f1,2016,08,25,0.0,32.66879,10.546469,2016
603,r6i1p1f1,2016,08,26,0.0,31.752993,9.821845,2016
604,r6i1p1f1,2016,08,27,0.496999616627158,29.296396,8.125318,2016
605,r6i1p1f1,2016,08,28,3.7143423434004643,28.04308,8.016651,2016
606,r6i1p1f1,2016,08,29,0.9742371958607902,27.69538,7.949082,2016
607,r6i1p1f1,2016,08,30,3.7846287106530077,26.900356,8.758334,2016
608,r6i1p1f1,2016,08,31,21.48337850681692,23.769302,7.3626223,2016
609,r6i1p1f1,2016,09,01,7.923983039139486,23.361742,5.9015326,2016
610,r6i1p1f1,2016,09,02,2.4540473961398805,24.337038,8.120476,2016
611,r6i1p1f1,2016,09,03,1.760467343976823,27.858496,10.833566,2016
612,r6i1p1f1,2016,09,04,0.9978293527581142,29.515999,12.162291,2016
613,r6i1p1f1,2016,09,05,0.13052583836787515,28.983442,10.401492,2016
614,r6i1p1f1,2016,09,06,0.4334144801230126,29.986341,13.169864,2016
615,r6i1p1f1,2016,09,07,0.15441813856536396,29.522465,9.339192,2016
616,r6i1p1f1,2016,09,08,0.04114989950591031,28.298346,7.1858892,2016
617,r6i1p1f1,2016,09,09,0.0,26.542332,8.104992,2016
618,r6i1p1f1,2016,09,10,0.0,26.70976,8.096263,2016
619,r6i1p1f1,2016,09,11,0.0,26.833157,8.866463,2016
620,r6i1p1f1,2016,09,12,0.0,27.712006,9.194953,2016
621,r6i1p1f1,2016,09,13,0.0,28.635653,8.256035,2016
622,r6i1p1f1,2016,09,14,0.0,28.90968,8.520946,2016
623,r6i1p1f1,2016,09,15,0.0,27.129175,6.8001785,2016
624,r6i1p1f1,2016,09,16,0.0,25.255312,4.587599,2016
625,r6i1p1f1,2016,09,17,0.0,27.52771,8.447135,2016
626,r6i1p1f1,2016,09,18,0.0,26.885254,7.4388113,2016
627,r6i1p1f1,2016,09,19,0.0,25.297836,5.5993514,2016
628,r6i1p1f1,2016,09,20,0.0,24.986452,5.9333363,2016
629,r6i1p1f1,2016,09,21,0.0,25.680037,6.354481,2016
630,r6i1p1f1,2016,09,22,0.0,25.155409,6.493166,2016
631,r6i1p1f1,2016,09,23,4.470357952106982,19.210976,4.9416857,2016
632,r6i1p1f1,2016,09,24,0.03950867952883715,19.497976,3.6418777,2016
633,r6i1p1f1,2016,09,25,0.0,23.690008,2.064256,2016
634,r6i1p1f1,2016,09,26,0.0,22.47954,4.933403,2016
635,r6i1p1f1,2016,09,27,1.7307584483666398,18.769632,2.2735884,2016
636,r6i1p1f1,2016,09,28,0.004982418308625887,20.95363,2.8581119,2016
637,r6i1p1f1,2016,09,29,0.0,24.711422,5.6218944,2016
638,r6i1p1f1,2016,09,30,0.0,25.593624,7.103203,2016
639,r6i1p1f1,2016,10,01,0.6766326548717225,19.002228,3.6593874,2016
640,r6i1p1f1,2016,10,02,0.0,17.48691,0.7897342,2016
641,r6i1p1f1,2016,10,03,0.0,20.477613,1.1165763,2016
642,r6i1p1f1,2016,10,04,0.0,23.713837,2.4409544,2016
643,r6i1p1f1,2016,10,05,0.0,25.502775,4.382253,2016
644,r6i1p1f1,2016,10,06,0.0,26.193192,5.4685225,2016
645,r6i1p1f1,2016,10,07,0.0,25.905222,7.1125693,2016
646,r6i1p1f1,2016,10,08,0.00828062704010687,26.09505,8.494041,2016
647,r6i1p1f1,2016,10,09,0.004228437431201123,20.661085,5.6088953,2016
648,r6i1p1f1,2016,10,10,0.0,24.319628,3.338031,2016
649,r6i1p1f1,2016,10,11,0.0,25.233824,5.329297,2016
650,r6i1p1f1,2016,10,12,0.0,21.607983,2.7855663,2016
651,r6i1p1f1,2016,10,13,0.0,15.562245,-2.4324703,2016
652,r6i1p1f1,2016,10,14,0.0,15.206754,-4.617185,2016
653,r6i1p1f1,2016,10,15,0.0,15.847078,-2.5231564,2016
654,r6i1p1f1,2016,10,16,0.0,19.931065,-0.0910135,2016
655,r6i1p1f1,2016,10,17,0.0,22.46111,1.4942629,2016
656,r6i1p1f1,2016,10,18,0.0,22.936647,2.835996,2016
657,r6i1p1f1,2016,10,19,0.0,23.521614,2.5829074,2016
658,r6i1p1f1,2016,10,20,0.0,23.171371,2.2195077,2016
659,r6i1p1f1,2016,10,21,0.0,23.297125,3.1164367,2016
660,r6i1p1f1,2016,10,22,0.0,23.383814,2.853656,2016
661,r6i1p1f1,2016,10,23,0.0,24.092321,3.2877378,2016
662,r6i1p1f1,2016,10,24,0.0,22.596891,0.5746332,2016
663,r6i1p1f1,2016,10,25,0.0,17.920383,1.7181308,2016
664,r6i1p1f1,2016,10,26,1.7213719567421075,11.803927,-0.07491092,2016
665,r6i1p1f1,2016,10,27,22.02466727788158,10.1009865,3.4585323,2016
666,r6i1p1f1,2016,10,28,20.69335236458754,8.649214,-1.6201402,2016
667,r6i1p1f1,2016,10,29,0.00012498073628675833,7.5575438,-1.5959064,2016
668,r6i1p1f1,2016,10,30,0.2586890345498798,9.247837,-1.5611485,2016
669,r6i1p1f1,2016,10,31,14.674387465168339,9.364843,0.8107738,2016
670,r6i1p1f1,2016,11,01,0.22693289588564686,8.105002,-5.004222,2016
671,r6i1p1f1,2016,11,02,0.0004493984572847241,10.585048,-3.1718128,2016
672,r6i1p1f1,2016,11,03,3.6561264014792108,9.326412,-2.6413283,2016
673,r6i1p1f1,2016,11,04,19.237489456982917,7.1597867,-1.7174749,2016
674,r6i1p1f1,2016,11,05,3.6673825841238865,6.6001043,-1.0654837,2016
675,r6i1p1f1,2016,11,06,0.09114984188077088,7.7648616,-2.9958613,2016
676,r6i1p1f1,2016,11,07,6.479800852542283,5.4784384,-2.6578643,2016
677,r6i1p1f1,2016,11,08,0.2905623553173605,6.9147234,-0.8505124,2016
678,r6i1p1f1,2016,11,09,0.8834678342852328,8.592,0.17810872,2016
679,r6i1p1f1,2016,11,10,1.5463942502691923,9.088866,-4.060222,2016
680,r6i1p1f1,2016,11,11,10.481022457209344,6.095268,-0.9558116,2016
681,r6i1p1f1,2016,11,12,7.197105366332129,4.4439225,-1.9949554,2016
682,r6i1p1f1,2016,11,13,0.0,4.8877783,-5.256718,2016
683,r6i1p1f1,2016,11,14,0.0,5.190679,-8.434662,2016
684,r6i1p1f1,2016,11,15,0.0,6.2655005,-7.3041325,2016
685,r6i1p1f1,2016,11,16,0.0,10.174465,-5.8837843,2016
686,r6i1p1f1,2016,11,17,0.0,8.306809,-5.065705,2016
687,r6i1p1f1,2016,11,18,0.16516949115141533,7.6624894,-1.9426744,2016
688,r6i1p1f1,2016,11,19,0.7544102183888153,8.314377,1.1792898,2016
689,r6i1p1f1,2016,11,20,0.29648075158023407,6.818069,-0.19551182,2016
690,r6i1p1f1,2016,11,21,0.0,13.419965,-4.319661,2016
691,r6i1p1f1,2016,11,22,0.0,12.458211,-0.82633585,2016
692,r6i1p1f1,2016,11,23,0.031057032044155757,7.4044013,-6.979763,2016
693,r6i1p1f1,2016,11,24,0.40655625333706685,6.017695,-8.42071,2016
694,r6i1p1f1,2016,11,25,0.0,6.670862,-6.84851,2016
695,r6i1p1f1,2016,11,26,0.0015370207423078446,8.564169,-6.161028,2016
696,r6i1p1f1,2016,11,27,0.0,10.501433,-0.70002276,2016
697,r6i1p1f1,2016,11,28,0.0,15.420058,-3.2183528,2016
698,r6i1p1f1,2016,11,29,0.0,14.506484,-1.1430969,2016
699,r6i1p1f1,2016,11,30,0.0,15.503911,-2.6412408,2016
700,r6i1p1f1,2016,12,01,0.0,14.721489,1.428813,2016
701,r6i1p1f1,2016,12,02,0.022221663896620863,15.111743,4.2941813,2016
702,r6i1p1f1,2016,12,03,10.449260256650245,13.218859,3.2338142,2016
703,r6i1p1f1,2016,12,04,12.349606518990843,7.161126,-3.4814754,2016
704,r6i1p1f1,2016,12,05,6.749517801580988,2.208753,-5.292179,2016
705,r6i1p1f1,2016,12,06,10.599025203551468,-0.26672405,-7.1069884,2016
706,r6i1p1f1,2016,12,07,0.8851883422266108,1.1800652,-7.0697546,2016
707,r6i1p1f1,2016,12,08,12.543777821046298,3.1828187,-5.3035216,2016
708,r6i1p1f1,2016,12,09,0.0,2.3151612,-8.608539,2016
709,r6i1p1f1,2016,12,10,0.06617123462938725,3.4963992,-4.6824026,2016
710,r6i1p1f1,2016,12,11,3.6351245178075486,3.6273844,-3.0670187,2016
711,r6i1p1f1,2016,12,12,0.43216522634784127,8.063182,-2.6696696,2016
712,r6i1p1f1,2016,12,13,0.0,10.183656,-1.0234985,2016
713,r6i1p1f1,2016,12,14,0.6579402722010217,9.442801,-0.93519306,2016
714,r6i1p1f1,2016,12,15,24.01335992995836,7.6209955,-0.73538035,2016
715,r6i1p1f1,2016,12,16,0.00818620505207629,7.6916223,-4.765943,2016
716,r6i1p1f1,2016,12,17,0.01114035267402771,9.393627,-0.0139799705,2016
717,r6i1p1f1,2016,12,18,19.70620757586523,6.196059,-1.4165406,2016
718,r6i1p1f1,2016,12,19,2.1664694618914337,2.4168055,-7.6613393,2016
719,r6i1p1f1,2016,12,20,12.102020188547492,0.68567526,-6.5879316,2016
720,r6i1p1f1,2016,12,21,14.4768921254828,2.235339,-5.3678527,2016
721,r6i1p1f1,2016,12,22,0.02165941720103416,2.1036744,-8.061205,2016
722,r6i1p1f1,2016,12,23,0.03534167912078251,4.4603524,-9.138317,2016
723,r6i1p1f1,2016,12,24,3.9464440897900532,0.64500844,-6.7201843,2016
724,r6i1p1f1,2016,12,25,0.024502396116126434,2.439934,-6.371304,2016
725,r6i1p1f1,2016,12,26,0.0,5.387414,-8.979122,2016
726,r6i1p1f1,2016,12,27,0.06477112763868431,5.7187333,-5.0885296,2016
727,r6i1p1f1,2016,12,28,0.0,7.5053616,-4.1342487,2016
728,r6i1p1f1,2016,12,29,0.0,9.5184965,-3.5064926,2016
729,r6i1p1f1,2016,12,30,2.1032595964216494,4.5276985,-4.5803823,2016
730,r6i1p1f1,2016,12,31,21.104362773128585,2.897127,-3.372332,2016
731,r6i1p1f1,2017,01,01,0.0,5.189905,-4.9364624,2017
732,r6i1p1f1,2017,01,02,11.894970440726865,2.1184578,-4.876665,2017
733,r6i1p1f1,2017,01,03,2.3963487403770967,0.9015314,-7.8835063,2017
734,r6i1p1f1,2017,01,04,0.0,3.9995885,-8.47407,2017
735,r6i1p1f1,2017,01,05,0.0,4.2760296,-8.905312,2017
736,r6i1p1f1,2017,01,06,0.0,7.7762065,-3.1823902,2017
737,r6i1p1f1,2017,01,07,0.0,9.71546,-2.8470135,2017
738,r6i1p1f1,2017,01,08,0.0,8.794484,-4.1020937,2017
739,r6i1p1f1,2017,01,09,0.0,8.656168,-3.8098843,2017
740,r6i1p1f1,2017,01,10,0.0,7.83055,-3.6842399,2017
741,r6i1p1f1,2017,01,11,0.09091167814043202,7.1146317,-2.47313,2017
742,r6i1p1f1,2017,01,12,6.665314389688905,4.8585773,-0.9080122,2017
743,r6i1p1f1,2017,01,13,16.65191960277043,3.9530995,-2.5090759,2017
744,r6i1p1f1,2017,01,14,1.2246430569222841,2.5826392,-5.2663984,2017
745,r6i1p1f1,2017,01,15,2.7978650860024854,-0.8150795,-5.638364,2017
746,r6i1p1f1,2017,01,16,1.3366990089225512,1.2175299,-7.494346,2017
747,r6i1p1f1,2017,01,17,1.0136731637095862,10.30879,-0.4197715,2017
748,r6i1p1f1,2017,01,18,0.0,11.200851,-2.392536,2017
749,r6i1p1f1,2017,01,19,0.0,10.653734,-2.9034169,2017
750,r6i1p1f1,2017,01,20,0.0,10.122739,0.5060039,2017
751,r6i1p1f1,2017,01,21,0.0,9.157341,-1.049114,2017
752,r6i1p1f1,2017,01,22,0.0,10.141849,-4.937276,2017
753,r6i1p1f1,2017,01,23,0.7505142230477013,5.939764,-5.9163933,2017
754,r6i1p1f1,2017,01,24,13.834249092377748,0.12916449,-6.2930913,2017
755,r6i1p1f1,2017,01,25,0.2705506159230997,-0.6116392,-12.831366,2017
756,r6i1p1f1,2017,01,26,0.0,1.3104029,-13.785133,2017
757,r6i1p1f1,2017,01,27,26.684371733081683,3.1048903,-5.952197,2017
758,r6i1p1f1,2017,01,28,31.104825589674274,6.631387,-2.3917332,2017
759,r6i1p1f1,2017,01,29,45.65339234088591,9.251167,-2.0906372,2017
760,r6i1p1f1,2017,01,30,30.838647412957762,8.523922,1.3780271,2017
761,r6i1p1f1,2017,01,31,33.18327996965611,10.351964,1.4428883,2017
762,r6i1p1f1,2017,02,01,0.0,14.390495,-1.0308689,2017
763,r6i1p1f1,2017,02,02,1.5464828093174101,11.235989,0.48839706,2017
764,r6i1p1f1,2017,02,03,17.832827050212124,8.921809,0.014771698,2017
765,r6i1p1f1,2017,02,04,23.909438485942644,10.328276,1.2488394,2017
766,r6i1p1f1,2017,02,05,3.175935599583239,12.056648,3.014648,2017
767,r6i1p1f1,2017,02,06,4.213265875912189,11.999547,4.2635603,2017
768,r6i1p1f1,2017,02,07,0.31873806781752545,14.100351,0.17328529,2017
769,r6i1p1f1,2017,02,08,0.014192591988091955,15.475837,1.8981799,2017
770,r6i1p1f1,2017,02,09,0.00041051802952400045,16.169722,1.4970119,2017
771,r6i1p1f1,2017,02,10,0.0,17.306562,1.4964912,2017
772,r6i1p1f1,2017,02,11,0.0,16.617184,0.46548057,2017
773,r6i1p1f1,2017,02,12,0.0,16.384537,0.074933425,2017
774,r6i1p1f1,2017,02,13,0.0,13.402042,-2.1782467,2017
775,r6i1p1f1,2017,02,14,0.11149409855665765,11.139316,2.2478628,2017
776,r6i1p1f1,2017,02,15,0.020650129899420423,8.902433,-4.2360444,2017
777,r6i1p1f1,2017,02,16,0.018306848470356567,12.799073,-3.773273,2017
778,r6i1p1f1,2017,02,17,20.68962704559357,7.77821,-3.5748806,2017
779,r6i1p1f1,2017,02,18,7.7467806660689975,4.6542435,-6.2480307,2017
780,r6i1p1f1,2017,02,19,4.928032563826076,8.9292555,-1.3767115,2017
781,r6i1p1f1,2017,02,20,0.6574571109762617,12.41862,-1.998808,2017
782,r6i1p1f1,2017,02,21,0.9634167032964723,12.558118,1.9158669,2017
783,r6i1p1f1,2017,02,22,0.031562989731741105,11.968476,1.8199912,2017
784,r6i1p1f1,2017,02,23,0.8303781781755105,13.306656,2.7218373,2017
785,r6i1p1f1,2017,02,24,0.0,15.594893,-0.9516359,2017
786,r6i1p1f1,2017,02,25,0.0,15.183112,-0.6017128,2017
787,r6i1p1f1,2017,02,26,0.001236967060377474,14.412555,-0.7347709,2017
788,r6i1p1f1,2017,02,27,0.0,12.804998,-0.8926209,2017
789,r6i1p1f1,2017,02,28,0.0,14.879637,-0.056141414,2017
790,r6i1p1f1,2017,03,01,0.0,18.899157,-0.54380804,2017
791,r6i1p1f1,2017,03,02,0.0,17.808939,1.6144022,2017
792,r6i1p1f1,2017,03,03,0.0001264038933256869,15.467506,1.0380272,2017
793,r6i1p1f1,2017,03,04,4.293409518793765,10.658269,-4.932671,2017
794,r6i1p1f1,2017,03,05,0.0,6.5261087,-7.3891616,2017
795,r6i1p1f1,2017,03,06,0.0,10.033372,-8.309069,2017
796,r6i1p1f1,2017,03,07,0.0,15.548837,-2.0324922,2017
797,r6i1p1f1,2017,03,08,0.0,13.860743,-0.26830465,2017
798,r6i1p1f1,2017,03,09,17.30366174480804,6.814012,-3.4469402,2017
799,r6i1p1f1,2017,03,10,12.328447356522705,6.652233,-2.2781746,2017
800,r6i1p1f1,2017,03,11,1.8871144793053403,8.060375,-1.9201609,2017
801,r6i1p1f1,2017,03,12,0.04994750912176645,10.550674,-5.64565,2017
802,r6i1p1f1,2017,03,13,8.263953040276691,7.3818064,-3.3370857,2017
803,r6i1p1f1,2017,03,14,6.755621925148607,7.278465,-3.5924203,2017
804,r6i1p1f1,2017,03,15,4.473321643847774,7.208383,-2.7605314,2017
805,r6i1p1f1,2017,03,16,3.9474945955051046,4.582716,-3.806015,2017
806,r6i1p1f1,2017,03,17,17.52805923364579,2.7353017,-4.5714273,2017
807,r6i1p1f1,2017,03,18,0.028651217719564453,5.336292,-9.307905,2017
808,r6i1p1f1,2017,03,19,5.878835597638753,3.5108478,-5.3848376,2017
809,r6i1p1f1,2017,03,20,0.6711465775421426,4.78084,-10.263746,2017
810,r6i1p1f1,2017,03,21,0.25548092678008777,3.4487343,-10.390163,2017
811,r6i1p1f1,2017,03,22,0.011213343837172766,8.5821705,-7.3091583,2017
812,r6i1p1f1,2017,03,23,10.777919488505859,9.510685,-5.239711,2017
813,r6i1p1f1,2017,03,24,22.77622069433917,7.852602,-0.9042859,2017
814,r6i1p1f1,2017,03,25,8.84193654942326,7.39481,-0.588793,2017
815,r6i1p1f1,2017,03,26,14.292168853502885,4.738381,-1.9622239,2017
816,r6i1p1f1,2017,03,27,0.028621417935984307,9.153538,-3.4837456,2017
817,r6i1p1f1,2017,03,28,0.0,10.501568,-3.6390085,2017
818,r6i1p1f1,2017,03,29,0.0,17.463478,-3.8146317,2017
819,r6i1p1f1,2017,03,30,14.740652985923873,10.902941,0.4330759,2017
820,r6i1p1f1,2017,03,31,17.49948664316572,9.525358,0.29504448,2017
821,r6i1p1f1,2017,04,01,0.0,15.211124,-0.70996165,2017
822,r6i1p1f1,2017,04,02,0.2605511517333045,14.528832,0.22715895,2017
823,r6i1p1f1,2017,04,03,0.0,16.000906,-0.3545973,2017
824,r6i1p1f1,2017,04,04,0.013193683728017212,17.375881,-1.7620927,2017
825,r6i1p1f1,2017,04,05,3.1363410428963556,11.258332,-7.432258,2017
826,r6i1p1f1,2017,04,06,0.013647850213463434,3.6043017,-7.334023,2017
827,r6i1p1f1,2017,04,07,0.0,11.522512,-7.0643935,2017
828,r6i1p1f1,2017,04,08,0.0,11.075866,-4.391954,2017
829,r6i1p1f1,2017,04,09,0.7289560407879061,5.9961123,-4.538987,2017
830,r6i1p1f1,2017,04,10,3.6022852817240527,5.6304564,-5.8550086,2017
831,r6i1p1f1,2017,04,11,5.191992581670975,2.7989607,-8.477612,2017
832,r6i1p1f1,2017,04,12,0.07092606658265391,4.5500293,-9.488889,2017
833,r6i1p1f1,2017,04,13,9.872277447165084,1.2778913,-7.2172737,2017
834,r6i1p1f1,2017,04,14,3.4166301868820783,3.0565085,-10.803696,2017
835,r6i1p1f1,2017,04,15,0.008913379708892336,4.1976037,-8.546931,2017
836,r6i1p1f1,2017,04,16,5.73911390365307,4.2241406,-5.2855096,2017
837,r6i1p1f1,2017,04,17,5.728854440464302,2.6268237,-4.8525276,2017
838,r6i1p1f1,2017,04,18,3.1073525512820575,4.8997025,-2.4036605,2017
839,r6i1p1f1,2017,04,19,0.12529802899850623,9.460986,0.18865466,2017
840,r6i1p1f1,2017,04,20,0.0,16.955313,-2.9290168,2017
841,r6i1p1f1,2017,04,21,0.008284209732524752,15.94858,0.12752537,2017
842,r6i1p1f1,2017,04,22,3.2965852512812877,13.74014,-0.8648271,2017
843,r6i1p1f1,2017,04,23,3.006604133417251,13.84924,-1.6967291,2017
844,r6i1p1f1,2017,04,24,0.5966280891397365,12.1209345,-2.3042243,2017
845,r6i1p1f1,2017,04,25,2.6492741911817985,9.779654,-3.2806373,2017
846,r6i1p1f1,2017,04,26,1.4853842121274385,13.700544,-2.8624408,2017
847,r6i1p1f1,2017,04,27,1.7555120707074703,15.521793,1.6568998,2017
848,r6i1p1f1,2017,04,28,1.8761620346361194,18.466425,-1.2455899,2017
849,r6i1p1f1,2017,04,29,0.0,19.447956,3.7214527,2017
850,r6i1p1f1,2017,04,30,3.9300211984728755,12.014058,0.9947638,2017
851,r6i1p1f1,2017,05,01,5.964347197604578,10.839709,-4.0823684,2017
852,r6i1p1f1,2017,05,02,0.006157618133073204,17.738388,0.75150573,2017
853,r6i1p1f1,2017,05,03,2.265454631227055,16.442083,-0.1266915,2017
854,r6i1p1f1,2017,05,04,3.6214917927927472,14.569064,-3.6096642,2017
855,r6i1p1f1,2017,05,05,0.016157761704473333,15.55014,-1.6802708,2017
856,r6i1p1f1,2017,05,06,3.3293249295984433,10.940031,-3.584389,2017
857,r6i1p1f1,2017,05,07,9.797067066367157,11.547632,1.0080314,2017
858,r6i1p1f1,2017,05,08,0.0065139449788391875,18.043497,1.4957075,2017
859,r6i1p1f1,2017,05,09,0.0,19.821077,-1.2228653,2017
860,r6i1p1f1,2017,05,10,0.0,21.916206,3.874085,2017
861,r6i1p1f1,2017,05,11,0.08069832512987067,20.545383,4.867039,2017
862,r6i1p1f1,2017,05,12,2.4359496561288263,13.598363,-2.288972,2017
863,r6i1p1f1,2017,05,13,0.0,20.447546,5.6122637,2017
864,r6i1p1f1,2017,05,14,0.014363754232175015,21.103,5.8076653,2017
865,r6i1p1f1,2017,05,15,8.345206186687673,12.732453,-3.2516632,2017
866,r6i1p1f1,2017,05,16,0.0,14.013828,0.31870374,2017
867,r6i1p1f1,2017,05,17,0.0,20.044462,1.7267485,2017
868,r6i1p1f1,2017,05,18,0.0,20.150263,2.3200428,2017
869,r6i1p1f1,2017,05,19,0.0,20.782352,4.754684,2017
870,r6i1p1f1,2017,05,20,0.0,25.499756,6.9369483,2017
871,r6i1p1f1,2017,05,21,0.0,27.42375,9.064531,2017
872,r6i1p1f1,2017,05,22,0.09437169968798587,25.800413,6.362381,2017
873,r6i1p1f1,2017,05,23,0.0,16.688148,-0.53619117,2017
874,r6i1p1f1,2017,05,24,0.010406021076822747,13.882546,-1.485113,2017
875,r6i1p1f1,2017,05,25,0.021193520342057258,20.735306,0.7974339,2017
876,r6i1p1f1,2017,05,26,0.0,26.203989,5.6496654,2017
877,r6i1p1f1,2017,05,27,0.026353345312531116,27.509096,9.108404,2017
878,r6i1p1f1,2017,05,28,1.1180817821596458,23.685894,6.4223704,2017
879,r6i1p1f1,2017,05,29,0.07577381519695822,24.686684,6.3859844,2017
880,r6i1p1f1,2017,05,30,0.004038078184856798,21.439842,5.114562,2017
881,r6i1p1f1,2017,05,31,0.3679268845660716,13.7644005,5.2669363,2017
882,r6i1p1f1,2017,06,01,0.03299474618375253,18.378202,2.801738,2017
883,r6i1p1f1,2017,06,02,0.014245074970105725,23.905178,5.2951646,2017
884,r6i1p1f1,2017,06,03,0.02074318696349606,21.650982,5.2209263,2017
885,r6i1p1f1,2017,06,04,0.0,17.951189,-1.4602965,2017
886,r6i1p1f1,2017,06,05,0.0,28.082844,7.2066574,2017
887,r6i1p1f1,2017,06,06,0.0,31.959608,11.108113,2017
888,r6i1p1f1,2017,06,07,0.0,33.097195,12.09896,2017
889,r6i1p1f1,2017,06,08,0.0034993809594597042,33.402325,14.06891,2017
890,r6i1p1f1,2017,06,09,0.5779315830721496,32.055664,12.115433,2017
891,r6i1p1f1,2017,06,10,0.0,29.553259,9.852127,2017
892,r6i1p1f1,2017,06,11,0.051626559697716755,27.498316,9.063674,2017
893,r6i1p1f1,2017,06,12,0.160592194962648,25.008038,5.6667147,2017
894,r6i1p1f1,2017,06,13,0.2920719394625459,16.360104,5.3545313,2017
895,r6i1p1f1,2017,06,14,1.0250649393597298,15.422727,2.6199846,2017
896,r6i1p1f1,2017,06,15,0.5713388718419994,20.066242,3.7907183,2017
897,r6i1p1f1,2017,06,16,0.0,23.284426,4.6519003,2017
898,r6i1p1f1,2017,06,17,0.0,25.447388,5.2585263,2017
899,r6i1p1f1,2017,06,18,0.0,26.094522,8.673367,2017
900,r6i1p1f1,2017,06,19,0.0,26.68998,8.172742,2017
901,r6i1p1f1,2017,06,20,1.4295162433228021,23.309357,5.074512,2017
902,r6i1p1f1,2017,06,21,0.05802757564573965,29.89713,8.0126,2017
903,r6i1p1f1,2017,06,22,0.7871900549279,27.828712,10.512921,2017
904,r6i1p1f1,2017,06,23,32.00879583620275,20.483906,4.541403,2017
905,r6i1p1f1,2017,06,24,0.036942062272617995,22.515896,4.897206,2017
906,r6i1p1f1,2017,06,25,0.17065549180636286,27.747498,7.5100336,2017
907,r6i1p1f1,2017,06,26,1.597746928917454,26.882181,9.021097,2017
908,r6i1p1f1,2017,06,27,0.3641334869440132,19.250198,4.1635056,2017
909,r6i1p1f1,2017,06,28,5.0963830275600825,12.181317,2.3611956,2017
910,r6i1p1f1,2017,06,29,15.415856867824145,11.740206,1.8999528,2017
911,r6i1p1f1,2017,06,30,0.0,25.3035,6.3276815,2017
912,r6i1p1f1,2017,07,01,0.007558919074588004,25.26229,4.9111223,2017
913,r6i1p1f1,2017,07,02,1.1071644109546008,22.89502,6.6943593,2017
914,r6i1p1f1,2017,07,03,0.2290765007972403,23.196806,5.6577992,2017
915,r6i1p1f1,2017,07,04,1.5624787474953803,23.616323,6.5305657,2017
916,r6i1p1f1,2017,07,05,0.7977849035775049,25.534502,6.9201465,2017
917,r6i1p1f1,2017,07,06,1.3541140024415048,27.765533,10.270882,2017
918,r6i1p1f1,2017,07,07,0.13214632637744436,29.690342,10.14377,2017
919,r6i1p1f1,2017,07,08,0.10727994756342267,27.186995,9.6701355,2017
920,r6i1p1f1,2017,07,09,0.007440701296814282,26.489717,10.158703,2017
921,r6i1p1f1,2017,07,10,0.0,26.41835,8.7545185,2017
922,r6i1p1f1,2017,07,11,0.0,24.64987,6.3947873,2017
923,r6i1p1f1,2017,07,12,0.0036689032956390114,24.009384,6.697084,2017
924,r6i1p1f1,2017,07,13,0.00010041487310193718,24.285646,11.338401,2017
925,r6i1p1f1,2017,07,14,0.0,27.099928,8.876956,2017
926,r6i1p1f1,2017,07,15,0.0,29.146814,11.564444,2017
927,r6i1p1f1,2017,07,16,0.0,31.747099,11.3007145,2017
928,r6i1p1f1,2017,07,17,0.15554772676405498,33.41769,13.996826,2017
929,r6i1p1f1,2017,07,18,2.1006268747162733,32.350197,13.750552,2017
930,r6i1p1f1,2017,07,19,0.7538843162171129,28.383947,15.653891,2017
931,r6i1p1f1,2017,07,20,1.0078806752108214,27.56156,8.429298,2017
932,r6i1p1f1,2017,07,21,0.30109837518591936,26.870106,10.303327,2017
933,r6i1p1f1,2017,07,22,0.0,24.48608,7.1414905,2017
934,r6i1p1f1,2017,07,23,0.00527477052902981,27.606625,9.452379,2017
935,r6i1p1f1,2017,07,24,0.0,30.12232,11.166466,2017
936,r6i1p1f1,2017,07,25,0.0,32.4692,11.314309,2017
937,r6i1p1f1,2017,07,26,0.0,33.401382,12.497464,2017
938,r6i1p1f1,2017,07,27,0.0,33.034615,12.110842,2017
939,r6i1p1f1,2017,07,28,0.0,34.042164,12.684859,2017
940,r6i1p1f1,2017,07,29,0.0,34.768417,13.650927,2017
941,r6i1p1f1,2017,07,30,0.0,35.258823,14.580039,2017
942,r6i1p1f1,2017,07,31,4.042348277397724,35.65441,15.150468,2017
943,r6i1p1f1,2017,08,01,3.7926153849967252,35.106716,14.613429,2017
944,r6i1p1f1,2017,08,02,0.0,32.958504,13.671495,2017
945,r6i1p1f1,2017,08,03,0.06240376087798562,33.395,15.389976,2017
946,r6i1p1f1,2017,08,04,1.6013133355279099,31.155605,11.548553,2017
947,r6i1p1f1,2017,08,05,0.0,30.535011,11.541536,2017
948,r6i1p1f1,2017,08,06,0.0,30.175678,10.652215,2017
949,r6i1p1f1,2017,08,07,0.0,29.079462,9.498994,2017
950,r6i1p1f1,2017,08,08,0.0,30.373016,8.896785,2017
951,r6i1p1f1,2017,08,09,0.0,30.557625,10.698471,2017
952,r6i1p1f1,2017,08,10,0.008799735857749966,31.151535,10.8934965,2017
953,r6i1p1f1,2017,08,11,0.9233937125324051,29.972229,10.31633,2017
954,r6i1p1f1,2017,08,12,0.8898595877243806,29.18055,11.8975725,2017
955,r6i1p1f1,2017,08,13,10.966064589661304,27.487852,9.669363,2017
956,r6i1p1f1,2017,08,14,0.013031555639032986,24.296745,6.949302,2017
957,r6i1p1f1,2017,08,15,0.0,26.483887,7.818541,2017
958,r6i1p1f1,2017,08,16,0.0,28.935034,9.526728,2017
959,r6i1p1f1,2017,08,17,0.0,30.224081,12.767199,2017
960,r6i1p1f1,2017,08,18,0.0,30.630533,13.32309,2017
961,r6i1p1f1,2017,08,19,0.0,30.341644,12.3151655,2017
962,r6i1p1f1,2017,08,20,0.0,30.875574,11.392657,2017
963,r6i1p1f1,2017,08,21,0.0,33.623524,12.401035,2017
964,r6i1p1f1,2017,08,22,0.0,35.27806,13.98277,2017
965,r6i1p1f1,2017,08,23,0.0,36.17346,14.129313,2017
966,r6i1p1f1,2017,08,24,0.0,31.714323,11.011362,2017
967,r6i1p1f1,2017,08,25,0.0,21.212511,5.0929265,2017
968,r6i1p1f1,2017,08,26,0.0,18.577423,3.4635084,2017
969,r6i1p1f1,2017,08,27,0.0,24.076912,2.8109248,2017
970,r6i1p1f1,2017,08,28,0.3358182558796332,23.401203,5.3047514,2017
971,r6i1p1f1,2017,08,29,2.788941864273725,25.910358,7.195437,2017
972,r6i1p1f1,2017,08,30,0.015725534887459088,32.14447,10.1953745,2017
973,r6i1p1f1,2017,08,31,0.0,32.7352,11.342579,2017
974,r6i1p1f1,2017,09,01,0.0,30.275661,11.881439,2017
975,r6i1p1f1,2017,09,02,0.13785111785980558,30.393503,12.072623,2017
976,r6i1p1f1,2017,09,03,0.0,30.245632,12.222263,2017
977,r6i1p1f1,2017,09,04,0.0,30.539059,11.827025,2017
978,r6i1p1f1,2017,09,05,0.0,30.873405,10.375873,2017
979,r6i1p1f1,2017,09,06,0.0,25.296068,5.42499,2017
980,r6i1p1f1,2017,09,07,0.0,23.378994,5.203342,2017
981,r6i1p1f1,2017,09,08,0.0,25.445358,5.7333007,2017
982,r6i1p1f1,2017,09,09,0.0,28.204445,7.764127,2017
983,r6i1p1f1,2017,09,10,0.0024699355951096724,29.672579,8.666211,2017
984,r6i1p1f1,2017,09,11,0.0,30.539188,9.222245,2017
985,r6i1p1f1,2017,09,12,0.026241882651248365,31.2657,10.293642,2017
986,r6i1p1f1,2017,09,13,0.2736263470885066,30.43647,12.158622,2017
987,r6i1p1f1,2017,09,14,23.714259264906207,22.875137,8.681441,2017
988,r6i1p1f1,2017,09,15,0.8679664647789597,24.019665,9.069941,2017
989,r6i1p1f1,2017,09,16,11.147545289146512,19.744297,5.6884227,2017
990,r6i1p1f1,2017,09,17,40.50164015822183,16.916723,7.089672,2017
991,r6i1p1f1,2017,09,18,14.45101110399616,16.677631,2.1938744,2017
992,r6i1p1f1,2017,09,19,1.9315256968912438,17.733505,2.2833896,2017
993,r6i1p1f1,2017,09,20,0.0,23.49671,6.0987825,2017
994,r6i1p1f1,2017,09,21,0.057091156407867924,25.231949,7.489008,2017
995,r6i1p1f1,2017,09,22,0.0833534274869927,24.922573,7.1473656,2017
996,r6i1p1f1,2017,09,23,0.0020915270641890123,25.063808,7.268176,2017
997,r6i1p1f1,2017,09,24,0.0,25.204796,7.637922,2017
998,r6i1p1f1,2017,09,25,0.0,24.513432,8.494559,2017
999,r6i1p1f1,2017,09,26,0.0008073199254098258,22.289951,7.2205267,2017
1000,r6i1p1f1,2017,09,27,0.0,26.375593,8.145175,2017
1001,r6i1p1f1,2017,09,28,0.0,28.66262,9.440752,2017
1002,r6i1p1f1,2017,09,29,0.0,28.500778,9.059613,2017
1003,r6i1p1f1,2017,09,30,0.0,22.937363,5.544657,2017
1004,r6i1p1f1,2017,10,01,0.14089204955292056,22.430103,4.6172743,2017
1005,r6i1p1f1,2017,10,02,0.0,21.159113,4.145088,2017
1006,r6i1p1f1,2017,10,03,61.38311351873085,16.05123,3.3349829,2017
1007,r6i1p1f1,2017,10,04,8.21103850853134,13.548118,0.3637799,2017
1008,r6i1p1f1,2017,10,05,0.0,18.655779,0.20658275,2017
1009,r6i1p1f1,2017,10,06,0.0,19.159632,3.2352643,2017
1010,r6i1p1f1,2017,10,07,0.0,18.901777,3.101613,2017
1011,r6i1p1f1,2017,10,08,0.0,19.88871,3.831455,2017
1012,r6i1p1f1,2017,10,09,0.0,23.085594,5.410377,2017
1013,r6i1p1f1,2017,10,10,0.0,24.692778,6.065395,2017
1014,r6i1p1f1,2017,10,11,0.0,24.038517,5.9608526,2017
1015,r6i1p1f1,2017,10,12,0.0,23.09205,5.8904724,2017
1016,r6i1p1f1,2017,10,13,0.0,24.600824,5.730423,2017
1017,r6i1p1f1,2017,10,14,0.0,25.741587,5.671653,2017
1018,r6i1p1f1,2017,10,15,0.003685481553396508,22.528294,5.907782,2017
1019,r6i1p1f1,2017,10,16,0.0,19.726896,3.4375699,2017
1020,r6i1p1f1,2017,10,17,0.0,25.829666,4.2858863,2017
1021,r6i1p1f1,2017,10,18,0.0,25.35883,7.6061473,2017
1022,r6i1p1f1,2017,10,19,0.0,25.535744,6.140358,2017
1023,r6i1p1f1,2017,10,20,0.0,25.013735,5.783571,2017
1024,r6i1p1f1,2017,10,21,0.0,25.232594,5.8429255,2017
1025,r6i1p1f1,2017,10,22,0.0,23.720846,5.965763,2017
1026,r6i1p1f1,2017,10,23,0.025401048745364793,18.883818,5.1956153,2017
1027,r6i1p1f1,2017,10,24,0.10772532542879328,15.138097,6.276077,2017
1028,r6i1p1f1,2017,10,25,0.09818068851094157,14.996883,5.423184,2017
1029,r6i1p1f1,2017,10,26,0.011532942058782594,15.337707,2.1880362,2017
1030,r6i1p1f1,2017,10,27,0.0,15.269882,2.0661294,2017
1031,r6i1p1f1,2017,10,28,0.9341882013190604,13.373225,-1.7753981,2017
1032,r6i1p1f1,2017,10,29,0.0,8.410385,-6.5615573,2017
1033,r6i1p1f1,2017,10,30,0.0,9.252865,-6.6089396,2017
1034,r6i1p1f1,2017,10,31,0.06842176510754255,10.062012,-1.205622,2017
1035,r6i1p1f1,2017,11,01,0.008499273314445121,11.922751,-2.5013433,2017
1036,r6i1p1f1,2017,11,02,5.843453844470141,9.658531,2.0304215,2017
1037,r6i1p1f1,2017,11,03,24.579004028602895,9.571447,2.778761,2017
1038,r6i1p1f1,2017,11,04,21.979729394141717,10.096229,-3.6664598,2017
1039,r6i1p1f1,2017,11,05,0.5216379361216578,6.1623044,-3.2814636,2017
1040,r6i1p1f1,2017,11,06,0.0,5.52593,-5.8548765,2017
1041,r6i1p1f1,2017,11,07,0.0,7.234942,-1.8574992,2017
1042,r6i1p1f1,2017,11,08,0.3105009098708747,10.431643,-0.4262178,2017
1043,r6i1p1f1,2017,11,09,0.11614056373720429,13.134376,4.402785,2017
1044,r6i1p1f1,2017,11,10,0.5559396250555486,13.230028,-0.9097341,2017
1045,r6i1p1f1,2017,11,11,0.0,9.926078,-4.566566,2017
1046,r6i1p1f1,2017,11,12,0.0,8.80604,-5.7124186,2017
1047,r6i1p1f1,2017,11,13,0.0,8.870822,-5.6017785,2017
1048,r6i1p1f1,2017,11,14,0.0,12.244696,-3.7587302,2017
1049,r6i1p1f1,2017,11,15,0.0,13.339407,-2.7135465,2017
1050,r6i1p1f1,2017,11,16,0.0,14.625221,-1.1150992,2017
1051,r6i1p1f1,2017,11,17,0.0,18.355032,-0.7931717,2017
1052,r6i1p1f1,2017,11,18,0.0,16.5731,1.8900882,2017
1053,r6i1p1f1,2017,11,19,0.0,15.202642,0.18219252,2017
1054,r6i1p1f1,2017,11,20,0.0,14.242505,-2.251035,2017
1055,r6i1p1f1,2017,11,21,0.0,13.952119,-2.4068012,2017
1056,r6i1p1f1,2017,11,22,0.0,12.987066,0.010978531,2017
1057,r6i1p1f1,2017,11,23,1.012384972723852,9.872492,2.4747827,2017
1058,r6i1p1f1,2017,11,24,6.3861843029686804,6.7868443,-3.1792636,2017
1059,r6i1p1f1,2017,11,25,0.17462540293292808,7.58909,-6.7814975,2017
1060,r6i1p1f1,2017,11,26,0.0,11.701062,-3.889641,2017
1061,r6i1p1f1,2017,11,27,1.6550694586069152,9.097437,-4.1383996,2017
1062,r6i1p1f1,2017,11,28,2.292279223809407,5.7829657,-2.4255464,2017
1063,r6i1p1f1,2017,11,29,0.0,6.5288377,-3.7657433,2017
1064,r6i1p1f1,2017,11,30,16.00816041643299,8.911884,0.800968,2017
1065,r6i1p1f1,2017,12,01,13.261312310082731,10.872828,3.631171,2017
1066,r6i1p1f1,2017,12,02,0.0,12.371433,-1.1232622,2017
1067,r6i1p1f1,2017,12,03,0.037615166687374586,10.503701,-0.27680656,2017
1068,r6i1p1f1,2017,12,04,16.033217455643737,6.204102,0.15096265,2017
1069,r6i1p1f1,2017,12,05,0.014745169196170587,7.929927,-3.2151546,2017
1070,r6i1p1f1,2017,12,06,0.05123467474375712,9.120999,-3.9898927,2017
1071,r6i1p1f1,2017,12,07,0.0,8.234991,-5.8842096,2017
1072,r6i1p1f1,2017,12,08,0.0,11.0296755,-4.6911182,2017
1073,r6i1p1f1,2017,12,09,0.0,9.249459,-2.00168,2017
1074,r6i1p1f1,2017,12,10,0.0,7.9815564,-7.5846806,2017
1075,r6i1p1f1,2017,12,11,0.0,2.6504984,-11.674549,2017
1076,r6i1p1f1,2017,12,12,0.0,3.2669408,-10.925979,2017
1077,r6i1p1f1,2017,12,13,0.0,3.625675,-10.503449,2017
1078,r6i1p1f1,2017,12,14,0.029680837878976928,4.9481215,-4.822596,2017
1079,r6i1p1f1,2017,12,15,0.09689070700651228,5.4872184,-1.6573184,2017
1080,r6i1p1f1,2017,12,16,10.587722858068915,3.8712118,-3.1570814,2017
1081,r6i1p1f1,2017,12,17,0.39950869680291595,6.347432,-5.791951,2017
1082,r6i1p1f1,2017,12,18,0.021928123909774604,6.78603,-6.4074125,2017
1083,r6i1p1f1,2017,12,19,0.4837665782016355,5.887745,-2.4450688,2017
1084,r6i1p1f1,2017,12,20,0.015683700527484617,7.4717493,0.20869452,2017
1085,r6i1p1f1,2017,12,21,11.853802706412706,3.2791877,-1.6369797,2017
1086,r6i1p1f1,2017,12,22,1.3116236968434454,4.9221354,-8.252437,2017
1087,r6i1p1f1,2017,12,23,0.0,0.12005614,-13.056155,2017
1088,r6i1p1f1,2017,12,24,12.92162902038568,-0.6602467,-12.379465,2017
1089,r6i1p1f1,2017,12,25,1.3041715429289906,1.6803163,-12.643156,2017
1090,r6i1p1f1,2017,12,26,0.0,2.567029,-13.255895,2017
1091,r6i1p1f1,2017,12,27,0.9293051932778551,-0.013907599,-10.11275,2017
1092,r6i1p1f1,2017,12,28,1.853317180822723,2.6869767,-5.617933,2017
1093,r6i1p1f1,2017,12,29,0.0,4.6943946,-9.313942,2017
1094,r6i1p1f1,2017,12,30,0.3506315919621615,2.2593207,-9.055291,2017
1095,r6i1p1f1,2017,12,31,5.361305847820169,2.4587665,-4.8546877,2017
1096,r6i1p1f1,2018,01,01,21.588547590539857,2.6196628,-4.5625834,2018
1097,r6i1p1f1,2018,01,02,0.0009555218418744526,4.5437665,-5.7939663,2018
1098,r6i1p1f1,2018,01,03,0.0,4.210184,-10.906923,2018
1099,r6i1p1f1,2018,01,04,0.0,4.819105,-8.913753,2018
1100,r6i1p1f1,2018,01,05,0.0,6.832482,-7.2659454,2018
1101,r6i1p1f1,2018,01,06,0.0,8.3198395,-7.2156873,2018
1102,r6i1p1f1,2018,01,07,0.020759243240515503,8.64011,-3.3125465,2018
1103,r6i1p1f1,2018,01,08,0.11455018183700283,8.195751,-3.4591997,2018
1104,r6i1p1f1,2018,01,09,8.937154172813628,9.524922,0.5420343,2018
1105,r6i1p1f1,2018,01,10,4.1063107362307045,7.0465536,0.7459176,2018
1106,r6i1p1f1,2018,01,11,17.855130631826572,5.679055,-0.18175317,2018
1107,r6i1p1f1,2018,01,12,14.781194608036031,6.170522,-3.3961473,2018
1108,r6i1p1f1,2018,01,13,1.20020667367477,2.9470413,-8.63908,2018
1109,r6i1p1f1,2018,01,14,0.2865910436604509,1.9151629,-11.027517,2018
1110,r6i1p1f1,2018,01,15,2.553957424601626,-3.2836144,-12.752031,2018
1111,r6i1p1f1,2018,01,16,0.1015830892087162,-3.308025,-12.644823,2018
1112,r6i1p1f1,2018,01,17,0.0,-0.29720664,-15.018086,2018
1113,r6i1p1f1,2018,01,18,0.0,-1.3801185,-13.612122,2018
1114,r6i1p1f1,2018,01,19,0.0,1.1934435,-14.357672,2018
1115,r6i1p1f1,2018,01,20,11.555563202134115,-2.1754394,-13.771256,2018
1116,r6i1p1f1,2018,01,21,13.620185467735556,0.28287297,-9.041461,2018
1117,r6i1p1f1,2018,01,22,0.1422890890280872,3.3487692,-13.625538,2018
1118,r6i1p1f1,2018,01,23,14.97329850405293,2.5107744,-7.194555,2018
1119,r6i1p1f1,2018,01,24,20.024901503863447,4.8654003,-4.636234,2018
1120,r6i1p1f1,2018,01,25,28.36926011409698,5.7721252,-7.671023,2018
1121,r6i1p1f1,2018,01,26,26.436757986803208,5.982479,-1.2931795,2018
1122,r6i1p1f1,2018,01,27,13.072848614620998,3.7825158,-6.7636337,2018
1123,r6i1p1f1,2018,01,28,0.0,4.126528,-13.00444,2018
1124,r6i1p1f1,2018,01,29,0.0,5.282727,-11.278536,2018
1125,r6i1p1f1,2018,01,30,6.5785384371063165,6.791148,-8.14269,2018
1126,r6i1p1f1,2018,01,31,23.271994975303322,9.794213,-1.2966584,2018
1127,r6i1p1f1,2018,02,01,12.525605136992048,9.530728,-1.8061373,2018
1128,r6i1p1f1,2018,02,02,0.0,12.401231,-3.83022,2018
1129,r6i1p1f1,2018,02,03,0.0022672717685983945,10.531759,-0.45249763,2018
1130,r6i1p1f1,2018,02,04,3.306749540598794,8.956372,0.8357546,2018
1131,r6i1p1f1,2018,02,05,0.003952698060074937,8.245157,-0.16007191,2018
1132,r6i1p1f1,2018,02,06,0.0,11.600742,-3.9279318,2018
1133,r6i1p1f1,2018,02,07,0.0,13.169454,-3.2546809,2018
1134,r6i1p1f1,2018,02,08,0.0,14.816863,-1.9425302,2018
1135,r6i1p1f1,2018,02,09,0.0,14.254683,-1.6455448,2018
1136,r6i1p1f1,2018,02,10,0.002353693450407092,12.2225065,-4.6557155,2018
1137,r6i1p1f1,2018,02,11,1.236615951275882,0.5610552,-8.26524,2018
1138,r6i1p1f1,2018,02,12,0.0015602934593359683,0.001787733,-12.386529,2018
1139,r6i1p1f1,2018,02,13,0.0,1.1632584,-13.860635,2018
1140,r6i1p1f1,2018,02,14,0.0,5.8168435,-10.122907,2018
1141,r6i1p1f1,2018,02,15,0.0,10.106361,-5.9994764,2018
1142,r6i1p1f1,2018,02,16,0.0,13.221844,-3.2162693,2018
1143,r6i1p1f1,2018,02,17,0.0,14.683172,-1.9871919,2018
1144,r6i1p1f1,2018,02,18,0.0003527945207855263,13.443397,-3.1556869,2018
1145,r6i1p1f1,2018,02,19,0.0,14.009081,-2.8589115,2018
1146,r6i1p1f1,2018,02,20,0.0,12.185447,-3.6019883,2018
1147,r6i1p1f1,2018,02,21,0.0,13.5576935,-2.6976414,2018
1148,r6i1p1f1,2018,02,22,0.0,14.627491,-2.2634165,2018
1149,r6i1p1f1,2018,02,23,0.0,14.009441,-1.3501297,2018
1150,r6i1p1f1,2018,02,24,0.0,13.716215,-1.2905457,2018
1151,r6i1p1f1,2018,02,25,0.0,14.687245,-1.4876704,2018
1152,r6i1p1f1,2018,02,26,0.0,15.816306,-0.07062521,2018
1153,r6i1p1f1,2018,02,27,10.146003690789378,12.983728,-0.7046397,2018
1154,r6i1p1f1,2018,02,28,3.05405063313033,4.5886264,-0.82455295,2018
1155,r6i1p1f1,2018,03,01,0.5969651686683026,8.271046,-4.032234,2018
1156,r6i1p1f1,2018,03,02,0.023562056610083485,12.243321,-0.9163151,2018
1157,r6i1p1f1,2018,03,03,0.0,14.389779,-0.15798186,2018
1158,r6i1p1f1,2018,03,04,0.0,13.889022,-5.85498,2018
1159,r6i1p1f1,2018,03,05,0.0,16.228815,-1.526022,2018
1160,r6i1p1f1,2018,03,06,0.02952596930665512,12.52204,1.2278116,2018
1161,r6i1p1f1,2018,03,07,2.8266703695680957,9.76347,1.2588742,2018
1162,r6i1p1f1,2018,03,08,13.65567343529317,5.0892415,-3.388432,2018
1163,r6i1p1f1,2018,03,09,6.087455108742437,-0.87423456,-14.19725,2018
1164,r6i1p1f1,2018,03,10,8.020645501461747,-2.0029595,-15.057071,2018
1165,r6i1p1f1,2018,03,11,2.144173334216735,1.3960757,-9.118409,2018
1166,r6i1p1f1,2018,03,12,8.58140747790514,3.285746,-3.8529508,2018
1167,r6i1p1f1,2018,03,13,0.0,6.601409,-12.080672,2018
1168,r6i1p1f1,2018,03,14,0.0,4.495383,-8.450822,2018
1169,r6i1p1f1,2018,03,15,0.04052485448564577,3.7297688,-10.17739,2018
1170,r6i1p1f1,2018,03,16,0.0,3.0448363,-11.444267,2018
1171,r6i1p1f1,2018,03,17,0.0,7.745856,-9.093713,2018
1172,r6i1p1f1,2018,03,18,0.0,9.200366,-3.4605887,2018
1173,r6i1p1f1,2018,03,19,5.953272528260333,6.607136,-7.040959,2018
1174,r6i1p1f1,2018,03,20,6.657035352706378,8.427292,-1.0131705,2018
1175,r6i1p1f1,2018,03,21,0.9021718295915107,4.9993477,-11.647292,2018
1176,r6i1p1f1,2018,03,22,7.220079216751779,2.5531807,-7.444122,2018
1177,r6i1p1f1,2018,03,23,0.011552987427396336,7.8325667,-8.871695,2018
1178,r6i1p1f1,2018,03,24,0.0,12.092035,-4.56336,2018
1179,r6i1p1f1,2018,03,25,0.0,13.685485,-2.7887924,2018
1180,r6i1p1f1,2018,03,26,0.047044793856274525,9.635936,0.6143908,2018
1181,r6i1p1f1,2018,03,27,0.10114735392943683,12.695898,-0.6053812,2018
1182,r6i1p1f1,2018,03,28,0.0,17.640673,-2.6711605,2018
1183,r6i1p1f1,2018,03,29,0.0,20.147732,-0.93829334,2018
1184,r6i1p1f1,2018,03,30,0.2349073140899253,16.792126,-1.1912451,2018
1185,r6i1p1f1,2018,03,31,16.56697433488263,8.47533,-2.703764,2018
1186,r6i1p1f1,2018,04,01,5.148536395020304,3.3405738,-9.575314,2018
1187,r6i1p1f1,2018,04,02,6.376044681103653,2.2932167,-10.4001,2018
1188,r6i1p1f1,2018,04,03,6.7437089056707915,4.678763,-6.277751,2018
1189,r6i1p1f1,2018,04,04,0.3499295999767053,8.513771,-0.9407658,2018
1190,r6i1p1f1,2018,04,05,0.0,8.686069,-3.759385,2018
1191,r6i1p1f1,2018,04,06,0.3208621377324256,5.599169,-1.7619809,2018
1192,r6i1p1f1,2018,04,07,2.6465791588128083,3.8024797,-3.5083117,2018
1193,r6i1p1f1,2018,04,08,0.01521405635531275,11.744148,-6.3345084,2018
1194,r6i1p1f1,2018,04,09,0.0,12.720789,-1.3249269,2018
1195,r6i1p1f1,2018,04,10,0.0008725811096300525,9.9091625,-1.9357781,2018
1196,r6i1p1f1,2018,04,11,0.1780208692856178,17.76961,-0.8839275,2018
1197,r6i1p1f1,2018,04,12,0.0,16.953295,0.43569168,2018
1198,r6i1p1f1,2018,04,13,3.916466523057504,8.600192,-8.151436,2018
1199,r6i1p1f1,2018,04,14,0.0,7.3718405,-7.5733924,2018
1200,r6i1p1f1,2018,04,15,6.134230070728458e-05,11.160821,-5.8764234,2018
1201,r6i1p1f1,2018,04,16,1.0085095297344688,11.599931,0.9695493,2018
1202,r6i1p1f1,2018,04,17,0.037323349942549024,16.668203,1.6593186,2018
1203,r6i1p1f1,2018,04,18,0.0,16.418665,3.8164537,2018
1204,r6i1p1f1,2018,04,19,0.0,18.109003,1.3413584,2018
1205,r6i1p1f1,2018,04,20,2.3344827966173254,15.758471,2.247611,2018
1206,r6i1p1f1,2018,04,21,12.860620748134078,10.680611,-5.6627727,2018
1207,r6i1p1f1,2018,04,22,0.0405976438771725,8.968573,-1.9864476,2018
1208,r6i1p1f1,2018,04,23,0.0,12.724667,-2.429056,2018
1209,r6i1p1f1,2018,04,24,0.0,16.518026,-2.1423805,2018
1210,r6i1p1f1,2018,04,25,0.012055231721321134,16.433346,3.753337,2018
1211,r6i1p1f1,2018,04,26,0.07928793872740192,18.687582,-0.3023923,2018
1212,r6i1p1f1,2018,04,27,0.0387876822933244,17.667858,-0.11676674,2018
1213,r6i1p1f1,2018,04,28,0.09915089868981915,19.691294,2.1374443,2018
1214,r6i1p1f1,2018,04,29,0.029716687745171763,22.704535,6.6112876,2018
1215,r6i1p1f1,2018,04,30,0.00044032010205585575,22.53292,4.1581135,2018
1216,r6i1p1f1,2018,05,01,0.49500884227038133,15.785525,-2.0336714,2018
1217,r6i1p1f1,2018,05,02,0.8716156599746198,9.32501,-2.4552383,2018
1218,r6i1p1f1,2018,05,03,0.023186987617710392,18.524202,0.16369721,2018
1219,r6i1p1f1,2018,05,04,0.0,20.012465,0.2894416,2018
1220,r6i1p1f1,2018,05,05,0.0,20.357763,5.940429,2018
1221,r6i1p1f1,2018,05,06,5.451437157307615,14.997665,3.0889318,2018
1222,r6i1p1f1,2018,05,07,6.531626338951883,14.068624,-1.89905,2018
1223,r6i1p1f1,2018,05,08,3.9733145783316712,14.39592,2.1980622,2018
1224,r6i1p1f1,2018,05,09,2.7884076488184033,16.633991,-2.5687742,2018
1225,r6i1p1f1,2018,05,10,5.80878867413617,16.87346,-1.1185204,2018
1226,r6i1p1f1,2018,05,11,3.9030164130094236,16.016851,3.2747822,2018
1227,r6i1p1f1,2018,05,12,0.398505908942937,17.732,4.8779607,2018
1228,r6i1p1f1,2018,05,13,0.7059579789848116,21.629747,4.8188024,2018
1229,r6i1p1f1,2018,05,14,10.173190362440426,15.467458,-3.6130395,2018
1230,r6i1p1f1,2018,05,15,0.00030640205800212735,14.940886,-1.3606441,2018
1231,r6i1p1f1,2018,05,16,0.387253671952272,15.599115,-3.575517,2018
1232,r6i1p1f1,2018,05,17,0.4204739439177295,15.069806,-0.38547248,2018
1233,r6i1p1f1,2018,05,18,0.02059461337062249,23.440577,5.362117,2018
1234,r6i1p1f1,2018,05,19,0.0,23.066507,6.7493043,2018
1235,r6i1p1f1,2018,05,20,0.032815446062724844,19.498505,3.7405899,2018
1236,r6i1p1f1,2018,05,21,0.054932540279270484,19.20966,0.6997959,2018
1237,r6i1p1f1,2018,05,22,0.0008440855297858303,17.346687,1.3312694,2018
1238,r6i1p1f1,2018,05,23,0.6328413379553613,14.640953,1.0532868,2018
1239,r6i1p1f1,2018,05,24,0.06451391739203424,17.310726,1.2882619,2018
1240,r6i1p1f1,2018,05,25,2.091725723506317,13.514149,-1.4536718,2018
1241,r6i1p1f1,2018,05,26,1.847064944688309,10.926403,-0.8730568,2018
1242,r6i1p1f1,2018,05,27,2.954443615526504,14.8060255,0.26701385,2018
1243,r6i1p1f1,2018,05,28,1.4433367621356636,16.773,4.9964294,2018
1244,r6i1p1f1,2018,05,29,0.07580400447507142,18.969261,4.1559305,2018
1245,r6i1p1f1,2018,05,30,5.954448729690807,15.6311655,1.0453359,2018
1246,r6i1p1f1,2018,05,31,2.38283086190269,11.334827,-1.5601391,2018
1247,r6i1p1f1,2018,06,01,0.1152754460669971,16.850111,0.93937993,2018
1248,r6i1p1f1,2018,06,02,0.08411906678821603,17.677862,4.831114,2018
1249,r6i1p1f1,2018,06,03,0.0096393946914234,18.733469,3.9709172,2018
1250,r6i1p1f1,2018,06,04,0.14137310211241588,17.877117,3.9823112,2018
1251,r6i1p1f1,2018,06,05,8.15467343525219,8.9200325,-1.0156986,2018
1252,r6i1p1f1,2018,06,06,1.204960944805993,11.575467,-3.579789,2018
1253,r6i1p1f1,2018,06,07,8.805961809837935,10.198263,1.5528435,2018
1254,r6i1p1f1,2018,06,08,1.0215532335345312,11.521931,-1.0493581,2018
1255,r6i1p1f1,2018,06,09,6.79547672602726,9.04364,-3.1213617,2018
1256,r6i1p1f1,2018,06,10,11.525192165074895,7.628241,-2.9700906,2018
1257,r6i1p1f1,2018,06,11,0.0,20.484623,1.9403796,2018
1258,r6i1p1f1,2018,06,12,0.0,24.645895,5.972319,2018
1259,r6i1p1f1,2018,06,13,2.36408862509219,17.515257,1.0909497,2018
1260,r6i1p1f1,2018,06,14,0.0,22.185505,4.574866,2018
1261,r6i1p1f1,2018,06,15,0.01834677837197711,22.761114,5.8703933,2018
1262,r6i1p1f1,2018,06,16,0.21226326543487636,18.036295,4.576215,2018
1263,r6i1p1f1,2018,06,17,0.0,24.218111,4.6039767,2018
1264,r6i1p1f1,2018,06,18,0.0,25.510643,7.065051,2018
1265,r6i1p1f1,2018,06,19,0.0,25.893139,6.253737,2018
1266,r6i1p1f1,2018,06,20,3.306532850036822,18.171299,4.0208564,2018
1267,r6i1p1f1,2018,06,21,0.0,20.553514,3.641292,2018
1268,r6i1p1f1,2018,06,22,0.0,26.139822,5.8254476,2018
1269,r6i1p1f1,2018,06,23,0.0,28.44833,7.350724,2018
1270,r6i1p1f1,2018,06,24,11.072381737612654,16.39509,5.514235,2018
1271,r6i1p1f1,2018,06,25,3.918316349061104,17.92063,5.151739,2018
1272,r6i1p1f1,2018,06,26,0.0006436906004088613,26.590569,7.515721,2018
1273,r6i1p1f1,2018,06,27,0.0,30.573952,9.863737,2018
1274,r6i1p1f1,2018,06,28,0.0,32.48017,11.879941,2018
1275,r6i1p1f1,2018,06,29,0.0,31.630386,11.839451,2018
1276,r6i1p1f1,2018,06,30,0.0,29.210201,10.18069,2018
1277,r6i1p1f1,2018,07,01,0.0,31.654663,9.412288,2018
1278,r6i1p1f1,2018,07,02,0.0,31.917984,11.158774,2018
1279,r6i1p1f1,2018,07,03,0.0,31.32676,10.29886,2018
1280,r6i1p1f1,2018,07,04,0.0,29.386278,9.111726,2018
1281,r6i1p1f1,2018,07,05,0.0,27.99397,10.648615,2018
1282,r6i1p1f1,2018,07,06,0.0,24.75251,6.4974914,2018
1283,r6i1p1f1,2018,07,07,0.09149890808771063,22.43979,7.8392363,2018
1284,r6i1p1f1,2018,07,08,0.0,23.624279,5.513071,2018
1285,r6i1p1f1,2018,07,09,0.0,26.513687,6.748388,2018
1286,r6i1p1f1,2018,07,10,0.0,31.189846,9.586796,2018
1287,r6i1p1f1,2018,07,11,0.0,34.25777,12.512011,2018
1288,r6i1p1f1,2018,07,12,0.0,34.014122,12.8907585,2018
1289,r6i1p1f1,2018,07,13,0.0,32.871655,12.118695,2018
1290,r6i1p1f1,2018,07,14,0.0,31.860811,11.603738,2018
1291,r6i1p1f1,2018,07,15,0.0,32.056835,12.183027,2018
1292,r6i1p1f1,2018,07,16,0.0,32.3426,12.743126,2018
1293,r6i1p1f1,2018,07,17,0.027291625612516017,31.961838,12.564203,2018
1294,r6i1p1f1,2018,07,18,0.6656078865837738,31.64263,11.355424,2018
1295,r6i1p1f1,2018,07,19,0.05759883891769064,31.562525,12.765606,2018
1296,r6i1p1f1,2018,07,20,0.35831519329977046,31.333254,12.2901125,2018
1297,r6i1p1f1,2018,07,21,0.004717420305394894,32.325138,15.105335,2018
1298,r6i1p1f1,2018,07,22,0.04342305621135739,30.559381,11.27837,2018
1299,r6i1p1f1,2018,07,23,0.1100811856869884,28.693518,10.549487,2018
1300,r6i1p1f1,2018,07,24,3.201801080565604,30.2361,10.183391,2018
1301,r6i1p1f1,2018,07,25,0.608216793031017,29.790339,11.598675,2018
1302,r6i1p1f1,2018,07,26,0.0003258331580747582,29.854586,12.957773,2018
1303,r6i1p1f1,2018,07,27,0.0,30.776398,14.39309,2018
1304,r6i1p1f1,2018,07,28,0.21258591026958845,30.018137,10.546225,2018
1305,r6i1p1f1,2018,07,29,0.0,26.49398,8.011485,2018
1306,r6i1p1f1,2018,07,30,0.0,30.438936,8.608566,2018
1307,r6i1p1f1,2018,07,31,0.0,31.836132,9.6015415,2018
1308,r6i1p1f1,2018,08,01,0.0,33.041508,11.742013,2018
1309,r6i1p1f1,2018,08,02,0.0,33.11127,12.257814,2018
1310,r6i1p1f1,2018,08,03,0.0,32.220524,11.090288,2018
1311,r6i1p1f1,2018,08,04,0.0,31.276917,9.395548,2018
1312,r6i1p1f1,2018,08,05,0.0,33.06752,10.469728,2018
1313,r6i1p1f1,2018,08,06,0.0,33.741608,11.78087,2018
1314,r6i1p1f1,2018,08,07,0.0985624598584187,33.896812,12.327666,2018
1315,r6i1p1f1,2018,08,08,0.184636198776353,34.81567,14.009227,2018
1316,r6i1p1f1,2018,08,09,2.4500079893051785,33.634983,12.233489,2018
1317,r6i1p1f1,2018,08,10,2.8198054423674797,33.47082,11.565076,2018
1318,r6i1p1f1,2018,08,11,2.687709458424207,33.564053,12.15858,2018
1319,r6i1p1f1,2018,08,12,0.1481823095319824,33.01617,12.457749,2018
1320,r6i1p1f1,2018,08,13,0.03228331546442019,31.857965,11.923754,2018
1321,r6i1p1f1,2018,08,14,0.00026062461974388977,30.651106,10.536337,2018
1322,r6i1p1f1,2018,08,15,0.0,30.890846,10.239052,2018
1323,r6i1p1f1,2018,08,16,0.0,31.167795,10.238262,2018
1324,r6i1p1f1,2018,08,17,0.0,29.692686,8.625884,2018
1325,r6i1p1f1,2018,08,18,0.005120159442775959,26.079895,8.228942,2018
1326,r6i1p1f1,2018,08,19,0.0,24.927038,5.6507697,2018
1327,r6i1p1f1,2018,08,20,0.0,25.438326,6.9138436,2018
1328,r6i1p1f1,2018,08,21,0.0,28.762915,7.810723,2018
1329,r6i1p1f1,2018,08,22,0.0,31.895441,10.35802,2018
1330,r6i1p1f1,2018,08,23,0.0,30.596622,9.4551525,2018
1331,r6i1p1f1,2018,08,24,0.0,25.787487,5.8099465,2018
1332,r6i1p1f1,2018,08,25,1.027326563263353,18.361246,2.1822493,2018
1333,r6i1p1f1,2018,08,26,0.186119173037272,16.551672,-0.7594602,2018
1334,r6i1p1f1,2018,08,27,0.0,25.100815,3.2884843,2018
1335,r6i1p1f1,2018,08,28,0.0,27.339888,4.9165845,2018
1336,r6i1p1f1,2018,08,29,0.0,26.1215,5.7644744,2018
1337,r6i1p1f1,2018,08,30,0.0,28.109543,7.1009784,2018
1338,r6i1p1f1,2018,08,31,0.0,29.466782,7.5007677,2018
1339,r6i1p1f1,2018,09,01,0.0,29.318394,10.269119,2018
1340,r6i1p1f1,2018,09,02,0.0,27.356657,7.9119644,2018
1341,r6i1p1f1,2018,09,03,0.0,27.116484,7.9291897,2018
1342,r6i1p1f1,2018,09,04,0.0,27.130249,7.8540974,2018
1343,r6i1p1f1,2018,09,05,0.1769892948943077,25.168318,5.4135585,2018
1344,r6i1p1f1,2018,09,06,1.137002965408965,17.807041,1.9141347,2018
1345,r6i1p1f1,2018,09,07,0.012856346395764771,17.10037,0.70455563,2018
1346,r6i1p1f1,2018,09,08,0.06293530279308442,19.285345,2.6512163,2018
1347,r6i1p1f1,2018,09,09,0.0,23.414797,4.7876267,2018
1348,r6i1p1f1,2018,09,10,0.0,29.542128,8.773384,2018
1349,r6i1p1f1,2018,09,11,0.0,31.529697,9.80344,2018
1350,r6i1p1f1,2018,09,12,6.1024324102964366e-05,32.42362,11.493094,2018
1351,r6i1p1f1,2018,09,13,0.004404552247552455,32.949272,11.437951,2018
1352,r6i1p1f1,2018,09,14,1.942897254708662,32.606422,13.491949,2018
1353,r6i1p1f1,2018,09,15,0.7478870929207769,25.099674,9.882556,2018
1354,r6i1p1f1,2018,09,16,5.370084182966399,23.338028,5.6928525,2018
1355,r6i1p1f1,2018,09,17,2.4752588592016598,25.987326,6.769668,2018
1356,r6i1p1f1,2018,09,18,0.0,24.604961,6.5873632,2018
1357,r6i1p1f1,2018,09,19,0.6602712619462715,22.584593,6.894527,2018
1358,r6i1p1f1,2018,09,20,0.0776474959544325,22.517132,5.304336,2018
1359,r6i1p1f1,2018,09,21,0.0,24.500881,5.988849,2018
1360,r6i1p1f1,2018,09,22,0.0,24.94427,8.124189,2018
1361,r6i1p1f1,2018,09,23,0.0,24.278507,7.274945,2018
1362,r6i1p1f1,2018,09,24,0.0,31.237833,9.117681,2018
1363,r6i1p1f1,2018,09,25,0.0,32.65737,12.466698,2018
1364,r6i1p1f1,2018,09,26,0.0,31.893055,10.7907915,2018
1365,r6i1p1f1,2018,09,27,0.0,27.484072,7.970588,2018
1366,r6i1p1f1,2018,09,28,0.0,18.656439,2.4888706,2018
1367,r6i1p1f1,2018,09,29,0.0,20.985624,2.582848,2018
1368,r6i1p1f1,2018,09,30,0.0,23.616508,4.660242,2018
1369,r6i1p1f1,2018,10,01,0.0,25.516338,7.435633,2018
1370,r6i1p1f1,2018,10,02,0.0,26.064823,7.426719,2018
1371,r6i1p1f1,2018,10,03,0.0,27.891333,6.3090854,2018
1372,r6i1p1f1,2018,10,04,0.0028577759510522408,26.937422,4.9693737,2018
1373,r6i1p1f1,2018,10,05,0.0,19.045374,-1.289616,2018
1374,r6i1p1f1,2018,10,06,6.02915121620363,13.554339,-1.1025428,2018
1375,r6i1p1f1,2018,10,07,2.540594355271451,13.6761465,2.057202,2018
1376,r6i1p1f1,2018,10,08,0.6098778485868641,16.767859,2.5379455,2018
1377,r6i1p1f1,2018,10,09,2.6380458126921162,16.922476,2.6253304,2018
1378,r6i1p1f1,2018,10,10,0.024370555261626365,16.320469,3.2151232,2018
1379,r6i1p1f1,2018,10,11,0.0037265635825862414,15.370102,-0.21437778,2018
1380,r6i1p1f1,2018,10,12,1.5200189559880504,8.121401,-5.378743,2018
1381,r6i1p1f1,2018,10,13,0.0,10.005107,-7.7469926,2018
1382,r6i1p1f1,2018,10,14,0.0,15.972101,-5.4139643,2018
1383,r6i1p1f1,2018,10,15,0.0,17.449253,-1.5337435,2018
1384,r6i1p1f1,2018,10,16,0.0,17.790976,-1.1647497,2018
1385,r6i1p1f1,2018,10,17,0.0,17.128044,-1.4653121,2018
1386,r6i1p1f1,2018,10,18,0.0,15.68444,-1.1131678,2018
1387,r6i1p1f1,2018,10,19,0.0,13.630381,-2.9078746,2018
1388,r6i1p1f1,2018,10,20,0.0,19.78527,-0.6081082,2018
1389,r6i1p1f1,2018,10,21,0.0,23.094618,2.6502094,2018
1390,r6i1p1f1,2018,10,22,0.0,23.07528,3.6755707,2018
1391,r6i1p1f1,2018,10,23,0.0,23.05285,4.1572237,2018
1392,r6i1p1f1,2018,10,24,0.0,19.969814,3.545457,2018
1393,r6i1p1f1,2018,10,25,0.0,21.19865,4.132309,2018
1394,r6i1p1f1,2018,10,26,0.0,21.696566,3.647153,2018
1395,r6i1p1f1,2018,10,27,0.0,19.047632,1.9496267,2018
1396,r6i1p1f1,2018,10,28,0.0,17.7711,-0.59400237,2018
1397,r6i1p1f1,2018,10,29,0.0,18.178028,-0.53712827,2018
1398,r6i1p1f1,2018,10,30,0.0,16.876318,-2.2262168,2018
1399,r6i1p1f1,2018,10,31,0.004442023857034253,10.416195,0.9165729,2018
1400,r6i1p1f1,2018,11,01,0.0,12.688724,-0.96986526,2018
1401,r6i1p1f1,2018,11,02,0.005568752304555894,17.266157,-1.6962906,2018
1402,r6i1p1f1,2018,11,03,0.026188382310916,16.68822,3.1776795,2018
1403,r6i1p1f1,2018,11,04,0.09006776940657267,17.115255,4.7252927,2018
1404,r6i1p1f1,2018,11,05,0.0,17.193338,2.1380146,2018
1405,r6i1p1f1,2018,11,06,0.026332522115076806,16.489523,2.7486436,2018
1406,r6i1p1f1,2018,11,07,30.693251889552183,10.464853,4.6828265,2018
1407,r6i1p1f1,2018,11,08,4.06487515010502,10.2405,-2.7030377,2018
1408,r6i1p1f1,2018,11,09,0.0,8.750694,-3.0595896,2018
1409,r6i1p1f1,2018,11,10,0.0,11.05783,-3.6969848,2018
1410,r6i1p1f1,2018,11,11,0.0,12.201797,-4.476894,2018
1411,r6i1p1f1,2018,11,12,0.0,12.580962,-3.2229426,2018
1412,r6i1p1f1,2018,11,13,0.0,12.607569,-1.7624296,2018
1413,r6i1p1f1,2018,11,14,0.16446299165830158,9.521555,0.81609094,2018
1414,r6i1p1f1,2018,11,15,0.020283149285411202,11.066197,-1.3480827,2018
1415,r6i1p1f1,2018,11,16,0.04988682659695273,11.058362,-2.0061603,2018
1416,r6i1p1f1,2018,11,17,2.579468121313182,9.002286,0.30367023,2018
1417,r6i1p1f1,2018,11,18,2.165120077587662,6.604344,-3.2052045,2018
1418,r6i1p1f1,2018,11,19,0.0,3.7085855,-6.8162694,2018
1419,r6i1p1f1,2018,11,20,0.008814627924580118,5.709924,-7.1496267,2018
1420,r6i1p1f1,2018,11,21,0.4094245932176326,10.777979,-2.5514085,2018
1421,r6i1p1f1,2018,11,22,0.22080347720191518,12.961529,2.2351174,2018
1422,r6i1p1f1,2018,11,23,0.0,14.97014,-1.3754342,2018
1423,r6i1p1f1,2018,11,24,0.020353117047839302,12.32092,0.6475688,2018
1424,r6i1p1f1,2018,11,25,0.05421313976082266,9.449036,1.008681,2018
1425,r6i1p1f1,2018,11,26,9.7204321752296,9.508803,2.9750493,2018
1426,r6i1p1f1,2018,11,27,0.0,11.132574,-3.2850018,2018
1427,r6i1p1f1,2018,11,28,0.0,10.498298,-4.156558,2018
1428,r6i1p1f1,2018,11,29,0.0,14.445701,-2.3753326,2018
1429,r6i1p1f1,2018,11,30,0.0,15.741924,-2.6727743,2018
1430,r6i1p1f1,2018,12,01,0.0,15.04916,0.9852903,2018
1431,r6i1p1f1,2018,12,02,0.0,15.825346,2.0828145,2018
1432,r6i1p1f1,2018,12,03,0.0,16.15699,1.8336214,2018
1433,r6i1p1f1,2018,12,04,0.0,15.743202,2.2268734,2018
1434,r6i1p1f1,2018,12,05,0.0,15.704611,1.024915,2018
1435,r6i1p1f1,2018,12,06,0.0,14.61259,-0.4310714,2018
1436,r6i1p1f1,2018,12,07,0.0,14.182903,-0.7186714,2018
1437,r6i1p1f1,2018,12,08,0.0,13.9603,1.2068149,2018
1438,r6i1p1f1,2018,12,09,0.22903138894912797,13.031561,-0.6809939,2018
1439,r6i1p1f1,2018,12,10,0.0,2.303297,-9.866679,2018
1440,r6i1p1f1,2018,12,11,0.0,3.5320897,-11.383774,2018
1441,r6i1p1f1,2018,12,12,0.0,9.895108,-6.007731,2018
1442,r6i1p1f1,2018,12,13,0.0,10.898018,-5.1135063,2018
1443,r6i1p1f1,2018,12,14,0.0,11.983766,-2.783703,2018
1444,r6i1p1f1,2018,12,15,1.1835037031901297,7.910946,-1.5485338,2018
1445,r6i1p1f1,2018,12,16,7.629538555510904,3.4331884,-4.9978156,2018
1446,r6i1p1f1,2018,12,17,1.3172468621737041,3.5114307,-3.5087516,2018
1447,r6i1p1f1,2018,12,18,2.673754119845659,1.7513832,-6.6370263,2018
1448,r6i1p1f1,2018,12,19,7.722309612387532,2.6641376,-1.360733,2018
1449,r6i1p1f1,2018,12,20,1.2001062317529263,2.175269,-10.358748,2018
1450,r6i1p1f1,2018,12,21,1.0156208179054829,-0.27942505,-8.837604,2018
1451,r6i1p1f1,2018,12,22,3.009622120823784,-1.0045718,-12.770778,2018
1452,r6i1p1f1,2018,12,23,17.137479048294416,2.3689702,-5.461498,2018
1453,r6i1p1f1,2018,12,24,34.81957076606702,1.5144986,-5.5927777,2018
1454,r6i1p1f1,2018,12,25,3.672884147973131,0.89926493,-7.5051236,2018
1455,r6i1p1f1,2018,12,26,20.62867910765213,0.9179892,-6.0213037,2018
1456,r6i1p1f1,2018,12,27,19.22082132309549,0.99616313,-8.076463,2018
1457,r6i1p1f1,2018,12,28,32.639610460074095,7.306031,-5.529689,2018
1458,r6i1p1f1,2018,12,29,27.104516602717215,9.955081,1.241848,2018
1459,r6i1p1f1,2018,12,30,17.82062398238662,10.466077,2.0564897,2018
1460,r6i1p1f1,2018,12,31,13.672203921573226,7.6458154,0.7177342,2018
1461,r6i1p1f1,2019,01,01,12.263998761998465,11.288666,3.0870378,2019
1462,r6i1p1f1,2019,01,02,12.369480482390376,11.156738,5.0680203,2019
1463,r6i1p1f1,2019,01,03,14.942586755376519,9.60647,-1.1289467,2019
1464,r6i1p1f1,2019,01,04,0.0,6.7344017,-5.4240685,2019
1465,r6i1p1f1,2019,01,05,0.8458309289745911,3.7586606,-5.002257,2019
1466,r6i1p1f1,2019,01,06,5.205507977798251,0.6418251,-5.545914,2019
1467,r6i1p1f1,2019,01,07,0.0,5.7306843,-3.9321213,2019
1468,r6i1p1f1,2019,01,08,0.9980967204458533,6.3612437,-2.8652291,2019
1469,r6i1p1f1,2019,01,09,4.03839508108116,8.52396,0.5864485,2019
1470,r6i1p1f1,2019,01,10,1.8892014145171512,9.029171,2.5564227,2019
1471,r6i1p1f1,2019,01,11,13.39732992420422,8.469844,0.8654691,2019
1472,r6i1p1f1,2019,01,12,31.480585255423858,5.8666635,0.079002395,2019
1473,r6i1p1f1,2019,01,13,9.53254341001475,6.896058,0.18965922,2019
1474,r6i1p1f1,2019,01,14,14.363409715075854,6.630908,0.42434967,2019
1475,r6i1p1f1,2019,01,15,2.4396005183848173,4.720487,-6.530373,2019
1476,r6i1p1f1,2019,01,16,0.0,5.0193286,-5.253696,2019
1477,r6i1p1f1,2019,01,17,0.023919839164170432,5.2905755,-6.398285,2019
1478,r6i1p1f1,2019,01,18,6.699935307265328,1.3113211,-5.500722,2019
1479,r6i1p1f1,2019,01,19,0.10934005426523564,5.214809,-2.6265385,2019
1480,r6i1p1f1,2019,01,20,3.329406159632621,6.9041247,-1.1179105,2019
1481,r6i1p1f1,2019,01,21,39.50149214823067,6.0574555,-1.9600374,2019
1482,r6i1p1f1,2019,01,22,9.604027852155909,0.7958628,-9.379811,2019
1483,r6i1p1f1,2019,01,23,11.242029498643939,0.28394142,-9.633578,2019
1484,r6i1p1f1,2019,01,24,0.0,-0.13240273,-8.559373,2019
1485,r6i1p1f1,2019,01,25,0.0,1.049993,-16.748814,2019
1486,r6i1p1f1,2019,01,26,0.0,4.8597493,-12.950621,2019
1487,r6i1p1f1,2019,01,27,0.4435528439492051,2.0760179,-10.710262,2019
1488,r6i1p1f1,2019,01,28,11.8678615127957,3.2238529,-5.783801,2019
1489,r6i1p1f1,2019,01,29,0.1055360964669244,3.7178078,-10.785552,2019
1490,r6i1p1f1,2019,01,30,1.022717771637153,-0.7518286,-17.13293,2019
1491,r6i1p1f1,2019,01,31,0.0024452081127719428,-4.519861,-17.749287,2019
1492,r6i1p1f1,2019,02,01,0.0,-2.9416988,-17.637102,2019
1493,r6i1p1f1,2019,02,02,0.0,1.0548952,-14.996987,2019
1494,r6i1p1f1,2019,02,03,0.0,1.0271966,-14.8269415,2019
1495,r6i1p1f1,2019,02,04,0.0,3.5056167,-12.551201,2019
1496,r6i1p1f1,2019,02,05,0.0,7.072371,-9.613159,2019
1497,r6i1p1f1,2019,02,06,15.181120908218746,2.693461,-7.797521,2019
1498,r6i1p1f1,2019,02,07,0.9325315704942266,5.2735076,-3.27288,2019
1499,r6i1p1f1,2019,02,08,0.0,8.720349,-7.793728,2019
1500,r6i1p1f1,2019,02,09,0.0,11.956954,-4.4953885,2019
1501,r6i1p1f1,2019,02,10,0.0,11.020891,-2.7797358,2019
1502,r6i1p1f1,2019,02,11,0.0,9.956902,-1.8969369,2019
1503,r6i1p1f1,2019,02,12,0.0,9.324327,-0.24645226,2019
1504,r6i1p1f1,2019,02,13,0.0,12.216697,-2.0271425,2019
1505,r6i1p1f1,2019,02,14,0.0,10.928988,-3.3917222,2019
1506,r6i1p1f1,2019,02,15,0.0,11.785401,-3.8579822,2019
1507,r6i1p1f1,2019,02,16,0.0,12.387109,-4.290249,2019
1508,r6i1p1f1,2019,02,17,0.0,9.384422,-7.089943,2019
1509,r6i1p1f1,2019,02,18,0.0,11.336586,-5.343513,2019
1510,r6i1p1f1,2019,02,19,0.0,10.505796,-4.393494,2019
1511,r6i1p1f1,2019,02,20,0.04203557567153108,7.3018284,-3.797478,2019
1512,r6i1p1f1,2019,02,21,22.114425103291968,5.113824,-3.8760371,2019
1513,r6i1p1f1,2019,02,22,6.382793052783669,4.5675526,-3.3123596,2019
1514,r6i1p1f1,2019,02,23,1.2698804639057684,5.278226,-7.53156,2019
1515,r6i1p1f1,2019,02,24,23.98458907417698,1.0019429,-8.170427,2019
1516,r6i1p1f1,2019,02,25,38.501938232852716,5.508508,-4.214191,2019
1517,r6i1p1f1,2019,02,26,51.26039364817036,4.5530195,-1.6436591,2019
1518,r6i1p1f1,2019,02,27,27.33674335208556,3.2053668,-9.582753,2019
1519,r6i1p1f1,2019,02,28,0.0,10.290245,-6.2049446,2019
1520,r6i1p1f1,2019,03,01,11.083867075355718,9.300518,-3.5199435,2019
1521,r6i1p1f1,2019,03,02,27.658394582442924,7.876529,-2.7607672,2019
1522,r6i1p1f1,2019,03,03,19.253873132131417,8.533801,-2.9087157,2019
1523,r6i1p1f1,2019,03,04,0.04067542222532491,11.106438,-0.060281675,2019
1524,r6i1p1f1,2019,03,05,0.0,7.571897,-5.5135117,2019
1525,r6i1p1f1,2019,03,06,0.0,8.412408,-8.055493,2019
1526,r6i1p1f1,2019,03,07,0.0,11.898665,-3.6711166,2019
1527,r6i1p1f1,2019,03,08,0.0,14.278006,-4.1292324,2019
1528,r6i1p1f1,2019,03,09,0.0,18.400972,-0.6443934,2019
1529,r6i1p1f1,2019,03,10,0.0,20.94368,1.3461609,2019
1530,r6i1p1f1,2019,03,11,0.0,21.143894,2.5530896,2019
1531,r6i1p1f1,2019,03,12,0.0,21.335062,2.8227146,2019
1532,r6i1p1f1,2019,03,13,0.013855175925875436,21.217712,4.3081136,2019
1533,r6i1p1f1,2019,03,14,0.7655114038598823,15.364741,5.146202,2019
1534,r6i1p1f1,2019,03,15,10.194206016232306,11.425777,-1.1673613,2019
1535,r6i1p1f1,2019,03,16,1.8693615914839508,7.3532777,-1.9386402,2019
1536,r6i1p1f1,2019,03,17,3.858825281709667,5.297425,-2.0514302,2019
1537,r6i1p1f1,2019,03,18,0.0,7.707191,-6.160002,2019
1538,r6i1p1f1,2019,03,19,0.0,9.406063,-7.7867265,2019
1539,r6i1p1f1,2019,03,20,0.0,12.081057,-8.019171,2019
1540,r6i1p1f1,2019,03,21,0.0,15.431488,-6.079505,2019
1541,r6i1p1f1,2019,03,22,0.0,16.715496,-2.5658984,2019
1542,r6i1p1f1,2019,03,23,0.0,18.362661,-0.39996386,2019
1543,r6i1p1f1,2019,03,24,0.04466672845652922,16.301191,-2.9809897,2019
1544,r6i1p1f1,2019,03,25,0.011316382682027571,8.591783,-8.506846,2019
1545,r6i1p1f1,2019,03,26,0.0,10.710518,-8.629875,2019
1546,r6i1p1f1,2019,03,27,0.0009337145999299968,10.249347,-0.4244572,2019
1547,r6i1p1f1,2019,03,28,1.3918971592671638,7.9461823,-2.3354468,2019
1548,r6i1p1f1,2019,03,29,0.0,16.503716,-3.926987,2019
1549,r6i1p1f1,2019,03,30,0.0,19.084686,-0.76461524,2019
1550,r6i1p1f1,2019,03,31,0.0,19.062035,1.751142,2019
1551,r6i1p1f1,2019,04,01,0.0019501399029571939,18.299095,1.4560286,2019
1552,r6i1p1f1,2019,04,02,0.0,18.22624,4.5007277,2019
1553,r6i1p1f1,2019,04,03,0.0,23.67666,3.5397124,2019
1554,r6i1p1f1,2019,04,04,0.0,24.338194,4.7042756,2019
1555,r6i1p1f1,2019,04,05,0.0,24.279678,3.925997,2019
1556,r6i1p1f1,2019,04,06,0.0,24.32934,4.2868133,2019
1557,r6i1p1f1,2019,04,07,0.0,26.356174,6.891536,2019
1558,r6i1p1f1,2019,04,08,0.0,25.170712,6.6410213,2019
1559,r6i1p1f1,2019,04,09,0.0,22.052366,3.7139826,2019
1560,r6i1p1f1,2019,04,10,0.0,25.842756,4.900638,2019
1561,r6i1p1f1,2019,04,11,0.0,26.122747,5.6848283,2019
1562,r6i1p1f1,2019,04,12,0.014096447065159196,23.394207,5.2935486,2019
1563,r6i1p1f1,2019,04,13,0.0,18.954754,1.2019632,2019
1564,r6i1p1f1,2019,04,14,11.978883155620375,6.3477077,-5.6407375,2019
1565,r6i1p1f1,2019,04,15,0.4249326551402312,2.8512187,-6.543492,2019
1566,r6i1p1f1,2019,04,16,13.135381448409753,5.6023693,-7.422046,2019
1567,r6i1p1f1,2019,04,17,0.02562771244056387,6.92638,-4.425556,2019
1568,r6i1p1f1,2019,04,18,2.4384034992892887,9.80271,-5.59682,2019
1569,r6i1p1f1,2019,04,19,7.285732179390619,10.10796,-2.7505426,2019
1570,r6i1p1f1,2019,04,20,4.497779862464826,7.766357,-1.7245235,2019
1571,r6i1p1f1,2019,04,21,18.048117497045446,8.290292,-3.80328,2019
1572,r6i1p1f1,2019,04,22,0.0,13.372607,-2.518765,2019
1573,r6i1p1f1,2019,04,23,0.5218851679746915,10.430926,-3.0405188,2019
1574,r6i1p1f1,2019,04,24,0.07939768697336838,13.417628,-3.3360033,2019
1575,r6i1p1f1,2019,04,25,0.002553549898644105,15.286185,-0.32615426,2019
1576,r6i1p1f1,2019,04,26,0.002291975290441606,14.13964,2.4486673,2019
1577,r6i1p1f1,2019,04,27,1.5446254555625878,13.943893,0.8263276,2019
1578,r6i1p1f1,2019,04,28,0.0,19.545565,1.279994,2019
1579,r6i1p1f1,2019,04,29,0.0,20.971735,3.284814,2019
1580,r6i1p1f1,2019,04,30,0.0,23.431583,4.3392673,2019
1581,r6i1p1f1,2019,05,01,0.0,24.73509,4.7192636,2019
1582,r6i1p1f1,2019,05,02,0.0,25.512135,8.093833,2019
1583,r6i1p1f1,2019,05,03,0.0,26.730902,10.258953,2019
1584,r6i1p1f1,2019,05,04,0.0,27.148678,7.0784063,2019
1585,r6i1p1f1,2019,05,05,0.0,27.807806,7.6557136,2019
1586,r6i1p1f1,2019,05,06,0.034806424331762204,28.193583,7.9212327,2019
1587,r6i1p1f1,2019,05,07,0.0,27.985106,8.041034,2019
1588,r6i1p1f1,2019,05,08,1.6101761315748133,25.375404,8.44257,2019
1589,r6i1p1f1,2019,05,09,0.0,26.859037,5.3400207,2019
1590,r6i1p1f1,2019,05,10,0.43643740572499234,24.830706,9.211867,2019
1591,r6i1p1f1,2019,05,11,8.559906446526352,16.82064,4.9662747,2019
1592,r6i1p1f1,2019,05,12,0.05038519705141432,21.938932,5.0197496,2019
1593,r6i1p1f1,2019,05,13,2.6812997620264674,18.624277,3.892668,2019
1594,r6i1p1f1,2019,05,14,0.34195845573460787,24.412258,7.7588563,2019
1595,r6i1p1f1,2019,05,15,0.0,26.106976,8.297761,2019
1596,r6i1p1f1,2019,05,16,0.0,27.4924,8.0554905,2019
1597,r6i1p1f1,2019,05,17,0.7456993815161742,24.780918,3.2202177,2019
1598,r6i1p1f1,2019,05,18,0.0,15.432239,-0.56709355,2019
1599,r6i1p1f1,2019,05,19,0.0,17.857063,-1.6436074,2019
1600,r6i1p1f1,2019,05,20,0.0,18.590206,1.6854054,2019
1601,r6i1p1f1,2019,05,21,0.008242542054565132,18.240465,-0.39728612,2019
1602,r6i1p1f1,2019,05,22,0.0,21.06091,-0.1444086,2019
1603,r6i1p1f1,2019,05,23,0.0,21.700903,7.4987316,2019
1604,r6i1p1f1,2019,05,24,2.7139347782287477,14.888677,-0.104091644,2019
1605,r6i1p1f1,2019,05,25,4.9733048642122135,9.415873,-2.2824092,2019
1606,r6i1p1f1,2019,05,26,0.17562786691936458,12.236104,-0.09644471,2019
1607,r6i1p1f1,2019,05,27,8.508307007763698,10.789331,-0.6980668,2019
1608,r6i1p1f1,2019,05,28,1.999015166467544,12.006651,1.3430804,2019
1609,r6i1p1f1,2019,05,29,0.42493953820776115,18.094194,1.9049277,2019
1610,r6i1p1f1,2019,05,30,0.0,20.154488,4.5364895,2019
1611,r6i1p1f1,2019,05,31,3.247796619679311,13.872155,3.746204,2019
1612,r6i1p1f1,2019,06,01,31.869269325408798,10.995223,0.78891116,2019
1613,r6i1p1f1,2019,06,02,19.127931197276542,9.249257,-6.32919,2019
1614,r6i1p1f1,2019,06,03,3.450452678176217,13.484339,-1.553365,2019
1615,r6i1p1f1,2019,06,04,0.0,21.380148,4.40783,2019
1616,r6i1p1f1,2019,06,05,0.010261237780612345,22.932802,5.6800313,2019
1617,r6i1p1f1,2019,06,06,2.0326122905738813,20.0755,3.6536183,2019
1618,r6i1p1f1,2019,06,07,2.886714134667037,13.70269,1.0364352,2019
1619,r6i1p1f1,2019,06,08,0.039098305745270075,18.133991,2.5520287,2019
1620,r6i1p1f1,2019,06,09,0.0,23.38073,6.1956496,2019
1621,r6i1p1f1,2019,06,10,0.0,26.80987,8.262021,2019
1622,r6i1p1f1,2019,06,11,0.0,26.359169,8.864763,2019
1623,r6i1p1f1,2019,06,12,0.02086631495218173,26.189444,7.6540194,2019
1624,r6i1p1f1,2019,06,13,5.720303871365,21.497114,3.7623024,2019
1625,r6i1p1f1,2019,06,14,2.0760247275848913,11.539174,5.9091473,2019
1626,r6i1p1f1,2019,06,15,0.0,21.127142,5.5444713,2019
1627,r6i1p1f1,2019,06,16,0.0,25.87487,6.521015,2019
1628,r6i1p1f1,2019,06,17,0.0,27.362825,8.78289,2019
1629,r6i1p1f1,2019,06,18,0.052205978983803886,28.600798,10.566152,2019
1630,r6i1p1f1,2019,06,19,0.8466559640947732,28.906303,8.846529,2019
1631,r6i1p1f1,2019,06,20,0.6991309859681457,26.189024,8.542113,2019
1632,r6i1p1f1,2019,06,21,0.31166786178857364,26.729012,7.742809,2019
1633,r6i1p1f1,2019,06,22,0.5506073313673349,25.337809,6.5986,2019
1634,r6i1p1f1,2019,06,23,0.16315361150008392,24.108395,5.47353,2019
1635,r6i1p1f1,2019,06,24,2.191519669234934,22.564466,2.578333,2019
1636,r6i1p1f1,2019,06,25,0.21530281066899074,20.880548,7.4526315,2019
1637,r6i1p1f1,2019,06,26,0.03318259915528288,24.369463,10.3868,2019
1638,r6i1p1f1,2019,06,27,0.49889892175575196,22.64084,6.5595446,2019
1639,r6i1p1f1,2019,06,28,3.9681206492129475e-05,23.952137,6.5023727,2019
1640,r6i1p1f1,2019,06,29,0.0,28.564737,7.1754627,2019
1641,r6i1p1f1,2019,06,30,0.0,30.89118,10.173708,2019
1642,r6i1p1f1,2019,07,01,0.0,33.409534,11.328325,2019
1643,r6i1p1f1,2019,07,02,0.0,34.298298,13.077263,2019
1644,r6i1p1f1,2019,07,03,0.0,33.628452,12.732024,2019
1645,r6i1p1f1,2019,07,04,0.0,30.348684,9.437162,2019
1646,r6i1p1f1,2019,07,05,0.0,28.778784,10.413848,2019
1647,r6i1p1f1,2019,07,06,0.0,26.05025,6.814685,2019
1648,r6i1p1f1,2019,07,07,0.0,28.600077,8.724603,2019
1649,r6i1p1f1,2019,07,08,0.0,29.893658,10.440814,2019
1650,r6i1p1f1,2019,07,09,0.0017327916532352205,29.862204,10.421076,2019
1651,r6i1p1f1,2019,07,10,0.0020745622780858944,30.4384,10.034256,2019
1652,r6i1p1f1,2019,07,11,0.0,31.570946,15.365288,2019
1653,r6i1p1f1,2019,07,12,0.1609275406312925,31.188578,10.474268,2019
1654,r6i1p1f1,2019,07,13,0.00600342416101972,28.729282,9.022854,2019
1655,r6i1p1f1,2019,07,14,0.013134927891557195,27.728645,11.823147,2019
1656,r6i1p1f1,2019,07,15,0.05382394408559753,28.163961,9.247256,2019
1657,r6i1p1f1,2019,07,16,0.8145362913215719,27.989923,9.300816,2019
1658,r6i1p1f1,2019,07,17,0.031782965396158935,24.767235,7.478882,2019
1659,r6i1p1f1,2019,07,18,0.0036191070776627875,26.483109,7.3061953,2019
1660,r6i1p1f1,2019,07,19,0.0018257626348768944,26.700241,7.745914,2019
1661,r6i1p1f1,2019,07,20,0.10030425013943976,26.860268,9.487121,2019
1662,r6i1p1f1,2019,07,21,0.22748448397456117,26.743452,8.135598,2019
1663,r6i1p1f1,2019,07,22,0.0,28.7975,8.039687,2019
1664,r6i1p1f1,2019,07,23,0.0,30.729124,9.831885,2019
1665,r6i1p1f1,2019,07,24,0.0,33.40229,11.48639,2019
1666,r6i1p1f1,2019,07,25,0.0,34.29163,12.952452,2019
1667,r6i1p1f1,2019,07,26,0.0,34.475155,12.96787,2019
1668,r6i1p1f1,2019,07,27,0.0,34.81952,13.207733,2019
1669,r6i1p1f1,2019,07,28,0.0,34.348713,13.850168,2019
1670,r6i1p1f1,2019,07,29,0.0,33.96305,13.517648,2019
1671,r6i1p1f1,2019,07,30,0.000806587019871536,32.62294,12.093053,2019
1672,r6i1p1f1,2019,07,31,0.0,31.668543,11.25164,2019
1673,r6i1p1f1,2019,08,01,0.08863035165446337,30.731653,11.657196,2019
1674,r6i1p1f1,2019,08,02,0.0049020289175572265,30.974627,12.076284,2019
1675,r6i1p1f1,2019,08,03,0.0,32.743477,11.889932,2019
1676,r6i1p1f1,2019,08,04,0.0,34.441944,12.590843,2019
1677,r6i1p1f1,2019,08,05,0.0,34.275173,12.2687025,2019
1678,r6i1p1f1,2019,08,06,0.0,31.54631,12.26766,2019
1679,r6i1p1f1,2019,08,07,0.012521768788541908,30.608824,11.316517,2019
1680,r6i1p1f1,2019,08,08,5.4331287552322847e-05,30.368515,10.748286,2019
1681,r6i1p1f1,2019,08,09,0.0,31.115734,10.316309,2019
1682,r6i1p1f1,2019,08,10,0.0,32.346703,11.563559,2019
1683,r6i1p1f1,2019,08,11,0.0,32.612225,12.142027,2019
1684,r6i1p1f1,2019,08,12,0.0005271741804925158,30.680864,10.4885025,2019
1685,r6i1p1f1,2019,08,13,0.0,30.83598,11.09283,2019
1686,r6i1p1f1,2019,08,14,0.0,30.375978,10.926795,2019
1687,r6i1p1f1,2019,08,15,0.28628473769281226,30.812632,11.05956,2019
1688,r6i1p1f1,2019,08,16,0.08883322880595862,23.512249,5.0388646,2019
1689,r6i1p1f1,2019,08,17,0.10312641162933095,19.650557,3.1058989,2019
1690,r6i1p1f1,2019,08,18,0.0,18.788574,0.9481524,2019
1691,r6i1p1f1,2019,08,19,0.0,21.290056,5.3167396,2019
1692,r6i1p1f1,2019,08,20,0.0,27.98577,7.27373,2019
1693,r6i1p1f1,2019,08,21,0.0,28.213743,8.282868,2019
1694,r6i1p1f1,2019,08,22,0.0,27.761099,6.920313,2019
1695,r6i1p1f1,2019,08,23,0.0,27.816229,6.778646,2019
1696,r6i1p1f1,2019,08,24,0.0,28.569084,7.4712267,2019
1697,r6i1p1f1,2019,08,25,0.00042010294131632003,28.967865,9.247528,2019
1698,r6i1p1f1,2019,08,26,0.30182239181517106,23.64773,3.2910726,2019
1699,r6i1p1f1,2019,08,27,3.932557795334669,16.447302,0.30690035,2019
1700,r6i1p1f1,2019,08,28,0.0,17.48508,-1.1585158,2019
1701,r6i1p1f1,2019,08,29,0.0,24.831198,3.197232,2019
1702,r6i1p1f1,2019,08,30,0.0,26.297651,5.031452,2019
1703,r6i1p1f1,2019,08,31,0.0,26.325588,5.5552597,2019
1704,r6i1p1f1,2019,09,01,0.0,25.458448,6.9983172,2019
1705,r6i1p1f1,2019,09,02,0.0,26.437347,6.6382737,2019
1706,r6i1p1f1,2019,09,03,0.0,29.616879,9.652465,2019
1707,r6i1p1f1,2019,09,04,0.0,29.164524,8.322487,2019
1708,r6i1p1f1,2019,09,05,0.0,31.082026,10.46391,2019
1709,r6i1p1f1,2019,09,06,0.0,32.850376,12.0065975,2019
1710,r6i1p1f1,2019,09,07,0.0,32.34527,10.481126,2019
1711,r6i1p1f1,2019,09,08,0.6379189262562376,31.487406,11.712804,2019
1712,r6i1p1f1,2019,09,09,0.08543751132383244,32.8176,12.194578,2019
1713,r6i1p1f1,2019,09,10,0.03588569876789536,31.980257,12.532396,2019
1714,r6i1p1f1,2019,09,11,0.0,32.120327,11.127307,2019
1715,r6i1p1f1,2019,09,12,0.41449174939533967,32.45256,11.71791,2019
1716,r6i1p1f1,2019,09,13,6.630749780849568,31.12215,11.758388,2019
1717,r6i1p1f1,2019,09,14,0.5520634874146013,29.59229,12.160306,2019
1718,r6i1p1f1,2019,09,15,4.637649431038348,25.814266,10.247161,2019
1719,r6i1p1f1,2019,09,16,9.682461760362328,26.474771,7.6112437,2019
1720,r6i1p1f1,2019,09,17,0.6890109104198854,25.836159,8.451322,2019
1721,r6i1p1f1,2019,09,18,1.2309028065477448,26.261938,6.9917345,2019
1722,r6i1p1f1,2019,09,19,0.0,25.742191,8.046319,2019
1723,r6i1p1f1,2019,09,20,0.0,27.131472,7.107726,2019
1724,r6i1p1f1,2019,09,21,0.0,26.459158,8.866164,2019
1725,r6i1p1f1,2019,09,22,0.0,25.415007,5.79219,2019
1726,r6i1p1f1,2019,09,23,0.0,24.311987,5.4812155,2019
1727,r6i1p1f1,2019,09,24,0.0,18.322187,1.410443,2019
1728,r6i1p1f1,2019,09,25,0.0,18.630236,1.9381052,2019
1729,r6i1p1f1,2019,09,26,0.0,21.630737,2.6902585,2019
1730,r6i1p1f1,2019,09,27,0.0,24.847178,5.4388714,2019
1731,r6i1p1f1,2019,09,28,0.0,25.637894,7.35035,2019
1732,r6i1p1f1,2019,09,29,0.0,26.768555,6.43267,2019
1733,r6i1p1f1,2019,09,30,0.0,27.178102,7.459864,2019
1734,r6i1p1f1,2019,10,01,0.0,26.283604,6.2066436,2019
1735,r6i1p1f1,2019,10,02,0.0,23.246004,5.3631835,2019
1736,r6i1p1f1,2019,10,03,0.0,22.710018,3.4415064,2019
1737,r6i1p1f1,2019,10,04,0.0,20.271282,1.4527572,2019
1738,r6i1p1f1,2019,10,05,0.0,22.902145,3.8793814,2019
1739,r6i1p1f1,2019,10,06,0.0,25.347965,6.3326964,2019
1740,r6i1p1f1,2019,10,07,0.0,25.430048,5.1410866,2019
1741,r6i1p1f1,2019,10,08,0.0,23.086046,3.4067118,2019
1742,r6i1p1f1,2019,10,09,0.0,26.01349,6.3332515,2019
1743,r6i1p1f1,2019,10,10,0.0,26.187494,7.270655,2019
1744,r6i1p1f1,2019,10,11,16.30726382015024,21.412876,8.272896,2019
1745,r6i1p1f1,2019,10,12,0.42065974724390637,20.276281,8.134751,2019
1746,r6i1p1f1,2019,10,13,1.4209042976065642,21.063253,4.7783093,2019
1747,r6i1p1f1,2019,10,14,2.084473303018132,20.612093,6.633533,2019
1748,r6i1p1f1,2019,10,15,0.8663511059558078,20.139933,5.9977,2019
1749,r6i1p1f1,2019,10,16,0.0,22.944916,3.9195187,2019
1750,r6i1p1f1,2019,10,17,0.0,22.972633,4.7062764,2019
1751,r6i1p1f1,2019,10,18,0.0,23.88337,4.0848217,2019
1752,r6i1p1f1,2019,10,19,0.0,24.25078,4.685215,2019
1753,r6i1p1f1,2019,10,20,0.0,24.302532,4.5713663,2019
1754,r6i1p1f1,2019,10,21,0.0,24.562132,4.5836234,2019
1755,r6i1p1f1,2019,10,22,0.0,24.013779,4.3977437,2019
1756,r6i1p1f1,2019,10,23,0.0,20.658848,1.367052,2019
1757,r6i1p1f1,2019,10,24,0.0,17.250269,-3.0075567,2019
1758,r6i1p1f1,2019,10,25,0.0,20.547506,-0.15021607,2019
1759,r6i1p1f1,2019,10,26,0.0,21.153847,1.8636523,2019
1760,r6i1p1f1,2019,10,27,0.0,21.917395,3.0831137,2019
1761,r6i1p1f1,2019,10,28,0.0,21.388784,4.739171,2019
1762,r6i1p1f1,2019,10,29,0.0,21.580225,1.2546287,2019
1763,r6i1p1f1,2019,10,30,0.0,21.975306,2.7583723,2019
1764,r6i1p1f1,2019,10,31,0.0,21.700537,1.5582384,2019
1765,r6i1p1f1,2019,11,01,0.0,20.751486,1.4520106,2019
1766,r6i1p1f1,2019,11,02,0.0,19.183653,1.6356088,2019
1767,r6i1p1f1,2019,11,03,0.0,19.60322,3.565722,2019
1768,r6i1p1f1,2019,11,04,0.0,21.38132,4.351845,2019
1769,r6i1p1f1,2019,11,05,0.0,21.668335,3.6472292,2019
1770,r6i1p1f1,2019,11,06,0.0,20.219826,3.4111345,2019
1771,r6i1p1f1,2019,11,07,0.0,20.961018,4.956016,2019
1772,r6i1p1f1,2019,11,08,0.0,20.02991,2.6032624,2019
1773,r6i1p1f1,2019,11,09,0.0,18.959963,2.3651383,2019
1774,r6i1p1f1,2019,11,10,0.0,17.658287,-0.31139895,2019
1775,r6i1p1f1,2019,11,11,0.0,18.06601,0.070556186,2019
1776,r6i1p1f1,2019,11,12,0.0,14.498931,-4.0950227,2019
1777,r6i1p1f1,2019,11,13,0.0,12.986116,-4.9945908,2019
1778,r6i1p1f1,2019,11,14,0.0,13.627044,-4.1900005,2019
1779,r6i1p1f1,2019,11,15,0.0,14.088053,-6.037042,2019
1780,r6i1p1f1,2019,11,16,0.0016472255143775982,13.540735,-2.5513391,2019
1781,r6i1p1f1,2019,11,17,0.7405940858078885,8.03996,-4.688057,2019
1782,r6i1p1f1,2019,11,18,0.0,12.672817,-5.087931,2019
1783,r6i1p1f1,2019,11,19,0.0,13.708835,-3.3714736,2019
1784,r6i1p1f1,2019,11,20,0.04764522698593464,12.333463,-2.2727082,2019
1785,r6i1p1f1,2019,11,21,0.0,7.4607153,-5.194776,2019
1786,r6i1p1f1,2019,11,22,0.01292600926300008,11.017578,-2.0840626,2019
1787,r6i1p1f1,2019,11,23,0.007100110925814433,9.086713,-4.477744,2019
1788,r6i1p1f1,2019,11,24,8.734594314520988,4.272088,-4.8383913,2019
1789,r6i1p1f1,2019,11,25,8.496365748565461,5.696228,-2.6593325,2019
1790,r6i1p1f1,2019,11,26,4.045588334278065,4.649255,-2.1913302,2019
1791,r6i1p1f1,2019,11,27,1.766985159326179,5.2465415,-0.3982342,2019
1792,r6i1p1f1,2019,11,28,0.26948480238148936,5.7721024,-1.2171249,2019
1793,r6i1p1f1,2019,11,29,0.2489018268065381,5.407821,-8.240007,2019
1794,r6i1p1f1,2019,11,30,0.0,7.31607,-10.435386,2019
1795,r6i1p1f1,2019,12,01,0.0,6.3496637,-8.17298,2019
1796,r6i1p1f1,2019,12,02,13.804943371035124,1.4622667,-7.5911717,2019
1797,r6i1p1f1,2019,12,03,2.6966673300546025,3.7978473,-4.934408,2019
1798,r6i1p1f1,2019,12,04,10.936396629219908,6.0970645,-0.9604784,2019
1799,r6i1p1f1,2019,12,05,10.51651897450559,7.499006,0.41115388,2019
1800,r6i1p1f1,2019,12,06,0.01144226301078924,9.112908,-3.5383484,2019
1801,r6i1p1f1,2019,12,07,0.08865729934908749,12.633845,2.7403352,2019
1802,r6i1p1f1,2019,12,08,0.0,14.170511,3.1847012,2019
1803,r6i1p1f1,2019,12,09,0.0,16.201406,0.5376058,2019
1804,r6i1p1f1,2019,12,10,0.0,17.475765,2.015139,2019
1805,r6i1p1f1,2019,12,11,0.0,16.909567,2.1953115,2019
1806,r6i1p1f1,2019,12,12,0.0,17.023602,3.0970774,2019
1807,r6i1p1f1,2019,12,13,0.0,14.068941,3.4631317,2019
1808,r6i1p1f1,2019,12,14,0.0,15.345395,2.4895415,2019
1809,r6i1p1f1,2019,12,15,0.0,14.990716,2.6415071,2019
1810,r6i1p1f1,2019,12,16,0.0,13.013489,1.2779896,2019
1811,r6i1p1f1,2019,12,17,0.0,12.032792,-2.744759,2019
1812,r6i1p1f1,2019,12,18,0.0,10.156072,-4.797119,2019
1813,r6i1p1f1,2019,12,19,0.0,9.334839,-3.1952147,2019
1814,r6i1p1f1,2019,12,20,0.3586489465798837,6.266855,-1.4864635,2019
1815,r6i1p1f1,2019,12,21,4.49114869387974,3.6084516,-2.9822662,2019
1816,r6i1p1f1,2019,12,22,0.009402286268071082,9.625106,-1.0615268,2019
1817,r6i1p1f1,2019,12,23,6.371120637694274,7.2926173,-2.6371534,2019
1818,r6i1p1f1,2019,12,24,38.73173164891677,6.233238,-1.7486278,2019
1819,r6i1p1f1,2019,12,25,2.6444776572740456,5.7872934,-5.718131,2019
1820,r6i1p1f1,2019,12,26,0.0,4.4718,-9.372651,2019
1821,r6i1p1f1,2019,12,27,0.07847674737091556,5.0266676,-8.440883,2019
1822,r6i1p1f1,2019,12,28,0.0,2.5026176,-5.0905766,2019
1823,r6i1p1f1,2019,12,29,0.0,1.1071448,-10.726221,2019
1824,r6i1p1f1,2019,12,30,0.12427367767518999,-0.5318943,-10.148812,2019
1825,r6i1p1f1,2019,12,31,0.04343549543543383,1.8199458,-11.257435,2019
1826,r6i1p1f1,2020,01,01,0.0,2.5666876,-8.490848,2020
1827,r6i1p1f1,2020,01,02,0.3063471128292758,-0.106886834,-8.065514,2020
1828,r6i1p1f1,2020,01,03,11.066365272789746,-1.5133052,-6.1308155,2020
1829,r6i1p1f1,2020,01,04,5.010458616835727,-0.6992071,-9.855678,2020
1830,r6i1p1f1,2020,01,05,2.730498277311225,2.8436368,-10.578457,2020
1831,r6i1p1f1,2020,01,06,16.343517531122256,6.2417245,-3.573856,2020
1832,r6i1p1f1,2020,01,07,13.233229896312169,5.970746,-2.201056,2020
1833,r6i1p1f1,2020,01,08,22.83166702383356,3.8859057,-2.6796064,2020
1834,r6i1p1f1,2020,01,09,25.125315075156337,2.7407568,-3.510949,2020
1835,r6i1p1f1,2020,01,10,0.002866226088784273,4.9052386,-3.226333,2020
1836,r6i1p1f1,2020,01,11,0.0,4.6452484,-6.0405197,2020
1837,r6i1p1f1,2020,01,12,0.0,6.0278125,-3.819916,2020
1838,r6i1p1f1,2020,01,13,0.0,5.936781,-3.107827,2020
1839,r6i1p1f1,2020,01,14,0.0,5.104999,-4.654904,2020
1840,r6i1p1f1,2020,01,15,0.0023180923974631777,5.281092,-1.5126369,2020
1841,r6i1p1f1,2020,01,16,0.0,7.4075055,-2.6764894,2020
1842,r6i1p1f1,2020,01,17,0.0,6.6319275,-4.1173325,2020
1843,r6i1p1f1,2020,01,18,0.0,9.594731,-5.112689,2020
1844,r6i1p1f1,2020,01,19,0.0,9.964345,-2.7564216,2020
1845,r6i1p1f1,2020,01,20,0.0,8.905122,-5.0794926,2020
1846,r6i1p1f1,2020,01,21,0.0,8.626978,-4.125105,2020
1847,r6i1p1f1,2020,01,22,0.0,6.974166,-6.3603387,2020
1848,r6i1p1f1,2020,01,23,3.5235605950913085,4.552033,-4.915506,2020
1849,r6i1p1f1,2020,01,24,0.4521567845102921,6.459907,-0.20330586,2020
1850,r6i1p1f1,2020,01,25,1.2301824727591106,9.107007,2.4818597,2020
1851,r6i1p1f1,2020,01,26,0.1804649305023352,9.313803,2.053789,2020
1852,r6i1p1f1,2020,01,27,0.9455707997323113,7.314258,-0.5975108,2020
1853,r6i1p1f1,2020,01,28,1.8101627359899921,2.5081193,-6.677608,2020
1854,r6i1p1f1,2020,01,29,0.31813688074831764,-0.3216066,-8.600513,2020
1855,r6i1p1f1,2020,01,30,7.344295569873064,-1.6646082,-9.77592,2020
1856,r6i1p1f1,2020,01,31,21.549565919998496,8.329869,-6.462035,2020
1857,r6i1p1f1,2020,02,01,52.686995075468545,8.634078,-0.7998479,2020
1858,r6i1p1f1,2020,02,02,40.282473333551344,7.635632,-2.0331445,2020
1859,r6i1p1f1,2020,02,03,8.208899784238346,5.2769766,-2.208028,2020
1860,r6i1p1f1,2020,02,04,42.591341176533945,8.230965,-2.6553957,2020
1861,r6i1p1f1,2020,02,05,25.75572260772687,6.9647565,-3.7523122,2020
1862,r6i1p1f1,2020,02,06,1.1035279177227477,3.2234564,-5.5298305,2020
1863,r6i1p1f1,2020,02,07,0.028209632808941575,4.6498218,-9.009842,2020
1864,r6i1p1f1,2020,02,08,13.812191817817828,1.0840129,-7.7635508,2020
1865,r6i1p1f1,2020,02,09,18.534159213890717,2.3102238,-3.5213158,2020
1866,r6i1p1f1,2020,02,10,2.580365285989936,1.5084555,-13.399546,2020
1867,r6i1p1f1,2020,02,11,0.01368073278713263,5.233167,-11.980326,2020
1868,r6i1p1f1,2020,02,12,0.0075631692064252794,7.6961412,-7.61563,2020
1869,r6i1p1f1,2020,02,13,0.10157845528897548,4.1207232,-5.4196734,2020
1870,r6i1p1f1,2020,02,14,0.010379343103133475,5.280013,-5.5451555,2020
1871,r6i1p1f1,2020,02,15,0.0,4.9004908,-6.793541,2020
1872,r6i1p1f1,2020,02,16,0.013566836783809778,6.520338,-6.1649437,2020
1873,r6i1p1f1,2020,02,17,0.05832939975307031,5.8595934,-0.8862987,2020
1874,r6i1p1f1,2020,02,18,0.0,8.216911,-8.252906,2020
1875,r6i1p1f1,2020,02,19,4.177467273455244,4.397654,-6.0778766,2020
1876,r6i1p1f1,2020,02,20,5.037105968944757,6.1203327,-3.5576868,2020
1877,r6i1p1f1,2020,02,21,12.125441810646496,7.673959,-2.1472652,2020
1878,r6i1p1f1,2020,02,22,17.243283577183714,8.413376,-0.9848623,2020
1879,r6i1p1f1,2020,02,23,4.815747959780501,4.0888934,-6.7536454,2020
1880,r6i1p1f1,2020,02,24,1.7363902916903236,4.035567,-8.876409,2020
1881,r6i1p1f1,2020,02,25,0.0890189944927264,5.308123,-7.94242,2020
1882,r6i1p1f1,2020,02,26,0.0,7.8953767,-8.503314,2020
1883,r6i1p1f1,2020,02,27,0.04128956303400468,6.5234437,-4.749868,2020
1884,r6i1p1f1,2020,02,28,0.0,6.052801,-6.7071104,2020
1885,r6i1p1f1,2020,02,29,0.0,5.886003,-6.9601693,2020
1886,r6i1p1f1,2020,03,01,0.010723039019867311,9.465203,-8.348045,2020
1887,r6i1p1f1,2020,03,02,0.4026884147151334,5.4670115,-3.4564335,2020
1888,r6i1p1f1,2020,03,03,20.579881181525487,2.3636398,-5.429675,2020
1889,r6i1p1f1,2020,03,04,7.512355383180922,-1.4648418,-13.490098,2020
1890,r6i1p1f1,2020,03,05,1.4457200026032333,-0.88842934,-20.412998,2020
1891,r6i1p1f1,2020,03,06,0.21823134050088677,5.528779,-10.130007,2020
1892,r6i1p1f1,2020,03,07,2.1692959188249565,3.7951338,-4.0595765,2020
1893,r6i1p1f1,2020,03,08,1.624234612055183,4.066893,-1.9066658,2020
1894,r6i1p1f1,2020,03,09,0.0,7.7483487,-3.2929113,2020
1895,r6i1p1f1,2020,03,10,0.0,11.722819,-5.436655,2020
1896,r6i1p1f1,2020,03,11,0.0,13.597303,-0.27012327,2020
1897,r6i1p1f1,2020,03,12,0.0,15.71734,0.61367327,2020
1898,r6i1p1f1,2020,03,13,0.00412982760126917,14.592836,-1.6690203,2020
1899,r6i1p1f1,2020,03,14,0.0,6.397448,-9.264136,2020
1900,r6i1p1f1,2020,03,15,7.614907127438448e-05,6.5139427,-7.1546445,2020
1901,r6i1p1f1,2020,03,16,0.0,9.154089,-5.525404,2020
1902,r6i1p1f1,2020,03,17,0.0,14.019692,-5.340984,2020
1903,r6i1p1f1,2020,03,18,0.0,16.80309,-2.2110748,2020
1904,r6i1p1f1,2020,03,19,0.0,17.686766,0.11984168,2020
1905,r6i1p1f1,2020,03,20,0.0,17.17653,0.33894005,2020
1906,r6i1p1f1,2020,03,21,0.0,18.97979,-0.9340224,2020
1907,r6i1p1f1,2020,03,22,0.0,19.138351,3.3889759,2020
1908,r6i1p1f1,2020,03,23,0.3440609937065057,13.984023,0.20240983,2020
1909,r6i1p1f1,2020,03,24,5.014158672323165,6.105145,-5.3004947,2020
1910,r6i1p1f1,2020,03,25,0.0,12.69739,-5.397441,2020
1911,r6i1p1f1,2020,03,26,0.0,16.612904,-3.8535826,2020
1912,r6i1p1f1,2020,03,27,0.0,17.959217,-1.7425926,2020
1913,r6i1p1f1,2020,03,28,0.0,20.124557,1.5217125,2020
1914,r6i1p1f1,2020,03,29,0.0,21.919374,2.7398262,2020
1915,r6i1p1f1,2020,03,30,0.0,20.099127,2.0461621,2020
1916,r6i1p1f1,2020,03,31,0.0,17.960571,-1.0434978,2020
1917,r6i1p1f1,2020,04,01,0.0,18.382906,-2.45996,2020
1918,r6i1p1f1,2020,04,02,0.0,19.823658,-0.27174205,2020
1919,r6i1p1f1,2020,04,03,0.0,21.374378,0.9076649,2020
1920,r6i1p1f1,2020,04,04,0.00632587093053528,19.97972,0.699797,2020
1921,r6i1p1f1,2020,04,05,4.304010067313747,10.726772,-3.9099317,2020
1922,r6i1p1f1,2020,04,06,0.9009182114866964,8.948445,-0.75579727,2020
1923,r6i1p1f1,2020,04,07,1.6459925844400518,8.539737,-2.8859723,2020
1924,r6i1p1f1,2020,04,08,3.0199890055932443,8.953077,-1.9464563,2020
1925,r6i1p1f1,2020,04,09,0.7238279106955327,15.32155,-4.513891,2020
1926,r6i1p1f1,2020,04,10,0.24904178804535185,16.517984,-3.6697512,2020
1927,r6i1p1f1,2020,04,11,0.04647297970477725,17.633623,-1.1264544,2020
1928,r6i1p1f1,2020,04,12,0.0,15.235093,4.7188263,2020
1929,r6i1p1f1,2020,04,13,0.7346493834797962,12.282957,3.7668846,2020
1930,r6i1p1f1,2020,04,14,0.34883419198649546,11.737331,3.472149,2020
1931,r6i1p1f1,2020,04,15,1.6768622543897902,12.20548,0.2147458,2020
1932,r6i1p1f1,2020,04,16,4.019856920847412,12.294869,1.9304557,2020
1933,r6i1p1f1,2020,04,17,3.4708602491385214,10.123764,0.5319137,2020
1934,r6i1p1f1,2020,04,18,0.9540827935966479,15.330704,0.8437423,2020
1935,r6i1p1f1,2020,04,19,0.1042835172248774,15.068225,3.0686834,2020
1936,r6i1p1f1,2020,04,20,2.7622647490962158,12.317893,-0.4818446,2020
1937,r6i1p1f1,2020,04,21,0.056417907986024377,12.484667,-1.1076187,2020
1938,r6i1p1f1,2020,04,22,7.376880908265996,8.285237,-2.0178134,2020
1939,r6i1p1f1,2020,04,23,0.0,16.1757,-3.430663,2020
1940,r6i1p1f1,2020,04,24,0.08149014836658074,16.496675,0.8618298,2020
1941,r6i1p1f1,2020,04,25,0.008246912671360603,14.726553,-0.58496,2020
1942,r6i1p1f1,2020,04,26,0.0009630208886711336,18.077091,0.26524255,2020
1943,r6i1p1f1,2020,04,27,0.28425451069790897,17.386805,1.9104084,2020
1944,r6i1p1f1,2020,04,28,1.0787757184470828,14.62106,-2.1793795,2020
1945,r6i1p1f1,2020,04,29,0.0,17.56242,-3.3786473,2020
1946,r6i1p1f1,2020,04,30,0.0,17.498331,1.3699309,2020
1947,r6i1p1f1,2020,05,01,1.520796083362041,11.493938,-1.398713,2020
1948,r6i1p1f1,2020,05,02,9.522300801077636,9.623769,-2.7148583,2020
1949,r6i1p1f1,2020,05,03,0.44406492119643937,8.290896,-2.54063,2020
1950,r6i1p1f1,2020,05,04,0.00023483676477626587,8.648888,-0.7428145,2020
1951,r6i1p1f1,2020,05,05,0.024864481421034333,16.282202,-0.4214012,2020
1952,r6i1p1f1,2020,05,06,0.2257609146331116,16.944382,0.2719433,2020
1953,r6i1p1f1,2020,05,07,0.25648488965977795,20.649342,1.1812738,2020
1954,r6i1p1f1,2020,05,08,0.20476004702107678,22.702168,2.817726,2020
1955,r6i1p1f1,2020,05,09,0.0,25.446842,4.8286395,2020
1956,r6i1p1f1,2020,05,10,0.0,26.780306,6.6032276,2020
1957,r6i1p1f1,2020,05,11,0.0,27.22356,7.721173,2020
1958,r6i1p1f1,2020,05,12,0.0,28.788692,8.358633,2020
1959,r6i1p1f1,2020,05,13,1.5182612207827857,26.546381,6.355777,2020
1960,r6i1p1f1,2020,05,14,0.0,30.413177,9.187388,2020
1961,r6i1p1f1,2020,05,15,0.0,31.380621,9.765411,2020
1962,r6i1p1f1,2020,05,16,1.8272523539320378,21.111948,3.9667802,2020
1963,r6i1p1f1,2020,05,17,4.199765483422389,13.35179,0.62530714,2020
1964,r6i1p1f1,2020,05,18,10.79450436406768,11.837827,1.4436951,2020
1965,r6i1p1f1,2020,05,19,2.4521308895158804,16.935246,1.3171232,2020
1966,r6i1p1f1,2020,05,20,3.3675379434279864,17.186737,3.5974834,2020
1967,r6i1p1f1,2020,05,21,0.24412435762483675,24.791292,5.9345694,2020
1968,r6i1p1f1,2020,05,22,3.3525240035321753,19.761007,3.06373,2020
1969,r6i1p1f1,2020,05,23,0.0,24.795595,7.3314085,2020
1970,r6i1p1f1,2020,05,24,0.005653460076022027,25.02857,6.7087507,2020
1971,r6i1p1f1,2020,05,25,0.0012351883139027225,26.453121,8.483447,2020
1972,r6i1p1f1,2020,05,26,0.029318921602128137,26.846998,8.796413,2020
1973,r6i1p1f1,2020,05,27,0.0,26.121923,8.307422,2020
1974,r6i1p1f1,2020,05,28,0.0,25.022877,6.0975347,2020
1975,r6i1p1f1,2020,05,29,0.0,25.736,5.848354,2020
1976,r6i1p1f1,2020,05,30,0.0,25.775005,7.0355415,2020
1977,r6i1p1f1,2020,05,31,0.0,24.072626,7.488735,2020
1978,r6i1p1f1,2020,06,01,0.16748593054775096,17.102669,2.0383108,2020
1979,r6i1p1f1,2020,06,02,0.48465313542991895,14.429289,1.8839146,2020
1980,r6i1p1f1,2020,06,03,8.754602540634242,14.775966,0.3173357,2020
1981,r6i1p1f1,2020,06,04,0.0,21.085829,0.118204445,2020
1982,r6i1p1f1,2020,06,05,1.7495835009412257,20.054905,2.689296,2020
1983,r6i1p1f1,2020,06,06,0.13313256471362211,21.338085,3.6679578,2020
1984,r6i1p1f1,2020,06,07,2.129341567228596,18.442745,2.005845,2020
1985,r6i1p1f1,2020,06,08,5.189727515934713,14.186649,2.31753,2020
1986,r6i1p1f1,2020,06,09,0.0,21.124903,6.145491,2020
1987,r6i1p1f1,2020,06,10,0.0,22.886301,4.1244206,2020
1988,r6i1p1f1,2020,06,11,9.27289206628006,18.069014,4.3905416,2020
1989,r6i1p1f1,2020,06,12,4.2669884841444885,15.715971,-0.60902464,2020
1990,r6i1p1f1,2020,06,13,1.2408552848141514,17.765291,2.0883238,2020
1991,r6i1p1f1,2020,06,14,11.996096850144406,14.121758,1.75371,2020
1992,r6i1p1f1,2020,06,15,0.7220217656892932,23.267239,7.199435,2020
1993,r6i1p1f1,2020,06,16,0.0,28.675646,8.28099,2020
1994,r6i1p1f1,2020,06,17,0.0,30.829435,10.2821045,2020
1995,r6i1p1f1,2020,06,18,0.0,33.808693,12.862287,2020
1996,r6i1p1f1,2020,06,19,0.0,34.458496,14.25247,2020
1997,r6i1p1f1,2020,06,20,0.0,35.0848,14.059262,2020
1998,r6i1p1f1,2020,06,21,0.0,35.666313,15.093992,2020
1999,r6i1p1f1,2020,06,22,0.0,35.63925,15.341688,2020
2000,r6i1p1f1,2020,06,23,0.0,35.950844,14.981651,2020
2001,r6i1p1f1,2020,06,24,0.0,33.370808,13.080997,2020
2002,r6i1p1f1,2020,06,25,0.0,31.040749,11.028542,2020
2003,r6i1p1f1,2020,06,26,0.0,31.358921,12.049794,2020
2004,r6i1p1f1,2020,06,27,0.0,31.505344,11.62557,2020
2005,r6i1p1f1,2020,06,28,0.0,28.719627,9.255871,2020
2006,r6i1p1f1,2020,06,29,0.0,29.550909,11.201174,2020
2007,r6i1p1f1,2020,06,30,0.0,32.233627,12.648758,2020
2008,r6i1p1f1,2020,07,01,0.0,33.410694,11.792872,2020
2009,r6i1p1f1,2020,07,02,0.0,36.360786,13.965656,2020
2010,r6i1p1f1,2020,07,03,0.15378521169737847,37.491096,15.12668,2020
2011,r6i1p1f1,2020,07,04,0.11525406387708556,37.22224,16.123447,2020
2012,r6i1p1f1,2020,07,05,0.5574266945191514,31.83419,11.077774,2020
2013,r6i1p1f1,2020,07,06,1.0463989565238019,27.209831,12.272502,2020
2014,r6i1p1f1,2020,07,07,0.0,28.440104,9.329408,2020
2015,r6i1p1f1,2020,07,08,0.0,29.632444,9.828922,2020
2016,r6i1p1f1,2020,07,09,0.0,30.131939,9.241507,2020
2017,r6i1p1f1,2020,07,10,0.0,31.34266,10.153515,2020
2018,r6i1p1f1,2020,07,11,0.0,31.944195,11.453778,2020
2019,r6i1p1f1,2020,07,12,0.00017571596651565024,32.22576,11.3532095,2020
2020,r6i1p1f1,2020,07,13,0.047354714106555264,32.529465,12.375077,2020
2021,r6i1p1f1,2020,07,14,1.0065201112521505,32.14245,13.453074,2020
2022,r6i1p1f1,2020,07,15,2.262319739129297,30.684477,12.815153,2020
2023,r6i1p1f1,2020,07,16,0.414225449640071,29.538261,10.672379,2020
2024,r6i1p1f1,2020,07,17,0.22056434026860725,27.202131,8.143636,2020
2025,r6i1p1f1,2020,07,18,0.0,30.355984,9.980107,2020
2026,r6i1p1f1,2020,07,19,0.092757853819916,32.19716,10.581866,2020
2027,r6i1p1f1,2020,07,20,0.0,32.85813,12.331513,2020
2028,r6i1p1f1,2020,07,21,0.0,33.160015,12.370013,2020
2029,r6i1p1f1,2020,07,22,0.0,34.52155,13.645289,2020
2030,r6i1p1f1,2020,07,23,0.0,35.67403,14.0767975,2020
2031,r6i1p1f1,2020,07,24,0.0,35.89511,14.370833,2020
2032,r6i1p1f1,2020,07,25,0.0,34.654343,13.1249,2020
2033,r6i1p1f1,2020,07,26,0.0,34.514256,12.973122,2020
2034,r6i1p1f1,2020,07,27,0.0,35.736607,13.452451,2020
2035,r6i1p1f1,2020,07,28,0.0,35.820965,13.359702,2020
2036,r6i1p1f1,2020,07,29,0.009315694867842844,34.015335,13.3346,2020
2037,r6i1p1f1,2020,07,30,0.016637921037312566,32.474392,13.329605,2020
2038,r6i1p1f1,2020,07,31,0.0,30.362568,10.717646,2020
2039,r6i1p1f1,2020,08,01,0.0,29.837576,9.364557,2020
2040,r6i1p1f1,2020,08,02,0.0,30.879639,10.28601,2020
2041,r6i1p1f1,2020,08,03,0.0,33.5217,11.142339,2020
2042,r6i1p1f1,2020,08,04,0.0,34.165337,11.475759,2020
2043,r6i1p1f1,2020,08,05,0.0,32.412693,10.651227,2020
2044,r6i1p1f1,2020,08,06,0.0008377842137212743,31.48979,10.871958,2020
2045,r6i1p1f1,2020,08,07,0.08180942496947557,29.990936,9.353496,2020
2046,r6i1p1f1,2020,08,08,0.005650120033485091,29.802332,10.224875,2020
2047,r6i1p1f1,2020,08,09,0.004980631629732544,30.48642,12.564265,2020
2048,r6i1p1f1,2020,08,10,0.4768187404656462,30.234896,10.1484585,2020
2049,r6i1p1f1,2020,08,11,0.02919075882528366,28.566416,8.412307,2020
2050,r6i1p1f1,2020,08,12,0.0,24.785437,5.730367,2020
2051,r6i1p1f1,2020,08,13,0.0010434848281670858,22.426998,3.319886,2020
2052,r6i1p1f1,2020,08,14,0.21649784765210053,20.774168,3.1168265,2020
2053,r6i1p1f1,2020,08,15,0.015238832094632428,19.129099,1.9320363,2020
2054,r6i1p1f1,2020,08,16,1.0275734390137745,18.591057,2.3877966,2020
2055,r6i1p1f1,2020,08,17,0.21766970516540252,19.31064,2.0891602,2020
2056,r6i1p1f1,2020,08,18,0.0,23.832405,5.316821,2020
2057,r6i1p1f1,2020,08,19,0.07316954512083017,24.126337,3.3129056,2020
2058,r6i1p1f1,2020,08,20,0.0,24.911585,4.9328527,2020
2059,r6i1p1f1,2020,08,21,0.0,24.768463,5.6687355,2020
2060,r6i1p1f1,2020,08,22,0.002892745715314109,24.43695,5.4509864,2020
2061,r6i1p1f1,2020,08,23,0.0,27.40949,7.1927986,2020
2062,r6i1p1f1,2020,08,24,0.0,30.449316,9.677426,2020
2063,r6i1p1f1,2020,08,25,0.0,31.12007,9.68045,2020
2064,r6i1p1f1,2020,08,26,0.0,30.157675,9.062224,2020
2065,r6i1p1f1,2020,08,27,0.003488692604946117,30.23782,10.648434,2020
2066,r6i1p1f1,2020,08,28,0.7822153075448197,30.030128,12.5657215,2020
2067,r6i1p1f1,2020,08,29,0.03537384025729647,29.069635,11.186712,2020
2068,r6i1p1f1,2020,08,30,2.838729010968945,28.364817,8.410504,2020
2069,r6i1p1f1,2020,08,31,2.0764945188694597,29.57906,11.733021,2020
2070,r6i1p1f1,2020,09,01,8.215564521589124,27.11496,11.933731,2020
2071,r6i1p1f1,2020,09,02,5.522983736284782,21.306536,6.6903977,2020
2072,r6i1p1f1,2020,09,03,0.052795228463727514,26.799236,10.485002,2020
2073,r6i1p1f1,2020,09,04,0.0019576306129297522,29.093971,13.010615,2020
2074,r6i1p1f1,2020,09,05,0.2759842858093535,29.321512,11.712309,2020
2075,r6i1p1f1,2020,09,06,0.57933932037788,28.091944,11.518407,2020
2076,r6i1p1f1,2020,09,07,0.17043320950335691,26.278114,9.514426,2020
2077,r6i1p1f1,2020,09,08,0.5306278294567586,28.100904,9.8941145,2020
2078,r6i1p1f1,2020,09,09,0.0,30.37698,11.28672,2020
2079,r6i1p1f1,2020,09,10,0.0,30.458162,10.543862,2020
2080,r6i1p1f1,2020,09,11,0.010060911690408115,30.928259,10.745154,2020
2081,r6i1p1f1,2020,09,12,0.9869130262401783,30.985106,12.311351,2020
2082,r6i1p1f1,2020,09,13,0.6118390473621589,27.963926,9.440086,2020
2083,r6i1p1f1,2020,09,14,0.11341253307911105,28.095772,10.679812,2020
2084,r6i1p1f1,2020,09,15,0.17158202415881282,28.633114,11.352642,2020
2085,r6i1p1f1,2020,09,16,0.0,28.515219,10.943738,2020
2086,r6i1p1f1,2020,09,17,0.0647640059119275,23.079124,7.5526667,2020
2087,r6i1p1f1,2020,09,18,0.0,20.981554,5.0084887,2020
2088,r6i1p1f1,2020,09,19,0.0,22.872725,4.444424,2020
2089,r6i1p1f1,2020,09,20,0.0,26.283327,7.1973276,2020
2090,r6i1p1f1,2020,09,21,0.0,27.678741,9.660279,2020
2091,r6i1p1f1,2020,09,22,0.14144867582207835,23.85644,6.9011636,2020
2092,r6i1p1f1,2020,09,23,0.0,30.148571,7.808231,2020
2093,r6i1p1f1,2020,09,24,0.0,33.44077,13.921495,2020
2094,r6i1p1f1,2020,09,25,0.0,33.3254,14.802819,2020
2095,r6i1p1f1,2020,09,26,0.0,29.334797,10.392549,2020
2096,r6i1p1f1,2020,09,27,0.0,22.26155,6.357496,2020
2097,r6i1p1f1,2020,09,28,0.0,28.972208,7.230366,2020
2098,r6i1p1f1,2020,09,29,0.0,31.346186,9.283527,2020
2099,r6i1p1f1,2020,09,30,0.0,31.546036,11.881614,2020
2100,r6i1p1f1,2020,10,01,0.0,29.910639,9.283391,2020
2101,r6i1p1f1,2020,10,02,0.0,30.802076,10.166299,2020
2102,r6i1p1f1,2020,10,03,0.0,31.714228,10.426324,2020
2103,r6i1p1f1,2020,10,04,0.0,31.454184,10.612281,2020
2104,r6i1p1f1,2020,10,05,0.0,29.561632,9.192205,2020
2105,r6i1p1f1,2020,10,06,0.09689105083160254,22.984367,4.7121277,2020
2106,r6i1p1f1,2020,10,07,0.0014556038560406932,14.1098175,1.0012901,2020
2107,r6i1p1f1,2020,10,08,0.0035169746665448176,9.869417,-1.3103272,2020
2108,r6i1p1f1,2020,10,09,0.008492961614099638,11.16777,-2.5426176,2020
2109,r6i1p1f1,2020,10,10,13.073310413600176,9.230395,-1.8667699,2020
2110,r6i1p1f1,2020,10,11,16.51613456531015,8.809381,-0.5761689,2020
2111,r6i1p1f1,2020,10,12,0.008418503495402144,15.010768,0.89912945,2020
2112,r6i1p1f1,2020,10,13,0.0,18.19442,1.3105763,2020
2113,r6i1p1f1,2020,10,14,0.0,18.463453,1.2643828,2020
2114,r6i1p1f1,2020,10,15,1.949875338245697,14.753049,1.3486907,2020
2115,r6i1p1f1,2020,10,16,0.005314669003500855,17.261452,0.64409304,2020
2116,r6i1p1f1,2020,10,17,46.74080343834134,15.425535,1.3711252,2020
2117,r6i1p1f1,2020,10,18,50.42330721180245,14.015026,6.52409,2020
2118,r6i1p1f1,2020,10,19,21.844480283731897,14.440806,5.264272,2020
2119,r6i1p1f1,2020,10,20,0.2776148420538937,16.11558,1.3375615,2020
2120,r6i1p1f1,2020,10,21,0.5683198242150831,12.292921,-0.38138694,2020
2121,r6i1p1f1,2020,10,22,0.013501190982203615,13.497969,0.073457375,2020
2122,r6i1p1f1,2020,10,23,0.0,13.793322,1.5312316,2020
2123,r6i1p1f1,2020,10,24,0.006613954990982256,13.677655,-1.2095653,2020
2124,r6i1p1f1,2020,10,25,0.0,13.363654,-1.6213921,2020
2125,r6i1p1f1,2020,10,26,0.0,13.147159,-2.6136873,2020
2126,r6i1p1f1,2020,10,27,13.26731931775515,9.935041,-2.7812338,2020
2127,r6i1p1f1,2020,10,28,8.482226634873417,10.026586,1.0683242,2020
2128,r6i1p1f1,2020,10,29,6.286357356566198,9.4179945,1.7221605,2020
2129,r6i1p1f1,2020,10,30,12.62995663869457,9.839182,0.8811013,2020
2130,r6i1p1f1,2020,10,31,33.55105243646154,11.10346,3.2377782,2020
2131,r6i1p1f1,2020,11,01,8.119576139893276,10.866903,-4.054543,2020
2132,r6i1p1f1,2020,11,02,0.18963376720486502,10.801103,-0.20644924,2020
2133,r6i1p1f1,2020,11,03,0.0,11.954313,-1.8685782,2020
2134,r6i1p1f1,2020,11,04,0.0,14.5781355,-1.6256592,2020
2135,r6i1p1f1,2020,11,05,0.0,17.07073,-0.8180167,2020
2136,r6i1p1f1,2020,11,06,0.0,17.110453,1.0584835,2020
2137,r6i1p1f1,2020,11,07,0.0,14.91169,1.2171179,2020
2138,r6i1p1f1,2020,11,08,0.008505853803870108,14.589189,0.1850166,2020
2139,r6i1p1f1,2020,11,09,0.0,14.0892935,1.6511747,2020
2140,r6i1p1f1,2020,11,10,0.0,12.9973,0.7516401,2020
2141,r6i1p1f1,2020,11,11,0.8457379413508006,11.308062,1.1079575,2020
2142,r6i1p1f1,2020,11,12,0.8187185981807147,8.127571,-3.873962,2020
2143,r6i1p1f1,2020,11,13,0.0,12.690479,-2.7578528,2020
2144,r6i1p1f1,2020,11,14,0.0,16.036392,-2.295546,2020
2145,r6i1p1f1,2020,11,15,0.0,15.825973,0.3613507,2020
2146,r6i1p1f1,2020,11,16,0.0,15.730811,1.449111,2020
2147,r6i1p1f1,2020,11,17,2.7054875149948243,12.951893,1.0028518,2020
2148,r6i1p1f1,2020,11,18,1.367072077375064,9.172876,2.393935,2020
2149,r6i1p1f1,2020,11,19,0.0,12.049581,2.1840448,2020
2150,r6i1p1f1,2020,11,20,0.03525973569949838,9.787062,2.2155745,2020
2151,r6i1p1f1,2020,11,21,8.60003934833381,9.037924,2.5863755,2020
2152,r6i1p1f1,2020,11,22,5.968696456288754,8.360786,0.5093002,2020
2153,r6i1p1f1,2020,11,23,0.0,12.324534,-0.40785792,2020
2154,r6i1p1f1,2020,11,24,0.0,15.734439,-1.1615019,2020
2155,r6i1p1f1,2020,11,25,0.7882304572494719,14.583675,0.09442236,2020
2156,r6i1p1f1,2020,11,26,1.7769792857371018,7.1001563,-5.7557592,2020
2157,r6i1p1f1,2020,11,27,0.2829581055005281,1.728139,-6.8841047,2020
2158,r6i1p1f1,2020,11,28,3.9062774500155966,1.6598418,-8.664111,2020
2159,r6i1p1f1,2020,11,29,12.138368826743756,2.285711,-8.351808,2020
2160,r6i1p1f1,2020,11,30,13.318561410427042,1.8594817,-5.0603924,2020
2161,r6i1p1f1,2020,12,01,16.85213536976509,-1.7255794,-7.755731,2020
2162,r6i1p1f1,2020,12,02,14.536746159888231,-0.5862673,-5.6643033,2020
2163,r6i1p1f1,2020,12,03,0.15658598057632797,2.2275548,-5.9385796,2020
2164,r6i1p1f1,2020,12,04,0.0,1.583286,-12.429078,2020
2165,r6i1p1f1,2020,12,05,0.0,3.7561924,-12.036612,2020
2166,r6i1p1f1,2020,12,06,0.0,4.223889,-10.515747,2020
2167,r6i1p1f1,2020,12,07,6.695682331145681,2.606059,-7.1576796,2020
2168,r6i1p1f1,2020,12,08,1.1856854443658862,3.562605,-2.6544495,2020
2169,r6i1p1f1,2020,12,09,0.14109366227810635,4.998099,-4.0299654,2020
2170,r6i1p1f1,2020,12,10,0.0,3.2638159,-4.325791,2020
2171,r6i1p1f1,2020,12,11,0.44234827035394025,2.7261214,-6.9900393,2020
2172,r6i1p1f1,2020,12,12,0.4680830965709079,3.6572518,-1.969585,2020
2173,r6i1p1f1,2020,12,13,1.170480338872242,4.2703023,-3.4784904,2020
2174,r6i1p1f1,2020,12,14,1.1320352831188052,2.4804347,-4.301317,2020
2175,r6i1p1f1,2020,12,15,3.0160089034892974,2.678606,-7.0376534,2020
2176,r6i1p1f1,2020,12,16,0.0,7.390461,-8.036613,2020
2177,r6i1p1f1,2020,12,17,0.004094859600970088,7.4599414,-7.324104,2020
2178,r6i1p1f1,2020,12,18,5.846656344539236,1.4605846,-5.86855,2020
2179,r6i1p1f1,2020,12,19,0.07964056364001557,1.7844676,-6.460686,2020
2180,r6i1p1f1,2020,12,20,0.0,4.5285554,-7.909616,2020
2181,r6i1p1f1,2020,12,21,0.0,5.579323,-7.0632463,2020
2182,r6i1p1f1,2020,12,22,0.0,8.765634,-5.32917,2020
2183,r6i1p1f1,2020,12,23,0.0,8.237783,-4.9242883,2020
2184,r6i1p1f1,2020,12,24,0.006121297320313672,6.598771,-3.533455,2020
2185,r6i1p1f1,2020,12,25,0.0,7.433985,-6.7650127,2020
2186,r6i1p1f1,2020,12,26,0.0,8.575102,-5.8802557,2020
2187,r6i1p1f1,2020,12,27,0.0,10.585483,-4.476391,2020
2188,r6i1p1f1,2020,12,28,0.0,6.8567233,-3.8899255,2020
2189,r6i1p1f1,2020,12,29,0.0,12.721783,-2.744976,2020
2190,r6i1p1f1,2020,12,30,0.0738994196539384,13.584224,-1.0180342,2020
2191,r6i1p1f1,2020,12,31,0.013904053234737387,12.042819,2.2256804,2020
2192,r6i1p1f1,2021,01,01,0.40081130317603647,9.725724,0.37693676,2021
2193,r6i1p1f1,2021,01,02,4.411018141583874,6.0494804,-7.1024394,2021
2194,r6i1p1f1,2021,01,03,0.003820335206462201,1.2411165,-11.169528,2021
2195,r6i1p1f1,2021,01,04,1.1887764191320196,-1.6863815,-7.35634,2021
2196,r6i1p1f1,2021,01,05,0.0,1.2311794,-8.954108,2021
2197,r6i1p1f1,2021,01,06,0.0010512466424203043,0.94311154,-8.529662,2021
2198,r6i1p1f1,2021,01,07,0.0,3.147012,-8.153743,2021
2199,r6i1p1f1,2021,01,08,0.0,5.4624124,-6.620375,2021
2200,r6i1p1f1,2021,01,09,2.7264292300717057,1.8870356,-6.021423,2021
2201,r6i1p1f1,2021,01,10,28.373025810409132,5.2145853,-2.7901084,2021
2202,r6i1p1f1,2021,01,11,37.12047761110046,8.451936,-0.864725,2021
2203,r6i1p1f1,2021,01,12,8.457163714720986,8.87491,0.9611169,2021
2204,r6i1p1f1,2021,01,13,10.279138342358912,5.1908164,-0.0532175,2021
2205,r6i1p1f1,2021,01,14,6.979104106128113,4.8005238,-0.23861158,2021
2206,r6i1p1f1,2021,01,15,0.0,5.8814073,-0.5555176,2021
2207,r6i1p1f1,2021,01,16,0.0,8.174466,-5.001714,2021
2208,r6i1p1f1,2021,01,17,0.0,11.562667,-2.630294,2021
2209,r6i1p1f1,2021,01,18,0.0,11.555621,-2.912477,2021
2210,r6i1p1f1,2021,01,19,0.0,12.523523,-2.9530914,2021
2211,r6i1p1f1,2021,01,20,0.44750778206352276,9.588725,1.2354674,2021
2212,r6i1p1f1,2021,01,21,10.713951317656882,8.720971,-1.1687458,2021
2213,r6i1p1f1,2021,01,22,1.1302696836089807,4.881937,-5.6966414,2021
2214,r6i1p1f1,2021,01,23,26.292189349949005,3.7282128,-4.062017,2021
2215,r6i1p1f1,2021,01,24,4.526574420776912,2.0190482,-4.3427496,2021
2216,r6i1p1f1,2021,01,25,0.0,7.3080816,-4.3746705,2021
2217,r6i1p1f1,2021,01,26,24.90579292496196,6.105167,-2.0098243,2021
2218,r6i1p1f1,2021,01,27,0.13259838087444606,6.481947,-2.634668,2021
2219,r6i1p1f1,2021,01,28,0.09442384370893177,5.6179056,-5.662155,2021
2220,r6i1p1f1,2021,01,29,2.9076164982847743,6.424483,-4.0826707,2021
2221,r6i1p1f1,2021,01,30,0.0,6.916808,-6.1892695,2021
2222,r6i1p1f1,2021,01,31,0.0,7.70108,-7.693569,2021
2223,r6i1p1f1,2021,02,01,0.0,8.359366,-7.0103846,2021
2224,r6i1p1f1,2021,02,02,0.0,7.953656,-5.366959,2021
2225,r6i1p1f1,2021,02,03,0.0,10.136922,-5.9869084,2021
2226,r6i1p1f1,2021,02,04,0.0,11.15686,-5.1878486,2021
2227,r6i1p1f1,2021,02,05,11.988796408490112,7.937148,-3.7044742,2021
2228,r6i1p1f1,2021,02,06,15.98860363402231,3.034957,-3.149796,2021
2229,r6i1p1f1,2021,02,07,4.757105828351212,0.99139166,-7.6161084,2021
2230,r6i1p1f1,2021,02,08,0.4787277211607919,3.2574267,-12.034752,2021
2231,r6i1p1f1,2021,02,09,8.746870997968212,4.878187,-12.4256525,2021
2232,r6i1p1f1,2021,02,10,16.807389559554657,6.0377836,-4.4947114,2021
2233,r6i1p1f1,2021,02,11,10.405182391738531,5.7166047,-7.737969,2021
2234,r6i1p1f1,2021,02,12,0.24695250830125234,6.530746,-8.550642,2021
2235,r6i1p1f1,2021,02,13,5.217840195209155,6.24847,-0.87017876,2021
2236,r6i1p1f1,2021,02,14,6.611536495539692,6.2495165,-5.473133,2021
2237,r6i1p1f1,2021,02,15,17.302572676288776,5.5098343,-2.0081131,2021
2238,r6i1p1f1,2021,02,16,17.031787849331263,4.347954,-1.8443787,2021
2239,r6i1p1f1,2021,02,17,36.23858644086771,5.7010403,-1.6516696,2021
2240,r6i1p1f1,2021,02,18,31.1599974899599,4.616706,-2.9742684,2021
2241,r6i1p1f1,2021,02,19,2.0370796211072846,4.5938945,-4.187779,2021
2242,r6i1p1f1,2021,02,20,0.3571068951679552,7.4251804,-6.052463,2021
2243,r6i1p1f1,2021,02,21,0.38910563225634587,7.2982802,-4.1979523,2021
2244,r6i1p1f1,2021,02,22,16.16871383652092,4.823375,-1.5832837,2021
2245,r6i1p1f1,2021,02,23,10.15433711462691,4.1260376,-3.6182926,2021
2246,r6i1p1f1,2021,02,24,23.62333831566152,6.4623413,-2.5076978,2021
2247,r6i1p1f1,2021,02,25,13.83089644494959,6.176651,-1.1846242,2021
2248,r6i1p1f1,2021,02,26,1.0105487922402547,4.8647914,-3.0302076,2021
2249,r6i1p1f1,2021,02,27,4.876054598929076,3.1590827,-5.0258427,2021
2250,r6i1p1f1,2021,02,28,6.967569809256663,4.638824,-4.8842564,2021
2251,r6i1p1f1,2021,03,01,4.566914894716084,3.779636,-3.3272996,2021
2252,r6i1p1f1,2021,03,02,0.0,9.162215,-5.907654,2021
2253,r6i1p1f1,2021,03,03,0.0,11.578419,-6.6628757,2021
2254,r6i1p1f1,2021,03,04,0.0,13.580949,-4.745475,2021
2255,r6i1p1f1,2021,03,05,0.01105264536784113,12.748874,0.5815917,2021
2256,r6i1p1f1,2021,03,06,3.006949242777416,7.5659904,0.9720858,2021
2257,r6i1p1f1,2021,03,07,0.00433878894292519,15.438528,-2.734017,2021
2258,r6i1p1f1,2021,03,08,6.89423028669102,12.997002,-3.2832341,2021
2259,r6i1p1f1,2021,03,09,13.986488307333039,7.3434477,-0.21315685,2021
2260,r6i1p1f1,2021,03,10,19.436505303642644,5.253112,-2.701857,2021
2261,r6i1p1f1,2021,03,11,13.217953035090815,5.4029365,-3.9110446,2021
2262,r6i1p1f1,2021,03,12,0.0,12.23472,0.98054916,2021
2263,r6i1p1f1,2021,03,13,0.0,17.544489,0.11268832,2021
2264,r6i1p1f1,2021,03,14,0.0,19.630505,0.19961342,2021
2265,r6i1p1f1,2021,03,15,0.0,18.270435,0.027317148,2021
2266,r6i1p1f1,2021,03,16,2.081418381094333,15.245269,-0.26850206,2021
2267,r6i1p1f1,2021,03,17,1.1484051758077147,14.868336,2.8083227,2021
2268,r6i1p1f1,2021,03,18,2.81180351741509,14.544231,3.6448328,2021
2269,r6i1p1f1,2021,03,19,22.255378350541335,11.526638,-4.275053,2021
2270,r6i1p1f1,2021,03,20,10.358309542060594,6.1550713,-1.0482492,2021
2271,r6i1p1f1,2021,03,21,9.037518445876547,6.266967,-1.9382602,2021
2272,r6i1p1f1,2021,03,22,5.687917218356715,5.982039,-1.4557881,2021
2273,r6i1p1f1,2021,03,23,0.0,11.012029,-3.5807984,2021
2274,r6i1p1f1,2021,03,24,4.511961123929327,11.157876,-2.2533827,2021
2275,r6i1p1f1,2021,03,25,8.845648102821757,10.736236,2.405441,2021
2276,r6i1p1f1,2021,03,26,0.0,18.043013,-2.2147207,2021
2277,r6i1p1f1,2021,03,27,0.0,19.579586,-0.3315607,2021
2278,r6i1p1f1,2021,03,28,2.5425829254812586,15.569212,0.015481725,2021
2279,r6i1p1f1,2021,03,29,12.97077367512208,9.82511,1.1164124,2021
2280,r6i1p1f1,2021,03,30,0.038604847445491926,12.11198,0.019460395,2021
2281,r6i1p1f1,2021,03,31,0.0,12.299647,-4.0436893,2021
2282,r6i1p1f1,2021,04,01,5.142319584847972,6.93928,-1.3596934,2021
2283,r6i1p1f1,2021,04,02,5.475127023337623,6.7551804,-0.23913,2021
2284,r6i1p1f1,2021,04,03,4.373822571039757,7.7712317,-2.5135555,2021
2285,r6i1p1f1,2021,04,04,0.009940941515353765,10.9922,-1.5286996,2021
2286,r6i1p1f1,2021,04,05,2.471705919971965,6.7179427,-2.8597429,2021
2287,r6i1p1f1,2021,04,06,2.6620287734225516,9.111636,-3.7200763,2021
2288,r6i1p1f1,2021,04,07,0.10692038010038307,11.86198,-2.5472717,2021
2289,r6i1p1f1,2021,04,08,0.15514815796654097,12.392902,-3.2780025,2021
2290,r6i1p1f1,2021,04,09,3.9191782860439126,10.088264,-0.13488783,2021
2291,r6i1p1f1,2021,04,10,0.9683221166483175,6.4596057,-2.3624065,2021
2292,r6i1p1f1,2021,04,11,0.005423607424848622,10.096257,-3.80805,2021
2293,r6i1p1f1,2021,04,12,0.0,14.7562,-4.9230704,2021
2294,r6i1p1f1,2021,04,13,0.0,16.385546,-0.9909591,2021
2295,r6i1p1f1,2021,04,14,0.0,16.598577,1.8306653,2021
2296,r6i1p1f1,2021,04,15,0.0,20.395718,2.5847323,2021
2297,r6i1p1f1,2021,04,16,0.0,21.522118,4.8830013,2021
2298,r6i1p1f1,2021,04,17,0.0,22.415756,5.220982,2021
2299,r6i1p1f1,2021,04,18,0.0,22.810036,5.9575295,2021
2300,r6i1p1f1,2021,04,19,0.6202062149678164,21.738413,6.4203534,2021
2301,r6i1p1f1,2021,04,20,0.05971766946412291,21.141304,2.2946413,2021
2302,r6i1p1f1,2021,04,21,0.15652558553544935,17.246033,-0.6956089,2021
2303,r6i1p1f1,2021,04,22,10.611870929912152,9.155736,-1.2319804,2021
2304,r6i1p1f1,2021,04,23,4.497458546159212,10.466908,-4.3137565,2021
2305,r6i1p1f1,2021,04,24,0.0,18.077929,-1.7445029,2021
2306,r6i1p1f1,2021,04,25,2.6134646121776712,16.431738,4.0107203,2021
2307,r6i1p1f1,2021,04,26,1.2199231351339117,14.502077,7.161713,2021
2308,r6i1p1f1,2021,04,27,1.9669237494303717,15.446479,4.8717566,2021
2309,r6i1p1f1,2021,04,28,0.3405908087953316,16.39131,1.2221954,2021
2310,r6i1p1f1,2021,04,29,0.20176388574296464,14.643362,3.6517513,2021
2311,r6i1p1f1,2021,04,30,2.643723033400686,14.806543,-2.528253,2021
2312,r6i1p1f1,2021,05,01,3.2166296074087235,13.494912,1.5748565,2021
2313,r6i1p1f1,2021,05,02,3.7831722436941755,11.937734,-2.2599974,2021
2314,r6i1p1f1,2021,05,03,0.1379160419702931,14.378892,-0.763288,2021
2315,r6i1p1f1,2021,05,04,0.0,17.791006,2.3041573,2021
2316,r6i1p1f1,2021,05,05,11.469154961396358,10.989602,-5.5633893,2021
2317,r6i1p1f1,2021,05,06,0.7969487559196331,10.914673,-2.2241333,2021
2318,r6i1p1f1,2021,05,07,0.9679273069265913,13.88949,-1.4278917,2021
2319,r6i1p1f1,2021,05,08,1.2669709887778033,12.726198,-0.31071147,2021
2320,r6i1p1f1,2021,05,09,0.007325804084488392,19.614256,-0.29433644,2021
2321,r6i1p1f1,2021,05,10,1.7092542425294457,17.833946,3.573293,2021
2322,r6i1p1f1,2021,05,11,3.7296872246385857,14.27992,-0.7808497,2021
2323,r6i1p1f1,2021,05,12,0.11338348408744185,12.488965,1.2964635,2021
2324,r6i1p1f1,2021,05,13,0.0052259253665521855,15.926928,0.9289102,2021
2325,r6i1p1f1,2021,05,14,0.6781266313232374,16.517271,-1.814953,2021
2326,r6i1p1f1,2021,05,15,1.5855388863782747,16.458797,-0.46686104,2021
2327,r6i1p1f1,2021,05,16,0.42997168039613937,18.288973,1.8001615,2021
2328,r6i1p1f1,2021,05,17,0.36231704568698825,18.53462,3.2858634,2021
2329,r6i1p1f1,2021,05,18,0.35859273880866854,17.6922,5.4922495,2021
2330,r6i1p1f1,2021,05,19,0.4530690704115417,17.457012,2.0584466,2021
2331,r6i1p1f1,2021,05,20,0.06600725094736196,17.171247,4.022504,2021
2332,r6i1p1f1,2021,05,21,2.9208292115068364,16.480825,-0.3020394,2021
2333,r6i1p1f1,2021,05,22,1.4242698560140103,18.794157,1.020546,2021
2334,r6i1p1f1,2021,05,23,0.30241955864010583,19.175978,-0.85409313,2021
2335,r6i1p1f1,2021,05,24,9.881463282300258,15.025668,-1.5661567,2021
2336,r6i1p1f1,2021,05,25,11.543373148647555,13.773462,4.2052336,2021
2337,r6i1p1f1,2021,05,26,1.6067294807391848,15.972602,5.4623384,2021
2338,r6i1p1f1,2021,05,27,0.0,24.77996,7.007658,2021
2339,r6i1p1f1,2021,05,28,0.15419990155139177,24.16015,6.998556,2021
2340,r6i1p1f1,2021,05,29,0.17279786239943354,23.176157,6.455622,2021
2341,r6i1p1f1,2021,05,30,4.904631325235145,17.232784,-0.7470398,2021
2342,r6i1p1f1,2021,05,31,1.8141960333632072,16.280428,1.1993238,2021
2343,r6i1p1f1,2021,06,01,5.6466902946321795,14.876221,4.35909,2021
2344,r6i1p1f1,2021,06,02,19.118063932433873,14.32359,2.5500188,2021
2345,r6i1p1f1,2021,06,03,18.358482913627252,10.301089,2.5795658,2021
2346,r6i1p1f1,2021,06,04,7.890373036647961,14.484853,0.3333134,2021
2347,r6i1p1f1,2021,06,05,1.2593372340230653,18.74613,1.3881826,2021
2348,r6i1p1f1,2021,06,06,1.6699151397650145,18.869852,1.7906703,2021
2349,r6i1p1f1,2021,06,07,2.1719221272472007,17.866566,4.291472,2021
2350,r6i1p1f1,2021,06,08,0.29925811352767046,15.9024,2.5044165,2021
2351,r6i1p1f1,2021,06,09,0.09639340970356725,18.666864,1.0447304,2021
2352,r6i1p1f1,2021,06,10,0.0,25.055754,5.0434,2021
2353,r6i1p1f1,2021,06,11,0.13157503126149728,24.932476,6.0099454,2021
2354,r6i1p1f1,2021,06,12,0.0,25.054487,6.4349446,2021
2355,r6i1p1f1,2021,06,13,0.0,27.442032,9.662883,2021
2356,r6i1p1f1,2021,06,14,2.3780779435222414,22.226913,5.111908,2021
2357,r6i1p1f1,2021,06,15,1.2148336500768977,16.503393,2.9740934,2021
2358,r6i1p1f1,2021,06,16,0.0,23.332552,6.3880715,2021
2359,r6i1p1f1,2021,06,17,0.0,27.224539,6.9598227,2021
2360,r6i1p1f1,2021,06,18,0.0,29.332623,7.7879243,2021
2361,r6i1p1f1,2021,06,19,0.0,29.815035,9.921347,2021
2362,r6i1p1f1,2021,06,20,0.2813956748440919,30.36191,10.219502,2021
2363,r6i1p1f1,2021,06,21,0.013774172108768988,30.591099,9.747068,2021
2364,r6i1p1f1,2021,06,22,0.0,32.404194,12.4591055,2021
2365,r6i1p1f1,2021,06,23,0.0,32.96223,13.111547,2021
2366,r6i1p1f1,2021,06,24,0.0,34.328312,14.114673,2021
2367,r6i1p1f1,2021,06,25,0.0,34.273792,14.190182,2021
2368,r6i1p1f1,2021,06,26,1.8915363617811614,31.1583,10.92536,2021
2369,r6i1p1f1,2021,06,27,2.119412908314748,21.59109,4.141771,2021
2370,r6i1p1f1,2021,06,28,3.6178928842807165,18.814054,4.272397,2021
2371,r6i1p1f1,2021,06,29,0.00042160551211739957,25.765219,8.599177,2021
2372,r6i1p1f1,2021,06,30,0.0,29.66613,8.38119,2021
2373,r6i1p1f1,2021,07,01,0.0,32.6815,11.720796,2021
2374,r6i1p1f1,2021,07,02,0.35351401010585076,33.01827,11.019346,2021
2375,r6i1p1f1,2021,07,03,0.1280849249768748,28.455202,9.161842,2021
2376,r6i1p1f1,2021,07,04,0.0,27.750738,7.625492,2021
2377,r6i1p1f1,2021,07,05,0.0,26.976683,8.118464,2021
2378,r6i1p1f1,2021,07,06,0.0,27.119036,8.263306,2021
2379,r6i1p1f1,2021,07,07,0.0,25.689253,7.8895173,2021
2380,r6i1p1f1,2021,07,08,0.0,25.360415,6.762914,2021
2381,r6i1p1f1,2021,07,09,0.0,24.877739,5.5508432,2021
2382,r6i1p1f1,2021,07,10,0.0,25.263145,6.112869,2021
2383,r6i1p1f1,2021,07,11,0.0,26.74483,6.469952,2021
2384,r6i1p1f1,2021,07,12,0.0,28.577812,8.880533,2021
2385,r6i1p1f1,2021,07,13,0.07589413850056281,27.978592,9.661394,2021
2386,r6i1p1f1,2021,07,14,0.0,28.089912,9.423567,2021
2387,r6i1p1f1,2021,07,15,0.0,30.710875,10.207319,2021
2388,r6i1p1f1,2021,07,16,0.0,31.55806,12.000432,2021
2389,r6i1p1f1,2021,07,17,0.0,32.002712,13.138833,2021
2390,r6i1p1f1,2021,07,18,0.0,30.375557,11.269679,2021
2391,r6i1p1f1,2021,07,19,0.0,29.038908,11.541371,2021
2392,r6i1p1f1,2021,07,20,0.0,27.69441,8.311373,2021
2393,r6i1p1f1,2021,07,21,0.0,27.752186,7.674208,2021
2394,r6i1p1f1,2021,07,22,0.0,28.280659,8.196607,2021
2395,r6i1p1f1,2021,07,23,0.0,28.54493,9.587646,2021
2396,r6i1p1f1,2021,07,24,0.0,31.00727,9.008397,2021
2397,r6i1p1f1,2021,07,25,0.0,31.847279,10.353322,2021
2398,r6i1p1f1,2021,07,26,0.0,33.2765,11.38676,2021
2399,r6i1p1f1,2021,07,27,0.0,32.974777,11.728546,2021
2400,r6i1p1f1,2021,07,28,0.0,32.319447,11.492293,2021
2401,r6i1p1f1,2021,07,29,0.0,32.224678,11.082812,2021
2402,r6i1p1f1,2021,07,30,0.0,33.437828,11.848551,2021
2403,r6i1p1f1,2021,07,31,0.0,34.47554,11.629294,2021
2404,r6i1p1f1,2021,08,01,4.03457934369095,33.04332,11.469133,2021
2405,r6i1p1f1,2021,08,02,2.7455164560516114,27.611523,9.546668,2021
2406,r6i1p1f1,2021,08,03,0.23514107616824864,27.99154,9.020569,2021
2407,r6i1p1f1,2021,08,04,0.0008642314757777448,29.571619,9.378325,2021
2408,r6i1p1f1,2021,08,05,0.6825968179538869,30.234575,12.185353,2021
2409,r6i1p1f1,2021,08,06,0.27575008861758454,30.987535,13.054058,2021
2410,r6i1p1f1,2021,08,07,0.0,28.752367,9.294622,2021
2411,r6i1p1f1,2021,08,08,0.0060268009518522556,26.520346,6.908959,2021
2412,r6i1p1f1,2021,08,09,0.0,26.869343,7.388981,2021
2413,r6i1p1f1,2021,08,10,0.0,27.844866,8.025508,2021
2414,r6i1p1f1,2021,08,11,0.0,29.43469,9.15615,2021
2415,r6i1p1f1,2021,08,12,0.0,32.730545,9.737479,2021
2416,r6i1p1f1,2021,08,13,0.0,32.32564,10.012629,2021
2417,r6i1p1f1,2021,08,14,0.0,32.41875,11.559236,2021
2418,r6i1p1f1,2021,08,15,0.9383281029511783,31.14866,11.278655,2021
2419,r6i1p1f1,2021,08,16,4.132482127894563,30.64195,10.996723,2021
2420,r6i1p1f1,2021,08,17,0.1087083082758378,29.531773,8.935682,2021
2421,r6i1p1f1,2021,08,18,0.042508677100517075,28.60443,11.889067,2021
2422,r6i1p1f1,2021,08,19,0.0,29.421215,9.918745,2021
2423,r6i1p1f1,2021,08,20,0.0,30.490446,10.927832,2021
2424,r6i1p1f1,2021,08,21,0.0,31.805857,10.637379,2021
2425,r6i1p1f1,2021,08,22,0.0,31.737518,11.532828,2021
2426,r6i1p1f1,2021,08,23,0.0,30.283003,9.27251,2021
2427,r6i1p1f1,2021,08,24,0.0,27.115717,8.300186,2021
2428,r6i1p1f1,2021,08,25,0.0,25.797602,7.9174438,2021
2429,r6i1p1f1,2021,08,26,0.1809181846462786,19.902798,3.1534235,2021
2430,r6i1p1f1,2021,08,27,0.0,23.857977,4.12468,2021
2431,r6i1p1f1,2021,08,28,0.0,28.032736,8.55964,2021
2432,r6i1p1f1,2021,08,29,0.5685583258514185,28.391335,10.52477,2021
2433,r6i1p1f1,2021,08,30,0.0,25.492775,5.685926,2021
2434,r6i1p1f1,2021,08,31,0.0,26.305653,6.834261,2021
2435,r6i1p1f1,2021,09,01,0.0,26.644526,7.19263,2021
2436,r6i1p1f1,2021,09,02,0.0,25.30407,6.918095,2021
2437,r6i1p1f1,2021,09,03,0.0,24.903353,7.279153,2021
2438,r6i1p1f1,2021,09,04,2.6633813658903303,23.065247,4.5465565,2021
2439,r6i1p1f1,2021,09,05,0.48047454552911156,23.491196,5.8943696,2021
2440,r6i1p1f1,2021,09,06,0.0,30.324697,9.67694,2021
2441,r6i1p1f1,2021,09,07,0.0,30.841652,11.17078,2021
2442,r6i1p1f1,2021,09,08,0.08425468817348812,25.75398,10.176266,2021
2443,r6i1p1f1,2021,09,09,0.0,24.484325,6.0226636,2021
2444,r6i1p1f1,2021,09,10,0.0,24.186447,3.9323645,2021
2445,r6i1p1f1,2021,09,11,0.9819536775461153,23.737373,4.3725533,2021
2446,r6i1p1f1,2021,09,12,0.0020150642332838445,23.236727,6.031282,2021
2447,r6i1p1f1,2021,09,13,0.2389091369471723,20.658628,5.3169446,2021
2448,r6i1p1f1,2021,09,14,0.26115284595821936,19.810905,2.9985845,2021
2449,r6i1p1f1,2021,09,15,0.0,24.60237,5.643548,2021
2450,r6i1p1f1,2021,09,16,0.0,30.487411,11.144598,2021
2451,r6i1p1f1,2021,09,17,0.0,32.274025,11.533369,2021
2452,r6i1p1f1,2021,09,18,0.0,31.5547,13.151069,2021
2453,r6i1p1f1,2021,09,19,0.0,31.486359,11.903669,2021
2454,r6i1p1f1,2021,09,20,0.0,32.619953,11.170674,2021
2455,r6i1p1f1,2021,09,21,0.0214290951940125,32.612278,12.556342,2021
2456,r6i1p1f1,2021,09,22,0.0,29.204525,7.9969616,2021
2457,r6i1p1f1,2021,09,23,0.0,25.853958,6.0488324,2021
2458,r6i1p1f1,2021,09,24,4.328530108787994,18.881462,4.16259,2021
2459,r6i1p1f1,2021,09,25,9.655978979077688,16.897184,-0.07303566,2021
2460,r6i1p1f1,2021,09,26,0.04240374358211755,17.721292,1.6479905,2021
2461,r6i1p1f1,2021,09,27,1.125380655477778,15.122241,3.6057687,2021
2462,r6i1p1f1,2021,09,28,8.846444809277074,15.63851,3.8670526,2021
2463,r6i1p1f1,2021,09,29,6.655854735046104e-05,17.438602,1.8727655,2021
2464,r6i1p1f1,2021,09,30,0.0008478050553170195,15.02115,1.2692428,2021
2465,r6i1p1f1,2021,10,01,0.032941328854668925,17.161886,-1.3221533,2021
2466,r6i1p1f1,2021,10,02,0.0,21.288918,3.1639202,2021
2467,r6i1p1f1,2021,10,03,0.0,24.047384,3.1859293,2021
2468,r6i1p1f1,2021,10,04,0.0,25.676222,5.100556,2021
2469,r6i1p1f1,2021,10,05,0.0,26.677858,6.4501476,2021
2470,r6i1p1f1,2021,10,06,0.0,27.643164,6.416428,2021
2471,r6i1p1f1,2021,10,07,0.0,26.03877,5.8259974,2021
2472,r6i1p1f1,2021,10,08,0.0,25.260107,6.6307964,2021
2473,r6i1p1f1,2021,10,09,0.0,21.476799,4.6466784,2021
2474,r6i1p1f1,2021,10,10,0.0,24.939266,5.521512,2021
2475,r6i1p1f1,2021,10,11,0.0,26.28951,5.2730956,2021
2476,r6i1p1f1,2021,10,12,0.0,25.776953,5.280934,2021
2477,r6i1p1f1,2021,10,13,0.0,27.505953,7.385599,2021
2478,r6i1p1f1,2021,10,14,0.0,28.294975,8.215768,2021
2479,r6i1p1f1,2021,10,15,0.0,26.01222,6.8488016,2021
2480,r6i1p1f1,2021,10,16,0.0,24.328081,5.384596,2021
2481,r6i1p1f1,2021,10,17,0.0,19.850967,3.5698323,2021
2482,r6i1p1f1,2021,10,18,0.0,18.518248,1.6413952,2021
2483,r6i1p1f1,2021,10,19,0.0,18.336912,4.5353804,2021
2484,r6i1p1f1,2021,10,20,0.0,19.963573,3.268469,2021
2485,r6i1p1f1,2021,10,21,0.0394903338538659,20.296034,4.0618715,2021
2486,r6i1p1f1,2021,10,22,1.3175266122108444,18.664614,5.2278934,2021
2487,r6i1p1f1,2021,10,23,0.0,18.573938,0.27749813,2021
2488,r6i1p1f1,2021,10,24,0.15418851668357214,18.0997,3.3486385,2021
2489,r6i1p1f1,2021,10,25,13.557503771652017,13.927949,6.622389,2021
2490,r6i1p1f1,2021,10,26,16.371983325830087,14.29972,0.82343394,2021
2491,r6i1p1f1,2021,10,27,0.040904970301548764,11.565024,-1.486829,2021
2492,r6i1p1f1,2021,10,28,2.7271880384322875,16.804243,2.3626146,2021
2493,r6i1p1f1,2021,10,29,0.0010232479750929885,16.923151,4.1077037,2021
2494,r6i1p1f1,2021,10,30,0.0028446288004105405,16.647682,4.054554,2021
2495,r6i1p1f1,2021,10,31,3.159393620510766,13.781456,4.040264,2021
2496,r6i1p1f1,2021,11,01,0.0,13.690122,-0.50032556,2021
2497,r6i1p1f1,2021,11,02,0.0002427217624307511,12.673345,0.9259769,2021
2498,r6i1p1f1,2021,11,03,17.63561700657035,11.913742,-2.0112965,2021
2499,r6i1p1f1,2021,11,04,0.0,7.363569,-4.149823,2021
2500,r6i1p1f1,2021,11,05,0.030425597803681124,11.6407385,-3.2699034,2021
2501,r6i1p1f1,2021,11,06,20.567321793406077,9.097279,2.1365023,2021
2502,r6i1p1f1,2021,11,07,24.874966327387956,9.169977,-2.7021894,2021
2503,r6i1p1f1,2021,11,08,3.5643667824373275,5.5407577,-1.2333989,2021
2504,r6i1p1f1,2021,11,09,0.2059866064831427,6.3762527,-1.863226,2021
2505,r6i1p1f1,2021,11,10,0.011315606408794811,9.297165,-3.9009986,2021
2506,r6i1p1f1,2021,11,11,4.981495912412788,11.373167,0.59500545,2021
2507,r6i1p1f1,2021,11,12,3.2942209080761775,10.765352,3.3860142,2021
2508,r6i1p1f1,2021,11,13,0.9191883006088224,9.389103,2.925719,2021
2509,r6i1p1f1,2021,11,14,15.41740985673983,8.983811,3.0357664,2021
2510,r6i1p1f1,2021,11,15,0.0,13.638841,-0.88727313,2021
2511,r6i1p1f1,2021,11,16,0.0,14.945303,0.022944456,2021
2512,r6i1p1f1,2021,11,17,13.768449860549152,13.34411,5.8845305,2021
2513,r6i1p1f1,2021,11,18,32.38432139760485,11.608338,4.5815244,2021
2514,r6i1p1f1,2021,11,19,31.894036003125642,9.611668,3.626244,2021
2515,r6i1p1f1,2021,11,20,2.676689310490285,10.421931,-3.0911438,2021
2516,r6i1p1f1,2021,11,21,0.00405590102335805,9.284498,-4.338715,2021
2517,r6i1p1f1,2021,11,22,0.0,9.948634,-4.7521677,2021
2518,r6i1p1f1,2021,11,23,0.010458973931142628,10.640251,-5.593791,2021
2519,r6i1p1f1,2021,11,24,3.3254364187159964,8.105976,-0.89760786,2021
2520,r6i1p1f1,2021,11,25,7.254370925714462,8.297842,0.7952247,2021
2521,r6i1p1f1,2021,11,26,0.0,9.632031,-1.4605281,2021
2522,r6i1p1f1,2021,11,27,0.1924308485038594,8.385614,-3.6764982,2021
2523,r6i1p1f1,2021,11,28,36.464772968761324,10.334441,-3.041833,2021
2524,r6i1p1f1,2021,11,29,28.84402624167774,7.464718,-0.7561241,2021
2525,r6i1p1f1,2021,11,30,19.022653845602175,5.10978,-2.155126,2021
2526,r6i1p1f1,2021,12,01,10.819453050316854,2.303466,-5.8910017,2021
2527,r6i1p1f1,2021,12,02,3.8897077151382975,2.7447317,-7.036985,2021
2528,r6i1p1f1,2021,12,03,39.16405528565372,5.702941,-1.8890518,2021
2529,r6i1p1f1,2021,12,04,9.372466476968777,4.7371235,-1.4527906,2021
2530,r6i1p1f1,2021,12,05,2.4294766705706383,5.221508,-2.81832,2021
2531,r6i1p1f1,2021,12,06,0.0,7.6595635,-4.7176447,2021
2532,r6i1p1f1,2021,12,07,0.0,11.893649,-2.2320018,2021
2533,r6i1p1f1,2021,12,08,0.0,12.257706,-1.5522459,2021
2534,r6i1p1f1,2021,12,09,0.0,11.867349,-0.77066946,2021
2535,r6i1p1f1,2021,12,10,0.0,10.246819,-1.4934217,2021
2536,r6i1p1f1,2021,12,11,0.0,9.78891,-3.7614393,2021
2537,r6i1p1f1,2021,12,12,0.0,9.389211,-4.9395065,2021
2538,r6i1p1f1,2021,12,13,0.0,6.8545165,-8.685615,2021
2539,r6i1p1f1,2021,12,14,0.0,6.78503,-7.9164414,2021
2540,r6i1p1f1,2021,12,15,0.0,11.607377,-3.0561278,2021
2541,r6i1p1f1,2021,12,16,0.0,14.006236,-1.2676104,2021
2542,r6i1p1f1,2021,12,17,0.0,13.535351,-2.3635864,2021
2543,r6i1p1f1,2021,12,18,0.0,9.257542,-6.352973,2021
2544,r6i1p1f1,2021,12,19,0.0003789000465514219,7.8877816,-5.6120477,2021
2545,r6i1p1f1,2021,12,20,3.4318384236564135,3.4372208,-2.2007444,2021
2546,r6i1p1f1,2021,12,21,0.009416805487766987,5.970745,-8.173928,2021
2547,r6i1p1f1,2021,12,22,0.0,-0.36177948,-14.574617,2021
2548,r6i1p1f1,2021,12,23,0.0,-1.1172935,-15.1633,2021
2549,r6i1p1f1,2021,12,24,0.0,0.9123556,-14.037321,2021
2550,r6i1p1f1,2021,12,25,0.0,2.7369323,-12.988419,2021
2551,r6i1p1f1,2021,12,26,0.0,3.8679626,-11.367298,2021
2552,r6i1p1f1,2021,12,27,0.0,7.6193023,-8.630615,2021
2553,r6i1p1f1,2021,12,28,0.0,6.865468,-8.778206,2021
2554,r6i1p1f1,2021,12,29,1.591477793082931,0.3485474,-6.29721,2021
2555,r6i1p1f1,2021,12,30,27.280057728611883,3.6696603,-5.218998,2021
2556,r6i1p1f1,2021,12,31,7.672527713615474,4.0953608,-2.5201585,2021
2557,r6i1p1f1,2022,01,01,0.30444557383507415,2.5690374,-5.788589,2022
2558,r6i1p1f1,2022,01,02,0.042405315862916744,4.285326,-8.168577,2022
2559,r6i1p1f1,2022,01,03,5.702444906427154,-0.51472884,-9.044583,2022
2560,r6i1p1f1,2022,01,04,1.7069178558219276,0.17569727,-7.9053335,2022
2561,r6i1p1f1,2022,01,05,14.430596650318806,6.8082337,-5.496903,2022
2562,r6i1p1f1,2022,01,06,0.19732022967173932,7.299113,-4.257093,2022
2563,r6i1p1f1,2022,01,07,40.33417224272153,12.346167,-1.033982,2022
2564,r6i1p1f1,2022,01,08,49.018883466739744,11.369672,1.1403844,2022
2565,r6i1p1f1,2022,01,09,19.559913885216798,10.391706,3.8136444,2022
2566,r6i1p1f1,2022,01,10,40.65077144149611,11.841386,3.939091,2022
2567,r6i1p1f1,2022,01,11,19.360262108132947,10.785893,1.3354964,2022
2568,r6i1p1f1,2022,01,12,3.8282717627854805,6.684412,-3.4361236,2022
2569,r6i1p1f1,2022,01,13,6.601779941540697,3.345232,-5.40423,2022
2570,r6i1p1f1,2022,01,14,23.59402279437525,3.6032953,-4.156996,2022
2571,r6i1p1f1,2022,01,15,14.852709464158437,3.7193787,-1.7074214,2022
2572,r6i1p1f1,2022,01,16,37.96066821075952,11.105843,-1.297486,2022
2573,r6i1p1f1,2022,01,17,27.317399598557223,9.901264,-3.092726,2022
2574,r6i1p1f1,2022,01,18,0.5905510895133984,2.9163635,-10.1614895,2022
2575,r6i1p1f1,2022,01,19,0.00461999195253796,5.0008235,-2.1997237,2022
2576,r6i1p1f1,2022,01,20,1.5812343538630351,3.5473306,-6.256626,2022
2577,r6i1p1f1,2022,01,21,6.221496237747571,3.1557443,-4.5184216,2022
2578,r6i1p1f1,2022,01,22,4.877654035478631,6.3042145,-1.8229032,2022
2579,r6i1p1f1,2022,01,23,4.0238402235043385,6.6584883,-0.6662467,2022
2580,r6i1p1f1,2022,01,24,5.842300279628272,4.157316,-4.3220625,2022
2581,r6i1p1f1,2022,01,25,0.0,7.3154664,-6.6780567,2022
2582,r6i1p1f1,2022,01,26,0.7930682995878886,7.89215,-3.3256676,2022
2583,r6i1p1f1,2022,01,27,0.037787165687680056,11.176808,2.2038162,2022
2584,r6i1p1f1,2022,01,28,26.385332687874822,8.34011,-2.2346914,2022
2585,r6i1p1f1,2022,01,29,1.2844907023227503,11.127271,-4.213846,2022
2586,r6i1p1f1,2022,01,30,2.89298264319902,5.8391185,-4.4783607,2022
2587,r6i1p1f1,2022,01,31,0.025568626921558986,3.623739,-5.3434777,2022
2588,r6i1p1f1,2022,02,01,0.0019282832123059307,3.7644486,-10.296319,2022
2589,r6i1p1f1,2022,02,02,1.8424035467236115,3.0472403,-4.432974,2022
2590,r6i1p1f1,2022,02,03,23.911501786116318,0.807258,-6.1790266,2022
2591,r6i1p1f1,2022,02,04,11.905738500833447,3.8999658,-11.405114,2022
2592,r6i1p1f1,2022,02,05,2.1912971736131786,1.255154,-9.94678,2022
2593,r6i1p1f1,2022,02,06,8.485781829962145,-0.58670735,-7.353079,2022
2594,r6i1p1f1,2022,02,07,13.947870599204986,-0.43820676,-14.083605,2022
2595,r6i1p1f1,2022,02,08,1.1584742933448915,2.7162983,-13.164779,2022
2596,r6i1p1f1,2022,02,09,0.9252621115023064,1.2012345,-7.2575746,2022
2597,r6i1p1f1,2022,02,10,7.109422874571305,3.936608,-8.495134,2022
2598,r6i1p1f1,2022,02,11,0.015484667387878709,5.9547005,-11.231861,2022
2599,r6i1p1f1,2022,02,12,0.027984040610887707,1.5404738,-11.638703,2022
2600,r6i1p1f1,2022,02,13,0.3320333603537068,1.8114504,-15.0707445,2022
2601,r6i1p1f1,2022,02,14,16.46466677203524,5.6524544,-6.695278,2022
2602,r6i1p1f1,2022,02,15,30.757031951876836,4.1666436,-3.580203,2022
2603,r6i1p1f1,2022,02,16,12.646812628738898,3.3610473,-2.7212498,2022
2604,r6i1p1f1,2022,02,17,6.400424651458905,7.6998,-6.40131,2022
2605,r6i1p1f1,2022,02,18,15.925384917512252,5.171882,-1.7608151,2022
2606,r6i1p1f1,2022,02,19,1.7197657359601755,3.8553314,-11.817702,2022
2607,r6i1p1f1,2022,02,20,6.466025383500875,0.7706897,-14.788637,2022
2608,r6i1p1f1,2022,02,21,4.568986550051746,1.6016632,-5.5507927,2022
2609,r6i1p1f1,2022,02,22,3.6135627946510165,2.2591512,-4.696043,2022
2610,r6i1p1f1,2022,02,23,0.010433020942221247,5.127683,-11.760231,2022
2611,r6i1p1f1,2022,02,24,0.013659851583652042,4.27724,-13.1332035,2022
2612,r6i1p1f1,2022,02,25,0.3716325208154668,3.9045959,-2.5444067,2022
2613,r6i1p1f1,2022,02,26,0.3304311878243708,6.1781445,-0.0537921,2022
2614,r6i1p1f1,2022,02,27,0.0,10.182204,0.40823963,2022
2615,r6i1p1f1,2022,02,28,5.956970310961125,6.939579,-1.2403057,2022
2616,r6i1p1f1,2022,03,01,20.713089109786516,4.232625,-2.7009552,2022
2617,r6i1p1f1,2022,03,02,0.1480859875361915,2.6579416,-9.824552,2022
2618,r6i1p1f1,2022,03,03,0.0,7.083853,-13.035429,2022
2619,r6i1p1f1,2022,03,04,0.0,10.462489,-6.1850657,2022
2620,r6i1p1f1,2022,03,05,0.0,9.523506,1.077414,2022
2621,r6i1p1f1,2022,03,06,0.047247299056069766,7.0970626,0.691973,2022
2622,r6i1p1f1,2022,03,07,1.964946048818973,2.3010705,-8.437452,2022
2623,r6i1p1f1,2022,03,08,0.0017166202093953917,7.119606,-8.865211,2022
2624,r6i1p1f1,2022,03,09,0.0,9.136549,-5.8873353,2022
2625,r6i1p1f1,2022,03,10,0.6549148057838942,6.7872014,-5.74792,2022
2626,r6i1p1f1,2022,03,11,3.940175226262364e-05,2.0525548,-13.69388,2022
2627,r6i1p1f1,2022,03,12,0.0,0.6265747,-15.031654,2022
2628,r6i1p1f1,2022,03,13,0.0,2.1480596,-13.217364,2022
2629,r6i1p1f1,2022,03,14,2.0310241400236064,1.391379,-6.401541,2022
2630,r6i1p1f1,2022,03,15,2.627623023134362,-1.0915989,-11.060836,2022
2631,r6i1p1f1,2022,03,16,0.10564770272777145,0.7892766,-8.99036,2022
2632,r6i1p1f1,2022,03,17,0.02873430627819024,1.3873088,-14.055901,2022
2633,r6i1p1f1,2022,03,18,0.0,2.9921935,-13.787852,2022
2634,r6i1p1f1,2022,03,19,0.0,7.440425,-9.882688,2022
2635,r6i1p1f1,2022,03,20,0.0,10.348291,-6.6815696,2022
2636,r6i1p1f1,2022,03,21,12.496110769540707,5.6994624,-4.778543,2022
2637,r6i1p1f1,2022,03,22,7.687538302233985,4.6209016,-2.7913775,2022
2638,r6i1p1f1,2022,03,23,0.2400520237052796,7.945633,-7.98678,2022
2639,r6i1p1f1,2022,03,24,0.0,9.101752,-7.8750334,2022
2640,r6i1p1f1,2022,03,25,0.0,11.764294,-4.005685,2022
2641,r6i1p1f1,2022,03,26,4.0243171351008185,7.766384,-1.5413588,2022
2642,r6i1p1f1,2022,03,27,7.3284776495746415,5.240102,-2.339291,2022
2643,r6i1p1f1,2022,03,28,0.006580114078905607,5.5806317,-10.054416,2022
2644,r6i1p1f1,2022,03,29,0.8577016189437144,5.7683735,-0.79877317,2022
2645,r6i1p1f1,2022,03,30,0.04058937394451377,14.41102,1.0511118,2022
2646,r6i1p1f1,2022,03,31,0.0,16.314348,0.305174,2022
2647,r6i1p1f1,2022,04,01,0.0,17.184061,-1.2723639,2022
2648,r6i1p1f1,2022,04,02,0.0,18.305674,0.32198748,2022
2649,r6i1p1f1,2022,04,03,0.0009992043433284345,17.583239,0.73547566,2022
2650,r6i1p1f1,2022,04,04,8.985715417044172,10.412514,-0.7446524,2022
2651,r6i1p1f1,2022,04,05,14.54790259916264,6.6625657,-3.4670072,2022
2652,r6i1p1f1,2022,04,06,0.3712025792614604,5.6462393,-4.4944067,2022
2653,r6i1p1f1,2022,04,07,1.1205622509881668,4.043037,-4.06077,2022
2654,r6i1p1f1,2022,04,08,0.011881649152298356,9.721847,-3.7737105,2022
2655,r6i1p1f1,2022,04,09,0.06637651017080058,16.197481,-0.18242179,2022
2656,r6i1p1f1,2022,04,10,23.64109645062113,10.421259,-2.2905898,2022
2657,r6i1p1f1,2022,04,11,10.796967750926008,7.675618,-4.4632645,2022
2658,r6i1p1f1,2022,04,12,8.234243353983313,6.2856317,-4.8253474,2022
2659,r6i1p1f1,2022,04,13,6.486370519982076,10.05361,-1.8945261,2022
2660,r6i1p1f1,2022,04,14,3.6670770894278673,13.229648,-2.288528,2022
2661,r6i1p1f1,2022,04,15,21.851102757747036,12.552587,0.78195006,2022
2662,r6i1p1f1,2022,04,16,12.950953130778844,8.947607,-1.5242004,2022
2663,r6i1p1f1,2022,04,17,5.250139196339914,10.440957,1.0612493,2022
2664,r6i1p1f1,2022,04,18,3.362945445218928,11.147425,-4.549683,2022
2665,r6i1p1f1,2022,04,19,1.7478144486360085,11.198026,-5.5208964,2022
2666,r6i1p1f1,2022,04,20,0.09130153308887383,13.43677,-1.1517622,2022
2667,r6i1p1f1,2022,04,21,0.0,14.047698,-0.5166402,2022
2668,r6i1p1f1,2022,04,22,0.01537507776633146,14.815602,-0.4487032,2022
2669,r6i1p1f1,2022,04,23,0.10357338130147944,15.16054,0.12391011,2022
2670,r6i1p1f1,2022,04,24,4.1040180189576665,13.333006,0.07129076,2022
2671,r6i1p1f1,2022,04,25,1.4297510357463574,14.53572,-3.4156108,2022
2672,r6i1p1f1,2022,04,26,0.0,17.764853,-0.3653158,2022
2673,r6i1p1f1,2022,04,27,0.0,16.95282,3.2484,2022
2674,r6i1p1f1,2022,04,28,7.574580879234414,13.294349,-3.377087,2022
2675,r6i1p1f1,2022,04,29,8.022357053921553,9.52996,-3.9120889,2022
2676,r6i1p1f1,2022,04,30,1.1769642146767352,14.299817,1.7282085,2022
2677,r6i1p1f1,2022,05,01,0.0,19.44067,2.2900088,2022
2678,r6i1p1f1,2022,05,02,0.0,26.05947,4.4217114,2022
2679,r6i1p1f1,2022,05,03,0.11491043848736385,25.081993,5.425979,2022
2680,r6i1p1f1,2022,05,04,0.63968549669436,21.649378,2.3139684,2022
2681,r6i1p1f1,2022,05,05,0.9217722428119215,17.83579,2.0779138,2022
2682,r6i1p1f1,2022,05,06,2.8601844808741697,11.629363,-4.833049,2022
2683,r6i1p1f1,2022,05,07,0.07806557790429083,7.8428106,-3.18341,2022
2684,r6i1p1f1,2022,05,08,0.769665793377732,11.644214,-4.4957566,2022
2685,r6i1p1f1,2022,05,09,0.0,17.8275,-1.2113237,2022
2686,r6i1p1f1,2022,05,10,0.0,21.86948,2.2366168,2022
2687,r6i1p1f1,2022,05,11,0.002488765136623058,20.896696,2.2598813,2022
2688,r6i1p1f1,2022,05,12,5.9345532871779065,13.600684,2.3439524,2022
2689,r6i1p1f1,2022,05,13,1.307509073615238,16.130474,1.2015425,2022
2690,r6i1p1f1,2022,05,14,0.6468352803845442,16.145802,3.4760652,2022
2691,r6i1p1f1,2022,05,15,0.15538046868935776,19.403072,2.3025131,2022
2692,r6i1p1f1,2022,05,16,3.2666284051738566,13.763462,-0.59765,2022
2693,r6i1p1f1,2022,05,17,0.04781687276089504,17.23019,1.5013053,2022
2694,r6i1p1f1,2022,05,18,0.2262542127837058,18.643137,-0.5082305,2022
2695,r6i1p1f1,2022,05,19,0.33660071603730857,18.113739,3.0611322,2022
2696,r6i1p1f1,2022,05,20,1.6820596312818952,12.750951,1.9383271,2022
2697,r6i1p1f1,2022,05,21,0.24850615754275776,15.15247,2.1134913,2022
2698,r6i1p1f1,2022,05,22,3.5911475178314425,15.585305,-4.2307124,2022
2699,r6i1p1f1,2022,05,23,1.5907914210355276,15.767559,2.1348183,2022
2700,r6i1p1f1,2022,05,24,2.77090588822267,15.98261,0.683875,2022
2701,r6i1p1f1,2022,05,25,0.47366893360184914,20.141014,2.106004,2022
2702,r6i1p1f1,2022,05,26,2.630597043482319,17.7821,0.8557268,2022
2703,r6i1p1f1,2022,05,27,0.9655565188918195,18.978846,5.076047,2022
2704,r6i1p1f1,2022,05,28,1.095223171418347,18.77178,3.8342333,2022
2705,r6i1p1f1,2022,05,29,8.000478550935952,15.890786,-1.6359473,2022
2706,r6i1p1f1,2022,05,30,7.097722304378382,16.77168,1.5918432,2022
2707,r6i1p1f1,2022,05,31,0.14573708376120798,21.874794,5.0107446,2022
2708,r6i1p1f1,2022,06,01,0.09303894450027352,22.078209,6.689641,2022
2709,r6i1p1f1,2022,06,02,0.19320683345995104,22.711329,3.1131816,2022
2710,r6i1p1f1,2022,06,03,1.9506759858742437,19.048471,2.524064,2022
2711,r6i1p1f1,2022,06,04,0.0,20.53391,6.1106,2022
2712,r6i1p1f1,2022,06,05,0.0064856618305134135,23.049643,4.870121,2022
2713,r6i1p1f1,2022,06,06,2.0960274498026052,18.059872,0.61689526,2022
2714,r6i1p1f1,2022,06,07,11.431814374796941,9.416163,-2.5551503,2022
2715,r6i1p1f1,2022,06,08,6.1378245988536495,13.400328,0.49701786,2022
2716,r6i1p1f1,2022,06,09,2.9234500874971387,15.929818,-0.5010453,2022
2717,r6i1p1f1,2022,06,10,0.16177686811249173,17.941103,-1.1533641,2022
2718,r6i1p1f1,2022,06,11,0.0,24.45879,6.1079154,2022
2719,r6i1p1f1,2022,06,12,0.0,27.109737,7.9992013,2022
2720,r6i1p1f1,2022,06,13,0.0,26.86534,9.259604,2022
2721,r6i1p1f1,2022,06,14,13.856190351831643,17.082138,1.7202153,2022
2722,r6i1p1f1,2022,06,15,5.009138485288888,17.055244,2.074868,2022
2723,r6i1p1f1,2022,06,16,0.0,21.276426,6.6991367,2022
2724,r6i1p1f1,2022,06,17,0.0,21.788185,5.7282295,2022
2725,r6i1p1f1,2022,06,18,0.0,21.629915,5.4388976,2022
2726,r6i1p1f1,2022,06,19,0.0,22.205147,6.569625,2022
2727,r6i1p1f1,2022,06,20,0.0,25.05024,5.5969267,2022
2728,r6i1p1f1,2022,06,21,0.0,26.76464,7.099073,2022
2729,r6i1p1f1,2022,06,22,0.0,28.096693,7.6496544,2022
2730,r6i1p1f1,2022,06,23,0.0,27.904655,8.543299,2022
2731,r6i1p1f1,2022,06,24,0.0,28.405756,10.486711,2022
2732,r6i1p1f1,2022,06,25,0.0,29.800428,9.438583,2022
2733,r6i1p1f1,2022,06,26,0.0,29.727692,8.600491,2022
2734,r6i1p1f1,2022,06,27,0.0,29.208876,8.340237,2022
2735,r6i1p1f1,2022,06,28,0.0,29.31311,10.06077,2022
2736,r6i1p1f1,2022,06,29,0.0,26.326439,5.6705947,2022
2737,r6i1p1f1,2022,06,30,0.0,29.347767,8.383234,2022
2738,r6i1p1f1,2022,07,01,0.0,29.063253,7.7609887,2022
2739,r6i1p1f1,2022,07,02,0.0,30.223534,9.069543,2022
2740,r6i1p1f1,2022,07,03,0.0,29.735384,10.608604,2022
2741,r6i1p1f1,2022,07,04,0.0,30.251707,8.942289,2022
2742,r6i1p1f1,2022,07,05,0.0,31.20106,9.966758,2022
2743,r6i1p1f1,2022,07,06,0.06165060407501956,29.813099,10.628328,2022
2744,r6i1p1f1,2022,07,07,0.0,30.354784,10.765561,2022
2745,r6i1p1f1,2022,07,08,0.0,31.85672,9.924141,2022
2746,r6i1p1f1,2022,07,09,0.0,32.898773,11.157331,2022
2747,r6i1p1f1,2022,07,10,0.0,32.822243,12.197862,2022
2748,r6i1p1f1,2022,07,11,0.0,32.196274,9.818187,2022
2749,r6i1p1f1,2022,07,12,0.0,31.95633,10.921159,2022
2750,r6i1p1f1,2022,07,13,0.0,31.037214,10.598849,2022
2751,r6i1p1f1,2022,07,14,0.0,31.86693,10.664488,2022
2752,r6i1p1f1,2022,07,15,0.0,34.97841,13.581663,2022
2753,r6i1p1f1,2022,07,16,0.0,35.03222,14.986336,2022
2754,r6i1p1f1,2022,07,17,0.0,33.819588,13.088986,2022
2755,r6i1p1f1,2022,07,18,0.0,35.195786,14.517351,2022
2756,r6i1p1f1,2022,07,19,0.0,34.68975,14.145072,2022
2757,r6i1p1f1,2022,07,20,0.00403891787314235,34.156013,13.470802,2022
2758,r6i1p1f1,2022,07,21,0.0,32.917156,12.497835,2022
2759,r6i1p1f1,2022,07,22,0.0,33.481552,12.800978,2022
2760,r6i1p1f1,2022,07,23,0.0670900505686262,34.544586,13.740953,2022
2761,r6i1p1f1,2022,07,24,1.9070397996519244,33.22129,11.282134,2022
2762,r6i1p1f1,2022,07,25,0.0,32.627464,11.807667,2022
2763,r6i1p1f1,2022,07,26,0.44028086707111347,33.331703,12.076258,2022
2764,r6i1p1f1,2022,07,27,0.0,32.74203,12.407084,2022
2765,r6i1p1f1,2022,07,28,0.0,31.530874,12.214267,2022
2766,r6i1p1f1,2022,07,29,0.0,30.575304,10.954101,2022
2767,r6i1p1f1,2022,07,30,0.0,31.116898,10.992796,2022
2768,r6i1p1f1,2022,07,31,0.0,33.442978,11.11318,2022
2769,r6i1p1f1,2022,08,01,0.02287099423255129,35.506786,12.837545,2022
2770,r6i1p1f1,2022,08,02,1.5444364559745594,35.797302,13.327415,2022
2771,r6i1p1f1,2022,08,03,1.9098751013621933,32.822914,13.036757,2022
2772,r6i1p1f1,2022,08,04,0.5128600622940245,30.899204,12.113383,2022
2773,r6i1p1f1,2022,08,05,0.012969043946495725,28.444452,8.812326,2022
2774,r6i1p1f1,2022,08,06,0.0,29.106483,9.263051,2022
2775,r6i1p1f1,2022,08,07,0.0,29.574621,9.72119,2022
2776,r6i1p1f1,2022,08,08,0.02014533351883561,29.376022,10.073583,2022
2777,r6i1p1f1,2022,08,09,0.0195993946802109,30.300228,10.802094,2022
2778,r6i1p1f1,2022,08,10,0.022271387735686526,30.856266,10.152793,2022
2779,r6i1p1f1,2022,08,11,0.08088291766949708,29.780369,8.68651,2022
2780,r6i1p1f1,2022,08,12,0.013557956748397064,27.356922,7.1883507,2022
2781,r6i1p1f1,2022,08,13,0.07353720007655067,28.109526,8.874002,2022
2782,r6i1p1f1,2022,08,14,0.02639242314400232,30.528837,10.220586,2022
2783,r6i1p1f1,2022,08,15,0.0031142510163370283,29.742077,9.916822,2022
2784,r6i1p1f1,2022,08,16,0.058329617836094534,29.185024,8.086823,2022
2785,r6i1p1f1,2022,08,17,0.0,25.554674,5.304019,2022
2786,r6i1p1f1,2022,08,18,0.0,26.26927,6.687176,2022
2787,r6i1p1f1,2022,08,19,0.0,29.216667,8.400754,2022
2788,r6i1p1f1,2022,08,20,0.0,29.967009,9.398955,2022
2789,r6i1p1f1,2022,08,21,0.0,30.168898,9.097417,2022
2790,r6i1p1f1,2022,08,22,0.0,30.354849,9.382325,2022
2791,r6i1p1f1,2022,08,23,0.0,28.83313,8.13738,2022
2792,r6i1p1f1,2022,08,24,0.0705481122957753,29.05932,8.265839,2022
2793,r6i1p1f1,2022,08,25,0.02662271763110455,27.717663,7.497671,2022
2794,r6i1p1f1,2022,08,26,0.0,29.97227,9.396452,2022
2795,r6i1p1f1,2022,08,27,0.0,31.475515,10.421654,2022
2796,r6i1p1f1,2022,08,28,0.0,31.854578,10.657108,2022
2797,r6i1p1f1,2022,08,29,0.0,32.01748,10.480404,2022
2798,r6i1p1f1,2022,08,30,0.0037578677193048637,31.586092,10.012212,2022
2799,r6i1p1f1,2022,08,31,0.003715828727178658,28.082912,7.2673035,2022
2800,r6i1p1f1,2022,09,01,1.9283204823839766,22.951735,5.9721465,2022
2801,r6i1p1f1,2022,09,02,0.034035427426690336,21.410479,3.1238086,2022
2802,r6i1p1f1,2022,09,03,0.0,29.501637,7.9940886,2022
2803,r6i1p1f1,2022,09,04,0.0,31.376472,8.84204,2022
2804,r6i1p1f1,2022,09,05,0.0,31.035229,10.579152,2022
2805,r6i1p1f1,2022,09,06,0.0,29.950998,8.86395,2022
2806,r6i1p1f1,2022,09,07,0.0,30.21224,9.026256,2022
2807,r6i1p1f1,2022,09,08,0.0,30.281118,9.773583,2022
2808,r6i1p1f1,2022,09,09,0.0,30.489424,8.659506,2022
2809,r6i1p1f1,2022,09,10,0.0,31.573849,9.668452,2022
2810,r6i1p1f1,2022,09,11,0.0,33.03116,11.5221,2022
2811,r6i1p1f1,2022,09,12,0.0,36.07809,13.869683,2022
2812,r6i1p1f1,2022,09,13,0.0,36.44558,15.074405,2022
2813,r6i1p1f1,2022,09,14,0.0,31.377403,10.907091,2022
2814,r6i1p1f1,2022,09,15,0.0,28.200357,6.230524,2022
2815,r6i1p1f1,2022,09,16,0.0,25.041794,5.740772,2022
2816,r6i1p1f1,2022,09,17,0.0,25.818932,6.5659304,2022
2817,r6i1p1f1,2022,09,18,0.0,25.672623,6.588061,2022
2818,r6i1p1f1,2022,09,19,0.0,28.984488,8.454002,2022
2819,r6i1p1f1,2022,09,20,0.20171797570300384,28.267883,8.99223,2022
2820,r6i1p1f1,2022,09,21,0.1292788314494906,29.81943,9.568837,2022
2821,r6i1p1f1,2022,09,22,0.0,30.137451,9.820727,2022
2822,r6i1p1f1,2022,09,23,0.0,30.867468,10.107888,2022
2823,r6i1p1f1,2022,09,24,0.0,30.87817,10.21063,2022
2824,r6i1p1f1,2022,09,25,0.0,30.552795,9.010821,2022
2825,r6i1p1f1,2022,09,26,0.0,27.266827,7.756027,2022
2826,r6i1p1f1,2022,09,27,0.4114654464201731,17.77447,1.8258563,2022
2827,r6i1p1f1,2022,09,28,0.2297707781977594,11.727409,-1.0168545,2022
2828,r6i1p1f1,2022,09,29,0.030043611192370284,13.137272,0.6685055,2022
2829,r6i1p1f1,2022,09,30,0.020127457225962056,18.096756,-0.64896125,2022
2830,r6i1p1f1,2022,10,01,0.0,22.017742,2.837043,2022
2831,r6i1p1f1,2022,10,02,0.0,23.518063,4.773921,2022
2832,r6i1p1f1,2022,10,03,0.0,22.843487,3.3759248,2022
2833,r6i1p1f1,2022,10,04,0.0,23.056456,3.059989,2022
2834,r6i1p1f1,2022,10,05,0.0,23.885036,5.2604523,2022
2835,r6i1p1f1,2022,10,06,0.0,25.635477,5.1912193,2022
2836,r6i1p1f1,2022,10,07,0.0,25.85441,5.5729423,2022
2837,r6i1p1f1,2022,10,08,0.0,23.338093,3.199409,2022
2838,r6i1p1f1,2022,10,09,0.0,18.650114,2.136383,2022
2839,r6i1p1f1,2022,10,10,0.0,20.068905,1.9033427,2022
2840,r6i1p1f1,2022,10,11,0.0,25.656633,3.2827454,2022
2841,r6i1p1f1,2022,10,12,0.0,29.498878,6.905042,2022
2842,r6i1p1f1,2022,10,13,0.0,29.532942,8.372175,2022
2843,r6i1p1f1,2022,10,14,0.0,24.448553,4.592523,2022
2844,r6i1p1f1,2022,10,15,0.09129753641643945,22.563969,3.7536838,2022
2845,r6i1p1f1,2022,10,16,0.0,23.399992,2.675048,2022
2846,r6i1p1f1,2022,10,17,0.0,26.136353,3.7920814,2022
2847,r6i1p1f1,2022,10,18,0.0,25.91123,4.571686,2022
2848,r6i1p1f1,2022,10,19,0.0,24.855032,4.081707,2022
2849,r6i1p1f1,2022,10,20,0.0,23.504124,3.955573,2022
2850,r6i1p1f1,2022,10,21,0.0,22.643335,2.9537442,2022
2851,r6i1p1f1,2022,10,22,0.0,26.46328,6.1319337,2022
2852,r6i1p1f1,2022,10,23,0.0,26.895258,5.8173213,2022
2853,r6i1p1f1,2022,10,24,0.0,26.982813,6.4238157,2022
2854,r6i1p1f1,2022,10,25,0.0,22.584251,4.5875254,2022
2855,r6i1p1f1,2022,10,26,0.0,20.374714,0.36652496,2022
2856,r6i1p1f1,2022,10,27,0.0,20.026855,-0.77643806,2022
2857,r6i1p1f1,2022,10,28,0.0,17.371431,-1.3105512,2022
2858,r6i1p1f1,2022,10,29,1.892488470008551,12.939232,2.5302594,2022
2859,r6i1p1f1,2022,10,30,0.008825024826242327,18.384968,4.8865995,2022
2860,r6i1p1f1,2022,10,31,0.0,21.24663,4.889088,2022
2861,r6i1p1f1,2022,11,01,0.0002775806385319668,21.508705,5.239748,2022
2862,r6i1p1f1,2022,11,02,0.001591352896091893,16.427471,7.34798,2022
2863,r6i1p1f1,2022,11,03,0.5995772532413225,15.466133,4.894882,2022
2864,r6i1p1f1,2022,11,04,0.7304268678363851,12.122359,-0.86481154,2022
2865,r6i1p1f1,2022,11,05,0.4438174472211385,7.493926,-3.746303,2022
2866,r6i1p1f1,2022,11,06,0.0,3.1382377,-10.298114,2022
2867,r6i1p1f1,2022,11,07,11.127722100538403,3.6760583,-7.0749416,2022
2868,r6i1p1f1,2022,11,08,7.50922298528192,7.7694187,-3.4030972,2022
2869,r6i1p1f1,2022,11,09,0.0004776339996148166,10.718371,-2.0078502,2022
2870,r6i1p1f1,2022,11,10,0.0,12.007358,-1.6512561,2022
2871,r6i1p1f1,2022,11,11,0.0,10.968893,0.47895667,2022
2872,r6i1p1f1,2022,11,12,12.9552556087578,7.6198006,-2.754781,2022
2873,r6i1p1f1,2022,11,13,6.300000828330031,5.1287403,-3.91495,2022
2874,r6i1p1f1,2022,11,14,0.05226233954779567,4.2410283,-5.876932,2022
2875,r6i1p1f1,2022,11,15,0.1985472462072095,1.9308045,-11.747712,2022
2876,r6i1p1f1,2022,11,16,0.0,-1.0784014,-15.146536,2022
2877,r6i1p1f1,2022,11,17,0.007562217831995909,-0.35156575,-14.240961,2022
2878,r6i1p1f1,2022,11,18,0.14589884265107475,3.6777313,-5.669681,2022
2879,r6i1p1f1,2022,11,19,0.0,6.298624,-9.076499,2022
2880,r6i1p1f1,2022,11,20,0.0,7.493439,-8.353336,2022
2881,r6i1p1f1,2022,11,21,0.0,9.7645,-6.143351,2022
2882,r6i1p1f1,2022,11,22,0.0,11.000305,-6.2273536,2022
2883,r6i1p1f1,2022,11,23,0.0,12.779886,-6.218272,2022
2884,r6i1p1f1,2022,11,24,0.0,10.870902,-5.4007854,2022
2885,r6i1p1f1,2022,11,25,0.019934266346855148,7.7210965,-5.667265,2022
2886,r6i1p1f1,2022,11,26,0.0,8.460287,-8.082971,2022
2887,r6i1p1f1,2022,11,27,0.0,10.062459,-5.4775476,2022
2888,r6i1p1f1,2022,11,28,0.0,10.419307,-5.5005956,2022
2889,r6i1p1f1,2022,11,29,0.0,10.575236,-6.3947773,2022
2890,r6i1p1f1,2022,11,30,0.0,9.944448,-3.620532,2022
2891,r6i1p1f1,2022,12,01,0.1335233680689934,9.746214,-5.10499,2022
2892,r6i1p1f1,2022,12,02,0.0,-0.38640407,-14.183054,2022
2893,r6i1p1f1,2022,12,03,0.0,-0.6911131,-14.473142,2022
2894,r6i1p1f1,2022,12,04,0.0,3.7882984,-11.586525,2022
2895,r6i1p1f1,2022,12,05,0.3251063807466224,5.46576,-8.285911,2022
2896,r6i1p1f1,2022,12,06,0.0,6.640409,-8.629313,2022
2897,r6i1p1f1,2022,12,07,0.0,5.2934146,-9.2971,2022
2898,r6i1p1f1,2022,12,08,0.0,6.9736185,-7.7515574,2022
2899,r6i1p1f1,2022,12,09,0.0,7.00241,-7.4896374,2022
2900,r6i1p1f1,2022,12,10,0.0,7.935525,-7.194901,2022
2901,r6i1p1f1,2022,12,11,0.0,7.2865763,-7.48458,2022
2902,r6i1p1f1,2022,12,12,0.0,11.976009,-3.9225779,2022
2903,r6i1p1f1,2022,12,13,0.0,14.981531,-0.9021829,2022
2904,r6i1p1f1,2022,12,14,0.0,13.319889,-1.7959793,2022
2905,r6i1p1f1,2022,12,15,1.1103299644147864,-0.38733393,-13.433976,2022
2906,r6i1p1f1,2022,12,16,0.00982255109497219,-9.7255,-22.524101,2022
2907,r6i1p1f1,2022,12,17,0.14047312453975414,-6.435602,-18.814186,2022
2908,r6i1p1f1,2022,12,18,10.314757910948211,0.29421258,-13.439417,2022
2909,r6i1p1f1,2022,12,19,9.743563747725373,-0.18465465,-12.536873,2022
2910,r6i1p1f1,2022,12,20,1.2643286242454155,-3.972139,-19.087145,2022
2911,r6i1p1f1,2022,12,21,1.4970056884654614,-5.2938676,-21.313032,2022
2912,r6i1p1f1,2022,12,22,0.0,-9.602787,-26.739006,2022
2913,r6i1p1f1,2022,12,23,0.0,2.8112202,-17.002077,2022
2914,r6i1p1f1,2022,12,24,0.0,8.178622,-8.997818,2022
2915,r6i1p1f1,2022,12,25,0.0,9.167692,-6.9110036,2022
2916,r6i1p1f1,2022,12,26,0.0,5.456237,-6.8918757,2022
2917,r6i1p1f1,2022,12,27,0.00046383813065877416,0.69484353,-8.5886755,2022
2918,r6i1p1f1,2022,12,28,2.2425925654680197,1.1007245,-3.2672946,2022
2919,r6i1p1f1,2022,12,29,0.01292784252432476,3.4199584,-7.2178783,2022
2920,r6i1p1f1,2022,12,30,0.0,2.0288594,-11.380208,2022
2921,r6i1p1f1,2022,12,31,0.0,-4.533692,-17.90456,2022
2922,r6i1p1f1,2023,01,01,0.0,-9.865966,-23.069767,2023
2923,r6i1p1f1,2023,01,02,0.0,-1.8037945,-14.776704,2023
2924,r6i1p1f1,2023,01,03,0.0,-0.026080377,-14.039276,2023
2925,r6i1p1f1,2023,01,04,0.0,3.8536987,-11.25698,2023
2926,r6i1p1f1,2023,01,05,0.586140192882315,3.1542208,-10.22978,2023
2927,r6i1p1f1,2023,01,06,0.023121366162465608,1.605374,-10.067178,2023
2928,r6i1p1f1,2023,01,07,36.131778160916,2.6708665,-5.372154,2023
2929,r6i1p1f1,2023,01,08,37.66349323848257,2.2029285,-5.166316,2023
2930,r6i1p1f1,2023,01,09,2.717804972260905,1.3291943,-9.830158,2023
2931,r6i1p1f1,2023,01,10,0.5376233140378183,2.3882222,-13.686974,2023
2932,r6i1p1f1,2023,01,11,3.242319684995104,5.5351954,-10.497036,2023
2933,r6i1p1f1,2023,01,12,1.6267868904411513,5.0350447,-0.9266572,2023
2934,r6i1p1f1,2023,01,13,0.0,6.8279552,0.6084833,2023
2935,r6i1p1f1,2023,01,14,0.3052880661429088,6.809946,0.50470203,2023
2936,r6i1p1f1,2023,01,15,0.12005642063387226,9.429728,0.83348346,2023
2937,r6i1p1f1,2023,01,16,0.0,11.2839985,1.7667602,2023
2938,r6i1p1f1,2023,01,17,0.0,7.746449,-1.241661,2023
2939,r6i1p1f1,2023,01,18,0.0,8.257964,-0.47116843,2023
2940,r6i1p1f1,2023,01,19,0.0,8.675385,-0.5305132,2023
2941,r6i1p1f1,2023,01,20,0.0,8.614226,-0.6194012,2023
2942,r6i1p1f1,2023,01,21,0.04003443670122352,6.5633345,-0.19337341,2023
2943,r6i1p1f1,2023,01,22,0.004373090039293582,4.950481,-1.707475,2023
2944,r6i1p1f1,2023,01,23,0.0,10.32729,-5.206741,2023
2945,r6i1p1f1,2023,01,24,0.0,14.02868,-2.220899,2023
2946,r6i1p1f1,2023,01,25,0.0,13.740552,-1.2793394,2023
2947,r6i1p1f1,2023,01,26,0.0,14.636032,-1.1178815,2023
2948,r6i1p1f1,2023,01,27,0.007056470297477076,11.704608,-1.9040112,2023
2949,r6i1p1f1,2023,01,28,0.002690964878174884,1.1602893,-8.731636,2023
2950,r6i1p1f1,2023,01,29,0.0,1.3554988,-10.810778,2023
2951,r6i1p1f1,2023,01,30,0.0,7.0020714,-5.1909175,2023
2952,r6i1p1f1,2023,01,31,3.4407264931216375,4.2273717,-3.2078595,2023
2953,r6i1p1f1,2023,02,01,0.0,4.8859277,-4.701555,2023
2954,r6i1p1f1,2023,02,02,10.821286188678629,4.251777,-2.1007838,2023
2955,r6i1p1f1,2023,02,03,8.473260451208874,4.4370055,-10.339009,2023
2956,r6i1p1f1,2023,02,04,0.0,4.021347,-11.785009,2023
2957,r6i1p1f1,2023,02,05,4.0748054858964915,3.4499536,-6.890787,2023
2958,r6i1p1f1,2023,02,06,21.249264482722385,6.4835167,-0.6752443,2023
2959,r6i1p1f1,2023,02,07,0.02329000012551144,8.7705345,-4.006284,2023
2960,r6i1p1f1,2023,02,08,0.0,8.249615,-6.8694005,2023
2961,r6i1p1f1,2023,02,09,7.920435223266207,5.678274,-2.0119379,2023
2962,r6i1p1f1,2023,02,10,6.094297089081892,7.859181,-1.6391306,2023
2963,r6i1p1f1,2023,02,11,4.550987978249828,7.264505,1.2601988,2023
2964,r6i1p1f1,2023,02,12,0.0,14.011105,-1.3013976,2023
2965,r6i1p1f1,2023,02,13,0.01892928756109699,14.060842,1.6613274,2023
2966,r6i1p1f1,2023,02,14,0.0,10.043499,-1.2797011,2023
2967,r6i1p1f1,2023,02,15,0.0,11.874714,-3.8982666,2023
2968,r6i1p1f1,2023,02,16,0.0,14.684937,-1.7346091,2023
2969,r6i1p1f1,2023,02,17,1.057548664972956,11.761531,1.6365131,2023
2970,r6i1p1f1,2023,02,18,8.343345744350165,8.713811,1.03344,2023
2971,r6i1p1f1,2023,02,19,7.2058931833427,8.693864,-1.3884196,2023
2972,r6i1p1f1,2023,02,20,0.5988511056623388,12.223226,1.244749,2023
2973,r6i1p1f1,2023,02,21,0.01705056002602934,11.276568,-0.26635423,2023
2974,r6i1p1f1,2023,02,22,20.270918098475413,8.624435,-1.9674306,2023
2975,r6i1p1f1,2023,02,23,1.2597710344458195,0.75078064,-13.930646,2023
2976,r6i1p1f1,2023,02,24,2.709081192015846,-3.79685,-14.373274,2023
2977,r6i1p1f1,2023,02,25,0.0,-0.92003995,-16.19461,2023
2978,r6i1p1f1,2023,02,26,0.050245323867680436,3.1109726,-10.396146,2023
2979,r6i1p1f1,2023,02,27,0.0,10.386314,-2.8749945,2023
2980,r6i1p1f1,2023,02,28,0.0,13.265272,-1.0710884,2023
2981,r6i1p1f1,2023,03,01,0.0,12.448597,0.38594586,2023
2982,r6i1p1f1,2023,03,02,0.0,11.774978,-0.28632203,2023
2983,r6i1p1f1,2023,03,03,0.000789032314213631,8.711201,-4.366356,2023
2984,r6i1p1f1,2023,03,04,0.0510849472580391,3.7585645,-8.556294,2023
2985,r6i1p1f1,2023,03,05,0.0005279986230996977,3.713301,-10.968437,2023
2986,r6i1p1f1,2023,03,06,0.23019927019639713,6.650129,-6.924233,2023
2987,r6i1p1f1,2023,03,07,1.331128223098825,9.43526,0.09667943,2023
2988,r6i1p1f1,2023,03,08,0.0,14.054973,2.738687,2023
2989,r6i1p1f1,2023,03,09,31.81460614968614,10.199248,0.34666002,2023
2990,r6i1p1f1,2023,03,10,13.868189472337711,4.9808826,-4.494179,2023
2991,r6i1p1f1,2023,03,11,21.087460886442013,0.36918435,-6.5651507,2023
2992,r6i1p1f1,2023,03,12,0.24933884916703963,3.416634,-12.377348,2023
2993,r6i1p1f1,2023,03,13,0.0,6.909533,-11.075897,2023
2994,r6i1p1f1,2023,03,14,0.0,9.682524,-3.888081,2023
2995,r6i1p1f1,2023,03,15,0.0,9.821666,-1.9362894,2023
2996,r6i1p1f1,2023,03,16,0.0,13.212624,-3.8609712,2023
2997,r6i1p1f1,2023,03,17,0.08245079097142523,11.791172,-0.78846544,2023
2998,r6i1p1f1,2023,03,18,16.49389745559888,5.783734,-1.2372115,2023
2999,r6i1p1f1,2023,03,19,8.246393517593408,7.022231,-2.0259924,2023
3000,r6i1p1f1,2023,03,20,0.7018596457007802,6.4816427,-1.1074382,2023
3001,r6i1p1f1,2023,03,21,0.0,9.640096,-3.0422075,2023
3002,r6i1p1f1,2023,03,22,0.0,15.471389,-3.3128147,2023
3003,r6i1p1f1,2023,03,23,0.8473785157489931,16.021832,-1.9981921,2023
3004,r6i1p1f1,2023,03,24,5.60072300707034,11.401879,-4.318975,2023
3005,r6i1p1f1,2023,03,25,1.0593244251532075,3.426549,-9.803869,2023
3006,r6i1p1f1,2023,03,26,4.848056159016462,3.6822023,-8.534269,2023
3007,r6i1p1f1,2023,03,27,12.009916714968721,7.091275,-0.5396368,2023
3008,r6i1p1f1,2023,03,28,0.010592244186768648,11.968387,2.579803,2023
3009,r6i1p1f1,2023,03,29,0.0,15.447119,-2.1639345,2023
3010,r6i1p1f1,2023,03,30,0.00038859365205068933,18.127588,-0.6933555,2023
3011,r6i1p1f1,2023,03,31,0.0,21.160135,2.1985805,2023
3012,r6i1p1f1,2023,04,01,0.0,23.275558,4.855002,2023
3013,r6i1p1f1,2023,04,02,0.0,22.823967,6.3372107,2023
3014,r6i1p1f1,2023,04,03,0.0,20.749966,4.981544,2023
3015,r6i1p1f1,2023,04,04,0.0,21.891113,1.3244722,2023
3016,r6i1p1f1,2023,04,05,0.0,22.392412,3.2191343,2023
3017,r6i1p1f1,2023,04,06,1.6017239737431483,18.098047,0.15320973,2023
3018,r6i1p1f1,2023,04,07,3.3532799603707892,10.185215,-4.739143,2023
3019,r6i1p1f1,2023,04,08,2.98662274130702,5.013099,-3.1612656,2023
3020,r6i1p1f1,2023,04,09,0.017106592297384433,5.535892,-2.6702657,2023
3021,r6i1p1f1,2023,04,10,0.016898085000274683,17.268503,2.6920962,2023
3022,r6i1p1f1,2023,04,11,0.0,23.35748,3.7168517,2023
3023,r6i1p1f1,2023,04,12,0.0,25.307035,6.0439897,2023
3024,r6i1p1f1,2023,04,13,0.0,26.580284,7.1338825,2023
3025,r6i1p1f1,2023,04,14,0.0,25.497717,9.069319,2023
3026,r6i1p1f1,2023,04,15,0.0,25.226622,8.135967,2023
3027,r6i1p1f1,2023,04,16,0.0056580294798737945,22.899256,5.7345996,2023
3028,r6i1p1f1,2023,04,17,0.0,17.795246,-0.597483,2023
3029,r6i1p1f1,2023,04,18,0.0,17.737473,0.9275,2023
3030,r6i1p1f1,2023,04,19,0.0012247773215377765,17.960148,-0.262692,2023
3031,r6i1p1f1,2023,04,20,0.0,17.988003,1.6096673,2023
3032,r6i1p1f1,2023,04,21,0.0,17.792997,3.090232,2023
3033,r6i1p1f1,2023,04,22,0.0008233528141726759,16.793814,5.1439443,2023
3034,r6i1p1f1,2023,04,23,2.139947814235611,13.431434,-0.25013825,2023
3035,r6i1p1f1,2023,04,24,0.0,19.759714,0.60332656,2023
3036,r6i1p1f1,2023,04,25,0.0,25.4904,4.832349,2023
3037,r6i1p1f1,2023,04,26,0.0,25.312456,4.8097672,2023
3038,r6i1p1f1,2023,04,27,0.004656266713269027,23.477755,6.787205,2023
3039,r6i1p1f1,2023,04,28,0.054810968042763954,24.016396,5.727019,2023
3040,r6i1p1f1,2023,04,29,0.0,24.805922,6.6133084,2023
3041,r6i1p1f1,2023,04,30,0.0,24.630737,6.9866624,2023
3042,r6i1p1f1,2023,05,01,0.09216179271369355,21.524282,2.663942,2023
3043,r6i1p1f1,2023,05,02,0.0,19.223124,-0.9451822,2023
3044,r6i1p1f1,2023,05,03,0.0,25.679026,5.8595724,2023
3045,r6i1p1f1,2023,05,04,0.0,27.35071,6.770366,2023
3046,r6i1p1f1,2023,05,05,0.0,25.489618,6.206955,2023
3047,r6i1p1f1,2023,05,06,18.495058557696535,10.385423,0.6347876,2023
3048,r6i1p1f1,2023,05,07,6.334169892304339,10.46658,3.4051998,2023
3049,r6i1p1f1,2023,05,08,0.026070520953373075,13.404997,4.946219,2023
3050,r6i1p1f1,2023,05,09,1.3024990654683397,13.51339,1.5715414,2023
3051,r6i1p1f1,2023,05,10,0.0900003903638755,18.460232,-0.33034515,2023
3052,r6i1p1f1,2023,05,11,0.0,22.183401,2.9805732,2023
3053,r6i1p1f1,2023,05,12,0.8511458277833807,18.668095,2.7673538,2023
3054,r6i1p1f1,2023,05,13,0.0,16.950718,-0.046940897,2023
3055,r6i1p1f1,2023,05,14,0.0,14.391996,-2.0620456,2023
3056,r6i1p1f1,2023,05,15,0.6054096318488599,11.892673,-4.1017833,2023
3057,r6i1p1f1,2023,05,16,0.0,18.380291,-1.534957,2023
3058,r6i1p1f1,2023,05,17,0.0,25.508635,4.007863,2023
3059,r6i1p1f1,2023,05,18,0.0,26.2054,6.4264293,2023
3060,r6i1p1f1,2023,05,19,0.0,28.301332,6.8959107,2023
3061,r6i1p1f1,2023,05,20,0.3006790992937802,24.954473,6.3068323,2023
3062,r6i1p1f1,2023,05,21,7.783675013835973,10.591647,1.2685229,2023
3063,r6i1p1f1,2023,05,22,14.860815421571704,10.476051,0.5336025,2023
3064,r6i1p1f1,2023,05,23,8.705573312736057,12.511792,0.49394575,2023
3065,r6i1p1f1,2023,05,24,29.167426778868677,14.071472,3.2251136,2023
3066,r6i1p1f1,2023,05,25,9.136026874454958,12.1753845,-1.2823571,2023
3067,r6i1p1f1,2023,05,26,0.3734142034902747,15.567595,2.0266924,2023
3068,r6i1p1f1,2023,05,27,0.0,19.735214,2.1253052,2023
3069,r6i1p1f1,2023,05,28,0.0,20.502855,3.523606,2023
3070,r6i1p1f1,2023,05,29,6.025504996905063,11.673231,0.36865097,2023
3071,r6i1p1f1,2023,05,30,1.490650279030459,12.175496,-2.7002397,2023
3072,r6i1p1f1,2023,05,31,8.298962602741458,11.237938,-2.8511274,2023
3073,r6i1p1f1,2023,06,01,12.43916253654816,10.034894,-5.924611,2023
3074,r6i1p1f1,2023,06,02,1.823242306967923,15.987674,-0.481817,2023
3075,r6i1p1f1,2023,06,03,0.0,21.348719,1.4428349,2023
3076,r6i1p1f1,2023,06,04,0.0,22.163996,4.594499,2023
3077,r6i1p1f1,2023,06,05,0.05331588526371367,21.809494,7.3325896,2023
3078,r6i1p1f1,2023,06,06,3.255142052447874,22.841059,4.6339126,2023
3079,r6i1p1f1,2023,06,07,0.1040778086935986,27.099045,7.3823895,2023
3080,r6i1p1f1,2023,06,08,1.1956302741329616,25.127138,9.288668,2023
3081,r6i1p1f1,2023,06,09,11.006028850415742,16.851604,9.2738905,2023
3082,r6i1p1f1,2023,06,10,0.373682969318018,19.608074,9.504647,2023
3083,r6i1p1f1,2023,06,11,0.10525143205767865,28.526083,9.892726,2023
3084,r6i1p1f1,2023,06,12,0.0,29.883627,10.197421,2023
3085,r6i1p1f1,2023,06,13,0.32582794677219823,29.594965,10.413518,2023
3086,r6i1p1f1,2023,06,14,1.3137083252644213,30.03502,12.423286,2023
3087,r6i1p1f1,2023,06,15,0.21881389302784238,28.327623,8.763976,2023
3088,r6i1p1f1,2023,06,16,0.5830679401215886,26.963797,8.376072,2023
3089,r6i1p1f1,2023,06,17,0.0,30.449543,10.562563,2023
3090,r6i1p1f1,2023,06,18,0.0,30.388643,12.347869,2023
3091,r6i1p1f1,2023,06,19,2.656007612892644,29.221125,9.238139,2023
3092,r6i1p1f1,2023,06,20,0.0,33.871544,12.681888,2023
3093,r6i1p1f1,2023,06,21,0.0,34.706894,14.142577,2023
3094,r6i1p1f1,2023,06,22,0.0,34.64972,14.303775,2023
3095,r6i1p1f1,2023,06,23,0.0,34.93614,14.418293,2023
3096,r6i1p1f1,2023,06,24,0.0,34.25494,13.387139,2023
3097,r6i1p1f1,2023,06,25,0.0,33.496742,12.199036,2023
3098,r6i1p1f1,2023,06,26,0.0,32.1133,10.525135,2023
3099,r6i1p1f1,2023,06,27,0.0,32.976925,11.79709,2023
3100,r6i1p1f1,2023,06,28,0.0,30.581398,9.372537,2023
3101,r6i1p1f1,2023,06,29,0.0,29.950287,9.313673,2023
3102,r6i1p1f1,2023,06,30,0.0,32.895855,12.221048,2023
3103,r6i1p1f1,2023,07,01,0.0,34.21698,12.211461,2023
3104,r6i1p1f1,2023,07,02,0.0,33.476524,11.257823,2023
3105,r6i1p1f1,2023,07,03,0.0,35.858864,13.308979,2023
3106,r6i1p1f1,2023,07,04,0.0,37.38418,15.261274,2023
3107,r6i1p1f1,2023,07,05,0.0,38.32021,15.29641,2023
3108,r6i1p1f1,2023,07,06,0.0,37.73785,14.783089,2023
3109,r6i1p1f1,2023,07,07,0.0,31.59553,9.636667,2023
3110,r6i1p1f1,2023,07,08,0.0,31.006706,9.863876,2023
3111,r6i1p1f1,2023,07,09,0.0,31.323383,9.319438,2023
3112,r6i1p1f1,2023,07,10,0.0,33.588486,12.072287,2023
3113,r6i1p1f1,2023,07,11,0.0,34.049217,11.45218,2023
3114,r6i1p1f1,2023,07,12,0.0,33.472004,12.720373,2023
3115,r6i1p1f1,2023,07,13,0.0,34.512497,12.963331,2023
3116,r6i1p1f1,2023,07,14,0.0,35.976166,13.219055,2023
3117,r6i1p1f1,2023,07,15,0.0,37.50259,15.488477,2023
3118,r6i1p1f1,2023,07,16,0.0,36.90575,15.950032,2023
3119,r6i1p1f1,2023,07,17,0.0,36.69661,14.108715,2023
3120,r6i1p1f1,2023,07,18,0.0,36.425114,13.275973,2023
3121,r6i1p1f1,2023,07,19,0.0,36.10319,14.376144,2023
3122,r6i1p1f1,2023,07,20,0.0,37.04011,15.022373,2023
3123,r6i1p1f1,2023,07,21,0.0,36.724804,15.014382,2023
3124,r6i1p1f1,2023,07,22,0.00011213273089665288,34.16114,12.664552,2023
3125,r6i1p1f1,2023,07,23,0.0,31.473146,10.871287,2023
3126,r6i1p1f1,2023,07,24,0.0,31.950281,10.7797575,2023
3127,r6i1p1f1,2023,07,25,0.0,33.304947,11.365143,2023
3128,r6i1p1f1,2023,07,26,0.0,33.681545,12.083977,2023
3129,r6i1p1f1,2023,07,27,0.0,34.566635,12.536651,2023
3130,r6i1p1f1,2023,07,28,0.0,32.837204,11.094215,2023
3131,r6i1p1f1,2023,07,29,0.0,30.817047,9.128075,2023
3132,r6i1p1f1,2023,07,30,0.0,29.739742,7.9801774,2023
3133,r6i1p1f1,2023,07,31,0.0,32.420475,9.676568,2023
3134,r6i1p1f1,2023,08,01,0.0,37.06835,13.605442,2023
3135,r6i1p1f1,2023,08,02,0.0,37.485836,14.629366,2023
3136,r6i1p1f1,2023,08,03,0.0,37.321102,13.83927,2023
3137,r6i1p1f1,2023,08,04,0.0,36.290077,12.933978,2023
3138,r6i1p1f1,2023,08,05,0.0,35.286087,11.958474,2023
3139,r6i1p1f1,2023,08,06,0.0,35.247746,11.834198,2023
3140,r6i1p1f1,2023,08,07,0.0,34.864468,11.923582,2023
3141,r6i1p1f1,2023,08,08,0.0,35.64712,12.414273,2023
3142,r6i1p1f1,2023,08,09,0.0,34.713306,11.489954,2023
3143,r6i1p1f1,2023,08,10,0.0,33.983265,10.867985,2023
3144,r6i1p1f1,2023,08,11,0.0,33.08045,10.793285,2023
3145,r6i1p1f1,2023,08,12,0.0,33.117752,10.550064,2023
3146,r6i1p1f1,2023,08,13,0.0,32.479668,11.053982,2023
3147,r6i1p1f1,2023,08,14,0.0,33.388634,11.7757635,2023
3148,r6i1p1f1,2023,08,15,0.0,33.789177,11.787114,2023
3149,r6i1p1f1,2023,08,16,0.0,32.119625,10.056602,2023
3150,r6i1p1f1,2023,08,17,0.0,29.25813,8.0442295,2023
3151,r6i1p1f1,2023,08,18,0.0,29.068174,7.464329,2023
3152,r6i1p1f1,2023,08,19,0.0,32.468204,9.670811,2023
3153,r6i1p1f1,2023,08,20,0.0,33.66041,11.6013975,2023
3154,r6i1p1f1,2023,08,21,0.0,33.32765,10.846604,2023
3155,r6i1p1f1,2023,08,22,0.0,30.300648,9.289159,2023
3156,r6i1p1f1,2023,08,23,0.0,29.69312,7.7858453,2023
3157,r6i1p1f1,2023,08,24,0.0,29.59654,7.313596,2023
3158,r6i1p1f1,2023,08,25,0.0,30.25207,7.9927015,2023
3159,r6i1p1f1,2023,08,26,0.0,30.462711,7.8108425,2023
3160,r6i1p1f1,2023,08,27,0.0,30.129438,7.5304337,2023
3161,r6i1p1f1,2023,08,28,0.0,29.873154,8.316845,2023
3162,r6i1p1f1,2023,08,29,0.006797081228667439,29.71302,7.0198226,2023
3163,r6i1p1f1,2023,08,30,0.008248745596692373,27.325817,6.10426,2023
3164,r6i1p1f1,2023,08,31,0.0,28.999655,6.0872,2023
3165,r6i1p1f1,2023,09,01,0.0,29.678679,9.875712,2023
3166,r6i1p1f1,2023,09,02,0.0,29.799992,8.9798155,2023
3167,r6i1p1f1,2023,09,03,0.0,28.562346,7.4873357,2023
3168,r6i1p1f1,2023,09,04,0.0,27.51437,6.862995,2023
3169,r6i1p1f1,2023,09,05,0.012671223150084381,28.164555,7.4622116,2023
3170,r6i1p1f1,2023,09,06,0.0,28.465965,7.738391,2023
3171,r6i1p1f1,2023,09,07,0.0,29.500212,7.91366,2023
3172,r6i1p1f1,2023,09,08,0.0,29.562563,8.816884,2023
3173,r6i1p1f1,2023,09,09,0.0,29.550127,9.295383,2023
3174,r6i1p1f1,2023,09,10,0.0,29.804653,8.859383,2023
3175,r6i1p1f1,2023,09,11,0.2479425401168386,29.713715,8.657893,2023
3176,r6i1p1f1,2023,09,12,0.13633856763350655,31.474077,9.202864,2023
3177,r6i1p1f1,2023,09,13,0.0013779958851689216,32.410416,11.137028,2023
3178,r6i1p1f1,2023,09,14,0.0,33.414116,11.734964,2023
3179,r6i1p1f1,2023,09,15,0.0,33.788414,12.331417,2023
3180,r6i1p1f1,2023,09,16,0.0,30.547739,9.19849,2023
3181,r6i1p1f1,2023,09,17,0.0,29.130024,9.373678,2023
3182,r6i1p1f1,2023,09,18,0.0,30.68757,10.291697,2023
3183,r6i1p1f1,2023,09,19,0.0,31.756418,10.448515,2023
3184,r6i1p1f1,2023,09,20,0.0,31.197973,10.574431,2023
3185,r6i1p1f1,2023,09,21,0.010990488590128926,29.4874,9.693761,2023
3186,r6i1p1f1,2023,09,22,0.0,23.712769,7.376143,2023
3187,r6i1p1f1,2023,09,23,0.0,23.18853,2.6798866,2023
3188,r6i1p1f1,2023,09,24,0.4052846759565945,22.74229,2.770102,2023
3189,r6i1p1f1,2023,09,25,15.458339313343805,13.824491,2.485423,2023
3190,r6i1p1f1,2023,09,26,0.0,13.850799,-3.1811624,2023
3191,r6i1p1f1,2023,09,27,0.0,14.786477,-1.7790886,2023
3192,r6i1p1f1,2023,09,28,0.0,14.71552,-1.4858743,2023
3193,r6i1p1f1,2023,09,29,0.0006006607441863773,16.173523,-0.4116515,2023
3194,r6i1p1f1,2023,09,30,0.0,18.994612,1.7871401,2023
3195,r6i1p1f1,2023,10,01,0.0,24.205093,2.9867854,2023
3196,r6i1p1f1,2023,10,02,0.0,23.42345,4.7442627,2023
3197,r6i1p1f1,2023,10,03,0.0,21.173887,3.0947733,2023
3198,r6i1p1f1,2023,10,04,0.0,21.351654,2.5511107,2023
3199,r6i1p1f1,2023,10,05,0.0,19.821638,4.0260205,2023
3200,r6i1p1f1,2023,10,06,0.0,23.667044,2.838097,2023
3201,r6i1p1f1,2023,10,07,0.0,28.52119,7.5329757,2023
3202,r6i1p1f1,2023,10,08,0.0,28.679668,9.21192,2023
3203,r6i1p1f1,2023,10,09,0.0,29.961418,8.746146,2023
3204,r6i1p1f1,2023,10,10,0.0,30.682915,9.557439,2023
3205,r6i1p1f1,2023,10,11,0.0,31.394625,9.43903,2023
3206,r6i1p1f1,2023,10,12,1.2649569455455643,29.535332,13.474168,2023
3207,r6i1p1f1,2023,10,13,0.3435403497451237,25.514364,8.880509,2023
3208,r6i1p1f1,2023,10,14,0.0,25.748596,7.2160087,2023
3209,r6i1p1f1,2023,10,15,0.4577171647219695,25.756573,5.658502,2023
3210,r6i1p1f1,2023,10,16,0.05160645672797444,21.60245,5.19653,2023
3211,r6i1p1f1,2023,10,17,0.0,20.657162,2.4518101,2023
3212,r6i1p1f1,2023,10,18,0.00886583630599907,20.099718,3.6572542,2023
3213,r6i1p1f1,2023,10,19,0.07792517461889648,18.15775,4.108753,2023
3214,r6i1p1f1,2023,10,20,0.0,22.90506,4.0401683,2023
3215,r6i1p1f1,2023,10,21,0.0,23.668097,4.8118877,2023
3216,r6i1p1f1,2023,10,22,0.0,22.396273,4.4130745,2023
3217,r6i1p1f1,2023,10,23,0.06237193073123894,21.405739,5.066443,2023
3218,r6i1p1f1,2023,10,24,0.014284524348707351,18.667786,2.162247,2023
3219,r6i1p1f1,2023,10,25,0.0,19.374979,1.9729841,2023
3220,r6i1p1f1,2023,10,26,0.0,19.777718,1.7738876,2023
3221,r6i1p1f1,2023,10,27,0.0,20.477089,3.3342414,2023
3222,r6i1p1f1,2023,10,28,1.6823253295258538,12.208423,-1.8040357,2023
3223,r6i1p1f1,2023,10,29,0.0,8.2182255,-6.146008,2023
3224,r6i1p1f1,2023,10,30,0.0,12.006479,-5.9339185,2023
3225,r6i1p1f1,2023,10,31,0.0013703106563000226,15.37476,-2.1242998,2023
3226,r6i1p1f1,2023,11,01,0.10156723853442176,13.612632,2.8152378,2023
3227,r6i1p1f1,2023,11,02,2.5165521412152074,9.304117,4.6635566,2023
3228,r6i1p1f1,2023,11,03,0.034039647642033745,9.891113,-5.7626247,2023
3229,r6i1p1f1,2023,11,04,0.0,14.831696,-4.603812,2023
3230,r6i1p1f1,2023,11,05,0.0,16.977247,-0.52428883,2023
3231,r6i1p1f1,2023,11,06,0.0,16.399124,-2.177241,2023
3232,r6i1p1f1,2023,11,07,0.0,15.599581,-3.0565634,2023
3233,r6i1p1f1,2023,11,08,0.0,14.534142,-1.9340236,2023
3234,r6i1p1f1,2023,11,09,0.0008281419731383891,13.5892,-0.7946917,2023
3235,r6i1p1f1,2023,11,10,0.3546587521623491,12.793666,1.4487787,2023
3236,r6i1p1f1,2023,11,11,0.8183005026395493,8.56226,-2.5646684,2023
3237,r6i1p1f1,2023,11,12,0.0,11.200314,-4.829194,2023
3238,r6i1p1f1,2023,11,13,0.0,14.803229,-3.7344127,2023
3239,r6i1p1f1,2023,11,14,0.3463730932070853,13.326104,-2.092412,2023
3240,r6i1p1f1,2023,11,15,2.799935704411523,6.322081,-2.7090902,2023
3241,r6i1p1f1,2023,11,16,0.0,11.338408,-4.4862776,2023
3242,r6i1p1f1,2023,11,17,6.461272555879199,8.864593,-1.9247209,2023
3243,r6i1p1f1,2023,11,18,0.31763525087255584,7.558404,-6.1992188,2023
3244,r6i1p1f1,2023,11,19,0.0,7.0653644,-7.4484606,2023
3245,r6i1p1f1,2023,11,20,0.0,9.007885,-5.4788685,2023
3246,r6i1p1f1,2023,11,21,0.0,9.5526,-6.014096,2023
3247,r6i1p1f1,2023,11,22,0.005954128372986198,10.905121,-4.342005,2023
3248,r6i1p1f1,2023,11,23,0.9989880063780028,8.072836,-4.600799,2023
3249,r6i1p1f1,2023,11,24,0.0,8.5409155,-8.514908,2023
3250,r6i1p1f1,2023,11,25,2.1633606691035725,6.2996445,-6.9437804,2023
3251,r6i1p1f1,2023,11,26,1.2804484296207579,1.8980566,-8.182684,2023
3252,r6i1p1f1,2023,11,27,0.23670086379288094,4.1874437,-4.2267065,2023
3253,r6i1p1f1,2023,11,28,0.21215000928018,5.2407026,-1.3986311,2023
3254,r6i1p1f1,2023,11,29,5.541599707919985,5.829525,-0.71236503,2023
3255,r6i1p1f1,2023,11,30,0.40441120419800397,5.908915,-10.079004,2023
3256,r6i1p1f1,2023,12,01,0.004032191799038683,6.8172884,-8.430045,2023
3257,r6i1p1f1,2023,12,02,0.0,7.5329747,-6.0455446,2023
3258,r6i1p1f1,2023,12,03,0.0,12.918756,-2.0902147,2023
3259,r6i1p1f1,2023,12,04,0.0,11.482746,-0.92245686,2023
3260,r6i1p1f1,2023,12,05,0.03472638807974356,9.026525,-4.416709,2023
3261,r6i1p1f1,2023,12,06,0.0,5.731445,-8.580612,2023
3262,r6i1p1f1,2023,12,07,0.0,7.2320986,-7.736672,2023
3263,r6i1p1f1,2023,12,08,0.0,8.201329,-4.8705373,2023
3264,r6i1p1f1,2023,12,09,0.1293473295566107,7.9667253,-1.985427,2023
3265,r6i1p1f1,2023,12,10,0.0,11.42744,-1.0831404,2023
3266,r6i1p1f1,2023,12,11,0.19578895688616996,11.5488205,2.5567777,2023
3267,r6i1p1f1,2023,12,12,6.62766851349483,7.2452,0.59779185,2023
3268,r6i1p1f1,2023,12,13,15.730290550404199,3.3209386,-10.72434,2023
3269,r6i1p1f1,2023,12,14,3.2082964951521187,-3.599988,-10.476509,2023
3270,r6i1p1f1,2023,12,15,7.486825786046473,-0.5919826,-12.368492,2023
3271,r6i1p1f1,2023,12,16,5.2836699891377314,-0.8802727,-13.930252,2023
3272,r6i1p1f1,2023,12,17,0.28267449812432643,0.1643144,-16.482666,2023
3273,r6i1p1f1,2023,12,18,1.2626838040990431,-2.1322823,-17.912157,2023
3274,r6i1p1f1,2023,12,19,13.013443669042259,-2.5018713,-9.014151,2023
3275,r6i1p1f1,2023,12,20,0.0020410580834057004,2.0910962,-15.501994,2023
3276,r6i1p1f1,2023,12,21,0.0024794721239227015,2.0457056,-17.799059,2023
3277,r6i1p1f1,2023,12,22,11.299753852215591,-0.9385965,-7.951412,2023
3278,r6i1p1f1,2023,12,23,0.6631408515052235,-0.039547455,-6.7290235,2023
3279,r6i1p1f1,2023,12,24,0.0,2.988618,-15.041081,2023
3280,r6i1p1f1,2023,12,25,0.0,2.7949643,-14.774031,2023
3281,r6i1p1f1,2023,12,26,0.0,4.8799934,-12.492046,2023
3282,r6i1p1f1,2023,12,27,0.0,2.3058968,-6.4040804,2023
3283,r6i1p1f1,2023,12,28,0.0,3.8211377,-11.945981,2023
3284,r6i1p1f1,2023,12,29,0.0,6.5501003,-9.014422,2023
3285,r6i1p1f1,2023,12,30,0.0,5.032061,-7.595938,2023
3286,r6i1p1f1,2023,12,31,0.0,6.0751166,-7.45186,2023
3287,r6i1p1f1,2024,01,01,0.0,5.971127,-8.00021,2024
3288,r6i1p1f1,2024,01,02,0.0,5.6143165,-8.211872,2024
3289,r6i1p1f1,2024,01,03,0.0,6.8498325,-5.8305535,2024
3290,r6i1p1f1,2024,01,04,0.0,7.4845963,-6.5532594,2024
3291,r6i1p1f1,2024,01,05,0.0,5.834354,-5.2190146,2024
3292,r6i1p1f1,2024,01,06,0.0,9.893293,-2.5276394,2024
3293,r6i1p1f1,2024,01,07,0.48422356181177534,5.235859,-3.3879592,2024
3294,r6i1p1f1,2024,01,08,0.0,2.3177133,-10.080078,2024
3295,r6i1p1f1,2024,01,09,0.0,4.03481,-6.326386,2024
3296,r6i1p1f1,2024,01,10,0.0,5.23193,-6.6023526,2024
3297,r6i1p1f1,2024,01,11,0.0,7.3005347,-6.052494,2024
3298,r6i1p1f1,2024,01,12,0.0,9.879081,-4.427941,2024
3299,r6i1p1f1,2024,01,13,0.0,9.58409,-4.3346562,2024
3300,r6i1p1f1,2024,01,14,0.0,9.649782,-5.59582,2024
3301,r6i1p1f1,2024,01,15,0.0,7.818284,-2.178384,2024
3302,r6i1p1f1,2024,01,16,18.065743582880234,4.0916543,-1.7849356,2024
3303,r6i1p1f1,2024,01,17,4.820728164400895,0.8465225,-10.681484,2024
3304,r6i1p1f1,2024,01,18,0.0,6.5168915,-8.550249,2024
3305,r6i1p1f1,2024,01,19,0.0,9.742418,-1.5216212,2024
3306,r6i1p1f1,2024,01,20,0.0,7.4161057,-2.5772088,2024
3307,r6i1p1f1,2024,01,21,0.0,7.958564,-2.0253632,2024
3308,r6i1p1f1,2024,01,22,0.0,8.413702,-3.9856584,2024
3309,r6i1p1f1,2024,01,23,0.0,8.985053,-3.4172065,2024
3310,r6i1p1f1,2024,01,24,0.0,8.259893,-4.648107,2024
3311,r6i1p1f1,2024,01,25,0.0,8.525822,-6.5860443,2024
3312,r6i1p1f1,2024,01,26,0.0,8.166011,-5.1414957,2024
3313,r6i1p1f1,2024,01,27,0.0,6.949343,-4.682574,2024
3314,r6i1p1f1,2024,01,28,0.0,6.640679,-5.1440897,2024
3315,r6i1p1f1,2024,01,29,0.0,10.376639,-4.2356596,2024
3316,r6i1p1f1,2024,01,30,0.0,10.617033,-3.6780217,2024
3317,r6i1p1f1,2024,01,31,0.0,13.858143,-1.224255,2024
3318,r6i1p1f1,2024,02,01,0.19782654127535831,12.814105,-3.63493,2024
3319,r6i1p1f1,2024,02,02,0.0,-1.9344466,-15.798222,2024
3320,r6i1p1f1,2024,02,03,0.008230115377723987,2.3379374,-13.134375,2024
3321,r6i1p1f1,2024,02,04,1.3058949956329946,3.1820357,-8.552425,2024
3322,r6i1p1f1,2024,02,05,0.0,3.9042096,-8.098641,2024
3323,r6i1p1f1,2024,02,06,0.8180242116888096,5.9506407,-5.1532946,2024
3324,r6i1p1f1,2024,02,07,5.136782010165679,4.0232744,-3.2757678,2024
3325,r6i1p1f1,2024,02,08,6.31011078085121,3.7187364,-2.7008295,2024
3326,r6i1p1f1,2024,02,09,4.076661427678508,7.252343,-3.3796756,2024
3327,r6i1p1f1,2024,02,10,1.175278569987815,8.440888,-0.1484627,2024
3328,r6i1p1f1,2024,02,11,0.45903862390936245,8.099774,0.11016622,2024
3329,r6i1p1f1,2024,02,12,7.842245996718745,6.7448463,-0.614571,2024
3330,r6i1p1f1,2024,02,13,1.6204842759923617,3.748973,-8.432272,2024
3331,r6i1p1f1,2024,02,14,0.17669471351055624,2.354749,-8.596313,2024
3332,r6i1p1f1,2024,02,15,2.0866743743002014,1.4149861,-7.582687,2024
3333,r6i1p1f1,2024,02,16,3.938869859738973,3.961938,-8.033073,2024
3334,r6i1p1f1,2024,02,17,12.447351883076212,3.1634178,-2.6625707,2024
3335,r6i1p1f1,2024,02,18,0.8207548361780571,2.6633003,-7.789166,2024
3336,r6i1p1f1,2024,02,19,6.827010787955776,0.036600053,-9.871918,2024
3337,r6i1p1f1,2024,02,20,0.044993288047028825,3.8110695,-11.275887,2024
3338,r6i1p1f1,2024,02,21,0.0,7.1382136,-9.691562,2024
3339,r6i1p1f1,2024,02,22,0.0,6.8663044,-4.571786,2024
3340,r6i1p1f1,2024,02,23,0.0,8.934651,-2.8746727,2024
3341,r6i1p1f1,2024,02,24,0.016760598842745507,10.021003,-0.9801714,2024
3342,r6i1p1f1,2024,02,25,16.51712525520985,4.960638,-3.8703682,2024
3343,r6i1p1f1,2024,02,26,14.845386724381804,0.58217525,-7.167455,2024
3344,r6i1p1f1,2024,02,27,0.1044403196437769,2.018659,-9.599018,2024
3345,r6i1p1f1,2024,02,28,21.064986124628863,2.3843627,-5.689204,2024
3346,r6i1p1f1,2024,02,29,1.6424058578419005,4.688333,-11.7536955,2024
3347,r6i1p1f1,2024,03,01,10.8412708549046,1.727816,-6.9720125,2024
3348,r6i1p1f1,2024,03,02,2.7116224393765305,2.2041447,-5.0927906,2024
3349,r6i1p1f1,2024,03,03,11.533104689211168,3.031014,-4.281367,2024
3350,r6i1p1f1,2024,03,04,5.551213238171056,3.8754609,-5.4750834,2024
3351,r6i1p1f1,2024,03,05,0.01409436598281266,5.3062453,-6.5804405,2024
3352,r6i1p1f1,2024,03,06,0.0,11.007043,-0.6201027,2024
3353,r6i1p1f1,2024,03,07,0.0,14.194021,-1.61767,2024
3354,r6i1p1f1,2024,03,08,0.0,12.306097,-0.37564844,2024
3355,r6i1p1f1,2024,03,09,0.0,12.412499,-4.318824,2024
3356,r6i1p1f1,2024,03,10,0.0,15.235003,-1.2353152,2024
3357,r6i1p1f1,2024,03,11,0.0,19.78737,0.24282412,2024
3358,r6i1p1f1,2024,03,12,0.01922252790526465,19.690462,1.5234416,2024
3359,r6i1p1f1,2024,03,13,0.09211052716590248,18.189495,1.4198245,2024
3360,r6i1p1f1,2024,03,14,0.0,18.721403,0.63976693,2024
3361,r6i1p1f1,2024,03,15,0.00861208439928091,18.874027,1.8540962,2024
3362,r6i1p1f1,2024,03,16,0.34555574726368893,11.631806,0.9830601,2024
3363,r6i1p1f1,2024,03,17,0.0,12.637379,-2.2796586,2024
3364,r6i1p1f1,2024,03,18,0.0,14.128507,-0.94950634,2024
3365,r6i1p1f1,2024,03,19,0.0,15.180283,-0.11232659,2024
3366,r6i1p1f1,2024,03,20,1.3604011614086315,10.521405,-3.3455222,2024
3367,r6i1p1f1,2024,03,21,0.3273367826122795,8.320615,-6.2383084,2024
3368,r6i1p1f1,2024,03,22,0.0,11.329553,-7.5170374,2024
3369,r6i1p1f1,2024,03,23,0.041095597633487434,12.721527,-0.5199262,2024
3370,r6i1p1f1,2024,03,24,0.0,16.881952,0.25174707,2024
3371,r6i1p1f1,2024,03,25,0.002986526361124738,18.408815,0.42950866,2024
3372,r6i1p1f1,2024,03,26,0.0,15.116398,-3.8796818,2024
3373,r6i1p1f1,2024,03,27,0.0,13.815221,-1.3518746,2024
3374,r6i1p1f1,2024,03,28,0.49877632538364797,11.351898,-2.7379687,2024
3375,r6i1p1f1,2024,03,29,2.1390645745632764,8.68366,-0.3718532,2024
3376,r6i1p1f1,2024,03,30,0.008559206890059014,8.497038,-5.029269,2024
3377,r6i1p1f1,2024,03,31,1.7540487578786241,4.574912,-3.2479038,2024
3378,r6i1p1f1,2024,04,01,0.00040406200972314526,14.155162,-1.400153,2024
3379,r6i1p1f1,2024,04,02,0.0,17.999666,-0.121005215,2024
3380,r6i1p1f1,2024,04,03,0.00046178693593171575,17.204762,1.7326369,2024
3381,r6i1p1f1,2024,04,04,0.010994573691697755,13.930238,-3.8050556,2024
3382,r6i1p1f1,2024,04,05,0.0,10.728763,-6.9442163,2024
3383,r6i1p1f1,2024,04,06,0.6687315672798096,5.505877,-5.4328723,2024
3384,r6i1p1f1,2024,04,07,5.551315637869785,8.347598,-1.9030252,2024
3385,r6i1p1f1,2024,04,08,2.6781792529347785,9.29725,-4.398125,2024
3386,r6i1p1f1,2024,04,09,0.0,16.4868,-2.3220646,2024
3387,r6i1p1f1,2024,04,10,0.0,15.739295,-0.6957919,2024
3388,r6i1p1f1,2024,04,11,0.28158233947825445,11.077465,-2.91658,2024
3389,r6i1p1f1,2024,04,12,0.0,18.951889,-0.44912803,2024
3390,r6i1p1f1,2024,04,13,0.0,20.435276,0.64573205,2024
3391,r6i1p1f1,2024,04,14,0.011386133126930927,18.362963,0.03369434,2024
3392,r6i1p1f1,2024,04,15,0.561034122157709,9.502317,0.85341686,2024
3393,r6i1p1f1,2024,04,16,16.17181353942209,9.7441,-3.1835074,2024
3394,r6i1p1f1,2024,04,17,22.073213876942336,2.6789582,-4.8996553,2024
3395,r6i1p1f1,2024,04,18,1.4987264992945237,3.464009,-14.108739,2024
3396,r6i1p1f1,2024,04,19,0.9110206041069062,2.3840306,-6.1308537,2024
3397,r6i1p1f1,2024,04,20,9.678833144139276,2.045364,-5.654207,2024
3398,r6i1p1f1,2024,04,21,4.835176445035546,1.528317,-6.486002,2024
3399,r6i1p1f1,2024,04,22,16.16982566436652,3.9342623,-2.3530009,2024
3400,r6i1p1f1,2024,04,23,0.0,7.3479166,-4.496867,2024
3401,r6i1p1f1,2024,04,24,0.0,12.928253,-4.7577124,2024
3402,r6i1p1f1,2024,04,25,0.0,18.690744,-2.311193,2024
3403,r6i1p1f1,2024,04,26,0.0,21.606682,1.2220396,2024
3404,r6i1p1f1,2024,04,27,0.0,22.10034,3.5601509,2024
3405,r6i1p1f1,2024,04,28,3.304674893443124,16.430918,0.88395715,2024
3406,r6i1p1f1,2024,04,29,2.205846105169487,13.770117,0.112108015,2024
3407,r6i1p1f1,2024,04,30,0.5997807624187812,13.912374,3.4138827,2024
3408,r6i1p1f1,2024,05,01,10.11150735440511,12.30053,2.6960258,2024
3409,r6i1p1f1,2024,05,02,6.143764434938652,16.866997,1.1244828,2024
3410,r6i1p1f1,2024,05,03,0.5888107156209966,22.861752,5.2409463,2024
3411,r6i1p1f1,2024,05,04,0.7404650485103996,22.747942,4.7726707,2024
3412,r6i1p1f1,2024,05,05,0.0013940452585840038,23.214365,8.222857,2024
3413,r6i1p1f1,2024,05,06,1.257905917490773,19.11191,2.7194202,2024
3414,r6i1p1f1,2024,05,07,3.210526547360387,11.416664,-0.25654954,2024
3415,r6i1p1f1,2024,05,08,3.5587713412012514,11.005023,0.13246556,2024
3416,r6i1p1f1,2024,05,09,1.854982021119866,13.962498,-0.8444924,2024
3417,r6i1p1f1,2024,05,10,0.0949314468299293,19.026726,0.95814294,2024
3418,r6i1p1f1,2024,05,11,0.14304088115056193,19.138634,0.69862205,2024
3419,r6i1p1f1,2024,05,12,3.4710268488639824,11.724512,-3.0397313,2024
3420,r6i1p1f1,2024,05,13,4.70277578171521,9.537889,-3.5549574,2024
3421,r6i1p1f1,2024,05,14,5.443295166964515,12.5508175,0.88903064,2024
3422,r6i1p1f1,2024,05,15,1.3040539328232723,17.296835,2.79245,2024
3423,r6i1p1f1,2024,05,16,0.014545353056583206,22.935593,5.09855,2024
3424,r6i1p1f1,2024,05,17,0.4712867554073692,24.579119,6.3657384,2024
3425,r6i1p1f1,2024,05,18,1.16557182260092,24.467033,5.7124114,2024
3426,r6i1p1f1,2024,05,19,1.023735448671273,13.776397,-0.45088434,2024
3427,r6i1p1f1,2024,05,20,0.012997253431000546,20.200932,1.2542051,2024
3428,r6i1p1f1,2024,05,21,0.0,26.131744,4.9492407,2024
3429,r6i1p1f1,2024,05,22,0.0,26.26585,7.9778204,2024
3430,r6i1p1f1,2024,05,23,0.018828788248776422,24.327265,7.086121,2024
3431,r6i1p1f1,2024,05,24,0.0,25.687088,6.306173,2024
3432,r6i1p1f1,2024,05,25,0.0,28.237434,7.7757616,2024
3433,r6i1p1f1,2024,05,26,0.0,29.468367,11.527446,2024
3434,r6i1p1f1,2024,05,27,0.0,29.9886,10.811186,2024
3435,r6i1p1f1,2024,05,28,16.871807175663683,17.955925,1.4872305,2024
3436,r6i1p1f1,2024,05,29,3.6806142561449855,10.753593,0.111477986,2024
3437,r6i1p1f1,2024,05,30,6.512427300935815,12.983859,1.2556406,2024
3438,r6i1p1f1,2024,05,31,1.2231111145553406,19.498583,3.7967725,2024
3439,r6i1p1f1,2024,06,01,15.237060538636984,16.321686,3.365383,2024
3440,r6i1p1f1,2024,06,02,22.38576576121292,15.666844,4.949892,2024
3441,r6i1p1f1,2024,06,03,4.874668505381114,18.485037,6.8226266,2024
3442,r6i1p1f1,2024,06,04,7.72397795639251,16.237928,6.5531774,2024
3443,r6i1p1f1,2024,06,05,10.409883771516576,13.212005,4.2829695,2024
3444,r6i1p1f1,2024,06,06,0.001307341991090767,15.90252,2.3192337,2024
3445,r6i1p1f1,2024,06,07,0.0,20.316639,5.981157,2024
3446,r6i1p1f1,2024,06,08,0.3820937424026919,17.145872,0.71450865,2024
3447,r6i1p1f1,2024,06,09,2.205466285402057,16.42791,1.8612195,2024
3448,r6i1p1f1,2024,06,10,0.0,22.919466,5.998079,2024
3449,r6i1p1f1,2024,06,11,0.007616233900448239,25.425596,7.6129265,2024
3450,r6i1p1f1,2024,06,12,1.1954858815046345,24.089718,4.379161,2024
3451,r6i1p1f1,2024,06,13,1.3725729146501364,21.599026,4.402322,2024
3452,r6i1p1f1,2024,06,14,1.307397772461384,23.29189,5.907923,2024
3453,r6i1p1f1,2024,06,15,0.6180988411733123,27.347351,7.825391,2024
3454,r6i1p1f1,2024,06,16,0.05755172131658009,27.508343,12.25138,2024
3455,r6i1p1f1,2024,06,17,0.04905672391092844,23.618044,7.181073,2024
3456,r6i1p1f1,2024,06,18,2.6510388999366805,18.85379,3.1088796,2024
3457,r6i1p1f1,2024,06,19,0.0989968914064522,23.676096,4.2292047,2024
3458,r6i1p1f1,2024,06,20,0.0,28.794022,7.359605,2024
3459,r6i1p1f1,2024,06,21,0.0,30.58037,10.376874,2024
3460,r6i1p1f1,2024,06,22,0.0,30.699411,12.046554,2024
3461,r6i1p1f1,2024,06,23,0.0,30.34355,12.228266,2024
3462,r6i1p1f1,2024,06,24,0.0,31.311396,11.51199,2024
3463,r6i1p1f1,2024,06,25,0.011764883110648144,31.525444,11.071031,2024
3464,r6i1p1f1,2024,06,26,0.696371609735958,30.184578,9.714438,2024
3465,r6i1p1f1,2024,06,27,0.0,30.841558,10.259593,2024
3466,r6i1p1f1,2024,06,28,0.0,32.279793,11.313915,2024
3467,r6i1p1f1,2024,06,29,0.0,32.4263,12.4486,2024
3468,r6i1p1f1,2024,06,30,0.0,31.497614,11.593784,2024
3469,r6i1p1f1,2024,07,01,0.0,32.2793,10.168105,2024
3470,r6i1p1f1,2024,07,02,0.0,30.579739,9.772262,2024
3471,r6i1p1f1,2024,07,03,0.0,32.245895,10.50652,2024
3472,r6i1p1f1,2024,07,04,0.0019513124342209385,32.41445,13.816462,2024
3473,r6i1p1f1,2024,07,05,0.0,29.480707,8.393175,2024
3474,r6i1p1f1,2024,07,06,0.0,28.573711,8.702913,2024
3475,r6i1p1f1,2024,07,07,0.006481176178144786,28.771513,7.1328073,2024
3476,r6i1p1f1,2024,07,08,0.0,30.90445,10.1640835,2024
3477,r6i1p1f1,2024,07,09,0.0,32.430954,12.002242,2024
3478,r6i1p1f1,2024,07,10,0.0,34.942493,13.404806,2024
3479,r6i1p1f1,2024,07,11,0.0,35.322647,14.971023,2024
3480,r6i1p1f1,2024,07,12,0.011628622249707052,35.4303,13.686843,2024
3481,r6i1p1f1,2024,07,13,0.0,33.411304,13.333076,2024
3482,r6i1p1f1,2024,07,14,0.2878412542663271,31.4603,14.016418,2024
3483,r6i1p1f1,2024,07,15,0.9962403278676596,29.197615,12.461757,2024
3484,r6i1p1f1,2024,07,16,2.058705755204849,28.98904,11.240834,2024
3485,r6i1p1f1,2024,07,17,1.1246537870128774,29.2573,11.325414,2024
3486,r6i1p1f1,2024,07,18,0.355989175273135,29.444735,11.562234,2024
3487,r6i1p1f1,2024,07,19,0.0,28.646482,9.04856,2024
3488,r6i1p1f1,2024,07,20,0.014194485717640969,29.321249,10.409678,2024
3489,r6i1p1f1,2024,07,21,0.40259171262670485,28.612406,9.92414,2024
3490,r6i1p1f1,2024,07,22,0.0,29.874535,9.776987,2024
3491,r6i1p1f1,2024,07,23,0.061569991816308865,31.546331,10.17599,2024
3492,r6i1p1f1,2024,07,24,0.0006114048945228706,31.543533,13.155592,2024
3493,r6i1p1f1,2024,07,25,0.09642013331979363,31.235632,11.224068,2024
3494,r6i1p1f1,2024,07,26,1.9034175735650225,31.676397,11.9420595,2024
3495,r6i1p1f1,2024,07,27,0.0,34.527737,13.618333,2024
3496,r6i1p1f1,2024,07,28,0.0,36.018547,14.771217,2024
3497,r6i1p1f1,2024,07,29,0.6334736705322749,34.507263,15.1148815,2024
3498,r6i1p1f1,2024,07,30,0.32335710378098137,31.73909,13.204542,2024
3499,r6i1p1f1,2024,07,31,0.2039667528231488,32.02786,12.471877,2024
3500,r6i1p1f1,2024,08,01,0.0,33.826435,15.337177,2024
3501,r6i1p1f1,2024,08,02,0.6294562790224869,35.067013,14.818895,2024
3502,r6i1p1f1,2024,08,03,0.0,32.76949,11.5551605,2024
3503,r6i1p1f1,2024,08,04,0.0,33.442352,12.6605015,2024
3504,r6i1p1f1,2024,08,05,0.008593204044089513,33.53095,14.378263,2024
3505,r6i1p1f1,2024,08,06,0.002402505419147487,31.831295,13.435698,2024
3506,r6i1p1f1,2024,08,07,0.6302444627357436,29.209091,9.065331,2024
3507,r6i1p1f1,2024,08,08,0.0,30.335056,9.011725,2024
3508,r6i1p1f1,2024,08,09,0.0,30.2798,9.331941,2024
3509,r6i1p1f1,2024,08,10,0.0,29.345684,9.754209,2024
3510,r6i1p1f1,2024,08,11,0.9153501246512368,26.782663,8.431981,2024
3511,r6i1p1f1,2024,08,12,0.08626773090126573,25.61467,6.6641073,2024
3512,r6i1p1f1,2024,08,13,0.0,31.194698,9.382716,2024
3513,r6i1p1f1,2024,08,14,0.0,31.030594,10.747386,2024
3514,r6i1p1f1,2024,08,15,0.007356495808501754,31.105959,11.00856,2024
3515,r6i1p1f1,2024,08,16,0.5356449986040149,29.211027,8.823696,2024
3516,r6i1p1f1,2024,08,17,0.0,25.010359,7.0151515,2024
3517,r6i1p1f1,2024,08,18,0.0,25.412071,7.351729,2024
3518,r6i1p1f1,2024,08,19,0.4327639697993351,29.335636,11.038216,2024
3519,r6i1p1f1,2024,08,20,0.0,30.119753,10.92138,2024
3520,r6i1p1f1,2024,08,21,0.011499924980325973,30.756804,10.353885,2024
3521,r6i1p1f1,2024,08,22,0.0,31.018606,10.078915,2024
3522,r6i1p1f1,2024,08,23,0.0,32.21565,12.810742,2024
3523,r6i1p1f1,2024,08,24,0.0,35.034046,14.299861,2024
3524,r6i1p1f1,2024,08,25,0.0,35.012314,14.40873,2024
3525,r6i1p1f1,2024,08,26,0.0,33.52332,13.0525055,2024
3526,r6i1p1f1,2024,08,27,0.0,32.327347,11.233539,2024
3527,r6i1p1f1,2024,08,28,0.0,31.804312,11.092705,2024
3528,r6i1p1f1,2024,08,29,0.0,32.5048,11.871896,2024
3529,r6i1p1f1,2024,08,30,0.0,33.51764,11.88439,2024
3530,r6i1p1f1,2024,08,31,0.0,34.11261,12.708124,2024
3531,r6i1p1f1,2024,09,01,0.0,33.141792,13.620588,2024
3532,r6i1p1f1,2024,09,02,0.014741407209535177,30.824797,11.697768,2024
3533,r6i1p1f1,2024,09,03,0.23710003722123582,28.03793,10.470777,2024
3534,r6i1p1f1,2024,09,04,0.03635990704678075,30.26351,12.613195,2024
3535,r6i1p1f1,2024,09,05,0.059805936899367744,30.365341,10.174342,2024
3536,r6i1p1f1,2024,09,06,0.0,30.822308,11.386575,2024
3537,r6i1p1f1,2024,09,07,0.0,30.507545,12.374841,2024
3538,r6i1p1f1,2024,09,08,0.0,30.642862,11.48412,2024
3539,r6i1p1f1,2024,09,09,0.015093408262060072,30.332523,9.700296,2024
3540,r6i1p1f1,2024,09,10,0.0,27.420685,9.749373,2024
3541,r6i1p1f1,2024,09,11,0.6944200311218525,28.333708,9.63846,2024
3542,r6i1p1f1,2024,09,12,25.163630331130182,19.720953,2.8624034,2024
3543,r6i1p1f1,2024,09,13,16.051509542218266,11.844551,0.46474916,2024
3544,r6i1p1f1,2024,09,14,0.006146846788310416,17.524542,-0.17220971,2024
3545,r6i1p1f1,2024,09,15,0.0,24.037647,5.5058527,2024
3546,r6i1p1f1,2024,09,16,0.0,28.379126,8.868412,2024
3547,r6i1p1f1,2024,09,17,0.0,28.279379,9.545544,2024
3548,r6i1p1f1,2024,09,18,6.576031943866756,17.289398,2.1789317,2024
3549,r6i1p1f1,2024,09,19,0.19311055788039969,15.58228,-1.1219306,2024
3550,r6i1p1f1,2024,09,20,0.06187813598705858,17.634771,0.8527165,2024
3551,r6i1p1f1,2024,09,21,0.5548744002404558,17.700348,1.175954,2024
3552,r6i1p1f1,2024,09,22,0.3524788459347723,17.553217,1.3455343,2024
3553,r6i1p1f1,2024,09,23,16.926778356673896,16.341467,2.6965516,2024
3554,r6i1p1f1,2024,09,24,31.871411154208047,14.693554,4.5960374,2024
3555,r6i1p1f1,2024,09,25,4.072254418827969,15.280179,3.8355422,2024
3556,r6i1p1f1,2024,09,26,0.03146298599846557,17.797949,2.4815483,2024
3557,r6i1p1f1,2024,09,27,0.0,20.271805,3.1606119,2024
3558,r6i1p1f1,2024,09,28,0.0,23.627665,5.208581,2024
3559,r6i1p1f1,2024,09,29,0.0,26.901356,8.6273985,2024
3560,r6i1p1f1,2024,09,30,0.0,29.2908,10.25328,2024
3561,r6i1p1f1,2024,10,01,0.0,29.730795,10.496462,2024
3562,r6i1p1f1,2024,10,02,0.0,29.05136,10.939855,2024
3563,r6i1p1f1,2024,10,03,0.0,29.242037,10.777028,2024
3564,r6i1p1f1,2024,10,04,0.0,30.1916,11.350656,2024
3565,r6i1p1f1,2024,10,05,0.0,27.303928,8.226431,2024
3566,r6i1p1f1,2024,10,06,0.0,19.508814,-0.40733793,2024
3567,r6i1p1f1,2024,10,07,0.0,16.458939,-0.6235607,2024
3568,r6i1p1f1,2024,10,08,0.0,19.52545,0.8147022,2024
3569,r6i1p1f1,2024,10,09,0.0,20.70555,3.4845707,2024
3570,r6i1p1f1,2024,10,10,0.0,24.95164,6.426132,2024
3571,r6i1p1f1,2024,10,11,0.0,24.455023,5.072514,2024
3572,r6i1p1f1,2024,10,12,0.0,22.740885,5.305486,2024
3573,r6i1p1f1,2024,10,13,0.0,22.882635,3.525069,2024
3574,r6i1p1f1,2024,10,14,0.0,23.83091,3.3111076,2024
3575,r6i1p1f1,2024,10,15,0.6037546190805783,24.057978,5.272865,2024
3576,r6i1p1f1,2024,10,16,0.5055798322405074,20.40652,1.3939136,2024
3577,r6i1p1f1,2024,10,17,6.080922724903092,13.364128,0.39856067,2024
3578,r6i1p1f1,2024,10,18,2.1633556698361645,10.418618,0.77809495,2024
3579,r6i1p1f1,2024,10,19,0.19791178111259974,11.255187,-1.4685485,2024
3580,r6i1p1f1,2024,10,20,9.31946318741965,11.702056,2.3142762,2024
3581,r6i1p1f1,2024,10,21,0.012125225617697901,13.902609,-2.6028597,2024
3582,r6i1p1f1,2024,10,22,0.0,14.5683775,-1.0408762,2024
3583,r6i1p1f1,2024,10,23,2.6610238761780733,13.99613,2.593227,2024
3584,r6i1p1f1,2024,10,24,3.0450974329983826,16.15815,4.438335,2024
3585,r6i1p1f1,2024,10,25,0.0,19.167084,2.2575154,2024
3586,r6i1p1f1,2024,10,26,0.0,19.073915,1.0255063,2024
3587,r6i1p1f1,2024,10,27,0.0,18.285496,1.7829218,2024
3588,r6i1p1f1,2024,10,28,0.0,16.067207,-0.89193153,2024
3589,r6i1p1f1,2024,10,29,0.0,16.396801,-0.09432339,2024
3590,r6i1p1f1,2024,10,30,0.013732031988026238,13.282854,5.076378,2024
3591,r6i1p1f1,2024,10,31,0.0,12.768582,0.7720247,2024
3592,r6i1p1f1,2024,11,01,0.0,13.507341,0.669566,2024
3593,r6i1p1f1,2024,11,02,0.0,17.206463,2.566005,2024
3594,r6i1p1f1,2024,11,03,0.0,19.3522,2.59105,2024
3595,r6i1p1f1,2024,11,04,0.0,22.546345,3.5288234,2024
3596,r6i1p1f1,2024,11,05,0.24739441467319606,22.842093,5.794234,2024
3597,r6i1p1f1,2024,11,06,8.092834845578345,15.610574,6.881988,2024
3598,r6i1p1f1,2024,11,07,0.04716424975742824,16.777172,7.0033484,2024
3599,r6i1p1f1,2024,11,08,0.12380725824748744,17.445675,3.9788487,2024
3600,r6i1p1f1,2024,11,09,0.025428723274030285,10.695072,-5.3813167,2024
3601,r6i1p1f1,2024,11,10,0.0,5.9141765,-9.1008215,2024
3602,r6i1p1f1,2024,11,11,0.0,7.9280467,-9.434398,2024
3603,r6i1p1f1,2024,11,12,0.0,9.437361,-6.6183095,2024
3604,r6i1p1f1,2024,11,13,0.0,12.668801,-4.3601494,2024
3605,r6i1p1f1,2024,11,14,0.0,16.094309,-2.3403563,2024
3606,r6i1p1f1,2024,11,15,0.0,14.787889,-0.8049356,2024
3607,r6i1p1f1,2024,11,16,0.0,14.683418,-0.44231012,2024
3608,r6i1p1f1,2024,11,17,5.790524043521667,6.204058,-2.443993,2024
3609,r6i1p1f1,2024,11,18,0.029107503328054687,6.23066,-6.758385,2024
3610,r6i1p1f1,2024,11,19,0.36255593621149457,7.4518986,-4.0523524,2024
3611,r6i1p1f1,2024,11,20,10.611602178406107,9.781808,-1.5018067,2024
3612,r6i1p1f1,2024,11,21,30.914029091940407,8.819665,0.9735178,2024
3613,r6i1p1f1,2024,11,22,0.005198672848921254,13.481808,-0.93908465,2024
3614,r6i1p1f1,2024,11,23,0.2342463969544353,13.090113,-0.89592004,2024
3615,r6i1p1f1,2024,11,24,0.0934054650953625,7.897452,-6.197436,2024
3616,r6i1p1f1,2024,11,25,0.0,7.633633,-8.335157,2024
3617,r6i1p1f1,2024,11,26,0.005982571999926443,11.494408,-3.3903906,2024
3618,r6i1p1f1,2024,11,27,0.7923921732870081,8.82426,0.07587143,2024
3619,r6i1p1f1,2024,11,28,14.74300559107749,7.275037,0.41904402,2024
3620,r6i1p1f1,2024,11,29,37.39473368645694,8.07365,0.6680007,2024
3621,r6i1p1f1,2024,11,30,14.993115738173001,7.970034,-5.043149,2024
3622,r6i1p1f1,2024,12,01,4.376059597466675,6.468926,-4.584086,2024
3623,r6i1p1f1,2024,12,02,4.17235917641262,9.181065,-1.5386387,2024
3624,r6i1p1f1,2024,12,03,12.029954744090299,8.84432,3.0147965,2024
3625,r6i1p1f1,2024,12,04,0.33076440368644666,10.167614,0.4266634,2024
3626,r6i1p1f1,2024,12,05,0.0,10.464791,-4.444632,2024
3627,r6i1p1f1,2024,12,06,0.0,12.277269,-3.16336,2024
3628,r6i1p1f1,2024,12,07,3.5092291916688962,6.8474507,-3.8262486,2024
3629,r6i1p1f1,2024,12,08,0.006481697040656432,5.6065464,-8.053774,2024
3630,r6i1p1f1,2024,12,09,0.6128273055735369,0.46873665,-10.423466,2024
3631,r6i1p1f1,2024,12,10,6.017115453457707,-1.1021931,-8.251123,2024
3632,r6i1p1f1,2024,12,11,2.8189037859032053,-1.761036,-6.4367943,2024
3633,r6i1p1f1,2024,12,12,0.016522646683443026,0.8825419,-10.188511,2024
3634,r6i1p1f1,2024,12,13,0.04915254943584936,3.1402786,-8.732021,2024
3635,r6i1p1f1,2024,12,14,0.0,2.7283757,-9.328551,2024
3636,r6i1p1f1,2024,12,15,0.3804174137742244,2.1697946,-10.024751,2024
3637,r6i1p1f1,2024,12,16,47.377606027486834,7.497976,-4.4373164,2024
3638,r6i1p1f1,2024,12,17,38.52616155797338,7.4124017,-2.2210948,2024
3639,r6i1p1f1,2024,12,18,2.5427677509322217,3.599519,-2.356771,2024
3640,r6i1p1f1,2024,12,19,1.9493450587740901,1.3309573,-9.573035,2024
3641,r6i1p1f1,2024,12,20,14.508781252372703,0.28489417,-6.4642353,2024
3642,r6i1p1f1,2024,12,21,17.022055150573724,2.6900651,-5.2783885,2024
3643,r6i1p1f1,2024,12,22,11.336343506060029,6.832726,-2.4336638,2024
3644,r6i1p1f1,2024,12,23,27.68039276162553,8.066283,-2.0555193,2024
3645,r6i1p1f1,2024,12,24,5.70164134990585,2.848422,-4.9180923,2024
3646,r6i1p1f1,2024,12,25,8.566578737908642,6.0764747,-6.1125827,2024
3647,r6i1p1f1,2024,12,26,1.6888721236234427,8.615479,0.48592204,2024
3648,r6i1p1f1,2024,12,27,0.7717801813851985,11.100308,0.47017196,2024
3649,r6i1p1f1,2024,12,28,0.9837690023879426,11.194657,3.1947303,2024
3650,r6i1p1f1,2024,12,29,2.884396420310653,10.703001,2.8256347,2024
3651,r6i1p1f1,2024,12,30,3.5170184692214863,7.8095407,-0.9203897,2024
3652,r6i1p1f1,2024,12,31,8.588609044929028,4.9399157,-1.3014715,2024
3653,r6i1p1f1,2025,01,01,2.025408848590111,5.010749,-9.683886,2025
3654,r6i1p1f1,2025,01,02,0.0,2.457761,-12.690576,2025
3655,r6i1p1f1,2025,01,03,0.0,4.493329,-9.855958,2025
3656,r6i1p1f1,2025,01,04,2.58753629996301,1.5181061,-7.733924,2025
3657,r6i1p1f1,2025,01,05,6.1121437722992304,2.3751352,-4.181334,2025
3658,r6i1p1f1,2025,01,06,0.0,6.456437,-5.893237,2025
3659,r6i1p1f1,2025,01,07,0.48081132018085954,4.2653704,-4.633288,2025
3660,r6i1p1f1,2025,01,08,1.8787315739544435,3.7347965,-2.1711314,2025
3661,r6i1p1f1,2025,01,09,0.0,5.0072417,-4.828428,2025
3662,r6i1p1f1,2025,01,10,0.0,4.2548795,-6.15855,2025
3663,r6i1p1f1,2025,01,11,0.0,7.1829767,-5.853749,2025
3664,r6i1p1f1,2025,01,12,0.0,5.876948,-8.014182,2025
3665,r6i1p1f1,2025,01,13,0.10485695475893955,3.9351127,-7.37036,2025
3666,r6i1p1f1,2025,01,14,0.0,5.0971866,-2.1955018,2025
3667,r6i1p1f1,2025,01,15,0.0,10.21467,-2.507201,2025
3668,r6i1p1f1,2025,01,16,0.0,8.504903,-1.8566796,2025
3669,r6i1p1f1,2025,01,17,6.626554164589331,2.2608888,-6.42247,2025
3670,r6i1p1f1,2025,01,18,0.0013524479081407229,1.7790594,-11.9843445,2025
3671,r6i1p1f1,2025,01,19,0.0016351023651330963,0.7014712,-13.250935,2025
3672,r6i1p1f1,2025,01,20,15.94485267741449,2.2077484,-7.908961,2025
3673,r6i1p1f1,2025,01,21,8.616372934688007,2.8845975,-6.6697125,2025
3674,r6i1p1f1,2025,01,22,0.0,3.289066,-6.93267,2025
3675,r6i1p1f1,2025,01,23,1.1284136436474732,3.2012131,-3.7806668,2025
3676,r6i1p1f1,2025,01,24,3.4636414195403753,1.5029031,-5.5193067,2025
3677,r6i1p1f1,2025,01,25,0.014590367454938882,5.463867,-6.9825354,2025
3678,r6i1p1f1,2025,01,26,0.0,14.456864,0.51550746,2025
3679,r6i1p1f1,2025,01,27,0.09330093980966321,11.695642,-0.71957195,2025
3680,r6i1p1f1,2025,01,28,19.947149737811245,7.024757,0.7984215,2025
3681,r6i1p1f1,2025,01,29,7.762367623401421,5.729461,-0.6661191,2025
3682,r6i1p1f1,2025,01,30,15.597411860660277,5.7156634,-4.8820243,2025
3683,r6i1p1f1,2025,01,31,0.0,3.2581744,-9.308506,2025
3684,r6i1p1f1,2025,02,01,2.178584952299573,0.082789965,-7.439364,2025
3685,r6i1p1f1,2025,02,02,11.827400814277091,6.3739667,-5.3881574,2025
3686,r6i1p1f1,2025,02,03,12.528599713711838,8.663336,0.124621704,2025
3687,r6i1p1f1,2025,02,04,23.996877401768305,7.993418,-2.0619197,2025
3688,r6i1p1f1,2025,02,05,3.3035849424227286,7.1999793,-3.1998305,2025
3689,r6i1p1f1,2025,02,06,28.369115653713582,10.216907,0.21149729,2025
3690,r6i1p1f1,2025,02,07,38.738689205672976,10.2377825,-3.215417,2025
3691,r6i1p1f1,2025,02,08,0.14751967970740532,2.1533458,-4.5036488,2025
3692,r6i1p1f1,2025,02,09,2.191215491778126,0.5660217,-6.2382827,2025
3693,r6i1p1f1,2025,02,10,5.610632303523793,-0.67502517,-10.291864,2025
3694,r6i1p1f1,2025,02,11,0.0024769298689927737,0.93104947,-7.690997,2025
3695,r6i1p1f1,2025,02,12,0.0,1.6055313,-12.110608,2025
3696,r6i1p1f1,2025,02,13,0.09981441576995953,0.33151823,-7.1491117,2025
3697,r6i1p1f1,2025,02,14,0.0,1.6403645,-14.9900055,2025
3698,r6i1p1f1,2025,02,15,0.24642511322117003,0.7989635,-11.418811,2025
3699,r6i1p1f1,2025,02,16,10.050235530022274,4.115155,-8.764302,2025
3700,r6i1p1f1,2025,02,17,1.9533325874343628,5.9084725,-0.9287215,2025
3701,r6i1p1f1,2025,02,18,2.7154550639069814,4.8944726,-5.33721,2025
3702,r6i1p1f1,2025,02,19,0.0803462752297513,5.1880426,-2.4361897,2025
3703,r6i1p1f1,2025,02,20,0.3715666824623603,4.2109823,-5.272823,2025
3704,r6i1p1f1,2025,02,21,0.004276138329131176,4.895102,-3.4085207,2025
3705,r6i1p1f1,2025,02,22,0.0,5.335536,-7.240434,2025
3706,r6i1p1f1,2025,02,23,0.0,8.422116,-6.5254064,2025
3707,r6i1p1f1,2025,02,24,0.0,10.703306,-5.5401545,2025
3708,r6i1p1f1,2025,02,25,0.49498796124670946,10.801825,-4.53569,2025
3709,r6i1p1f1,2025,02,26,0.19195561815553605,8.627178,-4.1786795,2025
3710,r6i1p1f1,2025,02,27,0.0,6.280319,-6.7668867,2025
3711,r6i1p1f1,2025,02,28,0.0,9.362028,-5.9712844,2025
3712,r6i1p1f1,2025,03,01,0.0,14.540241,-3.8765497,2025
3713,r6i1p1f1,2025,03,02,0.0,14.675174,-2.5370002,2025
3714,r6i1p1f1,2025,03,03,0.9428947343174043,7.6902905,0.8589227,2025
3715,r6i1p1f1,2025,03,04,0.14409482164699522,8.177302,0.3425689,2025
3716,r6i1p1f1,2025,03,05,0.13357727903466302,9.169776,-4.023965,2025
3717,r6i1p1f1,2025,03,06,0.007368483395106147,9.300923,-5.319044,2025
3718,r6i1p1f1,2025,03,07,0.0,8.655471,-6.354985,2025
3719,r6i1p1f1,2025,03,08,0.0,5.2295027,-11.290145,2025
3720,r6i1p1f1,2025,03,09,0.0,5.506312,-9.588356,2025
3721,r6i1p1f1,2025,03,10,0.0,7.0955553,-6.3765774,2025
3722,r6i1p1f1,2025,03,11,5.065770849298799e-08,7.430776,-8.5721445,2025
3723,r6i1p1f1,2025,03,12,0.05793111811421432,0.23854248,-13.719032,2025
3724,r6i1p1f1,2025,03,13,0.4266242290816274,0.7935289,-16.717222,2025
3725,r6i1p1f1,2025,03,14,0.0,6.100426,-13.244266,2025
3726,r6i1p1f1,2025,03,15,0.0,10.347765,-6.375171,2025
3727,r6i1p1f1,2025,03,16,0.0,13.972886,-2.4414413,2025
3728,r6i1p1f1,2025,03,17,0.0,15.29298,-4.4483237,2025
3729,r6i1p1f1,2025,03,18,0.1235116967067888,12.291445,-4.003508,2025
3730,r6i1p1f1,2025,03,19,5.157725433202153,5.422349,-2.9099874,2025
3731,r6i1p1f1,2025,03,20,4.231512727947383,8.081085,-0.7339439,2025
3732,r6i1p1f1,2025,03,21,19.86302627246632,3.9233875,-3.5241318,2025
3733,r6i1p1f1,2025,03,22,17.818657177886227,3.327825,-3.8319721,2025
3734,r6i1p1f1,2025,03,23,0.5048243977002498,5.1294,-3.7944083,2025
3735,r6i1p1f1,2025,03,24,0.036616720246932084,7.823639,-6.4455504,2025
3736,r6i1p1f1,2025,03,25,0.003806903007834003,12.076515,-5.927632,2025
3737,r6i1p1f1,2025,03,26,0.7383053484745751,7.290231,-1.7849301,2025
3738,r6i1p1f1,2025,03,27,2.6609272704461118,8.147006,-0.27288997,2025
3739,r6i1p1f1,2025,03,28,4.439365472695744,6.3663282,-0.477649,2025
3740,r6i1p1f1,2025,03,29,3.8830283608542584,5.2929854,-3.389702,2025
3741,r6i1p1f1,2025,03,30,0.04253028198023066,5.357101,-8.139178,2025
3742,r6i1p1f1,2025,03,31,0.0,7.0605593,-7.936007,2025
3743,r6i1p1f1,2025,04,01,0.0,11.532744,-6.1308,2025
3744,r6i1p1f1,2025,04,02,0.0,17.046017,-3.1086218,2025
3745,r6i1p1f1,2025,04,03,0.0,22.086737,3.7173135,2025
3746,r6i1p1f1,2025,04,04,0.0,25.859713,5.3037863,2025
3747,r6i1p1f1,2025,04,05,0.0,26.698124,6.1099844,2025
3748,r6i1p1f1,2025,04,06,0.0,27.363655,5.9462686,2025
3749,r6i1p1f1,2025,04,07,0.0,27.482374,6.9178905,2025
3750,r6i1p1f1,2025,04,08,0.004756399278826653,26.320492,7.51132,2025
3751,r6i1p1f1,2025,04,09,5.325711005925725,13.726113,1.8474684,2025
3752,r6i1p1f1,2025,04,10,0.015501033319115544,14.070354,3.6414344,2025
3753,r6i1p1f1,2025,04,11,1.2964683746058008,12.294879,1.2426714,2025
3754,r6i1p1f1,2025,04,12,15.930033021949715,8.256806,-4.87215,2025
3755,r6i1p1f1,2025,04,13,0.008742929263167852,9.04816,-5.6257634,2025
3756,r6i1p1f1,2025,04,14,5.184870453035157,6.031394,-4.313204,2025
3757,r6i1p1f1,2025,04,15,4.195547605266675,4.368044,-5.4885035,2025
3758,r6i1p1f1,2025,04,16,4.04041293176141,2.891993,-4.792542,2025
3759,r6i1p1f1,2025,04,17,0.3895172216491429,2.6379893,-11.545602,2025
3760,r6i1p1f1,2025,04,18,0.0,4.724755,-8.675512,2025
3761,r6i1p1f1,2025,04,19,0.0,10.264452,-8.1041565,2025
3762,r6i1p1f1,2025,04,20,0.0,16.497614,-3.6226048,2025
3763,r6i1p1f1,2025,04,21,0.0,16.642635,-0.9936103,2025
3764,r6i1p1f1,2025,04,22,0.14536988208026874,13.802036,-4.7223544,2025
3765,r6i1p1f1,2025,04,23,7.557955987660976,5.7979126,-5.594101,2025
3766,r6i1p1f1,2025,04,24,0.0,9.690617,-5.1116767,2025
3767,r6i1p1f1,2025,04,25,0.0,11.545854,-2.7694335,2025
3768,r6i1p1f1,2025,04,26,6.447841586060258,8.898231,-4.504042,2025
3769,r6i1p1f1,2025,04,27,1.590092632217496,6.66076,-1.8695111,2025
3770,r6i1p1f1,2025,04,28,12.41168570020056,6.5335045,-2.157815,2025
3771,r6i1p1f1,2025,04,29,2.1435037989654315,9.135423,-1.8336985,2025
3772,r6i1p1f1,2025,04,30,2.384068287120902,14.510982,-0.2404608,2025
3773,r6i1p1f1,2025,05,01,9.267098012432319,11.685733,-3.05112,2025
3774,r6i1p1f1,2025,05,02,0.0,13.546603,-3.451742,2025
3775,r6i1p1f1,2025,05,03,0.004020128897523168,19.26318,1.4117475,2025
3776,r6i1p1f1,2025,05,04,0.0,18.647661,3.1116493,2025
3777,r6i1p1f1,2025,05,05,0.0,16.38651,0.16004147,2025
3778,r6i1p1f1,2025,05,06,0.048990397577991576,16.64653,-0.5408419,2025
3779,r6i1p1f1,2025,05,07,0.13147179699837447,15.780847,-1.4766337,2025
3780,r6i1p1f1,2025,05,08,2.7359984778429802,9.134166,1.7405967,2025
3781,r6i1p1f1,2025,05,09,2.3753121861008615,8.602607,-2.286463,2025
3782,r6i1p1f1,2025,05,10,0.0006592190168142908,15.818937,0.37140626,2025
3783,r6i1p1f1,2025,05,11,0.013265035752367291,18.62089,0.51517385,2025
3784,r6i1p1f1,2025,05,12,0.0,25.779467,4.9871445,2025
3785,r6i1p1f1,2025,05,13,0.0,27.44737,6.866691,2025
3786,r6i1p1f1,2025,05,14,0.0,25.936552,6.62503,2025
3787,r6i1p1f1,2025,05,15,0.0,27.586159,6.9702373,2025
3788,r6i1p1f1,2025,05,16,0.0,28.8607,9.451413,2025
3789,r6i1p1f1,2025,05,17,0.09674113282609131,27.806513,8.225268,2025
3790,r6i1p1f1,2025,05,18,0.0,28.429438,7.9519277,2025
3791,r6i1p1f1,2025,05,19,0.0,29.341375,8.087217,2025
3792,r6i1p1f1,2025,05,20,0.0,28.42446,7.862547,2025
3793,r6i1p1f1,2025,05,21,0.0,23.665087,6.1076393,2025
3794,r6i1p1f1,2025,05,22,0.006366516714928233,20.808617,3.3752646,2025
3795,r6i1p1f1,2025,05,23,0.0,26.597242,5.800527,2025
3796,r6i1p1f1,2025,05,24,0.004216829374839986,28.570347,9.06054,2025
3797,r6i1p1f1,2025,05,25,0.0,27.24031,8.120966,2025
3798,r6i1p1f1,2025,05,26,0.0,27.84369,7.296516,2025
3799,r6i1p1f1,2025,05,27,0.0,28.34624,8.890151,2025
3800,r6i1p1f1,2025,05,28,0.0005016793323434862,27.938202,9.292693,2025
3801,r6i1p1f1,2025,05,29,0.014200890582521013,19.573183,1.2647836,2025
3802,r6i1p1f1,2025,05,30,0.0,19.98083,0.7523198,2025
3803,r6i1p1f1,2025,05,31,0.0,23.993746,3.9386456,2025
3804,r6i1p1f1,2025,06,01,0.0,27.58262,6.666887,2025
3805,r6i1p1f1,2025,06,02,0.0,30.15942,9.508491,2025
3806,r6i1p1f1,2025,06,03,0.0037160216291091106,30.536081,8.490506,2025
3807,r6i1p1f1,2025,06,04,0.0006241975516431285,30.82802,10.651162,2025
3808,r6i1p1f1,2025,06,05,1.2270627677119124,28.310946,9.416298,2025
3809,r6i1p1f1,2025,06,06,4.553387004582138,15.76679,0.6223405,2025
3810,r6i1p1f1,2025,06,07,8.175938426536463,13.095592,3.460226,2025
3811,r6i1p1f1,2025,06,08,3.005020887496271,14.206454,0.6213658,2025
3812,r6i1p1f1,2025,06,09,0.7219964776474064,15.660341,2.7208295,2025
3813,r6i1p1f1,2025,06,10,0.9685403164550122,17.855314,3.1991222,2025
3814,r6i1p1f1,2025,06,11,0.7890507716849937,21.49995,3.4098248,2025
3815,r6i1p1f1,2025,06,12,4.0236279209034835,19.45408,4.476999,2025
3816,r6i1p1f1,2025,06,13,0.024026668322422427,20.01433,6.736302,2025
3817,r6i1p1f1,2025,06,14,0.0,22.119167,3.3719602,2025
3818,r6i1p1f1,2025,06,15,0.0,25.47364,5.510183,2025
3819,r6i1p1f1,2025,06,16,0.0,29.242212,11.132174,2025
3820,r6i1p1f1,2025,06,17,0.011206548908146695,29.767937,10.883787,2025
3821,r6i1p1f1,2025,06,18,0.018287544333605462,27.315916,8.076418,2025
3822,r6i1p1f1,2025,06,19,0.015599455722751527,28.059544,9.446433,2025
3823,r6i1p1f1,2025,06,20,0.08282509838336496,28.749826,10.095395,2025
3824,r6i1p1f1,2025,06,21,0.0,27.036476,7.5238576,2025
3825,r6i1p1f1,2025,06,22,0.0,27.561563,7.5596523,2025
3826,r6i1p1f1,2025,06,23,0.0,28.47039,9.942931,2025
3827,r6i1p1f1,2025,06,24,0.0632334300387378,26.888483,7.566166,2025
3828,r6i1p1f1,2025,06,25,0.09038564848041918,26.955147,6.411722,2025
3829,r6i1p1f1,2025,06,26,0.0,29.721575,7.9352536,2025
3830,r6i1p1f1,2025,06,27,0.0,32.868393,11.45063,2025
3831,r6i1p1f1,2025,06,28,0.0,32.005646,11.417951,2025
3832,r6i1p1f1,2025,06,29,0.0,31.432089,10.761693,2025
3833,r6i1p1f1,2025,06,30,0.0,32.591408,11.696838,2025
3834,r6i1p1f1,2025,07,01,0.0,33.099297,11.594278,2025
3835,r6i1p1f1,2025,07,02,0.0,32.699646,10.50691,2025
3836,r6i1p1f1,2025,07,03,0.0,33.6849,11.927021,2025
3837,r6i1p1f1,2025,07,04,0.0,35.355087,13.241089,2025
3838,r6i1p1f1,2025,07,05,0.026767149147986252,35.303967,14.850146,2025
3839,r6i1p1f1,2025,07,06,0.4491673040312388,32.301674,12.998301,2025
3840,r6i1p1f1,2025,07,07,0.9261551417337824,30.66051,10.665639,2025
3841,r6i1p1f1,2025,07,08,1.691376203135862,29.940258,10.950901,2025
3842,r6i1p1f1,2025,07,09,0.08946129046672335,31.326288,10.418489,2025
3843,r6i1p1f1,2025,07,10,0.11720544860228141,31.260742,11.182586,2025
3844,r6i1p1f1,2025,07,11,0.4716003713001225,30.880478,11.522452,2025
3845,r6i1p1f1,2025,07,12,0.6222450643758954,29.639936,11.947109,2025
3846,r6i1p1f1,2025,07,13,0.004719115867374543,30.538265,10.987212,2025
3847,r6i1p1f1,2025,07,14,0.010239002727818183,31.291021,11.2055435,2025
3848,r6i1p1f1,2025,07,15,0.0,31.047844,10.513664,2025
3849,r6i1p1f1,2025,07,16,0.0,30.394958,9.696825,2025
3850,r6i1p1f1,2025,07,17,0.0,30.200018,8.412775,2025
3851,r6i1p1f1,2025,07,18,0.0,27.226145,9.578513,2025
3852,r6i1p1f1,2025,07,19,0.22288115495327562,27.325758,9.955621,2025
3853,r6i1p1f1,2025,07,20,0.3260977856615537,29.036825,9.796959,2025
3854,r6i1p1f1,2025,07,21,0.0,30.78066,11.257875,2025
3855,r6i1p1f1,2025,07,22,0.1010696503764565,31.88319,11.694024,2025
3856,r6i1p1f1,2025,07,23,0.0,32.08689,13.680469,2025
3857,r6i1p1f1,2025,07,24,0.023808693235924487,31.821732,10.950345,2025
3858,r6i1p1f1,2025,07,25,0.0,33.31422,12.700492,2025
3859,r6i1p1f1,2025,07,26,0.0,33.68498,14.794358,2025
3860,r6i1p1f1,2025,07,27,0.0,33.304512,12.697291,2025
3861,r6i1p1f1,2025,07,28,0.0,32.65189,11.287515,2025
3862,r6i1p1f1,2025,07,29,0.0,34.13945,12.538173,2025
3863,r6i1p1f1,2025,07,30,0.0,35.17656,12.5777855,2025
3864,r6i1p1f1,2025,07,31,0.0,35.41205,12.59936,2025
3865,r6i1p1f1,2025,08,01,0.0,37.64309,14.332628,2025
3866,r6i1p1f1,2025,08,02,0.01864997451161276,38.53315,15.344779,2025
3867,r6i1p1f1,2025,08,03,0.0,38.12272,15.146402,2025
3868,r6i1p1f1,2025,08,04,0.12822476181956283,38.64594,15.895404,2025
3869,r6i1p1f1,2025,08,05,0.0,36.852535,14.535251,2025
3870,r6i1p1f1,2025,08,06,0.0,34.368793,12.7327385,2025
3871,r6i1p1f1,2025,08,07,0.0,33.579723,12.068818,2025
3872,r6i1p1f1,2025,08,08,0.0,33.245735,11.582185,2025
3873,r6i1p1f1,2025,08,09,0.0,33.129986,11.372487,2025
3874,r6i1p1f1,2025,08,10,0.008175320435703131,33.58136,11.999365,2025
3875,r6i1p1f1,2025,08,11,0.8901937245220279,33.771023,15.449354,2025
3876,r6i1p1f1,2025,08,12,0.39901809886198186,31.914505,13.345063,2025
3877,r6i1p1f1,2025,08,13,0.01356311313711553,29.600101,10.31004,2025
3878,r6i1p1f1,2025,08,14,0.0,29.301964,10.520436,2025
3879,r6i1p1f1,2025,08,15,0.0,29.908415,9.32323,2025
3880,r6i1p1f1,2025,08,16,0.0,29.786459,8.803226,2025
3881,r6i1p1f1,2025,08,17,0.0,30.63637,9.9287195,2025
3882,r6i1p1f1,2025,08,18,0.0,33.077152,11.761467,2025
3883,r6i1p1f1,2025,08,19,0.0,31.680754,10.336178,2025
3884,r6i1p1f1,2025,08,20,0.0,30.93234,10.112348,2025
3885,r6i1p1f1,2025,08,21,0.0,31.02279,9.780984,2025
3886,r6i1p1f1,2025,08,22,0.0,31.237484,10.497266,2025
3887,r6i1p1f1,2025,08,23,0.0,33.33399,11.414646,2025
3888,r6i1p1f1,2025,08,24,0.0,33.213924,11.48388,2025
3889,r6i1p1f1,2025,08,25,0.0,32.62469,10.581398,2025
3890,r6i1p1f1,2025,08,26,0.0,33.11491,11.143443,2025
3891,r6i1p1f1,2025,08,27,0.0,33.57725,11.392404,2025
3892,r6i1p1f1,2025,08,28,0.0,35.099937,12.813617,2025
3893,r6i1p1f1,2025,08,29,0.0,35.562412,13.116984,2025
3894,r6i1p1f1,2025,08,30,0.0,34.751236,12.48016,2025
3895,r6i1p1f1,2025,08,31,0.0,34.147697,12.23045,2025
3896,r6i1p1f1,2025,09,01,0.0004365043093055638,33.783386,12.9566345,2025
3897,r6i1p1f1,2025,09,02,0.0,30.28852,10.506568,2025
3898,r6i1p1f1,2025,09,03,0.0,29.311598,8.520943,2025
3899,r6i1p1f1,2025,09,04,0.06774442302418575,25.308546,5.2736955,2025
3900,r6i1p1f1,2025,09,05,0.0,23.252789,4.369785,2025
3901,r6i1p1f1,2025,09,06,0.0,28.930067,7.6922154,2025
3902,r6i1p1f1,2025,09,07,0.0,30.567886,9.097992,2025
3903,r6i1p1f1,2025,09,08,0.08638417938236535,30.396877,9.260407,2025
3904,r6i1p1f1,2025,09,09,0.0,31.36031,9.273668,2025
3905,r6i1p1f1,2025,09,10,0.0,32.092484,10.769744,2025
3906,r6i1p1f1,2025,09,11,0.01129912948439954,31.783525,10.706317,2025
3907,r6i1p1f1,2025,09,12,0.0,30.345272,8.821861,2025
3908,r6i1p1f1,2025,09,13,0.0,27.24614,6.452374,2025
3909,r6i1p1f1,2025,09,14,0.0,22.748251,3.8609397,2025
3910,r6i1p1f1,2025,09,15,0.0,28.36871,6.5694146,2025
3911,r6i1p1f1,2025,09,16,0.0,29.619968,7.8175077,2025
3912,r6i1p1f1,2025,09,17,0.0,27.282402,7.791265,2025
3913,r6i1p1f1,2025,09,18,0.0,27.767916,6.467463,2025
3914,r6i1p1f1,2025,09,19,0.0,27.461332,5.1773567,2025
3915,r6i1p1f1,2025,09,20,0.041837912947264265,23.725422,3.5558813,2025
3916,r6i1p1f1,2025,09,21,0.0064069857696745555,19.173811,3.0749822,2025
3917,r6i1p1f1,2025,09,22,0.0,17.949873,1.8150241,2025
3918,r6i1p1f1,2025,09,23,0.0,21.053486,2.851465,2025
3919,r6i1p1f1,2025,09,24,0.0003844918190848325,21.127474,2.3171823,2025
3920,r6i1p1f1,2025,09,25,0.0,18.550604,-0.38358375,2025
3921,r6i1p1f1,2025,09,26,0.0,19.082048,-0.20608793,2025
3922,r6i1p1f1,2025,09,27,0.0,21.216759,1.4819151,2025
3923,r6i1p1f1,2025,09,28,0.0,19.485039,0.09507979,2025
3924,r6i1p1f1,2025,09,29,0.0,15.670566,-2.124446,2025
3925,r6i1p1f1,2025,09,30,0.0,23.923414,1.8858184,2025
3926,r6i1p1f1,2025,10,01,0.0,23.687012,3.3021533,2025
3927,r6i1p1f1,2025,10,02,0.0,22.445066,2.8919468,2025
3928,r6i1p1f1,2025,10,03,0.0,22.863197,2.7356567,2025
3929,r6i1p1f1,2025,10,04,0.0,23.2088,3.125665,2025
3930,r6i1p1f1,2025,10,05,0.0,23.744566,4.9156113,2025
3931,r6i1p1f1,2025,10,06,0.02718574193897389,19.188356,3.4985237,2025
3932,r6i1p1f1,2025,10,07,0.0,15.066755,-1.0080383,2025
3933,r6i1p1f1,2025,10,08,0.0,15.883533,-3.2864795,2025
3934,r6i1p1f1,2025,10,09,0.0,16.906958,-0.7099858,2025
3935,r6i1p1f1,2025,10,10,0.0,16.960207,0.38967386,2025
3936,r6i1p1f1,2025,10,11,0.0027786836816189103,14.757281,-3.906211,2025
3937,r6i1p1f1,2025,10,12,5.8487865086778195,10.052547,-1.1296213,2025
3938,r6i1p1f1,2025,10,13,0.2959494082890349,9.771926,-5.8825088,2025
3939,r6i1p1f1,2025,10,14,0.9708378106390246,13.385042,-1.1240922,2025
3940,r6i1p1f1,2025,10,15,0.028747836854493017,18.488775,2.6268876,2025
3941,r6i1p1f1,2025,10,16,0.0,21.84145,1.5573381,2025
3942,r6i1p1f1,2025,10,17,0.0,22.786938,3.1607997,2025
3943,r6i1p1f1,2025,10,18,0.0,22.682503,3.067127,2025
3944,r6i1p1f1,2025,10,19,0.0,21.72383,3.8080266,2025
3945,r6i1p1f1,2025,10,20,0.0,20.601124,3.6980631,2025
3946,r6i1p1f1,2025,10,21,0.0,20.139162,-0.5935308,2025
3947,r6i1p1f1,2025,10,22,0.0,19.152529,-1.1290874,2025
3948,r6i1p1f1,2025,10,23,0.0,18.706686,1.0586159,2025
3949,r6i1p1f1,2025,10,24,0.0,20.441463,2.4791694,2025
3950,r6i1p1f1,2025,10,25,0.0,20.928225,3.899016,2025
3951,r6i1p1f1,2025,10,26,0.31540921723072907,17.274752,1.4535251,2025
3952,r6i1p1f1,2025,10,27,0.34901862952445434,10.272923,2.8856046,2025
3953,r6i1p1f1,2025,10,28,0.0,15.82296,0.96417046,2025
3954,r6i1p1f1,2025,10,29,0.0,23.646654,4.625502,2025
3955,r6i1p1f1,2025,10,30,0.0,24.899076,7.0880156,2025
3956,r6i1p1f1,2025,10,31,0.0,23.55939,5.460126,2025
3957,r6i1p1f1,2025,11,01,0.0,19.246078,2.2937627,2025
3958,r6i1p1f1,2025,11,02,0.0,16.877222,0.9553951,2025
3959,r6i1p1f1,2025,11,03,0.0,18.762339,2.4372823,2025
3960,r6i1p1f1,2025,11,04,0.0,19.349695,1.9009707,2025
3961,r6i1p1f1,2025,11,05,0.0,17.887377,0.7008107,2025
3962,r6i1p1f1,2025,11,06,0.0,14.423069,-2.6302645,2025
3963,r6i1p1f1,2025,11,07,0.0,12.679068,-5.203833,2025
3964,r6i1p1f1,2025,11,08,0.0,18.29941,-1.2659413,2025
3965,r6i1p1f1,2025,11,09,0.0,19.925667,1.525217,2025
3966,r6i1p1f1,2025,11,10,0.0,16.52039,-0.15637293,2025
3967,r6i1p1f1,2025,11,11,0.0,12.504766,-3.1572924,2025
3968,r6i1p1f1,2025,11,12,0.4953644921074923,5.394187,-11.877961,2025
3969,r6i1p1f1,2025,11,13,0.0,-1.5752852,-14.679931,2025
3970,r6i1p1f1,2025,11,14,0.0,-0.1388647,-14.97297,2025
3971,r6i1p1f1,2025,11,15,0.0,0.73001176,-12.285185,2025
3972,r6i1p1f1,2025,11,16,0.023980880591756324,0.77890605,-13.074828,2025
3973,r6i1p1f1,2025,11,17,0.01605279835259381,5.7366414,-9.357877,2025
3974,r6i1p1f1,2025,11,18,0.014620778984488353,7.25311,-7.907346,2025
3975,r6i1p1f1,2025,11,19,3.4109440331522767,4.2852564,-5.4307613,2025
3976,r6i1p1f1,2025,11,20,3.2036974773156013,2.9062684,-6.4498806,2025
3977,r6i1p1f1,2025,11,21,0.0,6.62084,-9.903609,2025
3978,r6i1p1f1,2025,11,22,0.24481036303080314,4.8531427,-3.670419,2025
3979,r6i1p1f1,2025,11,23,0.0,5.7311964,-9.774633,2025
3980,r6i1p1f1,2025,11,24,0.41337200865933954,6.1471367,-6.020848,2025
3981,r6i1p1f1,2025,11,25,19.92607871654214,7.142666,-3.5708733,2025
3982,r6i1p1f1,2025,11,26,30.163128528252933,9.171791,-1.8336607,2025
3983,r6i1p1f1,2025,11,27,0.015851766499763043,7.730027,-0.96334666,2025
3984,r6i1p1f1,2025,11,28,0.0,8.65086,-4.9371095,2025
3985,r6i1p1f1,2025,11,29,0.0,9.6186075,-3.0806649,2025
3986,r6i1p1f1,2025,11,30,0.2675235683115173,12.856847,-2.3248568,2025
3987,r6i1p1f1,2025,12,01,0.0,13.15789,-1.2111449,2025
3988,r6i1p1f1,2025,12,02,0.0,13.438588,-0.16057591,2025
3989,r6i1p1f1,2025,12,03,6.317589272091432,7.6279206,-5.154196,2025
3990,r6i1p1f1,2025,12,04,8.004317187854815,5.19816,-0.68491584,2025
3991,r6i1p1f1,2025,12,05,8.05589079944083,4.7750487,-0.89208704,2025
3992,r6i1p1f1,2025,12,06,0.5328616956262218,7.1917915,-0.4344238,2025
3993,r6i1p1f1,2025,12,07,0.031750169146418615,9.744307,-0.7648857,2025
3994,r6i1p1f1,2025,12,08,3.8805098824417303,7.9921474,0.45402458,2025
3995,r6i1p1f1,2025,12,09,8.264544477422213,7.9132037,-1.1486372,2025
3996,r6i1p1f1,2025,12,10,9.41634833124387,6.2647076,-1.4030488,2025
3997,r6i1p1f1,2025,12,11,9.467764702701471,7.288462,0.1489861,2025
3998,r6i1p1f1,2025,12,12,20.46262442210168,6.4448423,-0.80929196,2025
3999,r6i1p1f1,2025,12,13,39.48361606299549,7.9291215,-1.5606413,2025
4000,r6i1p1f1,2025,12,14,0.0008947996908967059,7.368491,-4.058119,2025
4001,r6i1p1f1,2025,12,15,7.915932444758755,2.854211,-6.472645,2025
4002,r6i1p1f1,2025,12,16,37.15119359556601,7.955384,-1.4987043,2025
4003,r6i1p1f1,2025,12,17,8.854024497207513,6.4416676,-1.8497527,2025
4004,r6i1p1f1,2025,12,18,16.10278897373519,7.639648,-0.75302345,2025
4005,r6i1p1f1,2025,12,19,7.2632992097933,9.126968,1.0727687,2025
4006,r6i1p1f1,2025,12,20,26.50578907545781,7.6163177,0.17228453,2025
4007,r6i1p1f1,2025,12,21,3.3517803623903686,4.4593873,-5.918122,2025
4008,r6i1p1f1,2025,12,22,0.0,5.1375203,-6.597596,2025
4009,r6i1p1f1,2025,12,23,1.6948164018812315,1.0328071,-7.385336,2025
4010,r6i1p1f1,2025,12,24,0.0,3.8769693,-8.443084,2025
4011,r6i1p1f1,2025,12,25,0.0,6.0019207,-7.7766776,2025
4012,r6i1p1f1,2025,12,26,0.0,6.8485746,-4.4587674,2025
4013,r6i1p1f1,2025,12,27,0.0,6.7765975,-5.7306566,2025
4014,r6i1p1f1,2025,12,28,0.0,6.662602,-6.1614733,2025
4015,r6i1p1f1,2025,12,29,0.0,8.552315,-4.4828563,2025
4016,r6i1p1f1,2025,12,30,0.0,10.124402,-2.4218423,2025
4017,r6i1p1f1,2025,12,31,0.0,11.670296,-3.0933769,2025
4018,r6i1p1f1,2026,01,01,0.0,12.9310055,-2.2937875,2026
4019,r6i1p1f1,2026,01,02,0.0,11.098446,0.8700377,2026
4020,r6i1p1f1,2026,01,03,0.008875941570079425,13.038114,2.6916816,2026
4021,r6i1p1f1,2026,01,04,0.0,12.003394,-0.503636,2026
4022,r6i1p1f1,2026,01,05,0.0,13.158236,-1.5709964,2026
4023,r6i1p1f1,2026,01,06,0.0,15.003078,-0.31927726,2026
4024,r6i1p1f1,2026,01,07,0.0,14.187876,0.49517733,2026
4025,r6i1p1f1,2026,01,08,0.0,14.517805,-0.050133187,2026
4026,r6i1p1f1,2026,01,09,0.0,15.404548,0.35050145,2026
4027,r6i1p1f1,2026,01,10,0.0,16.004675,1.4409051,2026
4028,r6i1p1f1,2026,01,11,0.0,17.409546,1.8753878,2026
4029,r6i1p1f1,2026,01,12,0.0,17.997803,2.4486227,2026
4030,r6i1p1f1,2026,01,13,0.0,17.094765,2.5236883,2026
4031,r6i1p1f1,2026,01,14,1.004468723980154,12.14792,1.8131112,2026
4032,r6i1p1f1,2026,01,15,16.337868720474148,3.3905122,-4.1045537,2026
4033,r6i1p1f1,2026,01,16,0.008867369750414451,1.6805276,-7.310552,2026
4034,r6i1p1f1,2026,01,17,0.0907690614603887,-0.20992166,-9.749515,2026
4035,r6i1p1f1,2026,01,18,0.01657421875520503,-0.21356231,-10.9135895,2026
4036,r6i1p1f1,2026,01,19,0.6177930877417515,1.0402822,-11.688422,2026
4037,r6i1p1f1,2026,01,20,12.760313107558416,4.2833986,-4.139719,2026
4038,r6i1p1f1,2026,01,21,5.15270399116479,6.5694227,-0.83335054,2026
4039,r6i1p1f1,2026,01,22,5.500085006782346,8.608006,-0.54109716,2026
4040,r6i1p1f1,2026,01,23,26.483598802349952,6.472916,-0.52657086,2026
4041,r6i1p1f1,2026,01,24,0.0,6.051705,-3.55889,2026
4042,r6i1p1f1,2026,01,25,0.016362562842269914,6.9645295,-5.790554,2026
4043,r6i1p1f1,2026,01,26,4.58029721965369,2.483481,-5.061266,2026
4044,r6i1p1f1,2026,01,27,0.00016552012511178102,3.2890406,-6.8008885,2026
4045,r6i1p1f1,2026,01,28,0.0,2.5297282,-7.821631,2026
4046,r6i1p1f1,2026,01,29,0.0,7.388495,-8.219664,2026
4047,r6i1p1f1,2026,01,30,0.0,8.95639,-5.9545994,2026
4048,r6i1p1f1,2026,01,31,0.0,8.903768,-5.2105236,2026
4049,r6i1p1f1,2026,02,01,0.0,10.177174,-2.60821,2026
4050,r6i1p1f1,2026,02,02,0.0,9.575545,1.2159958,2026
4051,r6i1p1f1,2026,02,03,0.0,15.442202,-1.3513917,2026
4052,r6i1p1f1,2026,02,04,0.0,13.520251,-0.3444376,2026
4053,r6i1p1f1,2026,02,05,20.4395543577493,7.0135455,-1.8347708,2026
4054,r6i1p1f1,2026,02,06,6.767404993544861,3.171753,-8.503897,2026
4055,r6i1p1f1,2026,02,07,24.406610603021154,1.0243998,-5.4852457,2026
4056,r6i1p1f1,2026,02,08,14.22869395394738,1.8862805,-6.3572826,2026
4057,r6i1p1f1,2026,02,09,0.0818671008256256,4.9608507,-9.650899,2026
4058,r6i1p1f1,2026,02,10,8.6661517507461,5.8369145,-9.376584,2026
4059,r6i1p1f1,2026,02,11,3.5268849679819434,6.881233,-0.9489806,2026
4060,r6i1p1f1,2026,02,12,0.0,9.783589,2.2404864,2026
4061,r6i1p1f1,2026,02,13,4.370572649923329,6.4651084,-0.12159058,2026
4062,r6i1p1f1,2026,02,14,1.488456611079206,5.792852,-4.9068546,2026
4063,r6i1p1f1,2026,02,15,0.0,7.988485,-8.5725355,2026
4064,r6i1p1f1,2026,02,16,0.0,10.266176,-5.7885094,2026
4065,r6i1p1f1,2026,02,17,0.0,7.8994145,-5.712549,2026
4066,r6i1p1f1,2026,02,18,0.0,10.573892,-3.9652777,2026
4067,r6i1p1f1,2026,02,19,0.0,14.107837,-1.6146913,2026
4068,r6i1p1f1,2026,02,20,0.0,15.766276,-0.5562918,2026
4069,r6i1p1f1,2026,02,21,0.0,14.499526,-0.53191876,2026
4070,r6i1p1f1,2026,02,22,0.0,15.143791,-0.6282773,2026
4071,r6i1p1f1,2026,02,23,0.0,15.254533,-0.35802948,2026
4072,r6i1p1f1,2026,02,24,0.17783677159267688,14.483544,-0.57068443,2026
4073,r6i1p1f1,2026,02,25,2.0345535268877977,9.103294,-2.5302427,2026
4074,r6i1p1f1,2026,02,26,4.850454619385446,6.4305553,-0.2040202,2026
4075,r6i1p1f1,2026,02,27,1.019977785481091,10.882052,0.65755874,2026
4076,r6i1p1f1,2026,02,28,11.385951572520582,10.137513,3.290955,2026
4077,r6i1p1f1,2026,03,01,12.50754770538388,8.753763,2.0276074,2026
4078,r6i1p1f1,2026,03,02,4.937342898320097,14.086436,1.1837028,2026
4079,r6i1p1f1,2026,03,03,2.377010599368859,12.721116,4.969562,2026
4080,r6i1p1f1,2026,03,04,6.370238305954848,10.096765,3.105129,2026
4081,r6i1p1f1,2026,03,05,2.0429473567660383,12.252046,1.4380192,2026
4082,r6i1p1f1,2026,03,06,0.2163863179858251,15.137611,0.12970105,2026
4083,r6i1p1f1,2026,03,07,0.0,17.534027,1.5531907,2026
4084,r6i1p1f1,2026,03,08,0.030555988787737073,12.084296,1.917447,2026
4085,r6i1p1f1,2026,03,09,0.0,12.551347,2.8782752,2026
4086,r6i1p1f1,2026,03,10,7.557729872085713,9.191525,0.3259306,2026
4087,r6i1p1f1,2026,03,11,2.528815668229986,9.125737,0.041619845,2026
4088,r6i1p1f1,2026,03,12,23.36918117387935,9.148437,-0.6859117,2026
4089,r6i1p1f1,2026,03,13,4.171724400124151,9.328012,4.5704994,2026
4090,r6i1p1f1,2026,03,14,0.16565266686061972,17.074608,2.1309824,2026
4091,r6i1p1f1,2026,03,15,0.0,24.689312,5.2421365,2026
4092,r6i1p1f1,2026,03,16,0.0,23.18841,5.2798243,2026
4093,r6i1p1f1,2026,03,17,1.7267002972276262,18.454567,0.6468332,2026
4094,r6i1p1f1,2026,03,18,0.3774927939430287,16.06864,0.6812386,2026
4095,r6i1p1f1,2026,03,19,3.6864683991540583,9.654494,-2.9605508,2026
4096,r6i1p1f1,2026,03,20,0.0,12.096232,-4.187781,2026
4097,r6i1p1f1,2026,03,21,0.0,15.259263,-4.561811,2026
4098,r6i1p1f1,2026,03,22,0.2584954807748037,12.858987,-3.2172818,2026
4099,r6i1p1f1,2026,03,23,15.496872473159215,9.985082,-0.9073599,2026
4100,r6i1p1f1,2026,03,24,12.821087971361608,9.116405,0.37543008,2026
4101,r6i1p1f1,2026,03,25,9.985278654466713,8.024375,-6.83797,2026
4102,r6i1p1f1,2026,03,26,0.009591349400758814,12.437396,-1.1197544,2026
4103,r6i1p1f1,2026,03,27,0.0,11.255176,-1.9640727,2026
4104,r6i1p1f1,2026,03,28,0.0,11.785538,-4.086018,2026
4105,r6i1p1f1,2026,03,29,2.91772140468755,9.870375,-0.29880676,2026
4106,r6i1p1f1,2026,03,30,0.1501588132060387,13.561856,-2.2852194,2026
4107,r6i1p1f1,2026,03,31,0.555875950078115,12.10467,1.391076,2026
4108,r6i1p1f1,2026,04,01,0.21883609812739344,12.51826,3.044465,2026
4109,r6i1p1f1,2026,04,02,8.385680345586316,10.170122,-5.0698543,2026
4110,r6i1p1f1,2026,04,03,0.39443179127376066,5.218613,-11.794612,2026
4111,r6i1p1f1,2026,04,04,0.00036548153963437746,3.244417,-10.469496,2026
4112,r6i1p1f1,2026,04,05,0.0,7.858425,-9.604928,2026
4113,r6i1p1f1,2026,04,06,0.0,10.875065,-2.3232276,2026
4114,r6i1p1f1,2026,04,07,0.011704599430420218,13.673914,0.31960016,2026
4115,r6i1p1f1,2026,04,08,0.0,21.93184,3.7163558,2026
4116,r6i1p1f1,2026,04,09,0.0,26.003605,5.3372345,2026
4117,r6i1p1f1,2026,04,10,0.0,25.531458,6.193155,2026
4118,r6i1p1f1,2026,04,11,0.0,25.16395,5.8553247,2026
4119,r6i1p1f1,2026,04,12,0.0,24.504913,5.8501263,2026
4120,r6i1p1f1,2026,04,13,0.0,25.581625,6.3415203,2026
4121,r6i1p1f1,2026,04,14,0.0,24.613262,5.0042987,2026
4122,r6i1p1f1,2026,04,15,9.584142801100535,11.761579,1.6724269,2026
4123,r6i1p1f1,2026,04,16,0.0,15.707493,1.4669847,2026
4124,r6i1p1f1,2026,04,17,0.0,17.742697,-0.6097094,2026
4125,r6i1p1f1,2026,04,18,2.251525120340455,16.486183,-0.24786073,2026
4126,r6i1p1f1,2026,04,19,0.8463226306561777,14.962091,-2.2787695,2026
4127,r6i1p1f1,2026,04,20,0.0,14.584054,-3.2732754,2026
4128,r6i1p1f1,2026,04,21,0.0,18.001173,-2.5063689,2026
4129,r6i1p1f1,2026,04,22,0.0,21.377686,0.75932485,2026
4130,r6i1p1f1,2026,04,23,0.0,22.18837,2.1255248,2026
4131,r6i1p1f1,2026,04,24,0.0,22.727669,4.5546646,2026
4132,r6i1p1f1,2026,04,25,0.0,22.449018,7.1940265,2026
4133,r6i1p1f1,2026,04,26,0.0,22.880993,4.342405,2026
4134,r6i1p1f1,2026,04,27,0.0020476242878820494,22.031298,3.6891358,2026
4135,r6i1p1f1,2026,04,28,2.0266077034363965,15.731577,-2.6239743,2026
4136,r6i1p1f1,2026,04,29,0.06911406937000038,16.840923,-2.7709005,2026
4137,r6i1p1f1,2026,04,30,0.11359975469502326,21.77853,3.4481628,2026
4138,r6i1p1f1,2026,05,01,0.0,18.653557,3.666469,2026
4139,r6i1p1f1,2026,05,02,0.0,16.630444,-1.2778127,2026
4140,r6i1p1f1,2026,05,03,0.023444346323353498,13.746658,-0.8973129,2026
4141,r6i1p1f1,2026,05,04,0.0,16.87007,-3.1992872,2026
4142,r6i1p1f1,2026,05,05,0.0,18.217228,-1.4276025,2026
4143,r6i1p1f1,2026,05,06,0.01745132811480505,18.23098,2.6177216,2026
4144,r6i1p1f1,2026,05,07,0.07853584275872788,20.00422,0.88369405,2026
4145,r6i1p1f1,2026,05,08,1.398044139330475,17.474518,2.512239,2026
4146,r6i1p1f1,2026,05,09,0.07612836843064114,13.547189,0.097667225,2026
4147,r6i1p1f1,2026,05,10,0.0010179580606914408,16.365433,1.0312,2026
4148,r6i1p1f1,2026,05,11,0.0,21.162928,1.0826602,2026
4149,r6i1p1f1,2026,05,12,0.0,25.296783,4.021111,2026
4150,r6i1p1f1,2026,05,13,0.0,26.852722,6.6485167,2026
4151,r6i1p1f1,2026,05,14,1.457171226529229,26.02184,6.117931,2026
4152,r6i1p1f1,2026,05,15,0.00020964177455129633,26.894846,6.724964,2026
4153,r6i1p1f1,2026,05,16,0.016429052904815163,27.356533,7.5674253,2026
4154,r6i1p1f1,2026,05,17,0.010360675100712188,28.539476,8.465555,2026
4155,r6i1p1f1,2026,05,18,0.044597457784894975,29.025505,10.805735,2026
4156,r6i1p1f1,2026,05,19,0.001068334275931777,27.531033,8.217143,2026
4157,r6i1p1f1,2026,05,20,0.5713718478243229,24.510376,5.2444935,2026
4158,r6i1p1f1,2026,05,21,0.8849506549819696,23.782291,6.6890635,2026
4159,r6i1p1f1,2026,05,22,0.9754368235406462,24.59512,7.1191134,2026
4160,r6i1p1f1,2026,05,23,0.0,27.800125,7.43353,2026
4161,r6i1p1f1,2026,05,24,0.22779242825905902,22.10383,5.482307,2026
4162,r6i1p1f1,2026,05,25,1.8046866899191008,16.39201,3.4593263,2026
4163,r6i1p1f1,2026,05,26,3.202925298526916,20.208914,2.6789148,2026
4164,r6i1p1f1,2026,05,27,0.6281646556302893,22.580988,5.882983,2026
4165,r6i1p1f1,2026,05,28,0.06716457259028806,24.935963,6.32411,2026
4166,r6i1p1f1,2026,05,29,0.0,20.785192,3.4422038,2026
4167,r6i1p1f1,2026,05,30,0.0,22.835468,3.3289576,2026
4168,r6i1p1f1,2026,05,31,0.0,26.159739,6.2364535,2026
4169,r6i1p1f1,2026,06,01,0.0,26.691414,6.0038204,2026
4170,r6i1p1f1,2026,06,02,0.0,25.999973,7.195855,2026
4171,r6i1p1f1,2026,06,03,0.0,24.264315,4.230183,2026
4172,r6i1p1f1,2026,06,04,0.0,22.381186,3.5934706,2026
4173,r6i1p1f1,2026,06,05,0.0027143262238332575,20.864853,5.7744327,2026
4174,r6i1p1f1,2026,06,06,0.6497815059211627,16.410019,3.7536454,2026
4175,r6i1p1f1,2026,06,07,4.4903548882927256,17.132467,-0.9664696,2026
4176,r6i1p1f1,2026,06,08,3.2465978872971926,17.319859,-0.05570394,2026
4177,r6i1p1f1,2026,06,09,2.3900098657753928,17.472206,-0.028053956,2026
4178,r6i1p1f1,2026,06,10,0.6372829658237495,22.70664,4.908759,2026
4179,r6i1p1f1,2026,06,11,1.1297871347654267,22.96881,6.160377,2026
4180,r6i1p1f1,2026,06,12,0.528112710073648,25.002834,6.236184,2026
4181,r6i1p1f1,2026,06,13,0.0,28.985611,9.3594265,2026
4182,r6i1p1f1,2026,06,14,0.0,31.503191,11.005237,2026
4183,r6i1p1f1,2026,06,15,0.0,31.970875,12.117411,2026
4184,r6i1p1f1,2026,06,16,0.5016809912057869,30.521914,10.20454,2026
4185,r6i1p1f1,2026,06,17,5.2536413028581235,26.919363,8.452806,2026
4186,r6i1p1f1,2026,06,18,0.7475573822917921,21.541906,7.2810144,2026
4187,r6i1p1f1,2026,06,19,0.7152498198777326,23.102678,4.977451,2026
4188,r6i1p1f1,2026,06,20,0.0,27.106415,9.181998,2026
4189,r6i1p1f1,2026,06,21,0.4503678466250435,28.547876,8.361187,2026
4190,r6i1p1f1,2026,06,22,0.0005944344595389243,32.738297,11.383576,2026
4191,r6i1p1f1,2026,06,23,0.4481856256084255,32.950474,12.660706,2026
4192,r6i1p1f1,2026,06,24,0.06914228084683817,34.465584,13.762678,2026
4193,r6i1p1f1,2026,06,25,0.37196979882659575,32.882515,13.172829,2026
4194,r6i1p1f1,2026,06,26,0.0,31.764748,13.008858,2026
4195,r6i1p1f1,2026,06,27,0.0,32.47701,11.914176,2026
4196,r6i1p1f1,2026,06,28,0.0,33.652134,13.351511,2026
4197,r6i1p1f1,2026,06,29,0.0,33.505253,13.216029,2026
4198,r6i1p1f1,2026,06,30,0.0,34.217377,13.92192,2026
4199,r6i1p1f1,2026,07,01,0.0,36.39377,14.833671,2026
4200,r6i1p1f1,2026,07,02,0.09640990422821621,34.773277,12.871473,2026
4201,r6i1p1f1,2026,07,03,0.1060301017205075,31.813269,11.186419,2026
4202,r6i1p1f1,2026,07,04,0.0,26.517588,8.629504,2026
4203,r6i1p1f1,2026,07,05,0.0,26.90127,6.194434,2026
4204,r6i1p1f1,2026,07,06,0.03140235859748894,28.657692,10.047748,2026
4205,r6i1p1f1,2026,07,07,0.0,29.418207,7.6084685,2026
4206,r6i1p1f1,2026,07,08,0.0,30.913593,8.49539,2026
4207,r6i1p1f1,2026,07,09,0.0,36.54666,13.804193,2026
4208,r6i1p1f1,2026,07,10,0.0,37.53934,15.668871,2026
4209,r6i1p1f1,2026,07,11,0.003372838301061469,36.90607,15.065623,2026
4210,r6i1p1f1,2026,07,12,0.10496934653380881,36.64849,14.92489,2026
4211,r6i1p1f1,2026,07,13,0.0625059963864286,34.61015,13.368777,2026
4212,r6i1p1f1,2026,07,14,1.958435498387021,30.53893,12.648949,2026
4213,r6i1p1f1,2026,07,15,0.132449303664947,28.4806,10.96983,2026
4214,r6i1p1f1,2026,07,16,0.14538716665681292,28.86768,8.745632,2026
4215,r6i1p1f1,2026,07,17,0.05598163765378272,29.065699,9.909818,2026
4216,r6i1p1f1,2026,07,18,0.0005479857914412582,27.737059,9.434992,2026
4217,r6i1p1f1,2026,07,19,0.02238012397067471,27.957737,9.4577265,2026
4218,r6i1p1f1,2026,07,20,4.893606562239084e-05,27.900993,7.7244406,2026
4219,r6i1p1f1,2026,07,21,0.0,30.91252,10.691724,2026
4220,r6i1p1f1,2026,07,22,0.0,32.62627,10.728225,2026
4221,r6i1p1f1,2026,07,23,0.0,33.331844,12.045823,2026
4222,r6i1p1f1,2026,07,24,0.0,34.159798,12.247311,2026
4223,r6i1p1f1,2026,07,25,0.0,33.28801,10.996139,2026
4224,r6i1p1f1,2026,07,26,0.0,30.881653,9.528733,2026
4225,r6i1p1f1,2026,07,27,0.0,30.896212,9.564077,2026
4226,r6i1p1f1,2026,07,28,0.0,30.714195,9.804246,2026
4227,r6i1p1f1,2026,07,29,0.021592325422432987,30.66118,9.114252,2026
4228,r6i1p1f1,2026,07,30,0.0,29.708788,9.798738,2026
4229,r6i1p1f1,2026,07,31,0.0,30.966148,9.272358,2026
4230,r6i1p1f1,2026,08,01,0.0,31.915081,10.262068,2026
4231,r6i1p1f1,2026,08,02,0.0,33.58686,10.070206,2026
4232,r6i1p1f1,2026,08,03,0.0,33.362236,10.500616,2026
4233,r6i1p1f1,2026,08,04,0.0,31.984295,9.725613,2026
4234,r6i1p1f1,2026,08,05,0.0,33.442913,10.827707,2026
4235,r6i1p1f1,2026,08,06,0.0,34.749233,11.631776,2026
4236,r6i1p1f1,2026,08,07,0.11245036872430758,34.5662,11.693193,2026
4237,r6i1p1f1,2026,08,08,0.021011557496891115,27.75634,6.3823276,2026
4238,r6i1p1f1,2026,08,09,0.0,25.385283,4.8456655,2026
4239,r6i1p1f1,2026,08,10,0.0,30.271257,7.9083533,2026
4240,r6i1p1f1,2026,08,11,0.0,32.45371,10.156117,2026
4241,r6i1p1f1,2026,08,12,0.0,32.114567,9.783335,2026
4242,r6i1p1f1,2026,08,13,0.0,29.556128,8.4195795,2026
4243,r6i1p1f1,2026,08,14,0.0,29.48585,9.487797,2026
4244,r6i1p1f1,2026,08,15,0.0,29.774979,10.26147,2026
4245,r6i1p1f1,2026,08,16,0.008007679754327575,29.612242,8.983496,2026
4246,r6i1p1f1,2026,08,17,0.0,28.231924,7.3483944,2026
4247,r6i1p1f1,2026,08,18,0.0,28.177471,7.8747225,2026
4248,r6i1p1f1,2026,08,19,0.0013173297610092074,29.10946,8.115798,2026
4249,r6i1p1f1,2026,08,20,0.00011810046899852202,28.973362,8.579407,2026
4250,r6i1p1f1,2026,08,21,0.0,29.609627,9.0184145,2026
4251,r6i1p1f1,2026,08,22,0.0,31.615805,9.4628935,2026
4252,r6i1p1f1,2026,08,23,0.0,31.601479,10.899146,2026
4253,r6i1p1f1,2026,08,24,0.0,30.560942,10.030985,2026
4254,r6i1p1f1,2026,08,25,0.0,31.208073,10.243227,2026
4255,r6i1p1f1,2026,08,26,0.0,31.186056,10.477792,2026
4256,r6i1p1f1,2026,08,27,0.0,31.82674,9.691806,2026
4257,r6i1p1f1,2026,08,28,0.0,32.377895,11.543479,2026
4258,r6i1p1f1,2026,08,29,0.0,32.17618,11.645009,2026
4259,r6i1p1f1,2026,08,30,0.0,33.70342,12.670058,2026
4260,r6i1p1f1,2026,08,31,0.0,33.74948,11.426037,2026
4261,r6i1p1f1,2026,09,01,0.001335577299800788,33.07367,12.119848,2026
4262,r6i1p1f1,2026,09,02,0.008522246304796416,28.956787,8.763811,2026
4263,r6i1p1f1,2026,09,03,0.13162903832113965,24.409464,5.8325467,2026
4264,r6i1p1f1,2026,09,04,0.0,26.367601,7.4354873,2026
4265,r6i1p1f1,2026,09,05,0.0,29.687227,7.804785,2026
4266,r6i1p1f1,2026,09,06,0.10196537177990833,30.219477,12.762878,2026
4267,r6i1p1f1,2026,09,07,1.1094785695009526,29.399933,10.210083,2026
4268,r6i1p1f1,2026,09,08,0.10432557125596759,28.910755,9.91771,2026
4269,r6i1p1f1,2026,09,09,0.0,30.18892,11.419711,2026
4270,r6i1p1f1,2026,09,10,0.0,30.868376,11.654954,2026
4271,r6i1p1f1,2026,09,11,0.011124367706253895,30.307848,10.040879,2026
4272,r6i1p1f1,2026,09,12,0.09657359258034692,25.520256,5.741671,2026
4273,r6i1p1f1,2026,09,13,0.051248627980768256,21.157904,3.371454,2026
4274,r6i1p1f1,2026,09,14,0.0,21.887695,3.4613826,2026
4275,r6i1p1f1,2026,09,15,0.0,26.947287,5.840389,2026
4276,r6i1p1f1,2026,09,16,0.0,28.179317,6.451289,2026
4277,r6i1p1f1,2026,09,17,0.0,28.413397,7.3991485,2026
4278,r6i1p1f1,2026,09,18,0.0,27.513905,5.7120047,2026
4279,r6i1p1f1,2026,09,19,0.045787472424052185,21.522934,5.782745,2026
4280,r6i1p1f1,2026,09,20,0.0,16.463207,2.358843,2026
4281,r6i1p1f1,2026,09,21,3.934087560455732,14.806957,0.8913403,2026
4282,r6i1p1f1,2026,09,22,2.1546141738058853,14.930842,-1.5991313,2026
4283,r6i1p1f1,2026,09,23,0.3738450453254759,18.410042,1.2719481,2026
4284,r6i1p1f1,2026,09,24,0.08364714212190451,21.471806,3.6774955,2026
4285,r6i1p1f1,2026,09,25,0.0,19.92343,2.797967,2026
4286,r6i1p1f1,2026,09,26,2.20221593916141,14.770113,2.277982,2026
4287,r6i1p1f1,2026,09,27,0.0,18.493841,2.511032,2026
4288,r6i1p1f1,2026,09,28,0.0,21.339838,2.664606,2026
4289,r6i1p1f1,2026,09,29,0.0,25.456638,4.1140785,2026
4290,r6i1p1f1,2026,09,30,0.0,25.343868,5.52181,2026
4291,r6i1p1f1,2026,10,01,0.0,25.091251,4.863893,2026
4292,r6i1p1f1,2026,10,02,0.0,24.392279,3.8101652,2026
4293,r6i1p1f1,2026,10,03,0.0,24.715046,3.7620587,2026
4294,r6i1p1f1,2026,10,04,0.0,24.320187,5.3715167,2026
4295,r6i1p1f1,2026,10,05,3.2657398472941543,15.703066,2.3897634,2026
4296,r6i1p1f1,2026,10,06,0.0,20.040245,2.7889044,2026
4297,r6i1p1f1,2026,10,07,0.0,19.664255,1.9256063,2026
4298,r6i1p1f1,2026,10,08,6.41818545179713,12.40276,-1.8189161,2026
4299,r6i1p1f1,2026,10,09,5.530601736274877,7.8071294,-4.1922083,2026
4300,r6i1p1f1,2026,10,10,1.8827265872978158,8.559669,-3.956561,2026
4301,r6i1p1f1,2026,10,11,0.0,11.351561,0.40493378,2026
4302,r6i1p1f1,2026,10,12,0.04577474396257763,12.91531,-3.0280116,2026
4303,r6i1p1f1,2026,10,13,0.0010310267202390253,11.918149,-0.84477407,2026
4304,r6i1p1f1,2026,10,14,0.02630576912047021,16.360855,2.3448336,2026
4305,r6i1p1f1,2026,10,15,0.0,22.965548,2.1542993,2026
4306,r6i1p1f1,2026,10,16,0.0,25.156906,4.591267,2026
4307,r6i1p1f1,2026,10,17,0.0,24.735624,4.68723,2026
4308,r6i1p1f1,2026,10,18,0.0,22.096443,4.1887383,2026
4309,r6i1p1f1,2026,10,19,0.0,19.7697,1.369878,2026
4310,r6i1p1f1,2026,10,20,0.0,22.315353,1.8983192,2026
4311,r6i1p1f1,2026,10,21,0.0,23.194548,3.7642095,2026
4312,r6i1p1f1,2026,10,22,2.321068366866314,19.739244,3.8388085,2026
4313,r6i1p1f1,2026,10,23,0.0014757081060997443,15.507085,2.3146822,2026
4314,r6i1p1f1,2026,10,24,0.0,19.449453,1.041643,2026
4315,r6i1p1f1,2026,10,25,0.004974576150067648,18.867796,3.7768767,2026
4316,r6i1p1f1,2026,10,26,0.0,17.186302,0.7268374,2026
4317,r6i1p1f1,2026,10,27,0.0,19.987122,1.1328174,2026
4318,r6i1p1f1,2026,10,28,0.0,21.282267,1.9231755,2026
4319,r6i1p1f1,2026,10,29,0.0,21.6046,2.9820304,2026
4320,r6i1p1f1,2026,10,30,0.0,20.60912,3.4283638,2026
4321,r6i1p1f1,2026,10,31,0.0,18.317022,1.2289747,2026
4322,r6i1p1f1,2026,11,01,0.5844244989003795,14.063235,0.14676744,2026
4323,r6i1p1f1,2026,11,02,0.0189095555793719,11.529162,0.8748626,2026
4324,r6i1p1f1,2026,11,03,0.0,13.513869,-2.7638752,2026
4325,r6i1p1f1,2026,11,04,0.0,15.969673,-3.28952,2026
4326,r6i1p1f1,2026,11,05,0.6498217804146854,12.981109,3.0645273,2026
4327,r6i1p1f1,2026,11,06,0.9174808904350028,6.2393208,-3.4004593,2026
4328,r6i1p1f1,2026,11,07,10.75474933911353,9.088477,-4.256108,2026
4329,r6i1p1f1,2026,11,08,28.750093264534758,9.122256,2.0289025,2026
4330,r6i1p1f1,2026,11,09,31.8585315982488,10.355818,2.9595392,2026
4331,r6i1p1f1,2026,11,10,4.033784911954895,11.355437,0.9875772,2026
4332,r6i1p1f1,2026,11,11,10.2982687790931,10.856711,4.111922,2026
4333,r6i1p1f1,2026,11,12,31.027824296980242,11.918216,5.178224,2026
4334,r6i1p1f1,2026,11,13,5.805425674435987,10.6431055,-1.8749849,2026
4335,r6i1p1f1,2026,11,14,16.55911351968798,10.331345,1.9341668,2026
4336,r6i1p1f1,2026,11,15,5.786978405761811,9.551322,1.7808168,2026
4337,r6i1p1f1,2026,11,16,0.5523926379849091,9.335373,-5.2103353,2026
4338,r6i1p1f1,2026,11,17,0.0,6.979261,-5.483626,2026
4339,r6i1p1f1,2026,11,18,0.0,9.03106,-4.970514,2026
4340,r6i1p1f1,2026,11,19,0.0,12.859672,-1.8832906,2026
4341,r6i1p1f1,2026,11,20,0.534178465483918,9.523088,0.23950574,2026
4342,r6i1p1f1,2026,11,21,2.6218353068886064,5.777765,-5.0154924,2026
4343,r6i1p1f1,2026,11,22,0.0,6.095242,-8.045013,2026
4344,r6i1p1f1,2026,11,23,0.0,11.300309,-6.443113,2026
4345,r6i1p1f1,2026,11,24,0.0,12.586309,-4.891052,2026
4346,r6i1p1f1,2026,11,25,0.0,10.78447,-3.561171,2026
4347,r6i1p1f1,2026,11,26,0.0,8.532757,-3.1677623,2026
4348,r6i1p1f1,2026,11,27,9.04694135777299,5.8679743,-4.1583176,2026
4349,r6i1p1f1,2026,11,28,3.5718002540486626,9.991317,0.28089163,2026
4350,r6i1p1f1,2026,11,29,0.0,13.05196,-2.0631454,2026
4351,r6i1p1f1,2026,11,30,0.01533543495490433,9.997056,-2.0971835,2026
4352,r6i1p1f1,2026,12,01,7.683967155813522,6.9155326,-1.1431066,2026
4353,r6i1p1f1,2026,12,02,18.019161670708797,6.5216765,-1.7292085,2026
4354,r6i1p1f1,2026,12,03,14.400640140650529,7.9532056,0.7205716,2026
4355,r6i1p1f1,2026,12,04,23.985413307513078,6.512159,-0.7588178,2026
4356,r6i1p1f1,2026,12,05,25.317898777220027,6.747524,0.29799184,2026
4357,r6i1p1f1,2026,12,06,10.431530487387562,8.388877,0.79060626,2026
4358,r6i1p1f1,2026,12,07,0.0,11.6340685,-0.30349407,2026
4359,r6i1p1f1,2026,12,08,1.2585097939076202,10.850512,-0.91386807,2026
4360,r6i1p1f1,2026,12,09,15.127981509663039,11.068403,4.4550304,2026
4361,r6i1p1f1,2026,12,10,29.150307425263886,11.6016445,6.069595,2026
4362,r6i1p1f1,2026,12,11,8.192800421010372,10.660034,-3.864506,2026
4363,r6i1p1f1,2026,12,12,0.0,7.627876,-6.9765463,2026
4364,r6i1p1f1,2026,12,13,0.0,8.851522,-3.1659448,2026
4365,r6i1p1f1,2026,12,14,0.0,9.538828,-2.3338873,2026
4366,r6i1p1f1,2026,12,15,0.0,10.373447,-3.9106364,2026
4367,r6i1p1f1,2026,12,16,9.234052255980577,6.368348,-2.484111,2026
4368,r6i1p1f1,2026,12,17,48.57471836600174,6.9600883,-1.3168226,2026
4369,r6i1p1f1,2026,12,18,0.6114171235203821,4.398143,-7.6054397,2026
4370,r6i1p1f1,2026,12,19,0.0,2.0775855,-11.815943,2026
4371,r6i1p1f1,2026,12,20,0.0,3.0264058,-11.884942,2026
4372,r6i1p1f1,2026,12,21,0.21943726461966032,-0.02507165,-5.7344017,2026
4373,r6i1p1f1,2026,12,22,18.238543885945305,4.0943756,-6.2703385,2026
4374,r6i1p1f1,2026,12,23,5.332463457567668,4.835354,-6.633951,2026
4375,r6i1p1f1,2026,12,24,11.69303570900627,-1.4336689,-9.973608,2026
4376,r6i1p1f1,2026,12,25,1.585485847602955,0.6710549,-13.057892,2026
4377,r6i1p1f1,2026,12,26,7.98019964034812,0.23428349,-7.699325,2026
4378,r6i1p1f1,2026,12,27,47.68019769218676,4.230449,-3.4621835,2026
4379,r6i1p1f1,2026,12,28,21.1952091876436,6.943177,-2.8328526,2026
4380,r6i1p1f1,2026,12,29,33.304485966402495,3.9045088,-1.7238768,2026
4381,r6i1p1f1,2026,12,30,21.18789197657783,5.2509594,-3.7423415,2026
4382,r6i1p1f1,2026,12,31,6.8248928259247705,-1.1178639,-10.223264,2026
4383,r6i1p1f1,2027,01,01,9.66201437775216,-0.9846027,-12.321503,2027
4384,r6i1p1f1,2027,01,02,0.5291287746377543,3.0506113,-6.2024245,2027
4385,r6i1p1f1,2027,01,03,0.031338219443222855,4.9400105,-2.2037327,2027
4386,r6i1p1f1,2027,01,04,0.056869199731867416,5.1518373,-5.316684,2027
4387,r6i1p1f1,2027,01,05,7.07325468235002,1.3421189,-4.3710437,2027
4388,r6i1p1f1,2027,01,06,7.951960211829513,1.9187593,-3.2391915,2027
4389,r6i1p1f1,2027,01,07,0.0,4.856778,-2.8322077,2027
4390,r6i1p1f1,2027,01,08,0.0,3.8745348,-10.320239,2027
4391,r6i1p1f1,2027,01,09,0.0017771602732145324,4.0277324,-9.871278,2027
4392,r6i1p1f1,2027,01,10,0.0,3.5389602,-9.495368,2027
4393,r6i1p1f1,2027,01,11,0.0,2.1650345,-11.034674,2027
4394,r6i1p1f1,2027,01,12,0.0,5.2876587,-9.46575,2027
4395,r6i1p1f1,2027,01,13,0.0,5.165168,-9.107717,2027
4396,r6i1p1f1,2027,01,14,0.0,0.19344744,-9.171004,2027
4397,r6i1p1f1,2027,01,15,0.0,-0.10199549,-8.365278,2027
4398,r6i1p1f1,2027,01,16,0.0,1.4095758,-11.574504,2027
4399,r6i1p1f1,2027,01,17,0.005587898997128515,3.4144566,-10.879254,2027
4400,r6i1p1f1,2027,01,18,0.0630978313633074,2.482214,-6.292218,2027
4401,r6i1p1f1,2027,01,19,0.0,0.7842443,-13.069831,2027
4402,r6i1p1f1,2027,01,20,1.145849369724051,-2.5755522,-11.933147,2027
4403,r6i1p1f1,2027,01,21,8.026741967729906,1.0009346,-10.2154,2027
4404,r6i1p1f1,2027,01,22,5.292138516307812,1.7447777,-5.5314746,2027
4405,r6i1p1f1,2027,01,23,0.45089486089390957,3.5853097,-3.3263323,2027
4406,r6i1p1f1,2027,01,24,0.30008832138341357,2.9795742,-2.271691,2027
4407,r6i1p1f1,2027,01,25,0.6981079793092977,4.4954686,-1.1151814,2027
4408,r6i1p1f1,2027,01,26,0.032620250804778234,5.248578,-0.94118017,2027
4409,r6i1p1f1,2027,01,27,0.05150485260008657,5.266101,-1.9642338,2027
4410,r6i1p1f1,2027,01,28,0.0,5.280249,-5.6024055,2027
4411,r6i1p1f1,2027,01,29,0.0,9.222794,-3.3531897,2027
4412,r6i1p1f1,2027,01,30,0.0,12.030569,-0.5727873,2027
4413,r6i1p1f1,2027,01,31,0.0,14.636355,0.7729484,2027
4414,r6i1p1f1,2027,02,01,0.0,14.761823,2.845723,2027
4415,r6i1p1f1,2027,02,02,0.43984995750099015,13.151251,2.9007816,2027
4416,r6i1p1f1,2027,02,03,24.126141718354198,11.013812,-1.8155723,2027
4417,r6i1p1f1,2027,02,04,0.01045792377085979,6.1971655,-6.1814957,2027
4418,r6i1p1f1,2027,02,05,0.0,5.204555,-8.351225,2027
4419,r6i1p1f1,2027,02,06,0.0,6.337824,-9.015185,2027
4420,r6i1p1f1,2027,02,07,0.08953717761052349,6.3892775,-6.2932873,2027
4421,r6i1p1f1,2027,02,08,1.2827882331451932,6.720486,-3.444813,2027
4422,r6i1p1f1,2027,02,09,0.009331485054225853,5.6883006,-5.672182,2027
4423,r6i1p1f1,2027,02,10,4.536169486432521,1.2392535,-7.4218717,2027
4424,r6i1p1f1,2027,02,11,0.0,4.223221,-9.819641,2027
4425,r6i1p1f1,2027,02,12,0.03653142670332367,3.4555337,-3.468654,2027
4426,r6i1p1f1,2027,02,13,0.11587567871683976,3.5733092,-10.409529,2027
4427,r6i1p1f1,2027,02,14,0.014181605744362773,0.16016333,-13.699918,2027
4428,r6i1p1f1,2027,02,15,0.0012714091897705687,-0.79846394,-12.56317,2027
4429,r6i1p1f1,2027,02,16,0.00014608687520950393,-0.4894122,-13.4812975,2027
4430,r6i1p1f1,2027,02,17,0.0,-0.6963888,-14.5247135,2027
4431,r6i1p1f1,2027,02,18,0.0008891897117473904,5.0843706,-11.053106,2027
4432,r6i1p1f1,2027,02,19,0.050037378610588636,5.5382614,-8.58997,2027
4433,r6i1p1f1,2027,02,20,3.6208696248115375,-0.24191843,-10.01694,2027
4434,r6i1p1f1,2027,02,21,0.009597036978521075,0.6613937,-12.553808,2027
4435,r6i1p1f1,2027,02,22,0.030717313990815596,0.48777515,-11.19729,2027
4436,r6i1p1f1,2027,02,23,0.15509738135274762,0.9501563,-13.147154,2027
4437,r6i1p1f1,2027,02,24,2.9457164846762955,1.3377383,-10.413357,2027
4438,r6i1p1f1,2027,02,25,16.121011101574478,3.1812155,-6.8679414,2027
4439,r6i1p1f1,2027,02,26,31.229844626979517,3.5008664,-3.1738746,2027
4440,r6i1p1f1,2027,02,27,20.72966267146821,5.3460927,-1.5723851,2027
4441,r6i1p1f1,2027,02,28,9.373978395743647,1.4512159,-4.9716415,2027
4442,r6i1p1f1,2027,03,01,0.0,4.5666924,-8.954902,2027
4443,r6i1p1f1,2027,03,02,0.010080729875314626,4.878968,-4.3312416,2027
4444,r6i1p1f1,2027,03,03,0.0,11.277488,-2.6878216,2027
4445,r6i1p1f1,2027,03,04,0.0,12.270074,-2.7896953,2027
4446,r6i1p1f1,2027,03,05,0.0,12.317116,-1.7186073,2027
4447,r6i1p1f1,2027,03,06,0.0,14.8215885,-2.378546,2027
4448,r6i1p1f1,2027,03,07,0.0,14.280123,-2.7784991,2027
4449,r6i1p1f1,2027,03,08,0.0,14.3653345,-3.1022928,2027
4450,r6i1p1f1,2027,03,09,0.0,15.957246,-2.115233,2027
4451,r6i1p1f1,2027,03,10,0.0,17.738321,-0.11022731,2027
4452,r6i1p1f1,2027,03,11,0.0,16.927916,-1.2280537,2027
4453,r6i1p1f1,2027,03,12,0.0,17.703304,-0.5547311,2027
4454,r6i1p1f1,2027,03,13,0.0,18.263597,1.6348525,2027
4455,r6i1p1f1,2027,03,14,0.0,18.83815,0.96313035,2027
4456,r6i1p1f1,2027,03,15,0.0,17.893118,-1.1618248,2027
4457,r6i1p1f1,2027,03,16,0.0,17.57596,-1.2331553,2027
4458,r6i1p1f1,2027,03,17,2.538044870681637,11.472947,1.6470929,2027
4459,r6i1p1f1,2027,03,18,19.932222498172116,8.398096,1.9794233,2027
4460,r6i1p1f1,2027,03,19,16.726252250668914,8.394082,-0.2052925,2027
4461,r6i1p1f1,2027,03,20,4.736464579211688,6.6374526,-5.01809,2027
4462,r6i1p1f1,2027,03,21,0.0,14.270948,-4.4750967,2027
4463,r6i1p1f1,2027,03,22,0.0,16.887955,-0.717343,2027
4464,r6i1p1f1,2027,03,23,0.0,16.520922,-0.69944024,2027
4465,r6i1p1f1,2027,03,24,0.0,15.942282,0.5325181,2027
4466,r6i1p1f1,2027,03,25,0.0,17.72734,0.3945379,2027
4467,r6i1p1f1,2027,03,26,0.0,17.843302,-0.12660353,2027
4468,r6i1p1f1,2027,03,27,0.0,17.807455,-2.0714045,2027
4469,r6i1p1f1,2027,03,28,0.0035488709513962127,13.485202,-1.3259296,2027
4470,r6i1p1f1,2027,03,29,0.07980441101916637,11.089796,-1.8825268,2027
4471,r6i1p1f1,2027,03,30,0.0,15.243534,-2.265689,2027
4472,r6i1p1f1,2027,03,31,0.0,19.18046,0.20322123,2027
4473,r6i1p1f1,2027,04,01,0.0,20.60983,1.0051137,2027
4474,r6i1p1f1,2027,04,02,0.0,19.346796,1.7310699,2027
4475,r6i1p1f1,2027,04,03,0.1142221704631307,12.949538,-0.38007927,2027
4476,r6i1p1f1,2027,04,04,0.0,17.673933,1.1195512,2027
4477,r6i1p1f1,2027,04,05,0.0,21.980234,0.8331379,2027
4478,r6i1p1f1,2027,04,06,0.0,22.297611,3.6953435,2027
4479,r6i1p1f1,2027,04,07,0.33436493270804063,14.81593,-4.307638,2027
4480,r6i1p1f1,2027,04,08,0.555381391401551,6.8020372,-3.173966,2027
4481,r6i1p1f1,2027,04,09,0.020672923280560834,8.704351,-3.210751,2027
4482,r6i1p1f1,2027,04,10,0.658441030309706,7.8588934,-5.69168,2027
4483,r6i1p1f1,2027,04,11,7.497095684671747,0.1315703,-6.8218427,2027
4484,r6i1p1f1,2027,04,12,4.063410533989856,1.7898355,-7.3607802,2027
4485,r6i1p1f1,2027,04,13,4.244944133561435,4.411316,-5.820712,2027
4486,r6i1p1f1,2027,04,14,3.6384009828574944,5.4603305,-3.7012813,2027
4487,r6i1p1f1,2027,04,15,9.424821199271749,6.137936,-4.601184,2027
4488,r6i1p1f1,2027,04,16,0.0042705936376045235,10.257867,-1.3418691,2027
4489,r6i1p1f1,2027,04,17,0.0,16.654335,-3.8509827,2027
4490,r6i1p1f1,2027,04,18,0.0,17.278177,-1.838835,2027
4491,r6i1p1f1,2027,04,19,0.0,17.98539,0.41370562,2027
4492,r6i1p1f1,2027,04,20,0.5698605662180105,16.774473,-2.0571072,2027
4493,r6i1p1f1,2027,04,21,0.16723180241395424,14.259721,-2.6959476,2027
4494,r6i1p1f1,2027,04,22,25.130111966998914,7.2986946,-2.5750513,2027
4495,r6i1p1f1,2027,04,23,2.164652740731314,5.3351393,-4.58609,2027
4496,r6i1p1f1,2027,04,24,0.0,10.676985,-4.9238834,2027
4497,r6i1p1f1,2027,04,25,0.008451497589843647,18.142738,0.5328392,2027
4498,r6i1p1f1,2027,04,26,0.0,19.001919,2.9742546,2027
4499,r6i1p1f1,2027,04,27,0.051703539561995596,17.488276,2.3248806,2027
4500,r6i1p1f1,2027,04,28,0.00772802243810615,21.38996,1.6118853,2027
4501,r6i1p1f1,2027,04,29,0.014664644368459162,21.135485,2.7111468,2027
4502,r6i1p1f1,2027,04,30,2.9708174089672856,10.443319,-2.7049513,2027
4503,r6i1p1f1,2027,05,01,0.14817369719695342,11.88351,0.076400615,2027
4504,r6i1p1f1,2027,05,02,7.804015633732458,8.3237915,-4.103751,2027
4505,r6i1p1f1,2027,05,03,1.1433952720368177,9.412141,-5.801676,2027
4506,r6i1p1f1,2027,05,04,0.0,16.801588,-3.5859144,2027
4507,r6i1p1f1,2027,05,05,0.00031881020535917887,17.983477,-0.9161126,2027
4508,r6i1p1f1,2027,05,06,3.0265291192212054,12.16701,-2.998205,2027
4509,r6i1p1f1,2027,05,07,14.764835924292301,10.823857,-0.11064705,2027
4510,r6i1p1f1,2027,05,08,8.133458277990346,11.174956,-1.0729799,2027
4511,r6i1p1f1,2027,05,09,0.0,14.576741,-2.352847,2027
4512,r6i1p1f1,2027,05,10,0.0,17.154034,1.3583802,2027
4513,r6i1p1f1,2027,05,11,0.0,21.497395,1.683334,2027
4514,r6i1p1f1,2027,05,12,0.0,20.076815,1.1486447,2027
4515,r6i1p1f1,2027,05,13,0.055537884444403274,13.889793,0.8066109,2027
4516,r6i1p1f1,2027,05,14,2.729458926004355,10.945066,-4.2945056,2027
4517,r6i1p1f1,2027,05,15,16.274213439412303,9.981166,-7.1089735,2027
4518,r6i1p1f1,2027,05,16,0.0005318314727401497,12.055792,-2.3842888,2027
4519,r6i1p1f1,2027,05,17,0.008168215046601668,13.648534,-2.4264865,2027
4520,r6i1p1f1,2027,05,18,2.4294616004564396,10.911361,-0.6457748,2027
4521,r6i1p1f1,2027,05,19,0.00995742822554259,16.128286,-3.2105174,2027
4522,r6i1p1f1,2027,05,20,0.0,22.276749,1.0981634,2027
4523,r6i1p1f1,2027,05,21,0.0,26.652838,5.464465,2027
4524,r6i1p1f1,2027,05,22,0.0,25.24985,3.9872081,2027
4525,r6i1p1f1,2027,05,23,0.3449335173928472,17.183086,-0.3362349,2027
4526,r6i1p1f1,2027,05,24,21.71306622817851,13.392896,2.4139583,2027
4527,r6i1p1f1,2027,05,25,0.0006450422578936772,21.328728,4.366435,2027
4528,r6i1p1f1,2027,05,26,0.009153689207588305,23.032713,8.83277,2027
4529,r6i1p1f1,2027,05,27,0.0,26.673117,6.9795866,2027
4530,r6i1p1f1,2027,05,28,0.0,27.170267,8.968664,2027
4531,r6i1p1f1,2027,05,29,0.0,25.7946,8.055136,2027
4532,r6i1p1f1,2027,05,30,0.0,26.784393,7.010418,2027
4533,r6i1p1f1,2027,05,31,0.0,29.791735,9.117117,2027
4534,r6i1p1f1,2027,06,01,0.0,33.017193,12.335985,2027
4535,r6i1p1f1,2027,06,02,0.9326984716132043,31.793402,11.645116,2027
4536,r6i1p1f1,2027,06,03,0.0,31.040737,10.808333,2027
4537,r6i1p1f1,2027,06,04,0.0,32.094543,12.7129755,2027
4538,r6i1p1f1,2027,06,05,0.0,32.92914,13.086052,2027
4539,r6i1p1f1,2027,06,06,0.0,32.265003,13.025214,2027
4540,r6i1p1f1,2027,06,07,0.0,28.707304,10.890523,2027
4541,r6i1p1f1,2027,06,08,0.0,25.229158,7.1347127,2027
4542,r6i1p1f1,2027,06,09,0.0,23.874836,6.4775796,2027
4543,r6i1p1f1,2027,06,10,0.0,27.099735,8.5761595,2027
4544,r6i1p1f1,2027,06,11,0.0,28.764967,9.884324,2027
4545,r6i1p1f1,2027,06,12,0.0,28.70632,8.85937,2027
4546,r6i1p1f1,2027,06,13,0.0,27.002249,8.720766,2027
4547,r6i1p1f1,2027,06,14,0.0,27.95346,8.873831,2027
4548,r6i1p1f1,2027,06,15,0.0,30.595987,11.005061,2027
4549,r6i1p1f1,2027,06,16,0.0,31.664885,11.599654,2027
4550,r6i1p1f1,2027,06,17,0.0,31.959265,12.069449,2027
4551,r6i1p1f1,2027,06,18,0.0,32.53755,12.607906,2027
4552,r6i1p1f1,2027,06,19,0.0,35.359627,13.899714,2027
4553,r6i1p1f1,2027,06,20,0.2724494473971705,34.95146,14.022373,2027
4554,r6i1p1f1,2027,06,21,0.00043171880426276564,34.088852,14.837215,2027
4555,r6i1p1f1,2027,06,22,0.5106362303661712,32.017803,12.037809,2027
4556,r6i1p1f1,2027,06,23,1.512639259769245,30.132103,9.6749735,2027
4557,r6i1p1f1,2027,06,24,0.0,32.594593,12.037342,2027
4558,r6i1p1f1,2027,06,25,0.009920744288443696,31.219093,11.695201,2027
4559,r6i1p1f1,2027,06,26,0.0,32.353832,12.825753,2027
4560,r6i1p1f1,2027,06,27,0.0,34.663265,14.136328,2027
4561,r6i1p1f1,2027,06,28,0.0,34.651413,15.139143,2027
4562,r6i1p1f1,2027,06,29,0.0,32.849434,12.566178,2027
4563,r6i1p1f1,2027,06,30,0.0,31.621555,11.323225,2027
4564,r6i1p1f1,2027,07,01,0.0,30.457996,9.021025,2027
4565,r6i1p1f1,2027,07,02,0.0,29.901957,8.628733,2027
4566,r6i1p1f1,2027,07,03,0.0,31.177158,9.182428,2027
4567,r6i1p1f1,2027,07,04,0.12005947505618476,31.184847,9.662453,2027
4568,r6i1p1f1,2027,07,05,0.1326665015053421,29.38553,7.632431,2027
4569,r6i1p1f1,2027,07,06,0.14088560854780294,25.871292,7.24746,2027
4570,r6i1p1f1,2027,07,07,0.0167225517246549,25.280888,6.686644,2027
4571,r6i1p1f1,2027,07,08,0.004934440326791322,28.197367,7.583052,2027
4572,r6i1p1f1,2027,07,09,0.06221307341119058,29.202402,9.566866,2027
4573,r6i1p1f1,2027,07,10,0.3537792532867844,29.173325,10.16454,2027
4574,r6i1p1f1,2027,07,11,0.0,28.667557,7.5742188,2027
4575,r6i1p1f1,2027,07,12,0.0,27.487707,7.377215,2027
4576,r6i1p1f1,2027,07,13,0.0,28.082195,7.9149632,2027
4577,r6i1p1f1,2027,07,14,0.0,30.70218,9.132675,2027
4578,r6i1p1f1,2027,07,15,0.0,30.35951,10.250357,2027
4579,r6i1p1f1,2027,07,16,0.0,30.242075,10.077046,2027
4580,r6i1p1f1,2027,07,17,0.0,29.479351,10.128139,2027
4581,r6i1p1f1,2027,07,18,0.0,28.550808,8.643416,2027
4582,r6i1p1f1,2027,07,19,0.0,29.542643,7.802382,2027
4583,r6i1p1f1,2027,07,20,0.0,32.20215,9.944024,2027
4584,r6i1p1f1,2027,07,21,0.0,35.67012,13.380761,2027
4585,r6i1p1f1,2027,07,22,0.0,35.807957,13.933593,2027
4586,r6i1p1f1,2027,07,23,0.0,35.51752,13.627653,2027
4587,r6i1p1f1,2027,07,24,0.0,34.9278,12.736937,2027
4588,r6i1p1f1,2027,07,25,0.0,35.119335,12.635122,2027
4589,r6i1p1f1,2027,07,26,0.0,35.233437,12.830134,2027
4590,r6i1p1f1,2027,07,27,0.0,35.08932,12.154113,2027
4591,r6i1p1f1,2027,07,28,0.0,33.56094,11.163003,2027
4592,r6i1p1f1,2027,07,29,0.0,32.886227,10.540585,2027
4593,r6i1p1f1,2027,07,30,0.0,31.519222,10.643557,2027
4594,r6i1p1f1,2027,07,31,0.0,31.087334,10.221424,2027
4595,r6i1p1f1,2027,08,01,0.0,31.341934,10.604505,2027
4596,r6i1p1f1,2027,08,02,0.0,28.897057,9.4978285,2027
4597,r6i1p1f1,2027,08,03,0.0,30.889614,8.839935,2027
4598,r6i1p1f1,2027,08,04,0.0,31.913664,9.603406,2027
4599,r6i1p1f1,2027,08,05,0.0,31.941633,10.847007,2027
4600,r6i1p1f1,2027,08,06,0.0,33.512257,12.165539,2027
4601,r6i1p1f1,2027,08,07,0.0,34.09267,11.157791,2027
4602,r6i1p1f1,2027,08,08,0.0,35.210953,12.118002,2027
4603,r6i1p1f1,2027,08,09,0.0,36.886284,14.136593,2027
4604,r6i1p1f1,2027,08,10,0.0,36.704845,14.925402,2027
4605,r6i1p1f1,2027,08,11,0.0,36.059048,13.602827,2027
4606,r6i1p1f1,2027,08,12,0.0,35.661034,13.252196,2027
4607,r6i1p1f1,2027,08,13,0.0,36.022038,13.041195,2027
4608,r6i1p1f1,2027,08,14,0.0,35.693188,14.379819,2027
4609,r6i1p1f1,2027,08,15,0.0,33.508114,12.452871,2027
4610,r6i1p1f1,2027,08,16,0.0,31.619776,10.656615,2027
4611,r6i1p1f1,2027,08,17,0.0,30.31668,9.60487,2027
4612,r6i1p1f1,2027,08,18,0.0,31.747152,10.2141905,2027
4613,r6i1p1f1,2027,08,19,0.0,32.99594,11.348897,2027
4614,r6i1p1f1,2027,08,20,0.0,32.63367,10.767813,2027
4615,r6i1p1f1,2027,08,21,0.0,30.516653,8.454792,2027
4616,r6i1p1f1,2027,08,22,0.009740159574641364,25.51603,6.0339975,2027
4617,r6i1p1f1,2027,08,23,0.3408086904856436,24.04021,4.743093,2027
4618,r6i1p1f1,2027,08,24,0.7703450639081554,22.738863,3.0274708,2027
4619,r6i1p1f1,2027,08,25,0.30685224000275707,29.369864,9.320964,2027
4620,r6i1p1f1,2027,08,26,0.045416104929090616,30.126036,9.8072405,2027
4621,r6i1p1f1,2027,08,27,0.0,33.25933,11.272114,2027
4622,r6i1p1f1,2027,08,28,0.0,34.45647,13.06321,2027
4623,r6i1p1f1,2027,08,29,0.0,34.578667,11.937452,2027
4624,r6i1p1f1,2027,08,30,0.0,33.58782,12.688077,2027
4625,r6i1p1f1,2027,08,31,0.000413687996648925,33.033886,11.496266,2027
4626,r6i1p1f1,2027,09,01,0.0,33.426994,11.714042,2027
4627,r6i1p1f1,2027,09,02,0.0,33.26308,11.578689,2027
4628,r6i1p1f1,2027,09,03,0.0,28.016167,7.686735,2027
4629,r6i1p1f1,2027,09,04,0.0,26.849138,6.312943,2027
4630,r6i1p1f1,2027,09,05,0.0,28.729115,7.540522,2027
4631,r6i1p1f1,2027,09,06,0.0,31.61358,9.595149,2027
4632,r6i1p1f1,2027,09,07,0.0,33.68013,12.286742,2027
4633,r6i1p1f1,2027,09,08,0.013584939157913818,34.167213,13.351615,2027
4634,r6i1p1f1,2027,09,09,0.0,33.202614,13.463789,2027
4635,r6i1p1f1,2027,09,10,0.0,28.171347,11.530182,2027
4636,r6i1p1f1,2027,09,11,0.3425656988529295,27.552618,9.000364,2027
4637,r6i1p1f1,2027,09,12,0.43379613032732667,27.705853,7.110918,2027
4638,r6i1p1f1,2027,09,13,0.0,28.441053,7.3951693,2027
4639,r6i1p1f1,2027,09,14,0.012940323527019824,28.046535,7.0940247,2027
4640,r6i1p1f1,2027,09,15,0.23030371724750862,25.818184,7.054306,2027
4641,r6i1p1f1,2027,09,16,0.0,27.172522,5.7482347,2027
4642,r6i1p1f1,2027,09,17,0.0,30.91278,8.744635,2027
4643,r6i1p1f1,2027,09,18,0.0,31.720688,10.489435,2027
4644,r6i1p1f1,2027,09,19,0.010559087162670634,31.9443,9.348687,2027
4645,r6i1p1f1,2027,09,20,0.004718707866981906,28.203232,7.0699425,2027
4646,r6i1p1f1,2027,09,21,0.0,23.86395,4.7770348,2027
4647,r6i1p1f1,2027,09,22,0.0,22.423721,3.566222,2027
4648,r6i1p1f1,2027,09,23,0.006012611719194793,21.40139,5.2850666,2027
4649,r6i1p1f1,2027,09,24,0.0,31.09962,9.531329,2027
4650,r6i1p1f1,2027,09,25,0.0,33.0171,10.4433155,2027
4651,r6i1p1f1,2027,09,26,0.021386922119714952,30.571491,8.946686,2027
4652,r6i1p1f1,2027,09,27,0.0,26.812637,7.7359734,2027
4653,r6i1p1f1,2027,09,28,0.0,25.393576,6.1408076,2027
4654,r6i1p1f1,2027,09,29,0.0,26.74288,5.9765677,2027
4655,r6i1p1f1,2027,09,30,0.0,27.936348,7.029826,2027
4656,r6i1p1f1,2027,10,01,0.0,28.031595,6.691667,2027
4657,r6i1p1f1,2027,10,02,0.0,26.291725,5.5976005,2027
4658,r6i1p1f1,2027,10,03,0.0,24.442406,5.515956,2027
4659,r6i1p1f1,2027,10,04,0.0,25.68664,5.6579194,2027
4660,r6i1p1f1,2027,10,05,0.0,28.631708,6.5667152,2027
4661,r6i1p1f1,2027,10,06,0.0,29.819874,8.192002,2027
4662,r6i1p1f1,2027,10,07,0.0,29.657522,8.872637,2027
4663,r6i1p1f1,2027,10,08,0.0,29.764647,9.045246,2027
4664,r6i1p1f1,2027,10,09,0.0,29.722742,8.750015,2027
4665,r6i1p1f1,2027,10,10,0.0,28.484337,8.62876,2027
4666,r6i1p1f1,2027,10,11,11.447729211738892,20.609732,4.684135,2027
4667,r6i1p1f1,2027,10,12,8.06431015949766,12.393262,2.0633461,2027
4668,r6i1p1f1,2027,10,13,0.0024980320941230864,15.466872,-3.1710393,2027
4669,r6i1p1f1,2027,10,14,0.0,20.797823,1.4080116,2027
4670,r6i1p1f1,2027,10,15,0.0,21.978323,3.418592,2027
4671,r6i1p1f1,2027,10,16,0.0,21.877806,2.592126,2027
4672,r6i1p1f1,2027,10,17,0.0,22.132675,4.08354,2027
4673,r6i1p1f1,2027,10,18,0.0,23.851328,3.7258046,2027
4674,r6i1p1f1,2027,10,19,0.0,23.842806,5.2042418,2027
4675,r6i1p1f1,2027,10,20,0.0,24.837496,5.059188,2027
4676,r6i1p1f1,2027,10,21,0.0,23.74193,6.4651527,2027
4677,r6i1p1f1,2027,10,22,0.0,24.074194,6.2711926,2027
4678,r6i1p1f1,2027,10,23,0.0,24.18477,6.157418,2027
4679,r6i1p1f1,2027,10,24,0.0,23.862965,7.5770197,2027
4680,r6i1p1f1,2027,10,25,0.0,22.22819,3.8628387,2027
4681,r6i1p1f1,2027,10,26,0.0,21.61698,3.581775,2027
4682,r6i1p1f1,2027,10,27,0.0,20.27761,3.069239,2027
4683,r6i1p1f1,2027,10,28,0.0,20.442614,3.34049,2027
4684,r6i1p1f1,2027,10,29,0.0,20.524836,1.9438819,2027
4685,r6i1p1f1,2027,10,30,0.0,21.036541,2.8584125,2027
4686,r6i1p1f1,2027,10,31,0.0,21.211687,2.485372,2027
4687,r6i1p1f1,2027,11,01,0.0,21.487726,1.7350358,2027
4688,r6i1p1f1,2027,11,02,0.0,20.59168,3.5168896,2027
4689,r6i1p1f1,2027,11,03,0.0,16.07576,-0.0069476343,2027
4690,r6i1p1f1,2027,11,04,0.0,12.720134,-3.5098825,2027
4691,r6i1p1f1,2027,11,05,0.0,15.375781,-3.2633998,2027
4692,r6i1p1f1,2027,11,06,0.08872973524325925,14.917664,-2.4760325,2027
4693,r6i1p1f1,2027,11,07,0.0,5.5331182,-4.544925,2027
4694,r6i1p1f1,2027,11,08,0.0,6.5859423,-9.399152,2027
4695,r6i1p1f1,2027,11,09,0.0,11.257048,-7.144747,2027
4696,r6i1p1f1,2027,11,10,0.0,12.593526,-3.1502357,2027
4697,r6i1p1f1,2027,11,11,0.0,13.906527,-3.724479,2027
4698,r6i1p1f1,2027,11,12,0.0,13.489001,-5.5539374,2027
4699,r6i1p1f1,2027,11,13,0.0,13.744723,-3.7981339,2027
4700,r6i1p1f1,2027,11,14,0.3829730883502953,13.537054,-3.253373,2027
4701,r6i1p1f1,2027,11,15,12.151269004640707,4.870288,-4.2396684,2027
4702,r6i1p1f1,2027,11,16,1.5647362149383153,2.716533,-6.942931,2027
4703,r6i1p1f1,2027,11,17,1.0456558609058617,1.0926036,-7.4770403,2027
4704,r6i1p1f1,2027,11,18,0.0004337289658554778,1.9290458,-8.207936,2027
4705,r6i1p1f1,2027,11,19,0.0,7.377087,-7.652421,2027
4706,r6i1p1f1,2027,11,20,0.0,7.5081387,-4.8832974,2027
4707,r6i1p1f1,2027,11,21,0.0,8.825597,-5.5440817,2027
4708,r6i1p1f1,2027,11,22,0.05176621804220173,9.053888,-5.624563,2027
4709,r6i1p1f1,2027,11,23,0.0,8.826859,-5.0261154,2027
4710,r6i1p1f1,2027,11,24,0.0,11.762225,-5.739185,2027
4711,r6i1p1f1,2027,11,25,0.0,13.235325,-4.681895,2027
4712,r6i1p1f1,2027,11,26,0.0,14.946232,-4.591943,2027
4713,r6i1p1f1,2027,11,27,0.0,16.423513,-2.2855208,2027
4714,r6i1p1f1,2027,11,28,0.0,14.786771,-1.0369865,2027
4715,r6i1p1f1,2027,11,29,0.49649318077572274,9.405437,-1.9797989,2027
4716,r6i1p1f1,2027,11,30,0.0007894738508987712,5.1421347,-9.192444,2027
4717,r6i1p1f1,2027,12,01,0.13347191357900082,3.943054,-5.4327826,2027
4718,r6i1p1f1,2027,12,02,0.0048420439980265085,9.425673,-6.1582847,2027
4719,r6i1p1f1,2027,12,03,7.883000074997581,5.2762775,-7.595937,2027
4720,r6i1p1f1,2027,12,04,13.342197370284529,0.30632186,-6.114558,2027
4721,r6i1p1f1,2027,12,05,0.27998007508110656,1.6218289,-11.059929,2027
4722,r6i1p1f1,2027,12,06,0.0,3.3304503,-13.375034,2027
4723,r6i1p1f1,2027,12,07,0.033956664569432575,3.1257963,-12.171231,2027
4724,r6i1p1f1,2027,12,08,0.0,3.781687,-9.273625,2027
4725,r6i1p1f1,2027,12,09,0.0,5.0876703,-8.147937,2027
4726,r6i1p1f1,2027,12,10,0.0,4.723515,-7.617829,2027
4727,r6i1p1f1,2027,12,11,0.0,4.2628174,-8.410213,2027
4728,r6i1p1f1,2027,12,12,0.19320983502900357,2.4055262,-4.6240697,2027
4729,r6i1p1f1,2027,12,13,19.2192854391012,-0.09142427,-7.1450243,2027
4730,r6i1p1f1,2027,12,14,14.514880411991545,-0.64775383,-6.665353,2027
4731,r6i1p1f1,2027,12,15,4.820758087398309,0.53683496,-10.67057,2027
4732,r6i1p1f1,2027,12,16,1.2518981288107043,0.8005829,-7.2374473,2027
4733,r6i1p1f1,2027,12,17,1.7348907827060256,2.9794364,-7.0003977,2027
4734,r6i1p1f1,2027,12,18,7.607206637446005,1.5764588,-7.4971113,2027
4735,r6i1p1f1,2027,12,19,13.806590189992828,2.003306,-6.401702,2027
4736,r6i1p1f1,2027,12,20,4.578870044102788,2.3061988,-4.2244134,2027
4737,r6i1p1f1,2027,12,21,6.393784591330649,4.7088256,-3.2444189,2027
4738,r6i1p1f1,2027,12,22,1.3990896455641852,3.014399,-3.4668329,2027
4739,r6i1p1f1,2027,12,23,0.002665577337762041,4.2716517,-3.7730618,2027
4740,r6i1p1f1,2027,12,24,0.0,3.6238198,-7.945895,2027
4741,r6i1p1f1,2027,12,25,0.0,4.0642323,-9.28176,2027
4742,r6i1p1f1,2027,12,26,0.0,7.277522,-7.7512097,2027
4743,r6i1p1f1,2027,12,27,0.0,6.9598923,-6.0790873,2027
4744,r6i1p1f1,2027,12,28,0.0,5.2470427,-7.7035832,2027
4745,r6i1p1f1,2027,12,29,0.0,7.350714,-6.7249646,2027
4746,r6i1p1f1,2027,12,30,0.0,6.3279543,-6.445517,2027
4747,r6i1p1f1,2027,12,31,0.0,6.4842005,-6.185697,2027
4748,r6i1p1f1,2028,01,01,0.0,7.0689573,-6.8009057,2028
4749,r6i1p1f1,2028,01,02,0.0,6.2404203,-8.588664,2028
4750,r6i1p1f1,2028,01,03,0.0037085601085207597,5.4736185,-4.500829,2028
4751,r6i1p1f1,2028,01,04,1.8046605616468772,3.3196418,-3.1365538,2028
4752,r6i1p1f1,2028,01,05,21.061189063168406,5.1890283,-0.6548444,2028
4753,r6i1p1f1,2028,01,06,22.517332829841397,7.7205486,-1.280998,2028
4754,r6i1p1f1,2028,01,07,19.04263599399964,7.949482,1.0677948,2028
4755,r6i1p1f1,2028,01,08,18.981598748848263,6.2286553,-0.2794823,2028
4756,r6i1p1f1,2028,01,09,0.0,8.995233,1.4981017,2028
4757,r6i1p1f1,2028,01,10,0.0,9.597714,-1.5550106,2028
4758,r6i1p1f1,2028,01,11,0.0,11.990644,-0.777323,2028
4759,r6i1p1f1,2028,01,12,0.0,12.201935,-1.5022513,2028
4760,r6i1p1f1,2028,01,13,0.0,14.842981,-0.15277067,2028
4761,r6i1p1f1,2028,01,14,0.0,14.699354,-1.0976495,2028
4762,r6i1p1f1,2028,01,15,0.0,12.6579895,-0.23175858,2028
4763,r6i1p1f1,2028,01,16,0.0140397075379122,10.512266,2.2062578,2028
4764,r6i1p1f1,2028,01,17,0.0,10.585443,1.5702491,2028
4765,r6i1p1f1,2028,01,18,6.729556407177185,10.918165,1.7514833,2028
4766,r6i1p1f1,2028,01,19,18.87500447401681,10.472098,2.370611,2028
4767,r6i1p1f1,2028,01,20,4.064503830084806,6.453556,-3.0750775,2028
4768,r6i1p1f1,2028,01,21,5.7596835695191535,5.4996367,-0.81401306,2028
4769,r6i1p1f1,2028,01,22,0.02497742325436179,10.037874,-0.9631218,2028
4770,r6i1p1f1,2028,01,23,0.0,14.254392,0.06410608,2028
4771,r6i1p1f1,2028,01,24,0.0,14.507758,0.1393448,2028
4772,r6i1p1f1,2028,01,25,0.0,16.459862,1.8971094,2028
4773,r6i1p1f1,2028,01,26,0.0,16.573204,1.9359845,2028
4774,r6i1p1f1,2028,01,27,0.0,16.149643,1.0968888,2028
4775,r6i1p1f1,2028,01,28,0.0,14.496029,-1.4795561,2028
4776,r6i1p1f1,2028,01,29,0.0,14.754639,-1.0065129,2028
4777,r6i1p1f1,2028,01,30,1.5888876794962292,11.880228,-2.19868,2028
4778,r6i1p1f1,2028,01,31,13.156615569221783,7.205748,-2.2731137,2028
4779,r6i1p1f1,2028,02,01,0.06672964678486916,11.066134,2.5720992,2028
4780,r6i1p1f1,2028,02,02,1.8911752111547226,10.195472,3.1149952,2028
4781,r6i1p1f1,2028,02,03,4.5028561833164416,11.002783,4.028263,2028
4782,r6i1p1f1,2028,02,04,25.38766891359434,7.9884157,1.048474,2028
4783,r6i1p1f1,2028,02,05,12.44640122685794,6.693902,-6.315511,2028
4784,r6i1p1f1,2028,02,06,0.021367085526071798,3.3435564,-4.7634106,2028
4785,r6i1p1f1,2028,02,07,7.0311164787697,2.5915217,-4.2854548,2028
4786,r6i1p1f1,2028,02,08,8.705645661622503,1.5075239,-4.701597,2028
4787,r6i1p1f1,2028,02,09,22.26237225392925,2.4046383,-5.030943,2028
4788,r6i1p1f1,2028,02,10,17.040078995868445,3.5277283,-12.504129,2028
4789,r6i1p1f1,2028,02,11,24.384549440586518,3.2101698,-7.7825947,2028
4790,r6i1p1f1,2028,02,12,10.139066687601568,4.3999877,-8.786304,2028
4791,r6i1p1f1,2028,02,13,1.7984759882567143,2.1669967,-15.662637,2028
4792,r6i1p1f1,2028,02,14,0.0,3.384881,-12.849559,2028
4793,r6i1p1f1,2028,02,15,15.847206362280788,0.55967224,-8.188502,2028
4794,r6i1p1f1,2028,02,16,10.776939409682301,3.0115178,-3.8390315,2028
4795,r6i1p1f1,2028,02,17,0.02827714193798813,5.2182097,-11.913923,2028
4796,r6i1p1f1,2028,02,18,0.05095732285602433,2.7427344,-4.7706037,2028
4797,r6i1p1f1,2028,02,19,9.307311574724627,1.045868,-8.972036,2028
4798,r6i1p1f1,2028,02,20,0.10888073546892242,2.5332375,-14.219586,2028
4799,r6i1p1f1,2028,02,21,0.0,2.5259314,-13.65664,2028
4800,r6i1p1f1,2028,02,22,0.0,4.1855946,-11.939982,2028
4801,r6i1p1f1,2028,02,23,0.0,4.587938,-11.688969,2028
4802,r6i1p1f1,2028,02,24,9.356155519469441,4.51895,-8.000553,2028
4803,r6i1p1f1,2028,02,25,12.249116697609049,3.0527952,-3.994354,2028
4804,r6i1p1f1,2028,02,26,19.976021445707996,5.608139,-4.4761724,2028
4805,r6i1p1f1,2028,02,27,21.71424811294418,5.2125344,-0.8387236,2028
4806,r6i1p1f1,2028,02,28,1.776389296329913,5.0821033,-4.9819083,2028
4807,r6i1p1f1,2028,02,29,0.0,8.893175,-3.7193584,2028
4808,r6i1p1f1,2028,03,01,0.0,10.397368,-3.1876686,2028
4809,r6i1p1f1,2028,03,02,0.0,11.250829,0.019320384,2028
4810,r6i1p1f1,2028,03,03,0.0,14.661572,1.030263,2028
4811,r6i1p1f1,2028,03,04,1.0119031733098627,13.010311,3.9265294,2028
4812,r6i1p1f1,2028,03,05,13.824249535015214,7.8416758,0.6878177,2028
4813,r6i1p1f1,2028,03,06,30.197043088127877,5.0569777,-1.1960173,2028
4814,r6i1p1f1,2028,03,07,13.657492600906721,7.1092625,-1.0416131,2028
4815,r6i1p1f1,2028,03,08,0.0,11.841785,-4.010073,2028
4816,r6i1p1f1,2028,03,09,6.765254783313178,7.0637817,-5.713498,2028
4817,r6i1p1f1,2028,03,10,2.6392837579604196,1.5446603,-6.0675025,2028
4818,r6i1p1f1,2028,03,11,32.58249033992226,8.72739,-7.520645,2028
4819,r6i1p1f1,2028,03,12,25.187857298624003,9.285164,0.29087633,2028
4820,r6i1p1f1,2028,03,13,22.50912108938053,9.334422,-2.6037166,2028
4821,r6i1p1f1,2028,03,14,14.68038548787581,9.805591,-3.0349088,2028
4822,r6i1p1f1,2028,03,15,0.0,11.1321125,-2.6594424,2028
4823,r6i1p1f1,2028,03,16,0.0,8.846363,-5.352105,2028
4824,r6i1p1f1,2028,03,17,0.006434250688856357,8.31386,-2.6564922,2028
4825,r6i1p1f1,2028,03,18,12.624208475454322,8.45888,-2.2708185,2028
4826,r6i1p1f1,2028,03,19,5.206572355736648,3.9466155,-9.064091,2028
4827,r6i1p1f1,2028,03,20,0.0,10.320281,-1.3525845,2028
4828,r6i1p1f1,2028,03,21,19.261760801722282,8.491522,0.05888216,2028
4829,r6i1p1f1,2028,03,22,3.004557038410078,7.094967,-2.2924438,2028
4830,r6i1p1f1,2028,03,23,0.0,14.285247,-3.910121,2028
4831,r6i1p1f1,2028,03,24,0.0,14.939477,-2.2449489,2028
4832,r6i1p1f1,2028,03,25,0.606902724467083,12.468369,4.7737994,2028
4833,r6i1p1f1,2028,03,26,0.0,17.23729,-0.2098863,2028
4834,r6i1p1f1,2028,03,27,0.0,16.936195,1.3710842,2028
4835,r6i1p1f1,2028,03,28,0.028618078638931645,17.284193,1.6226064,2028
4836,r6i1p1f1,2028,03,29,16.767102378585193,13.850132,2.3881786,2028
4837,r6i1p1f1,2028,03,30,5.763510411858338,8.586515,-6.1072397,2028
4838,r6i1p1f1,2028,03,31,0.009396771364416011,13.180161,0.9919047,2028
4839,r6i1p1f1,2028,04,01,2.8184374464851274,10.24704,-2.6550589,2028
4840,r6i1p1f1,2028,04,02,0.1383817178607754,13.1114855,0.91994107,2028
4841,r6i1p1f1,2028,04,03,0.5612773381604631,14.136157,-1.1490993,2028
4842,r6i1p1f1,2028,04,04,6.858200108084621,8.86434,-6.1878743,2028
4843,r6i1p1f1,2028,04,05,8.478819798840837,4.535965,-5.602889,2028
4844,r6i1p1f1,2028,04,06,0.008206413707995247,7.069822,-2.7484753,2028
4845,r6i1p1f1,2028,04,07,0.0,10.393464,-4.7116013,2028
4846,r6i1p1f1,2028,04,08,0.02614057358813567,14.565811,-2.9311209,2028
4847,r6i1p1f1,2028,04,09,6.312079386314625,12.432104,-6.339487,2028
4848,r6i1p1f1,2028,04,10,8.620692591627549,3.016155,-4.493741,2028
4849,r6i1p1f1,2028,04,11,2.1483422435658928,7.2546754,-2.1426258,2028
4850,r6i1p1f1,2028,04,12,0.0744602014729288,11.243072,0.2647242,2028
4851,r6i1p1f1,2028,04,13,1.8676447984030033,7.317738,-2.4619565,2028
4852,r6i1p1f1,2028,04,14,0.0,10.628971,-0.9124224,2028
4853,r6i1p1f1,2028,04,15,5.996139648857619,6.6501913,-3.1890194,2028
4854,r6i1p1f1,2028,04,16,1.311724716619286,8.023923,-1.9784807,2028
4855,r6i1p1f1,2028,04,17,2.432856180740697,8.971538,1.3402698,2028
4856,r6i1p1f1,2028,04,18,0.06773935737980291,12.587928,-3.4569557,2028
4857,r6i1p1f1,2028,04,19,0.0,16.222458,-3.6007137,2028
4858,r6i1p1f1,2028,04,20,0.0,19.010887,-0.5896526,2028
4859,r6i1p1f1,2028,04,21,0.019279548873824232,21.343943,3.436206,2028
4860,r6i1p1f1,2028,04,22,0.0,24.543903,6.005063,2028
4861,r6i1p1f1,2028,04,23,0.010291229416145093,25.345242,6.376889,2028
4862,r6i1p1f1,2028,04,24,1.8816607704592752,21.951826,4.40413,2028
4863,r6i1p1f1,2028,04,25,8.310417686590773,15.463343,0.7885368,2028
4864,r6i1p1f1,2028,04,26,5.670607573191089,10.56342,-0.33055997,2028
4865,r6i1p1f1,2028,04,27,11.354546473890398,11.777263,-3.5094137,2028
4866,r6i1p1f1,2028,04,28,0.07833390737108349,14.87193,-1.8757269,2028
4867,r6i1p1f1,2028,04,29,1.6758951187698314,14.686182,-0.1821267,2028
4868,r6i1p1f1,2028,04,30,17.380313220881213,9.54116,-1.8709351,2028
4869,r6i1p1f1,2028,05,01,2.475654555011505,9.827616,1.3044944,2028
4870,r6i1p1f1,2028,05,02,3.026136318267226,11.115467,-0.4435615,2028
4871,r6i1p1f1,2028,05,03,0.9749928989968657,14.127008,-1.0944885,2028
4872,r6i1p1f1,2028,05,04,0.11326459613768138,15.204378,-0.5633558,2028
4873,r6i1p1f1,2028,05,05,0.0,16.398653,4.0827994,2028
4874,r6i1p1f1,2028,05,06,0.0,19.280733,3.0563548,2028
4875,r6i1p1f1,2028,05,07,0.0008517463099205108,20.590273,1.2111663,2028
4876,r6i1p1f1,2028,05,08,10.50802466007378,14.783166,0.2019381,2028
4877,r6i1p1f1,2028,05,09,4.719315924426298,10.742025,2.460952,2028
4878,r6i1p1f1,2028,05,10,0.9945109325321647,14.946799,1.9996624,2028
4879,r6i1p1f1,2028,05,11,0.0,22.418467,2.38363,2028
4880,r6i1p1f1,2028,05,12,0.018985396566145774,22.490536,4.092372,2028
4881,r6i1p1f1,2028,05,13,0.0,26.870401,4.05648,2028
4882,r6i1p1f1,2028,05,14,0.0006611238236296156,25.443169,6.958997,2028
4883,r6i1p1f1,2028,05,15,3.640899271177712,17.434729,2.7916498,2028
4884,r6i1p1f1,2028,05,16,14.082879962090503,12.215213,1.0954635,2028
4885,r6i1p1f1,2028,05,17,1.191163754876756,15.24124,-0.14044401,2028
4886,r6i1p1f1,2028,05,18,2.315466154353603,14.388114,0.20787829,2028
4887,r6i1p1f1,2028,05,19,0.6174397693502677,15.537135,1.18789,2028
4888,r6i1p1f1,2028,05,20,2.577379383859017,12.665542,-0.791008,2028
4889,r6i1p1f1,2028,05,21,0.5231059395559238,17.912855,0.13632853,2028
4890,r6i1p1f1,2028,05,22,0.0,22.540506,2.4379783,2028
4891,r6i1p1f1,2028,05,23,0.0,23.359627,4.329167,2028
4892,r6i1p1f1,2028,05,24,0.0,20.783594,4.7211,2028
4893,r6i1p1f1,2028,05,25,0.00024772986277757695,16.9524,0.985564,2028
4894,r6i1p1f1,2028,05,26,1.5865271722040701,16.167355,-0.5656159,2028
4895,r6i1p1f1,2028,05,27,0.0,23.703238,4.3976836,2028
4896,r6i1p1f1,2028,05,28,0.0,26.73395,9.269991,2028
4897,r6i1p1f1,2028,05,29,0.3495134146969902,25.825706,9.038492,2028
4898,r6i1p1f1,2028,05,30,0.0,26.479435,8.72495,2028
4899,r6i1p1f1,2028,05,31,0.009396982808955281,25.650394,9.738534,2028
4900,r6i1p1f1,2028,06,01,0.0007217777050476081,20.11472,5.8799977,2028
4901,r6i1p1f1,2028,06,02,5.932833134152009,12.285982,2.2615292,2028
4902,r6i1p1f1,2028,06,03,0.005020591681302968,19.081722,1.685637,2028
4903,r6i1p1f1,2028,06,04,0.40470658626073897,21.493282,1.5637835,2028
4904,r6i1p1f1,2028,06,05,0.0,26.377188,6.7415733,2028
4905,r6i1p1f1,2028,06,06,0.0,26.057434,9.390823,2028
4906,r6i1p1f1,2028,06,07,1.6969427700558966,18.68232,1.4636892,2028
4907,r6i1p1f1,2028,06,08,0.3466079989672185,21.285341,2.4446278,2028
4908,r6i1p1f1,2028,06,09,0.042368853587297826,23.731184,5.606286,2028
4909,r6i1p1f1,2028,06,10,0.47546954544663106,20.717268,2.9249654,2028
4910,r6i1p1f1,2028,06,11,3.3515764118717835,17.008688,1.7374043,2028
4911,r6i1p1f1,2028,06,12,0.7626678157853755,25.005371,5.5292764,2028
4912,r6i1p1f1,2028,06,13,5.486786863488056,24.252552,6.908703,2028
4913,r6i1p1f1,2028,06,14,3.0041203809622417,26.327675,6.480727,2028
4914,r6i1p1f1,2028,06,15,1.663785656421022,26.384842,10.173662,2028
4915,r6i1p1f1,2028,06,16,1.1791157726054347,30.640541,12.71945,2028
4916,r6i1p1f1,2028,06,17,0.0,32.748177,12.939322,2028
4917,r6i1p1f1,2028,06,18,1.338877525602716,31.320353,12.082124,2028
4918,r6i1p1f1,2028,06,19,0.00614158648590916,30.73872,10.420089,2028
4919,r6i1p1f1,2028,06,20,0.023480121704119714,32.48597,12.445371,2028
4920,r6i1p1f1,2028,06,21,4.660858774414306,31.2391,12.458511,2028
4921,r6i1p1f1,2028,06,22,0.4949721370659811,28.112844,8.30205,2028
4922,r6i1p1f1,2028,06,23,4.141005472029949,27.19354,7.098572,2028
4923,r6i1p1f1,2028,06,24,6.786092391660968,25.408726,10.296217,2028
4924,r6i1p1f1,2028,06,25,0.35199043332192304,24.79263,9.612328,2028
4925,r6i1p1f1,2028,06,26,0.01365893117569439,26.282124,8.935474,2028
4926,r6i1p1f1,2028,06,27,0.09003805678755991,29.097485,10.750221,2028
4927,r6i1p1f1,2028,06,28,3.57851012252121,26.098356,7.9658976,2028
4928,r6i1p1f1,2028,06,29,2.495962173550327,25.113562,10.360135,2028
4929,r6i1p1f1,2028,06,30,2.8104706869177165,23.888102,10.951245,2028
4930,r6i1p1f1,2028,07,01,1.4054106164082198,25.395697,8.178163,2028
4931,r6i1p1f1,2028,07,02,0.0,27.103888,6.6654487,2028
4932,r6i1p1f1,2028,07,03,0.4368195023949813,24.124138,6.1213965,2028
4933,r6i1p1f1,2028,07,04,0.6072942604589358,24.173126,7.5869136,2028
4934,r6i1p1f1,2028,07,05,0.16991517855228716,27.008326,7.094719,2028
4935,r6i1p1f1,2028,07,06,0.013889657933427243,26.695396,8.105697,2028
4936,r6i1p1f1,2028,07,07,0.0026871786580507143,28.300138,6.6347823,2028
4937,r6i1p1f1,2028,07,08,0.0,30.90855,9.325711,2028
4938,r6i1p1f1,2028,07,09,0.0,31.352188,12.759122,2028
4939,r6i1p1f1,2028,07,10,0.15269279560198776,31.65769,13.565465,2028
4940,r6i1p1f1,2028,07,11,0.0017646166288409878,32.39978,13.173477,2028
4941,r6i1p1f1,2028,07,12,0.0,32.128227,12.491037,2028
4942,r6i1p1f1,2028,07,13,0.0,31.627697,11.738459,2028
4943,r6i1p1f1,2028,07,14,0.0,31.32606,12.436803,2028
4944,r6i1p1f1,2028,07,15,0.0,31.795952,12.166201,2028
4945,r6i1p1f1,2028,07,16,0.0,32.844837,12.807711,2028
4946,r6i1p1f1,2028,07,17,0.0,34.02219,12.833304,2028
4947,r6i1p1f1,2028,07,18,0.07919384556093437,34.40704,15.550018,2028
4948,r6i1p1f1,2028,07,19,3.6745006919062813,36.224957,17.479479,2028
4949,r6i1p1f1,2028,07,20,0.6008550743662615,34.56312,15.746335,2028
4950,r6i1p1f1,2028,07,21,0.0,32.624985,14.35749,2028
4951,r6i1p1f1,2028,07,22,2.4994343469755034,32.333088,14.387566,2028
4952,r6i1p1f1,2028,07,23,0.43175636130549977,32.61647,14.551676,2028
4953,r6i1p1f1,2028,07,24,0.0,33.30455,13.571734,2028
4954,r6i1p1f1,2028,07,25,0.0,33.251682,12.7593355,2028
4955,r6i1p1f1,2028,07,26,0.0,32.238472,12.06744,2028
4956,r6i1p1f1,2028,07,27,0.0,32.259666,12.243261,2028
4957,r6i1p1f1,2028,07,28,0.0,31.086115,10.588474,2028
4958,r6i1p1f1,2028,07,29,0.17783968380303644,30.968964,11.633652,2028
4959,r6i1p1f1,2028,07,30,0.0,31.301462,10.261854,2028
4960,r6i1p1f1,2028,07,31,0.0,31.188828,9.707591,2028
4961,r6i1p1f1,2028,08,01,0.0,28.23998,8.262735,2028
4962,r6i1p1f1,2028,08,02,0.0,28.364452,8.404669,2028
4963,r6i1p1f1,2028,08,03,0.0,28.165218,7.819014,2028
4964,r6i1p1f1,2028,08,04,0.0,28.652594,8.335607,2028
4965,r6i1p1f1,2028,08,05,0.0,30.796684,9.001077,2028
4966,r6i1p1f1,2028,08,06,0.0,30.456951,10.125731,2028
4967,r6i1p1f1,2028,08,07,0.0,29.816513,9.037178,2028
4968,r6i1p1f1,2028,08,08,0.0,30.24786,9.568375,2028
4969,r6i1p1f1,2028,08,09,0.0,32.26953,10.912233,2028
4970,r6i1p1f1,2028,08,10,0.0,32.53319,12.06142,2028
4971,r6i1p1f1,2028,08,11,0.0,31.361795,10.412089,2028
4972,r6i1p1f1,2028,08,12,0.0,28.69717,7.8322043,2028
4973,r6i1p1f1,2028,08,13,0.006447743930571763,27.718016,8.137525,2028
4974,r6i1p1f1,2028,08,14,0.0,29.450184,9.012513,2028
4975,r6i1p1f1,2028,08,15,0.0,32.751396,10.189855,2028
4976,r6i1p1f1,2028,08,16,0.0,32.92603,11.011414,2028
4977,r6i1p1f1,2028,08,17,0.0,32.01167,10.93876,2028
4978,r6i1p1f1,2028,08,18,0.0,30.811348,9.481713,2028
4979,r6i1p1f1,2028,08,19,0.0,26.430593,5.916538,2028
4980,r6i1p1f1,2028,08,20,0.0,26.695492,6.9357066,2028
4981,r6i1p1f1,2028,08,21,0.0,29.125057,8.738191,2028
4982,r6i1p1f1,2028,08,22,0.0,29.31652,10.183347,2028
4983,r6i1p1f1,2028,08,23,0.0,26.4285,6.636244,2028
4984,r6i1p1f1,2028,08,24,0.0,23.71483,3.7724965,2028
4985,r6i1p1f1,2028,08,25,0.0,24.579008,4.6210833,2028
4986,r6i1p1f1,2028,08,26,0.0,30.910654,8.45864,2028
4987,r6i1p1f1,2028,08,27,0.0,32.668957,10.084739,2028
4988,r6i1p1f1,2028,08,28,0.0,32.895145,10.664419,2028
4989,r6i1p1f1,2028,08,29,0.0,33.11342,10.485309,2028
4990,r6i1p1f1,2028,08,30,0.0,31.490576,8.967977,2028
4991,r6i1p1f1,2028,08,31,0.0,25.042543,5.3796997,2028
4992,r6i1p1f1,2028,09,01,0.0,27.067585,8.9591055,2028
4993,r6i1p1f1,2028,09,02,0.0,29.167015,9.555049,2028
4994,r6i1p1f1,2028,09,03,0.0,30.859219,10.400182,2028
4995,r6i1p1f1,2028,09,04,4.886766481540554e-05,28.046928,8.34,2028
4996,r6i1p1f1,2028,09,05,0.06390182637898605,22.813559,5.1952333,2028
4997,r6i1p1f1,2028,09,06,0.0,20.23583,0.5174685,2028
4998,r6i1p1f1,2028,09,07,0.0,23.868303,4.1178727,2028
4999,r6i1p1f1,2028,09,08,0.0,26.08286,5.5766087,2028
5000,r6i1p1f1,2028,09,09,0.0,29.396704,7.4690976,2028
5001,r6i1p1f1,2028,09,10,0.0,28.597193,6.672303,2028
5002,r6i1p1f1,2028,09,11,0.0,25.798367,4.652615,2028
5003,r6i1p1f1,2028,09,12,0.0,26.082596,4.437197,2028
5004,r6i1p1f1,2028,09,13,0.0,29.377882,8.1455555,2028
5005,r6i1p1f1,2028,09,14,0.0,29.458246,7.690037,2028
5006,r6i1p1f1,2028,09,15,0.0,28.152576,6.5660214,2028
5007,r6i1p1f1,2028,09,16,0.9380921676995762,23.424524,3.1961064,2028
5008,r6i1p1f1,2028,09,17,0.7682121072406092,21.036625,3.5330262,2028
5009,r6i1p1f1,2028,09,18,0.0,23.829874,4.693587,2028
5010,r6i1p1f1,2028,09,19,1.5722649215319202,25.104164,4.417062,2028
5011,r6i1p1f1,2028,09,20,4.3715511226088966,18.599117,2.382046,2028
5012,r6i1p1f1,2028,09,21,17.26182834897048,14.878074,-0.3826388,2028
5013,r6i1p1f1,2028,09,22,20.6496492072422,13.928937,-0.47082022,2028
5014,r6i1p1f1,2028,09,23,6.568466949553397,14.303552,1.2473892,2028
5015,r6i1p1f1,2028,09,24,23.130497912891343,16.09822,1.6153457,2028
5016,r6i1p1f1,2028,09,25,4.372732347116995,18.398476,1.0950311,2028
5017,r6i1p1f1,2028,09,26,0.9714941834100096,20.124594,2.76748,2028
5018,r6i1p1f1,2028,09,27,1.7324872225552541,18.883892,3.1186132,2028
5019,r6i1p1f1,2028,09,28,0.002765740529532938,22.699787,4.622693,2028
5020,r6i1p1f1,2028,09,29,0.5789261689094123,20.789593,5.076412,2028
5021,r6i1p1f1,2028,09,30,0.42721031837234485,18.972773,1.330666,2028
5022,r6i1p1f1,2028,10,01,0.7626885453172588,17.746048,2.227634,2028
5023,r6i1p1f1,2028,10,02,11.30573496894097,17.632479,1.9980971,2028
5024,r6i1p1f1,2028,10,03,1.2135991417547354,19.049253,1.6068767,2028
5025,r6i1p1f1,2028,10,04,3.1883721164466694,18.77,2.4678447,2028
5026,r6i1p1f1,2028,10,05,1.3816273003914261,22.4151,5.590607,2028
5027,r6i1p1f1,2028,10,06,1.9818842585436018,21.021269,3.7880838,2028
5028,r6i1p1f1,2028,10,07,0.0,23.205322,4.9880652,2028
5029,r6i1p1f1,2028,10,08,0.19728824455351202,22.784002,4.8259673,2028
5030,r6i1p1f1,2028,10,09,10.417879815054135,13.168436,2.767062,2028
5031,r6i1p1f1,2028,10,10,49.94557786873904,11.698668,2.7304933,2028
5032,r6i1p1f1,2028,10,11,11.96428558870357,12.369404,3.4119592,2028
5033,r6i1p1f1,2028,10,12,2.55868238198139,14.047727,1.5222876,2028
5034,r6i1p1f1,2028,10,13,0.0,21.828869,3.64532,2028
5035,r6i1p1f1,2028,10,14,0.0,25.50316,5.8820286,2028
5036,r6i1p1f1,2028,10,15,0.0,25.607386,5.8220706,2028
5037,r6i1p1f1,2028,10,16,0.0,27.073025,6.6902437,2028
5038,r6i1p1f1,2028,10,17,0.0,25.926718,7.9945354,2028
5039,r6i1p1f1,2028,10,18,0.0,23.452738,8.393535,2028
5040,r6i1p1f1,2028,10,19,0.0,22.69544,7.939119,2028
5041,r6i1p1f1,2028,10,20,0.0,22.237068,5.381249,2028
5042,r6i1p1f1,2028,10,21,0.0,21.578716,5.2113495,2028
5043,r6i1p1f1,2028,10,22,0.0,23.577972,5.312917,2028
5044,r6i1p1f1,2028,10,23,0.0,24.618816,5.4371953,2028
5045,r6i1p1f1,2028,10,24,0.0,25.269602,5.5851116,2028
5046,r6i1p1f1,2028,10,25,0.0,24.323694,5.5291634,2028
5047,r6i1p1f1,2028,10,26,0.0,17.938213,3.4074464,2028
5048,r6i1p1f1,2028,10,27,2.685222727766664,15.253739,2.754725,2028
5049,r6i1p1f1,2028,10,28,5.647185315304247,12.753249,5.61016,2028
5050,r6i1p1f1,2028,10,29,29.450482665439807,12.620116,5.092337,2028
5051,r6i1p1f1,2028,10,30,1.00510260123034,11.89822,2.9339283,2028
5052,r6i1p1f1,2028,10,31,0.0,16.810143,-0.40079677,2028
5053,r6i1p1f1,2028,11,01,0.0063329020442036916,15.569306,0.27977353,2028
5054,r6i1p1f1,2028,11,02,14.029586266670163,9.584715,1.4249661,2028
5055,r6i1p1f1,2028,11,03,0.09629191338477999,9.329996,0.0890674,2028
5056,r6i1p1f1,2028,11,04,0.016550141581898083,9.314262,-5.7893715,2028
5057,r6i1p1f1,2028,11,05,0.0,12.59394,-0.53714,2028
5058,r6i1p1f1,2028,11,06,0.0,13.417461,-2.4652817,2028
5059,r6i1p1f1,2028,11,07,1.6469265181283599,13.010779,-1.7193067,2028
5060,r6i1p1f1,2028,11,08,12.256694841788555,6.3652916,-1.5464671,2028
5061,r6i1p1f1,2028,11,09,0.2620753156543457,5.9690957,-1.5054796,2028
5062,r6i1p1f1,2028,11,10,0.0,6.2913146,-3.2403243,2028
5063,r6i1p1f1,2028,11,11,0.0,8.759068,-6.1471148,2028
5064,r6i1p1f1,2028,11,12,0.0,11.202825,-5.1257243,2028
5065,r6i1p1f1,2028,11,13,0.0,12.526454,-5.2740593,2028
5066,r6i1p1f1,2028,11,14,0.0,9.941398,-6.058928,2028
5067,r6i1p1f1,2028,11,15,0.0,9.137633,-6.2465467,2028
5068,r6i1p1f1,2028,11,16,0.0,12.468802,-3.109183,2028
5069,r6i1p1f1,2028,11,17,0.0,11.806262,-2.8416371,2028
5070,r6i1p1f1,2028,11,18,0.0,12.364098,-2.5744736,2028
5071,r6i1p1f1,2028,11,19,0.0,12.554648,-2.790898,2028
5072,r6i1p1f1,2028,11,20,0.15283122395451496,9.994918,-2.0102684,2028
5073,r6i1p1f1,2028,11,21,6.465514316001589,7.887178,-0.079906695,2028
5074,r6i1p1f1,2028,11,22,0.2580230645324877,13.390042,0.28947502,2028
5075,r6i1p1f1,2028,11,23,0.0,13.114273,-2.2137465,2028
5076,r6i1p1f1,2028,11,24,0.0,13.481417,-1.587995,2028
5077,r6i1p1f1,2028,11,25,0.07698696673588383,11.159725,1.714249,2028
5078,r6i1p1f1,2028,11,26,0.0023904596217711347,13.070474,-5.0690837,2028
5079,r6i1p1f1,2028,11,27,0.010402180362848205,12.481561,-0.5016023,2028
5080,r6i1p1f1,2028,11,28,2.864319942352084,9.657106,2.1722374,2028
5081,r6i1p1f1,2028,11,29,23.160480988835353,9.32499,1.4906671,2028
5082,r6i1p1f1,2028,11,30,0.001068650119768591,12.265971,0.57915515,2028
5083,r6i1p1f1,2028,12,01,0.0,13.035507,-0.41599023,2028
5084,r6i1p1f1,2028,12,02,0.0,12.063575,-0.6012476,2028
5085,r6i1p1f1,2028,12,03,0.0,13.967238,-0.051075824,2028
5086,r6i1p1f1,2028,12,04,0.0,13.784156,1.8350737,2028
5087,r6i1p1f1,2028,12,05,0.0,15.81371,1.5906432,2028
5088,r6i1p1f1,2028,12,06,0.0,17.883242,2.9304094,2028
5089,r6i1p1f1,2028,12,07,0.0,18.431044,3.6044652,2028
5090,r6i1p1f1,2028,12,08,0.0,17.69173,3.9187114,2028
5091,r6i1p1f1,2028,12,09,0.0,17.352068,3.0102787,2028
5092,r6i1p1f1,2028,12,10,0.0,14.484254,0.09713833,2028
5093,r6i1p1f1,2028,12,11,0.24331828945939424,7.644401,-5.581065,2028
5094,r6i1p1f1,2028,12,12,0.0,-1.810415,-13.809904,2028
5095,r6i1p1f1,2028,12,13,0.0,-3.10496,-15.5030985,2028
5096,r6i1p1f1,2028,12,14,0.0,-1.8857529,-13.3152895,2028
5097,r6i1p1f1,2028,12,15,0.0,0.60710305,-13.614024,2028
5098,r6i1p1f1,2028,12,16,0.0,6.4477553,-9.140311,2028
5099,r6i1p1f1,2028,12,17,0.23990176203676844,5.2087626,-10.148977,2028
5100,r6i1p1f1,2028,12,18,0.0012673302568216027,6.5559907,-8.947169,2028
5101,r6i1p1f1,2028,12,19,0.0,7.10719,-7.772837,2028
5102,r6i1p1f1,2028,12,20,0.0,9.870269,-1.0458614,2028
5103,r6i1p1f1,2028,12,21,0.0,11.977258,-2.2144666,2028
5104,r6i1p1f1,2028,12,22,0.0,12.080452,-2.4899554,2028
5105,r6i1p1f1,2028,12,23,0.0,10.727217,-3.8422444,2028
5106,r6i1p1f1,2028,12,24,0.0,9.196927,-5.444844,2028
5107,r6i1p1f1,2028,12,25,0.0,8.04062,-6.7238812,2028
5108,r6i1p1f1,2028,12,26,0.0,9.023593,-6.5885625,2028
5109,r6i1p1f1,2028,12,27,0.6125592487223368,8.107743,-2.295782,2028
5110,r6i1p1f1,2028,12,28,8.891232390630286,8.55127,-1.1537409,2028
5111,r6i1p1f1,2028,12,29,0.8072465693058797,9.730325,0.50553054,2028
5112,r6i1p1f1,2028,12,30,3.15104547284698,8.468726,-3.0749338,2028
5113,r6i1p1f1,2028,12,31,14.491398666234186,6.865418,0.5709168,2028
5114,r6i1p1f1,2029,01,01,17.30471876634438,7.3355403,1.3785532,2029
5115,r6i1p1f1,2029,01,02,8.040902309963355,7.1722403,-0.5735094,2029
5116,r6i1p1f1,2029,01,03,0.12149430449903885,4.4049964,-3.470534,2029
5117,r6i1p1f1,2029,01,04,0.019621327373508777,5.7835097,-5.295622,2029
5118,r6i1p1f1,2029,01,05,0.004679407581953683,5.4794,-2.8962798,2029
5119,r6i1p1f1,2029,01,06,0.019206137203737882,8.619675,0.8229657,2029
5120,r6i1p1f1,2029,01,07,0.00607902785804957,10.871515,-0.80411094,2029
5121,r6i1p1f1,2029,01,08,0.09883533422586133,11.412844,2.1833484,2029
5122,r6i1p1f1,2029,01,09,3.618471501259698,7.3300743,1.3370245,2029
5123,r6i1p1f1,2029,01,10,7.354980479377829,4.9071116,-2.138066,2029
5124,r6i1p1f1,2029,01,11,12.403715430831506,4.3815637,-8.018405,2029
5125,r6i1p1f1,2029,01,12,0.045654349396976414,0.47801957,-11.398364,2029
5126,r6i1p1f1,2029,01,13,0.0,2.314249,-12.513761,2029
5127,r6i1p1f1,2029,01,14,0.0,6.0700755,-8.072833,2029
5128,r6i1p1f1,2029,01,15,0.0,7.4587727,-3.343876,2029
5129,r6i1p1f1,2029,01,16,0.0,10.232859,-4.746164,2029
5130,r6i1p1f1,2029,01,17,0.0,8.573866,-4.4251447,2029
5131,r6i1p1f1,2029,01,18,0.17175277503994918,8.164794,-5.058027,2029
5132,r6i1p1f1,2029,01,19,0.061262086893511855,7.9689746,0.5403844,2029
5133,r6i1p1f1,2029,01,20,5.767244660971662,5.402304,-0.041799296,2029
5134,r6i1p1f1,2029,01,21,0.34760299771745756,5.7943373,-5.247825,2029
5135,r6i1p1f1,2029,01,22,0.0,2.768693,-12.085706,2029
5136,r6i1p1f1,2029,01,23,0.0,5.659225,-9.837424,2029
5137,r6i1p1f1,2029,01,24,0.0,6.452054,-9.217242,2029
5138,r6i1p1f1,2029,01,25,0.0,9.347413,-5.820456,2029
5139,r6i1p1f1,2029,01,26,0.0,11.239419,-4.8895693,2029
5140,r6i1p1f1,2029,01,27,1.0960243097067923,6.327069,-4.3280373,2029
5141,r6i1p1f1,2029,01,28,1.1427360404858928,0.7608333,-11.059403,2029
5142,r6i1p1f1,2029,01,29,0.0,1.7283815,-12.845932,2029
5143,r6i1p1f1,2029,01,30,22.273210574122594,6.852551,-8.051655,2029
5144,r6i1p1f1,2029,01,31,22.158232787420538,4.193171,-2.3263807,2029
5145,r6i1p1f1,2029,02,01,9.786739003922309,1.8129567,-8.61571,2029
5146,r6i1p1f1,2029,02,02,12.93214897161898,-0.13020858,-12.985103,2029
5147,r6i1p1f1,2029,02,03,7.576355111560398,5.2434382,-4.387058,2029
5148,r6i1p1f1,2029,02,04,1.539014726582091,8.393299,-7.93945,2029
5149,r6i1p1f1,2029,02,05,23.246452152863128,8.6461315,-2.112372,2029
5150,r6i1p1f1,2029,02,06,14.985628202624724,7.373005,-2.941189,2029
5151,r6i1p1f1,2029,02,07,0.0,6.268678,-7.76698,2029
5152,r6i1p1f1,2029,02,08,0.0,6.370533,-7.2607408,2029
5153,r6i1p1f1,2029,02,09,0.0,8.463629,-3.2627974,2029
5154,r6i1p1f1,2029,02,10,0.0,8.664629,-3.601239,2029
5155,r6i1p1f1,2029,02,11,2.831076672199432,5.8974867,-4.418053,2029
5156,r6i1p1f1,2029,02,12,0.0,12.298508,-2.7938068,2029
5157,r6i1p1f1,2029,02,13,0.0,13.433617,-1.3628294,2029
5158,r6i1p1f1,2029,02,14,0.010389304358486279,11.592788,-0.9696663,2029
5159,r6i1p1f1,2029,02,15,0.0,16.508224,0.86371565,2029
5160,r6i1p1f1,2029,02,16,0.07085907399283521,17.11547,0.7341187,2029
5161,r6i1p1f1,2029,02,17,4.290015558797046,14.171486,0.99025935,2029
5162,r6i1p1f1,2029,02,18,11.014200669485062,8.34185,-2.9243157,2029
5163,r6i1p1f1,2029,02,19,24.599433210844527,8.862789,-1.138436,2029
5164,r6i1p1f1,2029,02,20,15.918352975358816,9.332932,1.6351769,2029
5165,r6i1p1f1,2029,02,21,25.75566386316717,7.387339,-3.6004312,2029
5166,r6i1p1f1,2029,02,22,5.149498793300984,5.599493,-4.180514,2029
5167,r6i1p1f1,2029,02,23,9.242285110275395,6.3456273,-2.3511496,2029
5168,r6i1p1f1,2029,02,24,16.07289067819355,4.2949195,-3.8660438,2029
5169,r6i1p1f1,2029,02,25,19.308412714740953,4.4179797,-6.5492907,2029
5170,r6i1p1f1,2029,02,26,0.3321600446068679,4.1948037,-3.737762,2029
5171,r6i1p1f1,2029,02,27,0.005355994106500093,6.3638477,-3.1730137,2029
5172,r6i1p1f1,2029,02,28,20.085924819252693,5.8412175,-3.4593189,2029
5173,r6i1p1f1,2029,03,01,0.0,10.519538,-5.513003,2029
5174,r6i1p1f1,2029,03,02,0.0011019431849028706,13.91859,-0.052410606,2029
5175,r6i1p1f1,2029,03,03,22.25412653163878,6.043978,-3.4293034,2029
5176,r6i1p1f1,2029,03,04,0.02557533323507953,4.030164,-6.1294947,2029
5177,r6i1p1f1,2029,03,05,0.0,5.258551,-6.2341943,2029
5178,r6i1p1f1,2029,03,06,0.0,9.260034,-3.8265688,2029
5179,r6i1p1f1,2029,03,07,0.0,11.510249,-4.8049507,2029
5180,r6i1p1f1,2029,03,08,0.0,12.569473,-5.6704035,2029
5181,r6i1p1f1,2029,03,09,0.0,13.496061,-5.0703635,2029
5182,r6i1p1f1,2029,03,10,0.0,15.983055,-1.8652174,2029
5183,r6i1p1f1,2029,03,11,0.0,15.663895,0.31340465,2029
5184,r6i1p1f1,2029,03,12,0.044913533556566014,13.552213,2.1460013,2029
5185,r6i1p1f1,2029,03,13,9.650411011017336,10.434517,-2.0258393,2029
5186,r6i1p1f1,2029,03,14,29.118971003637363,8.5676985,-3.93469,2029
5187,r6i1p1f1,2029,03,15,25.82450972850401,10.845023,-3.1261942,2029
5188,r6i1p1f1,2029,03,16,0.0,12.421151,-1.0092661,2029
5189,r6i1p1f1,2029,03,17,0.0,14.351738,-1.4600847,2029
5190,r6i1p1f1,2029,03,18,0.0,19.171295,0.298048,2029
5191,r6i1p1f1,2029,03,19,0.0,19.1191,2.9440963,2029
5192,r6i1p1f1,2029,03,20,0.05565462789053017,17.92709,0.18505934,2029
5193,r6i1p1f1,2029,03,21,5.04039595010756,14.518934,3.3790963,2029
5194,r6i1p1f1,2029,03,22,0.12528325299622753,16.068672,2.3612432,2029
5195,r6i1p1f1,2029,03,23,0.12064483124449304,16.459263,1.8146992,2029
5196,r6i1p1f1,2029,03,24,0.039988125034235614,16.330572,0.19980054,2029
5197,r6i1p1f1,2029,03,25,9.10370806486734,9.1610365,-4.320376,2029
5198,r6i1p1f1,2029,03,26,21.846142373790563,7.927334,-2.1943843,2029
5199,r6i1p1f1,2029,03,27,11.297310635175814,9.215374,-2.4329925,2029
5200,r6i1p1f1,2029,03,28,0.012175790513957736,14.934772,-2.3710737,2029
5201,r6i1p1f1,2029,03,29,2.2535639963298713,12.461597,-4.7347555,2029
5202,r6i1p1f1,2029,03,30,0.5375270516643633,9.5189085,-1.789316,2029
5203,r6i1p1f1,2029,03,31,3.8867877969517264,9.246574,-0.48193198,2029
5204,r6i1p1f1,2029,04,01,0.698561263558895,7.122861,-3.5294027,2029
5205,r6i1p1f1,2029,04,02,0.10752256647199203,8.667578,-4.989612,2029
5206,r6i1p1f1,2029,04,03,0.011413823730757292,6.7912107,-3.8789499,2029
5207,r6i1p1f1,2029,04,04,2.0644852133420084,1.9466933,-6.7134733,2029
5208,r6i1p1f1,2029,04,05,9.143991140714782,4.520545,-7.652042,2029
5209,r6i1p1f1,2029,04,06,4.562932549833202,4.044329,-3.124141,2029
5210,r6i1p1f1,2029,04,07,0.6500568748282762,5.9881115,-3.5683107,2029
5211,r6i1p1f1,2029,04,08,1.956404146821217,5.351842,-6.8841357,2029
5212,r6i1p1f1,2029,04,09,35.303443057203985,6.7308917,-4.4577494,2029
5213,r6i1p1f1,2029,04,10,28.815464746408097,6.8284154,-4.926968,2029
5214,r6i1p1f1,2029,04,11,0.0,10.510381,-2.2487133,2029
5215,r6i1p1f1,2029,04,12,0.0,15.38313,-4.9248805,2029
5216,r6i1p1f1,2029,04,13,0.49161517306896557,11.324638,-1.8790202,2029
5217,r6i1p1f1,2029,04,14,0.0,12.545761,1.45541,2029
5218,r6i1p1f1,2029,04,15,0.09479519327552156,12.469046,1.4703465,2029
5219,r6i1p1f1,2029,04,16,0.7774485540039313,15.846432,0.01650815,2029
5220,r6i1p1f1,2029,04,17,0.0,17.198627,3.0452726,2029
5221,r6i1p1f1,2029,04,18,3.719396347970374,13.142149,2.3437922,2029
5222,r6i1p1f1,2029,04,19,0.0,20.150463,0.1419081,2029
5223,r6i1p1f1,2029,04,20,0.0024525782432883005,21.232426,4.1841607,2029
5224,r6i1p1f1,2029,04,21,5.043684632274518,12.705881,-0.5583591,2029
5225,r6i1p1f1,2029,04,22,0.6676986058868787,13.344407,-0.39480227,2029
5226,r6i1p1f1,2029,04,23,0.8565097841915802,13.140294,-0.80079997,2029
5227,r6i1p1f1,2029,04,24,4.770402444037979,11.125981,-2.0063543,2029
5228,r6i1p1f1,2029,04,25,3.088358861315766,10.750879,-3.8284647,2029
5229,r6i1p1f1,2029,04,26,0.011276598345726741,13.943946,-1.4623249,2029
5230,r6i1p1f1,2029,04,27,0.0,15.495036,-0.5929024,2029
5231,r6i1p1f1,2029,04,28,0.0,15.763838,-0.31698346,2029
5232,r6i1p1f1,2029,04,29,0.0,18.09441,0.9294431,2029
5233,r6i1p1f1,2029,04,30,0.0,19.703726,3.2767339,2029
5234,r6i1p1f1,2029,05,01,0.0,21.909277,3.0335875,2029
5235,r6i1p1f1,2029,05,02,0.0,23.51985,8.745045,2029
5236,r6i1p1f1,2029,05,03,0.0,25.177036,7.2460184,2029
5237,r6i1p1f1,2029,05,04,0.7078072304267516,22.066183,5.8227577,2029
5238,r6i1p1f1,2029,05,05,1.0391480475614168,19.52051,3.1798773,2029
5239,r6i1p1f1,2029,05,06,0.0,24.53397,4.507549,2029
5240,r6i1p1f1,2029,05,07,0.017658761287200026,24.628399,5.557275,2029
5241,r6i1p1f1,2029,05,08,3.044690834373423,17.141184,-2.2139788,2029
5242,r6i1p1f1,2029,05,09,0.7175871053951639,18.471735,2.5364401,2029
5243,r6i1p1f1,2029,05,10,0.10900298422321932,24.247238,7.293547,2029
5244,r6i1p1f1,2029,05,11,0.0,27.115656,6.623098,2029
5245,r6i1p1f1,2029,05,12,0.0,27.673264,9.390523,2029
5246,r6i1p1f1,2029,05,13,0.0,26.734594,8.583379,2029
5247,r6i1p1f1,2029,05,14,3.8842251977927393,16.041447,0.0213564,2029
5248,r6i1p1f1,2029,05,15,12.878578108988886,9.963146,1.567826,2029
5249,r6i1p1f1,2029,05,16,3.8214195661405532,9.451591,-4.8576994,2029
5250,r6i1p1f1,2029,05,17,0.1110763990960114,18.625223,-0.15134859,2029
5251,r6i1p1f1,2029,05,18,0.0,25.462336,4.4763536,2029
5252,r6i1p1f1,2029,05,19,0.0,26.837894,7.2827168,2029
5253,r6i1p1f1,2029,05,20,0.5997462670706045,26.436268,10.878224,2029
5254,r6i1p1f1,2029,05,21,0.6996814603619612,19.795443,3.0765202,2029
5255,r6i1p1f1,2029,05,22,1.3249261071776823,21.546068,1.976204,2029
5256,r6i1p1f1,2029,05,23,0.011516201616196623,24.242739,8.846854,2029
5257,r6i1p1f1,2029,05,24,0.007083547010754356,23.960188,8.38121,2029
5258,r6i1p1f1,2029,05,25,4.464429297124535,16.410648,-0.6947667,2029
5259,r6i1p1f1,2029,05,26,5.452350949160595,14.314753,0.37181684,2029
5260,r6i1p1f1,2029,05,27,0.5508873473162873,19.333214,3.303925,2029
5261,r6i1p1f1,2029,05,28,0.0,24.323484,4.217526,2029
5262,r6i1p1f1,2029,05,29,0.0,26.354008,7.0280375,2029
5263,r6i1p1f1,2029,05,30,0.0,28.289993,11.482723,2029
5264,r6i1p1f1,2029,05,31,0.005660199584592273,27.783241,9.244888,2029
5265,r6i1p1f1,2029,06,01,0.11662764186758141,25.93018,8.710847,2029
5266,r6i1p1f1,2029,06,02,0.0,26.105114,5.9872017,2029
5267,r6i1p1f1,2029,06,03,0.0,25.464586,6.528547,2029
5268,r6i1p1f1,2029,06,04,0.0,24.704147,5.6685705,2029
5269,r6i1p1f1,2029,06,05,0.0,24.340153,4.8447785,2029
5270,r6i1p1f1,2029,06,06,0.0,25.90947,5.8688874,2029
5271,r6i1p1f1,2029,06,07,0.0,28.747557,9.394897,2029
5272,r6i1p1f1,2029,06,08,0.030569333854609693,26.976837,7.2687044,2029
5273,r6i1p1f1,2029,06,09,0.10958303276300019,16.182905,-2.2096884,2029
5274,r6i1p1f1,2029,06,10,0.0,18.487589,3.050749,2029
5275,r6i1p1f1,2029,06,11,0.8288282649126891,16.98797,-0.7982682,2029
5276,r6i1p1f1,2029,06,12,0.0,17.761356,1.326067,2029
5277,r6i1p1f1,2029,06,13,0.11734740171207372,20.912325,3.2843485,2029
5278,r6i1p1f1,2029,06,14,0.1323863225968744,19.320429,3.0129485,2029
5279,r6i1p1f1,2029,06,15,0.0,21.422144,1.2121456,2029
5280,r6i1p1f1,2029,06,16,0.0,25.642653,5.944551,2029
5281,r6i1p1f1,2029,06,17,0.0045778335779303025,28.312626,7.5238113,2029
5282,r6i1p1f1,2029,06,18,0.103989989047657,29.179518,8.996164,2029
5283,r6i1p1f1,2029,06,19,0.579303490385141,27.180014,9.216355,2029
5284,r6i1p1f1,2029,06,20,0.11369080184687592,25.140034,5.308494,2029
5285,r6i1p1f1,2029,06,21,2.7420501757645948,24.438719,4.3241177,2029
5286,r6i1p1f1,2029,06,22,4.883310895708422,26.62146,9.12052,2029
5287,r6i1p1f1,2029,06,23,0.8023358697401487,21.22398,7.911328,2029
5288,r6i1p1f1,2029,06,24,0.8112819100108002,22.904259,5.4470415,2029
5289,r6i1p1f1,2029,06,25,0.2087231856067686,29.279554,8.662127,2029
5290,r6i1p1f1,2029,06,26,0.0,30.620428,10.508205,2029
5291,r6i1p1f1,2029,06,27,0.0,30.105705,12.334538,2029
5292,r6i1p1f1,2029,06,28,0.0,32.421547,11.894987,2029
5293,r6i1p1f1,2029,06,29,0.0,31.29785,10.885975,2029
5294,r6i1p1f1,2029,06,30,0.0,30.33519,9.443243,2029
5295,r6i1p1f1,2029,07,01,0.0,29.190825,7.6418,2029
5296,r6i1p1f1,2029,07,02,0.0,29.461447,8.352182,2029
5297,r6i1p1f1,2029,07,03,0.0,29.00001,8.239044,2029
5298,r6i1p1f1,2029,07,04,0.0,26.928694,7.178133,2029
5299,r6i1p1f1,2029,07,05,0.0,27.542158,6.508135,2029
5300,r6i1p1f1,2029,07,06,0.019372891316629393,27.470255,8.568518,2029
5301,r6i1p1f1,2029,07,07,0.0,28.438707,6.353957,2029
5302,r6i1p1f1,2029,07,08,0.0,29.872711,8.996462,2029
5303,r6i1p1f1,2029,07,09,0.0,30.32413,8.799747,2029
5304,r6i1p1f1,2029,07,10,0.0,30.768475,9.007913,2029
5305,r6i1p1f1,2029,07,11,0.0,31.120527,10.663213,2029
5306,r6i1p1f1,2029,07,12,0.0,30.16967,11.686493,2029
5307,r6i1p1f1,2029,07,13,0.005464287582891413,28.629816,9.260516,2029
5308,r6i1p1f1,2029,07,14,0.0,30.351469,8.995361,2029
5309,r6i1p1f1,2029,07,15,0.005168858811891807,31.263737,10.361145,2029
5310,r6i1p1f1,2029,07,16,0.015537073703791114,32.849648,12.162497,2029
5311,r6i1p1f1,2029,07,17,0.006004496230402855,34.391502,14.243434,2029
5312,r6i1p1f1,2029,07,18,1.2168435315018875,32.162857,11.326777,2029
5313,r6i1p1f1,2029,07,19,0.02540122435416007,30.637152,10.623435,2029
5314,r6i1p1f1,2029,07,20,0.0062735025713221235,29.482817,8.917633,2029
5315,r6i1p1f1,2029,07,21,0.0,29.83824,8.598282,2029
5316,r6i1p1f1,2029,07,22,0.0,31.432795,9.9405365,2029
5317,r6i1p1f1,2029,07,23,0.0,32.221653,10.554204,2029
5318,r6i1p1f1,2029,07,24,0.0,33.27345,11.946789,2029
5319,r6i1p1f1,2029,07,25,0.9644159616007874,32.68991,12.2032795,2029
5320,r6i1p1f1,2029,07,26,0.11400872290211801,31.889606,11.964255,2029
5321,r6i1p1f1,2029,07,27,0.0,32.11203,10.591369,2029
5322,r6i1p1f1,2029,07,28,0.0,32.962017,10.992253,2029
5323,r6i1p1f1,2029,07,29,0.0,32.433613,11.43828,2029
5324,r6i1p1f1,2029,07,30,0.0,30.086746,9.40555,2029
5325,r6i1p1f1,2029,07,31,0.0002548716651108504,29.371752,10.482819,2029
5326,r6i1p1f1,2029,08,01,0.06817654401458882,30.97137,10.773371,2029
5327,r6i1p1f1,2029,08,02,0.0,32.65658,11.190283,2029
5328,r6i1p1f1,2029,08,03,0.0,33.656067,12.852,2029
5329,r6i1p1f1,2029,08,04,0.0,33.230373,11.89975,2029
5330,r6i1p1f1,2029,08,05,0.17705695606080307,32.094494,11.178596,2029
5331,r6i1p1f1,2029,08,06,0.006466965861932112,30.600882,10.474289,2029
5332,r6i1p1f1,2029,08,07,0.0,28.93979,9.063877,2029
5333,r6i1p1f1,2029,08,08,0.0,30.718922,9.869807,2029
5334,r6i1p1f1,2029,08,09,0.0,30.917435,10.185712,2029
5335,r6i1p1f1,2029,08,10,0.0,31.893702,10.307282,2029
5336,r6i1p1f1,2029,08,11,0.0,31.930418,11.54975,2029
5337,r6i1p1f1,2029,08,12,0.7653889702504226,32.129097,11.738921,2029
5338,r6i1p1f1,2029,08,13,0.002720630828953426,30.616858,10.904124,2029
5339,r6i1p1f1,2029,08,14,0.0014063467150668548,31.340765,10.530895,2029
5340,r6i1p1f1,2029,08,15,0.0,32.35111,10.809961,2029
5341,r6i1p1f1,2029,08,16,0.0,31.76143,10.832608,2029
5342,r6i1p1f1,2029,08,17,0.0,30.615694,9.499684,2029
5343,r6i1p1f1,2029,08,18,0.0,25.964466,6.2274823,2029
5344,r6i1p1f1,2029,08,19,0.0,25.826286,6.243409,2029
5345,r6i1p1f1,2029,08,20,0.0,28.470848,7.698336,2029
5346,r6i1p1f1,2029,08,21,0.0,28.919937,8.627892,2029
5347,r6i1p1f1,2029,08,22,0.0,29.957485,9.6550865,2029
5348,r6i1p1f1,2029,08,23,0.0,30.862932,11.032803,2029
5349,r6i1p1f1,2029,08,24,0.0,31.376614,10.130757,2029
5350,r6i1p1f1,2029,08,25,0.0,31.368048,10.8272085,2029
5351,r6i1p1f1,2029,08,26,0.0,29.40124,8.176093,2029
5352,r6i1p1f1,2029,08,27,0.0,27.350979,6.841634,2029
5353,r6i1p1f1,2029,08,28,0.0,26.738194,6.3767343,2029
5354,r6i1p1f1,2029,08,29,0.0,27.868824,7.008489,2029
5355,r6i1p1f1,2029,08,30,0.0,28.1577,6.32825,2029
5356,r6i1p1f1,2029,08,31,0.0,30.840569,7.8588595,2029
5357,r6i1p1f1,2029,09,01,0.0,31.900364,10.720406,2029
5358,r6i1p1f1,2029,09,02,0.03127575201643924,31.652742,11.7500725,2029
5359,r6i1p1f1,2029,09,03,0.4326972677374029,26.049736,8.492736,2029
5360,r6i1p1f1,2029,09,04,1.280963230460659,24.150433,8.214623,2029
5361,r6i1p1f1,2029,09,05,0.0801568299786249,26.160418,9.021071,2029
5362,r6i1p1f1,2029,09,06,1.2182679699259085,26.459389,8.505518,2029
5363,r6i1p1f1,2029,09,07,0.013853623806619654,26.470959,7.304177,2029
5364,r6i1p1f1,2029,09,08,0.0,27.908936,8.4853945,2029
5365,r6i1p1f1,2029,09,09,0.0,29.354061,8.175368,2029
5366,r6i1p1f1,2029,09,10,0.0,29.394802,7.4431663,2029
5367,r6i1p1f1,2029,09,11,0.09422560258861706,28.719584,7.936103,2029
5368,r6i1p1f1,2029,09,12,1.1781434771757986,27.87895,9.138667,2029
5369,r6i1p1f1,2029,09,13,0.0,25.989494,7.414144,2029
5370,r6i1p1f1,2029,09,14,0.5487968578635053,24.031889,4.255522,2029
5371,r6i1p1f1,2029,09,15,3.792855223572481,17.808039,1.6489049,2029
5372,r6i1p1f1,2029,09,16,0.1985657059521024,20.393385,4.73602,2029
5373,r6i1p1f1,2029,09,17,8.121873078828003,17.921436,6.129752,2029
5374,r6i1p1f1,2029,09,18,0.03793415154079931,20.38718,4.386367,2029
5375,r6i1p1f1,2029,09,19,0.0,25.829357,5.1440783,2029
5376,r6i1p1f1,2029,09,20,0.0,29.224936,8.6211195,2029
5377,r6i1p1f1,2029,09,21,0.0,30.28422,10.266882,2029
5378,r6i1p1f1,2029,09,22,2.4278428751864327,30.238518,12.323195,2029
5379,r6i1p1f1,2029,09,23,4.1738997957072606,20.401546,2.9843898,2029
5380,r6i1p1f1,2029,09,24,7.1356323675058615,20.51567,3.7201788,2029
5381,r6i1p1f1,2029,09,25,0.0,19.513292,2.351399,2029
5382,r6i1p1f1,2029,09,26,0.0,20.52131,2.8024478,2029
5383,r6i1p1f1,2029,09,27,0.0,22.964748,5.1317854,2029
5384,r6i1p1f1,2029,09,28,0.0,24.220974,6.5144434,2029
5385,r6i1p1f1,2029,09,29,0.0032870163456006707,25.028364,9.198676,2029
5386,r6i1p1f1,2029,09,30,0.0,23.261858,10.536851,2029
5387,r6i1p1f1,2029,10,01,0.5930485230440241,21.528603,7.3293943,2029
5388,r6i1p1f1,2029,10,02,1.6139112725970708,24.171076,5.152086,2029
5389,r6i1p1f1,2029,10,03,0.0,26.241402,9.586657,2029
5390,r6i1p1f1,2029,10,04,0.005689604273320019,26.23881,6.507017,2029
5391,r6i1p1f1,2029,10,05,0.008437557338433562,25.601614,8.45825,2029
5392,r6i1p1f1,2029,10,06,0.0,25.960867,6.9031644,2029
5393,r6i1p1f1,2029,10,07,0.0,25.600534,5.4553943,2029
5394,r6i1p1f1,2029,10,08,0.0,23.59053,5.7528377,2029
5395,r6i1p1f1,2029,10,09,0.0,22.661007,3.4789298,2029
5396,r6i1p1f1,2029,10,10,0.0,23.92189,4.5849867,2029
5397,r6i1p1f1,2029,10,11,0.0,25.045424,4.5615835,2029
5398,r6i1p1f1,2029,10,12,0.0,26.388382,6.746621,2029
5399,r6i1p1f1,2029,10,13,0.0,25.314898,3.4737718,2029
5400,r6i1p1f1,2029,10,14,0.004570324641654754,24.043648,2.1464777,2029
5401,r6i1p1f1,2029,10,15,8.52109561187496,17.15189,3.080399,2029
5402,r6i1p1f1,2029,10,16,0.24392069364717514,14.49726,5.4926376,2029
5403,r6i1p1f1,2029,10,17,0.0,17.93929,2.279927,2029
5404,r6i1p1f1,2029,10,18,0.0,15.97713,2.8440585,2029
5405,r6i1p1f1,2029,10,19,2.7474809188310316,15.42346,4.86411,2029
5406,r6i1p1f1,2029,10,20,0.0,13.872955,-0.027504623,2029
5407,r6i1p1f1,2029,10,21,0.0,19.273848,0.61428785,2029
5408,r6i1p1f1,2029,10,22,0.0,23.76058,3.6504245,2029
5409,r6i1p1f1,2029,10,23,0.0,23.361235,4.21785,2029
5410,r6i1p1f1,2029,10,24,0.0,21.116486,5.4328647,2029
5411,r6i1p1f1,2029,10,25,0.0,18.147158,5.6062007,2029
5412,r6i1p1f1,2029,10,26,0.0,19.67634,3.4856899,2029
5413,r6i1p1f1,2029,10,27,0.0,20.148346,3.6342134,2029
5414,r6i1p1f1,2029,10,28,0.0,23.51378,4.7021303,2029
5415,r6i1p1f1,2029,10,29,0.0,24.227398,6.2901115,2029
5416,r6i1p1f1,2029,10,30,0.0,23.21738,5.842635,2029
5417,r6i1p1f1,2029,10,31,0.0,23.754948,5.1695886,2029
5418,r6i1p1f1,2029,11,01,0.0,23.91253,4.69451,2029
5419,r6i1p1f1,2029,11,02,0.0,23.521532,5.8282266,2029
5420,r6i1p1f1,2029,11,03,0.0,20.205118,5.0293813,2029
5421,r6i1p1f1,2029,11,04,0.0,13.813027,0.41145578,2029
5422,r6i1p1f1,2029,11,05,0.0,18.089216,0.046249513,2029
5423,r6i1p1f1,2029,11,06,0.0,18.669315,2.6234972,2029
5424,r6i1p1f1,2029,11,07,0.0,18.549889,1.91104,2029
5425,r6i1p1f1,2029,11,08,0.0,17.398842,0.64508784,2029
5426,r6i1p1f1,2029,11,09,3.480152757416394,14.126,2.319806,2029
5427,r6i1p1f1,2029,11,10,0.0,13.131854,5.7041683,2029
5428,r6i1p1f1,2029,11,11,0.00011278655210334185,12.789324,4.5230427,2029
5429,r6i1p1f1,2029,11,12,15.59449738479239,11.673663,0.75659984,2029
5430,r6i1p1f1,2029,11,13,0.2405720654138045,8.606737,-1.5524459,2029
5431,r6i1p1f1,2029,11,14,0.8601640882592112,6.165028,-4.6184154,2029
5432,r6i1p1f1,2029,11,15,10.5018040624371,7.5061097,0.3533,2029
5433,r6i1p1f1,2029,11,16,12.958864852669041,9.156773,0.686646,2029
5434,r6i1p1f1,2029,11,17,0.6560833438978799,8.41032,-3.442719,2029
5435,r6i1p1f1,2029,11,18,0.0,4.5793433,-6.216621,2029
5436,r6i1p1f1,2029,11,19,6.688413713128269,2.8783426,-8.841934,2029
5437,r6i1p1f1,2029,11,20,31.530606877368605,6.3834567,-6.5532694,2029
5438,r6i1p1f1,2029,11,21,4.107246394482693,4.4023633,-1.9614689,2029
5439,r6i1p1f1,2029,11,22,0.2434138381734049,3.775082,-5.083825,2029
5440,r6i1p1f1,2029,11,23,15.969144254812269,5.742724,-3.7681522,2029
5441,r6i1p1f1,2029,11,24,0.05603082770051576,10.780453,-1.9804707,2029
5442,r6i1p1f1,2029,11,25,0.0,12.613039,-0.7601483,2029
5443,r6i1p1f1,2029,11,26,0.0,11.464105,1.2891204,2029
5444,r6i1p1f1,2029,11,27,3.2766440673679935,11.711554,2.6730363,2029
5445,r6i1p1f1,2029,11,28,43.59633129925993,12.467758,4.569273,2029
5446,r6i1p1f1,2029,11,29,58.836822520065674,14.146335,7.230076,2029
5447,r6i1p1f1,2029,11,30,40.63821339562639,12.925113,0.18588518,2029
5448,r6i1p1f1,2029,12,01,0.030765973532959155,8.367196,0.16304776,2029
5449,r6i1p1f1,2029,12,02,0.0013081222952541138,10.250635,-4.146514,2029
5450,r6i1p1f1,2029,12,03,0.0030243484689622623,11.757678,-2.0381474,2029
5451,r6i1p1f1,2029,12,04,3.7411052859749447,11.258186,0.045888733,2029
5452,r6i1p1f1,2029,12,05,2.5172749052641965,10.250459,1.7175514,2029
5453,r6i1p1f1,2029,12,06,16.081096971542582,13.246228,2.632133,2029
5454,r6i1p1f1,2029,12,07,0.0007214769913916008,12.924334,6.6532936,2029
5455,r6i1p1f1,2029,12,08,28.268446218732,11.814287,4.3180633,2029
5456,r6i1p1f1,2029,12,09,1.5861630767671,10.905095,0.6449933,2029
5457,r6i1p1f1,2029,12,10,0.025663639858122648,9.264934,0.63340306,2029
5458,r6i1p1f1,2029,12,11,0.0,8.33116,-5.2090364,2029
5459,r6i1p1f1,2029,12,12,0.06583007141147243,6.1515274,-3.260951,2029
5460,r6i1p1f1,2029,12,13,0.0,6.0326257,-2.4813395,2029
5461,r6i1p1f1,2029,12,14,0.0,4.168133,-7.0021634,2029
5462,r6i1p1f1,2029,12,15,0.01686234105059538,2.3277075,-6.2513456,2029
5463,r6i1p1f1,2029,12,16,15.414620306490956,2.9091213,-3.778974,2029
5464,r6i1p1f1,2029,12,17,15.026286790788813,6.386205,-1.5029637,2029
5465,r6i1p1f1,2029,12,18,14.648270339824654,14.585812,2.5567715,2029
5466,r6i1p1f1,2029,12,19,30.905284104153665,15.233256,-0.0044781896,2029
5467,r6i1p1f1,2029,12,20,0.020834943262513235,4.7835827,-1.3391834,2029
5468,r6i1p1f1,2029,12,21,0.0,5.1527777,-8.411333,2029
5469,r6i1p1f1,2029,12,22,0.0,5.4821076,-8.092747,2029
5470,r6i1p1f1,2029,12,23,0.00023813002030024198,5.845854,-4.5346355,2029
5471,r6i1p1f1,2029,12,24,0.004936525078810441,8.688997,-5.1140757,2029
5472,r6i1p1f1,2029,12,25,0.010914394164951702,9.6862335,-3.8725686,2029
5473,r6i1p1f1,2029,12,26,0.07462447058355756,6.907563,-1.8748845,2029
5474,r6i1p1f1,2029,12,27,0.3904843202580386,8.39311,0.15863514,2029
5475,r6i1p1f1,2029,12,28,1.7202993619605573,8.317066,0.20575403,2029
5476,r6i1p1f1,2029,12,29,3.1806721118944226,9.588166,3.0758467,2029
5477,r6i1p1f1,2029,12,30,34.15498192039659,8.732879,2.215023,2029
5478,r6i1p1f1,2029,12,31,42.16295729175619,9.236789,1.7409908,2029
5479,r6i1p1f1,2030,01,01,51.464083939704864,12.824617,1.6590014,2030
5480,r6i1p1f1,2030,01,02,62.66622843560805,12.525183,-1.311336,2030
5481,r6i1p1f1,2030,01,03,0.004315387112745896,4.347953,-3.675216,2030
5482,r6i1p1f1,2030,01,04,21.319648103346353,4.1173177,-2.2987473,2030
5483,r6i1p1f1,2030,01,05,5.962234415820413,7.329273,-2.4942565,2030
5484,r6i1p1f1,2030,01,06,17.8832157585824,12.960812,4.266293,2030
5485,r6i1p1f1,2030,01,07,5.375227739170586,11.40999,-2.4285283,2030
5486,r6i1p1f1,2030,01,08,0.0,6.2096996,-5.8158937,2030
5487,r6i1p1f1,2030,01,09,0.0,7.493411,-4.6652336,2030
5488,r6i1p1f1,2030,01,10,0.01155506057716022,6.0098324,-3.7766907,2030
5489,r6i1p1f1,2030,01,11,0.0,8.399805,-0.5980534,2030
5490,r6i1p1f1,2030,01,12,19.206213011120116,5.2335,-2.189605,2030
5491,r6i1p1f1,2030,01,13,0.007955209064273236,6.1448994,-5.164301,2030
5492,r6i1p1f1,2030,01,14,14.15100062274291,2.423997,-5.2288356,2030
5493,r6i1p1f1,2030,01,15,10.30836886580093,4.065457,-2.2709682,2030
5494,r6i1p1f1,2030,01,16,10.704286348376742,5.710459,-2.0287864,2030
5495,r6i1p1f1,2030,01,17,28.31936973519922,7.676761,-5.861474,2030
5496,r6i1p1f1,2030,01,18,6.659733016167612,2.1912217,-3.7936246,2030
5497,r6i1p1f1,2030,01,19,37.865226052994906,9.890875,-2.9674268,2030
5498,r6i1p1f1,2030,01,20,58.60361520062588,11.96147,1.7760549,2030
5499,r6i1p1f1,2030,01,21,11.175057138737957,4.3457174,-4.7355075,2030
5500,r6i1p1f1,2030,01,22,0.030639957210082103,4.4551725,-7.40711,2030
5501,r6i1p1f1,2030,01,23,12.36809488700178,0.59541374,-4.58198,2030
5502,r6i1p1f1,2030,01,24,0.07435838819470326,2.476075,-4.9970846,2030
5503,r6i1p1f1,2030,01,25,0.016856975896913932,3.7350333,-5.585353,2030
5504,r6i1p1f1,2030,01,26,0.0,6.7703977,-6.5788546,2030
5505,r6i1p1f1,2030,01,27,0.0,10.810051,-3.3629982,2030
5506,r6i1p1f1,2030,01,28,0.1542358286001458,8.593542,-0.19051589,2030
5507,r6i1p1f1,2030,01,29,7.477295579223572,3.5785768,-4.6570287,2030
5508,r6i1p1f1,2030,01,30,0.0002040596670639875,4.951386,-5.9879565,2030
5509,r6i1p1f1,2030,01,31,0.0,7.7749333,-7.4308867,2030
5510,r6i1p1f1,2030,02,01,3.2397958953641237,5.8178644,-6.8863864,2030
5511,r6i1p1f1,2030,02,02,39.72273737158306,9.747531,-1.2760146,2030
5512,r6i1p1f1,2030,02,03,12.857329522091288,10.197708,0.5956534,2030
5513,r6i1p1f1,2030,02,04,24.200188574293875,8.659144,1.7959211,2030
5514,r6i1p1f1,2030,02,05,6.8422168929968326,6.111185,-2.71056,2030
5515,r6i1p1f1,2030,02,06,0.0,8.151807,-6.8371143,2030
5516,r6i1p1f1,2030,02,07,0.007191996776348529,7.0746937,-7.231041,2030
5517,r6i1p1f1,2030,02,08,0.3322472451149961,5.4564133,-2.7303247,2030
5518,r6i1p1f1,2030,02,09,0.02744114214324694,6.891624,-7.299895,2030
5519,r6i1p1f1,2030,02,10,12.448410221253276,3.59356,-4.5898833,2030
5520,r6i1p1f1,2030,02,11,1.0396633528526757,3.3342083,-4.9853683,2030
5521,r6i1p1f1,2030,02,12,0.0,7.1613812,-6.6108475,2030
5522,r6i1p1f1,2030,02,13,0.006855547418237979,6.5933385,-3.2616184,2030
5523,r6i1p1f1,2030,02,14,0.006644466580795811,6.189518,0.89591837,2030
5524,r6i1p1f1,2030,02,15,0.0,9.825401,-6.064926,2030
5525,r6i1p1f1,2030,02,16,0.0,12.246315,-3.7910173,2030
5526,r6i1p1f1,2030,02,17,0.0,10.738434,-0.3300504,2030
5527,r6i1p1f1,2030,02,18,0.11819890602441202,12.689489,-1.7969972,2030
5528,r6i1p1f1,2030,02,19,8.324808646158512,9.56116,-1.6267831,2030
5529,r6i1p1f1,2030,02,20,4.527813584800441,8.379094,-1.7466134,2030
5530,r6i1p1f1,2030,02,21,3.748939204858261,8.733082,-4.3421497,2030
5531,r6i1p1f1,2030,02,22,32.118281359733096,8.411331,-0.6482346,2030
5532,r6i1p1f1,2030,02,23,8.780418427288371,5.607754,-0.47791693,2030
5533,r6i1p1f1,2030,02,24,14.138720935394698,5.4946694,-2.8201811,2030
5534,r6i1p1f1,2030,02,25,6.462621691713588,3.901282,-3.3919668,2030
5535,r6i1p1f1,2030,02,26,0.0011492692984895454,6.6471267,-6.2032533,2030
5536,r6i1p1f1,2030,02,27,0.0,7.446527,-6.719524,2030
5537,r6i1p1f1,2030,02,28,0.0,9.059527,-4.1404653,2030
5538,r6i1p1f1,2030,03,01,0.017531787087905773,11.769061,-4.5835314,2030
5539,r6i1p1f1,2030,03,02,0.020612487374544332,9.016473,-3.8556428,2030
5540,r6i1p1f1,2030,03,03,0.02576120078643271,1.3253388,-12.280906,2030
5541,r6i1p1f1,2030,03,04,4.523789204458609,3.1889207,-4.1214566,2030
5542,r6i1p1f1,2030,03,05,47.54720195980553,2.042213,-5.0446005,2030
5543,r6i1p1f1,2030,03,06,60.97590650918006,1.6629589,-4.004041,2030
5544,r6i1p1f1,2030,03,07,61.14580447963881,1.9172117,-3.8985076,2030
5545,r6i1p1f1,2030,03,08,0.3139708018493849,5.8172708,-14.412693,2030
5546,r6i1p1f1,2030,03,09,3.706777203062748,1.6756138,-5.8822074,2030
5547,r6i1p1f1,2030,03,10,0.01444981576108166,5.5225124,-8.975824,2030
5548,r6i1p1f1,2030,03,11,0.0,7.3932524,-12.684748,2030
5549,r6i1p1f1,2030,03,12,0.0,5.747757,-11.173207,2030
5550,r6i1p1f1,2030,03,13,9.923560483759953,5.098791,-1.8770139,2030
5551,r6i1p1f1,2030,03,14,0.0,6.8502064,-13.385199,2030
5552,r6i1p1f1,2030,03,15,0.0,8.634776,-10.363871,2030
5553,r6i1p1f1,2030,03,16,1.0355155736593715,5.0837817,-3.9868326,2030
5554,r6i1p1f1,2030,03,17,0.0,7.7044597,1.5328432,2030
5555,r6i1p1f1,2030,03,18,0.0,11.482811,-5.502378,2030
5556,r6i1p1f1,2030,03,19,1.7608106512468809,9.204425,-1.2399393,2030
5557,r6i1p1f1,2030,03,20,20.15958189286565,4.7969522,-2.4059374,2030
5558,r6i1p1f1,2030,03,21,10.798269851682296,3.1034079,-4.221589,2030
5559,r6i1p1f1,2030,03,22,1.0117887262282905,6.2403116,-9.53644,2030
5560,r6i1p1f1,2030,03,23,0.0,9.962972,-5.5856066,2030
5561,r6i1p1f1,2030,03,24,0.0,12.344136,0.0019339435,2030
5562,r6i1p1f1,2030,03,25,0.03272779244978053,9.992752,0.3083613,2030
5563,r6i1p1f1,2030,03,26,0.0,11.857181,-4.611769,2030
5564,r6i1p1f1,2030,03,27,0.0,13.134005,-4.3316693,2030
5565,r6i1p1f1,2030,03,28,0.0,15.837557,-3.1628687,2030
5566,r6i1p1f1,2030,03,29,0.0,15.847517,-2.5575123,2030
5567,r6i1p1f1,2030,03,30,0.0,12.834478,-1.7036755,2030
5568,r6i1p1f1,2030,03,31,0.0,11.944517,-6.7587895,2030
5569,r6i1p1f1,2030,04,01,0.0,13.88047,-2.2087433,2030
5570,r6i1p1f1,2030,04,02,0.007487457309178072,16.240181,0.301967,2030
5571,r6i1p1f1,2030,04,03,0.020794385348141535,15.431293,-1.4771719,2030
5572,r6i1p1f1,2030,04,04,0.0,11.609867,-5.7365417,2030
5573,r6i1p1f1,2030,04,05,0.0,14.895371,-6.0601325,2030
5574,r6i1p1f1,2030,04,06,0.0,18.106636,-3.1930308,2030
5575,r6i1p1f1,2030,04,07,2.388567758263752,12.085595,-5.033268,2030
5576,r6i1p1f1,2030,04,08,2.499391000418728,5.0729265,-2.924833,2030
5577,r6i1p1f1,2030,04,09,0.5939033383013882,6.9029355,-4.679873,2030
5578,r6i1p1f1,2030,04,10,1.0513148508293486,9.205274,-2.0129972,2030
5579,r6i1p1f1,2030,04,11,9.290382952612202,6.1584535,-3.8874657,2030
5580,r6i1p1f1,2030,04,12,0.0,10.829931,-4.5262084,2030
5581,r6i1p1f1,2030,04,13,0.0,11.6926775,-3.671979,2030
5582,r6i1p1f1,2030,04,14,0.0,14.974773,-1.2212361,2030
5583,r6i1p1f1,2030,04,15,0.0,17.882357,-0.111038774,2030
5584,r6i1p1f1,2030,04,16,0.0,18.614397,1.1968089,2030
5585,r6i1p1f1,2030,04,17,0.0,19.590448,3.4596453,2030
5586,r6i1p1f1,2030,04,18,0.0,25.421606,3.8648612,2030
5587,r6i1p1f1,2030,04,19,0.0,25.499683,7.2430544,2030
5588,r6i1p1f1,2030,04,20,6.805329637331489,19.788145,2.3325658,2030
5589,r6i1p1f1,2030,04,21,5.511427557517961,13.93498,-2.1697867,2030
5590,r6i1p1f1,2030,04,22,0.0017933637413787614,11.128409,-4.598328,2030
5591,r6i1p1f1,2030,04,23,0.0,14.7107725,-2.9255738,2030
5592,r6i1p1f1,2030,04,24,0.0,21.218699,0.7042655,2030
5593,r6i1p1f1,2030,04,25,0.0,21.905586,2.761569,2030
5594,r6i1p1f1,2030,04,26,0.09005357256616946,16.977388,-0.7841891,2030
5595,r6i1p1f1,2030,04,27,1.1828330112612437,11.508276,-1.0320495,2030
5596,r6i1p1f1,2030,04,28,0.0,19.549343,1.9631197,2030
5597,r6i1p1f1,2030,04,29,0.0,23.12721,3.765729,2030
5598,r6i1p1f1,2030,04,30,0.0,23.027826,3.8746216,2030
5599,r6i1p1f1,2030,05,01,0.04591235033994559,16.79351,-0.35829526,2030
5600,r6i1p1f1,2030,05,02,0.0,15.116539,-1.7321354,2030
5601,r6i1p1f1,2030,05,03,0.0,18.897577,-0.8039081,2030
5602,r6i1p1f1,2030,05,04,0.0,24.807396,3.0444114,2030
5603,r6i1p1f1,2030,05,05,11.396086836964411,19.782385,2.989336,2030
5604,r6i1p1f1,2030,05,06,13.244548367522526,10.408097,2.275856,2030
5605,r6i1p1f1,2030,05,07,1.0652848079384352,12.515821,-1.9106373,2030
5606,r6i1p1f1,2030,05,08,0.0,18.911835,0.22608697,2030
5607,r6i1p1f1,2030,05,09,0.0,21.521257,0.8083816,2030
5608,r6i1p1f1,2030,05,10,0.0,24.33546,4.2317615,2030
5609,r6i1p1f1,2030,05,11,0.12409798436719632,25.336939,4.9537473,2030
5610,r6i1p1f1,2030,05,12,0.8840274297395013,24.399557,4.864702,2030
5611,r6i1p1f1,2030,05,13,2.196137995221743,19.709711,1.8956375,2030
5612,r6i1p1f1,2030,05,14,1.0884552922418695,18.718954,0.4392771,2030
5613,r6i1p1f1,2030,05,15,1.0463076032325327,22.354263,3.8568878,2030
5614,r6i1p1f1,2030,05,16,1.8396805451417977,25.912674,5.337648,2030
5615,r6i1p1f1,2030,05,17,0.08162881018955753,27.403301,6.89459,2030
5616,r6i1p1f1,2030,05,18,0.17834621188354166,24.872145,7.9853196,2030
5617,r6i1p1f1,2030,05,19,0.16602678111338443,21.308235,4.483744,2030
5618,r6i1p1f1,2030,05,20,0.06628419989822029,25.977188,6.258043,2030
5619,r6i1p1f1,2030,05,21,0.0,26.794004,8.112069,2030
5620,r6i1p1f1,2030,05,22,12.6572514382615,19.011587,-0.05150754,2030
5621,r6i1p1f1,2030,05,23,2.5983536542094883,16.54422,4.6507497,2030
5622,r6i1p1f1,2030,05,24,1.9611959319154033,15.315984,3.3471735,2030
5623,r6i1p1f1,2030,05,25,7.078433646253731,11.396661,2.0110307,2030
5624,r6i1p1f1,2030,05,26,0.7328341646489824,13.960076,-0.22732976,2030
5625,r6i1p1f1,2030,05,27,0.09255796689344696,22.331232,5.1027517,2030
5626,r6i1p1f1,2030,05,28,0.0,27.220798,6.2586546,2030
5627,r6i1p1f1,2030,05,29,0.0,27.555822,8.563503,2030
5628,r6i1p1f1,2030,05,30,0.0,26.024359,7.763898,2030
5629,r6i1p1f1,2030,05,31,0.0,25.81052,7.6072955,2030
5630,r6i1p1f1,2030,06,01,0.0,21.57684,4.276744,2030
5631,r6i1p1f1,2030,06,02,3.1115000096200234,12.51449,-4.6055284,2030
5632,r6i1p1f1,2030,06,03,0.3788421713386026,16.056423,-3.1954348,2030
5633,r6i1p1f1,2030,06,04,0.0,20.361248,0.07092481,2030
5634,r6i1p1f1,2030,06,05,0.5034446239295879,15.411714,-0.015960611,2030
5635,r6i1p1f1,2030,06,06,3.7031617682012397,12.455545,2.3249032,2030
5636,r6i1p1f1,2030,06,07,0.7417877659197173,21.042433,3.7024996,2030
5637,r6i1p1f1,2030,06,08,0.3134443151327019,22.095465,4.2529817,2030
5638,r6i1p1f1,2030,06,09,0.9661312404057316,21.212503,6.623246,2030
5639,r6i1p1f1,2030,06,10,0.01861833675755728,21.918268,4.889218,2030
5640,r6i1p1f1,2030,06,11,0.3803702123743817,21.07222,2.3414073,2030
5641,r6i1p1f1,2030,06,12,1.1872266900563127,21.87438,3.0444446,2030
5642,r6i1p1f1,2030,06,13,0.248757548226805,25.137468,7.715251,2030
5643,r6i1p1f1,2030,06,14,0.0,28.714092,9.334005,2030
5644,r6i1p1f1,2030,06,15,0.0,30.577314,12.064512,2030
5645,r6i1p1f1,2030,06,16,0.0,30.651722,11.243329,2030
5646,r6i1p1f1,2030,06,17,0.0,29.435013,9.690068,2030
5647,r6i1p1f1,2030,06,18,0.608873446227461,26.508669,7.128497,2030
5648,r6i1p1f1,2030,06,19,0.036984490717278135,24.08896,8.122489,2030
5649,r6i1p1f1,2030,06,20,0.00520205758901523,28.726435,8.563687,2030
5650,r6i1p1f1,2030,06,21,0.0,31.077553,9.725053,2030
5651,r6i1p1f1,2030,06,22,0.0,34.282303,13.290666,2030
5652,r6i1p1f1,2030,06,23,0.0,34.654827,13.609296,2030
5653,r6i1p1f1,2030,06,24,0.0,33.715008,13.447107,2030
5654,r6i1p1f1,2030,06,25,0.04196762760974445,33.20947,13.083274,2030
5655,r6i1p1f1,2030,06,26,0.6015821298630601,24.055988,5.002837,2030
5656,r6i1p1f1,2030,06,27,0.5449032688885318,19.08587,4.2613816,2030
5657,r6i1p1f1,2030,06,28,2.5010840480846706,16.794132,2.4513175,2030
5658,r6i1p1f1,2030,06,29,0.01249700008407382,24.872541,7.518442,2030
5659,r6i1p1f1,2030,06,30,0.0,27.582813,7.930136,2030
5660,r6i1p1f1,2030,07,01,0.0,29.900646,8.749083,2030
5661,r6i1p1f1,2030,07,02,1.451977732396805,29.203573,7.9566293,2030
5662,r6i1p1f1,2030,07,03,0.06088458287125927,27.123446,7.6452746,2030
5663,r6i1p1f1,2030,07,04,0.04356081028123456,26.647572,9.862824,2030
5664,r6i1p1f1,2030,07,05,0.0,24.692068,5.343147,2030
5665,r6i1p1f1,2030,07,06,0.0,27.232296,4.3945527,2030
5666,r6i1p1f1,2030,07,07,0.0,29.508358,8.179245,2030
5667,r6i1p1f1,2030,07,08,0.0,29.569002,9.282137,2030
5668,r6i1p1f1,2030,07,09,0.0,29.642262,9.398163,2030
5669,r6i1p1f1,2030,07,10,0.0,29.772568,9.366799,2030
5670,r6i1p1f1,2030,07,11,0.0,30.547516,9.017005,2030
5671,r6i1p1f1,2030,07,12,0.0,30.224594,9.324044,2030
5672,r6i1p1f1,2030,07,13,0.0,28.540964,9.024101,2030
5673,r6i1p1f1,2030,07,14,0.0,33.143585,10.542993,2030
5674,r6i1p1f1,2030,07,15,0.0,34.90154,13.702006,2030
5675,r6i1p1f1,2030,07,16,0.0,35.68766,15.626372,2030
5676,r6i1p1f1,2030,07,17,0.09358501544973616,34.98452,14.464704,2030
5677,r6i1p1f1,2030,07,18,0.0012661226247983597,33.85686,14.747602,2030
5678,r6i1p1f1,2030,07,19,12.31139325771827,31.631313,11.775101,2030
5679,r6i1p1f1,2030,07,20,0.004854807192768318,31.434229,12.265876,2030
5680,r6i1p1f1,2030,07,21,0.023383484346825578,32.30455,13.08082,2030
5681,r6i1p1f1,2030,07,22,0.0,33.56241,13.948172,2030
5682,r6i1p1f1,2030,07,23,0.0772764500886857,33.692284,13.329662,2030
5683,r6i1p1f1,2030,07,24,0.031714889395883857,31.852276,10.830068,2030
5684,r6i1p1f1,2030,07,25,0.0,30.213963,11.155587,2030
5685,r6i1p1f1,2030,07,26,0.0,31.52933,10.760627,2030
5686,r6i1p1f1,2030,07,27,0.0,31.734465,10.417891,2030
5687,r6i1p1f1,2030,07,28,0.0,32.92629,12.1807375,2030
5688,r6i1p1f1,2030,07,29,0.0,33.05938,13.116778,2030
5689,r6i1p1f1,2030,07,30,0.0,34.174587,11.77827,2030
5690,r6i1p1f1,2030,07,31,0.0,33.916965,11.589071,2030
5691,r6i1p1f1,2030,08,01,0.0,32.220795,10.790827,2030
5692,r6i1p1f1,2030,08,02,0.0,31.34742,11.075981,2030
5693,r6i1p1f1,2030,08,03,0.0,31.898077,11.231925,2030
5694,r6i1p1f1,2030,08,04,0.0,34.534893,12.855367,2030
5695,r6i1p1f1,2030,08,05,0.0,36.52398,14.038968,2030
5696,r6i1p1f1,2030,08,06,0.0,36.382874,14.619921,2030
5697,r6i1p1f1,2030,08,07,0.0008095104101983574,34.364326,12.679974,2030
5698,r6i1p1f1,2030,08,08,0.050002269136274154,32.381786,11.9202795,2030
5699,r6i1p1f1,2030,08,09,1.2814709083899534,30.178059,10.239772,2030
5700,r6i1p1f1,2030,08,10,0.0,27.925585,8.946548,2030
5701,r6i1p1f1,2030,08,11,0.0,27.405462,8.610486,2030
5702,r6i1p1f1,2030,08,12,0.0,27.590818,8.6632395,2030
5703,r6i1p1f1,2030,08,13,0.0,30.30315,9.538478,2030
5704,r6i1p1f1,2030,08,14,0.0,30.41028,10.041094,2030
5705,r6i1p1f1,2030,08,15,0.0,30.037786,8.915748,2030
5706,r6i1p1f1,2030,08,16,0.0,26.537104,6.4615216,2030
5707,r6i1p1f1,2030,08,17,0.0,26.577103,6.0328984,2030
5708,r6i1p1f1,2030,08,18,1.0861938896250154,24.035854,6.4634314,2030
5709,r6i1p1f1,2030,08,19,0.5744035296325778,25.418543,6.3117747,2030
5710,r6i1p1f1,2030,08,20,0.0,31.716265,10.423831,2030
5711,r6i1p1f1,2030,08,21,0.0,32.58868,12.034728,2030
5712,r6i1p1f1,2030,08,22,0.0,34.11692,12.820271,2030
5713,r6i1p1f1,2030,08,23,0.0,35.37328,13.27625,2030
5714,r6i1p1f1,2030,08,24,0.0,32.72214,11.309026,2030
5715,r6i1p1f1,2030,08,25,0.0,24.400269,4.2891345,2030
5716,r6i1p1f1,2030,08,26,0.0,23.163725,2.616535,2030
5717,r6i1p1f1,2030,08,27,0.0,29.795368,7.032416,2030
5718,r6i1p1f1,2030,08,28,0.0,30.586763,8.241158,2030
5719,r6i1p1f1,2030,08,29,0.0,30.633965,8.619481,2030
5720,r6i1p1f1,2030,08,30,0.03617633431651498,29.44659,7.8741083,2030
5721,r6i1p1f1,2030,08,31,0.0004994212552309131,28.727966,7.803464,2030
5722,r6i1p1f1,2030,09,01,0.0,29.470753,10.012216,2030
5723,r6i1p1f1,2030,09,02,0.0,29.83867,9.987626,2030
5724,r6i1p1f1,2030,09,03,0.0,31.631634,12.456083,2030
5725,r6i1p1f1,2030,09,04,0.0,32.125088,12.987035,2030
5726,r6i1p1f1,2030,09,05,0.0,33.288147,12.040291,2030
5727,r6i1p1f1,2030,09,06,0.0,34.50782,12.648204,2030
5728,r6i1p1f1,2030,09,07,0.011598995850281615,34.99527,12.972493,2030
5729,r6i1p1f1,2030,09,08,0.01916161242711542,33.077755,11.017625,2030
5730,r6i1p1f1,2030,09,09,0.0025270929662916434,29.770369,9.054582,2030
5731,r6i1p1f1,2030,09,10,0.0,28.869728,9.318706,2030
5732,r6i1p1f1,2030,09,11,0.0,29.860043,8.3725815,2030
5733,r6i1p1f1,2030,09,12,0.0,30.077194,9.858792,2030
5734,r6i1p1f1,2030,09,13,0.0,29.722956,10.601512,2030
5735,r6i1p1f1,2030,09,14,0.0,27.981035,8.85132,2030
5736,r6i1p1f1,2030,09,15,0.0,28.340471,7.4897795,2030
5737,r6i1p1f1,2030,09,16,0.0,30.926582,9.73141,2030
5738,r6i1p1f1,2030,09,17,0.0,32.46121,10.195847,2030
5739,r6i1p1f1,2030,09,18,0.0,32.80511,10.641972,2030
5740,r6i1p1f1,2030,09,19,0.0,31.043402,9.061089,2030
5741,r6i1p1f1,2030,09,20,0.09505850437384028,22.346058,2.6991656,2030
5742,r6i1p1f1,2030,09,21,0.2688029441163455,16.764473,3.2328286,2030
5743,r6i1p1f1,2030,09,22,3.0049191774791018,14.661384,2.154867,2030
5744,r6i1p1f1,2030,09,23,1.9484238638737887,13.382926,2.9882314,2030
5745,r6i1p1f1,2030,09,24,3.8034813493678117,14.210033,1.0942423,2030
5746,r6i1p1f1,2030,09,25,0.9454317058565743,18.720257,0.6701777,2030
5747,r6i1p1f1,2030,09,26,0.5786221546900352,19.605116,-0.4098864,2030
5748,r6i1p1f1,2030,09,27,0.0,26.006765,4.760854,2030
5749,r6i1p1f1,2030,09,28,0.0,29.429783,9.296915,2030
5750,r6i1p1f1,2030,09,29,0.0,29.13455,8.698206,2030
5751,r6i1p1f1,2030,09,30,0.0,28.331615,8.935205,2030
5752,r6i1p1f1,2030,10,01,0.09000823589811253,21.982254,4.6565537,2030
5753,r6i1p1f1,2030,10,02,0.0,19.048029,1.9493253,2030
5754,r6i1p1f1,2030,10,03,0.2103243935844532,18.456156,2.8878326,2030
5755,r6i1p1f1,2030,10,04,0.0,11.278223,-2.0422904,2030
5756,r6i1p1f1,2030,10,05,0.0,15.268076,-2.9644454,2030
5757,r6i1p1f1,2030,10,06,0.0032725029322822723,16.947525,-0.0011430146,2030
5758,r6i1p1f1,2030,10,07,1.8076392791704907,16.382353,2.8559072,2030
5759,r6i1p1f1,2030,10,08,0.013355055453645525,23.537323,3.561314,2030
5760,r6i1p1f1,2030,10,09,0.0,26.78041,6.394698,2030
5761,r6i1p1f1,2030,10,10,0.0,28.35951,6.5174446,2030
5762,r6i1p1f1,2030,10,11,0.0,27.962662,7.787694,2030
5763,r6i1p1f1,2030,10,12,0.0,24.867756,3.9999197,2030
5764,r6i1p1f1,2030,10,13,0.0,23.999521,5.001196,2030
5765,r6i1p1f1,2030,10,14,0.0,22.964226,5.2086935,2030
5766,r6i1p1f1,2030,10,15,0.0,19.759386,2.098563,2030
5767,r6i1p1f1,2030,10,16,5.9838003983590875,16.883423,2.4544225,2030
5768,r6i1p1f1,2030,10,17,0.028152920801614006,15.341268,2.6135483,2030
5769,r6i1p1f1,2030,10,18,0.0,19.613708,-0.67596495,2030
5770,r6i1p1f1,2030,10,19,0.0,25.035147,2.7092338,2030
5771,r6i1p1f1,2030,10,20,0.0,24.853615,5.491287,2030
5772,r6i1p1f1,2030,10,21,0.0,22.823599,2.4338675,2030
5773,r6i1p1f1,2030,10,22,0.0,22.30025,5.205647,2030
5774,r6i1p1f1,2030,10,23,0.0,22.084196,4.3844934,2030
5775,r6i1p1f1,2030,10,24,0.0,21.775696,2.2788756,2030
5776,r6i1p1f1,2030,10,25,0.0,20.89853,3.4486175,2030
5777,r6i1p1f1,2030,10,26,3.4630628277431437,17.638899,2.296281,2030
5778,r6i1p1f1,2030,10,27,30.773465349692362,11.6637125,4.815803,2030
5779,r6i1p1f1,2030,10,28,8.21708100420034,9.213671,-5.684381,2030
5780,r6i1p1f1,2030,10,29,0.0015262721610648279,8.543012,-4.079118,2030
5781,r6i1p1f1,2030,10,30,0.5816682355322713,10.172589,-0.26946437,2030
5782,r6i1p1f1,2030,10,31,0.33623270256271404,18.397182,4.5940375,2030
5783,r6i1p1f1,2030,11,01,0.0,18.039532,4.104904,2030
5784,r6i1p1f1,2030,11,02,0.0,20.601637,4.1665306,2030
5785,r6i1p1f1,2030,11,03,0.0,24.636404,5.86157,2030
5786,r6i1p1f1,2030,11,04,0.0,23.291521,5.3463144,2030
5787,r6i1p1f1,2030,11,05,0.0,22.33605,4.5169687,2030
5788,r6i1p1f1,2030,11,06,0.06001445817430761,18.4308,3.0865364,2030
5789,r6i1p1f1,2030,11,07,0.6469072513654225,10.21988,-1.0937328,2030
5790,r6i1p1f1,2030,11,08,0.0,10.229409,-4.7041764,2030
5791,r6i1p1f1,2030,11,09,0.0,11.912564,-4.5515714,2030
5792,r6i1p1f1,2030,11,10,5.784444020001122,10.643299,-3.1511612,2030
5793,r6i1p1f1,2030,11,11,1.1786793412748395,4.7092485,-1.5756853,2030
5794,r6i1p1f1,2030,11,12,0.0,7.557523,-7.279438,2030
5795,r6i1p1f1,2030,11,13,0.0,7.711285,-6.3621273,2030
5796,r6i1p1f1,2030,11,14,0.0,7.7847147,-6.5453906,2030
5797,r6i1p1f1,2030,11,15,0.0,10.821049,-5.761292,2030
5798,r6i1p1f1,2030,11,16,0.0,10.788371,-4.667137,2030
5799,r6i1p1f1,2030,11,17,0.0,10.53303,-3.4857645,2030
5800,r6i1p1f1,2030,11,18,0.0,11.170105,-3.0547557,2030
5801,r6i1p1f1,2030,11,19,0.0,11.024565,-2.2290754,2030
5802,r6i1p1f1,2030,11,20,0.4444598264149634,11.479886,-3.0894024,2030
5803,r6i1p1f1,2030,11,21,8.341534525100224,7.698743,-1.2170467,2030
5804,r6i1p1f1,2030,11,22,0.39096417007840745,9.255188,2.1029675,2030
5805,r6i1p1f1,2030,11,23,0.01010206126729783,10.380494,-4.0330596,2030
5806,r6i1p1f1,2030,11,24,3.733154281423596,8.453912,-2.808119,2030
5807,r6i1p1f1,2030,11,25,0.0,7.648569,0.67194134,2030
5808,r6i1p1f1,2030,11,26,0.02184991447746654,8.755848,-3.437023,2030
5809,r6i1p1f1,2030,11,27,0.008981725053422707,13.0565195,1.0649513,2030
5810,r6i1p1f1,2030,11,28,0.0,14.126902,2.1724346,2030
5811,r6i1p1f1,2030,11,29,0.0,15.792789,-1.6332219,2030
5812,r6i1p1f1,2030,11,30,0.0,15.507298,-0.46090522,2030
5813,r6i1p1f1,2030,12,01,0.0,15.35576,0.784494,2030
5814,r6i1p1f1,2030,12,02,0.0,14.050954,0.6657111,2030
5815,r6i1p1f1,2030,12,03,10.89687475038278,6.273546,-1.4400996,2030
5816,r6i1p1f1,2030,12,04,12.56904711318476,4.4574323,-2.5115478,2030
5817,r6i1p1f1,2030,12,05,28.891059607412355,3.0695088,-2.6344595,2030
5818,r6i1p1f1,2030,12,06,19.528040415622833,5.482486,-2.0151634,2030
5819,r6i1p1f1,2030,12,07,33.422637844626465,4.867977,-1.9496381,2030
5820,r6i1p1f1,2030,12,08,3.0993749532325054,3.7339041,-2.7692258,2030
5821,r6i1p1f1,2030,12,09,10.159332136832887,2.7535594,-4.8067803,2030
5822,r6i1p1f1,2030,12,10,4.910445244432798,1.8616503,-8.102425,2030
5823,r6i1p1f1,2030,12,11,9.94334834491769,8.650911,-2.1874778,2030
5824,r6i1p1f1,2030,12,12,20.3778953140068,11.803055,2.470245,2030
5825,r6i1p1f1,2030,12,13,11.824104131646415,10.00442,-2.3011203,2030
5826,r6i1p1f1,2030,12,14,0.0,6.3965917,-5.2635484,2030
5827,r6i1p1f1,2030,12,15,0.0,9.632704,-1.9394523,2030
5828,r6i1p1f1,2030,12,16,0.09309456651247112,8.426279,0.67859846,2030
5829,r6i1p1f1,2030,12,17,3.6747871303784443,8.001549,0.02294475,2030
5830,r6i1p1f1,2030,12,18,1.2183651033714868,10.967852,0.22902648,2030
5831,r6i1p1f1,2030,12,19,11.48482680032408,8.308865,-0.19690333,2030
5832,r6i1p1f1,2030,12,20,34.80497160030169,8.061101,0.42219153,2030
5833,r6i1p1f1,2030,12,21,5.599031977246578,6.0814133,-1.3272417,2030
5834,r6i1p1f1,2030,12,22,16.817072997887415,6.320309,-4.205886,2030
5835,r6i1p1f1,2030,12,23,9.11913106729763,2.2648978,-3.3133142,2030
5836,r6i1p1f1,2030,12,24,6.856663442654818,1.8615897,-6.970651,2030
5837,r6i1p1f1,2030,12,25,7.590037353908559,-0.4756425,-9.422559,2030
5838,r6i1p1f1,2030,12,26,0.0020393213045455812,1.0429379,-10.80803,2030
5839,r6i1p1f1,2030,12,27,0.11652247207266647,1.5792919,-8.250563,2030
5840,r6i1p1f1,2030,12,28,0.009413843941245127,0.02307527,-13.292973,2030
5841,r6i1p1f1,2030,12,29,0.0,0.5963804,-12.735458,2030
5842,r6i1p1f1,2030,12,30,0.0,0.70434886,-12.563837,2030
5843,r6i1p1f1,2030,12,31,0.0,0.71601117,-11.050339,2030
5844,r6i1p1f1,2031,01,01,0.004499684776593137,1.0057669,-7.6440673,2031
5845,r6i1p1f1,2031,01,02,17.90228727272002,2.7239456,-11.228405,2031
5846,r6i1p1f1,2031,01,03,17.069872968193938,4.385362,-1.6828649,2031
5847,r6i1p1f1,2031,01,04,0.22867792001313272,5.2270575,-4.461163,2031
5848,r6i1p1f1,2031,01,05,27.091869499805277,8.2025385,-2.2824438,2031
5849,r6i1p1f1,2031,01,06,15.662229621542664,7.8323565,0.12809105,2031
5850,r6i1p1f1,2031,01,07,19.345982552306985,5.960467,-0.6966857,2031
5851,r6i1p1f1,2031,01,08,18.216611609026643,2.1199012,-3.4415524,2031
5852,r6i1p1f1,2031,01,09,1.727455947527832,2.6828134,-7.064728,2031
5853,r6i1p1f1,2031,01,10,0.0004652377931308549,5.263025,-9.068316,2031
5854,r6i1p1f1,2031,01,11,35.24448469849647,5.2912955,-3.9179301,2031
5855,r6i1p1f1,2031,01,12,0.006945534467830047,5.3171268,-5.2027516,2031
5856,r6i1p1f1,2031,01,13,0.0,3.6376903,-4.550077,2031
5857,r6i1p1f1,2031,01,14,0.0024773447060536815,4.7245345,-1.8640779,2031
5858,r6i1p1f1,2031,01,15,0.008502579547695314,11.194826,-0.21334504,2031
5859,r6i1p1f1,2031,01,16,0.0,14.845082,0.78523344,2031
5860,r6i1p1f1,2031,01,17,0.0,12.44457,1.7395349,2031
5861,r6i1p1f1,2031,01,18,0.0,9.219193,-0.5638416,2031
5862,r6i1p1f1,2031,01,19,0.13134960209875393,6.139952,-3.3116064,2031
5863,r6i1p1f1,2031,01,20,5.455868041130665,3.604987,-2.772332,2031
5864,r6i1p1f1,2031,01,21,15.10879469166192,5.470653,-1.8110119,2031
5865,r6i1p1f1,2031,01,22,1.0542348418673204,9.641166,3.259689,2031
5866,r6i1p1f1,2031,01,23,12.243153267093804,6.598053,-3.1931782,2031
5867,r6i1p1f1,2031,01,24,0.0,3.643032,-7.7247276,2031
5868,r6i1p1f1,2031,01,25,0.6075257517737892,-0.20503995,-8.903849,2031
5869,r6i1p1f1,2031,01,26,0.007298980205877196,0.94553083,-11.959811,2031
5870,r6i1p1f1,2031,01,27,5.1654132780803636e-05,3.418709,-4.2520638,2031
5871,r6i1p1f1,2031,01,28,12.184884722983272,0.93405604,-7.0001087,2031
5872,r6i1p1f1,2031,01,29,8.45682254482193,5.172001,-1.7653307,2031
5873,r6i1p1f1,2031,01,30,0.0007332836563128008,7.4252152,0.75662017,2031
5874,r6i1p1f1,2031,01,31,0.0,8.527336,-2.8748548,2031
5875,r6i1p1f1,2031,02,01,0.0,12.673015,-0.021361327,2031
5876,r6i1p1f1,2031,02,02,12.48108679831927,5.6794577,-0.858352,2031
5877,r6i1p1f1,2031,02,03,6.967425244951707,2.736286,-8.985778,2031
5878,r6i1p1f1,2031,02,04,13.849778303318148,1.3030622,-11.501986,2031
5879,r6i1p1f1,2031,02,05,25.348378258154465,2.8339083,-3.5444167,2031
5880,r6i1p1f1,2031,02,06,38.735619909920246,10.990674,-2.6875174,2031
5881,r6i1p1f1,2031,02,07,37.92687707082485,10.687193,-3.375361,2031
5882,r6i1p1f1,2031,02,08,0.12936460779785106,2.6191812,-8.518328,2031
5883,r6i1p1f1,2031,02,09,0.004403017683926311,5.9809976,-8.161987,2031
5884,r6i1p1f1,2031,02,10,0.0,11.0840435,-2.525664,2031
5885,r6i1p1f1,2031,02,11,1.0193648450215256,7.023709,-1.9454758,2031
5886,r6i1p1f1,2031,02,12,18.40587370478896,5.584736,-0.91279376,2031
5887,r6i1p1f1,2031,02,13,5.355100999466674,3.664557,-2.9369228,2031
5888,r6i1p1f1,2031,02,14,0.05962571026476121,4.6989055,-9.394681,2031
5889,r6i1p1f1,2031,02,15,0.047978272300436574,5.8769636,-4.3901987,2031
5890,r6i1p1f1,2031,02,16,0.5979270258848982,5.668271,-4.7704134,2031
5891,r6i1p1f1,2031,02,17,3.3241952150789955,2.4618006,-7.9093294,2031
5892,r6i1p1f1,2031,02,18,0.010870663705759459,3.870589,-8.638988,2031
5893,r6i1p1f1,2031,02,19,1.6994265791448246,0.7896271,-8.242931,2031
5894,r6i1p1f1,2031,02,20,9.37320071577944,0.8718798,-6.0355377,2031
5895,r6i1p1f1,2031,02,21,10.68147739634307,7.714734,-2.8261864,2031
5896,r6i1p1f1,2031,02,22,9.957792353912772,8.204305,-2.4065747,2031
5897,r6i1p1f1,2031,02,23,1.2464692590658561,12.608016,-1.353286,2031
5898,r6i1p1f1,2031,02,24,0.8077879687803549,12.154759,1.1330707,2031
5899,r6i1p1f1,2031,02,25,22.75779082962402,9.592226,0.9537573,2031
5900,r6i1p1f1,2031,02,26,12.212290580783643,11.31611,4.115043,2031
5901,r6i1p1f1,2031,02,27,0.5692229504691938,13.89505,2.653412,2031
5902,r6i1p1f1,2031,02,28,0.0,14.980323,0.23563461,2031
5903,r6i1p1f1,2031,03,01,0.1807257299801402,15.391697,0.2802749,2031
5904,r6i1p1f1,2031,03,02,0.6465236415329808,13.66536,1.1771712,2031
5905,r6i1p1f1,2031,03,03,9.995254322623957,7.7342725,-0.937872,2031
5906,r6i1p1f1,2031,03,04,2.399022998306979,4.46927,-7.0818977,2031
5907,r6i1p1f1,2031,03,05,18.62053895195078,4.3370614,-4.1134324,2031
5908,r6i1p1f1,2031,03,06,52.097203507269064,7.5677714,-1.9156579,2031
5909,r6i1p1f1,2031,03,07,14.981789691514209,3.6864152,-3.666764,2031
5910,r6i1p1f1,2031,03,08,10.776130419415379,2.529156,-10.361758,2031
5911,r6i1p1f1,2031,03,09,4.454484092427432,6.0143013,-10.87227,2031
5912,r6i1p1f1,2031,03,10,14.551212620024176,6.7934885,-0.44460514,2031
5913,r6i1p1f1,2031,03,11,0.0,11.468265,-6.01878,2031
5914,r6i1p1f1,2031,03,12,0.10744997002406675,9.136197,-0.4786142,2031
5915,r6i1p1f1,2031,03,13,0.07370540368911287,5.35142,-4.381417,2031
5916,r6i1p1f1,2031,03,14,7.737335362654687,2.6109095,-4.815658,2031
5917,r6i1p1f1,2031,03,15,0.004993281253456237,5.1970463,-11.868567,2031
5918,r6i1p1f1,2031,03,16,5.905712452247093,1.7910358,-6.3716693,2031
5919,r6i1p1f1,2031,03,17,2.09518811361359,3.1151922,-10.169389,2031
5920,r6i1p1f1,2031,03,18,0.013217026389319758,3.6137261,-5.739806,2031
5921,r6i1p1f1,2031,03,19,0.0,7.533174,-7.7421474,2031
5922,r6i1p1f1,2031,03,20,0.0,9.012953,-6.0722957,2031
5923,r6i1p1f1,2031,03,21,2.1656893916789017,7.7947726,-3.066006,2031
5924,r6i1p1f1,2031,03,22,0.0,9.001143,-5.3651853,2031
5925,r6i1p1f1,2031,03,23,0.0,9.836531,-3.4096818,2031
5926,r6i1p1f1,2031,03,24,0.0,10.516189,-8.478095,2031
5927,r6i1p1f1,2031,03,25,0.0,12.010835,-6.733658,2031
5928,r6i1p1f1,2031,03,26,0.0,13.878453,-4.4733043,2031
5929,r6i1p1f1,2031,03,27,0.0,13.269201,1.8935236,2031
5930,r6i1p1f1,2031,03,28,0.0,14.653037,-1.7555646,2031
5931,r6i1p1f1,2031,03,29,0.0,17.287405,-2.3683891,2031
5932,r6i1p1f1,2031,03,30,0.0,17.68143,-0.5825685,2031
5933,r6i1p1f1,2031,03,31,0.0,19.328281,0.8632525,2031
5934,r6i1p1f1,2031,04,01,0.0,19.928568,0.6790145,2031
5935,r6i1p1f1,2031,04,02,9.377239468590814,15.733646,0.8959217,2031
5936,r6i1p1f1,2031,04,03,9.832468520123156,11.141837,-3.589353,2031
5937,r6i1p1f1,2031,04,04,0.4641316845735766,4.316998,-3.4168136,2031
5938,r6i1p1f1,2031,04,05,0.0,16.33824,-3.469501,2031
5939,r6i1p1f1,2031,04,06,0.0,21.239124,0.31275147,2031
5940,r6i1p1f1,2031,04,07,2.535958256262996,16.388191,-0.0723323,2031
5941,r6i1p1f1,2031,04,08,2.49083659096671,9.13319,-3.647749,2031
5942,r6i1p1f1,2031,04,09,0.0,14.558101,-0.6954127,2031
5943,r6i1p1f1,2031,04,10,0.10243838475351043,14.709436,-0.63525337,2031
5944,r6i1p1f1,2031,04,11,0.31646083188776053,9.240677,-1.5413222,2031
5945,r6i1p1f1,2031,04,12,0.10304730929553182,8.834637,0.7601733,2031
5946,r6i1p1f1,2031,04,13,0.1196752637216202,10.090829,-2.6183784,2031
5947,r6i1p1f1,2031,04,14,0.0,14.042733,-2.4077294,2031
5948,r6i1p1f1,2031,04,15,0.0,18.103598,0.8125258,2031
5949,r6i1p1f1,2031,04,16,0.0058452940431612185,19.268187,3.9027472,2031
5950,r6i1p1f1,2031,04,17,4.596954091578456,14.628587,-0.79811555,2031
5951,r6i1p1f1,2031,04,18,8.775686703227922,7.8444996,-1.7074088,2031
5952,r6i1p1f1,2031,04,19,3.076456498006213,7.491882,-0.95072633,2031
5953,r6i1p1f1,2031,04,20,0.0032482039459047958,18.61103,-0.7707377,2031
5954,r6i1p1f1,2031,04,21,0.0,22.910664,2.5109482,2031
5955,r6i1p1f1,2031,04,22,0.0,22.433537,3.4514356,2031
5956,r6i1p1f1,2031,04,23,0.00011961284659271299,22.329428,3.9569733,2031
5957,r6i1p1f1,2031,04,24,0.012399353745315617,19.176075,4.0088053,2031
5958,r6i1p1f1,2031,04,25,0.0,20.528593,1.1504145,2031
5959,r6i1p1f1,2031,04,26,0.0,22.196741,2.1603599,2031
5960,r6i1p1f1,2031,04,27,0.9718805973579193,18.24435,1.1439159,2031
5961,r6i1p1f1,2031,04,28,6.792654902850732,11.589672,0.32637477,2031
5962,r6i1p1f1,2031,04,29,1.794128437190889,15.123918,-1.6602821,2031
5963,r6i1p1f1,2031,04,30,0.0,18.157019,4.5192833,2031
5964,r6i1p1f1,2031,05,01,0.017014767232692973,22.063253,4.843267,2031
5965,r6i1p1f1,2031,05,02,0.9404839069923508,20.544556,2.568284,2031
5966,r6i1p1f1,2031,05,03,0.0,23.246475,3.2281601,2031
5967,r6i1p1f1,2031,05,04,1.6146548820269215,18.829866,2.997015,2031
5968,r6i1p1f1,2031,05,05,13.836697669644677,10.523427,-6.2737374,2031
5969,r6i1p1f1,2031,05,06,0.006757085010445941,13.317726,-1.4165423,2031
5970,r6i1p1f1,2031,05,07,0.010805752683902046,14.670161,2.655974,2031
5971,r6i1p1f1,2031,05,08,0.002529131104544147,21.473873,0.74958766,2031
5972,r6i1p1f1,2031,05,09,0.1714985328470587,19.079086,4.091161,2031
5973,r6i1p1f1,2031,05,10,3.7144382324831695,16.34312,5.012035,2031
5974,r6i1p1f1,2031,05,11,6.761908442192746,12.878628,-0.14852186,2031
5975,r6i1p1f1,2031,05,12,0.9543086854928323,13.203443,-5.592702,2031
5976,r6i1p1f1,2031,05,13,1.831614437900083,11.896916,-1.1604885,2031
5977,r6i1p1f1,2031,05,14,2.3464474293409645,12.156394,-0.5884415,2031
5978,r6i1p1f1,2031,05,15,0.7585467782249331,15.340239,0.39800364,2031
5979,r6i1p1f1,2031,05,16,0.0,19.495325,-1.1307824,2031
5980,r6i1p1f1,2031,05,17,0.7548921977926325,17.685482,4.0463667,2031
5981,r6i1p1f1,2031,05,18,8.405497089161985,10.740309,0.03998961,2031
5982,r6i1p1f1,2031,05,19,0.8243009610239489,8.678175,-4.600869,2031
5983,r6i1p1f1,2031,05,20,0.08937228876884386,14.147901,1.1850576,2031
5984,r6i1p1f1,2031,05,21,0.5753545462764178,14.9741745,0.7066576,2031
5985,r6i1p1f1,2031,05,22,1.6324675921452216,12.393096,-3.1391323,2031
5986,r6i1p1f1,2031,05,23,0.0,15.962129,-2.0499122,2031
5987,r6i1p1f1,2031,05,24,0.0,20.786427,0.509647,2031
5988,r6i1p1f1,2031,05,25,0.0,22.933279,4.489282,2031
5989,r6i1p1f1,2031,05,26,0.05146101024475493,23.010405,7.980514,2031
5990,r6i1p1f1,2031,05,27,1.134491023502618,20.503626,2.626975,2031
5991,r6i1p1f1,2031,05,28,0.40734174384893745,21.146025,3.7582395,2031
5992,r6i1p1f1,2031,05,29,1.9440640259881719,16.386955,1.1387099,2031
5993,r6i1p1f1,2031,05,30,2.571011309108208,17.19212,4.1464806,2031
5994,r6i1p1f1,2031,05,31,0.09478768585515154,25.66509,9.542427,2031
5995,r6i1p1f1,2031,06,01,0.04949192836865626,27.806791,6.6444826,2031
5996,r6i1p1f1,2031,06,02,0.4592690586629645,25.615944,7.8744216,2031
5997,r6i1p1f1,2031,06,03,3.1295189704860387,12.766468,-0.95332694,2031
5998,r6i1p1f1,2031,06,04,2.204226287366685,12.939027,1.6048238,2031
5999,r6i1p1f1,2031,06,05,0.37949780949849155,16.204332,2.1613243,2031
6000,r6i1p1f1,2031,06,06,0.0,23.099037,4.0036616,2031
6001,r6i1p1f1,2031,06,07,0.39106845904952964,25.584604,9.248712,2031
6002,r6i1p1f1,2031,06,08,0.637165794989389,26.223911,6.9640336,2031
6003,r6i1p1f1,2031,06,09,0.0,27.375416,8.259392,2031
6004,r6i1p1f1,2031,06,10,2.6200947987394745,23.838015,5.7422585,2031
6005,r6i1p1f1,2031,06,11,0.6163955145346258,20.808125,4.4142885,2031
6006,r6i1p1f1,2031,06,12,0.0,24.294838,8.481371,2031
6007,r6i1p1f1,2031,06,13,0.6659495382566339,21.067162,9.152406,2031
6008,r6i1p1f1,2031,06,14,6.010583623581426,17.580864,6.959803,2031
6009,r6i1p1f1,2031,06,15,0.22087731869749624,20.56307,11.026354,2031
6010,r6i1p1f1,2031,06,16,6.9981940557505595,15.726362,4.5564537,2031
6011,r6i1p1f1,2031,06,17,4.648314079800418,15.14509,3.306812,2031
6012,r6i1p1f1,2031,06,18,0.5017231940082385,20.696106,3.5193276,2031
6013,r6i1p1f1,2031,06,19,0.0,26.971209,6.4432163,2031
6014,r6i1p1f1,2031,06,20,2.98109073696065,22.86513,6.8843637,2031
6015,r6i1p1f1,2031,06,21,2.87989272395719,19.903,2.1158457,2031
6016,r6i1p1f1,2031,06,22,1.0011721580704294,18.456362,1.7513303,2031
6017,r6i1p1f1,2031,06,23,0.0,24.871914,4.6898727,2031
6018,r6i1p1f1,2031,06,24,0.0,27.958889,8.580381,2031
6019,r6i1p1f1,2031,06,25,0.012532958706974275,26.52393,9.230795,2031
6020,r6i1p1f1,2031,06,26,0.026863588207776262,24.810501,5.904306,2031
6021,r6i1p1f1,2031,06,27,6.301969006230325,19.54801,4.739935,2031
6022,r6i1p1f1,2031,06,28,6.510964534768748,14.226946,7.066279,2031
6023,r6i1p1f1,2031,06,29,0.2481291402639866,16.996681,4.2589135,2031
6024,r6i1p1f1,2031,06,30,0.0006710735607254137,21.959728,3.1418777,2031
6025,r6i1p1f1,2031,07,01,0.0,26.320965,5.2902474,2031
6026,r6i1p1f1,2031,07,02,0.0,27.496328,6.950927,2031
6027,r6i1p1f1,2031,07,03,0.0,27.75106,7.713773,2031
6028,r6i1p1f1,2031,07,04,0.0,29.563456,8.423169,2031
6029,r6i1p1f1,2031,07,05,0.0,31.398094,10.669006,2031
6030,r6i1p1f1,2031,07,06,0.0,31.559122,10.838159,2031
6031,r6i1p1f1,2031,07,07,0.0,32.65474,11.034771,2031
6032,r6i1p1f1,2031,07,08,0.0,33.81766,12.824521,2031
6033,r6i1p1f1,2031,07,09,0.013733394770026367,33.67713,12.993809,2031
6034,r6i1p1f1,2031,07,10,0.009281158093446422,32.5866,12.539144,2031
6035,r6i1p1f1,2031,07,11,0.009765073207551976,33.10327,13.505796,2031
6036,r6i1p1f1,2031,07,12,0.016864657810969946,32.754578,12.940491,2031
6037,r6i1p1f1,2031,07,13,1.2358885842001253,32.07433,12.681462,2031
6038,r6i1p1f1,2031,07,14,1.9838139550651388,30.697287,12.67111,2031
6039,r6i1p1f1,2031,07,15,3.600487746791453,27.620306,10.289908,2031
6040,r6i1p1f1,2031,07,16,1.061728224247438,29.44012,11.811989,2031
6041,r6i1p1f1,2031,07,17,0.0,32.016888,14.333821,2031
6042,r6i1p1f1,2031,07,18,0.12300377585461927,32.15393,15.127781,2031
6043,r6i1p1f1,2031,07,19,0.020393669439327515,30.260477,10.197897,2031
6044,r6i1p1f1,2031,07,20,0.0,31.20902,10.994525,2031
6045,r6i1p1f1,2031,07,21,0.0,32.804256,12.526858,2031
6046,r6i1p1f1,2031,07,22,0.0,32.99798,12.209737,2031
6047,r6i1p1f1,2031,07,23,0.0,32.295578,12.0427685,2031
6048,r6i1p1f1,2031,07,24,0.0,31.459406,12.521056,2031
6049,r6i1p1f1,2031,07,25,0.023835395957591664,32.028793,12.948325,2031
6050,r6i1p1f1,2031,07,26,0.0036870306487160848,33.328438,12.493356,2031
6051,r6i1p1f1,2031,07,27,0.005000499263181805,32.15905,13.835752,2031
6052,r6i1p1f1,2031,07,28,1.4026971295681787,32.584255,13.128816,2031
6053,r6i1p1f1,2031,07,29,1.3546921672613066,29.91131,11.187199,2031
6054,r6i1p1f1,2031,07,30,0.011206839135148933,26.711555,8.670713,2031
6055,r6i1p1f1,2031,07,31,2.07247500364199,26.024794,7.4883146,2031
6056,r6i1p1f1,2031,08,01,0.0,25.402073,7.2006855,2031
6057,r6i1p1f1,2031,08,02,0.17376371435125426,24.373838,6.1253405,2031
6058,r6i1p1f1,2031,08,03,0.0,25.485603,7.2080355,2031
6059,r6i1p1f1,2031,08,04,1.1818357053041162,27.64157,8.471031,2031
6060,r6i1p1f1,2031,08,05,0.7946713522782188,26.032118,8.167907,2031
6061,r6i1p1f1,2031,08,06,0.6386402928844575,27.968521,9.074232,2031
6062,r6i1p1f1,2031,08,07,0.0,29.67486,10.4150915,2031
6063,r6i1p1f1,2031,08,08,0.0,31.46394,11.14187,2031
6064,r6i1p1f1,2031,08,09,0.0010743931101118416,31.480843,13.22479,2031
6065,r6i1p1f1,2031,08,10,3.4944967235092705,26.999346,9.624726,2031
6066,r6i1p1f1,2031,08,11,7.221557774270704,20.567898,4.7576623,2031
6067,r6i1p1f1,2031,08,12,3.2506641080068417,17.854689,1.4469272,2031
6068,r6i1p1f1,2031,08,13,0.0,28.063978,7.953827,2031
6069,r6i1p1f1,2031,08,14,0.0,32.661667,11.89578,2031
6070,r6i1p1f1,2031,08,15,0.0,33.929417,13.027984,2031
6071,r6i1p1f1,2031,08,16,0.0,33.790474,13.031478,2031
6072,r6i1p1f1,2031,08,17,0.0,33.54977,13.522028,2031
6073,r6i1p1f1,2031,08,18,0.0,34.00221,14.641015,2031
6074,r6i1p1f1,2031,08,19,0.2579368100084651,35.17832,15.4143715,2031
6075,r6i1p1f1,2031,08,20,0.021555958282025806,33.52347,13.806407,2031
6076,r6i1p1f1,2031,08,21,0.01702773748306664,31.86461,12.21231,2031
6077,r6i1p1f1,2031,08,22,0.0,30.883577,11.345514,2031
6078,r6i1p1f1,2031,08,23,0.0,30.47711,10.961144,2031
6079,r6i1p1f1,2031,08,24,0.0,30.14722,9.830353,2031
6080,r6i1p1f1,2031,08,25,0.0,29.134764,8.949473,2031
6081,r6i1p1f1,2031,08,26,0.9619006892641223,28.33896,9.693743,2031
6082,r6i1p1f1,2031,08,27,0.8022223193390036,31.127731,11.127965,2031
6083,r6i1p1f1,2031,08,28,0.0,32.953056,11.60425,2031
6084,r6i1p1f1,2031,08,29,0.0,33.13263,12.44636,2031
6085,r6i1p1f1,2031,08,30,0.008949504006485141,29.07281,9.237475,2031
6086,r6i1p1f1,2031,08,31,0.0,31.941174,9.713706,2031
6087,r6i1p1f1,2031,09,01,0.0,32.24645,13.731274,2031
6088,r6i1p1f1,2031,09,02,0.0,30.941933,10.611289,2031
6089,r6i1p1f1,2031,09,03,0.0,27.875685,7.524924,2031
6090,r6i1p1f1,2031,09,04,0.7509942081039047,20.373413,4.5899906,2031
6091,r6i1p1f1,2031,09,05,0.09039246665070494,22.327637,4.146506,2031
6092,r6i1p1f1,2031,09,06,0.0,26.173513,6.87522,2031
6093,r6i1p1f1,2031,09,07,0.0,30.018965,9.40423,2031
6094,r6i1p1f1,2031,09,08,0.0,30.633875,9.37283,2031
6095,r6i1p1f1,2031,09,09,0.012679189731017749,29.253633,9.863594,2031
6096,r6i1p1f1,2031,09,10,0.0,28.389217,7.6223445,2031
6097,r6i1p1f1,2031,09,11,0.3033213168936625,24.484203,7.010813,2031
6098,r6i1p1f1,2031,09,12,0.7937973757388399,24.735962,5.9408875,2031
6099,r6i1p1f1,2031,09,13,0.212915114714916,25.354263,6.874613,2031
6100,r6i1p1f1,2031,09,14,0.02080875572297754,27.079369,7.5870433,2031
6101,r6i1p1f1,2031,09,15,0.0,25.829235,6.2657537,2031
6102,r6i1p1f1,2031,09,16,1.5163078710443885,23.242537,5.512728,2031
6103,r6i1p1f1,2031,09,17,2.5670761978306142,14.621923,1.6513659,2031
6104,r6i1p1f1,2031,09,18,1.7200207243591987,13.344834,-1.6102057,2031
6105,r6i1p1f1,2031,09,19,0.08080432380978345,14.625432,-1.6458937,2031
6106,r6i1p1f1,2031,09,20,2.297179655404194,11.130759,-0.058534347,2031
6107,r6i1p1f1,2031,09,21,0.04855747641784426,15.203242,-2.2192674,2031
6108,r6i1p1f1,2031,09,22,0.0,17.942139,-0.81638587,2031
6109,r6i1p1f1,2031,09,23,0.0,19.619774,1.5075719,2031
6110,r6i1p1f1,2031,09,24,0.0,22.428171,1.9473168,2031
6111,r6i1p1f1,2031,09,25,0.0770251950854011,22.340322,3.7844808,2031
6112,r6i1p1f1,2031,09,26,1.2304748694132646,15.135756,1.5833348,2031
6113,r6i1p1f1,2031,09,27,0.0,15.9198885,-0.48064727,2031
6114,r6i1p1f1,2031,09,28,0.0,20.05862,1.2708519,2031
6115,r6i1p1f1,2031,09,29,0.0,22.661833,3.407304,2031
6116,r6i1p1f1,2031,09,30,0.0,22.631966,5.2880545,2031
6117,r6i1p1f1,2031,10,01,0.0,20.489502,3.0507107,2031
6118,r6i1p1f1,2031,10,02,0.04090299118780105,18.423645,1.4824505,2031
6119,r6i1p1f1,2031,10,03,0.18139461935069429,16.216728,1.4998984,2031
6120,r6i1p1f1,2031,10,04,0.0,22.718437,2.2065628,2031
6121,r6i1p1f1,2031,10,05,0.0,26.657335,7.0163765,2031
6122,r6i1p1f1,2031,10,06,0.0,25.897842,5.3273535,2031
6123,r6i1p1f1,2031,10,07,0.0,23.307726,4.8564844,2031
6124,r6i1p1f1,2031,10,08,0.0,29.658693,9.323103,2031
6125,r6i1p1f1,2031,10,09,0.0,30.170322,10.819491,2031
6126,r6i1p1f1,2031,10,10,0.0,30.32855,11.062166,2031
6127,r6i1p1f1,2031,10,11,0.0,29.56348,10.26525,2031
6128,r6i1p1f1,2031,10,12,0.0,29.625021,8.802725,2031
6129,r6i1p1f1,2031,10,13,0.0,29.124866,8.015986,2031
6130,r6i1p1f1,2031,10,14,0.0,29.261383,8.687589,2031
6131,r6i1p1f1,2031,10,15,0.0,30.244967,8.234898,2031
6132,r6i1p1f1,2031,10,16,0.0,28.359158,9.292286,2031
6133,r6i1p1f1,2031,10,17,0.0,27.041388,8.037343,2031
6134,r6i1p1f1,2031,10,18,0.0,27.020063,7.009044,2031
6135,r6i1p1f1,2031,10,19,0.0,27.05153,7.335739,2031
6136,r6i1p1f1,2031,10,20,0.0,30.13104,8.29746,2031
6137,r6i1p1f1,2031,10,21,0.0,28.957697,10.990544,2031
6138,r6i1p1f1,2031,10,22,0.0,29.316269,8.064553,2031
6139,r6i1p1f1,2031,10,23,0.0,28.088238,6.6362824,2031
6140,r6i1p1f1,2031,10,24,1.8166682155171723,25.73237,8.0267,2031
6141,r6i1p1f1,2031,10,25,4.985639150230415,16.492031,4.781121,2031
6142,r6i1p1f1,2031,10,26,15.100599063835633,12.999668,-1.7348759,2031
6143,r6i1p1f1,2031,10,27,3.7713166120296253,5.2031517,-6.398238,2031
6144,r6i1p1f1,2031,10,28,9.31427097301598,1.5192169,-6.4059463,2031
6145,r6i1p1f1,2031,10,29,36.46097256637635,6.3879347,-3.9838233,2031
6146,r6i1p1f1,2031,10,30,0.3505816836866118,7.950652,-3.3720593,2031
6147,r6i1p1f1,2031,10,31,0.0,7.887959,-5.09425,2031
6148,r6i1p1f1,2031,11,01,0.021846907176847428,7.1405764,-6.298576,2031
6149,r6i1p1f1,2031,11,02,0.0,4.965846,-9.513729,2031
6150,r6i1p1f1,2031,11,03,0.0,8.258038,-8.158465,2031
6151,r6i1p1f1,2031,11,04,0.0,8.514602,-7.531606,2031
6152,r6i1p1f1,2031,11,05,0.0,9.637792,-7.374963,2031
6153,r6i1p1f1,2031,11,06,0.0,10.983653,-4.2474117,2031
6154,r6i1p1f1,2031,11,07,0.0,11.112344,-6.104246,2031
6155,r6i1p1f1,2031,11,08,0.0,12.590656,-1.6917496,2031
6156,r6i1p1f1,2031,11,09,0.3575907509950615,11.906103,1.030248,2031
6157,r6i1p1f1,2031,11,10,0.0035370991956135533,11.198661,0.5237851,2031
6158,r6i1p1f1,2031,11,11,2.8223571932462175,10.484474,0.69320035,2031
6159,r6i1p1f1,2031,11,12,12.399767074933827,8.561971,-0.15558703,2031
6160,r6i1p1f1,2031,11,13,0.0975399726946503,12.792526,2.8881552,2031
6161,r6i1p1f1,2031,11,14,1.4102294385252083,12.07238,3.8615544,2031
6162,r6i1p1f1,2031,11,15,2.610968911567237,9.8768,1.8474668,2031
6163,r6i1p1f1,2031,11,16,0.11769250775430891,12.163059,-0.42603916,2031
6164,r6i1p1f1,2031,11,17,28.641541537229617,12.442232,1.6238194,2031
6165,r6i1p1f1,2031,11,18,36.14556102829033,10.654454,3.86626,2031
6166,r6i1p1f1,2031,11,19,15.194535370458368,8.219324,-3.3879445,2031
6167,r6i1p1f1,2031,11,20,0.0,10.034968,-2.7686367,2031
6168,r6i1p1f1,2031,11,21,0.0,12.442893,-2.9042559,2031
6169,r6i1p1f1,2031,11,22,0.0,13.970846,-2.0016606,2031
6170,r6i1p1f1,2031,11,23,0.9100528237211436,11.53039,-1.2081097,2031
6171,r6i1p1f1,2031,11,24,10.260080347967074,7.7137547,-0.8900665,2031
6172,r6i1p1f1,2031,11,25,3.9477830162724485,9.023218,2.117095,2031
6173,r6i1p1f1,2031,11,26,8.597083760743363,9.494086,-0.07321514,2031
6174,r6i1p1f1,2031,11,27,34.33917896015214,9.1582985,-1.4997569,2031
6175,r6i1p1f1,2031,11,28,2.7520479590829128,8.445054,-3.6730645,2031
6176,r6i1p1f1,2031,11,29,9.656464939984385,10.303454,-0.7251729,2031
6177,r6i1p1f1,2031,11,30,18.132882043218334,12.772237,1.8125523,2031
6178,r6i1p1f1,2031,12,01,0.8584977995989984,13.99533,4.7049737,2031
6179,r6i1p1f1,2031,12,02,0.0,13.604342,-0.25133482,2031
6180,r6i1p1f1,2031,12,03,0.0,14.167802,0.6372227,2031
6181,r6i1p1f1,2031,12,04,0.0,13.843804,0.49539748,2031
6182,r6i1p1f1,2031,12,05,0.0,13.659223,-0.31365657,2031
6183,r6i1p1f1,2031,12,06,0.0,14.072069,1.3950721,2031
6184,r6i1p1f1,2031,12,07,0.0,14.537542,1.2222235,2031
6185,r6i1p1f1,2031,12,08,0.0,14.047933,-0.8765435,2031
6186,r6i1p1f1,2031,12,09,0.0,15.4830265,-0.23098932,2031
6187,r6i1p1f1,2031,12,10,0.0,16.405626,1.4976147,2031
6188,r6i1p1f1,2031,12,11,0.0,15.494419,1.4818561,2031
6189,r6i1p1f1,2031,12,12,0.0,17.218294,2.4090033,2031
6190,r6i1p1f1,2031,12,13,0.0,16.983103,1.9943037,2031
6191,r6i1p1f1,2031,12,14,0.001698109404407795,15.54444,-0.22787929,2031
6192,r6i1p1f1,2031,12,15,0.0,14.770263,-0.36090913,2031
6193,r6i1p1f1,2031,12,16,0.0,13.006941,-2.4217434,2031
6194,r6i1p1f1,2031,12,17,0.0,2.8330603,-12.638411,2031
6195,r6i1p1f1,2031,12,18,0.0,-0.8556262,-13.797766,2031
6196,r6i1p1f1,2031,12,19,18.793063110647267,-1.097403,-10.24467,2031
6197,r6i1p1f1,2031,12,20,0.7943551666565527,-0.2783719,-13.124081,2031
6198,r6i1p1f1,2031,12,21,13.579900647158295,0.51599395,-10.5563965,2031
6199,r6i1p1f1,2031,12,22,48.784357320018536,4.9811754,-3.3575096,2031
6200,r6i1p1f1,2031,12,23,20.271431891580697,7.668211,-3.8615189,2031
6201,r6i1p1f1,2031,12,24,22.28400214180525,1.0900646,-8.93395,2031
6202,r6i1p1f1,2031,12,25,1.6050452610743777,0.046894215,-8.210787,2031
6203,r6i1p1f1,2031,12,26,5.9313987269712,0.19030328,-7.8847976,2031
6204,r6i1p1f1,2031,12,27,2.0629478554833125,1.7145438,-5.7179728,2031
6205,r6i1p1f1,2031,12,28,6.225130929618888,3.4783401,-3.1704402,2031
6206,r6i1p1f1,2031,12,29,16.660593321872188,4.8989086,-3.6706686,2031
6207,r6i1p1f1,2031,12,30,19.00844825697777,3.254856,-3.8055315,2031
6208,r6i1p1f1,2031,12,31,1.7581244844446084,3.959949,-3.2747624,2031
6209,r6i1p1f1,2032,01,01,26.35222940129139,6.5947,-7.1790996,2032
6210,r6i1p1f1,2032,01,02,36.53031903078764,6.3102083,-1.4763947,2032
6211,r6i1p1f1,2032,01,03,26.78277125676585,5.7903934,-0.73116934,2032
6212,r6i1p1f1,2032,01,04,16.073980510571698,5.428462,-1.1996081,2032
6213,r6i1p1f1,2032,01,05,20.886401625259843,5.307654,-1.2865055,2032
6214,r6i1p1f1,2032,01,06,34.1655834913535,5.8136964,-1.6986464,2032
6215,r6i1p1f1,2032,01,07,0.0023898596106167445,6.6823797,-0.7693359,2032
6216,r6i1p1f1,2032,01,08,0.0021289143604495205,5.96601,-6.173762,2032
6217,r6i1p1f1,2032,01,09,0.5801581031975884,2.342908,-7.0160213,2032
6218,r6i1p1f1,2032,01,10,8.067076741063717,4.5602255,-3.6848793,2032
6219,r6i1p1f1,2032,01,11,13.898855739884864,7.247882,-0.27424985,2032
6220,r6i1p1f1,2032,01,12,0.612511272418498,10.970992,1.3420137,2032
6221,r6i1p1f1,2032,01,13,1.871939779303873,9.257315,2.4485564,2032
6222,r6i1p1f1,2032,01,14,4.759518686782947,9.52055,2.899756,2032
6223,r6i1p1f1,2032,01,15,0.0,12.514644,2.3542106,2032
6224,r6i1p1f1,2032,01,16,0.0,14.808007,-0.26664874,2032
6225,r6i1p1f1,2032,01,17,0.0,16.21309,0.4475274,2032
6226,r6i1p1f1,2032,01,18,0.0,14.996365,0.7210613,2032
6227,r6i1p1f1,2032,01,19,0.0,12.368996,0.56578636,2032
6228,r6i1p1f1,2032,01,20,0.8381648748838599,9.264059,0.82604986,2032
6229,r6i1p1f1,2032,01,21,2.8703878022309883,4.4479556,-3.4851706,2032
6230,r6i1p1f1,2032,01,22,6.403540766269922,3.332615,-7.5825467,2032
6231,r6i1p1f1,2032,01,23,33.9093367634916,6.2054434,-2.7646666,2032
6232,r6i1p1f1,2032,01,24,5.682850021225934,6.882513,0.86700654,2032
6233,r6i1p1f1,2032,01,25,0.04141607376782641,8.501857,-1.2875949,2032
6234,r6i1p1f1,2032,01,26,0.0,9.117244,-3.1967375,2032
6235,r6i1p1f1,2032,01,27,0.0,9.578108,-4.3830924,2032
6236,r6i1p1f1,2032,01,28,0.0,11.819008,-3.7090654,2032
6237,r6i1p1f1,2032,01,29,0.0,11.979173,-1.9955345,2032
6238,r6i1p1f1,2032,01,30,0.0,14.73726,-0.5101947,2032
6239,r6i1p1f1,2032,01,31,0.0,13.692521,-0.86086595,2032
6240,r6i1p1f1,2032,02,01,0.0,14.078503,-0.5117979,2032
6241,r6i1p1f1,2032,02,02,1.2361905944370293,12.680106,1.2496754,2032
6242,r6i1p1f1,2032,02,03,0.0,12.907102,0.9762615,2032
6243,r6i1p1f1,2032,02,04,14.862641629265942,12.110691,6.16538,2032
6244,r6i1p1f1,2032,02,05,6.349314298079782,12.085338,5.5644674,2032
6245,r6i1p1f1,2032,02,06,0.5243002711435711,13.575922,3.7284203,2032
6246,r6i1p1f1,2032,02,07,0.6819180962573851,13.19643,4.9099355,2032
6247,r6i1p1f1,2032,02,08,5.630227378458635,12.066567,-0.4805794,2032
6248,r6i1p1f1,2032,02,09,0.0,7.4760456,-3.7269928,2032
6249,r6i1p1f1,2032,02,10,0.017908011166160646,7.747413,-5.5132637,2032
6250,r6i1p1f1,2032,02,11,0.325151795715465,6.129445,-2.688181,2032
6251,r6i1p1f1,2032,02,12,0.0,8.587914,-3.759749,2032
6252,r6i1p1f1,2032,02,13,27.31283039033733,8.457816,-2.8628235,2032
6253,r6i1p1f1,2032,02,14,22.91461112342517,7.2053213,-0.73833686,2032
6254,r6i1p1f1,2032,02,15,0.038234824352668235,7.7760878,-2.895422,2032
6255,r6i1p1f1,2032,02,16,0.0021366068131660216,6.2887836,-5.694825,2032
6256,r6i1p1f1,2032,02,17,0.0,9.19336,-3.7792728,2032
6257,r6i1p1f1,2032,02,18,0.0,8.409109,-5.9980865,2032
6258,r6i1p1f1,2032,02,19,0.0,12.017273,-4.4244933,2032
6259,r6i1p1f1,2032,02,20,0.0,12.7662525,-3.844854,2032
6260,r6i1p1f1,2032,02,21,0.0,12.600515,-2.9541929,2032
6261,r6i1p1f1,2032,02,22,0.0,13.576622,-2.2626295,2032
6262,r6i1p1f1,2032,02,23,0.0,15.452215,-0.15160081,2032
6263,r6i1p1f1,2032,02,24,0.001813431390522462,16.024946,1.2672937,2032
6264,r6i1p1f1,2032,02,25,7.012215640450299,13.114498,-1.5422109,2032
6265,r6i1p1f1,2032,02,26,12.475479852335466,6.206303,-2.1982386,2032
6266,r6i1p1f1,2032,02,27,7.87803606568809,6.7178764,-3.612716,2032
6267,r6i1p1f1,2032,02,28,21.731038197642878,10.541326,-1.3066604,2032
6268,r6i1p1f1,2032,02,29,48.02372492225129,11.183844,0.33266908,2032
6269,r6i1p1f1,2032,03,01,23.514623994741996,6.2192616,-4.9954386,2032
6270,r6i1p1f1,2032,03,02,18.148187801100573,2.0207627,-5.4219723,2032
6271,r6i1p1f1,2032,03,03,3.491963446608696,2.8322651,-4.8502283,2032
6272,r6i1p1f1,2032,03,04,0.26310713811867237,4.926464,-1.4250325,2032
6273,r6i1p1f1,2032,03,05,0.0,13.49958,-1.8757672,2032
6274,r6i1p1f1,2032,03,06,0.004218284287146492,14.650445,1.7003217,2032
6275,r6i1p1f1,2032,03,07,1.3533345671971706,11.710182,0.3689945,2032
6276,r6i1p1f1,2032,03,08,4.154578885045524,7.3338485,-0.026605293,2032
6277,r6i1p1f1,2032,03,09,0.0,11.666977,-4.435672,2032
6278,r6i1p1f1,2032,03,10,12.526407181335253,9.540131,-4.4893284,2032
6279,r6i1p1f1,2032,03,11,25.964884550674913,6.9924984,-2.6563146,2032
6280,r6i1p1f1,2032,03,12,18.171886438753152,2.328044,-4.0782323,2032
6281,r6i1p1f1,2032,03,13,21.500123134730096,3.7079136,-3.3693051,2032
6282,r6i1p1f1,2032,03,14,5.825519685070366,6.0841293,-4.524132,2032
6283,r6i1p1f1,2032,03,15,0.6391122694354243,9.240424,-0.19939053,2032
6284,r6i1p1f1,2032,03,16,4.522326015252186,8.203029,1.2247143,2032
6285,r6i1p1f1,2032,03,17,0.0,12.962413,2.3001955,2032
6286,r6i1p1f1,2032,03,18,0.0,16.195627,-0.2443837,2032
6287,r6i1p1f1,2032,03,19,5.569381091898678,11.971094,3.8975062,2032
6288,r6i1p1f1,2032,03,20,7.744944117274171,7.535528,-6.137572,2032
6289,r6i1p1f1,2032,03,21,0.011641002192690365,5.568751,-3.6375523,2032
6290,r6i1p1f1,2032,03,22,0.0,9.19327,-4.67934,2032
6291,r6i1p1f1,2032,03,23,0.0,12.143274,-6.791244,2032
6292,r6i1p1f1,2032,03,24,0.0,11.605351,-5.8690953,2032
6293,r6i1p1f1,2032,03,25,0.0,14.84046,-4.4428506,2032
6294,r6i1p1f1,2032,03,26,0.0,15.718715,-3.1878307,2032
6295,r6i1p1f1,2032,03,27,3.190213640900153,10.808316,-6.1841187,2032
6296,r6i1p1f1,2032,03,28,2.1925914028436835,6.27168,-7.4307027,2032
6297,r6i1p1f1,2032,03,29,0.2032597463849798,6.68149,-1.1039528,2032
6298,r6i1p1f1,2032,03,30,3.7642267390598265,2.3271437,-6.048834,2032
6299,r6i1p1f1,2032,03,31,0.00014047908788894858,10.493509,-7.0129623,2032
6300,r6i1p1f1,2032,04,01,0.14889601364563543,7.334338,-6.9095235,2032
6301,r6i1p1f1,2032,04,02,1.1012340979165314,6.0840845,-8.433982,2032
6302,r6i1p1f1,2032,04,03,0.0,10.849296,-7.833526,2032
6303,r6i1p1f1,2032,04,04,0.0,12.992972,-2.6082828,2032
6304,r6i1p1f1,2032,04,05,0.01358182022233731,16.642666,-2.4842007,2032
6305,r6i1p1f1,2032,04,06,6.346348564529752e-05,14.788161,-0.21695209,2032
6306,r6i1p1f1,2032,04,07,0.0027563879899790123,9.9650955,-0.28376547,2032
6307,r6i1p1f1,2032,04,08,0.0,15.916869,-5.32764,2032
6308,r6i1p1f1,2032,04,09,0.0,22.23376,0.9630145,2032
6309,r6i1p1f1,2032,04,10,0.0,22.328436,3.3508444,2032
6310,r6i1p1f1,2032,04,11,0.0,20.425676,3.6547377,2032
6311,r6i1p1f1,2032,04,12,0.003434608020189239,19.95259,3.9573185,2032
6312,r6i1p1f1,2032,04,13,0.0,18.598486,0.92221963,2032
6313,r6i1p1f1,2032,04,14,0.0,18.417112,1.8070184,2032
6314,r6i1p1f1,2032,04,15,0.010141213996313962,18.740248,1.0826842,2032
6315,r6i1p1f1,2032,04,16,0.0,18.876436,0.4346463,2032
6316,r6i1p1f1,2032,04,17,0.0,18.136492,1.219211,2032
6317,r6i1p1f1,2032,04,18,3.097536621832535,13.872728,-1.5163158,2032
6318,r6i1p1f1,2032,04,19,0.497895419553515,12.332349,-0.27454922,2032
6319,r6i1p1f1,2032,04,20,0.09821172236236225,11.698987,-3.9474666,2032
6320,r6i1p1f1,2032,04,21,7.803952702081593,9.2112875,-0.6972654,2032
6321,r6i1p1f1,2032,04,22,0.0,11.300636,-2.0453885,2032
6322,r6i1p1f1,2032,04,23,0.0760704764319572,12.601253,-0.92550385,2032
6323,r6i1p1f1,2032,04,24,0.12140154824344535,12.060628,2.730653,2032
6324,r6i1p1f1,2032,04,25,0.21808032903269373,11.815086,-1.4103571,2032
6325,r6i1p1f1,2032,04,26,0.07800502954499045,11.910289,0.4206742,2032
6326,r6i1p1f1,2032,04,27,0.01641877469002408,12.621287,-3.464838,2032
6327,r6i1p1f1,2032,04,28,5.020674432372463,6.9349957,-4.648059,2032
6328,r6i1p1f1,2032,04,29,0.003018099357796368,10.068661,-4.698076,2032
6329,r6i1p1f1,2032,04,30,6.8706138206550165,5.638678,-3.534587,2032
6330,r6i1p1f1,2032,05,01,0.011371957601734286,11.379015,-3.1767247,2032
6331,r6i1p1f1,2032,05,02,0.0,13.17576,-2.1667743,2032
6332,r6i1p1f1,2032,05,03,0.0,16.47467,-1.7328979,2032
6333,r6i1p1f1,2032,05,04,0.0,21.270144,1.2695321,2032
6334,r6i1p1f1,2032,05,05,0.0,23.7472,4.3930373,2032
6335,r6i1p1f1,2032,05,06,0.0,24.168142,4.496193,2032
6336,r6i1p1f1,2032,05,07,0.0,24.715878,4.731807,2032
6337,r6i1p1f1,2032,05,08,0.0,23.503021,3.2718925,2032
6338,r6i1p1f1,2032,05,09,0.0,13.134297,-3.9026158,2032
6339,r6i1p1f1,2032,05,10,0.0,15.226201,-2.7986085,2032
6340,r6i1p1f1,2032,05,11,0.0,18.407688,-1.7697474,2032
6341,r6i1p1f1,2032,05,12,0.0,22.511623,1.9894346,2032
6342,r6i1p1f1,2032,05,13,0.0,25.36905,5.0054607,2032
6343,r6i1p1f1,2032,05,14,0.28015540398116295,25.319208,6.199607,2032
6344,r6i1p1f1,2032,05,15,9.403562474100408,12.271056,-1.5528405,2032
6345,r6i1p1f1,2032,05,16,4.676542054668469,10.849035,-0.85203797,2032
6346,r6i1p1f1,2032,05,17,0.07949994201238371,21.219154,2.37537,2032
6347,r6i1p1f1,2032,05,18,5.617138423280216e-05,22.838217,2.095338,2032
6348,r6i1p1f1,2032,05,19,0.0,20.634863,5.207627,2032
6349,r6i1p1f1,2032,05,20,1.2962885310503627,14.640494,-0.71828866,2032
6350,r6i1p1f1,2032,05,21,0.002536918428009212,17.075829,3.617422,2032
6351,r6i1p1f1,2032,05,22,0.5213593955120027,14.0876045,2.7225187,2032
6352,r6i1p1f1,2032,05,23,0.002260886485805239,16.21065,-1.1958866,2032
6353,r6i1p1f1,2032,05,24,0.0,20.102901,-0.44693926,2032
6354,r6i1p1f1,2032,05,25,0.0002723201130104178,23.58124,4.138657,2032
6355,r6i1p1f1,2032,05,26,0.009137962807359633,23.404394,4.779681,2032
6356,r6i1p1f1,2032,05,27,0.3538475973582166,18.262495,3.5663445,2032
6357,r6i1p1f1,2032,05,28,0.07250753974629816,14.709233,-0.74352694,2032
6358,r6i1p1f1,2032,05,29,2.253160003170149,9.669772,-6.3814325,2032
6359,r6i1p1f1,2032,05,30,1.6832386654522016,14.673952,-1.6882566,2032
6360,r6i1p1f1,2032,05,31,0.0,20.208712,2.8745704,2032
6361,r6i1p1f1,2032,06,01,0.0,21.954853,3.5087254,2032
6362,r6i1p1f1,2032,06,02,0.0,27.397966,7.1625214,2032
6363,r6i1p1f1,2032,06,03,6.653068881317748e-05,28.329731,8.320691,2032
6364,r6i1p1f1,2032,06,04,0.03448004733372304,25.813627,8.72567,2032
6365,r6i1p1f1,2032,06,05,0.0027523021481757988,24.263624,6.682364,2032
6366,r6i1p1f1,2032,06,06,0.0,25.679132,6.509652,2032
6367,r6i1p1f1,2032,06,07,0.01692727625213019,23.872162,6.0273814,2032
6368,r6i1p1f1,2032,06,08,7.476176200329626,13.298191,2.0798988,2032
6369,r6i1p1f1,2032,06,09,0.0012633125008320195,17.712221,2.825417,2032
6370,r6i1p1f1,2032,06,10,0.00041158279106130437,23.099861,5.020496,2032
6371,r6i1p1f1,2032,06,11,0.0,29.720142,10.015093,2032
6372,r6i1p1f1,2032,06,12,0.0,29.737547,10.581902,2032
6373,r6i1p1f1,2032,06,13,0.0,26.853657,8.880414,2032
6374,r6i1p1f1,2032,06,14,0.0,28.06539,8.390089,2032
6375,r6i1p1f1,2032,06,15,0.0,28.883875,8.75571,2032
6376,r6i1p1f1,2032,06,16,0.0,28.12748,8.8428335,2032
6377,r6i1p1f1,2032,06,17,0.0,28.473824,8.469117,2032
6378,r6i1p1f1,2032,06,18,0.0,29.637907,9.718067,2032
6379,r6i1p1f1,2032,06,19,0.0,30.334587,11.812923,2032
6380,r6i1p1f1,2032,06,20,0.0,29.780233,9.34726,2032
6381,r6i1p1f1,2032,06,21,0.0,27.909737,7.2567368,2032
6382,r6i1p1f1,2032,06,22,0.0,30.223398,9.591689,2032
6383,r6i1p1f1,2032,06,23,0.0,30.099272,8.899715,2032
6384,r6i1p1f1,2032,06,24,2.5557125866143635,17.309305,1.2173157,2032
6385,r6i1p1f1,2032,06,25,0.017304402115673086,18.484776,0.18100275,2032
6386,r6i1p1f1,2032,06,26,0.00687740287516527,22.523806,3.3472154,2032
6387,r6i1p1f1,2032,06,27,0.0,27.196527,4.9821124,2032
6388,r6i1p1f1,2032,06,28,0.0,28.852781,7.487304,2032
6389,r6i1p1f1,2032,06,29,0.0,29.198294,7.5473375,2032
6390,r6i1p1f1,2032,06,30,0.0,28.940727,8.491169,2032
6391,r6i1p1f1,2032,07,01,0.6201804750128382,25.38624,5.2093344,2032
6392,r6i1p1f1,2032,07,02,0.15863092126782438,21.455856,7.6312194,2032
6393,r6i1p1f1,2032,07,03,0.0,23.479603,4.6323285,2032
6394,r6i1p1f1,2032,07,04,0.21836078544505705,27.92704,6.42057,2032
6395,r6i1p1f1,2032,07,05,0.0031958194590318762,30.528519,8.99506,2032
6396,r6i1p1f1,2032,07,06,0.024394460947301095,31.488258,10.226748,2032
6397,r6i1p1f1,2032,07,07,2.3690995884869106,30.699364,10.791774,2032
6398,r6i1p1f1,2032,07,08,1.5723545867170368,29.903156,11.09761,2032
6399,r6i1p1f1,2032,07,09,0.116641745582168,30.700895,10.942761,2032
6400,r6i1p1f1,2032,07,10,0.0,31.199554,12.325994,2032
6401,r6i1p1f1,2032,07,11,4.817319341205421,30.8889,10.639683,2032
6402,r6i1p1f1,2032,07,12,0.15707748051779552,27.407114,9.256024,2032
6403,r6i1p1f1,2032,07,13,0.00882548750948135,27.522564,8.903579,2032
6404,r6i1p1f1,2032,07,14,0.0,28.125765,9.271308,2032
6405,r6i1p1f1,2032,07,15,0.0,31.650696,10.761561,2032
6406,r6i1p1f1,2032,07,16,0.0,31.459597,10.216278,2032
6407,r6i1p1f1,2032,07,17,0.0,30.125547,9.807406,2032
6408,r6i1p1f1,2032,07,18,0.0,25.859753,7.7073193,2032
6409,r6i1p1f1,2032,07,19,0.004237034917574621,22.898298,10.217909,2032
6410,r6i1p1f1,2032,07,20,0.0,29.777058,7.5598426,2032
6411,r6i1p1f1,2032,07,21,0.0,33.719505,11.131805,2032
6412,r6i1p1f1,2032,07,22,0.0,33.854343,11.896747,2032
6413,r6i1p1f1,2032,07,23,0.0,33.942226,11.985652,2032
6414,r6i1p1f1,2032,07,24,0.0,34.093704,13.265323,2032
6415,r6i1p1f1,2032,07,25,0.0030234370671896106,33.683357,13.035395,2032
6416,r6i1p1f1,2032,07,26,0.0757157424183381,32.89257,12.457589,2032
6417,r6i1p1f1,2032,07,27,0.0,33.08419,12.348927,2032
6418,r6i1p1f1,2032,07,28,0.0031499806705679104,33.028603,12.323929,2032
6419,r6i1p1f1,2032,07,29,0.0,33.62462,12.646462,2032
6420,r6i1p1f1,2032,07,30,0.004041568384725946,34.76673,12.599281,2032
6421,r6i1p1f1,2032,07,31,0.0,35.151608,12.912841,2032
6422,r6i1p1f1,2032,08,01,0.0,34.95728,13.464736,2032
6423,r6i1p1f1,2032,08,02,0.0,35.38126,13.588712,2032
6424,r6i1p1f1,2032,08,03,0.0,36.178196,14.957407,2032
6425,r6i1p1f1,2032,08,04,0.10173408333586882,35.747753,13.235759,2032
6426,r6i1p1f1,2032,08,05,0.0,28.94238,9.746236,2032
6427,r6i1p1f1,2032,08,06,0.0,26.547699,7.281279,2032
6428,r6i1p1f1,2032,08,07,0.0,32.076042,9.808966,2032
6429,r6i1p1f1,2032,08,08,0.0,32.498756,10.941929,2032
6430,r6i1p1f1,2032,08,09,0.0,30.723665,8.946847,2032
6431,r6i1p1f1,2032,08,10,0.0,30.643944,9.746385,2032
6432,r6i1p1f1,2032,08,11,0.0,30.64704,9.706302,2032
6433,r6i1p1f1,2032,08,12,0.0,30.400011,9.847715,2032
6434,r6i1p1f1,2032,08,13,0.0,30.748335,10.29316,2032
6435,r6i1p1f1,2032,08,14,0.0,30.967941,10.330129,2032
6436,r6i1p1f1,2032,08,15,0.0,32.205765,11.347837,2032
6437,r6i1p1f1,2032,08,16,0.0,34.12813,12.915233,2032
6438,r6i1p1f1,2032,08,17,0.0,35.319786,14.967732,2032
6439,r6i1p1f1,2032,08,18,0.0,32.777042,11.553035,2032
6440,r6i1p1f1,2032,08,19,0.0,31.786556,10.590593,2032
6441,r6i1p1f1,2032,08,20,0.0,32.43787,10.640577,2032
6442,r6i1p1f1,2032,08,21,0.0,32.523468,11.117597,2032
6443,r6i1p1f1,2032,08,22,0.0,32.216522,10.870365,2032
6444,r6i1p1f1,2032,08,23,0.006155940688461342,31.879002,11.236511,2032
6445,r6i1p1f1,2032,08,24,0.00012849511320835635,32.15822,11.641566,2032
6446,r6i1p1f1,2032,08,25,0.0,32.72796,11.235325,2032
6447,r6i1p1f1,2032,08,26,0.0,32.228363,10.994538,2032
6448,r6i1p1f1,2032,08,27,0.0,30.851957,9.915614,2032
6449,r6i1p1f1,2032,08,28,0.03928155864440815,28.192343,7.75628,2032
6450,r6i1p1f1,2032,08,29,0.5310524685028636,28.664848,7.8185544,2032
6451,r6i1p1f1,2032,08,30,0.0,29.054338,8.293157,2032
6452,r6i1p1f1,2032,08,31,0.0,26.937002,6.261603,2032
6453,r6i1p1f1,2032,09,01,0.0,21.72754,4.1741076,2032
6454,r6i1p1f1,2032,09,02,0.0,22.417824,3.2682843,2032
6455,r6i1p1f1,2032,09,03,0.0,22.414623,4.3264604,2032
6456,r6i1p1f1,2032,09,04,0.0,24.135168,4.6696453,2032
6457,r6i1p1f1,2032,09,05,0.0,29.634682,7.3093324,2032
6458,r6i1p1f1,2032,09,06,0.0,29.410563,8.522541,2032
6459,r6i1p1f1,2032,09,07,0.16885292929042064,27.805525,8.8962,2032
6460,r6i1p1f1,2032,09,08,0.0025719139272281635,26.786045,6.8163295,2032
6461,r6i1p1f1,2032,09,09,0.0009713808753050342,23.756935,6.631451,2032
6462,r6i1p1f1,2032,09,10,0.0,20.05348,2.319316,2032
6463,r6i1p1f1,2032,09,11,0.0,24.205416,4.0362144,2032
6464,r6i1p1f1,2032,09,12,0.0,24.228613,5.4031196,2032
6465,r6i1p1f1,2032,09,13,0.0,27.843914,7.06512,2032
6466,r6i1p1f1,2032,09,14,0.0,30.197382,9.054414,2032
6467,r6i1p1f1,2032,09,15,0.0,29.358744,8.9042015,2032
6468,r6i1p1f1,2032,09,16,0.026097442826416933,28.672596,10.813701,2032
6469,r6i1p1f1,2032,09,17,0.0020094450878279054,28.182676,7.7177677,2032
6470,r6i1p1f1,2032,09,18,0.002189068326413958,29.992249,8.542923,2032
6471,r6i1p1f1,2032,09,19,0.0,32.112663,11.630935,2032
6472,r6i1p1f1,2032,09,20,0.0,32.042084,11.571947,2032
6473,r6i1p1f1,2032,09,21,0.9765582197176599,32.564457,14.547659,2032
6474,r6i1p1f1,2032,09,22,5.736678099961555,29.389477,8.264243,2032
6475,r6i1p1f1,2032,09,23,6.7743803191575775,20.053852,2.4375763,2032
6476,r6i1p1f1,2032,09,24,0.5246532431368626,20.980433,6.2961016,2032
6477,r6i1p1f1,2032,09,25,0.0,23.086704,6.2842784,2032
6478,r6i1p1f1,2032,09,26,0.7279024666858369,22.310324,4.610581,2032
6479,r6i1p1f1,2032,09,27,3.972933448156941,19.1116,3.1415725,2032
6480,r6i1p1f1,2032,09,28,3.7318768067637853,17.292908,2.3372192,2032
6481,r6i1p1f1,2032,09,29,0.0009260206772445067,22.021128,2.1543357,2032
6482,r6i1p1f1,2032,09,30,0.0,24.39577,5.2250366,2032
6483,r6i1p1f1,2032,10,01,0.013959024308901854,22.751162,4.8242755,2032
6484,r6i1p1f1,2032,10,02,0.0,22.401293,2.41671,2032
6485,r6i1p1f1,2032,10,03,0.016497584420917973,21.643246,2.3984485,2032
6486,r6i1p1f1,2032,10,04,0.0,22.049347,1.9059523,2032
6487,r6i1p1f1,2032,10,05,0.0,21.059559,2.712184,2032
6488,r6i1p1f1,2032,10,06,0.0,22.925253,4.602184,2032
6489,r6i1p1f1,2032,10,07,0.0,23.73425,4.053928,2032
6490,r6i1p1f1,2032,10,08,0.0,23.59448,4.480959,2032
6491,r6i1p1f1,2032,10,09,14.535875723673353,18.094297,3.7128704,2032
6492,r6i1p1f1,2032,10,10,12.662343180253284,12.627138,2.6499126,2032
6493,r6i1p1f1,2032,10,11,0.0,20.564833,2.6202857,2032
6494,r6i1p1f1,2032,10,12,0.0,21.411283,3.9644039,2032
6495,r6i1p1f1,2032,10,13,0.0,21.828342,4.542838,2032
6496,r6i1p1f1,2032,10,14,0.0,19.098867,2.7096448,2032
6497,r6i1p1f1,2032,10,15,4.199910902829306,15.082227,5.366637,2032
6498,r6i1p1f1,2032,10,16,0.7761670520543322,14.499905,1.462336,2032
6499,r6i1p1f1,2032,10,17,0.057040797260017526,12.565302,-0.10137385,2032
6500,r6i1p1f1,2032,10,18,13.382539881521971,8.929009,-0.6851264,2032
6501,r6i1p1f1,2032,10,19,36.310396582019145,9.02331,-0.10832941,2032
6502,r6i1p1f1,2032,10,20,2.2104456787573112,11.149739,0.331588,2032
6503,r6i1p1f1,2032,10,21,0.025799888656130723,16.551373,1.166173,2032
6504,r6i1p1f1,2032,10,22,0.15977665616762723,16.881205,2.1672244,2032
6505,r6i1p1f1,2032,10,23,0.004919180941780596,16.27986,3.9771495,2032
6506,r6i1p1f1,2032,10,24,7.438392187533807,13.007886,4.7830863,2032
6507,r6i1p1f1,2032,10,25,14.095114336297053,9.760395,-2.9773498,2032
6508,r6i1p1f1,2032,10,26,0.5640237626735658,4.9560094,-5.064442,2032
6509,r6i1p1f1,2032,10,27,0.01334581854651154,6.821572,-6.830785,2032
6510,r6i1p1f1,2032,10,28,0.11877369139928952,9.930272,-2.7975786,2032
6511,r6i1p1f1,2032,10,29,0.7554006488668819,12.625678,1.8213937,2032
6512,r6i1p1f1,2032,10,30,0.0006711061940369665,11.933911,3.4662995,2032
6513,r6i1p1f1,2032,10,31,0.0,16.291796,1.3697693,2032
6514,r6i1p1f1,2032,11,01,0.0,19.125523,2.0234675,2032
6515,r6i1p1f1,2032,11,02,0.0,20.17139,3.4784138,2032
6516,r6i1p1f1,2032,11,03,0.0,18.344126,4.2248583,2032
6517,r6i1p1f1,2032,11,04,0.0,17.216236,2.6485147,2032
6518,r6i1p1f1,2032,11,05,0.0,17.207945,1.0241226,2032
6519,r6i1p1f1,2032,11,06,0.0,16.843065,0.31423247,2032
6520,r6i1p1f1,2032,11,07,0.0,16.00373,1.9809114,2032
6521,r6i1p1f1,2032,11,08,0.006480186595021484,10.267977,-1.2328067,2032
6522,r6i1p1f1,2032,11,09,0.17237654594884297,12.286173,0.28394243,2032
6523,r6i1p1f1,2032,11,10,0.0,13.64935,-0.24690208,2032
6524,r6i1p1f1,2032,11,11,0.011212634301516455,12.956944,0.27448878,2032
6525,r6i1p1f1,2032,11,12,1.691390198508484,6.5860424,-4.1439295,2032
6526,r6i1p1f1,2032,11,13,1.0218584244109286,5.291167,-3.5283573,2032
6527,r6i1p1f1,2032,11,14,2.0100032250939366,4.055353,-5.2976646,2032
6528,r6i1p1f1,2032,11,15,0.0,4.8058295,-10.722367,2032
6529,r6i1p1f1,2032,11,16,0.0,4.412735,-11.219275,2032
6530,r6i1p1f1,2032,11,17,0.0,5.610922,-11.592098,2032
6531,r6i1p1f1,2032,11,18,0.0,11.021162,-7.8049183,2032
6532,r6i1p1f1,2032,11,19,0.0,14.278936,-3.4377198,2032
6533,r6i1p1f1,2032,11,20,0.0,12.694841,-4.1312304,2032
6534,r6i1p1f1,2032,11,21,0.0,11.2098,-3.431635,2032
6535,r6i1p1f1,2032,11,22,1.7206871620970984e-05,10.612188,-1.9094154,2032
6536,r6i1p1f1,2032,11,23,0.0,10.850579,-3.981061,2032
6537,r6i1p1f1,2032,11,24,0.0033954726735564004,10.300452,-3.2858465,2032
6538,r6i1p1f1,2032,11,25,10.665637582305527,5.968108,-1.9759241,2032
6539,r6i1p1f1,2032,11,26,1.9474037359603735,7.19345,-0.280074,2032
6540,r6i1p1f1,2032,11,27,0.0,13.216057,-1.1945608,2032
6541,r6i1p1f1,2032,11,28,0.0,11.622514,-0.8495874,2032
6542,r6i1p1f1,2032,11,29,0.0,12.104216,-2.67326,2032
6543,r6i1p1f1,2032,11,30,0.00011894993257785006,11.4949045,-0.08898084,2032
6544,r6i1p1f1,2032,12,01,1.1463938854305737,9.731492,1.8004863,2032
6545,r6i1p1f1,2032,12,02,14.116424712721612,9.747044,4.584451,2032
6546,r6i1p1f1,2032,12,03,9.058579089726326,10.813486,4.3416553,2032
6547,r6i1p1f1,2032,12,04,3.1678631923353073,10.423608,3.4064012,2032
6548,r6i1p1f1,2032,12,05,0.02834370432825752,13.447047,1.124018,2032
6549,r6i1p1f1,2032,12,06,0.0,11.217903,3.9075708,2032
6550,r6i1p1f1,2032,12,07,0.0,12.052631,4.84928,2032
6551,r6i1p1f1,2032,12,08,0.0,13.817041,0.3008024,2032
6552,r6i1p1f1,2032,12,09,0.0019878629191352015,12.618433,1.4868722,2032
6553,r6i1p1f1,2032,12,10,0.0,13.172109,0.4773408,2032
6554,r6i1p1f1,2032,12,11,0.0,14.907974,0.54683954,2032
6555,r6i1p1f1,2032,12,12,0.0,13.671476,-0.15325256,2032
6556,r6i1p1f1,2032,12,13,0.0,13.007369,-0.5796001,2032
6557,r6i1p1f1,2032,12,14,0.0,14.875292,0.46171957,2032
6558,r6i1p1f1,2032,12,15,0.0,15.350154,0.7577802,2032
6559,r6i1p1f1,2032,12,16,0.0,15.569684,0.57449317,2032
6560,r6i1p1f1,2032,12,17,0.0,16.027344,1.3667328,2032
6561,r6i1p1f1,2032,12,18,0.0,16.580248,1.2755618,2032
6562,r6i1p1f1,2032,12,19,0.0,13.646291,-1.133009,2032
6563,r6i1p1f1,2032,12,20,0.0,5.7888684,-10.047979,2032
6564,r6i1p1f1,2032,12,21,0.478660117292244,2.7139559,-9.20305,2032
6565,r6i1p1f1,2032,12,22,4.247491369743776,-0.022833835,-7.3033075,2032
6566,r6i1p1f1,2032,12,23,11.274646843572022,0.55008197,-5.832923,2032
6567,r6i1p1f1,2032,12,24,0.3131599488003142,0.857538,-12.460625,2032
6568,r6i1p1f1,2032,12,25,0.00028518112368865775,0.14858586,-11.760775,2032
6569,r6i1p1f1,2032,12,26,0.0,-0.29344198,-14.218994,2032
6570,r6i1p1f1,2032,12,27,0.0,-2.9551535,-17.045355,2032
6571,r6i1p1f1,2032,12,28,0.0,1.1438869,-13.9023,2032
6572,r6i1p1f1,2032,12,29,4.413124941715106,-2.5410347,-11.323436,2032
6573,r6i1p1f1,2032,12,30,19.307147318322833,0.5851492,-7.876754,2032
6574,r6i1p1f1,2032,12,31,1.07503223409084,1.2884465,-13.579611,2032
6575,r6i1p1f1,2033,01,01,4.903568309047145,-0.50399446,-7.8767214,2033
6576,r6i1p1f1,2033,01,02,2.5289921120883956,0.34581673,-11.337768,2033
6577,r6i1p1f1,2033,01,03,0.03000289372073968,-0.119075365,-9.37028,2033
6578,r6i1p1f1,2033,01,04,1.2114589234410404,0.2535811,-7.3059597,2033
6579,r6i1p1f1,2033,01,05,27.93011411612969,0.8963336,-5.5338564,2033
6580,r6i1p1f1,2033,01,06,10.56534712581959,3.593553,-3.0060358,2033
6581,r6i1p1f1,2033,01,07,0.3056459081080236,5.58421,-1.8690436,2033
6582,r6i1p1f1,2033,01,08,2.9494015580560533,5.0665503,-1.6737124,2033
6583,r6i1p1f1,2033,01,09,0.0,4.936311,-9.478967,2033
6584,r6i1p1f1,2033,01,10,0.0,10.794333,-2.99974,2033
6585,r6i1p1f1,2033,01,11,0.0,8.376277,0.2557751,2033
6586,r6i1p1f1,2033,01,12,6.788477437176958e-05,7.406662,-1.540936,2033
6587,r6i1p1f1,2033,01,13,0.0006092313143777109,10.283426,-3.5292666,2033
6588,r6i1p1f1,2033,01,14,0.01450310950777242,9.023779,-1.0549682,2033
6589,r6i1p1f1,2033,01,15,0.06426270832003066,8.756414,-1.9529227,2033
6590,r6i1p1f1,2033,01,16,3.4084344919398926,6.039659,0.1495282,2033
6591,r6i1p1f1,2033,01,17,0.0336429390471796,11.31648,0.17599958,2033
6592,r6i1p1f1,2033,01,18,0.0,12.880911,-0.17231295,2033
6593,r6i1p1f1,2033,01,19,0.0,10.604588,-0.8580681,2033
6594,r6i1p1f1,2033,01,20,0.0,10.656632,-0.053084146,2033
6595,r6i1p1f1,2033,01,21,0.0,11.157195,2.0260315,2033
6596,r6i1p1f1,2033,01,22,31.96533795855225,10.167606,2.3681,2033
6597,r6i1p1f1,2033,01,23,20.34449173054294,7.76595,0.57123536,2033
6598,r6i1p1f1,2033,01,24,0.0,9.475384,0.5212259,2033
6599,r6i1p1f1,2033,01,25,0.0,9.401557,-4.4266124,2033
6600,r6i1p1f1,2033,01,26,0.0,9.098402,-4.4787292,2033
6601,r6i1p1f1,2033,01,27,1.152043834716661,7.9628115,2.1912746,2033
6602,r6i1p1f1,2033,01,28,0.0,12.629385,-2.404281,2033
6603,r6i1p1f1,2033,01,29,0.0,13.495004,-1.6179044,2033
6604,r6i1p1f1,2033,01,30,1.8247159675238673,12.001053,1.0651636,2033
6605,r6i1p1f1,2033,01,31,13.310179678652137,6.861279,-3.7967958,2033
6606,r6i1p1f1,2033,02,01,0.007226153605760442,5.3974867,-7.6315317,2033
6607,r6i1p1f1,2033,02,02,0.004359932556869846,7.462846,-5.634513,2033
6608,r6i1p1f1,2033,02,03,0.0,9.537719,-5.9589343,2033
6609,r6i1p1f1,2033,02,04,4.007597741418166,6.760555,-5.6203346,2033
6610,r6i1p1f1,2033,02,05,0.0,7.27257,0.5617446,2033
6611,r6i1p1f1,2033,02,06,1.000457987123992,7.1515203,-2.081976,2033
6612,r6i1p1f1,2033,02,07,14.497779418834913,6.889095,-1.1068671,2033
6613,r6i1p1f1,2033,02,08,2.5644070865824053,6.67642,-2.7062147,2033
6614,r6i1p1f1,2033,02,09,17.26774970098818,5.5951,-2.4084275,2033
6615,r6i1p1f1,2033,02,10,24.141661292182174,6.741797,-4.8408327,2033
6616,r6i1p1f1,2033,02,11,38.75302254300234,6.874999,-1.7951921,2033
6617,r6i1p1f1,2033,02,12,13.243447926120941,1.9536049,-6.114721,2033
6618,r6i1p1f1,2033,02,13,0.0,4.5246434,-11.135191,2033
6619,r6i1p1f1,2033,02,14,3.994327855804988,5.196679,-9.126393,2033
6620,r6i1p1f1,2033,02,15,33.62708820794415,6.8440022,-1.1889001,2033
6621,r6i1p1f1,2033,02,16,0.3439376334423765,9.077349,0.49969962,2033
6622,r6i1p1f1,2033,02,17,0.08445190253206103,10.340801,1.2211456,2033
6623,r6i1p1f1,2033,02,18,5.513530880962538,9.715182,-4.0731645,2033
6624,r6i1p1f1,2033,02,19,33.47684463404251,9.018344,1.4529734,2033
6625,r6i1p1f1,2033,02,20,23.803580568220664,10.70435,1.3284851,2033
6626,r6i1p1f1,2033,02,21,3.029421226616923,11.600218,2.2567966,2033
6627,r6i1p1f1,2033,02,22,22.963776494555276,10.002497,0.16813192,2033
6628,r6i1p1f1,2033,02,23,2.5680632951838573,6.618017,-3.2207856,2033
6629,r6i1p1f1,2033,02,24,0.0160997342376473,8.66269,-1.2913069,2033
6630,r6i1p1f1,2033,02,25,0.08652316762770579,12.5921135,2.0800345,2033
6631,r6i1p1f1,2033,02,26,24.59593650747558,10.23112,-0.48748305,2033
6632,r6i1p1f1,2033,02,27,3.8654900225345603,9.18602,-3.8658168,2033
6633,r6i1p1f1,2033,02,28,7.555081643062088,9.524231,-2.4050384,2033
6634,r6i1p1f1,2033,03,01,0.021180317579338775,11.6756525,-3.1427233,2033
6635,r6i1p1f1,2033,03,02,0.5988635999398709,9.5057,-3.1029627,2033
6636,r6i1p1f1,2033,03,03,3.810497281728058,1.9465346,-4.068007,2033
6637,r6i1p1f1,2033,03,04,0.0,7.963844,-4.658511,2033
6638,r6i1p1f1,2033,03,05,0.0,12.92248,-5.001013,2033
6639,r6i1p1f1,2033,03,06,0.0,14.278655,-3.0797372,2033
6640,r6i1p1f1,2033,03,07,0.0,13.856989,4.026117,2033
6641,r6i1p1f1,2033,03,08,0.0,16.401346,-1.1579174,2033
6642,r6i1p1f1,2033,03,09,0.0,19.392727,0.9436029,2033
6643,r6i1p1f1,2033,03,10,0.0,21.269617,3.5147107,2033
6644,r6i1p1f1,2033,03,11,0.0,23.911303,5.0271835,2033
6645,r6i1p1f1,2033,03,12,0.0,24.698498,6.3728685,2033
6646,r6i1p1f1,2033,03,13,0.0,24.907711,6.9387784,2033
6647,r6i1p1f1,2033,03,14,0.0,23.394636,5.9653673,2033
6648,r6i1p1f1,2033,03,15,0.0,23.648306,5.377928,2033
6649,r6i1p1f1,2033,03,16,0.0,24.076832,4.9368706,2033
6650,r6i1p1f1,2033,03,17,0.0,22.261904,4.714978,2033
6651,r6i1p1f1,2033,03,18,0.0,18.733044,3.2024724,2033
6652,r6i1p1f1,2033,03,19,0.0,21.374191,2.1549056,2033
6653,r6i1p1f1,2033,03,20,0.0,22.050499,5.2362595,2033
6654,r6i1p1f1,2033,03,21,1.564927055272698,15.771878,1.8406802,2033
6655,r6i1p1f1,2033,03,22,3.0848000065344934,10.390089,-3.5183027,2033
6656,r6i1p1f1,2033,03,23,0.04294198562242993,10.228928,-3.268558,2033
6657,r6i1p1f1,2033,03,24,1.0186126411449874,10.123414,-4.9247227,2033
6658,r6i1p1f1,2033,03,25,3.940105477241821,6.709574,-4.6856956,2033
6659,r6i1p1f1,2033,03,26,12.789452582743477,6.606343,-3.9464695,2033
6660,r6i1p1f1,2033,03,27,9.496434226026226,9.038497,1.809729,2033
6661,r6i1p1f1,2033,03,28,11.843241567252075,9.702673,-3.418483,2033
6662,r6i1p1f1,2033,03,29,0.0077924107652405684,20.660982,1.8438356,2033
6663,r6i1p1f1,2033,03,30,0.0,17.091076,3.1221673,2033
6664,r6i1p1f1,2033,03,31,6.589986092934586,10.738718,-1.853393,2033
6665,r6i1p1f1,2033,04,01,1.5768072579577928,7.460867,-1.6118679,2033
6666,r6i1p1f1,2033,04,02,11.244068355270288,4.9218807,-4.641337,2033
6667,r6i1p1f1,2033,04,03,0.016453055763314888,8.12585,-1.7714134,2033
6668,r6i1p1f1,2033,04,04,0.0,13.615937,-2.3369715,2033
6669,r6i1p1f1,2033,04,05,0.19645167349469747,13.588839,0.3635305,2033
6670,r6i1p1f1,2033,04,06,9.846299157966948,8.869308,-0.8040926,2033
6671,r6i1p1f1,2033,04,07,3.7508894676558753,7.4205847,-1.4444588,2033
6672,r6i1p1f1,2033,04,08,5.6485468876983935,6.296445,-5.0861955,2033
6673,r6i1p1f1,2033,04,09,17.430943728755373,3.3986561,-6.703921,2033
6674,r6i1p1f1,2033,04,10,0.23504665227450827,3.8920531,-9.041174,2033
6675,r6i1p1f1,2033,04,11,0.0,6.9472365,-3.476993,2033
6676,r6i1p1f1,2033,04,12,0.0,10.505669,-3.7118945,2033
6677,r6i1p1f1,2033,04,13,0.0,13.066155,-4.012904,2033
6678,r6i1p1f1,2033,04,14,0.0,11.673648,-6.9209566,2033
6679,r6i1p1f1,2033,04,15,1.4843679671213577,7.962111,-1.6778547,2033
6680,r6i1p1f1,2033,04,16,1.2774168152473304,9.716362,-2.891308,2033
6681,r6i1p1f1,2033,04,17,0.15665055524828117,10.977633,-3.9611213,2033
6682,r6i1p1f1,2033,04,18,0.0,14.561326,-1.6899033,2033
6683,r6i1p1f1,2033,04,19,0.0,17.216906,-2.6304789,2033
6684,r6i1p1f1,2033,04,20,0.0,19.249617,-1.1907177,2033
6685,r6i1p1f1,2033,04,21,0.0,23.28328,3.4515488,2033
6686,r6i1p1f1,2033,04,22,0.0,22.638851,5.6022997,2033
6687,r6i1p1f1,2033,04,23,3.591839737526059,17.858355,-0.6018498,2033
6688,r6i1p1f1,2033,04,24,0.0,21.834349,1.5424306,2033
6689,r6i1p1f1,2033,04,25,0.024616260704112037,20.560743,2.8669844,2033
6690,r6i1p1f1,2033,04,26,0.000762632007166576,17.617743,-0.17624108,2033
6691,r6i1p1f1,2033,04,27,0.0,21.92946,1.3081485,2033
6692,r6i1p1f1,2033,04,28,0.0,25.361794,4.2046523,2033
6693,r6i1p1f1,2033,04,29,0.0,25.482164,7.3477035,2033
6694,r6i1p1f1,2033,04,30,0.0,26.07535,6.897851,2033
6695,r6i1p1f1,2033,05,01,0.0,25.969944,6.3831882,2033
6696,r6i1p1f1,2033,05,02,0.0,26.000238,7.9824567,2033
6697,r6i1p1f1,2033,05,03,0.00448433485117218,27.451101,8.264325,2033
6698,r6i1p1f1,2033,05,04,0.06156500450552345,26.930063,6.605931,2033
6699,r6i1p1f1,2033,05,05,1.4204139105759932,26.025797,8.09401,2033
6700,r6i1p1f1,2033,05,06,7.845757286883963,16.535229,1.9248146,2033
6701,r6i1p1f1,2033,05,07,2.467493927425085,16.910063,3.9918814,2033
6702,r6i1p1f1,2033,05,08,0.629869215699611,19.121868,4.145526,2033
6703,r6i1p1f1,2033,05,09,0.8305746693528678,20.08235,3.602356,2033
6704,r6i1p1f1,2033,05,10,0.68410652035414,22.374584,7.4291186,2033
6705,r6i1p1f1,2033,05,11,0.7388210009003233,21.277758,5.5541515,2033
6706,r6i1p1f1,2033,05,12,2.296567518727609,20.038626,1.8035531,2033
6707,r6i1p1f1,2033,05,13,0.614091940190727,20.478262,4.12839,2033
6708,r6i1p1f1,2033,05,14,0.0,26.06584,7.960451,2033
6709,r6i1p1f1,2033,05,15,0.0,26.849815,6.868067,2033
6710,r6i1p1f1,2033,05,16,0.0,25.246042,8.988142,2033
6711,r6i1p1f1,2033,05,17,9.74944328809937,21.876007,5.76153,2033
6712,r6i1p1f1,2033,05,18,8.13687048576735,12.650886,-2.178781,2033
6713,r6i1p1f1,2033,05,19,24.857289166309926,11.738723,-0.04275025,2033
6714,r6i1p1f1,2033,05,20,0.7409780007166442,12.691039,-2.8832715,2033
6715,r6i1p1f1,2033,05,21,1.2073495745657428,12.537654,2.4313462,2033
6716,r6i1p1f1,2033,05,22,1.4709354437140116,15.111945,0.507998,2033
6717,r6i1p1f1,2033,05,23,2.1209430358186037,14.287995,0.028605556,2033
6718,r6i1p1f1,2033,05,24,0.0,22.59899,2.0589254,2033
6719,r6i1p1f1,2033,05,25,0.0,24.48876,4.5393887,2033
6720,r6i1p1f1,2033,05,26,0.0,25.079031,7.093296,2033
6721,r6i1p1f1,2033,05,27,0.0,28.122377,8.394477,2033
6722,r6i1p1f1,2033,05,28,0.0,28.419563,10.31096,2033
6723,r6i1p1f1,2033,05,29,0.0,29.085457,9.29323,2033
6724,r6i1p1f1,2033,05,30,0.0,29.911367,10.195866,2033
6725,r6i1p1f1,2033,05,31,0.0,30.179115,11.575116,2033
6726,r6i1p1f1,2033,06,01,0.5702156441912483,31.444954,12.046148,2033
6727,r6i1p1f1,2033,06,02,0.9557474544552015,29.306225,9.884258,2033
6728,r6i1p1f1,2033,06,03,3.438259940150916,28.305086,9.200552,2033
6729,r6i1p1f1,2033,06,04,0.31283678158263234,28.64513,10.643715,2033
6730,r6i1p1f1,2033,06,05,0.04342214252063303,29.724625,10.940074,2033
6731,r6i1p1f1,2033,06,06,0.6927838350945418,29.121225,11.266974,2033
6732,r6i1p1f1,2033,06,07,0.004486637229475155,31.475899,12.706853,2033
6733,r6i1p1f1,2033,06,08,0.0,32.90898,12.967889,2033
6734,r6i1p1f1,2033,06,09,0.0006844873794913615,33.082092,13.851175,2033
6735,r6i1p1f1,2033,06,10,5.55078828366009,27.648853,11.581877,2033
6736,r6i1p1f1,2033,06,11,4.7503511234935525,21.465118,5.0675097,2033
6737,r6i1p1f1,2033,06,12,8.585826021792645,18.6875,1.5366479,2033
6738,r6i1p1f1,2033,06,13,12.972555652147678,16.866655,4.6521454,2033
6739,r6i1p1f1,2033,06,14,1.3430223850681473,22.01916,7.2045,2033
6740,r6i1p1f1,2033,06,15,0.03321293628471443,28.786268,8.009649,2033
6741,r6i1p1f1,2033,06,16,0.03633127359959504,28.836802,12.653834,2033
6742,r6i1p1f1,2033,06,17,1.2509084876210022,27.575052,9.411135,2033
6743,r6i1p1f1,2033,06,18,0.0009463250438943067,27.928986,9.662971,2033
6744,r6i1p1f1,2033,06,19,0.15325707116977244,26.312815,8.717143,2033
6745,r6i1p1f1,2033,06,20,0.3105776217197765,23.707935,5.9778976,2033
6746,r6i1p1f1,2033,06,21,0.1547107968214991,20.702963,3.667146,2033
6747,r6i1p1f1,2033,06,22,0.09503372380987238,27.025763,5.926001,2033
6748,r6i1p1f1,2033,06,23,0.7748665539789841,26.095272,4.9242864,2033
6749,r6i1p1f1,2033,06,24,0.01018268549641224,24.513332,7.3359146,2033
6750,r6i1p1f1,2033,06,25,0.0,26.849815,6.3452616,2033
6751,r6i1p1f1,2033,06,26,0.5871983243266153,23.718521,6.8574185,2033
6752,r6i1p1f1,2033,06,27,3.608310049853822,17.736473,2.1519523,2033
6753,r6i1p1f1,2033,06,28,1.870805639385582,21.5913,5.383995,2033
6754,r6i1p1f1,2033,06,29,0.0,28.744623,7.424771,2033
6755,r6i1p1f1,2033,06,30,0.020935930636037443,28.328205,10.771773,2033
6756,r6i1p1f1,2033,07,01,2.5993481091968706,24.538061,4.731115,2033
6757,r6i1p1f1,2033,07,02,0.0,23.612194,7.0043383,2033
6758,r6i1p1f1,2033,07,03,0.00786667213908868,21.980717,6.305337,2033
6759,r6i1p1f1,2033,07,04,0.0,26.895937,5.0637436,2033
6760,r6i1p1f1,2033,07,05,0.10917918440801969,27.71297,8.127038,2033
6761,r6i1p1f1,2033,07,06,0.0,27.29681,6.6752124,2033
6762,r6i1p1f1,2033,07,07,0.0,26.366667,7.619222,2033
6763,r6i1p1f1,2033,07,08,1.3248423408338894,21.834118,8.143785,2033
6764,r6i1p1f1,2033,07,09,3.59698758434398,18.269308,5.8298755,2033
6765,r6i1p1f1,2033,07,10,0.0,24.583641,4.7791886,2033
6766,r6i1p1f1,2033,07,11,0.0,30.630323,9.075713,2033
6767,r6i1p1f1,2033,07,12,0.0,31.711338,11.325706,2033
6768,r6i1p1f1,2033,07,13,0.0,31.795626,12.369145,2033
6769,r6i1p1f1,2033,07,14,0.0,31.614847,11.397467,2033
6770,r6i1p1f1,2033,07,15,0.0002719563166852314,31.097433,11.373854,2033
6771,r6i1p1f1,2033,07,16,0.2927492253353385,31.297443,13.154229,2033
6772,r6i1p1f1,2033,07,17,0.1295605042861292,32.321987,13.746853,2033
6773,r6i1p1f1,2033,07,18,0.04056179771214958,30.392567,13.165593,2033
6774,r6i1p1f1,2033,07,19,1.9249955985833076,28.199713,10.446139,2033
6775,r6i1p1f1,2033,07,20,4.280697987351043,22.54968,5.7512565,2033
6776,r6i1p1f1,2033,07,21,1.413304260526608,23.299877,5.4034605,2033
6777,r6i1p1f1,2033,07,22,0.0,26.604239,8.073756,2033
6778,r6i1p1f1,2033,07,23,0.0,29.699526,11.780241,2033
6779,r6i1p1f1,2033,07,24,0.0,32.14041,11.328125,2033
6780,r6i1p1f1,2033,07,25,0.0,33.70473,13.058143,2033
6781,r6i1p1f1,2033,07,26,0.0,33.45514,13.285798,2033
6782,r6i1p1f1,2033,07,27,0.07243650724595725,32.412525,12.922031,2033
6783,r6i1p1f1,2033,07,28,0.4383072299295762,34.007,13.970527,2033
6784,r6i1p1f1,2033,07,29,0.12369350699673581,35.6222,15.2077465,2033
6785,r6i1p1f1,2033,07,30,0.0,36.072376,15.430316,2033
6786,r6i1p1f1,2033,07,31,0.0,36.605198,14.859781,2033
6787,r6i1p1f1,2033,08,01,0.029946372930128112,35.028427,14.368609,2033
6788,r6i1p1f1,2033,08,02,9.600773282698294e-05,35.514954,13.691804,2033
6789,r6i1p1f1,2033,08,03,0.0,35.16977,14.464166,2033
6790,r6i1p1f1,2033,08,04,0.0,34.56981,12.789842,2033
6791,r6i1p1f1,2033,08,05,0.0,31.74344,12.023868,2033
6792,r6i1p1f1,2033,08,06,0.0,31.301992,10.581146,2033
6793,r6i1p1f1,2033,08,07,0.0,30.506384,10.14763,2033
6794,r6i1p1f1,2033,08,08,0.0,31.004702,10.504559,2033
6795,r6i1p1f1,2033,08,09,0.0,32.35996,11.722123,2033
6796,r6i1p1f1,2033,08,10,0.0,33.330837,12.615053,2033
6797,r6i1p1f1,2033,08,11,0.0,33.57527,13.408002,2033
6798,r6i1p1f1,2033,08,12,0.0,32.66538,13.19025,2033
6799,r6i1p1f1,2033,08,13,0.0,30.601246,10.595439,2033
6800,r6i1p1f1,2033,08,14,0.0,26.245852,7.7552543,2033
6801,r6i1p1f1,2033,08,15,0.0,29.01272,8.173483,2033
6802,r6i1p1f1,2033,08,16,0.0,30.665607,11.11661,2033
6803,r6i1p1f1,2033,08,17,0.0,31.64483,10.756385,2033
6804,r6i1p1f1,2033,08,18,0.0,31.205032,11.028991,2033
6805,r6i1p1f1,2033,08,19,0.0,31.469109,11.249015,2033
6806,r6i1p1f1,2033,08,20,0.0,31.635365,10.657251,2033
6807,r6i1p1f1,2033,08,21,0.0,29.643496,9.356016,2033
6808,r6i1p1f1,2033,08,22,0.0,28.699347,8.307189,2033
6809,r6i1p1f1,2033,08,23,0.0,28.72393,8.407368,2033
6810,r6i1p1f1,2033,08,24,0.0,29.739544,9.388978,2033
6811,r6i1p1f1,2033,08,25,0.0,29.884027,8.932922,2033
6812,r6i1p1f1,2033,08,26,0.0,28.369158,7.8583384,2033
6813,r6i1p1f1,2033,08,27,0.0,29.365911,8.241002,2033
6814,r6i1p1f1,2033,08,28,0.0,30.03196,8.845473,2033
6815,r6i1p1f1,2033,08,29,0.0,31.144125,10.264756,2033
6816,r6i1p1f1,2033,08,30,0.0,30.683064,10.232825,2033
6817,r6i1p1f1,2033,08,31,0.0,29.98294,10.206538,2033
6818,r6i1p1f1,2033,09,01,1.4265575829072108,30.01135,12.009372,2033
6819,r6i1p1f1,2033,09,02,5.255550328334825,28.716581,11.213279,2033
6820,r6i1p1f1,2033,09,03,1.4570330675248944,29.513357,10.477902,2033
6821,r6i1p1f1,2033,09,04,0.0,30.66912,11.515234,2033
6822,r6i1p1f1,2033,09,05,0.0,32.006382,13.159421,2033
6823,r6i1p1f1,2033,09,06,0.0,32.721386,13.802353,2033
6824,r6i1p1f1,2033,09,07,0.003817976914213812,30.2466,11.446391,2033
6825,r6i1p1f1,2033,09,08,1.5562659523490967,29.17512,10.659121,2033
6826,r6i1p1f1,2033,09,09,0.0029617189124740142,28.487114,9.587977,2033
6827,r6i1p1f1,2033,09,10,1.687069047980701,28.301447,9.817632,2033
6828,r6i1p1f1,2033,09,11,0.8529382714102214,28.50821,10.256903,2033
6829,r6i1p1f1,2033,09,12,2.081502371006772,26.12105,9.24772,2033
6830,r6i1p1f1,2033,09,13,0.8065527181163066,22.36353,5.9479184,2033
6831,r6i1p1f1,2033,09,14,0.0,26.008247,8.180285,2033
6832,r6i1p1f1,2033,09,15,0.0,27.20878,9.614626,2033
6833,r6i1p1f1,2033,09,16,0.0,28.180014,11.286395,2033
6834,r6i1p1f1,2033,09,17,0.0,29.418121,9.638059,2033
6835,r6i1p1f1,2033,09,18,0.0,30.537144,9.970553,2033
6836,r6i1p1f1,2033,09,19,0.0,30.763845,11.079571,2033
6837,r6i1p1f1,2033,09,20,0.0,31.145693,11.225798,2033
6838,r6i1p1f1,2033,09,21,0.0,30.210918,11.737112,2033
6839,r6i1p1f1,2033,09,22,0.0,28.650684,9.678123,2033
6840,r6i1p1f1,2033,09,23,0.0,27.930422,8.234668,2033
6841,r6i1p1f1,2033,09,24,0.6293612824577028,20.303818,5.228089,2033
6842,r6i1p1f1,2033,09,25,1.4821264091376958,14.109516,1.9870424,2033
6843,r6i1p1f1,2033,09,26,1.6694788175297428,11.21493,-1.2782651,2033
6844,r6i1p1f1,2033,09,27,47.308955835138676,10.581712,1.0160218,2033
6845,r6i1p1f1,2033,09,28,8.47847517373144,11.783822,-0.67623174,2033
6846,r6i1p1f1,2033,09,29,0.804120316255243,16.643072,2.8337553,2033
6847,r6i1p1f1,2033,09,30,0.0,19.300474,2.901921,2033
6848,r6i1p1f1,2033,10,01,0.0017536064771161814,21.50134,4.4056153,2033
6849,r6i1p1f1,2033,10,02,0.0,22.82937,4.6331697,2033
6850,r6i1p1f1,2033,10,03,0.0,22.036737,5.441814,2033
6851,r6i1p1f1,2033,10,04,0.004885195037442456,22.0995,6.268067,2033
6852,r6i1p1f1,2033,10,05,0.0,23.039196,6.254448,2033
6853,r6i1p1f1,2033,10,06,0.0,24.056875,6.605103,2033
6854,r6i1p1f1,2033,10,07,0.0,23.961357,3.921874,2033
6855,r6i1p1f1,2033,10,08,0.0,17.986967,2.2993832,2033
6856,r6i1p1f1,2033,10,09,0.022889272194451048,15.992697,0.3801328,2033
6857,r6i1p1f1,2033,10,10,0.5537535636189499,18.848444,3.2366502,2033
6858,r6i1p1f1,2033,10,11,0.0,23.756577,3.34124,2033
6859,r6i1p1f1,2033,10,12,0.0,25.498266,6.3014326,2033
6860,r6i1p1f1,2033,10,13,0.0,26.369999,6.8507314,2033
6861,r6i1p1f1,2033,10,14,0.0,27.122551,7.504116,2033
6862,r6i1p1f1,2033,10,15,0.0,27.982866,7.5495486,2033
6863,r6i1p1f1,2033,10,16,0.0,27.499596,8.461975,2033
6864,r6i1p1f1,2033,10,17,0.06511845543929826,23.521805,6.1696367,2033
6865,r6i1p1f1,2033,10,18,0.0,18.282536,3.1384819,2033
6866,r6i1p1f1,2033,10,19,1.6742783102986996,13.911245,4.3533106,2033
6867,r6i1p1f1,2033,10,20,12.593361106244648,13.469581,6.0390306,2033
6868,r6i1p1f1,2033,10,21,1.4774561425336186,14.296072,0.10793358,2033
6869,r6i1p1f1,2033,10,22,0.0,15.62012,0.15368672,2033
6870,r6i1p1f1,2033,10,23,0.0043986633417875025,16.249826,1.4470494,2033
6871,r6i1p1f1,2033,10,24,0.00635980694960551,15.81203,5.335031,2033
6872,r6i1p1f1,2033,10,25,0.0,18.052643,3.1366572,2033
6873,r6i1p1f1,2033,10,26,0.0,19.838476,5.100893,2033
6874,r6i1p1f1,2033,10,27,0.0141708627070028,18.54383,5.250768,2033
6875,r6i1p1f1,2033,10,28,0.0,16.952755,4.6204267,2033
6876,r6i1p1f1,2033,10,29,0.18163113314009127,16.001331,2.7000751,2033
6877,r6i1p1f1,2033,10,30,0.0,13.267609,-0.11356209,2033
6878,r6i1p1f1,2033,10,31,0.0,15.866471,0.18237801,2033
6879,r6i1p1f1,2033,11,01,0.05966836413244697,13.148701,1.3627664,2033
6880,r6i1p1f1,2033,11,02,3.973090295255023,12.469662,4.7032127,2033
6881,r6i1p1f1,2033,11,03,12.37188405788395,13.938612,4.3639274,2033
6882,r6i1p1f1,2033,11,04,0.038298274073103926,15.1602545,1.2836745,2033
6883,r6i1p1f1,2033,11,05,0.7741346938038908,12.987982,6.616772,2033
6884,r6i1p1f1,2033,11,06,0.0,18.638792,2.2231472,2033
6885,r6i1p1f1,2033,11,07,0.0,17.695309,1.9183182,2033
6886,r6i1p1f1,2033,11,08,0.21880167996374475,13.092525,1.6890823,2033
6887,r6i1p1f1,2033,11,09,19.21025488344193,8.967047,2.6413682,2033
6888,r6i1p1f1,2033,11,10,0.0297734133392127,10.662822,2.7723978,2033
6889,r6i1p1f1,2033,11,11,0.8168353045607096,10.531915,2.2579792,2033
6890,r6i1p1f1,2033,11,12,8.196412966626832,9.919979,3.9390445,2033
6891,r6i1p1f1,2033,11,13,0.07335876904187584,13.255999,2.1062028,2033
6892,r6i1p1f1,2033,11,14,0.0,13.359684,-1.2503432,2033
6893,r6i1p1f1,2033,11,15,0.003746470146753264,13.534845,-0.4903684,2033
6894,r6i1p1f1,2033,11,16,0.1360646490263437,12.944118,1.4084376,2033
6895,r6i1p1f1,2033,11,17,0.00545585611376554,9.201102,-3.3466501,2033
6896,r6i1p1f1,2033,11,18,5.501411502498236,7.385478,-2.124547,2033
6897,r6i1p1f1,2033,11,19,1.7628689677794445,10.522122,2.2319293,2033
6898,r6i1p1f1,2033,11,20,8.556876089695646,9.97246,3.5201428,2033
6899,r6i1p1f1,2033,11,21,0.007376249522143381,12.34355,2.89808,2033
6900,r6i1p1f1,2033,11,22,3.7529581727139028,9.118003,-3.1745658,2033
6901,r6i1p1f1,2033,11,23,1.1563130543060032,6.6268635,-1.1168705,2033
6902,r6i1p1f1,2033,11,24,0.0006923926469682253,7.1931014,-3.3679063,2033
6903,r6i1p1f1,2033,11,25,0.0,9.645834,-7.1171064,2033
6904,r6i1p1f1,2033,11,26,0.0,9.572619,-7.5530653,2033
6905,r6i1p1f1,2033,11,27,0.14036953217381104,9.345454,-5.0545263,2033
6906,r6i1p1f1,2033,11,28,11.829399022606975,6.3002424,-1.1926244,2033
6907,r6i1p1f1,2033,11,29,1.8434524816524414,8.979664,2.079642,2033
6908,r6i1p1f1,2033,11,30,7.15055522117752,10.312149,1.5842745,2033
6909,r6i1p1f1,2033,12,01,13.014728744431347,9.84123,-1.8589326,2033
6910,r6i1p1f1,2033,12,02,0.032789397673472324,5.470324,-4.4081073,2033
6911,r6i1p1f1,2033,12,03,0.0,6.147094,-7.776609,2033
6912,r6i1p1f1,2033,12,04,0.0,9.966658,-4.187639,2033
6913,r6i1p1f1,2033,12,05,0.38698158689911516,8.376501,-4.6997743,2033
6914,r6i1p1f1,2033,12,06,1.8619743871853403,1.4683359,-5.4685864,2033
6915,r6i1p1f1,2033,12,07,1.7395345632835204,0.99135745,-7.232425,2033
6916,r6i1p1f1,2033,12,08,0.011253842657478641,6.272231,-8.982876,2033
6917,r6i1p1f1,2033,12,09,4.507525919305682,4.0189967,-8.282386,2033
6918,r6i1p1f1,2033,12,10,0.0,3.4957206,-3.609325,2033
6919,r6i1p1f1,2033,12,11,0.0,4.784686,-4.8949585,2033
6920,r6i1p1f1,2033,12,12,0.07598683479749936,3.1461477,-5.060379,2033
6921,r6i1p1f1,2033,12,13,22.806154498477955,0.82522243,-6.270066,2033
6922,r6i1p1f1,2033,12,14,1.582142318648695,5.490082,-1.6547273,2033
6923,r6i1p1f1,2033,12,15,0.10049077554916445,7.318349,-1.258579,2033
6924,r6i1p1f1,2033,12,16,0.019379615815766284,8.606995,1.3114045,2033
6925,r6i1p1f1,2033,12,17,2.277788806850668,7.2644773,0.20310712,2033
6926,r6i1p1f1,2033,12,18,0.0,8.776475,-5.4087834,2033
6927,r6i1p1f1,2033,12,19,0.003574934257552792,3.4877036,-9.320742,2033
6928,r6i1p1f1,2033,12,20,3.3450934577969895,1.871954,-7.291767,2033
6929,r6i1p1f1,2033,12,21,0.1091249602549572,3.043133,-2.8203266,2033
6930,r6i1p1f1,2033,12,22,0.0,3.1381307,-8.20292,2033
6931,r6i1p1f1,2033,12,23,0.03468037254850824,2.6886983,-6.229641,2033
6932,r6i1p1f1,2033,12,24,0.03228929257882425,0.8801071,-9.791686,2033
6933,r6i1p1f1,2033,12,25,0.26117788140365394,-0.23398565,-10.021469,2033
6934,r6i1p1f1,2033,12,26,6.8154316684381735,0.24454083,-6.0902863,2033
6935,r6i1p1f1,2033,12,27,0.0,2.6499362,-10.9648905,2033
6936,r6i1p1f1,2033,12,28,0.018839839633131367,3.9793448,-7.3799505,2033
6937,r6i1p1f1,2033,12,29,0.015630875412157397,4.6341705,-3.894722,2033
6938,r6i1p1f1,2033,12,30,0.5067113714082899,4.9949856,-3.4716785,2033
6939,r6i1p1f1,2033,12,31,0.0,8.871532,-4.8512435,2033
6940,r6i1p1f1,2034,01,01,0.0,10.371724,-5.2004194,2034
6941,r6i1p1f1,2034,01,02,0.0,10.409516,-5.0659103,2034
6942,r6i1p1f1,2034,01,03,0.0,10.261013,-3.6032877,2034
6943,r6i1p1f1,2034,01,04,0.0,10.696726,-2.3598578,2034
6944,r6i1p1f1,2034,01,05,0.0,11.353282,-2.2090945,2034
6945,r6i1p1f1,2034,01,06,0.036843329621527136,11.99155,1.6781012,2034
6946,r6i1p1f1,2034,01,07,4.565366996754497,7.8554287,-6.457565,2034
6947,r6i1p1f1,2034,01,08,0.0,-0.5203401,-14.15871,2034
6948,r6i1p1f1,2034,01,09,0.0,-1.8136439,-14.350408,2034
6949,r6i1p1f1,2034,01,10,0.0,0.2801973,-8.48771,2034
6950,r6i1p1f1,2034,01,11,0.0,1.549414,-9.159574,2034
6951,r6i1p1f1,2034,01,12,0.0,4.9177804,-9.414092,2034
6952,r6i1p1f1,2034,01,13,0.0,9.297735,-5.7306266,2034
6953,r6i1p1f1,2034,01,14,0.0,11.750104,-2.9534817,2034
6954,r6i1p1f1,2034,01,15,0.0,13.280622,-0.7429067,2034
6955,r6i1p1f1,2034,01,16,0.0,12.085143,1.2741619,2034
6956,r6i1p1f1,2034,01,17,0.009635288763543932,9.230533,2.3731618,2034
6957,r6i1p1f1,2034,01,18,10.085891006082177,6.7702494,-3.8874578,2034
6958,r6i1p1f1,2034,01,19,1.1300309446422148,0.98219025,-10.360331,2034
6959,r6i1p1f1,2034,01,20,8.185785539030903,-0.67677146,-7.0019636,2034
6960,r6i1p1f1,2034,01,21,11.435132633422441,3.421983,-5.37926,2034
6961,r6i1p1f1,2034,01,22,4.188473715274285,6.53166,-1.6248497,2034
6962,r6i1p1f1,2034,01,23,12.207436703881749,6.2041855,-1.442739,2034
6963,r6i1p1f1,2034,01,24,19.455212488360324,4.602125,-4.709894,2034
6964,r6i1p1f1,2034,01,25,6.71785635101593,1.2761174,-6.129311,2034
6965,r6i1p1f1,2034,01,26,0.24152973781374731,0.66872215,-6.399342,2034
6966,r6i1p1f1,2034,01,27,0.005567542404580497,2.725205,-14.212593,2034
6967,r6i1p1f1,2034,01,28,0.03514250945780676,2.7805407,-11.9269085,2034
6968,r6i1p1f1,2034,01,29,4.882158644858707,1.6509966,-6.5428057,2034
6969,r6i1p1f1,2034,01,30,33.483127846577986,0.73275423,-4.935908,2034
6970,r6i1p1f1,2034,01,31,22.84933907411291,0.7933016,-10.30601,2034
6971,r6i1p1f1,2034,02,01,28.020631102876962,1.2286558,-9.027576,2034
6972,r6i1p1f1,2034,02,02,3.9245724337572567,-0.868614,-12.508041,2034
6973,r6i1p1f1,2034,02,03,4.937345838405071,-1.1860374,-11.822703,2034
6974,r6i1p1f1,2034,02,04,5.820357817966474,1.2368298,-10.261604,2034
6975,r6i1p1f1,2034,02,05,0.11585764879908214,5.5113378,-12.243824,2034
6976,r6i1p1f1,2034,02,06,0.006373826747337448,5.401141,-10.635155,2034
6977,r6i1p1f1,2034,02,07,1.2612509989137344,2.0616693,-4.549183,2034
6978,r6i1p1f1,2034,02,08,0.0040270091503742085,5.1872807,-12.960221,2034
6979,r6i1p1f1,2034,02,09,0.03683968188823138,6.2117414,-7.6938853,2034
6980,r6i1p1f1,2034,02,10,0.10946190297665953,6.054583,-2.3538241,2034
6981,r6i1p1f1,2034,02,11,0.9047488428365265,4.9982495,-2.647489,2034
6982,r6i1p1f1,2034,02,12,4.745405046600877,5.636985,-1.6412458,2034
6983,r6i1p1f1,2034,02,13,0.057441637643705565,8.934158,1.927554,2034
6984,r6i1p1f1,2034,02,14,14.83247863154183,5.333519,-1.4363496,2034
6985,r6i1p1f1,2034,02,15,15.157465881787246,4.2560344,-11.374661,2034
6986,r6i1p1f1,2034,02,16,15.259648045223619,1.6415277,-13.451824,2034
6987,r6i1p1f1,2034,02,17,25.8939061120135,0.62231284,-5.309239,2034
6988,r6i1p1f1,2034,02,18,0.4010164424040755,4.789381,-12.804677,2034
6989,r6i1p1f1,2034,02,19,0.0,9.35999,-8.219699,2034
6990,r6i1p1f1,2034,02,20,8.1440457107304,11.649855,-2.2804337,2034
6991,r6i1p1f1,2034,02,21,49.19655899708754,7.556604,-0.87020075,2034
6992,r6i1p1f1,2034,02,22,16.60655329631677,4.3348675,-4.787202,2034
6993,r6i1p1f1,2034,02,23,16.342967028449912,3.4614494,-6.5087934,2034
6994,r6i1p1f1,2034,02,24,8.193136772741541,2.0760918,-9.682354,2034
6995,r6i1p1f1,2034,02,25,5.058613042470952,1.0398599,-7.640669,2034
6996,r6i1p1f1,2034,02,26,0.5268077194075464,4.2394304,-12.82345,2034
6997,r6i1p1f1,2034,02,27,0.0933586354743016,2.7215254,-10.996337,2034
6998,r6i1p1f1,2034,02,28,2.0314603200000043,3.8732474,-6.0454826,2034
6999,r6i1p1f1,2034,03,01,0.0,7.502401,-12.31177,2034
7000,r6i1p1f1,2034,03,02,3.561927163792388,4.3871074,-12.23045,2034
7001,r6i1p1f1,2034,03,03,4.675499859411285,3.0069182,-4.7354193,2034
7002,r6i1p1f1,2034,03,04,1.778633349200723,2.0605445,-6.8562884,2034
7003,r6i1p1f1,2034,03,05,2.6931132237791218,4.086103,-13.407043,2034
7004,r6i1p1f1,2034,03,06,0.005869634601442925,5.306889,-12.377763,2034
7005,r6i1p1f1,2034,03,07,0.0,6.8895636,-10.684533,2034
7006,r6i1p1f1,2034,03,08,5.883133685166834,5.323975,-4.1394777,2034
7007,r6i1p1f1,2034,03,09,22.49865103786152,3.7530766,-3.5311153,2034
7008,r6i1p1f1,2034,03,10,0.005605180141557593,6.3332095,-5.5211334,2034
7009,r6i1p1f1,2034,03,11,7.628707527842956,2.4446275,-8.260782,2034
7010,r6i1p1f1,2034,03,12,1.9687085888845828,3.6956692,-3.7111921,2034
7011,r6i1p1f1,2034,03,13,0.0,5.886033,-9.257745,2034
7012,r6i1p1f1,2034,03,14,0.0,8.340378,-8.329918,2034
7013,r6i1p1f1,2034,03,15,0.26104740822405076,8.242145,-0.19618288,2034
7014,r6i1p1f1,2034,03,16,0.23068531871906953,12.524075,2.4032435,2034
7015,r6i1p1f1,2034,03,17,0.0,14.138387,-2.9076622,2034
7016,r6i1p1f1,2034,03,18,0.0,16.204313,-1.7261033,2034
7017,r6i1p1f1,2034,03,19,0.0,16.258543,-2.1461945,2034
7018,r6i1p1f1,2034,03,20,0.0,16.182539,0.013489324,2034
7019,r6i1p1f1,2034,03,21,0.19811403748470685,12.867298,0.8209686,2034
7020,r6i1p1f1,2034,03,22,6.269916603172847,8.044314,-3.3602822,2034
7021,r6i1p1f1,2034,03,23,7.909823245575901,5.5889025,-3.3247821,2034
7022,r6i1p1f1,2034,03,24,3.363016958454252,5.2806683,-2.2072525,2034
7023,r6i1p1f1,2034,03,25,0.0011500111708386673,8.80486,-4.2105837,2034
7024,r6i1p1f1,2034,03,26,0.0,14.5133705,-5.0493016,2034
7025,r6i1p1f1,2034,03,27,0.0,16.60274,-1.9704012,2034
7026,r6i1p1f1,2034,03,28,0.0,14.985388,-0.9709839,2034
7027,r6i1p1f1,2034,03,29,0.04141058726082227,10.92497,0.34313726,2034
7028,r6i1p1f1,2034,03,30,11.758361264638488,6.848444,-2.1914506,2034
7029,r6i1p1f1,2034,03,31,3.658996343476353,2.6785614,-6.889104,2034
7030,r6i1p1f1,2034,04,01,4.891478154718692,3.0876567,-5.243353,2034
7031,r6i1p1f1,2034,04,02,0.0,4.684933,-10.148221,2034
7032,r6i1p1f1,2034,04,03,0.019191491557521628,4.8288302,-6.024563,2034
7033,r6i1p1f1,2034,04,04,6.159580647710598,3.3555684,-4.013163,2034
7034,r6i1p1f1,2034,04,05,0.0,11.568827,-6.5035567,2034
7035,r6i1p1f1,2034,04,06,0.0,15.147542,-5.440966,2034
7036,r6i1p1f1,2034,04,07,2.490760205209429,10.725212,-0.90257615,2034
7037,r6i1p1f1,2034,04,08,10.320336693029676,4.3683314,-4.2155437,2034
7038,r6i1p1f1,2034,04,09,0.0,8.647561,-4.0511074,2034
7039,r6i1p1f1,2034,04,10,0.0,13.087534,-6.6783214,2034
7040,r6i1p1f1,2034,04,11,0.0,14.380716,-4.885683,2034
7041,r6i1p1f1,2034,04,12,0.0,17.611238,-2.7802682,2034
7042,r6i1p1f1,2034,04,13,0.0,19.568985,-0.8743205,2034
7043,r6i1p1f1,2034,04,14,0.0,19.775827,3.150136,2034
7044,r6i1p1f1,2034,04,15,0.0,19.478727,1.0860515,2034
7045,r6i1p1f1,2034,04,16,0.0,13.415472,-5.0962763,2034
7046,r6i1p1f1,2034,04,17,0.0,14.672978,-3.437059,2034
7047,r6i1p1f1,2034,04,18,0.0,15.761737,-2.198759,2034
7048,r6i1p1f1,2034,04,19,2.9622974774213437,11.068506,-4.457193,2034
7049,r6i1p1f1,2034,04,20,6.94747181384741,7.2864366,-1.3594561,2034
7050,r6i1p1f1,2034,04,21,10.485372791556452,9.349852,-0.48877397,2034
7051,r6i1p1f1,2034,04,22,0.011479600606348258,13.718096,-2.5271504,2034
7052,r6i1p1f1,2034,04,23,1.3810599364240457,13.485403,-2.4649603,2034
7053,r6i1p1f1,2034,04,24,0.0,16.483662,-1.7134285,2034
7054,r6i1p1f1,2034,04,25,3.8491438059128185,12.90464,-4.544192,2034
7055,r6i1p1f1,2034,04,26,5.476352855550906,8.932531,-1.9494867,2034
7056,r6i1p1f1,2034,04,27,3.5795496680057335,11.149619,-2.8276186,2034
7057,r6i1p1f1,2034,04,28,0.17019416900526455,15.903591,2.0013056,2034
7058,r6i1p1f1,2034,04,29,0.6150630122859212,16.13737,1.61895,2034
7059,r6i1p1f1,2034,04,30,0.3713094354914225,12.898771,-1.6462094,2034
7060,r6i1p1f1,2034,05,01,0.7580708772452578,12.548333,-2.8491716,2034
7061,r6i1p1f1,2034,05,02,0.41220909607533124,17.229357,-0.076965645,2034
7062,r6i1p1f1,2034,05,03,1.9533285305404489,12.647292,3.1414466,2034
7063,r6i1p1f1,2034,05,04,20.608928209599604,10.143935,1.1743476,2034
7064,r6i1p1f1,2034,05,05,0.36153915225703365,13.361524,2.2222586,2034
7065,r6i1p1f1,2034,05,06,0.0,19.963326,0.6411835,2034
7066,r6i1p1f1,2034,05,07,0.0008432277188826012,20.424492,1.7787874,2034
7067,r6i1p1f1,2034,05,08,0.0,24.696468,6.244107,2034
7068,r6i1p1f1,2034,05,09,0.0,26.68311,6.7970185,2034
7069,r6i1p1f1,2034,05,10,0.501353734695443,25.108093,7.299028,2034
7070,r6i1p1f1,2034,05,11,0.22370991042059646,17.729088,4.9431963,2034
7071,r6i1p1f1,2034,05,12,4.917092909503367,14.135846,2.734063,2034
7072,r6i1p1f1,2034,05,13,0.213036042270273,15.112149,-2.196917,2034
7073,r6i1p1f1,2034,05,14,0.0,18.893856,-1.454082,2034
7074,r6i1p1f1,2034,05,15,0.0,27.080254,4.962759,2034
7075,r6i1p1f1,2034,05,16,0.0,29.999617,7.8046894,2034
7076,r6i1p1f1,2034,05,17,0.0,29.356077,9.094564,2034
7077,r6i1p1f1,2034,05,18,1.779283687930786,28.462852,9.206494,2034
7078,r6i1p1f1,2034,05,19,1.0835921707496285,27.88462,7.8982654,2034
7079,r6i1p1f1,2034,05,20,0.3120715563480487,27.194721,9.387305,2034
7080,r6i1p1f1,2034,05,21,0.22815614369920184,24.415686,7.863507,2034
7081,r6i1p1f1,2034,05,22,0.05700702665970755,24.924826,5.1587315,2034
7082,r6i1p1f1,2034,05,23,0.0,27.490032,7.7393227,2034
7083,r6i1p1f1,2034,05,24,0.0,27.515944,10.499433,2034
7084,r6i1p1f1,2034,05,25,0.27859514277977143,26.274084,6.989773,2034
7085,r6i1p1f1,2034,05,26,1.6556940911118825,22.504576,3.109434,2034
7086,r6i1p1f1,2034,05,27,2.7386182619350676,17.634705,0.4182859,2034
7087,r6i1p1f1,2034,05,28,2.0123119595690686,17.75696,1.5915973,2034
7088,r6i1p1f1,2034,05,29,0.4011257695823469,20.5943,3.3610735,2034
7089,r6i1p1f1,2034,05,30,0.298855515375737,20.462461,2.9416468,2034
7090,r6i1p1f1,2034,05,31,0.0,18.462566,5.761225,2034
7091,r6i1p1f1,2034,06,01,0.03433531580798296,18.458841,5.3135357,2034
7092,r6i1p1f1,2034,06,02,1.9481955340396144,16.086342,1.4969617,2034
7093,r6i1p1f1,2034,06,03,4.032860950189715,17.466867,-2.6907203,2034
7094,r6i1p1f1,2034,06,04,1.044669050745185,19.051958,3.0281553,2034
7095,r6i1p1f1,2034,06,05,1.7916408946692064,19.283237,2.1317818,2034
7096,r6i1p1f1,2034,06,06,0.9908345530251067,23.97593,4.306197,2034
7097,r6i1p1f1,2034,06,07,0.280240426076623,24.186674,8.335105,2034
7098,r6i1p1f1,2034,06,08,2.0259186095035244,18.58832,1.5218576,2034
7099,r6i1p1f1,2034,06,09,0.0,25.781921,6.876593,2034
7100,r6i1p1f1,2034,06,10,0.0,26.138908,7.883579,2034
7101,r6i1p1f1,2034,06,11,0.49755424623218836,22.190653,5.236584,2034
7102,r6i1p1f1,2034,06,12,0.4502132233682339,26.164562,7.2027373,2034
7103,r6i1p1f1,2034,06,13,0.6649781592817888,27.101408,8.695063,2034
7104,r6i1p1f1,2034,06,14,0.04558481853558125,30.323713,10.944047,2034
7105,r6i1p1f1,2034,06,15,0.0,30.685625,13.691907,2034
7106,r6i1p1f1,2034,06,16,0.10012671982170049,27.435905,7.6108656,2034
7107,r6i1p1f1,2034,06,17,0.416233110537289,25.099861,5.2256045,2034
7108,r6i1p1f1,2034,06,18,0.9046216156746412,21.87417,6.2072096,2034
7109,r6i1p1f1,2034,06,19,0.0,26.764301,7.479572,2034
7110,r6i1p1f1,2034,06,20,0.43599205743224784,26.189201,9.7776165,2034
7111,r6i1p1f1,2034,06,21,0.9045398969643664,23.373442,8.802959,2034
7112,r6i1p1f1,2034,06,22,0.0,28.386238,7.9571805,2034
7113,r6i1p1f1,2034,06,23,0.13725946854525997,28.311617,6.6791925,2034
7114,r6i1p1f1,2034,06,24,0.11511550511468455,29.470032,8.978851,2034
7115,r6i1p1f1,2034,06,25,0.0,30.70071,10.374551,2034
7116,r6i1p1f1,2034,06,26,0.3571598609173155,27.179184,6.7932334,2034
7117,r6i1p1f1,2034,06,27,1.2843755424374659,21.005741,3.1468947,2034
7118,r6i1p1f1,2034,06,28,0.0,26.307844,7.768251,2034
7119,r6i1p1f1,2034,06,29,0.0,29.046902,8.248479,2034
7120,r6i1p1f1,2034,06,30,0.0,32.040752,12.4400835,2034
7121,r6i1p1f1,2034,07,01,0.0,34.38189,13.137648,2034
7122,r6i1p1f1,2034,07,02,0.0,34.549294,12.660442,2034
7123,r6i1p1f1,2034,07,03,0.11573237228797269,34.737946,13.739196,2034
7124,r6i1p1f1,2034,07,04,0.0,33.888256,12.281694,2034
7125,r6i1p1f1,2034,07,05,0.0,32.52701,11.113964,2034
7126,r6i1p1f1,2034,07,06,0.0,32.404266,11.805061,2034
7127,r6i1p1f1,2034,07,07,0.0050617233875696905,33.47187,13.261303,2034
7128,r6i1p1f1,2034,07,08,0.0,33.364323,12.203317,2034
7129,r6i1p1f1,2034,07,09,0.0525929728449795,31.915956,12.6813135,2034
7130,r6i1p1f1,2034,07,10,0.8686012435978755,33.125526,15.073246,2034
7131,r6i1p1f1,2034,07,11,0.02885477443148901,32.31797,13.588541,2034
7132,r6i1p1f1,2034,07,12,3.6901604346324404,32.66015,14.193323,2034
7133,r6i1p1f1,2034,07,13,0.9433026815214449,32.833153,13.02411,2034
7134,r6i1p1f1,2034,07,14,0.023778054698539077,32.4701,13.8472595,2034
7135,r6i1p1f1,2034,07,15,0.0002943871824734335,32.16942,13.513021,2034
7136,r6i1p1f1,2034,07,16,0.15969276650740183,32.062923,13.583727,2034
7137,r6i1p1f1,2034,07,17,0.1956337710982727,33.558014,14.026129,2034
7138,r6i1p1f1,2034,07,18,0.003885945676313738,33.67863,14.249064,2034
7139,r6i1p1f1,2034,07,19,0.0,34.748077,15.32058,2034
7140,r6i1p1f1,2034,07,20,0.004128279219934531,35.190628,16.145086,2034
7141,r6i1p1f1,2034,07,21,0.04236211284500361,33.95561,12.78363,2034
7142,r6i1p1f1,2034,07,22,0.0,32.98503,13.617686,2034
7143,r6i1p1f1,2034,07,23,0.035823896399706366,32.264904,12.408669,2034
7144,r6i1p1f1,2034,07,24,0.035050594197393106,32.11564,13.203443,2034
7145,r6i1p1f1,2034,07,25,0.0,32.80701,11.772842,2034
7146,r6i1p1f1,2034,07,26,0.0,33.41675,12.076528,2034
7147,r6i1p1f1,2034,07,27,0.7074722289749704,33.83524,12.601354,2034
7148,r6i1p1f1,2034,07,28,2.549767978252726,33.474606,14.343636,2034
7149,r6i1p1f1,2034,07,29,0.06382724246506738,33.24907,12.351714,2034
7150,r6i1p1f1,2034,07,30,0.0,36.450317,14.953039,2034
7151,r6i1p1f1,2034,07,31,0.072505449367054,36.813503,15.952923,2034
7152,r6i1p1f1,2034,08,01,0.0,36.151543,13.830148,2034
7153,r6i1p1f1,2034,08,02,0.0,35.436466,13.317839,2034
7154,r6i1p1f1,2034,08,03,0.0,35.096897,12.43515,2034
7155,r6i1p1f1,2034,08,04,0.0,34.133038,12.0345335,2034
7156,r6i1p1f1,2034,08,05,0.0,32.127567,10.981228,2034
7157,r6i1p1f1,2034,08,06,0.0,30.679909,10.441878,2034
7158,r6i1p1f1,2034,08,07,0.0,30.776392,10.522493,2034
7159,r6i1p1f1,2034,08,08,0.0,31.815554,13.992972,2034
7160,r6i1p1f1,2034,08,09,1.2763283287701637,32.40783,12.821353,2034
7161,r6i1p1f1,2034,08,10,1.5628229568519387,31.827906,11.413157,2034
7162,r6i1p1f1,2034,08,11,9.164544338961242,32.1874,12.117075,2034
7163,r6i1p1f1,2034,08,12,2.4614383502211847,30.85004,11.927322,2034
7164,r6i1p1f1,2034,08,13,0.44597546861865767,30.873655,10.913466,2034
7165,r6i1p1f1,2034,08,14,0.0,30.535059,10.033281,2034
7166,r6i1p1f1,2034,08,15,0.0,27.82557,8.741357,2034
7167,r6i1p1f1,2034,08,16,0.3574299115399541,24.763737,6.7327952,2034
7168,r6i1p1f1,2034,08,17,1.7860772298803387,20.784088,5.511013,2034
7169,r6i1p1f1,2034,08,18,0.029244687863697015,24.137152,6.002231,2034
7170,r6i1p1f1,2034,08,19,0.0,28.258722,9.114926,2034
7171,r6i1p1f1,2034,08,20,0.0,32.34158,11.901272,2034
7172,r6i1p1f1,2034,08,21,0.0,34.440903,13.206747,2034
7173,r6i1p1f1,2034,08,22,0.0,35.073917,13.473292,2034
7174,r6i1p1f1,2034,08,23,0.0005358869806833004,36.169895,14.543414,2034
7175,r6i1p1f1,2034,08,24,0.1436954548396262,37.33057,16.188286,2034
7176,r6i1p1f1,2034,08,25,1.1517435451624567,35.578735,14.53073,2034
7177,r6i1p1f1,2034,08,26,0.0,32.841232,11.9238825,2034
7178,r6i1p1f1,2034,08,27,0.0,34.91175,13.245973,2034
7179,r6i1p1f1,2034,08,28,0.0,34.67565,12.832002,2034
7180,r6i1p1f1,2034,08,29,0.0,32.948135,11.282504,2034
7181,r6i1p1f1,2034,08,30,0.0,31.805431,11.0641575,2034
7182,r6i1p1f1,2034,08,31,0.0,30.424744,9.360865,2034
7183,r6i1p1f1,2034,09,01,0.0,28.293888,9.679844,2034
7184,r6i1p1f1,2034,09,02,0.1017400490849189,25.820826,7.1190834,2034
7185,r6i1p1f1,2034,09,03,0.13525674277492827,21.676727,3.9900432,2034
7186,r6i1p1f1,2034,09,04,15.701708643859163,17.675217,0.20361929,2034
7187,r6i1p1f1,2034,09,05,6.089453964079171,14.086838,-0.60444957,2034
7188,r6i1p1f1,2034,09,06,0.042837006659676616,20.688467,2.1746447,2034
7189,r6i1p1f1,2034,09,07,0.0,24.711796,6.366415,2034
7190,r6i1p1f1,2034,09,08,0.0,25.973476,7.7777123,2034
7191,r6i1p1f1,2034,09,09,0.0,26.754395,7.6583004,2034
7192,r6i1p1f1,2034,09,10,0.0,27.862217,8.514463,2034
7193,r6i1p1f1,2034,09,11,0.0,27.351452,8.418117,2034
7194,r6i1p1f1,2034,09,12,0.0,25.619848,7.2042265,2034
7195,r6i1p1f1,2034,09,13,0.0,24.87224,7.0515575,2034
7196,r6i1p1f1,2034,09,14,0.0,25.306211,7.6622033,2034
7197,r6i1p1f1,2034,09,15,0.0,25.262907,6.2733903,2034
7198,r6i1p1f1,2034,09,16,0.0,24.91738,6.5890403,2034
7199,r6i1p1f1,2034,09,17,0.0,25.420446,7.624829,2034
7200,r6i1p1f1,2034,09,18,0.0,28.703562,9.82525,2034
7201,r6i1p1f1,2034,09,19,0.0,29.160467,11.108968,2034
7202,r6i1p1f1,2034,09,20,0.0,28.669827,10.163285,2034
7203,r6i1p1f1,2034,09,21,0.0,23.127626,5.140524,2034
7204,r6i1p1f1,2034,09,22,0.0,21.665674,3.2189262,2034
7205,r6i1p1f1,2034,09,23,0.0,23.719816,3.4865272,2034
7206,r6i1p1f1,2034,09,24,0.0,24.322622,6.053948,2034
7207,r6i1p1f1,2034,09,25,0.0,23.247543,6.880544,2034
7208,r6i1p1f1,2034,09,26,0.0,24.244978,7.3217344,2034
7209,r6i1p1f1,2034,09,27,0.0,23.93155,7.2282963,2034
7210,r6i1p1f1,2034,09,28,0.004718624656237358,20.730675,5.5781636,2034
7211,r6i1p1f1,2034,09,29,1.5416036432324345,17.687805,1.5401593,2034
7212,r6i1p1f1,2034,09,30,4.665601961766076,20.934044,5.3330626,2034
7213,r6i1p1f1,2034,10,01,0.0,24.026407,5.7543135,2034
7214,r6i1p1f1,2034,10,02,0.0,24.817816,8.49962,2034
7215,r6i1p1f1,2034,10,03,0.27629881994579764,21.04098,5.84827,2034
7216,r6i1p1f1,2034,10,04,0.0,21.460758,3.4963427,2034
7217,r6i1p1f1,2034,10,05,0.0,28.270533,7.588283,2034
7218,r6i1p1f1,2034,10,06,0.0,29.064835,10.699753,2034
7219,r6i1p1f1,2034,10,07,0.012410443650732903,26.841166,9.072406,2034
7220,r6i1p1f1,2034,10,08,0.03521273469055315,24.14242,4.8842225,2034
7221,r6i1p1f1,2034,10,09,0.0,19.908607,3.785826,2034
7222,r6i1p1f1,2034,10,10,0.0,17.344738,0.81887877,2034
7223,r6i1p1f1,2034,10,11,0.0,17.59848,1.86382,2034
7224,r6i1p1f1,2034,10,12,0.0,21.214283,4.03959,2034
7225,r6i1p1f1,2034,10,13,0.0,23.5073,6.957626,2034
7226,r6i1p1f1,2034,10,14,0.0,25.044184,5.6355734,2034
7227,r6i1p1f1,2034,10,15,0.0,24.437845,5.3197603,2034
7228,r6i1p1f1,2034,10,16,0.0,24.981352,7.6994357,2034
7229,r6i1p1f1,2034,10,17,0.0,25.04729,5.94752,2034
7230,r6i1p1f1,2034,10,18,0.0,22.02689,4.0018444,2034
7231,r6i1p1f1,2034,10,19,0.0,19.858181,2.4338448,2034
7232,r6i1p1f1,2034,10,20,0.09533440271686272,17.488289,1.8739203,2034
7233,r6i1p1f1,2034,10,21,0.025805255045668916,15.095116,-0.010247121,2034
7234,r6i1p1f1,2034,10,22,1.2252512604185952,13.559452,2.339563,2034
7235,r6i1p1f1,2034,10,23,5.123221935075815,10.502168,-2.2409592,2034
7236,r6i1p1f1,2034,10,24,5.463005924033125,12.051431,-2.2514787,2034
7237,r6i1p1f1,2034,10,25,16.568164864992664,11.8680725,-1.1133891,2034
7238,r6i1p1f1,2034,10,26,0.04364393937950511,11.822746,-1.7114977,2034
7239,r6i1p1f1,2034,10,27,0.0,15.086696,-0.80371326,2034
7240,r6i1p1f1,2034,10,28,0.0,15.523726,-0.45183134,2034
7241,r6i1p1f1,2034,10,29,2.749858284076673,13.141206,2.69277,2034
7242,r6i1p1f1,2034,10,30,10.128189425924253,11.101117,3.4658432,2034
7243,r6i1p1f1,2034,10,31,0.0,14.553,2.9566782,2034
7244,r6i1p1f1,2034,11,01,0.0,15.668551,0.6648038,2034
7245,r6i1p1f1,2034,11,02,2.1861369286830645,12.0288515,-0.24840294,2034
7246,r6i1p1f1,2034,11,03,0.09605989743799445,10.148713,0.85076874,2034
7247,r6i1p1f1,2034,11,04,20.005046944112316,11.836942,2.6183827,2034
7248,r6i1p1f1,2034,11,05,12.648371526158185,12.459105,3.6250296,2034
7249,r6i1p1f1,2034,11,06,13.2380227232915,12.32976,3.4372466,2034
7250,r6i1p1f1,2034,11,07,22.081750454058803,11.265153,3.4093142,2034
7251,r6i1p1f1,2034,11,08,32.17301002601814,10.124351,2.312992,2034
7252,r6i1p1f1,2034,11,09,37.019618244281766,8.275449,-0.05266404,2034
7253,r6i1p1f1,2034,11,10,26.353535068633434,8.692647,-3.2940989,2034
7254,r6i1p1f1,2034,11,11,3.1946869127870268,4.9931836,-3.1555667,2034
7255,r6i1p1f1,2034,11,12,10.229339348928992,4.2710376,-5.2409086,2034
7256,r6i1p1f1,2034,11,13,27.656289345445217,6.377406,-1.2939749,2034
7257,r6i1p1f1,2034,11,14,19.693182854404707,7.2623386,-0.9101053,2034
7258,r6i1p1f1,2034,11,15,0.0017068359950732745,9.700513,-3.0098,2034
7259,r6i1p1f1,2034,11,16,0.0,9.545075,1.3677313,2034
7260,r6i1p1f1,2034,11,17,0.0136391377971708,10.190362,1.7854989,2034
7261,r6i1p1f1,2034,11,18,0.0,12.567991,2.9607942,2034
7262,r6i1p1f1,2034,11,19,0.041417513586701336,13.437994,2.857485,2034
7263,r6i1p1f1,2034,11,20,1.597357972277561,10.01133,0.07812957,2034
7264,r6i1p1f1,2034,11,21,0.0,12.946488,-0.87079924,2034
7265,r6i1p1f1,2034,11,22,0.0,14.529693,0.38873902,2034
7266,r6i1p1f1,2034,11,23,1.4467451714025537,11.099776,2.7721426,2034
7267,r6i1p1f1,2034,11,24,5.920148106526431,9.267103,-0.5155008,2034
7268,r6i1p1f1,2034,11,25,11.319001530838765,5.779043,-4.5491223,2034
7269,r6i1p1f1,2034,11,26,0.0,6.673445,-7.451794,2034
7270,r6i1p1f1,2034,11,27,4.226543167670123,5.064692,-3.157143,2034
7271,r6i1p1f1,2034,11,28,1.8712542559873613,5.8352914,-2.1158602,2034
7272,r6i1p1f1,2034,11,29,0.006659692908074251,6.975552,-2.730747,2034
7273,r6i1p1f1,2034,11,30,0.008231980763120964,7.401479,-4.7733994,2034
7274,r6i1p1f1,2034,12,01,0.0,10.514452,-2.8302076,2034
7275,r6i1p1f1,2034,12,02,0.0,12.238985,-0.7647705,2034
7276,r6i1p1f1,2034,12,03,0.44438558254687094,8.555741,-2.9313824,2034
7277,r6i1p1f1,2034,12,04,0.91418907338593,1.061726,-6.8555946,2034
7278,r6i1p1f1,2034,12,05,2.8779678355227665,1.6704438,-6.354106,2034
7279,r6i1p1f1,2034,12,06,10.544584216812408,1.0795041,-8.81754,2034
7280,r6i1p1f1,2034,12,07,10.89881492268852,-0.095583,-10.688994,2034
7281,r6i1p1f1,2034,12,08,2.843550937798248,1.032227,-13.082802,2034
7282,r6i1p1f1,2034,12,09,0.09664402673768574,0.4245148,-12.0140705,2034
7283,r6i1p1f1,2034,12,10,6.884969692750727,0.76793605,-9.894688,2034
7284,r6i1p1f1,2034,12,11,6.403656930259523,2.0346007,-4.2798357,2034
7285,r6i1p1f1,2034,12,12,60.94554805987478,3.6521585,-2.0155976,2034
7286,r6i1p1f1,2034,12,13,12.476929594068052,1.2868936,-5.733096,2034
7287,r6i1p1f1,2034,12,14,11.73349988720397,-0.38390768,-8.643995,2034
7288,r6i1p1f1,2034,12,15,27.09279217086419,5.5520563,-6.886873,2034
7289,r6i1p1f1,2034,12,16,7.4605625585425255,3.849468,-4.2582746,2034
7290,r6i1p1f1,2034,12,17,14.341091390396933,4.2604456,-3.9431386,2034
7291,r6i1p1f1,2034,12,18,55.40390074401666,4.662304,-4.048658,2034
7292,r6i1p1f1,2034,12,19,0.9025010813974016,1.101146,-7.4191766,2034
7293,r6i1p1f1,2034,12,20,1.5283989398359556,0.95957315,-5.7635674,2034
7294,r6i1p1f1,2034,12,21,0.0036348231461094237,3.1892374,-5.476994,2034
7295,r6i1p1f1,2034,12,22,0.22876027151224534,7.5934653,-7.282103,2034
7296,r6i1p1f1,2034,12,23,8.098473319950513,4.0992575,-3.6000762,2034
7297,r6i1p1f1,2034,12,24,18.89488304161646,6.2984395,-3.048851,2034
7298,r6i1p1f1,2034,12,25,6.381310598240458,8.4536495,-3.9755843,2034
7299,r6i1p1f1,2034,12,26,2.7233084314145004,4.4680367,-2.4864373,2034
7300,r6i1p1f1,2034,12,27,0.021442760991712585,2.8815942,-10.826315,2034
7301,r6i1p1f1,2034,12,28,0.6498646954033311,-0.24903013,-9.97482,2034
7302,r6i1p1f1,2034,12,29,0.0,0.8175337,-11.666383,2034
7303,r6i1p1f1,2034,12,30,2.484769296054801,-0.09011717,-7.5264955,2034
7304,r6i1p1f1,2034,12,31,0.0007495599246912032,4.100796,-5.5472217,2034
7305,r6i1p1f1,2035,01,01,0.0,6.8870716,-5.1050076,2035
7306,r6i1p1f1,2035,01,02,0.0,8.475187,-3.0677502,2035
7307,r6i1p1f1,2035,01,03,0.0,7.2065773,-2.979912,2035
7308,r6i1p1f1,2035,01,04,0.010516439540384368,7.072229,-3.4347143,2035
7309,r6i1p1f1,2035,01,05,0.0,9.807239,-4.6857166,2035
7310,r6i1p1f1,2035,01,06,0.0,9.150609,-3.9326088,2035
7311,r6i1p1f1,2035,01,07,0.0,10.273589,-3.759303,2035
7312,r6i1p1f1,2035,01,08,0.0,10.877126,-3.282474,2035
7313,r6i1p1f1,2035,01,09,0.0049975365511845315,10.571609,-3.231839,2035
7314,r6i1p1f1,2035,01,10,0.33650839453521514,7.4229555,2.0237474,2035
7315,r6i1p1f1,2035,01,11,7.074065880904105,7.158255,-0.013002282,2035
7316,r6i1p1f1,2035,01,12,10.855064209339567,6.4571857,-0.56280696,2035
7317,r6i1p1f1,2035,01,13,0.9115007596125762,8.351907,2.1669545,2035
7318,r6i1p1f1,2035,01,14,0.0,10.894226,1.4911374,2035
7319,r6i1p1f1,2035,01,15,0.0,9.5343485,-3.1000435,2035
7320,r6i1p1f1,2035,01,16,0.0,11.222341,-2.4472575,2035
7321,r6i1p1f1,2035,01,17,0.0,10.135746,-2.3484032,2035
7322,r6i1p1f1,2035,01,18,0.0,7.0339246,-7.0489087,2035
7323,r6i1p1f1,2035,01,19,0.0,9.610001,-3.4501345,2035
7324,r6i1p1f1,2035,01,20,0.0,10.584,-3.1753948,2035
7325,r6i1p1f1,2035,01,21,0.0,10.26654,-3.7438803,2035
7326,r6i1p1f1,2035,01,22,0.0,9.357808,-4.026202,2035
7327,r6i1p1f1,2035,01,23,0.1441520718080009,8.901668,1.8436327,2035
7328,r6i1p1f1,2035,01,24,0.0008773916671443322,6.2228274,-7.217991,2035
7329,r6i1p1f1,2035,01,25,0.00797923605388888,3.257108,-9.781164,2035
7330,r6i1p1f1,2035,01,26,0.0,2.524853,-10.813365,2035
7331,r6i1p1f1,2035,01,27,0.0,5.4286156,-7.820835,2035
7332,r6i1p1f1,2035,01,28,0.0,9.123664,-6.205959,2035
7333,r6i1p1f1,2035,01,29,0.0,9.646915,-4.2862773,2035
7334,r6i1p1f1,2035,01,30,0.0,9.818006,-4.735311,2035
7335,r6i1p1f1,2035,01,31,0.0,12.156672,-1.8863393,2035
7336,r6i1p1f1,2035,02,01,0.0,12.047226,-4.92112,2035
7337,r6i1p1f1,2035,02,02,0.009556364658562928,9.728269,-6.3844776,2035
7338,r6i1p1f1,2035,02,03,0.8367222234430066,6.0894146,-1.1039778,2035
7339,r6i1p1f1,2035,02,04,0.09824989901097021,5.8308473,-6.6650195,2035
7340,r6i1p1f1,2035,02,05,1.7259269277033582,3.8189738,-3.1461253,2035
7341,r6i1p1f1,2035,02,06,12.409147406507627,6.4401593,-5.037352,2035
7342,r6i1p1f1,2035,02,07,16.616440495109654,6.5057235,0.39340764,2035
7343,r6i1p1f1,2035,02,08,24.595154377894243,8.376592,-1.0600638,2035
7344,r6i1p1f1,2035,02,09,0.22093467333589156,5.52147,-4.819927,2035
7345,r6i1p1f1,2035,02,10,11.19625225574458,4.4439025,-4.078609,2035
7346,r6i1p1f1,2035,02,11,0.0,8.306443,-6.7907925,2035
7347,r6i1p1f1,2035,02,12,0.43690181884452084,5.794165,-3.499728,2035
7348,r6i1p1f1,2035,02,13,21.863927673368252,6.053536,-3.7450042,2035
7349,r6i1p1f1,2035,02,14,28.736485395498587,8.172839,-2.6304245,2035
7350,r6i1p1f1,2035,02,15,9.574004941225157,8.190008,-0.1308512,2035
7351,r6i1p1f1,2035,02,16,7.81624534563574,6.888368,-3.4938724,2035
7352,r6i1p1f1,2035,02,17,32.12813899140699,8.557819,-3.0241044,2035
7353,r6i1p1f1,2035,02,18,10.98942044324254,8.328131,-1.9439317,2035
7354,r6i1p1f1,2035,02,19,14.313043305583902,8.498567,-4.692601,2035
7355,r6i1p1f1,2035,02,20,10.175743433370675,2.6630673,-5.505542,2035
7356,r6i1p1f1,2035,02,21,0.0,3.2048967,-5.1377544,2035
7357,r6i1p1f1,2035,02,22,0.0,4.549978,-7.6977534,2035
7358,r6i1p1f1,2035,02,23,0.0,8.171786,-6.2374654,2035
7359,r6i1p1f1,2035,02,24,0.0,11.065406,-3.9800372,2035
7360,r6i1p1f1,2035,02,25,0.0,14.6917925,-0.63382936,2035
7361,r6i1p1f1,2035,02,26,0.0,14.397386,0.110375345,2035
7362,r6i1p1f1,2035,02,27,0.007125249232985214,12.372886,1.5194054,2035
7363,r6i1p1f1,2035,02,28,3.8145060563226165,9.948094,2.9148574,2035
7364,r6i1p1f1,2035,03,01,0.9813624079455591,10.592846,-6.8892426,2035
7365,r6i1p1f1,2035,03,02,0.0,6.354217,-10.190579,2035
7366,r6i1p1f1,2035,03,03,0.0,8.280768,-9.5805435,2035
7367,r6i1p1f1,2035,03,04,0.0,11.005601,-6.2692957,2035
7368,r6i1p1f1,2035,03,05,0.0,11.159307,-3.8949158,2035
7369,r6i1p1f1,2035,03,06,0.0,15.161617,-5.0632734,2035
7370,r6i1p1f1,2035,03,07,0.0,15.799482,-2.4570632,2035
7371,r6i1p1f1,2035,03,08,0.0,17.525288,0.501475,2035
7372,r6i1p1f1,2035,03,09,0.0,17.717669,0.10664587,2035
7373,r6i1p1f1,2035,03,10,1.3763838259110042,17.416014,1.0955536,2035
7374,r6i1p1f1,2035,03,11,16.412886801538043,10.257814,-0.8173534,2035
7375,r6i1p1f1,2035,03,12,0.0018439626149217962,10.517287,-2.8206377,2035
7376,r6i1p1f1,2035,03,13,0.0,18.246536,-1.9477507,2035
7377,r6i1p1f1,2035,03,14,0.0,19.98478,-0.66155994,2035
7378,r6i1p1f1,2035,03,15,0.0,20.993504,2.335166,2035
7379,r6i1p1f1,2035,03,16,0.10547817931011497,17.800001,-0.40702125,2035
7380,r6i1p1f1,2035,03,17,0.3870572445951933,7.755756,-10.756823,2035
7381,r6i1p1f1,2035,03,18,0.0,1.8243563,-9.061052,2035
7382,r6i1p1f1,2035,03,19,0.021229248904311177,4.6344075,-7.9452543,2035
7383,r6i1p1f1,2035,03,20,0.0,9.966796,-3.5250387,2035
7384,r6i1p1f1,2035,03,21,0.022123872571671355,11.724038,-3.724965,2035
7385,r6i1p1f1,2035,03,22,0.25887818436348886,12.802101,-3.852746,2035
7386,r6i1p1f1,2035,03,23,18.34007486923677,8.390968,0.8162729,2035
7387,r6i1p1f1,2035,03,24,33.59186414492708,9.307066,-4.989294,2035
7388,r6i1p1f1,2035,03,25,8.108384383527184,9.327892,-8.01992,2035
7389,r6i1p1f1,2035,03,26,11.082195487404801,7.5831337,-2.4900904,2035
7390,r6i1p1f1,2035,03,27,14.696810839033844,5.3012443,-2.8552306,2035
7391,r6i1p1f1,2035,03,28,13.045878307505925,2.5815668,-5.388267,2035
7392,r6i1p1f1,2035,03,29,0.002402019192780141,12.263062,-8.411314,2035
7393,r6i1p1f1,2035,03,30,0.0,11.738304,-1.8173637,2035
7394,r6i1p1f1,2035,03,31,0.01234536606301444,10.438235,0.3250215,2035
7395,r6i1p1f1,2035,04,01,1.3381903746656663,10.611527,-3.265319,2035
7396,r6i1p1f1,2035,04,02,0.0,8.037645,-4.9687653,2035
7397,r6i1p1f1,2035,04,03,0.0,14.812711,-5.9289403,2035
7398,r6i1p1f1,2035,04,04,0.014709312678366077,16.17717,-1.1279509,2035
7399,r6i1p1f1,2035,04,05,0.9186247207806413,12.478418,-0.43935108,2035
7400,r6i1p1f1,2035,04,06,1.6835329735503433,9.108515,0.5728996,2035
7401,r6i1p1f1,2035,04,07,0.0589717769230629,11.718874,-3.3111649,2035
7402,r6i1p1f1,2035,04,08,0.0,12.43138,-5.2751966,2035
7403,r6i1p1f1,2035,04,09,0.0,14.713374,-5.557152,2035
7404,r6i1p1f1,2035,04,10,0.0,16.23114,-1.2041966,2035
7405,r6i1p1f1,2035,04,11,0.9345009824413619,14.505286,-3.8581865,2035
7406,r6i1p1f1,2035,04,12,2.777638689290296,9.51578,-6.0218253,2035
7407,r6i1p1f1,2035,04,13,0.14344659657352893,13.460617,-2.280714,2035
7408,r6i1p1f1,2035,04,14,0.0,15.193954,-0.4333438,2035
7409,r6i1p1f1,2035,04,15,0.0,15.83878,-0.08064294,2035
7410,r6i1p1f1,2035,04,16,1.305807662554663,10.969489,-2.7156367,2035
7411,r6i1p1f1,2035,04,17,6.034728788035999,7.4194794,-0.8145642,2035
7412,r6i1p1f1,2035,04,18,1.6597532275934213,9.681752,-5.7144628,2035
7413,r6i1p1f1,2035,04,19,2.1332234675266277,12.464312,-0.6815287,2035
7414,r6i1p1f1,2035,04,20,32.701437613956195,9.896551,-5.1944475,2035
7415,r6i1p1f1,2035,04,21,2.230530095601023,9.855472,-6.779754,2035
7416,r6i1p1f1,2035,04,22,2.749616180791882,10.349485,-5.1198153,2035
7417,r6i1p1f1,2035,04,23,14.774326951433254,11.2654085,-6.2698326,2035
7418,r6i1p1f1,2035,04,24,16.13301057806241,10.156006,-3.0220048,2035
7419,r6i1p1f1,2035,04,25,2.168509236046176,12.423186,-3.0389493,2035
7420,r6i1p1f1,2035,04,26,0.0,16.714418,-1.1639506,2035
7421,r6i1p1f1,2035,04,27,0.0,17.374811,-0.28603983,2035
7422,r6i1p1f1,2035,04,28,0.0,19.671501,0.8158004,2035
7423,r6i1p1f1,2035,04,29,0.0,21.526777,3.740722,2035
7424,r6i1p1f1,2035,04,30,0.0,20.544245,5.079322,2035
7425,r6i1p1f1,2035,05,01,7.566633318340042,14.204263,-0.7875309,2035
7426,r6i1p1f1,2035,05,02,0.1831219032401238,16.374685,0.02390262,2035
7427,r6i1p1f1,2035,05,03,0.015816127135752357,18.351322,-0.5637563,2035
7428,r6i1p1f1,2035,05,04,0.0,20.988771,1.9438869,2035
7429,r6i1p1f1,2035,05,05,0.0,23.199453,4.307089,2035
7430,r6i1p1f1,2035,05,06,1.9143138520948142,21.408167,5.2518387,2035
7431,r6i1p1f1,2035,05,07,0.6244562551919002,21.996992,2.7096713,2035
7432,r6i1p1f1,2035,05,08,0.006378604346047041,23.24513,4.3175554,2035
7433,r6i1p1f1,2035,05,09,5.695842022704482,17.366564,0.76937205,2035
7434,r6i1p1f1,2035,05,10,0.0009324214787102731,20.605677,1.5369695,2035
7435,r6i1p1f1,2035,05,11,0.0017756971080821328,19.200523,4.954005,2035
7436,r6i1p1f1,2035,05,12,0.0,20.301323,6.2414846,2035
7437,r6i1p1f1,2035,05,13,0.00814637201484975,23.4284,3.7462142,2035
7438,r6i1p1f1,2035,05,14,0.0,21.378624,6.5224247,2035
7439,r6i1p1f1,2035,05,15,4.111550693709916,14.977859,1.0101444,2035
7440,r6i1p1f1,2035,05,16,0.0013785319513598241,18.595888,2.7820034,2035
7441,r6i1p1f1,2035,05,17,0.0,18.119127,1.4955219,2035
7442,r6i1p1f1,2035,05,18,0.3568746231998208,18.93185,6.0842733,2035
7443,r6i1p1f1,2035,05,19,0.13455415539297033,16.829224,-0.9932016,2035
7444,r6i1p1f1,2035,05,20,0.0018489792410887574,13.859439,-1.3327962,2035
7445,r6i1p1f1,2035,05,21,0.9553688149947777,11.427163,-3.2667472,2035
7446,r6i1p1f1,2035,05,22,0.2227429813864046,14.736644,-0.11805605,2035
7447,r6i1p1f1,2035,05,23,0.0,21.336355,1.7201692,2035
7448,r6i1p1f1,2035,05,24,0.0,27.536299,6.7464643,2035
7449,r6i1p1f1,2035,05,25,0.0,30.344727,9.748941,2035
7450,r6i1p1f1,2035,05,26,0.0,29.96263,10.905242,2035
7451,r6i1p1f1,2035,05,27,0.0,30.074265,11.83592,2035
7452,r6i1p1f1,2035,05,28,0.0,29.522614,12.070588,2035
7453,r6i1p1f1,2035,05,29,0.0,29.15393,9.55347,2035
7454,r6i1p1f1,2035,05,30,0.0,25.17524,7.698142,2035
7455,r6i1p1f1,2035,05,31,0.8908561105870287,16.570757,0.8510955,2035
7456,r6i1p1f1,2035,06,01,0.7881694035246768,18.872105,1.7707641,2035
7457,r6i1p1f1,2035,06,02,0.0,26.612867,6.7787914,2035
7458,r6i1p1f1,2035,06,03,0.0,26.379738,6.9311,2035
7459,r6i1p1f1,2035,06,04,0.0,25.654617,7.2607617,2035
7460,r6i1p1f1,2035,06,05,0.0,23.887835,5.854567,2035
7461,r6i1p1f1,2035,06,06,0.02010752335449612,21.290049,6.2311316,2035
7462,r6i1p1f1,2035,06,07,0.0,21.275772,1.8574673,2035
7463,r6i1p1f1,2035,06,08,0.0,24.014898,5.482111,2035
7464,r6i1p1f1,2035,06,09,0.08481348924022193,23.167763,7.371465,2035
7465,r6i1p1f1,2035,06,10,0.0,18.305456,2.0580223,2035
7466,r6i1p1f1,2035,06,11,0.0,15.722381,-0.570818,2035
7467,r6i1p1f1,2035,06,12,0.0,23.242413,4.2135434,2035
7468,r6i1p1f1,2035,06,13,0.0,28.171125,8.65113,2035
7469,r6i1p1f1,2035,06,14,0.0,29.716959,9.396572,2035
7470,r6i1p1f1,2035,06,15,0.2687812500193578,29.298796,10.13855,2035
7471,r6i1p1f1,2035,06,16,0.0806521308320317,30.61256,10.637325,2035
7472,r6i1p1f1,2035,06,17,0.9049417082835712,29.716623,10.744905,2035
7473,r6i1p1f1,2035,06,18,1.3183807218345325,27.839592,8.76048,2035
7474,r6i1p1f1,2035,06,19,0.24109244605255417,30.973974,11.180913,2035
7475,r6i1p1f1,2035,06,20,0.12921117862441303,32.469273,12.3113985,2035
7476,r6i1p1f1,2035,06,21,0.0,32.83137,12.867252,2035
7477,r6i1p1f1,2035,06,22,0.0,32.530712,12.073002,2035
7478,r6i1p1f1,2035,06,23,0.0,31.637642,11.412194,2035
7479,r6i1p1f1,2035,06,24,0.007405702477040381,31.028307,10.783861,2035
7480,r6i1p1f1,2035,06,25,2.9890414811411166,15.9930935,0.47059736,2035
7481,r6i1p1f1,2035,06,26,0.8872338809500534,17.202898,1.2540777,2035
7482,r6i1p1f1,2035,06,27,0.01972797990251827,22.925358,3.5050871,2035
7483,r6i1p1f1,2035,06,28,0.034041005767382115,23.043125,5.743257,2035
7484,r6i1p1f1,2035,06,29,0.0,28.279411,7.007527,2035
7485,r6i1p1f1,2035,06,30,0.0,29.391994,8.657873,2035
7486,r6i1p1f1,2035,07,01,0.0,29.160463,6.84955,2035
7487,r6i1p1f1,2035,07,02,0.0,31.46407,9.061779,2035
7488,r6i1p1f1,2035,07,03,0.08938378070290477,32.177967,11.908196,2035
7489,r6i1p1f1,2035,07,04,0.18601640401178746,29.89964,8.975285,2035
7490,r6i1p1f1,2035,07,05,0.0012532289598090102,28.968544,8.060929,2035
7491,r6i1p1f1,2035,07,06,0.0007669427463502517,27.497532,7.073845,2035
7492,r6i1p1f1,2035,07,07,0.039697187385989235,27.428371,7.4490848,2035
7493,r6i1p1f1,2035,07,08,0.0,28.173473,8.12489,2035
7494,r6i1p1f1,2035,07,09,0.0014930516598997054,28.607363,7.3623257,2035
7495,r6i1p1f1,2035,07,10,0.0,29.250818,9.075649,2035
7496,r6i1p1f1,2035,07,11,0.0,29.003353,9.873447,2035
7497,r6i1p1f1,2035,07,12,0.0,28.749023,8.286172,2035
7498,r6i1p1f1,2035,07,13,0.0,31.198195,9.266743,2035
7499,r6i1p1f1,2035,07,14,0.0,31.960869,10.27571,2035
7500,r6i1p1f1,2035,07,15,0.0,31.874012,12.715885,2035
7501,r6i1p1f1,2035,07,16,0.0,32.185013,12.574994,2035
7502,r6i1p1f1,2035,07,17,0.0,31.51797,10.963253,2035
7503,r6i1p1f1,2035,07,18,0.0,31.391632,12.310396,2035
7504,r6i1p1f1,2035,07,19,0.0,30.715786,9.903499,2035
7505,r6i1p1f1,2035,07,20,0.24581727118498345,30.27738,9.937518,2035
7506,r6i1p1f1,2035,07,21,0.0,31.030153,10.403074,2035
7507,r6i1p1f1,2035,07,22,0.05859491291218334,31.53769,12.644015,2035
7508,r6i1p1f1,2035,07,23,0.7142995554088212,29.853176,10.725754,2035
7509,r6i1p1f1,2035,07,24,0.0,29.629581,10.234978,2035
7510,r6i1p1f1,2035,07,25,0.0,29.912714,10.011571,2035
7511,r6i1p1f1,2035,07,26,0.0,29.36985,10.440736,2035
7512,r6i1p1f1,2035,07,27,0.0,29.964272,8.865696,2035
7513,r6i1p1f1,2035,07,28,0.0,31.652359,10.094695,2035
7514,r6i1p1f1,2035,07,29,0.0,31.80791,10.033179,2035
7515,r6i1p1f1,2035,07,30,0.0,30.707228,9.811819,2035
7516,r6i1p1f1,2035,07,31,0.08719743482993168,29.189352,9.654635,2035
7517,r6i1p1f1,2035,08,01,0.01177010644857922,32.799904,11.135429,2035
7518,r6i1p1f1,2035,08,02,0.6102192624203824,32.769447,11.868514,2035
7519,r6i1p1f1,2035,08,03,4.311527537969376,32.236565,12.930047,2035
7520,r6i1p1f1,2035,08,04,0.17785707311388674,31.563717,11.702338,2035
7521,r6i1p1f1,2035,08,05,0.03596175872229979,30.888756,11.258595,2035
7522,r6i1p1f1,2035,08,06,0.0,31.85934,11.384743,2035
7523,r6i1p1f1,2035,08,07,0.0,34.71228,13.376902,2035
7524,r6i1p1f1,2035,08,08,0.0,35.1302,13.018473,2035
7525,r6i1p1f1,2035,08,09,0.0,33.844063,13.200929,2035
7526,r6i1p1f1,2035,08,10,0.0,34.146633,14.339814,2035
7527,r6i1p1f1,2035,08,11,0.22265120041881412,35.385067,17.862547,2035
7528,r6i1p1f1,2035,08,12,2.0907295063381572,35.01808,14.36826,2035
7529,r6i1p1f1,2035,08,13,0.5468178777963484,36.753742,15.184049,2035
7530,r6i1p1f1,2035,08,14,0.0,36.875427,15.398724,2035
7531,r6i1p1f1,2035,08,15,0.0,34.07721,12.840062,2035
7532,r6i1p1f1,2035,08,16,0.0,30.110228,8.948158,2035
7533,r6i1p1f1,2035,08,17,0.0,23.755848,6.4641376,2035
7534,r6i1p1f1,2035,08,18,0.0,25.071707,5.0650477,2035
7535,r6i1p1f1,2035,08,19,0.0,31.305452,10.300007,2035
7536,r6i1p1f1,2035,08,20,0.0,32.84278,11.669296,2035
7537,r6i1p1f1,2035,08,21,0.0,32.15224,11.000265,2035
7538,r6i1p1f1,2035,08,22,0.9809182405067933,25.335814,4.865711,2035
7539,r6i1p1f1,2035,08,23,0.17701517010320786,21.198425,3.8784654,2035
7540,r6i1p1f1,2035,08,24,5.528727374401366,17.259806,0.56482327,2035
7541,r6i1p1f1,2035,08,25,0.019524202280504135,23.52266,3.6604772,2035
7542,r6i1p1f1,2035,08,26,0.0,30.64346,8.922708,2035
7543,r6i1p1f1,2035,08,27,0.0,30.620344,9.216194,2035
7544,r6i1p1f1,2035,08,28,0.0,31.368464,10.663447,2035
7545,r6i1p1f1,2035,08,29,0.006015436411603792,32.374466,10.444242,2035
7546,r6i1p1f1,2035,08,30,0.003488433291916703,33.139023,11.069547,2035
7547,r6i1p1f1,2035,08,31,0.0,31.621166,10.154108,2035
7548,r6i1p1f1,2035,09,01,7.267447104904159,26.543564,8.935005,2035
7549,r6i1p1f1,2035,09,02,11.042233290492074,24.657866,8.550464,2035
7550,r6i1p1f1,2035,09,03,0.31769719685146514,24.010956,7.7614183,2035
7551,r6i1p1f1,2035,09,04,0.16850764615892141,27.1055,9.5716,2035
7552,r6i1p1f1,2035,09,05,0.2067258227137992,29.807125,11.953407,2035
7553,r6i1p1f1,2035,09,06,0.06113693375217474,30.428282,11.128708,2035
7554,r6i1p1f1,2035,09,07,0.22744970178949828,29.5181,10.983197,2035
7555,r6i1p1f1,2035,09,08,0.5231195167893047,25.250685,7.2429285,2035
7556,r6i1p1f1,2035,09,09,0.020394723449091646,25.564556,8.369071,2035
7557,r6i1p1f1,2035,09,10,0.10197404959483718,23.280546,6.0520277,2035
7558,r6i1p1f1,2035,09,11,0.0,23.17377,5.702629,2035
7559,r6i1p1f1,2035,09,12,0.0,21.318932,4.5021567,2035
7560,r6i1p1f1,2035,09,13,0.0,15.179259,2.2217312,2035
7561,r6i1p1f1,2035,09,14,0.03814757992921647,14.942097,0.5838866,2035
7562,r6i1p1f1,2035,09,15,0.0,21.171453,1.8434529,2035
7563,r6i1p1f1,2035,09,16,0.00626395382076693,25.241875,6.1150794,2035
7564,r6i1p1f1,2035,09,17,0.0,27.41262,8.909052,2035
7565,r6i1p1f1,2035,09,18,0.0,27.531977,9.212342,2035
7566,r6i1p1f1,2035,09,19,0.0,29.093836,10.007412,2035
7567,r6i1p1f1,2035,09,20,0.0,29.855045,9.127564,2035
7568,r6i1p1f1,2035,09,21,0.0,29.491219,10.276513,2035
7569,r6i1p1f1,2035,09,22,0.0,28.293188,9.2150955,2035
7570,r6i1p1f1,2035,09,23,0.0,28.957045,8.352163,2035
7571,r6i1p1f1,2035,09,24,0.0,29.543886,11.170869,2035
7572,r6i1p1f1,2035,09,25,0.0,29.508112,11.107491,2035
7573,r6i1p1f1,2035,09,26,0.0,30.764051,11.660597,2035
7574,r6i1p1f1,2035,09,27,0.0,30.867704,10.481565,2035
7575,r6i1p1f1,2035,09,28,0.0,31.414797,9.923483,2035
7576,r6i1p1f1,2035,09,29,0.0,32.055687,10.541051,2035
7577,r6i1p1f1,2035,09,30,0.0,30.565933,9.671383,2035
7578,r6i1p1f1,2035,10,01,0.009580872506534164,25.55833,6.3657813,2035
7579,r6i1p1f1,2035,10,02,0.0,21.027111,4.284185,2035
7580,r6i1p1f1,2035,10,03,0.0,20.06255,4.3752737,2035
7581,r6i1p1f1,2035,10,04,0.0,19.948761,2.6571624,2035
7582,r6i1p1f1,2035,10,05,0.0,18.161991,1.1804591,2035
7583,r6i1p1f1,2035,10,06,9.206409477377394e-05,20.047655,3.2627969,2035
7584,r6i1p1f1,2035,10,07,0.0,27.103832,6.3756742,2035
7585,r6i1p1f1,2035,10,08,0.0,29.22743,9.650806,2035
7586,r6i1p1f1,2035,10,09,0.0,29.09273,9.3262005,2035
7587,r6i1p1f1,2035,10,10,0.0,29.639814,8.8099375,2035
7588,r6i1p1f1,2035,10,11,0.0,30.215324,8.381646,2035
7589,r6i1p1f1,2035,10,12,0.0,29.452295,9.002308,2035
7590,r6i1p1f1,2035,10,13,0.0,25.806253,6.5964804,2035
7591,r6i1p1f1,2035,10,14,0.0,23.606758,4.0353923,2035
7592,r6i1p1f1,2035,10,15,0.0,23.985788,2.9562395,2035
7593,r6i1p1f1,2035,10,16,0.0,24.771091,3.2852695,2035
7594,r6i1p1f1,2035,10,17,0.0,23.810526,4.0538473,2035
7595,r6i1p1f1,2035,10,18,0.0,23.328476,3.2997973,2035
7596,r6i1p1f1,2035,10,19,0.0,25.260555,5.044629,2035
7597,r6i1p1f1,2035,10,20,0.0,24.90106,6.529246,2035
7598,r6i1p1f1,2035,10,21,0.0,24.144444,4.7806497,2035
7599,r6i1p1f1,2035,10,22,0.02674511739977808,22.451855,4.9024463,2035
7600,r6i1p1f1,2035,10,23,0.0,16.914684,2.0196264,2035
7601,r6i1p1f1,2035,10,24,0.01338182677561548,18.037706,-0.50416166,2035
7602,r6i1p1f1,2035,10,25,0.5261879086502325,14.466065,3.9927928,2035
7603,r6i1p1f1,2035,10,26,2.77639997992555,13.741984,0.7572766,2035
7604,r6i1p1f1,2035,10,27,0.0,14.350577,-1.3539919,2035
7605,r6i1p1f1,2035,10,28,0.016116849695571773,12.981444,0.52590734,2035
7606,r6i1p1f1,2035,10,29,0.3428633221143831,11.416344,-3.9282672,2035
7607,r6i1p1f1,2035,10,30,0.0,11.114381,-6.605432,2035
7608,r6i1p1f1,2035,10,31,0.0,17.214195,-4.1234174,2035
7609,r6i1p1f1,2035,11,01,0.0,21.320755,1.7595345,2035
7610,r6i1p1f1,2035,11,02,0.0,20.722654,2.4277973,2035
7611,r6i1p1f1,2035,11,03,0.0,19.166622,1.1992671,2035
7612,r6i1p1f1,2035,11,04,0.0,16.37109,0.4051185,2035
7613,r6i1p1f1,2035,11,05,0.0,16.739481,-0.93943954,2035
7614,r6i1p1f1,2035,11,06,0.0,16.249304,-2.6520183,2035
7615,r6i1p1f1,2035,11,07,0.0,12.133669,-2.4627597,2035
7616,r6i1p1f1,2035,11,08,0.0,11.714791,-4.8060956,2035
7617,r6i1p1f1,2035,11,09,0.0,12.555545,-3.206529,2035
7618,r6i1p1f1,2035,11,10,1.380113948189421,8.980183,-1.9570999,2035
7619,r6i1p1f1,2035,11,11,6.506502201907966,8.985476,1.1202774,2035
7620,r6i1p1f1,2035,11,12,9.35214086582841,8.386566,-0.043623142,2035
7621,r6i1p1f1,2035,11,13,43.867818952263306,10.484034,2.9764872,2035
7622,r6i1p1f1,2035,11,14,2.1743821068171596,10.9894285,-2.2455463,2035
7623,r6i1p1f1,2035,11,15,22.780044882397352,11.641825,4.875644,2035
7624,r6i1p1f1,2035,11,16,14.32120573165113,9.27388,1.704228,2035
7625,r6i1p1f1,2035,11,17,11.59150236433562,7.48551,-1.842564,2035
7626,r6i1p1f1,2035,11,18,0.07854124957471009,8.214535,-2.012004,2035
7627,r6i1p1f1,2035,11,19,0.0,8.847284,-4.782045,2035
7628,r6i1p1f1,2035,11,20,1.8180587083968551,6.014042,-3.7325864,2035
7629,r6i1p1f1,2035,11,21,4.092806524960968,7.245676,-2.0604973,2035
7630,r6i1p1f1,2035,11,22,0.7916857085009121,9.689941,-0.07525074,2035
7631,r6i1p1f1,2035,11,23,0.010655137246354165,11.743388,-0.4237749,2035
7632,r6i1p1f1,2035,11,24,6.967245515387114,9.677315,0.007823738,2035
7633,r6i1p1f1,2035,11,25,20.36875070016463,9.441377,2.9442494,2035
7634,r6i1p1f1,2035,11,26,18.269785788607845,9.900581,3.413584,2035
7635,r6i1p1f1,2035,11,27,9.360412176105317,11.437457,-1.6448079,2035
7636,r6i1p1f1,2035,11,28,2.4302520456418466,5.5743604,-7.8660893,2035
7637,r6i1p1f1,2035,11,29,4.760402686081444,0.9516146,-10.890782,2035
7638,r6i1p1f1,2035,11,30,0.0,0.2764393,-12.976859,2035
7639,r6i1p1f1,2035,12,01,0.040701406145281255,1.1266795,-7.7556376,2035
7640,r6i1p1f1,2035,12,02,3.3359163006106174,-0.15482318,-7.1609654,2035
7641,r6i1p1f1,2035,12,03,0.2516923161555993,2.1543183,-4.805103,2035
7642,r6i1p1f1,2035,12,04,8.443528837829081,-0.70692366,-9.354831,2035
7643,r6i1p1f1,2035,12,05,3.9934847939511062,-1.6133552,-11.167198,2035
7644,r6i1p1f1,2035,12,06,0.023603038883502712,0.2653887,-12.653091,2035
7645,r6i1p1f1,2035,12,07,6.9418409892568596,1.369523,-8.963328,2035
7646,r6i1p1f1,2035,12,08,18.505428955366384,3.968265,-3.5067945,2035
7647,r6i1p1f1,2035,12,09,16.73000834730658,4.1203732,-2.3661954,2035
7648,r6i1p1f1,2035,12,10,0.4439161656581542,5.771834,-1.8011081,2035
7649,r6i1p1f1,2035,12,11,0.2552828332656591,7.6767693,0.2749122,2035
7650,r6i1p1f1,2035,12,12,0.01896970032653082,11.122509,0.24374305,2035
7651,r6i1p1f1,2035,12,13,6.75780314388262,10.040052,2.6582496,2035
7652,r6i1p1f1,2035,12,14,0.09321427717500026,9.843107,-2.2571294,2035
7653,r6i1p1f1,2035,12,15,0.0,6.137443,-4.457599,2035
7654,r6i1p1f1,2035,12,16,7.760418836463171,2.7419913,-5.9750705,2035
7655,r6i1p1f1,2035,12,17,41.66065961296763,5.99856,-0.87687653,2035
7656,r6i1p1f1,2035,12,18,41.14043444686352,6.1548223,-2.3580596,2035
7657,r6i1p1f1,2035,12,19,20.463377705074578,4.136596,-3.559504,2035
7658,r6i1p1f1,2035,12,20,14.177819663224172,4.194616,-4.0384655,2035
7659,r6i1p1f1,2035,12,21,11.504771714995044,3.6426065,-3.0406835,2035
7660,r6i1p1f1,2035,12,22,37.668877049043246,5.5248623,-2.5610223,2035
7661,r6i1p1f1,2035,12,23,1.3990916329333838,1.709777,-8.591665,2035
7662,r6i1p1f1,2035,12,24,0.06626234826321237,-0.83647275,-10.798499,2035
7663,r6i1p1f1,2035,12,25,0.0,0.12577385,-11.305026,2035
7664,r6i1p1f1,2035,12,26,2.0780293727646466,-1.6962334,-10.396627,2035
7665,r6i1p1f1,2035,12,27,3.8531448691537467,1.2869538,-8.299194,2035
7666,r6i1p1f1,2035,12,28,0.14686518135950163,2.9344997,-4.331516,2035
7667,r6i1p1f1,2035,12,29,10.454042594934995,2.1743572,-4.0394597,2035
7668,r6i1p1f1,2035,12,30,0.0,3.009198,-9.348739,2035
7669,r6i1p1f1,2035,12,31,0.0,4.875116,-7.521006,2035
7670,r6i1p1f1,2036,01,01,9.002371661948416,1.7514418,-5.9248333,2036
7671,r6i1p1f1,2036,01,02,7.924046047905974,1.380268,-4.3827972,2036
7672,r6i1p1f1,2036,01,03,0.08769198314583936,2.4957123,-7.909787,2036
7673,r6i1p1f1,2036,01,04,15.666474584685481,0.66415477,-4.818033,2036
7674,r6i1p1f1,2036,01,05,7.624695700630734,0.9732102,-7.000017,2036
7675,r6i1p1f1,2036,01,06,0.17162239092734202,4.1817093,-10.910001,2036
7676,r6i1p1f1,2036,01,07,0.02468086115827133,4.180608,-4.6673474,2036
7677,r6i1p1f1,2036,01,08,0.0,5.1196423,-7.5130134,2036
7678,r6i1p1f1,2036,01,09,0.0,6.815641,-7.190812,2036
7679,r6i1p1f1,2036,01,10,0.0,5.8400965,-4.7147965,2036
7680,r6i1p1f1,2036,01,11,2.2607758261775155,3.5266912,-4.2392454,2036
7681,r6i1p1f1,2036,01,12,3.472202370144398,4.4366355,-2.7254763,2036
7682,r6i1p1f1,2036,01,13,12.614619253915048,7.241394,-0.0798044,2036
7683,r6i1p1f1,2036,01,14,22.81253390259213,6.628789,-0.16697527,2036
7684,r6i1p1f1,2036,01,15,23.51212099580903,6.983827,0.488455,2036
7685,r6i1p1f1,2036,01,16,0.7718910794537047,9.948222,0.3332451,2036
7686,r6i1p1f1,2036,01,17,0.0,12.60109,4.269141,2036
7687,r6i1p1f1,2036,01,18,7.007926297589237,8.857175,-1.626766,2036
7688,r6i1p1f1,2036,01,19,1.8724951930691103,3.5907629,-4.0497546,2036
7689,r6i1p1f1,2036,01,20,0.036161911546471824,6.100813,-5.6840644,2036
7690,r6i1p1f1,2036,01,21,0.0,10.172203,-6.3607564,2036
7691,r6i1p1f1,2036,01,22,0.0008065982546345224,9.524813,-4.05159,2036
7692,r6i1p1f1,2036,01,23,1.9558926572124606,4.6261015,-3.4769623,2036
7693,r6i1p1f1,2036,01,24,0.004455322288484464,4.2159724,-3.5193696,2036
7694,r6i1p1f1,2036,01,25,0.0,7.854864,-1.975779,2036
7695,r6i1p1f1,2036,01,26,0.0,8.46524,-7.4276915,2036
7696,r6i1p1f1,2036,01,27,0.006756635115937121,9.914327,-5.479149,2036
7697,r6i1p1f1,2036,01,28,1.8159447224580627,3.657773,-3.5477319,2036
7698,r6i1p1f1,2036,01,29,0.37325636415264607,4.423631,-6.4617977,2036
7699,r6i1p1f1,2036,01,30,0.28681955165913237,3.0274782,-9.47003,2036
7700,r6i1p1f1,2036,01,31,0.47351171305945805,-1.0240821,-10.973374,2036
7701,r6i1p1f1,2036,02,01,4.563784202716094,0.8019226,-6.5921297,2036
7702,r6i1p1f1,2036,02,02,0.030269963640010583,4.111333,-10.003891,2036
7703,r6i1p1f1,2036,02,03,0.0,-1.1760297,-15.0662365,2036
7704,r6i1p1f1,2036,02,04,0.0,2.5304139,-13.425446,2036
7705,r6i1p1f1,2036,02,05,0.0,7.4861507,-6.7553873,2036
7706,r6i1p1f1,2036,02,06,0.012601209907865743,6.422637,-4.931231,2036
7707,r6i1p1f1,2036,02,07,0.0,8.860168,-3.4260619,2036
7708,r6i1p1f1,2036,02,08,0.0,12.231817,-2.4942205,2036
7709,r6i1p1f1,2036,02,09,0.0,12.509979,-2.1086605,2036
7710,r6i1p1f1,2036,02,10,0.0,13.508585,-1.9934691,2036
7711,r6i1p1f1,2036,02,11,0.0,12.562302,-2.7212164,2036
7712,r6i1p1f1,2036,02,12,0.0,11.685145,-3.5435288,2036
7713,r6i1p1f1,2036,02,13,0.0,15.449216,-0.8999791,2036
7714,r6i1p1f1,2036,02,14,0.0,16.26703,0.008166641,2036
7715,r6i1p1f1,2036,02,15,0.0,16.024944,0.023989197,2036
7716,r6i1p1f1,2036,02,16,0.0,15.568993,0.27933437,2036
7717,r6i1p1f1,2036,02,17,0.00041295897602867726,16.29221,-0.5728776,2036
7718,r6i1p1f1,2036,02,18,0.0,15.253339,0.49061453,2036
7719,r6i1p1f1,2036,02,19,0.0,14.821136,0.1811415,2036
7720,r6i1p1f1,2036,02,20,10.111342411809813,12.288972,-0.8736189,2036
7721,r6i1p1f1,2036,02,21,0.12045743115433039,7.102548,-6.108307,2036
7722,r6i1p1f1,2036,02,22,0.2001250298408929,10.125806,-1.3124769,2036
7723,r6i1p1f1,2036,02,23,0.9365667127887702,13.499637,-0.7183946,2036
7724,r6i1p1f1,2036,02,24,0.0,14.116691,0.28519085,2036
7725,r6i1p1f1,2036,02,25,0.0,15.666527,0.021450775,2036
7726,r6i1p1f1,2036,02,26,0.0,16.420498,1.3611573,2036
7727,r6i1p1f1,2036,02,27,0.0,16.956045,2.2792284,2036
7728,r6i1p1f1,2036,02,28,0.0,16.987463,1.9688239,2036
7729,r6i1p1f1,2036,02,29,0.0,16.150665,2.005542,2036
7730,r6i1p1f1,2036,03,01,0.0,20.62214,3.4784863,2036
7731,r6i1p1f1,2036,03,02,0.4671512211200534,15.845412,0.21126685,2036
7732,r6i1p1f1,2036,03,03,0.047239652446698636,18.87098,3.4057417,2036
7733,r6i1p1f1,2036,03,04,3.6439753158100685,14.525898,4.629601,2036
7734,r6i1p1f1,2036,03,05,4.440378577183954,11.683093,-4.5706205,2036
7735,r6i1p1f1,2036,03,06,0.0,11.156018,0.8218604,2036
7736,r6i1p1f1,2036,03,07,0.0,13.060349,-3.8253887,2036
7737,r6i1p1f1,2036,03,08,0.6864007066925301,11.136317,-2.6022472,2036
7738,r6i1p1f1,2036,03,09,0.019999426958947093,9.229545,-0.90061665,2036
7739,r6i1p1f1,2036,03,10,0.0,10.343542,-6.9955497,2036
7740,r6i1p1f1,2036,03,11,0.0,10.619195,-4.785036,2036
7741,r6i1p1f1,2036,03,12,0.009932005930862941,10.450652,-2.4925137,2036
7742,r6i1p1f1,2036,03,13,0.0,17.837826,-1.7225568,2036
7743,r6i1p1f1,2036,03,14,0.0,20.484818,1.2818735,2036
7744,r6i1p1f1,2036,03,15,0.0,20.352535,2.7723737,2036
7745,r6i1p1f1,2036,03,16,0.0,22.27675,4.1959553,2036
7746,r6i1p1f1,2036,03,17,0.0,22.178984,3.203116,2036
7747,r6i1p1f1,2036,03,18,0.0,19.936626,3.3410144,2036
7748,r6i1p1f1,2036,03,19,5.973114922291526,8.712527,-1.281291,2036
7749,r6i1p1f1,2036,03,20,0.0027685397406201264,10.989222,-0.5757852,2036
7750,r6i1p1f1,2036,03,21,0.004862433811873675,14.12773,-2.2860122,2036
7751,r6i1p1f1,2036,03,22,0.006626270359671609,16.78084,2.911199,2036
7752,r6i1p1f1,2036,03,23,4.255396093426612,13.098127,3.9598749,2036
7753,r6i1p1f1,2036,03,24,3.0932607880783532e-06,14.911766,-0.018265627,2036
7754,r6i1p1f1,2036,03,25,0.0,17.78869,-0.29920053,2036
7755,r6i1p1f1,2036,03,26,0.0,21.744461,0.41037688,2036
7756,r6i1p1f1,2036,03,27,0.0,21.351032,1.8449852,2036
7757,r6i1p1f1,2036,03,28,0.17625784423945007,13.332152,-3.348709,2036
7758,r6i1p1f1,2036,03,29,0.009346728265148109,13.401912,-4.9215283,2036
7759,r6i1p1f1,2036,03,30,0.0,12.651519,1.0770873,2036
7760,r6i1p1f1,2036,03,31,0.0,14.028799,-2.4165394,2036
7761,r6i1p1f1,2036,04,01,0.0,18.359667,-2.9345746,2036
7762,r6i1p1f1,2036,04,02,0.0,19.141155,1.0999552,2036
7763,r6i1p1f1,2036,04,03,1.9859017471307325,12.126714,-1.9802182,2036
7764,r6i1p1f1,2036,04,04,0.0,10.987544,-6.6418695,2036
7765,r6i1p1f1,2036,04,05,0.0,10.067738,-1.5673231,2036
7766,r6i1p1f1,2036,04,06,0.0,14.438023,-5.900751,2036
7767,r6i1p1f1,2036,04,07,0.0,17.310982,-3.8506856,2036
7768,r6i1p1f1,2036,04,08,0.0,18.762333,-0.6377596,2036
7769,r6i1p1f1,2036,04,09,0.0,18.414305,-0.94784224,2036
7770,r6i1p1f1,2036,04,10,2.842530490309637,12.150074,2.2022038,2036
7771,r6i1p1f1,2036,04,11,1.5821496220347444,8.365415,-5.394987,2036
7772,r6i1p1f1,2036,04,12,1.015906179331368,12.733293,-1.3026195,2036
7773,r6i1p1f1,2036,04,13,9.338377525889621,10.221112,-1.1775997,2036
7774,r6i1p1f1,2036,04,14,1.1876327040332624,12.913751,-2.179022,2036
7775,r6i1p1f1,2036,04,15,0.0,19.435654,-0.4208375,2036
7776,r6i1p1f1,2036,04,16,6.5056204999361995,15.570209,-1.1319085,2036
7777,r6i1p1f1,2036,04,17,6.590505644128896,10.269697,-5.1864734,2036
7778,r6i1p1f1,2036,04,18,0.005010174021578679,13.693327,-1.2086537,2036
7779,r6i1p1f1,2036,04,19,0.0321434990490512,11.52102,0.99469215,2036
7780,r6i1p1f1,2036,04,20,13.840326449428028,8.682059,-3.1251895,2036
7781,r6i1p1f1,2036,04,21,16.511306363805343,6.2712946,-3.7071633,2036
7782,r6i1p1f1,2036,04,22,1.0389099474418608,7.7409577,-4.757881,2036
7783,r6i1p1f1,2036,04,23,0.0,17.881466,-3.5476842,2036
7784,r6i1p1f1,2036,04,24,0.0,22.738304,1.9208899,2036
7785,r6i1p1f1,2036,04,25,0.0,24.27214,3.7563944,2036
7786,r6i1p1f1,2036,04,26,2.0544181566824875,19.482391,1.0403159,2036
7787,r6i1p1f1,2036,04,27,0.1675279413295973,15.859471,4.872366,2036
7788,r6i1p1f1,2036,04,28,7.6317408545924454,11.374691,-3.7020812,2036
7789,r6i1p1f1,2036,04,29,7.461450046035433,10.368808,-4.834972,2036
7790,r6i1p1f1,2036,04,30,5.592960865974766,11.344707,-1.8100132,2036
7791,r6i1p1f1,2036,05,01,2.47297404261557,12.307185,2.9018686,2036
7792,r6i1p1f1,2036,05,02,6.952419013765223,16.530554,2.3966045,2036
7793,r6i1p1f1,2036,05,03,0.16352305142471038,18.941082,5.7454796,2036
7794,r6i1p1f1,2036,05,04,1.6581549728812146,20.637508,3.7796862,2036
7795,r6i1p1f1,2036,05,05,0.0,24.354498,5.8308372,2036
7796,r6i1p1f1,2036,05,06,0.0,25.841326,6.0936427,2036
7797,r6i1p1f1,2036,05,07,0.00024056440444336134,26.15367,7.2068667,2036
7798,r6i1p1f1,2036,05,08,0.0,26.243374,7.4056716,2036
7799,r6i1p1f1,2036,05,09,6.858442871552172,18.295322,0.5678104,2036
7800,r6i1p1f1,2036,05,10,0.55568071422015,12.695114,1.1369864,2036
7801,r6i1p1f1,2036,05,11,2.724527919278377,16.757872,1.3280557,2036
7802,r6i1p1f1,2036,05,12,0.0,28.767479,7.140763,2036
7803,r6i1p1f1,2036,05,13,0.0,29.531017,8.254109,2036
7804,r6i1p1f1,2036,05,14,0.00030299660184518706,28.681444,8.842695,2036
7805,r6i1p1f1,2036,05,15,0.0,22.380127,4.9791136,2036
7806,r6i1p1f1,2036,05,16,0.7573819629911578,17.411682,-1.2325407,2036
7807,r6i1p1f1,2036,05,17,0.16931892301055138,16.61729,1.8562818,2036
7808,r6i1p1f1,2036,05,18,0.0,17.24811,4.252886,2036
7809,r6i1p1f1,2036,05,19,0.19635474209110665,15.672153,3.890978,2036
7810,r6i1p1f1,2036,05,20,2.0807658369287814,13.235189,-3.9737074,2036
7811,r6i1p1f1,2036,05,21,0.2841664004509105,15.61715,0.19671851,2036
7812,r6i1p1f1,2036,05,22,0.0,21.909689,1.306448,2036
7813,r6i1p1f1,2036,05,23,0.0,21.79489,3.8139756,2036
7814,r6i1p1f1,2036,05,24,0.12824932562807226,19.601892,3.179091,2036
7815,r6i1p1f1,2036,05,25,0.0,23.135017,4.9811683,2036
7816,r6i1p1f1,2036,05,26,0.0,26.43159,6.862292,2036
7817,r6i1p1f1,2036,05,27,0.0,27.922352,7.2182355,2036
7818,r6i1p1f1,2036,05,28,0.0,29.09578,9.170341,2036
7819,r6i1p1f1,2036,05,29,0.0,29.859146,10.495195,2036
7820,r6i1p1f1,2036,05,30,0.023986493187975428,28.093042,8.615166,2036
7821,r6i1p1f1,2036,05,31,1.0629289007055436,24.984808,5.9106307,2036
7822,r6i1p1f1,2036,06,01,0.5782033555744628,23.54336,3.5646222,2036
7823,r6i1p1f1,2036,06,02,0.0,26.001286,7.9435325,2036
7824,r6i1p1f1,2036,06,03,0.0,28.296324,8.573472,2036
7825,r6i1p1f1,2036,06,04,0.0,28.238907,8.428584,2036
7826,r6i1p1f1,2036,06,05,0.0,22.53864,3.5687592,2036
7827,r6i1p1f1,2036,06,06,0.0002165689299128604,19.054379,-0.044235073,2036
7828,r6i1p1f1,2036,06,07,0.0,24.479248,5.391727,2036
7829,r6i1p1f1,2036,06,08,0.0,30.49238,11.487273,2036
7830,r6i1p1f1,2036,06,09,0.0,33.545063,13.855771,2036
7831,r6i1p1f1,2036,06,10,0.0,34.05836,14.640447,2036
7832,r6i1p1f1,2036,06,11,0.0,34.78851,15.357437,2036
7833,r6i1p1f1,2036,06,12,0.0,34.933975,15.730832,2036
7834,r6i1p1f1,2036,06,13,0.0,33.693947,14.419973,2036
7835,r6i1p1f1,2036,06,14,0.0,32.44954,12.923791,2036
7836,r6i1p1f1,2036,06,15,0.28527105230435756,30.26865,9.8443,2036
7837,r6i1p1f1,2036,06,16,0.0074802970639838776,28.698442,9.779666,2036
7838,r6i1p1f1,2036,06,17,0.0,29.607258,8.98777,2036
7839,r6i1p1f1,2036,06,18,0.0,30.286427,9.651299,2036
7840,r6i1p1f1,2036,06,19,0.0,31.872644,11.393826,2036
7841,r6i1p1f1,2036,06,20,0.0,31.507286,10.479571,2036
7842,r6i1p1f1,2036,06,21,0.0,31.778685,10.671301,2036
7843,r6i1p1f1,2036,06,22,0.0,29.900364,9.087883,2036
7844,r6i1p1f1,2036,06,23,0.0,30.842148,10.095321,2036
7845,r6i1p1f1,2036,06,24,0.03921125781588156,30.168005,9.495249,2036
7846,r6i1p1f1,2036,06,25,1.6976263745930127,26.59683,6.0047116,2036
7847,r6i1p1f1,2036,06,26,0.22244563355973404,30.444305,10.222381,2036
7848,r6i1p1f1,2036,06,27,2.2742892509923784,29.530231,10.573273,2036
7849,r6i1p1f1,2036,06,28,0.4365553186062608,30.659914,11.123186,2036
7850,r6i1p1f1,2036,06,29,0.00026845464055819156,30.864777,11.116661,2036
7851,r6i1p1f1,2036,06,30,0.0,30.388508,10.280537,2036
7852,r6i1p1f1,2036,07,01,0.03531918832225867,29.393642,9.919558,2036
7853,r6i1p1f1,2036,07,02,0.0,27.289888,7.4871435,2036
7854,r6i1p1f1,2036,07,03,0.0,30.787722,9.463764,2036
7855,r6i1p1f1,2036,07,04,0.0,31.210447,10.456483,2036
7856,r6i1p1f1,2036,07,05,0.0,31.464891,9.861063,2036
7857,r6i1p1f1,2036,07,06,0.290252553465207,31.972637,13.364053,2036
7858,r6i1p1f1,2036,07,07,0.1394242568006474,31.825603,12.345922,2036
7859,r6i1p1f1,2036,07,08,0.6191834877141443,31.463093,12.387204,2036
7860,r6i1p1f1,2036,07,09,0.05581874831117075,31.600851,10.741537,2036
7861,r6i1p1f1,2036,07,10,3.5181530934184355,30.581488,12.040325,2036
7862,r6i1p1f1,2036,07,11,0.6189207058250049,27.663313,11.982804,2036
7863,r6i1p1f1,2036,07,12,1.745065908918412,27.155478,11.5477705,2036
7864,r6i1p1f1,2036,07,13,0.33840023437347216,28.18256,13.190051,2036
7865,r6i1p1f1,2036,07,14,2.314184573954909,27.31126,12.819472,2036
7866,r6i1p1f1,2036,07,15,1.0016948471417528,23.666594,12.26547,2036
7867,r6i1p1f1,2036,07,16,0.5090528344017162,26.884474,9.088175,2036
7868,r6i1p1f1,2036,07,17,0.06554486523482012,27.141327,8.653224,2036
7869,r6i1p1f1,2036,07,18,0.002843835773140606,26.39555,8.7567,2036
7870,r6i1p1f1,2036,07,19,0.03386270683960779,28.603025,10.093162,2036
7871,r6i1p1f1,2036,07,20,0.0008193178752955907,29.996138,10.792837,2036
7872,r6i1p1f1,2036,07,21,0.0,31.222353,11.559715,2036
7873,r6i1p1f1,2036,07,22,0.0,33.708164,11.506671,2036
7874,r6i1p1f1,2036,07,23,0.0,33.502766,12.657956,2036
7875,r6i1p1f1,2036,07,24,0.0,32.953354,11.732402,2036
7876,r6i1p1f1,2036,07,25,0.0,32.768517,12.405309,2036
7877,r6i1p1f1,2036,07,26,0.0,32.470806,11.7935295,2036
7878,r6i1p1f1,2036,07,27,0.0,32.488636,11.975577,2036
7879,r6i1p1f1,2036,07,28,0.0,33.111534,12.149995,2036
7880,r6i1p1f1,2036,07,29,0.0,33.797733,12.661196,2036
7881,r6i1p1f1,2036,07,30,0.0,36.013363,13.6961975,2036
7882,r6i1p1f1,2036,07,31,0.0,38.714214,15.551441,2036
7883,r6i1p1f1,2036,08,01,0.0,39.224594,16.69515,2036
7884,r6i1p1f1,2036,08,02,0.005323902961509556,37.785107,14.947532,2036
7885,r6i1p1f1,2036,08,03,0.0,37.278164,14.2541,2036
7886,r6i1p1f1,2036,08,04,0.0,36.767303,14.169339,2036
7887,r6i1p1f1,2036,08,05,0.0,36.56341,14.283583,2036
7888,r6i1p1f1,2036,08,06,0.0,34.048294,11.96659,2036
7889,r6i1p1f1,2036,08,07,0.0,29.895285,8.83371,2036
7890,r6i1p1f1,2036,08,08,0.0,28.781078,8.127615,2036
7891,r6i1p1f1,2036,08,09,0.0,30.314222,9.721815,2036
7892,r6i1p1f1,2036,08,10,0.0,31.32037,10.973648,2036
7893,r6i1p1f1,2036,08,11,0.0,32.215668,10.100846,2036
7894,r6i1p1f1,2036,08,12,0.0,33.556686,11.431868,2036
7895,r6i1p1f1,2036,08,13,0.0,33.095695,11.257718,2036
7896,r6i1p1f1,2036,08,14,0.0,32.918125,11.678986,2036
7897,r6i1p1f1,2036,08,15,0.0,33.361404,11.552448,2036
7898,r6i1p1f1,2036,08,16,0.0,34.21233,13.241589,2036
7899,r6i1p1f1,2036,08,17,0.0,34.452244,12.655131,2036
7900,r6i1p1f1,2036,08,18,0.0,34.11222,12.632099,2036
7901,r6i1p1f1,2036,08,19,0.0,33.376503,12.473045,2036
7902,r6i1p1f1,2036,08,20,0.0,33.007378,11.488508,2036
7903,r6i1p1f1,2036,08,21,0.0,33.19349,11.859446,2036
7904,r6i1p1f1,2036,08,22,0.0,34.100033,12.782029,2036
7905,r6i1p1f1,2036,08,23,0.0,33.77833,13.286095,2036
7906,r6i1p1f1,2036,08,24,0.0,32.707302,11.406491,2036
7907,r6i1p1f1,2036,08,25,0.0,30.130796,10.161501,2036
7908,r6i1p1f1,2036,08,26,0.0,29.865393,9.666397,2036
7909,r6i1p1f1,2036,08,27,0.0,31.574697,11.200034,2036
7910,r6i1p1f1,2036,08,28,0.0,31.781925,11.631474,2036
7911,r6i1p1f1,2036,08,29,0.0,32.50159,10.787572,2036
7912,r6i1p1f1,2036,08,30,0.0,32.2646,11.33243,2036
7913,r6i1p1f1,2036,08,31,0.0,33.172104,11.222576,2036
7914,r6i1p1f1,2036,09,01,0.0,33.06927,13.047746,2036
7915,r6i1p1f1,2036,09,02,0.08190631760788418,31.067268,9.728132,2036
7916,r6i1p1f1,2036,09,03,0.0,30.850504,9.924092,2036
7917,r6i1p1f1,2036,09,04,0.0,31.130842,12.082813,2036
7918,r6i1p1f1,2036,09,05,0.21168476255173763,31.801722,11.427597,2036
7919,r6i1p1f1,2036,09,06,0.17604800653903213,30.5282,11.67243,2036
7920,r6i1p1f1,2036,09,07,0.08628017224104755,30.52585,11.93784,2036
7921,r6i1p1f1,2036,09,08,3.8542912381102355e-05,32.33217,13.695488,2036
7922,r6i1p1f1,2036,09,09,0.0,32.785522,12.767438,2036
7923,r6i1p1f1,2036,09,10,0.0,33.55928,11.844249,2036
7924,r6i1p1f1,2036,09,11,0.015539686353173468,34.253296,14.147666,2036
7925,r6i1p1f1,2036,09,12,1.5775954759702164,30.168585,10.580555,2036
7926,r6i1p1f1,2036,09,13,0.04790599303802293,25.763134,7.1565676,2036
7927,r6i1p1f1,2036,09,14,0.0,27.436728,6.2779484,2036
7928,r6i1p1f1,2036,09,15,0.003120269405370342,27.074055,6.707119,2036
7929,r6i1p1f1,2036,09,16,0.01057672937348249,26.52914,6.790435,2036
7930,r6i1p1f1,2036,09,17,0.8218652116353189,28.58542,9.07296,2036
7931,r6i1p1f1,2036,09,18,0.13709579827637278,28.21401,8.31674,2036
7932,r6i1p1f1,2036,09,19,0.0,29.634861,9.7690115,2036
7933,r6i1p1f1,2036,09,20,0.0,30.450155,9.738208,2036
7934,r6i1p1f1,2036,09,21,0.035913095755915975,30.0076,11.377783,2036
7935,r6i1p1f1,2036,09,22,1.4041822546355514,28.243652,11.534437,2036
7936,r6i1p1f1,2036,09,23,0.2683771948010227,28.484333,9.398429,2036
7937,r6i1p1f1,2036,09,24,0.0,28.671041,7.4585743,2036
7938,r6i1p1f1,2036,09,25,0.0,28.220325,6.9526677,2036
7939,r6i1p1f1,2036,09,26,0.0,21.354969,2.1290307,2036
7940,r6i1p1f1,2036,09,27,0.0,17.67008,0.18485035,2036
7941,r6i1p1f1,2036,09,28,0.0,18.32748,1.2410103,2036
7942,r6i1p1f1,2036,09,29,0.0,21.177208,2.4301867,2036
7943,r6i1p1f1,2036,09,30,0.0,21.891193,3.6775024,2036
7944,r6i1p1f1,2036,10,01,0.0,21.24929,4.167796,2036
7945,r6i1p1f1,2036,10,02,0.0,21.127907,3.0242314,2036
7946,r6i1p1f1,2036,10,03,0.0,21.974562,3.792456,2036
7947,r6i1p1f1,2036,10,04,1.4256677210229818,20.577118,3.2403226,2036
7948,r6i1p1f1,2036,10,05,2.468809198449901,14.935946,0.5658133,2036
7949,r6i1p1f1,2036,10,06,0.0,13.43974,-2.5820048,2036
7950,r6i1p1f1,2036,10,07,5.114685967356649,10.567698,0.18841933,2036
7951,r6i1p1f1,2036,10,08,1.106105791744239,9.44835,-5.165193,2036
7952,r6i1p1f1,2036,10,09,0.03780483615339583,12.41777,-1.0287745,2036
7953,r6i1p1f1,2036,10,10,0.0,17.293968,-2.2815077,2036
7954,r6i1p1f1,2036,10,11,0.020539853077870658,19.646112,3.050206,2036
7955,r6i1p1f1,2036,10,12,0.4061497435691077,18.269472,3.7415345,2036
7956,r6i1p1f1,2036,10,13,0.0,19.708105,3.0683565,2036
7957,r6i1p1f1,2036,10,14,0.0,21.268465,2.7352576,2036
7958,r6i1p1f1,2036,10,15,0.0,21.955305,3.5101378,2036
7959,r6i1p1f1,2036,10,16,0.0,24.2812,4.032175,2036
7960,r6i1p1f1,2036,10,17,0.0078596254857481,23.583834,4.9127383,2036
7961,r6i1p1f1,2036,10,18,0.025906714402610945,18.126331,3.184429,2036
7962,r6i1p1f1,2036,10,19,0.0001919208311504186,16.271248,1.511183,2036
7963,r6i1p1f1,2036,10,20,7.527788058826142,13.434842,4.6351,2036
7964,r6i1p1f1,2036,10,21,0.2843230203455981,17.819328,1.4862384,2036
7965,r6i1p1f1,2036,10,22,0.0,19.057718,2.6416986,2036
7966,r6i1p1f1,2036,10,23,0.0,21.422203,1.3487788,2036
7967,r6i1p1f1,2036,10,24,0.0,21.998772,4.584771,2036
7968,r6i1p1f1,2036,10,25,0.0,22.399933,4.4156766,2036
7969,r6i1p1f1,2036,10,26,0.0,24.436096,4.0235205,2036
7970,r6i1p1f1,2036,10,27,0.0,24.415857,5.5672398,2036
7971,r6i1p1f1,2036,10,28,0.0,22.206528,2.4856799,2036
7972,r6i1p1f1,2036,10,29,0.0,20.050161,3.9290125,2036
7973,r6i1p1f1,2036,10,30,0.003652111325390091,18.908346,3.3979604,2036
7974,r6i1p1f1,2036,10,31,11.378778173739382,15.964552,2.7471216,2036
7975,r6i1p1f1,2036,11,01,67.66813771219557,9.252428,3.1956685,2036
7976,r6i1p1f1,2036,11,02,33.79145193062792,10.240126,-3.583556,2036
7977,r6i1p1f1,2036,11,03,40.63480101106461,7.417041,-1.6966425,2036
7978,r6i1p1f1,2036,11,04,33.91896317007253,9.095681,-3.7695286,2036
7979,r6i1p1f1,2036,11,05,0.05706844846211263,9.118336,-4.135048,2036
7980,r6i1p1f1,2036,11,06,11.413393635817272,10.745461,-1.6293612,2036
7981,r6i1p1f1,2036,11,07,31.203066351573256,10.24538,-0.5252769,2036
7982,r6i1p1f1,2036,11,08,0.0,9.966166,-2.8244934,2036
7983,r6i1p1f1,2036,11,09,0.0,10.096437,-2.2199173,2036
7984,r6i1p1f1,2036,11,10,0.960915716546307,9.973725,-2.958348,2036
7985,r6i1p1f1,2036,11,11,0.0,6.6744084,-4.8679576,2036
7986,r6i1p1f1,2036,11,12,0.0,7.1885962,-7.279671,2036
7987,r6i1p1f1,2036,11,13,0.0,8.823181,-4.776901,2036
7988,r6i1p1f1,2036,11,14,0.47335451255228495,8.22636,2.3363388,2036
7989,r6i1p1f1,2036,11,15,0.5709209509698991,8.6511545,-1.6783831,2036
7990,r6i1p1f1,2036,11,16,0.0,6.5708733,-5.546153,2036
7991,r6i1p1f1,2036,11,17,0.22958002684506212,6.186661,-1.7226484,2036
7992,r6i1p1f1,2036,11,18,2.523041242489661,7.467472,-0.12795709,2036
7993,r6i1p1f1,2036,11,19,0.35806953429255517,13.719404,-0.93490124,2036
7994,r6i1p1f1,2036,11,20,4.081091284934277,12.351608,0.7094809,2036
7995,r6i1p1f1,2036,11,21,18.02860030949896,10.395948,-4.319602,2036
7996,r6i1p1f1,2036,11,22,2.8046959383669514,2.1044705,-6.2167606,2036
7997,r6i1p1f1,2036,11,23,0.012271169808792535,5.3619556,-6.6144137,2036
7998,r6i1p1f1,2036,11,24,0.0,6.977407,-3.6721663,2036
7999,r6i1p1f1,2036,11,25,0.0012529975341912707,8.033941,-3.8519478,2036
8000,r6i1p1f1,2036,11,26,0.5482402849463469,8.363206,-1.6252815,2036
8001,r6i1p1f1,2036,11,27,1.459397829873287,11.02961,0.28872943,2036
8002,r6i1p1f1,2036,11,28,5.5445693149537965,10.297762,2.3977294,2036
8003,r6i1p1f1,2036,11,29,3.684660085728315,10.795046,3.1934588,2036
8004,r6i1p1f1,2036,11,30,6.05345802478746,11.120971,0.07279334,2036
8005,r6i1p1f1,2036,12,01,0.0,12.925299,0.6230878,2036
8006,r6i1p1f1,2036,12,02,0.0,13.874486,0.097586475,2036
8007,r6i1p1f1,2036,12,03,0.0,14.349477,2.7576606,2036
8008,r6i1p1f1,2036,12,04,0.0,14.394857,0.9299495,2036
8009,r6i1p1f1,2036,12,05,0.0,7.529611,-5.564299,2036
8010,r6i1p1f1,2036,12,06,0.0,13.883227,-0.5458052,2036
8011,r6i1p1f1,2036,12,07,0.0,15.62866,1.0744314,2036
8012,r6i1p1f1,2036,12,08,0.0004908468788698761,14.956063,0.3976981,2036
8013,r6i1p1f1,2036,12,09,0.0,4.709931,-9.9583235,2036
8014,r6i1p1f1,2036,12,10,1.8849800609715053,-0.9735094,-11.497187,2036
8015,r6i1p1f1,2036,12,11,1.5827141482348668,-0.83086205,-11.82616,2036
8016,r6i1p1f1,2036,12,12,0.558194606702175,0.8770822,-6.8114944,2036
8017,r6i1p1f1,2036,12,13,14.913773418814337,-0.2082724,-6.0168014,2036
8018,r6i1p1f1,2036,12,14,25.647963189884806,3.0893714,-4.797041,2036
8019,r6i1p1f1,2036,12,15,2.4124808368902646,4.559721,-9.593388,2036
8020,r6i1p1f1,2036,12,16,0.002525573564345641,4.441791,-8.351271,2036
8021,r6i1p1f1,2036,12,17,34.76406295924608,8.311719,-4.861318,2036
8022,r6i1p1f1,2036,12,18,44.95191109466393,8.883829,-0.86008614,2036
8023,r6i1p1f1,2036,12,19,0.1542479235745472,6.1947017,-7.053585,2036
8024,r6i1p1f1,2036,12,20,0.0,2.952022,-11.802944,2036
8025,r6i1p1f1,2036,12,21,0.17658751424889335,-0.91290927,-8.626272,2036
8026,r6i1p1f1,2036,12,22,8.410902457988604,1.3906151,-7.868716,2036
8027,r6i1p1f1,2036,12,23,19.18454270739175,4.383592,-3.4697037,2036
8028,r6i1p1f1,2036,12,24,21.9940794822192,8.647259,-1.9482301,2036
8029,r6i1p1f1,2036,12,25,4.5699184322040844,5.7838387,-0.7673915,2036
8030,r6i1p1f1,2036,12,26,14.945500052119279,5.31523,-1.3567733,2036
8031,r6i1p1f1,2036,12,27,28.57823581888299,5.903664,-0.6605043,2036
8032,r6i1p1f1,2036,12,28,1.6189233817947617,8.2425995,2.5405428,2036
8033,r6i1p1f1,2036,12,29,6.120523614137631,8.329854,-0.14975262,2036
8034,r6i1p1f1,2036,12,30,28.059997873964033,10.927679,2.3215504,2036
8035,r6i1p1f1,2036,12,31,11.95431166458578,11.082946,4.2453475,2036
8036,r6i1p1f1,2037,01,01,0.0,13.031611,5.5732956,2037
8037,r6i1p1f1,2037,01,02,0.0063064161429623716,12.337503,3.1083577,2037
8038,r6i1p1f1,2037,01,03,0.0,13.270757,2.7365155,2037
8039,r6i1p1f1,2037,01,04,0.0,13.894266,2.478714,2037
8040,r6i1p1f1,2037,01,05,0.0,15.016231,3.809822,2037
8041,r6i1p1f1,2037,01,06,0.0,16.173985,1.9890224,2037
8042,r6i1p1f1,2037,01,07,0.0,15.601604,2.209696,2037
8043,r6i1p1f1,2037,01,08,0.0,17.74552,3.1171372,2037
8044,r6i1p1f1,2037,01,09,0.0,18.167887,2.6407716,2037
8045,r6i1p1f1,2037,01,10,0.0,17.107752,2.114955,2037
8046,r6i1p1f1,2037,01,11,0.001829829325084139,15.752898,2.1474187,2037
8047,r6i1p1f1,2037,01,12,0.0,12.49334,-1.3240076,2037
8048,r6i1p1f1,2037,01,13,0.22023860916312954,7.8126426,-4.2793517,2037
8049,r6i1p1f1,2037,01,14,14.049897177075913,2.6540844,-4.42444,2037
8050,r6i1p1f1,2037,01,15,29.33723394595156,5.239369,-2.377698,2037
8051,r6i1p1f1,2037,01,16,50.28313995490298,8.588946,-3.2796314,2037
8052,r6i1p1f1,2037,01,17,7.911273311826453,1.6427608,-9.634353,2037
8053,r6i1p1f1,2037,01,18,7.523063325356779,1.9632806,-6.7605066,2037
8054,r6i1p1f1,2037,01,19,1.0834708758988951,1.2013929,-7.681922,2037
8055,r6i1p1f1,2037,01,20,9.449305354159451,0.50155747,-7.6331677,2037
8056,r6i1p1f1,2037,01,21,7.486933433109251,1.5408796,-4.2108326,2037
8057,r6i1p1f1,2037,01,22,25.55193053734554,0.9645332,-9.542262,2037
8058,r6i1p1f1,2037,01,23,4.395458514437256,-0.66036475,-13.792797,2037
8059,r6i1p1f1,2037,01,24,0.9057712297806065,-0.9543079,-12.977878,2037
8060,r6i1p1f1,2037,01,25,0.10597817901258019,4.486323,-11.423593,2037
8061,r6i1p1f1,2037,01,26,0.12082378078579173,7.858399,-8.777665,2037
8062,r6i1p1f1,2037,01,27,0.0,5.1355014,-0.5405592,2037
8063,r6i1p1f1,2037,01,28,0.013410178912735835,5.4613657,-7.250646,2037
8064,r6i1p1f1,2037,01,29,0.0,9.428314,-0.9037399,2037
8065,r6i1p1f1,2037,01,30,0.024636394449361346,7.538878,-0.24389635,2037
8066,r6i1p1f1,2037,01,31,0.0,9.438645,-4.760002,2037
8067,r6i1p1f1,2037,02,01,0.0,11.197112,-0.6358256,2037
8068,r6i1p1f1,2037,02,02,0.0,12.44728,-2.7330787,2037
8069,r6i1p1f1,2037,02,03,0.0,10.704347,-2.128027,2037
8070,r6i1p1f1,2037,02,04,0.0,10.552654,-5.539514,2037
8071,r6i1p1f1,2037,02,05,0.14538952647809153,6.0740037,-4.219797,2037
8072,r6i1p1f1,2037,02,06,6.378432298955126,1.438665,-7.5029902,2037
8073,r6i1p1f1,2037,02,07,0.4254401793955058,0.9064679,-8.812374,2037
8074,r6i1p1f1,2037,02,08,5.024856040875589,-1.0450879,-7.025286,2037
8075,r6i1p1f1,2037,02,09,0.1771371600192212,0.20120417,-11.148379,2037
8076,r6i1p1f1,2037,02,10,0.18131490806452316,1.2640102,-14.791434,2037
8077,r6i1p1f1,2037,02,11,0.0,-0.5067207,-16.461632,2037
8078,r6i1p1f1,2037,02,12,0.0,3.5775812,-12.411008,2037
8079,r6i1p1f1,2037,02,13,0.015743997311436102,11.372123,-4.8529,2037
8080,r6i1p1f1,2037,02,14,0.10375975038525206,7.2685513,0.515384,2037
8081,r6i1p1f1,2037,02,15,0.005345284584433065,6.515112,-2.348977,2037
8082,r6i1p1f1,2037,02,16,0.0,10.104911,-3.4257236,2037
8083,r6i1p1f1,2037,02,17,0.0,12.850149,-2.8066058,2037
8084,r6i1p1f1,2037,02,18,0.0,13.2832575,-1.9737458,2037
8085,r6i1p1f1,2037,02,19,0.0,12.0953865,-2.192822,2037
8086,r6i1p1f1,2037,02,20,0.0,17.156515,0.63636935,2037
8087,r6i1p1f1,2037,02,21,0.0,18.345997,1.586729,2037
8088,r6i1p1f1,2037,02,22,0.0,15.381079,-0.03131094,2037
8089,r6i1p1f1,2037,02,23,0.7399304942029454,13.234566,-1.0268914,2037
8090,r6i1p1f1,2037,02,24,0.0,12.44668,-2.145431,2037
8091,r6i1p1f1,2037,02,25,0.0,13.499436,-0.20494726,2037
8092,r6i1p1f1,2037,02,26,0.0967456923601513,17.248646,2.3275259,2037
8093,r6i1p1f1,2037,02,27,3.381807761717377,13.612788,-1.6002386,2037
8094,r6i1p1f1,2037,02,28,0.20403356353842939,6.8068776,-5.7515416,2037
8095,r6i1p1f1,2037,03,01,0.0,11.602576,-7.3930626,2037
8096,r6i1p1f1,2037,03,02,0.0,13.638396,-4.9050317,2037
8097,r6i1p1f1,2037,03,03,0.0,13.097749,-4.6122923,2037
8098,r6i1p1f1,2037,03,04,0.0,15.519972,-2.3082628,2037
8099,r6i1p1f1,2037,03,05,3.2229626820246615,13.136605,-3.7411077,2037
8100,r6i1p1f1,2037,03,06,3.7782244009120034,4.726204,-3.7029321,2037
8101,r6i1p1f1,2037,03,07,0.006469227671715939,4.1083527,-3.437785,2037
8102,r6i1p1f1,2037,03,08,3.028771853176777,5.8337245,-9.508552,2037
8103,r6i1p1f1,2037,03,09,0.2419754268095385,5.589113,-7.022424,2037
8104,r6i1p1f1,2037,03,10,0.0,12.207825,-6.3462253,2037
8105,r6i1p1f1,2037,03,11,0.24252329098992034,13.573711,-1.4322063,2037
8106,r6i1p1f1,2037,03,12,5.982067136153029,11.06386,2.1294196,2037
8107,r6i1p1f1,2037,03,13,0.6431969023046422,9.320387,2.4950175,2037
8108,r6i1p1f1,2037,03,14,0.15903269368009992,9.876762,-9.07027,2037
8109,r6i1p1f1,2037,03,15,0.0,8.465607,-8.378643,2037
8110,r6i1p1f1,2037,03,16,0.0,12.08904,-6.785962,2037
8111,r6i1p1f1,2037,03,17,1.0391589940976087,9.789784,-4.8183446,2037
8112,r6i1p1f1,2037,03,18,0.0,9.702102,-1.5348705,2037
8113,r6i1p1f1,2037,03,19,1.6459647968248345,8.653043,-2.00466,2037
8114,r6i1p1f1,2037,03,20,0.0,13.030976,-2.3010306,2037
8115,r6i1p1f1,2037,03,21,0.0,19.483223,-1.7385886,2037
8116,r6i1p1f1,2037,03,22,0.0,21.68736,1.3137803,2037
8117,r6i1p1f1,2037,03,23,0.0,24.353308,4.6482906,2037
8118,r6i1p1f1,2037,03,24,0.0,25.58006,6.1756234,2037
8119,r6i1p1f1,2037,03,25,0.0,23.733606,3.2029924,2037
8120,r6i1p1f1,2037,03,26,0.0,11.27894,-6.402602,2037
8121,r6i1p1f1,2037,03,27,0.0,13.049216,-6.581504,2037
8122,r6i1p1f1,2037,03,28,0.0,17.745232,-3.7370672,2037
8123,r6i1p1f1,2037,03,29,0.0,20.686766,-0.4092012,2037
8124,r6i1p1f1,2037,03,30,1.3276154533277906,17.989305,-1.6417686,2037
8125,r6i1p1f1,2037,03,31,17.246367021387965,6.410064,-3.7053447,2037
8126,r6i1p1f1,2037,04,01,5.632365950058601,0.6478693,-7.7070475,2037
8127,r6i1p1f1,2037,04,02,15.444392562822829,0.6700678,-7.423571,2037
8128,r6i1p1f1,2037,04,03,4.287655793870726,1.9774609,-6.9100404,2037
8129,r6i1p1f1,2037,04,04,0.0,5.03919,-12.520401,2037
8130,r6i1p1f1,2037,04,05,0.0,7.0939713,-8.6954775,2037
8131,r6i1p1f1,2037,04,06,0.0,12.485676,-4.6169925,2037
8132,r6i1p1f1,2037,04,07,10.154615608163432,8.752131,-4.1151533,2037
8133,r6i1p1f1,2037,04,08,10.631745446277272,1.9757624,-7.001977,2037
8134,r6i1p1f1,2037,04,09,0.0,8.2141485,-4.703349,2037
8135,r6i1p1f1,2037,04,10,0.0,10.934531,-6.0922055,2037
8136,r6i1p1f1,2037,04,11,0.0,9.417097,-7.4065013,2037
8137,r6i1p1f1,2037,04,12,0.0,8.782523,-9.373386,2037
8138,r6i1p1f1,2037,04,13,0.20661977661524616,8.87529,-5.609545,2037
8139,r6i1p1f1,2037,04,14,1.674360242914399,8.453324,-4.146778,2037
8140,r6i1p1f1,2037,04,15,0.0,11.166462,-6.12434,2037
8141,r6i1p1f1,2037,04,16,0.0,13.824691,-5.3161325,2037
8142,r6i1p1f1,2037,04,17,0.0,18.259186,-1.6453956,2037
8143,r6i1p1f1,2037,04,18,0.0,18.360441,0.77985185,2037
8144,r6i1p1f1,2037,04,19,0.0,18.023031,0.7398826,2037
8145,r6i1p1f1,2037,04,20,0.0,19.753656,1.3669268,2037
8146,r6i1p1f1,2037,04,21,0.0,18.733246,0.20569262,2037
8147,r6i1p1f1,2037,04,22,0.38265989576923665,16.846748,1.0475816,2037
8148,r6i1p1f1,2037,04,23,0.0,15.859039,2.3518689,2037
8149,r6i1p1f1,2037,04,24,5.6554428249452995,12.772235,-1.0667429,2037
8150,r6i1p1f1,2037,04,25,4.1266284657543455,10.501785,-6.447939,2037
8151,r6i1p1f1,2037,04,26,0.0011839452369500974,14.996252,-0.64442986,2037
8152,r6i1p1f1,2037,04,27,0.0,15.689324,-2.0741339,2037
8153,r6i1p1f1,2037,04,28,0.0,18.300325,2.022929,2037
8154,r6i1p1f1,2037,04,29,0.0,20.137363,0.75452685,2037
8155,r6i1p1f1,2037,04,30,0.6725037708264852,18.68317,1.3271201,2037
8156,r6i1p1f1,2037,05,01,0.01649595650901115,12.956581,-2.0250003,2037
8157,r6i1p1f1,2037,05,02,0.0,13.165185,-4.792579,2037
8158,r6i1p1f1,2037,05,03,0.01578485117256437,15.224149,1.9806937,2037
8159,r6i1p1f1,2037,05,04,4.4509856098618314,14.638366,-1.6737385,2037
8160,r6i1p1f1,2037,05,05,4.917598619301682,11.317734,1.4519297,2037
8161,r6i1p1f1,2037,05,06,5.096994428298662,12.824721,4.4284277,2037
8162,r6i1p1f1,2037,05,07,14.847862858473896,11.955307,1.1015105,2037
8163,r6i1p1f1,2037,05,08,22.563792307723517,10.862935,1.093579,2037
8164,r6i1p1f1,2037,05,09,2.8815259045058665,12.735014,-3.7145448,2037
8165,r6i1p1f1,2037,05,10,0.5794217675660677,12.03128,-1.1916103,2037
8166,r6i1p1f1,2037,05,11,0.1884034134178303,15.230185,-1.8863394,2037
8167,r6i1p1f1,2037,05,12,0.0,20.42194,0.9516373,2037
8168,r6i1p1f1,2037,05,13,0.0,22.393686,1.4795216,2037
8169,r6i1p1f1,2037,05,14,2.1415254902541117,15.587193,-0.45387718,2037
8170,r6i1p1f1,2037,05,15,0.9684871415254553,9.988482,-1.5667617,2037
8171,r6i1p1f1,2037,05,16,0.6072065795570671,13.7699375,2.858972,2037
8172,r6i1p1f1,2037,05,17,0.0,26.435457,4.9878583,2037
8173,r6i1p1f1,2037,05,18,0.0,31.467756,9.110843,2037
8174,r6i1p1f1,2037,05,19,0.1580822349337871,29.052135,9.599641,2037
8175,r6i1p1f1,2037,05,20,0.2569557122588392,27.882174,6.163195,2037
8176,r6i1p1f1,2037,05,21,0.0,28.597353,7.446591,2037
8177,r6i1p1f1,2037,05,22,0.0,29.553026,10.924389,2037
8178,r6i1p1f1,2037,05,23,0.0,29.976133,10.7382765,2037
8179,r6i1p1f1,2037,05,24,0.0,29.723188,10.360487,2037
8180,r6i1p1f1,2037,05,25,0.0,29.109287,9.23938,2037
8181,r6i1p1f1,2037,05,26,0.0,27.307125,8.974482,2037
8182,r6i1p1f1,2037,05,27,0.0,24.939987,7.969708,2037
8183,r6i1p1f1,2037,05,28,0.0,24.870419,7.290504,2037
8184,r6i1p1f1,2037,05,29,0.03871735604745903,22.536243,3.1519415,2037
8185,r6i1p1f1,2037,05,30,0.0,18.880892,1.5636159,2037
8186,r6i1p1f1,2037,05,31,0.0,23.720116,4.159267,2037
8187,r6i1p1f1,2037,06,01,0.0,28.411188,7.826395,2037
8188,r6i1p1f1,2037,06,02,0.0,29.619347,9.491036,2037
8189,r6i1p1f1,2037,06,03,0.010079599364164407,30.162235,10.524191,2037
8190,r6i1p1f1,2037,06,04,1.7480752360971452,29.241964,10.996119,2037
8191,r6i1p1f1,2037,06,05,3.0895689841542113,22.056011,4.488249,2037
8192,r6i1p1f1,2037,06,06,1.3977715385229488,19.354414,1.0749601,2037
8193,r6i1p1f1,2037,06,07,1.2801771289036794,10.668896,0.5450931,2037
8194,r6i1p1f1,2037,06,08,3.652087211585682,10.314284,-2.5306368,2037
8195,r6i1p1f1,2037,06,09,0.4786706515802266,12.821358,-5.1820593,2037
8196,r6i1p1f1,2037,06,10,0.0,17.547274,3.4423885,2037
8197,r6i1p1f1,2037,06,11,0.0,18.814354,4.309473,2037
8198,r6i1p1f1,2037,06,12,0.3219364421430337,21.094393,4.8079715,2037
8199,r6i1p1f1,2037,06,13,0.0,26.099377,7.7095137,2037
8200,r6i1p1f1,2037,06,14,0.016957996232359943,25.219297,7.253952,2037
8201,r6i1p1f1,2037,06,15,0.09002875810760412,23.780432,5.93623,2037
8202,r6i1p1f1,2037,06,16,0.0,26.024477,7.1483164,2037
8203,r6i1p1f1,2037,06,17,0.47290913607944746,26.996355,7.0293365,2037
8204,r6i1p1f1,2037,06,18,0.07837747212999017,27.58838,8.072636,2037
8205,r6i1p1f1,2037,06,19,0.0,29.625513,10.204783,2037
8206,r6i1p1f1,2037,06,20,0.0012203278474684153,29.828852,11.819166,2037
8207,r6i1p1f1,2037,06,21,0.0,25.48974,7.4834356,2037
8208,r6i1p1f1,2037,06,22,0.004613199446335777,28.89353,7.7107115,2037
8209,r6i1p1f1,2037,06,23,1.713042955064784,25.987314,5.242462,2037
8210,r6i1p1f1,2037,06,24,1.3967650275386396,21.3234,4.7534823,2037
8211,r6i1p1f1,2037,06,25,0.15676702840911014,23.237518,4.336472,2037
8212,r6i1p1f1,2037,06,26,0.15852400453092,22.206053,4.3186,2037
8213,r6i1p1f1,2037,06,27,9.184991804814969,15.155716,5.4445024,2037
8214,r6i1p1f1,2037,06,28,13.709577077561544,16.519274,7.583812,2037
8215,r6i1p1f1,2037,06,29,0.0,22.884512,9.708754,2037
8216,r6i1p1f1,2037,06,30,0.0,27.967047,7.2149863,2037
8217,r6i1p1f1,2037,07,01,0.0,30.49508,8.903383,2037
8218,r6i1p1f1,2037,07,02,0.0,31.106886,11.751733,2037
8219,r6i1p1f1,2037,07,03,0.0,31.507738,11.169527,2037
8220,r6i1p1f1,2037,07,04,0.0,31.992481,11.60912,2037
8221,r6i1p1f1,2037,07,05,0.0,30.237665,9.373148,2037
8222,r6i1p1f1,2037,07,06,0.0,25.467342,7.0723963,2037
8223,r6i1p1f1,2037,07,07,0.0,24.81217,4.831888,2037
8224,r6i1p1f1,2037,07,08,0.0,24.250595,6.70334,2037
8225,r6i1p1f1,2037,07,09,0.001396645843720871,23.029163,6.3589444,2037
8226,r6i1p1f1,2037,07,10,0.0,25.288122,7.3215957,2037
8227,r6i1p1f1,2037,07,11,0.0,29.039211,9.487022,2037
8228,r6i1p1f1,2037,07,12,0.0,30.468262,10.129746,2037
8229,r6i1p1f1,2037,07,13,0.0,31.644032,10.760256,2037
8230,r6i1p1f1,2037,07,14,0.0,32.880512,12.607904,2037
8231,r6i1p1f1,2037,07,15,0.2532218323780189,33.028927,13.061657,2037
8232,r6i1p1f1,2037,07,16,0.06099318476289412,33.54077,13.87795,2037
8233,r6i1p1f1,2037,07,17,0.6135748249082773,33.404655,15.530511,2037
8234,r6i1p1f1,2037,07,18,0.023530503691613275,32.67036,15.715708,2037
8235,r6i1p1f1,2037,07,19,3.049223632836935,31.3971,14.2233515,2037
8236,r6i1p1f1,2037,07,20,1.242939664129195,31.903269,13.965598,2037
8237,r6i1p1f1,2037,07,21,0.15828168644625432,32.448254,13.298466,2037
8238,r6i1p1f1,2037,07,22,0.0,33.757145,14.062852,2037
8239,r6i1p1f1,2037,07,23,0.0,34.36371,15.792988,2037
8240,r6i1p1f1,2037,07,24,0.0,35.18905,17.727617,2037
8241,r6i1p1f1,2037,07,25,0.0,35.042603,14.220149,2037
8242,r6i1p1f1,2037,07,26,0.0,32.747723,13.503517,2037
8243,r6i1p1f1,2037,07,27,0.0,29.948662,11.199218,2037
8244,r6i1p1f1,2037,07,28,0.0,30.862177,10.309822,2037
8245,r6i1p1f1,2037,07,29,0.0,31.354237,13.030294,2037
8246,r6i1p1f1,2037,07,30,0.0,32.731594,12.056868,2037
8247,r6i1p1f1,2037,07,31,0.0,34.724083,12.725856,2037
8248,r6i1p1f1,2037,08,01,0.0,36.009796,13.702171,2037
8249,r6i1p1f1,2037,08,02,0.0,36.7067,14.165983,2037
8250,r6i1p1f1,2037,08,03,0.0,37.09848,14.162205,2037
8251,r6i1p1f1,2037,08,04,0.0,35.17127,12.287649,2037
8252,r6i1p1f1,2037,08,05,0.0,29.030102,9.750766,2037
8253,r6i1p1f1,2037,08,06,0.0,25.592226,6.974319,2037
8254,r6i1p1f1,2037,08,07,1.1061904852123818,24.808313,6.609949,2037
8255,r6i1p1f1,2037,08,08,0.0,28.40623,8.794149,2037
8256,r6i1p1f1,2037,08,09,0.0,31.354485,9.517426,2037
8257,r6i1p1f1,2037,08,10,0.0,31.508818,10.187044,2037
8258,r6i1p1f1,2037,08,11,0.0,30.950256,9.37833,2037
8259,r6i1p1f1,2037,08,12,0.0,30.08392,9.176672,2037
8260,r6i1p1f1,2037,08,13,0.0,30.662542,10.132149,2037
8261,r6i1p1f1,2037,08,14,0.0,30.872355,9.765537,2037
8262,r6i1p1f1,2037,08,15,0.0,31.134926,9.400927,2037
8263,r6i1p1f1,2037,08,16,0.0,30.014305,9.125781,2037
8264,r6i1p1f1,2037,08,17,0.1369182358818102,25.959785,6.3235984,2037
8265,r6i1p1f1,2037,08,18,0.10193912833955195,27.156961,9.461145,2037
8266,r6i1p1f1,2037,08,19,0.23061604128557794,30.259336,9.919286,2037
8267,r6i1p1f1,2037,08,20,0.0,31.411795,10.987734,2037
8268,r6i1p1f1,2037,08,21,0.0,31.39838,12.078229,2037
8269,r6i1p1f1,2037,08,22,0.0,31.283255,11.224931,2037
8270,r6i1p1f1,2037,08,23,0.0,31.770273,11.193687,2037
8271,r6i1p1f1,2037,08,24,0.0,32.53126,12.426185,2037
8272,r6i1p1f1,2037,08,25,0.0,32.86409,11.984587,2037
8273,r6i1p1f1,2037,08,26,2.271028130896209,33.925938,14.4646225,2037
8274,r6i1p1f1,2037,08,27,0.0,33.469013,12.829094,2037
8275,r6i1p1f1,2037,08,28,0.7518874158551357,33.813557,13.0094595,2037
8276,r6i1p1f1,2037,08,29,2.5595386543697956,32.207146,12.753711,2037
8277,r6i1p1f1,2037,08,30,7.312074824620384,31.902092,12.008046,2037
8278,r6i1p1f1,2037,08,31,0.0028039645022831616,29.818392,10.846789,2037
8279,r6i1p1f1,2037,09,01,1.0982579857684964,29.703163,13.746147,2037
8280,r6i1p1f1,2037,09,02,0.46557285551547567,27.906075,10.1857,2037
8281,r6i1p1f1,2037,09,03,0.3893098515318552,28.691128,12.592788,2037
8282,r6i1p1f1,2037,09,04,0.05117733842747526,28.39333,12.291801,2037
8283,r6i1p1f1,2037,09,05,0.13438246951984806,25.466042,8.780513,2037
8284,r6i1p1f1,2037,09,06,0.0,25.407797,7.7419643,2037
8285,r6i1p1f1,2037,09,07,0.0,26.268389,8.552417,2037
8286,r6i1p1f1,2037,09,08,0.13807859648481252,25.812912,7.62372,2037
8287,r6i1p1f1,2037,09,09,0.0,26.464241,8.858017,2037
8288,r6i1p1f1,2037,09,10,0.0,30.340685,9.508478,2037
8289,r6i1p1f1,2037,09,11,0.0,31.099485,9.941872,2037
8290,r6i1p1f1,2037,09,12,0.0,31.916548,10.164427,2037
8291,r6i1p1f1,2037,09,13,0.0017140401828248115,30.850924,10.364212,2037
8292,r6i1p1f1,2037,09,14,0.0,29.221025,10.808682,2037
8293,r6i1p1f1,2037,09,15,0.0,28.998522,9.120334,2037
8294,r6i1p1f1,2037,09,16,0.0,28.695333,8.496347,2037
8295,r6i1p1f1,2037,09,17,0.09175231977962174,28.36358,9.569068,2037
8296,r6i1p1f1,2037,09,18,0.46010945421363686,29.170534,9.1602,2037
8297,r6i1p1f1,2037,09,19,0.0,28.74585,8.963951,2037
8298,r6i1p1f1,2037,09,20,0.0,30.297585,9.618195,2037
8299,r6i1p1f1,2037,09,21,0.002508220937424591,30.67909,10.467051,2037
8300,r6i1p1f1,2037,09,22,0.0,30.753729,10.938938,2037
8301,r6i1p1f1,2037,09,23,0.0,30.898367,11.063567,2037
8302,r6i1p1f1,2037,09,24,0.0,30.329258,9.718113,2037
8303,r6i1p1f1,2037,09,25,0.0,30.94075,9.821651,2037
8304,r6i1p1f1,2037,09,26,0.0,29.037628,7.9617743,2037
8305,r6i1p1f1,2037,09,27,0.002343565952061426,25.687355,5.694502,2037
8306,r6i1p1f1,2037,09,28,0.0,26.130833,6.806741,2037
8307,r6i1p1f1,2037,09,29,0.0,27.113943,6.7494082,2037
8308,r6i1p1f1,2037,09,30,0.0,26.842093,6.7220197,2037
8309,r6i1p1f1,2037,10,01,0.0,25.328314,6.9472866,2037
8310,r6i1p1f1,2037,10,02,0.0,26.13352,6.980099,2037
8311,r6i1p1f1,2037,10,03,0.0,25.68875,6.731446,2037
8312,r6i1p1f1,2037,10,04,0.0,28.731102,7.6059303,2037
8313,r6i1p1f1,2037,10,05,0.0,28.553402,8.416471,2037
8314,r6i1p1f1,2037,10,06,0.0,27.395456,7.1288424,2037
8315,r6i1p1f1,2037,10,07,0.0,27.23993,6.745394,2037
8316,r6i1p1f1,2037,10,08,0.0,28.179329,7.1201124,2037
8317,r6i1p1f1,2037,10,09,0.0,25.891449,4.806288,2037
8318,r6i1p1f1,2037,10,10,0.25430838821637225,20.63855,4.679583,2037
8319,r6i1p1f1,2037,10,11,0.0,14.865647,0.78622913,2037
8320,r6i1p1f1,2037,10,12,0.0,14.090317,-2.1707585,2037
8321,r6i1p1f1,2037,10,13,0.0,18.258802,-0.47354347,2037
8322,r6i1p1f1,2037,10,14,0.0,25.21533,6.6954737,2037
8323,r6i1p1f1,2037,10,15,0.0,27.20316,10.353467,2037
8324,r6i1p1f1,2037,10,16,0.0,28.421223,8.908474,2037
8325,r6i1p1f1,2037,10,17,0.0,25.046515,3.4061618,2037
8326,r6i1p1f1,2037,10,18,0.00027082555354032754,21.41007,3.0621426,2037
8327,r6i1p1f1,2037,10,19,0.3641519300923656,15.93127,2.96272,2037
8328,r6i1p1f1,2037,10,20,0.0,23.765364,2.0383368,2037
8329,r6i1p1f1,2037,10,21,0.0,27.09054,5.6413608,2037
8330,r6i1p1f1,2037,10,22,0.0,28.383034,7.2629423,2037
8331,r6i1p1f1,2037,10,23,0.0,29.289742,8.166777,2037
8332,r6i1p1f1,2037,10,24,0.0,29.33953,9.263984,2037
8333,r6i1p1f1,2037,10,25,0.0,28.234154,7.3792906,2037
8334,r6i1p1f1,2037,10,26,0.5292217701941275,18.234678,5.9482536,2037
8335,r6i1p1f1,2037,10,27,0.005950629006810426,15.346769,0.3056537,2037
8336,r6i1p1f1,2037,10,28,0.005431459563446317,14.594775,-1.6588553,2037
8337,r6i1p1f1,2037,10,29,0.0,14.811625,-0.15923205,2037
8338,r6i1p1f1,2037,10,30,0.0,14.5199585,-2.8446338,2037
8339,r6i1p1f1,2037,10,31,0.0,15.062386,-2.0056674,2037
8340,r6i1p1f1,2037,11,01,5.297322841335421,10.584812,-0.40621048,2037
8341,r6i1p1f1,2037,11,02,0.008590708325490333,13.8754015,-0.8019579,2037
8342,r6i1p1f1,2037,11,03,0.0,19.708975,0.6040431,2037
8343,r6i1p1f1,2037,11,04,0.0,19.682047,0.304752,2037
8344,r6i1p1f1,2037,11,05,0.002840073324514942,15.269558,-0.44145977,2037
8345,r6i1p1f1,2037,11,06,10.812098743811916,9.157707,-0.21738356,2037
8346,r6i1p1f1,2037,11,07,26.69314070363822,8.6477165,-4.727283,2037
8347,r6i1p1f1,2037,11,08,0.02521172363270391,7.3161726,-4.1922235,2037
8348,r6i1p1f1,2037,11,09,13.074206564990556,6.6565843,-2.878415,2037
8349,r6i1p1f1,2037,11,10,23.194581605688153,4.9414263,-2.4597208,2037
8350,r6i1p1f1,2037,11,11,0.3455189255478404,5.561569,-4.089828,2037
8351,r6i1p1f1,2037,11,12,1.1876821296215263,1.6776882,-6.4403677,2037
8352,r6i1p1f1,2037,11,13,0.818295022495411,-0.23905534,-9.109044,2037
8353,r6i1p1f1,2037,11,14,0.0,3.7869637,-10.880178,2037
8354,r6i1p1f1,2037,11,15,22.51367032958368,7.5919857,-7.301458,2037
8355,r6i1p1f1,2037,11,16,9.467965702452213,5.0603514,-2.3854218,2037
8356,r6i1p1f1,2037,11,17,2.6525800761254636,5.4186244,-4.557584,2037
8357,r6i1p1f1,2037,11,18,0.013439238551180418,4.8713894,-9.461258,2037
8358,r6i1p1f1,2037,11,19,0.0,4.580788,-10.049378,2037
8359,r6i1p1f1,2037,11,20,12.088830798551642,6.442247,-7.0630894,2037
8360,r6i1p1f1,2037,11,21,11.665283482174184,5.7809405,-3.6911824,2037
8361,r6i1p1f1,2037,11,22,0.08466358493856223,2.7093225,-7.344007,2037
8362,r6i1p1f1,2037,11,23,2.892936261818753,1.6191816,-4.830719,2037
8363,r6i1p1f1,2037,11,24,2.0690525186450484,-0.40448055,-8.668375,2037
8364,r6i1p1f1,2037,11,25,0.0,-1.5441507,-17.129364,2037
8365,r6i1p1f1,2037,11,26,0.0,-0.008323323,-14.95524,2037
8366,r6i1p1f1,2037,11,27,0.06622026588075156,1.384386,-12.43912,2037
8367,r6i1p1f1,2037,11,28,0.0016610709632876792,8.802288,-8.793189,2037
8368,r6i1p1f1,2037,11,29,0.0,8.779996,-8.690531,2037
8369,r6i1p1f1,2037,11,30,0.0,8.730531,-7.64732,2037
8370,r6i1p1f1,2037,12,01,0.0,8.88974,-2.7992964,2037
8371,r6i1p1f1,2037,12,02,0.0,10.528338,-2.6209157,2037
8372,r6i1p1f1,2037,12,03,0.0,11.083876,-2.5204992,2037
8373,r6i1p1f1,2037,12,04,0.0,11.584979,-2.4508545,2037
8374,r6i1p1f1,2037,12,05,0.0,11.346895,-2.6074078,2037
8375,r6i1p1f1,2037,12,06,0.0,11.940362,-2.3752422,2037
8376,r6i1p1f1,2037,12,07,0.0,10.900059,-3.1162298,2037
8377,r6i1p1f1,2037,12,08,3.9685862105567526,4.501461,-4.7657804,2037
8378,r6i1p1f1,2037,12,09,16.006021803605645,1.4806206,-6.292175,2037
8379,r6i1p1f1,2037,12,10,7.479443120590058,0.61793494,-8.507107,2037
8380,r6i1p1f1,2037,12,11,27.21295686750282,6.0582085,-3.1012516,2037
8381,r6i1p1f1,2037,12,12,14.006429602465236,9.56666,-2.3233614,2037
8382,r6i1p1f1,2037,12,13,26.250150075027015,8.564949,0.62185544,2037
8383,r6i1p1f1,2037,12,14,19.736043202090343,8.813761,1.6314977,2037
8384,r6i1p1f1,2037,12,15,17.58019789115784,9.701356,3.7508423,2037
8385,r6i1p1f1,2037,12,16,6.345872645731953,9.398913,-5.5099964,2037
8386,r6i1p1f1,2037,12,17,0.0,2.6822815,-10.42299,2037
8387,r6i1p1f1,2037,12,18,9.004245674960881,0.6334239,-6.253382,2037
8388,r6i1p1f1,2037,12,19,7.598241803215621,-0.1316817,-7.849159,2037
8389,r6i1p1f1,2037,12,20,1.6710873261989714,-2.26174,-7.0080423,2037
8390,r6i1p1f1,2037,12,21,2.570659733779702,-2.2330208,-12.639487,2037
8391,r6i1p1f1,2037,12,22,5.384983317774284,4.7631454,-6.285084,2037
8392,r6i1p1f1,2037,12,23,13.417457358414667,6.0534964,-2.2208812,2037
8393,r6i1p1f1,2037,12,24,0.3932576494699928,5.390248,-2.4987307,2037
8394,r6i1p1f1,2037,12,25,0.024003366836001235,4.0351505,-5.737208,2037
8395,r6i1p1f1,2037,12,26,19.59556450818196,3.8168483,-4.9269137,2037
8396,r6i1p1f1,2037,12,27,30.722668428991422,6.8016095,-0.36911303,2037
8397,r6i1p1f1,2037,12,28,0.009873397742288077,7.144611,-1.3108398,2037
8398,r6i1p1f1,2037,12,29,19.926122425734032,5.8676257,-3.3703485,2037
8399,r6i1p1f1,2037,12,30,22.26564589510052,7.4125557,-0.97403556,2037
8400,r6i1p1f1,2037,12,31,8.331656253077266,4.355614,-7.1883645,2037
8401,r6i1p1f1,2038,01,01,0.6442356949156735,2.9120388,-4.437949,2038
8402,r6i1p1f1,2038,01,02,0.23978010009540437,3.1334326,-4.1697836,2038
8403,r6i1p1f1,2038,01,03,2.0280580711684006,2.0793102,-4.074076,2038
8404,r6i1p1f1,2038,01,04,24.208853329220247,7.2414846,-1.8068798,2038
8405,r6i1p1f1,2038,01,05,0.01397408176463351,7.822795,-0.75291044,2038
8406,r6i1p1f1,2038,01,06,0.686991853309837,6.4722323,-1.6363156,2038
8407,r6i1p1f1,2038,01,07,19.425562191859033,4.608915,-1.6119463,2038
8408,r6i1p1f1,2038,01,08,0.44855998423828475,6.2472816,-1.2025824,2038
8409,r6i1p1f1,2038,01,09,1.611845280474435,6.036839,-0.4086031,2038
8410,r6i1p1f1,2038,01,10,0.0,8.030849,-0.943603,2038
8411,r6i1p1f1,2038,01,11,0.5424559345620842,8.291621,-0.5074985,2038
8412,r6i1p1f1,2038,01,12,2.5053440519869308,6.6040397,0.43907592,2038
8413,r6i1p1f1,2038,01,13,9.188310078721582,5.590508,0.21704482,2038
8414,r6i1p1f1,2038,01,14,0.5247618395712376,7.820362,1.2169422,2038
8415,r6i1p1f1,2038,01,15,0.0,8.052886,-4.0138016,2038
8416,r6i1p1f1,2038,01,16,0.0,5.6768055,-2.2825418,2038
8417,r6i1p1f1,2038,01,17,0.04844085826951152,6.725387,-3.9398692,2038
8418,r6i1p1f1,2038,01,18,8.80886335702407,4.834052,-4.486023,2038
8419,r6i1p1f1,2038,01,19,6.569679043034893,0.18040878,-4.9326096,2038
8420,r6i1p1f1,2038,01,20,0.08921826815863305,5.0908647,-6.537589,2038
8421,r6i1p1f1,2038,01,21,1.6705157227609662,1.6996809,-7.0382643,2038
8422,r6i1p1f1,2038,01,22,9.344618774747882,-0.18707587,-5.2705865,2038
8423,r6i1p1f1,2038,01,23,1.093285707173478,1.2979776,-11.880944,2038
8424,r6i1p1f1,2038,01,24,0.0,2.6785092,-12.431953,2038
8425,r6i1p1f1,2038,01,25,0.0,6.3125725,-8.035345,2038
8426,r6i1p1f1,2038,01,26,0.0,6.155551,-6.1070766,2038
8427,r6i1p1f1,2038,01,27,0.0,5.382939,-6.5697994,2038
8428,r6i1p1f1,2038,01,28,0.0,11.680297,-4.1067286,2038
8429,r6i1p1f1,2038,01,29,0.0,9.18313,-2.9447587,2038
8430,r6i1p1f1,2038,01,30,0.0,7.490723,-5.933584,2038
8431,r6i1p1f1,2038,01,31,0.03398212291510168,5.66978,-8.212475,2038
8432,r6i1p1f1,2038,02,01,0.33915750735800765,4.2883005,-1.9542452,2038
8433,r6i1p1f1,2038,02,02,1.5799141424010696,3.6038957,-4.5618424,2038
8434,r6i1p1f1,2038,02,03,0.018696206464282352,6.1431637,-5.675788,2038
8435,r6i1p1f1,2038,02,04,0.6123646724394569,6.803627,-5.4771314,2038
8436,r6i1p1f1,2038,02,05,0.0,8.408171,-3.71881,2038
8437,r6i1p1f1,2038,02,06,0.0,12.579421,-0.784013,2038
8438,r6i1p1f1,2038,02,07,0.0,13.813406,-0.5806388,2038
8439,r6i1p1f1,2038,02,08,0.0,15.677333,-0.52237564,2038
8440,r6i1p1f1,2038,02,09,0.0,15.571763,1.159551,2038
8441,r6i1p1f1,2038,02,10,0.5784014697682052,11.2400875,-4.173089,2038
8442,r6i1p1f1,2038,02,11,0.0,4.174734,-8.34824,2038
8443,r6i1p1f1,2038,02,12,0.13036490210743507,4.8310714,-4.0993037,2038
8444,r6i1p1f1,2038,02,13,0.04159355082543928,7.9015536,-3.369115,2038
8445,r6i1p1f1,2038,02,14,0.0,8.564626,-4.467156,2038
8446,r6i1p1f1,2038,02,15,0.00572918788043365,8.162395,-3.790682,2038
8447,r6i1p1f1,2038,02,16,0.03477082147810628,8.952628,0.77996796,2038
8448,r6i1p1f1,2038,02,17,0.0,14.710167,0.6652559,2038
8449,r6i1p1f1,2038,02,18,0.0,18.228607,1.3091165,2038
8450,r6i1p1f1,2038,02,19,0.0,18.145498,2.2710955,2038
8451,r6i1p1f1,2038,02,20,0.0,18.341984,1.6985292,2038
8452,r6i1p1f1,2038,02,21,0.0049494269966256855,17.068647,3.0783792,2038
8453,r6i1p1f1,2038,02,22,1.9852974399394732,10.918478,-0.056984816,2038
8454,r6i1p1f1,2038,02,23,0.0,10.051276,-4.3559475,2038
8455,r6i1p1f1,2038,02,24,0.0,14.070876,-1.7197111,2038
8456,r6i1p1f1,2038,02,25,0.0,14.8964815,-0.34164253,2038
8457,r6i1p1f1,2038,02,26,0.0,15.509255,0.6009089,2038
8458,r6i1p1f1,2038,02,27,0.0,17.36633,2.200175,2038
8459,r6i1p1f1,2038,02,28,0.19432436922278076,17.132717,3.8557844,2038
8460,r6i1p1f1,2038,03,01,0.0,22.783663,4.9518867,2038
8461,r6i1p1f1,2038,03,02,0.0,21.608479,5.3017282,2038
8462,r6i1p1f1,2038,03,03,0.0,20.92639,4.5396333,2038
8463,r6i1p1f1,2038,03,04,0.0,20.596489,3.56895,2038
8464,r6i1p1f1,2038,03,05,0.0,24.0452,6.7504334,2038
8465,r6i1p1f1,2038,03,06,0.0,23.740757,5.5430646,2038
8466,r6i1p1f1,2038,03,07,0.0003674100969486508,22.662924,5.4779325,2038
8467,r6i1p1f1,2038,03,08,0.014918087714577482,16.90568,1.8321843,2038
8468,r6i1p1f1,2038,03,09,2.960972530328283,9.468304,-1.3561555,2038
8469,r6i1p1f1,2038,03,10,0.0,16.57485,-2.254319,2038
8470,r6i1p1f1,2038,03,11,0.1522966284472424,14.955796,0.52184874,2038
8471,r6i1p1f1,2038,03,12,0.0,18.360853,2.5069451,2038
8472,r6i1p1f1,2038,03,13,0.0039798097691139305,16.13158,1.9662653,2038
8473,r6i1p1f1,2038,03,14,19.963424440252684,10.310804,-4.7185383,2038
8474,r6i1p1f1,2038,03,15,0.0,15.507809,-2.7263534,2038
8475,r6i1p1f1,2038,03,16,0.0,19.102154,1.0245544,2038
8476,r6i1p1f1,2038,03,17,1.0764892420245096,17.462452,-0.49972805,2038
8477,r6i1p1f1,2038,03,18,26.985691788437187,6.3995233,-2.6743202,2038
8478,r6i1p1f1,2038,03,19,33.62498789474932,1.5648243,-3.8038492,2038
8479,r6i1p1f1,2038,03,20,0.0006830945051260758,4.8861375,-12.075965,2038
8480,r6i1p1f1,2038,03,21,0.013655185699960657,6.4209313,-5.523383,2038
8481,r6i1p1f1,2038,03,22,0.0,9.943264,-4.3458147,2038
8482,r6i1p1f1,2038,03,23,0.18149558557635215,12.675753,-1.2396959,2038
8483,r6i1p1f1,2038,03,24,8.801367212250666,9.636909,-1.0652661,2038
8484,r6i1p1f1,2038,03,25,0.09387046125184104,10.310049,-6.372412,2038
8485,r6i1p1f1,2038,03,26,0.0,14.459522,-4.1310263,2038
8486,r6i1p1f1,2038,03,27,0.0,15.74254,-1.5581851,2038
8487,r6i1p1f1,2038,03,28,0.027663043249169777,15.167358,3.4897928,2038
8488,r6i1p1f1,2038,03,29,4.084666080169513,11.584052,-1.7828575,2038
8489,r6i1p1f1,2038,03,30,3.845665963379974,11.539229,-4.1362486,2038
8490,r6i1p1f1,2038,03,31,4.689598371163386,10.473585,-2.3313062,2038
8491,r6i1p1f1,2038,04,01,0.34874487148252914,12.290575,-1.7265215,2038
8492,r6i1p1f1,2038,04,02,0.0,15.7453785,-3.9086716,2038
8493,r6i1p1f1,2038,04,03,0.0,17.878826,-1.1413198,2038
8494,r6i1p1f1,2038,04,04,1.2236141299995906,17.466791,0.76221997,2038
8495,r6i1p1f1,2038,04,05,2.4863858015165987,14.422307,1.4886554,2038
8496,r6i1p1f1,2038,04,06,1.5827136477445503,10.017955,-3.5749755,2038
8497,r6i1p1f1,2038,04,07,0.020321646933247225,12.142781,0.92016435,2038
8498,r6i1p1f1,2038,04,08,0.0,13.838176,-1.7476795,2038
8499,r6i1p1f1,2038,04,09,0.0004759683567539797,16.375864,-3.6838694,2038
8500,r6i1p1f1,2038,04,10,0.6636909357403951,14.389252,-2.11017,2038
8501,r6i1p1f1,2038,04,11,0.329078577951897,13.328455,-2.3542862,2038
8502,r6i1p1f1,2038,04,12,0.0,18.014042,-1.5023638,2038
8503,r6i1p1f1,2038,04,13,0.0,16.137465,5.27734,2038
8504,r6i1p1f1,2038,04,14,0.15609258703393367,18.05849,2.6793618,2038
8505,r6i1p1f1,2038,04,15,6.611023413915147,14.595727,-0.5683337,2038
8506,r6i1p1f1,2038,04,16,3.8126912451010786,11.410819,-1.4334526,2038
8507,r6i1p1f1,2038,04,17,0.0,16.058207,-2.8145502,2038
8508,r6i1p1f1,2038,04,18,0.0,18.949799,-0.68374324,2038
8509,r6i1p1f1,2038,04,19,0.0,22.731373,2.8946059,2038
8510,r6i1p1f1,2038,04,20,0.0,23.622416,5.009028,2038
8511,r6i1p1f1,2038,04,21,0.0,25.028433,5.338481,2038
8512,r6i1p1f1,2038,04,22,0.0,26.63335,6.426511,2038
8513,r6i1p1f1,2038,04,23,0.0,26.883856,6.75266,2038
8514,r6i1p1f1,2038,04,24,1.7776457017667098,22.765972,4.497027,2038
8515,r6i1p1f1,2038,04,25,6.460934365006828,16.178297,-1.45631,2038
8516,r6i1p1f1,2038,04,26,2.4854778250761846,12.314892,-4.981542,2038
8517,r6i1p1f1,2038,04,27,0.0,15.545486,-2.3918555,2038
8518,r6i1p1f1,2038,04,28,0.11977690910707518,15.046488,-1.3462008,2038
8519,r6i1p1f1,2038,04,29,0.5631335250427462,16.482393,-2.0863845,2038
8520,r6i1p1f1,2038,04,30,2.0849283767579387,16.085335,2.9451232,2038
8521,r6i1p1f1,2038,05,01,1.1000329723710873,13.350982,-3.3673134,2038
8522,r6i1p1f1,2038,05,02,0.0004501339877676368,18.05621,1.3027564,2038
8523,r6i1p1f1,2038,05,03,0.0,19.525345,1.7374548,2038
8524,r6i1p1f1,2038,05,04,0.0,24.785969,7.449137,2038
8525,r6i1p1f1,2038,05,05,0.0,26.780064,6.540207,2038
8526,r6i1p1f1,2038,05,06,0.8239670215525762,26.420979,5.0253596,2038
8527,r6i1p1f1,2038,05,07,0.0,28.503767,7.2688107,2038
8528,r6i1p1f1,2038,05,08,0.0,28.634884,7.6041327,2038
8529,r6i1p1f1,2038,05,09,2.1370133743907704,22.588676,3.834236,2038
8530,r6i1p1f1,2038,05,10,0.3811645158845168,21.903955,3.9456346,2038
8531,r6i1p1f1,2038,05,11,0.0,27.159666,5.945086,2038
8532,r6i1p1f1,2038,05,12,0.004498842657608864,27.819807,7.54302,2038
8533,r6i1p1f1,2038,05,13,0.0,25.934494,5.5444527,2038
8534,r6i1p1f1,2038,05,14,0.19670521623828136,24.294533,5.0120826,2038
8535,r6i1p1f1,2038,05,15,0.18813666771236026,23.891714,6.2318926,2038
8536,r6i1p1f1,2038,05,16,0.0,27.19394,6.3393593,2038
8537,r6i1p1f1,2038,05,17,0.0,30.785606,9.216666,2038
8538,r6i1p1f1,2038,05,18,0.0,31.764606,10.264866,2038
8539,r6i1p1f1,2038,05,19,0.9227016486807504,29.600418,10.738419,2038
8540,r6i1p1f1,2038,05,20,0.287237370646632,25.867914,6.842695,2038
8541,r6i1p1f1,2038,05,21,0.12032955104628822,25.255142,7.6883717,2038
8542,r6i1p1f1,2038,05,22,0.16913729302735325,18.875294,3.1106324,2038
8543,r6i1p1f1,2038,05,23,0.1032027390498428,18.16717,0.7678247,2038
8544,r6i1p1f1,2038,05,24,0.0,22.39883,3.93464,2038
8545,r6i1p1f1,2038,05,25,0.005757349367826039,22.269655,6.954574,2038
8546,r6i1p1f1,2038,05,26,0.0,20.928051,4.8302608,2038
8547,r6i1p1f1,2038,05,27,0.0037552281379906777,26.115044,5.895135,2038
8548,r6i1p1f1,2038,05,28,0.0,26.965214,7.3418064,2038
8549,r6i1p1f1,2038,05,29,0.3643201239401338,26.727982,10.298907,2038
8550,r6i1p1f1,2038,05,30,3.2176782403097843,23.14231,6.415747,2038
8551,r6i1p1f1,2038,05,31,0.09541511354815013,21.7686,5.577432,2038
8552,r6i1p1f1,2038,06,01,0.0,21.360899,1.6467714,2038
8553,r6i1p1f1,2038,06,02,0.0,22.733604,5.9218736,2038
8554,r6i1p1f1,2038,06,03,0.10297840151232004,21.262735,3.3905456,2038
8555,r6i1p1f1,2038,06,04,0.0,21.115656,4.462085,2038
8556,r6i1p1f1,2038,06,05,0.0,26.926836,6.529257,2038
8557,r6i1p1f1,2038,06,06,0.0,28.47744,7.972491,2038
8558,r6i1p1f1,2038,06,07,0.0,31.868631,12.123931,2038
8559,r6i1p1f1,2038,06,08,0.0,32.483875,11.707625,2038
8560,r6i1p1f1,2038,06,09,0.00520457690586657,33.730793,14.093876,2038
8561,r6i1p1f1,2038,06,10,0.5285340343459174,29.80734,10.537916,2038
8562,r6i1p1f1,2038,06,11,1.5947964691694514,23.758318,7.7154155,2038
8563,r6i1p1f1,2038,06,12,0.3189559217273923,22.209099,6.515995,2038
8564,r6i1p1f1,2038,06,13,0.8469689953769222,19.656809,3.7893791,2038
8565,r6i1p1f1,2038,06,14,0.0,27.500795,7.671809,2038
8566,r6i1p1f1,2038,06,15,0.0,33.706726,13.677109,2038
8567,r6i1p1f1,2038,06,16,0.015039625005196244,35.66517,15.284454,2038
8568,r6i1p1f1,2038,06,17,0.0,35.52337,14.5236025,2038
8569,r6i1p1f1,2038,06,18,0.021846179233766947,34.509712,13.270485,2038
8570,r6i1p1f1,2038,06,19,0.06528732457375781,30.990639,11.352779,2038
8571,r6i1p1f1,2038,06,20,0.0,32.26815,12.550769,2038
8572,r6i1p1f1,2038,06,21,0.0,32.43548,11.145597,2038
8573,r6i1p1f1,2038,06,22,0.4938374049024345,30.709597,10.276023,2038
8574,r6i1p1f1,2038,06,23,0.19111964578359134,26.111465,8.256508,2038
8575,r6i1p1f1,2038,06,24,3.425516554842448,24.400957,5.8894773,2038
8576,r6i1p1f1,2038,06,25,0.0,25.999329,5.4521265,2038
8577,r6i1p1f1,2038,06,26,0.0,29.433878,8.319146,2038
8578,r6i1p1f1,2038,06,27,0.0,32.249744,10.770771,2038
8579,r6i1p1f1,2038,06,28,0.0,33.74875,13.099846,2038
8580,r6i1p1f1,2038,06,29,0.002057200445484051,33.75124,12.623411,2038
8581,r6i1p1f1,2038,06,30,0.0,32.606075,11.553237,2038
8582,r6i1p1f1,2038,07,01,0.0,31.014889,9.152111,2038
8583,r6i1p1f1,2038,07,02,0.0,29.608696,8.182553,2038
8584,r6i1p1f1,2038,07,03,0.0,30.171474,8.124786,2038
8585,r6i1p1f1,2038,07,04,0.0,29.14466,6.9313335,2038
8586,r6i1p1f1,2038,07,05,0.0,25.096016,5.0454016,2038
8587,r6i1p1f1,2038,07,06,0.0,27.18731,6.862924,2038
8588,r6i1p1f1,2038,07,07,0.0,31.374641,8.420115,2038
8589,r6i1p1f1,2038,07,08,0.0,35.829544,13.946097,2038
8590,r6i1p1f1,2038,07,09,0.0,35.951126,14.838799,2038
8591,r6i1p1f1,2038,07,10,0.0,34.222294,12.979165,2038
8592,r6i1p1f1,2038,07,11,0.0,33.445538,11.991664,2038
8593,r6i1p1f1,2038,07,12,0.0,35.420956,13.560592,2038
8594,r6i1p1f1,2038,07,13,0.0,34.452187,13.277199,2038
8595,r6i1p1f1,2038,07,14,0.0,32.015335,11.225176,2038
8596,r6i1p1f1,2038,07,15,0.0,30.843925,10.369716,2038
8597,r6i1p1f1,2038,07,16,0.01029066098963688,28.94467,8.873791,2038
8598,r6i1p1f1,2038,07,17,0.0,27.739761,7.3341985,2038
8599,r6i1p1f1,2038,07,18,0.0,28.428562,7.792813,2038
8600,r6i1p1f1,2038,07,19,0.0,29.932209,8.680405,2038
8601,r6i1p1f1,2038,07,20,0.0,30.863409,9.777677,2038
8602,r6i1p1f1,2038,07,21,0.0,30.710238,9.755818,2038
8603,r6i1p1f1,2038,07,22,0.0,31.050734,10.225395,2038
8604,r6i1p1f1,2038,07,23,0.0,31.95682,10.163788,2038
8605,r6i1p1f1,2038,07,24,0.0,32.259842,10.544975,2038
8606,r6i1p1f1,2038,07,25,0.015361918372948037,31.513865,10.152442,2038
8607,r6i1p1f1,2038,07,26,0.0,30.92996,9.127915,2038
8608,r6i1p1f1,2038,07,27,0.0,31.342207,9.865475,2038
8609,r6i1p1f1,2038,07,28,0.0,31.575815,10.343746,2038
8610,r6i1p1f1,2038,07,29,0.0,32.02831,11.170282,2038
8611,r6i1p1f1,2038,07,30,0.0003258143214721438,32.393032,11.159166,2038
8612,r6i1p1f1,2038,07,31,0.005890042386973453,32.88202,12.045543,2038
8613,r6i1p1f1,2038,08,01,0.0,34.69834,12.614556,2038
8614,r6i1p1f1,2038,08,02,0.0008868253191276978,34.440975,12.620144,2038
8615,r6i1p1f1,2038,08,03,0.0,34.289314,12.627685,2038
8616,r6i1p1f1,2038,08,04,0.0,33.41974,12.335056,2038
8617,r6i1p1f1,2038,08,05,0.004419413550031625,33.456017,12.455136,2038
8618,r6i1p1f1,2038,08,06,0.0,36.69928,13.368942,2038
8619,r6i1p1f1,2038,08,07,0.0,36.134483,14.325127,2038
8620,r6i1p1f1,2038,08,08,0.0,35.1816,13.346417,2038
8621,r6i1p1f1,2038,08,09,0.0,33.57468,12.319807,2038
8622,r6i1p1f1,2038,08,10,0.0,33.416817,11.522314,2038
8623,r6i1p1f1,2038,08,11,0.0,32.33978,11.274181,2038
8624,r6i1p1f1,2038,08,12,0.0,32.444767,10.690407,2038
8625,r6i1p1f1,2038,08,13,0.0,29.899643,8.740298,2038
8626,r6i1p1f1,2038,08,14,0.0,26.206112,5.9379964,2038
8627,r6i1p1f1,2038,08,15,0.0,27.14473,7.261158,2038
8628,r6i1p1f1,2038,08,16,0.0,27.101955,6.9182944,2038
8629,r6i1p1f1,2038,08,17,0.0,27.193745,5.89172,2038
8630,r6i1p1f1,2038,08,18,0.0,25.890272,4.93852,2038
8631,r6i1p1f1,2038,08,19,0.0,25.629982,4.8160906,2038
8632,r6i1p1f1,2038,08,20,0.0,26.325247,5.428588,2038
8633,r6i1p1f1,2038,08,21,0.0,29.690018,7.3478074,2038
8634,r6i1p1f1,2038,08,22,0.0,30.80052,10.183983,2038
8635,r6i1p1f1,2038,08,23,0.0,30.541632,8.778215,2038
8636,r6i1p1f1,2038,08,24,0.0,29.30527,8.093786,2038
8637,r6i1p1f1,2038,08,25,0.022822187198706784,28.082272,5.9227743,2038
8638,r6i1p1f1,2038,08,26,0.0,28.260551,10.070497,2038
8639,r6i1p1f1,2038,08,27,0.0011682723855917336,30.656736,8.318468,2038
8640,r6i1p1f1,2038,08,28,0.03222561015179784,29.307125,8.421778,2038
8641,r6i1p1f1,2038,08,29,4.588348138086788,29.096893,8.163573,2038
8642,r6i1p1f1,2038,08,30,0.0,30.532711,8.387633,2038
8643,r6i1p1f1,2038,08,31,0.0,31.918919,9.393352,2038
8644,r6i1p1f1,2038,09,01,0.015434009873072797,32.273136,11.898758,2038
8645,r6i1p1f1,2038,09,02,0.05340443333441309,32.68355,11.940563,2038
8646,r6i1p1f1,2038,09,03,0.7372019364559719,33.304607,13.749642,2038
8647,r6i1p1f1,2038,09,04,0.0,33.548813,14.349534,2038
8648,r6i1p1f1,2038,09,05,0.0,33.866226,12.666381,2038
8649,r6i1p1f1,2038,09,06,0.0,31.412071,9.797201,2038
8650,r6i1p1f1,2038,09,07,0.0,30.039522,9.241208,2038
8651,r6i1p1f1,2038,09,08,0.0,30.138342,8.844749,2038
8652,r6i1p1f1,2038,09,09,0.0,32.018185,10.878958,2038
8653,r6i1p1f1,2038,09,10,0.0,34.055317,11.812851,2038
8654,r6i1p1f1,2038,09,11,0.0,35.90641,13.79702,2038
8655,r6i1p1f1,2038,09,12,0.0,36.885063,16.711573,2038
8656,r6i1p1f1,2038,09,13,0.0,36.59559,16.17215,2038
8657,r6i1p1f1,2038,09,14,0.0,34.73809,13.697365,2038
8658,r6i1p1f1,2038,09,15,0.001757312562930901,32.493565,10.6971,2038
8659,r6i1p1f1,2038,09,16,0.0,30.972683,9.467059,2038
8660,r6i1p1f1,2038,09,17,0.0,29.38733,8.252562,2038
8661,r6i1p1f1,2038,09,18,0.3151246571006896,24.927872,5.035619,2038
8662,r6i1p1f1,2038,09,19,2.8261286984141485,20.943106,2.357919,2038
8663,r6i1p1f1,2038,09,20,0.2899880930506348,25.487463,6.898853,2038
8664,r6i1p1f1,2038,09,21,0.0,27.25237,8.187305,2038
8665,r6i1p1f1,2038,09,22,0.0,30.319956,9.593497,2038
8666,r6i1p1f1,2038,09,23,0.0,31.086798,10.818635,2038
8667,r6i1p1f1,2038,09,24,0.0,29.895874,10.45401,2038
8668,r6i1p1f1,2038,09,25,0.0,31.254263,10.631285,2038
8669,r6i1p1f1,2038,09,26,0.0,31.793789,11.293606,2038
8670,r6i1p1f1,2038,09,27,0.0,31.59026,10.279213,2038
8671,r6i1p1f1,2038,09,28,0.011566021715919026,30.192694,8.580385,2038
8672,r6i1p1f1,2038,09,29,0.0,28.51951,7.626422,2038
8673,r6i1p1f1,2038,09,30,0.0,25.528955,4.7017117,2038
8674,r6i1p1f1,2038,10,01,0.0,25.425955,6.8969603,2038
8675,r6i1p1f1,2038,10,02,0.0,28.810692,7.936531,2038
8676,r6i1p1f1,2038,10,03,0.0,29.759739,9.8556795,2038
8677,r6i1p1f1,2038,10,04,0.0,29.81709,8.649494,2038
8678,r6i1p1f1,2038,10,05,0.0,27.378317,9.081361,2038
8679,r6i1p1f1,2038,10,06,0.0,25.532555,5.5226326,2038
8680,r6i1p1f1,2038,10,07,0.06820572790478713,21.275372,5.448079,2038
8681,r6i1p1f1,2038,10,08,0.0,21.917728,4.193737,2038
8682,r6i1p1f1,2038,10,09,0.0,25.690649,5.779334,2038
8683,r6i1p1f1,2038,10,10,0.0,27.641193,8.001356,2038
8684,r6i1p1f1,2038,10,11,0.0,25.385475,5.5633245,2038
8685,r6i1p1f1,2038,10,12,0.0,22.354145,2.3866825,2038
8686,r6i1p1f1,2038,10,13,0.0,26.21771,3.712163,2038
8687,r6i1p1f1,2038,10,14,0.0,26.71087,5.653966,2038
8688,r6i1p1f1,2038,10,15,0.0,26.747818,5.016006,2038
8689,r6i1p1f1,2038,10,16,0.0008438986127291179,21.96134,1.4242548,2038
8690,r6i1p1f1,2038,10,17,0.7117907424361365,14.307825,1.9791801,2038
8691,r6i1p1f1,2038,10,18,23.498951190488263,13.291831,4.569482,2038
8692,r6i1p1f1,2038,10,19,0.059529757535023854,15.670781,0.17819053,2038
8693,r6i1p1f1,2038,10,20,0.0,24.674551,4.247248,2038
8694,r6i1p1f1,2038,10,21,0.0,24.865086,7.0370574,2038
8695,r6i1p1f1,2038,10,22,0.0,24.558989,6.052199,2038
8696,r6i1p1f1,2038,10,23,0.0,26.65881,6.249188,2038
8697,r6i1p1f1,2038,10,24,0.0,28.417774,7.702012,2038
8698,r6i1p1f1,2038,10,25,0.0,27.843845,8.190138,2038
8699,r6i1p1f1,2038,10,26,0.0,22.585028,6.60214,2038
8700,r6i1p1f1,2038,10,27,0.0,18.226099,5.229708,2038
8701,r6i1p1f1,2038,10,28,0.2683336385895919,15.600999,4.4135756,2038
8702,r6i1p1f1,2038,10,29,0.1418608990550036,14.411557,3.6989338,2038
8703,r6i1p1f1,2038,10,30,0.0,14.109183,-0.6876051,2038
8704,r6i1p1f1,2038,10,31,0.002288210153872648,13.589105,-1.1641736,2038
8705,r6i1p1f1,2038,11,01,12.997708039542417,12.770395,-0.6674956,2038
8706,r6i1p1f1,2038,11,02,5.651297352647828e-05,13.408647,-3.1712966,2038
8707,r6i1p1f1,2038,11,03,2.6386351295714308,9.007547,-1.6847802,2038
8708,r6i1p1f1,2038,11,04,8.784632504659458,11.492177,4.545361,2038
8709,r6i1p1f1,2038,11,05,1.118479256429847,14.679698,-0.31627864,2038
8710,r6i1p1f1,2038,11,06,0.0,18.29371,1.1797063,2038
8711,r6i1p1f1,2038,11,07,0.03255559905920101,17.34574,2.7866175,2038
8712,r6i1p1f1,2038,11,08,0.36086603121325284,10.436549,-3.8867795,2038
8713,r6i1p1f1,2038,11,09,0.0,7.6468725,-7.5534577,2038
8714,r6i1p1f1,2038,11,10,0.0,7.42035,-9.362551,2038
8715,r6i1p1f1,2038,11,11,0.0,8.712546,-8.429238,2038
8716,r6i1p1f1,2038,11,12,2.6124214776746135,7.5058928,-6.396816,2038
8717,r6i1p1f1,2038,11,13,10.599367727257182,2.4530456,-5.3268685,2038
8718,r6i1p1f1,2038,11,14,22.48076743937859,4.817098,-4.7817807,2038
8719,r6i1p1f1,2038,11,15,19.337052082846252,4.983028,-2.8134494,2038
8720,r6i1p1f1,2038,11,16,0.009766558500967549,5.3570747,-3.5054805,2038
8721,r6i1p1f1,2038,11,17,1.0276693910347767,7.581623,-5.1306295,2038
8722,r6i1p1f1,2038,11,18,14.015688756792384,5.553253,-1.5315144,2038
8723,r6i1p1f1,2038,11,19,8.607943314785746,5.404864,-1.2252107,2038
8724,r6i1p1f1,2038,11,20,10.173686493574317,5.49839,-2.090305,2038
8725,r6i1p1f1,2038,11,21,12.623791591327727,5.8372555,-0.39815858,2038
8726,r6i1p1f1,2038,11,22,15.506843136726975,8.162892,-1.022428,2038
8727,r6i1p1f1,2038,11,23,19.464553837294957,8.944467,-1.4156115,2038
8728,r6i1p1f1,2038,11,24,79.42141042213403,15.935546,3.388855,2038
8729,r6i1p1f1,2038,11,25,12.60699888566382,15.119649,-5.5012836,2038
8730,r6i1p1f1,2038,11,26,1.2449035200187935,1.0371401,-9.7874775,2038
8731,r6i1p1f1,2038,11,27,9.672896787838361,1.857882,-8.069275,2038
8732,r6i1p1f1,2038,11,28,19.22362677517489,4.8452573,-6.1039987,2038
8733,r6i1p1f1,2038,11,29,46.08362273596583,4.7135253,-2.8157558,2038
8734,r6i1p1f1,2038,11,30,4.126453618219259,6.318223,-3.670779,2038
8735,r6i1p1f1,2038,12,01,5.661997792668954,6.550251,-0.24169354,2038
8736,r6i1p1f1,2038,12,02,0.10711905394422364,9.907528,1.4011688,2038
8737,r6i1p1f1,2038,12,03,0.0,10.722836,1.4093041,2038
8738,r6i1p1f1,2038,12,04,13.630015801153473,9.172702,2.9763036,2038
8739,r6i1p1f1,2038,12,05,33.68656537900806,9.882567,-1.852961,2038
8740,r6i1p1f1,2038,12,06,0.8731329154390924,6.5803394,-1.9490937,2038
8741,r6i1p1f1,2038,12,07,1.9059906359030625,10.322599,-0.055051688,2038
8742,r6i1p1f1,2038,12,08,12.85223084925872,8.957146,-3.2103832,2038
8743,r6i1p1f1,2038,12,09,0.0,4.657362,-7.267646,2038
8744,r6i1p1f1,2038,12,10,0.0,7.0939865,-4.4614396,2038
8745,r6i1p1f1,2038,12,11,0.0,10.391262,-2.2984366,2038
8746,r6i1p1f1,2038,12,12,0.0,10.500903,-2.736731,2038
8747,r6i1p1f1,2038,12,13,0.0,9.668021,-2.7385333,2038
8748,r6i1p1f1,2038,12,14,0.0,12.868212,-1.788778,2038
8749,r6i1p1f1,2038,12,15,0.0,14.255564,-0.1310827,2038
8750,r6i1p1f1,2038,12,16,0.0,13.40852,-0.48493984,2038
8751,r6i1p1f1,2038,12,17,0.014277966799985897,10.419262,-0.68341386,2038
8752,r6i1p1f1,2038,12,18,0.0,8.885631,-3.9601839,2038
8753,r6i1p1f1,2038,12,19,0.0,12.0789175,-2.4237645,2038
8754,r6i1p1f1,2038,12,20,0.0,11.71477,-0.46612784,2038
8755,r6i1p1f1,2038,12,21,0.0,11.369128,-3.0639641,2038
8756,r6i1p1f1,2038,12,22,0.0,10.525754,-3.4192894,2038
8757,r6i1p1f1,2038,12,23,0.0,9.544075,0.03928325,2038
8758,r6i1p1f1,2038,12,24,9.730016592324857,8.174293,1.3998206,2038
8759,r6i1p1f1,2038,12,25,37.19109049103312,9.019802,1.6693566,2038
8760,r6i1p1f1,2038,12,26,27.85053505008604,6.805602,-1.8365953,2038
8761,r6i1p1f1,2038,12,27,0.0,5.363705,-4.575658,2038
8762,r6i1p1f1,2038,12,28,0.0,7.983007,-2.8939633,2038
8763,r6i1p1f1,2038,12,29,0.0,12.982918,0.9968645,2038
8764,r6i1p1f1,2038,12,30,0.026944947897812554,12.775652,3.0279558,2038
8765,r6i1p1f1,2038,12,31,6.889098668431468,8.138597,-2.2346714,2038
8766,r6i1p1f1,2039,01,01,0.236417434872227,2.9581127,-6.2052875,2039
8767,r6i1p1f1,2039,01,02,25.903853268998727,1.5030746,-8.586095,2039
8768,r6i1p1f1,2039,01,03,6.437462036779044,1.1913235,-11.053241,2039
8769,r6i1p1f1,2039,01,04,6.123929541965621,-0.8649038,-7.048253,2039
8770,r6i1p1f1,2039,01,05,0.00040885251266050554,0.5831051,-15.795075,2039
8771,r6i1p1f1,2039,01,06,0.029222134874985175,0.241193,-12.567702,2039
8772,r6i1p1f1,2039,01,07,0.0,1.5644642,-13.323582,2039
8773,r6i1p1f1,2039,01,08,0.0,4.7555504,-9.690454,2039
8774,r6i1p1f1,2039,01,09,0.0,4.71609,-8.528094,2039
8775,r6i1p1f1,2039,01,10,0.0,2.4526093,-7.107874,2039
8776,r6i1p1f1,2039,01,11,0.0,5.7769775,-6.595799,2039
8777,r6i1p1f1,2039,01,12,0.0,6.3814383,-5.8451805,2039
8778,r6i1p1f1,2039,01,13,1.3213231171410411,1.9084169,-5.8117,2039
8779,r6i1p1f1,2039,01,14,0.8166175341296598,1.2407326,-3.8636432,2039
8780,r6i1p1f1,2039,01,15,0.012899299926472452,3.6531277,-1.6113968,2039
8781,r6i1p1f1,2039,01,16,0.0,2.9948876,-7.109005,2039
8782,r6i1p1f1,2039,01,17,0.0,3.907956,-6.7602415,2039
8783,r6i1p1f1,2039,01,18,0.0,6.5873666,-4.357436,2039
8784,r6i1p1f1,2039,01,19,0.018349737256805124,6.726108,-6.2053895,2039
8785,r6i1p1f1,2039,01,20,0.08381105497242408,5.4283876,-3.301286,2039
8786,r6i1p1f1,2039,01,21,0.15490645346464962,5.51119,-1.6704811,2039
8787,r6i1p1f1,2039,01,22,0.11555762679498348,6.3610806,-2.5268698,2039
8788,r6i1p1f1,2039,01,23,2.808392848089254,4.7598495,-6.727714,2039
8789,r6i1p1f1,2039,01,24,0.0097698648024663,3.9045641,-8.531577,2039
8790,r6i1p1f1,2039,01,25,0.01591210646142863,3.4918776,-9.345506,2039
8791,r6i1p1f1,2039,01,26,0.17296822744520965,2.2460911,-4.3438497,2039
8792,r6i1p1f1,2039,01,27,0.13738294713204927,6.343206,-1.9797709,2039
8793,r6i1p1f1,2039,01,28,0.7413231844598651,7.9623904,-0.24024971,2039
8794,r6i1p1f1,2039,01,29,9.983951858325911,5.9218593,-0.20210057,2039
8795,r6i1p1f1,2039,01,30,0.0,8.344474,-4.7315845,2039
8796,r6i1p1f1,2039,01,31,0.0,13.691775,-2.6239896,2039
8797,r6i1p1f1,2039,02,01,0.0,13.096944,-1.6750395,2039
8798,r6i1p1f1,2039,02,02,0.021910607307812847,11.932185,2.2251225,2039
8799,r6i1p1f1,2039,02,03,7.999868471974458,9.517899,2.8837934,2039
8800,r6i1p1f1,2039,02,04,1.358748959963916,8.231197,0.98981893,2039
8801,r6i1p1f1,2039,02,05,4.319959876458533,7.8626356,-2.6835787,2039
8802,r6i1p1f1,2039,02,06,4.53267717494767,7.530747,-1.2859198,2039
8803,r6i1p1f1,2039,02,07,3.5916973206095517,6.6332154,-2.1467888,2039
8804,r6i1p1f1,2039,02,08,0.708473624863565,5.282272,-1.4446692,2039
8805,r6i1p1f1,2039,02,09,0.001347133254948576,6.1323705,-2.7056649,2039
8806,r6i1p1f1,2039,02,10,0.04241095657032405,12.246856,-0.80366653,2039
8807,r6i1p1f1,2039,02,11,0.004111796919652672,13.458956,-1.1866863,2039
8808,r6i1p1f1,2039,02,12,0.0,12.562586,-3.1228478,2039
8809,r6i1p1f1,2039,02,13,0.0,14.18444,-1.5436822,2039
8810,r6i1p1f1,2039,02,14,0.44522447529833103,12.564474,-2.5157523,2039
8811,r6i1p1f1,2039,02,15,0.0009142799719317927,10.009079,-3.0708632,2039
8812,r6i1p1f1,2039,02,16,0.0,10.690082,-5.4457145,2039
8813,r6i1p1f1,2039,02,17,15.8008240753879,11.470577,-2.107796,2039
8814,r6i1p1f1,2039,02,18,0.45311923457719305,11.946092,1.796682,2039
8815,r6i1p1f1,2039,02,19,0.2335522184001434,14.916765,-0.39305565,2039
8816,r6i1p1f1,2039,02,20,0.0,15.461811,0.10575918,2039
8817,r6i1p1f1,2039,02,21,0.21126589860528291,7.1266913,-4.359574,2039
8818,r6i1p1f1,2039,02,22,0.1764084070311086,3.8323035,-3.5032158,2039
8819,r6i1p1f1,2039,02,23,0.0,6.1864414,-8.199239,2039
8820,r6i1p1f1,2039,02,24,0.0,10.735819,-4.783103,2039
8821,r6i1p1f1,2039,02,25,0.0,15.696257,0.7713215,2039
8822,r6i1p1f1,2039,02,26,0.0,16.160816,0.9475237,2039
8823,r6i1p1f1,2039,02,27,0.0,15.792623,2.2017953,2039
8824,r6i1p1f1,2039,02,28,0.0,16.03365,1.469914,2039
8825,r6i1p1f1,2039,03,01,0.0,17.892591,-3.2494268,2039
8826,r6i1p1f1,2039,03,02,0.0,16.872217,-1.2745765,2039
8827,r6i1p1f1,2039,03,03,25.389088696844443,6.7329583,-2.421456,2039
8828,r6i1p1f1,2039,03,04,31.799235276020617,4.0471497,-6.129502,2039
8829,r6i1p1f1,2039,03,05,6.289116574319979,1.9535716,-16.049442,2039
8830,r6i1p1f1,2039,03,06,1.4914764487199557,3.89795,-9.369851,2039
8831,r6i1p1f1,2039,03,07,24.380536128003445,2.3746798,-3.698424,2039
8832,r6i1p1f1,2039,03,08,14.950597323546411,2.8665724,-6.90168,2039
8833,r6i1p1f1,2039,03,09,3.6047202510060465,5.511144,-4.067937,2039
8834,r6i1p1f1,2039,03,10,7.418804482736699,8.113634,0.07133912,2039
8835,r6i1p1f1,2039,03,11,7.519404160844561,8.632711,-7.528937,2039
8836,r6i1p1f1,2039,03,12,0.0,9.249192,-8.302646,2039
8837,r6i1p1f1,2039,03,13,0.01935560540530088,8.717964,-5.035344,2039
8838,r6i1p1f1,2039,03,14,0.035681924142747685,8.825942,-1.4017394,2039
8839,r6i1p1f1,2039,03,15,0.0010065510173396415,11.967125,-1.6192181,2039
8840,r6i1p1f1,2039,03,16,0.0,13.008979,-5.3728495,2039
8841,r6i1p1f1,2039,03,17,0.0,15.289739,-3.4053733,2039
8842,r6i1p1f1,2039,03,18,0.0070247626516460665,15.507716,-0.74465436,2039
8843,r6i1p1f1,2039,03,19,0.03003047125967006,10.3470955,-5.4879265,2039
8844,r6i1p1f1,2039,03,20,0.0,5.956343,-7.208951,2039
8845,r6i1p1f1,2039,03,21,0.0,9.912979,-8.667672,2039
8846,r6i1p1f1,2039,03,22,0.0,12.603258,-4.6958675,2039
8847,r6i1p1f1,2039,03,23,0.0,15.864273,-3.3168824,2039
8848,r6i1p1f1,2039,03,24,0.0,19.270618,0.197635,2039
8849,r6i1p1f1,2039,03,25,0.0,21.739077,1.9034054,2039
8850,r6i1p1f1,2039,03,26,0.017834030908131987,21.915106,3.2540612,2039
8851,r6i1p1f1,2039,03,27,0.0,12.15309,-5.801951,2039
8852,r6i1p1f1,2039,03,28,0.0,8.719536,-8.663641,2039
8853,r6i1p1f1,2039,03,29,0.0,17.760355,-1.9758888,2039
8854,r6i1p1f1,2039,03,30,0.0,19.150475,-1.1629075,2039
8855,r6i1p1f1,2039,03,31,0.0,19.744593,-0.21865784,2039
8856,r6i1p1f1,2039,04,01,0.0,19.529257,-0.2637458,2039
8857,r6i1p1f1,2039,04,02,0.5263629981559954,12.280688,-0.8136725,2039
8858,r6i1p1f1,2039,04,03,3.387370622215604,9.151238,0.06268788,2039
8859,r6i1p1f1,2039,04,04,1.5340454422989733,8.798755,-1.4041938,2039
8860,r6i1p1f1,2039,04,05,9.833443531380873,8.184052,-1.3934088,2039
8861,r6i1p1f1,2039,04,06,7.73310502987697,9.225461,-2.539993,2039
8862,r6i1p1f1,2039,04,07,0.27072690594006743,7.7507963,-1.8406447,2039
8863,r6i1p1f1,2039,04,08,0.42108834036254755,9.443998,-4.275648,2039
8864,r6i1p1f1,2039,04,09,0.0,10.93902,-5.355291,2039
8865,r6i1p1f1,2039,04,10,0.0,13.04731,-5.7731714,2039
8866,r6i1p1f1,2039,04,11,0.0,17.21677,-2.8728588,2039
8867,r6i1p1f1,2039,04,12,0.0,17.440176,-1.8240284,2039
8868,r6i1p1f1,2039,04,13,0.0,16.644466,-0.4985139,2039
8869,r6i1p1f1,2039,04,14,0.002301533616794784,16.01435,-0.15828298,2039
8870,r6i1p1f1,2039,04,15,5.855364632492869,11.152674,-1.7311927,2039
8871,r6i1p1f1,2039,04,16,1.2495049972919257,17.130686,0.83746845,2039
8872,r6i1p1f1,2039,04,17,1.6794806764289556,16.87932,0.08744226,2039
8873,r6i1p1f1,2039,04,18,1.943082079159521,13.085131,-0.23412463,2039
8874,r6i1p1f1,2039,04,19,4.945726027463272,13.254169,-0.5632941,2039
8875,r6i1p1f1,2039,04,20,2.5416937664393644,15.073273,-1.6315728,2039
8876,r6i1p1f1,2039,04,21,2.594176058693812,13.685415,0.7462048,2039
8877,r6i1p1f1,2039,04,22,2.890702811700388,13.725996,-2.261135,2039
8878,r6i1p1f1,2039,04,23,1.5654598606484547,15.658317,-3.67839,2039
8879,r6i1p1f1,2039,04,24,0.7497476647835524,14.2158165,-2.6307712,2039
8880,r6i1p1f1,2039,04,25,2.516464821172351,10.44421,-1.7633227,2039
8881,r6i1p1f1,2039,04,26,0.13204344640736287,10.713009,0.51039696,2039
8882,r6i1p1f1,2039,04,27,0.20195957927839936,12.368669,-2.5978386,2039
8883,r6i1p1f1,2039,04,28,2.2851784704920513,9.115036,-3.219964,2039
8884,r6i1p1f1,2039,04,29,0.18404960170847287,9.245392,-5.2244115,2039
8885,r6i1p1f1,2039,04,30,0.05527855958173911,13.697398,-3.5133486,2039
8886,r6i1p1f1,2039,05,01,0.1985121286011447,13.143384,-0.48959905,2039
8887,r6i1p1f1,2039,05,02,0.7974931543147556,12.111543,-2.589429,2039
8888,r6i1p1f1,2039,05,03,0.8231810514016368,13.392059,-3.4817977,2039
8889,r6i1p1f1,2039,05,04,0.0,21.844654,2.205909,2039
8890,r6i1p1f1,2039,05,05,0.0,25.198397,5.055516,2039
8891,r6i1p1f1,2039,05,06,0.0,27.81945,7.2509823,2039
8892,r6i1p1f1,2039,05,07,0.0,28.052568,8.298327,2039
8893,r6i1p1f1,2039,05,08,0.0,26.741444,6.3597713,2039
8894,r6i1p1f1,2039,05,09,0.03342025256307546,24.358099,5.4978976,2039
8895,r6i1p1f1,2039,05,10,0.0,22.436674,5.2195435,2039
8896,r6i1p1f1,2039,05,11,0.0,22.39747,3.5787017,2039
8897,r6i1p1f1,2039,05,12,0.0,22.863642,3.8588552,2039
8898,r6i1p1f1,2039,05,13,0.0,25.111132,4.740122,2039
8899,r6i1p1f1,2039,05,14,0.0,27.467707,5.856595,2039
8900,r6i1p1f1,2039,05,15,0.0,27.878862,6.764455,2039
8901,r6i1p1f1,2039,05,16,0.0,29.04764,9.3011675,2039
8902,r6i1p1f1,2039,05,17,0.0,30.00045,11.198001,2039
8903,r6i1p1f1,2039,05,18,1.9431832870808923,19.663834,9.199847,2039
8904,r6i1p1f1,2039,05,19,6.377270539596569,17.230879,4.303358,2039
8905,r6i1p1f1,2039,05,20,2.311934578621589,20.439754,3.060445,2039
8906,r6i1p1f1,2039,05,21,6.971914842210486,19.530579,2.749784,2039
8907,r6i1p1f1,2039,05,22,3.7237688704677656,25.341574,6.3559217,2039
8908,r6i1p1f1,2039,05,23,0.017802526070772436,28.094952,9.804529,2039
8909,r6i1p1f1,2039,05,24,0.7405756392602328,24.892307,7.5337434,2039
8910,r6i1p1f1,2039,05,25,0.49462224343055966,21.284618,5.2947226,2039
8911,r6i1p1f1,2039,05,26,0.9041533656683074,18.369024,2.293258,2039
8912,r6i1p1f1,2039,05,27,0.0,25.388588,6.691325,2039
8913,r6i1p1f1,2039,05,28,0.0,26.63487,7.8796806,2039
8914,r6i1p1f1,2039,05,29,0.10934885924823169,24.539335,10.012874,2039
8915,r6i1p1f1,2039,05,30,0.19898359791831247,22.353037,6.756638,2039
8916,r6i1p1f1,2039,05,31,0.007917653372565276,24.263573,8.955198,2039
8917,r6i1p1f1,2039,06,01,2.6416053985703405,22.439596,3.7844803,2039
8918,r6i1p1f1,2039,06,02,0.05981889941140466,19.231016,2.8064651,2039
8919,r6i1p1f1,2039,06,03,0.019437537938314712,21.471806,1.4374567,2039
8920,r6i1p1f1,2039,06,04,0.17843989753785627,18.848728,3.080079,2039
8921,r6i1p1f1,2039,06,05,0.04952416476233257,15.263238,2.8113725,2039
8922,r6i1p1f1,2039,06,06,0.0,20.89927,2.4226925,2039
8923,r6i1p1f1,2039,06,07,0.0,25.661156,5.071218,2039
8924,r6i1p1f1,2039,06,08,0.0,24.83043,7.0670633,2039
8925,r6i1p1f1,2039,06,09,0.00035445929216474834,20.782154,3.2295742,2039
8926,r6i1p1f1,2039,06,10,0.0,24.31374,5.0063095,2039
8927,r6i1p1f1,2039,06,11,0.0,26.120737,7.2338276,2039
8928,r6i1p1f1,2039,06,12,0.0,28.212833,8.724848,2039
8929,r6i1p1f1,2039,06,13,0.5590209816938404,24.585577,5.095702,2039
8930,r6i1p1f1,2039,06,14,3.50762628822898,17.673553,-1.4425561,2039
8931,r6i1p1f1,2039,06,15,2.3639237235796977,20.931623,5.227387,2039
8932,r6i1p1f1,2039,06,16,0.0767623449385142,28.496649,9.390281,2039
8933,r6i1p1f1,2039,06,17,0.0,30.23303,10.902264,2039
8934,r6i1p1f1,2039,06,18,1.202574324252356,29.99707,11.296702,2039
8935,r6i1p1f1,2039,06,19,0.0,27.872595,8.19765,2039
8936,r6i1p1f1,2039,06,20,0.0,25.042532,6.200176,2039
8937,r6i1p1f1,2039,06,21,0.0,26.138483,7.4266624,2039
8938,r6i1p1f1,2039,06,22,0.0,26.611996,8.393981,2039
8939,r6i1p1f1,2039,06,23,0.0,28.842619,7.771545,2039
8940,r6i1p1f1,2039,06,24,0.0,31.085934,10.14853,2039
8941,r6i1p1f1,2039,06,25,0.0,30.627632,8.6552925,2039
8942,r6i1p1f1,2039,06,26,0.0,23.416794,4.3035917,2039
8943,r6i1p1f1,2039,06,27,0.0,22.935242,5.179198,2039
8944,r6i1p1f1,2039,06,28,0.0,28.189838,6.4712934,2039
8945,r6i1p1f1,2039,06,29,0.0,31.436775,10.896212,2039
8946,r6i1p1f1,2039,06,30,0.0,33.441044,13.165275,2039
8947,r6i1p1f1,2039,07,01,0.0,34.097366,12.7944355,2039
8948,r6i1p1f1,2039,07,02,0.0,32.60069,11.101708,2039
8949,r6i1p1f1,2039,07,03,0.0,26.524345,6.7914023,2039
8950,r6i1p1f1,2039,07,04,0.0,26.07127,4.340636,2039
8951,r6i1p1f1,2039,07,05,0.0,29.601362,6.476245,2039
8952,r6i1p1f1,2039,07,06,0.0,29.826468,7.7135615,2039
8953,r6i1p1f1,2039,07,07,0.0,31.409159,9.907677,2039
8954,r6i1p1f1,2039,07,08,0.0,32.456562,10.856349,2039
8955,r6i1p1f1,2039,07,09,0.0,35.163666,13.630205,2039
8956,r6i1p1f1,2039,07,10,0.0,35.437706,14.265089,2039
8957,r6i1p1f1,2039,07,11,0.06087376188879366,33.69727,12.891738,2039
8958,r6i1p1f1,2039,07,12,0.024329502828687257,30.133923,10.079713,2039
8959,r6i1p1f1,2039,07,13,0.0,30.209497,10.845877,2039
8960,r6i1p1f1,2039,07,14,0.04651354539948481,31.531752,11.943216,2039
8961,r6i1p1f1,2039,07,15,0.2515181886638224,31.346539,9.769696,2039
8962,r6i1p1f1,2039,07,16,0.0,31.257921,10.955496,2039
8963,r6i1p1f1,2039,07,17,0.0,31.160406,10.948657,2039
8964,r6i1p1f1,2039,07,18,0.0,31.86044,11.368684,2039
8965,r6i1p1f1,2039,07,19,0.0,32.607815,11.015929,2039
8966,r6i1p1f1,2039,07,20,1.8462603379248563,32.26588,12.2082815,2039
8967,r6i1p1f1,2039,07,21,1.24805160043945,30.934599,11.217053,2039
8968,r6i1p1f1,2039,07,22,0.06548795186323281,28.781122,10.570943,2039
8969,r6i1p1f1,2039,07,23,1.8558437126414777,27.85735,8.549172,2039
8970,r6i1p1f1,2039,07,24,0.1295431716835982,27.746895,10.891715,2039
8971,r6i1p1f1,2039,07,25,0.015169740591218365,27.068213,10.429211,2039
8972,r6i1p1f1,2039,07,26,0.003090512932720241,27.123827,9.092159,2039
8973,r6i1p1f1,2039,07,27,0.0,29.775444,9.774968,2039
8974,r6i1p1f1,2039,07,28,0.0,30.99841,10.764121,2039
8975,r6i1p1f1,2039,07,29,0.0,32.60669,11.696638,2039
8976,r6i1p1f1,2039,07,30,0.006547545130995019,33.229412,12.159701,2039
8977,r6i1p1f1,2039,07,31,0.0,33.220646,12.032467,2039
8978,r6i1p1f1,2039,08,01,0.00460186597493187,31.711622,11.462097,2039
8979,r6i1p1f1,2039,08,02,0.0,31.331732,10.632291,2039
8980,r6i1p1f1,2039,08,03,0.0,34.36436,11.219666,2039
8981,r6i1p1f1,2039,08,04,0.0,34.58996,11.350805,2039
8982,r6i1p1f1,2039,08,05,0.0,31.942535,10.857753,2039
8983,r6i1p1f1,2039,08,06,0.0,30.38262,9.920653,2039
8984,r6i1p1f1,2039,08,07,0.0,29.681843,9.098602,2039
8985,r6i1p1f1,2039,08,08,0.0060169674420544736,28.784733,8.592422,2039
8986,r6i1p1f1,2039,08,09,0.49538266913502144,26.407486,7.868922,2039
8987,r6i1p1f1,2039,08,10,1.9185145679347175,27.813719,8.549081,2039
8988,r6i1p1f1,2039,08,11,0.0,29.288824,9.403215,2039
8989,r6i1p1f1,2039,08,12,0.0012172450376922795,30.466955,10.505409,2039
8990,r6i1p1f1,2039,08,13,0.0,31.453918,11.217988,2039
8991,r6i1p1f1,2039,08,14,0.0,32.45986,11.689901,2039
8992,r6i1p1f1,2039,08,15,0.002591398082681514,32.0591,12.214631,2039
8993,r6i1p1f1,2039,08,16,0.059112511053196364,29.706514,9.579524,2039
8994,r6i1p1f1,2039,08,17,0.0,25.5239,6.1375813,2039
8995,r6i1p1f1,2039,08,18,0.00539248218401218,27.071484,7.84294,2039
8996,r6i1p1f1,2039,08,19,0.0,30.442673,10.670142,2039
8997,r6i1p1f1,2039,08,20,0.0,33.010853,11.287346,2039
8998,r6i1p1f1,2039,08,21,0.0,33.830585,12.145116,2039
8999,r6i1p1f1,2039,08,22,0.0,33.85544,12.40815,2039
9000,r6i1p1f1,2039,08,23,0.0,34.42287,12.815063,2039
9001,r6i1p1f1,2039,08,24,0.0,34.367275,13.83462,2039
9002,r6i1p1f1,2039,08,25,4.211564338017735,32.220142,14.240237,2039
9003,r6i1p1f1,2039,08,26,0.25687541055667057,30.969324,10.590332,2039
9004,r6i1p1f1,2039,08,27,0.0,31.973473,10.423948,2039
9005,r6i1p1f1,2039,08,28,0.0,32.588024,11.696607,2039
9006,r6i1p1f1,2039,08,29,0.0,31.325127,10.250547,2039
9007,r6i1p1f1,2039,08,30,0.0,30.743164,11.012714,2039
9008,r6i1p1f1,2039,08,31,0.5705718451210456,28.797264,8.314335,2039
9009,r6i1p1f1,2039,09,01,0.12685231571831312,29.4471,10.965041,2039
9010,r6i1p1f1,2039,09,02,0.0,31.120981,12.454334,2039
9011,r6i1p1f1,2039,09,03,0.0,31.365309,11.935323,2039
9012,r6i1p1f1,2039,09,04,0.036467194245400965,30.97738,12.634373,2039
9013,r6i1p1f1,2039,09,05,4.154167492331952,22.159256,5.2261715,2039
9014,r6i1p1f1,2039,09,06,4.747715806097413,17.958284,2.7464623,2039
9015,r6i1p1f1,2039,09,07,0.005639639778018851,23.388634,5.2435436,2039
9016,r6i1p1f1,2039,09,08,0.0,29.351925,9.011869,2039
9017,r6i1p1f1,2039,09,09,0.0,30.764088,10.876745,2039
9018,r6i1p1f1,2039,09,10,0.0,23.695063,5.4659214,2039
9019,r6i1p1f1,2039,09,11,0.0,23.640429,3.3605568,2039
9020,r6i1p1f1,2039,09,12,0.012134100345472588,27.755535,7.30612,2039
9021,r6i1p1f1,2039,09,13,0.0,25.502693,6.47047,2039
9022,r6i1p1f1,2039,09,14,0.10493923181199774,16.860603,0.74466,2039
9023,r6i1p1f1,2039,09,15,0.03204519526928767,14.509268,-1.3552353,2039
9024,r6i1p1f1,2039,09,16,0.0,19.442982,0.038897794,2039
9025,r6i1p1f1,2039,09,17,0.0,20.05904,1.6619819,2039
9026,r6i1p1f1,2039,09,18,0.40563611915851305,20.22267,2.1591432,2039
9027,r6i1p1f1,2039,09,19,0.02809625067265295,20.308111,0.9579008,2039
9028,r6i1p1f1,2039,09,20,0.07682973827272235,20.470537,3.4520793,2039
9029,r6i1p1f1,2039,09,21,0.0,25.331268,5.169925,2039
9030,r6i1p1f1,2039,09,22,0.0,29.551214,9.345567,2039
9031,r6i1p1f1,2039,09,23,0.0,30.14554,8.737902,2039
9032,r6i1p1f1,2039,09,24,0.0,29.32204,9.104071,2039
9033,r6i1p1f1,2039,09,25,0.0,27.596582,9.302058,2039
9034,r6i1p1f1,2039,09,26,0.0,25.833246,7.498728,2039
9035,r6i1p1f1,2039,09,27,0.02564928064455118,23.336275,6.337996,2039
9036,r6i1p1f1,2039,09,28,0.0,28.762043,8.336342,2039
9037,r6i1p1f1,2039,09,29,0.0,28.907976,7.9107847,2039
9038,r6i1p1f1,2039,09,30,0.0,31.288933,10.58289,2039
9039,r6i1p1f1,2039,10,01,0.0,31.765282,12.127241,2039
9040,r6i1p1f1,2039,10,02,0.0,32.399956,10.84681,2039
9041,r6i1p1f1,2039,10,03,0.0,29.50587,9.562172,2039
9042,r6i1p1f1,2039,10,04,0.0,20.96386,1.7479949,2039
9043,r6i1p1f1,2039,10,05,0.0,16.667194,-0.8428035,2039
9044,r6i1p1f1,2039,10,06,0.0,22.434473,1.9831337,2039
9045,r6i1p1f1,2039,10,07,0.14257317504587871,21.330305,3.2317574,2039
9046,r6i1p1f1,2039,10,08,0.9366784176379437,17.139618,2.5516214,2039
9047,r6i1p1f1,2039,10,09,0.0,21.477482,1.1353366,2039
9048,r6i1p1f1,2039,10,10,0.0,24.06076,3.4224617,2039
9049,r6i1p1f1,2039,10,11,0.0,24.797222,4.3803067,2039
9050,r6i1p1f1,2039,10,12,0.0,26.475264,4.4104767,2039
9051,r6i1p1f1,2039,10,13,0.0,27.486382,5.773014,2039
9052,r6i1p1f1,2039,10,14,0.0,25.955526,5.565565,2039
9053,r6i1p1f1,2039,10,15,0.0,25.32387,4.377957,2039
9054,r6i1p1f1,2039,10,16,0.0,25.19565,4.2982354,2039
9055,r6i1p1f1,2039,10,17,0.00016997538062167429,21.349407,3.007697,2039
9056,r6i1p1f1,2039,10,18,0.0,21.891354,2.6008146,2039
9057,r6i1p1f1,2039,10,19,0.0,24.453918,3.4159086,2039
9058,r6i1p1f1,2039,10,20,0.0,26.335934,5.6115212,2039
9059,r6i1p1f1,2039,10,21,0.0,28.103552,6.5807314,2039
9060,r6i1p1f1,2039,10,22,0.0,28.036272,7.830352,2039
9061,r6i1p1f1,2039,10,23,0.0,26.556814,6.880325,2039
9062,r6i1p1f1,2039,10,24,0.0,24.411816,7.6297655,2039
9063,r6i1p1f1,2039,10,25,0.0,26.47369,6.475545,2039
9064,r6i1p1f1,2039,10,26,0.0,28.303532,8.100058,2039
9065,r6i1p1f1,2039,10,27,0.0,28.652168,8.14975,2039
9066,r6i1p1f1,2039,10,28,0.0,26.228235,6.771657,2039
9067,r6i1p1f1,2039,10,29,0.0,23.589808,4.829243,2039
9068,r6i1p1f1,2039,10,30,0.21740491164010778,21.950964,4.109879,2039
9069,r6i1p1f1,2039,10,31,0.0,17.613972,1.7558278,2039
9070,r6i1p1f1,2039,11,01,0.0,20.15626,0.78410274,2039
9071,r6i1p1f1,2039,11,02,0.22681208337636277,18.264706,1.0705664,2039
9072,r6i1p1f1,2039,11,03,0.9694285076926207,13.391692,1.895269,2039
9073,r6i1p1f1,2039,11,04,22.069351831575812,10.257558,2.9927568,2039
9074,r6i1p1f1,2039,11,05,4.611777510127093,8.095162,-2.8761666,2039
9075,r6i1p1f1,2039,11,06,19.35689208547217,6.583484,-1.6825125,2039
9076,r6i1p1f1,2039,11,07,20.33412408503303,6.7904124,-0.92708594,2039
9077,r6i1p1f1,2039,11,08,24.533645506874002,6.9486165,-1.2149559,2039
9078,r6i1p1f1,2039,11,09,8.150959993833398,8.276811,-4.537802,2039
9079,r6i1p1f1,2039,11,10,4.773705275163069,12.276805,4.154155,2039
9080,r6i1p1f1,2039,11,11,3.935523102325947,10.453085,3.8302846,2039
9081,r6i1p1f1,2039,11,12,0.12967848256658046,9.67971,2.6370394,2039
9082,r6i1p1f1,2039,11,13,0.7892962968357828,10.191419,3.4535143,2039
9083,r6i1p1f1,2039,11,14,0.0,12.048945,0.4969824,2039
9084,r6i1p1f1,2039,11,15,0.15608120989887278,8.710936,1.1191254,2039
9085,r6i1p1f1,2039,11,16,0.8603925367645071,9.924848,2.403597,2039
9086,r6i1p1f1,2039,11,17,0.0,14.480643,-1.7612756,2039
9087,r6i1p1f1,2039,11,18,0.0,14.976506,-0.36402026,2039
9088,r6i1p1f1,2039,11,19,0.015105372602154886,12.30813,-1.0280931,2039
9089,r6i1p1f1,2039,11,20,1.138864620498451,8.502548,2.733351,2039
9090,r6i1p1f1,2039,11,21,15.550882365315028,9.094019,3.1915696,2039
9091,r6i1p1f1,2039,11,22,8.145051079632804,8.520245,-2.7190297,2039
9092,r6i1p1f1,2039,11,23,0.003703664765295158,9.374073,-5.0033865,2039
9093,r6i1p1f1,2039,11,24,0.0,9.345923,-5.0962934,2039
9094,r6i1p1f1,2039,11,25,0.0,10.421069,-3.7021165,2039
9095,r6i1p1f1,2039,11,26,0.022747591753406394,7.736189,-3.8712158,2039
9096,r6i1p1f1,2039,11,27,0.0,10.764147,-2.1353073,2039
9097,r6i1p1f1,2039,11,28,1.900216693247046,9.56476,-1.488657,2039
9098,r6i1p1f1,2039,11,29,0.5171129512043158,10.2140045,-0.85254264,2039
9099,r6i1p1f1,2039,11,30,0.0,14.879979,-3.056429,2039
9100,r6i1p1f1,2039,12,01,0.0,12.063651,0.5944925,2039
9101,r6i1p1f1,2039,12,02,0.0,13.405753,0.14801946,2039
9102,r6i1p1f1,2039,12,03,0.0,13.719469,-0.3808942,2039
9103,r6i1p1f1,2039,12,04,0.0,14.494156,0.30006292,2039
9104,r6i1p1f1,2039,12,05,0.0,13.76077,-0.62582415,2039
9105,r6i1p1f1,2039,12,06,0.0003949192908521217,12.677043,0.6199504,2039
9106,r6i1p1f1,2039,12,07,3.10653908342874,6.5636253,0.39697164,2039
9107,r6i1p1f1,2039,12,08,13.003524918874371,4.4674997,-1.8502272,2039
9108,r6i1p1f1,2039,12,09,38.015383832455754,6.8031387,-2.4698982,2039
9109,r6i1p1f1,2039,12,10,3.9676367925353593,4.064439,-2.4087143,2039
9110,r6i1p1f1,2039,12,11,21.18546958687767,3.6900096,-3.5140517,2039
9111,r6i1p1f1,2039,12,12,21.14887887339559,1.9693646,-4.3324447,2039
9112,r6i1p1f1,2039,12,13,14.505654867009108,4.9781013,-6.844792,2039
9113,r6i1p1f1,2039,12,14,30.677635800458336,5.9366975,-4.3311605,2039
9114,r6i1p1f1,2039,12,15,24.735151200877272,10.654858,0.65568304,2039
9115,r6i1p1f1,2039,12,16,0.0003710816594916891,8.87581,-3.1194339,2039
9116,r6i1p1f1,2039,12,17,0.0,10.490755,-4.8327994,2039
9117,r6i1p1f1,2039,12,18,0.9202044225391246,6.2466397,-1.8200563,2039
9118,r6i1p1f1,2039,12,19,5.695844323775563,8.418761,2.5414596,2039
9119,r6i1p1f1,2039,12,20,4.318238364638583,6.9619594,-1.9606616,2039
9120,r6i1p1f1,2039,12,21,1.2104244342875965,6.1074066,-3.4523065,2039
9121,r6i1p1f1,2039,12,22,12.969397376841098,10.743875,1.9197011,2039
9122,r6i1p1f1,2039,12,23,13.876236188252514,10.107855,-1.1980455,2039
9123,r6i1p1f1,2039,12,24,1.0039994003504698,1.9668373,-10.591836,2039
9124,r6i1p1f1,2039,12,25,0.11131992345626018,-1.7598722,-11.216341,2039
9125,r6i1p1f1,2039,12,26,0.1565396865030314,-2.5441096,-11.652678,2039
9126,r6i1p1f1,2039,12,27,0.0,-5.7363825,-18.118116,2039
9127,r6i1p1f1,2039,12,28,0.0,-4.9727216,-19.348228,2039
9128,r6i1p1f1,2039,12,29,0.0,2.2173946,-11.128054,2039
9129,r6i1p1f1,2039,12,30,0.029078670857567664,1.6299876,-8.822678,2039
9130,r6i1p1f1,2039,12,31,1.9667364816521835,0.3932191,-7.175404,2039
9131,r6i1p1f1,2040,01,01,19.757262223436047,3.0911062,-3.814329,2040
9132,r6i1p1f1,2040,01,02,4.0696084228440785,3.1495886,-3.4893188,2040
9133,r6i1p1f1,2040,01,03,30.64907410701063,3.8216543,-2.3943236,2040
9134,r6i1p1f1,2040,01,04,20.036290463748617,5.1692047,-0.8510989,2040
9135,r6i1p1f1,2040,01,05,19.04083586147106,3.808979,-2.474709,2040
9136,r6i1p1f1,2040,01,06,0.00676258838009434,5.9823904,-7.283645,2040
9137,r6i1p1f1,2040,01,07,0.02387850859406778,8.149384,-3.1266901,2040
9138,r6i1p1f1,2040,01,08,0.002252081025069264,7.580904,-0.6611667,2040
9139,r6i1p1f1,2040,01,09,0.0,8.268498,-5.6990986,2040
9140,r6i1p1f1,2040,01,10,0.0,8.565469,-5.181344,2040
9141,r6i1p1f1,2040,01,11,0.07102088301455062,8.3974495,0.37625214,2040
9142,r6i1p1f1,2040,01,12,0.0,7.6509647,0.5581002,2040
9143,r6i1p1f1,2040,01,13,0.0,7.4031444,-4.8971457,2040
9144,r6i1p1f1,2040,01,14,0.0,6.0023403,-5.434837,2040
9145,r6i1p1f1,2040,01,15,0.0,5.5135226,-7.0600405,2040
9146,r6i1p1f1,2040,01,16,0.009716165869323539,6.5499635,-5.7532806,2040
9147,r6i1p1f1,2040,01,17,0.0,4.6555076,-6.176558,2040
9148,r6i1p1f1,2040,01,18,0.0,-1.6466148,-13.0947895,2040
9149,r6i1p1f1,2040,01,19,0.0,0.3952621,-11.472202,2040
9150,r6i1p1f1,2040,01,20,0.0,0.87847936,-8.572473,2040
9151,r6i1p1f1,2040,01,21,0.0,2.5307722,-8.993387,2040
9152,r6i1p1f1,2040,01,22,9.986434266387395,0.98921144,-6.541932,2040
9153,r6i1p1f1,2040,01,23,24.01917441943573,0.6984609,-7.496589,2040
9154,r6i1p1f1,2040,01,24,5.201099235719089,-2.0222335,-9.592816,2040
9155,r6i1p1f1,2040,01,25,4.530059800119006,2.76476,-12.7216625,2040
9156,r6i1p1f1,2040,01,26,4.021293100289114,4.109829,-5.864223,2040
9157,r6i1p1f1,2040,01,27,0.0,6.3986845,-10.555977,2040
9158,r6i1p1f1,2040,01,28,2.3786921706404125,2.449306,-11.028086,2040
9159,r6i1p1f1,2040,01,29,14.781981223112242,0.8634127,-8.621705,2040
9160,r6i1p1f1,2040,01,30,2.9129726662938555,-0.33909428,-10.360957,2040
9161,r6i1p1f1,2040,01,31,11.95381558377733,1.0917039,-10.792092,2040
9162,r6i1p1f1,2040,02,01,0.058721200431214114,1.0410309,-14.345324,2040
9163,r6i1p1f1,2040,02,02,0.12738230546690713,1.383577,-11.678669,2040
9164,r6i1p1f1,2040,02,03,0.0,1.7423257,-14.876721,2040
9165,r6i1p1f1,2040,02,04,0.0,2.4215825,-13.217812,2040
9166,r6i1p1f1,2040,02,05,0.04208379249707689,2.0187836,-9.187312,2040
9167,r6i1p1f1,2040,02,06,0.0,2.4346755,-13.5817,2040
9168,r6i1p1f1,2040,02,07,0.0,1.8218961,-15.538582,2040
9169,r6i1p1f1,2040,02,08,0.006402753364088318,1.6124395,-13.138175,2040
9170,r6i1p1f1,2040,02,09,40.214312662065026,11.753196,-5.0082583,2040
9171,r6i1p1f1,2040,02,10,46.227329869916446,9.613964,1.1304178,2040
9172,r6i1p1f1,2040,02,11,30.02076312874048,8.362419,-0.81686324,2040
9173,r6i1p1f1,2040,02,12,20.204421267909446,10.070589,-1.8896607,2040
9174,r6i1p1f1,2040,02,13,10.316890094813687,7.5293846,-2.0239685,2040
9175,r6i1p1f1,2040,02,14,26.787889491814475,6.6174664,-1.9644116,2040
9176,r6i1p1f1,2040,02,15,7.7612462978354175,4.6575456,-2.4823027,2040
9177,r6i1p1f1,2040,02,16,4.122763678171171,0.14614856,-8.349829,2040
9178,r6i1p1f1,2040,02,17,0.12444815671792535,2.9420357,-9.580685,2040
9179,r6i1p1f1,2040,02,18,0.0,5.2926025,-8.686887,2040
9180,r6i1p1f1,2040,02,19,0.0,5.0540714,-5.2846923,2040
9181,r6i1p1f1,2040,02,20,3.175680106953353,3.2575736,-4.642214,2040
9182,r6i1p1f1,2040,02,21,1.2676269747029065,9.188798,-2.9378173,2040
9183,r6i1p1f1,2040,02,22,0.0026729846374942603,9.835062,-4.561495,2040
9184,r6i1p1f1,2040,02,23,2.1042478318642575,7.6676826,-1.0700165,2040
9185,r6i1p1f1,2040,02,24,0.0,6.2821884,-6.952832,2040
9186,r6i1p1f1,2040,02,25,0.0,8.463518,-6.5053678,2040
9187,r6i1p1f1,2040,02,26,0.0,10.574107,-2.0972574,2040
9188,r6i1p1f1,2040,02,27,0.0,11.232779,-2.4361427,2040
9189,r6i1p1f1,2040,02,28,0.0,13.991385,-1.1006621,2040
9190,r6i1p1f1,2040,02,29,0.0,14.828063,0.32320675,2040
9191,r6i1p1f1,2040,03,01,0.0,16.921152,-1.6711179,2040
9192,r6i1p1f1,2040,03,02,0.0,17.361456,-1.003475,2040
9193,r6i1p1f1,2040,03,03,0.0,17.105345,0.44466385,2040
9194,r6i1p1f1,2040,03,04,0.0,14.870622,-1.9313405,2040
9195,r6i1p1f1,2040,03,05,0.0,15.172538,-1.5092372,2040
9196,r6i1p1f1,2040,03,06,0.0,16.512968,-1.0535816,2040
9197,r6i1p1f1,2040,03,07,0.0,17.00052,0.4843558,2040
9198,r6i1p1f1,2040,03,08,7.295386367461455,9.440726,-4.940694,2040
9199,r6i1p1f1,2040,03,09,23.638507533609857,6.1222396,-1.8286543,2040
9200,r6i1p1f1,2040,03,10,13.52678872700589,5.0178204,-1.4572805,2040
9201,r6i1p1f1,2040,03,11,0.2005529871152606,9.233049,-0.9901577,2040
9202,r6i1p1f1,2040,03,12,0.0,12.762986,-3.0052142,2040
9203,r6i1p1f1,2040,03,13,8.541041079621756,6.612113,-2.7937973,2040
9204,r6i1p1f1,2040,03,14,0.0,8.466614,-7.165569,2040
9205,r6i1p1f1,2040,03,15,0.0,12.962281,-3.9910295,2040
9206,r6i1p1f1,2040,03,16,0.0009435996793898421,14.139349,0.15009592,2040
9207,r6i1p1f1,2040,03,17,0.06301434569255927,18.054647,-0.3671952,2040
9208,r6i1p1f1,2040,03,18,0.0,17.868092,0.62515616,2040
9209,r6i1p1f1,2040,03,19,0.4253695670884253,12.170712,0.023396363,2040
9210,r6i1p1f1,2040,03,20,0.0010962623007493995,14.984711,1.7002136,2040
9211,r6i1p1f1,2040,03,21,0.0,18.568499,-1.3951283,2040
9212,r6i1p1f1,2040,03,22,0.0,21.827608,2.6848176,2040
9213,r6i1p1f1,2040,03,23,0.0,23.7146,5.423271,2040
9214,r6i1p1f1,2040,03,24,0.0,22.808477,4.354574,2040
9215,r6i1p1f1,2040,03,25,0.0,16.587103,-2.388123,2040
9216,r6i1p1f1,2040,03,26,0.0,12.158935,-6.369345,2040
9217,r6i1p1f1,2040,03,27,0.0,10.806533,-5.068471,2040
9218,r6i1p1f1,2040,03,28,0.17816217158238998,8.429623,-0.86959594,2040
9219,r6i1p1f1,2040,03,29,8.878394099446245,7.5864115,-1.6347771,2040
9220,r6i1p1f1,2040,03,30,17.202977521192945,1.5033709,-5.345466,2040
9221,r6i1p1f1,2040,03,31,1.016284914971075,3.4544952,-10.8216305,2040
9222,r6i1p1f1,2040,04,01,1.4750897595496657,2.9184234,-12.172905,2040
9223,r6i1p1f1,2040,04,02,12.052267512842931,7.304688,-7.3598585,2040
9224,r6i1p1f1,2040,04,03,42.45193857104303,4.674533,-2.4244714,2040
9225,r6i1p1f1,2040,04,04,8.870473066667472,9.31214,-2.8940349,2040
9226,r6i1p1f1,2040,04,05,20.30027251430574,9.177356,-1.6934222,2040
9227,r6i1p1f1,2040,04,06,35.85704115724654,10.210718,-1.9539397,2040
9228,r6i1p1f1,2040,04,07,18.785119311440287,8.200444,-5.701819,2040
9229,r6i1p1f1,2040,04,08,0.19797017539968717,4.191795,-8.207488,2040
9230,r6i1p1f1,2040,04,09,0.0,10.475077,-5.7546444,2040
9231,r6i1p1f1,2040,04,10,0.0,18.018047,-2.639195,2040
9232,r6i1p1f1,2040,04,11,0.0,17.276423,-0.38784596,2040
9233,r6i1p1f1,2040,04,12,0.0,16.651377,-0.5985664,2040
9234,r6i1p1f1,2040,04,13,0.002302607639136718,17.162188,-0.033946116,2040
9235,r6i1p1f1,2040,04,14,0.0,21.362518,1.6276661,2040
9236,r6i1p1f1,2040,04,15,0.0,22.526487,5.291234,2040
9237,r6i1p1f1,2040,04,16,0.1699025341533517,18.594103,1.2673817,2040
9238,r6i1p1f1,2040,04,17,0.0003712009396003014,15.390912,-2.1057482,2040
9239,r6i1p1f1,2040,04,18,0.0,15.947319,0.13310936,2040
9240,r6i1p1f1,2040,04,19,6.028220968381188,13.976669,-2.8164299,2040
9241,r6i1p1f1,2040,04,20,4.199668063621602,9.678397,-0.48177016,2040
9242,r6i1p1f1,2040,04,21,0.0,15.594251,-2.5695388,2040
9243,r6i1p1f1,2040,04,22,0.0,16.064655,-2.4599404,2040
9244,r6i1p1f1,2040,04,23,0.0,16.419397,1.6938826,2040
9245,r6i1p1f1,2040,04,24,1.2477117131441178,17.544315,-1.7680871,2040
9246,r6i1p1f1,2040,04,25,0.0034978265722517676,19.993885,2.7697673,2040
9247,r6i1p1f1,2040,04,26,0.014815522268970005,19.243649,2.4029503,2040
9248,r6i1p1f1,2040,04,27,0.0486023570844587,21.365978,4.2882743,2040
9249,r6i1p1f1,2040,04,28,0.0,23.334112,3.6995032,2040
9250,r6i1p1f1,2040,04,29,0.010025926333975185,21.267397,3.409167,2040
9251,r6i1p1f1,2040,04,30,11.372570360512247,9.850418,0.56459755,2040
9252,r6i1p1f1,2040,05,01,3.5602672008707246,9.615351,-4.0172434,2040
9253,r6i1p1f1,2040,05,02,0.0,17.927973,-0.4068327,2040
9254,r6i1p1f1,2040,05,03,0.0,24.75563,3.4713342,2040
9255,r6i1p1f1,2040,05,04,0.0,27.869165,6.7306128,2040
9256,r6i1p1f1,2040,05,05,0.0,28.460482,8.096809,2040
9257,r6i1p1f1,2040,05,06,0.0,21.482683,0.07087405,2040
9258,r6i1p1f1,2040,05,07,0.0,20.01629,-0.092125274,2040
9259,r6i1p1f1,2040,05,08,0.0,23.906328,2.8417618,2040
9260,r6i1p1f1,2040,05,09,0.0,25.07594,7.2627087,2040
9261,r6i1p1f1,2040,05,10,0.0,24.630356,4.9959936,2040
9262,r6i1p1f1,2040,05,11,0.0,19.717949,1.2581683,2040
9263,r6i1p1f1,2040,05,12,0.020353385432677333,18.495678,0.22570106,2040
9264,r6i1p1f1,2040,05,13,0.0,22.520462,3.5749576,2040
9265,r6i1p1f1,2040,05,14,5.473826337179743,17.580576,0.75753635,2040
9266,r6i1p1f1,2040,05,15,0.3247621753976983,19.592308,0.7833232,2040
9267,r6i1p1f1,2040,05,16,0.0,29.077154,7.3342266,2040
9268,r6i1p1f1,2040,05,17,0.0,29.094442,8.988267,2040
9269,r6i1p1f1,2040,05,18,0.3952944477696399,27.953583,7.1413546,2040
9270,r6i1p1f1,2040,05,19,2.9864212661013707,20.479887,1.6602602,2040
9271,r6i1p1f1,2040,05,20,0.7880078248549768,26.554972,7.5934777,2040
9272,r6i1p1f1,2040,05,21,0.0,30.12729,9.441285,2040
9273,r6i1p1f1,2040,05,22,0.0,28.787083,8.449217,2040
9274,r6i1p1f1,2040,05,23,0.6113523739378689,24.691177,6.8081517,2040
9275,r6i1p1f1,2040,05,24,0.0,28.168432,8.498412,2040
9276,r6i1p1f1,2040,05,25,0.015739505128205253,28.44808,10.34954,2040
9277,r6i1p1f1,2040,05,26,1.7445461318528666,28.08317,9.243755,2040
9278,r6i1p1f1,2040,05,27,0.0052003901821916065,28.823227,10.03734,2040
9279,r6i1p1f1,2040,05,28,0.5705021361519079,25.626638,7.0597725,2040
9280,r6i1p1f1,2040,05,29,2.484940379658988,18.82473,2.1341329,2040
9281,r6i1p1f1,2040,05,30,0.0,23.056435,4.4027414,2040
9282,r6i1p1f1,2040,05,31,0.0,22.89212,6.932727,2040
9283,r6i1p1f1,2040,06,01,0.03532554365968357,20.286123,7.0156155,2040
9284,r6i1p1f1,2040,06,02,0.0,20.07651,1.3222808,2040
9285,r6i1p1f1,2040,06,03,0.0,22.41765,3.1458697,2040
9286,r6i1p1f1,2040,06,04,0.0,26.619883,7.808881,2040
9287,r6i1p1f1,2040,06,05,0.0,27.037334,7.393141,2040
9288,r6i1p1f1,2040,06,06,0.0,26.701355,6.9791403,2040
9289,r6i1p1f1,2040,06,07,0.7016068675143169,26.35256,8.212012,2040
9290,r6i1p1f1,2040,06,08,0.44782345111577415,25.528322,6.773472,2040
9291,r6i1p1f1,2040,06,09,3.156331611273562,17.78897,-1.4481167,2040
9292,r6i1p1f1,2040,06,10,0.05813951530670939,18.243774,1.1227094,2040
9293,r6i1p1f1,2040,06,11,0.0,24.471466,5.459304,2040
9294,r6i1p1f1,2040,06,12,0.0,25.937271,5.9840255,2040
9295,r6i1p1f1,2040,06,13,1.2183570183766765,22.289516,2.1497335,2040
9296,r6i1p1f1,2040,06,14,0.0011635349695344284,23.157959,5.1675563,2040
9297,r6i1p1f1,2040,06,15,0.0,24.814137,4.547886,2040
9298,r6i1p1f1,2040,06,16,0.0,26.800833,7.2887154,2040
9299,r6i1p1f1,2040,06,17,0.0,28.026403,7.858921,2040
9300,r6i1p1f1,2040,06,18,0.0,29.977152,9.27657,2040
9301,r6i1p1f1,2040,06,19,0.0,30.740007,10.794214,2040
9302,r6i1p1f1,2040,06,20,0.0,31.231932,10.931824,2040
9303,r6i1p1f1,2040,06,21,0.0,30.96207,10.051921,2040
9304,r6i1p1f1,2040,06,22,0.0,30.166857,9.383043,2040
9305,r6i1p1f1,2040,06,23,0.0,31.191133,10.720631,2040
9306,r6i1p1f1,2040,06,24,0.0,32.809372,12.989684,2040
9307,r6i1p1f1,2040,06,25,0.0,34.655415,14.164781,2040
9308,r6i1p1f1,2040,06,26,0.0,35.33798,15.479442,2040
9309,r6i1p1f1,2040,06,27,0.0,34.853508,14.24117,2040
9310,r6i1p1f1,2040,06,28,0.0,32.13287,11.715178,2040
9311,r6i1p1f1,2040,06,29,0.0,29.212307,9.300769,2040
9312,r6i1p1f1,2040,06,30,0.0,28.943851,9.082787,2040
9313,r6i1p1f1,2040,07,01,0.0,28.89936,6.750948,2040
9314,r6i1p1f1,2040,07,02,0.0,32.58355,10.313205,2040
9315,r6i1p1f1,2040,07,03,0.0,32.57192,9.918142,2040
9316,r6i1p1f1,2040,07,04,0.0,31.419575,8.751196,2040
9317,r6i1p1f1,2040,07,05,0.0,30.262209,8.462881,2040
9318,r6i1p1f1,2040,07,06,0.12044589976636744,26.838762,6.51161,2040
9319,r6i1p1f1,2040,07,07,0.2211652417044659,19.548098,3.3418355,2040
9320,r6i1p1f1,2040,07,08,0.0,25.600794,3.1642864,2040
9321,r6i1p1f1,2040,07,09,0.0,31.15978,7.8248014,2040
9322,r6i1p1f1,2040,07,10,0.0,31.457266,10.672604,2040
9323,r6i1p1f1,2040,07,11,0.0,32.488625,11.308479,2040
9324,r6i1p1f1,2040,07,12,0.0,33.057095,11.09878,2040
9325,r6i1p1f1,2040,07,13,0.0,30.745743,11.145186,2040
9326,r6i1p1f1,2040,07,14,0.0,29.9625,8.112586,2040
9327,r6i1p1f1,2040,07,15,0.0,29.637394,7.911283,2040
9328,r6i1p1f1,2040,07,16,0.0,27.982557,7.3702974,2040
9329,r6i1p1f1,2040,07,17,0.0,27.970932,7.386156,2040
9330,r6i1p1f1,2040,07,18,0.0,27.666733,8.410277,2040
9331,r6i1p1f1,2040,07,19,0.0007536587179711866,26.79591,9.102524,2040
9332,r6i1p1f1,2040,07,20,0.3696238269920399,27.333088,9.425613,2040
9333,r6i1p1f1,2040,07,21,0.0,30.823065,9.073636,2040
9334,r6i1p1f1,2040,07,22,0.0,33.991188,11.721958,2040
9335,r6i1p1f1,2040,07,23,0.0,35.39836,13.67707,2040
9336,r6i1p1f1,2040,07,24,0.0,35.994324,14.45394,2040
9337,r6i1p1f1,2040,07,25,0.0,37.46185,14.8264885,2040
9338,r6i1p1f1,2040,07,26,0.0,37.455067,15.75131,2040
9339,r6i1p1f1,2040,07,27,0.0,34.76675,13.393335,2040
9340,r6i1p1f1,2040,07,28,0.0013381356180793363,32.259064,11.372363,2040
9341,r6i1p1f1,2040,07,29,0.0,31.377678,10.757063,2040
9342,r6i1p1f1,2040,07,30,0.6867791892002963,32.08412,12.317657,2040
9343,r6i1p1f1,2040,07,31,0.0010546604774004811,32.795242,13.950935,2040
9344,r6i1p1f1,2040,08,01,0.0,32.65065,11.444822,2040
9345,r6i1p1f1,2040,08,02,0.0027972914310613224,30.733559,10.036513,2040
9346,r6i1p1f1,2040,08,03,0.0,30.15539,9.75625,2040
9347,r6i1p1f1,2040,08,04,0.0,30.592411,10.248917,2040
9348,r6i1p1f1,2040,08,05,0.0008750844143191925,31.00114,10.532067,2040
9349,r6i1p1f1,2040,08,06,0.0,30.956743,10.185809,2040
9350,r6i1p1f1,2040,08,07,0.0,31.610939,11.30344,2040
9351,r6i1p1f1,2040,08,08,0.0,30.286396,10.020299,2040
9352,r6i1p1f1,2040,08,09,0.0,29.998013,9.227392,2040
9353,r6i1p1f1,2040,08,10,0.006433017978112187,29.288757,8.580803,2040
9354,r6i1p1f1,2040,08,11,0.0,27.344925,7.189742,2040
9355,r6i1p1f1,2040,08,12,0.0,29.395405,9.0389185,2040
9356,r6i1p1f1,2040,08,13,0.0,32.947315,10.585964,2040
9357,r6i1p1f1,2040,08,14,0.0,33.22306,12.373518,2040
9358,r6i1p1f1,2040,08,15,0.0,33.16568,11.783638,2040
9359,r6i1p1f1,2040,08,16,0.0,32.020363,10.1367855,2040
9360,r6i1p1f1,2040,08,17,0.0,30.07709,9.5513735,2040
9361,r6i1p1f1,2040,08,18,0.0,29.595337,9.233156,2040
9362,r6i1p1f1,2040,08,19,0.6782793722283205,25.032862,4.379307,2040
9363,r6i1p1f1,2040,08,20,0.4842496829585867,23.755392,5.4641066,2040
9364,r6i1p1f1,2040,08,21,0.0,24.21769,5.7079787,2040
9365,r6i1p1f1,2040,08,22,0.0,23.545305,4.4354997,2040
9366,r6i1p1f1,2040,08,23,0.0,25.593317,5.623428,2040
9367,r6i1p1f1,2040,08,24,0.0,29.586939,7.696516,2040
9368,r6i1p1f1,2040,08,25,0.16395821466030785,29.169361,7.4056396,2040
9369,r6i1p1f1,2040,08,26,4.477830362220352,24.852602,4.547724,2040
9370,r6i1p1f1,2040,08,27,0.36927444041585883,26.595894,6.4482603,2040
9371,r6i1p1f1,2040,08,28,0.0270395708831028,29.188911,8.278688,2040
9372,r6i1p1f1,2040,08,29,0.0,31.773033,9.818982,2040
9373,r6i1p1f1,2040,08,30,0.0,33.29181,10.962272,2040
9374,r6i1p1f1,2040,08,31,0.0,32.924263,10.5092125,2040
9375,r6i1p1f1,2040,09,01,0.013643400097595113,29.626131,11.710213,2040
9376,r6i1p1f1,2040,09,02,0.05891316126258317,28.255081,9.401424,2040
9377,r6i1p1f1,2040,09,03,0.0,27.952316,6.994746,2040
9378,r6i1p1f1,2040,09,04,0.0,29.814808,8.557208,2040
9379,r6i1p1f1,2040,09,05,0.0,31.266531,9.141906,2040
9380,r6i1p1f1,2040,09,06,0.0,30.083038,9.643557,2040
9381,r6i1p1f1,2040,09,07,2.5070166109521126,27.16072,8.984665,2040
9382,r6i1p1f1,2040,09,08,0.4619951307265432,27.333096,7.690175,2040
9383,r6i1p1f1,2040,09,09,0.0465458655945182,28.817213,9.42148,2040
9384,r6i1p1f1,2040,09,10,0.2574907990934027,25.86289,7.0909157,2040
9385,r6i1p1f1,2040,09,11,4.841993213012892,17.566452,2.536403,2040
9386,r6i1p1f1,2040,09,12,15.516805259067489,17.27752,2.365666,2040
9387,r6i1p1f1,2040,09,13,0.0,25.305613,5.67028,2040
9388,r6i1p1f1,2040,09,14,0.0,28.385702,8.604888,2040
9389,r6i1p1f1,2040,09,15,0.0,27.923248,8.483074,2040
9390,r6i1p1f1,2040,09,16,0.013360583188029913,26.229013,8.696792,2040
9391,r6i1p1f1,2040,09,17,0.0,26.662851,8.526607,2040
9392,r6i1p1f1,2040,09,18,0.0,30.405918,11.831509,2040
9393,r6i1p1f1,2040,09,19,0.0,29.453892,9.6282425,2040
9394,r6i1p1f1,2040,09,20,0.0,25.241213,8.001217,2040
9395,r6i1p1f1,2040,09,21,0.0,25.730808,6.8457932,2040
9396,r6i1p1f1,2040,09,22,0.0,30.2573,11.3976555,2040
9397,r6i1p1f1,2040,09,23,0.0,32.66049,13.657509,2040
9398,r6i1p1f1,2040,09,24,0.0,32.96982,10.549682,2040
9399,r6i1p1f1,2040,09,25,0.0,30.22025,9.77569,2040
9400,r6i1p1f1,2040,09,26,0.0,22.906576,5.4000397,2040
9401,r6i1p1f1,2040,09,27,0.0,20.427914,2.8317573,2040
9402,r6i1p1f1,2040,09,28,0.0,24.768314,5.2406907,2040
9403,r6i1p1f1,2040,09,29,0.002201105020482358,26.444553,6.124957,2040
9404,r6i1p1f1,2040,09,30,0.0,21.907967,4.269307,2040
9405,r6i1p1f1,2040,10,01,0.05838170006846895,22.072208,3.0094123,2040
9406,r6i1p1f1,2040,10,02,0.0,15.238228,-1.0367098,2040
9407,r6i1p1f1,2040,10,03,0.0,12.658373,-3.6548715,2040
9408,r6i1p1f1,2040,10,04,0.0,15.698903,-3.7919343,2040
9409,r6i1p1f1,2040,10,05,0.0,21.381882,0.5342785,2040
9410,r6i1p1f1,2040,10,06,0.0,26.696873,5.62363,2040
9411,r6i1p1f1,2040,10,07,0.0,28.798338,8.833893,2040
9412,r6i1p1f1,2040,10,08,0.0,25.733429,7.882539,2040
9413,r6i1p1f1,2040,10,09,0.0,19.2955,0.27996367,2040
9414,r6i1p1f1,2040,10,10,0.004858105879302719,17.51858,-0.036010742,2040
9415,r6i1p1f1,2040,10,11,0.0,20.117584,1.4747717,2040
9416,r6i1p1f1,2040,10,12,0.0,24.980925,5.205375,2040
9417,r6i1p1f1,2040,10,13,0.0,25.186565,4.890533,2040
9418,r6i1p1f1,2040,10,14,0.0,25.560059,4.781726,2040
9419,r6i1p1f1,2040,10,15,0.0,26.771324,7.174247,2040
9420,r6i1p1f1,2040,10,16,0.0,25.730082,4.4046717,2040
9421,r6i1p1f1,2040,10,17,0.0,25.416506,4.7773757,2040
9422,r6i1p1f1,2040,10,18,0.0,22.105396,1.5073258,2040
9423,r6i1p1f1,2040,10,19,0.07497577504927797,19.492506,2.9972024,2040
9424,r6i1p1f1,2040,10,20,0.0,18.962746,1.2134296,2040
9425,r6i1p1f1,2040,10,21,0.02942521561620103,17.92746,1.7227165,2040
9426,r6i1p1f1,2040,10,22,0.0014479149181250422,17.661905,2.4966748,2040
9427,r6i1p1f1,2040,10,23,0.0,20.094322,-0.5677285,2040
9428,r6i1p1f1,2040,10,24,0.0,21.358072,2.240643,2040
9429,r6i1p1f1,2040,10,25,21.815143140748553,17.10946,2.6176755,2040
9430,r6i1p1f1,2040,10,26,15.018356724735611,11.7389965,5.300231,2040
9431,r6i1p1f1,2040,10,27,4.601595521322483,12.065617,1.6474497,2040
9432,r6i1p1f1,2040,10,28,0.0009890505325378684,12.462515,1.9384737,2040
9433,r6i1p1f1,2040,10,29,0.007844951919308365,14.797894,4.359527,2040
9434,r6i1p1f1,2040,10,30,0.0,22.705177,5.767191,2040
9435,r6i1p1f1,2040,10,31,0.0,23.765112,6.1364636,2040
9436,r6i1p1f1,2040,11,01,0.0010586057271696886,21.534132,4.882687,2040
9437,r6i1p1f1,2040,11,02,0.0,19.304802,2.0748384,2040
9438,r6i1p1f1,2040,11,03,0.0,18.557535,2.3861206,2040
9439,r6i1p1f1,2040,11,04,0.0,17.709213,2.059231,2040
9440,r6i1p1f1,2040,11,05,6.115688383968232,14.690594,2.0325294,2040
9441,r6i1p1f1,2040,11,06,26.84150034899333,9.624076,2.7540438,2040
9442,r6i1p1f1,2040,11,07,6.69018582864116,7.3063817,0.47677112,2040
9443,r6i1p1f1,2040,11,08,0.37404718725655983,8.035093,-5.2121773,2040
9444,r6i1p1f1,2040,11,09,0.0,10.436042,-5.521341,2040
9445,r6i1p1f1,2040,11,10,0.0,11.200989,-2.6171787,2040
9446,r6i1p1f1,2040,11,11,0.03050820461147015,10.683281,-1.5309587,2040
9447,r6i1p1f1,2040,11,12,22.073782429043654,7.422407,-1.8283211,2040
9448,r6i1p1f1,2040,11,13,29.44285132185412,8.465652,-1.9348557,2040
9449,r6i1p1f1,2040,11,14,29.80588614116613,8.506981,-0.185177,2040
9450,r6i1p1f1,2040,11,15,11.616826153558387,7.207851,1.2700036,2040
9451,r6i1p1f1,2040,11,16,3.415001951114834,9.469191,-0.32198805,2040
9452,r6i1p1f1,2040,11,17,0.0,13.088075,0.45177397,2040
9453,r6i1p1f1,2040,11,18,0.0,13.565513,-2.1420918,2040
9454,r6i1p1f1,2040,11,19,0.008900120648986523,13.425576,-1.6762698,2040
9455,r6i1p1f1,2040,11,20,0.0,12.782672,-1.0587825,2040
9456,r6i1p1f1,2040,11,21,0.0,13.43386,-1.4483182,2040
9457,r6i1p1f1,2040,11,22,0.0,14.101652,-2.5020888,2040
9458,r6i1p1f1,2040,11,23,0.0,15.437012,-2.2996528,2040
9459,r6i1p1f1,2040,11,24,0.0,14.936333,-1.380837,2040
9460,r6i1p1f1,2040,11,25,0.0,13.7502,-2.420448,2040
9461,r6i1p1f1,2040,11,26,6.5816480062241745,10.8672285,-1.4164027,2040
9462,r6i1p1f1,2040,11,27,36.78244710604651,11.5438385,4.488298,2040
9463,r6i1p1f1,2040,11,28,46.954663537162936,11.463614,1.9880114,2040
9464,r6i1p1f1,2040,11,29,3.697421845481148,7.573911,-1.0465965,2040
9465,r6i1p1f1,2040,11,30,19.440220031657045,7.125675,-1.0661919,2040
9466,r6i1p1f1,2040,12,01,8.710315763069657,8.780353,2.6477325,2040
9467,r6i1p1f1,2040,12,02,0.008001418421419515,11.819503,2.7928002,2040
9468,r6i1p1f1,2040,12,03,0.7187487560797001,10.346671,0.9126727,2040
9469,r6i1p1f1,2040,12,04,2.9568895538778706,10.9867115,4.13596,2040
9470,r6i1p1f1,2040,12,05,27.51920741689324,10.953933,4.567771,2040
9471,r6i1p1f1,2040,12,06,7.213120633311486,11.358,1.8449681,2040
9472,r6i1p1f1,2040,12,07,0.8435039330064618,11.590424,3.4600573,2040
9473,r6i1p1f1,2040,12,08,0.0,14.139017,8.246436,2040
9474,r6i1p1f1,2040,12,09,1.710476291919283,11.558101,4.097855,2040
9475,r6i1p1f1,2040,12,10,0.3137421874357766,11.502768,4.040097,2040
9476,r6i1p1f1,2040,12,11,4.316988755340912,11.3163185,5.146707,2040
9477,r6i1p1f1,2040,12,12,0.06286841361820902,11.91982,-1.2722641,2040
9478,r6i1p1f1,2040,12,13,0.0,9.502137,-3.3550339,2040
9479,r6i1p1f1,2040,12,14,21.97882747485552,3.253155,-5.847456,2040
9480,r6i1p1f1,2040,12,15,1.1517583724614033,3.315255,-6.0297284,2040
9481,r6i1p1f1,2040,12,16,0.0,5.0177913,-4.853786,2040
9482,r6i1p1f1,2040,12,17,0.0,4.328299,-7.8176246,2040
9483,r6i1p1f1,2040,12,18,0.0,5.0268745,-7.9172173,2040
9484,r6i1p1f1,2040,12,19,0.0,6.581122,-6.6992626,2040
9485,r6i1p1f1,2040,12,20,0.0,9.371311,-4.8871603,2040
9486,r6i1p1f1,2040,12,21,2.1876853047756897,7.41241,-3.3767984,2040
9487,r6i1p1f1,2040,12,22,1.972334032034874,9.657839,3.0767682,2040
9488,r6i1p1f1,2040,12,23,24.642998637563373,9.321338,-0.54527104,2040
9489,r6i1p1f1,2040,12,24,0.007444982261251099,11.514346,0.82814777,2040
9490,r6i1p1f1,2040,12,25,0.0,13.592669,-0.3287309,2040
9491,r6i1p1f1,2040,12,26,6.699792851833007,8.901893,0.31669846,2040
9492,r6i1p1f1,2040,12,27,1.5403191558795042,8.927646,0.81094944,2040
9493,r6i1p1f1,2040,12,28,0.0,10.273865,-3.0588381,2040
9494,r6i1p1f1,2040,12,29,0.0,12.86579,-0.9199704,2040
9495,r6i1p1f1,2040,12,30,0.0,14.292825,0.36388847,2040
9496,r6i1p1f1,2040,12,31,0.0,14.287881,-0.0359616,2040
9497,r6i1p1f1,2041,01,01,0.0,13.687237,0.9654264,2041
9498,r6i1p1f1,2041,01,02,14.905313910365996,7.962213,0.8472819,2041
9499,r6i1p1f1,2041,01,03,17.358081350800905,6.557872,-0.3859552,2041
9500,r6i1p1f1,2041,01,04,24.80813481494409,7.1013703,0.06851498,2041
9501,r6i1p1f1,2041,01,05,1.790852427629209,5.3753176,-2.1205742,2041
9502,r6i1p1f1,2041,01,06,0.2990469662961915,4.4443264,-6.1683726,2041
9503,r6i1p1f1,2041,01,07,0.0,2.1178625,-10.28435,2041
9504,r6i1p1f1,2041,01,08,0.0,1.8339499,-10.840911,2041
9505,r6i1p1f1,2041,01,09,0.0,3.4488683,-7.3110147,2041
9506,r6i1p1f1,2041,01,10,1.0019585498529349,3.9455025,-2.910607,2041
9507,r6i1p1f1,2041,01,11,19.410686846556118,4.8214097,-4.3522043,2041
9508,r6i1p1f1,2041,01,12,19.76478225084811,6.521574,0.5244855,2041
9509,r6i1p1f1,2041,01,13,5.9132916894377905,5.27307,-0.82452524,2041
9510,r6i1p1f1,2041,01,14,16.708492466802433,8.3252,0.2847017,2041
9511,r6i1p1f1,2041,01,15,4.115390012468643,4.6165047,-2.223026,2041
9512,r6i1p1f1,2041,01,16,10.967555373621044,9.670768,0.19587334,2041
9513,r6i1p1f1,2041,01,17,17.837660626789784,8.785761,0.6254061,2041
9514,r6i1p1f1,2041,01,18,9.1338248889808,5.489559,-0.35199022,2041
9515,r6i1p1f1,2041,01,19,7.854526838450995,4.7434597,-4.538054,2041
9516,r6i1p1f1,2041,01,20,0.0,8.0591545,-7.324756,2041
9517,r6i1p1f1,2041,01,21,0.0,9.755098,-4.2562227,2041
9518,r6i1p1f1,2041,01,22,0.5707028609108267,6.1280856,-3.102183,2041
9519,r6i1p1f1,2041,01,23,3.5849502737417116,1.3692074,-4.975631,2041
9520,r6i1p1f1,2041,01,24,12.639671765463813,1.1644137,-4.556929,2041
9521,r6i1p1f1,2041,01,25,3.763669264765559,1.4562244,-4.5071664,2041
9522,r6i1p1f1,2041,01,26,0.0,6.5842433,-5.5729375,2041
9523,r6i1p1f1,2041,01,27,1.3805517485716963,6.2299166,-6.837606,2041
9524,r6i1p1f1,2041,01,28,0.1990097892535181,7.319834,-0.96659094,2041
9525,r6i1p1f1,2041,01,29,0.021905683649309598,6.2351675,0.17993657,2041
9526,r6i1p1f1,2041,01,30,21.19751312853411,6.163843,-4.9968514,2041
9527,r6i1p1f1,2041,01,31,16.38637168579967,5.4040713,-4.9701033,2041
9528,r6i1p1f1,2041,02,01,0.0038152830910439368,3.712542,-6.635604,2041
9529,r6i1p1f1,2041,02,02,0.0,7.0491266,-5.446605,2041
9530,r6i1p1f1,2041,02,03,15.455083302733843,4.9770694,-5.372781,2041
9531,r6i1p1f1,2041,02,04,4.037342082962815,5.6792235,-2.6797931,2041
9532,r6i1p1f1,2041,02,05,0.0824425516272462,7.29344,-0.6196915,2041
9533,r6i1p1f1,2041,02,06,11.50287610394872,6.0172095,-0.8614499,2041
9534,r6i1p1f1,2041,02,07,4.456766762451931,8.352766,-1.7897798,2041
9535,r6i1p1f1,2041,02,08,0.0,16.333618,-0.726467,2041
9536,r6i1p1f1,2041,02,09,0.0,15.610404,0.12404187,2041
9537,r6i1p1f1,2041,02,10,0.5511546472958766,13.162747,3.0015955,2041
9538,r6i1p1f1,2041,02,11,0.2110645318269085,12.062041,3.7992368,2041
9539,r6i1p1f1,2041,02,12,0.0,15.637092,-0.5478837,2041
9540,r6i1p1f1,2041,02,13,0.0,17.039675,0.4333533,2041
9541,r6i1p1f1,2041,02,14,7.295365197624314,14.829012,0.15201183,2041
9542,r6i1p1f1,2041,02,15,3.2930381084753084,7.6771545,-3.0897067,2041
9543,r6i1p1f1,2041,02,16,0.13605215272284643,6.432538,-4.632373,2041
9544,r6i1p1f1,2041,02,17,18.831826081480916,5.3508234,-3.069234,2041
9545,r6i1p1f1,2041,02,18,27.366642873061597,6.9115896,-4.0375075,2041
9546,r6i1p1f1,2041,02,19,2.299592377467431,3.0445797,-4.066904,2041
9547,r6i1p1f1,2041,02,20,0.04572662670643126,6.8895664,-0.9539701,2041
9548,r6i1p1f1,2041,02,21,0.00162019042222226,7.1977873,-4.8236456,2041
9549,r6i1p1f1,2041,02,22,7.678834473757429,3.8619726,-5.4435515,2041
9550,r6i1p1f1,2041,02,23,0.8067235167732397,3.030589,-6.477679,2041
9551,r6i1p1f1,2041,02,24,0.2653213203796463,4.956137,-8.933,2041
9552,r6i1p1f1,2041,02,25,1.5073067620828038,2.5380034,-6.58797,2041
9553,r6i1p1f1,2041,02,26,0.0,6.5519776,-7.1075897,2041
9554,r6i1p1f1,2041,02,27,0.0,8.994639,-4.523254,2041
9555,r6i1p1f1,2041,02,28,0.0,12.692418,-2.8665426,2041
9556,r6i1p1f1,2041,03,01,0.0,18.152761,-1.1240264,2041
9557,r6i1p1f1,2041,03,02,0.0,16.76309,-0.5096476,2041
9558,r6i1p1f1,2041,03,03,4.821716107233954,9.234873,-0.24868935,2041
9559,r6i1p1f1,2041,03,04,0.0016311355488188664,13.047263,-2.0950892,2041
9560,r6i1p1f1,2041,03,05,0.0,18.411547,1.0633948,2041
9561,r6i1p1f1,2041,03,06,0.0,18.956047,3.0286205,2041
9562,r6i1p1f1,2041,03,07,0.0,17.7581,2.9619346,2041
9563,r6i1p1f1,2041,03,08,0.0,19.033546,0.5104592,2041
9564,r6i1p1f1,2041,03,09,0.0,21.939194,3.7150307,2041
9565,r6i1p1f1,2041,03,10,0.0,23.689615,5.298158,2041
9566,r6i1p1f1,2041,03,11,0.5012711782288419,21.152998,4.5654454,2041
9567,r6i1p1f1,2041,03,12,2.9702943411622256,18.438877,2.3325872,2041
9568,r6i1p1f1,2041,03,13,0.4884881342464059,17.721294,2.0948746,2041
9569,r6i1p1f1,2041,03,14,2.368316666818034,17.684673,0.62929714,2041
9570,r6i1p1f1,2041,03,15,0.0,18.822348,0.49772,2041
9571,r6i1p1f1,2041,03,16,0.0,18.737728,4.7043424,2041
9572,r6i1p1f1,2041,03,17,0.01689492301298141,20.489254,5.364322,2041
9573,r6i1p1f1,2041,03,18,0.0,21.246948,2.0377533,2041
9574,r6i1p1f1,2041,03,19,0.0,22.240868,2.8590617,2041
9575,r6i1p1f1,2041,03,20,2.4207063427707327,16.843924,-1.6533206,2041
9576,r6i1p1f1,2041,03,21,10.274202158344407,10.976677,2.5478072,2041
9577,r6i1p1f1,2041,03,22,0.15695281074951095,14.259752,0.43056756,2041
9578,r6i1p1f1,2041,03,23,0.0,18.11754,3.8734775,2041
9579,r6i1p1f1,2041,03,24,2.082078551674901,15.362937,-0.65105754,2041
9580,r6i1p1f1,2041,03,25,1.119213719374031,12.18306,-1.0585358,2041
9581,r6i1p1f1,2041,03,26,0.19665809120201516,12.49112,-1.9683663,2041
9582,r6i1p1f1,2041,03,27,13.97778932247255,13.672356,0.12080808,2041
9583,r6i1p1f1,2041,03,28,6.290132246809888,9.993256,0.3266359,2041
9584,r6i1p1f1,2041,03,29,0.2639506742449237,13.350573,2.5074506,2041
9585,r6i1p1f1,2041,03,30,15.226125707241184,10.642755,1.2063125,2041
9586,r6i1p1f1,2041,03,31,8.432151906445526,6.3320546,-7.3560996,2041
9587,r6i1p1f1,2041,04,01,0.0,9.884284,-4.3312793,2041
9588,r6i1p1f1,2041,04,02,0.0,14.485755,-4.5567355,2041
9589,r6i1p1f1,2041,04,03,0.0,17.856674,-1.7165827,2041
9590,r6i1p1f1,2041,04,04,0.0,21.782267,2.8703492,2041
9591,r6i1p1f1,2041,04,05,0.0,22.558094,3.1614568,2041
9592,r6i1p1f1,2041,04,06,0.0,20.170422,3.4983485,2041
9593,r6i1p1f1,2041,04,07,0.0,20.807808,4.0610695,2041
9594,r6i1p1f1,2041,04,08,0.0,24.924234,6.237316,2041
9595,r6i1p1f1,2041,04,09,0.0,26.84036,7.855191,2041
9596,r6i1p1f1,2041,04,10,0.001088627113824793,27.32278,7.639435,2041
9597,r6i1p1f1,2041,04,11,0.0,27.354961,6.8467255,2041
9598,r6i1p1f1,2041,04,12,0.0,23.563272,5.280566,2041
9599,r6i1p1f1,2041,04,13,7.193426059325722,14.908251,-1.8022609,2041
9600,r6i1p1f1,2041,04,14,13.038107101053848,9.843216,-0.6136453,2041
9601,r6i1p1f1,2041,04,15,9.02206237799007,9.069136,-0.5483053,2041
9602,r6i1p1f1,2041,04,16,17.659189087423957,8.813486,-5.225813,2041
9603,r6i1p1f1,2041,04,17,0.0,14.091354,-0.74002534,2041
9604,r6i1p1f1,2041,04,18,5.829763831094171,12.285369,-1.4271783,2041
9605,r6i1p1f1,2041,04,19,9.080019619063618,10.020436,1.2897472,2041
9606,r6i1p1f1,2041,04,20,1.6907585224522046,14.600978,-3.4361434,2041
9607,r6i1p1f1,2041,04,21,0.8446884799830923,12.61454,0.51017374,2041
9608,r6i1p1f1,2041,04,22,0.34599541112565163,14.543996,2.1093857,2041
9609,r6i1p1f1,2041,04,23,0.0,15.071055,4.139131,2041
9610,r6i1p1f1,2041,04,24,0.420359631385569,11.734497,3.213092,2041
9611,r6i1p1f1,2041,04,25,0.006666602990795987,19.397797,-0.8854825,2041
9612,r6i1p1f1,2041,04,26,0.028008888872177427,19.53771,0.90792805,2041
9613,r6i1p1f1,2041,04,27,12.30655795959693,10.144749,1.2520784,2041
9614,r6i1p1f1,2041,04,28,3.0174196988607638,12.811131,-0.7303127,2041
9615,r6i1p1f1,2041,04,29,0.4928884223737912,14.540678,3.2335646,2041
9616,r6i1p1f1,2041,04,30,0.0,16.086105,3.0236635,2041
9617,r6i1p1f1,2041,05,01,0.0,17.532335,0.6142015,2041
9618,r6i1p1f1,2041,05,02,0.0,23.144531,2.414041,2041
9619,r6i1p1f1,2041,05,03,0.0,26.343233,5.5068593,2041
9620,r6i1p1f1,2041,05,04,0.856820220306478,24.592697,6.7900553,2041
9621,r6i1p1f1,2041,05,05,0.17340682261740542,23.011356,3.4806461,2041
9622,r6i1p1f1,2041,05,06,7.827246590684571,14.346721,2.9155989,2041
9623,r6i1p1f1,2041,05,07,14.63361613728641,9.250394,-2.3554077,2041
9624,r6i1p1f1,2041,05,08,3.344802590799128,13.042664,2.8927708,2041
9625,r6i1p1f1,2041,05,09,0.0,23.57913,5.176977,2041
9626,r6i1p1f1,2041,05,10,0.0,27.740664,6.974505,2041
9627,r6i1p1f1,2041,05,11,0.6621526604740532,23.381592,6.877188,2041
9628,r6i1p1f1,2041,05,12,2.2441450030875862,13.899322,5.6181955,2041
9629,r6i1p1f1,2041,05,13,2.522060985600358,15.037658,6.2471104,2041
9630,r6i1p1f1,2041,05,14,0.0,24.207655,8.4302,2041
9631,r6i1p1f1,2041,05,15,0.12173813888920022,27.100836,6.8288856,2041
9632,r6i1p1f1,2041,05,16,0.5725585835375289,23.45554,8.030866,2041
9633,r6i1p1f1,2041,05,17,5.688037282072983,16.540361,7.2384777,2041
9634,r6i1p1f1,2041,05,18,0.09345481072059464,24.97712,7.439663,2041
9635,r6i1p1f1,2041,05,19,0.0,26.45406,7.0201693,2041
9636,r6i1p1f1,2041,05,20,0.010062114088291779,24.178677,10.164613,2041
9637,r6i1p1f1,2041,05,21,0.26858461668615574,20.93764,5.9570317,2041
9638,r6i1p1f1,2041,05,22,0.43744780362492636,18.891191,0.05247536,2041
9639,r6i1p1f1,2041,05,23,0.0,21.329767,2.2684522,2041
9640,r6i1p1f1,2041,05,24,0.0,23.967447,6.2232103,2041
9641,r6i1p1f1,2041,05,25,0.0009034472218394403,23.631905,6.1208467,2041
9642,r6i1p1f1,2041,05,26,0.0761932654195446,24.726751,6.326578,2041
9643,r6i1p1f1,2041,05,27,0.0,21.672201,4.856695,2041
9644,r6i1p1f1,2041,05,28,3.7895734454928713,17.149706,-1.0586764,2041
9645,r6i1p1f1,2041,05,29,24.586340250546602,9.152207,-0.037842352,2041
9646,r6i1p1f1,2041,05,30,0.020930936928261985,16.493965,1.0522187,2041
9647,r6i1p1f1,2041,05,31,16.205049969479603,14.300339,3.466084,2041
9648,r6i1p1f1,2041,06,01,1.4798333205944587,15.164496,2.3448362,2041
9649,r6i1p1f1,2041,06,02,5.972927983495022,16.835165,0.20245375,2041
9650,r6i1p1f1,2041,06,03,0.0750726393212225,25.201927,6.158348,2041
9651,r6i1p1f1,2041,06,04,0.06790083543143811,24.86041,6.589572,2041
9652,r6i1p1f1,2041,06,05,0.009386395084318759,25.761227,7.4653444,2041
9653,r6i1p1f1,2041,06,06,0.0,26.938562,8.899198,2041
9654,r6i1p1f1,2041,06,07,0.0,29.028555,10.618697,2041
9655,r6i1p1f1,2041,06,08,0.9919960013579118,29.025618,12.358919,2041
9656,r6i1p1f1,2041,06,09,0.015463198119817874,23.346996,5.7210393,2041
9657,r6i1p1f1,2041,06,10,0.0,20.540098,3.5535028,2041
9658,r6i1p1f1,2041,06,11,0.0,24.351461,6.005009,2041
9659,r6i1p1f1,2041,06,12,0.0,29.193111,10.311186,2041
9660,r6i1p1f1,2041,06,13,0.0,31.657068,12.86647,2041
9661,r6i1p1f1,2041,06,14,0.0,33.24798,14.815781,2041
9662,r6i1p1f1,2041,06,15,0.0,34.085217,14.886251,2041
9663,r6i1p1f1,2041,06,16,0.9730605589395355,31.843746,12.283246,2041
9664,r6i1p1f1,2041,06,17,0.1255237501758391,29.749853,10.565172,2041
9665,r6i1p1f1,2041,06,18,0.0,29.750376,12.918921,2041
9666,r6i1p1f1,2041,06,19,4.928373497208432,22.33816,11.461735,2041
9667,r6i1p1f1,2041,06,20,3.0485286651822903,19.208672,9.718394,2041
9668,r6i1p1f1,2041,06,21,5.596352127211451,19.237059,8.860972,2041
9669,r6i1p1f1,2041,06,22,3.1903266840379683,15.537588,7.9629855,2041
9670,r6i1p1f1,2041,06,23,0.0,24.364134,9.833673,2041
9671,r6i1p1f1,2041,06,24,0.35742154261046205,27.909548,9.842801,2041
9672,r6i1p1f1,2041,06,25,1.261188029102901,30.958994,10.824601,2041
9673,r6i1p1f1,2041,06,26,9.183904578850646,28.162031,11.615822,2041
9674,r6i1p1f1,2041,06,27,1.1012591392543103,27.882692,10.222588,2041
9675,r6i1p1f1,2041,06,28,0.08669463379050224,29.55485,10.726456,2041
9676,r6i1p1f1,2041,06,29,1.2753431350884474,30.2481,10.4769535,2041
9677,r6i1p1f1,2041,06,30,0.00380950644891062,31.717865,12.29332,2041
9678,r6i1p1f1,2041,07,01,0.3298046289565431,32.36676,13.035418,2041
9679,r6i1p1f1,2041,07,02,1.3358404137539532,27.829441,8.740491,2041
9680,r6i1p1f1,2041,07,03,13.480644263467585,21.603378,9.416508,2041
9681,r6i1p1f1,2041,07,04,5.558641333911552,20.036654,8.105772,2041
9682,r6i1p1f1,2041,07,05,9.35748476500907,19.215597,7.70705,2041
9683,r6i1p1f1,2041,07,06,0.00019910312062955673,21.749523,8.519324,2041
9684,r6i1p1f1,2041,07,07,0.7418292069153342,18.49288,9.89144,2041
9685,r6i1p1f1,2041,07,08,1.2512594899765959,19.500824,9.088406,2041
9686,r6i1p1f1,2041,07,09,1.3758160483370057,22.378227,12.024922,2041
9687,r6i1p1f1,2041,07,10,6.0397043221176085,20.276628,8.834076,2041
9688,r6i1p1f1,2041,07,11,2.263004595641626,21.978132,2.928739,2041
9689,r6i1p1f1,2041,07,12,1.593715600822319,22.730486,9.430105,2041
9690,r6i1p1f1,2041,07,13,2.5241200546756706,23.266043,10.882682,2041
9691,r6i1p1f1,2041,07,14,0.0666225176289148,27.325262,9.110682,2041
9692,r6i1p1f1,2041,07,15,0.0021898676456761535,29.177765,12.219417,2041
9693,r6i1p1f1,2041,07,16,1.5251872123594017,30.206541,13.319585,2041
9694,r6i1p1f1,2041,07,17,0.0,30.479912,12.291564,2041
9695,r6i1p1f1,2041,07,18,0.31286259577366937,30.726175,13.185668,2041
9696,r6i1p1f1,2041,07,19,0.05653948924774675,28.347612,11.360109,2041
9697,r6i1p1f1,2041,07,20,0.0,29.246664,10.29896,2041
9698,r6i1p1f1,2041,07,21,0.0,30.174742,11.476629,2041
9699,r6i1p1f1,2041,07,22,0.0,29.605505,12.025741,2041
9700,r6i1p1f1,2041,07,23,0.0,29.98026,10.995187,2041
9701,r6i1p1f1,2041,07,24,0.0,31.497185,11.366334,2041
9702,r6i1p1f1,2041,07,25,0.0,32.523964,12.768029,2041
9703,r6i1p1f1,2041,07,26,0.0,32.33913,12.571417,2041
9704,r6i1p1f1,2041,07,27,0.0,31.648653,11.639694,2041
9705,r6i1p1f1,2041,07,28,0.0,30.813723,12.618641,2041
9706,r6i1p1f1,2041,07,29,0.05033137917021844,30.316353,11.501513,2041
9707,r6i1p1f1,2041,07,30,0.0013944782274498946,26.820997,9.123927,2041
9708,r6i1p1f1,2041,07,31,0.0029997437920337737,26.504496,9.5664,2041
9709,r6i1p1f1,2041,08,01,0.0,29.386673,12.654414,2041
9710,r6i1p1f1,2041,08,02,0.0,30.764748,12.727544,2041
9711,r6i1p1f1,2041,08,03,0.0,34.64886,13.58822,2041
9712,r6i1p1f1,2041,08,04,0.0,34.588703,13.695897,2041
9713,r6i1p1f1,2041,08,05,0.0,34.78148,13.543014,2041
9714,r6i1p1f1,2041,08,06,0.0,36.21759,14.95154,2041
9715,r6i1p1f1,2041,08,07,0.04748150522514937,35.98228,16.50522,2041
9716,r6i1p1f1,2041,08,08,0.0,35.41882,14.950463,2041
9717,r6i1p1f1,2041,08,09,0.0,37.264175,17.221548,2041
9718,r6i1p1f1,2041,08,10,0.0,38.165936,18.954456,2041
9719,r6i1p1f1,2041,08,11,0.6774340757800807,36.207485,15.729379,2041
9720,r6i1p1f1,2041,08,12,0.0,34.020508,15.205832,2041
9721,r6i1p1f1,2041,08,13,0.0,32.889748,13.516593,2041
9722,r6i1p1f1,2041,08,14,0.0,26.698107,7.888047,2041
9723,r6i1p1f1,2041,08,15,0.0,23.715807,5.638938,2041
9724,r6i1p1f1,2041,08,16,0.0,25.53612,8.777907,2041
9725,r6i1p1f1,2041,08,17,0.0,27.734713,9.12002,2041
9726,r6i1p1f1,2041,08,18,0.0,29.102428,9.837855,2041
9727,r6i1p1f1,2041,08,19,0.0,30.243784,10.475971,2041
9728,r6i1p1f1,2041,08,20,0.0,30.924747,11.3500395,2041
9729,r6i1p1f1,2041,08,21,0.0,32.024616,11.186415,2041
9730,r6i1p1f1,2041,08,22,0.0,31.911871,11.047339,2041
9731,r6i1p1f1,2041,08,23,0.0,31.03834,10.720174,2041
9732,r6i1p1f1,2041,08,24,0.0,33.158714,11.846196,2041
9733,r6i1p1f1,2041,08,25,0.0,34.860725,13.793561,2041
9734,r6i1p1f1,2041,08,26,0.0,36.047123,17.310253,2041
9735,r6i1p1f1,2041,08,27,0.0,36.634567,14.970557,2041
9736,r6i1p1f1,2041,08,28,0.0,34.295868,12.917639,2041
9737,r6i1p1f1,2041,08,29,0.0,31.749378,11.271483,2041
9738,r6i1p1f1,2041,08,30,0.0,31.080132,9.972492,2041
9739,r6i1p1f1,2041,08,31,0.0,27.79869,6.955736,2041
9740,r6i1p1f1,2041,09,01,0.5840531644403459,23.558357,7.988461,2041
9741,r6i1p1f1,2041,09,02,0.10216591565914299,23.132664,6.7521963,2041
9742,r6i1p1f1,2041,09,03,0.0024790550307218903,21.671947,4.2506065,2041
9743,r6i1p1f1,2041,09,04,0.0,26.49466,4.9469438,2041
9744,r6i1p1f1,2041,09,05,0.0,27.285868,7.527692,2041
9745,r6i1p1f1,2041,09,06,0.0,27.930988,7.639768,2041
9746,r6i1p1f1,2041,09,07,0.0,27.787903,7.318637,2041
9747,r6i1p1f1,2041,09,08,0.0,25.023584,7.360875,2041
9748,r6i1p1f1,2041,09,09,0.0016475865177617058,24.813604,7.4134893,2041
9749,r6i1p1f1,2041,09,10,0.03400970091405361,22.66534,4.831494,2041
9750,r6i1p1f1,2041,09,11,0.005563242955283644,24.067635,5.634996,2041
9751,r6i1p1f1,2041,09,12,0.0012374478677107052,24.881447,5.380988,2041
9752,r6i1p1f1,2041,09,13,0.9417596168178932,23.559889,7.0739784,2041
9753,r6i1p1f1,2041,09,14,0.07504162940273443,22.695965,5.646357,2041
9754,r6i1p1f1,2041,09,15,0.009045942538661284,24.732384,8.225485,2041
9755,r6i1p1f1,2041,09,16,0.0,23.810019,7.0111957,2041
9756,r6i1p1f1,2041,09,17,0.0,22.815523,6.1208525,2041
9757,r6i1p1f1,2041,09,18,0.0,24.324078,5.2975903,2041
9758,r6i1p1f1,2041,09,19,0.0,27.945948,7.561034,2041
9759,r6i1p1f1,2041,09,20,0.0,31.270035,9.673048,2041
9760,r6i1p1f1,2041,09,21,0.0020908481905108417,30.91006,9.115323,2041
9761,r6i1p1f1,2041,09,22,0.0,26.860506,6.850298,2041
9762,r6i1p1f1,2041,09,23,0.0,24.90272,7.2082663,2041
9763,r6i1p1f1,2041,09,24,0.0,24.152004,4.342634,2041
9764,r6i1p1f1,2041,09,25,2.6774268053347567,17.468708,-0.8237358,2041
9765,r6i1p1f1,2041,09,26,0.773452567029224,14.981857,-1.3982668,2041
9766,r6i1p1f1,2041,09,27,0.0,17.784645,-0.16676088,2041
9767,r6i1p1f1,2041,09,28,0.0,21.310709,1.0333704,2041
9768,r6i1p1f1,2041,09,29,0.0,24.723333,2.9429908,2041
9769,r6i1p1f1,2041,09,30,0.0,24.105886,5.4462504,2041
9770,r6i1p1f1,2041,10,01,0.0,28.514635,8.602811,2041
9771,r6i1p1f1,2041,10,02,0.0,28.166327,7.899492,2041
9772,r6i1p1f1,2041,10,03,0.0,25.8381,5.589009,2041
9773,r6i1p1f1,2041,10,04,0.0,22.349405,2.518077,2041
9774,r6i1p1f1,2041,10,05,0.005076279692483228,19.485964,3.0353143,2041
9775,r6i1p1f1,2041,10,06,0.0,23.854408,4.0832343,2041
9776,r6i1p1f1,2041,10,07,0.0,26.243328,8.04204,2041
9777,r6i1p1f1,2041,10,08,0.0,25.606102,5.4435077,2041
9778,r6i1p1f1,2041,10,09,0.004584037981039378,24.730762,4.364831,2041
9779,r6i1p1f1,2041,10,10,0.0,22.681612,4.884392,2041
9780,r6i1p1f1,2041,10,11,0.0,28.948273,7.6281796,2041
9781,r6i1p1f1,2041,10,12,0.0,29.46642,8.27573,2041
9782,r6i1p1f1,2041,10,13,0.016629623429862687,27.047686,6.9921937,2041
9783,r6i1p1f1,2041,10,14,0.0,21.824404,2.5084445,2041
9784,r6i1p1f1,2041,10,15,0.0,18.845257,0.47053754,2041
9785,r6i1p1f1,2041,10,16,0.0,17.737358,-1.2312354,2041
9786,r6i1p1f1,2041,10,17,0.0,22.656187,0.37523448,2041
9787,r6i1p1f1,2041,10,18,0.0,22.598074,2.0319965,2041
9788,r6i1p1f1,2041,10,19,28.150260700136474,19.18021,5.685095,2041
9789,r6i1p1f1,2041,10,20,0.8590923495324763,14.679077,6.341928,2041
9790,r6i1p1f1,2041,10,21,0.05683880521458405,14.409187,3.62014,2041
9791,r6i1p1f1,2041,10,22,0.1250792850342289,13.818018,1.4809775,2041
9792,r6i1p1f1,2041,10,23,0.0008670301654853075,14.105111,3.4299338,2041
9793,r6i1p1f1,2041,10,24,0.896964974655015,14.112588,5.5598674,2041
9794,r6i1p1f1,2041,10,25,0.25006645116746523,12.006132,1.2473458,2041
9795,r6i1p1f1,2041,10,26,0.0,12.077586,-3.434827,2041
9796,r6i1p1f1,2041,10,27,0.0,14.836685,-2.2881913,2041
9797,r6i1p1f1,2041,10,28,0.0,16.348022,0.49488994,2041
9798,r6i1p1f1,2041,10,29,21.342900223725493,14.845866,5.203483,2041
9799,r6i1p1f1,2041,10,30,0.4543901543158518,12.642932,4.171397,2041
9800,r6i1p1f1,2041,10,31,3.084698936748208,10.609074,0.73177767,2041
9801,r6i1p1f1,2041,11,01,2.1291771295492734,13.479681,-0.0788431,2041
9802,r6i1p1f1,2041,11,02,0.0,17.987253,0.023789162,2041
9803,r6i1p1f1,2041,11,03,0.0,18.743437,1.0201194,2041
9804,r6i1p1f1,2041,11,04,0.0,17.495512,2.1595993,2041
9805,r6i1p1f1,2041,11,05,0.0,16.252945,-0.22028466,2041
9806,r6i1p1f1,2041,11,06,0.0,16.793251,-0.28647223,2041
9807,r6i1p1f1,2041,11,07,0.0,14.0039,-0.5608133,2041
9808,r6i1p1f1,2041,11,08,0.0,13.587132,-0.23199737,2041
9809,r6i1p1f1,2041,11,09,0.0,12.467625,-3.8720088,2041
9810,r6i1p1f1,2041,11,10,0.0,14.550432,-3.4128082,2041
9811,r6i1p1f1,2041,11,11,0.0,15.591808,-2.159895,2041
9812,r6i1p1f1,2041,11,12,0.0,14.862632,1.7604203,2041
9813,r6i1p1f1,2041,11,13,0.0,14.036009,-0.6823344,2041
9814,r6i1p1f1,2041,11,14,0.0,14.2185,-2.9981773,2041
9815,r6i1p1f1,2041,11,15,0.0,14.364849,-1.7639822,2041
9816,r6i1p1f1,2041,11,16,0.12030222537276312,13.420604,0.21161246,2041
9817,r6i1p1f1,2041,11,17,21.07612380916218,8.666099,-2.838066,2041
9818,r6i1p1f1,2041,11,18,9.032565729997554,2.8676178,-8.5415325,2041
9819,r6i1p1f1,2041,11,19,11.331802723564952,0.1943875,-6.7432623,2041
9820,r6i1p1f1,2041,11,20,5.6307644430157255,1.5996665,-10.213121,2041
9821,r6i1p1f1,2041,11,21,8.524113041325888,2.7760346,-5.1506047,2041
9822,r6i1p1f1,2041,11,22,0.6628620697996548,2.5237703,-5.184193,2041
9823,r6i1p1f1,2041,11,23,2.108320557884918,1.2422359,-6.981598,2041
9824,r6i1p1f1,2041,11,24,0.0,3.6856513,-13.424108,2041
9825,r6i1p1f1,2041,11,25,0.0,8.40026,-6.8632574,2041
9826,r6i1p1f1,2041,11,26,0.0,7.264059,-6.5908036,2041
9827,r6i1p1f1,2041,11,27,1.7467760276964646,5.02819,-2.0310247,2041
9828,r6i1p1f1,2041,11,28,0.12579790238994867,5.1525335,-6.3778734,2041
9829,r6i1p1f1,2041,11,29,0.0,5.9404054,-8.970352,2041
9830,r6i1p1f1,2041,11,30,0.08219331242131041,3.924277,-4.4772396,2041
9831,r6i1p1f1,2041,12,01,0.11265875195734715,6.801417,0.35397774,2041
9832,r6i1p1f1,2041,12,02,1.65197326741958,5.2767267,-2.6755507,2041
9833,r6i1p1f1,2041,12,03,0.0,9.635574,-0.67249167,2041
9834,r6i1p1f1,2041,12,04,0.0,11.368605,-2.1364992,2041
9835,r6i1p1f1,2041,12,05,0.0,10.04143,-2.1465514,2041
9836,r6i1p1f1,2041,12,06,0.0,9.103971,-0.17920934,2041
9837,r6i1p1f1,2041,12,07,10.423865204165631,9.820248,1.9653928,2041
9838,r6i1p1f1,2041,12,08,28.18802101176393,7.2507405,-3.2850077,2041
9839,r6i1p1f1,2041,12,09,9.277579781410129,4.018644,-5.0748367,2041
9840,r6i1p1f1,2041,12,10,12.075886961798739,6.9502263,-1.196111,2041
9841,r6i1p1f1,2041,12,11,16.411066418593297,8.713379,1.3690246,2041
9842,r6i1p1f1,2041,12,12,0.41090188088284674,10.785038,3.209988,2041
9843,r6i1p1f1,2041,12,13,1.3209113742861065,11.067216,2.9992573,2041
9844,r6i1p1f1,2041,12,14,0.0115002326658349,11.986134,3.90832,2041
9845,r6i1p1f1,2041,12,15,7.678245583096936,9.2827215,1.7762002,2041
9846,r6i1p1f1,2041,12,16,8.581749861499185,8.554413,0.73217964,2041
9847,r6i1p1f1,2041,12,17,2.153465886832547,6.770607,-5.2589865,2041
9848,r6i1p1f1,2041,12,18,0.02511667829119888,2.579304,-8.24287,2041
9849,r6i1p1f1,2041,12,19,0.0,2.9301462,-12.183143,2041
9850,r6i1p1f1,2041,12,20,0.0,1.1947899,-13.385132,2041
9851,r6i1p1f1,2041,12,21,0.0,0.8368084,-7.1722856,2041
9852,r6i1p1f1,2041,12,22,0.0,1.9747483,-12.128503,2041
9853,r6i1p1f1,2041,12,23,0.0,2.7426884,-12.245313,2041
9854,r6i1p1f1,2041,12,24,0.0,10.098029,-5.11199,2041
9855,r6i1p1f1,2041,12,25,0.0,11.261233,-3.2449832,2041
9856,r6i1p1f1,2041,12,26,4.1447291366840675,4.696421,-5.697926,2041
9857,r6i1p1f1,2041,12,27,0.22059318061688118,5.478059,-5.186779,2041
9858,r6i1p1f1,2041,12,28,0.0,7.304619,-6.8089037,2041
9859,r6i1p1f1,2041,12,29,0.0,8.933968,-5.433053,2041
9860,r6i1p1f1,2041,12,30,0.0,8.363497,-5.585379,2041
9861,r6i1p1f1,2041,12,31,0.0,10.434038,-3.6510277,2041
9862,r6i1p1f1,2042,01,01,0.0,9.24809,-4.7878375,2042
9863,r6i1p1f1,2042,01,02,0.0,12.022769,-3.1302931,2042
9864,r6i1p1f1,2042,01,03,0.0,13.052092,-0.9919787,2042
9865,r6i1p1f1,2042,01,04,0.8997380348573943,10.723771,-1.9394737,2042
9866,r6i1p1f1,2042,01,05,10.452359203819439,6.9960017,0.38480866,2042
9867,r6i1p1f1,2042,01,06,9.007691047411727,4.1108146,-6.6089287,2042
9868,r6i1p1f1,2042,01,07,10.110058169612273,0.7794907,-7.259856,2042
9869,r6i1p1f1,2042,01,08,0.8867207480747766,3.6253467,-8.848498,2042
9870,r6i1p1f1,2042,01,09,0.0,2.3181264,-11.059312,2042
9871,r6i1p1f1,2042,01,10,0.0,1.7509362,-10.453308,2042
9872,r6i1p1f1,2042,01,11,0.0,0.23800986,-12.000041,2042
9873,r6i1p1f1,2042,01,12,0.0,4.105837,-10.792525,2042
9874,r6i1p1f1,2042,01,13,0.0614448557082374,2.899384,-9.469149,2042
9875,r6i1p1f1,2042,01,14,0.0,2.6090858,-10.294432,2042
9876,r6i1p1f1,2042,01,15,0.013575107522326497,2.721238,-11.390048,2042
9877,r6i1p1f1,2042,01,16,1.914981142908217,-1.0782564,-11.573972,2042
9878,r6i1p1f1,2042,01,17,0.0,-0.34515953,-15.88032,2042
9879,r6i1p1f1,2042,01,18,1.3435842408510748,-0.7796164,-10.537652,2042
9880,r6i1p1f1,2042,01,19,0.3503679830822499,3.5521693,-13.51356,2042
9881,r6i1p1f1,2042,01,20,10.881463477024047,0.58077234,-11.546874,2042
9882,r6i1p1f1,2042,01,21,56.265951949694376,6.0414186,-4.728595,2042
9883,r6i1p1f1,2042,01,22,23.80888362194002,8.891147,-1.7581764,2042
9884,r6i1p1f1,2042,01,23,26.65747497203255,11.268155,-1.9265943,2042
9885,r6i1p1f1,2042,01,24,45.367559484459505,11.057312,-1.8656994,2042
9886,r6i1p1f1,2042,01,25,8.804285240012494,7.4690595,-0.075195864,2042
9887,r6i1p1f1,2042,01,26,0.0,10.032553,-3.5847757,2042
9888,r6i1p1f1,2042,01,27,0.001014514553337246,10.804347,0.74844027,2042
9889,r6i1p1f1,2042,01,28,8.081417204800113,8.988456,1.2392954,2042
9890,r6i1p1f1,2042,01,29,1.417302874646298,9.92488,2.2209551,2042
9891,r6i1p1f1,2042,01,30,0.0,12.150592,-1.3409057,2042
9892,r6i1p1f1,2042,01,31,2.1992227328674576,6.935863,-2.2370703,2042
9893,r6i1p1f1,2042,02,01,0.0002714290598084835,7.004921,-1.3830464,2042
9894,r6i1p1f1,2042,02,02,0.0,9.860889,-6.7338576,2042
9895,r6i1p1f1,2042,02,03,0.0,11.95115,-4.318232,2042
9896,r6i1p1f1,2042,02,04,0.0,14.523847,-1.681251,2042
9897,r6i1p1f1,2042,02,05,0.0,15.106396,-1.5235525,2042
9898,r6i1p1f1,2042,02,06,0.0,14.67362,-0.24932277,2042
9899,r6i1p1f1,2042,02,07,0.0,16.310995,0.98354906,2042
9900,r6i1p1f1,2042,02,08,0.030383853750332757,17.629383,2.079557,2042
9901,r6i1p1f1,2042,02,09,0.004051946166291522,15.073412,-1.3657238,2042
9902,r6i1p1f1,2042,02,10,0.0,6.778447,-5.9010644,2042
9903,r6i1p1f1,2042,02,11,0.0,7.6045747,-8.940404,2042
9904,r6i1p1f1,2042,02,12,0.0,11.963288,-4.805894,2042
9905,r6i1p1f1,2042,02,13,0.0,15.253632,-1.5262153,2042
9906,r6i1p1f1,2042,02,14,0.0,14.698909,-2.0860267,2042
9907,r6i1p1f1,2042,02,15,0.0,15.611623,0.03508879,2042
9908,r6i1p1f1,2042,02,16,0.0,15.88746,-0.7392116,2042
9909,r6i1p1f1,2042,02,17,0.0,15.947949,-0.7447036,2042
9910,r6i1p1f1,2042,02,18,0.0,14.088251,-1.5380344,2042
9911,r6i1p1f1,2042,02,19,0.0,16.007812,-0.3051785,2042
9912,r6i1p1f1,2042,02,20,0.022051657132161277,15.7570505,-1.4000634,2042
9913,r6i1p1f1,2042,02,21,37.35852427743918,8.164417,-3.565826,2042
9914,r6i1p1f1,2042,02,22,25.033691511173174,4.133998,-8.451902,2042
9915,r6i1p1f1,2042,02,23,0.17903769969634867,4.2891083,-7.5030565,2042
9916,r6i1p1f1,2042,02,24,26.98536149613081,6.625004,-4.1051946,2042
9917,r6i1p1f1,2042,02,25,21.521189328526543,7.1061916,-2.7550495,2042
9918,r6i1p1f1,2042,02,26,18.52476797161516,5.5046654,-3.096483,2042
9919,r6i1p1f1,2042,02,27,10.550592140664001,2.5294483,-4.7153606,2042
9920,r6i1p1f1,2042,02,28,0.0,5.4020796,-8.5913,2042
9921,r6i1p1f1,2042,03,01,0.0,13.8197565,-5.8790545,2042
9922,r6i1p1f1,2042,03,02,0.0,16.612164,-1.5322744,2042
9923,r6i1p1f1,2042,03,03,0.0,20.31112,2.5940099,2042
9924,r6i1p1f1,2042,03,04,0.0,22.7687,2.9484472,2042
9925,r6i1p1f1,2042,03,05,0.0,22.066143,3.324778,2042
9926,r6i1p1f1,2042,03,06,0.0,19.958809,5.2484326,2042
9927,r6i1p1f1,2042,03,07,0.0,15.787363,2.3248687,2042
9928,r6i1p1f1,2042,03,08,0.0,13.226538,2.6275442,2042
9929,r6i1p1f1,2042,03,09,0.0,18.973122,0.69299805,2042
9930,r6i1p1f1,2042,03,10,0.0,21.872837,4.181101,2042
9931,r6i1p1f1,2042,03,11,0.0,22.928144,5.9092317,2042
9932,r6i1p1f1,2042,03,12,0.002046804643673638,24.213188,4.180537,2042
9933,r6i1p1f1,2042,03,13,3.328932521455615,15.849259,-1.0688382,2042
9934,r6i1p1f1,2042,03,14,3.7598023623196255,10.719668,-1.1382883,2042
9935,r6i1p1f1,2042,03,15,0.031769868712702556,14.096155,0.7771307,2042
9936,r6i1p1f1,2042,03,16,0.0,17.318237,-1.7864444,2042
9937,r6i1p1f1,2042,03,17,0.0,20.70855,1.0518533,2042
9938,r6i1p1f1,2042,03,18,0.0,22.243631,2.8807497,2042
9939,r6i1p1f1,2042,03,19,0.0,22.21482,2.7202983,2042
9940,r6i1p1f1,2042,03,20,0.0,19.783066,0.7681965,2042
9941,r6i1p1f1,2042,03,21,0.0,23.099203,3.5841572,2042
9942,r6i1p1f1,2042,03,22,0.0,23.755375,3.6312425,2042
9943,r6i1p1f1,2042,03,23,0.0,21.802235,2.4815662,2042
9944,r6i1p1f1,2042,03,24,1.9399451643083105,12.222537,-2.6972327,2042
9945,r6i1p1f1,2042,03,25,3.264275591507764,7.059627,-0.18815765,2042
9946,r6i1p1f1,2042,03,26,15.866824134177305,6.220185,-0.45350602,2042
9947,r6i1p1f1,2042,03,27,4.213652685405785,8.096403,-2.5898535,2042
9948,r6i1p1f1,2042,03,28,0.11361640893705276,10.916023,-5.873954,2042
9949,r6i1p1f1,2042,03,29,0.25439854629685615,9.924348,0.80191,2042
9950,r6i1p1f1,2042,03,30,0.33054181669824356,10.305248,-0.9632284,2042
9951,r6i1p1f1,2042,03,31,2.1615905866706657,12.152668,-2.9362414,2042
9952,r6i1p1f1,2042,04,01,7.271901984831725,9.507507,-3.9518318,2042
9953,r6i1p1f1,2042,04,02,1.9603735490760177,9.658387,-3.4227755,2042
9954,r6i1p1f1,2042,04,03,6.582558282273575,9.134368,-3.7493398,2042
9955,r6i1p1f1,2042,04,04,1.7023858423559803,7.1370907,-4.8550487,2042
9956,r6i1p1f1,2042,04,05,1.2647281384440814,10.544631,-3.0864646,2042
9957,r6i1p1f1,2042,04,06,0.0,13.945054,2.6221693,2042
9958,r6i1p1f1,2042,04,07,0.0,13.32367,-0.34884667,2042
9959,r6i1p1f1,2042,04,08,1.1090154980326201,12.477952,-3.0385318,2042
9960,r6i1p1f1,2042,04,09,1.8845083505872982,10.950562,-0.81034094,2042
9961,r6i1p1f1,2042,04,10,0.0,17.464724,-1.460798,2042
9962,r6i1p1f1,2042,04,11,0.0,21.333466,1.5398649,2042
9963,r6i1p1f1,2042,04,12,0.3298205023667954,18.630615,1.6702863,2042
9964,r6i1p1f1,2042,04,13,5.596343394190655,12.864388,2.087836,2042
9965,r6i1p1f1,2042,04,14,15.481863773649037,11.069801,0.91924584,2042
9966,r6i1p1f1,2042,04,15,11.298217697012024,10.500044,-0.6465135,2042
9967,r6i1p1f1,2042,04,16,2.551567618302322,11.133102,-2.3116624,2042
9968,r6i1p1f1,2042,04,17,10.044408451226492,9.606709,-3.039654,2042
9969,r6i1p1f1,2042,04,18,12.752047202042487,8.987046,-1.2651874,2042
9970,r6i1p1f1,2042,04,19,8.305870498023342,8.933034,-0.5332785,2042
9971,r6i1p1f1,2042,04,20,2.541141317609452,6.721424,-4.9513364,2042
9972,r6i1p1f1,2042,04,21,0.5113847037212852,8.058323,-2.606462,2042
9973,r6i1p1f1,2042,04,22,0.0015951282804446592,13.082682,-2.6005461,2042
9974,r6i1p1f1,2042,04,23,0.0,16.988176,-2.8187313,2042
9975,r6i1p1f1,2042,04,24,0.0,20.108854,0.5077217,2042
9976,r6i1p1f1,2042,04,25,0.0,19.941622,1.2602576,2042
9977,r6i1p1f1,2042,04,26,0.0,19.210709,0.86446404,2042
9978,r6i1p1f1,2042,04,27,0.0,19.63204,1.0677903,2042
9979,r6i1p1f1,2042,04,28,0.0,21.575155,1.883281,2042
9980,r6i1p1f1,2042,04,29,0.0,22.624691,4.166872,2042
9981,r6i1p1f1,2042,04,30,0.8445602597882091,16.238945,-1.3660028,2042
9982,r6i1p1f1,2042,05,01,0.00043817944002874035,16.512604,1.4262152,2042
9983,r6i1p1f1,2042,05,02,0.08037151963718374,14.756353,1.0126592,2042
9984,r6i1p1f1,2042,05,03,10.246079243219155,14.658567,4.2492948,2042
9985,r6i1p1f1,2042,05,04,10.619331753619706,13.101757,2.5363111,2042
9986,r6i1p1f1,2042,05,05,0.32973574995289606,16.689243,2.1134145,2042
9987,r6i1p1f1,2042,05,06,0.0031497920945461966,19.227682,3.7210038,2042
9988,r6i1p1f1,2042,05,07,0.3874543568445161,21.202854,6.110467,2042
9989,r6i1p1f1,2042,05,08,4.5972335720259085,17.704613,4.546496,2042
9990,r6i1p1f1,2042,05,09,0.2699986111944438,22.36112,4.69704,2042
9991,r6i1p1f1,2042,05,10,13.925451567963867,12.999912,3.539717,2042
9992,r6i1p1f1,2042,05,11,6.746257222926896,13.302581,-3.408512,2042
9993,r6i1p1f1,2042,05,12,0.0,20.980156,3.9376822,2042
9994,r6i1p1f1,2042,05,13,0.0,26.865747,6.9072614,2042
9995,r6i1p1f1,2042,05,14,0.0,28.714128,8.164871,2042
9996,r6i1p1f1,2042,05,15,0.0,27.41621,7.9591203,2042
9997,r6i1p1f1,2042,05,16,0.0,26.820913,8.471121,2042
9998,r6i1p1f1,2042,05,17,0.4868944961496487,23.218227,5.295312,2042
9999,r6i1p1f1,2042,05,18,0.0007216437278740518,24.776451,7.055823,2042
10000,r6i1p1f1,2042,05,19,0.0,26.77447,9.269243,2042
10001,r6i1p1f1,2042,05,20,0.0,29.317884,8.62567,2042
10002,r6i1p1f1,2042,05,21,0.0,29.966015,10.925388,2042
10003,r6i1p1f1,2042,05,22,0.0,30.592478,12.506637,2042
10004,r6i1p1f1,2042,05,23,5.782847890561548,26.599249,8.691739,2042
10005,r6i1p1f1,2042,05,24,1.4085233737811926,14.746003,0.2008239,2042
10006,r6i1p1f1,2042,05,25,29.573777039432336,11.984515,1.5804226,2042
10007,r6i1p1f1,2042,05,26,6.00680890472562,11.510527,-1.3606377,2042
10008,r6i1p1f1,2042,05,27,0.3694920322368173,16.236877,-1.6542256,2042
10009,r6i1p1f1,2042,05,28,7.1132806477249595,11.416702,-2.1731489,2042
10010,r6i1p1f1,2042,05,29,5.038583072317859,12.250014,-0.40304145,2042
10011,r6i1p1f1,2042,05,30,0.6438960705400446,17.531792,2.561245,2042
10012,r6i1p1f1,2042,05,31,0.8117063247688399,18.317593,3.0980408,2042
10013,r6i1p1f1,2042,06,01,1.022220527623865,19.711065,1.2124836,2042
10014,r6i1p1f1,2042,06,02,0.009204945745256958,14.357264,4.154229,2042
10015,r6i1p1f1,2042,06,03,0.486614224950753,14.82634,-1.7475945,2042
10016,r6i1p1f1,2042,06,04,0.0,16.34083,1.4336208,2042
10017,r6i1p1f1,2042,06,05,0.0,19.544655,3.8363433,2042
10018,r6i1p1f1,2042,06,06,0.0,24.258497,6.511877,2042
10019,r6i1p1f1,2042,06,07,0.0,30.375988,11.652436,2042
10020,r6i1p1f1,2042,06,08,0.0,31.551243,12.982106,2042
10021,r6i1p1f1,2042,06,09,2.3046853161793432,30.853748,11.941209,2042
10022,r6i1p1f1,2042,06,10,0.9038526836586325,30.136028,11.473226,2042
10023,r6i1p1f1,2042,06,11,1.416366830849662,26.256865,8.249464,2042
10024,r6i1p1f1,2042,06,12,10.892772609122428,16.580275,6.149383,2042
10025,r6i1p1f1,2042,06,13,9.752520436831341,14.7359705,4.513561,2042
10026,r6i1p1f1,2042,06,14,0.07570810129247629,22.78271,5.7010217,2042
10027,r6i1p1f1,2042,06,15,0.0071883728408007296,28.679157,11.18081,2042
10028,r6i1p1f1,2042,06,16,0.47634318338259085,28.073969,9.976771,2042
10029,r6i1p1f1,2042,06,17,0.3903868964253363,27.167036,9.654796,2042
10030,r6i1p1f1,2042,06,18,0.020734109044008,27.480345,9.529371,2042
10031,r6i1p1f1,2042,06,19,0.0,31.050335,12.103021,2042
10032,r6i1p1f1,2042,06,20,0.0,32.417274,13.009331,2042
10033,r6i1p1f1,2042,06,21,0.0,31.170511,12.000052,2042
10034,r6i1p1f1,2042,06,22,0.0,32.1721,13.141591,2042
10035,r6i1p1f1,2042,06,23,0.0,32.039913,12.501973,2042
10036,r6i1p1f1,2042,06,24,0.00020351836148361745,32.381454,12.587269,2042
10037,r6i1p1f1,2042,06,25,0.7446766029244913,30.922567,11.766883,2042
10038,r6i1p1f1,2042,06,26,0.0,31.480263,10.718783,2042
10039,r6i1p1f1,2042,06,27,0.0,31.112663,10.9193125,2042
10040,r6i1p1f1,2042,06,28,0.13903268201933172,30.891335,15.168856,2042
10041,r6i1p1f1,2042,06,29,0.47143892929685177,30.512222,10.534733,2042
10042,r6i1p1f1,2042,06,30,0.0,31.375235,11.82603,2042
10043,r6i1p1f1,2042,07,01,0.0,33.44916,14.514823,2042
10044,r6i1p1f1,2042,07,02,1.3586264038076041,33.226635,13.314291,2042
10045,r6i1p1f1,2042,07,03,0.19554531186771665,33.32395,12.941157,2042
10046,r6i1p1f1,2042,07,04,4.6016449017807295,30.191471,11.784042,2042
10047,r6i1p1f1,2042,07,05,0.8338291525193658,27.962595,10.925477,2042
10048,r6i1p1f1,2042,07,06,0.7923833409520891,30.400267,12.119136,2042
10049,r6i1p1f1,2042,07,07,0.038076658104415705,31.199701,11.983258,2042
10050,r6i1p1f1,2042,07,08,0.4351910268078748,31.642513,12.738989,2042
10051,r6i1p1f1,2042,07,09,0.19312002842269854,32.76192,12.960948,2042
10052,r6i1p1f1,2042,07,10,5.492826585336073,33.17206,14.351636,2042
10053,r6i1p1f1,2042,07,11,6.7405415057845275,25.583616,12.668271,2042
10054,r6i1p1f1,2042,07,12,5.461764734843819,21.718203,7.67385,2042
10055,r6i1p1f1,2042,07,13,2.6064904413397794,26.50053,7.990258,2042
10056,r6i1p1f1,2042,07,14,4.378178153648646,25.477238,12.467805,2042
10057,r6i1p1f1,2042,07,15,2.3237246933456897,26.732365,8.8017435,2042
10058,r6i1p1f1,2042,07,16,2.8117289207045664,27.85699,10.941432,2042
10059,r6i1p1f1,2042,07,17,0.6169522366096687,27.354918,9.866031,2042
10060,r6i1p1f1,2042,07,18,0.0753999642681383,30.841412,12.768479,2042
10061,r6i1p1f1,2042,07,19,1.6319263619099496,30.108828,13.289489,2042
10062,r6i1p1f1,2042,07,20,1.763065788904466,26.848907,12.664607,2042
10063,r6i1p1f1,2042,07,21,0.4026867257207652,28.397602,10.991125,2042
10064,r6i1p1f1,2042,07,22,0.0,29.411692,12.539341,2042
10065,r6i1p1f1,2042,07,23,0.003033723595180314,30.114117,11.417388,2042
10066,r6i1p1f1,2042,07,24,0.0,29.963749,12.921184,2042
10067,r6i1p1f1,2042,07,25,0.0012951418390957502,30.432575,12.524682,2042
10068,r6i1p1f1,2042,07,26,0.22259001232835354,28.592278,11.723019,2042
10069,r6i1p1f1,2042,07,27,0.0003649331572033039,28.18707,11.606884,2042
10070,r6i1p1f1,2042,07,28,0.0,29.867853,11.606842,2042
10071,r6i1p1f1,2042,07,29,0.0,31.039967,12.67773,2042
10072,r6i1p1f1,2042,07,30,3.526416651299391,31.40356,12.7316065,2042
10073,r6i1p1f1,2042,07,31,2.7401859858933966,24.258451,10.531638,2042
10074,r6i1p1f1,2042,08,01,1.9609246288109377,21.707762,7.335593,2042
10075,r6i1p1f1,2042,08,02,2.4985304012468217,21.519373,7.591852,2042
10076,r6i1p1f1,2042,08,03,3.11636828883183,21.554487,4.6842065,2042
10077,r6i1p1f1,2042,08,04,9.172692746338464,19.17242,6.222438,2042
10078,r6i1p1f1,2042,08,05,0.03231050953372167,24.096973,6.4595137,2042
10079,r6i1p1f1,2042,08,06,0.0022920485578959223,28.240828,9.088364,2042
10080,r6i1p1f1,2042,08,07,0.6532943144905192,26.844616,9.802612,2042
10081,r6i1p1f1,2042,08,08,0.056694918308087996,25.72913,8.55218,2042
10082,r6i1p1f1,2042,08,09,0.14334139055175324,24.671011,8.854819,2042
10083,r6i1p1f1,2042,08,10,0.0,26.478954,10.140404,2042
10084,r6i1p1f1,2042,08,11,0.0,31.782566,11.5940075,2042
10085,r6i1p1f1,2042,08,12,0.0,31.35878,11.787223,2042
10086,r6i1p1f1,2042,08,13,0.0,30.642065,13.193586,2042
10087,r6i1p1f1,2042,08,14,0.0,30.327648,13.061564,2042
10088,r6i1p1f1,2042,08,15,0.5024678331169135,30.45824,13.194749,2042
10089,r6i1p1f1,2042,08,16,0.6584812926087203,30.517029,11.998517,2042
10090,r6i1p1f1,2042,08,17,1.8459906195099594,29.788227,11.63059,2042
10091,r6i1p1f1,2042,08,18,0.7364705240741193,30.742886,12.678786,2042
10092,r6i1p1f1,2042,08,19,0.8813692795263658,31.183603,13.247786,2042
10093,r6i1p1f1,2042,08,20,1.0827442535015532,30.676315,13.541537,2042
10094,r6i1p1f1,2042,08,21,11.24535740244996,27.567017,12.2025,2042
10095,r6i1p1f1,2042,08,22,8.535846072775744,23.919231,7.942237,2042
10096,r6i1p1f1,2042,08,23,1.1537771450773284,26.529346,12.252236,2042
10097,r6i1p1f1,2042,08,24,1.4591247729855699,28.363003,12.022718,2042
10098,r6i1p1f1,2042,08,25,0.004575405042163803,29.496706,12.752812,2042
10099,r6i1p1f1,2042,08,26,0.10044409144715861,28.314878,15.741241,2042
10100,r6i1p1f1,2042,08,27,0.6905734372293556,29.11287,11.837328,2042
10101,r6i1p1f1,2042,08,28,0.0,30.144796,11.136683,2042
10102,r6i1p1f1,2042,08,29,0.0,30.793177,11.5934105,2042
10103,r6i1p1f1,2042,08,30,0.0,31.421074,12.187761,2042
10104,r6i1p1f1,2042,08,31,0.0,31.280106,11.691615,2042
10105,r6i1p1f1,2042,09,01,0.0,27.73334,11.071979,2042
10106,r6i1p1f1,2042,09,02,0.0,24.753036,9.201715,2042
10107,r6i1p1f1,2042,09,03,0.0,29.389057,11.448553,2042
10108,r6i1p1f1,2042,09,04,0.0,33.59635,14.478864,2042
10109,r6i1p1f1,2042,09,05,0.0,34.075893,15.811502,2042
10110,r6i1p1f1,2042,09,06,0.0,33.343513,13.280442,2042
10111,r6i1p1f1,2042,09,07,0.09045870685527131,32.068485,12.456098,2042
10112,r6i1p1f1,2042,09,08,0.14296867955369733,29.856152,11.903461,2042
10113,r6i1p1f1,2042,09,09,0.024833781276198622,30.664787,12.950978,2042
10114,r6i1p1f1,2042,09,10,0.0,30.870733,12.254513,2042
10115,r6i1p1f1,2042,09,11,0.0,29.009586,8.905798,2042
10116,r6i1p1f1,2042,09,12,0.09058092153122464,17.73554,1.8238866,2042
10117,r6i1p1f1,2042,09,13,0.0,21.676977,4.0221815,2042
10118,r6i1p1f1,2042,09,14,0.0,24.232014,6.970079,2042
10119,r6i1p1f1,2042,09,15,0.0,22.47524,6.1117153,2042
10120,r6i1p1f1,2042,09,16,0.0,23.09672,5.211325,2042
10121,r6i1p1f1,2042,09,17,0.0,29.924837,10.25757,2042
10122,r6i1p1f1,2042,09,18,0.0,30.02738,9.875431,2042
10123,r6i1p1f1,2042,09,19,0.0,28.531809,9.366257,2042
10124,r6i1p1f1,2042,09,20,0.0036965727634112717,28.311563,9.867781,2042
10125,r6i1p1f1,2042,09,21,0.0,27.162342,9.394927,2042
10126,r6i1p1f1,2042,09,22,0.0034440144829962,22.260443,7.973794,2042
10127,r6i1p1f1,2042,09,23,0.0028371269606727806,21.974876,5.1038866,2042
10128,r6i1p1f1,2042,09,24,0.0,20.936834,5.182353,2042
10129,r6i1p1f1,2042,09,25,0.0,24.058334,4.689548,2042
10130,r6i1p1f1,2042,09,26,0.0,28.9902,8.4530325,2042
10131,r6i1p1f1,2042,09,27,0.0,29.942787,10.68322,2042
10132,r6i1p1f1,2042,09,28,0.0019609466529730557,30.908354,10.372639,2042
10133,r6i1p1f1,2042,09,29,0.0,31.230957,12.897788,2042
10134,r6i1p1f1,2042,09,30,0.0007550648588065968,29.03276,10.77921,2042
10135,r6i1p1f1,2042,10,01,0.4559872778587035,28.081562,7.5120883,2042
10136,r6i1p1f1,2042,10,02,0.0,28.399916,7.831345,2042
10137,r6i1p1f1,2042,10,03,0.0,27.899748,9.814533,2042
10138,r6i1p1f1,2042,10,04,0.21539830931480766,25.998117,10.185011,2042
10139,r6i1p1f1,2042,10,05,0.0,23.922318,5.3133764,2042
10140,r6i1p1f1,2042,10,06,0.0,23.498583,6.1253514,2042
10141,r6i1p1f1,2042,10,07,0.46735486972866425,18.890154,2.1716113,2042
10142,r6i1p1f1,2042,10,08,0.0,22.784412,4.523011,2042
10143,r6i1p1f1,2042,10,09,0.026924699080240862,25.491354,5.6551476,2042
10144,r6i1p1f1,2042,10,10,0.0121857921855829,24.642216,4.789731,2042
10145,r6i1p1f1,2042,10,11,22.94537249010157,15.789615,7.3366346,2042
10146,r6i1p1f1,2042,10,12,7.713389580998092,14.536301,4.0096917,2042
10147,r6i1p1f1,2042,10,13,11.632708554665994,13.37833,2.8077848,2042
10148,r6i1p1f1,2042,10,14,1.2579505637878943,15.71285,5.3034043,2042
10149,r6i1p1f1,2042,10,15,0.0,17.724302,2.207735,2042
10150,r6i1p1f1,2042,10,16,0.004694454743636883,17.542099,2.0459225,2042
10151,r6i1p1f1,2042,10,17,0.09415188240485176,16.397465,2.8139238,2042
10152,r6i1p1f1,2042,10,18,1.038675593194405,13.624554,1.2587596,2042
10153,r6i1p1f1,2042,10,19,25.287075919294377,14.153198,6.5564346,2042
10154,r6i1p1f1,2042,10,20,16.403000900171286,13.024322,3.45893,2042
10155,r6i1p1f1,2042,10,21,9.422636257985644,10.997802,1.973446,2042
10156,r6i1p1f1,2042,10,22,10.632381860405188,9.727614,-4.148526,2042
10157,r6i1p1f1,2042,10,23,0.0,11.461349,-2.4586396,2042
10158,r6i1p1f1,2042,10,24,0.0,12.970958,0.0037008803,2042
10159,r6i1p1f1,2042,10,25,0.6892587054862874,11.348826,4.7374063,2042
10160,r6i1p1f1,2042,10,26,0.0,13.49382,-0.2583784,2042
10161,r6i1p1f1,2042,10,27,0.0,13.938218,-0.8429157,2042
10162,r6i1p1f1,2042,10,28,0.0,13.976775,-1.4603384,2042
10163,r6i1p1f1,2042,10,29,0.0,17.707739,0.0061109858,2042
10164,r6i1p1f1,2042,10,30,0.04823124532210207,17.270292,1.6885905,2042
10165,r6i1p1f1,2042,10,31,18.667681710005606,10.738919,1.2513957,2042
10166,r6i1p1f1,2042,11,01,0.0,11.554239,-3.3486316,2042
10167,r6i1p1f1,2042,11,02,0.0,12.21853,-2.2917385,2042
10168,r6i1p1f1,2042,11,03,0.0,10.710906,-3.3235793,2042
10169,r6i1p1f1,2042,11,04,0.0,15.407958,-1.7641603,2042
10170,r6i1p1f1,2042,11,05,2.4309212379966336,14.423585,0.34588805,2042
10171,r6i1p1f1,2042,11,06,16.363583353771737,8.015015,-3.2459211,2042
10172,r6i1p1f1,2042,11,07,0.0,9.108392,-5.896593,2042
10173,r6i1p1f1,2042,11,08,0.0,12.670906,-3.0768282,2042
10174,r6i1p1f1,2042,11,09,0.0,13.518385,-0.3319409,2042
10175,r6i1p1f1,2042,11,10,5.509057899550723,11.153161,3.252423,2042
10176,r6i1p1f1,2042,11,11,10.280983153334937,7.6338177,0.153646,2042
10177,r6i1p1f1,2042,11,12,11.75295360913336,4.7031083,-2.654551,2042
10178,r6i1p1f1,2042,11,13,0.0,10.163424,-3.1148393,2042
10179,r6i1p1f1,2042,11,14,0.0,9.804465,-4.936637,2042
10180,r6i1p1f1,2042,11,15,0.026294762365423746,8.832331,-1.156941,2042
10181,r6i1p1f1,2042,11,16,0.0,13.49372,-1.1467795,2042
10182,r6i1p1f1,2042,11,17,0.04668535413592917,11.7848,1.3415607,2042
10183,r6i1p1f1,2042,11,18,0.0017778270826472157,8.415045,0.9716149,2042
10184,r6i1p1f1,2042,11,19,0.07366343775444541,13.053051,1.1772338,2042
10185,r6i1p1f1,2042,11,20,0.0,17.100206,0.31333548,2042
10186,r6i1p1f1,2042,11,21,0.0,18.665064,1.1906768,2042
10187,r6i1p1f1,2042,11,22,0.0,17.69931,1.70188,2042
10188,r6i1p1f1,2042,11,23,0.08738658373268497,15.072173,2.8984647,2042
10189,r6i1p1f1,2042,11,24,6.764909091598549,12.629718,2.5155847,2042
10190,r6i1p1f1,2042,11,25,4.230862683240647,9.7975235,-3.4564404,2042
10191,r6i1p1f1,2042,11,26,8.277097303592178,3.0585515,-3.5380223,2042
10192,r6i1p1f1,2042,11,27,14.361635659865383,2.3310852,-5.386224,2042
10193,r6i1p1f1,2042,11,28,17.665409609761475,4.025288,-5.5763593,2042
10194,r6i1p1f1,2042,11,29,17.890879352274474,6.7608624,-1.5871234,2042
10195,r6i1p1f1,2042,11,30,0.9052641824260093,7.453832,-4.43945,2042
10196,r6i1p1f1,2042,12,01,11.031010856041181,8.0862875,-0.34047478,2042
10197,r6i1p1f1,2042,12,02,3.235550636941286,6.5497584,-4.757223,2042
10198,r6i1p1f1,2042,12,03,7.654439525717529,3.587166,-3.2623835,2042
10199,r6i1p1f1,2042,12,04,7.479078774850837,6.9751315,0.19617063,2042
10200,r6i1p1f1,2042,12,05,30.21643917241572,8.364872,1.0908855,2042
10201,r6i1p1f1,2042,12,06,20.28475226651798,4.3726096,-7.1106257,2042
10202,r6i1p1f1,2042,12,07,0.0,2.140004,-8.677754,2042
10203,r6i1p1f1,2042,12,08,0.27603997896017535,0.86507064,-10.514168,2042
10204,r6i1p1f1,2042,12,09,4.1512076816072225,1.5778202,-9.257505,2042
10205,r6i1p1f1,2042,12,10,0.00019024251899435902,5.065652,-3.7950838,2042
10206,r6i1p1f1,2042,12,11,0.003629124291585064,3.1046007,-8.729259,2042
10207,r6i1p1f1,2042,12,12,0.0,4.091792,-7.0096226,2042
10208,r6i1p1f1,2042,12,13,0.0,4.7349973,-7.227154,2042
10209,r6i1p1f1,2042,12,14,0.0,4.5555778,-5.881538,2042
10210,r6i1p1f1,2042,12,15,0.30905200325917087,2.1602142,-3.5462,2042
10211,r6i1p1f1,2042,12,16,3.0733657326214123,-0.78192055,-12.389161,2042
10212,r6i1p1f1,2042,12,17,0.006070462878990283,-0.28132194,-10.458413,2042
10213,r6i1p1f1,2042,12,18,0.005150723111490833,0.73433685,-12.845479,2042
10214,r6i1p1f1,2042,12,19,3.071565619795665,-0.19462685,-10.733407,2042
10215,r6i1p1f1,2042,12,20,30.45948109949963,2.3526888,-6.1051345,2042
10216,r6i1p1f1,2042,12,21,0.5166224377728176,3.8027067,-6.589893,2042
10217,r6i1p1f1,2042,12,22,0.7909525612577215,0.32728752,-4.7462006,2042
10218,r6i1p1f1,2042,12,23,8.555953316767884,-0.76488715,-11.655016,2042
10219,r6i1p1f1,2042,12,24,16.885279644890314,2.9526465,-4.5500884,2042
10220,r6i1p1f1,2042,12,25,0.9607450550051609,3.4264708,-9.538565,2042
10221,r6i1p1f1,2042,12,26,0.0,3.340039,-14.057455,2042
10222,r6i1p1f1,2042,12,27,7.142372649185298,-1.3713667,-10.766073,2042
10223,r6i1p1f1,2042,12,28,7.157359513097567,0.11825907,-9.656903,2042
10224,r6i1p1f1,2042,12,29,6.73972573027725,1.8535286,-6.9801636,2042
10225,r6i1p1f1,2042,12,30,0.0,3.6204307,-3.3001318,2042
10226,r6i1p1f1,2042,12,31,1.750138076073405,2.28298,-7.0707803,2042
10227,r6i1p1f1,2043,01,01,16.671921058097585,4.3610563,-4.3689046,2043
10228,r6i1p1f1,2043,01,02,12.561575421366486,3.0672727,-3.037112,2043
10229,r6i1p1f1,2043,01,03,0.2008884077995725,4.453521,-1.2270747,2043
10230,r6i1p1f1,2043,01,04,0.0,9.66927,-2.3403075,2043
10231,r6i1p1f1,2043,01,05,0.0,11.346732,-1.8154489,2043
10232,r6i1p1f1,2043,01,06,0.0,12.419618,-0.18255344,2043
10233,r6i1p1f1,2043,01,07,8.636126650699959,9.747171,1.7021984,2043
10234,r6i1p1f1,2043,01,08,3.870446395008661,7.52782,-0.10671092,2043
10235,r6i1p1f1,2043,01,09,6.59249223203368,3.9928,-2.4990685,2043
10236,r6i1p1f1,2043,01,10,30.5612547062651,6.0997906,-0.062046003,2043
10237,r6i1p1f1,2043,01,11,0.10477943296631223,7.167832,0.07452572,2043
10238,r6i1p1f1,2043,01,12,0.0,7.6314445,-4.4480433,2043
10239,r6i1p1f1,2043,01,13,0.004738003540911549,10.638967,-2.6584282,2043
10240,r6i1p1f1,2043,01,14,13.22333212007918,7.3064404,-1.4602598,2043
10241,r6i1p1f1,2043,01,15,0.8981927415740532,7.492754,0.61652744,2043
10242,r6i1p1f1,2043,01,16,0.3248147742690485,9.96623,3.0543895,2043
10243,r6i1p1f1,2043,01,17,0.02109595558657794,9.719084,2.1154878,2043
10244,r6i1p1f1,2043,01,18,0.0,9.902675,-5.135957,2043
10245,r6i1p1f1,2043,01,19,0.0,10.788282,-5.0680227,2043
10246,r6i1p1f1,2043,01,20,0.0,8.406378,-6.368616,2043
10247,r6i1p1f1,2043,01,21,0.0,10.869218,-4.5493712,2043
10248,r6i1p1f1,2043,01,22,0.0,13.598945,-2.7892683,2043
10249,r6i1p1f1,2043,01,23,0.0,13.428011,-1.7997686,2043
10250,r6i1p1f1,2043,01,24,0.0,12.594321,-1.0322336,2043
10251,r6i1p1f1,2043,01,25,0.0,11.563865,-3.2010074,2043
10252,r6i1p1f1,2043,01,26,3.2319019842114316,8.554426,0.85017544,2043
10253,r6i1p1f1,2043,01,27,9.891270118245513,9.34179,2.6397052,2043
10254,r6i1p1f1,2043,01,28,0.00011011701492111849,14.624239,1.4022145,2043
10255,r6i1p1f1,2043,01,29,0.0,17.577599,1.823244,2043
10256,r6i1p1f1,2043,01,30,0.0,15.867335,1.2862278,2043
10257,r6i1p1f1,2043,01,31,0.0,17.380552,3.1814182,2043
10258,r6i1p1f1,2043,02,01,0.0,16.98892,2.3980465,2043
10259,r6i1p1f1,2043,02,02,0.036232427230653216,14.1344595,2.8284318,2043
10260,r6i1p1f1,2043,02,03,0.19262069216383076,13.626037,7.1714797,2043
10261,r6i1p1f1,2043,02,04,0.0,16.47211,0.94949067,2043
10262,r6i1p1f1,2043,02,05,0.0,15.390209,-0.8825437,2043
10263,r6i1p1f1,2043,02,06,0.0,10.090287,-6.3818555,2043
10264,r6i1p1f1,2043,02,07,0.0,14.740448,-2.1785953,2043
10265,r6i1p1f1,2043,02,08,0.0,14.700855,-1.183326,2043
10266,r6i1p1f1,2043,02,09,0.0,15.625487,0.24092166,2043
10267,r6i1p1f1,2043,02,10,0.0,16.512035,1.0589825,2043
10268,r6i1p1f1,2043,02,11,0.0,17.464714,1.3854202,2043
10269,r6i1p1f1,2043,02,12,0.0,17.438068,1.3382611,2043
10270,r6i1p1f1,2043,02,13,0.0,18.66118,2.3311648,2043
10271,r6i1p1f1,2043,02,14,0.0,18.839617,3.4124527,2043
10272,r6i1p1f1,2043,02,15,0.0,17.724972,2.122197,2043
10273,r6i1p1f1,2043,02,16,0.0,18.937607,2.8915734,2043
10274,r6i1p1f1,2043,02,17,0.0,17.587364,2.2870023,2043
10275,r6i1p1f1,2043,02,18,0.0,14.631062,0.16570267,2043
10276,r6i1p1f1,2043,02,19,4.406040419393052,12.28103,1.5386957,2043
10277,r6i1p1f1,2043,02,20,4.017108101856379,11.347236,0.4891396,2043
10278,r6i1p1f1,2043,02,21,7.797803131897487,9.512207,-0.39907736,2043
10279,r6i1p1f1,2043,02,22,5.541347947134494,6.339004,0.029357746,2043
10280,r6i1p1f1,2043,02,23,0.6379809898431658,5.928105,-3.3301034,2043
10281,r6i1p1f1,2043,02,24,0.0,7.848043,-6.6450796,2043
10282,r6i1p1f1,2043,02,25,0.0012723987302385206,7.169074,-3.4935946,2043
10283,r6i1p1f1,2043,02,26,0.0,5.538878,-7.1316233,2043
10284,r6i1p1f1,2043,02,27,0.0,6.496208,-8.91677,2043
10285,r6i1p1f1,2043,02,28,1.868691657424237,6.3816442,-2.9918487,2043
10286,r6i1p1f1,2043,03,01,0.0,9.666361,-3.8151302,2043
10287,r6i1p1f1,2043,03,02,3.5870344730026162,4.8624983,-7.9588103,2043
10288,r6i1p1f1,2043,03,03,0.13802009419700353,6.5506334,-2.1882348,2043
10289,r6i1p1f1,2043,03,04,0.1313686227204862,11.025938,1.7510747,2043
10290,r6i1p1f1,2043,03,05,2.503260975349218,11.220657,1.9901679,2043
10291,r6i1p1f1,2043,03,06,9.095908790076654,7.1511664,-6.0778184,2043
10292,r6i1p1f1,2043,03,07,0.0006991795987875874,6.879962,-4.252509,2043
10293,r6i1p1f1,2043,03,08,0.0,12.990749,-4.3105836,2043
10294,r6i1p1f1,2043,03,09,0.010539718641277816,13.139209,-1.6312777,2043
10295,r6i1p1f1,2043,03,10,0.0,16.179384,-0.4535077,2043
10296,r6i1p1f1,2043,03,11,8.582392691023259,9.683187,-5.085401,2043
10297,r6i1p1f1,2043,03,12,16.82595923702075,8.580618,-2.9120061,2043
10298,r6i1p1f1,2043,03,13,2.493397186946457,9.0366535,-1.2257541,2043
10299,r6i1p1f1,2043,03,14,3.5375114118982505,9.5076685,-2.7978256,2043
10300,r6i1p1f1,2043,03,15,14.034002406567758,5.6311164,-2.9817126,2043
10301,r6i1p1f1,2043,03,16,0.012054668639200171,5.3572197,-4.477592,2043
10302,r6i1p1f1,2043,03,17,2.387544958369331,3.9152608,-2.3505187,2043
10303,r6i1p1f1,2043,03,18,0.0,8.933383,-2.2473657,2043
10304,r6i1p1f1,2043,03,19,0.0,17.030357,-3.6042182,2043
10305,r6i1p1f1,2043,03,20,0.0,18.365892,-0.505914,2043
10306,r6i1p1f1,2043,03,21,0.42216606229027687,17.176481,1.4553509,2043
10307,r6i1p1f1,2043,03,22,35.837169064028174,9.265121,-3.8894804,2043
10308,r6i1p1f1,2043,03,23,2.5981811926004266,9.523341,-2.3821392,2043
10309,r6i1p1f1,2043,03,24,0.06115445647288241,12.228253,-2.9353673,2043
10310,r6i1p1f1,2043,03,25,5.625187443056416,7.388912,-2.5887766,2043
10311,r6i1p1f1,2043,03,26,0.0,13.247189,-5.474482,2043
10312,r6i1p1f1,2043,03,27,0.4538622386147527,10.517344,1.4124657,2043
10313,r6i1p1f1,2043,03,28,0.06063098224108408,12.125128,2.8762188,2043
10314,r6i1p1f1,2043,03,29,0.0,17.552523,-2.0190387,2043
10315,r6i1p1f1,2043,03,30,0.6046535848525855,12.767675,-3.4938645,2043
10316,r6i1p1f1,2043,03,31,4.1262772771418685,4.6985307,-4.6438155,2043
10317,r6i1p1f1,2043,04,01,0.0,11.998307,-4.2593164,2043
10318,r6i1p1f1,2043,04,02,0.0,17.898975,-2.6709101,2043
10319,r6i1p1f1,2043,04,03,0.0,23.371292,2.2762837,2043
10320,r6i1p1f1,2043,04,04,0.0,23.220207,4.649845,2043
10321,r6i1p1f1,2043,04,05,0.012997957682643332,18.305456,4.308088,2043
10322,r6i1p1f1,2043,04,06,0.015853876611372164,17.90954,1.4361304,2043
10323,r6i1p1f1,2043,04,07,0.0,20.2913,0.13903081,2043
10324,r6i1p1f1,2043,04,08,0.005535581010602674,20.681902,1.5978355,2043
10325,r6i1p1f1,2043,04,09,2.004409436868831,11.54285,-4.2662287,2043
10326,r6i1p1f1,2043,04,10,0.036004746343163294,8.923929,-1.6914172,2043
10327,r6i1p1f1,2043,04,11,0.28047837764793787,8.097893,-4.14595,2043
10328,r6i1p1f1,2043,04,12,0.004519189007622964,10.381374,-4.026874,2043
10329,r6i1p1f1,2043,04,13,0.0,17.917507,-3.1063662,2043
10330,r6i1p1f1,2043,04,14,0.0,19.514723,-0.23556405,2043
10331,r6i1p1f1,2043,04,15,0.0,18.814447,1.8331971,2043
10332,r6i1p1f1,2043,04,16,0.6369534227507221,15.393007,0.24749632,2043
10333,r6i1p1f1,2043,04,17,0.32375022416795785,16.332813,-1.6247147,2043
10334,r6i1p1f1,2043,04,18,0.09170061176197772,20.069553,2.23693,2043
10335,r6i1p1f1,2043,04,19,0.4703566118149161,18.693916,3.1501875,2043
10336,r6i1p1f1,2043,04,20,0.3360494825892407,15.022683,0.98519474,2043
10337,r6i1p1f1,2043,04,21,0.6182786385769741,11.504456,0.42752805,2043
10338,r6i1p1f1,2043,04,22,4.430271629957607,10.106859,-1.7010267,2043
10339,r6i1p1f1,2043,04,23,0.0,17.72963,-0.8807955,2043
10340,r6i1p1f1,2043,04,24,0.07237573382193618,18.148487,2.157815,2043
10341,r6i1p1f1,2043,04,25,8.641871775624553,8.837167,2.0475264,2043
10342,r6i1p1f1,2043,04,26,0.0,18.604876,-0.2773381,2043
10343,r6i1p1f1,2043,04,27,0.0,21.884663,3.2889764,2043
10344,r6i1p1f1,2043,04,28,0.0005272939199664372,22.236975,1.5853132,2043
10345,r6i1p1f1,2043,04,29,0.09021700769776721,20.085787,2.384771,2043
10346,r6i1p1f1,2043,04,30,12.020984730481931,11.835348,-0.8079321,2043
10347,r6i1p1f1,2043,05,01,16.076684149900487,10.598267,0.3173998,2043
10348,r6i1p1f1,2043,05,02,3.820013885426436,10.420477,-3.883404,2043
10349,r6i1p1f1,2043,05,03,1.3243393338518046,13.377308,1.0906076,2043
10350,r6i1p1f1,2043,05,04,10.832665345574235,11.748415,-4.711831,2043
10351,r6i1p1f1,2043,05,05,2.6498856249533373,8.513773,-6.071618,2043
10352,r6i1p1f1,2043,05,06,0.0009220739155071965,14.144322,-1.4428871,2043
10353,r6i1p1f1,2043,05,07,0.0,18.842218,1.2332917,2043
10354,r6i1p1f1,2043,05,08,10.16417074541889,12.691804,-1.5417393,2043
10355,r6i1p1f1,2043,05,09,12.748244353497867,11.232538,-1.5602801,2043
10356,r6i1p1f1,2043,05,10,10.021276857405669,12.758066,-1.1968352,2043
10357,r6i1p1f1,2043,05,11,2.398057185094091,13.379002,2.81407,2043
10358,r6i1p1f1,2043,05,12,2.4701282264660835,15.060521,-1.003495,2043
10359,r6i1p1f1,2043,05,13,0.03843669433292685,17.132664,-1.309726,2043
10360,r6i1p1f1,2043,05,14,0.5625853649982935,14.465518,-2.0004485,2043
10361,r6i1p1f1,2043,05,15,0.9909655915442832,15.51486,-1.871207,2043
10362,r6i1p1f1,2043,05,16,0.07701309155761764,18.573853,0.6659209,2043
10363,r6i1p1f1,2043,05,17,0.024965307412963118,21.131151,6.1357985,2043
10364,r6i1p1f1,2043,05,18,0.0,25.299618,6.331284,2043
10365,r6i1p1f1,2043,05,19,0.11908535375243329,26.699862,8.726013,2043
10366,r6i1p1f1,2043,05,20,0.3440708014025981,26.327578,10.296067,2043
10367,r6i1p1f1,2043,05,21,0.0,29.058687,9.2818575,2043
10368,r6i1p1f1,2043,05,22,0.0,30.044949,10.9400425,2043
10369,r6i1p1f1,2043,05,23,0.6243716056745175,29.953117,12.817024,2043
10370,r6i1p1f1,2043,05,24,0.0,29.22181,9.9040985,2043
10371,r6i1p1f1,2043,05,25,2.1935741181688404,27.573551,9.668399,2043
10372,r6i1p1f1,2043,05,26,0.0,27.688663,7.680013,2043
10373,r6i1p1f1,2043,05,27,0.014640580508871343,26.449266,8.325628,2043
10374,r6i1p1f1,2043,05,28,3.448117819553797,19.33846,1.209986,2043
10375,r6i1p1f1,2043,05,29,0.5182049960175313,19.602371,4.4301744,2043
10376,r6i1p1f1,2043,05,30,1.0218520193682086,18.293947,2.4466107,2043
10377,r6i1p1f1,2043,05,31,0.6922657678496752,15.64632,0.42828014,2043
10378,r6i1p1f1,2043,06,01,0.061889938189573925,19.662542,4.2547607,2043
10379,r6i1p1f1,2043,06,02,0.0,21.522709,3.3918238,2043
10380,r6i1p1f1,2043,06,03,0.38716492402025765,20.539167,4.201086,2043
10381,r6i1p1f1,2043,06,04,0.11381779049386538,19.976746,5.0952277,2043
10382,r6i1p1f1,2043,06,05,0.18179750635776834,16.68575,-0.24978803,2043
10383,r6i1p1f1,2043,06,06,0.0,18.867672,0.58245826,2043
10384,r6i1p1f1,2043,06,07,0.0,18.912128,1.9782155,2043
10385,r6i1p1f1,2043,06,08,0.0,21.098885,1.8193471,2043
10386,r6i1p1f1,2043,06,09,0.0,24.065538,4.035258,2043
10387,r6i1p1f1,2043,06,10,0.0,27.008787,7.4855647,2043
10388,r6i1p1f1,2043,06,11,0.0,29.876385,10.279361,2043
10389,r6i1p1f1,2043,06,12,0.039748286909970315,30.215992,11.425648,2043
10390,r6i1p1f1,2043,06,13,1.208621370945345,26.353382,7.2597666,2043
10391,r6i1p1f1,2043,06,14,0.06965593062489765,21.331903,4.6689825,2043
10392,r6i1p1f1,2043,06,15,1.9344129275769053,16.665209,0.81921405,2043
10393,r6i1p1f1,2043,06,16,1.2751298292475388,16.519463,2.3143682,2043
10394,r6i1p1f1,2043,06,17,0.007477121579225356,23.878746,4.9345984,2043
10395,r6i1p1f1,2043,06,18,0.0006606706636896847,27.748377,8.658468,2043
10396,r6i1p1f1,2043,06,19,0.04455175340409548,27.826448,10.057673,2043
10397,r6i1p1f1,2043,06,20,1.3642469763409368,27.50301,6.662249,2043
10398,r6i1p1f1,2043,06,21,0.011679895131593399,30.018621,10.328494,2043
10399,r6i1p1f1,2043,06,22,0.0,31.284534,9.783029,2043
10400,r6i1p1f1,2043,06,23,0.0,29.213167,9.865087,2043
10401,r6i1p1f1,2043,06,24,0.0,26.830492,7.5581965,2043
10402,r6i1p1f1,2043,06,25,0.0,25.203142,5.044209,2043
10403,r6i1p1f1,2043,06,26,0.1869645477196894,26.87867,6.117932,2043
10404,r6i1p1f1,2043,06,27,0.5113427791504951,26.980068,6.8502784,2043
10405,r6i1p1f1,2043,06,28,0.0,30.04711,10.372238,2043
10406,r6i1p1f1,2043,06,29,0.0,31.423887,11.770943,2043
10407,r6i1p1f1,2043,06,30,0.0,30.53453,11.693942,2043
10408,r6i1p1f1,2043,07,01,0.0,28.025759,10.707113,2043
10409,r6i1p1f1,2043,07,02,0.004047417359833294,28.185804,8.87591,2043
10410,r6i1p1f1,2043,07,03,0.0,28.307373,6.9659033,2043
10411,r6i1p1f1,2043,07,04,0.0,30.57861,8.422376,2043
10412,r6i1p1f1,2043,07,05,0.0,32.170494,10.184856,2043
10413,r6i1p1f1,2043,07,06,0.033490695881471015,33.377888,14.382728,2043
10414,r6i1p1f1,2043,07,07,0.02878801120145663,34.54337,13.003528,2043
10415,r6i1p1f1,2043,07,08,0.0,33.559628,13.290058,2043
10416,r6i1p1f1,2043,07,09,0.04060910793169656,33.185566,12.943479,2043
10417,r6i1p1f1,2043,07,10,0.0,33.700306,14.596998,2043
10418,r6i1p1f1,2043,07,11,0.0,34.23305,14.076073,2043
10419,r6i1p1f1,2043,07,12,0.0,35.409523,14.733691,2043
10420,r6i1p1f1,2043,07,13,0.0,36.668594,16.29017,2043
10421,r6i1p1f1,2043,07,14,0.0,35.291233,14.907413,2043
10422,r6i1p1f1,2043,07,15,0.0,34.171448,13.983449,2043
10423,r6i1p1f1,2043,07,16,0.10087732587082218,34.427677,14.430156,2043
10424,r6i1p1f1,2043,07,17,0.0266719909259876,35.063194,15.444319,2043
10425,r6i1p1f1,2043,07,18,0.030022307296682007,35.76729,16.170446,2043
10426,r6i1p1f1,2043,07,19,0.0021495702176841146,35.413322,15.52737,2043
10427,r6i1p1f1,2043,07,20,0.0,33.575047,12.540075,2043
10428,r6i1p1f1,2043,07,21,0.0,32.807735,11.174215,2043
10429,r6i1p1f1,2043,07,22,0.0,33.40703,12.436859,2043
10430,r6i1p1f1,2043,07,23,0.8624218706377521,32.405945,12.747944,2043
10431,r6i1p1f1,2043,07,24,0.0,32.73292,12.473011,2043
10432,r6i1p1f1,2043,07,25,0.0,33.87958,14.063104,2043
10433,r6i1p1f1,2043,07,26,0.0,33.352074,13.063129,2043
10434,r6i1p1f1,2043,07,27,0.0,30.977736,11.166519,2043
10435,r6i1p1f1,2043,07,28,0.0,30.146275,10.310846,2043
10436,r6i1p1f1,2043,07,29,0.0,31.101698,10.154853,2043
10437,r6i1p1f1,2043,07,30,2.782330593306994e-05,32.04994,10.98819,2043
10438,r6i1p1f1,2043,07,31,0.0,31.026634,10.846995,2043
10439,r6i1p1f1,2043,08,01,0.0,30.219267,10.54358,2043
10440,r6i1p1f1,2043,08,02,0.0007182627991996686,31.625868,10.848025,2043
10441,r6i1p1f1,2043,08,03,0.0,34.577805,11.855669,2043
10442,r6i1p1f1,2043,08,04,0.0,37.05956,13.011903,2043
10443,r6i1p1f1,2043,08,05,0.0,38.16132,15.302507,2043
10444,r6i1p1f1,2043,08,06,0.0,37.12652,14.585283,2043
10445,r6i1p1f1,2043,08,07,0.0,35.517117,13.562308,2043
10446,r6i1p1f1,2043,08,08,0.0,35.143917,12.45885,2043
10447,r6i1p1f1,2043,08,09,0.0,35.73596,13.035775,2043
10448,r6i1p1f1,2043,08,10,0.0,35.602684,13.987582,2043
10449,r6i1p1f1,2043,08,11,0.0,34.42034,12.942463,2043
10450,r6i1p1f1,2043,08,12,0.0,32.584785,11.615739,2043
10451,r6i1p1f1,2043,08,13,0.0,33.372578,11.445487,2043
10452,r6i1p1f1,2043,08,14,0.0,34.531254,12.621435,2043
10453,r6i1p1f1,2043,08,15,0.0,34.521667,12.696496,2043
10454,r6i1p1f1,2043,08,16,0.0,34.67326,12.85832,2043
10455,r6i1p1f1,2043,08,17,0.0,33.410255,12.440057,2043
10456,r6i1p1f1,2043,08,18,0.005517448339387794,32.22984,11.893624,2043
10457,r6i1p1f1,2043,08,19,0.0,32.573708,11.275747,2043
10458,r6i1p1f1,2043,08,20,0.0,32.411667,10.5836115,2043
10459,r6i1p1f1,2043,08,21,0.0,32.43305,11.938544,2043
10460,r6i1p1f1,2043,08,22,0.0,32.48798,12.199025,2043
10461,r6i1p1f1,2043,08,23,1.2803652466349993,29.346428,9.206052,2043
10462,r6i1p1f1,2043,08,24,0.0,29.883783,10.462668,2043
10463,r6i1p1f1,2043,08,25,0.0,29.75048,9.582284,2043
10464,r6i1p1f1,2043,08,26,0.0,27.638939,7.882422,2043
10465,r6i1p1f1,2043,08,27,0.0,26.840681,7.1906233,2043
10466,r6i1p1f1,2043,08,28,0.0,25.777508,6.6483445,2043
10467,r6i1p1f1,2043,08,29,0.0,21.340912,3.773845,2043
10468,r6i1p1f1,2043,08,30,0.0,26.49494,4.491999,2043
10469,r6i1p1f1,2043,08,31,0.0,31.564186,8.744016,2043
10470,r6i1p1f1,2043,09,01,0.017329833266915895,30.47384,9.397919,2043
10471,r6i1p1f1,2043,09,02,0.03651064985714152,27.896053,7.063998,2043
10472,r6i1p1f1,2043,09,03,0.19478276613198003,27.315157,6.610636,2043
10473,r6i1p1f1,2043,09,04,0.13198769103058816,27.102068,8.007911,2043
10474,r6i1p1f1,2043,09,05,0.0,30.531916,10.143765,2043
10475,r6i1p1f1,2043,09,06,0.0,31.643507,12.251918,2043
10476,r6i1p1f1,2043,09,07,0.05247743796798107,28.395298,9.755102,2043
10477,r6i1p1f1,2043,09,08,0.0036225879222292995,27.248507,8.001669,2043
10478,r6i1p1f1,2043,09,09,0.0,30.742096,10.101395,2043
10479,r6i1p1f1,2043,09,10,0.0,31.571154,10.185235,2043
10480,r6i1p1f1,2043,09,11,0.0,30.431864,9.432585,2043
10481,r6i1p1f1,2043,09,12,0.0,30.364202,11.738025,2043
10482,r6i1p1f1,2043,09,13,0.0,30.043724,9.853001,2043
10483,r6i1p1f1,2043,09,14,0.0,30.7831,10.108792,2043
10484,r6i1p1f1,2043,09,15,0.0,31.876606,10.798412,2043
10485,r6i1p1f1,2043,09,16,0.0,32.565365,12.120533,2043
10486,r6i1p1f1,2043,09,17,0.0,32.955105,11.205311,2043
10487,r6i1p1f1,2043,09,18,0.0,33.612076,13.215611,2043
10488,r6i1p1f1,2043,09,19,0.5142901853214172,29.810959,14.287615,2043
10489,r6i1p1f1,2043,09,20,3.62839624845482,29.332476,10.3390465,2043
10490,r6i1p1f1,2043,09,21,0.0,28.913563,8.631664,2043
10491,r6i1p1f1,2043,09,22,0.0,24.308878,6.2970977,2043
10492,r6i1p1f1,2043,09,23,0.0,28.705023,7.768479,2043
10493,r6i1p1f1,2043,09,24,0.0,31.923853,10.711963,2043
10494,r6i1p1f1,2043,09,25,0.0,33.594475,12.849849,2043
10495,r6i1p1f1,2043,09,26,0.0,34.29657,13.391168,2043
10496,r6i1p1f1,2043,09,27,0.0,30.769016,10.19527,2043
10497,r6i1p1f1,2043,09,28,0.0,28.969845,9.055563,2043
10498,r6i1p1f1,2043,09,29,0.0,31.110266,10.211712,2043
10499,r6i1p1f1,2043,09,30,0.0,32.04429,11.270333,2043
10500,r6i1p1f1,2043,10,01,0.0,31.667667,10.877473,2043
10501,r6i1p1f1,2043,10,02,0.0,31.63156,11.730156,2043
10502,r6i1p1f1,2043,10,03,0.0,28.952791,7.9417,2043
10503,r6i1p1f1,2043,10,04,0.0,22.827412,3.6510875,2043
10504,r6i1p1f1,2043,10,05,4.711979700954872,11.946163,-4.725106,2043
10505,r6i1p1f1,2043,10,06,0.16800995633816337,5.534418,-6.1473236,2043
10506,r6i1p1f1,2043,10,07,0.009115074644718774,8.548722,-3.6201265,2043
10507,r6i1p1f1,2043,10,08,0.0,17.07056,-3.242366,2043
10508,r6i1p1f1,2043,10,09,0.0012436049993404792,17.39678,1.3476868,2043
10509,r6i1p1f1,2043,10,10,0.012273969742723849,17.95353,4.992436,2043
10510,r6i1p1f1,2043,10,11,0.0,18.065863,1.6605537,2043
10511,r6i1p1f1,2043,10,12,0.00012555736968433657,16.572275,2.0696306,2043
10512,r6i1p1f1,2043,10,13,0.0,20.347683,0.24203481,2043
10513,r6i1p1f1,2043,10,14,0.0,25.896189,4.0549316,2043
10514,r6i1p1f1,2043,10,15,0.0,28.77085,7.4329333,2043
10515,r6i1p1f1,2043,10,16,0.0,27.352436,6.136915,2043
10516,r6i1p1f1,2043,10,17,4.371047999068771,19.912928,3.2361727,2043
10517,r6i1p1f1,2043,10,18,0.0,16.538069,-0.35568672,2043
10518,r6i1p1f1,2043,10,19,0.0,22.01486,-0.6051074,2043
10519,r6i1p1f1,2043,10,20,0.0,22.057758,3.0919356,2043
10520,r6i1p1f1,2043,10,21,0.0002015622737501384,16.877197,1.2937175,2043
10521,r6i1p1f1,2043,10,22,0.05260133112277445,16.842878,3.4806018,2043
10522,r6i1p1f1,2043,10,23,0.0,26.285858,6.9010034,2043
10523,r6i1p1f1,2043,10,24,0.0,27.03897,7.845561,2043
10524,r6i1p1f1,2043,10,25,0.0,26.285694,7.149114,2043
10525,r6i1p1f1,2043,10,26,0.0,24.835865,7.6528635,2043
10526,r6i1p1f1,2043,10,27,0.0,23.270418,5.7431793,2043
10527,r6i1p1f1,2043,10,28,0.0,22.4927,5.093578,2043
10528,r6i1p1f1,2043,10,29,0.29229612785202763,21.099218,6.1100984,2043
10529,r6i1p1f1,2043,10,30,4.330675517449972,14.134665,5.6103234,2043
10530,r6i1p1f1,2043,10,31,0.0,19.616026,2.4051566,2043
10531,r6i1p1f1,2043,11,01,0.0,19.972874,1.4441878,2043
10532,r6i1p1f1,2043,11,02,0.0,18.080389,0.7405242,2043
10533,r6i1p1f1,2043,11,03,0.0,15.855145,-0.6492062,2043
10534,r6i1p1f1,2043,11,04,0.0,15.44227,-3.091062,2043
10535,r6i1p1f1,2043,11,05,0.0,16.747953,-1.2157812,2043
10536,r6i1p1f1,2043,11,06,0.0,17.316404,-1.3325689,2043
10537,r6i1p1f1,2043,11,07,0.0,18.518896,0.59668034,2043
10538,r6i1p1f1,2043,11,08,0.07410835436815616,18.226358,3.6472359,2043
10539,r6i1p1f1,2043,11,09,14.106729837023781,13.503653,2.3655903,2043
10540,r6i1p1f1,2043,11,10,7.647911016724314,11.392665,4.601116,2043
10541,r6i1p1f1,2043,11,11,6.376588046052828,10.87617,1.1363292,2043
10542,r6i1p1f1,2043,11,12,2.28810192944805,9.726078,0.9494551,2043
10543,r6i1p1f1,2043,11,13,0.8861329996589359,9.938768,0.34071487,2043
10544,r6i1p1f1,2043,11,14,7.301003345679114,8.992159,-4.768632,2043
10545,r6i1p1f1,2043,11,15,0.0,10.095503,-4.171377,2043
10546,r6i1p1f1,2043,11,16,0.0,9.582371,-2.4792967,2043
10547,r6i1p1f1,2043,11,17,9.067497564780851,7.2620068,-1.8372567,2043
10548,r6i1p1f1,2043,11,18,6.220715134450021,5.22217,-1.0203764,2043
10549,r6i1p1f1,2043,11,19,4.288397980115975,5.741551,-0.4383223,2043
10550,r6i1p1f1,2043,11,20,5.155012056594036,4.9762306,-2.3019862,2043
10551,r6i1p1f1,2043,11,21,2.896620888491997,5.0001774,-3.9427178,2043
10552,r6i1p1f1,2043,11,22,1.5107476292073232,5.787353,-3.9259937,2043
10553,r6i1p1f1,2043,11,23,0.22900617893896988,9.699828,-3.0311654,2043
10554,r6i1p1f1,2043,11,24,0.0,13.772509,-1.8830979,2043
10555,r6i1p1f1,2043,11,25,0.0,13.698365,-2.9242895,2043
10556,r6i1p1f1,2043,11,26,0.0,12.887678,-2.9063466,2043
10557,r6i1p1f1,2043,11,27,0.0,14.094171,-3.510704,2043
10558,r6i1p1f1,2043,11,28,0.0,13.800794,-4.0050735,2043
10559,r6i1p1f1,2043,11,29,0.0,11.780078,-4.0677147,2043
10560,r6i1p1f1,2043,11,30,0.0,14.485839,-4.182341,2043
10561,r6i1p1f1,2043,12,01,2.6464732804219673,9.0901785,-2.565067,2043
10562,r6i1p1f1,2043,12,02,4.386132238443887,0.07830721,-8.004732,2043
10563,r6i1p1f1,2043,12,03,1.6916045375164404,-1.1439049,-9.352228,2043
10564,r6i1p1f1,2043,12,04,0.0,2.7210464,-9.361421,2043
10565,r6i1p1f1,2043,12,05,0.000289648632440051,6.593541,-4.8369193,2043
10566,r6i1p1f1,2043,12,06,0.053266066237757675,8.994148,0.97215617,2043
10567,r6i1p1f1,2043,12,07,0.4405862178838796,7.6919665,-2.2854517,2043
10568,r6i1p1f1,2043,12,08,0.0,6.1848536,-6.541789,2043
10569,r6i1p1f1,2043,12,09,0.0,9.586436,-5.082719,2043
10570,r6i1p1f1,2043,12,10,0.004035491081435514,10.323693,-4.380368,2043
10571,r6i1p1f1,2043,12,11,0.0,8.419987,-3.6545892,2043
10572,r6i1p1f1,2043,12,12,0.0,8.607392,-4.852283,2043
10573,r6i1p1f1,2043,12,13,0.0,11.194605,-3.156184,2043
10574,r6i1p1f1,2043,12,14,0.0,13.6785145,-0.7962816,2043
10575,r6i1p1f1,2043,12,15,0.0,15.166228,0.50964713,2043
10576,r6i1p1f1,2043,12,16,0.0,15.229399,0.6956643,2043
10577,r6i1p1f1,2043,12,17,0.0,14.598089,0.44335803,2043
10578,r6i1p1f1,2043,12,18,0.0,14.633643,0.77548444,2043
10579,r6i1p1f1,2043,12,19,0.0,16.316713,1.323411,2043
10580,r6i1p1f1,2043,12,20,10.762942264251228,11.355383,-0.607395,2043
10581,r6i1p1f1,2043,12,21,4.142993647711236,9.134796,1.0401622,2043
10582,r6i1p1f1,2043,12,22,0.0,12.046865,5.3124666,2043
10583,r6i1p1f1,2043,12,23,0.788406469553861,11.279453,3.7814786,2043
10584,r6i1p1f1,2043,12,24,3.157634296980384,10.20454,2.351883,2043
10585,r6i1p1f1,2043,12,25,0.0,8.966862,1.6082193,2043
10586,r6i1p1f1,2043,12,26,0.0986878558806319,8.381831,2.1197412,2043
10587,r6i1p1f1,2043,12,27,2.171018656362798,10.131983,3.3323166,2043
10588,r6i1p1f1,2043,12,28,2.3040599630588283,13.245772,4.3340425,2043
10589,r6i1p1f1,2043,12,29,0.0010274044174067814,15.685077,1.8455807,2043
10590,r6i1p1f1,2043,12,30,8.093149981236598,9.770799,1.4850156,2043
10591,r6i1p1f1,2043,12,31,0.0,8.78268,-2.6252654,2043
10592,r6i1p1f1,2044,01,01,5.3952435170303366,6.474986,-2.7240245,2044
10593,r6i1p1f1,2044,01,02,1.7933036575880665,6.8135943,0.46861058,2044
10594,r6i1p1f1,2044,01,03,0.006941040352639955,6.07745,-1.6490524,2044
10595,r6i1p1f1,2044,01,04,0.0,8.938662,-6.3474526,2044
10596,r6i1p1f1,2044,01,05,4.106652016169408,3.0779226,-4.328337,2044
10597,r6i1p1f1,2044,01,06,6.051940399745222,3.4103017,-10.5946665,2044
10598,r6i1p1f1,2044,01,07,0.0,2.5894356,-10.154657,2044
10599,r6i1p1f1,2044,01,08,5.0676792399223075e-05,2.1727765,-6.581504,2044
10600,r6i1p1f1,2044,01,09,0.0,1.1944711,-9.498548,2044
10601,r6i1p1f1,2044,01,10,1.438969010622121,-2.6022046,-10.876493,2044
10602,r6i1p1f1,2044,01,11,3.8886874608022994,3.6227627,-8.40323,2044
10603,r6i1p1f1,2044,01,12,31.987800990448612,7.9737935,-0.634391,2044
10604,r6i1p1f1,2044,01,13,39.35927274833239,8.697971,-0.16491222,2044
10605,r6i1p1f1,2044,01,14,14.509041147562336,5.21441,-3.340099,2044
10606,r6i1p1f1,2044,01,15,11.583326186308197,1.3477309,-5.011137,2044
10607,r6i1p1f1,2044,01,16,0.007903528241055507,2.7427254,-8.16522,2044
10608,r6i1p1f1,2044,01,17,0.0,2.8713086,-12.320592,2044
10609,r6i1p1f1,2044,01,18,11.641132392243115,-1.9288398,-11.076452,2044
10610,r6i1p1f1,2044,01,19,4.628521174192102,-0.8635986,-6.928369,2044
10611,r6i1p1f1,2044,01,20,3.671781188598666,1.3777872,-10.432945,2044
10612,r6i1p1f1,2044,01,21,0.011472357097910623,4.390502,-12.979458,2044
10613,r6i1p1f1,2044,01,22,0.0,5.9514985,-10.492503,2044
10614,r6i1p1f1,2044,01,23,13.338597748102554,4.308285,-7.3880644,2044
10615,r6i1p1f1,2044,01,24,25.90998592283746,2.6911292,-4.2932324,2044
10616,r6i1p1f1,2044,01,25,17.255163606627058,6.7736454,-1.2279804,2044
10617,r6i1p1f1,2044,01,26,18.667991833095858,6.585641,-0.29142582,2044
10618,r6i1p1f1,2044,01,27,0.0,5.5305347,-2.2254739,2044
10619,r6i1p1f1,2044,01,28,0.0,4.8056803,-4.958188,2044
10620,r6i1p1f1,2044,01,29,0.0,3.9339724,-5.792489,2044
10621,r6i1p1f1,2044,01,30,3.1839022843646654,0.84699196,-4.8568816,2044
10622,r6i1p1f1,2044,01,31,0.05507571542153224,3.349055,-2.5698254,2044
10623,r6i1p1f1,2044,02,01,0.0,5.6325355,-8.107312,2044
10624,r6i1p1f1,2044,02,02,0.0,9.016136,-6.1232157,2044
10625,r6i1p1f1,2044,02,03,34.10074053470915,6.7087736,-1.2136548,2044
10626,r6i1p1f1,2044,02,04,26.497093340767,8.838601,1.059749,2044
10627,r6i1p1f1,2044,02,05,14.29651961508073,6.750963,-1.8061548,2044
10628,r6i1p1f1,2044,02,06,29.399565969870192,9.35687,-2.2120216,2044
10629,r6i1p1f1,2044,02,07,28.358416176217652,10.225302,2.9299898,2044
10630,r6i1p1f1,2044,02,08,36.45737167744335,9.325049,-1.7879499,2044
10631,r6i1p1f1,2044,02,09,0.07308676043629371,8.02165,-1.7056092,2044
10632,r6i1p1f1,2044,02,10,0.01840176210001525,6.6730404,-5.5253625,2044
10633,r6i1p1f1,2044,02,11,0.0,9.864591,-4.473421,2044
10634,r6i1p1f1,2044,02,12,0.0,11.176547,-2.3604288,2044
10635,r6i1p1f1,2044,02,13,0.0,13.798265,-0.5900065,2044
10636,r6i1p1f1,2044,02,14,0.0,16.493248,0.77857596,2044
10637,r6i1p1f1,2044,02,15,0.0,15.351091,0.21680856,2044
10638,r6i1p1f1,2044,02,16,0.0,15.635012,-0.26426923,2044
10639,r6i1p1f1,2044,02,17,0.0,16.58659,1.6472402,2044
10640,r6i1p1f1,2044,02,18,0.11596518600792803,18.11931,3.3178332,2044
10641,r6i1p1f1,2044,02,19,0.0,14.778678,-0.13469724,2044
10642,r6i1p1f1,2044,02,20,0.004280510993383452,11.318568,-3.8351831,2044
10643,r6i1p1f1,2044,02,21,0.08094195212807916,6.613392,-5.280921,2044
10644,r6i1p1f1,2044,02,22,0.018774486092859526,3.5064266,-7.441292,2044
10645,r6i1p1f1,2044,02,23,0.02774168103306614,2.4048986,-10.573989,2044
10646,r6i1p1f1,2044,02,24,0.0043991045844788456,2.3699741,-12.232734,2044
10647,r6i1p1f1,2044,02,25,0.0,2.4465137,-11.962509,2044
10648,r6i1p1f1,2044,02,26,0.0,6.605203,-8.883982,2044
10649,r6i1p1f1,2044,02,27,5.781406121872509,5.401788,-8.901064,2044
10650,r6i1p1f1,2044,02,28,33.261788576982646,5.5849695,-1.7621337,2044
10651,r6i1p1f1,2044,02,29,14.739971662768129,7.415971,-1.7827846,2044
10652,r6i1p1f1,2044,03,01,1.7329855567395436,5.036526,-4.11496,2044
10653,r6i1p1f1,2044,03,02,0.2383558418664902,9.045547,-4.1207266,2044
10654,r6i1p1f1,2044,03,03,21.82219009942269,4.7896767,-1.7179968,2044
10655,r6i1p1f1,2044,03,04,14.20591205945964,5.270219,-5.5803466,2044
10656,r6i1p1f1,2044,03,05,9.029185827681768,4.3767414,-4.815605,2044
10657,r6i1p1f1,2044,03,06,41.24769584908196,7.256359,-1.6389831,2044
10658,r6i1p1f1,2044,03,07,0.02980103995213905,10.841027,-1.7766265,2044
10659,r6i1p1f1,2044,03,08,17.480941733984103,7.018775,-1.9066154,2044
10660,r6i1p1f1,2044,03,09,6.305060307990732,6.7016625,-2.6290188,2044
10661,r6i1p1f1,2044,03,10,19.46733086008749,4.438867,-2.465351,2044
10662,r6i1p1f1,2044,03,11,0.37311603693615764,5.131738,-5.0548077,2044
10663,r6i1p1f1,2044,03,12,0.0,6.2129636,-6.6224504,2044
10664,r6i1p1f1,2044,03,13,0.00014081268685119238,9.039331,-5.3919406,2044
10665,r6i1p1f1,2044,03,14,1.3372282742637012,6.9349556,-2.6731715,2044
10666,r6i1p1f1,2044,03,15,0.03489412700229658,8.224962,-3.708609,2044
10667,r6i1p1f1,2044,03,16,0.0007174580200526573,8.977725,-3.6509995,2044
10668,r6i1p1f1,2044,03,17,0.0,10.516564,-4.78611,2044
10669,r6i1p1f1,2044,03,18,0.02006983615306255,13.456914,-2.9417937,2044
10670,r6i1p1f1,2044,03,19,0.00012642316041921949,12.795204,-3.827666,2044
10671,r6i1p1f1,2044,03,20,0.9530797816181997,6.2097673,-9.349793,2044
10672,r6i1p1f1,2044,03,21,0.002928859913432478,3.532949,-7.8671007,2044
10673,r6i1p1f1,2044,03,22,0.00291768455819288,7.1551986,-6.2547603,2044
10674,r6i1p1f1,2044,03,23,0.0,11.121258,-6.8974996,2044
10675,r6i1p1f1,2044,03,24,0.33596555696103975,8.494441,-1.5403031,2044
10676,r6i1p1f1,2044,03,25,0.0,8.085846,-10.347322,2044
10677,r6i1p1f1,2044,03,26,0.0,12.275676,-6.237745,2044
10678,r6i1p1f1,2044,03,27,0.0,13.464324,0.4832263,2044
10679,r6i1p1f1,2044,03,28,0.0028234369084843792,12.476738,-1.1421872,2044
10680,r6i1p1f1,2044,03,29,0.0,10.00541,-6.9887605,2044
10681,r6i1p1f1,2044,03,30,0.0,13.24134,-5.9789414,2044
10682,r6i1p1f1,2044,03,31,0.0,17.85201,-2.97887,2044
10683,r6i1p1f1,2044,04,01,0.0,19.099766,-0.46625295,2044
10684,r6i1p1f1,2044,04,02,0.0008329185323699122,16.59325,-1.0112287,2044
10685,r6i1p1f1,2044,04,03,0.24019332483132647,7.062989,-7.9994493,2044
10686,r6i1p1f1,2044,04,04,6.106518065439839,0.9637107,-6.1562834,2044
10687,r6i1p1f1,2044,04,05,4.999323277320315,1.0639333,-6.9767375,2044
10688,r6i1p1f1,2044,04,06,2.743702126263292,-0.59796053,-17.047192,2044
10689,r6i1p1f1,2044,04,07,0.24111812420583612,4.229757,-13.868271,2044
10690,r6i1p1f1,2044,04,08,0.0016750743971148383,6.940614,-9.257516,2044
10691,r6i1p1f1,2044,04,09,0.0,7.897291,-8.552272,2044
10692,r6i1p1f1,2044,04,10,0.0,13.883027,-6.277729,2044
10693,r6i1p1f1,2044,04,11,1.5529762409413521,13.639454,-5.894685,2044
10694,r6i1p1f1,2044,04,12,15.603766139906996,9.465138,-0.07395758,2044
10695,r6i1p1f1,2044,04,13,6.45798293853897,8.262941,-3.5709012,2044
10696,r6i1p1f1,2044,04,14,0.3345596004439911,9.035028,-3.0817928,2044
10697,r6i1p1f1,2044,04,15,0.006199312994959338,8.033687,-4.458655,2044
10698,r6i1p1f1,2044,04,16,0.0,9.194508,-7.158656,2044
10699,r6i1p1f1,2044,04,17,0.0,9.6467495,-6.960324,2044
10700,r6i1p1f1,2044,04,18,0.0,10.222619,-1.159947,2044
10701,r6i1p1f1,2044,04,19,2.229833901635249,10.758363,1.6479231,2044
10702,r6i1p1f1,2044,04,20,0.6753683183694933,14.843532,-0.83341694,2044
10703,r6i1p1f1,2044,04,21,0.41544435011483943,17.0117,-0.2333697,2044
10704,r6i1p1f1,2044,04,22,1.336653678930877,14.86388,-1.1966432,2044
10705,r6i1p1f1,2044,04,23,0.05848050165060561,14.127305,1.8912807,2044
10706,r6i1p1f1,2044,04,24,0.08780267223069183,15.429551,6.6552334,2044
10707,r6i1p1f1,2044,04,25,0.13039694330842455,16.999178,2.068433,2044
10708,r6i1p1f1,2044,04,26,6.506437323153373,10.385715,0.6669009,2044
10709,r6i1p1f1,2044,04,27,1.0533995279272976,12.435358,0.16525005,2044
10710,r6i1p1f1,2044,04,28,2.1103641705723053,11.541478,-0.8221936,2044
10711,r6i1p1f1,2044,04,29,0.0,21.49585,0.9730368,2044
10712,r6i1p1f1,2044,04,30,0.0,23.763134,3.647765,2044
10713,r6i1p1f1,2044,05,01,0.0,24.200823,5.173441,2044
10714,r6i1p1f1,2044,05,02,0.0,25.869257,6.5258546,2044
10715,r6i1p1f1,2044,05,03,0.006486483900170655,26.022488,5.04447,2044
10716,r6i1p1f1,2044,05,04,0.0015258044589316858,22.457697,2.5577908,2044
10717,r6i1p1f1,2044,05,05,0.0,22.244751,5.563349,2044
10718,r6i1p1f1,2044,05,06,1.7628994496575097,19.554653,2.0566878,2044
10719,r6i1p1f1,2044,05,07,2.259035713669224,12.422646,-0.82066673,2044
10720,r6i1p1f1,2044,05,08,0.6883915682650605,15.892047,1.8537401,2044
10721,r6i1p1f1,2044,05,09,0.0,21.242952,2.1997538,2044
10722,r6i1p1f1,2044,05,10,0.0,19.538511,1.5232807,2044
10723,r6i1p1f1,2044,05,11,1.5629280970525716,16.798855,2.0898118,2044
10724,r6i1p1f1,2044,05,12,0.0,23.076159,2.8857255,2044
10725,r6i1p1f1,2044,05,13,0.0,24.945564,4.411974,2044
10726,r6i1p1f1,2044,05,14,0.0,25.39151,9.077511,2044
10727,r6i1p1f1,2044,05,15,1.4985386979229245,21.951187,4.8526273,2044
10728,r6i1p1f1,2044,05,16,5.414630724716192,13.460247,-0.38700736,2044
10729,r6i1p1f1,2044,05,17,10.554057369319453,11.206477,-2.660778,2044
10730,r6i1p1f1,2044,05,18,4.694007530829238,13.200863,-2.8488688,2044
10731,r6i1p1f1,2044,05,19,1.0489242475312335,20.446646,1.3238289,2044
10732,r6i1p1f1,2044,05,20,0.0,25.370682,4.8129616,2044
10733,r6i1p1f1,2044,05,21,3.3334893243342183,21.670868,5.0960927,2044
10734,r6i1p1f1,2044,05,22,17.159710598467473,11.634786,-0.4671717,2044
10735,r6i1p1f1,2044,05,23,5.948510007527304,12.438184,-1.9864329,2044
10736,r6i1p1f1,2044,05,24,0.5784360232372494,18.356047,-0.70493317,2044
10737,r6i1p1f1,2044,05,25,0.9715678262471567,21.995932,1.3076273,2044
10738,r6i1p1f1,2044,05,26,0.0,25.156475,6.8342295,2044
10739,r6i1p1f1,2044,05,27,0.0034800308074293567,26.004372,7.107549,2044
10740,r6i1p1f1,2044,05,28,1.2443514548429127e-05,26.47738,8.169058,2044
10741,r6i1p1f1,2044,05,29,3.6827557981795356,19.152813,1.88667,2044
10742,r6i1p1f1,2044,05,30,14.736710476045614,11.040907,0.12465365,2044
10743,r6i1p1f1,2044,05,31,0.3076990752827829,14.618794,2.8623416,2044
10744,r6i1p1f1,2044,06,01,0.41745176370289977,20.34894,0.8380016,2044
10745,r6i1p1f1,2044,06,02,3.3948140912671536,15.900976,1.4089651,2044
10746,r6i1p1f1,2044,06,03,2.595107185245341,12.828458,0.5416802,2044
10747,r6i1p1f1,2044,06,04,5.238230796828454,13.212812,0.537396,2044
10748,r6i1p1f1,2044,06,05,0.0021507984975217614,19.22357,2.622016,2044
10749,r6i1p1f1,2044,06,06,0.0,22.397884,2.2043157,2044
10750,r6i1p1f1,2044,06,07,0.0,24.638153,6.6912017,2044
10751,r6i1p1f1,2044,06,08,0.0,23.017532,6.2550936,2044
10752,r6i1p1f1,2044,06,09,0.0,21.23931,3.092075,2044
10753,r6i1p1f1,2044,06,10,0.0,21.241655,2.1755874,2044
10754,r6i1p1f1,2044,06,11,0.0,22.739641,5.1022243,2044
10755,r6i1p1f1,2044,06,12,0.0006855879400234335,21.375174,6.291957,2044
10756,r6i1p1f1,2044,06,13,0.0022193243201196846,19.855452,3.3640766,2044
10757,r6i1p1f1,2044,06,14,0.0,19.890474,3.2533479,2044
10758,r6i1p1f1,2044,06,15,0.0,22.140102,5.623412,2044
10759,r6i1p1f1,2044,06,16,0.0,27.51244,7.160635,2044
10760,r6i1p1f1,2044,06,17,0.0,29.152407,10.12093,2044
10761,r6i1p1f1,2044,06,18,0.0,28.978014,8.488917,2044
10762,r6i1p1f1,2044,06,19,0.8117551402576311,21.682808,3.0579653,2044
10763,r6i1p1f1,2044,06,20,0.0,25.791632,8.224951,2044
10764,r6i1p1f1,2044,06,21,0.0,28.93082,7.806456,2044
10765,r6i1p1f1,2044,06,22,0.0,28.56013,8.912256,2044
10766,r6i1p1f1,2044,06,23,0.0,32.273624,11.822522,2044
10767,r6i1p1f1,2044,06,24,0.0,32.452007,12.924603,2044
10768,r6i1p1f1,2044,06,25,0.0,34.28197,13.343823,2044
10769,r6i1p1f1,2044,06,26,0.0,34.859226,13.988344,2044
10770,r6i1p1f1,2044,06,27,0.010461088225601005,31.414131,11.228525,2044
10771,r6i1p1f1,2044,06,28,0.5831726085888297,26.49244,8.281612,2044
10772,r6i1p1f1,2044,06,29,0.0,28.668478,7.765646,2044
10773,r6i1p1f1,2044,06,30,0.0,31.484417,10.626758,2044
10774,r6i1p1f1,2044,07,01,0.0,34.001587,12.58258,2044
10775,r6i1p1f1,2044,07,02,0.0,33.99709,13.019999,2044
10776,r6i1p1f1,2044,07,03,0.0,33.794872,13.834735,2044
10777,r6i1p1f1,2044,07,04,0.0,31.97346,10.925976,2044
10778,r6i1p1f1,2044,07,05,0.0,30.56085,9.759731,2044
10779,r6i1p1f1,2044,07,06,0.0,30.686647,9.134254,2044
10780,r6i1p1f1,2044,07,07,0.04599059623273447,31.026266,10.340834,2044
10781,r6i1p1f1,2044,07,08,0.031173133869818574,30.9545,9.821438,2044
10782,r6i1p1f1,2044,07,09,0.19340108138588302,30.864063,9.199785,2044
10783,r6i1p1f1,2044,07,10,0.004802271845078027,29.126993,8.418386,2044
10784,r6i1p1f1,2044,07,11,0.0,29.22136,9.719711,2044
10785,r6i1p1f1,2044,07,12,0.0,29.210054,9.673743,2044
10786,r6i1p1f1,2044,07,13,0.0,28.253878,9.313066,2044
10787,r6i1p1f1,2044,07,14,0.0,29.192165,9.013996,2044
10788,r6i1p1f1,2044,07,15,0.0,32.57054,11.628198,2044
10789,r6i1p1f1,2044,07,16,0.0,33.183483,12.379621,2044
10790,r6i1p1f1,2044,07,17,0.0,32.015,11.627362,2044
10791,r6i1p1f1,2044,07,18,0.0,31.667614,10.993094,2044
10792,r6i1p1f1,2044,07,19,0.0,32.246346,11.102563,2044
10793,r6i1p1f1,2044,07,20,0.0,31.794178,11.392052,2044
10794,r6i1p1f1,2044,07,21,0.0,32.917736,11.399613,2044
10795,r6i1p1f1,2044,07,22,0.2895725294575543,31.271544,11.180811,2044
10796,r6i1p1f1,2044,07,23,0.04096130380761137,27.026554,8.248966,2044
10797,r6i1p1f1,2044,07,24,0.9404896430790897,25.06991,6.182456,2044
10798,r6i1p1f1,2044,07,25,0.0,24.73858,9.1280985,2044
10799,r6i1p1f1,2044,07,26,1.222619630917404,26.26618,8.083542,2044
10800,r6i1p1f1,2044,07,27,1.1659340043607305,28.510752,8.5530615,2044
10801,r6i1p1f1,2044,07,28,0.0,27.330074,8.145302,2044
10802,r6i1p1f1,2044,07,29,0.0,30.571812,10.274658,2044
10803,r6i1p1f1,2044,07,30,0.0,32.781067,11.0661335,2044
10804,r6i1p1f1,2044,07,31,0.0,32.329082,11.423706,2044
10805,r6i1p1f1,2044,08,01,0.0,30.962805,10.4652405,2044
10806,r6i1p1f1,2044,08,02,0.0002546492535529463,30.22769,10.640353,2044
10807,r6i1p1f1,2044,08,03,0.0,30.494738,10.197229,2044
10808,r6i1p1f1,2044,08,04,0.0,32.864647,12.08259,2044
10809,r6i1p1f1,2044,08,05,0.0,34.16361,13.34637,2044
10810,r6i1p1f1,2044,08,06,0.0,34.412724,13.479147,2044
10811,r6i1p1f1,2044,08,07,0.0,33.879696,12.653293,2044
10812,r6i1p1f1,2044,08,08,0.0,32.63241,11.7102995,2044
10813,r6i1p1f1,2044,08,09,0.0,31.277126,10.834457,2044
10814,r6i1p1f1,2044,08,10,0.0,30.364193,10.538463,2044
10815,r6i1p1f1,2044,08,11,0.7398607713911622,29.314442,10.823067,2044
10816,r6i1p1f1,2044,08,12,0.0,31.42786,11.253218,2044
10817,r6i1p1f1,2044,08,13,3.248984211617954,35.34004,16.265936,2044
10818,r6i1p1f1,2044,08,14,2.571461033951107,30.727999,11.636076,2044
10819,r6i1p1f1,2044,08,15,0.17448613128281645,29.818192,10.227792,2044
10820,r6i1p1f1,2044,08,16,0.047429841160890586,29.942076,13.081708,2044
10821,r6i1p1f1,2044,08,17,0.000637695940874939,31.219406,11.687648,2044
10822,r6i1p1f1,2044,08,18,0.00418402781483669,30.842188,11.238072,2044
10823,r6i1p1f1,2044,08,19,0.0,30.245272,13.093852,2044
10824,r6i1p1f1,2044,08,20,0.29153235527492305,30.343657,13.33985,2044
10825,r6i1p1f1,2044,08,21,0.18522462765068223,29.592527,10.395494,2044
10826,r6i1p1f1,2044,08,22,0.09620392677923564,27.947104,8.906782,2044
10827,r6i1p1f1,2044,08,23,7.680273229382783,29.192888,10.360359,2044
10828,r6i1p1f1,2044,08,24,0.5634292650140555,31.210875,11.948486,2044
10829,r6i1p1f1,2044,08,25,0.8491098835377668,31.960604,12.473404,2044
10830,r6i1p1f1,2044,08,26,0.00012400749738115114,30.486004,11.684357,2044
10831,r6i1p1f1,2044,08,27,0.08081470405781262,29.17084,9.2466545,2044
10832,r6i1p1f1,2044,08,28,0.9647713890867142,22.43212,5.1689043,2044
10833,r6i1p1f1,2044,08,29,0.0,19.403088,2.3400955,2044
10834,r6i1p1f1,2044,08,30,0.0,25.304031,5.446707,2044
10835,r6i1p1f1,2044,08,31,0.0,25.639097,6.641934,2044
10836,r6i1p1f1,2044,09,01,0.0,27.193802,7.465032,2044
10837,r6i1p1f1,2044,09,02,0.0,28.109169,10.27997,2044
10838,r6i1p1f1,2044,09,03,0.03680406929078102,28.43998,10.86905,2044
10839,r6i1p1f1,2044,09,04,0.14043689316148286,31.295115,12.132433,2044
10840,r6i1p1f1,2044,09,05,0.0,31.904491,12.866003,2044
10841,r6i1p1f1,2044,09,06,0.03296661866314357,29.919804,10.202233,2044
10842,r6i1p1f1,2044,09,07,0.0,30.629496,11.731504,2044
10843,r6i1p1f1,2044,09,08,0.0,29.830427,9.849822,2044
10844,r6i1p1f1,2044,09,09,0.0,27.44355,9.806467,2044
10845,r6i1p1f1,2044,09,10,0.17239748478823264,26.520872,7.96577,2044
10846,r6i1p1f1,2044,09,11,0.002546377027466274,27.246256,8.23693,2044
10847,r6i1p1f1,2044,09,12,0.1767860474257967,27.026068,9.383101,2044
10848,r6i1p1f1,2044,09,13,0.31895553150181216,27.206825,9.633841,2044
10849,r6i1p1f1,2044,09,14,0.0,26.951637,9.793136,2044
10850,r6i1p1f1,2044,09,15,0.0,28.500713,9.753144,2044
10851,r6i1p1f1,2044,09,16,0.0,28.733929,9.783046,2044
10852,r6i1p1f1,2044,09,17,0.0,30.851952,10.424368,2044
10853,r6i1p1f1,2044,09,18,0.0,31.66206,11.041879,2044
10854,r6i1p1f1,2044,09,19,0.0,32.14299,11.463923,2044
10855,r6i1p1f1,2044,09,20,0.0,32.305954,11.780274,2044
10856,r6i1p1f1,2044,09,21,0.0,32.885708,11.903111,2044
10857,r6i1p1f1,2044,09,22,0.0013986124102332849,32.548546,11.495289,2044
10858,r6i1p1f1,2044,09,23,0.0,31.051117,11.250493,2044
10859,r6i1p1f1,2044,09,24,0.0,29.722519,9.432774,2044
10860,r6i1p1f1,2044,09,25,0.0,28.198128,6.0484233,2044
10861,r6i1p1f1,2044,09,26,0.0,22.801172,2.443588,2044
10862,r6i1p1f1,2044,09,27,0.22818882200230542,18.80913,1.2900103,2044
10863,r6i1p1f1,2044,09,28,0.003960803364081739,18.325722,2.785114,2044
10864,r6i1p1f1,2044,09,29,0.5697331229056755,21.690674,5.0583415,2044
10865,r6i1p1f1,2044,09,30,0.0,26.566229,7.31024,2044
10866,r6i1p1f1,2044,10,01,0.0,25.749577,6.1617117,2044
10867,r6i1p1f1,2044,10,02,0.00014297508473225826,19.09097,2.6729884,2044
10868,r6i1p1f1,2044,10,03,0.007083054124902502,20.365059,3.9163043,2044
10869,r6i1p1f1,2044,10,04,1.5374176194241436,19.447218,4.907127,2044
10870,r6i1p1f1,2044,10,05,15.7544340259799,16.880442,2.0597453,2044
10871,r6i1p1f1,2044,10,06,1.6806604516972523,15.132646,6.3149495,2044
10872,r6i1p1f1,2044,10,07,0.0,20.099121,2.6983883,2044
10873,r6i1p1f1,2044,10,08,0.0,22.961246,5.0970993,2044
10874,r6i1p1f1,2044,10,09,6.658522438352765,19.045576,1.7140349,2044
10875,r6i1p1f1,2044,10,10,1.587718132569432,12.458121,0.07892717,2044
10876,r6i1p1f1,2044,10,11,15.640803930093345,13.01393,0.4350547,2044
10877,r6i1p1f1,2044,10,12,17.216865418077273,9.81535,0.2516945,2044
10878,r6i1p1f1,2044,10,13,0.0,15.731454,1.6418281,2044
10879,r6i1p1f1,2044,10,14,0.011630365156500393,17.294235,3.4340234,2044
10880,r6i1p1f1,2044,10,15,0.0,17.690788,1.9249659,2044
10881,r6i1p1f1,2044,10,16,0.0,21.113806,2.847139,2044
10882,r6i1p1f1,2044,10,17,0.0,22.419336,3.4197319,2044
10883,r6i1p1f1,2044,10,18,0.0,21.976837,3.9576569,2044
10884,r6i1p1f1,2044,10,19,0.0,20.861155,1.1212194,2044
10885,r6i1p1f1,2044,10,20,0.0,21.600105,1.9965526,2044
10886,r6i1p1f1,2044,10,21,0.0,22.386919,2.0499985,2044
10887,r6i1p1f1,2044,10,22,0.0,23.69288,3.1276286,2044
10888,r6i1p1f1,2044,10,23,0.0,24.323793,4.0511293,2044
10889,r6i1p1f1,2044,10,24,0.0,25.324066,6.691072,2044
10890,r6i1p1f1,2044,10,25,0.0,25.167679,6.7166944,2044
10891,r6i1p1f1,2044,10,26,0.0,21.909164,4.1595907,2044
10892,r6i1p1f1,2044,10,27,0.0,19.405783,2.2387145,2044
10893,r6i1p1f1,2044,10,28,0.757906479533342,17.875877,1.5289373,2044
10894,r6i1p1f1,2044,10,29,0.9621934257974186,16.839947,1.7935395,2044
10895,r6i1p1f1,2044,10,30,0.0,18.81593,1.1862116,2044
10896,r6i1p1f1,2044,10,31,0.7712320022882416,16.100222,2.3015134,2044
10897,r6i1p1f1,2044,11,01,2.771206615016525,12.30685,1.9198587,2044
10898,r6i1p1f1,2044,11,02,0.0,12.721966,-3.0016782,2044
10899,r6i1p1f1,2044,11,03,0.0,13.164843,-2.1595402,2044
10900,r6i1p1f1,2044,11,04,0.00716874762607323,10.918837,-4.9232616,2044
10901,r6i1p1f1,2044,11,05,0.0,10.342855,-5.9331927,2044
10902,r6i1p1f1,2044,11,06,0.0,10.124495,-6.0765395,2044
10903,r6i1p1f1,2044,11,07,0.0,11.077768,-4.7689166,2044
10904,r6i1p1f1,2044,11,08,0.7544326046489195,9.854372,-0.84495336,2044
10905,r6i1p1f1,2044,11,09,0.0,12.644984,-4.2894163,2044
10906,r6i1p1f1,2044,11,10,0.0,13.399486,-2.8108656,2044
10907,r6i1p1f1,2044,11,11,0.0,15.826638,-3.079562,2044
10908,r6i1p1f1,2044,11,12,0.0,15.203421,-1.9359689,2044
10909,r6i1p1f1,2044,11,13,0.0,15.380576,0.14587191,2044
10910,r6i1p1f1,2044,11,14,0.0010096403041666344,12.969786,2.4109342,2044
10911,r6i1p1f1,2044,11,15,9.91286830610902,8.345864,1.68104,2044
10912,r6i1p1f1,2044,11,16,31.49898696966063,10.1429825,2.8300073,2044
10913,r6i1p1f1,2044,11,17,0.0,12.4706745,-0.4332006,2044
10914,r6i1p1f1,2044,11,18,2.5306155834341517,7.7783165,-1.3948276,2044
10915,r6i1p1f1,2044,11,19,19.92629796520977,9.911757,2.9272776,2044
10916,r6i1p1f1,2044,11,20,1.4943842217484342,11.008265,0.91964686,2044
10917,r6i1p1f1,2044,11,21,0.0,12.081103,-1.7500416,2044
10918,r6i1p1f1,2044,11,22,0.10534720440122151,8.768861,-0.68685824,2044
10919,r6i1p1f1,2044,11,23,22.831309584000774,8.585012,-1.5057085,2044
10920,r6i1p1f1,2044,11,24,0.16454285074755773,7.4531646,1.3896917,2044
10921,r6i1p1f1,2044,11,25,15.890121989775094,5.564998,-0.43152696,2044
10922,r6i1p1f1,2044,11,26,4.7091080958978155,5.754824,-2.445851,2044
10923,r6i1p1f1,2044,11,27,18.99534106835651,4.2308497,-1.9764848,2044
10924,r6i1p1f1,2044,11,28,16.5157007364599,5.089568,-2.0923193,2044
10925,r6i1p1f1,2044,11,29,30.374098223019818,6.573751,-1.5276475,2044
10926,r6i1p1f1,2044,11,30,11.801878210152614,4.863318,-4.747296,2044
10927,r6i1p1f1,2044,12,01,21.15417498675086,4.3905573,-2.272834,2044
10928,r6i1p1f1,2044,12,02,0.028466876132518835,6.319003,-1.9849416,2044
10929,r6i1p1f1,2044,12,03,0.043310042370549036,7.0415397,-1.9393257,2044
10930,r6i1p1f1,2044,12,04,0.0,9.26803,-2.9358659,2044
10931,r6i1p1f1,2044,12,05,0.0,12.450656,-0.92225796,2044
10932,r6i1p1f1,2044,12,06,0.004977754440891972,12.333898,1.3864052,2044
10933,r6i1p1f1,2044,12,07,9.315296719791357,6.986201,-0.21366288,2044
10934,r6i1p1f1,2044,12,08,38.20065499781856,7.1447024,-1.6506393,2044
10935,r6i1p1f1,2044,12,09,0.032839781884950216,7.782225,-2.324247,2044
10936,r6i1p1f1,2044,12,10,0.0,8.780156,-3.0164645,2044
10937,r6i1p1f1,2044,12,11,0.0,10.122217,-2.4813848,2044
10938,r6i1p1f1,2044,12,12,0.0,12.987837,-1.9480095,2044
10939,r6i1p1f1,2044,12,13,0.0,12.635727,-1.3759363,2044
10940,r6i1p1f1,2044,12,14,1.0044894608878037,8.684464,-2.0920832,2044
10941,r6i1p1f1,2044,12,15,0.0,11.608842,1.4612602,2044
10942,r6i1p1f1,2044,12,16,18.027699318456175,9.907915,-0.6711515,2044
10943,r6i1p1f1,2044,12,17,0.0,7.7032695,-3.318183,2044
10944,r6i1p1f1,2044,12,18,59.044265203328,3.840271,-6.050926,2044
10945,r6i1p1f1,2044,12,19,39.78770824767976,5.4045815,-2.4092882,2044
10946,r6i1p1f1,2044,12,20,39.610023439895684,5.002956,-4.885002,2044
10947,r6i1p1f1,2044,12,21,1.8254326123439506,0.60490876,-6.3596973,2044
10948,r6i1p1f1,2044,12,22,0.773129039105392,0.47160342,-7.1439333,2044
10949,r6i1p1f1,2044,12,23,38.75435628719306,6.029058,-4.445105,2044
10950,r6i1p1f1,2044,12,24,28.11176536721286,7.0274596,-4.512444,2044
10951,r6i1p1f1,2044,12,25,0.0,4.364012,-7.6959825,2044
10952,r6i1p1f1,2044,12,26,0.019489516346254458,1.2320406,-10.406706,2044
10953,r6i1p1f1,2044,12,27,0.0,4.930247,-8.400889,2044
10954,r6i1p1f1,2044,12,28,0.0,8.404023,-4.5802317,2044
10955,r6i1p1f1,2044,12,29,0.0,9.017593,-0.90998507,2044
10956,r6i1p1f1,2044,12,30,0.2739007799669452,12.886943,0.45187116,2044
10957,r6i1p1f1,2044,12,31,0.0,11.351851,0.3715851,2044
10958,r6i1p1f1,2045,01,01,15.57008138988088,5.5187755,-0.6711932,2045
10959,r6i1p1f1,2045,01,02,3.518333242721189,9.324928,0.48963797,2045
10960,r6i1p1f1,2045,01,03,0.0,11.867482,-0.41021776,2045
10961,r6i1p1f1,2045,01,04,0.0,12.058209,1.4522543,2045
10962,r6i1p1f1,2045,01,05,0.0,13.733097,0.60689473,2045
10963,r6i1p1f1,2045,01,06,0.0,12.885299,-0.7507651,2045
10964,r6i1p1f1,2045,01,07,0.0,12.065279,-0.37064573,2045
10965,r6i1p1f1,2045,01,08,0.0,12.098141,-0.32842213,2045
10966,r6i1p1f1,2045,01,09,0.0,13.314008,0.06983238,2045
10967,r6i1p1f1,2045,01,10,0.0,14.563313,1.0310863,2045
10968,r6i1p1f1,2045,01,11,0.003767355004156766,7.711844,-2.98271,2045
10969,r6i1p1f1,2045,01,12,16.18625499412687,-0.72223806,-6.2848787,2045
10970,r6i1p1f1,2045,01,13,20.3993132455712,-0.43040487,-9.752461,2045
10971,r6i1p1f1,2045,01,14,46.62832980290457,9.136124,-4.8812847,2045
10972,r6i1p1f1,2045,01,15,47.72784543129228,9.350207,0.37819406,2045
10973,r6i1p1f1,2045,01,16,14.045122245877044,5.276003,-0.671714,2045
10974,r6i1p1f1,2045,01,17,16.5589682905528,10.458699,-1.6853013,2045
10975,r6i1p1f1,2045,01,18,11.009278086001633,5.9029336,-4.2530236,2045
10976,r6i1p1f1,2045,01,19,14.980370462300666,2.2776852,-4.6473,2045
10977,r6i1p1f1,2045,01,20,27.547857717945394,9.466309,-2.7566862,2045
10978,r6i1p1f1,2045,01,21,16.617726569912282,8.155137,-3.7863233,2045
10979,r6i1p1f1,2045,01,22,19.838426647023265,7.4818854,-3.3860762,2045
10980,r6i1p1f1,2045,01,23,24.088334191091825,0.7472067,-4.6899667,2045
10981,r6i1p1f1,2045,01,24,19.706532044220097,1.1463768,-7.951367,2045
10982,r6i1p1f1,2045,01,25,24.60150012756191,6.1865935,-2.0702147,2045
10983,r6i1p1f1,2045,01,26,14.140009797172889,9.304712,-1.890923,2045
10984,r6i1p1f1,2045,01,27,14.074386981408807,11.048764,-2.369968,2045
10985,r6i1p1f1,2045,01,28,15.479873483265113,9.94807,2.4646542,2045
10986,r6i1p1f1,2045,01,29,8.64349470271429,7.744273,-0.5109411,2045
10987,r6i1p1f1,2045,01,30,13.984041606422135,4.7798085,-3.9913588,2045
10988,r6i1p1f1,2045,01,31,0.029465959711332475,5.310678,-6.086042,2045
10989,r6i1p1f1,2045,02,01,1.3433221544390443,6.852772,-5.097219,2045
10990,r6i1p1f1,2045,02,02,0.0,10.544356,-3.2898254,2045
10991,r6i1p1f1,2045,02,03,0.0,10.4999695,-1.8032581,2045
10992,r6i1p1f1,2045,02,04,0.17250053836329232,7.371243,-0.45213464,2045
10993,r6i1p1f1,2045,02,05,0.0,9.198918,-4.691312,2045
10994,r6i1p1f1,2045,02,06,0.0,10.367651,-4.9263215,2045
10995,r6i1p1f1,2045,02,07,0.00591393769886703,11.674077,-3.5434632,2045
10996,r6i1p1f1,2045,02,08,0.0,10.187713,-4.6334767,2045
10997,r6i1p1f1,2045,02,09,0.0,12.410192,-3.8436418,2045
10998,r6i1p1f1,2045,02,10,0.12764125822332767,10.154714,-2.719076,2045
10999,r6i1p1f1,2045,02,11,0.164935183767096,9.182362,-0.063390635,2045
11000,r6i1p1f1,2045,02,12,2.7693049230313633,6.59094,0.42616013,2045
11001,r6i1p1f1,2045,02,13,0.0020681045363213665,10.549858,-0.75307727,2045
11002,r6i1p1f1,2045,02,14,0.0,13.969921,-1.7598016,2045
11003,r6i1p1f1,2045,02,15,0.0,15.08958,-2.073907,2045
11004,r6i1p1f1,2045,02,16,0.048815541910826654,15.181408,-1.8235092,2045
11005,r6i1p1f1,2045,02,17,7.072493892696987,9.59016,-4.0782027,2045
11006,r6i1p1f1,2045,02,18,0.7393990025739108,2.9873946,-13.0211935,2045
11007,r6i1p1f1,2045,02,19,0.8111088984079196,-0.037241396,-14.8569765,2045
11008,r6i1p1f1,2045,02,20,24.368316069961377,0.68943524,-12.148144,2045
11009,r6i1p1f1,2045,02,21,40.027389234339104,9.269388,-5.611035,2045
11010,r6i1p1f1,2045,02,22,8.549414815474096,5.7412014,-5.932224,2045
11011,r6i1p1f1,2045,02,23,10.390508361253211,4.0844655,-8.370772,2045
11012,r6i1p1f1,2045,02,24,20.415823711046873,6.5195127,-1.1598247,2045
11013,r6i1p1f1,2045,02,25,25.65273782698488,8.042802,-3.2530255,2045
11014,r6i1p1f1,2045,02,26,13.522839647405728,7.915492,-3.1473804,2045
11015,r6i1p1f1,2045,02,27,0.0,13.665041,-2.5703094,2045
11016,r6i1p1f1,2045,02,28,0.00016340647770225292,10.962601,-2.0713882,2045
11017,r6i1p1f1,2045,03,01,0.0,9.5035305,-7.879425,2045
11018,r6i1p1f1,2045,03,02,0.0,8.62406,-8.571862,2045
11019,r6i1p1f1,2045,03,03,0.0,9.985047,-9.147509,2045
11020,r6i1p1f1,2045,03,04,0.0,14.269506,-6.434905,2045
11021,r6i1p1f1,2045,03,05,0.0,15.410171,-3.6534693,2045
11022,r6i1p1f1,2045,03,06,0.0,15.083211,-0.8365421,2045
11023,r6i1p1f1,2045,03,07,0.004651963232057234,12.387698,2.9871705,2045
11024,r6i1p1f1,2045,03,08,0.0,17.942524,-0.34619197,2045
11025,r6i1p1f1,2045,03,09,0.0,18.4063,0.3960939,2045
11026,r6i1p1f1,2045,03,10,0.0,17.928785,1.2707068,2045
11027,r6i1p1f1,2045,03,11,1.0091927921218655,14.42021,-2.6316247,2045
11028,r6i1p1f1,2045,03,12,4.386836955720349,8.954712,-0.5001668,2045
11029,r6i1p1f1,2045,03,13,2.240747228172224e-05,11.18053,-3.8022897,2045
11030,r6i1p1f1,2045,03,14,0.0,15.969743,-3.2449017,2045
11031,r6i1p1f1,2045,03,15,0.0,20.476124,0.54995435,2045
11032,r6i1p1f1,2045,03,16,0.0,21.843348,2.6482744,2045
11033,r6i1p1f1,2045,03,17,0.0,21.671244,3.0931325,2045
11034,r6i1p1f1,2045,03,18,0.0,14.654014,-3.5167236,2045
11035,r6i1p1f1,2045,03,19,0.0,15.743344,-4.06262,2045
11036,r6i1p1f1,2045,03,20,0.0,19.60384,0.35368642,2045
11037,r6i1p1f1,2045,03,21,0.0,20.352127,0.27472463,2045
11038,r6i1p1f1,2045,03,22,0.0,20.50106,1.4516367,2045
11039,r6i1p1f1,2045,03,23,0.0,21.347422,1.566763,2045
11040,r6i1p1f1,2045,03,24,0.0,22.91936,4.285541,2045
11041,r6i1p1f1,2045,03,25,0.0,22.727135,7.723725,2045
11042,r6i1p1f1,2045,03,26,0.0,20.910116,2.8216338,2045
11043,r6i1p1f1,2045,03,27,0.0,22.035032,3.324817,2045
11044,r6i1p1f1,2045,03,28,0.0,23.467497,3.9002612,2045
11045,r6i1p1f1,2045,03,29,0.0,24.544102,4.4286275,2045
11046,r6i1p1f1,2045,03,30,0.0,24.874535,4.8040547,2045
11047,r6i1p1f1,2045,03,31,0.38611385512136887,20.509735,2.705372,2045
11048,r6i1p1f1,2045,04,01,1.4482762541631318,14.450833,-0.6606821,2045
11049,r6i1p1f1,2045,04,02,0.16388571733061966,13.207761,-3.0258489,2045
11050,r6i1p1f1,2045,04,03,0.3485118632084458,11.536637,-0.49900422,2045
11051,r6i1p1f1,2045,04,04,4.471616479480763,10.425254,0.8030497,2045
11052,r6i1p1f1,2045,04,05,0.001440103432044723,14.374198,-2.9590697,2045
11053,r6i1p1f1,2045,04,06,0.20951121153296345,16.745722,-0.8990138,2045
11054,r6i1p1f1,2045,04,07,0.02603712035475737,15.935739,-1.0592492,2045
11055,r6i1p1f1,2045,04,08,0.0,19.851938,1.9070792,2045
11056,r6i1p1f1,2045,04,09,0.0,20.17284,0.5306068,2045
11057,r6i1p1f1,2045,04,10,0.0,18.949451,0.99819124,2045
11058,r6i1p1f1,2045,04,11,0.0,20.293957,2.7611938,2045
11059,r6i1p1f1,2045,04,12,0.0,24.091997,3.7259517,2045
11060,r6i1p1f1,2045,04,13,0.888134689402999,21.796719,2.3406153,2045
11061,r6i1p1f1,2045,04,14,0.15110993068614206,16.887865,-0.4964813,2045
11062,r6i1p1f1,2045,04,15,0.0,17.594675,-0.75653726,2045
11063,r6i1p1f1,2045,04,16,0.0,19.540073,1.137606,2045
11064,r6i1p1f1,2045,04,17,0.3065908796084104,18.279585,0.054467957,2045
11065,r6i1p1f1,2045,04,18,0.4504415391996412,18.651815,0.27010423,2045
11066,r6i1p1f1,2045,04,19,0.0,21.889372,2.4410286,2045
11067,r6i1p1f1,2045,04,20,0.0,22.27959,3.3396978,2045
11068,r6i1p1f1,2045,04,21,0.0,23.433615,3.0411758,2045
11069,r6i1p1f1,2045,04,22,0.24228636660406047,22.30677,3.7791274,2045
11070,r6i1p1f1,2045,04,23,1.6398027292308166,19.430502,2.4742863,2045
11071,r6i1p1f1,2045,04,24,0.08490315743483759,19.14051,1.3214382,2045
11072,r6i1p1f1,2045,04,25,0.0,20.915361,6.1218443,2045
11073,r6i1p1f1,2045,04,26,0.03028168796041896,22.585495,1.4098539,2045
11074,r6i1p1f1,2045,04,27,0.0,25.787191,4.568658,2045
11075,r6i1p1f1,2045,04,28,0.0,26.373652,8.149288,2045
11076,r6i1p1f1,2045,04,29,0.00024711844492632744,25.81298,6.1477275,2045
11077,r6i1p1f1,2045,04,30,0.0,25.065516,5.9784484,2045
11078,r6i1p1f1,2045,05,01,0.0,23.91347,5.4814873,2045
11079,r6i1p1f1,2045,05,02,0.11405404941163926,21.073076,3.6145408,2045
11080,r6i1p1f1,2045,05,03,0.11729912052813565,17.89394,2.5296314,2045
11081,r6i1p1f1,2045,05,04,0.15733299630756764,21.7442,0.6426765,2045
11082,r6i1p1f1,2045,05,05,0.5849270375949684,22.80094,4.250489,2045
11083,r6i1p1f1,2045,05,06,0.559665845461734,18.63774,2.2130592,2045
11084,r6i1p1f1,2045,05,07,9.283459794912677,14.679861,-1.2497582,2045
11085,r6i1p1f1,2045,05,08,7.514345385529673,11.834071,-2.995725,2045
11086,r6i1p1f1,2045,05,09,1.1943398604018696,13.870918,-3.0850916,2045
11087,r6i1p1f1,2045,05,10,0.005005105064515714,21.612732,2.5772612,2045
11088,r6i1p1f1,2045,05,11,0.0,21.903778,5.0009136,2045
11089,r6i1p1f1,2045,05,12,0.0,24.754498,4.8230658,2045
11090,r6i1p1f1,2045,05,13,2.34364244411059,21.090868,2.6544104,2045
11091,r6i1p1f1,2045,05,14,4.346270243159011,11.79155,-5.193904,2045
11092,r6i1p1f1,2045,05,15,0.0,14.072747,-3.2894838,2045
11093,r6i1p1f1,2045,05,16,0.0,18.021315,-0.57960093,2045
11094,r6i1p1f1,2045,05,17,0.0,21.896753,2.1374366,2045
11095,r6i1p1f1,2045,05,18,0.0,24.760286,4.8567038,2045
11096,r6i1p1f1,2045,05,19,0.0,27.12418,6.66692,2045
11097,r6i1p1f1,2045,05,20,0.0,27.899105,8.626616,2045
11098,r6i1p1f1,2045,05,21,0.0,27.64177,7.671568,2045
11099,r6i1p1f1,2045,05,22,0.0,29.363674,7.9227295,2045
11100,r6i1p1f1,2045,05,23,0.0,30.716982,11.792232,2045
11101,r6i1p1f1,2045,05,24,0.00719503671421661,31.82861,10.727946,2045
11102,r6i1p1f1,2045,05,25,0.06315817338030463,29.347021,9.762436,2045
11103,r6i1p1f1,2045,05,26,0.7944011468087844,26.734945,6.4268894,2045
11104,r6i1p1f1,2045,05,27,0.81352083062532,27.903725,9.159633,2045
11105,r6i1p1f1,2045,05,28,0.006782893948968777,31.050838,11.015816,2045
11106,r6i1p1f1,2045,05,29,0.22858777640528097,29.633608,10.649251,2045
11107,r6i1p1f1,2045,05,30,0.005238282580796245,31.375446,11.3648405,2045
11108,r6i1p1f1,2045,05,31,0.008682593104390787,29.321018,10.445589,2045
11109,r6i1p1f1,2045,06,01,0.0,27.013155,7.5918083,2045
11110,r6i1p1f1,2045,06,02,0.0,24.234934,5.341735,2045
11111,r6i1p1f1,2045,06,03,0.2981750781830979,18.359821,1.5627906,2045
11112,r6i1p1f1,2045,06,04,0.0,17.417933,0.9322513,2045
11113,r6i1p1f1,2045,06,05,0.0,19.649105,1.8806089,2045
11114,r6i1p1f1,2045,06,06,0.0,23.971203,4.8054633,2045
11115,r6i1p1f1,2045,06,07,0.0,29.282032,8.89008,2045
11116,r6i1p1f1,2045,06,08,0.0,29.34014,8.455281,2045
11117,r6i1p1f1,2045,06,09,0.0,28.767143,8.94833,2045
11118,r6i1p1f1,2045,06,10,0.0,29.311499,9.435546,2045
11119,r6i1p1f1,2045,06,11,0.0,30.478958,10.490379,2045
11120,r6i1p1f1,2045,06,12,0.0,31.07995,12.07858,2045
11121,r6i1p1f1,2045,06,13,0.0,30.815147,11.355954,2045
11122,r6i1p1f1,2045,06,14,0.0,29.69425,9.826444,2045
11123,r6i1p1f1,2045,06,15,0.0,30.80518,10.494436,2045
11124,r6i1p1f1,2045,06,16,1.261993522275044,29.816738,11.406774,2045
11125,r6i1p1f1,2045,06,17,0.2927588294735377,27.85309,13.992084,2045
11126,r6i1p1f1,2045,06,18,0.04615366489318847,28.132675,10.149516,2045
11127,r6i1p1f1,2045,06,19,0.0417172960908526,25.405176,7.8240547,2045
11128,r6i1p1f1,2045,06,20,0.0,25.967852,9.012048,2045
11129,r6i1p1f1,2045,06,21,0.9714480950181864,24.424677,7.7631216,2045
11130,r6i1p1f1,2045,06,22,0.17010957423503947,26.541775,8.808685,2045
11131,r6i1p1f1,2045,06,23,1.0993102568363247,25.293798,6.79159,2045
11132,r6i1p1f1,2045,06,24,4.638738931967364,23.306566,6.4788094,2045
11133,r6i1p1f1,2045,06,25,2.0785120835448483,23.2919,5.8450527,2045
11134,r6i1p1f1,2045,06,26,4.737037061805334,19.771112,7.913504,2045
11135,r6i1p1f1,2045,06,27,5.90862554249071,19.224468,8.197725,2045
11136,r6i1p1f1,2045,06,28,0.11457226096414896,24.481773,8.305356,2045
11137,r6i1p1f1,2045,06,29,0.17758680573644586,24.448517,5.9272223,2045
11138,r6i1p1f1,2045,06,30,5.161307687275284,17.95956,5.902232,2045
11139,r6i1p1f1,2045,07,01,0.3362719290382369,24.934397,9.0814905,2045
11140,r6i1p1f1,2045,07,02,0.0,24.086287,11.340349,2045
11141,r6i1p1f1,2045,07,03,0.2029122517953845,21.605354,14.059401,2045
11142,r6i1p1f1,2045,07,04,0.3950823862423868,24.524744,14.536264,2045
11143,r6i1p1f1,2045,07,05,0.29427610103810825,25.408222,10.998912,2045
11144,r6i1p1f1,2045,07,06,0.33307499017025805,22.153389,6.8680315,2045
11145,r6i1p1f1,2045,07,07,0.0,23.87893,7.748355,2045
11146,r6i1p1f1,2045,07,08,0.06772776823354283,25.13901,5.3698754,2045
11147,r6i1p1f1,2045,07,09,0.7986959823021591,22.695896,6.9210405,2045
11148,r6i1p1f1,2045,07,10,0.0,23.47399,7.678145,2045
11149,r6i1p1f1,2045,07,11,0.0,27.993813,8.092957,2045
11150,r6i1p1f1,2045,07,12,0.21114585393101898,31.020521,12.490227,2045
11151,r6i1p1f1,2045,07,13,0.948503765067009,29.88551,12.318325,2045
11152,r6i1p1f1,2045,07,14,0.7108365713592656,29.556702,13.488489,2045
11153,r6i1p1f1,2045,07,15,2.568365745272232,31.884491,14.654546,2045
11154,r6i1p1f1,2045,07,16,0.12974726076447915,33.744633,14.112828,2045
11155,r6i1p1f1,2045,07,17,0.0,33.341663,13.576179,2045
11156,r6i1p1f1,2045,07,18,0.0,31.92906,13.244819,2045
11157,r6i1p1f1,2045,07,19,0.0,32.446102,12.858682,2045
11158,r6i1p1f1,2045,07,20,0.0,33.227287,14.2537775,2045
11159,r6i1p1f1,2045,07,21,0.0,33.50613,14.821992,2045
11160,r6i1p1f1,2045,07,22,0.0,34.22761,15.40188,2045
11161,r6i1p1f1,2045,07,23,0.0,33.95698,16.654085,2045
11162,r6i1p1f1,2045,07,24,0.0,34.013798,17.340986,2045
11163,r6i1p1f1,2045,07,25,0.004983998000299989,34.20894,15.053936,2045
11164,r6i1p1f1,2045,07,26,1.783981205759709,33.998013,14.341973,2045
11165,r6i1p1f1,2045,07,27,0.003434962749955698,32.641514,14.182963,2045
11166,r6i1p1f1,2045,07,28,0.36370984926211114,32.812454,14.076308,2045
11167,r6i1p1f1,2045,07,29,3.0048882897845974,29.26881,11.2702265,2045
11168,r6i1p1f1,2045,07,30,8.981108963752765,24.03111,7.8310204,2045
11169,r6i1p1f1,2045,07,31,0.46197843703947084,24.124023,8.921359,2045
11170,r6i1p1f1,2045,08,01,3.3372533680704812,28.837696,11.474409,2045
11171,r6i1p1f1,2045,08,02,0.46186171929942665,30.35158,12.526965,2045
11172,r6i1p1f1,2045,08,03,7.966844596087238,27.777912,11.036912,2045
11173,r6i1p1f1,2045,08,04,0.7525191064660768,25.419094,9.575283,2045
11174,r6i1p1f1,2045,08,05,0.46370168103281534,26.103596,10.7176895,2045
11175,r6i1p1f1,2045,08,06,0.0,30.736134,11.582617,2045
11176,r6i1p1f1,2045,08,07,0.016384423126470368,31.001945,12.510637,2045
11177,r6i1p1f1,2045,08,08,0.03565017525985694,30.637775,12.503685,2045
11178,r6i1p1f1,2045,08,09,0.0,30.126097,12.114724,2045
11179,r6i1p1f1,2045,08,10,0.4866816662551679,29.888058,13.442324,2045
11180,r6i1p1f1,2045,08,11,1.0418903895540916,26.734701,9.886808,2045
11181,r6i1p1f1,2045,08,12,0.9991219627068738,26.741207,10.817886,2045
11182,r6i1p1f1,2045,08,13,0.18549037207463515,29.873432,12.710286,2045
11183,r6i1p1f1,2045,08,14,0.24097559157126974,30.346106,12.387588,2045
11184,r6i1p1f1,2045,08,15,0.823863839783096,28.828215,12.045335,2045
11185,r6i1p1f1,2045,08,16,0.0,31.183048,14.15554,2045
11186,r6i1p1f1,2045,08,17,0.0016554463159478105,28.3277,11.748502,2045
11187,r6i1p1f1,2045,08,18,0.1715801550066203,26.011356,8.735424,2045
11188,r6i1p1f1,2045,08,19,0.0,27.740032,9.553511,2045
11189,r6i1p1f1,2045,08,20,0.3973049839550745,24.270681,8.019734,2045
11190,r6i1p1f1,2045,08,21,0.07412373149587824,24.880955,7.535626,2045
11191,r6i1p1f1,2045,08,22,6.260463526399775e-05,27.337406,8.9915,2045
11192,r6i1p1f1,2045,08,23,1.026712152215312,27.912384,10.837934,2045
11193,r6i1p1f1,2045,08,24,4.099786549837449,24.223646,6.418855,2045
11194,r6i1p1f1,2045,08,25,0.08929241407429193,19.280043,3.8849785,2045
11195,r6i1p1f1,2045,08,26,0.0,21.054554,2.9067638,2045
11196,r6i1p1f1,2045,08,27,0.0,23.636057,3.9751801,2045
11197,r6i1p1f1,2045,08,28,0.0,25.242008,5.5923686,2045
11198,r6i1p1f1,2045,08,29,0.0,25.768982,6.729896,2045
11199,r6i1p1f1,2045,08,30,0.0,27.16792,6.6414275,2045
11200,r6i1p1f1,2045,08,31,0.0,28.316092,7.5814247,2045
11201,r6i1p1f1,2045,09,01,0.0,29.96749,11.215812,2045
11202,r6i1p1f1,2045,09,02,0.0,29.997883,11.10576,2045
11203,r6i1p1f1,2045,09,03,0.0,27.69298,8.958815,2045
11204,r6i1p1f1,2045,09,04,0.24170816247111918,22.105751,5.887775,2045
11205,r6i1p1f1,2045,09,05,1.1865237505865949,22.25,3.8974082,2045
11206,r6i1p1f1,2045,09,06,0.0,29.488432,10.497436,2045
11207,r6i1p1f1,2045,09,07,0.0,30.843431,11.515886,2045
11208,r6i1p1f1,2045,09,08,0.18658073622522087,29.577412,11.102741,2045
11209,r6i1p1f1,2045,09,09,0.43279973730690807,22.765041,5.3958077,2045
11210,r6i1p1f1,2045,09,10,0.45222044679874335,22.526855,4.7873077,2045
11211,r6i1p1f1,2045,09,11,0.0,25.296587,7.839597,2045
11212,r6i1p1f1,2045,09,12,0.0,26.88129,7.825605,2045
11213,r6i1p1f1,2045,09,13,0.0,27.357935,8.753784,2045
11214,r6i1p1f1,2045,09,14,0.0,30.462816,10.294793,2045
11215,r6i1p1f1,2045,09,15,0.0,31.355003,12.801702,2045
11216,r6i1p1f1,2045,09,16,0.0,30.914984,10.132499,2045
11217,r6i1p1f1,2045,09,17,0.0,30.784336,9.644512,2045
11218,r6i1p1f1,2045,09,18,0.0,30.013237,9.614966,2045
11219,r6i1p1f1,2045,09,19,0.0,30.807692,11.529526,2045
11220,r6i1p1f1,2045,09,20,0.0,32.97053,11.210898,2045
11221,r6i1p1f1,2045,09,21,0.0,34.100357,13.209103,2045
11222,r6i1p1f1,2045,09,22,0.0,33.175182,14.6150055,2045
11223,r6i1p1f1,2045,09,23,0.0,30.405369,10.830574,2045
11224,r6i1p1f1,2045,09,24,3.9989151410000225,29.438875,10.495881,2045
11225,r6i1p1f1,2045,09,25,1.140132191792125,28.295334,9.420914,2045
11226,r6i1p1f1,2045,09,26,0.032877080828199665,29.270794,10.485976,2045
11227,r6i1p1f1,2045,09,27,0.0,25.980696,7.168321,2045
11228,r6i1p1f1,2045,09,28,0.0,24.096783,6.622474,2045
11229,r6i1p1f1,2045,09,29,0.0,26.811966,6.9018846,2045
11230,r6i1p1f1,2045,09,30,0.0,28.627382,9.299898,2045
11231,r6i1p1f1,2045,10,01,0.0,28.312061,9.772939,2045
11232,r6i1p1f1,2045,10,02,0.0,24.494194,6.8490167,2045
11233,r6i1p1f1,2045,10,03,0.041942224431880254,24.108065,7.202562,2045
11234,r6i1p1f1,2045,10,04,0.019726879189739414,24.366217,7.4285603,2045
11235,r6i1p1f1,2045,10,05,0.0,25.682264,6.839259,2045
11236,r6i1p1f1,2045,10,06,0.0,29.603157,8.655061,2045
11237,r6i1p1f1,2045,10,07,0.0,30.230003,9.007549,2045
11238,r6i1p1f1,2045,10,08,0.0,29.82339,9.403822,2045
11239,r6i1p1f1,2045,10,09,0.0,30.497797,9.637881,2045
11240,r6i1p1f1,2045,10,10,0.0,29.447514,12.573106,2045
11241,r6i1p1f1,2045,10,11,0.0023612633497090358,29.486876,8.364562,2045
11242,r6i1p1f1,2045,10,12,0.11743363136080864,27.068617,8.305692,2045
11243,r6i1p1f1,2045,10,13,0.12246820169908647,26.816256,8.439116,2045
11244,r6i1p1f1,2045,10,14,0.0,27.579676,7.986867,2045
11245,r6i1p1f1,2045,10,15,0.0,27.74044,6.828224,2045
11246,r6i1p1f1,2045,10,16,0.0,26.151522,5.3845057,2045
11247,r6i1p1f1,2045,10,17,0.0,24.627068,4.927377,2045
11248,r6i1p1f1,2045,10,18,0.0,27.64967,6.3012614,2045
11249,r6i1p1f1,2045,10,19,0.0,28.115868,6.995107,2045
11250,r6i1p1f1,2045,10,20,0.0,26.163034,4.965727,2045
11251,r6i1p1f1,2045,10,21,3.758056168426255,17.460405,2.9945796,2045
11252,r6i1p1f1,2045,10,22,4.090897824686032,9.109198,-0.58139527,2045
11253,r6i1p1f1,2045,10,23,0.0,11.170858,-2.523864,2045
11254,r6i1p1f1,2045,10,24,0.0,14.906375,-5.026237,2045
11255,r6i1p1f1,2045,10,25,0.0,15.780302,-2.6743433,2045
11256,r6i1p1f1,2045,10,26,0.0,16.080849,-0.8666563,2045
11257,r6i1p1f1,2045,10,27,0.0,17.797005,1.3330657,2045
11258,r6i1p1f1,2045,10,28,0.0,19.702948,0.3540037,2045
11259,r6i1p1f1,2045,10,29,0.0,19.97301,1.2443428,2045
11260,r6i1p1f1,2045,10,30,0.0,18.910107,2.9596968,2045
11261,r6i1p1f1,2045,10,31,0.0,18.76413,2.4422183,2045
11262,r6i1p1f1,2045,11,01,0.030091944736078752,18.368093,4.373675,2045
11263,r6i1p1f1,2045,11,02,0.116116773168476,17.869287,6.156595,2045
11264,r6i1p1f1,2045,11,03,0.10112524747251568,21.873167,6.581168,2045
11265,r6i1p1f1,2045,11,04,0.0,22.596834,3.499123,2045
11266,r6i1p1f1,2045,11,05,0.0,22.839548,4.5206666,2045
11267,r6i1p1f1,2045,11,06,0.008424130835935196,22.30453,4.929311,2045
11268,r6i1p1f1,2045,11,07,0.10757606509265755,17.589972,0.9914441,2045
11269,r6i1p1f1,2045,11,08,0.0,16.472208,-1.6220187,2045
11270,r6i1p1f1,2045,11,09,0.0,14.694284,-3.5418904,2045
11271,r6i1p1f1,2045,11,10,0.0,15.627105,-3.3854427,2045
11272,r6i1p1f1,2045,11,11,0.0,15.110325,-1.3560959,2045
11273,r6i1p1f1,2045,11,12,0.0,14.713961,-2.665885,2045
11274,r6i1p1f1,2045,11,13,0.0,16.927694,-2.3488514,2045
11275,r6i1p1f1,2045,11,14,0.0,18.000847,-0.76371044,2045
11276,r6i1p1f1,2045,11,15,0.0,16.189734,0.029443672,2045
11277,r6i1p1f1,2045,11,16,0.0,15.543733,-2.4966516,2045
11278,r6i1p1f1,2045,11,17,0.0,15.678585,-3.0500004,2045
11279,r6i1p1f1,2045,11,18,0.0,16.105034,-0.9526831,2045
11280,r6i1p1f1,2045,11,19,0.0,16.440878,-3.1164207,2045
11281,r6i1p1f1,2045,11,20,0.0,16.884142,-3.2845805,2045
11282,r6i1p1f1,2045,11,21,0.006205218227879845,15.248058,-3.9027247,2045
11283,r6i1p1f1,2045,11,22,0.029220012859252187,3.4120078,-8.226652,2045
11284,r6i1p1f1,2045,11,23,0.0,3.6251216,-14.617428,2045
11285,r6i1p1f1,2045,11,24,0.001744560119962267,9.476503,-10.933495,2045
11286,r6i1p1f1,2045,11,25,4.755100237432824,7.8329806,-1.8333958,2045
11287,r6i1p1f1,2045,11,26,27.12537131781861,7.650143,-1.3018665,2045
11288,r6i1p1f1,2045,11,27,39.19149870936471,7.3757267,-1.8981193,2045
11289,r6i1p1f1,2045,11,28,0.17228179251167977,6.5257196,-5.4983954,2045
11290,r6i1p1f1,2045,11,29,11.225951244097148,6.204331,-7.298446,2045
11291,r6i1p1f1,2045,11,30,23.748459804328995,7.0645437,-3.3267863,2045
11292,r6i1p1f1,2045,12,01,0.011579408807498824,5.0855017,-3.5924556,2045
11293,r6i1p1f1,2045,12,02,0.08865787270589794,3.658044,-2.7279828,2045
11294,r6i1p1f1,2045,12,03,0.0,6.4429464,-5.5319724,2045
11295,r6i1p1f1,2045,12,04,0.03505551813676543,7.9760637,-2.8680747,2045
11296,r6i1p1f1,2045,12,05,0.24040351643202837,9.293088,1.4969213,2045
11297,r6i1p1f1,2045,12,06,0.0005366285170395104,12.306958,-0.17085016,2045
11298,r6i1p1f1,2045,12,07,15.107586735397643,10.771727,-0.40680078,2045
11299,r6i1p1f1,2045,12,08,9.35954782984071,9.307855,2.718143,2045
11300,r6i1p1f1,2045,12,09,0.05166038636487517,12.068676,-0.5248912,2045
11301,r6i1p1f1,2045,12,10,0.0,14.744189,0.4246846,2045
11302,r6i1p1f1,2045,12,11,0.0,15.25365,1.4037821,2045
11303,r6i1p1f1,2045,12,12,0.0,14.513136,0.4178567,2045
11304,r6i1p1f1,2045,12,13,0.0,14.948199,-0.09705255,2045
11305,r6i1p1f1,2045,12,14,0.2938858114828351,12.777516,-1.2419323,2045
11306,r6i1p1f1,2045,12,15,5.305488485563758,7.0515084,-1.6816497,2045
11307,r6i1p1f1,2045,12,16,0.6480103009356095,7.5480766,-1.4766533,2045
11308,r6i1p1f1,2045,12,17,4.8053157590022275,4.744059,-5.119873,2045
11309,r6i1p1f1,2045,12,18,0.0,6.9479814,-6.222938,2045
11310,r6i1p1f1,2045,12,19,0.0,7.684765,-5.035144,2045
11311,r6i1p1f1,2045,12,20,1.6755717782578583,4.6713643,-3.105715,2045
11312,r6i1p1f1,2045,12,21,3.078049966331231,2.9270155,-2.4525385,2045
11313,r6i1p1f1,2045,12,22,19.833273379426956,6.098635,-2.686663,2045
11314,r6i1p1f1,2045,12,23,13.044963951562845,5.4905896,-1.385931,2045
11315,r6i1p1f1,2045,12,24,0.0,8.074523,-6.1444483,2045
11316,r6i1p1f1,2045,12,25,0.0,10.057328,-4.9208636,2045
11317,r6i1p1f1,2045,12,26,0.0,12.2107315,-0.81846297,2045
11318,r6i1p1f1,2045,12,27,0.0,12.518026,-1.7471257,2045
11319,r6i1p1f1,2045,12,28,0.0,11.30271,-1.7524316,2045
11320,r6i1p1f1,2045,12,29,0.0,7.3130484,-6.2245197,2045
11321,r6i1p1f1,2045,12,30,0.0,9.164499,-5.490296,2045
11322,r6i1p1f1,2045,12,31,0.0,11.382718,-3.386514,2045
11323,r6i1p1f1,2046,01,01,0.0,13.395401,-1.8395305,2046
11324,r6i1p1f1,2046,01,02,0.0,12.507685,-2.4224792,2046
11325,r6i1p1f1,2046,01,03,0.0,0.9479058,-12.354671,2046
11326,r6i1p1f1,2046,01,04,0.0,0.11361866,-14.067467,2046
11327,r6i1p1f1,2046,01,05,0.0,4.1254683,-10.688358,2046
11328,r6i1p1f1,2046,01,06,0.0,11.373894,-4.0348277,2046
11329,r6i1p1f1,2046,01,07,0.0,13.410148,-1.6092476,2046
11330,r6i1p1f1,2046,01,08,0.0,12.980598,-1.4822897,2046
11331,r6i1p1f1,2046,01,09,0.0,13.0865965,-1.0753772,2046
11332,r6i1p1f1,2046,01,10,0.0,13.338443,-0.7870445,2046
11333,r6i1p1f1,2046,01,11,0.0,14.906392,0.51307493,2046
11334,r6i1p1f1,2046,01,12,0.0,17.494532,3.3358,2046
11335,r6i1p1f1,2046,01,13,0.0,18.454569,3.3722122,2046
11336,r6i1p1f1,2046,01,14,0.0,18.939281,2.8091474,2046
11337,r6i1p1f1,2046,01,15,0.0,14.098747,-0.22161552,2046
11338,r6i1p1f1,2046,01,16,0.0,-0.040377025,-13.530471,2046
11339,r6i1p1f1,2046,01,17,0.0,8.116397,-7.5436316,2046
11340,r6i1p1f1,2046,01,18,0.0,11.689598,-3.5917206,2046
11341,r6i1p1f1,2046,01,19,0.0,14.127417,-1.9576291,2046
11342,r6i1p1f1,2046,01,20,0.0,14.698624,-0.99315375,2046
11343,r6i1p1f1,2046,01,21,0.008655307582674876,9.621405,2.9373486,2046
11344,r6i1p1f1,2046,01,22,0.0,14.748424,-1.5475403,2046
11345,r6i1p1f1,2046,01,23,0.0,15.072607,0.21289194,2046
11346,r6i1p1f1,2046,01,24,0.0,16.158485,1.420121,2046
11347,r6i1p1f1,2046,01,25,0.0,18.22533,1.5449997,2046
11348,r6i1p1f1,2046,01,26,0.0,16.55969,0.89724606,2046
11349,r6i1p1f1,2046,01,27,0.0,16.306282,0.7907685,2046
11350,r6i1p1f1,2046,01,28,0.0,16.580254,1.0889494,2046
11351,r6i1p1f1,2046,01,29,0.0,16.272974,0.58296436,2046
11352,r6i1p1f1,2046,01,30,0.0,16.174437,0.39278677,2046
11353,r6i1p1f1,2046,01,31,0.0,15.426304,-0.5852922,2046
11354,r6i1p1f1,2046,02,01,7.30711028270438,6.977481,-5.538821,2046
11355,r6i1p1f1,2046,02,02,0.4576909267099986,1.4961065,-8.209227,2046
11356,r6i1p1f1,2046,02,03,2.9430010166855496,-0.55993074,-11.939932,2046
11357,r6i1p1f1,2046,02,04,0.0,2.1883638,-13.969494,2046
11358,r6i1p1f1,2046,02,05,6.298402308437388,2.027635,-8.0702095,2046
11359,r6i1p1f1,2046,02,06,16.703907229389696,2.8467057,-3.2342641,2046
11360,r6i1p1f1,2046,02,07,1.382445508067393,2.6559978,-14.355184,2046
11361,r6i1p1f1,2046,02,08,0.0,3.521698,-13.558302,2046
11362,r6i1p1f1,2046,02,09,0.008677082128309107,3.4931781,-11.303172,2046
11363,r6i1p1f1,2046,02,10,0.015537649758388403,1.3355978,-9.586871,2046
11364,r6i1p1f1,2046,02,11,18.999702054597652,4.907094,-5.441159,2046
11365,r6i1p1f1,2046,02,12,20.560298882479618,1.8907255,-8.979111,2046
11366,r6i1p1f1,2046,02,13,13.600077497898978,2.57959,-4.1415415,2046
11367,r6i1p1f1,2046,02,14,23.265832508603534,4.8578615,-3.5254757,2046
11368,r6i1p1f1,2046,02,15,2.2263112408845354,3.2823126,-12.997924,2046
11369,r6i1p1f1,2046,02,16,37.47848380993905,1.7868388,-6.420541,2046
11370,r6i1p1f1,2046,02,17,4.4053533803206415,1.6114928,-11.90367,2046
11371,r6i1p1f1,2046,02,18,8.846640285947458,2.3368633,-6.100681,2046
11372,r6i1p1f1,2046,02,19,15.213179006941441,5.789868,-4.972026,2046
11373,r6i1p1f1,2046,02,20,26.658297968153498,4.447461,-2.124344,2046
11374,r6i1p1f1,2046,02,21,36.02363362850249,4.9367037,-3.3533993,2046
11375,r6i1p1f1,2046,02,22,0.0014644294947259854,5.753808,-10.958952,2046
11376,r6i1p1f1,2046,02,23,0.015605497610289105,4.6105313,-12.133637,2046
11377,r6i1p1f1,2046,02,24,0.0,6.0841546,-1.9943297,2046
11378,r6i1p1f1,2046,02,25,0.0,6.7407274,-7.9406743,2046
11379,r6i1p1f1,2046,02,26,0.08027863589820154,5.625167,-1.8983039,2046
11380,r6i1p1f1,2046,02,27,0.9479909515831816,4.319113,-4.378454,2046
11381,r6i1p1f1,2046,02,28,0.07020523842769916,6.6313,-8.99958,2046
11382,r6i1p1f1,2046,03,01,0.0,6.86777,-12.898337,2046
11383,r6i1p1f1,2046,03,02,0.0,8.813848,-10.9201,2046
11384,r6i1p1f1,2046,03,03,0.0,9.451832,-10.423651,2046
11385,r6i1p1f1,2046,03,04,0.0,9.800706,-5.374196,2046
11386,r6i1p1f1,2046,03,05,1.4881251605763872,7.5295057,-2.1643982,2046
11387,r6i1p1f1,2046,03,06,11.355556270061152,6.912679,-1.9303788,2046
11388,r6i1p1f1,2046,03,07,19.33102563771089,6.290819,-2.0184753,2046
11389,r6i1p1f1,2046,03,08,34.8486991080062,3.8439884,-5.6357055,2046
11390,r6i1p1f1,2046,03,09,14.390528078097471,1.8317335,-7.944196,2046
11391,r6i1p1f1,2046,03,10,7.700485543246071,3.6136718,-4.2077794,2046
11392,r6i1p1f1,2046,03,11,0.0,7.94388,-1.0592126,2046
11393,r6i1p1f1,2046,03,12,0.04657586033536044,13.037098,-2.1248987,2046
11394,r6i1p1f1,2046,03,13,0.0,14.462434,-1.2103406,2046
11395,r6i1p1f1,2046,03,14,0.0,15.464289,1.6568588,2046
11396,r6i1p1f1,2046,03,15,0.0,14.0184765,-1.1629725,2046
11397,r6i1p1f1,2046,03,16,0.0,13.185041,-2.6175673,2046
11398,r6i1p1f1,2046,03,17,0.0,14.336612,-2.7872584,2046
11399,r6i1p1f1,2046,03,18,0.0,14.342648,-1.0912412,2046
11400,r6i1p1f1,2046,03,19,0.0,17.8787,-1.157025,2046
11401,r6i1p1f1,2046,03,20,0.0,18.319674,0.27284473,2046
11402,r6i1p1f1,2046,03,21,0.7463712784209675,14.295756,0.35768452,2046
11403,r6i1p1f1,2046,03,22,0.07693490747702475,16.733974,-0.3221271,2046
11404,r6i1p1f1,2046,03,23,0.0,13.965538,-1.3217819,2046
11405,r6i1p1f1,2046,03,24,3.3818018542532537,5.433228,-4.349651,2046
11406,r6i1p1f1,2046,03,25,1.2291343272334865,2.0311794,-14.213885,2046
11407,r6i1p1f1,2046,03,26,0.03203733017658826,-2.1408865,-13.369494,2046
11408,r6i1p1f1,2046,03,27,0.0,-0.07117175,-15.461078,2046
11409,r6i1p1f1,2046,03,28,0.0,7.3617415,-9.514932,2046
11410,r6i1p1f1,2046,03,29,0.0,12.124804,-5.417891,2046
11411,r6i1p1f1,2046,03,30,0.0,16.314648,-3.1101208,2046
11412,r6i1p1f1,2046,03,31,0.0,18.715073,0.24165094,2046
11413,r6i1p1f1,2046,04,01,0.0,20.48978,0.72692436,2046
11414,r6i1p1f1,2046,04,02,0.05750343711920559,20.331211,0.97792643,2046
11415,r6i1p1f1,2046,04,03,0.579808366532543,13.897151,-0.7042183,2046
11416,r6i1p1f1,2046,04,04,0.0,12.940604,-4.213632,2046
11417,r6i1p1f1,2046,04,05,0.0,15.771605,-3.0819232,2046
11418,r6i1p1f1,2046,04,06,0.0,18.932344,-0.013727266,2046
11419,r6i1p1f1,2046,04,07,0.0,21.751633,2.3723433,2046
11420,r6i1p1f1,2046,04,08,0.009903157343215932,22.215067,4.102936,2046
11421,r6i1p1f1,2046,04,09,0.0,21.871805,3.8135345,2046
11422,r6i1p1f1,2046,04,10,0.0,20.108847,2.0743685,2046
11423,r6i1p1f1,2046,04,11,0.0,24.118029,3.5879607,2046
11424,r6i1p1f1,2046,04,12,0.0,26.49889,5.521096,2046
11425,r6i1p1f1,2046,04,13,0.4553609495738863,21.673182,1.9442805,2046
11426,r6i1p1f1,2046,04,14,7.525635307343571,8.5474,1.822919,2046
11427,r6i1p1f1,2046,04,15,25.847682923829257,9.860358,-2.3681448,2046
11428,r6i1p1f1,2046,04,16,11.058970443400321,10.647498,-3.147277,2046
11429,r6i1p1f1,2046,04,17,1.8520015831707974,12.130276,-0.21418852,2046
11430,r6i1p1f1,2046,04,18,0.06866898917761556,13.301003,1.625218,2046
11431,r6i1p1f1,2046,04,19,6.689933867047407,8.629939,-2.6822104,2046
11432,r6i1p1f1,2046,04,20,8.084833591604456,7.9163017,-4.806578,2046
11433,r6i1p1f1,2046,04,21,3.0555663305774607,4.3397617,-6.4141226,2046
11434,r6i1p1f1,2046,04,22,6.857925759435406,2.286477,-6.991752,2046
11435,r6i1p1f1,2046,04,23,4.961103758030139,2.5041442,-9.079298,2046
11436,r6i1p1f1,2046,04,24,34.51862257054371,6.292213,-4.2627206,2046
11437,r6i1p1f1,2046,04,25,3.102672797086184,5.6344266,-7.4180512,2046
11438,r6i1p1f1,2046,04,26,0.0,12.160832,-5.6841135,2046
11439,r6i1p1f1,2046,04,27,0.0,15.953482,-1.9742861,2046
11440,r6i1p1f1,2046,04,28,0.0,17.64661,0.6376693,2046
11441,r6i1p1f1,2046,04,29,0.2984833014283357,15.303562,-2.3934784,2046
11442,r6i1p1f1,2046,04,30,0.048093538491097466,11.093013,-1.7261565,2046
11443,r6i1p1f1,2046,05,01,8.116404994278463,8.175633,-4.7940807,2046
11444,r6i1p1f1,2046,05,02,0.0,13.481783,-2.3249013,2046
11445,r6i1p1f1,2046,05,03,0.25813407782950043,12.818289,0.7202579,2046
11446,r6i1p1f1,2046,05,04,2.2443470562194183,10.984555,-2.2592478,2046
11447,r6i1p1f1,2046,05,05,4.809839653191588,8.728798,-3.1364274,2046
11448,r6i1p1f1,2046,05,06,0.6650817385912573,10.351299,-1.3782923,2046
11449,r6i1p1f1,2046,05,07,4.219844389857664,12.14105,0.53319144,2046
11450,r6i1p1f1,2046,05,08,1.3107145957140083,14.689052,-2.7995574,2046
11451,r6i1p1f1,2046,05,09,0.002980960024304724,17.630066,1.5053421,2046
11452,r6i1p1f1,2046,05,10,0.0,23.535748,2.9670372,2046
11453,r6i1p1f1,2046,05,11,0.0,29.681269,7.775826,2046
11454,r6i1p1f1,2046,05,12,0.0,29.332468,10.066764,2046
11455,r6i1p1f1,2046,05,13,0.02007268593206731,23.84909,4.819231,2046
11456,r6i1p1f1,2046,05,14,0.0,21.420837,4.3110895,2046
11457,r6i1p1f1,2046,05,15,0.024623534488660954,22.133125,3.0058217,2046
11458,r6i1p1f1,2046,05,16,1.0616112861065434,15.945899,3.2077887,2046
11459,r6i1p1f1,2046,05,17,0.0,17.256788,4.9041247,2046
11460,r6i1p1f1,2046,05,18,2.161032490928634,14.239663,2.4941273,2046
11461,r6i1p1f1,2046,05,19,0.1135575975620144,15.417459,-0.64894617,2046
11462,r6i1p1f1,2046,05,20,0.04524325723693954,25.623882,5.008308,2046
11463,r6i1p1f1,2046,05,21,0.25902392638134863,28.618988,7.153065,2046
11464,r6i1p1f1,2046,05,22,0.664172339109302,26.858866,7.6175385,2046
11465,r6i1p1f1,2046,05,23,2.666237607783509,21.984081,3.4191787,2046
11466,r6i1p1f1,2046,05,24,0.3305592227650997,19.871412,6.4690256,2046
11467,r6i1p1f1,2046,05,25,0.07931773536104851,20.970432,8.184949,2046
11468,r6i1p1f1,2046,05,26,0.31627923503468575,21.293653,3.8010821,2046
11469,r6i1p1f1,2046,05,27,0.0,24.508732,5.7022243,2046
11470,r6i1p1f1,2046,05,28,0.00136739556079821,24.1607,8.373286,2046
11471,r6i1p1f1,2046,05,29,0.6059952001559081,18.087635,1.3477932,2046
11472,r6i1p1f1,2046,05,30,0.009411797009428137,23.359018,5.819236,2046
11473,r6i1p1f1,2046,05,31,0.37612021916305616,22.211166,4.632355,2046
11474,r6i1p1f1,2046,06,01,0.35680907331762857,18.608976,2.5206478,2046
11475,r6i1p1f1,2046,06,02,0.39149870563260103,16.560837,1.4580133,2046
11476,r6i1p1f1,2046,06,03,0.00777302768065498,21.792072,1.725827,2046
11477,r6i1p1f1,2046,06,04,0.0,21.695076,4.8569775,2046
11478,r6i1p1f1,2046,06,05,32.70115406487083,13.32751,1.3403454,2046
11479,r6i1p1f1,2046,06,06,0.5849765902449894,14.374,2.2061882,2046
11480,r6i1p1f1,2046,06,07,0.0,17.048351,6.003116,2046
11481,r6i1p1f1,2046,06,08,0.0,23.702541,5.0938444,2046
11482,r6i1p1f1,2046,06,09,0.0,29.596127,8.158965,2046
11483,r6i1p1f1,2046,06,10,0.0,29.297642,8.927833,2046
11484,r6i1p1f1,2046,06,11,0.0,27.187342,9.129249,2046
11485,r6i1p1f1,2046,06,12,0.24605110852834397,23.195131,5.599915,2046
11486,r6i1p1f1,2046,06,13,0.0,21.578526,3.4310524,2046
11487,r6i1p1f1,2046,06,14,0.0,27.790127,8.302458,2046
11488,r6i1p1f1,2046,06,15,0.0018841341794441084,29.18042,9.6398325,2046
11489,r6i1p1f1,2046,06,16,0.07393377502103686,29.136847,9.174455,2046
11490,r6i1p1f1,2046,06,17,0.0,29.535166,9.991596,2046
11491,r6i1p1f1,2046,06,18,0.0,28.833696,10.520942,2046
11492,r6i1p1f1,2046,06,19,0.0,27.728853,8.64398,2046
11493,r6i1p1f1,2046,06,20,0.0,28.195406,9.157904,2046
11494,r6i1p1f1,2046,06,21,0.0,28.47467,10.954914,2046
11495,r6i1p1f1,2046,06,22,0.0,30.008116,10.116768,2046
11496,r6i1p1f1,2046,06,23,0.0,30.842293,10.05875,2046
11497,r6i1p1f1,2046,06,24,0.0,31.721132,12.289426,2046
11498,r6i1p1f1,2046,06,25,0.01320770846589493,29.91043,10.719766,2046
11499,r6i1p1f1,2046,06,26,0.0,30.09608,10.80623,2046
11500,r6i1p1f1,2046,06,27,0.0,30.01651,10.74859,2046
11501,r6i1p1f1,2046,06,28,0.0,30.161247,10.886765,2046
11502,r6i1p1f1,2046,06,29,0.0,33.19139,14.341718,2046
11503,r6i1p1f1,2046,06,30,0.0,33.735527,13.999877,2046
11504,r6i1p1f1,2046,07,01,0.0,31.97988,10.451501,2046
11505,r6i1p1f1,2046,07,02,0.23087921130362293,26.864561,6.5420656,2046
11506,r6i1p1f1,2046,07,03,0.17524826042409172,25.679106,8.888995,2046
11507,r6i1p1f1,2046,07,04,0.34980215926175284,28.442703,8.9589205,2046
11508,r6i1p1f1,2046,07,05,0.0,31.253796,12.515913,2046
11509,r6i1p1f1,2046,07,06,0.0,31.274784,9.804009,2046
11510,r6i1p1f1,2046,07,07,0.40779985229247234,27.92286,7.485582,2046
11511,r6i1p1f1,2046,07,08,0.0,26.499186,7.6515956,2046
11512,r6i1p1f1,2046,07,09,0.0,25.908472,6.853619,2046
11513,r6i1p1f1,2046,07,10,0.666280517607486,23.902342,5.2757196,2046
11514,r6i1p1f1,2046,07,11,0.02134088858135952,27.596806,8.313356,2046
11515,r6i1p1f1,2046,07,12,0.0,30.789679,11.217051,2046
11516,r6i1p1f1,2046,07,13,0.01179096611176423,32.54183,15.016866,2046
11517,r6i1p1f1,2046,07,14,0.6360712904919937,32.24337,11.284407,2046
11518,r6i1p1f1,2046,07,15,0.2219089971468611,31.704102,12.82218,2046
11519,r6i1p1f1,2046,07,16,0.11691707740045461,30.604006,13.302428,2046
11520,r6i1p1f1,2046,07,17,4.501168260896874,27.387209,10.4276705,2046
11521,r6i1p1f1,2046,07,18,3.555151619562366,25.479948,9.67452,2046
11522,r6i1p1f1,2046,07,19,0.2815151610554812,30.549427,11.534614,2046
11523,r6i1p1f1,2046,07,20,0.01535737904571176,33.691887,12.536028,2046
11524,r6i1p1f1,2046,07,21,0.0,34.522938,12.807566,2046
11525,r6i1p1f1,2046,07,22,0.0,34.410835,12.495727,2046
11526,r6i1p1f1,2046,07,23,0.0,34.54798,13.252951,2046
11527,r6i1p1f1,2046,07,24,0.0,34.22707,13.902113,2046
11528,r6i1p1f1,2046,07,25,0.0,32.631348,13.109547,2046
11529,r6i1p1f1,2046,07,26,0.0,31.76619,12.506741,2046
11530,r6i1p1f1,2046,07,27,0.0,32.646404,13.30682,2046
11531,r6i1p1f1,2046,07,28,0.0,32.67217,12.894877,2046
11532,r6i1p1f1,2046,07,29,0.0,32.770267,12.354886,2046
11533,r6i1p1f1,2046,07,30,0.0,33.760227,13.39279,2046
11534,r6i1p1f1,2046,07,31,0.0,33.807182,13.605615,2046
11535,r6i1p1f1,2046,08,01,0.0,33.11038,12.835514,2046
11536,r6i1p1f1,2046,08,02,0.0,32.26224,11.801793,2046
11537,r6i1p1f1,2046,08,03,0.0,32.929344,12.173621,2046
11538,r6i1p1f1,2046,08,04,0.0,35.946785,14.397667,2046
11539,r6i1p1f1,2046,08,05,0.0,37.534973,15.240384,2046
11540,r6i1p1f1,2046,08,06,0.0,36.76593,14.873332,2046
11541,r6i1p1f1,2046,08,07,0.0,36.010242,16.156523,2046
11542,r6i1p1f1,2046,08,08,0.0,36.096302,15.195254,2046
11543,r6i1p1f1,2046,08,09,0.0,34.834057,14.139591,2046
11544,r6i1p1f1,2046,08,10,0.0,33.67027,13.814779,2046
11545,r6i1p1f1,2046,08,11,0.008656897837126141,34.03914,13.0570135,2046
11546,r6i1p1f1,2046,08,12,0.0,32.406517,12.939181,2046
11547,r6i1p1f1,2046,08,13,3.110474328646758,32.593395,14.447921,2046
11548,r6i1p1f1,2046,08,14,1.0663339425097251,27.174187,8.773886,2046
11549,r6i1p1f1,2046,08,15,0.9886342461610361,27.2946,8.017472,2046
11550,r6i1p1f1,2046,08,16,0.14215567274744806,30.948175,12.389709,2046
11551,r6i1p1f1,2046,08,17,0.0042815164751401,30.58167,11.561657,2046
11552,r6i1p1f1,2046,08,18,1.1905457933128683,30.151072,10.43803,2046
11553,r6i1p1f1,2046,08,19,0.17316613334237763,27.793423,8.574536,2046
11554,r6i1p1f1,2046,08,20,0.0,30.419088,11.249413,2046
11555,r6i1p1f1,2046,08,21,0.0,31.890087,11.270699,2046
11556,r6i1p1f1,2046,08,22,0.0,32.006508,11.294246,2046
11557,r6i1p1f1,2046,08,23,0.0,31.951464,11.681938,2046
11558,r6i1p1f1,2046,08,24,0.0,31.97409,13.993531,2046
11559,r6i1p1f1,2046,08,25,0.07736607959982056,31.780758,12.618436,2046
11560,r6i1p1f1,2046,08,26,0.0,27.358278,9.627947,2046
11561,r6i1p1f1,2046,08,27,0.0,28.145212,9.573317,2046
11562,r6i1p1f1,2046,08,28,0.04297453599754484,29.431503,9.494847,2046
11563,r6i1p1f1,2046,08,29,0.0,30.019373,9.65021,2046
11564,r6i1p1f1,2046,08,30,0.13748298095375253,33.24024,11.973005,2046
11565,r6i1p1f1,2046,08,31,0.4666233887556962,33.188152,12.424873,2046
11566,r6i1p1f1,2046,09,01,0.374744200113183,31.432762,12.173594,2046
11567,r6i1p1f1,2046,09,02,0.0,33.32199,13.423084,2046
11568,r6i1p1f1,2046,09,03,0.0,34.922153,15.059843,2046
11569,r6i1p1f1,2046,09,04,0.0,36.745148,16.378237,2046
11570,r6i1p1f1,2046,09,05,0.0,34.621677,14.028363,2046
11571,r6i1p1f1,2046,09,06,0.0,31.264982,10.9053955,2046
11572,r6i1p1f1,2046,09,07,0.0,29.463087,10.022808,2046
11573,r6i1p1f1,2046,09,08,0.0,27.725975,8.712684,2046
11574,r6i1p1f1,2046,09,09,1.166781475944395,23.1982,3.6360273,2046
11575,r6i1p1f1,2046,09,10,12.51858394890074,17.327362,1.9262438,2046
11576,r6i1p1f1,2046,09,11,0.8745746531902467,22.20814,3.7465744,2046
11577,r6i1p1f1,2046,09,12,1.4362668216828591,25.095312,5.934891,2046
11578,r6i1p1f1,2046,09,13,0.03833522609054728,30.508827,11.702751,2046
11579,r6i1p1f1,2046,09,14,0.11920620901882512,30.259024,12.111203,2046
11580,r6i1p1f1,2046,09,15,0.0,29.715763,10.817335,2046
11581,r6i1p1f1,2046,09,16,0.0,29.563015,12.35806,2046
11582,r6i1p1f1,2046,09,17,1.0884702116737475,25.108574,8.693319,2046
11583,r6i1p1f1,2046,09,18,0.21781309611486152,26.96495,9.833693,2046
11584,r6i1p1f1,2046,09,19,0.013442202523151111,28.746464,11.733801,2046
11585,r6i1p1f1,2046,09,20,0.5807891238911624,27.166338,10.843801,2046
11586,r6i1p1f1,2046,09,21,0.2859315166710244,24.29578,6.961767,2046
11587,r6i1p1f1,2046,09,22,0.6063170416910396,24.528996,8.909624,2046
11588,r6i1p1f1,2046,09,23,8.992908601434715,21.8492,4.4936457,2046
11589,r6i1p1f1,2046,09,24,1.3507067166830689,24.247025,5.4402194,2046
11590,r6i1p1f1,2046,09,25,0.0,26.068804,8.097219,2046
11591,r6i1p1f1,2046,09,26,0.0,24.58985,4.910165,2046
11592,r6i1p1f1,2046,09,27,0.0,20.295555,0.4032107,2046
11593,r6i1p1f1,2046,09,28,0.0,18.955261,0.17053346,2046
11594,r6i1p1f1,2046,09,29,0.0,19.599413,-0.1889702,2046
11595,r6i1p1f1,2046,09,30,0.0,25.004776,3.7615454,2046
11596,r6i1p1f1,2046,10,01,0.0,28.003647,7.891507,2046
11597,r6i1p1f1,2046,10,02,0.0,26.123293,6.5511765,2046
11598,r6i1p1f1,2046,10,03,0.0,20.261955,4.59331,2046
11599,r6i1p1f1,2046,10,04,0.0,22.120872,4.5424347,2046
11600,r6i1p1f1,2046,10,05,0.0,25.017244,3.9317064,2046
11601,r6i1p1f1,2046,10,06,0.0,24.75142,5.76409,2046
11602,r6i1p1f1,2046,10,07,1.0868675399928167,18.376993,4.1709504,2046
11603,r6i1p1f1,2046,10,08,0.0005820191854572213,15.693461,-0.9808747,2046
11604,r6i1p1f1,2046,10,09,0.0,21.34953,0.9022135,2046
11605,r6i1p1f1,2046,10,10,0.0,25.166466,3.7856772,2046
11606,r6i1p1f1,2046,10,11,0.0,26.793806,4.9361997,2046
11607,r6i1p1f1,2046,10,12,0.005950125353435728,26.531267,6.1528463,2046
11608,r6i1p1f1,2046,10,13,0.001657258598715065,26.26257,5.226001,2046
11609,r6i1p1f1,2046,10,14,6.674791085556197e-05,25.168436,6.2698727,2046
11610,r6i1p1f1,2046,10,15,0.031825914278089694,23.022064,7.8095984,2046
11611,r6i1p1f1,2046,10,16,0.0006250306250682306,21.087742,2.8141716,2046
11612,r6i1p1f1,2046,10,17,0.0,19.142397,0.17600931,2046
11613,r6i1p1f1,2046,10,18,0.0,18.784296,-1.7389269,2046
11614,r6i1p1f1,2046,10,19,0.0,13.727911,-5.485076,2046
11615,r6i1p1f1,2046,10,20,0.0,5.938492,-10.634867,2046
11616,r6i1p1f1,2046,10,21,0.0,6.1096954,-11.393026,2046
11617,r6i1p1f1,2046,10,22,0.0,11.194907,-6.4866467,2046
11618,r6i1p1f1,2046,10,23,0.0,12.611838,-8.009294,2046
11619,r6i1p1f1,2046,10,24,0.0,14.341148,-4.2722464,2046
11620,r6i1p1f1,2046,10,25,0.0,18.068838,-3.544292,2046
11621,r6i1p1f1,2046,10,26,1.1091498720085553,15.706062,-1.2152828,2046
11622,r6i1p1f1,2046,10,27,4.228972833160289,6.3545027,-1.9272907,2046
11623,r6i1p1f1,2046,10,28,9.817236584839526e-05,11.578158,-6.0316076,2046
11624,r6i1p1f1,2046,10,29,0.01684617338142592,13.962999,-4.612946,2046
11625,r6i1p1f1,2046,10,30,0.0,13.208741,-1.4106437,2046
11626,r6i1p1f1,2046,10,31,0.0,11.0671835,-6.719178,2046
11627,r6i1p1f1,2046,11,01,0.0,9.812626,-9.540287,2046
11628,r6i1p1f1,2046,11,02,1.873889692873605,8.964811,-5.8758626,2046
11629,r6i1p1f1,2046,11,03,13.343814496083903,4.791894,-3.3466651,2046
11630,r6i1p1f1,2046,11,04,2.3594439814340107,5.3397493,-1.9817415,2046
11631,r6i1p1f1,2046,11,05,3.9167955846559703,7.099339,-2.2207756,2046
11632,r6i1p1f1,2046,11,06,0.15533526365768002,11.60806,-1.060966,2046
11633,r6i1p1f1,2046,11,07,0.0,13.466921,-1.8662122,2046
11634,r6i1p1f1,2046,11,08,0.0,15.709749,-0.6744491,2046
11635,r6i1p1f1,2046,11,09,0.0,16.379753,-0.16627729,2046
11636,r6i1p1f1,2046,11,10,0.08641642641756715,15.753211,1.3279294,2046
11637,r6i1p1f1,2046,11,11,0.0,17.020044,-1.7478193,2046
11638,r6i1p1f1,2046,11,12,0.0,14.78574,-0.6902375,2046
11639,r6i1p1f1,2046,11,13,0.0025947384533365277,10.244912,0.5913154,2046
11640,r6i1p1f1,2046,11,14,0.00044213298856037335,14.020704,-0.1662792,2046
11641,r6i1p1f1,2046,11,15,0.0,16.218191,0.15912871,2046
11642,r6i1p1f1,2046,11,16,0.0,16.62748,-0.47482792,2046
11643,r6i1p1f1,2046,11,17,0.0,18.426426,2.591226,2046
11644,r6i1p1f1,2046,11,18,0.0,16.685053,4.789243,2046
11645,r6i1p1f1,2046,11,19,0.0,18.120811,3.5168345,2046
11646,r6i1p1f1,2046,11,20,0.0,22.379807,3.4815993,2046
11647,r6i1p1f1,2046,11,21,0.0,22.034441,4.5745225,2046
11648,r6i1p1f1,2046,11,22,0.027382544798318312,21.532515,2.6851203,2046
11649,r6i1p1f1,2046,11,23,0.5477255875161392,17.006714,0.9866383,2046
11650,r6i1p1f1,2046,11,24,7.590286527322883,9.201075,-4.0578465,2046
11651,r6i1p1f1,2046,11,25,8.642668857620196,2.697602,-4.4977956,2046
11652,r6i1p1f1,2046,11,26,6.714502677378304,1.6333903,-4.908679,2046
11653,r6i1p1f1,2046,11,27,1.0443533057637855,1.4129453,-10.633927,2046
11654,r6i1p1f1,2046,11,28,0.02033991685231666,0.9473502,-12.980935,2046
11655,r6i1p1f1,2046,11,29,4.663367329312935,-1.6993035,-14.393263,2046
11656,r6i1p1f1,2046,11,30,9.099800717429526,6.819735,-6.7330403,2046
11657,r6i1p1f1,2046,12,01,33.06088325185072,5.4823484,-1.6551361,2046
11658,r6i1p1f1,2046,12,02,32.24396706018811,6.456527,-3.5836833,2046
11659,r6i1p1f1,2046,12,03,0.0,7.17347,-3.4231677,2046
11660,r6i1p1f1,2046,12,04,0.0,9.644538,-3.8156471,2046
11661,r6i1p1f1,2046,12,05,0.0,8.976464,-3.7496395,2046
11662,r6i1p1f1,2046,12,06,0.0011454120998627708,8.462753,-3.9311833,2046
11663,r6i1p1f1,2046,12,07,13.313447289160132,6.7458434,0.1456409,2046
11664,r6i1p1f1,2046,12,08,0.038349806329869944,10.975323,0.5568841,2046
11665,r6i1p1f1,2046,12,09,0.003222170931609165,11.515736,-1.2286365,2046
11666,r6i1p1f1,2046,12,10,23.59779314962811,7.7320156,-3.5677493,2046
11667,r6i1p1f1,2046,12,11,2.401686598875069,2.5020134,-7.8064623,2046
11668,r6i1p1f1,2046,12,12,19.584309604628174,3.0689445,-6.9346356,2046
11669,r6i1p1f1,2046,12,13,10.841718369531003,-0.12609136,-11.972623,2046
11670,r6i1p1f1,2046,12,14,22.626645119699866,0.18978119,-7.1124907,2046
11671,r6i1p1f1,2046,12,15,0.21424091657919384,2.6492784,-10.2287,2046
11672,r6i1p1f1,2046,12,16,0.00019648378026335838,2.0716317,-9.124809,2046
11673,r6i1p1f1,2046,12,17,0.32389201246580324,-0.26470605,-12.927337,2046
11674,r6i1p1f1,2046,12,18,0.0947867340764807,-5.377515,-18.890125,2046
11675,r6i1p1f1,2046,12,19,0.10692055816228138,0.6904172,-13.354023,2046
11676,r6i1p1f1,2046,12,20,0.0,5.3677764,-10.85873,2046
11677,r6i1p1f1,2046,12,21,0.0,3.893894,-11.798746,2046
11678,r6i1p1f1,2046,12,22,0.006871216216681845,1.7325724,-9.106883,2046
11679,r6i1p1f1,2046,12,23,0.0,2.956169,-9.20286,2046
11680,r6i1p1f1,2046,12,24,4.800266742803581,0.3296008,-7.3415866,2046
11681,r6i1p1f1,2046,12,25,0.004735703186440878,3.5323503,-2.1838112,2046
11682,r6i1p1f1,2046,12,26,0.0,3.7584007,-7.511604,2046
11683,r6i1p1f1,2046,12,27,0.045135210255973036,3.4840486,-8.195349,2046
11684,r6i1p1f1,2046,12,28,21.675722837545,1.8362111,-4.3345466,2046
11685,r6i1p1f1,2046,12,29,12.860574767472608,6.040992,-1.0777806,2046
11686,r6i1p1f1,2046,12,30,40.387858285559226,6.0225334,-1.6078962,2046
11687,r6i1p1f1,2046,12,31,15.997552045331284,9.021464,0.4222443,2046
11688,r6i1p1f1,2047,01,01,14.52684002356755,9.153282,2.12449,2047
11689,r6i1p1f1,2047,01,02,6.009358891696367,10.733372,2.678721,2047
11690,r6i1p1f1,2047,01,03,0.0,12.83255,5.239584,2047
11691,r6i1p1f1,2047,01,04,0.0800294727316616,14.962368,3.6620352,2047
11692,r6i1p1f1,2047,01,05,0.0,14.768664,2.6938283,2047
11693,r6i1p1f1,2047,01,06,0.0,12.534656,3.6299424,2047
11694,r6i1p1f1,2047,01,07,0.0,8.531117,-1.954975,2047
11695,r6i1p1f1,2047,01,08,0.944418378568315,3.3905115,-2.7300487,2047
11696,r6i1p1f1,2047,01,09,20.039803087293834,5.478425,-3.9435024,2047
11697,r6i1p1f1,2047,01,10,11.226333010268233,7.956501,1.2399722,2047
11698,r6i1p1f1,2047,01,11,11.015390601401712,9.367828,3.3785362,2047
11699,r6i1p1f1,2047,01,12,32.691552900098635,11.469764,3.5129893,2047
11700,r6i1p1f1,2047,01,13,14.430645108634009,13.288916,2.9590647,2047
11701,r6i1p1f1,2047,01,14,8.749913611515847,14.00257,2.8361096,2047
11702,r6i1p1f1,2047,01,15,5.760953440822118,13.117008,7.877348,2047
11703,r6i1p1f1,2047,01,16,0.48842026884675044,11.710252,5.641232,2047
11704,r6i1p1f1,2047,01,17,0.013856806446977217,13.094368,3.10928,2047
11705,r6i1p1f1,2047,01,18,0.0,15.805148,1.6261175,2047
11706,r6i1p1f1,2047,01,19,0.0,15.605719,2.8609498,2047
11707,r6i1p1f1,2047,01,20,0.0,14.813225,3.2023463,2047
11708,r6i1p1f1,2047,01,21,0.12180031030622859,14.611199,2.954006,2047
11709,r6i1p1f1,2047,01,22,3.0214331929915694,13.036802,6.3989987,2047
11710,r6i1p1f1,2047,01,23,0.1816029943407515,14.279243,5.8644605,2047
11711,r6i1p1f1,2047,01,24,0.014412880438286113,15.734406,1.7381848,2047
11712,r6i1p1f1,2047,01,25,0.004697466878091517,16.092316,5.2159424,2047
11713,r6i1p1f1,2047,01,26,16.824638052707062,11.414919,1.928765,2047
11714,r6i1p1f1,2047,01,27,4.1038459083998395,5.696076,-5.6757135,2047
11715,r6i1p1f1,2047,01,28,9.893781021440603,3.8880816,-4.861595,2047
11716,r6i1p1f1,2047,01,29,0.012778803208526293,4.7287016,-6.77676,2047
11717,r6i1p1f1,2047,01,30,0.44838381781027226,2.3105783,-5.4161115,2047
11718,r6i1p1f1,2047,01,31,3.201376032233868,1.790849,-6.2556477,2047
11719,r6i1p1f1,2047,02,01,3.109249044773907,2.4643714,-10.833848,2047
11720,r6i1p1f1,2047,02,02,0.00764851500743125,3.7291696,-11.891721,2047
11721,r6i1p1f1,2047,02,03,0.2541309675350232,1.5629383,-7.7810225,2047
11722,r6i1p1f1,2047,02,04,5.470613294183316,0.7519063,-8.606696,2047
11723,r6i1p1f1,2047,02,05,0.0,2.646817,-14.241213,2047
11724,r6i1p1f1,2047,02,06,3.8304353636855577,4.4609523,-10.868233,2047
11725,r6i1p1f1,2047,02,07,23.555295517916576,5.4838595,-0.36399168,2047
11726,r6i1p1f1,2047,02,08,7.802911943888403,7.327349,-2.1408784,2047
11727,r6i1p1f1,2047,02,09,8.543089669983758,3.066197,-5.774657,2047
11728,r6i1p1f1,2047,02,10,1.2432163360899906,4.5426064,-11.151442,2047
11729,r6i1p1f1,2047,02,11,4.566926340115127,6.209679,-2.6253679,2047
11730,r6i1p1f1,2047,02,12,2.7354067972784692,6.918096,-0.6557129,2047
11731,r6i1p1f1,2047,02,13,0.0,7.0059905,-5.4182014,2047
11732,r6i1p1f1,2047,02,14,0.0,11.748234,-5.093284,2047
11733,r6i1p1f1,2047,02,15,0.0,10.211478,-1.7275114,2047
11734,r6i1p1f1,2047,02,16,0.0,10.596229,-1.0223284,2047
11735,r6i1p1f1,2047,02,17,0.0,11.432099,-2.043195,2047
11736,r6i1p1f1,2047,02,18,0.0,11.253447,-2.4271767,2047
11737,r6i1p1f1,2047,02,19,0.0,12.462494,-4.2757306,2047
11738,r6i1p1f1,2047,02,20,0.0,13.491632,-1.7948284,2047
11739,r6i1p1f1,2047,02,21,0.00019375562019287028,12.964951,-0.49543786,2047
11740,r6i1p1f1,2047,02,22,0.5795321982507152,7.760639,-5.9265647,2047
11741,r6i1p1f1,2047,02,23,0.0015378417409876812,1.4429517,-13.699779,2047
11742,r6i1p1f1,2047,02,24,0.0,5.152635,-10.830843,2047
11743,r6i1p1f1,2047,02,25,0.019876450513564396,3.680843,-6.4340425,2047
11744,r6i1p1f1,2047,02,26,20.89222044275116,1.8858443,-5.050954,2047
11745,r6i1p1f1,2047,02,27,26.119780270048015,4.107301,-3.4288874,2047
11746,r6i1p1f1,2047,02,28,43.86694536246095,5.5334134,-1.6835144,2047
11747,r6i1p1f1,2047,03,01,6.265556907931971,5.8001366,-2.6691766,2047
11748,r6i1p1f1,2047,03,02,11.394573348129445,7.3459406,-2.5126987,2047
11749,r6i1p1f1,2047,03,03,0.22618078696155863,8.193188,-5.074354,2047
11750,r6i1p1f1,2047,03,04,0.008138182257187121,8.8616295,-5.494837,2047
11751,r6i1p1f1,2047,03,05,0.6380300280243838,7.6970673,-3.3091605,2047
11752,r6i1p1f1,2047,03,06,19.98952072090587,8.893804,1.2082001,2047
11753,r6i1p1f1,2047,03,07,38.08578695757325,8.527802,0.7924828,2047
11754,r6i1p1f1,2047,03,08,12.960314217659075,7.651777,-3.3443344,2047
11755,r6i1p1f1,2047,03,09,20.902433179107106,7.5383263,0.02603138,2047
11756,r6i1p1f1,2047,03,10,0.7807785539489803,9.984863,-3.2858825,2047
11757,r6i1p1f1,2047,03,11,17.90214833940952,2.7267098,-4.604961,2047
11758,r6i1p1f1,2047,03,12,0.3749272089712195,4.207178,-8.96169,2047
11759,r6i1p1f1,2047,03,13,0.0,2.2752728,-9.409035,2047
11760,r6i1p1f1,2047,03,14,0.0,6.9299245,-7.2169003,2047
11761,r6i1p1f1,2047,03,15,0.007913733023020762,9.179114,-3.4655263,2047
11762,r6i1p1f1,2047,03,16,0.0,12.933755,-2.8588076,2047
11763,r6i1p1f1,2047,03,17,0.0,15.051646,-1.6425841,2047
11764,r6i1p1f1,2047,03,18,2.4852633098766956,13.589177,-1.0902935,2047
11765,r6i1p1f1,2047,03,19,11.528624413432615,9.22213,-3.141863,2047
11766,r6i1p1f1,2047,03,20,0.0,9.6774235,-6.1445794,2047
11767,r6i1p1f1,2047,03,21,0.0,12.246406,-2.8691323,2047
11768,r6i1p1f1,2047,03,22,0.0,15.791861,-0.46860746,2047
11769,r6i1p1f1,2047,03,23,0.06515084683595455,17.48968,2.9288728,2047
11770,r6i1p1f1,2047,03,24,0.32430375227055214,16.51121,2.0959215,2047
11771,r6i1p1f1,2047,03,25,0.0,17.974476,-0.9865362,2047
11772,r6i1p1f1,2047,03,26,0.018110328904223164,21.101952,2.89256,2047
11773,r6i1p1f1,2047,03,27,2.82712717310687,15.508133,-3.3557627,2047
11774,r6i1p1f1,2047,03,28,0.0,12.927951,-2.940141,2047
11775,r6i1p1f1,2047,03,29,0.04112330682192173,13.243571,-1.0383189,2047
11776,r6i1p1f1,2047,03,30,0.0,21.695297,2.2528176,2047
11777,r6i1p1f1,2047,03,31,0.0,25.260635,5.4206786,2047
11778,r6i1p1f1,2047,04,01,0.0,25.128656,7.2558417,2047
11779,r6i1p1f1,2047,04,02,0.05024258458046969,22.061045,3.2592273,2047
11780,r6i1p1f1,2047,04,03,0.5121270969119192,12.887779,3.2372885,2047
11781,r6i1p1f1,2047,04,04,0.0,16.970375,0.38386473,2047
11782,r6i1p1f1,2047,04,05,4.4248703953557715,8.215172,-1.717317,2047
11783,r6i1p1f1,2047,04,06,6.928464049503395,7.8548455,-6.3172684,2047
11784,r6i1p1f1,2047,04,07,0.04731029583312346,11.164533,-4.527867,2047
11785,r6i1p1f1,2047,04,08,1.7630335511983173,11.721087,-2.627341,2047
11786,r6i1p1f1,2047,04,09,5.521974704770322,8.611151,-4.0285635,2047
11787,r6i1p1f1,2047,04,10,0.0,11.333536,-4.8333454,2047
11788,r6i1p1f1,2047,04,11,0.0,16.404879,-3.4847462,2047
11789,r6i1p1f1,2047,04,12,0.0,17.661259,-0.9245653,2047
11790,r6i1p1f1,2047,04,13,0.0,18.060112,0.94588906,2047
11791,r6i1p1f1,2047,04,14,0.0017958608616983696,17.713892,-0.58563554,2047
11792,r6i1p1f1,2047,04,15,0.00026270235791097567,15.992023,2.3789282,2047
11793,r6i1p1f1,2047,04,16,0.09691746933476572,13.455147,3.8187175,2047
11794,r6i1p1f1,2047,04,17,0.9705277429823537,14.091288,2.0236769,2047
11795,r6i1p1f1,2047,04,18,0.0,18.298397,4.8084655,2047
11796,r6i1p1f1,2047,04,19,1.149994140863377,15.34399,0.5478876,2047
11797,r6i1p1f1,2047,04,20,0.7930439785808507,16.509079,2.010629,2047
11798,r6i1p1f1,2047,04,21,0.0,17.769382,0.8883599,2047
11799,r6i1p1f1,2047,04,22,9.75721157308061,9.594944,-2.173804,2047
11800,r6i1p1f1,2047,04,23,0.0,14.905567,-2.8259327,2047
11801,r6i1p1f1,2047,04,24,0.4164780472017432,13.160427,0.5461363,2047
11802,r6i1p1f1,2047,04,25,2.3632668326656434,13.044071,2.4689212,2047
11803,r6i1p1f1,2047,04,26,0.04420801050347784,14.824251,4.3935833,2047
11804,r6i1p1f1,2047,04,27,0.0,14.350997,0.2574049,2047
11805,r6i1p1f1,2047,04,28,0.0,15.359377,-1.8118191,2047
11806,r6i1p1f1,2047,04,29,0.005072547147226709,14.433443,0.14727119,2047
11807,r6i1p1f1,2047,04,30,0.0,19.719088,-1.2736452,2047
11808,r6i1p1f1,2047,05,01,0.005321748764939847,19.390461,1.2498797,2047
11809,r6i1p1f1,2047,05,02,6.260871186234722,9.760342,2.5701497,2047
11810,r6i1p1f1,2047,05,03,8.312473889764671,9.407449,0.09241506,2047
11811,r6i1p1f1,2047,05,04,0.10575014205266463,14.463698,-1.797738,2047
11812,r6i1p1f1,2047,05,05,0.0,17.545513,-0.7014412,2047
11813,r6i1p1f1,2047,05,06,2.4802459301038824,13.448855,-3.3075361,2047
11814,r6i1p1f1,2047,05,07,0.011595115510143045,14.15145,-0.20562656,2047
11815,r6i1p1f1,2047,05,08,0.0,18.223995,-1.6901219,2047
11816,r6i1p1f1,2047,05,09,0.01727839141078181,19.434874,4.392109,2047
11817,r6i1p1f1,2047,05,10,0.0,16.312185,-1.4271059,2047
11818,r6i1p1f1,2047,05,11,0.04913757850518296,11.817589,-2.7237632,2047
11819,r6i1p1f1,2047,05,12,3.96148084058326,14.423859,-2.5860693,2047
11820,r6i1p1f1,2047,05,13,35.26337883888905,12.704386,-0.7564033,2047
11821,r6i1p1f1,2047,05,14,20.311317802783282,8.67869,-7.575086,2047
11822,r6i1p1f1,2047,05,15,0.0,10.30603,-6.454149,2047
11823,r6i1p1f1,2047,05,16,0.0,16.205858,-3.1738849,2047
11824,r6i1p1f1,2047,05,17,0.0,20.752714,1.4025751,2047
11825,r6i1p1f1,2047,05,18,0.0,23.052143,3.6817741,2047
11826,r6i1p1f1,2047,05,19,0.0,22.92111,7.4779677,2047
11827,r6i1p1f1,2047,05,20,0.08130433559650936,27.811037,8.2315855,2047
11828,r6i1p1f1,2047,05,21,0.0,28.968294,8.721137,2047
11829,r6i1p1f1,2047,05,22,0.46287346700625953,28.039267,9.80383,2047
11830,r6i1p1f1,2047,05,23,0.04160161329034984,29.400196,8.812843,2047
11831,r6i1p1f1,2047,05,24,3.3376277880452965,24.282356,4.1260576,2047
11832,r6i1p1f1,2047,05,25,0.04833791352728086,27.451197,8.402809,2047
11833,r6i1p1f1,2047,05,26,0.05869355038803206,25.109016,6.9649754,2047
11834,r6i1p1f1,2047,05,27,0.0,26.435457,7.2630467,2047
11835,r6i1p1f1,2047,05,28,0.0,27.44856,8.821797,2047
11836,r6i1p1f1,2047,05,29,0.0,29.128206,8.87562,2047
11837,r6i1p1f1,2047,05,30,0.0,30.199684,10.463595,2047
11838,r6i1p1f1,2047,05,31,0.12231798414933207,28.445189,8.87538,2047
11839,r6i1p1f1,2047,06,01,0.4133399991251898,21.450232,1.7518482,2047
11840,r6i1p1f1,2047,06,02,0.0,21.223267,3.1087453,2047
11841,r6i1p1f1,2047,06,03,0.7831514671310441,19.046278,4.757991,2047
11842,r6i1p1f1,2047,06,04,3.7539752669840674,16.463234,1.1318498,2047
11843,r6i1p1f1,2047,06,05,0.0,22.072159,3.351039,2047
11844,r6i1p1f1,2047,06,06,0.0,24.07102,6.48393,2047
11845,r6i1p1f1,2047,06,07,0.0,25.966208,5.6116557,2047
11846,r6i1p1f1,2047,06,08,0.0,28.525778,8.077181,2047
11847,r6i1p1f1,2047,06,09,0.0,29.171679,9.24986,2047
11848,r6i1p1f1,2047,06,10,0.0,28.525003,8.779087,2047
11849,r6i1p1f1,2047,06,11,0.15106344874162142,25.593355,5.279139,2047
11850,r6i1p1f1,2047,06,12,0.0,26.674282,7.0277386,2047
11851,r6i1p1f1,2047,06,13,0.0,30.402542,10.183219,2047
11852,r6i1p1f1,2047,06,14,0.060797931659042855,30.14435,10.934723,2047
11853,r6i1p1f1,2047,06,15,0.0,29.921022,9.825288,2047
11854,r6i1p1f1,2047,06,16,0.0,29.796501,9.836261,2047
11855,r6i1p1f1,2047,06,17,0.0,30.423111,9.587247,2047
11856,r6i1p1f1,2047,06,18,0.0,31.249027,11.296905,2047
11857,r6i1p1f1,2047,06,19,0.002782218537045984,30.607628,11.445279,2047
11858,r6i1p1f1,2047,06,20,0.0,30.793472,9.617275,2047
11859,r6i1p1f1,2047,06,21,0.002414296386899842,30.230953,9.854133,2047
11860,r6i1p1f1,2047,06,22,0.0,27.617468,8.212635,2047
11861,r6i1p1f1,2047,06,23,0.0,27.170965,5.7103767,2047
11862,r6i1p1f1,2047,06,24,0.0,28.4061,8.513263,2047
11863,r6i1p1f1,2047,06,25,0.034314892762336874,25.421236,7.3797812,2047
11864,r6i1p1f1,2047,06,26,0.0,28.436897,8.616821,2047
11865,r6i1p1f1,2047,06,27,0.0,28.467978,9.319388,2047
11866,r6i1p1f1,2047,06,28,0.31244871885975595,21.175432,8.31303,2047
11867,r6i1p1f1,2047,06,29,11.162619179643329,13.482853,4.9867196,2047
11868,r6i1p1f1,2047,06,30,0.0,23.606815,4.6858516,2047
11869,r6i1p1f1,2047,07,01,0.0,30.614672,7.853145,2047
11870,r6i1p1f1,2047,07,02,0.0,32.82655,10.294351,2047
11871,r6i1p1f1,2047,07,03,0.0,31.689104,10.295397,2047
11872,r6i1p1f1,2047,07,04,0.0,31.091011,8.983386,2047
11873,r6i1p1f1,2047,07,05,0.0,32.214504,10.799376,2047
11874,r6i1p1f1,2047,07,06,0.0,31.908688,11.954573,2047
11875,r6i1p1f1,2047,07,07,0.0,30.890408,11.439494,2047
11876,r6i1p1f1,2047,07,08,0.0,30.840534,10.957055,2047
11877,r6i1p1f1,2047,07,09,0.06570996860846606,31.674627,11.316822,2047
11878,r6i1p1f1,2047,07,10,0.06115577376984211,31.303318,11.462839,2047
11879,r6i1p1f1,2047,07,11,0.16127751357810324,27.743494,9.335653,2047
11880,r6i1p1f1,2047,07,12,0.026489213501443697,26.952776,9.652893,2047
11881,r6i1p1f1,2047,07,13,1.6710094192324698,29.312029,11.63082,2047
11882,r6i1p1f1,2047,07,14,0.0,30.159456,10.226376,2047
11883,r6i1p1f1,2047,07,15,0.0,30.80559,10.777425,2047
11884,r6i1p1f1,2047,07,16,0.0,31.1542,11.14466,2047
11885,r6i1p1f1,2047,07,17,0.987243022607674,29.312046,10.056201,2047
11886,r6i1p1f1,2047,07,18,0.0,28.473766,7.9710693,2047
11887,r6i1p1f1,2047,07,19,0.0,32.235233,10.840398,2047
11888,r6i1p1f1,2047,07,20,0.0,32.04777,12.137769,2047
11889,r6i1p1f1,2047,07,21,0.0,31.967085,11.983212,2047
11890,r6i1p1f1,2047,07,22,0.0,32.961735,12.223481,2047
11891,r6i1p1f1,2047,07,23,0.0,35.399487,12.750907,2047
11892,r6i1p1f1,2047,07,24,0.0,37.25358,14.724706,2047
11893,r6i1p1f1,2047,07,25,0.0,39.335148,16.483854,2047
11894,r6i1p1f1,2047,07,26,0.0,39.554222,17.403694,2047
11895,r6i1p1f1,2047,07,27,0.0,39.629257,17.259932,2047
11896,r6i1p1f1,2047,07,28,0.0,37.996407,17.026918,2047
11897,r6i1p1f1,2047,07,29,0.0,37.518063,15.86776,2047
11898,r6i1p1f1,2047,07,30,0.0,35.940468,14.69489,2047
11899,r6i1p1f1,2047,07,31,1.1434521715938135,32.644108,12.627793,2047
11900,r6i1p1f1,2047,08,01,1.2002204496597706,33.18432,12.681857,2047
11901,r6i1p1f1,2047,08,02,2.231852442137821,34.677574,14.371854,2047
11902,r6i1p1f1,2047,08,03,0.010240270880564653,33.5851,13.603869,2047
11903,r6i1p1f1,2047,08,04,0.0,32.844837,12.524969,2047
11904,r6i1p1f1,2047,08,05,0.0,33.36275,12.445478,2047
11905,r6i1p1f1,2047,08,06,0.0,33.957836,13.475801,2047
11906,r6i1p1f1,2047,08,07,0.0,33.847404,13.806118,2047
11907,r6i1p1f1,2047,08,08,0.716206729677451,34.717373,14.8761835,2047
11908,r6i1p1f1,2047,08,09,0.0,35.93634,14.522853,2047
11909,r6i1p1f1,2047,08,10,0.030055283798744645,36.29978,15.131506,2047
11910,r6i1p1f1,2047,08,11,0.31246712984203695,36.38253,15.239101,2047
11911,r6i1p1f1,2047,08,12,1.4408519646395874,33.547302,14.103074,2047
11912,r6i1p1f1,2047,08,13,0.009830355874318998,31.960924,12.676412,2047
11913,r6i1p1f1,2047,08,14,0.0016686793967766885,31.253061,12.555808,2047
11914,r6i1p1f1,2047,08,15,0.4605543225677407,31.869898,14.620725,2047
11915,r6i1p1f1,2047,08,16,3.0826919352003297,31.221292,12.992401,2047
11916,r6i1p1f1,2047,08,17,0.5042697612231144,31.360723,13.071296,2047
11917,r6i1p1f1,2047,08,18,0.006330799862552277,32.66286,13.08385,2047
11918,r6i1p1f1,2047,08,19,0.002060193352219323,33.86133,14.020198,2047
11919,r6i1p1f1,2047,08,20,0.0018493563931321856,34.706,15.389612,2047
11920,r6i1p1f1,2047,08,21,0.0,34.032444,13.413809,2047
11921,r6i1p1f1,2047,08,22,0.0,31.837616,12.05132,2047
11922,r6i1p1f1,2047,08,23,0.0,30.321392,10.7054205,2047
11923,r6i1p1f1,2047,08,24,0.005163943687083527,28.334702,9.888555,2047
11924,r6i1p1f1,2047,08,25,0.0,26.122114,6.789008,2047
11925,r6i1p1f1,2047,08,26,0.0,30.936127,9.2385,2047
11926,r6i1p1f1,2047,08,27,0.0,32.80188,10.963931,2047
11927,r6i1p1f1,2047,08,28,0.0,34.4514,12.394937,2047
11928,r6i1p1f1,2047,08,29,0.0,35.695896,13.478316,2047
11929,r6i1p1f1,2047,08,30,0.0,36.10474,13.483525,2047
11930,r6i1p1f1,2047,08,31,0.0,34.12836,11.551539,2047
11931,r6i1p1f1,2047,09,01,0.0,31.591991,11.051842,2047
11932,r6i1p1f1,2047,09,02,0.0,31.002245,10.84474,2047
11933,r6i1p1f1,2047,09,03,0.0,29.873623,9.765711,2047
11934,r6i1p1f1,2047,09,04,0.0,22.560202,4.2012568,2047
11935,r6i1p1f1,2047,09,05,0.0,21.68728,4.2023406,2047
11936,r6i1p1f1,2047,09,06,0.0,28.010645,6.7838087,2047
11937,r6i1p1f1,2047,09,07,0.0,29.53698,9.898639,2047
11938,r6i1p1f1,2047,09,08,0.00880063157285355,31.412495,10.89217,2047
11939,r6i1p1f1,2047,09,09,0.0,30.041124,7.763177,2047
11940,r6i1p1f1,2047,09,10,0.0,24.713043,3.7696419,2047
11941,r6i1p1f1,2047,09,11,0.0,24.444698,3.205923,2047
11942,r6i1p1f1,2047,09,12,0.0,28.040571,6.7501397,2047
11943,r6i1p1f1,2047,09,13,0.0,30.629915,9.66359,2047
11944,r6i1p1f1,2047,09,14,0.0,31.200512,9.178274,2047
11945,r6i1p1f1,2047,09,15,0.0,31.441492,10.551341,2047
11946,r6i1p1f1,2047,09,16,0.0,32.383854,9.810358,2047
11947,r6i1p1f1,2047,09,17,0.0,33.14911,11.679938,2047
11948,r6i1p1f1,2047,09,18,0.0,32.091984,10.12814,2047
11949,r6i1p1f1,2047,09,19,0.0,30.247316,7.871353,2047
11950,r6i1p1f1,2047,09,20,0.0,27.200336,7.371481,2047
11951,r6i1p1f1,2047,09,21,0.0,27.625877,7.0790415,2047
11952,r6i1p1f1,2047,09,22,0.0,28.111103,10.161227,2047
11953,r6i1p1f1,2047,09,23,0.0,27.10582,10.761485,2047
11954,r6i1p1f1,2047,09,24,0.0,24.080217,6.8517256,2047
11955,r6i1p1f1,2047,09,25,0.0,25.968521,6.1323256,2047
11956,r6i1p1f1,2047,09,26,0.0,29.438602,7.2324967,2047
11957,r6i1p1f1,2047,09,27,0.0,30.970612,9.904626,2047
11958,r6i1p1f1,2047,09,28,0.0012332156155196695,32.023727,9.639618,2047
11959,r6i1p1f1,2047,09,29,0.0,30.094955,10.164119,2047
11960,r6i1p1f1,2047,09,30,0.0,30.21979,9.780151,2047
11961,r6i1p1f1,2047,10,01,0.0,30.227755,10.465165,2047
11962,r6i1p1f1,2047,10,02,0.0,29.880194,11.888539,2047
11963,r6i1p1f1,2047,10,03,0.005282421591619496,27.330158,7.7343783,2047
11964,r6i1p1f1,2047,10,04,0.0,26.788616,8.46819,2047
11965,r6i1p1f1,2047,10,05,0.014099334000255094,21.896685,4.605022,2047
11966,r6i1p1f1,2047,10,06,0.0,15.462829,2.0267255,2047
11967,r6i1p1f1,2047,10,07,0.002171814140166158,15.673589,0.61728203,2047
11968,r6i1p1f1,2047,10,08,0.10050950185160583,17.44887,3.57269,2047
11969,r6i1p1f1,2047,10,09,0.00039437911399793955,21.19264,4.1991014,2047
11970,r6i1p1f1,2047,10,10,0.00181840884201587,22.107204,4.047326,2047
11971,r6i1p1f1,2047,10,11,0.0,21.062063,1.2271823,2047
11972,r6i1p1f1,2047,10,12,0.0,22.116516,2.0877662,2047
11973,r6i1p1f1,2047,10,13,0.0032525816265082763,22.973206,1.7863616,2047
11974,r6i1p1f1,2047,10,14,0.0,23.872913,1.7258288,2047
11975,r6i1p1f1,2047,10,15,0.0,21.35679,2.132459,2047
11976,r6i1p1f1,2047,10,16,0.0,20.599913,2.2883203,2047
11977,r6i1p1f1,2047,10,17,0.0035036652050773006,17.207567,4.450582,2047
11978,r6i1p1f1,2047,10,18,0.020460422841567228,15.915956,2.9014122,2047
11979,r6i1p1f1,2047,10,19,0.0,18.551626,-0.22888952,2047
11980,r6i1p1f1,2047,10,20,0.0013177471482038164,17.070704,0.29082778,2047
11981,r6i1p1f1,2047,10,21,0.0,17.488705,-1.6248637,2047
11982,r6i1p1f1,2047,10,22,0.0,21.233316,1.5152158,2047
11983,r6i1p1f1,2047,10,23,0.0,21.30983,1.9334351,2047
11984,r6i1p1f1,2047,10,24,0.0,22.15651,2.299654,2047
11985,r6i1p1f1,2047,10,25,0.0,24.504303,4.36462,2047
11986,r6i1p1f1,2047,10,26,0.0,28.002254,6.705668,2047
11987,r6i1p1f1,2047,10,27,0.0,28.911768,8.348133,2047
11988,r6i1p1f1,2047,10,28,0.0,28.016844,7.3198576,2047
11989,r6i1p1f1,2047,10,29,0.0,23.960737,4.005111,2047
11990,r6i1p1f1,2047,10,30,0.0,20.748112,4.939239,2047
11991,r6i1p1f1,2047,10,31,0.0,14.084944,-3.73789,2047
11992,r6i1p1f1,2047,11,01,0.2559048606705846,11.773381,-1.1178304,2047
11993,r6i1p1f1,2047,11,02,0.0005467461560931722,17.142267,1.9439986,2047
11994,r6i1p1f1,2047,11,03,0.0,22.331993,2.0784414,2047
11995,r6i1p1f1,2047,11,04,0.0,22.33805,2.4279618,2047
11996,r6i1p1f1,2047,11,05,0.0,22.023289,2.9548626,2047
11997,r6i1p1f1,2047,11,06,0.0,22.624651,2.7193959,2047
11998,r6i1p1f1,2047,11,07,11.21277970620793,17.241657,3.8099537,2047
11999,r6i1p1f1,2047,11,08,4.865867808360516,10.492421,4.1176763,2047
12000,r6i1p1f1,2047,11,09,5.307444912965071,8.311263,0.81691086,2047
12001,r6i1p1f1,2047,11,10,1.452990938074005,9.11758,-0.5746195,2047
12002,r6i1p1f1,2047,11,11,3.3377145675162443,10.000429,2.0543005,2047
12003,r6i1p1f1,2047,11,12,8.277886092734148,9.294131,1.2495996,2047
12004,r6i1p1f1,2047,11,13,1.083228200983851,8.538353,-2.7146513,2047
12005,r6i1p1f1,2047,11,14,3.4363021289470463,8.055055,-2.8420954,2047
12006,r6i1p1f1,2047,11,15,1.0615933764086245,7.252218,-2.7113705,2047
12007,r6i1p1f1,2047,11,16,0.03566097821420288,7.617079,-4.2620096,2047
12008,r6i1p1f1,2047,11,17,5.99632753252394,3.7780373,-4.3546815,2047
12009,r6i1p1f1,2047,11,18,0.3318926274966715,2.3618386,-7.3891335,2047
12010,r6i1p1f1,2047,11,19,3.1960522990117775,2.8859732,-7.300374,2047
12011,r6i1p1f1,2047,11,20,16.365815972869385,4.7925186,-4.8437104,2047
12012,r6i1p1f1,2047,11,21,6.132761138729219,6.053445,-2.260447,2047
12013,r6i1p1f1,2047,11,22,5.465788780583961,7.9281573,-2.0846274,2047
12014,r6i1p1f1,2047,11,23,14.42705441988932,8.289929,0.08353358,2047
12015,r6i1p1f1,2047,11,24,0.33415142376532286,7.805158,1.108332,2047
12016,r6i1p1f1,2047,11,25,0.015629716924347385,8.68039,-3.679448,2047
12017,r6i1p1f1,2047,11,26,0.09176858329601917,9.03417,-5.9380975,2047
12018,r6i1p1f1,2047,11,27,0.0,10.661134,-6.7092223,2047
12019,r6i1p1f1,2047,11,28,0.0,10.4466505,-4.58267,2047
12020,r6i1p1f1,2047,11,29,8.015511742490622,7.3367715,-1.2087425,2047
12021,r6i1p1f1,2047,11,30,0.0,9.643316,-1.2363354,2047
12022,r6i1p1f1,2047,12,01,0.061606206444808506,12.844915,3.5034814,2047
12023,r6i1p1f1,2047,12,02,0.0,13.489152,0.5343547,2047
12024,r6i1p1f1,2047,12,03,0.0,14.525226,1.7493037,2047
12025,r6i1p1f1,2047,12,04,0.0,14.621369,1.2784233,2047
12026,r6i1p1f1,2047,12,05,0.0,14.804026,1.4125465,2047
12027,r6i1p1f1,2047,12,06,0.009028887538461363,14.047089,2.4712622,2047
12028,r6i1p1f1,2047,12,07,0.0,13.667591,-0.20872039,2047
12029,r6i1p1f1,2047,12,08,0.0016221934334658193,13.080289,1.9238186,2047
12030,r6i1p1f1,2047,12,09,0.18920769330201484,12.269792,3.4008515,2047
12031,r6i1p1f1,2047,12,10,0.0,13.200901,1.8942313,2047
12032,r6i1p1f1,2047,12,11,2.963469063699774,11.153138,0.045614056,2047
12033,r6i1p1f1,2047,12,12,0.10419500112731594,11.153666,4.3581634,2047
12034,r6i1p1f1,2047,12,13,5.739227704379434,9.650299,4.0303507,2047
12035,r6i1p1f1,2047,12,14,9.253610147771601,8.884499,4.223552,2047
12036,r6i1p1f1,2047,12,15,9.582717884151734,9.653482,-4.1087303,2047
12037,r6i1p1f1,2047,12,16,0.0,6.271347,-5.096903,2047
12038,r6i1p1f1,2047,12,17,0.0,5.9235463,-6.216404,2047
12039,r6i1p1f1,2047,12,18,0.0,7.7054687,-4.690051,2047
12040,r6i1p1f1,2047,12,19,0.0,6.778562,-3.7407153,2047
12041,r6i1p1f1,2047,12,20,0.0,10.453473,-1.7099266,2047
12042,r6i1p1f1,2047,12,21,0.0,11.022396,-2.7324657,2047
12043,r6i1p1f1,2047,12,22,0.0,10.228622,-3.9709554,2047
12044,r6i1p1f1,2047,12,23,0.005934534421349159,9.844535,-2.5566401,2047
12045,r6i1p1f1,2047,12,24,0.0,8.264597,-4.5226674,2047
12046,r6i1p1f1,2047,12,25,0.0,3.6242194,-9.284865,2047
12047,r6i1p1f1,2047,12,26,0.0,7.9341526,-5.344341,2047
12048,r6i1p1f1,2047,12,27,0.0,9.820794,-3.0941346,2047
12049,r6i1p1f1,2047,12,28,0.0,9.221229,-4.023034,2047
12050,r6i1p1f1,2047,12,29,0.0,12.152146,-1.1193719,2047
12051,r6i1p1f1,2047,12,30,0.0,14.357576,1.1923001,2047
12052,r6i1p1f1,2047,12,31,0.0,15.1692505,1.9481995,2047
12053,r6i1p1f1,2048,01,01,0.0,15.02507,1.2914059,2048
12054,r6i1p1f1,2048,01,02,0.0,14.178827,1.3025995,2048
12055,r6i1p1f1,2048,01,03,0.0,12.328112,-2.436853,2048
12056,r6i1p1f1,2048,01,04,0.0,8.541416,-5.7174945,2048
12057,r6i1p1f1,2048,01,05,0.06115212477460423,8.095745,-1.0802147,2048
12058,r6i1p1f1,2048,01,06,0.0,9.011926,-6.1593275,2048
12059,r6i1p1f1,2048,01,07,0.0,4.4611373,-7.2925234,2048
12060,r6i1p1f1,2048,01,08,11.896169967750595,2.664502,-3.134667,2048
12061,r6i1p1f1,2048,01,09,2.445878184097312,1.5810796,-5.1677732,2048
12062,r6i1p1f1,2048,01,10,3.019664653602172,3.5344532,-4.230199,2048
12063,r6i1p1f1,2048,01,11,1.5331903840075842,6.132678,-1.8133845,2048
12064,r6i1p1f1,2048,01,12,0.0,7.629541,1.8728665,2048
12065,r6i1p1f1,2048,01,13,0.0,9.445378,-2.6542299,2048
12066,r6i1p1f1,2048,01,14,0.0,10.893574,-1.5430716,2048
12067,r6i1p1f1,2048,01,15,0.0,11.640072,-1.6769735,2048
12068,r6i1p1f1,2048,01,16,0.0,13.669225,-0.27943197,2048
12069,r6i1p1f1,2048,01,17,0.0,14.03975,0.3708149,2048
12070,r6i1p1f1,2048,01,18,0.0,12.432201,-0.5550918,2048
12071,r6i1p1f1,2048,01,19,0.0,11.405188,-3.3868356,2048
12072,r6i1p1f1,2048,01,20,1.8933837039886607,9.396008,-2.4198103,2048
12073,r6i1p1f1,2048,01,21,1.9575722695718405,7.5274563,1.2634622,2048
12074,r6i1p1f1,2048,01,22,6.460579357668226,8.531232,1.8950812,2048
12075,r6i1p1f1,2048,01,23,4.183059828245778,7.430507,2.2181342,2048
12076,r6i1p1f1,2048,01,24,1.5211479695391146,8.744375,1.4216336,2048
12077,r6i1p1f1,2048,01,25,0.0,16.148556,0.5242255,2048
12078,r6i1p1f1,2048,01,26,0.9280414965323793,12.948447,1.5583857,2048
12079,r6i1p1f1,2048,01,27,3.6531901343605444,9.082888,1.0585653,2048
12080,r6i1p1f1,2048,01,28,0.29874343945422,9.328403,3.205003,2048
12081,r6i1p1f1,2048,01,29,5.542134486260556,9.480308,1.3060986,2048
12082,r6i1p1f1,2048,01,30,1.051960802755239,9.979354,-0.7214874,2048
12083,r6i1p1f1,2048,01,31,3.4214115566842405,7.342817,-4.799564,2048
12084,r6i1p1f1,2048,02,01,11.644662645318034,5.0193954,-4.769773,2048
12085,r6i1p1f1,2048,02,02,45.32594365071016,7.818087,-3.1034946,2048
12086,r6i1p1f1,2048,02,03,80.14951226506074,13.314543,0.6063793,2048
12087,r6i1p1f1,2048,02,04,31.02493466019684,9.932478,1.6780998,2048
12088,r6i1p1f1,2048,02,05,9.698000621159919,12.788019,-2.7173116,2048
12089,r6i1p1f1,2048,02,06,13.92378189981345,9.7010765,-2.0584962,2048
12090,r6i1p1f1,2048,02,07,1.0066266657447283,6.832378,0.8922985,2048
12091,r6i1p1f1,2048,02,08,21.51170875567904,16.265734,-0.22906782,2048
12092,r6i1p1f1,2048,02,09,36.833604851183836,15.1703,2.5401034,2048
12093,r6i1p1f1,2048,02,10,14.061255000784072,9.317585,0.9034598,2048
12094,r6i1p1f1,2048,02,11,1.1452282031618397,8.307273,-0.8706877,2048
12095,r6i1p1f1,2048,02,12,0.3980417738365434,10.76687,-0.9183616,2048
12096,r6i1p1f1,2048,02,13,0.6604656998761951,11.627912,0.15575902,2048
12097,r6i1p1f1,2048,02,14,0.18431509483400854,11.560061,1.8830016,2048
12098,r6i1p1f1,2048,02,15,0.0,14.273715,-2.910132,2048
12099,r6i1p1f1,2048,02,16,16.90674143658617,13.533762,1.720945,2048
12100,r6i1p1f1,2048,02,17,24.901258815170614,12.7626915,-1.7959788,2048
12101,r6i1p1f1,2048,02,18,21.64708909691148,6.2851405,-0.797624,2048
12102,r6i1p1f1,2048,02,19,29.913136197523418,8.04858,-1.0326463,2048
12103,r6i1p1f1,2048,02,20,2.56766134937824,11.577452,1.963073,2048
12104,r6i1p1f1,2048,02,21,0.0,11.820827,-1.3157916,2048
12105,r6i1p1f1,2048,02,22,1.1993045653846839,11.292054,-0.2439644,2048
12106,r6i1p1f1,2048,02,23,11.60373292745857,9.5781,4.0365214,2048
12107,r6i1p1f1,2048,02,24,20.88798093706246,9.508675,-0.5740072,2048
12108,r6i1p1f1,2048,02,25,3.282481828173798,10.822719,-0.26679522,2048
12109,r6i1p1f1,2048,02,26,0.0,10.855401,-2.3748066,2048
12110,r6i1p1f1,2048,02,27,0.0,13.833974,-1.8463367,2048
12111,r6i1p1f1,2048,02,28,0.0,15.037129,1.5915402,2048
12112,r6i1p1f1,2048,02,29,0.0,14.598943,2.485172,2048
12113,r6i1p1f1,2048,03,01,0.0,18.037971,1.1613108,2048
12114,r6i1p1f1,2048,03,02,8.391829678231309,15.547401,-1.1091514,2048
12115,r6i1p1f1,2048,03,03,25.948010989377273,10.538298,2.5637462,2048
12116,r6i1p1f1,2048,03,04,39.788128913493196,10.471417,0.11070998,2048
12117,r6i1p1f1,2048,03,05,5.8442664146365395,8.908263,-0.9774424,2048
12118,r6i1p1f1,2048,03,06,13.362953643773603,10.727986,-0.050764564,2048
12119,r6i1p1f1,2048,03,07,2.8093096751972,7.489274,-4.3653774,2048
12120,r6i1p1f1,2048,03,08,0.013573292530616392,8.001761,-5.728498,2048
12121,r6i1p1f1,2048,03,09,0.0011129152801805332,9.233239,0.6842852,2048
12122,r6i1p1f1,2048,03,10,0.0,12.6172495,0.27928805,2048
12123,r6i1p1f1,2048,03,11,0.01997594823101507,12.331034,-4.028114,2048
12124,r6i1p1f1,2048,03,12,4.851390227323808,6.866886,-1.3757615,2048
12125,r6i1p1f1,2048,03,13,0.0,10.490684,-7.4652395,2048
12126,r6i1p1f1,2048,03,14,0.0,12.811487,-2.066421,2048
12127,r6i1p1f1,2048,03,15,0.0,13.608918,-2.359167,2048
12128,r6i1p1f1,2048,03,16,0.0646992517410111,11.9511385,1.7284809,2048
12129,r6i1p1f1,2048,03,17,0.0,12.89462,-3.5580702,2048
12130,r6i1p1f1,2048,03,18,0.0,13.297518,-2.9401314,2048
12131,r6i1p1f1,2048,03,19,21.718849347189437,8.126642,-2.6917355,2048
12132,r6i1p1f1,2048,03,20,10.211972368123007,7.7161903,-4.8885336,2048
12133,r6i1p1f1,2048,03,21,7.557310238248251,7.3302765,0.28035063,2048
12134,r6i1p1f1,2048,03,22,3.3325385511326644,5.204337,-3.87276,2048
12135,r6i1p1f1,2048,03,23,0.0,7.6653566,-3.2904594,2048
12136,r6i1p1f1,2048,03,24,0.0,10.820833,-5.6477036,2048
12137,r6i1p1f1,2048,03,25,1.675372300418509,8.792739,-6.73186,2048
12138,r6i1p1f1,2048,03,26,0.4941239406858884,6.8503,-5.7714877,2048
12139,r6i1p1f1,2048,03,27,0.0,9.1315975,-6.336008,2048
12140,r6i1p1f1,2048,03,28,0.0,15.07655,-4.9626303,2048
12141,r6i1p1f1,2048,03,29,0.0,17.6762,-2.0353804,2048
12142,r6i1p1f1,2048,03,30,0.0,17.744843,-0.54631716,2048
12143,r6i1p1f1,2048,03,31,0.0,12.294141,-5.519052,2048
12144,r6i1p1f1,2048,04,01,0.0,12.400555,-6.896806,2048
12145,r6i1p1f1,2048,04,02,0.0,17.486134,-2.3776164,2048
12146,r6i1p1f1,2048,04,03,0.0,20.808455,0.9577448,2048
12147,r6i1p1f1,2048,04,04,0.0,21.097942,2.8875508,2048
12148,r6i1p1f1,2048,04,05,0.0,22.109037,5.757634,2048
12149,r6i1p1f1,2048,04,06,0.0,22.43571,5.458234,2048
12150,r6i1p1f1,2048,04,07,0.2148371137257963,20.969013,3.5555005,2048
12151,r6i1p1f1,2048,04,08,0.25071235496433975,15.912929,1.1278815,2048
12152,r6i1p1f1,2048,04,09,1.2553863636489326,11.794137,-1.5038893,2048
12153,r6i1p1f1,2048,04,10,2.6514143462271096,9.496337,-0.60348797,2048
12154,r6i1p1f1,2048,04,11,0.9437149817833701,15.703415,-2.529339,2048
12155,r6i1p1f1,2048,04,12,0.0,16.620834,-1.204369,2048
12156,r6i1p1f1,2048,04,13,0.0890708771190618,12.665251,-5.246759,2048
12157,r6i1p1f1,2048,04,14,22.496583187204596,10.354365,-4.977706,2048
12158,r6i1p1f1,2048,04,15,32.33897843740866,7.757327,0.897141,2048
12159,r6i1p1f1,2048,04,16,17.944043800781717,9.685264,-5.9593406,2048
12160,r6i1p1f1,2048,04,17,0.5728203860670481,14.50143,-0.40019745,2048
12161,r6i1p1f1,2048,04,18,0.0,19.671501,0.83319736,2048
12162,r6i1p1f1,2048,04,19,0.0,19.46058,2.1612904,2048
12163,r6i1p1f1,2048,04,20,0.0,14.999436,1.078391,2048
12164,r6i1p1f1,2048,04,21,0.0,14.928412,-1.1578326,2048
12165,r6i1p1f1,2048,04,22,0.16811320558447007,15.371069,-1.2475238,2048
12166,r6i1p1f1,2048,04,23,10.182870913050605,9.583411,2.6511188,2048
12167,r6i1p1f1,2048,04,24,1.7794300611132994,11.060313,-0.42505634,2048
12168,r6i1p1f1,2048,04,25,6.090228837111345,10.09694,-0.32895684,2048
12169,r6i1p1f1,2048,04,26,0.5693743348967375,9.315277,-0.5885959,2048
12170,r6i1p1f1,2048,04,27,0.031755728826379066,18.383686,-0.50770015,2048
12171,r6i1p1f1,2048,04,28,0.0,22.882627,4.6652527,2048
12172,r6i1p1f1,2048,04,29,0.0,23.506847,6.5569077,2048
12173,r6i1p1f1,2048,04,30,0.003337147286015437,24.286201,6.2836814,2048
12174,r6i1p1f1,2048,05,01,4.5751127299265555,16.425634,2.0057952,2048
12175,r6i1p1f1,2048,05,02,0.8122000329633462,14.89146,4.2013717,2048
12176,r6i1p1f1,2048,05,03,0.1473611377088298,18.704721,1.1580274,2048
12177,r6i1p1f1,2048,05,04,0.0,23.16167,3.661679,2048
12178,r6i1p1f1,2048,05,05,0.0,26.913015,5.9646063,2048
12179,r6i1p1f1,2048,05,06,0.0,27.058395,7.1529293,2048
12180,r6i1p1f1,2048,05,07,0.0,23.996376,5.071445,2048
12181,r6i1p1f1,2048,05,08,0.0,28.305113,7.958808,2048
12182,r6i1p1f1,2048,05,09,0.0,29.566948,8.893486,2048
12183,r6i1p1f1,2048,05,10,1.419005868049577,27.83787,8.558642,2048
12184,r6i1p1f1,2048,05,11,0.0,28.707623,9.424527,2048
12185,r6i1p1f1,2048,05,12,0.0,29.536488,7.4842134,2048
12186,r6i1p1f1,2048,05,13,0.0,26.177567,5.4064207,2048
12187,r6i1p1f1,2048,05,14,0.4502489213564453,22.10975,4.8818035,2048
12188,r6i1p1f1,2048,05,15,4.409720492767791,12.681023,-2.3009973,2048
12189,r6i1p1f1,2048,05,16,1.020982713425609,16.249151,3.959084,2048
12190,r6i1p1f1,2048,05,17,2.27425867896059,15.6021,3.4422388,2048
12191,r6i1p1f1,2048,05,18,2.355692820033476,16.26879,3.1079893,2048
12192,r6i1p1f1,2048,05,19,10.972158239311385,13.081433,0.8273409,2048
12193,r6i1p1f1,2048,05,20,3.27621594257491,17.777035,1.1523082,2048
12194,r6i1p1f1,2048,05,21,0.0006350942991978611,20.7064,4.8335524,2048
12195,r6i1p1f1,2048,05,22,6.847287181799203,13.061449,-0.98790807,2048
12196,r6i1p1f1,2048,05,23,0.0,16.88787,-1.2557501,2048
12197,r6i1p1f1,2048,05,24,0.0,20.279879,2.5660818,2048
12198,r6i1p1f1,2048,05,25,0.0,27.285007,5.942069,2048
12199,r6i1p1f1,2048,05,26,0.0,31.147724,10.863371,2048
12200,r6i1p1f1,2048,05,27,0.0,30.811308,12.35408,2048
12201,r6i1p1f1,2048,05,28,0.0,31.67018,11.281786,2048
12202,r6i1p1f1,2048,05,29,0.0,32.643818,12.363324,2048
12203,r6i1p1f1,2048,05,30,0.05600809359390612,30.843935,11.709223,2048
12204,r6i1p1f1,2048,05,31,0.0,32.407703,13.188166,2048
12205,r6i1p1f1,2048,06,01,5.068622462343344,26.935959,7.447747,2048
12206,r6i1p1f1,2048,06,02,6.716204651294434,19.625965,7.621529,2048
12207,r6i1p1f1,2048,06,03,0.018353117109252214,28.17746,9.583506,2048
12208,r6i1p1f1,2048,06,04,0.37623570685273755,29.070002,12.317534,2048
12209,r6i1p1f1,2048,06,05,3.492118382665719,25.486376,6.890321,2048
12210,r6i1p1f1,2048,06,06,2.426095488382385,17.766535,4.9679923,2048
12211,r6i1p1f1,2048,06,07,1.3772874067248067,18.078299,2.9354918,2048
12212,r6i1p1f1,2048,06,08,0.0005749101161833963,21.450615,8.2028675,2048
12213,r6i1p1f1,2048,06,09,4.89892604315654,19.49522,7.0038176,2048
12214,r6i1p1f1,2048,06,10,0.47623571455978664,17.756447,0.8514077,2048
12215,r6i1p1f1,2048,06,11,0.02239261110524041,20.902952,2.1789002,2048
12216,r6i1p1f1,2048,06,12,0.4511125745044237,23.193626,5.0823407,2048
12217,r6i1p1f1,2048,06,13,0.0,25.179443,5.830165,2048
12218,r6i1p1f1,2048,06,14,0.016433908577252677,22.45659,4.7641993,2048
12219,r6i1p1f1,2048,06,15,0.0,19.736868,8.569041,2048
12220,r6i1p1f1,2048,06,16,0.0,27.7008,8.032352,2048
12221,r6i1p1f1,2048,06,17,0.0,28.334942,10.3924265,2048
12222,r6i1p1f1,2048,06,18,0.0,23.986977,8.125909,2048
12223,r6i1p1f1,2048,06,19,0.0,25.87776,5.9201236,2048
12224,r6i1p1f1,2048,06,20,0.0,27.691288,8.559945,2048
12225,r6i1p1f1,2048,06,21,8.088635190554687,24.276094,5.199083,2048
12226,r6i1p1f1,2048,06,22,0.05781879489896121,22.944841,4.1151924,2048
12227,r6i1p1f1,2048,06,23,0.031286122017668956,24.035854,5.9713473,2048
12228,r6i1p1f1,2048,06,24,0.005126138310643029,26.409199,5.4546447,2048
12229,r6i1p1f1,2048,06,25,0.012009821119073956,28.116077,8.280015,2048
12230,r6i1p1f1,2048,06,26,0.0,31.31779,11.65212,2048
12231,r6i1p1f1,2048,06,27,0.0,34.088406,13.543119,2048
12232,r6i1p1f1,2048,06,28,0.0,34.080494,14.46478,2048
12233,r6i1p1f1,2048,06,29,0.0,33.48571,13.80987,2048
12234,r6i1p1f1,2048,06,30,0.09160813671112365,30.479294,11.746005,2048
12235,r6i1p1f1,2048,07,01,0.9558451169872431,31.68922,12.078819,2048
12236,r6i1p1f1,2048,07,02,0.1720218709095266,31.325233,12.757786,2048
12237,r6i1p1f1,2048,07,03,0.4169768090866345,31.300356,15.696954,2048
12238,r6i1p1f1,2048,07,04,0.06929953129391085,29.159576,10.13542,2048
12239,r6i1p1f1,2048,07,05,0.8629711420273217,29.69524,10.792047,2048
12240,r6i1p1f1,2048,07,06,0.0,31.838724,12.190456,2048
12241,r6i1p1f1,2048,07,07,0.39679336429737416,31.031546,12.834896,2048
12242,r6i1p1f1,2048,07,08,0.0,29.892132,9.809803,2048
12243,r6i1p1f1,2048,07,09,0.0,30.114254,11.323941,2048
12244,r6i1p1f1,2048,07,10,0.2227383518732897,30.710247,12.798862,2048
12245,r6i1p1f1,2048,07,11,0.0,29.579292,10.642852,2048
12246,r6i1p1f1,2048,07,12,0.0,31.523766,11.395468,2048
12247,r6i1p1f1,2048,07,13,0.0,32.017883,11.292249,2048
12248,r6i1p1f1,2048,07,14,0.0,32.839794,12.433568,2048
12249,r6i1p1f1,2048,07,15,0.0,33.35342,12.532354,2048
12250,r6i1p1f1,2048,07,16,0.0,34.07298,13.220376,2048
12251,r6i1p1f1,2048,07,17,0.0,33.533882,12.192965,2048
12252,r6i1p1f1,2048,07,18,0.0,33.603214,12.821324,2048
12253,r6i1p1f1,2048,07,19,0.0,36.480633,14.466697,2048
12254,r6i1p1f1,2048,07,20,0.0,37.02959,14.811348,2048
12255,r6i1p1f1,2048,07,21,0.0,36.978203,14.909361,2048
12256,r6i1p1f1,2048,07,22,0.2303307685145727,36.338852,15.804566,2048
12257,r6i1p1f1,2048,07,23,0.0,34.01025,14.77598,2048
12258,r6i1p1f1,2048,07,24,0.0,33.670483,13.411664,2048
12259,r6i1p1f1,2048,07,25,0.0,32.80008,12.631309,2048
12260,r6i1p1f1,2048,07,26,0.0011311211453512797,32.075714,11.759558,2048
12261,r6i1p1f1,2048,07,27,0.0,31.002815,10.985179,2048
12262,r6i1p1f1,2048,07,28,0.0,30.745388,10.918342,2048
12263,r6i1p1f1,2048,07,29,0.0,30.598503,10.6562195,2048
12264,r6i1p1f1,2048,07,30,0.0,30.237404,10.207342,2048
12265,r6i1p1f1,2048,07,31,0.0,30.480305,10.1813,2048
12266,r6i1p1f1,2048,08,01,0.048035791073994236,29.80379,10.0299015,2048
12267,r6i1p1f1,2048,08,02,0.0006437670387962822,27.934626,8.954343,2048
12268,r6i1p1f1,2048,08,03,0.17907859322826503,28.401762,8.908029,2048
12269,r6i1p1f1,2048,08,04,1.2251009907650023,30.918547,13.50836,2048
12270,r6i1p1f1,2048,08,05,0.7342683266317457,26.78976,11.150565,2048
12271,r6i1p1f1,2048,08,06,0.0085813571597668,31.654646,11.301574,2048
12272,r6i1p1f1,2048,08,07,0.0,32.959312,13.125338,2048
12273,r6i1p1f1,2048,08,08,0.0,32.606148,12.0760355,2048
12274,r6i1p1f1,2048,08,09,0.0,31.013594,11.152873,2048
12275,r6i1p1f1,2048,08,10,0.0,33.035603,11.670058,2048
12276,r6i1p1f1,2048,08,11,0.0,34.195152,13.020972,2048
12277,r6i1p1f1,2048,08,12,0.0,34.151405,13.414602,2048
12278,r6i1p1f1,2048,08,13,0.0,31.241608,11.966982,2048
12279,r6i1p1f1,2048,08,14,0.0,32.17161,11.722818,2048
12280,r6i1p1f1,2048,08,15,0.0,31.820692,12.326013,2048
12281,r6i1p1f1,2048,08,16,0.018771723800634105,27.63463,7.572491,2048
12282,r6i1p1f1,2048,08,17,0.022060877239649675,21.326088,4.4338994,2048
12283,r6i1p1f1,2048,08,18,0.777613060123435,19.627737,1.684711,2048
12284,r6i1p1f1,2048,08,19,0.0,25.474724,5.394528,2048
12285,r6i1p1f1,2048,08,20,0.0,30.746565,10.357744,2048
12286,r6i1p1f1,2048,08,21,0.25934625634935954,31.970348,12.652424,2048
12287,r6i1p1f1,2048,08,22,3.433640668094691,29.727016,10.501021,2048
12288,r6i1p1f1,2048,08,23,1.1705630834423748,26.639174,8.6111145,2048
12289,r6i1p1f1,2048,08,24,2.569374358989431,26.383307,9.686464,2048
12290,r6i1p1f1,2048,08,25,0.0,28.923746,11.666789,2048
12291,r6i1p1f1,2048,08,26,4.065195460358608,27.01401,10.3575,2048
12292,r6i1p1f1,2048,08,27,1.1223839584064692,24.618979,6.2725616,2048
12293,r6i1p1f1,2048,08,28,0.6850710490661264,24.135422,6.781279,2048
12294,r6i1p1f1,2048,08,29,0.0,28.058243,9.846848,2048
12295,r6i1p1f1,2048,08,30,0.0,32.526695,11.229694,2048
12296,r6i1p1f1,2048,08,31,0.0,33.399544,11.558329,2048
12297,r6i1p1f1,2048,09,01,0.006954671585069246,31.595762,14.769082,2048
12298,r6i1p1f1,2048,09,02,0.046736586681603964,29.660099,11.780446,2048
12299,r6i1p1f1,2048,09,03,0.0,32.285667,10.906596,2048
12300,r6i1p1f1,2048,09,04,0.0,33.10535,12.711952,2048
12301,r6i1p1f1,2048,09,05,0.0,33.540295,13.072894,2048
12302,r6i1p1f1,2048,09,06,0.08328184710821009,35.644157,14.311127,2048
12303,r6i1p1f1,2048,09,07,0.1011634230791847,34.34264,13.613727,2048
12304,r6i1p1f1,2048,09,08,0.03500483648296877,32.71732,13.546137,2048
12305,r6i1p1f1,2048,09,09,0.0,30.887648,11.886672,2048
12306,r6i1p1f1,2048,09,10,0.4463899609298384,25.354914,6.531964,2048
12307,r6i1p1f1,2048,09,11,0.0,25.260868,7.0612803,2048
12308,r6i1p1f1,2048,09,12,0.0,30.432446,9.460541,2048
12309,r6i1p1f1,2048,09,13,0.0,31.171972,9.448629,2048
12310,r6i1p1f1,2048,09,14,0.02746690232867329,31.044708,12.270995,2048
12311,r6i1p1f1,2048,09,15,3.1494719097885855,29.155672,11.58341,2048
12312,r6i1p1f1,2048,09,16,1.3981604592076629,28.589762,10.071773,2048
12313,r6i1p1f1,2048,09,17,5.653907139827314,20.401264,5.36728,2048
12314,r6i1p1f1,2048,09,18,1.9983425084849942,21.125929,3.0215447,2048
12315,r6i1p1f1,2048,09,19,4.220286454407356,19.003439,3.8901439,2048
12316,r6i1p1f1,2048,09,20,0.16073536592862286,21.100752,1.5983855,2048
12317,r6i1p1f1,2048,09,21,0.000384272195218118,18.518051,1.68861,2048
12318,r6i1p1f1,2048,09,22,0.0031080254036753986,12.733066,2.7674017,2048
12319,r6i1p1f1,2048,09,23,0.03679752626456569,16.876818,1.7116327,2048
12320,r6i1p1f1,2048,09,24,0.004822574048773458,17.871605,0.26901266,2048
12321,r6i1p1f1,2048,09,25,0.23758227851709052,18.475874,2.3474298,2048
12322,r6i1p1f1,2048,09,26,0.0,17.070152,0.26380768,2048
12323,r6i1p1f1,2048,09,27,0.0,18.026281,0.8593593,2048
12324,r6i1p1f1,2048,09,28,0.0,20.382132,1.2892238,2048
12325,r6i1p1f1,2048,09,29,0.0,21.5133,2.2361786,2048
12326,r6i1p1f1,2048,09,30,0.0,23.82349,3.4403884,2048
12327,r6i1p1f1,2048,10,01,0.0,25.067867,6.13813,2048
12328,r6i1p1f1,2048,10,02,0.025512704828317027,24.319042,6.8816323,2048
12329,r6i1p1f1,2048,10,03,0.019396108607951802,19.486359,4.582508,2048
12330,r6i1p1f1,2048,10,04,0.0,25.798601,5.4353495,2048
12331,r6i1p1f1,2048,10,05,0.0,29.411886,10.431777,2048
12332,r6i1p1f1,2048,10,06,0.0,30.25147,9.281193,2048
12333,r6i1p1f1,2048,10,07,0.0016349738478443558,29.85831,7.971635,2048
12334,r6i1p1f1,2048,10,08,0.0,19.204607,3.974766,2048
12335,r6i1p1f1,2048,10,09,0.0,13.927333,-0.7404735,2048
12336,r6i1p1f1,2048,10,10,0.0,17.82212,0.18016598,2048
12337,r6i1p1f1,2048,10,11,0.0,22.18983,1.5643561,2048
12338,r6i1p1f1,2048,10,12,0.0,22.79527,3.046129,2048
12339,r6i1p1f1,2048,10,13,0.0,24.76252,4.235453,2048
12340,r6i1p1f1,2048,10,14,0.0,27.428204,6.379563,2048
12341,r6i1p1f1,2048,10,15,0.0,28.275885,6.9434767,2048
12342,r6i1p1f1,2048,10,16,0.0,28.316397,6.7274876,2048
12343,r6i1p1f1,2048,10,17,0.0,26.030605,5.853105,2048
12344,r6i1p1f1,2048,10,18,0.041920359496934165,21.625525,2.9177015,2048
12345,r6i1p1f1,2048,10,19,0.016062356853177688,20.54246,2.4029813,2048
12346,r6i1p1f1,2048,10,20,0.0,21.571375,1.8995962,2048
12347,r6i1p1f1,2048,10,21,0.0,22.519897,2.1777298,2048
12348,r6i1p1f1,2048,10,22,0.0,19.8883,0.49063504,2048
12349,r6i1p1f1,2048,10,23,0.0,13.551442,-2.002442,2048
12350,r6i1p1f1,2048,10,24,0.0,13.417063,-3.3258903,2048
12351,r6i1p1f1,2048,10,25,0.0,16.770544,-3.2602224,2048
12352,r6i1p1f1,2048,10,26,0.0,19.912369,0.20342119,2048
12353,r6i1p1f1,2048,10,27,0.0,20.320734,1.2312554,2048
12354,r6i1p1f1,2048,10,28,0.005888950452009412,18.826384,1.6421273,2048
12355,r6i1p1f1,2048,10,29,0.0,17.269995,-0.28005177,2048
12356,r6i1p1f1,2048,10,30,0.0022971426094294824,15.723039,-3.4525611,2048
12357,r6i1p1f1,2048,10,31,0.0,15.366046,-3.5620992,2048
12358,r6i1p1f1,2048,11,01,0.0,15.570334,-2.6160269,2048
12359,r6i1p1f1,2048,11,02,0.0,16.308971,-2.7747064,2048
12360,r6i1p1f1,2048,11,03,0.0,17.20149,1.0426978,2048
12361,r6i1p1f1,2048,11,04,0.0,17.975407,3.625902,2048
12362,r6i1p1f1,2048,11,05,2.875909581731629,14.953652,1.4861321,2048
12363,r6i1p1f1,2048,11,06,25.0661468670989,11.016574,3.2541387,2048
12364,r6i1p1f1,2048,11,07,3.2648902326072644,16.862963,2.8676264,2048
12365,r6i1p1f1,2048,11,08,1.3163573931468493,17.955843,2.5556936,2048
12366,r6i1p1f1,2048,11,09,28.756545663088012,7.9249244,1.6197623,2048
12367,r6i1p1f1,2048,11,10,0.026820537481931552,8.836059,0.3645788,2048
12368,r6i1p1f1,2048,11,11,0.0,12.689935,-1.8472521,2048
12369,r6i1p1f1,2048,11,12,0.0,15.657844,0.9949391,2048
12370,r6i1p1f1,2048,11,13,0.0,15.561014,0.31827134,2048
12371,r6i1p1f1,2048,11,14,0.0,15.441515,1.355867,2048
12372,r6i1p1f1,2048,11,15,0.0,15.92494,-0.2671875,2048
12373,r6i1p1f1,2048,11,16,0.3445010321427342,12.61452,1.9720458,2048
12374,r6i1p1f1,2048,11,17,22.619948544933866,10.221373,-3.127614,2048
12375,r6i1p1f1,2048,11,18,1.4699320548152124,3.3188624,-3.7320325,2048
12376,r6i1p1f1,2048,11,19,0.0013788198132869574,4.7927117,-8.558656,2048
12377,r6i1p1f1,2048,11,20,0.01378021571827024,7.7210393,-4.9880133,2048
12378,r6i1p1f1,2048,11,21,0.14517558019728757,7.338901,-1.6665545,2048
12379,r6i1p1f1,2048,11,22,0.06407338739940634,7.3264594,-2.8548186,2048
12380,r6i1p1f1,2048,11,23,0.03865887499020215,8.976432,-5.056716,2048
12381,r6i1p1f1,2048,11,24,5.560488829507691,8.583727,-0.11931634,2048
12382,r6i1p1f1,2048,11,25,12.316683055866271,11.01756,2.3030012,2048
12383,r6i1p1f1,2048,11,26,5.928544259500351,9.914311,3.9302628,2048
12384,r6i1p1f1,2048,11,27,8.649552617943241,10.346908,3.8380806,2048
12385,r6i1p1f1,2048,11,28,4.115096140530972,11.12451,1.6623361,2048
12386,r6i1p1f1,2048,11,29,22.017601243755866,10.985682,3.926021,2048
12387,r6i1p1f1,2048,11,30,2.3045551623163787,12.151208,4.583122,2048
12388,r6i1p1f1,2048,12,01,0.6535853540391159,13.001667,5.735259,2048
12389,r6i1p1f1,2048,12,02,0.6126035041691411,11.799869,-1.2453318,2048
12390,r6i1p1f1,2048,12,03,0.0,8.4422455,-5.505114,2048
12391,r6i1p1f1,2048,12,04,0.0,9.176558,-3.4292405,2048
12392,r6i1p1f1,2048,12,05,0.15853431815818275,6.7952642,-2.0087368,2048
12393,r6i1p1f1,2048,12,06,0.0,10.24673,-1.3405992,2048
12394,r6i1p1f1,2048,12,07,0.0,10.556639,-2.9859393,2048
12395,r6i1p1f1,2048,12,08,0.0,8.845535,-4.628455,2048
12396,r6i1p1f1,2048,12,09,0.0,10.212915,-4.3515453,2048
12397,r6i1p1f1,2048,12,10,0.0,11.551324,-2.5493932,2048
12398,r6i1p1f1,2048,12,11,0.0,10.664563,-3.3646493,2048
12399,r6i1p1f1,2048,12,12,10.983431262944526,6.9034157,-2.8132348,2048
12400,r6i1p1f1,2048,12,13,14.353142153617274,4.8716755,-2.1081393,2048
12401,r6i1p1f1,2048,12,14,15.885146119989317,5.73249,-0.43628308,2048
12402,r6i1p1f1,2048,12,15,19.438154927558426,6.450917,-4.1031423,2048
12403,r6i1p1f1,2048,12,16,0.2238779853701855,2.1007638,-11.0145445,2048
12404,r6i1p1f1,2048,12,17,3.963116598725184,-0.33093202,-6.7764096,2048
12405,r6i1p1f1,2048,12,18,1.1831810100065625,0.5152535,-11.961124,2048
12406,r6i1p1f1,2048,12,19,0.0,-2.7356987,-14.666338,2048
12407,r6i1p1f1,2048,12,20,0.0,-2.3611746,-14.355016,2048
12408,r6i1p1f1,2048,12,21,5.688471213957557,3.0321927,-11.859438,2048
12409,r6i1p1f1,2048,12,22,16.245831586448848,2.7290268,-4.193261,2048
12410,r6i1p1f1,2048,12,23,33.95418311141205,2.144566,-4.999001,2048
12411,r6i1p1f1,2048,12,24,3.2324249533041365,2.22878,-4.9110193,2048
12412,r6i1p1f1,2048,12,25,0.0,6.5450945,-7.7848506,2048
12413,r6i1p1f1,2048,12,26,0.0,7.133615,-7.1057425,2048
12414,r6i1p1f1,2048,12,27,0.0,5.614891,-4.6177835,2048
12415,r6i1p1f1,2048,12,28,0.8188989838895904,2.4162686,-6.654198,2048
12416,r6i1p1f1,2048,12,29,3.3796782537047014,-0.54262346,-6.184776,2048
12417,r6i1p1f1,2048,12,30,0.338475932117018,3.2070951,-3.891721,2048
12418,r6i1p1f1,2048,12,31,5.567007450930373,3.2826743,-5.645796,2048
12419,r6i1p1f1,2049,01,01,0.0,3.1996315,-6.948893,2049
12420,r6i1p1f1,2049,01,02,0.0,4.274418,-8.226432,2049
12421,r6i1p1f1,2049,01,03,0.0,8.113034,-6.851479,2049
12422,r6i1p1f1,2049,01,04,0.0,7.521963,-4.187941,2049
12423,r6i1p1f1,2049,01,05,0.0,8.332008,-0.64917475,2049
12424,r6i1p1f1,2049,01,06,5.074606606366168,5.735293,-1.1149901,2049
12425,r6i1p1f1,2049,01,07,0.511680031538227,5.924466,1.0838169,2049
12426,r6i1p1f1,2049,01,08,2.9882348588314894e-05,7.8687396,-0.8990916,2049
12427,r6i1p1f1,2049,01,09,0.0,8.207248,-4.447477,2049
12428,r6i1p1f1,2049,01,10,0.5773625944740433,7.287318,-1.5326178,2049
12429,r6i1p1f1,2049,01,11,0.0,4.7072372,-7.8440213,2049
12430,r6i1p1f1,2049,01,12,12.953595839956042,4.708813,-3.5708542,2049
12431,r6i1p1f1,2049,01,13,1.646930893596053,4.315816,-1.6824939,2049
12432,r6i1p1f1,2049,01,14,0.20887582658611598,8.728882,2.0025156,2049
12433,r6i1p1f1,2049,01,15,0.7160602047199836,7.860502,-6.7237587,2049
12434,r6i1p1f1,2049,01,16,0.0,-5.2107043,-19.45861,2049
12435,r6i1p1f1,2049,01,17,0.0,-0.49691474,-15.026726,2049
12436,r6i1p1f1,2049,01,18,0.0,3.0763106,-11.831856,2049
12437,r6i1p1f1,2049,01,19,0.0009230566029009739,3.970345,-5.2653623,2049
12438,r6i1p1f1,2049,01,20,0.028521351214537607,3.8253744,-9.036112,2049
12439,r6i1p1f1,2049,01,21,0.7964346759315245,1.0995872,-5.8690214,2049
12440,r6i1p1f1,2049,01,22,3.462606402055878,2.366711,-2.832332,2049
12441,r6i1p1f1,2049,01,23,0.023171742558827126,5.4798007,-2.2980351,2049
12442,r6i1p1f1,2049,01,24,0.0,10.756126,-2.8879614,2049
12443,r6i1p1f1,2049,01,25,0.0,13.0513735,-1.0102861,2049
12444,r6i1p1f1,2049,01,26,0.0,9.212017,-4.2659907,2049
12445,r6i1p1f1,2049,01,27,0.0,7.239319,-6.3606944,2049
12446,r6i1p1f1,2049,01,28,0.0,3.8095694,-10.761599,2049
12447,r6i1p1f1,2049,01,29,0.5664490915250401,3.5270188,-5.341693,2049
12448,r6i1p1f1,2049,01,30,0.0,1.3368142,-11.368545,2049
12449,r6i1p1f1,2049,01,31,0.0,0.9891584,-14.204232,2049
12450,r6i1p1f1,2049,02,01,0.002777416232357599,7.219433,-8.3698,2049
12451,r6i1p1f1,2049,02,02,0.6731968392956335,7.5414667,-1.447165,2049
12452,r6i1p1f1,2049,02,03,1.261569389159125,7.5360947,-1.9773201,2049
12453,r6i1p1f1,2049,02,04,11.358638008883506,4.990777,-2.3813152,2049
12454,r6i1p1f1,2049,02,05,15.469499073041913,3.9324574,-2.6566005,2049
12455,r6i1p1f1,2049,02,06,2.994250261240873,6.6704617,-2.2094095,2049
12456,r6i1p1f1,2049,02,07,23.51858164170729,6.916188,-3.896584,2049
12457,r6i1p1f1,2049,02,08,33.94726769863526,5.04093,-2.24198,2049
12458,r6i1p1f1,2049,02,09,6.768924973283173,6.1639643,-3.8337886,2049
12459,r6i1p1f1,2049,02,10,12.257210206952177,5.4990325,-2.5669613,2049
12460,r6i1p1f1,2049,02,11,13.087896932051565,6.4084005,-0.9846968,2049
12461,r6i1p1f1,2049,02,12,2.2125256679561582,8.274414,-0.5810675,2049
12462,r6i1p1f1,2049,02,13,19.988766839429847,9.379355,0.29621807,2049
12463,r6i1p1f1,2049,02,14,24.761997323752194,9.552035,1.5432984,2049
12464,r6i1p1f1,2049,02,15,9.277342806701455,13.997267,-0.43777695,2049
12465,r6i1p1f1,2049,02,16,11.714246911484548,13.325221,0.21573742,2049
12466,r6i1p1f1,2049,02,17,0.9157620760238974,8.699416,-1.3815405,2049
12467,r6i1p1f1,2049,02,18,21.533689199932542,7.559105,-0.8247656,2049
12468,r6i1p1f1,2049,02,19,31.140165030074286,5.933953,-1.2767096,2049
12469,r6i1p1f1,2049,02,20,4.343746515397975,4.7457795,-0.878031,2049
12470,r6i1p1f1,2049,02,21,0.019728510981314392,8.298124,-4.8048253,2049
12471,r6i1p1f1,2049,02,22,0.0,11.911313,-4.1745877,2049
12472,r6i1p1f1,2049,02,23,0.0,12.777582,-3.8948772,2049
12473,r6i1p1f1,2049,02,24,0.0,11.476434,-5.450713,2049
12474,r6i1p1f1,2049,02,25,0.2323696053960879,9.7316475,0.9587277,2049
12475,r6i1p1f1,2049,02,26,0.002203061003218052,13.096875,-1.3233429,2049
12476,r6i1p1f1,2049,02,27,9.544189582073281,9.472519,-3.2413545,2049
12477,r6i1p1f1,2049,02,28,10.804140383937364,3.6109352,-3.5038154,2049
12478,r6i1p1f1,2049,03,01,1.508563661318933,2.0600617,-7.582761,2049
12479,r6i1p1f1,2049,03,02,7.185048148262712,3.4275835,-8.538929,2049
12480,r6i1p1f1,2049,03,03,28.718512345953503,1.4181361,-5.336123,2049
12481,r6i1p1f1,2049,03,04,2.5955943608071,4.667043,-3.8365443,2049
12482,r6i1p1f1,2049,03,05,17.184349480949596,7.962348,-0.6360651,2049
12483,r6i1p1f1,2049,03,06,14.806892863259392,5.515829,-2.3160152,2049
12484,r6i1p1f1,2049,03,07,0.6202542528246379,7.6142616,-1.8407412,2049
12485,r6i1p1f1,2049,03,08,0.0,12.072532,-4.1534567,2049
12486,r6i1p1f1,2049,03,09,0.0,12.048647,-2.9535394,2049
12487,r6i1p1f1,2049,03,10,0.0,15.646853,-2.671662,2049
12488,r6i1p1f1,2049,03,11,0.0,14.136477,0.21871953,2049
12489,r6i1p1f1,2049,03,12,0.9523461406419975,10.648998,-1.4522834,2049
12490,r6i1p1f1,2049,03,13,0.007810284926659089,10.464855,-0.44677263,2049
12491,r6i1p1f1,2049,03,14,0.0,10.653749,-5.1416006,2049
12492,r6i1p1f1,2049,03,15,0.21728785205549403,12.798497,-3.39866,2049
12493,r6i1p1f1,2049,03,16,1.6364444638216937,8.369912,-3.9030452,2049
12494,r6i1p1f1,2049,03,17,6.322253284449295,10.323219,-1.9000096,2049
12495,r6i1p1f1,2049,03,18,7.082418794267727,9.963875,-0.3958555,2049
12496,r6i1p1f1,2049,03,19,4.951314196819197,8.910014,-2.4153783,2049
12497,r6i1p1f1,2049,03,20,25.132988271189838,7.377459,0.24344803,2049
12498,r6i1p1f1,2049,03,21,12.273936754527657,9.873223,-2.1183996,2049
12499,r6i1p1f1,2049,03,22,2.626551463042983,8.268467,-1.0329012,2049
12500,r6i1p1f1,2049,03,23,0.07684540401573067,13.371018,-1.7382839,2049
12501,r6i1p1f1,2049,03,24,0.0017217721645823901,17.825098,-1.8050369,2049
12502,r6i1p1f1,2049,03,25,0.0,17.928614,-0.88891345,2049
12503,r6i1p1f1,2049,03,26,0.0,18.715527,1.8173418,2049
12504,r6i1p1f1,2049,03,27,0.004337498203104446,17.01356,2.318546,2049
12505,r6i1p1f1,2049,03,28,1.3742363344532469,12.326203,3.1922889,2049
12506,r6i1p1f1,2049,03,29,4.575087545409859,9.701016,-0.81839985,2049
12507,r6i1p1f1,2049,03,30,3.8838431602378156,10.747367,-2.9179645,2049
12508,r6i1p1f1,2049,03,31,0.07699557068224604,13.8554,0.16635492,2049
12509,r6i1p1f1,2049,04,01,0.7344933425205826,12.886958,2.4140925,2049
12510,r6i1p1f1,2049,04,02,27.93564178545745,10.422891,-2.038076,2049
12511,r6i1p1f1,2049,04,03,2.7294616632703588,10.212442,-3.871778,2049
12512,r6i1p1f1,2049,04,04,0.0,14.904859,0.78639126,2049
12513,r6i1p1f1,2049,04,05,0.0,18.55572,0.107916944,2049
12514,r6i1p1f1,2049,04,06,0.0,20.829983,3.1679823,2049
12515,r6i1p1f1,2049,04,07,0.0,22.479652,4.8893666,2049
12516,r6i1p1f1,2049,04,08,0.0,22.674479,4.227239,2049
12517,r6i1p1f1,2049,04,09,0.0,22.549364,4.259025,2049
12518,r6i1p1f1,2049,04,10,0.0,19.982943,6.6951118,2049
12519,r6i1p1f1,2049,04,11,2.372955786101553,14.563966,3.108923,2049
12520,r6i1p1f1,2049,04,12,9.9081651500467,11.290992,-3.8337166,2049
12521,r6i1p1f1,2049,04,13,7.57555326423766,11.376821,3.7129028,2049
12522,r6i1p1f1,2049,04,14,8.530363402968153,10.257227,-3.7274818,2049
12523,r6i1p1f1,2049,04,15,0.0,13.800758,-2.9395335,2049
12524,r6i1p1f1,2049,04,16,0.0,17.264551,-0.5361894,2049
12525,r6i1p1f1,2049,04,17,0.0,19.134901,0.15107699,2049
12526,r6i1p1f1,2049,04,18,5.340806734594207,16.002575,-0.5795952,2049
12527,r6i1p1f1,2049,04,19,24.14813267509092,11.339213,2.308015,2049
12528,r6i1p1f1,2049,04,20,14.788635045699158,10.074833,2.9827805,2049
12529,r6i1p1f1,2049,04,21,23.840825655208285,11.252431,-0.8656911,2049
12530,r6i1p1f1,2049,04,22,0.3241976366214664,12.556684,0.58496636,2049
12531,r6i1p1f1,2049,04,23,2.431434965945544,12.123755,1.8259156,2049
12532,r6i1p1f1,2049,04,24,0.21989005820624172,15.112273,-0.2837047,2049
12533,r6i1p1f1,2049,04,25,0.20273807719635145,21.435888,3.273976,2049
12534,r6i1p1f1,2049,04,26,0.0,21.635172,3.3331695,2049
12535,r6i1p1f1,2049,04,27,0.0,21.674795,6.2859497,2049
12536,r6i1p1f1,2049,04,28,0.0,23.535517,7.193122,2049
12537,r6i1p1f1,2049,04,29,0.0007363465466966653,23.326674,5.6122494,2049
12538,r6i1p1f1,2049,04,30,0.0,22.863611,5.8856335,2049
12539,r6i1p1f1,2049,05,01,0.0,25.866762,8.784834,2049
12540,r6i1p1f1,2049,05,02,0.9610793061611458,23.969786,5.8732004,2049
12541,r6i1p1f1,2049,05,03,1.9932737310784894,20.514093,2.9333005,2049
12542,r6i1p1f1,2049,05,04,2.5711195017237274,18.19806,3.7996771,2049
12543,r6i1p1f1,2049,05,05,0.9760582250754317,14.951217,3.0439484,2049
12544,r6i1p1f1,2049,05,06,0.18386339938677593,15.045096,3.1912289,2049
12545,r6i1p1f1,2049,05,07,0.0,19.72445,1.1416043,2049
12546,r6i1p1f1,2049,05,08,0.02241664064630223,22.136051,5.901416,2049
12547,r6i1p1f1,2049,05,09,0.23058960672825343,18.722002,4.151364,2049
12548,r6i1p1f1,2049,05,10,5.849450717721253,14.914329,0.9598128,2049
12549,r6i1p1f1,2049,05,11,8.408624813252588,13.543485,3.4206946,2049
12550,r6i1p1f1,2049,05,12,18.348906356099185,10.86121,-0.2840057,2049
12551,r6i1p1f1,2049,05,13,5.163914083714054,16.814486,0.33600888,2049
12552,r6i1p1f1,2049,05,14,0.17302055926519366,23.471859,5.886086,2049
12553,r6i1p1f1,2049,05,15,0.8303756165524266,24.769676,4.328153,2049
12554,r6i1p1f1,2049,05,16,0.013051976880029651,26.799902,8.262886,2049
12555,r6i1p1f1,2049,05,17,19.07746573176657,16.888279,1.8820864,2049
12556,r6i1p1f1,2049,05,18,4.869449784168517,12.229661,-0.59394073,2049
12557,r6i1p1f1,2049,05,19,0.14855668475477282,20.173906,2.5813491,2049
12558,r6i1p1f1,2049,05,20,0.0,24.433334,5.0950847,2049
12559,r6i1p1f1,2049,05,21,0.0,25.265127,5.8443527,2049
12560,r6i1p1f1,2049,05,22,0.5097933041878022,20.63229,4.562093,2049
12561,r6i1p1f1,2049,05,23,0.14093421253693098,22.005411,3.5988755,2049
12562,r6i1p1f1,2049,05,24,0.0,28.108736,7.910111,2049
12563,r6i1p1f1,2049,05,25,0.0,28.253418,11.759332,2049
12564,r6i1p1f1,2049,05,26,0.6266698530273284,26.205215,9.4925585,2049
12565,r6i1p1f1,2049,05,27,0.40617874807584037,23.850086,6.1195617,2049
12566,r6i1p1f1,2049,05,28,5.9825949512767505,17.115313,1.4351736,2049
12567,r6i1p1f1,2049,05,29,11.222347242315816,13.956961,1.6870416,2049
12568,r6i1p1f1,2049,05,30,1.9527191417556433,16.259077,3.2091796,2049
12569,r6i1p1f1,2049,05,31,1.430811792647145,19.236864,5.26106,2049
12570,r6i1p1f1,2049,06,01,0.6164233099111481,19.437122,7.5367355,2049
12571,r6i1p1f1,2049,06,02,10.607981879493337,12.131226,2.0959287,2049
12572,r6i1p1f1,2049,06,03,0.2738262888211944,27.146694,7.366161,2049
12573,r6i1p1f1,2049,06,04,0.0,28.222815,7.348788,2049
12574,r6i1p1f1,2049,06,05,0.0,28.840708,9.651059,2049
12575,r6i1p1f1,2049,06,06,11.04503844989343,21.956724,3.479389,2049
12576,r6i1p1f1,2049,06,07,7.533904290021709,11.026425,3.6925004,2049
12577,r6i1p1f1,2049,06,08,5.355514162780205,12.96361,3.3937955,2049
12578,r6i1p1f1,2049,06,09,0.05064110432411502,24.814062,5.977278,2049
12579,r6i1p1f1,2049,06,10,1.6918691210881645,22.092,4.3358564,2049
12580,r6i1p1f1,2049,06,11,3.3980422033356756,16.026974,1.1134415,2049
12581,r6i1p1f1,2049,06,12,0.0,24.345228,5.563694,2049
12582,r6i1p1f1,2049,06,13,0.0,28.591276,8.926812,2049
12583,r6i1p1f1,2049,06,14,0.0,29.895561,10.261234,2049
12584,r6i1p1f1,2049,06,15,0.0,31.14457,11.188987,2049
12585,r6i1p1f1,2049,06,16,0.0,30.398684,10.478053,2049
12586,r6i1p1f1,2049,06,17,0.0,28.49411,10.034338,2049
12587,r6i1p1f1,2049,06,18,0.0,28.450993,9.345192,2049
12588,r6i1p1f1,2049,06,19,0.0,29.462078,9.785417,2049
12589,r6i1p1f1,2049,06,20,0.0,31.056385,10.84557,2049
12590,r6i1p1f1,2049,06,21,0.0,32.435997,12.264934,2049
12591,r6i1p1f1,2049,06,22,0.0,32.465176,13.032271,2049
12592,r6i1p1f1,2049,06,23,0.0,32.33635,12.3887005,2049
12593,r6i1p1f1,2049,06,24,0.0,33.888943,12.996655,2049
12594,r6i1p1f1,2049,06,25,0.0,32.161205,11.984179,2049
12595,r6i1p1f1,2049,06,26,0.0,29.458027,8.7431345,2049
12596,r6i1p1f1,2049,06,27,0.14883943510624217,27.743223,7.3194246,2049
12597,r6i1p1f1,2049,06,28,0.0,29.725164,10.802568,2049
12598,r6i1p1f1,2049,06,29,0.0,31.002205,10.842168,2049
12599,r6i1p1f1,2049,06,30,0.0,31.14763,11.784689,2049
12600,r6i1p1f1,2049,07,01,0.0,32.521305,12.773734,2049
12601,r6i1p1f1,2049,07,02,0.0,33.328716,12.511848,2049
12602,r6i1p1f1,2049,07,03,0.0,32.114,11.520327,2049
12603,r6i1p1f1,2049,07,04,0.0,30.314045,10.268211,2049
12604,r6i1p1f1,2049,07,05,0.0,30.945208,9.402777,2049
12605,r6i1p1f1,2049,07,06,0.09290144019125227,30.032911,10.899152,2049
12606,r6i1p1f1,2049,07,07,0.2929558151747123,26.93592,8.750705,2049
12607,r6i1p1f1,2049,07,08,0.280999931139507,27.468765,10.181546,2049
12608,r6i1p1f1,2049,07,09,0.0,29.732391,10.479955,2049
12609,r6i1p1f1,2049,07,10,0.0,31.002365,11.720544,2049
12610,r6i1p1f1,2049,07,11,0.0,32.957535,11.605495,2049
12611,r6i1p1f1,2049,07,12,0.0,33.284683,11.961121,2049
12612,r6i1p1f1,2049,07,13,0.0,35.037346,12.275395,2049
12613,r6i1p1f1,2049,07,14,0.0,37.498413,14.72097,2049
12614,r6i1p1f1,2049,07,15,0.0,37.39714,14.367045,2049
12615,r6i1p1f1,2049,07,16,0.0,35.31895,12.790883,2049
12616,r6i1p1f1,2049,07,17,0.0,33.27727,12.613909,2049
12617,r6i1p1f1,2049,07,18,0.0,30.419382,10.845785,2049
12618,r6i1p1f1,2049,07,19,0.0,30.778116,10.438115,2049
12619,r6i1p1f1,2049,07,20,0.007273996014455119,30.790983,11.098548,2049
12620,r6i1p1f1,2049,07,21,0.0,31.275146,11.426594,2049
12621,r6i1p1f1,2049,07,22,0.0,31.93507,13.886523,2049
12622,r6i1p1f1,2049,07,23,0.0,32.831196,12.42311,2049
12623,r6i1p1f1,2049,07,24,0.15940820783158174,33.098694,13.687353,2049
12624,r6i1p1f1,2049,07,25,0.5874101536276426,30.14309,11.993586,2049
12625,r6i1p1f1,2049,07,26,0.0,29.653597,11.58681,2049
12626,r6i1p1f1,2049,07,27,0.0,27.869654,9.120296,2049
12627,r6i1p1f1,2049,07,28,0.0,27.721924,8.337594,2049
12628,r6i1p1f1,2049,07,29,0.0,29.213385,9.05099,2049
12629,r6i1p1f1,2049,07,30,0.0,31.546326,10.664011,2049
12630,r6i1p1f1,2049,07,31,0.0,33.388454,11.535814,2049
12631,r6i1p1f1,2049,08,01,0.0,34.450832,13.082769,2049
12632,r6i1p1f1,2049,08,02,0.0,35.10568,13.083665,2049
12633,r6i1p1f1,2049,08,03,0.0,34.6358,13.597756,2049
12634,r6i1p1f1,2049,08,04,0.01282839618229025,34.157814,13.345836,2049
12635,r6i1p1f1,2049,08,05,0.0,34.51548,12.608811,2049
12636,r6i1p1f1,2049,08,06,0.0,34.362022,13.082439,2049
12637,r6i1p1f1,2049,08,07,0.0,35.51032,14.094675,2049
12638,r6i1p1f1,2049,08,08,0.0,36.585197,14.856519,2049
12639,r6i1p1f1,2049,08,09,0.0009134308338455979,36.98762,15.990601,2049
12640,r6i1p1f1,2049,08,10,0.029658645589155617,37.85377,17.969742,2049
12641,r6i1p1f1,2049,08,11,0.0,37.667732,16.953255,2049
12642,r6i1p1f1,2049,08,12,0.0,37.525097,16.23727,2049
12643,r6i1p1f1,2049,08,13,0.0,37.340984,16.493896,2049
12644,r6i1p1f1,2049,08,14,0.0,35.55054,13.439807,2049
12645,r6i1p1f1,2049,08,15,0.0,34.55232,13.028279,2049
12646,r6i1p1f1,2049,08,16,0.0,34.49749,12.990578,2049
12647,r6i1p1f1,2049,08,17,0.0,31.345303,10.701579,2049
12648,r6i1p1f1,2049,08,18,0.0,27.935036,8.589012,2049
12649,r6i1p1f1,2049,08,19,0.0007328743749471876,28.095694,8.56971,2049
12650,r6i1p1f1,2049,08,20,0.0,29.704882,9.617672,2049
12651,r6i1p1f1,2049,08,21,0.0,29.971613,9.701436,2049
12652,r6i1p1f1,2049,08,22,0.0,30.330002,10.370966,2049
12653,r6i1p1f1,2049,08,23,0.0,31.953854,11.020385,2049
12654,r6i1p1f1,2049,08,24,0.0,33.965294,12.04875,2049
12655,r6i1p1f1,2049,08,25,0.0,33.32499,11.497653,2049
12656,r6i1p1f1,2049,08,26,0.0,32.88191,11.381838,2049
12657,r6i1p1f1,2049,08,27,0.0,31.55039,10.423685,2049
12658,r6i1p1f1,2049,08,28,0.0,29.275536,10.136299,2049
12659,r6i1p1f1,2049,08,29,0.0,27.840008,8.18022,2049
12660,r6i1p1f1,2049,08,30,0.17195161827531139,22.808167,5.290271,2049
12661,r6i1p1f1,2049,08,31,3.004260331821286,22.386187,3.7431452,2049
12662,r6i1p1f1,2049,09,01,0.0,28.983488,10.070536,2049
12663,r6i1p1f1,2049,09,02,0.0,31.52778,11.334711,2049
12664,r6i1p1f1,2049,09,03,0.0,31.666763,11.417477,2049
12665,r6i1p1f1,2049,09,04,0.0,30.575771,11.187099,2049
12666,r6i1p1f1,2049,09,05,0.04117120511568743,29.645155,12.015613,2049
12667,r6i1p1f1,2049,09,06,0.006688057975671819,28.71368,9.001763,2049
12668,r6i1p1f1,2049,09,07,0.0,30.34997,8.90106,2049
12669,r6i1p1f1,2049,09,08,0.0,30.396524,9.164258,2049
12670,r6i1p1f1,2049,09,09,0.0,30.91534,10.119148,2049
12671,r6i1p1f1,2049,09,10,0.0,30.882254,10.838218,2049
12672,r6i1p1f1,2049,09,11,0.0,30.319098,8.551081,2049
12673,r6i1p1f1,2049,09,12,0.004454268488715906,26.568459,9.254921,2049
12674,r6i1p1f1,2049,09,13,0.0,24.564865,6.3576083,2049
12675,r6i1p1f1,2049,09,14,0.0,24.887232,5.3324375,2049
12676,r6i1p1f1,2049,09,15,0.0,25.670874,5.5458145,2049
12677,r6i1p1f1,2049,09,16,0.0,25.70678,6.795667,2049
12678,r6i1p1f1,2049,09,17,0.0,26.903675,7.1297283,2049
12679,r6i1p1f1,2049,09,18,0.0,26.272907,6.2970276,2049
12680,r6i1p1f1,2049,09,19,1.0841414223497408,23.610544,4.881563,2049
12681,r6i1p1f1,2049,09,20,0.003814173631949593,24.081816,4.4100924,2049
12682,r6i1p1f1,2049,09,21,0.3189143188448782,25.741478,7.232765,2049
12683,r6i1p1f1,2049,09,22,0.12883696865566757,28.03281,9.219938,2049
12684,r6i1p1f1,2049,09,23,0.0,29.186888,7.9569187,2049
12685,r6i1p1f1,2049,09,24,0.0,30.965864,9.27993,2049
12686,r6i1p1f1,2049,09,25,0.0,32.261116,10.120087,2049
12687,r6i1p1f1,2049,09,26,0.011306035997196588,32.452007,10.714336,2049
12688,r6i1p1f1,2049,09,27,0.0,27.133232,7.0782413,2049
12689,r6i1p1f1,2049,09,28,0.0,22.272356,2.8258343,2049
12690,r6i1p1f1,2049,09,29,0.0,24.598238,5.681193,2049
12691,r6i1p1f1,2049,09,30,0.0,27.267704,6.246087,2049
12692,r6i1p1f1,2049,10,01,0.0,28.644403,7.3111277,2049
12693,r6i1p1f1,2049,10,02,0.0,29.817663,8.718106,2049
12694,r6i1p1f1,2049,10,03,0.0,29.970938,9.104991,2049
12695,r6i1p1f1,2049,10,04,0.0,29.822065,9.732623,2049
12696,r6i1p1f1,2049,10,05,0.0,30.192293,9.296021,2049
12697,r6i1p1f1,2049,10,06,0.0,29.836443,7.4520197,2049
12698,r6i1p1f1,2049,10,07,0.0,27.82276,5.8823175,2049
12699,r6i1p1f1,2049,10,08,0.0,26.32962,4.9021373,2049
12700,r6i1p1f1,2049,10,09,0.0,25.851616,5.505265,2049
12701,r6i1p1f1,2049,10,10,0.0,22.008701,5.0319443,2049
12702,r6i1p1f1,2049,10,11,0.0,21.19003,2.3650901,2049
12703,r6i1p1f1,2049,10,12,0.22042644508695702,18.945494,2.6789505,2049
12704,r6i1p1f1,2049,10,13,0.006721825483797033,21.814714,3.9552815,2049
12705,r6i1p1f1,2049,10,14,0.0,23.88288,4.892991,2049
12706,r6i1p1f1,2049,10,15,0.0,24.065485,5.122637,2049
12707,r6i1p1f1,2049,10,16,0.0,25.682848,5.2840295,2049
12708,r6i1p1f1,2049,10,17,0.0,26.580488,6.1323323,2049
12709,r6i1p1f1,2049,10,18,0.0,24.363379,4.024452,2049
12710,r6i1p1f1,2049,10,19,0.0,21.389736,1.2776749,2049
12711,r6i1p1f1,2049,10,20,0.0,23.350414,2.6040864,2049
12712,r6i1p1f1,2049,10,21,0.0,26.08088,6.2827215,2049
12713,r6i1p1f1,2049,10,22,0.0,27.853876,7.340209,2049
12714,r6i1p1f1,2049,10,23,0.0,27.826035,8.85424,2049
12715,r6i1p1f1,2049,10,24,0.0,29.491373,9.014214,2049
12716,r6i1p1f1,2049,10,25,0.0,29.437315,8.588947,2049
12717,r6i1p1f1,2049,10,26,0.0,27.474928,9.420456,2049
12718,r6i1p1f1,2049,10,27,0.0,27.143599,7.769514,2049
12719,r6i1p1f1,2049,10,28,0.0,27.238571,8.345347,2049
12720,r6i1p1f1,2049,10,29,0.0,28.183645,8.120208,2049
12721,r6i1p1f1,2049,10,30,0.0,28.77363,8.307675,2049
12722,r6i1p1f1,2049,10,31,0.0,28.167915,7.871694,2049
12723,r6i1p1f1,2049,11,01,0.0,24.699013,5.7189503,2049
12724,r6i1p1f1,2049,11,02,0.0,23.140491,4.2567883,2049
12725,r6i1p1f1,2049,11,03,0.0,22.995232,6.1027274,2049
12726,r6i1p1f1,2049,11,04,33.08792318009903,17.998802,3.987302,2049
12727,r6i1p1f1,2049,11,05,13.900679987196959,14.963215,7.080102,2049
12728,r6i1p1f1,2049,11,06,0.0,19.923016,4.8668637,2049
12729,r6i1p1f1,2049,11,07,0.0,19.53789,4.331114,2049
12730,r6i1p1f1,2049,11,08,0.023183091475405194,18.540785,3.593043,2049
12731,r6i1p1f1,2049,11,09,0.9388058808712569,15.624193,3.9841077,2049
12732,r6i1p1f1,2049,11,10,0.13625472772123165,11.878326,3.4910035,2049
12733,r6i1p1f1,2049,11,11,5.88356257679549,10.926211,-4.137641,2049
12734,r6i1p1f1,2049,11,12,0.014799575357643336,7.4271455,-4.405985,2049
12735,r6i1p1f1,2049,11,13,0.0,7.1644864,-5.4769254,2049
12736,r6i1p1f1,2049,11,14,11.795936897426014,6.1131253,-2.8432558,2049
12737,r6i1p1f1,2049,11,15,3.7879307394138997,6.425461,-4.7140775,2049
12738,r6i1p1f1,2049,11,16,2.438760089429141,5.665245,-1.91434,2049
12739,r6i1p1f1,2049,11,17,8.41111365096368,7.1784797,-0.28180078,2049
12740,r6i1p1f1,2049,11,18,2.4201214065026906,10.329228,-0.3196694,2049
12741,r6i1p1f1,2049,11,19,3.1655270841816625,9.87019,0.49221137,2049
12742,r6i1p1f1,2049,11,20,4.237216821848085,10.799955,3.0271914,2049
12743,r6i1p1f1,2049,11,21,8.250434273069533,8.972523,2.1081896,2049
12744,r6i1p1f1,2049,11,22,13.552149650585253,7.548703,-1.2163216,2049
12745,r6i1p1f1,2049,11,23,0.4396881966273215,12.379282,-2.8969102,2049
12746,r6i1p1f1,2049,11,24,0.18821514420653426,12.274454,2.3138998,2049
12747,r6i1p1f1,2049,11,25,0.32148022642369406,11.323311,-1.0668181,2049
12748,r6i1p1f1,2049,11,26,0.0011616056982352175,11.002384,-3.0472245,2049
12749,r6i1p1f1,2049,11,27,0.0,12.584822,-4.5566845,2049
12750,r6i1p1f1,2049,11,28,0.0,15.069031,-4.5466,2049
12751,r6i1p1f1,2049,11,29,0.0,14.273204,-2.3483088,2049
12752,r6i1p1f1,2049,11,30,0.0,14.178441,-2.3451872,2049
12753,r6i1p1f1,2049,12,01,0.0,12.435141,-1.136291,2049
12754,r6i1p1f1,2049,12,02,0.0,0.73488146,-11.771657,2049
12755,r6i1p1f1,2049,12,03,0.0,1.7541175,-11.839303,2049
12756,r6i1p1f1,2049,12,04,0.10772806398101951,3.474515,-6.007739,2049
12757,r6i1p1f1,2049,12,05,0.0,5.7321625,-7.0013022,2049
12758,r6i1p1f1,2049,12,06,0.0,7.508952,-6.0037374,2049
12759,r6i1p1f1,2049,12,07,0.024022069608439,10.722773,-0.5535987,2049
12760,r6i1p1f1,2049,12,08,1.0285232698917082,10.773957,-0.22521399,2049
12761,r6i1p1f1,2049,12,09,0.0,10.007927,-1.0240996,2049
12762,r6i1p1f1,2049,12,10,0.03787016767563218,10.987208,0.8656749,2049
12763,r6i1p1f1,2049,12,11,0.0,13.727078,3.2876523,2049
12764,r6i1p1f1,2049,12,12,0.0,14.262997,1.5322806,2049
12765,r6i1p1f1,2049,12,13,1.560362576401093,11.662411,-1.2924649,2049
12766,r6i1p1f1,2049,12,14,0.1518004149078088,1.870457,-12.817642,2049
12767,r6i1p1f1,2049,12,15,0.0,-5.009497,-18.043606,2049
12768,r6i1p1f1,2049,12,16,0.0,-0.2521124,-14.01889,2049
12769,r6i1p1f1,2049,12,17,0.0,3.3693662,-11.329812,2049
12770,r6i1p1f1,2049,12,18,0.0,7.6290264,-7.2736545,2049
12771,r6i1p1f1,2049,12,19,0.0,8.419036,-6.3182507,2049
12772,r6i1p1f1,2049,12,20,0.0,7.1662736,-7.9628196,2049
12773,r6i1p1f1,2049,12,21,0.020046526487313913,7.2283983,-8.797474,2049
12774,r6i1p1f1,2049,12,22,7.806735626718242,1.3438479,-7.2691736,2049
12775,r6i1p1f1,2049,12,23,14.52827672740625,0.81743103,-4.845746,2049
12776,r6i1p1f1,2049,12,24,20.441470050377976,1.5817664,-4.7435684,2049
12777,r6i1p1f1,2049,12,25,11.543117486559119,0.36560273,-5.932392,2049
12778,r6i1p1f1,2049,12,26,10.276415083606024,0.26555434,-5.678137,2049
12779,r6i1p1f1,2049,12,27,0.30458291609838894,1.2197207,-12.294852,2049
12780,r6i1p1f1,2049,12,28,24.80886116267248,2.95324,-5.6194243,2049
12781,r6i1p1f1,2049,12,29,0.0008507982691708118,3.1556842,-8.9258175,2049
12782,r6i1p1f1,2049,12,30,3.3177680420703255,2.6443493,-4.563071,2049
12783,r6i1p1f1,2049,12,31,3.073877327351326,2.628203,-2.701056,2049
12784,r6i1p1f1,2050,01,01,0.0,8.170009,-1.1321934,2050
12785,r6i1p1f1,2050,01,02,0.0,11.523107,-0.5120439,2050
12786,r6i1p1f1,2050,01,03,0.006454194435363965,9.975749,1.2898031,2050
12787,r6i1p1f1,2050,01,04,0.0,6.8236675,-5.465748,2050
12788,r6i1p1f1,2050,01,05,0.0,3.457846,-8.972609,2050
12789,r6i1p1f1,2050,01,06,0.0,10.659549,-3.364948,2050
12790,r6i1p1f1,2050,01,07,0.0,10.754191,-2.6644752,2050
12791,r6i1p1f1,2050,01,08,0.0,9.699848,-1.8214113,2050
12792,r6i1p1f1,2050,01,09,0.0,9.064098,0.33031052,2050
12793,r6i1p1f1,2050,01,10,0.0,7.861261,-4.7288117,2050
12794,r6i1p1f1,2050,01,11,0.0,8.473662,-6.434654,2050
12795,r6i1p1f1,2050,01,12,0.0,6.2732778,-7.245118,2050
12796,r6i1p1f1,2050,01,13,0.01070174353712655,2.8103678,-7.708749,2050
12797,r6i1p1f1,2050,01,14,0.0,2.0278695,-10.704599,2050
12798,r6i1p1f1,2050,01,15,0.0,5.030868,-8.31768,2050
12799,r6i1p1f1,2050,01,16,0.0,6.870982,-3.453399,2050
12800,r6i1p1f1,2050,01,17,3.535316139898462,3.5330126,-5.4561605,2050
12801,r6i1p1f1,2050,01,18,0.41325111900949535,1.4482297,-5.2170362,2050
12802,r6i1p1f1,2050,01,19,0.0,5.596161,-7.303065,2050
12803,r6i1p1f1,2050,01,20,3.930147618693357,4.1805143,-9.2466345,2050
12804,r6i1p1f1,2050,01,21,51.3258854298278,9.764429,-1.463126,2050
12805,r6i1p1f1,2050,01,22,24.261933193575164,10.749217,3.3467972,2050
12806,r6i1p1f1,2050,01,23,13.785440600865728,7.9034767,-3.0250657,2050
12807,r6i1p1f1,2050,01,24,7.149879722138656,6.426393,-4.3257227,2050
12808,r6i1p1f1,2050,01,25,8.639680307505516,8.448727,-3.7725415,2050
12809,r6i1p1f1,2050,01,26,0.4519815628890975,4.387958,-1.4642081,2050
12810,r6i1p1f1,2050,01,27,0.0,7.9138737,-4.514873,2050
12811,r6i1p1f1,2050,01,28,0.013148543668312545,10.698329,-1.7240105,2050
12812,r6i1p1f1,2050,01,29,0.013036074167520544,16.961172,2.7542183,2050
12813,r6i1p1f1,2050,01,30,0.0,17.596518,2.7070153,2050
12814,r6i1p1f1,2050,01,31,0.0,14.267697,-1.4391285,2050
12815,r6i1p1f1,2050,02,01,0.0,14.547036,-1.5837039,2050
12816,r6i1p1f1,2050,02,02,0.0,15.261008,-0.29618526,2050
12817,r6i1p1f1,2050,02,03,0.0,16.217594,1.2291366,2050
12818,r6i1p1f1,2050,02,04,2.5636778683930754,11.743145,-4.1500134,2050
12819,r6i1p1f1,2050,02,05,2.0483013693267798,-1.2813939,-10.392808,2050
12820,r6i1p1f1,2050,02,06,11.715304983502726,-0.5945139,-8.582874,2050
12821,r6i1p1f1,2050,02,07,15.402279054682147,0.8860612,-10.819947,2050
12822,r6i1p1f1,2050,02,08,0.06981247683082734,-1.3237513,-14.287753,2050
12823,r6i1p1f1,2050,02,09,2.557511457139131,-0.7248886,-13.587662,2050
12824,r6i1p1f1,2050,02,10,0.06443910135426258,7.277179,-10.670956,2050
12825,r6i1p1f1,2050,02,11,0.900701864580752,4.2908897,-2.3665547,2050
12826,r6i1p1f1,2050,02,12,7.696003606612554,3.9350917,-2.0906765,2050
12827,r6i1p1f1,2050,02,13,0.0,6.29099,-9.554254,2050
12828,r6i1p1f1,2050,02,14,0.05442645537374398,4.2876563,-6.076506,2050
12829,r6i1p1f1,2050,02,15,0.0018824353992823513,6.1090345,-5.962186,2050
12830,r6i1p1f1,2050,02,16,0.10329928614054125,2.742493,-3.0872188,2050
12831,r6i1p1f1,2050,02,17,0.0,7.318444,-5.6875615,2050
12832,r6i1p1f1,2050,02,18,0.0,8.70691,-3.7178168,2050
12833,r6i1p1f1,2050,02,19,0.0,10.256311,-3.3941948,2050
12834,r6i1p1f1,2050,02,20,0.0,17.007057,0.91321677,2050
12835,r6i1p1f1,2050,02,21,0.0,19.27509,3.378063,2050
12836,r6i1p1f1,2050,02,22,0.0,18.698673,2.400328,2050
12837,r6i1p1f1,2050,02,23,0.0,18.926456,3.1597638,2050
12838,r6i1p1f1,2050,02,24,0.0,18.761232,2.5642943,2050
12839,r6i1p1f1,2050,02,25,0.0,13.222012,-2.129248,2050
12840,r6i1p1f1,2050,02,26,0.0,9.141252,-5.015263,2050
12841,r6i1p1f1,2050,02,27,0.0,15.083275,1.4834822,2050
12842,r6i1p1f1,2050,02,28,0.0,16.530703,2.67961,2050
12843,r6i1p1f1,2050,03,01,0.0,18.276014,-1.6280148,2050
12844,r6i1p1f1,2050,03,02,0.0,17.518478,-1.733285,2050
12845,r6i1p1f1,2050,03,03,0.0,19.896935,-0.42528036,2050
12846,r6i1p1f1,2050,03,04,0.0,20.630718,2.0384107,2050
12847,r6i1p1f1,2050,03,05,0.5320404373577367,14.813117,-1.4527959,2050
12848,r6i1p1f1,2050,03,06,14.973842117936103,5.1087337,-2.967789,2050
12849,r6i1p1f1,2050,03,07,41.29147169222276,6.10694,-1.7114903,2050
12850,r6i1p1f1,2050,03,08,37.73726188158156,4.7660403,-2.2118423,2050
12851,r6i1p1f1,2050,03,09,11.224540975441819,6.549983,-0.82673824,2050
12852,r6i1p1f1,2050,03,10,72.59829228207317,7.0000014,-4.7068768,2050
12853,r6i1p1f1,2050,03,11,17.78798623018356,3.8099022,-6.597313,2050
12854,r6i1p1f1,2050,03,12,29.685294797063747,5.6401825,-2.0042057,2050
12855,r6i1p1f1,2050,03,13,14.101262199495421,9.162591,-2.4303622,2050
12856,r6i1p1f1,2050,03,14,40.756896949159895,8.891366,0.1003494,2050
12857,r6i1p1f1,2050,03,15,38.49647163185363,10.94649,-4.848036,2050
12858,r6i1p1f1,2050,03,16,0.06138727292803005,12.678197,-2.8199046,2050
12859,r6i1p1f1,2050,03,17,14.56796129893039,10.686636,-0.9827537,2050
12860,r6i1p1f1,2050,03,18,10.459204863480775,10.306923,3.2979324,2050
12861,r6i1p1f1,2050,03,19,1.0630008976026641,10.408302,0.34717438,2050
12862,r6i1p1f1,2050,03,20,7.909672606328793,10.174685,-1.0840856,2050
12863,r6i1p1f1,2050,03,21,5.055890572582172,10.623817,-1.5504911,2050
12864,r6i1p1f1,2050,03,22,0.0,17.729776,2.980491,2050
12865,r6i1p1f1,2050,03,23,0.0,19.180271,1.851356,2050
12866,r6i1p1f1,2050,03,24,2.6705856960516754,15.589117,-0.120489076,2050
12867,r6i1p1f1,2050,03,25,4.960474784019012,10.888549,0.7103884,2050
12868,r6i1p1f1,2050,03,26,3.928311421576142,11.852414,1.6613047,2050
12869,r6i1p1f1,2050,03,27,11.524689289324291,11.689009,-0.3286739,2050
12870,r6i1p1f1,2050,03,28,0.22600883286454024,14.98626,3.4958925,2050
12871,r6i1p1f1,2050,03,29,6.751791573258462,12.703573,-3.1704836,2050
12872,r6i1p1f1,2050,03,30,6.752368102288242,5.8271856,-3.9265838,2050
12873,r6i1p1f1,2050,03,31,1.2466284991307206,4.5607424,-4.339068,2050
12874,r6i1p1f1,2050,04,01,0.005439824379978324,8.60919,-4.33044,2050
12875,r6i1p1f1,2050,04,02,0.0,11.818039,-6.375903,2050
12876,r6i1p1f1,2050,04,03,0.0,13.722737,-2.311189,2050
12877,r6i1p1f1,2050,04,04,0.0,18.318953,-1.2090546,2050
12878,r6i1p1f1,2050,04,05,0.06629549885685229,17.859476,0.08403109,2050
12879,r6i1p1f1,2050,04,06,0.010818830366696773,12.004539,-4.183612,2050
12880,r6i1p1f1,2050,04,07,0.0,12.021315,-2.2029896,2050
12881,r6i1p1f1,2050,04,08,0.0592024543456178,9.962149,-4.5189233,2050
12882,r6i1p1f1,2050,04,09,5.6451831560757135,8.852504,0.14603767,2050
12883,r6i1p1f1,2050,04,10,5.336997375407315,11.873395,-0.7879533,2050
12884,r6i1p1f1,2050,04,11,0.8598600505623294,11.148657,1.0635445,2050
12885,r6i1p1f1,2050,04,12,6.92347070469478,9.357427,0.34312877,2050
12886,r6i1p1f1,2050,04,13,21.01733385430194,6.433064,-4.512006,2050
12887,r6i1p1f1,2050,04,14,9.848259489023159,1.1620017,-8.691144,2050
12888,r6i1p1f1,2050,04,15,0.0,5.7052336,-9.51428,2050
12889,r6i1p1f1,2050,04,16,0.0,7.346872,-7.138004,2050
12890,r6i1p1f1,2050,04,17,0.0,14.998927,-2.152235,2050
12891,r6i1p1f1,2050,04,18,0.0,19.695484,1.841496,2050
12892,r6i1p1f1,2050,04,19,0.0,21.7694,4.61235,2050
12893,r6i1p1f1,2050,04,20,0.0,23.467243,5.27569,2050
12894,r6i1p1f1,2050,04,21,0.0,26.645039,7.4468164,2050
12895,r6i1p1f1,2050,04,22,0.0,27.969189,9.188413,2050
12896,r6i1p1f1,2050,04,23,0.20172887746289034,26.56381,9.125971,2050
12897,r6i1p1f1,2050,04,24,2.6847927171398647,18.201897,4.582765,2050
12898,r6i1p1f1,2050,04,25,0.0,17.300865,1.2992184,2050
12899,r6i1p1f1,2050,04,26,0.0,17.974176,-0.6243795,2050
12900,r6i1p1f1,2050,04,27,0.0,16.46065,-1.8139471,2050
12901,r6i1p1f1,2050,04,28,0.0,19.110432,-0.5256363,2050
12902,r6i1p1f1,2050,04,29,0.0,20.19209,2.4506977,2050
12903,r6i1p1f1,2050,04,30,0.011835000631416874,17.302576,3.3122938,2050
12904,r6i1p1f1,2050,05,01,0.10964409052364775,15.089818,3.4059577,2050
12905,r6i1p1f1,2050,05,02,0.12974648103255373,17.277328,3.505396,2050
12906,r6i1p1f1,2050,05,03,0.015576666210779489,21.313982,3.0078619,2050
12907,r6i1p1f1,2050,05,04,0.0,22.746857,4.01932,2050
12908,r6i1p1f1,2050,05,05,0.01732833045461991,24.151098,7.1219997,2050
12909,r6i1p1f1,2050,05,06,3.5252685715969303,20.106272,2.3675354,2050
12910,r6i1p1f1,2050,05,07,2.6423103818153795,16.053541,3.527206,2050
12911,r6i1p1f1,2050,05,08,2.6451319264577213,13.284765,-2.237803,2050
12912,r6i1p1f1,2050,05,09,0.26697952352793475,14.088362,-1.5191813,2050
12913,r6i1p1f1,2050,05,10,1.9876897871694224,14.686796,-1.7720617,2050
12914,r6i1p1f1,2050,05,11,2.845888115154836,15.002059,3.1150293,2050
12915,r6i1p1f1,2050,05,12,1.522819145053482,20.371412,1.2321911,2050
12916,r6i1p1f1,2050,05,13,3.3747926624948668,21.936886,2.4364634,2050
12917,r6i1p1f1,2050,05,14,3.0174514956602136,20.291948,2.370611,2050
12918,r6i1p1f1,2050,05,15,3.222965775545524,19.83666,2.5710788,2050
12919,r6i1p1f1,2050,05,16,6.6232027185264695,16.112944,3.2919395,2050
12920,r6i1p1f1,2050,05,17,8.465767251591839,16.673964,3.5503817,2050
12921,r6i1p1f1,2050,05,18,0.6589861307666113,21.060072,3.4109054,2050
12922,r6i1p1f1,2050,05,19,1.7911537103600859,20.435497,3.532326,2050
12923,r6i1p1f1,2050,05,20,0.0,22.113556,6.5004163,2050
12924,r6i1p1f1,2050,05,21,0.08605239871926187,18.692827,5.05655,2050
12925,r6i1p1f1,2050,05,22,0.39046241161448336,13.735044,-1.9358431,2050
12926,r6i1p1f1,2050,05,23,0.05889258355519989,17.066378,-0.428886,2050
12927,r6i1p1f1,2050,05,24,0.0,16.731188,3.0250185,2050
12928,r6i1p1f1,2050,05,25,0.0,20.425608,1.9873245,2050
12929,r6i1p1f1,2050,05,26,0.08988855228826267,18.67953,3.6227756,2050
12930,r6i1p1f1,2050,05,27,0.6329196546363444,15.189223,-1.9454471,2050
12931,r6i1p1f1,2050,05,28,0.0,22.84761,4.06159,2050
12932,r6i1p1f1,2050,05,29,0.0,28.223005,7.882089,2050
12933,r6i1p1f1,2050,05,30,0.0,30.146235,10.357778,2050
12934,r6i1p1f1,2050,05,31,0.0,30.46959,12.860933,2050
12935,r6i1p1f1,2050,06,01,0.032437446242244344,29.464968,11.423944,2050
12936,r6i1p1f1,2050,06,02,3.4426092816310954,23.363743,3.9873872,2050
12937,r6i1p1f1,2050,06,03,1.1852078027742754,22.94013,3.7943447,2050
12938,r6i1p1f1,2050,06,04,1.1520003776402015,25.361183,6.8597007,2050
12939,r6i1p1f1,2050,06,05,0.00793071973791126,24.293234,9.542281,2050
12940,r6i1p1f1,2050,06,06,0.11974594391108112,22.377922,3.5737605,2050
12941,r6i1p1f1,2050,06,07,0.8024172847961732,20.038027,3.4094563,2050
12942,r6i1p1f1,2050,06,08,0.00511596581155922,22.414797,5.9657035,2050
12943,r6i1p1f1,2050,06,09,0.0016627585401857857,22.658632,6.97972,2050
12944,r6i1p1f1,2050,06,10,0.0,22.561422,4.059972,2050
12945,r6i1p1f1,2050,06,11,0.0,30.413782,9.394608,2050
12946,r6i1p1f1,2050,06,12,0.0,31.622776,12.241042,2050
12947,r6i1p1f1,2050,06,13,0.22994627786096328,30.536903,10.700407,2050
12948,r6i1p1f1,2050,06,14,0.18631965780308185,29.90001,9.620797,2050
12949,r6i1p1f1,2050,06,15,0.4896517312565065,31.224684,10.779926,2050
12950,r6i1p1f1,2050,06,16,0.0,34.120716,12.24563,2050
12951,r6i1p1f1,2050,06,17,1.524458497277458,33.177586,13.540248,2050
12952,r6i1p1f1,2050,06,18,0.30831973680072694,29.33479,15.457757,2050
12953,r6i1p1f1,2050,06,19,0.30323277781733576,31.030367,13.860502,2050
12954,r6i1p1f1,2050,06,20,0.10376045931192122,30.90116,12.18999,2050
12955,r6i1p1f1,2050,06,21,0.06421829017784608,33.399002,15.022849,2050
12956,r6i1p1f1,2050,06,22,0.5975735097248367,33.400345,13.864653,2050
12957,r6i1p1f1,2050,06,23,0.1148236732291784,34.75675,15.629917,2050
12958,r6i1p1f1,2050,06,24,0.2719159939055242,33.049473,14.4178095,2050
12959,r6i1p1f1,2050,06,25,4.473210532129775,29.971357,10.997559,2050
12960,r6i1p1f1,2050,06,26,8.792890628401054,28.20957,11.386488,2050
12961,r6i1p1f1,2050,06,27,1.2644207388598734,27.96705,12.221795,2050
12962,r6i1p1f1,2050,06,28,4.096450332583787,26.115227,11.999026,2050
12963,r6i1p1f1,2050,06,29,0.0,28.602543,11.270895,2050
12964,r6i1p1f1,2050,06,30,0.26727094686968467,29.34371,12.149923,2050
12965,r6i1p1f1,2050,07,01,0.00325846631390519,30.317858,11.998962,2050
12966,r6i1p1f1,2050,07,02,0.22953515316605028,29.711292,12.292199,2050
12967,r6i1p1f1,2050,07,03,0.6439735756393365,27.237816,9.484261,2050
12968,r6i1p1f1,2050,07,04,2.277535725614266,29.333134,10.939598,2050
12969,r6i1p1f1,2050,07,05,0.7252522818894719,28.237469,9.43551,2050
12970,r6i1p1f1,2050,07,06,1.1141234794228099,30.40158,13.78202,2050
12971,r6i1p1f1,2050,07,07,2.729032250915688,25.822256,10.899322,2050
12972,r6i1p1f1,2050,07,08,0.9043454632107298,26.444923,11.084914,2050
12973,r6i1p1f1,2050,07,09,0.9513635751257112,24.397835,8.737666,2050
12974,r6i1p1f1,2050,07,10,0.7167411297845021,24.278234,8.841568,2050
12975,r6i1p1f1,2050,07,11,0.05268873533579272,25.073645,9.088643,2050
12976,r6i1p1f1,2050,07,12,0.8374159466691544,28.361595,11.144147,2050
12977,r6i1p1f1,2050,07,13,0.045916484976844404,30.972498,12.1726,2050
12978,r6i1p1f1,2050,07,14,0.0,31.58685,14.394319,2050
12979,r6i1p1f1,2050,07,15,0.0,31.076359,13.2635145,2050
12980,r6i1p1f1,2050,07,16,0.29072352028397574,31.249094,13.418524,2050
12981,r6i1p1f1,2050,07,17,0.815499066911793,30.96533,13.438218,2050
12982,r6i1p1f1,2050,07,18,0.0,32.829895,13.458157,2050
12983,r6i1p1f1,2050,07,19,0.0,34.070312,16.284002,2050
12984,r6i1p1f1,2050,07,20,0.0011507473313082895,34.66815,14.314237,2050
12985,r6i1p1f1,2050,07,21,0.0,33.951603,13.612381,2050
12986,r6i1p1f1,2050,07,22,0.0,35.0317,14.451898,2050
12987,r6i1p1f1,2050,07,23,0.0,35.316235,14.560623,2050
12988,r6i1p1f1,2050,07,24,0.0,36.568974,15.951945,2050
12989,r6i1p1f1,2050,07,25,0.0,37.363716,16.856672,2050
12990,r6i1p1f1,2050,07,26,0.0,34.938545,14.286184,2050
12991,r6i1p1f1,2050,07,27,0.0,32.36723,12.75063,2050
12992,r6i1p1f1,2050,07,28,0.0,31.89792,12.326812,2050
12993,r6i1p1f1,2050,07,29,0.0,32.04493,12.401711,2050
12994,r6i1p1f1,2050,07,30,0.0,32.010784,12.138387,2050
12995,r6i1p1f1,2050,07,31,0.0,32.074192,12.604837,2050
12996,r6i1p1f1,2050,08,01,0.0,32.738,13.300021,2050
12997,r6i1p1f1,2050,08,02,0.0,34.905285,13.90226,2050
12998,r6i1p1f1,2050,08,03,0.0,36.428993,15.02001,2050
12999,r6i1p1f1,2050,08,04,0.0,36.450157,16.377407,2050
13000,r6i1p1f1,2050,08,05,0.0,36.326267,16.575361,2050
13001,r6i1p1f1,2050,08,06,0.0,35.338406,14.487672,2050
13002,r6i1p1f1,2050,08,07,0.0,33.35468,12.685606,2050
13003,r6i1p1f1,2050,08,08,0.0,31.319902,12.006587,2050
13004,r6i1p1f1,2050,08,09,0.0,31.492392,11.451543,2050
13005,r6i1p1f1,2050,08,10,0.0,32.19167,11.445722,2050
13006,r6i1p1f1,2050,08,11,0.0,33.31928,12.575411,2050
13007,r6i1p1f1,2050,08,12,0.0,33.871685,13.710827,2050
13008,r6i1p1f1,2050,08,13,0.6266405437627203,34.001827,14.4892,2050
13009,r6i1p1f1,2050,08,14,0.10173841795482996,33.98736,13.341671,2050
13010,r6i1p1f1,2050,08,15,0.040572971222053104,33.093643,13.580292,2050
13011,r6i1p1f1,2050,08,16,0.0022991222639157866,32.451103,11.97486,2050
13012,r6i1p1f1,2050,08,17,0.0,32.041332,11.458532,2050
13013,r6i1p1f1,2050,08,18,0.0,31.521332,11.319622,2050
13014,r6i1p1f1,2050,08,19,0.0,31.25428,11.537941,2050
13015,r6i1p1f1,2050,08,20,0.0,31.538094,11.435242,2050
13016,r6i1p1f1,2050,08,21,0.0,30.866352,10.962305,2050
13017,r6i1p1f1,2050,08,22,0.0,30.778887,10.340327,2050
13018,r6i1p1f1,2050,08,23,0.0,32.292156,11.746965,2050
13019,r6i1p1f1,2050,08,24,0.0,34.28279,13.107763,2050
13020,r6i1p1f1,2050,08,25,0.0,34.646862,13.581571,2050
13021,r6i1p1f1,2050,08,26,0.0,33.531452,13.203718,2050
13022,r6i1p1f1,2050,08,27,0.0,33.049603,12.93808,2050
13023,r6i1p1f1,2050,08,28,0.0,32.28692,12.392182,2050
13024,r6i1p1f1,2050,08,29,0.0,32.37108,11.442158,2050
13025,r6i1p1f1,2050,08,30,0.0,31.218912,10.410861,2050
13026,r6i1p1f1,2050,08,31,0.0,32.019573,10.094866,2050
13027,r6i1p1f1,2050,09,01,0.0,31.250751,10.348973,2050
13028,r6i1p1f1,2050,09,02,0.07890137287132191,31.627222,9.9243145,2050
13029,r6i1p1f1,2050,09,03,0.06213554492889188,31.346504,10.302546,2050
13030,r6i1p1f1,2050,09,04,0.0,31.399485,12.877818,2050
13031,r6i1p1f1,2050,09,05,0.11085145629350758,31.527401,11.632044,2050
13032,r6i1p1f1,2050,09,06,0.12312928725627337,32.145824,12.971163,2050
13033,r6i1p1f1,2050,09,07,1.4857879417561737,32.97666,12.111487,2050
13034,r6i1p1f1,2050,09,08,0.15244918501493307,31.79533,11.192734,2050
13035,r6i1p1f1,2050,09,09,0.00995653722812073,25.558516,6.1033463,2050
13036,r6i1p1f1,2050,09,10,0.0042885093151472,21.40188,4.5912666,2050
13037,r6i1p1f1,2050,09,11,0.1887992693220638,23.939283,4.3427477,2050
13038,r6i1p1f1,2050,09,12,0.0,27.361223,5.8512626,2050
13039,r6i1p1f1,2050,09,13,0.0,31.114958,8.995962,2050
13040,r6i1p1f1,2050,09,14,0.5291720932405103,30.904564,9.895237,2050
13041,r6i1p1f1,2050,09,15,2.7998590758678636,27.716953,7.2701755,2050
13042,r6i1p1f1,2050,09,16,0.06955913196475644,29.76714,8.826348,2050
13043,r6i1p1f1,2050,09,17,0.0,30.214243,10.743237,2050
13044,r6i1p1f1,2050,09,18,0.0,30.844563,9.884159,2050
13045,r6i1p1f1,2050,09,19,0.0,30.196066,8.797405,2050
13046,r6i1p1f1,2050,09,20,0.0,29.006813,8.380364,2050
13047,r6i1p1f1,2050,09,21,0.0,27.738003,7.623586,2050
13048,r6i1p1f1,2050,09,22,17.31749860994971,19.665436,2.7096157,2050
13049,r6i1p1f1,2050,09,23,4.59448358773271,17.465235,2.1468613,2050
13050,r6i1p1f1,2050,09,24,2.463940575664343,25.48817,6.9897246,2050
13051,r6i1p1f1,2050,09,25,0.26372244580054777,29.68999,11.108887,2050
13052,r6i1p1f1,2050,09,26,0.0,29.819191,11.898324,2050
13053,r6i1p1f1,2050,09,27,0.011595573268985955,29.743853,9.348511,2050
13054,r6i1p1f1,2050,09,28,0.37653962513596667,27.698055,10.26696,2050
13055,r6i1p1f1,2050,09,29,0.0,30.412588,12.528636,2050
13056,r6i1p1f1,2050,09,30,0.0,30.82821,10.417793,2050
13057,r6i1p1f1,2050,10,01,0.015608350190109779,30.105122,11.141051,2050
13058,r6i1p1f1,2050,10,02,0.46973479799123474,25.467123,7.4002266,2050
13059,r6i1p1f1,2050,10,03,0.0,26.982903,6.6773257,2050
13060,r6i1p1f1,2050,10,04,0.0,27.84586,7.0664,2050
13061,r6i1p1f1,2050,10,05,0.0,26.788641,7.541852,2050
13062,r6i1p1f1,2050,10,06,0.0,25.764547,9.039942,2050
13063,r6i1p1f1,2050,10,07,0.6547204970248706,20.007694,4.0483575,2050
13064,r6i1p1f1,2050,10,08,0.023231460657986806,20.20294,1.9469824,2050
13065,r6i1p1f1,2050,10,09,0.005347133036312279,20.786509,2.119607,2050
13066,r6i1p1f1,2050,10,10,0.578258619155722,15.756232,6.2897024,2050
13067,r6i1p1f1,2050,10,11,5.63678813858459,12.002558,0.1691971,2050
13068,r6i1p1f1,2050,10,12,1.0500639403256282,12.42921,-1.2935905,2050
13069,r6i1p1f1,2050,10,13,0.0,15.634311,-0.9628734,2050
13070,r6i1p1f1,2050,10,14,0.0,18.908386,-0.5716268,2050
13071,r6i1p1f1,2050,10,15,0.0,21.088242,2.762926,2050
13072,r6i1p1f1,2050,10,16,0.0,22.111141,2.7664804,2050
13073,r6i1p1f1,2050,10,17,0.0,22.575085,2.6627548,2050
13074,r6i1p1f1,2050,10,18,0.0,21.446976,3.2610612,2050
13075,r6i1p1f1,2050,10,19,0.0,21.47407,4.144132,2050
13076,r6i1p1f1,2050,10,20,0.0,22.261759,4.5606236,2050
13077,r6i1p1f1,2050,10,21,0.562396863478414,21.439947,5.3631253,2050
13078,r6i1p1f1,2050,10,22,0.4195279356626521,20.369055,4.236141,2050
13079,r6i1p1f1,2050,10,23,0.07767875919188895,19.933788,1.2764041,2050
13080,r6i1p1f1,2050,10,24,1.6312161239720162,15.614686,3.3272836,2050
13081,r6i1p1f1,2050,10,25,0.004251540571556714,17.167824,-0.71728057,2050
13082,r6i1p1f1,2050,10,26,0.0,19.492258,0.22312385,2050
13083,r6i1p1f1,2050,10,27,0.0,19.659319,1.4350301,2050
13084,r6i1p1f1,2050,10,28,0.0,19.791166,0.7594248,2050
13085,r6i1p1f1,2050,10,29,0.0,20.56283,1.423218,2050
13086,r6i1p1f1,2050,10,30,0.0,20.983587,2.698468,2050
13087,r6i1p1f1,2050,10,31,0.0,20.202726,1.677611,2050
13088,r6i1p1f1,2050,11,01,0.0,19.155916,2.5859275,2050
13089,r6i1p1f1,2050,11,02,0.0,20.573986,2.7478423,2050
13090,r6i1p1f1,2050,11,03,0.0,21.049831,3.2213552,2050
13091,r6i1p1f1,2050,11,04,0.0,20.361622,3.5023534,2050
13092,r6i1p1f1,2050,11,05,0.0,19.474916,1.0233077,2050
13093,r6i1p1f1,2050,11,06,0.0,19.247078,1.8605425,2050
13094,r6i1p1f1,2050,11,07,0.0,17.027004,-0.7545574,2050
13095,r6i1p1f1,2050,11,08,0.0,20.115898,0.88789976,2050
13096,r6i1p1f1,2050,11,09,0.0,20.359125,0.8163762,2050
13097,r6i1p1f1,2050,11,10,1.0214532812659198,14.369536,2.0469558,2050
13098,r6i1p1f1,2050,11,11,8.244971982360765,7.190926,-0.03310686,2050
13099,r6i1p1f1,2050,11,12,34.90653898982161,8.619086,-2.0136933,2050
13100,r6i1p1f1,2050,11,13,12.243152603770298,7.310027,-2.1779852,2050
13101,r6i1p1f1,2050,11,14,0.09276545961271071,9.957855,0.021242632,2050
13102,r6i1p1f1,2050,11,15,0.0,13.211629,-1.8675412,2050
13103,r6i1p1f1,2050,11,16,0.1459246251774048,10.273581,-1.757562,2050
13104,r6i1p1f1,2050,11,17,9.98883306754769,6.2898974,-1.7807082,2050
13105,r6i1p1f1,2050,11,18,2.2665119808473495,6.5421586,-6.033927,2050
13106,r6i1p1f1,2050,11,19,0.0,5.76813,-9.778794,2050
13107,r6i1p1f1,2050,11,20,0.002548642774667035,2.5898728,-6.186861,2050
13108,r6i1p1f1,2050,11,21,0.0,3.8718479,-12.618228,2050
13109,r6i1p1f1,2050,11,22,0.09709159984260393,3.399604,-9.77473,2050
13110,r6i1p1f1,2050,11,23,2.082688368021187,-0.703958,-10.929048,2050
13111,r6i1p1f1,2050,11,24,0.18790675931261294,-0.745557,-14.672286,2050
13112,r6i1p1f1,2050,11,25,0.018137598073190313,-1.4318243,-14.337191,2050
13113,r6i1p1f1,2050,11,26,26.217158370524093,6.3519754,-7.7816706,2050
13114,r6i1p1f1,2050,11,27,33.60097152864155,7.2415643,-1.8413627,2050
13115,r6i1p1f1,2050,11,28,29.881254760366787,7.1294603,-2.5492234,2050
13116,r6i1p1f1,2050,11,29,14.501727713949375,7.615137,-10.124202,2050
13117,r6i1p1f1,2050,11,30,1.0927754689834461,-3.4159555,-11.418894,2050
13118,r6i1p1f1,2050,12,01,0.0,-1.7750257,-12.294964,2050
13119,r6i1p1f1,2050,12,02,0.2577815570221905,1.4646456,-9.863912,2050
13120,r6i1p1f1,2050,12,03,38.82542777247652,4.1209993,-4.468981,2050
13121,r6i1p1f1,2050,12,04,11.714688766417973,6.470987,-2.5088687,2050
13122,r6i1p1f1,2050,12,05,51.985834348739736,6.4770966,-1.8497348,2050
13123,r6i1p1f1,2050,12,06,50.03293153575016,7.0507917,-2.1612825,2050
13124,r6i1p1f1,2050,12,07,0.5099550502436585,9.359112,-0.47983524,2050
13125,r6i1p1f1,2050,12,08,0.41536160060620153,11.940627,-0.47537044,2050
13126,r6i1p1f1,2050,12,09,6.033897081241066,9.769185,3.9611564,2050
13127,r6i1p1f1,2050,12,10,0.013077603048908279,14.282189,3.827316,2050
13128,r6i1p1f1,2050,12,11,0.0,15.198175,1.750403,2050
13129,r6i1p1f1,2050,12,12,0.0,15.229112,1.768989,2050
13130,r6i1p1f1,2050,12,13,0.0,16.155823,2.5365279,2050
13131,r6i1p1f1,2050,12,14,0.0,19.28467,5.0419006,2050
13132,r6i1p1f1,2050,12,15,0.0,20.07084,5.4758377,2050
13133,r6i1p1f1,2050,12,16,0.0,18.461458,4.9272585,2050
13134,r6i1p1f1,2050,12,17,0.0,16.530346,3.5120785,2050
13135,r6i1p1f1,2050,12,18,0.0,15.374397,2.5987563,2050
13136,r6i1p1f1,2050,12,19,0.5864732684903184,10.718442,2.1730525,2050
13137,r6i1p1f1,2050,12,20,0.0,12.227444,-0.7853736,2050
13138,r6i1p1f1,2050,12,21,0.0,12.858585,-1.1946349,2050
13139,r6i1p1f1,2050,12,22,2.2602913261417497,8.12395,-1.9132925,2050
13140,r6i1p1f1,2050,12,23,12.980229850390284,3.885993,-3.1596506,2050
13141,r6i1p1f1,2050,12,24,0.0,7.2720346,0.5120159,2050
13142,r6i1p1f1,2050,12,25,1.651853685412149,8.49145,-0.5218521,2050
13143,r6i1p1f1,2050,12,26,2.041349156574588,6.5722694,0.8620338,2050
13144,r6i1p1f1,2050,12,27,12.399217087632609,7.7838926,-1.3634188,2050
13145,r6i1p1f1,2050,12,28,0.0,9.829544,-2.234829,2050
13146,r6i1p1f1,2050,12,29,0.7629280037655964,7.0099964,-5.833562,2050
13147,r6i1p1f1,2050,12,30,0.37059430802845333,2.3060298,-6.840323,2050
13148,r6i1p1f1,2050,12,31,0.19213725140871793,0.1151408,-8.93698,2050
13149,r6i1p1f1,2051,01,01,0.013123967130790413,1.3886133,-10.892034,2051
13150,r6i1p1f1,2051,01,02,0.00040427565921589785,0.33655766,-10.882402,2051
13151,r6i1p1f1,2051,01,03,0.0,3.9130406,-9.838353,2051
13152,r6i1p1f1,2051,01,04,0.0,10.009836,-4.1836724,2051
13153,r6i1p1f1,2051,01,05,0.0,11.258153,-3.78871,2051
13154,r6i1p1f1,2051,01,06,0.0,11.365004,-2.940692,2051
13155,r6i1p1f1,2051,01,07,0.0,12.735346,-1.0775524,2051
13156,r6i1p1f1,2051,01,08,0.0,12.908202,-1.1345559,2051
13157,r6i1p1f1,2051,01,09,0.0,9.013399,-5.637801,2051
13158,r6i1p1f1,2051,01,10,0.0,0.5687894,-12.03795,2051
13159,r6i1p1f1,2051,01,11,0.0,-0.64399993,-13.517304,2051
13160,r6i1p1f1,2051,01,12,0.0,2.3562086,-10.787355,2051
13161,r6i1p1f1,2051,01,13,0.006990933368074096,11.451449,-3.9115243,2051
13162,r6i1p1f1,2051,01,14,0.5465741947207916,8.763078,-1.1877247,2051
13163,r6i1p1f1,2051,01,15,0.0,6.1781406,-6.8064427,2051
13164,r6i1p1f1,2051,01,16,0.0,8.009283,-6.3833084,2051
13165,r6i1p1f1,2051,01,17,0.0,7.9336085,-5.9337554,2051
13166,r6i1p1f1,2051,01,18,0.0,8.877638,-5.66754,2051
13167,r6i1p1f1,2051,01,19,0.0,13.309807,-2.202161,2051
13168,r6i1p1f1,2051,01,20,0.0,15.666481,-0.52788365,2051
13169,r6i1p1f1,2051,01,21,1.8820504689111435,9.372663,-0.7438111,2051
13170,r6i1p1f1,2051,01,22,0.0,7.713613,-7.8624377,2051
13171,r6i1p1f1,2051,01,23,0.0,7.675482,-8.163906,2051
13172,r6i1p1f1,2051,01,24,0.0022021625581720595,5.405656,-5.124746,2051
13173,r6i1p1f1,2051,01,25,0.4181864565213593,11.191867,-3.9761724,2051
13174,r6i1p1f1,2051,01,26,0.0026602536140737498,10.89516,-2.7002935,2051
13175,r6i1p1f1,2051,01,27,0.033778929532262164,8.902643,-4.367238,2051
13176,r6i1p1f1,2051,01,28,10.98460736801525,4.32774,-0.98555046,2051
13177,r6i1p1f1,2051,01,29,11.886872118295777,3.9527638,-3.6228611,2051
13178,r6i1p1f1,2051,01,30,4.977457137306775,2.0766556,-5.0308537,2051
13179,r6i1p1f1,2051,01,31,0.19208560829020474,4.4921823,-7.4660473,2051
13180,r6i1p1f1,2051,02,01,20.44228094321001,3.8616955,-4.9156756,2051
13181,r6i1p1f1,2051,02,02,2.862152909299179,2.0118842,-10.554389,2051
13182,r6i1p1f1,2051,02,03,1.4075916817562184,0.96772045,-4.96342,2051
13183,r6i1p1f1,2051,02,04,12.030171197506899,2.7898748,-5.4487743,2051
13184,r6i1p1f1,2051,02,05,0.02040765378455738,7.2650404,-9.256073,2051
13185,r6i1p1f1,2051,02,06,0.10706391342299328,8.352203,-8.060251,2051
13186,r6i1p1f1,2051,02,07,0.0,5.345666,-9.4627285,2051
13187,r6i1p1f1,2051,02,08,0.0,6.4132924,-9.308474,2051
13188,r6i1p1f1,2051,02,09,0.03140495807260235,6.9765854,-7.1958375,2051
13189,r6i1p1f1,2051,02,10,7.276534115551929,4.722392,-3.9287114,2051
13190,r6i1p1f1,2051,02,11,16.744950535228355,3.0423684,-8.860347,2051
13191,r6i1p1f1,2051,02,12,0.0775828283620646,4.6008463,-8.932567,2051
13192,r6i1p1f1,2051,02,13,0.8646739319888613,6.14517,-6.7343726,2051
13193,r6i1p1f1,2051,02,14,11.6560425008269,2.6254065,-3.9138772,2051
13194,r6i1p1f1,2051,02,15,0.013618122290367289,4.6267858,-6.806056,2051
13195,r6i1p1f1,2051,02,16,0.060310072195852216,4.9827585,-5.9973693,2051
13196,r6i1p1f1,2051,02,17,0.0026939993981572635,4.670729,-8.568752,2051
13197,r6i1p1f1,2051,02,18,0.0,7.8629284,-7.59673,2051
13198,r6i1p1f1,2051,02,19,0.010348192307804894,8.050236,-1.2884374,2051
13199,r6i1p1f1,2051,02,20,0.0,8.2600975,-6.608667,2051
13200,r6i1p1f1,2051,02,21,0.0,8.055534,-6.805232,2051
13201,r6i1p1f1,2051,02,22,0.027044287189355448,8.07725,-1.8022727,2051
13202,r6i1p1f1,2051,02,23,4.805336359462631,4.6825395,-4.4341364,2051
13203,r6i1p1f1,2051,02,24,2.4546823090094683,3.7370281,-11.858727,2051
13204,r6i1p1f1,2051,02,25,0.27460088979360825,-0.19462073,-9.048051,2051
13205,r6i1p1f1,2051,02,26,0.0,1.9297258,-12.849619,2051
13206,r6i1p1f1,2051,02,27,0.0,10.492522,-5.5890026,2051
13207,r6i1p1f1,2051,02,28,0.00901499977544396,9.989196,-3.265153,2051
13208,r6i1p1f1,2051,03,01,0.0,11.451052,-4.134766,2051
13209,r6i1p1f1,2051,03,02,0.0,15.611802,0.061765425,2051
13210,r6i1p1f1,2051,03,03,0.0,19.501877,-0.1660348,2051
13211,r6i1p1f1,2051,03,04,0.0,20.374466,1.4927778,2051
13212,r6i1p1f1,2051,03,05,0.0,19.354626,1.2761039,2051
13213,r6i1p1f1,2051,03,06,0.12037764743412484,17.848978,1.0039585,2051
13214,r6i1p1f1,2051,03,07,0.48479856743656885,13.757819,3.1897116,2051
13215,r6i1p1f1,2051,03,08,22.869745982176948,10.790148,-3.130518,2051
13216,r6i1p1f1,2051,03,09,3.2784754302566,5.3236732,-6.542579,2051
13217,r6i1p1f1,2051,03,10,3.695671318376443,5.890874,-3.819337,2051
13218,r6i1p1f1,2051,03,11,0.3911356364385669,5.3034916,-2.42204,2051
13219,r6i1p1f1,2051,03,12,7.070889358221479,4.794026,-2.9643114,2051
13220,r6i1p1f1,2051,03,13,4.068949996981187,7.6241903,-0.25470024,2051
13221,r6i1p1f1,2051,03,14,10.183044951031771,7.1912956,-3.5692272,2051
13222,r6i1p1f1,2051,03,15,2.4270376625481918,5.2120223,-3.2983253,2051
13223,r6i1p1f1,2051,03,16,2.4421479929541294,4.9878473,-2.645381,2051
13224,r6i1p1f1,2051,03,17,0.0,8.4521475,-5.144029,2051
13225,r6i1p1f1,2051,03,18,0.0,9.52889,-3.6032133,2051
13226,r6i1p1f1,2051,03,19,0.0,9.345003,1.5904112,2051
13227,r6i1p1f1,2051,03,20,0.0,18.103462,-1.3008366,2051
13228,r6i1p1f1,2051,03,21,4.906625866365143,12.8313465,-4.6965203,2051
13229,r6i1p1f1,2051,03,22,9.00558122006311,8.0895195,0.83226496,2051
13230,r6i1p1f1,2051,03,23,0.39031888039192114,8.146192,-2.1053038,2051
13231,r6i1p1f1,2051,03,24,0.46274412405693754,6.325964,-3.0379155,2051
13232,r6i1p1f1,2051,03,25,0.4927953085794124,9.746164,-0.83496636,2051
13233,r6i1p1f1,2051,03,26,2.073585340481067,8.094923,0.5604562,2051
13234,r6i1p1f1,2051,03,27,2.5060404149466398,12.932321,-2.7966511,2051
13235,r6i1p1f1,2051,03,28,6.714191242188483,11.816095,-1.6650392,2051
13236,r6i1p1f1,2051,03,29,8.722102036124303,12.082532,-2.216388,2051
13237,r6i1p1f1,2051,03,30,0.05464206192545961,6.4835925,-1.2445495,2051
13238,r6i1p1f1,2051,03,31,1.7352027684989808,4.3415804,-5.052414,2051
13239,r6i1p1f1,2051,04,01,12.540760134482044,2.6666536,-5.992508,2051
13240,r6i1p1f1,2051,04,02,5.822464826691554,2.5642767,-9.943681,2051
13241,r6i1p1f1,2051,04,03,0.01408164205724241,5.5800676,-6.9079347,2051
13242,r6i1p1f1,2051,04,04,0.05164964517481997,6.594527,-4.6930594,2051
13243,r6i1p1f1,2051,04,05,0.0,7.4970217,-3.8173544,2051
13244,r6i1p1f1,2051,04,06,0.0,16.449244,-1.900186,2051
13245,r6i1p1f1,2051,04,07,0.0,19.10796,0.5506325,2051
13246,r6i1p1f1,2051,04,08,0.0,20.530523,2.0536313,2051
13247,r6i1p1f1,2051,04,09,0.0,20.497978,3.1856315,2051
13248,r6i1p1f1,2051,04,10,0.0,20.094402,2.4748375,2051
13249,r6i1p1f1,2051,04,11,0.0,17.939926,0.7816562,2051
13250,r6i1p1f1,2051,04,12,0.017943955294116895,18.4316,1.7202471,2051
13251,r6i1p1f1,2051,04,13,0.006345780568512456,19.137142,2.5147977,2051
13252,r6i1p1f1,2051,04,14,0.0034670539894442404,18.47022,2.4797564,2051
13253,r6i1p1f1,2051,04,15,0.014911910366772635,19.020964,1.3030196,2051
13254,r6i1p1f1,2051,04,16,0.0013329016884967072,13.451795,-2.6998246,2051
13255,r6i1p1f1,2051,04,17,0.0,17.825567,-1.4409574,2051
13256,r6i1p1f1,2051,04,18,0.0,20.033525,0.5177859,2051
13257,r6i1p1f1,2051,04,19,0.0,21.146486,1.9735132,2051
13258,r6i1p1f1,2051,04,20,0.0,23.066124,4.4427924,2051
13259,r6i1p1f1,2051,04,21,0.0,22.99126,6.928058,2051
13260,r6i1p1f1,2051,04,22,1.8683461594477466,17.308401,2.5528107,2051
13261,r6i1p1f1,2051,04,23,0.8301794727628657,15.616453,0.25688747,2051
13262,r6i1p1f1,2051,04,24,0.05556698344126753,19.255537,1.7135255,2051
13263,r6i1p1f1,2051,04,25,7.240176200862725,16.77648,-2.4342587,2051
13264,r6i1p1f1,2051,04,26,12.008727110571659,9.180577,1.4536952,2051
13265,r6i1p1f1,2051,04,27,2.166957865996838,14.388952,1.935346,2051
13266,r6i1p1f1,2051,04,28,1.5223787623727463,14.792016,-2.2863142,2051
13267,r6i1p1f1,2051,04,29,4.488689025865771,13.165232,-3.0438035,2051
13268,r6i1p1f1,2051,04,30,1.5800779894442276,15.645337,0.49074373,2051
13269,r6i1p1f1,2051,05,01,0.8374809279082804,18.45524,1.051485,2051
13270,r6i1p1f1,2051,05,02,0.19578441007259162,23.066977,5.8734007,2051
13271,r6i1p1f1,2051,05,03,0.0,23.781254,6.7974744,2051
13272,r6i1p1f1,2051,05,04,0.6029868569446393,21.244987,4.301296,2051
13273,r6i1p1f1,2051,05,05,1.0461025980814151,16.725025,1.0876634,2051
13274,r6i1p1f1,2051,05,06,0.24041612188728542,19.605566,2.481296,2051
13275,r6i1p1f1,2051,05,07,0.2275068889931759,19.908993,5.2738075,2051
13276,r6i1p1f1,2051,05,08,0.70195498846787,18.24934,2.8774395,2051
13277,r6i1p1f1,2051,05,09,8.634398040958875,13.19869,3.0255146,2051
13278,r6i1p1f1,2051,05,10,6.303257378681106,11.369052,-1.4201261,2051
13279,r6i1p1f1,2051,05,11,7.1523994662732315,13.786866,-2.4101121,2051
13280,r6i1p1f1,2051,05,12,0.3099915959920931,23.153042,3.6465137,2051
13281,r6i1p1f1,2051,05,13,0.0010115759593311683,24.236141,4.2041655,2051
13282,r6i1p1f1,2051,05,14,0.0,25.505924,6.7506084,2051
13283,r6i1p1f1,2051,05,15,0.8044149470457023,19.61137,5.214379,2051
13284,r6i1p1f1,2051,05,16,1.663758789018204,13.925211,-0.013424439,2051
13285,r6i1p1f1,2051,05,17,0.0,19.15219,2.756648,2051
13286,r6i1p1f1,2051,05,18,0.0,24.58711,5.604961,2051
13287,r6i1p1f1,2051,05,19,0.0,25.612526,7.4736266,2051
13288,r6i1p1f1,2051,05,20,1.1515661381163824,20.655762,5.3743663,2051
13289,r6i1p1f1,2051,05,21,0.09069664132244702,16.990763,4.2539983,2051
13290,r6i1p1f1,2051,05,22,0.02196599884921632,17.259148,2.351771,2051
13291,r6i1p1f1,2051,05,23,0.45076665777954106,13.375584,-3.4893732,2051
13292,r6i1p1f1,2051,05,24,0.0231277725419387,21.931814,2.9847784,2051
13293,r6i1p1f1,2051,05,25,0.0,27.34223,6.756258,2051
13294,r6i1p1f1,2051,05,26,0.0,28.41944,9.246658,2051
13295,r6i1p1f1,2051,05,27,0.0,29.119465,10.990553,2051
13296,r6i1p1f1,2051,05,28,1.393450733726622,24.814327,7.4567995,2051
13297,r6i1p1f1,2051,05,29,1.9980770343141836,21.085161,3.007484,2051
13298,r6i1p1f1,2051,05,30,0.0,26.990831,8.757738,2051
13299,r6i1p1f1,2051,05,31,3.2977335708754074,21.614803,5.866708,2051
13300,r6i1p1f1,2051,06,01,14.766508837871752,12.514811,7.924797,2051
13301,r6i1p1f1,2051,06,02,18.08330166619613,11.615612,0.30725676,2051
13302,r6i1p1f1,2051,06,03,0.0,22.847383,2.2433555,2051
13303,r6i1p1f1,2051,06,04,0.0,30.803347,10.796397,2051
13304,r6i1p1f1,2051,06,05,0.0,31.562595,11.750836,2051
13305,r6i1p1f1,2051,06,06,0.0,31.603056,12.60893,2051
13306,r6i1p1f1,2051,06,07,0.0,31.020376,11.31745,2051
13307,r6i1p1f1,2051,06,08,0.0,25.619246,6.9643908,2051
13308,r6i1p1f1,2051,06,09,0.0,27.937368,7.9314704,2051
13309,r6i1p1f1,2051,06,10,0.0035415511213811924,28.880142,9.037535,2051
13310,r6i1p1f1,2051,06,11,0.11655784058701613,27.11832,8.266036,2051
13311,r6i1p1f1,2051,06,12,0.0,24.31658,6.6154404,2051
13312,r6i1p1f1,2051,06,13,0.0,30.748766,10.417966,2051
13313,r6i1p1f1,2051,06,14,0.0,32.804768,13.487632,2051
13314,r6i1p1f1,2051,06,15,1.51258003904853,30.6932,10.57553,2051
13315,r6i1p1f1,2051,06,16,0.3686326758121308,25.743904,7.601121,2051
13316,r6i1p1f1,2051,06,17,1.9413142184456187,22.00305,4.594958,2051
13317,r6i1p1f1,2051,06,18,1.0459698288443755,19.544529,6.3863635,2051
13318,r6i1p1f1,2051,06,19,0.006603483141901172,21.970163,6.170893,2051
13319,r6i1p1f1,2051,06,20,0.020627034166658557,24.937183,4.332506,2051
13320,r6i1p1f1,2051,06,21,0.0,25.322527,6.610071,2051
13321,r6i1p1f1,2051,06,22,0.010483344574570895,23.480293,8.118612,2051
13322,r6i1p1f1,2051,06,23,0.00904749756110582,21.243202,8.128071,2051
13323,r6i1p1f1,2051,06,24,0.0,28.643244,7.9213414,2051
13324,r6i1p1f1,2051,06,25,0.0,29.707165,9.466658,2051
13325,r6i1p1f1,2051,06,26,0.0,25.860027,7.8734236,2051
13326,r6i1p1f1,2051,06,27,0.1365865091698498,17.170767,9.42485,2051
13327,r6i1p1f1,2051,06,28,0.004290333935154183,22.208601,6.558884,2051
13328,r6i1p1f1,2051,06,29,0.0,27.630596,7.5891147,2051
13329,r6i1p1f1,2051,06,30,0.0,31.847492,11.383388,2051
13330,r6i1p1f1,2051,07,01,0.0,31.70206,11.577599,2051
13331,r6i1p1f1,2051,07,02,0.0,30.43889,9.979516,2051
13332,r6i1p1f1,2051,07,03,0.0,29.438032,9.988279,2051
13333,r6i1p1f1,2051,07,04,0.3684315975637319,28.999884,10.757497,2051
13334,r6i1p1f1,2051,07,05,2.1077911940884935,27.974913,9.9940815,2051
13335,r6i1p1f1,2051,07,06,0.14709585936151306,31.826633,11.951573,2051
13336,r6i1p1f1,2051,07,07,0.35289446985695505,32.86996,11.730984,2051
13337,r6i1p1f1,2051,07,08,0.058241386047597675,34.74866,13.057671,2051
13338,r6i1p1f1,2051,07,09,0.0,33.340046,12.888095,2051
13339,r6i1p1f1,2051,07,10,0.0,31.16545,11.976531,2051
13340,r6i1p1f1,2051,07,11,0.0013986799448085447,29.346184,11.104283,2051
13341,r6i1p1f1,2051,07,12,0.030348045311013958,27.720203,10.193556,2051
13342,r6i1p1f1,2051,07,13,0.23595545799530238,28.52387,10.023993,2051
13343,r6i1p1f1,2051,07,14,0.038374565978115026,28.879221,11.003754,2051
13344,r6i1p1f1,2051,07,15,0.0,30.963367,11.803791,2051
13345,r6i1p1f1,2051,07,16,0.0,32.744877,11.909194,2051
13346,r6i1p1f1,2051,07,17,0.0,33.074566,11.943248,2051
13347,r6i1p1f1,2051,07,18,0.0,32.662025,11.668148,2051
13348,r6i1p1f1,2051,07,19,0.07489365774838083,29.621275,10.592159,2051
13349,r6i1p1f1,2051,07,20,0.0,29.06365,11.43826,2051
13350,r6i1p1f1,2051,07,21,0.22545478785173959,29.305304,11.34494,2051
13351,r6i1p1f1,2051,07,22,0.009945255202350253,26.198153,8.252887,2051
13352,r6i1p1f1,2051,07,23,0.00874069123538231,29.48359,8.455586,2051
13353,r6i1p1f1,2051,07,24,0.0,32.242958,11.318869,2051
13354,r6i1p1f1,2051,07,25,0.0,33.509773,12.294992,2051
13355,r6i1p1f1,2051,07,26,0.0,33.474102,13.422909,2051
13356,r6i1p1f1,2051,07,27,0.0,33.507378,13.555911,2051
13357,r6i1p1f1,2051,07,28,0.0,33.275124,12.909783,2051
13358,r6i1p1f1,2051,07,29,0.0,33.762768,13.424831,2051
13359,r6i1p1f1,2051,07,30,0.0,34.048096,13.603387,2051
13360,r6i1p1f1,2051,07,31,0.0,33.932777,13.006551,2051
13361,r6i1p1f1,2051,08,01,3.3990032448901037,33.683453,12.618929,2051
13362,r6i1p1f1,2051,08,02,0.05420434380238622,32.502243,13.207691,2051
13363,r6i1p1f1,2051,08,03,0.0037555751346702772,32.349228,13.223736,2051
13364,r6i1p1f1,2051,08,04,0.010987654983407988,31.11645,12.786409,2051
13365,r6i1p1f1,2051,08,05,0.0,29.474325,9.967742,2051
13366,r6i1p1f1,2051,08,06,0.2274330857325382,27.379679,9.109011,2051
13367,r6i1p1f1,2051,08,07,0.0,28.246792,9.615683,2051
13368,r6i1p1f1,2051,08,08,0.0011716974973340108,27.914982,8.728756,2051
13369,r6i1p1f1,2051,08,09,0.0,28.697802,8.723903,2051
13370,r6i1p1f1,2051,08,10,0.0,29.114582,9.528241,2051
13371,r6i1p1f1,2051,08,11,0.01912549053790931,28.117016,8.775435,2051
13372,r6i1p1f1,2051,08,12,0.0,29.174053,9.043746,2051
13373,r6i1p1f1,2051,08,13,0.0,29.342009,9.250614,2051
13374,r6i1p1f1,2051,08,14,0.0003362949063689341,26.480818,6.9813566,2051
13375,r6i1p1f1,2051,08,15,0.0,25.12386,5.3647323,2051
13376,r6i1p1f1,2051,08,16,0.0,25.2489,6.633426,2051
13377,r6i1p1f1,2051,08,17,0.0,25.726196,5.499397,2051
13378,r6i1p1f1,2051,08,18,0.0,25.583733,6.6307893,2051
13379,r6i1p1f1,2051,08,19,0.0,26.173912,7.58454,2051
13380,r6i1p1f1,2051,08,20,0.10457489143028897,25.128796,6.599032,2051
13381,r6i1p1f1,2051,08,21,0.03732474588809952,25.394018,6.469308,2051
13382,r6i1p1f1,2051,08,22,0.0,26.556934,7.119339,2051
13383,r6i1p1f1,2051,08,23,0.13053146619402295,26.185225,7.291523,2051
13384,r6i1p1f1,2051,08,24,0.0,26.189066,7.7715273,2051
13385,r6i1p1f1,2051,08,25,0.0,26.254812,5.807018,2051
13386,r6i1p1f1,2051,08,26,0.0,29.466612,8.863636,2051
13387,r6i1p1f1,2051,08,27,0.0,28.745092,9.289265,2051
13388,r6i1p1f1,2051,08,28,0.0,26.802736,7.3885818,2051
13389,r6i1p1f1,2051,08,29,0.0,27.614695,8.633459,2051
13390,r6i1p1f1,2051,08,30,0.0052625787269836395,29.342388,9.151484,2051
13391,r6i1p1f1,2051,08,31,0.0005028588459599278,27.609272,8.613007,2051
13392,r6i1p1f1,2051,09,01,0.0017710947821749038,30.31663,10.207802,2051
13393,r6i1p1f1,2051,09,02,0.0,31.540583,12.162212,2051
13394,r6i1p1f1,2051,09,03,0.0,32.695084,12.614973,2051
13395,r6i1p1f1,2051,09,04,0.0,33.090443,12.722826,2051
13396,r6i1p1f1,2051,09,05,0.0,33.283962,13.999652,2051
13397,r6i1p1f1,2051,09,06,0.0,34.325874,13.562181,2051
13398,r6i1p1f1,2051,09,07,0.0,34.367775,14.539277,2051
13399,r6i1p1f1,2051,09,08,0.007731714702274957,33.387943,13.284865,2051
13400,r6i1p1f1,2051,09,09,3.074084195693387,29.281069,10.379178,2051
13401,r6i1p1f1,2051,09,10,0.24554990470996882,26.357676,8.082198,2051
13402,r6i1p1f1,2051,09,11,0.0,25.079094,6.3865123,2051
13403,r6i1p1f1,2051,09,12,0.0,26.396933,7.1335506,2051
13404,r6i1p1f1,2051,09,13,0.0,27.1071,8.200756,2051
13405,r6i1p1f1,2051,09,14,0.0,26.739233,8.988646,2051
13406,r6i1p1f1,2051,09,15,0.0,28.179785,7.8486414,2051
13407,r6i1p1f1,2051,09,16,0.0,28.213081,9.110508,2051
13408,r6i1p1f1,2051,09,17,0.0,27.054262,8.741699,2051
13409,r6i1p1f1,2051,09,18,0.0,26.064949,9.235383,2051
13410,r6i1p1f1,2051,09,19,2.1557803178050037,25.249855,8.145037,2051
13411,r6i1p1f1,2051,09,20,4.611174010003932,20.411705,3.5512328,2051
13412,r6i1p1f1,2051,09,21,3.619435902711744,20.357538,4.713002,2051
13413,r6i1p1f1,2051,09,22,0.9352692774856834,20.249931,5.1261544,2051
13414,r6i1p1f1,2051,09,23,4.113484908294342,20.588236,4.758526,2051
13415,r6i1p1f1,2051,09,24,1.0189687586277951,24.495228,6.9947762,2051
13416,r6i1p1f1,2051,09,25,0.0,26.802929,8.716652,2051
13417,r6i1p1f1,2051,09,26,0.0,29.25745,9.524648,2051
13418,r6i1p1f1,2051,09,27,0.0,29.215166,10.22606,2051
13419,r6i1p1f1,2051,09,28,0.0,25.32486,8.068286,2051
13420,r6i1p1f1,2051,09,29,0.0,22.937346,5.557242,2051
13421,r6i1p1f1,2051,09,30,0.0,22.521597,5.3694644,2051
13422,r6i1p1f1,2051,10,01,0.0006583824364631722,22.27831,4.445278,2051
13423,r6i1p1f1,2051,10,02,0.0,24.354828,5.1219916,2051
13424,r6i1p1f1,2051,10,03,0.0,23.888018,6.965377,2051
13425,r6i1p1f1,2051,10,04,0.0,24.867994,5.0613675,2051
13426,r6i1p1f1,2051,10,05,0.0,23.477488,5.125121,2051
13427,r6i1p1f1,2051,10,06,0.0,25.064838,7.068375,2051
13428,r6i1p1f1,2051,10,07,0.0,25.599995,6.520388,2051
13429,r6i1p1f1,2051,10,08,0.0,24.641127,7.24891,2051
13430,r6i1p1f1,2051,10,09,0.0,25.575563,3.4253907,2051
13431,r6i1p1f1,2051,10,10,0.0,24.6744,4.7801065,2051
13432,r6i1p1f1,2051,10,11,0.0,22.024197,2.5123591,2051
13433,r6i1p1f1,2051,10,12,0.0,21.105917,3.5548925,2051
13434,r6i1p1f1,2051,10,13,2.0485327958211683,19.382645,2.7080412,2051
13435,r6i1p1f1,2051,10,14,0.002111810536279613,15.0605,-0.23491654,2051
13436,r6i1p1f1,2051,10,15,0.0,14.829772,-1.087762,2051
13437,r6i1p1f1,2051,10,16,11.18231710649186,12.843241,0.58991116,2051
13438,r6i1p1f1,2051,10,17,32.85874080175224,12.1311455,4.130198,2051
13439,r6i1p1f1,2051,10,18,0.7424151082298297,14.4969,0.31213728,2051
13440,r6i1p1f1,2051,10,19,0.23456455227548523,15.241835,0.9688433,2051
13441,r6i1p1f1,2051,10,20,0.6447068990189363,19.903109,5.4028234,2051
13442,r6i1p1f1,2051,10,21,0.0,20.805998,4.275558,2051
13443,r6i1p1f1,2051,10,22,0.6887225530449543,16.664413,0.521139,2051
13444,r6i1p1f1,2051,10,23,0.0,9.115773,-2.182612,2051
13445,r6i1p1f1,2051,10,24,0.7889267375680491,8.507269,-4.0375023,2051
13446,r6i1p1f1,2051,10,25,1.5180790202410093,7.5396876,-5.403099,2051
13447,r6i1p1f1,2051,10,26,1.0539005254827742,8.766842,-0.96401346,2051
13448,r6i1p1f1,2051,10,27,2.342109895352564,16.535507,2.4306943,2051
13449,r6i1p1f1,2051,10,28,0.0,19.256653,4.1501956,2051
13450,r6i1p1f1,2051,10,29,0.11944559783656919,17.939728,4.481478,2051
13451,r6i1p1f1,2051,10,30,2.030873404169349,14.87032,5.6524696,2051
13452,r6i1p1f1,2051,10,31,2.35137455450358,13.999919,4.7481647,2051
13453,r6i1p1f1,2051,11,01,0.002749623484061121,15.788257,3.4210026,2051
13454,r6i1p1f1,2051,11,02,0.10144210778517475,14.694588,4.119154,2051
13455,r6i1p1f1,2051,11,03,4.644873983745507,12.533571,4.664662,2051
13456,r6i1p1f1,2051,11,04,0.648161851449649,15.020432,-0.7728244,2051
13457,r6i1p1f1,2051,11,05,0.2563326266311134,15.689108,0.7714947,2051
13458,r6i1p1f1,2051,11,06,0.0,14.263141,1.6803421,2051
13459,r6i1p1f1,2051,11,07,0.37536652554907113,12.220508,0.92391336,2051
13460,r6i1p1f1,2051,11,08,9.09026706769776,10.905976,4.665233,2051
13461,r6i1p1f1,2051,11,09,2.4983983234674447,14.147899,5.5243883,2051
13462,r6i1p1f1,2051,11,10,11.693116639293429,13.258426,3.403768,2051
13463,r6i1p1f1,2051,11,11,7.9224779469216,9.355825,0.25559095,2051
13464,r6i1p1f1,2051,11,12,0.0,13.633571,-1.7732661,2051
13465,r6i1p1f1,2051,11,13,0.0,13.125378,0.57231313,2051
13466,r6i1p1f1,2051,11,14,0.00015540670696907304,12.321062,3.747944,2051
13467,r6i1p1f1,2051,11,15,0.00607132822348458,12.482425,1.6835757,2051
13468,r6i1p1f1,2051,11,16,0.0,14.153633,-2.0664086,2051
13469,r6i1p1f1,2051,11,17,3.725965911758978,10.903039,0.1319176,2051
13470,r6i1p1f1,2051,11,18,0.7148073718249439,9.47036,-0.06743654,2051
13471,r6i1p1f1,2051,11,19,18.13811553893962,10.647695,2.8111796,2051
13472,r6i1p1f1,2051,11,20,29.99064891623167,12.31344,-0.92710584,2051
13473,r6i1p1f1,2051,11,21,0.44216051547659047,6.0627413,-2.6280038,2051
13474,r6i1p1f1,2051,11,22,0.0,10.498263,-4.684097,2051
13475,r6i1p1f1,2051,11,23,0.0,11.976539,-2.1248577,2051
13476,r6i1p1f1,2051,11,24,0.0,11.376845,-1.3983414,2051
13477,r6i1p1f1,2051,11,25,0.00010207974980706219,11.441035,0.5683834,2051
13478,r6i1p1f1,2051,11,26,0.4279773804276781,12.926554,-0.44014478,2051
13479,r6i1p1f1,2051,11,27,0.0,12.817108,-3.1469285,2051
13480,r6i1p1f1,2051,11,28,0.0,15.873474,-0.23942836,2051
13481,r6i1p1f1,2051,11,29,0.0,15.143517,-2.8488812,2051
13482,r6i1p1f1,2051,11,30,0.0,15.511752,-3.7711082,2051
13483,r6i1p1f1,2051,12,01,0.0,15.718627,3.6016903,2051
13484,r6i1p1f1,2051,12,02,0.0,16.84331,4.4569416,2051
13485,r6i1p1f1,2051,12,03,0.03196208449050565,15.937661,2.8926427,2051
13486,r6i1p1f1,2051,12,04,0.044116283758712176,14.652895,1.7015227,2051
13487,r6i1p1f1,2051,12,05,0.0,14.841025,1.5422913,2051
13488,r6i1p1f1,2051,12,06,0.0,14.803043,2.0207894,2051
13489,r6i1p1f1,2051,12,07,0.0,15.096092,2.2538557,2051
13490,r6i1p1f1,2051,12,08,0.0,15.674494,2.243877,2051
13491,r6i1p1f1,2051,12,09,0.0,15.645285,2.074284,2051
13492,r6i1p1f1,2051,12,10,0.0,14.359538,1.4720677,2051
13493,r6i1p1f1,2051,12,11,0.0,16.20946,3.7815213,2051
13494,r6i1p1f1,2051,12,12,0.0,18.370047,5.042119,2051
13495,r6i1p1f1,2051,12,13,0.01187832796736359,18.138912,4.2169027,2051
13496,r6i1p1f1,2051,12,14,1.037426163448196,7.317732,-6.4267035,2051
13497,r6i1p1f1,2051,12,15,0.0,-2.0682995,-14.884158,2051
13498,r6i1p1f1,2051,12,16,0.0,3.46076,-11.7279215,2051
13499,r6i1p1f1,2051,12,17,0.0,6.4866037,-8.346051,2051
13500,r6i1p1f1,2051,12,18,0.00011851236480897973,6.613303,-7.712898,2051
13501,r6i1p1f1,2051,12,19,0.0,5.6655254,-8.414531,2051
13502,r6i1p1f1,2051,12,20,5.1770761284962905,0.37445685,-7.217767,2051
13503,r6i1p1f1,2051,12,21,3.76672570208531,1.3499357,-10.903694,2051
13504,r6i1p1f1,2051,12,22,16.291875827354495,6.530974,-4.2840986,2051
13505,r6i1p1f1,2051,12,23,21.499153885110328,7.0436277,-4.12733,2051
13506,r6i1p1f1,2051,12,24,0.035107632879079004,7.1409297,-4.6270003,2051
13507,r6i1p1f1,2051,12,25,5.516279764603333,2.874561,-5.2189326,2051
13508,r6i1p1f1,2051,12,26,10.582801534516905,2.0824606,-5.6673393,2051
13509,r6i1p1f1,2051,12,27,0.0,2.613905,-10.169301,2051
13510,r6i1p1f1,2051,12,28,0.0,2.9031308,-9.502483,2051
13511,r6i1p1f1,2051,12,29,0.0,6.855175,-6.525433,2051
13512,r6i1p1f1,2051,12,30,0.0,6.659495,-6.4018993,2051
13513,r6i1p1f1,2051,12,31,1.083251646251614,3.5085862,-5.325698,2051
13514,r6i1p1f1,2052,01,01,16.318608679060034,1.1138022,-5.6738596,2052
13515,r6i1p1f1,2052,01,02,6.805471216838163,2.054527,-4.3132524,2052
13516,r6i1p1f1,2052,01,03,3.5743682643052446,2.8611522,-5.541909,2052
13517,r6i1p1f1,2052,01,04,29.984826014405268,3.8796964,-3.2985103,2052
13518,r6i1p1f1,2052,01,05,20.73781447098262,4.6157846,-2.4606926,2052
13519,r6i1p1f1,2052,01,06,12.6741963901413,2.6204631,-4.555481,2052
13520,r6i1p1f1,2052,01,07,0.0,5.1194654,-4.8377457,2052
13521,r6i1p1f1,2052,01,08,0.36424949799909095,3.3351943,-5.5110087,2052
13522,r6i1p1f1,2052,01,09,0.16701956587639324,7.21516,1.0680465,2052
13523,r6i1p1f1,2052,01,10,0.0,9.030145,-2.5300756,2052
13524,r6i1p1f1,2052,01,11,0.0,11.57864,-1.47875,2052
13525,r6i1p1f1,2052,01,12,0.0,13.895063,0.86817616,2052
13526,r6i1p1f1,2052,01,13,0.0,12.926105,0.7865205,2052
13527,r6i1p1f1,2052,01,14,1.010465418518145,12.594816,1.1365094,2052
13528,r6i1p1f1,2052,01,15,7.3777854596602905,11.139554,3.5989428,2052
13529,r6i1p1f1,2052,01,16,0.020179269922808853,10.9257145,0.9249283,2052
13530,r6i1p1f1,2052,01,17,0.0,9.816995,-1.9035823,2052
13531,r6i1p1f1,2052,01,18,6.868888125560569,6.7280917,-2.5815144,2052
13532,r6i1p1f1,2052,01,19,0.737137812366263,7.4957166,-2.8913717,2052
13533,r6i1p1f1,2052,01,20,0.07213533553448834,5.843429,-7.2314706,2052
13534,r6i1p1f1,2052,01,21,2.4445725042736552,4.6955056,-1.776639,2052
13535,r6i1p1f1,2052,01,22,0.0,7.9938602,-6.638078,2052
13536,r6i1p1f1,2052,01,23,0.0,7.6803327,-6.3788376,2052
13537,r6i1p1f1,2052,01,24,0.0,8.575836,-6.6405807,2052
13538,r6i1p1f1,2052,01,25,0.0,10.310192,-5.4620924,2052
13539,r6i1p1f1,2052,01,26,0.0,12.96883,-2.8907647,2052
13540,r6i1p1f1,2052,01,27,0.0,13.210979,-0.96570116,2052
13541,r6i1p1f1,2052,01,28,21.253586715635585,5.2631545,-2.3986912,2052
13542,r6i1p1f1,2052,01,29,7.392892170112722,2.3692968,-4.081078,2052
13543,r6i1p1f1,2052,01,30,15.855113074107182,10.439996,-5.0569477,2052
13544,r6i1p1f1,2052,01,31,52.55038030816412,10.625069,-1.5512662,2052
13545,r6i1p1f1,2052,02,01,22.98609712902797,5.383096,-3.9985611,2052
13546,r6i1p1f1,2052,02,02,0.6233208466089986,3.6512275,-8.784067,2052
13547,r6i1p1f1,2052,02,03,11.504504941358523,8.678761,-2.818106,2052
13548,r6i1p1f1,2052,02,04,2.3633000215546005,8.591841,0.58443415,2052
13549,r6i1p1f1,2052,02,05,0.3052119711139943,12.245645,-1.2638012,2052
13550,r6i1p1f1,2052,02,06,20.511443095958622,8.632837,1.4769275,2052
13551,r6i1p1f1,2052,02,07,23.023439848604887,6.069991,-0.40146342,2052
13552,r6i1p1f1,2052,02,08,4.979970666170314,8.473275,-0.24466015,2052
13553,r6i1p1f1,2052,02,09,0.0,12.154702,0.05025565,2052
13554,r6i1p1f1,2052,02,10,0.0,14.425043,0.28835517,2052
13555,r6i1p1f1,2052,02,11,0.01501858302910739,12.543472,2.5541046,2052
13556,r6i1p1f1,2052,02,12,0.0,12.156518,1.6745868,2052
13557,r6i1p1f1,2052,02,13,0.0,15.406146,-0.21963039,2052
13558,r6i1p1f1,2052,02,14,0.0,16.989128,0.2596603,2052
13559,r6i1p1f1,2052,02,15,0.0,17.09646,1.1186237,2052
13560,r6i1p1f1,2052,02,16,1.0077356953338206,14.905162,-0.67129827,2052
13561,r6i1p1f1,2052,02,17,8.656070766109409,6.1070156,-1.3211051,2052
13562,r6i1p1f1,2052,02,18,1.8727572144087634,7.5006857,-2.6941078,2052
13563,r6i1p1f1,2052,02,19,0.0,8.609187,-0.51907617,2052
13564,r6i1p1f1,2052,02,20,0.008751739669299497,8.58209,-3.6249444,2052
13565,r6i1p1f1,2052,02,21,0.0,10.854518,-5.386144,2052
13566,r6i1p1f1,2052,02,22,0.0,10.398802,-2.6262465,2052
13567,r6i1p1f1,2052,02,23,0.026527248866344753,10.714027,-3.4774492,2052
13568,r6i1p1f1,2052,02,24,0.024964357201384218,13.082797,-0.22130588,2052
13569,r6i1p1f1,2052,02,25,0.0,12.323267,3.1591113,2052
13570,r6i1p1f1,2052,02,26,0.017770069638488168,15.390393,1.6221629,2052
13571,r6i1p1f1,2052,02,27,0.0,16.703657,1.5777053,2052
13572,r6i1p1f1,2052,02,28,0.4115213676091216,16.976063,1.0776433,2052
13573,r6i1p1f1,2052,02,29,7.589267023474302,8.560513,-4.5761323,2052
13574,r6i1p1f1,2052,03,01,4.420853219106208,3.4571931,-7.2228637,2052
13575,r6i1p1f1,2052,03,02,14.916969341402194,3.1535578,-5.37113,2052
13576,r6i1p1f1,2052,03,03,6.238767577828674,0.85667616,-5.9734244,2052
13577,r6i1p1f1,2052,03,04,6.092742465555441,4.0906067,-4.9316635,2052
13578,r6i1p1f1,2052,03,05,3.6074546815035635,4.534654,-2.9598296,2052
13579,r6i1p1f1,2052,03,06,17.342514574840727,3.3504784,-6.440215,2052
13580,r6i1p1f1,2052,03,07,32.77926983756403,3.081301,-3.2893991,2052
13581,r6i1p1f1,2052,03,08,3.4650541914321438,4.147598,-10.384198,2052
13582,r6i1p1f1,2052,03,09,24.4443901836111,9.927473,-4.1897683,2052
13583,r6i1p1f1,2052,03,10,21.966810196127025,6.391161,-2.24285,2052
13584,r6i1p1f1,2052,03,11,0.0061052040158253796,4.5695662,-6.2576427,2052
13585,r6i1p1f1,2052,03,12,0.0,8.703453,-3.0354471,2052
13586,r6i1p1f1,2052,03,13,0.0,9.848439,-3.223036,2052
13587,r6i1p1f1,2052,03,14,0.0,10.21638,-4.94997,2052
13588,r6i1p1f1,2052,03,15,0.0,13.32826,-3.0085948,2052
13589,r6i1p1f1,2052,03,16,0.0,15.726274,-2.0873415,2052
13590,r6i1p1f1,2052,03,17,0.0,16.732227,0.04204448,2052
13591,r6i1p1f1,2052,03,18,4.978049099409722,14.206933,1.9840649,2052
13592,r6i1p1f1,2052,03,19,7.269264646821464,10.355061,-1.7443893,2052
13593,r6i1p1f1,2052,03,20,7.7753123775409705,10.88861,1.9115878,2052
13594,r6i1p1f1,2052,03,21,6.833186654278626,12.78903,-0.5015044,2052
13595,r6i1p1f1,2052,03,22,0.0,16.957365,0.96184963,2052
13596,r6i1p1f1,2052,03,23,0.0,18.117563,1.2792703,2052
13597,r6i1p1f1,2052,03,24,0.0,15.935893,0.7817088,2052
13598,r6i1p1f1,2052,03,25,6.890495522979286,10.453763,-2.1356974,2052
13599,r6i1p1f1,2052,03,26,0.0,12.2274885,-1.8931506,2052
13600,r6i1p1f1,2052,03,27,0.0,15.342849,-0.21012303,2052
13601,r6i1p1f1,2052,03,28,0.0,17.486671,-1.429123,2052
13602,r6i1p1f1,2052,03,29,0.0,18.987684,-0.43809026,2052
13603,r6i1p1f1,2052,03,30,0.0,19.253061,-0.16595486,2052
13604,r6i1p1f1,2052,03,31,0.0,13.1375,-1.4586674,2052
13605,r6i1p1f1,2052,04,01,0.0,12.209914,-3.6043205,2052
13606,r6i1p1f1,2052,04,02,0.5687941819084413,9.909661,-1.5936219,2052
13607,r6i1p1f1,2052,04,03,5.438398413450666,9.344047,-0.18005994,2052
13608,r6i1p1f1,2052,04,04,2.2922734661751543,12.644639,-3.226604,2052
13609,r6i1p1f1,2052,04,05,4.077009324313809,12.1509905,0.84458673,2052
13610,r6i1p1f1,2052,04,06,10.848890283645083,10.098594,0.90470994,2052
13611,r6i1p1f1,2052,04,07,4.1609527831795425,8.787089,-1.7001404,2052
13612,r6i1p1f1,2052,04,08,2.871345472373479,9.437949,-1.7354611,2052
13613,r6i1p1f1,2052,04,09,22.2346674623087,10.492167,-3.3380558,2052
13614,r6i1p1f1,2052,04,10,2.466299330818435,5.7316995,-8.554219,2052
13615,r6i1p1f1,2052,04,11,0.0,10.115053,-5.0960584,2052
13616,r6i1p1f1,2052,04,12,0.0,19.522068,-0.86779803,2052
13617,r6i1p1f1,2052,04,13,0.0,23.502642,4.062603,2052
13618,r6i1p1f1,2052,04,14,0.0,25.240274,6.323135,2052
13619,r6i1p1f1,2052,04,15,0.0,25.649012,5.919441,2052
13620,r6i1p1f1,2052,04,16,0.9703780982965764,22.902163,6.8888564,2052
13621,r6i1p1f1,2052,04,17,11.595826629995436,17.18788,2.250068,2052
13622,r6i1p1f1,2052,04,18,8.387923747893476,10.477776,2.9917574,2052
13623,r6i1p1f1,2052,04,19,0.4498863623487808,14.708787,1.230673,2052
13624,r6i1p1f1,2052,04,20,0.37805606731089375,18.356953,3.4829392,2052
13625,r6i1p1f1,2052,04,21,0.0,20.882416,5.2340593,2052
13626,r6i1p1f1,2052,04,22,0.0,21.176743,4.616573,2052
13627,r6i1p1f1,2052,04,23,5.6784794900745315,12.086452,2.7533522,2052
13628,r6i1p1f1,2052,04,24,0.006356645833793854,17.190388,1.6324338,2052
13629,r6i1p1f1,2052,04,25,0.06104912550899257,13.892153,1.8181913,2052
13630,r6i1p1f1,2052,04,26,10.599794260226096,9.5773115,-0.98089665,2052
13631,r6i1p1f1,2052,04,27,1.359011214247717,13.856561,1.1312182,2052
13632,r6i1p1f1,2052,04,28,8.232670519725044,13.80974,1.3491704,2052
13633,r6i1p1f1,2052,04,29,15.596695473992996,10.788276,0.6507218,2052
13634,r6i1p1f1,2052,04,30,0.5712612838443312,11.223195,0.64515597,2052
13635,r6i1p1f1,2052,05,01,0.0,14.123521,1.6362416,2052
13636,r6i1p1f1,2052,05,02,0.0,18.553194,-1.3361381,2052
13637,r6i1p1f1,2052,05,03,0.0,21.899723,2.2840412,2052
13638,r6i1p1f1,2052,05,04,0.0,23.823809,5.311529,2052
13639,r6i1p1f1,2052,05,05,0.0,24.673708,7.6771045,2052
13640,r6i1p1f1,2052,05,06,0.22324908296754806,22.700144,5.776021,2052
13641,r6i1p1f1,2052,05,07,3.1332534222765864,15.969566,-0.8092287,2052
13642,r6i1p1f1,2052,05,08,0.6050714378829919,16.001831,1.5693897,2052
13643,r6i1p1f1,2052,05,09,0.4685745327944697,19.6364,5.398194,2052
13644,r6i1p1f1,2052,05,10,0.0,23.58305,6.4204693,2052
13645,r6i1p1f1,2052,05,11,0.0,25.09537,6.2323937,2052
13646,r6i1p1f1,2052,05,12,0.23973801556048896,22.41918,4.7118144,2052
13647,r6i1p1f1,2052,05,13,1.900798686608298,17.531773,3.4521906,2052
13648,r6i1p1f1,2052,05,14,0.006491831403232287,22.845963,5.720754,2052
13649,r6i1p1f1,2052,05,15,0.0,23.785692,6.2803664,2052
13650,r6i1p1f1,2052,05,16,0.42009870968509244,19.098455,6.3397226,2052
13651,r6i1p1f1,2052,05,17,0.0,21.258337,5.2151847,2052
13652,r6i1p1f1,2052,05,18,0.0,23.87261,4.7155786,2052
13653,r6i1p1f1,2052,05,19,1.8162208716778707,17.718884,-1.2225778,2052
13654,r6i1p1f1,2052,05,20,4.228884112053239,11.745088,-5.684488,2052
13655,r6i1p1f1,2052,05,21,0.0,18.544144,0.79446214,2052
13656,r6i1p1f1,2052,05,22,0.0,21.237352,4.540101,2052
13657,r6i1p1f1,2052,05,23,0.0,23.111242,3.115104,2052
13658,r6i1p1f1,2052,05,24,0.1688834176494743,21.955694,4.377035,2052
13659,r6i1p1f1,2052,05,25,0.0,20.534842,6.734757,2052
13660,r6i1p1f1,2052,05,26,0.0,27.010195,7.882946,2052
13661,r6i1p1f1,2052,05,27,18.453100196792295,20.084803,1.5534889,2052
13662,r6i1p1f1,2052,05,28,0.015287378114483403,16.113684,0.6338161,2052
13663,r6i1p1f1,2052,05,29,0.0,16.949774,0.43106535,2052
13664,r6i1p1f1,2052,05,30,0.06445364857260218,17.645927,3.2380126,2052
13665,r6i1p1f1,2052,05,31,0.17632146683348876,23.234013,5.7117305,2052
13666,r6i1p1f1,2052,06,01,0.0,24.08461,6.0058427,2052
13667,r6i1p1f1,2052,06,02,0.0,18.350462,2.3637176,2052
13668,r6i1p1f1,2052,06,03,0.535493836629372,13.80102,4.666216,2052
13669,r6i1p1f1,2052,06,04,0.005293737307897973,16.261042,2.2808414,2052
13670,r6i1p1f1,2052,06,05,8.898489722798038,11.645682,1.5922608,2052
13671,r6i1p1f1,2052,06,06,0.0,16.81923,2.3015158,2052
13672,r6i1p1f1,2052,06,07,0.0,20.601704,2.0314922,2052
13673,r6i1p1f1,2052,06,08,0.0,23.599447,3.5544276,2052
13674,r6i1p1f1,2052,06,09,0.0,27.340195,7.287621,2052
13675,r6i1p1f1,2052,06,10,0.0,31.576363,12.0293,2052
13676,r6i1p1f1,2052,06,11,0.0,31.648666,11.543825,2052
13677,r6i1p1f1,2052,06,12,0.0,29.995958,11.199318,2052
13678,r6i1p1f1,2052,06,13,0.0,28.255568,9.752365,2052
13679,r6i1p1f1,2052,06,14,0.0,29.519789,9.225911,2052
13680,r6i1p1f1,2052,06,15,0.0,34.269547,13.329605,2052
13681,r6i1p1f1,2052,06,16,0.0,36.047127,15.512228,2052
13682,r6i1p1f1,2052,06,17,0.0,35.75737,16.59403,2052
13683,r6i1p1f1,2052,06,18,0.0,35.88381,16.276112,2052
13684,r6i1p1f1,2052,06,19,0.0,36.395206,16.198359,2052
13685,r6i1p1f1,2052,06,20,0.0,36.449677,16.053555,2052
13686,r6i1p1f1,2052,06,21,0.0,35.378483,15.16564,2052
13687,r6i1p1f1,2052,06,22,0.029338058230663076,34.233257,14.820754,2052
13688,r6i1p1f1,2052,06,23,0.0,29.555414,10.840179,2052
13689,r6i1p1f1,2052,06,24,0.0,27.245714,5.920743,2052
13690,r6i1p1f1,2052,06,25,0.0,29.232641,9.38154,2052
13691,r6i1p1f1,2052,06,26,0.0,29.92595,10.026162,2052
13692,r6i1p1f1,2052,06,27,0.0,30.101145,10.712145,2052
13693,r6i1p1f1,2052,06,28,0.0,31.300644,10.97634,2052
13694,r6i1p1f1,2052,06,29,0.0,32.839428,11.973137,2052
13695,r6i1p1f1,2052,06,30,0.0,34.180374,13.871856,2052
13696,r6i1p1f1,2052,07,01,0.25263612402459706,34.74588,12.426884,2052
13697,r6i1p1f1,2052,07,02,0.37341266580821436,31.34529,10.80086,2052
13698,r6i1p1f1,2052,07,03,0.0,27.643496,9.511345,2052
13699,r6i1p1f1,2052,07,04,1.861267780211244,25.362026,7.5740833,2052
13700,r6i1p1f1,2052,07,05,0.0,28.08378,8.5878935,2052
13701,r6i1p1f1,2052,07,06,0.0,31.736015,9.989343,2052
13702,r6i1p1f1,2052,07,07,0.0,32.180027,10.119403,2052
13703,r6i1p1f1,2052,07,08,0.0,31.925411,10.060636,2052
13704,r6i1p1f1,2052,07,09,0.0,33.385918,10.855295,2052
13705,r6i1p1f1,2052,07,10,0.0,34.00434,11.873003,2052
13706,r6i1p1f1,2052,07,11,0.0,35.661243,13.866458,2052
13707,r6i1p1f1,2052,07,12,0.0,36.00255,14.076357,2052
13708,r6i1p1f1,2052,07,13,0.0,35.11005,13.316501,2052
13709,r6i1p1f1,2052,07,14,0.0,33.037277,11.269263,2052
13710,r6i1p1f1,2052,07,15,0.0,33.784286,12.086884,2052
13711,r6i1p1f1,2052,07,16,0.0,34.27627,12.814431,2052
13712,r6i1p1f1,2052,07,17,0.0,34.266563,12.616743,2052
13713,r6i1p1f1,2052,07,18,0.0,34.29081,13.319567,2052
13714,r6i1p1f1,2052,07,19,0.0,32.692657,12.660805,2052
13715,r6i1p1f1,2052,07,20,0.030604813314868782,33.129826,14.671969,2052
13716,r6i1p1f1,2052,07,21,0.0,33.201244,13.706523,2052
13717,r6i1p1f1,2052,07,22,0.0,33.340435,13.855025,2052
13718,r6i1p1f1,2052,07,23,0.0,34.50705,14.848024,2052
13719,r6i1p1f1,2052,07,24,0.0,35.931778,14.746772,2052
13720,r6i1p1f1,2052,07,25,0.0,37.371902,15.744772,2052
13721,r6i1p1f1,2052,07,26,0.0,37.563046,15.799554,2052
13722,r6i1p1f1,2052,07,27,0.0,37.644447,15.498495,2052
13723,r6i1p1f1,2052,07,28,0.0,37.58904,15.784475,2052
13724,r6i1p1f1,2052,07,29,0.0,37.495773,15.260286,2052
13725,r6i1p1f1,2052,07,30,0.0,37.765507,15.641239,2052
13726,r6i1p1f1,2052,07,31,0.0,37.77594,15.987039,2052
13727,r6i1p1f1,2052,08,01,0.0,37.948677,15.92832,2052
13728,r6i1p1f1,2052,08,02,0.0,36.38196,15.396644,2052
13729,r6i1p1f1,2052,08,03,0.0,35.45489,14.754637,2052
13730,r6i1p1f1,2052,08,04,0.0,35.8086,14.431842,2052
13731,r6i1p1f1,2052,08,05,0.0,36.916546,14.80994,2052
13732,r6i1p1f1,2052,08,06,0.0,37.244537,14.954812,2052
13733,r6i1p1f1,2052,08,07,0.0,37.65629,15.760862,2052
13734,r6i1p1f1,2052,08,08,0.007407599322398664,37.272877,15.580637,2052
13735,r6i1p1f1,2052,08,09,0.05647143357044918,35.671356,15.207583,2052
13736,r6i1p1f1,2052,08,10,0.46383383527026667,36.2585,15.268285,2052
13737,r6i1p1f1,2052,08,11,1.2058507228019548,36.21834,15.52955,2052
13738,r6i1p1f1,2052,08,12,0.014296218512439429,36.30121,15.77649,2052
13739,r6i1p1f1,2052,08,13,0.0,36.885323,15.700529,2052
13740,r6i1p1f1,2052,08,14,0.0,34.79616,14.141777,2052
13741,r6i1p1f1,2052,08,15,0.050640911751615114,32.394096,11.798936,2052
13742,r6i1p1f1,2052,08,16,0.0,29.86927,9.0618515,2052
13743,r6i1p1f1,2052,08,17,0.0,29.44103,9.242225,2052
13744,r6i1p1f1,2052,08,18,0.0,30.685228,12.3015585,2052
13745,r6i1p1f1,2052,08,19,0.0,32.166634,12.352769,2052
13746,r6i1p1f1,2052,08,20,0.060253522058031646,32.79482,13.836856,2052
13747,r6i1p1f1,2052,08,21,1.3712876950912156,30.528452,9.838789,2052
13748,r6i1p1f1,2052,08,22,0.0,27.580973,7.635791,2052
13749,r6i1p1f1,2052,08,23,0.0,29.508276,9.5671,2052
13750,r6i1p1f1,2052,08,24,0.0,28.926426,8.648751,2052
13751,r6i1p1f1,2052,08,25,0.0,29.761963,10.762848,2052
13752,r6i1p1f1,2052,08,26,0.0,31.945549,10.528602,2052
13753,r6i1p1f1,2052,08,27,0.0,30.02077,9.293909,2052
13754,r6i1p1f1,2052,08,28,0.0,28.416487,8.386563,2052
13755,r6i1p1f1,2052,08,29,0.0,28.789827,8.232263,2052
13756,r6i1p1f1,2052,08,30,0.0,27.747295,7.299347,2052
13757,r6i1p1f1,2052,08,31,0.0,29.644175,8.220713,2052
13758,r6i1p1f1,2052,09,01,0.0,30.932755,12.724509,2052
13759,r6i1p1f1,2052,09,02,0.0,31.37796,11.253148,2052
13760,r6i1p1f1,2052,09,03,0.0,32.18912,13.760431,2052
13761,r6i1p1f1,2052,09,04,0.0,31.69729,12.5290575,2052
13762,r6i1p1f1,2052,09,05,0.0,30.683136,9.780823,2052
13763,r6i1p1f1,2052,09,06,2.8730311062490217,26.923489,10.119098,2052
13764,r6i1p1f1,2052,09,07,0.0,29.795567,8.370333,2052
13765,r6i1p1f1,2052,09,08,0.0,29.936216,9.488425,2052
13766,r6i1p1f1,2052,09,09,0.0,27.323175,6.882095,2052
13767,r6i1p1f1,2052,09,10,0.0,25.834164,4.8759785,2052
13768,r6i1p1f1,2052,09,11,0.0,27.369259,7.3832707,2052
13769,r6i1p1f1,2052,09,12,0.0,28.425985,7.261795,2052
13770,r6i1p1f1,2052,09,13,0.0,28.295158,7.4590135,2052
13771,r6i1p1f1,2052,09,14,0.23299862328053908,25.811802,5.803694,2052
13772,r6i1p1f1,2052,09,15,1.7744190963534023,21.509905,3.0134318,2052
13773,r6i1p1f1,2052,09,16,0.94624340823203,22.147026,2.5504754,2052
13774,r6i1p1f1,2052,09,17,0.0,26.126253,6.90208,2052
13775,r6i1p1f1,2052,09,18,0.0,28.992037,7.686077,2052
13776,r6i1p1f1,2052,09,19,0.0,30.644648,8.7637205,2052
13777,r6i1p1f1,2052,09,20,0.0,31.204443,9.298032,2052
13778,r6i1p1f1,2052,09,21,0.0,31.228006,12.728901,2052
13779,r6i1p1f1,2052,09,22,0.13529737819472737,31.726452,13.015803,2052
13780,r6i1p1f1,2052,09,23,0.19264490528301972,31.803461,12.983832,2052
13781,r6i1p1f1,2052,09,24,0.04730708318964886,30.74808,11.742196,2052
13782,r6i1p1f1,2052,09,25,0.0,30.786549,12.171547,2052
13783,r6i1p1f1,2052,09,26,0.0,30.634577,9.686829,2052
13784,r6i1p1f1,2052,09,27,0.0,30.28993,8.955714,2052
13785,r6i1p1f1,2052,09,28,0.24861177520572428,23.379065,6.2345877,2052
13786,r6i1p1f1,2052,09,29,0.3515944505833184,20.574175,3.8964138,2052
13787,r6i1p1f1,2052,09,30,0.0,22.338076,3.9601202,2052
13788,r6i1p1f1,2052,10,01,0.0,22.539251,4.620011,2052
13789,r6i1p1f1,2052,10,02,0.0,23.955286,3.4590328,2052
13790,r6i1p1f1,2052,10,03,0.0,26.808254,5.081331,2052
13791,r6i1p1f1,2052,10,04,0.0,26.095638,6.5783005,2052
13792,r6i1p1f1,2052,10,05,0.0,25.347282,5.067079,2052
13793,r6i1p1f1,2052,10,06,0.0,26.152449,7.3706007,2052
13794,r6i1p1f1,2052,10,07,0.0,23.808147,6.131378,2052
13795,r6i1p1f1,2052,10,08,0.0,22.405542,3.9221034,2052
13796,r6i1p1f1,2052,10,09,0.0,22.63287,2.919299,2052
13797,r6i1p1f1,2052,10,10,0.0,23.765303,3.228955,2052
13798,r6i1p1f1,2052,10,11,0.0,26.31323,6.782595,2052
13799,r6i1p1f1,2052,10,12,0.0,28.660639,8.713578,2052
13800,r6i1p1f1,2052,10,13,0.0,28.305523,7.8224435,2052
13801,r6i1p1f1,2052,10,14,0.0,28.500237,8.693624,2052
13802,r6i1p1f1,2052,10,15,0.0,27.55401,11.4924965,2052
13803,r6i1p1f1,2052,10,16,0.0,26.899853,7.87773,2052
13804,r6i1p1f1,2052,10,17,0.0,27.921669,6.209063,2052
13805,r6i1p1f1,2052,10,18,0.0,28.724936,6.9855976,2052
13806,r6i1p1f1,2052,10,19,0.0,29.93572,8.778725,2052
13807,r6i1p1f1,2052,10,20,0.0,31.326021,9.538374,2052
13808,r6i1p1f1,2052,10,21,0.0,31.278494,10.080743,2052
13809,r6i1p1f1,2052,10,22,2.8702910134616384,23.355505,4.6998386,2052
13810,r6i1p1f1,2052,10,23,4.63444707212565,10.983552,4.219375,2052
13811,r6i1p1f1,2052,10,24,8.981748348703759,14.310932,4.3185515,2052
13812,r6i1p1f1,2052,10,25,9.962903650408526,15.978458,7.777401,2052
13813,r6i1p1f1,2052,10,26,0.2770947434011326,21.203083,4.78979,2052
13814,r6i1p1f1,2052,10,27,0.0,22.826067,6.3731694,2052
13815,r6i1p1f1,2052,10,28,0.0,22.529623,6.7258787,2052
13816,r6i1p1f1,2052,10,29,0.0,21.012054,3.9243078,2052
13817,r6i1p1f1,2052,10,30,0.0,22.571827,3.8157542,2052
13818,r6i1p1f1,2052,10,31,0.0,21.905506,4.8276625,2052
13819,r6i1p1f1,2052,11,01,0.0,20.655712,2.1999316,2052
13820,r6i1p1f1,2052,11,02,0.0,20.031786,1.7799789,2052
13821,r6i1p1f1,2052,11,03,0.0,19.954487,4.72161,2052
13822,r6i1p1f1,2052,11,04,0.0,17.030756,2.646751,2052
13823,r6i1p1f1,2052,11,05,0.0,16.371513,1.9082978,2052
13824,r6i1p1f1,2052,11,06,7.059299709457758,12.108995,1.1598427,2052
13825,r6i1p1f1,2052,11,07,12.5836166619729,7.6799035,0.26938668,2052
13826,r6i1p1f1,2052,11,08,0.8765930005168685,7.296403,-3.9779456,2052
13827,r6i1p1f1,2052,11,09,11.23375221872322,6.8665915,-2.143522,2052
13828,r6i1p1f1,2052,11,10,0.0,7.5945134,-6.4881964,2052
13829,r6i1p1f1,2052,11,11,6.068934683563792,7.0554304,-1.676892,2052
13830,r6i1p1f1,2052,11,12,0.24486415148243237,5.37256,-5.3599024,2052
13831,r6i1p1f1,2052,11,13,0.005798730328334381,4.885684,-8.360748,2052
13832,r6i1p1f1,2052,11,14,0.6925813816415924,4.746149,-2.8531203,2052
13833,r6i1p1f1,2052,11,15,1.6116557707126695,4.9230275,-8.739855,2052
13834,r6i1p1f1,2052,11,16,4.8030357391638185,0.96737885,-11.795251,2052
13835,r6i1p1f1,2052,11,17,2.420207716852723,1.1546977,-8.503319,2052
13836,r6i1p1f1,2052,11,18,0.7969853844257764,5.322368,-5.0874186,2052
13837,r6i1p1f1,2052,11,19,0.8353008444149121,7.6017756,-3.2857804,2052
13838,r6i1p1f1,2052,11,20,2.248829181275397,6.2860227,0.2362821,2052
13839,r6i1p1f1,2052,11,21,2.150966974447495,4.9544625,-2.0510685,2052
13840,r6i1p1f1,2052,11,22,0.2918340869264542,6.0757647,-3.7976024,2052
13841,r6i1p1f1,2052,11,23,8.114046680584277,7.0690837,-0.78225017,2052
13842,r6i1p1f1,2052,11,24,6.039417898822875,5.5868225,-0.9102119,2052
13843,r6i1p1f1,2052,11,25,3.1768905142412978,4.9017196,-8.22343,2052
13844,r6i1p1f1,2052,11,26,0.0,4.370286,-11.204413,2052
13845,r6i1p1f1,2052,11,27,0.0,8.753673,-5.381288,2052
13846,r6i1p1f1,2052,11,28,10.707098318592633,5.2931175,-2.7154267,2052
13847,r6i1p1f1,2052,11,29,41.91078085308961,8.168162,-2.4762197,2052
13848,r6i1p1f1,2052,11,30,0.19459534387317567,6.8587384,-6.115079,2052
13849,r6i1p1f1,2052,12,01,0.0,9.055836,-3.9582815,2052
13850,r6i1p1f1,2052,12,02,1.6093310835408328,6.28582,-0.2699494,2052
13851,r6i1p1f1,2052,12,03,22.517567056138553,9.466576,-0.027912281,2052
13852,r6i1p1f1,2052,12,04,39.256766984211346,10.428978,3.3946607,2052
13853,r6i1p1f1,2052,12,05,14.37802041403412,10.027082,-3.4536405,2052
13854,r6i1p1f1,2052,12,06,0.0,1.8066093,-9.326742,2052
13855,r6i1p1f1,2052,12,07,0.0,1.6665443,-9.905503,2052
13856,r6i1p1f1,2052,12,08,0.8255630815938639,1.4861484,-6.386337,2052
13857,r6i1p1f1,2052,12,09,0.0,1.5799718,-12.281771,2052
13858,r6i1p1f1,2052,12,10,0.0,0.73742646,-13.626342,2052
13859,r6i1p1f1,2052,12,11,0.0031147975508070873,3.7029138,-9.927758,2052
13860,r6i1p1f1,2052,12,12,0.0,3.6952932,-9.741474,2052
13861,r6i1p1f1,2052,12,13,2.136526465684819,0.4241327,-8.116988,2052
13862,r6i1p1f1,2052,12,14,10.865279829260178,-0.94490755,-6.9233165,2052
13863,r6i1p1f1,2052,12,15,37.20633115863078,-1.108014,-6.5320697,2052
13864,r6i1p1f1,2052,12,16,0.0022986582104556706,0.99130684,-14.242107,2052
13865,r6i1p1f1,2052,12,17,0.0,4.6033278,-10.815911,2052
13866,r6i1p1f1,2052,12,18,0.07708590577849556,6.857783,-5.302258,2052
13867,r6i1p1f1,2052,12,19,0.009190126903882009,4.8609405,-4.044968,2052
13868,r6i1p1f1,2052,12,20,0.0,4.342048,-2.9438694,2052
13869,r6i1p1f1,2052,12,21,0.0,5.631441,-5.97567,2052
13870,r6i1p1f1,2052,12,22,0.0,6.746394,-3.4899833,2052
13871,r6i1p1f1,2052,12,23,0.3460549607453656,3.6818488,-2.5261235,2052
13872,r6i1p1f1,2052,12,24,0.0,3.118773,-9.798067,2052
13873,r6i1p1f1,2052,12,25,0.0,5.957665,-8.960764,2052
13874,r6i1p1f1,2052,12,26,0.0,5.9120226,-7.223881,2052
13875,r6i1p1f1,2052,12,27,0.02172906470971848,5.4847226,-2.2226892,2052
13876,r6i1p1f1,2052,12,28,0.0,6.565552,-7.648003,2052
13877,r6i1p1f1,2052,12,29,0.0,9.336243,-4.246536,2052
13878,r6i1p1f1,2052,12,30,0.0,13.138063,-1.67183,2052
13879,r6i1p1f1,2052,12,31,0.08115477725172307,11.123259,-1.1302388,2052
13880,r6i1p1f1,2053,01,01,8.470992196808007,2.9458897,-5.9658465,2053
13881,r6i1p1f1,2053,01,02,0.0,1.2208587,-6.562972,2053
13882,r6i1p1f1,2053,01,03,0.0,7.9538913,-4.1666718,2053
13883,r6i1p1f1,2053,01,04,0.0,8.57693,-3.2706647,2053
13884,r6i1p1f1,2053,01,05,0.0,12.363189,-0.48850685,2053
13885,r6i1p1f1,2053,01,06,0.0,13.759146,-0.10458118,2053
13886,r6i1p1f1,2053,01,07,0.0,14.138562,0.03380284,2053
13887,r6i1p1f1,2053,01,08,0.0,13.506775,0.22392309,2053
13888,r6i1p1f1,2053,01,09,0.0,14.396392,2.6137893,2053
13889,r6i1p1f1,2053,01,10,0.0,13.399246,3.6738036,2053
13890,r6i1p1f1,2053,01,11,0.0,13.8311,4.100471,2053
13891,r6i1p1f1,2053,01,12,0.014783821883735823,14.78967,2.1076777,2053
13892,r6i1p1f1,2053,01,13,0.0,14.82182,3.0704315,2053
13893,r6i1p1f1,2053,01,14,0.09017462572512668,16.889662,4.6269436,2053
13894,r6i1p1f1,2053,01,15,0.2502843004823665,15.589443,5.6669364,2053
13895,r6i1p1f1,2053,01,16,3.8594287297499887,13.735986,6.755999,2053
13896,r6i1p1f1,2053,01,17,3.2862192000656174,12.390874,-0.37683803,2053
13897,r6i1p1f1,2053,01,18,9.141452132838728,8.539064,-1.3938957,2053
13898,r6i1p1f1,2053,01,19,32.23026067252833,8.864519,1.5798777,2053
13899,r6i1p1f1,2053,01,20,7.922734096100009,5.476308,-1.4077042,2053
13900,r6i1p1f1,2053,01,21,10.90419408357453,6.202516,-0.9787521,2053
13901,r6i1p1f1,2053,01,22,59.081893424313854,9.712644,1.8127601,2053
13902,r6i1p1f1,2053,01,23,47.212039942408644,10.207585,3.6923501,2053
13903,r6i1p1f1,2053,01,24,2.1027004445620223,9.6183605,0.29598418,2053
13904,r6i1p1f1,2053,01,25,0.04564184210283601,9.1812725,0.5885976,2053
13905,r6i1p1f1,2053,01,26,0.0,11.592659,-1.3600981,2053
13906,r6i1p1f1,2053,01,27,0.0,12.270623,-1.6007917,2053
13907,r6i1p1f1,2053,01,28,0.0,12.081831,-1.4516377,2053
13908,r6i1p1f1,2053,01,29,0.0,13.286499,-1.1819108,2053
13909,r6i1p1f1,2053,01,30,0.0,13.449883,-2.717695,2053
13910,r6i1p1f1,2053,01,31,0.0,14.75948,-0.6692452,2053
13911,r6i1p1f1,2053,02,01,0.0,14.339261,-1.7690833,2053
13912,r6i1p1f1,2053,02,02,0.0,12.477486,-3.6144326,2053
13913,r6i1p1f1,2053,02,03,0.0,14.585174,-1.3954749,2053
13914,r6i1p1f1,2053,02,04,9.550430839323491,11.166721,-2.2515619,2053
13915,r6i1p1f1,2053,02,05,6.352042428950386,3.5121286,-4.820185,2053
13916,r6i1p1f1,2053,02,06,1.9057157519121408,4.1162705,-6.8845825,2053
13917,r6i1p1f1,2053,02,07,9.503655557514216,2.7736123,-2.1815212,2053
13918,r6i1p1f1,2053,02,08,4.419147466094053,3.227232,-6.292107,2053
13919,r6i1p1f1,2053,02,09,1.8554319755246722,5.802081,-6.066031,2053
13920,r6i1p1f1,2053,02,10,0.0,6.520829,-7.759589,2053
13921,r6i1p1f1,2053,02,11,0.8411963448551463,8.359117,-6.482751,2053
13922,r6i1p1f1,2053,02,12,0.13762374695727606,6.42487,-0.6181166,2053
13923,r6i1p1f1,2053,02,13,0.19669929711677883,7.9763155,-2.0328624,2053
13924,r6i1p1f1,2053,02,14,0.023826387956128584,8.5370865,0.39887622,2053
13925,r6i1p1f1,2053,02,15,0.0191051270575066,7.2368,-5.652837,2053
13926,r6i1p1f1,2053,02,16,0.0,9.098661,-6.9089627,2053
13927,r6i1p1f1,2053,02,17,0.0,9.656758,-6.262087,2053
13928,r6i1p1f1,2053,02,18,0.0,9.9549885,-5.69317,2053
13929,r6i1p1f1,2053,02,19,0.0,10.773129,-5.6532154,2053
13930,r6i1p1f1,2053,02,20,0.0,10.137939,-6.023607,2053
13931,r6i1p1f1,2053,02,21,1.6341270152338985,8.24057,-5.1231146,2053
13932,r6i1p1f1,2053,02,22,20.48459994367053,4.4708543,-4.572127,2053
13933,r6i1p1f1,2053,02,23,4.413190969921269,0.41713288,-13.479869,2053
13934,r6i1p1f1,2053,02,24,7.103599439230159,0.37421387,-7.5232024,2053
13935,r6i1p1f1,2053,02,25,0.02860853038711593,1.6656524,-14.672943,2053
13936,r6i1p1f1,2053,02,26,22.916321031614416,1.4042449,-4.9631124,2053
13937,r6i1p1f1,2053,02,27,3.831082465423488,1.1475394,-14.009097,2053
13938,r6i1p1f1,2053,02,28,0.09591268235371117,3.8030093,-10.052721,2053
13939,r6i1p1f1,2053,03,01,14.618609492668194,0.73006904,-6.700865,2053
13940,r6i1p1f1,2053,03,02,20.253906868040605,4.428554,-3.8124444,2053
13941,r6i1p1f1,2053,03,03,2.9233587585574807,3.030395,-5.760147,2053
13942,r6i1p1f1,2053,03,04,0.12403557923297356,5.556015,-10.325037,2053
13943,r6i1p1f1,2053,03,05,26.0467035406801,1.8840523,-5.512669,2053
13944,r6i1p1f1,2053,03,06,4.078664259256421,2.3021424,-5.856225,2053
13945,r6i1p1f1,2053,03,07,0.45826210870395717,3.2955863,-12.648735,2053
13946,r6i1p1f1,2053,03,08,9.14703100025714,1.5282444,-6.08204,2053
13947,r6i1p1f1,2053,03,09,0.0,4.023845,-14.003006,2053
13948,r6i1p1f1,2053,03,10,0.0,6.625488,-10.523031,2053
13949,r6i1p1f1,2053,03,11,0.0,8.667606,-6.3247466,2053
13950,r6i1p1f1,2053,03,12,0.0,14.151283,-4.8753924,2053
13951,r6i1p1f1,2053,03,13,0.0,12.307414,-3.362309,2053
13952,r6i1p1f1,2053,03,14,0.0,13.484319,-2.078959,2053
13953,r6i1p1f1,2053,03,15,0.0,16.481771,-1.28486,2053
13954,r6i1p1f1,2053,03,16,0.0,17.408129,0.6003067,2053
13955,r6i1p1f1,2053,03,17,0.09716717409694242,15.73078,0.75315785,2053
13956,r6i1p1f1,2053,03,18,1.6704492894208494,15.30849,0.75014246,2053
13957,r6i1p1f1,2053,03,19,0.0,17.361874,2.8932486,2053
13958,r6i1p1f1,2053,03,20,0.0,18.41017,1.9283053,2053
13959,r6i1p1f1,2053,03,21,0.0,20.12361,-0.077227645,2053
13960,r6i1p1f1,2053,03,22,0.0333539704223938,16.797535,0.31747964,2053
13961,r6i1p1f1,2053,03,23,29.177298954216255,9.887978,-5.5556483,2053
13962,r6i1p1f1,2053,03,24,0.12547777024410275,10.146967,-1.3851864,2053
13963,r6i1p1f1,2053,03,25,8.989647383165616,8.876338,-1.1147761,2053
13964,r6i1p1f1,2053,03,26,4.015392108591382,4.349354,-3.4237428,2053
13965,r6i1p1f1,2053,03,27,0.0004106468828056527,6.19645,-3.3423052,2053
13966,r6i1p1f1,2053,03,28,2.782056982965453,11.486715,-3.2464993,2053
13967,r6i1p1f1,2053,03,29,0.0027629509920229214,21.99474,4.589789,2053
13968,r6i1p1f1,2053,03,30,0.0,26.229647,6.9734125,2053
13969,r6i1p1f1,2053,03,31,0.0,25.445757,7.959935,2053
13970,r6i1p1f1,2053,04,01,0.0,25.935097,6.020524,2053
13971,r6i1p1f1,2053,04,02,0.0,26.177717,7.1776614,2053
13972,r6i1p1f1,2053,04,03,0.0,25.689734,8.1441555,2053
13973,r6i1p1f1,2053,04,04,2.929839959459979,18.017483,2.051457,2053
13974,r6i1p1f1,2053,04,05,3.58123071300214,11.277177,0.8122724,2053
13975,r6i1p1f1,2053,04,06,3.8628536427708333,11.739964,1.591658,2053
13976,r6i1p1f1,2053,04,07,2.37516465524099,15.418621,0.7547709,2053
13977,r6i1p1f1,2053,04,08,0.0,19.229015,3.3575528,2053
13978,r6i1p1f1,2053,04,09,5.680119140943708,14.134236,3.4073122,2053
13979,r6i1p1f1,2053,04,10,9.128979490392794,11.614897,2.582856,2053
13980,r6i1p1f1,2053,04,11,20.974313276943704,10.317673,-3.5696363,2053
13981,r6i1p1f1,2053,04,12,4.6969919887484375,12.559137,0.28630903,2053
13982,r6i1p1f1,2053,04,13,0.0,15.937776,5.53605,2053
13983,r6i1p1f1,2053,04,14,3.775634943823624,13.023671,0.7560427,2053
13984,r6i1p1f1,2053,04,15,7.904605205482622,10.964798,2.1483848,2053
13985,r6i1p1f1,2053,04,16,3.727626105549771,13.926188,-2.181267,2053
13986,r6i1p1f1,2053,04,17,0.14132168509613274,16.541538,-0.48085722,2053
13987,r6i1p1f1,2053,04,18,20.468240301958513,12.822022,0.4925598,2053
13988,r6i1p1f1,2053,04,19,7.941849622978117,9.579978,0.4364939,2053
13989,r6i1p1f1,2053,04,20,0.6664476052556848,14.026791,0.012662642,2053
13990,r6i1p1f1,2053,04,21,0.0,14.513049,-2.7452505,2053
13991,r6i1p1f1,2053,04,22,0.0,17.233938,-1.5920151,2053
13992,r6i1p1f1,2053,04,23,0.0,19.896889,1.8630313,2053
13993,r6i1p1f1,2053,04,24,0.0,21.469955,3.3166869,2053
13994,r6i1p1f1,2053,04,25,0.0,21.7134,3.681243,2053
13995,r6i1p1f1,2053,04,26,0.35726831327373004,17.974777,0.6509204,2053
13996,r6i1p1f1,2053,04,27,0.037338852513749694,11.760681,-0.1945061,2053
13997,r6i1p1f1,2053,04,28,0.2447157431639471,9.417529,-0.5088356,2053
13998,r6i1p1f1,2053,04,29,0.014419172189052464,15.615884,-2.142781,2053
13999,r6i1p1f1,2053,04,30,0.1442066036934932,15.626828,-0.15862426,2053
14000,r6i1p1f1,2053,05,01,2.1430570695229654,13.963475,-3.45522,2053
14001,r6i1p1f1,2053,05,02,0.7211405828566291,9.204972,-6.8840218,2053
14002,r6i1p1f1,2053,05,03,0.37404301721703287,10.994736,-1.8185098,2053
14003,r6i1p1f1,2053,05,04,0.0,16.364841,1.0621578,2053
14004,r6i1p1f1,2053,05,05,0.11989992204443803,17.991755,-0.39659595,2053
14005,r6i1p1f1,2053,05,06,0.06894815577618939,17.872358,3.9229958,2053
14006,r6i1p1f1,2053,05,07,1.4287843379192569,16.536581,-0.020688456,2053
14007,r6i1p1f1,2053,05,08,0.7023248421103466,20.419186,0.6296703,2053
14008,r6i1p1f1,2053,05,09,0.0,26.287634,6.9758124,2053
14009,r6i1p1f1,2053,05,10,0.0,30.640955,9.200544,2053
14010,r6i1p1f1,2053,05,11,0.0,30.145765,11.402555,2053
14011,r6i1p1f1,2053,05,12,0.7103905090700996,26.492935,8.479335,2053
14012,r6i1p1f1,2053,05,13,3.9619901220203513,20.346478,2.1823049,2053
14013,r6i1p1f1,2053,05,14,1.1913443366755574,14.809103,0.001172945,2053
14014,r6i1p1f1,2053,05,15,0.0,21.01779,4.469912,2053
14015,r6i1p1f1,2053,05,16,0.0,23.614445,2.9789069,2053
14016,r6i1p1f1,2053,05,17,0.0,24.467936,7.9723716,2053
14017,r6i1p1f1,2053,05,18,0.0,25.893606,8.016693,2053
14018,r6i1p1f1,2053,05,19,0.736961464998849,23.442116,3.7160337,2053
14019,r6i1p1f1,2053,05,20,0.0,26.95728,6.3049455,2053
14020,r6i1p1f1,2053,05,21,0.0006115368767385135,29.185024,9.096788,2053
14021,r6i1p1f1,2053,05,22,3.8070694150224007,24.599424,6.097047,2053
14022,r6i1p1f1,2053,05,23,0.73726424363448,15.853767,3.9876187,2053
14023,r6i1p1f1,2053,05,24,0.47995580453708364,13.925635,2.7446814,2053
14024,r6i1p1f1,2053,05,25,9.83344884193784,11.753025,2.8045106,2053
14025,r6i1p1f1,2053,05,26,0.6713054876393275,14.065512,-1.8279724,2053
14026,r6i1p1f1,2053,05,27,0.004899809999368539,17.947866,0.31336668,2053
14027,r6i1p1f1,2053,05,28,0.1930879531750289,17.978258,1.0927578,2053
14028,r6i1p1f1,2053,05,29,0.32465440520401756,20.580667,5.9814005,2053
14029,r6i1p1f1,2053,05,30,0.0,28.478134,8.50828,2053
14030,r6i1p1f1,2053,05,31,0.13928300893997683,29.800817,7.5314054,2053
14031,r6i1p1f1,2053,06,01,0.0,29.670576,10.706774,2053
14032,r6i1p1f1,2053,06,02,0.0012019096439647554,29.598757,9.954056,2053
14033,r6i1p1f1,2053,06,03,0.0,28.851122,10.236605,2053
14034,r6i1p1f1,2053,06,04,0.0,25.553228,6.927471,2053
14035,r6i1p1f1,2053,06,05,0.0,27.428114,7.9849834,2053
14036,r6i1p1f1,2053,06,06,0.14362182606430748,27.40435,7.6099367,2053
14037,r6i1p1f1,2053,06,07,6.037563145468705,19.759747,2.3773472,2053
14038,r6i1p1f1,2053,06,08,0.0,17.93003,5.293381,2053
14039,r6i1p1f1,2053,06,09,0.07718740324175868,18.081818,7.4731364,2053
14040,r6i1p1f1,2053,06,10,0.002246742774937429,17.20655,2.1665537,2053
14041,r6i1p1f1,2053,06,11,0.0,21.512249,2.6484165,2053
14042,r6i1p1f1,2053,06,12,0.0,24.446188,5.418514,2053
14043,r6i1p1f1,2053,06,13,0.0,29.149252,9.520279,2053
14044,r6i1p1f1,2053,06,14,0.0,31.555138,11.70729,2053
14045,r6i1p1f1,2053,06,15,0.0,33.368362,13.526582,2053
14046,r6i1p1f1,2053,06,16,0.0,32.542282,12.620744,2053
14047,r6i1p1f1,2053,06,17,0.00871791148295438,22.253258,7.97008,2053
14048,r6i1p1f1,2053,06,18,0.07479572123052564,23.568708,6.1568804,2053
14049,r6i1p1f1,2053,06,19,0.0,28.560108,8.252933,2053
14050,r6i1p1f1,2053,06,20,0.0,31.582119,13.358596,2053
14051,r6i1p1f1,2053,06,21,0.0,32.8437,13.995762,2053
14052,r6i1p1f1,2053,06,22,0.10914657163797109,32.29821,12.311017,2053
14053,r6i1p1f1,2053,06,23,0.1726364257778325,27.046938,5.8176527,2053
14054,r6i1p1f1,2053,06,24,1.5954459602622404,21.238134,3.7094352,2053
14055,r6i1p1f1,2053,06,25,0.07295509789165694,20.165314,5.6501746,2053
14056,r6i1p1f1,2053,06,26,0.04804193401140002,21.905031,7.0153284,2053
14057,r6i1p1f1,2053,06,27,2.1218612418283347,22.688532,3.5577888,2053
14058,r6i1p1f1,2053,06,28,1.0835064296975858,24.141113,4.163836,2053
14059,r6i1p1f1,2053,06,29,0.0,30.188522,10.5751915,2053
14060,r6i1p1f1,2053,06,30,0.0,33.53456,13.985767,2053
14061,r6i1p1f1,2053,07,01,0.00022610155805817967,33.257298,10.963369,2053
14062,r6i1p1f1,2053,07,02,0.0,30.995358,9.596113,2053
14063,r6i1p1f1,2053,07,03,0.0,32.43125,10.346561,2053
14064,r6i1p1f1,2053,07,04,0.0,33.686493,11.186605,2053
14065,r6i1p1f1,2053,07,05,0.0,34.270992,12.506502,2053
14066,r6i1p1f1,2053,07,06,0.0,33.687576,11.776568,2053
14067,r6i1p1f1,2053,07,07,0.0,32.894627,11.097046,2053
14068,r6i1p1f1,2053,07,08,0.0,32.296635,10.691463,2053
14069,r6i1p1f1,2053,07,09,0.0,27.223589,9.386797,2053
14070,r6i1p1f1,2053,07,10,0.0,27.243778,8.123018,2053
14071,r6i1p1f1,2053,07,11,0.0,28.980186,9.09275,2053
14072,r6i1p1f1,2053,07,12,0.0,32.774136,12.516064,2053
14073,r6i1p1f1,2053,07,13,0.0,34.59405,12.64337,2053
14074,r6i1p1f1,2053,07,14,0.0,35.087044,13.168275,2053
14075,r6i1p1f1,2053,07,15,0.0,34.620647,12.630075,2053
14076,r6i1p1f1,2053,07,16,0.0,34.223145,12.309996,2053
14077,r6i1p1f1,2053,07,17,0.010365767320034401,35.33498,14.676712,2053
14078,r6i1p1f1,2053,07,18,0.010558057890384633,35.394276,13.678735,2053
14079,r6i1p1f1,2053,07,19,0.008185493870579699,34.262108,13.576413,2053
14080,r6i1p1f1,2053,07,20,0.7837815505047985,33.19725,15.04439,2053
14081,r6i1p1f1,2053,07,21,0.0779745760452014,33.57807,12.425284,2053
14082,r6i1p1f1,2053,07,22,0.0,35.959965,15.397788,2053
14083,r6i1p1f1,2053,07,23,0.0,35.71562,15.7440605,2053
14084,r6i1p1f1,2053,07,24,0.1393475780627971,34.184025,14.378497,2053
14085,r6i1p1f1,2053,07,25,0.4838045883342563,31.8595,12.383545,2053
14086,r6i1p1f1,2053,07,26,0.02548947461439224,32.09181,13.068362,2053
14087,r6i1p1f1,2053,07,27,0.06558761141376937,32.35578,12.512223,2053
14088,r6i1p1f1,2053,07,28,2.5655935847013738,29.95475,10.432447,2053
14089,r6i1p1f1,2053,07,29,2.20253397441618,27.799698,9.085961,2053
14090,r6i1p1f1,2053,07,30,0.0,32.196316,12.446096,2053
14091,r6i1p1f1,2053,07,31,0.0,33.335777,13.370615,2053
14092,r6i1p1f1,2053,08,01,0.011306209947026864,32.310596,12.405023,2053
14093,r6i1p1f1,2053,08,02,0.011810259205373307,32.553905,12.580477,2053
14094,r6i1p1f1,2053,08,03,0.0,32.41922,12.123785,2053
14095,r6i1p1f1,2053,08,04,0.0,32.41424,13.139749,2053
14096,r6i1p1f1,2053,08,05,0.0,34.677982,13.7169695,2053
14097,r6i1p1f1,2053,08,06,0.0,35.98348,14.943954,2053
14098,r6i1p1f1,2053,08,07,0.0,36.057514,15.671804,2053
14099,r6i1p1f1,2053,08,08,0.0,36.106796,16.334612,2053
14100,r6i1p1f1,2053,08,09,0.0,35.989304,16.456724,2053
14101,r6i1p1f1,2053,08,10,0.0,35.617096,15.976727,2053
14102,r6i1p1f1,2053,08,11,0.0,33.88905,14.679206,2053
14103,r6i1p1f1,2053,08,12,0.0,32.38959,12.862758,2053
14104,r6i1p1f1,2053,08,13,0.0,32.50771,12.639326,2053
14105,r6i1p1f1,2053,08,14,0.0,32.304962,12.198491,2053
14106,r6i1p1f1,2053,08,15,0.0,32.314278,12.470209,2053
14107,r6i1p1f1,2053,08,16,0.002562293788679004,32.818363,13.048222,2053
14108,r6i1p1f1,2053,08,17,0.0,32.89841,13.082145,2053
14109,r6i1p1f1,2053,08,18,0.0,32.81787,12.571296,2053
14110,r6i1p1f1,2053,08,19,0.0,32.66775,12.473593,2053
14111,r6i1p1f1,2053,08,20,0.0,32.526806,12.776843,2053
14112,r6i1p1f1,2053,08,21,0.0,31.699217,12.014107,2053
14113,r6i1p1f1,2053,08,22,0.0,31.622988,11.723619,2053
14114,r6i1p1f1,2053,08,23,0.0,32.056305,10.94546,2053
14115,r6i1p1f1,2053,08,24,0.0,34.87678,12.902924,2053
14116,r6i1p1f1,2053,08,25,0.0,34.64977,12.220447,2053
14117,r6i1p1f1,2053,08,26,0.0,31.088434,10.133261,2053
14118,r6i1p1f1,2053,08,27,0.0,28.450695,7.913037,2053
14119,r6i1p1f1,2053,08,28,0.0,27.530323,7.5038977,2053
14120,r6i1p1f1,2053,08,29,0.0,26.857563,6.953032,2053
14121,r6i1p1f1,2053,08,30,0.0,27.049772,6.2141485,2053
14122,r6i1p1f1,2053,08,31,0.005047237089929248,24.934925,3.0100527,2053
14123,r6i1p1f1,2053,09,01,0.48157489123571556,22.23498,4.942578,2053
14124,r6i1p1f1,2053,09,02,0.0,27.182394,8.174387,2053
14125,r6i1p1f1,2053,09,03,2.304417130918477,27.43383,9.784249,2053
14126,r6i1p1f1,2053,09,04,1.6842575454091941,23.9625,5.1237526,2053
14127,r6i1p1f1,2053,09,05,0.17111927649971145,25.563976,7.383857,2053
14128,r6i1p1f1,2053,09,06,0.7108665909058346,24.56608,7.4437127,2053
14129,r6i1p1f1,2053,09,07,0.004860561743367688,29.839495,8.565193,2053
14130,r6i1p1f1,2053,09,08,0.0,31.678469,8.456641,2053
14131,r6i1p1f1,2053,09,09,0.0,31.210516,11.343821,2053
14132,r6i1p1f1,2053,09,10,0.0,29.617414,10.895576,2053
14133,r6i1p1f1,2053,09,11,0.0,31.366022,10.384018,2053
14134,r6i1p1f1,2053,09,12,0.0,33.275543,11.171772,2053
14135,r6i1p1f1,2053,09,13,0.0,33.613937,12.404092,2053
14136,r6i1p1f1,2053,09,14,0.0,34.16694,12.9842205,2053
14137,r6i1p1f1,2053,09,15,0.0,34.246387,13.739643,2053
14138,r6i1p1f1,2053,09,16,0.0022324713867631573,33.572758,14.53816,2053
14139,r6i1p1f1,2053,09,17,0.09474134000088487,31.707296,11.972193,2053
14140,r6i1p1f1,2053,09,18,3.535187951352536,24.208775,6.1841617,2053
14141,r6i1p1f1,2053,09,19,2.92045091963108,18.047935,4.1561556,2053
14142,r6i1p1f1,2053,09,20,0.017656948549661117,26.862375,6.9246235,2053
14143,r6i1p1f1,2053,09,21,0.0,29.644909,9.818812,2053
14144,r6i1p1f1,2053,09,22,3.132220848629232,26.238897,7.6307445,2053
14145,r6i1p1f1,2053,09,23,7.27381111041594,21.141026,3.8420167,2053
14146,r6i1p1f1,2053,09,24,2.4618917062963215,21.780306,4.344493,2053
14147,r6i1p1f1,2053,09,25,0.0,29.311073,9.724103,2053
14148,r6i1p1f1,2053,09,26,0.0,29.535793,9.581727,2053
14149,r6i1p1f1,2053,09,27,0.0,29.886433,11.941353,2053
14150,r6i1p1f1,2053,09,28,0.0,29.570559,10.919571,2053
14151,r6i1p1f1,2053,09,29,0.14807607552119054,29.778584,12.986453,2053
14152,r6i1p1f1,2053,09,30,0.0,29.335178,11.558496,2053
14153,r6i1p1f1,2053,10,01,0.0,30.323357,9.759008,2053
14154,r6i1p1f1,2053,10,02,0.0,30.086815,8.847009,2053
14155,r6i1p1f1,2053,10,03,0.0,29.397392,10.08117,2053
14156,r6i1p1f1,2053,10,04,0.0,30.002714,9.026511,2053
14157,r6i1p1f1,2053,10,05,0.0,30.55993,9.583248,2053
14158,r6i1p1f1,2053,10,06,0.0,30.558874,10.183084,2053
14159,r6i1p1f1,2053,10,07,11.193192451718106,19.675877,-0.7928795,2053
14160,r6i1p1f1,2053,10,08,0.30538360724458,6.9237785,-4.0261025,2053
14161,r6i1p1f1,2053,10,09,0.0,13.017122,-4.1374183,2053
14162,r6i1p1f1,2053,10,10,0.0,18.287289,-0.9695983,2053
14163,r6i1p1f1,2053,10,11,0.0,20.241863,1.2316513,2053
14164,r6i1p1f1,2053,10,12,0.0,21.186644,2.8232024,2053
14165,r6i1p1f1,2053,10,13,0.0,21.928135,4.550537,2053
14166,r6i1p1f1,2053,10,14,0.0,22.710697,2.252941,2053
14167,r6i1p1f1,2053,10,15,0.0,22.685278,3.208344,2053
14168,r6i1p1f1,2053,10,16,0.0,21.214571,4.7109613,2053
14169,r6i1p1f1,2053,10,17,0.0,21.181267,5.191685,2053
14170,r6i1p1f1,2053,10,18,0.0,22.059221,5.635641,2053
14171,r6i1p1f1,2053,10,19,0.19480947619824227,22.210283,4.632619,2053
14172,r6i1p1f1,2053,10,20,1.7833184890317466,14.858092,3.8626337,2053
14173,r6i1p1f1,2053,10,21,0.0278240916262446,16.29608,1.9489584,2053
14174,r6i1p1f1,2053,10,22,0.0,19.968683,1.056307,2053
14175,r6i1p1f1,2053,10,23,0.0,24.792158,4.4575205,2053
14176,r6i1p1f1,2053,10,24,0.0,26.413277,6.584781,2053
14177,r6i1p1f1,2053,10,25,0.0,25.250647,6.393906,2053
14178,r6i1p1f1,2053,10,26,0.0,22.257479,6.0262694,2053
14179,r6i1p1f1,2053,10,27,0.0,24.268234,5.602478,2053
14180,r6i1p1f1,2053,10,28,0.0,26.293768,6.9773903,2053
14181,r6i1p1f1,2053,10,29,0.0,26.44982,6.683808,2053
14182,r6i1p1f1,2053,10,30,0.0,26.254677,5.977792,2053
14183,r6i1p1f1,2053,10,31,0.0,25.30726,6.2152853,2053
14184,r6i1p1f1,2053,11,01,0.0,25.335808,6.3212323,2053
14185,r6i1p1f1,2053,11,02,0.0,22.753963,6.671107,2053
14186,r6i1p1f1,2053,11,03,0.0,23.645021,4.8195558,2053
14187,r6i1p1f1,2053,11,04,0.0,23.566957,5.7063246,2053
14188,r6i1p1f1,2053,11,05,0.0,22.922964,4.4843645,2053
14189,r6i1p1f1,2053,11,06,0.002458695582234122,20.214735,0.61978644,2053
14190,r6i1p1f1,2053,11,07,0.0,15.923247,-3.3518815,2053
14191,r6i1p1f1,2053,11,08,1.210865246246526,12.007681,-1.8541803,2053
14192,r6i1p1f1,2053,11,09,14.529405166498684,7.652162,2.0822475,2053
14193,r6i1p1f1,2053,11,10,1.0021043207018738,11.88562,1.8746166,2053
14194,r6i1p1f1,2053,11,11,0.0,12.472959,-4.3759766,2053
14195,r6i1p1f1,2053,11,12,0.0,13.793454,-3.1922271,2053
14196,r6i1p1f1,2053,11,13,0.0,13.261835,-4.165768,2053
14197,r6i1p1f1,2053,11,14,0.0,11.303594,-1.2325737,2053
14198,r6i1p1f1,2053,11,15,0.0,13.2447,-0.58808047,2053
14199,r6i1p1f1,2053,11,16,0.0,15.144597,-3.6052814,2053
14200,r6i1p1f1,2053,11,17,0.0,15.555349,-2.275331,2053
14201,r6i1p1f1,2053,11,18,0.001224231333056199,15.825272,-1.7207513,2053
14202,r6i1p1f1,2053,11,19,1.5282386856358765,7.017181,-0.33572632,2053
14203,r6i1p1f1,2053,11,20,4.624203145285214,3.8644676,-2.7317643,2053
14204,r6i1p1f1,2053,11,21,4.034934000336952,3.7744205,-3.0319126,2053
14205,r6i1p1f1,2053,11,22,0.43903544826338997,6.481932,-4.8691387,2053
14206,r6i1p1f1,2053,11,23,2.434237859108179,6.799009,-5.434283,2053
14207,r6i1p1f1,2053,11,24,0.0,5.114,-7.835345,2053
14208,r6i1p1f1,2053,11,25,1.637349123578953,5.569606,-3.1896806,2053
14209,r6i1p1f1,2053,11,26,16.62592508874233,6.6800165,-0.25320253,2053
14210,r6i1p1f1,2053,11,27,8.6279502106545,7.3056436,0.6211325,2053
14211,r6i1p1f1,2053,11,28,0.0017277023056024245,12.851051,-3.282701,2053
14212,r6i1p1f1,2053,11,29,0.034702622681609264,12.480796,-1.0867115,2053
14213,r6i1p1f1,2053,11,30,0.005882302055267029,10.652059,2.0450983,2053
14214,r6i1p1f1,2053,12,01,0.0006159440117635785,11.794019,4.4319224,2053
14215,r6i1p1f1,2053,12,02,0.0007490013627248818,12.196039,3.9910455,2053
14216,r6i1p1f1,2053,12,03,0.24736262294503636,10.390175,-1.7260181,2053
14217,r6i1p1f1,2053,12,04,5.073406988482605,10.024021,4.3227034,2053
14218,r6i1p1f1,2053,12,05,0.0,13.984897,0.12524106,2053
14219,r6i1p1f1,2053,12,06,0.0,13.8105135,0.27290505,2053
14220,r6i1p1f1,2053,12,07,0.0,13.393826,0.4621644,2053
14221,r6i1p1f1,2053,12,08,8.79095496897361,9.40887,0.13112159,2053
14222,r6i1p1f1,2053,12,09,6.9925409089223045,10.401615,4.4699607,2053
14223,r6i1p1f1,2053,12,10,0.0,16.455456,0.59855473,2053
14224,r6i1p1f1,2053,12,11,0.008843350756380128,14.419073,2.0904174,2053
14225,r6i1p1f1,2053,12,12,2.884430906770111,9.706098,-2.0263367,2053
14226,r6i1p1f1,2053,12,13,0.0,5.1968813,-6.6327124,2053
14227,r6i1p1f1,2053,12,14,0.0,6.7440786,-7.650613,2053
14228,r6i1p1f1,2053,12,15,0.0,9.921091,-4.604887,2053
14229,r6i1p1f1,2053,12,16,0.0,12.029211,-0.5749781,2053
14230,r6i1p1f1,2053,12,17,0.0,12.1862545,-1.1869664,2053
14231,r6i1p1f1,2053,12,18,0.0,14.6779585,-0.07123586,2053
14232,r6i1p1f1,2053,12,19,0.0,11.956577,2.8693612,2053
14233,r6i1p1f1,2053,12,20,3.841717630692055,8.00397,0.39825135,2053
14234,r6i1p1f1,2053,12,21,4.685364757929376,7.877833,-0.41156936,2053
14235,r6i1p1f1,2053,12,22,0.5660213517414434,10.563234,3.2393968,2053
14236,r6i1p1f1,2053,12,23,0.031716763318913224,13.632481,4.5262275,2053
14237,r6i1p1f1,2053,12,24,0.0,13.961421,5.8472114,2053
14238,r6i1p1f1,2053,12,25,9.474661519050205,10.470154,2.2854621,2053
14239,r6i1p1f1,2053,12,26,18.570037948344535,10.849396,2.3865037,2053
14240,r6i1p1f1,2053,12,27,72.08595677426524,12.844967,5.2820325,2053
14241,r6i1p1f1,2053,12,28,16.815262898633097,11.518143,4.89495,2053
14242,r6i1p1f1,2053,12,29,13.69022660092923,9.534177,3.2569406,2053
14243,r6i1p1f1,2053,12,30,6.053877223634849,9.78249,1.6343143,2053
14244,r6i1p1f1,2053,12,31,0.0,11.642719,-1.2718937,2053
14245,r6i1p1f1,2054,01,01,0.0,13.713619,1.0123116,2054
14246,r6i1p1f1,2054,01,02,0.0,12.799918,1.5937861,2054
14247,r6i1p1f1,2054,01,03,0.0,14.110453,1.6420828,2054
14248,r6i1p1f1,2054,01,04,0.0,14.720982,1.0767375,2054
14249,r6i1p1f1,2054,01,05,0.2255675329297179,10.19262,-0.6678971,2054
14250,r6i1p1f1,2054,01,06,1.0574075398704457,4.956625,-5.8720207,2054
14251,r6i1p1f1,2054,01,07,0.13088993265840057,2.963071,-7.830695,2054
14252,r6i1p1f1,2054,01,08,1.3947921500844893,0.7842397,-6.591488,2054
14253,r6i1p1f1,2054,01,09,0.014338770418744963,0.9698648,-5.19209,2054
14254,r6i1p1f1,2054,01,10,8.982951300303743,2.2976806,-5.776319,2054
14255,r6i1p1f1,2054,01,11,0.02105347784545778,4.598093,-4.301941,2054
14256,r6i1p1f1,2054,01,12,2.368955265883903,2.898581,-3.5481036,2054
14257,r6i1p1f1,2054,01,13,0.0,5.9007206,-7.642915,2054
14258,r6i1p1f1,2054,01,14,3.6400405720824707,2.7160187,-4.7387266,2054
14259,r6i1p1f1,2054,01,15,0.02745912096383252,7.3424735,-4.6607223,2054
14260,r6i1p1f1,2054,01,16,0.0,7.9563456,-6.683435,2054
14261,r6i1p1f1,2054,01,17,28.8375285553119,4.689758,-6.697277,2054
14262,r6i1p1f1,2054,01,18,19.95103464529046,3.8690326,-1.7383131,2054
14263,r6i1p1f1,2054,01,19,0.0,6.944043,-1.6099695,2054
14264,r6i1p1f1,2054,01,20,0.0,6.2334614,-5.3493786,2054
14265,r6i1p1f1,2054,01,21,0.0,11.574263,-2.9487548,2054
14266,r6i1p1f1,2054,01,22,0.0,11.714052,-4.3310537,2054
14267,r6i1p1f1,2054,01,23,0.0,12.7673,-2.6376429,2054
14268,r6i1p1f1,2054,01,24,0.0,13.8539505,-0.9365717,2054
14269,r6i1p1f1,2054,01,25,0.0,14.505973,-1.1263051,2054
14270,r6i1p1f1,2054,01,26,0.008276226929433615,12.795176,-0.6055419,2054
14271,r6i1p1f1,2054,01,27,0.0,9.236489,-1.5995393,2054
14272,r6i1p1f1,2054,01,28,0.007602283705747922,6.798631,-4.836363,2054
14273,r6i1p1f1,2054,01,29,6.925079629258922,2.6011302,-3.4100544,2054
14274,r6i1p1f1,2054,01,30,6.654016010529176,4.8688912,-3.512461,2054
14275,r6i1p1f1,2054,01,31,0.0,6.667593,-5.6813626,2054
14276,r6i1p1f1,2054,02,01,0.0,11.1005125,-4.98249,2054
14277,r6i1p1f1,2054,02,02,0.0,12.420332,-1.8678242,2054
14278,r6i1p1f1,2054,02,03,0.007168460583128819,10.33592,0.76140517,2054
14279,r6i1p1f1,2054,02,04,0.0,9.519935,-3.5396185,2054
14280,r6i1p1f1,2054,02,05,0.05446716554802854,6.1311264,-4.1231117,2054
14281,r6i1p1f1,2054,02,06,0.0,5.6285005,-4.8590097,2054
14282,r6i1p1f1,2054,02,07,0.0,5.426473,-8.45799,2054
14283,r6i1p1f1,2054,02,08,3.2209594351214488,1.616931,-6.0071044,2054
14284,r6i1p1f1,2054,02,09,0.0,3.234817,-9.885375,2054
14285,r6i1p1f1,2054,02,10,0.0,1.8663723,-13.126714,2054
14286,r6i1p1f1,2054,02,11,0.01196222585941531,6.70962,-7.7915397,2054
14287,r6i1p1f1,2054,02,12,0.21123579883253146,7.508139,-4.9251184,2054
14288,r6i1p1f1,2054,02,13,4.0325657433945326,5.531239,-2.798616,2054
14289,r6i1p1f1,2054,02,14,11.657944130311472,1.9640708,-3.144187,2054
14290,r6i1p1f1,2054,02,15,13.441125982846797,2.1624055,-5.6346464,2054
14291,r6i1p1f1,2054,02,16,0.004558025231316236,6.4171753,-8.36036,2054
14292,r6i1p1f1,2054,02,17,0.0,9.682399,-2.2171392,2054
14293,r6i1p1f1,2054,02,18,0.0,9.247,-0.9791129,2054
14294,r6i1p1f1,2054,02,19,0.026082915978631955,9.387853,-0.12291508,2054
14295,r6i1p1f1,2054,02,20,0.0512217480385898,9.984826,-0.50538903,2054
14296,r6i1p1f1,2054,02,21,0.269870632989268,13.9773,-0.3118125,2054
14297,r6i1p1f1,2054,02,22,0.7854004726476207,14.017237,1.0026914,2054
14298,r6i1p1f1,2054,02,23,50.89608479834638,11.827178,-1.0173644,2054
14299,r6i1p1f1,2054,02,24,0.22990526343000373,7.3846393,-2.8571193,2054
14300,r6i1p1f1,2054,02,25,0.0,12.579836,-2.6573372,2054
14301,r6i1p1f1,2054,02,26,28.161106915129015,10.11032,-1.5248429,2054
14302,r6i1p1f1,2054,02,27,40.38851438855678,8.929673,0.3834965,2054
14303,r6i1p1f1,2054,02,28,19.85464214668942,11.0231085,1.173296,2054
14304,r6i1p1f1,2054,03,01,25.313899899317683,8.3889065,-2.6187825,2054
14305,r6i1p1f1,2054,03,02,42.05543064370826,9.574473,-1.6519194,2054
14306,r6i1p1f1,2054,03,03,2.4837751403250508,3.4896388,-6.260041,2054
14307,r6i1p1f1,2054,03,04,7.21352982413751,3.3748956,-6.9247627,2054
14308,r6i1p1f1,2054,03,05,0.040994659569547974,5.293191,-3.480928,2054
14309,r6i1p1f1,2054,03,06,9.570103677237434,6.474386,-2.8687794,2054
14310,r6i1p1f1,2054,03,07,22.19867798339748,9.583285,-1.4751227,2054
14311,r6i1p1f1,2054,03,08,4.852936825116199,6.164708,-3.1047437,2054
14312,r6i1p1f1,2054,03,09,9.394094170716563,4.330081,-3.7977676,2054
14313,r6i1p1f1,2054,03,10,3.2884509198152374,1.354945,-9.213548,2054
14314,r6i1p1f1,2054,03,11,22.93369634315465,1.8804018,-5.6423993,2054
14315,r6i1p1f1,2054,03,12,0.034849745781270605,6.476785,-6.173681,2054
14316,r6i1p1f1,2054,03,13,0.0,7.7637086,-9.431323,2054
14317,r6i1p1f1,2054,03,14,4.806803966704818,3.1790056,-3.830524,2054
14318,r6i1p1f1,2054,03,15,0.0037101576078191843,5.5726404,-2.9827774,2054
14319,r6i1p1f1,2054,03,16,0.0,13.080609,-4.0561366,2054
14320,r6i1p1f1,2054,03,17,0.0,14.605009,0.14198415,2054
14321,r6i1p1f1,2054,03,18,3.377914759090721,12.523661,1.2076385,2054
14322,r6i1p1f1,2054,03,19,22.204278190189676,9.15042,-3.324454,2054
14323,r6i1p1f1,2054,03,20,16.395356087141632,5.6628733,-3.3367925,2054
14324,r6i1p1f1,2054,03,21,4.234958828120815,3.7494833,-4.0981994,2054
14325,r6i1p1f1,2054,03,22,6.709328825113256,1.6125683,-5.238688,2054
14326,r6i1p1f1,2054,03,23,2.3280749445975504,6.498972,-5.470151,2054
14327,r6i1p1f1,2054,03,24,0.011914229145975916,7.7574773,-5.203203,2054
14328,r6i1p1f1,2054,03,25,0.0,12.397413,-5.243856,2054
14329,r6i1p1f1,2054,03,26,0.0016592790343410314,14.277936,-2.3803403,2054
14330,r6i1p1f1,2054,03,27,0.16560466851971464,11.742767,-1.0320721,2054
14331,r6i1p1f1,2054,03,28,0.02291349233799183,13.132773,-0.059465043,2054
14332,r6i1p1f1,2054,03,29,0.06074328155096651,18.388844,2.1227815,2054
14333,r6i1p1f1,2054,03,30,0.0,20.354826,2.8581233,2054
14334,r6i1p1f1,2054,03,31,0.0014033943033522817,19.882597,1.8844169,2054
14335,r6i1p1f1,2054,04,01,7.0467830480397184,12.702097,-1.7674077,2054
14336,r6i1p1f1,2054,04,02,3.311995039395822,13.024214,2.92562,2054
14337,r6i1p1f1,2054,04,03,7.544667881530187,13.381187,4.6494374,2054
14338,r6i1p1f1,2054,04,04,3.1227133103976046,18.09891,3.468456,2054
14339,r6i1p1f1,2054,04,05,0.13937387295731798,22.152758,5.3548803,2054
14340,r6i1p1f1,2054,04,06,0.0,22.903255,3.8952262,2054
14341,r6i1p1f1,2054,04,07,0.0,19.843716,3.3342938,2054
14342,r6i1p1f1,2054,04,08,0.0,18.176098,1.4420422,2054
14343,r6i1p1f1,2054,04,09,0.0,20.92907,2.2011395,2054
14344,r6i1p1f1,2054,04,10,0.46069464859510867,19.699343,3.101659,2054
14345,r6i1p1f1,2054,04,11,1.7060241705118964,13.222903,-2.5843947,2054
14346,r6i1p1f1,2054,04,12,1.1382205207492362,8.482695,-7.9339395,2054
14347,r6i1p1f1,2054,04,13,0.12427315240277138,11.25899,-4.231948,2054
14348,r6i1p1f1,2054,04,14,0.0,17.62514,-2.430647,2054
14349,r6i1p1f1,2054,04,15,0.0,16.414236,-0.23210646,2054
14350,r6i1p1f1,2054,04,16,0.00517486837061141,13.36464,0.26188353,2054
14351,r6i1p1f1,2054,04,17,0.037036583058314296,14.440953,-0.7543062,2054
14352,r6i1p1f1,2054,04,18,0.0069043585627457625,15.603052,-1.1802788,2054
14353,r6i1p1f1,2054,04,19,8.668033872606246,8.455299,-0.46464568,2054
14354,r6i1p1f1,2054,04,20,11.608604373718563,7.985874,-0.02712507,2054
14355,r6i1p1f1,2054,04,21,0.0,17.37567,0.59200424,2054
14356,r6i1p1f1,2054,04,22,0.0,23.3275,4.729016,2054
14357,r6i1p1f1,2054,04,23,0.0,27.600021,8.498295,2054
14358,r6i1p1f1,2054,04,24,0.0,26.855684,8.072529,2054
14359,r6i1p1f1,2054,04,25,0.0002718906720701002,22.748919,5.7517104,2054
14360,r6i1p1f1,2054,04,26,0.0,23.968683,4.7366104,2054
14361,r6i1p1f1,2054,04,27,0.0,24.13072,6.101599,2054
14362,r6i1p1f1,2054,04,28,0.7154796108847065,17.712278,3.4235682,2054
14363,r6i1p1f1,2054,04,29,0.8364829885677649,21.157713,2.150049,2054
14364,r6i1p1f1,2054,04,30,10.323655049429112,16.7783,-0.6278784,2054
14365,r6i1p1f1,2054,05,01,1.7979988091127537,15.787138,1.7408693,2054
14366,r6i1p1f1,2054,05,02,0.6522467327642821,20.82404,4.1294427,2054
14367,r6i1p1f1,2054,05,03,0.0,21.630829,2.9449382,2054
14368,r6i1p1f1,2054,05,04,0.0,21.850088,2.855222,2054
14369,r6i1p1f1,2054,05,05,0.0,22.798264,5.9684963,2054
14370,r6i1p1f1,2054,05,06,0.0,26.119972,7.7542114,2054
14371,r6i1p1f1,2054,05,07,0.0,26.340117,7.6889133,2054
14372,r6i1p1f1,2054,05,08,1.1833230810042585,21.937838,2.4744842,2054
14373,r6i1p1f1,2054,05,09,0.1619957189277649,26.312176,7.6317997,2054
14374,r6i1p1f1,2054,05,10,0.5852814777014129,27.555485,9.331223,2054
14375,r6i1p1f1,2054,05,11,0.0,27.711075,9.027816,2054
14376,r6i1p1f1,2054,05,12,0.0,26.752068,7.229587,2054
14377,r6i1p1f1,2054,05,13,0.0,24.158678,5.2491264,2054
14378,r6i1p1f1,2054,05,14,0.0,26.465034,6.937174,2054
14379,r6i1p1f1,2054,05,15,0.0,27.113989,10.396095,2054
14380,r6i1p1f1,2054,05,16,0.0,27.886997,6.052009,2054
14381,r6i1p1f1,2054,05,17,0.0,24.804298,5.025192,2054
14382,r6i1p1f1,2054,05,18,3.6083463748402433,17.474548,-0.12267806,2054
14383,r6i1p1f1,2054,05,19,0.0,17.113813,-1.062913,2054
14384,r6i1p1f1,2054,05,20,0.0,23.125046,2.4688995,2054
14385,r6i1p1f1,2054,05,21,0.0,27.357384,5.2547193,2054
14386,r6i1p1f1,2054,05,22,0.0,27.858473,9.740225,2054
14387,r6i1p1f1,2054,05,23,0.0,28.276464,6.981991,2054
14388,r6i1p1f1,2054,05,24,0.0,27.857971,8.970747,2054
14389,r6i1p1f1,2054,05,25,0.0,26.299171,6.127004,2054
14390,r6i1p1f1,2054,05,26,0.08775954366080185,25.788376,6.795763,2054
14391,r6i1p1f1,2054,05,27,0.0,26.217985,6.8344693,2054
14392,r6i1p1f1,2054,05,28,0.0,27.888374,8.451659,2054
14393,r6i1p1f1,2054,05,29,0.0,28.508724,8.967913,2054
14394,r6i1p1f1,2054,05,30,0.0,28.645277,9.057796,2054
14395,r6i1p1f1,2054,05,31,0.0,26.951439,7.9548717,2054
14396,r6i1p1f1,2054,06,01,0.0,25.96564,5.653972,2054
14397,r6i1p1f1,2054,06,02,0.03979147829478512,26.26084,6.1383166,2054
14398,r6i1p1f1,2054,06,03,0.01156715471026686,28.777296,10.566171,2054
14399,r6i1p1f1,2054,06,04,0.019561375864273218,29.056494,9.038503,2054
14400,r6i1p1f1,2054,06,05,0.6825213743181053,30.078207,10.405881,2054
14401,r6i1p1f1,2054,06,06,0.5813114645616249,29.73823,10.749733,2054
14402,r6i1p1f1,2054,06,07,1.5800828117746184,28.010834,9.250881,2054
14403,r6i1p1f1,2054,06,08,1.4767945215848517,27.263512,8.141233,2054
14404,r6i1p1f1,2054,06,09,3.055170025881113,27.224083,8.544405,2054
14405,r6i1p1f1,2054,06,10,0.10108632269122972,28.229689,9.991688,2054
14406,r6i1p1f1,2054,06,11,9.040652605517632,25.005726,7.164044,2054
14407,r6i1p1f1,2054,06,12,0.8679889534145291,27.953934,11.060402,2054
14408,r6i1p1f1,2054,06,13,1.4150632042222526,28.847713,11.287556,2054
14409,r6i1p1f1,2054,06,14,1.2423468604847516,30.464579,10.955501,2054
14410,r6i1p1f1,2054,06,15,0.9890663141564321,27.856224,15.534424,2054
14411,r6i1p1f1,2054,06,16,0.9246793731154905,26.715332,9.113958,2054
14412,r6i1p1f1,2054,06,17,0.0016482005028087966,30.46027,11.441482,2054
14413,r6i1p1f1,2054,06,18,0.05892515324203239,32.83396,13.007418,2054
14414,r6i1p1f1,2054,06,19,0.0,33.88436,13.481316,2054
14415,r6i1p1f1,2054,06,20,0.0,34.123337,15.058729,2054
14416,r6i1p1f1,2054,06,21,0.0962526371258699,34.792477,15.293684,2054
14417,r6i1p1f1,2054,06,22,0.0,34.799583,16.35466,2054
14418,r6i1p1f1,2054,06,23,2.5874954708380473,29.994108,11.38931,2054
14419,r6i1p1f1,2054,06,24,0.019659357844200583,28.741991,10.541437,2054
14420,r6i1p1f1,2054,06,25,1.0466367625891864,25.065239,5.2801256,2054
14421,r6i1p1f1,2054,06,26,0.06286045425587336,28.18567,9.33894,2054
14422,r6i1p1f1,2054,06,27,1.2655419841891944,28.360966,10.637167,2054
14423,r6i1p1f1,2054,06,28,0.3989773139200871,30.625225,13.533935,2054
14424,r6i1p1f1,2054,06,29,0.7272246438779968,30.952658,12.79135,2054
14425,r6i1p1f1,2054,06,30,0.3955843826365414,29.508835,12.454886,2054
14426,r6i1p1f1,2054,07,01,0.08171604513695921,31.762648,11.384259,2054
14427,r6i1p1f1,2054,07,02,0.0,36.256275,13.220747,2054
14428,r6i1p1f1,2054,07,03,0.0,37.118763,14.254593,2054
14429,r6i1p1f1,2054,07,04,0.0,35.769196,14.270019,2054
14430,r6i1p1f1,2054,07,05,0.0,34.626568,12.583181,2054
14431,r6i1p1f1,2054,07,06,0.0,31.606598,10.77987,2054
14432,r6i1p1f1,2054,07,07,0.0,30.747118,11.388654,2054
14433,r6i1p1f1,2054,07,08,0.0,32.592705,11.580844,2054
14434,r6i1p1f1,2054,07,09,0.0,33.526558,12.248833,2054
14435,r6i1p1f1,2054,07,10,0.0,33.458164,13.722046,2054
14436,r6i1p1f1,2054,07,11,0.0,33.358555,12.8017435,2054
14437,r6i1p1f1,2054,07,12,0.11372052260387325,33.54458,13.599735,2054
14438,r6i1p1f1,2054,07,13,0.0,33.172832,12.450958,2054
14439,r6i1p1f1,2054,07,14,0.16210043692114876,33.38596,13.034735,2054
14440,r6i1p1f1,2054,07,15,0.6098146144416461,32.465096,13.483722,2054
14441,r6i1p1f1,2054,07,16,0.5582423627974406,32.32965,14.000999,2054
14442,r6i1p1f1,2054,07,17,2.1680796068710793,31.141844,14.116012,2054
14443,r6i1p1f1,2054,07,18,3.6268768887520513,30.885288,14.430574,2054
14444,r6i1p1f1,2054,07,19,1.804455885060078,30.80442,13.356208,2054
14445,r6i1p1f1,2054,07,20,0.21511684013581012,29.464169,12.241342,2054
14446,r6i1p1f1,2054,07,21,3.2906608926426637,28.968267,14.6163225,2054
14447,r6i1p1f1,2054,07,22,1.7098544152938018,29.722542,12.422928,2054
14448,r6i1p1f1,2054,07,23,0.3360665347482662,31.994196,12.708387,2054
14449,r6i1p1f1,2054,07,24,0.0,33.476856,12.309723,2054
14450,r6i1p1f1,2054,07,25,0.0,34.8891,14.240956,2054
14451,r6i1p1f1,2054,07,26,0.0,35.26932,15.340872,2054
14452,r6i1p1f1,2054,07,27,0.0,35.34967,15.735221,2054
14453,r6i1p1f1,2054,07,28,0.0,35.84702,16.20942,2054
14454,r6i1p1f1,2054,07,29,0.0,35.425026,15.528208,2054
14455,r6i1p1f1,2054,07,30,0.008639025964659331,36.00076,14.863399,2054
14456,r6i1p1f1,2054,07,31,0.0,35.952827,14.237836,2054
14457,r6i1p1f1,2054,08,01,0.0,35.474167,14.377261,2054
14458,r6i1p1f1,2054,08,02,0.0,35.340614,13.957641,2054
14459,r6i1p1f1,2054,08,03,0.0,34.022324,13.95276,2054
14460,r6i1p1f1,2054,08,04,0.0,32.19828,12.112473,2054
14461,r6i1p1f1,2054,08,05,0.0,32.10915,11.828547,2054
14462,r6i1p1f1,2054,08,06,0.0,32.875954,13.119016,2054
14463,r6i1p1f1,2054,08,07,0.0,33.540848,13.524123,2054
14464,r6i1p1f1,2054,08,08,0.0,33.416916,12.722137,2054
14465,r6i1p1f1,2054,08,09,0.0,33.910183,13.595862,2054
14466,r6i1p1f1,2054,08,10,0.0,33.33316,13.408861,2054
14467,r6i1p1f1,2054,08,11,0.0,33.114594,13.823476,2054
14468,r6i1p1f1,2054,08,12,0.0,32.98822,12.950747,2054
14469,r6i1p1f1,2054,08,13,0.0,33.319828,12.584169,2054
14470,r6i1p1f1,2054,08,14,0.0,32.813484,12.180783,2054
14471,r6i1p1f1,2054,08,15,0.06017278918508424,32.384853,11.452977,2054
14472,r6i1p1f1,2054,08,16,0.0,32.40101,12.0510235,2054
14473,r6i1p1f1,2054,08,17,0.01524582107793964,32.04989,11.2475395,2054
14474,r6i1p1f1,2054,08,18,0.29586455064044936,29.86684,9.475797,2054
14475,r6i1p1f1,2054,08,19,0.04563266656953226,31.15523,11.901063,2054
14476,r6i1p1f1,2054,08,20,0.0,32.444096,11.804357,2054
14477,r6i1p1f1,2054,08,21,0.0,32.2237,11.604405,2054
14478,r6i1p1f1,2054,08,22,0.0,32.651142,11.7434,2054
14479,r6i1p1f1,2054,08,23,0.0,32.68488,12.73909,2054
14480,r6i1p1f1,2054,08,24,0.0,33.308086,13.248562,2054
14481,r6i1p1f1,2054,08,25,0.0,33.413403,12.382949,2054
14482,r6i1p1f1,2054,08,26,0.0,31.993296,11.335926,2054
14483,r6i1p1f1,2054,08,27,0.0,32.257584,11.261256,2054
14484,r6i1p1f1,2054,08,28,0.0,33.083138,11.405521,2054
14485,r6i1p1f1,2054,08,29,0.0,33.564495,11.560679,2054
14486,r6i1p1f1,2054,08,30,0.0,33.40391,11.38994,2054
14487,r6i1p1f1,2054,08,31,0.0,31.540749,9.120921,2054
14488,r6i1p1f1,2054,09,01,0.0,31.448042,9.72734,2054
14489,r6i1p1f1,2054,09,02,0.0,30.766008,11.411989,2054
14490,r6i1p1f1,2054,09,03,0.0,30.1383,10.493823,2054
14491,r6i1p1f1,2054,09,04,0.0,31.780937,10.718042,2054
14492,r6i1p1f1,2054,09,05,0.0,33.46472,12.4024315,2054
14493,r6i1p1f1,2054,09,06,0.0,34.910873,12.5418415,2054
14494,r6i1p1f1,2054,09,07,0.039147465939164156,33.72876,12.338154,2054
14495,r6i1p1f1,2054,09,08,0.006573902871940068,33.72729,12.056202,2054
14496,r6i1p1f1,2054,09,09,0.006971965896220552,33.355877,12.633713,2054
14497,r6i1p1f1,2054,09,10,0.005123491673477697,33.250614,10.893181,2054
14498,r6i1p1f1,2054,09,11,0.0,31.966923,9.968042,2054
14499,r6i1p1f1,2054,09,12,0.0,30.286865,8.943267,2054
14500,r6i1p1f1,2054,09,13,0.021692715379560565,26.547976,7.8751287,2054
14501,r6i1p1f1,2054,09,14,0.010629301428398389,21.33645,5.044596,2054
14502,r6i1p1f1,2054,09,15,0.0,20.574287,4.314652,2054
14503,r6i1p1f1,2054,09,16,0.16547086144650733,21.83448,2.486384,2054
14504,r6i1p1f1,2054,09,17,0.0,24.365131,3.8152893,2054
14505,r6i1p1f1,2054,09,18,2.3141433871956787,21.60928,2.800981,2054
14506,r6i1p1f1,2054,09,19,4.739281936743176,19.974045,2.400202,2054
14507,r6i1p1f1,2054,09,20,2.8373976775680507,20.80209,3.4082959,2054
14508,r6i1p1f1,2054,09,21,3.950074253727706,19.685461,2.5385282,2054
14509,r6i1p1f1,2054,09,22,0.051670594400459284,25.435993,6.5946217,2054
14510,r6i1p1f1,2054,09,23,0.0,25.80199,9.354356,2054
14511,r6i1p1f1,2054,09,24,0.015255610908658897,26.721691,8.185935,2054
14512,r6i1p1f1,2054,09,25,0.0,28.350903,8.985435,2054
14513,r6i1p1f1,2054,09,26,0.012908465435112693,24.82653,5.787104,2054
14514,r6i1p1f1,2054,09,27,0.0,18.42366,1.7791672,2054
14515,r6i1p1f1,2054,09,28,0.0,26.957714,5.7809095,2054
14516,r6i1p1f1,2054,09,29,0.0,31.631163,9.791096,2054
14517,r6i1p1f1,2054,09,30,0.0,32.11132,10.922061,2054
14518,r6i1p1f1,2054,10,01,0.0,32.086464,9.876405,2054
14519,r6i1p1f1,2054,10,02,0.0,31.558983,9.714991,2054
14520,r6i1p1f1,2054,10,03,0.0,29.041212,9.526448,2054
14521,r6i1p1f1,2054,10,04,0.0,29.676115,10.103199,2054
14522,r6i1p1f1,2054,10,05,0.0,24.026358,4.8928475,2054
14523,r6i1p1f1,2054,10,06,0.0,20.622475,1.6128337,2054
14524,r6i1p1f1,2054,10,07,0.0,22.159481,4.4068236,2054
14525,r6i1p1f1,2054,10,08,0.0,22.971798,4.8012133,2054
14526,r6i1p1f1,2054,10,09,0.0,22.254543,2.535201,2054
14527,r6i1p1f1,2054,10,10,0.0,18.323725,0.6980235,2054
14528,r6i1p1f1,2054,10,11,0.0,16.504835,-2.029181,2054
14529,r6i1p1f1,2054,10,12,0.0,21.744747,1.2480364,2054
14530,r6i1p1f1,2054,10,13,0.0,27.767431,5.9760675,2054
14531,r6i1p1f1,2054,10,14,0.0,26.323557,5.939664,2054
14532,r6i1p1f1,2054,10,15,0.0,25.242409,4.8399863,2054
14533,r6i1p1f1,2054,10,16,0.0,24.554228,5.7197585,2054
14534,r6i1p1f1,2054,10,17,0.0,25.615818,7.129068,2054
14535,r6i1p1f1,2054,10,18,1.374848444578517,26.351362,10.67809,2054
14536,r6i1p1f1,2054,10,19,1.10302102373054,26.194714,9.211466,2054
14537,r6i1p1f1,2054,10,20,0.0,27.863419,7.2903986,2054
14538,r6i1p1f1,2054,10,21,0.004754841993679853,26.792551,6.5852857,2054
14539,r6i1p1f1,2054,10,22,0.0,24.527681,4.8220406,2054
14540,r6i1p1f1,2054,10,23,0.0,22.417599,5.130546,2054
14541,r6i1p1f1,2054,10,24,0.0,19.04994,0.029155655,2054
14542,r6i1p1f1,2054,10,25,0.0,17.284502,-0.47441685,2054
14543,r6i1p1f1,2054,10,26,7.48822852836608,9.582192,2.1844933,2054
14544,r6i1p1f1,2054,10,27,7.11905399526928,9.645222,2.6380324,2054
14545,r6i1p1f1,2054,10,28,1.390994213861238,12.353873,3.7113674,2054
14546,r6i1p1f1,2054,10,29,32.50273654602,14.7836075,3.49975,2054
14547,r6i1p1f1,2054,10,30,46.2899054455315,15.330964,0.5311524,2054
14548,r6i1p1f1,2054,10,31,0.022680776496971585,10.51638,-2.4130552,2054
14549,r6i1p1f1,2054,11,01,2.653362004465421,9.146263,2.0031097,2054
14550,r6i1p1f1,2054,11,02,14.144345808651408,12.685794,3.0585608,2054
14551,r6i1p1f1,2054,11,03,8.173122834148987,13.114674,0.2793621,2054
14552,r6i1p1f1,2054,11,04,0.02627952395290026,9.952142,-2.7769387,2054
14553,r6i1p1f1,2054,11,05,8.419827673948168,7.8639317,-1.5148062,2054
14554,r6i1p1f1,2054,11,06,32.301080630000634,12.823523,1.3564361,2054
14555,r6i1p1f1,2054,11,07,11.756864729477577,10.342015,-3.8681388,2054
14556,r6i1p1f1,2054,11,08,0.021612298787462233,8.318033,-2.606838,2054
14557,r6i1p1f1,2054,11,09,0.3008885943367161,8.781191,-0.56338525,2054
14558,r6i1p1f1,2054,11,10,0.0,16.567453,1.8999,2054
14559,r6i1p1f1,2054,11,11,0.0,21.186472,3.2212806,2054
14560,r6i1p1f1,2054,11,12,0.0,20.601967,5.2780933,2054
14561,r6i1p1f1,2054,11,13,0.0,17.656925,5.3744864,2054
14562,r6i1p1f1,2054,11,14,0.0,11.976433,1.702628,2054
14563,r6i1p1f1,2054,11,15,6.56232829189145,9.704992,1.7384456,2054
14564,r6i1p1f1,2054,11,16,23.677246971673213,9.200925,-3.1547182,2054
14565,r6i1p1f1,2054,11,17,0.05271870225615937,7.756121,-4.3872075,2054
14566,r6i1p1f1,2054,11,18,1.8921134158011785,6.858979,-3.0018759,2054
14567,r6i1p1f1,2054,11,19,0.0011297572661242994,10.177214,-1.0359815,2054
14568,r6i1p1f1,2054,11,20,5.534652771540433,9.4508095,0.32969952,2054
14569,r6i1p1f1,2054,11,21,13.509751104275367,11.82338,2.4767008,2054
14570,r6i1p1f1,2054,11,22,2.1630844576177815,12.388752,-2.3033795,2054
14571,r6i1p1f1,2054,11,23,6.246034426328916,3.9007318,-5.782478,2054
14572,r6i1p1f1,2054,11,24,5.485935438040866,1.3724153,-6.713433,2054
14573,r6i1p1f1,2054,11,25,12.154515165665709,0.24637496,-6.5405765,2054
14574,r6i1p1f1,2054,11,26,12.589217357648565,1.4088999,-4.6282916,2054
14575,r6i1p1f1,2054,11,27,2.3280945498941983,1.1453906,-16.13799,2054
14576,r6i1p1f1,2054,11,28,0.0023908786049320744,2.4191947,-15.455776,2054
14577,r6i1p1f1,2054,11,29,12.510442917392163,6.266289,-6.76799,2054
14578,r6i1p1f1,2054,11,30,3.7400448838590474,7.791565,-3.441855,2054
14579,r6i1p1f1,2054,12,01,4.080638143190463,1.351586,-3.9680402,2054
14580,r6i1p1f1,2054,12,02,0.8208982076793014,1.2253395,-9.482204,2054
14581,r6i1p1f1,2054,12,03,0.0,-1.4500209,-11.979216,2054
14582,r6i1p1f1,2054,12,04,0.0,0.37061086,-11.042486,2054
14583,r6i1p1f1,2054,12,05,2.6848027950792557,-0.3018103,-9.813356,2054
14584,r6i1p1f1,2054,12,06,0.0,2.451791,-6.265178,2054
14585,r6i1p1f1,2054,12,07,8.329207539644944,1.992757,-6.464597,2054
14586,r6i1p1f1,2054,12,08,20.44055219598745,7.2097096,-3.4776244,2054
14587,r6i1p1f1,2054,12,09,23.27417654210499,7.505663,-0.6212579,2054
14588,r6i1p1f1,2054,12,10,16.75475305764936,9.178657,0.50585604,2054
14589,r6i1p1f1,2054,12,11,6.971744815593571,9.976742,3.503941,2054
14590,r6i1p1f1,2054,12,12,0.3389216051321463,13.08543,4.765174,2054
14591,r6i1p1f1,2054,12,13,0.0,14.469191,4.127327,2054
14592,r6i1p1f1,2054,12,14,0.10695542220427362,13.505867,6.047615,2054
14593,r6i1p1f1,2054,12,15,0.0,13.430662,0.18679056,2054
14594,r6i1p1f1,2054,12,16,0.0,15.077377,1.3053143,2054
14595,r6i1p1f1,2054,12,17,0.0,14.26589,1.1579823,2054
14596,r6i1p1f1,2054,12,18,0.0,14.730676,0.81924164,2054
14597,r6i1p1f1,2054,12,19,0.0,14.317109,1.2457839,2054
14598,r6i1p1f1,2054,12,20,0.8285759917458843,11.458772,1.6348807,2054
14599,r6i1p1f1,2054,12,21,11.954868891274273,10.933971,2.1881664,2054
14600,r6i1p1f1,2054,12,22,0.3994691429403623,12.676478,5.510607,2054
14601,r6i1p1f1,2054,12,23,6.0432844627585744,9.344587,4.25265,2054
14602,r6i1p1f1,2054,12,24,8.468044980541329,11.145744,0.5006241,2054
14603,r6i1p1f1,2054,12,25,1.0117374604075053,9.751355,-4.4005365,2054
14604,r6i1p1f1,2054,12,26,0.0,1.7735534,-11.206216,2054
14605,r6i1p1f1,2054,12,27,0.0,5.7822123,-8.057703,2054
14606,r6i1p1f1,2054,12,28,0.0,7.156775,-6.1549354,2054
14607,r6i1p1f1,2054,12,29,0.0,10.7346525,-2.9722626,2054
14608,r6i1p1f1,2054,12,30,0.0,13.336923,-1.1077869,2054
14609,r6i1p1f1,2054,12,31,0.0,11.2249775,-2.8315907,2054
14610,r6i1p1f1,2055,01,01,0.0,11.759455,-3.4321463,2055
14611,r6i1p1f1,2055,01,02,0.1425855282295203,9.915902,-3.0294287,2055
14612,r6i1p1f1,2055,01,03,0.0,5.374304,-6.5945163,2055
14613,r6i1p1f1,2055,01,04,0.0,11.128339,-3.184918,2055
14614,r6i1p1f1,2055,01,05,0.0,14.077686,-2.0807207,2055
14615,r6i1p1f1,2055,01,06,0.0,11.648108,-1.4734002,2055
14616,r6i1p1f1,2055,01,07,0.0,14.518181,-0.6383834,2055
14617,r6i1p1f1,2055,01,08,0.0,14.406016,0.1357108,2055
14618,r6i1p1f1,2055,01,09,0.0,13.128947,-1.083746,2055
14619,r6i1p1f1,2055,01,10,0.0,13.547397,-0.9768416,2055
14620,r6i1p1f1,2055,01,11,0.0,15.179366,-0.11263052,2055
14621,r6i1p1f1,2055,01,12,0.01409511573524554,12.125758,-0.269075,2055
14622,r6i1p1f1,2055,01,13,1.1273988462727587,9.336741,2.3902018,2055
14623,r6i1p1f1,2055,01,14,2.5112203209219754,9.355902,3.0551655,2055
14624,r6i1p1f1,2055,01,15,18.72300485224531,11.54021,4.8630724,2055
14625,r6i1p1f1,2055,01,16,45.92586541750434,13.291019,4.045965,2055
14626,r6i1p1f1,2055,01,17,2.2033686177432252,11.13463,-2.836127,2055
14627,r6i1p1f1,2055,01,18,0.29649673966275075,1.8484752,-5.618789,2055
14628,r6i1p1f1,2055,01,19,11.196862100949508,-0.22837079,-5.6365933,2055
14629,r6i1p1f1,2055,01,20,0.3471357181872751,1.3461672,-4.853908,2055
14630,r6i1p1f1,2055,01,21,25.10139677831316,4.0601187,-2.3592875,2055
14631,r6i1p1f1,2055,01,22,39.90136107164933,7.1385665,-4.6924214,2055
14632,r6i1p1f1,2055,01,23,7.823217665635678,-0.065954246,-7.800002,2055
14633,r6i1p1f1,2055,01,24,0.02482044378557242,0.8864962,-14.298468,2055
14634,r6i1p1f1,2055,01,25,0.34810218942259363,-0.3810522,-15.379202,2055
14635,r6i1p1f1,2055,01,26,30.88461624769346,-0.73506373,-5.761674,2055
14636,r6i1p1f1,2055,01,27,1.3342575292927699,0.3848804,-14.945452,2055
14637,r6i1p1f1,2055,01,28,11.685233983929528,-0.13864279,-13.910156,2055
14638,r6i1p1f1,2055,01,29,0.10260998786754269,3.1193547,-12.738599,2055
14639,r6i1p1f1,2055,01,30,0.24406155408964383,2.512855,-14.815365,2055
14640,r6i1p1f1,2055,01,31,7.08462046969655,3.288328,-6.1469073,2055
14641,r6i1p1f1,2055,02,01,18.281210296686133,2.4804754,-4.2204585,2055
14642,r6i1p1f1,2055,02,02,16.753128873216397,2.4005194,-4.9050636,2055
14643,r6i1p1f1,2055,02,03,0.8640167115812585,3.3134713,-8.498337,2055
14644,r6i1p1f1,2055,02,04,2.5594583311752364,6.000688,-1.8155842,2055
14645,r6i1p1f1,2055,02,05,0.8783818979789543,7.283474,0.0486139,2055
14646,r6i1p1f1,2055,02,06,0.0,9.632561,0.4260256,2055
14647,r6i1p1f1,2055,02,07,0.0,14.836443,-1.2880551,2055
14648,r6i1p1f1,2055,02,08,0.0,14.111487,1.1813773,2055
14649,r6i1p1f1,2055,02,09,0.04251849737534407,8.018787,0.88306004,2055
14650,r6i1p1f1,2055,02,10,9.606415549556328,7.128541,0.28734007,2055
14651,r6i1p1f1,2055,02,11,0.1257188337660165,12.048443,3.472755,2055
14652,r6i1p1f1,2055,02,12,2.9346816834851306,9.586115,0.7719837,2055
14653,r6i1p1f1,2055,02,13,0.0,17.721481,1.0261216,2055
14654,r6i1p1f1,2055,02,14,0.0,18.383589,1.6350737,2055
14655,r6i1p1f1,2055,02,15,0.0,18.311575,1.6434637,2055
14656,r6i1p1f1,2055,02,16,0.0,18.307285,1.8603036,2055
14657,r6i1p1f1,2055,02,17,0.09099038167131636,15.966326,2.4015641,2055
14658,r6i1p1f1,2055,02,18,2.6291789465097657,6.9228,-0.74527425,2055
14659,r6i1p1f1,2055,02,19,0.20448171746188612,6.0682645,-9.536653,2055
14660,r6i1p1f1,2055,02,20,0.0,0.31826726,-15.277566,2055
14661,r6i1p1f1,2055,02,21,0.0,1.0486598,-14.404345,2055
14662,r6i1p1f1,2055,02,22,0.02149423972569368,6.2217283,-9.581438,2055
14663,r6i1p1f1,2055,02,23,0.028864442486761673,12.401943,-3.9447522,2055
14664,r6i1p1f1,2055,02,24,30.487727263321645,8.163594,1.0627843,2055
14665,r6i1p1f1,2055,02,25,47.950594484416435,10.076979,1.6080275,2055
14666,r6i1p1f1,2055,02,26,26.457170946740074,8.9207945,-3.6314754,2055
14667,r6i1p1f1,2055,02,27,0.7723662028276599,3.2745414,-10.205486,2055
14668,r6i1p1f1,2055,02,28,6.029431592059067,0.81335217,-11.080135,2055
14669,r6i1p1f1,2055,03,01,0.0,6.147693,-7.7715826,2055
14670,r6i1p1f1,2055,03,02,0.3791240273537205,3.2590313,-6.039933,2055
14671,r6i1p1f1,2055,03,03,7.837108908467357,3.9911807,-2.1880565,2055
14672,r6i1p1f1,2055,03,04,0.0,9.776383,-7.2723904,2055
14673,r6i1p1f1,2055,03,05,0.0,14.777116,-2.1788363,2055
14674,r6i1p1f1,2055,03,06,2.3091031789488405,10.635843,-2.5296342,2055
14675,r6i1p1f1,2055,03,07,0.0,7.2202873,-0.080265895,2055
14676,r6i1p1f1,2055,03,08,13.374251030729855,5.4391923,-1.8883619,2055
14677,r6i1p1f1,2055,03,09,0.15081203225043113,5.8720937,-4.999685,2055
14678,r6i1p1f1,2055,03,10,1.9268445423036455,9.976837,-3.0287795,2055
14679,r6i1p1f1,2055,03,11,0.0,15.236143,-1.3542756,2055
14680,r6i1p1f1,2055,03,12,0.035389823828599745,14.686675,1.1474539,2055
14681,r6i1p1f1,2055,03,13,2.2487632197835135,10.694591,-0.14740193,2055
14682,r6i1p1f1,2055,03,14,0.5066185105483251,9.854627,-1.717902,2055
14683,r6i1p1f1,2055,03,15,13.423010737872787,2.8266513,-3.2905266,2055
14684,r6i1p1f1,2055,03,16,0.47832373020044483,5.5578065,-11.928243,2055
14685,r6i1p1f1,2055,03,17,4.5779665908987,3.6700664,-5.4500346,2055
14686,r6i1p1f1,2055,03,18,0.0,6.8952074,0.28032523,2055
14687,r6i1p1f1,2055,03,19,0.0,16.914179,1.5796653,2055
14688,r6i1p1f1,2055,03,20,0.0,24.104536,3.7972867,2055
14689,r6i1p1f1,2055,03,21,0.0,25.215263,5.9802966,2055
14690,r6i1p1f1,2055,03,22,0.0,24.712816,6.9026017,2055
14691,r6i1p1f1,2055,03,23,0.0,22.868502,5.626538,2055
14692,r6i1p1f1,2055,03,24,2.514603996238664,14.141519,-1.4448696,2055
14693,r6i1p1f1,2055,03,25,11.929232893699997,10.812805,2.7720287,2055
14694,r6i1p1f1,2055,03,26,7.588056971955602,10.900647,-0.14766423,2055
14695,r6i1p1f1,2055,03,27,0.0,19.72549,1.1635716,2055
14696,r6i1p1f1,2055,03,28,0.0,21.379633,3.8890305,2055
14697,r6i1p1f1,2055,03,29,1.944014708549595,16.3495,2.809893,2055
14698,r6i1p1f1,2055,03,30,25.84376360065384,12.97218,0.27226952,2055
14699,r6i1p1f1,2055,03,31,17.63613363632729,10.864727,-5.412766,2055
14700,r6i1p1f1,2055,04,01,26.858284437184533,6.184571,-3.9878442,2055
14701,r6i1p1f1,2055,04,02,0.9872413483175895,4.637098,-4.107052,2055
14702,r6i1p1f1,2055,04,03,0.01454054657298298,6.152068,-0.5515256,2055
14703,r6i1p1f1,2055,04,04,0.0,13.701433,-4.146891,2055
14704,r6i1p1f1,2055,04,05,0.0,13.584382,-2.1330225,2055
14705,r6i1p1f1,2055,04,06,0.0,16.076788,-2.8474455,2055
14706,r6i1p1f1,2055,04,07,0.0,16.685045,-0.7546857,2055
14707,r6i1p1f1,2055,04,08,0.0,17.633093,1.1303228,2055
14708,r6i1p1f1,2055,04,09,2.383736082896734,14.908848,-1.2218469,2055
14709,r6i1p1f1,2055,04,10,0.026779878029451948,13.266958,-4.4731936,2055
14710,r6i1p1f1,2055,04,11,0.0,16.610746,-3.2735956,2055
14711,r6i1p1f1,2055,04,12,0.19732234141868896,15.41743,-2.411085,2055
14712,r6i1p1f1,2055,04,13,33.891537172927904,6.709847,-4.6435857,2055
14713,r6i1p1f1,2055,04,14,0.6390023250342367,6.1948314,-5.219998,2055
14714,r6i1p1f1,2055,04,15,0.37830631243481916,8.028818,-3.3584175,2055
14715,r6i1p1f1,2055,04,16,0.0,13.06118,-5.7235813,2055
14716,r6i1p1f1,2055,04,17,0.0,17.831053,-0.3578765,2055
14717,r6i1p1f1,2055,04,18,0.0,19.41461,0.13081063,2055
14718,r6i1p1f1,2055,04,19,0.0,18.660362,1.2379973,2055
14719,r6i1p1f1,2055,04,20,2.8459537560609203,15.432976,-1.3896338,2055
14720,r6i1p1f1,2055,04,21,0.01160196576250199,12.571404,2.2199526,2055
14721,r6i1p1f1,2055,04,22,1.9916177121072476,5.626933,-5.2599444,2055
14722,r6i1p1f1,2055,04,23,0.2190791485748901,3.8001218,-10.447814,2055
14723,r6i1p1f1,2055,04,24,0.007002862974901657,8.556383,-1.6005621,2055
14724,r6i1p1f1,2055,04,25,0.0,9.612177,-3.6284575,2055
14725,r6i1p1f1,2055,04,26,0.00085238717965043,14.836463,-2.114563,2055
14726,r6i1p1f1,2055,04,27,0.0,16.134281,0.31173822,2055
14727,r6i1p1f1,2055,04,28,0.0,18.703785,3.051814,2055
14728,r6i1p1f1,2055,04,29,0.0,18.439266,3.4307644,2055
14729,r6i1p1f1,2055,04,30,20.248778706401648,11.265243,-3.030584,2055
14730,r6i1p1f1,2055,05,01,18.810944471826897,11.081403,-1.2409197,2055
14731,r6i1p1f1,2055,05,02,8.906616737706067,11.973568,1.110346,2055
14732,r6i1p1f1,2055,05,03,0.3501244082784403,15.060666,-1.6537744,2055
14733,r6i1p1f1,2055,05,04,0.0,21.235064,1.9689301,2055
14734,r6i1p1f1,2055,05,05,0.0,24.323782,4.5214186,2055
14735,r6i1p1f1,2055,05,06,0.7191789390472386,20.081694,2.7452047,2055
14736,r6i1p1f1,2055,05,07,4.312931689889495,13.308534,1.4997655,2055
14737,r6i1p1f1,2055,05,08,1.1811784083321286,15.134606,1.1648933,2055
14738,r6i1p1f1,2055,05,09,6.1186098061352,14.361932,-2.3191257,2055
14739,r6i1p1f1,2055,05,10,0.41605637784309774,16.340767,0.7403472,2055
14740,r6i1p1f1,2055,05,11,8.293221640818915,11.757964,-3.1914663,2055
14741,r6i1p1f1,2055,05,12,4.543968219098642,10.214719,-0.37763232,2055
14742,r6i1p1f1,2055,05,13,0.8891675746378425,15.104208,-3.8528564,2055
14743,r6i1p1f1,2055,05,14,0.0,18.922016,1.2859737,2055
14744,r6i1p1f1,2055,05,15,0.0,23.964302,5.1852775,2055
14745,r6i1p1f1,2055,05,16,0.12120688378080083,24.665762,6.8159294,2055
14746,r6i1p1f1,2055,05,17,2.321934144563425,16.936127,2.1597073,2055
14747,r6i1p1f1,2055,05,18,0.0,20.453539,4.536719,2055
14748,r6i1p1f1,2055,05,19,0.0,25.80883,6.241128,2055
14749,r6i1p1f1,2055,05,20,2.6356754843786616,20.254652,1.6586146,2055
14750,r6i1p1f1,2055,05,21,1.9225542171699308,13.58715,-0.43249527,2055
14751,r6i1p1f1,2055,05,22,7.276097229927418,10.548487,-2.825229,2055
14752,r6i1p1f1,2055,05,23,1.8449525931366695,11.502119,-0.0820091,2055
14753,r6i1p1f1,2055,05,24,0.3048633211169615,16.439037,-0.4003603,2055
14754,r6i1p1f1,2055,05,25,0.8052485485335392,17.433884,1.5981685,2055
14755,r6i1p1f1,2055,05,26,0.0,18.144,2.6855605,2055
14756,r6i1p1f1,2055,05,27,0.312956082483431,17.118021,0.74036604,2055
14757,r6i1p1f1,2055,05,28,1.492241521810124,16.482433,2.1216557,2055
14758,r6i1p1f1,2055,05,29,0.6858367784738238,14.349378,1.0526582,2055
14759,r6i1p1f1,2055,05,30,0.08196308774723537,13.784227,0.5069693,2055
14760,r6i1p1f1,2055,05,31,1.4991189687239852,11.865478,-4.1413803,2055
14761,r6i1p1f1,2055,06,01,0.5345506913095218,14.821694,-2.4528222,2055
14762,r6i1p1f1,2055,06,02,0.0,19.756859,0.6984216,2055
14763,r6i1p1f1,2055,06,03,0.017666922547151357,19.515406,1.5483085,2055
14764,r6i1p1f1,2055,06,04,2.4730168557642394,15.737866,1.3317816,2055
14765,r6i1p1f1,2055,06,05,0.027329152059715933,22.1287,3.9707491,2055
14766,r6i1p1f1,2055,06,06,0.0,24.95116,5.2807794,2055
14767,r6i1p1f1,2055,06,07,0.05056840047690861,28.025747,9.6674795,2055
14768,r6i1p1f1,2055,06,08,3.7086774225458494e-05,28.76165,10.160937,2055
14769,r6i1p1f1,2055,06,09,0.0,27.604147,8.737501,2055
14770,r6i1p1f1,2055,06,10,0.0,25.521605,8.537349,2055
14771,r6i1p1f1,2055,06,11,0.00046522922531160553,27.46251,7.786091,2055
14772,r6i1p1f1,2055,06,12,0.0,28.796247,9.446136,2055
14773,r6i1p1f1,2055,06,13,2.65004060083602,21.88465,5.9629326,2055
14774,r6i1p1f1,2055,06,14,0.0,24.32836,5.7887025,2055
14775,r6i1p1f1,2055,06,15,0.0,29.315598,9.331648,2055
14776,r6i1p1f1,2055,06,16,0.0,30.480982,10.413872,2055
14777,r6i1p1f1,2055,06,17,0.02485367891817887,31.95231,11.472279,2055
14778,r6i1p1f1,2055,06,18,0.0004001423584139009,32.28557,12.721168,2055
14779,r6i1p1f1,2055,06,19,0.6899509018083974,32.821735,13.257752,2055
14780,r6i1p1f1,2055,06,20,1.7313146707985672,28.181429,10.169837,2055
14781,r6i1p1f1,2055,06,21,1.7231179380963368,28.455141,11.051485,2055
14782,r6i1p1f1,2055,06,22,0.0,31.066692,12.088888,2055
14783,r6i1p1f1,2055,06,23,0.4261788815360078,31.704575,12.899242,2055
14784,r6i1p1f1,2055,06,24,0.0003382183607908604,32.73877,14.8186655,2055
14785,r6i1p1f1,2055,06,25,0.0,33.575638,13.1494665,2055
14786,r6i1p1f1,2055,06,26,0.0,34.854004,14.716773,2055
14787,r6i1p1f1,2055,06,27,0.0,35.125156,16.215939,2055
14788,r6i1p1f1,2055,06,28,0.0,34.74166,14.248893,2055
14789,r6i1p1f1,2055,06,29,0.0,33.861576,14.231672,2055
14790,r6i1p1f1,2055,06,30,0.0,33.72988,14.308034,2055
14791,r6i1p1f1,2055,07,01,0.0,34.158115,12.4108515,2055
14792,r6i1p1f1,2055,07,02,0.0,34.51724,12.747497,2055
14793,r6i1p1f1,2055,07,03,0.0,34.180595,13.429108,2055
14794,r6i1p1f1,2055,07,04,0.4433402963924555,33.01794,12.925493,2055
14795,r6i1p1f1,2055,07,05,0.43169208675741033,32.03344,13.089438,2055
14796,r6i1p1f1,2055,07,06,0.0,29.952295,9.741427,2055
14797,r6i1p1f1,2055,07,07,0.0,26.073023,6.062747,2055
14798,r6i1p1f1,2055,07,08,0.0,27.355412,7.3306627,2055
14799,r6i1p1f1,2055,07,09,0.0,31.882612,10.623344,2055
14800,r6i1p1f1,2055,07,10,0.0,33.411,12.005818,2055
14801,r6i1p1f1,2055,07,11,0.0,33.971386,12.639585,2055
14802,r6i1p1f1,2055,07,12,0.0,34.452362,13.370199,2055
14803,r6i1p1f1,2055,07,13,0.0,32.98327,13.115955,2055
14804,r6i1p1f1,2055,07,14,0.0,31.528126,13.039809,2055
14805,r6i1p1f1,2055,07,15,0.0,30.995567,10.240464,2055
14806,r6i1p1f1,2055,07,16,0.0,29.927954,10.720909,2055
14807,r6i1p1f1,2055,07,17,0.002369995060000884,29.732346,10.242714,2055
14808,r6i1p1f1,2055,07,18,0.0,31.945084,10.036758,2055
14809,r6i1p1f1,2055,07,19,0.0,32.27475,11.186636,2055
14810,r6i1p1f1,2055,07,20,0.1276117513881611,30.58093,10.39945,2055
14811,r6i1p1f1,2055,07,21,0.16333600281102345,28.701324,9.593212,2055
14812,r6i1p1f1,2055,07,22,2.3915716720953126,24.046461,3.9916244,2055
14813,r6i1p1f1,2055,07,23,0.052582505791672236,26.153227,8.957826,2055
14814,r6i1p1f1,2055,07,24,0.0,30.393421,12.081218,2055
14815,r6i1p1f1,2055,07,25,0.011221397345772268,30.27658,10.727051,2055
14816,r6i1p1f1,2055,07,26,0.0,31.36386,11.405147,2055
14817,r6i1p1f1,2055,07,27,0.0,32.992485,12.434765,2055
14818,r6i1p1f1,2055,07,28,0.0,32.54432,12.548951,2055
14819,r6i1p1f1,2055,07,29,0.0,34.685024,12.988504,2055
14820,r6i1p1f1,2055,07,30,0.0,34.55976,13.607634,2055
14821,r6i1p1f1,2055,07,31,0.0,34.794403,13.574421,2055
14822,r6i1p1f1,2055,08,01,0.0,35.394066,13.626371,2055
14823,r6i1p1f1,2055,08,02,0.0,35.466686,13.561212,2055
14824,r6i1p1f1,2055,08,03,0.03678913127692019,35.18866,13.58247,2055
14825,r6i1p1f1,2055,08,04,0.0,35.088184,13.873866,2055
14826,r6i1p1f1,2055,08,05,0.0,35.83338,14.150893,2055
14827,r6i1p1f1,2055,08,06,0.0,35.4808,12.897867,2055
14828,r6i1p1f1,2055,08,07,0.0,32.18246,10.724889,2055
14829,r6i1p1f1,2055,08,08,0.0,31.741962,10.431861,2055
14830,r6i1p1f1,2055,08,09,0.0,32.97311,11.995037,2055
14831,r6i1p1f1,2055,08,10,1.970370304956886,33.523014,13.74915,2055
14832,r6i1p1f1,2055,08,11,7.27593231773423,28.707962,9.279238,2055
14833,r6i1p1f1,2055,08,12,4.018567816044956,22.148565,5.532984,2055
14834,r6i1p1f1,2055,08,13,1.7875677533943857,24.642855,6.8798437,2055
14835,r6i1p1f1,2055,08,14,0.0,27.052896,8.136029,2055
14836,r6i1p1f1,2055,08,15,0.0,27.252647,8.815815,2055
14837,r6i1p1f1,2055,08,16,0.0,26.929354,7.262498,2055
14838,r6i1p1f1,2055,08,17,0.0,28.298716,8.417475,2055
14839,r6i1p1f1,2055,08,18,1.0972653517705766,27.584364,6.8032627,2055
14840,r6i1p1f1,2055,08,19,0.0,29.147902,8.302739,2055
14841,r6i1p1f1,2055,08,20,0.0,30.173124,9.680732,2055
14842,r6i1p1f1,2055,08,21,0.0,30.805023,9.989987,2055
14843,r6i1p1f1,2055,08,22,0.0,30.69532,10.177433,2055
14844,r6i1p1f1,2055,08,23,0.0,31.456875,11.683565,2055
14845,r6i1p1f1,2055,08,24,0.04378471401515904,32.780346,12.550067,2055
14846,r6i1p1f1,2055,08,25,0.032211326106140595,28.005232,9.60296,2055
14847,r6i1p1f1,2055,08,26,3.4418247808506575,23.135265,4.6799297,2055
14848,r6i1p1f1,2055,08,27,0.01969671563608353,25.875446,5.351948,2055
14849,r6i1p1f1,2055,08,28,1.0383013068279587,25.927696,8.877554,2055
14850,r6i1p1f1,2055,08,29,0.03760737237368199,26.890007,9.5083065,2055
14851,r6i1p1f1,2055,08,30,0.0,30.41838,9.14104,2055
14852,r6i1p1f1,2055,08,31,0.0,30.467005,9.352966,2055
14853,r6i1p1f1,2055,09,01,0.0,28.545172,10.991015,2055
14854,r6i1p1f1,2055,09,02,0.4902071066004294,28.344807,10.029657,2055
14855,r6i1p1f1,2055,09,03,0.004920766591258697,28.747175,10.953386,2055
14856,r6i1p1f1,2055,09,04,0.6677267211726208,29.548351,12.152511,2055
14857,r6i1p1f1,2055,09,05,2.1939344987349623,29.419605,12.96767,2055
14858,r6i1p1f1,2055,09,06,0.0,29.407814,12.35729,2055
14859,r6i1p1f1,2055,09,07,0.0,31.532461,11.562025,2055
14860,r6i1p1f1,2055,09,08,0.0,32.450844,12.363557,2055
14861,r6i1p1f1,2055,09,09,0.0,31.216837,12.185328,2055
14862,r6i1p1f1,2055,09,10,0.03648774935332351,28.506277,10.080223,2055
14863,r6i1p1f1,2055,09,11,0.0,29.366507,10.183957,2055
14864,r6i1p1f1,2055,09,12,0.0,30.655788,10.96684,2055
14865,r6i1p1f1,2055,09,13,0.0,30.77182,10.744796,2055
14866,r6i1p1f1,2055,09,14,0.0,29.387878,11.305622,2055
14867,r6i1p1f1,2055,09,15,0.0,28.764124,11.234298,2055
14868,r6i1p1f1,2055,09,16,0.08344805061927985,29.586193,8.392279,2055
14869,r6i1p1f1,2055,09,17,0.0,30.874277,9.86072,2055
14870,r6i1p1f1,2055,09,18,0.0,31.876116,10.825465,2055
14871,r6i1p1f1,2055,09,19,0.0,31.884062,11.177959,2055
14872,r6i1p1f1,2055,09,20,0.020184511431570455,31.861912,11.005125,2055
14873,r6i1p1f1,2055,09,21,0.017910106244711912,32.63319,13.335077,2055
14874,r6i1p1f1,2055,09,22,0.6325610535759625,32.82519,12.897137,2055
14875,r6i1p1f1,2055,09,23,2.386780152549712,31.304007,13.633696,2055
14876,r6i1p1f1,2055,09,24,1.0642304923800707,26.92137,9.242878,2055
14877,r6i1p1f1,2055,09,25,0.0,23.152893,4.1565495,2055
14878,r6i1p1f1,2055,09,26,0.0,22.034126,1.9259335,2055
14879,r6i1p1f1,2055,09,27,0.0,27.735386,6.3209214,2055
14880,r6i1p1f1,2055,09,28,0.0,28.865423,7.794166,2055
14881,r6i1p1f1,2055,09,29,0.0,27.754738,7.0753045,2055
14882,r6i1p1f1,2055,09,30,0.0,25.342354,5.3260765,2055
14883,r6i1p1f1,2055,10,01,0.0,25.105862,5.6128273,2055
14884,r6i1p1f1,2055,10,02,0.0,24.77413,4.4194846,2055
14885,r6i1p1f1,2055,10,03,0.0,23.107363,1.4528452,2055
14886,r6i1p1f1,2055,10,04,0.0,16.431114,0.57418245,2055
14887,r6i1p1f1,2055,10,05,0.2041733490896995,16.369663,-1.3296283,2055
14888,r6i1p1f1,2055,10,06,0.008254090319937648,21.83863,0.911217,2055
14889,r6i1p1f1,2055,10,07,0.0,23.36885,3.9526591,2055
14890,r6i1p1f1,2055,10,08,0.0,23.42547,5.03242,2055
14891,r6i1p1f1,2055,10,09,0.0,24.301342,5.118726,2055
14892,r6i1p1f1,2055,10,10,0.0,25.178679,4.637594,2055
14893,r6i1p1f1,2055,10,11,0.0,25.712158,5.573363,2055
14894,r6i1p1f1,2055,10,12,0.0,26.91949,5.7723913,2055
14895,r6i1p1f1,2055,10,13,0.033877751431470204,26.441275,9.427013,2055
14896,r6i1p1f1,2055,10,14,0.0,23.545786,5.0710473,2055
14897,r6i1p1f1,2055,10,15,0.0,24.056871,4.1403065,2055
14898,r6i1p1f1,2055,10,16,2.767988490899042,20.80235,3.2982237,2055
14899,r6i1p1f1,2055,10,17,0.6276688172144732,13.447329,-2.9919872,2055
14900,r6i1p1f1,2055,10,18,0.0,13.399005,-0.07387834,2055
14901,r6i1p1f1,2055,10,19,0.02211516439138311,15.861903,-2.0415244,2055
14902,r6i1p1f1,2055,10,20,1.0585902405581513,12.811136,0.3509256,2055
14903,r6i1p1f1,2055,10,21,0.303694009658853,13.408173,1.4268897,2055
14904,r6i1p1f1,2055,10,22,27.17986794457436,12.840894,1.5691744,2055
14905,r6i1p1f1,2055,10,23,10.22980259788033,13.839924,5.485158,2055
14906,r6i1p1f1,2055,10,24,15.620507524071103,12.119161,2.6843162,2055
14907,r6i1p1f1,2055,10,25,23.943051828844197,9.649124,-0.239318,2055
14908,r6i1p1f1,2055,10,26,26.131357729172645,9.601332,-0.13799138,2055
14909,r6i1p1f1,2055,10,27,8.659640735562451,9.288647,-1.1572887,2055
14910,r6i1p1f1,2055,10,28,0.007845654357114417,12.791657,1.81162,2055
14911,r6i1p1f1,2055,10,29,20.379623246664416,10.828868,-3.5458257,2055
14912,r6i1p1f1,2055,10,30,0.6906002859609425,10.012974,-3.165882,2055
14913,r6i1p1f1,2055,10,31,0.0,12.824345,-2.673136,2055
14914,r6i1p1f1,2055,11,01,0.0,16.63635,0.43422005,2055
14915,r6i1p1f1,2055,11,02,0.0,16.341646,3.6645803,2055
14916,r6i1p1f1,2055,11,03,0.0,16.164864,4.228222,2055
14917,r6i1p1f1,2055,11,04,0.03623288415804492,14.990113,2.6253397,2055
14918,r6i1p1f1,2055,11,05,0.0,14.318825,4.1672444,2055
14919,r6i1p1f1,2055,11,06,0.0,17.487284,0.64658785,2055
14920,r6i1p1f1,2055,11,07,0.0,19.607813,2.925028,2055
14921,r6i1p1f1,2055,11,08,0.0,22.439629,4.5383735,2055
14922,r6i1p1f1,2055,11,09,0.0,22.683033,5.544425,2055
14923,r6i1p1f1,2055,11,10,0.0,21.454952,4.5145264,2055
14924,r6i1p1f1,2055,11,11,0.0,20.412903,5.1207066,2055
14925,r6i1p1f1,2055,11,12,1.1921747869252493,16.37577,6.3219395,2055
14926,r6i1p1f1,2055,11,13,12.518439941236293,12.9124155,5.0045476,2055
14927,r6i1p1f1,2055,11,14,17.676009452596595,9.941259,2.9949515,2055
14928,r6i1p1f1,2055,11,15,1.1394296792066516,8.704934,2.619094,2055
14929,r6i1p1f1,2055,11,16,0.5640876686101973,8.975865,0.21259503,2055
14930,r6i1p1f1,2055,11,17,0.01702570894686157,8.856199,-0.76708347,2055
14931,r6i1p1f1,2055,11,18,0.0,9.963138,-2.1582398,2055
14932,r6i1p1f1,2055,11,19,0.0,12.698527,-2.8370028,2055
14933,r6i1p1f1,2055,11,20,0.0,13.815483,-3.4747584,2055
14934,r6i1p1f1,2055,11,21,0.0,14.312925,-3.843177,2055
14935,r6i1p1f1,2055,11,22,9.682119392667573,8.084775,-2.005936,2055
14936,r6i1p1f1,2055,11,23,8.755621189266677,6.937286,-0.27930328,2055
14937,r6i1p1f1,2055,11,24,9.178632180565446,10.6202135,-1.3645048,2055
14938,r6i1p1f1,2055,11,25,2.4805708008627607,11.377118,4.2718143,2055
14939,r6i1p1f1,2055,11,26,11.73077270777867,10.106041,5.909218,2055
14940,r6i1p1f1,2055,11,27,0.7508432121858837,10.60907,-1.5695602,2055
14941,r6i1p1f1,2055,11,28,0.0,11.338107,-5.8043895,2055
14942,r6i1p1f1,2055,11,29,0.0,12.961218,-1.5823259,2055
14943,r6i1p1f1,2055,11,30,0.0,12.246095,-1.8956691,2055
14944,r6i1p1f1,2055,12,01,0.0,12.004975,3.0269146,2055
14945,r6i1p1f1,2055,12,02,11.426646510524069,7.81627,1.3575755,2055
14946,r6i1p1f1,2055,12,03,1.3410880062744053,12.146921,4.856323,2055
14947,r6i1p1f1,2055,12,04,0.0,14.26619,1.5912033,2055
14948,r6i1p1f1,2055,12,05,0.0,13.297611,2.3925455,2055
14949,r6i1p1f1,2055,12,06,0.0,12.865818,4.3056087,2055
14950,r6i1p1f1,2055,12,07,0.0,15.197409,1.6764967,2055
14951,r6i1p1f1,2055,12,08,0.0,15.915618,2.818079,2055
14952,r6i1p1f1,2055,12,09,0.0,15.534475,2.2899506,2055
14953,r6i1p1f1,2055,12,10,0.0,16.869593,3.4038804,2055
14954,r6i1p1f1,2055,12,11,0.0,15.863174,2.6856215,2055
14955,r6i1p1f1,2055,12,12,0.037665115317510454,15.324585,2.2184095,2055
14956,r6i1p1f1,2055,12,13,0.0,15.098078,1.9639541,2055
14957,r6i1p1f1,2055,12,14,0.0,11.760613,-2.142754,2055
14958,r6i1p1f1,2055,12,15,0.0,6.7935405,-8.3316,2055
14959,r6i1p1f1,2055,12,16,0.0,11.810417,-2.2866504,2055
14960,r6i1p1f1,2055,12,17,0.0,14.186779,0.17302209,2055
14961,r6i1p1f1,2055,12,18,0.0,12.9534025,-1.3826692,2055
14962,r6i1p1f1,2055,12,19,0.0,15.394473,1.0413454,2055
14963,r6i1p1f1,2055,12,20,0.0,16.260864,1.6251062,2055
14964,r6i1p1f1,2055,12,21,0.0,16.231808,2.138548,2055
14965,r6i1p1f1,2055,12,22,0.0,15.951872,2.0317335,2055
14966,r6i1p1f1,2055,12,23,0.0,14.670662,0.5000663,2055
14967,r6i1p1f1,2055,12,24,0.11615664237087708,11.445884,-1.3895205,2055
14968,r6i1p1f1,2055,12,25,0.0,9.548148,-1.9758033,2055
14969,r6i1p1f1,2055,12,26,2.480748071460604,6.8730655,-5.58685,2055
14970,r6i1p1f1,2055,12,27,24.692571892050335,3.697417,-4.492988,2055
14971,r6i1p1f1,2055,12,28,0.003066313805142348,4.165182,-5.1464252,2055
14972,r6i1p1f1,2055,12,29,0.0,6.25342,-5.510375,2055
14973,r6i1p1f1,2055,12,30,0.44226013794847174,5.2781105,-4.276852,2055
14974,r6i1p1f1,2055,12,31,18.413023370028352,7.91149,-1.3223034,2055
14975,r6i1p1f1,2056,01,01,22.283582361532627,8.868255,-5.849707,2056
14976,r6i1p1f1,2056,01,02,0.0,2.8854084,-9.987335,2056
14977,r6i1p1f1,2056,01,03,0.0,4.366888,-4.769817,2056
14978,r6i1p1f1,2056,01,04,0.0,7.120233,-1.3592857,2056
14979,r6i1p1f1,2056,01,05,0.564375732206576,5.8165483,-7.3584294,2056
14980,r6i1p1f1,2056,01,06,11.830587191589819,2.0959759,-2.599253,2056
14981,r6i1p1f1,2056,01,07,48.08046374202321,2.3993485,-4.0231495,2056
14982,r6i1p1f1,2056,01,08,48.76470073963874,3.8473883,-3.7125337,2056
14983,r6i1p1f1,2056,01,09,31.1281119629873,4.3655157,-3.2098956,2056
14984,r6i1p1f1,2056,01,10,5.540375904641897,1.5784103,-6.348728,2056
14985,r6i1p1f1,2056,01,11,19.800498676145576,2.4282417,-3.58484,2056
14986,r6i1p1f1,2056,01,12,2.3934585726408963,4.74788,-1.5944365,2056
14987,r6i1p1f1,2056,01,13,12.666660299291367,7.2798114,-2.292623,2056
14988,r6i1p1f1,2056,01,14,5.078030655068871,7.715323,0.54233867,2056
14989,r6i1p1f1,2056,01,15,0.0581892638871906,5.8364244,-6.5301685,2056
14990,r6i1p1f1,2056,01,16,0.0,1.8829007,-9.305303,2056
14991,r6i1p1f1,2056,01,17,0.0,5.5245576,-8.57938,2056
14992,r6i1p1f1,2056,01,18,0.0,7.2808876,-6.2124176,2056
14993,r6i1p1f1,2056,01,19,0.0,7.6515512,-4.910149,2056
14994,r6i1p1f1,2056,01,20,0.0,10.75405,-3.193201,2056
14995,r6i1p1f1,2056,01,21,0.0,9.899742,-3.3220086,2056
14996,r6i1p1f1,2056,01,22,0.0,9.838687,-3.3546064,2056
14997,r6i1p1f1,2056,01,23,0.0,9.556003,-3.4282987,2056
14998,r6i1p1f1,2056,01,24,0.0,11.110536,-4.443317,2056
14999,r6i1p1f1,2056,01,25,0.0,12.313438,-4.7048783,2056
15000,r6i1p1f1,2056,01,26,0.0,14.43885,-1.9988332,2056
15001,r6i1p1f1,2056,01,27,0.00294312907040382,12.393662,0.17149259,2056
15002,r6i1p1f1,2056,01,28,0.1448370693809165,11.44169,-3.7047517,2056
15003,r6i1p1f1,2056,01,29,0.0,2.90952,-12.33134,2056
15004,r6i1p1f1,2056,01,30,0.0,3.1819203,-11.422744,2056
15005,r6i1p1f1,2056,01,31,3.4543120438863983,3.8537693,-9.536914,2056
15006,r6i1p1f1,2056,02,01,0.08091688879195176,4.1251965,-10.333547,2056
15007,r6i1p1f1,2056,02,02,0.0,1.8545058,-10.902928,2056
15008,r6i1p1f1,2056,02,03,0.0,3.4353,-11.995653,2056
15009,r6i1p1f1,2056,02,04,4.751714598930552,4.622013,-6.3405237,2056
15010,r6i1p1f1,2056,02,05,20.73404060993772,9.035088,-0.6140646,2056
15011,r6i1p1f1,2056,02,06,46.84014823332213,10.43322,1.3267097,2056
15012,r6i1p1f1,2056,02,07,35.603110718726015,10.835667,-2.2785594,2056
15013,r6i1p1f1,2056,02,08,0.0,10.655155,-5.4808917,2056
15014,r6i1p1f1,2056,02,09,2.9886239631087674,3.9546888,-7.67318,2056
15015,r6i1p1f1,2056,02,10,7.624386950313022,5.8246083,-4.1143293,2056
15016,r6i1p1f1,2056,02,11,4.241506981177173,5.5837765,-0.4374986,2056
15017,r6i1p1f1,2056,02,12,0.0,9.388943,-4.555088,2056
15018,r6i1p1f1,2056,02,13,0.0,14.6532135,-1.5761513,2056
15019,r6i1p1f1,2056,02,14,0.0,14.475548,-0.128273,2056
15020,r6i1p1f1,2056,02,15,0.0,14.930779,0.10590284,2056
15021,r6i1p1f1,2056,02,16,0.0,12.340906,-1.2854187,2056
15022,r6i1p1f1,2056,02,17,0.0,13.167992,0.79869294,2056
15023,r6i1p1f1,2056,02,18,0.0,17.048882,2.416341,2056
15024,r6i1p1f1,2056,02,19,0.0,15.155038,4.2023344,2056
15025,r6i1p1f1,2056,02,20,0.05544954730900386,17.49425,5.1842628,2056
15026,r6i1p1f1,2056,02,21,44.303315666443055,14.171282,4.547188,2056
15027,r6i1p1f1,2056,02,22,9.327719598584377,11.57509,1.0443602,2056
15028,r6i1p1f1,2056,02,23,0.16068663415981554,11.757268,2.1054273,2056
15029,r6i1p1f1,2056,02,24,0.0,14.686463,-0.029743906,2056
15030,r6i1p1f1,2056,02,25,2.071529837784141,13.271694,2.2105556,2056
15031,r6i1p1f1,2056,02,26,20.65840297728779,11.452792,3.0429332,2056
15032,r6i1p1f1,2056,02,27,1.2062014973359798,13.638583,1.0828342,2056
15033,r6i1p1f1,2056,02,28,2.30137572662902,12.198682,0.8673544,2056
15034,r6i1p1f1,2056,02,29,3.0536961688507707,9.541605,-0.9807069,2056
15035,r6i1p1f1,2056,03,01,0.5114575344714394,11.036594,3.3336518,2056
15036,r6i1p1f1,2056,03,02,1.6304719075545646,11.547088,3.6002405,2056
15037,r6i1p1f1,2056,03,03,1.7491618307058487,11.025588,1.9946438,2056
15038,r6i1p1f1,2056,03,04,0.020602429266609774,12.717938,2.7196102,2056
15039,r6i1p1f1,2056,03,05,2.8722907443460266,10.121921,-3.7174597,2056
15040,r6i1p1f1,2056,03,06,0.0,12.242044,-2.9882956,2056
15041,r6i1p1f1,2056,03,07,0.0,19.98168,0.37203053,2056
15042,r6i1p1f1,2056,03,08,0.0923234068004589,18.434713,1.3109281,2056
15043,r6i1p1f1,2056,03,09,13.778484136380483,8.373231,-0.45421612,2056
15044,r6i1p1f1,2056,03,10,0.3769499609953182,8.10706,-2.8344965,2056
15045,r6i1p1f1,2056,03,11,22.15904752367549,7.56776,-1.6561681,2056
15046,r6i1p1f1,2056,03,12,9.245245352979387,6.3370886,-3.511806,2056
15047,r6i1p1f1,2056,03,13,21.37735765886094,3.0296216,-3.482201,2056
15048,r6i1p1f1,2056,03,14,4.221274419018678,5.775172,-1.9219841,2056
15049,r6i1p1f1,2056,03,15,8.13204454183042,4.1892605,-5.075186,2056
15050,r6i1p1f1,2056,03,16,2.539577955475667,5.112607,-2.849279,2056
15051,r6i1p1f1,2056,03,17,0.0,10.335934,-5.0102124,2056
15052,r6i1p1f1,2056,03,18,0.0,11.464288,-3.813706,2056
15053,r6i1p1f1,2056,03,19,0.002712304705417634,11.80163,-0.29473346,2056
15054,r6i1p1f1,2056,03,20,0.0,12.201603,-5.3057137,2056
15055,r6i1p1f1,2056,03,21,0.0,15.727205,-3.6848962,2056
15056,r6i1p1f1,2056,03,22,0.0,15.27317,0.13929503,2056
15057,r6i1p1f1,2056,03,23,0.5461819939092143,11.362686,0.8415488,2056
15058,r6i1p1f1,2056,03,24,3.29623785800143,8.900312,-3.880089,2056
15059,r6i1p1f1,2056,03,25,3.2228887977844822,5.6772857,-3.1262116,2056
15060,r6i1p1f1,2056,03,26,0.23958419758550326,10.901505,-0.37820855,2056
15061,r6i1p1f1,2056,03,27,0.0013709425539692205,13.274948,1.5217377,2056
15062,r6i1p1f1,2056,03,28,0.0002550235759060708,19.50253,0.88238555,2056
15063,r6i1p1f1,2056,03,29,0.0679672654227819,18.341137,3.3082628,2056
15064,r6i1p1f1,2056,03,30,3.8193410670807695,11.334225,-6.568738,2056
15065,r6i1p1f1,2056,03,31,0.0,6.822227,-8.255276,2056
15066,r6i1p1f1,2056,04,01,0.0,7.251373,-5.8075633,2056
15067,r6i1p1f1,2056,04,02,0.03683706129051671,12.611685,-1.4707241,2056
15068,r6i1p1f1,2056,04,03,7.78292671771712,11.134773,-0.8409884,2056
15069,r6i1p1f1,2056,04,04,11.143686838200658,6.2449493,-2.84888,2056
15070,r6i1p1f1,2056,04,05,0.0,12.9482355,-4.754712,2056
15071,r6i1p1f1,2056,04,06,0.0,20.759111,1.2680813,2056
15072,r6i1p1f1,2056,04,07,0.0,22.293713,2.8101168,2056
15073,r6i1p1f1,2056,04,08,0.0,21.386312,2.7609577,2056
15074,r6i1p1f1,2056,04,09,1.8980347816589003,17.893316,3.4244127,2056
15075,r6i1p1f1,2056,04,10,8.035193944151649,13.933733,4.2379136,2056
15076,r6i1p1f1,2056,04,11,6.576925672573684,9.199472,1.4528269,2056
15077,r6i1p1f1,2056,04,12,0.14773490365769248,15.647486,2.523191,2056
15078,r6i1p1f1,2056,04,13,0.0,20.603388,1.4302895,2056
15079,r6i1p1f1,2056,04,14,0.0,23.524694,3.8320923,2056
15080,r6i1p1f1,2056,04,15,0.0,24.711672,6.003987,2056
15081,r6i1p1f1,2056,04,16,0.0,26.342916,6.7189264,2056
15082,r6i1p1f1,2056,04,17,0.0,26.312096,7.0503387,2056
15083,r6i1p1f1,2056,04,18,0.0,26.701328,6.9815836,2056
15084,r6i1p1f1,2056,04,19,0.0,25.769194,8.056785,2056
15085,r6i1p1f1,2056,04,20,3.1060263422332626,18.049942,0.6850664,2056
15086,r6i1p1f1,2056,04,21,0.0,19.464537,1.6610764,2056
15087,r6i1p1f1,2056,04,22,0.0,18.83806,2.0815954,2056
15088,r6i1p1f1,2056,04,23,0.3011145729080798,18.413618,2.6229362,2056
15089,r6i1p1f1,2056,04,24,0.011647183596690891,22.466667,4.973203,2056
15090,r6i1p1f1,2056,04,25,0.0,26.700846,6.0514746,2056
15091,r6i1p1f1,2056,04,26,0.003705485731379225,26.796484,8.187931,2056
15092,r6i1p1f1,2056,04,27,5.17770609446874,19.667713,2.6182683,2056
15093,r6i1p1f1,2056,04,28,2.755668964775803,13.855803,0.227758,2056
15094,r6i1p1f1,2056,04,29,2.441935848200382,11.23631,3.0999615,2056
15095,r6i1p1f1,2056,04,30,0.33344947266600417,14.640959,2.4434006,2056
15096,r6i1p1f1,2056,05,01,0.7937292482594633,14.99148,0.13727297,2056
15097,r6i1p1f1,2056,05,02,5.031741015025527,12.208267,-0.5496983,2056
15098,r6i1p1f1,2056,05,03,0.5136923038436607,20.744436,2.48346,2056
15099,r6i1p1f1,2056,05,04,0.014904108396116575,21.242603,4.647639,2056
15100,r6i1p1f1,2056,05,05,0.033494436871174385,15.806861,2.6119118,2056
15101,r6i1p1f1,2056,05,06,3.754134188885628,12.130357,0.12378961,2056
15102,r6i1p1f1,2056,05,07,2.720972295719937,15.551364,1.9780114,2056
15103,r6i1p1f1,2056,05,08,0.6512827758807322,19.197704,0.36439186,2056
15104,r6i1p1f1,2056,05,09,0.04012812194998419,20.984726,3.5637808,2056
15105,r6i1p1f1,2056,05,10,0.0,26.787174,7.755591,2056
15106,r6i1p1f1,2056,05,11,0.0001006623371313229,29.304716,9.344995,2056
15107,r6i1p1f1,2056,05,12,0.019411262778127502,29.481815,12.074035,2056
15108,r6i1p1f1,2056,05,13,1.7906812267538161,24.703388,6.597799,2056
15109,r6i1p1f1,2056,05,14,0.09933939234470834,20.88355,8.503138,2056
15110,r6i1p1f1,2056,05,15,1.8300837569981832,25.013746,9.167008,2056
15111,r6i1p1f1,2056,05,16,8.936539611564942,17.8515,3.722975,2056
15112,r6i1p1f1,2056,05,17,9.78825833923409,16.16651,5.3807497,2056
15113,r6i1p1f1,2056,05,18,0.5587341212618292,27.306614,9.881775,2056
15114,r6i1p1f1,2056,05,19,0.0,30.273794,9.184104,2056
15115,r6i1p1f1,2056,05,20,0.0,29.87069,10.25815,2056
15116,r6i1p1f1,2056,05,21,0.1458474208101434,30.315647,11.768571,2056
15117,r6i1p1f1,2056,05,22,0.0,29.72876,10.712479,2056
15118,r6i1p1f1,2056,05,23,0.0,29.375124,12.630911,2056
15119,r6i1p1f1,2056,05,24,3.05674523433576,23.03514,5.6601605,2056
15120,r6i1p1f1,2056,05,25,3.8203850093737857,18.384958,3.0870116,2056
15121,r6i1p1f1,2056,05,26,0.3008387370958319,24.006414,8.643402,2056
15122,r6i1p1f1,2056,05,27,1.1248814932402702,24.120186,8.035825,2056
15123,r6i1p1f1,2056,05,28,0.006463750955755242,29.078417,9.621238,2056
15124,r6i1p1f1,2056,05,29,0.0,28.091728,9.41543,2056
15125,r6i1p1f1,2056,05,30,0.4229806617226149,27.317114,10.494099,2056
15126,r6i1p1f1,2056,05,31,0.034237508806864166,24.631994,7.5692415,2056
15127,r6i1p1f1,2056,06,01,0.3039857711092201,19.800636,5.415267,2056
15128,r6i1p1f1,2056,06,02,0.0,25.497587,9.19858,2056
15129,r6i1p1f1,2056,06,03,0.0,29.141808,9.210449,2056
15130,r6i1p1f1,2056,06,04,0.02183691851838523,30.499222,10.500383,2056
15131,r6i1p1f1,2056,06,05,0.0,32.62451,13.301627,2056
15132,r6i1p1f1,2056,06,06,0.0,32.273746,13.014174,2056
15133,r6i1p1f1,2056,06,07,0.2031774517461051,25.092646,6.918477,2056
15134,r6i1p1f1,2056,06,08,0.020380701215411096,20.312796,3.368709,2056
15135,r6i1p1f1,2056,06,09,0.1216448562505084,21.631094,5.178928,2056
15136,r6i1p1f1,2056,06,10,0.0,24.566547,5.5233064,2056
15137,r6i1p1f1,2056,06,11,0.010728547497657946,26.16545,7.8392057,2056
15138,r6i1p1f1,2056,06,12,0.5126728809050605,26.829762,10.07891,2056
15139,r6i1p1f1,2056,06,13,0.013814861837359875,30.571447,10.089731,2056
15140,r6i1p1f1,2056,06,14,0.7982828054517893,31.57493,11.4568205,2056
15141,r6i1p1f1,2056,06,15,2.586544220650587,28.993418,12.544719,2056
15142,r6i1p1f1,2056,06,16,0.041620225607195895,29.008362,13.182477,2056
15143,r6i1p1f1,2056,06,17,0.47029947564016195,29.080858,10.4336405,2056
15144,r6i1p1f1,2056,06,18,0.5115032233729405,29.801731,11.054665,2056
15145,r6i1p1f1,2056,06,19,0.0,30.83676,10.975351,2056
15146,r6i1p1f1,2056,06,20,0.6890980759375017,28.090061,7.8859015,2056
15147,r6i1p1f1,2056,06,21,0.0,27.266436,9.715908,2056
15148,r6i1p1f1,2056,06,22,0.0,26.821892,10.106065,2056
15149,r6i1p1f1,2056,06,23,0.04720956843936461,24.96579,8.302167,2056
15150,r6i1p1f1,2056,06,24,0.18336229686567002,25.926718,9.814636,2056
15151,r6i1p1f1,2056,06,25,0.4712336228755899,26.879572,7.5858064,2056
15152,r6i1p1f1,2056,06,26,0.02797417793795516,29.945393,10.232183,2056
15153,r6i1p1f1,2056,06,27,0.029476965790455698,31.18249,14.137449,2056
15154,r6i1p1f1,2056,06,28,0.12230865244494797,32.19653,13.040851,2056
15155,r6i1p1f1,2056,06,29,0.005182987177333352,33.026775,13.528096,2056
15156,r6i1p1f1,2056,06,30,0.0,33.88336,14.103638,2056
15157,r6i1p1f1,2056,07,01,0.1590422302824114,34.781055,14.373559,2056
15158,r6i1p1f1,2056,07,02,0.001733733903357081,33.784683,14.114409,2056
15159,r6i1p1f1,2056,07,03,0.5650903940699926,32.128567,11.955992,2056
15160,r6i1p1f1,2056,07,04,0.0,31.054157,12.495999,2056
15161,r6i1p1f1,2056,07,05,0.22232010133701918,32.11006,14.031695,2056
15162,r6i1p1f1,2056,07,06,0.6236129257183517,31.0361,12.770003,2056
15163,r6i1p1f1,2056,07,07,2.681637482965502,29.40144,11.350825,2056
15164,r6i1p1f1,2056,07,08,0.010488343624108661,31.37672,12.121654,2056
15165,r6i1p1f1,2056,07,09,0.0,31.721348,12.531768,2056
15166,r6i1p1f1,2056,07,10,0.0,31.833382,14.581306,2056
15167,r6i1p1f1,2056,07,11,0.0,32.19243,12.618996,2056
15168,r6i1p1f1,2056,07,12,0.0,32.21233,12.642277,2056
15169,r6i1p1f1,2056,07,13,0.0,31.831858,12.792795,2056
15170,r6i1p1f1,2056,07,14,0.0,32.539875,13.10547,2056
15171,r6i1p1f1,2056,07,15,0.0,33.708534,13.768423,2056
15172,r6i1p1f1,2056,07,16,0.0,34.490116,14.910088,2056
15173,r6i1p1f1,2056,07,17,0.0,34.297276,14.64567,2056
15174,r6i1p1f1,2056,07,18,0.0,33.43458,12.995639,2056
15175,r6i1p1f1,2056,07,19,0.0,32.13406,11.649452,2056
15176,r6i1p1f1,2056,07,20,0.0,29.505777,11.6748,2056
15177,r6i1p1f1,2056,07,21,0.0,27.40406,9.121881,2056
15178,r6i1p1f1,2056,07,22,0.1799717156346715,26.415903,6.415274,2056
15179,r6i1p1f1,2056,07,23,0.0,31.564209,10.087803,2056
15180,r6i1p1f1,2056,07,24,0.836931940632217,34.36994,13.947325,2056
15181,r6i1p1f1,2056,07,25,3.3546993445216873,32.419075,13.8830185,2056
15182,r6i1p1f1,2056,07,26,1.3797419589303888,32.1669,13.663473,2056
15183,r6i1p1f1,2056,07,27,0.23364645269085246,32.575947,13.17281,2056
15184,r6i1p1f1,2056,07,28,0.0,32.819386,13.965752,2056
15185,r6i1p1f1,2056,07,29,0.8543584388931564,32.647804,12.895249,2056
15186,r6i1p1f1,2056,07,30,0.0,30.79526,11.27291,2056
15187,r6i1p1f1,2056,07,31,0.0,30.141356,10.777671,2056
15188,r6i1p1f1,2056,08,01,0.00192428096448918,30.169971,11.630315,2056
15189,r6i1p1f1,2056,08,02,0.4183420012728536,30.533936,10.51879,2056
15190,r6i1p1f1,2056,08,03,0.0,30.98101,10.762736,2056
15191,r6i1p1f1,2056,08,04,0.7945377918866433,30.696333,12.635525,2056
15192,r6i1p1f1,2056,08,05,0.5332929049759823,28.248875,11.039319,2056
15193,r6i1p1f1,2056,08,06,0.7442003525751865,30.294077,12.374601,2056
15194,r6i1p1f1,2056,08,07,0.0028102464777557353,32.684822,13.395153,2056
15195,r6i1p1f1,2056,08,08,0.04051452281057626,32.793987,12.336217,2056
15196,r6i1p1f1,2056,08,09,0.0022537252956309805,28.948147,10.144072,2056
15197,r6i1p1f1,2056,08,10,0.0,29.40941,10.357375,2056
15198,r6i1p1f1,2056,08,11,0.04235535570205538,29.464087,10.265719,2056
15199,r6i1p1f1,2056,08,12,0.000807544515671767,28.79432,10.171334,2056
15200,r6i1p1f1,2056,08,13,0.0,28.776932,9.962615,2056
15201,r6i1p1f1,2056,08,14,1.3696486091731215e-06,30.897926,10.0790415,2056
15202,r6i1p1f1,2056,08,15,0.0,30.662567,10.4450035,2056
15203,r6i1p1f1,2056,08,16,0.0,31.18573,10.357304,2056
15204,r6i1p1f1,2056,08,17,0.0,31.754406,11.26636,2056
15205,r6i1p1f1,2056,08,18,0.0,32.021244,11.720118,2056
15206,r6i1p1f1,2056,08,19,0.0,30.643238,10.506689,2056
15207,r6i1p1f1,2056,08,20,4.1680675372920005e-06,29.132439,10.561873,2056
15208,r6i1p1f1,2056,08,21,0.0,29.645761,10.530254,2056
15209,r6i1p1f1,2056,08,22,3.5952839603640347,27.219624,7.0833445,2056
15210,r6i1p1f1,2056,08,23,2.0022317304618222,22.023867,5.3230195,2056
15211,r6i1p1f1,2056,08,24,0.0,22.111715,5.142598,2056
15212,r6i1p1f1,2056,08,25,0.5841263128612985,21.95151,5.668331,2056
15213,r6i1p1f1,2056,08,26,0.0,24.016205,4.1917634,2056
15214,r6i1p1f1,2056,08,27,0.0,27.331484,7.565928,2056
15215,r6i1p1f1,2056,08,28,0.0,28.501791,8.196812,2056
15216,r6i1p1f1,2056,08,29,0.0,29.51101,9.160219,2056
15217,r6i1p1f1,2056,08,30,0.0,31.620506,9.89206,2056
15218,r6i1p1f1,2056,08,31,0.0,31.558033,10.369009,2056
15219,r6i1p1f1,2056,09,01,0.0,28.970808,9.287737,2056
15220,r6i1p1f1,2056,09,02,0.0,27.392056,8.632691,2056
15221,r6i1p1f1,2056,09,03,0.0,29.726734,9.917139,2056
15222,r6i1p1f1,2056,09,04,0.0,31.991661,10.997753,2056
15223,r6i1p1f1,2056,09,05,0.0,32.358437,11.584675,2056
15224,r6i1p1f1,2056,09,06,0.0,31.741682,11.232839,2056
15225,r6i1p1f1,2056,09,07,0.000283308614191974,28.475218,9.329073,2056
15226,r6i1p1f1,2056,09,08,0.04489399819369296,24.02519,6.683507,2056
15227,r6i1p1f1,2056,09,09,0.003207107445395356,22.1608,5.013488,2056
15228,r6i1p1f1,2056,09,10,0.0,27.810406,5.6232142,2056
15229,r6i1p1f1,2056,09,11,0.0,28.21096,8.140994,2056
15230,r6i1p1f1,2056,09,12,0.0,26.860954,7.4177055,2056
15231,r6i1p1f1,2056,09,13,0.0,29.766562,8.193263,2056
15232,r6i1p1f1,2056,09,14,0.0,32.939266,10.536941,2056
15233,r6i1p1f1,2056,09,15,0.0,32.225014,10.927439,2056
15234,r6i1p1f1,2056,09,16,0.5520890756234995,31.67334,12.690435,2056
15235,r6i1p1f1,2056,09,17,0.0,31.139175,13.702271,2056
15236,r6i1p1f1,2056,09,18,5.1655729809711985,27.010164,9.571141,2056
15237,r6i1p1f1,2056,09,19,1.2403523484653889,27.138428,8.804201,2056
15238,r6i1p1f1,2056,09,20,0.0009985996610850877,25.903738,8.199251,2056
15239,r6i1p1f1,2056,09,21,0.0,24.335966,6.381626,2056
15240,r6i1p1f1,2056,09,22,0.0,24.167055,6.277252,2056
15241,r6i1p1f1,2056,09,23,0.0,25.363605,7.712672,2056
15242,r6i1p1f1,2056,09,24,0.014550956468121073,23.959154,7.456115,2056
15243,r6i1p1f1,2056,09,25,0.07972111338895124,20.915081,3.978325,2056
15244,r6i1p1f1,2056,09,26,0.0,22.162558,4.1579714,2056
15245,r6i1p1f1,2056,09,27,0.0,22.64718,4.6154327,2056
15246,r6i1p1f1,2056,09,28,0.0,22.539995,4.618449,2056
15247,r6i1p1f1,2056,09,29,12.910957572893665,18.284761,3.26087,2056
15248,r6i1p1f1,2056,09,30,8.771687615099014,17.087854,3.703068,2056
15249,r6i1p1f1,2056,10,01,0.0,24.484926,5.747979,2056
15250,r6i1p1f1,2056,10,02,0.0,30.008715,7.967712,2056
15251,r6i1p1f1,2056,10,03,0.0,29.564833,11.587409,2056
15252,r6i1p1f1,2056,10,04,0.0,29.197845,10.914876,2056
15253,r6i1p1f1,2056,10,05,0.0,27.443884,10.293368,2056
15254,r6i1p1f1,2056,10,06,0.0,25.831444,8.246928,2056
15255,r6i1p1f1,2056,10,07,0.783215489687895,19.84808,5.7863946,2056
15256,r6i1p1f1,2056,10,08,0.09646670687225668,19.723896,0.27339092,2056
15257,r6i1p1f1,2056,10,09,0.0015539520971162442,18.688185,1.9061649,2056
15258,r6i1p1f1,2056,10,10,0.0,17.987816,3.0648165,2056
15259,r6i1p1f1,2056,10,11,0.0,23.417118,1.3954676,2056
15260,r6i1p1f1,2056,10,12,0.0,24.511032,5.1260476,2056
15261,r6i1p1f1,2056,10,13,0.0,24.619059,5.781629,2056
15262,r6i1p1f1,2056,10,14,0.0,25.635546,5.443134,2056
15263,r6i1p1f1,2056,10,15,0.0,25.434744,4.205684,2056
15264,r6i1p1f1,2056,10,16,0.0,26.252436,5.6405463,2056
15265,r6i1p1f1,2056,10,17,0.01900112565956763,27.99962,7.0489335,2056
15266,r6i1p1f1,2056,10,18,1.201458120966541,21.490097,2.474636,2056
15267,r6i1p1f1,2056,10,19,0.01470190857581641,10.452251,-3.294497,2056
15268,r6i1p1f1,2056,10,20,0.0,8.509138,-3.4634984,2056
15269,r6i1p1f1,2056,10,21,0.0,10.4812765,-6.588246,2056
15270,r6i1p1f1,2056,10,22,0.0,13.319065,-5.8632364,2056
15271,r6i1p1f1,2056,10,23,0.0,17.065187,-1.995706,2056
15272,r6i1p1f1,2056,10,24,0.11854252418897365,16.157076,-0.78449535,2056
15273,r6i1p1f1,2056,10,25,0.013207134154260872,15.590353,-1.0244843,2056
15274,r6i1p1f1,2056,10,26,3.258471363177793,13.391151,-0.877517,2056
15275,r6i1p1f1,2056,10,27,1.283295735053576,8.841667,-1.6223313,2056
15276,r6i1p1f1,2056,10,28,1.28636654550698,8.61546,-2.5432827,2056
15277,r6i1p1f1,2056,10,29,0.07911481600667797,9.6192665,-1.7640437,2056
15278,r6i1p1f1,2056,10,30,0.02808490342291472,13.708919,-0.9406788,2056
15279,r6i1p1f1,2056,10,31,0.0,16.215616,-2.2178059,2056
15280,r6i1p1f1,2056,11,01,0.11737859997099474,16.440187,-0.24598844,2056
15281,r6i1p1f1,2056,11,02,0.7474343884454875,12.5502,4.0424232,2056
15282,r6i1p1f1,2056,11,03,0.0,13.481144,-2.905047,2056
15283,r6i1p1f1,2056,11,04,0.0,14.966241,-0.9371037,2056
15284,r6i1p1f1,2056,11,05,0.0,17.228464,-0.3487037,2056
15285,r6i1p1f1,2056,11,06,0.0,18.722666,2.0877764,2056
15286,r6i1p1f1,2056,11,07,0.012881904481454712,18.15767,1.6776283,2056
15287,r6i1p1f1,2056,11,08,0.02117789840937469,16.119984,0.5566893,2056
15288,r6i1p1f1,2056,11,09,0.0,17.089146,-1.2961953,2056
15289,r6i1p1f1,2056,11,10,0.0009973216647962814,14.25988,1.6650615,2056
15290,r6i1p1f1,2056,11,11,0.29054557353583416,11.479301,1.9495176,2056
15291,r6i1p1f1,2056,11,12,4.088693688327,11.637279,3.9805698,2056
15292,r6i1p1f1,2056,11,13,3.2746343118515897,11.488845,3.9741957,2056
15293,r6i1p1f1,2056,11,14,2.3261541289642054,10.382516,4.526708,2056
15294,r6i1p1f1,2056,11,15,16.778807471163958,10.106284,2.5792363,2056
15295,r6i1p1f1,2056,11,16,0.0,13.753262,-1.1062579,2056
15296,r6i1p1f1,2056,11,17,0.0,17.448914,0.37501267,2056
15297,r6i1p1f1,2056,11,18,0.5528713169749784,15.259383,2.7412,2056
15298,r6i1p1f1,2056,11,19,1.9518753030887745,8.260294,-3.886822,2056
15299,r6i1p1f1,2056,11,20,0.00020693866432734524,4.868413,-7.6457505,2056
15300,r6i1p1f1,2056,11,21,0.0,6.2810163,-8.470306,2056
15301,r6i1p1f1,2056,11,22,0.0,11.156413,-7.3315406,2056
15302,r6i1p1f1,2056,11,23,0.0,11.448747,-5.444036,2056
15303,r6i1p1f1,2056,11,24,0.0,12.617478,-5.0556135,2056
15304,r6i1p1f1,2056,11,25,0.0,11.45895,-2.4166427,2056
15305,r6i1p1f1,2056,11,26,0.0,13.872864,-1.786227,2056
15306,r6i1p1f1,2056,11,27,0.32238702059692464,13.276627,-2.0485594,2056
15307,r6i1p1f1,2056,11,28,2.015276026053517,8.913,1.9119763,2056
15308,r6i1p1f1,2056,11,29,0.5249619413205496,7.251838,-1.9036306,2056
15309,r6i1p1f1,2056,11,30,2.2519120490050604,6.68179,-6.4673038,2056
15310,r6i1p1f1,2056,12,01,20.987800215432085,2.8445747,-6.3874297,2056
15311,r6i1p1f1,2056,12,02,4.280367459500509,-0.15068787,-5.9940825,2056
15312,r6i1p1f1,2056,12,03,5.170315177252158,0.99188185,-6.9567714,2056
15313,r6i1p1f1,2056,12,04,15.269743005427724,7.674442,-4.363822,2056
15314,r6i1p1f1,2056,12,05,33.17727041672188,9.988694,-0.060542274,2056
15315,r6i1p1f1,2056,12,06,10.466677567593193,10.817539,0.8917439,2056
15316,r6i1p1f1,2056,12,07,1.3387514861619516,8.774396,-1.1222343,2056
15317,r6i1p1f1,2056,12,08,0.0,7.166594,-4.6713576,2056
15318,r6i1p1f1,2056,12,09,0.0003078594062572424,8.410368,-1.2826995,2056
15319,r6i1p1f1,2056,12,10,0.0010086618088094197,10.751639,3.5395432,2056
15320,r6i1p1f1,2056,12,11,2.9305754134073814,11.451795,0.21063055,2056
15321,r6i1p1f1,2056,12,12,0.0,14.662682,0.8562584,2056
15322,r6i1p1f1,2056,12,13,0.0,14.877317,2.3010595,2056
15323,r6i1p1f1,2056,12,14,0.0,16.12489,2.1047761,2056
15324,r6i1p1f1,2056,12,15,0.0,15.449152,2.6392157,2056
15325,r6i1p1f1,2056,12,16,0.0,12.442229,-0.5985426,2056
15326,r6i1p1f1,2056,12,17,0.0,4.9241395,-8.58648,2056
15327,r6i1p1f1,2056,12,18,0.0,8.321494,-7.3076134,2056
15328,r6i1p1f1,2056,12,19,0.0009990354123922789,7.1945252,-6.2410336,2056
15329,r6i1p1f1,2056,12,20,0.007360866015723833,12.764993,-1.1744281,2056
15330,r6i1p1f1,2056,12,21,3.00715676014491,9.948134,-1.0604948,2056
15331,r6i1p1f1,2056,12,22,29.57618835180319,5.9871798,-2.1173022,2056
15332,r6i1p1f1,2056,12,23,17.7696567572105,4.1513257,-9.675372,2056
15333,r6i1p1f1,2056,12,24,19.680760556874173,-0.8992361,-10.433863,2056
15334,r6i1p1f1,2056,12,25,23.145151542182365,4.0512705,-6.665604,2056
15335,r6i1p1f1,2056,12,26,17.039643028433815,2.9871616,-4.3933873,2056
15336,r6i1p1f1,2056,12,27,23.55630302008785,6.2210946,-3.8640807,2056
15337,r6i1p1f1,2056,12,28,0.006790835645427118,9.210525,-1.5881325,2056
15338,r6i1p1f1,2056,12,29,5.546895084096308,7.4419312,-4.490588,2056
15339,r6i1p1f1,2056,12,30,0.0,9.985434,1.0543284,2056
15340,r6i1p1f1,2056,12,31,0.0,14.458081,3.5965981,2056
15341,r6i1p1f1,2057,01,01,0.00110522077081992,14.369528,4.6750655,2057
15342,r6i1p1f1,2057,01,02,0.07584621025617896,12.433576,1.5628546,2057
15343,r6i1p1f1,2057,01,03,4.482777665329659,10.858622,1.6474046,2057
15344,r6i1p1f1,2057,01,04,29.355195907588808,11.705269,3.4809186,2057
15345,r6i1p1f1,2057,01,05,0.0,13.997118,4.543666,2057
15346,r6i1p1f1,2057,01,06,8.820113898783498,11.220556,2.1879995,2057
15347,r6i1p1f1,2057,01,07,33.54898934246151,8.617165,2.114494,2057
15348,r6i1p1f1,2057,01,08,32.74441882193299,10.64668,3.37667,2057
15349,r6i1p1f1,2057,01,09,12.80771162853105,10.665146,4.056544,2057
15350,r6i1p1f1,2057,01,10,0.0,14.587782,2.5512118,2057
15351,r6i1p1f1,2057,01,11,0.04227738220501992,14.574895,3.1692264,2057
15352,r6i1p1f1,2057,01,12,0.5705030768428127,10.436771,3.6601098,2057
15353,r6i1p1f1,2057,01,13,9.747073013627796,7.240841,0.15662365,2057
15354,r6i1p1f1,2057,01,14,0.0,6.728122,-3.658181,2057
15355,r6i1p1f1,2057,01,15,0.0,12.4964075,-1.2415853,2057
15356,r6i1p1f1,2057,01,16,0.5152776055556045,11.146141,3.3498325,2057
15357,r6i1p1f1,2057,01,17,0.0,13.701318,0.7379577,2057
15358,r6i1p1f1,2057,01,18,0.0,13.529747,2.9348004,2057
15359,r6i1p1f1,2057,01,19,0.038868698006679886,13.17099,2.3572524,2057
15360,r6i1p1f1,2057,01,20,0.03669216941347198,15.186647,2.3128133,2057
15361,r6i1p1f1,2057,01,21,4.07115906921784,13.683449,4.798683,2057
15362,r6i1p1f1,2057,01,22,5.27596058169654,12.7324295,3.7796738,2057
15363,r6i1p1f1,2057,01,23,0.007948416726067508,15.499754,4.9068313,2057
15364,r6i1p1f1,2057,01,24,5.294634396703328,12.65238,3.9995708,2057
15365,r6i1p1f1,2057,01,25,16.382552735157,12.970204,6.3306894,2057
15366,r6i1p1f1,2057,01,26,15.479238849631884,12.973256,5.3198256,2057
15367,r6i1p1f1,2057,01,27,13.834824028278433,12.06312,5.2253966,2057
15368,r6i1p1f1,2057,01,28,24.02672534449609,12.760667,6.636226,2057
15369,r6i1p1f1,2057,01,29,23.938764493384557,13.287407,6.4281926,2057
15370,r6i1p1f1,2057,01,30,39.897202794068754,13.058307,2.1899984,2057
15371,r6i1p1f1,2057,01,31,12.897808866176916,13.332466,1.7247404,2057
15372,r6i1p1f1,2057,02,01,0.0,17.416094,1.37875,2057
15373,r6i1p1f1,2057,02,02,0.0,16.777746,2.678248,2057
15374,r6i1p1f1,2057,02,03,1.0105422403994755,15.516947,1.5927567,2057
15375,r6i1p1f1,2057,02,04,16.322754125323303,10.271561,1.3587096,2057
15376,r6i1p1f1,2057,02,05,4.393678335314978,9.63716,1.7322099,2057
15377,r6i1p1f1,2057,02,06,1.6821573987933471,8.310922,1.1216992,2057
15378,r6i1p1f1,2057,02,07,0.006187072088074105,9.754224,-2.64616,2057
15379,r6i1p1f1,2057,02,08,19.600878340406926,8.052892,0.6047892,2057
15380,r6i1p1f1,2057,02,09,0.06979132076939529,13.154054,0.31874853,2057
15381,r6i1p1f1,2057,02,10,0.0,12.163021,-2.1769183,2057
15382,r6i1p1f1,2057,02,11,8.768402473336616,7.8906293,0.7800071,2057
15383,r6i1p1f1,2057,02,12,2.586199903064937,7.752911,0.41813987,2057
15384,r6i1p1f1,2057,02,13,0.015003875884376038,10.100579,-4.2724857,2057
15385,r6i1p1f1,2057,02,14,0.0,9.804198,-2.6081398,2057
15386,r6i1p1f1,2057,02,15,0.0014577030636298504,8.09568,-2.818539,2057
15387,r6i1p1f1,2057,02,16,0.18787807149494926,9.100058,-5.281705,2057
15388,r6i1p1f1,2057,02,17,0.0,13.316053,-4.66386,2057
15389,r6i1p1f1,2057,02,18,4.251635573418636,10.019459,-5.4292674,2057
15390,r6i1p1f1,2057,02,19,8.272592156681192,4.7379646,-2.9698153,2057
15391,r6i1p1f1,2057,02,20,9.184230041096171,4.437382,-1.801944,2057
15392,r6i1p1f1,2057,02,21,7.048920625993147,5.7146735,-3.9826965,2057
15393,r6i1p1f1,2057,02,22,12.898950040988797,8.045889,-0.9493379,2057
15394,r6i1p1f1,2057,02,23,0.0,11.637402,-2.311497,2057
15395,r6i1p1f1,2057,02,24,0.0,14.140341,0.7836374,2057
15396,r6i1p1f1,2057,02,25,0.0,13.199665,1.3946567,2057
15397,r6i1p1f1,2057,02,26,3.7868296329878444,10.330808,1.8365656,2057
15398,r6i1p1f1,2057,02,27,5.433580838373994,12.658784,2.4418223,2057
15399,r6i1p1f1,2057,02,28,37.334200955326104,12.463222,1.6061419,2057
15400,r6i1p1f1,2057,03,01,13.201620028340143,13.555886,1.1691643,2057
15401,r6i1p1f1,2057,03,02,4.304471712859662,11.227245,-0.2888543,2057
15402,r6i1p1f1,2057,03,03,10.196208659241416,12.041733,1.2684145,2057
15403,r6i1p1f1,2057,03,04,13.857475148165491,9.389786,-3.3768978,2057
15404,r6i1p1f1,2057,03,05,0.010112273498855925,10.631277,2.1145546,2057
15405,r6i1p1f1,2057,03,06,0.0,15.368224,-1.5843396,2057
15406,r6i1p1f1,2057,03,07,3.5652657998535617,11.105114,-3.6051993,2057
15407,r6i1p1f1,2057,03,08,1.7016824575102678,6.7926445,-0.7715327,2057
15408,r6i1p1f1,2057,03,09,1.5878009181510433,8.3866205,0.639823,2057
15409,r6i1p1f1,2057,03,10,0.0,12.392121,-1.6548467,2057
15410,r6i1p1f1,2057,03,11,0.0,15.563119,-1.8504242,2057
15411,r6i1p1f1,2057,03,12,0.0049517168513178635,14.721869,1.6856004,2057
15412,r6i1p1f1,2057,03,13,0.0,14.866721,-0.6722166,2057
15413,r6i1p1f1,2057,03,14,0.0,15.983722,0.5113298,2057
15414,r6i1p1f1,2057,03,15,0.0,17.264725,0.9884829,2057
15415,r6i1p1f1,2057,03,16,0.0,17.264902,-1.1962926,2057
15416,r6i1p1f1,2057,03,17,0.0,14.905162,-3.63126,2057
15417,r6i1p1f1,2057,03,18,0.0,14.234135,-2.381764,2057
15418,r6i1p1f1,2057,03,19,0.0,15.441082,0.8522788,2057
15419,r6i1p1f1,2057,03,20,0.0,15.212762,0.98901147,2057
15420,r6i1p1f1,2057,03,21,1.0913313438448702,13.2012415,-1.4784524,2057
15421,r6i1p1f1,2057,03,22,0.97138715558873,13.40802,0.9088695,2057
15422,r6i1p1f1,2057,03,23,4.637019598203089,13.031223,0.12988244,2057
15423,r6i1p1f1,2057,03,24,13.284020591846689,11.043736,-2.9256232,2057
15424,r6i1p1f1,2057,03,25,0.0052621810426233704,14.05517,-3.6495354,2057
15425,r6i1p1f1,2057,03,26,0.0,15.411323,-1.5465229,2057
15426,r6i1p1f1,2057,03,27,0.04579541139056812,15.339434,0.14314947,2057
15427,r6i1p1f1,2057,03,28,0.04862799206265148,14.878216,-0.5097272,2057
15428,r6i1p1f1,2057,03,29,0.0,16.07944,-0.8890091,2057
15429,r6i1p1f1,2057,03,30,0.0,22.016682,2.5621514,2057
15430,r6i1p1f1,2057,03,31,0.0,22.928547,4.6755133,2057
15431,r6i1p1f1,2057,04,01,0.0,24.465525,6.9089203,2057
15432,r6i1p1f1,2057,04,02,0.0,23.819757,5.99081,2057
15433,r6i1p1f1,2057,04,03,3.152560677629902,11.855101,-4.4721227,2057
15434,r6i1p1f1,2057,04,04,0.0,12.777413,-1.7274811,2057
15435,r6i1p1f1,2057,04,05,0.0,18.215096,-1.2261982,2057
15436,r6i1p1f1,2057,04,06,11.741424774503926,13.00024,-4.0730057,2057
15437,r6i1p1f1,2057,04,07,29.573205137324194,11.174619,-0.06872324,2057
15438,r6i1p1f1,2057,04,08,11.165172642194316,11.478228,2.0597572,2057
15439,r6i1p1f1,2057,04,09,5.213607175280879,11.290463,-0.38055867,2057
15440,r6i1p1f1,2057,04,10,2.2838888743813355,13.72918,-1.6699662,2057
15441,r6i1p1f1,2057,04,11,1.6341845926119698,11.304455,0.083862975,2057
15442,r6i1p1f1,2057,04,12,0.1637393524632748,15.319999,1.7914722,2057
15443,r6i1p1f1,2057,04,13,0.14965920541699296,16.752104,0.5675153,2057
15444,r6i1p1f1,2057,04,14,0.5494552760175899,17.162912,4.332545,2057
15445,r6i1p1f1,2057,04,15,0.9776658097615278,17.889587,1.5502175,2057
15446,r6i1p1f1,2057,04,16,0.0,20.794905,4.491937,2057
15447,r6i1p1f1,2057,04,17,0.0,21.191717,3.6413715,2057
15448,r6i1p1f1,2057,04,18,0.0,23.925526,5.258538,2057
15449,r6i1p1f1,2057,04,19,0.0004220709357986088,24.429504,8.427998,2057
15450,r6i1p1f1,2057,04,20,4.904937762866397,17.161453,1.100969,2057
15451,r6i1p1f1,2057,04,21,1.699062949729367,12.307616,2.1911912,2057
15452,r6i1p1f1,2057,04,22,0.7132065923615942,14.999474,0.70307857,2057
15453,r6i1p1f1,2057,04,23,4.299354607235461,10.637091,-4.236024,2057
15454,r6i1p1f1,2057,04,24,0.0032844662013996784,15.043141,0.20869799,2057
15455,r6i1p1f1,2057,04,25,0.7407440794748036,14.97721,-0.73107785,2057
15456,r6i1p1f1,2057,04,26,5.261458378233028,11.109395,-1.5770458,2057
15457,r6i1p1f1,2057,04,27,4.05736917744445,7.4979715,-3.004982,2057
15458,r6i1p1f1,2057,04,28,0.20270894778687878,14.183299,0.20631126,2057
15459,r6i1p1f1,2057,04,29,0.52830822166039,15.8983755,-3.3053458,2057
15460,r6i1p1f1,2057,04,30,1.942684895076948,15.318672,-2.5250123,2057
15461,r6i1p1f1,2057,05,01,0.5378820112079745,18.232481,0.11710928,2057
15462,r6i1p1f1,2057,05,02,0.21722223205118737,20.660574,4.2139273,2057
15463,r6i1p1f1,2057,05,03,0.20997132336573393,19.264927,2.7468622,2057
15464,r6i1p1f1,2057,05,04,0.8741418280495483,11.980698,-3.856483,2057
15465,r6i1p1f1,2057,05,05,0.0024615576328549937,12.919631,-0.23503767,2057
15466,r6i1p1f1,2057,05,06,0.0,21.131857,2.5593624,2057
15467,r6i1p1f1,2057,05,07,0.0,19.981632,4.590596,2057
15468,r6i1p1f1,2057,05,08,0.0,20.779484,4.98689,2057
15469,r6i1p1f1,2057,05,09,5.628576052213768,16.772173,3.4608006,2057
15470,r6i1p1f1,2057,05,10,1.9268258793201185,13.40403,2.1207886,2057
15471,r6i1p1f1,2057,05,11,3.1319894162968844,14.176818,4.2344813,2057
15472,r6i1p1f1,2057,05,12,2.6474237937645033,15.307388,3.3967357,2057
15473,r6i1p1f1,2057,05,13,5.076218764867336,14.97407,0.15492024,2057
15474,r6i1p1f1,2057,05,14,5.823180982773199,14.850421,3.728534,2057
15475,r6i1p1f1,2057,05,15,6.4577391665256965,10.713526,1.8791015,2057
15476,r6i1p1f1,2057,05,16,26.250957660827815,13.69162,0.49763715,2057
15477,r6i1p1f1,2057,05,17,4.934874507082282,18.505278,6.147928,2057
15478,r6i1p1f1,2057,05,18,0.611434025276315,19.728706,7.9418406,2057
15479,r6i1p1f1,2057,05,19,0.14719428498464363,22.110031,10.287848,2057
15480,r6i1p1f1,2057,05,20,0.00029864553563726864,29.254883,9.492948,2057
15481,r6i1p1f1,2057,05,21,0.0,29.467276,11.398649,2057
15482,r6i1p1f1,2057,05,22,2.104440354020347,27.951351,10.150563,2057
15483,r6i1p1f1,2057,05,23,1.870090430625453,21.828604,3.9406855,2057
15484,r6i1p1f1,2057,05,24,0.0,26.19672,8.121996,2057
15485,r6i1p1f1,2057,05,25,0.05707616917104552,25.937817,7.9716115,2057
15486,r6i1p1f1,2057,05,26,0.0,27.401823,7.5672493,2057
15487,r6i1p1f1,2057,05,27,0.0,28.106878,9.244059,2057
15488,r6i1p1f1,2057,05,28,1.3556180856129598,26.174088,8.390264,2057
15489,r6i1p1f1,2057,05,29,0.0,25.939266,7.2249274,2057
15490,r6i1p1f1,2057,05,30,0.0,28.752241,10.213069,2057
15491,r6i1p1f1,2057,05,31,0.048720558238458125,27.532602,10.07585,2057
15492,r6i1p1f1,2057,06,01,1.6521086991956992,24.830156,5.5088177,2057
15493,r6i1p1f1,2057,06,02,1.7730075699138594,22.298315,3.1391792,2057
15494,r6i1p1f1,2057,06,03,0.0,23.841158,6.4516826,2057
15495,r6i1p1f1,2057,06,04,0.0,23.235664,7.9320474,2057
15496,r6i1p1f1,2057,06,05,1.1040954204499507,23.519045,5.643446,2057
15497,r6i1p1f1,2057,06,06,8.580080749196542,15.959198,4.0148063,2057
15498,r6i1p1f1,2057,06,07,9.652921659897292,12.291029,2.9796822,2057
15499,r6i1p1f1,2057,06,08,2.7210618487454354,16.848864,3.6238601,2057
15500,r6i1p1f1,2057,06,09,0.9747410220880918,20.594208,2.3743377,2057
15501,r6i1p1f1,2057,06,10,0.7125274489336144,23.32185,7.649055,2057
15502,r6i1p1f1,2057,06,11,0.0,23.655195,6.4820104,2057
15503,r6i1p1f1,2057,06,12,5.020757749201524,19.199238,2.6899996,2057
15504,r6i1p1f1,2057,06,13,9.320915516965705,15.6331215,4.7891545,2057
15505,r6i1p1f1,2057,06,14,0.08986097476180077,18.980896,1.9337512,2057
15506,r6i1p1f1,2057,06,15,0.10967942627343863,22.876146,4.5649676,2057
15507,r6i1p1f1,2057,06,16,0.4806922929462875,24.616434,6.092797,2057
15508,r6i1p1f1,2057,06,17,0.0007979012881097036,26.576685,9.000121,2057
15509,r6i1p1f1,2057,06,18,0.0,27.730694,12.237689,2057
15510,r6i1p1f1,2057,06,19,0.0,28.761297,12.606647,2057
15511,r6i1p1f1,2057,06,20,0.031779925221881784,31.404325,11.707833,2057
15512,r6i1p1f1,2057,06,21,0.6231772132249042,32.11239,14.246384,2057
15513,r6i1p1f1,2057,06,22,0.22856441276279604,31.773794,13.146274,2057
15514,r6i1p1f1,2057,06,23,0.5796078862005927,32.065376,12.677553,2057
15515,r6i1p1f1,2057,06,24,0.029520908413422038,31.821173,12.443755,2057
15516,r6i1p1f1,2057,06,25,0.0,32.9675,14.470807,2057
15517,r6i1p1f1,2057,06,26,0.006187370940644375,32.867527,14.285678,2057
15518,r6i1p1f1,2057,06,27,0.7416878571910626,30.93701,12.291096,2057
15519,r6i1p1f1,2057,06,28,0.0,28.95781,10.527814,2057
15520,r6i1p1f1,2057,06,29,0.0,26.234434,7.569893,2057
15521,r6i1p1f1,2057,06,30,0.0,26.549116,7.623242,2057
15522,r6i1p1f1,2057,07,01,0.0,26.168787,7.734084,2057
15523,r6i1p1f1,2057,07,02,0.06221601339904226,26.432932,5.9038787,2057
15524,r6i1p1f1,2057,07,03,0.00045245533129551266,28.774294,8.359757,2057
15525,r6i1p1f1,2057,07,04,0.0,28.583559,9.104398,2057
15526,r6i1p1f1,2057,07,05,0.05036049362800653,28.565147,10.003301,2057
15527,r6i1p1f1,2057,07,06,0.6791454053820892,28.77538,9.271943,2057
15528,r6i1p1f1,2057,07,07,0.0,29.905172,10.28055,2057
15529,r6i1p1f1,2057,07,08,0.039925259542474764,30.567436,11.875884,2057
15530,r6i1p1f1,2057,07,09,0.08784720388073178,30.610897,10.983997,2057
15531,r6i1p1f1,2057,07,10,0.17765372253098857,30.419628,11.599698,2057
15532,r6i1p1f1,2057,07,11,0.5167528446907795,31.29976,12.428636,2057
15533,r6i1p1f1,2057,07,12,0.020322799178938925,31.048437,13.230687,2057
15534,r6i1p1f1,2057,07,13,1.3478402600847725,31.573595,13.19517,2057
15535,r6i1p1f1,2057,07,14,0.0035291738289357118,32.71338,13.71438,2057
15536,r6i1p1f1,2057,07,15,0.9119999379081827,32.63002,13.2179785,2057
15537,r6i1p1f1,2057,07,16,0.001837834692199255,32.97999,13.207503,2057
15538,r6i1p1f1,2057,07,17,0.0,32.95505,12.909706,2057
15539,r6i1p1f1,2057,07,18,0.0,32.453445,15.688229,2057
15540,r6i1p1f1,2057,07,19,0.7252306460852856,32.520554,14.530655,2057
15541,r6i1p1f1,2057,07,20,0.04512511049016731,32.201332,12.925625,2057
15542,r6i1p1f1,2057,07,21,0.018110000303155484,30.686481,13.182006,2057
15543,r6i1p1f1,2057,07,22,0.0,29.527739,10.895351,2057
15544,r6i1p1f1,2057,07,23,0.0,28.209965,10.04845,2057
15545,r6i1p1f1,2057,07,24,0.0,30.4676,10.434459,2057
15546,r6i1p1f1,2057,07,25,0.0,33.02224,12.200864,2057
15547,r6i1p1f1,2057,07,26,0.0,33.455856,12.618939,2057
15548,r6i1p1f1,2057,07,27,0.0,33.556355,13.16791,2057
15549,r6i1p1f1,2057,07,28,0.0,36.2728,14.13898,2057
15550,r6i1p1f1,2057,07,29,0.0,36.65947,15.813334,2057
15551,r6i1p1f1,2057,07,30,0.0,36.9667,16.212536,2057
15552,r6i1p1f1,2057,07,31,0.0,37.84652,16.13022,2057
15553,r6i1p1f1,2057,08,01,0.0,38.28268,16.453608,2057
15554,r6i1p1f1,2057,08,02,0.0,38.240265,17.531303,2057
15555,r6i1p1f1,2057,08,03,1.2045850002344665,39.704815,18.423044,2057
15556,r6i1p1f1,2057,08,04,0.1369159299309576,38.13251,17.916487,2057
15557,r6i1p1f1,2057,08,05,0.0,35.107983,15.10027,2057
15558,r6i1p1f1,2057,08,06,0.0,32.047066,13.6389885,2057
15559,r6i1p1f1,2057,08,07,0.004267781838923513,33.42866,14.669101,2057
15560,r6i1p1f1,2057,08,08,0.5328480703694789,34.113644,15.208146,2057
15561,r6i1p1f1,2057,08,09,0.0,34.11728,15.546006,2057
15562,r6i1p1f1,2057,08,10,0.11300315951494287,34.4012,15.521422,2057
15563,r6i1p1f1,2057,08,11,0.0009726458466186212,34.38372,14.437451,2057
15564,r6i1p1f1,2057,08,12,0.0,33.541176,13.830787,2057
15565,r6i1p1f1,2057,08,13,0.0,33.48174,14.842061,2057
15566,r6i1p1f1,2057,08,14,0.0,34.968075,14.1521015,2057
15567,r6i1p1f1,2057,08,15,0.0,35.194145,14.41174,2057
15568,r6i1p1f1,2057,08,16,0.8056331515662779,33.388775,13.636293,2057
15569,r6i1p1f1,2057,08,17,0.04442345604896513,31.363253,13.106761,2057
15570,r6i1p1f1,2057,08,18,0.020774675664008542,29.074343,11.544679,2057
15571,r6i1p1f1,2057,08,19,0.016731690327612757,27.233047,10.744307,2057
15572,r6i1p1f1,2057,08,20,0.0,29.737251,10.5383005,2057
15573,r6i1p1f1,2057,08,21,0.0,31.386158,12.779619,2057
15574,r6i1p1f1,2057,08,22,0.0,32.032593,12.927124,2057
15575,r6i1p1f1,2057,08,23,0.0,32.16727,12.069393,2057
15576,r6i1p1f1,2057,08,24,0.0,32.396645,13.247745,2057
15577,r6i1p1f1,2057,08,25,0.0,32.81897,12.492346,2057
15578,r6i1p1f1,2057,08,26,0.0,30.767984,10.125247,2057
15579,r6i1p1f1,2057,08,27,0.0,27.198706,8.871154,2057
15580,r6i1p1f1,2057,08,28,0.0,26.621675,7.639028,2057
15581,r6i1p1f1,2057,08,29,0.0,27.399553,8.441408,2057
15582,r6i1p1f1,2057,08,30,0.0,29.769934,8.453939,2057
15583,r6i1p1f1,2057,08,31,0.0,30.3181,8.937746,2057
15584,r6i1p1f1,2057,09,01,0.0,29.35441,10.786181,2057
15585,r6i1p1f1,2057,09,02,0.0,29.630222,10.887688,2057
15586,r6i1p1f1,2057,09,03,0.0,31.383978,10.863178,2057
15587,r6i1p1f1,2057,09,04,0.0,32.617672,11.788454,2057
15588,r6i1p1f1,2057,09,05,0.0,32.716187,11.889893,2057
15589,r6i1p1f1,2057,09,06,0.0,30.451092,11.225903,2057
15590,r6i1p1f1,2057,09,07,0.0,29.20257,11.426751,2057
15591,r6i1p1f1,2057,09,08,0.0,32.46603,10.915142,2057
15592,r6i1p1f1,2057,09,09,0.0,32.519318,10.474798,2057
15593,r6i1p1f1,2057,09,10,0.0,30.57208,9.953154,2057
15594,r6i1p1f1,2057,09,11,0.034411591578156715,28.201797,9.816471,2057
15595,r6i1p1f1,2057,09,12,0.4726427733806317,24.822212,7.655704,2057
15596,r6i1p1f1,2057,09,13,0.14679090561408173,26.995558,8.14701,2057
15597,r6i1p1f1,2057,09,14,0.9039757567518513,25.440804,9.345883,2057
15598,r6i1p1f1,2057,09,15,0.47792411708336585,27.35994,7.6385236,2057
15599,r6i1p1f1,2057,09,16,0.0,31.310978,9.538253,2057
15600,r6i1p1f1,2057,09,17,0.0,31.71489,11.745378,2057
15601,r6i1p1f1,2057,09,18,0.0,30.283068,11.740359,2057
15602,r6i1p1f1,2057,09,19,0.0,30.146801,10.828456,2057
15603,r6i1p1f1,2057,09,20,0.0,30.198547,10.488914,2057
15604,r6i1p1f1,2057,09,21,0.0,29.98589,9.2072735,2057
15605,r6i1p1f1,2057,09,22,0.0,29.879515,8.952843,2057
15606,r6i1p1f1,2057,09,23,0.041791290541956835,30.68302,10.257009,2057
15607,r6i1p1f1,2057,09,24,0.16884842316085902,27.789145,7.752435,2057
15608,r6i1p1f1,2057,09,25,0.7173509093605634,23.145319,5.3778853,2057
15609,r6i1p1f1,2057,09,26,0.0,28.857292,8.885291,2057
15610,r6i1p1f1,2057,09,27,0.0,32.28321,11.57073,2057
15611,r6i1p1f1,2057,09,28,0.0,32.01679,11.322869,2057
15612,r6i1p1f1,2057,09,29,0.04296745601725109,23.243689,6.8720613,2057
15613,r6i1p1f1,2057,09,30,0.16336479078869912,17.278702,1.5170025,2057
15614,r6i1p1f1,2057,10,01,0.0,17.080229,1.2975197,2057
15615,r6i1p1f1,2057,10,02,0.0,20.3383,0.5244083,2057
15616,r6i1p1f1,2057,10,03,1.3345139408186453,18.85427,3.3932312,2057
15617,r6i1p1f1,2057,10,04,0.22684178522194656,18.094652,2.9485335,2057
15618,r6i1p1f1,2057,10,05,0.0,22.358477,1.7340878,2057
15619,r6i1p1f1,2057,10,06,0.005477169740123536,21.804054,3.146919,2057
15620,r6i1p1f1,2057,10,07,0.0,23.754082,1.5127451,2057
15621,r6i1p1f1,2057,10,08,0.0,23.586948,5.9513245,2057
15622,r6i1p1f1,2057,10,09,8.537198360638387,16.470886,5.7464485,2057
15623,r6i1p1f1,2057,10,10,0.10174923480038285,15.638363,1.5865057,2057
15624,r6i1p1f1,2057,10,11,0.0,19.744062,-0.4369207,2057
15625,r6i1p1f1,2057,10,12,0.0,24.353128,3.8606575,2057
15626,r6i1p1f1,2057,10,13,0.0,25.539925,5.6988773,2057
15627,r6i1p1f1,2057,10,14,0.0,24.92606,6.0993233,2057
15628,r6i1p1f1,2057,10,15,0.0,25.889544,6.110325,2057
15629,r6i1p1f1,2057,10,16,0.0,25.352087,7.4578257,2057
15630,r6i1p1f1,2057,10,17,0.0,25.293367,7.308846,2057
15631,r6i1p1f1,2057,10,18,0.0,25.129774,5.2474394,2057
15632,r6i1p1f1,2057,10,19,0.0,25.097795,5.771729,2057
15633,r6i1p1f1,2057,10,20,0.0,26.94418,5.530295,2057
15634,r6i1p1f1,2057,10,21,0.0,26.116398,7.842509,2057
15635,r6i1p1f1,2057,10,22,0.0,25.514423,7.0377064,2057
15636,r6i1p1f1,2057,10,23,0.06401190579157544,24.10558,7.0385914,2057
15637,r6i1p1f1,2057,10,24,0.21808029470891782,20.57155,3.0115209,2057
15638,r6i1p1f1,2057,10,25,0.0,20.770147,0.6883015,2057
15639,r6i1p1f1,2057,10,26,0.0,21.01178,2.3398569,2057
15640,r6i1p1f1,2057,10,27,4.205926505189908,16.384157,4.7827516,2057
15641,r6i1p1f1,2057,10,28,3.5120140812708422,13.156139,5.0244794,2057
15642,r6i1p1f1,2057,10,29,0.0,16.203577,1.9146284,2057
15643,r6i1p1f1,2057,10,30,0.0,17.545773,4.4470983,2057
15644,r6i1p1f1,2057,10,31,0.0,20.597078,2.5226102,2057
15645,r6i1p1f1,2057,11,01,0.006002349571689748,20.59333,4.0807323,2057
15646,r6i1p1f1,2057,11,02,0.36941651385705004,17.199717,0.41232976,2057
15647,r6i1p1f1,2057,11,03,0.0,15.609963,-1.7561643,2057
15648,r6i1p1f1,2057,11,04,0.0,14.234164,0.9304926,2057
15649,r6i1p1f1,2057,11,05,0.0,12.824033,-0.1428268,2057
15650,r6i1p1f1,2057,11,06,0.0,16.339231,2.6547813,2057
15651,r6i1p1f1,2057,11,07,0.0,19.397646,1.2978858,2057
15652,r6i1p1f1,2057,11,08,0.8352271263895075,18.34195,2.0814066,2057
15653,r6i1p1f1,2057,11,09,0.3574693025706305,6.3153625,-2.7208686,2057
15654,r6i1p1f1,2057,11,10,0.0,7.4903994,-8.040097,2057
15655,r6i1p1f1,2057,11,11,0.0,10.715553,-6.1825457,2057
15656,r6i1p1f1,2057,11,12,0.0,13.834329,-0.2545877,2057
15657,r6i1p1f1,2057,11,13,0.0,16.927044,3.2047443,2057
15658,r6i1p1f1,2057,11,14,0.0,16.975584,0.640599,2057
15659,r6i1p1f1,2057,11,15,0.0,19.133202,0.050045583,2057
15660,r6i1p1f1,2057,11,16,0.0,19.528027,1.1583863,2057
15661,r6i1p1f1,2057,11,17,0.0,17.766415,0.303775,2057
15662,r6i1p1f1,2057,11,18,0.02259872305900842,16.853434,0.7048447,2057
15663,r6i1p1f1,2057,11,19,0.0,13.97551,1.5517076,2057
15664,r6i1p1f1,2057,11,20,0.0,14.429631,-2.679056,2057
15665,r6i1p1f1,2057,11,21,0.0,15.503208,-3.1990786,2057
15666,r6i1p1f1,2057,11,22,0.0,17.28967,-1.9008927,2057
15667,r6i1p1f1,2057,11,23,0.0,17.762114,-1.1317526,2057
15668,r6i1p1f1,2057,11,24,0.0,15.190974,-2.822161,2057
15669,r6i1p1f1,2057,11,25,0.0,12.228824,0.7382917,2057
15670,r6i1p1f1,2057,11,26,0.035980345897426255,12.087985,3.6942668,2057
15671,r6i1p1f1,2057,11,27,0.016130951702631888,15.003364,1.8160341,2057
15672,r6i1p1f1,2057,11,28,0.03003009942904562,15.754682,0.5422146,2057
15673,r6i1p1f1,2057,11,29,3.034917423039776,12.746693,2.402671,2057
15674,r6i1p1f1,2057,11,30,23.809868187376676,11.289985,3.4449317,2057
15675,r6i1p1f1,2057,12,01,18.18117107405037,10.628511,2.592425,2057
15676,r6i1p1f1,2057,12,02,0.44952002415059394,12.885379,2.209351,2057
15677,r6i1p1f1,2057,12,03,0.0,13.446931,-0.7720765,2057
15678,r6i1p1f1,2057,12,04,0.0,12.336072,-1.1070222,2057
15679,r6i1p1f1,2057,12,05,6.493923860093861,7.310835,-1.3036709,2057
15680,r6i1p1f1,2057,12,06,0.607770759463995,5.564615,-0.62161213,2057
15681,r6i1p1f1,2057,12,07,2.9976329210314137,6.8140283,-1.7498391,2057
15682,r6i1p1f1,2057,12,08,0.0,8.412606,-3.7003317,2057
15683,r6i1p1f1,2057,12,09,0.9702016750977933,5.919683,-5.4805064,2057
15684,r6i1p1f1,2057,12,10,0.36188109593398354,8.38833,-2.9672112,2057
15685,r6i1p1f1,2057,12,11,0.0,11.73567,-1.5851308,2057
15686,r6i1p1f1,2057,12,12,0.0,11.4665785,-1.0652729,2057
15687,r6i1p1f1,2057,12,13,0.0,9.497616,-2.5444849,2057
15688,r6i1p1f1,2057,12,14,0.011161882124645077,10.98026,-1.7606947,2057
15689,r6i1p1f1,2057,12,15,0.0,10.806104,-3.2322178,2057
15690,r6i1p1f1,2057,12,16,0.004466638949743006,8.0512,-4.3913817,2057
15691,r6i1p1f1,2057,12,17,0.011326885039855655,8.426161,-6.926932,2057
15692,r6i1p1f1,2057,12,18,5.014037050469955,5.5850763,-4.418076,2057
15693,r6i1p1f1,2057,12,19,0.0033454090157222106,5.8217645,-4.7735868,2057
15694,r6i1p1f1,2057,12,20,19.30946659839224,0.80079406,-6.2510386,2057
15695,r6i1p1f1,2057,12,21,30.66019787522678,0.2057494,-5.9304314,2057
15696,r6i1p1f1,2057,12,22,0.17269016412661053,3.2587438,-6.3274946,2057
15697,r6i1p1f1,2057,12,23,0.01940796063979092,4.6501336,-9.446522,2057
15698,r6i1p1f1,2057,12,24,0.0,4.34116,-10.426125,2057
15699,r6i1p1f1,2057,12,25,0.0,4.2710333,-6.3057094,2057
15700,r6i1p1f1,2057,12,26,1.6902979074497055,4.080987,-5.418485,2057
15701,r6i1p1f1,2057,12,27,2.5510362815607697,3.559827,-3.9384542,2057
15702,r6i1p1f1,2057,12,28,1.838261914741123,9.0742,-3.4132166,2057
15703,r6i1p1f1,2057,12,29,32.693770508607955,8.354141,-0.095502764,2057
15704,r6i1p1f1,2057,12,30,2.987411601791046,6.0635185,-0.38509852,2057
15705,r6i1p1f1,2057,12,31,0.3951919957583893,8.218428,-4.4289722,2057
15706,r6i1p1f1,2058,01,01,0.0,5.223091,-9.167398,2058
15707,r6i1p1f1,2058,01,02,0.0,4.520724,-10.579666,2058
15708,r6i1p1f1,2058,01,03,0.0,10.911104,-4.4066687,2058
15709,r6i1p1f1,2058,01,04,0.0,9.1179085,-4.7142153,2058
15710,r6i1p1f1,2058,01,05,1.6344325988315422,4.8826494,-2.654793,2058
15711,r6i1p1f1,2058,01,06,0.015103168383656086,2.6523416,-4.073614,2058
15712,r6i1p1f1,2058,01,07,0.0,5.295976,-7.1311226,2058
15713,r6i1p1f1,2058,01,08,0.0,7.3958373,-3.688818,2058
15714,r6i1p1f1,2058,01,09,0.0,7.990492,-3.9051914,2058
15715,r6i1p1f1,2058,01,10,28.30811925790843,9.063049,-2.8682487,2058
15716,r6i1p1f1,2058,01,11,27.412282011796965,9.049972,0.943077,2058
15717,r6i1p1f1,2058,01,12,18.676265130875837,6.1403713,0.3283281,2058
15718,r6i1p1f1,2058,01,13,6.354386273267325,5.7589183,-4.242447,2058
15719,r6i1p1f1,2058,01,14,0.001328157720577623,6.9643865,-5.7724314,2058
15720,r6i1p1f1,2058,01,15,0.0,6.164397,-7.081473,2058
15721,r6i1p1f1,2058,01,16,0.0,7.7378464,-6.1197324,2058
15722,r6i1p1f1,2058,01,17,0.0,7.3944035,-6.0328465,2058
15723,r6i1p1f1,2058,01,18,0.0,10.586908,-4.275286,2058
15724,r6i1p1f1,2058,01,19,0.0,10.397296,-4.5760922,2058
15725,r6i1p1f1,2058,01,20,0.07560760909244318,9.890736,-3.5372977,2058
15726,r6i1p1f1,2058,01,21,0.0,8.087253,-1.6357155,2058
15727,r6i1p1f1,2058,01,22,0.0,9.412998,-1.6854178,2058
15728,r6i1p1f1,2058,01,23,0.0,10.685865,-0.5753579,2058
15729,r6i1p1f1,2058,01,24,0.0,10.385939,-1.4257973,2058
15730,r6i1p1f1,2058,01,25,2.0719600311418667,6.4666047,-7.908634,2058
15731,r6i1p1f1,2058,01,26,17.434008009422783,0.9504346,-4.8771935,2058
15732,r6i1p1f1,2058,01,27,14.972521421163876,0.07632187,-5.717822,2058
15733,r6i1p1f1,2058,01,28,5.070313649413101,1.1282753,-12.594994,2058
15734,r6i1p1f1,2058,01,29,21.73006978893987,6.725349,-8.075522,2058
15735,r6i1p1f1,2058,01,30,53.1994820156178,7.856693,-1.735032,2058
15736,r6i1p1f1,2058,01,31,1.1263704631283433,8.381489,-1.4621273,2058
15737,r6i1p1f1,2058,02,01,2.6240424866307466,12.978385,-0.20754386,2058
15738,r6i1p1f1,2058,02,02,0.04273934351077305,13.908656,5.3832183,2058
15739,r6i1p1f1,2058,02,03,1.0784538463803182,13.246549,4.804258,2058
15740,r6i1p1f1,2058,02,04,0.07530003530903531,16.430164,2.680779,2058
15741,r6i1p1f1,2058,02,05,0.0,18.200323,2.3420203,2058
15742,r6i1p1f1,2058,02,06,0.0,18.428923,2.7516458,2058
15743,r6i1p1f1,2058,02,07,0.0,17.961203,2.9755754,2058
15744,r6i1p1f1,2058,02,08,0.0,19.534369,4.2475867,2058
15745,r6i1p1f1,2058,02,09,0.0,19.800255,4.2087817,2058
15746,r6i1p1f1,2058,02,10,0.0,18.976826,3.2571695,2058
15747,r6i1p1f1,2058,02,11,0.0,18.453236,2.8777666,2058
15748,r6i1p1f1,2058,02,12,0.0,18.58594,2.489613,2058
15749,r6i1p1f1,2058,02,13,0.0,17.677011,2.1071358,2058
15750,r6i1p1f1,2058,02,14,0.0,17.170174,1.4571302,2058
15751,r6i1p1f1,2058,02,15,0.0,18.61954,2.2455227,2058
15752,r6i1p1f1,2058,02,16,0.04533372215507527,16.997087,3.192446,2058
15753,r6i1p1f1,2058,02,17,5.003473229923143,12.943918,-0.288982,2058
15754,r6i1p1f1,2058,02,18,3.4314866013678675,5.123719,-4.0863967,2058
15755,r6i1p1f1,2058,02,19,0.2905942514893393,4.01175,-9.334082,2058
15756,r6i1p1f1,2058,02,20,1.7410116171803536,0.44655415,-7.6499887,2058
15757,r6i1p1f1,2058,02,21,0.009066743547458693,3.8648078,-11.571878,2058
15758,r6i1p1f1,2058,02,22,0.2791449196260528,6.1767445,-7.4091706,2058
15759,r6i1p1f1,2058,02,23,1.779228101622429,5.9143095,-2.6045496,2058
15760,r6i1p1f1,2058,02,24,1.1916697514962076,3.116754,-4.8563685,2058
15761,r6i1p1f1,2058,02,25,9.839249802482124,2.155137,-4.0247235,2058
15762,r6i1p1f1,2058,02,26,0.11342399409657418,4.742112,-6.202297,2058
15763,r6i1p1f1,2058,02,27,0.0013021511132248992,8.064903,-5.0460463,2058
15764,r6i1p1f1,2058,02,28,0.0,9.117134,-6.139071,2058
15765,r6i1p1f1,2058,03,01,0.0,12.105753,-3.2037935,2058
15766,r6i1p1f1,2058,03,02,0.0,10.262369,-3.60895,2058
15767,r6i1p1f1,2058,03,03,0.0,8.801999,-3.1267183,2058
15768,r6i1p1f1,2058,03,04,0.0,10.968522,-5.7535524,2058
15769,r6i1p1f1,2058,03,05,0.004265425646630823,10.663232,-7.7075176,2058
15770,r6i1p1f1,2058,03,06,0.011577648585258277,6.77066,-3.8011723,2058
15771,r6i1p1f1,2058,03,07,14.605543762563402,5.0604553,-2.974243,2058
15772,r6i1p1f1,2058,03,08,0.07414760364001058,4.5179768,-4.959113,2058
15773,r6i1p1f1,2058,03,09,0.015098488149392448,4.479323,-8.721998,2058
15774,r6i1p1f1,2058,03,10,2.298473276870114,3.804046,-5.859728,2058
15775,r6i1p1f1,2058,03,11,18.810155772103666,4.2303348,-5.098241,2058
15776,r6i1p1f1,2058,03,12,15.095762170335949,5.003585,-5.19656,2058
15777,r6i1p1f1,2058,03,13,19.964428781161146,5.8950925,-2.4008915,2058
15778,r6i1p1f1,2058,03,14,2.588891361206956,6.292021,-2.8067403,2058
15779,r6i1p1f1,2058,03,15,6.723123735292526,4.432507,-4.6239653,2058
15780,r6i1p1f1,2058,03,16,0.0,8.634695,-4.050829,2058
15781,r6i1p1f1,2058,03,17,0.4181126641778663,6.883576,-1.8722817,2058
15782,r6i1p1f1,2058,03,18,19.403893007711545,4.1462255,-3.094591,2058
15783,r6i1p1f1,2058,03,19,0.004515803931536076,6.4975004,-1.7874602,2058
15784,r6i1p1f1,2058,03,20,0.013088555409852267,10.926612,-4.1816707,2058
15785,r6i1p1f1,2058,03,21,0.0,10.703773,2.213951,2058
15786,r6i1p1f1,2058,03,22,0.01978756368851149,11.803205,3.7857492,2058
15787,r6i1p1f1,2058,03,23,0.002121888622667696,15.42627,-0.1715997,2058
15788,r6i1p1f1,2058,03,24,0.0,17.973827,-0.7863701,2058
15789,r6i1p1f1,2058,03,25,0.0,18.009201,2.1827018,2058
15790,r6i1p1f1,2058,03,26,5.639769030053216,14.490044,0.53866273,2058
15791,r6i1p1f1,2058,03,27,8.678986260192437,10.440924,-0.31284788,2058
15792,r6i1p1f1,2058,03,28,7.072534513725527,6.2850685,-2.1495254,2058
15793,r6i1p1f1,2058,03,29,0.0,8.991298,-3.852856,2058
15794,r6i1p1f1,2058,03,30,0.0,15.83572,-2.180184,2058
15795,r6i1p1f1,2058,03,31,0.0,19.108118,0.23654138,2058
15796,r6i1p1f1,2058,04,01,0.0,21.20049,1.8744593,2058
15797,r6i1p1f1,2058,04,02,0.0,21.493044,2.173625,2058
15798,r6i1p1f1,2058,04,03,0.0,22.254732,4.426526,2058
15799,r6i1p1f1,2058,04,04,0.016190055757683227,21.427002,4.277978,2058
15800,r6i1p1f1,2058,04,05,11.006657285483739,8.599921,0.6422639,2058
15801,r6i1p1f1,2058,04,06,1.7016103881295672,7.5014396,-3.1643295,2058
15802,r6i1p1f1,2058,04,07,0.3409755899338441,9.831469,-5.9023438,2058
15803,r6i1p1f1,2058,04,08,7.099944839365393,4.8917265,-4.887244,2058
15804,r6i1p1f1,2058,04,09,3.915854935141342,3.3548622,-4.5632377,2058
15805,r6i1p1f1,2058,04,10,0.9433183078325351,8.950634,-3.9089673,2058
15806,r6i1p1f1,2058,04,11,0.0,11.618906,-6.164689,2058
15807,r6i1p1f1,2058,04,12,3.4469526433509263,7.6547227,-2.9312353,2058
15808,r6i1p1f1,2058,04,13,1.3173801151801627,5.103315,-9.262263,2058
15809,r6i1p1f1,2058,04,14,0.0001760002480183177,10.762433,-4.491606,2058
15810,r6i1p1f1,2058,04,15,0.0,12.953731,-2.8830047,2058
15811,r6i1p1f1,2058,04,16,0.029420778871800616,12.138149,-4.5874047,2058
15812,r6i1p1f1,2058,04,17,3.237819932975304,6.1636596,-1.8115469,2058
15813,r6i1p1f1,2058,04,18,2.7111147082396085,9.736579,-4.6097465,2058
15814,r6i1p1f1,2058,04,19,0.02753476315830021,14.251612,-2.236654,2058
15815,r6i1p1f1,2058,04,20,0.0,17.014854,-1.1633477,2058
15816,r6i1p1f1,2058,04,21,0.0,17.564508,1.3329914,2058
15817,r6i1p1f1,2058,04,22,0.030575331448831705,15.579111,-1.3354685,2058
15818,r6i1p1f1,2058,04,23,0.0,19.320955,0.51553655,2058
15819,r6i1p1f1,2058,04,24,0.0,23.53975,4.095815,2058
15820,r6i1p1f1,2058,04,25,0.0,24.315449,6.504187,2058
15821,r6i1p1f1,2058,04,26,0.0,24.87325,6.6106286,2058
15822,r6i1p1f1,2058,04,27,5.962368350918732,20.283176,3.795727,2058
15823,r6i1p1f1,2058,04,28,11.749850000419508,14.039171,4.8357058,2058
15824,r6i1p1f1,2058,04,29,3.529675719387101,13.102824,0.9511309,2058
15825,r6i1p1f1,2058,04,30,6.182765932883724,13.237425,-1.3464779,2058
15826,r6i1p1f1,2058,05,01,2.6952636450228837,12.718894,2.7328932,2058
15827,r6i1p1f1,2058,05,02,0.44968860131771293,15.448479,4.063997,2058
15828,r6i1p1f1,2058,05,03,0.304400259524983,15.155785,5.322399,2058
15829,r6i1p1f1,2058,05,04,0.33350517682059383,16.669289,2.6085038,2058
15830,r6i1p1f1,2058,05,05,0.196102376051136,22.536194,3.2485588,2058
15831,r6i1p1f1,2058,05,06,0.0,24.618658,6.193219,2058
15832,r6i1p1f1,2058,05,07,0.0,25.022009,6.959449,2058
15833,r6i1p1f1,2058,05,08,0.0,26.903013,6.5238476,2058
15834,r6i1p1f1,2058,05,09,0.0,27.78648,8.698062,2058
15835,r6i1p1f1,2058,05,10,0.0,27.936768,8.494138,2058
15836,r6i1p1f1,2058,05,11,0.0,28.17524,8.967608,2058
15837,r6i1p1f1,2058,05,12,0.0,30.4131,10.292831,2058
15838,r6i1p1f1,2058,05,13,0.0,30.829296,11.598483,2058
15839,r6i1p1f1,2058,05,14,8.58830542029212,22.357763,4.538281,2058
15840,r6i1p1f1,2058,05,15,4.743620208272767,15.703931,6.4715743,2058
15841,r6i1p1f1,2058,05,16,0.654784144966687,19.389896,3.8420084,2058
15842,r6i1p1f1,2058,05,17,0.7071611575394756,22.892883,4.486418,2058
15843,r6i1p1f1,2058,05,18,0.7204272536933471,23.656656,6.6461754,2058
15844,r6i1p1f1,2058,05,19,1.1755459838745794,23.6166,7.185863,2058
15845,r6i1p1f1,2058,05,20,5.950842510860247,14.215425,-1.479158,2058
15846,r6i1p1f1,2058,05,21,0.9994990701209935,17.658583,2.5393336,2058
15847,r6i1p1f1,2058,05,22,0.23464034763301078,20.45793,5.217377,2058
15848,r6i1p1f1,2058,05,23,0.0011679488191678388,23.48369,6.5799108,2058
15849,r6i1p1f1,2058,05,24,0.6172052974370443,21.013344,6.6733866,2058
15850,r6i1p1f1,2058,05,25,0.803485929981046,18.499422,0.13388099,2058
15851,r6i1p1f1,2058,05,26,0.0,25.060312,5.3132005,2058
15852,r6i1p1f1,2058,05,27,0.0,23.676264,6.6181126,2058
15853,r6i1p1f1,2058,05,28,3.0983568404260784,14.926643,0.19236425,2058
15854,r6i1p1f1,2058,05,29,1.1076990746072404,17.513971,0.22380382,2058
15855,r6i1p1f1,2058,05,30,0.3791559568332935,24.298908,6.0480976,2058
15856,r6i1p1f1,2058,05,31,0.0,25.520857,6.902107,2058
15857,r6i1p1f1,2058,06,01,0.0027089864879827658,21.06802,3.8463826,2058
15858,r6i1p1f1,2058,06,02,0.0065400123799093796,18.601784,4.652284,2058
15859,r6i1p1f1,2058,06,03,0.0,26.68147,5.811551,2058
15860,r6i1p1f1,2058,06,04,0.13112274805044563,30.293491,11.515243,2058
15861,r6i1p1f1,2058,06,05,0.008718863014880427,29.39484,10.126166,2058
15862,r6i1p1f1,2058,06,06,0.6530799729993653,29.78565,11.120198,2058
15863,r6i1p1f1,2058,06,07,1.850280855689551,29.62748,9.743482,2058
15864,r6i1p1f1,2058,06,08,1.068666691127994,28.148302,8.819264,2058
15865,r6i1p1f1,2058,06,09,0.1617457302102349,28.05456,9.426291,2058
15866,r6i1p1f1,2058,06,10,0.3632960852529721,23.711208,8.253574,2058
15867,r6i1p1f1,2058,06,11,0.6079166713472712,20.177862,4.16858,2058
15868,r6i1p1f1,2058,06,12,2.082905800206138,20.388763,3.952637,2058
15869,r6i1p1f1,2058,06,13,0.9293653534071895,25.601175,7.4601307,2058
15870,r6i1p1f1,2058,06,14,0.0030547706111628443,29.038813,9.622461,2058
15871,r6i1p1f1,2058,06,15,0.0,30.75982,11.748213,2058
15872,r6i1p1f1,2058,06,16,0.48852842135049074,29.200798,11.176395,2058
15873,r6i1p1f1,2058,06,17,0.023382388374696705,25.322187,7.658535,2058
15874,r6i1p1f1,2058,06,18,0.004357226385960464,26.013786,8.84115,2058
15875,r6i1p1f1,2058,06,19,3.874864931760909,24.3052,6.4319496,2058
15876,r6i1p1f1,2058,06,20,0.326078386509682,26.553347,8.190769,2058
15877,r6i1p1f1,2058,06,21,0.7900125157841943,30.345863,11.055393,2058
15878,r6i1p1f1,2058,06,22,1.0768232382012486,30.934055,11.845696,2058
15879,r6i1p1f1,2058,06,23,7.338165787177762,26.680323,8.447703,2058
15880,r6i1p1f1,2058,06,24,4.5524690135002475,18.865559,7.7350016,2058
15881,r6i1p1f1,2058,06,25,18.471420532648114,15.74922,8.595814,2058
15882,r6i1p1f1,2058,06,26,1.3128391271563515,23.947844,11.267192,2058
15883,r6i1p1f1,2058,06,27,1.0790657348972632,26.342318,10.354508,2058
15884,r6i1p1f1,2058,06,28,0.8493119148996209,29.362679,9.07348,2058
15885,r6i1p1f1,2058,06,29,0.11095781999329786,30.80987,12.089607,2058
15886,r6i1p1f1,2058,06,30,0.030820880612614305,32.45347,16.122591,2058
15887,r6i1p1f1,2058,07,01,0.025549460604900365,32.6625,13.332372,2058
15888,r6i1p1f1,2058,07,02,0.0,34.19387,13.260449,2058
15889,r6i1p1f1,2058,07,03,0.0,34.607132,16.328028,2058
15890,r6i1p1f1,2058,07,04,0.015644441393713248,34.65969,15.14736,2058
15891,r6i1p1f1,2058,07,05,0.0,35.331276,13.936145,2058
15892,r6i1p1f1,2058,07,06,0.0,34.828957,13.0145855,2058
15893,r6i1p1f1,2058,07,07,0.0,33.22836,13.6903715,2058
15894,r6i1p1f1,2058,07,08,0.0,34.474056,15.999786,2058
15895,r6i1p1f1,2058,07,09,0.0,34.68903,17.545444,2058
15896,r6i1p1f1,2058,07,10,0.20445465693435064,33.34114,12.759004,2058
15897,r6i1p1f1,2058,07,11,0.0,33.576805,13.250025,2058
15898,r6i1p1f1,2058,07,12,0.0,33.765144,12.587106,2058
15899,r6i1p1f1,2058,07,13,0.0,33.951496,12.626631,2058
15900,r6i1p1f1,2058,07,14,0.0,34.275276,12.714308,2058
15901,r6i1p1f1,2058,07,15,0.14594773282610277,32.72449,13.101466,2058
15902,r6i1p1f1,2058,07,16,0.0,31.475573,13.52762,2058
15903,r6i1p1f1,2058,07,17,0.017658498971233963,31.821556,12.872912,2058
15904,r6i1p1f1,2058,07,18,0.004305376631806578,31.960623,12.263372,2058
15905,r6i1p1f1,2058,07,19,0.006313613531122981,32.69609,11.520009,2058
15906,r6i1p1f1,2058,07,20,2.226270073045906,32.02539,15.1337185,2058
15907,r6i1p1f1,2058,07,21,5.5635537058682205,22.65954,11.399542,2058
15908,r6i1p1f1,2058,07,22,3.395561445445628,20.37211,11.560348,2058
15909,r6i1p1f1,2058,07,23,0.2784321435517277,24.233152,11.769302,2058
15910,r6i1p1f1,2058,07,24,0.0,29.118927,10.311466,2058
15911,r6i1p1f1,2058,07,25,0.0,30.058002,13.875714,2058
15912,r6i1p1f1,2058,07,26,1.015382349277826,29.657442,11.942267,2058
15913,r6i1p1f1,2058,07,27,0.6028370075269623,30.57234,11.343146,2058
15914,r6i1p1f1,2058,07,28,0.0,32.78234,14.799956,2058
15915,r6i1p1f1,2058,07,29,1.9853373667357843,33.32698,13.140218,2058
15916,r6i1p1f1,2058,07,30,0.0,33.40436,13.536113,2058
15917,r6i1p1f1,2058,07,31,0.0,34.677868,14.357993,2058
15918,r6i1p1f1,2058,08,01,0.0,35.851227,14.690725,2058
15919,r6i1p1f1,2058,08,02,0.0,35.705944,14.862772,2058
15920,r6i1p1f1,2058,08,03,0.0,34.97242,14.488356,2058
15921,r6i1p1f1,2058,08,04,0.0,34.16737,14.40179,2058
15922,r6i1p1f1,2058,08,05,0.0,32.69434,13.10133,2058
15923,r6i1p1f1,2058,08,06,0.0,33.70174,13.853783,2058
15924,r6i1p1f1,2058,08,07,0.0,35.14,14.92935,2058
15925,r6i1p1f1,2058,08,08,0.0,35.556202,15.666259,2058
15926,r6i1p1f1,2058,08,09,0.0,33.989834,14.122593,2058
15927,r6i1p1f1,2058,08,10,0.0,28.835249,10.342633,2058
15928,r6i1p1f1,2058,08,11,0.0,25.91526,8.049096,2058
15929,r6i1p1f1,2058,08,12,0.0,28.004385,8.403864,2058
15930,r6i1p1f1,2058,08,13,0.0,29.771006,9.998579,2058
15931,r6i1p1f1,2058,08,14,0.0,29.32514,9.910028,2058
15932,r6i1p1f1,2058,08,15,0.0,28.342705,9.585086,2058
15933,r6i1p1f1,2058,08,16,0.0,26.010685,7.7684503,2058
15934,r6i1p1f1,2058,08,17,0.0,28.726822,8.646613,2058
15935,r6i1p1f1,2058,08,18,0.0,28.686928,9.571861,2058
15936,r6i1p1f1,2058,08,19,0.0,30.673616,11.269331,2058
15937,r6i1p1f1,2058,08,20,0.03163195708577428,31.709702,13.899068,2058
15938,r6i1p1f1,2058,08,21,0.0008436937410511845,30.683153,11.759011,2058
15939,r6i1p1f1,2058,08,22,0.0,30.5079,12.09738,2058
15940,r6i1p1f1,2058,08,23,0.0,30.22543,11.301202,2058
15941,r6i1p1f1,2058,08,24,0.0,28.893381,9.731167,2058
15942,r6i1p1f1,2058,08,25,0.0,31.233135,10.771741,2058
15943,r6i1p1f1,2058,08,26,0.0,32.307545,12.121766,2058
15944,r6i1p1f1,2058,08,27,0.033410771767086664,32.004337,11.813801,2058
15945,r6i1p1f1,2058,08,28,0.0,30.083427,11.580085,2058
15946,r6i1p1f1,2058,08,29,0.0,30.630566,12.391003,2058
15947,r6i1p1f1,2058,08,30,0.0,33.03906,12.65945,2058
15948,r6i1p1f1,2058,08,31,0.0,34.053738,13.159282,2058
15949,r6i1p1f1,2058,09,01,0.0,33.833523,13.3255415,2058
15950,r6i1p1f1,2058,09,02,0.0,33.74782,13.202872,2058
15951,r6i1p1f1,2058,09,03,0.0,33.167877,12.326308,2058
15952,r6i1p1f1,2058,09,04,0.0027666037704622377,30.05471,12.781872,2058
15953,r6i1p1f1,2058,09,05,0.0,28.420448,9.473212,2058
15954,r6i1p1f1,2058,09,06,0.0,30.509348,9.192732,2058
15955,r6i1p1f1,2058,09,07,0.0,31.95604,11.105202,2058
15956,r6i1p1f1,2058,09,08,0.0,32.249813,12.24223,2058
15957,r6i1p1f1,2058,09,09,0.0,31.717056,9.815666,2058
15958,r6i1p1f1,2058,09,10,0.0,31.802048,9.582483,2058
15959,r6i1p1f1,2058,09,11,0.0,32.001575,9.690385,2058
15960,r6i1p1f1,2058,09,12,0.0,29.993048,10.681687,2058
15961,r6i1p1f1,2058,09,13,0.0,31.719006,10.465707,2058
15962,r6i1p1f1,2058,09,14,0.0,31.467737,10.784263,2058
15963,r6i1p1f1,2058,09,15,0.0,28.906328,9.380637,2058
15964,r6i1p1f1,2058,09,16,0.00019957130575250936,28.861795,8.089679,2058
15965,r6i1p1f1,2058,09,17,0.0,28.379744,8.071209,2058
15966,r6i1p1f1,2058,09,18,0.07818899770216411,29.3002,10.161937,2058
15967,r6i1p1f1,2058,09,19,4.122656568026706,28.800133,10.797292,2058
15968,r6i1p1f1,2058,09,20,0.002076014019459295,31.604874,10.72256,2058
15969,r6i1p1f1,2058,09,21,0.0,32.384346,12.485059,2058
15970,r6i1p1f1,2058,09,22,0.0,32.234108,12.604684,2058
15971,r6i1p1f1,2058,09,23,0.0,32.937363,10.102586,2058
15972,r6i1p1f1,2058,09,24,0.0,30.745634,8.147811,2058
15973,r6i1p1f1,2058,09,25,0.0,27.246115,8.279538,2058
15974,r6i1p1f1,2058,09,26,0.09956944312276447,27.886734,13.1517725,2058
15975,r6i1p1f1,2058,09,27,2.3775733484368473,21.110075,5.2229013,2058
15976,r6i1p1f1,2058,09,28,19.506153321734217,18.319437,5.4349246,2058
15977,r6i1p1f1,2058,09,29,17.376152800505842,14.741115,4.607071,2058
15978,r6i1p1f1,2058,09,30,3.7103600701365718,16.145487,1.6796948,2058
15979,r6i1p1f1,2058,10,01,0.4747821590018466,22.436222,5.1899815,2058
15980,r6i1p1f1,2058,10,02,0.040755746105650616,24.94165,8.6445675,2058
15981,r6i1p1f1,2058,10,03,6.159520143902514,20.737309,5.4595866,2058
15982,r6i1p1f1,2058,10,04,3.751115550138461,19.91043,4.780027,2058
15983,r6i1p1f1,2058,10,05,0.0,21.655344,4.7292886,2058
15984,r6i1p1f1,2058,10,06,0.0,20.39085,5.300939,2058
15985,r6i1p1f1,2058,10,07,0.0,21.890223,5.811327,2058
15986,r6i1p1f1,2058,10,08,0.008227683692023941,22.926264,6.092488,2058
15987,r6i1p1f1,2058,10,09,0.07842360954987283,16.672565,0.53263533,2058
15988,r6i1p1f1,2058,10,10,2.7569526506104234,9.099595,-2.9023151,2058
15989,r6i1p1f1,2058,10,11,2.4585043086303173,7.005636,-3.9169478,2058
15990,r6i1p1f1,2058,10,12,0.7792076413903571,10.1724825,-4.4006042,2058
15991,r6i1p1f1,2058,10,13,0.1741432362786862,11.5518875,-4.9033675,2058
15992,r6i1p1f1,2058,10,14,0.0,15.916975,-2.8348067,2058
15993,r6i1p1f1,2058,10,15,0.0,19.504196,-0.69823855,2058
15994,r6i1p1f1,2058,10,16,0.0,19.76598,0.28380173,2058
15995,r6i1p1f1,2058,10,17,0.12215784201732618,17.210402,1.4863083,2058
15996,r6i1p1f1,2058,10,18,0.032238771246145374,14.10184,0.98291355,2058
15997,r6i1p1f1,2058,10,19,0.0,15.760098,-1.8929464,2058
15998,r6i1p1f1,2058,10,20,0.0,19.611034,-1.3848999,2058
15999,r6i1p1f1,2058,10,21,0.0,20.64918,-0.85769767,2058
16000,r6i1p1f1,2058,10,22,0.0,20.1368,0.8651516,2058
16001,r6i1p1f1,2058,10,23,0.0,18.885773,2.0071373,2058
16002,r6i1p1f1,2058,10,24,0.0,18.805641,2.3439813,2058
16003,r6i1p1f1,2058,10,25,0.024364838315983663,15.962545,3.0504384,2058
16004,r6i1p1f1,2058,10,26,0.1282206628582864,14.449778,2.9732132,2058
16005,r6i1p1f1,2058,10,27,1.677461468127347,15.636058,6.051298,2058
16006,r6i1p1f1,2058,10,28,5.65793863029168,14.083123,5.987709,2058
16007,r6i1p1f1,2058,10,29,0.057637765527414585,14.105529,3.9244044,2058
16008,r6i1p1f1,2058,10,30,0.0,17.80866,2.8485298,2058
16009,r6i1p1f1,2058,10,31,0.00023846584521552606,25.146137,4.6063256,2058
16010,r6i1p1f1,2058,11,01,0.0,24.477785,7.137556,2058
16011,r6i1p1f1,2058,11,02,0.0,21.701359,5.7795844,2058
16012,r6i1p1f1,2058,11,03,0.0,16.15481,2.0604973,2058
16013,r6i1p1f1,2058,11,04,0.0,18.506117,1.4097253,2058
16014,r6i1p1f1,2058,11,05,0.0,22.335102,5.219336,2058
16015,r6i1p1f1,2058,11,06,0.0,24.60599,6.427305,2058
16016,r6i1p1f1,2058,11,07,0.0,24.041973,6.5412917,2058
16017,r6i1p1f1,2058,11,08,0.0,24.141586,6.61577,2058
16018,r6i1p1f1,2058,11,09,0.0,23.64453,6.167053,2058
16019,r6i1p1f1,2058,11,10,0.0,21.30502,4.4265447,2058
16020,r6i1p1f1,2058,11,11,0.0,20.57632,2.6318412,2058
16021,r6i1p1f1,2058,11,12,0.1208706235289508,19.698906,2.185568,2058
16022,r6i1p1f1,2058,11,13,0.0,17.406248,2.8893292,2058
16023,r6i1p1f1,2058,11,14,0.0,19.919737,3.4245017,2058
16024,r6i1p1f1,2058,11,15,0.0,20.249508,1.3181305,2058
16025,r6i1p1f1,2058,11,16,0.0,19.2284,2.5787961,2058
16026,r6i1p1f1,2058,11,17,0.0,18.000334,3.0414686,2058
16027,r6i1p1f1,2058,11,18,0.0,17.55964,3.9338787,2058
16028,r6i1p1f1,2058,11,19,0.0,15.96928,3.8647814,2058
16029,r6i1p1f1,2058,11,20,0.0,16.710957,2.8409884,2058
16030,r6i1p1f1,2058,11,21,0.0,15.571655,3.6006687,2058
16031,r6i1p1f1,2058,11,22,0.0,16.892479,-0.6205418,2058
16032,r6i1p1f1,2058,11,23,0.0,17.139353,-0.039223585,2058
16033,r6i1p1f1,2058,11,24,0.0,14.416676,2.043495,2058
16034,r6i1p1f1,2058,11,25,1.94568890127506,13.285442,2.9063478,2058
16035,r6i1p1f1,2058,11,26,0.051329643037887576,12.132109,-3.3703141,2058
16036,r6i1p1f1,2058,11,27,0.0,14.512161,-2.765583,2058
16037,r6i1p1f1,2058,11,28,0.0,16.28385,0.48439488,2058
16038,r6i1p1f1,2058,11,29,0.0,17.614712,-3.125281,2058
16039,r6i1p1f1,2058,11,30,0.0,16.519608,-2.3633864,2058
16040,r6i1p1f1,2058,12,01,0.0,15.881842,3.3060143,2058
16041,r6i1p1f1,2058,12,02,0.0,14.996453,2.2430592,2058
16042,r6i1p1f1,2058,12,03,0.0,11.734847,-1.1680925,2058
16043,r6i1p1f1,2058,12,04,2.2443372250602587,10.781979,0.23072268,2058
16044,r6i1p1f1,2058,12,05,8.894784733144444,8.989432,-2.6435673,2058
16045,r6i1p1f1,2058,12,06,0.9267741758657929,3.1228669,-5.8433585,2058
16046,r6i1p1f1,2058,12,07,0.0,0.47502682,-10.330564,2058
16047,r6i1p1f1,2058,12,08,0.0,0.73369926,-10.448742,2058
16048,r6i1p1f1,2058,12,09,0.0775377642971317,2.1717525,-11.481517,2058
16049,r6i1p1f1,2058,12,10,0.0,1.6509235,-13.267526,2058
16050,r6i1p1f1,2058,12,11,0.0008344893832305245,1.3562597,-11.635602,2058
16051,r6i1p1f1,2058,12,12,11.357202513103381,1.6622244,-11.296324,2058
16052,r6i1p1f1,2058,12,13,27.476566908784392,6.0915785,-3.4266915,2058
16053,r6i1p1f1,2058,12,14,34.015742398672685,6.280453,-5.585443,2058
16054,r6i1p1f1,2058,12,15,0.13107438427787488,3.8783126,-6.6957107,2058
16055,r6i1p1f1,2058,12,16,2.3565158472547676,6.4662156,-5.967286,2058
16056,r6i1p1f1,2058,12,17,21.885394588375902,5.419293,-2.2690446,2058
16057,r6i1p1f1,2058,12,18,3.536120078599891,3.9223435,-4.06283,2058
16058,r6i1p1f1,2058,12,19,0.0007700592774774865,5.5435762,-4.8709517,2058
16059,r6i1p1f1,2058,12,20,18.44332372757141,3.8455203,-4.686097,2058
16060,r6i1p1f1,2058,12,21,30.66978850458948,4.685512,-4.765566,2058
16061,r6i1p1f1,2058,12,22,34.294397808642785,4.4246373,-6.906706,2058
16062,r6i1p1f1,2058,12,23,7.718246749055554,-0.43678865,-8.086095,2058
16063,r6i1p1f1,2058,12,24,0.0024810981248698425,3.4204388,-11.267689,2058
16064,r6i1p1f1,2058,12,25,0.0,3.1747909,-5.0446825,2058
16065,r6i1p1f1,2058,12,26,6.084176983236521,0.93450713,-11.276243,2058
16066,r6i1p1f1,2058,12,27,9.52979153494769,2.0254421,-6.3720384,2058
16067,r6i1p1f1,2058,12,28,1.088021736749417,1.5491548,-10.72406,2058
16068,r6i1p1f1,2058,12,29,6.612277447635728,-0.36724648,-5.892111,2058
16069,r6i1p1f1,2058,12,30,0.8007585850214869,1.3164837,-13.209436,2058
16070,r6i1p1f1,2058,12,31,0.0,-2.0679572,-16.141663,2058
16071,r6i1p1f1,2059,01,01,13.78939350530945,-1.8349361,-8.30879,2059
16072,r6i1p1f1,2059,01,02,0.03654233376166088,2.8871307,-13.32382,2059
16073,r6i1p1f1,2059,01,03,0.0,1.5204436,-14.55183,2059
16074,r6i1p1f1,2059,01,04,0.0,2.0173376,-12.701418,2059
16075,r6i1p1f1,2059,01,05,0.0,4.343639,-10.905738,2059
16076,r6i1p1f1,2059,01,06,3.3387119108223966,4.022823,-9.416096,2059
16077,r6i1p1f1,2059,01,07,27.170113347447302,4.855759,-2.980752,2059
16078,r6i1p1f1,2059,01,08,6.344570731798225,4.484882,-7.7605867,2059
16079,r6i1p1f1,2059,01,09,0.03254364302443098,4.2792816,-10.695944,2059
16080,r6i1p1f1,2059,01,10,0.06509750057987156,3.6899693,-6.2193055,2059
16081,r6i1p1f1,2059,01,11,0.0,1.9432085,-12.49826,2059
16082,r6i1p1f1,2059,01,12,0.0,2.2526848,-12.302088,2059
16083,r6i1p1f1,2059,01,13,0.0,4.146269,-12.417303,2059
16084,r6i1p1f1,2059,01,14,15.962472825356794,0.6095423,-12.534023,2059
16085,r6i1p1f1,2059,01,15,24.079598090511844,9.021487,-2.4103312,2059
16086,r6i1p1f1,2059,01,16,35.298025501573214,7.65913,0.8389537,2059
16087,r6i1p1f1,2059,01,17,34.67823317803788,10.945571,-0.7534261,2059
16088,r6i1p1f1,2059,01,18,13.080085275964082,0.98277557,-7.3361125,2059
16089,r6i1p1f1,2059,01,19,8.500496315723877,3.0198476,-8.195526,2059
16090,r6i1p1f1,2059,01,20,5.832682554768192,1.0463908,-5.434222,2059
16091,r6i1p1f1,2059,01,21,14.65639724917316,1.0314758,-9.108742,2059
16092,r6i1p1f1,2059,01,22,7.074789289403249,-2.3255126,-8.953687,2059
16093,r6i1p1f1,2059,01,23,1.847495131981264,0.23475334,-15.962441,2059
16094,r6i1p1f1,2059,01,24,0.028087428767951384,4.713632,-12.023286,2059
16095,r6i1p1f1,2059,01,25,13.746351797045284,7.261227,-8.059742,2059
16096,r6i1p1f1,2059,01,26,19.871627819944145,6.5617895,-0.65326095,2059
16097,r6i1p1f1,2059,01,27,0.7805367816920183,6.7864366,-0.39166707,2059
16098,r6i1p1f1,2059,01,28,9.497931039672762,6.9429626,-1.9812576,2059
16099,r6i1p1f1,2059,01,29,0.0,4.1417556,-5.075029,2059
16100,r6i1p1f1,2059,01,30,2.2633734789913693,4.195505,-4.0223565,2059
16101,r6i1p1f1,2059,01,31,0.0,8.2471,-0.3121679,2059
16102,r6i1p1f1,2059,02,01,0.0,7.8748894,-3.1421924,2059
16103,r6i1p1f1,2059,02,02,0.0,8.103611,-1.5437131,2059
16104,r6i1p1f1,2059,02,03,0.0,7.709184,2.0636654,2059
16105,r6i1p1f1,2059,02,04,0.0,7.160634,-6.083313,2059
16106,r6i1p1f1,2059,02,05,0.0,13.1475,-2.3533077,2059
16107,r6i1p1f1,2059,02,06,0.0,15.9747505,0.74330425,2059
16108,r6i1p1f1,2059,02,07,0.0,16.818455,2.0776303,2059
16109,r6i1p1f1,2059,02,08,0.0,17.239786,1.2616969,2059
16110,r6i1p1f1,2059,02,09,0.0,16.978588,2.0954351,2059
16111,r6i1p1f1,2059,02,10,0.0,16.429445,1.2051613,2059
16112,r6i1p1f1,2059,02,11,0.0,14.540192,0.37954086,2059
16113,r6i1p1f1,2059,02,12,0.0,13.758043,-0.12858199,2059
16114,r6i1p1f1,2059,02,13,0.0,15.102507,1.1921135,2059
16115,r6i1p1f1,2059,02,14,0.0,14.232304,0.19905871,2059
16116,r6i1p1f1,2059,02,15,0.0,14.854206,0.25547802,2059
16117,r6i1p1f1,2059,02,16,0.0,15.645537,2.7038364,2059
16118,r6i1p1f1,2059,02,17,0.0,17.5655,1.3628056,2059
16119,r6i1p1f1,2059,02,18,0.0,16.934654,1.9863013,2059
16120,r6i1p1f1,2059,02,19,19.14103251714111,11.541503,0.3645167,2059
16121,r6i1p1f1,2059,02,20,2.700524092974694,9.640191,0.8507308,2059
16122,r6i1p1f1,2059,02,21,0.8066670946003212,13.66634,0.528337,2059
16123,r6i1p1f1,2059,02,22,1.861625708128858,14.384176,1.0803661,2059
16124,r6i1p1f1,2059,02,23,2.3831496632836418,12.19738,4.291091,2059
16125,r6i1p1f1,2059,02,24,11.586983859021075,9.302838,-0.86071134,2059
16126,r6i1p1f1,2059,02,25,0.565452307616899,8.333819,-0.069909036,2059
16127,r6i1p1f1,2059,02,26,0.8029005316781261,8.16067,1.196085,2059
16128,r6i1p1f1,2059,02,27,0.022474736319689347,13.166545,1.0302699,2059
16129,r6i1p1f1,2059,02,28,0.0,14.594076,0.47234246,2059
16130,r6i1p1f1,2059,03,01,0.0,17.007278,-1.584928,2059
16131,r6i1p1f1,2059,03,02,6.102475572008878,10.227617,-6.2999024,2059
16132,r6i1p1f1,2059,03,03,0.5412446428476103,4.9033413,-3.0840251,2059
16133,r6i1p1f1,2059,03,04,0.6065347040127608,5.0926843,-1.9766775,2059
16134,r6i1p1f1,2059,03,05,0.07932406835494478,8.919419,-4.4980574,2059
16135,r6i1p1f1,2059,03,06,0.0,13.8846655,-1.0770236,2059
16136,r6i1p1f1,2059,03,07,0.0,18.015255,0.61039394,2059
16137,r6i1p1f1,2059,03,08,0.0,20.862223,3.4701517,2059
16138,r6i1p1f1,2059,03,09,0.0,21.801468,3.5811543,2059
16139,r6i1p1f1,2059,03,10,2.6490662828865523,16.386225,-0.7750048,2059
16140,r6i1p1f1,2059,03,11,0.1952411321928301,8.462298,-3.1962664,2059
16141,r6i1p1f1,2059,03,12,0.2523312950775328,5.906652,-8.12877,2059
16142,r6i1p1f1,2059,03,13,1.3749621732074957,6.302966,-7.587052,2059
16143,r6i1p1f1,2059,03,14,11.750222378843644,4.7180724,-2.9132743,2059
16144,r6i1p1f1,2059,03,15,2.047561732387061,6.825613,-0.77976286,2059
16145,r6i1p1f1,2059,03,16,33.63139185782438,7.329566,-3.3670812,2059
16146,r6i1p1f1,2059,03,17,26.87081074810375,6.13979,-0.6873634,2059
16147,r6i1p1f1,2059,03,18,0.0708917681033553,7.4718266,0.0028096398,2059
16148,r6i1p1f1,2059,03,19,0.0012900481445546586,10.972905,-0.7068684,2059
16149,r6i1p1f1,2059,03,20,0.0,13.974584,-5.188546,2059
16150,r6i1p1f1,2059,03,21,0.0,16.029037,-2.7484713,2059
16151,r6i1p1f1,2059,03,22,0.0,18.151884,-0.67536676,2059
16152,r6i1p1f1,2059,03,23,3.2336426694465463,14.657641,-2.9273305,2059
16153,r6i1p1f1,2059,03,24,0.014980939601250352,11.164872,-3.9402356,2059
16154,r6i1p1f1,2059,03,25,6.631909479656781,7.151942,-4.7529554,2059
16155,r6i1p1f1,2059,03,26,15.432531541619353,5.59001,-1.2380877,2059
16156,r6i1p1f1,2059,03,27,0.0,11.418181,-5.85697,2059
16157,r6i1p1f1,2059,03,28,0.4136491337111703,9.6441555,-1.9083645,2059
16158,r6i1p1f1,2059,03,29,0.0,10.894499,-3.9610524,2059
16159,r6i1p1f1,2059,03,30,0.0,16.633858,-3.5641851,2059
16160,r6i1p1f1,2059,03,31,0.0,15.768552,1.4542949,2059
16161,r6i1p1f1,2059,04,01,0.5890949551140503,11.029187,-1.4191023,2059
16162,r6i1p1f1,2059,04,02,0.0,3.7334986,-7.670683,2059
16163,r6i1p1f1,2059,04,03,0.002221791484571256,9.56186,-7.9437337,2059
16164,r6i1p1f1,2059,04,04,0.0,16.450148,-4.133948,2059
16165,r6i1p1f1,2059,04,05,1.5141370942948058,14.136289,-2.6688848,2059
16166,r6i1p1f1,2059,04,06,0.002878114021991,16.949764,0.5363711,2059
16167,r6i1p1f1,2059,04,07,0.0011529660185018503,19.89189,3.905586,2059
16168,r6i1p1f1,2059,04,08,0.0,23.909746,5.081809,2059
16169,r6i1p1f1,2059,04,09,0.0,23.521168,6.036183,2059
16170,r6i1p1f1,2059,04,10,2.523789237506366,14.475303,-0.7201847,2059
16171,r6i1p1f1,2059,04,11,0.015204333087939243,16.070553,-0.41018575,2059
16172,r6i1p1f1,2059,04,12,0.0,14.675635,-4.34302,2059
16173,r6i1p1f1,2059,04,13,0.0,16.199228,-1.9270779,2059
16174,r6i1p1f1,2059,04,14,0.0,17.502335,-1.5725276,2059
16175,r6i1p1f1,2059,04,15,0.0,19.65089,1.3517703,2059
16176,r6i1p1f1,2059,04,16,0.0,21.581059,3.36853,2059
16177,r6i1p1f1,2059,04,17,0.0,22.266878,5.24938,2059
16178,r6i1p1f1,2059,04,18,0.0,22.843245,7.233834,2059
16179,r6i1p1f1,2059,04,19,0.0,22.881062,5.9377527,2059
16180,r6i1p1f1,2059,04,20,0.017364398600709815,22.25132,6.679489,2059
16181,r6i1p1f1,2059,04,21,1.3376428288936921,16.852163,1.848993,2059
16182,r6i1p1f1,2059,04,22,0.0020051350636135215,20.554955,1.3705144,2059
16183,r6i1p1f1,2059,04,23,0.0,20.829296,2.90296,2059
16184,r6i1p1f1,2059,04,24,0.40810742368718056,14.869928,1.2734098,2059
16185,r6i1p1f1,2059,04,25,6.811912363729035,9.402041,-4.731563,2059
16186,r6i1p1f1,2059,04,26,0.5566266638549641,10.584904,1.1600729,2059
16187,r6i1p1f1,2059,04,27,1.9086337094068258,10.511973,-0.23198067,2059
16188,r6i1p1f1,2059,04,28,0.07077435476086084,19.630281,0.31921244,2059
16189,r6i1p1f1,2059,04,29,0.0,21.129395,3.5096693,2059
16190,r6i1p1f1,2059,04,30,0.6417796496639018,18.972715,-0.30167633,2059
16191,r6i1p1f1,2059,05,01,0.796865855036673,14.776747,-0.10654458,2059
16192,r6i1p1f1,2059,05,02,0.024205852197777485,17.82071,-0.46758503,2059
16193,r6i1p1f1,2059,05,03,0.0,20.276081,0.77382857,2059
16194,r6i1p1f1,2059,05,04,0.0,23.880404,4.6844645,2059
16195,r6i1p1f1,2059,05,05,0.0,25.507366,6.2729926,2059
16196,r6i1p1f1,2059,05,06,0.0,26.22507,7.8305283,2059
16197,r6i1p1f1,2059,05,07,0.0,26.478928,7.046187,2059
16198,r6i1p1f1,2059,05,08,0.0,21.207777,7.363905,2059
16199,r6i1p1f1,2059,05,09,0.0,25.279747,7.696703,2059
16200,r6i1p1f1,2059,05,10,0.015333059983757807,25.799957,7.117642,2059
16201,r6i1p1f1,2059,05,11,0.0,17.903444,0.51626545,2059
16202,r6i1p1f1,2059,05,12,0.0,22.738722,2.7386763,2059
16203,r6i1p1f1,2059,05,13,0.0,25.311426,5.269729,2059
16204,r6i1p1f1,2059,05,14,0.40358381306320523,23.109123,3.4992123,2059
16205,r6i1p1f1,2059,05,15,0.0,16.362755,0.2845031,2059
16206,r6i1p1f1,2059,05,16,5.5888495961787745,14.737986,-2.2295334,2059
16207,r6i1p1f1,2059,05,17,2.2517077242277765,12.821875,2.0785904,2059
16208,r6i1p1f1,2059,05,18,3.512706881552023,17.505047,0.25627792,2059
16209,r6i1p1f1,2059,05,19,0.1793746809312385,19.431253,0.36533597,2059
16210,r6i1p1f1,2059,05,20,0.6532351548903272,18.139288,4.3331857,2059
16211,r6i1p1f1,2059,05,21,1.7465227212648329,17.509537,3.0885797,2059
16212,r6i1p1f1,2059,05,22,0.12396872052320547,18.262205,2.8511398,2059
16213,r6i1p1f1,2059,05,23,0.558097175225634,19.862661,3.1005082,2059
16214,r6i1p1f1,2059,05,24,0.3387401514572502,20.862852,1.7988783,2059
16215,r6i1p1f1,2059,05,25,2.711120652874096,16.348314,-3.2514806,2059
16216,r6i1p1f1,2059,05,26,0.005787158816452285,19.920847,3.409255,2059
16217,r6i1p1f1,2059,05,27,5.322066271125216,17.97495,1.434134,2059
16218,r6i1p1f1,2059,05,28,2.2806817185004618,19.490427,2.3289235,2059
16219,r6i1p1f1,2059,05,29,0.19347937851759095,24.112413,6.3820915,2059
16220,r6i1p1f1,2059,05,30,0.0,26.499521,8.269725,2059
16221,r6i1p1f1,2059,05,31,0.023832154547348938,28.59856,11.009898,2059
16222,r6i1p1f1,2059,06,01,0.32961463652586653,27.149305,8.27318,2059
16223,r6i1p1f1,2059,06,02,0.5239632982113811,20.560684,1.3251697,2059
16224,r6i1p1f1,2059,06,03,0.13598750698839238,19.900587,6.7502956,2059
16225,r6i1p1f1,2059,06,04,0.6342727861653755,16.340082,5.121539,2059
16226,r6i1p1f1,2059,06,05,0.004203601984891051,18.871923,7.267832,2059
16227,r6i1p1f1,2059,06,06,0.5278419277864137,18.15201,0.7467889,2059
16228,r6i1p1f1,2059,06,07,0.3015203283115783,22.571527,4.1864796,2059
16229,r6i1p1f1,2059,06,08,0.00411888110970136,26.409157,8.412519,2059
16230,r6i1p1f1,2059,06,09,0.038293959105134466,27.248142,7.186877,2059
16231,r6i1p1f1,2059,06,10,0.5845466587254899,28.423534,9.679171,2059
16232,r6i1p1f1,2059,06,11,0.2636855473936712,29.32258,10.486949,2059
16233,r6i1p1f1,2059,06,12,0.9288980065025535,25.939213,7.840557,2059
16234,r6i1p1f1,2059,06,13,0.0,28.238688,7.5072365,2059
16235,r6i1p1f1,2059,06,14,0.0,32.19802,11.3771715,2059
16236,r6i1p1f1,2059,06,15,0.0,32.383556,12.031715,2059
16237,r6i1p1f1,2059,06,16,0.0,32.321453,13.943989,2059
16238,r6i1p1f1,2059,06,17,0.0,32.027817,11.216217,2059
16239,r6i1p1f1,2059,06,18,0.0,33.55714,13.783301,2059
16240,r6i1p1f1,2059,06,19,0.0,33.330788,14.248363,2059
16241,r6i1p1f1,2059,06,20,0.0,30.478575,12.272135,2059
16242,r6i1p1f1,2059,06,21,0.0,30.64875,10.772139,2059
16243,r6i1p1f1,2059,06,22,0.0,33.263126,13.609882,2059
16244,r6i1p1f1,2059,06,23,0.0,33.475796,13.873411,2059
16245,r6i1p1f1,2059,06,24,0.2394552020476021,31.465014,11.586808,2059
16246,r6i1p1f1,2059,06,25,0.3475624152362291,28.903389,9.589616,2059
16247,r6i1p1f1,2059,06,26,0.03684878485690975,30.003708,11.02583,2059
16248,r6i1p1f1,2059,06,27,0.2309677732182803,30.390734,11.014026,2059
16249,r6i1p1f1,2059,06,28,0.0,30.569382,12.798191,2059
16250,r6i1p1f1,2059,06,29,0.0,32.329266,12.885543,2059
16251,r6i1p1f1,2059,06,30,0.0,32.559853,12.565415,2059
16252,r6i1p1f1,2059,07,01,0.0,32.79501,12.079551,2059
16253,r6i1p1f1,2059,07,02,0.0,33.29194,12.441807,2059
16254,r6i1p1f1,2059,07,03,0.12582887715649085,32.056736,10.168634,2059
16255,r6i1p1f1,2059,07,04,0.0,30.43652,9.076211,2059
16256,r6i1p1f1,2059,07,05,0.003723392011620152,31.474009,10.276954,2059
16257,r6i1p1f1,2059,07,06,0.0,32.190063,10.883874,2059
16258,r6i1p1f1,2059,07,07,0.0,32.936394,11.189153,2059
16259,r6i1p1f1,2059,07,08,0.0,32.453472,12.050404,2059
16260,r6i1p1f1,2059,07,09,0.0,32.524876,11.19568,2059
16261,r6i1p1f1,2059,07,10,0.0,34.018696,12.266636,2059
16262,r6i1p1f1,2059,07,11,0.0,34.620457,13.749258,2059
16263,r6i1p1f1,2059,07,12,0.0,34.574665,13.221225,2059
16264,r6i1p1f1,2059,07,13,0.0,33.905243,11.863866,2059
16265,r6i1p1f1,2059,07,14,0.0,33.33386,12.505999,2059
16266,r6i1p1f1,2059,07,15,0.0,35.674915,15.004294,2059
16267,r6i1p1f1,2059,07,16,0.0,38.002113,17.88184,2059
16268,r6i1p1f1,2059,07,17,0.0,39.42479,18.105534,2059
16269,r6i1p1f1,2059,07,18,0.0,37.87397,16.083313,2059
16270,r6i1p1f1,2059,07,19,0.0,37.75087,15.45315,2059
16271,r6i1p1f1,2059,07,20,0.0,35.480713,13.455404,2059
16272,r6i1p1f1,2059,07,21,0.0,28.607935,9.329719,2059
16273,r6i1p1f1,2059,07,22,0.0,31.379179,10.233494,2059
16274,r6i1p1f1,2059,07,23,0.0,34.29514,12.105537,2059
16275,r6i1p1f1,2059,07,24,0.0,34.405373,13.06293,2059
16276,r6i1p1f1,2059,07,25,0.0,34.16072,13.045384,2059
16277,r6i1p1f1,2059,07,26,0.0,32.901688,14.147489,2059
16278,r6i1p1f1,2059,07,27,0.02581417508261274,31.195839,11.254036,2059
16279,r6i1p1f1,2059,07,28,0.0,31.922903,10.013895,2059
16280,r6i1p1f1,2059,07,29,0.0,31.468601,10.647064,2059
16281,r6i1p1f1,2059,07,30,0.0,30.472939,10.521491,2059
16282,r6i1p1f1,2059,07,31,0.0,30.460358,10.442728,2059
16283,r6i1p1f1,2059,08,01,0.0,30.63288,10.058121,2059
16284,r6i1p1f1,2059,08,02,0.0,30.01325,9.799711,2059
16285,r6i1p1f1,2059,08,03,0.0,31.00632,10.422393,2059
16286,r6i1p1f1,2059,08,04,0.0,32.514282,11.174334,2059
16287,r6i1p1f1,2059,08,05,0.0,33.15099,11.231171,2059
16288,r6i1p1f1,2059,08,06,0.0806400272071253,32.688442,11.378269,2059
16289,r6i1p1f1,2059,08,07,0.014630066350932825,30.391384,10.874593,2059
16290,r6i1p1f1,2059,08,08,0.0007398658519517929,28.63671,7.923382,2059
16291,r6i1p1f1,2059,08,09,0.0,29.142042,8.985321,2059
16292,r6i1p1f1,2059,08,10,0.32705412019678315,30.676865,9.3235445,2059
16293,r6i1p1f1,2059,08,11,0.0,33.302113,11.934554,2059
16294,r6i1p1f1,2059,08,12,0.0,33.68795,12.820794,2059
16295,r6i1p1f1,2059,08,13,0.0,34.00119,13.148899,2059
16296,r6i1p1f1,2059,08,14,0.0,35.305378,13.722748,2059
16297,r6i1p1f1,2059,08,15,0.18760198097710604,36.035297,14.130271,2059
16298,r6i1p1f1,2059,08,16,0.26913703033393493,36.206097,15.67248,2059
16299,r6i1p1f1,2059,08,17,1.352364605948354,35.5634,15.621428,2059
16300,r6i1p1f1,2059,08,18,0.001009639716179039,34.67549,13.559944,2059
16301,r6i1p1f1,2059,08,19,0.0,32.85655,11.246736,2059
16302,r6i1p1f1,2059,08,20,0.0,27.001097,7.727206,2059
16303,r6i1p1f1,2059,08,21,4.137995851631777,24.415934,5.323589,2059
16304,r6i1p1f1,2059,08,22,7.24263013116413e-05,25.65158,7.1527066,2059
16305,r6i1p1f1,2059,08,23,0.0,29.63964,9.68575,2059
16306,r6i1p1f1,2059,08,24,0.0,30.41776,11.032244,2059
16307,r6i1p1f1,2059,08,25,0.0,33.04754,11.255295,2059
16308,r6i1p1f1,2059,08,26,0.0,33.14785,11.868801,2059
16309,r6i1p1f1,2059,08,27,0.0,33.163845,12.236891,2059
16310,r6i1p1f1,2059,08,28,0.0,32.860096,12.362605,2059
16311,r6i1p1f1,2059,08,29,0.0,34.179497,12.309722,2059
16312,r6i1p1f1,2059,08,30,0.0,34.86458,12.949979,2059
16313,r6i1p1f1,2059,08,31,0.0,33.802258,12.063397,2059
16314,r6i1p1f1,2059,09,01,0.0,32.76992,13.904251,2059
16315,r6i1p1f1,2059,09,02,0.03309238694187847,31.335136,11.05804,2059
16316,r6i1p1f1,2059,09,03,0.0,31.509003,11.448968,2059
16317,r6i1p1f1,2059,09,04,0.0,31.710659,11.205313,2059
16318,r6i1p1f1,2059,09,05,0.0,29.498062,10.760788,2059
16319,r6i1p1f1,2059,09,06,0.0,31.082045,9.48517,2059
16320,r6i1p1f1,2059,09,07,0.0,32.978306,11.447425,2059
16321,r6i1p1f1,2059,09,08,0.0,32.40054,11.19987,2059
16322,r6i1p1f1,2059,09,09,0.0,31.51514,10.468658,2059
16323,r6i1p1f1,2059,09,10,0.6239358294751405,28.167372,7.6759214,2059
16324,r6i1p1f1,2059,09,11,0.2337941911425008,24.855562,6.3098936,2059
16325,r6i1p1f1,2059,09,12,0.07794628022364299,21.71327,5.3684525,2059
16326,r6i1p1f1,2059,09,13,8.282499255147764,16.589573,4.183998,2059
16327,r6i1p1f1,2059,09,14,0.1073082452529573,24.30442,4.7486587,2059
16328,r6i1p1f1,2059,09,15,0.0,29.408806,7.428489,2059
16329,r6i1p1f1,2059,09,16,0.0,29.10253,9.034847,2059
16330,r6i1p1f1,2059,09,17,0.004357242513620228,25.664806,7.718853,2059
16331,r6i1p1f1,2059,09,18,0.0,21.68024,3.9729686,2059
16332,r6i1p1f1,2059,09,19,0.0012460791881438614,24.875435,5.1013355,2059
16333,r6i1p1f1,2059,09,20,0.0,29.994879,8.171537,2059
16334,r6i1p1f1,2059,09,21,0.0,30.729828,9.326655,2059
16335,r6i1p1f1,2059,09,22,0.0,32.56119,11.200906,2059
16336,r6i1p1f1,2059,09,23,0.0,33.289417,12.646102,2059
16337,r6i1p1f1,2059,09,24,0.0,33.101315,12.279982,2059
16338,r6i1p1f1,2059,09,25,0.0,32.85393,11.616838,2059
16339,r6i1p1f1,2059,09,26,0.00327007928941255,33.066605,12.578417,2059
16340,r6i1p1f1,2059,09,27,0.0,32.112144,11.447331,2059
16341,r6i1p1f1,2059,09,28,0.15700379936958173,32.628006,12.927149,2059
16342,r6i1p1f1,2059,09,29,5.784688512886205,28.998892,8.006063,2059
16343,r6i1p1f1,2059,09,30,0.20834153670770825,24.569366,6.859088,2059
16344,r6i1p1f1,2059,10,01,0.008678705982051546,22.159582,5.0857205,2059
16345,r6i1p1f1,2059,10,02,0.9901145031058589,15.562182,3.3829012,2059
16346,r6i1p1f1,2059,10,03,1.0684917314027744,14.238798,4.6444573,2059
16347,r6i1p1f1,2059,10,04,0.0,16.709658,0.031277664,2059
16348,r6i1p1f1,2059,10,05,0.0,20.218424,1.3217891,2059
16349,r6i1p1f1,2059,10,06,0.028131721822337363,20.198591,3.9242363,2059
16350,r6i1p1f1,2059,10,07,0.0,21.207968,2.7636929,2059
16351,r6i1p1f1,2059,10,08,0.0,26.034397,5.3739448,2059
16352,r6i1p1f1,2059,10,09,0.0,25.811544,6.681553,2059
16353,r6i1p1f1,2059,10,10,0.0,24.171015,4.906953,2059
16354,r6i1p1f1,2059,10,11,0.0,24.11955,4.859828,2059
16355,r6i1p1f1,2059,10,12,0.0,24.423595,4.0725894,2059
16356,r6i1p1f1,2059,10,13,0.0,23.753883,4.8769927,2059
16357,r6i1p1f1,2059,10,14,0.0,22.366684,3.4458084,2059
16358,r6i1p1f1,2059,10,15,0.0,24.568892,5.1442447,2059
16359,r6i1p1f1,2059,10,16,0.0,25.292353,5.542375,2059
16360,r6i1p1f1,2059,10,17,0.05721381244726005,23.505764,4.364734,2059
16361,r6i1p1f1,2059,10,18,7.064211512703111,16.516075,4.5930676,2059
16362,r6i1p1f1,2059,10,19,5.876028285885836,17.260607,5.3601627,2059
16363,r6i1p1f1,2059,10,20,0.0021626972507502243,21.51049,5.3689003,2059
16364,r6i1p1f1,2059,10,21,0.0,29.129572,7.623616,2059
16365,r6i1p1f1,2059,10,22,0.0,28.304504,8.476658,2059
16366,r6i1p1f1,2059,10,23,0.0,25.613678,7.317332,2059
16367,r6i1p1f1,2059,10,24,0.0,23.688223,6.2475677,2059
16368,r6i1p1f1,2059,10,25,0.0,23.397545,5.566382,2059
16369,r6i1p1f1,2059,10,26,0.0,23.860434,4.7960734,2059
16370,r6i1p1f1,2059,10,27,0.0,23.894667,5.714638,2059
16371,r6i1p1f1,2059,10,28,0.0,24.32427,4.133726,2059
16372,r6i1p1f1,2059,10,29,0.0,23.908861,5.027167,2059
16373,r6i1p1f1,2059,10,30,0.0,19.174648,-0.4303413,2059
16374,r6i1p1f1,2059,10,31,0.0,11.172214,-4.8351717,2059
16375,r6i1p1f1,2059,11,01,0.0,13.024132,-4.53879,2059
16376,r6i1p1f1,2059,11,02,0.010053543365853656,14.052041,-4.267877,2059
16377,r6i1p1f1,2059,11,03,0.005709580483830252,13.595832,-0.84864724,2059
16378,r6i1p1f1,2059,11,04,0.0,15.192761,0.05659029,2059
16379,r6i1p1f1,2059,11,05,0.0,13.75163,-4.1128774,2059
16380,r6i1p1f1,2059,11,06,0.0,11.170884,-5.0342784,2059
16381,r6i1p1f1,2059,11,07,0.0,10.141157,-8.960289,2059
16382,r6i1p1f1,2059,11,08,0.0,12.507969,-5.2715364,2059
16383,r6i1p1f1,2059,11,09,0.0,10.786708,-4.1936164,2059
16384,r6i1p1f1,2059,11,10,16.082104901852826,7.3696747,-2.6232936,2059
16385,r6i1p1f1,2059,11,11,0.012185822128326215,12.561808,-2.9736803,2059
16386,r6i1p1f1,2059,11,12,0.0,16.78117,-1.7639853,2059
16387,r6i1p1f1,2059,11,13,0.0,17.805855,0.86330765,2059
16388,r6i1p1f1,2059,11,14,0.0,19.16099,0.58932406,2059
16389,r6i1p1f1,2059,11,15,0.0,19.655567,1.4844953,2059
16390,r6i1p1f1,2059,11,16,0.0,19.076456,0.96329504,2059
16391,r6i1p1f1,2059,11,17,0.0,17.83124,1.155269,2059
16392,r6i1p1f1,2059,11,18,0.0,16.927979,-2.2171004,2059
16393,r6i1p1f1,2059,11,19,0.004107379578842912,15.42488,-0.89801264,2059
16394,r6i1p1f1,2059,11,20,7.020358677138326,8.941062,1.8908798,2059
16395,r6i1p1f1,2059,11,21,2.760036493906006,9.107382,-4.1159496,2059
16396,r6i1p1f1,2059,11,22,0.0,10.587911,-4.136129,2059
16397,r6i1p1f1,2059,11,23,0.003365703701576241,12.530692,-5.284776,2059
16398,r6i1p1f1,2059,11,24,6.268917647259527,9.421431,-2.1349807,2059
16399,r6i1p1f1,2059,11,25,25.35955430808041,9.653802,1.7799608,2059
16400,r6i1p1f1,2059,11,26,0.23084946493241598,11.8653965,5.2943635,2059
16401,r6i1p1f1,2059,11,27,8.675659096207044,11.096489,1.6165987,2059
16402,r6i1p1f1,2059,11,28,0.0,10.55471,-5.2149806,2059
16403,r6i1p1f1,2059,11,29,3.067393213870648e-05,6.097415,-7.7101393,2059
16404,r6i1p1f1,2059,11,30,3.157117457786985,1.7417444,-6.130853,2059
16405,r6i1p1f1,2059,12,01,21.48501908040663,4.6054444,-6.70101,2059
16406,r6i1p1f1,2059,12,02,55.71466226939347,8.253817,-0.7840554,2059
16407,r6i1p1f1,2059,12,03,12.954788253238098,8.831779,2.380989,2059
16408,r6i1p1f1,2059,12,04,1.7758888231333745,11.039881,4.8506317,2059
16409,r6i1p1f1,2059,12,05,40.3143854146895,9.838887,4.326001,2059
16410,r6i1p1f1,2059,12,06,0.65941974368629,11.76423,-1.7827703,2059
16411,r6i1p1f1,2059,12,07,0.0,12.1695,-1.2619406,2059
16412,r6i1p1f1,2059,12,08,0.0,16.40521,1.92425,2059
16413,r6i1p1f1,2059,12,09,0.0,13.824408,0.98157996,2059
16414,r6i1p1f1,2059,12,10,0.0,13.5604105,1.8376577,2059
16415,r6i1p1f1,2059,12,11,0.0,14.418888,1.2976172,2059
16416,r6i1p1f1,2059,12,12,0.0,15.510309,1.4177049,2059
16417,r6i1p1f1,2059,12,13,0.0,16.884106,3.5667434,2059
16418,r6i1p1f1,2059,12,14,0.0,17.574955,4.123903,2059
16419,r6i1p1f1,2059,12,15,0.0,18.788282,5.505064,2059
16420,r6i1p1f1,2059,12,16,0.0,18.534246,4.932791,2059
16421,r6i1p1f1,2059,12,17,0.0,17.306425,3.6019783,2059
16422,r6i1p1f1,2059,12,18,0.0,15.845454,2.1975372,2059
16423,r6i1p1f1,2059,12,19,0.0,11.367735,-3.8390243,2059
16424,r6i1p1f1,2059,12,20,0.0,13.471488,-0.3778108,2059
16425,r6i1p1f1,2059,12,21,0.768073298538856,9.403868,-4.1710095,2059
16426,r6i1p1f1,2059,12,22,0.7897893575036996,2.8905516,-1.9632672,2059
16427,r6i1p1f1,2059,12,23,0.06382498876636244,1.6809704,-6.8904724,2059
16428,r6i1p1f1,2059,12,24,3.520286020694477,-0.8253075,-8.115692,2059
16429,r6i1p1f1,2059,12,25,1.5627153912037866,1.0303341,-7.8753676,2059
16430,r6i1p1f1,2059,12,26,0.0,3.0912426,-8.719992,2059
16431,r6i1p1f1,2059,12,27,0.8977382783614215,1.8495396,-9.500864,2059
16432,r6i1p1f1,2059,12,28,4.856595734353701,0.33636692,-6.8209453,2059
16433,r6i1p1f1,2059,12,29,12.715809489543584,1.6161126,-9.318703,2059
16434,r6i1p1f1,2059,12,30,0.0428590763330847,1.1908176,-13.138157,2059
16435,r6i1p1f1,2059,12,31,7.301756156851028,1.4242171,-11.849438,2059
16436,r6i1p1f1,2060,01,01,0.7062200461710912,2.6217523,-9.4480915,2060
16437,r6i1p1f1,2060,01,02,0.5057970466233035,0.57981384,-8.013692,2060
16438,r6i1p1f1,2060,01,03,5.834957625389013,0.45934242,-6.8495493,2060
16439,r6i1p1f1,2060,01,04,11.313719204900128,0.7885443,-6.4195623,2060
16440,r6i1p1f1,2060,01,05,10.039211278333926,4.330369,-6.4312315,2060
16441,r6i1p1f1,2060,01,06,0.8549806339417495,4.97588,-5.7186027,2060
16442,r6i1p1f1,2060,01,07,6.76096044465751,2.4714923,-2.5449872,2060
16443,r6i1p1f1,2060,01,08,1.033355222878119,4.324367,-7.338661,2060
16444,r6i1p1f1,2060,01,09,2.8430014015045164,0.7632628,-7.051727,2060
16445,r6i1p1f1,2060,01,10,0.0,3.8136055,-9.4930525,2060
16446,r6i1p1f1,2060,01,11,0.0,4.443415,-8.394223,2060
16447,r6i1p1f1,2060,01,12,0.06495127689517324,5.6966124,-4.599498,2060
16448,r6i1p1f1,2060,01,13,0.0,8.248457,-0.78916925,2060
16449,r6i1p1f1,2060,01,14,0.02443087669905775,8.40003,-3.8712912,2060
16450,r6i1p1f1,2060,01,15,0.005388097961472493,5.306031,-1.9657235,2060
16451,r6i1p1f1,2060,01,16,18.685177404603685,4.167654,-1.3578166,2060
16452,r6i1p1f1,2060,01,17,2.9201298300117458,6.2222323,-5.3303027,2060
16453,r6i1p1f1,2060,01,18,17.161763188405097,7.843391,-2.4159317,2060
16454,r6i1p1f1,2060,01,19,5.884025774198166,5.352483,-3.6631513,2060
16455,r6i1p1f1,2060,01,20,0.0,9.043136,-4.6331387,2060
16456,r6i1p1f1,2060,01,21,0.0,7.692183,-5.1451716,2060
16457,r6i1p1f1,2060,01,22,0.004244722981383712,10.167377,-3.5691423,2060
16458,r6i1p1f1,2060,01,23,3.0555832532527254,10.819658,0.616036,2060
16459,r6i1p1f1,2060,01,24,2.6907916073833307,10.344734,3.1168935,2060
16460,r6i1p1f1,2060,01,25,21.64000034786422,11.057957,3.557945,2060
16461,r6i1p1f1,2060,01,26,13.41803166233664,9.253386,0.89069986,2060
16462,r6i1p1f1,2060,01,27,0.00983302170901683,8.633969,0.417795,2060
16463,r6i1p1f1,2060,01,28,8.627059343503392,6.5639772,-2.313311,2060
16464,r6i1p1f1,2060,01,29,10.510632827200444,0.442374,-6.8807807,2060
16465,r6i1p1f1,2060,01,30,6.76357185351991,1.0324943,-6.3348255,2060
16466,r6i1p1f1,2060,01,31,0.16867590056809947,3.9074926,-3.417195,2060
16467,r6i1p1f1,2060,02,01,0.004223258536207459,6.3640385,-6.672852,2060
16468,r6i1p1f1,2060,02,02,29.57965607239207,8.203273,-1.9977016,2060
16469,r6i1p1f1,2060,02,03,11.176903301276969,6.8629003,-0.19807993,2060
16470,r6i1p1f1,2060,02,04,2.634809456091212,3.8949974,-8.647118,2060
16471,r6i1p1f1,2060,02,05,2.4753352945231453,0.6276653,-14.24149,2060
16472,r6i1p1f1,2060,02,06,0.0,3.1147573,-10.203812,2060
16473,r6i1p1f1,2060,02,07,2.1472408647204593,0.80691504,-8.466084,2060
16474,r6i1p1f1,2060,02,08,3.3087013272259798,4.636911,-5.67649,2060
16475,r6i1p1f1,2060,02,09,15.705008795343659,4.8544197,-1.2906783,2060
16476,r6i1p1f1,2060,02,10,0.05225294991613363,8.067033,0.23710163,2060
16477,r6i1p1f1,2060,02,11,0.0,12.774585,-0.9468872,2060
16478,r6i1p1f1,2060,02,12,0.007491157914108419,13.565736,1.7464372,2060
16479,r6i1p1f1,2060,02,13,13.473719443477254,9.576689,1.4811546,2060
16480,r6i1p1f1,2060,02,14,0.011860276464686343,9.919659,-1.3302699,2060
16481,r6i1p1f1,2060,02,15,0.0,11.173719,-4.115559,2060
16482,r6i1p1f1,2060,02,16,0.0,14.3533745,-1.7235545,2060
16483,r6i1p1f1,2060,02,17,0.06689298507700989,15.057815,0.29192978,2060
16484,r6i1p1f1,2060,02,18,11.03239874838757,8.49212,-1.003783,2060
16485,r6i1p1f1,2060,02,19,7.763188282549921,5.8563256,-1.839248,2060
16486,r6i1p1f1,2060,02,20,7.331229154621633,5.7293153,-3.9798124,2060
16487,r6i1p1f1,2060,02,21,7.9145492118098195,4.8588085,-6.204931,2060
16488,r6i1p1f1,2060,02,22,0.0,7.8100176,-1.9873989,2060
16489,r6i1p1f1,2060,02,23,0.0027919751412162027,8.211638,-1.1595105,2060
16490,r6i1p1f1,2060,02,24,0.0844316557356967,9.668677,0.59266174,2060
16491,r6i1p1f1,2060,02,25,0.06239380237950398,10.466863,1.0912447,2060
16492,r6i1p1f1,2060,02,26,0.0,17.568518,3.8624618,2060
16493,r6i1p1f1,2060,02,27,0.0,20.168438,5.1432033,2060
16494,r6i1p1f1,2060,02,28,0.0,18.899715,4.9033303,2060
16495,r6i1p1f1,2060,02,29,0.4063381232607136,14.317519,3.963391,2060
16496,r6i1p1f1,2060,03,01,24.79287205969215,11.159638,-1.2357749,2060
16497,r6i1p1f1,2060,03,02,5.431126593903795,7.004446,-2.251268,2060
16498,r6i1p1f1,2060,03,03,0.0,7.657134,-4.649608,2060
16499,r6i1p1f1,2060,03,04,0.0,14.493349,-4.5742025,2060
16500,r6i1p1f1,2060,03,05,0.0,17.51915,-0.9688044,2060
16501,r6i1p1f1,2060,03,06,0.13726432996107632,14.438957,-0.21012966,2060
16502,r6i1p1f1,2060,03,07,1.5585764744902655,8.136197,-7.0333443,2060
16503,r6i1p1f1,2060,03,08,0.05499000904763308,6.473918,-2.0230503,2060
16504,r6i1p1f1,2060,03,09,0.005037568088035931,3.2793205,-7.7576203,2060
16505,r6i1p1f1,2060,03,10,2.9580920067961243,-0.5095614,-13.968589,2060
16506,r6i1p1f1,2060,03,11,17.205359673363724,0.48900917,-7.0842347,2060
16507,r6i1p1f1,2060,03,12,5.598112680086741,1.706421,-14.388581,2060
16508,r6i1p1f1,2060,03,13,0.4090011144242848,3.8263614,-14.696126,2060
16509,r6i1p1f1,2060,03,14,19.170429295020746,7.6233115,-2.04688,2060
16510,r6i1p1f1,2060,03,15,12.371287727394098,9.476078,-5.168448,2060
16511,r6i1p1f1,2060,03,16,18.543911514254233,10.390746,-2.3980927,2060
16512,r6i1p1f1,2060,03,17,22.262945187435886,8.675896,-3.6035345,2060
16513,r6i1p1f1,2060,03,18,0.6520101042109938,4.4119077,-7.1451783,2060
16514,r6i1p1f1,2060,03,19,1.0228048182743086,6.059855,-2.0889282,2060
16515,r6i1p1f1,2060,03,20,0.0,13.052433,-4.9238877,2060
16516,r6i1p1f1,2060,03,21,0.0,9.575559,-4.9975924,2060
16517,r6i1p1f1,2060,03,22,8.750430148103005,5.5268297,-2.9060762,2060
16518,r6i1p1f1,2060,03,23,0.009428034874866703,12.861156,-0.5059705,2060
16519,r6i1p1f1,2060,03,24,0.0,17.02946,-1.861628,2060
16520,r6i1p1f1,2060,03,25,0.30158891670235627,14.644022,0.71596247,2060
16521,r6i1p1f1,2060,03,26,0.0,16.714674,1.7744594,2060
16522,r6i1p1f1,2060,03,27,0.0,17.240198,1.7818182,2060
16523,r6i1p1f1,2060,03,28,0.1368047042890496,14.641662,1.6164352,2060
16524,r6i1p1f1,2060,03,29,8.474890106493673,9.098376,-2.432055,2060
16525,r6i1p1f1,2060,03,30,0.4792752174435366,11.343022,-1.831904,2060
16526,r6i1p1f1,2060,03,31,6.507841846823401,8.968341,-4.562667,2060
16527,r6i1p1f1,2060,04,01,0.7601170158984815,10.466178,-1.3502016,2060
16528,r6i1p1f1,2060,04,02,0.12644254494227472,11.706683,-2.8012998,2060
16529,r6i1p1f1,2060,04,03,0.9217051304537545,9.135288,-1.6927905,2060
16530,r6i1p1f1,2060,04,04,1.6737149370766287,10.145612,0.322066,2060
16531,r6i1p1f1,2060,04,05,7.0145796949640005,10.287153,-0.8562582,2060
16532,r6i1p1f1,2060,04,06,33.015272959356295,8.573733,-0.08453777,2060
16533,r6i1p1f1,2060,04,07,32.82713326328732,8.721185,-5.6105266,2060
16534,r6i1p1f1,2060,04,08,2.749040340800878,9.705173,-0.8097487,2060
16535,r6i1p1f1,2060,04,09,0.0,12.948512,-2.64742,2060
16536,r6i1p1f1,2060,04,10,0.0,13.083883,-3.501121,2060
16537,r6i1p1f1,2060,04,11,0.0,13.728309,-2.4960644,2060
16538,r6i1p1f1,2060,04,12,0.0,14.397567,1.6202385,2060
16539,r6i1p1f1,2060,04,13,4.967652764630552,10.100891,0.18340337,2060
16540,r6i1p1f1,2060,04,14,0.019007676487118378,12.975338,-0.45310286,2060
16541,r6i1p1f1,2060,04,15,0.0,16.795067,-0.9267289,2060
16542,r6i1p1f1,2060,04,16,0.0,18.638258,0.7747113,2060
16543,r6i1p1f1,2060,04,17,1.349468979797307,15.55566,-0.75888985,2060
16544,r6i1p1f1,2060,04,18,6.4525032545848875,11.771504,1.7670398,2060
16545,r6i1p1f1,2060,04,19,26.349518153728607,10.166837,0.34201616,2060
16546,r6i1p1f1,2060,04,20,17.0785924742625,8.867436,-2.6768074,2060
16547,r6i1p1f1,2060,04,21,0.0,15.133,-1.514542,2060
16548,r6i1p1f1,2060,04,22,0.0,16.192652,0.9540029,2060
16549,r6i1p1f1,2060,04,23,0.1596885340309421,13.44007,-1.3120015,2060
16550,r6i1p1f1,2060,04,24,0.0,19.622667,1.872603,2060
16551,r6i1p1f1,2060,04,25,0.0,24.3467,5.865272,2060
16552,r6i1p1f1,2060,04,26,0.0,25.097603,6.77843,2060
16553,r6i1p1f1,2060,04,27,0.0,24.081175,6.76143,2060
16554,r6i1p1f1,2060,04,28,0.0,24.160929,6.2521734,2060
16555,r6i1p1f1,2060,04,29,0.0,26.15414,7.5307055,2060
16556,r6i1p1f1,2060,04,30,0.0,29.152348,7.860538,2060
16557,r6i1p1f1,2060,05,01,0.0,29.991125,8.527006,2060
16558,r6i1p1f1,2060,05,02,0.0,29.94829,11.062646,2060
16559,r6i1p1f1,2060,05,03,0.5350735015645308,28.288492,9.985778,2060
16560,r6i1p1f1,2060,05,04,2.5502507764581446,16.664307,2.114348,2060
16561,r6i1p1f1,2060,05,05,0.9736362362778145,21.022356,5.794259,2060
16562,r6i1p1f1,2060,05,06,0.16576969547252748,18.813122,1.2329282,2060
16563,r6i1p1f1,2060,05,07,0.0,15.648596,-1.6952416,2060
16564,r6i1p1f1,2060,05,08,0.0,21.694386,1.145968,2060
16565,r6i1p1f1,2060,05,09,0.0,23.221214,3.4377427,2060
16566,r6i1p1f1,2060,05,10,0.7530054390413076,20.02675,2.8499827,2060
16567,r6i1p1f1,2060,05,11,3.8925793667933712,13.406772,-3.3063521,2060
16568,r6i1p1f1,2060,05,12,3.2847635974826748,11.831466,-3.9319067,2060
16569,r6i1p1f1,2060,05,13,0.0,17.343916,-0.48026767,2060
16570,r6i1p1f1,2060,05,14,0.0,20.719957,1.9233339,2060
16571,r6i1p1f1,2060,05,15,0.0,23.61791,3.8409815,2060
16572,r6i1p1f1,2060,05,16,0.0,26.80178,6.434639,2060
16573,r6i1p1f1,2060,05,17,0.0,28.83426,9.743015,2060
16574,r6i1p1f1,2060,05,18,0.2133101560945675,28.282064,9.975234,2060
16575,r6i1p1f1,2060,05,19,0.0,30.033278,9.47197,2060
16576,r6i1p1f1,2060,05,20,0.0,28.814774,9.183788,2060
16577,r6i1p1f1,2060,05,21,0.07631399996272349,28.454079,7.920202,2060
16578,r6i1p1f1,2060,05,22,1.8371985858775948,27.446978,8.361934,2060
16579,r6i1p1f1,2060,05,23,1.078841225984981,19.297298,2.4872155,2060
16580,r6i1p1f1,2060,05,24,29.227429170902287,10.55409,1.0696577,2060
16581,r6i1p1f1,2060,05,25,12.631158440169816,13.408508,3.338304,2060
16582,r6i1p1f1,2060,05,26,0.017491368306098872,22.205458,4.285827,2060
16583,r6i1p1f1,2060,05,27,0.015260893467965612,21.885202,4.1167326,2060
16584,r6i1p1f1,2060,05,28,5.806729202963965,12.806533,-0.281528,2060
16585,r6i1p1f1,2060,05,29,1.4061667548893926,12.675723,0.032302603,2060
16586,r6i1p1f1,2060,05,30,1.4859635486457405,19.412115,0.003669906,2060
16587,r6i1p1f1,2060,05,31,0.08418624719807238,24.027702,5.8092856,2060
16588,r6i1p1f1,2060,06,01,0.2475318797890666,21.956457,6.708383,2060
16589,r6i1p1f1,2060,06,02,5.700734276220641,19.16198,0.2304913,2060
16590,r6i1p1f1,2060,06,03,1.0780159887204384,23.81149,5.82981,2060
16591,r6i1p1f1,2060,06,04,0.5693907434026074,24.9834,7.040662,2060
16592,r6i1p1f1,2060,06,05,2.92049625543028,21.298191,6.2869654,2060
16593,r6i1p1f1,2060,06,06,0.34696445722821206,23.182053,6.9759955,2060
16594,r6i1p1f1,2060,06,07,1.062000446106146,21.936949,8.108241,2060
16595,r6i1p1f1,2060,06,08,0.43872218645171374,24.852036,5.1787424,2060
16596,r6i1p1f1,2060,06,09,0.0,28.369312,9.548777,2060
16597,r6i1p1f1,2060,06,10,0.0,28.947172,9.538722,2060
16598,r6i1p1f1,2060,06,11,0.0,29.325808,10.967205,2060
16599,r6i1p1f1,2060,06,12,0.18582402993932381,28.087135,10.839522,2060
16600,r6i1p1f1,2060,06,13,0.12577900301965844,28.731806,8.544416,2060
16601,r6i1p1f1,2060,06,14,0.15818871716163935,26.765345,8.628031,2060
16602,r6i1p1f1,2060,06,15,0.0,28.013248,9.171081,2060
16603,r6i1p1f1,2060,06,16,0.021334899077216838,26.967716,8.538495,2060
16604,r6i1p1f1,2060,06,17,0.5173498817776623,19.077742,11.67051,2060
16605,r6i1p1f1,2060,06,18,0.27943316462972945,23.97187,8.186748,2060
16606,r6i1p1f1,2060,06,19,0.09122631793089718,27.03143,6.860892,2060
16607,r6i1p1f1,2060,06,20,0.0,28.686443,8.199077,2060
16608,r6i1p1f1,2060,06,21,0.0,30.689993,10.8127365,2060
16609,r6i1p1f1,2060,06,22,0.16285780563831692,29.504635,9.171852,2060
16610,r6i1p1f1,2060,06,23,0.04479507051971639,27.709217,7.1034374,2060
16611,r6i1p1f1,2060,06,24,0.0,29.156296,10.7875,2060
16612,r6i1p1f1,2060,06,25,0.0,29.44266,10.458469,2060
16613,r6i1p1f1,2060,06,26,0.07956293171652412,27.419006,9.637614,2060
16614,r6i1p1f1,2060,06,27,0.0,26.436453,6.995452,2060
16615,r6i1p1f1,2060,06,28,0.0,24.488947,7.705196,2060
16616,r6i1p1f1,2060,06,29,0.0,25.437674,6.64091,2060
16617,r6i1p1f1,2060,06,30,0.0,25.783003,5.0733876,2060
16618,r6i1p1f1,2060,07,01,0.19458840984833403,23.673262,10.949263,2060
16619,r6i1p1f1,2060,07,02,0.0,26.667841,7.244663,2060
16620,r6i1p1f1,2060,07,03,0.0,28.648746,9.325567,2060
16621,r6i1p1f1,2060,07,04,0.0,28.961594,8.5067835,2060
16622,r6i1p1f1,2060,07,05,0.0,30.09637,8.441965,2060
16623,r6i1p1f1,2060,07,06,0.0,31.345884,10.229903,2060
16624,r6i1p1f1,2060,07,07,0.19427510474508672,30.387142,9.661409,2060
16625,r6i1p1f1,2060,07,08,0.0,31.68788,10.600976,2060
16626,r6i1p1f1,2060,07,09,0.0,32.595203,10.690588,2060
16627,r6i1p1f1,2060,07,10,0.0,32.918995,11.751012,2060
16628,r6i1p1f1,2060,07,11,0.009096977562503094,32.467377,13.088725,2060
16629,r6i1p1f1,2060,07,12,0.53619681140197,32.560867,13.491084,2060
16630,r6i1p1f1,2060,07,13,0.0,33.39979,12.668723,2060
16631,r6i1p1f1,2060,07,14,0.001327463517222854,33.768906,15.031539,2060
16632,r6i1p1f1,2060,07,15,0.0,33.323868,12.345302,2060
16633,r6i1p1f1,2060,07,16,0.0,34.2229,13.945885,2060
16634,r6i1p1f1,2060,07,17,0.0,36.430973,14.637176,2060
16635,r6i1p1f1,2060,07,18,0.0,38.449406,16.274883,2060
16636,r6i1p1f1,2060,07,19,0.0,37.999943,15.431132,2060
16637,r6i1p1f1,2060,07,20,0.0,36.63056,14.304551,2060
16638,r6i1p1f1,2060,07,21,0.0,36.85875,14.495342,2060
16639,r6i1p1f1,2060,07,22,0.0,38.295757,15.69633,2060
16640,r6i1p1f1,2060,07,23,0.5233231442133,40.268143,19.805296,2060
16641,r6i1p1f1,2060,07,24,0.0061786374033910695,38.074158,17.453037,2060
16642,r6i1p1f1,2060,07,25,0.7062534444545058,37.92636,17.25112,2060
16643,r6i1p1f1,2060,07,26,0.0,35.792126,15.244365,2060
16644,r6i1p1f1,2060,07,27,0.0013975737721448687,34.494354,14.111575,2060
16645,r6i1p1f1,2060,07,28,0.0,34.360477,16.227777,2060
16646,r6i1p1f1,2060,07,29,0.04525514668473931,34.452187,14.1945915,2060
16647,r6i1p1f1,2060,07,30,0.0,33.587124,15.137436,2060
16648,r6i1p1f1,2060,07,31,0.016768401947377644,32.05707,12.12737,2060
16649,r6i1p1f1,2060,08,01,0.0,32.025055,11.011101,2060
16650,r6i1p1f1,2060,08,02,0.0,30.882486,10.874637,2060
16651,r6i1p1f1,2060,08,03,0.0,32.334454,11.882499,2060
16652,r6i1p1f1,2060,08,04,0.0,33.054245,12.118722,2060
16653,r6i1p1f1,2060,08,05,0.0,32.92218,12.518953,2060
16654,r6i1p1f1,2060,08,06,0.0,33.213,12.9019785,2060
16655,r6i1p1f1,2060,08,07,0.06760454893615846,34.013054,12.877605,2060
16656,r6i1p1f1,2060,08,08,0.038850589713325716,33.03704,13.041232,2060
16657,r6i1p1f1,2060,08,09,0.004416248076811895,32.39219,12.811285,2060
16658,r6i1p1f1,2060,08,10,0.013568891645584474,29.861015,9.302218,2060
16659,r6i1p1f1,2060,08,11,0.0,30.546284,10.624264,2060
16660,r6i1p1f1,2060,08,12,0.0,30.28844,9.7932625,2060
16661,r6i1p1f1,2060,08,13,0.0,30.69301,10.512088,2060
16662,r6i1p1f1,2060,08,14,0.0,32.284447,12.071383,2060
16663,r6i1p1f1,2060,08,15,0.0,32.33205,12.176242,2060
16664,r6i1p1f1,2060,08,16,0.0,31.73442,12.268353,2060
16665,r6i1p1f1,2060,08,17,0.0,31.149597,10.58034,2060
16666,r6i1p1f1,2060,08,18,0.2735087011601689,28.475266,9.166952,2060
16667,r6i1p1f1,2060,08,19,0.328107970307842,24.102266,6.7982144,2060
16668,r6i1p1f1,2060,08,20,0.012265295665716143,27.730045,8.050657,2060
16669,r6i1p1f1,2060,08,21,0.0,27.928768,9.439357,2060
16670,r6i1p1f1,2060,08,22,0.0,29.144104,9.125439,2060
16671,r6i1p1f1,2060,08,23,0.0,30.26662,10.532715,2060
16672,r6i1p1f1,2060,08,24,0.0,31.692171,11.48294,2060
16673,r6i1p1f1,2060,08,25,0.0,32.699284,12.34533,2060
16674,r6i1p1f1,2060,08,26,0.0,34.689884,13.412359,2060
16675,r6i1p1f1,2060,08,27,0.0,34.98793,13.948117,2060
16676,r6i1p1f1,2060,08,28,0.0,35.122513,15.186897,2060
16677,r6i1p1f1,2060,08,29,0.0,32.591072,13.438496,2060
16678,r6i1p1f1,2060,08,30,0.03640052723008879,32.184864,10.954297,2060
16679,r6i1p1f1,2060,08,31,0.0,31.477665,9.801611,2060
16680,r6i1p1f1,2060,09,01,0.0,30.635836,11.416867,2060
16681,r6i1p1f1,2060,09,02,0.0,30.905306,12.044148,2060
16682,r6i1p1f1,2060,09,03,0.0,30.710207,11.770004,2060
16683,r6i1p1f1,2060,09,04,0.0,30.107988,10.861059,2060
16684,r6i1p1f1,2060,09,05,0.0,30.342606,11.619112,2060
16685,r6i1p1f1,2060,09,06,0.0,30.791992,10.889971,2060
16686,r6i1p1f1,2060,09,07,0.0,30.156008,11.066754,2060
16687,r6i1p1f1,2060,09,08,0.0,27.491665,8.586163,2060
16688,r6i1p1f1,2060,09,09,0.0,27.685888,8.365552,2060
16689,r6i1p1f1,2060,09,10,0.0,29.242233,7.515696,2060
16690,r6i1p1f1,2060,09,11,0.0,30.915968,8.884937,2060
16691,r6i1p1f1,2060,09,12,0.0,29.527367,9.244603,2060
16692,r6i1p1f1,2060,09,13,0.0,29.042843,7.835497,2060
16693,r6i1p1f1,2060,09,14,0.0,29.688871,7.6971464,2060
16694,r6i1p1f1,2060,09,15,0.007748474326643761,29.432138,9.077915,2060
16695,r6i1p1f1,2060,09,16,0.0005513485764984075,30.012903,8.357284,2060
16696,r6i1p1f1,2060,09,17,0.0,30.885181,9.722913,2060
16697,r6i1p1f1,2060,09,18,0.0,32.278854,10.324674,2060
16698,r6i1p1f1,2060,09,19,0.0,33.46838,12.181805,2060
16699,r6i1p1f1,2060,09,20,0.03176773249076927,30.526102,10.219289,2060
16700,r6i1p1f1,2060,09,21,0.005143199736707386,18.100796,0.606485,2060
16701,r6i1p1f1,2060,09,22,2.2176863869197723,14.888627,2.1268725,2060
16702,r6i1p1f1,2060,09,23,2.926751984243003,15.020097,3.884523,2060
16703,r6i1p1f1,2060,09,24,0.6152096348703291,19.989979,2.8480475,2060
16704,r6i1p1f1,2060,09,25,0.0,25.65166,5.8588624,2060
16705,r6i1p1f1,2060,09,26,0.0,27.184336,6.097644,2060
16706,r6i1p1f1,2060,09,27,0.0,27.012167,6.3223157,2060
16707,r6i1p1f1,2060,09,28,0.0,28.202745,8.273409,2060
16708,r6i1p1f1,2060,09,29,0.0,30.52639,9.539073,2060
16709,r6i1p1f1,2060,09,30,0.0,31.199701,10.046954,2060
16710,r6i1p1f1,2060,10,01,0.05208855473203958,28.421553,7.061093,2060
16711,r6i1p1f1,2060,10,02,0.0,17.717121,0.228237,2060
16712,r6i1p1f1,2060,10,03,0.0,21.67982,1.6950009,2060
16713,r6i1p1f1,2060,10,04,0.0,23.997883,5.197792,2060
16714,r6i1p1f1,2060,10,05,0.0,25.159971,4.5326304,2060
16715,r6i1p1f1,2060,10,06,0.0,26.358276,6.8239894,2060
16716,r6i1p1f1,2060,10,07,0.0,26.742947,6.3540916,2060
16717,r6i1p1f1,2060,10,08,0.0,29.427303,7.637415,2060
16718,r6i1p1f1,2060,10,09,0.03548950562816694,26.873873,6.729518,2060
16719,r6i1p1f1,2060,10,10,0.23821030406727137,21.024296,4.4707026,2060
16720,r6i1p1f1,2060,10,11,0.0,22.87942,2.8397825,2060
16721,r6i1p1f1,2060,10,12,0.0,25.292816,5.8108473,2060
16722,r6i1p1f1,2060,10,13,0.003059831966386181,23.905373,5.5983896,2060
16723,r6i1p1f1,2060,10,14,0.0,21.991844,3.0360823,2060
16724,r6i1p1f1,2060,10,15,0.0,27.640696,5.7231855,2060
16725,r6i1p1f1,2060,10,16,0.0,29.637299,10.410104,2060
16726,r6i1p1f1,2060,10,17,0.0,31.12001,9.601099,2060
16727,r6i1p1f1,2060,10,18,0.0,28.932886,7.487759,2060
16728,r6i1p1f1,2060,10,19,0.0,20.007442,1.9747545,2060
16729,r6i1p1f1,2060,10,20,0.0,20.870985,-0.08395678,2060
16730,r6i1p1f1,2060,10,21,0.0,23.274435,3.7652848,2060
16731,r6i1p1f1,2060,10,22,0.0,25.186544,4.883951,2060
16732,r6i1p1f1,2060,10,23,0.0,26.163239,6.7041216,2060
16733,r6i1p1f1,2060,10,24,0.0,25.359045,6.338817,2060
16734,r6i1p1f1,2060,10,25,0.0,24.372492,5.535903,2060
16735,r6i1p1f1,2060,10,26,0.0,22.964891,4.2296705,2060
16736,r6i1p1f1,2060,10,27,0.06259525671485192,21.043491,2.385979,2060
16737,r6i1p1f1,2060,10,28,2.1902691561137058,15.466744,5.683888,2060
16738,r6i1p1f1,2060,10,29,0.028352928215666175,15.691517,5.8261514,2060
16739,r6i1p1f1,2060,10,30,0.0,23.591486,4.2713923,2060
16740,r6i1p1f1,2060,10,31,0.0,23.356586,4.6446424,2060
16741,r6i1p1f1,2060,11,01,0.0,20.280182,2.1198957,2060
16742,r6i1p1f1,2060,11,02,0.0,19.301664,-0.09406325,2060
16743,r6i1p1f1,2060,11,03,0.0,18.845036,1.7823921,2060
16744,r6i1p1f1,2060,11,04,0.0,13.738711,4.512177,2060
16745,r6i1p1f1,2060,11,05,4.552707526951458,12.101836,3.1831472,2060
16746,r6i1p1f1,2060,11,06,2.642049284007368,9.680711,-0.51958114,2060
16747,r6i1p1f1,2060,11,07,13.16603785194525,11.3303995,0.8163426,2060
16748,r6i1p1f1,2060,11,08,1.3452236312496204,11.886497,-0.98395616,2060
16749,r6i1p1f1,2060,11,09,20.468942972334656,9.962977,1.6947262,2060
16750,r6i1p1f1,2060,11,10,4.644949608263597,8.196646,-1.8835324,2060
16751,r6i1p1f1,2060,11,11,5.054306144017001,5.5028534,-3.1160913,2060
16752,r6i1p1f1,2060,11,12,2.1946923139214967,4.8874197,-3.0044672,2060
16753,r6i1p1f1,2060,11,13,0.03254215696978147,5.8973937,-5.989086,2060
16754,r6i1p1f1,2060,11,14,0.0,6.3714614,-6.0884075,2060
16755,r6i1p1f1,2060,11,15,14.532335638023117,3.232373,-6.2501774,2060
16756,r6i1p1f1,2060,11,16,5.238316687384216,3.0146728,-2.8954103,2060
16757,r6i1p1f1,2060,11,17,0.07431848716222368,4.0939417,-6.255066,2060
16758,r6i1p1f1,2060,11,18,0.16440446816618992,6.161931,-4.255123,2060
16759,r6i1p1f1,2060,11,19,0.0,7.842322,-6.873165,2060
16760,r6i1p1f1,2060,11,20,4.247465488947395,3.9806626,-6.2837667,2060
16761,r6i1p1f1,2060,11,21,2.2016288654495226,1.7811567,-4.280136,2060
16762,r6i1p1f1,2060,11,22,0.009858218212522375,7.3196983,-3.859442,2060
16763,r6i1p1f1,2060,11,23,0.012805231019743108,9.80842,0.56501293,2060
16764,r6i1p1f1,2060,11,24,0.0,9.3536005,-5.4093056,2060
16765,r6i1p1f1,2060,11,25,0.0,9.495428,-3.548754,2060
16766,r6i1p1f1,2060,11,26,0.0,10.539407,-3.437397,2060
16767,r6i1p1f1,2060,11,27,0.0,12.184995,-4.5086274,2060
16768,r6i1p1f1,2060,11,28,0.0,14.659755,-4.2495394,2060
16769,r6i1p1f1,2060,11,29,0.0,14.834031,-2.7655315,2060
16770,r6i1p1f1,2060,11,30,0.0,13.629214,-2.7794275,2060
16771,r6i1p1f1,2060,12,01,0.29962268113246066,10.361185,1.6540055,2060
16772,r6i1p1f1,2060,12,02,16.78186435592652,9.366846,1.7458162,2060
16773,r6i1p1f1,2060,12,03,3.320644510042042,10.301896,3.2371585,2060
16774,r6i1p1f1,2060,12,04,17.95185825481867,9.94579,1.3008698,2060
16775,r6i1p1f1,2060,12,05,8.50092555076879,9.308891,1.0713335,2060
16776,r6i1p1f1,2060,12,06,0.0,12.23111,1.7643094,2060
16777,r6i1p1f1,2060,12,07,1.1400159633561957,11.391046,2.1962311,2060
16778,r6i1p1f1,2060,12,08,71.5612455107699,11.033821,2.7008083,2060
16779,r6i1p1f1,2060,12,09,60.614152098092475,12.210035,4.8453994,2060
16780,r6i1p1f1,2060,12,10,0.18365836056352491,13.212696,0.19389114,2060
16781,r6i1p1f1,2060,12,11,0.0,7.644676,-2.8506944,2060
16782,r6i1p1f1,2060,12,12,0.11066998565991065,10.555195,2.4353,2060
16783,r6i1p1f1,2060,12,13,0.0,11.002836,-0.34463686,2060
16784,r6i1p1f1,2060,12,14,0.12622384593411148,11.475812,4.4649396,2060
16785,r6i1p1f1,2060,12,15,0.0,13.869465,5.5715,2060
16786,r6i1p1f1,2060,12,16,0.0,17.519299,2.8922749,2060
16787,r6i1p1f1,2060,12,17,0.0,17.543943,4.962429,2060
16788,r6i1p1f1,2060,12,18,0.0,19.56148,6.1043525,2060
16789,r6i1p1f1,2060,12,19,0.0,18.321014,4.8729825,2060
16790,r6i1p1f1,2060,12,20,0.0,15.555462,2.4399316,2060
16791,r6i1p1f1,2060,12,21,0.0,14.3491745,2.8094509,2060
16792,r6i1p1f1,2060,12,22,0.0,13.971208,5.438474,2060
16793,r6i1p1f1,2060,12,23,0.0,15.55576,2.3887396,2060
16794,r6i1p1f1,2060,12,24,3.856535366689698,13.200544,5.5072374,2060
16795,r6i1p1f1,2060,12,25,0.9774959971376445,12.508541,6.8563356,2060
16796,r6i1p1f1,2060,12,26,34.75440807997483,14.066217,8.129303,2060
16797,r6i1p1f1,2060,12,27,12.942501985173074,13.558309,0.3840591,2060
16798,r6i1p1f1,2060,12,28,12.48947807700727,6.9215627,-3.8667605,2060
16799,r6i1p1f1,2060,12,29,0.5470026033760431,1.045188,-6.037987,2060
16800,r6i1p1f1,2060,12,30,0.01204053489262215,2.776756,-4.825403,2060
16801,r6i1p1f1,2060,12,31,0.0,5.3513527,-7.136408,2060
16802,r6i1p1f1,2061,01,01,0.103847645335605,4.795149,-6.3954906,2061
16803,r6i1p1f1,2061,01,02,0.372517418632508,5.2168455,0.7363773,2061
16804,r6i1p1f1,2061,01,03,0.002272160297467755,8.119639,-1.1087395,2061
16805,r6i1p1f1,2061,01,04,0.0,10.8260145,-1.4211036,2061
16806,r6i1p1f1,2061,01,05,2.7273101008772023,9.244538,0.93975115,2061
16807,r6i1p1f1,2061,01,06,4.6308690439009945,7.6926765,2.183823,2061
16808,r6i1p1f1,2061,01,07,3.375104706721714,7.1969213,1.2548859,2061
16809,r6i1p1f1,2061,01,08,29.015214737747975,6.716924,-1.468751,2061
16810,r6i1p1f1,2061,01,09,15.150046685648212,1.4815809,-5.5870137,2061
16811,r6i1p1f1,2061,01,10,0.32686370612059557,2.9175155,-5.401897,2061
16812,r6i1p1f1,2061,01,11,0.12041155290933944,3.6463716,-3.8427773,2061
16813,r6i1p1f1,2061,01,12,0.012204428519359784,4.0711493,-1.6467607,2061
16814,r6i1p1f1,2061,01,13,0.04711878034067184,3.6310878,-5.0777273,2061
16815,r6i1p1f1,2061,01,14,0.0,5.4614344,-0.5236485,2061
16816,r6i1p1f1,2061,01,15,0.0,5.8329363,-1.3287224,2061
16817,r6i1p1f1,2061,01,16,0.7562340489568269,3.6157024,-1.0911963,2061
16818,r6i1p1f1,2061,01,17,0.027659049640045782,7.915478,1.3145533,2061
16819,r6i1p1f1,2061,01,18,0.0,12.586549,-1.5185062,2061
16820,r6i1p1f1,2061,01,19,0.0,14.063993,-0.42890975,2061
16821,r6i1p1f1,2061,01,20,0.0,14.275299,0.3817596,2061
16822,r6i1p1f1,2061,01,21,0.0,13.657432,0.14814176,2061
16823,r6i1p1f1,2061,01,22,0.0,6.680954,-6.9035573,2061
16824,r6i1p1f1,2061,01,23,0.0,1.4818149,-13.783002,2061
16825,r6i1p1f1,2061,01,24,0.0,7.929388,-7.7028785,2061
16826,r6i1p1f1,2061,01,25,0.40378376806183,6.354371,-5.495879,2061
16827,r6i1p1f1,2061,01,26,2.737098433934304,1.8564365,-6.1366982,2061
16828,r6i1p1f1,2061,01,27,2.03052834596148,-0.7722948,-8.672104,2061
16829,r6i1p1f1,2061,01,28,7.082310365911181,0.17285998,-12.522791,2061
16830,r6i1p1f1,2061,01,29,22.4083855079784,6.3295503,-3.1641312,2061
16831,r6i1p1f1,2061,01,30,0.07254275283767668,4.9207406,-8.34628,2061
16832,r6i1p1f1,2061,01,31,0.0,3.3775346,-11.619079,2061
16833,r6i1p1f1,2061,02,01,12.63959786173867,2.2412133,-6.3829775,2061
16834,r6i1p1f1,2061,02,02,9.08069331644549,5.6058116,-2.733092,2061
16835,r6i1p1f1,2061,02,03,9.770140898971642,4.473459,-9.3599415,2061
16836,r6i1p1f1,2061,02,04,0.0815270126278598,5.021398,-7.8851204,2061
16837,r6i1p1f1,2061,02,05,9.3352545356924,5.74002,-3.4271436,2061
16838,r6i1p1f1,2061,02,06,0.0246571440066192,6.7834244,-0.87293816,2061
16839,r6i1p1f1,2061,02,07,8.755547658666913,9.304782,-1.1419742,2061
16840,r6i1p1f1,2061,02,08,20.54521401953578,8.322181,-1.5965698,2061
16841,r6i1p1f1,2061,02,09,6.3029008965593665,9.661224,1.190005,2061
16842,r6i1p1f1,2061,02,10,8.199360724359213,12.0640545,2.924204,2061
16843,r6i1p1f1,2061,02,11,3.193416866342507,11.073951,1.5070609,2061
16844,r6i1p1f1,2061,02,12,0.028279273277524417,12.657026,0.91982794,2061
16845,r6i1p1f1,2061,02,13,0.004075710860940661,12.189003,0.9367156,2061
16846,r6i1p1f1,2061,02,14,28.8406053806671,9.830781,2.040885,2061
16847,r6i1p1f1,2061,02,15,0.013478634906556897,12.124427,-3.1172428,2061
16848,r6i1p1f1,2061,02,16,0.0,15.054812,-1.8229551,2061
16849,r6i1p1f1,2061,02,17,0.0,12.656127,0.14384077,2061
16850,r6i1p1f1,2061,02,18,1.1675483875457773,8.810644,-0.21867266,2061
16851,r6i1p1f1,2061,02,19,18.2053868755075,9.957438,-0.63915545,2061
16852,r6i1p1f1,2061,02,20,17.115681819573968,5.5586395,-5.9374824,2061
16853,r6i1p1f1,2061,02,21,7.5466592520830895,6.1578608,-5.279013,2061
16854,r6i1p1f1,2061,02,22,26.63858965450409,9.783517,-2.3590498,2061
16855,r6i1p1f1,2061,02,23,9.386109470121207,5.3454947,-7.3099194,2061
16856,r6i1p1f1,2061,02,24,3.6029110691134374,1.9471054,-6.1637845,2061
16857,r6i1p1f1,2061,02,25,1.5371344629176178,1.2837691,-6.1667204,2061
16858,r6i1p1f1,2061,02,26,0.7779267921660504,2.3077278,-9.624327,2061
16859,r6i1p1f1,2061,02,27,2.4222301997884985,1.8714708,-10.315809,2061
16860,r6i1p1f1,2061,02,28,0.0,2.548789,-10.214238,2061
16861,r6i1p1f1,2061,03,01,0.007128806799433166,1.9871776,-13.121703,2061
16862,r6i1p1f1,2061,03,02,0.010027519265869965,1.2655481,-11.157791,2061
16863,r6i1p1f1,2061,03,03,0.0,2.1016111,-9.630627,2061
16864,r6i1p1f1,2061,03,04,0.0,5.3180847,-12.285741,2061
16865,r6i1p1f1,2061,03,05,0.17570436922024957,6.0091014,-11.18316,2061
16866,r6i1p1f1,2061,03,06,1.0173345132020837,1.8016952,-17.15877,2061
16867,r6i1p1f1,2061,03,07,3.3925991738668135,2.2804453,-5.966445,2061
16868,r6i1p1f1,2061,03,08,0.2504140172054282,7.541678,-8.758002,2061
16869,r6i1p1f1,2061,03,09,14.076009699594952,6.712414,-2.1651635,2061
16870,r6i1p1f1,2061,03,10,27.5029702565358,5.2575936,-2.6145744,2061
16871,r6i1p1f1,2061,03,11,7.376184461315934,3.156869,-3.5577433,2061
16872,r6i1p1f1,2061,03,12,1.0267796915723184,5.082981,-2.1642277,2061
16873,r6i1p1f1,2061,03,13,0.12724762184200444,9.225944,1.3747681,2061
16874,r6i1p1f1,2061,03,14,3.2935626693029336,6.6673884,0.37460026,2061
16875,r6i1p1f1,2061,03,15,0.0,18.924122,-0.15703106,2061
16876,r6i1p1f1,2061,03,16,0.0,20.799974,1.8483057,2061
16877,r6i1p1f1,2061,03,17,0.0,22.24006,3.7580833,2061
16878,r6i1p1f1,2061,03,18,0.0,23.653536,4.672298,2061
16879,r6i1p1f1,2061,03,19,0.0,23.995989,4.393771,2061
16880,r6i1p1f1,2061,03,20,0.0,24.20403,5.4328117,2061
16881,r6i1p1f1,2061,03,21,0.0,23.841412,5.4895988,2061
16882,r6i1p1f1,2061,03,22,2.945600673370645,17.203234,1.3527737,2061
16883,r6i1p1f1,2061,03,23,13.90514435239867,9.075439,0.15209824,2061
16884,r6i1p1f1,2061,03,24,4.31185487681931,12.176105,-1.5117385,2061
16885,r6i1p1f1,2061,03,25,0.0054723123115980685,15.518894,-0.7859817,2061
16886,r6i1p1f1,2061,03,26,6.351689760639563,12.220991,-2.209078,2061
16887,r6i1p1f1,2061,03,27,0.03405190451645712,14.155154,-1.1370101,2061
16888,r6i1p1f1,2061,03,28,0.0,17.83018,-0.8543035,2061
16889,r6i1p1f1,2061,03,29,0.0,22.524366,2.2752683,2061
16890,r6i1p1f1,2061,03,30,0.0,24.397535,3.6130044,2061
16891,r6i1p1f1,2061,03,31,0.0,23.611954,5.6253433,2061
16892,r6i1p1f1,2061,04,01,0.0,18.97764,3.2813447,2061
16893,r6i1p1f1,2061,04,02,1.4034918442798263,15.430579,-1.2414272,2061
16894,r6i1p1f1,2061,04,03,0.31302047947813255,12.668908,-1.4263123,2061
16895,r6i1p1f1,2061,04,04,0.0,19.22628,-1.7683659,2061
16896,r6i1p1f1,2061,04,05,0.0,23.632992,3.7138476,2061
16897,r6i1p1f1,2061,04,06,0.0,24.72607,6.2953653,2061
16898,r6i1p1f1,2061,04,07,0.0,24.944515,8.209374,2061
16899,r6i1p1f1,2061,04,08,0.0,24.335533,4.5838957,2061
16900,r6i1p1f1,2061,04,09,0.0,25.71104,7.878778,2061
16901,r6i1p1f1,2061,04,10,0.0,25.246819,7.7120523,2061
16902,r6i1p1f1,2061,04,11,0.05932052119366936,24.888353,6.9589124,2061
16903,r6i1p1f1,2061,04,12,0.2892253622563023,23.27037,5.8974385,2061
16904,r6i1p1f1,2061,04,13,0.9255388672710214,15.060886,2.6504004,2061
16905,r6i1p1f1,2061,04,14,0.0,20.403109,2.053907,2061
16906,r6i1p1f1,2061,04,15,0.0,20.810896,1.1136659,2061
16907,r6i1p1f1,2061,04,16,0.0,21.511463,2.2546313,2061
16908,r6i1p1f1,2061,04,17,0.0,22.043198,5.1436357,2061
16909,r6i1p1f1,2061,04,18,7.920336097397098,18.570024,0.66757727,2061
16910,r6i1p1f1,2061,04,19,0.2579397381853784,17.780602,1.1000848,2061
16911,r6i1p1f1,2061,04,20,2.4786458321942795,15.866717,-0.7333127,2061
16912,r6i1p1f1,2061,04,21,0.5561922364372809,16.214893,-1.2091495,2061
16913,r6i1p1f1,2061,04,22,0.07410536197591003,21.45877,5.164118,2061
16914,r6i1p1f1,2061,04,23,0.014334612065471484,21.117823,6.1351852,2061
16915,r6i1p1f1,2061,04,24,13.30047614731852,12.505384,-1.5227863,2061
16916,r6i1p1f1,2061,04,25,6.459069641526387,11.292596,-1.0089844,2061
16917,r6i1p1f1,2061,04,26,1.6720052442115907,10.686791,-0.21583346,2061
16918,r6i1p1f1,2061,04,27,0.1401404106074487,11.827892,-4.225685,2061
16919,r6i1p1f1,2061,04,28,0.46460591236941745,14.313295,-2.8158727,2061
16920,r6i1p1f1,2061,04,29,0.32188036378552587,18.408554,-0.36385864,2061
16921,r6i1p1f1,2061,04,30,0.10314535041053977,16.154516,0.042914435,2061
16922,r6i1p1f1,2061,05,01,6.836389132544931,12.177168,3.3705432,2061
16923,r6i1p1f1,2061,05,02,1.1154631019118963,12.48987,0.18597047,2061
16924,r6i1p1f1,2061,05,03,1.0101898508362794,14.265585,-1.5042411,2061
16925,r6i1p1f1,2061,05,04,0.8719548425221947,14.219393,-1.1223228,2061
16926,r6i1p1f1,2061,05,05,0.07041340169169179,19.406929,-0.06550366,2061
16927,r6i1p1f1,2061,05,06,0.0,21.361221,3.9961534,2061
16928,r6i1p1f1,2061,05,07,1.0426340103342027,16.780014,-0.17744906,2061
16929,r6i1p1f1,2061,05,08,0.9225724073377849,13.120607,-0.38838166,2061
16930,r6i1p1f1,2061,05,09,1.0976925720444923,14.279884,1.2890158,2061
16931,r6i1p1f1,2061,05,10,8.880902560398106,13.461493,1.8995868,2061
16932,r6i1p1f1,2061,05,11,0.2543829688697098,24.793882,4.463571,2061
16933,r6i1p1f1,2061,05,12,0.0,25.869625,5.554707,2061
16934,r6i1p1f1,2061,05,13,0.0,23.494764,2.5547867,2061
16935,r6i1p1f1,2061,05,14,0.0,22.651896,3.5484955,2061
16936,r6i1p1f1,2061,05,15,0.0,25.542572,6.541607,2061
16937,r6i1p1f1,2061,05,16,0.3419225268326429,25.82048,6.7003117,2061
16938,r6i1p1f1,2061,05,17,3.6816015653680085,20.49547,3.9747972,2061
16939,r6i1p1f1,2061,05,18,3.434508184977408,16.867876,-0.41240942,2061
16940,r6i1p1f1,2061,05,19,2.3682194586770313,16.454485,-2.5801888,2061
16941,r6i1p1f1,2061,05,20,0.42160249236535563,21.116522,2.087027,2061
16942,r6i1p1f1,2061,05,21,0.007803919540946175,24.257341,6.1289706,2061
16943,r6i1p1f1,2061,05,22,0.08957797006369725,22.601025,5.1961904,2061
16944,r6i1p1f1,2061,05,23,0.20079858894068223,24.002226,5.962621,2061
16945,r6i1p1f1,2061,05,24,0.0,27.742107,7.681451,2061
16946,r6i1p1f1,2061,05,25,0.0005740337679212398,29.002918,9.946662,2061
16947,r6i1p1f1,2061,05,26,0.023999954812232847,27.740652,8.725262,2061
16948,r6i1p1f1,2061,05,27,0.4049572401989539,29.081444,9.37022,2061
16949,r6i1p1f1,2061,05,28,0.0,29.723698,9.795424,2061
16950,r6i1p1f1,2061,05,29,0.0,29.25968,10.581963,2061
16951,r6i1p1f1,2061,05,30,0.5843654493693654,28.974358,10.103536,2061
16952,r6i1p1f1,2061,05,31,9.67181481186172,25.154877,6.5124435,2061
16953,r6i1p1f1,2061,06,01,0.06349518942196017,19.073936,2.0034933,2061
16954,r6i1p1f1,2061,06,02,0.9310197684926427,16.851921,1.1230899,2061
16955,r6i1p1f1,2061,06,03,1.4988590862453601,19.44682,0.7155884,2061
16956,r6i1p1f1,2061,06,04,0.0,25.785883,6.076751,2061
16957,r6i1p1f1,2061,06,05,0.0,25.599861,8.644896,2061
16958,r6i1p1f1,2061,06,06,0.015650519022496815,22.194674,5.609848,2061
16959,r6i1p1f1,2061,06,07,0.0,24.52467,5.380107,2061
16960,r6i1p1f1,2061,06,08,0.0,29.18246,8.619108,2061
16961,r6i1p1f1,2061,06,09,0.0,28.814665,9.44525,2061
16962,r6i1p1f1,2061,06,10,0.0051978865100102195,23.162973,8.148694,2061
16963,r6i1p1f1,2061,06,11,0.0,21.078657,3.6147969,2061
16964,r6i1p1f1,2061,06,12,0.0,21.842844,4.5025096,2061
16965,r6i1p1f1,2061,06,13,0.00039514509383847867,24.378765,4.5149813,2061
16966,r6i1p1f1,2061,06,14,0.0,28.800283,8.2028675,2061
16967,r6i1p1f1,2061,06,15,0.0,33.280804,12.574538,2061
16968,r6i1p1f1,2061,06,16,0.0,34.189983,13.767953,2061
16969,r6i1p1f1,2061,06,17,0.0,33.906998,13.599537,2061
16970,r6i1p1f1,2061,06,18,0.0,34.70342,15.061797,2061
16971,r6i1p1f1,2061,06,19,0.0,35.439392,16.66815,2061
16972,r6i1p1f1,2061,06,20,0.0,34.72801,14.674456,2061
16973,r6i1p1f1,2061,06,21,0.0,30.945276,12.234349,2061
16974,r6i1p1f1,2061,06,22,0.0,29.635447,10.664887,2061
16975,r6i1p1f1,2061,06,23,0.0,28.603981,10.258258,2061
16976,r6i1p1f1,2061,06,24,0.1582040396747636,29.579077,8.010721,2061
16977,r6i1p1f1,2061,06,25,0.04281604819882589,30.84808,10.956365,2061
16978,r6i1p1f1,2061,06,26,0.3802996904283949,30.002651,10.472378,2061
16979,r6i1p1f1,2061,06,27,0.4073556051931997,29.323483,11.467842,2061
16980,r6i1p1f1,2061,06,28,4.4991551969396415,26.935081,7.513289,2061
16981,r6i1p1f1,2061,06,29,0.09685733466739416,29.58155,10.545411,2061
16982,r6i1p1f1,2061,06,30,0.0,31.969643,12.223228,2061
16983,r6i1p1f1,2061,07,01,0.0,31.94057,12.409531,2061
16984,r6i1p1f1,2061,07,02,0.0,30.937155,11.058151,2061
16985,r6i1p1f1,2061,07,03,0.0,32.618282,11.167128,2061
16986,r6i1p1f1,2061,07,04,0.0,33.94919,12.233036,2061
16987,r6i1p1f1,2061,07,05,0.0,35.52096,13.478024,2061
16988,r6i1p1f1,2061,07,06,0.0,36.294888,15.126631,2061
16989,r6i1p1f1,2061,07,07,0.19259399096463148,35.876793,15.975404,2061
16990,r6i1p1f1,2061,07,08,0.07869062125968425,31.694193,12.039286,2061
16991,r6i1p1f1,2061,07,09,0.0,29.737637,10.0888405,2061
16992,r6i1p1f1,2061,07,10,0.0,26.45911,8.652478,2061
16993,r6i1p1f1,2061,07,11,0.0,25.957188,6.369787,2061
16994,r6i1p1f1,2061,07,12,0.0,24.80852,11.936694,2061
16995,r6i1p1f1,2061,07,13,0.0,28.184448,8.32936,2061
16996,r6i1p1f1,2061,07,14,0.0,30.609545,9.430222,2061
16997,r6i1p1f1,2061,07,15,0.0,30.966257,10.120263,2061
16998,r6i1p1f1,2061,07,16,0.0,31.520273,10.816292,2061
16999,r6i1p1f1,2061,07,17,0.0,31.900616,11.209824,2061
17000,r6i1p1f1,2061,07,18,0.0,33.566277,11.977908,2061
17001,r6i1p1f1,2061,07,19,0.0,33.572613,12.022219,2061
17002,r6i1p1f1,2061,07,20,0.0,33.969673,13.340786,2061
17003,r6i1p1f1,2061,07,21,0.0,34.38066,13.608876,2061
17004,r6i1p1f1,2061,07,22,0.0,35.727505,14.339664,2061
17005,r6i1p1f1,2061,07,23,0.0,36.503048,15.220686,2061
17006,r6i1p1f1,2061,07,24,0.0,37.107784,15.352901,2061
17007,r6i1p1f1,2061,07,25,0.0,35.568115,14.143597,2061
17008,r6i1p1f1,2061,07,26,0.0,34.566177,13.104517,2061
17009,r6i1p1f1,2061,07,27,0.0,34.906483,12.984073,2061
17010,r6i1p1f1,2061,07,28,0.003479090011526817,33.814716,12.974034,2061
17011,r6i1p1f1,2061,07,29,0.3515500128472347,30.669554,11.574989,2061
17012,r6i1p1f1,2061,07,30,0.14098713764427373,29.30764,11.561993,2061
17013,r6i1p1f1,2061,07,31,0.0,30.72794,10.5308075,2061
17014,r6i1p1f1,2061,08,01,0.0,32.605392,12.142205,2061
17015,r6i1p1f1,2061,08,02,0.007708867335210956,33.91396,13.2044735,2061
17016,r6i1p1f1,2061,08,03,0.0,34.42381,13.980428,2061
17017,r6i1p1f1,2061,08,04,0.0,34.637806,13.613973,2061
17018,r6i1p1f1,2061,08,05,0.0,33.307693,12.564643,2061
17019,r6i1p1f1,2061,08,06,0.0,31.517944,11.009669,2061
17020,r6i1p1f1,2061,08,07,0.0,30.559801,9.806761,2061
17021,r6i1p1f1,2061,08,08,0.0,33.461773,12.422231,2061
17022,r6i1p1f1,2061,08,09,0.0,34.322205,13.074294,2061
17023,r6i1p1f1,2061,08,10,0.0,34.16408,13.014761,2061
17024,r6i1p1f1,2061,08,11,0.0,36.626186,14.501073,2061
17025,r6i1p1f1,2061,08,12,0.0,38.69831,16.859686,2061
17026,r6i1p1f1,2061,08,13,0.0,39.77908,17.058395,2061
17027,r6i1p1f1,2061,08,14,0.0,37.82645,15.8251,2061
17028,r6i1p1f1,2061,08,15,0.5149452441107476,34.99244,14.3460865,2061
17029,r6i1p1f1,2061,08,16,11.104867248697461,30.382807,12.533954,2061
17030,r6i1p1f1,2061,08,17,0.29690230515938065,28.57442,11.100187,2061
17031,r6i1p1f1,2061,08,18,0.0,30.12589,13.744616,2061
17032,r6i1p1f1,2061,08,19,1.91735278648069,30.452469,11.907396,2061
17033,r6i1p1f1,2061,08,20,0.027411042446618898,27.881443,9.080714,2061
17034,r6i1p1f1,2061,08,21,0.0,28.711254,9.189162,2061
17035,r6i1p1f1,2061,08,22,0.0,28.999641,9.587664,2061
17036,r6i1p1f1,2061,08,23,0.0,29.291561,9.733669,2061
17037,r6i1p1f1,2061,08,24,0.0,30.465357,12.071131,2061
17038,r6i1p1f1,2061,08,25,0.12461710368330545,31.615166,11.127549,2061
17039,r6i1p1f1,2061,08,26,2.1771477020077743,31.970442,13.008107,2061
17040,r6i1p1f1,2061,08,27,0.42054537888245486,31.053406,11.9651375,2061
17041,r6i1p1f1,2061,08,28,0.0,32.13998,13.337402,2061
17042,r6i1p1f1,2061,08,29,1.7073370516138815,31.50035,11.502305,2061
17043,r6i1p1f1,2061,08,30,0.0,30.376904,9.385481,2061
17044,r6i1p1f1,2061,08,31,0.0,30.969486,11.718401,2061
17045,r6i1p1f1,2061,09,01,0.08524163610548058,31.45874,12.069642,2061
17046,r6i1p1f1,2061,09,02,0.0,33.451008,13.323297,2061
17047,r6i1p1f1,2061,09,03,0.0,31.627432,11.92286,2061
17048,r6i1p1f1,2061,09,04,0.0,29.525797,9.10749,2061
17049,r6i1p1f1,2061,09,05,0.0,31.320276,9.369385,2061
17050,r6i1p1f1,2061,09,06,0.0,31.186249,10.552997,2061
17051,r6i1p1f1,2061,09,07,0.0,30.886185,10.8474245,2061
17052,r6i1p1f1,2061,09,08,0.010437975052707067,30.16786,9.773081,2061
17053,r6i1p1f1,2061,09,09,44.831559487604444,27.075861,11.189632,2061
17054,r6i1p1f1,2061,09,10,1.2623239466450105,22.715895,9.1754265,2061
17055,r6i1p1f1,2061,09,11,0.0,26.764967,10.131998,2061
17056,r6i1p1f1,2061,09,12,0.0021009383148949652,28.123823,11.177523,2061
17057,r6i1p1f1,2061,09,13,0.04269366818286064,28.952135,11.071099,2061
17058,r6i1p1f1,2061,09,14,0.0,28.789854,10.370783,2061
17059,r6i1p1f1,2061,09,15,0.717957031821777,25.46366,8.799469,2061
17060,r6i1p1f1,2061,09,16,2.2832630202848896,21.723883,4.185886,2061
17061,r6i1p1f1,2061,09,17,0.49755066351614596,20.12497,5.2747126,2061
17062,r6i1p1f1,2061,09,18,0.47900585836764475,19.540903,4.16949,2061
17063,r6i1p1f1,2061,09,19,0.0,21.677078,3.751442,2061
17064,r6i1p1f1,2061,09,20,0.0,24.79947,6.3633265,2061
17065,r6i1p1f1,2061,09,21,0.0,24.19621,6.9795685,2061
17066,r6i1p1f1,2061,09,22,0.0,21.930563,2.9284759,2061
17067,r6i1p1f1,2061,09,23,0.0,27.956324,7.106466,2061
17068,r6i1p1f1,2061,09,24,0.0,30.752676,9.387907,2061
17069,r6i1p1f1,2061,09,25,0.0,31.693695,10.489154,2061
17070,r6i1p1f1,2061,09,26,0.0,30.785494,11.540616,2061
17071,r6i1p1f1,2061,09,27,3.5622394435843905,28.889662,10.191537,2061
17072,r6i1p1f1,2061,09,28,4.682951190290102,21.776443,6.1179214,2061
17073,r6i1p1f1,2061,09,29,0.06118767022137749,19.43398,3.4148407,2061
17074,r6i1p1f1,2061,09,30,0.0,23.331665,4.6762605,2061
17075,r6i1p1f1,2061,10,01,0.0,28.921562,9.12324,2061
17076,r6i1p1f1,2061,10,02,0.00942353179286578,29.116127,11.394145,2061
17077,r6i1p1f1,2061,10,03,0.06147847335827409,30.956715,11.449011,2061
17078,r6i1p1f1,2061,10,04,0.0,31.198305,11.395452,2061
17079,r6i1p1f1,2061,10,05,0.0,32.38979,12.313561,2061
17080,r6i1p1f1,2061,10,06,0.0,32.815075,13.84255,2061
17081,r6i1p1f1,2061,10,07,0.0,30.974989,12.929385,2061
17082,r6i1p1f1,2061,10,08,0.023199671575873815,27.931057,9.831105,2061
17083,r6i1p1f1,2061,10,09,0.0,17.567009,1.816372,2061
17084,r6i1p1f1,2061,10,10,0.030153497605906274,11.759242,-2.5225184,2061
17085,r6i1p1f1,2061,10,11,0.0,17.781605,-2.423226,2061
17086,r6i1p1f1,2061,10,12,0.0,20.54541,-0.21135825,2061
17087,r6i1p1f1,2061,10,13,0.0,21.378922,2.193188,2061
17088,r6i1p1f1,2061,10,14,0.0,25.162487,5.8131657,2061
17089,r6i1p1f1,2061,10,15,0.0,25.194067,5.194935,2061
17090,r6i1p1f1,2061,10,16,0.0,20.602606,2.0670936,2061
17091,r6i1p1f1,2061,10,17,0.0,19.19013,-0.49636644,2061
17092,r6i1p1f1,2061,10,18,0.0,17.486607,-1.4309275,2061
17093,r6i1p1f1,2061,10,19,0.23769733035177942,16.069181,1.9939905,2061
17094,r6i1p1f1,2061,10,20,0.0,14.684417,-3.7484586,2061
17095,r6i1p1f1,2061,10,21,0.19853863897146357,14.6743355,-0.92990625,2061
17096,r6i1p1f1,2061,10,22,9.443133120177219,10.158168,0.353794,2061
17097,r6i1p1f1,2061,10,23,8.500278486222058,9.148253,2.9289708,2061
17098,r6i1p1f1,2061,10,24,0.015958841216990864,15.178985,1.5701627,2061
17099,r6i1p1f1,2061,10,25,0.0,18.693504,2.564493,2061
17100,r6i1p1f1,2061,10,26,0.0,18.31473,4.4897356,2061
17101,r6i1p1f1,2061,10,27,0.35613184321309693,18.02909,4.851099,2061
17102,r6i1p1f1,2061,10,28,0.020031173837200437,17.538298,4.298442,2061
17103,r6i1p1f1,2061,10,29,0.0,17.096758,-0.11688523,2061
17104,r6i1p1f1,2061,10,30,0.0,18.988258,-0.6267968,2061
17105,r6i1p1f1,2061,10,31,0.0,18.918133,1.1407071,2061
17106,r6i1p1f1,2061,11,01,0.0,16.646873,0.42817503,2061
17107,r6i1p1f1,2061,11,02,0.020210782607091728,12.2772875,1.8390204,2061
17108,r6i1p1f1,2061,11,03,9.057902620649678,9.599299,-0.78786385,2061
17109,r6i1p1f1,2061,11,04,0.0206402193264984,9.299567,-1.1968694,2061
17110,r6i1p1f1,2061,11,05,0.0,12.605285,-2.1859522,2061
17111,r6i1p1f1,2061,11,06,0.0,16.850107,0.032431524,2061
17112,r6i1p1f1,2061,11,07,0.0,16.839067,-0.34391817,2061
17113,r6i1p1f1,2061,11,08,0.335955809103185,12.51927,1.9819359,2061
17114,r6i1p1f1,2061,11,09,6.723983374065443,7.9089904,-1.1201352,2061
17115,r6i1p1f1,2061,11,10,1.1014221535639734,10.871037,-0.4771091,2061
17116,r6i1p1f1,2061,11,11,0.21371943956276135,11.601876,0.64460796,2061
17117,r6i1p1f1,2061,11,12,21.288461935146014,8.007405,1.7074509,2061
17118,r6i1p1f1,2061,11,13,7.839158916708946,10.680516,1.3361752,2061
17119,r6i1p1f1,2061,11,14,0.0,12.095635,-2.6668966,2061
17120,r6i1p1f1,2061,11,15,0.0,11.733193,-4.762773,2061
17121,r6i1p1f1,2061,11,16,0.0,12.291206,-4.4873343,2061
17122,r6i1p1f1,2061,11,17,6.064941430172291,7.2907705,-1.9704456,2061
17123,r6i1p1f1,2061,11,18,19.609111223862254,5.619951,-1.614303,2061
17124,r6i1p1f1,2061,11,19,13.552769100037315,4.5019445,-2.9517543,2061
17125,r6i1p1f1,2061,11,20,14.950698278591117,5.3642855,-1.24389,2061
17126,r6i1p1f1,2061,11,21,25.536656503861533,12.206417,-0.8544926,2061
17127,r6i1p1f1,2061,11,22,22.69845675276483,11.977228,-0.38849154,2061
17128,r6i1p1f1,2061,11,23,0.0,9.394876,-3.533102,2061
17129,r6i1p1f1,2061,11,24,0.0,10.367374,-5.1534953,2061
17130,r6i1p1f1,2061,11,25,0.0,9.366123,-3.7543812,2061
17131,r6i1p1f1,2061,11,26,0.0,7.5923934,-1.5009582,2061
17132,r6i1p1f1,2061,11,27,0.010067650965358289,7.9338055,-0.48492187,2061
17133,r6i1p1f1,2061,11,28,0.0,10.126466,-2.9015005,2061
17134,r6i1p1f1,2061,11,29,0.0,12.747319,-2.9760714,2061
17135,r6i1p1f1,2061,11,30,0.0,14.229632,0.8118412,2061
17136,r6i1p1f1,2061,12,01,0.0,13.914792,1.863156,2061
17137,r6i1p1f1,2061,12,02,0.0,11.3561,0.085829586,2061
17138,r6i1p1f1,2061,12,03,0.0,11.711596,0.2493574,2061
17139,r6i1p1f1,2061,12,04,0.0,12.317678,0.29634097,2061
17140,r6i1p1f1,2061,12,05,0.0,13.198073,0.24983385,2061
17141,r6i1p1f1,2061,12,06,0.06180465104033061,10.680612,3.789596,2061
17142,r6i1p1f1,2061,12,07,0.0,10.182532,3.6376283,2061
17143,r6i1p1f1,2061,12,08,0.0,11.1729145,1.165251,2061
17144,r6i1p1f1,2061,12,09,0.0,15.040084,0.9393572,2061
17145,r6i1p1f1,2061,12,10,0.9423988529870247,12.052941,0.06796643,2061
17146,r6i1p1f1,2061,12,11,3.5874912122802853,10.166118,2.478553,2061
17147,r6i1p1f1,2061,12,12,0.9396988705420886,9.841458,2.4014304,2061
17148,r6i1p1f1,2061,12,13,12.08093708882145,7.778147,-2.5100133,2061
17149,r6i1p1f1,2061,12,14,4.442753439560646,2.9146261,-3.3616486,2061
17150,r6i1p1f1,2061,12,15,0.0,7.780081,1.2503905,2061
17151,r6i1p1f1,2061,12,16,0.0,10.385926,-1.2359685,2061
17152,r6i1p1f1,2061,12,17,0.0,11.395205,-1.2329571,2061
17153,r6i1p1f1,2061,12,18,0.0,12.241519,0.68520683,2061
17154,r6i1p1f1,2061,12,19,1.2025811112829239,11.108135,2.016282,2061
17155,r6i1p1f1,2061,12,20,17.76473436434005,9.982528,6.0237184,2061
17156,r6i1p1f1,2061,12,21,8.073320190179436,10.156201,0.50749326,2061
17157,r6i1p1f1,2061,12,22,4.80664653281349,7.281848,-0.08884892,2061
17158,r6i1p1f1,2061,12,23,20.201236237361307,5.7346144,-1.347677,2061
17159,r6i1p1f1,2061,12,24,8.423166426984995,2.8135815,-5.2293825,2061
17160,r6i1p1f1,2061,12,25,3.274497246832301,2.8049016,-3.1957905,2061
17161,r6i1p1f1,2061,12,26,0.0,3.8399763,-7.4975734,2061
17162,r6i1p1f1,2061,12,27,0.0,4.03035,-9.020358,2061
17163,r6i1p1f1,2061,12,28,18.300304931153562,1.1506906,-7.075982,2061
17164,r6i1p1f1,2061,12,29,10.75882425712209,1.2154229,-4.202996,2061
17165,r6i1p1f1,2061,12,30,1.7096264046318939,2.4751391,-4.189998,2061
17166,r6i1p1f1,2061,12,31,0.3339854834075765,4.202522,-1.8636574,2061
17167,r6i1p1f1,2062,01,01,0.6185719740812904,5.1921215,-1.355476,2062
17168,r6i1p1f1,2062,01,02,15.068766101163863,5.0539117,-2.341669,2062
17169,r6i1p1f1,2062,01,03,0.0,5.083459,-7.1989603,2062
17170,r6i1p1f1,2062,01,04,0.004209265691406909,2.316396,-5.1964417,2062
17171,r6i1p1f1,2062,01,05,0.013734078599599985,2.735911,-9.770869,2062
17172,r6i1p1f1,2062,01,06,0.0,4.715411,-9.78254,2062
17173,r6i1p1f1,2062,01,07,0.0,4.365895,-5.1925335,2062
17174,r6i1p1f1,2062,01,08,2.0939384569829174,1.2305065,-4.706262,2062
17175,r6i1p1f1,2062,01,09,0.8139251806518419,1.5778228,-9.330064,2062
17176,r6i1p1f1,2062,01,10,7.010754856830409,2.029683,-9.5154705,2062
17177,r6i1p1f1,2062,01,11,19.778051045014564,1.9906591,-5.42373,2062
17178,r6i1p1f1,2062,01,12,6.044152222430295,2.3686037,-5.2888885,2062
17179,r6i1p1f1,2062,01,13,0.2164165504508397,1.1567717,-10.185661,2062
17180,r6i1p1f1,2062,01,14,2.557392495076684,0.89609593,-13.101666,2062
17181,r6i1p1f1,2062,01,15,1.548434753270652,0.9963731,-3.7372065,2062
17182,r6i1p1f1,2062,01,16,5.780962945793955,1.6577636,-6.5410776,2062
17183,r6i1p1f1,2062,01,17,21.167306208493603,2.2740626,-2.884776,2062
17184,r6i1p1f1,2062,01,18,0.3658043107761749,3.6863563,-6.4236593,2062
17185,r6i1p1f1,2062,01,19,1.236886926065399,4.4496913,-3.6967378,2062
17186,r6i1p1f1,2062,01,20,9.483019176662616,5.2027984,-2.2853749,2062
17187,r6i1p1f1,2062,01,21,2.9875492446105203,5.0114465,-7.328239,2062
17188,r6i1p1f1,2062,01,22,0.1890713275443492,2.0300686,-8.248767,2062
17189,r6i1p1f1,2062,01,23,0.41035779592251803,2.2235441,-3.5742602,2062
17190,r6i1p1f1,2062,01,24,0.009126609047758735,2.1271927,-8.885208,2062
17191,r6i1p1f1,2062,01,25,9.076602166841504,1.1219419,-6.8357544,2062
17192,r6i1p1f1,2062,01,26,7.086757069755734,1.2658886,-4.1949515,2062
17193,r6i1p1f1,2062,01,27,4.473626892170428,3.5909905,-7.4463563,2062
17194,r6i1p1f1,2062,01,28,0.00023997382602747357,4.51403,-3.8021448,2062
17195,r6i1p1f1,2062,01,29,1.1464191991312944,4.2576246,-2.2091424,2062
17196,r6i1p1f1,2062,01,30,4.787676643913563,6.655172,-2.0867352,2062
17197,r6i1p1f1,2062,01,31,9.33231749085514,5.6865144,-0.6452235,2062
17198,r6i1p1f1,2062,02,01,14.870222450741968,6.727511,-0.106373675,2062
17199,r6i1p1f1,2062,02,02,2.071821714440703,7.608455,-3.459782,2062
17200,r6i1p1f1,2062,02,03,0.11638783978643072,5.79705,-9.904375,2062
17201,r6i1p1f1,2062,02,04,0.0,5.505194,-9.256816,2062
17202,r6i1p1f1,2062,02,05,9.58001326383389,5.148656,-5.151527,2062
17203,r6i1p1f1,2062,02,06,41.9022234785159,9.078461,-1.3280282,2062
17204,r6i1p1f1,2062,02,07,11.180738297030146,8.622233,-2.4983733,2062
17205,r6i1p1f1,2062,02,08,38.6021006679912,10.735208,0.38014406,2062
17206,r6i1p1f1,2062,02,09,52.28407640264804,12.912033,1.7752868,2062
17207,r6i1p1f1,2062,02,10,0.7074992677735475,12.475948,0.33697277,2062
17208,r6i1p1f1,2062,02,11,30.923295568193588,13.389358,0.6970711,2062
17209,r6i1p1f1,2062,02,12,4.94963829693081,11.92072,2.2376208,2062
17210,r6i1p1f1,2062,02,13,9.313537027191137,10.177631,2.9517486,2062
17211,r6i1p1f1,2062,02,14,12.854101510715642,11.546642,2.8788495,2062
17212,r6i1p1f1,2062,02,15,2.538944985834209,14.419369,5.0347586,2062
17213,r6i1p1f1,2062,02,16,0.0,19.83601,3.4832633,2062
17214,r6i1p1f1,2062,02,17,0.0,20.841768,4.7279773,2062
17215,r6i1p1f1,2062,02,18,0.0,21.804453,5.546743,2062
17216,r6i1p1f1,2062,02,19,0.0,22.100952,5.7905874,2062
17217,r6i1p1f1,2062,02,20,0.0,19.143562,4.714133,2062
17218,r6i1p1f1,2062,02,21,0.0,13.179872,-0.941229,2062
17219,r6i1p1f1,2062,02,22,0.0,12.431388,-2.7476072,2062
17220,r6i1p1f1,2062,02,23,0.0,11.972167,-2.7422967,2062
17221,r6i1p1f1,2062,02,24,2.7389511987497803,6.8170743,0.76392084,2062
17222,r6i1p1f1,2062,02,25,1.8897184663336897,10.545935,-0.03800996,2062
17223,r6i1p1f1,2062,02,26,0.011396352708333966,14.262046,1.2770199,2062
17224,r6i1p1f1,2062,02,27,0.00018759731636126288,14.513708,4.286032,2062
17225,r6i1p1f1,2062,02,28,0.0,19.590405,5.998161,2062
17226,r6i1p1f1,2062,03,01,0.0,25.073168,6.2211537,2062
17227,r6i1p1f1,2062,03,02,0.0,23.70893,7.1955013,2062
17228,r6i1p1f1,2062,03,03,0.0,26.263546,6.8615575,2062
17229,r6i1p1f1,2062,03,04,0.0,26.349247,6.5633616,2062
17230,r6i1p1f1,2062,03,05,0.0,25.59089,6.087595,2062
17231,r6i1p1f1,2062,03,06,0.0,22.981127,6.3233294,2062
17232,r6i1p1f1,2062,03,07,4.87081797536578,13.668302,6.386438,2062
17233,r6i1p1f1,2062,03,08,0.031605643034407535,12.29204,4.07816,2062
17234,r6i1p1f1,2062,03,09,5.4350853499160685,13.052874,4.582839,2062
17235,r6i1p1f1,2062,03,10,25.102590073781354,10.71892,3.4343998,2062
17236,r6i1p1f1,2062,03,11,7.804558286234912,10.539277,3.14344,2062
17237,r6i1p1f1,2062,03,12,26.100205387352688,11.562,-1.1771355,2062
17238,r6i1p1f1,2062,03,13,26.63407484762102,11.392823,3.0479672,2062
17239,r6i1p1f1,2062,03,14,9.6288100967026,12.498087,0.011459081,2062
17240,r6i1p1f1,2062,03,15,0.0030482832180238556,21.116207,2.8758767,2062
17241,r6i1p1f1,2062,03,16,0.0,20.90807,4.1727676,2062
17242,r6i1p1f1,2062,03,17,0.0,20.732317,3.1481247,2062
17243,r6i1p1f1,2062,03,18,0.0,20.091337,1.1163614,2062
17244,r6i1p1f1,2062,03,19,0.020677677853256197,17.243885,2.6277304,2062
17245,r6i1p1f1,2062,03,20,0.08521839442579768,12.561823,2.182662,2062
17246,r6i1p1f1,2062,03,21,0.11161204169960019,15.355251,4.3971376,2062
17247,r6i1p1f1,2062,03,22,0.018006336840587275,17.832735,2.8072643,2062
17248,r6i1p1f1,2062,03,23,0.0017558050467341517,20.36472,1.0691737,2062
17249,r6i1p1f1,2062,03,24,0.06197361119605743,20.035093,2.2479172,2062
17250,r6i1p1f1,2062,03,25,8.08467609432334,12.269391,1.7202874,2062
17251,r6i1p1f1,2062,03,26,2.3105086692396313,17.61126,2.0172956,2062
17252,r6i1p1f1,2062,03,27,6.213798178205792,11.973469,3.5915616,2062
17253,r6i1p1f1,2062,03,28,0.25345123761402566,14.374004,3.640194,2062
17254,r6i1p1f1,2062,03,29,9.534820783276368,13.312684,0.8452304,2062
17255,r6i1p1f1,2062,03,30,12.684676204548595,11.503828,-3.9750764,2062
17256,r6i1p1f1,2062,03,31,2.1100356674570575,11.518496,-3.1105514,2062
17257,r6i1p1f1,2062,04,01,0.1287498158217836,11.13248,-2.1556733,2062
17258,r6i1p1f1,2062,04,02,0.016080060183200143,20.082607,1.8193419,2062
17259,r6i1p1f1,2062,04,03,0.0,21.148344,3.1451027,2062
17260,r6i1p1f1,2062,04,04,6.094803407305621,15.792802,1.0598943,2062
17261,r6i1p1f1,2062,04,05,6.305482486919706,10.495695,-1.4479426,2062
17262,r6i1p1f1,2062,04,06,2.021272368014196,14.297158,0.2699715,2062
17263,r6i1p1f1,2062,04,07,0.0,22.512379,4.9133353,2062
17264,r6i1p1f1,2062,04,08,0.0,24.210497,7.4212666,2062
17265,r6i1p1f1,2062,04,09,0.0,20.669449,3.6206908,2062
17266,r6i1p1f1,2062,04,10,0.0,18.519953,0.51251304,2062
17267,r6i1p1f1,2062,04,11,0.0,19.65705,2.6053424,2062
17268,r6i1p1f1,2062,04,12,9.595010852141163,14.018513,1.6258419,2062
17269,r6i1p1f1,2062,04,13,0.0925954123164812,17.713017,0.64605594,2062
17270,r6i1p1f1,2062,04,14,0.23351990215072987,17.195818,0.39550593,2062
17271,r6i1p1f1,2062,04,15,0.0,22.285847,3.2625837,2062
17272,r6i1p1f1,2062,04,16,0.0004319833566816469,21.84545,3.8165576,2062
17273,r6i1p1f1,2062,04,17,3.2488568356892595,11.574223,1.9276414,2062
17274,r6i1p1f1,2062,04,18,14.92602699518379,8.930512,-1.5406166,2062
17275,r6i1p1f1,2062,04,19,12.883234259583793,9.127178,-0.9781256,2062
17276,r6i1p1f1,2062,04,20,40.20264493040183,8.294245,-3.0136418,2062
17277,r6i1p1f1,2062,04,21,9.481319404956901,5.5508847,-6.710047,2062
17278,r6i1p1f1,2062,04,22,0.21090420881915597,10.602371,-4.395857,2062
17279,r6i1p1f1,2062,04,23,4.247304188754132,9.924998,-2.0773747,2062
17280,r6i1p1f1,2062,04,24,14.473838306970553,9.073727,-2.649279,2062
17281,r6i1p1f1,2062,04,25,0.0,10.936675,-4.4011087,2062
17282,r6i1p1f1,2062,04,26,0.11943591099391163,15.160032,-3.41128,2062
17283,r6i1p1f1,2062,04,27,0.0,16.132967,1.3871977,2062
17284,r6i1p1f1,2062,04,28,0.0,16.4799,0.6070348,2062
17285,r6i1p1f1,2062,04,29,10.024390931542737,10.651815,1.4310064,2062
17286,r6i1p1f1,2062,04,30,6.389208264906673,11.15143,-4.842642,2062
17287,r6i1p1f1,2062,05,01,0.05719471367830141,21.250025,3.865436,2062
17288,r6i1p1f1,2062,05,02,0.0,20.164831,3.1647182,2062
17289,r6i1p1f1,2062,05,03,0.9012859686652253,13.909557,-0.6870108,2062
17290,r6i1p1f1,2062,05,04,0.0,23.864534,3.2952526,2062
17291,r6i1p1f1,2062,05,05,0.0,28.464952,7.7223206,2062
17292,r6i1p1f1,2062,05,06,0.0,29.013079,10.144796,2062
17293,r6i1p1f1,2062,05,07,0.0,30.354668,9.994629,2062
17294,r6i1p1f1,2062,05,08,0.0,30.851967,11.059743,2062
17295,r6i1p1f1,2062,05,09,0.0,31.317406,11.621354,2062
17296,r6i1p1f1,2062,05,10,0.0,31.679474,11.221628,2062
17297,r6i1p1f1,2062,05,11,0.8451823559246847,31.024733,10.050504,2062
17298,r6i1p1f1,2062,05,12,0.0,31.146612,11.707825,2062
17299,r6i1p1f1,2062,05,13,0.7249607280381002,27.273138,8.270434,2062
17300,r6i1p1f1,2062,05,14,0.0,26.718575,8.26599,2062
17301,r6i1p1f1,2062,05,15,0.0,28.854284,9.570604,2062
17302,r6i1p1f1,2062,05,16,0.0,30.233631,11.20211,2062
17303,r6i1p1f1,2062,05,17,0.5021308824363789,26.730398,6.403636,2062
17304,r6i1p1f1,2062,05,18,0.0,17.42305,0.0717533,2062
17305,r6i1p1f1,2062,05,19,0.0,24.312635,3.49686,2062
17306,r6i1p1f1,2062,05,20,0.23569510619130304,22.93901,2.9410393,2062
17307,r6i1p1f1,2062,05,21,0.20125911885363268,22.420553,2.6384108,2062
17308,r6i1p1f1,2062,05,22,0.0,27.066961,7.178001,2062
17309,r6i1p1f1,2062,05,23,0.0,26.468788,8.343305,2062
17310,r6i1p1f1,2062,05,24,0.0,27.160732,7.490527,2062
17311,r6i1p1f1,2062,05,25,0.0,30.15153,9.101461,2062
17312,r6i1p1f1,2062,05,26,0.0,31.12739,10.675627,2062
17313,r6i1p1f1,2062,05,27,0.0,30.392061,11.630494,2062
17314,r6i1p1f1,2062,05,28,1.4554475571399839,19.518768,4.2448316,2062
17315,r6i1p1f1,2062,05,29,6.902898836815808,14.822621,3.8263814,2062
17316,r6i1p1f1,2062,05,30,16.035883321473413,11.901233,2.2910874,2062
17317,r6i1p1f1,2062,05,31,17.57753616313337,11.851498,-1.5182496,2062
17318,r6i1p1f1,2062,06,01,0.0013112495492801333,18.034775,1.1290239,2062
17319,r6i1p1f1,2062,06,02,0.0,22.689795,2.7909863,2062
17320,r6i1p1f1,2062,06,03,0.0,24.081053,5.0042987,2062
17321,r6i1p1f1,2062,06,04,0.0,27.101505,7.3653083,2062
17322,r6i1p1f1,2062,06,05,0.0,30.371313,11.7158375,2062
17323,r6i1p1f1,2062,06,06,0.0,30.075138,10.878019,2062
17324,r6i1p1f1,2062,06,07,0.0,26.001122,7.5394135,2062
17325,r6i1p1f1,2062,06,08,0.0,27.88354,8.066019,2062
17326,r6i1p1f1,2062,06,09,0.0,27.417946,8.293298,2062
17327,r6i1p1f1,2062,06,10,0.10686288409174993,24.141314,6.4030566,2062
17328,r6i1p1f1,2062,06,11,0.0,26.436014,6.6795673,2062
17329,r6i1p1f1,2062,06,12,0.00044652630587694306,26.90101,7.55643,2062
17330,r6i1p1f1,2062,06,13,0.04162237593558158,22.710855,6.5638514,2062
17331,r6i1p1f1,2062,06,14,0.0004270307371643721,22.707676,4.244114,2062
17332,r6i1p1f1,2062,06,15,0.0,19.738474,1.5822763,2062
17333,r6i1p1f1,2062,06,16,0.0,21.622644,1.4399418,2062
17334,r6i1p1f1,2062,06,17,0.0,23.309048,6.9322057,2062
17335,r6i1p1f1,2062,06,18,0.0,23.306894,5.566567,2062
17336,r6i1p1f1,2062,06,19,0.0,22.15627,4.4161115,2062
17337,r6i1p1f1,2062,06,20,0.05629119094730495,21.91569,2.1400492,2062
17338,r6i1p1f1,2062,06,21,0.6518176557200376,22.419167,2.7485952,2062
17339,r6i1p1f1,2062,06,22,0.0,27.78576,7.4790983,2062
17340,r6i1p1f1,2062,06,23,0.0,33.342728,13.701772,2062
17341,r6i1p1f1,2062,06,24,0.0,33.421112,13.318095,2062
17342,r6i1p1f1,2062,06,25,0.0,31.176868,11.36896,2062
17343,r6i1p1f1,2062,06,26,0.0,30.399572,10.885141,2062
17344,r6i1p1f1,2062,06,27,0.0,30.36078,10.702092,2062
17345,r6i1p1f1,2062,06,28,0.0,30.982193,10.249236,2062
17346,r6i1p1f1,2062,06,29,0.0,31.374352,11.294363,2062
17347,r6i1p1f1,2062,06,30,0.0,31.176426,12.0543995,2062
17348,r6i1p1f1,2062,07,01,0.023485604572950607,31.077328,9.512776,2062
17349,r6i1p1f1,2062,07,02,0.0,30.556593,8.948312,2062
17350,r6i1p1f1,2062,07,03,0.0,30.767069,8.723431,2062
17351,r6i1p1f1,2062,07,04,0.0,29.786674,8.883413,2062
17352,r6i1p1f1,2062,07,05,0.0,31.143347,9.065147,2062
17353,r6i1p1f1,2062,07,06,0.0,31.121288,10.008961,2062
17354,r6i1p1f1,2062,07,07,0.0,31.46078,9.774969,2062
17355,r6i1p1f1,2062,07,08,0.0,31.058779,10.369893,2062
17356,r6i1p1f1,2062,07,09,0.01761131968654972,26.36505,6.639943,2062
17357,r6i1p1f1,2062,07,10,0.0,26.20625,5.695985,2062
17358,r6i1p1f1,2062,07,11,0.0,30.346737,9.969231,2062
17359,r6i1p1f1,2062,07,12,0.0,30.704098,10.515517,2062
17360,r6i1p1f1,2062,07,13,0.0013342866512788991,30.819235,9.953386,2062
17361,r6i1p1f1,2062,07,14,0.0,31.785252,10.47938,2062
17362,r6i1p1f1,2062,07,15,0.0,31.667212,11.047835,2062
17363,r6i1p1f1,2062,07,16,0.0,32.9154,11.41355,2062
17364,r6i1p1f1,2062,07,17,0.0,33.85641,12.485258,2062
17365,r6i1p1f1,2062,07,18,0.0,33.36179,12.406332,2062
17366,r6i1p1f1,2062,07,19,1.909309497549215,29.14868,9.026329,2062
17367,r6i1p1f1,2062,07,20,1.4549866701623786,29.32136,10.638746,2062
17368,r6i1p1f1,2062,07,21,1.234409468368604,28.884705,9.023275,2062
17369,r6i1p1f1,2062,07,22,0.14550315479743658,33.400234,12.762381,2062
17370,r6i1p1f1,2062,07,23,0.0,36.01482,16.747156,2062
17371,r6i1p1f1,2062,07,24,0.7213691615644282,36.541264,15.58063,2062
17372,r6i1p1f1,2062,07,25,1.1428658674907528,33.967056,14.184098,2062
17373,r6i1p1f1,2062,07,26,0.2718995655714788,31.516727,11.469425,2062
17374,r6i1p1f1,2062,07,27,0.0,30.434744,10.942942,2062
17375,r6i1p1f1,2062,07,28,0.0,29.560253,10.277664,2062
17376,r6i1p1f1,2062,07,29,0.0,32.038338,11.065634,2062
17377,r6i1p1f1,2062,07,30,0.0,33.78827,13.022192,2062
17378,r6i1p1f1,2062,07,31,0.0054751481337722676,33.31493,11.729193,2062
17379,r6i1p1f1,2062,08,01,0.0,32.56522,12.055171,2062
17380,r6i1p1f1,2062,08,02,0.0,31.987911,11.264001,2062
17381,r6i1p1f1,2062,08,03,0.0,33.626167,12.527933,2062
17382,r6i1p1f1,2062,08,04,0.0,34.8374,13.757538,2062
17383,r6i1p1f1,2062,08,05,0.0,34.96874,13.876589,2062
17384,r6i1p1f1,2062,08,06,0.0,34.77715,13.400104,2062
17385,r6i1p1f1,2062,08,07,0.0,35.019123,13.230698,2062
17386,r6i1p1f1,2062,08,08,0.0,35.082035,14.161688,2062
17387,r6i1p1f1,2062,08,09,0.0,35.511406,14.518072,2062
17388,r6i1p1f1,2062,08,10,2.0009441107222794,35.82676,15.577594,2062
17389,r6i1p1f1,2062,08,11,0.0,35.353157,14.237429,2062
17390,r6i1p1f1,2062,08,12,0.0,33.66416,12.955831,2062
17391,r6i1p1f1,2062,08,13,0.0,32.53694,11.98889,2062
17392,r6i1p1f1,2062,08,14,0.0,32.41362,11.751718,2062
17393,r6i1p1f1,2062,08,15,0.0,32.508533,12.183087,2062
17394,r6i1p1f1,2062,08,16,0.0,31.311398,10.845389,2062
17395,r6i1p1f1,2062,08,17,0.0,29.518805,9.222791,2062
17396,r6i1p1f1,2062,08,18,8.008146931471791e-05,30.520887,10.261033,2062
17397,r6i1p1f1,2062,08,19,0.0,30.448343,10.87053,2062
17398,r6i1p1f1,2062,08,20,0.0,30.228497,10.532964,2062
17399,r6i1p1f1,2062,08,21,0.0352182999826452,31.255613,11.128558,2062
17400,r6i1p1f1,2062,08,22,0.00471011378253664,30.567862,10.516192,2062
17401,r6i1p1f1,2062,08,23,4.902545056134532,27.266438,7.835284,2062
17402,r6i1p1f1,2062,08,24,0.845492527754908,29.131207,9.5802765,2062
17403,r6i1p1f1,2062,08,25,0.0,31.920418,11.459039,2062
17404,r6i1p1f1,2062,08,26,0.0,30.86946,10.486375,2062
17405,r6i1p1f1,2062,08,27,0.0,28.651146,8.433984,2062
17406,r6i1p1f1,2062,08,28,0.0,30.970493,9.297546,2062
17407,r6i1p1f1,2062,08,29,0.0,31.548767,9.868259,2062
17408,r6i1p1f1,2062,08,30,0.0,31.837069,9.638719,2062
17409,r6i1p1f1,2062,08,31,0.0,32.818794,9.941442,2062
17410,r6i1p1f1,2062,09,01,0.0,32.25063,11.682836,2062
17411,r6i1p1f1,2062,09,02,0.0,34.45472,13.132395,2062
17412,r6i1p1f1,2062,09,03,0.0,35.081814,14.325158,2062
17413,r6i1p1f1,2062,09,04,0.0,37.840874,17.642658,2062
17414,r6i1p1f1,2062,09,05,0.0,37.726273,15.810937,2062
17415,r6i1p1f1,2062,09,06,0.0,33.910267,13.01896,2062
17416,r6i1p1f1,2062,09,07,0.0,31.94247,10.61155,2062
17417,r6i1p1f1,2062,09,08,0.0,30.455204,10.401,2062
17418,r6i1p1f1,2062,09,09,0.0,31.901066,10.32737,2062
17419,r6i1p1f1,2062,09,10,0.0,32.64747,11.231195,2062
17420,r6i1p1f1,2062,09,11,0.0,33.614136,11.825434,2062
17421,r6i1p1f1,2062,09,12,0.0,33.809097,11.765089,2062
17422,r6i1p1f1,2062,09,13,0.0,32.482426,11.160943,2062
17423,r6i1p1f1,2062,09,14,0.0,31.202623,10.92441,2062
17424,r6i1p1f1,2062,09,15,0.0,32.108166,11.560372,2062
17425,r6i1p1f1,2062,09,16,0.0,33.686787,11.937298,2062
17426,r6i1p1f1,2062,09,17,0.0,33.981823,13.639999,2062
17427,r6i1p1f1,2062,09,18,0.0,33.616432,13.523272,2062
17428,r6i1p1f1,2062,09,19,0.137890168092609,32.825825,12.861358,2062
17429,r6i1p1f1,2062,09,20,1.5008050264957646,31.047556,10.328615,2062
17430,r6i1p1f1,2062,09,21,0.23119791865052708,31.038752,9.452756,2062
17431,r6i1p1f1,2062,09,22,0.0,31.85021,10.221022,2062
17432,r6i1p1f1,2062,09,23,0.0,31.615068,10.273897,2062
17433,r6i1p1f1,2062,09,24,0.0,30.193281,10.395504,2062
17434,r6i1p1f1,2062,09,25,0.0,28.683447,9.163595,2062
17435,r6i1p1f1,2062,09,26,0.0,27.060287,7.5306478,2062
17436,r6i1p1f1,2062,09,27,0.0,27.119026,7.604283,2062
17437,r6i1p1f1,2062,09,28,0.0,26.37676,8.353063,2062
17438,r6i1p1f1,2062,09,29,0.006305077589201113,26.216124,8.399736,2062
17439,r6i1p1f1,2062,09,30,0.07458850140312984,24.794487,7.4179144,2062
17440,r6i1p1f1,2062,10,01,12.931657374949616,16.007101,4.554391,2062
17441,r6i1p1f1,2062,10,02,5.803343612330183,12.658984,1.8084631,2062
17442,r6i1p1f1,2062,10,03,0.9968919538646598,19.954777,2.5909371,2062
17443,r6i1p1f1,2062,10,04,0.0,23.705332,5.0026336,2062
17444,r6i1p1f1,2062,10,05,0.03330288544913699,22.443132,6.315134,2062
17445,r6i1p1f1,2062,10,06,0.0,23.753511,4.331268,2062
17446,r6i1p1f1,2062,10,07,0.018324321582235813,20.671352,3.884037,2062
17447,r6i1p1f1,2062,10,08,0.05515390713316727,19.610807,5.541773,2062
17448,r6i1p1f1,2062,10,09,0.0,20.94119,2.8332698,2062
17449,r6i1p1f1,2062,10,10,0.0,20.569122,2.562533,2062
17450,r6i1p1f1,2062,10,11,0.0,24.331501,4.649436,2062
17451,r6i1p1f1,2062,10,12,0.0,25.636286,7.6941204,2062
17452,r6i1p1f1,2062,10,13,0.0,25.070827,7.7266765,2062
17453,r6i1p1f1,2062,10,14,0.0,24.07179,5.6796007,2062
17454,r6i1p1f1,2062,10,15,0.0,22.720207,3.657378,2062
17455,r6i1p1f1,2062,10,16,0.0,24.675253,4.4435368,2062
17456,r6i1p1f1,2062,10,17,0.31514606341384227,23.362673,6.5069685,2062
17457,r6i1p1f1,2062,10,18,3.1929789357524787,17.959919,4.9747357,2062
17458,r6i1p1f1,2062,10,19,0.3357656335452155,18.92066,0.078755185,2062
17459,r6i1p1f1,2062,10,20,0.0,22.43536,3.2658298,2062
17460,r6i1p1f1,2062,10,21,0.0,23.672478,3.7815723,2062
17461,r6i1p1f1,2062,10,22,0.0,22.959898,4.7954826,2062
17462,r6i1p1f1,2062,10,23,0.0,22.85109,3.478881,2062
17463,r6i1p1f1,2062,10,24,0.0,26.10222,6.30006,2062
17464,r6i1p1f1,2062,10,25,0.0,26.332436,7.1595674,2062
17465,r6i1p1f1,2062,10,26,0.0,23.607506,5.6700277,2062
17466,r6i1p1f1,2062,10,27,0.0,24.986805,5.839517,2062
17467,r6i1p1f1,2062,10,28,0.0,25.62683,6.5860662,2062
17468,r6i1p1f1,2062,10,29,0.0,25.548239,6.174561,2062
17469,r6i1p1f1,2062,10,30,0.003656279506456238,23.730576,6.2943134,2062
17470,r6i1p1f1,2062,10,31,0.013109979241885313,13.548797,-1.4460577,2062
17471,r6i1p1f1,2062,11,01,0.0,8.658833,-4.9023447,2062
17472,r6i1p1f1,2062,11,02,0.0,12.29665,-5.5008245,2062
17473,r6i1p1f1,2062,11,03,0.0,16.25977,-1.8787272,2062
17474,r6i1p1f1,2062,11,04,0.0,19.154333,-1.1678338,2062
17475,r6i1p1f1,2062,11,05,0.0,19.83881,0.8528013,2062
17476,r6i1p1f1,2062,11,06,0.0,20.583107,2.8041327,2062
17477,r6i1p1f1,2062,11,07,0.0,19.650774,2.4193668,2062
17478,r6i1p1f1,2062,11,08,0.0,18.187563,-1.8729358,2062
17479,r6i1p1f1,2062,11,09,3.2054093462676065,17.833214,0.22023512,2062
17480,r6i1p1f1,2062,11,10,17.68856582755782,11.075554,3.1640854,2062
17481,r6i1p1f1,2062,11,11,26.255683135739037,10.028467,5.0055833,2062
17482,r6i1p1f1,2062,11,12,0.0,13.394276,-0.4298386,2062
17483,r6i1p1f1,2062,11,13,0.0,15.745355,0.8341962,2062
17484,r6i1p1f1,2062,11,14,0.0,18.803797,2.8099988,2062
17485,r6i1p1f1,2062,11,15,0.0,17.628296,2.3457274,2062
17486,r6i1p1f1,2062,11,16,0.02767802777967427,15.675702,1.265702,2062
17487,r6i1p1f1,2062,11,17,0.0,15.085161,-1.6497017,2062
17488,r6i1p1f1,2062,11,18,0.7971880794208801,13.21021,-1.8101643,2062
17489,r6i1p1f1,2062,11,19,2.9125279851298025,8.940272,0.53730315,2062
17490,r6i1p1f1,2062,11,20,0.017479975164453796,15.763747,0.71099687,2062
17491,r6i1p1f1,2062,11,21,0.0,16.94539,-0.75077194,2062
17492,r6i1p1f1,2062,11,22,0.010847417799915713,16.226587,1.0730199,2062
17493,r6i1p1f1,2062,11,23,0.6400934054160562,11.311902,1.4756752,2062
17494,r6i1p1f1,2062,11,24,0.033060275553315005,12.363458,-3.600395,2062
17495,r6i1p1f1,2062,11,25,0.9609467249331399,5.8578897,-5.8408523,2062
17496,r6i1p1f1,2062,11,26,18.766283511239937,9.625939,-4.0655656,2062
17497,r6i1p1f1,2062,11,27,3.731966973779581,9.286431,1.8807094,2062
17498,r6i1p1f1,2062,11,28,23.494946114073187,9.079877,3.307095,2062
17499,r6i1p1f1,2062,11,29,7.21468896000435,11.798575,2.1801953,2062
17500,r6i1p1f1,2062,11,30,17.327179192484465,10.38717,1.5257412,2062
17501,r6i1p1f1,2062,12,01,13.84135724377767,9.935008,4.0758,2062
17502,r6i1p1f1,2062,12,02,15.361833054498954,9.926522,2.1327507,2062
17503,r6i1p1f1,2062,12,03,35.249163563630994,13.915803,5.181271,2062
17504,r6i1p1f1,2062,12,04,36.85784080629905,14.6047325,6.028478,2062
17505,r6i1p1f1,2062,12,05,2.9448470435044243,12.987421,5.1988263,2062
17506,r6i1p1f1,2062,12,06,0.0,14.274908,4.7359037,2062
17507,r6i1p1f1,2062,12,07,0.0138818749936197,14.494245,6.746511,2062
17508,r6i1p1f1,2062,12,08,0.000742720479229271,14.592384,8.62949,2062
17509,r6i1p1f1,2062,12,09,9.368023025603858,13.497586,3.982691,2062
17510,r6i1p1f1,2062,12,10,26.320063883965343,12.927262,3.4690204,2062
17511,r6i1p1f1,2062,12,11,10.127992716082446,15.926061,7.3727984,2062
17512,r6i1p1f1,2062,12,12,33.4596457349086,14.887306,8.0012245,2062
17513,r6i1p1f1,2062,12,13,31.2003751772035,13.060372,3.886537,2062
17514,r6i1p1f1,2062,12,14,23.70629806929873,15.811775,1.4589468,2062
17515,r6i1p1f1,2062,12,15,14.542387241124404,9.831996,0.30089822,2062
17516,r6i1p1f1,2062,12,16,0.3227513483972739,10.257418,3.3199835,2062
17517,r6i1p1f1,2062,12,17,7.363138344446279,10.335518,1.4666235,2062
17518,r6i1p1f1,2062,12,18,3.162919696443056,12.786126,3.3141081,2062
17519,r6i1p1f1,2062,12,19,6.83669972933794,10.160586,-0.13745911,2062
17520,r6i1p1f1,2062,12,20,29.462914247294474,10.482772,4.138111,2062
17521,r6i1p1f1,2062,12,21,17.996661027702896,11.64066,4.107858,2062
17522,r6i1p1f1,2062,12,22,4.343259015538745,10.6616745,3.310125,2062
17523,r6i1p1f1,2062,12,23,5.368387180942129,11.137848,2.3386028,2062
17524,r6i1p1f1,2062,12,24,36.65344469669131,9.485248,1.7011734,2062
17525,r6i1p1f1,2062,12,25,7.8142238961117885,7.4248466,-0.8341795,2062
17526,r6i1p1f1,2062,12,26,0.0,10.262266,-1.9956969,2062
17527,r6i1p1f1,2062,12,27,5.160544401929901,6.2502375,-4.494231,2062
17528,r6i1p1f1,2062,12,28,4.2251575171681885,4.4544687,-1.5033257,2062
17529,r6i1p1f1,2062,12,29,0.0,8.846795,-3.5265114,2062
17530,r6i1p1f1,2062,12,30,0.0,9.301695,-1.2744222,2062
17531,r6i1p1f1,2062,12,31,0.01811655607085201,6.462284,-0.6496228,2062
17532,r6i1p1f1,2063,01,01,10.740320738487277,5.9906526,-1.3881634,2063
17533,r6i1p1f1,2063,01,02,0.0,11.465757,-2.6435213,2063
17534,r6i1p1f1,2063,01,03,0.04691798018284375,9.272368,-2.6672945,2063
17535,r6i1p1f1,2063,01,04,8.11152980335647,3.012594,-5.5228586,2063
17536,r6i1p1f1,2063,01,05,0.7434878948515202,7.6837587,-0.82499474,2063
17537,r6i1p1f1,2063,01,06,22.476118132327997,6.114563,-0.65766674,2063
17538,r6i1p1f1,2063,01,07,5.907632686911945,5.308254,-0.71504796,2063
17539,r6i1p1f1,2063,01,08,0.001283526732133356,6.6222105,0.53231186,2063
17540,r6i1p1f1,2063,01,09,0.0,6.512636,1.3351043,2063
17541,r6i1p1f1,2063,01,10,0.0,5.7133594,-5.600631,2063
17542,r6i1p1f1,2063,01,11,0.0,5.8562207,-6.3236885,2063
17543,r6i1p1f1,2063,01,12,13.493886821165535,1.3889873,-6.224754,2063
17544,r6i1p1f1,2063,01,13,17.04005198926219,0.82038516,-5.0231767,2063
17545,r6i1p1f1,2063,01,14,0.21979638653402275,4.158668,-2.254649,2063
17546,r6i1p1f1,2063,01,15,0.0,7.604923,-2.042984,2063
17547,r6i1p1f1,2063,01,16,0.0,7.9089684,-6.699223,2063
17548,r6i1p1f1,2063,01,17,0.001127616739281832,6.4968505,-2.9329376,2063
17549,r6i1p1f1,2063,01,18,3.122743275641944,6.223925,-0.5758523,2063
17550,r6i1p1f1,2063,01,19,5.069222139669089,8.487972,-0.11131312,2063
17551,r6i1p1f1,2063,01,20,0.016485402210419456,13.00361,3.4255683,2063
17552,r6i1p1f1,2063,01,21,0.005875575498173552,12.249922,3.2940683,2063
17553,r6i1p1f1,2063,01,22,0.00615632974725358,11.243816,3.5264106,2063
17554,r6i1p1f1,2063,01,23,0.006585548092267177,15.3638,4.40115,2063
17555,r6i1p1f1,2063,01,24,0.0,16.927752,5.7339296,2063
17556,r6i1p1f1,2063,01,25,0.0,19.460281,4.9996624,2063
17557,r6i1p1f1,2063,01,26,0.0,19.847546,5.2450247,2063
17558,r6i1p1f1,2063,01,27,0.0,18.256363,3.85107,2063
17559,r6i1p1f1,2063,01,28,0.0,18.119991,3.4565313,2063
17560,r6i1p1f1,2063,01,29,0.017067948041141326,16.37657,6.5383325,2063
17561,r6i1p1f1,2063,01,30,0.0,17.722979,3.345415,2063
17562,r6i1p1f1,2063,01,31,0.0,18.33816,3.85437,2063
17563,r6i1p1f1,2063,02,01,0.0,19.302269,3.37558,2063
17564,r6i1p1f1,2063,02,02,0.0,20.84778,4.402073,2063
17565,r6i1p1f1,2063,02,03,0.0,19.961872,4.072964,2063
17566,r6i1p1f1,2063,02,04,0.0,19.862358,4.3176055,2063
17567,r6i1p1f1,2063,02,05,0.0,19.523922,3.9224758,2063
17568,r6i1p1f1,2063,02,06,0.0,17.675077,2.1053405,2063
17569,r6i1p1f1,2063,02,07,0.3322860645810429,16.647778,1.75949,2063
17570,r6i1p1f1,2063,02,08,9.833243104637168,9.559586,0.7122067,2063
17571,r6i1p1f1,2063,02,09,0.015172993863585844,10.993353,-0.94381654,2063
17572,r6i1p1f1,2063,02,10,0.7336076932055204,8.237645,-3.89467,2063
17573,r6i1p1f1,2063,02,11,0.023987372478800506,7.5494304,0.5129116,2063
17574,r6i1p1f1,2063,02,12,0.0,9.863264,-4.5444517,2063
17575,r6i1p1f1,2063,02,13,0.0,11.939065,-4.263119,2063
17576,r6i1p1f1,2063,02,14,0.0,13.218258,-3.4631464,2063
17577,r6i1p1f1,2063,02,15,5.826547850957958,9.281764,-3.8982158,2063
17578,r6i1p1f1,2063,02,16,35.79034575375413,13.233174,1.0768789,2063
17579,r6i1p1f1,2063,02,17,24.600543569853887,8.913898,1.3865148,2063
17580,r6i1p1f1,2063,02,18,4.705447833022144,7.0820227,-3.4103642,2063
17581,r6i1p1f1,2063,02,19,0.0,8.794294,-2.5225718,2063
17582,r6i1p1f1,2063,02,20,12.203443003147184,5.8341293,-1.4533027,2063
17583,r6i1p1f1,2063,02,21,1.7201662816885797,5.2799864,-1.9214525,2063
17584,r6i1p1f1,2063,02,22,0.0006392963801113414,9.526171,-3.5121925,2063
17585,r6i1p1f1,2063,02,23,0.8811247420344513,9.765592,0.27104184,2063
17586,r6i1p1f1,2063,02,24,0.0,16.624607,0.41768834,2063
17587,r6i1p1f1,2063,02,25,0.0,16.716646,0.5677978,2063
17588,r6i1p1f1,2063,02,26,0.0,16.646982,1.4971457,2063
17589,r6i1p1f1,2063,02,27,0.0,17.083273,2.5575593,2063
17590,r6i1p1f1,2063,02,28,0.0,18.422655,3.4541228,2063
17591,r6i1p1f1,2063,03,01,0.0,21.136559,2.271741,2063
17592,r6i1p1f1,2063,03,02,0.0,19.043861,5.545789,2063
17593,r6i1p1f1,2063,03,03,0.0,18.423046,4.158711,2063
17594,r6i1p1f1,2063,03,04,0.0,19.798841,1.0647557,2063
17595,r6i1p1f1,2063,03,05,0.0,19.490704,0.8820258,2063
17596,r6i1p1f1,2063,03,06,0.11395171755197894,17.044443,0.13000582,2063
17597,r6i1p1f1,2063,03,07,4.766859516487511,9.548595,0.07736694,2063
17598,r6i1p1f1,2063,03,08,6.004218415493265,7.908828,-0.85444254,2063
17599,r6i1p1f1,2063,03,09,1.1837450510371859,11.039185,-0.7919474,2063
17600,r6i1p1f1,2063,03,10,1.093120496555587,9.2885895,0.49851045,2063
17601,r6i1p1f1,2063,03,11,2.0844632726532373,10.571705,-0.6704787,2063
17602,r6i1p1f1,2063,03,12,1.2324112025261835,12.827232,-0.7629787,2063
17603,r6i1p1f1,2063,03,13,0.0,16.343489,-0.89948654,2063
17604,r6i1p1f1,2063,03,14,0.0,13.680414,-2.358026,2063
17605,r6i1p1f1,2063,03,15,0.006230499649656416,7.766408,-1.8499726,2063
17606,r6i1p1f1,2063,03,16,1.7748946963385528,3.8906887,-9.073568,2063
17607,r6i1p1f1,2063,03,17,0.0,8.005904,-9.554815,2063
17608,r6i1p1f1,2063,03,18,0.0033189247104472206,10.435732,-6.330508,2063
17609,r6i1p1f1,2063,03,19,0.026743315742786662,13.845603,1.2820753,2063
17610,r6i1p1f1,2063,03,20,0.008420826760389485,14.622671,-0.2908747,2063
17611,r6i1p1f1,2063,03,21,6.677223013638381,10.610899,-2.6846888,2063
17612,r6i1p1f1,2063,03,22,10.845911353053156,6.214225,-3.1031487,2063
17613,r6i1p1f1,2063,03,23,0.14626466847581066,8.484813,-3.1131008,2063
17614,r6i1p1f1,2063,03,24,0.1278629414220976,11.979113,-3.609818,2063
17615,r6i1p1f1,2063,03,25,0.0,16.401905,-3.773703,2063
17616,r6i1p1f1,2063,03,26,0.007692177065816508,13.620398,-3.2535439,2063
17617,r6i1p1f1,2063,03,27,4.449006752716894,6.425781,-0.7825422,2063
17618,r6i1p1f1,2063,03,28,3.4444410337832396,7.1305203,-1.3244172,2063
17619,r6i1p1f1,2063,03,29,0.0,12.883527,-5.3032928,2063
17620,r6i1p1f1,2063,03,30,0.0,17.995764,-1.8386774,2063
17621,r6i1p1f1,2063,03,31,0.0,18.371752,0.6227157,2063
17622,r6i1p1f1,2063,04,01,0.0,17.540867,1.1560221,2063
17623,r6i1p1f1,2063,04,02,0.0,19.255846,2.0223587,2063
17624,r6i1p1f1,2063,04,03,0.0,22.42795,4.194272,2063
17625,r6i1p1f1,2063,04,04,0.0,25.688744,7.1317534,2063
17626,r6i1p1f1,2063,04,05,0.0,25.575562,7.2715306,2063
17627,r6i1p1f1,2063,04,06,0.0,24.695187,6.53403,2063
17628,r6i1p1f1,2063,04,07,0.0,24.883915,7.2683377,2063
17629,r6i1p1f1,2063,04,08,2.833647420651247,17.500778,0.4392837,2063
17630,r6i1p1f1,2063,04,09,2.4667599156222586,13.232199,1.1914446,2063
17631,r6i1p1f1,2063,04,10,0.0,17.296614,-0.5683069,2063
17632,r6i1p1f1,2063,04,11,0.007147161924205063,15.294374,3.2749906,2063
17633,r6i1p1f1,2063,04,12,4.783979528248604,13.673474,0.81128806,2063
17634,r6i1p1f1,2063,04,13,0.00048500345814535083,16.107155,3.925298,2063
17635,r6i1p1f1,2063,04,14,1.5392939375579786,13.299466,1.3021041,2063
17636,r6i1p1f1,2063,04,15,0.43802051576735423,15.103222,-1.4772526,2063
17637,r6i1p1f1,2063,04,16,0.0,18.240582,2.1083856,2063
17638,r6i1p1f1,2063,04,17,1.7377606788243853,14.492397,1.8855839,2063
17639,r6i1p1f1,2063,04,18,2.405518205129127,10.690035,0.39801326,2063
17640,r6i1p1f1,2063,04,19,16.591547460732734,9.189961,-2.6813004,2063
17641,r6i1p1f1,2063,04,20,1.0105225733811924,13.673428,-2.574642,2063
17642,r6i1p1f1,2063,04,21,0.056562482470514965,13.139131,-0.8539534,2063
17643,r6i1p1f1,2063,04,22,18.618468960520264,9.139771,0.8109784,2063
17644,r6i1p1f1,2063,04,23,20.860467406902718,10.799481,-5.504194,2063
17645,r6i1p1f1,2063,04,24,0.34336007516065375,12.02154,-3.449829,2063
17646,r6i1p1f1,2063,04,25,0.019756272070153773,12.538093,1.303648,2063
17647,r6i1p1f1,2063,04,26,0.0,14.062897,-3.4290326,2063
17648,r6i1p1f1,2063,04,27,0.5310528617920822,14.982826,-0.30151555,2063
17649,r6i1p1f1,2063,04,28,0.0,19.124006,0.11785466,2063
17650,r6i1p1f1,2063,04,29,0.0,19.301243,3.00264,2063
17651,r6i1p1f1,2063,04,30,3.225937511939665,11.605197,-0.21405588,2063
17652,r6i1p1f1,2063,05,01,6.898307673832081,11.59793,-4.866306,2063
17653,r6i1p1f1,2063,05,02,3.834884156233656,14.804146,-0.69824165,2063
17654,r6i1p1f1,2063,05,03,0.0,22.120783,2.5385525,2063
17655,r6i1p1f1,2063,05,04,0.0,22.732805,6.0885596,2063
17656,r6i1p1f1,2063,05,05,0.020116993897451217,23.792475,6.488451,2063
17657,r6i1p1f1,2063,05,06,0.00016046163632797266,24.090895,6.8419394,2063
17658,r6i1p1f1,2063,05,07,3.9234957123370138,16.31924,5.123916,2063
17659,r6i1p1f1,2063,05,08,1.4588163502556968,17.76922,1.8282627,2063
17660,r6i1p1f1,2063,05,09,1.125018418784439,19.346882,4.0071793,2063
17661,r6i1p1f1,2063,05,10,3.0795011032725785,16.118711,1.9683578,2063
17662,r6i1p1f1,2063,05,11,1.4754165979827827,19.068048,2.1626203,2063
17663,r6i1p1f1,2063,05,12,0.051485804783928,25.906267,6.103734,2063
17664,r6i1p1f1,2063,05,13,0.0,26.0954,7.439645,2063
17665,r6i1p1f1,2063,05,14,0.20480662871414934,24.10251,6.7798905,2063
17666,r6i1p1f1,2063,05,15,0.0,25.359402,6.7111964,2063
17667,r6i1p1f1,2063,05,16,0.0010064542093819464,26.593946,8.632802,2063
17668,r6i1p1f1,2063,05,17,0.0,26.132149,8.726502,2063
17669,r6i1p1f1,2063,05,18,0.0,21.18725,0.4856392,2063
17670,r6i1p1f1,2063,05,19,0.0,14.359525,1.1759894,2063
17671,r6i1p1f1,2063,05,20,0.0,18.146433,-0.5700167,2063
17672,r6i1p1f1,2063,05,21,0.0,21.97352,2.0661664,2063
17673,r6i1p1f1,2063,05,22,0.0,24.903557,6.457976,2063
17674,r6i1p1f1,2063,05,23,0.0,28.92431,7.875402,2063
17675,r6i1p1f1,2063,05,24,1.0544008067066128,25.087757,7.374051,2063
17676,r6i1p1f1,2063,05,25,0.036717236676516544,29.70921,10.086894,2063
17677,r6i1p1f1,2063,05,26,0.21147658188961205,31.001945,11.439202,2063
17678,r6i1p1f1,2063,05,27,0.0,31.36886,11.386808,2063
17679,r6i1p1f1,2063,05,28,0.0854199582928892,31.448603,11.807712,2063
17680,r6i1p1f1,2063,05,29,0.0,31.71374,13.03073,2063
17681,r6i1p1f1,2063,05,30,5.479203533467952,18.744547,1.8212833,2063
17682,r6i1p1f1,2063,05,31,6.268458027015886,16.11692,-0.5217118,2063
17683,r6i1p1f1,2063,06,01,0.28999124007574373,24.708881,5.1025324,2063
17684,r6i1p1f1,2063,06,02,0.06980105551302668,27.307636,9.389932,2063
17685,r6i1p1f1,2063,06,03,15.094576928029861,21.232431,2.3030927,2063
17686,r6i1p1f1,2063,06,04,4.291167772338422,17.893623,2.8247976,2063
17687,r6i1p1f1,2063,06,05,4.005037601023807,16.006857,-1.4962928,2063
17688,r6i1p1f1,2063,06,06,6.589519973328058,17.509499,0.9142382,2063
17689,r6i1p1f1,2063,06,07,11.074561600955198,16.967033,6.529279,2063
17690,r6i1p1f1,2063,06,08,4.760220426586036,13.154725,7.0723753,2063
17691,r6i1p1f1,2063,06,09,0.5379142541543329,20.51278,7.0505953,2063
17692,r6i1p1f1,2063,06,10,0.0,28.808617,7.684713,2063
17693,r6i1p1f1,2063,06,11,0.000685136344550498,30.114555,9.618363,2063
17694,r6i1p1f1,2063,06,12,1.3808326235117927,27.351122,9.134874,2063
17695,r6i1p1f1,2063,06,13,6.4692445295407985,17.288517,3.4584968,2063
17696,r6i1p1f1,2063,06,14,0.0,26.542227,6.5063443,2063
17697,r6i1p1f1,2063,06,15,0.0,30.750162,10.788495,2063
17698,r6i1p1f1,2063,06,16,0.0,33.315952,13.20177,2063
17699,r6i1p1f1,2063,06,17,0.0,34.18061,15.135375,2063
17700,r6i1p1f1,2063,06,18,0.0,34.27374,15.397367,2063
17701,r6i1p1f1,2063,06,19,0.0,34.781742,15.799987,2063
17702,r6i1p1f1,2063,06,20,0.0,35.935986,16.669582,2063
17703,r6i1p1f1,2063,06,21,0.0,36.812893,18.446035,2063
17704,r6i1p1f1,2063,06,22,0.0,36.600315,18.660261,2063
17705,r6i1p1f1,2063,06,23,0.0,35.691975,15.907372,2063
17706,r6i1p1f1,2063,06,24,0.0,34.71764,15.222251,2063
17707,r6i1p1f1,2063,06,25,2.3114592075447344,30.800938,11.890523,2063
17708,r6i1p1f1,2063,06,26,8.063955323562693,25.657446,9.322886,2063
17709,r6i1p1f1,2063,06,27,0.0,30.697382,11.446728,2063
17710,r6i1p1f1,2063,06,28,0.0,31.809536,12.674459,2063
17711,r6i1p1f1,2063,06,29,0.0,31.822847,13.212649,2063
17712,r6i1p1f1,2063,06,30,0.0,32.585068,15.779062,2063
17713,r6i1p1f1,2063,07,01,0.0,33.57493,14.017799,2063
17714,r6i1p1f1,2063,07,02,0.0,32.87118,13.218451,2063
17715,r6i1p1f1,2063,07,03,0.1128592496716807,32.522717,13.6963,2063
17716,r6i1p1f1,2063,07,04,0.011855540382100906,32.988297,13.085482,2063
17717,r6i1p1f1,2063,07,05,0.0007499591105197965,33.08847,13.800407,2063
17718,r6i1p1f1,2063,07,06,3.297702355655468,34.61715,14.896348,2063
17719,r6i1p1f1,2063,07,07,0.13541597288173715,29.485205,12.633342,2063
17720,r6i1p1f1,2063,07,08,0.9465580079281066,25.562876,10.185168,2063
17721,r6i1p1f1,2063,07,09,0.07974471824547241,27.958616,10.419249,2063
17722,r6i1p1f1,2063,07,10,0.0,31.063513,11.35944,2063
17723,r6i1p1f1,2063,07,11,1.2077634422204306,30.824612,13.825028,2063
17724,r6i1p1f1,2063,07,12,0.20936591604180857,29.14431,9.831384,2063
17725,r6i1p1f1,2063,07,13,1.591650828395952,28.407211,10.76275,2063
17726,r6i1p1f1,2063,07,14,1.0522467264193252,26.897802,9.37415,2063
17727,r6i1p1f1,2063,07,15,0.2608107271994318,25.579254,13.151828,2063
17728,r6i1p1f1,2063,07,16,0.0,24.961208,8.140471,2063
17729,r6i1p1f1,2063,07,17,0.0,29.33243,11.107473,2063
17730,r6i1p1f1,2063,07,18,0.0,31.658218,12.709115,2063
17731,r6i1p1f1,2063,07,19,0.0,32.02913,12.36671,2063
17732,r6i1p1f1,2063,07,20,0.0,32.35755,12.183685,2063
17733,r6i1p1f1,2063,07,21,0.0,33.15145,12.681048,2063
17734,r6i1p1f1,2063,07,22,0.0,34.544445,13.850276,2063
17735,r6i1p1f1,2063,07,23,0.26042564159949866,36.091682,16.805359,2063
17736,r6i1p1f1,2063,07,24,0.00419881949328468,34.75306,15.161355,2063
17737,r6i1p1f1,2063,07,25,0.0,33.4056,12.555405,2063
17738,r6i1p1f1,2063,07,26,0.0,31.51319,14.013614,2063
17739,r6i1p1f1,2063,07,27,0.0,31.249956,12.103204,2063
17740,r6i1p1f1,2063,07,28,0.0,32.66255,14.581793,2063
17741,r6i1p1f1,2063,07,29,0.0,35.65737,14.934299,2063
17742,r6i1p1f1,2063,07,30,0.0,37.820427,16.616262,2063
17743,r6i1p1f1,2063,07,31,0.0,37.52437,16.191341,2063
17744,r6i1p1f1,2063,08,01,0.0,35.699787,14.941711,2063
17745,r6i1p1f1,2063,08,02,0.0,34.891262,14.385943,2063
17746,r6i1p1f1,2063,08,03,0.0,35.6896,13.975936,2063
17747,r6i1p1f1,2063,08,04,0.0,35.45558,14.788718,2063
17748,r6i1p1f1,2063,08,05,0.0013423956722072871,34.722553,14.24234,2063
17749,r6i1p1f1,2063,08,06,0.0,34.145676,13.31165,2063
17750,r6i1p1f1,2063,08,07,0.0,33.594692,13.251543,2063
17751,r6i1p1f1,2063,08,08,0.0,33.162468,12.5411005,2063
17752,r6i1p1f1,2063,08,09,0.0,32.45802,11.6685915,2063
17753,r6i1p1f1,2063,08,10,0.0,30.810642,10.473838,2063
17754,r6i1p1f1,2063,08,11,0.0,29.599537,10.236227,2063
17755,r6i1p1f1,2063,08,12,0.0,30.799936,10.660632,2063
17756,r6i1p1f1,2063,08,13,0.0,32.493374,12.025582,2063
17757,r6i1p1f1,2063,08,14,0.0,33.446377,13.440955,2063
17758,r6i1p1f1,2063,08,15,0.0,33.518448,15.364441,2063
17759,r6i1p1f1,2063,08,16,0.0,33.377052,13.582142,2063
17760,r6i1p1f1,2063,08,17,0.0,34.274616,14.966526,2063
17761,r6i1p1f1,2063,08,18,0.0,34.49701,14.274617,2063
17762,r6i1p1f1,2063,08,19,0.0,34.161976,13.632009,2063
17763,r6i1p1f1,2063,08,20,0.0,33.449493,13.189123,2063
17764,r6i1p1f1,2063,08,21,0.0,32.883125,12.471629,2063
17765,r6i1p1f1,2063,08,22,0.0,33.266716,13.041504,2063
17766,r6i1p1f1,2063,08,23,0.11701612043943488,33.76251,14.830819,2063
17767,r6i1p1f1,2063,08,24,0.050439141218696006,32.444458,12.484974,2063
17768,r6i1p1f1,2063,08,25,0.0,31.081026,10.635407,2063
17769,r6i1p1f1,2063,08,26,0.0,32.026714,11.40296,2063
17770,r6i1p1f1,2063,08,27,0.0,32.09189,12.513046,2063
17771,r6i1p1f1,2063,08,28,0.0,31.92205,13.447266,2063
17772,r6i1p1f1,2063,08,29,0.006062084407496347,33.993668,14.266539,2063
17773,r6i1p1f1,2063,08,30,0.0,32.87816,11.412388,2063
17774,r6i1p1f1,2063,08,31,0.0,30.39485,9.751044,2063
17775,r6i1p1f1,2063,09,01,0.0,31.89658,12.164948,2063
17776,r6i1p1f1,2063,09,02,0.0,32.34473,12.775301,2063
17777,r6i1p1f1,2063,09,03,0.0,31.372616,12.362192,2063
17778,r6i1p1f1,2063,09,04,0.0,31.727736,12.257017,2063
17779,r6i1p1f1,2063,09,05,0.328337603085779,30.942524,12.342315,2063
17780,r6i1p1f1,2063,09,06,2.857567723183111,24.547064,6.000425,2063
17781,r6i1p1f1,2063,09,07,0.019285883789179965,27.714252,9.36111,2063
17782,r6i1p1f1,2063,09,08,0.0,30.102468,10.557305,2063
17783,r6i1p1f1,2063,09,09,0.0,31.799032,10.206631,2063
17784,r6i1p1f1,2063,09,10,0.0,29.796059,9.754322,2063
17785,r6i1p1f1,2063,09,11,0.0,29.254126,9.287044,2063
17786,r6i1p1f1,2063,09,12,0.0,29.314547,8.680586,2063
17787,r6i1p1f1,2063,09,13,0.0,32.025654,10.148595,2063
17788,r6i1p1f1,2063,09,14,0.0,30.856504,8.826297,2063
17789,r6i1p1f1,2063,09,15,0.0,23.211447,3.1721008,2063
17790,r6i1p1f1,2063,09,16,0.0,22.19481,1.654614,2063
17791,r6i1p1f1,2063,09,17,0.012337553629329112,20.739738,1.7956442,2063
17792,r6i1p1f1,2063,09,18,1.1949242321571958,19.675745,1.7773352,2063
17793,r6i1p1f1,2063,09,19,0.0,23.531092,2.7293658,2063
17794,r6i1p1f1,2063,09,20,0.00033885550834930427,29.875195,8.6167345,2063
17795,r6i1p1f1,2063,09,21,0.0008031651840601485,29.415516,9.954969,2063
17796,r6i1p1f1,2063,09,22,0.5245580227981744,24.16821,6.8052015,2063
17797,r6i1p1f1,2063,09,23,0.0,22.337572,2.2696605,2063
17798,r6i1p1f1,2063,09,24,0.0,24.625326,4.405802,2063
17799,r6i1p1f1,2063,09,25,0.0,24.050028,3.8433776,2063
17800,r6i1p1f1,2063,09,26,0.0,24.284883,5.7988024,2063
17801,r6i1p1f1,2063,09,27,0.0,27.128641,7.5138564,2063
17802,r6i1p1f1,2063,09,28,0.0,31.662638,10.127708,2063
17803,r6i1p1f1,2063,09,29,0.0,31.571278,10.913011,2063
17804,r6i1p1f1,2063,09,30,0.00031686250432377025,27.37968,6.621809,2063
17805,r6i1p1f1,2063,10,01,8.33596164404652,20.217865,3.573425,2063
17806,r6i1p1f1,2063,10,02,15.625167978705022,14.120528,4.134524,2063
17807,r6i1p1f1,2063,10,03,20.44445744949644,11.61168,-0.47015953,2063
17808,r6i1p1f1,2063,10,04,0.11377649853997931,16.821444,2.1924994,2063
17809,r6i1p1f1,2063,10,05,0.0005072146186935551,21.53943,2.1710615,2063
17810,r6i1p1f1,2063,10,06,0.0,23.275454,4.371799,2063
17811,r6i1p1f1,2063,10,07,1.7294661705888725,20.398907,4.325495,2063
17812,r6i1p1f1,2063,10,08,0.11978649269064552,13.932697,1.6369742,2063
17813,r6i1p1f1,2063,10,09,0.0,14.230505,-0.19419415,2063
17814,r6i1p1f1,2063,10,10,0.0,17.558144,-0.23327465,2063
17815,r6i1p1f1,2063,10,11,0.0,21.823746,3.9999127,2063
17816,r6i1p1f1,2063,10,12,0.0,24.224577,5.6979327,2063
17817,r6i1p1f1,2063,10,13,0.0,24.466349,5.7781644,2063
17818,r6i1p1f1,2063,10,14,0.0,25.625126,6.1142144,2063
17819,r6i1p1f1,2063,10,15,0.009945848061843019,24.826212,5.2556224,2063
17820,r6i1p1f1,2063,10,16,0.0,20.574354,2.171904,2063
17821,r6i1p1f1,2063,10,17,0.0,19.666239,1.7269031,2063
17822,r6i1p1f1,2063,10,18,0.060719541715855425,17.429571,1.6492624,2063
17823,r6i1p1f1,2063,10,19,1.1849856912691974,14.887602,1.146976,2063
17824,r6i1p1f1,2063,10,20,0.05817296460854763,15.339534,1.8211616,2063
17825,r6i1p1f1,2063,10,21,0.0,18.586538,-0.50031817,2063
17826,r6i1p1f1,2063,10,22,0.0,20.043432,0.32168144,2063
17827,r6i1p1f1,2063,10,23,0.0,21.071028,2.9480336,2063
17828,r6i1p1f1,2063,10,24,0.0,20.308578,4.0613236,2063
17829,r6i1p1f1,2063,10,25,0.0,20.674616,3.3310332,2063
17830,r6i1p1f1,2063,10,26,0.0,20.684673,3.6315646,2063
17831,r6i1p1f1,2063,10,27,0.0,20.02506,3.8610544,2063
17832,r6i1p1f1,2063,10,28,0.009388719115789928,15.537728,0.79904485,2063
17833,r6i1p1f1,2063,10,29,0.01654960216102795,14.666817,-0.58722764,2063
17834,r6i1p1f1,2063,10,30,8.423459437080833,10.628436,-2.2008688,2063
17835,r6i1p1f1,2063,10,31,8.951873437015363,6.2441607,-1.9102334,2063
17836,r6i1p1f1,2063,11,01,5.169866659484794,5.7224483,-4.3761296,2063
17837,r6i1p1f1,2063,11,02,9.82939756014897,6.3086467,-1.418188,2063
17838,r6i1p1f1,2063,11,03,0.0,7.3686576,-5.282979,2063
17839,r6i1p1f1,2063,11,04,0.3058964553199276,6.374232,-2.1362698,2063
17840,r6i1p1f1,2063,11,05,0.0,7.543004,-5.3086314,2063
17841,r6i1p1f1,2063,11,06,0.23029170641439464,6.9041348,-6.9313693,2063
17842,r6i1p1f1,2063,11,07,10.718939828141734,5.1764584,-1.7536143,2063
17843,r6i1p1f1,2063,11,08,31.766796615545925,7.4284725,-2.962459,2063
17844,r6i1p1f1,2063,11,09,0.18833355389138443,8.68255,-3.1563003,2063
17845,r6i1p1f1,2063,11,10,1.4700199004297312,8.007245,-2.4496076,2063
17846,r6i1p1f1,2063,11,11,20.19296560533334,7.027709,-0.37378505,2063
17847,r6i1p1f1,2063,11,12,8.652879948986346,5.7756495,-0.71982855,2063
17848,r6i1p1f1,2063,11,13,10.433862272315162,7.597319,-2.1020143,2063
17849,r6i1p1f1,2063,11,14,8.05359242776933,8.476994,0.36417952,2063
17850,r6i1p1f1,2063,11,15,8.248350317227619,7.7884164,1.1174138,2063
17851,r6i1p1f1,2063,11,16,1.0735258974497064,8.582866,1.2143204,2063
17852,r6i1p1f1,2063,11,17,0.0,8.527869,-3.2817664,2063
17853,r6i1p1f1,2063,11,18,0.0,10.85583,-2.7759583,2063
17854,r6i1p1f1,2063,11,19,5.296894618185663,8.73531,0.56555974,2063
17855,r6i1p1f1,2063,11,20,5.385239539107828,7.622334,0.23469451,2063
17856,r6i1p1f1,2063,11,21,5.482502265293148,7.387816,0.8980651,2063
17857,r6i1p1f1,2063,11,22,5.760254875360624,6.8782506,-0.825348,2063
17858,r6i1p1f1,2063,11,23,0.0,12.464834,-4.0418854,2063
17859,r6i1p1f1,2063,11,24,0.0,15.97058,-0.3106067,2063
17860,r6i1p1f1,2063,11,25,0.0,13.046495,1.1993736,2063
17861,r6i1p1f1,2063,11,26,0.05580515359697106,14.754035,-0.28279126,2063
17862,r6i1p1f1,2063,11,27,0.0,15.574581,-0.7527895,2063
17863,r6i1p1f1,2063,11,28,0.0,15.963487,-1.4000137,2063
17864,r6i1p1f1,2063,11,29,7.456525113263316,12.559132,-1.4952623,2063
17865,r6i1p1f1,2063,11,30,3.2574801759954557,6.3239255,-2.7341375,2063
17866,r6i1p1f1,2063,12,01,0.0,7.80247,-4.0327363,2063
17867,r6i1p1f1,2063,12,02,0.0,8.938229,-2.325344,2063
17868,r6i1p1f1,2063,12,03,0.0,13.17531,1.1747403,2063
17869,r6i1p1f1,2063,12,04,0.0013053198623755187,13.421841,0.66907406,2063
17870,r6i1p1f1,2063,12,05,9.623475288487402,9.064659,1.2843482,2063
17871,r6i1p1f1,2063,12,06,0.015321619522236013,9.240382,-3.2308967,2063
17872,r6i1p1f1,2063,12,07,0.0,12.485242,-0.9660031,2063
17873,r6i1p1f1,2063,12,08,0.0,11.444024,-1.1175684,2063
17874,r6i1p1f1,2063,12,09,0.0,8.939543,-3.9200811,2063
17875,r6i1p1f1,2063,12,10,0.0,10.080387,-3.9647775,2063
17876,r6i1p1f1,2063,12,11,0.0,11.414652,-2.1813874,2063
17877,r6i1p1f1,2063,12,12,3.1985791309220764,5.2264743,-6.408302,2063
17878,r6i1p1f1,2063,12,13,0.0011896361588918066,1.4898348,-9.509202,2063
17879,r6i1p1f1,2063,12,14,0.0,2.2391222,-10.508241,2063
17880,r6i1p1f1,2063,12,15,0.0,3.6503775,-10.585,2063
17881,r6i1p1f1,2063,12,16,0.46797360127937065,2.9001455,-3.9865222,2063
17882,r6i1p1f1,2063,12,17,22.193960316832246,1.5382245,-5.1257067,2063
17883,r6i1p1f1,2063,12,18,64.06169231775212,2.0377502,-5.6564765,2063
17884,r6i1p1f1,2063,12,19,19.50058164110444,1.1385798,-10.981333,2063
17885,r6i1p1f1,2063,12,20,0.011266491059454672,2.0296006,-12.496864,2063
17886,r6i1p1f1,2063,12,21,35.44384611241695,-0.12753141,-10.1828985,2063
17887,r6i1p1f1,2063,12,22,5.9978177546090325,-0.37064925,-11.67474,2063
17888,r6i1p1f1,2063,12,23,37.044440545373156,-0.61067206,-10.221421,2063
17889,r6i1p1f1,2063,12,24,24.056766103197887,0.7525035,-4.733113,2063
17890,r6i1p1f1,2063,12,25,1.4336696741209711,3.4140415,-11.333222,2063
17891,r6i1p1f1,2063,12,26,0.000394039309666607,1.9070295,-12.215253,2063
17892,r6i1p1f1,2063,12,27,0.5850093200199759,0.67204475,-8.227144,2063
17893,r6i1p1f1,2063,12,28,0.0,0.7840874,-12.929047,2063
17894,r6i1p1f1,2063,12,29,0.0,2.5681543,-11.217541,2063
17895,r6i1p1f1,2063,12,30,0.0,5.232165,-8.69921,2063
17896,r6i1p1f1,2063,12,31,0.0,4.4532843,-7.6138296,2063
17897,r6i1p1f1,2064,01,01,0.0,4.686143,-7.7226768,2064
17898,r6i1p1f1,2064,01,02,0.0,5.31916,-7.8080125,2064
17899,r6i1p1f1,2064,01,03,0.0,5.5163054,-9.307742,2064
17900,r6i1p1f1,2064,01,04,0.0,5.458145,-3.6518426,2064
17901,r6i1p1f1,2064,01,05,0.0,5.053772,-7.8424697,2064
17902,r6i1p1f1,2064,01,06,0.0,5.000192,-8.755441,2064
17903,r6i1p1f1,2064,01,07,0.0,5.0850234,-6.397764,2064
17904,r6i1p1f1,2064,01,08,0.0,6.3147163,-6.8895392,2064
17905,r6i1p1f1,2064,01,09,0.0,6.266431,-6.2285647,2064
17906,r6i1p1f1,2064,01,10,3.6041824710058616,1.9311326,-3.2381783,2064
17907,r6i1p1f1,2064,01,11,4.182443014222368,3.093428,-4.333801,2064
17908,r6i1p1f1,2064,01,12,0.014024623802875568,4.633182,-4.2355065,2064
17909,r6i1p1f1,2064,01,13,19.414849416257145,2.384801,-3.0974174,2064
17910,r6i1p1f1,2064,01,14,0.0,5.607588,-8.670173,2064
17911,r6i1p1f1,2064,01,15,12.295912746489211,8.610759,-1.0801055,2064
17912,r6i1p1f1,2064,01,16,4.351432917606621,5.9117208,-1.3828104,2064
17913,r6i1p1f1,2064,01,17,0.9293750361165437,4.5763216,-2.1022635,2064
17914,r6i1p1f1,2064,01,18,0.3547481999879419,4.7349706,-1.3763813,2064
17915,r6i1p1f1,2064,01,19,0.0,6.399448,-2.97908,2064
17916,r6i1p1f1,2064,01,20,0.0,13.024445,-1.2843565,2064
17917,r6i1p1f1,2064,01,21,0.0,14.320051,-0.5084026,2064
17918,r6i1p1f1,2064,01,22,0.0,15.795144,0.85476464,2064
17919,r6i1p1f1,2064,01,23,0.0,15.132677,-0.11408883,2064
17920,r6i1p1f1,2064,01,24,0.0,11.7958975,-0.78404605,2064
17921,r6i1p1f1,2064,01,25,0.0009354820722675925,10.173071,-0.60097605,2064
17922,r6i1p1f1,2064,01,26,2.727520081411357,7.413368,0.46505478,2064
17923,r6i1p1f1,2064,01,27,25.52655721157482,8.451835,-3.391707,2064
17924,r6i1p1f1,2064,01,28,17.14815986291707,0.95529866,-6.649513,2064
17925,r6i1p1f1,2064,01,29,0.20941157487325648,3.012701,-6.7244983,2064
17926,r6i1p1f1,2064,01,30,0.2182407249981571,4.135346,-9.393254,2064
17927,r6i1p1f1,2064,01,31,0.012268491761539844,4.741104,-7.6203976,2064
17928,r6i1p1f1,2064,02,01,9.409963184926836,4.0929017,-8.249478,2064
17929,r6i1p1f1,2064,02,02,12.684469898884414,3.0768018,-3.0764966,2064
17930,r6i1p1f1,2064,02,03,2.2133965599677348,4.0820165,-2.3593485,2064
17931,r6i1p1f1,2064,02,04,0.0,9.336931,-4.549722,2064
17932,r6i1p1f1,2064,02,05,0.0,12.059353,-4.0444436,2064
17933,r6i1p1f1,2064,02,06,15.768140399422983,7.179226,-1.2299925,2064
17934,r6i1p1f1,2064,02,07,0.036203369308348214,8.738017,-1.3652464,2064
17935,r6i1p1f1,2064,02,08,19.998039961811816,11.803967,-0.94675076,2064
17936,r6i1p1f1,2064,02,09,38.79474682820775,12.177719,2.1556818,2064
17937,r6i1p1f1,2064,02,10,16.622953964369778,11.961754,-2.816751,2064
17938,r6i1p1f1,2064,02,11,0.0889208410584708,5.552047,-5.57178,2064
17939,r6i1p1f1,2064,02,12,6.656115208984183,3.166171,-2.8670528,2064
17940,r6i1p1f1,2064,02,13,13.030285805303478,1.8928356,-4.4008427,2064
17941,r6i1p1f1,2064,02,14,0.013784670480290544,3.8220825,-13.010298,2064
17942,r6i1p1f1,2064,02,15,6.601888635434015,3.3401163,-7.821149,2064
17943,r6i1p1f1,2064,02,16,45.766145934268565,4.037194,-3.9419637,2064
17944,r6i1p1f1,2064,02,17,16.83631499068104,4.22588,-5.0385804,2064
17945,r6i1p1f1,2064,02,18,30.424638159725962,3.335901,-9.690338,2064
17946,r6i1p1f1,2064,02,19,21.138606456613687,2.199087,-9.459161,2064
17947,r6i1p1f1,2064,02,20,1.3461371969688705,1.8903426,-10.95657,2064
17948,r6i1p1f1,2064,02,21,2.894365542045004,0.6390041,-9.486924,2064
17949,r6i1p1f1,2064,02,22,10.19325875994009,0.27092955,-8.505837,2064
17950,r6i1p1f1,2064,02,23,0.008765206601194946,2.3550296,-14.61922,2064
17951,r6i1p1f1,2064,02,24,0.3446031973276803,0.3010093,-14.086326,2064
17952,r6i1p1f1,2064,02,25,10.528711594127513,4.4571557,-8.541523,2064
17953,r6i1p1f1,2064,02,26,1.8548479831552172,2.8709486,-8.186937,2064
17954,r6i1p1f1,2064,02,27,5.24429128130989,0.18864754,-11.968975,2064
17955,r6i1p1f1,2064,02,28,0.0898869415595407,2.0126803,-13.979052,2064
17956,r6i1p1f1,2064,02,29,0.0,2.795832,-11.015245,2064
17957,r6i1p1f1,2064,03,01,0.0,2.796849,-9.86397,2064
17958,r6i1p1f1,2064,03,02,0.08277672599835091,5.9954143,-15.647354,2064
17959,r6i1p1f1,2064,03,03,0.0,5.5302477,-11.815237,2064
17960,r6i1p1f1,2064,03,04,2.6932000843090163,4.531467,-4.7857857,2064
17961,r6i1p1f1,2064,03,05,6.306024174282522,3.0721803,-4.709032,2064
17962,r6i1p1f1,2064,03,06,0.1615761284885116,0.9732348,-13.514773,2064
17963,r6i1p1f1,2064,03,07,0.013002860858703688,4.8086123,-13.233314,2064
17964,r6i1p1f1,2064,03,08,1.3717648951244856,4.005825,-2.4082317,2064
17965,r6i1p1f1,2064,03,09,0.015487159373806635,6.161338,-6.393528,2064
17966,r6i1p1f1,2064,03,10,0.0,6.832957,-11.147878,2064
17967,r6i1p1f1,2064,03,11,1.044698828820473,6.347312,-11.285679,2064
17968,r6i1p1f1,2064,03,12,0.007956444027219893,7.28846,0.7156813,2064
17969,r6i1p1f1,2064,03,13,0.0,9.147539,-0.056016296,2064
17970,r6i1p1f1,2064,03,14,0.0,9.171485,0.9883854,2064
17971,r6i1p1f1,2064,03,15,0.0,10.750497,-1.2892509,2064
17972,r6i1p1f1,2064,03,16,0.0,10.249082,-3.761818,2064
17973,r6i1p1f1,2064,03,17,0.0,13.429366,-4.510027,2064
17974,r6i1p1f1,2064,03,18,0.0,15.139911,-1.3829068,2064
17975,r6i1p1f1,2064,03,19,0.0,14.812354,-0.9737616,2064
17976,r6i1p1f1,2064,03,20,0.0,13.929179,-1.9827102,2064
17977,r6i1p1f1,2064,03,21,0.0,15.57388,-0.8454445,2064
17978,r6i1p1f1,2064,03,22,0.06712463145259205,10.293792,0.8362399,2064
17979,r6i1p1f1,2064,03,23,0.0,13.382263,-4.874457,2064
17980,r6i1p1f1,2064,03,24,0.9500338941169572,11.216167,1.4787831,2064
17981,r6i1p1f1,2064,03,25,6.528409124130967,8.045211,-7.0357294,2064
17982,r6i1p1f1,2064,03,26,0.0133581621281057,8.745866,-2.8817704,2064
17983,r6i1p1f1,2064,03,27,0.019887817148518668,11.539645,-5.56287,2064
17984,r6i1p1f1,2064,03,28,2.6248978738517317,8.715729,-2.131014,2064
17985,r6i1p1f1,2064,03,29,0.0,14.247697,-0.6053957,2064
17986,r6i1p1f1,2064,03,30,0.0,17.678125,3.1158695,2064
17987,r6i1p1f1,2064,03,31,0.0,19.591486,2.6261666,2064
17988,r6i1p1f1,2064,04,01,0.0,21.34418,1.228072,2064
17989,r6i1p1f1,2064,04,02,0.0029085324367702173,21.251938,4.5163536,2064
17990,r6i1p1f1,2064,04,03,1.6636457601161196,12.57617,-4.3973403,2064
17991,r6i1p1f1,2064,04,04,0.004846558157293741,14.668227,-1.8784834,2064
17992,r6i1p1f1,2064,04,05,0.0,15.69663,1.5410784,2064
17993,r6i1p1f1,2064,04,06,0.05491469328602881,18.348003,2.2400115,2064
17994,r6i1p1f1,2064,04,07,0.0,19.508543,2.559259,2064
17995,r6i1p1f1,2064,04,08,0.9419013930996034,15.977498,-2.1397836,2064
17996,r6i1p1f1,2064,04,09,0.0,18.434555,1.7350763,2064
17997,r6i1p1f1,2064,04,10,0.028634582715754097,22.207487,4.622997,2064
17998,r6i1p1f1,2064,04,11,0.12560701946715208,19.013609,3.6938636,2064
17999,r6i1p1f1,2064,04,12,3.0172364141184222,14.686803,1.5551795,2064
18000,r6i1p1f1,2064,04,13,0.261499954199934,18.26291,0.30171725,2064
18001,r6i1p1f1,2064,04,14,0.0,17.651731,1.6540431,2064
18002,r6i1p1f1,2064,04,15,0.0,17.838734,-0.4567544,2064
18003,r6i1p1f1,2064,04,16,0.0,15.86469,2.5180275,2064
18004,r6i1p1f1,2064,04,17,3.2365478945836825,9.93445,-2.6504908,2064
18005,r6i1p1f1,2064,04,18,0.05332446083048709,9.243788,-0.05686245,2064
18006,r6i1p1f1,2064,04,19,2.852929398671138,10.160192,-1.3213502,2064
18007,r6i1p1f1,2064,04,20,0.010284120307497098,16.117174,-3.3988967,2064
18008,r6i1p1f1,2064,04,21,0.0014640141864875177,17.744347,0.30550957,2064
18009,r6i1p1f1,2064,04,22,0.5292633085095663,14.46746,1.981527,2064
18010,r6i1p1f1,2064,04,23,3.43822075377536,12.522965,3.5860362,2064
18011,r6i1p1f1,2064,04,24,11.342601158050241,11.727655,-0.33290347,2064
18012,r6i1p1f1,2064,04,25,0.0,19.645885,-0.67290735,2064
18013,r6i1p1f1,2064,04,26,0.0,23.909346,4.325544,2064
18014,r6i1p1f1,2064,04,27,0.008666129993110358,22.175966,3.6161702,2064
18015,r6i1p1f1,2064,04,28,6.663914379915651,9.504465,1.5004681,2064
18016,r6i1p1f1,2064,04,29,1.211540293960286,12.145876,-2.0559165,2064
18017,r6i1p1f1,2064,04,30,0.16166746806969504,12.273269,0.06388097,2064
18018,r6i1p1f1,2064,05,01,0.0,16.047598,-0.23503469,2064
18019,r6i1p1f1,2064,05,02,0.0,18.310125,-0.26427314,2064
18020,r6i1p1f1,2064,05,03,3.1909874583482525,14.377293,-1.8223277,2064
18021,r6i1p1f1,2064,05,04,0.0,16.71323,1.8902619,2064
18022,r6i1p1f1,2064,05,05,0.0,22.62335,2.1398466,2064
18023,r6i1p1f1,2064,05,06,0.0,26.154665,6.459792,2064
18024,r6i1p1f1,2064,05,07,0.02586137855878663,23.076567,5.0646667,2064
18025,r6i1p1f1,2064,05,08,1.0275682869982137,15.283592,5.2789264,2064
18026,r6i1p1f1,2064,05,09,7.451983230202457,13.736881,0.463093,2064
18027,r6i1p1f1,2064,05,10,1.8351134935101252,18.453655,3.5433006,2064
18028,r6i1p1f1,2064,05,11,2.8757721247562658,18.802233,3.8790905,2064
18029,r6i1p1f1,2064,05,12,4.123607008714385,16.691933,5.4564395,2064
18030,r6i1p1f1,2064,05,13,1.4473682156900265,16.062101,2.8011007,2064
18031,r6i1p1f1,2064,05,14,1.0127020604379247,19.120882,2.8350317,2064
18032,r6i1p1f1,2064,05,15,2.599987056895088,21.136177,1.2253028,2064
18033,r6i1p1f1,2064,05,16,4.6955064651317855,19.66375,4.0708623,2064
18034,r6i1p1f1,2064,05,17,16.17486157341868,14.030764,3.8176875,2064
18035,r6i1p1f1,2064,05,18,5.743933148590233,13.222045,3.1824207,2064
18036,r6i1p1f1,2064,05,19,0.014136871186103463,27.08596,8.472767,2064
18037,r6i1p1f1,2064,05,20,0.12763689306838572,28.867538,8.937565,2064
18038,r6i1p1f1,2064,05,21,1.150407590547866,25.499428,6.5254645,2064
18039,r6i1p1f1,2064,05,22,1.1560587512143974,23.563463,7.228484,2064
18040,r6i1p1f1,2064,05,23,0.19475123371563982,26.248,6.428959,2064
18041,r6i1p1f1,2064,05,24,0.0,28.26441,8.250217,2064
18042,r6i1p1f1,2064,05,25,0.0,28.164906,9.796226,2064
18043,r6i1p1f1,2064,05,26,0.0,28.14466,9.632883,2064
18044,r6i1p1f1,2064,05,27,0.0,28.623358,10.27753,2064
18045,r6i1p1f1,2064,05,28,0.0,30.464891,12.245459,2064
18046,r6i1p1f1,2064,05,29,0.0,33.392754,12.3988,2064
18047,r6i1p1f1,2064,05,30,0.0,34.600796,14.371726,2064
18048,r6i1p1f1,2064,05,31,0.0,36.407047,16.952282,2064
18049,r6i1p1f1,2064,06,01,0.0,33.639194,15.048236,2064
18050,r6i1p1f1,2064,06,02,0.0,27.897463,8.727406,2064
18051,r6i1p1f1,2064,06,03,0.0,25.637989,6.613041,2064
18052,r6i1p1f1,2064,06,04,0.0,29.97639,10.628763,2064
18053,r6i1p1f1,2064,06,05,0.0,30.933887,12.333943,2064
18054,r6i1p1f1,2064,06,06,0.0,30.761637,10.6073475,2064
18055,r6i1p1f1,2064,06,07,0.0,27.139917,8.286699,2064
18056,r6i1p1f1,2064,06,08,0.005697751438631196,26.587086,7.4080596,2064
18057,r6i1p1f1,2064,06,09,1.9259660532829954,21.807816,4.666114,2064
18058,r6i1p1f1,2064,06,10,0.009701970753508942,19.866022,4.3573947,2064
18059,r6i1p1f1,2064,06,11,0.0,23.381718,5.0970554,2064
18060,r6i1p1f1,2064,06,12,0.0,27.600643,7.1455984,2064
18061,r6i1p1f1,2064,06,13,0.0,30.80992,10.51355,2064
18062,r6i1p1f1,2064,06,14,0.0,31.175896,11.071338,2064
18063,r6i1p1f1,2064,06,15,0.0,31.87929,11.682016,2064
18064,r6i1p1f1,2064,06,16,0.0,32.455803,11.905331,2064
18065,r6i1p1f1,2064,06,17,0.0,33.360905,12.099916,2064
18066,r6i1p1f1,2064,06,18,0.8692411519772634,31.42448,11.837777,2064
18067,r6i1p1f1,2064,06,19,0.010554922630277514,27.96954,10.343201,2064
18068,r6i1p1f1,2064,06,20,0.6265320819202481,23.91942,5.713443,2064
18069,r6i1p1f1,2064,06,21,3.487754053213733,23.373482,5.5784235,2064
18070,r6i1p1f1,2064,06,22,1.6197834425596829,29.026247,9.9363785,2064
18071,r6i1p1f1,2064,06,23,1.289767580247556,29.671124,10.707587,2064
18072,r6i1p1f1,2064,06,24,0.0655983124887646,32.02925,13.644244,2064
18073,r6i1p1f1,2064,06,25,0.009102174648362995,33.021946,13.922537,2064
18074,r6i1p1f1,2064,06,26,0.0,33.983234,14.03336,2064
18075,r6i1p1f1,2064,06,27,0.007674572517710102,33.97986,15.467492,2064
18076,r6i1p1f1,2064,06,28,0.0,35.41034,16.627867,2064
18077,r6i1p1f1,2064,06,29,0.0,34.898685,15.395791,2064
18078,r6i1p1f1,2064,06,30,0.0,35.14779,14.824879,2064
18079,r6i1p1f1,2064,07,01,0.0,36.13552,13.37866,2064
18080,r6i1p1f1,2064,07,02,0.0,38.025215,15.52433,2064
18081,r6i1p1f1,2064,07,03,0.1598493017699374,38.092976,17.530895,2064
18082,r6i1p1f1,2064,07,04,0.04176382141258315,36.140434,14.379632,2064
18083,r6i1p1f1,2064,07,05,0.0,35.708347,13.257802,2064
18084,r6i1p1f1,2064,07,06,0.0,35.90818,14.084798,2064
18085,r6i1p1f1,2064,07,07,0.0,36.885185,17.685726,2064
18086,r6i1p1f1,2064,07,08,0.9232813793948613,36.018288,14.830385,2064
18087,r6i1p1f1,2064,07,09,0.0,34.772564,13.247628,2064
18088,r6i1p1f1,2064,07,10,0.0,33.97423,12.801851,2064
18089,r6i1p1f1,2064,07,11,0.0005786784919340189,33.929855,13.394043,2064
18090,r6i1p1f1,2064,07,12,0.0,34.477436,12.823945,2064
18091,r6i1p1f1,2064,07,13,0.0,35.26981,13.603287,2064
18092,r6i1p1f1,2064,07,14,1.1012815436396572,35.480904,15.209855,2064
18093,r6i1p1f1,2064,07,15,0.29141706771233217,33.587646,14.296063,2064
18094,r6i1p1f1,2064,07,16,0.7169779574475509,33.961113,15.390711,2064
18095,r6i1p1f1,2064,07,17,0.8121090527082072,33.387417,14.53073,2064
18096,r6i1p1f1,2064,07,18,0.6107250003476039,32.827267,13.344663,2064
18097,r6i1p1f1,2064,07,19,1.6606895946775808,33.21042,13.484582,2064
18098,r6i1p1f1,2064,07,20,0.7721988743860722,28.18154,10.632019,2064
18099,r6i1p1f1,2064,07,21,0.0,29.299803,11.82534,2064
18100,r6i1p1f1,2064,07,22,0.00012918238670932042,31.087872,11.153379,2064
18101,r6i1p1f1,2064,07,23,0.36914823597468477,32.756077,13.1752,2064
18102,r6i1p1f1,2064,07,24,0.0,34.40066,13.327072,2064
18103,r6i1p1f1,2064,07,25,0.0,38.07577,16.813057,2064
18104,r6i1p1f1,2064,07,26,0.0,39.033222,17.75325,2064
18105,r6i1p1f1,2064,07,27,0.0,39.035454,18.026081,2064
18106,r6i1p1f1,2064,07,28,0.0011188021542383473,38.464127,17.394262,2064
18107,r6i1p1f1,2064,07,29,1.1597453025902245,36.510513,16.755383,2064
18108,r6i1p1f1,2064,07,30,0.0,35.177433,15.615329,2064
18109,r6i1p1f1,2064,07,31,0.0,35.64551,15.368971,2064
18110,r6i1p1f1,2064,08,01,0.0,36.859535,17.486631,2064
18111,r6i1p1f1,2064,08,02,0.0,37.47149,17.077545,2064
18112,r6i1p1f1,2064,08,03,0.3371337681119233,38.01752,16.796902,2064
18113,r6i1p1f1,2064,08,04,0.0,37.193073,16.667568,2064
18114,r6i1p1f1,2064,08,05,0.45285503417257306,36.86386,16.764215,2064
18115,r6i1p1f1,2064,08,06,0.02159748212614481,37.970577,17.610249,2064
18116,r6i1p1f1,2064,08,07,0.0,37.69283,16.844055,2064
18117,r6i1p1f1,2064,08,08,1.7994824705215045,37.71231,17.546259,2064
18118,r6i1p1f1,2064,08,09,0.0,35.964523,15.71881,2064
18119,r6i1p1f1,2064,08,10,0.0,34.136032,14.299638,2064
18120,r6i1p1f1,2064,08,11,0.0,33.643436,13.8893585,2064
18121,r6i1p1f1,2064,08,12,0.0,35.657227,14.494321,2064
18122,r6i1p1f1,2064,08,13,0.0,36.978046,15.427869,2064
18123,r6i1p1f1,2064,08,14,0.09696435190620957,37.300552,16.016853,2064
18124,r6i1p1f1,2064,08,15,0.15055225465306807,37.7887,16.362137,2064
18125,r6i1p1f1,2064,08,16,0.27858103397213607,37.039837,16.19776,2064
18126,r6i1p1f1,2064,08,17,0.0,35.106586,14.169309,2064
18127,r6i1p1f1,2064,08,18,0.0,30.51937,10.294893,2064
18128,r6i1p1f1,2064,08,19,0.0,27.635818,8.716063,2064
18129,r6i1p1f1,2064,08,20,0.0,30.393633,10.224382,2064
18130,r6i1p1f1,2064,08,21,0.0,30.567059,10.121006,2064
18131,r6i1p1f1,2064,08,22,0.0,28.705366,8.936686,2064
18132,r6i1p1f1,2064,08,23,0.0,31.070581,10.55213,2064
18133,r6i1p1f1,2064,08,24,0.0,32.533623,11.618121,2064
18134,r6i1p1f1,2064,08,25,0.0,30.62855,11.092262,2064
18135,r6i1p1f1,2064,08,26,0.0,31.90724,11.843262,2064
18136,r6i1p1f1,2064,08,27,0.09176894230444536,31.917679,12.628432,2064
18137,r6i1p1f1,2064,08,28,0.0,33.018997,12.42318,2064
18138,r6i1p1f1,2064,08,29,0.0,33.913513,12.928188,2064
18139,r6i1p1f1,2064,08,30,0.0,33.917675,13.00401,2064
18140,r6i1p1f1,2064,08,31,0.055836538778854916,34.157215,12.738164,2064
18141,r6i1p1f1,2064,09,01,0.0011903351921446817,32.470886,12.394419,2064
18142,r6i1p1f1,2064,09,02,0.0,32.02228,12.271063,2064
18143,r6i1p1f1,2064,09,03,0.0,32.135105,12.579235,2064
18144,r6i1p1f1,2064,09,04,0.0,32.738743,13.107402,2064
18145,r6i1p1f1,2064,09,05,0.0,32.575188,10.478771,2064
18146,r6i1p1f1,2064,09,06,0.0,29.524176,9.75401,2064
18147,r6i1p1f1,2064,09,07,2.19837658310747,25.830898,8.624588,2064
18148,r6i1p1f1,2064,09,08,0.0,25.60514,7.3767433,2064
18149,r6i1p1f1,2064,09,09,0.23416272491327517,26.08918,8.667424,2064
18150,r6i1p1f1,2064,09,10,0.8371997921497489,25.035973,7.766959,2064
18151,r6i1p1f1,2064,09,11,0.12431629687457588,25.708712,6.9169846,2064
18152,r6i1p1f1,2064,09,12,0.0,28.892302,8.725498,2064
18153,r6i1p1f1,2064,09,13,0.0,30.43618,9.995386,2064
18154,r6i1p1f1,2064,09,14,0.0,30.990936,12.292682,2064
18155,r6i1p1f1,2064,09,15,0.0,32.136425,11.676027,2064
18156,r6i1p1f1,2064,09,16,0.0,32.41162,12.219725,2064
18157,r6i1p1f1,2064,09,17,0.0,32.831535,11.718992,2064
18158,r6i1p1f1,2064,09,18,0.0,32.449905,11.45844,2064
18159,r6i1p1f1,2064,09,19,0.0,32.924534,12.39748,2064
18160,r6i1p1f1,2064,09,20,0.0,36.982437,16.316828,2064
18161,r6i1p1f1,2064,09,21,0.0,36.711906,16.510817,2064
18162,r6i1p1f1,2064,09,22,0.0,35.930202,14.929303,2064
18163,r6i1p1f1,2064,09,23,0.014947617819221897,34.162388,13.475323,2064
18164,r6i1p1f1,2064,09,24,0.03983262348276743,32.51922,13.220854,2064
18165,r6i1p1f1,2064,09,25,3.1177124745010247,23.74129,7.0812254,2064
18166,r6i1p1f1,2064,09,26,0.0374330943518308,25.97225,8.272514,2064
18167,r6i1p1f1,2064,09,27,0.0010905565531204595,26.366032,11.766631,2064
18168,r6i1p1f1,2064,09,28,0.0,26.562635,8.7126875,2064
18169,r6i1p1f1,2064,09,29,3.0684494640985105,22.513308,5.2634487,2064
18170,r6i1p1f1,2064,09,30,21.20928425299659,12.466285,4.6406837,2064
18171,r6i1p1f1,2064,10,01,0.13192521177974148,17.808271,2.4174354,2064
18172,r6i1p1f1,2064,10,02,0.0,23.48301,4.9310875,2064
18173,r6i1p1f1,2064,10,03,0.0,25.521248,7.1805983,2064
18174,r6i1p1f1,2064,10,04,0.0,28.168919,9.643139,2064
18175,r6i1p1f1,2064,10,05,0.05917134928535562,29.380754,12.103382,2064
18176,r6i1p1f1,2064,10,06,1.8845507788665867,22.452747,8.103281,2064
18177,r6i1p1f1,2064,10,07,5.090660756392981,22.111015,5.805722,2064
18178,r6i1p1f1,2064,10,08,2.1644540670096255,22.114355,6.304174,2064
18179,r6i1p1f1,2064,10,09,0.35116255599045165,25.664385,8.998082,2064
18180,r6i1p1f1,2064,10,10,0.0,27.461391,10.6230755,2064
18181,r6i1p1f1,2064,10,11,0.0,27.832743,9.219139,2064
18182,r6i1p1f1,2064,10,12,0.0,27.726385,9.5085945,2064
18183,r6i1p1f1,2064,10,13,0.0,27.987364,9.538434,2064
18184,r6i1p1f1,2064,10,14,0.0,26.429285,10.289515,2064
18185,r6i1p1f1,2064,10,15,0.0,25.458206,8.112176,2064
18186,r6i1p1f1,2064,10,16,0.0,26.543633,7.041114,2064
18187,r6i1p1f1,2064,10,17,0.0,27.533209,8.333933,2064
18188,r6i1p1f1,2064,10,18,0.10474634228703333,25.28052,7.0292597,2064
18189,r6i1p1f1,2064,10,19,0.3670576598993864,12.235195,-2.5464096,2064
18190,r6i1p1f1,2064,10,20,0.0,8.0593405,-4.3897233,2064
18191,r6i1p1f1,2064,10,21,0.0,10.995488,-5.9873605,2064
18192,r6i1p1f1,2064,10,22,0.0,14.352391,-0.8489574,2064
18193,r6i1p1f1,2064,10,23,0.0,15.790946,-2.1175828,2064
18194,r6i1p1f1,2064,10,24,0.032594989875944336,15.283422,1.0431435,2064
18195,r6i1p1f1,2064,10,25,0.10071887306261505,18.831724,1.2940385,2064
18196,r6i1p1f1,2064,10,26,0.0,19.300657,4.829506,2064
18197,r6i1p1f1,2064,10,27,0.055908727701174415,18.265987,4.12766,2064
18198,r6i1p1f1,2064,10,28,1.8626531440219758,17.388548,5.0411167,2064
18199,r6i1p1f1,2064,10,29,0.0,14.580484,3.8265245,2064
18200,r6i1p1f1,2064,10,30,0.0,14.865356,1.2090094,2064
18201,r6i1p1f1,2064,10,31,0.0,15.698802,0.9847551,2064
18202,r6i1p1f1,2064,11,01,0.0,19.255146,2.1618154,2064
18203,r6i1p1f1,2064,11,02,0.0,19.141645,2.5909512,2064
18204,r6i1p1f1,2064,11,03,0.0,21.087473,1.1010864,2064
18205,r6i1p1f1,2064,11,04,0.0,21.583334,4.372143,2064
18206,r6i1p1f1,2064,11,05,0.0,23.368013,6.5729947,2064
18207,r6i1p1f1,2064,11,06,0.005673971204309889,25.464085,6.5051084,2064
18208,r6i1p1f1,2064,11,07,0.09349347338294944,25.392345,7.0427275,2064
18209,r6i1p1f1,2064,11,08,0.0,23.608515,6.5739794,2064
18210,r6i1p1f1,2064,11,09,0.0,17.862339,2.4938014,2064
18211,r6i1p1f1,2064,11,10,0.0,15.891916,1.57118,2064
18212,r6i1p1f1,2064,11,11,0.05972487580334468,13.591978,1.2260404,2064
18213,r6i1p1f1,2064,11,12,0.0691042808675031,11.118519,-3.1646369,2064
18214,r6i1p1f1,2064,11,13,0.0,6.1200686,-9.615011,2064
18215,r6i1p1f1,2064,11,14,0.002877313627157745,9.6332445,-4.1779046,2064
18216,r6i1p1f1,2064,11,15,2.0703594506381635,9.582376,0.6602139,2064
18217,r6i1p1f1,2064,11,16,0.765960809470141,10.387279,1.8243425,2064
18218,r6i1p1f1,2064,11,17,0.2002443111097307,12.151766,3.9502532,2064
18219,r6i1p1f1,2064,11,18,0.21621020568942062,10.66207,1.319546,2064
18220,r6i1p1f1,2064,11,19,0.0016072218459070242,11.054179,1.9266028,2064
18221,r6i1p1f1,2064,11,20,0.01915341835273136,11.994076,-1.0407076,2064
18222,r6i1p1f1,2064,11,21,7.129638140442066,7.7227855,-0.822818,2064
18223,r6i1p1f1,2064,11,22,48.8455433253386,8.135234,-2.242381,2064
18224,r6i1p1f1,2064,11,23,1.148750546027248,6.869089,-3.1270444,2064
18225,r6i1p1f1,2064,11,24,8.410029061201056,3.3243206,-2.413536,2064
18226,r6i1p1f1,2064,11,25,22.687752286761135,2.3381996,-4.8271112,2064
18227,r6i1p1f1,2064,11,26,17.55441795727561,2.1429653,-5.388795,2064
18228,r6i1p1f1,2064,11,27,15.289949509228084,5.2344193,-5.6096554,2064
18229,r6i1p1f1,2064,11,28,32.78772241775454,6.17084,-2.1905372,2064
18230,r6i1p1f1,2064,11,29,11.720676576148403,6.7482953,-2.1045754,2064
18231,r6i1p1f1,2064,11,30,3.3078840138220533,6.401004,-2.3253891,2064
18232,r6i1p1f1,2064,12,01,0.17278497160875855,5.6332364,-5.583375,2064
18233,r6i1p1f1,2064,12,02,0.0,6.5008287,-7.4857135,2064
18234,r6i1p1f1,2064,12,03,0.0,9.83677,-3.9664896,2064
18235,r6i1p1f1,2064,12,04,0.0,9.10582,-3.917012,2064
18236,r6i1p1f1,2064,12,05,21.61215300940815,7.088159,-2.3061478,2064
18237,r6i1p1f1,2064,12,06,21.61390564018285,7.0532637,-0.30180502,2064
18238,r6i1p1f1,2064,12,07,80.5079551305142,7.9908404,0.76812345,2064
18239,r6i1p1f1,2064,12,08,32.21961968898338,8.117479,-5.319182,2064
18240,r6i1p1f1,2064,12,09,6.452401108224814,-0.09323847,-7.059832,2064
18241,r6i1p1f1,2064,12,10,31.572467088464457,-0.4322685,-5.960539,2064
18242,r6i1p1f1,2064,12,11,11.474976623513912,0.58336484,-12.300074,2064
18243,r6i1p1f1,2064,12,12,15.098787551479125,-0.8034391,-9.612367,2064
18244,r6i1p1f1,2064,12,13,14.80914130829517,1.8623068,-8.019962,2064
18245,r6i1p1f1,2064,12,14,22.32883030863475,5.927584,-5.133097,2064
18246,r6i1p1f1,2064,12,15,1.296067843529099,2.0808825,-4.558073,2064
18247,r6i1p1f1,2064,12,16,1.1364704307503097,7.4497533,-4.7854424,2064
18248,r6i1p1f1,2064,12,17,0.4466364029344102,12.241149,1.3341318,2064
18249,r6i1p1f1,2064,12,18,2.9223047606449772,11.3210745,2.2307284,2064
18250,r6i1p1f1,2064,12,19,6.08597361388423,9.48349,1.7623867,2064
18251,r6i1p1f1,2064,12,20,3.0079594633085294,6.0041285,-0.93871254,2064
18252,r6i1p1f1,2064,12,21,0.06567780780794501,7.048902,0.12520728,2064
18253,r6i1p1f1,2064,12,22,8.03375226271052,6.8652196,-1.4344187,2064
18254,r6i1p1f1,2064,12,23,17.078883129445707,7.7382255,0.15575722,2064
18255,r6i1p1f1,2064,12,24,18.375743192046027,8.821067,-1.3955559,2064
18256,r6i1p1f1,2064,12,25,1.6851304171106938,5.6913624,-2.377586,2064
18257,r6i1p1f1,2064,12,26,11.127708619442965,5.412911,-1.817395,2064
18258,r6i1p1f1,2064,12,27,27.14183426711371,7.983801,-3.2430043,2064
18259,r6i1p1f1,2064,12,28,34.93397217868452,8.803873,1.7431176,2064
18260,r6i1p1f1,2064,12,29,39.25617287310298,10.138416,-0.85795844,2064
18261,r6i1p1f1,2064,12,30,0.13357446375005555,6.950148,-3.78746,2064
18262,r6i1p1f1,2064,12,31,0.035354274298068894,9.49084,0.33107334,2064
18263,r6i1p1f1,2065,01,01,0.07357936653730024,13.17217,2.0248423,2065
18264,r6i1p1f1,2065,01,02,19.18542214351276,11.406031,3.9568648,2065
18265,r6i1p1f1,2065,01,03,75.00941838131085,10.26703,4.7439623,2065
18266,r6i1p1f1,2065,01,04,8.320348935057115,10.239913,2.7601175,2065
18267,r6i1p1f1,2065,01,05,0.0,14.062563,1.09755,2065
18268,r6i1p1f1,2065,01,06,0.0,15.173126,2.6587842,2065
18269,r6i1p1f1,2065,01,07,0.0,15.107553,4.617205,2065
18270,r6i1p1f1,2065,01,08,0.0,13.79379,1.366907,2065
18271,r6i1p1f1,2065,01,09,0.0,17.76983,3.2759767,2065
18272,r6i1p1f1,2065,01,10,0.0,16.018026,2.5264997,2065
18273,r6i1p1f1,2065,01,11,0.0,11.873949,-1.8372531,2065
18274,r6i1p1f1,2065,01,12,0.0,13.574284,-0.018558275,2065
18275,r6i1p1f1,2065,01,13,0.0,12.896753,-0.5883031,2065
18276,r6i1p1f1,2065,01,14,0.0,11.939414,-1.6541276,2065
18277,r6i1p1f1,2065,01,15,0.0,18.067612,3.2093785,2065
18278,r6i1p1f1,2065,01,16,0.0,18.187147,4.031633,2065
18279,r6i1p1f1,2065,01,17,0.0,16.780231,2.9142861,2065
18280,r6i1p1f1,2065,01,18,0.0,16.23143,3.0755336,2065
18281,r6i1p1f1,2065,01,19,0.0,15.570185,4.0128164,2065
18282,r6i1p1f1,2065,01,20,0.025145156130847043,13.299387,3.607548,2065
18283,r6i1p1f1,2065,01,21,23.100190202682835,10.686418,5.926911,2065
18284,r6i1p1f1,2065,01,22,12.498949847874712,10.016668,0.046558242,2065
18285,r6i1p1f1,2065,01,23,9.315206223208513,7.2455373,-1.0406809,2065
18286,r6i1p1f1,2065,01,24,31.352390084111537,13.489062,1.052971,2065
18287,r6i1p1f1,2065,01,25,6.320542119672809,8.845023,-3.2458262,2065
18288,r6i1p1f1,2065,01,26,16.15185590199234,5.831688,-1.1337035,2065
18289,r6i1p1f1,2065,01,27,21.313225928331992,5.009979,-5.9718804,2065
18290,r6i1p1f1,2065,01,28,1.6707223408696812,2.3615248,-8.560611,2065
18291,r6i1p1f1,2065,01,29,0.0,3.3183062,-8.928238,2065
18292,r6i1p1f1,2065,01,30,3.7989089259858075,0.9904477,-5.2009068,2065
18293,r6i1p1f1,2065,01,31,0.014693860747597072,2.9636965,-6.001377,2065
18294,r6i1p1f1,2065,02,01,0.9706647816078242,1.994614,-5.0658092,2065
18295,r6i1p1f1,2065,02,02,3.633233813837954,5.919253,-2.7293353,2065
18296,r6i1p1f1,2065,02,03,0.0028722184383669267,8.231809,-3.4158773,2065
18297,r6i1p1f1,2065,02,04,0.1420257514178278,6.417969,-0.18201531,2065
18298,r6i1p1f1,2065,02,05,0.0,7.5569077,-5.569964,2065
18299,r6i1p1f1,2065,02,06,3.1407744460470846,5.8317204,-2.3390992,2065
18300,r6i1p1f1,2065,02,07,14.56233499967087,6.3371778,-3.2366843,2065
18301,r6i1p1f1,2065,02,08,29.738465569666324,7.207814,-0.5240231,2065
18302,r6i1p1f1,2065,02,09,3.627141666084063,7.07573,-4.38995,2065
18303,r6i1p1f1,2065,02,10,29.357164979442867,8.692516,0.5037552,2065
18304,r6i1p1f1,2065,02,11,16.442764405541578,9.064201,-1.0943834,2065
18305,r6i1p1f1,2065,02,12,0.07998680456393377,15.718571,2.5057347,2065
18306,r6i1p1f1,2065,02,13,0.03144220261223389,14.991772,2.9499958,2065
18307,r6i1p1f1,2065,02,14,2.6283607993256477,12.804625,2.375214,2065
18308,r6i1p1f1,2065,02,15,0.07325568408560319,16.5618,3.3157876,2065
18309,r6i1p1f1,2065,02,16,0.0059384213868479575,16.741901,2.5947988,2065
18310,r6i1p1f1,2065,02,17,0.0,15.7795315,0.9673675,2065
18311,r6i1p1f1,2065,02,18,0.0,19.201056,3.6540694,2065
18312,r6i1p1f1,2065,02,19,0.0,18.897686,3.5830245,2065
18313,r6i1p1f1,2065,02,20,0.0,13.28676,-2.280818,2065
18314,r6i1p1f1,2065,02,21,0.0,13.920643,-1.5838782,2065
18315,r6i1p1f1,2065,02,22,0.0,12.261376,-3.379803,2065
18316,r6i1p1f1,2065,02,23,0.07853486793140266,1.4221613,-12.0433445,2065
18317,r6i1p1f1,2065,02,24,0.0060613994439466514,1.857218,-12.43582,2065
18318,r6i1p1f1,2065,02,25,0.0,4.0885243,-9.236219,2065
18319,r6i1p1f1,2065,02,26,0.00306332132627305,4.319615,-3.5539849,2065
18320,r6i1p1f1,2065,02,27,0.0,6.5912814,-7.2671604,2065
18321,r6i1p1f1,2065,02,28,0.17394877882704948,5.1270537,-3.9373748,2065
18322,r6i1p1f1,2065,03,01,0.001500047242317701,8.412235,-8.571995,2065
18323,r6i1p1f1,2065,03,02,0.27797010208344697,6.5670495,-2.8106654,2065
18324,r6i1p1f1,2065,03,03,5.872873115463503,4.834563,-6.1137347,2065
18325,r6i1p1f1,2065,03,04,28.46905783035774,8.138099,-4.838908,2065
18326,r6i1p1f1,2065,03,05,10.752241547077949,7.9717436,-0.2177352,2065
18327,r6i1p1f1,2065,03,06,29.414770590106073,11.492073,-5.034807,2065
18328,r6i1p1f1,2065,03,07,1.1984814721441894,12.543318,3.3715599,2065
18329,r6i1p1f1,2065,03,08,2.1114963135449436,11.58401,-0.1466399,2065
18330,r6i1p1f1,2065,03,09,0.00012122629767961134,13.755407,-0.3082728,2065
18331,r6i1p1f1,2065,03,10,0.0,15.335503,-1.1784211,2065
18332,r6i1p1f1,2065,03,11,7.059783247918559,10.325595,-3.276327,2065
18333,r6i1p1f1,2065,03,12,0.8760840893150919,7.855214,-0.94319135,2065
18334,r6i1p1f1,2065,03,13,0.5038483543969929,10.646508,-4.1447067,2065
18335,r6i1p1f1,2065,03,14,26.76877425867817,9.21433,0.30444208,2065
18336,r6i1p1f1,2065,03,15,23.504371623688325,9.968922,-6.611409,2065
18337,r6i1p1f1,2065,03,16,2.8826583480773196,1.2603476,-6.5144277,2065
18338,r6i1p1f1,2065,03,17,2.995333485927295,2.8680499,-7.006014,2065
18339,r6i1p1f1,2065,03,18,0.0,7.4984818,-8.0772,2065
18340,r6i1p1f1,2065,03,19,0.0,11.210462,-3.0007892,2065
18341,r6i1p1f1,2065,03,20,1.0020257628514786,12.308348,-5.1379232,2065
18342,r6i1p1f1,2065,03,21,2.3039759522626584,9.51997,-4.464507,2065
18343,r6i1p1f1,2065,03,22,0.7472747403687462,11.976246,-3.4967706,2065
18344,r6i1p1f1,2065,03,23,11.970409007771872,9.037963,1.0440385,2065
18345,r6i1p1f1,2065,03,24,15.736665007631734,9.680823,-2.5024767,2065
18346,r6i1p1f1,2065,03,25,24.184433960782403,7.6799703,-4.5144267,2065
18347,r6i1p1f1,2065,03,26,1.213642511728806,8.605687,-2.5859041,2065
18348,r6i1p1f1,2065,03,27,1.492984891272787,15.048446,-0.3988065,2065
18349,r6i1p1f1,2065,03,28,3.1374918352822134,12.425448,-0.009658316,2065
18350,r6i1p1f1,2065,03,29,9.134219908741407,11.456754,-2.590194,2065
18351,r6i1p1f1,2065,03,30,7.2371136352360255,14.068907,1.5338819,2065
18352,r6i1p1f1,2065,03,31,0.0,22.48531,2.8061228,2065
18353,r6i1p1f1,2065,04,01,0.0,22.745424,4.971469,2065
18354,r6i1p1f1,2065,04,02,0.0,21.641949,4.7940135,2065
18355,r6i1p1f1,2065,04,03,1.8145856925170296,16.359955,0.8910084,2065
18356,r6i1p1f1,2065,04,04,0.01846467834770533,23.19996,4.5736175,2065
18357,r6i1p1f1,2065,04,05,0.0,24.415657,5.057509,2065
18358,r6i1p1f1,2065,04,06,0.00653622685277059,25.243996,7.85188,2065
18359,r6i1p1f1,2065,04,07,0.0,25.74763,7.969509,2065
18360,r6i1p1f1,2065,04,08,0.0,25.09111,5.9538355,2065
18361,r6i1p1f1,2065,04,09,0.0,21.458418,3.6489673,2065
18362,r6i1p1f1,2065,04,10,0.0,21.185394,3.7355661,2065
18363,r6i1p1f1,2065,04,11,0.0,20.232834,3.359516,2065
18364,r6i1p1f1,2065,04,12,0.0,21.54175,2.4359603,2065
18365,r6i1p1f1,2065,04,13,0.0,22.007187,4.161002,2065
18366,r6i1p1f1,2065,04,14,6.185343614381277,17.817364,2.4844215,2065
18367,r6i1p1f1,2065,04,15,9.018928854829806,9.670656,2.757357,2065
18368,r6i1p1f1,2065,04,16,1.234193763339794,12.54839,1.1427717,2065
18369,r6i1p1f1,2065,04,17,0.0,20.426987,1.1104685,2065
18370,r6i1p1f1,2065,04,18,0.0,25.312828,5.0609207,2065
18371,r6i1p1f1,2065,04,19,0.0,27.643063,7.6848474,2065
18372,r6i1p1f1,2065,04,20,0.0,28.45632,7.897913,2065
18373,r6i1p1f1,2065,04,21,0.0,28.70888,8.793325,2065
18374,r6i1p1f1,2065,04,22,0.0,28.680601,9.975128,2065
18375,r6i1p1f1,2065,04,23,3.6765682172065723,27.257708,8.471376,2065
18376,r6i1p1f1,2065,04,24,0.39498962823825207,21.528421,4.071025,2065
18377,r6i1p1f1,2065,04,25,0.13685895981282525,21.814491,3.814113,2065
18378,r6i1p1f1,2065,04,26,0.10311905566367202,19.577576,2.853903,2065
18379,r6i1p1f1,2065,04,27,0.0,18.451546,1.3364587,2065
18380,r6i1p1f1,2065,04,28,0.0,20.959343,2.6566157,2065
18381,r6i1p1f1,2065,04,29,0.0,20.99638,2.8529217,2065
18382,r6i1p1f1,2065,04,30,0.9694679683410939,16.840637,1.0066897,2065
18383,r6i1p1f1,2065,05,01,0.046655447325481915,17.974062,4.5142384,2065
18384,r6i1p1f1,2065,05,02,0.23029401647591052,16.871786,5.819689,2065
18385,r6i1p1f1,2065,05,03,2.8542552284372644,11.819725,-4.9218936,2065
18386,r6i1p1f1,2065,05,04,2.391254211993471,12.2936535,-1.0038433,2065
18387,r6i1p1f1,2065,05,05,1.09690009454821,14.506462,0.06303925,2065
18388,r6i1p1f1,2065,05,06,2.3270238302313397,11.9421,0.024337076,2065
18389,r6i1p1f1,2065,05,07,0.0,18.13432,-0.39781943,2065
18390,r6i1p1f1,2065,05,08,0.0027296610138235183,18.413359,4.2987404,2065
18391,r6i1p1f1,2065,05,09,0.19596859054053628,13.483072,2.0992353,2065
18392,r6i1p1f1,2065,05,10,0.7565088065755523,12.084375,-0.0014193528,2065
18393,r6i1p1f1,2065,05,11,0.5254811240933825,17.356808,0.11637481,2065
18394,r6i1p1f1,2065,05,12,1.452529077962492,15.391501,2.9945583,2065
18395,r6i1p1f1,2065,05,13,0.13314744274093596,18.94139,4.091103,2065
18396,r6i1p1f1,2065,05,14,0.0011401703164458299,18.250858,2.7722406,2065
18397,r6i1p1f1,2065,05,15,0.5406709916181189,19.566008,2.0196252,2065
18398,r6i1p1f1,2065,05,16,0.0,23.440771,4.139377,2065
18399,r6i1p1f1,2065,05,17,0.0,24.063082,4.4858193,2065
18400,r6i1p1f1,2065,05,18,0.028588170019897545,24.097162,7.22333,2065
18401,r6i1p1f1,2065,05,19,2.820186925529505,26.034184,7.4031277,2065
18402,r6i1p1f1,2065,05,20,0.0,30.634077,10.108348,2065
18403,r6i1p1f1,2065,05,21,0.0,31.656279,12.6806,2065
18404,r6i1p1f1,2065,05,22,0.8630113387283138,31.396685,11.400118,2065
18405,r6i1p1f1,2065,05,23,0.34959805796306714,31.38646,13.403024,2065
18406,r6i1p1f1,2065,05,24,3.219127104379011,25.655386,7.1619296,2065
18407,r6i1p1f1,2065,05,25,6.802075544663566,21.823486,4.540096,2065
18408,r6i1p1f1,2065,05,26,3.67939751654563,26.25506,8.354639,2065
18409,r6i1p1f1,2065,05,27,0.7786456068139205,26.92611,8.751156,2065
18410,r6i1p1f1,2065,05,28,21.187255449934288,20.574663,5.225025,2065
18411,r6i1p1f1,2065,05,29,1.588993870176732,24.91828,9.011081,2065
18412,r6i1p1f1,2065,05,30,1.7247759082230412,27.521126,11.376808,2065
18413,r6i1p1f1,2065,05,31,0.006311160992862849,30.564562,12.161392,2065
18414,r6i1p1f1,2065,06,01,0.0,31.317627,11.345977,2065
18415,r6i1p1f1,2065,06,02,0.0,30.663155,11.707046,2065
18416,r6i1p1f1,2065,06,03,0.0,32.524963,12.553008,2065
18417,r6i1p1f1,2065,06,04,0.0,33.43109,15.0956545,2065
18418,r6i1p1f1,2065,06,05,0.0,27.948843,9.259091,2065
18419,r6i1p1f1,2065,06,06,0.0,23.099892,5.277826,2065
18420,r6i1p1f1,2065,06,07,0.0,21.121084,3.9526088,2065
18421,r6i1p1f1,2065,06,08,0.0,20.869017,2.5686634,2065
18422,r6i1p1f1,2065,06,09,0.002038706290520198,22.890453,5.6831236,2065
18423,r6i1p1f1,2065,06,10,0.0,21.683928,3.8087726,2065
18424,r6i1p1f1,2065,06,11,0.003025559261418831,19.723364,3.0075984,2065
18425,r6i1p1f1,2065,06,12,0.0,23.436436,7.9796867,2065
18426,r6i1p1f1,2065,06,13,0.0,26.22165,7.719848,2065
18427,r6i1p1f1,2065,06,14,0.4096553103680681,23.900103,7.9293556,2065
18428,r6i1p1f1,2065,06,15,0.0,23.141314,4.691032,2065
18429,r6i1p1f1,2065,06,16,0.0,24.800695,6.9675455,2065
18430,r6i1p1f1,2065,06,17,1.1880142435213497,21.477345,4.0685062,2065
18431,r6i1p1f1,2065,06,18,0.013659616144493975,21.621033,2.3197849,2065
18432,r6i1p1f1,2065,06,19,0.0,21.82084,3.764152,2065
18433,r6i1p1f1,2065,06,20,0.11786556841609208,17.332325,3.7315607,2065
18434,r6i1p1f1,2065,06,21,0.0022087617424526515,19.59119,7.386224,2065
18435,r6i1p1f1,2065,06,22,0.0985198905264183,25.613985,4.81005,2065
18436,r6i1p1f1,2065,06,23,0.0,30.834854,10.849125,2065
18437,r6i1p1f1,2065,06,24,0.0019534700127036763,31.47713,12.854721,2065
18438,r6i1p1f1,2065,06,25,0.0,26.712652,7.872978,2065
18439,r6i1p1f1,2065,06,26,0.0,27.981213,6.2666545,2065
18440,r6i1p1f1,2065,06,27,0.0,29.849218,11.049352,2065
18441,r6i1p1f1,2065,06,28,0.0,32.796417,13.433416,2065
18442,r6i1p1f1,2065,06,29,0.029241545594987754,33.33223,14.440183,2065
18443,r6i1p1f1,2065,06,30,0.0,33.846485,15.114513,2065
18444,r6i1p1f1,2065,07,01,0.002429751962404456,35.05096,13.54967,2065
18445,r6i1p1f1,2065,07,02,0.6061233960980256,35.25259,14.305756,2065
18446,r6i1p1f1,2065,07,03,0.08534978396569388,35.914906,15.237914,2065
18447,r6i1p1f1,2065,07,04,0.6595030147179413,35.97818,15.640144,2065
18448,r6i1p1f1,2065,07,05,0.0867410548573072,34.45332,14.62846,2065
18449,r6i1p1f1,2065,07,06,1.6407639164211099,33.77613,13.327515,2065
18450,r6i1p1f1,2065,07,07,3.6608065913130368,28.285864,9.083025,2065
18451,r6i1p1f1,2065,07,08,0.00681489468036672,29.829025,11.3717985,2065
18452,r6i1p1f1,2065,07,09,0.799570558281767,28.82245,11.716091,2065
18453,r6i1p1f1,2065,07,10,0.010156785986800133,25.02006,8.666037,2065
18454,r6i1p1f1,2065,07,11,0.0,26.451023,8.567462,2065
18455,r6i1p1f1,2065,07,12,1.1834366787141244,26.174845,9.688922,2065
18456,r6i1p1f1,2065,07,13,0.0,28.39395,8.338728,2065
18457,r6i1p1f1,2065,07,14,0.0,32.797966,11.631819,2065
18458,r6i1p1f1,2065,07,15,0.0,33.21738,13.638425,2065
18459,r6i1p1f1,2065,07,16,0.0,33.450253,14.510458,2065
18460,r6i1p1f1,2065,07,17,0.0962885074666328,32.82954,13.143255,2065
18461,r6i1p1f1,2065,07,18,0.0,32.44639,13.067706,2065
18462,r6i1p1f1,2065,07,19,0.0,31.60807,12.128498,2065
18463,r6i1p1f1,2065,07,20,0.0,31.454361,11.633736,2065
18464,r6i1p1f1,2065,07,21,0.0,31.428677,11.502954,2065
18465,r6i1p1f1,2065,07,22,0.0,31.121973,11.679014,2065
18466,r6i1p1f1,2065,07,23,0.0,31.819902,12.412668,2065
18467,r6i1p1f1,2065,07,24,0.0,32.961372,13.134547,2065
18468,r6i1p1f1,2065,07,25,0.0,32.454742,13.368672,2065
18469,r6i1p1f1,2065,07,26,0.0,32.658245,13.141178,2065
18470,r6i1p1f1,2065,07,27,0.0,34.641735,14.119949,2065
18471,r6i1p1f1,2065,07,28,0.0,35.286842,14.460582,2065
18472,r6i1p1f1,2065,07,29,0.07479460452658412,34.675896,14.103328,2065
18473,r6i1p1f1,2065,07,30,0.0,32.897434,12.352627,2065
18474,r6i1p1f1,2065,07,31,0.0,33.141148,12.838314,2065
18475,r6i1p1f1,2065,08,01,0.0,33.83814,13.068578,2065
18476,r6i1p1f1,2065,08,02,0.0,34.213135,13.38158,2065
18477,r6i1p1f1,2065,08,03,0.0,36.28058,14.82122,2065
18478,r6i1p1f1,2065,08,04,0.0,36.687603,15.930048,2065
18479,r6i1p1f1,2065,08,05,0.41012378973681324,36.690773,14.849853,2065
18480,r6i1p1f1,2065,08,06,0.0,35.805855,13.93373,2065
18481,r6i1p1f1,2065,08,07,0.0,34.104733,13.786573,2065
18482,r6i1p1f1,2065,08,08,0.0,33.2392,13.64902,2065
18483,r6i1p1f1,2065,08,09,0.0,33.29783,13.116832,2065
18484,r6i1p1f1,2065,08,10,0.0,32.878002,11.877877,2065
18485,r6i1p1f1,2065,08,11,0.0,28.283918,9.095272,2065
18486,r6i1p1f1,2065,08,12,0.0,29.305231,9.451649,2065
18487,r6i1p1f1,2065,08,13,0.0,29.665602,9.702364,2065
18488,r6i1p1f1,2065,08,14,0.008274175661208107,29.059895,9.773601,2065
18489,r6i1p1f1,2065,08,15,0.5931724599146452,26.785812,8.006937,2065
18490,r6i1p1f1,2065,08,16,0.506169838411905,20.026628,3.0610757,2065
18491,r6i1p1f1,2065,08,17,0.0,25.002485,4.957269,2065
18492,r6i1p1f1,2065,08,18,0.0,28.241299,7.679057,2065
18493,r6i1p1f1,2065,08,19,0.0,28.17241,9.326456,2065
18494,r6i1p1f1,2065,08,20,0.0,27.958208,9.101008,2065
18495,r6i1p1f1,2065,08,21,0.0,28.24378,8.176252,2065
18496,r6i1p1f1,2065,08,22,0.0,26.788519,7.2555513,2065
18497,r6i1p1f1,2065,08,23,0.0003886954999020605,25.434793,6.94242,2065
18498,r6i1p1f1,2065,08,24,0.0,23.698895,5.2060146,2065
18499,r6i1p1f1,2065,08,25,0.0016349258848562048,26.97827,7.643426,2065
18500,r6i1p1f1,2065,08,26,0.0,31.23167,10.071189,2065
18501,r6i1p1f1,2065,08,27,0.0,32.48589,11.820889,2065
18502,r6i1p1f1,2065,08,28,0.0,32.757336,12.447469,2065
18503,r6i1p1f1,2065,08,29,0.0,33.360004,12.687542,2065
18504,r6i1p1f1,2065,08,30,0.0,33.934372,11.902916,2065
18505,r6i1p1f1,2065,08,31,0.0,32.890778,10.886558,2065
18506,r6i1p1f1,2065,09,01,0.0,29.964815,10.5935335,2065
18507,r6i1p1f1,2065,09,02,0.0,28.84489,9.3764925,2065
18508,r6i1p1f1,2065,09,03,0.16233443821723795,28.685734,9.267939,2065
18509,r6i1p1f1,2065,09,04,10.730493361011623,25.58783,7.806622,2065
18510,r6i1p1f1,2065,09,05,1.3627419553587974,27.343557,10.197247,2065
18511,r6i1p1f1,2065,09,06,0.016516430557331267,27.776175,10.486031,2065
18512,r6i1p1f1,2065,09,07,7.48006109721194e-05,28.92447,11.630706,2065
18513,r6i1p1f1,2065,09,08,0.0011061176448365557,30.590094,11.5110035,2065
18514,r6i1p1f1,2065,09,09,0.0,29.296272,9.702411,2065
18515,r6i1p1f1,2065,09,10,0.0,27.880945,7.41523,2065
18516,r6i1p1f1,2065,09,11,0.0,24.776152,7.026185,2065
18517,r6i1p1f1,2065,09,12,0.0245894436818562,24.95154,6.9316697,2065
18518,r6i1p1f1,2065,09,13,2.3741151690859295,21.500978,4.9553003,2065
18519,r6i1p1f1,2065,09,14,1.1163326847101942,21.713476,4.9092164,2065
18520,r6i1p1f1,2065,09,15,0.05018687763293892,23.956343,6.808338,2065
18521,r6i1p1f1,2065,09,16,0.0,23.877419,5.225264,2065
18522,r6i1p1f1,2065,09,17,0.0,24.321465,2.6813848,2065
18523,r6i1p1f1,2065,09,18,2.1497656602108193,21.67688,2.6597183,2065
18524,r6i1p1f1,2065,09,19,13.982220075050993,15.06716,4.3225584,2065
18525,r6i1p1f1,2065,09,20,0.3433331943889928,21.287247,2.4528112,2065
18526,r6i1p1f1,2065,09,21,0.0,25.280882,7.67714,2065
18527,r6i1p1f1,2065,09,22,5.822179599662834,21.321474,3.79523,2065
18528,r6i1p1f1,2065,09,23,25.650133478506906,14.740699,2.0073576,2065
18529,r6i1p1f1,2065,09,24,1.7948768404389819,19.08975,3.3297217,2065
18530,r6i1p1f1,2065,09,25,0.0742710535519048,23.864632,6.3735514,2065
18531,r6i1p1f1,2065,09,26,0.0,27.327948,8.831747,2065
18532,r6i1p1f1,2065,09,27,0.0,27.838705,8.759781,2065
18533,r6i1p1f1,2065,09,28,0.0,27.903357,9.569986,2065
18534,r6i1p1f1,2065,09,29,0.0,25.235458,8.156488,2065
18535,r6i1p1f1,2065,09,30,0.0,27.602987,8.751701,2065
18536,r6i1p1f1,2065,10,01,0.0,30.926153,10.416115,2065
18537,r6i1p1f1,2065,10,02,0.0,32.282787,11.272087,2065
18538,r6i1p1f1,2065,10,03,0.0,31.730375,12.549296,2065
18539,r6i1p1f1,2065,10,04,0.0,31.609676,10.976103,2065
18540,r6i1p1f1,2065,10,05,0.0,31.494446,10.907257,2065
18541,r6i1p1f1,2065,10,06,0.0,31.771503,10.705133,2065
18542,r6i1p1f1,2065,10,07,0.0,31.998991,11.739615,2065
18543,r6i1p1f1,2065,10,08,0.0,30.50658,11.130303,2065
18544,r6i1p1f1,2065,10,09,0.0,30.554348,11.009483,2065
18545,r6i1p1f1,2065,10,10,0.0,30.971628,10.931571,2065
18546,r6i1p1f1,2065,10,11,0.00012954395708146657,28.886103,7.7678013,2065
18547,r6i1p1f1,2065,10,12,0.0,24.840029,7.2842307,2065
18548,r6i1p1f1,2065,10,13,0.0,22.64989,2.8456228,2065
18549,r6i1p1f1,2065,10,14,0.0,22.684309,2.3714805,2065
18550,r6i1p1f1,2065,10,15,0.0,23.22831,2.9026752,2065
18551,r6i1p1f1,2065,10,16,0.0,21.138943,1.2215713,2065
18552,r6i1p1f1,2065,10,17,0.0,20.26711,-0.62082475,2065
18553,r6i1p1f1,2065,10,18,0.0,18.676563,0.09311592,2065
18554,r6i1p1f1,2065,10,19,0.10076028515496661,19.027546,0.357942,2065
18555,r6i1p1f1,2065,10,20,0.0,20.058895,1.6288176,2065
18556,r6i1p1f1,2065,10,21,0.0,21.832998,3.107428,2065
18557,r6i1p1f1,2065,10,22,0.0,22.204052,3.2743309,2065
18558,r6i1p1f1,2065,10,23,0.0,23.927103,4.3741264,2065
18559,r6i1p1f1,2065,10,24,0.0,24.870739,4.8133645,2065
18560,r6i1p1f1,2065,10,25,0.0,24.33689,5.5460215,2065
18561,r6i1p1f1,2065,10,26,0.0,22.79808,2.532498,2065
18562,r6i1p1f1,2065,10,27,0.34948909012265256,8.879145,-3.9718018,2065
18563,r6i1p1f1,2065,10,28,0.09415635537348796,9.786152,-6.1879253,2065
18564,r6i1p1f1,2065,10,29,0.0,11.99204,-5.480506,2065
18565,r6i1p1f1,2065,10,30,0.0036155777557830377,13.109504,-1.698683,2065
18566,r6i1p1f1,2065,10,31,0.0,18.848783,-0.31578448,2065
18567,r6i1p1f1,2065,11,01,0.0,18.656164,2.5676246,2065
18568,r6i1p1f1,2065,11,02,0.0,18.997202,2.6945126,2065
18569,r6i1p1f1,2065,11,03,7.831453114925813,17.310976,0.49332598,2065
18570,r6i1p1f1,2065,11,04,29.67693187700173,9.56028,2.35282,2065
18571,r6i1p1f1,2065,11,05,2.073304724791165,10.946658,3.1099904,2065
18572,r6i1p1f1,2065,11,06,0.0,15.004735,0.11768728,2065
18573,r6i1p1f1,2065,11,07,0.0,16.58505,0.39669368,2065
18574,r6i1p1f1,2065,11,08,0.0,16.427544,1.2969627,2065
18575,r6i1p1f1,2065,11,09,0.030508422901864993,13.663808,2.8487904,2065
18576,r6i1p1f1,2065,11,10,0.2131059368072459,14.435258,0.6743647,2065
18577,r6i1p1f1,2065,11,11,1.746537618064438,14.250063,-2.1333725,2065
18578,r6i1p1f1,2065,11,12,0.17490987747402312,6.161528,-4.7549567,2065
18579,r6i1p1f1,2065,11,13,0.0,7.468183,-5.9538484,2065
18580,r6i1p1f1,2065,11,14,0.0,6.858549,-7.685886,2065
18581,r6i1p1f1,2065,11,15,0.0,9.514266,-7.29718,2065
18582,r6i1p1f1,2065,11,16,7.509622173577961e-05,9.7855015,-5.18391,2065
18583,r6i1p1f1,2065,11,17,0.014400946663046492,8.494657,-3.2307317,2065
18584,r6i1p1f1,2065,11,18,0.0,12.586708,-6.6159735,2065
18585,r6i1p1f1,2065,11,19,0.37866687331117616,11.124342,-5.4568934,2065
18586,r6i1p1f1,2065,11,20,28.479100336881434,3.9836118,-4.142763,2065
18587,r6i1p1f1,2065,11,21,11.290499723397422,3.8127797,-4.3634458,2065
18588,r6i1p1f1,2065,11,22,29.85742815633572,7.9473453,-5.7828717,2065
18589,r6i1p1f1,2065,11,23,2.252536272688027,4.544615,-5.4490924,2065
18590,r6i1p1f1,2065,11,24,5.062821105402234,1.7982218,-6.207986,2065
18591,r6i1p1f1,2065,11,25,5.620575445005235,1.7683891,-4.4443574,2065
18592,r6i1p1f1,2065,11,26,4.667312040925183,3.5929232,-8.5134735,2065
18593,r6i1p1f1,2065,11,27,17.419111170960424,5.4115906,-2.665714,2065
18594,r6i1p1f1,2065,11,28,19.14488156108342,4.335498,-9.075344,2065
18595,r6i1p1f1,2065,11,29,0.005060711379544475,3.7441652,-13.224201,2065
18596,r6i1p1f1,2065,11,30,21.703647248212867,4.782132,-4.654351,2065
18597,r6i1p1f1,2065,12,01,8.442721827069649,1.7411435,-7.0419865,2065
18598,r6i1p1f1,2065,12,02,9.17863145793394,4.6323986,-5.269227,2065
18599,r6i1p1f1,2065,12,03,16.377952181843373,6.3435173,-2.5773082,2065
18600,r6i1p1f1,2065,12,04,0.3979870874960283,5.3468795,-1.716314,2065
18601,r6i1p1f1,2065,12,05,0.0,13.242791,0.44229248,2065
18602,r6i1p1f1,2065,12,06,0.0,15.378501,3.0335314,2065
18603,r6i1p1f1,2065,12,07,0.0,15.037881,3.3480504,2065
18604,r6i1p1f1,2065,12,08,0.20491621329645915,12.905871,5.6175995,2065
18605,r6i1p1f1,2065,12,09,0.0,13.122566,0.11287519,2065
18606,r6i1p1f1,2065,12,10,0.0,11.921283,-1.2315834,2065
18607,r6i1p1f1,2065,12,11,0.0,11.75719,-1.1452097,2065
18608,r6i1p1f1,2065,12,12,0.0,15.191009,2.1415982,2065
18609,r6i1p1f1,2065,12,13,2.2765738967365725,13.055522,2.1696577,2065
18610,r6i1p1f1,2065,12,14,4.125677584609819,11.630963,6.306912,2065
18611,r6i1p1f1,2065,12,15,0.015353013489153286,15.735764,5.5795875,2065
18612,r6i1p1f1,2065,12,16,2.799798179520311,15.799713,4.9683466,2065
18613,r6i1p1f1,2065,12,17,0.675400613094689,15.538127,6.136764,2065
18614,r6i1p1f1,2065,12,18,0.0,14.58798,1.8495468,2065
18615,r6i1p1f1,2065,12,19,0.0,14.6121,-0.17801341,2065
18616,r6i1p1f1,2065,12,20,0.0,15.972952,2.0909169,2065
18617,r6i1p1f1,2065,12,21,0.0,17.40557,3.0012536,2065
18618,r6i1p1f1,2065,12,22,0.0,18.361492,4.4508696,2065
18619,r6i1p1f1,2065,12,23,0.0,16.694407,3.4916265,2065
18620,r6i1p1f1,2065,12,24,0.0,15.867577,2.4219084,2065
18621,r6i1p1f1,2065,12,25,0.0,14.653071,2.4920952,2065
18622,r6i1p1f1,2065,12,26,3.2707502568165774,11.201093,5.4244595,2065
18623,r6i1p1f1,2065,12,27,0.007843058935243622,14.163899,5.3627424,2065
18624,r6i1p1f1,2065,12,28,0.0,14.259656,6.284547,2065
18625,r6i1p1f1,2065,12,29,0.06135148180547093,15.374048,4.2038965,2065
18626,r6i1p1f1,2065,12,30,0.0,15.551066,1.2747561,2065
18627,r6i1p1f1,2065,12,31,0.0,13.649628,0.65167785,2065
18628,r6i1p1f1,2066,01,01,0.0,11.411511,-3.0555453,2066
18629,r6i1p1f1,2066,01,02,0.0,8.82411,-2.2305174,2066
18630,r6i1p1f1,2066,01,03,0.0,9.224446,-4.493108,2066
18631,r6i1p1f1,2066,01,04,0.0,13.300571,-1.4585369,2066
18632,r6i1p1f1,2066,01,05,0.0,12.07624,-2.064957,2066
18633,r6i1p1f1,2066,01,06,0.0,9.804305,-3.8714616,2066
18634,r6i1p1f1,2066,01,07,0.0,11.870367,-2.4101965,2066
18635,r6i1p1f1,2066,01,08,0.0,11.273237,-2.9224296,2066
18636,r6i1p1f1,2066,01,09,0.0,15.888387,1.480301,2066
18637,r6i1p1f1,2066,01,10,0.0,12.767589,-1.3864721,2066
18638,r6i1p1f1,2066,01,11,0.0,7.6974354,-4.678877,2066
18639,r6i1p1f1,2066,01,12,11.94354944859291,8.783535,-1.3216499,2066
18640,r6i1p1f1,2066,01,13,18.40865328084675,7.2829914,0.38683635,2066
18641,r6i1p1f1,2066,01,14,0.008956917940764895,8.631735,0.72146803,2066
18642,r6i1p1f1,2066,01,15,0.0014877982637277526,8.116864,1.4586309,2066
18643,r6i1p1f1,2066,01,16,12.421956797013307,5.809615,-2.8775928,2066
18644,r6i1p1f1,2066,01,17,9.753844483670768,9.943286,-0.18751967,2066
18645,r6i1p1f1,2066,01,18,4.011051637468445,6.6263947,-0.5185004,2066
18646,r6i1p1f1,2066,01,19,1.9494938448221066,7.7064967,1.7950093,2066
18647,r6i1p1f1,2066,01,20,1.9376007944722082,10.412532,2.6695,2066
18648,r6i1p1f1,2066,01,21,24.953411391399026,9.075833,2.0753813,2066
18649,r6i1p1f1,2066,01,22,0.9551552404284444,10.895391,1.3957273,2066
18650,r6i1p1f1,2066,01,23,0.027482306795193624,10.2472105,1.2729104,2066
18651,r6i1p1f1,2066,01,24,4.655232981022959,6.908584,-3.2606573,2066
18652,r6i1p1f1,2066,01,25,30.492071976890582,6.6498756,-0.5872033,2066
18653,r6i1p1f1,2066,01,26,50.77794700498727,8.97129,-1.0965544,2066
18654,r6i1p1f1,2066,01,27,0.16125105465341782,8.074717,-3.22844,2066
18655,r6i1p1f1,2066,01,28,4.3168993095864,8.184301,-0.6001366,2066
18656,r6i1p1f1,2066,01,29,12.804155166649297,14.901848,3.04343,2066
18657,r6i1p1f1,2066,01,30,19.40791022333528,11.437853,-2.4773622,2066
18658,r6i1p1f1,2066,01,31,4.486626450494018,5.8540606,0.09995546,2066
18659,r6i1p1f1,2066,02,01,11.70981071718853,7.2253447,0.98771065,2066
18660,r6i1p1f1,2066,02,02,2.6938010387228197,6.291292,-7.214267,2066
18661,r6i1p1f1,2066,02,03,0.23070737871742392,2.1576798,-9.931958,2066
18662,r6i1p1f1,2066,02,04,0.0,2.7262332,-10.210376,2066
18663,r6i1p1f1,2066,02,05,0.0,2.4605193,-10.475745,2066
18664,r6i1p1f1,2066,02,06,0.0,2.6351335,-10.805364,2066
18665,r6i1p1f1,2066,02,07,7.561194216990559,0.9901783,-9.304304,2066
18666,r6i1p1f1,2066,02,08,10.31822829805034,7.381899,-8.049875,2066
18667,r6i1p1f1,2066,02,09,31.19565318674877,9.360801,0.18443573,2066
18668,r6i1p1f1,2066,02,10,24.795319797642552,7.6325254,0.2382459,2066
18669,r6i1p1f1,2066,02,11,0.5542735139098409,4.245603,-4.46847,2066
18670,r6i1p1f1,2066,02,12,0.6005823681698336,2.9141746,-5.792239,2066
18671,r6i1p1f1,2066,02,13,35.59392241449968,10.360419,-2.8804533,2066
18672,r6i1p1f1,2066,02,14,31.233288792102837,8.554767,-1.3818756,2066
18673,r6i1p1f1,2066,02,15,0.002285979181938252,9.227776,-4.355673,2066
18674,r6i1p1f1,2066,02,16,9.835572202172711,7.987968,0.06297805,2066
18675,r6i1p1f1,2066,02,17,0.009358000045103485,7.785597,-0.1492912,2066
18676,r6i1p1f1,2066,02,18,0.00013864223564002327,14.215534,-0.77240604,2066
18677,r6i1p1f1,2066,02,19,54.06138254695421,12.596719,3.4116404,2066
18678,r6i1p1f1,2066,02,20,20.25982445766743,10.239204,0.9330036,2066
18679,r6i1p1f1,2066,02,21,38.626798406262424,10.790355,-0.022889227,2066
18680,r6i1p1f1,2066,02,22,5.640914749604968,9.294628,0.7854974,2066
18681,r6i1p1f1,2066,02,23,19.248282461633757,9.011424,-3.0483146,2066
18682,r6i1p1f1,2066,02,24,8.487976751001588,9.767121,-0.3372922,2066
18683,r6i1p1f1,2066,02,25,0.07319654628295132,12.487538,-0.50319844,2066
18684,r6i1p1f1,2066,02,26,5.6374605803977005,10.1845455,-3.0143874,2066
18685,r6i1p1f1,2066,02,27,35.0083531642925,9.517252,0.76834404,2066
18686,r6i1p1f1,2066,02,28,49.167108618101196,10.915217,3.993379,2066
18687,r6i1p1f1,2066,03,01,33.15618158440553,9.089117,-0.36902738,2066
18688,r6i1p1f1,2066,03,02,28.605393957333487,7.827346,-0.78200847,2066
18689,r6i1p1f1,2066,03,03,6.731378132400241,8.261856,-4.1106334,2066
18690,r6i1p1f1,2066,03,04,0.03029596385037326,6.0065374,-8.627909,2066
18691,r6i1p1f1,2066,03,05,0.0,9.364812,-5.90551,2066
18692,r6i1p1f1,2066,03,06,0.0,10.765916,-3.532561,2066
18693,r6i1p1f1,2066,03,07,0.0,13.063705,-1.1628572,2066
18694,r6i1p1f1,2066,03,08,0.0,19.880608,2.8796198,2066
18695,r6i1p1f1,2066,03,09,0.0,19.830793,3.182534,2066
18696,r6i1p1f1,2066,03,10,0.0,17.867235,1.7713385,2066
18697,r6i1p1f1,2066,03,11,0.0,16.016182,-2.1674578,2066
18698,r6i1p1f1,2066,03,12,0.15400174227291297,13.750676,-1.6611062,2066
18699,r6i1p1f1,2066,03,13,6.5430792111646054,4.3131514,-2.6107175,2066
18700,r6i1p1f1,2066,03,14,0.507902078717342,3.6835463,-7.289878,2066
18701,r6i1p1f1,2066,03,15,0.0,5.4309883,-8.976162,2066
18702,r6i1p1f1,2066,03,16,0.6060899536052937,6.1182523,-7.8945584,2066
18703,r6i1p1f1,2066,03,17,0.0,11.236895,-0.45143592,2066
18704,r6i1p1f1,2066,03,18,0.0,16.064024,-0.7393429,2066
18705,r6i1p1f1,2066,03,19,0.0,21.458069,2.2561226,2066
18706,r6i1p1f1,2066,03,20,0.0,20.631247,3.155681,2066
18707,r6i1p1f1,2066,03,21,0.0,16.123865,0.9540436,2066
18708,r6i1p1f1,2066,03,22,0.0,17.154604,-1.000116,2066
18709,r6i1p1f1,2066,03,23,0.006013142839990026,14.862174,-0.42219222,2066
18710,r6i1p1f1,2066,03,24,15.240599185625943,9.439901,-0.5543413,2066
18711,r6i1p1f1,2066,03,25,0.2084771674492981,13.275951,-2.4952462,2066
18712,r6i1p1f1,2066,03,26,43.133494572018094,9.093586,0.085534915,2066
18713,r6i1p1f1,2066,03,27,4.3429898697292675,9.984168,-0.43191558,2066
18714,r6i1p1f1,2066,03,28,0.0,18.991512,-0.7044298,2066
18715,r6i1p1f1,2066,03,29,3.743608274144653,16.142685,0.09857282,2066
18716,r6i1p1f1,2066,03,30,12.23607970709436,9.407496,-2.097,2066
18717,r6i1p1f1,2066,03,31,1.023647938760922,8.246902,-3.128605,2066
18718,r6i1p1f1,2066,04,01,0.0,11.836071,-4.288891,2066
18719,r6i1p1f1,2066,04,02,0.00047140640249505205,12.588135,2.2103364,2066
18720,r6i1p1f1,2066,04,03,0.0,14.492337,-3.0445697,2066
18721,r6i1p1f1,2066,04,04,0.0,15.619607,0.26405752,2066
18722,r6i1p1f1,2066,04,05,0.14745356287523623,14.77306,-1.1174421,2066
18723,r6i1p1f1,2066,04,06,10.976983359839938,9.323683,-5.4853554,2066
18724,r6i1p1f1,2066,04,07,0.05259882736462612,13.292909,0.0137834735,2066
18725,r6i1p1f1,2066,04,08,0.0,12.457768,2.9623797,2066
18726,r6i1p1f1,2066,04,09,1.880185322195131,8.12524,-1.5771109,2066
18727,r6i1p1f1,2066,04,10,2.1425246607724038,8.219779,-0.3662789,2066
18728,r6i1p1f1,2066,04,11,0.13629909276341146,11.776076,-2.018086,2066
18729,r6i1p1f1,2066,04,12,0.0,16.233465,-1.185276,2066
18730,r6i1p1f1,2066,04,13,0.7775380526773263,15.247395,-0.12176928,2066
18731,r6i1p1f1,2066,04,14,0.019020320866366774,14.617088,-0.8868256,2066
18732,r6i1p1f1,2066,04,15,3.560340051000845,9.512295,0.98169065,2066
18733,r6i1p1f1,2066,04,16,0.4182633841774583,12.31001,3.0843034,2066
18734,r6i1p1f1,2066,04,17,4.176713965296003,10.286569,2.3135366,2066
18735,r6i1p1f1,2066,04,18,3.2998886061300787,13.838799,-2.3115833,2066
18736,r6i1p1f1,2066,04,19,0.0,17.335363,0.44412944,2066
18737,r6i1p1f1,2066,04,20,13.371634665769887,10.611016,2.3168707,2066
18738,r6i1p1f1,2066,04,21,23.261881647605705,10.464389,-3.7605999,2066
18739,r6i1p1f1,2066,04,22,7.106684714679778,9.080911,-5.751137,2066
18740,r6i1p1f1,2066,04,23,8.802458740910028,5.2841783,-3.224924,2066
18741,r6i1p1f1,2066,04,24,0.0045834032366177365,12.423641,-3.4510856,2066
18742,r6i1p1f1,2066,04,25,0.021781101743171435,18.628843,-0.4696842,2066
18743,r6i1p1f1,2066,04,26,0.0,20.162083,1.6984912,2066
18744,r6i1p1f1,2066,04,27,0.0,20.839615,5.2560215,2066
18745,r6i1p1f1,2066,04,28,0.0,20.86264,3.6034384,2066
18746,r6i1p1f1,2066,04,29,0.0,24.742802,6.930316,2066
18747,r6i1p1f1,2066,04,30,0.0009409200939196021,26.065361,6.0302386,2066
18748,r6i1p1f1,2066,05,01,0.0,25.377338,6.958756,2066
18749,r6i1p1f1,2066,05,02,0.0,24.574768,5.9942455,2066
18750,r6i1p1f1,2066,05,03,2.175531925813834,16.419605,-0.9657345,2066
18751,r6i1p1f1,2066,05,04,0.0,18.936478,0.6637128,2066
18752,r6i1p1f1,2066,05,05,0.0,24.415499,4.1335115,2066
18753,r6i1p1f1,2066,05,06,0.0,27.99139,7.1800466,2066
18754,r6i1p1f1,2066,05,07,0.0,28.980787,8.344971,2066
18755,r6i1p1f1,2066,05,08,0.0,28.27606,10.8520565,2066
18756,r6i1p1f1,2066,05,09,0.0,28.714529,9.593327,2066
18757,r6i1p1f1,2066,05,10,0.0,29.828388,10.107533,2066
18758,r6i1p1f1,2066,05,11,0.019285617247053057,27.683659,10.945188,2066
18759,r6i1p1f1,2066,05,12,0.18289315101298537,26.322561,7.459356,2066
18760,r6i1p1f1,2066,05,13,3.154550131632971,21.933668,3.8767078,2066
18761,r6i1p1f1,2066,05,14,0.5588323831622521,25.030273,7.7654986,2066
18762,r6i1p1f1,2066,05,15,0.13023882478871981,28.129532,8.70108,2066
18763,r6i1p1f1,2066,05,16,0.0,30.52145,10.513882,2066
18764,r6i1p1f1,2066,05,17,0.0,32.36029,11.764967,2066
18765,r6i1p1f1,2066,05,18,0.0,32.601254,11.815017,2066
18766,r6i1p1f1,2066,05,19,0.286834552109926,26.520481,7.13774,2066
18767,r6i1p1f1,2066,05,20,0.3160870352441079,17.145168,2.0156033,2066
18768,r6i1p1f1,2066,05,21,2.1106046393762656,19.476805,1.1486813,2066
18769,r6i1p1f1,2066,05,22,0.055994814022683026,26.387527,6.912836,2066
18770,r6i1p1f1,2066,05,23,0.0,27.320168,8.613043,2066
18771,r6i1p1f1,2066,05,24,0.021611262654924475,27.158684,8.596878,2066
18772,r6i1p1f1,2066,05,25,0.2500522727233302,25.034624,8.450177,2066
18773,r6i1p1f1,2066,05,26,1.0782706349448052,26.122404,6.56376,2066
18774,r6i1p1f1,2066,05,27,3.2283033320567425,19.488543,2.2291777,2066
18775,r6i1p1f1,2066,05,28,0.5033717938225452,22.23847,6.9696665,2066
18776,r6i1p1f1,2066,05,29,0.18910662474420334,24.939293,7.0687885,2066
18777,r6i1p1f1,2066,05,30,0.0032785061911347795,25.80414,7.184425,2066
18778,r6i1p1f1,2066,05,31,0.6737267451536223,23.509626,8.783039,2066
18779,r6i1p1f1,2066,06,01,18.50006644888777,15.4932375,4.5389256,2066
18780,r6i1p1f1,2066,06,02,0.41558410394102885,30.422596,9.325996,2066
18781,r6i1p1f1,2066,06,03,0.0,33.326057,13.344314,2066
18782,r6i1p1f1,2066,06,04,1.7637521914225547,31.856014,12.479791,2066
18783,r6i1p1f1,2066,06,05,5.911495505303662,30.180403,10.9843,2066
18784,r6i1p1f1,2066,06,06,10.291201651223835,27.860376,8.421981,2066
18785,r6i1p1f1,2066,06,07,5.255624858285132,22.483131,5.9929724,2066
18786,r6i1p1f1,2066,06,08,9.958225390932727,18.660553,7.2115483,2066
18787,r6i1p1f1,2066,06,09,3.1822569803543757,19.076618,9.002465,2066
18788,r6i1p1f1,2066,06,10,3.182319861783816,19.959995,3.592564,2066
18789,r6i1p1f1,2066,06,11,0.022242156498049576,25.133533,6.268029,2066
18790,r6i1p1f1,2066,06,12,0.09236767630252925,24.888683,8.94742,2066
18791,r6i1p1f1,2066,06,13,0.0,26.149666,7.508755,2066
18792,r6i1p1f1,2066,06,14,0.0,28.218506,8.766604,2066
18793,r6i1p1f1,2066,06,15,0.0,27.788172,8.821411,2066
18794,r6i1p1f1,2066,06,16,0.0,26.665842,8.65758,2066
18795,r6i1p1f1,2066,06,17,0.0,28.68496,8.711126,2066
18796,r6i1p1f1,2066,06,18,2.4090436440037633,27.634861,8.403719,2066
18797,r6i1p1f1,2066,06,19,0.0,23.861948,6.9388385,2066
18798,r6i1p1f1,2066,06,20,0.7507748926786831,20.907532,4.9798326,2066
18799,r6i1p1f1,2066,06,21,1.0948232898973989,23.06915,5.631862,2066
18800,r6i1p1f1,2066,06,22,0.04582080221741163,25.508451,6.238611,2066
18801,r6i1p1f1,2066,06,23,0.0,26.581795,7.3076634,2066
18802,r6i1p1f1,2066,06,24,0.0,29.09521,10.069088,2066
18803,r6i1p1f1,2066,06,25,0.02856931700612934,28.300934,8.998611,2066
18804,r6i1p1f1,2066,06,26,0.0,29.283762,9.778757,2066
18805,r6i1p1f1,2066,06,27,0.0015563263910270547,31.134377,11.740469,2066
18806,r6i1p1f1,2066,06,28,0.0,28.669107,10.392072,2066
18807,r6i1p1f1,2066,06,29,0.0,28.169067,9.103793,2066
18808,r6i1p1f1,2066,06,30,0.0028888842144030977,30.72164,11.290771,2066
18809,r6i1p1f1,2066,07,01,0.015345492225481552,32.66873,11.339917,2066
18810,r6i1p1f1,2066,07,02,0.0031955873614283132,32.584167,14.537173,2066
18811,r6i1p1f1,2066,07,03,0.0,29.496058,11.291284,2066
18812,r6i1p1f1,2066,07,04,0.0,26.140238,9.610174,2066
18813,r6i1p1f1,2066,07,05,0.0,25.763979,7.568961,2066
18814,r6i1p1f1,2066,07,06,0.0,27.077715,6.7307005,2066
18815,r6i1p1f1,2066,07,07,0.0,31.278479,9.802499,2066
18816,r6i1p1f1,2066,07,08,0.0,32.773827,12.293415,2066
18817,r6i1p1f1,2066,07,09,0.0,34.12788,12.023377,2066
18818,r6i1p1f1,2066,07,10,0.0,33.97831,12.587182,2066
18819,r6i1p1f1,2066,07,11,0.0,34.41818,12.450679,2066
18820,r6i1p1f1,2066,07,12,0.02467952052555393,34.197334,12.976715,2066
18821,r6i1p1f1,2066,07,13,0.013764881442769125,33.965,13.233735,2066
18822,r6i1p1f1,2066,07,14,0.05463218424046877,34.332104,14.327118,2066
18823,r6i1p1f1,2066,07,15,0.0,33.665283,13.13405,2066
18824,r6i1p1f1,2066,07,16,2.552802219917477e-05,34.194916,13.289557,2066
18825,r6i1p1f1,2066,07,17,0.0,32.95366,12.578736,2066
18826,r6i1p1f1,2066,07,18,0.0,30.38873,10.7409315,2066
18827,r6i1p1f1,2066,07,19,0.0,35.32061,12.583902,2066
18828,r6i1p1f1,2066,07,20,0.0,35.23165,13.569795,2066
18829,r6i1p1f1,2066,07,21,0.0,34.321983,13.155987,2066
18830,r6i1p1f1,2066,07,22,0.0,32.749073,12.689384,2066
18831,r6i1p1f1,2066,07,23,0.0,34.412403,13.594422,2066
18832,r6i1p1f1,2066,07,24,0.0,34.733696,14.612251,2066
18833,r6i1p1f1,2066,07,25,0.0,35.369427,13.850179,2066
18834,r6i1p1f1,2066,07,26,0.0,36.01939,14.647028,2066
18835,r6i1p1f1,2066,07,27,0.0,38.708008,16.58269,2066
18836,r6i1p1f1,2066,07,28,0.0,39.569527,17.690107,2066
18837,r6i1p1f1,2066,07,29,0.0,39.56575,17.747448,2066
18838,r6i1p1f1,2066,07,30,0.0,38.158474,16.830484,2066
18839,r6i1p1f1,2066,07,31,0.0,36.594753,15.182565,2066
18840,r6i1p1f1,2066,08,01,0.0022965511149079213,32.46871,12.053109,2066
18841,r6i1p1f1,2066,08,02,0.0,31.370687,11.461696,2066
18842,r6i1p1f1,2066,08,03,0.0,31.82265,11.934566,2066
18843,r6i1p1f1,2066,08,04,0.0,30.730736,10.689828,2066
18844,r6i1p1f1,2066,08,05,0.0,31.881275,11.789152,2066
18845,r6i1p1f1,2066,08,06,0.0,35.676765,13.20512,2066
18846,r6i1p1f1,2066,08,07,0.0,37.08396,15.747476,2066
18847,r6i1p1f1,2066,08,08,0.0,37.123585,16.022438,2066
18848,r6i1p1f1,2066,08,09,0.0,36.388687,15.186694,2066
18849,r6i1p1f1,2066,08,10,0.0,34.48035,14.52728,2066
18850,r6i1p1f1,2066,08,11,0.0,33.60399,13.439158,2066
18851,r6i1p1f1,2066,08,12,0.0,33.088028,12.878198,2066
18852,r6i1p1f1,2066,08,13,0.0,31.973206,12.112217,2066
18853,r6i1p1f1,2066,08,14,0.0,31.411442,11.453812,2066
18854,r6i1p1f1,2066,08,15,0.0,31.786577,11.463468,2066
18855,r6i1p1f1,2066,08,16,0.0,33.162907,12.026011,2066
18856,r6i1p1f1,2066,08,17,0.0,32.750584,12.0546465,2066
18857,r6i1p1f1,2066,08,18,0.0,31.70326,10.97241,2066
18858,r6i1p1f1,2066,08,19,0.0,30.92346,10.546961,2066
18859,r6i1p1f1,2066,08,20,0.0,31.894567,11.526297,2066
18860,r6i1p1f1,2066,08,21,0.0,32.08906,11.830133,2066
18861,r6i1p1f1,2066,08,22,0.0,32.032467,11.329943,2066
18862,r6i1p1f1,2066,08,23,0.0,30.857359,10.664594,2066
18863,r6i1p1f1,2066,08,24,0.0,30.403015,10.13511,2066
18864,r6i1p1f1,2066,08,25,0.0,30.337719,10.283336,2066
18865,r6i1p1f1,2066,08,26,0.0,29.364193,9.911494,2066
18866,r6i1p1f1,2066,08,27,0.24634458309107046,27.67711,8.881594,2066
18867,r6i1p1f1,2066,08,28,0.12845492039490733,31.266819,10.382971,2066
18868,r6i1p1f1,2066,08,29,0.10516873450030412,32.526436,11.795384,2066
18869,r6i1p1f1,2066,08,30,0.27001471730209947,34.68464,12.171596,2066
18870,r6i1p1f1,2066,08,31,0.0,33.7961,11.121715,2066
18871,r6i1p1f1,2066,09,01,0.0,31.76349,12.8728,2066
18872,r6i1p1f1,2066,09,02,0.020868843991827955,32.94756,12.822964,2066
18873,r6i1p1f1,2066,09,03,0.0,33.767536,13.660937,2066
18874,r6i1p1f1,2066,09,04,0.0,33.2797,12.280308,2066
18875,r6i1p1f1,2066,09,05,0.0,33.046734,12.337416,2066
18876,r6i1p1f1,2066,09,06,0.0,33.47712,12.641801,2066
18877,r6i1p1f1,2066,09,07,0.04305165623008116,33.047634,11.414426,2066
18878,r6i1p1f1,2066,09,08,0.02207668106524495,30.342627,10.246297,2066
18879,r6i1p1f1,2066,09,09,0.1587945902557386,26.897476,8.0977335,2066
18880,r6i1p1f1,2066,09,10,0.07848479701559659,26.701332,7.558305,2066
18881,r6i1p1f1,2066,09,11,0.0,29.972692,8.034483,2066
18882,r6i1p1f1,2066,09,12,0.0,31.21197,10.360788,2066
18883,r6i1p1f1,2066,09,13,0.0,29.842693,7.861725,2066
18884,r6i1p1f1,2066,09,14,0.18613747702845077,24.087673,4.2177086,2066
18885,r6i1p1f1,2066,09,15,0.0,22.970245,3.8503861,2066
18886,r6i1p1f1,2066,09,16,0.0,23.565613,4.94172,2066
18887,r6i1p1f1,2066,09,17,0.0,25.281622,3.8455575,2066
18888,r6i1p1f1,2066,09,18,0.0,29.332012,6.992998,2066
18889,r6i1p1f1,2066,09,19,0.0,29.362938,7.2339654,2066
18890,r6i1p1f1,2066,09,20,0.0,30.457602,9.271978,2066
18891,r6i1p1f1,2066,09,21,0.0,31.227003,8.678799,2066
18892,r6i1p1f1,2066,09,22,0.0,30.653206,7.815836,2066
18893,r6i1p1f1,2066,09,23,0.006631373945004041,24.55224,6.4857426,2066
18894,r6i1p1f1,2066,09,24,0.0,29.456394,7.9794683,2066
18895,r6i1p1f1,2066,09,25,0.0,30.825418,9.643303,2066
18896,r6i1p1f1,2066,09,26,0.0,31.972519,11.302097,2066
18897,r6i1p1f1,2066,09,27,0.0,32.72613,11.453899,2066
18898,r6i1p1f1,2066,09,28,0.0,29.611622,9.846556,2066
18899,r6i1p1f1,2066,09,29,0.0,28.481216,8.371799,2066
18900,r6i1p1f1,2066,09,30,0.0,28.897335,8.937458,2066
18901,r6i1p1f1,2066,10,01,0.0,30.502716,8.900499,2066
18902,r6i1p1f1,2066,10,02,0.0,25.774979,6.1586843,2066
18903,r6i1p1f1,2066,10,03,0.6218701874923914,23.671183,4.864365,2066
18904,r6i1p1f1,2066,10,04,0.7215305589462653,25.791563,8.618675,2066
18905,r6i1p1f1,2066,10,05,0.3306384152387589,25.33459,7.931714,2066
18906,r6i1p1f1,2066,10,06,9.802123283988504,21.115244,5.4455686,2066
18907,r6i1p1f1,2066,10,07,7.8554078015337945,15.84309,4.845456,2066
18908,r6i1p1f1,2066,10,08,0.9983758804033172,18.734692,1.4486849,2066
18909,r6i1p1f1,2066,10,09,0.0,21.918905,2.710084,2066
18910,r6i1p1f1,2066,10,10,0.0,24.160765,5.7381268,2066
18911,r6i1p1f1,2066,10,11,0.0,24.560308,5.202419,2066
18912,r6i1p1f1,2066,10,12,0.014827086137013359,23.157845,5.414208,2066
18913,r6i1p1f1,2066,10,13,2.4764664522287254,17.972538,3.8119655,2066
18914,r6i1p1f1,2066,10,14,4.631639904224947,15.053859,5.164306,2066
18915,r6i1p1f1,2066,10,15,0.0007029478288537834,18.49952,0.7861761,2066
18916,r6i1p1f1,2066,10,16,0.0019516315802380882,17.748896,3.9334893,2066
18917,r6i1p1f1,2066,10,17,1.581697408967463,15.217802,2.527596,2066
18918,r6i1p1f1,2066,10,18,0.2701513906888377,15.639406,2.6536825,2066
18919,r6i1p1f1,2066,10,19,0.05372308668095643,14.575436,1.253147,2066
18920,r6i1p1f1,2066,10,20,1.4577475053794744,10.896124,1.7394491,2066
18921,r6i1p1f1,2066,10,21,0.08108198370228406,17.39935,-1.5585693,2066
18922,r6i1p1f1,2066,10,22,0.0,21.38347,2.264504,2066
18923,r6i1p1f1,2066,10,23,0.0,22.364311,5.188411,2066
18924,r6i1p1f1,2066,10,24,0.0,22.059248,3.9035366,2066
18925,r6i1p1f1,2066,10,25,0.0,20.024744,1.3582746,2066
18926,r6i1p1f1,2066,10,26,0.0,19.967876,1.8607183,2066
18927,r6i1p1f1,2066,10,27,0.0,19.332176,2.6729333,2066
18928,r6i1p1f1,2066,10,28,0.0,20.214796,1.9164298,2066
18929,r6i1p1f1,2066,10,29,0.0,20.022984,3.075297,2066
18930,r6i1p1f1,2066,10,30,1.6490573116656653,17.369932,2.3961074,2066
18931,r6i1p1f1,2066,10,31,3.760267242398428,10.3351,-1.3926351,2066
18932,r6i1p1f1,2066,11,01,5.869508736660726e-06,10.611037,-1.0854201,2066
18933,r6i1p1f1,2066,11,02,0.0,12.4731,-2.3221636,2066
18934,r6i1p1f1,2066,11,03,0.0,18.537436,-1.112666,2066
18935,r6i1p1f1,2066,11,04,0.7032113199288054,18.394417,3.2577922,2066
18936,r6i1p1f1,2066,11,05,0.053040627291681665,11.208263,1.0299301,2066
18937,r6i1p1f1,2066,11,06,0.0,14.282321,-1.5551322,2066
18938,r6i1p1f1,2066,11,07,0.0,17.612577,-1.055535,2066
18939,r6i1p1f1,2066,11,08,0.7481474542067325,17.346573,0.19368331,2066
18940,r6i1p1f1,2066,11,09,0.0,13.713402,-2.8718457,2066
18941,r6i1p1f1,2066,11,10,0.0,16.782207,-1.5559362,2066
18942,r6i1p1f1,2066,11,11,0.04210175518212787,16.498196,-0.61823124,2066
18943,r6i1p1f1,2066,11,12,0.0,9.722475,-4.400187,2066
18944,r6i1p1f1,2066,11,13,0.0,14.640904,-3.234311,2066
18945,r6i1p1f1,2066,11,14,0.0,17.612436,-1.6930526,2066
18946,r6i1p1f1,2066,11,15,0.0,20.741728,3.5517745,2066
18947,r6i1p1f1,2066,11,16,0.010385886176597806,22.091286,3.8051734,2066
18948,r6i1p1f1,2066,11,17,0.0,21.151247,2.9029903,2066
18949,r6i1p1f1,2066,11,18,0.07837387286695313,20.196527,5.9386044,2066
18950,r6i1p1f1,2066,11,19,0.0,19.825727,2.2245286,2066
18951,r6i1p1f1,2066,11,20,0.0,20.14998,2.3592181,2066
18952,r6i1p1f1,2066,11,21,0.0,19.059786,2.1716192,2066
18953,r6i1p1f1,2066,11,22,0.0,17.097881,0.8971335,2066
18954,r6i1p1f1,2066,11,23,3.379563561673797,12.252917,0.56261533,2066
18955,r6i1p1f1,2066,11,24,12.548980889637985,9.179126,-4.9680076,2066
18956,r6i1p1f1,2066,11,25,1.110195730546583,3.830348,-7.519629,2066
18957,r6i1p1f1,2066,11,26,1.4236309390035284,5.6455197,-5.7479124,2066
18958,r6i1p1f1,2066,11,27,29.280527681939827,5.734089,-2.127312,2066
18959,r6i1p1f1,2066,11,28,5.76878706368846,4.9830565,-7.342975,2066
18960,r6i1p1f1,2066,11,29,8.64032342147909,2.2658465,-9.246639,2066
18961,r6i1p1f1,2066,11,30,26.10971653778111,3.0015857,-8.064745,2066
18962,r6i1p1f1,2066,12,01,0.0048270201773508966,3.6608202,-10.18269,2066
18963,r6i1p1f1,2066,12,02,0.0,1.6657863,-12.950989,2066
18964,r6i1p1f1,2066,12,03,0.0038045923110815176,4.9750185,-10.173494,2066
18965,r6i1p1f1,2066,12,04,6.350411024176747,1.963996,-6.1198316,2066
18966,r6i1p1f1,2066,12,05,0.4110066659580029,3.4398165,-3.0222456,2066
18967,r6i1p1f1,2066,12,06,0.0,4.650693,-4.7624245,2066
18968,r6i1p1f1,2066,12,07,0.0,4.9642444,-4.080765,2066
18969,r6i1p1f1,2066,12,08,0.0,4.6501718,-5.0432096,2066
18970,r6i1p1f1,2066,12,09,0.0,4.4365654,-5.9716873,2066
18971,r6i1p1f1,2066,12,10,0.0,7.5505977,-5.5331554,2066
18972,r6i1p1f1,2066,12,11,0.09859157127914586,7.550857,-3.0022156,2066
18973,r6i1p1f1,2066,12,12,4.928115057813088,5.2852106,-0.2836614,2066
18974,r6i1p1f1,2066,12,13,24.33476145473063,5.417487,-1.0945326,2066
18975,r6i1p1f1,2066,12,14,6.721100782801406,7.396868,0.91121435,2066
18976,r6i1p1f1,2066,12,15,58.04686147625295,8.533915,1.8888026,2066
18977,r6i1p1f1,2066,12,16,48.52566245573964,7.4727244,-2.2320492,2066
18978,r6i1p1f1,2066,12,17,0.06503229422024473,4.4088774,-2.7321453,2066
18979,r6i1p1f1,2066,12,18,7.307032990632469,2.2891157,-5.9355335,2066
18980,r6i1p1f1,2066,12,19,4.780540932564791,1.307482,-9.083695,2066
18981,r6i1p1f1,2066,12,20,0.16751958092272617,3.6457493,-8.446643,2066
18982,r6i1p1f1,2066,12,21,6.983414132051336,2.6766994,-4.8339562,2066
18983,r6i1p1f1,2066,12,22,7.070568394699236,1.9670126,-3.7061207,2066
18984,r6i1p1f1,2066,12,23,6.7715204215714095,5.995081,-3.3413165,2066
18985,r6i1p1f1,2066,12,24,16.308495446647907,4.9364,-5.8100758,2066
18986,r6i1p1f1,2066,12,25,2.1596280454196144,3.0251396,-10.220021,2066
18987,r6i1p1f1,2066,12,26,1.8871009363557048,2.5181906,-6.1110697,2066
18988,r6i1p1f1,2066,12,27,0.02906581113836218,2.449844,-7.5299606,2066
18989,r6i1p1f1,2066,12,28,13.7926695553189,5.2990055,-6.6273375,2066
18990,r6i1p1f1,2066,12,29,13.983036365409658,7.1705365,0.8255844,2066
18991,r6i1p1f1,2066,12,30,11.581347730729913,6.0159025,-0.28659442,2066
18992,r6i1p1f1,2066,12,31,14.941293226991135,1.9573749,-8.66415,2066
18993,r6i1p1f1,2067,01,01,0.022464110711852028,2.1054192,-7.9046445,2067
18994,r6i1p1f1,2067,01,02,0.0,1.4832299,-12.134987,2067
18995,r6i1p1f1,2067,01,03,0.0,0.66191405,-11.709785,2067
18996,r6i1p1f1,2067,01,04,0.0,4.434802,-9.9137535,2067
18997,r6i1p1f1,2067,01,05,0.0,8.850539,-4.063781,2067
18998,r6i1p1f1,2067,01,06,0.0,8.748201,-2.7297566,2067
18999,r6i1p1f1,2067,01,07,0.0,8.493031,-1.4045345,2067
19000,r6i1p1f1,2067,01,08,0.0,6.8500934,-4.6050487,2067
19001,r6i1p1f1,2067,01,09,0.0,7.028298,-5.7571087,2067
19002,r6i1p1f1,2067,01,10,0.0,7.232542,-5.5473685,2067
19003,r6i1p1f1,2067,01,11,0.0,12.096156,-2.6951478,2067
19004,r6i1p1f1,2067,01,12,0.0,13.302887,-2.011664,2067
19005,r6i1p1f1,2067,01,13,3.1035214089339807,9.949917,-4.510103,2067
19006,r6i1p1f1,2067,01,14,9.978927824167544,3.3679903,-2.8054903,2067
19007,r6i1p1f1,2067,01,15,9.956419476021257,5.6178107,-1.5781053,2067
19008,r6i1p1f1,2067,01,16,23.04644831850569,8.265221,1.3747847,2067
19009,r6i1p1f1,2067,01,17,60.53665283636233,9.851441,2.9628499,2067
19010,r6i1p1f1,2067,01,18,32.990496608907506,9.789926,-1.5556203,2067
19011,r6i1p1f1,2067,01,19,28.542677319714343,12.851212,0.6804624,2067
19012,r6i1p1f1,2067,01,20,9.35576926641292,7.159723,-1.4979476,2067
19013,r6i1p1f1,2067,01,21,0.0,7.579431,-5.229971,2067
19014,r6i1p1f1,2067,01,22,22.050143265674873,6.4892693,-5.3065457,2067
19015,r6i1p1f1,2067,01,23,36.649002166177965,5.604147,-1.643515,2067
19016,r6i1p1f1,2067,01,24,22.33750133668528,8.550137,0.90409243,2067
19017,r6i1p1f1,2067,01,25,1.849652001606894,8.573036,2.04729,2067
19018,r6i1p1f1,2067,01,26,0.0,9.942295,-2.3825688,2067
19019,r6i1p1f1,2067,01,27,9.791278352129268,11.5131,1.1744686,2067
19020,r6i1p1f1,2067,01,28,1.8148447022655914,12.3411665,4.5477295,2067
19021,r6i1p1f1,2067,01,29,9.32460479556056,14.294763,2.4430535,2067
19022,r6i1p1f1,2067,01,30,8.489505499157419,12.20006,5.391557,2067
19023,r6i1p1f1,2067,01,31,5.872688563119653,13.303593,4.728687,2067
19024,r6i1p1f1,2067,02,01,1.0593165678145944,11.649928,3.4864738,2067
19025,r6i1p1f1,2067,02,02,1.6337663051794777,10.330721,1.5344317,2067
19026,r6i1p1f1,2067,02,03,16.130799269204942,12.354245,4.1613107,2067
19027,r6i1p1f1,2067,02,04,6.604603518056204,13.662145,3.6156018,2067
19028,r6i1p1f1,2067,02,05,30.732056738783847,14.150788,5.7863593,2067
19029,r6i1p1f1,2067,02,06,12.624061064509796,13.755653,6.042089,2067
19030,r6i1p1f1,2067,02,07,26.848892003005616,11.035776,0.7192609,2067
19031,r6i1p1f1,2067,02,08,2.7099641493714492,7.988611,1.1137552,2067
19032,r6i1p1f1,2067,02,09,10.391967687075981,8.900081,0.85029554,2067
19033,r6i1p1f1,2067,02,10,7.524549119204631,8.35352,1.5753044,2067
19034,r6i1p1f1,2067,02,11,14.663176241740434,7.643845,-0.7352297,2067
19035,r6i1p1f1,2067,02,12,9.125388061758246,6.3784356,-0.09988712,2067
19036,r6i1p1f1,2067,02,13,0.8157886894417837,6.5556808,1.1667284,2067
19037,r6i1p1f1,2067,02,14,20.010396031963264,5.641366,-1.9403751,2067
19038,r6i1p1f1,2067,02,15,17.948932971985524,7.0226636,0.6682296,2067
19039,r6i1p1f1,2067,02,16,14.054953398642551,8.164017,0.24897131,2067
19040,r6i1p1f1,2067,02,17,6.287890156475644,9.951626,1.4100833,2067
19041,r6i1p1f1,2067,02,18,2.0520810240103318,8.547082,-5.3730907,2067
19042,r6i1p1f1,2067,02,19,0.06998995806735205,10.035342,-4.810703,2067
19043,r6i1p1f1,2067,02,20,2.302284555167145,9.7871,-2.4328918,2067
19044,r6i1p1f1,2067,02,21,16.37249270373652,10.674369,-1.131867,2067
19045,r6i1p1f1,2067,02,22,10.165640999539736,11.636218,1.6335578,2067
19046,r6i1p1f1,2067,02,23,34.12157773657902,14.097756,3.823176,2067
19047,r6i1p1f1,2067,02,24,6.746139486943271,14.335979,7.346422,2067
19048,r6i1p1f1,2067,02,25,47.523270823192725,14.964638,6.181219,2067
19049,r6i1p1f1,2067,02,26,45.0907103497034,13.911653,7.775038,2067
19050,r6i1p1f1,2067,02,27,44.016233653542926,12.401873,5.585293,2067
19051,r6i1p1f1,2067,02,28,33.30488749023777,12.872839,5.770893,2067
19052,r6i1p1f1,2067,03,01,0.0,19.156303,1.6312646,2067
19053,r6i1p1f1,2067,03,02,12.41997483366771,13.054331,-3.9377651,2067
19054,r6i1p1f1,2067,03,03,4.695459756730667,7.8790884,-0.5640503,2067
19055,r6i1p1f1,2067,03,04,5.725164648074599,10.955214,1.9884012,2067
19056,r6i1p1f1,2067,03,05,8.73000824960496,9.318991,0.4381568,2067
19057,r6i1p1f1,2067,03,06,19.561991656185192,10.36918,-0.8965115,2067
19058,r6i1p1f1,2067,03,07,7.092705625148166,8.630165,0.6652406,2067
19059,r6i1p1f1,2067,03,08,20.143874984147523,8.576071,-3.4046538,2067
19060,r6i1p1f1,2067,03,09,7.266277183922097,4.6320734,-2.7548518,2067
19061,r6i1p1f1,2067,03,10,6.129249369905349,4.35008,-3.188901,2067
19062,r6i1p1f1,2067,03,11,0.868639572474897,6.315927,-0.34027156,2067
19063,r6i1p1f1,2067,03,12,0.8079949514942061,9.442033,-2.895751,2067
19064,r6i1p1f1,2067,03,13,0.0,10.437985,-3.0429025,2067
19065,r6i1p1f1,2067,03,14,2.5742105005264784,8.160079,0.67977566,2067
19066,r6i1p1f1,2067,03,15,0.11230108633732455,9.828791,-3.023126,2067
19067,r6i1p1f1,2067,03,16,0.0,12.305908,-5.4040823,2067
19068,r6i1p1f1,2067,03,17,0.0,11.412654,-3.4681761,2067
19069,r6i1p1f1,2067,03,18,0.0021323675919931004,9.913586,1.6730934,2067
19070,r6i1p1f1,2067,03,19,1.3318374619834912,9.933858,-1.1426218,2067
19071,r6i1p1f1,2067,03,20,3.300828713730139,11.779185,-1.9824269,2067
19072,r6i1p1f1,2067,03,21,1.9292409232151235,10.736225,-1.248944,2067
19073,r6i1p1f1,2067,03,22,1.5635329264647515,8.924961,0.9354015,2067
19074,r6i1p1f1,2067,03,23,24.75658695008541,7.0658674,-0.73712564,2067
19075,r6i1p1f1,2067,03,24,23.047944965289744,7.943853,-3.007464,2067
19076,r6i1p1f1,2067,03,25,0.07299689226519374,10.526222,-5.6664877,2067
19077,r6i1p1f1,2067,03,26,0.0,9.586184,-3.7755704,2067
19078,r6i1p1f1,2067,03,27,0.5052947636271952,8.753846,0.055035442,2067
19079,r6i1p1f1,2067,03,28,11.01966296685594,6.4754934,-8.166432,2067
19080,r6i1p1f1,2067,03,29,0.0,4.598731,-7.854999,2067
19081,r6i1p1f1,2067,03,30,0.0,6.8228803,-4.894464,2067
19082,r6i1p1f1,2067,03,31,0.0,7.028778,-8.580217,2067
19083,r6i1p1f1,2067,04,01,0.0,9.083995,-8.253707,2067
19084,r6i1p1f1,2067,04,02,0.0,11.714777,-4.288556,2067
19085,r6i1p1f1,2067,04,03,0.0,12.249162,0.5398479,2067
19086,r6i1p1f1,2067,04,04,0.009845734427386012,13.324706,1.7934306,2067
19087,r6i1p1f1,2067,04,05,0.026164767143612364,14.36387,1.3611429,2067
19088,r6i1p1f1,2067,04,06,1.2446768170071738,14.274554,-1.4847806,2067
19089,r6i1p1f1,2067,04,07,0.38158926061253284,14.973275,0.5410572,2067
19090,r6i1p1f1,2067,04,08,4.104418956060064,9.989338,0.45024073,2067
19091,r6i1p1f1,2067,04,09,7.029541705984577,6.6624703,-5.004468,2067
19092,r6i1p1f1,2067,04,10,1.626586209516183,2.265583,-6.7181616,2067
19093,r6i1p1f1,2067,04,11,0.0,6.363834,-5.136062,2067
19094,r6i1p1f1,2067,04,12,0.013703353181797443,14.340342,-4.006102,2067
19095,r6i1p1f1,2067,04,13,0.0,17.792746,-0.96253556,2067
19096,r6i1p1f1,2067,04,14,0.0,18.860878,0.2555443,2067
19097,r6i1p1f1,2067,04,15,0.0,19.080666,2.7516437,2067
19098,r6i1p1f1,2067,04,16,0.0025917936303368598,18.644243,3.8737285,2067
19099,r6i1p1f1,2067,04,17,3.9064580936206874,12.536991,-2.1017601,2067
19100,r6i1p1f1,2067,04,18,0.5786456862633523,7.524796,-5.6758842,2067
19101,r6i1p1f1,2067,04,19,0.000936224949970505,13.536631,-4.498217,2067
19102,r6i1p1f1,2067,04,20,0.028590371634451276,17.880035,2.7284732,2067
19103,r6i1p1f1,2067,04,21,0.0,22.430727,3.550987,2067
19104,r6i1p1f1,2067,04,22,0.0,23.941334,5.29128,2067
19105,r6i1p1f1,2067,04,23,0.0,24.544506,6.35175,2067
19106,r6i1p1f1,2067,04,24,0.0,24.133036,4.6685133,2067
19107,r6i1p1f1,2067,04,25,0.0,24.545588,5.1856837,2067
19108,r6i1p1f1,2067,04,26,0.0,24.00885,6.1601777,2067
19109,r6i1p1f1,2067,04,27,0.0,24.617437,4.951864,2067
19110,r6i1p1f1,2067,04,28,0.0,25.36606,5.199405,2067
19111,r6i1p1f1,2067,04,29,0.0,26.605701,6.890676,2067
19112,r6i1p1f1,2067,04,30,0.0,27.845564,9.104624,2067
19113,r6i1p1f1,2067,05,01,0.0,28.813646,10.415953,2067
19114,r6i1p1f1,2067,05,02,0.0,29.874098,11.462794,2067
19115,r6i1p1f1,2067,05,03,0.0,30.373241,11.0175085,2067
19116,r6i1p1f1,2067,05,04,0.17456447760598662,28.712181,9.232765,2067
19117,r6i1p1f1,2067,05,05,0.0,26.332056,6.742817,2067
19118,r6i1p1f1,2067,05,06,0.0,21.927898,3.8607702,2067
19119,r6i1p1f1,2067,05,07,0.008406579831449209,17.266314,-1.6033007,2067
19120,r6i1p1f1,2067,05,08,0.29433187409224437,13.996061,-1.9674963,2067
19121,r6i1p1f1,2067,05,09,0.0,15.907307,2.8200681,2067
19122,r6i1p1f1,2067,05,10,0.0,17.206886,1.122259,2067
19123,r6i1p1f1,2067,05,11,0.40736540731128473,14.826106,0.71222985,2067
19124,r6i1p1f1,2067,05,12,0.06097199779536407,22.59814,3.4078588,2067
19125,r6i1p1f1,2067,05,13,0.0,25.808418,5.3839808,2067
19126,r6i1p1f1,2067,05,14,0.054519575586112416,24.969797,5.938879,2067
19127,r6i1p1f1,2067,05,15,2.39958393498589,19.007744,2.8455684,2067
19128,r6i1p1f1,2067,05,16,0.0892639729252994,25.542156,6.5468783,2067
19129,r6i1p1f1,2067,05,17,0.7368132544876593,25.646883,7.8031874,2067
19130,r6i1p1f1,2067,05,18,1.5425149929143724,24.044168,4.812958,2067
19131,r6i1p1f1,2067,05,19,0.013190610400853526,26.27085,7.25633,2067
19132,r6i1p1f1,2067,05,20,0.3784758157744383,24.84117,6.0049963,2067
19133,r6i1p1f1,2067,05,21,0.0,28.919926,8.110129,2067
19134,r6i1p1f1,2067,05,22,0.0,30.461735,10.948035,2067
19135,r6i1p1f1,2067,05,23,3.9348538095854027,28.465094,8.610226,2067
19136,r6i1p1f1,2067,05,24,1.5037059966744468,21.433014,6.7807713,2067
19137,r6i1p1f1,2067,05,25,1.776074977396929,19.601889,5.234075,2067
19138,r6i1p1f1,2067,05,26,1.7767868208940532,22.99326,10.08372,2067
19139,r6i1p1f1,2067,05,27,0.21075612355785533,26.213144,9.439986,2067
19140,r6i1p1f1,2067,05,28,0.031278821143691536,27.667904,8.8004465,2067
19141,r6i1p1f1,2067,05,29,0.0,26.854832,7.615161,2067
19142,r6i1p1f1,2067,05,30,0.0,19.284924,2.7496881,2067
19143,r6i1p1f1,2067,05,31,0.0,22.453527,5.6255865,2067
19144,r6i1p1f1,2067,06,01,0.0,21.829742,5.3117695,2067
19145,r6i1p1f1,2067,06,02,0.9827098452885299,18.809492,3.9158435,2067
19146,r6i1p1f1,2067,06,03,0.1410205949836924,20.049326,5.67935,2067
19147,r6i1p1f1,2067,06,04,0.0,22.941225,6.028848,2067
19148,r6i1p1f1,2067,06,05,1.157716875525099,20.391544,4.970489,2067
19149,r6i1p1f1,2067,06,06,7.07464203521254,13.090672,-1.2267992,2067
19150,r6i1p1f1,2067,06,07,1.7299033534909871,14.351008,-2.21016,2067
19151,r6i1p1f1,2067,06,08,0.9435335141431944,17.489712,0.2917138,2067
19152,r6i1p1f1,2067,06,09,0.0,25.536081,5.5161533,2067
19153,r6i1p1f1,2067,06,10,0.4604441319861216,25.643362,7.0282664,2067
19154,r6i1p1f1,2067,06,11,1.9001443459985665,23.941977,4.744801,2067
19155,r6i1p1f1,2067,06,12,1.1063339685021427,23.60749,4.6233015,2067
19156,r6i1p1f1,2067,06,13,1.5713755498389963,24.111734,4.949533,2067
19157,r6i1p1f1,2067,06,14,0.3817528777971649,24.287998,5.830985,2067
19158,r6i1p1f1,2067,06,15,0.37123773763849316,23.356667,8.928756,2067
19159,r6i1p1f1,2067,06,16,11.428072379130793,15.834768,1.1659231,2067
19160,r6i1p1f1,2067,06,17,1.4110162788046037,20.868008,5.4110494,2067
19161,r6i1p1f1,2067,06,18,0.31858757854531594,24.971748,6.075078,2067
19162,r6i1p1f1,2067,06,19,0.0,28.391953,11.848001,2067
19163,r6i1p1f1,2067,06,20,0.17433813791295225,26.923576,10.966732,2067
19164,r6i1p1f1,2067,06,21,0.0,26.606644,7.7354918,2067
19165,r6i1p1f1,2067,06,22,0.0,25.843931,7.7333064,2067
19166,r6i1p1f1,2067,06,23,0.0,29.65526,11.093311,2067
19167,r6i1p1f1,2067,06,24,0.0,33.01207,12.999505,2067
19168,r6i1p1f1,2067,06,25,0.0,33.87151,15.132855,2067
19169,r6i1p1f1,2067,06,26,0.03482325923560538,32.564854,12.91602,2067
19170,r6i1p1f1,2067,06,27,1.8880114730315913,27.5433,8.695212,2067
19171,r6i1p1f1,2067,06,28,0.4258327762403533,22.87925,11.783673,2067
19172,r6i1p1f1,2067,06,29,0.0,26.541801,9.952225,2067
19173,r6i1p1f1,2067,06,30,1.0042520589667683,29.095474,11.521826,2067
19174,r6i1p1f1,2067,07,01,3.0107884648778067,28.389105,10.724297,2067
19175,r6i1p1f1,2067,07,02,0.24047727138843508,29.337786,9.862189,2067
19176,r6i1p1f1,2067,07,03,1.0631738889685343,28.813498,10.44977,2067
19177,r6i1p1f1,2067,07,04,0.8528320545590206,30.362715,11.905383,2067
19178,r6i1p1f1,2067,07,05,0.4861105680218798,28.956583,12.186586,2067
19179,r6i1p1f1,2067,07,06,0.08227871234867451,30.161886,10.429955,2067
19180,r6i1p1f1,2067,07,07,0.3260726041005454,30.093475,10.769449,2067
19181,r6i1p1f1,2067,07,08,1.3542019023326597,29.461899,9.98244,2067
19182,r6i1p1f1,2067,07,09,4.23212229176612,24.01692,7.8694453,2067
19183,r6i1p1f1,2067,07,10,2.821233467152935,23.497581,9.678514,2067
19184,r6i1p1f1,2067,07,11,6.369945879871127,23.605955,8.375572,2067
19185,r6i1p1f1,2067,07,12,3.3182105972234797,22.814898,9.764798,2067
19186,r6i1p1f1,2067,07,13,3.1922420809351295,25.44073,13.783013,2067
19187,r6i1p1f1,2067,07,14,0.27682673277787323,30.953413,12.45766,2067
19188,r6i1p1f1,2067,07,15,0.4068383211793097,32.298096,14.021168,2067
19189,r6i1p1f1,2067,07,16,0.0001508054205399148,33.264843,14.268581,2067
19190,r6i1p1f1,2067,07,17,0.0,33.925385,15.034182,2067
19191,r6i1p1f1,2067,07,18,1.3436414930720055,33.718193,15.688718,2067
19192,r6i1p1f1,2067,07,19,9.123386079599944,31.49237,15.724502,2067
19193,r6i1p1f1,2067,07,20,25.88636112227055,21.336262,10.892153,2067
19194,r6i1p1f1,2067,07,21,2.740653104002609,21.301777,9.066812,2067
19195,r6i1p1f1,2067,07,22,0.167625914004096,29.020983,9.698164,2067
19196,r6i1p1f1,2067,07,23,0.014844409238557291,30.64295,11.566907,2067
19197,r6i1p1f1,2067,07,24,0.10394342681395516,33.229,13.583934,2067
19198,r6i1p1f1,2067,07,25,0.0,34.569065,14.440153,2067
19199,r6i1p1f1,2067,07,26,0.0,34.580948,15.288416,2067
19200,r6i1p1f1,2067,07,27,0.0,34.302803,14.5515585,2067
19201,r6i1p1f1,2067,07,28,0.0025502071996632105,33.903454,14.173717,2067
19202,r6i1p1f1,2067,07,29,0.0,32.752083,13.912384,2067
19203,r6i1p1f1,2067,07,30,0.0,33.060974,14.072109,2067
19204,r6i1p1f1,2067,07,31,0.0,33.948288,14.328615,2067
19205,r6i1p1f1,2067,08,01,0.0,34.54598,14.74876,2067
19206,r6i1p1f1,2067,08,02,0.0,34.558105,14.586967,2067
19207,r6i1p1f1,2067,08,03,0.0,35.348255,15.339605,2067
19208,r6i1p1f1,2067,08,04,0.0,35.55339,15.203958,2067
19209,r6i1p1f1,2067,08,05,0.0,35.839375,15.649945,2067
19210,r6i1p1f1,2067,08,06,0.0,35.043987,15.104099,2067
19211,r6i1p1f1,2067,08,07,0.0,35.485126,15.109467,2067
19212,r6i1p1f1,2067,08,08,0.0,36.032627,15.547783,2067
19213,r6i1p1f1,2067,08,09,0.0,36.166794,15.999161,2067
19214,r6i1p1f1,2067,08,10,0.0,34.915176,15.840248,2067
19215,r6i1p1f1,2067,08,11,0.079321515201901,32.154667,13.570841,2067
19216,r6i1p1f1,2067,08,12,0.0,30.920378,11.814609,2067
19217,r6i1p1f1,2067,08,13,0.0,32.37238,11.908621,2067
19218,r6i1p1f1,2067,08,14,0.0,33.512283,13.132367,2067
19219,r6i1p1f1,2067,08,15,0.0,33.009937,12.375384,2067
19220,r6i1p1f1,2067,08,16,0.0,33.65021,12.750857,2067
19221,r6i1p1f1,2067,08,17,0.0,33.845997,12.918638,2067
19222,r6i1p1f1,2067,08,18,0.07238059017948424,32.28073,11.984926,2067
19223,r6i1p1f1,2067,08,19,0.6635762349999242,27.823687,9.739382,2067
19224,r6i1p1f1,2067,08,20,0.0,28.739235,10.425471,2067
19225,r6i1p1f1,2067,08,21,0.0,28.752071,9.539771,2067
19226,r6i1p1f1,2067,08,22,0.0,26.791155,8.235121,2067
19227,r6i1p1f1,2067,08,23,0.0,26.762196,7.5341783,2067
19228,r6i1p1f1,2067,08,24,0.0,29.20028,9.29694,2067
19229,r6i1p1f1,2067,08,25,0.0,31.366653,12.072279,2067
19230,r6i1p1f1,2067,08,26,1.1854683218305586,33.311573,13.975801,2067
19231,r6i1p1f1,2067,08,27,0.13339079607029286,33.972298,13.5752125,2067
19232,r6i1p1f1,2067,08,28,0.0,33.884834,13.676181,2067
19233,r6i1p1f1,2067,08,29,0.0,33.784195,13.857899,2067
19234,r6i1p1f1,2067,08,30,0.0,31.275997,10.738732,2067
19235,r6i1p1f1,2067,08,31,0.0,27.989258,8.142976,2067
19236,r6i1p1f1,2067,09,01,0.4027150579713051,25.781406,9.143377,2067
19237,r6i1p1f1,2067,09,02,1.4924755764936495,25.077217,7.698503,2067
19238,r6i1p1f1,2067,09,03,0.5475786830625526,28.946917,9.723955,2067
19239,r6i1p1f1,2067,09,04,0.0,29.881577,11.833895,2067
19240,r6i1p1f1,2067,09,05,0.0,32.817806,12.192434,2067
19241,r6i1p1f1,2067,09,06,0.0,34.237675,12.4411,2067
19242,r6i1p1f1,2067,09,07,0.0,33.77893,12.250479,2067
19243,r6i1p1f1,2067,09,08,0.0,32.75567,10.922262,2067
19244,r6i1p1f1,2067,09,09,0.0,29.87217,9.452355,2067
19245,r6i1p1f1,2067,09,10,0.029164779404482397,26.161192,7.8866844,2067
19246,r6i1p1f1,2067,09,11,0.0,26.07225,5.9524612,2067
19247,r6i1p1f1,2067,09,12,0.0,28.592892,7.2013693,2067
19248,r6i1p1f1,2067,09,13,0.0,29.36409,8.928163,2067
19249,r6i1p1f1,2067,09,14,0.0,29.218632,9.574303,2067
19250,r6i1p1f1,2067,09,15,0.0,29.894323,10.453204,2067
19251,r6i1p1f1,2067,09,16,0.0,31.509256,11.85342,2067
19252,r6i1p1f1,2067,09,17,0.0,32.43315,11.90133,2067
19253,r6i1p1f1,2067,09,18,0.0,32.81295,12.939419,2067
19254,r6i1p1f1,2067,09,19,0.0,33.12079,12.419063,2067
19255,r6i1p1f1,2067,09,20,0.019463370721834503,32.807835,12.82451,2067
19256,r6i1p1f1,2067,09,21,0.0,31.54236,11.730683,2067
19257,r6i1p1f1,2067,09,22,0.0,31.610537,11.850116,2067
19258,r6i1p1f1,2067,09,23,0.0,33.52492,11.740392,2067
19259,r6i1p1f1,2067,09,24,0.0,33.416023,13.322434,2067
19260,r6i1p1f1,2067,09,25,0.0,31.971815,11.284142,2067
19261,r6i1p1f1,2067,09,26,0.0,31.457588,11.460892,2067
19262,r6i1p1f1,2067,09,27,0.0,28.882082,10.352511,2067
19263,r6i1p1f1,2067,09,28,0.030409138266919038,27.289652,7.5982804,2067
19264,r6i1p1f1,2067,09,29,0.0,32.201664,9.990809,2067
19265,r6i1p1f1,2067,09,30,0.0,32.125412,11.325688,2067
19266,r6i1p1f1,2067,10,01,0.0,30.690372,9.973972,2067
19267,r6i1p1f1,2067,10,02,0.0,27.454891,9.246988,2067
19268,r6i1p1f1,2067,10,03,0.040919156536519466,21.867317,7.6079917,2067
19269,r6i1p1f1,2067,10,04,0.005243156005734244,21.016167,5.743529,2067
19270,r6i1p1f1,2067,10,05,0.0004799431948989773,25.30083,5.2563133,2067
19271,r6i1p1f1,2067,10,06,0.0,28.876753,6.471548,2067
19272,r6i1p1f1,2067,10,07,0.0,28.666773,8.562214,2067
19273,r6i1p1f1,2067,10,08,0.0007240795767362708,26.612877,5.319084,2067
19274,r6i1p1f1,2067,10,09,0.3053144640481315,19.17397,4.3833513,2067
19275,r6i1p1f1,2067,10,10,0.0,14.909889,-1.3422629,2067
19276,r6i1p1f1,2067,10,11,0.0,20.75813,-0.84015465,2067
19277,r6i1p1f1,2067,10,12,0.0,21.949677,3.0649872,2067
19278,r6i1p1f1,2067,10,13,0.007293020101114291,20.116932,5.0134244,2067
19279,r6i1p1f1,2067,10,14,0.004277968388023417,20.211939,7.350856,2067
19280,r6i1p1f1,2067,10,15,0.0,24.886358,3.3904753,2067
19281,r6i1p1f1,2067,10,16,0.0,25.953606,5.1329045,2067
19282,r6i1p1f1,2067,10,17,0.0,26.427895,5.4232574,2067
19283,r6i1p1f1,2067,10,18,0.0,26.62716,5.3043623,2067
19284,r6i1p1f1,2067,10,19,0.0,26.775084,6.245706,2067
19285,r6i1p1f1,2067,10,20,0.0076280380034234865,27.331268,5.365421,2067
19286,r6i1p1f1,2067,10,21,0.0,26.79372,8.350416,2067
19287,r6i1p1f1,2067,10,22,0.0,26.895859,7.2672415,2067
19288,r6i1p1f1,2067,10,23,0.0,26.660444,6.369461,2067
19289,r6i1p1f1,2067,10,24,0.0,28.24464,7.074326,2067
19290,r6i1p1f1,2067,10,25,0.0,27.953787,7.051772,2067
19291,r6i1p1f1,2067,10,26,0.0010383155352208526,25.939623,8.775706,2067
19292,r6i1p1f1,2067,10,27,0.0,24.568554,5.929765,2067
19293,r6i1p1f1,2067,10,28,0.0,26.463713,6.381437,2067
19294,r6i1p1f1,2067,10,29,0.0,26.782082,7.221746,2067
19295,r6i1p1f1,2067,10,30,0.0,23.62199,3.1883147,2067
19296,r6i1p1f1,2067,10,31,0.0,21.528563,1.4504632,2067
19297,r6i1p1f1,2067,11,01,0.25700836720753756,20.715647,0.59010434,2067
19298,r6i1p1f1,2067,11,02,0.0,14.145134,-3.2143755,2067
19299,r6i1p1f1,2067,11,03,0.3311619754930276,12.559108,-1.7353005,2067
19300,r6i1p1f1,2067,11,04,0.0,10.963182,-1.4519869,2067
19301,r6i1p1f1,2067,11,05,0.0,10.961403,-3.8202648,2067
19302,r6i1p1f1,2067,11,06,0.0,11.800135,-6.2125597,2067
19303,r6i1p1f1,2067,11,07,0.0,11.596054,-6.3616996,2067
19304,r6i1p1f1,2067,11,08,4.075959144463977,9.190617,-2.9751313,2067
19305,r6i1p1f1,2067,11,09,0.0802733653283294,9.107316,-0.8200159,2067
19306,r6i1p1f1,2067,11,10,0.0,13.787355,1.1529171,2067
19307,r6i1p1f1,2067,11,11,0.02102733746567718,14.892368,1.4900706,2067
19308,r6i1p1f1,2067,11,12,0.02684247630185018,15.093724,3.3413725,2067
19309,r6i1p1f1,2067,11,13,0.0,16.859547,3.1254258,2067
19310,r6i1p1f1,2067,11,14,0.4596213599986955,16.566864,1.9684912,2067
19311,r6i1p1f1,2067,11,15,3.228213426470338,11.46962,3.9253056,2067
19312,r6i1p1f1,2067,11,16,10.854544600265227,11.331201,4.3187985,2067
19313,r6i1p1f1,2067,11,17,8.808659911636045,11.237125,1.0152909,2067
19314,r6i1p1f1,2067,11,18,0.0,13.970182,-2.3778844,2067
19315,r6i1p1f1,2067,11,19,0.0,15.151724,-1.3334285,2067
19316,r6i1p1f1,2067,11,20,0.0,15.0443945,-0.34563762,2067
19317,r6i1p1f1,2067,11,21,0.0,15.786499,-0.4349234,2067
19318,r6i1p1f1,2067,11,22,0.0,16.24434,-0.4020988,2067
19319,r6i1p1f1,2067,11,23,0.0,15.13928,-2.8323908,2067
19320,r6i1p1f1,2067,11,24,0.0,16.002043,-2.2950494,2067
19321,r6i1p1f1,2067,11,25,0.0,19.449669,1.0855923,2067
19322,r6i1p1f1,2067,11,26,0.0,19.984013,1.1941246,2067
19323,r6i1p1f1,2067,11,27,0.0,18.911695,0.35757747,2067
19324,r6i1p1f1,2067,11,28,0.004816460993737261,18.145885,1.6966751,2067
19325,r6i1p1f1,2067,11,29,0.10190109903433556,16.719582,-0.55610174,2067
19326,r6i1p1f1,2067,11,30,0.0,17.323761,-2.2386012,2067
19327,r6i1p1f1,2067,12,01,0.0,15.993929,3.265661,2067
19328,r6i1p1f1,2067,12,02,0.0019750473724978314,14.644832,1.5384548,2067
19329,r6i1p1f1,2067,12,03,18.059336022481308,10.1720085,0.5875797,2067
19330,r6i1p1f1,2067,12,04,11.900484526953182,10.85292,2.9884636,2067
19331,r6i1p1f1,2067,12,05,0.007867625308980173,14.405304,3.8371274,2067
19332,r6i1p1f1,2067,12,06,0.2730336954546064,13.2536745,6.8485312,2067
19333,r6i1p1f1,2067,12,07,13.056381807077297,10.826635,3.8924627,2067
19334,r6i1p1f1,2067,12,08,0.6464466956558287,12.997976,6.159209,2067
19335,r6i1p1f1,2067,12,09,0.0,15.387931,2.8981295,2067
19336,r6i1p1f1,2067,12,10,5.1551967201725395,12.455386,3.4511507,2067
19337,r6i1p1f1,2067,12,11,13.706651628973644,9.640536,2.835688,2067
19338,r6i1p1f1,2067,12,12,20.822304544535406,8.673181,-0.13975915,2067
19339,r6i1p1f1,2067,12,13,13.299001807854609,4.8530874,-3.3565888,2067
19340,r6i1p1f1,2067,12,14,0.058024803164135434,3.7914808,-7.644059,2067
19341,r6i1p1f1,2067,12,15,0.0,3.7776759,-8.835925,2067
19342,r6i1p1f1,2067,12,16,0.5163035555650632,2.5603232,-10.5650625,2067
19343,r6i1p1f1,2067,12,17,10.886129334980476,2.7016227,-6.789552,2067
19344,r6i1p1f1,2067,12,18,3.8241404123068388,4.4070373,-1.2030076,2067
19345,r6i1p1f1,2067,12,19,2.2594453994180563,3.5306,-3.0936468,2067
19346,r6i1p1f1,2067,12,20,0.0,8.999286,-4.7090197,2067
19347,r6i1p1f1,2067,12,21,0.0,13.091035,-0.40099373,2067
19348,r6i1p1f1,2067,12,22,0.0,13.108381,-0.33372656,2067
19349,r6i1p1f1,2067,12,23,0.0,13.426355,-0.119914934,2067
19350,r6i1p1f1,2067,12,24,0.0,14.527503,1.5015756,2067
19351,r6i1p1f1,2067,12,25,0.0,14.742084,1.4605875,2067
19352,r6i1p1f1,2067,12,26,0.0,12.585386,-0.4255983,2067
19353,r6i1p1f1,2067,12,27,0.0,12.094125,0.60215425,2067
19354,r6i1p1f1,2067,12,28,0.08206147306565373,12.562187,3.8088245,2067
19355,r6i1p1f1,2067,12,29,19.45649524262769,12.214734,5.5232034,2067
19356,r6i1p1f1,2067,12,30,50.12208031343479,11.811245,2.8328478,2067
19357,r6i1p1f1,2067,12,31,0.0,10.408614,0.34202412,2067
19358,r6i1p1f1,2068,01,01,0.0,12.907368,3.3372788,2068
19359,r6i1p1f1,2068,01,02,0.0,15.698576,1.9904183,2068
19360,r6i1p1f1,2068,01,03,4.983114082989013,11.466988,3.788157,2068
19361,r6i1p1f1,2068,01,04,21.15691252158007,12.316936,2.9448528,2068
19362,r6i1p1f1,2068,01,05,1.1232512044946494,13.675709,4.607953,2068
19363,r6i1p1f1,2068,01,06,25.887342931867096,10.829694,5.1444173,2068
19364,r6i1p1f1,2068,01,07,12.96694997481011,8.936659,1.6394765,2068
19365,r6i1p1f1,2068,01,08,33.61985670786168,9.741852,3.4240267,2068
19366,r6i1p1f1,2068,01,09,4.792534035195003,10.701975,0.5803368,2068
19367,r6i1p1f1,2068,01,10,10.647102306502678,11.093693,1.3982332,2068
19368,r6i1p1f1,2068,01,11,24.737030811258656,10.786337,4.161496,2068
19369,r6i1p1f1,2068,01,12,0.2264284486699459,10.786459,1.2937524,2068
19370,r6i1p1f1,2068,01,13,0.0010870038375701708,8.70753,-1.9235455,2068
19371,r6i1p1f1,2068,01,14,0.0068850369701129125,4.5546765,-6.4724507,2068
19372,r6i1p1f1,2068,01,15,0.0,1.536802,-9.410618,2068
19373,r6i1p1f1,2068,01,16,0.0,2.2823837,-10.908449,2068
19374,r6i1p1f1,2068,01,17,0.0,5.411392,-8.695095,2068
19375,r6i1p1f1,2068,01,18,7.396275223181038,4.338658,-2.9655144,2068
19376,r6i1p1f1,2068,01,19,28.723184474466894,6.8516774,-1.0943611,2068
19377,r6i1p1f1,2068,01,20,23.009346360487555,6.146469,-1.9770093,2068
19378,r6i1p1f1,2068,01,21,27.686673376211317,3.9022532,-2.7836282,2068
19379,r6i1p1f1,2068,01,22,20.78916847948098,1.5598541,-7.7073345,2068
19380,r6i1p1f1,2068,01,23,5.56506384679566,0.53257495,-11.289149,2068
19381,r6i1p1f1,2068,01,24,12.991874263735918,1.2656811,-6.503695,2068
19382,r6i1p1f1,2068,01,25,45.286948128073526,11.442521,-2.7767112,2068
19383,r6i1p1f1,2068,01,26,7.753122433517173,1.7165285,-5.2685766,2068
19384,r6i1p1f1,2068,01,27,34.70950107591551,0.4967802,-4.860236,2068
19385,r6i1p1f1,2068,01,28,2.0378181792039505,1.7860378,-7.893591,2068
19386,r6i1p1f1,2068,01,29,12.637213158294964,3.5143108,-4.079102,2068
19387,r6i1p1f1,2068,01,30,19.58301132501165,2.7248223,-3.3508422,2068
19388,r6i1p1f1,2068,01,31,12.029916874570713,6.168847,-1.1476593,2068
19389,r6i1p1f1,2068,02,01,7.500924732079913,6.388306,-2.90574,2068
19390,r6i1p1f1,2068,02,02,3.234124768946174,8.002623,-4.2264423,2068
19391,r6i1p1f1,2068,02,03,23.025891086887444,9.564209,0.8609895,2068
19392,r6i1p1f1,2068,02,04,29.467533628495897,8.41179,1.8211055,2068
19393,r6i1p1f1,2068,02,05,38.60631997793871,6.171046,-0.626103,2068
19394,r6i1p1f1,2068,02,06,67.80521299524874,10.339914,-0.95160353,2068
19395,r6i1p1f1,2068,02,07,37.66136575535743,8.180317,-3.4613566,2068
19396,r6i1p1f1,2068,02,08,0.5363792414452798,7.1823745,-1.7713615,2068
19397,r6i1p1f1,2068,02,09,20.931963357407465,4.458568,-2.3219457,2068
19398,r6i1p1f1,2068,02,10,3.8876853311366846,3.9729373,-3.8188615,2068
19399,r6i1p1f1,2068,02,11,0.020265885453312208,6.5491714,-4.090189,2068
19400,r6i1p1f1,2068,02,12,0.00080834562777114,5.793214,-5.2116513,2068
19401,r6i1p1f1,2068,02,13,0.14189208715998258,5.118388,-4.440898,2068
19402,r6i1p1f1,2068,02,14,0.1529970283847539,4.702291,-8.2572155,2068
19403,r6i1p1f1,2068,02,15,0.0,4.9171047,-10.274863,2068
19404,r6i1p1f1,2068,02,16,0.0,8.202131,-6.938542,2068
19405,r6i1p1f1,2068,02,17,0.0,12.394809,-3.4807465,2068
19406,r6i1p1f1,2068,02,18,0.0,13.128441,-1.5135455,2068
19407,r6i1p1f1,2068,02,19,0.0,14.915376,1.414473,2068
19408,r6i1p1f1,2068,02,20,0.0,16.199697,2.211831,2068
19409,r6i1p1f1,2068,02,21,0.0,18.457535,4.5065403,2068
19410,r6i1p1f1,2068,02,22,0.0,19.48063,4.23867,2068
19411,r6i1p1f1,2068,02,23,0.0,18.033596,2.845882,2068
19412,r6i1p1f1,2068,02,24,4.312595635540926,16.696949,3.0485296,2068
19413,r6i1p1f1,2068,02,25,6.767853569780241,10.698921,-0.5981244,2068
19414,r6i1p1f1,2068,02,26,5.285916001949694,9.24348,0.42354405,2068
19415,r6i1p1f1,2068,02,27,3.893821908816137,9.17743,-1.3245391,2068
19416,r6i1p1f1,2068,02,28,3.077222687138837,11.55606,1.8505416,2068
19417,r6i1p1f1,2068,02,29,0.003031993053188619,15.821903,2.5391645,2068
19418,r6i1p1f1,2068,03,01,0.003980783271826473,14.634682,2.3326452,2068
19419,r6i1p1f1,2068,03,02,39.90962466360732,9.465825,0.22496763,2068
19420,r6i1p1f1,2068,03,03,6.440426001741134,6.1231937,-5.546801,2068
19421,r6i1p1f1,2068,03,04,8.734179032752463,5.8804126,-1.8573431,2068
19422,r6i1p1f1,2068,03,05,22.504772396773536,4.8198457,-3.9927063,2068
19423,r6i1p1f1,2068,03,06,0.7277944535144854,6.6377378,-0.42606232,2068
19424,r6i1p1f1,2068,03,07,0.07085361291629458,7.66417,-2.5421464,2068
19425,r6i1p1f1,2068,03,08,0.0,10.17076,-7.036409,2068
19426,r6i1p1f1,2068,03,09,0.0,12.141329,-6.451738,2068
19427,r6i1p1f1,2068,03,10,0.0,17.228165,-0.39678586,2068
19428,r6i1p1f1,2068,03,11,0.0,18.261625,2.3479798,2068
19429,r6i1p1f1,2068,03,12,2.4784824109512638,13.926748,-1.5060079,2068
19430,r6i1p1f1,2068,03,13,10.016374468219711,6.793594,-0.71059495,2068
19431,r6i1p1f1,2068,03,14,0.3668433585160738,9.459799,-5.466412,2068
19432,r6i1p1f1,2068,03,15,0.0,9.872923,-2.9097788,2068
19433,r6i1p1f1,2068,03,16,0.0,10.476838,-6.1863666,2068
19434,r6i1p1f1,2068,03,17,0.0,12.375514,-4.6972103,2068
19435,r6i1p1f1,2068,03,18,0.02117289514417586,12.028353,0.22280467,2068
19436,r6i1p1f1,2068,03,19,0.0008550841475039633,11.563836,-2.2521515,2068
19437,r6i1p1f1,2068,03,20,1.590167272893217,10.734475,0.4167446,2068
19438,r6i1p1f1,2068,03,21,8.205047998851121,9.384403,-6.020775,2068
19439,r6i1p1f1,2068,03,22,0.0,16.631567,-1.7140309,2068
19440,r6i1p1f1,2068,03,23,0.0,18.234657,-0.26649,2068
19441,r6i1p1f1,2068,03,24,0.0,17.7712,2.0175009,2068
19442,r6i1p1f1,2068,03,25,0.0013170591187188008,16.12901,-0.46362457,2068
19443,r6i1p1f1,2068,03,26,0.0,16.040873,-0.60088223,2068
19444,r6i1p1f1,2068,03,27,0.004906127002102162,16.993387,0.31689668,2068
19445,r6i1p1f1,2068,03,28,0.0,16.59916,1.217013,2068
19446,r6i1p1f1,2068,03,29,0.0,19.11536,0.32590947,2068
19447,r6i1p1f1,2068,03,30,0.29077423681803655,16.780674,0.7195467,2068
19448,r6i1p1f1,2068,03,31,0.0,20.43628,1.1738448,2068
19449,r6i1p1f1,2068,04,01,0.0,24.005074,4.659143,2068
19450,r6i1p1f1,2068,04,02,0.0,23.385815,4.8309135,2068
19451,r6i1p1f1,2068,04,03,0.1725791427001443,13.715041,-2.2678711,2068
19452,r6i1p1f1,2068,04,04,0.0,13.070842,-4.126006,2068
19453,r6i1p1f1,2068,04,05,0.00838249118713426,13.782084,-1.4490689,2068
19454,r6i1p1f1,2068,04,06,0.0,16.242775,-2.0555577,2068
19455,r6i1p1f1,2068,04,07,0.0,17.815876,-1.283395,2068
19456,r6i1p1f1,2068,04,08,0.0,19.325958,0.8336995,2068
19457,r6i1p1f1,2068,04,09,0.0,24.593191,5.6504974,2068
19458,r6i1p1f1,2068,04,10,0.0,25.836739,6.969016,2068
19459,r6i1p1f1,2068,04,11,0.291387615854662,18.307156,0.047486477,2068
19460,r6i1p1f1,2068,04,12,10.52986886398422,8.192947,-1.9933336,2068
19461,r6i1p1f1,2068,04,13,2.7903003065815297,8.720139,-6.623446,2068
19462,r6i1p1f1,2068,04,14,1.5361618434320055,7.3572435,-4.131361,2068
19463,r6i1p1f1,2068,04,15,8.277172540314076,8.002475,-3.7297866,2068
19464,r6i1p1f1,2068,04,16,20.0586686593011,7.523758,-3.0463858,2068
19465,r6i1p1f1,2068,04,17,0.0,11.751031,-3.0371823,2068
19466,r6i1p1f1,2068,04,18,0.0,16.750582,-1.6990544,2068
19467,r6i1p1f1,2068,04,19,0.0,20.873486,2.448774,2068
19468,r6i1p1f1,2068,04,20,0.0,21.058073,3.3792899,2068
19469,r6i1p1f1,2068,04,21,0.0,19.76267,2.3275402,2068
19470,r6i1p1f1,2068,04,22,0.05594501203245358,18.233727,2.8882143,2068
19471,r6i1p1f1,2068,04,23,0.0,20.50844,1.4219319,2068
19472,r6i1p1f1,2068,04,24,0.0,20.90759,2.5226467,2068
19473,r6i1p1f1,2068,04,25,0.09525117448493355,17.505917,-1.7664106,2068
19474,r6i1p1f1,2068,04,26,0.0028677147683784073,8.922063,-7.2383094,2068
19475,r6i1p1f1,2068,04,27,0.0018084141448685698,8.899008,-7.487602,2068
19476,r6i1p1f1,2068,04,28,0.0,13.496821,-3.5213063,2068
19477,r6i1p1f1,2068,04,29,1.5616252675040343,11.244068,-1.8125451,2068
19478,r6i1p1f1,2068,04,30,0.45799981206011203,12.931144,1.2030122,2068
19479,r6i1p1f1,2068,05,01,0.26163342349920465,13.659736,-0.21617442,2068
19480,r6i1p1f1,2068,05,02,0.24427943176969671,19.555695,2.279081,2068
19481,r6i1p1f1,2068,05,03,1.4000293610135965,19.780127,1.0517617,2068
19482,r6i1p1f1,2068,05,04,0.006089574116435882,22.480234,1.4537599,2068
19483,r6i1p1f1,2068,05,05,0.07170278613737315,23.195011,4.6069384,2068
19484,r6i1p1f1,2068,05,06,1.6522641486833596,21.826376,3.130875,2068
19485,r6i1p1f1,2068,05,07,0.387954626995354,24.004547,5.2215977,2068
19486,r6i1p1f1,2068,05,08,1.0183060080314845,21.231325,3.4919631,2068
19487,r6i1p1f1,2068,05,09,0.01690961151010616,23.295296,6.6865673,2068
19488,r6i1p1f1,2068,05,10,0.0,28.526983,7.162208,2068
19489,r6i1p1f1,2068,05,11,0.0,29.480453,9.868433,2068
19490,r6i1p1f1,2068,05,12,0.0,28.523539,9.936891,2068
19491,r6i1p1f1,2068,05,13,0.20293306080238815,21.107845,1.0508066,2068
19492,r6i1p1f1,2068,05,14,0.0,20.315765,1.1379156,2068
19493,r6i1p1f1,2068,05,15,0.0,23.533634,3.83066,2068
19494,r6i1p1f1,2068,05,16,0.0,25.795189,5.800068,2068
19495,r6i1p1f1,2068,05,17,0.0,28.988422,8.182847,2068
19496,r6i1p1f1,2068,05,18,0.0,28.95284,9.218841,2068
19497,r6i1p1f1,2068,05,19,0.0,29.212765,8.94401,2068
19498,r6i1p1f1,2068,05,20,0.05137497290208804,28.769354,10.050813,2068
19499,r6i1p1f1,2068,05,21,0.0,25.778673,5.8560705,2068
19500,r6i1p1f1,2068,05,22,0.0,28.998018,7.9352274,2068
19501,r6i1p1f1,2068,05,23,0.0,31.040035,10.303951,2068
19502,r6i1p1f1,2068,05,24,0.0,31.10112,10.021789,2068
19503,r6i1p1f1,2068,05,25,0.0,30.779753,10.292023,2068
19504,r6i1p1f1,2068,05,26,0.0,29.406584,9.126901,2068
19505,r6i1p1f1,2068,05,27,0.0,26.908894,7.8465304,2068
19506,r6i1p1f1,2068,05,28,0.3745605869088961,24.411402,6.1301885,2068
19507,r6i1p1f1,2068,05,29,0.0,27.255163,7.251574,2068
19508,r6i1p1f1,2068,05,30,0.0,29.406935,9.947107,2068
19509,r6i1p1f1,2068,05,31,0.0,32.775486,11.806565,2068
19510,r6i1p1f1,2068,06,01,0.0,34.781876,16.053226,2068
19511,r6i1p1f1,2068,06,02,0.0,32.757534,12.971916,2068
19512,r6i1p1f1,2068,06,03,0.0,30.213161,10.340571,2068
19513,r6i1p1f1,2068,06,04,0.0,28.654396,8.9955225,2068
19514,r6i1p1f1,2068,06,05,0.0,24.3539,4.474934,2068
19515,r6i1p1f1,2068,06,06,0.012628445824034405,24.090727,5.102587,2068
19516,r6i1p1f1,2068,06,07,0.7401723338133614,21.600979,2.8997638,2068
19517,r6i1p1f1,2068,06,08,4.620877438127352,13.327727,0.20811057,2068
19518,r6i1p1f1,2068,06,09,0.0,20.682434,3.6677282,2068
19519,r6i1p1f1,2068,06,10,0.01650327273366473,21.375141,4.748235,2068
19520,r6i1p1f1,2068,06,11,9.570786782905138,12.216078,7.492726,2068
19521,r6i1p1f1,2068,06,12,2.6634855894675193,16.39402,1.3449407,2068
19522,r6i1p1f1,2068,06,13,0.0,24.213394,8.9247675,2068
19523,r6i1p1f1,2068,06,14,0.0,26.860714,7.860658,2068
19524,r6i1p1f1,2068,06,15,2.776930807900335,22.799166,4.9924045,2068
19525,r6i1p1f1,2068,06,16,0.07633138900812624,22.74208,8.764453,2068
19526,r6i1p1f1,2068,06,17,0.0,24.28993,5.2070937,2068
19527,r6i1p1f1,2068,06,18,0.0,26.752264,9.2747965,2068
19528,r6i1p1f1,2068,06,19,0.5699851394224573,24.498497,5.642521,2068
19529,r6i1p1f1,2068,06,20,0.005307844663282756,27.116495,7.677557,2068
19530,r6i1p1f1,2068,06,21,0.0,26.809702,7.866843,2068
19531,r6i1p1f1,2068,06,22,0.0,29.549454,9.096511,2068
19532,r6i1p1f1,2068,06,23,0.0,32.553375,11.81274,2068
19533,r6i1p1f1,2068,06,24,0.0,35.046528,14.62364,2068
19534,r6i1p1f1,2068,06,25,0.0,35.76677,16.623125,2068
19535,r6i1p1f1,2068,06,26,0.02655570477671336,34.020374,13.875102,2068
19536,r6i1p1f1,2068,06,27,0.0,32.71876,12.587337,2068
19537,r6i1p1f1,2068,06,28,0.0,32.797787,12.309405,2068
19538,r6i1p1f1,2068,06,29,0.0,32.844322,12.102481,2068
19539,r6i1p1f1,2068,06,30,0.0,31.825474,12.409938,2068
19540,r6i1p1f1,2068,07,01,0.0,32.058563,11.277492,2068
19541,r6i1p1f1,2068,07,02,0.0,34.07803,13.26379,2068
19542,r6i1p1f1,2068,07,03,0.0,35.610867,14.490454,2068
19543,r6i1p1f1,2068,07,04,0.0,35.1814,12.882654,2068
19544,r6i1p1f1,2068,07,05,0.0,34.793243,13.52898,2068
19545,r6i1p1f1,2068,07,06,0.0,31.871717,11.382805,2068
19546,r6i1p1f1,2068,07,07,0.0,32.52632,11.323766,2068
19547,r6i1p1f1,2068,07,08,0.9995933885680834,31.602535,10.309457,2068
19548,r6i1p1f1,2068,07,09,0.0123710652473527,26.751133,11.686782,2068
19549,r6i1p1f1,2068,07,10,0.0,28.626646,11.299946,2068
19550,r6i1p1f1,2068,07,11,0.0,30.47896,9.993456,2068
19551,r6i1p1f1,2068,07,12,0.013964546648040688,28.791054,9.918155,2068
19552,r6i1p1f1,2068,07,13,0.0,27.340338,9.018008,2068
19553,r6i1p1f1,2068,07,14,0.0,29.253716,9.276325,2068
19554,r6i1p1f1,2068,07,15,0.0,29.205547,8.911096,2068
19555,r6i1p1f1,2068,07,16,0.0,30.322086,9.483572,2068
19556,r6i1p1f1,2068,07,17,0.0,33.242435,11.789986,2068
19557,r6i1p1f1,2068,07,18,0.0,33.794247,13.286507,2068
19558,r6i1p1f1,2068,07,19,1.0384958574821919,33.50778,13.723729,2068
19559,r6i1p1f1,2068,07,20,5.912680487839979,29.721731,14.087113,2068
19560,r6i1p1f1,2068,07,21,0.07289999306442356,30.468794,13.956094,2068
19561,r6i1p1f1,2068,07,22,0.0,33.42559,13.344817,2068
19562,r6i1p1f1,2068,07,23,0.0,35.355873,14.545771,2068
19563,r6i1p1f1,2068,07,24,0.0012634696772661537,35.36875,15.579766,2068
19564,r6i1p1f1,2068,07,25,0.00727682444478526,34.62128,15.180122,2068
19565,r6i1p1f1,2068,07,26,0.0,34.437416,14.339141,2068
19566,r6i1p1f1,2068,07,27,0.0,36.99573,14.99129,2068
19567,r6i1p1f1,2068,07,28,0.0,40.22727,18.034256,2068
19568,r6i1p1f1,2068,07,29,0.0,40.377956,19.297647,2068
19569,r6i1p1f1,2068,07,30,0.0,40.62054,18.830044,2068
19570,r6i1p1f1,2068,07,31,0.0,39.64454,17.949095,2068
19571,r6i1p1f1,2068,08,01,0.07664676735957288,39.01191,17.717352,2068
19572,r6i1p1f1,2068,08,02,0.0,37.712276,16.736202,2068
19573,r6i1p1f1,2068,08,03,0.0,36.505722,15.785392,2068
19574,r6i1p1f1,2068,08,04,0.0,36.106907,15.464566,2068
19575,r6i1p1f1,2068,08,05,0.37367449789985985,37.04358,17.269623,2068
19576,r6i1p1f1,2068,08,06,3.389018606553895,36.06079,16.54932,2068
19577,r6i1p1f1,2068,08,07,1.986311975085501,35.148067,15.282486,2068
19578,r6i1p1f1,2068,08,08,0.28548267245767206,34.343082,16.132015,2068
19579,r6i1p1f1,2068,08,09,0.2944906592131909,30.093395,11.914895,2068
19580,r6i1p1f1,2068,08,10,1.6555609173790795,26.482872,10.862762,2068
19581,r6i1p1f1,2068,08,11,0.0,29.48494,10.070228,2068
19582,r6i1p1f1,2068,08,12,0.0,30.55904,11.364118,2068
19583,r6i1p1f1,2068,08,13,0.0,30.497322,11.804883,2068
19584,r6i1p1f1,2068,08,14,0.0,31.11831,11.381749,2068
19585,r6i1p1f1,2068,08,15,0.0,31.409168,10.535311,2068
19586,r6i1p1f1,2068,08,16,0.0,30.53548,10.777277,2068
19587,r6i1p1f1,2068,08,17,0.0,31.410276,12.250323,2068
19588,r6i1p1f1,2068,08,18,0.0,30.093086,10.58903,2068
19589,r6i1p1f1,2068,08,19,0.0,29.446747,10.595172,2068
19590,r6i1p1f1,2068,08,20,0.0,32.085346,11.35475,2068
19591,r6i1p1f1,2068,08,21,0.0,35.103657,14.013617,2068
19592,r6i1p1f1,2068,08,22,0.0,37.470963,16.808413,2068
19593,r6i1p1f1,2068,08,23,0.0,36.918594,16.52306,2068
19594,r6i1p1f1,2068,08,24,0.0,36.932774,15.827918,2068
19595,r6i1p1f1,2068,08,25,0.0,35.899536,15.141955,2068
19596,r6i1p1f1,2068,08,26,0.002198991499070172,35.235172,14.925264,2068
19597,r6i1p1f1,2068,08,27,0.0022146815464407603,34.784195,14.117506,2068
19598,r6i1p1f1,2068,08,28,0.0,34.17695,13.328674,2068
19599,r6i1p1f1,2068,08,29,0.0,32.56856,13.118416,2068
19600,r6i1p1f1,2068,08,30,0.0,31.14025,12.738206,2068
19601,r6i1p1f1,2068,08,31,0.4169494170125102,30.907467,10.678142,2068
19602,r6i1p1f1,2068,09,01,0.0,30.211636,13.327432,2068
19603,r6i1p1f1,2068,09,02,0.03483610317364379,30.40131,12.386954,2068
19604,r6i1p1f1,2068,09,03,0.0,32.05176,12.0270195,2068
19605,r6i1p1f1,2068,09,04,0.0,33.637325,13.207894,2068
19606,r6i1p1f1,2068,09,05,0.0,33.821804,12.650731,2068
19607,r6i1p1f1,2068,09,06,0.0,32.76087,12.775128,2068
19608,r6i1p1f1,2068,09,07,0.0,32.674145,12.134556,2068
19609,r6i1p1f1,2068,09,08,0.0,32.349483,11.63475,2068
19610,r6i1p1f1,2068,09,09,0.0,31.273952,12.052723,2068
19611,r6i1p1f1,2068,09,10,0.0,32.05342,11.580855,2068
19612,r6i1p1f1,2068,09,11,0.038808422736774525,34.361225,11.807732,2068
19613,r6i1p1f1,2068,09,12,1.1617670222327903,34.16757,13.15843,2068
19614,r6i1p1f1,2068,09,13,0.4349711431789372,34.47582,14.343701,2068
19615,r6i1p1f1,2068,09,14,0.40393070243326384,33.160343,12.584726,2068
19616,r6i1p1f1,2068,09,15,0.28875367886965064,32.471786,12.163975,2068
19617,r6i1p1f1,2068,09,16,10.79221428877122,22.981564,8.627973,2068
19618,r6i1p1f1,2068,09,17,8.523053562815132,17.47738,4.606131,2068
19619,r6i1p1f1,2068,09,18,3.4803920927745158,18.739527,4.757476,2068
19620,r6i1p1f1,2068,09,19,3.35480541602872,22.941172,6.9958906,2068
19621,r6i1p1f1,2068,09,20,0.30395749823492757,29.546759,11.290428,2068
19622,r6i1p1f1,2068,09,21,0.0,31.814152,13.709253,2068
19623,r6i1p1f1,2068,09,22,0.0,31.387386,13.026905,2068
19624,r6i1p1f1,2068,09,23,0.0,31.18788,12.230906,2068
19625,r6i1p1f1,2068,09,24,0.0,33.40429,13.019363,2068
19626,r6i1p1f1,2068,09,25,0.0,32.76078,15.772348,2068
19627,r6i1p1f1,2068,09,26,0.0,32.616573,12.594868,2068
19628,r6i1p1f1,2068,09,27,0.009955584944804285,32.91997,12.548173,2068
19629,r6i1p1f1,2068,09,28,0.0,32.52913,12.886464,2068
19630,r6i1p1f1,2068,09,29,0.0,32.28664,14.185743,2068
19631,r6i1p1f1,2068,09,30,0.0,32.278088,12.310306,2068
19632,r6i1p1f1,2068,10,01,0.0,32.25668,11.993145,2068
19633,r6i1p1f1,2068,10,02,0.0,31.129267,12.117697,2068
19634,r6i1p1f1,2068,10,03,0.0,32.359253,12.139078,2068
19635,r6i1p1f1,2068,10,04,0.0,32.11211,12.774567,2068
19636,r6i1p1f1,2068,10,05,0.0,31.635235,11.738952,2068
19637,r6i1p1f1,2068,10,06,0.0,31.81593,11.666998,2068
19638,r6i1p1f1,2068,10,07,0.0,29.262022,10.008527,2068
19639,r6i1p1f1,2068,10,08,0.0,31.078125,10.216335,2068
19640,r6i1p1f1,2068,10,09,0.0,32.46909,11.952988,2068
19641,r6i1p1f1,2068,10,10,0.0,32.94572,11.957923,2068
19642,r6i1p1f1,2068,10,11,0.005744550862329161,31.128374,9.448111,2068
19643,r6i1p1f1,2068,10,12,0.060762349043709966,23.749804,6.8318706,2068
19644,r6i1p1f1,2068,10,13,0.0,24.480469,5.970543,2068
19645,r6i1p1f1,2068,10,14,0.0,25.34784,6.780846,2068
19646,r6i1p1f1,2068,10,15,0.0,26.903477,7.8181787,2068
19647,r6i1p1f1,2068,10,16,0.0,26.627539,6.5375323,2068
19648,r6i1p1f1,2068,10,17,1.023222403950824,23.051594,3.5307944,2068
19649,r6i1p1f1,2068,10,18,0.7226768437247176,16.42484,0.20643899,2068
19650,r6i1p1f1,2068,10,19,0.006604217622406235,15.431176,-1.6093534,2068
19651,r6i1p1f1,2068,10,20,0.0,18.074347,-2.8832436,2068
19652,r6i1p1f1,2068,10,21,0.0,18.525717,1.5048764,2068
19653,r6i1p1f1,2068,10,22,9.0147088455708,15.168682,3.5800412,2068
19654,r6i1p1f1,2068,10,23,1.4178657700346058,12.912702,2.5053084,2068
19655,r6i1p1f1,2068,10,24,0.0,15.082639,0.16880189,2068
19656,r6i1p1f1,2068,10,25,0.0012235755798902675,18.064577,3.89695,2068
19657,r6i1p1f1,2068,10,26,0.00770786538334859,18.319302,5.651022,2068
19658,r6i1p1f1,2068,10,27,10.376219061997675,16.476418,5.577858,2068
19659,r6i1p1f1,2068,10,28,16.259860099122932,11.817623,2.0101454,2068
19660,r6i1p1f1,2068,10,29,0.0,15.555343,0.50283945,2068
19661,r6i1p1f1,2068,10,30,0.0,19.416847,3.1032176,2068
19662,r6i1p1f1,2068,10,31,0.0,23.495548,6.181832,2068
19663,r6i1p1f1,2068,11,01,0.0,23.623787,7.3644032,2068
19664,r6i1p1f1,2068,11,02,0.0,22.035868,5.901509,2068
19665,r6i1p1f1,2068,11,03,0.0,14.92752,-0.90414613,2068
19666,r6i1p1f1,2068,11,04,0.0,16.258146,-0.47530526,2068
19667,r6i1p1f1,2068,11,05,0.0,18.40202,0.6615138,2068
19668,r6i1p1f1,2068,11,06,0.0,22.409878,2.151445,2068
19669,r6i1p1f1,2068,11,07,0.0,21.320972,2.7139783,2068
19670,r6i1p1f1,2068,11,08,0.0,20.313074,3.7028604,2068
19671,r6i1p1f1,2068,11,09,0.7442911595997299,12.897813,-1.5958433,2068
19672,r6i1p1f1,2068,11,10,0.0,7.9804683,-6.078169,2068
19673,r6i1p1f1,2068,11,11,0.0,7.9663677,-6.92458,2068
19674,r6i1p1f1,2068,11,12,0.0,9.7237625,-7.592513,2068
19675,r6i1p1f1,2068,11,13,0.0,12.77609,-6.09711,2068
19676,r6i1p1f1,2068,11,14,0.0,14.710518,-3.1631546,2068
19677,r6i1p1f1,2068,11,15,0.22645750296531572,12.791583,1.3533647,2068
19678,r6i1p1f1,2068,11,16,0.5731212961424116,8.886641,-3.39582,2068
19679,r6i1p1f1,2068,11,17,0.0,10.140157,-7.966367,2068
19680,r6i1p1f1,2068,11,18,0.0,14.165058,-3.549632,2068
19681,r6i1p1f1,2068,11,19,0.0695185816889736,13.51536,-0.66524416,2068
19682,r6i1p1f1,2068,11,20,0.0,12.517266,-0.9327863,2068
19683,r6i1p1f1,2068,11,21,0.04143032646639497,10.799973,2.1174972,2068
19684,r6i1p1f1,2068,11,22,0.34277072431652483,10.804949,4.4841394,2068
19685,r6i1p1f1,2068,11,23,0.0,9.977352,-0.1566656,2068
19686,r6i1p1f1,2068,11,24,0.0030904463385313923,9.740716,-1.609029,2068
19687,r6i1p1f1,2068,11,25,0.0,14.6267805,-4.128088,2068
19688,r6i1p1f1,2068,11,26,0.04008245058180075,15.547196,-0.14083697,2068
19689,r6i1p1f1,2068,11,27,0.0,17.216732,-1.5117793,2068
19690,r6i1p1f1,2068,11,28,0.0,17.42401,-2.1948106,2068
19691,r6i1p1f1,2068,11,29,0.0,13.676627,-5.59729,2068
19692,r6i1p1f1,2068,11,30,0.0,12.967401,-5.8609214,2068
19693,r6i1p1f1,2068,12,01,0.0,13.152759,1.4505864,2068
19694,r6i1p1f1,2068,12,02,0.0,11.383287,-0.40880603,2068
19695,r6i1p1f1,2068,12,03,7.690366385861441,4.612936,-1.4081799,2068
19696,r6i1p1f1,2068,12,04,0.0016744556189188659,5.555838,-3.6008778,2068
19697,r6i1p1f1,2068,12,05,0.0,7.0986657,-6.189956,2068
19698,r6i1p1f1,2068,12,06,0.0,8.678204,-3.8765278,2068
19699,r6i1p1f1,2068,12,07,0.0,11.014773,-2.9579995,2068
19700,r6i1p1f1,2068,12,08,0.0,9.305616,0.65569097,2068
19701,r6i1p1f1,2068,12,09,0.0,8.545605,1.1429881,2068
19702,r6i1p1f1,2068,12,10,0.7604791020564964,3.682131,-6.6553264,2068
19703,r6i1p1f1,2068,12,11,7.242437083433754,-0.29693788,-7.3302474,2068
19704,r6i1p1f1,2068,12,12,5.04632121753991,2.5692103,-4.7593846,2068
19705,r6i1p1f1,2068,12,13,5.64341399997264,0.79562145,-4.448661,2068
19706,r6i1p1f1,2068,12,14,3.6312744562792068,1.4037794,-4.9042873,2068
19707,r6i1p1f1,2068,12,15,7.665390630717387,5.9159985,-5.3902345,2068
19708,r6i1p1f1,2068,12,16,6.7150988250552,7.2716374,-0.8271158,2068
19709,r6i1p1f1,2068,12,17,21.133758929211343,9.511088,1.443689,2068
19710,r6i1p1f1,2068,12,18,7.389402034696464,10.400813,-1.9478459,2068
19711,r6i1p1f1,2068,12,19,0.0034321355061005267,8.966809,-4.7020106,2068
19712,r6i1p1f1,2068,12,20,0.0019638692348169333,10.231546,-2.651218,2068
19713,r6i1p1f1,2068,12,21,2.728525978859485,6.8029704,-4.4745493,2068
19714,r6i1p1f1,2068,12,22,0.0,3.9105737,-8.795836,2068
19715,r6i1p1f1,2068,12,23,0.0,5.5352764,-7.287218,2068
19716,r6i1p1f1,2068,12,24,2.329467116569654,3.8256447,-7.6514354,2068
19717,r6i1p1f1,2068,12,25,0.13662944272932256,0.99778134,-4.2894826,2068
19718,r6i1p1f1,2068,12,26,5.843165594518444,6.2557487,-4.3136106,2068
19719,r6i1p1f1,2068,12,27,0.07850149609036777,9.288052,1.1280128,2068
19720,r6i1p1f1,2068,12,28,0.0,9.866054,1.7252271,2068
19721,r6i1p1f1,2068,12,29,1.0035869312836059,8.151271,-2.7945936,2068
19722,r6i1p1f1,2068,12,30,0.5159277594551548,7.84668,-1.1006912,2068
19723,r6i1p1f1,2068,12,31,0.0,9.643353,-1.9538169,2068
19724,r6i1p1f1,2069,01,01,0.12856434347684295,9.481051,-0.8672954,2069
19725,r6i1p1f1,2069,01,02,0.16586081390245458,8.545669,1.8441577,2069
19726,r6i1p1f1,2069,01,03,0.002014119948829901,13.386789,5.499279,2069
19727,r6i1p1f1,2069,01,04,0.15255952588775656,10.0447445,2.7478478,2069
19728,r6i1p1f1,2069,01,05,5.850016668952296,7.6922297,0.095687464,2069
19729,r6i1p1f1,2069,01,06,0.0,8.012373,-0.4644211,2069
19730,r6i1p1f1,2069,01,07,25.87064949272077,8.119563,-1.7538439,2069
19731,r6i1p1f1,2069,01,08,5.4513160435124375,6.816826,-5.0283785,2069
19732,r6i1p1f1,2069,01,09,16.7132262797085,2.4222822,-4.596189,2069
19733,r6i1p1f1,2069,01,10,1.2995666455315111,2.7321007,-6.032679,2069
19734,r6i1p1f1,2069,01,11,16.397561561487436,2.0765755,-3.533743,2069
19735,r6i1p1f1,2069,01,12,21.18479098281281,4.210689,-1.0376278,2069
19736,r6i1p1f1,2069,01,13,5.25353613326533,1.4962453,-7.126605,2069
19737,r6i1p1f1,2069,01,14,0.1271005074978459,1.1006309,-9.902374,2069
19738,r6i1p1f1,2069,01,15,0.0,1.8444582,-11.256556,2069
19739,r6i1p1f1,2069,01,16,0.0,2.253494,-9.622718,2069
19740,r6i1p1f1,2069,01,17,2.0899979525912245,2.471657,-4.4705067,2069
19741,r6i1p1f1,2069,01,18,2.171488518421123,0.7355713,-3.0713663,2069
19742,r6i1p1f1,2069,01,19,1.950506683445425,5.8964095,-0.77273065,2069
19743,r6i1p1f1,2069,01,20,0.028879040427562466,5.9184365,-6.5541778,2069
19744,r6i1p1f1,2069,01,21,0.0,4.4947357,-9.942166,2069
19745,r6i1p1f1,2069,01,22,0.0,7.6233783,-6.565602,2069
19746,r6i1p1f1,2069,01,23,0.0,9.844216,-6.2259035,2069
19747,r6i1p1f1,2069,01,24,0.0,11.991908,-3.6877499,2069
19748,r6i1p1f1,2069,01,25,0.07665829364759653,8.829981,-4.155474,2069
19749,r6i1p1f1,2069,01,26,14.131576224783887,5.291005,-1.1603993,2069
19750,r6i1p1f1,2069,01,27,8.525015408207144,7.926323,2.170643,2069
19751,r6i1p1f1,2069,01,28,29.229283254597565,11.566833,0.8564079,2069
19752,r6i1p1f1,2069,01,29,31.804116588234724,6.653395,-1.0262028,2069
19753,r6i1p1f1,2069,01,30,14.746006442417658,6.225936,-6.646558,2069
19754,r6i1p1f1,2069,01,31,3.1856221282692085,4.760755,-4.1455574,2069
19755,r6i1p1f1,2069,02,01,24.965619415350975,6.7081656,-2.440488,2069
19756,r6i1p1f1,2069,02,02,17.691243860456986,8.325115,-3.6551492,2069
19757,r6i1p1f1,2069,02,03,0.018631317381712097,7.244597,-5.1586814,2069
19758,r6i1p1f1,2069,02,04,0.5266817113821193,5.367035,-3.3611372,2069
19759,r6i1p1f1,2069,02,05,3.7078430196309196,9.417992,-0.56454295,2069
19760,r6i1p1f1,2069,02,06,0.05860408110351698,11.96495,1.7831838,2069
19761,r6i1p1f1,2069,02,07,0.0,18.284124,4.0882287,2069
19762,r6i1p1f1,2069,02,08,0.0,19.613497,4.882322,2069
19763,r6i1p1f1,2069,02,09,27.08750542568428,13.974696,2.7933629,2069
19764,r6i1p1f1,2069,02,10,27.61456491989977,10.600595,-3.1039655,2069
19765,r6i1p1f1,2069,02,11,19.310555013898778,4.487861,-3.723421,2069
19766,r6i1p1f1,2069,02,12,4.6823418087711435,4.0347686,-3.8305216,2069
19767,r6i1p1f1,2069,02,13,32.2236755871403,8.592196,-3.5216393,2069
19768,r6i1p1f1,2069,02,14,4.905146178211696,4.98536,-7.0501237,2069
19769,r6i1p1f1,2069,02,15,0.08993641494840511,2.8399727,-8.08221,2069
19770,r6i1p1f1,2069,02,16,1.4655493381957556,2.3959455,-2.939669,2069
19771,r6i1p1f1,2069,02,17,0.0,7.492522,-7.427001,2069
19772,r6i1p1f1,2069,02,18,0.0,11.9700365,-4.685492,2069
19773,r6i1p1f1,2069,02,19,0.0,14.7238655,0.35367742,2069
19774,r6i1p1f1,2069,02,20,0.0,20.144667,3.980973,2069
19775,r6i1p1f1,2069,02,21,0.0,21.14439,4.9651904,2069
19776,r6i1p1f1,2069,02,22,0.0,20.543533,5.6377788,2069
19777,r6i1p1f1,2069,02,23,0.006787828416993984,20.324265,4.2636313,2069
19778,r6i1p1f1,2069,02,24,20.95346643932212,12.9901285,0.8200776,2069
19779,r6i1p1f1,2069,02,25,5.3920023717022705,5.883559,-6.5523376,2069
19780,r6i1p1f1,2069,02,26,6.996893923797238,3.4399521,-6.6250086,2069
19781,r6i1p1f1,2069,02,27,15.400278575675417,7.8302116,-2.0281832,2069
19782,r6i1p1f1,2069,02,28,14.974991199792548,10.906684,-0.07805297,2069
19783,r6i1p1f1,2069,03,01,4.67716315152626,13.694003,4.077768,2069
19784,r6i1p1f1,2069,03,02,19.245558223225284,9.962063,4.173671,2069
19785,r6i1p1f1,2069,03,03,4.320380048575015,13.572997,4.7643075,2069
19786,r6i1p1f1,2069,03,04,3.4702945376919034,17.017725,8.216024,2069
19787,r6i1p1f1,2069,03,05,4.5350121396806875,14.287059,-0.15853485,2069
19788,r6i1p1f1,2069,03,06,0.9552957153459525,13.961889,-5.5310626,2069
19789,r6i1p1f1,2069,03,07,0.0,0.90884614,-12.457105,2069
19790,r6i1p1f1,2069,03,08,0.0,5.2678103,-11.130969,2069
19791,r6i1p1f1,2069,03,09,0.06016227726884842,10.461909,-1.31891,2069
19792,r6i1p1f1,2069,03,10,0.012247745495962546,10.86224,-5.701722,2069
19793,r6i1p1f1,2069,03,11,0.45260598579223654,8.267467,0.64912134,2069
19794,r6i1p1f1,2069,03,12,0.0,10.534888,-4.9133935,2069
19795,r6i1p1f1,2069,03,13,0.0,14.051649,-5.1632643,2069
19796,r6i1p1f1,2069,03,14,0.7236628517469417,15.134706,0.7689789,2069
19797,r6i1p1f1,2069,03,15,7.939521382297996,9.374633,1.5259508,2069
19798,r6i1p1f1,2069,03,16,2.4845536186241666,8.503655,-5.2157083,2069
19799,r6i1p1f1,2069,03,17,0.25842888467762043,4.388746,-9.797439,2069
19800,r6i1p1f1,2069,03,18,0.0,9.808826,-8.584767,2069
19801,r6i1p1f1,2069,03,19,0.0,13.182223,-5.8405256,2069
19802,r6i1p1f1,2069,03,20,0.0026590420446335724,12.513295,-1.7039539,2069
19803,r6i1p1f1,2069,03,21,0.029004112689023837,11.311051,-2.1841269,2069
19804,r6i1p1f1,2069,03,22,5.059128165021442,11.574058,-0.095829874,2069
19805,r6i1p1f1,2069,03,23,0.2999038211276528,13.792616,4.5813584,2069
19806,r6i1p1f1,2069,03,24,8.391204174977087,11.414314,-1.8417871,2069
19807,r6i1p1f1,2069,03,25,0.050576818558816905,14.019157,5.0377283,2069
19808,r6i1p1f1,2069,03,26,6.823603115342845,14.800267,2.8786955,2069
19809,r6i1p1f1,2069,03,27,5.771952426018061,14.568627,5.373205,2069
19810,r6i1p1f1,2069,03,28,21.57483600406175,10.365342,1.991288,2069
19811,r6i1p1f1,2069,03,29,0.03290138375199407,13.740581,-1.5284123,2069
19812,r6i1p1f1,2069,03,30,0.0,12.989969,-2.089786,2069
19813,r6i1p1f1,2069,03,31,0.0,14.245061,-0.9810371,2069
19814,r6i1p1f1,2069,04,01,0.0,20.294662,-0.6131392,2069
19815,r6i1p1f1,2069,04,02,0.0,23.356377,2.1207316,2069
19816,r6i1p1f1,2069,04,03,0.0,26.578894,6.3192463,2069
19817,r6i1p1f1,2069,04,04,0.0,25.856955,8.130413,2069
19818,r6i1p1f1,2069,04,05,0.0,21.838318,4.1457763,2069
19819,r6i1p1f1,2069,04,06,0.4191016279113603,18.687626,3.5708528,2069
19820,r6i1p1f1,2069,04,07,0.10349969359615395,14.112511,5.1742735,2069
19821,r6i1p1f1,2069,04,08,0.018004835960250532,18.654135,-0.57722706,2069
19822,r6i1p1f1,2069,04,09,0.0,16.370594,3.1748846,2069
19823,r6i1p1f1,2069,04,10,0.4148197467520075,11.632749,0.7900168,2069
19824,r6i1p1f1,2069,04,11,0.3358749776268178,12.972394,-2.708952,2069
19825,r6i1p1f1,2069,04,12,0.0,17.218422,-1.8271573,2069
19826,r6i1p1f1,2069,04,13,0.0,20.623629,2.0540426,2069
19827,r6i1p1f1,2069,04,14,0.0,22.671389,4.327207,2069
19828,r6i1p1f1,2069,04,15,0.0,23.961025,5.0867133,2069
19829,r6i1p1f1,2069,04,16,0.0,23.562,5.0143504,2069
19830,r6i1p1f1,2069,04,17,0.0,22.601501,4.85865,2069
19831,r6i1p1f1,2069,04,18,0.8083073293041019,20.021675,3.0241563,2069
19832,r6i1p1f1,2069,04,19,9.568146515022248,11.430683,-1.0522207,2069
19833,r6i1p1f1,2069,04,20,4.18938985880006,11.319121,1.5198817,2069
19834,r6i1p1f1,2069,04,21,6.560524579857133,10.605636,-1.0014597,2069
19835,r6i1p1f1,2069,04,22,4.3705757334077155,13.485467,1.3544244,2069
19836,r6i1p1f1,2069,04,23,1.995946881527173,14.025355,1.4705848,2069
19837,r6i1p1f1,2069,04,24,3.2836285210760154,12.92479,-3.13749,2069
19838,r6i1p1f1,2069,04,25,4.414056513171123,15.393534,-1.9093854,2069
19839,r6i1p1f1,2069,04,26,0.7035523140871617,16.69568,4.328767,2069
19840,r6i1p1f1,2069,04,27,1.126396332655838,20.282957,2.4557164,2069
19841,r6i1p1f1,2069,04,28,0.11448644431973042,23.09059,6.0244203,2069
19842,r6i1p1f1,2069,04,29,0.5433092060291418,22.529448,5.8650365,2069
19843,r6i1p1f1,2069,04,30,2.351474076307522,19.095028,2.4198039,2069
19844,r6i1p1f1,2069,05,01,6.665572072823595,15.162161,-0.31617862,2069
19845,r6i1p1f1,2069,05,02,0.0012926166948673472,17.662376,0.62200224,2069
19846,r6i1p1f1,2069,05,03,0.0,18.742222,1.441911,2069
19847,r6i1p1f1,2069,05,04,0.0,19.989752,2.2857883,2069
19848,r6i1p1f1,2069,05,05,0.0,23.273273,3.1861775,2069
19849,r6i1p1f1,2069,05,06,0.0,25.4789,8.240385,2069
19850,r6i1p1f1,2069,05,07,0.0,27.047134,10.070878,2069
19851,r6i1p1f1,2069,05,08,1.8930030536054103,18.02914,5.1264057,2069
19852,r6i1p1f1,2069,05,09,1.1115053155147923,19.233774,2.1996908,2069
19853,r6i1p1f1,2069,05,10,0.17179272551588567,18.953949,1.4542999,2069
19854,r6i1p1f1,2069,05,11,1.7635057757015533,16.363829,0.068491004,2069
19855,r6i1p1f1,2069,05,12,8.916047078180044,13.908577,-1.4091381,2069
19856,r6i1p1f1,2069,05,13,0.06792881876908884,19.456148,0.28568777,2069
19857,r6i1p1f1,2069,05,14,0.0004238351925790413,21.763012,6.60853,2069
19858,r6i1p1f1,2069,05,15,0.6067617120035714,19.116196,3.725397,2069
19859,r6i1p1f1,2069,05,16,7.105979313447745,12.577978,-4.652259,2069
19860,r6i1p1f1,2069,05,17,1.9880797200262206,17.249865,-0.9216236,2069
19861,r6i1p1f1,2069,05,18,2.1242310870669967,18.57825,0.7070808,2069
19862,r6i1p1f1,2069,05,19,3.8935504312053526,19.500422,2.5169632,2069
19863,r6i1p1f1,2069,05,20,0.0,20.94512,4.0335994,2069
19864,r6i1p1f1,2069,05,21,0.11556620453652353,17.07775,0.77209425,2069
19865,r6i1p1f1,2069,05,22,0.6956464761980191,13.993724,3.7131364,2069
19866,r6i1p1f1,2069,05,23,0.0,18.810612,4.3084517,2069
19867,r6i1p1f1,2069,05,24,0.05546473066068893,18.133694,2.9101212,2069
19868,r6i1p1f1,2069,05,25,0.07435059590484297,17.77854,-0.05622031,2069
19869,r6i1p1f1,2069,05,26,0.0,20.106321,3.2523963,2069
19870,r6i1p1f1,2069,05,27,0.0,21.770744,3.0366068,2069
19871,r6i1p1f1,2069,05,28,0.0,24.716646,5.218026,2069
19872,r6i1p1f1,2069,05,29,0.39029484886246374,22.11408,3.4351177,2069
19873,r6i1p1f1,2069,05,30,0.0,21.872967,5.2768383,2069
19874,r6i1p1f1,2069,05,31,0.0,24.556114,6.578391,2069
19875,r6i1p1f1,2069,06,01,0.0,24.269089,4.256327,2069
19876,r6i1p1f1,2069,06,02,0.00013474900177346452,22.04112,3.5954697,2069
19877,r6i1p1f1,2069,06,03,0.0536795245437132,17.489414,3.8609676,2069
19878,r6i1p1f1,2069,06,04,0.0,16.85141,-0.38633087,2069
19879,r6i1p1f1,2069,06,05,0.0,19.979397,0.64454734,2069
19880,r6i1p1f1,2069,06,06,0.0,21.273333,6.1956673,2069
19881,r6i1p1f1,2069,06,07,0.0,24.72777,4.7115083,2069
19882,r6i1p1f1,2069,06,08,0.3685961702793932,24.091114,7.615228,2069
19883,r6i1p1f1,2069,06,09,0.0,28.520243,7.939097,2069
19884,r6i1p1f1,2069,06,10,0.0,29.891138,9.614926,2069
19885,r6i1p1f1,2069,06,11,0.0002520466367089409,28.056545,8.6972475,2069
19886,r6i1p1f1,2069,06,12,0.0,26.980183,6.9569154,2069
19887,r6i1p1f1,2069,06,13,0.0,28.071056,8.535207,2069
19888,r6i1p1f1,2069,06,14,0.0,27.969208,9.208191,2069
19889,r6i1p1f1,2069,06,15,0.0,27.90108,9.501011,2069
19890,r6i1p1f1,2069,06,16,0.0,28.955042,10.058177,2069
19891,r6i1p1f1,2069,06,17,0.0,28.654526,9.482138,2069
19892,r6i1p1f1,2069,06,18,0.0,27.818802,9.357821,2069
19893,r6i1p1f1,2069,06,19,0.0,30.032444,10.094448,2069
19894,r6i1p1f1,2069,06,20,0.0,32.19569,12.777987,2069
19895,r6i1p1f1,2069,06,21,0.0,32.236168,12.671959,2069
19896,r6i1p1f1,2069,06,22,0.0,33.917915,14.144445,2069
19897,r6i1p1f1,2069,06,23,0.012911137166748621,34.54654,14.53774,2069
19898,r6i1p1f1,2069,06,24,0.0,34.500267,13.8814745,2069
19899,r6i1p1f1,2069,06,25,0.0,33.638363,12.935851,2069
19900,r6i1p1f1,2069,06,26,0.0,35.425377,15.476967,2069
19901,r6i1p1f1,2069,06,27,0.0,35.05666,14.566175,2069
19902,r6i1p1f1,2069,06,28,0.0,35.719845,16.086098,2069
19903,r6i1p1f1,2069,06,29,0.0,35.891376,17.32863,2069
19904,r6i1p1f1,2069,06,30,0.0,35.8423,16.960377,2069
19905,r6i1p1f1,2069,07,01,0.0,38.09721,14.728508,2069
19906,r6i1p1f1,2069,07,02,0.0,38.75649,17.891949,2069
19907,r6i1p1f1,2069,07,03,0.0,39.26879,17.766367,2069
19908,r6i1p1f1,2069,07,04,0.7349487364170099,39.0907,17.532778,2069
19909,r6i1p1f1,2069,07,05,0.0,37.72667,16.585539,2069
19910,r6i1p1f1,2069,07,06,0.08611063714763736,37.331387,16.851784,2069
19911,r6i1p1f1,2069,07,07,0.3085310119887409,34.927643,15.612421,2069
19912,r6i1p1f1,2069,07,08,0.024095877570352496,33.5472,14.485243,2069
19913,r6i1p1f1,2069,07,09,0.37654115041877295,32.665287,14.348056,2069
19914,r6i1p1f1,2069,07,10,0.44818935434751234,31.904255,13.170447,2069
19915,r6i1p1f1,2069,07,11,0.4766125597698284,32.29849,13.305934,2069
19916,r6i1p1f1,2069,07,12,0.21636782905651078,32.236256,13.746265,2069
19917,r6i1p1f1,2069,07,13,0.813956834213314,30.28931,15.348207,2069
19918,r6i1p1f1,2069,07,14,2.883229923361481,28.046265,15.337384,2069
19919,r6i1p1f1,2069,07,15,2.685709812826895,28.792585,13.9525175,2069
19920,r6i1p1f1,2069,07,16,1.853868073034224,30.482967,14.38279,2069
19921,r6i1p1f1,2069,07,17,0.19993709383317682,29.923956,14.537135,2069
19922,r6i1p1f1,2069,07,18,0.0,32.163174,14.400726,2069
19923,r6i1p1f1,2069,07,19,2.0872080542746945,33.37297,13.367422,2069
19924,r6i1p1f1,2069,07,20,0.0002475719671086162,33.638237,14.713894,2069
19925,r6i1p1f1,2069,07,21,0.9708005304011306,33.332714,14.671718,2069
19926,r6i1p1f1,2069,07,22,0.0013549976743496895,33.10308,14.456569,2069
19927,r6i1p1f1,2069,07,23,0.11829601727083378,33.678978,13.461499,2069
19928,r6i1p1f1,2069,07,24,0.0,33.96972,14.386668,2069
19929,r6i1p1f1,2069,07,25,0.33533409937955755,33.24998,13.342176,2069
19930,r6i1p1f1,2069,07,26,0.06372678775055596,31.880564,12.062569,2069
19931,r6i1p1f1,2069,07,27,0.0,34.09941,13.0606165,2069
19932,r6i1p1f1,2069,07,28,0.0,35.78301,14.609412,2069
19933,r6i1p1f1,2069,07,29,0.0,35.743053,14.5634,2069
19934,r6i1p1f1,2069,07,30,0.0,33.745876,13.453005,2069
19935,r6i1p1f1,2069,07,31,0.0,34.64244,13.637938,2069
19936,r6i1p1f1,2069,08,01,0.0,34.726933,13.325888,2069
19937,r6i1p1f1,2069,08,02,0.0,33.01685,12.455996,2069
19938,r6i1p1f1,2069,08,03,0.0,33.546932,12.689865,2069
19939,r6i1p1f1,2069,08,04,0.24960807766489718,33.89984,14.160468,2069
19940,r6i1p1f1,2069,08,05,0.0,34.105263,14.323986,2069
19941,r6i1p1f1,2069,08,06,0.0004195875701888249,35.040085,16.055874,2069
19942,r6i1p1f1,2069,08,07,0.0,35.232662,16.066645,2069
19943,r6i1p1f1,2069,08,08,0.0,35.560017,14.528383,2069
19944,r6i1p1f1,2069,08,09,0.0,34.90368,14.150571,2069
19945,r6i1p1f1,2069,08,10,0.0,33.535812,13.061281,2069
19946,r6i1p1f1,2069,08,11,0.0,33.492165,12.879128,2069
19947,r6i1p1f1,2069,08,12,0.0,33.979347,13.152135,2069
19948,r6i1p1f1,2069,08,13,0.23009441479954873,35.16531,14.55304,2069
19949,r6i1p1f1,2069,08,14,0.0,35.535072,14.364113,2069
19950,r6i1p1f1,2069,08,15,0.0,35.842678,14.891387,2069
19951,r6i1p1f1,2069,08,16,0.0,36.081074,15.24144,2069
19952,r6i1p1f1,2069,08,17,0.0,35.052303,14.073764,2069
19953,r6i1p1f1,2069,08,18,0.0,35.477486,14.468368,2069
19954,r6i1p1f1,2069,08,19,0.0,34.53453,13.974336,2069
19955,r6i1p1f1,2069,08,20,0.0,33.307587,12.287737,2069
19956,r6i1p1f1,2069,08,21,0.014146241639920086,30.013046,9.6690645,2069
19957,r6i1p1f1,2069,08,22,0.0,27.15763,7.5681586,2069
19958,r6i1p1f1,2069,08,23,0.0,27.261662,8.021861,2069
19959,r6i1p1f1,2069,08,24,0.0,30.956356,10.272084,2069
19960,r6i1p1f1,2069,08,25,0.0,31.562742,10.40357,2069
19961,r6i1p1f1,2069,08,26,0.0,33.058075,11.735405,2069
19962,r6i1p1f1,2069,08,27,0.0,34.22291,12.011545,2069
19963,r6i1p1f1,2069,08,28,0.0,34.931614,12.804878,2069
19964,r6i1p1f1,2069,08,29,0.0,34.747425,13.878877,2069
19965,r6i1p1f1,2069,08,30,0.0,34.782486,12.078196,2069
19966,r6i1p1f1,2069,08,31,0.0,33.775143,12.599054,2069
19967,r6i1p1f1,2069,09,01,0.015388362338074061,33.110626,12.938821,2069
19968,r6i1p1f1,2069,09,02,0.0,32.928097,13.4757395,2069
19969,r6i1p1f1,2069,09,03,0.0,34.03135,13.137436,2069
19970,r6i1p1f1,2069,09,04,0.0,35.697926,14.887486,2069
19971,r6i1p1f1,2069,09,05,0.00015089008025389477,35.13589,13.919345,2069
19972,r6i1p1f1,2069,09,06,0.0,33.155067,12.080109,2069
19973,r6i1p1f1,2069,09,07,0.0,32.02967,10.934687,2069
19974,r6i1p1f1,2069,09,08,0.0,31.779095,10.907611,2069
19975,r6i1p1f1,2069,09,09,0.0,32.328922,11.4267645,2069
19976,r6i1p1f1,2069,09,10,0.0,33.272663,12.051605,2069
19977,r6i1p1f1,2069,09,11,0.0,33.04225,11.169742,2069
19978,r6i1p1f1,2069,09,12,0.0,30.402855,10.035023,2069
19979,r6i1p1f1,2069,09,13,0.0,30.933462,9.741482,2069
19980,r6i1p1f1,2069,09,14,0.33842549386678944,30.812351,8.710544,2069
19981,r6i1p1f1,2069,09,15,0.0,30.00425,9.46415,2069
19982,r6i1p1f1,2069,09,16,0.0,31.699596,11.268575,2069
19983,r6i1p1f1,2069,09,17,0.0,32.638935,11.598032,2069
19984,r6i1p1f1,2069,09,18,0.0,33.493515,13.487593,2069
19985,r6i1p1f1,2069,09,19,0.0,35.13424,14.742328,2069
19986,r6i1p1f1,2069,09,20,1.8289111420610478,35.821205,15.993664,2069
19987,r6i1p1f1,2069,09,21,0.25083517040283787,34.99486,13.391005,2069
19988,r6i1p1f1,2069,09,22,0.0,33.249752,12.741367,2069
19989,r6i1p1f1,2069,09,23,0.0,33.033222,13.082119,2069
19990,r6i1p1f1,2069,09,24,0.0,33.485508,11.078051,2069
19991,r6i1p1f1,2069,09,25,0.0,33.48352,12.6703615,2069
19992,r6i1p1f1,2069,09,26,0.7041071142217195,32.37725,14.635481,2069
19993,r6i1p1f1,2069,09,27,0.011986543913390527,32.211697,12.70129,2069
19994,r6i1p1f1,2069,09,28,0.0545342768089687,32.300724,13.4176,2069
19995,r6i1p1f1,2069,09,29,0.0,31.135572,9.5290575,2069
19996,r6i1p1f1,2069,09,30,0.0,30.912539,9.765788,2069
19997,r6i1p1f1,2069,10,01,0.0,31.104824,10.605821,2069
19998,r6i1p1f1,2069,10,02,0.0,26.858528,5.63219,2069
19999,r6i1p1f1,2069,10,03,0.0,19.788862,-0.3294259,2069
20000,r6i1p1f1,2069,10,04,0.0,13.153771,-3.0000613,2069
20001,r6i1p1f1,2069,10,05,0.0,14.704089,-3.1546414,2069
20002,r6i1p1f1,2069,10,06,0.0,19.753115,-0.11986929,2069
20003,r6i1p1f1,2069,10,07,0.0,20.25842,-1.5206524,2069
20004,r6i1p1f1,2069,10,08,0.0,22.26614,-0.58323056,2069
20005,r6i1p1f1,2069,10,09,0.0,24.853298,3.738262,2069
20006,r6i1p1f1,2069,10,10,0.0,27.144972,4.993692,2069
20007,r6i1p1f1,2069,10,11,0.0,26.636648,4.7408094,2069
20008,r6i1p1f1,2069,10,12,0.0,24.168518,3.0637183,2069
20009,r6i1p1f1,2069,10,13,0.11708827772854673,23.874912,6.8042836,2069
20010,r6i1p1f1,2069,10,14,0.0,22.143148,0.25897473,2069
20011,r6i1p1f1,2069,10,15,0.0,27.092026,6.3063407,2069
20012,r6i1p1f1,2069,10,16,0.0,29.437012,8.864683,2069
20013,r6i1p1f1,2069,10,17,0.0,30.420027,9.691408,2069
20014,r6i1p1f1,2069,10,18,0.0,30.651941,10.813091,2069
20015,r6i1p1f1,2069,10,19,0.0,31.092236,10.204672,2069
20016,r6i1p1f1,2069,10,20,0.0,31.9373,11.8779125,2069
20017,r6i1p1f1,2069,10,21,0.0,29.507256,10.232561,2069
20018,r6i1p1f1,2069,10,22,0.041305747954310204,22.340162,6.5311594,2069
20019,r6i1p1f1,2069,10,23,0.00026681505289768233,17.629648,1.5867438,2069
20020,r6i1p1f1,2069,10,24,0.0,23.375004,3.2923062,2069
20021,r6i1p1f1,2069,10,25,0.0,26.61366,6.6235104,2069
20022,r6i1p1f1,2069,10,26,0.0,25.899094,6.6791873,2069
20023,r6i1p1f1,2069,10,27,0.0,25.868797,5.8388867,2069
20024,r6i1p1f1,2069,10,28,0.0,27.057585,6.9528346,2069
20025,r6i1p1f1,2069,10,29,0.0,26.935709,8.334745,2069
20026,r6i1p1f1,2069,10,30,0.0,26.641306,7.913341,2069
20027,r6i1p1f1,2069,10,31,0.0,25.30473,5.3988447,2069
20028,r6i1p1f1,2069,11,01,0.0,25.949783,6.2234845,2069
20029,r6i1p1f1,2069,11,02,0.0,25.804087,6.074884,2069
20030,r6i1p1f1,2069,11,03,0.0,22.014284,4.850504,2069
20031,r6i1p1f1,2069,11,04,0.0,16.690775,2.121525,2069
20032,r6i1p1f1,2069,11,05,0.0,15.205907,0.9166052,2069
20033,r6i1p1f1,2069,11,06,0.2072938654918591,16.44918,2.6372104,2069
20034,r6i1p1f1,2069,11,07,0.13858953080490855,18.571257,3.961908,2069
20035,r6i1p1f1,2069,11,08,0.05703788840663403,19.13113,4.552413,2069
20036,r6i1p1f1,2069,11,09,20.274103728623903,16.102877,4.9577327,2069
20037,r6i1p1f1,2069,11,10,4.825182060477151,14.282421,6.412427,2069
20038,r6i1p1f1,2069,11,11,0.13708261096276586,14.429926,7.547834,2069
20039,r6i1p1f1,2069,11,12,0.0,18.311815,5.4804573,2069
20040,r6i1p1f1,2069,11,13,0.001230452598809533,18.146128,5.2107215,2069
20041,r6i1p1f1,2069,11,14,0.012086685088766516,19.224463,2.8953173,2069
20042,r6i1p1f1,2069,11,15,0.0,17.940903,0.28104877,2069
20043,r6i1p1f1,2069,11,16,0.0,14.821281,-3.3787606,2069
20044,r6i1p1f1,2069,11,17,0.0,15.666525,-2.1493428,2069
20045,r6i1p1f1,2069,11,18,0.0,17.306835,-1.5182167,2069
20046,r6i1p1f1,2069,11,19,0.0,18.857946,0.25309363,2069
20047,r6i1p1f1,2069,11,20,0.0,18.033098,-0.34110057,2069
20048,r6i1p1f1,2069,11,21,0.0,17.7716,-0.85566264,2069
20049,r6i1p1f1,2069,11,22,0.0,16.845432,0.63214475,2069
20050,r6i1p1f1,2069,11,23,0.0,13.896296,-4.436505,2069
20051,r6i1p1f1,2069,11,24,0.0,12.541464,-6.598997,2069
20052,r6i1p1f1,2069,11,25,0.23916193008335151,7.7743444,-2.0599375,2069
20053,r6i1p1f1,2069,11,26,0.36463713096865863,9.389057,0.7854703,2069
20054,r6i1p1f1,2069,11,27,1.5357589999412633,10.290457,3.0380895,2069
20055,r6i1p1f1,2069,11,28,1.794975425381814,11.714752,4.012609,2069
20056,r6i1p1f1,2069,11,29,0.0,12.547613,-7.58633,2069
20057,r6i1p1f1,2069,11,30,0.0,13.744419,-3.911876,2069
20058,r6i1p1f1,2069,12,01,0.0,11.565549,-0.3443435,2069
20059,r6i1p1f1,2069,12,02,0.0,10.967493,-0.94429564,2069
20060,r6i1p1f1,2069,12,03,2.972994233479688e-06,12.681501,0.048015863,2069
20061,r6i1p1f1,2069,12,04,11.216391518868981,9.332775,0.30024618,2069
20062,r6i1p1f1,2069,12,05,1.4185390272296705,9.91182,2.684677,2069
20063,r6i1p1f1,2069,12,06,0.025712455722280862,14.404957,5.3274145,2069
20064,r6i1p1f1,2069,12,07,6.775941803617288,10.703505,0.60557824,2069
20065,r6i1p1f1,2069,12,08,1.1164274167328951,9.693006,1.5387732,2069
20066,r6i1p1f1,2069,12,09,0.007889627048821412,10.532308,3.4574616,2069
20067,r6i1p1f1,2069,12,10,0.0004985539682775951,14.835611,3.917712,2069
20068,r6i1p1f1,2069,12,11,7.119965257982866,13.041493,4.895682,2069
20069,r6i1p1f1,2069,12,12,43.70018412531224,13.778583,7.9526463,2069
20070,r6i1p1f1,2069,12,13,3.458606553231716,15.318423,7.169849,2069
20071,r6i1p1f1,2069,12,14,1.523531094645618,13.625142,5.997491,2069
20072,r6i1p1f1,2069,12,15,2.9272176008458297,13.570448,5.6253414,2069
20073,r6i1p1f1,2069,12,16,0.0,15.854842,2.0924559,2069
20074,r6i1p1f1,2069,12,17,0.0,14.188623,2.754661,2069
20075,r6i1p1f1,2069,12,18,0.2494022896555451,8.004359,-3.912601,2069
20076,r6i1p1f1,2069,12,19,0.0,5.1130376,-7.4822297,2069
20077,r6i1p1f1,2069,12,20,0.0,4.328935,-10.837103,2069
20078,r6i1p1f1,2069,12,21,0.0,4.5492105,-10.382287,2069
20079,r6i1p1f1,2069,12,22,3.8012684763412796,1.2659187,-7.021553,2069
20080,r6i1p1f1,2069,12,23,2.1524852409789506,4.0551977,-2.544615,2069
20081,r6i1p1f1,2069,12,24,14.079895611740223,6.2727156,-1.3433526,2069
20082,r6i1p1f1,2069,12,25,3.262070076472692,4.9137607,-4.661384,2069
20083,r6i1p1f1,2069,12,26,0.004843234599409037,3.8295379,-5.9121375,2069
20084,r6i1p1f1,2069,12,27,3.528228054694447,2.5476725,-7.362465,2069
20085,r6i1p1f1,2069,12,28,27.984747530650203,4.9914327,-1.4964657,2069
20086,r6i1p1f1,2069,12,29,0.0017815312995013639,4.2649903,-6.2538157,2069
20087,r6i1p1f1,2069,12,30,4.0474653175610555,8.567489,-4.75959,2069
20088,r6i1p1f1,2069,12,31,13.517463885969999,9.486308,1.8502557,2069
20089,r6i1p1f1,2070,01,01,7.107460890456219,7.78079,2.4904587,2070
20090,r6i1p1f1,2070,01,02,4.475600266644718,6.881324,0.41660193,2070
20091,r6i1p1f1,2070,01,03,0.970544009772057,10.226633,2.4172287,2070
20092,r6i1p1f1,2070,01,04,1.3740434879668746,14.28763,3.1632314,2070
20093,r6i1p1f1,2070,01,05,0.0,17.854904,4.9084854,2070
20094,r6i1p1f1,2070,01,06,0.0,18.120375,4.4118195,2070
20095,r6i1p1f1,2070,01,07,0.0,17.038439,3.6193855,2070
20096,r6i1p1f1,2070,01,08,0.0,17.52593,3.7534988,2070
20097,r6i1p1f1,2070,01,09,0.0,16.99663,4.272624,2070
20098,r6i1p1f1,2070,01,10,4.103323983573104,13.240294,5.366971,2070
20099,r6i1p1f1,2070,01,11,27.72994254787909,11.555307,-1.8957391,2070
20100,r6i1p1f1,2070,01,12,0.6119643717680079,4.145153,-3.3025074,2070
20101,r6i1p1f1,2070,01,13,0.0033979898064538144,4.697034,-6.6301374,2070
20102,r6i1p1f1,2070,01,14,10.890357832801152,5.4812703,-6.207715,2070
20103,r6i1p1f1,2070,01,15,14.306541671737092,5.488022,-0.21901488,2070
20104,r6i1p1f1,2070,01,16,2.5241028736020055,5.774594,0.13916981,2070
20105,r6i1p1f1,2070,01,17,11.491215811893072,7.3166366,0.013852012,2070
20106,r6i1p1f1,2070,01,18,0.4725155019536079,9.593466,2.6360075,2070
20107,r6i1p1f1,2070,01,19,0.08458209500271116,8.972623,2.98763,2070
20108,r6i1p1f1,2070,01,20,1.0258931101836346,10.017364,2.1746445,2070
20109,r6i1p1f1,2070,01,21,0.0,9.964312,-1.0453751,2070
20110,r6i1p1f1,2070,01,22,0.5590990577500873,8.300163,1.2528658,2070
20111,r6i1p1f1,2070,01,23,0.0,9.296906,-4.6417837,2070
20112,r6i1p1f1,2070,01,24,0.007771625498236062,9.3994875,-2.1066167,2070
20113,r6i1p1f1,2070,01,25,2.0167270341906365,10.5723505,2.8237364,2070
20114,r6i1p1f1,2070,01,26,30.15000216286774,9.548785,4.144209,2070
20115,r6i1p1f1,2070,01,27,12.617638856232139,9.45724,-3.0673625,2070
20116,r6i1p1f1,2070,01,28,10.052041722172518,12.500542,3.4781442,2070
20117,r6i1p1f1,2070,01,29,0.25586249145648743,15.50489,5.241179,2070
20118,r6i1p1f1,2070,01,30,3.7709082359496637,13.219068,5.2068877,2070
20119,r6i1p1f1,2070,01,31,18.90094880151342,13.544649,-2.419583,2070
20120,r6i1p1f1,2070,02,01,3.132630465097901,2.009795,-5.026719,2070
20121,r6i1p1f1,2070,02,02,1.5962236288604381,4.501748,-3.8025484,2070
20122,r6i1p1f1,2070,02,03,16.273825022009532,8.323554,-2.9052093,2070
20123,r6i1p1f1,2070,02,04,23.17613566308219,8.22503,0.9889038,2070
20124,r6i1p1f1,2070,02,05,21.989229279399797,10.828611,-1.0010929,2070
20125,r6i1p1f1,2070,02,06,23.58799654179008,7.3005967,0.252386,2070
20126,r6i1p1f1,2070,02,07,0.5324569993957534,6.110023,0.030892598,2070
20127,r6i1p1f1,2070,02,08,4.391101338318985e-05,8.536544,-3.0865247,2070
20128,r6i1p1f1,2070,02,09,0.0,12.895314,0.8943249,2070
20129,r6i1p1f1,2070,02,10,4.454300684060699,9.44795,2.0432515,2070
20130,r6i1p1f1,2070,02,11,0.0,11.940953,-1.9301883,2070
20131,r6i1p1f1,2070,02,12,0.0,16.186378,0.26732698,2070
20132,r6i1p1f1,2070,02,13,0.0,17.751602,2.3149488,2070
20133,r6i1p1f1,2070,02,14,0.0,17.54157,1.5786756,2070
20134,r6i1p1f1,2070,02,15,1.7686526954769686,12.394296,-2.3356035,2070
20135,r6i1p1f1,2070,02,16,1.7279221083860208,2.4156864,-8.38602,2070
20136,r6i1p1f1,2070,02,17,0.007338578062502713,1.019794,-11.91288,2070
20137,r6i1p1f1,2070,02,18,0.02758958801418999,5.85131,-8.819672,2070
20138,r6i1p1f1,2070,02,19,0.014323972954919023,5.2853894,-5.729051,2070
20139,r6i1p1f1,2070,02,20,3.733261584518881,1.4020767,-5.510969,2070
20140,r6i1p1f1,2070,02,21,0.0010490786796566378,6.655898,-2.4006805,2070
20141,r6i1p1f1,2070,02,22,0.02383142634833636,11.034705,-0.3811117,2070
20142,r6i1p1f1,2070,02,23,1.1963934594574552,11.78609,1.2187847,2070
20143,r6i1p1f1,2070,02,24,0.0,15.658901,-0.42426488,2070
20144,r6i1p1f1,2070,02,25,0.0,15.174725,1.2344569,2070
20145,r6i1p1f1,2070,02,26,0.0,17.402407,3.4928315,2070
20146,r6i1p1f1,2070,02,27,0.0,18.54208,4.2407045,2070
20147,r6i1p1f1,2070,02,28,0.0,20.066448,7.11327,2070
20148,r6i1p1f1,2070,03,01,0.0,25.194204,6.07216,2070
20149,r6i1p1f1,2070,03,02,0.0,23.109411,5.640767,2070
20150,r6i1p1f1,2070,03,03,0.778372912261747,15.664546,1.1210505,2070
20151,r6i1p1f1,2070,03,04,11.518202118313367,6.706249,0.22746515,2070
20152,r6i1p1f1,2070,03,05,1.2217933657560465,13.2685375,0.5131125,2070
20153,r6i1p1f1,2070,03,06,0.0,19.928469,2.3080337,2070
20154,r6i1p1f1,2070,03,07,0.0,25.568037,6.159526,2070
20155,r6i1p1f1,2070,03,08,0.0,24.77418,7.9711847,2070
20156,r6i1p1f1,2070,03,09,0.0,24.085169,7.28368,2070
20157,r6i1p1f1,2070,03,10,0.0,23.968794,6.613856,2070
20158,r6i1p1f1,2070,03,11,0.0,20.719854,3.1452408,2070
20159,r6i1p1f1,2070,03,12,2.8317109283944983,17.68885,3.338827,2070
20160,r6i1p1f1,2070,03,13,9.03852736054627,12.8679285,4.10169,2070
20161,r6i1p1f1,2070,03,14,5.253539080957394,10.532213,2.1012597,2070
20162,r6i1p1f1,2070,03,15,1.7691395787852684,13.738975,2.1256123,2070
20163,r6i1p1f1,2070,03,16,0.0,18.557364,0.6088332,2070
20164,r6i1p1f1,2070,03,17,5.039446416173862,15.46471,-1.0775677,2070
20165,r6i1p1f1,2070,03,18,3.3839516451290326,9.2867365,-4.455422,2070
20166,r6i1p1f1,2070,03,19,0.007428498197006453,10.215961,1.7980249,2070
20167,r6i1p1f1,2070,03,20,19.136271288867157,12.247137,1.0111384,2070
20168,r6i1p1f1,2070,03,21,30.413095614281026,10.899852,-4.45529,2070
20169,r6i1p1f1,2070,03,22,21.554860259311194,7.904662,-4.8021803,2070
20170,r6i1p1f1,2070,03,23,0.1421688601437407,9.794294,-2.4591634,2070
20171,r6i1p1f1,2070,03,24,0.0022346687804059365,10.857104,-0.76250297,2070
20172,r6i1p1f1,2070,03,25,12.20574423338338,8.709126,-0.46913925,2070
20173,r6i1p1f1,2070,03,26,1.7314061541505925,8.9182005,-2.4900637,2070
20174,r6i1p1f1,2070,03,27,0.0,10.105665,-5.2643566,2070
20175,r6i1p1f1,2070,03,28,0.024908267529052584,11.338677,-6.006853,2070
20176,r6i1p1f1,2070,03,29,0.0035756408926452955,12.555359,0.27153483,2070
20177,r6i1p1f1,2070,03,30,0.15680253723199977,12.4281645,3.7993925,2070
20178,r6i1p1f1,2070,03,31,0.1407077683816004,13.258416,4.177964,2070
20179,r6i1p1f1,2070,04,01,0.0013849520934175726,12.538433,-3.335617,2070
20180,r6i1p1f1,2070,04,02,0.0,12.097861,-7.046261,2070
20181,r6i1p1f1,2070,04,03,0.1849747444126145,10.685228,-2.6030154,2070
20182,r6i1p1f1,2070,04,04,0.0034727222371142966,9.463581,-3.687465,2070
20183,r6i1p1f1,2070,04,05,6.4983398040025895,5.001095,-2.297432,2070
20184,r6i1p1f1,2070,04,06,0.004960179189792503,8.136692,-7.361214,2070
20185,r6i1p1f1,2070,04,07,0.0,9.121198,-5.2038527,2070
20186,r6i1p1f1,2070,04,08,0.002774509095687883,12.698895,-1.1719368,2070
20187,r6i1p1f1,2070,04,09,0.11362646638612621,11.22577,0.4879501,2070
20188,r6i1p1f1,2070,04,10,0.0,10.999435,-4.883537,2070
20189,r6i1p1f1,2070,04,11,0.0,12.555038,-2.5705385,2070
20190,r6i1p1f1,2070,04,12,0.01965104153664521,19.880182,1.130107,2070
20191,r6i1p1f1,2070,04,13,0.0,24.293537,6.094306,2070
20192,r6i1p1f1,2070,04,14,0.0,23.647211,5.805753,2070
20193,r6i1p1f1,2070,04,15,2.8464020919045288,19.172943,1.440204,2070
20194,r6i1p1f1,2070,04,16,0.0,18.791935,2.1403136,2070
20195,r6i1p1f1,2070,04,17,5.705019533035154,11.966513,-7.0295463,2070
20196,r6i1p1f1,2070,04,18,4.9965049563842765,7.6253486,-5.2829437,2070
20197,r6i1p1f1,2070,04,19,0.0006418041472063405,10.381362,-1.8536967,2070
20198,r6i1p1f1,2070,04,20,3.4421439457044096,8.479249,-0.82333654,2070
20199,r6i1p1f1,2070,04,21,7.6171524296595265,10.970682,-0.7002423,2070
20200,r6i1p1f1,2070,04,22,0.00185487280875536,19.895332,0.43003708,2070
20201,r6i1p1f1,2070,04,23,0.0,21.94648,3.6410613,2070
20202,r6i1p1f1,2070,04,24,0.0,20.669174,2.1711993,2070
20203,r6i1p1f1,2070,04,25,0.10906726876004334,9.277296,-6.044743,2070
20204,r6i1p1f1,2070,04,26,0.3761586444168882,7.2039957,-6.946664,2070
20205,r6i1p1f1,2070,04,27,0.0,14.222769,-4.3814573,2070
20206,r6i1p1f1,2070,04,28,0.0,20.910654,0.82868713,2070
20207,r6i1p1f1,2070,04,29,0.0,24.511728,5.4579687,2070
20208,r6i1p1f1,2070,04,30,0.0,26.515108,7.785458,2070
20209,r6i1p1f1,2070,05,01,0.0,27.315416,8.827407,2070
20210,r6i1p1f1,2070,05,02,0.0,27.043041,8.5915785,2070
20211,r6i1p1f1,2070,05,03,0.0,25.854181,7.381499,2070
20212,r6i1p1f1,2070,05,04,0.016646216712803204,26.507631,7.859521,2070
20213,r6i1p1f1,2070,05,05,0.2466018405788489,20.18406,2.0880353,2070
20214,r6i1p1f1,2070,05,06,0.0,23.751657,4.856839,2070
20215,r6i1p1f1,2070,05,07,0.0,25.57557,6.6095796,2070
20216,r6i1p1f1,2070,05,08,0.0,28.006481,8.68975,2070
20217,r6i1p1f1,2070,05,09,0.26369521022955933,28.685734,9.443698,2070
20218,r6i1p1f1,2070,05,10,0.5906889131206836,14.811166,0.4641401,2070
20219,r6i1p1f1,2070,05,11,0.0,18.219276,-0.41346034,2070
20220,r6i1p1f1,2070,05,12,0.0,23.747551,3.1320703,2070
20221,r6i1p1f1,2070,05,13,0.0,26.82391,6.7613845,2070
20222,r6i1p1f1,2070,05,14,0.0,26.734192,7.4836087,2070
20223,r6i1p1f1,2070,05,15,0.15465933535046633,24.4494,4.768167,2070
20224,r6i1p1f1,2070,05,16,0.0,17.83829,-1.1672496,2070
20225,r6i1p1f1,2070,05,17,0.0,18.1613,-1.8346711,2070
20226,r6i1p1f1,2070,05,18,0.0,22.067202,1.7546341,2070
20227,r6i1p1f1,2070,05,19,0.006162202409861205,22.367695,3.476411,2070
20228,r6i1p1f1,2070,05,20,10.236633844978718,11.557186,1.2487314,2070
20229,r6i1p1f1,2070,05,21,5.375633767846569,10.856614,-2.3186984,2070
20230,r6i1p1f1,2070,05,22,0.6016138647367855,15.931226,-0.10188549,2070
20231,r6i1p1f1,2070,05,23,0.42958121797251314,18.387445,1.3918917,2070
20232,r6i1p1f1,2070,05,24,0.0,22.302069,3.767099,2070
20233,r6i1p1f1,2070,05,25,0.15910583204095213,18.52718,0.67472476,2070
20234,r6i1p1f1,2070,05,26,0.32534612433744453,10.848127,-3.1533725,2070
20235,r6i1p1f1,2070,05,27,0.0,16.246439,1.5757374,2070
20236,r6i1p1f1,2070,05,28,0.0,23.875305,4.2838264,2070
20237,r6i1p1f1,2070,05,29,0.0,29.097935,8.963729,2070
20238,r6i1p1f1,2070,05,30,0.3130324775868275,26.920553,7.8341846,2070
20239,r6i1p1f1,2070,05,31,2.2710848906801533,18.77835,3.699286,2070
20240,r6i1p1f1,2070,06,01,0.0,21.872803,2.9894896,2070
20241,r6i1p1f1,2070,06,02,0.0,23.57739,4.5284023,2070
20242,r6i1p1f1,2070,06,03,0.0,24.811468,5.6737885,2070
20243,r6i1p1f1,2070,06,04,0.0,28.499624,9.561908,2070
20244,r6i1p1f1,2070,06,05,0.032242769477796855,29.577978,10.220965,2070
20245,r6i1p1f1,2070,06,06,3.9392100822449834,26.376911,6.4121814,2070
20246,r6i1p1f1,2070,06,07,1.7549063301271381,19.893793,7.3605347,2070
20247,r6i1p1f1,2070,06,08,0.0,25.685406,6.126002,2070
20248,r6i1p1f1,2070,06,09,2.008003960050596,27.81436,8.497531,2070
20249,r6i1p1f1,2070,06,10,0.025299211992259485,30.050737,11.052792,2070
20250,r6i1p1f1,2070,06,11,0.0,30.950972,10.3945265,2070
20251,r6i1p1f1,2070,06,12,0.0,31.826212,12.321739,2070
20252,r6i1p1f1,2070,06,13,0.005271012453561888,31.22265,12.727293,2070
20253,r6i1p1f1,2070,06,14,0.0,29.013752,9.102884,2070
20254,r6i1p1f1,2070,06,15,0.0,29.131538,9.4839525,2070
20255,r6i1p1f1,2070,06,16,0.0,28.868408,8.43112,2070
20256,r6i1p1f1,2070,06,17,0.0,30.46354,9.591283,2070
20257,r6i1p1f1,2070,06,18,0.0,32.793003,12.890391,2070
20258,r6i1p1f1,2070,06,19,0.0,33.026596,13.279482,2070
20259,r6i1p1f1,2070,06,20,0.0,32.12056,12.176673,2070
20260,r6i1p1f1,2070,06,21,0.0,25.27494,7.802632,2070
20261,r6i1p1f1,2070,06,22,0.0,27.466818,6.179185,2070
20262,r6i1p1f1,2070,06,23,0.0,30.773312,11.027021,2070
20263,r6i1p1f1,2070,06,24,0.0,31.555754,11.450795,2070
20264,r6i1p1f1,2070,06,25,0.00104356987637287,31.93375,10.86657,2070
20265,r6i1p1f1,2070,06,26,0.0,32.104713,11.529879,2070
20266,r6i1p1f1,2070,06,27,0.0,33.35744,13.163075,2070
20267,r6i1p1f1,2070,06,28,0.00033094287527782844,32.534374,11.819113,2070
20268,r6i1p1f1,2070,06,29,0.0,33.764538,12.767017,2070
20269,r6i1p1f1,2070,06,30,0.0,32.522503,12.26069,2070
20270,r6i1p1f1,2070,07,01,0.0,31.595448,10.686364,2070
20271,r6i1p1f1,2070,07,02,0.0,29.718304,8.635469,2070
20272,r6i1p1f1,2070,07,03,0.006938173955110788,29.166239,8.025066,2070
20273,r6i1p1f1,2070,07,04,0.0,26.849611,6.8392844,2070
20274,r6i1p1f1,2070,07,05,0.001988339189087593,26.521912,6.3000693,2070
20275,r6i1p1f1,2070,07,06,0.0,27.55526,6.907557,2070
20276,r6i1p1f1,2070,07,07,0.0,30.168665,10.576587,2070
20277,r6i1p1f1,2070,07,08,0.0,33.370796,11.987942,2070
20278,r6i1p1f1,2070,07,09,0.0,34.094322,12.222559,2070
20279,r6i1p1f1,2070,07,10,0.0,34.742397,12.850142,2070
20280,r6i1p1f1,2070,07,11,0.0,34.8775,12.870331,2070
20281,r6i1p1f1,2070,07,12,0.0,35.8324,13.278229,2070
20282,r6i1p1f1,2070,07,13,0.0,36.890263,16.069958,2070
20283,r6i1p1f1,2070,07,14,0.0,37.358665,15.944484,2070
20284,r6i1p1f1,2070,07,15,0.0,37.14427,15.031643,2070
20285,r6i1p1f1,2070,07,16,0.0,36.986084,15.6368475,2070
20286,r6i1p1f1,2070,07,17,0.0,36.23403,15.157962,2070
20287,r6i1p1f1,2070,07,18,0.0,35.671024,14.341843,2070
20288,r6i1p1f1,2070,07,19,0.0,36.784916,15.37763,2070
20289,r6i1p1f1,2070,07,20,0.0,38.64419,17.468464,2070
20290,r6i1p1f1,2070,07,21,0.0,38.130898,16.377932,2070
20291,r6i1p1f1,2070,07,22,0.0,37.60739,15.983496,2070
20292,r6i1p1f1,2070,07,23,0.0,37.39151,16.254797,2070
20293,r6i1p1f1,2070,07,24,0.0,37.283863,16.265543,2070
20294,r6i1p1f1,2070,07,25,0.0,36.810028,15.600655,2070
20295,r6i1p1f1,2070,07,26,0.0,34.858925,13.642383,2070
20296,r6i1p1f1,2070,07,27,0.06579744026812395,33.02103,12.769413,2070
20297,r6i1p1f1,2070,07,28,0.0,32.807297,12.650635,2070
20298,r6i1p1f1,2070,07,29,0.0,32.755898,12.726644,2070
20299,r6i1p1f1,2070,07,30,0.0,32.982876,12.4563675,2070
20300,r6i1p1f1,2070,07,31,0.0,31.390055,10.837995,2070
20301,r6i1p1f1,2070,08,01,0.0,31.60948,11.730934,2070
20302,r6i1p1f1,2070,08,02,0.024037419759605192,31.36261,11.520596,2070
20303,r6i1p1f1,2070,08,03,0.0,32.70509,12.084591,2070
20304,r6i1p1f1,2070,08,04,0.0,34.16479,13.564633,2070
20305,r6i1p1f1,2070,08,05,0.0,34.44536,13.66581,2070
20306,r6i1p1f1,2070,08,06,0.0,35.516945,14.293551,2070
20307,r6i1p1f1,2070,08,07,0.0,36.633636,15.580883,2070
20308,r6i1p1f1,2070,08,08,0.0,38.53987,17.432465,2070
20309,r6i1p1f1,2070,08,09,0.0,38.292183,16.947355,2070
20310,r6i1p1f1,2070,08,10,0.07024874348289663,36.304348,15.948344,2070
20311,r6i1p1f1,2070,08,11,0.0,36.049004,15.363249,2070
20312,r6i1p1f1,2070,08,12,0.0,38.598625,17.41641,2070
20313,r6i1p1f1,2070,08,13,0.0,38.58045,17.610168,2070
20314,r6i1p1f1,2070,08,14,0.0,35.420906,14.457657,2070
20315,r6i1p1f1,2070,08,15,0.0,34.202118,12.815809,2070
20316,r6i1p1f1,2070,08,16,0.0,34.26575,12.789607,2070
20317,r6i1p1f1,2070,08,17,0.0,34.256702,12.837045,2070
20318,r6i1p1f1,2070,08,18,0.0,33.580727,12.336,2070
20319,r6i1p1f1,2070,08,19,0.0,32.616653,11.518664,2070
20320,r6i1p1f1,2070,08,20,0.001661002945722609,32.015385,11.624073,2070
20321,r6i1p1f1,2070,08,21,0.0,31.615004,10.810769,2070
20322,r6i1p1f1,2070,08,22,0.0,31.02154,9.867327,2070
20323,r6i1p1f1,2070,08,23,0.0,31.567314,10.037903,2070
20324,r6i1p1f1,2070,08,24,0.0,30.428568,10.067312,2070
20325,r6i1p1f1,2070,08,25,0.0,32.901787,11.334361,2070
20326,r6i1p1f1,2070,08,26,0.0,33.575542,12.175913,2070
20327,r6i1p1f1,2070,08,27,0.0,33.612362,11.865587,2070
20328,r6i1p1f1,2070,08,28,0.0,34.0512,12.565925,2070
20329,r6i1p1f1,2070,08,29,0.0,35.07716,13.249403,2070
20330,r6i1p1f1,2070,08,30,0.0,36.108223,13.757733,2070
20331,r6i1p1f1,2070,08,31,0.0,36.127884,13.972834,2070
20332,r6i1p1f1,2070,09,01,0.0,36.088085,14.469134,2070
20333,r6i1p1f1,2070,09,02,0.0,35.922997,13.971835,2070
20334,r6i1p1f1,2070,09,03,0.0,34.69346,13.592536,2070
20335,r6i1p1f1,2070,09,04,0.16087107056347025,32.85294,12.267431,2070
20336,r6i1p1f1,2070,09,05,0.3484795941077544,31.939947,11.908101,2070
20337,r6i1p1f1,2070,09,06,1.6895242066233018,32.99872,13.130879,2070
20338,r6i1p1f1,2070,09,07,0.8010757760455051,32.288372,11.142182,2070
20339,r6i1p1f1,2070,09,08,0.0,32.868496,12.496492,2070
20340,r6i1p1f1,2070,09,09,0.0,32.728992,12.51987,2070
20341,r6i1p1f1,2070,09,10,0.0,33.221478,12.972753,2070
20342,r6i1p1f1,2070,09,11,0.05081312343937113,33.412956,11.437444,2070
20343,r6i1p1f1,2070,09,12,0.0,31.970957,11.760962,2070
20344,r6i1p1f1,2070,09,13,0.0,30.603334,10.785983,2070
20345,r6i1p1f1,2070,09,14,0.0,28.220114,8.599428,2070
20346,r6i1p1f1,2070,09,15,0.0,29.260023,9.458973,2070
20347,r6i1p1f1,2070,09,16,0.0,31.671738,11.52605,2070
20348,r6i1p1f1,2070,09,17,0.0,32.328136,10.840573,2070
20349,r6i1p1f1,2070,09,18,0.0,32.53972,11.389488,2070
20350,r6i1p1f1,2070,09,19,0.0,32.191128,11.607816,2070
20351,r6i1p1f1,2070,09,20,0.03587047198912644,31.131598,10.046888,2070
20352,r6i1p1f1,2070,09,21,0.0,28.487032,8.397969,2070
20353,r6i1p1f1,2070,09,22,0.0,27.936491,7.606328,2070
20354,r6i1p1f1,2070,09,23,0.0,29.538568,8.949625,2070
20355,r6i1p1f1,2070,09,24,0.0,30.129213,10.426228,2070
20356,r6i1p1f1,2070,09,25,0.0,30.95699,11.408642,2070
20357,r6i1p1f1,2070,09,26,0.0102468203903932,26.095148,6.9466634,2070
20358,r6i1p1f1,2070,09,27,0.2860760584277054,21.720984,4.8061895,2070
20359,r6i1p1f1,2070,09,28,0.017299680339035846,22.418762,3.7187536,2070
20360,r6i1p1f1,2070,09,29,0.002255838281554464,23.687218,10.4034,2070
20361,r6i1p1f1,2070,09,30,0.01187511654711318,23.206238,5.5809,2070
20362,r6i1p1f1,2070,10,01,0.0,19.493244,-0.5528471,2070
20363,r6i1p1f1,2070,10,02,0.0,20.733671,2.5940547,2070
20364,r6i1p1f1,2070,10,03,0.0,21.376455,1.3568655,2070
20365,r6i1p1f1,2070,10,04,0.3649187210106064,21.37306,1.0929008,2070
20366,r6i1p1f1,2070,10,05,5.89949637214536,19.26024,-0.6802701,2070
20367,r6i1p1f1,2070,10,06,4.500179081899546,19.013899,-0.6667757,2070
20368,r6i1p1f1,2070,10,07,1.1105086028108992,20.52945,1.7554264,2070
20369,r6i1p1f1,2070,10,08,0.447301272662952,21.295877,3.0827248,2070
20370,r6i1p1f1,2070,10,09,0.0,22.620556,3.4813108,2070
20371,r6i1p1f1,2070,10,10,0.0,25.694027,5.7639904,2070
20372,r6i1p1f1,2070,10,11,0.0,27.44745,8.244895,2070
20373,r6i1p1f1,2070,10,12,0.0,28.53035,8.2329855,2070
20374,r6i1p1f1,2070,10,13,0.0,28.864424,7.374147,2070
20375,r6i1p1f1,2070,10,14,0.0,28.387646,7.4544663,2070
20376,r6i1p1f1,2070,10,15,0.0,27.355902,8.5993185,2070
20377,r6i1p1f1,2070,10,16,0.0,27.54507,9.312097,2070
20378,r6i1p1f1,2070,10,17,0.0,23.618073,6.221227,2070
20379,r6i1p1f1,2070,10,18,0.0,23.310019,2.4940965,2070
20380,r6i1p1f1,2070,10,19,0.0,24.33501,4.1918,2070
20381,r6i1p1f1,2070,10,20,0.0,21.418543,2.5627542,2070
20382,r6i1p1f1,2070,10,21,0.547615695480628,16.447727,4.8026614,2070
20383,r6i1p1f1,2070,10,22,1.2527217006948803,19.938953,1.0550014,2070
20384,r6i1p1f1,2070,10,23,0.0,21.300186,3.1444602,2070
20385,r6i1p1f1,2070,10,24,0.00606320563684238,21.645893,7.554354,2070
20386,r6i1p1f1,2070,10,25,0.0023342818589228986,21.35087,2.8117414,2070
20387,r6i1p1f1,2070,10,26,0.0,22.822136,5.4853115,2070
20388,r6i1p1f1,2070,10,27,0.0,23.977907,6.9514775,2070
20389,r6i1p1f1,2070,10,28,0.0,24.31192,5.668401,2070
20390,r6i1p1f1,2070,10,29,0.0,24.762278,6.853735,2070
20391,r6i1p1f1,2070,10,30,0.0,24.794296,5.7106986,2070
20392,r6i1p1f1,2070,10,31,0.0,24.361006,6.1949024,2070
20393,r6i1p1f1,2070,11,01,0.0,23.334675,5.10609,2070
20394,r6i1p1f1,2070,11,02,0.0,21.664953,4.2391367,2070
20395,r6i1p1f1,2070,11,03,0.0,20.17732,1.7403628,2070
20396,r6i1p1f1,2070,11,04,0.0,20.314175,2.5465424,2070
20397,r6i1p1f1,2070,11,05,0.0,17.374695,-0.6312874,2070
20398,r6i1p1f1,2070,11,06,0.0,14.157396,-2.7735894,2070
20399,r6i1p1f1,2070,11,07,0.0,20.168812,1.3641832,2070
20400,r6i1p1f1,2070,11,08,0.0,20.751259,0.77664787,2070
20401,r6i1p1f1,2070,11,09,0.003668462588436372,16.044226,0.09675116,2070
20402,r6i1p1f1,2070,11,10,0.602666483729129,13.099408,0.018332224,2070
20403,r6i1p1f1,2070,11,11,0.7253151801595724,9.127978,3.4770188,2070
20404,r6i1p1f1,2070,11,12,3.145210395585062,9.174585,2.9004788,2070
20405,r6i1p1f1,2070,11,13,4.270414691572776,7.970584,-3.83584,2070
20406,r6i1p1f1,2070,11,14,0.0,12.782671,-5.6723795,2070
20407,r6i1p1f1,2070,11,15,0.0,15.741429,-2.0159926,2070
20408,r6i1p1f1,2070,11,16,0.0,19.0352,-1.2868243,2070
20409,r6i1p1f1,2070,11,17,0.0,21.313412,1.8631257,2070
20410,r6i1p1f1,2070,11,18,11.20801809157363,20.234146,4.0802255,2070
20411,r6i1p1f1,2070,11,19,14.007613989984355,15.8994665,9.24683,2070
20412,r6i1p1f1,2070,11,20,7.909097006411287,13.696632,6.3563714,2070
20413,r6i1p1f1,2070,11,21,3.213832040762718,13.084084,6.940027,2070
20414,r6i1p1f1,2070,11,22,0.45735277984219946,12.555151,2.453671,2070
20415,r6i1p1f1,2070,11,23,2.5630246734404247,13.212111,6.1973095,2070
20416,r6i1p1f1,2070,11,24,0.49231370508308675,10.928599,-1.835424,2070
20417,r6i1p1f1,2070,11,25,0.0,10.710293,-5.037278,2070
20418,r6i1p1f1,2070,11,26,0.0,14.479678,-4.1073203,2070
20419,r6i1p1f1,2070,11,27,0.0,16.357658,-1.7934171,2070
20420,r6i1p1f1,2070,11,28,0.0,16.79195,0.8937756,2070
20421,r6i1p1f1,2070,11,29,0.0,18.612127,1.5684915,2070
20422,r6i1p1f1,2070,11,30,0.0,20.140749,1.4755223,2070
20423,r6i1p1f1,2070,12,01,0.0,18.384068,5.294858,2070
20424,r6i1p1f1,2070,12,02,0.2717519580002256,7.4514656,-3.8133233,2070
20425,r6i1p1f1,2070,12,03,8.006021251316112e-05,-0.33828247,-11.996695,2070
20426,r6i1p1f1,2070,12,04,0.0,1.0707818,-12.953628,2070
20427,r6i1p1f1,2070,12,05,1.9220332131850892,-1.0663472,-8.285138,2070
20428,r6i1p1f1,2070,12,06,43.790171585067654,3.9026444,-6.333355,2070
20429,r6i1p1f1,2070,12,07,26.835966967870064,2.6660166,-3.6310875,2070
20430,r6i1p1f1,2070,12,08,10.212173087201545,1.2557498,-6.096081,2070
20431,r6i1p1f1,2070,12,09,3.6533243938153954,1.4355782,-3.7488382,2070
20432,r6i1p1f1,2070,12,10,1.0003923268025048,3.360459,-9.579004,2070
20433,r6i1p1f1,2070,12,11,0.15385251666348215,2.6271515,-6.810359,2070
20434,r6i1p1f1,2070,12,12,0.0,1.2050158,-12.799631,2070
20435,r6i1p1f1,2070,12,13,0.0,6.056222,-8.3278675,2070
20436,r6i1p1f1,2070,12,14,0.0,7.8709745,-4.6679378,2070
20437,r6i1p1f1,2070,12,15,0.0,7.730763,-5.0791874,2070
20438,r6i1p1f1,2070,12,16,0.0,7.7241354,-2.7877958,2070
20439,r6i1p1f1,2070,12,17,0.0,6.1690702,-5.339355,2070
20440,r6i1p1f1,2070,12,18,0.03583120418253804,5.8855515,-2.362032,2070
20441,r6i1p1f1,2070,12,19,0.0,5.2086954,-8.199606,2070
20442,r6i1p1f1,2070,12,20,0.0,5.352384,-8.708023,2070
20443,r6i1p1f1,2070,12,21,0.0,10.345664,-3.0575995,2070
20444,r6i1p1f1,2070,12,22,0.0,9.961291,-2.5000103,2070
20445,r6i1p1f1,2070,12,23,0.0,10.477267,-2.596189,2070
20446,r6i1p1f1,2070,12,24,0.0,10.054459,-3.5575092,2070
20447,r6i1p1f1,2070,12,25,0.0,8.898661,-4.467748,2070
20448,r6i1p1f1,2070,12,26,0.0,8.64828,-4.7357016,2070
20449,r6i1p1f1,2070,12,27,0.0,10.42632,-3.1375668,2070
20450,r6i1p1f1,2070,12,28,0.0,9.884357,-2.6212802,2070
20451,r6i1p1f1,2070,12,29,0.0,9.246098,-2.723966,2070
20452,r6i1p1f1,2070,12,30,1.8792379397001702,5.302254,-1.8951422,2070
20453,r6i1p1f1,2070,12,31,0.13273749040469657,8.617129,1.7600334,2070
20454,r6i1p1f1,2071,01,01,0.0,9.587063,-2.1925201,2071
20455,r6i1p1f1,2071,01,02,1.021382051440617,8.681595,0.5783707,2071
20456,r6i1p1f1,2071,01,03,4.553288751335184,7.5698266,-0.87747055,2071
20457,r6i1p1f1,2071,01,04,0.0,6.7094526,-4.1383066,2071
20458,r6i1p1f1,2071,01,05,12.907243822676387,3.978309,-6.6980925,2071
20459,r6i1p1f1,2071,01,06,4.388042759800405,7.2470536,0.55528367,2071
20460,r6i1p1f1,2071,01,07,5.484716250780398,10.552606,2.1673193,2071
20461,r6i1p1f1,2071,01,08,1.9850445502387999,9.5496025,1.668336,2071
20462,r6i1p1f1,2071,01,09,0.005389218492583257,8.503856,3.0227585,2071
20463,r6i1p1f1,2071,01,10,0.0,9.071097,3.4429142,2071
20464,r6i1p1f1,2071,01,11,0.0,12.341904,4.5629563,2071
20465,r6i1p1f1,2071,01,12,0.31110906211251704,12.954154,5.7509403,2071
20466,r6i1p1f1,2071,01,13,1.3944643992284962,12.023772,1.3819743,2071
20467,r6i1p1f1,2071,01,14,0.0,10.680075,-5.01873,2071
20468,r6i1p1f1,2071,01,15,0.0,11.756499,-3.4492223,2071
20469,r6i1p1f1,2071,01,16,0.02318669593386389,7.8660545,-1.7114993,2071
20470,r6i1p1f1,2071,01,17,4.322660383774271,5.4147773,-0.89004135,2071
20471,r6i1p1f1,2071,01,18,1.4219023915720677,6.204105,-2.1373236,2071
20472,r6i1p1f1,2071,01,19,0.0,9.010333,-2.2082288,2071
20473,r6i1p1f1,2071,01,20,1.3864218182235863,8.08016,1.6183076,2071
20474,r6i1p1f1,2071,01,21,0.12035181578195618,9.287681,2.1374185,2071
20475,r6i1p1f1,2071,01,22,8.937981590254801e-05,10.910461,1.57125,2071
20476,r6i1p1f1,2071,01,23,0.006205216631913515,12.755461,1.9010836,2071
20477,r6i1p1f1,2071,01,24,0.0,15.460577,0.78374124,2071
20478,r6i1p1f1,2071,01,25,0.0,20.311596,4.5665164,2071
20479,r6i1p1f1,2071,01,26,0.0,21.304956,5.5887413,2071
20480,r6i1p1f1,2071,01,27,0.0,19.541964,4.809419,2071
20481,r6i1p1f1,2071,01,28,0.0,18.397354,3.228412,2071
20482,r6i1p1f1,2071,01,29,0.0,17.026798,3.0550368,2071
20483,r6i1p1f1,2071,01,30,0.0,17.612936,4.2468367,2071
20484,r6i1p1f1,2071,01,31,0.0,18.542059,4.8702884,2071
20485,r6i1p1f1,2071,02,01,0.0,20.986362,5.6380224,2071
20486,r6i1p1f1,2071,02,02,0.0,21.90773,6.7117925,2071
20487,r6i1p1f1,2071,02,03,0.0,21.28624,5.754269,2071
20488,r6i1p1f1,2071,02,04,0.0,21.009787,5.140317,2071
20489,r6i1p1f1,2071,02,05,0.0,21.651857,5.7087626,2071
20490,r6i1p1f1,2071,02,06,0.0,21.195889,5.5370536,2071
20491,r6i1p1f1,2071,02,07,0.0,21.519373,5.8790393,2071
20492,r6i1p1f1,2071,02,08,0.06286529273229866,21.497246,5.865742,2071
20493,r6i1p1f1,2071,02,09,0.0,18.568,2.3545966,2071
20494,r6i1p1f1,2071,02,10,0.0,18.880405,3.2411096,2071
20495,r6i1p1f1,2071,02,11,0.17691308408236708,16.522892,8.570628,2071
20496,r6i1p1f1,2071,02,12,1.6336276808551473,14.752506,3.3346937,2071
20497,r6i1p1f1,2071,02,13,0.0,17.167019,1.1180356,2071
20498,r6i1p1f1,2071,02,14,0.0,14.892022,-0.79113317,2071
20499,r6i1p1f1,2071,02,15,0.0,14.973767,-1.0267324,2071
20500,r6i1p1f1,2071,02,16,0.0,16.587282,-0.29445553,2071
20501,r6i1p1f1,2071,02,17,2.644941747757693,10.63891,-1.2782811,2071
20502,r6i1p1f1,2071,02,18,7.21935652237932,10.535749,3.0660782,2071
20503,r6i1p1f1,2071,02,19,8.651902237999334,13.473693,4.3615813,2071
20504,r6i1p1f1,2071,02,20,6.280297664638229,12.253866,3.3753796,2071
20505,r6i1p1f1,2071,02,21,25.951683706783076,10.329939,-1.0372984,2071
20506,r6i1p1f1,2071,02,22,21.81404082343554,4.0428133,-2.5447452,2071
20507,r6i1p1f1,2071,02,23,5.670252270976378,3.886343,-4.196337,2071
20508,r6i1p1f1,2071,02,24,0.024711313067343935,7.045099,-1.6250114,2071
20509,r6i1p1f1,2071,02,25,0.0,11.204288,-4.405761,2071
20510,r6i1p1f1,2071,02,26,0.0,12.228165,-3.2070553,2071
20511,r6i1p1f1,2071,02,27,0.0,15.515965,1.0304691,2071
20512,r6i1p1f1,2071,02,28,0.0,16.33538,1.6078272,2071
20513,r6i1p1f1,2071,03,01,0.0,20.480482,2.7686949,2071
20514,r6i1p1f1,2071,03,02,0.0,22.599314,4.918403,2071
20515,r6i1p1f1,2071,03,03,0.0,24.758694,6.577262,2071
20516,r6i1p1f1,2071,03,04,0.00012329560189962364,20.527496,1.4863238,2071
20517,r6i1p1f1,2071,03,05,2.4514272742042955,2.6746335,-6.2457266,2071
20518,r6i1p1f1,2071,03,06,0.022515231755129133,9.186552,-8.821312,2071
20519,r6i1p1f1,2071,03,07,0.004875496386799624,9.642742,-1.0968033,2071
20520,r6i1p1f1,2071,03,08,11.996300467256306,0.79593897,-7.536471,2071
20521,r6i1p1f1,2071,03,09,4.4417081381553025,1.6700038,-9.112577,2071
20522,r6i1p1f1,2071,03,10,0.7497769221643253,2.7523172,-4.042115,2071
20523,r6i1p1f1,2071,03,11,0.11048675288720736,2.9213498,-6.8194003,2071
20524,r6i1p1f1,2071,03,12,0.10386744914106488,5.782727,-2.011725,2071
20525,r6i1p1f1,2071,03,13,0.0,11.71012,-3.9934406,2071
20526,r6i1p1f1,2071,03,14,0.0,14.180699,-3.505281,2071
20527,r6i1p1f1,2071,03,15,0.0,18.362165,-0.5301435,2071
20528,r6i1p1f1,2071,03,16,0.0,18.524006,0.95733875,2071
20529,r6i1p1f1,2071,03,17,0.0,17.471579,0.09176408,2071
20530,r6i1p1f1,2071,03,18,0.1845157722389263,14.143138,0.8660091,2071
20531,r6i1p1f1,2071,03,19,2.322598045120413,13.466767,0.44771257,2071
20532,r6i1p1f1,2071,03,20,0.03719390159645051,18.55855,1.4434577,2071
20533,r6i1p1f1,2071,03,21,0.0,19.685013,2.4927468,2071
20534,r6i1p1f1,2071,03,22,0.0,19.318104,0.3328761,2071
20535,r6i1p1f1,2071,03,23,0.0,20.157494,1.7768309,2071
20536,r6i1p1f1,2071,03,24,0.0,22.498287,3.4086401,2071
20537,r6i1p1f1,2071,03,25,0.008462099972170942,21.56096,2.8261368,2071
20538,r6i1p1f1,2071,03,26,4.761951464528206,10.976074,-2.3831575,2071
20539,r6i1p1f1,2071,03,27,1.1601671813918888,6.5110087,-8.485713,2071
20540,r6i1p1f1,2071,03,28,0.37303008946634475,8.777462,-3.2314677,2071
20541,r6i1p1f1,2071,03,29,5.240341661975177,6.968405,-2.9233947,2071
20542,r6i1p1f1,2071,03,30,0.0,5.584195,-3.8669894,2071
20543,r6i1p1f1,2071,03,31,0.0,6.5787306,-5.44949,2071
20544,r6i1p1f1,2071,04,01,0.042655776330244484,11.945385,-2.8408117,2071
20545,r6i1p1f1,2071,04,02,6.598996691222573,11.388532,0.90676814,2071
20546,r6i1p1f1,2071,04,03,0.31833329515720077,11.521167,-2.527464,2071
20547,r6i1p1f1,2071,04,04,0.0,17.899164,-1.4164958,2071
20548,r6i1p1f1,2071,04,05,0.0,19.66699,2.2905502,2071
20549,r6i1p1f1,2071,04,06,0.037518885710937075,19.040201,4.3752093,2071
20550,r6i1p1f1,2071,04,07,0.015954516780846147,15.098408,0.8162388,2071
20551,r6i1p1f1,2071,04,08,0.5769573340563523,16.208193,-1.609561,2071
20552,r6i1p1f1,2071,04,09,0.0,18.914848,0.7704008,2071
20553,r6i1p1f1,2071,04,10,0.0,20.620132,2.4576821,2071
20554,r6i1p1f1,2071,04,11,0.0,20.145302,5.4542065,2071
20555,r6i1p1f1,2071,04,12,0.5240610713270898,18.075115,2.8437643,2071
20556,r6i1p1f1,2071,04,13,1.2933578704721678,19.811956,2.4338374,2071
20557,r6i1p1f1,2071,04,14,0.0,22.92524,4.675044,2071
20558,r6i1p1f1,2071,04,15,0.0,23.635036,4.657481,2071
20559,r6i1p1f1,2071,04,16,0.0,18.830296,1.4305967,2071
20560,r6i1p1f1,2071,04,17,1.2877627126211753,11.369849,-3.4814286,2071
20561,r6i1p1f1,2071,04,18,6.302328909875508,8.102379,-5.4396243,2071
20562,r6i1p1f1,2071,04,19,7.183748956622304,7.7881255,-5.9694614,2071
20563,r6i1p1f1,2071,04,20,2.741999841201976,6.860435,-5.6390753,2071
20564,r6i1p1f1,2071,04,21,4.9933375527435215,5.427695,-2.4179087,2071
20565,r6i1p1f1,2071,04,22,16.52864011668682,6.4872613,-1.5532897,2071
20566,r6i1p1f1,2071,04,23,20.879947376965866,10.72889,-2.4106998,2071
20567,r6i1p1f1,2071,04,24,2.999419197618566,10.333488,-4.7434306,2071
20568,r6i1p1f1,2071,04,25,3.7692290632947576,5.7450886,-2.5963376,2071
20569,r6i1p1f1,2071,04,26,0.0,11.280973,-2.418677,2071
20570,r6i1p1f1,2071,04,27,0.0,19.222124,0.3210404,2071
20571,r6i1p1f1,2071,04,28,0.0,18.030874,2.8379836,2071
20572,r6i1p1f1,2071,04,29,0.0003142353022484261,24.105618,4.909649,2071
20573,r6i1p1f1,2071,04,30,0.0,24.953781,7.349381,2071
20574,r6i1p1f1,2071,05,01,0.0,25.052944,6.8536263,2071
20575,r6i1p1f1,2071,05,02,0.0,22.469765,3.6464574,2071
20576,r6i1p1f1,2071,05,03,0.0,24.383024,5.4767737,2071
20577,r6i1p1f1,2071,05,04,4.67025352706506,19.15701,1.0091242,2071
20578,r6i1p1f1,2071,05,05,2.454704952040343,11.167556,3.401332,2071
20579,r6i1p1f1,2071,05,06,7.179857477048236,11.7304945,-2.8508132,2071
20580,r6i1p1f1,2071,05,07,4.087203647258088,14.974103,3.510431,2071
20581,r6i1p1f1,2071,05,08,3.508806173779075,15.986522,-0.530876,2071
20582,r6i1p1f1,2071,05,09,0.0,23.98349,4.310441,2071
20583,r6i1p1f1,2071,05,10,0.0,24.829523,6.5179305,2071
20584,r6i1p1f1,2071,05,11,0.0,23.165058,7.925165,2071
20585,r6i1p1f1,2071,05,12,0.0,26.067877,7.0770082,2071
20586,r6i1p1f1,2071,05,13,0.050804672619153494,27.849829,8.286989,2071
20587,r6i1p1f1,2071,05,14,0.0,29.558279,8.458763,2071
20588,r6i1p1f1,2071,05,15,0.0,30.334137,10.73082,2071
20589,r6i1p1f1,2071,05,16,0.042025320952619315,29.199331,8.866962,2071
20590,r6i1p1f1,2071,05,17,0.0,29.82972,8.979906,2071
20591,r6i1p1f1,2071,05,18,0.0,27.56055,7.436601,2071
20592,r6i1p1f1,2071,05,19,0.0,25.140772,5.4766607,2071
20593,r6i1p1f1,2071,05,20,0.0,25.90298,5.3632326,2071
20594,r6i1p1f1,2071,05,21,0.0,28.645437,7.819663,2071
20595,r6i1p1f1,2071,05,22,0.0,31.389347,10.32881,2071
20596,r6i1p1f1,2071,05,23,0.004194320138705121,31.954275,12.196816,2071
20597,r6i1p1f1,2071,05,24,0.08564061282048542,31.516527,10.574617,2071
20598,r6i1p1f1,2071,05,25,0.0,32.201096,11.724338,2071
20599,r6i1p1f1,2071,05,26,0.02844719169904064,30.74559,11.934992,2071
20600,r6i1p1f1,2071,05,27,0.6286262301478274,30.054333,9.712375,2071
20601,r6i1p1f1,2071,05,28,0.0,29.31447,9.134161,2071
20602,r6i1p1f1,2071,05,29,0.0,26.706959,8.274633,2071
20603,r6i1p1f1,2071,05,30,0.1280482161106768,22.972681,5.9450088,2071
20604,r6i1p1f1,2071,05,31,0.0,27.737381,6.3857718,2071
20605,r6i1p1f1,2071,06,01,0.0,30.612862,10.813286,2071
20606,r6i1p1f1,2071,06,02,0.0,31.654577,11.617909,2071
20607,r6i1p1f1,2071,06,03,0.0,31.243553,11.125046,2071
20608,r6i1p1f1,2071,06,04,0.0,32.01775,11.674126,2071
20609,r6i1p1f1,2071,06,05,0.0,32.88104,13.109539,2071
20610,r6i1p1f1,2071,06,06,0.0,33.161716,13.132821,2071
20611,r6i1p1f1,2071,06,07,0.0,33.49882,14.467018,2071
20612,r6i1p1f1,2071,06,08,1.101362681108444,32.289886,11.598234,2071
20613,r6i1p1f1,2071,06,09,0.36822847082036153,28.74514,14.710974,2071
20614,r6i1p1f1,2071,06,10,1.1966943648604174,27.267103,9.488151,2071
20615,r6i1p1f1,2071,06,11,0.11837740815308703,29.48841,9.297829,2071
20616,r6i1p1f1,2071,06,12,0.07272423292140238,30.61049,12.159285,2071
20617,r6i1p1f1,2071,06,13,0.6964341109142795,28.848938,8.051774,2071
20618,r6i1p1f1,2071,06,14,0.7118086682039663,24.0948,8.273758,2071
20619,r6i1p1f1,2071,06,15,0.0,27.67512,8.124793,2071
20620,r6i1p1f1,2071,06,16,0.28740422680293326,28.58908,9.468311,2071
20621,r6i1p1f1,2071,06,17,0.0,31.020113,10.553301,2071
20622,r6i1p1f1,2071,06,18,0.0023993799815831465,32.216183,12.5691395,2071
20623,r6i1p1f1,2071,06,19,0.012766343289386443,31.582743,12.322453,2071
20624,r6i1p1f1,2071,06,20,0.829324838638821,30.257704,10.01608,2071
20625,r6i1p1f1,2071,06,21,1.1517861967746588,25.031454,9.714179,2071
20626,r6i1p1f1,2071,06,22,0.0,24.568275,11.488924,2071
20627,r6i1p1f1,2071,06,23,0.5516872634643125,27.566448,6.750547,2071
20628,r6i1p1f1,2071,06,24,0.0,31.216547,9.90708,2071
20629,r6i1p1f1,2071,06,25,0.0,31.798716,11.445214,2071
20630,r6i1p1f1,2071,06,26,0.0,32.00573,11.582033,2071
20631,r6i1p1f1,2071,06,27,0.0,33.228203,12.199758,2071
20632,r6i1p1f1,2071,06,28,0.0,32.4716,13.027816,2071
20633,r6i1p1f1,2071,06,29,0.5044701228760684,30.681725,11.289455,2071
20634,r6i1p1f1,2071,06,30,0.060874878298741365,31.846811,12.798537,2071
20635,r6i1p1f1,2071,07,01,0.013223029805668944,31.662977,12.455651,2071
20636,r6i1p1f1,2071,07,02,0.005651794895151444,31.293865,9.55927,2071
20637,r6i1p1f1,2071,07,03,0.6317024507538463,30.265818,10.51727,2071
20638,r6i1p1f1,2071,07,04,0.0003420396501751928,31.199734,11.07772,2071
20639,r6i1p1f1,2071,07,05,0.0,32.620148,12.612389,2071
20640,r6i1p1f1,2071,07,06,0.0,33.554077,13.075727,2071
20641,r6i1p1f1,2071,07,07,0.0,34.518726,13.883875,2071
20642,r6i1p1f1,2071,07,08,0.0,34.11521,12.329617,2071
20643,r6i1p1f1,2071,07,09,0.0,33.34165,12.0233345,2071
20644,r6i1p1f1,2071,07,10,0.0,32.053005,10.50917,2071
20645,r6i1p1f1,2071,07,11,0.0,31.31413,10.1242485,2071
20646,r6i1p1f1,2071,07,12,0.0,32.847057,11.235803,2071
20647,r6i1p1f1,2071,07,13,0.0,33.584774,12.001863,2071
20648,r6i1p1f1,2071,07,14,0.0,33.77863,12.335249,2071
20649,r6i1p1f1,2071,07,15,0.0,33.725536,13.025495,2071
20650,r6i1p1f1,2071,07,16,0.0,34.13297,13.221656,2071
20651,r6i1p1f1,2071,07,17,0.0,34.38502,15.9153,2071
20652,r6i1p1f1,2071,07,18,0.19354285394673426,33.44935,13.410166,2071
20653,r6i1p1f1,2071,07,19,0.0,31.886496,11.213121,2071
20654,r6i1p1f1,2071,07,20,0.0,32.946907,11.970587,2071
20655,r6i1p1f1,2071,07,21,0.0,31.599817,11.145103,2071
20656,r6i1p1f1,2071,07,22,0.0,31.471243,10.743456,2071
20657,r6i1p1f1,2071,07,23,0.0,33.03952,12.475092,2071
20658,r6i1p1f1,2071,07,24,0.0,34.76961,13.321233,2071
20659,r6i1p1f1,2071,07,25,0.0,35.321945,13.777981,2071
20660,r6i1p1f1,2071,07,26,0.006744676235727124,35.499767,14.900623,2071
20661,r6i1p1f1,2071,07,27,0.3129410586194438,33.47525,12.667608,2071
20662,r6i1p1f1,2071,07,28,1.008769697435352,34.186302,15.139076,2071
20663,r6i1p1f1,2071,07,29,0.0006981895615488656,33.656704,13.82938,2071
20664,r6i1p1f1,2071,07,30,0.00016768542093171065,33.718258,14.426456,2071
20665,r6i1p1f1,2071,07,31,0.0,33.13896,13.352006,2071
20666,r6i1p1f1,2071,08,01,0.0,33.437424,13.6290045,2071
20667,r6i1p1f1,2071,08,02,0.0,33.223343,13.924702,2071
20668,r6i1p1f1,2071,08,03,0.0031853606821750135,33.33884,13.202296,2071
20669,r6i1p1f1,2071,08,04,0.0,34.827374,13.918237,2071
20670,r6i1p1f1,2071,08,05,3.0785219966497595,36.40118,16.709564,2071
20671,r6i1p1f1,2071,08,06,2.0835802323362596,36.830296,15.806482,2071
20672,r6i1p1f1,2071,08,07,0.25374765734493204,36.796307,16.055868,2071
20673,r6i1p1f1,2071,08,08,1.2007223184658669,35.831055,16.553522,2071
20674,r6i1p1f1,2071,08,09,1.0994829280980727,34.670475,15.238499,2071
20675,r6i1p1f1,2071,08,10,0.10135106161767632,35.265686,15.125482,2071
20676,r6i1p1f1,2071,08,11,1.0136983458480822,33.823315,13.702196,2071
20677,r6i1p1f1,2071,08,12,1.227831564248951,26.938675,8.567767,2071
20678,r6i1p1f1,2071,08,13,8.711532641313338,23.152617,7.2070756,2071
20679,r6i1p1f1,2071,08,14,6.342822732494192,20.883902,8.595496,2071
20680,r6i1p1f1,2071,08,15,1.9477845233631086,24.41838,8.401701,2071
20681,r6i1p1f1,2071,08,16,0.04180581841084527,28.894846,11.32327,2071
20682,r6i1p1f1,2071,08,17,0.02148645822435579,30.580477,12.73529,2071
20683,r6i1p1f1,2071,08,18,0.01921630745849404,32.890877,12.6272545,2071
20684,r6i1p1f1,2071,08,19,0.0,32.431835,12.899734,2071
20685,r6i1p1f1,2071,08,20,0.0,32.270588,13.194876,2071
20686,r6i1p1f1,2071,08,21,0.0,29.553854,9.830765,2071
20687,r6i1p1f1,2071,08,22,0.0,25.295435,7.8310256,2071
20688,r6i1p1f1,2071,08,23,0.0,25.820482,7.538581,2071
20689,r6i1p1f1,2071,08,24,0.0,26.259031,7.418923,2071
20690,r6i1p1f1,2071,08,25,0.0,26.051022,6.4306374,2071
20691,r6i1p1f1,2071,08,26,0.0,27.52165,7.616391,2071
20692,r6i1p1f1,2071,08,27,0.0,28.910568,10.532011,2071
20693,r6i1p1f1,2071,08,28,0.0,32.344707,11.547827,2071
20694,r6i1p1f1,2071,08,29,0.0,34.27407,12.909125,2071
20695,r6i1p1f1,2071,08,30,0.0,34.125034,13.897,2071
20696,r6i1p1f1,2071,08,31,0.0,32.82552,14.205979,2071
20697,r6i1p1f1,2071,09,01,0.0,32.18705,13.869393,2071
20698,r6i1p1f1,2071,09,02,0.0,31.882925,12.918193,2071
20699,r6i1p1f1,2071,09,03,0.0,31.627676,13.511629,2071
20700,r6i1p1f1,2071,09,04,0.0,32.179962,13.237151,2071
20701,r6i1p1f1,2071,09,05,0.2509940629102689,32.024727,13.756157,2071
20702,r6i1p1f1,2071,09,06,0.029780880805300624,33.218,13.048751,2071
20703,r6i1p1f1,2071,09,07,0.017832150040811623,33.867367,13.688523,2071
20704,r6i1p1f1,2071,09,08,0.0,32.74637,12.8369665,2071
20705,r6i1p1f1,2071,09,09,0.0,31.41608,11.981741,2071
20706,r6i1p1f1,2071,09,10,0.0,31.947832,11.81424,2071
20707,r6i1p1f1,2071,09,11,0.0,31.181871,10.762668,2071
20708,r6i1p1f1,2071,09,12,0.0,28.340797,10.487979,2071
20709,r6i1p1f1,2071,09,13,0.0,28.905806,10.296023,2071
20710,r6i1p1f1,2071,09,14,0.0,29.503202,10.847109,2071
20711,r6i1p1f1,2071,09,15,0.04680088543512807,30.758757,12.051287,2071
20712,r6i1p1f1,2071,09,16,0.0968398438423886,34.19853,13.121833,2071
20713,r6i1p1f1,2071,09,17,0.0,34.0068,13.248148,2071
20714,r6i1p1f1,2071,09,18,0.0,33.684624,13.003255,2071
20715,r6i1p1f1,2071,09,19,0.0,32.88443,12.958815,2071
20716,r6i1p1f1,2071,09,20,0.0,32.59597,10.6122265,2071
20717,r6i1p1f1,2071,09,21,0.0,30.363039,10.864149,2071
20718,r6i1p1f1,2071,09,22,0.0,31.575346,12.678604,2071
20719,r6i1p1f1,2071,09,23,0.0,31.623142,12.118968,2071
20720,r6i1p1f1,2071,09,24,0.0,28.742588,9.951999,2071
20721,r6i1p1f1,2071,09,25,0.0,28.768242,10.001043,2071
20722,r6i1p1f1,2071,09,26,0.0,31.970783,11.857848,2071
20723,r6i1p1f1,2071,09,27,0.0,33.81701,12.533194,2071
20724,r6i1p1f1,2071,09,28,0.0,34.52411,13.010485,2071
20725,r6i1p1f1,2071,09,29,0.0,34.200867,13.677358,2071
20726,r6i1p1f1,2071,09,30,0.38185567264718273,32.332302,13.160325,2071
20727,r6i1p1f1,2071,10,01,3.7586198313424646,19.665178,5.617513,2071
20728,r6i1p1f1,2071,10,02,0.46040027248990156,19.67053,3.7184296,2071
20729,r6i1p1f1,2071,10,03,0.0,15.17232,-1.2340809,2071
20730,r6i1p1f1,2071,10,04,0.0,14.179621,-1.7716464,2071
20731,r6i1p1f1,2071,10,05,0.0,17.620302,-2.5266385,2071
20732,r6i1p1f1,2071,10,06,6.75474758652568,16.415201,0.24528407,2071
20733,r6i1p1f1,2071,10,07,25.74029859285544,12.091712,3.8604767,2071
20734,r6i1p1f1,2071,10,08,30.66159137077996,12.068513,3.9798727,2071
20735,r6i1p1f1,2071,10,09,3.1216353638054586,11.739307,0.9231813,2071
20736,r6i1p1f1,2071,10,10,0.0010258773296229235,14.658507,-1.84658,2071
20737,r6i1p1f1,2071,10,11,18.242653323302235,13.249249,0.52589035,2071
20738,r6i1p1f1,2071,10,12,4.3667471197677115,14.601389,4.3839493,2071
20739,r6i1p1f1,2071,10,13,0.34916817025061236,17.950808,5.4266953,2071
20740,r6i1p1f1,2071,10,14,0.19531446056423626,18.424343,2.9831982,2071
20741,r6i1p1f1,2071,10,15,0.7247406499115939,18.41335,0.4157709,2071
20742,r6i1p1f1,2071,10,16,4.40548582020588,12.547492,2.4193873,2071
20743,r6i1p1f1,2071,10,17,19.23304406584692,12.063696,4.874283,2071
20744,r6i1p1f1,2071,10,18,5.608869186074324,11.389931,1.1385014,2071
20745,r6i1p1f1,2071,10,19,0.3724435901277779,17.017826,2.1175647,2071
20746,r6i1p1f1,2071,10,20,0.0,18.792036,2.360037,2071
20747,r6i1p1f1,2071,10,21,0.6091896189330871,15.431278,4.3063416,2071
20748,r6i1p1f1,2071,10,22,1.09140354887385,16.904642,6.126243,2071
20749,r6i1p1f1,2071,10,23,0.0,23.073265,6.2455525,2071
20750,r6i1p1f1,2071,10,24,0.0,24.764383,6.852478,2071
20751,r6i1p1f1,2071,10,25,0.0,22.834892,5.632224,2071
20752,r6i1p1f1,2071,10,26,1.6423904636415387,16.615723,5.806458,2071
20753,r6i1p1f1,2071,10,27,1.4340739914380582,14.577102,6.9387765,2071
20754,r6i1p1f1,2071,10,28,0.20420119288004418,15.781864,3.2646136,2071
20755,r6i1p1f1,2071,10,29,0.0,17.182364,2.844401,2071
20756,r6i1p1f1,2071,10,30,0.0,20.109158,1.3145239,2071
20757,r6i1p1f1,2071,10,31,0.0,22.697588,3.957097,2071
20758,r6i1p1f1,2071,11,01,0.07786484822556963,22.247215,5.738984,2071
20759,r6i1p1f1,2071,11,02,0.0,17.18574,3.1745498,2071
20760,r6i1p1f1,2071,11,03,0.32160875861162025,17.786537,3.3145764,2071
20761,r6i1p1f1,2071,11,04,0.06207503816249529,14.842533,2.2465937,2071
20762,r6i1p1f1,2071,11,05,0.0,15.162552,-0.30886212,2071
20763,r6i1p1f1,2071,11,06,0.0,16.783848,-0.3644653,2071
20764,r6i1p1f1,2071,11,07,0.0,16.332104,0.3145167,2071
20765,r6i1p1f1,2071,11,08,0.005435879949191839,11.611309,-1.9562525,2071
20766,r6i1p1f1,2071,11,09,17.92218598253824,8.346848,-4.5197806,2071
20767,r6i1p1f1,2071,11,10,0.07359459311132348,3.302819,-4.015241,2071
20768,r6i1p1f1,2071,11,11,0.2897949881033557,4.2520404,-3.8551302,2071
20769,r6i1p1f1,2071,11,12,4.540884331375872,4.87574,-2.9227211,2071
20770,r6i1p1f1,2071,11,13,10.067611561422073,5.235804,-2.8468306,2071
20771,r6i1p1f1,2071,11,14,0.004288526755279276,12.191617,-4.7111893,2071
20772,r6i1p1f1,2071,11,15,0.07363771105281267,11.473789,1.9107617,2071
20773,r6i1p1f1,2071,11,16,1.7005743760541265,12.414553,1.0278516,2071
20774,r6i1p1f1,2071,11,17,0.6583004234126071,9.307125,3.1431556,2071
20775,r6i1p1f1,2071,11,18,7.660973695949812,9.799547,2.3874412,2071
20776,r6i1p1f1,2071,11,19,9.208985275776424,9.79359,1.0734376,2071
20777,r6i1p1f1,2071,11,20,2.9684745894976325,9.553308,3.237119,2071
20778,r6i1p1f1,2071,11,21,7.7921434271569545,9.733971,0.48619372,2071
20779,r6i1p1f1,2071,11,22,11.854409593257794,8.267833,0.41149354,2071
20780,r6i1p1f1,2071,11,23,7.868727007194743,7.728475,0.6783631,2071
20781,r6i1p1f1,2071,11,24,0.11433877182100516,11.855018,-1.7126173,2071
20782,r6i1p1f1,2071,11,25,0.0,11.702933,-4.749723,2071
20783,r6i1p1f1,2071,11,26,0.0,10.940095,-5.315592,2071
20784,r6i1p1f1,2071,11,27,0.0,11.952919,-3.9928417,2071
20785,r6i1p1f1,2071,11,28,0.0,15.248749,-3.2739172,2071
20786,r6i1p1f1,2071,11,29,0.0,15.241744,-2.208153,2071
20787,r6i1p1f1,2071,11,30,0.6786058100660136,13.111346,-0.4206199,2071
20788,r6i1p1f1,2071,12,01,7.204517925944133,4.1209064,-0.31403244,2071
20789,r6i1p1f1,2071,12,02,0.0,8.853083,-1.7754499,2071
20790,r6i1p1f1,2071,12,03,0.0,9.262488,-3.8803656,2071
20791,r6i1p1f1,2071,12,04,0.0,9.043041,-4.61171,2071
20792,r6i1p1f1,2071,12,05,0.0,8.783563,-4.572862,2071
20793,r6i1p1f1,2071,12,06,0.0,8.710766,-3.2188902,2071
20794,r6i1p1f1,2071,12,07,11.211142226351704,4.7137976,-3.1793008,2071
20795,r6i1p1f1,2071,12,08,7.330610241933998,3.5708046,-2.6357,2071
20796,r6i1p1f1,2071,12,09,0.234891266385975,5.882554,-0.92156523,2071
20797,r6i1p1f1,2071,12,10,8.845381559715747,7.480064,-2.7052407,2071
20798,r6i1p1f1,2071,12,11,53.01869819476792,12.27878,1.3557746,2071
20799,r6i1p1f1,2071,12,12,24.092771309541593,12.046225,-1.1359899,2071
20800,r6i1p1f1,2071,12,13,7.286722364765466,2.6979167,-7.0343084,2071
20801,r6i1p1f1,2071,12,14,14.207544875624004,2.9915595,-5.1890855,2071
20802,r6i1p1f1,2071,12,15,39.48895241212143,11.135791,-2.2729797,2071
20803,r6i1p1f1,2071,12,16,7.406587487063305,9.322291,-3.481498,2071
20804,r6i1p1f1,2071,12,17,0.0,3.219342,-10.700412,2071
20805,r6i1p1f1,2071,12,18,0.0,5.486692,-7.6564527,2071
20806,r6i1p1f1,2071,12,19,0.0,8.315557,-5.0327682,2071
20807,r6i1p1f1,2071,12,20,0.03606110687040585,9.718442,-3.5550568,2071
20808,r6i1p1f1,2071,12,21,0.0,13.659902,-2.257129,2071
20809,r6i1p1f1,2071,12,22,0.0,14.014137,0.11244356,2071
20810,r6i1p1f1,2071,12,23,0.0,16.111292,3.5590646,2071
20811,r6i1p1f1,2071,12,24,0.0,15.9081335,2.283926,2071
20812,r6i1p1f1,2071,12,25,0.15309663608738427,13.623078,1.8544917,2071
20813,r6i1p1f1,2071,12,26,1.0738433172035242,15.858868,2.1666565,2071
20814,r6i1p1f1,2071,12,27,31.33174668127714,13.59175,1.5781219,2071
20815,r6i1p1f1,2071,12,28,48.58514936010872,11.870688,4.696745,2071
20816,r6i1p1f1,2071,12,29,29.599196434136168,9.425387,3.6259766,2071
20817,r6i1p1f1,2071,12,30,28.705447941666897,11.009636,4.6327953,2071
20818,r6i1p1f1,2071,12,31,11.189366817567432,12.1990185,5.9183664,2071
20819,r6i1p1f1,2072,01,01,4.108709382708263,11.579025,4.597906,2072
20820,r6i1p1f1,2072,01,02,0.01380745373964449,10.128228,2.0641265,2072
20821,r6i1p1f1,2072,01,03,11.306194558964934,12.514385,3.8852577,2072
20822,r6i1p1f1,2072,01,04,15.596658041400692,11.498907,1.7002065,2072
20823,r6i1p1f1,2072,01,05,1.3097361044359574,8.3173895,0.73554415,2072
20824,r6i1p1f1,2072,01,06,5.226130800629754,11.0940275,2.0013666,2072
20825,r6i1p1f1,2072,01,07,12.614409086726331,10.609151,4.430407,2072
20826,r6i1p1f1,2072,01,08,2.2127132059729697,11.898479,4.7758675,2072
20827,r6i1p1f1,2072,01,09,0.0,14.627627,0.73547554,2072
20828,r6i1p1f1,2072,01,10,14.797250324115307,11.2491865,0.62027836,2072
20829,r6i1p1f1,2072,01,11,5.790499174182071,9.198046,2.0993855,2072
20830,r6i1p1f1,2072,01,12,0.5328498628102898,9.12127,2.1527026,2072
20831,r6i1p1f1,2072,01,13,0.04008008490820808,11.671912,-1.8135219,2072
20832,r6i1p1f1,2072,01,14,0.0,13.550919,-1.2944483,2072
20833,r6i1p1f1,2072,01,15,0.0,15.572281,1.4520357,2072
20834,r6i1p1f1,2072,01,16,0.0,16.338522,1.2403519,2072
20835,r6i1p1f1,2072,01,17,0.0,17.289072,2.2490666,2072
20836,r6i1p1f1,2072,01,18,0.0,15.326119,1.860845,2072
20837,r6i1p1f1,2072,01,19,1.5530847479294267,10.324607,1.1772226,2072
20838,r6i1p1f1,2072,01,20,0.011810639365603275,14.484073,2.978181,2072
20839,r6i1p1f1,2072,01,21,0.167887249306597,14.49527,0.45998234,2072
20840,r6i1p1f1,2072,01,22,0.001228540030032958,10.321614,-1.4044139,2072
20841,r6i1p1f1,2072,01,23,0.024773540146323034,12.790118,2.0223234,2072
20842,r6i1p1f1,2072,01,24,7.784132370137063,14.237595,4.542924,2072
20843,r6i1p1f1,2072,01,25,12.439592618961944,14.01244,6.619973,2072
20844,r6i1p1f1,2072,01,26,20.14035192353112,13.418591,5.9983993,2072
20845,r6i1p1f1,2072,01,27,15.188827860987598,13.786791,6.0377107,2072
20846,r6i1p1f1,2072,01,28,38.66953968249893,16.85038,2.247903,2072
20847,r6i1p1f1,2072,01,29,1.031827769121857,12.357956,0.7368053,2072
20848,r6i1p1f1,2072,01,30,5.499935149098062,12.484692,-0.86997885,2072
20849,r6i1p1f1,2072,01,31,57.35156684687227,12.604907,2.376829,2072
20850,r6i1p1f1,2072,02,01,34.41403606396446,13.071154,1.9893442,2072
20851,r6i1p1f1,2072,02,02,25.551747414950775,14.439954,0.827353,2072
20852,r6i1p1f1,2072,02,03,38.714445702645,15.655298,0.028635373,2072
20853,r6i1p1f1,2072,02,04,20.586158944581427,9.777225,-3.171594,2072
20854,r6i1p1f1,2072,02,05,16.493252631295388,7.6333656,0.7930075,2072
20855,r6i1p1f1,2072,02,06,13.815912873250742,6.470592,-0.7287048,2072
20856,r6i1p1f1,2072,02,07,3.6716273453349637,7.8462305,0.6280574,2072
20857,r6i1p1f1,2072,02,08,0.17769219919764223,8.055993,-0.54762167,2072
20858,r6i1p1f1,2072,02,09,9.622071985784117,6.0791774,-1.1597431,2072
20859,r6i1p1f1,2072,02,10,0.0,8.405057,1.5202192,2072
20860,r6i1p1f1,2072,02,11,0.0,11.39314,-2.3558795,2072
20861,r6i1p1f1,2072,02,12,17.356351808251627,9.550581,-4.061328,2072
20862,r6i1p1f1,2072,02,13,7.312692395473078,6.5290565,-1.5810589,2072
20863,r6i1p1f1,2072,02,14,13.942239246774822,6.8183374,-0.5700442,2072
20864,r6i1p1f1,2072,02,15,23.56195816768827,8.030592,-2.6661756,2072
20865,r6i1p1f1,2072,02,16,47.8192328651532,5.0902495,-1.9440361,2072
20866,r6i1p1f1,2072,02,17,4.202078269412268,6.411336,-2.6812372,2072
20867,r6i1p1f1,2072,02,18,20.0032041354598,10.067772,-0.69234776,2072
20868,r6i1p1f1,2072,02,19,30.280500141162737,9.913644,-1.6626577,2072
20869,r6i1p1f1,2072,02,20,0.05963822573297917,7.9953556,-0.8608867,2072
20870,r6i1p1f1,2072,02,21,0.0,9.179133,-4.3357034,2072
20871,r6i1p1f1,2072,02,22,0.0,13.893652,-2.5089333,2072
20872,r6i1p1f1,2072,02,23,4.596637198653649,10.053245,-5.864883,2072
20873,r6i1p1f1,2072,02,24,4.902266047851618,2.5662782,-4.4368205,2072
20874,r6i1p1f1,2072,02,25,0.0023475216386104544,7.9859843,-2.9864852,2072
20875,r6i1p1f1,2072,02,26,0.8690010854736285,6.3324385,0.48977444,2072
20876,r6i1p1f1,2072,02,27,3.569475154561024,8.138594,-0.62767684,2072
20877,r6i1p1f1,2072,02,28,0.002174891021504863,9.520695,-0.68871766,2072
20878,r6i1p1f1,2072,02,29,0.0,9.389895,-3.754306,2072
20879,r6i1p1f1,2072,03,01,0.0,9.376245,-3.274289,2072
20880,r6i1p1f1,2072,03,02,0.0,9.5589485,-8.081389,2072
20881,r6i1p1f1,2072,03,03,2.610482660980839,6.561501,-3.8407054,2072
20882,r6i1p1f1,2072,03,04,9.994287017353171,3.6940906,-4.2270927,2072
20883,r6i1p1f1,2072,03,05,5.549281018282049,3.2727716,-4.6682944,2072
20884,r6i1p1f1,2072,03,06,10.531521250559717,3.082589,-6.0988116,2072
20885,r6i1p1f1,2072,03,07,0.0,7.282951,-1.4508381,2072
20886,r6i1p1f1,2072,03,08,0.0021535922628332115,7.9306803,-7.5265265,2072
20887,r6i1p1f1,2072,03,09,0.0,11.846362,-2.9478323,2072
20888,r6i1p1f1,2072,03,10,0.06031715643019684,13.053285,-0.39102826,2072
20889,r6i1p1f1,2072,03,11,4.599430984148298,11.189644,-2.9726036,2072
20890,r6i1p1f1,2072,03,12,0.0,17.74982,0.55756646,2072
20891,r6i1p1f1,2072,03,13,0.0,19.181917,-0.42587638,2072
20892,r6i1p1f1,2072,03,14,0.0,20.518679,2.7485056,2072
20893,r6i1p1f1,2072,03,15,0.0,20.833046,3.3940861,2072
20894,r6i1p1f1,2072,03,16,0.01366605830458722,19.54474,3.6728208,2072
20895,r6i1p1f1,2072,03,17,0.003922724284665405,14.958697,1.5963814,2072
20896,r6i1p1f1,2072,03,18,11.442333429506656,9.195453,-3.4668102,2072
20897,r6i1p1f1,2072,03,19,0.10145593083280742,10.416798,-2.5806885,2072
20898,r6i1p1f1,2072,03,20,0.0,9.95519,-2.3145587,2072
20899,r6i1p1f1,2072,03,21,0.9689353367432336,7.705076,-0.74488664,2072
20900,r6i1p1f1,2072,03,22,0.11217821632557148,11.49647,-7.1905894,2072
20901,r6i1p1f1,2072,03,23,20.767588849382722,8.381177,-2.197578,2072
20902,r6i1p1f1,2072,03,24,5.258548885318521,10.008366,-2.004216,2072
20903,r6i1p1f1,2072,03,25,2.092812268092763,8.430254,-2.058933,2072
20904,r6i1p1f1,2072,03,26,11.364789086799055,11.012314,-3.0703125,2072
20905,r6i1p1f1,2072,03,27,9.17802010790601,10.76831,0.6593129,2072
20906,r6i1p1f1,2072,03,28,0.033284443858032975,10.206311,2.5150325,2072
20907,r6i1p1f1,2072,03,29,10.263254142387256,11.009097,-0.3904484,2072
20908,r6i1p1f1,2072,03,30,8.325199896049776,15.34724,-1.7765115,2072
20909,r6i1p1f1,2072,03,31,0.12116497860047666,18.522596,4.0330906,2072
20910,r6i1p1f1,2072,04,01,13.553091842223347,13.136782,4.8953857,2072
20911,r6i1p1f1,2072,04,02,23.384500841385144,13.731262,4.522019,2072
20912,r6i1p1f1,2072,04,03,7.5367953836362505,12.63728,-5.8493156,2072
20913,r6i1p1f1,2072,04,04,0.1551495377371827,11.941043,-2.0853503,2072
20914,r6i1p1f1,2072,04,05,0.41181915198967617,12.82612,-1.9449832,2072
20915,r6i1p1f1,2072,04,06,0.0,16.451572,-2.8423202,2072
20916,r6i1p1f1,2072,04,07,0.10368532672725823,16.825964,-0.5741023,2072
20917,r6i1p1f1,2072,04,08,0.18323530747319627,12.091554,-2.2860851,2072
20918,r6i1p1f1,2072,04,09,13.57936188766396,12.099476,-2.82156,2072
20919,r6i1p1f1,2072,04,10,8.158095218585686,11.900352,-1.4274929,2072
20920,r6i1p1f1,2072,04,11,9.966188630269588,12.071537,-0.0004871721,2072
20921,r6i1p1f1,2072,04,12,3.984911182562259,13.773961,1.3987759,2072
20922,r6i1p1f1,2072,04,13,4.458896914132528,12.618692,1.0618321,2072
20923,r6i1p1f1,2072,04,14,0.5807572806945035,15.675017,2.026866,2072
20924,r6i1p1f1,2072,04,15,7.753099892288213,11.800247,-0.379959,2072
20925,r6i1p1f1,2072,04,16,5.862696453228021,9.114759,-5.484128,2072
20926,r6i1p1f1,2072,04,17,0.0,17.297148,0.6243544,2072
20927,r6i1p1f1,2072,04,18,0.0,19.82517,1.5317048,2072
20928,r6i1p1f1,2072,04,19,0.0,20.511019,3.017876,2072
20929,r6i1p1f1,2072,04,20,3.0052865286316064,16.05207,1.1699708,2072
20930,r6i1p1f1,2072,04,21,6.250755326743893,10.066832,0.079068616,2072
20931,r6i1p1f1,2072,04,22,0.0762237320283071,15.701847,-1.0453355,2072
20932,r6i1p1f1,2072,04,23,0.0,19.824335,1.1174513,2072
20933,r6i1p1f1,2072,04,24,0.0,23.4879,4.740436,2072
20934,r6i1p1f1,2072,04,25,0.0,24.62187,6.9319944,2072
20935,r6i1p1f1,2072,04,26,0.0,26.742472,8.907038,2072
20936,r6i1p1f1,2072,04,27,0.0,27.479387,9.448415,2072
20937,r6i1p1f1,2072,04,28,0.10345649849441757,22.160513,4.1623883,2072
20938,r6i1p1f1,2072,04,29,0.25137250431074615,17.27715,-0.07315793,2072
20939,r6i1p1f1,2072,04,30,0.0,15.610563,1.0314828,2072
20940,r6i1p1f1,2072,05,01,0.5353321377805199,13.496142,2.1966054,2072
20941,r6i1p1f1,2072,05,02,0.5211388042823212,15.972428,1.7562788,2072
20942,r6i1p1f1,2072,05,03,0.1980249429215365,16.471878,1.9562281,2072
20943,r6i1p1f1,2072,05,04,0.05009144074156921,21.032835,2.698027,2072
20944,r6i1p1f1,2072,05,05,0.0,22.246286,2.8447888,2072
20945,r6i1p1f1,2072,05,06,0.24011156703562628,21.865128,3.3809988,2072
20946,r6i1p1f1,2072,05,07,0.007836625846958994,16.444654,0.032999404,2072
20947,r6i1p1f1,2072,05,08,0.0,23.654797,2.9229681,2072
20948,r6i1p1f1,2072,05,09,0.0,28.817486,7.582406,2072
20949,r6i1p1f1,2072,05,10,0.0,30.86686,10.349312,2072
20950,r6i1p1f1,2072,05,11,0.0,31.844948,11.196294,2072
20951,r6i1p1f1,2072,05,12,0.0,29.254622,9.883257,2072
20952,r6i1p1f1,2072,05,13,0.018448064117706723,26.750887,7.9608016,2072
20953,r6i1p1f1,2072,05,14,2.1997256032894237,15.875212,3.010686,2072
20954,r6i1p1f1,2072,05,15,1.5703039342221643,14.7181015,0.6367651,2072
20955,r6i1p1f1,2072,05,16,0.9683080330526189,17.829945,-0.21467236,2072
20956,r6i1p1f1,2072,05,17,1.4355387798362127,19.617617,0.47594658,2072
20957,r6i1p1f1,2072,05,18,1.0200306790615363,23.899624,5.331997,2072
20958,r6i1p1f1,2072,05,19,0.1430997526342072,28.599482,7.8232126,2072
20959,r6i1p1f1,2072,05,20,0.1876464076884223,28.031887,10.440049,2072
20960,r6i1p1f1,2072,05,21,0.0,31.524223,10.581911,2072
20961,r6i1p1f1,2072,05,22,0.0006272570610983185,32.55149,13.75959,2072
20962,r6i1p1f1,2072,05,23,5.3639616426586825,28.45202,7.901889,2072
20963,r6i1p1f1,2072,05,24,2.379769976955518,23.507925,7.322755,2072
20964,r6i1p1f1,2072,05,25,3.2750887499531807,22.45143,5.0873427,2072
20965,r6i1p1f1,2072,05,26,3.618146651689373,25.824621,5.851572,2072
20966,r6i1p1f1,2072,05,27,5.731002094194167,25.250843,8.849387,2072
20967,r6i1p1f1,2072,05,28,2.2171093162477624,19.78918,6.7634554,2072
20968,r6i1p1f1,2072,05,29,0.021253914254209683,20.248903,5.6132574,2072
20969,r6i1p1f1,2072,05,30,1.977971588485234,17.939209,3.5637238,2072
20970,r6i1p1f1,2072,05,31,0.2974762017168528,19.96762,1.5755662,2072
20971,r6i1p1f1,2072,06,01,0.2280005332978425,21.201,1.2711478,2072
20972,r6i1p1f1,2072,06,02,0.008286146017675996,24.836573,5.538593,2072
20973,r6i1p1f1,2072,06,03,0.0,24.995256,5.4774494,2072
20974,r6i1p1f1,2072,06,04,0.0,30.89432,10.310286,2072
20975,r6i1p1f1,2072,06,05,0.0,32.397545,11.872931,2072
20976,r6i1p1f1,2072,06,06,0.0,31.774996,12.1521225,2072
20977,r6i1p1f1,2072,06,07,0.0,32.00701,11.621852,2072
20978,r6i1p1f1,2072,06,08,0.0,32.217247,11.250046,2072
20979,r6i1p1f1,2072,06,09,0.0032859626718294544,32.43357,11.325633,2072
20980,r6i1p1f1,2072,06,10,1.0449720317863584,31.605843,12.610972,2072
20981,r6i1p1f1,2072,06,11,0.5119488059154149,28.429546,8.839361,2072
20982,r6i1p1f1,2072,06,12,0.7660687779993876,24.720087,6.7680135,2072
20983,r6i1p1f1,2072,06,13,5.254694278598817,17.754004,7.821696,2072
20984,r6i1p1f1,2072,06,14,0.33933667878718776,24.132963,5.3217425,2072
20985,r6i1p1f1,2072,06,15,0.0,28.98742,8.815038,2072
20986,r6i1p1f1,2072,06,16,0.004412191655388015,27.774084,10.347115,2072
20987,r6i1p1f1,2072,06,17,0.07850543583694057,23.09679,11.404698,2072
20988,r6i1p1f1,2072,06,18,0.43896745713512125,22.57993,9.725469,2072
20989,r6i1p1f1,2072,06,19,1.4243238885889347,19.370398,3.726382,2072
20990,r6i1p1f1,2072,06,20,0.2272261304680611,22.850983,2.9024935,2072
20991,r6i1p1f1,2072,06,21,0.0,30.5313,9.770532,2072
20992,r6i1p1f1,2072,06,22,0.2975077760264069,29.541245,9.73489,2072
20993,r6i1p1f1,2072,06,23,0.4127464634624395,22.724613,4.045164,2072
20994,r6i1p1f1,2072,06,24,0.01738476800298759,27.24251,8.274369,2072
20995,r6i1p1f1,2072,06,25,0.0,29.317236,9.645932,2072
20996,r6i1p1f1,2072,06,26,0.0,32.201237,12.136722,2072
20997,r6i1p1f1,2072,06,27,0.0,32.87439,13.184218,2072
20998,r6i1p1f1,2072,06,28,0.0007280341870580038,33.33689,13.258481,2072
20999,r6i1p1f1,2072,06,29,0.0059380528721848114,33.50574,13.190133,2072
21000,r6i1p1f1,2072,06,30,0.0,32.11628,12.182989,2072
21001,r6i1p1f1,2072,07,01,0.010492742873800079,32.456917,11.190067,2072
21002,r6i1p1f1,2072,07,02,0.0,32.700928,12.147963,2072
21003,r6i1p1f1,2072,07,03,0.007854046491445114,32.540157,10.351489,2072
21004,r6i1p1f1,2072,07,04,0.0,30.72966,10.734333,2072
21005,r6i1p1f1,2072,07,05,0.0,30.861294,10.323786,2072
21006,r6i1p1f1,2072,07,06,0.06141822805998644,31.826626,14.316603,2072
21007,r6i1p1f1,2072,07,07,0.3042046064425699,32.600475,12.34233,2072
21008,r6i1p1f1,2072,07,08,0.0,33.27369,12.680825,2072
21009,r6i1p1f1,2072,07,09,0.0,33.41046,15.183785,2072
21010,r6i1p1f1,2072,07,10,0.0,34.336075,12.878419,2072
21011,r6i1p1f1,2072,07,11,0.0,34.48695,12.856054,2072
21012,r6i1p1f1,2072,07,12,0.0,36.364536,14.219734,2072
21013,r6i1p1f1,2072,07,13,0.0,37.075977,14.9389105,2072
21014,r6i1p1f1,2072,07,14,0.0,37.480324,14.657375,2072
21015,r6i1p1f1,2072,07,15,0.0,37.133823,14.222913,2072
21016,r6i1p1f1,2072,07,16,0.0,36.1396,14.390062,2072
21017,r6i1p1f1,2072,07,17,0.04152715648412465,34.71474,13.671474,2072
21018,r6i1p1f1,2072,07,18,0.0,35.19216,13.437836,2072
21019,r6i1p1f1,2072,07,19,0.0,35.64989,13.95506,2072
21020,r6i1p1f1,2072,07,20,0.0,35.400555,14.208933,2072
21021,r6i1p1f1,2072,07,21,0.0,36.405216,14.603027,2072
21022,r6i1p1f1,2072,07,22,0.0,37.796673,16.04918,2072
21023,r6i1p1f1,2072,07,23,0.0,37.280327,15.384268,2072
21024,r6i1p1f1,2072,07,24,0.0,37.78863,16.759392,2072
21025,r6i1p1f1,2072,07,25,0.0,38.14231,16.894253,2072
21026,r6i1p1f1,2072,07,26,0.004394400158725561,38.076374,18.775759,2072
21027,r6i1p1f1,2072,07,27,0.06044978351073533,38.269863,17.243727,2072
21028,r6i1p1f1,2072,07,28,0.21117253501067398,40.794746,18.463678,2072
21029,r6i1p1f1,2072,07,29,0.0,40.15672,19.347633,2072
21030,r6i1p1f1,2072,07,30,0.0,39.32333,17.272045,2072
21031,r6i1p1f1,2072,07,31,0.11647616903715273,38.801056,16.837402,2072
21032,r6i1p1f1,2072,08,01,0.0,37.664005,15.553988,2072
21033,r6i1p1f1,2072,08,02,0.0,37.184635,15.191949,2072
21034,r6i1p1f1,2072,08,03,0.0,37.21409,15.301305,2072
21035,r6i1p1f1,2072,08,04,0.0,37.54815,15.369752,2072
21036,r6i1p1f1,2072,08,05,0.0,37.901524,15.32905,2072
21037,r6i1p1f1,2072,08,06,0.0,37.820217,16.40419,2072
21038,r6i1p1f1,2072,08,07,0.0,37.59107,15.746943,2072
21039,r6i1p1f1,2072,08,08,0.0,35.843185,14.67328,2072
21040,r6i1p1f1,2072,08,09,0.0,36.11975,14.622544,2072
21041,r6i1p1f1,2072,08,10,0.0,36.29766,15.377507,2072
21042,r6i1p1f1,2072,08,11,0.0,35.266174,15.201313,2072
21043,r6i1p1f1,2072,08,12,0.2076630024453772,34.257656,13.322782,2072
21044,r6i1p1f1,2072,08,13,0.0,34.346203,12.798098,2072
21045,r6i1p1f1,2072,08,14,0.0,33.809254,12.87121,2072
21046,r6i1p1f1,2072,08,15,0.0,33.254177,12.105282,2072
21047,r6i1p1f1,2072,08,16,0.0,32.70844,11.498755,2072
21048,r6i1p1f1,2072,08,17,0.0,32.7106,11.566085,2072
21049,r6i1p1f1,2072,08,18,0.0,33.37441,11.286171,2072
21050,r6i1p1f1,2072,08,19,0.0,34.220222,12.423629,2072
21051,r6i1p1f1,2072,08,20,0.0,34.342197,12.317186,2072
21052,r6i1p1f1,2072,08,21,0.0,33.42223,12.37392,2072
21053,r6i1p1f1,2072,08,22,0.0,32.504826,11.508385,2072
21054,r6i1p1f1,2072,08,23,0.0,30.35196,11.956074,2072
21055,r6i1p1f1,2072,08,24,0.0,29.95484,9.691823,2072
21056,r6i1p1f1,2072,08,25,0.016494707492110978,29.57826,10.521796,2072
21057,r6i1p1f1,2072,08,26,0.0,32.286873,11.265876,2072
21058,r6i1p1f1,2072,08,27,0.0,33.021786,12.959489,2072
21059,r6i1p1f1,2072,08,28,0.0,33.479378,11.731652,2072
21060,r6i1p1f1,2072,08,29,0.0,33.253788,11.471324,2072
21061,r6i1p1f1,2072,08,30,1.2209776448581176,29.557941,7.449383,2072
21062,r6i1p1f1,2072,08,31,0.11530066665043215,27.253775,7.040861,2072
21063,r6i1p1f1,2072,09,01,0.6411607198143788,25.372423,7.998214,2072
21064,r6i1p1f1,2072,09,02,0.03727634282273271,27.382244,10.179247,2072
21065,r6i1p1f1,2072,09,03,0.006430583835463973,28.800838,10.327608,2072
21066,r6i1p1f1,2072,09,04,0.0,30.15283,11.314999,2072
21067,r6i1p1f1,2072,09,05,0.0,30.018469,11.426,2072
21068,r6i1p1f1,2072,09,06,0.0,30.265247,11.444969,2072
21069,r6i1p1f1,2072,09,07,0.0,32.08912,10.657989,2072
21070,r6i1p1f1,2072,09,08,0.0,31.687296,10.586964,2072
21071,r6i1p1f1,2072,09,09,0.0,27.998814,8.704955,2072
21072,r6i1p1f1,2072,09,10,0.0,26.673384,7.162925,2072
21073,r6i1p1f1,2072,09,11,0.0,29.006138,8.4544735,2072
21074,r6i1p1f1,2072,09,12,0.0,32.25667,9.876162,2072
21075,r6i1p1f1,2072,09,13,0.0,31.109657,9.934589,2072
21076,r6i1p1f1,2072,09,14,0.0,27.814909,8.951232,2072
21077,r6i1p1f1,2072,09,15,0.0009690323793499784,27.16689,8.554442,2072
21078,r6i1p1f1,2072,09,16,0.0012315422868209764,29.008799,9.155411,2072
21079,r6i1p1f1,2072,09,17,0.0,29.528482,9.274468,2072
21080,r6i1p1f1,2072,09,18,0.0,28.970543,8.885741,2072
21081,r6i1p1f1,2072,09,19,0.005667519699413785,27.915272,9.168756,2072
21082,r6i1p1f1,2072,09,20,0.007327435498071346,29.283585,13.929984,2072
21083,r6i1p1f1,2072,09,21,0.0,29.67398,13.528592,2072
21084,r6i1p1f1,2072,09,22,0.0,29.49645,11.896692,2072
21085,r6i1p1f1,2072,09,23,0.018796013660079127,26.112226,8.832068,2072
21086,r6i1p1f1,2072,09,24,1.4768030126900944,23.986834,6.616153,2072
21087,r6i1p1f1,2072,09,25,2.533647958196288,16.9889,1.9908231,2072
21088,r6i1p1f1,2072,09,26,1.5070125684689968,12.831652,1.4329604,2072
21089,r6i1p1f1,2072,09,27,0.32113350687787307,14.378236,3.4039738,2072
21090,r6i1p1f1,2072,09,28,0.16708844506378642,18.306551,3.0437005,2072
21091,r6i1p1f1,2072,09,29,0.0,23.77006,5.828005,2072
21092,r6i1p1f1,2072,09,30,0.0,24.746994,7.471435,2072
21093,r6i1p1f1,2072,10,01,0.2479144756557665,23.09038,6.2574024,2072
21094,r6i1p1f1,2072,10,02,0.08839082640784746,21.07269,4.0295234,2072
21095,r6i1p1f1,2072,10,03,0.0030335979338313233,20.240961,3.8318088,2072
21096,r6i1p1f1,2072,10,04,20.42368282376544,16.73559,4.548359,2072
21097,r6i1p1f1,2072,10,05,0.9162105617354378,17.279337,4.405606,2072
21098,r6i1p1f1,2072,10,06,0.020550762347723715,22.041544,5.0964284,2072
21099,r6i1p1f1,2072,10,07,3.5665241626527484,20.005867,4.951998,2072
21100,r6i1p1f1,2072,10,08,0.13445585400059393,23.062416,5.740385,2072
21101,r6i1p1f1,2072,10,09,0.006357639396333204,26.031866,7.35258,2072
21102,r6i1p1f1,2072,10,10,0.0,27.14532,8.784483,2072
21103,r6i1p1f1,2072,10,11,0.0,26.681742,8.901495,2072
21104,r6i1p1f1,2072,10,12,0.0,26.276978,8.385615,2072
21105,r6i1p1f1,2072,10,13,0.0,24.60164,9.5021925,2072
21106,r6i1p1f1,2072,10,14,0.7792762713970072,21.416714,6.7630854,2072
21107,r6i1p1f1,2072,10,15,1.7267014776415985,18.7607,5.8828697,2072
21108,r6i1p1f1,2072,10,16,0.0,23.23938,4.5490193,2072
21109,r6i1p1f1,2072,10,17,0.0,23.571745,4.5842724,2072
21110,r6i1p1f1,2072,10,18,1.0983620722449101,17.15822,5.8408966,2072
21111,r6i1p1f1,2072,10,19,0.0629356463537115,17.317875,3.684073,2072
21112,r6i1p1f1,2072,10,20,0.007751728585990418,18.434954,1.9724679,2072
21113,r6i1p1f1,2072,10,21,0.0,22.067469,3.6190243,2072
21114,r6i1p1f1,2072,10,22,0.0,27.287758,6.048992,2072
21115,r6i1p1f1,2072,10,23,0.0,27.402416,7.046108,2072
21116,r6i1p1f1,2072,10,24,0.0,26.246798,7.7262473,2072
21117,r6i1p1f1,2072,10,25,0.015944334019541335,23.858799,7.2456846,2072
21118,r6i1p1f1,2072,10,26,0.0,17.280487,0.99883914,2072
21119,r6i1p1f1,2072,10,27,0.0030858889306765516,17.098179,3.2117548,2072
21120,r6i1p1f1,2072,10,28,6.931784434507286,12.273549,5.9803705,2072
21121,r6i1p1f1,2072,10,29,22.50317339390683,12.872396,4.347777,2072
21122,r6i1p1f1,2072,10,30,7.083499243873193,12.229431,2.144322,2072
21123,r6i1p1f1,2072,10,31,0.0001715099232482616,13.58075,0.8733364,2072
21124,r6i1p1f1,2072,11,01,25.334606012518805,9.702863,-0.29059833,2072
21125,r6i1p1f1,2072,11,02,16.69383498254792,7.0932794,-1.9460794,2072
21126,r6i1p1f1,2072,11,03,0.2537248964921054,9.01327,-2.9686472,2072
21127,r6i1p1f1,2072,11,04,0.0,12.018629,-2.764773,2072
21128,r6i1p1f1,2072,11,05,0.0,14.333266,-0.66728586,2072
21129,r6i1p1f1,2072,11,06,0.0,15.605924,1.2766151,2072
21130,r6i1p1f1,2072,11,07,0.09777965751164984,13.1373625,1.6783354,2072
21131,r6i1p1f1,2072,11,08,8.571138995125121,9.276315,1.9471253,2072
21132,r6i1p1f1,2072,11,09,12.670527429616618,8.921542,2.679112,2072
21133,r6i1p1f1,2072,11,10,0.6298268788996425,9.190857,2.3317032,2072
21134,r6i1p1f1,2072,11,11,0.010958761335961582,10.624963,0.34120584,2072
21135,r6i1p1f1,2072,11,12,18.530926141134913,9.326785,2.6583908,2072
21136,r6i1p1f1,2072,11,13,9.113709675520289,9.810218,3.6414752,2072
21137,r6i1p1f1,2072,11,14,23.69292266592535,9.5693865,2.7016215,2072
21138,r6i1p1f1,2072,11,15,15.275077962220037,10.156654,1.2382841,2072
21139,r6i1p1f1,2072,11,16,0.1814926802508942,11.26048,1.9738572,2072
21140,r6i1p1f1,2072,11,17,0.0,9.964536,-4.680933,2072
21141,r6i1p1f1,2072,11,18,1.1299405690627566,6.817269,-1.7246779,2072
21142,r6i1p1f1,2072,11,19,1.460579586393841,4.557318,-4.489249,2072
21143,r6i1p1f1,2072,11,20,0.5190857449835986,5.442025,-4.570498,2072
21144,r6i1p1f1,2072,11,21,29.495556449534657,4.7555447,-1.1205728,2072
21145,r6i1p1f1,2072,11,22,2.0589647214213294,7.133561,0.026680991,2072
21146,r6i1p1f1,2072,11,23,0.0,10.133503,0.6063866,2072
21147,r6i1p1f1,2072,11,24,0.02164105219072081,10.582859,1.7355194,2072
21148,r6i1p1f1,2072,11,25,0.16417703109011894,12.370999,2.4915912,2072
21149,r6i1p1f1,2072,11,26,0.0,14.013615,-0.6237144,2072
21150,r6i1p1f1,2072,11,27,0.0,13.928935,-1.7010051,2072
21151,r6i1p1f1,2072,11,28,0.0,14.229336,-1.0991932,2072
21152,r6i1p1f1,2072,11,29,0.0,13.713977,-2.0905366,2072
21153,r6i1p1f1,2072,11,30,0.0,12.922888,-0.28126743,2072
21154,r6i1p1f1,2072,12,01,0.0,14.395437,2.9609766,2072
21155,r6i1p1f1,2072,12,02,0.0,16.027393,3.0636122,2072
21156,r6i1p1f1,2072,12,03,0.0,16.183483,3.6069856,2072
21157,r6i1p1f1,2072,12,04,0.0,15.2081585,2.2059813,2072
21158,r6i1p1f1,2072,12,05,0.0,15.132214,1.8169377,2072
21159,r6i1p1f1,2072,12,06,0.0,15.946428,3.0282984,2072
21160,r6i1p1f1,2072,12,07,0.0,17.530499,4.901329,2072
21161,r6i1p1f1,2072,12,08,0.0,17.242851,4.7633595,2072
21162,r6i1p1f1,2072,12,09,0.0,16.584435,3.9422617,2072
21163,r6i1p1f1,2072,12,10,0.0,16.136225,3.0921986,2072
21164,r6i1p1f1,2072,12,11,0.0,16.1879,3.4655898,2072
21165,r6i1p1f1,2072,12,12,0.0,15.67782,4.4826913,2072
21166,r6i1p1f1,2072,12,13,0.0,14.47676,2.6422253,2072
21167,r6i1p1f1,2072,12,14,0.0,10.828145,-2.5218081,2072
21168,r6i1p1f1,2072,12,15,0.0,14.136593,1.007772,2072
21169,r6i1p1f1,2072,12,16,0.0,14.983974,2.9421053,2072
21170,r6i1p1f1,2072,12,17,0.0,14.615374,2.6066365,2072
21171,r6i1p1f1,2072,12,18,0.0,13.763986,1.674467,2072
21172,r6i1p1f1,2072,12,19,0.0,16.122038,2.5440738,2072
21173,r6i1p1f1,2072,12,20,0.005577694475032778,14.179753,1.3464328,2072
21174,r6i1p1f1,2072,12,21,28.98426724916834,9.656913,2.2742944,2072
21175,r6i1p1f1,2072,12,22,34.81154016084434,9.15677,3.012787,2072
21176,r6i1p1f1,2072,12,23,24.03144245473515,9.091961,-4.3686953,2072
21177,r6i1p1f1,2072,12,24,3.502096639015737,-0.8898113,-10.319438,2072
21178,r6i1p1f1,2072,12,25,13.64266975995615,-0.27170116,-8.01861,2072
21179,r6i1p1f1,2072,12,26,3.861234155203783,-0.022340417,-9.523284,2072
21180,r6i1p1f1,2072,12,27,0.0,4.1169014,-6.558684,2072
21181,r6i1p1f1,2072,12,28,4.494558935552141,6.4072227,-2.1551197,2072
21182,r6i1p1f1,2072,12,29,14.60277875177274,4.2436485,-2.19484,2072
21183,r6i1p1f1,2072,12,30,3.0393614096886523,4.8283844,-3.471361,2072
21184,r6i1p1f1,2072,12,31,0.0,6.2202907,-7.1856155,2072
21185,r6i1p1f1,2073,01,01,0.0,8.401506,-6.048817,2073
21186,r6i1p1f1,2073,01,02,0.0,9.83386,-3.5334456,2073
21187,r6i1p1f1,2073,01,03,0.0,9.013414,-3.0835583,2073
21188,r6i1p1f1,2073,01,04,0.0,8.650768,-4.5723157,2073
21189,r6i1p1f1,2073,01,05,0.0,9.418324,-0.90336144,2073
21190,r6i1p1f1,2073,01,06,0.0,10.640257,0.9286385,2073
21191,r6i1p1f1,2073,01,07,0.0,10.918373,-0.6595547,2073
21192,r6i1p1f1,2073,01,08,0.0,11.833336,-1.0167392,2073
21193,r6i1p1f1,2073,01,09,0.01347055317455281,9.427635,0.22497702,2073
21194,r6i1p1f1,2073,01,10,2.325018212984758,7.4284186,0.7092757,2073
21195,r6i1p1f1,2073,01,11,1.6625094500189557,10.612494,3.54815,2073
21196,r6i1p1f1,2073,01,12,0.06320528979231527,15.853796,5.5731277,2073
21197,r6i1p1f1,2073,01,13,0.00011831914788517226,17.911638,5.1389794,2073
21198,r6i1p1f1,2073,01,14,14.00873284638045,13.2540245,2.3008194,2073
21199,r6i1p1f1,2073,01,15,2.0526681643236264,7.358821,-4.85894,2073
21200,r6i1p1f1,2073,01,16,0.06451071036856608,2.5695207,-7.5342236,2073
21201,r6i1p1f1,2073,01,17,0.0022009594515533465,2.245113,-10.95805,2073
21202,r6i1p1f1,2073,01,18,0.0,2.0713482,-8.670805,2073
21203,r6i1p1f1,2073,01,19,0.0,2.912064,-9.929896,2073
21204,r6i1p1f1,2073,01,20,0.0,4.662197,-8.854328,2073
21205,r6i1p1f1,2073,01,21,0.0,10.574437,-4.3147154,2073
21206,r6i1p1f1,2073,01,22,0.03172194768954137,10.492544,-3.9433758,2073
21207,r6i1p1f1,2073,01,23,18.970874976576365,-1.1835328,-7.684506,2073
21208,r6i1p1f1,2073,01,24,0.058498311918247066,2.2843695,-9.766333,2073
21209,r6i1p1f1,2073,01,25,11.135352553701532,0.63587016,-8.145347,2073
21210,r6i1p1f1,2073,01,26,0.03392113297252339,1.9940591,-10.209144,2073
21211,r6i1p1f1,2073,01,27,0.0,2.753042,-12.4151125,2073
21212,r6i1p1f1,2073,01,28,0.0,3.17019,-7.315468,2073
21213,r6i1p1f1,2073,01,29,0.0016798372173862047,3.2199779,-6.4940243,2073
21214,r6i1p1f1,2073,01,30,0.0,6.3946176,-4.4086413,2073
21215,r6i1p1f1,2073,01,31,0.6887375002111767,4.4516196,-2.6995742,2073
21216,r6i1p1f1,2073,02,01,2.442154084098753,2.4830506,-2.936663,2073
21217,r6i1p1f1,2073,02,02,0.011562871477877889,3.9208782,-4.9587097,2073
21218,r6i1p1f1,2073,02,03,0.5697574115642082,6.261443,-2.1234515,2073
21219,r6i1p1f1,2073,02,04,0.0,8.230056,-5.8559923,2073
21220,r6i1p1f1,2073,02,05,0.0,11.979551,-3.768017,2073
21221,r6i1p1f1,2073,02,06,0.0,12.544396,-0.85491097,2073
21222,r6i1p1f1,2073,02,07,0.0,13.953648,-0.6381302,2073
21223,r6i1p1f1,2073,02,08,0.0,18.001543,1.9603579,2073
21224,r6i1p1f1,2073,02,09,0.0,17.031137,0.7376305,2073
21225,r6i1p1f1,2073,02,10,0.0,19.117239,3.07128,2073
21226,r6i1p1f1,2073,02,11,0.002293770521568589,16.853645,2.1270757,2073
21227,r6i1p1f1,2073,02,12,0.09699500239496785,16.201473,3.496801,2073
21228,r6i1p1f1,2073,02,13,0.0,16.960777,0.52405953,2073
21229,r6i1p1f1,2073,02,14,0.0,17.370287,1.2646834,2073
21230,r6i1p1f1,2073,02,15,0.02369553995805776,16.068092,1.8906654,2073
21231,r6i1p1f1,2073,02,16,0.0,16.518303,0.45141754,2073
21232,r6i1p1f1,2073,02,17,0.0,15.783657,2.8456635,2073
21233,r6i1p1f1,2073,02,18,0.0,17.37079,0.67446953,2073
21234,r6i1p1f1,2073,02,19,0.0,18.447645,3.3125355,2073
21235,r6i1p1f1,2073,02,20,1.6576220236998354,17.150562,1.8020517,2073
21236,r6i1p1f1,2073,02,21,0.0,13.209637,-1.4585669,2073
21237,r6i1p1f1,2073,02,22,0.0,14.353174,-2.3017511,2073
21238,r6i1p1f1,2073,02,23,0.0,17.333958,1.537087,2073
21239,r6i1p1f1,2073,02,24,0.0,19.002525,2.1275406,2073
21240,r6i1p1f1,2073,02,25,0.0,18.33278,1.7944409,2073
21241,r6i1p1f1,2073,02,26,0.6619289086824233,6.530548,-5.4258056,2073
21242,r6i1p1f1,2073,02,27,0.4166891995531767,4.5499406,-5.2016006,2073
21243,r6i1p1f1,2073,02,28,0.16665054148181307,4.0016,-7.9319263,2073
21244,r6i1p1f1,2073,03,01,20.413654170754487,5.839679,-8.082819,2073
21245,r6i1p1f1,2073,03,02,43.23552594374664,7.3493524,-2.1642382,2073
21246,r6i1p1f1,2073,03,03,45.889286845724605,8.759337,0.75971544,2073
21247,r6i1p1f1,2073,03,04,37.374569301594015,10.671247,-2.3313768,2073
21248,r6i1p1f1,2073,03,05,7.175163111552716,7.0377436,-4.3174324,2073
21249,r6i1p1f1,2073,03,06,0.027799208432191833,5.850104,-3.5543623,2073
21250,r6i1p1f1,2073,03,07,0.27254173802729015,9.278189,-5.82112,2073
21251,r6i1p1f1,2073,03,08,0.10900904019095986,8.15817,-0.8330338,2073
21252,r6i1p1f1,2073,03,09,0.0,15.539872,0.19990668,2073
21253,r6i1p1f1,2073,03,10,0.0,20.213911,2.3833375,2073
21254,r6i1p1f1,2073,03,11,0.0,19.964636,2.3906276,2073
21255,r6i1p1f1,2073,03,12,0.0,21.343098,3.586082,2073
21256,r6i1p1f1,2073,03,13,0.0,23.601284,4.436339,2073
21257,r6i1p1f1,2073,03,14,0.0,22.565771,5.390773,2073
21258,r6i1p1f1,2073,03,15,0.48663164960877947,21.182928,4.168891,2073
21259,r6i1p1f1,2073,03,16,4.919179734409755,16.62248,1.7925962,2073
21260,r6i1p1f1,2073,03,17,20.511962904754498,10.040463,3.501868,2073
21261,r6i1p1f1,2073,03,18,17.158184348786435,10.958886,3.6667016,2073
21262,r6i1p1f1,2073,03,19,0.17474949614525093,14.040822,5.901959,2073
21263,r6i1p1f1,2073,03,20,6.081451325709488,13.364676,-3.9416943,2073
21264,r6i1p1f1,2073,03,21,0.0,12.277718,-2.5830965,2073
21265,r6i1p1f1,2073,03,22,3.487791054833771,10.312072,-3.0952523,2073
21266,r6i1p1f1,2073,03,23,3.990592454787215,4.1795697,-5.343973,2073
21267,r6i1p1f1,2073,03,24,0.013958159349290062,6.0052934,-3.9654331,2073
21268,r6i1p1f1,2073,03,25,4.290585262535066,8.271371,-2.6357129,2073
21269,r6i1p1f1,2073,03,26,0.004560712261129428,13.928816,-1.6215571,2073
21270,r6i1p1f1,2073,03,27,0.0,16.99646,-0.24357575,2073
21271,r6i1p1f1,2073,03,28,0.0,18.385452,0.5750903,2073
21272,r6i1p1f1,2073,03,29,0.0,22.799126,1.9988899,2073
21273,r6i1p1f1,2073,03,30,0.0,23.468845,4.9189143,2073
21274,r6i1p1f1,2073,03,31,0.0,23.923283,5.8352623,2073
21275,r6i1p1f1,2073,04,01,0.0,23.847078,6.6473713,2073
21276,r6i1p1f1,2073,04,02,1.195978295827187,18.881702,2.1827588,2073
21277,r6i1p1f1,2073,04,03,0.0,17.095716,-3.6178093,2073
21278,r6i1p1f1,2073,04,04,0.0,12.670051,-5.280179,2073
21279,r6i1p1f1,2073,04,05,0.0,15.631526,-1.7795138,2073
21280,r6i1p1f1,2073,04,06,0.0,19.697998,0.7885772,2073
21281,r6i1p1f1,2073,04,07,0.0,19.976593,0.7217282,2073
21282,r6i1p1f1,2073,04,08,0.0,20.008503,0.046588648,2073
21283,r6i1p1f1,2073,04,09,0.0,19.561571,1.8552471,2073
21284,r6i1p1f1,2073,04,10,2.702101657824165,15.305679,-1.3114252,2073
21285,r6i1p1f1,2073,04,11,15.074637682819294,10.199204,-1.5823371,2073
21286,r6i1p1f1,2073,04,12,4.763375263980332,8.286131,-3.3253171,2073
21287,r6i1p1f1,2073,04,13,12.74023682832128,4.8647656,-3.4400318,2073
21288,r6i1p1f1,2073,04,14,0.0001842438341078574,3.7905328,-7.0730977,2073
21289,r6i1p1f1,2073,04,15,0.049117017245702686,8.730158,-4.0130386,2073
21290,r6i1p1f1,2073,04,16,0.0,12.571988,-4.204401,2073
21291,r6i1p1f1,2073,04,17,0.0,16.945461,-1.0793985,2073
21292,r6i1p1f1,2073,04,18,0.11626210445600073,15.166929,0.056494873,2073
21293,r6i1p1f1,2073,04,19,4.741947580434289,10.741036,-6.588996,2073
21294,r6i1p1f1,2073,04,20,0.0,13.966352,-1.3799177,2073
21295,r6i1p1f1,2073,04,21,1.1041017374815587,10.898416,-1.2856516,2073
21296,r6i1p1f1,2073,04,22,0.004720813135568198,11.973665,-0.6689056,2073
21297,r6i1p1f1,2073,04,23,0.0,18.378044,-1.7738825,2073
21298,r6i1p1f1,2073,04,24,0.0,17.720692,1.808946,2073
21299,r6i1p1f1,2073,04,25,0.02494379407031843,16.55437,-0.16918623,2073
21300,r6i1p1f1,2073,04,26,0.0,20.8518,1.6358147,2073
21301,r6i1p1f1,2073,04,27,0.0,25.905788,6.1543527,2073
21302,r6i1p1f1,2073,04,28,0.0,26.774588,7.834992,2073
21303,r6i1p1f1,2073,04,29,0.0,25.766804,6.997286,2073
21304,r6i1p1f1,2073,04,30,2.5785469983836125,17.629143,0.4870247,2073
21305,r6i1p1f1,2073,05,01,0.0,18.791851,0.25428563,2073
21306,r6i1p1f1,2073,05,02,0.0,19.136106,1.7672322,2073
21307,r6i1p1f1,2073,05,03,0.011582106972327104,16.003263,2.445124,2073
21308,r6i1p1f1,2073,05,04,0.04020410820775586,19.696123,4.113917,2073
21309,r6i1p1f1,2073,05,05,0.0,24.552654,5.861608,2073
21310,r6i1p1f1,2073,05,06,0.0,23.304508,8.452112,2073
21311,r6i1p1f1,2073,05,07,0.017950953396481728,23.709417,8.457828,2073
21312,r6i1p1f1,2073,05,08,0.0,25.711489,7.5942545,2073
21313,r6i1p1f1,2073,05,09,0.0,25.721415,6.286254,2073
21314,r6i1p1f1,2073,05,10,0.0,25.098623,5.5844183,2073
21315,r6i1p1f1,2073,05,11,0.0,27.16101,7.5918283,2073
21316,r6i1p1f1,2073,05,12,0.0,30.437895,10.527843,2073
21317,r6i1p1f1,2073,05,13,0.0,33.62106,13.066293,2073
21318,r6i1p1f1,2073,05,14,0.0,35.95429,15.622464,2073
21319,r6i1p1f1,2073,05,15,0.0,34.12753,14.056103,2073
21320,r6i1p1f1,2073,05,16,0.0,32.25634,11.201477,2073
21321,r6i1p1f1,2073,05,17,0.0,28.556498,8.1752205,2073
21322,r6i1p1f1,2073,05,18,0.3889735530257028,25.684273,6.59513,2073
21323,r6i1p1f1,2073,05,19,0.026023718534613296,21.836226,4.3727646,2073
21324,r6i1p1f1,2073,05,20,0.017373883512611776,20.810066,4.415734,2073
21325,r6i1p1f1,2073,05,21,0.0,22.070662,2.9093132,2073
21326,r6i1p1f1,2073,05,22,0.34713004077198595,21.203127,1.8502264,2073
21327,r6i1p1f1,2073,05,23,0.02464354501900966,25.12144,5.959381,2073
21328,r6i1p1f1,2073,05,24,0.8135079882123744,21.382837,3.1630414,2073
21329,r6i1p1f1,2073,05,25,7.865485963730278,15.734701,0.7878253,2073
21330,r6i1p1f1,2073,05,26,0.620392041113293,19.03003,1.3104501,2073
21331,r6i1p1f1,2073,05,27,2.2338058753251766,19.306223,1.7025943,2073
21332,r6i1p1f1,2073,05,28,2.0924686334947356,20.50496,2.8226132,2073
21333,r6i1p1f1,2073,05,29,1.6263032993134607,23.665106,5.2962737,2073
21334,r6i1p1f1,2073,05,30,0.34125698103123886,21.848745,4.358646,2073
21335,r6i1p1f1,2073,05,31,7.033507736828752,17.460205,3.6176822,2073
21336,r6i1p1f1,2073,06,01,1.6289762424768301,17.81926,-0.02447862,2073
21337,r6i1p1f1,2073,06,02,0.0,25.924501,6.44259,2073
21338,r6i1p1f1,2073,06,03,0.0,28.360355,9.046314,2073
21339,r6i1p1f1,2073,06,04,0.01884836740622557,27.84853,11.016106,2073
21340,r6i1p1f1,2073,06,05,0.0,25.932468,9.748332,2073
21341,r6i1p1f1,2073,06,06,0.0048287991416960515,26.35893,8.671724,2073
21342,r6i1p1f1,2073,06,07,0.0,29.426771,11.937049,2073
21343,r6i1p1f1,2073,06,08,0.0,32.20613,13.226938,2073
21344,r6i1p1f1,2073,06,09,0.0,31.638897,12.0251045,2073
21345,r6i1p1f1,2073,06,10,0.0,28.673435,10.83552,2073
21346,r6i1p1f1,2073,06,11,0.0,26.731628,9.408944,2073
21347,r6i1p1f1,2073,06,12,0.0,31.342781,12.334209,2073
21348,r6i1p1f1,2073,06,13,0.0,36.721397,17.554377,2073
21349,r6i1p1f1,2073,06,14,0.0,39.353718,20.687277,2073
21350,r6i1p1f1,2073,06,15,0.0,39.457634,20.259714,2073
21351,r6i1p1f1,2073,06,16,0.0,37.43385,18.035997,2073
21352,r6i1p1f1,2073,06,17,0.0,34.505737,13.406097,2073
21353,r6i1p1f1,2073,06,18,0.0,33.27611,13.240225,2073
21354,r6i1p1f1,2073,06,19,0.0,32.288563,13.3120575,2073
21355,r6i1p1f1,2073,06,20,0.0,32.46961,13.221917,2073
21356,r6i1p1f1,2073,06,21,0.6818730147615074,30.439096,11.726898,2073
21357,r6i1p1f1,2073,06,22,0.0,26.663824,6.608914,2073
21358,r6i1p1f1,2073,06,23,0.0,28.430841,7.6031647,2073
21359,r6i1p1f1,2073,06,24,0.1499009702335494,27.400057,9.135209,2073
21360,r6i1p1f1,2073,06,25,0.0,25.015667,8.705852,2073
21361,r6i1p1f1,2073,06,26,0.0,32.095425,12.092451,2073
21362,r6i1p1f1,2073,06,27,0.0,34.925068,14.518541,2073
21363,r6i1p1f1,2073,06,28,0.0,34.051205,13.701601,2073
21364,r6i1p1f1,2073,06,29,0.01260723120008781,32.414062,11.20756,2073
21365,r6i1p1f1,2073,06,30,0.0,31.915897,12.038394,2073
21366,r6i1p1f1,2073,07,01,0.0,32.417515,11.332857,2073
21367,r6i1p1f1,2073,07,02,0.5747081537630878,31.860535,11.109805,2073
21368,r6i1p1f1,2073,07,03,0.0,31.665487,11.574231,2073
21369,r6i1p1f1,2073,07,04,0.15453196075261905,33.827847,14.333119,2073
21370,r6i1p1f1,2073,07,05,1.1128457668170189,34.827957,12.464436,2073
21371,r6i1p1f1,2073,07,06,0.07289814466373078,34.390614,12.79657,2073
21372,r6i1p1f1,2073,07,07,0.0030502973695323947,34.643246,13.945778,2073
21373,r6i1p1f1,2073,07,08,0.7196975472643176,35.400955,14.837474,2073
21374,r6i1p1f1,2073,07,09,0.0,34.281822,13.491274,2073
21375,r6i1p1f1,2073,07,10,0.0,34.661522,13.712745,2073
21376,r6i1p1f1,2073,07,11,0.0,34.702324,14.855433,2073
21377,r6i1p1f1,2073,07,12,0.0,34.54923,13.163831,2073
21378,r6i1p1f1,2073,07,13,0.0876575164469646,34.27773,12.973706,2073
21379,r6i1p1f1,2073,07,14,0.0,34.19404,13.075121,2073
21380,r6i1p1f1,2073,07,15,0.0,34.280025,12.767079,2073
21381,r6i1p1f1,2073,07,16,0.0,33.926624,13.255128,2073
21382,r6i1p1f1,2073,07,17,0.0,33.98369,13.597951,2073
21383,r6i1p1f1,2073,07,18,0.0,33.810276,13.648517,2073
21384,r6i1p1f1,2073,07,19,0.0,33.301346,13.425806,2073
21385,r6i1p1f1,2073,07,20,0.0,34.13322,13.688439,2073
21386,r6i1p1f1,2073,07,21,0.0,34.50154,14.025856,2073
21387,r6i1p1f1,2073,07,22,0.0008309417128238009,34.147743,13.714889,2073
21388,r6i1p1f1,2073,07,23,0.0,33.05278,12.811849,2073
21389,r6i1p1f1,2073,07,24,0.0,31.846682,11.657592,2073
21390,r6i1p1f1,2073,07,25,0.0,32.736465,12.909944,2073
21391,r6i1p1f1,2073,07,26,0.0,36.21789,14.727465,2073
21392,r6i1p1f1,2073,07,27,0.0,39.613358,17.823746,2073
21393,r6i1p1f1,2073,07,28,0.0,40.159397,18.636257,2073
21394,r6i1p1f1,2073,07,29,0.0,38.591427,17.21392,2073
21395,r6i1p1f1,2073,07,30,1.5410879260046784e-06,38.40388,17.11721,2073
21396,r6i1p1f1,2073,07,31,0.0,37.624073,15.616858,2073
21397,r6i1p1f1,2073,08,01,0.0,34.996273,13.302507,2073
21398,r6i1p1f1,2073,08,02,0.0,31.995054,11.125586,2073
21399,r6i1p1f1,2073,08,03,0.0,31.183912,10.84993,2073
21400,r6i1p1f1,2073,08,04,0.0,33.605133,14.247718,2073
21401,r6i1p1f1,2073,08,05,0.0,35.19865,13.484252,2073
21402,r6i1p1f1,2073,08,06,0.0,36.854942,15.516081,2073
21403,r6i1p1f1,2073,08,07,0.0,38.388847,17.11034,2073
21404,r6i1p1f1,2073,08,08,0.0,38.75613,17.385965,2073
21405,r6i1p1f1,2073,08,09,0.0,38.539333,17.01631,2073
21406,r6i1p1f1,2073,08,10,0.0,36.0908,15.401798,2073
21407,r6i1p1f1,2073,08,11,0.0,34.63847,13.800223,2073
21408,r6i1p1f1,2073,08,12,0.0,34.609566,13.328945,2073
21409,r6i1p1f1,2073,08,13,0.0,34.49976,13.528374,2073
21410,r6i1p1f1,2073,08,14,0.0,35.366024,13.947389,2073
21411,r6i1p1f1,2073,08,15,0.0,35.293644,14.323004,2073
21412,r6i1p1f1,2073,08,16,0.0,36.07234,15.323724,2073
21413,r6i1p1f1,2073,08,17,0.0,36.517754,15.48638,2073
21414,r6i1p1f1,2073,08,18,0.0,38.37558,16.904238,2073
21415,r6i1p1f1,2073,08,19,0.0,39.10046,18.249634,2073
21416,r6i1p1f1,2073,08,20,0.0,39.339046,18.169926,2073
21417,r6i1p1f1,2073,08,21,0.0,37.266537,15.607441,2073
21418,r6i1p1f1,2073,08,22,0.0,34.370937,13.238112,2073
21419,r6i1p1f1,2073,08,23,0.0,33.122475,12.5284815,2073
21420,r6i1p1f1,2073,08,24,0.0,32.81532,11.754616,2073
21421,r6i1p1f1,2073,08,25,0.0,33.041348,12.031202,2073
21422,r6i1p1f1,2073,08,26,0.0,32.8218,11.835944,2073
21423,r6i1p1f1,2073,08,27,0.0,31.686728,11.429068,2073
21424,r6i1p1f1,2073,08,28,0.0,29.288069,8.108285,2073
21425,r6i1p1f1,2073,08,29,0.0,26.448992,6.056797,2073
21426,r6i1p1f1,2073,08,30,0.0,26.755095,5.182125,2073
21427,r6i1p1f1,2073,08,31,1.6732389076347882,22.256708,4.1326327,2073
21428,r6i1p1f1,2073,09,01,0.13233495706625512,21.45781,5.466,2073
21429,r6i1p1f1,2073,09,02,0.02617831515479733,25.758379,7.093618,2073
21430,r6i1p1f1,2073,09,03,0.1270725985983748,26.010485,7.8202024,2073
21431,r6i1p1f1,2073,09,04,0.0,27.594055,9.556412,2073
21432,r6i1p1f1,2073,09,05,0.0,30.760647,11.597692,2073
21433,r6i1p1f1,2073,09,06,0.0,31.697132,12.493916,2073
21434,r6i1p1f1,2073,09,07,0.0,30.248714,10.708599,2073
21435,r6i1p1f1,2073,09,08,0.00025778903643965134,29.2906,9.8260975,2073
21436,r6i1p1f1,2073,09,09,0.0,28.429796,9.4448185,2073
21437,r6i1p1f1,2073,09,10,0.0,31.016907,9.237743,2073
21438,r6i1p1f1,2073,09,11,0.0,31.914028,10.214715,2073
21439,r6i1p1f1,2073,09,12,0.0,32.042225,11.53963,2073
21440,r6i1p1f1,2073,09,13,0.0,32.94877,13.039298,2073
21441,r6i1p1f1,2073,09,14,0.11165657946576112,33.19095,11.754048,2073
21442,r6i1p1f1,2073,09,15,0.0,32.753696,12.743797,2073
21443,r6i1p1f1,2073,09,16,0.0,32.236717,11.936367,2073
21444,r6i1p1f1,2073,09,17,0.0,32.97169,11.536192,2073
21445,r6i1p1f1,2073,09,18,0.0,33.528084,12.528654,2073
21446,r6i1p1f1,2073,09,19,0.0,36.53929,14.993298,2073
21447,r6i1p1f1,2073,09,20,0.0,36.20892,15.460311,2073
21448,r6i1p1f1,2073,09,21,0.0,35.507523,15.47822,2073
21449,r6i1p1f1,2073,09,22,0.006168260645553896,33.72094,14.148966,2073
21450,r6i1p1f1,2073,09,23,0.0,32.08654,11.6729355,2073
21451,r6i1p1f1,2073,09,24,0.0,31.846926,10.440395,2073
21452,r6i1p1f1,2073,09,25,0.0,32.36266,10.843829,2073
21453,r6i1p1f1,2073,09,26,0.0,33.94324,13.257467,2073
21454,r6i1p1f1,2073,09,27,0.0,34.07656,14.083071,2073
21455,r6i1p1f1,2073,09,28,0.0,31.306692,11.973695,2073
21456,r6i1p1f1,2073,09,29,0.0,31.700403,11.016573,2073
21457,r6i1p1f1,2073,09,30,0.0,32.430817,14.038027,2073
21458,r6i1p1f1,2073,10,01,0.0025721462768264103,32.12335,10.882111,2073
21459,r6i1p1f1,2073,10,02,0.06289131839674934,27.192753,8.381246,2073
21460,r6i1p1f1,2073,10,03,0.4392154090760888,30.01485,9.030456,2073
21461,r6i1p1f1,2073,10,04,0.0,30.46883,11.601485,2073
21462,r6i1p1f1,2073,10,05,0.0,31.802446,12.148803,2073
21463,r6i1p1f1,2073,10,06,0.0013151386462339663,31.822262,13.596055,2073
21464,r6i1p1f1,2073,10,07,0.0,29.524189,12.909505,2073
21465,r6i1p1f1,2073,10,08,0.0,28.145838,10.625949,2073
21466,r6i1p1f1,2073,10,09,0.0,27.95165,8.512093,2073
21467,r6i1p1f1,2073,10,10,0.0,27.108595,6.2443075,2073
21468,r6i1p1f1,2073,10,11,0.0,24.361513,6.1116986,2073
21469,r6i1p1f1,2073,10,12,0.0,29.136547,7.928614,2073
21470,r6i1p1f1,2073,10,13,0.0,30.557241,9.787745,2073
21471,r6i1p1f1,2073,10,14,0.0,28.12639,8.668584,2073
21472,r6i1p1f1,2073,10,15,0.0,25.31625,5.17568,2073
21473,r6i1p1f1,2073,10,16,0.0,23.96207,3.770115,2073
21474,r6i1p1f1,2073,10,17,0.014445381767623213,18.00104,3.6238585,2073
21475,r6i1p1f1,2073,10,18,0.0002304989492888042,20.65856,0.6596793,2073
21476,r6i1p1f1,2073,10,19,0.0,23.385391,4.4783483,2073
21477,r6i1p1f1,2073,10,20,0.04531049118516643,22.684471,5.0036545,2073
21478,r6i1p1f1,2073,10,21,0.0,19.39714,-1.6448014,2073
21479,r6i1p1f1,2073,10,22,0.0,19.221428,1.4576769,2073
21480,r6i1p1f1,2073,10,23,0.05016662182776465,16.64896,2.0209389,2073
21481,r6i1p1f1,2073,10,24,0.0,18.956617,-1.9806864,2073
21482,r6i1p1f1,2073,10,25,0.0,21.34922,0.54035485,2073
21483,r6i1p1f1,2073,10,26,0.0036606841425340223,21.101736,2.6324544,2073
21484,r6i1p1f1,2073,10,27,0.0,22.716677,2.565581,2073
21485,r6i1p1f1,2073,10,28,0.008291487307493704,21.26066,3.1750848,2073
21486,r6i1p1f1,2073,10,29,0.0016731894296309739,15.701215,0.737642,2073
21487,r6i1p1f1,2073,10,30,0.5879115186622417,13.674425,2.4304981,2073
21488,r6i1p1f1,2073,10,31,0.6981216247375915,9.389276,-3.2644548,2073
21489,r6i1p1f1,2073,11,01,0.012909719927647344,9.425715,-4.6310687,2073
21490,r6i1p1f1,2073,11,02,0.29038919386557865,9.176473,0.18109204,2073
21491,r6i1p1f1,2073,11,03,0.04222680306777927,8.403721,-2.886356,2073
21492,r6i1p1f1,2073,11,04,0.0012776588259253876,9.295832,-5.5488863,2073
21493,r6i1p1f1,2073,11,05,0.0,11.617574,-5.9479327,2073
21494,r6i1p1f1,2073,11,06,0.0,13.709468,-3.9977043,2073
21495,r6i1p1f1,2073,11,07,0.0,16.114084,-3.6095634,2073
21496,r6i1p1f1,2073,11,08,0.0,16.69016,-0.29561174,2073
21497,r6i1p1f1,2073,11,09,0.0,16.121466,0.3815833,2073
21498,r6i1p1f1,2073,11,10,0.007037883925583674,13.835205,1.2824956,2073
21499,r6i1p1f1,2073,11,11,1.8077635582341427,12.075326,2.7188435,2073
21500,r6i1p1f1,2073,11,12,2.4040313547670267,10.440563,4.551333,2073
21501,r6i1p1f1,2073,11,13,0.0,16.253624,-2.3008249,2073
21502,r6i1p1f1,2073,11,14,0.0,17.930565,-0.5263617,2073
21503,r6i1p1f1,2073,11,15,0.0,16.346327,1.2880241,2073
21504,r6i1p1f1,2073,11,16,0.19388319308428426,13.004934,1.8063529,2073
21505,r6i1p1f1,2073,11,17,0.0,18.193754,-0.06800008,2073
21506,r6i1p1f1,2073,11,18,0.0,23.326868,5.6796727,2073
21507,r6i1p1f1,2073,11,19,0.0,22.455925,5.6690173,2073
21508,r6i1p1f1,2073,11,20,0.0,19.122433,2.5484016,2073
21509,r6i1p1f1,2073,11,21,9.4684873024683,15.802804,2.4443278,2073
21510,r6i1p1f1,2073,11,22,12.403220058968097,10.035933,-4.8608146,2073
21511,r6i1p1f1,2073,11,23,0.26331277258188873,2.072084,-10.251877,2073
21512,r6i1p1f1,2073,11,24,0.03337581246060417,-2.735676,-12.792823,2073
21513,r6i1p1f1,2073,11,25,0.02371771645621222,-1.1327074,-13.028088,2073
21514,r6i1p1f1,2073,11,26,0.14316908845434206,-2.292706,-14.473993,2073
21515,r6i1p1f1,2073,11,27,0.0,1.5548705,-15.993889,2073
21516,r6i1p1f1,2073,11,28,0.0,2.8323178,-12.285827,2073
21517,r6i1p1f1,2073,11,29,10.778566527254634,3.794728,-6.16342,2073
21518,r6i1p1f1,2073,11,30,19.235590969091785,5.6201644,-1.9063699,2073
21519,r6i1p1f1,2073,12,01,0.6845093199374334,3.7351606,-1.9035512,2073
21520,r6i1p1f1,2073,12,02,0.004663240162153962,12.313948,-0.09284018,2073
21521,r6i1p1f1,2073,12,03,0.8050662902298562,9.075834,-1.4766533,2073
21522,r6i1p1f1,2073,12,04,0.6120367233187716,4.59741,-2.6638868,2073
21523,r6i1p1f1,2073,12,05,0.07071124141132892,4.223135,-4.4194784,2073
21524,r6i1p1f1,2073,12,06,3.238110142655533,5.182366,-3.993092,2073
21525,r6i1p1f1,2073,12,07,0.2258394545026361,9.6677685,-0.6201049,2073
21526,r6i1p1f1,2073,12,08,21.677705220650736,10.301606,2.7408845,2073
21527,r6i1p1f1,2073,12,09,22.93967386209943,13.156972,4.8030367,2073
21528,r6i1p1f1,2073,12,10,67.8007026850323,12.822959,4.1174545,2073
21529,r6i1p1f1,2073,12,11,11.409494141909278,11.215597,-3.5905564,2073
21530,r6i1p1f1,2073,12,12,14.949415864594009,5.3748627,-1.2831573,2073
21531,r6i1p1f1,2073,12,13,0.0,7.338542,-1.3774873,2073
21532,r6i1p1f1,2073,12,14,1.0270573790588111,6.8472953,-1.1168015,2073
21533,r6i1p1f1,2073,12,15,0.03222751256466367,7.981234,1.5408969,2073
21534,r6i1p1f1,2073,12,16,1.777193714764909,7.905415,0.6524064,2073
21535,r6i1p1f1,2073,12,17,0.0,13.386898,3.6951983,2073
21536,r6i1p1f1,2073,12,18,0.0,14.126057,0.072780065,2073
21537,r6i1p1f1,2073,12,19,0.0,15.227072,0.12317596,2073
21538,r6i1p1f1,2073,12,20,0.0,15.523578,1.4810424,2073
21539,r6i1p1f1,2073,12,21,0.0,15.025154,0.09874771,2073
21540,r6i1p1f1,2073,12,22,0.0,14.917904,1.2033244,2073
21541,r6i1p1f1,2073,12,23,0.0,16.078028,2.6058788,2073
21542,r6i1p1f1,2073,12,24,0.0,16.95912,3.2530713,2073
21543,r6i1p1f1,2073,12,25,0.0,17.408773,3.403236,2073
21544,r6i1p1f1,2073,12,26,0.0,11.898783,-1.7451752,2073
21545,r6i1p1f1,2073,12,27,0.0009421219405648958,2.697867,-6.035215,2073
21546,r6i1p1f1,2073,12,28,0.0,0.08946423,-10.884213,2073
21547,r6i1p1f1,2073,12,29,16.130071491301727,-0.6797172,-8.373076,2073
21548,r6i1p1f1,2073,12,30,0.005029036569145754,2.052145,-8.08221,2073
21549,r6i1p1f1,2073,12,31,11.999053513497536,0.34426856,-9.59995,2073
21550,r6i1p1f1,2074,01,01,56.84528482915114,1.6239376,-4.5785227,2074
21551,r6i1p1f1,2074,01,02,5.648250598475797,-0.33753967,-10.425852,2074
21552,r6i1p1f1,2074,01,03,12.24588630539288,-0.842342,-7.739965,2074
21553,r6i1p1f1,2074,01,04,40.04180899536623,6.9537067,-6.7935514,2074
21554,r6i1p1f1,2074,01,05,68.72434694371482,10.222168,-2.2938912,2074
21555,r6i1p1f1,2074,01,06,9.650719989904728,6.291822,-5.8662558,2074
21556,r6i1p1f1,2074,01,07,6.791688723250698,2.1445546,-6.290691,2074
21557,r6i1p1f1,2074,01,08,0.007936221427595098,4.9116287,-6.635045,2074
21558,r6i1p1f1,2074,01,09,7.7419471741668024,0.6075975,-5.2000213,2074
21559,r6i1p1f1,2074,01,10,0.08320981226226512,2.94409,-4.252291,2074
21560,r6i1p1f1,2074,01,11,0.0,5.070088,-5.8417306,2074
21561,r6i1p1f1,2074,01,12,0.17564342345680176,4.0508003,-2.7234888,2074
21562,r6i1p1f1,2074,01,13,0.0018267550193082863,4.765264,-1.3198159,2074
21563,r6i1p1f1,2074,01,14,0.0,8.346681,-2.0882518,2074
21564,r6i1p1f1,2074,01,15,0.0,8.246636,-0.79314595,2074
21565,r6i1p1f1,2074,01,16,0.0,9.059365,0.04749801,2074
21566,r6i1p1f1,2074,01,17,0.0,10.06256,-0.7774189,2074
21567,r6i1p1f1,2074,01,18,0.0,16.433905,2.7536182,2074
21568,r6i1p1f1,2074,01,19,0.0,16.22237,3.365463,2074
21569,r6i1p1f1,2074,01,20,0.0,17.583775,3.4770799,2074
21570,r6i1p1f1,2074,01,21,0.0003485488828534449,17.04291,3.6077774,2074
21571,r6i1p1f1,2074,01,22,5.430536605060969,13.696114,5.157387,2074
21572,r6i1p1f1,2074,01,23,14.962396200393412,11.140507,6.6985216,2074
21573,r6i1p1f1,2074,01,24,1.926408504565122,15.341164,5.575875,2074
21574,r6i1p1f1,2074,01,25,1.7971369070338339,15.420177,4.908384,2074
21575,r6i1p1f1,2074,01,26,1.9709434526038763,13.127647,6.6197443,2074
21576,r6i1p1f1,2074,01,27,0.04637721454308287,15.736607,2.4952462,2074
21577,r6i1p1f1,2074,01,28,0.0,17.853662,2.6259305,2074
21578,r6i1p1f1,2074,01,29,0.0,17.790625,3.6993184,2074
21579,r6i1p1f1,2074,01,30,0.0007857972064629429,15.800725,4.084696,2074
21580,r6i1p1f1,2074,01,31,0.0,15.127182,1.18599,2074
21581,r6i1p1f1,2074,02,01,0.0,18.89665,2.8083348,2074
21582,r6i1p1f1,2074,02,02,0.0,19.115128,3.32115,2074
21583,r6i1p1f1,2074,02,03,0.0,19.159798,3.1968172,2074
21584,r6i1p1f1,2074,02,04,0.0,19.287985,3.1792417,2074
21585,r6i1p1f1,2074,02,05,0.0,18.593243,2.7386312,2074
21586,r6i1p1f1,2074,02,06,0.0,17.200151,1.7816323,2074
21587,r6i1p1f1,2074,02,07,0.0,16.511381,1.1510401,2074
21588,r6i1p1f1,2074,02,08,0.0570760153597904,14.007735,4.73474,2074
21589,r6i1p1f1,2074,02,09,0.00653049387921602,15.292205,0.36492443,2074
21590,r6i1p1f1,2074,02,10,0.0,16.541048,0.8075984,2074
21591,r6i1p1f1,2074,02,11,0.15613070538252155,14.790369,1.4027121,2074
21592,r6i1p1f1,2074,02,12,1.0321182424200244,12.921338,-0.5443269,2074
21593,r6i1p1f1,2074,02,13,0.012308170209215175,11.115471,-0.28125897,2074
21594,r6i1p1f1,2074,02,14,0.0,10.684131,-1.3355317,2074
21595,r6i1p1f1,2074,02,15,0.0,12.808348,-2.7122483,2074
21596,r6i1p1f1,2074,02,16,0.0,14.975704,-1.1357945,2074
21597,r6i1p1f1,2074,02,17,0.008033089302276137,17.020956,1.5824112,2074
21598,r6i1p1f1,2074,02,18,0.0,19.183887,5.641668,2074
21599,r6i1p1f1,2074,02,19,0.0,20.034237,7.913603,2074
21600,r6i1p1f1,2074,02,20,0.0,20.24508,7.2606144,2074
21601,r6i1p1f1,2074,02,21,0.0,21.057064,7.116701,2074
21602,r6i1p1f1,2074,02,22,0.024156461121629207,20.755306,4.7577133,2074
21603,r6i1p1f1,2074,02,23,0.525230913287819,12.085112,-3.1445653,2074
21604,r6i1p1f1,2074,02,24,0.0,10.376854,-4.934825,2074
21605,r6i1p1f1,2074,02,25,0.05023669519696482,11.234563,0.77662164,2074
21606,r6i1p1f1,2074,02,26,0.0,16.21145,2.406596,2074
21607,r6i1p1f1,2074,02,27,0.0,17.58048,6.13732,2074
21608,r6i1p1f1,2074,02,28,0.0,18.429226,3.9000602,2074
21609,r6i1p1f1,2074,03,01,0.0,20.63649,3.018726,2074
21610,r6i1p1f1,2074,03,02,0.0,21.211416,4.7765017,2074
21611,r6i1p1f1,2074,03,03,0.0,22.313889,3.1020954,2074
21612,r6i1p1f1,2074,03,04,0.0,21.244747,5.0424094,2074
21613,r6i1p1f1,2074,03,05,0.0,21.26063,4.611208,2074
21614,r6i1p1f1,2074,03,06,0.0,23.545158,5.017459,2074
21615,r6i1p1f1,2074,03,07,0.0,23.062738,4.9801717,2074
21616,r6i1p1f1,2074,03,08,0.0,19.772778,2.3974903,2074
21617,r6i1p1f1,2074,03,09,0.014588080687181579,17.781336,1.298148,2074
21618,r6i1p1f1,2074,03,10,0.0,13.6165905,-0.7700255,2074
21619,r6i1p1f1,2074,03,11,0.001839917596257359,14.893778,1.871016,2074
21620,r6i1p1f1,2074,03,12,3.210899159405249,12.395245,1.0297248,2074
21621,r6i1p1f1,2074,03,13,1.2374412953257967,13.7471895,2.8995752,2074
21622,r6i1p1f1,2074,03,14,1.8235475845821705,12.934149,-3.8144531,2074
21623,r6i1p1f1,2074,03,15,0.0,10.914474,-5.214789,2074
21624,r6i1p1f1,2074,03,16,2.1910151183916695,8.306219,-6.7520156,2074
21625,r6i1p1f1,2074,03,17,9.312393340981863,5.58253,-4.1526046,2074
21626,r6i1p1f1,2074,03,18,3.9561094187978547,7.2213793,-0.6961463,2074
21627,r6i1p1f1,2074,03,19,10.971358353964133,4.972018,0.59901136,2074
21628,r6i1p1f1,2074,03,20,18.162617648477415,10.5259075,-0.64053404,2074
21629,r6i1p1f1,2074,03,21,12.991391379490064,11.949652,-1.0798029,2074
21630,r6i1p1f1,2074,03,22,5.7747684585076895,10.800755,3.7135196,2074
21631,r6i1p1f1,2074,03,23,1.6643689253241882,10.576847,2.0786476,2074
21632,r6i1p1f1,2074,03,24,0.4622440024559814,16.26883,-1.241269,2074
21633,r6i1p1f1,2074,03,25,0.0,17.811733,-0.5404163,2074
21634,r6i1p1f1,2074,03,26,1.9780842951451791,14.484956,-4.122671,2074
21635,r6i1p1f1,2074,03,27,0.3271313376493935,7.3021197,-4.879872,2074
21636,r6i1p1f1,2074,03,28,0.0,10.826267,-6.304556,2074
21637,r6i1p1f1,2074,03,29,0.0,12.494662,-2.507799,2074
21638,r6i1p1f1,2074,03,30,0.010067541880534592,13.344907,-0.9443113,2074
21639,r6i1p1f1,2074,03,31,0.11089427545592496,12.359895,-0.49407455,2074
21640,r6i1p1f1,2074,04,01,1.4476847093896308,9.002386,-7.2467327,2074
21641,r6i1p1f1,2074,04,02,0.0,10.359604,-6.3243756,2074
21642,r6i1p1f1,2074,04,03,0.0,12.327815,-1.9516602,2074
21643,r6i1p1f1,2074,04,04,3.9194590219188723,8.983922,-2.7641292,2074
21644,r6i1p1f1,2074,04,05,0.008118159511330495,14.724912,3.8532584,2074
21645,r6i1p1f1,2074,04,06,0.0,20.280132,0.09163699,2074
21646,r6i1p1f1,2074,04,07,0.0,20.418673,2.8105981,2074
21647,r6i1p1f1,2074,04,08,0.0,19.530043,1.5800877,2074
21648,r6i1p1f1,2074,04,09,0.0,18.80636,1.845549,2074
21649,r6i1p1f1,2074,04,10,6.846807457713681,9.731717,-2.448485,2074
21650,r6i1p1f1,2074,04,11,0.06751306321118312,6.7742186,-5.201135,2074
21651,r6i1p1f1,2074,04,12,0.1309674112536267,9.28165,-4.8136597,2074
21652,r6i1p1f1,2074,04,13,0.0,19.385435,-0.6193751,2074
21653,r6i1p1f1,2074,04,14,0.0,22.597437,3.3240323,2074
21654,r6i1p1f1,2074,04,15,0.0,24.823132,6.1798244,2074
21655,r6i1p1f1,2074,04,16,0.0,28.230278,8.343839,2074
21656,r6i1p1f1,2074,04,17,0.0,28.254908,9.799811,2074
21657,r6i1p1f1,2074,04,18,0.0,27.99368,7.6689677,2074
21658,r6i1p1f1,2074,04,19,0.0,26.182419,8.277086,2074
21659,r6i1p1f1,2074,04,20,0.0,26.020414,6.4599905,2074
21660,r6i1p1f1,2074,04,21,0.0,21.51363,3.85241,2074
21661,r6i1p1f1,2074,04,22,0.0,23.531712,5.91078,2074
21662,r6i1p1f1,2074,04,23,0.0,24.367422,7.0184603,2074
21663,r6i1p1f1,2074,04,24,0.04367705895679937,23.164309,5.116128,2074
21664,r6i1p1f1,2074,04,25,0.02666995805337401,17.223207,-0.13239022,2074
21665,r6i1p1f1,2074,04,26,2.3094913934801395,6.178033,-3.8868988,2074
21666,r6i1p1f1,2074,04,27,0.0,14.451212,-1.657649,2074
21667,r6i1p1f1,2074,04,28,0.0,21.082117,2.7590618,2074
21668,r6i1p1f1,2074,04,29,0.0,28.79125,7.8321066,2074
21669,r6i1p1f1,2074,04,30,0.0,31.270983,10.791491,2074
21670,r6i1p1f1,2074,05,01,0.0,30.157097,10.286169,2074
21671,r6i1p1f1,2074,05,02,0.0,28.966806,9.493331,2074
21672,r6i1p1f1,2074,05,03,0.0,26.683212,9.128305,2074
21673,r6i1p1f1,2074,05,04,0.024843279606817495,25.964188,7.102157,2074
21674,r6i1p1f1,2074,05,05,0.0,27.871765,7.864413,2074
21675,r6i1p1f1,2074,05,06,0.0,28.071037,9.635842,2074
21676,r6i1p1f1,2074,05,07,0.42632723512374143,23.76943,6.7578397,2074
21677,r6i1p1f1,2074,05,08,0.7806117360197475,19.909515,2.3453577,2074
21678,r6i1p1f1,2074,05,09,0.0,27.20345,6.876925,2074
21679,r6i1p1f1,2074,05,10,0.0,30.555292,10.238607,2074
21680,r6i1p1f1,2074,05,11,0.0,31.646133,11.140309,2074
21681,r6i1p1f1,2074,05,12,0.5075121086550709,30.96117,12.329535,2074
21682,r6i1p1f1,2074,05,13,0.09464664563810042,25.169971,6.2192583,2074
21683,r6i1p1f1,2074,05,14,5.293409763727495,15.820248,1.2171726,2074
21684,r6i1p1f1,2074,05,15,7.204826640127514,18.118328,5.697367,2074
21685,r6i1p1f1,2074,05,16,30.4601053242247,13.531529,4.774561,2074
21686,r6i1p1f1,2074,05,17,1.5557928533823087,19.65672,1.9664967,2074
21687,r6i1p1f1,2074,05,18,0.0214152015957432,21.770254,4.875856,2074
21688,r6i1p1f1,2074,05,19,8.709689368911855e-05,19.524174,0.893273,2074
21689,r6i1p1f1,2074,05,20,0.004820694504425184,21.648848,3.1323276,2074
21690,r6i1p1f1,2074,05,21,0.014150245688448847,24.03008,6.9156704,2074
21691,r6i1p1f1,2074,05,22,1.404096469067073,16.94073,-0.20540662,2074
21692,r6i1p1f1,2074,05,23,7.91925059078463,13.935004,-0.112705804,2074
21693,r6i1p1f1,2074,05,24,0.2203447590309934,21.298513,1.849582,2074
21694,r6i1p1f1,2074,05,25,0.010023935712470247,24.46414,5.7803035,2074
21695,r6i1p1f1,2074,05,26,0.16317541724580994,22.487452,4.8662224,2074
21696,r6i1p1f1,2074,05,27,0.009421890383493703,24.602606,4.842638,2074
21697,r6i1p1f1,2074,05,28,0.0,26.623823,8.352664,2074
21698,r6i1p1f1,2074,05,29,0.0,30.722706,10.92895,2074
21699,r6i1p1f1,2074,05,30,0.0,31.231739,12.817357,2074
21700,r6i1p1f1,2074,05,31,0.0,29.013384,10.624395,2074
21701,r6i1p1f1,2074,06,01,0.0,29.920425,9.909935,2074
21702,r6i1p1f1,2074,06,02,0.0,33.12459,12.533489,2074
21703,r6i1p1f1,2074,06,03,0.0,36.13732,18.523602,2074
21704,r6i1p1f1,2074,06,04,0.0,37.911755,21.09132,2074
21705,r6i1p1f1,2074,06,05,0.0025293387744130488,38.814114,22.01073,2074
21706,r6i1p1f1,2074,06,06,0.0,38.08534,18.929647,2074
21707,r6i1p1f1,2074,06,07,0.0,34.79877,14.6649475,2074
21708,r6i1p1f1,2074,06,08,0.0,32.83269,13.008643,2074
21709,r6i1p1f1,2074,06,09,0.0,33.95247,15.197536,2074
21710,r6i1p1f1,2074,06,10,0.12465822441861611,33.007816,12.749438,2074
21711,r6i1p1f1,2074,06,11,0.0,33.711483,12.9984255,2074
21712,r6i1p1f1,2074,06,12,1.0777226132218096,31.804815,11.345239,2074
21713,r6i1p1f1,2074,06,13,2.713483701725739,23.094376,7.96501,2074
21714,r6i1p1f1,2074,06,14,0.6638440250530654,25.371801,7.8604903,2074
21715,r6i1p1f1,2074,06,15,0.5992379094801487,25.164768,8.423125,2074
21716,r6i1p1f1,2074,06,16,0.357787821975437,26.922861,8.63298,2074
21717,r6i1p1f1,2074,06,17,2.543635719636157,24.969553,6.8138485,2074
21718,r6i1p1f1,2074,06,18,0.0,26.151644,8.446408,2074
21719,r6i1p1f1,2074,06,19,0.015754921658971074,26.692064,10.647578,2074
21720,r6i1p1f1,2074,06,20,0.013810195273807833,28.747469,9.968624,2074
21721,r6i1p1f1,2074,06,21,0.0,31.671501,11.922967,2074
21722,r6i1p1f1,2074,06,22,0.0,33.24981,14.536892,2074
21723,r6i1p1f1,2074,06,23,1.1049239681430612,30.470282,10.4499035,2074
21724,r6i1p1f1,2074,06,24,0.8169495542861483,23.27632,6.7005577,2074
21725,r6i1p1f1,2074,06,25,0.0,28.551239,8.194344,2074
21726,r6i1p1f1,2074,06,26,0.0,33.644424,14.187725,2074
21727,r6i1p1f1,2074,06,27,0.0,35.74079,17.655031,2074
21728,r6i1p1f1,2074,06,28,0.0,37.75908,18.740078,2074
21729,r6i1p1f1,2074,06,29,0.0,37.341305,18.300179,2074
21730,r6i1p1f1,2074,06,30,0.48232754941404454,36.24588,15.879064,2074
21731,r6i1p1f1,2074,07,01,0.0,36.63609,16.515154,2074
21732,r6i1p1f1,2074,07,02,0.3018657798962738,36.245907,15.847635,2074
21733,r6i1p1f1,2074,07,03,0.034545169011323866,32.92869,14.508256,2074
21734,r6i1p1f1,2074,07,04,0.0,33.765785,13.241358,2074
21735,r6i1p1f1,2074,07,05,0.0,33.492195,12.788073,2074
21736,r6i1p1f1,2074,07,06,0.0,33.22264,13.012253,2074
21737,r6i1p1f1,2074,07,07,0.0,33.412605,12.880102,2074
21738,r6i1p1f1,2074,07,08,0.0,33.857555,13.179591,2074
21739,r6i1p1f1,2074,07,09,0.0,33.97522,13.938408,2074
21740,r6i1p1f1,2074,07,10,0.0,34.055145,13.310705,2074
21741,r6i1p1f1,2074,07,11,2.603798594074657e-05,33.53985,13.170912,2074
21742,r6i1p1f1,2074,07,12,0.019918382738693008,33.001167,12.701473,2074
21743,r6i1p1f1,2074,07,13,0.2557226403642875,31.984566,13.091077,2074
21744,r6i1p1f1,2074,07,14,0.05692266429945446,30.44321,12.955449,2074
21745,r6i1p1f1,2074,07,15,0.22269729410908803,32.735664,14.041876,2074
21746,r6i1p1f1,2074,07,16,3.7138135027607535,29.893661,13.164442,2074
21747,r6i1p1f1,2074,07,17,0.9329968812739426,29.3398,12.798081,2074
21748,r6i1p1f1,2074,07,18,0.0,31.487883,13.01902,2074
21749,r6i1p1f1,2074,07,19,0.0,31.77203,13.033058,2074
21750,r6i1p1f1,2074,07,20,0.002612128677339413,32.60364,13.106145,2074
21751,r6i1p1f1,2074,07,21,0.17354538130630798,33.278214,15.902348,2074
21752,r6i1p1f1,2074,07,22,0.8227679537392839,32.808907,14.979271,2074
21753,r6i1p1f1,2074,07,23,4.253125821343684,32.776146,15.109793,2074
21754,r6i1p1f1,2074,07,24,0.24769098821000513,31.62946,15.1104965,2074
21755,r6i1p1f1,2074,07,25,1.1969236565825805,29.732588,14.029918,2074
21756,r6i1p1f1,2074,07,26,0.0,29.612465,11.110111,2074
21757,r6i1p1f1,2074,07,27,0.000534043723569495,27.807076,9.644746,2074
21758,r6i1p1f1,2074,07,28,0.0,26.767717,7.806403,2074
21759,r6i1p1f1,2074,07,29,0.0,30.576124,10.848777,2074
21760,r6i1p1f1,2074,07,30,0.0,30.419233,11.29875,2074
21761,r6i1p1f1,2074,07,31,0.048180357610152505,30.208849,10.42935,2074
21762,r6i1p1f1,2074,08,01,0.0,34.02353,12.98051,2074
21763,r6i1p1f1,2074,08,02,0.0,33.789852,13.148857,2074
21764,r6i1p1f1,2074,08,03,0.0,32.948128,12.88586,2074
21765,r6i1p1f1,2074,08,04,0.0,33.253357,13.550497,2074
21766,r6i1p1f1,2074,08,05,0.0,32.957344,13.477079,2074
21767,r6i1p1f1,2074,08,06,0.0,32.43208,12.567587,2074
21768,r6i1p1f1,2074,08,07,0.02026170911834777,30.099442,12.162743,2074
21769,r6i1p1f1,2074,08,08,0.0,28.627052,13.809055,2074
21770,r6i1p1f1,2074,08,09,0.0,31.963305,12.402387,2074
21771,r6i1p1f1,2074,08,10,0.0,34.470814,13.328121,2074
21772,r6i1p1f1,2074,08,11,0.0,34.77425,14.551541,2074
21773,r6i1p1f1,2074,08,12,0.0,34.24906,14.875163,2074
21774,r6i1p1f1,2074,08,13,1.707671795666218,29.383152,10.712044,2074
21775,r6i1p1f1,2074,08,14,0.019603859438020326,28.466743,8.926532,2074
21776,r6i1p1f1,2074,08,15,0.0,31.072454,11.250299,2074
21777,r6i1p1f1,2074,08,16,0.0051572142110516295,31.655779,12.1922245,2074
21778,r6i1p1f1,2074,08,17,0.0,30.362062,10.351893,2074
21779,r6i1p1f1,2074,08,18,0.0,28.060675,8.800237,2074
21780,r6i1p1f1,2074,08,19,0.0,27.86028,9.055879,2074
21781,r6i1p1f1,2074,08,20,0.0,27.509079,8.690272,2074
21782,r6i1p1f1,2074,08,21,0.0,30.000414,9.887602,2074
21783,r6i1p1f1,2074,08,22,0.0,32.20905,11.670288,2074
21784,r6i1p1f1,2074,08,23,0.0,30.939363,11.221963,2074
21785,r6i1p1f1,2074,08,24,0.0,27.20893,9.919437,2074
21786,r6i1p1f1,2074,08,25,0.014299500491201303,29.210173,10.9187765,2074
21787,r6i1p1f1,2074,08,26,0.2613737630951192,31.992676,12.486642,2074
21788,r6i1p1f1,2074,08,27,0.0043450015988601605,34.10974,13.164352,2074
21789,r6i1p1f1,2074,08,28,0.0,34.81656,14.205857,2074
21790,r6i1p1f1,2074,08,29,0.018400478985084432,35.705765,16.628876,2074
21791,r6i1p1f1,2074,08,30,0.0,37.90964,15.640265,2074
21792,r6i1p1f1,2074,08,31,0.0,38.055023,16.259668,2074
21793,r6i1p1f1,2074,09,01,0.0,35.260056,14.923079,2074
21794,r6i1p1f1,2074,09,02,0.0,33.35077,13.184322,2074
21795,r6i1p1f1,2074,09,03,0.0,33.072792,13.750107,2074
21796,r6i1p1f1,2074,09,04,0.0,30.049608,11.936928,2074
21797,r6i1p1f1,2074,09,05,0.0,28.07186,9.213623,2074
21798,r6i1p1f1,2074,09,06,0.013034644507181312,25.11414,7.338725,2074
21799,r6i1p1f1,2074,09,07,0.0,27.380444,7.862279,2074
21800,r6i1p1f1,2074,09,08,0.0,28.898108,10.682625,2074
21801,r6i1p1f1,2074,09,09,0.0,32.15279,10.697126,2074
21802,r6i1p1f1,2074,09,10,0.0,33.907593,10.733485,2074
21803,r6i1p1f1,2074,09,11,0.0,33.99072,12.401617,2074
21804,r6i1p1f1,2074,09,12,0.0,33.925495,12.327486,2074
21805,r6i1p1f1,2074,09,13,0.0,33.59354,12.630659,2074
21806,r6i1p1f1,2074,09,14,0.0,33.610264,11.866917,2074
21807,r6i1p1f1,2074,09,15,0.0,31.940405,10.25665,2074
21808,r6i1p1f1,2074,09,16,0.0,30.497063,10.545451,2074
21809,r6i1p1f1,2074,09,17,0.009246298555859163,31.371496,11.231284,2074
21810,r6i1p1f1,2074,09,18,0.0,30.330885,9.842692,2074
21811,r6i1p1f1,2074,09,19,0.0,28.475248,7.477372,2074
21812,r6i1p1f1,2074,09,20,0.0,29.293304,8.395275,2074
21813,r6i1p1f1,2074,09,21,0.0,29.504135,9.218008,2074
21814,r6i1p1f1,2074,09,22,0.0,27.543549,8.822442,2074
21815,r6i1p1f1,2074,09,23,0.03947190972454975,24.989943,4.5677037,2074
21816,r6i1p1f1,2074,09,24,0.0,22.130754,4.2902446,2074
21817,r6i1p1f1,2074,09,25,0.24127463905417734,19.68324,3.9251223,2074
21818,r6i1p1f1,2074,09,26,14.58618786551691,16.642536,-1.8898717,2074
21819,r6i1p1f1,2074,09,27,1.7442234928376568,14.81971,-1.6370001,2074
21820,r6i1p1f1,2074,09,28,0.2566892979772366,15.119033,2.6865923,2074
21821,r6i1p1f1,2074,09,29,0.0021893310308718247,19.17828,3.8383155,2074
21822,r6i1p1f1,2074,09,30,0.0,25.904139,5.2226906,2074
21823,r6i1p1f1,2074,10,01,0.0,26.905062,7.5832024,2074
21824,r6i1p1f1,2074,10,02,0.0,27.694035,8.6345415,2074
21825,r6i1p1f1,2074,10,03,0.0,28.075344,7.5485888,2074
21826,r6i1p1f1,2074,10,04,0.0,28.857292,7.920406,2074
21827,r6i1p1f1,2074,10,05,0.0,28.929188,8.69409,2074
21828,r6i1p1f1,2074,10,06,0.008625468235929374,26.1168,7.7909184,2074
21829,r6i1p1f1,2074,10,07,0.0,30.26032,9.756564,2074
21830,r6i1p1f1,2074,10,08,0.0,32.79397,11.332628,2074
21831,r6i1p1f1,2074,10,09,0.0,32.842453,11.572795,2074
21832,r6i1p1f1,2074,10,10,0.0,32.666508,13.006661,2074
21833,r6i1p1f1,2074,10,11,0.0,32.032875,12.675986,2074
21834,r6i1p1f1,2074,10,12,0.0,33.358948,11.586722,2074
21835,r6i1p1f1,2074,10,13,0.0,33.56297,11.57021,2074
21836,r6i1p1f1,2074,10,14,0.0,28.990421,7.9711246,2074
21837,r6i1p1f1,2074,10,15,0.0,24.494001,6.6903763,2074
21838,r6i1p1f1,2074,10,16,0.0,23.312876,3.4840038,2074
21839,r6i1p1f1,2074,10,17,0.0,23.97626,4.6444383,2074
21840,r6i1p1f1,2074,10,18,0.0,23.222504,4.789462,2074
21841,r6i1p1f1,2074,10,19,0.0,23.972307,4.253893,2074
21842,r6i1p1f1,2074,10,20,0.0,26.484266,6.7645082,2074
21843,r6i1p1f1,2074,10,21,0.0,26.11032,5.060582,2074
21844,r6i1p1f1,2074,10,22,0.0008063343742014647,23.341713,4.849298,2074
21845,r6i1p1f1,2074,10,23,0.0,24.348125,2.8691208,2074
21846,r6i1p1f1,2074,10,24,0.0,24.166904,3.4408457,2074
21847,r6i1p1f1,2074,10,25,0.0,21.22939,1.4416561,2074
21848,r6i1p1f1,2074,10,26,0.0,18.85233,-0.4182733,2074
21849,r6i1p1f1,2074,10,27,0.0,18.71366,-0.56898135,2074
21850,r6i1p1f1,2074,10,28,0.0,19.157148,0.81120646,2074
21851,r6i1p1f1,2074,10,29,0.1253698435564735,16.634197,1.7096266,2074
21852,r6i1p1f1,2074,10,30,2.727647218813958,14.468069,1.1916057,2074
21853,r6i1p1f1,2074,10,31,0.0,15.462758,0.16405869,2074
21854,r6i1p1f1,2074,11,01,0.0,15.359221,-0.7968882,2074
21855,r6i1p1f1,2074,11,02,0.0,15.759118,0.28498718,2074
21856,r6i1p1f1,2074,11,03,0.0,15.886472,-1.1635664,2074
21857,r6i1p1f1,2074,11,04,0.0,17.248291,-0.9313877,2074
21858,r6i1p1f1,2074,11,05,0.0,17.786497,0.059517857,2074
21859,r6i1p1f1,2074,11,06,0.0,21.907076,1.6070098,2074
21860,r6i1p1f1,2074,11,07,0.0,22.90941,3.2173142,2074
21861,r6i1p1f1,2074,11,08,0.0,24.177372,3.7682807,2074
21862,r6i1p1f1,2074,11,09,0.0,24.511772,5.9705267,2074
21863,r6i1p1f1,2074,11,10,0.0,23.043625,5.551073,2074
21864,r6i1p1f1,2074,11,11,0.0,24.253378,7.1612577,2074
21865,r6i1p1f1,2074,11,12,0.0,26.735374,7.5493336,2074
21866,r6i1p1f1,2074,11,13,0.0,25.502296,6.949533,2074
21867,r6i1p1f1,2074,11,14,0.0,24.476297,6.400946,2074
21868,r6i1p1f1,2074,11,15,0.0,27.393015,8.393569,2074
21869,r6i1p1f1,2074,11,16,0.0,26.507345,8.156659,2074
21870,r6i1p1f1,2074,11,17,0.0,24.22412,5.357521,2074
21871,r6i1p1f1,2074,11,18,0.05870584718261326,19.61215,5.844006,2074
21872,r6i1p1f1,2074,11,19,0.0,15.081413,-2.155556,2074
21873,r6i1p1f1,2074,11,20,0.0,13.207498,-0.6529631,2074
21874,r6i1p1f1,2074,11,21,34.930644445877896,8.882558,-1.105,2074
21875,r6i1p1f1,2074,11,22,4.6477564501619275,5.7223763,-2.7063086,2074
21876,r6i1p1f1,2074,11,23,0.1452193458458312,8.047456,-1.3862544,2074
21877,r6i1p1f1,2074,11,24,0.035093055086368785,7.0333953,-1.7906386,2074
21878,r6i1p1f1,2074,11,25,0.0,9.312416,-6.253814,2074
21879,r6i1p1f1,2074,11,26,0.0,8.877332,-7.4719477,2074
21880,r6i1p1f1,2074,11,27,0.18346766936668357,6.2799196,-9.5160265,2074
21881,r6i1p1f1,2074,11,28,0.0,5.052038,-12.008174,2074
21882,r6i1p1f1,2074,11,29,0.0,10.586144,-7.6694603,2074
21883,r6i1p1f1,2074,11,30,0.0,9.981415,-7.2757993,2074
21884,r6i1p1f1,2074,12,01,0.0,10.72404,-2.3512392,2074
21885,r6i1p1f1,2074,12,02,0.0,11.081785,-1.9634689,2074
21886,r6i1p1f1,2074,12,03,0.0,14.675175,2.1358106,2074
21887,r6i1p1f1,2074,12,04,0.0,16.727673,6.1917853,2074
21888,r6i1p1f1,2074,12,05,0.0,16.847223,4.7807503,2074
21889,r6i1p1f1,2074,12,06,0.0,16.856754,5.0950212,2074
21890,r6i1p1f1,2074,12,07,0.0,16.344955,3.217219,2074
21891,r6i1p1f1,2074,12,08,0.0,14.853536,1.9952708,2074
21892,r6i1p1f1,2074,12,09,0.0,15.757868,1.7620659,2074
21893,r6i1p1f1,2074,12,10,0.0,15.812096,2.3156047,2074
21894,r6i1p1f1,2074,12,11,0.12564042439167653,14.377205,1.0009328,2074
21895,r6i1p1f1,2074,12,12,5.3176749507195185,8.416603,1.2021033,2074
21896,r6i1p1f1,2074,12,13,0.0,11.640896,-0.7496053,2074
21897,r6i1p1f1,2074,12,14,0.0,15.336049,1.7634568,2074
21898,r6i1p1f1,2074,12,15,0.0,16.288729,3.2943327,2074
21899,r6i1p1f1,2074,12,16,0.0,16.880384,2.500853,2074
21900,r6i1p1f1,2074,12,17,0.0,16.688625,2.6600509,2074
21901,r6i1p1f1,2074,12,18,0.0,15.366254,1.8425547,2074
21902,r6i1p1f1,2074,12,19,0.1677210523185146,14.0861025,2.4221296,2074
21903,r6i1p1f1,2074,12,20,0.0,12.8343,0.632625,2074
21904,r6i1p1f1,2074,12,21,0.0,15.893817,1.0096923,2074
21905,r6i1p1f1,2074,12,22,3.9201201481412093,10.064256,-2.9649734,2074
21906,r6i1p1f1,2074,12,23,0.02825788889250293,3.2723885,-11.537267,2074
21907,r6i1p1f1,2074,12,24,1.4958019706421741,0.9553725,-9.622009,2074
21908,r6i1p1f1,2074,12,25,3.0919201334295416,2.1509848,-6.2395234,2074
21909,r6i1p1f1,2074,12,26,0.41079222801539156,5.0099683,-7.6872497,2074
21910,r6i1p1f1,2074,12,27,0.013463836529250229,1.5826828,-11.078025,2074
21911,r6i1p1f1,2074,12,28,0.08123328586078206,2.0380988,-9.496532,2074
21912,r6i1p1f1,2074,12,29,0.3765425311343948,0.24689977,-10.66023,2074
21913,r6i1p1f1,2074,12,30,0.013179574147007506,1.5161282,-11.621102,2074
21914,r6i1p1f1,2074,12,31,0.031956066768208266,2.3757124,-10.802526,2074
21915,r6i1p1f1,2075,01,01,9.150125533977988,1.8248507,-7.367892,2075
21916,r6i1p1f1,2075,01,02,0.0,4.3004746,-7.473177,2075
21917,r6i1p1f1,2075,01,03,1.0783426885932286,1.4380044,-7.929912,2075
21918,r6i1p1f1,2075,01,04,12.98693273866259,0.18260553,-3.536151,2075
21919,r6i1p1f1,2075,01,05,0.018007743726906958,5.4106016,-5.0251045,2075
21920,r6i1p1f1,2075,01,06,0.0,7.0047193,-5.9570537,2075
21921,r6i1p1f1,2075,01,07,0.11429113626844654,7.7141466,-0.63769686,2075
21922,r6i1p1f1,2075,01,08,0.0,11.301582,1.6334155,2075
21923,r6i1p1f1,2075,01,09,0.01211135719527248,10.686024,4.016995,2075
21924,r6i1p1f1,2075,01,10,0.016264956898784516,10.308458,3.1091034,2075
21925,r6i1p1f1,2075,01,11,8.597035164111954,8.6316805,-0.55312705,2075
21926,r6i1p1f1,2075,01,12,26.13658201801616,7.325351,0.41275674,2075
21927,r6i1p1f1,2075,01,13,38.74061819364616,9.830817,1.203321,2075
21928,r6i1p1f1,2075,01,14,7.248420389008579,14.5334835,4.360728,2075
21929,r6i1p1f1,2075,01,15,23.221442931205477,12.158641,5.809074,2075
21930,r6i1p1f1,2075,01,16,0.27156432547416964,11.884011,4.2185273,2075
21931,r6i1p1f1,2075,01,17,17.117090116470642,8.289274,-0.033334263,2075
21932,r6i1p1f1,2075,01,18,4.120567977565175,12.165003,1.4523246,2075
21933,r6i1p1f1,2075,01,19,21.435647923377626,12.083194,1.0416253,2075
21934,r6i1p1f1,2075,01,20,18.246429078898295,11.348483,4.981215,2075
21935,r6i1p1f1,2075,01,21,0.10340863197298159,12.655919,3.834854,2075
21936,r6i1p1f1,2075,01,22,0.0,9.812675,-3.1175687,2075
21937,r6i1p1f1,2075,01,23,0.0,12.77512,-2.4980426,2075
21938,r6i1p1f1,2075,01,24,0.0,17.880629,2.2415872,2075
21939,r6i1p1f1,2075,01,25,0.0,16.57033,1.8748494,2075
21940,r6i1p1f1,2075,01,26,0.0,5.024953,-8.441128,2075
21941,r6i1p1f1,2075,01,27,1.0201255608786708,-1.6091452,-10.48325,2075
21942,r6i1p1f1,2075,01,28,0.005406724395270732,2.3298323,-11.186457,2075
21943,r6i1p1f1,2075,01,29,21.611294093025244,2.455382,-8.637745,2075
21944,r6i1p1f1,2075,01,30,23.304534312200595,6.162446,-2.6901283,2075
21945,r6i1p1f1,2075,01,31,20.297049579641243,7.576593,-3.3329809,2075
21946,r6i1p1f1,2075,02,01,31.71453609040185,8.637844,-0.7692572,2075
21947,r6i1p1f1,2075,02,02,0.0,10.703116,1.2457798,2075
21948,r6i1p1f1,2075,02,03,3.9025876071468955,7.6280417,0.036995426,2075
21949,r6i1p1f1,2075,02,04,0.000129675183313058,11.417696,-1.0591587,2075
21950,r6i1p1f1,2075,02,05,5.7813168276350515,9.794621,0.4471842,2075
21951,r6i1p1f1,2075,02,06,7.993086501158139,10.62994,2.635162,2075
21952,r6i1p1f1,2075,02,07,9.281696447594182,13.180535,3.9511578,2075
21953,r6i1p1f1,2075,02,08,2.9927057857857706,14.277553,4.743692,2075
21954,r6i1p1f1,2075,02,09,0.0984775318593486,15.659696,5.630565,2075
21955,r6i1p1f1,2075,02,10,0.0,16.56018,3.175752,2075
21956,r6i1p1f1,2075,02,11,0.0,17.671473,2.856848,2075
21957,r6i1p1f1,2075,02,12,0.0,17.647854,5.049128,2075
21958,r6i1p1f1,2075,02,13,0.0,18.996151,3.592543,2075
21959,r6i1p1f1,2075,02,14,0.0,20.635868,4.966096,2075
21960,r6i1p1f1,2075,02,15,0.0,19.851767,4.157337,2075
21961,r6i1p1f1,2075,02,16,0.0,16.978867,1.0647854,2075
21962,r6i1p1f1,2075,02,17,0.0,17.829842,1.352238,2075
21963,r6i1p1f1,2075,02,18,0.18550986199315442,17.134691,1.4334373,2075
21964,r6i1p1f1,2075,02,19,7.357801147641722,9.519137,-2.6380527,2075
21965,r6i1p1f1,2075,02,20,8.149400625047555,9.460869,-0.3205866,2075
21966,r6i1p1f1,2075,02,21,13.85543687708029,5.3999805,-1.0459578,2075
21967,r6i1p1f1,2075,02,22,0.0240909785627042,7.791509,-3.4883704,2075
21968,r6i1p1f1,2075,02,23,0.0,10.722999,-5.1747675,2075
21969,r6i1p1f1,2075,02,24,11.728853399511898,7.1467953,-7.0128455,2075
21970,r6i1p1f1,2075,02,25,3.631790296920047,1.5645667,-4.975834,2075
21971,r6i1p1f1,2075,02,26,0.7185130986084332,3.2353094,-5.815862,2075
21972,r6i1p1f1,2075,02,27,22.705465509422893,5.9012747,-3.2635248,2075
21973,r6i1p1f1,2075,02,28,0.0,7.20422,-4.4764194,2075
21974,r6i1p1f1,2075,03,01,12.050804716856494,5.5269275,-5.856711,2075
21975,r6i1p1f1,2075,03,02,12.742208943100394,6.848664,-1.8542588,2075
21976,r6i1p1f1,2075,03,03,26.418942137790733,13.286213,2.2071147,2075
21977,r6i1p1f1,2075,03,04,34.94451760328342,12.717274,-4.5897293,2075
21978,r6i1p1f1,2075,03,05,6.80014861478346,4.671925,-4.304471,2075
21979,r6i1p1f1,2075,03,06,14.750282751641185,0.91154635,-6.0838246,2075
21980,r6i1p1f1,2075,03,07,2.2193100234007948,1.8370719,-13.66167,2075
21981,r6i1p1f1,2075,03,08,6.0555241386471526,2.614333,-5.6501546,2075
21982,r6i1p1f1,2075,03,09,0.2369774750220554,4.5372376,-1.7035136,2075
21983,r6i1p1f1,2075,03,10,0.32211708241378895,3.994203,-5.8946137,2075
21984,r6i1p1f1,2075,03,11,15.404698746842215,5.361025,-2.842446,2075
21985,r6i1p1f1,2075,03,12,40.873276437517006,6.892005,-4.2836103,2075
21986,r6i1p1f1,2075,03,13,42.8783487822183,9.3367195,1.0506207,2075
21987,r6i1p1f1,2075,03,14,0.09526716191490542,11.983354,0.77270275,2075
21988,r6i1p1f1,2075,03,15,2.570533824297321,8.452243,-3.0162013,2075
21989,r6i1p1f1,2075,03,16,13.67718077125083,7.5456448,-1.4576226,2075
21990,r6i1p1f1,2075,03,17,20.178549499357853,6.356923,-0.7206969,2075
21991,r6i1p1f1,2075,03,18,6.309890694247774,7.6282,0.19581658,2075
21992,r6i1p1f1,2075,03,19,7.058766560646059,8.803483,0.7430798,2075
21993,r6i1p1f1,2075,03,20,42.43380432112345,9.700256,1.1231806,2075
21994,r6i1p1f1,2075,03,21,22.211900915263183,9.745101,-1.9880775,2075
21995,r6i1p1f1,2075,03,22,8.307010627353902,10.251348,0.53428364,2075
21996,r6i1p1f1,2075,03,23,25.21906419084614,8.419908,-1.0940747,2075
21997,r6i1p1f1,2075,03,24,9.274655937618874e-05,16.477703,-1.1088455,2075
21998,r6i1p1f1,2075,03,25,0.09266911587253479,18.828323,-0.050449405,2075
21999,r6i1p1f1,2075,03,26,0.08528378685724905,14.96151,1.8644178,2075
22000,r6i1p1f1,2075,03,27,0.020908096374241753,13.514871,2.153078,2075
22001,r6i1p1f1,2075,03,28,0.0,15.139298,-3.9557486,2075
22002,r6i1p1f1,2075,03,29,0.0006803984612530498,14.4491625,-1.9495213,2075
22003,r6i1p1f1,2075,03,30,0.4884149670885987,10.337142,-1.7940137,2075
22004,r6i1p1f1,2075,03,31,3.81099164046784,7.281401,-2.59806,2075
22005,r6i1p1f1,2075,04,01,1.2235794915607607,7.732649,-1.1508738,2075
22006,r6i1p1f1,2075,04,02,13.889708556466026,10.105228,-5.8603578,2075
22007,r6i1p1f1,2075,04,03,0.6784505878419573,8.558796,-3.8840265,2075
22008,r6i1p1f1,2075,04,04,1.9150180923000595,11.368839,-1.7531941,2075
22009,r6i1p1f1,2075,04,05,0.0,16.079601,-3.3431132,2075
22010,r6i1p1f1,2075,04,06,0.001896852372135302,14.2518835,0.12649864,2075
22011,r6i1p1f1,2075,04,07,3.9145016472771714,6.070207,-4.788852,2075
22012,r6i1p1f1,2075,04,08,1.0640342850668498,8.867626,-4.3511353,2075
22013,r6i1p1f1,2075,04,09,0.0,12.67718,-3.8660061,2075
22014,r6i1p1f1,2075,04,10,0.0,14.943602,-2.0746622,2075
22015,r6i1p1f1,2075,04,11,1.9545098442953515,10.152324,-3.707166,2075
22016,r6i1p1f1,2075,04,12,0.5617271751003099,10.219591,-2.064345,2075
22017,r6i1p1f1,2075,04,13,0.0,15.966994,-1.5822126,2075
22018,r6i1p1f1,2075,04,14,0.0,16.107756,-1.219262,2075
22019,r6i1p1f1,2075,04,15,0.07346415783854561,16.307772,-1.2051305,2075
22020,r6i1p1f1,2075,04,16,5.3099857781128185e-05,16.368164,-0.023917658,2075
22021,r6i1p1f1,2075,04,17,4.421109932246095,9.946352,-2.5935254,2075
22022,r6i1p1f1,2075,04,18,25.801322246432047,9.0738125,1.1878899,2075
22023,r6i1p1f1,2075,04,19,0.027629793813240076,11.667979,-0.96628267,2075
22024,r6i1p1f1,2075,04,20,0.0,16.466608,-1.7511445,2075
22025,r6i1p1f1,2075,04,21,0.0,20.9933,1.4644977,2075
22026,r6i1p1f1,2075,04,22,3.3603672756352343,18.548979,0.9325022,2075
22027,r6i1p1f1,2075,04,23,0.0,21.50729,3.9873428,2075
22028,r6i1p1f1,2075,04,24,0.0,22.022041,4.1493087,2075
22029,r6i1p1f1,2075,04,25,0.0,21.044115,3.7425032,2075
22030,r6i1p1f1,2075,04,26,0.0,24.06277,4.8498855,2075
22031,r6i1p1f1,2075,04,27,0.0,23.476536,5.5446362,2075
22032,r6i1p1f1,2075,04,28,0.0,22.394833,3.1829252,2075
22033,r6i1p1f1,2075,04,29,0.0,23.478098,4.628988,2075
22034,r6i1p1f1,2075,04,30,0.0,26.314516,7.057586,2075
22035,r6i1p1f1,2075,05,01,0.0,26.33852,6.80326,2075
22036,r6i1p1f1,2075,05,02,0.0,24.476145,6.4156814,2075
22037,r6i1p1f1,2075,05,03,0.0,24.09241,4.1292686,2075
22038,r6i1p1f1,2075,05,04,0.22571384803598754,19.382479,1.7017047,2075
22039,r6i1p1f1,2075,05,05,0.0,18.329231,0.5118332,2075
22040,r6i1p1f1,2075,05,06,0.0,22.410954,2.0112789,2075
22041,r6i1p1f1,2075,05,07,0.0,22.541515,3.6594632,2075
22042,r6i1p1f1,2075,05,08,0.17596867200820965,17.625923,1.1703687,2075
22043,r6i1p1f1,2075,05,09,0.0,16.67877,-0.21201544,2075
22044,r6i1p1f1,2075,05,10,0.0,19.227745,0.036145404,2075
22045,r6i1p1f1,2075,05,11,0.24249115176381913,19.352896,1.6852516,2075
22046,r6i1p1f1,2075,05,12,0.0,21.427853,3.4930718,2075
22047,r6i1p1f1,2075,05,13,0.0,26.32832,5.038908,2075
22048,r6i1p1f1,2075,05,14,0.0,30.765293,8.649026,2075
22049,r6i1p1f1,2075,05,15,0.0,30.943544,9.604949,2075
22050,r6i1p1f1,2075,05,16,0.0,31.43501,10.754614,2075
22051,r6i1p1f1,2075,05,17,0.0,34.380062,12.675395,2075
22052,r6i1p1f1,2075,05,18,0.0,35.86569,14.143415,2075
22053,r6i1p1f1,2075,05,19,0.23552057717487193,33.075428,11.789547,2075
22054,r6i1p1f1,2075,05,20,0.0,34.73778,13.17188,2075
22055,r6i1p1f1,2075,05,21,0.0,34.60317,13.11089,2075
22056,r6i1p1f1,2075,05,22,0.0,32.095615,11.325761,2075
22057,r6i1p1f1,2075,05,23,0.0,32.46374,11.382252,2075
22058,r6i1p1f1,2075,05,24,0.0,33.37404,12.24508,2075
22059,r6i1p1f1,2075,05,25,0.0,33.69374,12.374075,2075
22060,r6i1p1f1,2075,05,26,0.0,33.23308,12.513414,2075
22061,r6i1p1f1,2075,05,27,1.3006223921164985,33.308292,12.105694,2075
22062,r6i1p1f1,2075,05,28,0.8325275488737788,29.490276,9.453736,2075
22063,r6i1p1f1,2075,05,29,0.33014768941618283,29.966843,10.326757,2075
22064,r6i1p1f1,2075,05,30,4.9828603772718045,25.611494,7.376955,2075
22065,r6i1p1f1,2075,05,31,0.20630661411736537,25.937132,7.9271927,2075
22066,r6i1p1f1,2075,06,01,0.22531765600792317,32.700203,11.361618,2075
22067,r6i1p1f1,2075,06,02,0.43541951064197226,32.52735,13.276881,2075
22068,r6i1p1f1,2075,06,03,0.1762855992121685,24.597834,8.575718,2075
22069,r6i1p1f1,2075,06,04,0.12928930098730795,25.20395,4.193419,2075
22070,r6i1p1f1,2075,06,05,0.0,26.85828,7.934574,2075
22071,r6i1p1f1,2075,06,06,0.0,27.632265,8.794844,2075
22072,r6i1p1f1,2075,06,07,0.0,29.969095,10.142395,2075
22073,r6i1p1f1,2075,06,08,1.0375236674093018,28.426226,9.296146,2075
22074,r6i1p1f1,2075,06,09,0.0,24.821243,5.160721,2075
22075,r6i1p1f1,2075,06,10,0.0,27.511236,7.420231,2075
22076,r6i1p1f1,2075,06,11,0.0,29.513311,9.52792,2075
22077,r6i1p1f1,2075,06,12,5.117268288433323,25.673262,5.1182117,2075
22078,r6i1p1f1,2075,06,13,1.1818908894335516,20.208612,2.742777,2075
22079,r6i1p1f1,2075,06,14,0.0,24.577644,10.883007,2075
22080,r6i1p1f1,2075,06,15,0.0,28.999163,7.9184303,2075
22081,r6i1p1f1,2075,06,16,0.0,32.17487,11.411411,2075
22082,r6i1p1f1,2075,06,17,0.0,33.831505,12.860223,2075
22083,r6i1p1f1,2075,06,18,0.0,32.850044,12.366241,2075
22084,r6i1p1f1,2075,06,19,0.0,33.471027,13.066548,2075
22085,r6i1p1f1,2075,06,20,0.0,34.8399,13.612995,2075
22086,r6i1p1f1,2075,06,21,0.0,36.805965,16.264196,2075
22087,r6i1p1f1,2075,06,22,0.0,37.187973,16.597935,2075
22088,r6i1p1f1,2075,06,23,0.15949764219383356,36.854397,15.214523,2075
22089,r6i1p1f1,2075,06,24,0.0,36.890575,15.416528,2075
22090,r6i1p1f1,2075,06,25,0.014763544884758662,36.620506,14.9241295,2075
22091,r6i1p1f1,2075,06,26,0.0,35.943153,15.174425,2075
22092,r6i1p1f1,2075,06,27,4.069145467451453,36.203754,14.417564,2075
22093,r6i1p1f1,2075,06,28,0.21716183266471295,32.782745,13.4710245,2075
22094,r6i1p1f1,2075,06,29,3.808724409769125,30.685942,12.320519,2075
22095,r6i1p1f1,2075,06,30,2.532097417178288,27.993496,10.453702,2075
22096,r6i1p1f1,2075,07,01,3.1968786111045198,28.86638,12.558815,2075
22097,r6i1p1f1,2075,07,02,0.2632078033038686,33.231472,13.145539,2075
22098,r6i1p1f1,2075,07,03,0.17153627235838873,33.95582,14.251965,2075
22099,r6i1p1f1,2075,07,04,0.07275016130934275,34.984776,13.105696,2075
22100,r6i1p1f1,2075,07,05,0.0016453540968578778,35.224842,13.6987095,2075
22101,r6i1p1f1,2075,07,06,0.0,35.297695,15.038802,2075
22102,r6i1p1f1,2075,07,07,0.0,36.120895,15.144233,2075
22103,r6i1p1f1,2075,07,08,0.0,35.99054,15.315548,2075
22104,r6i1p1f1,2075,07,09,0.0,35.932964,14.320716,2075
22105,r6i1p1f1,2075,07,10,0.0,35.989643,15.085145,2075
22106,r6i1p1f1,2075,07,11,0.0,35.62026,14.15928,2075
22107,r6i1p1f1,2075,07,12,0.0,34.54905,12.754335,2075
22108,r6i1p1f1,2075,07,13,0.0,33.999943,13.301506,2075
22109,r6i1p1f1,2075,07,14,0.0,35.475822,13.822816,2075
22110,r6i1p1f1,2075,07,15,0.0,36.026066,14.728604,2075
22111,r6i1p1f1,2075,07,16,0.0,34.957096,13.863715,2075
22112,r6i1p1f1,2075,07,17,0.0,34.94718,14.327037,2075
22113,r6i1p1f1,2075,07,18,0.0,35.367878,14.232037,2075
22114,r6i1p1f1,2075,07,19,0.0,35.43764,13.776127,2075
22115,r6i1p1f1,2075,07,20,0.0,35.65457,14.165104,2075
22116,r6i1p1f1,2075,07,21,0.0,36.855347,16.133907,2075
22117,r6i1p1f1,2075,07,22,0.0,38.185295,17.217005,2075
22118,r6i1p1f1,2075,07,23,0.0,39.47728,18.515453,2075
22119,r6i1p1f1,2075,07,24,0.0,39.40101,18.282482,2075
22120,r6i1p1f1,2075,07,25,0.0,39.68585,17.771801,2075
22121,r6i1p1f1,2075,07,26,0.0,39.822094,17.930683,2075
22122,r6i1p1f1,2075,07,27,0.0,39.12475,17.38035,2075
22123,r6i1p1f1,2075,07,28,0.0,38.032055,16.03411,2075
22124,r6i1p1f1,2075,07,29,0.0,37.864643,16.505808,2075
22125,r6i1p1f1,2075,07,30,0.0,38.75065,17.107677,2075
22126,r6i1p1f1,2075,07,31,0.0,39.341457,17.08564,2075
22127,r6i1p1f1,2075,08,01,1.4580195282923172,40.05278,18.862406,2075
22128,r6i1p1f1,2075,08,02,0.7617036112609404,37.711105,17.092865,2075
22129,r6i1p1f1,2075,08,03,0.0,37.94334,16.869326,2075
22130,r6i1p1f1,2075,08,04,0.0,38.388035,16.047005,2075
22131,r6i1p1f1,2075,08,05,0.0,37.61595,15.753896,2075
22132,r6i1p1f1,2075,08,06,0.0,36.145554,14.69271,2075
22133,r6i1p1f1,2075,08,07,0.0,35.415985,14.188892,2075
22134,r6i1p1f1,2075,08,08,0.0,35.073364,13.985482,2075
22135,r6i1p1f1,2075,08,09,0.0,36.194305,14.682902,2075
22136,r6i1p1f1,2075,08,10,0.0,37.7147,16.36281,2075
22137,r6i1p1f1,2075,08,11,0.007210915487230756,39.554718,18.54466,2075
22138,r6i1p1f1,2075,08,12,0.6105904070129214,40.424606,18.78769,2075
22139,r6i1p1f1,2075,08,13,0.6486552540996015,40.682556,19.43933,2075
22140,r6i1p1f1,2075,08,14,4.6480975916085515e-05,40.02457,18.811127,2075
22141,r6i1p1f1,2075,08,15,0.03342660131713924,40.554543,19.570915,2075
22142,r6i1p1f1,2075,08,16,3.019957501979109,40.774384,20.263044,2075
22143,r6i1p1f1,2075,08,17,0.0028713380371902723,38.779697,18.228832,2075
22144,r6i1p1f1,2075,08,18,1.496275606280859,36.94439,16.721441,2075
22145,r6i1p1f1,2075,08,19,0.0,33.73843,13.842535,2075
22146,r6i1p1f1,2075,08,20,0.0,32.193417,12.136333,2075
22147,r6i1p1f1,2075,08,21,0.0,32.773937,12.174154,2075
22148,r6i1p1f1,2075,08,22,0.0,33.328953,13.149618,2075
22149,r6i1p1f1,2075,08,23,0.0,34.217308,13.532868,2075
22150,r6i1p1f1,2075,08,24,0.0,35.081345,14.648362,2075
22151,r6i1p1f1,2075,08,25,0.0,35.299747,14.332435,2075
22152,r6i1p1f1,2075,08,26,0.0,35.06863,13.611864,2075
22153,r6i1p1f1,2075,08,27,0.016754848891049116,34.427593,12.647216,2075
22154,r6i1p1f1,2075,08,28,0.014593493375493032,34.160885,14.253186,2075
22155,r6i1p1f1,2075,08,29,0.006371011095237731,31.598251,13.030443,2075
22156,r6i1p1f1,2075,08,30,13.519535750970487,19.136082,10.527049,2075
22157,r6i1p1f1,2075,08,31,7.331633325675493,25.314901,7.2833996,2075
22158,r6i1p1f1,2075,09,01,4.051150519400353,29.599672,12.02932,2075
22159,r6i1p1f1,2075,09,02,1.0886041479532913,32.001087,15.257675,2075
22160,r6i1p1f1,2075,09,03,0.1820445289249517,32.897907,15.106824,2075
22161,r6i1p1f1,2075,09,04,0.01884441268565616,32.482193,15.2301855,2075
22162,r6i1p1f1,2075,09,05,0.0,31.404968,14.551871,2075
22163,r6i1p1f1,2075,09,06,0.0026510783616390692,30.591846,14.02254,2075
22164,r6i1p1f1,2075,09,07,0.0387344274273134,30.595078,13.0358305,2075
22165,r6i1p1f1,2075,09,08,0.0,31.71553,12.664723,2075
22166,r6i1p1f1,2075,09,09,0.0,33.155083,12.8903055,2075
22167,r6i1p1f1,2075,09,10,0.0,33.791374,13.128052,2075
22168,r6i1p1f1,2075,09,11,0.0,34.121487,13.538032,2075
22169,r6i1p1f1,2075,09,12,0.0,33.474075,15.49392,2075
22170,r6i1p1f1,2075,09,13,0.17387679237720854,33.47255,15.441826,2075
22171,r6i1p1f1,2075,09,14,0.7917686039817362,32.062294,12.658304,2075
22172,r6i1p1f1,2075,09,15,0.0,31.91872,12.913574,2075
22173,r6i1p1f1,2075,09,16,0.0,31.129026,13.148495,2075
22174,r6i1p1f1,2075,09,17,0.0,31.428183,13.486997,2075
22175,r6i1p1f1,2075,09,18,0.004792142162778435,32.250584,13.566937,2075
22176,r6i1p1f1,2075,09,19,0.0,34.287075,14.776884,2075
22177,r6i1p1f1,2075,09,20,0.0,34.88075,16.120157,2075
22178,r6i1p1f1,2075,09,21,0.0,34.888954,16.08979,2075
22179,r6i1p1f1,2075,09,22,0.0,33.09622,13.255896,2075
22180,r6i1p1f1,2075,09,23,0.0,32.292812,12.857768,2075
22181,r6i1p1f1,2075,09,24,0.0,32.978573,12.728249,2075
22182,r6i1p1f1,2075,09,25,0.0,32.873383,12.588641,2075
22183,r6i1p1f1,2075,09,26,0.0,32.062836,12.40964,2075
22184,r6i1p1f1,2075,09,27,0.0,31.738525,13.39296,2075
22185,r6i1p1f1,2075,09,28,0.0,30.811457,11.048462,2075
22186,r6i1p1f1,2075,09,29,0.0,31.321474,11.827234,2075
22187,r6i1p1f1,2075,09,30,0.0,31.43238,12.574458,2075
22188,r6i1p1f1,2075,10,01,0.0,31.258438,11.499157,2075
22189,r6i1p1f1,2075,10,02,0.0,31.33278,11.093057,2075
22190,r6i1p1f1,2075,10,03,0.0,30.709467,9.626454,2075
22191,r6i1p1f1,2075,10,04,0.0,28.054802,7.9598446,2075
22192,r6i1p1f1,2075,10,05,0.0,26.805487,6.5897737,2075
22193,r6i1p1f1,2075,10,06,0.020754479170770494,19.401432,5.17164,2075
22194,r6i1p1f1,2075,10,07,0.0,17.491457,0.68469626,2075
22195,r6i1p1f1,2075,10,08,0.0,23.937529,4.502042,2075
22196,r6i1p1f1,2075,10,09,11.563615262215674,20.32118,4.1647363,2075
22197,r6i1p1f1,2075,10,10,21.132935140824358,15.229905,4.710759,2075
22198,r6i1p1f1,2075,10,11,1.3354846571787191,14.470833,0.8875851,2075
22199,r6i1p1f1,2075,10,12,0.0,21.031933,3.6307647,2075
22200,r6i1p1f1,2075,10,13,0.0,25.170828,7.100179,2075
22201,r6i1p1f1,2075,10,14,0.0,26.947626,7.4104557,2075
22202,r6i1p1f1,2075,10,15,0.0,27.693317,9.127525,2075
22203,r6i1p1f1,2075,10,16,4.598121037910273,24.979229,7.685401,2075
22204,r6i1p1f1,2075,10,17,1.1257146443387964,17.349707,4.193595,2075
22205,r6i1p1f1,2075,10,18,0.0,13.865701,0.4736214,2075
22206,r6i1p1f1,2075,10,19,0.0,17.371574,2.460165,2075
22207,r6i1p1f1,2075,10,20,0.0,19.49343,2.210498,2075
22208,r6i1p1f1,2075,10,21,0.0,25.688953,6.763153,2075
22209,r6i1p1f1,2075,10,22,0.0,27.359354,9.081454,2075
22210,r6i1p1f1,2075,10,23,0.0,26.263227,6.589824,2075
22211,r6i1p1f1,2075,10,24,0.0,25.056614,4.009,2075
22212,r6i1p1f1,2075,10,25,0.0,22.718975,5.246385,2075
22213,r6i1p1f1,2075,10,26,4.379074633104605,18.436867,4.5447164,2075
22214,r6i1p1f1,2075,10,27,43.07709108479534,12.434585,3.5467935,2075
22215,r6i1p1f1,2075,10,28,17.705870613561142,10.304325,0.4421358,2075
22216,r6i1p1f1,2075,10,29,0.41938376245344605,11.925846,-0.877947,2075
22217,r6i1p1f1,2075,10,30,0.003492807814629772,12.3539715,0.4300809,2075
22218,r6i1p1f1,2075,10,31,1.7771116640818254,10.969334,2.2402916,2075
22219,r6i1p1f1,2075,11,01,0.15632825626839777,19.668804,5.738367,2075
22220,r6i1p1f1,2075,11,02,0.0,22.0246,6.350529,2075
22221,r6i1p1f1,2075,11,03,0.0,19.729239,4.743035,2075
22222,r6i1p1f1,2075,11,04,0.0,19.973295,5.4719176,2075
22223,r6i1p1f1,2075,11,05,0.0,19.142754,3.950721,2075
22224,r6i1p1f1,2075,11,06,0.0,19.924881,3.8126042,2075
22225,r6i1p1f1,2075,11,07,0.0,19.480534,4.9206996,2075
22226,r6i1p1f1,2075,11,08,0.0,20.22342,3.4214501,2075
22227,r6i1p1f1,2075,11,09,3.4520282711334906,18.029678,4.4183235,2075
22228,r6i1p1f1,2075,11,10,20.393263459302258,15.159901,7.0743423,2075
22229,r6i1p1f1,2075,11,11,0.8756138397204423,14.920257,5.616514,2075
22230,r6i1p1f1,2075,11,12,0.0,16.29374,2.3820164,2075
22231,r6i1p1f1,2075,11,13,0.0,17.232586,2.9437273,2075
22232,r6i1p1f1,2075,11,14,0.0,19.43019,4.899807,2075
22233,r6i1p1f1,2075,11,15,0.0,18.54527,3.853845,2075
22234,r6i1p1f1,2075,11,16,14.758860921824185,14.782212,-0.011313034,2075
22235,r6i1p1f1,2075,11,17,15.966766710338034,9.080281,1.4728426,2075
22236,r6i1p1f1,2075,11,18,5.9805376176442016,9.136247,2.3286355,2075
22237,r6i1p1f1,2075,11,19,4.32052635653881,10.186945,0.2890981,2075
22238,r6i1p1f1,2075,11,20,19.65609200876414,9.262109,2.1345134,2075
22239,r6i1p1f1,2075,11,21,11.746641064621436,10.097586,3.07405,2075
22240,r6i1p1f1,2075,11,22,0.025926266040140665,11.460994,1.627006,2075
22241,r6i1p1f1,2075,11,23,0.0,13.8791065,-1.0130806,2075
22242,r6i1p1f1,2075,11,24,0.0,15.737168,0.19572644,2075
22243,r6i1p1f1,2075,11,25,0.0,16.45294,0.6200461,2075
22244,r6i1p1f1,2075,11,26,0.0,15.569235,0.52080536,2075
22245,r6i1p1f1,2075,11,27,0.0,15.817002,-0.36751798,2075
22246,r6i1p1f1,2075,11,28,0.0,15.401694,-1.1836466,2075
22247,r6i1p1f1,2075,11,29,2.0000976806418302,10.846158,2.0559175,2075
22248,r6i1p1f1,2075,11,30,6.724271312693458,8.69425,-0.8140917,2075
22249,r6i1p1f1,2075,12,01,27.72665964878013,8.707216,3.6959827,2075
22250,r6i1p1f1,2075,12,02,11.977334986150266,8.687421,1.4336511,2075
22251,r6i1p1f1,2075,12,03,10.801629687451415,8.861116,0.26437035,2075
22252,r6i1p1f1,2075,12,04,15.380227419463022,12.571235,1.334252,2075
22253,r6i1p1f1,2075,12,05,0.009426771189775982,15.31968,1.9909973,2075
22254,r6i1p1f1,2075,12,06,0.0002007232154512958,12.132456,-3.3207376,2075
22255,r6i1p1f1,2075,12,07,0.0,14.557398,0.89455134,2075
22256,r6i1p1f1,2075,12,08,0.0,14.664537,0.843515,2075
22257,r6i1p1f1,2075,12,09,0.0,13.866645,-0.3651484,2075
22258,r6i1p1f1,2075,12,10,0.02982713826980701,11.754614,0.5726116,2075
22259,r6i1p1f1,2075,12,11,0.0,14.439885,2.338931,2075
22260,r6i1p1f1,2075,12,12,0.11186199868483088,13.020995,4.917852,2075
22261,r6i1p1f1,2075,12,13,5.494514069594633e-06,9.948365,-3.7630377,2075
22262,r6i1p1f1,2075,12,14,0.0,7.0809207,-7.1253214,2075
22263,r6i1p1f1,2075,12,15,0.001558259967235447,3.894024,-7.867765,2075
22264,r6i1p1f1,2075,12,16,0.0,4.099124,-8.588919,2075
22265,r6i1p1f1,2075,12,17,1.5142692473195327,1.1582683,-4.77581,2075
22266,r6i1p1f1,2075,12,18,0.8467218889069932,1.2602636,-12.747221,2075
22267,r6i1p1f1,2075,12,19,0.0,0.034540482,-14.068487,2075
22268,r6i1p1f1,2075,12,20,0.20088929358713553,1.6872239,-11.928005,2075
22269,r6i1p1f1,2075,12,21,0.3558074324862639,2.2039185,-10.393956,2075
22270,r6i1p1f1,2075,12,22,0.0,-0.47219273,-13.698796,2075
22271,r6i1p1f1,2075,12,23,0.12252951479334741,1.1367916,-11.406628,2075
22272,r6i1p1f1,2075,12,24,0.03109644356121238,0.5201341,-4.814076,2075
22273,r6i1p1f1,2075,12,25,0.9055867226960523,1.74846,-5.619362,2075
22274,r6i1p1f1,2075,12,26,15.22452425295182,3.0242457,-4.3026414,2075
22275,r6i1p1f1,2075,12,27,22.13857872753357,3.52796,-7.762926,2075
22276,r6i1p1f1,2075,12,28,29.994426701631784,4.9234633,-5.0195355,2075
22277,r6i1p1f1,2075,12,29,7.581214450699058,-0.04789821,-6.6853757,2075
22278,r6i1p1f1,2075,12,30,1.311170601445653e-05,3.4245682,-6.0201263,2075
22279,r6i1p1f1,2075,12,31,4.915555123405955,0.63343036,-5.4045005,2075
22280,r6i1p1f1,2076,01,01,11.284280180581616,1.8181454,-5.4960365,2076
22281,r6i1p1f1,2076,01,02,12.791662809861265,5.1243067,-1.5984386,2076
22282,r6i1p1f1,2076,01,03,0.0,5.2997527,-0.9572278,2076
22283,r6i1p1f1,2076,01,04,0.007766281152982812,7.348003,-5.689959,2076
22284,r6i1p1f1,2076,01,05,0.03545411157835599,9.388155,-0.20442526,2076
22285,r6i1p1f1,2076,01,06,0.06946959911983226,9.46817,1.7354183,2076
22286,r6i1p1f1,2076,01,07,0.17939088618502133,13.402319,3.4766366,2076
22287,r6i1p1f1,2076,01,08,0.0004130696436939816,19.019629,4.837213,2076
22288,r6i1p1f1,2076,01,09,0.0,19.743837,5.6227055,2076
22289,r6i1p1f1,2076,01,10,0.0,19.28771,6.49789,2076
22290,r6i1p1f1,2076,01,11,0.047622398331116506,18.726006,4.423699,2076
22291,r6i1p1f1,2076,01,12,0.0,7.2022057,-5.878733,2076
22292,r6i1p1f1,2076,01,13,0.0,5.310437,-7.944307,2076
22293,r6i1p1f1,2076,01,14,0.0,10.132826,-4.4521847,2076
22294,r6i1p1f1,2076,01,15,0.0,11.375677,-3.7971811,2076
22295,r6i1p1f1,2076,01,16,0.0,10.251099,-3.0696752,2076
22296,r6i1p1f1,2076,01,17,0.053971070391628725,8.400406,-0.0012329689,2076
22297,r6i1p1f1,2076,01,18,0.0,8.784328,-1.5710932,2076
22298,r6i1p1f1,2076,01,19,17.625280136556935,5.386649,-4.411532,2076
22299,r6i1p1f1,2076,01,20,17.019305219989516,4.239465,-1.6098286,2076
22300,r6i1p1f1,2076,01,21,0.0,6.7501764,-2.9988213,2076
22301,r6i1p1f1,2076,01,22,0.07983879230759298,6.822706,-4.60396,2076
22302,r6i1p1f1,2076,01,23,0.0,8.260561,-4.001163,2076
22303,r6i1p1f1,2076,01,24,0.0,15.913162,-0.5037302,2076
22304,r6i1p1f1,2076,01,25,0.0,16.179758,1.5310799,2076
22305,r6i1p1f1,2076,01,26,0.0,15.619213,1.3086016,2076
22306,r6i1p1f1,2076,01,27,1.3148211771311895,13.7788515,2.7345057,2076
22307,r6i1p1f1,2076,01,28,0.9704856540060319,10.198036,-5.249949,2076
22308,r6i1p1f1,2076,01,29,0.39147255597101627,0.14926668,-12.9531145,2076
22309,r6i1p1f1,2076,01,30,0.17891889217489146,1.3647217,-10.2997875,2076
22310,r6i1p1f1,2076,01,31,0.0,4.5580454,-10.5137005,2076
22311,r6i1p1f1,2076,02,01,0.0,11.879488,-3.7044508,2076
22312,r6i1p1f1,2076,02,02,0.0,12.6265745,-1.3057253,2076
22313,r6i1p1f1,2076,02,03,0.0,12.873987,-1.8124057,2076
22314,r6i1p1f1,2076,02,04,0.0,14.276305,-0.4675631,2076
22315,r6i1p1f1,2076,02,05,0.0,16.255655,2.0931082,2076
22316,r6i1p1f1,2076,02,06,0.0,16.44723,1.2128373,2076
22317,r6i1p1f1,2076,02,07,0.0,19.374454,4.0363927,2076
22318,r6i1p1f1,2076,02,08,0.0,18.765308,2.5388513,2076
22319,r6i1p1f1,2076,02,09,1.5437945854110042,11.459481,1.7405772,2076
22320,r6i1p1f1,2076,02,10,3.035783024169659,8.582638,-0.9318678,2076
22321,r6i1p1f1,2076,02,11,9.693084765880736,8.146208,-1.5399024,2076
22322,r6i1p1f1,2076,02,12,5.662288650269514,6.4741855,0.22580215,2076
22323,r6i1p1f1,2076,02,13,18.8168363520111,8.496963,-0.3067071,2076
22324,r6i1p1f1,2076,02,14,26.990208885965057,8.911043,-2.6514401,2076
22325,r6i1p1f1,2076,02,15,9.881795224785947,3.7989714,-3.4514806,2076
22326,r6i1p1f1,2076,02,16,0.0,3.7143123,-9.028932,2076
22327,r6i1p1f1,2076,02,17,8.666647721753119,5.785975,-3.6266255,2076
22328,r6i1p1f1,2076,02,18,3.7932489027397454,2.651397,-3.1877036,2076
22329,r6i1p1f1,2076,02,19,0.2750418373309274,4.0569777,-6.022549,2076
22330,r6i1p1f1,2076,02,20,8.52256576297198,5.498591,-2.1187704,2076
22331,r6i1p1f1,2076,02,21,7.979512279693745,5.7137904,-1.9723771,2076
22332,r6i1p1f1,2076,02,22,14.511204789572655,6.13363,-7.8771677,2076
22333,r6i1p1f1,2076,02,23,0.0025560826345404756,2.9867337,-7.156845,2076
22334,r6i1p1f1,2076,02,24,2.7262839689095766,1.9638948,-8.358051,2076
22335,r6i1p1f1,2076,02,25,0.0006421525508562577,4.6569295,-8.61849,2076
22336,r6i1p1f1,2076,02,26,0.24770543523601313,4.6764746,-6.1313047,2076
22337,r6i1p1f1,2076,02,27,0.14915156560189455,4.600419,-9.2228365,2076
22338,r6i1p1f1,2076,02,28,0.02066487843427859,2.5383558,-6.7313485,2076
22339,r6i1p1f1,2076,02,29,0.5463041714349826,2.5718708,-6.190941,2076
22340,r6i1p1f1,2076,03,01,13.513544064658841,2.1304617,-6.2049932,2076
22341,r6i1p1f1,2076,03,02,0.46728820480018307,4.333989,-10.604266,2076
22342,r6i1p1f1,2076,03,03,0.0,3.8130543,-13.153621,2076
22343,r6i1p1f1,2076,03,04,6.7825890501614365,0.7650506,-9.162624,2076
22344,r6i1p1f1,2076,03,05,2.302341714564784,2.3777068,-11.468609,2076
22345,r6i1p1f1,2076,03,06,0.0,8.626098,-8.382274,2076
22346,r6i1p1f1,2076,03,07,15.328430748535268,4.0999284,-4.536052,2076
22347,r6i1p1f1,2076,03,08,2.5801211493351044,6.521292,-2.030345,2076
22348,r6i1p1f1,2076,03,09,10.370237775275633,4.6452937,-3.6018136,2076
22349,r6i1p1f1,2076,03,10,1.011029821418056,3.1640456,-4.8514466,2076
22350,r6i1p1f1,2076,03,11,3.312906265835954,6.030627,-4.4610877,2076
22351,r6i1p1f1,2076,03,12,16.108947944155734,10.74362,-3.60065,2076
22352,r6i1p1f1,2076,03,13,22.157046211737082,8.571307,1.1577464,2076
22353,r6i1p1f1,2076,03,14,2.329192106030152,10.929008,-3.6119506,2076
22354,r6i1p1f1,2076,03,15,0.0,17.649683,-0.9212499,2076
22355,r6i1p1f1,2076,03,16,5.490395935591421,14.85916,-0.43709615,2076
22356,r6i1p1f1,2076,03,17,5.537663845876729,10.834649,-5.3116293,2076
22357,r6i1p1f1,2076,03,18,0.0,8.812004,-7.7538366,2076
22358,r6i1p1f1,2076,03,19,0.0,16.731575,-0.80496687,2076
22359,r6i1p1f1,2076,03,20,0.0,19.912252,1.7878873,2076
22360,r6i1p1f1,2076,03,21,0.0,20.092138,2.2343864,2076
22361,r6i1p1f1,2076,03,22,0.0,19.2939,1.203898,2076
22362,r6i1p1f1,2076,03,23,0.0,19.39922,0.09197182,2076
22363,r6i1p1f1,2076,03,24,0.0,20.495974,1.7321076,2076
22364,r6i1p1f1,2076,03,25,0.0,21.63484,3.261885,2076
22365,r6i1p1f1,2076,03,26,0.0,23.58598,4.566372,2076
22366,r6i1p1f1,2076,03,27,0.028285281156279464,23.311388,3.6096506,2076
22367,r6i1p1f1,2076,03,28,3.1979633968113848,10.438292,-0.766062,2076
22368,r6i1p1f1,2076,03,29,8.215634512128197,10.080873,3.0302994,2076
22369,r6i1p1f1,2076,03,30,0.2203931193270711,14.232224,-0.36958316,2076
22370,r6i1p1f1,2076,03,31,0.0018187443834371349,15.537328,1.0761604,2076
22371,r6i1p1f1,2076,04,01,0.0,17.763105,-1.1318792,2076
22372,r6i1p1f1,2076,04,02,0.0,16.964106,3.388515,2076
22373,r6i1p1f1,2076,04,03,0.0,16.577774,3.6784449,2076
22374,r6i1p1f1,2076,04,04,0.0,22.791264,5.400071,2076
22375,r6i1p1f1,2076,04,05,0.0,24.949749,4.6384974,2076
22376,r6i1p1f1,2076,04,06,0.0,25.251184,4.4247727,2076
22377,r6i1p1f1,2076,04,07,0.0,24.411127,6.0619707,2076
22378,r6i1p1f1,2076,04,08,0.0,23.71469,5.1938934,2076
22379,r6i1p1f1,2076,04,09,0.0,25.34698,4.7386713,2076
22380,r6i1p1f1,2076,04,10,0.1735546792854856,21.535269,2.7958553,2076
22381,r6i1p1f1,2076,04,11,0.015738362342813974,16.978643,4.3365335,2076
22382,r6i1p1f1,2076,04,12,0.16870858953372814,14.323197,3.076552,2076
22383,r6i1p1f1,2076,04,13,19.75068479370951,10.71677,4.7998037,2076
22384,r6i1p1f1,2076,04,14,22.967938800260374,11.548118,-5.7547045,2076
22385,r6i1p1f1,2076,04,15,0.0,13.766332,-1.5420523,2076
22386,r6i1p1f1,2076,04,16,3.1606554708386945,10.8405075,-2.2170033,2076
22387,r6i1p1f1,2076,04,17,0.008302095391200722,16.181229,-2.5876045,2076
22388,r6i1p1f1,2076,04,18,0.0,21.794703,1.4682207,2076
22389,r6i1p1f1,2076,04,19,0.0,20.931395,2.9138563,2076
22390,r6i1p1f1,2076,04,20,3.9317973581644488,9.700413,-6.9946356,2076
22391,r6i1p1f1,2076,04,21,0.0,10.280388,-5.6595707,2076
22392,r6i1p1f1,2076,04,22,0.12859768043630124,10.113661,-1.5548918,2076
22393,r6i1p1f1,2076,04,23,0.01350198860837653,13.856396,-3.0570703,2076
22394,r6i1p1f1,2076,04,24,0.0,17.356812,-1.6408072,2076
22395,r6i1p1f1,2076,04,25,0.005048038564270978,16.826181,1.0574114,2076
22396,r6i1p1f1,2076,04,26,0.0,16.336802,0.789157,2076
22397,r6i1p1f1,2076,04,27,0.0,17.787748,1.1339422,2076
22398,r6i1p1f1,2076,04,28,0.0,18.472033,0.5410045,2076
22399,r6i1p1f1,2076,04,29,0.024627547608998334,17.707708,1.5706954,2076
22400,r6i1p1f1,2076,04,30,0.0,20.65918,3.121219,2076
22401,r6i1p1f1,2076,05,01,0.0,25.974112,5.0378246,2076
22402,r6i1p1f1,2076,05,02,0.0,27.416155,7.769096,2076
22403,r6i1p1f1,2076,05,03,0.0,26.469889,6.0710716,2076
22404,r6i1p1f1,2076,05,04,0.0,17.86066,-0.17903714,2076
22405,r6i1p1f1,2076,05,05,2.614656665889889,9.990713,-4.4735174,2076
22406,r6i1p1f1,2076,05,06,0.12010456180326413,17.481028,-0.1839729,2076
22407,r6i1p1f1,2076,05,07,0.0,21.082626,3.7555919,2076
22408,r6i1p1f1,2076,05,08,0.0,21.684126,4.163828,2076
22409,r6i1p1f1,2076,05,09,0.0,20.941935,4.1144357,2076
22410,r6i1p1f1,2076,05,10,0.0,26.995724,6.198823,2076
22411,r6i1p1f1,2076,05,11,0.0,31.305601,9.698344,2076
22412,r6i1p1f1,2076,05,12,0.0,31.784712,11.365166,2076
22413,r6i1p1f1,2076,05,13,0.0,31.059471,9.965775,2076
22414,r6i1p1f1,2076,05,14,0.0,21.624674,5.9588213,2076
22415,r6i1p1f1,2076,05,15,6.378177676958997,16.663715,-0.27930453,2076
22416,r6i1p1f1,2076,05,16,38.10129260390704,12.377774,2.7913237,2076
22417,r6i1p1f1,2076,05,17,4.383008981106052,12.0678625,-0.96534604,2076
22418,r6i1p1f1,2076,05,18,0.13431216470517898,22.632902,3.8824866,2076
22419,r6i1p1f1,2076,05,19,0.0,28.031448,7.095992,2076
22420,r6i1p1f1,2076,05,20,0.0,28.073298,8.143644,2076
22421,r6i1p1f1,2076,05,21,0.0015813445111708562,26.097795,8.699844,2076
22422,r6i1p1f1,2076,05,22,0.0,24.143919,6.0057325,2076
22423,r6i1p1f1,2076,05,23,0.0,22.381823,4.8301754,2076
22424,r6i1p1f1,2076,05,24,0.0,26.775673,7.1943326,2076
22425,r6i1p1f1,2076,05,25,0.0,28.703314,8.738262,2076
22426,r6i1p1f1,2076,05,26,0.0,29.329302,9.677163,2076
22427,r6i1p1f1,2076,05,27,0.0,29.430174,10.239593,2076
22428,r6i1p1f1,2076,05,28,0.0,30.328785,10.743822,2076
22429,r6i1p1f1,2076,05,29,0.0,31.584953,10.812369,2076
22430,r6i1p1f1,2076,05,30,0.0,33.231167,12.54339,2076
22431,r6i1p1f1,2076,05,31,0.15634297066585112,32.6931,13.248801,2076
22432,r6i1p1f1,2076,06,01,0.0,33.858143,14.72683,2076
22433,r6i1p1f1,2076,06,02,0.0,34.771267,13.987794,2076
22434,r6i1p1f1,2076,06,03,0.2991925907500002,33.919594,14.251584,2076
22435,r6i1p1f1,2076,06,04,1.4041734967020627,32.95714,12.401005,2076
22436,r6i1p1f1,2076,06,05,6.386551094799297,28.114435,10.028923,2076
22437,r6i1p1f1,2076,06,06,0.6759991108398821,28.326057,9.601581,2076
22438,r6i1p1f1,2076,06,07,0.12396760124681823,27.78362,11.381631,2076
22439,r6i1p1f1,2076,06,08,0.0011998264879119677,26.457787,10.361575,2076
22440,r6i1p1f1,2076,06,09,0.5002335431199539,23.360935,6.0190783,2076
22441,r6i1p1f1,2076,06,10,1.4910610372817903,20.070234,2.7780902,2076
22442,r6i1p1f1,2076,06,11,1.8670444715176486,22.286661,5.310055,2076
22443,r6i1p1f1,2076,06,12,0.01166293856681684,27.16387,8.828249,2076
22444,r6i1p1f1,2076,06,13,0.9461564024475437,25.484995,11.274996,2076
22445,r6i1p1f1,2076,06,14,3.8664240346562138,22.663887,5.2568245,2076
22446,r6i1p1f1,2076,06,15,0.0,29.92948,9.668132,2076
22447,r6i1p1f1,2076,06,16,0.0,33.77787,13.395948,2076
22448,r6i1p1f1,2076,06,17,0.014795199233714047,33.442085,15.286895,2076
22449,r6i1p1f1,2076,06,18,0.0,29.553326,13.239868,2076
22450,r6i1p1f1,2076,06,19,0.14582723877641282,27.235783,9.819359,2076
22451,r6i1p1f1,2076,06,20,0.01200342470126571,26.808096,9.694018,2076
22452,r6i1p1f1,2076,06,21,0.0,29.385155,11.762373,2076
22453,r6i1p1f1,2076,06,22,0.0,33.788506,13.692401,2076
22454,r6i1p1f1,2076,06,23,0.6629689828412934,33.066906,12.326338,2076
22455,r6i1p1f1,2076,06,24,0.0,30.744476,11.584221,2076
22456,r6i1p1f1,2076,06,25,0.0,31.00432,12.19888,2076
22457,r6i1p1f1,2076,06,26,0.0,30.714891,11.223011,2076
22458,r6i1p1f1,2076,06,27,0.005163893666138792,29.542658,10.18291,2076
22459,r6i1p1f1,2076,06,28,0.0,29.868639,10.19433,2076
22460,r6i1p1f1,2076,06,29,0.0,32.131794,11.887931,2076
22461,r6i1p1f1,2076,06,30,0.0,33.05481,12.231726,2076
22462,r6i1p1f1,2076,07,01,0.0,33.13785,11.445385,2076
22463,r6i1p1f1,2076,07,02,0.0,32.928104,10.877877,2076
22464,r6i1p1f1,2076,07,03,0.0,34.954792,14.245637,2076
22465,r6i1p1f1,2076,07,04,0.0,34.861145,12.991606,2076
22466,r6i1p1f1,2076,07,05,0.0,33.30802,12.156582,2076
22467,r6i1p1f1,2076,07,06,0.0,32.932034,12.446555,2076
22468,r6i1p1f1,2076,07,07,0.0,33.444767,10.562261,2076
22469,r6i1p1f1,2076,07,08,0.0,33.347336,11.439985,2076
22470,r6i1p1f1,2076,07,09,0.004147185100087441,32.716137,11.28613,2076
22471,r6i1p1f1,2076,07,10,0.0,33.44408,11.54942,2076
22472,r6i1p1f1,2076,07,11,0.0,34.8097,12.95008,2076
22473,r6i1p1f1,2076,07,12,0.0,34.768505,13.269694,2076
22474,r6i1p1f1,2076,07,13,0.0,34.535423,13.312719,2076
22475,r6i1p1f1,2076,07,14,0.0,34.394447,13.347404,2076
22476,r6i1p1f1,2076,07,15,0.0,35.954445,13.78047,2076
22477,r6i1p1f1,2076,07,16,0.0,37.366234,15.211675,2076
22478,r6i1p1f1,2076,07,17,0.0,37.280933,15.11018,2076
22479,r6i1p1f1,2076,07,18,0.0,35.498158,13.4635515,2076
22480,r6i1p1f1,2076,07,19,0.0,35.23968,13.096091,2076
22481,r6i1p1f1,2076,07,20,0.0,35.197998,13.222666,2076
22482,r6i1p1f1,2076,07,21,0.0,35.351643,14.00766,2076
22483,r6i1p1f1,2076,07,22,0.0,35.776657,14.870634,2076
22484,r6i1p1f1,2076,07,23,0.0,35.5391,13.611116,2076
22485,r6i1p1f1,2076,07,24,0.0,34.47767,13.306696,2076
22486,r6i1p1f1,2076,07,25,0.0,34.50911,14.173722,2076
22487,r6i1p1f1,2076,07,26,0.0,34.247932,13.049397,2076
22488,r6i1p1f1,2076,07,27,0.0,34.331505,13.505163,2076
22489,r6i1p1f1,2076,07,28,0.0,33.596935,11.844167,2076
22490,r6i1p1f1,2076,07,29,0.0,34.321213,12.173932,2076
22491,r6i1p1f1,2076,07,30,0.0,35.075737,13.070987,2076
22492,r6i1p1f1,2076,07,31,0.0,35.069798,13.237631,2076
22493,r6i1p1f1,2076,08,01,0.0,34.72115,13.316582,2076
22494,r6i1p1f1,2076,08,02,0.0,33.337536,11.710495,2076
22495,r6i1p1f1,2076,08,03,0.0,32.075317,11.604041,2076
22496,r6i1p1f1,2076,08,04,0.0,34.10841,12.916817,2076
22497,r6i1p1f1,2076,08,05,0.0,34.915592,13.689463,2076
22498,r6i1p1f1,2076,08,06,0.0,34.95516,14.330888,2076
22499,r6i1p1f1,2076,08,07,0.0649884436120872,35.035084,14.052976,2076
22500,r6i1p1f1,2076,08,08,0.0,34.289665,13.64257,2076
22501,r6i1p1f1,2076,08,09,0.0,34.245502,13.964956,2076
22502,r6i1p1f1,2076,08,10,0.0,34.901955,13.498006,2076
22503,r6i1p1f1,2076,08,11,0.0,35.385155,13.424137,2076
22504,r6i1p1f1,2076,08,12,0.0,35.77064,15.50615,2076
22505,r6i1p1f1,2076,08,13,0.0,36.176655,15.329359,2076
22506,r6i1p1f1,2076,08,14,0.0,35.177948,14.393828,2076
22507,r6i1p1f1,2076,08,15,0.08830185730915523,34.622276,14.242274,2076
22508,r6i1p1f1,2076,08,16,6.539877112145049,35.17105,14.460795,2076
22509,r6i1p1f1,2076,08,17,18.9407334494713,33.84486,13.811859,2076
22510,r6i1p1f1,2076,08,18,4.661984890047506,32.2736,13.405323,2076
22511,r6i1p1f1,2076,08,19,0.17550748127595014,31.590994,12.972865,2076
22512,r6i1p1f1,2076,08,20,0.07261975313649319,30.848177,11.470811,2076
22513,r6i1p1f1,2076,08,21,0.004947898801115196,28.088585,9.544692,2076
22514,r6i1p1f1,2076,08,22,0.0,30.241644,10.91605,2076
22515,r6i1p1f1,2076,08,23,0.0,33.3134,13.443638,2076
22516,r6i1p1f1,2076,08,24,0.0,33.287476,13.182436,2076
22517,r6i1p1f1,2076,08,25,0.0,32.346138,12.589308,2076
22518,r6i1p1f1,2076,08,26,0.0,31.923841,11.608229,2076
22519,r6i1p1f1,2076,08,27,0.0,29.891527,10.887436,2076
22520,r6i1p1f1,2076,08,28,2.6658569591309584,31.037483,10.697182,2076
22521,r6i1p1f1,2076,08,29,2.7541054180027564,31.497387,10.603274,2076
22522,r6i1p1f1,2076,08,30,10.416518180301148,29.978788,9.072919,2076
22523,r6i1p1f1,2076,08,31,0.3285024089463967,26.775114,7.1251364,2076
22524,r6i1p1f1,2076,09,01,0.0,26.570536,9.127955,2076
22525,r6i1p1f1,2076,09,02,0.0,28.313337,9.827803,2076
22526,r6i1p1f1,2076,09,03,0.0,29.274624,10.834014,2076
22527,r6i1p1f1,2076,09,04,0.0,29.8479,10.908444,2076
22528,r6i1p1f1,2076,09,05,0.0,30.83435,11.743554,2076
22529,r6i1p1f1,2076,09,06,0.0,31.601545,12.124433,2076
22530,r6i1p1f1,2076,09,07,0.0,32.1793,11.681707,2076
22531,r6i1p1f1,2076,09,08,0.0,32.124783,13.339846,2076
22532,r6i1p1f1,2076,09,09,0.0,33.402378,13.578213,2076
22533,r6i1p1f1,2076,09,10,0.0,34.97355,13.897695,2076
22534,r6i1p1f1,2076,09,11,0.0,33.842876,13.29542,2076
22535,r6i1p1f1,2076,09,12,0.0,32.901165,14.344371,2076
22536,r6i1p1f1,2076,09,13,0.0,33.706295,13.815702,2076
22537,r6i1p1f1,2076,09,14,0.0,33.381847,13.123415,2076
22538,r6i1p1f1,2076,09,15,0.0,31.865562,12.0798025,2076
22539,r6i1p1f1,2076,09,16,0.0,32.072727,10.899852,2076
22540,r6i1p1f1,2076,09,17,0.07270150119889869,33.482468,13.342999,2076
22541,r6i1p1f1,2076,09,18,0.4740601710574374,33.791386,16.684242,2076
22542,r6i1p1f1,2076,09,19,3.157541680589387,26.758898,10.6146755,2076
22543,r6i1p1f1,2076,09,20,5.275148059154512,20.992636,6.57089,2076
22544,r6i1p1f1,2076,09,21,2.8026471156711015,20.66676,7.5858493,2076
22545,r6i1p1f1,2076,09,22,0.018992102695920193,24.988869,7.659307,2076
22546,r6i1p1f1,2076,09,23,0.0,26.591131,9.612886,2076
22547,r6i1p1f1,2076,09,24,0.04651844643359035,28.7846,9.529486,2076
22548,r6i1p1f1,2076,09,25,0.0,32.489407,12.652232,2076
22549,r6i1p1f1,2076,09,26,0.0,33.410706,13.134303,2076
22550,r6i1p1f1,2076,09,27,0.0,33.36303,13.909542,2076
22551,r6i1p1f1,2076,09,28,0.0,32.54349,13.178873,2076
22552,r6i1p1f1,2076,09,29,2.0643942600608005,30.926517,12.489311,2076
22553,r6i1p1f1,2076,09,30,1.7506646989512158,26.607254,9.647189,2076
22554,r6i1p1f1,2076,10,01,9.71466307431019,19.062857,5.292165,2076
22555,r6i1p1f1,2076,10,02,0.0,17.933233,3.7447045,2076
22556,r6i1p1f1,2076,10,03,0.0,25.427837,6.840476,2076
22557,r6i1p1f1,2076,10,04,0.0,30.048346,12.470751,2076
22558,r6i1p1f1,2076,10,05,0.0,30.993753,11.649963,2076
22559,r6i1p1f1,2076,10,06,0.0,30.718023,11.583313,2076
22560,r6i1p1f1,2076,10,07,0.0,29.972559,10.882911,2076
22561,r6i1p1f1,2076,10,08,0.0,28.629164,10.151378,2076
22562,r6i1p1f1,2076,10,09,0.0006516610662602705,28.886435,10.834017,2076
22563,r6i1p1f1,2076,10,10,0.0,27.714922,8.954482,2076
22564,r6i1p1f1,2076,10,11,0.018879354856500153,26.083931,6.768136,2076
22565,r6i1p1f1,2076,10,12,0.0,23.792019,5.6571317,2076
22566,r6i1p1f1,2076,10,13,0.0,22.69804,5.960327,2076
22567,r6i1p1f1,2076,10,14,0.0,21.643812,5.6252813,2076
22568,r6i1p1f1,2076,10,15,0.0,22.874918,5.7673407,2076
22569,r6i1p1f1,2076,10,16,0.0,22.979666,3.2959714,2076
22570,r6i1p1f1,2076,10,17,0.0,21.231264,1.3421434,2076
22571,r6i1p1f1,2076,10,18,0.0,24.562431,4.0955963,2076
22572,r6i1p1f1,2076,10,19,0.0,26.77639,6.495551,2076
22573,r6i1p1f1,2076,10,20,0.0,26.791553,7.6953354,2076
22574,r6i1p1f1,2076,10,21,0.0,27.441454,7.3634753,2076
22575,r6i1p1f1,2076,10,22,0.0,28.08277,7.99475,2076
22576,r6i1p1f1,2076,10,23,0.0,27.110765,7.216218,2076
22577,r6i1p1f1,2076,10,24,0.0,23.346199,4.57427,2076
22578,r6i1p1f1,2076,10,25,0.0,21.326138,5.0720935,2076
22579,r6i1p1f1,2076,10,26,20.480847617618817,17.091671,4.8954077,2076
22580,r6i1p1f1,2076,10,27,0.9761284177162094,15.581498,2.6507733,2076
22581,r6i1p1f1,2076,10,28,0.0,17.484177,1.828434,2076
22582,r6i1p1f1,2076,10,29,0.0,16.999237,2.2267494,2076
22583,r6i1p1f1,2076,10,30,0.00043919599052062654,16.521858,0.70796794,2076
22584,r6i1p1f1,2076,10,31,0.0055612120461286324,20.81242,5.9626,2076
22585,r6i1p1f1,2076,11,01,0.3454199357069722,19.981632,4.9787564,2076
22586,r6i1p1f1,2076,11,02,0.2817327327562391,11.140838,1.1953626,2076
22587,r6i1p1f1,2076,11,03,0.0007137657860707131,11.031297,-3.103576,2076
22588,r6i1p1f1,2076,11,04,0.0,13.330179,-2.4980226,2076
22589,r6i1p1f1,2076,11,05,0.0,16.178581,-0.87066966,2076
22590,r6i1p1f1,2076,11,06,0.0,16.652498,0.51732767,2076
22591,r6i1p1f1,2076,11,07,0.0,14.533431,2.8915067,2076
22592,r6i1p1f1,2076,11,08,0.0,15.664674,0.660783,2076
22593,r6i1p1f1,2076,11,09,0.0,18.714115,0.028137436,2076
22594,r6i1p1f1,2076,11,10,0.0,19.494186,0.9917192,2076
22595,r6i1p1f1,2076,11,11,0.0,20.864754,3.3675082,2076
22596,r6i1p1f1,2076,11,12,0.0,21.221672,4.1688204,2076
22597,r6i1p1f1,2076,11,13,0.0,20.77958,3.6004403,2076
22598,r6i1p1f1,2076,11,14,0.006997266624464824,18.734713,4.447218,2076
22599,r6i1p1f1,2076,11,15,0.013882708172042586,18.311586,1.0928432,2076
22600,r6i1p1f1,2076,11,16,0.3465594570540934,17.243626,2.1281438,2076
22601,r6i1p1f1,2076,11,17,0.14740674433144163,11.151163,-1.7616647,2076
22602,r6i1p1f1,2076,11,18,0.0,13.093699,-3.2748606,2076
22603,r6i1p1f1,2076,11,19,0.0,14.911452,-0.20206282,2076
22604,r6i1p1f1,2076,11,20,0.0,15.904636,0.7017014,2076
22605,r6i1p1f1,2076,11,21,0.0,14.752727,4.068415,2076
22606,r6i1p1f1,2076,11,22,0.0,20.525394,0.35610732,2076
22607,r6i1p1f1,2076,11,23,0.0,20.265762,2.5942118,2076
22608,r6i1p1f1,2076,11,24,0.04348391173314649,17.061935,3.164692,2076
22609,r6i1p1f1,2076,11,25,0.693023622979992,10.93615,4.4984174,2076
22610,r6i1p1f1,2076,11,26,13.078418331928695,11.870271,3.5291564,2076
22611,r6i1p1f1,2076,11,27,11.642231213271636,9.144719,-2.445171,2076
22612,r6i1p1f1,2076,11,28,0.0,8.650916,-6.326291,2076
22613,r6i1p1f1,2076,11,29,5.436625897738717,6.7666755,-4.63515,2076
22614,r6i1p1f1,2076,11,30,3.109683325555621,4.6061077,-4.2407246,2076
22615,r6i1p1f1,2076,12,01,0.46939113684476347,2.2300885,-7.6974463,2076
22616,r6i1p1f1,2076,12,02,0.0,4.398632,-10.01569,2076
22617,r6i1p1f1,2076,12,03,0.0,6.321267,-7.113154,2076
22618,r6i1p1f1,2076,12,04,0.08939825457930725,4.5812325,-6.209997,2076
22619,r6i1p1f1,2076,12,05,7.245537842717718,2.421972,-4.5476484,2076
22620,r6i1p1f1,2076,12,06,5.0818575924730505,5.8798003,-3.1749694,2076
22621,r6i1p1f1,2076,12,07,0.0036054015068017753,9.403768,2.3138878,2076
22622,r6i1p1f1,2076,12,08,0.0,10.41191,-4.2114806,2076
22623,r6i1p1f1,2076,12,09,0.0,10.480636,-4.885062,2076
22624,r6i1p1f1,2076,12,10,0.0,9.139981,-5.829283,2076
22625,r6i1p1f1,2076,12,11,1.5041241768884508,4.0604725,-6.2005196,2076
22626,r6i1p1f1,2076,12,12,15.724454072385207,2.6220999,-7.351815,2076
22627,r6i1p1f1,2076,12,13,79.36112332149827,13.819202,-1.2425345,2076
22628,r6i1p1f1,2076,12,14,25.613022307405632,12.889532,-0.2813046,2076
22629,r6i1p1f1,2076,12,15,18.73410083810532,3.4439476,-4.5896688,2076
22630,r6i1p1f1,2076,12,16,0.8329157022737266,-0.028981995,-4.449966,2076
22631,r6i1p1f1,2076,12,17,12.322026636809143,2.8085136,-5.8289256,2076
22632,r6i1p1f1,2076,12,18,5.767008926999501,6.8116493,-3.6338751,2076
22633,r6i1p1f1,2076,12,19,0.8709978122270182,9.137963,0.6418482,2076
22634,r6i1p1f1,2076,12,20,0.7446477987981563,8.122767,1.2975175,2076
22635,r6i1p1f1,2076,12,21,0.32135208839220253,7.4243402,-6.4531803,2076
22636,r6i1p1f1,2076,12,22,0.16507769278503562,-0.15076844,-13.22682,2076
22637,r6i1p1f1,2076,12,23,0.0,-3.3989413,-15.80859,2076
22638,r6i1p1f1,2076,12,24,0.0,1.2173812,-12.736706,2076
22639,r6i1p1f1,2076,12,25,0.0,2.2167432,-11.277573,2076
22640,r6i1p1f1,2076,12,26,0.0,3.6987474,-10.965725,2076
22641,r6i1p1f1,2076,12,27,0.0,2.1965778,-11.167872,2076
22642,r6i1p1f1,2076,12,28,0.0,4.842499,-10.001389,2076
22643,r6i1p1f1,2076,12,29,0.0,4.8701186,-9.372369,2076
22644,r6i1p1f1,2076,12,30,0.23232548483862536,1.2151539,-5.545136,2076
22645,r6i1p1f1,2076,12,31,5.233084689991825,-0.43270516,-5.166606,2076
22646,r6i1p1f1,2077,01,01,10.564846404403038,0.098742075,-7.9694586,2077
22647,r6i1p1f1,2077,01,02,16.701401939538936,1.6069338,-6.4325294,2077
22648,r6i1p1f1,2077,01,03,40.28640619265796,7.141796,-3.930195,2077
22649,r6i1p1f1,2077,01,04,16.995173735360346,7.046961,-6.523094,2077
22650,r6i1p1f1,2077,01,05,1.7543770644550811,5.077849,-2.447605,2077
22651,r6i1p1f1,2077,01,06,44.299904090101734,6.8636255,-3.4755268,2077
22652,r6i1p1f1,2077,01,07,15.781424379167072,3.5030513,-3.9106803,2077
22653,r6i1p1f1,2077,01,08,0.24986754128410282,3.400316,-3.570279,2077
22654,r6i1p1f1,2077,01,09,0.883597229866007,4.8573637,-4.1123166,2077
22655,r6i1p1f1,2077,01,10,0.0,5.286458,-7.840276,2077
22656,r6i1p1f1,2077,01,11,0.0,5.554182,-6.9364576,2077
22657,r6i1p1f1,2077,01,12,22.682012400698397,2.8641853,-2.9457405,2077
22658,r6i1p1f1,2077,01,13,33.31070661061094,10.435197,-0.6979542,2077
22659,r6i1p1f1,2077,01,14,0.0,11.970644,2.1310277,2077
22660,r6i1p1f1,2077,01,15,0.999621267390939,12.135063,5.0225167,2077
22661,r6i1p1f1,2077,01,16,0.0,17.733515,3.741315,2077
22662,r6i1p1f1,2077,01,17,8.062324213523086e-05,21.348553,5.908819,2077
22663,r6i1p1f1,2077,01,18,0.0,21.630058,7.5889015,2077
22664,r6i1p1f1,2077,01,19,0.0,20.132633,5.225745,2077
22665,r6i1p1f1,2077,01,20,0.0,21.110138,5.5968504,2077
22666,r6i1p1f1,2077,01,21,0.0,20.718603,6.9660854,2077
22667,r6i1p1f1,2077,01,22,0.0,21.016,6.7127647,2077
22668,r6i1p1f1,2077,01,23,0.0,20.168896,5.572005,2077
22669,r6i1p1f1,2077,01,24,0.3795092185420511,16.372368,5.3165536,2077
22670,r6i1p1f1,2077,01,25,8.691693482911605,13.814148,7.708922,2077
22671,r6i1p1f1,2077,01,26,0.0028122671863759427,17.188734,8.298773,2077
22672,r6i1p1f1,2077,01,27,0.0,17.67422,4.8556895,2077
22673,r6i1p1f1,2077,01,28,0.0,17.916723,2.899516,2077
22674,r6i1p1f1,2077,01,29,0.0,17.51729,5.054505,2077
22675,r6i1p1f1,2077,01,30,0.6728560732922139,14.81145,5.578844,2077
22676,r6i1p1f1,2077,01,31,0.0,18.35241,5.8634515,2077
22677,r6i1p1f1,2077,02,01,0.0,19.898548,4.8354764,2077
22678,r6i1p1f1,2077,02,02,0.0,19.86512,4.1618752,2077
22679,r6i1p1f1,2077,02,03,0.0,19.356863,3.1360867,2077
22680,r6i1p1f1,2077,02,04,0.0,15.868007,2.3583577,2077
22681,r6i1p1f1,2077,02,05,2.3875953763645024,14.826334,4.4111147,2077
22682,r6i1p1f1,2077,02,06,11.63057961015018,13.659547,4.546499,2077
22683,r6i1p1f1,2077,02,07,20.477895344280824,10.501094,3.52598,2077
22684,r6i1p1f1,2077,02,08,4.992384232224667,9.574826,-3.4746335,2077
22685,r6i1p1f1,2077,02,09,0.006919059192364561,7.1734138,-5.325246,2077
22686,r6i1p1f1,2077,02,10,8.527781011405153,6.1388283,-5.3522267,2077
22687,r6i1p1f1,2077,02,11,16.808838497791694,7.324953,-0.3213368,2077
22688,r6i1p1f1,2077,02,12,23.269948933636552,5.727219,-3.4190028,2077
22689,r6i1p1f1,2077,02,13,0.064791402257698,3.7293713,-3.5232882,2077
22690,r6i1p1f1,2077,02,14,1.8588995653440623,2.6163263,-3.5633998,2077
22691,r6i1p1f1,2077,02,15,0.6659310733829273,5.970718,-2.5767963,2077
22692,r6i1p1f1,2077,02,16,0.0,12.404369,-4.7081604,2077
22693,r6i1p1f1,2077,02,17,0.0,13.627671,-2.964692,2077
22694,r6i1p1f1,2077,02,18,0.0,12.917033,-1.3067122,2077
22695,r6i1p1f1,2077,02,19,0.0,12.3655,2.025833,2077
22696,r6i1p1f1,2077,02,20,0.0,15.947,0.4254063,2077
22697,r6i1p1f1,2077,02,21,0.2071785044623181,15.492763,2.849109,2077
22698,r6i1p1f1,2077,02,22,0.0,14.180556,-0.51957256,2077
22699,r6i1p1f1,2077,02,23,0.0,11.185819,-1.8928224,2077
22700,r6i1p1f1,2077,02,24,0.0,10.366682,-4.7233415,2077
22701,r6i1p1f1,2077,02,25,0.0,15.084899,0.20847544,2077
22702,r6i1p1f1,2077,02,26,0.0,18.65166,4.7295294,2077
22703,r6i1p1f1,2077,02,27,0.0,19.660007,5.6059947,2077
22704,r6i1p1f1,2077,02,28,0.0,19.493305,5.1112213,2077
22705,r6i1p1f1,2077,03,01,0.0,20.88767,2.383835,2077
22706,r6i1p1f1,2077,03,02,0.0,21.460094,2.202537,2077
22707,r6i1p1f1,2077,03,03,0.5165147360690279,18.97665,1.4849627,2077
22708,r6i1p1f1,2077,03,04,9.846250270487738,9.943071,-4.7531896,2077
22709,r6i1p1f1,2077,03,05,0.023474140326805584,9.064583,-1.8188534,2077
22710,r6i1p1f1,2077,03,06,0.0,9.644159,-3.2732456,2077
22711,r6i1p1f1,2077,03,07,2.7265222508117977,8.248799,0.8581247,2077
22712,r6i1p1f1,2077,03,08,0.0,13.37888,-3.1477208,2077
22713,r6i1p1f1,2077,03,09,4.004200625684146,9.938414,-0.8796391,2077
22714,r6i1p1f1,2077,03,10,0.03690890811692822,21.16906,2.7023978,2077
22715,r6i1p1f1,2077,03,11,1.0481666893740267,18.032745,4.000567,2077
22716,r6i1p1f1,2077,03,12,5.672995291976932,11.570287,4.8431125,2077
22717,r6i1p1f1,2077,03,13,0.0,17.36715,0.48536396,2077
22718,r6i1p1f1,2077,03,14,1.1535941202097546,16.104275,2.060903,2077
22719,r6i1p1f1,2077,03,15,0.2965644885529267,12.473198,-0.93160903,2077
22720,r6i1p1f1,2077,03,16,0.0,11.249256,0.17331387,2077
22721,r6i1p1f1,2077,03,17,0.027078753205744613,13.450574,1.3059179,2077
22722,r6i1p1f1,2077,03,18,0.0,14.603502,0.2375756,2077
22723,r6i1p1f1,2077,03,19,0.0,15.7542715,-0.39968246,2077
22724,r6i1p1f1,2077,03,20,0.0,18.362717,-0.9928534,2077
22725,r6i1p1f1,2077,03,21,0.0,18.401423,1.9573127,2077
22726,r6i1p1f1,2077,03,22,0.0,18.679329,2.559717,2077
22727,r6i1p1f1,2077,03,23,0.0,20.289282,2.4391487,2077
22728,r6i1p1f1,2077,03,24,0.0,20.720842,4.471267,2077
22729,r6i1p1f1,2077,03,25,0.2663377543528656,14.481933,-0.9005618,2077
22730,r6i1p1f1,2077,03,26,0.012826309193818313,11.935543,0.7982715,2077
22731,r6i1p1f1,2077,03,27,0.0,16.422234,-2.2422185,2077
22732,r6i1p1f1,2077,03,28,0.0,23.545074,2.7347546,2077
22733,r6i1p1f1,2077,03,29,0.10373206589492172,22.053843,3.689903,2077
22734,r6i1p1f1,2077,03,30,3.131028213786102,11.302458,-1.4964479,2077
22735,r6i1p1f1,2077,03,31,0.011850480823652164,14.121456,-1.2849094,2077
22736,r6i1p1f1,2077,04,01,0.007775936035299001,10.916365,-0.88792926,2077
22737,r6i1p1f1,2077,04,02,0.0,11.441356,-0.63991266,2077
22738,r6i1p1f1,2077,04,03,2.333790108569589,7.8905144,1.3055956,2077
22739,r6i1p1f1,2077,04,04,0.0,16.21135,-2.7054698,2077
22740,r6i1p1f1,2077,04,05,0.0,22.377234,1.8227938,2077
22741,r6i1p1f1,2077,04,06,0.0,27.562874,7.4713984,2077
22742,r6i1p1f1,2077,04,07,0.0,28.266163,8.766041,2077
22743,r6i1p1f1,2077,04,08,0.0,28.490116,8.82704,2077
22744,r6i1p1f1,2077,04,09,0.0,26.610079,7.648369,2077
22745,r6i1p1f1,2077,04,10,0.029890371469060532,22.192429,3.4982383,2077
22746,r6i1p1f1,2077,04,11,0.014487371347791838,19.79575,1.9223236,2077
22747,r6i1p1f1,2077,04,12,0.03179967021562143,17.17247,-1.4082005,2077
22748,r6i1p1f1,2077,04,13,0.0,14.87755,-1.048259,2077
22749,r6i1p1f1,2077,04,14,1.8686218430431472,11.150974,-4.2933674,2077
22750,r6i1p1f1,2077,04,15,0.12201748487648958,13.393931,-0.4025734,2077
22751,r6i1p1f1,2077,04,16,0.0,17.977636,-0.11407004,2077
22752,r6i1p1f1,2077,04,17,0.0,19.359076,1.1049705,2077
22753,r6i1p1f1,2077,04,18,0.0,20.608404,3.002748,2077
22754,r6i1p1f1,2077,04,19,0.0,21.238201,4.229038,2077
22755,r6i1p1f1,2077,04,20,0.0,21.398445,3.55916,2077
22756,r6i1p1f1,2077,04,21,0.0,21.37685,2.9126995,2077
22757,r6i1p1f1,2077,04,22,0.09504247609448019,20.702448,3.6153793,2077
22758,r6i1p1f1,2077,04,23,19.369177332235555,13.759013,-3.3792715,2077
22759,r6i1p1f1,2077,04,24,0.06040376146168048,11.26702,-2.6722205,2077
22760,r6i1p1f1,2077,04,25,0.6036579098969245,12.703859,-1.7202595,2077
22761,r6i1p1f1,2077,04,26,12.340518840945652,10.471986,-4.396601,2077
22762,r6i1p1f1,2077,04,27,1.974378951653643,10.483404,-3.1886568,2077
22763,r6i1p1f1,2077,04,28,3.528681032331974e-05,17.768103,-0.0699214,2077
22764,r6i1p1f1,2077,04,29,0.0,18.029623,1.7194972,2077
22765,r6i1p1f1,2077,04,30,0.0032417930016530065,18.346222,1.5954857,2077
22766,r6i1p1f1,2077,05,01,0.0,20.194344,3.5870376,2077
22767,r6i1p1f1,2077,05,02,0.0,20.053337,1.4306254,2077
22768,r6i1p1f1,2077,05,03,0.0,23.037956,2.8123047,2077
22769,r6i1p1f1,2077,05,04,0.0,22.310984,5.3223467,2077
22770,r6i1p1f1,2077,05,05,0.0,23.442633,4.6041923,2077
22771,r6i1p1f1,2077,05,06,0.0,27.550652,6.6656966,2077
22772,r6i1p1f1,2077,05,07,0.0,28.401527,9.482423,2077
22773,r6i1p1f1,2077,05,08,0.0,28.111683,8.982544,2077
22774,r6i1p1f1,2077,05,09,0.0014384090486652093,25.558788,6.972087,2077
22775,r6i1p1f1,2077,05,10,0.4970656387408253,15.279995,-0.93321174,2077
22776,r6i1p1f1,2077,05,11,0.0,22.312866,4.238806,2077
22777,r6i1p1f1,2077,05,12,0.0,22.88602,6.3899174,2077
22778,r6i1p1f1,2077,05,13,3.093773752879738,14.40803,-3.6176999,2077
22779,r6i1p1f1,2077,05,14,0.3144764354258704,15.841535,-0.9122892,2077
22780,r6i1p1f1,2077,05,15,0.0,21.166086,1.7745821,2077
22781,r6i1p1f1,2077,05,16,0.0,28.093891,6.8975863,2077
22782,r6i1p1f1,2077,05,17,0.0,31.101212,9.837304,2077
22783,r6i1p1f1,2077,05,18,0.0,34.252026,12.489516,2077
22784,r6i1p1f1,2077,05,19,0.0,36.026054,14.378772,2077
22785,r6i1p1f1,2077,05,20,0.0,35.00848,14.109788,2077
22786,r6i1p1f1,2077,05,21,0.0,33.54598,12.641479,2077
22787,r6i1p1f1,2077,05,22,0.0,32.8616,11.583866,2077
22788,r6i1p1f1,2077,05,23,0.0,33.245377,13.423292,2077
22789,r6i1p1f1,2077,05,24,0.24216902202461538,32.74656,12.2606,2077
22790,r6i1p1f1,2077,05,25,0.19111039801706145,29.488146,11.735994,2077
22791,r6i1p1f1,2077,05,26,3.0309974752640363,25.037455,7.7358356,2077
22792,r6i1p1f1,2077,05,27,0.027060752668992164,30.298862,11.869235,2077
22793,r6i1p1f1,2077,05,28,0.0,31.657032,12.453273,2077
22794,r6i1p1f1,2077,05,29,0.0,29.982363,12.41586,2077
22795,r6i1p1f1,2077,05,30,1.1769791456116945,27.235966,8.7942095,2077
22796,r6i1p1f1,2077,05,31,2.1680760013142453,22.193913,3.5582604,2077
22797,r6i1p1f1,2077,06,01,3.9118468802960993,18.157785,0.863782,2077
22798,r6i1p1f1,2077,06,02,0.0,24.10212,6.4510593,2077
22799,r6i1p1f1,2077,06,03,0.6365967510364503,22.908731,7.0088644,2077
22800,r6i1p1f1,2077,06,04,0.12310375071350395,21.360933,11.145252,2077
22801,r6i1p1f1,2077,06,05,0.0,22.205702,7.3209047,2077
22802,r6i1p1f1,2077,06,06,0.0,24.037643,5.4042344,2077
22803,r6i1p1f1,2077,06,07,0.0,27.975267,8.13215,2077
22804,r6i1p1f1,2077,06,08,0.0,28.5468,9.171159,2077
22805,r6i1p1f1,2077,06,09,0.05175933257358572,25.035923,10.984858,2077
22806,r6i1p1f1,2077,06,10,15.393366537963173,20.571796,3.737114,2077
22807,r6i1p1f1,2077,06,11,5.411313728534184,14.191299,-3.2921796,2077
22808,r6i1p1f1,2077,06,12,1.9929483891919255,16.31727,1.6605526,2077
22809,r6i1p1f1,2077,06,13,0.0,22.410194,3.2622302,2077
22810,r6i1p1f1,2077,06,14,0.1366952323096455,20.503876,2.4443083,2077
22811,r6i1p1f1,2077,06,15,0.0,21.798817,2.4863648,2077
22812,r6i1p1f1,2077,06,16,0.0,30.242678,10.29408,2077
22813,r6i1p1f1,2077,06,17,0.0,33.80339,15.348348,2077
22814,r6i1p1f1,2077,06,18,0.0,34.05625,13.235939,2077
22815,r6i1p1f1,2077,06,19,0.0,33.58857,13.018397,2077
22816,r6i1p1f1,2077,06,20,0.0,31.447916,12.095283,2077
22817,r6i1p1f1,2077,06,21,0.0,29.81363,9.242523,2077
22818,r6i1p1f1,2077,06,22,0.6997423168707295,27.579578,8.569928,2077
22819,r6i1p1f1,2077,06,23,0.0,27.6739,9.019985,2077
22820,r6i1p1f1,2077,06,24,0.0,29.733633,10.401763,2077
22821,r6i1p1f1,2077,06,25,0.0,31.424444,11.199683,2077
22822,r6i1p1f1,2077,06,26,0.0,32.566727,12.014247,2077
22823,r6i1p1f1,2077,06,27,0.0,33.239487,13.409516,2077
22824,r6i1p1f1,2077,06,28,0.0,34.99187,15.254383,2077
22825,r6i1p1f1,2077,06,29,0.0,36.204067,15.396412,2077
22826,r6i1p1f1,2077,06,30,0.0,35.99141,15.253058,2077
22827,r6i1p1f1,2077,07,01,0.0,37.76575,15.861894,2077
22828,r6i1p1f1,2077,07,02,0.12581747110011823,37.45939,16.377241,2077
22829,r6i1p1f1,2077,07,03,0.0,33.28708,11.678963,2077
22830,r6i1p1f1,2077,07,04,0.0,33.38856,11.008459,2077
22831,r6i1p1f1,2077,07,05,0.0,33.224224,11.909849,2077
22832,r6i1p1f1,2077,07,06,0.0,34.77751,12.9755,2077
22833,r6i1p1f1,2077,07,07,0.0,35.55181,12.849464,2077
22834,r6i1p1f1,2077,07,08,0.0,35.552715,14.933391,2077
22835,r6i1p1f1,2077,07,09,0.282036762105797,33.780243,14.64548,2077
22836,r6i1p1f1,2077,07,10,0.0,34.554142,12.812068,2077
22837,r6i1p1f1,2077,07,11,0.0,35.778038,14.687144,2077
22838,r6i1p1f1,2077,07,12,0.0,36.57445,15.403566,2077
22839,r6i1p1f1,2077,07,13,0.005547931842293883,37.215282,16.64141,2077
22840,r6i1p1f1,2077,07,14,0.0,36.62347,15.387503,2077
22841,r6i1p1f1,2077,07,15,0.0,35.865883,14.760911,2077
22842,r6i1p1f1,2077,07,16,0.0,36.5469,15.142924,2077
22843,r6i1p1f1,2077,07,17,0.0,37.55996,15.661106,2077
22844,r6i1p1f1,2077,07,18,0.0,38.224888,15.7459345,2077
22845,r6i1p1f1,2077,07,19,0.0,38.41633,15.765382,2077
22846,r6i1p1f1,2077,07,20,0.0,38.652706,16.619942,2077
22847,r6i1p1f1,2077,07,21,0.0,37.03557,14.647852,2077
22848,r6i1p1f1,2077,07,22,0.0,33.223866,12.075508,2077
22849,r6i1p1f1,2077,07,23,0.0,30.920177,10.863893,2077
22850,r6i1p1f1,2077,07,24,0.0,29.814318,10.502039,2077
22851,r6i1p1f1,2077,07,25,0.0,33.772675,11.566003,2077
22852,r6i1p1f1,2077,07,26,0.01252566312488521,33.686287,13.436072,2077
22853,r6i1p1f1,2077,07,27,0.0,34.31759,13.49372,2077
22854,r6i1p1f1,2077,07,28,0.0,33.8913,12.949145,2077
22855,r6i1p1f1,2077,07,29,0.0,33.90362,12.567476,2077
22856,r6i1p1f1,2077,07,30,0.0,35.314793,14.115966,2077
22857,r6i1p1f1,2077,07,31,0.0,36.511528,15.079218,2077
22858,r6i1p1f1,2077,08,01,0.0,37.69126,15.49972,2077
22859,r6i1p1f1,2077,08,02,0.14287154679454192,38.127865,15.732177,2077
22860,r6i1p1f1,2077,08,03,0.008887762703695387,37.26152,16.160955,2077
22861,r6i1p1f1,2077,08,04,0.0,36.74715,15.544021,2077
22862,r6i1p1f1,2077,08,05,0.0,36.53505,16.225157,2077
22863,r6i1p1f1,2077,08,06,0.28984170582729285,36.956818,16.47305,2077
22864,r6i1p1f1,2077,08,07,0.05238398872667899,35.96302,14.763554,2077
22865,r6i1p1f1,2077,08,08,9.388017846084235e-05,35.605717,15.018107,2077
22866,r6i1p1f1,2077,08,09,0.0,34.822643,15.155108,2077
22867,r6i1p1f1,2077,08,10,0.0,36.18135,14.924828,2077
22868,r6i1p1f1,2077,08,11,0.0,37.330288,14.804885,2077
22869,r6i1p1f1,2077,08,12,0.0,37.196705,14.902927,2077
22870,r6i1p1f1,2077,08,13,0.0,35.783146,13.815228,2077
22871,r6i1p1f1,2077,08,14,0.0,34.572357,13.393706,2077
22872,r6i1p1f1,2077,08,15,0.0,34.339996,13.2642,2077
22873,r6i1p1f1,2077,08,16,0.0,34.15093,12.991975,2077
22874,r6i1p1f1,2077,08,17,0.0,32.972355,11.837136,2077
22875,r6i1p1f1,2077,08,18,0.0,33.742374,13.628832,2077
22876,r6i1p1f1,2077,08,19,0.0,35.840755,16.06826,2077
22877,r6i1p1f1,2077,08,20,0.0,35.576225,14.978263,2077
22878,r6i1p1f1,2077,08,21,0.0,34.564365,13.243817,2077
22879,r6i1p1f1,2077,08,22,0.0,33.523247,12.242231,2077
22880,r6i1p1f1,2077,08,23,0.0,33.53064,12.719696,2077
22881,r6i1p1f1,2077,08,24,0.0,33.219425,12.085875,2077
22882,r6i1p1f1,2077,08,25,0.0,32.17735,10.978132,2077
22883,r6i1p1f1,2077,08,26,0.0,31.733522,10.529866,2077
22884,r6i1p1f1,2077,08,27,0.0,31.781435,10.32751,2077
22885,r6i1p1f1,2077,08,28,0.0,32.374485,10.8787985,2077
22886,r6i1p1f1,2077,08,29,0.0,33.328506,12.375174,2077
22887,r6i1p1f1,2077,08,30,0.0,33.86346,12.293177,2077
22888,r6i1p1f1,2077,08,31,0.0,33.398678,11.988083,2077
22889,r6i1p1f1,2077,09,01,0.007898379958166035,31.483038,12.2891445,2077
22890,r6i1p1f1,2077,09,02,0.0,30.433756,10.931796,2077
22891,r6i1p1f1,2077,09,03,0.0022863254856324705,28.266977,9.330741,2077
22892,r6i1p1f1,2077,09,04,0.04897739876559546,25.796873,8.618112,2077
22893,r6i1p1f1,2077,09,05,0.0,28.049389,8.778123,2077
22894,r6i1p1f1,2077,09,06,0.0,30.437227,10.326971,2077
22895,r6i1p1f1,2077,09,07,0.0,31.239933,11.040883,2077
22896,r6i1p1f1,2077,09,08,0.0,32.500214,11.366457,2077
22897,r6i1p1f1,2077,09,09,0.004183975924931383,32.52207,11.197788,2077
22898,r6i1p1f1,2077,09,10,0.0,32.288986,12.217687,2077
22899,r6i1p1f1,2077,09,11,0.0,33.025017,11.57744,2077
22900,r6i1p1f1,2077,09,12,0.0,33.91638,12.646477,2077
22901,r6i1p1f1,2077,09,13,0.0,33.392033,11.837173,2077
22902,r6i1p1f1,2077,09,14,0.6881379182806766,28.558977,7.9061117,2077
22903,r6i1p1f1,2077,09,15,0.0,30.93818,9.194774,2077
22904,r6i1p1f1,2077,09,16,0.0,32.839947,11.71984,2077
22905,r6i1p1f1,2077,09,17,0.0,32.693222,11.868244,2077
22906,r6i1p1f1,2077,09,18,0.0,30.765474,10.865987,2077
22907,r6i1p1f1,2077,09,19,0.0,29.87289,10.494921,2077
22908,r6i1p1f1,2077,09,20,0.0,30.73175,10.5532055,2077
22909,r6i1p1f1,2077,09,21,0.0,32.31956,10.405948,2077
22910,r6i1p1f1,2077,09,22,0.0,33.02865,11.731338,2077
22911,r6i1p1f1,2077,09,23,0.0,30.929228,11.076097,2077
22912,r6i1p1f1,2077,09,24,0.0,30.533249,10.801215,2077
22913,r6i1p1f1,2077,09,25,0.0,27.867205,9.475821,2077
22914,r6i1p1f1,2077,09,26,0.4655708835389524,23.791092,7.730519,2077
22915,r6i1p1f1,2077,09,27,0.06281548109539771,30.149649,10.02253,2077
22916,r6i1p1f1,2077,09,28,0.0,32.291958,12.63518,2077
22917,r6i1p1f1,2077,09,29,0.004207134572365971,32.9587,13.390909,2077
22918,r6i1p1f1,2077,09,30,0.0028397358616342135,33.105927,13.23159,2077
22919,r6i1p1f1,2077,10,01,9.607506134408976e-05,34.314583,14.240563,2077
22920,r6i1p1f1,2077,10,02,0.6721069358562971,31.135094,11.516509,2077
22921,r6i1p1f1,2077,10,03,15.892546246440867,17.438025,5.6241074,2077
22922,r6i1p1f1,2077,10,04,0.050725485751965844,16.757236,-0.6466848,2077
22923,r6i1p1f1,2077,10,05,0.02028798763583915,18.1685,0.87774545,2077
22924,r6i1p1f1,2077,10,06,6.156489672634721,15.120302,3.2896292,2077
22925,r6i1p1f1,2077,10,07,6.363406414227808,12.283999,0.9200388,2077
22926,r6i1p1f1,2077,10,08,0.009975471212899482,17.289309,-1.1864402,2077
22927,r6i1p1f1,2077,10,09,0.0,20.76442,2.9928858,2077
22928,r6i1p1f1,2077,10,10,0.0,24.352362,5.142857,2077
22929,r6i1p1f1,2077,10,11,0.0,29.142199,6.359661,2077
22930,r6i1p1f1,2077,10,12,0.0,28.635506,8.578126,2077
22931,r6i1p1f1,2077,10,13,0.0,27.521082,9.331867,2077
22932,r6i1p1f1,2077,10,14,0.0,26.328735,8.556101,2077
22933,r6i1p1f1,2077,10,15,0.018429317130701728,23.181189,5.0839157,2077
22934,r6i1p1f1,2077,10,16,0.024741436952836676,16.243637,3.2233322,2077
22935,r6i1p1f1,2077,10,17,0.004467507407421626,19.028036,3.9780307,2077
22936,r6i1p1f1,2077,10,18,0.0,22.380348,2.837995,2077
22937,r6i1p1f1,2077,10,19,0.0,24.531334,2.7940621,2077
22938,r6i1p1f1,2077,10,20,0.0,24.44573,5.2008224,2077
22939,r6i1p1f1,2077,10,21,0.01772606595537248,21.019316,5.262562,2077
22940,r6i1p1f1,2077,10,22,0.0,17.844603,3.6104403,2077
22941,r6i1p1f1,2077,10,23,0.0,19.230217,1.660072,2077
22942,r6i1p1f1,2077,10,24,0.0,21.21277,2.2690213,2077
22943,r6i1p1f1,2077,10,25,0.0,19.784628,1.193897,2077
22944,r6i1p1f1,2077,10,26,0.0,17.795815,-0.20731317,2077
22945,r6i1p1f1,2077,10,27,0.0002838224523518093,15.485925,2.757743,2077
22946,r6i1p1f1,2077,10,28,1.9939546596210595e-05,16.089146,4.826737,2077
22947,r6i1p1f1,2077,10,29,0.0107821171155288,24.11465,6.733606,2077
22948,r6i1p1f1,2077,10,30,0.0,25.304115,7.8237386,2077
22949,r6i1p1f1,2077,10,31,0.0,24.191523,6.282206,2077
22950,r6i1p1f1,2077,11,01,0.0,19.842001,3.28172,2077
22951,r6i1p1f1,2077,11,02,0.011364054066720874,17.942385,3.010012,2077
22952,r6i1p1f1,2077,11,03,0.0,18.862041,1.947021,2077
22953,r6i1p1f1,2077,11,04,0.0,20.949692,1.8285059,2077
22954,r6i1p1f1,2077,11,05,0.0,20.895939,3.0673757,2077
22955,r6i1p1f1,2077,11,06,0.0,19.5738,2.697287,2077
22956,r6i1p1f1,2077,11,07,0.0,19.559166,2.9395816,2077
22957,r6i1p1f1,2077,11,08,0.0,19.797234,0.7937853,2077
22958,r6i1p1f1,2077,11,09,0.0,19.866274,1.9812953,2077
22959,r6i1p1f1,2077,11,10,0.0,17.944178,4.549012,2077
22960,r6i1p1f1,2077,11,11,0.9933259020102198,10.964366,-2.3393304,2077
22961,r6i1p1f1,2077,11,12,0.0,16.608217,-1.239131,2077
22962,r6i1p1f1,2077,11,13,0.0,15.750099,0.059187137,2077
22963,r6i1p1f1,2077,11,14,0.0,15.799884,-1.2204596,2077
22964,r6i1p1f1,2077,11,15,0.0,17.791346,-1.3128872,2077
22965,r6i1p1f1,2077,11,16,0.0,18.614445,-0.18972172,2077
22966,r6i1p1f1,2077,11,17,0.0,20.692753,1.9988375,2077
22967,r6i1p1f1,2077,11,18,0.0,19.690516,2.8701448,2077
22968,r6i1p1f1,2077,11,19,0.0,18.088911,0.6632817,2077
22969,r6i1p1f1,2077,11,20,0.0,17.994162,-1.1621592,2077
22970,r6i1p1f1,2077,11,21,0.0,18.241436,-0.91810787,2077
22971,r6i1p1f1,2077,11,22,0.010785234940753735,19.180054,0.16637056,2077
22972,r6i1p1f1,2077,11,23,0.018752073533435124,17.920706,-2.0722382,2077
22973,r6i1p1f1,2077,11,24,13.297244042861472,9.248141,-0.9619697,2077
22974,r6i1p1f1,2077,11,25,9.896531944610869,8.016705,1.6163044,2077
22975,r6i1p1f1,2077,11,26,7.951283249347273,10.039243,0.2163581,2077
22976,r6i1p1f1,2077,11,27,0.01943874484585324,13.542983,0.864988,2077
22977,r6i1p1f1,2077,11,28,38.831217963020016,10.093163,0.4638159,2077
22978,r6i1p1f1,2077,11,29,10.867361176001635,8.232182,-1.8165927,2077
22979,r6i1p1f1,2077,11,30,7.039847704063655,8.329482,-1.8892648,2077
22980,r6i1p1f1,2077,12,01,7.475028463914798,10.151502,1.239846,2077
22981,r6i1p1f1,2077,12,02,8.526945712290818,10.764947,3.4166772,2077
22982,r6i1p1f1,2077,12,03,5.366623086714017,9.585765,-3.7139177,2077
22983,r6i1p1f1,2077,12,04,0.016206565346889384,6.7512455,-5.145558,2077
22984,r6i1p1f1,2077,12,05,0.006685260540687786,6.919326,-5.8876243,2077
22985,r6i1p1f1,2077,12,06,0.0,13.604088,-0.21875632,2077
22986,r6i1p1f1,2077,12,07,0.0,15.88453,3.258703,2077
22987,r6i1p1f1,2077,12,08,0.0,16.32018,2.0934706,2077
22988,r6i1p1f1,2077,12,09,0.0,16.298964,2.730912,2077
22989,r6i1p1f1,2077,12,10,0.0,15.159553,0.8333353,2077
22990,r6i1p1f1,2077,12,11,0.44231825512606143,13.839378,5.1281786,2077
22991,r6i1p1f1,2077,12,12,1.6597467383744693,12.330534,4.392022,2077
22992,r6i1p1f1,2077,12,13,17.827711103616473,9.922994,4.495201,2077
22993,r6i1p1f1,2077,12,14,0.0,11.885338,-1.5696489,2077
22994,r6i1p1f1,2077,12,15,0.04840713826238421,10.288534,-3.6974902,2077
22995,r6i1p1f1,2077,12,16,0.0,9.357057,-4.0907993,2077
22996,r6i1p1f1,2077,12,17,0.4873540872511547,6.353138,-4.9980173,2077
22997,r6i1p1f1,2077,12,18,0.4144152166542843,5.6019254,-1.4920094,2077
22998,r6i1p1f1,2077,12,19,0.012334548956279568,9.11337,0.45165485,2077
22999,r6i1p1f1,2077,12,20,5.809586618628243,6.1832423,-0.9029819,2077
23000,r6i1p1f1,2077,12,21,34.41309673911239,9.112728,-2.4362347,2077
23001,r6i1p1f1,2077,12,22,7.269491995805706,9.141506,0.79678255,2077
23002,r6i1p1f1,2077,12,23,14.06199769628433,7.3064637,-2.7622752,2077
23003,r6i1p1f1,2077,12,24,27.772800771540915,10.041173,0.06802846,2077
23004,r6i1p1f1,2077,12,25,14.54832636882085,9.156783,1.0301698,2077
23005,r6i1p1f1,2077,12,26,19.220139837660415,5.4211435,-1.3556522,2077
23006,r6i1p1f1,2077,12,27,0.03264877788395793,9.586156,-4.2758784,2077
23007,r6i1p1f1,2077,12,28,10.516057101783844,7.8319407,-0.9520512,2077
23008,r6i1p1f1,2077,12,29,0.2655891275749883,11.0863695,2.2360091,2077
23009,r6i1p1f1,2077,12,30,32.88674183312568,9.733561,-0.030198015,2077
23010,r6i1p1f1,2077,12,31,0.11550353763232318,11.784447,4.064628,2077
23011,r6i1p1f1,2078,01,01,5.050305287536398,9.79473,0.14590293,2078
23012,r6i1p1f1,2078,01,02,35.39297671958842,12.32666,2.334001,2078
23013,r6i1p1f1,2078,01,03,16.52391304858121,7.8634753,1.5881426,2078
23014,r6i1p1f1,2078,01,04,56.42650739230337,10.877545,2.6359868,2078
23015,r6i1p1f1,2078,01,05,2.7530013350784945,10.982815,1.0282009,2078
23016,r6i1p1f1,2078,01,06,16.137708660458518,9.058497,0.5479404,2078
23017,r6i1p1f1,2078,01,07,1.3234755523899706,9.8853245,1.5051315,2078
23018,r6i1p1f1,2078,01,08,0.014090021594463863,8.360933,-0.23646869,2078
23019,r6i1p1f1,2078,01,09,4.3764949221468665,7.8428826,1.212095,2078
23020,r6i1p1f1,2078,01,10,11.707840054182288,9.979576,4.0631566,2078
23021,r6i1p1f1,2078,01,11,16.829452361960193,11.283411,5.1843944,2078
23022,r6i1p1f1,2078,01,12,12.021357635981822,9.6080065,0.4058023,2078
23023,r6i1p1f1,2078,01,13,5.30929436290073,7.0967,0.51231366,2078
23024,r6i1p1f1,2078,01,14,2.8307772826599904,12.716802,5.587711,2078
23025,r6i1p1f1,2078,01,15,23.802706770207706,11.690769,5.7523246,2078
23026,r6i1p1f1,2078,01,16,38.960609871066175,11.648165,4.1565337,2078
23027,r6i1p1f1,2078,01,17,36.6832324758957,14.517721,2.3439531,2078
23028,r6i1p1f1,2078,01,18,40.16875719527698,13.313889,6.415657,2078
23029,r6i1p1f1,2078,01,19,12.548498041679366,10.711287,4.8573933,2078
23030,r6i1p1f1,2078,01,20,0.011047737508879567,11.056471,2.7022336,2078
23031,r6i1p1f1,2078,01,21,0.0,9.303026,-1.0844022,2078
23032,r6i1p1f1,2078,01,22,0.0,8.982029,1.262058,2078
23033,r6i1p1f1,2078,01,23,0.26529769526380254,9.186726,-1.9886976,2078
23034,r6i1p1f1,2078,01,24,7.018054225171098,5.126129,-1.9866887,2078
23035,r6i1p1f1,2078,01,25,10.696845186895635,6.4086113,-0.9491408,2078
23036,r6i1p1f1,2078,01,26,6.328692832285588,7.625763,2.1809103,2078
23037,r6i1p1f1,2078,01,27,14.537591483588647,8.531517,1.728301,2078
23038,r6i1p1f1,2078,01,28,19.380598129178953,9.66744,-1.012968,2078
23039,r6i1p1f1,2078,01,29,8.125082088549767,8.714002,0.33846575,2078
23040,r6i1p1f1,2078,01,30,0.0,8.7178135,-2.4909997,2078
23041,r6i1p1f1,2078,01,31,12.31264078274691,8.731121,-3.200747,2078
23042,r6i1p1f1,2078,02,01,2.246765096920514,8.30013,0.1410419,2078
23043,r6i1p1f1,2078,02,02,25.82662462372953,14.225322,1.6477891,2078
23044,r6i1p1f1,2078,02,03,29.95600133175095,16.369812,0.7367406,2078
23045,r6i1p1f1,2078,02,04,26.980532519012616,8.677573,-2.2816644,2078
23046,r6i1p1f1,2078,02,05,45.82116120131034,11.390563,0.19709593,2078
23047,r6i1p1f1,2078,02,06,13.104487808406104,11.495781,-0.98893166,2078
23048,r6i1p1f1,2078,02,07,0.034189405367113825,7.4090176,2.242125,2078
23049,r6i1p1f1,2078,02,08,0.0005973817604863163,8.46884,1.6961747,2078
23050,r6i1p1f1,2078,02,09,21.8401897137066,6.9529557,-0.7296405,2078
23051,r6i1p1f1,2078,02,10,35.34863020150633,9.767072,0.117455356,2078
23052,r6i1p1f1,2078,02,11,5.248092892295861,9.061046,0.2239107,2078
23053,r6i1p1f1,2078,02,12,0.004227176675548601,11.907323,-2.2125971,2078
23054,r6i1p1f1,2078,02,13,0.7424416111630242,10.084421,-1.6439222,2078
23055,r6i1p1f1,2078,02,14,0.3115243331450195,5.7829986,-9.138681,2078
23056,r6i1p1f1,2078,02,15,0.0,1.2273275,-11.542982,2078
23057,r6i1p1f1,2078,02,16,0.07555240236748448,2.7709916,-9.590873,2078
23058,r6i1p1f1,2078,02,17,22.23208853869785,1.3137537,-5.7411213,2078
23059,r6i1p1f1,2078,02,18,4.814439243040288,0.90555435,-9.770672,2078
23060,r6i1p1f1,2078,02,19,8.73830075903964,0.570553,-6.5345955,2078
23061,r6i1p1f1,2078,02,20,3.9083154944289547,2.58176,-13.473654,2078
23062,r6i1p1f1,2078,02,21,4.971682871220832,2.4221601,-5.6266108,2078
23063,r6i1p1f1,2078,02,22,3.284887901273305,3.5882545,-8.819873,2078
23064,r6i1p1f1,2078,02,23,25.715721658431182,2.801675,-3.5023112,2078
23065,r6i1p1f1,2078,02,24,0.0,4.976864,-10.614312,2078
23066,r6i1p1f1,2078,02,25,28.983379522485226,7.0999413,-3.47245,2078
23067,r6i1p1f1,2078,02,26,19.046439359296105,8.166491,-2.2402747,2078
23068,r6i1p1f1,2078,02,27,0.014813316339007312,6.932883,-3.8470323,2078
23069,r6i1p1f1,2078,02,28,5.669871399927486,4.745639,-4.4734483,2078
23070,r6i1p1f1,2078,03,01,19.022446204985656,6.4135604,-5.5917764,2078
23071,r6i1p1f1,2078,03,02,7.637685283291061,6.596642,-1.6647546,2078
23072,r6i1p1f1,2078,03,03,0.0,7.52053,-0.19182746,2078
23073,r6i1p1f1,2078,03,04,5.9951733382151,6.212599,-2.1716948,2078
23074,r6i1p1f1,2078,03,05,20.354623643562473,10.085648,-0.2819325,2078
23075,r6i1p1f1,2078,03,06,29.419650425032845,10.58473,1.1957734,2078
23076,r6i1p1f1,2078,03,07,0.0,13.148169,-0.7340067,2078
23077,r6i1p1f1,2078,03,08,0.8111022639365083,12.577096,-0.9137381,2078
23078,r6i1p1f1,2078,03,09,2.030182024089519,9.701213,-3.0457275,2078
23079,r6i1p1f1,2078,03,10,4.6172974301537115,10.235465,0.4256989,2078
23080,r6i1p1f1,2078,03,11,27.51893014059079,10.116644,1.0555456,2078
23081,r6i1p1f1,2078,03,12,8.392953571221524,9.242953,-3.0274892,2078
23082,r6i1p1f1,2078,03,13,6.94674738703775,8.604162,-0.5101233,2078
23083,r6i1p1f1,2078,03,14,4.149838024900752,12.8044,-0.81285304,2078
23084,r6i1p1f1,2078,03,15,0.0,16.977432,0.2034274,2078
23085,r6i1p1f1,2078,03,16,0.0,15.797814,1.4539045,2078
23086,r6i1p1f1,2078,03,17,0.008853074417495329,16.664553,1.1145352,2078
23087,r6i1p1f1,2078,03,18,0.0,20.34114,1.2188699,2078
23088,r6i1p1f1,2078,03,19,0.0,20.881998,2.171959,2078
23089,r6i1p1f1,2078,03,20,0.0,19.532866,2.6770027,2078
23090,r6i1p1f1,2078,03,21,2.021523051359666,11.463542,2.5040114,2078
23091,r6i1p1f1,2078,03,22,0.00043144477054390625,19.10658,3.0720732,2078
23092,r6i1p1f1,2078,03,23,0.0,20.218138,0.60240364,2078
23093,r6i1p1f1,2078,03,24,0.0,20.542326,1.5731413,2078
23094,r6i1p1f1,2078,03,25,1.2816392200019247,17.184357,0.36026004,2078
23095,r6i1p1f1,2078,03,26,6.3206320903689965,11.647103,3.6066713,2078
23096,r6i1p1f1,2078,03,27,0.0,17.389214,1.5178176,2078
23097,r6i1p1f1,2078,03,28,0.0,18.42737,3.787181,2078
23098,r6i1p1f1,2078,03,29,0.5845727937103531,15.097517,3.199741,2078
23099,r6i1p1f1,2078,03,30,0.0,17.772335,1.3511662,2078
23100,r6i1p1f1,2078,03,31,0.0,19.864775,1.2097263,2078
23101,r6i1p1f1,2078,04,01,0.0,23.952604,5.1931577,2078
23102,r6i1p1f1,2078,04,02,0.0,26.680525,7.523164,2078
23103,r6i1p1f1,2078,04,03,0.0,27.099836,8.236336,2078
23104,r6i1p1f1,2078,04,04,0.0,25.040413,7.227673,2078
23105,r6i1p1f1,2078,04,05,0.0,23.81601,5.3070183,2078
23106,r6i1p1f1,2078,04,06,3.144732530333076,18.715103,1.131272,2078
23107,r6i1p1f1,2078,04,07,1.9256056680792526,8.567281,-2.647005,2078
23108,r6i1p1f1,2078,04,08,5.071313645753408,7.7013874,-6.171566,2078
23109,r6i1p1f1,2078,04,09,0.5936754984485644,5.1615753,-4.1763234,2078
23110,r6i1p1f1,2078,04,10,0.7116188042216736,14.046186,-3.0785286,2078
23111,r6i1p1f1,2078,04,11,0.0,16.909739,-1.9871168,2078
23112,r6i1p1f1,2078,04,12,0.0,16.002039,-0.46966588,2078
23113,r6i1p1f1,2078,04,13,4.949773175338415,12.618137,-2.6914515,2078
23114,r6i1p1f1,2078,04,14,0.01972547891828018,16.50922,2.4741704,2078
23115,r6i1p1f1,2078,04,15,0.0,20.59183,1.1462915,2078
23116,r6i1p1f1,2078,04,16,0.027302140833557104,18.308754,3.151993,2078
23117,r6i1p1f1,2078,04,17,0.1820103888823888,17.327528,-0.028655663,2078
23118,r6i1p1f1,2078,04,18,4.107208040570262,8.789688,-0.30572245,2078
23119,r6i1p1f1,2078,04,19,0.16919730211737408,9.62306,-5.431315,2078
23120,r6i1p1f1,2078,04,20,0.0,9.550324,-5.47465,2078
23121,r6i1p1f1,2078,04,21,0.0,9.649029,-5.9184747,2078
23122,r6i1p1f1,2078,04,22,0.0,7.6394453,-6.436817,2078
23123,r6i1p1f1,2078,04,23,0.0,6.6989274,-5.459185,2078
23124,r6i1p1f1,2078,04,24,0.3259430649499016,10.746584,-4.3531837,2078
23125,r6i1p1f1,2078,04,25,0.0,16.62177,-1.3796755,2078
23126,r6i1p1f1,2078,04,26,0.0,18.139557,0.0541536,2078
23127,r6i1p1f1,2078,04,27,0.0,18.070747,-0.4409562,2078
23128,r6i1p1f1,2078,04,28,0.0,16.607994,-1.1429752,2078
23129,r6i1p1f1,2078,04,29,4.99526823246727,8.8443,-3.195536,2078
23130,r6i1p1f1,2078,04,30,0.20554291077055026,12.327409,-5.0439696,2078
23131,r6i1p1f1,2078,05,01,0.0742940606665362,15.269566,-1.4035463,2078
23132,r6i1p1f1,2078,05,02,0.029175453193834508,15.070525,2.9189527,2078
23133,r6i1p1f1,2078,05,03,1.259614997830233,13.670441,-1.9276756,2078
23134,r6i1p1f1,2078,05,04,1.5345791094588974,12.112268,-4.725132,2078
23135,r6i1p1f1,2078,05,05,1.922865337408396,12.501082,-2.7124987,2078
23136,r6i1p1f1,2078,05,06,0.21546740210969448,19.851416,-0.49643418,2078
23137,r6i1p1f1,2078,05,07,0.0,23.317596,3.4623,2078
23138,r6i1p1f1,2078,05,08,6.550877562935511,17.448515,0.54735935,2078
23139,r6i1p1f1,2078,05,09,6.959964988898928,12.899692,4.47078,2078
23140,r6i1p1f1,2078,05,10,0.0,19.540157,2.4798503,2078
23141,r6i1p1f1,2078,05,11,7.095250266543872,14.971499,-3.5734985,2078
23142,r6i1p1f1,2078,05,12,0.009284340009319271,16.440163,0.9599941,2078
23143,r6i1p1f1,2078,05,13,0.010658742497546137,18.449087,3.7077475,2078
23144,r6i1p1f1,2078,05,14,4.769761080188484,15.093139,0.26570362,2078
23145,r6i1p1f1,2078,05,15,0.91521283675315,21.085733,2.2588582,2078
23146,r6i1p1f1,2078,05,16,0.0,22.817331,6.649186,2078
23147,r6i1p1f1,2078,05,17,0.0,25.009706,5.7566257,2078
23148,r6i1p1f1,2078,05,18,0.9278308513438716,22.105028,3.5765243,2078
23149,r6i1p1f1,2078,05,19,3.1109876513724672,15.384727,-3.3204648,2078
23150,r6i1p1f1,2078,05,20,0.0,19.550873,3.5326753,2078
23151,r6i1p1f1,2078,05,21,0.0,22.1386,4.637275,2078
23152,r6i1p1f1,2078,05,22,0.0016806214248422057,21.504412,5.1657224,2078
23153,r6i1p1f1,2078,05,23,0.601451348419804,20.029066,3.6413066,2078
23154,r6i1p1f1,2078,05,24,0.014615827023832179,21.393692,5.0381794,2078
23155,r6i1p1f1,2078,05,25,0.0,25.40328,6.070992,2078
23156,r6i1p1f1,2078,05,26,0.0,27.710333,8.678464,2078
23157,r6i1p1f1,2078,05,27,0.005435202314487531,27.858007,7.9509716,2078
23158,r6i1p1f1,2078,05,28,0.0,23.196981,4.6546216,2078
23159,r6i1p1f1,2078,05,29,0.27293786504203854,20.479345,4.9259076,2078
23160,r6i1p1f1,2078,05,30,0.0015133831369775715,16.852495,4.571624,2078
23161,r6i1p1f1,2078,05,31,0.0,20.911201,4.252852,2078
23162,r6i1p1f1,2078,06,01,0.7897995647216135,21.258001,4.8216777,2078
23163,r6i1p1f1,2078,06,02,0.0,22.800283,4.4037547,2078
23164,r6i1p1f1,2078,06,03,1.3749236923286263,16.467144,-1.6569507,2078
23165,r6i1p1f1,2078,06,04,0.06041561433358391,24.547472,4.451946,2078
23166,r6i1p1f1,2078,06,05,0.012195936564947437,30.934557,10.60221,2078
23167,r6i1p1f1,2078,06,06,0.0,33.478443,13.276588,2078
23168,r6i1p1f1,2078,06,07,0.0,34.141033,14.749602,2078
23169,r6i1p1f1,2078,06,08,0.0,33.29521,14.417236,2078
23170,r6i1p1f1,2078,06,09,0.9416490687188164,31.415073,12.789176,2078
23171,r6i1p1f1,2078,06,10,1.4065519000161792,27.081558,9.34075,2078
23172,r6i1p1f1,2078,06,11,0.6943842252392298,27.390087,8.54277,2078
23173,r6i1p1f1,2078,06,12,2.3589256900424975,27.195024,7.869549,2078
23174,r6i1p1f1,2078,06,13,0.7514355340479909,26.588652,8.190119,2078
23175,r6i1p1f1,2078,06,14,0.0,29.2726,11.25295,2078
23176,r6i1p1f1,2078,06,15,0.0,29.934336,10.651584,2078
23177,r6i1p1f1,2078,06,16,0.0,29.251095,9.775476,2078
23178,r6i1p1f1,2078,06,17,0.0,33.55426,13.181279,2078
23179,r6i1p1f1,2078,06,18,0.04316134055306805,32.511063,14.222503,2078
23180,r6i1p1f1,2078,06,19,0.0012193741355258584,26.303806,12.548894,2078
23181,r6i1p1f1,2078,06,20,0.0,28.2039,9.051418,2078
23182,r6i1p1f1,2078,06,21,0.0,29.549627,10.827676,2078
23183,r6i1p1f1,2078,06,22,0.0,28.790968,9.1949415,2078
23184,r6i1p1f1,2078,06,23,0.0,29.936928,9.87009,2078
23185,r6i1p1f1,2078,06,24,0.0,30.320229,10.799091,2078
23186,r6i1p1f1,2078,06,25,0.0,31.475578,12.494911,2078
23187,r6i1p1f1,2078,06,26,0.0,34.088192,13.402917,2078
23188,r6i1p1f1,2078,06,27,0.8446659045852282,34.60559,13.972284,2078
23189,r6i1p1f1,2078,06,28,4.732263291010485e-06,35.161716,14.171069,2078
23190,r6i1p1f1,2078,06,29,0.8737281557474432,35.229553,14.507468,2078
23191,r6i1p1f1,2078,06,30,0.0017615248220671567,32.99202,14.509988,2078
23192,r6i1p1f1,2078,07,01,0.3136700218072157,32.017162,11.057006,2078
23193,r6i1p1f1,2078,07,02,0.001595017108789987,31.091322,10.831332,2078
23194,r6i1p1f1,2078,07,03,0.0035992526685204784,29.254482,9.421167,2078
23195,r6i1p1f1,2078,07,04,0.0,30.289461,10.762882,2078
23196,r6i1p1f1,2078,07,05,0.0,29.953606,10.041482,2078
23197,r6i1p1f1,2078,07,06,0.010006959376610787,33.38862,12.10845,2078
23198,r6i1p1f1,2078,07,07,0.0,33.982536,12.422726,2078
23199,r6i1p1f1,2078,07,08,0.0,34.344345,12.445864,2078
23200,r6i1p1f1,2078,07,09,0.0,34.561424,13.406947,2078
23201,r6i1p1f1,2078,07,10,0.6122453277047081,35.050533,13.94444,2078
23202,r6i1p1f1,2078,07,11,0.07151324489989673,36.89984,15.356251,2078
23203,r6i1p1f1,2078,07,12,0.0,37.256653,16.863657,2078
23204,r6i1p1f1,2078,07,13,0.0,37.234386,16.614233,2078
23205,r6i1p1f1,2078,07,14,0.0,37.09368,15.68694,2078
23206,r6i1p1f1,2078,07,15,0.0,35.868835,14.458936,2078
23207,r6i1p1f1,2078,07,16,0.0,37.05585,15.196172,2078
23208,r6i1p1f1,2078,07,17,0.0,38.1374,15.933174,2078
23209,r6i1p1f1,2078,07,18,0.0,37.84825,15.131535,2078
23210,r6i1p1f1,2078,07,19,0.25730261868234267,36.175755,14.906645,2078
23211,r6i1p1f1,2078,07,20,0.531145751284943,35.121216,16.15633,2078
23212,r6i1p1f1,2078,07,21,0.05520779758456655,36.058933,14.989259,2078
23213,r6i1p1f1,2078,07,22,0.0,34.82231,14.055392,2078
23214,r6i1p1f1,2078,07,23,0.0,34.627342,14.373297,2078
23215,r6i1p1f1,2078,07,24,0.0,35.49429,14.268845,2078
23216,r6i1p1f1,2078,07,25,0.0,36.982296,15.098343,2078
23217,r6i1p1f1,2078,07,26,0.0,38.27583,16.78166,2078
23218,r6i1p1f1,2078,07,27,0.0,38.07652,17.322613,2078
23219,r6i1p1f1,2078,07,28,0.0,37.636707,16.066595,2078
23220,r6i1p1f1,2078,07,29,0.0,37.90578,15.862554,2078
23221,r6i1p1f1,2078,07,30,0.0,35.39841,14.118286,2078
23222,r6i1p1f1,2078,07,31,0.0,33.968422,12.974375,2078
23223,r6i1p1f1,2078,08,01,0.0,34.24805,13.692973,2078
23224,r6i1p1f1,2078,08,02,0.0,34.53491,13.611556,2078
23225,r6i1p1f1,2078,08,03,0.06478552344398382,34.389637,13.839509,2078
23226,r6i1p1f1,2078,08,04,0.37981304028998863,35.696396,14.086928,2078
23227,r6i1p1f1,2078,08,05,0.34040093592825765,34.325306,13.861759,2078
23228,r6i1p1f1,2078,08,06,0.0019356163573525508,34.522522,13.883929,2078
23229,r6i1p1f1,2078,08,07,0.08326777157502897,34.67624,14.021897,2078
23230,r6i1p1f1,2078,08,08,0.6425110132939703,33.750885,12.8928585,2078
23231,r6i1p1f1,2078,08,09,0.0,33.455387,13.073669,2078
23232,r6i1p1f1,2078,08,10,0.0,34.22976,13.210971,2078
23233,r6i1p1f1,2078,08,11,0.0,33.7396,13.143235,2078
23234,r6i1p1f1,2078,08,12,0.0,34.158928,13.5009165,2078
23235,r6i1p1f1,2078,08,13,0.0,34.19464,13.673396,2078
23236,r6i1p1f1,2078,08,14,0.0,34.780415,14.1602125,2078
23237,r6i1p1f1,2078,08,15,0.0,35.58217,14.081345,2078
23238,r6i1p1f1,2078,08,16,0.10043373420709718,36.538147,15.511185,2078
23239,r6i1p1f1,2078,08,17,0.0,36.591602,15.803497,2078
23240,r6i1p1f1,2078,08,18,0.0,35.749516,15.413585,2078
23241,r6i1p1f1,2078,08,19,0.0,34.55457,14.190544,2078
23242,r6i1p1f1,2078,08,20,0.0,33.642662,13.429343,2078
23243,r6i1p1f1,2078,08,21,0.0,33.09195,12.540648,2078
23244,r6i1p1f1,2078,08,22,0.0,33.056396,12.607359,2078
23245,r6i1p1f1,2078,08,23,0.0,32.917515,12.260451,2078
23246,r6i1p1f1,2078,08,24,0.0,34.411793,14.140351,2078
23247,r6i1p1f1,2078,08,25,1.4610355055293829,34.875343,14.718132,2078
23248,r6i1p1f1,2078,08,26,0.6773324451166276,34.066597,12.76908,2078
23249,r6i1p1f1,2078,08,27,0.0,33.756954,12.819242,2078
23250,r6i1p1f1,2078,08,28,0.0,34.304077,12.8929615,2078
23251,r6i1p1f1,2078,08,29,0.0,34.5018,13.357721,2078
23252,r6i1p1f1,2078,08,30,0.0,34.194138,13.410999,2078
23253,r6i1p1f1,2078,08,31,0.0,32.866787,10.245133,2078
23254,r6i1p1f1,2078,09,01,0.0,24.97726,8.103459,2078
23255,r6i1p1f1,2078,09,02,0.0,28.147594,7.800108,2078
23256,r6i1p1f1,2078,09,03,0.0,29.496675,9.527091,2078
23257,r6i1p1f1,2078,09,04,0.0,29.2614,10.211122,2078
23258,r6i1p1f1,2078,09,05,0.0,28.98205,10.081796,2078
23259,r6i1p1f1,2078,09,06,0.27511329596740336,27.177042,8.513295,2078
23260,r6i1p1f1,2078,09,07,0.0,33.19915,10.710398,2078
23261,r6i1p1f1,2078,09,08,0.0,34.70304,13.264238,2078
23262,r6i1p1f1,2078,09,09,0.0,34.896603,14.606525,2078
23263,r6i1p1f1,2078,09,10,0.0,34.078156,13.945551,2078
23264,r6i1p1f1,2078,09,11,0.0,33.676987,13.445874,2078
23265,r6i1p1f1,2078,09,12,0.0,33.84769,13.8273325,2078
23266,r6i1p1f1,2078,09,13,0.0,33.45948,13.010502,2078
23267,r6i1p1f1,2078,09,14,0.0,30.897486,10.551783,2078
23268,r6i1p1f1,2078,09,15,0.0,30.937176,9.919281,2078
23269,r6i1p1f1,2078,09,16,0.0,30.379969,12.224856,2078
23270,r6i1p1f1,2078,09,17,0.0,31.323118,12.090316,2078
23271,r6i1p1f1,2078,09,18,0.8365341313980824,29.792091,11.564776,2078
23272,r6i1p1f1,2078,09,19,0.0,30.195726,11.647101,2078
23273,r6i1p1f1,2078,09,20,0.8687644854600506,28.367805,10.770029,2078
23274,r6i1p1f1,2078,09,21,1.0236253132082411,27.256517,8.881134,2078
23275,r6i1p1f1,2078,09,22,1.9561742531762834,25.198483,7.6769013,2078
23276,r6i1p1f1,2078,09,23,0.11287318553943328,25.411423,6.7711387,2078
23277,r6i1p1f1,2078,09,24,0.06635187217807495,26.071623,5.6855173,2078
23278,r6i1p1f1,2078,09,25,0.0,28.959362,7.927385,2078
23279,r6i1p1f1,2078,09,26,0.0,28.727066,9.597059,2078
23280,r6i1p1f1,2078,09,27,0.0,28.537329,8.34759,2078
23281,r6i1p1f1,2078,09,28,0.0,27.420256,8.268319,2078
23282,r6i1p1f1,2078,09,29,0.0,27.805561,10.50278,2078
23283,r6i1p1f1,2078,09,30,0.0,26.379133,7.0238466,2078
23284,r6i1p1f1,2078,10,01,0.0,25.684639,6.745157,2078
23285,r6i1p1f1,2078,10,02,0.0,25.97619,6.439735,2078
23286,r6i1p1f1,2078,10,03,0.0,28.702612,10.647736,2078
23287,r6i1p1f1,2078,10,04,0.0,29.214361,8.85196,2078
23288,r6i1p1f1,2078,10,05,0.0,28.244238,7.6701694,2078
23289,r6i1p1f1,2078,10,06,0.0,23.891924,3.9861736,2078
23290,r6i1p1f1,2078,10,07,0.0,23.149427,3.104333,2078
23291,r6i1p1f1,2078,10,08,0.0,27.045923,5.746449,2078
23292,r6i1p1f1,2078,10,09,0.0,27.464716,5.5992002,2078
23293,r6i1p1f1,2078,10,10,0.13858666631833907,17.41229,0.26807404,2078
23294,r6i1p1f1,2078,10,11,0.0,14.384192,-2.296493,2078
23295,r6i1p1f1,2078,10,12,0.0,16.461098,-2.4608169,2078
23296,r6i1p1f1,2078,10,13,0.0,19.069815,0.5147169,2078
23297,r6i1p1f1,2078,10,14,0.0,21.45432,0.14963022,2078
23298,r6i1p1f1,2078,10,15,0.0,23.676222,2.0908372,2078
23299,r6i1p1f1,2078,10,16,0.0,24.003885,2.4801614,2078
23300,r6i1p1f1,2078,10,17,0.0,24.097456,1.9006584,2078
23301,r6i1p1f1,2078,10,18,0.0,24.818745,4.294151,2078
23302,r6i1p1f1,2078,10,19,0.0,25.974857,5.195643,2078
23303,r6i1p1f1,2078,10,20,0.0,26.910599,5.293349,2078
23304,r6i1p1f1,2078,10,21,0.0,28.67735,7.8224154,2078
23305,r6i1p1f1,2078,10,22,0.0,28.947006,7.425836,2078
23306,r6i1p1f1,2078,10,23,0.010331124161882302,27.474804,7.3347297,2078
23307,r6i1p1f1,2078,10,24,0.020509943576855164,25.27593,6.1427693,2078
23308,r6i1p1f1,2078,10,25,0.0,25.921612,5.9263988,2078
23309,r6i1p1f1,2078,10,26,0.0,25.321432,4.9552255,2078
23310,r6i1p1f1,2078,10,27,0.0,23.277391,5.038975,2078
23311,r6i1p1f1,2078,10,28,0.0,21.929224,2.5512033,2078
23312,r6i1p1f1,2078,10,29,0.02324213247534927,13.180517,-0.6268101,2078
23313,r6i1p1f1,2078,10,30,0.0,17.67467,-1.5282613,2078
23314,r6i1p1f1,2078,10,31,0.0,22.034618,0.12668684,2078
23315,r6i1p1f1,2078,11,01,0.0,20.312145,1.9386904,2078
23316,r6i1p1f1,2078,11,02,0.0,13.091011,-3.3797743,2078
23317,r6i1p1f1,2078,11,03,0.0,15.548177,-2.7041643,2078
23318,r6i1p1f1,2078,11,04,0.0,17.665426,-1.7697643,2078
23319,r6i1p1f1,2078,11,05,0.0,18.24978,-2.475703,2078
23320,r6i1p1f1,2078,11,06,0.014339210054970195,16.8509,0.4936588,2078
23321,r6i1p1f1,2078,11,07,0.8259286014209406,10.133874,0.48295027,2078
23322,r6i1p1f1,2078,11,08,1.8288659380839416,11.199943,3.103985,2078
23323,r6i1p1f1,2078,11,09,0.08235326039797479,12.438963,3.2310815,2078
23324,r6i1p1f1,2078,11,10,0.46922977558060586,13.223687,3.6307712,2078
23325,r6i1p1f1,2078,11,11,0.013069884987232036,14.50665,5.228284,2078
23326,r6i1p1f1,2078,11,12,0.11136583867786168,15.302228,3.736123,2078
23327,r6i1p1f1,2078,11,13,0.9014015275552171,11.410287,2.6199872,2078
23328,r6i1p1f1,2078,11,14,0.0,10.938483,-1.9314367,2078
23329,r6i1p1f1,2078,11,15,0.0,13.609308,-4.4849257,2078
23330,r6i1p1f1,2078,11,16,0.0,18.924767,-0.9179163,2078
23331,r6i1p1f1,2078,11,17,0.0,19.822317,1.2319916,2078
23332,r6i1p1f1,2078,11,18,0.6765942934716371,16.36153,4.4339213,2078
23333,r6i1p1f1,2078,11,19,0.0,23.370176,9.044712,2078
23334,r6i1p1f1,2078,11,20,0.0,22.778118,5.967602,2078
23335,r6i1p1f1,2078,11,21,0.0,21.623335,4.1736183,2078
23336,r6i1p1f1,2078,11,22,0.42996246512379893,19.89205,2.8388736,2078
23337,r6i1p1f1,2078,11,23,1.8230736288032707,9.575581,-4.927081,2078
23338,r6i1p1f1,2078,11,24,0.08284294157043694,3.2992325,-7.184546,2078
23339,r6i1p1f1,2078,11,25,0.006700152334523696,4.2525215,-9.999427,2078
23340,r6i1p1f1,2078,11,26,0.42118429724954093,7.4344897,-0.6434906,2078
23341,r6i1p1f1,2078,11,27,0.0,10.486861,-8.792417,2078
23342,r6i1p1f1,2078,11,28,0.0,11.533653,-5.4481554,2078
23343,r6i1p1f1,2078,11,29,0.0,13.604532,-2.025747,2078
23344,r6i1p1f1,2078,11,30,0.7560064842703856,12.753921,1.8567767,2078
23345,r6i1p1f1,2078,12,01,0.0,16.606913,2.6598358,2078
23346,r6i1p1f1,2078,12,02,0.7280467512793182,14.612726,1.2726413,2078
23347,r6i1p1f1,2078,12,03,0.0,6.1542315,-6.493808,2078
23348,r6i1p1f1,2078,12,04,0.7409449902477981,2.5726128,-5.310283,2078
23349,r6i1p1f1,2078,12,05,2.206379250537915,1.7757385,-8.261586,2078
23350,r6i1p1f1,2078,12,06,0.0,3.8381553,-9.063485,2078
23351,r6i1p1f1,2078,12,07,1.4066213502760248,4.998502,-6.706876,2078
23352,r6i1p1f1,2078,12,08,0.04599394228376965,6.717608,0.41788825,2078
23353,r6i1p1f1,2078,12,09,0.0,12.982921,0.7232598,2078
23354,r6i1p1f1,2078,12,10,0.0,18.749796,3.7832215,2078
23355,r6i1p1f1,2078,12,11,0.0,18.402437,4.011324,2078
23356,r6i1p1f1,2078,12,12,0.0,18.759007,4.814906,2078
23357,r6i1p1f1,2078,12,13,0.4652270098740934,16.425268,5.061456,2078
23358,r6i1p1f1,2078,12,14,0.24570543540619716,13.9618635,0.96914315,2078
23359,r6i1p1f1,2078,12,15,0.0,9.540964,-5.5419793,2078
23360,r6i1p1f1,2078,12,16,0.0,11.693083,-1.9318775,2078
23361,r6i1p1f1,2078,12,17,0.0,14.291524,0.8701809,2078
23362,r6i1p1f1,2078,12,18,0.0,14.167928,-0.45318392,2078
23363,r6i1p1f1,2078,12,19,0.0,16.074623,4.4348593,2078
23364,r6i1p1f1,2078,12,20,0.0,17.689915,5.63563,2078
23365,r6i1p1f1,2078,12,21,0.0,17.295908,3.1463575,2078
23366,r6i1p1f1,2078,12,22,0.0,10.992643,-2.7157881,2078
23367,r6i1p1f1,2078,12,23,0.0,3.7506647,-11.636999,2078
23368,r6i1p1f1,2078,12,24,0.0,6.7299037,-4.451006,2078
23369,r6i1p1f1,2078,12,25,0.0,12.924873,-0.82920635,2078
23370,r6i1p1f1,2078,12,26,0.0,13.040873,-0.21342246,2078
23371,r6i1p1f1,2078,12,27,0.12525217319777618,8.840942,-2.8720105,2078
23372,r6i1p1f1,2078,12,28,0.1499275864462291,8.041361,1.6669865,2078
23373,r6i1p1f1,2078,12,29,0.0,9.951227,-5.1921997,2078
23374,r6i1p1f1,2078,12,30,0.0,10.75813,-4.0960174,2078
23375,r6i1p1f1,2078,12,31,0.0,11.657577,-2.6218321,2078
23376,r6i1p1f1,2079,01,01,0.0,10.650295,-0.58436143,2079
23377,r6i1p1f1,2079,01,02,0.0,12.284474,0.91893524,2079
23378,r6i1p1f1,2079,01,03,0.0,17.70094,4.0417604,2079
23379,r6i1p1f1,2079,01,04,0.0,18.80915,5.415248,2079
23380,r6i1p1f1,2079,01,05,0.0,17.073778,3.9811234,2079
23381,r6i1p1f1,2079,01,06,0.0,18.292845,4.674148,2079
23382,r6i1p1f1,2079,01,07,0.0,20.098038,6.5430284,2079
23383,r6i1p1f1,2079,01,08,0.0,19.630278,5.240796,2079
23384,r6i1p1f1,2079,01,09,0.0,18.814346,4.6488137,2079
23385,r6i1p1f1,2079,01,10,0.0,18.172894,5.614923,2079
23386,r6i1p1f1,2079,01,11,23.929744233596807,13.067048,3.7621806,2079
23387,r6i1p1f1,2079,01,12,6.255054046790442,13.598731,6.334621,2079
23388,r6i1p1f1,2079,01,13,28.352765723393688,13.386809,8.512476,2079
23389,r6i1p1f1,2079,01,14,63.58376597939862,12.042969,7.4244776,2079
23390,r6i1p1f1,2079,01,15,40.45019101328851,12.092016,4.4191775,2079
23391,r6i1p1f1,2079,01,16,0.0,10.790382,0.95595044,2079
23392,r6i1p1f1,2079,01,17,0.0,10.91245,-2.440011,2079
23393,r6i1p1f1,2079,01,18,0.0011812723870877598,9.600279,-2.719198,2079
23394,r6i1p1f1,2079,01,19,5.359665274722637,3.1589205,-4.235585,2079
23395,r6i1p1f1,2079,01,20,0.013365514891988431,4.977247,-2.49719,2079
23396,r6i1p1f1,2079,01,21,0.03912327302679889,5.6830435,-1.9924921,2079
23397,r6i1p1f1,2079,01,22,19.241584296650057,10.725274,0.7515862,2079
23398,r6i1p1f1,2079,01,23,11.61055049164462,11.989838,4.847972,2079
23399,r6i1p1f1,2079,01,24,0.04690522832786271,14.884757,4.8111396,2079
23400,r6i1p1f1,2079,01,25,32.3799470398643,11.866075,2.246658,2079
23401,r6i1p1f1,2079,01,26,13.067227729215265,9.748908,1.2080318,2079
23402,r6i1p1f1,2079,01,27,76.46837391261407,11.393416,2.5386581,2079
23403,r6i1p1f1,2079,01,28,14.640586993534539,12.466824,6.5980053,2079
23404,r6i1p1f1,2079,01,29,18.52483848945048,10.999624,1.9991255,2079
23405,r6i1p1f1,2079,01,30,0.0,15.565002,2.688772,2079
23406,r6i1p1f1,2079,01,31,0.0,19.7711,4.4423323,2079
23407,r6i1p1f1,2079,02,01,0.0,22.461067,6.78835,2079
23408,r6i1p1f1,2079,02,02,0.0,22.457363,7.6864357,2079
23409,r6i1p1f1,2079,02,03,0.0,22.433346,6.7674785,2079
23410,r6i1p1f1,2079,02,04,0.0,20.632124,5.3427353,2079
23411,r6i1p1f1,2079,02,05,0.004871708476211117,11.258799,-4.8700023,2079
23412,r6i1p1f1,2079,02,06,0.0,2.2748785,-10.987052,2079
23413,r6i1p1f1,2079,02,07,0.0,7.857566,-5.49132,2079
23414,r6i1p1f1,2079,02,08,25.42754977632493,8.689143,-2.0611644,2079
23415,r6i1p1f1,2079,02,09,20.87076443482941,5.439223,-2.3973577,2079
23416,r6i1p1f1,2079,02,10,14.47644624587928,2.8704212,-3.8727098,2079
23417,r6i1p1f1,2079,02,11,10.37685622566278,5.864569,-3.5814128,2079
23418,r6i1p1f1,2079,02,12,32.783412906393956,6.603272,-2.7832308,2079
23419,r6i1p1f1,2079,02,13,7.488376070780958,6.3013396,-4.8825407,2079
23420,r6i1p1f1,2079,02,14,0.0,6.5321007,-5.670893,2079
23421,r6i1p1f1,2079,02,15,0.036235564616965484,5.872022,-2.2754695,2079
23422,r6i1p1f1,2079,02,16,0.0,11.580764,-5.547026,2079
23423,r6i1p1f1,2079,02,17,0.02644815963528482,12.594673,-3.457085,2079
23424,r6i1p1f1,2079,02,18,0.0,15.687167,0.87878436,2079
23425,r6i1p1f1,2079,02,19,0.0,18.416817,2.4576528,2079
23426,r6i1p1f1,2079,02,20,0.0,17.788933,2.1928582,2079
23427,r6i1p1f1,2079,02,21,0.0,15.463569,0.4727632,2079
23428,r6i1p1f1,2079,02,22,0.0,10.489591,-5.1607666,2079
23429,r6i1p1f1,2079,02,23,0.0,16.156878,4.7211866,2079
23430,r6i1p1f1,2079,02,24,0.0,19.193157,6.828429,2079
23431,r6i1p1f1,2079,02,25,0.0,19.689646,6.4143515,2079
23432,r6i1p1f1,2079,02,26,0.0,20.286705,5.8717113,2079
23433,r6i1p1f1,2079,02,27,0.0,21.80253,8.104535,2079
23434,r6i1p1f1,2079,02,28,0.2314934649560471,19.765295,4.9447045,2079
23435,r6i1p1f1,2079,03,01,0.0,17.444551,-0.698543,2079
23436,r6i1p1f1,2079,03,02,0.0,15.001267,-1.633091,2079
23437,r6i1p1f1,2079,03,03,0.5639356437768827,12.063264,-2.3078053,2079
23438,r6i1p1f1,2079,03,04,4.367953997985607,12.844334,-0.5464511,2079
23439,r6i1p1f1,2079,03,05,2.459786929843179,12.660411,4.703709,2079
23440,r6i1p1f1,2079,03,06,9.441733483849587,11.855745,-0.013176091,2079
23441,r6i1p1f1,2079,03,07,4.350869546621002,10.667314,-3.6359124,2079
23442,r6i1p1f1,2079,03,08,2.1525711430450962,11.21754,-1.1556765,2079
23443,r6i1p1f1,2079,03,09,9.06666892613144,12.478356,2.324014,2079
23444,r6i1p1f1,2079,03,10,23.144942532247736,10.59313,3.7432966,2079
23445,r6i1p1f1,2079,03,11,28.47519140664401,9.775118,1.0364116,2079
23446,r6i1p1f1,2079,03,12,20.10857970637234,11.933568,-1.0729096,2079
23447,r6i1p1f1,2079,03,13,39.962188891148344,12.117376,-1.0073205,2079
23448,r6i1p1f1,2079,03,14,6.177936121547631,6.8074026,-4.228023,2079
23449,r6i1p1f1,2079,03,15,0.0,9.033103,-0.31693417,2079
23450,r6i1p1f1,2079,03,16,0.0,13.51617,-2.0897343,2079
23451,r6i1p1f1,2079,03,17,0.0,16.253332,-1.2125304,2079
23452,r6i1p1f1,2079,03,18,0.0,15.654012,-1.3892597,2079
23453,r6i1p1f1,2079,03,19,0.0,14.270473,-3.5043368,2079
23454,r6i1p1f1,2079,03,20,0.0,17.686577,-1.4110872,2079
23455,r6i1p1f1,2079,03,21,0.008216490529160021,19.644876,1.6537871,2079
23456,r6i1p1f1,2079,03,22,0.1559183256384817,15.970011,3.4159207,2079
23457,r6i1p1f1,2079,03,23,0.13108504246127498,16.793507,4.403027,2079
23458,r6i1p1f1,2079,03,24,0.5287619256864557,13.693525,1.587179,2079
23459,r6i1p1f1,2079,03,25,19.45126924950607,9.732523,2.8025887,2079
23460,r6i1p1f1,2079,03,26,0.43114294581183876,16.537868,1.8255312,2079
23461,r6i1p1f1,2079,03,27,0.0,19.009819,0.70121443,2079
23462,r6i1p1f1,2079,03,28,0.0067759383654569455,16.968126,4.285464,2079
23463,r6i1p1f1,2079,03,29,0.0,17.379063,0.2985061,2079
23464,r6i1p1f1,2079,03,30,0.0,17.559242,-0.78179073,2079
23465,r6i1p1f1,2079,03,31,0.0,19.774246,-0.44586816,2079
23466,r6i1p1f1,2079,04,01,0.006845529674076888,18.942331,2.7581732,2079
23467,r6i1p1f1,2079,04,02,2.262095488674312,11.361839,4.3092246,2079
23468,r6i1p1f1,2079,04,03,0.8915729218666628,11.625587,0.009900418,2079
23469,r6i1p1f1,2079,04,04,0.03844971255678845,21.250067,3.8177795,2079
23470,r6i1p1f1,2079,04,05,0.0,25.120161,4.921701,2079
23471,r6i1p1f1,2079,04,06,0.0,25.265434,4.952599,2079
23472,r6i1p1f1,2079,04,07,0.9186517440021408,22.759941,4.5611243,2079
23473,r6i1p1f1,2079,04,08,1.4961485972623305,16.81903,1.5132865,2079
23474,r6i1p1f1,2079,04,09,0.368051099664827,13.568004,4.704997,2079
23475,r6i1p1f1,2079,04,10,0.5322957723662601,15.617163,3.9856715,2079
23476,r6i1p1f1,2079,04,11,18.274837932260013,11.966596,1.3193566,2079
23477,r6i1p1f1,2079,04,12,1.0466408164119152,12.960953,-1.1556193,2079
23478,r6i1p1f1,2079,04,13,0.0,19.317188,1.8401299,2079
23479,r6i1p1f1,2079,04,14,7.688957830554717,13.517557,-2.188662,2079
23480,r6i1p1f1,2079,04,15,0.9211492948809158,12.384781,-2.5583963,2079
23481,r6i1p1f1,2079,04,16,3.9511758964207604,12.287713,-2.7255836,2079
23482,r6i1p1f1,2079,04,17,0.2533564852599803,12.269068,1.4490393,2079
23483,r6i1p1f1,2079,04,18,1.0934071734089787,12.245564,1.4613584,2079
23484,r6i1p1f1,2079,04,19,0.7409698936512995,13.017576,-2.0486636,2079
23485,r6i1p1f1,2079,04,20,0.06647660665911931,15.828813,1.364,2079
23486,r6i1p1f1,2079,04,21,0.7525996620555143,14.675967,3.5034792,2079
23487,r6i1p1f1,2079,04,22,3.986226372777827,10.996273,0.8917249,2079
23488,r6i1p1f1,2079,04,23,6.412006437045481,9.911907,-0.17093183,2079
23489,r6i1p1f1,2079,04,24,2.112634824432429,12.636455,-0.7034545,2079
23490,r6i1p1f1,2079,04,25,0.6077249984106411,17.420107,0.17972383,2079
23491,r6i1p1f1,2079,04,26,0.15945302912063633,20.917063,2.6306489,2079
23492,r6i1p1f1,2079,04,27,0.0,22.448874,6.8862805,2079
23493,r6i1p1f1,2079,04,28,0.005224494565674515,23.276262,8.968483,2079
23494,r6i1p1f1,2079,04,29,0.15094636344764378,20.980724,5.854614,2079
23495,r6i1p1f1,2079,04,30,0.4859542177496916,18.796879,4.630144,2079
23496,r6i1p1f1,2079,05,01,5.758077129596344,18.339552,1.7869937,2079
23497,r6i1p1f1,2079,05,02,1.3400596048610316,19.664616,3.232792,2079
23498,r6i1p1f1,2079,05,03,0.1644570089862335,23.175034,5.88982,2079
23499,r6i1p1f1,2079,05,04,0.8842613189360179,22.23392,5.6936073,2079
23500,r6i1p1f1,2079,05,05,0.12147142759773853,20.216324,4.1827483,2079
23501,r6i1p1f1,2079,05,06,0.0008191540787511175,20.62165,4.6119556,2079
23502,r6i1p1f1,2079,05,07,3.7216048921757907,10.541138,-0.30672884,2079
23503,r6i1p1f1,2079,05,08,20.450650595157757,10.909297,1.7633096,2079
23504,r6i1p1f1,2079,05,09,1.424299816362992,17.802835,0.36294264,2079
23505,r6i1p1f1,2079,05,10,0.0,24.733309,4.2364388,2079
23506,r6i1p1f1,2079,05,11,0.0,23.995335,6.3490787,2079
23507,r6i1p1f1,2079,05,12,0.04324367125999432,21.813126,5.599128,2079
23508,r6i1p1f1,2079,05,13,0.011818607560877584,12.663766,1.5669141,2079
23509,r6i1p1f1,2079,05,14,33.065824708717486,9.8680525,-2.7520697,2079
23510,r6i1p1f1,2079,05,15,0.0,18.099207,1.4985029,2079
23511,r6i1p1f1,2079,05,16,0.0,24.876476,4.90285,2079
23512,r6i1p1f1,2079,05,17,0.0,27.768425,8.627089,2079
23513,r6i1p1f1,2079,05,18,0.14679595560198236,25.540344,7.0285597,2079
23514,r6i1p1f1,2079,05,19,0.9686482855354971,19.892557,3.7688425,2079
23515,r6i1p1f1,2079,05,20,0.001134921813170654,23.606688,5.024579,2079
23516,r6i1p1f1,2079,05,21,0.0009921176018335726,22.927357,5.3731995,2079
23517,r6i1p1f1,2079,05,22,6.122409188093951,14.459149,2.6388214,2079
23518,r6i1p1f1,2079,05,23,7.276957013140538,10.230812,-0.68521595,2079
23519,r6i1p1f1,2079,05,24,10.388958392149943,11.441404,-0.42477617,2079
23520,r6i1p1f1,2079,05,25,1.9336053378554217,14.821469,1.566497,2079
23521,r6i1p1f1,2079,05,26,0.0,19.673002,1.4092323,2079
23522,r6i1p1f1,2079,05,27,0.0,22.971197,4.9372406,2079
23523,r6i1p1f1,2079,05,28,0.0,26.56648,7.3456883,2079
23524,r6i1p1f1,2079,05,29,0.0,25.131403,8.153182,2079
23525,r6i1p1f1,2079,05,30,0.055765963362746154,21.38512,5.004674,2079
23526,r6i1p1f1,2079,05,31,0.0008050956313345503,19.54093,4.3975177,2079
23527,r6i1p1f1,2079,06,01,0.0,25.006868,4.5444627,2079
23528,r6i1p1f1,2079,06,02,0.0,28.684511,8.833866,2079
23529,r6i1p1f1,2079,06,03,0.022449758669629272,30.063974,11.007765,2079
23530,r6i1p1f1,2079,06,04,0.00264686765647003,30.505678,11.508151,2079
23531,r6i1p1f1,2079,06,05,0.0,32.00816,12.448962,2079
23532,r6i1p1f1,2079,06,06,0.0,29.353262,9.102588,2079
23533,r6i1p1f1,2079,06,07,0.0,26.75559,6.966635,2079
23534,r6i1p1f1,2079,06,08,0.0,26.779478,6.918123,2079
23535,r6i1p1f1,2079,06,09,0.5376596971408418,23.73341,3.7949367,2079
23536,r6i1p1f1,2079,06,10,0.6778388980827019,20.892029,4.334746,2079
23537,r6i1p1f1,2079,06,11,0.07343770438161983,23.562778,5.56785,2079
23538,r6i1p1f1,2079,06,12,0.0547884553837013,24.209652,6.653663,2079
23539,r6i1p1f1,2079,06,13,1.3447590118461938,25.14085,8.105694,2079
23540,r6i1p1f1,2079,06,14,0.14631035717060759,30.174604,11.04679,2079
23541,r6i1p1f1,2079,06,15,0.0,33.166374,14.002322,2079
23542,r6i1p1f1,2079,06,16,0.0,34.151173,15.3293915,2079
23543,r6i1p1f1,2079,06,17,0.0,32.902817,13.229866,2079
23544,r6i1p1f1,2079,06,18,0.01838851798391918,26.508875,7.824821,2079
23545,r6i1p1f1,2079,06,19,0.346755000543756,20.213875,3.1916678,2079
23546,r6i1p1f1,2079,06,20,0.0,26.460632,7.5156145,2079
23547,r6i1p1f1,2079,06,21,0.0,33.456917,13.421284,2079
23548,r6i1p1f1,2079,06,22,0.0,36.900253,16.460045,2079
23549,r6i1p1f1,2079,06,23,0.0,39.107635,20.92175,2079
23550,r6i1p1f1,2079,06,24,0.00023215022845266418,39.035538,18.379717,2079
23551,r6i1p1f1,2079,06,25,0.0,38.71239,18.627123,2079
23552,r6i1p1f1,2079,06,26,0.06744665815746949,34.998318,14.079726,2079
23553,r6i1p1f1,2079,06,27,0.18630699844589943,34.308586,13.694375,2079
23554,r6i1p1f1,2079,06,28,0.12914077899034587,32.13737,14.080513,2079
23555,r6i1p1f1,2079,06,29,0.0,31.275383,12.493312,2079
23556,r6i1p1f1,2079,06,30,0.0005715407425152433,33.464237,12.846489,2079
23557,r6i1p1f1,2079,07,01,6.954399698066848,31.949492,10.270906,2079
23558,r6i1p1f1,2079,07,02,0.18379178088920373,31.861074,13.086573,2079
23559,r6i1p1f1,2079,07,03,0.002879197767127817,35.84886,14.996524,2079
23560,r6i1p1f1,2079,07,04,1.3709942022083446,34.926876,14.833335,2079
23561,r6i1p1f1,2079,07,05,11.05080520609615,27.73468,11.218451,2079
23562,r6i1p1f1,2079,07,06,0.6104162796208925,21.067451,7.879412,2079
23563,r6i1p1f1,2079,07,07,0.821185453608055,21.983538,10.747891,2079
23564,r6i1p1f1,2079,07,08,0.5405515082574195,25.750263,6.998306,2079
23565,r6i1p1f1,2079,07,09,0.11860190724020167,27.56074,7.4825144,2079
23566,r6i1p1f1,2079,07,10,0.015838486540048144,28.168982,11.429684,2079
23567,r6i1p1f1,2079,07,11,0.0,27.917633,10.126033,2079
23568,r6i1p1f1,2079,07,12,0.5761993705026979,25.86658,9.570467,2079
23569,r6i1p1f1,2079,07,13,0.0,28.558146,8.680794,2079
23570,r6i1p1f1,2079,07,14,0.02268616244234722,29.640707,11.9010725,2079
23571,r6i1p1f1,2079,07,15,0.0,29.378044,12.922498,2079
23572,r6i1p1f1,2079,07,16,0.0,28.239681,9.8854065,2079
23573,r6i1p1f1,2079,07,17,0.1351340444138821,27.515007,8.147452,2079
23574,r6i1p1f1,2079,07,18,0.09187891564302254,27.091654,8.488885,2079
23575,r6i1p1f1,2079,07,19,0.013336546412620715,28.081497,8.85676,2079
23576,r6i1p1f1,2079,07,20,0.0,30.495548,11.637362,2079
23577,r6i1p1f1,2079,07,21,0.0,31.286901,11.602195,2079
23578,r6i1p1f1,2079,07,22,0.0,32.29435,14.858371,2079
23579,r6i1p1f1,2079,07,23,0.012340354476741155,32.9901,14.777704,2079
23580,r6i1p1f1,2079,07,24,0.5174878201947753,31.959122,14.339571,2079
23581,r6i1p1f1,2079,07,25,0.03782172820753334,31.826412,11.679244,2079
23582,r6i1p1f1,2079,07,26,0.005600436518818727,30.005362,12.192852,2079
23583,r6i1p1f1,2079,07,27,0.0,30.56723,12.736194,2079
23584,r6i1p1f1,2079,07,28,0.0,32.22087,12.505417,2079
23585,r6i1p1f1,2079,07,29,0.15500742905217246,32.12214,12.68065,2079
23586,r6i1p1f1,2079,07,30,0.0061922647929014306,30.224752,10.385789,2079
23587,r6i1p1f1,2079,07,31,0.0,30.696121,12.118181,2079
23588,r6i1p1f1,2079,08,01,0.0,33.09472,13.237643,2079
23589,r6i1p1f1,2079,08,02,0.0,33.339554,13.647302,2079
23590,r6i1p1f1,2079,08,03,0.0,32.33208,12.498971,2079
23591,r6i1p1f1,2079,08,04,0.0,30.746367,11.225194,2079
23592,r6i1p1f1,2079,08,05,0.0,29.640675,10.6025095,2079
23593,r6i1p1f1,2079,08,06,0.0,33.4838,13.009369,2079
23594,r6i1p1f1,2079,08,07,0.0,34.44077,13.419247,2079
23595,r6i1p1f1,2079,08,08,0.0,34.625557,13.517079,2079
23596,r6i1p1f1,2079,08,09,0.00624735184400982,34.62331,13.895109,2079
23597,r6i1p1f1,2079,08,10,0.11019920516069563,34.23173,13.435953,2079
23598,r6i1p1f1,2079,08,11,0.003736555520916743,34.775303,13.668516,2079
23599,r6i1p1f1,2079,08,12,0.0,35.816345,15.27826,2079
23600,r6i1p1f1,2079,08,13,0.0,35.049248,14.230314,2079
23601,r6i1p1f1,2079,08,14,0.0,34.119755,12.775377,2079
23602,r6i1p1f1,2079,08,15,0.26210011236697295,30.746042,11.357309,2079
23603,r6i1p1f1,2079,08,16,3.02132087160459,25.741123,7.918927,2079
23604,r6i1p1f1,2079,08,17,0.0018700552364599252,24.240957,9.740026,2079
23605,r6i1p1f1,2079,08,18,0.0,28.10641,8.70478,2079
23606,r6i1p1f1,2079,08,19,0.0,30.283028,11.848552,2079
23607,r6i1p1f1,2079,08,20,0.007080339002931956,28.695053,8.997791,2079
23608,r6i1p1f1,2079,08,21,0.0,32.259884,11.903157,2079
23609,r6i1p1f1,2079,08,22,0.0,33.80703,13.286399,2079
23610,r6i1p1f1,2079,08,23,0.0,34.714695,14.365801,2079
23611,r6i1p1f1,2079,08,24,0.0,34.097057,13.813815,2079
23612,r6i1p1f1,2079,08,25,0.0,34.815163,14.071033,2079
23613,r6i1p1f1,2079,08,26,0.0,34.56169,13.105969,2079
23614,r6i1p1f1,2079,08,27,0.0,30.633768,9.709982,2079
23615,r6i1p1f1,2079,08,28,0.0,33.64106,11.249224,2079
23616,r6i1p1f1,2079,08,29,0.0,33.78769,12.554745,2079
23617,r6i1p1f1,2079,08,30,0.0,32.925045,11.853041,2079
23618,r6i1p1f1,2079,08,31,0.0,30.776155,10.012848,2079
23619,r6i1p1f1,2079,09,01,4.300560959561451,26.75883,8.868013,2079
23620,r6i1p1f1,2079,09,02,2.877095984887976,27.555952,9.465396,2079
23621,r6i1p1f1,2079,09,03,0.0,31.13317,12.801354,2079
23622,r6i1p1f1,2079,09,04,0.0,31.327515,13.058231,2079
23623,r6i1p1f1,2079,09,05,0.0,31.613153,13.771882,2079
23624,r6i1p1f1,2079,09,06,0.0,33.088703,12.06023,2079
23625,r6i1p1f1,2079,09,07,0.0,33.084232,13.22687,2079
23626,r6i1p1f1,2079,09,08,0.0007291251770419804,32.90657,14.521542,2079
23627,r6i1p1f1,2079,09,09,0.0,32.42083,13.041225,2079
23628,r6i1p1f1,2079,09,10,0.0,32.09339,12.76372,2079
23629,r6i1p1f1,2079,09,11,0.0,33.521,12.918112,2079
23630,r6i1p1f1,2079,09,12,0.0,33.100166,13.57063,2079
23631,r6i1p1f1,2079,09,13,0.0,30.918018,11.298785,2079
23632,r6i1p1f1,2079,09,14,0.001895452216173632,25.748526,9.387681,2079
23633,r6i1p1f1,2079,09,15,0.0,29.206493,9.886048,2079
23634,r6i1p1f1,2079,09,16,0.0,35.02148,13.489856,2079
23635,r6i1p1f1,2079,09,17,0.0,35.863857,15.204851,2079
23636,r6i1p1f1,2079,09,18,0.0,34.452583,13.187876,2079
23637,r6i1p1f1,2079,09,19,0.0,32.562374,11.650828,2079
23638,r6i1p1f1,2079,09,20,0.03981104106208004,32.762367,11.074352,2079
23639,r6i1p1f1,2079,09,21,0.0,32.191376,11.473884,2079
23640,r6i1p1f1,2079,09,22,0.0,30.29186,10.423051,2079
23641,r6i1p1f1,2079,09,23,0.0,28.839687,9.647684,2079
23642,r6i1p1f1,2079,09,24,0.0,25.920183,7.888922,2079
23643,r6i1p1f1,2079,09,25,0.0,25.610731,5.600588,2079
23644,r6i1p1f1,2079,09,26,0.0,28.39709,6.4459453,2079
23645,r6i1p1f1,2079,09,27,0.0,29.08783,7.5818515,2079
23646,r6i1p1f1,2079,09,28,0.0,29.559477,8.467908,2079
23647,r6i1p1f1,2079,09,29,0.13206940754640917,27.112616,9.5669155,2079
23648,r6i1p1f1,2079,09,30,0.02362486481505288,25.126543,7.0232563,2079
23649,r6i1p1f1,2079,10,01,0.43003802196819224,23.04356,6.7155485,2079
23650,r6i1p1f1,2079,10,02,0.19365824834194637,23.562086,6.08031,2079
23651,r6i1p1f1,2079,10,03,0.0,30.118265,8.380405,2079
23652,r6i1p1f1,2079,10,04,0.0,31.70038,10.421442,2079
23653,r6i1p1f1,2079,10,05,0.0,30.79132,10.740949,2079
23654,r6i1p1f1,2079,10,06,0.0,31.165915,12.088752,2079
23655,r6i1p1f1,2079,10,07,0.0,32.288166,10.535527,2079
23656,r6i1p1f1,2079,10,08,0.0,32.31889,11.003734,2079
23657,r6i1p1f1,2079,10,09,0.0,30.617281,8.782047,2079
23658,r6i1p1f1,2079,10,10,0.0,28.212795,6.6780715,2079
23659,r6i1p1f1,2079,10,11,0.0,26.689514,6.868554,2079
23660,r6i1p1f1,2079,10,12,0.0,26.159653,4.9565744,2079
23661,r6i1p1f1,2079,10,13,0.0,27.37079,6.3045588,2079
23662,r6i1p1f1,2079,10,14,0.0,28.69638,7.7231646,2079
23663,r6i1p1f1,2079,10,15,0.0,29.43492,7.841675,2079
23664,r6i1p1f1,2079,10,16,0.0,29.005672,8.097289,2079
23665,r6i1p1f1,2079,10,17,0.0,27.068012,6.1716886,2079
23666,r6i1p1f1,2079,10,18,0.0,28.426878,6.7175145,2079
23667,r6i1p1f1,2079,10,19,0.0,26.23932,6.01055,2079
23668,r6i1p1f1,2079,10,20,0.18972781589952079,10.872891,-5.0298142,2079
23669,r6i1p1f1,2079,10,21,0.4211250273124266,6.324244,-4.8821015,2079
23670,r6i1p1f1,2079,10,22,0.041285380184747984,7.6937037,-6.1172647,2079
23671,r6i1p1f1,2079,10,23,0.0,14.359162,-6.6242285,2079
23672,r6i1p1f1,2079,10,24,0.0,15.445843,-2.3414376,2079
23673,r6i1p1f1,2079,10,25,0.0,18.466366,0.26757395,2079
23674,r6i1p1f1,2079,10,26,0.0,22.617653,2.117527,2079
23675,r6i1p1f1,2079,10,27,0.0,24.86706,4.0544796,2079
23676,r6i1p1f1,2079,10,28,0.0,25.446918,6.1500297,2079
23677,r6i1p1f1,2079,10,29,0.0,25.322592,4.7466645,2079
23678,r6i1p1f1,2079,10,30,0.0,25.03481,4.8595243,2079
23679,r6i1p1f1,2079,10,31,0.0,23.063736,8.045539,2079
23680,r6i1p1f1,2079,11,01,0.0016391484757744966,22.64988,5.7227035,2079
23681,r6i1p1f1,2079,11,02,0.0,21.715126,4.2549896,2079
23682,r6i1p1f1,2079,11,03,0.0,22.76341,3.8687131,2079
23683,r6i1p1f1,2079,11,04,0.03592132985020576,22.117142,4.539304,2079
23684,r6i1p1f1,2079,11,05,0.0,21.64655,2.7730548,2079
23685,r6i1p1f1,2079,11,06,0.012463760126819151,21.98043,3.598409,2079
23686,r6i1p1f1,2079,11,07,0.0,20.81825,5.300814,2079
23687,r6i1p1f1,2079,11,08,0.0,21.139015,4.1246777,2079
23688,r6i1p1f1,2079,11,09,0.0,22.184439,4.0278144,2079
23689,r6i1p1f1,2079,11,10,0.23685780575121165,21.459064,5.2353387,2079
23690,r6i1p1f1,2079,11,11,0.06421918408173788,10.379268,-2.631921,2079
23691,r6i1p1f1,2079,11,12,0.0,6.867524,-5.4766994,2079
23692,r6i1p1f1,2079,11,13,0.0,8.564947,-8.21224,2079
23693,r6i1p1f1,2079,11,14,0.0,15.026187,-4.7362466,2079
23694,r6i1p1f1,2079,11,15,0.0,19.099983,0.05291585,2079
23695,r6i1p1f1,2079,11,16,0.0,18.482876,2.0688248,2079
23696,r6i1p1f1,2079,11,17,0.018957458277794676,15.010884,-2.6835737,2079
23697,r6i1p1f1,2079,11,18,0.0,14.172623,-4.1243596,2079
23698,r6i1p1f1,2079,11,19,0.0,15.214032,-3.0350373,2079
23699,r6i1p1f1,2079,11,20,0.0,15.264832,-1.9629385,2079
23700,r6i1p1f1,2079,11,21,0.0,15.225241,-4.209257,2079
23701,r6i1p1f1,2079,11,22,0.0,15.499094,-1.4971801,2079
23702,r6i1p1f1,2079,11,23,17.844155460827796,13.215797,3.0748348,2079
23703,r6i1p1f1,2079,11,24,20.51695724661158,8.776437,3.6662567,2079
23704,r6i1p1f1,2079,11,25,11.229319108611138,9.425806,0.30539787,2079
23705,r6i1p1f1,2079,11,26,7.097814515491055,9.907513,-1.8024763,2079
23706,r6i1p1f1,2079,11,27,5.187267095506935,10.935288,2.9014645,2079
23707,r6i1p1f1,2079,11,28,0.05234181999403984,11.412095,5.0748954,2079
23708,r6i1p1f1,2079,11,29,0.0,15.044291,-0.38636938,2079
23709,r6i1p1f1,2079,11,30,10.887211553473124,13.811343,1.6126119,2079
23710,r6i1p1f1,2079,12,01,12.324555296604881,11.190114,4.659462,2079
23711,r6i1p1f1,2079,12,02,0.004287743807796693,12.685727,6.3420224,2079
23712,r6i1p1f1,2079,12,03,3.4536110005716787,8.917491,2.7315223,2079
23713,r6i1p1f1,2079,12,04,3.152024423418154,12.832112,1.3634781,2079
23714,r6i1p1f1,2079,12,05,0.40698855233152714,13.051163,2.8390079,2079
23715,r6i1p1f1,2079,12,06,1.6257591333493098,8.787074,0.9263773,2079
23716,r6i1p1f1,2079,12,07,0.06076861800995699,8.966569,-1.7934407,2079
23717,r6i1p1f1,2079,12,08,0.0,8.946763,-5.721618,2079
23718,r6i1p1f1,2079,12,09,1.5184702005935522,6.725339,-5.4723625,2079
23719,r6i1p1f1,2079,12,10,9.654649796872723,9.861347,-0.40981945,2079
23720,r6i1p1f1,2079,12,11,11.88410459323275,13.833513,4.4322906,2079
23721,r6i1p1f1,2079,12,12,0.31635744524397746,14.031582,7.1151958,2079
23722,r6i1p1f1,2079,12,13,0.0,16.618408,5.6057673,2079
23723,r6i1p1f1,2079,12,14,0.0,16.565674,5.208648,2079
23724,r6i1p1f1,2079,12,15,0.0,16.806822,1.886512,2079
23725,r6i1p1f1,2079,12,16,13.477612262413565,11.955219,1.862735,2079
23726,r6i1p1f1,2079,12,17,7.007470493962579,9.9034605,-0.6040613,2079
23727,r6i1p1f1,2079,12,18,26.740980926310517,13.117762,4.6826873,2079
23728,r6i1p1f1,2079,12,19,4.677322311914868,13.81798,7.272132,2079
23729,r6i1p1f1,2079,12,20,7.680577968937358,13.734922,7.116037,2079
23730,r6i1p1f1,2079,12,21,11.244622160710955,13.000351,1.1465178,2079
23731,r6i1p1f1,2079,12,22,0.0,17.64879,3.2223728,2079
23732,r6i1p1f1,2079,12,23,28.98903948885399,12.632193,6.985944,2079
23733,r6i1p1f1,2079,12,24,9.008419050015453,12.058796,3.451603,2079
23734,r6i1p1f1,2079,12,25,0.0,16.21357,2.2156289,2079
23735,r6i1p1f1,2079,12,26,14.409387645538667,10.512699,-0.30943793,2079
23736,r6i1p1f1,2079,12,27,56.441317020080696,10.273624,4.4421144,2079
23737,r6i1p1f1,2079,12,28,12.757947842924244,10.963413,5.9898915,2079
23738,r6i1p1f1,2079,12,29,0.0,14.230335,2.2425568,2079
23739,r6i1p1f1,2079,12,30,0.0,16.20328,3.3782005,2079
23740,r6i1p1f1,2079,12,31,0.0,19.056007,6.493102,2079
23741,r6i1p1f1,2080,01,01,0.0,18.377806,7.085188,2080
23742,r6i1p1f1,2080,01,02,0.0,12.973971,2.946382,2080
23743,r6i1p1f1,2080,01,03,0.0001180066377280294,13.232093,2.0675635,2080
23744,r6i1p1f1,2080,01,04,0.0017973171757253033,16.012726,4.239019,2080
23745,r6i1p1f1,2080,01,05,0.0,18.74012,4.3322206,2080
23746,r6i1p1f1,2080,01,06,0.0,18.690619,5.2095656,2080
23747,r6i1p1f1,2080,01,07,2.228945682733021,14.601154,4.8833785,2080
23748,r6i1p1f1,2080,01,08,17.060507413411212,9.2140255,2.6148608,2080
23749,r6i1p1f1,2080,01,09,7.966080411855819,10.095265,4.237481,2080
23750,r6i1p1f1,2080,01,10,4.485024339176176,12.146968,6.8698797,2080
23751,r6i1p1f1,2080,01,11,2.291671089987658,14.590133,7.447069,2080
23752,r6i1p1f1,2080,01,12,0.0,16.382544,2.4284327,2080
23753,r6i1p1f1,2080,01,13,0.0,12.290743,-1.0405483,2080
23754,r6i1p1f1,2080,01,14,0.0,12.111275,-2.9122355,2080
23755,r6i1p1f1,2080,01,15,0.0,10.699298,-3.250235,2080
23756,r6i1p1f1,2080,01,16,0.0,11.374066,-1.8931756,2080
23757,r6i1p1f1,2080,01,17,0.0,16.284279,0.68655616,2080
23758,r6i1p1f1,2080,01,18,0.0,17.046434,3.350921,2080
23759,r6i1p1f1,2080,01,19,7.315036404471167,10.421291,2.6092994,2080
23760,r6i1p1f1,2080,01,20,1.716506126099645,8.357503,2.2169738,2080
23761,r6i1p1f1,2080,01,21,0.0,11.745273,-2.1142185,2080
23762,r6i1p1f1,2080,01,22,11.930418592987941,7.9377546,0.64327556,2080
23763,r6i1p1f1,2080,01,23,10.963012311687056,12.447221,2.478922,2080
23764,r6i1p1f1,2080,01,24,30.981754084610003,14.559865,7.5851665,2080
23765,r6i1p1f1,2080,01,25,34.9642243141469,12.61975,3.627938,2080
23766,r6i1p1f1,2080,01,26,5.6041651908695425,9.344942,1.674698,2080
23767,r6i1p1f1,2080,01,27,3.4922695982115446,9.493306,-0.82881004,2080
23768,r6i1p1f1,2080,01,28,25.335380040539306,8.774661,3.0533154,2080
23769,r6i1p1f1,2080,01,29,0.0,12.212623,2.6661139,2080
23770,r6i1p1f1,2080,01,30,0.0,16.208326,0.7060608,2080
23771,r6i1p1f1,2080,01,31,0.0,17.447107,1.3370119,2080
23772,r6i1p1f1,2080,02,01,0.0,18.079624,1.8625506,2080
23773,r6i1p1f1,2080,02,02,0.03319992219776556,17.469446,3.682833,2080
23774,r6i1p1f1,2080,02,03,0.0,16.732784,4.955,2080
23775,r6i1p1f1,2080,02,04,1.8267602517744623,15.373917,5.4157405,2080
23776,r6i1p1f1,2080,02,05,0.842058747879154,12.822845,1.1114435,2080
23777,r6i1p1f1,2080,02,06,0.0356947359811586,8.498383,-3.7830706,2080
23778,r6i1p1f1,2080,02,07,5.166669003042266,4.1400514,-2.2821503,2080
23779,r6i1p1f1,2080,02,08,9.04215509334946,8.975216,-0.85225767,2080
23780,r6i1p1f1,2080,02,09,16.272798524967236,9.897145,-3.161913,2080
23781,r6i1p1f1,2080,02,10,0.02910954632770463,7.987349,-4.6074786,2080
23782,r6i1p1f1,2080,02,11,0.025809349032675295,8.776784,-3.5954351,2080
23783,r6i1p1f1,2080,02,12,15.636614195764395,6.397586,-1.8070616,2080
23784,r6i1p1f1,2080,02,13,13.543526384473116,5.533169,-1.6643534,2080
23785,r6i1p1f1,2080,02,14,10.079835762639986,2.2334225,-5.567177,2080
23786,r6i1p1f1,2080,02,15,0.24953383768959764,3.5648837,-9.104586,2080
23787,r6i1p1f1,2080,02,16,0.0,3.7624292,-9.001415,2080
23788,r6i1p1f1,2080,02,17,0.0,4.625095,-8.302408,2080
23789,r6i1p1f1,2080,02,18,0.0,7.6481557,-4.362681,2080
23790,r6i1p1f1,2080,02,19,0.012699091305165043,8.085407,-1.2230793,2080
23791,r6i1p1f1,2080,02,20,0.0,9.394472,-4.75374,2080
23792,r6i1p1f1,2080,02,21,0.0,13.312826,-0.55449206,2080
23793,r6i1p1f1,2080,02,22,0.0,16.765993,6.247723,2080
23794,r6i1p1f1,2080,02,23,0.0,20.971039,4.6875343,2080
23795,r6i1p1f1,2080,02,24,0.0,21.391075,6.2582088,2080
23796,r6i1p1f1,2080,02,25,0.0,21.70041,6.2477713,2080
23797,r6i1p1f1,2080,02,26,7.240587560582384,20.073992,4.962155,2080
23798,r6i1p1f1,2080,02,27,7.014302935846512,15.956609,5.8192644,2080
23799,r6i1p1f1,2080,02,28,1.5774692880573344,14.566612,2.660825,2080
23800,r6i1p1f1,2080,02,29,0.0,16.270996,1.8066442,2080
23801,r6i1p1f1,2080,03,01,0.4851282918125527,17.558466,0.15087564,2080
23802,r6i1p1f1,2080,03,02,0.4853357787333138,10.862567,-0.27535862,2080
23803,r6i1p1f1,2080,03,03,0.5303558394462842,9.82757,-2.4260304,2080
23804,r6i1p1f1,2080,03,04,0.0,13.212696,-4.729441,2080
23805,r6i1p1f1,2080,03,05,0.121978215229815,10.922516,-3.4833186,2080
23806,r6i1p1f1,2080,03,06,0.0013525835862783948,9.891494,-7.041192,2080
23807,r6i1p1f1,2080,03,07,0.0028594870369543905,13.59058,-1.2752821,2080
23808,r6i1p1f1,2080,03,08,0.37335165045879704,15.838387,3.3645968,2080
23809,r6i1p1f1,2080,03,09,3.4531289077886282,11.907352,3.9272733,2080
23810,r6i1p1f1,2080,03,10,0.680828387472786,12.833864,5.683103,2080
23811,r6i1p1f1,2080,03,11,15.06365671164838,10.6450405,2.7712724,2080
23812,r6i1p1f1,2080,03,12,41.09568597643971,11.7388315,-3.780436,2080
23813,r6i1p1f1,2080,03,13,2.778824478285724,8.410194,-4.9667306,2080
23814,r6i1p1f1,2080,03,14,0.01704260381756465,12.237091,0.20838991,2080
23815,r6i1p1f1,2080,03,15,11.776436180838076,8.652379,0.046668194,2080
23816,r6i1p1f1,2080,03,16,9.033344822381466,11.892717,0.9534159,2080
23817,r6i1p1f1,2080,03,17,0.0,19.818554,2.4752717,2080
23818,r6i1p1f1,2080,03,18,0.0,22.860638,5.019361,2080
23819,r6i1p1f1,2080,03,19,0.01703682627507533,23.838493,5.722588,2080
23820,r6i1p1f1,2080,03,20,0.12091192485126423,18.279745,4.455717,2080
23821,r6i1p1f1,2080,03,21,0.0,16.148115,0.31929323,2080
23822,r6i1p1f1,2080,03,22,0.0,15.393982,-1.1245526,2080
23823,r6i1p1f1,2080,03,23,0.0,18.44595,1.4416974,2080
23824,r6i1p1f1,2080,03,24,0.0,23.402353,4.338545,2080
23825,r6i1p1f1,2080,03,25,0.0,24.915369,6.9182997,2080
23826,r6i1p1f1,2080,03,26,0.0,25.265392,8.082754,2080
23827,r6i1p1f1,2080,03,27,0.24032357807731944,18.002161,-0.8946609,2080
23828,r6i1p1f1,2080,03,28,0.030288023106769816,8.940704,-3.3983123,2080
23829,r6i1p1f1,2080,03,29,0.0,12.624066,-1.7722125,2080
23830,r6i1p1f1,2080,03,30,2.412351344009356,8.477463,-3.3742304,2080
23831,r6i1p1f1,2080,03,31,13.209530267603869,10.876499,-4.725574,2080
23832,r6i1p1f1,2080,04,01,4.126903058376414,15.710572,1.6776314,2080
23833,r6i1p1f1,2080,04,02,0.0,23.079203,6.605718,2080
23834,r6i1p1f1,2080,04,03,0.0,23.377853,6.3132434,2080
23835,r6i1p1f1,2080,04,04,0.11312860135031458,22.392614,5.819166,2080
23836,r6i1p1f1,2080,04,05,0.9024922717105047,13.282578,-3.053641,2080
23837,r6i1p1f1,2080,04,06,0.17865400554543587,10.754169,-0.6550444,2080
23838,r6i1p1f1,2080,04,07,1.9892210966517176,7.64608,-1.8436711,2080
23839,r6i1p1f1,2080,04,08,0.730322731456575,6.9308534,-1.679872,2080
23840,r6i1p1f1,2080,04,09,22.089179122798463,4.772759,-5.2305074,2080
23841,r6i1p1f1,2080,04,10,4.338577032357846,1.1779982,-6.0949936,2080
23842,r6i1p1f1,2080,04,11,0.14080372335304045,8.297871,-5.2680273,2080
23843,r6i1p1f1,2080,04,12,0.0,17.043367,-1.3629589,2080
23844,r6i1p1f1,2080,04,13,0.18424252089793647,19.55693,1.731108,2080
23845,r6i1p1f1,2080,04,14,11.61916046718964,10.212804,-1.1059314,2080
23846,r6i1p1f1,2080,04,15,1.5471180342837265,11.762013,1.2963444,2080
23847,r6i1p1f1,2080,04,16,0.02050220574409602,12.085154,0.7857922,2080
23848,r6i1p1f1,2080,04,17,1.8569244650093695,12.836317,0.16701874,2080
23849,r6i1p1f1,2080,04,18,0.06012719783702516,19.478788,0.8865242,2080
23850,r6i1p1f1,2080,04,19,6.935597739917801,14.835804,-2.2154055,2080
23851,r6i1p1f1,2080,04,20,4.13788628992914,11.115442,-1.7294976,2080
23852,r6i1p1f1,2080,04,21,1.7316060434828233,16.443241,-1.2047261,2080
23853,r6i1p1f1,2080,04,22,0.03833233002064409,19.815432,3.1053674,2080
23854,r6i1p1f1,2080,04,23,3.3996928218009743,16.27344,-2.1015687,2080
23855,r6i1p1f1,2080,04,24,1.778310020263443,16.302738,-0.2828375,2080
23856,r6i1p1f1,2080,04,25,0.0950505862283851,17.734968,5.6353927,2080
23857,r6i1p1f1,2080,04,26,0.8565729524182044,15.599128,5.2326646,2080
23858,r6i1p1f1,2080,04,27,0.025195583987443242,17.540682,5.6292505,2080
23859,r6i1p1f1,2080,04,28,0.19438594992489613,17.992134,4.3790593,2080
23860,r6i1p1f1,2080,04,29,0.05664201043350671,19.049189,1.6660913,2080
23861,r6i1p1f1,2080,04,30,1.434356744174946,18.133259,3.3213983,2080
23862,r6i1p1f1,2080,05,01,0.12814830817071396,17.758404,1.4733747,2080
23863,r6i1p1f1,2080,05,02,11.116868595482064,11.804015,0.2711945,2080
23864,r6i1p1f1,2080,05,03,5.463046954589775,11.182819,-0.75563365,2080
23865,r6i1p1f1,2080,05,04,4.082152632437105,11.841344,1.077992,2080
23866,r6i1p1f1,2080,05,05,0.0,21.634249,2.2454643,2080
23867,r6i1p1f1,2080,05,06,0.0,23.387796,4.083265,2080
23868,r6i1p1f1,2080,05,07,1.4582661839017577,17.424086,4.5631986,2080
23869,r6i1p1f1,2080,05,08,0.4315134212285575,17.738642,5.932627,2080
23870,r6i1p1f1,2080,05,09,0.1313207758047616,20.864243,1.141527,2080
23871,r6i1p1f1,2080,05,10,0.0018471764711208167,23.350962,4.524435,2080
23872,r6i1p1f1,2080,05,11,0.8969892462422205,16.131657,3.1320999,2080
23873,r6i1p1f1,2080,05,12,4.83692600069812,16.08587,0.6053631,2080
23874,r6i1p1f1,2080,05,13,3.571166836305533,20.622417,1.3298993,2080
23875,r6i1p1f1,2080,05,14,7.297923528166603,17.324615,-0.2554918,2080
23876,r6i1p1f1,2080,05,15,2.5645539574839495,15.11135,1.2948962,2080
23877,r6i1p1f1,2080,05,16,4.793610787428158,17.7518,2.0474758,2080
23878,r6i1p1f1,2080,05,17,0.15059110225327133,22.526922,4.504627,2080
23879,r6i1p1f1,2080,05,18,0.6735100353442439,23.243155,2.8604002,2080
23880,r6i1p1f1,2080,05,19,0.25834680753771977,24.968767,4.814872,2080
23881,r6i1p1f1,2080,05,20,0.006264347856454173,25.861765,6.5512886,2080
23882,r6i1p1f1,2080,05,21,0.016733682114593106,24.074354,7.408287,2080
23883,r6i1p1f1,2080,05,22,0.7088824861802898,13.493544,1.7280155,2080
23884,r6i1p1f1,2080,05,23,0.05758196619102039,19.429884,2.4593892,2080
23885,r6i1p1f1,2080,05,24,0.0,24.584112,5.171927,2080
23886,r6i1p1f1,2080,05,25,0.0,30.495544,9.512556,2080
23887,r6i1p1f1,2080,05,26,0.0,33.265385,13.122129,2080
23888,r6i1p1f1,2080,05,27,0.0,33.302162,13.576615,2080
23889,r6i1p1f1,2080,05,28,0.016737606616800016,30.44847,11.712198,2080
23890,r6i1p1f1,2080,05,29,0.008315807660920412,28.953611,9.982475,2080
23891,r6i1p1f1,2080,05,30,0.0,31.584255,11.884566,2080
23892,r6i1p1f1,2080,05,31,0.0,31.453789,12.742656,2080
23893,r6i1p1f1,2080,06,01,3.30495630863751,29.988354,10.481507,2080
23894,r6i1p1f1,2080,06,02,0.1663115752939862,32.1095,12.179045,2080
23895,r6i1p1f1,2080,06,03,1.249704078100526,31.458006,11.302693,2080
23896,r6i1p1f1,2080,06,04,0.9817045875262822,31.048729,12.433793,2080
23897,r6i1p1f1,2080,06,05,1.5041904012147271,26.998308,8.216348,2080
23898,r6i1p1f1,2080,06,06,2.226182301024335,21.892162,4.4900656,2080
23899,r6i1p1f1,2080,06,07,0.051109355779418275,27.632105,8.512801,2080
23900,r6i1p1f1,2080,06,08,0.0,30.908033,11.033664,2080
23901,r6i1p1f1,2080,06,09,0.0,30.899374,12.513996,2080
23902,r6i1p1f1,2080,06,10,0.6017935108622637,27.310434,7.595538,2080
23903,r6i1p1f1,2080,06,11,0.0,22.760641,3.2965438,2080
23904,r6i1p1f1,2080,06,12,0.3429237710033757,25.427223,6.7669697,2080
23905,r6i1p1f1,2080,06,13,0.8565792439799748,24.65063,6.5242066,2080
23906,r6i1p1f1,2080,06,14,0.08897982196900286,29.090471,8.921949,2080
23907,r6i1p1f1,2080,06,15,0.0,32.060658,12.238506,2080
23908,r6i1p1f1,2080,06,16,0.0,32.41291,12.632491,2080
23909,r6i1p1f1,2080,06,17,0.0,33.080093,12.889197,2080
23910,r6i1p1f1,2080,06,18,0.0,32.6847,12.267345,2080
23911,r6i1p1f1,2080,06,19,0.0,29.706648,9.988162,2080
23912,r6i1p1f1,2080,06,20,0.0,29.45441,10.800658,2080
23913,r6i1p1f1,2080,06,21,0.0,28.665659,9.379232,2080
23914,r6i1p1f1,2080,06,22,0.0,29.663092,10.271456,2080
23915,r6i1p1f1,2080,06,23,0.0,33.13041,12.266715,2080
23916,r6i1p1f1,2080,06,24,0.0,33.463158,13.710117,2080
23917,r6i1p1f1,2080,06,25,2.283568534250627,30.780783,11.648043,2080
23918,r6i1p1f1,2080,06,26,2.4957404736936586,27.506834,8.43272,2080
23919,r6i1p1f1,2080,06,27,0.5793156032052283,29.643497,10.372353,2080
23920,r6i1p1f1,2080,06,28,0.003041740890043797,32.42067,13.412544,2080
23921,r6i1p1f1,2080,06,29,0.00027678986871440835,31.03805,12.285279,2080
23922,r6i1p1f1,2080,06,30,0.0,28.762625,9.937339,2080
23923,r6i1p1f1,2080,07,01,0.0,31.605343,11.184234,2080
23924,r6i1p1f1,2080,07,02,0.0,31.668468,12.755031,2080
23925,r6i1p1f1,2080,07,03,0.0,31.998528,11.912089,2080
23926,r6i1p1f1,2080,07,04,0.6476390523716389,31.578932,12.692907,2080
23927,r6i1p1f1,2080,07,05,0.11803201051494099,33.724167,12.505387,2080
23928,r6i1p1f1,2080,07,06,0.503476008014245,33.716923,13.389863,2080
23929,r6i1p1f1,2080,07,07,0.0,34.449337,13.2624235,2080
23930,r6i1p1f1,2080,07,08,0.0,34.017693,15.323683,2080
23931,r6i1p1f1,2080,07,09,0.0,34.765816,14.387928,2080
23932,r6i1p1f1,2080,07,10,0.0,35.44165,14.108512,2080
23933,r6i1p1f1,2080,07,11,0.0,35.09906,13.822617,2080
23934,r6i1p1f1,2080,07,12,0.0,33.884518,13.004677,2080
23935,r6i1p1f1,2080,07,13,0.0,34.35034,13.244622,2080
23936,r6i1p1f1,2080,07,14,0.0,37.343887,16.159613,2080
23937,r6i1p1f1,2080,07,15,0.0,39.241444,16.807407,2080
23938,r6i1p1f1,2080,07,16,0.0,39.321648,17.660511,2080
23939,r6i1p1f1,2080,07,17,0.0,38.13679,16.296072,2080
23940,r6i1p1f1,2080,07,18,0.0,38.63569,16.94078,2080
23941,r6i1p1f1,2080,07,19,0.0,39.895664,18.145521,2080
23942,r6i1p1f1,2080,07,20,0.4793320962199944,39.540096,17.487701,2080
23943,r6i1p1f1,2080,07,21,0.0,38.077858,16.849789,2080
23944,r6i1p1f1,2080,07,22,0.0,38.423283,17.3178,2080
23945,r6i1p1f1,2080,07,23,0.0,39.19884,17.511635,2080
23946,r6i1p1f1,2080,07,24,0.0,39.59847,17.653957,2080
23947,r6i1p1f1,2080,07,25,0.0,39.67533,17.796625,2080
23948,r6i1p1f1,2080,07,26,0.0,39.258106,17.901993,2080
23949,r6i1p1f1,2080,07,27,0.0,37.518204,16.220358,2080
23950,r6i1p1f1,2080,07,28,0.0,35.759506,15.162768,2080
23951,r6i1p1f1,2080,07,29,0.0,36.212536,15.865199,2080
23952,r6i1p1f1,2080,07,30,0.0,38.000042,15.954428,2080
23953,r6i1p1f1,2080,07,31,0.0,38.823444,16.595322,2080
23954,r6i1p1f1,2080,08,01,0.0,38.978813,17.26805,2080
23955,r6i1p1f1,2080,08,02,0.04241539036822412,38.021286,16.092531,2080
23956,r6i1p1f1,2080,08,03,0.0,36.564278,15.607172,2080
23957,r6i1p1f1,2080,08,04,0.0,36.036507,15.374066,2080
23958,r6i1p1f1,2080,08,05,0.0,35.369804,13.677557,2080
23959,r6i1p1f1,2080,08,06,0.8429367306828431,35.201122,14.747005,2080
23960,r6i1p1f1,2080,08,07,0.0,36.0836,14.634501,2080
23961,r6i1p1f1,2080,08,08,0.0,37.22986,15.562909,2080
23962,r6i1p1f1,2080,08,09,0.7394534388802476,37.717922,16.127876,2080
23963,r6i1p1f1,2080,08,10,0.0,37.21267,15.307963,2080
23964,r6i1p1f1,2080,08,11,0.0,36.982296,15.097017,2080
23965,r6i1p1f1,2080,08,12,0.0,35.85424,13.960666,2080
23966,r6i1p1f1,2080,08,13,0.890324645840052,33.321026,12.432237,2080
23967,r6i1p1f1,2080,08,14,0.005128161029970818,30.959988,11.240246,2080
23968,r6i1p1f1,2080,08,15,0.39087125067495887,28.457304,9.497056,2080
23969,r6i1p1f1,2080,08,16,0.4863684727599723,27.379333,8.359778,2080
23970,r6i1p1f1,2080,08,17,0.0003005079863461572,28.19606,8.837934,2080
23971,r6i1p1f1,2080,08,18,0.0,30.783045,10.984179,2080
23972,r6i1p1f1,2080,08,19,0.0,33.78394,13.012333,2080
23973,r6i1p1f1,2080,08,20,0.0,34.53876,14.100512,2080
23974,r6i1p1f1,2080,08,21,0.0,35.354824,14.791807,2080
23975,r6i1p1f1,2080,08,22,0.0,35.68157,15.326226,2080
23976,r6i1p1f1,2080,08,23,0.0,35.80107,15.017488,2080
23977,r6i1p1f1,2080,08,24,0.0,34.777004,14.581008,2080
23978,r6i1p1f1,2080,08,25,0.0,34.17476,13.628939,2080
23979,r6i1p1f1,2080,08,26,0.0,33.55135,12.433574,2080
23980,r6i1p1f1,2080,08,27,0.0,33.448524,12.193313,2080
23981,r6i1p1f1,2080,08,28,0.0,35.381966,13.611299,2080
23982,r6i1p1f1,2080,08,29,0.0,35.72384,14.790185,2080
23983,r6i1p1f1,2080,08,30,0.0,36.055367,14.643049,2080
23984,r6i1p1f1,2080,08,31,0.0,35.922466,15.4738655,2080
23985,r6i1p1f1,2080,09,01,0.3424573055052701,34.57989,16.07718,2080
23986,r6i1p1f1,2080,09,02,0.1569506367572495,34.048584,15.059081,2080
23987,r6i1p1f1,2080,09,03,0.0895817954952442,33.908142,13.52209,2080
23988,r6i1p1f1,2080,09,04,0.0006376612496068019,33.592747,15.472828,2080
23989,r6i1p1f1,2080,09,05,0.0,32.075066,13.179433,2080
23990,r6i1p1f1,2080,09,06,2.0556228050519247,27.104456,8.338773,2080
23991,r6i1p1f1,2080,09,07,0.06204611729174819,26.604198,8.1169,2080
23992,r6i1p1f1,2080,09,08,0.00923828318311138,26.44858,8.641728,2080
23993,r6i1p1f1,2080,09,09,0.0,26.91517,8.46549,2080
23994,r6i1p1f1,2080,09,10,0.012576336357859524,27.739918,8.31914,2080
23995,r6i1p1f1,2080,09,11,0.0782517410434394,27.985819,8.761837,2080
23996,r6i1p1f1,2080,09,12,0.008944756635325353,29.325766,11.314157,2080
23997,r6i1p1f1,2080,09,13,2.8845916507454827,25.709803,8.077758,2080
23998,r6i1p1f1,2080,09,14,4.068728590658439,24.106283,7.1404934,2080
23999,r6i1p1f1,2080,09,15,17.387548332446492,22.200352,5.548383,2080
24000,r6i1p1f1,2080,09,16,18.65571434303465,21.72176,5.424685,2080
24001,r6i1p1f1,2080,09,17,4.535867276484581,21.958368,4.5659027,2080
24002,r6i1p1f1,2080,09,18,0.4509955408155449,23.277945,6.469007,2080
24003,r6i1p1f1,2080,09,19,0.0,24.656742,8.424952,2080
24004,r6i1p1f1,2080,09,20,0.06840692668670566,27.505974,10.196338,2080
24005,r6i1p1f1,2080,09,21,0.9656384098142111,27.294437,9.915361,2080
24006,r6i1p1f1,2080,09,22,0.5492718678188531,27.275534,8.923332,2080
24007,r6i1p1f1,2080,09,23,0.0,30.13244,12.420717,2080
24008,r6i1p1f1,2080,09,24,0.0,31.209042,12.787645,2080
24009,r6i1p1f1,2080,09,25,0.0,30.018293,11.495781,2080
24010,r6i1p1f1,2080,09,26,0.0,25.94236,7.906211,2080
24011,r6i1p1f1,2080,09,27,0.0,22.435421,4.476459,2080
24012,r6i1p1f1,2080,09,28,0.0,18.724293,1.312675,2080
24013,r6i1p1f1,2080,09,29,0.0,19.020727,2.1624677,2080
24014,r6i1p1f1,2080,09,30,0.6847695688239164,18.034914,2.4043446,2080
24015,r6i1p1f1,2080,10,01,0.7326989658261986,18.316336,3.9564378,2080
24016,r6i1p1f1,2080,10,02,0.06954077266894754,22.90669,4.6966743,2080
24017,r6i1p1f1,2080,10,03,0.0,25.360186,4.8769827,2080
24018,r6i1p1f1,2080,10,04,0.0,24.934235,4.8041453,2080
24019,r6i1p1f1,2080,10,05,0.0,26.049221,5.9249697,2080
24020,r6i1p1f1,2080,10,06,0.9255522565222745,22.118269,5.1717443,2080
24021,r6i1p1f1,2080,10,07,1.432265683650696,17.651724,3.3715832,2080
24022,r6i1p1f1,2080,10,08,0.0,20.972971,2.6127822,2080
24023,r6i1p1f1,2080,10,09,0.1499931528826346,20.862085,4.6924253,2080
24024,r6i1p1f1,2080,10,10,0.0,22.276045,4.536409,2080
24025,r6i1p1f1,2080,10,11,6.8776090339323,18.701803,5.3886943,2080
24026,r6i1p1f1,2080,10,12,1.0493679054524983,15.687037,-0.28467035,2080
24027,r6i1p1f1,2080,10,13,0.0,19.04258,0.5127885,2080
24028,r6i1p1f1,2080,10,14,10.715073733598633,17.643518,6.0965242,2080
24029,r6i1p1f1,2080,10,15,8.965307093473495,15.060544,5.778354,2080
24030,r6i1p1f1,2080,10,16,0.0,18.736485,2.5542643,2080
24031,r6i1p1f1,2080,10,17,0.0,19.423168,4.4587307,2080
24032,r6i1p1f1,2080,10,18,0.0,21.09347,5.246945,2080
24033,r6i1p1f1,2080,10,19,0.0,25.864527,6.2985516,2080
24034,r6i1p1f1,2080,10,20,0.0,28.408922,7.3399415,2080
24035,r6i1p1f1,2080,10,21,0.0,29.561895,9.143896,2080
24036,r6i1p1f1,2080,10,22,0.0,28.294249,9.022316,2080
24037,r6i1p1f1,2080,10,23,0.0,25.644112,7.539875,2080
24038,r6i1p1f1,2080,10,24,0.0,25.593866,7.5792522,2080
24039,r6i1p1f1,2080,10,25,6.0873820278061856e-05,25.36604,6.491351,2080
24040,r6i1p1f1,2080,10,26,0.0,25.805614,7.5246944,2080
24041,r6i1p1f1,2080,10,27,1.4364107610816852,21.179804,5.436188,2080
24042,r6i1p1f1,2080,10,28,0.009176006066781643,15.832476,1.1285156,2080
24043,r6i1p1f1,2080,10,29,0.0,17.167183,1.4707706,2080
24044,r6i1p1f1,2080,10,30,0.0,19.046703,2.5708146,2080
24045,r6i1p1f1,2080,10,31,0.0,18.0796,2.288304,2080
24046,r6i1p1f1,2080,11,01,0.0,20.502676,4.1049895,2080
24047,r6i1p1f1,2080,11,02,0.0,22.52032,4.9474487,2080
24048,r6i1p1f1,2080,11,03,0.0,22.316822,5.9024887,2080
24049,r6i1p1f1,2080,11,04,0.0,26.09883,5.500904,2080
24050,r6i1p1f1,2080,11,05,0.0,25.872177,7.7881417,2080
24051,r6i1p1f1,2080,11,06,0.0,26.510616,7.637983,2080
24052,r6i1p1f1,2080,11,07,0.005017394590625254,24.58731,7.6544147,2080
24053,r6i1p1f1,2080,11,08,0.23926154096216487,16.103897,6.059976,2080
24054,r6i1p1f1,2080,11,09,6.43865724713384,12.199395,3.0541139,2080
24055,r6i1p1f1,2080,11,10,0.6356803889584436,9.09655,-0.61545306,2080
24056,r6i1p1f1,2080,11,11,6.125998312455643,8.733608,0.70150614,2080
24057,r6i1p1f1,2080,11,12,0.4091961318711076,10.171288,1.3703241,2080
24058,r6i1p1f1,2080,11,13,0.07291185537817077,12.904584,-0.7093881,2080
24059,r6i1p1f1,2080,11,14,0.0,13.702473,-3.021131,2080
24060,r6i1p1f1,2080,11,15,0.0,14.398901,-2.3950152,2080
24061,r6i1p1f1,2080,11,16,0.0,15.67691,-0.5852878,2080
24062,r6i1p1f1,2080,11,17,0.2639713071642438,11.292686,1.9478823,2080
24063,r6i1p1f1,2080,11,18,0.18827693682567892,11.822578,3.9129832,2080
24064,r6i1p1f1,2080,11,19,0.019760145028948062,14.640263,0.29445544,2080
24065,r6i1p1f1,2080,11,20,3.8979346998915663,8.175325,1.0142905,2080
24066,r6i1p1f1,2080,11,21,1.146832420334041,6.7273493,-6.6731825,2080
24067,r6i1p1f1,2080,11,22,0.005593476101471373,6.858385,-4.1373954,2080
24068,r6i1p1f1,2080,11,23,0.0,11.46818,-4.421396,2080
24069,r6i1p1f1,2080,11,24,0.0009197895836985044,13.642378,-2.0002644,2080
24070,r6i1p1f1,2080,11,25,0.015782506299032897,11.861812,3.3345847,2080
24071,r6i1p1f1,2080,11,26,0.7199582925632656,11.258548,0.63842064,2080
24072,r6i1p1f1,2080,11,27,0.0,14.994595,-2.5224311,2080
24073,r6i1p1f1,2080,11,28,0.8019363362658583,11.067134,0.20515113,2080
24074,r6i1p1f1,2080,11,29,0.06235335824005271,4.9423904,-5.708435,2080
24075,r6i1p1f1,2080,11,30,0.0,8.795219,-10.285794,2080
24076,r6i1p1f1,2080,12,01,0.0,9.522467,-4.0646076,2080
24077,r6i1p1f1,2080,12,02,0.0,11.462581,-2.8059564,2080
24078,r6i1p1f1,2080,12,03,0.0,12.119101,-1.9877734,2080
24079,r6i1p1f1,2080,12,04,0.010059628780222974,12.538307,0.09882169,2080
24080,r6i1p1f1,2080,12,05,0.0,12.009999,-0.5661101,2080
24081,r6i1p1f1,2080,12,06,0.03232557473927421,13.823103,1.7120227,2080
24082,r6i1p1f1,2080,12,07,3.795245499988867,11.662794,0.40078416,2080
24083,r6i1p1f1,2080,12,08,11.204843548235747,7.105163,1.4642446,2080
24084,r6i1p1f1,2080,12,09,2.828818485385173,6.498142,-0.6392218,2080
24085,r6i1p1f1,2080,12,10,3.4536707174659886,5.7155514,-7.431847,2080
24086,r6i1p1f1,2080,12,11,44.24919282438877,4.195308,-4.978063,2080
24087,r6i1p1f1,2080,12,12,18.59317394472248,3.439235,-3.751706,2080
24088,r6i1p1f1,2080,12,13,0.0,4.684713,-4.951856,2080
24089,r6i1p1f1,2080,12,14,1.628808333300369,3.4676213,-2.5725427,2080
24090,r6i1p1f1,2080,12,15,0.1742184814305926,4.388096,-2.046813,2080
24091,r6i1p1f1,2080,12,16,0.0,4.479647,-9.299745,2080
24092,r6i1p1f1,2080,12,17,0.0,5.2380686,-7.2081985,2080
24093,r6i1p1f1,2080,12,18,0.0,9.590709,-5.8292418,2080
24094,r6i1p1f1,2080,12,19,0.0,9.936899,-4.949671,2080
24095,r6i1p1f1,2080,12,20,0.0,12.57592,-3.045652,2080
24096,r6i1p1f1,2080,12,21,0.0,9.708445,-1.8376696,2080
24097,r6i1p1f1,2080,12,22,3.993022475757882,4.2478404,-4.3198752,2080
24098,r6i1p1f1,2080,12,23,2.3996855916743565,-0.4504703,-10.991601,2080
24099,r6i1p1f1,2080,12,24,0.15710161388329202,1.8747085,-10.453608,2080
24100,r6i1p1f1,2080,12,25,4.6265645905429285,0.7783763,-8.001038,2080
24101,r6i1p1f1,2080,12,26,11.02539670538237,4.871403,-5.030286,2080
24102,r6i1p1f1,2080,12,27,6.320161451117067,5.7336254,-0.9571472,2080
24103,r6i1p1f1,2080,12,28,9.269555916887743,6.198986,-2.2296596,2080
24104,r6i1p1f1,2080,12,29,4.45269000869918,5.0437613,-0.5673944,2080
24105,r6i1p1f1,2080,12,30,0.0,5.348024,-2.4322019,2080
24106,r6i1p1f1,2080,12,31,0.0,6.096213,-4.851771,2080
24107,r6i1p1f1,2081,01,01,0.0,9.0360365,-1.4029609,2081
24108,r6i1p1f1,2081,01,02,0.0,11.950036,1.7325057,2081
24109,r6i1p1f1,2081,01,03,0.0,14.017776,0.93637073,2081
24110,r6i1p1f1,2081,01,04,0.0,16.772686,2.7809823,2081
24111,r6i1p1f1,2081,01,05,0.0,17.588314,3.5259304,2081
24112,r6i1p1f1,2081,01,06,0.0,18.134844,3.2545674,2081
24113,r6i1p1f1,2081,01,07,0.0,16.72393,3.1604803,2081
24114,r6i1p1f1,2081,01,08,0.20501893848446615,13.448074,6.1335793,2081
24115,r6i1p1f1,2081,01,09,0.08064275094678905,14.97223,5.2514505,2081
24116,r6i1p1f1,2081,01,10,0.0,15.676506,3.6994395,2081
24117,r6i1p1f1,2081,01,11,0.0,17.051702,5.6030803,2081
24118,r6i1p1f1,2081,01,12,0.03451128823158828,15.773444,5.450055,2081
24119,r6i1p1f1,2081,01,13,0.05998527175497516,14.664118,4.262593,2081
24120,r6i1p1f1,2081,01,14,10.564152326063882,13.054878,4.064799,2081
24121,r6i1p1f1,2081,01,15,20.540172638366563,11.096434,3.4994853,2081
24122,r6i1p1f1,2081,01,16,4.995760250087191,10.111688,-2.4529839,2081
24123,r6i1p1f1,2081,01,17,1.6045246324899212,6.996616,0.6914892,2081
24124,r6i1p1f1,2081,01,18,13.72202661693012,3.9233565,-2.9622862,2081
24125,r6i1p1f1,2081,01,19,0.0,6.498994,-3.8593283,2081
24126,r6i1p1f1,2081,01,20,17.774232476301037,6.641711,-4.7638116,2081
24127,r6i1p1f1,2081,01,21,20.32558340073921,7.296644,0.28978422,2081
24128,r6i1p1f1,2081,01,22,4.799920414314135,9.381599,0.4249395,2081
24129,r6i1p1f1,2081,01,23,4.012256692137311,8.107446,1.9351456,2081
24130,r6i1p1f1,2081,01,24,6.949292179743139,10.93416,3.2445111,2081
24131,r6i1p1f1,2081,01,25,8.527780378422069,10.485846,2.628615,2081
24132,r6i1p1f1,2081,01,26,58.96929030040083,10.593315,0.9511437,2081
24133,r6i1p1f1,2081,01,27,38.626396545846255,8.551718,-5.3713727,2081
24134,r6i1p1f1,2081,01,28,29.774725981830596,9.739126,1.3577262,2081
24135,r6i1p1f1,2081,01,29,22.678742279472868,12.433497,1.7386098,2081
24136,r6i1p1f1,2081,01,30,8.417736189644327,13.262174,7.401694,2081
24137,r6i1p1f1,2081,01,31,8.163017687632028,11.120027,3.0511591,2081
24138,r6i1p1f1,2081,02,01,18.175690013155336,12.932933,1.6727422,2081
24139,r6i1p1f1,2081,02,02,14.400965686114672,13.728261,6.333743,2081
24140,r6i1p1f1,2081,02,03,0.6035936617549577,16.02078,7.236282,2081
24141,r6i1p1f1,2081,02,04,1.2577515853521344,15.155464,6.0181346,2081
24142,r6i1p1f1,2081,02,05,10.906635534037077,13.385937,6.445118,2081
24143,r6i1p1f1,2081,02,06,26.79999772566164,13.061131,6.592586,2081
24144,r6i1p1f1,2081,02,07,12.86579324271477,14.524492,-1.6261837,2081
24145,r6i1p1f1,2081,02,08,22.72915308710493,10.08063,0.756942,2081
24146,r6i1p1f1,2081,02,09,3.757352672066661,10.486209,1.5233305,2081
24147,r6i1p1f1,2081,02,10,0.0034387273300363957,12.71526,-0.15595943,2081
24148,r6i1p1f1,2081,02,11,9.296062658142242,10.134143,-0.4305337,2081
24149,r6i1p1f1,2081,02,12,30.44036078026012,11.289843,0.09859309,2081
24150,r6i1p1f1,2081,02,13,41.971630186792254,11.3539915,4.058004,2081
24151,r6i1p1f1,2081,02,14,0.13534054809502666,16.309937,3.9001129,2081
24152,r6i1p1f1,2081,02,15,0.4865523815517265,17.846903,3.0480745,2081
24153,r6i1p1f1,2081,02,16,10.313806553533732,12.251267,3.425858,2081
24154,r6i1p1f1,2081,02,17,10.477912424132523,12.267193,5.090199,2081
24155,r6i1p1f1,2081,02,18,12.686170319395066,14.865585,4.7883997,2081
24156,r6i1p1f1,2081,02,19,20.505869644614698,16.058905,1.59818,2081
24157,r6i1p1f1,2081,02,20,5.363853820504223,9.432546,-1.7830912,2081
24158,r6i1p1f1,2081,02,21,7.753730569586532,5.385384,-0.59574866,2081
24159,r6i1p1f1,2081,02,22,7.298169265880158,7.513794,-1.2420284,2081
24160,r6i1p1f1,2081,02,23,7.208836136549689,7.2598386,-0.831891,2081
24161,r6i1p1f1,2081,02,24,18.11255663970584,7.845992,-1.7437847,2081
24162,r6i1p1f1,2081,02,25,21.01933664467741,6.1806498,-4.3029947,2081
24163,r6i1p1f1,2081,02,26,17.255281905541867,2.8004043,-4.9410114,2081
24164,r6i1p1f1,2081,02,27,23.731708999107386,8.136326,-2.9155364,2081
24165,r6i1p1f1,2081,02,28,40.122444962729006,13.673134,-0.56124926,2081
24166,r6i1p1f1,2081,03,01,9.414344428317122,13.35574,-1.9895532,2081
24167,r6i1p1f1,2081,03,02,0.01081012492028835,11.840708,-2.2337892,2081
24168,r6i1p1f1,2081,03,03,5.9695734970900505,10.099881,-2.9386182,2081
24169,r6i1p1f1,2081,03,04,4.613242449981927,9.357949,-1.0952504,2081
24170,r6i1p1f1,2081,03,05,21.172229235918167,11.209903,1.588244,2081
24171,r6i1p1f1,2081,03,06,18.3496731382278,11.380002,2.1686497,2081
24172,r6i1p1f1,2081,03,07,3.7992604665810465,10.01303,3.3896782,2081
24173,r6i1p1f1,2081,03,08,1.0617819980636884,12.442586,5.0968256,2081
24174,r6i1p1f1,2081,03,09,0.0,14.968629,-1.4948907,2081
24175,r6i1p1f1,2081,03,10,0.0,18.218754,0.9928967,2081
24176,r6i1p1f1,2081,03,11,0.12442652970730365,21.169529,4.3411384,2081
24177,r6i1p1f1,2081,03,12,0.0,23.22324,6.9102135,2081
24178,r6i1p1f1,2081,03,13,0.0,22.926666,8.497517,2081
24179,r6i1p1f1,2081,03,14,0.018523891796011358,20.942142,3.9599822,2081
24180,r6i1p1f1,2081,03,15,0.43553271715568465,12.790733,-2.4998152,2081
24181,r6i1p1f1,2081,03,16,4.572583816540168,7.154297,-1.9327611,2081
24182,r6i1p1f1,2081,03,17,3.5198584435225904,4.7167883,-4.385278,2081
24183,r6i1p1f1,2081,03,18,0.13164778705242033,9.227702,-2.0816767,2081
24184,r6i1p1f1,2081,03,19,0.0006512805542877249,19.709358,-0.2757214,2081
24185,r6i1p1f1,2081,03,20,0.0,20.791458,3.015385,2081
24186,r6i1p1f1,2081,03,21,15.182428293382301,16.654446,0.47782078,2081
24187,r6i1p1f1,2081,03,22,45.82192614318478,12.27991,-2.6542566,2081
24188,r6i1p1f1,2081,03,23,2.001232782112773,7.9269357,-1.965227,2081
24189,r6i1p1f1,2081,03,24,2.5458050758201773,10.022598,0.42665553,2081
24190,r6i1p1f1,2081,03,25,0.04882732096001795,15.517354,3.3867774,2081
24191,r6i1p1f1,2081,03,26,17.299655253001823,11.375108,-3.7961695,2081
24192,r6i1p1f1,2081,03,27,0.024212900153090598,12.8552685,0.23890948,2081
24193,r6i1p1f1,2081,03,28,10.232853093480431,11.355544,-4.9872985,2081
24194,r6i1p1f1,2081,03,29,0.00902886619241169,6.475003,-2.486946,2081
24195,r6i1p1f1,2081,03,30,0.24365989822490958,9.754623,-3.2713249,2081
24196,r6i1p1f1,2081,03,31,1.0146584920785235,10.156915,-0.22138412,2081
24197,r6i1p1f1,2081,04,01,2.713232579778272,10.346144,1.7392633,2081
24198,r6i1p1f1,2081,04,02,8.825314537211952,9.539868,-2.1843894,2081
24199,r6i1p1f1,2081,04,03,0.006053754796721623,19.146513,-1.9715546,2081
24200,r6i1p1f1,2081,04,04,0.0,18.117443,0.22509244,2081
24201,r6i1p1f1,2081,04,05,4.552777448604109,9.925351,-5.425919,2081
24202,r6i1p1f1,2081,04,06,0.0,13.022176,-4.026909,2081
24203,r6i1p1f1,2081,04,07,0.000563071810179711,17.485954,-0.5118671,2081
24204,r6i1p1f1,2081,04,08,0.0,18.312893,0.67480546,2081
24205,r6i1p1f1,2081,04,09,0.0,23.124294,3.3409913,2081
24206,r6i1p1f1,2081,04,10,0.0,27.53332,7.572207,2081
24207,r6i1p1f1,2081,04,11,0.0,28.73701,9.670878,2081
24208,r6i1p1f1,2081,04,12,0.0,28.177015,10.100918,2081
24209,r6i1p1f1,2081,04,13,0.03503117065716099,22.995674,5.7616873,2081
24210,r6i1p1f1,2081,04,14,0.26743240034133847,19.974312,3.150535,2081
24211,r6i1p1f1,2081,04,15,0.0,23.378326,5.2585225,2081
24212,r6i1p1f1,2081,04,16,0.14345406178643,23.117788,5.053629,2081
24213,r6i1p1f1,2081,04,17,7.100282446686325,14.959965,1.7392914,2081
24214,r6i1p1f1,2081,04,18,0.009159665681505879,19.20765,5.739212,2081
24215,r6i1p1f1,2081,04,19,0.0,21.133598,3.1945667,2081
24216,r6i1p1f1,2081,04,20,0.018006160769801743,22.414715,5.027532,2081
24217,r6i1p1f1,2081,04,21,0.3823018672532449,18.19016,2.3986769,2081
24218,r6i1p1f1,2081,04,22,0.1469121620041265,19.836498,2.4806838,2081
24219,r6i1p1f1,2081,04,23,0.0,22.094973,3.4870186,2081
24220,r6i1p1f1,2081,04,24,0.0,23.646027,4.63,2081
24221,r6i1p1f1,2081,04,25,0.0,22.569431,4.229938,2081
24222,r6i1p1f1,2081,04,26,0.0,24.112448,4.7174625,2081
24223,r6i1p1f1,2081,04,27,0.0,24.683477,6.1446157,2081
24224,r6i1p1f1,2081,04,28,0.0,22.315804,2.4087198,2081
24225,r6i1p1f1,2081,04,29,0.0,17.632362,-0.6962483,2081
24226,r6i1p1f1,2081,04,30,0.0,18.652658,3.1862557,2081
24227,r6i1p1f1,2081,05,01,0.0,19.982893,2.7189093,2081
24228,r6i1p1f1,2081,05,02,0.0,21.336317,2.6289885,2081
24229,r6i1p1f1,2081,05,03,0.14026846908900906,20.227299,6.2726636,2081
24230,r6i1p1f1,2081,05,04,0.9676325279028843,19.813251,7.1401787,2081
24231,r6i1p1f1,2081,05,05,0.0,21.784134,3.5290973,2081
24232,r6i1p1f1,2081,05,06,0.0,23.290081,4.624624,2081
24233,r6i1p1f1,2081,05,07,0.0,24.117981,5.153411,2081
24234,r6i1p1f1,2081,05,08,8.481183203000882,18.69104,2.263398,2081
24235,r6i1p1f1,2081,05,09,2.664886635022922,17.180948,0.56241745,2081
24236,r6i1p1f1,2081,05,10,0.0,22.03143,2.6222196,2081
24237,r6i1p1f1,2081,05,11,0.0010129594101452575,20.81136,2.48009,2081
24238,r6i1p1f1,2081,05,12,0.0,21.184803,2.011655,2081
24239,r6i1p1f1,2081,05,13,0.015362669424728505,21.90804,4.4758286,2081
24240,r6i1p1f1,2081,05,14,0.014318199966708621,25.8533,5.8257375,2081
24241,r6i1p1f1,2081,05,15,0.03098503591351904,23.787237,6.604265,2081
24242,r6i1p1f1,2081,05,16,0.004886845933364401,26.693703,8.21098,2081
24243,r6i1p1f1,2081,05,17,0.10840261527312713,22.506506,5.070542,2081
24244,r6i1p1f1,2081,05,18,0.0,23.584478,5.280073,2081
24245,r6i1p1f1,2081,05,19,0.0,27.606478,9.461198,2081
24246,r6i1p1f1,2081,05,20,0.0,26.35521,6.1209173,2081
24247,r6i1p1f1,2081,05,21,0.0,23.16737,4.3328133,2081
24248,r6i1p1f1,2081,05,22,0.0,27.697777,8.377719,2081
24249,r6i1p1f1,2081,05,23,0.0,29.32447,10.048427,2081
24250,r6i1p1f1,2081,05,24,0.0,30.463188,10.537267,2081
24251,r6i1p1f1,2081,05,25,0.0,31.761808,10.828972,2081
24252,r6i1p1f1,2081,05,26,0.0,31.887993,11.827661,2081
24253,r6i1p1f1,2081,05,27,0.0,33.096844,13.076724,2081
24254,r6i1p1f1,2081,05,28,2.3206839241628963,29.888182,10.306748,2081
24255,r6i1p1f1,2081,05,29,2.70700059402075,21.038607,5.6470647,2081
24256,r6i1p1f1,2081,05,30,0.00032484174274010925,26.413877,9.080624,2081
24257,r6i1p1f1,2081,05,31,0.0,26.795774,8.314416,2081
24258,r6i1p1f1,2081,06,01,0.000508810277905799,23.622198,3.9858093,2081
24259,r6i1p1f1,2081,06,02,0.0,22.706282,2.5666606,2081
24260,r6i1p1f1,2081,06,03,0.0,28.14833,8.107876,2081
24261,r6i1p1f1,2081,06,04,0.0,29.314964,9.294767,2081
24262,r6i1p1f1,2081,06,05,0.0,29.055975,9.288507,2081
24263,r6i1p1f1,2081,06,06,0.0,32.427376,12.455808,2081
24264,r6i1p1f1,2081,06,07,0.0,32.251087,11.9433,2081
24265,r6i1p1f1,2081,06,08,0.0,33.310417,12.749286,2081
24266,r6i1p1f1,2081,06,09,0.0,32.729794,13.402755,2081
24267,r6i1p1f1,2081,06,10,7.78419728269845,19.517412,4.041957,2081
24268,r6i1p1f1,2081,06,11,3.24054497674041,17.613352,-1.8763077,2081
24269,r6i1p1f1,2081,06,12,0.0,25.275715,5.8948555,2081
24270,r6i1p1f1,2081,06,13,0.0,29.243488,9.524693,2081
24271,r6i1p1f1,2081,06,14,0.0,32.399395,12.946158,2081
24272,r6i1p1f1,2081,06,15,0.0,34.156704,15.431469,2081
24273,r6i1p1f1,2081,06,16,0.0,36.119198,15.492229,2081
24274,r6i1p1f1,2081,06,17,0.0,35.074074,14.451215,2081
24275,r6i1p1f1,2081,06,18,0.0,30.761196,10.791334,2081
24276,r6i1p1f1,2081,06,19,0.0,30.696442,12.339371,2081
24277,r6i1p1f1,2081,06,20,0.0,31.96401,11.4595785,2081
24278,r6i1p1f1,2081,06,21,0.07536715415606543,31.41603,10.920967,2081
24279,r6i1p1f1,2081,06,22,0.0,30.767649,11.513528,2081
24280,r6i1p1f1,2081,06,23,0.0,32.669487,11.54099,2081
24281,r6i1p1f1,2081,06,24,0.0,34.639645,12.690861,2081
24282,r6i1p1f1,2081,06,25,0.0,31.906124,11.901882,2081
24283,r6i1p1f1,2081,06,26,0.0,29.01381,8.423091,2081
24284,r6i1p1f1,2081,06,27,0.0,31.758844,11.480963,2081
24285,r6i1p1f1,2081,06,28,0.0,31.067623,11.237888,2081
24286,r6i1p1f1,2081,06,29,0.0,28.954533,9.507704,2081
24287,r6i1p1f1,2081,06,30,0.0,29.979856,9.691641,2081
24288,r6i1p1f1,2081,07,01,0.0,32.404705,10.741978,2081
24289,r6i1p1f1,2081,07,02,0.0,34.406334,12.008276,2081
24290,r6i1p1f1,2081,07,03,0.011211407489022853,33.925827,11.953254,2081
24291,r6i1p1f1,2081,07,04,0.06360205674231333,29.439598,9.388107,2081
24292,r6i1p1f1,2081,07,05,0.0,29.23534,9.6073885,2081
24293,r6i1p1f1,2081,07,06,0.0,30.860647,10.111281,2081
24294,r6i1p1f1,2081,07,07,0.040690339063757464,33.35189,11.190891,2081
24295,r6i1p1f1,2081,07,08,0.010820688303813383,32.57426,10.575832,2081
24296,r6i1p1f1,2081,07,09,0.0,29.604828,10.541067,2081
24297,r6i1p1f1,2081,07,10,0.0,28.2097,10.141034,2081
24298,r6i1p1f1,2081,07,11,0.009200986756527594,28.206463,9.112895,2081
24299,r6i1p1f1,2081,07,12,0.010438540570776639,28.91992,9.029605,2081
24300,r6i1p1f1,2081,07,13,0.0,33.082634,11.012646,2081
24301,r6i1p1f1,2081,07,14,0.0,33.584248,12.1199255,2081
24302,r6i1p1f1,2081,07,15,0.0,32.98549,11.265267,2081
24303,r6i1p1f1,2081,07,16,0.0,35.6829,13.521074,2081
24304,r6i1p1f1,2081,07,17,0.0,38.24108,15.982031,2081
24305,r6i1p1f1,2081,07,18,0.0,38.38105,15.565651,2081
24306,r6i1p1f1,2081,07,19,0.0,36.19175,14.188911,2081
24307,r6i1p1f1,2081,07,20,0.0,35.634403,14.853818,2081
24308,r6i1p1f1,2081,07,21,0.004688594187273859,36.032127,14.730759,2081
24309,r6i1p1f1,2081,07,22,0.09083066058436541,38.024376,16.994843,2081
24310,r6i1p1f1,2081,07,23,0.24194172456278654,38.38072,17.600456,2081
24311,r6i1p1f1,2081,07,24,0.16069231809415466,37.68007,17.383963,2081
24312,r6i1p1f1,2081,07,25,0.0,36.404133,16.025972,2081
24313,r6i1p1f1,2081,07,26,0.011047044628496889,34.885754,13.85978,2081
24314,r6i1p1f1,2081,07,27,0.0,36.023365,15.467196,2081
24315,r6i1p1f1,2081,07,28,0.0,37.959347,16.950087,2081
24316,r6i1p1f1,2081,07,29,0.0,39.09382,17.483824,2081
24317,r6i1p1f1,2081,07,30,0.0,39.561607,17.332113,2081
24318,r6i1p1f1,2081,07,31,0.0,38.44252,17.14641,2081
24319,r6i1p1f1,2081,08,01,1.4630191973012645,32.416515,17.80418,2081
24320,r6i1p1f1,2081,08,02,0.009483896111392524,31.521975,13.348863,2081
24321,r6i1p1f1,2081,08,03,0.0,34.31382,12.222829,2081
24322,r6i1p1f1,2081,08,04,0.0,34.36553,13.761473,2081
24323,r6i1p1f1,2081,08,05,0.0,35.224724,13.697098,2081
24324,r6i1p1f1,2081,08,06,0.0,35.618946,14.461445,2081
24325,r6i1p1f1,2081,08,07,0.0,35.248924,13.944414,2081
24326,r6i1p1f1,2081,08,08,0.0,36.17341,14.219598,2081
24327,r6i1p1f1,2081,08,09,0.0,37.741165,16.278221,2081
24328,r6i1p1f1,2081,08,10,0.0,37.659157,16.122292,2081
24329,r6i1p1f1,2081,08,11,0.0,36.117424,14.95283,2081
24330,r6i1p1f1,2081,08,12,0.0,34.61044,13.27849,2081
24331,r6i1p1f1,2081,08,13,0.0,35.295773,13.472443,2081
24332,r6i1p1f1,2081,08,14,0.0,36.292507,15.521596,2081
24333,r6i1p1f1,2081,08,15,0.0,37.715195,16.799778,2081
24334,r6i1p1f1,2081,08,16,0.0,38.804684,17.363083,2081
24335,r6i1p1f1,2081,08,17,0.0,37.903133,16.543081,2081
24336,r6i1p1f1,2081,08,18,0.0,36.063618,14.633914,2081
24337,r6i1p1f1,2081,08,19,0.0,35.2387,13.612108,2081
24338,r6i1p1f1,2081,08,20,0.0,36.431553,15.345172,2081
24339,r6i1p1f1,2081,08,21,0.0,37.445408,17.062708,2081
24340,r6i1p1f1,2081,08,22,0.0,38.749413,17.958452,2081
24341,r6i1p1f1,2081,08,23,0.0,39.353905,17.650785,2081
24342,r6i1p1f1,2081,08,24,0.0,38.012196,17.225534,2081
24343,r6i1p1f1,2081,08,25,0.0,36.4527,15.229637,2081
24344,r6i1p1f1,2081,08,26,0.006471744941110473,35.40161,15.01438,2081
24345,r6i1p1f1,2081,08,27,0.6501736868537062,35.309135,14.551577,2081
24346,r6i1p1f1,2081,08,28,0.0,35.593803,14.4104,2081
24347,r6i1p1f1,2081,08,29,0.0,34.85385,14.4701395,2081
24348,r6i1p1f1,2081,08,30,0.0,33.338142,13.151779,2081
24349,r6i1p1f1,2081,08,31,0.0,33.470913,12.163518,2081
24350,r6i1p1f1,2081,09,01,0.014975692861937962,33.320827,14.994934,2081
24351,r6i1p1f1,2081,09,02,0.0,34.12929,15.025105,2081
24352,r6i1p1f1,2081,09,03,0.0,34.350544,13.997954,2081
24353,r6i1p1f1,2081,09,04,0.0,33.81846,14.000483,2081
24354,r6i1p1f1,2081,09,05,0.0,32.279404,13.163611,2081
24355,r6i1p1f1,2081,09,06,0.013205001859244742,29.161364,10.334447,2081
24356,r6i1p1f1,2081,09,07,0.0,27.574327,9.272345,2081
24357,r6i1p1f1,2081,09,08,0.0,28.86801,8.698861,2081
24358,r6i1p1f1,2081,09,09,0.0,29.619547,9.995323,2081
24359,r6i1p1f1,2081,09,10,0.0,30.376682,10.32378,2081
24360,r6i1p1f1,2081,09,11,0.010828900516564788,29.5028,9.91908,2081
24361,r6i1p1f1,2081,09,12,1.1060293266637562,24.712717,8.594317,2081
24362,r6i1p1f1,2081,09,13,0.0,24.372929,6.8338003,2081
24363,r6i1p1f1,2081,09,14,0.0,29.306715,7.8711805,2081
24364,r6i1p1f1,2081,09,15,0.0,30.92474,9.795984,2081
24365,r6i1p1f1,2081,09,16,0.0,30.024284,9.006443,2081
24366,r6i1p1f1,2081,09,17,0.0,29.151794,8.445613,2081
24367,r6i1p1f1,2081,09,18,0.0,29.98791,8.9152775,2081
24368,r6i1p1f1,2081,09,19,1.006789826317618,27.398077,7.2316194,2081
24369,r6i1p1f1,2081,09,20,0.5444765712128723,21.526712,6.035516,2081
24370,r6i1p1f1,2081,09,21,0.0387123162548433,22.213907,4.440264,2081
24371,r6i1p1f1,2081,09,22,0.0,27.336508,7.258234,2081
24372,r6i1p1f1,2081,09,23,0.0,29.016815,8.258595,2081
24373,r6i1p1f1,2081,09,24,0.0,29.024664,9.839492,2081
24374,r6i1p1f1,2081,09,25,0.0,29.2475,9.945559,2081
24375,r6i1p1f1,2081,09,26,0.0,30.093822,12.152404,2081
24376,r6i1p1f1,2081,09,27,0.04585563459732182,28.93297,10.772323,2081
24377,r6i1p1f1,2081,09,28,0.0,27.468863,9.135253,2081
24378,r6i1p1f1,2081,09,29,0.0,31.763609,11.485233,2081
24379,r6i1p1f1,2081,09,30,0.0,30.729864,11.180347,2081
24380,r6i1p1f1,2081,10,01,0.0,29.405148,11.380437,2081
24381,r6i1p1f1,2081,10,02,0.0,30.445408,11.532394,2081
24382,r6i1p1f1,2081,10,03,0.0,33.090252,13.320183,2081
24383,r6i1p1f1,2081,10,04,0.0,33.51406,12.491875,2081
24384,r6i1p1f1,2081,10,05,0.0,31.4506,13.140738,2081
24385,r6i1p1f1,2081,10,06,0.0,28.715755,10.734342,2081
24386,r6i1p1f1,2081,10,07,0.005027035311365203,28.081831,7.727401,2081
24387,r6i1p1f1,2081,10,08,0.10560940461772589,27.087952,8.410926,2081
24388,r6i1p1f1,2081,10,09,0.37245568624009273,26.319849,7.0537763,2081
24389,r6i1p1f1,2081,10,10,0.0,27.4695,7.3866887,2081
24390,r6i1p1f1,2081,10,11,0.0,30.67748,9.041132,2081
24391,r6i1p1f1,2081,10,12,0.0,30.95877,9.878819,2081
24392,r6i1p1f1,2081,10,13,0.05760114294445883,27.502092,8.904852,2081
24393,r6i1p1f1,2081,10,14,1.9837573244609532,16.610222,5.321317,2081
24394,r6i1p1f1,2081,10,15,0.0,22.090925,3.997267,2081
24395,r6i1p1f1,2081,10,16,0.0,23.987759,5.4990406,2081
24396,r6i1p1f1,2081,10,17,0.1944393173800319,22.351429,5.75715,2081
24397,r6i1p1f1,2081,10,18,0.007522516836046268,17.76489,1.7444079,2081
24398,r6i1p1f1,2081,10,19,0.06804842459132973,15.58738,-0.7597605,2081
24399,r6i1p1f1,2081,10,20,0.0,21.004576,2.020878,2081
24400,r6i1p1f1,2081,10,21,0.0,25.458199,4.3783636,2081
24401,r6i1p1f1,2081,10,22,0.0,25.78486,6.33301,2081
24402,r6i1p1f1,2081,10,23,0.006272676196755699,21.556011,5.476347,2081
24403,r6i1p1f1,2081,10,24,0.03152350621770337,16.357557,2.3663604,2081
24404,r6i1p1f1,2081,10,25,0.0,15.743522,-1.7987162,2081
24405,r6i1p1f1,2081,10,26,0.0005257701081134685,16.717375,-0.4497423,2081
24406,r6i1p1f1,2081,10,27,0.0,25.210709,3.9778757,2081
24407,r6i1p1f1,2081,10,28,0.0,25.151257,6.613862,2081
24408,r6i1p1f1,2081,10,29,0.0,23.031057,5.9917006,2081
24409,r6i1p1f1,2081,10,30,5.760428313767688,16.99912,5.8266373,2081
24410,r6i1p1f1,2081,10,31,0.0,15.342491,2.2331142,2081
24411,r6i1p1f1,2081,11,01,0.0,19.366568,1.0201467,2081
24412,r6i1p1f1,2081,11,02,0.0,24.921059,5.2092237,2081
24413,r6i1p1f1,2081,11,03,0.0,24.931189,7.2925324,2081
24414,r6i1p1f1,2081,11,04,0.0,24.30643,6.5309796,2081
24415,r6i1p1f1,2081,11,05,0.0,24.603197,6.0752,2081
24416,r6i1p1f1,2081,11,06,0.0,21.764454,3.4255877,2081
24417,r6i1p1f1,2081,11,07,0.0,18.51029,2.7776856,2081
24418,r6i1p1f1,2081,11,08,0.4103329924316275,12.455543,2.420263,2081
24419,r6i1p1f1,2081,11,09,0.0036357974415552417,14.399193,-1.4361377,2081
24420,r6i1p1f1,2081,11,10,0.0121027437859849,14.363504,-2.1141777,2081
24421,r6i1p1f1,2081,11,11,1.349707665363512,9.360944,1.4086434,2081
24422,r6i1p1f1,2081,11,12,17.469758474038766,8.442333,1.4968383,2081
24423,r6i1p1f1,2081,11,13,14.576003819700697,6.3246374,-2.7093923,2081
24424,r6i1p1f1,2081,11,14,16.228062379346163,4.9470572,-1.8391919,2081
24425,r6i1p1f1,2081,11,15,5.606447342661889,4.2983932,-6.0729346,2081
24426,r6i1p1f1,2081,11,16,0.0006033643216504712,5.85438,-5.4307346,2081
24427,r6i1p1f1,2081,11,17,0.6509598265681935,5.3954434,-4.834739,2081
24428,r6i1p1f1,2081,11,18,4.41483838986267,4.4386244,-1.8943576,2081
24429,r6i1p1f1,2081,11,19,2.5546476807169176,5.114971,-2.7656,2081
24430,r6i1p1f1,2081,11,20,0.0,5.461381,-6.4148164,2081
24431,r6i1p1f1,2081,11,21,0.0,6.6805644,-6.7368326,2081
24432,r6i1p1f1,2081,11,22,0.05378729721009176,9.519793,-6.4544473,2081
24433,r6i1p1f1,2081,11,23,0.3034734736658811,11.129491,-1.1393425,2081
24434,r6i1p1f1,2081,11,24,0.0,10.816762,-4.923738,2081
24435,r6i1p1f1,2081,11,25,0.0,11.883178,-4.6298184,2081
24436,r6i1p1f1,2081,11,26,3.0169093232653803,10.432618,-3.5716925,2081
24437,r6i1p1f1,2081,11,27,19.58639015633428,8.543201,-0.12355486,2081
24438,r6i1p1f1,2081,11,28,0.13203168443573315,8.624099,-1.6395297,2081
24439,r6i1p1f1,2081,11,29,7.439332445480194,6.608579,-0.24085948,2081
24440,r6i1p1f1,2081,11,30,0.0010297597277180786,6.953643,-5.3475204,2081
24441,r6i1p1f1,2081,12,01,0.0,8.238697,-0.5928147,2081
24442,r6i1p1f1,2081,12,02,10.503416219662546,6.958779,1.5911359,2081
24443,r6i1p1f1,2081,12,03,12.431691063272275,6.070684,0.32628006,2081
24444,r6i1p1f1,2081,12,04,5.202311428363119,8.172001,-1.2876304,2081
24445,r6i1p1f1,2081,12,05,0.0,12.47809,3.7093153,2081
24446,r6i1p1f1,2081,12,06,11.021745160310035,8.773332,1.9024695,2081
24447,r6i1p1f1,2081,12,07,28.39614885219187,10.616072,2.4840434,2081
24448,r6i1p1f1,2081,12,08,56.033368976483096,11.674081,-1.758378,2081
24449,r6i1p1f1,2081,12,09,0.561565675010952,6.300711,-0.9246194,2081
24450,r6i1p1f1,2081,12,10,26.767843915011127,4.191498,-1.6491119,2081
24451,r6i1p1f1,2081,12,11,25.864952285013167,5.0606337,-2.320138,2081
24452,r6i1p1f1,2081,12,12,1.3985126424208447,4.9568677,-3.1132948,2081
24453,r6i1p1f1,2081,12,13,5.084065866853192,5.231218,-0.48399633,2081
24454,r6i1p1f1,2081,12,14,32.89712570233684,4.163591,-1.6362112,2081
24455,r6i1p1f1,2081,12,15,9.275333221903574,3.9482374,-1.8753661,2081
24456,r6i1p1f1,2081,12,16,0.008087315702291214,9.753599,-4.9068055,2081
24457,r6i1p1f1,2081,12,17,0.0,10.276383,-5.4255915,2081
24458,r6i1p1f1,2081,12,18,0.0,7.6105666,-1.8271176,2081
24459,r6i1p1f1,2081,12,19,0.11383860503425232,8.111318,-0.28514534,2081
24460,r6i1p1f1,2081,12,20,7.721282786198177,6.6954226,-1.0714647,2081
24461,r6i1p1f1,2081,12,21,0.022933451120182236,11.184238,1.7553709,2081
24462,r6i1p1f1,2081,12,22,0.0,13.994419,1.5344119,2081
24463,r6i1p1f1,2081,12,23,0.6914356599612158,11.836606,1.7080721,2081
24464,r6i1p1f1,2081,12,24,5.842652197911043,5.306891,-0.19919524,2081
24465,r6i1p1f1,2081,12,25,0.0,8.213748,-1.9444742,2081
24466,r6i1p1f1,2081,12,26,0.0,6.089175,-6.510805,2081
24467,r6i1p1f1,2081,12,27,0.0,6.9849586,-7.0513353,2081
24468,r6i1p1f1,2081,12,28,0.0,7.528774,-6.0027905,2081
24469,r6i1p1f1,2081,12,29,0.0,10.518633,-2.997393,2081
24470,r6i1p1f1,2081,12,30,0.0,12.668179,-1.8314936,2081
24471,r6i1p1f1,2081,12,31,0.0,11.792797,-2.7196517,2081
24472,r6i1p1f1,2082,01,01,0.0,10.667339,-4.210751,2082
24473,r6i1p1f1,2082,01,02,0.0,11.300052,-1.4599072,2082
24474,r6i1p1f1,2082,01,03,0.0,12.117424,-1.8927451,2082
24475,r6i1p1f1,2082,01,04,0.0,11.746343,-1.379456,2082
24476,r6i1p1f1,2082,01,05,0.0,14.915959,0.5290699,2082
24477,r6i1p1f1,2082,01,06,0.0,17.617767,2.708449,2082
24478,r6i1p1f1,2082,01,07,0.0,15.9255705,1.9721012,2082
24479,r6i1p1f1,2082,01,08,0.049316638743021335,10.775581,2.6615653,2082
24480,r6i1p1f1,2082,01,09,0.0,11.913629,-2.2073321,2082
24481,r6i1p1f1,2082,01,10,16.122301519376858,5.908937,0.21018355,2082
24482,r6i1p1f1,2082,01,11,3.9436358266784555,5.7441854,-0.28939283,2082
24483,r6i1p1f1,2082,01,12,14.398443948371405,5.3167663,-3.1437483,2082
24484,r6i1p1f1,2082,01,13,15.351228193131957,2.899907,-2.8046527,2082
24485,r6i1p1f1,2082,01,14,9.101320896317137,2.8785372,-3.2606475,2082
24486,r6i1p1f1,2082,01,15,0.0074953619834174515,6.746632,-4.1399074,2082
24487,r6i1p1f1,2082,01,16,0.008545035675021444,7.061187,-4.8427577,2082
24488,r6i1p1f1,2082,01,17,0.0,5.40446,-4.9822373,2082
24489,r6i1p1f1,2082,01,18,0.0,6.4146066,-7.8745165,2082
24490,r6i1p1f1,2082,01,19,0.0,6.3827686,-8.182237,2082
24491,r6i1p1f1,2082,01,20,22.509973809613154,2.7904425,-8.167073,2082
24492,r6i1p1f1,2082,01,21,47.321902560968624,4.076996,-2.5212297,2082
24493,r6i1p1f1,2082,01,22,28.11766956201502,2.1200476,-2.9543383,2082
24494,r6i1p1f1,2082,01,23,1.0025630357871733,3.6004033,-4.6180162,2082
24495,r6i1p1f1,2082,01,24,0.0,4.138048,-8.139061,2082
24496,r6i1p1f1,2082,01,25,1.813301055086828,2.9338949,-9.592295,2082
24497,r6i1p1f1,2082,01,26,0.5461960257811173,3.0365186,-8.8311405,2082
24498,r6i1p1f1,2082,01,27,0.5179713609182792,-0.017132496,-6.3969135,2082
24499,r6i1p1f1,2082,01,28,0.0,1.0067799,-10.358269,2082
24500,r6i1p1f1,2082,01,29,0.0,1.9153161,-10.943037,2082
24501,r6i1p1f1,2082,01,30,0.0,3.2555969,-10.382378,2082
24502,r6i1p1f1,2082,01,31,0.0,4.294738,-10.315538,2082
24503,r6i1p1f1,2082,02,01,0.0,6.9000516,-6.508873,2082
24504,r6i1p1f1,2082,02,02,0.0,10.029024,-4.422481,2082
24505,r6i1p1f1,2082,02,03,0.0,13.637848,2.2568521,2082
24506,r6i1p1f1,2082,02,04,0.0,14.3309145,0.7925355,2082
24507,r6i1p1f1,2082,02,05,0.0,13.624496,-0.40627596,2082
24508,r6i1p1f1,2082,02,06,0.0,14.636565,0.42566583,2082
24509,r6i1p1f1,2082,02,07,0.0,14.732978,1.6593086,2082
24510,r6i1p1f1,2082,02,08,26.670650836539238,11.951342,3.161208,2082
24511,r6i1p1f1,2082,02,09,49.370473627737,11.435251,4.394653,2082
24512,r6i1p1f1,2082,02,10,20.859250569524175,10.562641,-3.0421505,2082
24513,r6i1p1f1,2082,02,11,2.1236835287845364,3.3293395,-8.680465,2082
24514,r6i1p1f1,2082,02,12,0.019795522342112095,4.4033513,-2.1238089,2082
24515,r6i1p1f1,2082,02,13,6.489943461539168,5.745949,-2.498557,2082
24516,r6i1p1f1,2082,02,14,15.510800420607305,7.2269716,-2.8532846,2082
24517,r6i1p1f1,2082,02,15,31.942478858201028,6.122996,-0.72678035,2082
24518,r6i1p1f1,2082,02,16,0.0,8.0001335,-6.125711,2082
24519,r6i1p1f1,2082,02,17,0.0,8.315437,-8.300162,2082
24520,r6i1p1f1,2082,02,18,0.0,11.647314,-3.2589765,2082
24521,r6i1p1f1,2082,02,19,0.00039331028379647,8.425619,-0.8376959,2082
24522,r6i1p1f1,2082,02,20,18.976379148680834,9.5079565,0.7155947,2082
24523,r6i1p1f1,2082,02,21,8.720456641924608,10.235441,-1.7281168,2082
24524,r6i1p1f1,2082,02,22,0.5398247407478891,12.211956,0.03284166,2082
24525,r6i1p1f1,2082,02,23,1.3680931876871292,12.525746,0.33649167,2082
24526,r6i1p1f1,2082,02,24,0.06885912314596246,13.737043,2.0845337,2082
24527,r6i1p1f1,2082,02,25,0.0,15.405642,-0.74884886,2082
24528,r6i1p1f1,2082,02,26,0.0,18.065428,3.786391,2082
24529,r6i1p1f1,2082,02,27,0.0,16.95139,3.5544057,2082
24530,r6i1p1f1,2082,02,28,0.0,14.571107,4.1122956,2082
24531,r6i1p1f1,2082,03,01,0.0,18.204414,1.1865965,2082
24532,r6i1p1f1,2082,03,02,0.0,18.992722,1.4567642,2082
24533,r6i1p1f1,2082,03,03,0.0,18.873957,1.1742173,2082
24534,r6i1p1f1,2082,03,04,0.0,19.818968,1.7800435,2082
24535,r6i1p1f1,2082,03,05,0.0014219919310082278,18.211254,3.116904,2082
24536,r6i1p1f1,2082,03,06,0.7634047112227581,13.309168,2.0488415,2082
24537,r6i1p1f1,2082,03,07,0.0,20.184689,2.7938218,2082
24538,r6i1p1f1,2082,03,08,0.0,20.37887,2.9446054,2082
24539,r6i1p1f1,2082,03,09,15.280935485622296,12.209821,2.3255625,2082
24540,r6i1p1f1,2082,03,10,0.3829991076440054,10.351199,0.57978195,2082
24541,r6i1p1f1,2082,03,11,0.13123328797281988,7.8489738,0.10240812,2082
24542,r6i1p1f1,2082,03,12,0.022112667313062613,9.607156,-2.5430067,2082
24543,r6i1p1f1,2082,03,13,0.0,13.385567,-5.5786057,2082
24544,r6i1p1f1,2082,03,14,0.009277314145540104,12.319926,-3.506225,2082
24545,r6i1p1f1,2082,03,15,1.0849110168020244,7.485016,-2.8650155,2082
24546,r6i1p1f1,2082,03,16,0.0,8.22929,-6.9168286,2082
24547,r6i1p1f1,2082,03,17,0.0050023699877161446,7.894313,-1.0130737,2082
24548,r6i1p1f1,2082,03,18,0.0,8.717378,-7.6887426,2082
24549,r6i1p1f1,2082,03,19,0.0,11.317055,-7.122579,2082
24550,r6i1p1f1,2082,03,20,0.0,15.059233,-4.2261972,2082
24551,r6i1p1f1,2082,03,21,0.0,18.297789,0.0823957,2082
24552,r6i1p1f1,2082,03,22,4.017299258836519,16.044092,0.101670004,2082
24553,r6i1p1f1,2082,03,23,11.766828295511385,10.84523,3.4284809,2082
24554,r6i1p1f1,2082,03,24,2.4794516963621507,10.01953,-1.7097563,2082
24555,r6i1p1f1,2082,03,25,16.25832449150381,10.571413,-2.709051,2082
24556,r6i1p1f1,2082,03,26,1.8352723446385855,11.434245,-1.6839169,2082
24557,r6i1p1f1,2082,03,27,2.9786111406453473,8.416675,-1.5396919,2082
24558,r6i1p1f1,2082,03,28,7.725437473169501,6.67901,-4.0728884,2082
24559,r6i1p1f1,2082,03,29,0.24766351249595783,12.045819,-2.191123,2082
24560,r6i1p1f1,2082,03,30,0.0,14.798883,-1.9989092,2082
24561,r6i1p1f1,2082,03,31,0.0,18.112331,-0.41015097,2082
24562,r6i1p1f1,2082,04,01,0.024124854208048104,15.290497,6.874554,2082
24563,r6i1p1f1,2082,04,02,0.0,19.229155,4.9585605,2082
24564,r6i1p1f1,2082,04,03,0.0,25.212027,4.9528413,2082
24565,r6i1p1f1,2082,04,04,0.0,26.579327,9.049409,2082
24566,r6i1p1f1,2082,04,05,0.0,28.648764,9.819321,2082
24567,r6i1p1f1,2082,04,06,0.0,28.830875,10.5952425,2082
24568,r6i1p1f1,2082,04,07,0.004777985652680643,25.01772,7.3538795,2082
24569,r6i1p1f1,2082,04,08,4.243896944826157,11.838285,-2.7575936,2082
24570,r6i1p1f1,2082,04,09,0.0,13.984323,0.7971987,2082
24571,r6i1p1f1,2082,04,10,0.0,17.557734,3.1927629,2082
24572,r6i1p1f1,2082,04,11,0.43647483427488254,14.825668,2.9967983,2082
24573,r6i1p1f1,2082,04,12,7.782526426561095,11.874133,1.7808906,2082
24574,r6i1p1f1,2082,04,13,0.07061999531229833,14.871043,1.2148509,2082
24575,r6i1p1f1,2082,04,14,3.7530883541965347,10.172913,-1.4225535,2082
24576,r6i1p1f1,2082,04,15,1.0190930868697847,9.90852,-1.5491495,2082
24577,r6i1p1f1,2082,04,16,0.3348614157564448,11.572476,-0.9427952,2082
24578,r6i1p1f1,2082,04,17,0.0,18.447104,2.09602,2082
24579,r6i1p1f1,2082,04,18,0.0,17.582893,-0.9693692,2082
24580,r6i1p1f1,2082,04,19,0.0,16.44531,0.32513916,2082
24581,r6i1p1f1,2082,04,20,0.0,16.675795,2.188019,2082
24582,r6i1p1f1,2082,04,21,0.0,18.810457,2.8958492,2082
24583,r6i1p1f1,2082,04,22,0.7396090987316262,18.185957,5.8593616,2082
24584,r6i1p1f1,2082,04,23,0.0,18.24331,2.336492,2082
24585,r6i1p1f1,2082,04,24,0.0,17.966606,0.6724887,2082
24586,r6i1p1f1,2082,04,25,0.0729036956275626,17.764574,0.0022003646,2082
24587,r6i1p1f1,2082,04,26,0.0,17.281805,-1.0239992,2082
24588,r6i1p1f1,2082,04,27,0.013796951693200462,18.658634,2.4739149,2082
24589,r6i1p1f1,2082,04,28,0.029642452085281178,15.202063,-1.4419882,2082
24590,r6i1p1f1,2082,04,29,0.7587797846683227,12.17052,3.625078,2082
24591,r6i1p1f1,2082,04,30,0.0010362978347871832,15.412075,-0.2718916,2082
24592,r6i1p1f1,2082,05,01,0.0,18.863003,0.06791507,2082
24593,r6i1p1f1,2082,05,02,0.0,22.419209,2.9063666,2082
24594,r6i1p1f1,2082,05,03,0.11027693189718686,23.945358,5.463492,2082
24595,r6i1p1f1,2082,05,04,0.0,26.914078,7.497197,2082
24596,r6i1p1f1,2082,05,05,1.052667231772527,23.528574,5.6977286,2082
24597,r6i1p1f1,2082,05,06,1.2172684389580957,16.209438,-0.48132658,2082
24598,r6i1p1f1,2082,05,07,0.023393717021452397,18.589043,1.1994458,2082
24599,r6i1p1f1,2082,05,08,0.2605991232157762,18.960686,2.671825,2082
24600,r6i1p1f1,2082,05,09,0.006039825381082943,25.318396,5.8488817,2082
24601,r6i1p1f1,2082,05,10,0.0,31.33731,9.74577,2082
24602,r6i1p1f1,2082,05,11,0.02076821404913822,31.227936,10.984505,2082
24603,r6i1p1f1,2082,05,12,0.4605861464618693,20.509094,3.3261776,2082
24604,r6i1p1f1,2082,05,13,0.0,26.775383,6.975627,2082
24605,r6i1p1f1,2082,05,14,0.0,26.653803,7.4445434,2082
24606,r6i1p1f1,2082,05,15,0.0,24.438997,5.4694858,2082
24607,r6i1p1f1,2082,05,16,0.0,24.264652,5.723709,2082
24608,r6i1p1f1,2082,05,17,0.0,24.517405,4.853186,2082
24609,r6i1p1f1,2082,05,18,0.0,24.786854,6.6566052,2082
24610,r6i1p1f1,2082,05,19,0.12745219814541925,21.539751,4.5395913,2082
24611,r6i1p1f1,2082,05,20,3.278640510246091,17.943,4.743287,2082
24612,r6i1p1f1,2082,05,21,6.46235865005271,15.911777,2.9377844,2082
24613,r6i1p1f1,2082,05,22,0.15763490290903295,23.876791,5.335818,2082
24614,r6i1p1f1,2082,05,23,0.0,27.677546,8.81391,2082
24615,r6i1p1f1,2082,05,24,0.0,27.778664,9.136365,2082
24616,r6i1p1f1,2082,05,25,0.0,27.816381,9.217218,2082
24617,r6i1p1f1,2082,05,26,0.0,28.11449,8.637588,2082
24618,r6i1p1f1,2082,05,27,0.0,28.184807,8.910866,2082
24619,r6i1p1f1,2082,05,28,0.0,29.865059,10.671873,2082
24620,r6i1p1f1,2082,05,29,0.0,28.729315,10.62259,2082
24621,r6i1p1f1,2082,05,30,0.0007978220567812039,26.989944,7.551313,2082
24622,r6i1p1f1,2082,05,31,0.0,25.285572,6.3998513,2082
24623,r6i1p1f1,2082,06,01,0.0,27.790358,7.7413025,2082
24624,r6i1p1f1,2082,06,02,0.0,28.31972,8.926334,2082
24625,r6i1p1f1,2082,06,03,0.0,27.281765,7.563526,2082
24626,r6i1p1f1,2082,06,04,0.0,23.203175,5.040581,2082
24627,r6i1p1f1,2082,06,05,0.0,26.18778,5.729955,2082
24628,r6i1p1f1,2082,06,06,0.0,26.376713,7.27975,2082
24629,r6i1p1f1,2082,06,07,2.4170217504908256,18.192299,6.593045,2082
24630,r6i1p1f1,2082,06,08,0.25495940003145445,20.799381,1.9405284,2082
24631,r6i1p1f1,2082,06,09,0.0,24.237545,4.7503004,2082
24632,r6i1p1f1,2082,06,10,0.0,24.967213,9.704037,2082
24633,r6i1p1f1,2082,06,11,0.0,25.85264,7.5086527,2082
24634,r6i1p1f1,2082,06,12,0.0,25.458412,6.637129,2082
24635,r6i1p1f1,2082,06,13,0.0,23.818193,5.185289,2082
24636,r6i1p1f1,2082,06,14,0.0,25.883387,5.7514772,2082
24637,r6i1p1f1,2082,06,15,0.0,28.843475,9.065637,2082
24638,r6i1p1f1,2082,06,16,0.0,31.469042,10.951532,2082
24639,r6i1p1f1,2082,06,17,0.0,31.657915,10.942181,2082
24640,r6i1p1f1,2082,06,18,0.0,25.663874,6.575726,2082
24641,r6i1p1f1,2082,06,19,0.46724301034112603,19.937346,1.9940675,2082
24642,r6i1p1f1,2082,06,20,0.04807391198452808,21.304827,3.087781,2082
24643,r6i1p1f1,2082,06,21,0.0,25.43724,5.5520616,2082
24644,r6i1p1f1,2082,06,22,0.0,30.482145,9.478695,2082
24645,r6i1p1f1,2082,06,23,0.0,35.093884,15.084808,2082
24646,r6i1p1f1,2082,06,24,0.0,36.621216,15.364096,2082
24647,r6i1p1f1,2082,06,25,0.0,36.22435,13.747622,2082
24648,r6i1p1f1,2082,06,26,0.0,34.681683,13.268325,2082
24649,r6i1p1f1,2082,06,27,0.0034878583345462665,34.592995,13.2472315,2082
24650,r6i1p1f1,2082,06,28,0.0,35.116467,13.721579,2082
24651,r6i1p1f1,2082,06,29,0.08671466815797307,33.347572,13.065851,2082
24652,r6i1p1f1,2082,06,30,0.0,33.6598,13.130858,2082
24653,r6i1p1f1,2082,07,01,0.0,34.90731,13.357124,2082
24654,r6i1p1f1,2082,07,02,0.3377737052226425,34.295483,13.2955475,2082
24655,r6i1p1f1,2082,07,03,0.0,34.675343,13.909608,2082
24656,r6i1p1f1,2082,07,04,0.0,36.362522,14.175077,2082
24657,r6i1p1f1,2082,07,05,0.0,37.068264,15.293089,2082
24658,r6i1p1f1,2082,07,06,0.0,36.719677,15.028247,2082
24659,r6i1p1f1,2082,07,07,0.0,35.463085,15.58195,2082
24660,r6i1p1f1,2082,07,08,0.0,34.73259,15.661063,2082
24661,r6i1p1f1,2082,07,09,0.0,33.15821,11.611839,2082
24662,r6i1p1f1,2082,07,10,0.0,33.900864,11.653455,2082
24663,r6i1p1f1,2082,07,11,0.0,35.909172,13.329321,2082
24664,r6i1p1f1,2082,07,12,0.0,35.499557,12.912959,2082
24665,r6i1p1f1,2082,07,13,0.0,32.339222,11.448001,2082
24666,r6i1p1f1,2082,07,14,0.0,31.145193,11.322728,2082
24667,r6i1p1f1,2082,07,15,0.0,32.235947,11.728327,2082
24668,r6i1p1f1,2082,07,16,0.047970706916039385,33.730038,12.186957,2082
24669,r6i1p1f1,2082,07,17,0.09108913302251272,34.672894,14.357867,2082
24670,r6i1p1f1,2082,07,18,0.04560325410440606,34.113316,13.73475,2082
24671,r6i1p1f1,2082,07,19,0.0,34.05796,17.982975,2082
24672,r6i1p1f1,2082,07,20,0.0,34.986946,15.221515,2082
24673,r6i1p1f1,2082,07,21,0.0,35.530724,15.758258,2082
24674,r6i1p1f1,2082,07,22,0.0,35.13271,16.243647,2082
24675,r6i1p1f1,2082,07,23,0.0,33.539425,14.101062,2082
24676,r6i1p1f1,2082,07,24,0.00991669139494539,33.956577,13.503493,2082
24677,r6i1p1f1,2082,07,25,0.7002563421261178,34.88642,14.796849,2082
24678,r6i1p1f1,2082,07,26,0.0683367684162966,34.39346,13.616908,2082
24679,r6i1p1f1,2082,07,27,0.04130442976486933,35.605183,14.58851,2082
24680,r6i1p1f1,2082,07,28,0.0,37.71799,16.428654,2082
24681,r6i1p1f1,2082,07,29,0.0,41.858246,18.918278,2082
24682,r6i1p1f1,2082,07,30,0.0,44.195015,23.323765,2082
24683,r6i1p1f1,2082,07,31,0.0,43.932144,22.168175,2082
24684,r6i1p1f1,2082,08,01,0.0,43.955147,22.292334,2082
24685,r6i1p1f1,2082,08,02,0.0,43.765945,21.715548,2082
24686,r6i1p1f1,2082,08,03,0.0,41.795143,19.694284,2082
24687,r6i1p1f1,2082,08,04,0.0,39.211784,17.121935,2082
24688,r6i1p1f1,2082,08,05,0.0,37.71985,16.391766,2082
24689,r6i1p1f1,2082,08,06,0.0,36.75455,15.129742,2082
24690,r6i1p1f1,2082,08,07,0.0,36.29697,15.239851,2082
24691,r6i1p1f1,2082,08,08,0.0,36.024952,14.745446,2082
24692,r6i1p1f1,2082,08,09,0.0,35.05831,13.190076,2082
24693,r6i1p1f1,2082,08,10,0.0,32.2749,11.683848,2082
24694,r6i1p1f1,2082,08,11,0.0,33.061527,11.497576,2082
24695,r6i1p1f1,2082,08,12,0.0,34.011578,12.614594,2082
24696,r6i1p1f1,2082,08,13,0.0,35.698395,13.874971,2082
24697,r6i1p1f1,2082,08,14,0.0,36.902046,14.901571,2082
24698,r6i1p1f1,2082,08,15,0.0,37.203716,15.849921,2082
24699,r6i1p1f1,2082,08,16,0.0,35.756077,15.028722,2082
24700,r6i1p1f1,2082,08,17,0.0,33.683285,13.014658,2082
24701,r6i1p1f1,2082,08,18,0.0,34.34563,12.6144,2082
24702,r6i1p1f1,2082,08,19,0.012835855560923789,34.44566,12.596677,2082
24703,r6i1p1f1,2082,08,20,0.0,34.21045,13.336482,2082
24704,r6i1p1f1,2082,08,21,0.0,33.727146,13.0731125,2082
24705,r6i1p1f1,2082,08,22,0.0,32.933647,12.191536,2082
24706,r6i1p1f1,2082,08,23,0.16631248880883928,30.853586,11.028819,2082
24707,r6i1p1f1,2082,08,24,0.20394949459858774,29.926226,11.299176,2082
24708,r6i1p1f1,2082,08,25,0.0,30.061539,10.362761,2082
24709,r6i1p1f1,2082,08,26,0.0,30.60032,11.920673,2082
24710,r6i1p1f1,2082,08,27,0.0,30.538017,11.699416,2082
24711,r6i1p1f1,2082,08,28,1.6416956419600646,29.011896,12.203636,2082
24712,r6i1p1f1,2082,08,29,0.17570260681011768,29.471506,9.925799,2082
24713,r6i1p1f1,2082,08,30,0.7759145651251619,26.916626,9.333095,2082
24714,r6i1p1f1,2082,08,31,1.0078689369257074,27.691454,8.686726,2082
24715,r6i1p1f1,2082,09,01,0.16015045002490114,28.448204,11.060095,2082
24716,r6i1p1f1,2082,09,02,0.03577575831199947,29.546247,10.912101,2082
24717,r6i1p1f1,2082,09,03,0.02592131591432078,28.048954,10.544163,2082
24718,r6i1p1f1,2082,09,04,0.0,29.142458,9.936573,2082
24719,r6i1p1f1,2082,09,05,0.0,33.357143,12.115058,2082
24720,r6i1p1f1,2082,09,06,0.0,32.828365,13.632009,2082
24721,r6i1p1f1,2082,09,07,0.0,31.620682,13.331563,2082
24722,r6i1p1f1,2082,09,08,0.14262135540569382,30.83454,12.626546,2082
24723,r6i1p1f1,2082,09,09,0.0,27.823256,11.053844,2082
24724,r6i1p1f1,2082,09,10,0.0,27.570917,10.124923,2082
24725,r6i1p1f1,2082,09,11,0.0,32.69026,11.371668,2082
24726,r6i1p1f1,2082,09,12,0.0,34.559128,14.770388,2082
24727,r6i1p1f1,2082,09,13,0.0,34.6515,15.09845,2082
24728,r6i1p1f1,2082,09,14,0.0,33.528725,13.791446,2082
24729,r6i1p1f1,2082,09,15,0.0,33.052162,12.893722,2082
24730,r6i1p1f1,2082,09,16,10.557111294546202,26.609352,8.960752,2082
24731,r6i1p1f1,2082,09,17,7.232430836923854,22.22544,5.386539,2082
24732,r6i1p1f1,2082,09,18,0.9977429738209037,27.123539,9.115939,2082
24733,r6i1p1f1,2082,09,19,0.012885237783133855,30.013597,11.949703,2082
24734,r6i1p1f1,2082,09,20,0.0,31.606628,13.267793,2082
24735,r6i1p1f1,2082,09,21,0.0,33.325672,13.472172,2082
24736,r6i1p1f1,2082,09,22,0.0,33.10589,15.089819,2082
24737,r6i1p1f1,2082,09,23,0.0,33.05986,13.850822,2082
24738,r6i1p1f1,2082,09,24,0.0,31.83559,12.098223,2082
24739,r6i1p1f1,2082,09,25,0.0,29.721556,11.696877,2082
24740,r6i1p1f1,2082,09,26,0.0,31.727018,13.592466,2082
24741,r6i1p1f1,2082,09,27,0.0,32.39177,13.40996,2082
24742,r6i1p1f1,2082,09,28,0.0,33.841244,13.0759535,2082
24743,r6i1p1f1,2082,09,29,0.0,34.615524,15.061984,2082
24744,r6i1p1f1,2082,09,30,0.0,34.33319,14.577476,2082
24745,r6i1p1f1,2082,10,01,0.0,33.536583,11.863039,2082
24746,r6i1p1f1,2082,10,02,0.0,33.37693,13.266748,2082
24747,r6i1p1f1,2082,10,03,0.0,33.400257,13.63948,2082
24748,r6i1p1f1,2082,10,04,0.0,32.360405,13.41973,2082
24749,r6i1p1f1,2082,10,05,0.0,33.551067,13.98605,2082
24750,r6i1p1f1,2082,10,06,0.0,33.276512,15.455284,2082
24751,r6i1p1f1,2082,10,07,0.0,32.368855,15.047115,2082
24752,r6i1p1f1,2082,10,08,1.3123836175295611,30.211676,12.182184,2082
24753,r6i1p1f1,2082,10,09,0.0,26.686014,8.8530445,2082
24754,r6i1p1f1,2082,10,10,0.0,28.273418,9.397335,2082
24755,r6i1p1f1,2082,10,11,0.0,27.973997,8.700987,2082
24756,r6i1p1f1,2082,10,12,0.0,29.657701,9.00107,2082
24757,r6i1p1f1,2082,10,13,0.0,31.309343,10.941703,2082
24758,r6i1p1f1,2082,10,14,0.0,31.500101,10.626558,2082
24759,r6i1p1f1,2082,10,15,0.0,30.908022,11.019966,2082
24760,r6i1p1f1,2082,10,16,0.0020427234427725176,31.108227,11.66833,2082
24761,r6i1p1f1,2082,10,17,0.009985176777646453,29.348404,8.28309,2082
24762,r6i1p1f1,2082,10,18,0.04057004340081976,25.81536,7.1075873,2082
24763,r6i1p1f1,2082,10,19,0.3622204322698043,17.958042,6.646148,2082
24764,r6i1p1f1,2082,10,20,0.8819170414139681,17.497877,6.540894,2082
24765,r6i1p1f1,2082,10,21,0.8243897837832909,19.661587,8.012036,2082
24766,r6i1p1f1,2082,10,22,27.009977471240948,16.999605,4.411983,2082
24767,r6i1p1f1,2082,10,23,0.6000109930560741,12.605788,0.71160644,2082
24768,r6i1p1f1,2082,10,24,0.0,15.449726,-1.6854652,2082
24769,r6i1p1f1,2082,10,25,0.7802193283730336,14.193256,2.5713685,2082
24770,r6i1p1f1,2082,10,26,0.15531903448015194,11.650149,0.48337534,2082
24771,r6i1p1f1,2082,10,27,0.0012375827043895663,12.448995,-0.5945295,2082
24772,r6i1p1f1,2082,10,28,0.016520255301142723,13.775908,0.099129334,2082
24773,r6i1p1f1,2082,10,29,0.0,13.811399,-1.3010582,2082
24774,r6i1p1f1,2082,10,30,0.0,14.384748,-1.7605679,2082
24775,r6i1p1f1,2082,10,31,1.2228875738565073,10.89413,-0.21828583,2082
24776,r6i1p1f1,2082,11,01,5.353093886501709,9.567002,0.8797125,2082
24777,r6i1p1f1,2082,11,02,9.389327065947585,11.566615,2.5564091,2082
24778,r6i1p1f1,2082,11,03,23.102870056600914,11.799226,4.648735,2082
24779,r6i1p1f1,2082,11,04,6.60602013186975,11.138188,4.54114,2082
24780,r6i1p1f1,2082,11,05,0.0733340571832085,15.735204,3.3419921,2082
24781,r6i1p1f1,2082,11,06,0.31238541760093824,17.818047,2.972173,2082
24782,r6i1p1f1,2082,11,07,0.8407278287877066,14.140981,4.457607,2082
24783,r6i1p1f1,2082,11,08,0.0,17.606699,1.5184335,2082
24784,r6i1p1f1,2082,11,09,0.0,18.630363,3.6911333,2082
24785,r6i1p1f1,2082,11,10,0.011997823006441624,17.143055,4.526833,2082
24786,r6i1p1f1,2082,11,11,0.047151750191124796,15.110282,5.1751137,2082
24787,r6i1p1f1,2082,11,12,0.0,16.245516,1.1995069,2082
24788,r6i1p1f1,2082,11,13,0.0,14.927523,2.0452144,2082
24789,r6i1p1f1,2082,11,14,0.0,16.054998,-0.74521846,2082
24790,r6i1p1f1,2082,11,15,0.017763828864146396,16.845564,2.680161,2082
24791,r6i1p1f1,2082,11,16,24.601436562112916,12.01128,2.9651246,2082
24792,r6i1p1f1,2082,11,17,0.0,13.208419,-1.8632357,2082
24793,r6i1p1f1,2082,11,18,0.1567308315121114,14.055144,4.8804345,2082
24794,r6i1p1f1,2082,11,19,0.0,15.447567,4.236314,2082
24795,r6i1p1f1,2082,11,20,0.0,15.866231,0.13168396,2082
24796,r6i1p1f1,2082,11,21,0.0,17.338505,0.7360906,2082
24797,r6i1p1f1,2082,11,22,0.1837106019804161,14.166461,2.0480382,2082
24798,r6i1p1f1,2082,11,23,0.012594092365270674,6.1088185,-8.385277,2082
24799,r6i1p1f1,2082,11,24,0.0,6.8178196,-11.59256,2082
24800,r6i1p1f1,2082,11,25,0.0,12.62913,-6.854657,2082
24801,r6i1p1f1,2082,11,26,0.0,13.44527,-3.8434515,2082
24802,r6i1p1f1,2082,11,27,0.6187743757276765,10.010182,-1.0756955,2082
24803,r6i1p1f1,2082,11,28,4.416908889070347,5.644724,-0.3455886,2082
24804,r6i1p1f1,2082,11,29,0.07868164735822053,7.878877,-7.204617,2082
24805,r6i1p1f1,2082,11,30,0.33474111738850165,6.7506866,-8.092738,2082
24806,r6i1p1f1,2082,12,01,0.23724672678389483,0.572644,-8.919439,2082
24807,r6i1p1f1,2082,12,02,0.13146145423357017,-0.09470105,-7.036011,2082
24808,r6i1p1f1,2082,12,03,2.3756807485484996,1.1383655,-9.087342,2082
24809,r6i1p1f1,2082,12,04,13.325067951114335,-0.13654616,-4.7150455,2082
24810,r6i1p1f1,2082,12,05,5.203397729167021,0.7322364,-6.1602855,2082
24811,r6i1p1f1,2082,12,06,7.242701284813541,-0.17179075,-9.0446825,2082
24812,r6i1p1f1,2082,12,07,1.3079624231225992,1.80894,-10.989877,2082
24813,r6i1p1f1,2082,12,08,0.0,1.4363993,-13.552414,2082
24814,r6i1p1f1,2082,12,09,0.0,5.3271933,-8.47367,2082
24815,r6i1p1f1,2082,12,10,0.0,5.208748,-5.37841,2082
24816,r6i1p1f1,2082,12,11,0.0,4.004271,-7.337994,2082
24817,r6i1p1f1,2082,12,12,0.0,4.0208406,-7.8769217,2082
24818,r6i1p1f1,2082,12,13,0.0,4.379292,-5.8190746,2082
24819,r6i1p1f1,2082,12,14,0.0,4.43829,-5.7743897,2082
24820,r6i1p1f1,2082,12,15,0.0,3.248601,-5.140034,2082
24821,r6i1p1f1,2082,12,16,0.0,5.5765104,-6.752876,2082
24822,r6i1p1f1,2082,12,17,0.0,8.043818,-6.0853815,2082
24823,r6i1p1f1,2082,12,18,0.0,11.0260725,-4.898202,2082
24824,r6i1p1f1,2082,12,19,0.0,10.992151,-4.0245814,2082
24825,r6i1p1f1,2082,12,20,0.0,10.986363,-2.5244174,2082
24826,r6i1p1f1,2082,12,21,4.552872665108082,7.9641576,-5.0564814,2082
24827,r6i1p1f1,2082,12,22,14.862616622457997,1.6119965,-3.2165484,2082
24828,r6i1p1f1,2082,12,23,17.176901619013844,2.698402,-5.5876665,2082
24829,r6i1p1f1,2082,12,24,1.6264236658394036,2.6737325,-4.0516315,2082
24830,r6i1p1f1,2082,12,25,0.0,3.046197,-7.550599,2082
24831,r6i1p1f1,2082,12,26,0.0,4.542714,-8.226784,2082
24832,r6i1p1f1,2082,12,27,0.0,6.344316,-7.350003,2082
24833,r6i1p1f1,2082,12,28,0.0,5.441,-7.713684,2082
24834,r6i1p1f1,2082,12,29,0.8579973778986233,1.193099,-8.663492,2082
24835,r6i1p1f1,2082,12,30,0.0,0.17769131,-12.49276,2082
24836,r6i1p1f1,2082,12,31,0.08854164557522236,1.8609494,-9.353926,2082
24837,r6i1p1f1,2083,01,01,0.0,2.5137086,-11.822442,2083
24838,r6i1p1f1,2083,01,02,0.0,1.9033796,-11.252893,2083
24839,r6i1p1f1,2083,01,03,0.2735912280646436,3.9149086,-7.878751,2083
24840,r6i1p1f1,2083,01,04,0.0,8.230436,-0.496452,2083
24841,r6i1p1f1,2083,01,05,0.0,8.949477,-5.4491606,2083
24842,r6i1p1f1,2083,01,06,0.0,9.094592,-5.2289467,2083
24843,r6i1p1f1,2083,01,07,0.8226016421513691,4.9676423,-1.5494874,2083
24844,r6i1p1f1,2083,01,08,1.3748672571189202,5.481104,-1.2167,2083
24845,r6i1p1f1,2083,01,09,4.4003674114594205,6.262327,-1.5290909,2083
24846,r6i1p1f1,2083,01,10,3.7653012192918505,7.614364,-0.27757502,2083
24847,r6i1p1f1,2083,01,11,1.7897740432455178,11.1773615,3.6386812,2083
24848,r6i1p1f1,2083,01,12,0.005988913005153698,11.025139,3.6390824,2083
24849,r6i1p1f1,2083,01,13,0.0,12.245109,4.0071607,2083
24850,r6i1p1f1,2083,01,14,0.0,14.652532,3.145446,2083
24851,r6i1p1f1,2083,01,15,0.0,15.18661,3.8459525,2083
24852,r6i1p1f1,2083,01,16,0.0,19.130898,4.9365273,2083
24853,r6i1p1f1,2083,01,17,0.0,17.333492,4.025839,2083
24854,r6i1p1f1,2083,01,18,0.0,12.621234,-1.9388667,2083
24855,r6i1p1f1,2083,01,19,0.0,19.895807,4.2897186,2083
24856,r6i1p1f1,2083,01,20,0.0,20.895012,6.082946,2083
24857,r6i1p1f1,2083,01,21,0.0,19.69454,4.5153313,2083
24858,r6i1p1f1,2083,01,22,0.0,18.102402,2.4330437,2083
24859,r6i1p1f1,2083,01,23,0.0,12.989275,-2.564283,2083
24860,r6i1p1f1,2083,01,24,0.0,8.751379,-5.332121,2083
24861,r6i1p1f1,2083,01,25,0.0,10.916675,-5.140232,2083
24862,r6i1p1f1,2083,01,26,0.0,10.518401,-3.872061,2083
24863,r6i1p1f1,2083,01,27,0.0,13.116063,-3.5749593,2083
24864,r6i1p1f1,2083,01,28,0.0,17.764587,2.0069976,2083
24865,r6i1p1f1,2083,01,29,0.0,20.056587,3.1477525,2083
24866,r6i1p1f1,2083,01,30,1.741139271676046,15.492079,1.3758304,2083
24867,r6i1p1f1,2083,01,31,11.116282475681615,5.058059,-8.01853,2083
24868,r6i1p1f1,2083,02,01,1.951735355213554,0.15748589,-10.274591,2083
24869,r6i1p1f1,2083,02,02,15.889405116810574,-0.5305939,-8.102551,2083
24870,r6i1p1f1,2083,02,03,19.93802212439405,1.2823733,-11.33853,2083
24871,r6i1p1f1,2083,02,04,5.970153829995332,2.344374,-8.081338,2083
24872,r6i1p1f1,2083,02,05,5.4599702916044635,2.1391332,-8.485857,2083
24873,r6i1p1f1,2083,02,06,6.766095296776322,3.4891415,-5.7962384,2083
24874,r6i1p1f1,2083,02,07,4.786197906851051,4.6700015,-5.397053,2083
24875,r6i1p1f1,2083,02,08,0.7706239329141323,5.6917872,0.08007108,2083
24876,r6i1p1f1,2083,02,09,0.1700036714085889,4.8431296,-5.374463,2083
24877,r6i1p1f1,2083,02,10,4.025977388028989,2.2657406,-9.243536,2083
24878,r6i1p1f1,2083,02,11,0.0,3.8198617,-9.154604,2083
24879,r6i1p1f1,2083,02,12,0.07195525357107976,4.360508,-8.712442,2083
24880,r6i1p1f1,2083,02,13,0.0015917693278066592,5.991819,-8.799611,2083
24881,r6i1p1f1,2083,02,14,0.0,6.275728,-8.239143,2083
24882,r6i1p1f1,2083,02,15,0.22902207843854677,4.3518105,-7.8745294,2083
24883,r6i1p1f1,2083,02,16,0.0,4.146265,-4.6471505,2083
24884,r6i1p1f1,2083,02,17,0.4869474586860768,4.406098,-4.3352995,2083
24885,r6i1p1f1,2083,02,18,0.00136057983958578,8.641095,-4.4137683,2083
24886,r6i1p1f1,2083,02,19,0.02025425735467858,7.8738956,-2.1820474,2083
24887,r6i1p1f1,2083,02,20,0.1531761162002605,5.149478,-2.2730663,2083
24888,r6i1p1f1,2083,02,21,27.2289036076831,5.8159256,-2.7999737,2083
24889,r6i1p1f1,2083,02,22,2.990950842865349,3.60428,-3.8836875,2083
24890,r6i1p1f1,2083,02,23,12.19608906858115,2.3703847,-4.4156227,2083
24891,r6i1p1f1,2083,02,24,2.30754424724712,3.544386,-2.9201338,2083
24892,r6i1p1f1,2083,02,25,26.399940800333404,3.476054,-4.175461,2083
24893,r6i1p1f1,2083,02,26,9.002696416779239,3.7430067,-6.371621,2083
24894,r6i1p1f1,2083,02,27,0.04135319032923715,3.1680298,-5.136036,2083
24895,r6i1p1f1,2083,02,28,8.132349777483778,3.6494231,-5.9674206,2083
24896,r6i1p1f1,2083,03,01,0.5233589374318774,6.2651386,-2.187273,2083
24897,r6i1p1f1,2083,03,02,0.1741541348387652,7.5519447,-0.7826891,2083
24898,r6i1p1f1,2083,03,03,0.0,12.967856,-2.7231262,2083
24899,r6i1p1f1,2083,03,04,0.0,19.935637,1.2694083,2083
24900,r6i1p1f1,2083,03,05,0.0,20.636955,2.7278416,2083
24901,r6i1p1f1,2083,03,06,0.0,19.851315,2.4183989,2083
24902,r6i1p1f1,2083,03,07,0.0,20.958956,4.425536,2083
24903,r6i1p1f1,2083,03,08,0.0,21.78502,4.268814,2083
24904,r6i1p1f1,2083,03,09,0.0,22.632645,4.7641783,2083
24905,r6i1p1f1,2083,03,10,0.0,23.474743,6.1587296,2083
24906,r6i1p1f1,2083,03,11,0.0,25.083723,8.739737,2083
24907,r6i1p1f1,2083,03,12,0.0,26.255337,8.275776,2083
24908,r6i1p1f1,2083,03,13,0.0,26.761612,8.738008,2083
24909,r6i1p1f1,2083,03,14,0.0,27.655262,9.237039,2083
24910,r6i1p1f1,2083,03,15,0.0,27.653637,8.610627,2083
24911,r6i1p1f1,2083,03,16,0.0066835954858145445,23.590944,5.7505097,2083
24912,r6i1p1f1,2083,03,17,0.5417252812515461,17.822342,2.1367364,2083
24913,r6i1p1f1,2083,03,18,0.009098401447964154,23.985973,6.4929543,2083
24914,r6i1p1f1,2083,03,19,0.0,25.772593,7.9397807,2083
24915,r6i1p1f1,2083,03,20,0.1420521047567407,24.604143,4.327992,2083
24916,r6i1p1f1,2083,03,21,0.7185720210775263,21.129118,4.5747833,2083
24917,r6i1p1f1,2083,03,22,8.986705975087656,15.6551695,6.675824,2083
24918,r6i1p1f1,2083,03,23,1.6302948754585334,13.455122,3.4172626,2083
24919,r6i1p1f1,2083,03,24,0.17444994291688776,19.947441,1.233163,2083
24920,r6i1p1f1,2083,03,25,2.0147400877781347,12.823381,-4.785012,2083
24921,r6i1p1f1,2083,03,26,7.705287088338481,2.6986284,-9.497377,2083
24922,r6i1p1f1,2083,03,27,0.23378250765618216,4.0190663,-6.246968,2083
24923,r6i1p1f1,2083,03,28,0.07063125995437304,7.3206687,-2.901269,2083
24924,r6i1p1f1,2083,03,29,2.2362599363891826,5.7369533,-5.56492,2083
24925,r6i1p1f1,2083,03,30,1.37706292171527,2.3673117,-11.371416,2083
24926,r6i1p1f1,2083,03,31,0.03909876082666947,3.254415,-6.841961,2083
24927,r6i1p1f1,2083,04,01,4.58961713810993,2.1559653,-4.8429046,2083
24928,r6i1p1f1,2083,04,02,2.127888018368202,9.048673,-3.4506788,2083
24929,r6i1p1f1,2083,04,03,0.0,22.02723,0.22884028,2083
24930,r6i1p1f1,2083,04,04,0.005038071880532694,22.16155,4.1173205,2083
24931,r6i1p1f1,2083,04,05,6.26783883484121,15.966294,-0.26579604,2083
24932,r6i1p1f1,2083,04,06,5.875511883454347,7.8666625,-0.19146277,2083
24933,r6i1p1f1,2083,04,07,2.723742360842127,11.563274,2.364977,2083
24934,r6i1p1f1,2083,04,08,0.4117456537554785,16.831272,1.4655831,2083
24935,r6i1p1f1,2083,04,09,2.7096284987341135,15.851797,2.4633954,2083
24936,r6i1p1f1,2083,04,10,0.32390756868463777,13.928316,4.4551735,2083
24937,r6i1p1f1,2083,04,11,2.82044867565988,11.736285,-0.45961022,2083
24938,r6i1p1f1,2083,04,12,0.927608904671535,13.654801,1.3825306,2083
24939,r6i1p1f1,2083,04,13,0.0,17.26844,-0.6019578,2083
24940,r6i1p1f1,2083,04,14,0.05553938311978653,20.966812,2.5219345,2083
24941,r6i1p1f1,2083,04,15,0.10625387633865588,20.597883,5.2909207,2083
24942,r6i1p1f1,2083,04,16,0.0,24.04624,6.0080514,2083
24943,r6i1p1f1,2083,04,17,1.4573912118691927,20.436825,2.2255013,2083
24944,r6i1p1f1,2083,04,18,0.5963880370641098,15.823006,-0.5097558,2083
24945,r6i1p1f1,2083,04,19,0.0,21.379593,2.0777504,2083
24946,r6i1p1f1,2083,04,20,0.0,25.037039,5.4074874,2083
24947,r6i1p1f1,2083,04,21,0.0,27.073803,7.6504345,2083
24948,r6i1p1f1,2083,04,22,0.0,29.039257,9.137313,2083
24949,r6i1p1f1,2083,04,23,0.0,28.851702,9.457962,2083
24950,r6i1p1f1,2083,04,24,0.0,27.141811,7.826824,2083
24951,r6i1p1f1,2083,04,25,0.0,27.48224,8.549283,2083
24952,r6i1p1f1,2083,04,26,0.0,27.014194,7.939485,2083
24953,r6i1p1f1,2083,04,27,0.0,25.919323,7.3441324,2083
24954,r6i1p1f1,2083,04,28,0.05791860426164978,25.8775,7.7652497,2083
24955,r6i1p1f1,2083,04,29,0.5672308067285172,20.872988,7.321339,2083
24956,r6i1p1f1,2083,04,30,1.1960013531622589,18.840448,2.5380807,2083
24957,r6i1p1f1,2083,05,01,0.0,21.072802,3.1922674,2083
24958,r6i1p1f1,2083,05,02,0.0,22.94527,2.9597902,2083
24959,r6i1p1f1,2083,05,03,0.0007135668782669631,22.658175,7.5617046,2083
24960,r6i1p1f1,2083,05,04,0.09353081571915844,23.649094,5.718504,2083
24961,r6i1p1f1,2083,05,05,0.0,24.640951,5.0131135,2083
24962,r6i1p1f1,2083,05,06,0.08409684910008677,22.895185,7.2563615,2083
24963,r6i1p1f1,2083,05,07,0.0,18.768429,2.2512999,2083
24964,r6i1p1f1,2083,05,08,0.0,23.836452,2.9766529,2083
24965,r6i1p1f1,2083,05,09,0.0,24.820665,5.000523,2083
24966,r6i1p1f1,2083,05,10,0.0,22.44256,4.241894,2083
24967,r6i1p1f1,2083,05,11,0.0,23.785816,5.018277,2083
24968,r6i1p1f1,2083,05,12,0.19198553069320232,24.159733,5.222183,2083
24969,r6i1p1f1,2083,05,13,0.5607558940083373,26.651941,6.917238,2083
24970,r6i1p1f1,2083,05,14,1.4172396307274269,23.60137,6.6360297,2083
24971,r6i1p1f1,2083,05,15,2.27253826389894,19.839287,4.007612,2083
24972,r6i1p1f1,2083,05,16,0.9483172930749073,24.725424,5.040109,2083
24973,r6i1p1f1,2083,05,17,0.0,28.861214,9.332171,2083
24974,r6i1p1f1,2083,05,18,0.0,28.398134,9.610902,2083
24975,r6i1p1f1,2083,05,19,0.4059687764238421,23.06561,4.6249976,2083
24976,r6i1p1f1,2083,05,20,0.01547850107140364,27.620003,8.725993,2083
24977,r6i1p1f1,2083,05,21,0.3481891035125143,28.731411,10.511899,2083
24978,r6i1p1f1,2083,05,22,0.8261964859563385,28.534845,10.083652,2083
24979,r6i1p1f1,2083,05,23,0.8587092724141713,27.986889,9.279756,2083
24980,r6i1p1f1,2083,05,24,4.02694579582114,25.32421,6.150822,2083
24981,r6i1p1f1,2083,05,25,0.44284304191876317,26.500359,7.5658565,2083
24982,r6i1p1f1,2083,05,26,2.7920317981469425,25.674618,7.0043187,2083
24983,r6i1p1f1,2083,05,27,4.421795497236228,24.246405,6.14169,2083
24984,r6i1p1f1,2083,05,28,1.8414458954531605,23.666924,5.2949266,2083
24985,r6i1p1f1,2083,05,29,0.7112710042827701,26.96158,7.43773,2083
24986,r6i1p1f1,2083,05,30,0.07261251058484786,29.547735,11.094769,2083
24987,r6i1p1f1,2083,05,31,3.4645822255542016,20.594505,5.314122,2083
24988,r6i1p1f1,2083,06,01,0.0034563855346358397,24.368113,6.9837413,2083
24989,r6i1p1f1,2083,06,02,0.0,27.476805,7.0283413,2083
24990,r6i1p1f1,2083,06,03,0.0,29.20784,10.622323,2083
24991,r6i1p1f1,2083,06,04,2.748632783283648,24.838926,9.752217,2083
24992,r6i1p1f1,2083,06,05,7.535941269080292,20.003803,4.8215694,2083
24993,r6i1p1f1,2083,06,06,0.6121351479011116,20.386196,2.4020994,2083
24994,r6i1p1f1,2083,06,07,0.0,25.978281,6.562719,2083
24995,r6i1p1f1,2083,06,08,0.0,29.302597,9.466396,2083
24996,r6i1p1f1,2083,06,09,0.08515740323899564,28.617973,9.822535,2083
24997,r6i1p1f1,2083,06,10,0.0,28.062084,9.583613,2083
24998,r6i1p1f1,2083,06,11,0.6103562275605282,29.287262,10.539628,2083
24999,r6i1p1f1,2083,06,12,0.00732056286805949,31.20169,11.006391,2083
25000,r6i1p1f1,2083,06,13,1.3318425634294937,29.222078,10.480622,2083
25001,r6i1p1f1,2083,06,14,0.07032823326475636,26.665306,9.484572,2083
25002,r6i1p1f1,2083,06,15,3.6148056322317186,20.15085,9.84259,2083
25003,r6i1p1f1,2083,06,16,17.586147325993345,15.86303,9.3474245,2083
25004,r6i1p1f1,2083,06,17,1.9827945677834582,22.08356,12.303842,2083
25005,r6i1p1f1,2083,06,18,0.16157903731564566,26.479652,10.444939,2083
25006,r6i1p1f1,2083,06,19,0.0,26.619894,11.799579,2083
25007,r6i1p1f1,2083,06,20,0.734638335140377,26.31865,8.934663,2083
25008,r6i1p1f1,2083,06,21,0.0,27.78269,8.967639,2083
25009,r6i1p1f1,2083,06,22,0.10353501930553165,26.225863,5.9503818,2083
25010,r6i1p1f1,2083,06,23,0.0,29.594824,11.472043,2083
25011,r6i1p1f1,2083,06,24,0.0,30.209549,11.842205,2083
25012,r6i1p1f1,2083,06,25,0.0,31.603188,11.567423,2083
25013,r6i1p1f1,2083,06,26,0.0,34.546654,13.828797,2083
25014,r6i1p1f1,2083,06,27,0.0,35.219994,14.422869,2083
25015,r6i1p1f1,2083,06,28,0.0,34.738377,13.82257,2083
25016,r6i1p1f1,2083,06,29,0.0,33.597057,12.615817,2083
25017,r6i1p1f1,2083,06,30,0.0,30.088411,11.388714,2083
25018,r6i1p1f1,2083,07,01,0.004574591078335555,30.523544,10.72716,2083
25019,r6i1p1f1,2083,07,02,0.0,32.52128,11.788375,2083
25020,r6i1p1f1,2083,07,03,0.0,34.588776,13.544695,2083
25021,r6i1p1f1,2083,07,04,0.0,35.472836,14.105025,2083
25022,r6i1p1f1,2083,07,05,0.1478673082636744,35.33288,13.992147,2083
25023,r6i1p1f1,2083,07,06,0.033011368204586784,33.96311,13.111816,2083
25024,r6i1p1f1,2083,07,07,0.0,32.09587,11.670213,2083
25025,r6i1p1f1,2083,07,08,0.0,29.704586,9.937138,2083
25026,r6i1p1f1,2083,07,09,0.0,29.983055,9.9001665,2083
25027,r6i1p1f1,2083,07,10,0.0,31.830492,10.976671,2083
25028,r6i1p1f1,2083,07,11,0.0,35.135376,13.108243,2083
25029,r6i1p1f1,2083,07,12,0.0,35.63857,14.308057,2083
25030,r6i1p1f1,2083,07,13,0.0,36.503063,14.803015,2083
25031,r6i1p1f1,2083,07,14,0.0,37.051414,15.952493,2083
25032,r6i1p1f1,2083,07,15,0.0,36.56402,15.113385,2083
25033,r6i1p1f1,2083,07,16,0.0,36.08085,15.293006,2083
25034,r6i1p1f1,2083,07,17,0.0,36.570545,15.437425,2083
25035,r6i1p1f1,2083,07,18,0.0,37.317177,15.94133,2083
25036,r6i1p1f1,2083,07,19,0.0,36.38982,15.630978,2083
25037,r6i1p1f1,2083,07,20,0.0,35.79939,14.687795,2083
25038,r6i1p1f1,2083,07,21,0.0,35.046787,15.05939,2083
25039,r6i1p1f1,2083,07,22,0.0,34.979435,14.337226,2083
25040,r6i1p1f1,2083,07,23,0.0,34.50619,14.693741,2083
25041,r6i1p1f1,2083,07,24,0.0,36.24126,14.664543,2083
25042,r6i1p1f1,2083,07,25,0.0,37.090668,16.18235,2083
25043,r6i1p1f1,2083,07,26,0.0,36.442772,16.04229,2083
25044,r6i1p1f1,2083,07,27,0.0,35.38417,15.4958935,2083
25045,r6i1p1f1,2083,07,28,0.2122735379587875,35.18431,14.074459,2083
25046,r6i1p1f1,2083,07,29,0.09336307950029839,31.051554,14.433785,2083
25047,r6i1p1f1,2083,07,30,0.0,31.90305,15.254523,2083
25048,r6i1p1f1,2083,07,31,0.0,34.181683,13.391028,2083
25049,r6i1p1f1,2083,08,01,0.0,35.152718,14.212228,2083
25050,r6i1p1f1,2083,08,02,0.0,35.92378,17.05891,2083
25051,r6i1p1f1,2083,08,03,0.6142956157575191,34.666485,14.761208,2083
25052,r6i1p1f1,2083,08,04,0.0,33.832333,13.855611,2083
25053,r6i1p1f1,2083,08,05,0.0,32.601635,12.555585,2083
25054,r6i1p1f1,2083,08,06,0.0,33.928444,12.372006,2083
25055,r6i1p1f1,2083,08,07,0.0,33.884933,13.156153,2083
25056,r6i1p1f1,2083,08,08,0.0,33.932747,12.862688,2083
25057,r6i1p1f1,2083,08,09,0.0,33.412777,12.719974,2083
25058,r6i1p1f1,2083,08,10,0.0,30.547167,11.272111,2083
25059,r6i1p1f1,2083,08,11,0.0,29.189354,10.93722,2083
25060,r6i1p1f1,2083,08,12,0.0,29.47745,10.221057,2083
25061,r6i1p1f1,2083,08,13,0.0,30.773739,11.323606,2083
25062,r6i1p1f1,2083,08,14,0.10991125772336639,30.191168,10.816043,2083
25063,r6i1p1f1,2083,08,15,0.1398764051000452,30.984234,10.992799,2083
25064,r6i1p1f1,2083,08,16,0.8075176633282564,32.075348,12.144626,2083
25065,r6i1p1f1,2083,08,17,1.689312856198797,27.564259,9.958117,2083
25066,r6i1p1f1,2083,08,18,1.665352572316398,28.365185,10.292479,2083
25067,r6i1p1f1,2083,08,19,0.26414393976958084,32.238186,13.355997,2083
25068,r6i1p1f1,2083,08,20,0.0,35.42919,15.005289,2083
25069,r6i1p1f1,2083,08,21,0.0,37.46809,16.495478,2083
25070,r6i1p1f1,2083,08,22,0.0,38.591614,18.461338,2083
25071,r6i1p1f1,2083,08,23,2.42346698701917,38.37141,18.528648,2083
25072,r6i1p1f1,2083,08,24,0.08722341404401857,35.77876,15.891144,2083
25073,r6i1p1f1,2083,08,25,0.0,34.239704,15.517867,2083
25074,r6i1p1f1,2083,08,26,0.0017377565433842534,31.920212,13.916732,2083
25075,r6i1p1f1,2083,08,27,0.03861559647822542,33.340748,14.039009,2083
25076,r6i1p1f1,2083,08,28,0.0,34.131294,15.153183,2083
25077,r6i1p1f1,2083,08,29,0.6668852701422563,34.413406,13.455687,2083
25078,r6i1p1f1,2083,08,30,0.008505382484563277,35.16745,14.208885,2083
25079,r6i1p1f1,2083,08,31,0.05310730410853706,35.2978,14.343807,2083
25080,r6i1p1f1,2083,09,01,0.3541919205502562,33.803818,15.745898,2083
25081,r6i1p1f1,2083,09,02,2.893074014376662,32.045746,14.964858,2083
25082,r6i1p1f1,2083,09,03,2.017001157754788,31.346203,14.18658,2083
25083,r6i1p1f1,2083,09,04,2.9320791542197777,30.974133,13.85421,2083
25084,r6i1p1f1,2083,09,05,2.1435324562654894,25.589354,9.69868,2083
25085,r6i1p1f1,2083,09,06,0.17637467186230113,27.64114,11.017328,2083
25086,r6i1p1f1,2083,09,07,0.7163554510652067,32.313038,14.873202,2083
25087,r6i1p1f1,2083,09,08,0.11130119266516351,32.041122,14.258578,2083
25088,r6i1p1f1,2083,09,09,4.712990662619413,30.44247,12.599602,2083
25089,r6i1p1f1,2083,09,10,0.48705504139571276,28.91832,10.929574,2083
25090,r6i1p1f1,2083,09,11,1.4974179089474449,29.495754,12.588001,2083
25091,r6i1p1f1,2083,09,12,3.944849833962453,28.808199,11.067408,2083
25092,r6i1p1f1,2083,09,13,0.47293092280482474,31.511572,15.156199,2083
25093,r6i1p1f1,2083,09,14,0.0,32.7686,15.572008,2083
25094,r6i1p1f1,2083,09,15,0.0,34.08833,16.199852,2083
25095,r6i1p1f1,2083,09,16,0.0,34.533405,17.68589,2083
25096,r6i1p1f1,2083,09,17,0.6361642278546571,30.695404,13.926266,2083
25097,r6i1p1f1,2083,09,18,0.0,30.332401,12.055368,2083
25098,r6i1p1f1,2083,09,19,0.0,31.740545,12.969378,2083
25099,r6i1p1f1,2083,09,20,0.0,32.334087,15.439982,2083
25100,r6i1p1f1,2083,09,21,0.0,29.18533,12.757003,2083
25101,r6i1p1f1,2083,09,22,0.0016833505692669276,30.554504,13.391267,2083
25102,r6i1p1f1,2083,09,23,0.0,34.312798,15.348721,2083
25103,r6i1p1f1,2083,09,24,0.0,34.578453,15.818711,2083
25104,r6i1p1f1,2083,09,25,0.0,32.852036,15.279602,2083
25105,r6i1p1f1,2083,09,26,0.0,32.75006,14.543135,2083
25106,r6i1p1f1,2083,09,27,0.012050896864146262,33.04802,14.295182,2083
25107,r6i1p1f1,2083,09,28,0.0,32.396423,13.839906,2083
25108,r6i1p1f1,2083,09,29,0.0,29.801096,12.926478,2083
25109,r6i1p1f1,2083,09,30,0.0,31.09872,12.514801,2083
25110,r6i1p1f1,2083,10,01,0.0,32.97083,13.817498,2083
25111,r6i1p1f1,2083,10,02,0.0,33.3551,14.511991,2083
25112,r6i1p1f1,2083,10,03,0.0,33.630962,14.235353,2083
25113,r6i1p1f1,2083,10,04,0.47573638845650146,34.000496,14.842414,2083
25114,r6i1p1f1,2083,10,05,4.732753525148367,27.80283,9.943329,2083
25115,r6i1p1f1,2083,10,06,20.48630950381837,21.598543,5.953903,2083
25116,r6i1p1f1,2083,10,07,4.085821016177455,13.853998,0.7893472,2083
25117,r6i1p1f1,2083,10,08,1.2642952715067588,13.597501,1.3361069,2083
25118,r6i1p1f1,2083,10,09,0.0,18.58002,1.1702052,2083
25119,r6i1p1f1,2083,10,10,0.0,22.060272,5.6431465,2083
25120,r6i1p1f1,2083,10,11,0.05529522215665531,21.044903,6.0862045,2083
25121,r6i1p1f1,2083,10,12,0.5122706293747676,18.694147,5.1206536,2083
25122,r6i1p1f1,2083,10,13,0.0,23.637442,5.786617,2083
25123,r6i1p1f1,2083,10,14,0.0,27.031263,7.169691,2083
25124,r6i1p1f1,2083,10,15,0.0,26.90565,7.0020847,2083
25125,r6i1p1f1,2083,10,16,0.0,21.991177,4.513055,2083
25126,r6i1p1f1,2083,10,17,0.0,22.870369,3.7981057,2083
25127,r6i1p1f1,2083,10,18,0.0,25.570354,6.1977067,2083
25128,r6i1p1f1,2083,10,19,0.0,26.183598,8.0553255,2083
25129,r6i1p1f1,2083,10,20,0.0,25.478584,7.5236816,2083
25130,r6i1p1f1,2083,10,21,0.0,24.892996,6.9336777,2083
25131,r6i1p1f1,2083,10,22,0.0,25.649761,7.4607477,2083
25132,r6i1p1f1,2083,10,23,0.0,22.887764,6.183544,2083
25133,r6i1p1f1,2083,10,24,0.018152162625679855,16.352606,2.9887996,2083
25134,r6i1p1f1,2083,10,25,0.0790136350395504,13.896145,0.552658,2083
25135,r6i1p1f1,2083,10,26,0.0,15.592997,-1.3033619,2083
25136,r6i1p1f1,2083,10,27,0.0,20.061502,0.3852641,2083
25137,r6i1p1f1,2083,10,28,0.0,24.345358,4.707792,2083
25138,r6i1p1f1,2083,10,29,0.0,25.92318,6.204603,2083
25139,r6i1p1f1,2083,10,30,0.14470201860632187,24.833992,6.891845,2083
25140,r6i1p1f1,2083,10,31,11.344434992683828,15.741761,7.78679,2083
25141,r6i1p1f1,2083,11,01,9.187957012078037,13.682324,6.273927,2083
25142,r6i1p1f1,2083,11,02,2.286198683298801,15.551422,2.9088743,2083
25143,r6i1p1f1,2083,11,03,3.146571690265317,15.864145,5.3725176,2083
25144,r6i1p1f1,2083,11,04,1.5933856051241841,15.332538,5.197194,2083
25145,r6i1p1f1,2083,11,05,4.091885436517921,13.212469,5.779287,2083
25146,r6i1p1f1,2083,11,06,24.627936953300548,11.631217,-0.80262595,2083
25147,r6i1p1f1,2083,11,07,0.0,16.42336,0.30044687,2083
25148,r6i1p1f1,2083,11,08,0.0,17.180006,1.4061967,2083
25149,r6i1p1f1,2083,11,09,0.0,17.170492,1.9163926,2083
25150,r6i1p1f1,2083,11,10,0.0,16.89813,1.4816867,2083
25151,r6i1p1f1,2083,11,11,0.0,15.026568,1.6732668,2083
25152,r6i1p1f1,2083,11,12,0.02517061446421172,12.917548,3.0947647,2083
25153,r6i1p1f1,2083,11,13,0.0,16.43167,-0.23650551,2083
25154,r6i1p1f1,2083,11,14,0.0,16.447346,1.5586637,2083
25155,r6i1p1f1,2083,11,15,23.430587318537004,13.4213705,3.411964,2083
25156,r6i1p1f1,2083,11,16,101.15525748360183,14.191047,6.6917543,2083
25157,r6i1p1f1,2083,11,17,26.36850113728291,13.795971,7.3895707,2083
25158,r6i1p1f1,2083,11,18,0.18648627913019655,13.6802845,4.987802,2083
25159,r6i1p1f1,2083,11,19,0.0,13.452175,0.5508433,2083
25160,r6i1p1f1,2083,11,20,0.0,13.0428705,-4.1027336,2083
25161,r6i1p1f1,2083,11,21,0.37034074274315754,11.7883415,1.3706595,2083
25162,r6i1p1f1,2083,11,22,13.945773967993727,10.712879,2.6790717,2083
25163,r6i1p1f1,2083,11,23,0.08239466624820804,11.423329,3.3358734,2083
25164,r6i1p1f1,2083,11,24,1.45965962439935,13.180982,3.5781405,2083
25165,r6i1p1f1,2083,11,25,10.807305414738428,12.736021,5.7564707,2083
25166,r6i1p1f1,2083,11,26,0.03448546021759287,13.902613,3.695878,2083
25167,r6i1p1f1,2083,11,27,9.52770184089808,12.6002445,3.4736333,2083
25168,r6i1p1f1,2083,11,28,25.843136195440866,13.038606,7.0835924,2083
25169,r6i1p1f1,2083,11,29,47.70082539304735,15.575863,3.4175115,2083
25170,r6i1p1f1,2083,11,30,4.901637145769223,12.411247,-4.730632,2083
25171,r6i1p1f1,2083,12,01,8.148284146893289,2.4653294,-4.5105286,2083
25172,r6i1p1f1,2083,12,02,26.270267781402687,2.293562,-4.9729285,2083
25173,r6i1p1f1,2083,12,03,0.0014531744398411078,2.24071,-4.61588,2083
25174,r6i1p1f1,2083,12,04,23.200126772119784,0.9253099,-5.3061504,2083
25175,r6i1p1f1,2083,12,05,0.0009734843589289822,3.8807576,-5.417925,2083
25176,r6i1p1f1,2083,12,06,0.0,3.5750513,-10.270776,2083
25177,r6i1p1f1,2083,12,07,0.399305260365954,0.39211282,-7.1442466,2083
25178,r6i1p1f1,2083,12,08,0.31426260183000165,0.8483532,-10.605495,2083
25179,r6i1p1f1,2083,12,09,0.0,2.3398407,-10.311981,2083
25180,r6i1p1f1,2083,12,10,1.2086031595449045,0.48127308,-9.240481,2083
25181,r6i1p1f1,2083,12,11,17.52741737585522,4.2591767,-8.857671,2083
25182,r6i1p1f1,2083,12,12,25.67876645667801,5.9046736,-3.7820587,2083
25183,r6i1p1f1,2083,12,13,60.49391583647561,6.5153084,-4.235866,2083
25184,r6i1p1f1,2083,12,14,0.0011211874939161311,10.379057,1.8302695,2083
25185,r6i1p1f1,2083,12,15,13.098402245191927,12.444646,2.9083633,2083
25186,r6i1p1f1,2083,12,16,14.553454277824638,12.168744,3.8899932,2083
25187,r6i1p1f1,2083,12,17,0.029624337489434972,9.8194895,-0.13557705,2083
25188,r6i1p1f1,2083,12,18,0.13934194877455514,4.4248796,-2.092141,2083
25189,r6i1p1f1,2083,12,19,0.0,5.7984815,-5.49196,2083
25190,r6i1p1f1,2083,12,20,0.0,5.4188666,-8.350963,2083
25191,r6i1p1f1,2083,12,21,0.0,7.7286305,-7.264422,2083
25192,r6i1p1f1,2083,12,22,0.0,10.846047,-4.525369,2083
25193,r6i1p1f1,2083,12,23,0.0,12.491676,-3.2316163,2083
25194,r6i1p1f1,2083,12,24,0.0,13.880193,-0.9114705,2083
25195,r6i1p1f1,2083,12,25,0.0,16.359745,2.4623933,2083
25196,r6i1p1f1,2083,12,26,0.0,16.767576,2.5720625,2083
25197,r6i1p1f1,2083,12,27,0.0,17.037315,3.1267548,2083
25198,r6i1p1f1,2083,12,28,0.021345426533124816,16.563477,3.1706228,2083
25199,r6i1p1f1,2083,12,29,0.0043999168788423125,18.306412,3.7365904,2083
25200,r6i1p1f1,2083,12,30,0.09754141181528996,16.620596,4.5369153,2083
25201,r6i1p1f1,2083,12,31,12.504632512076629,6.8900585,2.1104035,2083
25202,r6i1p1f1,2084,01,01,0.12668650662354758,8.47977,-1.5898324,2084
25203,r6i1p1f1,2084,01,02,0.0,12.346065,-0.27022427,2084
25204,r6i1p1f1,2084,01,03,0.09639910266246599,13.711061,1.3144009,2084
25205,r6i1p1f1,2084,01,04,0.000606855471749573,15.314696,3.6652317,2084
25206,r6i1p1f1,2084,01,05,0.0,15.077179,3.3102057,2084
25207,r6i1p1f1,2084,01,06,0.0,17.137466,2.6616235,2084
25208,r6i1p1f1,2084,01,07,0.0,17.757542,3.35245,2084
25209,r6i1p1f1,2084,01,08,0.0,17.780172,3.232711,2084
25210,r6i1p1f1,2084,01,09,0.02795979223344256,15.500399,5.230264,2084
25211,r6i1p1f1,2084,01,10,15.54834180126418,11.086739,5.60042,2084
25212,r6i1p1f1,2084,01,11,0.11497682969186966,12.751587,2.9462547,2084
25213,r6i1p1f1,2084,01,12,0.0,9.416691,-1.9111536,2084
25214,r6i1p1f1,2084,01,13,0.0,8.878034,-4.1012993,2084
25215,r6i1p1f1,2084,01,14,0.0,10.868876,-4.109108,2084
25216,r6i1p1f1,2084,01,15,0.0,15.244756,0.08148678,2084
25217,r6i1p1f1,2084,01,16,0.0,14.453775,0.30084682,2084
25218,r6i1p1f1,2084,01,17,0.027350872153498906,12.309676,0.40250224,2084
25219,r6i1p1f1,2084,01,18,0.0,10.176104,-0.88951606,2084
25220,r6i1p1f1,2084,01,19,0.0,13.086271,-2.3679774,2084
25221,r6i1p1f1,2084,01,20,0.0,16.469807,0.20701201,2084
25222,r6i1p1f1,2084,01,21,0.0,17.87627,1.4875251,2084
25223,r6i1p1f1,2084,01,22,0.0,16.278585,0.6615198,2084
25224,r6i1p1f1,2084,01,23,7.928848853696288,6.7643924,-1.3890153,2084
25225,r6i1p1f1,2084,01,24,7.992547837949399,6.2457447,-0.026022801,2084
25226,r6i1p1f1,2084,01,25,0.0,10.891784,-0.9987502,2084
25227,r6i1p1f1,2084,01,26,3.987381520918044,9.549314,0.12798715,2084
25228,r6i1p1f1,2084,01,27,40.946605963856804,10.423093,2.9329076,2084
25229,r6i1p1f1,2084,01,28,2.2758324381102226,11.283858,3.0216832,2084
25230,r6i1p1f1,2084,01,29,0.0007126869154560608,14.614794,0.45163244,2084
25231,r6i1p1f1,2084,01,30,2.966145347136675,11.771482,1.4768099,2084
25232,r6i1p1f1,2084,01,31,1.7843045237522823,8.412541,-1.1281636,2084
25233,r6i1p1f1,2084,02,01,2.4040654134471344,5.6362996,-3.7270823,2084
25234,r6i1p1f1,2084,02,02,12.404601856924117,3.3903656,-3.6950772,2084
25235,r6i1p1f1,2084,02,03,11.428712382235245,4.1724358,-3.8142397,2084
25236,r6i1p1f1,2084,02,04,15.192596558934422,6.8454266,-3.4249487,2084
25237,r6i1p1f1,2084,02,05,0.342269908454137,7.4416194,-2.2882507,2084
25238,r6i1p1f1,2084,02,06,0.000302036050609415,8.631389,-4.3287582,2084
25239,r6i1p1f1,2084,02,07,0.375506720898821,9.008497,-1.6043144,2084
25240,r6i1p1f1,2084,02,08,1.3934271646139718,6.02942,-1.73311,2084
25241,r6i1p1f1,2084,02,09,1.309505027694358,6.5384855,-2.7053423,2084
25242,r6i1p1f1,2084,02,10,0.0,8.384785,1.8195767,2084
25243,r6i1p1f1,2084,02,11,0.0,10.811057,-3.6681094,2084
25244,r6i1p1f1,2084,02,12,0.0007399100665190222,14.161835,-1.1791714,2084
25245,r6i1p1f1,2084,02,13,15.67436773805866,9.729123,0.29058716,2084
25246,r6i1p1f1,2084,02,14,33.202683541818985,7.465529,-5.2024403,2084
25247,r6i1p1f1,2084,02,15,0.0,7.6398797,-6.199656,2084
25248,r6i1p1f1,2084,02,16,0.31963870816770495,10.361991,-3.0458195,2084
25249,r6i1p1f1,2084,02,17,1.2271601117590947,12.228835,1.9894105,2084
25250,r6i1p1f1,2084,02,18,5.508348298751161,11.740674,-0.29984507,2084
25251,r6i1p1f1,2084,02,19,15.147867734157906,9.289977,-2.127697,2084
25252,r6i1p1f1,2084,02,20,0.0,11.112395,-3.7153034,2084
25253,r6i1p1f1,2084,02,21,0.0,14.482716,-1.6635665,2084
25254,r6i1p1f1,2084,02,22,4.724601775293315,10.258026,-2.2134323,2084
25255,r6i1p1f1,2084,02,23,26.70943360106181,10.0572,0.79846305,2084
25256,r6i1p1f1,2084,02,24,28.491085278129635,8.279965,-4.2194915,2084
25257,r6i1p1f1,2084,02,25,5.784077723970046,2.1898675,-3.8434687,2084
25258,r6i1p1f1,2084,02,26,1.3766371317920538,2.682892,-2.6835358,2084
25259,r6i1p1f1,2084,02,27,0.0,13.727417,-2.6844895,2084
25260,r6i1p1f1,2084,02,28,0.0,14.886815,0.6936334,2084
25261,r6i1p1f1,2084,02,29,0.0,14.383229,-0.49229544,2084
25262,r6i1p1f1,2084,03,01,0.0,14.999731,-3.6680079,2084
25263,r6i1p1f1,2084,03,02,0.0,13.793483,-4.792567,2084
25264,r6i1p1f1,2084,03,03,0.0,15.591054,-3.3409748,2084
25265,r6i1p1f1,2084,03,04,0.0,17.930716,2.4681947,2084
25266,r6i1p1f1,2084,03,05,0.0,17.919556,0.9336597,2084
25267,r6i1p1f1,2084,03,06,14.253798128842481,13.7252245,-2.2382588,2084
25268,r6i1p1f1,2084,03,07,16.897768069080808,9.218903,2.2401807,2084
25269,r6i1p1f1,2084,03,08,26.095235142907235,8.59747,-0.11363229,2084
25270,r6i1p1f1,2084,03,09,21.70684499019184,4.4248433,-5.539604,2084
25271,r6i1p1f1,2084,03,10,0.3690531968430605,2.8727653,-5.001645,2084
25272,r6i1p1f1,2084,03,11,0.015609681097120246,4.8049355,-1.4710863,2084
25273,r6i1p1f1,2084,03,12,0.0,8.23357,-1.9592427,2084
25274,r6i1p1f1,2084,03,13,0.037561831978422985,9.626315,0.16471474,2084
25275,r6i1p1f1,2084,03,14,0.0,16.52955,-1.7858509,2084
25276,r6i1p1f1,2084,03,15,0.004144538399923438,17.141472,-0.15318644,2084
25277,r6i1p1f1,2084,03,16,0.0,15.067609,3.8742914,2084
25278,r6i1p1f1,2084,03,17,1.2996901708475646,12.046633,-4.4658813,2084
25279,r6i1p1f1,2084,03,18,0.0,12.720401,-5.730788,2084
25280,r6i1p1f1,2084,03,19,0.0,13.191547,-3.171802,2084
25281,r6i1p1f1,2084,03,20,31.588471920391207,10.08514,-5.098764,2084
25282,r6i1p1f1,2084,03,21,24.029253510243123,6.728541,-2.743599,2084
25283,r6i1p1f1,2084,03,22,0.006864884567392955,6.345503,-3.6535344,2084
25284,r6i1p1f1,2084,03,23,0.010412570523652624,15.496666,-4.6073384,2084
25285,r6i1p1f1,2084,03,24,15.258352710587591,12.809204,4.4046273,2084
25286,r6i1p1f1,2084,03,25,21.513027012402492,12.3518095,0.63726157,2084
25287,r6i1p1f1,2084,03,26,0.0,15.689878,0.14761661,2084
25288,r6i1p1f1,2084,03,27,0.0,18.881275,0.87793607,2084
25289,r6i1p1f1,2084,03,28,0.0,18.519682,1.0649698,2084
25290,r6i1p1f1,2084,03,29,0.0,20.094498,1.9156898,2084
25291,r6i1p1f1,2084,03,30,0.040389966233185,21.288094,4.8600802,2084
25292,r6i1p1f1,2084,03,31,1.0009217793443694,16.297789,-0.29709297,2084
25293,r6i1p1f1,2084,04,01,0.9785999891776284,12.821423,-0.8325625,2084
25294,r6i1p1f1,2084,04,02,4.128606747504859,9.596449,2.0688796,2084
25295,r6i1p1f1,2084,04,03,2.482834152785804,9.008681,-3.1611464,2084
25296,r6i1p1f1,2084,04,04,0.06045980826349856,11.501836,-3.118077,2084
25297,r6i1p1f1,2084,04,05,1.0182110615611437,9.913754,-0.042990964,2084
25298,r6i1p1f1,2084,04,06,5.505721032322675,8.977891,-0.4801366,2084
25299,r6i1p1f1,2084,04,07,0.43857071139205084,13.750625,2.1460109,2084
25300,r6i1p1f1,2084,04,08,5.998625192646451,11.090616,-1.1142683,2084
25301,r6i1p1f1,2084,04,09,2.613950383502992,11.9074,-4.0435867,2084
25302,r6i1p1f1,2084,04,10,0.01717672513995493,17.394281,-0.91159666,2084
25303,r6i1p1f1,2084,04,11,0.08098253936439477,16.65385,-1.8682812,2084
25304,r6i1p1f1,2084,04,12,1.145702073182486,15.471077,1.4786004,2084
25305,r6i1p1f1,2084,04,13,10.075786261457363,9.515676,2.8653584,2084
25306,r6i1p1f1,2084,04,14,22.735667015284122,10.357389,-1.1990206,2084
25307,r6i1p1f1,2084,04,15,5.868565845628448,12.024143,-4.003478,2084
25308,r6i1p1f1,2084,04,16,0.418698097466048,11.105068,-5.559887,2084
25309,r6i1p1f1,2084,04,17,0.0,14.077795,0.32283416,2084
25310,r6i1p1f1,2084,04,18,0.0,14.425277,4.4355845,2084
25311,r6i1p1f1,2084,04,19,0.057934864376118965,13.253256,4.2097535,2084
25312,r6i1p1f1,2084,04,20,8.350809934218454,8.955632,-3.8585372,2084
25313,r6i1p1f1,2084,04,21,5.304999656558568,5.326294,-1.640575,2084
25314,r6i1p1f1,2084,04,22,0.0,11.63138,1.7039175,2084
25315,r6i1p1f1,2084,04,23,3.1478628688553987,11.854111,-1.467687,2084
25316,r6i1p1f1,2084,04,24,0.6710204595341607,19.3263,-1.5484079,2084
25317,r6i1p1f1,2084,04,25,0.0,20.627787,3.1964462,2084
25318,r6i1p1f1,2084,04,26,0.0002790805633888664,19.826468,5.7936583,2084
25319,r6i1p1f1,2084,04,27,0.8545837132983521,15.780386,-2.868537,2084
25320,r6i1p1f1,2084,04,28,0.0,15.123917,-2.1520991,2084
25321,r6i1p1f1,2084,04,29,0.0,20.019041,2.0109537,2084
25322,r6i1p1f1,2084,04,30,0.0,24.741325,5.155936,2084
25323,r6i1p1f1,2084,05,01,0.0,24.666689,6.6756763,2084
25324,r6i1p1f1,2084,05,02,0.5050589559643076,17.146566,2.7175436,2084
25325,r6i1p1f1,2084,05,03,0.0,22.24967,4.3562894,2084
25326,r6i1p1f1,2084,05,04,0.0,24.556847,6.219845,2084
25327,r6i1p1f1,2084,05,05,0.04022229663804442,22.389027,4.582988,2084
25328,r6i1p1f1,2084,05,06,6.629843728580186,14.072475,4.4541187,2084
25329,r6i1p1f1,2084,05,07,0.006674275924424272,17.540197,6.8154683,2084
25330,r6i1p1f1,2084,05,08,0.0094143678171932,24.643135,6.226142,2084
25331,r6i1p1f1,2084,05,09,0.0,29.340904,8.823359,2084
25332,r6i1p1f1,2084,05,10,0.0,31.242453,11.028699,2084
25333,r6i1p1f1,2084,05,11,0.0,31.948746,11.247958,2084
25334,r6i1p1f1,2084,05,12,0.0,32.376797,11.968372,2084
25335,r6i1p1f1,2084,05,13,1.176298812104696,28.227364,7.625934,2084
25336,r6i1p1f1,2084,05,14,0.16087206382520736,17.51124,-0.92872113,2084
25337,r6i1p1f1,2084,05,15,0.020078457206188872,17.555576,0.18359402,2084
25338,r6i1p1f1,2084,05,16,0.0,19.376274,-0.047330547,2084
25339,r6i1p1f1,2084,05,17,0.0,22.089754,2.8960013,2084
25340,r6i1p1f1,2084,05,18,0.0,26.573885,5.539576,2084
25341,r6i1p1f1,2084,05,19,0.049253997707650245,26.186956,7.478651,2084
25342,r6i1p1f1,2084,05,20,2.3126032850807516,17.31359,4.2204695,2084
25343,r6i1p1f1,2084,05,21,2.6466774501109605,12.881108,1.1242257,2084
25344,r6i1p1f1,2084,05,22,4.047865222703224,18.031776,-0.46659955,2084
25345,r6i1p1f1,2084,05,23,0.1324159336731856,26.853716,7.2082033,2084
25346,r6i1p1f1,2084,05,24,0.04625107739662977,27.826899,8.722037,2084
25347,r6i1p1f1,2084,05,25,0.0,28.687593,9.987556,2084
25348,r6i1p1f1,2084,05,26,0.5561681423777052,26.784761,9.420035,2084
25349,r6i1p1f1,2084,05,27,0.20788250142772632,24.796661,6.3561893,2084
25350,r6i1p1f1,2084,05,28,1.079673587879469,23.960505,5.4663515,2084
25351,r6i1p1f1,2084,05,29,0.0,26.347267,7.1333575,2084
25352,r6i1p1f1,2084,05,30,0.0,30.584793,9.891714,2084
25353,r6i1p1f1,2084,05,31,0.0,30.720798,11.543384,2084
25354,r6i1p1f1,2084,06,01,0.0,29.202261,9.138753,2084
25355,r6i1p1f1,2084,06,02,0.0,33.01678,13.563191,2084
25356,r6i1p1f1,2084,06,03,0.0,36.531277,19.297606,2084
25357,r6i1p1f1,2084,06,04,0.0,36.806778,17.722586,2084
25358,r6i1p1f1,2084,06,05,0.0,36.914894,17.456135,2084
25359,r6i1p1f1,2084,06,06,0.04287029035900848,36.06439,15.777047,2084
25360,r6i1p1f1,2084,06,07,0.0,35.25231,15.010328,2084
25361,r6i1p1f1,2084,06,08,0.0,34.099495,14.241687,2084
25362,r6i1p1f1,2084,06,09,0.0,33.963158,14.46734,2084
25363,r6i1p1f1,2084,06,10,0.0,34.728428,14.772403,2084
25364,r6i1p1f1,2084,06,11,0.0,34.502712,15.209142,2084
25365,r6i1p1f1,2084,06,12,0.0,31.141289,11.179003,2084
25366,r6i1p1f1,2084,06,13,0.0,31.434172,11.561687,2084
25367,r6i1p1f1,2084,06,14,0.0,31.490284,12.457205,2084
25368,r6i1p1f1,2084,06,15,0.0,31.000906,11.64534,2084
25369,r6i1p1f1,2084,06,16,0.0,29.741917,10.196854,2084
25370,r6i1p1f1,2084,06,17,0.27902261973389725,26.33225,7.814446,2084
25371,r6i1p1f1,2084,06,18,0.0,26.154158,6.7607155,2084
25372,r6i1p1f1,2084,06,19,0.0,30.16886,8.732611,2084
25373,r6i1p1f1,2084,06,20,0.0,34.721252,16.440544,2084
25374,r6i1p1f1,2084,06,21,0.0,36.449623,16.247852,2084
25375,r6i1p1f1,2084,06,22,0.0,36.281326,15.332773,2084
25376,r6i1p1f1,2084,06,23,0.0,34.293766,12.308834,2084
25377,r6i1p1f1,2084,06,24,0.0,33.691444,12.662553,2084
25378,r6i1p1f1,2084,06,25,0.0,33.85097,12.4292755,2084
25379,r6i1p1f1,2084,06,26,0.25596562603865064,33.10742,12.2293415,2084
25380,r6i1p1f1,2084,06,27,0.0,31.532148,11.244826,2084
25381,r6i1p1f1,2084,06,28,0.0,32.378258,12.118502,2084
25382,r6i1p1f1,2084,06,29,0.0,33.38622,13.0711975,2084
25383,r6i1p1f1,2084,06,30,0.0,35.116276,13.643699,2084
25384,r6i1p1f1,2084,07,01,0.01571710683272993,36.833286,14.924221,2084
25385,r6i1p1f1,2084,07,02,0.07972387154426394,37.894863,17.05379,2084
25386,r6i1p1f1,2084,07,03,0.0034235629829503936,36.8834,15.236701,2084
25387,r6i1p1f1,2084,07,04,0.0,38.516106,16.67617,2084
25388,r6i1p1f1,2084,07,05,0.3348672526856813,40.197346,19.5035,2084
25389,r6i1p1f1,2084,07,06,0.0,39.44859,17.777794,2084
25390,r6i1p1f1,2084,07,07,0.0,38.567505,16.817986,2084
25391,r6i1p1f1,2084,07,08,0.005594255437030154,37.755466,16.018162,2084
25392,r6i1p1f1,2084,07,09,0.0,38.06641,16.421104,2084
25393,r6i1p1f1,2084,07,10,0.0,37.86327,16.169035,2084
25394,r6i1p1f1,2084,07,11,0.0,36.854404,15.028874,2084
25395,r6i1p1f1,2084,07,12,0.0,36.575863,15.315018,2084
25396,r6i1p1f1,2084,07,13,0.0,36.695293,14.712483,2084
25397,r6i1p1f1,2084,07,14,0.005045210007943495,35.237522,12.901582,2084
25398,r6i1p1f1,2084,07,15,0.02444052977541204,33.71353,13.192409,2084
25399,r6i1p1f1,2084,07,16,0.502992926325307,33.62867,12.229783,2084
25400,r6i1p1f1,2084,07,17,0.0,34.972645,12.616655,2084
25401,r6i1p1f1,2084,07,18,0.0,35.715843,14.7201805,2084
25402,r6i1p1f1,2084,07,19,0.007893274209879236,35.981293,14.390114,2084
25403,r6i1p1f1,2084,07,20,0.0,35.927124,14.182974,2084
25404,r6i1p1f1,2084,07,21,0.11592485290431362,36.744614,15.796431,2084
25405,r6i1p1f1,2084,07,22,0.16714984072305555,39.24434,18.373463,2084
25406,r6i1p1f1,2084,07,23,0.03753437933107658,39.08902,17.026228,2084
25407,r6i1p1f1,2084,07,24,0.0,38.48942,17.605993,2084
25408,r6i1p1f1,2084,07,25,0.0,38.07912,16.380276,2084
25409,r6i1p1f1,2084,07,26,0.0,38.039066,17.038157,2084
25410,r6i1p1f1,2084,07,27,0.010168825305813155,37.968277,17.341755,2084
25411,r6i1p1f1,2084,07,28,0.0,37.99903,17.041864,2084
25412,r6i1p1f1,2084,07,29,0.0,37.57673,16.948072,2084
25413,r6i1p1f1,2084,07,30,0.0,38.12206,16.230974,2084
25414,r6i1p1f1,2084,07,31,0.0,39.44967,17.310947,2084
25415,r6i1p1f1,2084,08,01,0.0,40.3495,18.735714,2084
25416,r6i1p1f1,2084,08,02,0.0,41.768753,20.905603,2084
25417,r6i1p1f1,2084,08,03,0.0,41.76776,20.879614,2084
25418,r6i1p1f1,2084,08,04,0.0,41.675392,20.302654,2084
25419,r6i1p1f1,2084,08,05,0.006606359325223894,41.09598,18.917599,2084
25420,r6i1p1f1,2084,08,06,0.20648248910302627,40.868828,18.251974,2084
25421,r6i1p1f1,2084,08,07,0.0,40.66346,18.733671,2084
25422,r6i1p1f1,2084,08,08,0.0,40.122757,18.350393,2084
25423,r6i1p1f1,2084,08,09,0.0,39.06425,17.345922,2084
25424,r6i1p1f1,2084,08,10,0.0,38.311325,16.403236,2084
25425,r6i1p1f1,2084,08,11,0.0,38.900146,17.654459,2084
25426,r6i1p1f1,2084,08,12,0.0,39.196785,18.045166,2084
25427,r6i1p1f1,2084,08,13,0.21234982271607442,39.110134,17.734125,2084
25428,r6i1p1f1,2084,08,14,0.0,36.493454,15.249712,2084
25429,r6i1p1f1,2084,08,15,0.0,36.18627,14.697509,2084
25430,r6i1p1f1,2084,08,16,0.0,34.353447,13.248603,2084
25431,r6i1p1f1,2084,08,17,0.0,34.74292,14.653918,2084
25432,r6i1p1f1,2084,08,18,0.0,35.194748,14.687702,2084
25433,r6i1p1f1,2084,08,19,0.0,35.994404,15.17633,2084
25434,r6i1p1f1,2084,08,20,0.002224953461364748,36.913578,15.976245,2084
25435,r6i1p1f1,2084,08,21,0.1688974732357012,34.775543,14.390347,2084
25436,r6i1p1f1,2084,08,22,1.8446169834297672,32.11725,11.128883,2084
25437,r6i1p1f1,2084,08,23,0.8171197905993902,26.764942,8.594569,2084
25438,r6i1p1f1,2084,08,24,0.37348630736832583,25.98915,7.727286,2084
25439,r6i1p1f1,2084,08,25,0.10862131055518148,25.875383,9.841932,2084
25440,r6i1p1f1,2084,08,26,0.0,32.85091,11.906932,2084
25441,r6i1p1f1,2084,08,27,0.0,35.21785,15.115521,2084
25442,r6i1p1f1,2084,08,28,0.001204956511686641,35.648216,16.592863,2084
25443,r6i1p1f1,2084,08,29,0.048599977960649784,36.164005,15.575739,2084
25444,r6i1p1f1,2084,08,30,0.0,37.003567,16.331604,2084
25445,r6i1p1f1,2084,08,31,0.00992223632796695,36.409557,15.428884,2084
25446,r6i1p1f1,2084,09,01,0.15659422278169663,36.061737,17.0118,2084
25447,r6i1p1f1,2084,09,02,0.0,35.04898,14.7145195,2084
25448,r6i1p1f1,2084,09,03,0.007695588832340322,34.342777,13.599214,2084
25449,r6i1p1f1,2084,09,04,0.0,31.407736,12.899433,2084
25450,r6i1p1f1,2084,09,05,0.0,33.62326,14.254613,2084
25451,r6i1p1f1,2084,09,06,0.0,33.66216,13.769513,2084
25452,r6i1p1f1,2084,09,07,0.0,34.590897,14.724512,2084
25453,r6i1p1f1,2084,09,08,0.0,35.077625,14.973134,2084
25454,r6i1p1f1,2084,09,09,0.0,35.440575,15.43761,2084
25455,r6i1p1f1,2084,09,10,0.0,37.058147,16.563444,2084
25456,r6i1p1f1,2084,09,11,0.0,35.075222,15.044103,2084
25457,r6i1p1f1,2084,09,12,0.0,34.086784,14.635135,2084
25458,r6i1p1f1,2084,09,13,0.0,32.927002,14.318617,2084
25459,r6i1p1f1,2084,09,14,0.0,34.177322,13.414938,2084
25460,r6i1p1f1,2084,09,15,0.0,34.76573,13.945149,2084
25461,r6i1p1f1,2084,09,16,0.0,35.03871,15.067418,2084
25462,r6i1p1f1,2084,09,17,0.02382090319733756,34.310078,15.467121,2084
25463,r6i1p1f1,2084,09,18,0.012282358860993174,34.649784,13.920684,2084
25464,r6i1p1f1,2084,09,19,0.0,36.0336,15.440314,2084
25465,r6i1p1f1,2084,09,20,2.1548486009821777,34.024857,15.619844,2084
25466,r6i1p1f1,2084,09,21,1.3221076800880425,22.885489,7.4264374,2084
25467,r6i1p1f1,2084,09,22,0.0,21.761374,7.024821,2084
25468,r6i1p1f1,2084,09,23,0.0025996443567143476,23.19014,5.974862,2084
25469,r6i1p1f1,2084,09,24,0.0,25.628199,7.971818,2084
25470,r6i1p1f1,2084,09,25,0.0,27.285154,9.6076565,2084
25471,r6i1p1f1,2084,09,26,0.0,32.79131,13.292437,2084
25472,r6i1p1f1,2084,09,27,0.0,34.831554,14.281232,2084
25473,r6i1p1f1,2084,09,28,0.0,35.28949,14.693922,2084
25474,r6i1p1f1,2084,09,29,0.0,34.610207,13.941001,2084
25475,r6i1p1f1,2084,09,30,0.0,34.330692,14.95533,2084
25476,r6i1p1f1,2084,10,01,0.0,32.365208,12.009544,2084
25477,r6i1p1f1,2084,10,02,0.0437127370361183,28.326893,9.561493,2084
25478,r6i1p1f1,2084,10,03,0.0,28.161882,9.180894,2084
25479,r6i1p1f1,2084,10,04,0.0,30.269213,12.268881,2084
25480,r6i1p1f1,2084,10,05,0.0,31.752546,11.667584,2084
25481,r6i1p1f1,2084,10,06,0.0,32.102047,10.814296,2084
25482,r6i1p1f1,2084,10,07,0.0,28.26843,8.149614,2084
25483,r6i1p1f1,2084,10,08,0.0,28.329533,8.337912,2084
25484,r6i1p1f1,2084,10,09,0.0,29.63714,7.637436,2084
25485,r6i1p1f1,2084,10,10,0.0,28.558376,8.365671,2084
25486,r6i1p1f1,2084,10,11,0.0031915634053195307,21.689964,6.4480853,2084
25487,r6i1p1f1,2084,10,12,0.002186814863954032,20.293833,2.8706732,2084
25488,r6i1p1f1,2084,10,13,0.07019773250879746,21.595629,5.1233125,2084
25489,r6i1p1f1,2084,10,14,0.0,26.922318,5.902191,2084
25490,r6i1p1f1,2084,10,15,0.0,27.396372,8.430391,2084
25491,r6i1p1f1,2084,10,16,0.026911711564293936,26.828514,6.8047686,2084
25492,r6i1p1f1,2084,10,17,0.9085663726498698,23.444187,7.257775,2084
25493,r6i1p1f1,2084,10,18,7.052013857371674,14.930213,4.0075126,2084
25494,r6i1p1f1,2084,10,19,0.0,17.150768,0.48135945,2084
25495,r6i1p1f1,2084,10,20,0.0,26.112244,4.6259084,2084
25496,r6i1p1f1,2084,10,21,0.0,26.950449,7.491505,2084
25497,r6i1p1f1,2084,10,22,0.0,26.201618,5.636422,2084
25498,r6i1p1f1,2084,10,23,0.0005530098514513917,22.728346,5.0057664,2084
25499,r6i1p1f1,2084,10,24,0.05338527118354158,18.814734,4.82164,2084
25500,r6i1p1f1,2084,10,25,0.0,20.271183,2.1374013,2084
25501,r6i1p1f1,2084,10,26,0.0,20.093859,3.81357,2084
25502,r6i1p1f1,2084,10,27,0.0,16.758116,1.4922525,2084
25503,r6i1p1f1,2084,10,28,0.0,16.89298,-1.7164109,2084
25504,r6i1p1f1,2084,10,29,0.0,19.128115,1.3743696,2084
25505,r6i1p1f1,2084,10,30,0.0,19.873304,3.2305133,2084
25506,r6i1p1f1,2084,10,31,0.0,20.369293,3.0359168,2084
25507,r6i1p1f1,2084,11,01,0.0,20.054043,2.8671634,2084
25508,r6i1p1f1,2084,11,02,0.0,19.911318,4.7493916,2084
25509,r6i1p1f1,2084,11,03,0.0029227653065070913,19.781103,3.630917,2084
25510,r6i1p1f1,2084,11,04,6.653087233108839,11.342117,3.411929,2084
25511,r6i1p1f1,2084,11,05,13.753045838489694,11.406305,5.5175548,2084
25512,r6i1p1f1,2084,11,06,16.62385692158008,14.361114,6.07408,2084
25513,r6i1p1f1,2084,11,07,14.173286872740492,13.300618,2.8586235,2084
25514,r6i1p1f1,2084,11,08,0.0490170652395859,14.128332,1.8203472,2084
25515,r6i1p1f1,2084,11,09,0.022907148823317514,20.689722,3.8404129,2084
25516,r6i1p1f1,2084,11,10,0.024268047566113067,20.978321,5.3582754,2084
25517,r6i1p1f1,2084,11,11,0.0,19.950102,6.132469,2084
25518,r6i1p1f1,2084,11,12,0.19426605087796622,16.131823,5.7358813,2084
25519,r6i1p1f1,2084,11,13,0.015968842130007033,14.808201,2.2032945,2084
25520,r6i1p1f1,2084,11,14,0.00010249926812858692,12.720351,2.6201153,2084
25521,r6i1p1f1,2084,11,15,0.49313750381530524,14.966577,3.3528717,2084
25522,r6i1p1f1,2084,11,16,0.06381370610863654,14.495783,4.034596,2084
25523,r6i1p1f1,2084,11,17,2.0926594362044746,13.916078,3.327223,2084
25524,r6i1p1f1,2084,11,18,0.0,10.762094,-2.5614436,2084
25525,r6i1p1f1,2084,11,19,0.0,11.739511,-3.5753314,2084
25526,r6i1p1f1,2084,11,20,0.10073311840083889,14.684364,1.8833219,2084
25527,r6i1p1f1,2084,11,21,0.0002830030286387465,14.942644,0.647225,2084
25528,r6i1p1f1,2084,11,22,0.5102339522320647,9.227893,2.072359,2084
25529,r6i1p1f1,2084,11,23,0.24335640833297106,10.995338,1.3830279,2084
25530,r6i1p1f1,2084,11,24,0.5614890147983204,11.520124,0.3032929,2084
25531,r6i1p1f1,2084,11,25,0.0,11.840146,3.8068557,2084
25532,r6i1p1f1,2084,11,26,0.7858075254719983,12.069239,0.74607944,2084
25533,r6i1p1f1,2084,11,27,0.04957075885892471,13.735421,2.9711452,2084
25534,r6i1p1f1,2084,11,28,0.3216245164954347,15.622263,-0.069658436,2084
25535,r6i1p1f1,2084,11,29,10.099404607647687,12.901214,2.6072123,2084
25536,r6i1p1f1,2084,11,30,2.316739114439405,12.705814,4.907954,2084
25537,r6i1p1f1,2084,12,01,0.0,13.747651,1.2597861,2084
25538,r6i1p1f1,2084,12,02,0.0,11.9102335,-1.514337,2084
25539,r6i1p1f1,2084,12,03,0.0,9.598646,-4.0020676,2084
25540,r6i1p1f1,2084,12,04,0.0,7.4019628,-6.3353205,2084
25541,r6i1p1f1,2084,12,05,0.0,7.542897,-6.8150964,2084
25542,r6i1p1f1,2084,12,06,0.0,8.220294,-4.4360776,2084
25543,r6i1p1f1,2084,12,07,0.06668638066263105,12.65826,0.1747748,2084
25544,r6i1p1f1,2084,12,08,2.510441914220849,9.605438,-1.490099,2084
25545,r6i1p1f1,2084,12,09,25.579361433665813,9.702029,1.0622243,2084
25546,r6i1p1f1,2084,12,10,13.107796435752789,9.835031,2.174167,2084
25547,r6i1p1f1,2084,12,11,0.24868070463455752,8.003377,-1.0696464,2084
25548,r6i1p1f1,2084,12,12,8.311988086043597,3.0592375,-5.4498863,2084
25549,r6i1p1f1,2084,12,13,0.002603740740295167,3.612438,-8.92961,2084
25550,r6i1p1f1,2084,12,14,0.005014452796811681,5.340515,-6.888221,2084
25551,r6i1p1f1,2084,12,15,0.0313345819393363,7.789031,-2.98366,2084
25552,r6i1p1f1,2084,12,16,0.0,12.117134,-1.3980865,2084
25553,r6i1p1f1,2084,12,17,0.0,11.800855,-0.9212694,2084
25554,r6i1p1f1,2084,12,18,0.0,12.596352,-0.04745247,2084
25555,r6i1p1f1,2084,12,19,23.544124343058787,10.473161,3.6601555,2084
25556,r6i1p1f1,2084,12,20,10.141917322527272,9.560395,-3.7638273,2084
25557,r6i1p1f1,2084,12,21,13.712006895016316,1.7156575,-5.0282187,2084
25558,r6i1p1f1,2084,12,22,9.81448792264431,0.6156487,-6.3798223,2084
25559,r6i1p1f1,2084,12,23,0.0,2.8956482,-9.7606125,2084
25560,r6i1p1f1,2084,12,24,0.0,3.821063,-7.6061063,2084
25561,r6i1p1f1,2084,12,25,0.0,5.7585907,-7.2568917,2084
25562,r6i1p1f1,2084,12,26,0.0,6.264234,-5.8161516,2084
25563,r6i1p1f1,2084,12,27,0.0,6.102164,-5.6162486,2084
25564,r6i1p1f1,2084,12,28,1.2650993423629937,2.2214615,-3.5032966,2084
25565,r6i1p1f1,2084,12,29,2.4278847295110797,1.1545777,-3.1234572,2084
25566,r6i1p1f1,2084,12,30,6.7417228817729296,2.8733282,-4.4283805,2084
25567,r6i1p1f1,2084,12,31,0.0015802264488205106,5.666645,-3.3052714,2084
25568,r6i1p1f1,2085,01,01,0.0,6.345283,-5.2765694,2085
25569,r6i1p1f1,2085,01,02,48.98124910145152,7.880963,-0.91574854,2085
25570,r6i1p1f1,2085,01,03,12.534453120602441,6.7951317,-0.48725536,2085
25571,r6i1p1f1,2085,01,04,0.0,5.824129,-6.264525,2085
25572,r6i1p1f1,2085,01,05,0.0,9.176476,-5.1528773,2085
25573,r6i1p1f1,2085,01,06,0.0,9.731944,-3.3807998,2085
25574,r6i1p1f1,2085,01,07,0.0,11.873091,-1.4373826,2085
25575,r6i1p1f1,2085,01,08,0.0,13.835073,-0.44054317,2085
25576,r6i1p1f1,2085,01,09,0.0,13.08252,-0.9253066,2085
25577,r6i1p1f1,2085,01,10,0.0,7.6785936,-6.6819563,2085
25578,r6i1p1f1,2085,01,11,0.0,9.859356,-4.6869206,2085
25579,r6i1p1f1,2085,01,12,0.0,8.894695,-6.08878,2085
25580,r6i1p1f1,2085,01,13,0.0,4.3330274,-8.962839,2085
25581,r6i1p1f1,2085,01,14,0.0,3.3858247,-7.2868757,2085
25582,r6i1p1f1,2085,01,15,0.17686286908531937,0.99720335,-11.318971,2085
25583,r6i1p1f1,2085,01,16,0.10342563844058036,2.9627023,-12.011195,2085
25584,r6i1p1f1,2085,01,17,0.0,2.7993677,-11.536057,2085
25585,r6i1p1f1,2085,01,18,0.3239153723628203,-0.5904533,-10.567098,2085
25586,r6i1p1f1,2085,01,19,2.7209318106215292,5.439256,-8.612492,2085
25587,r6i1p1f1,2085,01,20,9.769739990003401,5.9093947,-3.3014665,2085
25588,r6i1p1f1,2085,01,21,14.368262531620868,4.9591064,-1.5777056,2085
25589,r6i1p1f1,2085,01,22,16.238719725117235,3.470715,-3.300459,2085
25590,r6i1p1f1,2085,01,23,16.67628162993347,2.3450553,-3.0763927,2085
25591,r6i1p1f1,2085,01,24,18.209326849626258,3.4999745,-2.6137512,2085
25592,r6i1p1f1,2085,01,25,0.03660756584705749,7.8104706,-5.1955705,2085
25593,r6i1p1f1,2085,01,26,27.21336490899159,6.919218,-1.7592056,2085
25594,r6i1p1f1,2085,01,27,49.168227213787794,8.353273,-0.40425968,2085
25595,r6i1p1f1,2085,01,28,28.597861159870327,4.5501986,-1.9055676,2085
25596,r6i1p1f1,2085,01,29,30.77852566442965,3.7653766,-3.4556675,2085
25597,r6i1p1f1,2085,01,30,0.47227824669610324,4.3217616,-8.207622,2085
25598,r6i1p1f1,2085,01,31,33.91823029122468,10.378225,-5.122387,2085
25599,r6i1p1f1,2085,02,01,35.644485947279286,13.999095,1.1344494,2085
25600,r6i1p1f1,2085,02,02,3.1717438077570703,7.0297937,0.61762655,2085
25601,r6i1p1f1,2085,02,03,0.6452942154502654,5.6764145,-0.82283187,2085
25602,r6i1p1f1,2085,02,04,0.016742488803803166,7.4960756,-4.759087,2085
25603,r6i1p1f1,2085,02,05,0.0,12.22175,-3.229711,2085
25604,r6i1p1f1,2085,02,06,0.0,13.108433,-3.8454192,2085
25605,r6i1p1f1,2085,02,07,0.0,15.185523,-0.9809362,2085
25606,r6i1p1f1,2085,02,08,0.0,14.657782,-0.6289347,2085
25607,r6i1p1f1,2085,02,09,0.0,16.16362,0.39850482,2085
25608,r6i1p1f1,2085,02,10,0.0,18.689,2.7488298,2085
25609,r6i1p1f1,2085,02,11,0.0,18.584059,3.77635,2085
25610,r6i1p1f1,2085,02,12,0.0,19.402628,3.461782,2085
25611,r6i1p1f1,2085,02,13,0.0,19.066025,2.7922359,2085
25612,r6i1p1f1,2085,02,14,0.011381741437080024,17.508478,4.0573564,2085
25613,r6i1p1f1,2085,02,15,0.003340190709809977,18.850098,2.558885,2085
25614,r6i1p1f1,2085,02,16,0.0016642022833529197,16.325697,1.1894572,2085
25615,r6i1p1f1,2085,02,17,2.677837980576916,7.044361,-6.4348626,2085
25616,r6i1p1f1,2085,02,18,0.013233500610022068,4.1895204,-8.85733,2085
25617,r6i1p1f1,2085,02,19,0.0,8.386855,-8.394775,2085
25618,r6i1p1f1,2085,02,20,0.533251106546906,6.7174034,-6.4776826,2085
25619,r6i1p1f1,2085,02,21,0.0,3.9108782,-10.761027,2085
25620,r6i1p1f1,2085,02,22,0.0,3.5754318,-11.629624,2085
25621,r6i1p1f1,2085,02,23,0.0,3.4663415,-6.5820584,2085
25622,r6i1p1f1,2085,02,24,0.0,7.543593,-8.003422,2085
25623,r6i1p1f1,2085,02,25,0.0,11.089272,-5.368037,2085
25624,r6i1p1f1,2085,02,26,0.01743901745657882,10.580259,-4.1535993,2085
25625,r6i1p1f1,2085,02,27,0.8092864585066947,9.410783,-4.6265197,2085
25626,r6i1p1f1,2085,02,28,7.439336073742348,7.241222,-5.443864,2085
25627,r6i1p1f1,2085,03,01,18.742770937712937,6.5108805,-5.253211,2085
25628,r6i1p1f1,2085,03,02,22.306316369995592,4.894746,-2.440457,2085
25629,r6i1p1f1,2085,03,03,27.92220536814425,4.5507264,-3.5780942,2085
25630,r6i1p1f1,2085,03,04,0.0,8.312951,-4.626242,2085
25631,r6i1p1f1,2085,03,05,0.0,8.485035,-6.863346,2085
25632,r6i1p1f1,2085,03,06,0.0,10.666075,-5.425576,2085
25633,r6i1p1f1,2085,03,07,0.0020638890537531137,11.68489,-1.6700342,2085
25634,r6i1p1f1,2085,03,08,31.012888048289675,8.016207,-1.5107269,2085
25635,r6i1p1f1,2085,03,09,5.5979014956847335,5.1834817,-2.0941033,2085
25636,r6i1p1f1,2085,03,10,15.06625725584136,5.1240916,-3.967256,2085
25637,r6i1p1f1,2085,03,11,0.0,9.551819,0.97195655,2085
25638,r6i1p1f1,2085,03,12,0.0,13.9316225,-3.3399675,2085
25639,r6i1p1f1,2085,03,13,5.5273500924958845e-05,17.219862,1.1552458,2085
25640,r6i1p1f1,2085,03,14,0.1777240985694285,16.253126,3.0233107,2085
25641,r6i1p1f1,2085,03,15,0.0418902379633918,9.544054,-4.931364,2085
25642,r6i1p1f1,2085,03,16,0.0,7.656439,-5.715604,2085
25643,r6i1p1f1,2085,03,17,0.0,11.712417,-5.8753633,2085
25644,r6i1p1f1,2085,03,18,0.04000078014425763,11.435123,2.556048,2085
25645,r6i1p1f1,2085,03,19,1.690736542555184,5.7787085,-9.70427,2085
25646,r6i1p1f1,2085,03,20,0.0,1.3484032,-15.096395,2085
25647,r6i1p1f1,2085,03,21,0.0,2.2312863,-12.664571,2085
25648,r6i1p1f1,2085,03,22,0.0,6.098162,-9.278805,2085
25649,r6i1p1f1,2085,03,23,0.0,12.898461,-5.010037,2085
25650,r6i1p1f1,2085,03,24,0.0,17.327864,-1.0854613,2085
25651,r6i1p1f1,2085,03,25,0.6581350603746814,23.195414,4.1669345,2085
25652,r6i1p1f1,2085,03,26,0.0,27.028894,7.053368,2085
25653,r6i1p1f1,2085,03,27,0.0,26.447453,8.52686,2085
25654,r6i1p1f1,2085,03,28,0.23078045959412163,21.281351,2.0424657,2085
25655,r6i1p1f1,2085,03,29,3.597367444695022,11.3863945,0.22558574,2085
25656,r6i1p1f1,2085,03,30,0.0037392059380023327,15.889932,-1.2558305,2085
25657,r6i1p1f1,2085,03,31,0.0,20.940166,1.215979,2085
25658,r6i1p1f1,2085,04,01,0.0,21.887037,3.4087765,2085
25659,r6i1p1f1,2085,04,02,5.996485853811921,12.613113,-0.4990524,2085
25660,r6i1p1f1,2085,04,03,7.955302019022221,11.431735,-1.0883172,2085
25661,r6i1p1f1,2085,04,04,0.0,11.6946,0.18322098,2085
25662,r6i1p1f1,2085,04,05,0.0,12.973111,-0.4156369,2085
25663,r6i1p1f1,2085,04,06,0.01384558347524216,18.396166,-0.06919929,2085
25664,r6i1p1f1,2085,04,07,7.1938093124911875,13.351805,2.7936325,2085
25665,r6i1p1f1,2085,04,08,2.360268831952337,13.144356,-2.0243556,2085
25666,r6i1p1f1,2085,04,09,0.0,18.052496,0.102876484,2085
25667,r6i1p1f1,2085,04,10,10.005310715524695,11.273776,-0.35947004,2085
25668,r6i1p1f1,2085,04,11,5.06167367641042,8.002872,-3.062196,2085
25669,r6i1p1f1,2085,04,12,9.519434239352933,5.775416,-4.5793986,2085
25670,r6i1p1f1,2085,04,13,6.31968253834418,2.579127,-5.9005327,2085
25671,r6i1p1f1,2085,04,14,0.0045165655644683195,5.652232,-5.7923684,2085
25672,r6i1p1f1,2085,04,15,6.203885843804179,8.628783,-6.6719036,2085
25673,r6i1p1f1,2085,04,16,1.9447008687747953,9.793637,-4.262668,2085
25674,r6i1p1f1,2085,04,17,2.707758614421251,9.843626,-0.0461508,2085
25675,r6i1p1f1,2085,04,18,2.4748844169843767,10.931385,2.885355,2085
25676,r6i1p1f1,2085,04,19,25.355415604386394,9.520601,1.0742551,2085
25677,r6i1p1f1,2085,04,20,1.9161232152595367,6.9619603,-2.5029607,2085
25678,r6i1p1f1,2085,04,21,2.5322290916516574,9.9834795,-2.1535463,2085
25679,r6i1p1f1,2085,04,22,1.350574221751758,15.001342,-2.7264638,2085
25680,r6i1p1f1,2085,04,23,0.0,18.554123,0.6856185,2085
25681,r6i1p1f1,2085,04,24,0.0,19.682228,6.4266334,2085
25682,r6i1p1f1,2085,04,25,0.1824313859927163,20.765137,4.176412,2085
25683,r6i1p1f1,2085,04,26,0.09981860267213072,21.251532,4.1530375,2085
25684,r6i1p1f1,2085,04,27,0.0,18.564018,4.677822,2085
25685,r6i1p1f1,2085,04,28,6.741819965269749,10.552692,1.2115,2085
25686,r6i1p1f1,2085,04,29,0.035413319316803187,13.491459,-1.0060837,2085
25687,r6i1p1f1,2085,04,30,0.0,18.584154,0.4701585,2085
25688,r6i1p1f1,2085,05,01,0.0,21.863518,3.1787694,2085
25689,r6i1p1f1,2085,05,02,0.009921822258702343,22.843752,6.716486,2085
25690,r6i1p1f1,2085,05,03,0.6500404337442186,21.233763,3.8915331,2085
25691,r6i1p1f1,2085,05,04,5.2003418826645555,10.795276,3.0182533,2085
25692,r6i1p1f1,2085,05,05,0.7928510423607464,16.64857,1.4255482,2085
25693,r6i1p1f1,2085,05,06,0.0,23.380526,4.6574492,2085
25694,r6i1p1f1,2085,05,07,3.7432590475099565,16.35938,4.3252306,2085
25695,r6i1p1f1,2085,05,08,2.405899685779737,15.156956,2.8908124,2085
25696,r6i1p1f1,2085,05,09,0.0008242720907791964,18.634686,1.3465239,2085
25697,r6i1p1f1,2085,05,10,0.5071914337336756,17.523605,2.2239628,2085
25698,r6i1p1f1,2085,05,11,0.0,21.356663,3.1550498,2085
25699,r6i1p1f1,2085,05,12,0.0,23.117914,5.227695,2085
25700,r6i1p1f1,2085,05,13,6.905475125864236,17.986586,2.316487,2085
25701,r6i1p1f1,2085,05,14,0.07179777730527104,30.161102,9.059056,2085
25702,r6i1p1f1,2085,05,15,0.0,31.826353,12.855569,2085
25703,r6i1p1f1,2085,05,16,0.0014813080776476847,30.39136,10.754373,2085
25704,r6i1p1f1,2085,05,17,0.0,26.639862,7.729698,2085
25705,r6i1p1f1,2085,05,18,0.0,27.12727,7.0971727,2085
25706,r6i1p1f1,2085,05,19,0.0,32.630962,11.099343,2085
25707,r6i1p1f1,2085,05,20,0.0,32.41758,11.498861,2085
25708,r6i1p1f1,2085,05,21,1.8841116812747403,28.906605,9.34344,2085
25709,r6i1p1f1,2085,05,22,0.0,28.143698,9.669634,2085
25710,r6i1p1f1,2085,05,23,0.0,29.5324,9.603738,2085
25711,r6i1p1f1,2085,05,24,0.0,32.156925,12.395527,2085
25712,r6i1p1f1,2085,05,25,0.0,32.282967,12.167635,2085
25713,r6i1p1f1,2085,05,26,0.0,33.290894,11.824392,2085
25714,r6i1p1f1,2085,05,27,0.0,32.627365,12.654768,2085
25715,r6i1p1f1,2085,05,28,0.0,31.34872,12.203041,2085
25716,r6i1p1f1,2085,05,29,0.0,29.739735,11.285012,2085
25717,r6i1p1f1,2085,05,30,0.12473048113275545,26.80131,8.059637,2085
25718,r6i1p1f1,2085,05,31,0.0,31.405518,10.739149,2085
25719,r6i1p1f1,2085,06,01,0.0,31.462267,11.718364,2085
25720,r6i1p1f1,2085,06,02,0.07509947787918027,29.469463,8.80116,2085
25721,r6i1p1f1,2085,06,03,0.0,31.55393,12.585968,2085
25722,r6i1p1f1,2085,06,04,0.0,33.47981,12.866594,2085
25723,r6i1p1f1,2085,06,05,0.0,32.628662,13.274811,2085
25724,r6i1p1f1,2085,06,06,0.0,31.247677,11.183268,2085
25725,r6i1p1f1,2085,06,07,0.0,29.823868,9.594112,2085
25726,r6i1p1f1,2085,06,08,0.0,28.769041,8.652938,2085
25727,r6i1p1f1,2085,06,09,0.0,28.350222,8.425805,2085
25728,r6i1p1f1,2085,06,10,0.0,26.585499,7.0936527,2085
25729,r6i1p1f1,2085,06,11,0.0,30.168589,10.96672,2085
25730,r6i1p1f1,2085,06,12,0.059333579799679036,32.357883,12.379979,2085
25731,r6i1p1f1,2085,06,13,0.0338256327989887,32.79536,12.859415,2085
25732,r6i1p1f1,2085,06,14,0.0,35.83373,15.222567,2085
25733,r6i1p1f1,2085,06,15,0.3729003740872547,38.27768,18.581678,2085
25734,r6i1p1f1,2085,06,16,0.0,38.164818,20.115507,2085
25735,r6i1p1f1,2085,06,17,0.0,37.15649,17.525028,2085
25736,r6i1p1f1,2085,06,18,0.0,36.986267,16.400976,2085
25737,r6i1p1f1,2085,06,19,0.0,37.957054,17.565454,2085
25738,r6i1p1f1,2085,06,20,0.0,38.647476,18.858839,2085
25739,r6i1p1f1,2085,06,21,0.0,37.17048,17.327019,2085
25740,r6i1p1f1,2085,06,22,0.0,36.440807,15.625985,2085
25741,r6i1p1f1,2085,06,23,0.0,37.97797,19.109852,2085
25742,r6i1p1f1,2085,06,24,0.0,38.708755,19.663471,2085
25743,r6i1p1f1,2085,06,25,0.0,38.974968,18.012756,2085
25744,r6i1p1f1,2085,06,26,0.0,37.405895,19.105015,2085
25745,r6i1p1f1,2085,06,27,0.0,37.26595,16.368916,2085
25746,r6i1p1f1,2085,06,28,0.0,39.00422,19.457058,2085
25747,r6i1p1f1,2085,06,29,0.0,39.251453,21.432882,2085
25748,r6i1p1f1,2085,06,30,0.0,38.584694,19.229403,2085
25749,r6i1p1f1,2085,07,01,0.0,40.01287,19.988243,2085
25750,r6i1p1f1,2085,07,02,0.04022897235521044,37.993496,17.190207,2085
25751,r6i1p1f1,2085,07,03,0.7238565575561854,38.086407,16.697298,2085
25752,r6i1p1f1,2085,07,04,0.059633099378877084,36.45947,14.758921,2085
25753,r6i1p1f1,2085,07,05,0.024803335929487573,35.48162,13.814386,2085
25754,r6i1p1f1,2085,07,06,0.0,35.869743,14.387712,2085
25755,r6i1p1f1,2085,07,07,0.7834432695751714,36.998634,16.099417,2085
25756,r6i1p1f1,2085,07,08,0.0,36.568447,15.283801,2085
25757,r6i1p1f1,2085,07,09,0.0,37.79734,16.4695,2085
25758,r6i1p1f1,2085,07,10,0.0,38.484726,16.791843,2085
25759,r6i1p1f1,2085,07,11,0.0,37.62235,15.866133,2085
25760,r6i1p1f1,2085,07,12,0.0,37.218147,15.328361,2085
25761,r6i1p1f1,2085,07,13,0.0,37.150867,15.168045,2085
25762,r6i1p1f1,2085,07,14,0.17140011160889812,35.849293,14.535476,2085
25763,r6i1p1f1,2085,07,15,0.16326982715909524,35.262577,12.948834,2085
25764,r6i1p1f1,2085,07,16,0.0,35.12916,12.551292,2085
25765,r6i1p1f1,2085,07,17,0.0,35.027493,13.095997,2085
25766,r6i1p1f1,2085,07,18,0.0,35.600357,13.9294815,2085
25767,r6i1p1f1,2085,07,19,0.0,35.567257,14.385161,2085
25768,r6i1p1f1,2085,07,20,0.0,35.42592,13.423864,2085
25769,r6i1p1f1,2085,07,21,0.0,35.165493,13.734112,2085
25770,r6i1p1f1,2085,07,22,0.4720185581092999,35.31996,15.075024,2085
25771,r6i1p1f1,2085,07,23,0.0,36.14649,14.923585,2085
25772,r6i1p1f1,2085,07,24,0.748169952968682,38.171825,17.096842,2085
25773,r6i1p1f1,2085,07,25,0.0006005892564445154,39.653294,18.630217,2085
25774,r6i1p1f1,2085,07,26,0.0,40.370884,18.84688,2085
25775,r6i1p1f1,2085,07,27,0.0,39.46789,17.358805,2085
25776,r6i1p1f1,2085,07,28,1.1690097210259434,38.487556,17.046333,2085
25777,r6i1p1f1,2085,07,29,0.0,38.08601,17.164585,2085
25778,r6i1p1f1,2085,07,30,0.0,39.326298,17.676868,2085
25779,r6i1p1f1,2085,07,31,0.0,39.17373,17.492142,2085
25780,r6i1p1f1,2085,08,01,0.0,38.388157,16.695423,2085
25781,r6i1p1f1,2085,08,02,0.0,39.538906,17.413177,2085
25782,r6i1p1f1,2085,08,03,0.0,40.236973,17.852177,2085
25783,r6i1p1f1,2085,08,04,0.0,40.02622,17.293812,2085
25784,r6i1p1f1,2085,08,05,0.0,40.281322,18.345274,2085
25785,r6i1p1f1,2085,08,06,0.0,38.54687,17.506388,2085
25786,r6i1p1f1,2085,08,07,0.0,37.773838,16.219046,2085
25787,r6i1p1f1,2085,08,08,0.0,37.735996,16.226963,2085
25788,r6i1p1f1,2085,08,09,0.0,38.316956,16.285572,2085
25789,r6i1p1f1,2085,08,10,0.0,38.79957,17.032051,2085
25790,r6i1p1f1,2085,08,11,0.0,39.138916,17.383915,2085
25791,r6i1p1f1,2085,08,12,0.0,38.504417,17.03539,2085
25792,r6i1p1f1,2085,08,13,0.0,38.021324,16.520067,2085
25793,r6i1p1f1,2085,08,14,0.0,37.207146,16.458002,2085
25794,r6i1p1f1,2085,08,15,0.0,36.124264,15.771031,2085
25795,r6i1p1f1,2085,08,16,0.0,36.976086,16.422403,2085
25796,r6i1p1f1,2085,08,17,0.0,37.497746,17.044643,2085
25797,r6i1p1f1,2085,08,18,0.05420073262144434,36.050247,16.032396,2085
25798,r6i1p1f1,2085,08,19,0.9232099595045368,35.04448,14.388183,2085
25799,r6i1p1f1,2085,08,20,0.10905553405010415,34.403812,14.125407,2085
25800,r6i1p1f1,2085,08,21,0.013659443948126708,35.845116,15.423506,2085
25801,r6i1p1f1,2085,08,22,0.00032926634939658473,35.137875,15.270542,2085
25802,r6i1p1f1,2085,08,23,0.0,34.890495,14.7331295,2085
25803,r6i1p1f1,2085,08,24,0.0,36.48312,15.249967,2085
25804,r6i1p1f1,2085,08,25,0.0,38.478794,17.722853,2085
25805,r6i1p1f1,2085,08,26,0.0,39.10181,18.53879,2085
25806,r6i1p1f1,2085,08,27,0.0,38.418392,16.723299,2085
25807,r6i1p1f1,2085,08,28,0.0,37.62185,16.111532,2085
25808,r6i1p1f1,2085,08,29,0.00838022000104824,37.437756,16.376661,2085
25809,r6i1p1f1,2085,08,30,0.0,37.513996,16.5303,2085
25810,r6i1p1f1,2085,08,31,0.02113187155937816,37.299023,16.594315,2085
25811,r6i1p1f1,2085,09,01,0.0,35.498055,15.372003,2085
25812,r6i1p1f1,2085,09,02,0.0,31.293036,12.783303,2085
25813,r6i1p1f1,2085,09,03,0.005015191162234787,28.211155,9.741998,2085
25814,r6i1p1f1,2085,09,04,0.04917668418994156,30.800411,12.303984,2085
25815,r6i1p1f1,2085,09,05,0.0,33.17769,14.789622,2085
25816,r6i1p1f1,2085,09,06,0.0,34.39553,15.307112,2085
25817,r6i1p1f1,2085,09,07,0.0,33.941612,14.820273,2085
25818,r6i1p1f1,2085,09,08,0.0,32.980606,13.639732,2085
25819,r6i1p1f1,2085,09,09,0.0,31.826792,12.334807,2085
25820,r6i1p1f1,2085,09,10,0.0,29.206852,9.172263,2085
25821,r6i1p1f1,2085,09,11,0.0,27.142218,8.685496,2085
25822,r6i1p1f1,2085,09,12,0.30288098070200853,25.821451,7.857902,2085
25823,r6i1p1f1,2085,09,13,0.0,29.412748,8.717192,2085
25824,r6i1p1f1,2085,09,14,0.0,31.31516,10.565004,2085
25825,r6i1p1f1,2085,09,15,0.0,33.008434,13.415673,2085
25826,r6i1p1f1,2085,09,16,0.0,33.678383,13.528616,2085
25827,r6i1p1f1,2085,09,17,0.0,33.72037,13.010923,2085
25828,r6i1p1f1,2085,09,18,3.076396708303814e-06,32.55286,12.974807,2085
25829,r6i1p1f1,2085,09,19,2.833416412452202e-06,33.57877,12.393228,2085
25830,r6i1p1f1,2085,09,20,0.0,33.707527,12.533474,2085
25831,r6i1p1f1,2085,09,21,0.0,34.256943,13.387959,2085
25832,r6i1p1f1,2085,09,22,0.0,33.209335,14.881838,2085
25833,r6i1p1f1,2085,09,23,0.0,33.37128,14.274558,2085
25834,r6i1p1f1,2085,09,24,0.027697067154010928,33.37292,13.985127,2085
25835,r6i1p1f1,2085,09,25,0.18397217035700006,33.86159,12.872254,2085
25836,r6i1p1f1,2085,09,26,0.0,33.577778,12.384458,2085
25837,r6i1p1f1,2085,09,27,0.0,30.584677,11.1972065,2085
25838,r6i1p1f1,2085,09,28,0.0,26.95021,8.112965,2085
25839,r6i1p1f1,2085,09,29,0.0,25.236925,6.0359654,2085
25840,r6i1p1f1,2085,09,30,0.0002818384142079849,28.591307,8.944217,2085
25841,r6i1p1f1,2085,10,01,0.0,29.632425,8.918931,2085
25842,r6i1p1f1,2085,10,02,0.0,25.907808,6.8106313,2085
25843,r6i1p1f1,2085,10,03,0.0,25.112892,5.867823,2085
25844,r6i1p1f1,2085,10,04,0.0,23.975712,3.6061535,2085
25845,r6i1p1f1,2085,10,05,0.0,26.185976,5.0885754,2085
25846,r6i1p1f1,2085,10,06,0.0,30.19159,8.942021,2085
25847,r6i1p1f1,2085,10,07,0.0,29.824093,8.768703,2085
25848,r6i1p1f1,2085,10,08,0.16253673619865475,23.265589,6.190459,2085
25849,r6i1p1f1,2085,10,09,0.0,18.319607,2.4750905,2085
25850,r6i1p1f1,2085,10,10,0.0,26.010923,4.0509014,2085
25851,r6i1p1f1,2085,10,11,1.057228166560712,23.672005,6.40571,2085
25852,r6i1p1f1,2085,10,12,0.003553738732703273,17.957882,2.326803,2085
25853,r6i1p1f1,2085,10,13,0.0,19.811314,1.1605471,2085
25854,r6i1p1f1,2085,10,14,0.0,25.56052,4.8147297,2085
25855,r6i1p1f1,2085,10,15,0.0,27.216057,7.3563695,2085
25856,r6i1p1f1,2085,10,16,0.0,27.432205,7.5942707,2085
25857,r6i1p1f1,2085,10,17,0.0002922959442161517,27.01853,8.341788,2085
25858,r6i1p1f1,2085,10,18,0.0,26.535309,7.6542907,2085
25859,r6i1p1f1,2085,10,19,0.0,26.322973,7.108878,2085
25860,r6i1p1f1,2085,10,20,0.0,25.210484,5.438254,2085
25861,r6i1p1f1,2085,10,21,0.009575184797524674,24.446938,7.0739617,2085
25862,r6i1p1f1,2085,10,22,0.0,23.545593,6.5168,2085
25863,r6i1p1f1,2085,10,23,3.296979229064877,19.753206,3.7425041,2085
25864,r6i1p1f1,2085,10,24,0.14159217375903027,16.834747,3.536865,2085
25865,r6i1p1f1,2085,10,25,0.04279837926082788,21.096027,4.6853943,2085
25866,r6i1p1f1,2085,10,26,0.055106128717669435,22.096397,5.6682296,2085
25867,r6i1p1f1,2085,10,27,2.4744692840593983,22.180378,6.022942,2085
25868,r6i1p1f1,2085,10,28,0.007847633478736961,23.068651,5.9998307,2085
25869,r6i1p1f1,2085,10,29,0.0,22.058464,5.733684,2085
25870,r6i1p1f1,2085,10,30,0.014579797375180115,21.499632,5.6499753,2085
25871,r6i1p1f1,2085,10,31,0.5435896212443118,19.444712,4.556047,2085
25872,r6i1p1f1,2085,11,01,0.055734767822611525,18.33709,6.750498,2085
25873,r6i1p1f1,2085,11,02,0.07673332382047571,16.143553,4.6475825,2085
25874,r6i1p1f1,2085,11,03,0.004163583969129404,15.887241,2.4239242,2085
25875,r6i1p1f1,2085,11,04,0.0,24.246399,4.0038433,2085
25876,r6i1p1f1,2085,11,05,0.0,25.125313,7.2398086,2085
25877,r6i1p1f1,2085,11,06,0.06738511074490185,21.874891,7.475496,2085
25878,r6i1p1f1,2085,11,07,0.0,17.587362,2.0654533,2085
25879,r6i1p1f1,2085,11,08,0.0,17.61246,1.1680845,2085
25880,r6i1p1f1,2085,11,09,6.74466411586956,12.472347,1.0379266,2085
25881,r6i1p1f1,2085,11,10,0.0,8.821308,-1.7727076,2085
25882,r6i1p1f1,2085,11,11,0.0,13.515138,-2.391084,2085
25883,r6i1p1f1,2085,11,12,0.18841425014110444,17.256002,2.9336329,2085
25884,r6i1p1f1,2085,11,13,0.3388243340554714,17.346111,4.0636816,2085
25885,r6i1p1f1,2085,11,14,0.006632670499651331,16.944536,1.0191904,2085
25886,r6i1p1f1,2085,11,15,11.658200948922293,12.391269,4.526699,2085
25887,r6i1p1f1,2085,11,16,6.056845379843394,10.602755,-4.564988,2085
25888,r6i1p1f1,2085,11,17,0.019611379997550665,4.2329745,-7.5390573,2085
25889,r6i1p1f1,2085,11,18,0.0,4.876879,-9.977339,2085
25890,r6i1p1f1,2085,11,19,5.262912092808802,4.5106306,-6.511467,2085
25891,r6i1p1f1,2085,11,20,9.465939389711732,5.1906004,-1.2423156,2085
25892,r6i1p1f1,2085,11,21,18.518280786224786,7.0106354,-2.5587895,2085
25893,r6i1p1f1,2085,11,22,71.8714196913896,11.289385,1.8589119,2085
25894,r6i1p1f1,2085,11,23,25.009824035216106,12.667734,-2.7977655,2085
25895,r6i1p1f1,2085,11,24,7.41167994525548,4.009814,-4.0990033,2085
25896,r6i1p1f1,2085,11,25,1.6439043358581984,1.3200098,-6.0856786,2085
25897,r6i1p1f1,2085,11,26,1.1238666872563936,0.5916284,-7.384869,2085
25898,r6i1p1f1,2085,11,27,0.0,1.5089785,-12.015769,2085
25899,r6i1p1f1,2085,11,28,0.0,2.4945922,-11.81527,2085
25900,r6i1p1f1,2085,11,29,0.0,0.60118055,-15.159662,2085
25901,r6i1p1f1,2085,11,30,0.0,1.8693222,-12.516292,2085
25902,r6i1p1f1,2085,12,01,0.0,0.3749173,-12.440113,2085
25903,r6i1p1f1,2085,12,02,0.0,3.6901476,-10.066629,2085
25904,r6i1p1f1,2085,12,03,0.0,5.2988896,-8.915716,2085
25905,r6i1p1f1,2085,12,04,2.9900570232598693,2.4619439,-7.0746984,2085
25906,r6i1p1f1,2085,12,05,14.798941680996668,0.10024747,-5.133132,2085
25907,r6i1p1f1,2085,12,06,12.071251159101251,2.6111157,-2.9567108,2085
25908,r6i1p1f1,2085,12,07,1.4311108564047093,4.080859,-3.5223098,2085
25909,r6i1p1f1,2085,12,08,7.72781544547296e-05,2.25175,-11.516223,2085
25910,r6i1p1f1,2085,12,09,0.01038578770967511,3.2428014,-8.566305,2085
25911,r6i1p1f1,2085,12,10,1.4200446134404794,1.3917878,-7.230851,2085
25912,r6i1p1f1,2085,12,11,3.3701506637468444,1.0504074,-4.5920806,2085
25913,r6i1p1f1,2085,12,12,19.603037615333626,3.114488,-6.1454186,2085
25914,r6i1p1f1,2085,12,13,17.10857937772358,0.6390251,-2.5905166,2085
25915,r6i1p1f1,2085,12,14,37.04467158115512,1.3293484,-3.162871,2085
25916,r6i1p1f1,2085,12,15,38.62765757499701,3.7364268,-10.266684,2085
25917,r6i1p1f1,2085,12,16,0.03449991047211869,-1.3160112,-16.942343,2085
25918,r6i1p1f1,2085,12,17,0.0,1.4149923,-13.974414,2085
25919,r6i1p1f1,2085,12,18,0.0,4.2656274,-9.794249,2085
25920,r6i1p1f1,2085,12,19,0.0,3.5870361,-8.406924,2085
25921,r6i1p1f1,2085,12,20,2.565991291791038,3.1917832,-4.9189034,2085
25922,r6i1p1f1,2085,12,21,0.0,5.6884823,-1.9915725,2085
25923,r6i1p1f1,2085,12,22,23.913224202623432,5.406685,-1.6661451,2085
25924,r6i1p1f1,2085,12,23,19.269829718163983,6.2548156,-1.2544184,2085
25925,r6i1p1f1,2085,12,24,9.480375799250638,2.2629666,-9.141792,2085
25926,r6i1p1f1,2085,12,25,26.37992332807715,0.8968635,-9.259188,2085
25927,r6i1p1f1,2085,12,26,62.280384893939775,1.436351,-4.312239,2085
25928,r6i1p1f1,2085,12,27,43.07530549461747,3.1814106,-4.431094,2085
25929,r6i1p1f1,2085,12,28,1.5109322323517258,6.7746296,-3.3796813,2085
25930,r6i1p1f1,2085,12,29,32.107477955450655,6.77974,-0.6674826,2085
25931,r6i1p1f1,2085,12,30,59.6609367202158,9.318422,2.7192328,2085
25932,r6i1p1f1,2085,12,31,11.27731413275167,8.690438,-0.62278914,2085
25933,r6i1p1f1,2086,01,01,0.0,8.189303,-1.6221778,2086
25934,r6i1p1f1,2086,01,02,0.0,9.724906,-3.0124085,2086
25935,r6i1p1f1,2086,01,03,0.0,8.692904,0.682424,2086
25936,r6i1p1f1,2086,01,04,0.8143387998696918,9.354233,2.5612147,2086
25937,r6i1p1f1,2086,01,05,0.0,10.648162,1.9459329,2086
25938,r6i1p1f1,2086,01,06,0.0,7.2240133,-5.0645704,2086
25939,r6i1p1f1,2086,01,07,0.0,9.5119295,-4.009464,2086
25940,r6i1p1f1,2086,01,08,0.0,12.207797,1.5932325,2086
25941,r6i1p1f1,2086,01,09,0.0,13.699895,0.68171644,2086
25942,r6i1p1f1,2086,01,10,0.0,12.8583145,0.030400792,2086
25943,r6i1p1f1,2086,01,11,0.5226336108594484,11.844598,1.8634253,2086
25944,r6i1p1f1,2086,01,12,0.0,15.4978285,5.3066115,2086
25945,r6i1p1f1,2086,01,13,0.0,16.242437,6.808901,2086
25946,r6i1p1f1,2086,01,14,0.01138529444662411,15.908442,6.0934453,2086
25947,r6i1p1f1,2086,01,15,4.9937331960151,11.675915,3.727094,2086
25948,r6i1p1f1,2086,01,16,0.1446853577546818,10.049752,2.6579254,2086
25949,r6i1p1f1,2086,01,17,23.55149465303736,8.6942835,-0.7305085,2086
25950,r6i1p1f1,2086,01,18,7.4089184687998495,4.8800273,-3.8367522,2086
25951,r6i1p1f1,2086,01,19,4.480064231988615,0.4588974,-3.8929336,2086
25952,r6i1p1f1,2086,01,20,10.743343462173266,0.15513413,-5.093241,2086
25953,r6i1p1f1,2086,01,21,3.161546412984472,0.56710255,-5.906168,2086
25954,r6i1p1f1,2086,01,22,0.0,4.243673,-5.805421,2086
25955,r6i1p1f1,2086,01,23,0.07742125900435562,2.6718967,-6.5897512,2086
25956,r6i1p1f1,2086,01,24,5.869807063900828,-0.11623213,-12.899959,2086
25957,r6i1p1f1,2086,01,25,12.975327941422197,4.2402577,-8.818538,2086
25958,r6i1p1f1,2086,01,26,20.841216917205347,5.9243035,-3.1716533,2086
25959,r6i1p1f1,2086,01,27,8.933232223113372,7.619437,-3.8219087,2086
25960,r6i1p1f1,2086,01,28,16.955962477061476,6.1454935,-0.6648552,2086
25961,r6i1p1f1,2086,01,29,9.125752980847714,6.086375,-1.6738957,2086
25962,r6i1p1f1,2086,01,30,0.0,9.503704,-2.1040204,2086
25963,r6i1p1f1,2086,01,31,0.10046983610341258,13.824124,2.5173016,2086
25964,r6i1p1f1,2086,02,01,0.019313072985271754,14.948513,4.102513,2086
25965,r6i1p1f1,2086,02,02,18.930564533106157,10.202453,1.4133172,2086
25966,r6i1p1f1,2086,02,03,27.22719936755253,9.161168,-0.57485074,2086
25967,r6i1p1f1,2086,02,04,0.0,11.352172,0.5943984,2086
25968,r6i1p1f1,2086,02,05,0.024893875162430527,17.889355,1.3948681,2086
25969,r6i1p1f1,2086,02,06,0.0,17.366432,2.583584,2086
25970,r6i1p1f1,2086,02,07,0.0,15.77175,3.9358635,2086
25971,r6i1p1f1,2086,02,08,0.0014727812075344343,19.232788,2.916656,2086
25972,r6i1p1f1,2086,02,09,0.0,20.051373,4.3202105,2086
25973,r6i1p1f1,2086,02,10,0.0,19.997662,3.8678257,2086
25974,r6i1p1f1,2086,02,11,0.0,19.491026,3.4108515,2086
25975,r6i1p1f1,2086,02,12,0.0,19.048157,2.0887313,2086
25976,r6i1p1f1,2086,02,13,0.0,19.372587,2.3742092,2086
25977,r6i1p1f1,2086,02,14,0.0,19.655071,2.8774998,2086
25978,r6i1p1f1,2086,02,15,0.10476554200348734,18.77288,2.2585342,2086
25979,r6i1p1f1,2086,02,16,3.6076094012677746,9.082508,0.34017107,2086
25980,r6i1p1f1,2086,02,17,0.013484277046527734,8.941916,-2.1383317,2086
25981,r6i1p1f1,2086,02,18,0.02280396347201832,9.344149,-3.6209285,2086
25982,r6i1p1f1,2086,02,19,0.014623136806871655,11.287662,-3.436133,2086
25983,r6i1p1f1,2086,02,20,0.0,13.154651,-2.112351,2086
25984,r6i1p1f1,2086,02,21,0.0,15.012273,-1.4109728,2086
25985,r6i1p1f1,2086,02,22,0.0,16.394915,1.3136762,2086
25986,r6i1p1f1,2086,02,23,0.0,16.554321,0.98872584,2086
25987,r6i1p1f1,2086,02,24,0.0,17.748827,1.2503452,2086
25988,r6i1p1f1,2086,02,25,0.0,18.027742,2.604702,2086
25989,r6i1p1f1,2086,02,26,14.580241438825945,15.826249,2.0394852,2086
25990,r6i1p1f1,2086,02,27,0.3555530938345334,14.465543,3.4954472,2086
25991,r6i1p1f1,2086,02,28,0.2274721282322548,15.369341,1.2242084,2086
25992,r6i1p1f1,2086,03,01,0.0,18.374632,3.350043,2086
25993,r6i1p1f1,2086,03,02,1.0179663823184464,16.159374,3.8000453,2086
25994,r6i1p1f1,2086,03,03,13.869668361962004,14.718604,4.0719657,2086
25995,r6i1p1f1,2086,03,04,8.282740802000731,17.600645,0.10976907,2086
25996,r6i1p1f1,2086,03,05,0.0,23.630363,6.93008,2086
25997,r6i1p1f1,2086,03,06,0.022824432055942,21.852245,7.588131,2086
25998,r6i1p1f1,2086,03,07,1.9988790499129334,16.452904,4.1701503,2086
25999,r6i1p1f1,2086,03,08,0.0013626657990794251,16.428425,1.080773,2086
26000,r6i1p1f1,2086,03,09,0.0,22.525225,3.9448407,2086
26001,r6i1p1f1,2086,03,10,0.0,24.058056,6.1621747,2086
26002,r6i1p1f1,2086,03,11,0.0,23.598383,6.4936953,2086
26003,r6i1p1f1,2086,03,12,0.0,22.425724,5.3517537,2086
26004,r6i1p1f1,2086,03,13,0.0,23.052774,5.5126443,2086
26005,r6i1p1f1,2086,03,14,0.0,23.009783,5.202218,2086
26006,r6i1p1f1,2086,03,15,0.0,21.023943,4.0162683,2086
26007,r6i1p1f1,2086,03,16,0.0,19.122026,4.878522,2086
26008,r6i1p1f1,2086,03,17,0.0013792200595931783,19.496223,4.100433,2086
26009,r6i1p1f1,2086,03,18,0.6297587199629295,20.543413,2.498384,2086
26010,r6i1p1f1,2086,03,19,0.0,21.288017,3.383764,2086
26011,r6i1p1f1,2086,03,20,0.0,22.169065,3.2041643,2086
26012,r6i1p1f1,2086,03,21,0.0,21.400263,2.5679393,2086
26013,r6i1p1f1,2086,03,22,0.0,22.090775,4.5118313,2086
26014,r6i1p1f1,2086,03,23,0.0,24.071812,4.818037,2086
26015,r6i1p1f1,2086,03,24,0.0,23.414854,6.1920595,2086
26016,r6i1p1f1,2086,03,25,6.2933658749055414,18.243778,0.24812427,2086
26017,r6i1p1f1,2086,03,26,7.305880195781356,9.631226,-1.6066774,2086
26018,r6i1p1f1,2086,03,27,3.5907581069265078,9.221414,-0.13641961,2086
26019,r6i1p1f1,2086,03,28,9.795831710566038,9.473479,0.011553489,2086
26020,r6i1p1f1,2086,03,29,0.00029439150838217216,16.485493,-2.7657084,2086
26021,r6i1p1f1,2086,03,30,0.019110253101865225,19.493967,-0.45141876,2086
26022,r6i1p1f1,2086,03,31,6.075202763968128,11.488249,-1.9686947,2086
26023,r6i1p1f1,2086,04,01,11.012720479528825,10.147932,-3.5434968,2086
26024,r6i1p1f1,2086,04,02,0.0012390773242333829,16.613384,1.2138323,2086
26025,r6i1p1f1,2086,04,03,0.5372001213686842,14.479668,1.9681457,2086
26026,r6i1p1f1,2086,04,04,4.090171369691909,11.429193,-0.9387913,2086
26027,r6i1p1f1,2086,04,05,3.1201820602645145,11.907762,-2.5731008,2086
26028,r6i1p1f1,2086,04,06,0.4101008759127137,12.7101345,1.353845,2086
26029,r6i1p1f1,2086,04,07,0.0,19.792496,2.2586699,2086
26030,r6i1p1f1,2086,04,08,0.0,21.28355,4.1843653,2086
26031,r6i1p1f1,2086,04,09,0.0,21.604876,4.3151774,2086
26032,r6i1p1f1,2086,04,10,0.0,22.058722,5.3025804,2086
26033,r6i1p1f1,2086,04,11,0.0,23.322138,5.098374,2086
26034,r6i1p1f1,2086,04,12,0.0,24.914968,6.576614,2086
26035,r6i1p1f1,2086,04,13,0.0,26.602222,8.346483,2086
26036,r6i1p1f1,2086,04,14,0.0,28.043367,9.311728,2086
26037,r6i1p1f1,2086,04,15,0.0,28.099485,9.652902,2086
26038,r6i1p1f1,2086,04,16,0.0,24.939884,6.8662343,2086
26039,r6i1p1f1,2086,04,17,0.0,21.786629,4.2630157,2086
26040,r6i1p1f1,2086,04,18,0.10316773022640495,19.94941,1.4790459,2086
26041,r6i1p1f1,2086,04,19,11.25028738431881,9.70497,-3.589952,2086
26042,r6i1p1f1,2086,04,20,1.7337034418623671,10.744358,-3.278351,2086
26043,r6i1p1f1,2086,04,21,0.0,15.419467,0.667536,2086
26044,r6i1p1f1,2086,04,22,0.0,15.709942,6.35249,2086
26045,r6i1p1f1,2086,04,23,0.17501056651734104,13.985212,2.293165,2086
26046,r6i1p1f1,2086,04,24,0.14239544393562545,15.82936,3.4605083,2086
26047,r6i1p1f1,2086,04,25,0.0,23.00638,4.307784,2086
26048,r6i1p1f1,2086,04,26,0.0,24.57159,5.945947,2086
26049,r6i1p1f1,2086,04,27,0.0,28.541538,9.157096,2086
26050,r6i1p1f1,2086,04,28,0.03129444607406086,28.786383,12.122196,2086
26051,r6i1p1f1,2086,04,29,0.06461266829961496,29.733906,10.468951,2086
26052,r6i1p1f1,2086,04,30,0.0,30.12451,11.780832,2086
26053,r6i1p1f1,2086,05,01,0.0,28.51904,8.217005,2086
26054,r6i1p1f1,2086,05,02,0.0,23.668692,4.874159,2086
26055,r6i1p1f1,2086,05,03,0.0,22.274612,4.998012,2086
26056,r6i1p1f1,2086,05,04,0.0,22.767069,4.2743454,2086
26057,r6i1p1f1,2086,05,05,0.0,26.244162,7.710525,2086
26058,r6i1p1f1,2086,05,06,0.0,25.79409,8.132206,2086
26059,r6i1p1f1,2086,05,07,0.0,22.716896,6.441977,2086
26060,r6i1p1f1,2086,05,08,0.02182440848380264,21.86409,7.0327377,2086
26061,r6i1p1f1,2086,05,09,0.007287527231244385,21.897867,6.459781,2086
26062,r6i1p1f1,2086,05,10,0.0,21.89095,3.8958607,2086
26063,r6i1p1f1,2086,05,11,0.0,27.009386,5.6124063,2086
26064,r6i1p1f1,2086,05,12,1.9220285571510105,21.20932,1.474287,2086
26065,r6i1p1f1,2086,05,13,0.6295302361521284,14.634783,-1.7127337,2086
26066,r6i1p1f1,2086,05,14,0.0,21.371086,1.0611691,2086
26067,r6i1p1f1,2086,05,15,0.0,25.54698,7.694167,2086
26068,r6i1p1f1,2086,05,16,1.450095687006545,23.106405,6.300563,2086
26069,r6i1p1f1,2086,05,17,6.1707774765931775,16.624683,5.739654,2086
26070,r6i1p1f1,2086,05,18,1.2964270415505317,18.502592,2.5325978,2086
26071,r6i1p1f1,2086,05,19,0.0,21.975327,3.0614855,2086
26072,r6i1p1f1,2086,05,20,1.8856787234739205,18.57048,1.0091394,2086
26073,r6i1p1f1,2086,05,21,10.233536567605048,15.070831,5.6697283,2086
26074,r6i1p1f1,2086,05,22,0.052501118916396965,23.231613,5.076789,2086
26075,r6i1p1f1,2086,05,23,0.0,28.883734,8.312624,2086
26076,r6i1p1f1,2086,05,24,0.3178899457528962,28.369364,11.2463255,2086
26077,r6i1p1f1,2086,05,25,1.6947277735397255,21.04959,5.4515486,2086
26078,r6i1p1f1,2086,05,26,2.072054209567848,21.325462,4.673145,2086
26079,r6i1p1f1,2086,05,27,0.9063637048371069,20.084133,2.6192398,2086
26080,r6i1p1f1,2086,05,28,0.39253276124756614,23.748259,7.501859,2086
26081,r6i1p1f1,2086,05,29,0.35933017181731974,23.987713,6.189778,2086
26082,r6i1p1f1,2086,05,30,0.6459862305356989,23.7183,5.944165,2086
26083,r6i1p1f1,2086,05,31,7.412346970143617,18.728615,1.9334155,2086
26084,r6i1p1f1,2086,06,01,8.051476823568581,17.456142,7.4318633,2086
26085,r6i1p1f1,2086,06,02,0.0,26.812305,7.2581854,2086
26086,r6i1p1f1,2086,06,03,0.0,29.434128,8.858836,2086
26087,r6i1p1f1,2086,06,04,0.05789751138263479,29.097597,9.829712,2086
26088,r6i1p1f1,2086,06,05,0.09512770359448189,23.659115,6.068164,2086
26089,r6i1p1f1,2086,06,06,0.7392499478995613,20.800177,5.64457,2086
26090,r6i1p1f1,2086,06,07,0.0,27.162178,6.1227345,2086
26091,r6i1p1f1,2086,06,08,0.0,29.968918,9.799464,2086
26092,r6i1p1f1,2086,06,09,0.0,33.680096,13.762809,2086
26093,r6i1p1f1,2086,06,10,0.0,34.7279,14.853439,2086
26094,r6i1p1f1,2086,06,11,0.0013386651429082384,34.85419,15.417924,2086
26095,r6i1p1f1,2086,06,12,0.0,36.356552,16.41767,2086
26096,r6i1p1f1,2086,06,13,0.0,36.65927,16.486233,2086
26097,r6i1p1f1,2086,06,14,0.0,38.407955,17.839273,2086
26098,r6i1p1f1,2086,06,15,0.0,38.076897,17.08883,2086
26099,r6i1p1f1,2086,06,16,0.0,38.977623,19.618519,2086
26100,r6i1p1f1,2086,06,17,0.0,38.686546,19.011974,2086
26101,r6i1p1f1,2086,06,18,0.0,37.379505,18.018421,2086
26102,r6i1p1f1,2086,06,19,0.0,36.82347,16.56257,2086
26103,r6i1p1f1,2086,06,20,0.0,36.79062,16.625288,2086
26104,r6i1p1f1,2086,06,21,0.0,37.56325,17.491114,2086
26105,r6i1p1f1,2086,06,22,0.0,37.724968,16.856733,2086
26106,r6i1p1f1,2086,06,23,0.0,37.20003,17.078714,2086
26107,r6i1p1f1,2086,06,24,0.0,34.51552,14.096746,2086
26108,r6i1p1f1,2086,06,25,0.8857310435510669,34.283993,13.81633,2086
26109,r6i1p1f1,2086,06,26,0.05115224181492487,34.935047,14.090168,2086
26110,r6i1p1f1,2086,06,27,0.11289029965863599,34.344185,13.678936,2086
26111,r6i1p1f1,2086,06,28,0.0,34.187344,13.8728075,2086
26112,r6i1p1f1,2086,06,29,0.0,33.478622,12.697366,2086
26113,r6i1p1f1,2086,06,30,0.0,33.352863,13.247871,2086
26114,r6i1p1f1,2086,07,01,0.0,35.554283,13.84223,2086
26115,r6i1p1f1,2086,07,02,0.0,36.814823,15.253497,2086
26116,r6i1p1f1,2086,07,03,0.0,36.972687,15.413624,2086
26117,r6i1p1f1,2086,07,04,0.0,36.894226,15.745353,2086
26118,r6i1p1f1,2086,07,05,0.0,36.409912,15.208564,2086
26119,r6i1p1f1,2086,07,06,0.256196397614688,36.44896,14.738114,2086
26120,r6i1p1f1,2086,07,07,0.36342142676821015,34.85936,13.332054,2086
26121,r6i1p1f1,2086,07,08,0.0,33.281242,13.36691,2086
26122,r6i1p1f1,2086,07,09,0.0,33.132328,13.551796,2086
26123,r6i1p1f1,2086,07,10,0.0,32.947327,13.305007,2086
26124,r6i1p1f1,2086,07,11,0.0,33.496696,12.139027,2086
26125,r6i1p1f1,2086,07,12,0.0,33.429634,11.5067625,2086
26126,r6i1p1f1,2086,07,13,0.0,30.92148,12.331815,2086
26127,r6i1p1f1,2086,07,14,0.0,29.59609,13.483781,2086
26128,r6i1p1f1,2086,07,15,0.001175185691745467,27.537622,13.144083,2086
26129,r6i1p1f1,2086,07,16,0.9966191026466038,23.252369,14.448956,2086
26130,r6i1p1f1,2086,07,17,2.827691741080361,20.04126,11.077776,2086
26131,r6i1p1f1,2086,07,18,0.00014272315304712424,25.669342,12.999821,2086
26132,r6i1p1f1,2086,07,19,0.0001186335847516684,30.209322,14.707565,2086
26133,r6i1p1f1,2086,07,20,0.0,34.401203,12.495196,2086
26134,r6i1p1f1,2086,07,21,0.0,35.20078,15.113175,2086
26135,r6i1p1f1,2086,07,22,0.0,35.603466,15.292039,2086
26136,r6i1p1f1,2086,07,23,0.0,36.359684,15.279562,2086
26137,r6i1p1f1,2086,07,24,0.0,36.409306,15.717717,2086
26138,r6i1p1f1,2086,07,25,0.0,35.996677,15.535944,2086
26139,r6i1p1f1,2086,07,26,0.0,36.256573,15.520788,2086
26140,r6i1p1f1,2086,07,27,0.36129101717630474,35.653217,15.623253,2086
26141,r6i1p1f1,2086,07,28,8.59252742531096,26.625206,13.905474,2086
26142,r6i1p1f1,2086,07,29,0.17532369945768914,27.105244,14.613832,2086
26143,r6i1p1f1,2086,07,30,0.42772114932474653,29.750242,12.897156,2086
26144,r6i1p1f1,2086,07,31,0.5808645056097502,32.506477,15.407851,2086
26145,r6i1p1f1,2086,08,01,2.9183254855797083,32.300198,14.158641,2086
26146,r6i1p1f1,2086,08,02,4.531014826478959,30.078972,13.221581,2086
26147,r6i1p1f1,2086,08,03,2.2878022401845564,27.85349,11.493223,2086
26148,r6i1p1f1,2086,08,04,3.93508881576148,27.820492,12.740746,2086
26149,r6i1p1f1,2086,08,05,0.0023604402379487775,33.755547,15.5124445,2086
26150,r6i1p1f1,2086,08,06,0.0,32.24977,12.776374,2086
26151,r6i1p1f1,2086,08,07,0.058911582299331196,30.010952,13.289089,2086
26152,r6i1p1f1,2086,08,08,0.09280495895516452,28.68406,12.893583,2086
26153,r6i1p1f1,2086,08,09,0.017858193218892836,28.066011,11.411172,2086
26154,r6i1p1f1,2086,08,10,0.09004488796739935,27.600864,12.533776,2086
26155,r6i1p1f1,2086,08,11,0.0897877455214283,26.70392,10.3141985,2086
26156,r6i1p1f1,2086,08,12,0.01205815388842376,24.903168,8.301433,2086
26157,r6i1p1f1,2086,08,13,0.0,24.580776,8.13493,2086
26158,r6i1p1f1,2086,08,14,0.0,26.179304,8.347918,2086
26159,r6i1p1f1,2086,08,15,0.0,29.368603,10.006049,2086
26160,r6i1p1f1,2086,08,16,0.0,32.430973,12.873474,2086
26161,r6i1p1f1,2086,08,17,3.1972800827926395,29.697298,12.418372,2086
26162,r6i1p1f1,2086,08,18,0.8347178329697084,29.688559,10.423379,2086
26163,r6i1p1f1,2086,08,19,0.019972944575131567,28.03474,11.8337345,2086
26164,r6i1p1f1,2086,08,20,0.0,28.266722,12.250931,2086
26165,r6i1p1f1,2086,08,21,0.0,28.996113,11.776644,2086
26166,r6i1p1f1,2086,08,22,0.0,30.182728,11.504079,2086
26167,r6i1p1f1,2086,08,23,0.0,30.130054,10.519135,2086
26168,r6i1p1f1,2086,08,24,0.0,30.276785,11.0687,2086
26169,r6i1p1f1,2086,08,25,0.0,31.318508,11.682141,2086
26170,r6i1p1f1,2086,08,26,0.0,31.496906,12.07046,2086
26171,r6i1p1f1,2086,08,27,0.0,31.469376,12.005746,2086
26172,r6i1p1f1,2086,08,28,0.0,31.998396,11.038184,2086
26173,r6i1p1f1,2086,08,29,0.0,32.804718,12.686912,2086
26174,r6i1p1f1,2086,08,30,0.0,33.922985,12.766786,2086
26175,r6i1p1f1,2086,08,31,0.0,33.491558,12.749526,2086
26176,r6i1p1f1,2086,09,01,0.0,31.911295,13.9852,2086
26177,r6i1p1f1,2086,09,02,0.0,32.231915,13.455574,2086
26178,r6i1p1f1,2086,09,03,0.0,33.119392,14.209687,2086
26179,r6i1p1f1,2086,09,04,0.0,33.553394,15.292984,2086
26180,r6i1p1f1,2086,09,05,0.0,34.524864,15.028999,2086
26181,r6i1p1f1,2086,09,06,0.0007718191453505095,33.893967,15.092398,2086
26182,r6i1p1f1,2086,09,07,0.0,33.10673,15.0860815,2086
26183,r6i1p1f1,2086,09,08,0.0,31.653883,13.814629,2086
26184,r6i1p1f1,2086,09,09,0.0,30.707249,12.425128,2086
26185,r6i1p1f1,2086,09,10,0.0,29.875105,10.441085,2086
26186,r6i1p1f1,2086,09,11,0.0,28.257622,10.94826,2086
26187,r6i1p1f1,2086,09,12,0.0,34.08855,13.298956,2086
26188,r6i1p1f1,2086,09,13,0.0,35.660126,14.796478,2086
26189,r6i1p1f1,2086,09,14,0.0,36.43499,16.464045,2086
26190,r6i1p1f1,2086,09,15,0.0,37.68837,16.885315,2086
26191,r6i1p1f1,2086,09,16,0.0,36.138012,15.751899,2086
26192,r6i1p1f1,2086,09,17,0.0,33.121742,14.129323,2086
26193,r6i1p1f1,2086,09,18,0.0,33.2842,13.543209,2086
26194,r6i1p1f1,2086,09,19,0.0,33.658,13.371163,2086
26195,r6i1p1f1,2086,09,20,0.0,33.379417,13.495309,2086
26196,r6i1p1f1,2086,09,21,0.0,32.780407,14.080136,2086
26197,r6i1p1f1,2086,09,22,0.0,31.955338,12.847746,2086
26198,r6i1p1f1,2086,09,23,0.0,31.782537,13.370681,2086
26199,r6i1p1f1,2086,09,24,0.0,32.82093,13.21569,2086
26200,r6i1p1f1,2086,09,25,0.0,32.020714,12.331334,2086
26201,r6i1p1f1,2086,09,26,0.0,33.1705,13.27579,2086
26202,r6i1p1f1,2086,09,27,0.0,33.170975,13.294956,2086
26203,r6i1p1f1,2086,09,28,0.0,30.793608,12.411929,2086
26204,r6i1p1f1,2086,09,29,0.0,24.444052,7.9233627,2086
26205,r6i1p1f1,2086,09,30,0.05231529199131171,23.064024,6.244526,2086
26206,r6i1p1f1,2086,10,01,0.0,26.690939,6.871386,2086
26207,r6i1p1f1,2086,10,02,0.0,25.789618,7.0593934,2086
26208,r6i1p1f1,2086,10,03,0.0,27.40853,7.6988525,2086
26209,r6i1p1f1,2086,10,04,0.0,30.485548,10.924253,2086
26210,r6i1p1f1,2086,10,05,0.0,32.666683,12.39988,2086
26211,r6i1p1f1,2086,10,06,0.0,33.66643,14.815295,2086
26212,r6i1p1f1,2086,10,07,0.0,34.378178,14.637581,2086
26213,r6i1p1f1,2086,10,08,0.0,34.376587,13.853615,2086
26214,r6i1p1f1,2086,10,09,0.01865665434403571,31.660847,12.068308,2086
26215,r6i1p1f1,2086,10,10,0.00948811337892312,29.952267,11.206634,2086
26216,r6i1p1f1,2086,10,11,0.0,28.097044,10.407655,2086
26217,r6i1p1f1,2086,10,12,0.0,31.397728,10.357795,2086
26218,r6i1p1f1,2086,10,13,0.0,32.688805,12.444324,2086
26219,r6i1p1f1,2086,10,14,0.0,33.15955,12.168861,2086
26220,r6i1p1f1,2086,10,15,0.0,32.377865,12.219242,2086
26221,r6i1p1f1,2086,10,16,0.0,29.085203,8.521927,2086
26222,r6i1p1f1,2086,10,17,0.0,25.232073,6.995496,2086
26223,r6i1p1f1,2086,10,18,0.02347509194272986,23.576777,6.6611834,2086
26224,r6i1p1f1,2086,10,19,0.06746756786522375,17.342241,4.2875333,2086
26225,r6i1p1f1,2086,10,20,0.0,17.462046,2.9384563,2086
26226,r6i1p1f1,2086,10,21,0.0,18.746069,-1.2499062,2086
26227,r6i1p1f1,2086,10,22,0.0041377268182486784,17.781563,5.068344,2086
26228,r6i1p1f1,2086,10,23,0.4414778621590319,16.55103,1.4385206,2086
26229,r6i1p1f1,2086,10,24,0.0,16.20381,4.393288,2086
26230,r6i1p1f1,2086,10,25,0.0,20.40282,2.9717758,2086
26231,r6i1p1f1,2086,10,26,0.0,24.223335,3.830744,2086
26232,r6i1p1f1,2086,10,27,0.0,25.595045,6.34192,2086
26233,r6i1p1f1,2086,10,28,0.0,24.910666,6.9011507,2086
26234,r6i1p1f1,2086,10,29,0.0,22.928885,4.238073,2086
26235,r6i1p1f1,2086,10,30,0.0,24.12122,5.505899,2086
26236,r6i1p1f1,2086,10,31,0.0,23.731398,6.5235167,2086
26237,r6i1p1f1,2086,11,01,0.08081716130423905,21.811193,5.00467,2086
26238,r6i1p1f1,2086,11,02,6.941877309670628,16.729586,4.5587687,2086
26239,r6i1p1f1,2086,11,03,26.340904617908194,12.271116,4.3208375,2086
26240,r6i1p1f1,2086,11,04,3.5791650903404597,11.351722,0.99756604,2086
26241,r6i1p1f1,2086,11,05,0.018772146658213307,12.144229,3.3921208,2086
26242,r6i1p1f1,2086,11,06,0.11640901538270067,12.26256,0.23206788,2086
26243,r6i1p1f1,2086,11,07,12.781635926755975,9.704668,2.9788184,2086
26244,r6i1p1f1,2086,11,08,40.163132746088934,9.886318,2.9137237,2086
26245,r6i1p1f1,2086,11,09,0.193682886192925,10.3990555,-0.15307887,2086
26246,r6i1p1f1,2086,11,10,4.314727650611961,9.555279,0.54938596,2086
26247,r6i1p1f1,2086,11,11,20.189350526978686,9.474653,2.1500304,2086
26248,r6i1p1f1,2086,11,12,17.04491667422657,9.313172,3.3684423,2086
26249,r6i1p1f1,2086,11,13,13.93824938775171,9.539226,1.9057113,2086
26250,r6i1p1f1,2086,11,14,32.30532714931562,8.595045,2.468542,2086
26251,r6i1p1f1,2086,11,15,25.648568222232765,8.149728,1.4648219,2086
26252,r6i1p1f1,2086,11,16,10.951326052812965,8.562677,-2.4192736,2086
26253,r6i1p1f1,2086,11,17,0.08895266299781543,7.8278565,-1.3576437,2086
26254,r6i1p1f1,2086,11,18,0.0,9.674642,-2.2075384,2086
26255,r6i1p1f1,2086,11,19,0.0,16.030243,-1.6167791,2086
26256,r6i1p1f1,2086,11,20,0.0,16.328524,0.07592181,2086
26257,r6i1p1f1,2086,11,21,0.0,13.515624,2.8985262,2086
26258,r6i1p1f1,2086,11,22,5.983379469594444,11.261903,-0.63896525,2086
26259,r6i1p1f1,2086,11,23,4.4482435534276945,9.579003,4.0941715,2086
26260,r6i1p1f1,2086,11,24,6.668185692018974,12.869382,1.877717,2086
26261,r6i1p1f1,2086,11,25,0.0,15.497294,0.44989297,2086
26262,r6i1p1f1,2086,11,26,0.0,14.859989,2.251852,2086
26263,r6i1p1f1,2086,11,27,0.0,14.593173,0.76614827,2086
26264,r6i1p1f1,2086,11,28,0.008292432991043132,13.844351,2.8633995,2086
26265,r6i1p1f1,2086,11,29,0.031099403585266357,12.573785,2.0869205,2086
26266,r6i1p1f1,2086,11,30,0.010756141104530603,14.872202,1.5173048,2086
26267,r6i1p1f1,2086,12,01,0.07879928353029532,14.940282,3.128032,2086
26268,r6i1p1f1,2086,12,02,12.40527656048795,12.086056,3.8236706,2086
26269,r6i1p1f1,2086,12,03,12.365854376848107,10.404431,1.8505098,2086
26270,r6i1p1f1,2086,12,04,17.896947283977113,6.2031865,-1.2525085,2086
26271,r6i1p1f1,2086,12,05,7.444345695863373,4.2425814,-0.8364284,2086
26272,r6i1p1f1,2086,12,06,0.0,5.01189,-1.7606099,2086
26273,r6i1p1f1,2086,12,07,14.189006781943101,4.579661,-7.4471884,2086
26274,r6i1p1f1,2086,12,08,4.588580457075227,4.8073335,-1.5559314,2086
26275,r6i1p1f1,2086,12,09,0.0,6.309984,-0.18629567,2086
26276,r6i1p1f1,2086,12,10,7.7953056505429945,6.7162905,-0.85243875,2086
26277,r6i1p1f1,2086,12,11,19.193231593497035,10.361163,2.063731,2086
26278,r6i1p1f1,2086,12,12,0.0,15.363722,1.8668957,2086
26279,r6i1p1f1,2086,12,13,0.0,17.064075,3.4929852,2086
26280,r6i1p1f1,2086,12,14,0.0,17.073057,1.7572438,2086
26281,r6i1p1f1,2086,12,15,0.0,16.501982,1.5616865,2086
26282,r6i1p1f1,2086,12,16,0.0,15.969094,2.952567,2086
26283,r6i1p1f1,2086,12,17,13.600091043862706,11.956082,5.3912272,2086
26284,r6i1p1f1,2086,12,18,3.3134225131253405,10.77355,3.479572,2086
26285,r6i1p1f1,2086,12,19,0.0,13.069945,2.3687096,2086
26286,r6i1p1f1,2086,12,20,4.888406426330029,10.572316,1.8668811,2086
26287,r6i1p1f1,2086,12,21,0.020806632709765596,11.343952,0.113611646,2086
26288,r6i1p1f1,2086,12,22,0.0009504462069523671,15.678764,6.545848,2086
26289,r6i1p1f1,2086,12,23,19.913706270243175,11.529829,4.572982,2086
26290,r6i1p1f1,2086,12,24,6.864058519652643,9.673292,1.9545655,2086
26291,r6i1p1f1,2086,12,25,0.014867874379775946,9.993298,3.0594685,2086
26292,r6i1p1f1,2086,12,26,0.0,15.140616,0.8651916,2086
26293,r6i1p1f1,2086,12,27,0.0,16.38652,2.8879871,2086
26294,r6i1p1f1,2086,12,28,0.0,14.793198,6.197243,2086
26295,r6i1p1f1,2086,12,29,0.0,16.49088,1.7527655,2086
26296,r6i1p1f1,2086,12,30,0.0,17.060347,2.6394627,2086
26297,r6i1p1f1,2086,12,31,0.0,16.215239,3.2825706,2086
26298,r6i1p1f1,2087,01,01,0.0,17.002998,4.76761,2087
26299,r6i1p1f1,2087,01,02,0.0,16.89841,3.531412,2087
26300,r6i1p1f1,2087,01,03,0.0,17.142113,4.1644835,2087
26301,r6i1p1f1,2087,01,04,0.0,20.753283,6.1912503,2087
26302,r6i1p1f1,2087,01,05,0.0,22.00881,6.6199427,2087
26303,r6i1p1f1,2087,01,06,0.0,18.991611,7.0753837,2087
26304,r6i1p1f1,2087,01,07,0.0,17.503847,5.1270714,2087
26305,r6i1p1f1,2087,01,08,1.1034214891356389,14.5036125,3.2726905,2087
26306,r6i1p1f1,2087,01,09,0.008836198459518252,8.846973,-0.02733455,2087
26307,r6i1p1f1,2087,01,10,0.0,8.160872,-6.063359,2087
26308,r6i1p1f1,2087,01,11,0.0,5.743104,-3.3148031,2087
26309,r6i1p1f1,2087,01,12,0.0,6.6982255,-7.3152537,2087
26310,r6i1p1f1,2087,01,13,0.0,13.124921,-2.7852023,2087
26311,r6i1p1f1,2087,01,14,0.0,13.001655,-1.0596457,2087
26312,r6i1p1f1,2087,01,15,7.179111196188618e-05,10.515357,0.98904175,2087
26313,r6i1p1f1,2087,01,16,2.12882010721918,6.040562,-3.5558605,2087
26314,r6i1p1f1,2087,01,17,0.00013060474707755594,3.572579,-8.51346,2087
26315,r6i1p1f1,2087,01,18,0.0,1.9160095,-7.4063377,2087
26316,r6i1p1f1,2087,01,19,0.0,1.6996949,-13.016483,2087
26317,r6i1p1f1,2087,01,20,0.0,2.3053493,-13.138992,2087
26318,r6i1p1f1,2087,01,21,4.876380002328673,2.5135698,-10.438806,2087
26319,r6i1p1f1,2087,01,22,0.09937142310153535,2.960598,-3.5257273,2087
26320,r6i1p1f1,2087,01,23,14.59865107294589,8.631358,-4.0548334,2087
26321,r6i1p1f1,2087,01,24,6.9140161211483715,1.8682264,-10.314855,2087
26322,r6i1p1f1,2087,01,25,15.84225133446082,1.6179534,-4.594541,2087
26323,r6i1p1f1,2087,01,26,0.13034965956975983,3.8434765,-5.4441485,2087
26324,r6i1p1f1,2087,01,27,0.0,8.008041,-7.002286,2087
26325,r6i1p1f1,2087,01,28,0.06392223358309133,4.650662,-4.5372686,2087
26326,r6i1p1f1,2087,01,29,1.6023138805774542,1.208637,-5.6027675,2087
26327,r6i1p1f1,2087,01,30,0.0,3.76282,-5.760928,2087
26328,r6i1p1f1,2087,01,31,21.244375517671227,2.6313348,-3.4389708,2087
26329,r6i1p1f1,2087,02,01,18.649766991134705,6.861891,-3.1939716,2087
26330,r6i1p1f1,2087,02,02,0.002462606901969133,8.968288,-4.6497116,2087
26331,r6i1p1f1,2087,02,03,0.4776716764555937,8.576502,-1.1825713,2087
26332,r6i1p1f1,2087,02,04,3.4421219481461054,7.548828,-0.065817036,2087
26333,r6i1p1f1,2087,02,05,1.697502381301832,8.679637,0.3027189,2087
26334,r6i1p1f1,2087,02,06,8.326453667328394,6.5845375,-0.17993712,2087
26335,r6i1p1f1,2087,02,07,0.0,16.37827,1.8065146,2087
26336,r6i1p1f1,2087,02,08,0.0,16.950375,1.4386605,2087
26337,r6i1p1f1,2087,02,09,0.0,15.832311,2.897154,2087
26338,r6i1p1f1,2087,02,10,0.15247177510198726,14.586917,3.3647323,2087
26339,r6i1p1f1,2087,02,11,14.916621407890359,10.217913,3.2436385,2087
26340,r6i1p1f1,2087,02,12,1.7767707406762263,13.810204,1.5484326,2087
26341,r6i1p1f1,2087,02,13,0.0,14.662706,1.3929563,2087
26342,r6i1p1f1,2087,02,14,9.545912322102195,11.036104,-1.4185927,2087
26343,r6i1p1f1,2087,02,15,7.703775999870343,9.552447,0.12359022,2087
26344,r6i1p1f1,2087,02,16,0.0010576635190469418,12.9032755,4.9320374,2087
26345,r6i1p1f1,2087,02,17,0.0,14.086096,-2.9322867,2087
26346,r6i1p1f1,2087,02,18,0.0,13.92265,-2.483964,2087
26347,r6i1p1f1,2087,02,19,5.3957297900429495,10.419407,-0.68602073,2087
26348,r6i1p1f1,2087,02,20,6.07046524583985,9.780002,1.7163997,2087
26349,r6i1p1f1,2087,02,21,0.10076499245765921,12.126322,-2.726319,2087
26350,r6i1p1f1,2087,02,22,18.03607595365435,9.767022,-3.5999055,2087
26351,r6i1p1f1,2087,02,23,14.36994652286562,4.6789927,-4.294647,2087
26352,r6i1p1f1,2087,02,24,0.35295747305970915,7.5112095,-3.8415477,2087
26353,r6i1p1f1,2087,02,25,26.577846117850505,9.295969,0.04286051,2087
26354,r6i1p1f1,2087,02,26,30.04698783679905,13.602461,-2.1301372,2087
26355,r6i1p1f1,2087,02,27,19.171104052029765,8.519277,-0.3070696,2087
26356,r6i1p1f1,2087,02,28,29.1667713976364,7.0705266,0.46993893,2087
26357,r6i1p1f1,2087,03,01,1.3184808041704623,13.160921,-1.0730183,2087
26358,r6i1p1f1,2087,03,02,20.621606963133072,8.159706,1.8980296,2087
26359,r6i1p1f1,2087,03,03,1.0793476829120965,12.416957,-0.3641067,2087
26360,r6i1p1f1,2087,03,04,0.0,15.26167,-0.24681847,2087
26361,r6i1p1f1,2087,03,05,0.02922701779697282,14.569154,-0.3195534,2087
26362,r6i1p1f1,2087,03,06,0.0,14.289486,-1.3495818,2087
26363,r6i1p1f1,2087,03,07,14.144392152148475,9.117187,-3.0216186,2087
26364,r6i1p1f1,2087,03,08,1.8609531825330936,2.7372997,-3.593266,2087
26365,r6i1p1f1,2087,03,09,3.0193701375237616,3.5388694,-4.5514245,2087
26366,r6i1p1f1,2087,03,10,0.0,14.336935,-2.5319376,2087
26367,r6i1p1f1,2087,03,11,0.004302674209318119,14.107755,0.39368013,2087
26368,r6i1p1f1,2087,03,12,0.0,14.860702,-3.0999153,2087
26369,r6i1p1f1,2087,03,13,0.0,16.372707,-0.523227,2087
26370,r6i1p1f1,2087,03,14,0.0,17.708439,2.0070643,2087
26371,r6i1p1f1,2087,03,15,0.0,19.410187,1.948592,2087
26372,r6i1p1f1,2087,03,16,0.0,19.804705,3.8214626,2087
26373,r6i1p1f1,2087,03,17,11.37140231920053,15.942538,0.48425022,2087
26374,r6i1p1f1,2087,03,18,10.790187156643775,13.872063,0.51571333,2087
26375,r6i1p1f1,2087,03,19,29.232566313778772,11.452024,0.20895316,2087
26376,r6i1p1f1,2087,03,20,2.8538995018211795,13.842295,-1.9070668,2087
26377,r6i1p1f1,2087,03,21,19.83088797095462,9.558327,-1.7637556,2087
26378,r6i1p1f1,2087,03,22,0.0,16.960608,-1.3358971,2087
26379,r6i1p1f1,2087,03,23,0.5024658356968019,17.072319,1.3534509,2087
26380,r6i1p1f1,2087,03,24,3.934887947014505,12.607989,1.7502664,2087
26381,r6i1p1f1,2087,03,25,0.013144418053348404,15.458204,3.7936015,2087
26382,r6i1p1f1,2087,03,26,0.0,18.586466,-1.9157453,2087
26383,r6i1p1f1,2087,03,27,0.0,19.924364,0.81038404,2087
26384,r6i1p1f1,2087,03,28,0.0,19.010489,3.7210557,2087
26385,r6i1p1f1,2087,03,29,6.1093526097332465,12.518198,2.922435,2087
26386,r6i1p1f1,2087,03,30,0.023209049437284163,18.973335,2.1533985,2087
26387,r6i1p1f1,2087,03,31,0.0,20.792479,1.5447176,2087
26388,r6i1p1f1,2087,04,01,0.0,20.748674,2.0018103,2087
26389,r6i1p1f1,2087,04,02,0.0,22.809174,3.9638436,2087
26390,r6i1p1f1,2087,04,03,0.0,25.36703,5.7229934,2087
26391,r6i1p1f1,2087,04,04,3.9286132033818335,22.676268,3.3470085,2087
26392,r6i1p1f1,2087,04,05,16.767389498230486,12.033278,3.4841242,2087
26393,r6i1p1f1,2087,04,06,0.14511497219333924,11.61417,-0.38028973,2087
26394,r6i1p1f1,2087,04,07,3.6738318384705626,14.471623,-0.48463336,2087
26395,r6i1p1f1,2087,04,08,18.34144151569087,12.42224,-1.811161,2087
26396,r6i1p1f1,2087,04,09,0.7078940950745278,13.059995,0.42201248,2087
26397,r6i1p1f1,2087,04,10,0.006244143689190521,17.127104,-0.07334618,2087
26398,r6i1p1f1,2087,04,11,0.0,21.552963,2.113717,2087
26399,r6i1p1f1,2087,04,12,0.0,21.873972,4.1750584,2087
26400,r6i1p1f1,2087,04,13,0.0,22.06353,3.712767,2087
26401,r6i1p1f1,2087,04,14,0.0,20.141535,2.2579536,2087
26402,r6i1p1f1,2087,04,15,0.0,20.56809,2.538964,2087
26403,r6i1p1f1,2087,04,16,0.0,23.004417,4.5355735,2087
26404,r6i1p1f1,2087,04,17,0.0,23.695597,5.903018,2087
26405,r6i1p1f1,2087,04,18,0.0,22.556334,5.2976093,2087
26406,r6i1p1f1,2087,04,19,10.903868888540496,13.91247,-3.473912,2087
26407,r6i1p1f1,2087,04,20,28.689725096085734,8.436812,-4.4557548,2087
26408,r6i1p1f1,2087,04,21,11.060698436820157,10.294463,1.8440856,2087
26409,r6i1p1f1,2087,04,22,3.559739575100009,11.566932,0.89303446,2087
26410,r6i1p1f1,2087,04,23,7.8196571887764375,9.839773,0.94846314,2087
26411,r6i1p1f1,2087,04,24,0.3784214782473926,10.561383,-2.0569057,2087
26412,r6i1p1f1,2087,04,25,1.873910329088379,11.749009,0.30598944,2087
26413,r6i1p1f1,2087,04,26,2.9434828104716577,16.076265,-2.2496698,2087
26414,r6i1p1f1,2087,04,27,0.0,20.879087,2.0505102,2087
26415,r6i1p1f1,2087,04,28,0.0,20.944082,3.5529337,2087
26416,r6i1p1f1,2087,04,29,0.05034189566435767,18.681025,5.383333,2087
26417,r6i1p1f1,2087,04,30,0.0,22.876377,2.739143,2087
26418,r6i1p1f1,2087,05,01,0.0,22.275202,4.259101,2087
26419,r6i1p1f1,2087,05,02,0.025059012045627355,20.787477,3.7641275,2087
26420,r6i1p1f1,2087,05,03,0.0,25.140715,5.740348,2087
26421,r6i1p1f1,2087,05,04,0.0,28.23382,8.209662,2087
26422,r6i1p1f1,2087,05,05,0.0,28.90324,9.097899,2087
26423,r6i1p1f1,2087,05,06,0.0,28.019535,8.621823,2087
26424,r6i1p1f1,2087,05,07,0.02409422406261065,27.961138,8.96474,2087
26425,r6i1p1f1,2087,05,08,1.9601570902152827,18.160267,0.7713726,2087
26426,r6i1p1f1,2087,05,09,0.0,16.85544,0.025720267,2087
26427,r6i1p1f1,2087,05,10,0.0,23.063665,2.771502,2087
26428,r6i1p1f1,2087,05,11,0.0,26.651533,6.678528,2087
26429,r6i1p1f1,2087,05,12,0.0,29.657438,8.970426,2087
26430,r6i1p1f1,2087,05,13,0.0,30.973206,10.4060955,2087
26431,r6i1p1f1,2087,05,14,0.3233498379605145,31.683445,10.17543,2087
26432,r6i1p1f1,2087,05,15,0.0,32.439438,11.302309,2087
26433,r6i1p1f1,2087,05,16,0.0,33.31682,11.926899,2087
26434,r6i1p1f1,2087,05,17,0.0,33.405678,13.951892,2087
26435,r6i1p1f1,2087,05,18,0.5678254501639991,30.61992,12.413752,2087
26436,r6i1p1f1,2087,05,19,0.0036537787742128287,31.481903,11.325302,2087
26437,r6i1p1f1,2087,05,20,0.02796781246824402,31.999605,10.594777,2087
26438,r6i1p1f1,2087,05,21,2.5693213161795714,27.959984,9.254869,2087
26439,r6i1p1f1,2087,05,22,0.6076729743995384,24.461708,7.746408,2087
26440,r6i1p1f1,2087,05,23,9.436356653371035,20.353128,4.611282,2087
26441,r6i1p1f1,2087,05,24,4.129378737586603,17.32215,5.305382,2087
26442,r6i1p1f1,2087,05,25,4.178733702466205,14.765348,3.6433337,2087
26443,r6i1p1f1,2087,05,26,4.045027784586865,18.065372,2.8009255,2087
26444,r6i1p1f1,2087,05,27,30.192075911743952,16.282076,5.163124,2087
26445,r6i1p1f1,2087,05,28,9.266194936438023,14.129961,0.62919664,2087
26446,r6i1p1f1,2087,05,29,0.2261772951968944,22.343096,5.454668,2087
26447,r6i1p1f1,2087,05,30,0.0,26.44098,6.769484,2087
26448,r6i1p1f1,2087,05,31,0.0,26.557152,9.035136,2087
26449,r6i1p1f1,2087,06,01,0.0,27.011562,7.7329636,2087
26450,r6i1p1f1,2087,06,02,0.0,28.174046,8.025078,2087
26451,r6i1p1f1,2087,06,03,0.0,30.787342,10.724787,2087
26452,r6i1p1f1,2087,06,04,0.0,31.836002,12.671762,2087
26453,r6i1p1f1,2087,06,05,0.2666270842461549,31.941563,13.077675,2087
26454,r6i1p1f1,2087,06,06,7.580657187943828,24.457434,7.0579944,2087
26455,r6i1p1f1,2087,06,07,7.080075921595039,19.437208,7.72257,2087
26456,r6i1p1f1,2087,06,08,2.163495091657225,19.31361,7.610335,2087
26457,r6i1p1f1,2087,06,09,0.06686882277674881,27.306303,7.1976666,2087
26458,r6i1p1f1,2087,06,10,1.6271498134249498,25.60516,7.8414335,2087
26459,r6i1p1f1,2087,06,11,0.5389346914625882,23.365746,7.1598134,2087
26460,r6i1p1f1,2087,06,12,0.06605853875468343,23.011538,8.62715,2087
26461,r6i1p1f1,2087,06,13,0.0,26.877953,9.917288,2087
26462,r6i1p1f1,2087,06,14,2.4911516838908656,22.642452,6.328985,2087
26463,r6i1p1f1,2087,06,15,0.8154832614928563,18.289722,1.2580833,2087
26464,r6i1p1f1,2087,06,16,0.003543262977704589,22.609379,3.5549128,2087
26465,r6i1p1f1,2087,06,17,0.0,27.264368,9.896042,2087
26466,r6i1p1f1,2087,06,18,1.0921144966086216,26.598093,8.754442,2087
26467,r6i1p1f1,2087,06,19,4.182486677774347,23.178068,7.456856,2087
26468,r6i1p1f1,2087,06,20,0.22064355375273337,20.352152,11.860442,2087
26469,r6i1p1f1,2087,06,21,0.2648138664578762,20.703648,8.734416,2087
26470,r6i1p1f1,2087,06,22,0.0,25.36559,5.4471946,2087
26471,r6i1p1f1,2087,06,23,0.0,29.747746,9.702695,2087
26472,r6i1p1f1,2087,06,24,0.0,31.404505,11.916549,2087
26473,r6i1p1f1,2087,06,25,0.4450973816049952,27.09309,8.596744,2087
26474,r6i1p1f1,2087,06,26,0.037797014689901,22.552635,8.301751,2087
26475,r6i1p1f1,2087,06,27,0.0,27.6406,8.465272,2087
26476,r6i1p1f1,2087,06,28,0.0,30.790373,10.888435,2087
26477,r6i1p1f1,2087,06,29,0.0,31.825253,12.637783,2087
26478,r6i1p1f1,2087,06,30,0.0,32.816975,12.845088,2087
26479,r6i1p1f1,2087,07,01,0.041749681043269836,33.256638,13.186228,2087
26480,r6i1p1f1,2087,07,02,0.07259887888386596,30.214607,13.2557,2087
26481,r6i1p1f1,2087,07,03,0.10761644337419386,28.679316,10.833463,2087
26482,r6i1p1f1,2087,07,04,0.06217964286983157,28.722826,8.769944,2087
26483,r6i1p1f1,2087,07,05,0.2242414688964709,28.424965,13.6053915,2087
26484,r6i1p1f1,2087,07,06,0.5423038819109189,26.089312,12.198097,2087
26485,r6i1p1f1,2087,07,07,0.08190149461338228,28.665781,9.587351,2087
26486,r6i1p1f1,2087,07,08,0.0,32.64813,13.243647,2087
26487,r6i1p1f1,2087,07,09,1.375523285923068,32.040966,14.681102,2087
26488,r6i1p1f1,2087,07,10,0.015784737123970393,31.841755,12.498395,2087
26489,r6i1p1f1,2087,07,11,0.0,35.389812,14.707165,2087
26490,r6i1p1f1,2087,07,12,0.0,37.11497,16.62835,2087
26491,r6i1p1f1,2087,07,13,0.0,39.232155,18.599314,2087
26492,r6i1p1f1,2087,07,14,0.0,40.505203,20.37092,2087
26493,r6i1p1f1,2087,07,15,0.0,41.417995,19.904078,2087
26494,r6i1p1f1,2087,07,16,0.0,43.445484,21.885904,2087
26495,r6i1p1f1,2087,07,17,0.0,43.93238,22.512918,2087
26496,r6i1p1f1,2087,07,18,0.0,42.284866,21.721685,2087
26497,r6i1p1f1,2087,07,19,0.0,41.080643,20.310112,2087
26498,r6i1p1f1,2087,07,20,0.19804115319880708,39.34637,19.443909,2087
26499,r6i1p1f1,2087,07,21,0.0,36.070858,18.298824,2087
26500,r6i1p1f1,2087,07,22,0.39931201833182234,33.43526,20.442705,2087
26501,r6i1p1f1,2087,07,23,0.0,34.36374,17.791029,2087
26502,r6i1p1f1,2087,07,24,10.623729671340723,33.950256,17.654377,2087
26503,r6i1p1f1,2087,07,25,5.05724973358669,35.35109,16.135933,2087
26504,r6i1p1f1,2087,07,26,0.11239301784352047,35.753395,17.002083,2087
26505,r6i1p1f1,2087,07,27,0.0,36.08675,17.34733,2087
26506,r6i1p1f1,2087,07,28,0.0,35.877403,16.624063,2087
26507,r6i1p1f1,2087,07,29,0.0,35.925953,15.454104,2087
26508,r6i1p1f1,2087,07,30,0.0,37.252796,17.396805,2087
26509,r6i1p1f1,2087,07,31,0.0,37.102528,16.956112,2087
26510,r6i1p1f1,2087,08,01,0.0,35.65999,16.433529,2087
26511,r6i1p1f1,2087,08,02,0.0,35.575855,16.53314,2087
26512,r6i1p1f1,2087,08,03,0.0,35.76038,16.488808,2087
26513,r6i1p1f1,2087,08,04,0.0,35.836685,14.920131,2087
26514,r6i1p1f1,2087,08,05,0.0,34.561546,14.101542,2087
26515,r6i1p1f1,2087,08,06,0.0,34.5678,14.37556,2087
26516,r6i1p1f1,2087,08,07,0.0392249939975343,34.15476,14.987119,2087
26517,r6i1p1f1,2087,08,08,0.0,32.918915,14.222857,2087
26518,r6i1p1f1,2087,08,09,0.0,34.59203,13.971463,2087
26519,r6i1p1f1,2087,08,10,0.0,34.901382,14.442867,2087
26520,r6i1p1f1,2087,08,11,0.0,35.10444,14.648864,2087
26521,r6i1p1f1,2087,08,12,0.0,35.057293,15.225471,2087
26522,r6i1p1f1,2087,08,13,0.0,34.741505,15.88627,2087
26523,r6i1p1f1,2087,08,14,0.10361173513647441,35.058193,15.134951,2087
26524,r6i1p1f1,2087,08,15,0.0,35.172935,14.747763,2087
26525,r6i1p1f1,2087,08,16,0.0,35.313416,14.571233,2087
26526,r6i1p1f1,2087,08,17,0.0,35.115177,14.420723,2087
26527,r6i1p1f1,2087,08,18,0.0,32.01749,12.581423,2087
26528,r6i1p1f1,2087,08,19,0.0,33.204754,13.013829,2087
26529,r6i1p1f1,2087,08,20,0.0,33.31113,13.370008,2087
26530,r6i1p1f1,2087,08,21,0.0,32.453743,13.395708,2087
26531,r6i1p1f1,2087,08,22,0.0,32.428757,14.375998,2087
26532,r6i1p1f1,2087,08,23,0.0,33.459793,15.418274,2087
26533,r6i1p1f1,2087,08,24,0.201276305563054,34.67601,14.988588,2087
26534,r6i1p1f1,2087,08,25,0.6417093592590303,33.47886,13.421125,2087
26535,r6i1p1f1,2087,08,26,0.005914535485380853,31.794611,11.803014,2087
26536,r6i1p1f1,2087,08,27,0.0765491992271023,30.944498,12.50195,2087
26537,r6i1p1f1,2087,08,28,0.0,33.9922,12.617291,2087
26538,r6i1p1f1,2087,08,29,0.0,33.642857,13.177656,2087
26539,r6i1p1f1,2087,08,30,0.0,33.794807,12.824328,2087
26540,r6i1p1f1,2087,08,31,0.0,34.35147,13.579888,2087
26541,r6i1p1f1,2087,09,01,0.0,33.339874,15.226927,2087
26542,r6i1p1f1,2087,09,02,0.0,33.380367,14.022823,2087
26543,r6i1p1f1,2087,09,03,0.0,33.72444,13.911523,2087
26544,r6i1p1f1,2087,09,04,0.0,32.64452,14.575318,2087
26545,r6i1p1f1,2087,09,05,0.00630787019428704,32.83072,14.061937,2087
26546,r6i1p1f1,2087,09,06,0.0,29.185719,10.932119,2087
26547,r6i1p1f1,2087,09,07,0.0,33.211514,11.345537,2087
26548,r6i1p1f1,2087,09,08,0.0,33.578175,13.92521,2087
26549,r6i1p1f1,2087,09,09,0.0,33.658337,13.2194,2087
26550,r6i1p1f1,2087,09,10,0.0,32.279953,12.97366,2087
26551,r6i1p1f1,2087,09,11,0.0,33.497253,12.415805,2087
26552,r6i1p1f1,2087,09,12,0.0,33.140663,12.225138,2087
26553,r6i1p1f1,2087,09,13,0.0,32.21176,12.331356,2087
26554,r6i1p1f1,2087,09,14,0.0,34.030228,12.239724,2087
26555,r6i1p1f1,2087,09,15,0.0,35.3075,13.731098,2087
26556,r6i1p1f1,2087,09,16,0.0,35.8242,13.874633,2087
26557,r6i1p1f1,2087,09,17,0.0,36.091843,15.729508,2087
26558,r6i1p1f1,2087,09,18,0.0,37.050293,16.158766,2087
26559,r6i1p1f1,2087,09,19,0.0,38.346806,16.73265,2087
26560,r6i1p1f1,2087,09,20,0.0,38.31855,16.632256,2087
26561,r6i1p1f1,2087,09,21,0.0,38.169994,16.10904,2087
26562,r6i1p1f1,2087,09,22,8.328429430176797,31.039284,9.400578,2087
26563,r6i1p1f1,2087,09,23,25.320764849550056,13.111169,2.8397179,2087
26564,r6i1p1f1,2087,09,24,2.440194514630851,13.393406,2.7791474,2087
26565,r6i1p1f1,2087,09,25,5.6530315934227415,19.32987,3.3952975,2087
26566,r6i1p1f1,2087,09,26,0.0,27.423159,8.001671,2087
26567,r6i1p1f1,2087,09,27,0.0,31.329365,10.593264,2087
26568,r6i1p1f1,2087,09,28,0.0,33.439613,12.281334,2087
26569,r6i1p1f1,2087,09,29,0.0,34.243362,13.846725,2087
26570,r6i1p1f1,2087,09,30,0.0,33.584297,14.732126,2087
26571,r6i1p1f1,2087,10,01,0.009569831360775723,32.68653,14.516009,2087
26572,r6i1p1f1,2087,10,02,0.0,30.149082,12.850132,2087
26573,r6i1p1f1,2087,10,03,0.0,30.724129,13.0314865,2087
26574,r6i1p1f1,2087,10,04,0.009731628725112067,30.758425,12.364731,2087
26575,r6i1p1f1,2087,10,05,0.09865446041640788,30.09472,11.584635,2087
26576,r6i1p1f1,2087,10,06,0.0,32.351955,12.43085,2087
26577,r6i1p1f1,2087,10,07,0.0,32.766335,12.212633,2087
26578,r6i1p1f1,2087,10,08,0.0,31.993101,12.004073,2087
26579,r6i1p1f1,2087,10,09,0.0,30.65496,11.817163,2087
26580,r6i1p1f1,2087,10,10,0.0,28.849033,10.803383,2087
26581,r6i1p1f1,2087,10,11,0.0,27.00145,9.035848,2087
26582,r6i1p1f1,2087,10,12,1.1926803964204928,22.036642,5.737422,2087
26583,r6i1p1f1,2087,10,13,13.28194126257992,16.167835,6.6738896,2087
26584,r6i1p1f1,2087,10,14,26.029879901755276,15.182777,6.9164243,2087
26585,r6i1p1f1,2087,10,15,0.0013733615349372924,16.282433,0.57878274,2087
26586,r6i1p1f1,2087,10,16,0.0,18.329445,1.826096,2087
26587,r6i1p1f1,2087,10,17,0.0,20.510462,2.9543307,2087
26588,r6i1p1f1,2087,10,18,0.0,25.098745,4.548738,2087
26589,r6i1p1f1,2087,10,19,0.0,25.16058,6.3990107,2087
26590,r6i1p1f1,2087,10,20,0.0,24.867376,6.0034375,2087
26591,r6i1p1f1,2087,10,21,0.0,24.375557,6.0599914,2087
26592,r6i1p1f1,2087,10,22,0.0,20.846918,4.261737,2087
26593,r6i1p1f1,2087,10,23,0.0,21.278181,2.2553158,2087
26594,r6i1p1f1,2087,10,24,0.0,18.981651,1.2938375,2087
26595,r6i1p1f1,2087,10,25,0.0,19.334175,1.1276708,2087
26596,r6i1p1f1,2087,10,26,0.0,20.516312,3.2490125,2087
26597,r6i1p1f1,2087,10,27,0.0,22.142046,2.4148407,2087
26598,r6i1p1f1,2087,10,28,0.0,24.103886,5.8515854,2087
26599,r6i1p1f1,2087,10,29,0.0,23.625154,5.527038,2087
26600,r6i1p1f1,2087,10,30,0.0,20.95332,6.0639963,2087
26601,r6i1p1f1,2087,10,31,1.3879324880288055,18.206549,8.7588415,2087
26602,r6i1p1f1,2087,11,01,0.0,18.131247,2.728916,2087
26603,r6i1p1f1,2087,11,02,0.0,19.49339,3.309658,2087
26604,r6i1p1f1,2087,11,03,0.0,20.628942,5.132593,2087
26605,r6i1p1f1,2087,11,04,2.7780110712633554,16.92708,2.621663,2087
26606,r6i1p1f1,2087,11,05,0.05103378193850857,10.3163185,-2.8792753,2087
26607,r6i1p1f1,2087,11,06,0.0,12.925274,-2.4097054,2087
26608,r6i1p1f1,2087,11,07,0.0,17.246006,-0.18237086,2087
26609,r6i1p1f1,2087,11,08,0.0,18.621655,0.013336296,2087
26610,r6i1p1f1,2087,11,09,0.0,21.048874,2.651766,2087
26611,r6i1p1f1,2087,11,10,0.0,21.446678,4.3778872,2087
26612,r6i1p1f1,2087,11,11,0.0,22.51495,4.1550674,2087
26613,r6i1p1f1,2087,11,12,0.0,19.67713,2.292127,2087
26614,r6i1p1f1,2087,11,13,0.0,11.134712,-0.46693316,2087
26615,r6i1p1f1,2087,11,14,0.0,9.563849,-5.254239,2087
26616,r6i1p1f1,2087,11,15,0.0,14.578832,-4.0851784,2087
26617,r6i1p1f1,2087,11,16,0.0,15.300714,-1.9084612,2087
26618,r6i1p1f1,2087,11,17,0.0,15.60708,-2.2572982,2087
26619,r6i1p1f1,2087,11,18,0.0,15.100935,-2.2155483,2087
26620,r6i1p1f1,2087,11,19,0.0,14.591567,-0.7668536,2087
26621,r6i1p1f1,2087,11,20,0.06269893518160359,14.671918,1.0723482,2087
26622,r6i1p1f1,2087,11,21,0.0,17.529343,-0.13123727,2087
26623,r6i1p1f1,2087,11,22,0.0,16.791077,-0.61695427,2087
26624,r6i1p1f1,2087,11,23,12.925872467433981,12.18865,2.8121018,2087
26625,r6i1p1f1,2087,11,24,10.782930031048664,9.116323,2.0896702,2087
26626,r6i1p1f1,2087,11,25,25.81100576802805,10.877866,1.7901057,2087
26627,r6i1p1f1,2087,11,26,21.155868236721282,11.188625,-0.22789869,2087
26628,r6i1p1f1,2087,11,27,0.02488326110434955,8.140685,0.7216711,2087
26629,r6i1p1f1,2087,11,28,3.1049053693810684,12.1201935,-0.27817747,2087
26630,r6i1p1f1,2087,11,29,1.8948561734682716,12.99221,5.719596,2087
26631,r6i1p1f1,2087,11,30,1.1513679454692796,13.638687,5.7802987,2087
26632,r6i1p1f1,2087,12,01,0.0,16.201962,2.3495092,2087
26633,r6i1p1f1,2087,12,02,0.0,16.88783,3.3592942,2087
26634,r6i1p1f1,2087,12,03,0.0,15.669686,2.4124649,2087
26635,r6i1p1f1,2087,12,04,0.4602448566638749,11.029367,1.5982891,2087
26636,r6i1p1f1,2087,12,05,0.03195400309974436,14.855625,2.4227965,2087
26637,r6i1p1f1,2087,12,06,0.0,17.317581,3.7473924,2087
26638,r6i1p1f1,2087,12,07,0.0,17.520765,2.941746,2087
26639,r6i1p1f1,2087,12,08,0.6604045450450954,15.842776,1.9351008,2087
26640,r6i1p1f1,2087,12,09,0.04271159867034088,5.9588184,-2.1765149,2087
26641,r6i1p1f1,2087,12,10,0.0,7.082081,-6.711974,2087
26642,r6i1p1f1,2087,12,11,0.0,12.094915,-1.4188378,2087
26643,r6i1p1f1,2087,12,12,0.0,12.352983,-1.0131166,2087
26644,r6i1p1f1,2087,12,13,0.004167690306500234,14.096736,1.2724186,2087
26645,r6i1p1f1,2087,12,14,0.0,15.387268,1.8153157,2087
26646,r6i1p1f1,2087,12,15,0.0,15.946724,1.3789271,2087
26647,r6i1p1f1,2087,12,16,0.0,15.153491,0.9850323,2087
26648,r6i1p1f1,2087,12,17,0.0,15.9607725,1.3629903,2087
26649,r6i1p1f1,2087,12,18,0.0,16.129776,1.8370064,2087
26650,r6i1p1f1,2087,12,19,0.0,16.60995,1.5450994,2087
26651,r6i1p1f1,2087,12,20,0.0,16.46668,1.7086365,2087
26652,r6i1p1f1,2087,12,21,0.0,16.150295,2.5387352,2087
26653,r6i1p1f1,2087,12,22,0.05764283990630067,14.402547,2.1571124,2087
26654,r6i1p1f1,2087,12,23,0.0,7.939172,-4.41677,2087
26655,r6i1p1f1,2087,12,24,0.021458148524715157,6.0908055,-6.0623755,2087
26656,r6i1p1f1,2087,12,25,0.02938387244439548,5.728762,-5.9049587,2087
26657,r6i1p1f1,2087,12,26,3.544996137188689,0.71267605,-7.239681,2087
26658,r6i1p1f1,2087,12,27,11.741913988688239,-0.076890595,-9.106108,2087
26659,r6i1p1f1,2087,12,28,0.5511200422151712,0.2732389,-13.663276,2087
26660,r6i1p1f1,2087,12,29,16.489467496848313,-0.11653968,-7.031069,2087
26661,r6i1p1f1,2087,12,30,16.19027790706166,0.63875514,-4.497383,2087
26662,r6i1p1f1,2087,12,31,15.486751967622713,-0.61687225,-6.100476,2087
26663,r6i1p1f1,2088,01,01,18.320016086127026,-0.49517277,-9.158378,2088
26664,r6i1p1f1,2088,01,02,6.27134722901921,2.9867244,-6.0609446,2088
26665,r6i1p1f1,2088,01,03,42.97910848072964,4.71295,-6.991641,2088
26666,r6i1p1f1,2088,01,04,0.047098291256668916,3.480021,-10.345556,2088
26667,r6i1p1f1,2088,01,05,0.0,1.9057586,-11.461114,2088
26668,r6i1p1f1,2088,01,06,0.0,2.2713406,-10.53618,2088
26669,r6i1p1f1,2088,01,07,0.0,5.528629,-6.8984632,2088
26670,r6i1p1f1,2088,01,08,0.0,5.0892134,-6.613289,2088
26671,r6i1p1f1,2088,01,09,0.0,5.0122905,-5.6597757,2088
26672,r6i1p1f1,2088,01,10,0.0,4.179779,-4.286413,2088
26673,r6i1p1f1,2088,01,11,0.0,4.5454354,-4.449338,2088
26674,r6i1p1f1,2088,01,12,0.0,9.03186,-2.9259112,2088
26675,r6i1p1f1,2088,01,13,0.0,9.959229,-1.6011405,2088
26676,r6i1p1f1,2088,01,14,0.0,9.040849,-2.951495,2088
26677,r6i1p1f1,2088,01,15,0.0,9.4738455,-3.1945739,2088
26678,r6i1p1f1,2088,01,16,0.0,12.241952,-1.089076,2088
26679,r6i1p1f1,2088,01,17,0.0,16.658665,1.04283,2088
26680,r6i1p1f1,2088,01,18,0.0,16.974878,2.078957,2088
26681,r6i1p1f1,2088,01,19,0.0,15.377211,0.43885902,2088
26682,r6i1p1f1,2088,01,20,21.891766105287466,12.073578,0.5120633,2088
26683,r6i1p1f1,2088,01,21,10.757533967267383,8.987893,-1.2026094,2088
26684,r6i1p1f1,2088,01,22,15.639351062429705,4.9186087,-1.8281838,2088
26685,r6i1p1f1,2088,01,23,0.00837929147413687,6.652828,-0.514179,2088
26686,r6i1p1f1,2088,01,24,18.813877782071444,8.759508,-2.337811,2088
26687,r6i1p1f1,2088,01,25,0.006045663520418887,13.898062,2.4847827,2088
26688,r6i1p1f1,2088,01,26,38.80964978902007,13.020904,6.447982,2088
26689,r6i1p1f1,2088,01,27,41.396474770709816,12.176309,4.551361,2088
26690,r6i1p1f1,2088,01,28,2.2543758462514956,11.066812,2.5985465,2088
26691,r6i1p1f1,2088,01,29,2.5614514970901845,12.156673,-1.396612,2088
26692,r6i1p1f1,2088,01,30,17.759979255625748,12.774333,2.7333322,2088
26693,r6i1p1f1,2088,01,31,27.352563545008536,13.198438,3.8600075,2088
26694,r6i1p1f1,2088,02,01,11.10883823261527,11.806686,1.517959,2088
26695,r6i1p1f1,2088,02,02,27.10778778205792,8.907619,2.3159823,2088
26696,r6i1p1f1,2088,02,03,19.174965174213767,7.124267,0.99452466,2088
26697,r6i1p1f1,2088,02,04,13.792679982585923,7.9692345,1.019282,2088
26698,r6i1p1f1,2088,02,05,0.6480458614987826,11.378765,3.6565912,2088
26699,r6i1p1f1,2088,02,06,0.0,13.317116,-1.9373358,2088
26700,r6i1p1f1,2088,02,07,3.011462143341703,10.495474,-1.9830742,2088
26701,r6i1p1f1,2088,02,08,3.819606357534331,6.9831357,1.0039527,2088
26702,r6i1p1f1,2088,02,09,10.41556833567966,10.297919,0.96898514,2088
26703,r6i1p1f1,2088,02,10,53.096182338539,11.2364645,3.7339118,2088
26704,r6i1p1f1,2088,02,11,39.48622818881689,10.261598,3.7177157,2088
26705,r6i1p1f1,2088,02,12,19.312455612429133,12.151464,4.522147,2088
26706,r6i1p1f1,2088,02,13,3.933528765708009,14.011528,2.8826487,2088
26707,r6i1p1f1,2088,02,14,10.339209549029903,15.282021,2.810079,2088
26708,r6i1p1f1,2088,02,15,5.255386865582821,11.969855,3.0315943,2088
26709,r6i1p1f1,2088,02,16,8.627731032555882,11.966828,-0.25934312,2088
26710,r6i1p1f1,2088,02,17,1.800670590451352,9.57969,2.4531856,2088
26711,r6i1p1f1,2088,02,18,21.181126248947713,10.098482,-1.738883,2088
26712,r6i1p1f1,2088,02,19,2.0875706439968362,8.778939,-4.0432982,2088
26713,r6i1p1f1,2088,02,20,25.003749798826973,10.659658,-2.2416015,2088
26714,r6i1p1f1,2088,02,21,0.013438775413825975,9.16904,-0.18323511,2088
26715,r6i1p1f1,2088,02,22,0.014282355030159788,8.670586,1.0686898,2088
26716,r6i1p1f1,2088,02,23,0.0,12.98101,-1.255807,2088
26717,r6i1p1f1,2088,02,24,0.0,16.689577,0.38107383,2088
26718,r6i1p1f1,2088,02,25,6.649419080615611,12.325801,0.73415047,2088
26719,r6i1p1f1,2088,02,26,13.884338650888008,6.870739,0.26237926,2088
26720,r6i1p1f1,2088,02,27,0.07016118138602165,8.885693,-0.124246016,2088
26721,r6i1p1f1,2088,02,28,0.0,11.6837435,-1.317291,2088
26722,r6i1p1f1,2088,02,29,0.0009689668082332966,11.310864,-0.016381023,2088
26723,r6i1p1f1,2088,03,01,0.0,12.892268,-3.1072137,2088
26724,r6i1p1f1,2088,03,02,0.0,18.181946,-1.2394804,2088
26725,r6i1p1f1,2088,03,03,0.0,20.359247,2.699752,2088
26726,r6i1p1f1,2088,03,04,0.0,20.059933,3.5167258,2088
26727,r6i1p1f1,2088,03,05,0.0,20.246725,3.395255,2088
26728,r6i1p1f1,2088,03,06,0.0,21.40487,3.661836,2088
26729,r6i1p1f1,2088,03,07,0.0,20.06375,4.4416833,2088
26730,r6i1p1f1,2088,03,08,0.0,19.423288,2.763439,2088
26731,r6i1p1f1,2088,03,09,0.0,20.298927,3.742818,2088
26732,r6i1p1f1,2088,03,10,1.3255252638382584,15.432535,-1.952369,2088
26733,r6i1p1f1,2088,03,11,2.7664601193807665,3.05351,-6.6836452,2088
26734,r6i1p1f1,2088,03,12,0.2323293519175437,9.6174965,-4.79964,2088
26735,r6i1p1f1,2088,03,13,0.0,12.823778,-4.893397,2088
26736,r6i1p1f1,2088,03,14,0.13841474617661997,9.558007,-0.113217115,2088
26737,r6i1p1f1,2088,03,15,1.3660786884219889,9.746888,0.3203964,2088
26738,r6i1p1f1,2088,03,16,19.675398313184015,9.687118,-1.0020119,2088
26739,r6i1p1f1,2088,03,17,25.20799015561305,9.759666,-4.2652884,2088
26740,r6i1p1f1,2088,03,18,20.816588475246217,3.8922498,-3.2862158,2088
26741,r6i1p1f1,2088,03,19,7.632036820721109,3.8383155,-2.8534513,2088
26742,r6i1p1f1,2088,03,20,9.336604731329805,4.453329,-3.492643,2088
26743,r6i1p1f1,2088,03,21,0.10576631202194182,4.1348257,-4.218029,2088
26744,r6i1p1f1,2088,03,22,6.001590444928634,6.022399,-2.5981884,2088
26745,r6i1p1f1,2088,03,23,13.619758981984145,10.258923,-3.9513855,2088
26746,r6i1p1f1,2088,03,24,9.57240652551837,10.689408,-4.1786184,2088
26747,r6i1p1f1,2088,03,25,0.0,10.922237,-6.2208962,2088
26748,r6i1p1f1,2088,03,26,0.0,14.166508,-2.1266518,2088
26749,r6i1p1f1,2088,03,27,0.037326464926271403,16.147873,-1.6604205,2088
26750,r6i1p1f1,2088,03,28,3.7141199039472736,9.461005,-3.1775146,2088
26751,r6i1p1f1,2088,03,29,0.4562975295344923,9.52883,-5.616025,2088
26752,r6i1p1f1,2088,03,30,0.049713647865160415,11.327427,0.5999407,2088
26753,r6i1p1f1,2088,03,31,0.008128066686589823,12.826887,1.5345038,2088
26754,r6i1p1f1,2088,04,01,0.00965008073598572,11.488843,2.6022253,2088
26755,r6i1p1f1,2088,04,02,0.006837484817294865,9.951639,1.1751003,2088
26756,r6i1p1f1,2088,04,03,0.00947803228237979,13.930658,1.3607794,2088
26757,r6i1p1f1,2088,04,04,0.0,15.994012,-2.4394562,2088
26758,r6i1p1f1,2088,04,05,0.0,19.818026,0.15087737,2088
26759,r6i1p1f1,2088,04,06,0.0,23.508476,2.9660027,2088
26760,r6i1p1f1,2088,04,07,0.0,23.312347,4.3214564,2088
26761,r6i1p1f1,2088,04,08,0.002270129157317616,22.935272,5.62401,2088
26762,r6i1p1f1,2088,04,09,0.08189435636522403,23.097906,4.6231947,2088
26763,r6i1p1f1,2088,04,10,0.0,22.695318,5.779441,2088
26764,r6i1p1f1,2088,04,11,0.0,21.22795,4.3556666,2088
26765,r6i1p1f1,2088,04,12,0.1066884755051532,21.195219,3.331905,2088
26766,r6i1p1f1,2088,04,13,0.05038954275748531,18.592833,1.7379574,2088
26767,r6i1p1f1,2088,04,14,1.9458354130159312,13.6915245,-0.8388963,2088
26768,r6i1p1f1,2088,04,15,3.217398223691143,12.496025,-5.3039265,2088
26769,r6i1p1f1,2088,04,16,0.023608207121221206,18.46463,0.066197604,2088
26770,r6i1p1f1,2088,04,17,0.0,19.65475,1.9430487,2088
26771,r6i1p1f1,2088,04,18,0.16121525221734737,13.835746,3.774141,2088
26772,r6i1p1f1,2088,04,19,12.995534906661572,9.8894615,2.449877,2088
26773,r6i1p1f1,2088,04,20,1.045155399427076,9.248145,-6.8127465,2088
26774,r6i1p1f1,2088,04,21,3.21169819461464,8.1057625,-1.0940428,2088
26775,r6i1p1f1,2088,04,22,15.18503645367886,9.1091175,-0.2785508,2088
26776,r6i1p1f1,2088,04,23,4.835799199198389,9.424642,-2.5462537,2088
26777,r6i1p1f1,2088,04,24,0.05579248884815239,10.705421,-2.8373275,2088
26778,r6i1p1f1,2088,04,25,0.0,16.059938,-1.6450576,2088
26779,r6i1p1f1,2088,04,26,0.0008575045406922423,17.174652,0.72033703,2088
26780,r6i1p1f1,2088,04,27,3.097446993835993,16.765806,-0.81759864,2088
26781,r6i1p1f1,2088,04,28,0.0011188842835057108,19.408356,2.8104303,2088
26782,r6i1p1f1,2088,04,29,0.0,22.774214,5.2958875,2088
26783,r6i1p1f1,2088,04,30,0.0,22.4958,6.2906227,2088
26784,r6i1p1f1,2088,05,01,0.1728916058104047,16.772392,5.7700124,2088
26785,r6i1p1f1,2088,05,02,0.0,25.087946,6.411985,2088
26786,r6i1p1f1,2088,05,03,0.002529093804081055,28.418318,8.588709,2088
26787,r6i1p1f1,2088,05,04,0.0,28.61315,9.858044,2088
26788,r6i1p1f1,2088,05,05,0.0,27.66911,8.311897,2088
26789,r6i1p1f1,2088,05,06,0.0,28.094627,8.7165165,2088
26790,r6i1p1f1,2088,05,07,0.0,26.675083,7.503113,2088
26791,r6i1p1f1,2088,05,08,0.0037683844129398876,26.241415,7.7714205,2088
26792,r6i1p1f1,2088,05,09,0.7658054022591826,23.824106,4.615348,2088
26793,r6i1p1f1,2088,05,10,1.4318855314163113,22.856195,3.9454854,2088
26794,r6i1p1f1,2088,05,11,0.0003967691575764877,22.921679,7.5286627,2088
26795,r6i1p1f1,2088,05,12,0.3148572388433924,22.53468,3.8524268,2088
26796,r6i1p1f1,2088,05,13,0.0,24.242977,4.6472344,2088
26797,r6i1p1f1,2088,05,14,0.2279793796552969,24.282578,5.885834,2088
26798,r6i1p1f1,2088,05,15,0.0,25.459013,6.024331,2088
26799,r6i1p1f1,2088,05,16,0.0,26.93091,7.8119273,2088
26800,r6i1p1f1,2088,05,17,0.015720171550075254,27.543526,7.76653,2088
26801,r6i1p1f1,2088,05,18,0.23298230135781134,22.014303,5.8742504,2088
26802,r6i1p1f1,2088,05,19,0.0,27.76245,6.842061,2088
26803,r6i1p1f1,2088,05,20,0.0,29.216755,7.961716,2088
26804,r6i1p1f1,2088,05,21,0.0,28.940151,8.893783,2088
26805,r6i1p1f1,2088,05,22,0.0,30.677662,10.022811,2088
26806,r6i1p1f1,2088,05,23,0.0,31.621412,10.934959,2088
26807,r6i1p1f1,2088,05,24,0.6560400318758602,29.941427,11.92897,2088
26808,r6i1p1f1,2088,05,25,0.21194886173455554,29.717848,10.729318,2088
26809,r6i1p1f1,2088,05,26,0.007661532632805475,29.778223,9.885794,2088
26810,r6i1p1f1,2088,05,27,0.0009427665219665119,28.920279,10.968357,2088
26811,r6i1p1f1,2088,05,28,3.153670333458596,26.42146,8.84686,2088
26812,r6i1p1f1,2088,05,29,0.03947635829170075,31.198223,12.513061,2088
26813,r6i1p1f1,2088,05,30,0.0018465345566629377,30.651411,12.694716,2088
26814,r6i1p1f1,2088,05,31,0.16915278465778474,31.072924,12.716037,2088
26815,r6i1p1f1,2088,06,01,0.4591547722752934,30.834408,10.467578,2088
26816,r6i1p1f1,2088,06,02,0.0,28.65458,9.291163,2088
26817,r6i1p1f1,2088,06,03,0.0,31.103016,10.844744,2088
26818,r6i1p1f1,2088,06,04,0.0017412985527697792,30.907179,12.7716255,2088
26819,r6i1p1f1,2088,06,05,1.888780000305748,27.046904,9.780774,2088
26820,r6i1p1f1,2088,06,06,0.2969370607780352,31.592072,11.780372,2088
26821,r6i1p1f1,2088,06,07,0.0,33.71378,13.572732,2088
26822,r6i1p1f1,2088,06,08,0.6707153071453575,35.665535,15.494645,2088
26823,r6i1p1f1,2088,06,09,0.00041665983032876326,36.322823,16.518873,2088
26824,r6i1p1f1,2088,06,10,0.41019559009383005,36.06206,16.43918,2088
26825,r6i1p1f1,2088,06,11,0.0,32.897774,13.115839,2088
26826,r6i1p1f1,2088,06,12,0.0,31.282698,11.785939,2088
26827,r6i1p1f1,2088,06,13,0.0,31.079403,11.412073,2088
26828,r6i1p1f1,2088,06,14,0.0,31.855503,12.093787,2088
26829,r6i1p1f1,2088,06,15,0.0,31.502441,11.50379,2088
26830,r6i1p1f1,2088,06,16,0.0,29.201048,10.028623,2088
26831,r6i1p1f1,2088,06,17,0.0,28.030397,8.969283,2088
26832,r6i1p1f1,2088,06,18,0.0,28.848297,9.441261,2088
26833,r6i1p1f1,2088,06,19,0.0,33.184914,12.302517,2088
26834,r6i1p1f1,2088,06,20,0.0,33.500885,12.585289,2088
26835,r6i1p1f1,2088,06,21,0.0,33.441437,12.69855,2088
26836,r6i1p1f1,2088,06,22,0.0,33.337128,13.364588,2088
26837,r6i1p1f1,2088,06,23,0.21009159469018507,29.352959,11.556637,2088
26838,r6i1p1f1,2088,06,24,0.0,31.996717,12.114421,2088
26839,r6i1p1f1,2088,06,25,0.0,35.353428,13.595733,2088
26840,r6i1p1f1,2088,06,26,0.0,35.84512,14.7607155,2088
26841,r6i1p1f1,2088,06,27,5.886079351830267,32.464752,11.152761,2088
26842,r6i1p1f1,2088,06,28,0.005287890716240344,29.228708,10.988791,2088
26843,r6i1p1f1,2088,06,29,0.32287239114307575,28.239145,8.224629,2088
26844,r6i1p1f1,2088,06,30,0.0,28.853445,14.024252,2088
26845,r6i1p1f1,2088,07,01,0.13342764963131332,25.535416,10.384751,2088
26846,r6i1p1f1,2088,07,02,0.8236923813717609,26.343742,7.017437,2088
26847,r6i1p1f1,2088,07,03,0.00010298211094231421,31.030289,9.368505,2088
26848,r6i1p1f1,2088,07,04,0.0,31.076355,9.920326,2088
26849,r6i1p1f1,2088,07,05,0.0,31.050755,10.713992,2088
26850,r6i1p1f1,2088,07,06,0.1771746637403068,31.468397,12.807091,2088
26851,r6i1p1f1,2088,07,07,0.7712869491574635,29.722889,11.228632,2088
26852,r6i1p1f1,2088,07,08,0.6154096360527627,26.24322,7.7508864,2088
26853,r6i1p1f1,2088,07,09,2.393346880073839,25.604445,4.5176134,2088
26854,r6i1p1f1,2088,07,10,0.39580204164033256,28.930767,7.955145,2088
26855,r6i1p1f1,2088,07,11,0.02750310447293631,31.431955,10.988124,2088
26856,r6i1p1f1,2088,07,12,0.03854904793716386,29.48511,12.269891,2088
26857,r6i1p1f1,2088,07,13,1.4749989397232672,28.067888,12.659139,2088
26858,r6i1p1f1,2088,07,14,0.06228071542018384,27.285566,12.591126,2088
26859,r6i1p1f1,2088,07,15,0.0,26.870504,9.2031975,2088
26860,r6i1p1f1,2088,07,16,0.15929211366813228,28.051891,9.100998,2088
26861,r6i1p1f1,2088,07,17,0.0,30.966858,10.130919,2088
26862,r6i1p1f1,2088,07,18,0.021828802189611016,33.259106,12.909034,2088
26863,r6i1p1f1,2088,07,19,0.0,35.88964,16.092335,2088
26864,r6i1p1f1,2088,07,20,0.05120155718438904,35.718918,15.61043,2088
26865,r6i1p1f1,2088,07,21,0.2610322975124582,35.62521,15.381126,2088
26866,r6i1p1f1,2088,07,22,0.14056143628668916,35.02318,14.716997,2088
26867,r6i1p1f1,2088,07,23,0.0,34.20082,14.368074,2088
26868,r6i1p1f1,2088,07,24,0.0,34.595898,14.364398,2088
26869,r6i1p1f1,2088,07,25,0.0,35.823788,15.61772,2088
26870,r6i1p1f1,2088,07,26,0.0,35.77886,15.465506,2088
26871,r6i1p1f1,2088,07,27,0.0,35.899937,15.410626,2088
26872,r6i1p1f1,2088,07,28,0.0,36.018963,15.324483,2088
26873,r6i1p1f1,2088,07,29,0.0,37.824677,16.829441,2088
26874,r6i1p1f1,2088,07,30,0.0,38.18101,17.790989,2088
26875,r6i1p1f1,2088,07,31,0.0,38.14962,17.56906,2088
26876,r6i1p1f1,2088,08,01,0.0,37.50127,16.428041,2088
26877,r6i1p1f1,2088,08,02,0.03465843856373761,36.530914,15.207774,2088
26878,r6i1p1f1,2088,08,03,0.0,37.147316,16.814936,2088
26879,r6i1p1f1,2088,08,04,0.0,38.790535,17.888994,2088
26880,r6i1p1f1,2088,08,05,0.0,38.37636,16.822777,2088
26881,r6i1p1f1,2088,08,06,0.013674280030137941,38.530952,18.266966,2088
26882,r6i1p1f1,2088,08,07,0.0259317335582954,38.636257,17.251226,2088
26883,r6i1p1f1,2088,08,08,0.0,38.061188,16.42184,2088
26884,r6i1p1f1,2088,08,09,0.0,37.03618,15.542432,2088
26885,r6i1p1f1,2088,08,10,0.0,37.54722,15.954265,2088
26886,r6i1p1f1,2088,08,11,0.004758899276085568,38.054676,17.313917,2088
26887,r6i1p1f1,2088,08,12,0.0,37.23923,16.493685,2088
26888,r6i1p1f1,2088,08,13,0.014311024294714878,36.59218,15.19451,2088
26889,r6i1p1f1,2088,08,14,0.44984550345563373,36.009388,15.319158,2088
26890,r6i1p1f1,2088,08,15,0.268129428252019,33.892895,14.333701,2088
26891,r6i1p1f1,2088,08,16,0.05114739788911454,33.597153,14.168709,2088
26892,r6i1p1f1,2088,08,17,0.0,35.11852,14.92357,2088
26893,r6i1p1f1,2088,08,18,0.0,35.751923,15.31216,2088
26894,r6i1p1f1,2088,08,19,0.0,35.516903,15.165478,2088
26895,r6i1p1f1,2088,08,20,0.0,35.555996,14.3882885,2088
26896,r6i1p1f1,2088,08,21,0.0,35.16663,14.698467,2088
26897,r6i1p1f1,2088,08,22,0.0,35.151714,13.929121,2088
26898,r6i1p1f1,2088,08,23,0.0,30.991917,11.779482,2088
26899,r6i1p1f1,2088,08,24,0.31808763462161144,27.50952,8.380574,2088
26900,r6i1p1f1,2088,08,25,0.19737420242860537,24.599335,6.159508,2088
26901,r6i1p1f1,2088,08,26,0.19860127288076623,27.04284,9.659159,2088
26902,r6i1p1f1,2088,08,27,0.09887965974949982,28.680435,10.210113,2088
26903,r6i1p1f1,2088,08,28,0.09555991607732978,31.29153,11.088291,2088
26904,r6i1p1f1,2088,08,29,0.0,31.17606,11.710411,2088
26905,r6i1p1f1,2088,08,30,0.08723690829830635,29.595251,10.311179,2088
26906,r6i1p1f1,2088,08,31,0.0032138047921050684,33.106003,12.091585,2088
26907,r6i1p1f1,2088,09,01,0.0,31.729494,14.147642,2088
26908,r6i1p1f1,2088,09,02,0.0,32.226425,13.594011,2088
26909,r6i1p1f1,2088,09,03,0.0,33.564,14.553692,2088
26910,r6i1p1f1,2088,09,04,0.0,33.93917,14.485869,2088
26911,r6i1p1f1,2088,09,05,0.0,33.87004,14.858993,2088
26912,r6i1p1f1,2088,09,06,0.0,34.76636,14.523469,2088
26913,r6i1p1f1,2088,09,07,0.0,34.653793,14.847834,2088
26914,r6i1p1f1,2088,09,08,0.44116786410408004,33.54028,15.953378,2088
26915,r6i1p1f1,2088,09,09,0.0,33.45936,14.192193,2088
26916,r6i1p1f1,2088,09,10,0.014835534253538032,33.382442,13.263495,2088
26917,r6i1p1f1,2088,09,11,0.0,31.432787,13.469167,2088
26918,r6i1p1f1,2088,09,12,0.0,32.498634,13.382927,2088
26919,r6i1p1f1,2088,09,13,0.0,32.640274,13.563548,2088
26920,r6i1p1f1,2088,09,14,0.0,33.598713,14.163719,2088
26921,r6i1p1f1,2088,09,15,0.0,33.558716,12.63974,2088
26922,r6i1p1f1,2088,09,16,0.0,32.21645,13.19743,2088
26923,r6i1p1f1,2088,09,17,0.0,32.95693,13.109995,2088
26924,r6i1p1f1,2088,09,18,0.0,32.58323,11.943643,2088
26925,r6i1p1f1,2088,09,19,0.0,30.780924,11.36302,2088
26926,r6i1p1f1,2088,09,20,0.0,32.5526,12.712452,2088
26927,r6i1p1f1,2088,09,21,0.0,33.192745,14.278196,2088
26928,r6i1p1f1,2088,09,22,0.0,34.3969,14.0970955,2088
26929,r6i1p1f1,2088,09,23,0.0,34.95318,15.397625,2088
26930,r6i1p1f1,2088,09,24,0.0,34.941742,15.076152,2088
26931,r6i1p1f1,2088,09,25,0.0,34.941223,13.996718,2088
26932,r6i1p1f1,2088,09,26,0.0,33.771034,13.365696,2088
26933,r6i1p1f1,2088,09,27,0.0,34.435898,13.321686,2088
26934,r6i1p1f1,2088,09,28,0.0,34.4691,13.878974,2088
26935,r6i1p1f1,2088,09,29,0.0,35.588196,13.916684,2088
26936,r6i1p1f1,2088,09,30,0.0,35.581158,14.520661,2088
26937,r6i1p1f1,2088,10,01,0.0,32.565384,12.218564,2088
26938,r6i1p1f1,2088,10,02,0.0,29.25182,9.14062,2088
26939,r6i1p1f1,2088,10,03,0.0,33.20491,11.713204,2088
26940,r6i1p1f1,2088,10,04,0.0,33.772167,12.563858,2088
26941,r6i1p1f1,2088,10,05,0.0,32.792877,15.097987,2088
26942,r6i1p1f1,2088,10,06,0.04712911853019766,32.928776,14.942625,2088
26943,r6i1p1f1,2088,10,07,1.1387061750230265,31.309563,14.850909,2088
26944,r6i1p1f1,2088,10,08,3.1962191879247626,29.18848,12.581826,2088
26945,r6i1p1f1,2088,10,09,2.203854342877396,30.648508,12.835283,2088
26946,r6i1p1f1,2088,10,10,1.6382567380211288,31.666159,13.494516,2088
26947,r6i1p1f1,2088,10,11,0.0,28.615417,11.592286,2088
26948,r6i1p1f1,2088,10,12,0.09203067093389855,27.37935,10.623354,2088
26949,r6i1p1f1,2088,10,13,37.64710766955203,17.917795,7.3792334,2088
26950,r6i1p1f1,2088,10,14,6.405389833562153,18.543152,8.654405,2088
26951,r6i1p1f1,2088,10,15,0.12515532347458722,25.68789,9.921004,2088
26952,r6i1p1f1,2088,10,16,0.0,26.984812,9.743635,2088
26953,r6i1p1f1,2088,10,17,0.0,28.900637,10.136706,2088
26954,r6i1p1f1,2088,10,18,0.0,29.840418,11.215383,2088
26955,r6i1p1f1,2088,10,19,0.0,28.774027,10.463681,2088
26956,r6i1p1f1,2088,10,20,0.0840208669168854,26.03496,9.033666,2088
26957,r6i1p1f1,2088,10,21,0.0,24.529358,8.145944,2088
26958,r6i1p1f1,2088,10,22,0.0,24.56912,7.3303027,2088
26959,r6i1p1f1,2088,10,23,0.041086728911586046,23.461704,6.755171,2088
26960,r6i1p1f1,2088,10,24,0.0,21.658142,7.368004,2088
26961,r6i1p1f1,2088,10,25,0.0,23.48991,5.8379974,2088
26962,r6i1p1f1,2088,10,26,0.0,25.799185,6.982357,2088
26963,r6i1p1f1,2088,10,27,0.04437517769996725,24.742437,7.1654344,2088
26964,r6i1p1f1,2088,10,28,1.633352750225522,13.8563385,1.6107768,2088
26965,r6i1p1f1,2088,10,29,0.1405957141575475,15.643118,1.0252178,2088
26966,r6i1p1f1,2088,10,30,0.0,21.067312,3.0846515,2088
26967,r6i1p1f1,2088,10,31,0.0,23.74688,5.921001,2088
26968,r6i1p1f1,2088,11,01,0.0,23.49159,5.8459353,2088
26969,r6i1p1f1,2088,11,02,0.0,17.93448,2.4766338,2088
26970,r6i1p1f1,2088,11,03,9.009897866380166,14.068112,4.7971416,2088
26971,r6i1p1f1,2088,11,04,0.8618529546193644,14.1326685,3.7102199,2088
26972,r6i1p1f1,2088,11,05,0.003075945073456709,17.733347,3.143055,2088
26973,r6i1p1f1,2088,11,06,0.02274468266377788,17.638613,5.2635694,2088
26974,r6i1p1f1,2088,11,07,0.06594272622810493,16.70177,4.762061,2088
26975,r6i1p1f1,2088,11,08,0.0,19.796503,2.517285,2088
26976,r6i1p1f1,2088,11,09,0.0,19.616917,3.8289495,2088
26977,r6i1p1f1,2088,11,10,0.0,17.98364,4.1058292,2088
26978,r6i1p1f1,2088,11,11,0.0,17.32406,2.3227339,2088
26979,r6i1p1f1,2088,11,12,0.0,17.501917,1.6670581,2088
26980,r6i1p1f1,2088,11,13,0.9853490013748117,16.45795,1.626364,2088
26981,r6i1p1f1,2088,11,14,5.920763709694386,10.430062,4.350508,2088
26982,r6i1p1f1,2088,11,15,0.029977837343340467,14.839166,0.3649176,2088
26983,r6i1p1f1,2088,11,16,0.3004838427460016,13.433638,3.8730955,2088
26984,r6i1p1f1,2088,11,17,0.0,17.474354,0.6726959,2088
26985,r6i1p1f1,2088,11,18,0.0,22.154104,3.3488243,2088
26986,r6i1p1f1,2088,11,19,0.0,21.313993,3.7959244,2088
26987,r6i1p1f1,2088,11,20,1.2626724188899807,18.692251,4.5179267,2088
26988,r6i1p1f1,2088,11,21,0.0016775753551034854,16.403025,4.952939,2088
26989,r6i1p1f1,2088,11,22,0.0012687373111377417,15.114776,-1.7055326,2088
26990,r6i1p1f1,2088,11,23,0.062457787115473416,11.385181,3.683452,2088
26991,r6i1p1f1,2088,11,24,0.016598737911437702,11.937813,-0.27780998,2088
26992,r6i1p1f1,2088,11,25,0.0,13.431568,-3.146289,2088
26993,r6i1p1f1,2088,11,26,0.0,15.678103,-1.0636225,2088
26994,r6i1p1f1,2088,11,27,0.0,15.916387,-2.2616467,2088
26995,r6i1p1f1,2088,11,28,0.0,15.785476,-0.6298725,2088
26996,r6i1p1f1,2088,11,29,0.0,16.524315,2.1515136,2088
26997,r6i1p1f1,2088,11,30,0.0,19.181992,1.0405403,2088
26998,r6i1p1f1,2088,12,01,0.0,18.09009,3.6343198,2088
26999,r6i1p1f1,2088,12,02,0.0,17.88658,4.000455,2088
27000,r6i1p1f1,2088,12,03,0.0,17.409729,2.8086271,2088
27001,r6i1p1f1,2088,12,04,0.00734885057328913,16.400112,4.0428786,2088
27002,r6i1p1f1,2088,12,05,17.76655514678299,11.514053,5.268711,2088
27003,r6i1p1f1,2088,12,06,47.78580769264592,10.462632,3.4857912,2088
27004,r6i1p1f1,2088,12,07,72.63237024084498,11.715142,5.4293694,2088
27005,r6i1p1f1,2088,12,08,2.26871558146999,11.41562,0.3517052,2088
27006,r6i1p1f1,2088,12,09,6.568222249195644,8.510424,-4.01704,2088
27007,r6i1p1f1,2088,12,10,32.40702606139188,12.947859,-3.1431303,2088
27008,r6i1p1f1,2088,12,11,0.8484529012520154,13.600563,-0.28970444,2088
27009,r6i1p1f1,2088,12,12,0.0,13.111805,0.7692613,2088
27010,r6i1p1f1,2088,12,13,0.0,11.543585,2.4323368,2088
27011,r6i1p1f1,2088,12,14,0.008385686264479449,9.751009,-0.6417239,2088
27012,r6i1p1f1,2088,12,15,0.0,10.745664,-3.5671625,2088
27013,r6i1p1f1,2088,12,16,0.0,11.978822,-2.493725,2088
27014,r6i1p1f1,2088,12,17,0.0,12.612068,-1.5018125,2088
27015,r6i1p1f1,2088,12,18,0.0,15.900921,0.94156784,2088
27016,r6i1p1f1,2088,12,19,0.0,17.275377,2.2051344,2088
27017,r6i1p1f1,2088,12,20,0.0,17.777735,2.2397218,2088
27018,r6i1p1f1,2088,12,21,0.0,16.445099,2.9827893,2088
27019,r6i1p1f1,2088,12,22,0.0,14.623432,1.729106,2088
27020,r6i1p1f1,2088,12,23,0.0,6.2979584,-6.781465,2088
27021,r6i1p1f1,2088,12,24,11.085452363978744,1.5270137,-6.884438,2088
27022,r6i1p1f1,2088,12,25,33.55404705665566,9.442307,-3.0654287,2088
27023,r6i1p1f1,2088,12,26,77.65853182750668,15.813383,3.9663975,2088
27024,r6i1p1f1,2088,12,27,37.53426100453685,15.150852,4.909949,2088
27025,r6i1p1f1,2088,12,28,48.57423875594381,14.752349,2.15976,2088
27026,r6i1p1f1,2088,12,29,11.526665661359344,9.391934,3.8033614,2088
27027,r6i1p1f1,2088,12,30,18.204225001524176,10.4509115,1.222924,2088
27028,r6i1p1f1,2088,12,31,10.272027472462325,6.751574,-0.62677246,2088
27029,r6i1p1f1,2089,01,01,1.0349121315796428,5.6734076,-4.875659,2089
27030,r6i1p1f1,2089,01,02,0.02284015983754778,4.6258917,-1.3942281,2089
27031,r6i1p1f1,2089,01,03,0.0,5.11902,-7.6122923,2089
27032,r6i1p1f1,2089,01,04,3.6913604526835613,2.6057174,-4.9580126,2089
27033,r6i1p1f1,2089,01,05,21.195965151262445,5.4516783,-2.9248636,2089
27034,r6i1p1f1,2089,01,06,0.0,8.351859,-3.0356517,2089
27035,r6i1p1f1,2089,01,07,16.053838728571435,7.490504,-1.8265429,2089
27036,r6i1p1f1,2089,01,08,14.711180298698656,11.781326,4.177352,2089
27037,r6i1p1f1,2089,01,09,43.09486359283414,12.727821,4.07108,2089
27038,r6i1p1f1,2089,01,10,12.125232232547852,9.812427,3.0397527,2089
27039,r6i1p1f1,2089,01,11,68.71025465677215,13.700694,3.9130282,2089
27040,r6i1p1f1,2089,01,12,7.91276375942054,14.293856,0.7055395,2089
27041,r6i1p1f1,2089,01,13,12.357737211419055,12.248291,1.4235698,2089
27042,r6i1p1f1,2089,01,14,57.29243910998004,15.607773,5.7282233,2089
27043,r6i1p1f1,2089,01,15,77.36474325756464,15.668687,5.5472965,2089
27044,r6i1p1f1,2089,01,16,14.732506972002657,10.217063,0.45032397,2089
27045,r6i1p1f1,2089,01,17,0.0,10.313913,-1.357927,2089
27046,r6i1p1f1,2089,01,18,0.0008380486453927029,10.592816,-2.8652382,2089
27047,r6i1p1f1,2089,01,19,7.118112369558747,7.6615996,-4.8217115,2089
27048,r6i1p1f1,2089,01,20,11.365578016194439,3.9436424,-2.4803483,2089
27049,r6i1p1f1,2089,01,21,20.826888650156018,5.628434,-2.4756029,2089
27050,r6i1p1f1,2089,01,22,18.213488327980308,3.6294408,-3.8864036,2089
27051,r6i1p1f1,2089,01,23,21.061705414460725,0.48467046,-5.0308895,2089
27052,r6i1p1f1,2089,01,24,0.027451278338690377,5.6305947,-5.3342614,2089
27053,r6i1p1f1,2089,01,25,7.070543813764931,7.69315,-2.795718,2089
27054,r6i1p1f1,2089,01,26,8.10058793311326,12.945123,-0.95778674,2089
27055,r6i1p1f1,2089,01,27,41.69669693914172,15.34971,5.5609956,2089
27056,r6i1p1f1,2089,01,28,8.806807239628112,14.566121,8.861755,2089
27057,r6i1p1f1,2089,01,29,0.0,19.30671,6.2242723,2089
27058,r6i1p1f1,2089,01,30,0.00513515858634717,18.733942,7.488756,2089
27059,r6i1p1f1,2089,01,31,6.935480127481132,15.367157,3.2798624,2089
27060,r6i1p1f1,2089,02,01,1.5439741510530554,11.256411,-2.1624131,2089
27061,r6i1p1f1,2089,02,02,0.12870055366979047,7.9720683,-1.2863576,2089
27062,r6i1p1f1,2089,02,03,0.12156713282669727,7.6536703,-0.226344,2089
27063,r6i1p1f1,2089,02,04,7.803031001123467,8.16486,-0.5969983,2089
27064,r6i1p1f1,2089,02,05,2.979144116586068,11.079653,2.4736984,2089
27065,r6i1p1f1,2089,02,06,18.316413783797845,8.401428,2.7378864,2089
27066,r6i1p1f1,2089,02,07,18.940736309799956,8.176506,-0.25232288,2089
27067,r6i1p1f1,2089,02,08,11.578034374027718,10.89341,-2.4935794,2089
27068,r6i1p1f1,2089,02,09,16.18000098854173,11.802809,-1.1211742,2089
27069,r6i1p1f1,2089,02,10,7.144390914874543,4.5503073,-5.6738124,2089
27070,r6i1p1f1,2089,02,11,11.407019090580592,1.4719255,-5.173937,2089
27071,r6i1p1f1,2089,02,12,0.00017092569457341676,4.826595,-5.312223,2089
27072,r6i1p1f1,2089,02,13,6.89856798830543,13.670259,-1.8761139,2089
27073,r6i1p1f1,2089,02,14,3.9820773911236405,16.980455,4.345525,2089
27074,r6i1p1f1,2089,02,15,39.80174851259841,13.190465,8.828711,2089
27075,r6i1p1f1,2089,02,16,21.440209686992077,13.453021,0.56810564,2089
27076,r6i1p1f1,2089,02,17,0.0007520489326194543,11.294426,-0.93618363,2089
27077,r6i1p1f1,2089,02,18,1.6487291203216525,7.506942,-1.8970422,2089
27078,r6i1p1f1,2089,02,19,11.179152278714513,3.2832496,-6.413533,2089
27079,r6i1p1f1,2089,02,20,6.508948788112861,3.280201,-7.3335295,2089
27080,r6i1p1f1,2089,02,21,41.62735819189437,7.017008,-3.9882708,2089
27081,r6i1p1f1,2089,02,22,50.6995466546609,6.769803,-0.007104349,2089
27082,r6i1p1f1,2089,02,23,53.61603794729945,9.30808,0.3336838,2089
27083,r6i1p1f1,2089,02,24,22.896836788424917,8.047632,0.26025474,2089
27084,r6i1p1f1,2089,02,25,5.7841095250455306,7.4378066,-2.4797082,2089
27085,r6i1p1f1,2089,02,26,0.0,9.66043,-4.7109857,2089
27086,r6i1p1f1,2089,02,27,0.0,13.888979,-0.27113584,2089
27087,r6i1p1f1,2089,02,28,0.0,14.257502,-0.012910876,2089
27088,r6i1p1f1,2089,03,01,0.20114359360493111,10.051483,0.19098122,2089
27089,r6i1p1f1,2089,03,02,0.9651876420230645,4.8613534,-3.0371673,2089
27090,r6i1p1f1,2089,03,03,1.0779808447760073,3.6318464,-4.780002,2089
27091,r6i1p1f1,2089,03,04,0.03494163748674368,4.764103,-7.6380453,2089
27092,r6i1p1f1,2089,03,05,0.0,8.410889,-7.645526,2089
27093,r6i1p1f1,2089,03,06,0.0,12.028466,-3.0862498,2089
27094,r6i1p1f1,2089,03,07,1.7708755226925021,8.649188,0.67885965,2089
27095,r6i1p1f1,2089,03,08,29.398272283793887,11.421967,0.78135085,2089
27096,r6i1p1f1,2089,03,09,38.31232083485502,9.242867,-2.7632034,2089
27097,r6i1p1f1,2089,03,10,16.773106605449026,4.638742,-3.0464733,2089
27098,r6i1p1f1,2089,03,11,10.797966900775487,2.9114532,-3.952553,2089
27099,r6i1p1f1,2089,03,12,1.4794843476319501,3.9087503,-2.8128152,2089
27100,r6i1p1f1,2089,03,13,7.2796016358708675,5.019579,-3.7128632,2089
27101,r6i1p1f1,2089,03,14,1.677776860554403,3.7578437,-4.963265,2089
27102,r6i1p1f1,2089,03,15,8.225209774721206,4.8166924,-5.73042,2089
27103,r6i1p1f1,2089,03,16,6.707662142795348,4.221712,-2.7498503,2089
27104,r6i1p1f1,2089,03,17,4.875825068337116,3.672856,-3.2584805,2089
27105,r6i1p1f1,2089,03,18,20.771046193633758,3.1604056,-3.9475107,2089
27106,r6i1p1f1,2089,03,19,0.48369955886100613,6.038939,-8.046975,2089
27107,r6i1p1f1,2089,03,20,7.187297679849691,5.9185085,-2.6361027,2089
27108,r6i1p1f1,2089,03,21,27.18234249913753,3.615802,-4.100162,2089
27109,r6i1p1f1,2089,03,22,0.015105195995880652,6.159011,-8.661274,2089
27110,r6i1p1f1,2089,03,23,0.04311309359447044,6.6304636,-3.6678827,2089
27111,r6i1p1f1,2089,03,24,0.0,9.647262,-6.025193,2089
27112,r6i1p1f1,2089,03,25,0.0,9.649096,-7.686608,2089
27113,r6i1p1f1,2089,03,26,0.0,10.51351,-3.856577,2089
27114,r6i1p1f1,2089,03,27,0.0,13.125957,-0.5396834,2089
27115,r6i1p1f1,2089,03,28,0.0,17.602777,0.18949886,2089
27116,r6i1p1f1,2089,03,29,0.0,17.100523,5.416451,2089
27117,r6i1p1f1,2089,03,30,0.1274793051584323,12.5026655,4.471593,2089
27118,r6i1p1f1,2089,03,31,7.838348538507805,13.211708,4.50738,2089
27119,r6i1p1f1,2089,04,01,13.318531074876514,11.392445,-5.3116355,2089
27120,r6i1p1f1,2089,04,02,10.911913071081868,4.222031,-3.3057685,2089
27121,r6i1p1f1,2089,04,03,0.0,10.220325,-3.9361033,2089
27122,r6i1p1f1,2089,04,04,0.03017125023107628,13.252813,-0.11717016,2089
27123,r6i1p1f1,2089,04,05,0.0,23.37722,4.1686516,2089
27124,r6i1p1f1,2089,04,06,0.0,26.227386,6.539361,2089
27125,r6i1p1f1,2089,04,07,0.0,25.172335,7.5345283,2089
27126,r6i1p1f1,2089,04,08,0.0,24.483479,6.8945804,2089
27127,r6i1p1f1,2089,04,09,0.0,24.571445,6.149369,2089
27128,r6i1p1f1,2089,04,10,0.0,24.39956,6.733336,2089
27129,r6i1p1f1,2089,04,11,0.010694549508895057,22.155678,4.284886,2089
27130,r6i1p1f1,2089,04,12,18.398725765513653,9.562644,2.532083,2089
27131,r6i1p1f1,2089,04,13,23.2277542208075,9.195563,-0.91277647,2089
27132,r6i1p1f1,2089,04,14,0.004632942570950795,14.266417,-1.145677,2089
27133,r6i1p1f1,2089,04,15,0.0,17.913034,1.3055634,2089
27134,r6i1p1f1,2089,04,16,0.0,17.585016,5.489592,2089
27135,r6i1p1f1,2089,04,17,11.280079777356868,11.866486,-0.8071266,2089
27136,r6i1p1f1,2089,04,18,0.08036887369431625,14.813602,-0.30743763,2089
27137,r6i1p1f1,2089,04,19,0.15967471166054514,17.779078,1.0573123,2089
27138,r6i1p1f1,2089,04,20,0.0,20.251728,3.054188,2089
27139,r6i1p1f1,2089,04,21,0.1824005588976838,18.464172,5.053757,2089
27140,r6i1p1f1,2089,04,22,7.367728057547093,12.910274,-2.4629588,2089
27141,r6i1p1f1,2089,04,23,5.815631588877163,13.87109,0.84796154,2089
27142,r6i1p1f1,2089,04,24,0.793058353352469,15.673819,0.58573806,2089
27143,r6i1p1f1,2089,04,25,1.3566383807195979,16.009054,-0.67808694,2089
27144,r6i1p1f1,2089,04,26,0.030267456775896533,18.67501,3.6912735,2089
27145,r6i1p1f1,2089,04,27,0.04691733763839916,19.00891,6.1485367,2089
27146,r6i1p1f1,2089,04,28,0.35230065527283894,18.574223,0.2533454,2089
27147,r6i1p1f1,2089,04,29,0.0,21.96979,4.1353636,2089
27148,r6i1p1f1,2089,04,30,0.014232630168678194,21.92309,5.6653323,2089
27149,r6i1p1f1,2089,05,01,2.8211870304755844,16.873358,3.931957,2089
27150,r6i1p1f1,2089,05,02,18.2947153510474,16.336805,3.2905297,2089
27151,r6i1p1f1,2089,05,03,3.855608643805643,15.523717,-1.8340757,2089
27152,r6i1p1f1,2089,05,04,8.345344578388099,11.908439,-2.49559,2089
27153,r6i1p1f1,2089,05,05,15.543761905403755,12.033843,-2.4995472,2089
27154,r6i1p1f1,2089,05,06,0.49799146237922665,14.254703,-0.88937503,2089
27155,r6i1p1f1,2089,05,07,0.24391618480867064,18.110916,5.9909177,2089
27156,r6i1p1f1,2089,05,08,0.09049593522688457,18.483025,0.96885407,2089
27157,r6i1p1f1,2089,05,09,1.5332754615471247,14.505722,2.6369917,2089
27158,r6i1p1f1,2089,05,10,0.26837167396630524,19.655212,1.9204681,2089
27159,r6i1p1f1,2089,05,11,0.0,22.805918,3.8585727,2089
27160,r6i1p1f1,2089,05,12,2.310142918910261,19.740833,2.5396466,2089
27161,r6i1p1f1,2089,05,13,0.0,21.769112,5.291351,2089
27162,r6i1p1f1,2089,05,14,0.0,25.274584,6.00532,2089
27163,r6i1p1f1,2089,05,15,0.0,26.90915,8.120157,2089
27164,r6i1p1f1,2089,05,16,21.767544596696194,17.855001,6.210936,2089
27165,r6i1p1f1,2089,05,17,36.871881266450586,17.008577,5.7884145,2089
27166,r6i1p1f1,2089,05,18,0.0,24.6484,5.4611745,2089
27167,r6i1p1f1,2089,05,19,0.8843220881732523,22.25488,4.455157,2089
27168,r6i1p1f1,2089,05,20,43.012568370544514,13.055207,4.122297,2089
27169,r6i1p1f1,2089,05,21,13.663509553580838,12.299762,-0.5459279,2089
27170,r6i1p1f1,2089,05,22,0.4726886201489273,18.088493,0.227654,2089
27171,r6i1p1f1,2089,05,23,0.0,20.264284,1.05236,2089
27172,r6i1p1f1,2089,05,24,0.055977064071019114,22.581747,4.001323,2089
27173,r6i1p1f1,2089,05,25,0.11714286980697229,24.062635,5.600992,2089
27174,r6i1p1f1,2089,05,26,1.4411055660414962,21.528492,2.4361126,2089
27175,r6i1p1f1,2089,05,27,2.41786336032509,18.36738,1.4787457,2089
27176,r6i1p1f1,2089,05,28,1.7275468907423774,16.9159,2.3430614,2089
27177,r6i1p1f1,2089,05,29,2.9797265965201802,17.326685,1.7786225,2089
27178,r6i1p1f1,2089,05,30,3.299500036606519,17.627554,3.912989,2089
27179,r6i1p1f1,2089,05,31,0.10601131068036938,24.72941,9.937082,2089
27180,r6i1p1f1,2089,06,01,6.236534918989365,21.674091,5.0076747,2089
27181,r6i1p1f1,2089,06,02,1.48258682055474,21.72991,2.8692746,2089
27182,r6i1p1f1,2089,06,03,1.5810926952667796,22.030567,6.0388875,2089
27183,r6i1p1f1,2089,06,04,4.77272922948555,24.101479,4.61446,2089
27184,r6i1p1f1,2089,06,05,0.33651034064028423,26.76775,7.80715,2089
27185,r6i1p1f1,2089,06,06,0.0,26.488045,7.7720294,2089
27186,r6i1p1f1,2089,06,07,1.2854209834071777,26.915365,8.72577,2089
27187,r6i1p1f1,2089,06,08,0.14816210119040057,29.796719,10.159155,2089
27188,r6i1p1f1,2089,06,09,1.001720801058592,28.638844,10.395136,2089
27189,r6i1p1f1,2089,06,10,1.345719533304594,25.33119,6.695585,2089
27190,r6i1p1f1,2089,06,11,0.0,26.91418,8.682582,2089
27191,r6i1p1f1,2089,06,12,0.0,29.642921,8.765328,2089
27192,r6i1p1f1,2089,06,13,0.0,31.524578,11.352803,2089
27193,r6i1p1f1,2089,06,14,0.02546200232196028,30.692276,11.629867,2089
27194,r6i1p1f1,2089,06,15,1.02872438781877,26.278637,7.561454,2089
27195,r6i1p1f1,2089,06,16,0.008128155766710547,28.193045,8.616452,2089
27196,r6i1p1f1,2089,06,17,0.0,31.00882,10.890132,2089
27197,r6i1p1f1,2089,06,18,0.0,29.250662,10.935619,2089
27198,r6i1p1f1,2089,06,19,0.0,28.79572,10.003957,2089
27199,r6i1p1f1,2089,06,20,0.007529329165830245,33.666145,13.125522,2089
27200,r6i1p1f1,2089,06,21,0.0,33.532677,13.25982,2089
27201,r6i1p1f1,2089,06,22,0.0,33.44528,12.865156,2089
27202,r6i1p1f1,2089,06,23,0.0,35.553574,14.506834,2089
27203,r6i1p1f1,2089,06,24,0.0,36.843327,15.993569,2089
27204,r6i1p1f1,2089,06,25,0.0,36.194443,14.842015,2089
27205,r6i1p1f1,2089,06,26,0.0,35.696682,14.681989,2089
27206,r6i1p1f1,2089,06,27,0.0,35.01171,15.114321,2089
27207,r6i1p1f1,2089,06,28,0.048585653574843575,34.32558,14.165342,2089
27208,r6i1p1f1,2089,06,29,0.24091374287805803,33.254726,13.679902,2089
27209,r6i1p1f1,2089,06,30,0.0,35.683167,14.729219,2089
27210,r6i1p1f1,2089,07,01,0.0,37.066826,16.269262,2089
27211,r6i1p1f1,2089,07,02,0.0,37.43526,16.641516,2089
27212,r6i1p1f1,2089,07,03,0.02121264436035823,36.58813,14.07976,2089
27213,r6i1p1f1,2089,07,04,0.0,36.154007,14.684871,2089
27214,r6i1p1f1,2089,07,05,0.0,35.498997,13.647154,2089
27215,r6i1p1f1,2089,07,06,0.0,36.90935,14.976488,2089
27216,r6i1p1f1,2089,07,07,0.0,38.449852,16.602777,2089
27217,r6i1p1f1,2089,07,08,0.0,42.191544,22.472044,2089
27218,r6i1p1f1,2089,07,09,0.0,42.69287,22.477135,2089
27219,r6i1p1f1,2089,07,10,0.0,42.628777,22.273851,2089
27220,r6i1p1f1,2089,07,11,0.0,41.821766,20.857248,2089
27221,r6i1p1f1,2089,07,12,0.0,40.301506,19.313553,2089
27222,r6i1p1f1,2089,07,13,0.6447412078457666,38.531826,18.353733,2089
27223,r6i1p1f1,2089,07,14,0.10724786468602335,38.04479,17.272108,2089
27224,r6i1p1f1,2089,07,15,0.12492461464522613,38.13057,16.573578,2089
27225,r6i1p1f1,2089,07,16,0.10441761936417236,38.571465,18.133345,2089
27226,r6i1p1f1,2089,07,17,0.0,38.387466,16.649723,2089
27227,r6i1p1f1,2089,07,18,0.0,37.451904,15.484081,2089
27228,r6i1p1f1,2089,07,19,0.0,36.89288,16.042725,2089
27229,r6i1p1f1,2089,07,20,0.0,37.83487,16.328548,2089
27230,r6i1p1f1,2089,07,21,3.6400857588399402,37.453873,16.717787,2089
27231,r6i1p1f1,2089,07,22,1.009069954156749,34.817047,17.024382,2089
27232,r6i1p1f1,2089,07,23,3.049253102801473,32.943584,15.6852665,2089
27233,r6i1p1f1,2089,07,24,1.0545770336422238,30.474855,12.1318655,2089
27234,r6i1p1f1,2089,07,25,0.5552086955335719,27.99919,13.439549,2089
27235,r6i1p1f1,2089,07,26,0.2460678520631147,31.758335,11.221494,2089
27236,r6i1p1f1,2089,07,27,0.0,33.465675,13.308767,2089
27237,r6i1p1f1,2089,07,28,0.5434828432043953,33.695835,16.015638,2089
27238,r6i1p1f1,2089,07,29,0.0,32.931625,14.6374655,2089
27239,r6i1p1f1,2089,07,30,0.0009283532030364764,34.244987,14.16547,2089
27240,r6i1p1f1,2089,07,31,0.015366630484539177,35.396873,15.779724,2089
27241,r6i1p1f1,2089,08,01,0.0,35.626526,18.875956,2089
27242,r6i1p1f1,2089,08,02,0.01930780604569802,35.752003,15.061811,2089
27243,r6i1p1f1,2089,08,03,0.0,36.06585,16.6568,2089
27244,r6i1p1f1,2089,08,04,0.0,35.77272,15.609498,2089
27245,r6i1p1f1,2089,08,05,0.10796011755376128,35.102795,15.824206,2089
27246,r6i1p1f1,2089,08,06,2.768546638512605,30.938248,14.39957,2089
27247,r6i1p1f1,2089,08,07,0.0,32.458466,14.801257,2089
27248,r6i1p1f1,2089,08,08,0.013469067823388458,33.691418,15.867404,2089
27249,r6i1p1f1,2089,08,09,0.039939203248311975,34.798576,16.84201,2089
27250,r6i1p1f1,2089,08,10,0.0,36.343086,15.24964,2089
27251,r6i1p1f1,2089,08,11,0.0,36.434494,16.286306,2089
27252,r6i1p1f1,2089,08,12,1.1615718175814793,36.086452,15.384673,2089
27253,r6i1p1f1,2089,08,13,0.0,35.01259,14.75139,2089
27254,r6i1p1f1,2089,08,14,0.0,34.754143,14.526726,2089
27255,r6i1p1f1,2089,08,15,0.0,35.47128,14.902183,2089
27256,r6i1p1f1,2089,08,16,0.21048185649454368,35.39785,14.964726,2089
27257,r6i1p1f1,2089,08,17,0.0,35.765415,14.692297,2089
27258,r6i1p1f1,2089,08,18,0.0,35.82776,14.796912,2089
27259,r6i1p1f1,2089,08,19,0.0,35.815056,14.341172,2089
27260,r6i1p1f1,2089,08,20,0.0,36.182064,14.96508,2089
27261,r6i1p1f1,2089,08,21,0.0,37.378315,16.983816,2089
27262,r6i1p1f1,2089,08,22,3.2579265699673745,37.96103,18.082376,2089
27263,r6i1p1f1,2089,08,23,1.0756030055382095,34.579998,15.867857,2089
27264,r6i1p1f1,2089,08,24,9.624332349170958,32.527977,14.528943,2089
27265,r6i1p1f1,2089,08,25,4.349970429977678,26.394178,8.741879,2089
27266,r6i1p1f1,2089,08,26,0.0,30.855162,11.793788,2089
27267,r6i1p1f1,2089,08,27,0.0,32.67098,12.628805,2089
27268,r6i1p1f1,2089,08,28,0.0,31.933056,11.9784565,2089
27269,r6i1p1f1,2089,08,29,0.0,29.5568,10.924307,2089
27270,r6i1p1f1,2089,08,30,0.0,29.798069,11.719956,2089
27271,r6i1p1f1,2089,08,31,0.0,31.562902,15.024125,2089
27272,r6i1p1f1,2089,09,01,0.0,33.82143,15.618277,2089
27273,r6i1p1f1,2089,09,02,0.0,34.313477,15.779329,2089
27274,r6i1p1f1,2089,09,03,0.0,34.911472,15.9816065,2089
27275,r6i1p1f1,2089,09,04,0.0,34.97649,15.6127825,2089
27276,r6i1p1f1,2089,09,05,0.003965884101896172,34.59433,15.9690695,2089
27277,r6i1p1f1,2089,09,06,0.0,34.5282,14.715277,2089
27278,r6i1p1f1,2089,09,07,0.0,33.332092,14.62329,2089
27279,r6i1p1f1,2089,09,08,0.0,33.36553,13.977315,2089
27280,r6i1p1f1,2089,09,09,0.0,33.144688,13.583265,2089
27281,r6i1p1f1,2089,09,10,0.4799256810407389,31.907795,13.214311,2089
27282,r6i1p1f1,2089,09,11,0.10263761180827541,31.04002,13.347506,2089
27283,r6i1p1f1,2089,09,12,0.0,30.212986,12.237805,2089
27284,r6i1p1f1,2089,09,13,0.0032160592205446154,27.674494,10.773803,2089
27285,r6i1p1f1,2089,09,14,0.0,28.20895,10.590821,2089
27286,r6i1p1f1,2089,09,15,0.01277711603586966,29.057043,11.301215,2089
27287,r6i1p1f1,2089,09,16,12.923048639093755,26.038073,7.8032985,2089
27288,r6i1p1f1,2089,09,17,9.627464020138795,19.854233,5.07225,2089
27289,r6i1p1f1,2089,09,18,0.36034707868481264,22.930256,6.484946,2089
27290,r6i1p1f1,2089,09,19,0.0,24.777468,8.856042,2089
27291,r6i1p1f1,2089,09,20,2.936698776380617,22.114656,7.6530843,2089
27292,r6i1p1f1,2089,09,21,23.340752763984582,20.138699,3.322472,2089
27293,r6i1p1f1,2089,09,22,1.6789084127556917,22.62894,5.7042804,2089
27294,r6i1p1f1,2089,09,23,0.0,26.138262,9.174892,2089
27295,r6i1p1f1,2089,09,24,0.0,29.917608,12.06102,2089
27296,r6i1p1f1,2089,09,25,0.0,31.426126,14.311345,2089
27297,r6i1p1f1,2089,09,26,0.0,31.485939,13.996324,2089
27298,r6i1p1f1,2089,09,27,0.13021564704218813,28.259144,11.050198,2089
27299,r6i1p1f1,2089,09,28,0.01998819211196256,27.611357,10.588025,2089
27300,r6i1p1f1,2089,09,29,0.0,27.780611,10.626542,2089
27301,r6i1p1f1,2089,09,30,0.0,27.327148,10.295023,2089
27302,r6i1p1f1,2089,10,01,0.02411434279580166,26.224316,9.462848,2089
27303,r6i1p1f1,2089,10,02,0.030989135764651708,26.238089,8.602661,2089
27304,r6i1p1f1,2089,10,03,0.0,30.251238,11.397743,2089
27305,r6i1p1f1,2089,10,04,0.0,31.99802,12.626023,2089
27306,r6i1p1f1,2089,10,05,0.0,31.667027,13.739911,2089
27307,r6i1p1f1,2089,10,06,0.0,31.248226,12.084526,2089
27308,r6i1p1f1,2089,10,07,0.0,30.330235,11.379226,2089
27309,r6i1p1f1,2089,10,08,0.0,30.031792,8.986585,2089
27310,r6i1p1f1,2089,10,09,0.0,30.935324,10.38532,2089
27311,r6i1p1f1,2089,10,10,0.0,30.52163,10.869383,2089
27312,r6i1p1f1,2089,10,11,0.0,33.240536,12.42096,2089
27313,r6i1p1f1,2089,10,12,0.0,33.856228,13.843867,2089
27314,r6i1p1f1,2089,10,13,0.0,33.69794,13.000633,2089
27315,r6i1p1f1,2089,10,14,0.0,34.50264,13.031154,2089
27316,r6i1p1f1,2089,10,15,0.0,34.133183,12.757892,2089
27317,r6i1p1f1,2089,10,16,0.0,32.199627,12.269709,2089
27318,r6i1p1f1,2089,10,17,0.0,30.482584,10.478779,2089
27319,r6i1p1f1,2089,10,18,0.0,29.786085,10.008399,2089
27320,r6i1p1f1,2089,10,19,0.0,29.547073,10.526926,2089
27321,r6i1p1f1,2089,10,20,0.007287843836315139,28.306454,9.743926,2089
27322,r6i1p1f1,2089,10,21,0.00041709063886522944,26.273752,8.351056,2089
27323,r6i1p1f1,2089,10,22,0.0,24.1053,7.760368,2089
27324,r6i1p1f1,2089,10,23,0.05456376497749782,22.77192,7.003348,2089
27325,r6i1p1f1,2089,10,24,3.716548440522256,18.297033,6.5955324,2089
27326,r6i1p1f1,2089,10,25,0.05643458900511397,24.25303,6.31567,2089
27327,r6i1p1f1,2089,10,26,0.0,25.949238,7.884725,2089
27328,r6i1p1f1,2089,10,27,0.0,25.504284,7.6038404,2089
27329,r6i1p1f1,2089,10,28,0.0,26.28683,6.93267,2089
27330,r6i1p1f1,2089,10,29,0.0,27.035894,8.849624,2089
27331,r6i1p1f1,2089,10,30,0.0,25.932583,7.824391,2089
27332,r6i1p1f1,2089,10,31,0.0,25.260191,6.848908,2089
27333,r6i1p1f1,2089,11,01,0.0,24.462204,6.5027204,2089
27334,r6i1p1f1,2089,11,02,0.0,22.231714,2.7163367,2089
27335,r6i1p1f1,2089,11,03,0.0,16.814854,0.9277927,2089
27336,r6i1p1f1,2089,11,04,0.0,17.862677,0.030676544,2089
27337,r6i1p1f1,2089,11,05,0.0008379802655852746,18.781624,3.0202076,2089
27338,r6i1p1f1,2089,11,06,0.0,17.754486,1.611415,2089
27339,r6i1p1f1,2089,11,07,0.0,22.994175,3.2300842,2089
27340,r6i1p1f1,2089,11,08,0.0,22.519506,5.2235518,2089
27341,r6i1p1f1,2089,11,09,4.5182801055850765,17.959814,5.0057225,2089
27342,r6i1p1f1,2089,11,10,0.23516108472726394,10.903414,-0.24356523,2089
27343,r6i1p1f1,2089,11,11,0.58523951036765,8.87073,0.9771902,2089
27344,r6i1p1f1,2089,11,12,3.7089173601817653,7.8382444,0.07362647,2089
27345,r6i1p1f1,2089,11,13,0.12281115390600995,9.98784,-2.2389932,2089
27346,r6i1p1f1,2089,11,14,21.99817878087452,7.2832384,0.19511156,2089
27347,r6i1p1f1,2089,11,15,4.219411520397113,6.4046955,-2.6295962,2089
27348,r6i1p1f1,2089,11,16,0.0778099033519618,9.306222,-6.276185,2089
27349,r6i1p1f1,2089,11,17,0.0,11.747042,-5.3340073,2089
27350,r6i1p1f1,2089,11,18,0.0,12.326826,-3.508226,2089
27351,r6i1p1f1,2089,11,19,0.0,13.863965,-2.8507788,2089
27352,r6i1p1f1,2089,11,20,0.00920118631006772,14.3729,-1.8076341,2089
27353,r6i1p1f1,2089,11,21,10.390092615208106,8.741859,2.0325372,2089
27354,r6i1p1f1,2089,11,22,0.20759985713451953,13.236801,-0.6281101,2089
27355,r6i1p1f1,2089,11,23,0.0,14.821555,-1.6202135,2089
27356,r6i1p1f1,2089,11,24,0.0,15.020741,-1.3934345,2089
27357,r6i1p1f1,2089,11,25,0.0,17.138775,-1.8471429,2089
27358,r6i1p1f1,2089,11,26,15.21588166981708,15.681503,2.2185006,2089
27359,r6i1p1f1,2089,11,27,7.316399964066515,13.021778,5.7870913,2089
27360,r6i1p1f1,2089,11,28,0.0,16.259901,0.26407197,2089
27361,r6i1p1f1,2089,11,29,0.0,17.005486,0.03175805,2089
27362,r6i1p1f1,2089,11,30,9.246311576277478,12.721094,1.8011355,2089
27363,r6i1p1f1,2089,12,01,52.10928225085037,11.133915,5.715069,2089
27364,r6i1p1f1,2089,12,02,5.073278106825302,11.087439,0.3348884,2089
27365,r6i1p1f1,2089,12,03,32.35453034695297,7.312334,-1.7674596,2089
27366,r6i1p1f1,2089,12,04,12.26818396498526,8.54321,0.76346135,2089
27367,r6i1p1f1,2089,12,05,19.841798755442724,9.278016,3.3624978,2089
27368,r6i1p1f1,2089,12,06,0.12009467917550257,11.896694,2.4814587,2089
27369,r6i1p1f1,2089,12,07,10.104691427927259,9.932204,-3.0833132,2089
27370,r6i1p1f1,2089,12,08,19.61326502107185,4.039674,-2.7048776,2089
27371,r6i1p1f1,2089,12,09,0.02721400799234781,8.058026,-1.1473874,2089
27372,r6i1p1f1,2089,12,10,0.07523751251954465,8.943757,-2.0156376,2089
27373,r6i1p1f1,2089,12,11,0.08029000330488954,6.523348,-4.4161625,2089
27374,r6i1p1f1,2089,12,12,4.2018371756385235,5.220841,0.04833919,2089
27375,r6i1p1f1,2089,12,13,0.0,7.6465054,2.0778964,2089
27376,r6i1p1f1,2089,12,14,0.0,10.112469,-1.4501358,2089
27377,r6i1p1f1,2089,12,15,0.0,13.408615,-2.4313734,2089
27378,r6i1p1f1,2089,12,16,0.0,15.287295,0.26858023,2089
27379,r6i1p1f1,2089,12,17,0.0,15.049754,0.7878478,2089
27380,r6i1p1f1,2089,12,18,4.977339183304436,9.02217,-2.3181129,2089
27381,r6i1p1f1,2089,12,19,4.528542899228772,11.2223215,-1.252401,2089
27382,r6i1p1f1,2089,12,20,0.03732995366306204,15.892078,3.9257236,2089
27383,r6i1p1f1,2089,12,21,0.1422715249802514,13.019013,6.524069,2089
27384,r6i1p1f1,2089,12,22,0.0,10.868283,-4.2734957,2089
27385,r6i1p1f1,2089,12,23,0.0,3.3544426,-10.808392,2089
27386,r6i1p1f1,2089,12,24,0.0,2.287945,-10.273482,2089
27387,r6i1p1f1,2089,12,25,0.0,2.3885112,-11.518779,2089
27388,r6i1p1f1,2089,12,26,0.0,6.248017,-8.966398,2089
27389,r6i1p1f1,2089,12,27,0.0,11.018836,-4.101224,2089
27390,r6i1p1f1,2089,12,28,0.0,10.2086115,-5.047687,2089
27391,r6i1p1f1,2089,12,29,0.05962421363158487,1.8178172,-9.499689,2089
27392,r6i1p1f1,2089,12,30,0.02920524755099788,6.575741,-7.098421,2089
27393,r6i1p1f1,2089,12,31,0.0,6.5925674,-5.7955604,2089
27394,r6i1p1f1,2090,01,01,1.519254949103139e-05,5.1883717,-3.9224973,2090
27395,r6i1p1f1,2090,01,02,51.09260159270626,7.340697,-5.8270664,2090
27396,r6i1p1f1,2090,01,03,22.990172074497057,0.9374922,-7.570158,2090
27397,r6i1p1f1,2090,01,04,27.180423691245576,6.730342,-2.7338912,2090
27398,r6i1p1f1,2090,01,05,39.91142149028064,10.157976,-2.8988256,2090
27399,r6i1p1f1,2090,01,06,14.078387103902394,10.19308,-2.779338,2090
27400,r6i1p1f1,2090,01,07,31.935151000632864,8.60738,-3.829556,2090
27401,r6i1p1f1,2090,01,08,9.49852675965168,8.33293,0.2561494,2090
27402,r6i1p1f1,2090,01,09,58.066237314899396,5.8354907,-1.7981219,2090
27403,r6i1p1f1,2090,01,10,5.701071550310102,2.421853,-7.448772,2090
27404,r6i1p1f1,2090,01,11,0.36083823020425565,4.0392957,-5.4325447,2090
27405,r6i1p1f1,2090,01,12,0.0019061797243612158,5.2961965,-3.7057953,2090
27406,r6i1p1f1,2090,01,13,2.997902144257767,1.157894,-5.8559813,2090
27407,r6i1p1f1,2090,01,14,3.5874029197479453,2.5692863,-5.016765,2090
27408,r6i1p1f1,2090,01,15,6.802569576193501,4.167023,-3.1420932,2090
27409,r6i1p1f1,2090,01,16,22.270406819405885,3.4475093,-2.544362,2090
27410,r6i1p1f1,2090,01,17,7.771516811878959,1.0019634,-4.0810213,2090
27411,r6i1p1f1,2090,01,18,0.0,4.38777,-6.926228,2090
27412,r6i1p1f1,2090,01,19,10.36855000301865,5.95771,-6.3723416,2090
27413,r6i1p1f1,2090,01,20,25.82942181856263,6.7079644,-0.33513036,2090
27414,r6i1p1f1,2090,01,21,34.33414898532279,4.3032565,-4.6368713,2090
27415,r6i1p1f1,2090,01,22,0.8413100772929197,2.675736,-10.030098,2090
27416,r6i1p1f1,2090,01,23,0.2967892476946176,3.6225784,-6.6514053,2090
27417,r6i1p1f1,2090,01,24,0.02776406847702039,2.8441546,-2.3086019,2090
27418,r6i1p1f1,2090,01,25,6.280552479783032,0.84946686,-10.222364,2090
27419,r6i1p1f1,2090,01,26,1.2461782927522302,1.9663373,-13.4465275,2090
27420,r6i1p1f1,2090,01,27,0.018583757968297223,4.1389074,-7.934877,2090
27421,r6i1p1f1,2090,01,28,0.005340635891504016,5.226481,-5.980051,2090
27422,r6i1p1f1,2090,01,29,5.357896271833643,1.737207,-6.3794303,2090
27423,r6i1p1f1,2090,01,30,2.4539536408024736,2.1430714,-12.439595,2090
27424,r6i1p1f1,2090,01,31,5.038481889052592,3.0618572,-4.1406555,2090
27425,r6i1p1f1,2090,02,01,0.5262834682026395,5.035704,-1.7900527,2090
27426,r6i1p1f1,2090,02,02,0.0,7.608311,-5.0769644,2090
27427,r6i1p1f1,2090,02,03,0.0,5.290459,-6.3880944,2090
27428,r6i1p1f1,2090,02,04,0.0,8.691142,-2.830963,2090
27429,r6i1p1f1,2090,02,05,0.0,10.986188,-1.523689,2090
27430,r6i1p1f1,2090,02,06,0.0,16.761015,2.420164,2090
27431,r6i1p1f1,2090,02,07,0.0,18.265043,3.1219056,2090
27432,r6i1p1f1,2090,02,08,0.0,16.862215,4.896022,2090
27433,r6i1p1f1,2090,02,09,0.0,17.654665,3.0390844,2090
27434,r6i1p1f1,2090,02,10,0.762961759339575,15.257993,2.396826,2090
27435,r6i1p1f1,2090,02,11,9.362142454788817,11.98069,5.4945383,2090
27436,r6i1p1f1,2090,02,12,7.952959000486611,9.21418,-3.6778445,2090
27437,r6i1p1f1,2090,02,13,1.0015625924752327,4.136895,-3.7389264,2090
27438,r6i1p1f1,2090,02,14,0.004106068744496873,6.47804,-7.33523,2090
27439,r6i1p1f1,2090,02,15,8.055345388132075,4.8106465,-4.489539,2090
27440,r6i1p1f1,2090,02,16,9.679633262928103,9.400525,-2.001085,2090
27441,r6i1p1f1,2090,02,17,0.05200242350035341,6.3421435,-1.5507014,2090
27442,r6i1p1f1,2090,02,18,4.851925410401638,10.841095,-2.1072738,2090
27443,r6i1p1f1,2090,02,19,2.1497517570220275,14.503076,0.65657485,2090
27444,r6i1p1f1,2090,02,20,34.190066573623206,13.11878,3.7100132,2090
27445,r6i1p1f1,2090,02,21,7.9070953584694665,10.892435,-2.5650055,2090
27446,r6i1p1f1,2090,02,22,6.433630118222199,3.346038,-4.197729,2090
27447,r6i1p1f1,2090,02,23,1.6726472157567656,2.6222513,-4.0495114,2090
27448,r6i1p1f1,2090,02,24,0.0002986125302398156,3.1366775,-6.054157,2090
27449,r6i1p1f1,2090,02,25,4.835040356020541,2.1573272,-5.819633,2090
27450,r6i1p1f1,2090,02,26,0.1932980758866841,5.899175,-3.0308836,2090
27451,r6i1p1f1,2090,02,27,0.3245421512689279,5.828417,-2.4855964,2090
27452,r6i1p1f1,2090,02,28,3.38055824561574,8.689964,0.86553097,2090
27453,r6i1p1f1,2090,03,01,0.16641735977480845,16.593113,3.1556764,2090
27454,r6i1p1f1,2090,03,02,20.19073689276228,13.53063,0.8505329,2090
27455,r6i1p1f1,2090,03,03,23.93941302666003,8.599186,-4.9218974,2090
27456,r6i1p1f1,2090,03,04,3.459518531741451,3.4085872,-2.8473148,2090
27457,r6i1p1f1,2090,03,05,0.0,5.842374,-3.399444,2090
27458,r6i1p1f1,2090,03,06,0.0,7.184261,-3.2543736,2090
27459,r6i1p1f1,2090,03,07,0.012562063021976341,8.287206,-1.5622625,2090
27460,r6i1p1f1,2090,03,08,11.460576350443157,3.3195684,-4.2212634,2090
27461,r6i1p1f1,2090,03,09,0.16666867665591265,2.615603,-6.8791113,2090
27462,r6i1p1f1,2090,03,10,0.06125920343384264,3.7453012,-6.0006776,2090
27463,r6i1p1f1,2090,03,11,8.276255494081002e-06,5.45232,-5.8045816,2090
27464,r6i1p1f1,2090,03,12,0.010033635701834838,9.663937,0.61928123,2090
27465,r6i1p1f1,2090,03,13,0.24193197622719187,7.5320225,-1.9737513,2090
27466,r6i1p1f1,2090,03,14,0.0,12.514068,-6.180859,2090
27467,r6i1p1f1,2090,03,15,4.563727992461681,8.079405,-5.286381,2090
27468,r6i1p1f1,2090,03,16,0.0090560320566832,5.98433,-6.8440523,2090
27469,r6i1p1f1,2090,03,17,0.5762986449659834,7.2061973,-2.6808224,2090
27470,r6i1p1f1,2090,03,18,0.566030055151223,6.8235073,-0.91061985,2090
27471,r6i1p1f1,2090,03,19,4.712979914799404,9.37668,1.31106,2090
27472,r6i1p1f1,2090,03,20,4.997717014417865,9.3082,-1.7398223,2090
27473,r6i1p1f1,2090,03,21,8.68366483162289,2.5140994,-3.9446056,2090
27474,r6i1p1f1,2090,03,22,1.2691378565065283,3.1580567,-8.692503,2090
27475,r6i1p1f1,2090,03,23,0.0,5.371832,-5.058146,2090
27476,r6i1p1f1,2090,03,24,0.04737709538713954,13.08281,-2.0122638,2090
27477,r6i1p1f1,2090,03,25,0.0,18.958448,0.406017,2090
27478,r6i1p1f1,2090,03,26,0.11568851127190974,14.982326,1.0253601,2090
27479,r6i1p1f1,2090,03,27,0.17094387142458242,15.657274,1.4897797,2090
27480,r6i1p1f1,2090,03,28,0.0,17.638706,0.46745518,2090
27481,r6i1p1f1,2090,03,29,0.0,16.884747,0.14357488,2090
27482,r6i1p1f1,2090,03,30,0.0,20.954887,1.390303,2090
27483,r6i1p1f1,2090,03,31,0.0,23.326546,4.592533,2090
27484,r6i1p1f1,2090,04,01,0.0,23.03532,4.4064765,2090
27485,r6i1p1f1,2090,04,02,0.43205204525606133,20.151026,0.6377873,2090
27486,r6i1p1f1,2090,04,03,0.0,21.803843,3.8345156,2090
27487,r6i1p1f1,2090,04,04,0.0,21.60967,4.6103296,2090
27488,r6i1p1f1,2090,04,05,0.0,23.740671,3.47177,2090
27489,r6i1p1f1,2090,04,06,0.0,19.607004,2.224486,2090
27490,r6i1p1f1,2090,04,07,0.08858712895143427,12.394571,1.9159842,2090
27491,r6i1p1f1,2090,04,08,0.0024424423451198415,17.069197,0.9221741,2090
27492,r6i1p1f1,2090,04,09,0.0,22.438442,3.9098952,2090
27493,r6i1p1f1,2090,04,10,0.0,25.884813,6.670541,2090
27494,r6i1p1f1,2090,04,11,0.0,26.782654,8.801566,2090
27495,r6i1p1f1,2090,04,12,0.0,28.63091,9.48535,2090
27496,r6i1p1f1,2090,04,13,0.0,28.29172,9.232963,2090
27497,r6i1p1f1,2090,04,14,0.008331914720118528,23.151196,4.7866125,2090
27498,r6i1p1f1,2090,04,15,1.3607385278206767,10.974653,-3.1758814,2090
27499,r6i1p1f1,2090,04,16,0.0,9.566836,-1.8755798,2090
27500,r6i1p1f1,2090,04,17,0.007586280373861528,11.052965,-3.8766294,2090
27501,r6i1p1f1,2090,04,18,0.0003917909264745266,14.925706,0.49404708,2090
27502,r6i1p1f1,2090,04,19,0.0004797879241746395,16.98998,1.0533034,2090
27503,r6i1p1f1,2090,04,20,0.42176956196902887,16.511171,-0.88389516,2090
27504,r6i1p1f1,2090,04,21,1.922295588129884,14.441774,-5.1598787,2090
27505,r6i1p1f1,2090,04,22,0.0,18.341719,2.204897,2090
27506,r6i1p1f1,2090,04,23,0.0,18.09689,4.002596,2090
27507,r6i1p1f1,2090,04,24,2.34052415440433,11.668778,1.4590539,2090
27508,r6i1p1f1,2090,04,25,1.8601053967497918,14.152291,4.0307417,2090
27509,r6i1p1f1,2090,04,26,0.2558120974270604,18.994633,-0.32417223,2090
27510,r6i1p1f1,2090,04,27,0.0,20.886278,3.0900123,2090
27511,r6i1p1f1,2090,04,28,0.0,25.273739,6.1781054,2090
27512,r6i1p1f1,2090,04,29,0.0,28.221102,9.80151,2090
27513,r6i1p1f1,2090,04,30,0.0,29.058243,11.696987,2090
27514,r6i1p1f1,2090,05,01,2.3480782739514208,25.447742,6.7800603,2090
27515,r6i1p1f1,2090,05,02,1.192886133349735,15.300603,0.6221474,2090
27516,r6i1p1f1,2090,05,03,0.0,20.761671,1.9864618,2090
27517,r6i1p1f1,2090,05,04,0.0,28.878338,7.8106856,2090
27518,r6i1p1f1,2090,05,05,0.0,31.541069,11.132451,2090
27519,r6i1p1f1,2090,05,06,0.0,31.248838,10.629823,2090
27520,r6i1p1f1,2090,05,07,0.7119262915052813,18.267548,-0.5180265,2090
27521,r6i1p1f1,2090,05,08,0.029165645504960747,19.070427,0.13674065,2090
27522,r6i1p1f1,2090,05,09,0.0,25.04859,2.9228542,2090
27523,r6i1p1f1,2090,05,10,0.00876519688889984,24.55644,4.7922974,2090
27524,r6i1p1f1,2090,05,11,0.023973168034588953,17.882166,-0.22590497,2090
27525,r6i1p1f1,2090,05,12,0.0,20.304392,0.8130517,2090
27526,r6i1p1f1,2090,05,13,0.0,26.305233,5.2666335,2090
27527,r6i1p1f1,2090,05,14,0.0,25.84945,6.3744946,2090
27528,r6i1p1f1,2090,05,15,0.010896850421062542,20.209126,2.5193017,2090
27529,r6i1p1f1,2090,05,16,0.0,20.863554,2.4394658,2090
27530,r6i1p1f1,2090,05,17,0.00520729576050837,25.226995,4.3797398,2090
27531,r6i1p1f1,2090,05,18,0.0,28.075434,7.274303,2090
27532,r6i1p1f1,2090,05,19,0.0,29.662743,8.925284,2090
27533,r6i1p1f1,2090,05,20,0.0,27.163366,8.17747,2090
27534,r6i1p1f1,2090,05,21,0.0008824252819528934,23.845045,4.218377,2090
27535,r6i1p1f1,2090,05,22,3.021662555412022,16.153093,1.3914878,2090
27536,r6i1p1f1,2090,05,23,0.44965578763177794,25.184135,6.629328,2090
27537,r6i1p1f1,2090,05,24,0.0001931431313642146,29.050613,9.947234,2090
27538,r6i1p1f1,2090,05,25,0.3166257735722004,27.258299,8.11037,2090
27539,r6i1p1f1,2090,05,26,0.06303868547057619,28.579536,9.632018,2090
27540,r6i1p1f1,2090,05,27,0.02488855998556193,30.05764,10.559832,2090
27541,r6i1p1f1,2090,05,28,0.0,30.35761,9.502033,2090
27542,r6i1p1f1,2090,05,29,0.0,31.740093,11.9587965,2090
27543,r6i1p1f1,2090,05,30,0.0,32.86047,11.811185,2090
27544,r6i1p1f1,2090,05,31,0.0,34.682045,12.9801855,2090
27545,r6i1p1f1,2090,06,01,0.0,35.993153,19.671171,2090
27546,r6i1p1f1,2090,06,02,0.0,34.68396,16.580704,2090
27547,r6i1p1f1,2090,06,03,0.0,33.621822,13.518222,2090
27548,r6i1p1f1,2090,06,04,0.0,34.053238,13.787177,2090
27549,r6i1p1f1,2090,06,05,0.0,34.46788,14.194696,2090
27550,r6i1p1f1,2090,06,06,0.0,32.759315,12.080515,2090
27551,r6i1p1f1,2090,06,07,0.058137027762187765,27.397924,6.9565897,2090
27552,r6i1p1f1,2090,06,08,0.006741105082565804,25.139431,5.925488,2090
27553,r6i1p1f1,2090,06,09,0.0009266548428658589,26.726307,7.591249,2090
27554,r6i1p1f1,2090,06,10,0.0,28.715374,7.8537407,2090
27555,r6i1p1f1,2090,06,11,0.0,28.589085,8.2124605,2090
27556,r6i1p1f1,2090,06,12,0.0,28.005789,8.802739,2090
27557,r6i1p1f1,2090,06,13,0.0,28.002274,8.601664,2090
27558,r6i1p1f1,2090,06,14,0.0,29.688414,10.105494,2090
27559,r6i1p1f1,2090,06,15,0.0,33.093296,13.700419,2090
27560,r6i1p1f1,2090,06,16,0.0,33.51572,12.461063,2090
27561,r6i1p1f1,2090,06,17,0.16836905989235065,32.34178,12.432936,2090
27562,r6i1p1f1,2090,06,18,0.6025470620782528,31.93999,11.233371,2090
27563,r6i1p1f1,2090,06,19,0.7722521804962521,33.92403,13.093057,2090
27564,r6i1p1f1,2090,06,20,0.0,34.52807,14.414495,2090
27565,r6i1p1f1,2090,06,21,0.0,36.045036,15.163027,2090
27566,r6i1p1f1,2090,06,22,0.0,37.649258,16.874088,2090
27567,r6i1p1f1,2090,06,23,0.0,39.049244,19.925491,2090
27568,r6i1p1f1,2090,06,24,0.0,38.007187,16.22855,2090
27569,r6i1p1f1,2090,06,25,0.22827826134145224,36.845943,15.981131,2090
27570,r6i1p1f1,2090,06,26,0.0,34.786476,13.904485,2090
27571,r6i1p1f1,2090,06,27,0.0,35.280594,14.172624,2090
27572,r6i1p1f1,2090,06,28,0.0,36.719276,15.384278,2090
27573,r6i1p1f1,2090,06,29,0.0,37.888657,17.434769,2090
27574,r6i1p1f1,2090,06,30,0.0,37.25908,16.143976,2090
27575,r6i1p1f1,2090,07,01,0.06925225947467877,34.90285,13.851101,2090
27576,r6i1p1f1,2090,07,02,0.0,34.811474,14.290835,2090
27577,r6i1p1f1,2090,07,03,0.0,35.63019,13.996808,2090
27578,r6i1p1f1,2090,07,04,0.0,36.449368,15.939492,2090
27579,r6i1p1f1,2090,07,05,0.2641576041944349,36.751945,15.314494,2090
27580,r6i1p1f1,2090,07,06,0.0005976496597095918,37.320583,15.877623,2090
27581,r6i1p1f1,2090,07,07,0.0,37.33359,15.558513,2090
27582,r6i1p1f1,2090,07,08,0.0,36.913883,14.753212,2090
27583,r6i1p1f1,2090,07,09,0.0,35.57512,13.595487,2090
27584,r6i1p1f1,2090,07,10,0.0,37.185028,15.866102,2090
27585,r6i1p1f1,2090,07,11,0.0,39.245987,17.6341,2090
27586,r6i1p1f1,2090,07,12,0.12402679068475579,39.35702,18.845697,2090
27587,r6i1p1f1,2090,07,13,0.0,37.942856,16.888767,2090
27588,r6i1p1f1,2090,07,14,0.002221834313167724,37.606037,16.600283,2090
27589,r6i1p1f1,2090,07,15,0.0006661209569578067,39.149296,18.101383,2090
27590,r6i1p1f1,2090,07,16,0.0,41.500034,19.874825,2090
27591,r6i1p1f1,2090,07,17,0.0004415790622462561,42.20625,20.169136,2090
27592,r6i1p1f1,2090,07,18,0.0,39.969887,18.224174,2090
27593,r6i1p1f1,2090,07,19,0.0,39.792797,18.395649,2090
27594,r6i1p1f1,2090,07,20,3.7975384031604835,39.534332,19.10741,2090
27595,r6i1p1f1,2090,07,21,0.2529000758745232,38.228016,17.5743,2090
27596,r6i1p1f1,2090,07,22,0.3803936893068516,37.92957,17.151722,2090
27597,r6i1p1f1,2090,07,23,0.006914996198079345,37.098988,16.469297,2090
27598,r6i1p1f1,2090,07,24,0.0,36.92616,17.462156,2090
27599,r6i1p1f1,2090,07,25,0.0,37.29112,16.221392,2090
27600,r6i1p1f1,2090,07,26,0.0,37.29788,15.319473,2090
27601,r6i1p1f1,2090,07,27,0.0,37.366745,15.806614,2090
27602,r6i1p1f1,2090,07,28,0.0,38.1074,16.51831,2090
27603,r6i1p1f1,2090,07,29,0.0,37.914684,16.602112,2090
27604,r6i1p1f1,2090,07,30,0.0,37.15812,15.187268,2090
27605,r6i1p1f1,2090,07,31,0.23457560449982245,35.8622,14.919081,2090
27606,r6i1p1f1,2090,08,01,0.0,35.587696,15.031039,2090
27607,r6i1p1f1,2090,08,02,0.0,36.818665,15.978955,2090
27608,r6i1p1f1,2090,08,03,0.0,36.507324,14.681963,2090
27609,r6i1p1f1,2090,08,04,0.0,35.361027,14.277723,2090
27610,r6i1p1f1,2090,08,05,0.0,36.74401,15.1196375,2090
27611,r6i1p1f1,2090,08,06,0.0,38.027515,16.760967,2090
27612,r6i1p1f1,2090,08,07,0.0,39.895126,17.426638,2090
27613,r6i1p1f1,2090,08,08,0.0,44.134438,22.740267,2090
27614,r6i1p1f1,2090,08,09,0.0033795221765553765,43.712067,21.84467,2090
27615,r6i1p1f1,2090,08,10,0.00016380572127962792,43.160107,20.577675,2090
27616,r6i1p1f1,2090,08,11,0.0,39.60317,18.196636,2090
27617,r6i1p1f1,2090,08,12,0.13227001969520358,37.044815,16.11322,2090
27618,r6i1p1f1,2090,08,13,0.0,36.481606,15.83472,2090
27619,r6i1p1f1,2090,08,14,0.0,36.535034,15.846046,2090
27620,r6i1p1f1,2090,08,15,0.0,36.275555,14.874288,2090
27621,r6i1p1f1,2090,08,16,0.0,35.941383,15.117584,2090
27622,r6i1p1f1,2090,08,17,0.0,35.39605,14.546415,2090
27623,r6i1p1f1,2090,08,18,0.0,36.251705,15.692734,2090
27624,r6i1p1f1,2090,08,19,0.0,36.36175,15.083924,2090
27625,r6i1p1f1,2090,08,20,0.0,34.97988,14.149886,2090
27626,r6i1p1f1,2090,08,21,0.0,32.863495,12.241749,2090
27627,r6i1p1f1,2090,08,22,0.0,31.180355,10.973868,2090
27628,r6i1p1f1,2090,08,23,0.0,30.168999,9.36565,2090
27629,r6i1p1f1,2090,08,24,0.0,30.897385,10.405246,2090
27630,r6i1p1f1,2090,08,25,0.0,33.202557,12.194978,2090
27631,r6i1p1f1,2090,08,26,0.0,34.99144,13.946609,2090
27632,r6i1p1f1,2090,08,27,0.0,36.0244,15.517402,2090
27633,r6i1p1f1,2090,08,28,0.0,35.99493,14.745896,2090
27634,r6i1p1f1,2090,08,29,0.0,35.30683,14.285388,2090
27635,r6i1p1f1,2090,08,30,0.0,35.237698,14.307775,2090
27636,r6i1p1f1,2090,08,31,0.0,35.233463,13.899154,2090
27637,r6i1p1f1,2090,09,01,0.0,33.49778,14.184794,2090
27638,r6i1p1f1,2090,09,02,0.0,33.45816,13.856218,2090
27639,r6i1p1f1,2090,09,03,0.0,34.73454,14.652182,2090
27640,r6i1p1f1,2090,09,04,0.0,35.023987,14.681965,2090
27641,r6i1p1f1,2090,09,05,0.00010157683108874035,34.757442,14.561897,2090
27642,r6i1p1f1,2090,09,06,0.0,33.32366,13.344729,2090
27643,r6i1p1f1,2090,09,07,0.023642945601612345,32.886696,11.932924,2090
27644,r6i1p1f1,2090,09,08,0.017654637845690033,33.21011,12.05973,2090
27645,r6i1p1f1,2090,09,09,0.0,32.51352,11.296652,2090
27646,r6i1p1f1,2090,09,10,0.0,33.37585,12.399043,2090
27647,r6i1p1f1,2090,09,11,0.0,34.180656,13.194136,2090
27648,r6i1p1f1,2090,09,12,0.0,34.514233,14.087359,2090
27649,r6i1p1f1,2090,09,13,0.0,34.905636,14.346963,2090
27650,r6i1p1f1,2090,09,14,0.0,34.389004,13.883543,2090
27651,r6i1p1f1,2090,09,15,2.8741260223736625e-06,34.019127,13.802156,2090
27652,r6i1p1f1,2090,09,16,3.385984973963248e-06,33.663773,13.660463,2090
27653,r6i1p1f1,2090,09,17,0.0,32.77813,13.420376,2090
27654,r6i1p1f1,2090,09,18,2.9041045305583506e-06,33.073383,12.192146,2090
27655,r6i1p1f1,2090,09,19,0.0,33.58107,13.656581,2090
27656,r6i1p1f1,2090,09,20,0.0,33.686665,13.292425,2090
27657,r6i1p1f1,2090,09,21,0.0,32.97861,13.272768,2090
27658,r6i1p1f1,2090,09,22,0.0,32.92985,13.110674,2090
27659,r6i1p1f1,2090,09,23,0.0,30.9286,11.417239,2090
27660,r6i1p1f1,2090,09,24,0.0,29.244566,9.502539,2090
27661,r6i1p1f1,2090,09,25,0.0,32.650845,11.183395,2090
27662,r6i1p1f1,2090,09,26,0.0,34.796688,14.0493555,2090
27663,r6i1p1f1,2090,09,27,0.0,35.5364,13.781814,2090
27664,r6i1p1f1,2090,09,28,0.02015544967479556,33.337215,11.727487,2090
27665,r6i1p1f1,2090,09,29,0.0,31.241001,11.026652,2090
27666,r6i1p1f1,2090,09,30,0.0,32.34011,12.481542,2090
27667,r6i1p1f1,2090,10,01,0.0,33.527325,14.660141,2090
27668,r6i1p1f1,2090,10,02,0.052970379878153215,34.354103,15.416134,2090
27669,r6i1p1f1,2090,10,03,0.00013803851412640827,34.6115,17.429708,2090
27670,r6i1p1f1,2090,10,04,4.257464871661533,30.36176,13.537689,2090
27671,r6i1p1f1,2090,10,05,10.163274407090453,19.331305,8.2315235,2090
27672,r6i1p1f1,2090,10,06,9.660097214456261,17.771473,7.4629645,2090
27673,r6i1p1f1,2090,10,07,34.92605935051666,16.90265,8.659439,2090
27674,r6i1p1f1,2090,10,08,2.431032187554741,19.89688,3.819837,2090
27675,r6i1p1f1,2090,10,09,0.0,24.701742,7.3380623,2090
27676,r6i1p1f1,2090,10,10,0.0,26.970621,10.5993595,2090
27677,r6i1p1f1,2090,10,11,0.0,32.19919,12.610927,2090
27678,r6i1p1f1,2090,10,12,0.0,31.835129,13.0078945,2090
27679,r6i1p1f1,2090,10,13,0.0113785628286374,30.96317,13.374355,2090
27680,r6i1p1f1,2090,10,14,0.6140203621087709,26.569008,8.501836,2090
27681,r6i1p1f1,2090,10,15,0.5637657882985815,19.964615,4.5382113,2090
27682,r6i1p1f1,2090,10,16,0.29247989517206324,20.852402,7.1731987,2090
27683,r6i1p1f1,2090,10,17,20.557214077231077,20.120861,5.26185,2090
27684,r6i1p1f1,2090,10,18,5.969594599308618,16.440174,5.9321156,2090
27685,r6i1p1f1,2090,10,19,0.058734823988305325,16.070368,2.7774158,2090
27686,r6i1p1f1,2090,10,20,0.0,18.728764,2.682461,2090
27687,r6i1p1f1,2090,10,21,0.0,19.559454,4.422553,2090
27688,r6i1p1f1,2090,10,22,0.0017045283193039323,19.269156,4.034948,2090
27689,r6i1p1f1,2090,10,23,2.149028342278141,14.566717,7.767596,2090
27690,r6i1p1f1,2090,10,24,0.0,16.903883,4.6432524,2090
27691,r6i1p1f1,2090,10,25,0.0,19.728788,2.735421,2090
27692,r6i1p1f1,2090,10,26,0.0,22.077047,4.212332,2090
27693,r6i1p1f1,2090,10,27,0.0,21.086193,7.07922,2090
27694,r6i1p1f1,2090,10,28,0.0,24.180744,7.514362,2090
27695,r6i1p1f1,2090,10,29,0.0,23.897547,6.6219764,2090
27696,r6i1p1f1,2090,10,30,0.5250255214771086,18.770319,5.828239,2090
27697,r6i1p1f1,2090,10,31,0.0,17.085625,5.451281,2090
27698,r6i1p1f1,2090,11,01,0.0,17.545744,3.418677,2090
27699,r6i1p1f1,2090,11,02,0.0,18.656626,4.5066915,2090
27700,r6i1p1f1,2090,11,03,0.0,21.954428,5.266314,2090
27701,r6i1p1f1,2090,11,04,0.0,22.148993,6.861927,2090
27702,r6i1p1f1,2090,11,05,0.0,22.45767,5.9486127,2090
27703,r6i1p1f1,2090,11,06,0.0,20.672972,5.231427,2090
27704,r6i1p1f1,2090,11,07,0.0,19.410814,4.2464695,2090
27705,r6i1p1f1,2090,11,08,4.0914696331099,15.621985,6.1235175,2090
27706,r6i1p1f1,2090,11,09,0.4927136947829243,16.2327,8.489596,2090
27707,r6i1p1f1,2090,11,10,0.0,23.54471,6.8377285,2090
27708,r6i1p1f1,2090,11,11,0.0,24.770391,7.0943503,2090
27709,r6i1p1f1,2090,11,12,0.0,23.756556,7.075794,2090
27710,r6i1p1f1,2090,11,13,0.0,22.616394,7.706546,2090
27711,r6i1p1f1,2090,11,14,0.0,21.105003,6.1237454,2090
27712,r6i1p1f1,2090,11,15,0.0,19.376543,7.82617,2090
27713,r6i1p1f1,2090,11,16,0.0,19.675323,7.6370707,2090
27714,r6i1p1f1,2090,11,17,0.11165097823358353,18.660315,7.187311,2090
27715,r6i1p1f1,2090,11,18,0.0031681470933207522,19.4969,6.6967287,2090
27716,r6i1p1f1,2090,11,19,0.01904935647606828,22.43499,4.8015037,2090
27717,r6i1p1f1,2090,11,20,0.022377921101397448,21.60908,5.4047937,2090
27718,r6i1p1f1,2090,11,21,0.009299041778164036,17.658104,5.6595993,2090
27719,r6i1p1f1,2090,11,22,0.0,16.222187,0.8052473,2090
27720,r6i1p1f1,2090,11,23,0.0,16.432343,1.2055758,2090
27721,r6i1p1f1,2090,11,24,0.0,15.593114,-0.11121154,2090
27722,r6i1p1f1,2090,11,25,0.0,13.577453,-3.3209357,2090
27723,r6i1p1f1,2090,11,26,0.0,14.999625,-3.153123,2090
27724,r6i1p1f1,2090,11,27,0.0,14.57167,-3.9763114,2090
27725,r6i1p1f1,2090,11,28,0.0,12.246726,-4.6454496,2090
27726,r6i1p1f1,2090,11,29,0.11453460351646269,10.593643,-4.976255,2090
27727,r6i1p1f1,2090,11,30,0.09333215422446214,7.78875,-4.391772,2090
27728,r6i1p1f1,2090,12,01,0.0,7.504151,1.0959158,2090
27729,r6i1p1f1,2090,12,02,0.04728816503525489,9.772304,-2.8490474,2090
27730,r6i1p1f1,2090,12,03,13.673109782156027,10.063776,1.0561836,2090
27731,r6i1p1f1,2090,12,04,4.059114410458466,9.576247,3.5384545,2090
27732,r6i1p1f1,2090,12,05,0.0,12.208217,-0.30994684,2090
27733,r6i1p1f1,2090,12,06,0.0,13.324733,-0.4547384,2090
27734,r6i1p1f1,2090,12,07,0.0,14.449081,0.013102823,2090
27735,r6i1p1f1,2090,12,08,0.0,14.139624,0.37261817,2090
27736,r6i1p1f1,2090,12,09,0.0,13.338907,-0.0407563,2090
27737,r6i1p1f1,2090,12,10,0.00013804829467007346,12.107469,2.80013,2090
27738,r6i1p1f1,2090,12,11,6.987011704687049,9.320453,2.924885,2090
27739,r6i1p1f1,2090,12,12,3.7061403994245485,9.947804,4.0285115,2090
27740,r6i1p1f1,2090,12,13,0.0,13.518107,5.1165533,2090
27741,r6i1p1f1,2090,12,14,0.0,13.277114,-1.1289859,2090
27742,r6i1p1f1,2090,12,15,0.0,16.781178,2.3549025,2090
27743,r6i1p1f1,2090,12,16,0.0,17.34975,2.7442482,2090
27744,r6i1p1f1,2090,12,17,0.2582060307263149,9.947917,-3.1308544,2090
27745,r6i1p1f1,2090,12,18,0.0,9.547517,-2.868846,2090
27746,r6i1p1f1,2090,12,19,0.0,13.155335,-2.373593,2090
27747,r6i1p1f1,2090,12,20,0.0,13.200089,-0.39287406,2090
27748,r6i1p1f1,2090,12,21,0.0,14.069117,-0.21542148,2090
27749,r6i1p1f1,2090,12,22,0.0,16.007528,1.8422395,2090
27750,r6i1p1f1,2090,12,23,0.0,17.135296,2.6820369,2090
27751,r6i1p1f1,2090,12,24,0.0,19.971106,6.0319724,2090
27752,r6i1p1f1,2090,12,25,0.0,20.734377,7.719258,2090
27753,r6i1p1f1,2090,12,26,0.0,20.532162,7.9681563,2090
27754,r6i1p1f1,2090,12,27,0.0,20.179716,6.9298472,2090
27755,r6i1p1f1,2090,12,28,0.0,18.303091,4.1809025,2090
27756,r6i1p1f1,2090,12,29,0.0,15.758293,2.478812,2090
27757,r6i1p1f1,2090,12,30,0.0,14.8137045,1.3320626,2090
27758,r6i1p1f1,2090,12,31,0.0,13.048712,-0.32451424,2090
27759,r6i1p1f1,2091,01,01,0.0026207731029726585,15.907356,3.2578793,2091
27760,r6i1p1f1,2091,01,02,0.0418936902590606,15.490049,6.3996825,2091
27761,r6i1p1f1,2091,01,03,0.0,18.176426,5.244799,2091
27762,r6i1p1f1,2091,01,04,0.0,17.479635,4.30969,2091
27763,r6i1p1f1,2091,01,05,0.0,16.772417,3.8357527,2091
27764,r6i1p1f1,2091,01,06,0.0,15.668544,3.9942846,2091
27765,r6i1p1f1,2091,01,07,0.0,13.384277,2.1970863,2091
27766,r6i1p1f1,2091,01,08,0.0,12.429681,3.3476431,2091
27767,r6i1p1f1,2091,01,09,0.8246527754520985,12.534982,5.6811333,2091
27768,r6i1p1f1,2091,01,10,0.11647064033088259,11.651739,4.8780146,2091
27769,r6i1p1f1,2091,01,11,19.724481439596445,10.93236,2.3826869,2091
27770,r6i1p1f1,2091,01,12,0.9143590645332815,9.655353,-3.082545,2091
27771,r6i1p1f1,2091,01,13,6.109831317038593,6.9743257,0.37625527,2091
27772,r6i1p1f1,2091,01,14,27.35421390529478,10.060364,2.2354603,2091
27773,r6i1p1f1,2091,01,15,1.7942282671108314,9.917633,1.9102234,2091
27774,r6i1p1f1,2091,01,16,17.759540935269502,7.225302,-1.7196785,2091
27775,r6i1p1f1,2091,01,17,1.8497006175841442,1.5279262,-2.8111284,2091
27776,r6i1p1f1,2091,01,18,4.013869561851474,5.705551,-2.9440353,2091
27777,r6i1p1f1,2091,01,19,0.04216615998341475,9.47507,-1.0569607,2091
27778,r6i1p1f1,2091,01,20,0.0,9.661868,1.7059025,2091
27779,r6i1p1f1,2091,01,21,0.0,11.150615,-3.1576643,2091
27780,r6i1p1f1,2091,01,22,0.0,9.074938,-4.3516192,2091
27781,r6i1p1f1,2091,01,23,0.03205334484429801,8.792779,-4.4061484,2091
27782,r6i1p1f1,2091,01,24,0.0,8.046436,-6.9625206,2091
27783,r6i1p1f1,2091,01,25,0.0,11.497429,-5.213218,2091
27784,r6i1p1f1,2091,01,26,0.0,12.500444,-3.390877,2091
27785,r6i1p1f1,2091,01,27,0.0,13.006642,-2.4958017,2091
27786,r6i1p1f1,2091,01,28,0.0,15.665895,-0.57081753,2091
27787,r6i1p1f1,2091,01,29,12.965916586971593,11.9723835,0.6749898,2091
27788,r6i1p1f1,2091,01,30,13.375715491051931,10.743291,2.4030726,2091
27789,r6i1p1f1,2091,01,31,6.65929522948361,11.20275,3.9237542,2091
27790,r6i1p1f1,2091,02,01,19.15566255711135,11.317833,4.1199784,2091
27791,r6i1p1f1,2091,02,02,0.11620420539359082,13.65009,-0.18402034,2091
27792,r6i1p1f1,2091,02,03,0.0,12.053519,-1.2124051,2091
27793,r6i1p1f1,2091,02,04,8.748850385203655,5.8446517,-0.0049061696,2091
27794,r6i1p1f1,2091,02,05,0.0,9.556124,-3.530328,2091
27795,r6i1p1f1,2091,02,06,0.0,13.141749,1.4460243,2091
27796,r6i1p1f1,2091,02,07,0.0,15.038551,3.847836,2091
27797,r6i1p1f1,2091,02,08,0.0,15.737469,1.5315604,2091
27798,r6i1p1f1,2091,02,09,0.0,18.008532,2.3667133,2091
27799,r6i1p1f1,2091,02,10,0.0,19.308973,3.0313675,2091
27800,r6i1p1f1,2091,02,11,0.0,18.949793,2.916695,2091
27801,r6i1p1f1,2091,02,12,0.0,17.536007,2.6855903,2091
27802,r6i1p1f1,2091,02,13,0.0,18.26258,1.7650474,2091
27803,r6i1p1f1,2091,02,14,0.0,18.417765,2.292048,2091
27804,r6i1p1f1,2091,02,15,1.5044525356238698,12.469675,-2.5747778,2091
27805,r6i1p1f1,2091,02,16,0.8983389418722996,3.6632175,-4.321224,2091
27806,r6i1p1f1,2091,02,17,0.08125030642564594,3.6917999,-6.693634,2091
27807,r6i1p1f1,2091,02,18,1.6336854701305608,2.783931,-7.5067635,2091
27808,r6i1p1f1,2091,02,19,2.5307997136186575,2.7433527,-6.485792,2091
27809,r6i1p1f1,2091,02,20,13.970389698837018,4.9680057,-3.136616,2091
27810,r6i1p1f1,2091,02,21,6.415770958635194,7.393126,-3.340467,2091
27811,r6i1p1f1,2091,02,22,0.0,10.858172,-0.92617244,2091
27812,r6i1p1f1,2091,02,23,0.1048426825740946,9.291278,1.723899,2091
27813,r6i1p1f1,2091,02,24,1.9474236797698798,7.522394,-5.4092846,2091
27814,r6i1p1f1,2091,02,25,0.0,9.558245,-6.0254884,2091
27815,r6i1p1f1,2091,02,26,0.0,10.778752,-4.760999,2091
27816,r6i1p1f1,2091,02,27,2.449111892521521,6.813542,-4.7903204,2091
27817,r6i1p1f1,2091,02,28,0.27428883587284036,4.3864217,-7.530836,2091
27818,r6i1p1f1,2091,03,01,0.0038455317742788885,8.027695,-6.481344,2091
27819,r6i1p1f1,2091,03,02,0.0,15.570673,-0.62231725,2091
27820,r6i1p1f1,2091,03,03,3.777891476214035,13.247781,0.9377197,2091
27821,r6i1p1f1,2091,03,04,5.2317629755968165,7.198305,-5.2412157,2091
27822,r6i1p1f1,2091,03,05,0.0,9.35389,-3.9297552,2091
27823,r6i1p1f1,2091,03,06,0.10713870894747896,6.249316,-3.4727614,2091
27824,r6i1p1f1,2091,03,07,1.416006827178339,4.508969,-7.504821,2091
27825,r6i1p1f1,2091,03,08,0.0,5.523574,-10.928517,2091
27826,r6i1p1f1,2091,03,09,0.0,11.722537,-4.7403774,2091
27827,r6i1p1f1,2091,03,10,0.56009313733528,7.938972,-3.269418,2091
27828,r6i1p1f1,2091,03,11,0.0,12.263796,-0.76526713,2091
27829,r6i1p1f1,2091,03,12,0.0,17.734936,-1.1003463,2091
27830,r6i1p1f1,2091,03,13,0.0010705930302800629,16.678064,0.75211275,2091
27831,r6i1p1f1,2091,03,14,0.0,22.494522,2.9375308,2091
27832,r6i1p1f1,2091,03,15,0.0,23.080198,4.6972113,2091
27833,r6i1p1f1,2091,03,16,0.004966106934238097,20.175316,3.7881799,2091
27834,r6i1p1f1,2091,03,17,0.00150856848454968,18.674736,0.8073749,2091
27835,r6i1p1f1,2091,03,18,0.0,21.171177,2.990241,2091
27836,r6i1p1f1,2091,03,19,0.9492116838519307,18.351751,0.75052845,2091
27837,r6i1p1f1,2091,03,20,2.2433335969686308,8.387382,-2.0936556,2091
27838,r6i1p1f1,2091,03,21,0.0,10.473915,-1.2562978,2091
27839,r6i1p1f1,2091,03,22,0.0,16.434668,-2.5813234,2091
27840,r6i1p1f1,2091,03,23,0.0,22.364082,1.8540752,2091
27841,r6i1p1f1,2091,03,24,0.0,25.291605,4.700429,2091
27842,r6i1p1f1,2091,03,25,0.0,26.187037,7.1949463,2091
27843,r6i1p1f1,2091,03,26,0.0,27.803295,8.167253,2091
27844,r6i1p1f1,2091,03,27,0.0,27.91197,8.690853,2091
27845,r6i1p1f1,2091,03,28,0.0,26.556301,7.384871,2091
27846,r6i1p1f1,2091,03,29,0.0,22.679619,5.6215563,2091
27847,r6i1p1f1,2091,03,30,0.0,23.930313,3.6836627,2091
27848,r6i1p1f1,2091,03,31,0.0,26.126232,6.9516864,2091
27849,r6i1p1f1,2091,04,01,0.0,26.70774,7.4300795,2091
27850,r6i1p1f1,2091,04,02,13.174673340020046,15.21444,-1.9024829,2091
27851,r6i1p1f1,2091,04,03,13.068033008172733,9.517824,-5.25838,2091
27852,r6i1p1f1,2091,04,04,5.054118011970546,5.6437125,-4.100895,2091
27853,r6i1p1f1,2091,04,05,0.0005554447710832142,10.202351,-1.3000654,2091
27854,r6i1p1f1,2091,04,06,0.0,15.512884,-3.7144492,2091
27855,r6i1p1f1,2091,04,07,5.639437952001165,10.886689,-0.9944919,2091
27856,r6i1p1f1,2091,04,08,3.2972110176888334,5.5485506,-6.6883087,2091
27857,r6i1p1f1,2091,04,09,0.14775672877025994,7.5862255,-4.441268,2091
27858,r6i1p1f1,2091,04,10,2.3983140942700927,11.522358,-4.770261,2091
27859,r6i1p1f1,2091,04,11,0.0,20.952686,1.9707574,2091
27860,r6i1p1f1,2091,04,12,0.0,26.026726,5.265286,2091
27861,r6i1p1f1,2091,04,13,0.0,27.527042,7.4729223,2091
27862,r6i1p1f1,2091,04,14,0.0,27.734236,7.990871,2091
27863,r6i1p1f1,2091,04,15,0.0,28.838717,8.830126,2091
27864,r6i1p1f1,2091,04,16,0.0,29.46851,10.26864,2091
27865,r6i1p1f1,2091,04,17,0.0,29.945824,11.602036,2091
27866,r6i1p1f1,2091,04,18,0.0,29.024502,9.556705,2091
27867,r6i1p1f1,2091,04,19,0.0013704620841054325,23.721777,5.1837773,2091
27868,r6i1p1f1,2091,04,20,0.0,17.027344,-0.0065762037,2091
27869,r6i1p1f1,2091,04,21,0.0,19.230051,0.8067399,2091
27870,r6i1p1f1,2091,04,22,0.0,22.719238,3.28677,2091
27871,r6i1p1f1,2091,04,23,0.0,27.322517,7.3442354,2091
27872,r6i1p1f1,2091,04,24,0.0,27.045492,8.010903,2091
27873,r6i1p1f1,2091,04,25,0.0,22.273754,6.4100833,2091
27874,r6i1p1f1,2091,04,26,0.0514607782783986,16.95502,0.09445853,2091
27875,r6i1p1f1,2091,04,27,0.0,17.150671,-0.07240484,2091
27876,r6i1p1f1,2091,04,28,0.0,21.371553,1.3934005,2091
27877,r6i1p1f1,2091,04,29,0.0,23.149038,5.2824607,2091
27878,r6i1p1f1,2091,04,30,0.0,26.828,7.444375,2091
27879,r6i1p1f1,2091,05,01,24.250732578829453,19.855288,1.6481105,2091
27880,r6i1p1f1,2091,05,02,8.609989096937365,11.339768,-0.39140603,2091
27881,r6i1p1f1,2091,05,03,9.985751100662272,14.721727,-0.92508286,2091
27882,r6i1p1f1,2091,05,04,0.0,18.49971,2.612898,2091
27883,r6i1p1f1,2091,05,05,1.3365795424597688,21.560482,2.2455988,2091
27884,r6i1p1f1,2091,05,06,1.3245886531198638,24.50698,4.298729,2091
27885,r6i1p1f1,2091,05,07,4.018664118234556,19.999748,2.7494893,2091
27886,r6i1p1f1,2091,05,08,0.04763808599241243,25.27796,6.130731,2091
27887,r6i1p1f1,2091,05,09,0.0,26.923088,8.658825,2091
27888,r6i1p1f1,2091,05,10,0.0,28.168158,10.518092,2091
27889,r6i1p1f1,2091,05,11,1.083957784959214,27.31764,9.420894,2091
27890,r6i1p1f1,2091,05,12,2.1045496663059953,24.319624,5.870197,2091
27891,r6i1p1f1,2091,05,13,1.9640830255527062,21.927788,6.0256715,2091
27892,r6i1p1f1,2091,05,14,3.214787834291611,21.02578,2.2446783,2091
27893,r6i1p1f1,2091,05,15,1.2239579377278094,21.611774,3.9574225,2091
27894,r6i1p1f1,2091,05,16,4.139591784022008,19.19507,3.320254,2091
27895,r6i1p1f1,2091,05,17,0.33523784925015676,23.01755,6.328734,2091
27896,r6i1p1f1,2091,05,18,0.0016720966126855398,27.011272,8.863204,2091
27897,r6i1p1f1,2091,05,19,0.0,28.144276,9.15158,2091
27898,r6i1p1f1,2091,05,20,0.03880903176592617,27.417177,9.923807,2091
27899,r6i1p1f1,2091,05,21,1.1583603606710922,26.105751,7.3622637,2091
27900,r6i1p1f1,2091,05,22,0.0,30.037231,10.186717,2091
27901,r6i1p1f1,2091,05,23,0.0,33.078907,12.6947155,2091
27902,r6i1p1f1,2091,05,24,0.0,31.809042,14.480119,2091
27903,r6i1p1f1,2091,05,25,0.0,29.970865,9.9229965,2091
27904,r6i1p1f1,2091,05,26,0.0,30.358044,9.521495,2091
27905,r6i1p1f1,2091,05,27,0.0,32.10046,12.402904,2091
27906,r6i1p1f1,2091,05,28,0.0,33.368404,12.824095,2091
27907,r6i1p1f1,2091,05,29,0.05737046616042171,32.23542,12.828739,2091
27908,r6i1p1f1,2091,05,30,0.0,33.440098,14.350588,2091
27909,r6i1p1f1,2091,05,31,0.0,32.98408,13.742438,2091
27910,r6i1p1f1,2091,06,01,3.7967186566474806,30.589424,9.89527,2091
27911,r6i1p1f1,2091,06,02,0.0,28.038155,9.053797,2091
27912,r6i1p1f1,2091,06,03,0.04781050637770317,28.777264,11.270137,2091
27913,r6i1p1f1,2091,06,04,1.3438033045519817,30.308504,11.47135,2091
27914,r6i1p1f1,2091,06,05,0.002488980187836239,30.218307,10.928499,2091
27915,r6i1p1f1,2091,06,06,0.0,28.078358,9.060891,2091
27916,r6i1p1f1,2091,06,07,0.006621176444635169,26.066156,8.404353,2091
27917,r6i1p1f1,2091,06,08,0.0,26.683405,7.815276,2091
27918,r6i1p1f1,2091,06,09,0.0,31.719498,11.688506,2091
27919,r6i1p1f1,2091,06,10,0.0,34.145275,14.225863,2091
27920,r6i1p1f1,2091,06,11,0.0,36.255486,15.662112,2091
27921,r6i1p1f1,2091,06,12,0.0,35.603355,15.14502,2091
27922,r6i1p1f1,2091,06,13,0.6942802740564814,32.53951,13.275102,2091
27923,r6i1p1f1,2091,06,14,0.004397822656022994,32.05777,12.171062,2091
27924,r6i1p1f1,2091,06,15,0.0,34.18776,13.783278,2091
27925,r6i1p1f1,2091,06,16,0.0,37.085308,16.477674,2091
27926,r6i1p1f1,2091,06,17,0.0,37.1732,17.410421,2091
27927,r6i1p1f1,2091,06,18,0.0,35.905807,14.982368,2091
27928,r6i1p1f1,2091,06,19,0.0,34.868702,14.605027,2091
27929,r6i1p1f1,2091,06,20,0.01997035930917152,34.12567,13.857131,2091
27930,r6i1p1f1,2091,06,21,0.014606961472863894,33.701122,13.711644,2091
27931,r6i1p1f1,2091,06,22,0.025128730658811622,32.757553,12.440088,2091
27932,r6i1p1f1,2091,06,23,0.0,31.916485,11.97696,2091
27933,r6i1p1f1,2091,06,24,0.0,28.024519,8.115818,2091
27934,r6i1p1f1,2091,06,25,0.0,27.588314,8.071159,2091
27935,r6i1p1f1,2091,06,26,0.0,34.16504,17.226196,2091
27936,r6i1p1f1,2091,06,27,0.0,36.937008,16.414183,2091
27937,r6i1p1f1,2091,06,28,0.0,37.005104,16.868893,2091
27938,r6i1p1f1,2091,06,29,0.0,34.700985,13.683673,2091
27939,r6i1p1f1,2091,06,30,0.0,32.73496,13.170681,2091
27940,r6i1p1f1,2091,07,01,0.03166547269896358,32.207977,11.357665,2091
27941,r6i1p1f1,2091,07,02,0.0,32.249104,11.463942,2091
27942,r6i1p1f1,2091,07,03,0.0,34.01814,12.216837,2091
27943,r6i1p1f1,2091,07,04,0.0,33.99128,12.62504,2091
27944,r6i1p1f1,2091,07,05,0.0,35.423496,15.505151,2091
27945,r6i1p1f1,2091,07,06,0.0,35.95732,13.820236,2091
27946,r6i1p1f1,2091,07,07,0.0,35.348484,12.698368,2091
27947,r6i1p1f1,2091,07,08,0.0,34.812218,12.416837,2091
27948,r6i1p1f1,2091,07,09,0.0,35.95772,14.663845,2091
27949,r6i1p1f1,2091,07,10,0.029673520971837744,36.22071,14.717861,2091
27950,r6i1p1f1,2091,07,11,0.004162927522978092,34.902542,13.750662,2091
27951,r6i1p1f1,2091,07,12,0.0,33.428455,11.726758,2091
27952,r6i1p1f1,2091,07,13,0.0,33.915768,12.012106,2091
27953,r6i1p1f1,2091,07,14,0.0,35.408615,14.03844,2091
27954,r6i1p1f1,2091,07,15,0.0,36.317547,15.409972,2091
27955,r6i1p1f1,2091,07,16,0.5455858712618213,36.024788,15.067612,2091
27956,r6i1p1f1,2091,07,17,0.0,34.78843,13.61885,2091
27957,r6i1p1f1,2091,07,18,0.045903794314572414,34.52843,13.147811,2091
27958,r6i1p1f1,2091,07,19,0.0,35.42888,13.612031,2091
27959,r6i1p1f1,2091,07,20,0.0,37.392445,15.835374,2091
27960,r6i1p1f1,2091,07,21,0.0,38.88543,17.217672,2091
27961,r6i1p1f1,2091,07,22,0.0,39.878315,18.44677,2091
27962,r6i1p1f1,2091,07,23,0.0,41.138153,18.698275,2091
27963,r6i1p1f1,2091,07,24,0.0,42.059265,20.180046,2091
27964,r6i1p1f1,2091,07,25,0.0,42.87234,20.507967,2091
27965,r6i1p1f1,2091,07,26,0.0,42.751316,21.169617,2091
27966,r6i1p1f1,2091,07,27,0.0,41.89973,20.020048,2091
27967,r6i1p1f1,2091,07,28,0.0,39.81196,18.697092,2091
27968,r6i1p1f1,2091,07,29,0.0,38.923035,17.467676,2091
27969,r6i1p1f1,2091,07,30,0.0,36.881702,16.151464,2091
27970,r6i1p1f1,2091,07,31,0.0,37.601173,17.054277,2091
27971,r6i1p1f1,2091,08,01,0.0,39.326244,18.037292,2091
27972,r6i1p1f1,2091,08,02,0.0,39.66039,18.167824,2091
27973,r6i1p1f1,2091,08,03,0.0,40.102768,19.022425,2091
27974,r6i1p1f1,2091,08,04,0.0,41.220665,18.726898,2091
27975,r6i1p1f1,2091,08,05,0.0005979290798148175,41.38268,19.60173,2091
27976,r6i1p1f1,2091,08,06,0.002877237710478068,39.882507,18.16121,2091
27977,r6i1p1f1,2091,08,07,0.0,38.42408,17.783438,2091
27978,r6i1p1f1,2091,08,08,0.0,38.184856,16.35562,2091
27979,r6i1p1f1,2091,08,09,0.0,36.56518,15.751588,2091
27980,r6i1p1f1,2091,08,10,0.0,36.098248,15.584195,2091
27981,r6i1p1f1,2091,08,11,0.0,36.157074,14.949214,2091
27982,r6i1p1f1,2091,08,12,0.0,35.502056,14.047738,2091
27983,r6i1p1f1,2091,08,13,0.0,34.32822,13.076705,2091
27984,r6i1p1f1,2091,08,14,0.0,34.276672,13.298232,2091
27985,r6i1p1f1,2091,08,15,0.0,35.719128,14.230541,2091
27986,r6i1p1f1,2091,08,16,0.0,36.453495,14.924009,2091
27987,r6i1p1f1,2091,08,17,0.16440395892693307,36.407124,14.953016,2091
27988,r6i1p1f1,2091,08,18,0.0,36.135784,14.4792,2091
27989,r6i1p1f1,2091,08,19,3.4039465041580343,32.3927,12.757434,2091
27990,r6i1p1f1,2091,08,20,0.0,27.775759,10.558343,2091
27991,r6i1p1f1,2091,08,21,0.639814138300478,28.123116,10.813685,2091
27992,r6i1p1f1,2091,08,22,0.1293396279270878,32.102962,12.368779,2091
27993,r6i1p1f1,2091,08,23,0.0,33.98138,13.579087,2091
27994,r6i1p1f1,2091,08,24,0.0,35.509094,14.868983,2091
27995,r6i1p1f1,2091,08,25,0.0,36.316914,15.296625,2091
27996,r6i1p1f1,2091,08,26,0.0,36.29231,15.114806,2091
27997,r6i1p1f1,2091,08,27,0.010438886695974623,36.067192,14.853481,2091
27998,r6i1p1f1,2091,08,28,0.08423804588917852,34.3296,13.306885,2091
27999,r6i1p1f1,2091,08,29,0.0,33.915318,12.623788,2091
28000,r6i1p1f1,2091,08,30,0.0,33.338398,12.322269,2091
28001,r6i1p1f1,2091,08,31,0.0,31.562326,10.430132,2091
28002,r6i1p1f1,2091,09,01,0.0,28.38741,9.914988,2091
28003,r6i1p1f1,2091,09,02,0.0,27.267979,8.824554,2091
28004,r6i1p1f1,2091,09,03,0.07525967221805352,24.669207,7.2306323,2091
28005,r6i1p1f1,2091,09,04,0.011515821980955581,23.770926,7.448583,2091
28006,r6i1p1f1,2091,09,05,0.0,28.372513,8.466978,2091
28007,r6i1p1f1,2091,09,06,0.0,31.77547,10.246602,2091
28008,r6i1p1f1,2091,09,07,0.0,33.345444,11.596115,2091
28009,r6i1p1f1,2091,09,08,0.0,31.889807,13.192871,2091
28010,r6i1p1f1,2091,09,09,0.0,31.309093,12.573554,2091
28011,r6i1p1f1,2091,09,10,0.31509655419156146,34.19367,14.464984,2091
28012,r6i1p1f1,2091,09,11,0.0,34.56866,13.605635,2091
28013,r6i1p1f1,2091,09,12,0.7863502595734816,34.708344,14.932907,2091
28014,r6i1p1f1,2091,09,13,0.2968227343428555,28.328552,9.600306,2091
28015,r6i1p1f1,2091,09,14,0.17414056017914242,20.530087,4.166529,2091
28016,r6i1p1f1,2091,09,15,0.0,20.835497,3.856795,2091
28017,r6i1p1f1,2091,09,16,0.0,23.919907,5.3510303,2091
28018,r6i1p1f1,2091,09,17,0.0,25.449654,6.3745995,2091
28019,r6i1p1f1,2091,09,18,0.0,26.871597,6.7792983,2091
28020,r6i1p1f1,2091,09,19,0.0,27.474613,6.96719,2091
28021,r6i1p1f1,2091,09,20,0.0,28.26881,8.002131,2091
28022,r6i1p1f1,2091,09,21,0.0,30.714384,10.016085,2091
28023,r6i1p1f1,2091,09,22,0.0,31.286934,10.203033,2091
28024,r6i1p1f1,2091,09,23,0.0,28.59255,8.785209,2091
28025,r6i1p1f1,2091,09,24,0.0,29.75159,9.697292,2091
28026,r6i1p1f1,2091,09,25,0.0,31.322943,10.062703,2091
28027,r6i1p1f1,2091,09,26,0.0,31.154484,10.50513,2091
28028,r6i1p1f1,2091,09,27,0.0,29.87262,9.927791,2091
28029,r6i1p1f1,2091,09,28,0.0,31.628283,11.621444,2091
28030,r6i1p1f1,2091,09,29,0.0,33.56853,12.5555105,2091
28031,r6i1p1f1,2091,09,30,0.0,35.02036,13.968691,2091
28032,r6i1p1f1,2091,10,01,0.0,34.76858,14.319513,2091
28033,r6i1p1f1,2091,10,02,0.0,34.736706,14.225838,2091
28034,r6i1p1f1,2091,10,03,0.0,33.395847,13.050094,2091
28035,r6i1p1f1,2091,10,04,0.0,34.27519,13.1757765,2091
28036,r6i1p1f1,2091,10,05,0.0,34.262554,15.125209,2091
28037,r6i1p1f1,2091,10,06,0.0,33.762283,14.652331,2091
28038,r6i1p1f1,2091,10,07,0.0,33.467003,12.262786,2091
28039,r6i1p1f1,2091,10,08,0.0,34.088043,13.890645,2091
28040,r6i1p1f1,2091,10,09,0.0,33.770958,12.10578,2091
28041,r6i1p1f1,2091,10,10,0.0,32.323795,10.950461,2091
28042,r6i1p1f1,2091,10,11,0.0,31.34014,10.504907,2091
28043,r6i1p1f1,2091,10,12,0.0008536380392617239,29.533466,9.313469,2091
28044,r6i1p1f1,2091,10,13,0.037527511730458624,26.287544,9.037741,2091
28045,r6i1p1f1,2091,10,14,16.88916531650141,20.848772,5.7067094,2091
28046,r6i1p1f1,2091,10,15,15.759057854184007,12.903834,5.092139,2091
28047,r6i1p1f1,2091,10,16,0.0,18.390621,2.020217,2091
28048,r6i1p1f1,2091,10,17,0.02983951970835252,23.548687,4.7446475,2091
28049,r6i1p1f1,2091,10,18,0.8236195169409423,23.603436,3.248648,2091
28050,r6i1p1f1,2091,10,19,1.7443807536926348,17.16296,2.4031966,2091
28051,r6i1p1f1,2091,10,20,0.0,17.360712,1.9304512,2091
28052,r6i1p1f1,2091,10,21,0.0,21.158527,4.3202996,2091
28053,r6i1p1f1,2091,10,22,0.0,20.804976,3.9967134,2091
28054,r6i1p1f1,2091,10,23,0.19069494240632792,15.894558,0.096616074,2091
28055,r6i1p1f1,2091,10,24,0.0,12.220524,-3.468627,2091
28056,r6i1p1f1,2091,10,25,0.0,12.566836,-3.1753585,2091
28057,r6i1p1f1,2091,10,26,0.0,15.1988,-1.3204343,2091
28058,r6i1p1f1,2091,10,27,0.0,21.698002,2.0601742,2091
28059,r6i1p1f1,2091,10,28,0.0,22.589622,3.2887228,2091
28060,r6i1p1f1,2091,10,29,0.0,21.597681,3.2028923,2091
28061,r6i1p1f1,2091,10,30,0.0,19.165806,1.2938237,2091
28062,r6i1p1f1,2091,10,31,0.0035611066372665903,19.754255,1.1139199,2091
28063,r6i1p1f1,2091,11,01,0.0,19.690409,1.5269314,2091
28064,r6i1p1f1,2091,11,02,0.0,20.45288,3.3126645,2091
28065,r6i1p1f1,2091,11,03,0.12937985434245297,18.084509,2.0532122,2091
28066,r6i1p1f1,2091,11,04,0.18857094098148286,12.973558,5.467708,2091
28067,r6i1p1f1,2091,11,05,0.0,17.335447,2.934837,2091
28068,r6i1p1f1,2091,11,06,0.15202146744000852,18.58893,2.7762218,2091
28069,r6i1p1f1,2091,11,07,11.893259458069037,12.616787,2.265186,2091
28070,r6i1p1f1,2091,11,08,0.023950366527932462,12.9163065,3.7099996,2091
28071,r6i1p1f1,2091,11,09,14.29929243512955,9.459023,0.97662383,2091
28072,r6i1p1f1,2091,11,10,0.08705693522481933,10.057973,-1.2108132,2091
28073,r6i1p1f1,2091,11,11,0.14585273844396018,12.281511,-0.013418894,2091
28074,r6i1p1f1,2091,11,12,0.0,15.902188,0.012374364,2091
28075,r6i1p1f1,2091,11,13,1.4601921426849134,9.604965,-0.049140345,2091
28076,r6i1p1f1,2091,11,14,0.5786099953900533,4.9177823,-4.240713,2091
28077,r6i1p1f1,2091,11,15,0.0,8.508615,-8.559959,2091
28078,r6i1p1f1,2091,11,16,0.0,10.183187,-5.3056483,2091
28079,r6i1p1f1,2091,11,17,5.55556995859894,7.2641125,-5.3617396,2091
28080,r6i1p1f1,2091,11,18,0.1758542469866722,3.8417368,-1.7718419,2091
28081,r6i1p1f1,2091,11,19,0.35563829423198184,7.6244698,-2.5959926,2091
28082,r6i1p1f1,2091,11,20,0.0,12.584351,-3.576535,2091
28083,r6i1p1f1,2091,11,21,0.0,16.307861,-1.2991096,2091
28084,r6i1p1f1,2091,11,22,0.0,14.4134445,-2.3339438,2091
28085,r6i1p1f1,2091,11,23,0.41987653423570725,9.196601,-2.8416083,2091
28086,r6i1p1f1,2091,11,24,14.609767037915661,4.9870605,-1.4594189,2091
28087,r6i1p1f1,2091,11,25,8.870783419151635,5.5779853,-2.8821151,2091
28088,r6i1p1f1,2091,11,26,23.049098241807698,6.888604,-4.381259,2091
28089,r6i1p1f1,2091,11,27,18.12534187692663,5.4374294,-2.8557713,2091
28090,r6i1p1f1,2091,11,28,22.274763838778213,10.358722,-1.4127969,2091
28091,r6i1p1f1,2091,11,29,5.085385435083961,11.867678,3.3877275,2091
28092,r6i1p1f1,2091,11,30,19.599083696595553,10.263609,3.5812776,2091
28093,r6i1p1f1,2091,12,01,47.26649602026934,7.3180013,-1.4402406,2091
28094,r6i1p1f1,2091,12,02,19.372723580274034,2.5981832,-5.401459,2091
28095,r6i1p1f1,2091,12,03,0.384084444405495,2.9977295,-7.4304414,2091
28096,r6i1p1f1,2091,12,04,1.262688099613548,2.4657497,-4.1240945,2091
28097,r6i1p1f1,2091,12,05,0.011360759951527534,6.2556314,-2.925532,2091
28098,r6i1p1f1,2091,12,06,0.0,8.249143,-6.058119,2091
28099,r6i1p1f1,2091,12,07,0.0,6.9395704,-2.2751286,2091
28100,r6i1p1f1,2091,12,08,0.24642360891495244,5.751141,1.2570935,2091
28101,r6i1p1f1,2091,12,09,0.6049639340713164,4.390973,-0.25864276,2091
28102,r6i1p1f1,2091,12,10,3.436668471801885,7.5935216,0.12773304,2091
28103,r6i1p1f1,2091,12,11,11.381078327989776,8.552452,-6.269765,2091
28104,r6i1p1f1,2091,12,12,1.2422670114070344,-0.64300436,-11.24979,2091
28105,r6i1p1f1,2091,12,13,0.000978510776139387,1.0270672,-12.394011,2091
28106,r6i1p1f1,2091,12,14,0.0,4.8767567,-9.085624,2091
28107,r6i1p1f1,2091,12,15,0.0,10.895506,-4.298542,2091
28108,r6i1p1f1,2091,12,16,0.0,11.257832,-1.9552152,2091
28109,r6i1p1f1,2091,12,17,0.0,10.933861,-2.3132088,2091
28110,r6i1p1f1,2091,12,18,0.0,11.502589,-1.7884887,2091
28111,r6i1p1f1,2091,12,19,0.0,12.505793,-2.426701,2091
28112,r6i1p1f1,2091,12,20,0.0,11.606429,-2.5508518,2091
28113,r6i1p1f1,2091,12,21,0.09801377090468669,10.075701,-1.2510173,2091
28114,r6i1p1f1,2091,12,22,0.0,9.844839,1.0181191,2091
28115,r6i1p1f1,2091,12,23,0.0681358999259101,11.607474,-1.2995592,2091
28116,r6i1p1f1,2091,12,24,0.0,13.419755,-0.77939963,2091
28117,r6i1p1f1,2091,12,25,1.6766362212056334,12.555678,-1.3520933,2091
28118,r6i1p1f1,2091,12,26,3.8207916948319136e-05,7.3442473,-6.6092806,2091
28119,r6i1p1f1,2091,12,27,0.0,8.599877,-7.1382284,2091
28120,r6i1p1f1,2091,12,28,0.4389045718407782,5.872016,-6.447597,2091
28121,r6i1p1f1,2091,12,29,0.0,4.1376615,-7.6451116,2091
28122,r6i1p1f1,2091,12,30,0.005721451213149919,2.3728278,-6.5148907,2091
28123,r6i1p1f1,2091,12,31,9.962790273968366,2.1521966,-6.9513135,2091
28124,r6i1p1f1,2092,01,01,7.470008667127101,1.8514049,-8.376078,2092
28125,r6i1p1f1,2092,01,02,4.671086906868449,1.0895619,-7.9853373,2092
28126,r6i1p1f1,2092,01,03,1.1896582382591352,2.286556,-6.394121,2092
28127,r6i1p1f1,2092,01,04,0.0,4.087992,-9.77439,2092
28128,r6i1p1f1,2092,01,05,0.27462971733182434,0.6700013,-7.622398,2092
28129,r6i1p1f1,2092,01,06,7.984792885356549,1.2965745,-8.972291,2092
28130,r6i1p1f1,2092,01,07,20.45287513917501,4.1740313,-3.515647,2092
28131,r6i1p1f1,2092,01,08,4.3352715040424386,4.3782334,-1.6414969,2092
28132,r6i1p1f1,2092,01,09,2.470661385436318,4.8949113,-1.4732664,2092
28133,r6i1p1f1,2092,01,10,0.41561879338745444,7.2589855,-1.2187142,2092
28134,r6i1p1f1,2092,01,11,10.067442994502738,7.677966,-0.5832425,2092
28135,r6i1p1f1,2092,01,12,0.431474535741216,7.410605,1.9126807,2092
28136,r6i1p1f1,2092,01,13,7.471164168096624,6.252075,0.70699996,2092
28137,r6i1p1f1,2092,01,14,8.432827236829073,7.7776856,0.8026669,2092
28138,r6i1p1f1,2092,01,15,21.257879944002678,8.122765,-3.3909924,2092
28139,r6i1p1f1,2092,01,16,0.0,4.207124,-7.991602,2092
28140,r6i1p1f1,2092,01,17,0.0,5.359425,-9.0976925,2092
28141,r6i1p1f1,2092,01,18,0.0022880313268952637,4.947337,-4.2410016,2092
28142,r6i1p1f1,2092,01,19,0.12349337718151589,3.8966796,-3.6319702,2092
28143,r6i1p1f1,2092,01,20,0.0,5.555982,-7.3065653,2092
28144,r6i1p1f1,2092,01,21,0.0,5.9718356,-7.8268156,2092
28145,r6i1p1f1,2092,01,22,0.0,6.7199655,-7.1200423,2092
28146,r6i1p1f1,2092,01,23,0.0,9.324724,-5.4018807,2092
28147,r6i1p1f1,2092,01,24,0.0,10.092251,-3.509612,2092
28148,r6i1p1f1,2092,01,25,0.0,10.15785,-4.3521104,2092
28149,r6i1p1f1,2092,01,26,2.6765661440094117,5.6465926,-1.77471,2092
28150,r6i1p1f1,2092,01,27,0.1678083210003921,3.730798,-0.75329864,2092
28151,r6i1p1f1,2092,01,28,0.035954459192294015,7.21412,-6.0817885,2092
28152,r6i1p1f1,2092,01,29,0.0,12.206328,-4.3678975,2092
28153,r6i1p1f1,2092,01,30,0.0,14.1238785,-2.853458,2092
28154,r6i1p1f1,2092,01,31,0.0,12.803825,-3.4475129,2092
28155,r6i1p1f1,2092,02,01,3.871980310585852,8.633477,-0.78582215,2092
28156,r6i1p1f1,2092,02,02,2.6260499815868403,8.01902,1.1142794,2092
28157,r6i1p1f1,2092,02,03,30.042456662178783,6.103551,-0.05712571,2092
28158,r6i1p1f1,2092,02,04,0.09952591419107071,6.673697,-3.1987686,2092
28159,r6i1p1f1,2092,02,05,5.797602467685245,8.23499,0.027073381,2092
28160,r6i1p1f1,2092,02,06,0.0,15.111061,-0.58880603,2092
28161,r6i1p1f1,2092,02,07,0.0,16.039091,0.71581143,2092
28162,r6i1p1f1,2092,02,08,0.0,16.05544,1.4050492,2092
28163,r6i1p1f1,2092,02,09,0.023509992639448807,16.25794,1.5334384,2092
28164,r6i1p1f1,2092,02,10,0.0,16.420734,0.10313343,2092
28165,r6i1p1f1,2092,02,11,0.0,10.043435,-5.6196384,2092
28166,r6i1p1f1,2092,02,12,0.0,1.2493017,-9.036896,2092
28167,r6i1p1f1,2092,02,13,0.0,1.8138281,-12.326803,2092
28168,r6i1p1f1,2092,02,14,0.0,7.615719,-8.805728,2092
28169,r6i1p1f1,2092,02,15,0.0,12.179236,-3.8427975,2092
28170,r6i1p1f1,2092,02,16,0.22284172072519814,12.450804,-2.7914815,2092
28171,r6i1p1f1,2092,02,17,0.16856497261853623,9.300971,-2.4935126,2092
28172,r6i1p1f1,2092,02,18,1.8377572655648078,4.8785763,-4.107803,2092
28173,r6i1p1f1,2092,02,19,0.10338210384163117,8.9240675,-3.9563086,2092
28174,r6i1p1f1,2092,02,20,12.07733599748422,6.026467,-0.94618213,2092
28175,r6i1p1f1,2092,02,21,18.536041679812858,4.0655355,-5.52017,2092
28176,r6i1p1f1,2092,02,22,4.605969234392383,0.16200891,-13.245244,2092
28177,r6i1p1f1,2092,02,23,8.917217635900172,-0.4093937,-7.2504582,2092
28178,r6i1p1f1,2092,02,24,0.02658844879793052,3.7625482,-12.28856,2092
28179,r6i1p1f1,2092,02,25,0.0035253442657259275,3.8104274,-6.2467065,2092
28180,r6i1p1f1,2092,02,26,18.36834220469664,5.431269,-5.969938,2092
28181,r6i1p1f1,2092,02,27,28.78345443643498,6.8390317,-3.4025133,2092
28182,r6i1p1f1,2092,02,28,0.0,10.515721,-4.738163,2092
28183,r6i1p1f1,2092,02,29,0.0,15.273791,0.5002624,2092
28184,r6i1p1f1,2092,03,01,0.0,17.615925,1.3949087,2092
28185,r6i1p1f1,2092,03,02,0.0,18.845879,3.1059635,2092
28186,r6i1p1f1,2092,03,03,0.0,22.892384,4.900959,2092
28187,r6i1p1f1,2092,03,04,0.0,25.493217,7.1700554,2092
28188,r6i1p1f1,2092,03,05,0.0,27.171085,8.745591,2092
28189,r6i1p1f1,2092,03,06,0.0,26.578999,9.261303,2092
28190,r6i1p1f1,2092,03,07,0.0,26.136843,8.743327,2092
28191,r6i1p1f1,2092,03,08,0.0,28.127205,10.098888,2092
28192,r6i1p1f1,2092,03,09,0.0,28.530802,11.55974,2092
28193,r6i1p1f1,2092,03,10,0.0,27.941212,9.565212,2092
28194,r6i1p1f1,2092,03,11,0.0,28.43936,10.1192,2092
28195,r6i1p1f1,2092,03,12,0.0,28.31186,9.6849575,2092
28196,r6i1p1f1,2092,03,13,0.0,28.20887,9.537043,2092
28197,r6i1p1f1,2092,03,14,0.0,25.57605,9.021278,2092
28198,r6i1p1f1,2092,03,15,0.0,21.93598,6.12486,2092
28199,r6i1p1f1,2092,03,16,3.924857229707071,12.592117,-4.45777,2092
28200,r6i1p1f1,2092,03,17,0.9356840408565208,9.127333,-1.7236731,2092
28201,r6i1p1f1,2092,03,18,0.0,11.998134,-2.2008023,2092
28202,r6i1p1f1,2092,03,19,0.0,15.317136,-3.4253752,2092
28203,r6i1p1f1,2092,03,20,0.0014964802260691065,17.997087,-0.10945978,2092
28204,r6i1p1f1,2092,03,21,2.6011352223991135,14.550697,-2.980463,2092
28205,r6i1p1f1,2092,03,22,3.5906022787794294,9.477854,1.292049,2092
28206,r6i1p1f1,2092,03,23,8.690670486441643,10.823273,-1.6793869,2092
28207,r6i1p1f1,2092,03,24,0.08949617346081577,13.750764,0.40643582,2092
28208,r6i1p1f1,2092,03,25,0.35744335670843375,10.390633,-3.6874716,2092
28209,r6i1p1f1,2092,03,26,0.0,11.766294,-2.314017,2092
28210,r6i1p1f1,2092,03,27,0.0,13.734823,0.87127346,2092
28211,r6i1p1f1,2092,03,28,0.0,17.11475,-0.7366753,2092
28212,r6i1p1f1,2092,03,29,0.015624151705753781,14.761845,2.3436143,2092
28213,r6i1p1f1,2092,03,30,4.1886719876084735,11.671336,-1.5018367,2092
28214,r6i1p1f1,2092,03,31,0.0,15.380084,-2.14932,2092
28215,r6i1p1f1,2092,04,01,1.8096481513694045,14.85142,-2.4113932,2092
28216,r6i1p1f1,2092,04,02,17.893113268572506,10.957501,0.63179594,2092
28217,r6i1p1f1,2092,04,03,0.7476363949241789,9.44426,-5.261715,2092
28218,r6i1p1f1,2092,04,04,0.4157884870905185,5.955685,-3.3054664,2092
28219,r6i1p1f1,2092,04,05,0.0,13.216101,-3.6458101,2092
28220,r6i1p1f1,2092,04,06,0.0,18.604385,-1.2753052,2092
28221,r6i1p1f1,2092,04,07,0.0,20.776768,1.9929472,2092
28222,r6i1p1f1,2092,04,08,0.0,21.280624,3.3558447,2092
28223,r6i1p1f1,2092,04,09,0.0,23.432756,4.8877416,2092
28224,r6i1p1f1,2092,04,10,0.014756269246998842,22.948599,3.6697683,2092
28225,r6i1p1f1,2092,04,11,5.3797165520735994,12.304358,2.3189998,2092
28226,r6i1p1f1,2092,04,12,12.613428593544764,10.831961,-5.0829163,2092
28227,r6i1p1f1,2092,04,13,0.0,19.289232,-0.21592401,2092
28228,r6i1p1f1,2092,04,14,0.0,21.918941,2.2716455,2092
28229,r6i1p1f1,2092,04,15,0.0004882846809231752,21.064,3.6356075,2092
28230,r6i1p1f1,2092,04,16,0.0,23.396542,3.5549195,2092
28231,r6i1p1f1,2092,04,17,0.0,26.06321,7.187908,2092
28232,r6i1p1f1,2092,04,18,0.0,23.751581,4.526196,2092
28233,r6i1p1f1,2092,04,19,0.5406708395813263,10.434635,-5.427701,2092
28234,r6i1p1f1,2092,04,20,0.04939186214069915,11.492703,-6.1329055,2092
28235,r6i1p1f1,2092,04,21,0.0,16.070074,-2.1097383,2092
28236,r6i1p1f1,2092,04,22,0.0,18.518486,0.8167237,2092
28237,r6i1p1f1,2092,04,23,2.5312978418156673,16.07976,-2.9172642,2092
28238,r6i1p1f1,2092,04,24,0.20783469842995023,6.63316,-5.2460384,2092
28239,r6i1p1f1,2092,04,25,1.7695741551567465,4.991845,-7.732994,2092
28240,r6i1p1f1,2092,04,26,0.2964737684757364,10.2818365,-3.3659039,2092
28241,r6i1p1f1,2092,04,27,17.220333169766498,7.857036,-1.4728516,2092
28242,r6i1p1f1,2092,04,28,13.645510043780224,5.758757,-6.913895,2092
28243,r6i1p1f1,2092,04,29,0.04152473743753297,14.000944,-2.6182513,2092
28244,r6i1p1f1,2092,04,30,0.0,20.597925,0.012841164,2092
28245,r6i1p1f1,2092,05,01,0.0,23.815725,4.4762497,2092
28246,r6i1p1f1,2092,05,02,0.01587996898091561,26.015537,6.818865,2092
28247,r6i1p1f1,2092,05,03,0.570364589880522,24.229876,4.857937,2092
28248,r6i1p1f1,2092,05,04,0.1703855830567312,26.208757,7.243388,2092
28249,r6i1p1f1,2092,05,05,0.014965445750115717,26.95618,8.482118,2092
28250,r6i1p1f1,2092,05,06,0.08602204363225605,25.130548,6.4710803,2092
28251,r6i1p1f1,2092,05,07,0.14709228786185904,17.981491,3.0311315,2092
28252,r6i1p1f1,2092,05,08,0.0,23.513487,4.509311,2092
28253,r6i1p1f1,2092,05,09,0.0,27.686718,7.877645,2092
28254,r6i1p1f1,2092,05,10,0.6341951165040807,26.672237,9.68327,2092
28255,r6i1p1f1,2092,05,11,0.0,27.785389,8.333759,2092
28256,r6i1p1f1,2092,05,12,0.0,30.08529,8.813431,2092
28257,r6i1p1f1,2092,05,13,0.0,32.92467,12.6615505,2092
28258,r6i1p1f1,2092,05,14,0.0,35.228416,14.54637,2092
28259,r6i1p1f1,2092,05,15,0.0,37.524044,16.24798,2092
28260,r6i1p1f1,2092,05,16,0.1167008549146705,35.69333,14.9480915,2092
28261,r6i1p1f1,2092,05,17,0.008658692312269073,31.897766,12.48264,2092
28262,r6i1p1f1,2092,05,18,2.3268001056656353,34.56144,13.92221,2092
28263,r6i1p1f1,2092,05,19,0.004703989786731255,32.332443,13.660997,2092
28264,r6i1p1f1,2092,05,20,1.4743842044013797,25.297926,7.1730285,2092
28265,r6i1p1f1,2092,05,21,9.977008858252614,16.78543,5.1352577,2092
28266,r6i1p1f1,2092,05,22,0.07188025587401546,21.025145,7.1762657,2092
28267,r6i1p1f1,2092,05,23,1.2341879366081392,20.472975,7.1890354,2092
28268,r6i1p1f1,2092,05,24,1.112149818105071,17.213537,1.8118011,2092
28269,r6i1p1f1,2092,05,25,0.00635906039435518,24.18456,5.4969153,2092
28270,r6i1p1f1,2092,05,26,0.00035247151609978084,27.410118,8.605322,2092
28271,r6i1p1f1,2092,05,27,0.0,28.503283,10.019964,2092
28272,r6i1p1f1,2092,05,28,0.0,29.443214,9.416835,2092
28273,r6i1p1f1,2092,05,29,0.148832945256155,28.958357,10.123898,2092
28274,r6i1p1f1,2092,05,30,1.2556821152618713,25.717323,7.8840055,2092
28275,r6i1p1f1,2092,05,31,0.0009637819126162246,21.88479,6.085733,2092
28276,r6i1p1f1,2092,06,01,0.244917688309495,23.329243,5.1851707,2092
28277,r6i1p1f1,2092,06,02,0.08373877570804174,24.751892,4.7046633,2092
28278,r6i1p1f1,2092,06,03,0.00013886989183728408,27.030148,8.621103,2092
28279,r6i1p1f1,2092,06,04,0.0,28.136951,7.6592827,2092
28280,r6i1p1f1,2092,06,05,0.0,27.275915,8.337402,2092
28281,r6i1p1f1,2092,06,06,0.0,26.1602,6.450144,2092
28282,r6i1p1f1,2092,06,07,0.0,30.403185,9.976511,2092
28283,r6i1p1f1,2092,06,08,0.0,35.88849,18.993792,2092
28284,r6i1p1f1,2092,06,09,0.0,36.780716,17.341413,2092
28285,r6i1p1f1,2092,06,10,0.0005226171926288148,37.26743,18.32664,2092
28286,r6i1p1f1,2092,06,11,0.0,36.932724,16.933826,2092
28287,r6i1p1f1,2092,06,12,0.18199113181089477,35.407944,15.472675,2092
28288,r6i1p1f1,2092,06,13,0.0,33.32171,13.018053,2092
28289,r6i1p1f1,2092,06,14,0.0,30.723063,10.823206,2092
28290,r6i1p1f1,2092,06,15,0.0,28.93542,9.715159,2092
28291,r6i1p1f1,2092,06,16,0.0,28.852335,9.60946,2092
28292,r6i1p1f1,2092,06,17,0.0,31.564558,11.392482,2092
28293,r6i1p1f1,2092,06,18,0.0,35.123756,14.414467,2092
28294,r6i1p1f1,2092,06,19,0.0,38.077667,17.356928,2092
28295,r6i1p1f1,2092,06,20,0.0,39.71302,19.378202,2092
28296,r6i1p1f1,2092,06,21,0.0,39.524628,19.667713,2092
28297,r6i1p1f1,2092,06,22,0.0,37.159004,17.524214,2092
28298,r6i1p1f1,2092,06,23,0.0,33.850433,13.198366,2092
28299,r6i1p1f1,2092,06,24,0.0,33.348305,12.490466,2092
28300,r6i1p1f1,2092,06,25,0.0,33.19953,12.791828,2092
28301,r6i1p1f1,2092,06,26,1.920661020358676,30.444351,9.837359,2092
28302,r6i1p1f1,2092,06,27,0.0,35.141613,13.641828,2092
28303,r6i1p1f1,2092,06,28,0.0,35.74375,14.399003,2092
28304,r6i1p1f1,2092,06,29,0.0,34.91892,14.628596,2092
28305,r6i1p1f1,2092,06,30,0.0,33.45698,13.34869,2092
28306,r6i1p1f1,2092,07,01,0.0,34.390636,12.144088,2092
28307,r6i1p1f1,2092,07,02,0.0,35.450115,13.549828,2092
28308,r6i1p1f1,2092,07,03,0.0,35.96283,14.027565,2092
28309,r6i1p1f1,2092,07,04,0.0,36.168854,14.352855,2092
28310,r6i1p1f1,2092,07,05,0.0,36.205288,13.800322,2092
28311,r6i1p1f1,2092,07,06,0.0,36.166973,14.290397,2092
28312,r6i1p1f1,2092,07,07,0.0,36.232285,14.105035,2092
28313,r6i1p1f1,2092,07,08,0.0,36.770897,14.569863,2092
28314,r6i1p1f1,2092,07,09,0.0,38.777905,16.657026,2092
28315,r6i1p1f1,2092,07,10,0.0,38.995876,16.728027,2092
28316,r6i1p1f1,2092,07,11,0.29993105631933675,36.869766,14.055988,2092
28317,r6i1p1f1,2092,07,12,0.0,35.02485,14.309099,2092
28318,r6i1p1f1,2092,07,13,0.0,36.072952,14.435148,2092
28319,r6i1p1f1,2092,07,14,0.0,36.7392,15.424505,2092
28320,r6i1p1f1,2092,07,15,0.0013321941714228107,34.703033,13.348151,2092
28321,r6i1p1f1,2092,07,16,0.0,33.281487,12.291901,2092
28322,r6i1p1f1,2092,07,17,0.0,31.662125,10.766719,2092
28323,r6i1p1f1,2092,07,18,0.0,33.820274,11.998767,2092
28324,r6i1p1f1,2092,07,19,0.0019143497700021986,35.02704,12.583904,2092
28325,r6i1p1f1,2092,07,20,0.0,35.369297,12.356992,2092
28326,r6i1p1f1,2092,07,21,0.0,36.589325,15.271056,2092
28327,r6i1p1f1,2092,07,22,0.0,37.583538,15.52514,2092
28328,r6i1p1f1,2092,07,23,0.0,37.953598,15.537774,2092
28329,r6i1p1f1,2092,07,24,0.0,37.67261,15.669368,2092
28330,r6i1p1f1,2092,07,25,0.0,36.63396,14.735714,2092
28331,r6i1p1f1,2092,07,26,0.0,36.708466,14.694053,2092
28332,r6i1p1f1,2092,07,27,0.0,38.459213,16.905668,2092
28333,r6i1p1f1,2092,07,28,0.0,39.69707,17.738003,2092
28334,r6i1p1f1,2092,07,29,0.0,41.4966,19.692734,2092
28335,r6i1p1f1,2092,07,30,0.0,43.69508,21.2954,2092
28336,r6i1p1f1,2092,07,31,0.37145244607590583,44.09152,21.523615,2092
28337,r6i1p1f1,2092,08,01,0.0,40.884712,20.209385,2092
28338,r6i1p1f1,2092,08,02,0.15593825369832026,39.07765,18.050753,2092
28339,r6i1p1f1,2092,08,03,0.019097457389309423,37.826473,16.93341,2092
28340,r6i1p1f1,2092,08,04,0.9753368752304515,38.120632,17.22655,2092
28341,r6i1p1f1,2092,08,05,0.01050167730331527,37.74509,16.809278,2092
28342,r6i1p1f1,2092,08,06,0.027468054836859452,38.432762,16.438982,2092
28343,r6i1p1f1,2092,08,07,0.0,39.096268,17.249037,2092
28344,r6i1p1f1,2092,08,08,0.0,39.997845,18.41521,2092
28345,r6i1p1f1,2092,08,09,0.0,40.95107,18.81724,2092
28346,r6i1p1f1,2092,08,10,0.0,40.77483,19.135164,2092
28347,r6i1p1f1,2092,08,11,0.0,40.022038,17.541862,2092
28348,r6i1p1f1,2092,08,12,0.0,40.507828,19.251623,2092
28349,r6i1p1f1,2092,08,13,0.0,40.765343,19.317402,2092
28350,r6i1p1f1,2092,08,14,0.0,40.72148,20.167044,2092
28351,r6i1p1f1,2092,08,15,0.0,40.914875,19.990751,2092
28352,r6i1p1f1,2092,08,16,0.0,41.112034,19.712267,2092
28353,r6i1p1f1,2092,08,17,0.0,40.87872,20.123093,2092
28354,r6i1p1f1,2092,08,18,0.010921498147082848,39.0274,17.544094,2092
28355,r6i1p1f1,2092,08,19,0.0,37.266228,16.181883,2092
28356,r6i1p1f1,2092,08,20,0.0,36.561733,14.987334,2092
28357,r6i1p1f1,2092,08,21,0.0,36.21931,15.41786,2092
28358,r6i1p1f1,2092,08,22,0.0,35.906883,14.416566,2092
28359,r6i1p1f1,2092,08,23,0.0,33.91238,12.305411,2092
28360,r6i1p1f1,2092,08,24,0.08494537632951223,31.606422,10.441675,2092
28361,r6i1p1f1,2092,08,25,0.0,30.225533,10.605499,2092
28362,r6i1p1f1,2092,08,26,0.0,31.672827,11.138947,2092
28363,r6i1p1f1,2092,08,27,0.0,32.945164,12.40472,2092
28364,r6i1p1f1,2092,08,28,0.0,34.002026,12.739742,2092
28365,r6i1p1f1,2092,08,29,0.0,34.171284,13.002184,2092
28366,r6i1p1f1,2092,08,30,0.0,35.504852,14.313297,2092
28367,r6i1p1f1,2092,08,31,0.0,36.112793,14.437264,2092
28368,r6i1p1f1,2092,09,01,0.002164742019612846,35.7097,15.859109,2092
28369,r6i1p1f1,2092,09,02,0.0,35.664555,16.13163,2092
28370,r6i1p1f1,2092,09,03,0.0,41.472797,19.938396,2092
28371,r6i1p1f1,2092,09,04,0.04215693340281291,40.74646,20.328613,2092
28372,r6i1p1f1,2092,09,05,0.0,37.58488,17.222218,2092
28373,r6i1p1f1,2092,09,06,0.0,35.77517,17.151546,2092
28374,r6i1p1f1,2092,09,07,0.01837017120647118,35.496387,15.414724,2092
28375,r6i1p1f1,2092,09,08,0.023443342964520816,33.726112,14.475512,2092
28376,r6i1p1f1,2092,09,09,0.0,35.189396,14.72367,2092
28377,r6i1p1f1,2092,09,10,0.0,33.86781,14.231868,2092
28378,r6i1p1f1,2092,09,11,0.0,35.614895,15.369493,2092
28379,r6i1p1f1,2092,09,12,0.0,35.768314,14.936297,2092
28380,r6i1p1f1,2092,09,13,0.0,34.8875,13.437949,2092
28381,r6i1p1f1,2092,09,14,0.0,33.324303,13.120567,2092
28382,r6i1p1f1,2092,09,15,0.0,30.894897,10.6563015,2092
28383,r6i1p1f1,2092,09,16,0.0,32.31011,10.958978,2092
28384,r6i1p1f1,2092,09,17,0.0,31.643839,12.289438,2092
28385,r6i1p1f1,2092,09,18,0.0,33.34443,13.187099,2092
28386,r6i1p1f1,2092,09,19,0.0,34.338966,13.903634,2092
28387,r6i1p1f1,2092,09,20,0.0,35.033955,14.71474,2092
28388,r6i1p1f1,2092,09,21,0.0,34.816837,13.718785,2092
28389,r6i1p1f1,2092,09,22,0.0,33.742626,13.855377,2092
28390,r6i1p1f1,2092,09,23,0.0,34.357376,14.682857,2092
28391,r6i1p1f1,2092,09,24,0.0,36.169853,15.005031,2092
28392,r6i1p1f1,2092,09,25,2.640054788572405e-06,36.595703,15.559389,2092
28393,r6i1p1f1,2092,09,26,0.0,37.064804,16.52383,2092
28394,r6i1p1f1,2092,09,27,0.0,36.91211,16.43571,2092
28395,r6i1p1f1,2092,09,28,0.0006561192302088059,37.010826,16.622757,2092
28396,r6i1p1f1,2092,09,29,0.0,37.128723,17.182945,2092
28397,r6i1p1f1,2092,09,30,0.0,36.142536,14.733508,2092
28398,r6i1p1f1,2092,10,01,0.0,34.73942,12.841136,2092
28399,r6i1p1f1,2092,10,02,0.0,33.02394,12.328441,2092
28400,r6i1p1f1,2092,10,03,0.0,30.785515,10.928397,2092
28401,r6i1p1f1,2092,10,04,0.0,30.77387,11.215318,2092
28402,r6i1p1f1,2092,10,05,0.0,32.313698,11.803235,2092
28403,r6i1p1f1,2092,10,06,0.0,31.733862,11.755635,2092
28404,r6i1p1f1,2092,10,07,0.0,33.650555,12.584508,2092
28405,r6i1p1f1,2092,10,08,0.0012923869912132805,34.114643,12.85737,2092
28406,r6i1p1f1,2092,10,09,0.0,32.583027,12.988762,2092
28407,r6i1p1f1,2092,10,10,0.0,29.391745,12.714528,2092
28408,r6i1p1f1,2092,10,11,0.048334335370767284,28.357693,11.076719,2092
28409,r6i1p1f1,2092,10,12,0.3552424547772919,28.325895,9.420815,2092
28410,r6i1p1f1,2092,10,13,0.0,28.505028,11.459205,2092
28411,r6i1p1f1,2092,10,14,0.631973229551873,26.141775,9.162582,2092
28412,r6i1p1f1,2092,10,15,0.20251011686775675,26.758755,8.340672,2092
28413,r6i1p1f1,2092,10,16,14.11413181712296,24.733656,8.407303,2092
28414,r6i1p1f1,2092,10,17,6.85136216140307,19.056524,10.359942,2092
28415,r6i1p1f1,2092,10,18,4.449677993376344,18.029512,7.284182,2092
28416,r6i1p1f1,2092,10,19,0.3933855145439928,19.355417,7.452603,2092
28417,r6i1p1f1,2092,10,20,0.013195139223061423,23.06779,5.82827,2092
28418,r6i1p1f1,2092,10,21,0.5412017022815042,21.298088,5.9804516,2092
28419,r6i1p1f1,2092,10,22,3.838982492925522,18.595436,5.3022575,2092
28420,r6i1p1f1,2092,10,23,0.0997801288955411,19.324686,6.283136,2092
28421,r6i1p1f1,2092,10,24,0.010023379392206632,22.080141,6.6686788,2092
28422,r6i1p1f1,2092,10,25,0.0,23.751633,7.45706,2092
28423,r6i1p1f1,2092,10,26,0.000574792019924809,20.450691,4.9118443,2092
28424,r6i1p1f1,2092,10,27,0.0,17.227118,1.3929354,2092
28425,r6i1p1f1,2092,10,28,0.5198655700893017,17.97847,2.021577,2092
28426,r6i1p1f1,2092,10,29,20.07791772038811,16.610086,5.1615705,2092
28427,r6i1p1f1,2092,10,30,23.0089042011918,17.897663,8.502789,2092
28428,r6i1p1f1,2092,10,31,59.15847847314466,17.627192,5.7936063,2092
28429,r6i1p1f1,2092,11,01,26.97989662923314,11.80827,3.6871977,2092
28430,r6i1p1f1,2092,11,02,9.50523138360037,12.592126,2.635434,2092
28431,r6i1p1f1,2092,11,03,3.5730415891140157,12.908696,3.080301,2092
28432,r6i1p1f1,2092,11,04,5.614850219510209,10.875936,3.7657812,2092
28433,r6i1p1f1,2092,11,05,2.2157390672783173,13.221784,5.637533,2092
28434,r6i1p1f1,2092,11,06,0.0,18.27662,3.3234212,2092
28435,r6i1p1f1,2092,11,07,0.02082992004248538,17.712126,4.2613,2092
28436,r6i1p1f1,2092,11,08,0.5520128207938625,14.887264,4.9748015,2092
28437,r6i1p1f1,2092,11,09,0.0,19.514318,4.1322947,2092
28438,r6i1p1f1,2092,11,10,0.006765325572599275,20.534897,4.280877,2092
28439,r6i1p1f1,2092,11,11,11.138989534525873,17.100086,6.67411,2092
28440,r6i1p1f1,2092,11,12,0.443438011021773,13.843247,4.7576923,2092
28441,r6i1p1f1,2092,11,13,0.3047665161635156,13.472614,3.3921268,2092
28442,r6i1p1f1,2092,11,14,17.550438341951892,10.5224085,4.345906,2092
28443,r6i1p1f1,2092,11,15,0.1068366783849725,13.533437,3.6692479,2092
28444,r6i1p1f1,2092,11,16,7.565038939020609,12.556454,1.8555449,2092
28445,r6i1p1f1,2092,11,17,23.325558231841377,12.447173,3.3155582,2092
28446,r6i1p1f1,2092,11,18,0.10450261739151513,13.032173,6.3337073,2092
28447,r6i1p1f1,2092,11,19,12.458384786618787,12.296543,4.18243,2092
28448,r6i1p1f1,2092,11,20,41.270391975100104,13.715161,1.7124166,2092
28449,r6i1p1f1,2092,11,21,5.977579583718237,10.6621,-2.020571,2092
28450,r6i1p1f1,2092,11,22,14.244990733706064,7.0696716,-0.43243727,2092
28451,r6i1p1f1,2092,11,23,7.989914138306631,6.8821173,-0.7374696,2092
28452,r6i1p1f1,2092,11,24,0.0,10.6255455,-3.398274,2092
28453,r6i1p1f1,2092,11,25,0.0,10.132121,-3.9922786,2092
28454,r6i1p1f1,2092,11,26,0.33826330568068247,9.382159,-0.5727542,2092
28455,r6i1p1f1,2092,11,27,0.509688763991105,10.820518,-1.3241316,2092
28456,r6i1p1f1,2092,11,28,9.406639481525701,9.035301,3.3866065,2092
28457,r6i1p1f1,2092,11,29,9.01539424458306,10.535271,2.923505,2092
28458,r6i1p1f1,2092,11,30,0.08423502456741772,11.799414,-1.8061763,2092
28459,r6i1p1f1,2092,12,01,0.0,10.055061,-2.6996603,2092
28460,r6i1p1f1,2092,12,02,0.0,10.512479,-1.3315419,2092
28461,r6i1p1f1,2092,12,03,0.7925496013535837,12.76236,1.3064154,2092
28462,r6i1p1f1,2092,12,04,5.4157538836537675,11.323613,5.1327915,2092
28463,r6i1p1f1,2092,12,05,12.12679380757865,9.155438,-0.32997516,2092
28464,r6i1p1f1,2092,12,06,0.003559602229004275,5.9898396,-2.2701268,2092
28465,r6i1p1f1,2092,12,07,0.0,8.634862,-1.8129287,2092
28466,r6i1p1f1,2092,12,08,0.0,10.79596,-1.5136338,2092
28467,r6i1p1f1,2092,12,09,0.4850607541661078,8.176404,-0.6340616,2092
28468,r6i1p1f1,2092,12,10,0.9776010890461868,11.485331,-0.7817988,2092
28469,r6i1p1f1,2092,12,11,0.0,15.113163,2.1558704,2092
28470,r6i1p1f1,2092,12,12,0.011210073135172992,17.170189,3.521762,2092
28471,r6i1p1f1,2092,12,13,0.0,16.676067,4.3733463,2092
28472,r6i1p1f1,2092,12,14,0.0,13.290442,0.13958932,2092
28473,r6i1p1f1,2092,12,15,0.008004325117098535,14.270915,2.8964074,2092
28474,r6i1p1f1,2092,12,16,0.006917359803215651,14.163398,4.870308,2092
28475,r6i1p1f1,2092,12,17,1.2548175695592227,10.19063,4.8015475,2092
28476,r6i1p1f1,2092,12,18,4.343319084682249,11.408833,2.692308,2092
28477,r6i1p1f1,2092,12,19,1.322307316906835,12.513213,4.5951133,2092
28478,r6i1p1f1,2092,12,20,8.967573935453347,13.649623,7.1009774,2092
28479,r6i1p1f1,2092,12,21,36.835240277981626,11.808196,6.5500627,2092
28480,r6i1p1f1,2092,12,22,33.02788248253203,10.853401,4.763147,2092
28481,r6i1p1f1,2092,12,23,28.145991629118996,12.118806,6.293549,2092
28482,r6i1p1f1,2092,12,24,3.3234394975907073,12.000983,-1.7712618,2092
28483,r6i1p1f1,2092,12,25,5.05479616615402,4.7098327,-1.3010156,2092
28484,r6i1p1f1,2092,12,26,9.28576626547282,6.2455635,-0.77859384,2092
28485,r6i1p1f1,2092,12,27,29.17150106468918,8.632808,1.4227113,2092
28486,r6i1p1f1,2092,12,28,5.947082595778634,7.532403,1.0940174,2092
28487,r6i1p1f1,2092,12,29,4.034822451257242,8.391155,2.5451128,2092
28488,r6i1p1f1,2092,12,30,0.005964954164350355,9.6808195,-1.1154209,2092
28489,r6i1p1f1,2092,12,31,17.531015797739265,8.144192,-4.027458,2092
28490,r6i1p1f1,2093,01,01,0.015600585855909722,9.45595,-2.403783,2093
28491,r6i1p1f1,2093,01,02,5.40884908670952,11.805413,2.62989,2093
28492,r6i1p1f1,2093,01,03,31.11069512282292,14.528305,5.764641,2093
28493,r6i1p1f1,2093,01,04,71.83357843460206,15.083704,8.786832,2093
28494,r6i1p1f1,2093,01,05,44.2789806159829,13.449245,6.066073,2093
28495,r6i1p1f1,2093,01,06,46.69435454395598,12.706688,7.336833,2093
28496,r6i1p1f1,2093,01,07,45.37514275275141,13.637813,2.8863873,2093
28497,r6i1p1f1,2093,01,08,0.5655473484185624,9.683782,0.68969256,2093
28498,r6i1p1f1,2093,01,09,6.307504522441545,7.1316867,0.38300326,2093
28499,r6i1p1f1,2093,01,10,23.400106121881013,14.364603,1.78524,2093
28500,r6i1p1f1,2093,01,11,5.484775160459612,15.164182,6.8500113,2093
28501,r6i1p1f1,2093,01,12,0.010681220544088993,15.740531,5.5963225,2093
28502,r6i1p1f1,2093,01,13,0.009023910916450457,17.026133,5.047119,2093
28503,r6i1p1f1,2093,01,14,0.00022104108481623634,16.92727,6.1867557,2093
28504,r6i1p1f1,2093,01,15,6.958873694565748,16.051107,6.985094,2093
28505,r6i1p1f1,2093,01,16,0.7960550815467617,13.758307,5.1733685,2093
28506,r6i1p1f1,2093,01,17,0.0,11.382533,3.9204361,2093
28507,r6i1p1f1,2093,01,18,0.001068821528652471,12.029041,4.2220836,2093
28508,r6i1p1f1,2093,01,19,1.3358928460128496,13.261583,5.7209287,2093
28509,r6i1p1f1,2093,01,20,0.0,16.726048,5.0015163,2093
28510,r6i1p1f1,2093,01,21,3.003320923784717,15.749755,6.004258,2093
28511,r6i1p1f1,2093,01,22,0.07222777849276944,16.134285,6.2960796,2093
28512,r6i1p1f1,2093,01,23,2.226856687700915,14.197224,7.2682085,2093
28513,r6i1p1f1,2093,01,24,4.589840925795053,13.998646,8.675173,2093
28514,r6i1p1f1,2093,01,25,51.60330498470606,13.391318,7.7611856,2093
28515,r6i1p1f1,2093,01,26,7.428930956743006,13.351807,3.281096,2093
28516,r6i1p1f1,2093,01,27,0.0,15.16795,0.5892464,2093
28517,r6i1p1f1,2093,01,28,6.158892783534095,11.388801,-2.4105976,2093
28518,r6i1p1f1,2093,01,29,7.1132090322007935,12.246578,1.6771265,2093
28519,r6i1p1f1,2093,01,30,16.916274493098825,12.302866,5.6055074,2093
28520,r6i1p1f1,2093,01,31,14.589281155930442,12.49583,5.2390103,2093
28521,r6i1p1f1,2093,02,01,18.337107738145225,15.9296,4.001493,2093
28522,r6i1p1f1,2093,02,02,42.94981226602723,16.125395,1.5605737,2093
28523,r6i1p1f1,2093,02,03,0.0042056332720380885,11.309872,-0.259455,2093
28524,r6i1p1f1,2093,02,04,0.0,11.991703,0.33658704,2093
28525,r6i1p1f1,2093,02,05,0.0045577300720430515,14.630993,1.0501319,2093
28526,r6i1p1f1,2093,02,06,2.423622121154514,10.881758,-2.5499852,2093
28527,r6i1p1f1,2093,02,07,26.549982501897585,5.9438133,0.50200987,2093
28528,r6i1p1f1,2093,02,08,6.563342367464798,7.1223397,0.49547073,2093
28529,r6i1p1f1,2093,02,09,0.2650090943150101,8.29319,-6.0168457,2093
28530,r6i1p1f1,2093,02,10,13.46979088257047,7.3842597,-4.287427,2093
28531,r6i1p1f1,2093,02,11,27.759920198326373,6.655683,-0.6771846,2093
28532,r6i1p1f1,2093,02,12,18.25476226893988,6.725289,0.17154075,2093
28533,r6i1p1f1,2093,02,13,23.295648143977512,7.127942,-0.1929777,2093
28534,r6i1p1f1,2093,02,14,4.604262862334943,7.4232855,-2.2159107,2093
28535,r6i1p1f1,2093,02,15,0.20469947168850167,8.814656,-4.1256404,2093
28536,r6i1p1f1,2093,02,16,0.8725603506672899,6.79232,-1.4159118,2093
28537,r6i1p1f1,2093,02,17,6.576428570004881,5.010947,-3.5205135,2093
28538,r6i1p1f1,2093,02,18,0.002090462470648164,7.9253435,-5.870604,2093
28539,r6i1p1f1,2093,02,19,0.4296272456034307,10.231807,-0.5738622,2093
28540,r6i1p1f1,2093,02,20,0.1018627515648313,7.3815203,-0.81436735,2093
28541,r6i1p1f1,2093,02,21,11.835294422925914,6.8265014,-0.11365516,2093
28542,r6i1p1f1,2093,02,22,5.585510945641441,7.4057803,-0.104654156,2093
28543,r6i1p1f1,2093,02,23,0.03609184894085708,9.789733,0.7985196,2093
28544,r6i1p1f1,2093,02,24,2.181460532259086,10.712137,-0.3901478,2093
28545,r6i1p1f1,2093,02,25,1.4243126573309057,11.94921,2.658153,2093
28546,r6i1p1f1,2093,02,26,49.97331255735538,11.107239,1.208354,2093
28547,r6i1p1f1,2093,02,27,21.390584605779598,10.1744,0.020810852,2093
28548,r6i1p1f1,2093,02,28,13.40562858355866,5.3958893,-0.34712657,2093
28549,r6i1p1f1,2093,03,01,0.0,9.280189,-1.0179393,2093
28550,r6i1p1f1,2093,03,02,0.0,13.047298,-4.55048,2093
28551,r6i1p1f1,2093,03,03,0.018392586270092753,12.973797,-1.34839,2093
28552,r6i1p1f1,2093,03,04,10.768852169079675,9.785332,-1.0487915,2093
28553,r6i1p1f1,2093,03,05,0.0,12.32649,0.061324477,2093
28554,r6i1p1f1,2093,03,06,11.224737228557698,9.298527,-0.050565947,2093
28555,r6i1p1f1,2093,03,07,0.89144552347763,9.365104,-0.81263447,2093
28556,r6i1p1f1,2093,03,08,0.0,11.679899,-2.0519683,2093
28557,r6i1p1f1,2093,03,09,0.0,16.414902,-1.321917,2093
28558,r6i1p1f1,2093,03,10,0.0,17.566767,-0.08940538,2093
28559,r6i1p1f1,2093,03,11,0.0,18.606018,0.80704767,2093
28560,r6i1p1f1,2093,03,12,0.0,18.76274,2.0574374,2093
28561,r6i1p1f1,2093,03,13,0.0,21.152208,5.226181,2093
28562,r6i1p1f1,2093,03,14,0.0009476876631478681,19.788311,3.6720273,2093
28563,r6i1p1f1,2093,03,15,14.577948243466492,11.438181,3.0469697,2093
28564,r6i1p1f1,2093,03,16,0.04502073507961868,13.4638405,5.0503135,2093
28565,r6i1p1f1,2093,03,17,4.684889933124497,12.626572,-0.92430586,2093
28566,r6i1p1f1,2093,03,18,0.0,15.266209,0.19240929,2093
28567,r6i1p1f1,2093,03,19,0.0,18.28771,1.3167356,2093
28568,r6i1p1f1,2093,03,20,0.0,22.101854,2.7636964,2093
28569,r6i1p1f1,2093,03,21,0.0,23.466402,5.07651,2093
28570,r6i1p1f1,2093,03,22,0.0,23.56216,5.073549,2093
28571,r6i1p1f1,2093,03,23,0.0,22.37594,4.464081,2093
28572,r6i1p1f1,2093,03,24,0.0,22.41165,3.430242,2093
28573,r6i1p1f1,2093,03,25,0.0,23.246183,4.4556127,2093
28574,r6i1p1f1,2093,03,26,0.0,23.29613,4.5015903,2093
28575,r6i1p1f1,2093,03,27,0.0,23.944069,4.4068756,2093
28576,r6i1p1f1,2093,03,28,0.0,23.784544,5.250382,2093
28577,r6i1p1f1,2093,03,29,7.2642278060767085,14.817026,-4.922343,2093
28578,r6i1p1f1,2093,03,30,5.530797062478843,3.9623578,-6.500921,2093
28579,r6i1p1f1,2093,03,31,3.048519358370256,2.0555928,-5.819171,2093
28580,r6i1p1f1,2093,04,01,1.4153183653281949,2.6108594,-5.98633,2093
28581,r6i1p1f1,2093,04,02,6.610791494637197,4.2161684,-4.0000353,2093
28582,r6i1p1f1,2093,04,03,0.16969119290598136,4.2152658,-3.9884107,2093
28583,r6i1p1f1,2093,04,04,0.002568049872246034,7.672394,-5.3072886,2093
28584,r6i1p1f1,2093,04,05,0.0,18.462814,-1.7743154,2093
28585,r6i1p1f1,2093,04,06,0.0008276887187004519,19.534496,2.3784504,2093
28586,r6i1p1f1,2093,04,07,0.0,19.077461,4.4346323,2093
28587,r6i1p1f1,2093,04,08,1.3848331529295455,15.921658,-0.7599393,2093
28588,r6i1p1f1,2093,04,09,4.1391183719203255,10.893949,-0.45700482,2093
28589,r6i1p1f1,2093,04,10,0.05525342936989755,13.661775,3.027327,2093
28590,r6i1p1f1,2093,04,11,1.2334906834457107,10.876312,-0.099964626,2093
28591,r6i1p1f1,2093,04,12,5.457559847134802,6.4068274,-7.436475,2093
28592,r6i1p1f1,2093,04,13,1.3959070390280481,3.0431957,-6.2585645,2093
28593,r6i1p1f1,2093,04,14,0.0208979543704521,15.9740925,-1.8253204,2093
28594,r6i1p1f1,2093,04,15,0.0,19.02021,3.5994048,2093
28595,r6i1p1f1,2093,04,16,0.0,21.602625,2.7923741,2093
28596,r6i1p1f1,2093,04,17,1.299457646669501,18.709341,3.4115033,2093
28597,r6i1p1f1,2093,04,18,1.1762474669777714,13.702668,0.78626525,2093
28598,r6i1p1f1,2093,04,19,8.174248349882594,11.893727,2.0899897,2093
28599,r6i1p1f1,2093,04,20,1.3125935152939618,18.275625,3.3389444,2093
28600,r6i1p1f1,2093,04,21,13.334620282351239,14.209857,-1.66719,2093
28601,r6i1p1f1,2093,04,22,2.664534960223616,13.1523075,-0.35195845,2093
28602,r6i1p1f1,2093,04,23,2.968573816817569,12.954373,0.10743603,2093
28603,r6i1p1f1,2093,04,24,1.8178431317754145,13.465348,0.4510019,2093
28604,r6i1p1f1,2093,04,25,4.801931855299607,10.189201,0.76390964,2093
28605,r6i1p1f1,2093,04,26,2.480585762301627,12.839314,1.094744,2093
28606,r6i1p1f1,2093,04,27,1.9329019796693032,12.514144,2.0953898,2093
28607,r6i1p1f1,2093,04,28,11.780149758839954,13.335564,-2.4219973,2093
28608,r6i1p1f1,2093,04,29,11.256880216128415,13.446167,-1.8845154,2093
28609,r6i1p1f1,2093,04,30,2.0821162255757404,16.449831,-3.0021849,2093
28610,r6i1p1f1,2093,05,01,2.13119332775765,15.5110235,-1.7470002,2093
28611,r6i1p1f1,2093,05,02,0.0,19.639484,4.1713805,2093
28612,r6i1p1f1,2093,05,03,0.0001019842959926745,23.179005,7.74433,2093
28613,r6i1p1f1,2093,05,04,4.084647359326956,19.149244,5.2552466,2093
28614,r6i1p1f1,2093,05,05,14.759090915130392,15.435518,3.551099,2093
28615,r6i1p1f1,2093,05,06,0.930102544797563,16.92204,4.144375,2093
28616,r6i1p1f1,2093,05,07,2.5919738231831793,17.996758,3.265755,2093
28617,r6i1p1f1,2093,05,08,1.551580905238992,23.485973,4.676345,2093
28618,r6i1p1f1,2093,05,09,0.0,24.63308,7.061945,2093
28619,r6i1p1f1,2093,05,10,0.0,25.146158,7.0448685,2093
28620,r6i1p1f1,2093,05,11,0.00048247265453634056,23.8513,6.2220273,2093
28621,r6i1p1f1,2093,05,12,26.707932319633528,13.3698,4.7439675,2093
28622,r6i1p1f1,2093,05,13,0.4319405633066855,19.40608,1.5562724,2093
28623,r6i1p1f1,2093,05,14,0.010626974551487247,21.974415,6.154571,2093
28624,r6i1p1f1,2093,05,15,0.831225612292028,16.51492,4.413873,2093
28625,r6i1p1f1,2093,05,16,11.246943279333577,17.160007,5.5527573,2093
28626,r6i1p1f1,2093,05,17,32.39423474893626,15.138368,3.524376,2093
28627,r6i1p1f1,2093,05,18,0.0,22.942638,3.951343,2093
28628,r6i1p1f1,2093,05,19,0.020436659700885308,26.608686,6.6997256,2093
28629,r6i1p1f1,2093,05,20,0.2042750988862643,26.735857,7.443542,2093
28630,r6i1p1f1,2093,05,21,1.2423669392846601,25.67105,7.0244765,2093
28631,r6i1p1f1,2093,05,22,0.5938957152718946,25.143038,7.6241,2093
28632,r6i1p1f1,2093,05,23,1.6953444080641717,26.003845,8.02361,2093
28633,r6i1p1f1,2093,05,24,1.6477044109834516,24.892069,9.071179,2093
28634,r6i1p1f1,2093,05,25,1.3411007070374643,22.762585,4.7541585,2093
28635,r6i1p1f1,2093,05,26,0.025157156625124445,29.858086,10.922086,2093
28636,r6i1p1f1,2093,05,27,0.032394028068776476,31.329042,12.559925,2093
28637,r6i1p1f1,2093,05,28,0.30177533826270936,29.498772,11.879941,2093
28638,r6i1p1f1,2093,05,29,0.04116880662503709,29.513292,10.685412,2093
28639,r6i1p1f1,2093,05,30,1.1718264450637954,23.002787,5.4937534,2093
28640,r6i1p1f1,2093,05,31,0.7728520909420171,26.43249,10.139475,2093
28641,r6i1p1f1,2093,06,01,0.021020033042774625,27.694386,10.299963,2093
28642,r6i1p1f1,2093,06,02,0.0,29.498026,9.186476,2093
28643,r6i1p1f1,2093,06,03,1.4032764650312528,28.436956,9.09652,2093
28644,r6i1p1f1,2093,06,04,0.03309872507016642,28.845528,10.04694,2093
28645,r6i1p1f1,2093,06,05,0.0,30.796368,10.928644,2093
28646,r6i1p1f1,2093,06,06,0.0,30.774263,11.9227915,2093
28647,r6i1p1f1,2093,06,07,0.19994863142027458,26.519394,8.061774,2093
28648,r6i1p1f1,2093,06,08,0.0,24.759254,5.976032,2093
28649,r6i1p1f1,2093,06,09,0.0,30.48631,10.7088175,2093
28650,r6i1p1f1,2093,06,10,0.812712406162587,32.150997,13.52733,2093
28651,r6i1p1f1,2093,06,11,3.385708750148092,25.974934,8.23132,2093
28652,r6i1p1f1,2093,06,12,0.16414643944868168,29.300674,13.128587,2093
28653,r6i1p1f1,2093,06,13,3.7054722137675236,26.93573,8.342697,2093
28654,r6i1p1f1,2093,06,14,1.2277760616507343,24.686834,5.461306,2093
28655,r6i1p1f1,2093,06,15,0.010062794342690822,29.330242,10.462736,2093
28656,r6i1p1f1,2093,06,16,0.0,29.72523,13.085065,2093
28657,r6i1p1f1,2093,06,17,0.0,31.147902,11.949797,2093
28658,r6i1p1f1,2093,06,18,0.0,33.767933,13.005515,2093
28659,r6i1p1f1,2093,06,19,0.0,36.410557,15.420946,2093
28660,r6i1p1f1,2093,06,20,0.0,36.097385,15.357031,2093
28661,r6i1p1f1,2093,06,21,0.0,34.16543,13.802477,2093
28662,r6i1p1f1,2093,06,22,0.0,33.457073,12.999572,2093
28663,r6i1p1f1,2093,06,23,2.260457043955378,30.985632,11.499929,2093
28664,r6i1p1f1,2093,06,24,0.4554634011913951,20.951685,4.9877124,2093
28665,r6i1p1f1,2093,06,25,3.624408835935222,15.944446,0.39167976,2093
28666,r6i1p1f1,2093,06,26,0.0012399985564236476,25.315815,5.7957816,2093
28667,r6i1p1f1,2093,06,27,0.0,30.931095,10.198077,2093
28668,r6i1p1f1,2093,06,28,0.0,34.233303,13.661169,2093
28669,r6i1p1f1,2093,06,29,0.0,34.641464,14.10369,2093
28670,r6i1p1f1,2093,06,30,0.0,33.948895,12.949428,2093
28671,r6i1p1f1,2093,07,01,0.0,32.784767,12.569904,2093
28672,r6i1p1f1,2093,07,02,0.0,33.621967,13.203085,2093
28673,r6i1p1f1,2093,07,03,0.0,35.43693,13.6886,2093
28674,r6i1p1f1,2093,07,04,0.0,35.255898,13.258196,2093
28675,r6i1p1f1,2093,07,05,0.0,34.404514,12.662459,2093
28676,r6i1p1f1,2093,07,06,0.0,34.364304,14.87444,2093
28677,r6i1p1f1,2093,07,07,0.0,34.38426,13.857919,2093
28678,r6i1p1f1,2093,07,08,0.0,35.14633,13.876299,2093
28679,r6i1p1f1,2093,07,09,0.0,35.31543,13.493121,2093
28680,r6i1p1f1,2093,07,10,0.0,33.282833,14.118772,2093
28681,r6i1p1f1,2093,07,11,0.0,33.366596,13.198533,2093
28682,r6i1p1f1,2093,07,12,0.0,32.99485,12.357415,2093
28683,r6i1p1f1,2093,07,13,0.0,34.83507,12.091978,2093
28684,r6i1p1f1,2093,07,14,0.0,35.70824,13.280344,2093
28685,r6i1p1f1,2093,07,15,0.0,35.913715,14.866938,2093
28686,r6i1p1f1,2093,07,16,0.0,36.886955,15.368179,2093
28687,r6i1p1f1,2093,07,17,0.0,38.935883,17.159058,2093
28688,r6i1p1f1,2093,07,18,0.0,39.11891,17.765936,2093
28689,r6i1p1f1,2093,07,19,0.0,38.928814,17.61137,2093
28690,r6i1p1f1,2093,07,20,0.0,39.022167,16.858442,2093
28691,r6i1p1f1,2093,07,21,0.0,39.41573,17.814827,2093
28692,r6i1p1f1,2093,07,22,0.015103929848591874,40.402157,18.380932,2093
28693,r6i1p1f1,2093,07,23,0.0,40.23628,18.301426,2093
28694,r6i1p1f1,2093,07,24,0.0,39.387524,17.634504,2093
28695,r6i1p1f1,2093,07,25,0.0,38.54118,16.482267,2093
28696,r6i1p1f1,2093,07,26,0.008275272993058292,37.12462,15.525002,2093
28697,r6i1p1f1,2093,07,27,0.9173134768900855,36.69137,15.787851,2093
28698,r6i1p1f1,2093,07,28,1.0506597087400256,35.81719,14.937846,2093
28699,r6i1p1f1,2093,07,29,0.17212128133739688,31.247124,14.318217,2093
28700,r6i1p1f1,2093,07,30,0.0233388970059605,31.190884,12.133117,2093
28701,r6i1p1f1,2093,07,31,0.374119310592013,28.846783,11.411023,2093
28702,r6i1p1f1,2093,08,01,1.7934919147761317,28.81086,11.909375,2093
28703,r6i1p1f1,2093,08,02,0.13304433499456597,31.870348,13.410969,2093
28704,r6i1p1f1,2093,08,03,0.014615185907357464,32.15355,14.321171,2093
28705,r6i1p1f1,2093,08,04,3.032836937364153,33.419376,15.781301,2093
28706,r6i1p1f1,2093,08,05,3.812183976424275e-05,32.414066,13.351627,2093
28707,r6i1p1f1,2093,08,06,0.0,33.3097,15.222268,2093
28708,r6i1p1f1,2093,08,07,0.00045868513336876044,34.861588,15.196191,2093
28709,r6i1p1f1,2093,08,08,0.0,36.23712,15.398964,2093
28710,r6i1p1f1,2093,08,09,0.0,36.850548,15.961349,2093
28711,r6i1p1f1,2093,08,10,0.0,37.017044,16.527927,2093
28712,r6i1p1f1,2093,08,11,0.26251011761356485,37.197353,16.353222,2093
28713,r6i1p1f1,2093,08,12,0.7873122627681693,32.728252,14.139224,2093
28714,r6i1p1f1,2093,08,13,5.658092476016924,29.921766,14.836052,2093
28715,r6i1p1f1,2093,08,14,0.4737862847495619,34.492687,15.663674,2093
28716,r6i1p1f1,2093,08,15,1.4702187389034438,35.8454,16.800892,2093
28717,r6i1p1f1,2093,08,16,0.08551759824515713,35.270687,16.021944,2093
28718,r6i1p1f1,2093,08,17,0.0,35.250015,16.099157,2093
28719,r6i1p1f1,2093,08,18,0.0,36.091156,16.800676,2093
28720,r6i1p1f1,2093,08,19,0.0,36.068623,15.862039,2093
28721,r6i1p1f1,2093,08,20,0.0,36.070183,15.336188,2093
28722,r6i1p1f1,2093,08,21,0.0,35.227665,14.909896,2093
28723,r6i1p1f1,2093,08,22,0.0,33.86947,14.144963,2093
28724,r6i1p1f1,2093,08,23,0.0,33.1948,12.913763,2093
28725,r6i1p1f1,2093,08,24,5.0101323177604815,32.912384,13.494111,2093
28726,r6i1p1f1,2093,08,25,6.3172799787041765,33.029793,15.728653,2093
28727,r6i1p1f1,2093,08,26,7.603808868242522,29.767473,11.275312,2093
28728,r6i1p1f1,2093,08,27,0.0025801440001027845,28.768711,10.572961,2093
28729,r6i1p1f1,2093,08,28,0.0,29.268034,13.311787,2093
28730,r6i1p1f1,2093,08,29,0.0,31.848135,15.065609,2093
28731,r6i1p1f1,2093,08,30,0.0,33.982353,18.467339,2093
28732,r6i1p1f1,2093,08,31,0.0,34.203712,13.462203,2093
28733,r6i1p1f1,2093,09,01,0.0,33.924866,16.522945,2093
28734,r6i1p1f1,2093,09,02,0.4522441308550937,34.55372,16.940517,2093
28735,r6i1p1f1,2093,09,03,0.056999910686829365,35.095333,17.079147,2093
28736,r6i1p1f1,2093,09,04,0.013480050402694944,34.47063,17.017965,2093
28737,r6i1p1f1,2093,09,05,2.9616417794002485,31.135403,13.288588,2093
28738,r6i1p1f1,2093,09,06,0.053814814433700835,31.868,14.233371,2093
28739,r6i1p1f1,2093,09,07,0.0,32.547665,15.316946,2093
28740,r6i1p1f1,2093,09,08,0.0,33.41372,15.73068,2093
28741,r6i1p1f1,2093,09,09,0.0,33.50798,15.893863,2093
28742,r6i1p1f1,2093,09,10,0.0,33.66694,16.16118,2093
28743,r6i1p1f1,2093,09,11,0.0,33.18787,16.044813,2093
28744,r6i1p1f1,2093,09,12,0.3091846286177457,29.921991,12.429732,2093
28745,r6i1p1f1,2093,09,13,1.969998753182937,26.851671,9.734711,2093
28746,r6i1p1f1,2093,09,14,0.35915630466492565,26.61763,10.634018,2093
28747,r6i1p1f1,2093,09,15,0.003121048908925579,28.549608,11.815654,2093
28748,r6i1p1f1,2093,09,16,4.197014971423448,24.613665,8.000492,2093
28749,r6i1p1f1,2093,09,17,10.994285354676645,22.93577,6.2528014,2093
28750,r6i1p1f1,2093,09,18,0.24417471333138477,25.783728,8.750401,2093
28751,r6i1p1f1,2093,09,19,0.32254657360604644,25.879477,9.400954,2093
28752,r6i1p1f1,2093,09,20,1.0439005703850228,25.978884,10.541357,2093
28753,r6i1p1f1,2093,09,21,0.0,27.458403,10.14112,2093
28754,r6i1p1f1,2093,09,22,0.0,28.483116,11.322444,2093
28755,r6i1p1f1,2093,09,23,0.0,28.41671,11.645771,2093
28756,r6i1p1f1,2093,09,24,4.68478749258163e-05,27.842958,12.008493,2093
28757,r6i1p1f1,2093,09,25,0.0,27.597885,10.800262,2093
28758,r6i1p1f1,2093,09,26,0.012478511307621499,24.726725,10.356933,2093
28759,r6i1p1f1,2093,09,27,0.0,24.948017,10.692365,2093
28760,r6i1p1f1,2093,09,28,0.07817374853786745,26.934912,10.050829,2093
28761,r6i1p1f1,2093,09,29,0.0,28.706066,11.216573,2093
28762,r6i1p1f1,2093,09,30,0.0,29.526382,11.111958,2093
28763,r6i1p1f1,2093,10,01,0.0,32.063816,13.010186,2093
28764,r6i1p1f1,2093,10,02,0.0,32.627144,12.922393,2093
28765,r6i1p1f1,2093,10,03,0.0,34.97607,14.82577,2093
28766,r6i1p1f1,2093,10,04,0.0,34.657707,14.04438,2093
28767,r6i1p1f1,2093,10,05,0.023047067909458017,32.633907,15.244822,2093
28768,r6i1p1f1,2093,10,06,0.8155651410754873,31.06771,14.236699,2093
28769,r6i1p1f1,2093,10,07,0.988332092150009,26.060036,9.364109,2093
28770,r6i1p1f1,2093,10,08,1.5336797553578325,23.715714,7.1182513,2093
28771,r6i1p1f1,2093,10,09,0.0,24.51152,8.759358,2093
28772,r6i1p1f1,2093,10,10,0.0,25.302399,9.339058,2093
28773,r6i1p1f1,2093,10,11,5.0895397533539235,21.30155,7.6271734,2093
28774,r6i1p1f1,2093,10,12,0.7187092434917757,22.417004,6.139928,2093
28775,r6i1p1f1,2093,10,13,0.0,29.17601,10.143553,2093
28776,r6i1p1f1,2093,10,14,0.0,28.961145,10.729681,2093
28777,r6i1p1f1,2093,10,15,0.0,26.725317,8.323758,2093
28778,r6i1p1f1,2093,10,16,0.0,25.165272,6.7617517,2093
28779,r6i1p1f1,2093,10,17,0.0,22.428894,6.6944165,2093
28780,r6i1p1f1,2093,10,18,0.0013166148520912526,23.380157,4.059445,2093
28781,r6i1p1f1,2093,10,19,0.0,25.041998,6.686253,2093
28782,r6i1p1f1,2093,10,20,0.0,25.566244,7.600958,2093
28783,r6i1p1f1,2093,10,21,0.0,25.25311,6.691847,2093
28784,r6i1p1f1,2093,10,22,0.1032527737020389,22.692282,6.3222146,2093
28785,r6i1p1f1,2093,10,23,0.7198994784845343,17.218962,6.037655,2093
28786,r6i1p1f1,2093,10,24,0.0,14.825491,-0.5709993,2093
28787,r6i1p1f1,2093,10,25,0.0,16.42485,0.041146047,2093
28788,r6i1p1f1,2093,10,26,0.0,20.255886,3.7794442,2093
28789,r6i1p1f1,2093,10,27,0.02454682558494705,20.257019,4.8887606,2093
28790,r6i1p1f1,2093,10,28,0.004904642543418981,22.499992,6.0734954,2093
28791,r6i1p1f1,2093,10,29,0.12143806964659812,21.37599,5.0286593,2093
28792,r6i1p1f1,2093,10,30,0.014466942915759378,17.360199,6.4863553,2093
28793,r6i1p1f1,2093,10,31,1.5422946770125074,13.684999,6.162332,2093
28794,r6i1p1f1,2093,11,01,31.70267899059265,12.071238,1.6701062,2093
28795,r6i1p1f1,2093,11,02,0.07556027551351399,11.923871,0.9906539,2093
28796,r6i1p1f1,2093,11,03,7.006199033680886,9.623757,2.4422338,2093
28797,r6i1p1f1,2093,11,04,0.010733039890884366,11.789414,-1.6965469,2093
28798,r6i1p1f1,2093,11,05,0.0,13.5902,-0.67567724,2093
28799,r6i1p1f1,2093,11,06,0.002297201513186822,19.492027,4.2073355,2093
28800,r6i1p1f1,2093,11,07,0.0,23.188852,5.3231435,2093
28801,r6i1p1f1,2093,11,08,0.0829727286393896,21.807074,8.319868,2093
28802,r6i1p1f1,2093,11,09,0.0,19.511282,3.811546,2093
28803,r6i1p1f1,2093,11,10,0.0,16.357534,0.6121773,2093
28804,r6i1p1f1,2093,11,11,0.0,13.866185,-1.568391,2093
28805,r6i1p1f1,2093,11,12,0.0,15.5586,-0.9348074,2093
28806,r6i1p1f1,2093,11,13,0.0,15.484358,1.1397007,2093
28807,r6i1p1f1,2093,11,14,0.0,17.019238,0.36923042,2093
28808,r6i1p1f1,2093,11,15,0.0,17.602217,-0.32320866,2093
28809,r6i1p1f1,2093,11,16,0.0,17.586426,1.6507874,2093
28810,r6i1p1f1,2093,11,17,13.457342415192528,10.720737,1.739972,2093
28811,r6i1p1f1,2093,11,18,9.19552043215567,8.613767,-1.0957842,2093
28812,r6i1p1f1,2093,11,19,0.004454843687581248,9.937885,0.085947074,2093
28813,r6i1p1f1,2093,11,20,0.18428280225733001,9.985713,-2.4203494,2093
28814,r6i1p1f1,2093,11,21,0.510522997712604,12.261314,4.4553175,2093
28815,r6i1p1f1,2093,11,22,0.0,13.658557,-0.06513012,2093
28816,r6i1p1f1,2093,11,23,1.3172183031358236,6.064209,-1.9463413,2093
28817,r6i1p1f1,2093,11,24,0.00914051925142772,4.137775,-7.3054495,2093
28818,r6i1p1f1,2093,11,25,0.37704762858037816,2.5171335,-6.1427264,2093
28819,r6i1p1f1,2093,11,26,0.000908719982227877,1.8373295,-11.552775,2093
28820,r6i1p1f1,2093,11,27,5.756259963308615e-05,5.7011175,-10.469469,2093
28821,r6i1p1f1,2093,11,28,0.0,8.299295,-8.089668,2093
28822,r6i1p1f1,2093,11,29,0.0,12.097354,-5.953361,2093
28823,r6i1p1f1,2093,11,30,0.0,14.151175,-4.379736,2093
28824,r6i1p1f1,2093,12,01,0.0,14.253268,1.0145454,2093
28825,r6i1p1f1,2093,12,02,0.0,13.915698,-0.051095594,2093
28826,r6i1p1f1,2093,12,03,0.0,13.336968,0.049089752,2093
28827,r6i1p1f1,2093,12,04,1.31523484419653,10.464008,-1.6992764,2093
28828,r6i1p1f1,2093,12,05,18.403801096393654,6.022856,-4.145145,2093
28829,r6i1p1f1,2093,12,06,0.262764823361176,3.0504017,-2.3045616,2093
28830,r6i1p1f1,2093,12,07,0.0,3.955204,-9.601478,2093
28831,r6i1p1f1,2093,12,08,0.008997470248254879,4.4166327,-8.4538,2093
28832,r6i1p1f1,2093,12,09,4.281425213202153,3.7751718,-5.4513817,2093
28833,r6i1p1f1,2093,12,10,0.9931356471054241,5.277423,-0.91408926,2093
28834,r6i1p1f1,2093,12,11,1.3578084278722484,7.1266294,-0.8817691,2093
28835,r6i1p1f1,2093,12,12,0.0007030126479238307,9.399124,1.8811818,2093
28836,r6i1p1f1,2093,12,13,0.21894769935425296,11.342148,2.3996296,2093
28837,r6i1p1f1,2093,12,14,13.925021123633218,8.8303,1.9571863,2093
28838,r6i1p1f1,2093,12,15,0.013943620663004834,13.28648,-1.2344744,2093
28839,r6i1p1f1,2093,12,16,0.0,16.804674,1.7751114,2093
28840,r6i1p1f1,2093,12,17,0.011965209728466245,15.972288,1.3706315,2093
28841,r6i1p1f1,2093,12,18,6.764393598757621,6.345687,-4.3179417,2093
28842,r6i1p1f1,2093,12,19,0.9945278702061993,6.473839,-2.2969642,2093
28843,r6i1p1f1,2093,12,20,0.6551272679774446,9.771424,-1.348988,2093
28844,r6i1p1f1,2093,12,21,0.0,14.437249,1.5129414,2093
28845,r6i1p1f1,2093,12,22,0.0,14.733438,1.7159166,2093
28846,r6i1p1f1,2093,12,23,13.846487349125123,9.561281,-0.63226986,2093
28847,r6i1p1f1,2093,12,24,10.28709962380208,5.8171906,-0.81831646,2093
28848,r6i1p1f1,2093,12,25,17.638543837128594,4.6277,-4.3804326,2093
28849,r6i1p1f1,2093,12,26,0.007059388983903133,2.8387394,-9.034029,2093
28850,r6i1p1f1,2093,12,27,0.08213773057339048,3.6566448,-8.778269,2093
28851,r6i1p1f1,2093,12,28,15.72713702036751,4.3712916,-4.8431764,2093
28852,r6i1p1f1,2093,12,29,22.70654902613703,4.75524,-1.3422494,2093
28853,r6i1p1f1,2093,12,30,3.15712222044451,7.24837,1.3147781,2093
28854,r6i1p1f1,2093,12,31,40.049101679526935,10.004969,2.2724657,2093
28855,r6i1p1f1,2094,01,01,16.373284918565094,12.030085,4.489953,2094
28856,r6i1p1f1,2094,01,02,34.33146444227714,11.149727,3.9082246,2094
28857,r6i1p1f1,2094,01,03,37.675713764373775,12.695363,0.484398,2094
28858,r6i1p1f1,2094,01,04,0.0,11.19804,2.2109327,2094
28859,r6i1p1f1,2094,01,05,13.990384986667785,9.695187,-2.2347095,2094
28860,r6i1p1f1,2094,01,06,6.998642787876152,8.961854,1.4230019,2094
28861,r6i1p1f1,2094,01,07,37.19817767605438,10.289855,-0.4576693,2094
28862,r6i1p1f1,2094,01,08,16.52884900576375,11.320396,4.2109942,2094
28863,r6i1p1f1,2094,01,09,0.0,14.974222,2.3820953,2094
28864,r6i1p1f1,2094,01,10,9.910654955616874,10.925538,-1.4860014,2094
28865,r6i1p1f1,2094,01,11,17.004126681906893,8.121753,-2.9239037,2094
28866,r6i1p1f1,2094,01,12,43.86344115630729,13.501563,-0.67915744,2094
28867,r6i1p1f1,2094,01,13,10.31367897968684,12.775701,-1.3576266,2094
28868,r6i1p1f1,2094,01,14,13.508195753487009,3.9272099,-3.7548876,2094
28869,r6i1p1f1,2094,01,15,3.104507824489357,2.0581477,-5.0685973,2094
28870,r6i1p1f1,2094,01,16,17.497103934007942,1.5244141,-4.5380564,2094
28871,r6i1p1f1,2094,01,17,5.159151827669284,3.875655,-2.2586753,2094
28872,r6i1p1f1,2094,01,18,2.117992888404887,5.3086014,-1.2916898,2094
28873,r6i1p1f1,2094,01,19,0.0,8.365226,-2.5927534,2094
28874,r6i1p1f1,2094,01,20,0.0,8.386321,-1.0485381,2094
28875,r6i1p1f1,2094,01,21,27.024322821786875,9.88789,-1.4773622,2094
28876,r6i1p1f1,2094,01,22,23.940844511241277,10.017708,-0.612639,2094
28877,r6i1p1f1,2094,01,23,27.056655737994895,10.351688,2.2013886,2094
28878,r6i1p1f1,2094,01,24,36.29932012746909,12.095603,-0.31139532,2094
28879,r6i1p1f1,2094,01,25,48.62194274160672,14.351462,3.5497522,2094
28880,r6i1p1f1,2094,01,26,18.33647270091626,12.988843,0.791375,2094
28881,r6i1p1f1,2094,01,27,10.793245720470539,10.306291,0.45568094,2094
28882,r6i1p1f1,2094,01,28,30.156996975777968,14.021433,2.6079025,2094
28883,r6i1p1f1,2094,01,29,40.86715060647634,15.1565895,4.3542275,2094
28884,r6i1p1f1,2094,01,30,42.910126262286056,12.886513,3.802065,2094
28885,r6i1p1f1,2094,01,31,15.809507802806332,8.484596,-1.313819,2094
28886,r6i1p1f1,2094,02,01,2.488545961275381,7.5658956,0.5687175,2094
28887,r6i1p1f1,2094,02,02,0.0,10.101471,0.9786828,2094
28888,r6i1p1f1,2094,02,03,0.0,10.154751,-3.9882953,2094
28889,r6i1p1f1,2094,02,04,0.0,12.930906,-1.7654991,2094
28890,r6i1p1f1,2094,02,05,0.0,10.186297,-3.6132336,2094
28891,r6i1p1f1,2094,02,06,9.162454267497095,7.154706,-1.0821846,2094
28892,r6i1p1f1,2094,02,07,10.129235230484232,10.167233,-1.3218873,2094
28893,r6i1p1f1,2094,02,08,13.821818970072023,10.331922,1.1754249,2094
28894,r6i1p1f1,2094,02,09,11.488704731004983,9.95614,3.6573317,2094
28895,r6i1p1f1,2094,02,10,9.485726239189562,16.988375,4.5018406,2094
28896,r6i1p1f1,2094,02,11,0.0,21.189203,4.059261,2094
28897,r6i1p1f1,2094,02,12,6.78328172709811,17.9534,1.351823,2094
28898,r6i1p1f1,2094,02,13,7.4634976146403655,16.545212,1.138808,2094
28899,r6i1p1f1,2094,02,14,11.307897960757755,14.6646595,5.300295,2094
28900,r6i1p1f1,2094,02,15,11.147207814852525,12.822786,3.9756846,2094
28901,r6i1p1f1,2094,02,16,18.17264485983728,11.019435,1.9778758,2094
28902,r6i1p1f1,2094,02,17,1.2237925646796572,12.357763,1.7678806,2094
28903,r6i1p1f1,2094,02,18,0.0,14.180842,0.15204665,2094
28904,r6i1p1f1,2094,02,19,0.0,15.958153,1.7580581,2094
28905,r6i1p1f1,2094,02,20,0.0,16.627777,2.819519,2094
28906,r6i1p1f1,2094,02,21,0.0,19.001566,2.3572001,2094
28907,r6i1p1f1,2094,02,22,0.0,19.392698,2.6763568,2094
28908,r6i1p1f1,2094,02,23,0.0,19.63828,3.62678,2094
28909,r6i1p1f1,2094,02,24,0.0,19.484184,3.110862,2094
28910,r6i1p1f1,2094,02,25,5.917413463651208,16.421133,0.35017672,2094
28911,r6i1p1f1,2094,02,26,2.1252454905830436,10.6346,1.0817103,2094
28912,r6i1p1f1,2094,02,27,1.1529249912972541,12.356784,3.4209375,2094
28913,r6i1p1f1,2094,02,28,0.0032538137990567695,14.768447,3.4712152,2094
28914,r6i1p1f1,2094,03,01,0.0,17.35461,2.6615942,2094
28915,r6i1p1f1,2094,03,02,0.0,19.014355,1.5156263,2094
28916,r6i1p1f1,2094,03,03,0.010139036001011946,16.62733,-0.52312416,2094
28917,r6i1p1f1,2094,03,04,1.2266777473119943,8.154568,-2.868769,2094
28918,r6i1p1f1,2094,03,05,0.0,14.436979,-3.189832,2094
28919,r6i1p1f1,2094,03,06,1.0845368319041249,10.561206,-1.616129,2094
28920,r6i1p1f1,2094,03,07,1.2541564637138387,9.336927,2.3578153,2094
28921,r6i1p1f1,2094,03,08,0.0745117362258531,13.019086,1.1630877,2094
28922,r6i1p1f1,2094,03,09,6.687578303413204,8.781913,-3.2723029,2094
28923,r6i1p1f1,2094,03,10,20.312212013399858,5.6781573,-2.5640862,2094
28924,r6i1p1f1,2094,03,11,9.549565223306399,5.3689027,-3.3003185,2094
28925,r6i1p1f1,2094,03,12,8.602161013442444,5.7069645,-6.359428,2094
28926,r6i1p1f1,2094,03,13,5.795322511239248,8.214752,-3.0552318,2094
28927,r6i1p1f1,2094,03,14,5.2663035343759,9.707068,0.8901445,2094
28928,r6i1p1f1,2094,03,15,30.965401467235356,6.746413,-0.10233224,2094
28929,r6i1p1f1,2094,03,16,1.2877200578032597,10.74875,0.61721045,2094
28930,r6i1p1f1,2094,03,17,20.458170486091074,11.053183,-0.20449075,2094
28931,r6i1p1f1,2094,03,18,15.324806819665328,9.057367,-0.11122768,2094
28932,r6i1p1f1,2094,03,19,0.0,12.609781,0.38645902,2094
28933,r6i1p1f1,2094,03,20,0.0,19.276114,1.1400656,2094
28934,r6i1p1f1,2094,03,21,0.0,22.994125,2.7164743,2094
28935,r6i1p1f1,2094,03,22,0.0,22.091587,4.7644987,2094
28936,r6i1p1f1,2094,03,23,0.0,24.28955,5.406306,2094
28937,r6i1p1f1,2094,03,24,0.0,25.15093,6.0881925,2094
28938,r6i1p1f1,2094,03,25,0.20374636064170548,22.431896,4.499639,2094
28939,r6i1p1f1,2094,03,26,3.859235067890193,12.893401,5.695169,2094
28940,r6i1p1f1,2094,03,27,0.015949641187703888,18.315323,2.841253,2094
28941,r6i1p1f1,2094,03,28,1.12682046965405,16.140602,-2.1911554,2094
28942,r6i1p1f1,2094,03,29,23.89761899065962,11.056263,1.8122087,2094
28943,r6i1p1f1,2094,03,30,6.510704388823406,10.096412,-0.66494656,2094
28944,r6i1p1f1,2094,03,31,6.255140838649816,9.042201,-2.0894182,2094
28945,r6i1p1f1,2094,04,01,4.819938082081516,8.835642,-2.1236584,2094
28946,r6i1p1f1,2094,04,02,16.558897454658187,7.3470902,-3.4352658,2094
28947,r6i1p1f1,2094,04,03,12.203840654181157,6.356429,-3.5205414,2094
28948,r6i1p1f1,2094,04,04,0.0,11.1448765,-5.2772603,2094
28949,r6i1p1f1,2094,04,05,0.0,14.967209,-3.2982802,2094
28950,r6i1p1f1,2094,04,06,0.0,18.633724,-0.45867994,2094
28951,r6i1p1f1,2094,04,07,0.0,19.420689,2.9456115,2094
28952,r6i1p1f1,2094,04,08,0.0,19.24049,4.7971134,2094
28953,r6i1p1f1,2094,04,09,0.0,22.836914,3.062582,2094
28954,r6i1p1f1,2094,04,10,0.0,23.55137,5.6299496,2094
28955,r6i1p1f1,2094,04,11,1.5011751898420045,15.564853,3.3364336,2094
28956,r6i1p1f1,2094,04,12,5.881400660833258,12.420886,1.3936673,2094
28957,r6i1p1f1,2094,04,13,4.224597535568817,15.6730795,1.9541558,2094
28958,r6i1p1f1,2094,04,14,7.247414498167437,15.830386,2.9950144,2094
28959,r6i1p1f1,2094,04,15,4.515016992287081,14.086776,0.92594683,2094
28960,r6i1p1f1,2094,04,16,0.0010649075262240551,15.647039,0.621225,2094
28961,r6i1p1f1,2094,04,17,0.0,19.799355,-0.020237835,2094
28962,r6i1p1f1,2094,04,18,0.0021147029312603267,20.168026,2.6958513,2094
28963,r6i1p1f1,2094,04,19,0.533504578402548,16.067373,5.78905,2094
28964,r6i1p1f1,2094,04,20,0.0,21.126547,3.718973,2094
28965,r6i1p1f1,2094,04,21,0.0,21.273182,3.730591,2094
28966,r6i1p1f1,2094,04,22,0.04746729996326757,18.428009,4.561749,2094
28967,r6i1p1f1,2094,04,23,0.0,19.916409,1.8676395,2094
28968,r6i1p1f1,2094,04,24,0.07884333892088266,19.991226,4.1459866,2094
28969,r6i1p1f1,2094,04,25,1.3211464188414992,19.24117,3.3413646,2094
28970,r6i1p1f1,2094,04,26,0.0,22.398249,4.490459,2094
28971,r6i1p1f1,2094,04,27,0.0,24.389217,6.364567,2094
28972,r6i1p1f1,2094,04,28,0.004910939617573026,23.34572,5.436616,2094
28973,r6i1p1f1,2094,04,29,0.06670339769563194,16.437178,5.313728,2094
28974,r6i1p1f1,2094,04,30,0.3632417530703136,18.973352,0.57800084,2094
28975,r6i1p1f1,2094,05,01,0.0,22.591768,5.4429884,2094
28976,r6i1p1f1,2094,05,02,0.3429037616805015,22.142845,3.9653785,2094
28977,r6i1p1f1,2094,05,03,0.003915915887048473,21.64584,3.975447,2094
28978,r6i1p1f1,2094,05,04,1.4854574878083313,15.370002,-1.3542546,2094
28979,r6i1p1f1,2094,05,05,0.0,19.356287,2.253111,2094
28980,r6i1p1f1,2094,05,06,0.0,24.593317,6.1516542,2094
28981,r6i1p1f1,2094,05,07,0.0,30.332104,9.911849,2094
28982,r6i1p1f1,2094,05,08,0.0,32.176193,12.241162,2094
28983,r6i1p1f1,2094,05,09,0.0,32.37208,11.76621,2094
28984,r6i1p1f1,2094,05,10,0.0,32.954884,12.403853,2094
28985,r6i1p1f1,2094,05,11,0.0,34.004578,13.433514,2094
28986,r6i1p1f1,2094,05,12,0.0,34.14883,13.623686,2094
28987,r6i1p1f1,2094,05,13,0.0,34.89413,13.302349,2094
28988,r6i1p1f1,2094,05,14,4.573853288499807,27.705544,7.923606,2094
28989,r6i1p1f1,2094,05,15,4.2606262648812745,12.515292,3.7500913,2094
28990,r6i1p1f1,2094,05,16,5.28164311995099,15.769112,2.935644,2094
28991,r6i1p1f1,2094,05,17,1.6462203273969822,17.736628,5.0445805,2094
28992,r6i1p1f1,2094,05,18,1.0926875353184413,19.92559,5.4894824,2094
28993,r6i1p1f1,2094,05,19,0.18422686376212158,23.427675,5.668045,2094
28994,r6i1p1f1,2094,05,20,0.4910977238364673,26.143936,6.55406,2094
28995,r6i1p1f1,2094,05,21,5.859958424987966,19.365019,1.9862356,2094
28996,r6i1p1f1,2094,05,22,1.8392899823114146,16.927017,3.3371067,2094
28997,r6i1p1f1,2094,05,23,0.440492079519803,17.36409,2.9072855,2094
28998,r6i1p1f1,2094,05,24,0.0,27.339182,6.084827,2094
28999,r6i1p1f1,2094,05,25,0.7055763640965025,28.18342,10.427949,2094
29000,r6i1p1f1,2094,05,26,1.2435265618805442,24.78247,4.4581785,2094
29001,r6i1p1f1,2094,05,27,0.9096530076065972,21.15628,4.902944,2094
29002,r6i1p1f1,2094,05,28,0.9596348735313067,16.212189,1.4637522,2094
29003,r6i1p1f1,2094,05,29,1.7545010610576295,20.075424,3.4754014,2094
29004,r6i1p1f1,2094,05,30,1.5679505808280831,26.38838,7.3206873,2094
29005,r6i1p1f1,2094,05,31,0.0,27.195568,9.2279005,2094
29006,r6i1p1f1,2094,06,01,0.03783670290762022,27.538359,7.999413,2094
29007,r6i1p1f1,2094,06,02,0.0,28.775536,8.092498,2094
29008,r6i1p1f1,2094,06,03,0.0,30.502674,10.987947,2094
29009,r6i1p1f1,2094,06,04,0.10793634078961677,30.118212,13.996545,2094
29010,r6i1p1f1,2094,06,05,0.7748866501192767,27.165924,8.883596,2094
29011,r6i1p1f1,2094,06,06,0.0,28.664888,8.398121,2094
29012,r6i1p1f1,2094,06,07,0.016312349111101743,29.244026,9.367032,2094
29013,r6i1p1f1,2094,06,08,4.952103737375189,25.625114,9.372045,2094
29014,r6i1p1f1,2094,06,09,0.375893450288951,23.596247,6.946463,2094
29015,r6i1p1f1,2094,06,10,0.6590390679985733,23.057022,4.747478,2094
29016,r6i1p1f1,2094,06,11,3.378995750274188,21.411776,3.7512195,2094
29017,r6i1p1f1,2094,06,12,1.205222209715354,23.391666,6.931482,2094
29018,r6i1p1f1,2094,06,13,0.5886656006892825,23.698072,7.8648953,2094
29019,r6i1p1f1,2094,06,14,0.0020522294592292493,27.441298,9.058318,2094
29020,r6i1p1f1,2094,06,15,0.0,28.3208,9.083023,2094
29021,r6i1p1f1,2094,06,16,0.8308648263898323,25.577108,3.8430946,2094
29022,r6i1p1f1,2094,06,17,0.0,25.19077,7.574913,2094
29023,r6i1p1f1,2094,06,18,0.037783275355689774,25.529367,6.615581,2094
29024,r6i1p1f1,2094,06,19,0.0023331806421546713,26.6934,10.994215,2094
29025,r6i1p1f1,2094,06,20,0.0,27.115131,11.847009,2094
29026,r6i1p1f1,2094,06,21,0.0,29.455187,10.717297,2094
29027,r6i1p1f1,2094,06,22,0.0,31.373648,11.265975,2094
29028,r6i1p1f1,2094,06,23,0.0,32.156723,12.50882,2094
29029,r6i1p1f1,2094,06,24,0.006175618911320558,31.907358,13.393232,2094
29030,r6i1p1f1,2094,06,25,2.5138997356080686,25.449066,6.4218845,2094
29031,r6i1p1f1,2094,06,26,0.0,28.013195,8.150667,2094
29032,r6i1p1f1,2094,06,27,0.0,31.939922,11.288273,2094
29033,r6i1p1f1,2094,06,28,0.0,32.363987,13.150073,2094
29034,r6i1p1f1,2094,06,29,0.027018634970526385,31.716375,12.751663,2094
29035,r6i1p1f1,2094,06,30,0.005197964733359984,31.76564,12.931961,2094
29036,r6i1p1f1,2094,07,01,0.0,33.479263,13.6847,2094
29037,r6i1p1f1,2094,07,02,0.020921349087031464,35.676174,14.10979,2094
29038,r6i1p1f1,2094,07,03,0.0,38.090588,17.164461,2094
29039,r6i1p1f1,2094,07,04,0.0,38.44998,17.51462,2094
29040,r6i1p1f1,2094,07,05,0.0,38.6102,18.399965,2094
29041,r6i1p1f1,2094,07,06,0.0,38.20938,17.66084,2094
29042,r6i1p1f1,2094,07,07,0.0,37.685608,16.9649,2094
29043,r6i1p1f1,2094,07,08,0.0,37.86278,16.413982,2094
29044,r6i1p1f1,2094,07,09,0.0,37.98517,16.460476,2094
29045,r6i1p1f1,2094,07,10,0.0,37.96923,16.274307,2094
29046,r6i1p1f1,2094,07,11,0.0,37.4849,15.736287,2094
29047,r6i1p1f1,2094,07,12,0.06692627735466078,35.675907,16.624716,2094
29048,r6i1p1f1,2094,07,13,0.2724214516225321,35.883976,15.678448,2094
29049,r6i1p1f1,2094,07,14,0.5870051617188182,36.376083,16.142826,2094
29050,r6i1p1f1,2094,07,15,0.029441926323414313,35.669773,16.722343,2094
29051,r6i1p1f1,2094,07,16,0.8999926188968231,35.103893,15.7706,2094
29052,r6i1p1f1,2094,07,17,0.3661963891130861,33.80667,15.467515,2094
29053,r6i1p1f1,2094,07,18,0.23327353145245064,33.19499,15.417205,2094
29054,r6i1p1f1,2094,07,19,0.0020852136733791908,34.917454,16.01775,2094
29055,r6i1p1f1,2094,07,20,0.0,34.876698,16.250874,2094
29056,r6i1p1f1,2094,07,21,0.0,34.37236,16.492193,2094
29057,r6i1p1f1,2094,07,22,0.0,35.19377,16.225834,2094
29058,r6i1p1f1,2094,07,23,0.5770114625669325,35.77303,15.623177,2094
29059,r6i1p1f1,2094,07,24,0.033620056564918906,36.331474,16.285568,2094
29060,r6i1p1f1,2094,07,25,7.647291842455697,35.258884,16.558195,2094
29061,r6i1p1f1,2094,07,26,4.687735151529469,29.575573,16.482317,2094
29062,r6i1p1f1,2094,07,27,0.0,31.752842,14.313214,2094
29063,r6i1p1f1,2094,07,28,0.05486221862180831,31.382856,14.071285,2094
29064,r6i1p1f1,2094,07,29,0.0,33.52073,15.116822,2094
29065,r6i1p1f1,2094,07,30,0.0,34.159023,15.014107,2094
29066,r6i1p1f1,2094,07,31,2.9932047382311415,33.135456,16.712664,2094
29067,r6i1p1f1,2094,08,01,0.01681102908459607,35.405952,14.6304245,2094
29068,r6i1p1f1,2094,08,02,0.007873673811378202,36.312332,16.586437,2094
29069,r6i1p1f1,2094,08,03,0.0,37.326904,18.185823,2094
29070,r6i1p1f1,2094,08,04,0.0,38.579933,18.677738,2094
29071,r6i1p1f1,2094,08,05,0.64985927570773,39.348267,20.055977,2094
29072,r6i1p1f1,2094,08,06,0.3438393570191296,39.027496,19.295332,2094
29073,r6i1p1f1,2094,08,07,1.432541669651119,38.061172,18.347486,2094
29074,r6i1p1f1,2094,08,08,0.07780752665885161,36.796143,17.652657,2094
29075,r6i1p1f1,2094,08,09,0.037560213692188094,35.993347,16.05811,2094
29076,r6i1p1f1,2094,08,10,0.0,35.92271,16.702293,2094
29077,r6i1p1f1,2094,08,11,0.0,35.70387,17.817997,2094
29078,r6i1p1f1,2094,08,12,0.0,35.67201,16.365082,2094
29079,r6i1p1f1,2094,08,13,0.0,35.274895,16.051544,2094
29080,r6i1p1f1,2094,08,14,0.0,34.74966,15.720058,2094
29081,r6i1p1f1,2094,08,15,0.0009411043860316913,33.084602,15.139543,2094
29082,r6i1p1f1,2094,08,16,0.0,31.752413,14.475305,2094
29083,r6i1p1f1,2094,08,17,2.103350099845098,32.679386,16.268541,2094
29084,r6i1p1f1,2094,08,18,13.847448290495914,31.81395,14.031166,2094
29085,r6i1p1f1,2094,08,19,0.0,33.797188,17.312117,2094
29086,r6i1p1f1,2094,08,20,0.0,34.090694,16.56596,2094
29087,r6i1p1f1,2094,08,21,0.16335328975133026,33.728817,18.252977,2094
29088,r6i1p1f1,2094,08,22,0.04047408577818563,33.965866,15.739101,2094
29089,r6i1p1f1,2094,08,23,1.7408335386855853,34.179256,16.936958,2094
29090,r6i1p1f1,2094,08,24,2.097627326848958,31.432852,15.785093,2094
29091,r6i1p1f1,2094,08,25,0.15303628929298785,34.100033,15.355068,2094
29092,r6i1p1f1,2094,08,26,0.03490317218872519,33.896866,15.582142,2094
29093,r6i1p1f1,2094,08,27,0.007762144702247268,33.580593,16.16915,2094
29094,r6i1p1f1,2094,08,28,0.0,32.481846,17.122751,2094
29095,r6i1p1f1,2094,08,29,0.0,32.61254,15.700853,2094
29096,r6i1p1f1,2094,08,30,0.0,33.736275,13.938657,2094
29097,r6i1p1f1,2094,08,31,0.0,34.25154,14.176996,2094
29098,r6i1p1f1,2094,09,01,0.0,33.970722,16.329748,2094
29099,r6i1p1f1,2094,09,02,0.0,35.060303,16.94048,2094
29100,r6i1p1f1,2094,09,03,0.3703662480398986,36.85267,18.62961,2094
29101,r6i1p1f1,2094,09,04,0.6189661946584767,36.11602,18.72625,2094
29102,r6i1p1f1,2094,09,05,0.09414344799053802,34.43863,17.90895,2094
29103,r6i1p1f1,2094,09,06,3.351823962641808,32.906002,17.217638,2094
29104,r6i1p1f1,2094,09,07,15.050240751914599,28.045502,13.792112,2094
29105,r6i1p1f1,2094,09,08,9.020586019271757,24.084406,11.565948,2094
29106,r6i1p1f1,2094,09,09,6.617113342483105,24.619997,9.799457,2094
29107,r6i1p1f1,2094,09,10,2.2950806660345577,26.54006,10.063444,2094
29108,r6i1p1f1,2094,09,11,10.541458614316236,27.788548,10.629891,2094
29109,r6i1p1f1,2094,09,12,0.7119977742151244,27.705317,11.917251,2094
29110,r6i1p1f1,2094,09,13,5.538224021055267,25.869814,10.380374,2094
29111,r6i1p1f1,2094,09,14,0.4829247866162055,29.586111,13.96787,2094
29112,r6i1p1f1,2094,09,15,0.0023079878752577973,31.80419,14.33989,2094
29113,r6i1p1f1,2094,09,16,0.0,32.493145,17.351347,2094
29114,r6i1p1f1,2094,09,17,0.12066649214479042,32.773872,16.341202,2094
29115,r6i1p1f1,2094,09,18,0.16620385521049832,32.408276,15.640267,2094
29116,r6i1p1f1,2094,09,19,0.0019236304822120515,32.669323,16.188448,2094
29117,r6i1p1f1,2094,09,20,0.09232379347055153,33.89052,16.941082,2094
29118,r6i1p1f1,2094,09,21,0.0035332404705814805,33.33471,17.470324,2094
29119,r6i1p1f1,2094,09,22,0.0,33.596226,17.603487,2094
29120,r6i1p1f1,2094,09,23,0.0,33.88329,16.814404,2094
29121,r6i1p1f1,2094,09,24,0.0,35.11841,17.337523,2094
29122,r6i1p1f1,2094,09,25,0.0,34.83701,18.158434,2094
29123,r6i1p1f1,2094,09,26,3.999475419470132,34.715843,18.05683,2094
29124,r6i1p1f1,2094,09,27,2.9667056180587563,32.33954,15.517281,2094
29125,r6i1p1f1,2094,09,28,12.860294701932874,31.530214,15.885795,2094
29126,r6i1p1f1,2094,09,29,10.47611331653982,29.384163,13.127404,2094
29127,r6i1p1f1,2094,09,30,6.694897320367377,31.51275,14.451058,2094
29128,r6i1p1f1,2094,10,01,0.3417008231159933,33.407593,16.342918,2094
29129,r6i1p1f1,2094,10,02,0.18916913440404912,32.805733,16.291237,2094
29130,r6i1p1f1,2094,10,03,0.6911822466258842,28.768507,13.044329,2094
29131,r6i1p1f1,2094,10,04,0.2899973886541555,24.797125,10.012985,2094
29132,r6i1p1f1,2094,10,05,0.46835599890976043,22.268475,10.434939,2094
29133,r6i1p1f1,2094,10,06,0.5270449580038713,18.472988,8.701704,2094
29134,r6i1p1f1,2094,10,07,0.0,18.714533,6.9836526,2094
29135,r6i1p1f1,2094,10,08,0.0,19.684309,6.029656,2094
29136,r6i1p1f1,2094,10,09,4.776025722148984,18.266956,7.0429583,2094
29137,r6i1p1f1,2094,10,10,6.349721115247131,18.190464,8.2981415,2094
29138,r6i1p1f1,2094,10,11,19.022752027576633,17.660885,9.440533,2094
29139,r6i1p1f1,2094,10,12,5.48990751997301,17.428589,4.093888,2094
29140,r6i1p1f1,2094,10,13,0.003102563359842672,21.015158,4.847442,2094
29141,r6i1p1f1,2094,10,14,5.997658938487491,17.654966,6.217808,2094
29142,r6i1p1f1,2094,10,15,0.13986083118547463,15.628762,2.032875,2094
29143,r6i1p1f1,2094,10,16,0.0,19.412191,2.5712097,2094
29144,r6i1p1f1,2094,10,17,0.0,20.948511,5.270171,2094
29145,r6i1p1f1,2094,10,18,0.06334868787112384,18.337437,3.7170646,2094
29146,r6i1p1f1,2094,10,19,0.0,17.936714,2.4347825,2094
29147,r6i1p1f1,2094,10,20,0.0,20.718212,3.048586,2094
29148,r6i1p1f1,2094,10,21,0.16943141345245433,19.58388,2.8479235,2094
29149,r6i1p1f1,2094,10,22,1.721711677274708,12.299492,4.003548,2094
29150,r6i1p1f1,2094,10,23,0.0,16.337778,2.1178834,2094
29151,r6i1p1f1,2094,10,24,0.0,21.944569,4.1337905,2094
29152,r6i1p1f1,2094,10,25,0.004593719280798253,21.582907,4.8343983,2094
29153,r6i1p1f1,2094,10,26,0.0,19.760794,3.2849667,2094
29154,r6i1p1f1,2094,10,27,0.0,19.923666,2.119681,2094
29155,r6i1p1f1,2094,10,28,0.0,21.162123,4.836335,2094
29156,r6i1p1f1,2094,10,29,0.0,20.459068,4.6007085,2094
29157,r6i1p1f1,2094,10,30,0.0,18.385984,3.8863263,2094
29158,r6i1p1f1,2094,10,31,0.005542187287483637,16.722532,4.1671185,2094
29159,r6i1p1f1,2094,11,01,0.053059732943655256,18.22629,6.686619,2094
29160,r6i1p1f1,2094,11,02,0.0,23.479548,7.390198,2094
29161,r6i1p1f1,2094,11,03,0.0,24.429893,7.309126,2094
29162,r6i1p1f1,2094,11,04,0.20523271828988762,21.923925,7.168168,2094
29163,r6i1p1f1,2094,11,05,0.07357441251081265,21.017355,8.082152,2094
29164,r6i1p1f1,2094,11,06,0.0,23.815296,7.3764715,2094
29165,r6i1p1f1,2094,11,07,0.0,23.830334,7.789868,2094
29166,r6i1p1f1,2094,11,08,0.0,18.626734,3.989907,2094
29167,r6i1p1f1,2094,11,09,0.0,20.551485,3.4094517,2094
29168,r6i1p1f1,2094,11,10,0.0,19.937653,5.2859473,2094
29169,r6i1p1f1,2094,11,11,0.0,21.951853,6.1265078,2094
29170,r6i1p1f1,2094,11,12,0.0,23.472452,7.0500317,2094
29171,r6i1p1f1,2094,11,13,0.0,21.977667,5.9999514,2094
29172,r6i1p1f1,2094,11,14,0.0,22.532967,5.449864,2094
29173,r6i1p1f1,2094,11,15,0.0,24.151587,5.542878,2094
29174,r6i1p1f1,2094,11,16,0.0,23.55763,6.601272,2094
29175,r6i1p1f1,2094,11,17,0.0,21.98517,7.1390214,2094
29176,r6i1p1f1,2094,11,18,0.0,19.370533,3.6624334,2094
29177,r6i1p1f1,2094,11,19,0.0,17.552027,0.34250623,2094
29178,r6i1p1f1,2094,11,20,0.0,10.711983,-3.0114865,2094
29179,r6i1p1f1,2094,11,21,0.0027029686449379334,8.412633,-3.0327587,2094
29180,r6i1p1f1,2094,11,22,0.027960171149448775,17.946428,1.5088491,2094
29181,r6i1p1f1,2094,11,23,0.0,19.827394,5.8780694,2094
29182,r6i1p1f1,2094,11,24,5.03365013708444,17.498026,2.5722518,2094
29183,r6i1p1f1,2094,11,25,0.16016342327296157,9.639656,-4.859234,2094
29184,r6i1p1f1,2094,11,26,0.0,11.278949,-5.7168465,2094
29185,r6i1p1f1,2094,11,27,0.0,10.512694,-3.7600672,2094
29186,r6i1p1f1,2094,11,28,0.0,11.106055,-5.5382624,2094
29187,r6i1p1f1,2094,11,29,0.0,13.038244,-4.759496,2094
29188,r6i1p1f1,2094,11,30,0.0,15.6211605,-3.9584765,2094
29189,r6i1p1f1,2094,12,01,0.0,14.837224,1.8993424,2094
29190,r6i1p1f1,2094,12,02,0.033256006408899905,12.404703,1.5434498,2094
29191,r6i1p1f1,2094,12,03,4.902537393512669,7.1321726,-5.5326037,2094
29192,r6i1p1f1,2094,12,04,0.0,9.746999,-4.9587193,2094
29193,r6i1p1f1,2094,12,05,0.0,10.8453455,-2.530224,2094
29194,r6i1p1f1,2094,12,06,0.0,10.678817,-2.7721574,2094
29195,r6i1p1f1,2094,12,07,26.531042511597278,5.407379,-4.2031455,2094
29196,r6i1p1f1,2094,12,08,6.893768513164289,2.5435169,-8.547484,2094
29197,r6i1p1f1,2094,12,09,52.92024880426526,7.973543,-2.3001041,2094
29198,r6i1p1f1,2094,12,10,34.34383980838076,10.248541,-4.76836,2094
29199,r6i1p1f1,2094,12,11,8.823651950301146,2.9063435,-3.9737117,2094
29200,r6i1p1f1,2094,12,12,0.267194774730397,3.8279889,-4.2016034,2094
29201,r6i1p1f1,2094,12,13,2.0963080438220305,4.7377644,-3.6445801,2094
29202,r6i1p1f1,2094,12,14,0.0,12.668447,-0.86301184,2094
29203,r6i1p1f1,2094,12,15,1.1882890259400392,10.796364,-1.76651,2094
29204,r6i1p1f1,2094,12,16,0.16888796686225202,3.8257995,-7.920423,2094
29205,r6i1p1f1,2094,12,17,0.0,4.294254,-8.805015,2094
29206,r6i1p1f1,2094,12,18,0.0,4.276401,-8.923233,2094
29207,r6i1p1f1,2094,12,19,0.0,8.050576,-7.3355913,2094
29208,r6i1p1f1,2094,12,20,0.0,12.440971,-3.687,2094
29209,r6i1p1f1,2094,12,21,0.0,12.794301,-3.0529623,2094
29210,r6i1p1f1,2094,12,22,0.0,14.320381,-1.923952,2094
29211,r6i1p1f1,2094,12,23,0.0,12.393859,-2.1435382,2094
29212,r6i1p1f1,2094,12,24,2.8251282139667007,8.655578,1.0703603,2094
29213,r6i1p1f1,2094,12,25,29.070362739592767,10.785465,2.0588431,2094
29214,r6i1p1f1,2094,12,26,2.3513053894190303,9.736049,0.2667604,2094
29215,r6i1p1f1,2094,12,27,8.726998850741614,10.470816,-0.33463797,2094
29216,r6i1p1f1,2094,12,28,5.159976091281492,14.960576,6.4513617,2094
29217,r6i1p1f1,2094,12,29,0.0,20.355785,4.539856,2094
29218,r6i1p1f1,2094,12,30,0.0,18.607264,4.386317,2094
29219,r6i1p1f1,2094,12,31,0.0,17.492325,3.691367,2094
29220,r6i1p1f1,2095,01,01,0.0,16.626802,3.6655796,2095
29221,r6i1p1f1,2095,01,02,0.0,16.39666,4.287689,2095
29222,r6i1p1f1,2095,01,03,0.0,17.201271,2.108445,2095
29223,r6i1p1f1,2095,01,04,0.0,18.339487,2.2432632,2095
29224,r6i1p1f1,2095,01,05,0.0,18.901379,3.7646708,2095
29225,r6i1p1f1,2095,01,06,0.0,18.916496,3.8771415,2095
29226,r6i1p1f1,2095,01,07,0.0,18.843908,4.402868,2095
29227,r6i1p1f1,2095,01,08,0.0,18.690971,4.610036,2095
29228,r6i1p1f1,2095,01,09,0.0,20.10941,4.356479,2095
29229,r6i1p1f1,2095,01,10,0.0,20.301472,4.737119,2095
29230,r6i1p1f1,2095,01,11,0.0,19.650753,5.0252466,2095
29231,r6i1p1f1,2095,01,12,0.0,19.065361,4.751078,2095
29232,r6i1p1f1,2095,01,13,0.0,20.502232,5.374227,2095
29233,r6i1p1f1,2095,01,14,0.0,20.222485,5.244292,2095
29234,r6i1p1f1,2095,01,15,0.0,19.146229,4.9180794,2095
29235,r6i1p1f1,2095,01,16,0.0,19.45092,3.855724,2095
29236,r6i1p1f1,2095,01,17,0.0,19.433603,4.2451673,2095
29237,r6i1p1f1,2095,01,18,0.0,20.025507,4.3512926,2095
29238,r6i1p1f1,2095,01,19,0.0,18.330755,2.5204473,2095
29239,r6i1p1f1,2095,01,20,0.0,14.09681,-2.5907338,2095
29240,r6i1p1f1,2095,01,21,0.03564468868460424,11.073069,-4.018071,2095
29241,r6i1p1f1,2095,01,22,0.3909628481536704,5.977925,-2.9370441,2095
29242,r6i1p1f1,2095,01,23,7.554888490000558,5.9184194,-1.2871022,2095
29243,r6i1p1f1,2095,01,24,11.326155082618417,5.384883,-7.9066076,2095
29244,r6i1p1f1,2095,01,25,0.6593193645938081,-0.16839896,-8.3402815,2095
29245,r6i1p1f1,2095,01,26,0.14944970518470563,2.6633234,-8.959882,2095
29246,r6i1p1f1,2095,01,27,0.0,4.0716915,-12.303784,2095
29247,r6i1p1f1,2095,01,28,0.589483821085731,3.5600338,-8.141869,2095
29248,r6i1p1f1,2095,01,29,0.0872539097286364,1.465567,-4.711177,2095
29249,r6i1p1f1,2095,01,30,0.008491171222058067,6.5013175,-4.6549516,2095
29250,r6i1p1f1,2095,01,31,0.0,9.05545,-4.1035843,2095
29251,r6i1p1f1,2095,02,01,0.0,8.891576,-4.7242317,2095
29252,r6i1p1f1,2095,02,02,0.0,10.652798,-4.022843,2095
29253,r6i1p1f1,2095,02,03,0.0,12.692721,-3.2867646,2095
29254,r6i1p1f1,2095,02,04,0.0,14.722214,-1.0343455,2095
29255,r6i1p1f1,2095,02,05,0.0,16.108734,-0.19144839,2095
29256,r6i1p1f1,2095,02,06,0.0,16.20089,-0.3399905,2095
29257,r6i1p1f1,2095,02,07,0.019365219873969653,19.097609,3.241723,2095
29258,r6i1p1f1,2095,02,08,7.48510273181825,14.093364,5.1872473,2095
29259,r6i1p1f1,2095,02,09,0.0,15.685543,5.1634226,2095
29260,r6i1p1f1,2095,02,10,0.002790982786151379,18.040962,1.0002844,2095
29261,r6i1p1f1,2095,02,11,0.0,20.541988,4.48846,2095
29262,r6i1p1f1,2095,02,12,0.0,20.518251,3.4967782,2095
29263,r6i1p1f1,2095,02,13,0.0,21.753077,5.9619136,2095
29264,r6i1p1f1,2095,02,14,0.0,21.213655,5.8336973,2095
29265,r6i1p1f1,2095,02,15,0.0,21.037823,4.706502,2095
29266,r6i1p1f1,2095,02,16,1.1094668648518793,18.090113,1.8122443,2095
29267,r6i1p1f1,2095,02,17,0.0,18.88857,2.496379,2095
29268,r6i1p1f1,2095,02,18,0.0,20.397118,3.8577967,2095
29269,r6i1p1f1,2095,02,19,0.0,20.201809,3.1153355,2095
29270,r6i1p1f1,2095,02,20,2.8340826094433056,17.311733,0.38786027,2095
29271,r6i1p1f1,2095,02,21,19.990091973413712,11.185738,2.873597,2095
29272,r6i1p1f1,2095,02,22,3.9712344207254002,10.541944,-4.000834,2095
29273,r6i1p1f1,2095,02,23,0.0,7.8520794,-5.4186935,2095
29274,r6i1p1f1,2095,02,24,4.953344539968721,8.625187,-2.27518,2095
29275,r6i1p1f1,2095,02,25,0.06133596693246728,16.120073,2.106107,2095
29276,r6i1p1f1,2095,02,26,7.094823487334152,14.454772,4.6534824,2095
29277,r6i1p1f1,2095,02,27,0.01412907598255464,16.135057,4.806608,2095
29278,r6i1p1f1,2095,02,28,0.13771125658019556,12.740459,0.9086004,2095
29279,r6i1p1f1,2095,03,01,0.7326777537353236,8.255235,0.3638236,2095
29280,r6i1p1f1,2095,03,02,1.1939697145430108,8.622476,-3.1521392,2095
29281,r6i1p1f1,2095,03,03,0.0,12.571351,-5.390384,2095
29282,r6i1p1f1,2095,03,04,0.013471145246562188,15.632036,-0.061738987,2095
29283,r6i1p1f1,2095,03,05,3.241206192937154,10.6082535,0.027688822,2095
29284,r6i1p1f1,2095,03,06,11.274780559101599,8.581067,0.7367742,2095
29285,r6i1p1f1,2095,03,07,0.006052569592225239,17.11482,1.200836,2095
29286,r6i1p1f1,2095,03,08,0.0,22.782774,3.006793,2095
29287,r6i1p1f1,2095,03,09,0.0,21.701565,4.0314984,2095
29288,r6i1p1f1,2095,03,10,0.0,19.492785,2.5939467,2095
29289,r6i1p1f1,2095,03,11,0.0159421544230231,17.080801,6.5064335,2095
29290,r6i1p1f1,2095,03,12,0.0008652122915860063,16.933712,5.631294,2095
29291,r6i1p1f1,2095,03,13,0.0,21.07845,2.1320734,2095
29292,r6i1p1f1,2095,03,14,0.009353065896983152,20.013802,2.8269658,2095
29293,r6i1p1f1,2095,03,15,0.1642123129642339,16.501766,6.1248965,2095
29294,r6i1p1f1,2095,03,16,13.63593745221274,13.860573,4.090056,2095
29295,r6i1p1f1,2095,03,17,1.6348474892050753,12.367716,0.80386734,2095
29296,r6i1p1f1,2095,03,18,0.3709790068165469,17.024021,2.146353,2095
29297,r6i1p1f1,2095,03,19,0.0,17.62875,1.6033989,2095
29298,r6i1p1f1,2095,03,20,5.413103630753214,13.867862,2.071402,2095
29299,r6i1p1f1,2095,03,21,0.9182289735632242,13.406888,2.7480419,2095
29300,r6i1p1f1,2095,03,22,0.0,19.154928,2.2007828,2095
29301,r6i1p1f1,2095,03,23,0.0,20.612328,3.128459,2095
29302,r6i1p1f1,2095,03,24,19.096773820382307,12.094046,-0.45382974,2095
29303,r6i1p1f1,2095,03,25,2.749025043873089,11.314324,-3.032749,2095
29304,r6i1p1f1,2095,03,26,0.04874225298577582,16.458275,1.8808281,2095
29305,r6i1p1f1,2095,03,27,5.069496677836681,12.950555,1.6691133,2095
29306,r6i1p1f1,2095,03,28,2.8433905352520483,10.936046,-0.40024495,2095
29307,r6i1p1f1,2095,03,29,0.0,14.060312,-2.4692307,2095
29308,r6i1p1f1,2095,03,30,0.6110846907580356,11.511112,-1.0243248,2095
29309,r6i1p1f1,2095,03,31,0.0,16.026892,-0.86700016,2095
29310,r6i1p1f1,2095,04,01,0.0,18.820219,0.095159225,2095
29311,r6i1p1f1,2095,04,02,3.2685888721103247,12.320391,-3.009711,2095
29312,r6i1p1f1,2095,04,03,0.43697455936220364,10.635426,1.7791445,2095
29313,r6i1p1f1,2095,04,04,9.12720261024317,8.723695,0.10368079,2095
29314,r6i1p1f1,2095,04,05,2.535767891447832,9.5067,-0.6194453,2095
29315,r6i1p1f1,2095,04,06,0.2216517168325642,15.981813,-0.45306844,2095
29316,r6i1p1f1,2095,04,07,2.4610764755339587,12.771487,-0.08237398,2095
29317,r6i1p1f1,2095,04,08,14.618619648872933,8.4406185,-2.6294894,2095
29318,r6i1p1f1,2095,04,09,7.197341129718107,13.218919,-1.0844965,2095
29319,r6i1p1f1,2095,04,10,36.4590289107166,10.940867,-1.6614497,2095
29320,r6i1p1f1,2095,04,11,0.7454294599969252,9.68505,-2.6689441,2095
29321,r6i1p1f1,2095,04,12,14.87335078399822,7.165208,-2.6145575,2095
29322,r6i1p1f1,2095,04,13,5.491842216959258,8.246782,-2.6126041,2095
29323,r6i1p1f1,2095,04,14,0.0,15.097934,-2.5381444,2095
29324,r6i1p1f1,2095,04,15,0.023795190011544683,15.112532,4.7985005,2095
29325,r6i1p1f1,2095,04,16,0.16011298611175698,14.100272,-1.9746944,2095
29326,r6i1p1f1,2095,04,17,0.0,21.097328,1.5646906,2095
29327,r6i1p1f1,2095,04,18,0.0,26.036963,5.7699127,2095
29328,r6i1p1f1,2095,04,19,0.0,27.634819,9.800381,2095
29329,r6i1p1f1,2095,04,20,0.0,28.438736,10.843361,2095
29330,r6i1p1f1,2095,04,21,0.0,25.783945,7.3765507,2095
29331,r6i1p1f1,2095,04,22,0.02468635050546555,18.52522,0.85256255,2095
29332,r6i1p1f1,2095,04,23,0.0028073883540520195,15.5417,-1.7198998,2095
29333,r6i1p1f1,2095,04,24,0.0,18.183216,-0.10215778,2095
29334,r6i1p1f1,2095,04,25,0.0,20.146196,0.9710783,2095
29335,r6i1p1f1,2095,04,26,5.3907652355744595,16.23384,-0.06390625,2095
29336,r6i1p1f1,2095,04,27,1.9072239712948051,15.01714,-0.8293569,2095
29337,r6i1p1f1,2095,04,28,1.681735105293744,17.452969,2.0830498,2095
29338,r6i1p1f1,2095,04,29,1.6384539091011427,14.364433,-2.8625412,2095
29339,r6i1p1f1,2095,04,30,5.771031624154656,11.035198,-4.6567416,2095
29340,r6i1p1f1,2095,05,01,21.906552950871163,9.401225,-1.5924089,2095
29341,r6i1p1f1,2095,05,02,12.724333615203733,8.739504,-0.5234181,2095
29342,r6i1p1f1,2095,05,03,5.5932217372763064,8.454902,0.18328783,2095
29343,r6i1p1f1,2095,05,04,0.0,16.064608,0.11086524,2095
29344,r6i1p1f1,2095,05,05,0.0,18.318672,0.84731543,2095
29345,r6i1p1f1,2095,05,06,0.07093436941111865,16.717398,4.027983,2095
29346,r6i1p1f1,2095,05,07,0.05847136580383961,22.509035,2.183831,2095
29347,r6i1p1f1,2095,05,08,0.0,24.717417,6.575846,2095
29348,r6i1p1f1,2095,05,09,0.0,28.841602,8.524865,2095
29349,r6i1p1f1,2095,05,10,0.0,30.814648,10.224577,2095
29350,r6i1p1f1,2095,05,11,0.0,31.355116,11.629845,2095
29351,r6i1p1f1,2095,05,12,0.0,31.975832,12.76313,2095
29352,r6i1p1f1,2095,05,13,0.0420752720423283,30.873915,11.698093,2095
29353,r6i1p1f1,2095,05,14,0.04078976961937501,27.826914,9.026004,2095
29354,r6i1p1f1,2095,05,15,0.0,30.868069,10.48194,2095
29355,r6i1p1f1,2095,05,16,0.0,31.869196,11.998943,2095
29356,r6i1p1f1,2095,05,17,0.9681615879774662,26.868452,7.2273383,2095
29357,r6i1p1f1,2095,05,18,0.003551649697922943,19.513725,5.0617385,2095
29358,r6i1p1f1,2095,05,19,0.0919312472188867,23.735329,6.0260615,2095
29359,r6i1p1f1,2095,05,20,0.27444050631763134,22.585527,3.850049,2095
29360,r6i1p1f1,2095,05,21,0.0043653152893132615,22.852417,5.042973,2095
29361,r6i1p1f1,2095,05,22,0.0,21.375782,4.7976575,2095
29362,r6i1p1f1,2095,05,23,0.011477198335777655,22.44766,4.663888,2095
29363,r6i1p1f1,2095,05,24,0.0,25.400515,6.206583,2095
29364,r6i1p1f1,2095,05,25,0.05432806326984378,26.796064,8.19911,2095
29365,r6i1p1f1,2095,05,26,0.0,27.60959,8.766022,2095
29366,r6i1p1f1,2095,05,27,0.0,29.08893,10.0867195,2095
29367,r6i1p1f1,2095,05,28,0.022582151132617356,31.115444,11.385563,2095
29368,r6i1p1f1,2095,05,29,0.0,32.398872,13.250869,2095
29369,r6i1p1f1,2095,05,30,0.0,32.385757,13.742505,2095
29370,r6i1p1f1,2095,05,31,0.0,32.160667,13.83723,2095
29371,r6i1p1f1,2095,06,01,1.4218106609738832,31.831995,12.319762,2095
29372,r6i1p1f1,2095,06,02,0.0,32.460598,11.938389,2095
29373,r6i1p1f1,2095,06,03,0.0,31.554726,12.080893,2095
29374,r6i1p1f1,2095,06,04,0.05927751050216756,29.196644,9.161601,2095
29375,r6i1p1f1,2095,06,05,1.3869683702637121,16.472439,1.1137117,2095
29376,r6i1p1f1,2095,06,06,0.0,22.817165,4.1392927,2095
29377,r6i1p1f1,2095,06,07,0.0,25.552485,8.898247,2095
29378,r6i1p1f1,2095,06,08,0.0,28.46594,10.830141,2095
29379,r6i1p1f1,2095,06,09,0.0,28.048357,9.738046,2095
29380,r6i1p1f1,2095,06,10,0.0,28.460182,8.649093,2095
29381,r6i1p1f1,2095,06,11,0.0,31.124178,11.723334,2095
29382,r6i1p1f1,2095,06,12,0.0,32.3309,12.830167,2095
29383,r6i1p1f1,2095,06,13,0.0,32.10032,13.905558,2095
29384,r6i1p1f1,2095,06,14,2.8481532659025555,27.470617,9.659953,2095
29385,r6i1p1f1,2095,06,15,0.0,27.27289,7.9606214,2095
29386,r6i1p1f1,2095,06,16,0.0,31.933805,11.623292,2095
29387,r6i1p1f1,2095,06,17,0.0,32.676826,12.271666,2095
29388,r6i1p1f1,2095,06,18,0.0,32.607143,12.320701,2095
29389,r6i1p1f1,2095,06,19,0.0,31.776794,12.002724,2095
29390,r6i1p1f1,2095,06,20,0.0,28.022535,8.596474,2095
29391,r6i1p1f1,2095,06,21,0.0,28.730032,8.985533,2095
29392,r6i1p1f1,2095,06,22,0.0,33.10009,12.588318,2095
29393,r6i1p1f1,2095,06,23,0.0,33.84803,13.335279,2095
29394,r6i1p1f1,2095,06,24,0.0,35.586536,16.20473,2095
29395,r6i1p1f1,2095,06,25,0.0,37.784702,17.823536,2095
29396,r6i1p1f1,2095,06,26,0.0,38.193897,18.090683,2095
29397,r6i1p1f1,2095,06,27,0.0,38.575928,18.54544,2095
29398,r6i1p1f1,2095,06,28,0.0,37.2579,17.193268,2095
29399,r6i1p1f1,2095,06,29,0.0,33.884815,12.877021,2095
29400,r6i1p1f1,2095,06,30,0.0,32.830822,12.80165,2095
29401,r6i1p1f1,2095,07,01,0.0,33.447704,12.242307,2095
29402,r6i1p1f1,2095,07,02,0.058716744230724156,32.642567,12.050601,2095
29403,r6i1p1f1,2095,07,03,0.0,34.52324,12.909401,2095
29404,r6i1p1f1,2095,07,04,0.0,36.17677,13.977901,2095
29405,r6i1p1f1,2095,07,05,0.0,37.511124,15.330863,2095
29406,r6i1p1f1,2095,07,06,0.0,37.86935,16.246897,2095
29407,r6i1p1f1,2095,07,07,0.20266046694965267,37.808796,16.338606,2095
29408,r6i1p1f1,2095,07,08,0.09361933740391452,37.501854,15.471562,2095
29409,r6i1p1f1,2095,07,09,0.16298842817111692,35.62328,15.473606,2095
29410,r6i1p1f1,2095,07,10,0.04993623715281506,35.137825,15.331259,2095
29411,r6i1p1f1,2095,07,11,0.6876629665282259,35.974506,15.463788,2095
29412,r6i1p1f1,2095,07,12,0.000131525391280225,35.279354,15.888532,2095
29413,r6i1p1f1,2095,07,13,2.261965649610456,34.728497,16.587315,2095
29414,r6i1p1f1,2095,07,14,0.11891616911213956,34.70911,14.053177,2095
29415,r6i1p1f1,2095,07,15,0.004625857197052081,34.984642,15.457377,2095
29416,r6i1p1f1,2095,07,16,0.0,35.99506,15.864212,2095
29417,r6i1p1f1,2095,07,17,0.0,37.10505,18.386448,2095
29418,r6i1p1f1,2095,07,18,2.646729806938792,37.32138,15.741702,2095
29419,r6i1p1f1,2095,07,19,0.012881498098027962,34.62323,14.719694,2095
29420,r6i1p1f1,2095,07,20,0.0,34.12393,15.8367195,2095
29421,r6i1p1f1,2095,07,21,0.0,36.301674,15.376238,2095
29422,r6i1p1f1,2095,07,22,0.0,37.22269,16.632048,2095
29423,r6i1p1f1,2095,07,23,0.0,37.413044,16.722017,2095
29424,r6i1p1f1,2095,07,24,0.0,37.239372,16.647833,2095
29425,r6i1p1f1,2095,07,25,0.0,36.953182,16.535048,2095
29426,r6i1p1f1,2095,07,26,0.0,36.625908,16.366486,2095
29427,r6i1p1f1,2095,07,27,0.0,36.667503,14.822442,2095
29428,r6i1p1f1,2095,07,28,0.0,35.429676,12.704851,2095
29429,r6i1p1f1,2095,07,29,0.0,33.634106,13.072221,2095
29430,r6i1p1f1,2095,07,30,0.0,36.233894,13.960086,2095
29431,r6i1p1f1,2095,07,31,0.0,36.33121,15.498964,2095
29432,r6i1p1f1,2095,08,01,0.0,35.78911,14.64376,2095
29433,r6i1p1f1,2095,08,02,0.0,35.418358,14.466264,2095
29434,r6i1p1f1,2095,08,03,0.0,37.781975,16.827114,2095
29435,r6i1p1f1,2095,08,04,0.0,38.554634,16.971258,2095
29436,r6i1p1f1,2095,08,05,0.0029492769007063817,37.402176,16.130663,2095
29437,r6i1p1f1,2095,08,06,0.0,36.502487,15.199144,2095
29438,r6i1p1f1,2095,08,07,0.0211061142797655,35.052505,14.068119,2095
29439,r6i1p1f1,2095,08,08,0.0,33.670174,13.1510515,2095
29440,r6i1p1f1,2095,08,09,0.0,34.45464,13.7539,2095
29441,r6i1p1f1,2095,08,10,0.0,35.996292,15.796759,2095
29442,r6i1p1f1,2095,08,11,0.0,36.075413,14.392484,2095
29443,r6i1p1f1,2095,08,12,0.07217470636490331,34.89503,14.497091,2095
29444,r6i1p1f1,2095,08,13,0.0,36.017258,15.54923,2095
29445,r6i1p1f1,2095,08,14,0.0,37.92099,16.8801,2095
29446,r6i1p1f1,2095,08,15,0.0,37.942215,17.450836,2095
29447,r6i1p1f1,2095,08,16,0.0,38.00035,17.284098,2095
29448,r6i1p1f1,2095,08,17,0.0,39.832,18.58264,2095
29449,r6i1p1f1,2095,08,18,0.0,39.148632,18.480827,2095
29450,r6i1p1f1,2095,08,19,0.0,37.566578,17.049635,2095
29451,r6i1p1f1,2095,08,20,0.0,36.14649,15.804529,2095
29452,r6i1p1f1,2095,08,21,0.0,35.95735,15.768064,2095
29453,r6i1p1f1,2095,08,22,0.0,36.792683,16.102041,2095
29454,r6i1p1f1,2095,08,23,0.0,35.306286,15.929984,2095
29455,r6i1p1f1,2095,08,24,0.0,35.474712,14.870563,2095
29456,r6i1p1f1,2095,08,25,0.0,35.531162,14.444127,2095
29457,r6i1p1f1,2095,08,26,0.0,35.196125,14.033764,2095
29458,r6i1p1f1,2095,08,27,0.0,34.458378,14.385407,2095
29459,r6i1p1f1,2095,08,28,0.0,35.491,15.1341505,2095
29460,r6i1p1f1,2095,08,29,0.609777671937002,34.944107,15.36912,2095
29461,r6i1p1f1,2095,08,30,3.9766668611059672,30.079983,11.374679,2095
29462,r6i1p1f1,2095,08,31,0.10709412508138431,26.784708,10.776902,2095
29463,r6i1p1f1,2095,09,01,0.08447468382270651,27.763504,11.345712,2095
29464,r6i1p1f1,2095,09,02,0.0,31.224943,13.565872,2095
29465,r6i1p1f1,2095,09,03,0.0,34.83824,15.278145,2095
29466,r6i1p1f1,2095,09,04,0.0,35.702755,15.457595,2095
29467,r6i1p1f1,2095,09,05,0.0,34.817017,15.6154175,2095
29468,r6i1p1f1,2095,09,06,0.0,34.85488,16.13236,2095
29469,r6i1p1f1,2095,09,07,0.0,35.428307,15.7022,2095
29470,r6i1p1f1,2095,09,08,0.0,34.613884,15.876102,2095
29471,r6i1p1f1,2095,09,09,0.0,36.010715,16.58027,2095
29472,r6i1p1f1,2095,09,10,0.0,39.739502,19.247766,2095
29473,r6i1p1f1,2095,09,11,1.9336145982075767e-06,42.07132,21.27263,2095
29474,r6i1p1f1,2095,09,12,0.0,41.65231,20.648348,2095
29475,r6i1p1f1,2095,09,13,0.0,37.137978,17.891523,2095
29476,r6i1p1f1,2095,09,14,0.0,34.655598,14.701541,2095
29477,r6i1p1f1,2095,09,15,0.0,35.254707,15.126582,2095
29478,r6i1p1f1,2095,09,16,0.0,34.658634,15.549658,2095
29479,r6i1p1f1,2095,09,17,0.0,34.936195,15.604863,2095
29480,r6i1p1f1,2095,09,18,0.0,34.947132,15.56155,2095
29481,r6i1p1f1,2095,09,19,0.0,35.791523,15.719189,2095
29482,r6i1p1f1,2095,09,20,0.0,35.298878,16.311834,2095
29483,r6i1p1f1,2095,09,21,0.0,35.26019,16.102913,2095
29484,r6i1p1f1,2095,09,22,0.0,36.183094,15.983769,2095
29485,r6i1p1f1,2095,09,23,1.2457414478340478,35.449516,15.962748,2095
29486,r6i1p1f1,2095,09,24,7.917256694556276,20.18829,10.765325,2095
29487,r6i1p1f1,2095,09,25,0.7556237172971626,25.529175,8.969287,2095
29488,r6i1p1f1,2095,09,26,0.0,28.74676,12.601433,2095
29489,r6i1p1f1,2095,09,27,0.0018157540675222063,28.7755,11.969719,2095
29490,r6i1p1f1,2095,09,28,2.130597896129882,28.188168,12.45571,2095
29491,r6i1p1f1,2095,09,29,3.312327499224629,22.344046,8.27176,2095
29492,r6i1p1f1,2095,09,30,1.0216121908686309,21.75545,5.8033643,2095
29493,r6i1p1f1,2095,10,01,11.671237819561009,19.76315,4.23033,2095
29494,r6i1p1f1,2095,10,02,9.671478901247244,18.404793,3.4890234,2095
29495,r6i1p1f1,2095,10,03,0.27119644026618167,24.271996,7.7888317,2095
29496,r6i1p1f1,2095,10,04,0.0,28.267971,9.721311,2095
29497,r6i1p1f1,2095,10,05,0.0,26.503593,11.333553,2095
29498,r6i1p1f1,2095,10,06,0.0,27.1198,9.151901,2095
29499,r6i1p1f1,2095,10,07,0.0,26.468262,8.245339,2095
29500,r6i1p1f1,2095,10,08,0.0,26.224806,8.285119,2095
29501,r6i1p1f1,2095,10,09,0.0,29.795704,10.172533,2095
29502,r6i1p1f1,2095,10,10,0.0,32.102295,12.344456,2095
29503,r6i1p1f1,2095,10,11,0.0,31.92498,12.6382675,2095
29504,r6i1p1f1,2095,10,12,0.0,30.741804,12.7381935,2095
29505,r6i1p1f1,2095,10,13,0.0,29.75086,11.767214,2095
29506,r6i1p1f1,2095,10,14,0.0,30.489634,11.646626,2095
29507,r6i1p1f1,2095,10,15,0.0,31.034082,11.0168085,2095
29508,r6i1p1f1,2095,10,16,0.0,30.329716,10.395437,2095
29509,r6i1p1f1,2095,10,17,0.0,28.849909,9.187876,2095
29510,r6i1p1f1,2095,10,18,1.785706288576636,24.773472,7.039092,2095
29511,r6i1p1f1,2095,10,19,3.092221473145341,16.177784,4.3675423,2095
29512,r6i1p1f1,2095,10,20,0.0009282994362957642,19.557869,3.8205917,2095
29513,r6i1p1f1,2095,10,21,0.01830407724281965,21.55485,5.9206214,2095
29514,r6i1p1f1,2095,10,22,0.0,22.729668,6.345244,2095
29515,r6i1p1f1,2095,10,23,0.0,21.565369,6.190676,2095
29516,r6i1p1f1,2095,10,24,0.010166429957221525,21.65188,6.10838,2095
29517,r6i1p1f1,2095,10,25,1.402180562295418,19.805723,2.9607763,2095
29518,r6i1p1f1,2095,10,26,0.022311013252666007,16.232033,-0.31222013,2095
29519,r6i1p1f1,2095,10,27,0.0,16.98598,-0.4487822,2095
29520,r6i1p1f1,2095,10,28,0.0,17.72595,0.56096476,2095
29521,r6i1p1f1,2095,10,29,0.06691827091263083,17.065865,2.5916615,2095
29522,r6i1p1f1,2095,10,30,0.07546060959748672,15.432863,8.051753,2095
29523,r6i1p1f1,2095,10,31,0.14323514169132154,20.422617,7.9723854,2095
29524,r6i1p1f1,2095,11,01,0.0,24.494938,7.1723185,2095
29525,r6i1p1f1,2095,11,02,0.0,24.829758,6.8331494,2095
29526,r6i1p1f1,2095,11,03,0.0,24.586006,7.0541215,2095
29527,r6i1p1f1,2095,11,04,0.0,23.79885,7.1303782,2095
29528,r6i1p1f1,2095,11,05,0.6832798646036475,21.961994,6.1058483,2095
29529,r6i1p1f1,2095,11,06,2.5981024382401143,16.579521,7.930074,2095
29530,r6i1p1f1,2095,11,07,38.99969891852677,15.29247,8.378749,2095
29531,r6i1p1f1,2095,11,08,5.870544241350121,13.876851,4.591372,2095
29532,r6i1p1f1,2095,11,09,0.0,18.535934,2.8790257,2095
29533,r6i1p1f1,2095,11,10,0.0,18.932491,3.9672716,2095
29534,r6i1p1f1,2095,11,11,0.0,19.645046,4.564772,2095
29535,r6i1p1f1,2095,11,12,0.0,18.588234,4.5381284,2095
29536,r6i1p1f1,2095,11,13,0.1053067081992979,16.468864,5.687585,2095
29537,r6i1p1f1,2095,11,14,0.0,13.502589,-0.39480343,2095
29538,r6i1p1f1,2095,11,15,0.0,14.707251,-0.18406455,2095
29539,r6i1p1f1,2095,11,16,0.0,16.484505,0.5407706,2095
29540,r6i1p1f1,2095,11,17,0.0,16.593788,0.5281856,2095
29541,r6i1p1f1,2095,11,18,0.0,17.650799,1.0322202,2095
29542,r6i1p1f1,2095,11,19,0.0,16.965328,0.7753907,2095
29543,r6i1p1f1,2095,11,20,0.0,15.585554,1.2079176,2095
29544,r6i1p1f1,2095,11,21,5.399836241936176,12.101213,2.8804908,2095
29545,r6i1p1f1,2095,11,22,25.502938378121275,10.139559,6.011673,2095
29546,r6i1p1f1,2095,11,23,1.8635747424838884,12.3647785,2.3946846,2095
29547,r6i1p1f1,2095,11,24,0.0,15.116646,-1.8978531,2095
29548,r6i1p1f1,2095,11,25,0.0,14.556111,1.5115868,2095
29549,r6i1p1f1,2095,11,26,0.2733904053427915,13.73838,6.933263,2095
29550,r6i1p1f1,2095,11,27,0.0,13.784524,-1.7114488,2095
29551,r6i1p1f1,2095,11,28,0.0,10.433568,-5.4909997,2095
29552,r6i1p1f1,2095,11,29,0.0,10.776056,-6.0364795,2095
29553,r6i1p1f1,2095,11,30,0.0,11.345283,-5.9167624,2095
29554,r6i1p1f1,2095,12,01,1.0994756939255788,9.289173,-3.1844783,2095
29555,r6i1p1f1,2095,12,02,13.984627884343997,7.2357416,0.86612475,2095
29556,r6i1p1f1,2095,12,03,0.45932582327553584,9.908311,3.8914149,2095
29557,r6i1p1f1,2095,12,04,0.0,14.087644,-0.7936221,2095
29558,r6i1p1f1,2095,12,05,0.008401734362171445,13.601187,-0.84445834,2095
29559,r6i1p1f1,2095,12,06,2.36508432899291,6.458688,-2.8113348,2095
29560,r6i1p1f1,2095,12,07,0.029523926375253737,6.3553185,-6.524069,2095
29561,r6i1p1f1,2095,12,08,1.4589655118204163,4.681272,-1.8272943,2095
29562,r6i1p1f1,2095,12,09,5.387210813316676,6.501478,-0.38236743,2095
29563,r6i1p1f1,2095,12,10,0.9073018634289094,8.744865,2.493326,2095
29564,r6i1p1f1,2095,12,11,0.0,10.465439,-0.14240189,2095
29565,r6i1p1f1,2095,12,12,0.0,12.882513,-0.45287153,2095
29566,r6i1p1f1,2095,12,13,0.0,12.550871,0.2881087,2095
29567,r6i1p1f1,2095,12,14,0.0,13.009574,0.25832775,2095
29568,r6i1p1f1,2095,12,15,0.0,16.052282,0.93796307,2095
29569,r6i1p1f1,2095,12,16,0.0,15.981786,3.1509757,2095
29570,r6i1p1f1,2095,12,17,0.0,17.499866,3.1947854,2095
29571,r6i1p1f1,2095,12,18,0.0,16.10952,3.0168238,2095
29572,r6i1p1f1,2095,12,19,0.0,1.1130329,-13.035375,2095
29573,r6i1p1f1,2095,12,20,0.0,-4.98713,-17.844767,2095
29574,r6i1p1f1,2095,12,21,0.0,-0.46491244,-14.674478,2095
29575,r6i1p1f1,2095,12,22,14.320932520201424,1.3596337,-12.527986,2095
29576,r6i1p1f1,2095,12,23,10.680084506149369,1.030693,-5.942494,2095
29577,r6i1p1f1,2095,12,24,4.81163774851328,1.3772084,-5.895434,2095
29578,r6i1p1f1,2095,12,25,3.4108234202746246,1.8355963,-4.9541683,2095
29579,r6i1p1f1,2095,12,26,0.24353289608980622,3.9265325,-6.0138397,2095
29580,r6i1p1f1,2095,12,27,0.08962259984991687,1.7594159,-9.508262,2095
29581,r6i1p1f1,2095,12,28,0.28102544716570926,0.66366434,-13.372582,2095
29582,r6i1p1f1,2095,12,29,0.1586156033404784,-4.166056,-17.849974,2095
29583,r6i1p1f1,2095,12,30,0.0,-6.995286,-18.852615,2095
29584,r6i1p1f1,2095,12,31,0.9541905534585466,-4.898549,-14.048176,2095
29585,r6i1p1f1,2096,01,01,12.07621828024322,-3.6556864,-12.81059,2096
29586,r6i1p1f1,2096,01,02,0.05035079152556152,5.3166094,-6.586446,2096
29587,r6i1p1f1,2096,01,03,0.0,6.05662,-6.7605762,2096
29588,r6i1p1f1,2096,01,04,0.0,6.862976,-6.1033597,2096
29589,r6i1p1f1,2096,01,05,0.002675543307515388,6.8000264,-5.435446,2096
29590,r6i1p1f1,2096,01,06,0.0,4.8929925,-8.371893,2096
29591,r6i1p1f1,2096,01,07,0.0,3.605441,-10.522189,2096
29592,r6i1p1f1,2096,01,08,1.5607415504172715,0.5956365,-9.4630995,2096
29593,r6i1p1f1,2096,01,09,2.917240116035285,1.6446048,-4.6603613,2096
29594,r6i1p1f1,2096,01,10,0.8169376274689807,2.8613753,-9.764206,2096
29595,r6i1p1f1,2096,01,11,2.2227810536248547,2.7897735,-8.252731,2096
29596,r6i1p1f1,2096,01,12,0.02059110291668063,4.4881372,-12.099028,2096
29597,r6i1p1f1,2096,01,13,6.083408069474377,0.99380416,-12.541086,2096
29598,r6i1p1f1,2096,01,14,21.052053217420884,4.4348283,-5.49392,2096
29599,r6i1p1f1,2096,01,15,30.315283990435255,6.544906,-0.5698228,2096
29600,r6i1p1f1,2096,01,16,1.7928830331385022,2.7913566,-3.326592,2096
29601,r6i1p1f1,2096,01,17,0.0,5.320173,-8.03501,2096
29602,r6i1p1f1,2096,01,18,0.0,5.899115,-7.941212,2096
29603,r6i1p1f1,2096,01,19,0.05166318915999612,3.908595,-4.6970954,2096
29604,r6i1p1f1,2096,01,20,0.7868623662200956,2.9732552,-7.8120813,2096
29605,r6i1p1f1,2096,01,21,0.0,6.800303,-8.907658,2096
29606,r6i1p1f1,2096,01,22,0.1518945796145171,2.8148582,-4.4368887,2096
29607,r6i1p1f1,2096,01,23,6.101182356194025,0.6655819,-4.3656936,2096
29608,r6i1p1f1,2096,01,24,15.629342054430813,2.0406508,-12.389166,2096
29609,r6i1p1f1,2096,01,25,0.9567612814699185,0.84615946,-12.941294,2096
29610,r6i1p1f1,2096,01,26,13.098476123964346,5.092575,-8.854001,2096
29611,r6i1p1f1,2096,01,27,8.453461882692027,3.4350646,-8.97626,2096
29612,r6i1p1f1,2096,01,28,3.5991173368807465,0.96057373,-14.320314,2096
29613,r6i1p1f1,2096,01,29,7.951251103466936,2.092366,-12.668902,2096
29614,r6i1p1f1,2096,01,30,18.447117476346502,0.9199378,-8.397069,2096
29615,r6i1p1f1,2096,01,31,0.13457169517188064,1.4494039,-8.123502,2096
29616,r6i1p1f1,2096,02,01,10.992758075187831,1.2954139,-7.937671,2096
29617,r6i1p1f1,2096,02,02,0.09126800671866145,4.3208556,-9.607789,2096
29618,r6i1p1f1,2096,02,03,0.0,6.538338,-7.2847495,2096
29619,r6i1p1f1,2096,02,04,0.0,5.6993566,-10.646004,2096
29620,r6i1p1f1,2096,02,05,0.2165297237425967,4.2448187,-1.6366473,2096
29621,r6i1p1f1,2096,02,06,1.3203199784099642,7.7223296,-1.1575713,2096
29622,r6i1p1f1,2096,02,07,2.009043403905138,6.337638,0.20957914,2096
29623,r6i1p1f1,2096,02,08,0.24308990739144673,8.711479,1.1360224,2096
29624,r6i1p1f1,2096,02,09,0.0,7.0942845,-7.4365478,2096
29625,r6i1p1f1,2096,02,10,0.0,4.8158045,-10.407762,2096
29626,r6i1p1f1,2096,02,11,0.27507592574837636,5.6265264,-6.367196,2096
29627,r6i1p1f1,2096,02,12,0.0,8.284089,-7.2807155,2096
29628,r6i1p1f1,2096,02,13,0.0,10.203054,-5.47762,2096
29629,r6i1p1f1,2096,02,14,0.0,9.574031,-5.0251746,2096
29630,r6i1p1f1,2096,02,15,0.0,10.369998,-4.1648026,2096
29631,r6i1p1f1,2096,02,16,0.0,11.6528845,-2.6428342,2096
29632,r6i1p1f1,2096,02,17,0.0,12.460735,-0.5170716,2096
29633,r6i1p1f1,2096,02,18,0.0003299933803088083,14.765172,0.9315442,2096
29634,r6i1p1f1,2096,02,19,7.583759712928293,10.312932,-0.49449223,2096
29635,r6i1p1f1,2096,02,20,0.749388132631032,11.456589,0.91977555,2096
29636,r6i1p1f1,2096,02,21,14.753455551354351,11.47273,-3.5854876,2096
29637,r6i1p1f1,2096,02,22,0.0,5.2285223,-4.642523,2096
29638,r6i1p1f1,2096,02,23,0.0,8.223698,-7.5165925,2096
29639,r6i1p1f1,2096,02,24,0.0,13.473441,-2.2206986,2096
29640,r6i1p1f1,2096,02,25,0.0,15.560248,-1.0042301,2096
29641,r6i1p1f1,2096,02,26,0.0,15.137117,0.6283566,2096
29642,r6i1p1f1,2096,02,27,0.0,14.430975,1.3850293,2096
29643,r6i1p1f1,2096,02,28,0.0,12.6248,-3.6610856,2096
29644,r6i1p1f1,2096,02,29,0.0,11.669412,-3.1162527,2096
29645,r6i1p1f1,2096,03,01,0.10370409095709379,10.976859,-3.0881875,2096
29646,r6i1p1f1,2096,03,02,0.0,12.240398,-4.5521173,2096
29647,r6i1p1f1,2096,03,03,0.0,17.772995,-0.49005547,2096
29648,r6i1p1f1,2096,03,04,0.0,19.668644,2.2254803,2096
29649,r6i1p1f1,2096,03,05,0.0,21.04228,2.347181,2096
29650,r6i1p1f1,2096,03,06,0.0,23.742697,4.4200063,2096
29651,r6i1p1f1,2096,03,07,0.0,25.675495,6.545149,2096
29652,r6i1p1f1,2096,03,08,0.0,25.383934,7.4605117,2096
29653,r6i1p1f1,2096,03,09,0.0,23.97948,7.500518,2096
29654,r6i1p1f1,2096,03,10,0.0,25.1647,7.4852133,2096
29655,r6i1p1f1,2096,03,11,0.0,26.29885,8.281198,2096
29656,r6i1p1f1,2096,03,12,0.0,25.355179,8.831722,2096
29657,r6i1p1f1,2096,03,13,0.0,19.742847,5.573991,2096
29658,r6i1p1f1,2096,03,14,0.0,21.566242,3.7861216,2096
29659,r6i1p1f1,2096,03,15,15.038392049681237,15.72042,0.560369,2096
29660,r6i1p1f1,2096,03,16,16.580287924359062,11.888646,1.6275336,2096
29661,r6i1p1f1,2096,03,17,4.498253237124298,9.626585,-2.3134167,2096
29662,r6i1p1f1,2096,03,18,2.0049757047138046,11.974285,-3.0341752,2096
29663,r6i1p1f1,2096,03,19,0.0,19.188307,1.1598793,2096
29664,r6i1p1f1,2096,03,20,0.0,21.136242,2.931721,2096
29665,r6i1p1f1,2096,03,21,0.10603661297964301,18.300634,1.9637772,2096
29666,r6i1p1f1,2096,03,22,0.0,12.699756,-2.5876179,2096
29667,r6i1p1f1,2096,03,23,0.0,15.294435,-4.0226192,2096
29668,r6i1p1f1,2096,03,24,0.0,19.247126,-0.4941145,2096
29669,r6i1p1f1,2096,03,25,0.0,20.381788,1.2870209,2096
29670,r6i1p1f1,2096,03,26,0.0,20.03017,0.7300695,2096
29671,r6i1p1f1,2096,03,27,0.0,19.230919,3.0253923,2096
29672,r6i1p1f1,2096,03,28,0.609935456683678,16.251818,-0.9151489,2096
29673,r6i1p1f1,2096,03,29,0.0,14.784575,1.089727,2096
29674,r6i1p1f1,2096,03,30,0.0,21.953148,2.08187,2096
29675,r6i1p1f1,2096,03,31,0.0016242645777720124,22.097687,3.4262078,2096
29676,r6i1p1f1,2096,04,01,0.013984433511998315,18.571209,3.380851,2096
29677,r6i1p1f1,2096,04,02,0.0032123183489637525,16.434847,-0.37507704,2096
29678,r6i1p1f1,2096,04,03,0.0,15.576528,-1.5106043,2096
29679,r6i1p1f1,2096,04,04,0.0,20.522879,0.58098906,2096
29680,r6i1p1f1,2096,04,05,0.042014126970772676,20.597162,3.1774485,2096
29681,r6i1p1f1,2096,04,06,0.0033253035778757173,16.871277,0.200808,2096
29682,r6i1p1f1,2096,04,07,0.0020473244247081,13.375802,-2.1497939,2096
29683,r6i1p1f1,2096,04,08,0.0,18.7881,0.40006995,2096
29684,r6i1p1f1,2096,04,09,0.0,17.951742,0.05187701,2096
29685,r6i1p1f1,2096,04,10,10.279791845674309,7.6345296,-0.66499186,2096
29686,r6i1p1f1,2096,04,11,27.63807580357142,9.009753,-6.860303,2096
29687,r6i1p1f1,2096,04,12,0.2754940530835272,10.336792,-7.718099,2096
29688,r6i1p1f1,2096,04,13,0.02703136224290103,11.885652,1.1881965,2096
29689,r6i1p1f1,2096,04,14,1.101642796488002,13.810462,-2.7438462,2096
29690,r6i1p1f1,2096,04,15,0.00963745107217688,18.461075,0.57390755,2096
29691,r6i1p1f1,2096,04,16,0.0,19.530504,2.8004282,2096
29692,r6i1p1f1,2096,04,17,0.0,20.753206,3.7474785,2096
29693,r6i1p1f1,2096,04,18,0.0,22.677767,6.3631277,2096
29694,r6i1p1f1,2096,04,19,0.0,24.526669,5.9051185,2096
29695,r6i1p1f1,2096,04,20,0.007733451747566955,25.308138,7.3992233,2096
29696,r6i1p1f1,2096,04,21,1.4074707295421316,21.999825,3.7352643,2096
29697,r6i1p1f1,2096,04,22,12.940864785813181,11.040341,-2.3041286,2096
29698,r6i1p1f1,2096,04,23,2.71421996748714,10.202206,-5.2451425,2096
29699,r6i1p1f1,2096,04,24,0.0,15.467286,-1.3976126,2096
29700,r6i1p1f1,2096,04,25,0.0,17.600851,-0.026073169,2096
29701,r6i1p1f1,2096,04,26,1.1317428422756772,16.354633,-2.3276887,2096
29702,r6i1p1f1,2096,04,27,0.0,21.022297,2.7759042,2096
29703,r6i1p1f1,2096,04,28,0.6044060866280462,19.801073,5.0339413,2096
29704,r6i1p1f1,2096,04,29,7.1999666509679106,14.822314,2.5116708,2096
29705,r6i1p1f1,2096,04,30,2.903149894026299,16.100275,4.9054646,2096
29706,r6i1p1f1,2096,05,01,0.0,23.43426,6.23357,2096
29707,r6i1p1f1,2096,05,02,0.0,24.772326,6.412751,2096
29708,r6i1p1f1,2096,05,03,0.0,23.444431,6.505258,2096
29709,r6i1p1f1,2096,05,04,0.02020634764765366,20.730305,5.6358857,2096
29710,r6i1p1f1,2096,05,05,0.0,23.098993,5.4840126,2096
29711,r6i1p1f1,2096,05,06,0.10822075364582565,23.005136,4.8794713,2096
29712,r6i1p1f1,2096,05,07,1.3923088933364087,20.359983,8.1867075,2096
29713,r6i1p1f1,2096,05,08,11.95390577655958,17.050644,3.4982853,2096
29714,r6i1p1f1,2096,05,09,2.744042534279389,17.395864,5.8067055,2096
29715,r6i1p1f1,2096,05,10,1.650931813064827,16.722975,3.6933646,2096
29716,r6i1p1f1,2096,05,11,0.8535812940672215,15.152026,2.531161,2096
29717,r6i1p1f1,2096,05,12,0.5791171143741395,20.314222,4.342323,2096
29718,r6i1p1f1,2096,05,13,0.3769989611043395,20.586159,2.2907407,2096
29719,r6i1p1f1,2096,05,14,2.522234731981675,13.111886,1.4850869,2096
29720,r6i1p1f1,2096,05,15,1.5805096916457155,17.29555,0.47226486,2096
29721,r6i1p1f1,2096,05,16,0.0,22.674252,5.1298485,2096
29722,r6i1p1f1,2096,05,17,0.0,24.205492,5.1455865,2096
29723,r6i1p1f1,2096,05,18,0.0,23.019323,6.0945134,2096
29724,r6i1p1f1,2096,05,19,0.0,24.147018,4.4881506,2096
29725,r6i1p1f1,2096,05,20,0.0,27.910158,7.6115713,2096
29726,r6i1p1f1,2096,05,21,0.0,28.54204,10.505631,2096
29727,r6i1p1f1,2096,05,22,0.0,24.73676,6.3636265,2096
29728,r6i1p1f1,2096,05,23,0.0,27.203741,7.899254,2096
29729,r6i1p1f1,2096,05,24,0.0,29.142145,10.55096,2096
29730,r6i1p1f1,2096,05,25,0.0,31.361801,11.08469,2096
29731,r6i1p1f1,2096,05,26,0.0,33.34168,12.8987465,2096
29732,r6i1p1f1,2096,05,27,0.0,32.647537,11.937189,2096
29733,r6i1p1f1,2096,05,28,0.0,30.013613,11.353758,2096
29734,r6i1p1f1,2096,05,29,0.0,29.539534,12.568032,2096
29735,r6i1p1f1,2096,05,30,0.09220513064391676,31.691051,11.694869,2096
29736,r6i1p1f1,2096,05,31,0.029658617145255684,30.79549,12.667099,2096
29737,r6i1p1f1,2096,06,01,0.0018024240842376268,27.612549,8.250257,2096
29738,r6i1p1f1,2096,06,02,0.0,30.118979,9.646853,2096
29739,r6i1p1f1,2096,06,03,0.0,32.735313,13.064609,2096
29740,r6i1p1f1,2096,06,04,0.22844025821339217,32.257782,12.464443,2096
29741,r6i1p1f1,2096,06,05,5.014629799310805,25.101183,6.976746,2096
29742,r6i1p1f1,2096,06,06,2.4534245679063496,29.736431,10.574499,2096
29743,r6i1p1f1,2096,06,07,0.1585089959571942,31.67359,13.135677,2096
29744,r6i1p1f1,2096,06,08,1.1058547801533818,34.51383,15.264528,2096
29745,r6i1p1f1,2096,06,09,0.8958676744865984,34.874153,15.908486,2096
29746,r6i1p1f1,2096,06,10,0.0,34.26163,15.663223,2096
29747,r6i1p1f1,2096,06,11,0.0,33.52754,14.28798,2096
29748,r6i1p1f1,2096,06,12,0.0,33.24761,14.381034,2096
29749,r6i1p1f1,2096,06,13,0.012505586226092893,33.10445,13.556998,2096
29750,r6i1p1f1,2096,06,14,0.0007257123500405389,31.248013,12.141724,2096
29751,r6i1p1f1,2096,06,15,0.0,33.174244,13.0834675,2096
29752,r6i1p1f1,2096,06,16,0.6695412472897359,34.495205,14.064335,2096
29753,r6i1p1f1,2096,06,17,0.022740087561718254,33.585472,13.653028,2096
29754,r6i1p1f1,2096,06,18,0.0,33.46113,13.662916,2096
29755,r6i1p1f1,2096,06,19,0.05832657682987399,28.65144,10.629306,2096
29756,r6i1p1f1,2096,06,20,0.0,26.431871,7.5641475,2096
29757,r6i1p1f1,2096,06,21,0.0,28.865547,9.856751,2096
29758,r6i1p1f1,2096,06,22,0.0,31.627388,13.714686,2096
29759,r6i1p1f1,2096,06,23,0.813845302733858,30.50172,11.457039,2096
29760,r6i1p1f1,2096,06,24,0.039403936153551276,30.373112,11.993036,2096
29761,r6i1p1f1,2096,06,25,0.0,32.259052,12.689134,2096
29762,r6i1p1f1,2096,06,26,0.7904711845365961,30.936527,12.25271,2096
29763,r6i1p1f1,2096,06,27,0.0,30.937193,11.119739,2096
29764,r6i1p1f1,2096,06,28,0.0,32.696075,12.87081,2096
29765,r6i1p1f1,2096,06,29,0.0,32.256557,12.602259,2096
29766,r6i1p1f1,2096,06,30,0.0,32.339302,12.047099,2096
29767,r6i1p1f1,2096,07,01,0.0,31.51273,11.466535,2096
29768,r6i1p1f1,2096,07,02,0.0029140638355772998,30.081186,9.871476,2096
29769,r6i1p1f1,2096,07,03,0.0,31.14451,12.365227,2096
29770,r6i1p1f1,2096,07,04,0.15136609929307954,33.012104,12.578783,2096
29771,r6i1p1f1,2096,07,05,0.0034611933490829886,34.702248,12.84599,2096
29772,r6i1p1f1,2096,07,06,0.0,34.776196,12.616842,2096
29773,r6i1p1f1,2096,07,07,0.0,34.674347,12.721963,2096
29774,r6i1p1f1,2096,07,08,0.0,35.529785,13.9701395,2096
29775,r6i1p1f1,2096,07,09,0.0,37.290184,16.327757,2096
29776,r6i1p1f1,2096,07,10,0.0,39.115334,18.613745,2096
29777,r6i1p1f1,2096,07,11,0.0,39.11556,18.642612,2096
29778,r6i1p1f1,2096,07,12,0.0,38.227306,15.6542225,2096
29779,r6i1p1f1,2096,07,13,0.0,37.142117,14.878853,2096
29780,r6i1p1f1,2096,07,14,0.0,36.132374,14.385397,2096
29781,r6i1p1f1,2096,07,15,0.0,36.105316,14.870562,2096
29782,r6i1p1f1,2096,07,16,0.0,36.47356,16.536938,2096
29783,r6i1p1f1,2096,07,17,0.0,37.52559,15.725147,2096
29784,r6i1p1f1,2096,07,18,0.14832349376662024,40.46229,18.643293,2096
29785,r6i1p1f1,2096,07,19,0.0,41.433067,19.16212,2096
29786,r6i1p1f1,2096,07,20,2.1196900942088575,41.433968,20.592115,2096
29787,r6i1p1f1,2096,07,21,0.6647599774126532,40.619625,20.19691,2096
29788,r6i1p1f1,2096,07,22,0.5980156041273673,40.817753,20.173307,2096
29789,r6i1p1f1,2096,07,23,0.030153213474025452,41.281136,20.91913,2096
29790,r6i1p1f1,2096,07,24,0.27329005623505215,40.83533,21.043346,2096
29791,r6i1p1f1,2096,07,25,0.0337014714063542,40.177784,19.960814,2096
29792,r6i1p1f1,2096,07,26,3.4192930220294406,41.22169,21.846493,2096
29793,r6i1p1f1,2096,07,27,0.2046269718395229,39.981167,20.448286,2096
29794,r6i1p1f1,2096,07,28,1.7818195393050251,39.614464,21.37637,2096
29795,r6i1p1f1,2096,07,29,0.00017103910268090748,37.96932,17.801945,2096
29796,r6i1p1f1,2096,07,30,0.0,38.024117,17.535137,2096
29797,r6i1p1f1,2096,07,31,0.0,39.096134,18.376572,2096
29798,r6i1p1f1,2096,08,01,0.0,41.002026,19.455511,2096
29799,r6i1p1f1,2096,08,02,0.0,41.330013,20.509357,2096
29800,r6i1p1f1,2096,08,03,0.0,41.476048,20.752922,2096
29801,r6i1p1f1,2096,08,04,0.0,40.855125,19.489532,2096
29802,r6i1p1f1,2096,08,05,0.0,39.975636,18.380186,2096
29803,r6i1p1f1,2096,08,06,0.0,38.263756,16.217794,2096
29804,r6i1p1f1,2096,08,07,0.0,35.04166,13.864581,2096
29805,r6i1p1f1,2096,08,08,0.0,33.38864,13.046942,2096
29806,r6i1p1f1,2096,08,09,0.0,34.664726,13.451775,2096
29807,r6i1p1f1,2096,08,10,0.0,34.945736,13.989273,2096
29808,r6i1p1f1,2096,08,11,0.0,34.82972,14.121615,2096
29809,r6i1p1f1,2096,08,12,0.0,35.40682,15.174555,2096
29810,r6i1p1f1,2096,08,13,0.0,36.526646,15.88379,2096
29811,r6i1p1f1,2096,08,14,0.0,36.744404,15.754705,2096
29812,r6i1p1f1,2096,08,15,0.0,36.71667,15.893749,2096
29813,r6i1p1f1,2096,08,16,0.0,36.854244,16.122135,2096
29814,r6i1p1f1,2096,08,17,0.0,36.45625,15.198188,2096
29815,r6i1p1f1,2096,08,18,0.17235279340309378,33.213642,13.015554,2096
29816,r6i1p1f1,2096,08,19,0.06289859344652156,34.05538,13.720247,2096
29817,r6i1p1f1,2096,08,20,0.1754329067462085,34.035057,13.24373,2096
29818,r6i1p1f1,2096,08,21,0.0,35.466595,15.241617,2096
29819,r6i1p1f1,2096,08,22,0.0,36.717346,16.015478,2096
29820,r6i1p1f1,2096,08,23,0.0,38.06134,17.099081,2096
29821,r6i1p1f1,2096,08,24,0.0,38.68894,17.707888,2096
29822,r6i1p1f1,2096,08,25,0.0,37.559498,16.939478,2096
29823,r6i1p1f1,2096,08,26,0.0,35.3696,15.251253,2096
29824,r6i1p1f1,2096,08,27,1.653989559861828,35.062534,14.013857,2096
29825,r6i1p1f1,2096,08,28,0.0011634012653551128,34.097263,12.206464,2096
29826,r6i1p1f1,2096,08,29,0.0,31.716307,11.35411,2096
29827,r6i1p1f1,2096,08,30,0.0,31.345692,10.546805,2096
29828,r6i1p1f1,2096,08,31,0.0,29.45665,10.308592,2096
29829,r6i1p1f1,2096,09,01,0.47740980759109897,27.907362,10.677148,2096
29830,r6i1p1f1,2096,09,02,0.3027900383445076,28.317343,10.920925,2096
29831,r6i1p1f1,2096,09,03,0.0380970493672323,31.047274,12.502847,2096
29832,r6i1p1f1,2096,09,04,0.0,32.750587,13.676815,2096
29833,r6i1p1f1,2096,09,05,0.0,33.906708,15.0022545,2096
29834,r6i1p1f1,2096,09,06,0.0,32.935917,15.098471,2096
29835,r6i1p1f1,2096,09,07,0.0,32.492065,14.805487,2096
29836,r6i1p1f1,2096,09,08,6.166486308986111e-05,33.57012,13.129503,2096
29837,r6i1p1f1,2096,09,09,0.0,33.095337,13.433609,2096
29838,r6i1p1f1,2096,09,10,0.0,32.78011,13.294211,2096
29839,r6i1p1f1,2096,09,11,0.0,32.146317,14.268675,2096
29840,r6i1p1f1,2096,09,12,0.0,33.5375,13.815839,2096
29841,r6i1p1f1,2096,09,13,0.0,34.64814,13.73657,2096
29842,r6i1p1f1,2096,09,14,0.0,35.002346,15.151574,2096
29843,r6i1p1f1,2096,09,15,0.0,34.212868,16.709742,2096
29844,r6i1p1f1,2096,09,16,0.0,34.866894,14.789616,2096
29845,r6i1p1f1,2096,09,17,0.0,35.066994,14.731665,2096
29846,r6i1p1f1,2096,09,18,0.0,33.223568,12.979245,2096
29847,r6i1p1f1,2096,09,19,0.0,29.874006,11.964653,2096
29848,r6i1p1f1,2096,09,20,0.680037395069767,28.46169,10.821726,2096
29849,r6i1p1f1,2096,09,21,0.44538073107776266,28.815035,9.9201975,2096
29850,r6i1p1f1,2096,09,22,0.0,32.036137,12.533468,2096
29851,r6i1p1f1,2096,09,23,0.0,34.173813,12.900831,2096
29852,r6i1p1f1,2096,09,24,2.9970800691038904e-06,33.248436,13.061548,2096
29853,r6i1p1f1,2096,09,25,0.010018393299395526,32.326977,11.915908,2096
29854,r6i1p1f1,2096,09,26,0.0,31.372904,12.067128,2096
29855,r6i1p1f1,2096,09,27,0.0,33.212994,13.26067,2096
29856,r6i1p1f1,2096,09,28,0.0,34.55523,14.256835,2096
29857,r6i1p1f1,2096,09,29,0.0,35.174263,14.76336,2096
29858,r6i1p1f1,2096,09,30,0.0,34.62949,14.002733,2096
29859,r6i1p1f1,2096,10,01,0.0,33.1799,12.114139,2096
29860,r6i1p1f1,2096,10,02,0.0,31.977549,12.165729,2096
29861,r6i1p1f1,2096,10,03,0.0,30.773066,9.28627,2096
29862,r6i1p1f1,2096,10,04,0.727797968002639,25.530457,10.003035,2096
29863,r6i1p1f1,2096,10,05,0.024995947436067187,20.786165,7.045691,2096
29864,r6i1p1f1,2096,10,06,0.0,25.599857,6.8071656,2096
29865,r6i1p1f1,2096,10,07,0.0,26.946657,5.880573,2096
29866,r6i1p1f1,2096,10,08,0.0,27.080631,5.537309,2096
29867,r6i1p1f1,2096,10,09,0.0,25.734495,5.353305,2096
29868,r6i1p1f1,2096,10,10,0.0,18.590858,1.0045466,2096
29869,r6i1p1f1,2096,10,11,0.0,17.39765,-0.6376794,2096
29870,r6i1p1f1,2096,10,12,0.0,22.687984,3.4788,2096
29871,r6i1p1f1,2096,10,13,0.0,25.568346,4.7949862,2096
29872,r6i1p1f1,2096,10,14,0.0,24.292496,6.396716,2096
29873,r6i1p1f1,2096,10,15,0.0,24.495623,5.328638,2096
29874,r6i1p1f1,2096,10,16,0.0,26.07185,7.501401,2096
29875,r6i1p1f1,2096,10,17,0.08116919209312098,24.204113,6.369205,2096
29876,r6i1p1f1,2096,10,18,16.35416986071209,17.237528,5.730566,2096
29877,r6i1p1f1,2096,10,19,8.91486251165545,12.372801,2.3046498,2096
29878,r6i1p1f1,2096,10,20,0.37308443054231555,15.571302,1.11701,2096
29879,r6i1p1f1,2096,10,21,0.0,19.99084,2.5170422,2096
29880,r6i1p1f1,2096,10,22,0.0,20.09836,1.7976471,2096
29881,r6i1p1f1,2096,10,23,0.0,22.802805,3.5462549,2096
29882,r6i1p1f1,2096,10,24,0.0,22.947426,6.0218654,2096
29883,r6i1p1f1,2096,10,25,0.0,23.67007,6.948329,2096
29884,r6i1p1f1,2096,10,26,0.0,25.140842,5.903896,2096
29885,r6i1p1f1,2096,10,27,0.0,26.075293,7.0717206,2096
29886,r6i1p1f1,2096,10,28,0.0,26.372679,8.1388235,2096
29887,r6i1p1f1,2096,10,29,0.0,25.801025,7.502696,2096
29888,r6i1p1f1,2096,10,30,0.03894517808872111,21.227846,5.435133,2096
29889,r6i1p1f1,2096,10,31,0.019373939950506933,18.664066,6.005549,2096
29890,r6i1p1f1,2096,11,01,2.9191699730410146,16.287382,8.640808,2096
29891,r6i1p1f1,2096,11,02,3.086332777895698,14.833827,4.1005344,2096
29892,r6i1p1f1,2096,11,03,0.0,22.473927,2.960926,2096
29893,r6i1p1f1,2096,11,04,0.006429434571709366,24.105934,6.873566,2096
29894,r6i1p1f1,2096,11,05,1.6303683510932703,20.93097,7.215423,2096
29895,r6i1p1f1,2096,11,06,0.0,16.805958,0.8930779,2096
29896,r6i1p1f1,2096,11,07,0.0,15.67708,1.3365847,2096
29897,r6i1p1f1,2096,11,08,0.0,15.606431,0.16975288,2096
29898,r6i1p1f1,2096,11,09,0.017509717340999244,15.661557,0.34302446,2096
29899,r6i1p1f1,2096,11,10,0.006348215383146494,15.254753,-0.9058145,2096
29900,r6i1p1f1,2096,11,11,0.0,16.959309,-0.46645057,2096
29901,r6i1p1f1,2096,11,12,0.6202032798623617,16.472704,1.1885395,2096
29902,r6i1p1f1,2096,11,13,3.628253016227887,8.199327,-2.4408941,2096
29903,r6i1p1f1,2096,11,14,0.0,9.091874,-5.4134436,2096
29904,r6i1p1f1,2096,11,15,0.0,11.212476,-5.4889064,2096
29905,r6i1p1f1,2096,11,16,3.6299303870683053,9.117246,-0.86896527,2096
29906,r6i1p1f1,2096,11,17,35.845611238728196,9.010673,-4.7561116,2096
29907,r6i1p1f1,2096,11,18,12.40124352592419,3.6214154,-4.0332785,2096
29908,r6i1p1f1,2096,11,19,0.3522757194932706,4.298074,-3.9544122,2096
29909,r6i1p1f1,2096,11,20,3.352149141658433,4.7563405,-3.910047,2096
29910,r6i1p1f1,2096,11,21,0.0066451844821506355,4.85804,-5.393663,2096
29911,r6i1p1f1,2096,11,22,0.0,8.738823,-3.29288,2096
29912,r6i1p1f1,2096,11,23,0.0,13.220432,-1.7948946,2096
29913,r6i1p1f1,2096,11,24,1.1820176533472195,12.640815,1.2159021,2096
29914,r6i1p1f1,2096,11,25,0.011126773268505055,10.727108,2.3637414,2096
29915,r6i1p1f1,2096,11,26,6.161625172164626,7.8884444,-2.1531892,2096
29916,r6i1p1f1,2096,11,27,14.535911932516473,8.369307,1.8477734,2096
29917,r6i1p1f1,2096,11,28,3.807149878988146,7.3465548,-5.0398464,2096
29918,r6i1p1f1,2096,11,29,0.006050437045214426,7.1928463,-6.544471,2096
29919,r6i1p1f1,2096,11,30,0.0,8.884971,-8.337109,2096
29920,r6i1p1f1,2096,12,01,0.0,11.036468,-1.6054716,2096
29921,r6i1p1f1,2096,12,02,0.0,11.90468,-1.897853,2096
29922,r6i1p1f1,2096,12,03,0.0,12.134753,-1.4686385,2096
29923,r6i1p1f1,2096,12,04,6.531357079361556,7.7269197,-0.61849916,2096
29924,r6i1p1f1,2096,12,05,7.086994205693756,8.354611,1.0603596,2096
29925,r6i1p1f1,2096,12,06,12.681164203590372,11.2119665,3.6868758,2096
29926,r6i1p1f1,2096,12,07,1.062231288571438,10.623458,3.0115726,2096
29927,r6i1p1f1,2096,12,08,1.033983510665723,10.951573,-0.6180102,2096
29928,r6i1p1f1,2096,12,09,13.707105488865558,9.53528,4.832969,2096
29929,r6i1p1f1,2096,12,10,0.0,12.935506,-0.74501735,2096
29930,r6i1p1f1,2096,12,11,1.4862585611766463,10.285201,3.6927116,2096
29931,r6i1p1f1,2096,12,12,14.460077329754919,9.013667,1.1471426,2096
29932,r6i1p1f1,2096,12,13,0.12713637584890078,8.285383,1.2184691,2096
29933,r6i1p1f1,2096,12,14,0.0,13.887448,1.6533523,2096
29934,r6i1p1f1,2096,12,15,0.0,14.044037,2.0005953,2096
29935,r6i1p1f1,2096,12,16,4.601625231238459,7.981187,0.24546474,2096
29936,r6i1p1f1,2096,12,17,5.758473123487026,11.404212,1.2474465,2096
29937,r6i1p1f1,2096,12,18,0.03799478302618978,14.434523,5.191031,2096
29938,r6i1p1f1,2096,12,19,0.0,17.998281,1.8484402,2096
29939,r6i1p1f1,2096,12,20,0.0,19.034492,3.988399,2096
29940,r6i1p1f1,2096,12,21,0.0,17.338324,3.0103166,2096
29941,r6i1p1f1,2096,12,22,0.0,18.600231,3.0340314,2096
29942,r6i1p1f1,2096,12,23,0.0,18.693434,3.9674726,2096
29943,r6i1p1f1,2096,12,24,0.0,18.215197,4.517755,2096
29944,r6i1p1f1,2096,12,25,0.0,17.636217,3.040187,2096
29945,r6i1p1f1,2096,12,26,0.0,13.755994,-0.32927915,2096
29946,r6i1p1f1,2096,12,27,0.0,14.579997,1.5006702,2096
29947,r6i1p1f1,2096,12,28,0.008454580986294905,12.610063,-1.2443795,2096
29948,r6i1p1f1,2096,12,29,0.0,-0.15414457,-11.177818,2096
29949,r6i1p1f1,2096,12,30,0.0,2.196066,-12.126527,2096
29950,r6i1p1f1,2096,12,31,0.9629113844757842,2.0124726,-9.0197735,2096
29951,r6i1p1f1,2097,01,01,5.88343874065187,0.8362713,-4.1072187,2097
29952,r6i1p1f1,2097,01,02,4.6596590613975,0.7995109,-6.7677813,2097
29953,r6i1p1f1,2097,01,03,9.82908729108161e-05,5.7611885,-8.243151,2097
29954,r6i1p1f1,2097,01,04,0.3158246921479303,4.327507,-5.627452,2097
29955,r6i1p1f1,2097,01,05,0.027679109445854947,2.9598322,-3.247381,2097
29956,r6i1p1f1,2097,01,06,8.129020869023517,3.694992,-4.4956584,2097
29957,r6i1p1f1,2097,01,07,45.018591915798844,10.6450205,-0.7325789,2097
29958,r6i1p1f1,2097,01,08,6.992456306676237,10.535169,2.9121318,2097
29959,r6i1p1f1,2097,01,09,11.757446828713347,10.915368,4.30099,2097
29960,r6i1p1f1,2097,01,10,11.67942107037966,8.469333,3.7606723,2097
29961,r6i1p1f1,2097,01,11,29.238540890690867,11.714427,3.750467,2097
29962,r6i1p1f1,2097,01,12,20.274550496771177,12.280069,4.6814456,2097
29963,r6i1p1f1,2097,01,13,12.68567292235538,11.257337,-0.094290674,2097
29964,r6i1p1f1,2097,01,14,5.564428245725965,9.528726,0.46478823,2097
29965,r6i1p1f1,2097,01,15,2.379811551106701,15.039375,2.3682156,2097
29966,r6i1p1f1,2097,01,16,5.819709868755656,13.371167,8.440666,2097
29967,r6i1p1f1,2097,01,17,14.613049530268952,13.428533,7.9208674,2097
29968,r6i1p1f1,2097,01,18,0.0,17.02896,9.516466,2097
29969,r6i1p1f1,2097,01,19,8.900078070568277,17.47137,6.311401,2097
29970,r6i1p1f1,2097,01,20,2.6123479619162855,11.726264,-2.7030234,2097
29971,r6i1p1f1,2097,01,21,0.0,6.09753,-7.6706095,2097
29972,r6i1p1f1,2097,01,22,1.5414831184840172,3.7005727,-5.133006,2097
29973,r6i1p1f1,2097,01,23,0.0,4.76411,-0.088134915,2097
29974,r6i1p1f1,2097,01,24,0.0,5.356832,-3.921496,2097
29975,r6i1p1f1,2097,01,25,0.004697351522275116,1.7496474,-3.7273424,2097
29976,r6i1p1f1,2097,01,26,21.36445849308489,10.625638,-1.3727039,2097
29977,r6i1p1f1,2097,01,27,1.7184632849332464,13.351356,6.0772586,2097
29978,r6i1p1f1,2097,01,28,1.940475332480953,18.509613,5.95648,2097
29979,r6i1p1f1,2097,01,29,0.0,19.992634,4.089252,2097
29980,r6i1p1f1,2097,01,30,0.0,19.407393,3.8310897,2097
29981,r6i1p1f1,2097,01,31,0.0,20.424849,4.3492937,2097
29982,r6i1p1f1,2097,02,01,0.0,20.655735,4.673815,2097
29983,r6i1p1f1,2097,02,02,0.0,21.372883,5.3395033,2097
29984,r6i1p1f1,2097,02,03,0.0,21.091366,5.326403,2097
29985,r6i1p1f1,2097,02,04,2.649114197239729,16.628237,3.1573753,2097
29986,r6i1p1f1,2097,02,05,1.9542315590757462,9.980868,0.2927397,2097
29987,r6i1p1f1,2097,02,06,1.1861672657349123,8.804956,-0.8030395,2097
29988,r6i1p1f1,2097,02,07,1.1105953466948169,6.5662174,-2.236968,2097
29989,r6i1p1f1,2097,02,08,0.3444635712837951,5.609305,-5.49943,2097
29990,r6i1p1f1,2097,02,09,0.3954882905537439,4.988342,-7.00087,2097
29991,r6i1p1f1,2097,02,10,0.016435999159273806,6.143404,-6.813129,2097
29992,r6i1p1f1,2097,02,11,0.0,6.296454,-10.066909,2097
29993,r6i1p1f1,2097,02,12,0.0,11.567109,-2.7258828,2097
29994,r6i1p1f1,2097,02,13,0.0,12.529175,-3.6867104,2097
29995,r6i1p1f1,2097,02,14,0.0,11.202284,-4.8263316,2097
29996,r6i1p1f1,2097,02,15,0.03567785456067176,8.780672,-1.50469,2097
29997,r6i1p1f1,2097,02,16,0.0,10.383633,-5.92789,2097
29998,r6i1p1f1,2097,02,17,0.0,11.631264,-6.0279555,2097
29999,r6i1p1f1,2097,02,18,0.7746875071624875,8.370033,-4.91031,2097
30000,r6i1p1f1,2097,02,19,9.71546032531027,4.950957,-3.9863982,2097
30001,r6i1p1f1,2097,02,20,14.57689774998106,1.0923952,-6.246138,2097
30002,r6i1p1f1,2097,02,21,21.79367159011495,0.7734311,-5.475555,2097
30003,r6i1p1f1,2097,02,22,10.435075358382718,1.7201275,-10.553526,2097
30004,r6i1p1f1,2097,02,23,21.95293358631033,2.1372237,-7.726621,2097
30005,r6i1p1f1,2097,02,24,10.591029608475196,2.7669957,-6.0757804,2097
30006,r6i1p1f1,2097,02,25,1.0972255328660518,3.6053147,-8.659574,2097
30007,r6i1p1f1,2097,02,26,9.6159549808835,8.478845,-2.4486957,2097
30008,r6i1p1f1,2097,02,27,1.1137832269504315,9.021842,-1.3035157,2097
30009,r6i1p1f1,2097,02,28,0.6023486293786516,4.7769094,-1.6034728,2097
30010,r6i1p1f1,2097,03,01,0.0,5.6801753,-1.0121828,2097
30011,r6i1p1f1,2097,03,02,0.026960457713860384,3.631714,-2.2282507,2097
30012,r6i1p1f1,2097,03,03,0.0,9.348881,-0.7031676,2097
30013,r6i1p1f1,2097,03,04,0.0,11.004554,-1.2111998,2097
30014,r6i1p1f1,2097,03,05,0.0,19.49276,0.08572818,2097
30015,r6i1p1f1,2097,03,06,0.0,18.714825,1.9875965,2097
30016,r6i1p1f1,2097,03,07,0.10149899470831222,17.153454,4.255109,2097
30017,r6i1p1f1,2097,03,08,0.0,22.354856,2.4249034,2097
30018,r6i1p1f1,2097,03,09,0.0,23.421295,5.8687487,2097
30019,r6i1p1f1,2097,03,10,0.0,23.259663,4.5925474,2097
30020,r6i1p1f1,2097,03,11,0.0,22.30621,4.351986,2097
30021,r6i1p1f1,2097,03,12,0.0,22.831503,5.61994,2097
30022,r6i1p1f1,2097,03,13,2.2069962517645,17.20751,2.015216,2097
30023,r6i1p1f1,2097,03,14,0.0,18.578125,1.1348093,2097
30024,r6i1p1f1,2097,03,15,1.0835300495687903,14.749715,1.4291842,2097
30025,r6i1p1f1,2097,03,16,5.486772280442831,10.110452,-0.50453424,2097
30026,r6i1p1f1,2097,03,17,0.0,17.191872,-1.5977395,2097
30027,r6i1p1f1,2097,03,18,0.0,22.502962,1.5783904,2097
30028,r6i1p1f1,2097,03,19,0.0,20.728104,3.2035682,2097
30029,r6i1p1f1,2097,03,20,0.0013069817253160984,18.298204,1.2474698,2097
30030,r6i1p1f1,2097,03,21,0.0007945983412901795,18.08626,2.1683114,2097
30031,r6i1p1f1,2097,03,22,0.006004484974640311,13.630514,-0.3775084,2097
30032,r6i1p1f1,2097,03,23,0.05821996925041622,15.528665,0.095951684,2097
30033,r6i1p1f1,2097,03,24,1.6999202244666574,8.744807,-0.4440141,2097
30034,r6i1p1f1,2097,03,25,0.0,10.372584,-6.459961,2097
30035,r6i1p1f1,2097,03,26,0.025109935477823354,11.242909,-4.7810574,2097
30036,r6i1p1f1,2097,03,27,0.00128026417796169,19.79087,0.3334655,2097
30037,r6i1p1f1,2097,03,28,0.0007156844210943116,22.183432,6.561969,2097
30038,r6i1p1f1,2097,03,29,0.0,22.477022,3.7563944,2097
30039,r6i1p1f1,2097,03,30,0.0,27.546265,7.062996,2097
30040,r6i1p1f1,2097,03,31,0.0,29.161596,8.495053,2097
30041,r6i1p1f1,2097,04,01,0.0,27.941118,8.734625,2097
30042,r6i1p1f1,2097,04,02,0.008681651841904342,22.090849,2.466883,2097
30043,r6i1p1f1,2097,04,03,0.0,9.129829,-4.2846684,2097
30044,r6i1p1f1,2097,04,04,0.14570367014877306,5.3610144,-4.6227984,2097
30045,r6i1p1f1,2097,04,05,0.09576328599294508,14.475428,-0.5415378,2097
30046,r6i1p1f1,2097,04,06,0.0,20.656826,0.070925266,2097
30047,r6i1p1f1,2097,04,07,0.0,22.594883,1.8591756,2097
30048,r6i1p1f1,2097,04,08,0.0,23.826027,4.6566696,2097
30049,r6i1p1f1,2097,04,09,0.0007155931150205463,20.606096,2.2081232,2097
30050,r6i1p1f1,2097,04,10,0.0,15.137845,-0.9030685,2097
30051,r6i1p1f1,2097,04,11,0.0,17.928297,1.5452149,2097
30052,r6i1p1f1,2097,04,12,0.0,22.465277,3.2155712,2097
30053,r6i1p1f1,2097,04,13,0.0,26.80417,6.3152814,2097
30054,r6i1p1f1,2097,04,14,0.0,27.922798,8.815943,2097
30055,r6i1p1f1,2097,04,15,0.0,27.964252,8.356373,2097
30056,r6i1p1f1,2097,04,16,6.85852727209487,16.03105,-0.8261489,2097
30057,r6i1p1f1,2097,04,17,9.762430447408853,6.4516163,-7.134963,2097
30058,r6i1p1f1,2097,04,18,0.0,10.46845,-5.861075,2097
30059,r6i1p1f1,2097,04,19,0.0,18.153528,-1.2478744,2097
30060,r6i1p1f1,2097,04,20,0.0,23.345541,3.2433703,2097
30061,r6i1p1f1,2097,04,21,0.0,24.250042,4.8903894,2097
30062,r6i1p1f1,2097,04,22,0.0,25.025372,5.871864,2097
30063,r6i1p1f1,2097,04,23,0.0,24.688047,6.958203,2097
30064,r6i1p1f1,2097,04,24,0.0,22.806896,5.020187,2097
30065,r6i1p1f1,2097,04,25,0.12170541834286282,20.354357,2.3264253,2097
30066,r6i1p1f1,2097,04,26,0.8202003582488895,13.524592,0.21764918,2097
30067,r6i1p1f1,2097,04,27,1.792843125165669,11.709793,-0.05579024,2097
30068,r6i1p1f1,2097,04,28,0.7518268799859781,16.630768,-1.3262042,2097
30069,r6i1p1f1,2097,04,29,0.09964327667788804,21.167812,1.9353505,2097
30070,r6i1p1f1,2097,04,30,0.0,23.030706,4.7566257,2097
30071,r6i1p1f1,2097,05,01,0.0,25.841219,7.61012,2097
30072,r6i1p1f1,2097,05,02,0.0,28.491251,9.820994,2097
30073,r6i1p1f1,2097,05,03,0.0,28.421373,10.22144,2097
30074,r6i1p1f1,2097,05,04,0.10260217238104677,25.240192,7.031312,2097
30075,r6i1p1f1,2097,05,05,0.0,19.503109,3.3092415,2097
30076,r6i1p1f1,2097,05,06,1.720777142447832,12.864256,-2.9196985,2097
30077,r6i1p1f1,2097,05,07,2.152102700559448,13.132458,-2.632585,2097
30078,r6i1p1f1,2097,05,08,1.5349389318672944,19.203592,1.6401485,2097
30079,r6i1p1f1,2097,05,09,0.0,23.319057,5.0997047,2097
30080,r6i1p1f1,2097,05,10,1.1945016569564104,21.232132,2.498118,2097
30081,r6i1p1f1,2097,05,11,3.6784500323931266,20.675644,1.9712033,2097
30082,r6i1p1f1,2097,05,12,3.4507046228075775,17.637684,3.4733357,2097
30083,r6i1p1f1,2097,05,13,6.026224905308297,19.43209,3.2144256,2097
30084,r6i1p1f1,2097,05,14,2.7451760687463276,21.37047,3.5699594,2097
30085,r6i1p1f1,2097,05,15,0.052188018537830665,26.09292,8.578381,2097
30086,r6i1p1f1,2097,05,16,0.0,22.868265,8.875287,2097
30087,r6i1p1f1,2097,05,17,3.8178014276569567,18.034817,5.8914714,2097
30088,r6i1p1f1,2097,05,18,0.36215430667495485,22.982634,5.7008314,2097
30089,r6i1p1f1,2097,05,19,0.0,26.996721,8.233299,2097
30090,r6i1p1f1,2097,05,20,0.023258834493339615,26.93732,7.951378,2097
30091,r6i1p1f1,2097,05,21,0.002141462419979921,24.811144,9.972361,2097
30092,r6i1p1f1,2097,05,22,5.1937351009489925,20.259495,4.1235275,2097
30093,r6i1p1f1,2097,05,23,3.2114384265363105,21.118433,4.9961367,2097
30094,r6i1p1f1,2097,05,24,0.2568845020024983,23.745583,5.112244,2097
30095,r6i1p1f1,2097,05,25,3.095034256815821,15.628394,1.7449603,2097
30096,r6i1p1f1,2097,05,26,0.019232919840531635,22.435787,4.380045,2097
30097,r6i1p1f1,2097,05,27,0.0,27.233894,8.805012,2097
30098,r6i1p1f1,2097,05,28,2.3076477306496432,22.826605,8.168668,2097
30099,r6i1p1f1,2097,05,29,1.4775255102625804,17.341452,0.5601825,2097
30100,r6i1p1f1,2097,05,30,4.012117469935906,14.489353,1.3568909,2097
30101,r6i1p1f1,2097,05,31,0.0,23.843897,5.7309346,2097
30102,r6i1p1f1,2097,06,01,0.2190839335391943,25.915201,8.043696,2097
30103,r6i1p1f1,2097,06,02,2.136390828071042,23.223013,3.4264534,2097
30104,r6i1p1f1,2097,06,03,0.8129612292045523,22.372005,6.4205327,2097
30105,r6i1p1f1,2097,06,04,0.225950801164991,27.807268,7.5787044,2097
30106,r6i1p1f1,2097,06,05,0.18603119126195386,28.648695,9.339688,2097
30107,r6i1p1f1,2097,06,06,0.7278153037774155,29.645256,11.255796,2097
30108,r6i1p1f1,2097,06,07,0.37367915433243815,26.140787,8.336126,2097
30109,r6i1p1f1,2097,06,08,0.07692260854048874,24.269606,7.4419312,2097
30110,r6i1p1f1,2097,06,09,0.0,28.758787,7.952573,2097
30111,r6i1p1f1,2097,06,10,0.12131859388248846,28.94315,12.155674,2097
30112,r6i1p1f1,2097,06,11,1.4767471781440054,22.14897,10.909207,2097
30113,r6i1p1f1,2097,06,12,0.47458499078597555,22.171377,11.039538,2097
30114,r6i1p1f1,2097,06,13,3.578661335705898,20.86084,10.836968,2097
30115,r6i1p1f1,2097,06,14,0.6869533214957219,22.389513,12.642442,2097
30116,r6i1p1f1,2097,06,15,0.8540895134674676,29.168556,10.6429615,2097
30117,r6i1p1f1,2097,06,16,1.7001928265669688,24.653837,5.890897,2097
30118,r6i1p1f1,2097,06,17,0.017351164469903087,28.233025,11.582852,2097
30119,r6i1p1f1,2097,06,18,0.0,31.77152,11.740351,2097
30120,r6i1p1f1,2097,06,19,0.0,34.213062,14.103602,2097
30121,r6i1p1f1,2097,06,20,0.0,35.909748,16.328604,2097
30122,r6i1p1f1,2097,06,21,0.0,35.14157,15.699884,2097
30123,r6i1p1f1,2097,06,22,0.4206223512991096,32.15286,13.015699,2097
30124,r6i1p1f1,2097,06,23,0.11757847551373518,29.211363,12.678748,2097
30125,r6i1p1f1,2097,06,24,0.012273746601431339,32.899967,13.653119,2097
30126,r6i1p1f1,2097,06,25,0.0,35.553505,15.434517,2097
30127,r6i1p1f1,2097,06,26,0.4638793872914054,34.78883,14.03787,2097
30128,r6i1p1f1,2097,06,27,0.0,34.979946,15.028234,2097
30129,r6i1p1f1,2097,06,28,0.0,34.11091,14.578014,2097
30130,r6i1p1f1,2097,06,29,4.964845852861446,32.948544,13.084699,2097
30131,r6i1p1f1,2097,06,30,2.7324976524919924,31.28436,11.986234,2097
30132,r6i1p1f1,2097,07,01,2.5301536455665294,31.15862,13.08191,2097
30133,r6i1p1f1,2097,07,02,1.939836543269017,29.467377,14.222911,2097
30134,r6i1p1f1,2097,07,03,0.0,32.923813,13.80859,2097
30135,r6i1p1f1,2097,07,04,0.0,33.693222,14.060118,2097
30136,r6i1p1f1,2097,07,05,0.019548407251864994,33.89717,15.172374,2097
30137,r6i1p1f1,2097,07,06,0.0,34.08975,14.272972,2097
30138,r6i1p1f1,2097,07,07,0.005403763862633732,34.073708,14.39267,2097
30139,r6i1p1f1,2097,07,08,0.0,34.612446,14.21899,2097
30140,r6i1p1f1,2097,07,09,0.0,35.080696,14.886366,2097
30141,r6i1p1f1,2097,07,10,0.0,35.655148,15.390512,2097
30142,r6i1p1f1,2097,07,11,0.0,37.965855,16.616478,2097
30143,r6i1p1f1,2097,07,12,0.0,38.339172,17.93834,2097
30144,r6i1p1f1,2097,07,13,0.029619581845762206,38.31856,18.003597,2097
30145,r6i1p1f1,2097,07,14,0.5426922897588894,37.723293,18.642288,2097
30146,r6i1p1f1,2097,07,15,0.4094877286901978,36.674778,16.14064,2097
30147,r6i1p1f1,2097,07,16,0.008812322593214442,36.44481,14.625358,2097
30148,r6i1p1f1,2097,07,17,0.0,36.903805,16.467386,2097
30149,r6i1p1f1,2097,07,18,0.0,37.43056,17.07746,2097
30150,r6i1p1f1,2097,07,19,0.10822206060444095,38.36023,17.442566,2097
30151,r6i1p1f1,2097,07,20,0.005221193031075198,39.089848,16.9659,2097
30152,r6i1p1f1,2097,07,21,0.0,40.58103,19.084724,2097
30153,r6i1p1f1,2097,07,22,9.098639750936806e-05,40.95364,20.178755,2097
30154,r6i1p1f1,2097,07,23,0.9989799790059769,40.585014,19.995304,2097
30155,r6i1p1f1,2097,07,24,0.40871117902714443,38.692463,20.53573,2097
30156,r6i1p1f1,2097,07,25,0.5259543498318711,37.463726,17.47806,2097
30157,r6i1p1f1,2097,07,26,0.018568346529923972,36.03231,16.221764,2097
30158,r6i1p1f1,2097,07,27,0.5198618396177515,36.135532,17.065948,2097
30159,r6i1p1f1,2097,07,28,0.1229336516901157,36.71965,16.573265,2097
30160,r6i1p1f1,2097,07,29,0.11435655481231384,38.15513,19.744404,2097
30161,r6i1p1f1,2097,07,30,6.24301336910477,39.097145,20.19401,2097
30162,r6i1p1f1,2097,07,31,0.0,37.465263,17.443865,2097
30163,r6i1p1f1,2097,08,01,0.007509011590459102,36.194973,16.039837,2097
30164,r6i1p1f1,2097,08,02,0.0,37.447254,16.80547,2097
30165,r6i1p1f1,2097,08,03,0.0,37.411938,17.60426,2097
30166,r6i1p1f1,2097,08,04,0.07759410131537021,37.58412,17.237104,2097
30167,r6i1p1f1,2097,08,05,0.6098880528008569,36.384327,16.109655,2097
30168,r6i1p1f1,2097,08,06,0.0,35.817394,16.01224,2097
30169,r6i1p1f1,2097,08,07,0.0035665605582081814,36.378124,15.989054,2097
30170,r6i1p1f1,2097,08,08,0.0,37.257675,16.645676,2097
30171,r6i1p1f1,2097,08,09,0.0,38.729618,19.075804,2097
30172,r6i1p1f1,2097,08,10,0.002229148248869593,40.621037,20.72306,2097
30173,r6i1p1f1,2097,08,11,0.25772630275685976,40.192207,21.04327,2097
30174,r6i1p1f1,2097,08,12,0.0,37.136993,17.793758,2097
30175,r6i1p1f1,2097,08,13,0.0,36.182163,16.400875,2097
30176,r6i1p1f1,2097,08,14,0.0,36.990562,16.971153,2097
30177,r6i1p1f1,2097,08,15,0.0,37.852036,17.609333,2097
30178,r6i1p1f1,2097,08,16,0.0,38.396336,17.82799,2097
30179,r6i1p1f1,2097,08,17,0.07251972298577497,37.678677,17.10087,2097
30180,r6i1p1f1,2097,08,18,0.0,36.92966,16.723509,2097
30181,r6i1p1f1,2097,08,19,0.0,35.816708,16.613174,2097
30182,r6i1p1f1,2097,08,20,0.0,35.514416,15.726644,2097
30183,r6i1p1f1,2097,08,21,0.0,36.610893,17.038519,2097
30184,r6i1p1f1,2097,08,22,0.0,38.03332,17.999435,2097
30185,r6i1p1f1,2097,08,23,0.0,37.621765,17.095713,2097
30186,r6i1p1f1,2097,08,24,0.0,36.18397,16.51555,2097
30187,r6i1p1f1,2097,08,25,0.0,35.805576,16.264853,2097
30188,r6i1p1f1,2097,08,26,0.0,35.93598,15.976012,2097
30189,r6i1p1f1,2097,08,27,0.0074322648035443995,36.36835,16.019072,2097
30190,r6i1p1f1,2097,08,28,0.0,36.99444,16.34186,2097
30191,r6i1p1f1,2097,08,29,0.13581807514455402,35.565796,14.490066,2097
30192,r6i1p1f1,2097,08,30,0.0,33.145744,12.803742,2097
30193,r6i1p1f1,2097,08,31,0.0,31.109718,11.077367,2097
30194,r6i1p1f1,2097,09,01,0.0,30.009287,12.2618265,2097
30195,r6i1p1f1,2097,09,02,0.006505148684409836,31.986145,14.46034,2097
30196,r6i1p1f1,2097,09,03,2.7072673159387052e-06,32.86689,15.053316,2097
30197,r6i1p1f1,2097,09,04,0.023331507206734083,31.740055,13.315835,2097
30198,r6i1p1f1,2097,09,05,9.731031959701701e-05,31.028666,11.440873,2097
30199,r6i1p1f1,2097,09,06,0.0,31.331387,13.302246,2097
30200,r6i1p1f1,2097,09,07,0.0,33.1234,13.691118,2097
30201,r6i1p1f1,2097,09,08,0.0,32.930862,14.009826,2097
30202,r6i1p1f1,2097,09,09,0.0,32.942036,13.94484,2097
30203,r6i1p1f1,2097,09,10,1.5363395652407675e-06,33.087376,13.600055,2097
30204,r6i1p1f1,2097,09,11,0.30126654955003607,31.771994,10.8976,2097
30205,r6i1p1f1,2097,09,12,0.44231128859653057,26.480387,8.545876,2097
30206,r6i1p1f1,2097,09,13,0.0,27.844105,9.209847,2097
30207,r6i1p1f1,2097,09,14,0.0,30.843292,10.954932,2097
30208,r6i1p1f1,2097,09,15,0.0,31.640818,11.60655,2097
30209,r6i1p1f1,2097,09,16,0.0,30.467533,10.609575,2097
30210,r6i1p1f1,2097,09,17,0.0,31.562183,13.312114,2097
30211,r6i1p1f1,2097,09,18,0.0,33.153572,14.591379,2097
30212,r6i1p1f1,2097,09,19,0.0,33.825974,16.0734,2097
30213,r6i1p1f1,2097,09,20,0.0,34.30114,16.63934,2097
30214,r6i1p1f1,2097,09,21,0.0027917812628063506,34.169666,13.896914,2097
30215,r6i1p1f1,2097,09,22,2.7943647165367858,29.044956,10.488962,2097
30216,r6i1p1f1,2097,09,23,0.935450167601293,23.248552,8.649355,2097
30217,r6i1p1f1,2097,09,24,2.1589383629818686,22.154194,9.469545,2097
30218,r6i1p1f1,2097,09,25,31.549280141606886,17.509796,6.675323,2097
30219,r6i1p1f1,2097,09,26,0.45076847758474337,22.914053,7.497976,2097
30220,r6i1p1f1,2097,09,27,0.0,25.59593,9.311202,2097
30221,r6i1p1f1,2097,09,28,0.029291779517229968,25.661686,8.9372,2097
30222,r6i1p1f1,2097,09,29,0.030157312524550006,26.811699,9.829275,2097
30223,r6i1p1f1,2097,09,30,0.0,30.426111,11.566673,2097
30224,r6i1p1f1,2097,10,01,0.0,30.831665,13.258121,2097
30225,r6i1p1f1,2097,10,02,0.0,31.034874,12.31379,2097
30226,r6i1p1f1,2097,10,03,0.0,32.6037,13.662789,2097
30227,r6i1p1f1,2097,10,04,0.0,32.958897,12.844807,2097
30228,r6i1p1f1,2097,10,05,0.030538692177790514,27.170935,6.391437,2097
30229,r6i1p1f1,2097,10,06,1.0314110277476234,12.644326,-2.6343021,2097
30230,r6i1p1f1,2097,10,07,0.0005763258275669019,9.749478,-1.1238645,2097
30231,r6i1p1f1,2097,10,08,0.39899912337748483,12.092052,-0.56506026,2097
30232,r6i1p1f1,2097,10,09,0.0,14.61644,-1.7517475,2097
30233,r6i1p1f1,2097,10,10,0.0,22.97012,3.3973446,2097
30234,r6i1p1f1,2097,10,11,0.0,30.247665,11.928122,2097
30235,r6i1p1f1,2097,10,12,0.0,31.1123,10.2656555,2097
30236,r6i1p1f1,2097,10,13,0.0,30.912714,10.317641,2097
30237,r6i1p1f1,2097,10,14,0.0,28.117922,8.659563,2097
30238,r6i1p1f1,2097,10,15,0.0,29.442125,8.368013,2097
30239,r6i1p1f1,2097,10,16,0.0,30.097551,9.730008,2097
30240,r6i1p1f1,2097,10,17,0.0,29.303797,9.010975,2097
30241,r6i1p1f1,2097,10,18,0.0,27.846325,10.958557,2097
30242,r6i1p1f1,2097,10,19,0.3377758543186167,25.710266,9.334435,2097
30243,r6i1p1f1,2097,10,20,0.0008168168280588265,21.786434,5.6506214,2097
30244,r6i1p1f1,2097,10,21,0.0,23.724203,4.867841,2097
30245,r6i1p1f1,2097,10,22,0.0,27.099163,7.696779,2097
30246,r6i1p1f1,2097,10,23,0.21115839667044287,26.40905,7.7647657,2097
30247,r6i1p1f1,2097,10,24,0.0024322913430200217,25.927258,7.6155934,2097
30248,r6i1p1f1,2097,10,25,0.06377094268954318,24.337826,6.1975274,2097
30249,r6i1p1f1,2097,10,26,0.001061105346436578,22.588482,8.217555,2097
30250,r6i1p1f1,2097,10,27,0.0173163209077288,22.316793,7.4371023,2097
30251,r6i1p1f1,2097,10,28,0.0004319757128429048,17.564981,3.5294466,2097
30252,r6i1p1f1,2097,10,29,0.00023233407957405687,19.575815,4.240975,2097
30253,r6i1p1f1,2097,10,30,0.0,24.702469,3.4184742,2097
30254,r6i1p1f1,2097,10,31,0.0,25.523396,7.042416,2097
30255,r6i1p1f1,2097,11,01,0.0,24.47286,5.8114896,2097
30256,r6i1p1f1,2097,11,02,0.503525048001425,22.918339,6.0657787,2097
30257,r6i1p1f1,2097,11,03,0.7986909958720426,17.727785,5.966883,2097
30258,r6i1p1f1,2097,11,04,21.267220574605464,10.351101,1.093428,2097
30259,r6i1p1f1,2097,11,05,0.027640488488620316,9.497495,0.663735,2097
30260,r6i1p1f1,2097,11,06,0.9918269956003345,11.544099,-1.7802294,2097
30261,r6i1p1f1,2097,11,07,0.0,13.294075,-2.3948386,2097
30262,r6i1p1f1,2097,11,08,0.0,13.922082,-0.6240291,2097
30263,r6i1p1f1,2097,11,09,0.3851706208710198,14.013056,0.8939319,2097
30264,r6i1p1f1,2097,11,10,0.0,15.480697,0.0411161,2097
30265,r6i1p1f1,2097,11,11,0.0,19.68545,2.1036897,2097
30266,r6i1p1f1,2097,11,12,0.0,18.425344,1.5203164,2097
30267,r6i1p1f1,2097,11,13,0.0,18.318811,1.5158881,2097
30268,r6i1p1f1,2097,11,14,0.0,17.94193,-0.5709903,2097
30269,r6i1p1f1,2097,11,15,0.6152581490784762,14.106954,1.3070655,2097
30270,r6i1p1f1,2097,11,16,3.3485793880125874,8.8596525,-1.3417394,2097
30271,r6i1p1f1,2097,11,17,0.0,9.493947,-5.316601,2097
30272,r6i1p1f1,2097,11,18,0.0,11.928764,-5.8166065,2097
30273,r6i1p1f1,2097,11,19,0.0,12.904029,-4.685509,2097
30274,r6i1p1f1,2097,11,20,0.0,13.348577,-4.821178,2097
30275,r6i1p1f1,2097,11,21,0.0,17.852745,-0.2348567,2097
30276,r6i1p1f1,2097,11,22,0.0,18.657072,0.27859923,2097
30277,r6i1p1f1,2097,11,23,0.0,19.100882,1.0457247,2097
30278,r6i1p1f1,2097,11,24,0.0,18.500208,1.3054783,2097
30279,r6i1p1f1,2097,11,25,0.0,14.867442,-2.7022998,2097
30280,r6i1p1f1,2097,11,26,0.0,14.405278,-5.1259317,2097
30281,r6i1p1f1,2097,11,27,0.0,16.535381,-3.3326259,2097
30282,r6i1p1f1,2097,11,28,0.0,16.863136,-1.6056472,2097
30283,r6i1p1f1,2097,11,29,0.0,16.603354,-3.6062548,2097
30284,r6i1p1f1,2097,11,30,0.0,16.853033,-2.4801552,2097
30285,r6i1p1f1,2097,12,01,0.0,16.748926,4.091551,2097
30286,r6i1p1f1,2097,12,02,0.0,15.903866,1.9901232,2097
30287,r6i1p1f1,2097,12,03,23.547318327277285,12.520554,2.6670203,2097
30288,r6i1p1f1,2097,12,04,68.67398175240193,12.33139,4.9560847,2097
30289,r6i1p1f1,2097,12,05,6.868798260996143,11.143381,-1.008656,2097
30290,r6i1p1f1,2097,12,06,17.181779980674698,10.122514,4.3663464,2097
30291,r6i1p1f1,2097,12,07,12.71391293099725,10.504519,0.70748997,2097
30292,r6i1p1f1,2097,12,08,2.664590829014568,11.107937,4.4240575,2097
30293,r6i1p1f1,2097,12,09,8.835873621870425,11.037506,1.2113723,2097
30294,r6i1p1f1,2097,12,10,9.592762193476894,12.631025,4.8737626,2097
30295,r6i1p1f1,2097,12,11,12.082663753811937,13.000393,4.733521,2097
30296,r6i1p1f1,2097,12,12,60.64008644008974,14.737646,6.5458765,2097
30297,r6i1p1f1,2097,12,13,28.833651372803214,14.883283,6.5716143,2097
30298,r6i1p1f1,2097,12,14,1.8760023344489776,14.964889,1.1472657,2097
30299,r6i1p1f1,2097,12,15,0.0,10.000509,-4.9404497,2097
30300,r6i1p1f1,2097,12,16,0.1865640318579051,9.280335,1.8441463,2097
30301,r6i1p1f1,2097,12,17,0.0,11.26127,0.43486208,2097
30302,r6i1p1f1,2097,12,18,0.0,14.7206545,-1.0782903,2097
30303,r6i1p1f1,2097,12,19,0.36028384561418136,13.385446,-0.4407142,2097
30304,r6i1p1f1,2097,12,20,0.22702959679810022,9.211733,-4.3687053,2097
30305,r6i1p1f1,2097,12,21,0.2251950870313818,11.595486,3.0983365,2097
30306,r6i1p1f1,2097,12,22,0.0002372873290780412,15.109733,8.021588,2097
30307,r6i1p1f1,2097,12,23,0.014793732417283677,15.257736,3.132109,2097
30308,r6i1p1f1,2097,12,24,0.0,17.547647,3.170772,2097
30309,r6i1p1f1,2097,12,25,0.0,17.492828,2.1969852,2097
30310,r6i1p1f1,2097,12,26,0.0,18.029566,3.423713,2097
30311,r6i1p1f1,2097,12,27,0.0,17.75447,3.4652116,2097
30312,r6i1p1f1,2097,12,28,0.0,17.30503,3.248918,2097
30313,r6i1p1f1,2097,12,29,0.0,18.074837,3.407506,2097
30314,r6i1p1f1,2097,12,30,0.0,18.461197,4.283647,2097
30315,r6i1p1f1,2097,12,31,0.021866356810341568,18.645885,3.481559,2097
30316,r6i1p1f1,2098,01,01,0.0,18.60664,3.8978894,2098
30317,r6i1p1f1,2098,01,02,0.0,15.244298,3.081906,2098
30318,r6i1p1f1,2098,01,03,0.0,15.737037,0.73747,2098
30319,r6i1p1f1,2098,01,04,0.0,14.098174,1.909521,2098
30320,r6i1p1f1,2098,01,05,0.9792089963734139,11.394848,-1.3473042,2098
30321,r6i1p1f1,2098,01,06,0.0,3.0108888,-11.971316,2098
30322,r6i1p1f1,2098,01,07,0.0724818333328624,1.6353625,-11.695743,2098
30323,r6i1p1f1,2098,01,08,7.268513956902736,1.4244193,-8.190537,2098
30324,r6i1p1f1,2098,01,09,22.379124779550605,1.4875112,-4.5452604,2098
30325,r6i1p1f1,2098,01,10,2.304256325060528,2.3761983,-5.910783,2098
30326,r6i1p1f1,2098,01,11,9.21851086502774,2.970152,-5.434738,2098
30327,r6i1p1f1,2098,01,12,13.09755696186841,3.1455538,-5.071537,2098
30328,r6i1p1f1,2098,01,13,18.68771913128451,3.0190706,-4.231117,2098
30329,r6i1p1f1,2098,01,14,40.99833395718504,3.3277013,-2.110919,2098
30330,r6i1p1f1,2098,01,15,10.93404964222477,2.738685,-3.2548845,2098
30331,r6i1p1f1,2098,01,16,3.7422615924218503,1.2503763,-4.938694,2098
30332,r6i1p1f1,2098,01,17,1.2882369396182127,1.846105,-3.8428814,2098
30333,r6i1p1f1,2098,01,18,0.0,6.095813,-3.8350759,2098
30334,r6i1p1f1,2098,01,19,0.11161228485609545,6.1394005,-0.3831853,2098
30335,r6i1p1f1,2098,01,20,3.4760153323512792,4.022848,-2.9198081,2098
30336,r6i1p1f1,2098,01,21,0.16080869340492293,4.4222083,-10.069033,2098
30337,r6i1p1f1,2098,01,22,0.0,3.2444997,-11.233521,2098
30338,r6i1p1f1,2098,01,23,0.0,4.8654695,-9.896928,2098
30339,r6i1p1f1,2098,01,24,0.0,4.0824695,-9.105818,2098
30340,r6i1p1f1,2098,01,25,0.0,3.67336,-10.936922,2098
30341,r6i1p1f1,2098,01,26,0.0,3.4565752,-9.752012,2098
30342,r6i1p1f1,2098,01,27,0.21433635337081566,2.8657079,-12.527373,2098
30343,r6i1p1f1,2098,01,28,0.0,3.0189795,-10.991033,2098
30344,r6i1p1f1,2098,01,29,0.0,2.562597,-11.430052,2098
30345,r6i1p1f1,2098,01,30,0.0,9.551324,-4.756577,2098
30346,r6i1p1f1,2098,01,31,0.00025576637223569994,9.907596,-5.310113,2098
30347,r6i1p1f1,2098,02,01,0.05695357015857533,6.4522166,-0.5832947,2098
30348,r6i1p1f1,2098,02,02,1.1227920539874734,8.069719,0.30289096,2098
30349,r6i1p1f1,2098,02,03,4.2795876820953,7.8858185,0.82932717,2098
30350,r6i1p1f1,2098,02,04,0.00013577244143251366,11.87006,2.737573,2098
30351,r6i1p1f1,2098,02,05,5.602579722346101,11.466327,0.43376145,2098
30352,r6i1p1f1,2098,02,06,13.342109168864017,11.374635,0.43032518,2098
30353,r6i1p1f1,2098,02,07,13.06389084213476,11.359114,1.9959934,2098
30354,r6i1p1f1,2098,02,08,12.50674644004151,9.069903,-1.3538885,2098
30355,r6i1p1f1,2098,02,09,28.735699607090936,6.7747064,-1.1024451,2098
30356,r6i1p1f1,2098,02,10,3.6491955683182353,6.2434063,-7.129275,2098
30357,r6i1p1f1,2098,02,11,0.05849017318557049,8.315376,-3.9226866,2098
30358,r6i1p1f1,2098,02,12,0.0,9.604143,-5.6209445,2098
30359,r6i1p1f1,2098,02,13,0.0,13.7418585,-2.530165,2098
30360,r6i1p1f1,2098,02,14,0.0007256001284080177,13.83348,-0.9959419,2098
30361,r6i1p1f1,2098,02,15,0.0,12.334956,-1.0715309,2098
30362,r6i1p1f1,2098,02,16,0.2052947291915523,7.058263,-1.0247194,2098
30363,r6i1p1f1,2098,02,17,0.0,4.793599,-6.476817,2098
30364,r6i1p1f1,2098,02,18,0.0,7.5243587,-6.5625124,2098
30365,r6i1p1f1,2098,02,19,0.0,12.060336,-5.0690236,2098
30366,r6i1p1f1,2098,02,20,0.0,11.716681,-3.3515663,2098
30367,r6i1p1f1,2098,02,21,3.222681201280158,6.7165585,-4.440955,2098
30368,r6i1p1f1,2098,02,22,0.1288115184053277,6.814939,-7.562726,2098
30369,r6i1p1f1,2098,02,23,0.0,8.139897,-4.3474545,2098
30370,r6i1p1f1,2098,02,24,3.945043327481925,5.636012,-4.1715236,2098
30371,r6i1p1f1,2098,02,25,2.3621300541451427,9.152137,0.6862352,2098
30372,r6i1p1f1,2098,02,26,0.005617080139009808,11.470095,-3.69365,2098
30373,r6i1p1f1,2098,02,27,8.118304718061772,10.877986,0.9783646,2098
30374,r6i1p1f1,2098,02,28,20.180392018799218,8.712935,2.964832,2098
30375,r6i1p1f1,2098,03,01,29.770450005534045,10.156662,-2.9284754,2098
30376,r6i1p1f1,2098,03,02,0.2784766953823419,8.758371,-2.257162,2098
30377,r6i1p1f1,2098,03,03,0.14234960631362126,8.320104,0.31530324,2098
30378,r6i1p1f1,2098,03,04,0.019698941140258275,16.604887,1.0183855,2098
30379,r6i1p1f1,2098,03,05,0.009958774549139933,16.93251,4.617995,2098
30380,r6i1p1f1,2098,03,06,0.0,17.80332,0.47082114,2098
30381,r6i1p1f1,2098,03,07,0.003815409592375207,21.047787,5.8394322,2098
30382,r6i1p1f1,2098,03,08,0.0,23.1851,6.844347,2098
30383,r6i1p1f1,2098,03,09,0.0,22.752222,4.657729,2098
30384,r6i1p1f1,2098,03,10,0.0,24.255432,5.6222563,2098
30385,r6i1p1f1,2098,03,11,0.0,23.76122,6.7338176,2098
30386,r6i1p1f1,2098,03,12,7.862908170478333,15.1198845,2.6428869,2098
30387,r6i1p1f1,2098,03,13,11.6962444407464,11.562358,-4.89072,2098
30388,r6i1p1f1,2098,03,14,0.9584126626050021,7.0749674,-3.0217407,2098
30389,r6i1p1f1,2098,03,15,3.9146198292244514,6.395804,-2.9068432,2098
30390,r6i1p1f1,2098,03,16,7.619186869543553,6.198869,-1.5643084,2098
30391,r6i1p1f1,2098,03,17,0.0060109286309519925,7.919266,-1.9959803,2098
30392,r6i1p1f1,2098,03,18,0.15274362190860777,9.473497,-2.9194484,2098
30393,r6i1p1f1,2098,03,19,0.0,10.357721,-5.0479794,2098
30394,r6i1p1f1,2098,03,20,0.0,12.565481,-1.0755026,2098
30395,r6i1p1f1,2098,03,21,0.0,16.946327,-2.4510715,2098
30396,r6i1p1f1,2098,03,22,0.0,16.766998,2.8784702,2098
30397,r6i1p1f1,2098,03,23,7.1154445988592565,9.669506,-6.3803377,2098
30398,r6i1p1f1,2098,03,24,0.38727938093815345,2.9534116,-13.499161,2098
30399,r6i1p1f1,2098,03,25,0.0,2.5861828,-11.718032,2098
30400,r6i1p1f1,2098,03,26,0.0,8.925874,-8.482482,2098
30401,r6i1p1f1,2098,03,27,0.0,13.432928,-5.425794,2098
30402,r6i1p1f1,2098,03,28,0.0723888237251606,15.676149,-2.6143665,2098
30403,r6i1p1f1,2098,03,29,5.731704667421111,9.005723,1.2703781,2098
30404,r6i1p1f1,2098,03,30,1.3601067314369357,10.596742,2.438437,2098
30405,r6i1p1f1,2098,03,31,0.0009153915624811704,8.522336,-2.3466356,2098
30406,r6i1p1f1,2098,04,01,0.0,9.254547,-6.746972,2098
30407,r6i1p1f1,2098,04,02,0.0,9.789633,-1.1029738,2098
30408,r6i1p1f1,2098,04,03,0.21248920741205116,13.01417,-5.198733,2098
30409,r6i1p1f1,2098,04,04,0.0,19.354174,-1.6139852,2098
30410,r6i1p1f1,2098,04,05,8.414241182257351,13.644736,-5.0040126,2098
30411,r6i1p1f1,2098,04,06,32.133153920536756,3.9006214,-4.4571714,2098
30412,r6i1p1f1,2098,04,07,3.822232506345395,6.320472,-3.4316525,2098
30413,r6i1p1f1,2098,04,08,0.6708116085504265,8.816057,-1.7991661,2098
30414,r6i1p1f1,2098,04,09,0.0,15.2588625,-3.2815502,2098
30415,r6i1p1f1,2098,04,10,0.0,20.25254,0.31903255,2098
30416,r6i1p1f1,2098,04,11,0.0,19.225407,2.1707382,2098
30417,r6i1p1f1,2098,04,12,0.0,18.94453,4.0377383,2098
30418,r6i1p1f1,2098,04,13,4.189889837648652,11.7788,2.0838456,2098
30419,r6i1p1f1,2098,04,14,1.0481067165187414,11.835831,3.3979557,2098
30420,r6i1p1f1,2098,04,15,0.06843384730502598,15.434962,3.5297048,2098
30421,r6i1p1f1,2098,04,16,5.131789292886825,12.519282,0.050456762,2098
30422,r6i1p1f1,2098,04,17,21.779649150853988,9.468593,-4.0621686,2098
30423,r6i1p1f1,2098,04,18,11.871572355157074,8.952553,-2.9736886,2098
30424,r6i1p1f1,2098,04,19,25.003354926307384,10.497558,3.330551,2098
30425,r6i1p1f1,2098,04,20,0.180433191972062,14.429157,0.45858762,2098
30426,r6i1p1f1,2098,04,21,5.703676114912891,10.3680525,0.16708232,2098
30427,r6i1p1f1,2098,04,22,3.8168854456446817,10.983569,-1.6437113,2098
30428,r6i1p1f1,2098,04,23,6.649381629296951,10.104872,-1.801099,2098
30429,r6i1p1f1,2098,04,24,1.2410443547730077,10.766718,-1.9774357,2098
30430,r6i1p1f1,2098,04,25,1.5079718592255558,13.781525,4.3193398,2098
30431,r6i1p1f1,2098,04,26,0.011967413768468809,17.079157,1.9496136,2098
30432,r6i1p1f1,2098,04,27,0.27129151274305174,20.536482,2.5632079,2098
30433,r6i1p1f1,2098,04,28,0.013621471499210848,24.82794,6.620206,2098
30434,r6i1p1f1,2098,04,29,0.004548707824349263,24.877052,8.485353,2098
30435,r6i1p1f1,2098,04,30,1.011625883559819,22.289513,3.9844534,2098
30436,r6i1p1f1,2098,05,01,0.0,23.339874,5.3612638,2098
30437,r6i1p1f1,2098,05,02,1.3163857126637828,20.508997,3.1523447,2098
30438,r6i1p1f1,2098,05,03,0.0,20.391846,6.937228,2098
30439,r6i1p1f1,2098,05,04,0.9426164443617426,18.31478,2.4331574,2098
30440,r6i1p1f1,2098,05,05,1.027207020064416,16.14059,0.020837585,2098
30441,r6i1p1f1,2098,05,06,9.051116708838626,13.849647,2.9696233,2098
30442,r6i1p1f1,2098,05,07,1.795316256683356,20.512703,4.387366,2098
30443,r6i1p1f1,2098,05,08,0.05443650117068826,23.849297,5.286978,2098
30444,r6i1p1f1,2098,05,09,0.011621299143761142,22.86131,5.910984,2098
30445,r6i1p1f1,2098,05,10,1.6400674576102359,16.419859,2.197926,2098
30446,r6i1p1f1,2098,05,11,19.420590021775205,11.495467,2.9455018,2098
30447,r6i1p1f1,2098,05,12,27.087169536783346,12.818304,2.9925022,2098
30448,r6i1p1f1,2098,05,13,8.230821675100303,11.595335,3.380696,2098
30449,r6i1p1f1,2098,05,14,2.530197105858546,12.5401,-3.316981,2098
30450,r6i1p1f1,2098,05,15,0.3200370456824446,19.37748,0.882614,2098
30451,r6i1p1f1,2098,05,16,0.0,23.895384,4.0847554,2098
30452,r6i1p1f1,2098,05,17,0.0,24.219614,5.740495,2098
30453,r6i1p1f1,2098,05,18,0.0,26.29448,8.93484,2098
30454,r6i1p1f1,2098,05,19,0.3132837721834643,24.376595,6.0591803,2098
30455,r6i1p1f1,2098,05,20,0.22868753926313812,25.168722,6.649723,2098
30456,r6i1p1f1,2098,05,21,0.15034626012357283,22.525362,4.562364,2098
30457,r6i1p1f1,2098,05,22,1.5253967378279065,14.725721,-0.12330167,2098
30458,r6i1p1f1,2098,05,23,0.0,25.019314,4.9058137,2098
30459,r6i1p1f1,2098,05,24,0.0,29.871452,9.558116,2098
30460,r6i1p1f1,2098,05,25,0.0,30.77163,12.709342,2098
30461,r6i1p1f1,2098,05,26,0.0320433651500217,31.977724,12.202254,2098
30462,r6i1p1f1,2098,05,27,0.11595701421407394,31.322237,12.347635,2098
30463,r6i1p1f1,2098,05,28,0.0,32.584816,13.99754,2098
30464,r6i1p1f1,2098,05,29,0.0,31.32372,12.543569,2098
30465,r6i1p1f1,2098,05,30,0.0,27.707663,9.767279,2098
30466,r6i1p1f1,2098,05,31,0.0004013742344256815,28.55564,10.303051,2098
30467,r6i1p1f1,2098,06,01,0.0,29.756474,9.466921,2098
30468,r6i1p1f1,2098,06,02,0.0,30.048773,10.153429,2098
30469,r6i1p1f1,2098,06,03,0.0,29.506418,9.357729,2098
30470,r6i1p1f1,2098,06,04,0.0,28.339874,8.724527,2098
30471,r6i1p1f1,2098,06,05,0.0,29.955614,10.175042,2098
30472,r6i1p1f1,2098,06,06,0.0,29.891075,10.788386,2098
30473,r6i1p1f1,2098,06,07,0.0,31.746973,12.635639,2098
30474,r6i1p1f1,2098,06,08,0.0,32.46799,14.596001,2098
30475,r6i1p1f1,2098,06,09,0.0,30.588024,10.99704,2098
30476,r6i1p1f1,2098,06,10,0.010236663938252106,30.37933,11.151624,2098
30477,r6i1p1f1,2098,06,11,0.0,26.18793,7.833886,2098
30478,r6i1p1f1,2098,06,12,0.0,27.716208,8.377798,2098
30479,r6i1p1f1,2098,06,13,0.3143668664731371,28.85933,10.13875,2098
30480,r6i1p1f1,2098,06,14,0.5916262572026694,28.049643,10.503146,2098
30481,r6i1p1f1,2098,06,15,2.6222102675980765,28.528791,10.869748,2098
30482,r6i1p1f1,2098,06,16,6.221568146954479e-05,30.63638,12.96548,2098
30483,r6i1p1f1,2098,06,17,0.17160365284546167,31.192701,11.56375,2098
30484,r6i1p1f1,2098,06,18,0.0011216852044162028,31.735197,13.024245,2098
30485,r6i1p1f1,2098,06,19,0.0,32.55873,12.89445,2098
30486,r6i1p1f1,2098,06,20,0.0,35.23357,14.494862,2098
30487,r6i1p1f1,2098,06,21,0.0,35.64637,15.202529,2098
30488,r6i1p1f1,2098,06,22,0.0,35.884407,15.50721,2098
30489,r6i1p1f1,2098,06,23,0.0,35.76874,15.722807,2098
30490,r6i1p1f1,2098,06,24,0.813231458669918,34.62558,13.889347,2098
30491,r6i1p1f1,2098,06,25,1.0645179741010373,33.834488,13.185999,2098
30492,r6i1p1f1,2098,06,26,1.7372626708025902,32.78288,13.246138,2098
30493,r6i1p1f1,2098,06,27,7.341488956759657,30.329865,12.271509,2098
30494,r6i1p1f1,2098,06,28,0.7872343033634772,27.558125,10.639001,2098
30495,r6i1p1f1,2098,06,29,1.4751736062605472,22.454435,11.436254,2098
30496,r6i1p1f1,2098,06,30,2.3724752473395307,24.34989,13.52888,2098
30497,r6i1p1f1,2098,07,01,2.3677123751923683,25.49496,13.503318,2098
30498,r6i1p1f1,2098,07,02,2.9016011795126886,26.691479,8.430212,2098
30499,r6i1p1f1,2098,07,03,0.5372718550101085,27.475971,10.719339,2098
30500,r6i1p1f1,2098,07,04,0.06341393362066969,31.270544,11.939861,2098
30501,r6i1p1f1,2098,07,05,2.404320037774213,32.91396,13.730959,2098
30502,r6i1p1f1,2098,07,06,0.0,33.959984,15.079301,2098
30503,r6i1p1f1,2098,07,07,0.639029209961185,32.87836,13.814229,2098
30504,r6i1p1f1,2098,07,08,0.014956533790126498,33.928444,15.574265,2098
30505,r6i1p1f1,2098,07,09,0.11487361749140641,34.36292,13.6476145,2098
30506,r6i1p1f1,2098,07,10,0.01980712288588172,36.026215,14.175017,2098
30507,r6i1p1f1,2098,07,11,0.0,37.60781,15.640682,2098
30508,r6i1p1f1,2098,07,12,0.0,37.66705,16.643822,2098
30509,r6i1p1f1,2098,07,13,0.17117877739126594,37.78068,16.649529,2098
30510,r6i1p1f1,2098,07,14,0.0,38.285076,16.901613,2098
30511,r6i1p1f1,2098,07,15,0.0,38.297302,16.64976,2098
30512,r6i1p1f1,2098,07,16,0.023174219771566713,38.970108,18.041155,2098
30513,r6i1p1f1,2098,07,17,0.0037683101900057286,37.58654,17.77688,2098
30514,r6i1p1f1,2098,07,18,2.5493493758242542,37.40349,16.787977,2098
30515,r6i1p1f1,2098,07,19,0.0,36.303673,17.417326,2098
30516,r6i1p1f1,2098,07,20,0.017548356063859086,36.15105,17.804365,2098
30517,r6i1p1f1,2098,07,21,0.0005803713397209282,36.199863,16.538877,2098
30518,r6i1p1f1,2098,07,22,0.03690408332958914,36.641468,16.963968,2098
30519,r6i1p1f1,2098,07,23,1.288059511104029,36.838814,16.730076,2098
30520,r6i1p1f1,2098,07,24,0.0,36.77605,16.134604,2098
30521,r6i1p1f1,2098,07,25,0.0,37.332836,17.852867,2098
30522,r6i1p1f1,2098,07,26,0.0,36.337246,16.621344,2098
30523,r6i1p1f1,2098,07,27,0.0,35.549515,16.258722,2098
30524,r6i1p1f1,2098,07,28,0.0,35.75147,15.824332,2098
30525,r6i1p1f1,2098,07,29,0.0,35.962666,15.4555435,2098
30526,r6i1p1f1,2098,07,30,0.0,36.33026,16.213678,2098
30527,r6i1p1f1,2098,07,31,0.016497579139529393,36.46411,16.2839,2098
30528,r6i1p1f1,2098,08,01,0.0,36.84284,15.905337,2098
30529,r6i1p1f1,2098,08,02,0.0,37.06437,16.273144,2098
30530,r6i1p1f1,2098,08,03,0.0,37.09328,16.021574,2098
30531,r6i1p1f1,2098,08,04,0.0,37.3008,15.99439,2098
30532,r6i1p1f1,2098,08,05,0.0955052426597452,37.128468,16.28841,2098
30533,r6i1p1f1,2098,08,06,0.0,36.160313,17.85072,2098
30534,r6i1p1f1,2098,08,07,0.0,36.4852,17.218744,2098
30535,r6i1p1f1,2098,08,08,0.0,36.64279,16.575712,2098
30536,r6i1p1f1,2098,08,09,0.0,36.57582,16.446775,2098
30537,r6i1p1f1,2098,08,10,0.0,37.313118,16.570587,2098
30538,r6i1p1f1,2098,08,11,0.0,37.87371,17.314907,2098
30539,r6i1p1f1,2098,08,12,0.0,38.171757,17.375671,2098
30540,r6i1p1f1,2098,08,13,0.0,38.456295,17.549038,2098
30541,r6i1p1f1,2098,08,14,0.0,39.092136,18.315107,2098
30542,r6i1p1f1,2098,08,15,0.0,39.910133,19.10972,2098
30543,r6i1p1f1,2098,08,16,0.0,38.62965,18.275263,2098
30544,r6i1p1f1,2098,08,17,0.0,37.40295,16.895617,2098
30545,r6i1p1f1,2098,08,18,0.0,36.61623,15.980208,2098
30546,r6i1p1f1,2098,08,19,0.017394160264844142,36.80574,16.233091,2098
30547,r6i1p1f1,2098,08,20,0.002715476259321583,36.1789,15.844761,2098
30548,r6i1p1f1,2098,08,21,1.3844268041783145,36.117256,16.369167,2098
30549,r6i1p1f1,2098,08,22,0.0,35.753838,15.984644,2098
30550,r6i1p1f1,2098,08,23,0.0,35.3145,18.064346,2098
30551,r6i1p1f1,2098,08,24,0.009359286041895384,35.189293,15.081324,2098
30552,r6i1p1f1,2098,08,25,0.0015031058540418301,34.705616,14.629059,2098
30553,r6i1p1f1,2098,08,26,0.0,35.986393,14.692649,2098
30554,r6i1p1f1,2098,08,27,0.0,36.073895,15.086717,2098
30555,r6i1p1f1,2098,08,28,0.0,33.97287,12.930274,2098
30556,r6i1p1f1,2098,08,29,0.0,28.863947,8.90059,2098
30557,r6i1p1f1,2098,08,30,0.0,28.55796,8.72461,2098
30558,r6i1p1f1,2098,08,31,0.0,30.959423,9.954154,2098
30559,r6i1p1f1,2098,09,01,0.0,30.339228,13.167357,2098
30560,r6i1p1f1,2098,09,02,0.0,30.556793,12.821132,2098
30561,r6i1p1f1,2098,09,03,0.25899927842433323,29.063087,10.570538,2098
30562,r6i1p1f1,2098,09,04,0.21434470333278605,27.32038,9.067787,2098
30563,r6i1p1f1,2098,09,05,0.0,30.358397,12.028692,2098
30564,r6i1p1f1,2098,09,06,0.0,32.272675,13.511151,2098
30565,r6i1p1f1,2098,09,07,0.10393831688675652,31.863916,13.449835,2098
30566,r6i1p1f1,2098,09,08,0.10758488164575326,31.457968,13.314258,2098
30567,r6i1p1f1,2098,09,09,0.1051793442639757,31.105942,13.970651,2098
30568,r6i1p1f1,2098,09,10,0.0,33.14939,13.28144,2098
30569,r6i1p1f1,2098,09,11,0.0,30.174002,11.273846,2098
30570,r6i1p1f1,2098,09,12,0.2898060337125043,29.074389,10.221794,2098
30571,r6i1p1f1,2098,09,13,0.10366256665360948,27.868313,10.178234,2098
30572,r6i1p1f1,2098,09,14,0.05800611293827673,27.53911,9.329674,2098
30573,r6i1p1f1,2098,09,15,0.0496023113324668,27.456429,8.754034,2098
30574,r6i1p1f1,2098,09,16,0.007369748429418404,26.93795,8.819335,2098
30575,r6i1p1f1,2098,09,17,0.0,29.046537,9.084384,2098
30576,r6i1p1f1,2098,09,18,0.0,32.640553,12.284571,2098
30577,r6i1p1f1,2098,09,19,0.0,33.423878,13.258875,2098
30578,r6i1p1f1,2098,09,20,0.0,33.0885,14.237304,2098
30579,r6i1p1f1,2098,09,21,0.0,33.69674,14.711749,2098
30580,r6i1p1f1,2098,09,22,0.0,33.857445,14.712549,2098
30581,r6i1p1f1,2098,09,23,0.0,34.49364,14.416585,2098
30582,r6i1p1f1,2098,09,24,0.0,35.493816,14.597646,2098
30583,r6i1p1f1,2098,09,25,0.0,35.82049,14.868166,2098
30584,r6i1p1f1,2098,09,26,0.002294879634170243,34.939957,13.675556,2098
30585,r6i1p1f1,2098,09,27,0.014472901267059276,29.489006,8.849961,2098
30586,r6i1p1f1,2098,09,28,0.01570036650301658,18.884388,3.0911508,2098
30587,r6i1p1f1,2098,09,29,0.0038853010922871773,22.319986,3.7648091,2098
30588,r6i1p1f1,2098,09,30,0.0,29.004965,8.055516,2098
30589,r6i1p1f1,2098,10,01,0.0,29.697285,8.454547,2098
30590,r6i1p1f1,2098,10,02,0.0,28.002213,7.4761024,2098
30591,r6i1p1f1,2098,10,03,0.0,27.971493,8.037856,2098
30592,r6i1p1f1,2098,10,04,0.0,28.655252,7.5045524,2098
30593,r6i1p1f1,2098,10,05,0.0,27.272976,7.825232,2098
30594,r6i1p1f1,2098,10,06,0.0,25.619205,4.8164988,2098
30595,r6i1p1f1,2098,10,07,0.0,23.986546,3.6328025,2098
30596,r6i1p1f1,2098,10,08,0.0,26.542015,6.822687,2098
30597,r6i1p1f1,2098,10,09,0.0,28.071718,6.296241,2098
30598,r6i1p1f1,2098,10,10,0.0,28.812572,8.685578,2098
30599,r6i1p1f1,2098,10,11,0.0,27.381857,7.2436132,2098
30600,r6i1p1f1,2098,10,12,0.0,27.787182,7.9064264,2098
30601,r6i1p1f1,2098,10,13,0.0,32.031094,11.164117,2098
30602,r6i1p1f1,2098,10,14,0.0,34.5775,13.309028,2098
30603,r6i1p1f1,2098,10,15,0.716106807684951,33.744766,16.04359,2098
30604,r6i1p1f1,2098,10,16,18.685153674112065,20.222496,12.065615,2098
30605,r6i1p1f1,2098,10,17,2.690892693434101,22.151093,11.28426,2098
30606,r6i1p1f1,2098,10,18,0.0,32.91691,14.090446,2098
30607,r6i1p1f1,2098,10,19,0.009543463202737936,34.779675,15.850803,2098
30608,r6i1p1f1,2098,10,20,0.0,34.019634,14.666618,2098
30609,r6i1p1f1,2098,10,21,0.0,31.414312,13.476159,2098
30610,r6i1p1f1,2098,10,22,0.0,30.275587,11.724772,2098
30611,r6i1p1f1,2098,10,23,0.0,29.885197,10.273736,2098
30612,r6i1p1f1,2098,10,24,0.007196155486614475,25.298395,7.8782454,2098
30613,r6i1p1f1,2098,10,25,0.46919184664933444,20.528452,5.550964,2098
30614,r6i1p1f1,2098,10,26,0.0,17.606352,2.3114207,2098
30615,r6i1p1f1,2098,10,27,0.0,20.893845,3.7718034,2098
30616,r6i1p1f1,2098,10,28,0.0,25.61825,4.976585,2098
30617,r6i1p1f1,2098,10,29,0.007915144996483124,25.789017,6.98573,2098
30618,r6i1p1f1,2098,10,30,6.794812846652263,17.176598,5.4009414,2098
30619,r6i1p1f1,2098,10,31,0.017768370475084495,13.806538,0.9887242,2098
30620,r6i1p1f1,2098,11,01,5.267963269541618,11.258794,4.320136,2098
30621,r6i1p1f1,2098,11,02,0.4266773133498624,14.920807,1.5047472,2098
30622,r6i1p1f1,2098,11,03,0.0,19.328075,1.8458643,2098
30623,r6i1p1f1,2098,11,04,0.20878533203169922,19.084467,2.2175574,2098
30624,r6i1p1f1,2098,11,05,0.0,17.421638,2.1278722,2098
30625,r6i1p1f1,2098,11,06,0.0,18.763466,1.7026657,2098
30626,r6i1p1f1,2098,11,07,0.0,18.518835,0.26453355,2098
30627,r6i1p1f1,2098,11,08,0.0,15.396544,-2.4616303,2098
30628,r6i1p1f1,2098,11,09,0.0,11.729095,-5.892642,2098
30629,r6i1p1f1,2098,11,10,0.0,12.187465,-6.5150466,2098
30630,r6i1p1f1,2098,11,11,0.0,14.826996,-3.0215375,2098
30631,r6i1p1f1,2098,11,12,1.5759531992560618,12.245049,0.40286088,2098
30632,r6i1p1f1,2098,11,13,0.9325771123647045,8.159518,0.9284521,2098
30633,r6i1p1f1,2098,11,14,0.0,9.632169,-4.542095,2098
30634,r6i1p1f1,2098,11,15,0.0,10.928193,-5.5101967,2098
30635,r6i1p1f1,2098,11,16,0.018898968778715882,9.211817,-4.867583,2098
30636,r6i1p1f1,2098,11,17,0.0,7.729369,-8.628856,2098
30637,r6i1p1f1,2098,11,18,0.0,12.535279,-5.8799067,2098
30638,r6i1p1f1,2098,11,19,0.0,13.918081,-4.9308577,2098
30639,r6i1p1f1,2098,11,20,0.0,15.869384,-0.68671054,2098
30640,r6i1p1f1,2098,11,21,0.0,15.713918,-0.4213377,2098
30641,r6i1p1f1,2098,11,22,0.0,14.601585,-0.7274481,2098
30642,r6i1p1f1,2098,11,23,0.0,14.979196,-3.8298233,2098
30643,r6i1p1f1,2098,11,24,1.1256821503383045,12.652056,-1.6122783,2098
30644,r6i1p1f1,2098,11,25,23.658325670301387,9.230994,3.3865755,2098
30645,r6i1p1f1,2098,11,26,21.10662547702105,9.858342,2.223138,2098
30646,r6i1p1f1,2098,11,27,14.053214183330654,12.220708,4.819607,2098
30647,r6i1p1f1,2098,11,28,24.423197730272285,11.409921,5.1567655,2098
30648,r6i1p1f1,2098,11,29,18.205460109504273,12.734694,4.1503553,2098
30649,r6i1p1f1,2098,11,30,27.60235097846166,11.655409,1.4448036,2098
30650,r6i1p1f1,2098,12,01,40.744440190999356,9.863544,2.323154,2098
30651,r6i1p1f1,2098,12,02,0.0,13.713753,1.2618425,2098
30652,r6i1p1f1,2098,12,03,0.0,16.851349,1.7874364,2098
30653,r6i1p1f1,2098,12,04,0.0,16.462883,3.1315079,2098
30654,r6i1p1f1,2098,12,05,0.0,16.74649,2.729048,2098
30655,r6i1p1f1,2098,12,06,0.001506824219347496,16.410252,2.8426592,2098
30656,r6i1p1f1,2098,12,07,0.443635010259787,14.945467,4.893186,2098
30657,r6i1p1f1,2098,12,08,0.0,15.897133,2.566362,2098
30658,r6i1p1f1,2098,12,09,0.0,14.591369,-0.06024023,2098
30659,r6i1p1f1,2098,12,10,2.888377317988066,9.73744,2.579943,2098
30660,r6i1p1f1,2098,12,11,1.6307869483821007,11.451923,4.954311,2098
30661,r6i1p1f1,2098,12,12,1.6958999510711825,12.098227,3.3791208,2098
30662,r6i1p1f1,2098,12,13,15.307572642698403,11.156595,2.5768793,2098
30663,r6i1p1f1,2098,12,14,1.8155432382437071,10.530342,4.6879535,2098
30664,r6i1p1f1,2098,12,15,2.734886956206274,10.934319,-0.5284425,2098
30665,r6i1p1f1,2098,12,16,1.4848352645221632,11.700384,1.002061,2098
30666,r6i1p1f1,2098,12,17,3.069315198323585e-05,13.901857,0.178494,2098
30667,r6i1p1f1,2098,12,18,0.0,13.69235,-1.4028538,2098
30668,r6i1p1f1,2098,12,19,0.0,13.080887,-1.8007946,2098
30669,r6i1p1f1,2098,12,20,0.0,13.972624,-1.5036218,2098
30670,r6i1p1f1,2098,12,21,0.0,13.954509,-1.8338163,2098
30671,r6i1p1f1,2098,12,22,0.0,15.620331,0.056577243,2098
30672,r6i1p1f1,2098,12,23,0.0,15.99233,1.0081221,2098
30673,r6i1p1f1,2098,12,24,0.0,17.840984,2.502595,2098
30674,r6i1p1f1,2098,12,25,0.0,19.053015,3.2378726,2098
30675,r6i1p1f1,2098,12,26,0.0,18.095947,3.5692368,2098
30676,r6i1p1f1,2098,12,27,0.0,16.328054,2.850912,2098
30677,r6i1p1f1,2098,12,28,0.0,16.733738,2.137205,2098
30678,r6i1p1f1,2098,12,29,0.0,16.61569,2.742561,2098
30679,r6i1p1f1,2098,12,30,0.0,15.304931,2.3515582,2098
30680,r6i1p1f1,2098,12,31,0.38994378790038753,14.711785,2.2534704,2098
30681,r6i1p1f1,2099,01,01,0.0,15.606118,3.753568,2099
30682,r6i1p1f1,2099,01,02,1.3224138618606918,12.29764,5.614523,2099
30683,r6i1p1f1,2099,01,03,11.937824789056943,11.190136,1.2252213,2099
30684,r6i1p1f1,2099,01,04,13.22380885084585,11.262705,3.114842,2099
30685,r6i1p1f1,2099,01,05,0.5239617802347801,8.034752,1.1409086,2099
30686,r6i1p1f1,2099,01,06,6.577117784990355,9.190958,2.8322556,2099
30687,r6i1p1f1,2099,01,07,0.06032407042342983,13.823153,6.3058553,2099
30688,r6i1p1f1,2099,01,08,0.0,18.658018,7.8421144,2099
30689,r6i1p1f1,2099,01,09,0.07682142489460518,17.869162,5.917407,2099
30690,r6i1p1f1,2099,01,10,1.1606349162777774e-05,16.898176,5.753277,2099
30691,r6i1p1f1,2099,01,11,0.0,17.330244,5.271037,2099
30692,r6i1p1f1,2099,01,12,0.0,14.92281,1.4742897,2099
30693,r6i1p1f1,2099,01,13,0.0,11.840911,-3.6680996,2099
30694,r6i1p1f1,2099,01,14,0.0,13.637122,-2.211373,2099
30695,r6i1p1f1,2099,01,15,0.0,16.895231,1.2438788,2099
30696,r6i1p1f1,2099,01,16,0.0,18.466225,3.250621,2099
30697,r6i1p1f1,2099,01,17,0.0,17.036472,2.393393,2099
30698,r6i1p1f1,2099,01,18,0.014184330226885845,15.008437,2.4315026,2099
30699,r6i1p1f1,2099,01,19,7.144848767691127,7.8010216,2.7611222,2099
30700,r6i1p1f1,2099,01,20,4.03380909046944,8.144197,1.1657355,2099
30701,r6i1p1f1,2099,01,21,0.0,11.692784,2.3057628,2099
30702,r6i1p1f1,2099,01,22,0.0,11.754172,-0.31893802,2099
30703,r6i1p1f1,2099,01,23,0.0,16.439512,0.10479955,2099
30704,r6i1p1f1,2099,01,24,0.005203860400982285,15.237946,0.72083116,2099
30705,r6i1p1f1,2099,01,25,0.0004694576541067388,9.195266,-3.814531,2099
30706,r6i1p1f1,2099,01,26,0.0,9.136295,-6.1918926,2099
30707,r6i1p1f1,2099,01,27,0.0,14.937504,-1.4968023,2099
30708,r6i1p1f1,2099,01,28,0.0,18.468325,4.3150907,2099
30709,r6i1p1f1,2099,01,29,0.0,18.947409,4.3998823,2099
30710,r6i1p1f1,2099,01,30,0.0,20.00982,4.6926694,2099
30711,r6i1p1f1,2099,01,31,0.0,20.214705,3.909858,2099
30712,r6i1p1f1,2099,02,01,0.0,20.101444,3.6862538,2099
30713,r6i1p1f1,2099,02,02,0.0,19.619854,2.8172371,2099
30714,r6i1p1f1,2099,02,03,0.0,18.716362,1.8567241,2099
30715,r6i1p1f1,2099,02,04,0.10818927221476918,16.51753,4.0615935,2099
30716,r6i1p1f1,2099,02,05,0.8873159239453307,9.179752,3.88709,2099
30717,r6i1p1f1,2099,02,06,11.280952688117543,10.573968,2.267555,2099
30718,r6i1p1f1,2099,02,07,0.24201539332913655,14.207477,1.9193958,2099
30719,r6i1p1f1,2099,02,08,0.0,16.169214,2.2875419,2099
30720,r6i1p1f1,2099,02,09,0.0035235545364828737,18.381865,2.2085197,2099
30721,r6i1p1f1,2099,02,10,0.0,16.351217,4.9282727,2099
30722,r6i1p1f1,2099,02,11,10.799480735612935,12.696081,2.7864273,2099
30723,r6i1p1f1,2099,02,12,0.061434369673955574,16.013277,4.1784897,2099
30724,r6i1p1f1,2099,02,13,0.0,17.34774,1.8699398,2099
30725,r6i1p1f1,2099,02,14,0.3939603918007913,15.127431,3.9048975,2099
30726,r6i1p1f1,2099,02,15,0.005864796845564934,16.778324,1.7517767,2099
30727,r6i1p1f1,2099,02,16,0.0,20.052696,3.4532406,2099
30728,r6i1p1f1,2099,02,17,0.0,21.151941,6.319012,2099
30729,r6i1p1f1,2099,02,18,0.0,21.575579,5.4085517,2099
30730,r6i1p1f1,2099,02,19,0.0,20.82782,8.04045,2099
30731,r6i1p1f1,2099,02,20,0.0,18.448029,5.817867,2099
30732,r6i1p1f1,2099,02,21,0.0,13.963387,-1.6962155,2099
30733,r6i1p1f1,2099,02,22,0.0,15.759255,1.6057345,2099
30734,r6i1p1f1,2099,02,23,0.0,16.125504,0.5838162,2099
30735,r6i1p1f1,2099,02,24,1.7199921393186166,14.733846,-0.40524963,2099
30736,r6i1p1f1,2099,02,25,0.0,11.034174,-0.5554038,2099
30737,r6i1p1f1,2099,02,26,3.735372246539515,8.109723,-2.615684,2099
30738,r6i1p1f1,2099,02,27,7.21674596699929,5.734469,-4.390024,2099
30739,r6i1p1f1,2099,02,28,0.0,11.348261,-3.762777,2099
30740,r6i1p1f1,2099,03,01,15.496317399044749,8.615895,-3.2773702,2099
30741,r6i1p1f1,2099,03,02,6.931224277787358,4.82779,-3.464907,2099
30742,r6i1p1f1,2099,03,03,13.27194534650026,6.3442974,-1.4928107,2099
30743,r6i1p1f1,2099,03,04,30.191706355466028,9.404031,-0.45305833,2099
30744,r6i1p1f1,2099,03,05,1.4267037237840936,10.20115,0.13883959,2099
30745,r6i1p1f1,2099,03,06,0.0,16.815948,0.31131414,2099
30746,r6i1p1f1,2099,03,07,0.0,19.724195,3.2787478,2099
30747,r6i1p1f1,2099,03,08,0.0,21.701902,2.9251392,2099
30748,r6i1p1f1,2099,03,09,0.0,21.916157,4.6701527,2099
30749,r6i1p1f1,2099,03,10,0.0,22.420683,4.2818837,2099
30750,r6i1p1f1,2099,03,11,0.0086196637956325,21.043127,5.0731483,2099
30751,r6i1p1f1,2099,03,12,0.03040268810599458,19.240837,5.8618016,2099
30752,r6i1p1f1,2099,03,13,0.0,20.99207,4.166551,2099
30753,r6i1p1f1,2099,03,14,0.0,23.558123,5.359112,2099
30754,r6i1p1f1,2099,03,15,0.4973691528846272,20.226807,4.481954,2099
30755,r6i1p1f1,2099,03,16,0.2662703740495388,15.317251,-0.3108166,2099
30756,r6i1p1f1,2099,03,17,0.005242348725015008,14.614208,-0.4150805,2099
30757,r6i1p1f1,2099,03,18,0.00030127073225492084,15.61325,-0.4129948,2099
30758,r6i1p1f1,2099,03,19,0.056811786005968624,15.750098,-0.86774457,2099
30759,r6i1p1f1,2099,03,20,0.0012999523939850853,14.832563,2.9355435,2099
30760,r6i1p1f1,2099,03,21,1.590916913408958,9.611454,-0.3765162,2099
30761,r6i1p1f1,2099,03,22,0.0,14.089988,-0.10821628,2099
30762,r6i1p1f1,2099,03,23,10.99836352540994,11.201948,-2.3755085,2099
30763,r6i1p1f1,2099,03,24,6.770110981941842,11.821317,1.8275365,2099
30764,r6i1p1f1,2099,03,25,7.920299026646847,12.459401,3.8244655,2099
30765,r6i1p1f1,2099,03,26,27.828265433008063,10.62598,2.2070496,2099
30766,r6i1p1f1,2099,03,27,0.5611621567099461,13.475163,0.5854464,2099
30767,r6i1p1f1,2099,03,28,0.010190285824072253,13.62285,1.3587072,2099
30768,r6i1p1f1,2099,03,29,0.0,16.85455,-1.790659,2099
30769,r6i1p1f1,2099,03,30,0.0,18.57513,1.2485474,2099
30770,r6i1p1f1,2099,03,31,13.342924860472813,12.137237,-3.9412656,2099
30771,r6i1p1f1,2099,04,01,12.825638303930212,9.253996,2.0235636,2099
30772,r6i1p1f1,2099,04,02,23.11551188703858,11.873711,0.07062116,2099
30773,r6i1p1f1,2099,04,03,15.784841872679568,11.146328,3.7163205,2099
30774,r6i1p1f1,2099,04,04,15.774866957891929,10.809979,0.9478043,2099
30775,r6i1p1f1,2099,04,05,6.179774077890264,9.270209,-2.9265475,2099
30776,r6i1p1f1,2099,04,06,6.461818166694244,9.369789,-2.0944462,2099
30777,r6i1p1f1,2099,04,07,0.045678922448572086,17.043966,1.0094631,2099
30778,r6i1p1f1,2099,04,08,0.26019113028454405,16.94036,4.008448,2099
30779,r6i1p1f1,2099,04,09,2.496614732599643,12.433088,-5.032927,2099
30780,r6i1p1f1,2099,04,10,0.5424844403739625,9.647309,-0.6034981,2099
30781,r6i1p1f1,2099,04,11,2.3369831812734425,7.443684,-2.2760286,2099
30782,r6i1p1f1,2099,04,12,5.5258947629964315,10.095721,0.18738495,2099
30783,r6i1p1f1,2099,04,13,2.03441566155669,14.398185,-0.30410942,2099
30784,r6i1p1f1,2099,04,14,0.3086719761453966,15.329693,3.8660522,2099
30785,r6i1p1f1,2099,04,15,5.469196432906069,11.932202,3.8524566,2099
30786,r6i1p1f1,2099,04,16,1.2109717108964366,13.584393,-2.7211623,2099
30787,r6i1p1f1,2099,04,17,0.0,11.559809,-3.8868823,2099
30788,r6i1p1f1,2099,04,18,0.0,15.3609705,-2.8803298,2099
30789,r6i1p1f1,2099,04,19,0.003310967495316268,17.681717,1.2244606,2099
30790,r6i1p1f1,2099,04,20,0.0,23.86178,5.043426,2099
30791,r6i1p1f1,2099,04,21,0.0,26.958866,7.1916394,2099
30792,r6i1p1f1,2099,04,22,0.0,26.290878,7.30521,2099
30793,r6i1p1f1,2099,04,23,0.0014831409504805616,22.032831,3.914513,2099
30794,r6i1p1f1,2099,04,24,0.8513630147190175,16.525547,2.4501448,2099
30795,r6i1p1f1,2099,04,25,0.02289150787028621,18.293438,2.9006274,2099
30796,r6i1p1f1,2099,04,26,0.0,21.312557,3.3056014,2099
30797,r6i1p1f1,2099,04,27,0.0,24.229013,5.7644,2099
30798,r6i1p1f1,2099,04,28,1.990564148350085,21.91601,4.681595,2099
30799,r6i1p1f1,2099,04,29,9.268622005042257,15.768574,-0.76133806,2099
30800,r6i1p1f1,2099,04,30,5.18895411822904,15.025696,2.9373748,2099
30801,r6i1p1f1,2099,05,01,0.2703919612032729,19.203444,6.5767198,2099
30802,r6i1p1f1,2099,05,02,0.0,21.239676,4.396379,2099
30803,r6i1p1f1,2099,05,03,5.871353258614597,14.588841,2.4144158,2099
30804,r6i1p1f1,2099,05,04,2.569239289208925,14.326229,3.5274293,2099
30805,r6i1p1f1,2099,05,05,11.518988899238826,13.693255,3.8203611,2099
30806,r6i1p1f1,2099,05,06,0.01589457966418196,18.870579,2.3874178,2099
30807,r6i1p1f1,2099,05,07,0.2946363977267496,19.841295,4.0524316,2099
30808,r6i1p1f1,2099,05,08,2.829717406806116,17.289764,0.23090714,2099
30809,r6i1p1f1,2099,05,09,1.1499727751069313,21.0203,4.9098387,2099
30810,r6i1p1f1,2099,05,10,4.432349038568145,20.611364,3.3113048,2099
30811,r6i1p1f1,2099,05,11,2.27612548671006,22.084106,5.239088,2099
30812,r6i1p1f1,2099,05,12,1.489239812861173,23.986532,7.295518,2099
30813,r6i1p1f1,2099,05,13,0.020320531048288445,25.124577,8.984152,2099
30814,r6i1p1f1,2099,05,14,0.017555830562173653,27.961401,8.882549,2099
30815,r6i1p1f1,2099,05,15,0.0,29.366156,11.000551,2099
30816,r6i1p1f1,2099,05,16,0.0,31.327818,13.486471,2099
30817,r6i1p1f1,2099,05,17,0.05129710545281534,30.495459,12.731725,2099
30818,r6i1p1f1,2099,05,18,3.7646895648753413,19.662102,5.1849008,2099
30819,r6i1p1f1,2099,05,19,6.256618192341575,19.66049,6.384083,2099
30820,r6i1p1f1,2099,05,20,0.00437142122549964,26.72054,10.032135,2099
30821,r6i1p1f1,2099,05,21,0.0,25.302612,8.433894,2099
30822,r6i1p1f1,2099,05,22,0.0,26.929922,9.178389,2099
30823,r6i1p1f1,2099,05,23,0.0,28.465298,9.880631,2099
30824,r6i1p1f1,2099,05,24,0.0,32.911915,12.291581,2099
30825,r6i1p1f1,2099,05,25,0.0,33.218315,13.6136465,2099
30826,r6i1p1f1,2099,05,26,0.9067208580377523,21.784134,3.008229,2099
30827,r6i1p1f1,2099,05,27,0.49112098253629116,15.066819,1.7658192,2099
30828,r6i1p1f1,2099,05,28,1.3968413331222371,13.914354,4.1223917,2099
30829,r6i1p1f1,2099,05,29,1.1129450433671355,14.043478,2.317187,2099
30830,r6i1p1f1,2099,05,30,1.030384055648096,18.997927,1.299541,2099
30831,r6i1p1f1,2099,05,31,0.06590624718368353,23.248823,5.508515,2099
30832,r6i1p1f1,2099,06,01,0.0,27.503944,7.8675823,2099
30833,r6i1p1f1,2099,06,02,0.0,29.258547,8.297889,2099
30834,r6i1p1f1,2099,06,03,2.2150609362232303,25.355207,6.9449763,2099
30835,r6i1p1f1,2099,06,04,0.32596336978559615,20.1873,2.88868,2099
30836,r6i1p1f1,2099,06,05,0.05558635506534489,24.011017,6.2385406,2099
30837,r6i1p1f1,2099,06,06,0.01880628714996989,23.761429,6.4292345,2099
30838,r6i1p1f1,2099,06,07,0.6361031160975862,21.589624,2.9217603,2099
30839,r6i1p1f1,2099,06,08,0.010434292633393068,18.527048,4.5836034,2099
30840,r6i1p1f1,2099,06,09,0.2474620455890708,18.665405,6.911347,2099
30841,r6i1p1f1,2099,06,10,0.35139118155876214,18.358383,6.409653,2099
30842,r6i1p1f1,2099,06,11,2.980558730750596,15.607316,6.6309605,2099
30843,r6i1p1f1,2099,06,12,0.004500306142984508,25.405725,6.4160833,2099
30844,r6i1p1f1,2099,06,13,1.2442174336017862,25.110205,6.818973,2099
30845,r6i1p1f1,2099,06,14,0.048516361683157,27.474195,9.844257,2099
30846,r6i1p1f1,2099,06,15,0.0,28.986246,10.270726,2099
30847,r6i1p1f1,2099,06,16,0.0,27.766699,10.693145,2099
30848,r6i1p1f1,2099,06,17,0.4058080141952618,22.393768,11.634572,2099
30849,r6i1p1f1,2099,06,18,0.0,25.165337,6.396552,2099
30850,r6i1p1f1,2099,06,19,0.0,31.32978,11.23964,2099
30851,r6i1p1f1,2099,06,20,0.0,33.673153,13.223438,2099
30852,r6i1p1f1,2099,06,21,0.0,34.200535,14.504543,2099
30853,r6i1p1f1,2099,06,22,0.0,34.289112,14.85878,2099
30854,r6i1p1f1,2099,06,23,0.0,34.649162,14.22065,2099
30855,r6i1p1f1,2099,06,24,0.0,35.281643,15.938323,2099
30856,r6i1p1f1,2099,06,25,0.0,35.20087,15.36979,2099
30857,r6i1p1f1,2099,06,26,0.013431723103729733,33.600903,13.439035,2099
30858,r6i1p1f1,2099,06,27,0.0,33.49639,14.384808,2099
30859,r6i1p1f1,2099,06,28,0.0,33.976265,14.101688,2099
30860,r6i1p1f1,2099,06,29,0.0,32.50128,13.464089,2099
30861,r6i1p1f1,2099,06,30,0.0,31.963776,12.074651,2099
30862,r6i1p1f1,2099,07,01,0.0,34.132545,12.30144,2099
30863,r6i1p1f1,2099,07,02,0.0,35.140953,14.876541,2099
30864,r6i1p1f1,2099,07,03,0.0,35.014977,13.698979,2099
30865,r6i1p1f1,2099,07,04,0.0,34.52907,12.914027,2099
30866,r6i1p1f1,2099,07,05,0.0,34.075283,13.342927,2099
30867,r6i1p1f1,2099,07,06,0.0,34.450638,14.0228405,2099
30868,r6i1p1f1,2099,07,07,0.0,35.420006,14.434975,2099
30869,r6i1p1f1,2099,07,08,0.0,35.73359,14.566814,2099
30870,r6i1p1f1,2099,07,09,0.2669518813280872,35.273518,14.743764,2099
30871,r6i1p1f1,2099,07,10,0.017628395728305737,34.575817,14.986373,2099
30872,r6i1p1f1,2099,07,11,0.0,34.50308,14.776693,2099
30873,r6i1p1f1,2099,07,12,0.0,35.047886,14.496941,2099
30874,r6i1p1f1,2099,07,13,0.0,35.89688,15.250904,2099
30875,r6i1p1f1,2099,07,14,0.0,36.610912,15.483794,2099
30876,r6i1p1f1,2099,07,15,0.0,37.08359,16.137968,2099
30877,r6i1p1f1,2099,07,16,0.0,38.77485,16.827368,2099
30878,r6i1p1f1,2099,07,17,0.1319210978077192,40.03718,18.21398,2099
30879,r6i1p1f1,2099,07,18,6.633673427993096e-06,38.97794,18.110043,2099
30880,r6i1p1f1,2099,07,19,0.25010570810940785,38.726658,18.13441,2099
30881,r6i1p1f1,2099,07,20,0.033942427232039954,36.66365,16.466501,2099
30882,r6i1p1f1,2099,07,21,0.0,36.230835,16.037285,2099
30883,r6i1p1f1,2099,07,22,0.0012658924381544825,36.949226,16.949274,2099
30884,r6i1p1f1,2099,07,23,0.0,36.05272,17.223421,2099
30885,r6i1p1f1,2099,07,24,0.7314287124546693,35.084694,15.743443,2099
30886,r6i1p1f1,2099,07,25,0.0,36.475456,16.431631,2099
30887,r6i1p1f1,2099,07,26,0.00014217413012956268,37.824066,17.186598,2099
30888,r6i1p1f1,2099,07,27,0.0,38.76096,18.137163,2099
30889,r6i1p1f1,2099,07,28,0.4055415637917963,38.716053,17.82239,2099
30890,r6i1p1f1,2099,07,29,0.0,38.943256,18.24622,2099
30891,r6i1p1f1,2099,07,30,0.0012619685449347274,39.80991,19.028097,2099
30892,r6i1p1f1,2099,07,31,0.0019193630992387133,41.5432,20.311874,2099
30893,r6i1p1f1,2099,08,01,0.0,42.342953,20.996803,2099
30894,r6i1p1f1,2099,08,02,0.4422107502283152,43.258644,22.725582,2099
30895,r6i1p1f1,2099,08,03,0.0,41.662613,21.159,2099
30896,r6i1p1f1,2099,08,04,0.2620834138171907,40.07682,19.158094,2099
30897,r6i1p1f1,2099,08,05,0.22507041582511975,37.84798,16.792976,2099
30898,r6i1p1f1,2099,08,06,0.2774023195128663,36.04412,15.654943,2099
30899,r6i1p1f1,2099,08,07,1.0150398538598284,34.583534,15.634127,2099
30900,r6i1p1f1,2099,08,08,0.5488959108838375,32.123676,15.413399,2099
30901,r6i1p1f1,2099,08,09,0.0,34.909595,13.930485,2099
30902,r6i1p1f1,2099,08,10,0.0,36.356457,16.07686,2099
30903,r6i1p1f1,2099,08,11,0.0,38.583767,17.158773,2099
30904,r6i1p1f1,2099,08,12,0.0,38.837597,17.739557,2099
30905,r6i1p1f1,2099,08,13,0.0,39.035328,18.341251,2099
30906,r6i1p1f1,2099,08,14,0.0,38.728065,18.980942,2099
30907,r6i1p1f1,2099,08,15,0.0,37.510212,16.429642,2099
30908,r6i1p1f1,2099,08,16,0.0,37.05535,16.124783,2099
30909,r6i1p1f1,2099,08,17,0.0,37.012844,15.43129,2099
30910,r6i1p1f1,2099,08,18,0.0,35.86117,15.403375,2099
30911,r6i1p1f1,2099,08,19,0.0,35.784393,14.891028,2099
30912,r6i1p1f1,2099,08,20,0.0,34.536823,14.027827,2099
30913,r6i1p1f1,2099,08,21,0.0,33.460117,13.169937,2099
30914,r6i1p1f1,2099,08,22,0.0,32.57036,12.642296,2099
30915,r6i1p1f1,2099,08,23,0.0,33.632404,13.681835,2099
30916,r6i1p1f1,2099,08,24,0.23238666286111082,33.232437,13.291875,2099
30917,r6i1p1f1,2099,08,25,0.0822730893812992,30.76684,10.295873,2099
30918,r6i1p1f1,2099,08,26,0.08476831932078782,28.855133,9.681241,2099
30919,r6i1p1f1,2099,08,27,0.0,31.136475,10.489408,2099
30920,r6i1p1f1,2099,08,28,0.08627266828035453,31.822474,10.63685,2099
30921,r6i1p1f1,2099,08,29,0.004975361124007479,33.34899,12.805358,2099
30922,r6i1p1f1,2099,08,30,0.0,33.118996,12.134686,2099
30923,r6i1p1f1,2099,08,31,0.0,32.08525,9.407781,2099
30924,r6i1p1f1,2099,09,01,0.0,33.63911,12.376547,2099
30925,r6i1p1f1,2099,09,02,0.0,33.965073,12.673278,2099
30926,r6i1p1f1,2099,09,03,0.0,29.659382,10.93993,2099
30927,r6i1p1f1,2099,09,04,0.0,26.99362,9.121803,2099
30928,r6i1p1f1,2099,09,05,0.0,30.072737,9.755162,2099
30929,r6i1p1f1,2099,09,06,0.0,33.161686,12.7616005,2099
30930,r6i1p1f1,2099,09,07,0.0,34.625416,13.943032,2099
30931,r6i1p1f1,2099,09,08,0.0,35.873833,14.844425,2099
30932,r6i1p1f1,2099,09,09,0.0,35.935333,15.166083,2099
30933,r6i1p1f1,2099,09,10,0.0,34.167904,13.9688225,2099
30934,r6i1p1f1,2099,09,11,0.0,34.411053,14.033531,2099
30935,r6i1p1f1,2099,09,12,0.0,34.181366,14.349826,2099
30936,r6i1p1f1,2099,09,13,0.06468682634514293,32.93394,13.826995,2099
30937,r6i1p1f1,2099,09,14,0.4494548129336711,28.148455,11.356694,2099
30938,r6i1p1f1,2099,09,15,0.3637673138627179,27.280357,10.429786,2099
30939,r6i1p1f1,2099,09,16,0.0,32.633526,13.683777,2099
30940,r6i1p1f1,2099,09,17,0.0,34.877586,13.717559,2099
30941,r6i1p1f1,2099,09,18,0.0,36.5177,14.849068,2099
30942,r6i1p1f1,2099,09,19,0.0,36.121853,14.657121,2099
30943,r6i1p1f1,2099,09,20,0.0,36.184402,15.489124,2099
30944,r6i1p1f1,2099,09,21,1.2932638354270702,37.122017,17.31956,2099
30945,r6i1p1f1,2099,09,22,0.15003546328878492,34.92157,15.269611,2099
30946,r6i1p1f1,2099,09,23,0.5060180184620806,31.745398,10.64432,2099
30947,r6i1p1f1,2099,09,24,0.05269589776100342,27.301594,8.927778,2099
30948,r6i1p1f1,2099,09,25,0.6321515733662004,23.003435,7.6949773,2099
30949,r6i1p1f1,2099,09,26,0.29923515009999246,22.34241,7.0023108,2099
30950,r6i1p1f1,2099,09,27,9.378798405182149,19.684883,2.685511,2099
30951,r6i1p1f1,2099,09,28,7.667239313801724,20.431095,4.011322,2099
30952,r6i1p1f1,2099,09,29,0.5367879792793596,23.279154,4.87062,2099
30953,r6i1p1f1,2099,09,30,0.0,23.840881,7.4851656,2099
30954,r6i1p1f1,2099,10,01,0.0,27.33991,8.310686,2099
30955,r6i1p1f1,2099,10,02,0.0,29.68161,9.635744,2099
30956,r6i1p1f1,2099,10,03,0.0,28.986177,9.083499,2099
30957,r6i1p1f1,2099,10,04,0.0,29.357487,10.265595,2099
30958,r6i1p1f1,2099,10,05,0.0,31.125446,10.8461895,2099
30959,r6i1p1f1,2099,10,06,0.0,31.075792,10.770433,2099
30960,r6i1p1f1,2099,10,07,0.0,30.337837,10.533366,2099
30961,r6i1p1f1,2099,10,08,0.0,30.61995,10.560291,2099
30962,r6i1p1f1,2099,10,09,0.0,31.95053,12.294006,2099
30963,r6i1p1f1,2099,10,10,0.0,32.1969,11.110959,2099
30964,r6i1p1f1,2099,10,11,0.0,32.107113,11.768693,2099
30965,r6i1p1f1,2099,10,12,0.0,28.251726,10.012253,2099
30966,r6i1p1f1,2099,10,13,0.0,25.568266,7.7637815,2099
30967,r6i1p1f1,2099,10,14,0.0,25.03948,7.809931,2099
30968,r6i1p1f1,2099,10,15,0.0,23.9972,7.0630827,2099
30969,r6i1p1f1,2099,10,16,0.0,18.526524,2.3169296,2099
30970,r6i1p1f1,2099,10,17,0.1977039936278045,14.67388,-0.19766259,2099
30971,r6i1p1f1,2099,10,18,16.971360184721,14.710743,5.1706247,2099
30972,r6i1p1f1,2099,10,19,0.1266387847542787,21.882938,5.4708257,2099
30973,r6i1p1f1,2099,10,20,0.0,24.791397,6.5216346,2099
30974,r6i1p1f1,2099,10,21,0.0,24.245949,6.833158,2099
30975,r6i1p1f1,2099,10,22,0.0,23.23468,5.1220884,2099
30976,r6i1p1f1,2099,10,23,0.0,26.39442,7.159007,2099
30977,r6i1p1f1,2099,10,24,0.0,26.10157,7.7469254,2099
30978,r6i1p1f1,2099,10,25,0.0,25.496143,8.093769,2099
30979,r6i1p1f1,2099,10,26,0.0,24.676594,8.032128,2099
30980,r6i1p1f1,2099,10,27,0.0,23.869535,8.196987,2099
30981,r6i1p1f1,2099,10,28,0.0,28.55689,8.803225,2099
30982,r6i1p1f1,2099,10,29,0.0,28.501572,9.282162,2099
30983,r6i1p1f1,2099,10,30,0.0,26.608608,7.966704,2099
30984,r6i1p1f1,2099,10,31,0.0,25.16561,7.209834,2099
30985,r6i1p1f1,2099,11,01,0.0,22.604336,4.3506765,2099
30986,r6i1p1f1,2099,11,02,0.0,19.803387,4.111873,2099
30987,r6i1p1f1,2099,11,03,0.022744136365552836,17.617548,3.856511,2099
30988,r6i1p1f1,2099,11,04,0.0006943900618298484,14.582874,1.669078,2099
30989,r6i1p1f1,2099,11,05,0.0,18.951498,1.6154956,2099
30990,r6i1p1f1,2099,11,06,0.0,21.984581,3.078744,2099
30991,r6i1p1f1,2099,11,07,0.0,25.578007,5.701076,2099
30992,r6i1p1f1,2099,11,08,0.0,24.364386,6.9545865,2099
30993,r6i1p1f1,2099,11,09,0.0,19.679949,3.17585,2099
30994,r6i1p1f1,2099,11,10,0.0,17.853914,-0.26614115,2099
30995,r6i1p1f1,2099,11,11,0.0,17.840899,0.5968437,2099
30996,r6i1p1f1,2099,11,12,0.0,17.172567,1.0538989,2099
30997,r6i1p1f1,2099,11,13,0.0,17.302612,0.7265393,2099
30998,r6i1p1f1,2099,11,14,0.0,18.465042,0.2087316,2099
30999,r6i1p1f1,2099,11,15,0.0,19.674053,1.6858146,2099
31000,r6i1p1f1,2099,11,16,0.0,20.86275,3.138546,2099
31001,r6i1p1f1,2099,11,17,0.0,20.510923,1.4817767,2099
31002,r6i1p1f1,2099,11,18,0.0,19.09404,1.6285218,2099
31003,r6i1p1f1,2099,11,19,0.11197920085709277,15.196272,1.6431959,2099
31004,r6i1p1f1,2099,11,20,0.32722622630795395,8.791288,-4.268904,2099
31005,r6i1p1f1,2099,11,21,0.0,9.929819,-6.49476,2099
31006,r6i1p1f1,2099,11,22,0.0,10.719678,-3.5851736,2099
31007,r6i1p1f1,2099,11,23,0.06862798211421932,7.7572374,-2.9765193,2099
31008,r6i1p1f1,2099,11,24,0.0,9.323257,-2.3512735,2099
31009,r6i1p1f1,2099,11,25,0.0,11.047475,-3.8675356,2099
31010,r6i1p1f1,2099,11,26,0.0,13.767064,-5.700216,2099
31011,r6i1p1f1,2099,11,27,0.0,14.440301,-5.951358,2099
31012,r6i1p1f1,2099,11,28,0.0,13.712666,-3.4621935,2099
31013,r6i1p1f1,2099,11,29,0.0,13.729191,-1.9482822,2099
31014,r6i1p1f1,2099,11,30,0.0006623844690344638,15.636397,-0.9140052,2099
31015,r6i1p1f1,2099,12,01,0.01926518727680305,15.710121,3.9603763,2099
31016,r6i1p1f1,2099,12,02,0.0,16.31139,4.1312695,2099
31017,r6i1p1f1,2099,12,03,0.0,18.3693,4.962718,2099
31018,r6i1p1f1,2099,12,04,0.0,17.211521,4.649376,2099
31019,r6i1p1f1,2099,12,05,16.990545892891426,15.307829,2.8128471,2099
31020,r6i1p1f1,2099,12,06,14.227135050081229,10.424258,3.4127572,2099
31021,r6i1p1f1,2099,12,07,1.2112450202106408,10.169353,-1.7669147,2099
31022,r6i1p1f1,2099,12,08,10.493759662236632,7.4260507,0.9269235,2099
31023,r6i1p1f1,2099,12,09,0.0016425159647324103,11.878178,4.121675,2099
31024,r6i1p1f1,2099,12,10,0.0,15.466022,0.017512556,2099
31025,r6i1p1f1,2099,12,11,0.0,16.125786,1.0279654,2099
31026,r6i1p1f1,2099,12,12,0.0,16.223513,1.3659687,2099
31027,r6i1p1f1,2099,12,13,5.605974454844334,12.942716,0.8376207,2099
31028,r6i1p1f1,2099,12,14,1.9315226989104906,6.9115677,0.7712729,2099
31029,r6i1p1f1,2099,12,15,0.18548622225111921,10.51909,1.30007,2099
31030,r6i1p1f1,2099,12,16,16.24111259441061,8.488062,-1.635668,2099
31031,r6i1p1f1,2099,12,17,12.853778490589972,7.5195665,1.2237047,2099
31032,r6i1p1f1,2099,12,18,1.133919827724747,9.650095,-0.58086336,2099
31033,r6i1p1f1,2099,12,19,0.028670715151987707,17.045433,2.4911523,2099
31034,r6i1p1f1,2099,12,20,0.0,20.274874,6.6756167,2099
31035,r6i1p1f1,2099,12,21,0.0,20.731512,6.6633067,2099
31036,r6i1p1f1,2099,12,22,0.0,20.369818,6.032895,2099
31037,r6i1p1f1,2099,12,23,0.0,19.006317,5.0586314,2099
31038,r6i1p1f1,2099,12,24,0.0,18.636883,3.85528,2099
31039,r6i1p1f1,2099,12,25,0.0,18.985985,4.593544,2099
31040,r6i1p1f1,2099,12,26,0.0,18.052471,4.6933956,2099
31041,r6i1p1f1,2099,12,27,0.003882431673446749,16.78241,2.1455112,2099
31042,r6i1p1f1,2099,12,28,0.0,15.793042,1.7386239,2099
31043,r6i1p1f1,2099,12,29,0.0,14.695244,2.028976,2099
31044,r6i1p1f1,2099,12,30,0.07725697929945036,13.796085,3.6351056,2099
31045,r6i1p1f1,2099,12,31,0.37693223647018037,11.756242,-0.40443558,2099
31046,r6i1p1f1,2100,01,01,1.1992920877051687,7.6468973,0.31703877,2100
31047,r6i1p1f1,2100,01,02,2.5684395741339547,8.576278,0.9230763,2100
31048,r6i1p1f1,2100,01,03,7.020903819852245,11.282781,4.3493743,2100
31049,r6i1p1f1,2100,01,04,4.205374843588763,12.497952,5.2612906,2100
31050,r6i1p1f1,2100,01,05,2.4982896880867664,10.963953,-1.2353586,2100
31051,r6i1p1f1,2100,01,06,0.0,8.130885,-6.0388727,2100
31052,r6i1p1f1,2100,01,07,0.011393041519188327,6.674107,-2.551408,2100
31053,r6i1p1f1,2100,01,08,0.04197605390247953,3.9975474,-2.7052796,2100
31054,r6i1p1f1,2100,01,09,0.0,5.659226,-6.2117243,2100
31055,r6i1p1f1,2100,01,10,0.0,7.6039724,-6.4386563,2100
31056,r6i1p1f1,2100,01,11,0.26940244172394495,5.2162914,-0.46667776,2100
31057,r6i1p1f1,2100,01,12,7.007901590345223,4.3236766,-2.1673422,2100
31058,r6i1p1f1,2100,01,13,0.00645881496263721,4.636474,-5.7723746,2100
31059,r6i1p1f1,2100,01,14,0.0,3.1885064,-9.474432,2100
31060,r6i1p1f1,2100,01,15,0.885225457691481,1.2387035,-6.345894,2100
31061,r6i1p1f1,2100,01,16,4.619515954776577,4.6635165,-4.352133,2100
31062,r6i1p1f1,2100,01,17,1.3470814425071078,3.0917547,-3.1384466,2100
31063,r6i1p1f1,2100,01,18,3.66378053886078,7.3638997,-2.2716658,2100
31064,r6i1p1f1,2100,01,19,9.52896445574113,8.0715885,0.008661283,2100
31065,r6i1p1f1,2100,01,20,0.2673971269549819,5.2269473,-1.8981694,2100
31066,r6i1p1f1,2100,01,21,0.06611638248063574,4.388076,-1.3795094,2100
31067,r6i1p1f1,2100,01,22,0.4234084074316959,3.7192082,-3.6617012,2100
31068,r6i1p1f1,2100,01,23,0.0,8.444735,-3.4315329,2100
31069,r6i1p1f1,2100,01,24,0.0,9.466018,-5.0950527,2100
31070,r6i1p1f1,2100,01,25,0.46564555660517776,4.360451,-6.398664,2100
31071,r6i1p1f1,2100,01,26,21.421735867936206,1.1319311,-5.931721,2100
31072,r6i1p1f1,2100,01,27,3.3809312495431785,2.762055,-3.8736203,2100
31073,r6i1p1f1,2100,01,28,1.3861626142343721,2.7411623,-4.4267507,2100
31074,r6i1p1f1,2100,01,29,22.44832695494538,6.838831,-4.3920116,2100
31075,r6i1p1f1,2100,01,30,0.11769483578750815,7.328464,-3.5643575,2100
31076,r6i1p1f1,2100,01,31,5.318408339777858,4.144742,-2.6070688,2100
31077,r6i1p1f1,2100,02,01,7.475309170765253,4.8744655,-3.9342773,2100
31078,r6i1p1f1,2100,02,02,0.1599781582776466,3.8188615,-7.0065036,2100
31079,r6i1p1f1,2100,02,03,0.6943119386689703,4.3375297,-3.6761389,2100
31080,r6i1p1f1,2100,02,04,12.01139706271038,8.157271,-2.2776313,2100
31081,r6i1p1f1,2100,02,05,26.84874266406814,11.6532345,1.9084961,2100
31082,r6i1p1f1,2100,02,06,14.597192174965468,12.1381235,-0.56360555,2100
31083,r6i1p1f1,2100,02,07,6.714917180126265,6.258714,-5.94114,2100
31084,r6i1p1f1,2100,02,08,4.405307137001962,2.7114666,-4.7891498,2100
31085,r6i1p1f1,2100,02,09,15.998304248270719,5.619617,-2.9486635,2100
31086,r6i1p1f1,2100,02,10,0.02853547500666938,7.092299,-1.87807,2100
31087,r6i1p1f1,2100,02,11,0.4249745985956112,5.5466337,-5.107248,2100
31088,r6i1p1f1,2100,02,12,2.7238898999915735,5.5722156,-2.0115888,2100
31089,r6i1p1f1,2100,02,13,0.0,10.748578,-2.4865074,2100
31090,r6i1p1f1,2100,02,14,0.0,16.324492,1.0375572,2100
31091,r6i1p1f1,2100,02,15,0.0,17.552824,3.2270224,2100
31092,r6i1p1f1,2100,02,16,0.0,19.660503,4.178733,2100
31093,r6i1p1f1,2100,02,17,0.014324066738940513,19.079672,4.848737,2100
31094,r6i1p1f1,2100,02,18,0.31149764657726153,15.101464,0.6048302,2100
31095,r6i1p1f1,2100,02,19,0.0,10.963641,-5.331078,2100
31096,r6i1p1f1,2100,02,20,0.0,10.783996,-5.5114555,2100
31097,r6i1p1f1,2100,02,21,0.0,16.6166,3.7600646,2100
31098,r6i1p1f1,2100,02,22,0.0,21.78791,6.657142,2100
31099,r6i1p1f1,2100,02,23,0.0,21.349487,6.4259996,2100
31100,r6i1p1f1,2100,02,24,0.0262856828762188,18.825136,6.9561796,2100
31101,r6i1p1f1,2100,02,25,0.0,7.1811833,-6.9134126,2100
31102,r6i1p1f1,2100,02,26,0.0,9.176331,-4.148882,2100
31103,r6i1p1f1,2100,02,27,0.15655658124839336,8.658442,-2.4118094,2100
31104,r6i1p1f1,2100,02,28,0.0,9.158256,-3.8213804,2100
31105,r6i1p1f1,2100,03,01,0.0,14.408719,-4.9350896,2100
31106,r6i1p1f1,2100,03,02,0.0,18.597157,-0.7921115,2100
31107,r6i1p1f1,2100,03,03,0.0,21.736994,1.947278,2100
31108,r6i1p1f1,2100,03,04,0.0,21.195164,4.2585897,2100
31109,r6i1p1f1,2100,03,05,0.0004848754028468639,16.968311,1.5124758,2100
31110,r6i1p1f1,2100,03,06,0.01805997767845564,13.542739,-2.8919652,2100
31111,r6i1p1f1,2100,03,07,1.4692342374445617,6.9319305,-5.1677747,2100
31112,r6i1p1f1,2100,03,08,4.386017912393261,4.3021183,-3.8051395,2100
31113,r6i1p1f1,2100,03,09,25.26373249911509,2.5097518,-4.395574,2100
31114,r6i1p1f1,2100,03,10,0.038086672272910044,2.837108,-10.169119,2100
31115,r6i1p1f1,2100,03,11,3.879721346782789,1.5672727,-5.279745,2100
31116,r6i1p1f1,2100,03,12,1.859385985568819,4.5609994,-11.183371,2100
31117,r6i1p1f1,2100,03,13,0.0060679443076232156,7.3663826,-4.0031505,2100
31118,r6i1p1f1,2100,03,14,7.628120001448869,4.324245,-2.3270743,2100
31119,r6i1p1f1,2100,03,15,7.805318032398961,2.7343364,-4.3719106,2100
31120,r6i1p1f1,2100,03,16,0.8875399420775409,4.7763968,-4.7400665,2100
31121,r6i1p1f1,2100,03,17,0.0013729793430001882,5.870102,-7.8120203,2100
31122,r6i1p1f1,2100,03,18,0.0,10.580093,-6.19962,2100
31123,r6i1p1f1,2100,03,19,0.0,15.993552,-3.3549962,2100
31124,r6i1p1f1,2100,03,20,0.022296117867905852,12.27101,-1.0278943,2100
31125,r6i1p1f1,2100,03,21,5.7965601478967494,7.169956,-1.3320011,2100
31126,r6i1p1f1,2100,03,22,0.0,7.4555593,-3.8147342,2100
31127,r6i1p1f1,2100,03,23,0.0,14.713519,-4.7490745,2100
31128,r6i1p1f1,2100,03,24,0.0,18.329025,-0.27729025,2100
31129,r6i1p1f1,2100,03,25,0.03307657813938819,18.13961,1.5722393,2100
31130,r6i1p1f1,2100,03,26,0.0,15.534839,-0.9247982,2100
31131,r6i1p1f1,2100,03,27,0.017223414042984487,14.795395,-2.056877,2100
31132,r6i1p1f1,2100,03,28,0.0,14.617931,-3.0547113,2100
31133,r6i1p1f1,2100,03,29,0.0,15.951805,-1.3190923,2100
31134,r6i1p1f1,2100,03,30,1.9258529860724691,14.860616,-1.9150354,2100
31135,r6i1p1f1,2100,03,31,41.400038015185984,10.765664,3.679436,2100
31136,r6i1p1f1,2100,04,01,21.668525545688357,9.882247,-7.473122,2100
31137,r6i1p1f1,2100,04,02,0.03365236304592911,8.492572,-2.375253,2100
31138,r6i1p1f1,2100,04,03,0.0,16.269604,-0.7171088,2100
31139,r6i1p1f1,2100,04,04,0.0,20.1527,0.62940055,2100
31140,r6i1p1f1,2100,04,05,0.0,20.69563,1.7468469,2100
31141,r6i1p1f1,2100,04,06,1.872820173579548,16.33097,-0.31735793,2100
31142,r6i1p1f1,2100,04,07,1.3652254440679843,10.991601,2.1399848,2100
31143,r6i1p1f1,2100,04,08,2.4618444297029716,10.209356,-2.0496728,2100
31144,r6i1p1f1,2100,04,09,7.4964585364859415,9.429262,-0.4076337,2100
31145,r6i1p1f1,2100,04,10,17.913194789766305,4.581216,-6.431124,2100
31146,r6i1p1f1,2100,04,11,0.15746526700462454,8.353139,-4.1661625,2100
31147,r6i1p1f1,2100,04,12,0.0,12.609136,-3.4287474,2100
31148,r6i1p1f1,2100,04,13,0.0,20.70405,0.5394145,2100
31149,r6i1p1f1,2100,04,14,0.0,23.87692,4.3357024,2100
31150,r6i1p1f1,2100,04,15,0.0,24.264194,5.8792467,2100
31151,r6i1p1f1,2100,04,16,0.0,25.479246,5.595384,2100
31152,r6i1p1f1,2100,04,17,0.02542002552002208,24.545862,5.8931756,2100
31153,r6i1p1f1,2100,04,18,0.15616400878468775,16.781534,2.998505,2100
31154,r6i1p1f1,2100,04,19,0.7187625684018091,9.196491,2.1388624,2100
31155,r6i1p1f1,2100,04,20,0.8559991022966589,9.528318,2.2798603,2100
31156,r6i1p1f1,2100,04,21,11.234685801907924,9.193379,1.2059323,2100
31157,r6i1p1f1,2100,04,22,1.9839918102837582,11.629991,-0.8295296,2100
31158,r6i1p1f1,2100,04,23,0.11970573203790917,14.512008,-3.2060995,2100
31159,r6i1p1f1,2100,04,24,0.0,18.101633,0.19616838,2100
31160,r6i1p1f1,2100,04,25,0.0,21.973753,2.1750698,2100
31161,r6i1p1f1,2100,04,26,0.0,26.515232,5.999217,2100
31162,r6i1p1f1,2100,04,27,0.0,25.852932,7.64439,2100
31163,r6i1p1f1,2100,04,28,7.4708464693269425,17.471571,-0.98712164,2100
31164,r6i1p1f1,2100,04,29,11.470620629380644,11.9684305,1.469738,2100
31165,r6i1p1f1,2100,04,30,2.456357128845688,15.83018,-1.6483667,2100
31166,r6i1p1f1,2100,05,01,0.0,23.166576,4.606941,2100
31167,r6i1p1f1,2100,05,02,0.0,23.539604,5.5872455,2100
31168,r6i1p1f1,2100,05,03,0.16095497084586216,21.570967,4.3101497,2100
31169,r6i1p1f1,2100,05,04,0.0,23.471573,4.7566724,2100
31170,r6i1p1f1,2100,05,05,0.0,26.635397,6.7749405,2100
31171,r6i1p1f1,2100,05,06,0.0,31.422443,10.790805,2100
31172,r6i1p1f1,2100,05,07,0.0,31.539043,11.0434675,2100
31173,r6i1p1f1,2100,05,08,0.0,32.25005,11.50431,2100
31174,r6i1p1f1,2100,05,09,0.0,32.91544,11.773319,2100
31175,r6i1p1f1,2100,05,10,0.0,31.687845,11.59337,2100
31176,r6i1p1f1,2100,05,11,0.0,29.526886,11.064024,2100
31177,r6i1p1f1,2100,05,12,0.0,26.55772,7.793666,2100
31178,r6i1p1f1,2100,05,13,0.0,26.48658,6.744755,2100
31179,r6i1p1f1,2100,05,14,0.0,25.826004,7.0437946,2100
31180,r6i1p1f1,2100,05,15,0.40308667155613753,23.109335,5.0268416,2100
31181,r6i1p1f1,2100,05,16,0.0,28.664484,8.364327,2100
31182,r6i1p1f1,2100,05,17,0.0,31.336414,11.2757435,2100
31183,r6i1p1f1,2100,05,18,0.0,31.33027,12.650176,2100
31184,r6i1p1f1,2100,05,19,0.013239275089201016,32.317966,11.599985,2100
31185,r6i1p1f1,2100,05,20,0.0,32.839115,13.47973,2100
31186,r6i1p1f1,2100,05,21,0.0,31.649958,12.822534,2100
31187,r6i1p1f1,2100,05,22,2.916861369847238,24.709951,6.825271,2100
31188,r6i1p1f1,2100,05,23,3.135251918106483,20.304352,4.1173625,2100
31189,r6i1p1f1,2100,05,24,0.0,25.84328,6.6776643,2100
31190,r6i1p1f1,2100,05,25,0.0,30.74653,10.51155,2100
31191,r6i1p1f1,2100,05,26,0.0,34.074528,12.106687,2100
31192,r6i1p1f1,2100,05,27,0.0,34.06326,14.397215,2100
31193,r6i1p1f1,2100,05,28,0.0,32.26643,11.4546,2100
31194,r6i1p1f1,2100,05,29,0.0,30.022835,10.263955,2100
31195,r6i1p1f1,2100,05,30,0.0,29.513153,9.803831,2100
31196,r6i1p1f1,2100,05,31,0.0,26.718014,9.98069,2100
31197,r6i1p1f1,2100,06,01,0.0,26.99058,7.1901774,2100
31198,r6i1p1f1,2100,06,02,2.549268243883601,22.51815,6.253359,2100
31199,r6i1p1f1,2100,06,03,0.529368299942119,22.515993,6.458255,2100
31200,r6i1p1f1,2100,06,04,0.0,25.623337,6.8864393,2100
31201,r6i1p1f1,2100,06,05,0.0,26.82422,7.448892,2100
31202,r6i1p1f1,2100,06,06,0.004789758881057236,27.11255,6.499207,2100
31203,r6i1p1f1,2100,06,07,0.0,30.869617,10.300562,2100
31204,r6i1p1f1,2100,06,08,0.0,32.71623,12.624673,2100
31205,r6i1p1f1,2100,06,09,0.0,33.549088,13.352723,2100
31206,r6i1p1f1,2100,06,10,0.023995117475033526,34.13357,14.425435,2100
31207,r6i1p1f1,2100,06,11,0.00495674987813883,33.213882,13.32252,2100
31208,r6i1p1f1,2100,06,12,0.0,32.53655,12.606533,2100
31209,r6i1p1f1,2100,06,13,0.0049384988901700145,28.023947,9.947732,2100
31210,r6i1p1f1,2100,06,14,0.01993294471348693,31.33167,11.852221,2100
31211,r6i1p1f1,2100,06,15,0.006173723457182924,32.51344,12.422587,2100
31212,r6i1p1f1,2100,06,16,0.0,35.98407,15.538673,2100
31213,r6i1p1f1,2100,06,17,0.0,36.91169,16.319391,2100
31214,r6i1p1f1,2100,06,18,0.0,35.537613,14.044902,2100
31215,r6i1p1f1,2100,06,19,0.0,36.531734,15.778135,2100
31216,r6i1p1f1,2100,06,20,0.0,36.87484,15.35864,2100
31217,r6i1p1f1,2100,06,21,0.0,36.71278,15.255244,2100
31218,r6i1p1f1,2100,06,22,0.019373953222226948,35.714462,15.516147,2100
31219,r6i1p1f1,2100,06,23,0.0,36.521187,14.462388,2100
31220,r6i1p1f1,2100,06,24,0.0,37.37213,15.348311,2100
31221,r6i1p1f1,2100,06,25,0.0,36.934067,15.807547,2100
31222,r6i1p1f1,2100,06,26,0.0016855485928964162,36.101902,14.546892,2100
31223,r6i1p1f1,2100,06,27,0.0,34.288345,14.807995,2100
31224,r6i1p1f1,2100,06,28,0.0,33.745884,13.304333,2100
31225,r6i1p1f1,2100,06,29,0.0,35.297733,13.985058,2100
31226,r6i1p1f1,2100,06,30,0.0,36.21505,15.030783,2100
31227,r6i1p1f1,2100,07,01,0.0,38.13656,17.328072,2100
31228,r6i1p1f1,2100,07,02,0.0,38.82256,17.148045,2100
31229,r6i1p1f1,2100,07,03,0.005034346097133524,37.775185,15.262351,2100
31230,r6i1p1f1,2100,07,04,0.0,36.696953,13.777373,2100
31231,r6i1p1f1,2100,07,05,0.0,35.756485,12.893983,2100
31232,r6i1p1f1,2100,07,06,0.0,35.501335,13.100567,2100
31233,r6i1p1f1,2100,07,07,0.0,36.344074,14.218067,2100
31234,r6i1p1f1,2100,07,08,0.0,37.03801,15.242388,2100
31235,r6i1p1f1,2100,07,09,0.0,37.1307,15.162743,2100
31236,r6i1p1f1,2100,07,10,0.0,37.968327,15.797312,2100
31237,r6i1p1f1,2100,07,11,0.0,38.492733,17.50239,2100
31238,r6i1p1f1,2100,07,12,0.0,38.248466,16.59057,2100
31239,r6i1p1f1,2100,07,13,0.0,37.92766,17.09959,2100
31240,r6i1p1f1,2100,07,14,0.0,38.105682,16.575005,2100
31241,r6i1p1f1,2100,07,15,0.0,39.86189,17.06606,2100
31242,r6i1p1f1,2100,07,16,0.0,40.24469,17.385416,2100
31243,r6i1p1f1,2100,07,17,0.0,40.36799,17.822626,2100
31244,r6i1p1f1,2100,07,18,0.0,40.03134,17.017427,2100
31245,r6i1p1f1,2100,07,19,0.003410298381786483,40.3547,17.432156,2100
31246,r6i1p1f1,2100,07,20,0.0,40.393063,17.795938,2100
31247,r6i1p1f1,2100,07,21,0.015173504236818777,41.401344,18.847227,2100
31248,r6i1p1f1,2100,07,22,0.0,42.040485,19.332602,2100
31249,r6i1p1f1,2100,07,23,0.0,41.273365,19.371172,2100
31250,r6i1p1f1,2100,07,24,0.0,40.82854,18.814533,2100
31251,r6i1p1f1,2100,07,25,0.0,41.484467,18.933651,2100
31252,r6i1p1f1,2100,07,26,0.0,44.098125,21.755363,2100
31253,r6i1p1f1,2100,07,27,0.035259855827464104,44.58272,21.99861,2100
31254,r6i1p1f1,2100,07,28,0.8021370142036397,42.59157,20.711252,2100
31255,r6i1p1f1,2100,07,29,4.37533372759338,41.84189,20.603857,2100
31256,r6i1p1f1,2100,07,30,0.007665659491993367,39.544327,18.807829,2100
31257,r6i1p1f1,2100,07,31,0.9137267517067794,39.198547,18.137573,2100
31258,r6i1p1f1,2100,08,01,0.0,37.45939,16.762917,2100
31259,r6i1p1f1,2100,08,02,0.1530141668188187,37.618168,17.053978,2100
31260,r6i1p1f1,2100,08,03,0.0,37.729908,17.070152,2100
31261,r6i1p1f1,2100,08,04,0.0,38.875694,17.243048,2100
31262,r6i1p1f1,2100,08,05,0.18705361778162666,40.65974,18.49605,2100
31263,r6i1p1f1,2100,08,06,0.1976782813476175,40.97783,18.78882,2100
31264,r6i1p1f1,2100,08,07,0.0,41.569202,19.895224,2100
31265,r6i1p1f1,2100,08,08,0.0928590519449941,41.67157,20.2029,2100
31266,r6i1p1f1,2100,08,09,0.0,41.303734,19.296867,2100
31267,r6i1p1f1,2100,08,10,0.0,40.319344,18.769398,2100
31268,r6i1p1f1,2100,08,11,0.019167064242851424,39.5412,18.38939,2100
31269,r6i1p1f1,2100,08,12,0.3296442442625919,40.593666,19.629906,2100
31270,r6i1p1f1,2100,08,13,0.00019473678774371115,43.48399,22.358883,2100
31271,r6i1p1f1,2100,08,14,0.0,44.722054,23.486399,2100
31272,r6i1p1f1,2100,08,15,0.0,44.83122,23.580957,2100
31273,r6i1p1f1,2100,08,16,0.011391590770043994,43.77002,22.665924,2100
31274,r6i1p1f1,2100,08,17,0.166217758141102,42.231876,21.756723,2100
31275,r6i1p1f1,2100,08,18,2.5913020324377087,41.426197,20.928564,2100
31276,r6i1p1f1,2100,08,19,0.9762797097489835,38.687572,19.266016,2100
31277,r6i1p1f1,2100,08,20,0.0,37.448677,18.256496,2100
31278,r6i1p1f1,2100,08,21,0.0,36.351524,18.44904,2100
31279,r6i1p1f1,2100,08,22,1.6052198086911662,37.415554,19.016573,2100
31280,r6i1p1f1,2100,08,23,0.2553911534902361,37.549416,17.790825,2100
31281,r6i1p1f1,2100,08,24,0.021809461387633414,37.34813,18.16435,2100
31282,r6i1p1f1,2100,08,25,0.0,36.607376,17.167545,2100
31283,r6i1p1f1,2100,08,26,0.0,36.44261,16.001465,2100
31284,r6i1p1f1,2100,08,27,0.0,35.634346,15.211646,2100
31285,r6i1p1f1,2100,08,28,0.0,35.727806,14.964591,2100
31286,r6i1p1f1,2100,08,29,0.0,36.231804,15.096246,2100
31287,r6i1p1f1,2100,08,30,0.0069580466338676735,35.992523,14.100286,2100
31288,r6i1p1f1,2100,08,31,0.0,34.72672,12.514202,2100
31289,r6i1p1f1,2100,09,01,0.0,32.087784,14.013228,2100
31290,r6i1p1f1,2100,09,02,0.0,32.152924,13.933091,2100
31291,r6i1p1f1,2100,09,03,0.0,32.47222,13.638676,2100
31292,r6i1p1f1,2100,09,04,0.0,34.619324,14.401761,2100
31293,r6i1p1f1,2100,09,05,0.0014869685502317677,35.66689,14.473171,2100
31294,r6i1p1f1,2100,09,06,0.009585390582218774,36.117016,17.587378,2100
31295,r6i1p1f1,2100,09,07,0.03468549202000553,35.47716,15.430379,2100
31296,r6i1p1f1,2100,09,08,0.14779496244841478,35.56449,15.473797,2100
31297,r6i1p1f1,2100,09,09,0.0,35.24856,14.6585655,2100
31298,r6i1p1f1,2100,09,10,0.0,34.148685,14.167392,2100
31299,r6i1p1f1,2100,09,11,0.0,34.55081,14.137036,2100
31300,r6i1p1f1,2100,09,12,0.7617650982262832,33.699524,13.670944,2100
31301,r6i1p1f1,2100,09,13,0.0,33.07558,13.747559,2100
31302,r6i1p1f1,2100,09,14,0.563513025361634,32.71469,11.671433,2100
31303,r6i1p1f1,2100,09,15,0.0,31.86845,11.7486515,2100
31304,r6i1p1f1,2100,09,16,0.0,32.05284,12.140486,2100
31305,r6i1p1f1,2100,09,17,0.005135206969326461,33.897213,13.29836,2100
31306,r6i1p1f1,2100,09,18,0.0,35.207832,14.83202,2100
31307,r6i1p1f1,2100,09,19,0.0,35.862984,15.651866,2100
31308,r6i1p1f1,2100,09,20,0.0,35.351635,15.573906,2100
31309,r6i1p1f1,2100,09,21,0.0,34.61843,14.353592,2100
31310,r6i1p1f1,2100,09,22,0.0,34.41616,14.576276,2100
31311,r6i1p1f1,2100,09,23,0.0,35.965176,15.206672,2100
31312,r6i1p1f1,2100,09,24,0.0019687591181577193,33.97565,15.269436,2100
31313,r6i1p1f1,2100,09,25,0.30284401229178604,26.20824,11.024494,2100
31314,r6i1p1f1,2100,09,26,0.3349716486849831,28.707428,9.129687,2100
31315,r6i1p1f1,2100,09,27,0.0,31.316422,11.842037,2100
31316,r6i1p1f1,2100,09,28,0.0,31.761158,11.770171,2100
31317,r6i1p1f1,2100,09,29,0.0,30.75594,11.227179,2100
31318,r6i1p1f1,2100,09,30,5.978868392059447e-05,29.72931,10.855841,2100
31319,r6i1p1f1,2100,10,01,20.836217459777437,20.373005,6.0768704,2100
31320,r6i1p1f1,2100,10,02,6.318511155236464,14.669725,1.5726624,2100
31321,r6i1p1f1,2100,10,03,3.9323283504056437,17.007357,0.0010858778,2100
31322,r6i1p1f1,2100,10,04,0.0,22.80601,5.8358874,2100
31323,r6i1p1f1,2100,10,05,0.0,24.125898,6.834538,2100
31324,r6i1p1f1,2100,10,06,0.0185622960483177,23.408562,6.912418,2100
31325,r6i1p1f1,2100,10,07,0.0,22.364635,6.044426,2100
31326,r6i1p1f1,2100,10,08,0.0,22.856718,6.6520195,2100
31327,r6i1p1f1,2100,10,09,5.11849697448115,18.880985,4.9736404,2100
31328,r6i1p1f1,2100,10,10,2.637341381268186,18.127,3.5609183,2100
31329,r6i1p1f1,2100,10,11,0.0,25.902962,6.8043003,2100
31330,r6i1p1f1,2100,10,12,0.0,24.13208,7.521787,2100
31331,r6i1p1f1,2100,10,13,0.0,21.246262,5.31782,2100
31332,r6i1p1f1,2100,10,14,0.9627099126969999,18.170105,5.413317,2100
31333,r6i1p1f1,2100,10,15,11.994012797888276,16.506844,7.136985,2100
31334,r6i1p1f1,2100,10,16,0.0,24.182209,5.556889,2100
31335,r6i1p1f1,2100,10,17,0.0,29.700083,8.611795,2100
31336,r6i1p1f1,2100,10,18,0.0,29.61513,10.338067,2100
31337,r6i1p1f1,2100,10,19,0.0,28.619637,9.512867,2100
31338,r6i1p1f1,2100,10,20,0.0,28.720253,9.088319,2100
31339,r6i1p1f1,2100,10,21,0.0,31.1408,11.729368,2100
31340,r6i1p1f1,2100,10,22,0.0,31.91593,12.344029,2100
31341,r6i1p1f1,2100,10,23,0.0,31.756773,12.358676,2100
31342,r6i1p1f1,2100,10,24,0.0,30.587023,12.221659,2100
31343,r6i1p1f1,2100,10,25,0.0,29.30154,11.626697,2100
31344,r6i1p1f1,2100,10,26,0.0,29.779762,9.944189,2100
31345,r6i1p1f1,2100,10,27,0.0,30.364231,11.158367,2100
31346,r6i1p1f1,2100,10,28,0.0,27.363035,9.569533,2100
31347,r6i1p1f1,2100,10,29,0.0,22.807096,5.491321,2100
31348,r6i1p1f1,2100,10,30,0.105267387326829,18.930178,2.8770971,2100
31349,r6i1p1f1,2100,10,31,36.45853082461845,16.958649,7.163721,2100
31350,r6i1p1f1,2100,11,01,32.98448777297166,15.255186,8.263085,2100
31351,r6i1p1f1,2100,11,02,59.48006841336028,16.326208,8.083706,2100
31352,r6i1p1f1,2100,11,03,13.707140325461129,15.228301,5.4057436,2100
31353,r6i1p1f1,2100,11,04,0.0,15.277778,1.402577,2100
31354,r6i1p1f1,2100,11,05,1.8042414782734266,13.3349,3.978085,2100
31355,r6i1p1f1,2100,11,06,7.411286254181467,12.989831,5.8698506,2100
31356,r6i1p1f1,2100,11,07,0.0,16.013596,4.6969786,2100
31357,r6i1p1f1,2100,11,08,0.0,18.479582,2.826437,2100
31358,r6i1p1f1,2100,11,09,0.0004348278096737664,18.03223,4.0051637,2100
31359,r6i1p1f1,2100,11,10,0.08301640402199377,16.530336,2.5240326,2100
31360,r6i1p1f1,2100,11,11,26.657081887231495,12.078091,2.0228481,2100
31361,r6i1p1f1,2100,11,12,15.08804202088375,8.403339,-3.9464855,2100
31362,r6i1p1f1,2100,11,13,8.790438529913644,8.719363,-0.5383178,2100
31363,r6i1p1f1,2100,11,14,15.053887300520342,10.960434,2.7365692,2100
31364,r6i1p1f1,2100,11,15,12.263267279573903,10.790276,7.3876443,2100
31365,r6i1p1f1,2100,11,16,16.535713617016025,10.739899,2.1670408,2100
31366,r6i1p1f1,2100,11,17,28.87810712980374,7.306021,-6.591871,2100
31367,r6i1p1f1,2100,11,18,0.0047902606897521,5.10652,-6.514579,2100
31368,r6i1p1f1,2100,11,19,0.07333446975625467,6.9507723,-6.0141697,2100
31369,r6i1p1f1,2100,11,20,0.36602255122094973,7.919783,-3.2569075,2100
31370,r6i1p1f1,2100,11,21,11.799330433068933,8.837454,0.17277484,2100
31371,r6i1p1f1,2100,11,22,43.31811289664353,11.045948,2.3628895,2100
31372,r6i1p1f1,2100,11,23,29.128470663444194,7.592317,-4.910714,2100
31373,r6i1p1f1,2100,11,24,0.6691049168213254,3.6691222,-3.2661245,2100
31374,r6i1p1f1,2100,11,25,0.003024981983597348,5.806986,-6.7274966,2100
31375,r6i1p1f1,2100,11,26,2.1699877659060594,5.221084,-2.1878693,2100
31376,r6i1p1f1,2100,11,27,22.244218838640624,6.2661834,-1.580248,2100
31377,r6i1p1f1,2100,11,28,31.368040943389857,5.9702897,-1.0137228,2100
31378,r6i1p1f1,2100,11,29,7.802128467962469,4.228475,-4.134149,2100
31379,r6i1p1f1,2100,11,30,2.815401295859586,2.9691546,-5.554652,2100
31380,r6i1p1f1,2100,12,01,0.0185068787004274,3.676942,-6.194639,2100
31381,r6i1p1f1,2100,12,02,4.03518534098168,0.6317713,-4.838904,2100
31382,r6i1p1f1,2100,12,03,8.468676185891882,1.4122055,-3.7610648,2100
31383,r6i1p1f1,2100,12,04,22.69572088190901,1.9907594,-4.8244576,2100
31384,r6i1p1f1,2100,12,05,4.83818748310856,3.3097608,-2.6528366,2100
31385,r6i1p1f1,2100,12,06,0.0028976744793346504,3.7694159,-7.99366,2100
31386,r6i1p1f1,2100,12,07,5.261933061920884,2.940156,-3.779379,2100
31387,r6i1p1f1,2100,12,08,16.247011699854635,0.6278647,-6.159363,2100
31388,r6i1p1f1,2100,12,09,0.2897436484084257,4.0398226,-5.2123523,2100
31389,r6i1p1f1,2100,12,10,0.0,4.2075477,-1.1819288,2100
31390,r6i1p1f1,2100,12,11,0.0,10.775552,-3.126009,2100
31391,r6i1p1f1,2100,12,12,0.0,8.993181,-0.6283158,2100
31392,r6i1p1f1,2100,12,13,0.0,12.032896,-1.0842068,2100
31393,r6i1p1f1,2100,12,14,0.009442941935380542,12.61117,2.2308908,2100
31394,r6i1p1f1,2100,12,15,5.496369659409309,9.920895,0.7690434,2100
31395,r6i1p1f1,2100,12,16,0.5434059568391675,6.45619,-0.079647325,2100
31396,r6i1p1f1,2100,12,17,0.07483334394494465,6.669714,-0.48167223,2100
31397,r6i1p1f1,2100,12,18,20.151532820396312,7.4289117,-0.60562253,2100
31398,r6i1p1f1,2100,12,19,0.01526844342293831,12.356603,-1.7869451,2100
31399,r6i1p1f1,2100,12,20,0.0,13.263111,-1.7306427,2100
31400,r6i1p1f1,2100,12,21,0.0,15.230855,-0.47103196,2100
31401,r6i1p1f1,2100,12,22,0.0,13.973506,-0.55935585,2100
31402,r6i1p1f1,2100,12,23,4.4599840312679575,9.194076,1.2000494,2100
31403,r6i1p1f1,2100,12,24,17.735707287509282,12.827481,3.7812223,2100
31404,r6i1p1f1,2100,12,25,31.111283597240696,11.292149,5.9538503,2100
31405,r6i1p1f1,2100,12,26,53.718361490379216,11.677192,6.1420894,2100
31406,r6i1p1f1,2100,12,27,45.843219773008634,11.744361,-0.36218163,2100
31407,r6i1p1f1,2100,12,28,1.9490123167880171,4.300301,-4.370456,2100
31408,r6i1p1f1,2100,12,29,0.7825234986298921,5.1950855,-5.253591,2100
31409,r6i1p1f1,2100,12,30,18.528962978103383,3.9103608,-2.9649234,2100
31410,r6i1p1f1,2100,12,31,15.768955768951074,1.5077386,-5.376072,2100
