index,member_id,Year,Month,Day,Pr (mm),Tasmax (degC),Tasmin (degC),Year
0,r4i1p1f1,1950,01,01,0.0,8.652506,-3.1615133,1950
1,r4i1p1f1,1950,01,02,0.0,9.793758,-1.0647774,1950
2,r4i1p1f1,1950,01,03,0.0,9.873943,-0.7847216,1950
3,r4i1p1f1,1950,01,04,0.0,8.246893,-2.4507153,1950
4,r4i1p1f1,1950,01,05,0.0,7.8685107,-2.7135253,1950
5,r4i1p1f1,1950,01,06,0.0,8.207372,-3.3660548,1950
6,r4i1p1f1,1950,01,07,0.0,7.550939,-1.6847695,1950
7,r4i1p1f1,1950,01,08,47.01771885738708,7.9240537,0.61364275,1950
8,r4i1p1f1,1950,01,09,9.825973400421617,5.605105,-6.042546,1950
9,r4i1p1f1,1950,01,10,6.020724556742607,2.653782,-9.190446,1950
10,r4i1p1f1,1950,01,11,0.0,5.5460744,-7.914272,1950
11,r4i1p1f1,1950,01,12,0.0,1.2599883,-11.007475,1950
12,r4i1p1f1,1950,01,13,0.0,2.9522843,-12.09942,1950
13,r4i1p1f1,1950,01,14,0.0,6.644453,-7.9182,1950
14,r4i1p1f1,1950,01,15,0.0,9.904722,-4.2669916,1950
15,r4i1p1f1,1950,01,16,0.0,9.07968,-4.619773,1950
16,r4i1p1f1,1950,01,17,0.9341776028918503,8.764243,-3.0083258,1950
17,r4i1p1f1,1950,01,18,39.690323263494065,5.16017,-0.630633,1950
18,r4i1p1f1,1950,01,19,35.57043737528147,7.1573954,-5.666572,1950
19,r4i1p1f1,1950,01,20,0.0,1.9628849,-11.585246,1950
20,r4i1p1f1,1950,01,21,0.0,1.1256156,-13.318266,1950
21,r4i1p1f1,1950,01,22,0.0,4.261762,-10.596485,1950
22,r4i1p1f1,1950,01,23,0.0,2.1832888,-8.090832,1950
23,r4i1p1f1,1950,01,24,34.18266416738334,3.8833156,-5.3745756,1950
24,r4i1p1f1,1950,01,25,30.841747581143863,3.7130308,-0.9970462,1950
25,r4i1p1f1,1950,01,26,28.917835704305617,6.39147,-1.7900982,1950
26,r4i1p1f1,1950,01,27,1.3666422888377383,3.0820332,-9.999774,1950
27,r4i1p1f1,1950,01,28,9.385268406720115,7.0460396,-3.5865614,1950
28,r4i1p1f1,1950,01,29,38.090846817794954,6.947474,-4.301342,1950
29,r4i1p1f1,1950,01,30,2.187405026799638,5.487505,-7.256167,1950
30,r4i1p1f1,1950,01,31,22.166791847121203,5.1421847,-4.2106524,1950
31,r4i1p1f1,1950,02,01,0.0,8.163837,-6.978595,1950
32,r4i1p1f1,1950,02,02,0.14741105618725214,9.213336,-3.7157092,1950
33,r4i1p1f1,1950,02,03,0.0,10.871646,-4.354996,1950
34,r4i1p1f1,1950,02,04,0.0,10.799146,-2.6119623,1950
35,r4i1p1f1,1950,02,05,19.693886069217115,6.300293,-0.2514288,1950
36,r4i1p1f1,1950,02,06,6.276991724109848,8.524593,-4.6149206,1950
37,r4i1p1f1,1950,02,07,30.56392494654574,11.711605,0.7707033,1950
38,r4i1p1f1,1950,02,08,42.3803968631546,11.9955635,-0.3845631,1950
39,r4i1p1f1,1950,02,09,0.6632214376452339,6.4354753,-7.9785123,1950
40,r4i1p1f1,1950,02,10,11.487214552971636,10.017683,1.6456532,1950
41,r4i1p1f1,1950,02,11,28.15579227899434,10.118412,2.2073843,1950
42,r4i1p1f1,1950,02,12,38.72851902851835,9.619592,4.544773,1950
43,r4i1p1f1,1950,02,13,16.921595473559137,8.654223,-3.5311103,1950
44,r4i1p1f1,1950,02,14,0.0,10.965368,-4.041383,1950
45,r4i1p1f1,1950,02,15,0.0,11.1001,-3.8864813,1950
46,r4i1p1f1,1950,02,16,0.0,12.097297,-2.0043132,1950
47,r4i1p1f1,1950,02,17,0.0,13.1125555,-0.7761629,1950
48,r4i1p1f1,1950,02,18,0.0,13.2802725,-1.6301391,1950
49,r4i1p1f1,1950,02,19,0.0,13.55067,-0.33810574,1950
50,r4i1p1f1,1950,02,20,0.0,14.174285,-1.5358113,1950
51,r4i1p1f1,1950,02,21,0.0,12.672588,-2.008359,1950
52,r4i1p1f1,1950,02,22,0.0,10.665302,-3.570602,1950
53,r4i1p1f1,1950,02,23,1.068099467124739,2.8831995,-8.711468,1950
54,r4i1p1f1,1950,02,24,0.0,4.17523,-9.33796,1950
55,r4i1p1f1,1950,02,25,10.174424332581111,2.2900352,-9.49716,1950
56,r4i1p1f1,1950,02,26,6.667395702208978e-06,4.1451387,-8.729996,1950
57,r4i1p1f1,1950,02,27,0.015191076317933039,6.843935,-5.6811194,1950
58,r4i1p1f1,1950,02,28,0.0,7.0539894,-7.5302844,1950
59,r4i1p1f1,1950,03,01,0.0,9.89171,-7.0397625,1950
60,r4i1p1f1,1950,03,02,0.0,11.586593,-5.734907,1950
61,r4i1p1f1,1950,03,03,0.0,11.443608,-3.378468,1950
62,r4i1p1f1,1950,03,04,3.8733969798840917,4.664385,-3.2698357,1950
63,r4i1p1f1,1950,03,05,0.005029213934903964,11.971978,0.16036028,1950
64,r4i1p1f1,1950,03,06,0.0,12.669842,-1.6347499,1950
65,r4i1p1f1,1950,03,07,1.4299773277343775,9.718219,1.0287818,1950
66,r4i1p1f1,1950,03,08,0.0,12.858266,3.300201,1950
67,r4i1p1f1,1950,03,09,33.401456681167474,8.986882,0.7290151,1950
68,r4i1p1f1,1950,03,10,45.01236158539541,4.856922,-0.13842991,1950
69,r4i1p1f1,1950,03,11,5.943637949394542,7.2139034,1.7511357,1950
70,r4i1p1f1,1950,03,12,0.04444331092372522,9.130001,-5.1733413,1950
71,r4i1p1f1,1950,03,13,0.09384680104176368,10.004513,-3.0291102,1950
72,r4i1p1f1,1950,03,14,0.0,9.885177,-4.1891227,1950
73,r4i1p1f1,1950,03,15,0.30517832278746937,9.560963,3.2184467,1950
74,r4i1p1f1,1950,03,16,19.51348121801857,8.658615,2.285372,1950
75,r4i1p1f1,1950,03,17,2.976980436061183,8.652436,2.6754646,1950
76,r4i1p1f1,1950,03,18,0.0,14.019907,1.1025114,1950
77,r4i1p1f1,1950,03,19,0.0,12.833187,-2.149726,1950
78,r4i1p1f1,1950,03,20,0.0,12.364369,0.3663247,1950
79,r4i1p1f1,1950,03,21,0.0,14.672455,-0.2825763,1950
80,r4i1p1f1,1950,03,22,0.0,14.356929,-0.23843405,1950
81,r4i1p1f1,1950,03,23,0.0,15.015527,0.12529495,1950
82,r4i1p1f1,1950,03,24,0.0,15.558598,-0.20715904,1950
83,r4i1p1f1,1950,03,25,0.019367388341606784,13.189202,6.3156843,1950
84,r4i1p1f1,1950,03,26,0.10556733057001111,13.487064,3.044147,1950
85,r4i1p1f1,1950,03,27,1.671913456175389,9.067886,-0.11087576,1950
86,r4i1p1f1,1950,03,28,0.0,11.751373,-1.1640512,1950
87,r4i1p1f1,1950,03,29,0.0,12.66581,2.0239737,1950
88,r4i1p1f1,1950,03,30,0.0,11.776396,2.898738,1950
89,r4i1p1f1,1950,03,31,0.0,14.661665,1.0783982,1950
90,r4i1p1f1,1950,04,01,0.0,14.584355,0.20565897,1950
91,r4i1p1f1,1950,04,02,0.0,19.423658,0.9039533,1950
92,r4i1p1f1,1950,04,03,0.0,24.13773,5.5701685,1950
93,r4i1p1f1,1950,04,04,0.0,24.90302,7.5084934,1950
94,r4i1p1f1,1950,04,05,0.0,24.736057,8.544866,1950
95,r4i1p1f1,1950,04,06,0.0,25.442003,7.6445627,1950
96,r4i1p1f1,1950,04,07,0.0,23.304966,7.424189,1950
97,r4i1p1f1,1950,04,08,0.0,19.54652,3.8660862,1950
98,r4i1p1f1,1950,04,09,0.0,19.446476,2.482404,1950
99,r4i1p1f1,1950,04,10,0.0,14.899748,-1.3535523,1950
100,r4i1p1f1,1950,04,11,0.0,14.291556,0.8693402,1950
101,r4i1p1f1,1950,04,12,8.731400734205863,10.67643,0.4525846,1950
102,r4i1p1f1,1950,04,13,1.334589852535828,11.769209,0.048439663,1950
103,r4i1p1f1,1950,04,14,8.285210650558383,7.8292093,-3.8247762,1950
104,r4i1p1f1,1950,04,15,1.1208504334035752,6.1255817,-2.0308988,1950
105,r4i1p1f1,1950,04,16,0.0,10.506188,-2.6242895,1950
106,r4i1p1f1,1950,04,17,0.0,14.899373,0.6921066,1950
107,r4i1p1f1,1950,04,18,0.0,18.427702,2.4111135,1950
108,r4i1p1f1,1950,04,19,0.0,19.28202,3.1371267,1950
109,r4i1p1f1,1950,04,20,0.029455101048370125,18.008045,2.9531507,1950
110,r4i1p1f1,1950,04,21,27.67556181825057,10.89764,0.07266654,1950
111,r4i1p1f1,1950,04,22,0.0,17.03394,2.6177027,1950
112,r4i1p1f1,1950,04,23,0.0,19.59933,4.232416,1950
113,r4i1p1f1,1950,04,24,0.0,23.762041,6.063303,1950
114,r4i1p1f1,1950,04,25,0.0,23.817528,7.6024375,1950
115,r4i1p1f1,1950,04,26,0.17139297829089628,21.855085,6.405232,1950
116,r4i1p1f1,1950,04,27,1.5790297644059592,19.118877,3.9578226,1950
117,r4i1p1f1,1950,04,28,0.0,18.377626,2.966767,1950
118,r4i1p1f1,1950,04,29,0.0,19.277132,3.8673124,1950
119,r4i1p1f1,1950,04,30,0.0,18.838198,2.5834002,1950
120,r4i1p1f1,1950,05,01,0.014846870510609733,12.723546,2.1092594,1950
121,r4i1p1f1,1950,05,02,0.001372846139702233,14.781047,0.9862645,1950
122,r4i1p1f1,1950,05,03,0.0,15.174931,2.3053806,1950
123,r4i1p1f1,1950,05,04,0.0,22.274155,5.701027,1950
124,r4i1p1f1,1950,05,05,0.0,22.930191,5.9627295,1950
125,r4i1p1f1,1950,05,06,0.0,23.567345,8.465847,1950
126,r4i1p1f1,1950,05,07,0.0034451178549943506,19.606049,4.0400834,1950
127,r4i1p1f1,1950,05,08,0.0,23.609175,7.413454,1950
128,r4i1p1f1,1950,05,09,0.0,25.289684,8.269424,1950
129,r4i1p1f1,1950,05,10,0.02949000299850013,23.817574,6.56488,1950
130,r4i1p1f1,1950,05,11,0.0011858916877827141,21.20819,4.299847,1950
131,r4i1p1f1,1950,05,12,0.0,18.771492,3.6467543,1950
132,r4i1p1f1,1950,05,13,0.0,22.026693,4.7452583,1950
133,r4i1p1f1,1950,05,14,0.0,20.02009,3.4861727,1950
134,r4i1p1f1,1950,05,15,0.0,18.468342,2.858943,1950
135,r4i1p1f1,1950,05,16,0.004097951315884529,13.295413,2.0862494,1950
136,r4i1p1f1,1950,05,17,0.0011641179753496544,14.7219715,-1.5437071,1950
137,r4i1p1f1,1950,05,18,29.171699038124643,10.54724,1.2693481,1950
138,r4i1p1f1,1950,05,19,0.991538716289142,7.0593925,1.0142052,1950
139,r4i1p1f1,1950,05,20,0.0,15.689006,-1.0120625,1950
140,r4i1p1f1,1950,05,21,0.02124964703398291,14.620158,2.9507205,1950
141,r4i1p1f1,1950,05,22,0.0,20.584154,3.9206648,1950
142,r4i1p1f1,1950,05,23,3.2401007724047304,15.994378,2.1134553,1950
143,r4i1p1f1,1950,05,24,2.6924726482320693,15.636364,0.33480018,1950
144,r4i1p1f1,1950,05,25,0.5807869638829288,17.480274,3.319143,1950
145,r4i1p1f1,1950,05,26,0.17417057811144332,22.82682,5.976822,1950
146,r4i1p1f1,1950,05,27,0.0,22.796621,6.0678983,1950
147,r4i1p1f1,1950,05,28,0.0,21.532415,5.4250813,1950
148,r4i1p1f1,1950,05,29,0.0,20.813606,5.631214,1950
149,r4i1p1f1,1950,05,30,0.0,20.796013,5.1765704,1950
150,r4i1p1f1,1950,05,31,0.0,20.758171,4.7098994,1950
151,r4i1p1f1,1950,06,01,3.7513012439347904,14.17708,-1.3381251,1950
152,r4i1p1f1,1950,06,02,0.22215388787856227,22.060957,4.346065,1950
153,r4i1p1f1,1950,06,03,0.0,24.244843,7.1227155,1950
154,r4i1p1f1,1950,06,04,0.02010201711755144,25.07447,7.038109,1950
155,r4i1p1f1,1950,06,05,1.1642554777495207,21.750078,6.244462,1950
156,r4i1p1f1,1950,06,06,0.0017953323094843654,18.58508,5.55369,1950
157,r4i1p1f1,1950,06,07,0.0,24.93741,5.852586,1950
158,r4i1p1f1,1950,06,08,0.0,27.949232,8.151046,1950
159,r4i1p1f1,1950,06,09,0.0,29.629948,11.199205,1950
160,r4i1p1f1,1950,06,10,0.0,29.301096,11.973885,1950
161,r4i1p1f1,1950,06,11,0.0,26.515602,9.493545,1950
162,r4i1p1f1,1950,06,12,2.252769936819732,16.036875,4.7506123,1950
163,r4i1p1f1,1950,06,13,0.5195876856191717,19.647696,4.9365463,1950
164,r4i1p1f1,1950,06,14,0.0,22.97335,5.6207743,1950
165,r4i1p1f1,1950,06,15,0.0,22.445522,6.250805,1950
166,r4i1p1f1,1950,06,16,0.0,20.654217,9.373829,1950
167,r4i1p1f1,1950,06,17,0.5774425317213172,16.958113,6.6646385,1950
168,r4i1p1f1,1950,06,18,0.0,26.769354,7.477116,1950
169,r4i1p1f1,1950,06,19,0.0,28.401428,9.940929,1950
170,r4i1p1f1,1950,06,20,0.0,27.900635,9.926496,1950
171,r4i1p1f1,1950,06,21,0.0,27.90104,9.570193,1950
172,r4i1p1f1,1950,06,22,0.0,31.991978,11.865513,1950
173,r4i1p1f1,1950,06,23,0.0,34.30723,15.288598,1950
174,r4i1p1f1,1950,06,24,0.0,34.4124,16.235212,1950
175,r4i1p1f1,1950,06,25,0.0,33.709026,15.557761,1950
176,r4i1p1f1,1950,06,26,0.0,31.365988,13.054028,1950
177,r4i1p1f1,1950,06,27,0.0,29.562263,11.323185,1950
178,r4i1p1f1,1950,06,28,0.0,31.654663,12.6019945,1950
179,r4i1p1f1,1950,06,29,0.0,33.538197,15.182729,1950
180,r4i1p1f1,1950,06,30,0.0,32.992992,14.253625,1950
181,r4i1p1f1,1950,07,01,0.0,31.390594,11.102005,1950
182,r4i1p1f1,1950,07,02,0.0,28.357067,9.446713,1950
183,r4i1p1f1,1950,07,03,0.0,33.29751,12.2124,1950
184,r4i1p1f1,1950,07,04,0.0,34.664875,13.967111,1950
185,r4i1p1f1,1950,07,05,0.0,34.448616,14.388062,1950
186,r4i1p1f1,1950,07,06,0.0,30.802124,10.534856,1950
187,r4i1p1f1,1950,07,07,0.0,24.645763,6.654731,1950
188,r4i1p1f1,1950,07,08,0.0,27.96056,7.961111,1950
189,r4i1p1f1,1950,07,09,0.0,35.23034,14.3894415,1950
190,r4i1p1f1,1950,07,10,0.0,35.025642,14.872184,1950
191,r4i1p1f1,1950,07,11,0.0,33.51319,12.985536,1950
192,r4i1p1f1,1950,07,12,0.0,32.215115,12.107657,1950
193,r4i1p1f1,1950,07,13,0.0,32.057674,11.806138,1950
194,r4i1p1f1,1950,07,14,0.0,32.10796,11.787551,1950
195,r4i1p1f1,1950,07,15,0.0,30.648476,10.723368,1950
196,r4i1p1f1,1950,07,16,0.0,29.250221,9.781751,1950
197,r4i1p1f1,1950,07,17,0.0,30.490927,10.232876,1950
198,r4i1p1f1,1950,07,18,0.0,32.50689,12.548314,1950
199,r4i1p1f1,1950,07,19,0.0,33.13463,13.390873,1950
200,r4i1p1f1,1950,07,20,0.0,32.861057,12.891994,1950
201,r4i1p1f1,1950,07,21,0.0,32.213535,13.767911,1950
202,r4i1p1f1,1950,07,22,0.0,30.803719,12.699606,1950
203,r4i1p1f1,1950,07,23,0.0,29.983616,10.3081,1950
204,r4i1p1f1,1950,07,24,0.0,27.337276,8.971709,1950
205,r4i1p1f1,1950,07,25,0.0,28.847734,9.615375,1950
206,r4i1p1f1,1950,07,26,0.0,28.651894,9.235775,1950
207,r4i1p1f1,1950,07,27,0.0,26.682194,7.586431,1950
208,r4i1p1f1,1950,07,28,0.0,28.912136,9.200496,1950
209,r4i1p1f1,1950,07,29,0.0,32.760838,12.582781,1950
210,r4i1p1f1,1950,07,30,0.0,34.389145,14.2535925,1950
211,r4i1p1f1,1950,07,31,0.0,34.61795,14.644765,1950
212,r4i1p1f1,1950,08,01,0.0,33.783638,14.203411,1950
213,r4i1p1f1,1950,08,02,0.0,36.320156,15.906762,1950
214,r4i1p1f1,1950,08,03,0.0,36.29752,16.1054,1950
215,r4i1p1f1,1950,08,04,0.0,33.57758,14.104772,1950
216,r4i1p1f1,1950,08,05,0.0,30.792673,12.978008,1950
217,r4i1p1f1,1950,08,06,0.0,32.3206,14.006428,1950
218,r4i1p1f1,1950,08,07,0.0,33.96782,14.676815,1950
219,r4i1p1f1,1950,08,08,0.0,33.660133,14.681024,1950
220,r4i1p1f1,1950,08,09,0.0,29.232666,9.19715,1950
221,r4i1p1f1,1950,08,10,0.0,26.741713,7.261053,1950
222,r4i1p1f1,1950,08,11,0.0,27.396568,8.991984,1950
223,r4i1p1f1,1950,08,12,0.0,27.06091,9.07308,1950
224,r4i1p1f1,1950,08,13,0.0,28.115335,7.7618866,1950
225,r4i1p1f1,1950,08,14,0.0,32.097042,12.004055,1950
226,r4i1p1f1,1950,08,15,0.0,36.45221,15.049632,1950
227,r4i1p1f1,1950,08,16,0.0,36.038982,16.375912,1950
228,r4i1p1f1,1950,08,17,0.0,34.13675,15.058041,1950
229,r4i1p1f1,1950,08,18,0.0,30.016676,11.4522,1950
230,r4i1p1f1,1950,08,19,0.0,29.671396,11.223511,1950
231,r4i1p1f1,1950,08,20,0.0,30.173737,13.315168,1950
232,r4i1p1f1,1950,08,21,0.009469135056860978,30.835869,13.464734,1950
233,r4i1p1f1,1950,08,22,5.02977098570625,31.26464,14.106148,1950
234,r4i1p1f1,1950,08,23,0.0,28.1514,11.892821,1950
235,r4i1p1f1,1950,08,24,0.0,29.459682,11.744148,1950
236,r4i1p1f1,1950,08,25,0.0,34.690964,14.43813,1950
237,r4i1p1f1,1950,08,26,0.0,36.15645,17.432573,1950
238,r4i1p1f1,1950,08,27,0.0,35.978672,17.012007,1950
239,r4i1p1f1,1950,08,28,0.0,36.51701,17.744755,1950
240,r4i1p1f1,1950,08,29,0.0,35.85868,16.29641,1950
241,r4i1p1f1,1950,08,30,0.0,34.311783,15.122096,1950
242,r4i1p1f1,1950,08,31,0.0,33.70635,13.224507,1950
243,r4i1p1f1,1950,09,01,0.0,33.68881,15.594639,1950
244,r4i1p1f1,1950,09,02,0.0,32.75496,14.676993,1950
245,r4i1p1f1,1950,09,03,0.0,32.46377,14.154464,1950
246,r4i1p1f1,1950,09,04,0.0,29.794603,11.533077,1950
247,r4i1p1f1,1950,09,05,0.0,28.238258,10.06332,1950
248,r4i1p1f1,1950,09,06,0.0,26.958246,10.194886,1950
249,r4i1p1f1,1950,09,07,0.0,25.17974,6.183793,1950
250,r4i1p1f1,1950,09,08,0.0,27.95376,7.5154514,1950
251,r4i1p1f1,1950,09,09,0.0,31.156578,11.787352,1950
252,r4i1p1f1,1950,09,10,0.0,30.605034,11.680455,1950
253,r4i1p1f1,1950,09,11,0.0,26.493261,7.2530203,1950
254,r4i1p1f1,1950,09,12,0.0,27.433418,10.559376,1950
255,r4i1p1f1,1950,09,13,0.0,27.390898,9.553705,1950
256,r4i1p1f1,1950,09,14,0.0,24.869196,8.615631,1950
257,r4i1p1f1,1950,09,15,0.0,24.877783,5.9283266,1950
258,r4i1p1f1,1950,09,16,0.0,29.899027,10.833436,1950
259,r4i1p1f1,1950,09,17,0.0,29.590813,10.283866,1950
260,r4i1p1f1,1950,09,18,0.0,30.444197,11.182648,1950
261,r4i1p1f1,1950,09,19,0.0,30.589987,11.432699,1950
262,r4i1p1f1,1950,09,20,0.0,29.812853,10.71935,1950
263,r4i1p1f1,1950,09,21,0.0,29.82563,10.049517,1950
264,r4i1p1f1,1950,09,22,0.0,30.088005,10.507971,1950
265,r4i1p1f1,1950,09,23,0.0,27.219503,9.251032,1950
266,r4i1p1f1,1950,09,24,0.015171261316027085,23.14385,6.049946,1950
267,r4i1p1f1,1950,09,25,0.0,20.979094,6.0768986,1950
268,r4i1p1f1,1950,09,26,0.0,24.73603,6.063624,1950
269,r4i1p1f1,1950,09,27,0.0,24.217,7.757659,1950
270,r4i1p1f1,1950,09,28,0.0,24.539639,7.725514,1950
271,r4i1p1f1,1950,09,29,0.0,25.197,6.9800406,1950
272,r4i1p1f1,1950,09,30,0.0,25.345808,7.6779165,1950
273,r4i1p1f1,1950,10,01,0.008935502773965709,22.66097,6.354725,1950
274,r4i1p1f1,1950,10,02,1.040847465509387,14.166881,1.7284436,1950
275,r4i1p1f1,1950,10,03,0.1561009738196617,11.719965,0.2878986,1950
276,r4i1p1f1,1950,10,04,0.0,13.415084,2.5149815,1950
277,r4i1p1f1,1950,10,05,0.0,13.708197,0.044923358,1950
278,r4i1p1f1,1950,10,06,0.006791810881168203,16.75899,2.6687284,1950
279,r4i1p1f1,1950,10,07,0.0,17.68011,0.40735564,1950
280,r4i1p1f1,1950,10,08,0.0,21.797129,3.4193234,1950
281,r4i1p1f1,1950,10,09,0.0,25.410786,5.566785,1950
282,r4i1p1f1,1950,10,10,0.0,25.87828,6.6346564,1950
283,r4i1p1f1,1950,10,11,0.0,23.867311,7.332377,1950
284,r4i1p1f1,1950,10,12,0.0,25.234789,6.9835687,1950
285,r4i1p1f1,1950,10,13,0.0,28.44693,8.785436,1950
286,r4i1p1f1,1950,10,14,0.0,27.89177,9.771015,1950
287,r4i1p1f1,1950,10,15,0.0,26.133781,9.948345,1950
288,r4i1p1f1,1950,10,16,0.0,25.283699,10.275909,1950
289,r4i1p1f1,1950,10,17,1.020245768555128,26.976147,13.686024,1950
290,r4i1p1f1,1950,10,18,0.0,28.904615,13.359014,1950
291,r4i1p1f1,1950,10,19,0.5078026327282714,26.504093,13.397284,1950
292,r4i1p1f1,1950,10,20,2.2103398694012455,25.717136,12.798213,1950
293,r4i1p1f1,1950,10,21,17.285856899616192,18.514843,9.2474575,1950
294,r4i1p1f1,1950,10,22,4.108063770621584,20.75134,8.5764675,1950
295,r4i1p1f1,1950,10,23,7.289812053440414,22.070822,8.987398,1950
296,r4i1p1f1,1950,10,24,0.7122910041289288,21.466562,7.3389945,1950
297,r4i1p1f1,1950,10,25,3.7175114791523356,19.857676,7.7246304,1950
298,r4i1p1f1,1950,10,26,50.67346888026805,15.784611,8.1556425,1950
299,r4i1p1f1,1950,10,27,66.57194510044064,14.062958,8.335329,1950
300,r4i1p1f1,1950,10,28,50.461280041054124,13.006032,6.675637,1950
301,r4i1p1f1,1950,10,29,49.71245476626791,12.54285,4.516587,1950
302,r4i1p1f1,1950,10,30,9.22691297213305,9.531972,1.4191837,1950
303,r4i1p1f1,1950,10,31,0.0914678790650214,12.191593,0.16974974,1950
304,r4i1p1f1,1950,11,01,0.0,12.425755,1.1640644,1950
305,r4i1p1f1,1950,11,02,0.0,15.164776,2.7291164,1950
306,r4i1p1f1,1950,11,03,0.0,18.04877,5.138586,1950
307,r4i1p1f1,1950,11,04,0.0,17.490892,5.087702,1950
308,r4i1p1f1,1950,11,05,0.0,19.747839,4.50968,1950
309,r4i1p1f1,1950,11,06,0.0,18.549702,5.4840946,1950
310,r4i1p1f1,1950,11,07,0.0,16.476496,4.148424,1950
311,r4i1p1f1,1950,11,08,0.0,16.00774,3.312721,1950
312,r4i1p1f1,1950,11,09,0.0,15.409629,2.7808647,1950
313,r4i1p1f1,1950,11,10,0.0,15.020924,2.1718419,1950
314,r4i1p1f1,1950,11,11,0.0,15.228295,3.4372225,1950
315,r4i1p1f1,1950,11,12,0.0,14.1453285,2.4233828,1950
316,r4i1p1f1,1950,11,13,0.0,13.706824,2.3328633,1950
317,r4i1p1f1,1950,11,14,17.9952221824351,13.51082,7.2181187,1950
318,r4i1p1f1,1950,11,15,9.647909742625416,11.88582,3.850012,1950
319,r4i1p1f1,1950,11,16,0.3769510398115017,9.764779,1.5710292,1950
320,r4i1p1f1,1950,11,17,1.85921215312419,8.725091,2.7171555,1950
321,r4i1p1f1,1950,11,18,15.612020534990734,9.317094,2.291112,1950
322,r4i1p1f1,1950,11,19,2.6070141027183524,10.567546,2.6822104,1950
323,r4i1p1f1,1950,11,20,0.0,11.238498,-1.1120797,1950
324,r4i1p1f1,1950,11,21,0.0,12.954854,0.4249869,1950
325,r4i1p1f1,1950,11,22,0.0,12.8969555,-0.043993156,1950
326,r4i1p1f1,1950,11,23,0.0033779416980905808,14.882255,2.7237604,1950
327,r4i1p1f1,1950,11,24,0.0,14.331207,2.3549135,1950
328,r4i1p1f1,1950,11,25,0.0,15.582633,1.3941388,1950
329,r4i1p1f1,1950,11,26,0.0,13.167384,1.818192,1950
330,r4i1p1f1,1950,11,27,0.011148418491302436,13.748367,1.9824579,1950
331,r4i1p1f1,1950,11,28,0.36387639479471545,15.561527,5.3058305,1950
332,r4i1p1f1,1950,11,29,6.1934654704373315,14.198147,5.957546,1950
333,r4i1p1f1,1950,11,30,0.0,19.37881,7.717124,1950
334,r4i1p1f1,1950,12,01,0.0,17.145164,6.3349133,1950
335,r4i1p1f1,1950,12,02,0.0,15.640782,5.4220486,1950
336,r4i1p1f1,1950,12,03,0.0,15.349067,5.300245,1950
337,r4i1p1f1,1950,12,04,14.860158037481597,15.653453,7.776036,1950
338,r4i1p1f1,1950,12,05,22.502501503913663,14.056277,2.3705764,1950
339,r4i1p1f1,1950,12,06,0.0,8.4724,-0.6377628,1950
340,r4i1p1f1,1950,12,07,0.0,9.60122,-0.32641733,1950
341,r4i1p1f1,1950,12,08,0.10186924515664941,9.251512,3.4486754,1950
342,r4i1p1f1,1950,12,09,0.0,12.967635,1.5647948,1950
343,r4i1p1f1,1950,12,10,0.0,13.759188,1.8676957,1950
344,r4i1p1f1,1950,12,11,0.0,13.984556,2.222413,1950
345,r4i1p1f1,1950,12,12,0.0,14.531445,1.90652,1950
346,r4i1p1f1,1950,12,13,0.0,15.292958,2.6077445,1950
347,r4i1p1f1,1950,12,14,0.0,15.848539,2.3180585,1950
348,r4i1p1f1,1950,12,15,0.0,15.514762,3.737951,1950
349,r4i1p1f1,1950,12,16,0.0,13.751141,2.2911365,1950
350,r4i1p1f1,1950,12,17,0.05889134868084511,11.846203,0.83778805,1950
351,r4i1p1f1,1950,12,18,0.0,11.406924,2.1748018,1950
352,r4i1p1f1,1950,12,19,0.0,12.247203,0.84141266,1950
353,r4i1p1f1,1950,12,20,7.469565367864561,10.31533,0.11471149,1950
354,r4i1p1f1,1950,12,21,9.250327914412537,5.922373,-0.19280767,1950
355,r4i1p1f1,1950,12,22,0.0,6.666315,-2.8823986,1950
356,r4i1p1f1,1950,12,23,5.0479338170816845,6.2971835,0.21520837,1950
357,r4i1p1f1,1950,12,24,0.14903235214660526,7.70549,0.43214333,1950
358,r4i1p1f1,1950,12,25,11.01744667300295,6.8501916,0.42595318,1950
359,r4i1p1f1,1950,12,26,37.078460588963935,10.306605,1.3579984,1950
360,r4i1p1f1,1950,12,27,15.209342387788638,8.746564,-0.870494,1950
361,r4i1p1f1,1950,12,28,42.64381299581146,5.8786716,-1.5566063,1950
362,r4i1p1f1,1950,12,29,36.059656308498234,8.171125,2.019657,1950
363,r4i1p1f1,1950,12,30,0.6986196509018328,4.3057437,-6.779843,1950
364,r4i1p1f1,1950,12,31,22.164564094418893,5.701498,-2.4712863,1950
365,r4i1p1f1,1951,01,01,40.45759016480588,10.72495,1.0629425,1951
366,r4i1p1f1,1951,01,02,0.0,9.041454,0.8978725,1951
367,r4i1p1f1,1951,01,03,24.439866415559663,9.842585,1.0163474,1951
368,r4i1p1f1,1951,01,04,7.983635421504687,4.5391493,-4.892605,1951
369,r4i1p1f1,1951,01,05,0.0,4.982612,-6.7767854,1951
370,r4i1p1f1,1951,01,06,0.019685146799020004,9.083706,-0.24689357,1951
371,r4i1p1f1,1951,01,07,0.0,10.369792,-0.4796309,1951
372,r4i1p1f1,1951,01,08,0.0,11.879685,-0.14309958,1951
373,r4i1p1f1,1951,01,09,0.0,11.263712,-0.7946778,1951
374,r4i1p1f1,1951,01,10,0.0,11.472838,-0.17499484,1951
375,r4i1p1f1,1951,01,11,0.0,10.681428,-1.0839773,1951
376,r4i1p1f1,1951,01,12,0.0,10.439638,-1.2934747,1951
377,r4i1p1f1,1951,01,13,0.0,10.992857,-0.008667575,1951
378,r4i1p1f1,1951,01,14,0.0,11.866287,-0.029823145,1951
379,r4i1p1f1,1951,01,15,0.0,11.6478,-0.11966218,1951
380,r4i1p1f1,1951,01,16,0.04062281230972076,9.007898,0.8073075,1951
381,r4i1p1f1,1951,01,17,0.0,9.872038,0.13859278,1951
382,r4i1p1f1,1951,01,18,2.133713062858078,10.071736,0.6093516,1951
383,r4i1p1f1,1951,01,19,6.896332986980269,12.273494,3.5335145,1951
384,r4i1p1f1,1951,01,20,0.0,14.261941,3.3044133,1951
385,r4i1p1f1,1951,01,21,5.693144896508784,12.821904,2.0774581,1951
386,r4i1p1f1,1951,01,22,0.0,13.730177,3.0469503,1951
387,r4i1p1f1,1951,01,23,0.14591724047932075,12.351978,4.3839126,1951
388,r4i1p1f1,1951,01,24,0.34262468811334656,14.348072,4.1461425,1951
389,r4i1p1f1,1951,01,25,0.0,15.310222,2.5206342,1951
390,r4i1p1f1,1951,01,26,0.0,15.584788,2.4952085,1951
391,r4i1p1f1,1951,01,27,0.0,15.15489,2.9276457,1951
392,r4i1p1f1,1951,01,28,0.0,15.023309,2.2260752,1951
393,r4i1p1f1,1951,01,29,18.934250029633404,14.307704,2.4660022,1951
394,r4i1p1f1,1951,01,30,0.0,12.142337,0.8813622,1951
395,r4i1p1f1,1951,01,31,0.0,12.225804,0.43995264,1951
396,r4i1p1f1,1951,02,01,0.07332018421948305,8.333243,1.1092858,1951
397,r4i1p1f1,1951,02,02,3.35819988511048,7.546447,-4.9598155,1951
398,r4i1p1f1,1951,02,03,0.007087103972480691,3.5628874,-8.954792,1951
399,r4i1p1f1,1951,02,04,0.0,4.4500217,-8.782369,1951
400,r4i1p1f1,1951,02,05,0.0,4.551138,-5.759792,1951
401,r4i1p1f1,1951,02,06,0.00043313996229699114,6.750019,-3.8924837,1951
402,r4i1p1f1,1951,02,07,0.0,9.493801,-2.2229586,1951
403,r4i1p1f1,1951,02,08,3.3498703209147607,9.462519,-1.4992583,1951
404,r4i1p1f1,1951,02,09,39.43196783966414,8.145452,-4.723239,1951
405,r4i1p1f1,1951,02,10,0.0,8.293621,-4.138002,1951
406,r4i1p1f1,1951,02,11,0.0,11.565617,-3.0057864,1951
407,r4i1p1f1,1951,02,12,0.0,12.968183,1.8873245,1951
408,r4i1p1f1,1951,02,13,8.111424613844065,9.383789,0.16524485,1951
409,r4i1p1f1,1951,02,14,13.419428466295358,9.105472,2.8724692,1951
410,r4i1p1f1,1951,02,15,48.60864472721005,13.677128,1.851142,1951
411,r4i1p1f1,1951,02,16,7.536401128299985,9.042824,-3.1710825,1951
412,r4i1p1f1,1951,02,17,0.0,8.15121,-3.0389905,1951
413,r4i1p1f1,1951,02,18,9.949410099261513,5.66496,-2.6358485,1951
414,r4i1p1f1,1951,02,19,0.002075830434478121,6.9458184,-5.882766,1951
415,r4i1p1f1,1951,02,20,4.8538581464072195,2.5332031,-7.257902,1951
416,r4i1p1f1,1951,02,21,12.197376939366222,4.6021633,-3.901117,1951
417,r4i1p1f1,1951,02,22,8.543708338879696,8.405438,0.86925673,1951
418,r4i1p1f1,1951,02,23,0.0,13.208172,-0.1363119,1951
419,r4i1p1f1,1951,02,24,0.0,12.623514,-0.35767925,1951
420,r4i1p1f1,1951,02,25,1.3635170565748922,9.917109,-0.035158105,1951
421,r4i1p1f1,1951,02,26,17.580458695647394,8.187483,1.86569,1951
422,r4i1p1f1,1951,02,27,18.60634350583723,11.764627,1.6004431,1951
423,r4i1p1f1,1951,02,28,3.7437665486095284,9.668941,1.4525697,1951
424,r4i1p1f1,1951,03,01,0.0,13.110137,0.20814842,1951
425,r4i1p1f1,1951,03,02,1.6964853842580396,10.235588,-0.6990993,1951
426,r4i1p1f1,1951,03,03,18.651212477811896,9.032688,2.9141614,1951
427,r4i1p1f1,1951,03,04,0.0,10.059321,4.545018,1951
428,r4i1p1f1,1951,03,05,0.0,10.081022,4.617761,1951
429,r4i1p1f1,1951,03,06,0.0,14.624725,2.5489588,1951
430,r4i1p1f1,1951,03,07,20.657294137845383,11.809375,3.1736498,1951
431,r4i1p1f1,1951,03,08,21.726226828832296,10.339216,1.458509,1951
432,r4i1p1f1,1951,03,09,2.00460024000364,9.60855,-2.108249,1951
433,r4i1p1f1,1951,03,10,0.9348040009911074,8.6943245,-4.160384,1951
434,r4i1p1f1,1951,03,11,3.380261236759452,7.3865457,1.9715674,1951
435,r4i1p1f1,1951,03,12,11.89732025613921,7.548914,2.7284143,1951
436,r4i1p1f1,1951,03,13,8.085055163314792,7.8894935,-5.684474,1951
437,r4i1p1f1,1951,03,14,0.0,12.1945095,-0.89834446,1951
438,r4i1p1f1,1951,03,15,0.0,12.896757,1.093149,1951
439,r4i1p1f1,1951,03,16,4.049775406994627,11.359831,4.131714,1951
440,r4i1p1f1,1951,03,17,0.0,14.566135,0.13433658,1951
441,r4i1p1f1,1951,03,18,0.0,16.493618,0.6944158,1951
442,r4i1p1f1,1951,03,19,0.0,17.542332,0.8954028,1951
443,r4i1p1f1,1951,03,20,0.003042179389467492,17.300562,3.2823117,1951
444,r4i1p1f1,1951,03,21,11.441091302549466,12.2485895,1.3802509,1951
445,r4i1p1f1,1951,03,22,9.331822485000885,7.914933,-5.0547037,1951
446,r4i1p1f1,1951,03,23,0.0,7.0719957,-1.8191098,1951
447,r4i1p1f1,1951,03,24,7.907641933070408,3.8990974,-1.7620627,1951
448,r4i1p1f1,1951,03,25,0.0,12.400362,-1.1587412,1951
449,r4i1p1f1,1951,03,26,0.0,15.233887,0.09102678,1951
450,r4i1p1f1,1951,03,27,0.0,19.271873,2.2619905,1951
451,r4i1p1f1,1951,03,28,0.0,18.792921,3.4557972,1951
452,r4i1p1f1,1951,03,29,0.0,20.660553,4.8516665,1951
453,r4i1p1f1,1951,03,30,0.0,20.078732,4.5228605,1951
454,r4i1p1f1,1951,03,31,0.0,17.884094,4.3744354,1951
455,r4i1p1f1,1951,04,01,0.45243174913593975,15.41362,1.2083435,1951
456,r4i1p1f1,1951,04,02,17.54937079440424,9.601017,-0.9693568,1951
457,r4i1p1f1,1951,04,03,0.0014724705252433523,11.064586,-1.5377108,1951
458,r4i1p1f1,1951,04,04,0.0,13.74312,2.492203,1951
459,r4i1p1f1,1951,04,05,0.0,18.73756,2.2785807,1951
460,r4i1p1f1,1951,04,06,0.0,20.106543,5.1232224,1951
461,r4i1p1f1,1951,04,07,0.640274365946425,17.53968,1.2618506,1951
462,r4i1p1f1,1951,04,08,0.0,20.285566,4.6298237,1951
463,r4i1p1f1,1951,04,09,0.0,21.068352,2.4843419,1951
464,r4i1p1f1,1951,04,10,0.0,22.464586,3.9419878,1951
465,r4i1p1f1,1951,04,11,0.0,22.531086,5.606283,1951
466,r4i1p1f1,1951,04,12,0.0,23.285795,5.50266,1951
467,r4i1p1f1,1951,04,13,0.0,24.726677,7.9947248,1951
468,r4i1p1f1,1951,04,14,0.0,25.040367,8.099566,1951
469,r4i1p1f1,1951,04,15,0.0,24.112104,7.1191278,1951
470,r4i1p1f1,1951,04,16,0.05801869508559321,14.871928,2.749399,1951
471,r4i1p1f1,1951,04,17,2.801419593316723,12.127627,-1.4425945,1951
472,r4i1p1f1,1951,04,18,7.837224426722855,5.9058995,-4.0964894,1951
473,r4i1p1f1,1951,04,19,0.0,10.498295,-3.2445366,1951
474,r4i1p1f1,1951,04,20,0.0,16.913248,0.5642962,1951
475,r4i1p1f1,1951,04,21,0.0,19.312407,2.0678053,1951
476,r4i1p1f1,1951,04,22,0.0,20.847616,3.1053522,1951
477,r4i1p1f1,1951,04,23,0.0,23.633915,5.473625,1951
478,r4i1p1f1,1951,04,24,0.0,23.2119,5.5524564,1951
479,r4i1p1f1,1951,04,25,0.0,21.795593,2.7779024,1951
480,r4i1p1f1,1951,04,26,10.670826099875796,6.4056964,-1.6364125,1951
481,r4i1p1f1,1951,04,27,10.361893463232263,7.1325183,-2.0033593,1951
482,r4i1p1f1,1951,04,28,0.0,17.252068,1.9634433,1951
483,r4i1p1f1,1951,04,29,0.5257965330201841,21.058355,3.5451367,1951
484,r4i1p1f1,1951,04,30,0.0,24.838448,8.6609125,1951
485,r4i1p1f1,1951,05,01,0.0,25.473446,9.14567,1951
486,r4i1p1f1,1951,05,02,0.6321558742456546,24.407167,9.761522,1951
487,r4i1p1f1,1951,05,03,0.28826269444834907,27.528494,10.804576,1951
488,r4i1p1f1,1951,05,04,18.661085191001803,20.005144,4.411872,1951
489,r4i1p1f1,1951,05,05,0.7972247946554489,24.335413,8.515327,1951
490,r4i1p1f1,1951,05,06,0.0,25.865225,10.498191,1951
491,r4i1p1f1,1951,05,07,0.0,25.562431,10.003208,1951
492,r4i1p1f1,1951,05,08,0.0,23.522015,7.5382648,1951
493,r4i1p1f1,1951,05,09,0.0,22.9564,7.690734,1951
494,r4i1p1f1,1951,05,10,0.0,19.43804,3.9460535,1951
495,r4i1p1f1,1951,05,11,0.0,18.793095,2.8768415,1951
496,r4i1p1f1,1951,05,12,0.0,19.077438,3.3628035,1951
497,r4i1p1f1,1951,05,13,0.0,19.334745,2.5465918,1951
498,r4i1p1f1,1951,05,14,0.0,21.10105,5.6227074,1951
499,r4i1p1f1,1951,05,15,0.0,23.660894,7.2777762,1951
500,r4i1p1f1,1951,05,16,0.0,21.47821,7.3684406,1951
501,r4i1p1f1,1951,05,17,0.11717540037352592,17.080023,9.76688,1951
502,r4i1p1f1,1951,05,18,8.394080020218553,13.833117,2.7381523,1951
503,r4i1p1f1,1951,05,19,13.14839647171766,11.427731,-0.40775904,1951
504,r4i1p1f1,1951,05,20,0.0,15.16534,2.507844,1951
505,r4i1p1f1,1951,05,21,0.0,17.464285,5.1140304,1951
506,r4i1p1f1,1951,05,22,1.1035643387913296,15.540427,3.824874,1951
507,r4i1p1f1,1951,05,23,23.19797197378648,13.990452,0.9499109,1951
508,r4i1p1f1,1951,05,24,1.0572732391210593,17.930792,3.772027,1951
509,r4i1p1f1,1951,05,25,0.0,24.119307,7.178922,1951
510,r4i1p1f1,1951,05,26,0.7318946994018916,20.685371,4.1212792,1951
511,r4i1p1f1,1951,05,27,1.386605335119384,20.877785,5.0407825,1951
512,r4i1p1f1,1951,05,28,5.229311789895519,16.868309,2.283283,1951
513,r4i1p1f1,1951,05,29,2.2251002009966214,17.407852,6.1179166,1951
514,r4i1p1f1,1951,05,30,0.0,20.01153,10.9475975,1951
515,r4i1p1f1,1951,05,31,0.0668318999373696,21.061897,11.121455,1951
516,r4i1p1f1,1951,06,01,3.2447779117035225,17.045296,5.6039386,1951
517,r4i1p1f1,1951,06,02,0.256084522538913,21.431662,6.622016,1951
518,r4i1p1f1,1951,06,03,0.0,22.851954,7.734303,1951
519,r4i1p1f1,1951,06,04,0.0471295626994106,19.047804,4.771977,1951
520,r4i1p1f1,1951,06,05,0.3162915652268339,15.076686,6.578481,1951
521,r4i1p1f1,1951,06,06,0.0,18.067076,3.120991,1951
522,r4i1p1f1,1951,06,07,0.7384567216661253,20.66027,5.4274716,1951
523,r4i1p1f1,1951,06,08,0.0018125397332369175,24.417116,9.144354,1951
524,r4i1p1f1,1951,06,09,0.0,26.605885,10.76717,1951
525,r4i1p1f1,1951,06,10,0.0,27.837027,11.025585,1951
526,r4i1p1f1,1951,06,11,0.13331736199688748,27.636602,10.410984,1951
527,r4i1p1f1,1951,06,12,1.4268698943283198,23.742655,6.28549,1951
528,r4i1p1f1,1951,06,13,0.000376215317032802,25.708506,8.64867,1951
529,r4i1p1f1,1951,06,14,0.0,27.385872,8.825057,1951
530,r4i1p1f1,1951,06,15,0.0,27.928062,10.294455,1951
531,r4i1p1f1,1951,06,16,0.0,27.561459,10.518173,1951
532,r4i1p1f1,1951,06,17,0.001707284536678344,26.781654,9.250819,1951
533,r4i1p1f1,1951,06,18,0.0,22.162987,6.2712383,1951
534,r4i1p1f1,1951,06,19,0.0,25.516705,8.896373,1951
535,r4i1p1f1,1951,06,20,1.049733168383682,26.048845,9.521847,1951
536,r4i1p1f1,1951,06,21,0.0037788555346196517,26.244072,7.924361,1951
537,r4i1p1f1,1951,06,22,0.17114896872953977,29.262346,10.092926,1951
538,r4i1p1f1,1951,06,23,0.017304755328950705,28.057207,11.592836,1951
539,r4i1p1f1,1951,06,24,0.0041664135778773925,26.13649,9.140714,1951
540,r4i1p1f1,1951,06,25,0.0,25.628769,9.000744,1951
541,r4i1p1f1,1951,06,26,0.0,28.415588,10.182138,1951
542,r4i1p1f1,1951,06,27,0.0,30.320082,11.249564,1951
543,r4i1p1f1,1951,06,28,0.0,30.870731,12.502406,1951
544,r4i1p1f1,1951,06,29,0.0,30.958239,13.524005,1951
545,r4i1p1f1,1951,06,30,0.0,25.336376,10.529987,1951
546,r4i1p1f1,1951,07,01,0.0,23.402216,7.1665945,1951
547,r4i1p1f1,1951,07,02,0.14881270180922002,24.687273,9.303156,1951
548,r4i1p1f1,1951,07,03,0.8885987521352945,27.969385,11.067615,1951
549,r4i1p1f1,1951,07,04,0.02276377495036286,25.346468,8.7030945,1951
550,r4i1p1f1,1951,07,05,0.0,29.306284,10.055506,1951
551,r4i1p1f1,1951,07,06,0.0,31.602509,11.5530615,1951
552,r4i1p1f1,1951,07,07,0.0,33.863304,12.867779,1951
553,r4i1p1f1,1951,07,08,0.0,34.450844,14.2086525,1951
554,r4i1p1f1,1951,07,09,0.0,35.931362,15.528091,1951
555,r4i1p1f1,1951,07,10,0.0,35.83512,16.182762,1951
556,r4i1p1f1,1951,07,11,0.0,33.71962,14.596317,1951
557,r4i1p1f1,1951,07,12,0.0,30.936384,11.822908,1951
558,r4i1p1f1,1951,07,13,0.0,30.652649,11.212872,1951
559,r4i1p1f1,1951,07,14,0.0,26.109768,9.820685,1951
560,r4i1p1f1,1951,07,15,0.0,24.885094,8.940968,1951
561,r4i1p1f1,1951,07,16,0.0,27.742739,10.260027,1951
562,r4i1p1f1,1951,07,17,0.0,30.461212,11.716352,1951
563,r4i1p1f1,1951,07,18,0.03569987197806768,30.09889,13.897561,1951
564,r4i1p1f1,1951,07,19,0.0,26.81608,9.131366,1951
565,r4i1p1f1,1951,07,20,0.0,25.704657,7.3086996,1951
566,r4i1p1f1,1951,07,21,0.0,29.985037,9.082031,1951
567,r4i1p1f1,1951,07,22,0.0,29.732317,11.225414,1951
568,r4i1p1f1,1951,07,23,0.0,29.780813,11.490186,1951
569,r4i1p1f1,1951,07,24,0.0,31.765934,12.437784,1951
570,r4i1p1f1,1951,07,25,0.0,32.594345,13.25258,1951
571,r4i1p1f1,1951,07,26,0.0,33.749954,14.4605255,1951
572,r4i1p1f1,1951,07,27,0.0,36.023434,16.687904,1951
573,r4i1p1f1,1951,07,28,0.0,35.88211,17.258383,1951
574,r4i1p1f1,1951,07,29,0.0,34.716793,15.613778,1951
575,r4i1p1f1,1951,07,30,0.0,32.378986,13.380652,1951
576,r4i1p1f1,1951,07,31,0.0,32.107105,13.283218,1951
577,r4i1p1f1,1951,08,01,0.0,30.561253,11.983656,1951
578,r4i1p1f1,1951,08,02,0.0,29.13622,10.454043,1951
579,r4i1p1f1,1951,08,03,0.0,28.727274,10.087234,1951
580,r4i1p1f1,1951,08,04,0.0,28.333626,9.630861,1951
581,r4i1p1f1,1951,08,05,0.0,28.412209,8.97198,1951
582,r4i1p1f1,1951,08,06,0.0,28.946568,9.402775,1951
583,r4i1p1f1,1951,08,07,0.0,28.855356,9.977516,1951
584,r4i1p1f1,1951,08,08,0.0,28.158495,9.254739,1951
585,r4i1p1f1,1951,08,09,0.0,28.37404,9.071467,1951
586,r4i1p1f1,1951,08,10,0.0,30.555716,11.700968,1951
587,r4i1p1f1,1951,08,11,0.0,30.145735,12.381842,1951
588,r4i1p1f1,1951,08,12,0.0,27.987305,9.738322,1951
589,r4i1p1f1,1951,08,13,0.0,29.079664,10.969387,1951
590,r4i1p1f1,1951,08,14,0.0,28.974775,11.459549,1951
591,r4i1p1f1,1951,08,15,0.0,25.230873,7.283055,1951
592,r4i1p1f1,1951,08,16,0.0,24.83638,5.699565,1951
593,r4i1p1f1,1951,08,17,0.0,28.217337,9.809656,1951
594,r4i1p1f1,1951,08,18,0.0,28.30446,10.225001,1951
595,r4i1p1f1,1951,08,19,0.0,29.165396,11.088993,1951
596,r4i1p1f1,1951,08,20,0.0,28.290497,9.959055,1951
597,r4i1p1f1,1951,08,21,0.0,29.049015,10.351687,1951
598,r4i1p1f1,1951,08,22,0.0,29.59747,11.017752,1951
599,r4i1p1f1,1951,08,23,0.0,29.915531,11.410902,1951
600,r4i1p1f1,1951,08,24,0.0,30.408548,12.751378,1951
601,r4i1p1f1,1951,08,25,0.0,30.470303,13.90767,1951
602,r4i1p1f1,1951,08,26,0.0,30.203823,13.282656,1951
603,r4i1p1f1,1951,08,27,0.0,30.10305,12.048906,1951
604,r4i1p1f1,1951,08,28,0.0,27.38504,11.1315,1951
605,r4i1p1f1,1951,08,29,0.0,22.053667,4.1802564,1951
606,r4i1p1f1,1951,08,30,0.0,21.648348,2.1508565,1951
607,r4i1p1f1,1951,08,31,0.0,23.690765,4.3589826,1951
608,r4i1p1f1,1951,09,01,0.0,23.889866,5.641523,1951
609,r4i1p1f1,1951,09,02,0.0,30.765995,10.671491,1951
610,r4i1p1f1,1951,09,03,0.0,32.869827,12.287393,1951
611,r4i1p1f1,1951,09,04,0.0,32.01874,13.4946375,1951
612,r4i1p1f1,1951,09,05,0.0,30.543478,14.222683,1951
613,r4i1p1f1,1951,09,06,0.0,30.772573,13.575574,1951
614,r4i1p1f1,1951,09,07,0.0,30.369408,12.028854,1951
615,r4i1p1f1,1951,09,08,0.0,30.0055,10.582988,1951
616,r4i1p1f1,1951,09,09,0.0,29.698805,10.686711,1951
617,r4i1p1f1,1951,09,10,0.0,30.527391,10.3224535,1951
618,r4i1p1f1,1951,09,11,0.0,31.659416,11.641375,1951
619,r4i1p1f1,1951,09,12,0.0,32.126595,12.444426,1951
620,r4i1p1f1,1951,09,13,0.0,31.75808,12.681757,1951
621,r4i1p1f1,1951,09,14,0.0,29.606777,12.419285,1951
622,r4i1p1f1,1951,09,15,0.0,28.557194,12.16152,1951
623,r4i1p1f1,1951,09,16,0.6355011812061662,28.13482,11.529866,1951
624,r4i1p1f1,1951,09,17,3.135456195786901,23.147015,10.575259,1951
625,r4i1p1f1,1951,09,18,0.013616626256407471,25.199305,11.483368,1951
626,r4i1p1f1,1951,09,19,0.0,25.103973,9.791697,1951
627,r4i1p1f1,1951,09,20,0.0,27.80199,9.834932,1951
628,r4i1p1f1,1951,09,21,0.0,29.991316,11.230194,1951
629,r4i1p1f1,1951,09,22,0.0,29.729942,12.205085,1951
630,r4i1p1f1,1951,09,23,0.0,26.707584,7.881217,1951
631,r4i1p1f1,1951,09,24,0.0,21.679598,5.6752944,1951
632,r4i1p1f1,1951,09,25,0.0,22.499382,6.994871,1951
633,r4i1p1f1,1951,09,26,0.0,23.165113,6.822213,1951
634,r4i1p1f1,1951,09,27,0.0,23.441786,6.4686346,1951
635,r4i1p1f1,1951,09,28,0.005677639819623437,22.77658,7.488188,1951
636,r4i1p1f1,1951,09,29,0.0,20.61313,5.008177,1951
637,r4i1p1f1,1951,09,30,0.0,21.741554,6.4901175,1951
638,r4i1p1f1,1951,10,01,0.0,24.485228,6.2061753,1951
639,r4i1p1f1,1951,10,02,0.0,22.736885,5.7270927,1951
640,r4i1p1f1,1951,10,03,0.0,20.818718,3.7108433,1951
641,r4i1p1f1,1951,10,04,0.0,15.022554,3.7284503,1951
642,r4i1p1f1,1951,10,05,0.0,23.008171,3.781571,1951
643,r4i1p1f1,1951,10,06,0.0,26.906471,6.6539707,1951
644,r4i1p1f1,1951,10,07,0.0,27.927097,10.346277,1951
645,r4i1p1f1,1951,10,08,0.0,28.020277,8.688724,1951
646,r4i1p1f1,1951,10,09,0.0,26.916826,10.664698,1951
647,r4i1p1f1,1951,10,10,0.9168111187477734,21.599884,6.9819245,1951
648,r4i1p1f1,1951,10,11,6.983692602705105,18.23354,4.4253592,1951
649,r4i1p1f1,1951,10,12,0.16776153811406402,20.477974,6.011595,1951
650,r4i1p1f1,1951,10,13,0.0,19.365288,5.419011,1951
651,r4i1p1f1,1951,10,14,0.0,21.268677,7.3861694,1951
652,r4i1p1f1,1951,10,15,0.8790438005064516,21.597878,7.817587,1951
653,r4i1p1f1,1951,10,16,6.906934691369315,14.679219,6.045715,1951
654,r4i1p1f1,1951,10,17,14.495337109019601,14.431763,6.3454013,1951
655,r4i1p1f1,1951,10,18,3.685940817069877,11.89457,4.2610984,1951
656,r4i1p1f1,1951,10,19,1.829339163828081,11.533153,3.7125876,1951
657,r4i1p1f1,1951,10,20,0.2610997959743955,16.175758,5.065665,1951
658,r4i1p1f1,1951,10,21,0.0,13.360595,0.49752176,1951
659,r4i1p1f1,1951,10,22,0.0,15.377689,1.4833976,1951
660,r4i1p1f1,1951,10,23,0.0,16.45692,3.9501631,1951
661,r4i1p1f1,1951,10,24,0.0,17.098076,2.4478204,1951
662,r4i1p1f1,1951,10,25,0.0,17.916357,3.6523771,1951
663,r4i1p1f1,1951,10,26,0.0,18.083342,4.813451,1951
664,r4i1p1f1,1951,10,27,0.222857002671617,15.805326,2.6390474,1951
665,r4i1p1f1,1951,10,28,0.0,18.073858,2.3841574,1951
666,r4i1p1f1,1951,10,29,0.0,19.859034,3.9298184,1951
667,r4i1p1f1,1951,10,30,0.0,20.89216,5.061166,1951
668,r4i1p1f1,1951,10,31,0.0,22.995132,6.760311,1951
669,r4i1p1f1,1951,11,01,0.0,22.991081,8.099347,1951
670,r4i1p1f1,1951,11,02,0.0,21.742851,7.4294577,1951
671,r4i1p1f1,1951,11,03,0.0,21.780165,6.5045958,1951
672,r4i1p1f1,1951,11,04,0.0,21.494558,5.532321,1951
673,r4i1p1f1,1951,11,05,0.0,20.828892,4.4702435,1951
674,r4i1p1f1,1951,11,06,0.0,21.485256,4.434539,1951
675,r4i1p1f1,1951,11,07,0.0,21.24193,4.83119,1951
676,r4i1p1f1,1951,11,08,0.0,20.198578,3.7747672,1951
677,r4i1p1f1,1951,11,09,0.0,19.602163,2.7226481,1951
678,r4i1p1f1,1951,11,10,0.0,18.106756,3.174758,1951
679,r4i1p1f1,1951,11,11,0.0,17.758728,3.8520877,1951
680,r4i1p1f1,1951,11,12,0.0,17.583134,3.2463129,1951
681,r4i1p1f1,1951,11,13,0.0,17.948565,1.0895941,1951
682,r4i1p1f1,1951,11,14,0.0,16.455431,2.023045,1951
683,r4i1p1f1,1951,11,15,0.0,11.653189,-3.9048674,1951
684,r4i1p1f1,1951,11,16,0.0,9.703206,-5.6420245,1951
685,r4i1p1f1,1951,11,17,0.0,9.721823,-4.8272047,1951
686,r4i1p1f1,1951,11,18,0.0,11.589531,-2.8216908,1951
687,r4i1p1f1,1951,11,19,0.0,11.962876,-3.339932,1951
688,r4i1p1f1,1951,11,20,0.0065569271100685,10.772004,-0.122791186,1951
689,r4i1p1f1,1951,11,21,0.0,10.105285,-4.952823,1951
690,r4i1p1f1,1951,11,22,8.35574852139871,6.2172627,-2.7678862,1951
691,r4i1p1f1,1951,11,23,59.35025244980352,5.6454253,1.3335004,1951
692,r4i1p1f1,1951,11,24,63.53866860154085,8.873189,2.1742265,1951
693,r4i1p1f1,1951,11,25,25.87091685240921,8.456615,1.4610595,1951
694,r4i1p1f1,1951,11,26,26.989900105218112,8.335399,0.9769024,1951
695,r4i1p1f1,1951,11,27,2.7822849942594985,8.552429,1.1423438,1951
696,r4i1p1f1,1951,11,28,0.033650724583367264,8.499559,-5.551895,1951
697,r4i1p1f1,1951,11,29,0.0,8.095776,-6.1741157,1951
698,r4i1p1f1,1951,11,30,0.07584633144688269,8.114184,-5.1541,1951
699,r4i1p1f1,1951,12,01,13.446811670701209,5.987149,-2.2885737,1951
700,r4i1p1f1,1951,12,02,7.2413629881793895,8.382327,2.4963226,1951
701,r4i1p1f1,1951,12,03,8.609227337728953,7.0435696,2.6447024,1951
702,r4i1p1f1,1951,12,04,46.55569501010177,10.342242,2.7753832,1951
703,r4i1p1f1,1951,12,05,13.597689404559787,7.9340687,-0.80274516,1951
704,r4i1p1f1,1951,12,06,0.12662191169283687,8.263653,-1.6540251,1951
705,r4i1p1f1,1951,12,07,0.0,5.9811373,-5.591723,1951
706,r4i1p1f1,1951,12,08,0.0,9.587104,-2.1089134,1951
707,r4i1p1f1,1951,12,09,0.0,10.4631,-1.1142983,1951
708,r4i1p1f1,1951,12,10,0.0,11.709056,0.40710878,1951
709,r4i1p1f1,1951,12,11,0.0,11.096602,1.8410451,1951
710,r4i1p1f1,1951,12,12,0.0,10.5368,1.2632827,1951
711,r4i1p1f1,1951,12,13,0.0,10.501023,1.0297987,1951
712,r4i1p1f1,1951,12,14,0.0,11.039601,1.8614998,1951
713,r4i1p1f1,1951,12,15,0.0,10.726927,1.9766002,1951
714,r4i1p1f1,1951,12,16,1.539741041653997,7.030718,-2.7997634,1951
715,r4i1p1f1,1951,12,17,2.7859480306776874,4.88419,-4.688126,1951
716,r4i1p1f1,1951,12,18,0.0,4.247198,-7.472884,1951
717,r4i1p1f1,1951,12,19,0.020460068837024892,3.4353878,-6.4801345,1951
718,r4i1p1f1,1951,12,20,17.24731441008771,5.495063,-2.6652858,1951
719,r4i1p1f1,1951,12,21,2.456069950443407,2.3107045,-7.4402523,1951
720,r4i1p1f1,1951,12,22,1.8943023439987883,6.1948986,-0.33669868,1951
721,r4i1p1f1,1951,12,23,20.249833468915313,7.1047273,3.154571,1951
722,r4i1p1f1,1951,12,24,6.718443392810514,8.305889,3.1611118,1951
723,r4i1p1f1,1951,12,25,0.0,7.976182,2.0152159,1951
724,r4i1p1f1,1951,12,26,0.07941489014342551,7.822042,1.6273293,1951
725,r4i1p1f1,1951,12,27,0.00013485279346525658,8.926101,0.59584016,1951
726,r4i1p1f1,1951,12,28,0.0,9.790623,1.04521,1951
727,r4i1p1f1,1951,12,29,0.0,9.571649,-0.5113895,1951
728,r4i1p1f1,1951,12,30,1.9899212617360718,6.114696,1.1799016,1951
729,r4i1p1f1,1951,12,31,36.231930555914005,9.000131,3.3764482,1951
730,r4i1p1f1,1952,01,01,95.67303087824257,12.278469,0.44255325,1952
731,r4i1p1f1,1952,01,02,0.11622127785813063,8.689745,-5.8635755,1952
732,r4i1p1f1,1952,01,03,14.48479964856233,5.532307,-3.1370175,1952
733,r4i1p1f1,1952,01,04,0.0,10.073229,-3.3360164,1952
734,r4i1p1f1,1952,01,05,0.0,9.51363,-1.232644,1952
735,r4i1p1f1,1952,01,06,0.0,13.130976,1.0043912,1952
736,r4i1p1f1,1952,01,07,0.0,9.775001,1.080887,1952
737,r4i1p1f1,1952,01,08,0.0,12.824928,1.9048004,1952
738,r4i1p1f1,1952,01,09,0.0,13.116063,2.8064864,1952
739,r4i1p1f1,1952,01,10,0.0,12.607361,3.9966192,1952
740,r4i1p1f1,1952,01,11,0.0,12.185464,1.3528744,1952
741,r4i1p1f1,1952,01,12,0.0,11.996596,1.1747534,1952
742,r4i1p1f1,1952,01,13,0.0,11.71543,0.70291036,1952
743,r4i1p1f1,1952,01,14,0.0,12.181952,0.6191969,1952
744,r4i1p1f1,1952,01,15,0.0,14.529567,2.2382014,1952
745,r4i1p1f1,1952,01,16,0.0,15.215435,2.5053685,1952
746,r4i1p1f1,1952,01,17,0.0,14.754466,2.8339214,1952
747,r4i1p1f1,1952,01,18,0.0,15.090291,2.9427912,1952
748,r4i1p1f1,1952,01,19,0.0,14.719219,2.8151112,1952
749,r4i1p1f1,1952,01,20,20.057608591014287,10.208939,2.8164015,1952
750,r4i1p1f1,1952,01,21,10.959105730216834,7.632593,2.8748627,1952
751,r4i1p1f1,1952,01,22,22.246682351760683,8.596851,3.2432108,1952
752,r4i1p1f1,1952,01,23,43.29626282706158,10.665376,2.9694219,1952
753,r4i1p1f1,1952,01,24,18.46387592058818,11.73222,2.4486697,1952
754,r4i1p1f1,1952,01,25,0.09624008453101851,13.836803,6.5141916,1952
755,r4i1p1f1,1952,01,26,0.0,14.216153,0.10899162,1952
756,r4i1p1f1,1952,01,27,0.0,7.921173,-4.9808726,1952
757,r4i1p1f1,1952,01,28,0.0,11.195164,-1.7701682,1952
758,r4i1p1f1,1952,01,29,0.0,12.321115,-0.54957587,1952
759,r4i1p1f1,1952,01,30,2.6991200760221545,9.611485,-4.2950077,1952
760,r4i1p1f1,1952,01,31,2.8895093229778013,2.1428056,-7.6992135,1952
761,r4i1p1f1,1952,02,01,0.0,6.511408,-4.861692,1952
762,r4i1p1f1,1952,02,02,0.2824681753565983,7.400616,-3.398098,1952
763,r4i1p1f1,1952,02,03,0.0,9.6754265,-2.5201006,1952
764,r4i1p1f1,1952,02,04,9.006263798892178,6.4673877,0.5086921,1952
765,r4i1p1f1,1952,02,05,17.397010235436028,6.5945745,1.0760278,1952
766,r4i1p1f1,1952,02,06,1.4239917019153836,6.7924643,-3.9117305,1952
767,r4i1p1f1,1952,02,07,0.005418912610366533,6.395802,-4.1515236,1952
768,r4i1p1f1,1952,02,08,0.0,4.6635904,-9.6838045,1952
769,r4i1p1f1,1952,02,09,0.0,5.3720345,-8.455065,1952
770,r4i1p1f1,1952,02,10,0.0,8.426542,-6.0400343,1952
771,r4i1p1f1,1952,02,11,0.0,6.8474784,-5.182853,1952
772,r4i1p1f1,1952,02,12,0.0,11.412348,0.16777039,1952
773,r4i1p1f1,1952,02,13,0.0,12.216717,2.7309825,1952
774,r4i1p1f1,1952,02,14,0.0,12.2710285,4.502268,1952
775,r4i1p1f1,1952,02,15,0.00044760495256923605,13.196934,2.837794,1952
776,r4i1p1f1,1952,02,16,0.0,13.855731,1.7779967,1952
777,r4i1p1f1,1952,02,17,0.0,14.024352,1.6971232,1952
778,r4i1p1f1,1952,02,18,0.0,14.039586,1.7044978,1952
779,r4i1p1f1,1952,02,19,0.0,15.39004,2.257115,1952
780,r4i1p1f1,1952,02,20,0.0,15.165405,3.0176482,1952
781,r4i1p1f1,1952,02,21,0.0,13.801427,1.7163846,1952
782,r4i1p1f1,1952,02,22,0.0026457045066763385,13.735858,2.7454436,1952
783,r4i1p1f1,1952,02,23,0.0,15.398412,3.9689255,1952
784,r4i1p1f1,1952,02,24,17.064753249360365,13.616877,1.4801936,1952
785,r4i1p1f1,1952,02,25,26.8821400494744,9.270153,0.6407273,1952
786,r4i1p1f1,1952,02,26,0.599529305611668,4.3793697,-2.5988522,1952
787,r4i1p1f1,1952,02,27,0.0,10.206905,-1.1178436,1952
788,r4i1p1f1,1952,02,28,0.0,9.908829,0.55565387,1952
789,r4i1p1f1,1952,02,29,0.4468734674732744,7.8606815,3.1311612,1952
790,r4i1p1f1,1952,03,01,1.3009748217470474,6.459054,2.2023904,1952
791,r4i1p1f1,1952,03,02,35.62189698386646,6.319692,1.9501234,1952
792,r4i1p1f1,1952,03,03,15.812185025515646,8.251402,-0.48682,1952
793,r4i1p1f1,1952,03,04,0.0,12.035133,0.34435892,1952
794,r4i1p1f1,1952,03,05,0.0,14.913035,0.8473667,1952
795,r4i1p1f1,1952,03,06,0.0,16.509666,0.6878711,1952
796,r4i1p1f1,1952,03,07,0.0,17.923212,2.616459,1952
797,r4i1p1f1,1952,03,08,0.6564707369491884,17.86853,3.732988,1952
798,r4i1p1f1,1952,03,09,24.00864175742754,12.824152,-1.0057672,1952
799,r4i1p1f1,1952,03,10,8.274803264833963,7.0841184,-5.425498,1952
800,r4i1p1f1,1952,03,11,1.7376992787376366,7.224215,-4.8066254,1952
801,r4i1p1f1,1952,03,12,0.020172584481770173,7.301607,-7.393938,1952
802,r4i1p1f1,1952,03,13,0.0,8.242092,-7.6331983,1952
803,r4i1p1f1,1952,03,14,19.23609155073791,4.301731,-6.5436273,1952
804,r4i1p1f1,1952,03,15,12.115207301019382,5.289707,-1.6964754,1952
805,r4i1p1f1,1952,03,16,16.548805124500632,6.702932,-2.1678364,1952
806,r4i1p1f1,1952,03,17,0.0025437717340537347,12.575704,-0.49007687,1952
807,r4i1p1f1,1952,03,18,5.916811379483988,9.851917,3.4335659,1952
808,r4i1p1f1,1952,03,19,9.358108971946422,9.166211,1.2292668,1952
809,r4i1p1f1,1952,03,20,12.33683292648493,9.758175,2.545699,1952
810,r4i1p1f1,1952,03,21,9.273904560814117,8.148383,2.5834904,1952
811,r4i1p1f1,1952,03,22,12.774552237283388,9.389658,4.104729,1952
812,r4i1p1f1,1952,03,23,1.8712095702767328,10.639745,0.0929256,1952
813,r4i1p1f1,1952,03,24,0.0,12.716564,-0.7806037,1952
814,r4i1p1f1,1952,03,25,0.0,9.466304,-2.8299227,1952
815,r4i1p1f1,1952,03,26,0.0,12.461256,-2.4157267,1952
816,r4i1p1f1,1952,03,27,0.0,14.331946,-1.2800677,1952
817,r4i1p1f1,1952,03,28,0.0,16.696783,0.50187796,1952
818,r4i1p1f1,1952,03,29,0.0,18.054615,1.1737113,1952
819,r4i1p1f1,1952,03,30,0.0,20.481125,2.5610418,1952
820,r4i1p1f1,1952,03,31,0.0,18.955448,2.6101184,1952
821,r4i1p1f1,1952,04,01,1.167263646735961,16.281153,2.774703,1952
822,r4i1p1f1,1952,04,02,28.66252397870994,14.036008,4.6312046,1952
823,r4i1p1f1,1952,04,03,3.5511787395535066,15.522317,0.79351926,1952
824,r4i1p1f1,1952,04,04,0.0,23.982475,4.3886814,1952
825,r4i1p1f1,1952,04,05,0.0,23.46819,6.655792,1952
826,r4i1p1f1,1952,04,06,13.62449264989607,17.723137,3.3687694,1952
827,r4i1p1f1,1952,04,07,34.04892820108216,13.433701,0.40122625,1952
828,r4i1p1f1,1952,04,08,1.0364721843410862,11.998187,4.3364396,1952
829,r4i1p1f1,1952,04,09,8.838544903369439,10.524533,2.3680627,1952
830,r4i1p1f1,1952,04,10,24.341643371099053,8.95525,1.6054009,1952
831,r4i1p1f1,1952,04,11,6.583849920366447,11.234197,3.0105867,1952
832,r4i1p1f1,1952,04,12,16.769848407420795,9.097438,1.278567,1952
833,r4i1p1f1,1952,04,13,13.853327026299667,7.3326926,1.3392673,1952
834,r4i1p1f1,1952,04,14,0.1523368675407255,12.032491,2.5943716,1952
835,r4i1p1f1,1952,04,15,14.468197191672516,8.134126,0.8859813,1952
836,r4i1p1f1,1952,04,16,1.3381003269898883,7.659595,1.3007522,1952
837,r4i1p1f1,1952,04,17,0.5256418350313652,15.7266865,1.2093318,1952
838,r4i1p1f1,1952,04,18,0.0,19.355156,3.1790276,1952
839,r4i1p1f1,1952,04,19,0.0,17.968227,1.9783293,1952
840,r4i1p1f1,1952,04,20,0.0,17.755728,1.2296889,1952
841,r4i1p1f1,1952,04,21,0.001768540334978752,18.023132,2.6784782,1952
842,r4i1p1f1,1952,04,22,0.0,16.424921,2.7936432,1952
843,r4i1p1f1,1952,04,23,0.0428746483521536,13.787475,-0.30909675,1952
844,r4i1p1f1,1952,04,24,0.0,16.483238,3.2380178,1952
845,r4i1p1f1,1952,04,25,0.0,16.180021,4.011656,1952
846,r4i1p1f1,1952,04,26,0.0003706023989025198,15.817128,2.93901,1952
847,r4i1p1f1,1952,04,27,0.0,17.150414,6.0183487,1952
848,r4i1p1f1,1952,04,28,17.22623727722521,12.5255785,2.0967095,1952
849,r4i1p1f1,1952,04,29,1.6369881078617254,11.220819,-0.43899632,1952
850,r4i1p1f1,1952,04,30,0.0,18.617395,2.7647717,1952
851,r4i1p1f1,1952,05,01,0.0,18.222193,3.0913234,1952
852,r4i1p1f1,1952,05,02,0.0,21.313917,5.5617623,1952
853,r4i1p1f1,1952,05,03,0.0,23.048805,6.7163315,1952
854,r4i1p1f1,1952,05,04,0.0,26.070604,8.469603,1952
855,r4i1p1f1,1952,05,05,0.0,26.691715,10.372098,1952
856,r4i1p1f1,1952,05,06,0.0,24.834532,8.553002,1952
857,r4i1p1f1,1952,05,07,0.0,24.042145,8.495522,1952
858,r4i1p1f1,1952,05,08,0.0,22.474722,7.241804,1952
859,r4i1p1f1,1952,05,09,0.08991431309368636,18.931177,3.677146,1952
860,r4i1p1f1,1952,05,10,6.841055796104456,18.280703,4.2418256,1952
861,r4i1p1f1,1952,05,11,0.009004383218780276,20.338173,4.886169,1952
862,r4i1p1f1,1952,05,12,0.0,20.699476,5.9763308,1952
863,r4i1p1f1,1952,05,13,0.0,17.338879,2.6184561,1952
864,r4i1p1f1,1952,05,14,0.0,18.0691,1.0420799,1952
865,r4i1p1f1,1952,05,15,0.0,17.86227,1.263166,1952
866,r4i1p1f1,1952,05,16,0.0,15.3405,-0.7809772,1952
867,r4i1p1f1,1952,05,17,0.0,19.623259,0.339651,1952
868,r4i1p1f1,1952,05,18,0.0,19.02686,2.0355937,1952
869,r4i1p1f1,1952,05,19,6.764995513373151,15.3101,-1.1579759,1952
870,r4i1p1f1,1952,05,20,0.0,16.945839,2.9866922,1952
871,r4i1p1f1,1952,05,21,2.291457298485966,17.080355,2.9974804,1952
872,r4i1p1f1,1952,05,22,0.03415927024548182,18.336706,3.6742291,1952
873,r4i1p1f1,1952,05,23,0.0,17.250395,3.2746625,1952
874,r4i1p1f1,1952,05,24,0.8246273236522939,15.7244215,1.6263686,1952
875,r4i1p1f1,1952,05,25,0.0,17.812437,3.2455354,1952
876,r4i1p1f1,1952,05,26,0.0,19.04638,4.0840077,1952
877,r4i1p1f1,1952,05,27,0.0,18.190542,4.96919,1952
878,r4i1p1f1,1952,05,28,0.0,21.011232,3.476017,1952
879,r4i1p1f1,1952,05,29,0.0,20.800741,4.3226585,1952
880,r4i1p1f1,1952,05,30,0.021766236113762716,19.300396,4.9510355,1952
881,r4i1p1f1,1952,05,31,0.01583364510224783,23.622562,6.4413147,1952
882,r4i1p1f1,1952,06,01,0.0,24.343397,6.916969,1952
883,r4i1p1f1,1952,06,02,0.10618995474942494,22.95708,7.0694,1952
884,r4i1p1f1,1952,06,03,1.7711429169366966,20.541426,5.5161877,1952
885,r4i1p1f1,1952,06,04,0.002548138195379579,24.704765,5.819869,1952
886,r4i1p1f1,1952,06,05,0.23299460513044323,22.7205,7.764801,1952
887,r4i1p1f1,1952,06,06,5.997887493140297,17.414028,5.384144,1952
888,r4i1p1f1,1952,06,07,4.889778281506096,18.538311,5.8018417,1952
889,r4i1p1f1,1952,06,08,0.20002816126023504,20.696257,5.7183247,1952
890,r4i1p1f1,1952,06,09,1.4631654958861873,22.446882,6.303078,1952
891,r4i1p1f1,1952,06,10,1.0970365682453576,23.972294,6.4323993,1952
892,r4i1p1f1,1952,06,11,0.3348427472701587,24.494652,8.767186,1952
893,r4i1p1f1,1952,06,12,0.02949621776906497,25.314869,9.47636,1952
894,r4i1p1f1,1952,06,13,0.0,26.652292,9.623265,1952
895,r4i1p1f1,1952,06,14,7.56926640938218,25.891592,8.414437,1952
896,r4i1p1f1,1952,06,15,16.540820457203154,14.154452,3.968223,1952
897,r4i1p1f1,1952,06,16,0.09103584570766543,21.23647,6.8842564,1952
898,r4i1p1f1,1952,06,17,0.0,24.957624,8.700443,1952
899,r4i1p1f1,1952,06,18,0.0,25.37306,10.370625,1952
900,r4i1p1f1,1952,06,19,1.0186918468917838,21.690138,8.251682,1952
901,r4i1p1f1,1952,06,20,0.0,23.985079,9.653242,1952
902,r4i1p1f1,1952,06,21,1.9040990693838467,20.944712,4.5914016,1952
903,r4i1p1f1,1952,06,22,0.9983832878333487,22.330317,6.040293,1952
904,r4i1p1f1,1952,06,23,1.2280041320536839,23.009604,6.968195,1952
905,r4i1p1f1,1952,06,24,0.41798202178142674,27.548925,10.336994,1952
906,r4i1p1f1,1952,06,25,0.0,29.854305,12.819643,1952
907,r4i1p1f1,1952,06,26,0.0,30.849161,13.811563,1952
908,r4i1p1f1,1952,06,27,0.0,31.19638,15.231445,1952
909,r4i1p1f1,1952,06,28,0.09686485580147064,30.688328,13.560371,1952
910,r4i1p1f1,1952,06,29,0.001797197364794556,28.180162,10.807568,1952
911,r4i1p1f1,1952,06,30,0.0,26.938011,10.818414,1952
912,r4i1p1f1,1952,07,01,0.0,26.472055,10.918036,1952
913,r4i1p1f1,1952,07,02,0.0,27.549456,11.378679,1952
914,r4i1p1f1,1952,07,03,0.0,30.708906,13.308539,1952
915,r4i1p1f1,1952,07,04,0.00787114131526323,30.868599,14.142621,1952
916,r4i1p1f1,1952,07,05,0.0,31.837585,14.841664,1952
917,r4i1p1f1,1952,07,06,0.0,31.124254,13.32596,1952
918,r4i1p1f1,1952,07,07,0.0,32.09931,13.4426365,1952
919,r4i1p1f1,1952,07,08,0.0,32.84461,13.863125,1952
920,r4i1p1f1,1952,07,09,0.0,32.508354,14.508693,1952
921,r4i1p1f1,1952,07,10,0.0,29.445927,10.591912,1952
922,r4i1p1f1,1952,07,11,0.0,25.676144,9.221287,1952
923,r4i1p1f1,1952,07,12,0.008308189080707962,26.908178,10.432184,1952
924,r4i1p1f1,1952,07,13,0.0,26.8991,10.361677,1952
925,r4i1p1f1,1952,07,14,0.013759439019622732,29.793705,10.473068,1952
926,r4i1p1f1,1952,07,15,0.0,30.153408,13.715915,1952
927,r4i1p1f1,1952,07,16,0.0,29.730797,11.377088,1952
928,r4i1p1f1,1952,07,17,0.0,31.473284,13.45231,1952
929,r4i1p1f1,1952,07,18,0.0,30.74472,12.654532,1952
930,r4i1p1f1,1952,07,19,0.0,30.515673,14.25277,1952
931,r4i1p1f1,1952,07,20,0.0,30.180159,12.590415,1952
932,r4i1p1f1,1952,07,21,0.0,33.053318,13.857626,1952
933,r4i1p1f1,1952,07,22,0.0,35.727047,15.508335,1952
934,r4i1p1f1,1952,07,23,0.0,35.75967,15.89986,1952
935,r4i1p1f1,1952,07,24,0.0,35.138924,15.515681,1952
936,r4i1p1f1,1952,07,25,0.0,31.9408,13.150989,1952
937,r4i1p1f1,1952,07,26,0.0,30.8656,11.278672,1952
938,r4i1p1f1,1952,07,27,0.0,29.430033,10.871077,1952
939,r4i1p1f1,1952,07,28,0.0,29.724663,10.632857,1952
940,r4i1p1f1,1952,07,29,0.0,28.825846,10.520464,1952
941,r4i1p1f1,1952,07,30,0.007735078906989656,24.683887,7.712723,1952
942,r4i1p1f1,1952,07,31,0.0,27.219173,7.296912,1952
943,r4i1p1f1,1952,08,01,0.0,32.12916,11.8288555,1952
944,r4i1p1f1,1952,08,02,0.0,36.45791,16.469488,1952
945,r4i1p1f1,1952,08,03,0.0,37.234333,19.723616,1952
946,r4i1p1f1,1952,08,04,0.013274117327455315,37.632206,19.927128,1952
947,r4i1p1f1,1952,08,05,0.15031537807317363,36.696163,18.823696,1952
948,r4i1p1f1,1952,08,06,0.0011629422374426213,35.57296,17.335552,1952
949,r4i1p1f1,1952,08,07,0.0,33.56286,15.009506,1952
950,r4i1p1f1,1952,08,08,0.0,29.966513,11.09911,1952
951,r4i1p1f1,1952,08,09,0.0,29.935482,11.328197,1952
952,r4i1p1f1,1952,08,10,0.0,31.15724,12.977488,1952
953,r4i1p1f1,1952,08,11,0.0,31.554985,14.084347,1952
954,r4i1p1f1,1952,08,12,0.0,30.845482,12.624745,1952
955,r4i1p1f1,1952,08,13,0.0,30.374031,13.196239,1952
956,r4i1p1f1,1952,08,14,0.0,29.786207,12.726873,1952
957,r4i1p1f1,1952,08,15,0.0,28.097853,11.084326,1952
958,r4i1p1f1,1952,08,16,0.0,28.229256,10.350416,1952
959,r4i1p1f1,1952,08,17,0.0,33.311638,14.529534,1952
960,r4i1p1f1,1952,08,18,0.0,31.565243,13.1665325,1952
961,r4i1p1f1,1952,08,19,0.0,31.503588,13.494072,1952
962,r4i1p1f1,1952,08,20,0.0,32.102406,13.426293,1952
963,r4i1p1f1,1952,08,21,0.0,32.64746,12.60207,1952
964,r4i1p1f1,1952,08,22,0.0,31.702559,11.629093,1952
965,r4i1p1f1,1952,08,23,0.0,31.053108,11.645288,1952
966,r4i1p1f1,1952,08,24,0.0,27.465523,9.026317,1952
967,r4i1p1f1,1952,08,25,0.0,28.125969,9.049413,1952
968,r4i1p1f1,1952,08,26,0.0,29.367628,9.702568,1952
969,r4i1p1f1,1952,08,27,0.0,30.138058,11.295855,1952
970,r4i1p1f1,1952,08,28,0.0,31.079956,11.745774,1952
971,r4i1p1f1,1952,08,29,0.0,30.63879,11.949388,1952
972,r4i1p1f1,1952,08,30,0.0,31.166256,11.393896,1952
973,r4i1p1f1,1952,08,31,0.0,32.059128,11.6365385,1952
974,r4i1p1f1,1952,09,01,0.0,32.457012,14.238726,1952
975,r4i1p1f1,1952,09,02,0.0,33.989174,17.307217,1952
976,r4i1p1f1,1952,09,03,0.0,33.03981,16.736282,1952
977,r4i1p1f1,1952,09,04,0.26289413678313167,32.571945,16.1385,1952
978,r4i1p1f1,1952,09,05,0.0013568160738941515,30.644918,14.651672,1952
979,r4i1p1f1,1952,09,06,0.0,31.040962,13.066334,1952
980,r4i1p1f1,1952,09,07,0.0,29.964298,13.165951,1952
981,r4i1p1f1,1952,09,08,0.0,30.339993,12.684302,1952
982,r4i1p1f1,1952,09,09,0.0,30.13457,14.036681,1952
983,r4i1p1f1,1952,09,10,0.01348564244381123,30.168081,13.92458,1952
984,r4i1p1f1,1952,09,11,0.0,27.469557,11.160562,1952
985,r4i1p1f1,1952,09,12,0.0,25.45877,9.607067,1952
986,r4i1p1f1,1952,09,13,0.0,26.095503,8.653817,1952
987,r4i1p1f1,1952,09,14,0.0,26.435015,9.579419,1952
988,r4i1p1f1,1952,09,15,0.0,25.34567,7.9273205,1952
989,r4i1p1f1,1952,09,16,0.0,28.609646,11.354434,1952
990,r4i1p1f1,1952,09,17,0.0,30.892687,12.514445,1952
991,r4i1p1f1,1952,09,18,0.0,33.23945,15.808156,1952
992,r4i1p1f1,1952,09,19,0.0,33.320503,17.309486,1952
993,r4i1p1f1,1952,09,20,0.7532231746608886,31.962847,16.937918,1952
994,r4i1p1f1,1952,09,21,6.665934494640169,28.9441,13.955848,1952
995,r4i1p1f1,1952,09,22,1.0571664862595753,29.202671,13.996868,1952
996,r4i1p1f1,1952,09,23,0.0,28.97781,12.869755,1952
997,r4i1p1f1,1952,09,24,0.0,25.573782,9.780348,1952
998,r4i1p1f1,1952,09,25,0.0,24.458687,8.019388,1952
999,r4i1p1f1,1952,09,26,0.0,24.148132,6.695727,1952
1000,r4i1p1f1,1952,09,27,0.0,24.83439,8.256736,1952
1001,r4i1p1f1,1952,09,28,2.313700535745511,22.318298,9.546336,1952
1002,r4i1p1f1,1952,09,29,46.09665818661597,16.190691,8.554746,1952
1003,r4i1p1f1,1952,09,30,14.363773720492645,15.027618,6.243722,1952
1004,r4i1p1f1,1952,10,01,1.131859092117793,21.218971,7.6397705,1952
1005,r4i1p1f1,1952,10,02,0.0,24.4757,9.75106,1952
1006,r4i1p1f1,1952,10,03,0.0,26.527143,10.692617,1952
1007,r4i1p1f1,1952,10,04,0.0,27.771578,11.625797,1952
1008,r4i1p1f1,1952,10,05,0.0,27.068699,10.845404,1952
1009,r4i1p1f1,1952,10,06,0.0,27.858128,11.442672,1952
1010,r4i1p1f1,1952,10,07,0.0,27.702873,11.003054,1952
1011,r4i1p1f1,1952,10,08,0.0,25.86823,10.571114,1952
1012,r4i1p1f1,1952,10,09,0.0,25.793905,12.762002,1952
1013,r4i1p1f1,1952,10,10,0.0022824744974059286,21.696564,11.223391,1952
1014,r4i1p1f1,1952,10,11,0.0,23.112574,11.245494,1952
1015,r4i1p1f1,1952,10,12,0.7543960808874317,22.598576,11.98251,1952
1016,r4i1p1f1,1952,10,13,15.979057165804988,18.748802,10.193687,1952
1017,r4i1p1f1,1952,10,14,9.257426359295096,19.17843,9.806187,1952
1018,r4i1p1f1,1952,10,15,10.862149126336362,18.90882,9.19583,1952
1019,r4i1p1f1,1952,10,16,19.906374976949337,17.260351,8.403889,1952
1020,r4i1p1f1,1952,10,17,0.004056163925270084,18.311787,7.944586,1952
1021,r4i1p1f1,1952,10,18,0.05896244610426038,17.950928,6.1862497,1952
1022,r4i1p1f1,1952,10,19,0.0,18.055565,4.3821507,1952
1023,r4i1p1f1,1952,10,20,0.0,18.744339,5.2373567,1952
1024,r4i1p1f1,1952,10,21,0.0,19.035069,6.109063,1952
1025,r4i1p1f1,1952,10,22,0.0,19.23312,5.906802,1952
1026,r4i1p1f1,1952,10,23,0.0,23.012575,7.021725,1952
1027,r4i1p1f1,1952,10,24,0.0,21.175497,6.9021473,1952
1028,r4i1p1f1,1952,10,25,0.0,23.047976,6.2484064,1952
1029,r4i1p1f1,1952,10,26,0.0,22.867928,6.2208138,1952
1030,r4i1p1f1,1952,10,27,0.0,22.193264,6.049547,1952
1031,r4i1p1f1,1952,10,28,0.0,22.390274,6.5307107,1952
1032,r4i1p1f1,1952,10,29,0.0,23.359314,6.7777643,1952
1033,r4i1p1f1,1952,10,30,0.0,21.9014,6.681835,1952
1034,r4i1p1f1,1952,10,31,0.0,22.200745,6.2523823,1952
1035,r4i1p1f1,1952,11,01,0.0,19.98838,6.542131,1952
1036,r4i1p1f1,1952,11,02,0.0,19.324701,6.417772,1952
1037,r4i1p1f1,1952,11,03,0.0,19.958473,4.268867,1952
1038,r4i1p1f1,1952,11,04,0.0,22.095675,5.4673495,1952
1039,r4i1p1f1,1952,11,05,0.0,21.774681,6.5917883,1952
1040,r4i1p1f1,1952,11,06,0.0,22.211555,6.627511,1952
1041,r4i1p1f1,1952,11,07,0.0,22.802925,6.5895514,1952
1042,r4i1p1f1,1952,11,08,0.0,21.700785,6.0890436,1952
1043,r4i1p1f1,1952,11,09,0.0,21.202166,5.0296483,1952
1044,r4i1p1f1,1952,11,10,0.0,21.08021,4.6877403,1952
1045,r4i1p1f1,1952,11,11,0.0,19.854717,3.3674746,1952
1046,r4i1p1f1,1952,11,12,0.0,19.87216,2.3476553,1952
1047,r4i1p1f1,1952,11,13,0.0,19.497871,2.3843727,1952
1048,r4i1p1f1,1952,11,14,0.0,19.25614,1.8427786,1952
1049,r4i1p1f1,1952,11,15,0.0,19.184431,3.014118,1952
1050,r4i1p1f1,1952,11,16,0.0,18.48231,1.3915429,1952
1051,r4i1p1f1,1952,11,17,0.0,19.150843,4.600417,1952
1052,r4i1p1f1,1952,11,18,0.0,18.499432,2.6044207,1952
1053,r4i1p1f1,1952,11,19,0.0,19.593454,3.6519728,1952
1054,r4i1p1f1,1952,11,20,0.0,17.005089,3.2924407,1952
1055,r4i1p1f1,1952,11,21,0.0,16.445993,-0.7685078,1952
1056,r4i1p1f1,1952,11,22,0.0,10.604416,-4.051847,1952
1057,r4i1p1f1,1952,11,23,0.0,11.025833,-1.0921866,1952
1058,r4i1p1f1,1952,11,24,0.0,12.655292,-3.722621,1952
1059,r4i1p1f1,1952,11,25,1.242047044840433,13.014236,3.1836157,1952
1060,r4i1p1f1,1952,11,26,0.0,14.367454,0.83208066,1952
1061,r4i1p1f1,1952,11,27,13.104370602150084,14.542177,2.983122,1952
1062,r4i1p1f1,1952,11,28,2.7163687108838985,16.254318,3.05066,1952
1063,r4i1p1f1,1952,11,29,51.45732805794978,14.147078,5.4454985,1952
1064,r4i1p1f1,1952,11,30,5.989311868825098,16.201586,6.5627875,1952
1065,r4i1p1f1,1952,12,01,13.445954880171485,15.1189,9.25736,1952
1066,r4i1p1f1,1952,12,02,12.102469637704871,14.34984,7.3525076,1952
1067,r4i1p1f1,1952,12,03,22.010673535839942,13.950593,4.7621746,1952
1068,r4i1p1f1,1952,12,04,22.009907281153573,10.547241,-1.5106702,1952
1069,r4i1p1f1,1952,12,05,5.5685112988157925,2.2880175,-3.3669252,1952
1070,r4i1p1f1,1952,12,06,0.0,4.5539885,-6.231976,1952
1071,r4i1p1f1,1952,12,07,13.33079186752002,1.2176142,-7.671864,1952
1072,r4i1p1f1,1952,12,08,9.961969789884506,0.6720674,-10.3420925,1952
1073,r4i1p1f1,1952,12,09,0.0,-1.4233314,-14.060909,1952
1074,r4i1p1f1,1952,12,10,0.0,0.27919203,-13.0221615,1952
1075,r4i1p1f1,1952,12,11,1.7324199899064752,3.8391504,-8.33231,1952
1076,r4i1p1f1,1952,12,12,0.0,6.509136,-5.7269773,1952
1077,r4i1p1f1,1952,12,13,0.0,6.745423,-5.6405888,1952
1078,r4i1p1f1,1952,12,14,7.574907757549454,7.492596,-2.463268,1952
1079,r4i1p1f1,1952,12,15,1.2317198553773778,6.4446893,-1.9074075,1952
1080,r4i1p1f1,1952,12,16,3.089008846336583,7.1301064,-0.044758584,1952
1081,r4i1p1f1,1952,12,17,9.524907814443395,9.567626,1.5600458,1952
1082,r4i1p1f1,1952,12,18,0.0,5.81414,-7.4231052,1952
1083,r4i1p1f1,1952,12,19,0.0,5.2318974,-6.196768,1952
1084,r4i1p1f1,1952,12,20,0.0,10.246362,-0.9855208,1952
1085,r4i1p1f1,1952,12,21,0.0,10.543795,-0.068763256,1952
1086,r4i1p1f1,1952,12,22,6.1622499951681675,7.3428397,0.6293178,1952
1087,r4i1p1f1,1952,12,23,0.0,7.6857343,0.31775755,1952
1088,r4i1p1f1,1952,12,24,0.052820662403973984,8.493341,3.15,1952
1089,r4i1p1f1,1952,12,25,0.0,8.200789,-0.09563875,1952
1090,r4i1p1f1,1952,12,26,0.0,9.468774,-0.6432784,1952
1091,r4i1p1f1,1952,12,27,0.00224831084096877,9.491868,1.6211543,1952
1092,r4i1p1f1,1952,12,28,0.47145440370854885,9.263294,2.854309,1952
1093,r4i1p1f1,1952,12,29,0.0,11.068233,3.7047179,1952
1094,r4i1p1f1,1952,12,30,6.256531390181408,7.757343,2.1905274,1952
1095,r4i1p1f1,1952,12,31,15.547538676264594,8.59161,3.3948507,1952
1096,r4i1p1f1,1953,01,01,0.0,9.144436,2.6796484,1953
1097,r4i1p1f1,1953,01,02,0.0,10.699144,1.5381101,1953
1098,r4i1p1f1,1953,01,03,0.0,10.031754,-1.5878618,1953
1099,r4i1p1f1,1953,01,04,0.0,10.393119,-1.6027666,1953
1100,r4i1p1f1,1953,01,05,0.0,10.411242,-1.5136476,1953
1101,r4i1p1f1,1953,01,06,0.045983945346961264,10.913816,-2.2828116,1953
1102,r4i1p1f1,1953,01,07,6.211838072795217,7.364962,-3.341694,1953
1103,r4i1p1f1,1953,01,08,0.0,12.48969,0.72898823,1953
1104,r4i1p1f1,1953,01,09,0.0,9.67179,-0.94259685,1953
1105,r4i1p1f1,1953,01,10,0.0,9.346909,4.064213,1953
1106,r4i1p1f1,1953,01,11,0.09073863016055839,8.689657,2.032893,1953
1107,r4i1p1f1,1953,01,12,0.0610845469054766,9.132365,0.9937781,1953
1108,r4i1p1f1,1953,01,13,1.4773793802362434,7.8799915,2.4607365,1953
1109,r4i1p1f1,1953,01,14,21.713469108362915,7.074215,0.9326017,1953
1110,r4i1p1f1,1953,01,15,5.475323974940238,5.1329923,-4.132555,1953
1111,r4i1p1f1,1953,01,16,0.25204358578889696,4.099516,-7.5821924,1953
1112,r4i1p1f1,1953,01,17,13.796556406759919,3.9474356,-1.8745567,1953
1113,r4i1p1f1,1953,01,18,0.0,6.2618446,-6.0115232,1953
1114,r4i1p1f1,1953,01,19,0.0,7.9298706,-6.340383,1953
1115,r4i1p1f1,1953,01,20,0.0,9.666704,-3.8675559,1953
1116,r4i1p1f1,1953,01,21,0.0,10.095979,-3.4623835,1953
1117,r4i1p1f1,1953,01,22,0.0,9.654955,-4.3341727,1953
1118,r4i1p1f1,1953,01,23,0.0,9.163965,-2.5964518,1953
1119,r4i1p1f1,1953,01,24,1.0122086540548025,5.3590045,-2.353293,1953
1120,r4i1p1f1,1953,01,25,2.0327056281700173,7.5760574,0.74155426,1953
1121,r4i1p1f1,1953,01,26,17.911314235971076,7.3327723,1.256946,1953
1122,r4i1p1f1,1953,01,27,36.71185141065507,8.691053,2.3372889,1953
1123,r4i1p1f1,1953,01,28,0.956794267435157,9.89584,0.010024865,1953
1124,r4i1p1f1,1953,01,29,0.0,12.181831,0.09871573,1953
1125,r4i1p1f1,1953,01,30,8.521604936072436,8.471134,0.37126017,1953
1126,r4i1p1f1,1953,01,31,14.176691388001927,8.408364,3.7536922,1953
1127,r4i1p1f1,1953,02,01,15.858907665642619,8.738076,1.4147947,1953
1128,r4i1p1f1,1953,02,02,10.137869852587755,4.716223,-5.6861544,1953
1129,r4i1p1f1,1953,02,03,0.0,7.621058,-4.2949734,1953
1130,r4i1p1f1,1953,02,04,0.0,11.385807,-0.7807834,1953
1131,r4i1p1f1,1953,02,05,0.0,12.49232,0.34466854,1953
1132,r4i1p1f1,1953,02,06,0.0,11.769451,-0.88255906,1953
1133,r4i1p1f1,1953,02,07,0.8980814641972756,11.599468,1.475668,1953
1134,r4i1p1f1,1953,02,08,0.04198158467261237,11.038206,2.8634386,1953
1135,r4i1p1f1,1953,02,09,8.795052116329316,7.002864,0.27538988,1953
1136,r4i1p1f1,1953,02,10,0.008101402454485651,8.746322,-2.6525524,1953
1137,r4i1p1f1,1953,02,11,0.0,7.916666,-5.379403,1953
1138,r4i1p1f1,1953,02,12,0.0,9.00023,-1.7811396,1953
1139,r4i1p1f1,1953,02,13,0.0,7.3662534,-5.306241,1953
1140,r4i1p1f1,1953,02,14,0.0,4.6094046,-7.7216916,1953
1141,r4i1p1f1,1953,02,15,0.0,5.179014,-8.537102,1953
1142,r4i1p1f1,1953,02,16,0.0,5.941848,-8.000429,1953
1143,r4i1p1f1,1953,02,17,4.292363246526065,3.5868535,-7.4705067,1953
1144,r4i1p1f1,1953,02,18,37.011918814096134,8.305026,-1.5463496,1953
1145,r4i1p1f1,1953,02,19,4.5565682824360465,7.3535256,-2.2087317,1953
1146,r4i1p1f1,1953,02,20,0.08823060695704044,5.317957,-8.598309,1953
1147,r4i1p1f1,1953,02,21,0.0,7.128257,-7.323946,1953
1148,r4i1p1f1,1953,02,22,0.008464996426482685,8.434096,-3.102167,1953
1149,r4i1p1f1,1953,02,23,0.0,11.001585,-1.8578699,1953
1150,r4i1p1f1,1953,02,24,2.028209549246185,8.90397,-0.12469149,1953
1151,r4i1p1f1,1953,02,25,0.0,9.673679,2.3264332,1953
1152,r4i1p1f1,1953,02,26,2.441940048458946,8.268048,1.0619093,1953
1153,r4i1p1f1,1953,02,27,0.30753151154385705,9.873758,-1.3193736,1953
1154,r4i1p1f1,1953,02,28,0.06548978800537952,10.603388,1.0465951,1953
1155,r4i1p1f1,1953,03,01,0.0,12.096732,-1.5346928,1953
1156,r4i1p1f1,1953,03,02,0.0,12.906192,0.34905344,1953
1157,r4i1p1f1,1953,03,03,0.0,13.28605,1.7375758,1953
1158,r4i1p1f1,1953,03,04,0.0,15.740361,1.5513005,1953
1159,r4i1p1f1,1953,03,05,0.0,20.588608,1.2894845,1953
1160,r4i1p1f1,1953,03,06,0.0,21.378624,4.169443,1953
1161,r4i1p1f1,1953,03,07,0.0,21.576912,4.8140445,1953
1162,r4i1p1f1,1953,03,08,0.0,21.109545,5.058878,1953
1163,r4i1p1f1,1953,03,09,0.0,20.3906,5.0117974,1953
1164,r4i1p1f1,1953,03,10,0.0,18.513275,4.5240827,1953
1165,r4i1p1f1,1953,03,11,0.5483250058716749,18.829836,5.2890053,1953
1166,r4i1p1f1,1953,03,12,1.310135325650208,13.061315,-0.09496382,1953
1167,r4i1p1f1,1953,03,13,0.0028653243361986824,11.765458,0.29823917,1953
1168,r4i1p1f1,1953,03,14,0.0448224125197072,10.074886,-2.6058784,1953
1169,r4i1p1f1,1953,03,15,1.1289293168005088,10.193807,-1.5870255,1953
1170,r4i1p1f1,1953,03,16,0.6665627083975778,11.219959,3.5866432,1953
1171,r4i1p1f1,1953,03,17,12.278822966453617,12.591305,5.0062075,1953
1172,r4i1p1f1,1953,03,18,0.07278906302872201,14.222685,1.6533685,1953
1173,r4i1p1f1,1953,03,19,0.0001588398344853914,15.522022,3.367257,1953
1174,r4i1p1f1,1953,03,20,0.0,16.250639,4.94796,1953
1175,r4i1p1f1,1953,03,21,0.0,14.993857,4.2239194,1953
1176,r4i1p1f1,1953,03,22,0.0,15.331456,4.126347,1953
1177,r4i1p1f1,1953,03,23,0.1595082631013156,12.726861,0.9917758,1953
1178,r4i1p1f1,1953,03,24,1.8245932450554392,11.771646,1.2118493,1953
1179,r4i1p1f1,1953,03,25,0.08003840871140255,11.753764,3.0823712,1953
1180,r4i1p1f1,1953,03,26,3.775576182192708,14.156429,2.6939576,1953
1181,r4i1p1f1,1953,03,27,0.01801102638978591,17.15394,5.7402973,1953
1182,r4i1p1f1,1953,03,28,2.0486984273475173,11.707561,1.2478195,1953
1183,r4i1p1f1,1953,03,29,3.4759063048340977,9.90752,-3.360583,1953
1184,r4i1p1f1,1953,03,30,8.998564765170158,6.6378675,-1.9970442,1953
1185,r4i1p1f1,1953,03,31,10.525271235019318,9.012768,-2.3698435,1953
1186,r4i1p1f1,1953,04,01,27.572109351604013,9.727725,1.0404466,1953
1187,r4i1p1f1,1953,04,02,0.3601997135376678,12.35342,-0.8283165,1953
1188,r4i1p1f1,1953,04,03,0.0,14.734301,3.676985,1953
1189,r4i1p1f1,1953,04,04,0.0,15.154214,0.34969684,1953
1190,r4i1p1f1,1953,04,05,0.0,16.784775,1.4119484,1953
1191,r4i1p1f1,1953,04,06,12.798443169685925,12.2177515,2.0586066,1953
1192,r4i1p1f1,1953,04,07,0.0,17.299126,1.1521764,1953
1193,r4i1p1f1,1953,04,08,33.98740871416521,13.825139,0.057301417,1953
1194,r4i1p1f1,1953,04,09,8.528760610295194,9.655796,1.0059605,1953
1195,r4i1p1f1,1953,04,10,2.025326009677997,13.4513,3.1322265,1953
1196,r4i1p1f1,1953,04,11,0.0,15.482435,0.5220166,1953
1197,r4i1p1f1,1953,04,12,0.0,16.919664,2.5272799,1953
1198,r4i1p1f1,1953,04,13,4.839596751253339,14.290724,1.688942,1953
1199,r4i1p1f1,1953,04,14,19.743432654786375,10.255958,2.273794,1953
1200,r4i1p1f1,1953,04,15,0.0,15.575085,1.2426745,1953
1201,r4i1p1f1,1953,04,16,0.0,13.520985,0.37084866,1953
1202,r4i1p1f1,1953,04,17,7.107220224065713,15.0170765,1.0890529,1953
1203,r4i1p1f1,1953,04,18,40.918388116188,13.462275,-0.28187487,1953
1204,r4i1p1f1,1953,04,19,0.32152181447600015,12.287265,1.4195852,1953
1205,r4i1p1f1,1953,04,20,0.004756179032483487,17.810453,6.042673,1953
1206,r4i1p1f1,1953,04,21,0.0,19.539614,5.414237,1953
1207,r4i1p1f1,1953,04,22,0.0,19.799452,5.498518,1953
1208,r4i1p1f1,1953,04,23,12.576550664607566,12.692062,1.7301755,1953
1209,r4i1p1f1,1953,04,24,0.0,18.639683,2.3092775,1953
1210,r4i1p1f1,1953,04,25,0.0,19.720436,3.4120984,1953
1211,r4i1p1f1,1953,04,26,0.0,19.86877,4.3499045,1953
1212,r4i1p1f1,1953,04,27,0.0,20.415401,5.414686,1953
1213,r4i1p1f1,1953,04,28,0.0,18.533363,6.911136,1953
1214,r4i1p1f1,1953,04,29,2.763963950121706,18.302086,4.892201,1953
1215,r4i1p1f1,1953,04,30,0.0,20.42572,6.6745224,1953
1216,r4i1p1f1,1953,05,01,11.819097117768251,13.55887,4.625829,1953
1217,r4i1p1f1,1953,05,02,29.056972250327817,10.95877,-0.86334395,1953
1218,r4i1p1f1,1953,05,03,0.031096560667265294,14.527091,0.60189545,1953
1219,r4i1p1f1,1953,05,04,0.0,18.74054,3.400133,1953
1220,r4i1p1f1,1953,05,05,0.0,21.380808,4.969863,1953
1221,r4i1p1f1,1953,05,06,0.0,21.593004,7.3162436,1953
1222,r4i1p1f1,1953,05,07,0.0,22.166376,6.761682,1953
1223,r4i1p1f1,1953,05,08,0.0,18.714897,4.6278577,1953
1224,r4i1p1f1,1953,05,09,0.0,19.760408,2.86263,1953
1225,r4i1p1f1,1953,05,10,0.0,20.663586,3.8437319,1953
1226,r4i1p1f1,1953,05,11,0.0,22.040142,4.995812,1953
1227,r4i1p1f1,1953,05,12,0.0,21.196686,4.4395285,1953
1228,r4i1p1f1,1953,05,13,0.0,21.054594,4.4256954,1953
1229,r4i1p1f1,1953,05,14,0.032829374231369,12.962366,2.6166625,1953
1230,r4i1p1f1,1953,05,15,0.04004848942713579,15.455597,1.4212036,1953
1231,r4i1p1f1,1953,05,16,0.0,14.674923,3.1511488,1953
1232,r4i1p1f1,1953,05,17,0.05092754408053679,17.968573,2.9108744,1953
1233,r4i1p1f1,1953,05,18,0.05957631074124947,20.058311,2.7038014,1953
1234,r4i1p1f1,1953,05,19,0.0,22.714684,6.600485,1953
1235,r4i1p1f1,1953,05,20,1.1045031817531026,20.02751,3.0539365,1953
1236,r4i1p1f1,1953,05,21,0.0,21.266825,4.6861963,1953
1237,r4i1p1f1,1953,05,22,0.0,22.631088,7.2340198,1953
1238,r4i1p1f1,1953,05,23,0.008562822915791912,17.915548,8.283649,1953
1239,r4i1p1f1,1953,05,24,6.036918059754726,17.025017,4.7695527,1953
1240,r4i1p1f1,1953,05,25,7.14386257567412,16.060406,4.3124256,1953
1241,r4i1p1f1,1953,05,26,3.1246120159266866,17.540777,4.2687497,1953
1242,r4i1p1f1,1953,05,27,0.9573533593993488,19.62721,7.1323514,1953
1243,r4i1p1f1,1953,05,28,0.4383109308037092,19.525753,5.719225,1953
1244,r4i1p1f1,1953,05,29,0.7018223317572847,21.639797,6.965836,1953
1245,r4i1p1f1,1953,05,30,0.0,24.902067,9.091418,1953
1246,r4i1p1f1,1953,05,31,0.0,24.625269,8.263004,1953
1247,r4i1p1f1,1953,06,01,0.0,22.803034,7.5502234,1953
1248,r4i1p1f1,1953,06,02,4.590193575313606,18.861671,1.4403732,1953
1249,r4i1p1f1,1953,06,03,0.17190705283383068,23.405882,6.877469,1953
1250,r4i1p1f1,1953,06,04,0.05924628544562438,24.667336,7.532769,1953
1251,r4i1p1f1,1953,06,05,0.13639692233482492,26.061497,7.6572104,1953
1252,r4i1p1f1,1953,06,06,0.020621206681425974,28.746412,9.860188,1953
1253,r4i1p1f1,1953,06,07,0.0,29.699455,10.328618,1953
1254,r4i1p1f1,1953,06,08,0.0,30.049831,10.798467,1953
1255,r4i1p1f1,1953,06,09,0.0,30.675697,12.349148,1953
1256,r4i1p1f1,1953,06,10,0.10709515881899279,31.46327,12.186462,1953
1257,r4i1p1f1,1953,06,11,0.0,31.03361,13.026676,1953
1258,r4i1p1f1,1953,06,12,0.0,30.022604,11.648889,1953
1259,r4i1p1f1,1953,06,13,0.031429159025719855,31.68492,13.093574,1953
1260,r4i1p1f1,1953,06,14,0.0,31.066267,13.415421,1953
1261,r4i1p1f1,1953,06,15,0.04260857110125471,30.583351,12.685004,1953
1262,r4i1p1f1,1953,06,16,0.0,27.222052,11.265743,1953
1263,r4i1p1f1,1953,06,17,6.141199272906306,22.176592,9.321716,1953
1264,r4i1p1f1,1953,06,18,0.023331046850216808,23.218773,9.838673,1953
1265,r4i1p1f1,1953,06,19,2.7021067357054562,23.523537,8.424809,1953
1266,r4i1p1f1,1953,06,20,3.519780072872436,18.803497,6.572926,1953
1267,r4i1p1f1,1953,06,21,1.7421601879050286,17.40566,5.5094333,1953
1268,r4i1p1f1,1953,06,22,3.9005829464713315,16.22344,2.4982467,1953
1269,r4i1p1f1,1953,06,23,0.8508856107511065,20.265976,6.692724,1953
1270,r4i1p1f1,1953,06,24,0.026214672766400327,22.555853,6.9696393,1953
1271,r4i1p1f1,1953,06,25,0.0,27.938978,10.905852,1953
1272,r4i1p1f1,1953,06,26,0.0,29.770163,12.876,1953
1273,r4i1p1f1,1953,06,27,0.0,31.007786,13.929531,1953
1274,r4i1p1f1,1953,06,28,0.0,30.889482,13.718052,1953
1275,r4i1p1f1,1953,06,29,0.0,27.329973,10.141286,1953
1276,r4i1p1f1,1953,06,30,0.0,23.526762,8.108498,1953
1277,r4i1p1f1,1953,07,01,0.0,29.04609,9.982427,1953
1278,r4i1p1f1,1953,07,02,0.0,32.06533,11.88908,1953
1279,r4i1p1f1,1953,07,03,0.0,34.833588,14.329363,1953
1280,r4i1p1f1,1953,07,04,0.0,35.38154,14.407756,1953
1281,r4i1p1f1,1953,07,05,0.0,33.64866,13.437457,1953
1282,r4i1p1f1,1953,07,06,0.0,33.665493,13.471646,1953
1283,r4i1p1f1,1953,07,07,0.0,33.065193,13.5841675,1953
1284,r4i1p1f1,1953,07,08,0.0,32.74344,15.043221,1953
1285,r4i1p1f1,1953,07,09,0.0,31.336313,14.787062,1953
1286,r4i1p1f1,1953,07,10,0.0,30.492357,12.324495,1953
1287,r4i1p1f1,1953,07,11,0.0,30.794434,11.703884,1953
1288,r4i1p1f1,1953,07,12,0.0,32.77351,11.982421,1953
1289,r4i1p1f1,1953,07,13,0.0,34.282303,13.6770315,1953
1290,r4i1p1f1,1953,07,14,0.0,34.661728,15.326699,1953
1291,r4i1p1f1,1953,07,15,0.0,34.642868,14.999363,1953
1292,r4i1p1f1,1953,07,16,0.0,35.06181,15.177521,1953
1293,r4i1p1f1,1953,07,17,0.0,35.596436,16.412218,1953
1294,r4i1p1f1,1953,07,18,0.0,36.419495,16.68769,1953
1295,r4i1p1f1,1953,07,19,0.0,35.698982,16.607815,1953
1296,r4i1p1f1,1953,07,20,0.0,34.282967,16.28442,1953
1297,r4i1p1f1,1953,07,21,0.0,34.661057,16.664873,1953
1298,r4i1p1f1,1953,07,22,0.0,33.795776,16.766052,1953
1299,r4i1p1f1,1953,07,23,0.0,31.585917,14.154736,1953
1300,r4i1p1f1,1953,07,24,0.0,30.809492,11.786823,1953
1301,r4i1p1f1,1953,07,25,0.0,29.824837,10.604168,1953
1302,r4i1p1f1,1953,07,26,0.0,31.25745,13.073394,1953
1303,r4i1p1f1,1953,07,27,0.0,32.190765,13.752941,1953
1304,r4i1p1f1,1953,07,28,0.0,32.341133,14.581314,1953
1305,r4i1p1f1,1953,07,29,0.0,31.05607,13.424046,1953
1306,r4i1p1f1,1953,07,30,0.0,33.613956,14.482568,1953
1307,r4i1p1f1,1953,07,31,0.0,34.131584,15.253529,1953
1308,r4i1p1f1,1953,08,01,0.0,33.14267,14.552671,1953
1309,r4i1p1f1,1953,08,02,0.0,29.773521,11.194337,1953
1310,r4i1p1f1,1953,08,03,0.0,26.20149,9.136641,1953
1311,r4i1p1f1,1953,08,04,0.0,28.87847,9.378695,1953
1312,r4i1p1f1,1953,08,05,0.0,30.509268,11.725631,1953
1313,r4i1p1f1,1953,08,06,0.0,32.340153,13.213201,1953
1314,r4i1p1f1,1953,08,07,0.0,33.770824,14.959749,1953
1315,r4i1p1f1,1953,08,08,0.0,34.921383,16.109083,1953
1316,r4i1p1f1,1953,08,09,0.0,35.106422,16.905148,1953
1317,r4i1p1f1,1953,08,10,0.042102873908334004,34.500626,16.906092,1953
1318,r4i1p1f1,1953,08,11,2.532937486864739,33.24626,15.859126,1953
1319,r4i1p1f1,1953,08,12,0.0,32.02516,15.197279,1953
1320,r4i1p1f1,1953,08,13,0.0,32.45105,15.385225,1953
1321,r4i1p1f1,1953,08,14,0.0,31.694654,14.648197,1953
1322,r4i1p1f1,1953,08,15,0.0,32.013123,14.412535,1953
1323,r4i1p1f1,1953,08,16,0.0,31.707737,14.302677,1953
1324,r4i1p1f1,1953,08,17,0.0,29.947004,11.522085,1953
1325,r4i1p1f1,1953,08,18,0.0,27.06157,9.63974,1953
1326,r4i1p1f1,1953,08,19,0.0,28.74081,11.823426,1953
1327,r4i1p1f1,1953,08,20,0.0,29.63799,12.309923,1953
1328,r4i1p1f1,1953,08,21,0.0,29.396074,11.246151,1953
1329,r4i1p1f1,1953,08,22,0.0,28.328112,10.195295,1953
1330,r4i1p1f1,1953,08,23,0.0,28.162607,9.914257,1953
1331,r4i1p1f1,1953,08,24,0.0,27.166134,9.30808,1953
1332,r4i1p1f1,1953,08,25,0.0,25.759768,7.7639127,1953
1333,r4i1p1f1,1953,08,26,0.0,26.08042,8.16151,1953
1334,r4i1p1f1,1953,08,27,0.0,26.100925,7.881367,1953
1335,r4i1p1f1,1953,08,28,0.0,25.054817,7.8580923,1953
1336,r4i1p1f1,1953,08,29,0.0,22.413563,4.811964,1953
1337,r4i1p1f1,1953,08,30,0.0,21.176823,3.8638391,1953
1338,r4i1p1f1,1953,08,31,0.0,23.034538,5.7467637,1953
1339,r4i1p1f1,1953,09,01,0.0,23.732384,7.386488,1953
1340,r4i1p1f1,1953,09,02,0.0,25.894716,8.636891,1953
1341,r4i1p1f1,1953,09,03,0.0,28.756409,11.454729,1953
1342,r4i1p1f1,1953,09,04,0.0,30.55368,12.358885,1953
1343,r4i1p1f1,1953,09,05,0.0,32.94976,15.1732855,1953
1344,r4i1p1f1,1953,09,06,0.561613026957275,33.225212,16.658422,1953
1345,r4i1p1f1,1953,09,07,0.0,33.147476,15.969999,1953
1346,r4i1p1f1,1953,09,08,0.0,32.431316,15.186647,1953
1347,r4i1p1f1,1953,09,09,0.0,32.303417,15.161738,1953
1348,r4i1p1f1,1953,09,10,0.0,34.05609,15.830909,1953
1349,r4i1p1f1,1953,09,11,0.0,33.647068,14.906315,1953
1350,r4i1p1f1,1953,09,12,0.0,33.40539,14.908144,1953
1351,r4i1p1f1,1953,09,13,0.0,33.70228,15.253132,1953
1352,r4i1p1f1,1953,09,14,0.0,33.8723,15.519475,1953
1353,r4i1p1f1,1953,09,15,0.0,32.781204,15.085704,1953
1354,r4i1p1f1,1953,09,16,0.0,29.455597,12.436621,1953
1355,r4i1p1f1,1953,09,17,0.0,30.590532,12.785554,1953
1356,r4i1p1f1,1953,09,18,0.0,33.056686,15.401723,1953
1357,r4i1p1f1,1953,09,19,0.0,32.493668,16.245022,1953
1358,r4i1p1f1,1953,09,20,0.0,28.531769,12.249406,1953
1359,r4i1p1f1,1953,09,21,0.0,26.805258,9.756392,1953
1360,r4i1p1f1,1953,09,22,0.0,23.219154,8.348462,1953
1361,r4i1p1f1,1953,09,23,0.0,20.961113,7.232132,1953
1362,r4i1p1f1,1953,09,24,0.0,27.358473,8.711211,1953
1363,r4i1p1f1,1953,09,25,0.0,28.631935,9.782955,1953
1364,r4i1p1f1,1953,09,26,0.0,26.697294,10.125519,1953
1365,r4i1p1f1,1953,09,27,0.0,25.655006,9.366543,1953
1366,r4i1p1f1,1953,09,28,0.0,29.694662,11.075503,1953
1367,r4i1p1f1,1953,09,29,0.0,29.433231,10.674043,1953
1368,r4i1p1f1,1953,09,30,0.0,29.360527,10.281076,1953
1369,r4i1p1f1,1953,10,01,0.0,23.517412,7.5915995,1953
1370,r4i1p1f1,1953,10,02,0.0,19.418865,5.3960476,1953
1371,r4i1p1f1,1953,10,03,0.0,22.358664,8.033597,1953
1372,r4i1p1f1,1953,10,04,0.0,22.46357,4.8454084,1953
1373,r4i1p1f1,1953,10,05,0.0,22.303694,5.809915,1953
1374,r4i1p1f1,1953,10,06,0.0,23.078241,5.7793565,1953
1375,r4i1p1f1,1953,10,07,0.0,23.86068,6.877923,1953
1376,r4i1p1f1,1953,10,08,0.0,26.737207,10.942134,1953
1377,r4i1p1f1,1953,10,09,0.0,27.218672,9.905262,1953
1378,r4i1p1f1,1953,10,10,0.0,28.009073,8.482512,1953
1379,r4i1p1f1,1953,10,11,0.0,27.937656,7.5160108,1953
1380,r4i1p1f1,1953,10,12,0.0,26.38542,9.070112,1953
1381,r4i1p1f1,1953,10,13,0.0,23.905182,5.093654,1953
1382,r4i1p1f1,1953,10,14,0.0,21.746323,3.0906792,1953
1383,r4i1p1f1,1953,10,15,0.0,19.595697,3.376254,1953
1384,r4i1p1f1,1953,10,16,0.0,21.822062,4.5421534,1953
1385,r4i1p1f1,1953,10,17,0.0,23.214828,4.4409537,1953
1386,r4i1p1f1,1953,10,18,0.0,23.450647,6.2080383,1953
1387,r4i1p1f1,1953,10,19,0.07124509565983317,24.13823,5.8963456,1953
1388,r4i1p1f1,1953,10,20,0.0,23.244368,5.8872113,1953
1389,r4i1p1f1,1953,10,21,0.0,24.534538,6.6553264,1953
1390,r4i1p1f1,1953,10,22,0.0,24.834051,7.506037,1953
1391,r4i1p1f1,1953,10,23,0.0,24.106133,6.7815623,1953
1392,r4i1p1f1,1953,10,24,0.0,24.72641,6.8231783,1953
1393,r4i1p1f1,1953,10,25,0.0,22.713842,7.174726,1953
1394,r4i1p1f1,1953,10,26,0.0,20.447289,7.2941155,1953
1395,r4i1p1f1,1953,10,27,0.0,21.646955,6.717166,1953
1396,r4i1p1f1,1953,10,28,0.0,21.657333,7.42088,1953
1397,r4i1p1f1,1953,10,29,0.0,21.893822,6.0663404,1953
1398,r4i1p1f1,1953,10,30,0.0,22.647318,5.8545184,1953
1399,r4i1p1f1,1953,10,31,0.0,22.3296,5.8045783,1953
1400,r4i1p1f1,1953,11,01,0.0,23.499426,6.504472,1953
1401,r4i1p1f1,1953,11,02,0.0,22.818674,6.545116,1953
1402,r4i1p1f1,1953,11,03,0.0,21.469471,8.611638,1953
1403,r4i1p1f1,1953,11,04,0.0,21.78356,5.5576344,1953
1404,r4i1p1f1,1953,11,05,0.0,21.435965,4.1439624,1953
1405,r4i1p1f1,1953,11,06,0.0,20.727058,3.6500566,1953
1406,r4i1p1f1,1953,11,07,0.0,20.194862,2.352544,1953
1407,r4i1p1f1,1953,11,08,0.0,14.68314,-2.264521,1953
1408,r4i1p1f1,1953,11,09,1.456152293485502,13.96227,-0.45762762,1953
1409,r4i1p1f1,1953,11,10,14.608002171007684,11.657253,2.5550842,1953
1410,r4i1p1f1,1953,11,11,0.13645019689079163,11.034907,3.6502256,1953
1411,r4i1p1f1,1953,11,12,0.0,15.382913,3.773359,1953
1412,r4i1p1f1,1953,11,13,4.692779979222905,16.57566,7.926455,1953
1413,r4i1p1f1,1953,11,14,23.02421417412006,14.667247,8.359685,1953
1414,r4i1p1f1,1953,11,15,5.619769811164588,12.98256,4.143714,1953
1415,r4i1p1f1,1953,11,16,0.0,13.313976,0.2752941,1953
1416,r4i1p1f1,1953,11,17,0.0,15.354937,1.7456447,1953
1417,r4i1p1f1,1953,11,18,0.0,15.963447,3.504985,1953
1418,r4i1p1f1,1953,11,19,0.0,16.068348,4.0791335,1953
1419,r4i1p1f1,1953,11,20,0.0,15.921923,3.1169758,1953
1420,r4i1p1f1,1953,11,21,0.0,15.860606,1.6055273,1953
1421,r4i1p1f1,1953,11,22,0.0,14.613946,1.8771547,1953
1422,r4i1p1f1,1953,11,23,0.0,14.312158,1.5793165,1953
1423,r4i1p1f1,1953,11,24,0.0,16.127575,-0.92092204,1953
1424,r4i1p1f1,1953,11,25,0.0,15.567762,-1.5025318,1953
1425,r4i1p1f1,1953,11,26,0.0,16.770693,0.6608543,1953
1426,r4i1p1f1,1953,11,27,0.0,16.795746,-0.7565317,1953
1427,r4i1p1f1,1953,11,28,0.0,16.456198,2.8362825,1953
1428,r4i1p1f1,1953,11,29,3.496930192062564,14.578254,3.1608799,1953
1429,r4i1p1f1,1953,11,30,2.2063952962120936,11.394343,-1.0138248,1953
1430,r4i1p1f1,1953,12,01,12.334246621981038,6.0070677,1.6085857,1953
1431,r4i1p1f1,1953,12,02,0.0,8.573017,0.72622126,1953
1432,r4i1p1f1,1953,12,03,0.030977205338444946,5.312383,-6.204706,1953
1433,r4i1p1f1,1953,12,04,0.00612727386055667,0.4753285,-9.383848,1953
1434,r4i1p1f1,1953,12,05,0.0,3.7406926,-7.31688,1953
1435,r4i1p1f1,1953,12,06,0.0,5.4342976,-6.433182,1953
1436,r4i1p1f1,1953,12,07,0.0,7.2434254,-4.078716,1953
1437,r4i1p1f1,1953,12,08,0.0,9.699424,-2.210401,1953
1438,r4i1p1f1,1953,12,09,0.0,10.273502,-1.7423333,1953
1439,r4i1p1f1,1953,12,10,0.0,10.084652,-2.5558183,1953
1440,r4i1p1f1,1953,12,11,0.0,11.202659,-1.0761169,1953
1441,r4i1p1f1,1953,12,12,0.0,11.944751,-1.4365103,1953
1442,r4i1p1f1,1953,12,13,0.0,5.599122,-6.69796,1953
1443,r4i1p1f1,1953,12,14,0.0,8.069996,-3.2910917,1953
1444,r4i1p1f1,1953,12,15,0.0,7.0188236,-4.811872,1953
1445,r4i1p1f1,1953,12,16,0.0,7.861263,-3.738399,1953
1446,r4i1p1f1,1953,12,17,0.029209582967837378,6.207339,-0.05809307,1953
1447,r4i1p1f1,1953,12,18,44.651676069406676,7.7748623,2.2892122,1953
1448,r4i1p1f1,1953,12,19,49.76528606566717,11.684634,-2.448154,1953
1449,r4i1p1f1,1953,12,20,0.1358154796605504,-1.6712023,-14.19643,1953
1450,r4i1p1f1,1953,12,21,0.0,-1.1672709,-14.285239,1953
1451,r4i1p1f1,1953,12,22,0.4184628887458075,6.595732,-5.206001,1953
1452,r4i1p1f1,1953,12,23,0.0,10.337099,0.68541694,1953
1453,r4i1p1f1,1953,12,24,0.0,10.78126,-0.5718695,1953
1454,r4i1p1f1,1953,12,25,0.0,11.118984,0.5143704,1953
1455,r4i1p1f1,1953,12,26,0.0,9.724446,-0.5999601,1953
1456,r4i1p1f1,1953,12,27,0.0,9.731251,-1.0662546,1953
1457,r4i1p1f1,1953,12,28,0.0,7.965389,-2.2717416,1953
1458,r4i1p1f1,1953,12,29,0.0,8.732533,-3.1246758,1953
1459,r4i1p1f1,1953,12,30,0.0,8.940197,-1.6832864,1953
1460,r4i1p1f1,1953,12,31,0.0,7.6482553,-2.572568,1953
1461,r4i1p1f1,1954,01,01,0.3062350988152218,6.5171604,-3.5666864,1954
1462,r4i1p1f1,1954,01,02,1.5315713366476302,8.333622,1.753432,1954
1463,r4i1p1f1,1954,01,03,0.0,13.375585,3.1370323,1954
1464,r4i1p1f1,1954,01,04,0.0,16.065453,3.3330271,1954
1465,r4i1p1f1,1954,01,05,0.0,14.730168,1.9309491,1954
1466,r4i1p1f1,1954,01,06,0.0,17.081306,3.8394237,1954
1467,r4i1p1f1,1954,01,07,0.0,15.583446,3.875626,1954
1468,r4i1p1f1,1954,01,08,0.0,17.015266,3.2237997,1954
1469,r4i1p1f1,1954,01,09,0.0,18.531013,4.3050866,1954
1470,r4i1p1f1,1954,01,10,0.0,17.269346,2.556485,1954
1471,r4i1p1f1,1954,01,11,0.0,15.190214,2.102001,1954
1472,r4i1p1f1,1954,01,12,0.0,14.057407,1.420766,1954
1473,r4i1p1f1,1954,01,13,0.0,14.185676,1.526114,1954
1474,r4i1p1f1,1954,01,14,0.0,14.367198,1.2337425,1954
1475,r4i1p1f1,1954,01,15,0.0,13.80533,1.9574018,1954
1476,r4i1p1f1,1954,01,16,5.070653530680147,9.118452,-0.33037376,1954
1477,r4i1p1f1,1954,01,17,5.928725614364794,4.9473696,-7.12764,1954
1478,r4i1p1f1,1954,01,18,0.0,7.810425,-4.652712,1954
1479,r4i1p1f1,1954,01,19,0.0,10.589412,-1.7767694,1954
1480,r4i1p1f1,1954,01,20,0.005228389454714488,10.611492,2.2797403,1954
1481,r4i1p1f1,1954,01,21,0.0,8.918828,1.022025,1954
1482,r4i1p1f1,1954,01,22,0.0,9.609161,-2.829973,1954
1483,r4i1p1f1,1954,01,23,0.0,12.92529,0.18006378,1954
1484,r4i1p1f1,1954,01,24,0.0,14.703925,0.8845432,1954
1485,r4i1p1f1,1954,01,25,0.0,17.338629,3.0454779,1954
1486,r4i1p1f1,1954,01,26,0.0,17.965506,4.4309955,1954
1487,r4i1p1f1,1954,01,27,0.0,17.962149,3.782689,1954
1488,r4i1p1f1,1954,01,28,0.0,17.792465,2.98363,1954
1489,r4i1p1f1,1954,01,29,0.0,16.247246,2.6286764,1954
1490,r4i1p1f1,1954,01,30,0.0007321969292206632,17.023582,3.8963246,1954
1491,r4i1p1f1,1954,01,31,0.6927787168933719,10.25758,-0.10574913,1954
1492,r4i1p1f1,1954,02,01,0.0,14.190178,-0.25210762,1954
1493,r4i1p1f1,1954,02,02,0.0,15.302224,1.6058398,1954
1494,r4i1p1f1,1954,02,03,0.0,16.672785,2.4976888,1954
1495,r4i1p1f1,1954,02,04,0.0,19.742147,3.7187212,1954
1496,r4i1p1f1,1954,02,05,0.0,21.253056,5.776907,1954
1497,r4i1p1f1,1954,02,06,0.0,20.309658,6.0212145,1954
1498,r4i1p1f1,1954,02,07,0.0,20.43872,4.8971505,1954
1499,r4i1p1f1,1954,02,08,0.0,20.802532,4.7134476,1954
1500,r4i1p1f1,1954,02,09,0.0,18.008781,1.2956208,1954
1501,r4i1p1f1,1954,02,10,0.0,15.399119,0.6879853,1954
1502,r4i1p1f1,1954,02,11,0.0,13.749469,-0.17241198,1954
1503,r4i1p1f1,1954,02,12,0.0,14.817433,-0.26117575,1954
1504,r4i1p1f1,1954,02,13,0.0,15.802494,1.2594618,1954
1505,r4i1p1f1,1954,02,14,1.6874906007160462,13.324049,1.9770072,1954
1506,r4i1p1f1,1954,02,15,13.665537512679293,11.964891,4.7907934,1954
1507,r4i1p1f1,1954,02,16,10.037259799264575,12.397658,2.848447,1954
1508,r4i1p1f1,1954,02,17,4.3654954818464375,14.9666,3.8787363,1954
1509,r4i1p1f1,1954,02,18,8.470458365650302,13.629357,6.9687138,1954
1510,r4i1p1f1,1954,02,19,14.492544993390766,11.364461,3.0102808,1954
1511,r4i1p1f1,1954,02,20,0.06935829031533558,16.092016,3.8090448,1954
1512,r4i1p1f1,1954,02,21,0.0,16.929525,4.1818795,1954
1513,r4i1p1f1,1954,02,22,0.0,17.891254,4.5845456,1954
1514,r4i1p1f1,1954,02,23,19.26117725815857,16.355576,3.212737,1954
1515,r4i1p1f1,1954,02,24,13.11486786378282,9.903922,2.8306227,1954
1516,r4i1p1f1,1954,02,25,0.0,14.05602,1.1522431,1954
1517,r4i1p1f1,1954,02,26,0.0,13.730109,1.8422816,1954
1518,r4i1p1f1,1954,02,27,1.0051850527830197,12.54492,2.7607026,1954
1519,r4i1p1f1,1954,02,28,4.30258090298139,12.094428,3.2454367,1954
1520,r4i1p1f1,1954,03,01,0.4645144662390521,13.788797,0.8086827,1954
1521,r4i1p1f1,1954,03,02,0.0,17.410995,1.5877599,1954
1522,r4i1p1f1,1954,03,03,0.0,17.975334,2.8344033,1954
1523,r4i1p1f1,1954,03,04,0.0,19.414896,4.2396483,1954
1524,r4i1p1f1,1954,03,05,0.0,20.319769,4.838498,1954
1525,r4i1p1f1,1954,03,06,0.0,20.302229,5.3493557,1954
1526,r4i1p1f1,1954,03,07,0.0,18.931332,5.483067,1954
1527,r4i1p1f1,1954,03,08,0.0,17.363161,3.6911724,1954
1528,r4i1p1f1,1954,03,09,0.0,19.812109,3.9850414,1954
1529,r4i1p1f1,1954,03,10,2.6305958088869374,13.7666025,2.4334788,1954
1530,r4i1p1f1,1954,03,11,1.382959185249888,12.461643,2.9230795,1954
1531,r4i1p1f1,1954,03,12,39.08427034402848,13.283246,2.0013437,1954
1532,r4i1p1f1,1954,03,13,11.863763024393847,15.701501,6.819536,1954
1533,r4i1p1f1,1954,03,14,20.780610185829573,12.626075,6.053708,1954
1534,r4i1p1f1,1954,03,15,12.408866444638988,12.770918,0.6501171,1954
1535,r4i1p1f1,1954,03,16,0.0,17.506578,2.9732938,1954
1536,r4i1p1f1,1954,03,17,0.0,18.85811,3.8286564,1954
1537,r4i1p1f1,1954,03,18,0.0,19.777895,4.1350956,1954
1538,r4i1p1f1,1954,03,19,0.0,20.378803,4.502648,1954
1539,r4i1p1f1,1954,03,20,0.0,21.159615,5.0948024,1954
1540,r4i1p1f1,1954,03,21,0.0,21.70148,5.1137557,1954
1541,r4i1p1f1,1954,03,22,0.0,22.520609,6.924707,1954
1542,r4i1p1f1,1954,03,23,0.0,18.54871,2.4209964,1954
1543,r4i1p1f1,1954,03,24,0.016359558367184945,14.944524,1.8064766,1954
1544,r4i1p1f1,1954,03,25,4.345863248011028,14.509149,1.3038379,1954
1545,r4i1p1f1,1954,03,26,0.0,15.016666,1.5904813,1954
1546,r4i1p1f1,1954,03,27,12.421240466028394,13.684871,1.0888659,1954
1547,r4i1p1f1,1954,03,28,0.4521383525627698,16.43632,4.782403,1954
1548,r4i1p1f1,1954,03,29,0.0,19.934036,5.126277,1954
1549,r4i1p1f1,1954,03,30,0.0,19.222088,5.3896437,1954
1550,r4i1p1f1,1954,03,31,0.0,15.904546,2.0111697,1954
1551,r4i1p1f1,1954,04,01,0.0,19.672049,3.474019,1954
1552,r4i1p1f1,1954,04,02,0.0,19.559238,3.6738057,1954
1553,r4i1p1f1,1954,04,03,0.0,19.654926,7.0512486,1954
1554,r4i1p1f1,1954,04,04,0.0,20.58211,7.538874,1954
1555,r4i1p1f1,1954,04,05,0.029582721253973432,20.613213,5.4937167,1954
1556,r4i1p1f1,1954,04,06,0.0,22.45475,5.9721837,1954
1557,r4i1p1f1,1954,04,07,0.3047018594088513,19.521881,4.9215984,1954
1558,r4i1p1f1,1954,04,08,4.1377207863916965,17.438362,5.0786695,1954
1559,r4i1p1f1,1954,04,09,17.771058157313746,15.330841,4.481033,1954
1560,r4i1p1f1,1954,04,10,0.7465325509429022,13.4274435,5.595824,1954
1561,r4i1p1f1,1954,04,11,3.254471945865589,15.047919,6.0750813,1954
1562,r4i1p1f1,1954,04,12,0.0,19.250355,4.347918,1954
1563,r4i1p1f1,1954,04,13,0.0,18.518898,1.8577406,1954
1564,r4i1p1f1,1954,04,14,0.0,16.848516,1.1713543,1954
1565,r4i1p1f1,1954,04,15,0.0,20.478998,1.9427804,1954
1566,r4i1p1f1,1954,04,16,0.0,21.64346,3.2668395,1954
1567,r4i1p1f1,1954,04,17,0.0,21.821375,4.8325186,1954
1568,r4i1p1f1,1954,04,18,0.0,21.614908,5.3246174,1954
1569,r4i1p1f1,1954,04,19,0.0,19.983507,5.5957527,1954
1570,r4i1p1f1,1954,04,20,0.2905272330679054,17.344076,1.1535848,1954
1571,r4i1p1f1,1954,04,21,0.0,19.671776,0.0015776423,1954
1572,r4i1p1f1,1954,04,22,0.0,19.027401,3.9318538,1954
1573,r4i1p1f1,1954,04,23,1.384008887271193,14.774819,3.1697416,1954
1574,r4i1p1f1,1954,04,24,5.127416783057015,14.279316,1.0380898,1954
1575,r4i1p1f1,1954,04,25,0.07182994905861051,15.244527,2.7844858,1954
1576,r4i1p1f1,1954,04,26,0.0,17.496649,3.1016312,1954
1577,r4i1p1f1,1954,04,27,0.0,20.421383,4.905766,1954
1578,r4i1p1f1,1954,04,28,0.003570304670574842,19.513786,5.4808106,1954
1579,r4i1p1f1,1954,04,29,0.0,21.976543,4.818981,1954
1580,r4i1p1f1,1954,04,30,0.0,25.222233,7.1555896,1954
1581,r4i1p1f1,1954,05,01,0.0,24.68413,7.859107,1954
1582,r4i1p1f1,1954,05,02,0.0,23.971724,6.3174386,1954
1583,r4i1p1f1,1954,05,03,0.0,24.698708,7.300184,1954
1584,r4i1p1f1,1954,05,04,0.0,23.03684,5.7813053,1954
1585,r4i1p1f1,1954,05,05,0.0,20.010046,4.5469494,1954
1586,r4i1p1f1,1954,05,06,0.0,21.181557,4.556781,1954
1587,r4i1p1f1,1954,05,07,0.3943574809042616,16.822887,1.3113596,1954
1588,r4i1p1f1,1954,05,08,0.12741139715330974,13.398359,0.035195086,1954
1589,r4i1p1f1,1954,05,09,17.32635968935483,9.429864,0.6330818,1954
1590,r4i1p1f1,1954,05,10,24.507719908069703,11.362349,5.3101444,1954
1591,r4i1p1f1,1954,05,11,28.226276973146014,11.541668,0.60527,1954
1592,r4i1p1f1,1954,05,12,0.04069511096531642,11.431011,1.1529696,1954
1593,r4i1p1f1,1954,05,13,0.0067394348661764525,14.141679,2.059907,1954
1594,r4i1p1f1,1954,05,14,0.0,18.172165,1.865182,1954
1595,r4i1p1f1,1954,05,15,0.0,17.3713,5.6727777,1954
1596,r4i1p1f1,1954,05,16,0.8103457269726277,14.960824,7.308073,1954
1597,r4i1p1f1,1954,05,17,20.51849359904736,12.541326,2.8295991,1954
1598,r4i1p1f1,1954,05,18,0.5235797008367626,20.154203,3.86468,1954
1599,r4i1p1f1,1954,05,19,0.0,18.220978,6.4161305,1954
1600,r4i1p1f1,1954,05,20,0.0,21.248238,6.3229723,1954
1601,r4i1p1f1,1954,05,21,0.0,23.859129,6.8346095,1954
1602,r4i1p1f1,1954,05,22,0.0,25.964334,9.268018,1954
1603,r4i1p1f1,1954,05,23,0.0,28.341803,11.444319,1954
1604,r4i1p1f1,1954,05,24,0.0,29.179382,11.610443,1954
1605,r4i1p1f1,1954,05,25,0.0,28.867662,12.578164,1954
1606,r4i1p1f1,1954,05,26,0.0,29.01004,11.135477,1954
1607,r4i1p1f1,1954,05,27,0.4031892274724669,26.358755,9.269236,1954
1608,r4i1p1f1,1954,05,28,0.0,28.587952,10.540783,1954
1609,r4i1p1f1,1954,05,29,0.12120638489250268,24.756927,10.231976,1954
1610,r4i1p1f1,1954,05,30,0.0,24.959646,8.753635,1954
1611,r4i1p1f1,1954,05,31,0.0,26.202698,9.560509,1954
1612,r4i1p1f1,1954,06,01,0.0,27.06083,7.979171,1954
1613,r4i1p1f1,1954,06,02,0.0,27.875765,10.434531,1954
1614,r4i1p1f1,1954,06,03,0.0,27.32776,9.09533,1954
1615,r4i1p1f1,1954,06,04,0.0,26.414925,8.969122,1954
1616,r4i1p1f1,1954,06,05,0.0,26.151419,9.490661,1954
1617,r4i1p1f1,1954,06,06,0.0,29.019968,8.767703,1954
1618,r4i1p1f1,1954,06,07,0.0,31.49758,11.402374,1954
1619,r4i1p1f1,1954,06,08,0.0007221715577543364,31.778683,11.986065,1954
1620,r4i1p1f1,1954,06,09,0.0,30.20832,12.088273,1954
1621,r4i1p1f1,1954,06,10,0.0,28.856113,11.241982,1954
1622,r4i1p1f1,1954,06,11,0.0,27.437374,10.622414,1954
1623,r4i1p1f1,1954,06,12,0.0,27.29249,9.643949,1954
1624,r4i1p1f1,1954,06,13,0.0,28.977932,10.4669075,1954
1625,r4i1p1f1,1954,06,14,0.0,30.289608,11.73978,1954
1626,r4i1p1f1,1954,06,15,0.0,32.884537,12.736143,1954
1627,r4i1p1f1,1954,06,16,0.0,31.829674,12.594852,1954
1628,r4i1p1f1,1954,06,17,0.0,29.927874,10.652287,1954
1629,r4i1p1f1,1954,06,18,0.0,21.943165,9.913944,1954
1630,r4i1p1f1,1954,06,19,0.21851582278031856,21.988844,8.134888,1954
1631,r4i1p1f1,1954,06,20,1.3545693573746576,20.569494,6.859728,1954
1632,r4i1p1f1,1954,06,21,0.0,29.195364,10.934885,1954
1633,r4i1p1f1,1954,06,22,0.0,30.41908,12.079202,1954
1634,r4i1p1f1,1954,06,23,0.0,32.5367,13.1881075,1954
1635,r4i1p1f1,1954,06,24,0.0,31.215193,12.586174,1954
1636,r4i1p1f1,1954,06,25,0.0,30.293613,11.082224,1954
1637,r4i1p1f1,1954,06,26,0.0,30.525078,12.639734,1954
1638,r4i1p1f1,1954,06,27,0.0,31.35734,11.936846,1954
1639,r4i1p1f1,1954,06,28,0.0,31.89737,13.059965,1954
1640,r4i1p1f1,1954,06,29,0.1006097935373873,30.57214,12.704355,1954
1641,r4i1p1f1,1954,06,30,0.0,28.664293,11.335651,1954
1642,r4i1p1f1,1954,07,01,0.0,27.952847,9.633433,1954
1643,r4i1p1f1,1954,07,02,0.0,31.837883,11.447037,1954
1644,r4i1p1f1,1954,07,03,0.0,33.03263,12.686495,1954
1645,r4i1p1f1,1954,07,04,0.0,33.236996,13.777223,1954
1646,r4i1p1f1,1954,07,05,0.13771898284176132,32.3646,13.6992235,1954
1647,r4i1p1f1,1954,07,06,0.0,32.650043,13.915368,1954
1648,r4i1p1f1,1954,07,07,0.0,34.316338,14.936314,1954
1649,r4i1p1f1,1954,07,08,0.0,33.903088,14.109219,1954
1650,r4i1p1f1,1954,07,09,0.0,33.80649,13.973114,1954
1651,r4i1p1f1,1954,07,10,0.0,31.137428,10.738532,1954
1652,r4i1p1f1,1954,07,11,0.007724572230927151,28.356005,10.188878,1954
1653,r4i1p1f1,1954,07,12,0.0,29.834242,9.919343,1954
1654,r4i1p1f1,1954,07,13,0.0,35.13926,14.707528,1954
1655,r4i1p1f1,1954,07,14,0.0,38.43959,17.3997,1954
1656,r4i1p1f1,1954,07,15,0.0,40.199104,19.134478,1954
1657,r4i1p1f1,1954,07,16,0.0,39.540432,19.775429,1954
1658,r4i1p1f1,1954,07,17,0.0,38.564285,19.640327,1954
1659,r4i1p1f1,1954,07,18,0.0,36.87805,17.349749,1954
1660,r4i1p1f1,1954,07,19,0.0,36.518547,18.008734,1954
1661,r4i1p1f1,1954,07,20,0.0,36.338284,18.110527,1954
1662,r4i1p1f1,1954,07,21,0.0,33.664135,15.557166,1954
1663,r4i1p1f1,1954,07,22,0.0,31.214792,11.645605,1954
1664,r4i1p1f1,1954,07,23,0.0,30.002668,11.958102,1954
1665,r4i1p1f1,1954,07,24,0.0,31.024424,12.6758,1954
1666,r4i1p1f1,1954,07,25,0.0,31.957153,14.294018,1954
1667,r4i1p1f1,1954,07,26,0.0,31.8781,14.7784,1954
1668,r4i1p1f1,1954,07,27,0.0,31.339182,14.219016,1954
1669,r4i1p1f1,1954,07,28,0.0,31.909678,13.477638,1954
1670,r4i1p1f1,1954,07,29,0.0,34.172302,14.001507,1954
1671,r4i1p1f1,1954,07,30,0.0,35.31492,15.644518,1954
1672,r4i1p1f1,1954,07,31,0.0,36.264973,16.718533,1954
1673,r4i1p1f1,1954,08,01,0.0,38.798405,19.110746,1954
1674,r4i1p1f1,1954,08,02,0.0,40.904057,21.100945,1954
1675,r4i1p1f1,1954,08,03,0.0,41.01325,21.93033,1954
1676,r4i1p1f1,1954,08,04,0.0,39.186825,20.123346,1954
1677,r4i1p1f1,1954,08,05,0.0,38.451775,19.214727,1954
1678,r4i1p1f1,1954,08,06,0.0,36.12677,16.668068,1954
1679,r4i1p1f1,1954,08,07,0.0,31.411316,13.08774,1954
1680,r4i1p1f1,1954,08,08,0.0,28.77166,10.890679,1954
1681,r4i1p1f1,1954,08,09,0.0,27.440529,9.754687,1954
1682,r4i1p1f1,1954,08,10,0.0,26.168915,9.164188,1954
1683,r4i1p1f1,1954,08,11,0.0,28.47624,10.744507,1954
1684,r4i1p1f1,1954,08,12,0.0,28.906141,12.2717085,1954
1685,r4i1p1f1,1954,08,13,0.0,27.966793,10.962055,1954
1686,r4i1p1f1,1954,08,14,0.0,27.334448,10.072688,1954
1687,r4i1p1f1,1954,08,15,0.0,26.896263,10.341572,1954
1688,r4i1p1f1,1954,08,16,0.0,25.378925,8.798784,1954
1689,r4i1p1f1,1954,08,17,0.0,26.10572,8.967948,1954
1690,r4i1p1f1,1954,08,18,0.0,25.929413,7.8104815,1954
1691,r4i1p1f1,1954,08,19,0.0,24.437637,7.159656,1954
1692,r4i1p1f1,1954,08,20,0.0,21.016546,4.2978907,1954
1693,r4i1p1f1,1954,08,21,0.0,22.475744,4.7777805,1954
1694,r4i1p1f1,1954,08,22,0.0,26.658634,8.67374,1954
1695,r4i1p1f1,1954,08,23,0.0,26.561419,9.0062065,1954
1696,r4i1p1f1,1954,08,24,4.463706923411337,23.93143,8.394321,1954
1697,r4i1p1f1,1954,08,25,2.6875325371321424,17.80001,1.6310308,1954
1698,r4i1p1f1,1954,08,26,9.66681915335812,23.17205,8.341595,1954
1699,r4i1p1f1,1954,08,27,3.5171795618914814,24.351599,8.781994,1954
1700,r4i1p1f1,1954,08,28,1.6160607770366653,26.157879,9.275758,1954
1701,r4i1p1f1,1954,08,29,1.4868574700670933,27.531357,11.743229,1954
1702,r4i1p1f1,1954,08,30,1.4066840868622421,28.455736,12.478596,1954
1703,r4i1p1f1,1954,08,31,0.0,29.066946,13.112247,1954
1704,r4i1p1f1,1954,09,01,0.0,29.85121,14.034746,1954
1705,r4i1p1f1,1954,09,02,0.0,28.953789,12.924785,1954
1706,r4i1p1f1,1954,09,03,0.0,31.659899,14.796626,1954
1707,r4i1p1f1,1954,09,04,0.0,31.433401,14.852434,1954
1708,r4i1p1f1,1954,09,05,0.0,30.055763,13.438801,1954
1709,r4i1p1f1,1954,09,06,0.0,28.18412,11.472739,1954
1710,r4i1p1f1,1954,09,07,0.0,21.914145,7.10217,1954
1711,r4i1p1f1,1954,09,08,0.0,18.497747,3.770698,1954
1712,r4i1p1f1,1954,09,09,0.0,20.9921,5.0533304,1954
1713,r4i1p1f1,1954,09,10,0.0,22.261074,4.7133365,1954
1714,r4i1p1f1,1954,09,11,0.0,22.457699,7.129937,1954
1715,r4i1p1f1,1954,09,12,0.0,22.433693,6.901476,1954
1716,r4i1p1f1,1954,09,13,0.0,21.794542,5.903541,1954
1717,r4i1p1f1,1954,09,14,0.0004522816425378551,16.469557,2.437119,1954
1718,r4i1p1f1,1954,09,15,0.1666171228123403,17.568111,3.569403,1954
1719,r4i1p1f1,1954,09,16,9.598821065532093,13.949566,4.811671,1954
1720,r4i1p1f1,1954,09,17,0.0,16.697493,2.3998473,1954
1721,r4i1p1f1,1954,09,18,0.0,19.482222,5.6828055,1954
1722,r4i1p1f1,1954,09,19,0.0,23.57822,7.376913,1954
1723,r4i1p1f1,1954,09,20,0.0,25.899418,9.9306,1954
1724,r4i1p1f1,1954,09,21,0.0,29.349186,10.476755,1954
1725,r4i1p1f1,1954,09,22,0.0,29.036293,11.557029,1954
1726,r4i1p1f1,1954,09,23,0.0,31.126509,12.810122,1954
1727,r4i1p1f1,1954,09,24,0.0,31.729885,12.985913,1954
1728,r4i1p1f1,1954,09,25,0.0,32.194153,13.88483,1954
1729,r4i1p1f1,1954,09,26,0.0,33.25293,14.995129,1954
1730,r4i1p1f1,1954,09,27,0.0,33.075386,14.325008,1954
1731,r4i1p1f1,1954,09,28,0.0,33.087616,16.405373,1954
1732,r4i1p1f1,1954,09,29,0.0,32.25475,15.869968,1954
1733,r4i1p1f1,1954,09,30,0.058079850305148284,32.290565,16.255089,1954
1734,r4i1p1f1,1954,10,01,0.0,32.29706,14.758375,1954
1735,r4i1p1f1,1954,10,02,0.0,33.10935,16.043415,1954
1736,r4i1p1f1,1954,10,03,0.0,33.01029,15.269904,1954
1737,r4i1p1f1,1954,10,04,0.0,33.27399,15.545341,1954
1738,r4i1p1f1,1954,10,05,0.005677273657056503,32.39736,15.111341,1954
1739,r4i1p1f1,1954,10,06,0.18324177208342007,29.958282,13.584306,1954
1740,r4i1p1f1,1954,10,07,14.95005705537551,26.268364,11.969738,1954
1741,r4i1p1f1,1954,10,08,2.9081278415787892,21.859945,8.332618,1954
1742,r4i1p1f1,1954,10,09,0.0,20.6873,8.039096,1954
1743,r4i1p1f1,1954,10,10,0.0,16.62496,4.445745,1954
1744,r4i1p1f1,1954,10,11,12.35026822519103,14.981003,6.423907,1954
1745,r4i1p1f1,1954,10,12,0.0,14.3413105,2.2974417,1954
1746,r4i1p1f1,1954,10,13,0.0,17.889198,3.262947,1954
1747,r4i1p1f1,1954,10,14,0.0,19.370893,4.842171,1954
1748,r4i1p1f1,1954,10,15,0.0,20.08952,4.5950947,1954
1749,r4i1p1f1,1954,10,16,0.0,19.594358,4.8429565,1954
1750,r4i1p1f1,1954,10,17,0.0,16.52985,4.3342166,1954
1751,r4i1p1f1,1954,10,18,0.0,14.715463,4.137257,1954
1752,r4i1p1f1,1954,10,19,0.0,15.112041,3.9538515,1954
1753,r4i1p1f1,1954,10,20,0.0,18.076687,3.8740752,1954
1754,r4i1p1f1,1954,10,21,0.8095846435821841,18.09462,5.0813518,1954
1755,r4i1p1f1,1954,10,22,0.44694707155823465,14.285156,4.507518,1954
1756,r4i1p1f1,1954,10,23,0.0,17.111458,3.0532825,1954
1757,r4i1p1f1,1954,10,24,0.0,17.796879,4.6912003,1954
1758,r4i1p1f1,1954,10,25,0.06665949060788989,21.385702,7.7959585,1954
1759,r4i1p1f1,1954,10,26,0.0,23.65827,8.8843,1954
1760,r4i1p1f1,1954,10,27,0.0,21.735098,7.706216,1954
1761,r4i1p1f1,1954,10,28,0.0,20.100811,6.181258,1954
1762,r4i1p1f1,1954,10,29,0.0,19.783556,3.4241018,1954
1763,r4i1p1f1,1954,10,30,0.0,19.043041,5.069839,1954
1764,r4i1p1f1,1954,10,31,0.0,17.499613,4.7922635,1954
1765,r4i1p1f1,1954,11,01,0.0,18.260132,3.2605846,1954
1766,r4i1p1f1,1954,11,02,0.0,20.771376,4.8262134,1954
1767,r4i1p1f1,1954,11,03,0.0,22.963434,6.0531616,1954
1768,r4i1p1f1,1954,11,04,0.0,23.488832,8.728034,1954
1769,r4i1p1f1,1954,11,05,0.0,24.493713,8.344735,1954
1770,r4i1p1f1,1954,11,06,0.0,26.256523,10.441576,1954
1771,r4i1p1f1,1954,11,07,0.0,26.009945,10.135067,1954
1772,r4i1p1f1,1954,11,08,0.0,26.582165,9.677637,1954
1773,r4i1p1f1,1954,11,09,0.0,22.142883,5.8087745,1954
1774,r4i1p1f1,1954,11,10,0.0,19.592121,4.985247,1954
1775,r4i1p1f1,1954,11,11,8.284247095571118,17.736109,7.2495694,1954
1776,r4i1p1f1,1954,11,12,15.98487531068713,10.529984,2.6540983,1954
1777,r4i1p1f1,1954,11,13,0.0036175859577269875,10.557007,0.55605626,1954
1778,r4i1p1f1,1954,11,14,0.005141619567439193,12.235564,0.20332247,1954
1779,r4i1p1f1,1954,11,15,13.856411799270063,12.353132,2.2325406,1954
1780,r4i1p1f1,1954,11,16,6.462485570159515,6.559828,-2.418986,1954
1781,r4i1p1f1,1954,11,17,0.0,8.279774,-2.3385558,1954
1782,r4i1p1f1,1954,11,18,0.0,8.825354,-3.2001948,1954
1783,r4i1p1f1,1954,11,19,0.0,10.734344,-2.281106,1954
1784,r4i1p1f1,1954,11,20,0.10161443888137,13.003182,0.15116909,1954
1785,r4i1p1f1,1954,11,21,0.0,14.499946,0.33858246,1954
1786,r4i1p1f1,1954,11,22,0.0,18.516855,0.08334451,1954
1787,r4i1p1f1,1954,11,23,0.0,20.557716,2.9840758,1954
1788,r4i1p1f1,1954,11,24,0.0,19.914608,3.7490938,1954
1789,r4i1p1f1,1954,11,25,0.0,18.579308,0.38445935,1954
1790,r4i1p1f1,1954,11,26,0.0,13.52279,-1.2280265,1954
1791,r4i1p1f1,1954,11,27,0.0,12.663485,-1.1147828,1954
1792,r4i1p1f1,1954,11,28,0.0,16.300224,-0.16195165,1954
1793,r4i1p1f1,1954,11,29,0.0,15.478755,0.73154604,1954
1794,r4i1p1f1,1954,11,30,0.0,15.465971,-0.4982038,1954
1795,r4i1p1f1,1954,12,01,0.0,14.479717,2.3318243,1954
1796,r4i1p1f1,1954,12,02,0.0,13.461596,2.2242424,1954
1797,r4i1p1f1,1954,12,03,2.3922040039366266,12.038001,3.8302774,1954
1798,r4i1p1f1,1954,12,04,5.048943308767662,9.407257,-3.2475874,1954
1799,r4i1p1f1,1954,12,05,0.0,2.0429442,-9.2812195,1954
1800,r4i1p1f1,1954,12,06,0.0,3.6383557,-9.457025,1954
1801,r4i1p1f1,1954,12,07,0.0,4.4733324,-7.7958045,1954
1802,r4i1p1f1,1954,12,08,0.0,4.512979,-5.1744723,1954
1803,r4i1p1f1,1954,12,09,0.0,9.496838,-0.080864534,1954
1804,r4i1p1f1,1954,12,10,3.0975103051673614,9.5689125,3.4892418,1954
1805,r4i1p1f1,1954,12,11,0.15271517629571463,11.496917,2.7479007,1954
1806,r4i1p1f1,1954,12,12,1.3138474674633471,11.89607,2.584859,1954
1807,r4i1p1f1,1954,12,13,11.563527885209623,13.009823,5.6982594,1954
1808,r4i1p1f1,1954,12,14,2.9741244432898384,11.941263,6.6601405,1954
1809,r4i1p1f1,1954,12,15,0.0,10.554136,5.155439,1954
1810,r4i1p1f1,1954,12,16,0.0,10.397724,4.203894,1954
1811,r4i1p1f1,1954,12,17,0.036497946510394286,10.486736,4.1830454,1954
1812,r4i1p1f1,1954,12,18,10.174391877876587,13.780667,5.1128254,1954
1813,r4i1p1f1,1954,12,19,0.016027555875552935,11.759864,6.9974103,1954
1814,r4i1p1f1,1954,12,20,0.00011163086242049758,11.653495,5.258745,1954
1815,r4i1p1f1,1954,12,21,0.0,13.083901,2.232524,1954
1816,r4i1p1f1,1954,12,22,0.0,13.1507225,1.0599855,1954
1817,r4i1p1f1,1954,12,23,0.0,14.306108,2.7081308,1954
1818,r4i1p1f1,1954,12,24,0.0,13.723824,1.419437,1954
1819,r4i1p1f1,1954,12,25,0.0,14.272511,1.5572747,1954
1820,r4i1p1f1,1954,12,26,0.0,17.408457,3.7181337,1954
1821,r4i1p1f1,1954,12,27,0.0,15.481411,3.2789872,1954
1822,r4i1p1f1,1954,12,28,0.0,15.204485,2.9441483,1954
1823,r4i1p1f1,1954,12,29,0.0,14.220339,1.795641,1954
1824,r4i1p1f1,1954,12,30,0.0,14.0634,1.8024096,1954
1825,r4i1p1f1,1954,12,31,0.23114284763323667,11.725053,3.9937532,1954
1826,r4i1p1f1,1955,01,01,43.23806510051327,10.42311,1.7548243,1955
1827,r4i1p1f1,1955,01,02,4.937887930668694,4.519388,0.5351402,1955
1828,r4i1p1f1,1955,01,03,0.0,7.393593,-3.175158,1955
1829,r4i1p1f1,1955,01,04,0.0,9.587393,-1.954531,1955
1830,r4i1p1f1,1955,01,05,0.0,8.970507,-2.2641442,1955
1831,r4i1p1f1,1955,01,06,0.0,9.688394,0.5611601,1955
1832,r4i1p1f1,1955,01,07,16.13727486501375,8.289985,2.4433491,1955
1833,r4i1p1f1,1955,01,08,0.0,7.312072,-1.6139445,1955
1834,r4i1p1f1,1955,01,09,17.95718779571871,8.837142,-1.0819198,1955
1835,r4i1p1f1,1955,01,10,46.59739552898827,12.343452,4.2456584,1955
1836,r4i1p1f1,1955,01,11,16.93289405966425,11.766232,2.8804257,1955
1837,r4i1p1f1,1955,01,12,23.49051003693603,9.321727,3.708296,1955
1838,r4i1p1f1,1955,01,13,41.1165494890156,11.436052,4.3767977,1955
1839,r4i1p1f1,1955,01,14,9.795146731289606,10.3840685,1.978293,1955
1840,r4i1p1f1,1955,01,15,0.0,11.030212,0.28101957,1955
1841,r4i1p1f1,1955,01,16,0.0,10.935535,0.703062,1955
1842,r4i1p1f1,1955,01,17,0.14889611259150115,8.13207,1.0570698,1955
1843,r4i1p1f1,1955,01,18,0.0,10.164153,0.43698597,1955
1844,r4i1p1f1,1955,01,19,0.0,13.366424,0.8739038,1955
1845,r4i1p1f1,1955,01,20,0.0,13.4393835,0.33617598,1955
1846,r4i1p1f1,1955,01,21,0.0,12.367068,-0.067754745,1955
1847,r4i1p1f1,1955,01,22,15.939693878681283,2.6945388,-4.5692215,1955
1848,r4i1p1f1,1955,01,23,21.94304479071434,2.4790335,-6.6227365,1955
1849,r4i1p1f1,1955,01,24,50.92524586725631,4.5990973,-4.626562,1955
1850,r4i1p1f1,1955,01,25,1.4951381937365227,2.646119,-10.234508,1955
1851,r4i1p1f1,1955,01,26,35.748784592578886,9.630064,-4.1630526,1955
1852,r4i1p1f1,1955,01,27,36.2906528494932,7.385097,-1.3436342,1955
1853,r4i1p1f1,1955,01,28,0.3244129013978636,6.8750052,-5.5517993,1955
1854,r4i1p1f1,1955,01,29,0.12374817520139914,8.310155,-3.4638598,1955
1855,r4i1p1f1,1955,01,30,6.76993188239976,5.4302177,-4.8941145,1955
1856,r4i1p1f1,1955,01,31,12.871717979760433,8.382033,-1.05026,1955
1857,r4i1p1f1,1955,02,01,0.0,12.490708,4.1441073,1955
1858,r4i1p1f1,1955,02,02,0.0,11.420303,0.9835615,1955
1859,r4i1p1f1,1955,02,03,0.003435618100411375,9.967617,4.150787,1955
1860,r4i1p1f1,1955,02,04,0.0,12.710523,-1.2824996,1955
1861,r4i1p1f1,1955,02,05,0.0,10.738979,1.3495153,1955
1862,r4i1p1f1,1955,02,06,26.757929760060506,9.723197,1.7697653,1955
1863,r4i1p1f1,1955,02,07,0.0,11.664865,-0.97215587,1955
1864,r4i1p1f1,1955,02,08,0.0,11.9037285,-0.6277713,1955
1865,r4i1p1f1,1955,02,09,0.0,12.2733,-0.38135445,1955
1866,r4i1p1f1,1955,02,10,0.0,11.669777,0.22001038,1955
1867,r4i1p1f1,1955,02,11,0.0,13.655262,2.4745123,1955
1868,r4i1p1f1,1955,02,12,0.0,13.024357,3.9260461,1955
1869,r4i1p1f1,1955,02,13,0.0,13.93651,3.831403,1955
1870,r4i1p1f1,1955,02,14,0.0,12.803501,3.2825716,1955
1871,r4i1p1f1,1955,02,15,0.0,15.911907,4.0357714,1955
1872,r4i1p1f1,1955,02,16,0.0,14.327209,2.8229842,1955
1873,r4i1p1f1,1955,02,17,0.0,18.094841,3.2988012,1955
1874,r4i1p1f1,1955,02,18,1.3784512023050866,17.317606,3.1026,1955
1875,r4i1p1f1,1955,02,19,10.1603748013531,13.498211,3.611369,1955
1876,r4i1p1f1,1955,02,20,0.0,13.703831,6.002956,1955
1877,r4i1p1f1,1955,02,21,2.6997231679814604,10.613582,5.3736978,1955
1878,r4i1p1f1,1955,02,22,13.092998483807605,14.646053,6.5819855,1955
1879,r4i1p1f1,1955,02,23,0.0,15.151559,3.1549296,1955
1880,r4i1p1f1,1955,02,24,6.4370974712574025,11.696642,4.7358494,1955
1881,r4i1p1f1,1955,02,25,0.0,13.929221,1.7722937,1955
1882,r4i1p1f1,1955,02,26,0.0,13.746802,1.428105,1955
1883,r4i1p1f1,1955,02,27,1.6032153757350898,13.799093,2.4443126,1955
1884,r4i1p1f1,1955,02,28,0.0,13.360836,3.7338228,1955
1885,r4i1p1f1,1955,03,01,0.2504679704429691,14.977814,2.5384815,1955
1886,r4i1p1f1,1955,03,02,0.0,18.257841,2.94666,1955
1887,r4i1p1f1,1955,03,03,0.0,18.370827,3.0457697,1955
1888,r4i1p1f1,1955,03,04,0.0,19.780104,3.9588041,1955
1889,r4i1p1f1,1955,03,05,0.0,19.51784,3.7845714,1955
1890,r4i1p1f1,1955,03,06,0.0,19.460382,3.3903496,1955
1891,r4i1p1f1,1955,03,07,0.0,19.105745,3.5685034,1955
1892,r4i1p1f1,1955,03,08,0.0,19.609327,4.4885497,1955
1893,r4i1p1f1,1955,03,09,0.0,18.281609,5.5140696,1955
1894,r4i1p1f1,1955,03,10,2.118653208208343,13.191559,-0.5440544,1955
1895,r4i1p1f1,1955,03,11,0.0,15.513441,2.3637533,1955
1896,r4i1p1f1,1955,03,12,11.027647991772938,12.18919,0.75696665,1955
1897,r4i1p1f1,1955,03,13,34.76326230365885,13.114736,1.4235224,1955
1898,r4i1p1f1,1955,03,14,39.87059636056074,9.507077,7.4090686,1955
1899,r4i1p1f1,1955,03,15,16.557811715028947,8.6784,-5.04543,1955
1900,r4i1p1f1,1955,03,16,1.142296205614457,13.327306,-1.4647365,1955
1901,r4i1p1f1,1955,03,17,7.59470993962168,9.005139,1.9130541,1955
1902,r4i1p1f1,1955,03,18,0.13575695496399476,10.828064,1.9378344,1955
1903,r4i1p1f1,1955,03,19,0.0,14.019258,1.0723491,1955
1904,r4i1p1f1,1955,03,20,0.0,16.029413,0.57356644,1955
1905,r4i1p1f1,1955,03,21,0.0,15.884864,2.5735326,1955
1906,r4i1p1f1,1955,03,22,0.47134261645283004,14.780265,5.6656837,1955
1907,r4i1p1f1,1955,03,23,37.16362761242635,11.3745985,3.2690682,1955
1908,r4i1p1f1,1955,03,24,0.08320248615518722,12.911958,3.3548093,1955
1909,r4i1p1f1,1955,03,25,0.05437133761461155,13.223752,4.8040075,1955
1910,r4i1p1f1,1955,03,26,0.0,15.552479,0.5391138,1955
1911,r4i1p1f1,1955,03,27,0.0,16.52624,1.138785,1955
1912,r4i1p1f1,1955,03,28,0.0,17.906487,2.7889802,1955
1913,r4i1p1f1,1955,03,29,0.0,18.565521,4.097434,1955
1914,r4i1p1f1,1955,03,30,1.0263761106386937,12.893032,0.18045674,1955
1915,r4i1p1f1,1955,03,31,0.0,15.720089,0.5634344,1955
1916,r4i1p1f1,1955,04,01,0.4349402284134385,15.798911,3.4535275,1955
1917,r4i1p1f1,1955,04,02,9.740075819354388,10.96183,1.8595376,1955
1918,r4i1p1f1,1955,04,03,10.890173783081991,10.553174,2.5445626,1955
1919,r4i1p1f1,1955,04,04,40.54322446027072,7.4663105,3.1775317,1955
1920,r4i1p1f1,1955,04,05,23.093742181117705,8.052296,1.827195,1955
1921,r4i1p1f1,1955,04,06,0.0,12.180744,5.693327,1955
1922,r4i1p1f1,1955,04,07,0.0,13.367008,1.2630322,1955
1923,r4i1p1f1,1955,04,08,0.0,17.044188,4.4459467,1955
1924,r4i1p1f1,1955,04,09,3.800670628743319,10.253523,1.2338574,1955
1925,r4i1p1f1,1955,04,10,23.551923707782407,11.265135,1.2878973,1955
1926,r4i1p1f1,1955,04,11,8.923014026095188,9.478974,3.4504862,1955
1927,r4i1p1f1,1955,04,12,0.7171508236069712,10.806663,2.1738162,1955
1928,r4i1p1f1,1955,04,13,0.0,15.950855,1.3556238,1955
1929,r4i1p1f1,1955,04,14,0.0,16.023323,4.311109,1955
1930,r4i1p1f1,1955,04,15,0.0,17.82627,2.6908731,1955
1931,r4i1p1f1,1955,04,16,0.0,17.314293,3.2045279,1955
1932,r4i1p1f1,1955,04,17,0.0,16.007418,5.6538944,1955
1933,r4i1p1f1,1955,04,18,0.0,19.5374,4.374066,1955
1934,r4i1p1f1,1955,04,19,0.0,22.338404,6.384742,1955
1935,r4i1p1f1,1955,04,20,0.0,25.575384,7.3237557,1955
1936,r4i1p1f1,1955,04,21,0.0,23.856695,7.7880816,1955
1937,r4i1p1f1,1955,04,22,0.0,22.63725,5.3493967,1955
1938,r4i1p1f1,1955,04,23,0.0,23.648788,6.318102,1955
1939,r4i1p1f1,1955,04,24,0.0,22.046854,5.926325,1955
1940,r4i1p1f1,1955,04,25,0.0,14.984508,2.8812277,1955
1941,r4i1p1f1,1955,04,26,0.0,19.573298,3.981904,1955
1942,r4i1p1f1,1955,04,27,0.0,22.774761,5.406612,1955
1943,r4i1p1f1,1955,04,28,0.0,25.593382,6.5804663,1955
1944,r4i1p1f1,1955,04,29,0.0,27.16787,8.348192,1955
1945,r4i1p1f1,1955,04,30,0.0,26.234663,8.7000265,1955
1946,r4i1p1f1,1955,05,01,1.2808245686755981,22.071661,6.1601467,1955
1947,r4i1p1f1,1955,05,02,1.94157408063802,17.698753,2.3553848,1955
1948,r4i1p1f1,1955,05,03,0.36920610159540956,18.089502,2.6202087,1955
1949,r4i1p1f1,1955,05,04,0.10168799676648632,21.020864,4.2344484,1955
1950,r4i1p1f1,1955,05,05,0.1263634535462188,20.806377,4.446974,1955
1951,r4i1p1f1,1955,05,06,1.6966492343989614,20.284603,3.6149745,1955
1952,r4i1p1f1,1955,05,07,3.2569672047429776,17.516453,2.8793554,1955
1953,r4i1p1f1,1955,05,08,0.02602406223104481,17.94325,3.6869986,1955
1954,r4i1p1f1,1955,05,09,0.21273601391840202,22.120785,7.890493,1955
1955,r4i1p1f1,1955,05,10,0.0,25.668201,9.263994,1955
1956,r4i1p1f1,1955,05,11,0.061680079215875594,23.821205,6.759742,1955
1957,r4i1p1f1,1955,05,12,0.0,24.967974,9.242022,1955
1958,r4i1p1f1,1955,05,13,0.0,25.555937,10.323226,1955
1959,r4i1p1f1,1955,05,14,0.0,25.652496,9.2256975,1955
1960,r4i1p1f1,1955,05,15,0.0,29.450727,10.874599,1955
1961,r4i1p1f1,1955,05,16,0.0,29.462992,11.060711,1955
1962,r4i1p1f1,1955,05,17,0.0,27.566046,8.921976,1955
1963,r4i1p1f1,1955,05,18,0.0,27.610563,9.574078,1955
1964,r4i1p1f1,1955,05,19,0.0,25.780354,8.700245,1955
1965,r4i1p1f1,1955,05,20,0.0,21.416296,2.9768515,1955
1966,r4i1p1f1,1955,05,21,6.296828138238197,11.180763,1.4738212,1955
1967,r4i1p1f1,1955,05,22,0.0,16.906683,0.7746552,1955
1968,r4i1p1f1,1955,05,23,0.0,20.116018,3.6158955,1955
1969,r4i1p1f1,1955,05,24,0.0,21.24001,7.6728263,1955
1970,r4i1p1f1,1955,05,25,0.0,24.463173,9.302137,1955
1971,r4i1p1f1,1955,05,26,0.0,27.759333,9.000546,1955
1972,r4i1p1f1,1955,05,27,0.7715423723311687,27.024397,12.126539,1955
1973,r4i1p1f1,1955,05,28,0.9185914335319012,24.167467,6.975767,1955
1974,r4i1p1f1,1955,05,29,0.28954924300137463,25.307356,9.0236225,1955
1975,r4i1p1f1,1955,05,30,1.2895770848956545,22.451103,5.2362185,1955
1976,r4i1p1f1,1955,05,31,0.03640133897988562,19.988356,7.2713385,1955
1977,r4i1p1f1,1955,06,01,0.10981652471855341,19.89622,11.250864,1955
1978,r4i1p1f1,1955,06,02,1.655476129104727,20.086754,9.29122,1955
1979,r4i1p1f1,1955,06,03,5.321558496092393,25.399603,8.589302,1955
1980,r4i1p1f1,1955,06,04,1.3112497778649868,27.559916,8.638274,1955
1981,r4i1p1f1,1955,06,05,0.4066960081900106,25.214693,9.783423,1955
1982,r4i1p1f1,1955,06,06,1.2623007830597999,22.489939,8.062206,1955
1983,r4i1p1f1,1955,06,07,0.0,28.928345,9.744378,1955
1984,r4i1p1f1,1955,06,08,0.0,31.090559,11.913445,1955
1985,r4i1p1f1,1955,06,09,0.0,31.064413,13.104174,1955
1986,r4i1p1f1,1955,06,10,0.0,29.818993,12.159487,1955
1987,r4i1p1f1,1955,06,11,0.0,27.703669,10.0323105,1955
1988,r4i1p1f1,1955,06,12,0.0665658035359229,27.657509,10.28124,1955
1989,r4i1p1f1,1955,06,13,0.0,27.68063,9.307285,1955
1990,r4i1p1f1,1955,06,14,0.0,28.375332,10.7879,1955
1991,r4i1p1f1,1955,06,15,0.0,28.01014,10.568183,1955
1992,r4i1p1f1,1955,06,16,0.0,28.761091,11.306754,1955
1993,r4i1p1f1,1955,06,17,0.0,27.941832,10.498171,1955
1994,r4i1p1f1,1955,06,18,0.026222527253594308,22.847181,7.0750294,1955
1995,r4i1p1f1,1955,06,19,0.0,23.664993,7.2318616,1955
1996,r4i1p1f1,1955,06,20,0.0,25.062832,8.246107,1955
1997,r4i1p1f1,1955,06,21,0.0,28.727394,10.145637,1955
1998,r4i1p1f1,1955,06,22,0.0,31.070915,12.704687,1955
1999,r4i1p1f1,1955,06,23,0.0,33.560173,15.150936,1955
2000,r4i1p1f1,1955,06,24,0.0,34.411674,15.279339,1955
2001,r4i1p1f1,1955,06,25,0.0,33.213554,13.783769,1955
2002,r4i1p1f1,1955,06,26,0.0,30.75027,12.014805,1955
2003,r4i1p1f1,1955,06,27,0.0,31.666708,12.670819,1955
2004,r4i1p1f1,1955,06,28,0.0,32.37974,14.360001,1955
2005,r4i1p1f1,1955,06,29,0.01534778284622007,32.227345,13.913719,1955
2006,r4i1p1f1,1955,06,30,0.0,32.90021,14.557979,1955
2007,r4i1p1f1,1955,07,01,0.0,33.21205,13.313267,1955
2008,r4i1p1f1,1955,07,02,0.0,32.83696,13.184877,1955
2009,r4i1p1f1,1955,07,03,0.0,32.500668,11.900569,1955
2010,r4i1p1f1,1955,07,04,0.0,30.476976,10.480211,1955
2011,r4i1p1f1,1955,07,05,0.0,30.645273,12.026316,1955
2012,r4i1p1f1,1955,07,06,0.0,28.55831,10.097416,1955
2013,r4i1p1f1,1955,07,07,0.0,30.076975,10.054186,1955
2014,r4i1p1f1,1955,07,08,0.0,29.255577,10.823535,1955
2015,r4i1p1f1,1955,07,09,0.0,27.003239,8.678473,1955
2016,r4i1p1f1,1955,07,10,0.0,25.774492,7.2532077,1955
2017,r4i1p1f1,1955,07,11,0.0,28.319933,8.386414,1955
2018,r4i1p1f1,1955,07,12,0.0,31.025984,9.855042,1955
2019,r4i1p1f1,1955,07,13,0.0,30.586693,10.610101,1955
2020,r4i1p1f1,1955,07,14,0.0,30.147116,10.8521185,1955
2021,r4i1p1f1,1955,07,15,0.0035060908885498066,29.617666,11.463915,1955
2022,r4i1p1f1,1955,07,16,0.0,27.874292,8.999786,1955
2023,r4i1p1f1,1955,07,17,0.0,31.251932,11.96867,1955
2024,r4i1p1f1,1955,07,18,0.0,31.320274,14.372223,1955
2025,r4i1p1f1,1955,07,19,0.0,30.165396,10.170294,1955
2026,r4i1p1f1,1955,07,20,0.0,30.108469,10.297637,1955
2027,r4i1p1f1,1955,07,21,0.0,29.31741,10.326954,1955
2028,r4i1p1f1,1955,07,22,0.0,27.645624,10.102506,1955
2029,r4i1p1f1,1955,07,23,0.0,23.126974,10.216501,1955
2030,r4i1p1f1,1955,07,24,6.842541513935885,25.76229,10.695865,1955
2031,r4i1p1f1,1955,07,25,0.009996456901717465,25.944056,6.687671,1955
2032,r4i1p1f1,1955,07,26,0.0,29.690443,10.464828,1955
2033,r4i1p1f1,1955,07,27,0.0,30.500282,12.164566,1955
2034,r4i1p1f1,1955,07,28,0.0,30.21576,11.765797,1955
2035,r4i1p1f1,1955,07,29,0.0,29.447823,9.739058,1955
2036,r4i1p1f1,1955,07,30,0.0,33.964905,14.191476,1955
2037,r4i1p1f1,1955,07,31,0.0,33.842896,14.776677,1955
2038,r4i1p1f1,1955,08,01,0.0,30.206076,12.012778,1955
2039,r4i1p1f1,1955,08,02,0.0,27.233498,9.87669,1955
2040,r4i1p1f1,1955,08,03,0.0,26.003653,8.092812,1955
2041,r4i1p1f1,1955,08,04,0.0,25.42054,7.439452,1955
2042,r4i1p1f1,1955,08,05,0.0,24.492397,6.713302,1955
2043,r4i1p1f1,1955,08,06,0.0,24.00364,6.6085186,1955
2044,r4i1p1f1,1955,08,07,0.0,25.305628,7.0242968,1955
2045,r4i1p1f1,1955,08,08,0.0,32.43987,13.992048,1955
2046,r4i1p1f1,1955,08,09,0.023847067586757476,33.26096,15.923643,1955
2047,r4i1p1f1,1955,08,10,0.10190980901825242,32.48236,13.520118,1955
2048,r4i1p1f1,1955,08,11,0.0,34.891556,15.082706,1955
2049,r4i1p1f1,1955,08,12,0.0,36.444683,17.690577,1955
2050,r4i1p1f1,1955,08,13,0.0,38.105293,18.54597,1955
2051,r4i1p1f1,1955,08,14,0.0,37.80049,21.301683,1955
2052,r4i1p1f1,1955,08,15,0.0,34.463642,17.258001,1955
2053,r4i1p1f1,1955,08,16,0.0,33.201973,15.566232,1955
2054,r4i1p1f1,1955,08,17,0.0,35.7728,16.104557,1955
2055,r4i1p1f1,1955,08,18,0.0,36.48432,17.121248,1955
2056,r4i1p1f1,1955,08,19,0.0,36.01523,16.71506,1955
2057,r4i1p1f1,1955,08,20,0.0,34.074276,14.700163,1955
2058,r4i1p1f1,1955,08,21,0.0,32.245842,13.3434515,1955
2059,r4i1p1f1,1955,08,22,0.0,31.28595,12.896881,1955
2060,r4i1p1f1,1955,08,23,0.0,32.61458,12.485769,1955
2061,r4i1p1f1,1955,08,24,0.0,31.208578,11.965886,1955
2062,r4i1p1f1,1955,08,25,0.0,30.52436,11.786892,1955
2063,r4i1p1f1,1955,08,26,0.0,29.24999,9.8919525,1955
2064,r4i1p1f1,1955,08,27,0.0,28.117533,10.7197075,1955
2065,r4i1p1f1,1955,08,28,0.0,27.159424,9.510847,1955
2066,r4i1p1f1,1955,08,29,0.0,27.201078,9.317161,1955
2067,r4i1p1f1,1955,08,30,0.0,28.95674,9.417052,1955
2068,r4i1p1f1,1955,08,31,0.0,28.865318,9.872386,1955
2069,r4i1p1f1,1955,09,01,0.0,29.71129,12.822809,1955
2070,r4i1p1f1,1955,09,02,0.0,29.303942,13.338004,1955
2071,r4i1p1f1,1955,09,03,0.0,28.141552,10.854702,1955
2072,r4i1p1f1,1955,09,04,0.0,32.677803,13.0584755,1955
2073,r4i1p1f1,1955,09,05,0.0,33.660755,15.229935,1955
2074,r4i1p1f1,1955,09,06,0.0,33.34234,15.151753,1955
2075,r4i1p1f1,1955,09,07,0.0,31.493296,12.94759,1955
2076,r4i1p1f1,1955,09,08,0.0,28.415226,11.171895,1955
2077,r4i1p1f1,1955,09,09,0.0,30.960453,10.805978,1955
2078,r4i1p1f1,1955,09,10,0.0,32.136086,12.42506,1955
2079,r4i1p1f1,1955,09,11,0.0,31.538456,13.156532,1955
2080,r4i1p1f1,1955,09,12,0.0,29.627354,11.861952,1955
2081,r4i1p1f1,1955,09,13,0.0,28.72178,11.9684105,1955
2082,r4i1p1f1,1955,09,14,0.0,27.861002,10.612847,1955
2083,r4i1p1f1,1955,09,15,0.0,27.105375,9.903682,1955
2084,r4i1p1f1,1955,09,16,0.0,25.092731,7.8298473,1955
2085,r4i1p1f1,1955,09,17,0.0,22.721033,7.589614,1955
2086,r4i1p1f1,1955,09,18,0.0,21.225687,6.6548843,1955
2087,r4i1p1f1,1955,09,19,0.11232257781799149,19.782393,4.322875,1955
2088,r4i1p1f1,1955,09,20,0.016241849516518414,26.359879,9.254903,1955
2089,r4i1p1f1,1955,09,21,0.0,28.25688,10.3103,1955
2090,r4i1p1f1,1955,09,22,0.0,28.825788,10.225375,1955
2091,r4i1p1f1,1955,09,23,0.0,27.21511,9.554072,1955
2092,r4i1p1f1,1955,09,24,0.0,23.583954,7.0363398,1955
2093,r4i1p1f1,1955,09,25,0.0,23.799507,7.397567,1955
2094,r4i1p1f1,1955,09,26,0.0,26.230066,9.911348,1955
2095,r4i1p1f1,1955,09,27,0.0,27.98045,10.127261,1955
2096,r4i1p1f1,1955,09,28,0.0,28.902184,11.343004,1955
2097,r4i1p1f1,1955,09,29,0.0,29.731833,9.988868,1955
2098,r4i1p1f1,1955,09,30,0.0,29.558598,10.1254425,1955
2099,r4i1p1f1,1955,10,01,0.0,30.100084,11.599331,1955
2100,r4i1p1f1,1955,10,02,0.0,28.829628,11.231548,1955
2101,r4i1p1f1,1955,10,03,0.0,25.411158,8.544973,1955
2102,r4i1p1f1,1955,10,04,0.0,26.451437,7.082815,1955
2103,r4i1p1f1,1955,10,05,0.0,25.700815,6.852674,1955
2104,r4i1p1f1,1955,10,06,0.0,25.795408,8.302013,1955
2105,r4i1p1f1,1955,10,07,0.0,25.299099,10.687132,1955
2106,r4i1p1f1,1955,10,08,0.0,20.72289,8.797919,1955
2107,r4i1p1f1,1955,10,09,0.0,22.51402,6.4067717,1955
2108,r4i1p1f1,1955,10,10,0.0,22.13775,6.021754,1955
2109,r4i1p1f1,1955,10,11,0.0,21.489464,6.9605293,1955
2110,r4i1p1f1,1955,10,12,1.6473806719744744,21.949297,8.066021,1955
2111,r4i1p1f1,1955,10,13,2.8935159621880757,16.776918,8.743883,1955
2112,r4i1p1f1,1955,10,14,0.0,15.878442,3.6570723,1955
2113,r4i1p1f1,1955,10,15,0.027962571402895264,16.802155,4.4769697,1955
2114,r4i1p1f1,1955,10,16,0.0,19.024998,5.379551,1955
2115,r4i1p1f1,1955,10,17,0.0,24.232643,6.6654105,1955
2116,r4i1p1f1,1955,10,18,0.0,25.126503,7.8436246,1955
2117,r4i1p1f1,1955,10,19,0.2479131016379199,21.331203,6.595771,1955
2118,r4i1p1f1,1955,10,20,0.0,20.004814,5.0176697,1955
2119,r4i1p1f1,1955,10,21,0.0,24.468088,6.3064275,1955
2120,r4i1p1f1,1955,10,22,0.0,27.28639,9.786702,1955
2121,r4i1p1f1,1955,10,23,0.0,27.724508,10.296782,1955
2122,r4i1p1f1,1955,10,24,0.0,27.137663,10.727584,1955
2123,r4i1p1f1,1955,10,25,0.0,27.136158,9.090873,1955
2124,r4i1p1f1,1955,10,26,0.0,25.99836,8.380601,1955
2125,r4i1p1f1,1955,10,27,0.042124895452388955,23.688278,7.8029675,1955
2126,r4i1p1f1,1955,10,28,0.06376016885241143,20.270653,8.647961,1955
2127,r4i1p1f1,1955,10,29,0.026872494174945416,18.499353,8.417986,1955
2128,r4i1p1f1,1955,10,30,14.476098639420343,13.997838,7.67214,1955
2129,r4i1p1f1,1955,10,31,10.235642183397431,14.0969715,7.39849,1955
2130,r4i1p1f1,1955,11,01,13.154478786418622,13.325863,6.403696,1955
2131,r4i1p1f1,1955,11,02,0.0,15.517924,2.4587088,1955
2132,r4i1p1f1,1955,11,03,0.0,17.410177,3.351205,1955
2133,r4i1p1f1,1955,11,04,0.0,16.757465,3.886592,1955
2134,r4i1p1f1,1955,11,05,0.0,16.129387,2.5798047,1955
2135,r4i1p1f1,1955,11,06,1.2913739070762986,16.413242,5.059286,1955
2136,r4i1p1f1,1955,11,07,60.69431150172022,12.864362,2.898727,1955
2137,r4i1p1f1,1955,11,08,0.00324122056554188,10.32118,-0.3324204,1955
2138,r4i1p1f1,1955,11,09,0.040290066856130125,6.3588567,-1.3805065,1955
2139,r4i1p1f1,1955,11,10,0.0,10.260818,-1.1576852,1955
2140,r4i1p1f1,1955,11,11,1.8821090491087489,8.493528,-0.7556849,1955
2141,r4i1p1f1,1955,11,12,15.761278548598057,10.880334,3.402011,1955
2142,r4i1p1f1,1955,11,13,45.38702006357198,12.554579,5.281941,1955
2143,r4i1p1f1,1955,11,14,42.29124395278632,15.720317,8.519038,1955
2144,r4i1p1f1,1955,11,15,19.968154260641313,13.841353,8.381333,1955
2145,r4i1p1f1,1955,11,16,25.759031404277266,11.830117,6.216127,1955
2146,r4i1p1f1,1955,11,17,45.11079452695412,11.94708,1.0956655,1955
2147,r4i1p1f1,1955,11,18,0.03481964595266618,8.362854,-1.8478082,1955
2148,r4i1p1f1,1955,11,19,0.08137855622862844,9.606528,1.6401618,1955
2149,r4i1p1f1,1955,11,20,0.8271848585486907,14.665039,5.2463913,1955
2150,r4i1p1f1,1955,11,21,14.459473768170028,13.059601,5.4975967,1955
2151,r4i1p1f1,1955,11,22,0.0,11.032013,-0.36232376,1955
2152,r4i1p1f1,1955,11,23,0.0,8.33397,-4.7757745,1955
2153,r4i1p1f1,1955,11,24,0.0,16.149803,0.4720194,1955
2154,r4i1p1f1,1955,11,25,0.0,16.51614,4.234182,1955
2155,r4i1p1f1,1955,11,26,0.09775610506039811,17.073889,5.086832,1955
2156,r4i1p1f1,1955,11,27,5.345020514297971,13.3579645,0.3246994,1955
2157,r4i1p1f1,1955,11,28,0.0,11.530748,-2.6450467,1955
2158,r4i1p1f1,1955,11,29,0.0,12.283223,-1.5162328,1955
2159,r4i1p1f1,1955,11,30,0.0,15.07213,-0.53909993,1955
2160,r4i1p1f1,1955,12,01,0.0,15.701252,3.2408016,1955
2161,r4i1p1f1,1955,12,02,0.0,17.09844,3.7872462,1955
2162,r4i1p1f1,1955,12,03,0.0,18.494823,5.5797443,1955
2163,r4i1p1f1,1955,12,04,0.0,17.300352,5.814821,1955
2164,r4i1p1f1,1955,12,05,0.0,16.160172,5.725568,1955
2165,r4i1p1f1,1955,12,06,0.0,16.096893,6.251505,1955
2166,r4i1p1f1,1955,12,07,0.0,16.046593,4.360393,1955
2167,r4i1p1f1,1955,12,08,0.0,17.235922,4.2255287,1955
2168,r4i1p1f1,1955,12,09,0.0,15.97348,4.082226,1955
2169,r4i1p1f1,1955,12,10,0.0,13.416437,1.4022317,1955
2170,r4i1p1f1,1955,12,11,0.0,13.1439705,1.7879304,1955
2171,r4i1p1f1,1955,12,12,0.0,12.8857355,1.6841967,1955
2172,r4i1p1f1,1955,12,13,0.0,14.672948,2.7583864,1955
2173,r4i1p1f1,1955,12,14,0.0,14.306098,1.8543582,1955
2174,r4i1p1f1,1955,12,15,0.0,14.093719,2.2892618,1955
2175,r4i1p1f1,1955,12,16,11.881973627851039,10.624169,3.355605,1955
2176,r4i1p1f1,1955,12,17,85.28282783663599,12.251957,3.1182535,1955
2177,r4i1p1f1,1955,12,18,52.947812431466446,15.547411,3.1779776,1955
2178,r4i1p1f1,1955,12,19,38.40850690858133,9.773052,2.1202433,1955
2179,r4i1p1f1,1955,12,20,0.0,10.42328,-0.2449158,1955
2180,r4i1p1f1,1955,12,21,0.0,10.021147,-0.34097067,1955
2181,r4i1p1f1,1955,12,22,0.024272889822896104,9.616884,0.57846797,1955
2182,r4i1p1f1,1955,12,23,15.839248834527098,8.4897785,-2.0453434,1955
2183,r4i1p1f1,1955,12,24,12.704757123356103,7.256518,-2.8925776,1955
2184,r4i1p1f1,1955,12,25,2.3689755720226913,1.9593236,-9.532612,1955
2185,r4i1p1f1,1955,12,26,0.0,0.92595714,-11.888653,1955
2186,r4i1p1f1,1955,12,27,0.0049491443860461,-1.5452524,-12.808466,1955
2187,r4i1p1f1,1955,12,28,1.2722489801120673,-4.026219,-11.892092,1955
2188,r4i1p1f1,1955,12,29,0.0,-4.173447,-15.862181,1955
2189,r4i1p1f1,1955,12,30,0.0,-5.3286996,-18.387815,1955
2190,r4i1p1f1,1955,12,31,0.0,2.1060405,-11.381708,1955
2191,r4i1p1f1,1956,01,01,48.770503116975306,4.124821,-6.696204,1956
2192,r4i1p1f1,1956,01,02,4.272662770114266,4.3854775,-9.593342,1956
2193,r4i1p1f1,1956,01,03,0.0,2.3521054,-11.856894,1956
2194,r4i1p1f1,1956,01,04,0.0,1.3748822,-11.850026,1956
2195,r4i1p1f1,1956,01,05,7.448806627098747,1.8759463,-10.928828,1956
2196,r4i1p1f1,1956,01,06,11.554462333060656,7.9907703,-1.8901168,1956
2197,r4i1p1f1,1956,01,07,27.651467855457668,9.183863,1.904341,1956
2198,r4i1p1f1,1956,01,08,3.368032218611461,8.397521,-3.1915908,1956
2199,r4i1p1f1,1956,01,09,14.421994749864098,5.778251,1.1816733,1956
2200,r4i1p1f1,1956,01,10,14.21191325152904,9.016818,3.0107763,1956
2201,r4i1p1f1,1956,01,11,13.018864245168515,10.173395,4.782283,1956
2202,r4i1p1f1,1956,01,12,0.06327470327960327,10.022358,4.319067,1956
2203,r4i1p1f1,1956,01,13,27.3442039724614,8.561891,2.7341723,1956
2204,r4i1p1f1,1956,01,14,10.850780065447907,6.9647503,0.5482823,1956
2205,r4i1p1f1,1956,01,15,17.94939612655071,9.25555,3.1249018,1956
2206,r4i1p1f1,1956,01,16,0.1507825019871234,12.06383,2.187457,1956
2207,r4i1p1f1,1956,01,17,0.0,10.21795,0.054429796,1956
2208,r4i1p1f1,1956,01,18,0.0,9.709064,-0.799951,1956
2209,r4i1p1f1,1956,01,19,0.0,9.198692,-1.4006579,1956
2210,r4i1p1f1,1956,01,20,0.004600728902914852,8.234469,0.06384812,1956
2211,r4i1p1f1,1956,01,21,62.588726879039314,8.196763,2.2682555,1956
2212,r4i1p1f1,1956,01,22,19.97922842620028,9.997133,3.6005604,1956
2213,r4i1p1f1,1956,01,23,0.4116925077113365,9.949076,0.5818307,1956
2214,r4i1p1f1,1956,01,24,0.0,6.142146,-5.582987,1956
2215,r4i1p1f1,1956,01,25,0.0,2.852169,-8.571198,1956
2216,r4i1p1f1,1956,01,26,0.0,3.8887248,-7.252326,1956
2217,r4i1p1f1,1956,01,27,0.0,6.9031067,-4.944048,1956
2218,r4i1p1f1,1956,01,28,0.42260857029532417,5.9453025,-1.9230338,1956
2219,r4i1p1f1,1956,01,29,0.572972216650669,9.808873,0.76033276,1956
2220,r4i1p1f1,1956,01,30,0.0,10.118433,2.9521549,1956
2221,r4i1p1f1,1956,01,31,0.0,12.269883,3.5475786,1956
2222,r4i1p1f1,1956,02,01,0.0,11.436473,5.257338,1956
2223,r4i1p1f1,1956,02,02,33.071152528464154,8.894281,3.8394237,1956
2224,r4i1p1f1,1956,02,03,0.008849470779637159,9.718975,0.91333175,1956
2225,r4i1p1f1,1956,02,04,33.366714334260905,9.928921,0.74439573,1956
2226,r4i1p1f1,1956,02,05,1.1705506086343576,7.6966543,-1.0463278,1956
2227,r4i1p1f1,1956,02,06,0.0,8.207597,-3.7116954,1956
2228,r4i1p1f1,1956,02,07,0.0,9.27224,-1.454343,1956
2229,r4i1p1f1,1956,02,08,0.0,11.367396,4.754944,1956
2230,r4i1p1f1,1956,02,09,13.01197751881773,8.444153,2.211629,1956
2231,r4i1p1f1,1956,02,10,21.550311012833845,10.148975,4.5764747,1956
2232,r4i1p1f1,1956,02,11,7.833295714715405,10.16108,4.3441896,1956
2233,r4i1p1f1,1956,02,12,0.0,12.445338,-1.1568176,1956
2234,r4i1p1f1,1956,02,13,0.0,9.130774,-2.5061185,1956
2235,r4i1p1f1,1956,02,14,0.0,10.071433,-2.6534834,1956
2236,r4i1p1f1,1956,02,15,0.002055018964597366,9.610243,-1.194782,1956
2237,r4i1p1f1,1956,02,16,1.0292196090631478,6.631884,0.54895514,1956
2238,r4i1p1f1,1956,02,17,0.10305163928592265,9.073174,3.8360775,1956
2239,r4i1p1f1,1956,02,18,0.0,11.092718,3.9433806,1956
2240,r4i1p1f1,1956,02,19,0.811374125629527,10.151922,3.5399907,1956
2241,r4i1p1f1,1956,02,20,0.4538563088999581,13.178964,2.0808442,1956
2242,r4i1p1f1,1956,02,21,2.4417081458125267,12.946629,2.6191444,1956
2243,r4i1p1f1,1956,02,22,0.0,12.944206,2.6121006,1956
2244,r4i1p1f1,1956,02,23,0.0,14.483965,2.289783,1956
2245,r4i1p1f1,1956,02,24,0.0,15.031765,2.9458644,1956
2246,r4i1p1f1,1956,02,25,6.859608429385844,14.234846,2.7231035,1956
2247,r4i1p1f1,1956,02,26,1.2434300981794877,11.791523,3.696761,1956
2248,r4i1p1f1,1956,02,27,8.71095207817234,10.60369,2.9425366,1956
2249,r4i1p1f1,1956,02,28,23.80981728874758,12.469428,1.5913787,1956
2250,r4i1p1f1,1956,02,29,0.07378133036581858,13.716007,1.042587,1956
2251,r4i1p1f1,1956,03,01,2.326220096574616,11.890106,1.911126,1956
2252,r4i1p1f1,1956,03,02,1.993936884514369,10.99646,4.227269,1956
2253,r4i1p1f1,1956,03,03,2.115194014862709,14.053982,0.8184667,1956
2254,r4i1p1f1,1956,03,04,0.0,15.421794,0.48356077,1956
2255,r4i1p1f1,1956,03,05,0.0,16.526031,0.9220998,1956
2256,r4i1p1f1,1956,03,06,0.2167384182484966,15.962394,1.1993711,1956
2257,r4i1p1f1,1956,03,07,0.0,13.799088,-0.14054792,1956
2258,r4i1p1f1,1956,03,08,0.0,18.383059,1.6640545,1956
2259,r4i1p1f1,1956,03,09,0.0,19.203058,2.4668317,1956
2260,r4i1p1f1,1956,03,10,0.0,18.806498,3.0889268,1956
2261,r4i1p1f1,1956,03,11,0.0,19.555311,3.3352911,1956
2262,r4i1p1f1,1956,03,12,0.0,18.783783,2.9819047,1956
2263,r4i1p1f1,1956,03,13,0.0,18.001137,3.500298,1956
2264,r4i1p1f1,1956,03,14,0.0,19.164711,3.5823483,1956
2265,r4i1p1f1,1956,03,15,0.0,21.326916,4.1348047,1956
2266,r4i1p1f1,1956,03,16,0.0,23.043903,6.349731,1956
2267,r4i1p1f1,1956,03,17,0.0,22.103992,5.7597475,1956
2268,r4i1p1f1,1956,03,18,0.0,22.426222,5.3584156,1956
2269,r4i1p1f1,1956,03,19,8.368472458289489,14.300404,0.35286283,1956
2270,r4i1p1f1,1956,03,20,26.487308219020633,9.07751,3.7850375,1956
2271,r4i1p1f1,1956,03,21,25.82395789650036,9.0171385,3.116695,1956
2272,r4i1p1f1,1956,03,22,2.1255546564702854,9.019094,2.4123714,1956
2273,r4i1p1f1,1956,03,23,0.0,12.188477,3.2864962,1956
2274,r4i1p1f1,1956,03,24,0.0,20.274618,1.8018347,1956
2275,r4i1p1f1,1956,03,25,0.0,20.857836,5.0928063,1956
2276,r4i1p1f1,1956,03,26,0.0,20.713419,5.5979543,1956
2277,r4i1p1f1,1956,03,27,0.0,20.217037,4.8311024,1956
2278,r4i1p1f1,1956,03,28,1.111795820804673,11.884539,-0.34534347,1956
2279,r4i1p1f1,1956,03,29,0.0,19.066486,2.0649912,1956
2280,r4i1p1f1,1956,03,30,0.0,19.671242,3.891244,1956
2281,r4i1p1f1,1956,03,31,0.0,19.809702,4.053809,1956
2282,r4i1p1f1,1956,04,01,0.0,20.080225,4.889981,1956
2283,r4i1p1f1,1956,04,02,0.0,19.316679,5.7033277,1956
2284,r4i1p1f1,1956,04,03,0.0,19.997005,4.297274,1956
2285,r4i1p1f1,1956,04,04,5.265640545758288,15.442234,0.42946884,1956
2286,r4i1p1f1,1956,04,05,0.0,18.442184,2.7161603,1956
2287,r4i1p1f1,1956,04,06,0.0,19.676764,2.8194466,1956
2288,r4i1p1f1,1956,04,07,0.0,20.518822,3.2694135,1956
2289,r4i1p1f1,1956,04,08,0.0,20.564114,4.6781797,1956
2290,r4i1p1f1,1956,04,09,0.0,21.17199,6.494788,1956
2291,r4i1p1f1,1956,04,10,0.0,22.883331,5.2215576,1956
2292,r4i1p1f1,1956,04,11,0.0985880637244918,20.640112,5.4667535,1956
2293,r4i1p1f1,1956,04,12,0.0,15.593059,1.6563878,1956
2294,r4i1p1f1,1956,04,13,0.0,16.28636,1.7660147,1956
2295,r4i1p1f1,1956,04,14,0.0,14.191664,2.8689303,1956
2296,r4i1p1f1,1956,04,15,0.0,14.554315,1.1846607,1956
2297,r4i1p1f1,1956,04,16,0.0,15.648839,0.81212896,1956
2298,r4i1p1f1,1956,04,17,0.0,15.346822,1.9840955,1956
2299,r4i1p1f1,1956,04,18,4.381361372361425,12.413259,-0.6255739,1956
2300,r4i1p1f1,1956,04,19,12.830566323827952,7.211259,1.8587526,1956
2301,r4i1p1f1,1956,04,20,0.0,13.926539,1.3157797,1956
2302,r4i1p1f1,1956,04,21,12.578290293413374,5.969967,-0.19531006,1956
2303,r4i1p1f1,1956,04,22,36.85344190671458,6.7823534,1.1517458,1956
2304,r4i1p1f1,1956,04,23,18.887677100065048,8.4930725,2.2537374,1956
2305,r4i1p1f1,1956,04,24,2.2681469302881396,8.527274,-2.709887,1956
2306,r4i1p1f1,1956,04,25,0.0,13.792564,-1.361024,1956
2307,r4i1p1f1,1956,04,26,0.0,16.381128,0.757599,1956
2308,r4i1p1f1,1956,04,27,0.0,16.960413,1.8393803,1956
2309,r4i1p1f1,1956,04,28,0.0028915759344272374,15.246743,3.3669522,1956
2310,r4i1p1f1,1956,04,29,1.2667815677327,11.788981,-1.3188853,1956
2311,r4i1p1f1,1956,04,30,0.0,14.285061,0.109521285,1956
2312,r4i1p1f1,1956,05,01,5.097129277544354,9.079485,-0.18894461,1956
2313,r4i1p1f1,1956,05,02,40.36722296659718,10.424774,0.620937,1956
2314,r4i1p1f1,1956,05,03,0.20709320198761816,13.104137,0.06495646,1956
2315,r4i1p1f1,1956,05,04,0.0,15.848456,0.7398146,1956
2316,r4i1p1f1,1956,05,05,0.04658649415887339,16.085361,3.9071546,1956
2317,r4i1p1f1,1956,05,06,2.387696219659574,10.912587,-2.2315373,1956
2318,r4i1p1f1,1956,05,07,0.0,13.030739,-1.4503136,1956
2319,r4i1p1f1,1956,05,08,0.0,13.534313,1.678863,1956
2320,r4i1p1f1,1956,05,09,0.0,16.262047,0.9349168,1956
2321,r4i1p1f1,1956,05,10,0.054342850927469044,16.003489,4.096776,1956
2322,r4i1p1f1,1956,05,11,0.0,16.08991,7.1663523,1956
2323,r4i1p1f1,1956,05,12,0.0,20.275888,5.139801,1956
2324,r4i1p1f1,1956,05,13,0.0,21.319841,4.1078434,1956
2325,r4i1p1f1,1956,05,14,0.0,22.263947,5.4857326,1956
2326,r4i1p1f1,1956,05,15,0.0,25.34803,7.8473935,1956
2327,r4i1p1f1,1956,05,16,0.0,27.280434,10.725569,1956
2328,r4i1p1f1,1956,05,17,0.0,25.915983,9.318483,1956
2329,r4i1p1f1,1956,05,18,0.0,26.416508,9.095659,1956
2330,r4i1p1f1,1956,05,19,0.0,28.828823,8.507882,1956
2331,r4i1p1f1,1956,05,20,0.0,28.299387,10.38041,1956
2332,r4i1p1f1,1956,05,21,0.0,27.305096,10.75832,1956
2333,r4i1p1f1,1956,05,22,0.06612199063056323,27.928503,10.70584,1956
2334,r4i1p1f1,1956,05,23,0.15425492993017542,27.898407,9.965974,1956
2335,r4i1p1f1,1956,05,24,0.0,27.846586,10.514469,1956
2336,r4i1p1f1,1956,05,25,3.671117868049123,15.925622,2.420909,1956
2337,r4i1p1f1,1956,05,26,0.06867483285191156,20.952682,5.215586,1956
2338,r4i1p1f1,1956,05,27,0.0,24.945127,6.7490444,1956
2339,r4i1p1f1,1956,05,28,0.0,27.859976,8.442913,1956
2340,r4i1p1f1,1956,05,29,0.3123438463603634,27.001894,10.400382,1956
2341,r4i1p1f1,1956,05,30,1.1243094751648641,17.87122,7.2629385,1956
2342,r4i1p1f1,1956,05,31,1.3766039081474446,18.831516,6.6764584,1956
2343,r4i1p1f1,1956,06,01,2.1073839405858052,21.074232,6.420591,1956
2344,r4i1p1f1,1956,06,02,0.024212259972955508,22.350346,9.2271385,1956
2345,r4i1p1f1,1956,06,03,0.06547571683768183,20.990381,6.422808,1956
2346,r4i1p1f1,1956,06,04,0.028650883768932545,25.378832,7.8669715,1956
2347,r4i1p1f1,1956,06,05,16.39995093592006,21.54609,6.5907993,1956
2348,r4i1p1f1,1956,06,06,23.263393608795013,16.149488,3.4386935,1956
2349,r4i1p1f1,1956,06,07,3.013434525092862,17.438454,3.699529,1956
2350,r4i1p1f1,1956,06,08,0.0761379062623746,22.893402,7.99457,1956
2351,r4i1p1f1,1956,06,09,0.0010486058954484179,21.469204,5.8887835,1956
2352,r4i1p1f1,1956,06,10,0.1891982448427143,17.54901,6.270759,1956
2353,r4i1p1f1,1956,06,11,2.6022624691677265,14.071062,0.93511856,1956
2354,r4i1p1f1,1956,06,12,0.07249915033753496,21.417883,5.370498,1956
2355,r4i1p1f1,1956,06,13,0.0,26.580614,9.330593,1956
2356,r4i1p1f1,1956,06,14,0.0,28.724056,11.187709,1956
2357,r4i1p1f1,1956,06,15,0.0,30.084713,12.067197,1956
2358,r4i1p1f1,1956,06,16,0.0,29.60178,11.160572,1956
2359,r4i1p1f1,1956,06,17,0.0,31.482985,12.593247,1956
2360,r4i1p1f1,1956,06,18,0.0,34.06333,15.150367,1956
2361,r4i1p1f1,1956,06,19,0.0,34.566822,15.446699,1956
2362,r4i1p1f1,1956,06,20,0.0,35.14525,15.504152,1956
2363,r4i1p1f1,1956,06,21,0.0,35.212883,15.73467,1956
2364,r4i1p1f1,1956,06,22,0.0,35.384335,15.959111,1956
2365,r4i1p1f1,1956,06,23,0.0,33.921658,15.277281,1956
2366,r4i1p1f1,1956,06,24,0.0,34.03556,15.624161,1956
2367,r4i1p1f1,1956,06,25,0.0,33.87545,15.142705,1956
2368,r4i1p1f1,1956,06,26,0.0,33.739746,14.974996,1956
2369,r4i1p1f1,1956,06,27,0.0,32.74824,14.789839,1956
2370,r4i1p1f1,1956,06,28,0.0,36.447533,17.66996,1956
2371,r4i1p1f1,1956,06,29,0.0,36.811226,17.13805,1956
2372,r4i1p1f1,1956,06,30,0.0,35.987553,17.193369,1956
2373,r4i1p1f1,1956,07,01,0.0,32.584095,13.594731,1956
2374,r4i1p1f1,1956,07,02,0.0,31.50439,13.012435,1956
2375,r4i1p1f1,1956,07,03,0.0,32.17711,14.649987,1956
2376,r4i1p1f1,1956,07,04,0.0,32.614376,15.163976,1956
2377,r4i1p1f1,1956,07,05,0.0,32.965046,14.494751,1956
2378,r4i1p1f1,1956,07,06,0.0,32.08925,12.204888,1956
2379,r4i1p1f1,1956,07,07,0.0,29.56141,10.893441,1956
2380,r4i1p1f1,1956,07,08,0.0,27.790041,7.763214,1956
2381,r4i1p1f1,1956,07,09,0.0,29.887844,10.759885,1956
2382,r4i1p1f1,1956,07,10,0.0,31.60554,11.194654,1956
2383,r4i1p1f1,1956,07,11,0.0,32.17203,11.798765,1956
2384,r4i1p1f1,1956,07,12,0.0,32.515667,11.761796,1956
2385,r4i1p1f1,1956,07,13,0.0,32.619137,11.883881,1956
2386,r4i1p1f1,1956,07,14,0.0,34.052658,13.030164,1956
2387,r4i1p1f1,1956,07,15,0.0,36.271946,15.562227,1956
2388,r4i1p1f1,1956,07,16,0.0,35.536686,18.07945,1956
2389,r4i1p1f1,1956,07,17,0.0,34.194244,15.354848,1956
2390,r4i1p1f1,1956,07,18,0.0,33.99277,14.834839,1956
2391,r4i1p1f1,1956,07,19,0.0,34.283348,16.320406,1956
2392,r4i1p1f1,1956,07,20,0.0,33.745358,16.168879,1956
2393,r4i1p1f1,1956,07,21,0.0,33.282646,15.718944,1956
2394,r4i1p1f1,1956,07,22,0.0,32.473785,14.135788,1956
2395,r4i1p1f1,1956,07,23,0.0,34.465046,14.952065,1956
2396,r4i1p1f1,1956,07,24,0.0,35.818985,16.36005,1956
2397,r4i1p1f1,1956,07,25,0.00635061510365631,37.038006,18.573462,1956
2398,r4i1p1f1,1956,07,26,0.0,36.09705,16.749477,1956
2399,r4i1p1f1,1956,07,27,0.0,35.06041,15.705241,1956
2400,r4i1p1f1,1956,07,28,0.3450276925605067,32.89647,13.380291,1956
2401,r4i1p1f1,1956,07,29,0.0,31.53379,13.01244,1956
2402,r4i1p1f1,1956,07,30,0.9363392492332423,30.21892,12.302085,1956
2403,r4i1p1f1,1956,07,31,0.0,28.100685,9.849226,1956
2404,r4i1p1f1,1956,08,01,0.0,29.048513,10.543943,1956
2405,r4i1p1f1,1956,08,02,0.0,31.07524,11.248716,1956
2406,r4i1p1f1,1956,08,03,0.0,32.834236,13.416053,1956
2407,r4i1p1f1,1956,08,04,0.0,32.599285,14.2521925,1956
2408,r4i1p1f1,1956,08,05,0.0,32.237316,13.442419,1956
2409,r4i1p1f1,1956,08,06,0.0,30.575321,12.071025,1956
2410,r4i1p1f1,1956,08,07,0.0,31.44343,12.923096,1956
2411,r4i1p1f1,1956,08,08,0.0,31.360653,13.982639,1956
2412,r4i1p1f1,1956,08,09,0.0,30.932255,13.843254,1956
2413,r4i1p1f1,1956,08,10,0.0,33.872734,15.238519,1956
2414,r4i1p1f1,1956,08,11,0.0,37.147385,16.939348,1956
2415,r4i1p1f1,1956,08,12,0.0,36.823994,17.20718,1956
2416,r4i1p1f1,1956,08,13,0.0,33.463425,14.224472,1956
2417,r4i1p1f1,1956,08,14,0.0,32.208977,12.738651,1956
2418,r4i1p1f1,1956,08,15,0.0,28.319271,8.338895,1956
2419,r4i1p1f1,1956,08,16,0.0,28.491337,9.62356,1956
2420,r4i1p1f1,1956,08,17,0.0,28.331963,9.941603,1956
2421,r4i1p1f1,1956,08,18,0.0,32.63936,11.825092,1956
2422,r4i1p1f1,1956,08,19,0.0,32.93579,14.3568945,1956
2423,r4i1p1f1,1956,08,20,0.0,32.259903,14.486718,1956
2424,r4i1p1f1,1956,08,21,0.0,31.532358,14.216014,1956
2425,r4i1p1f1,1956,08,22,0.0,30.241495,12.505408,1956
2426,r4i1p1f1,1956,08,23,0.0,29.767782,11.672006,1956
2427,r4i1p1f1,1956,08,24,0.0,26.903065,8.414439,1956
2428,r4i1p1f1,1956,08,25,0.0,27.671408,8.3572,1956
2429,r4i1p1f1,1956,08,26,0.0,33.036327,13.748374,1956
2430,r4i1p1f1,1956,08,27,0.0,34.603733,15.485043,1956
2431,r4i1p1f1,1956,08,28,0.0,34.714706,14.5945635,1956
2432,r4i1p1f1,1956,08,29,0.0,33.81722,13.976607,1956
2433,r4i1p1f1,1956,08,30,0.4170192610217782,31.927359,15.239903,1956
2434,r4i1p1f1,1956,08,31,0.0,29.999943,15.84454,1956
2435,r4i1p1f1,1956,09,01,0.0,31.160692,15.754963,1956
2436,r4i1p1f1,1956,09,02,0.0,29.677483,13.953674,1956
2437,r4i1p1f1,1956,09,03,0.0,25.995377,9.609154,1956
2438,r4i1p1f1,1956,09,04,0.0,27.434292,9.564533,1956
2439,r4i1p1f1,1956,09,05,0.0,29.169264,12.334438,1956
2440,r4i1p1f1,1956,09,06,0.0,31.814432,13.833459,1956
2441,r4i1p1f1,1956,09,07,0.0,33.905876,15.54691,1956
2442,r4i1p1f1,1956,09,08,0.0,33.821552,15.460205,1956
2443,r4i1p1f1,1956,09,09,0.0,32.17927,15.770839,1956
2444,r4i1p1f1,1956,09,10,1.8235179516523203,25.732368,12.0901575,1956
2445,r4i1p1f1,1956,09,11,0.0,24.398788,7.7562237,1956
2446,r4i1p1f1,1956,09,12,0.0,27.750738,8.553242,1956
2447,r4i1p1f1,1956,09,13,0.0,28.102596,10.442425,1956
2448,r4i1p1f1,1956,09,14,0.0,27.735945,9.759625,1956
2449,r4i1p1f1,1956,09,15,0.0,27.765957,10.434776,1956
2450,r4i1p1f1,1956,09,16,0.0,27.413958,9.374233,1956
2451,r4i1p1f1,1956,09,17,0.0,27.732916,9.543401,1956
2452,r4i1p1f1,1956,09,18,0.0,28.726841,10.060355,1956
2453,r4i1p1f1,1956,09,19,0.0,29.137997,10.126484,1956
2454,r4i1p1f1,1956,09,20,0.0,29.629337,10.526612,1956
2455,r4i1p1f1,1956,09,21,0.0,28.643215,13.279613,1956
2456,r4i1p1f1,1956,09,22,0.0,27.939276,10.085033,1956
2457,r4i1p1f1,1956,09,23,0.0,26.854134,8.893161,1956
2458,r4i1p1f1,1956,09,24,0.0,28.929314,11.919567,1956
2459,r4i1p1f1,1956,09,25,0.0,31.19263,12.492035,1956
2460,r4i1p1f1,1956,09,26,0.0,32.82307,13.881361,1956
2461,r4i1p1f1,1956,09,27,0.0,32.815956,14.101234,1956
2462,r4i1p1f1,1956,09,28,0.0,29.44697,11.327349,1956
2463,r4i1p1f1,1956,09,29,0.0,23.614977,7.3820167,1956
2464,r4i1p1f1,1956,09,30,0.0,23.289927,8.120158,1956
2465,r4i1p1f1,1956,10,01,0.0,24.942375,10.3336525,1956
2466,r4i1p1f1,1956,10,02,0.0,24.789852,10.72188,1956
2467,r4i1p1f1,1956,10,03,0.0,23.89206,8.829729,1956
2468,r4i1p1f1,1956,10,04,0.0,22.816687,5.8730116,1956
2469,r4i1p1f1,1956,10,05,0.1373868834079417,17.15216,4.5969825,1956
2470,r4i1p1f1,1956,10,06,0.0,16.862389,1.8612417,1956
2471,r4i1p1f1,1956,10,07,0.0,16.197104,0.6391366,1956
2472,r4i1p1f1,1956,10,08,0.0,16.034569,1.8800464,1956
2473,r4i1p1f1,1956,10,09,0.0,16.847784,1.9857281,1956
2474,r4i1p1f1,1956,10,10,0.0,18.247864,0.011736711,1956
2475,r4i1p1f1,1956,10,11,0.0,21.262093,2.845842,1956
2476,r4i1p1f1,1956,10,12,0.0,23.81346,5.308273,1956
2477,r4i1p1f1,1956,10,13,0.0,22.65033,5.9763355,1956
2478,r4i1p1f1,1956,10,14,0.0,21.004519,4.819813,1956
2479,r4i1p1f1,1956,10,15,0.17915370168282152,21.64908,6.4339447,1956
2480,r4i1p1f1,1956,10,16,0.10462678478688758,15.840059,4.0494127,1956
2481,r4i1p1f1,1956,10,17,6.590359307682547,15.92545,3.797426,1956
2482,r4i1p1f1,1956,10,18,1.6233543413832763,15.732954,2.8719313,1956
2483,r4i1p1f1,1956,10,19,1.1865467005009123,16.868065,4.1032434,1956
2484,r4i1p1f1,1956,10,20,1.7383257864366897,20.74689,6.9562483,1956
2485,r4i1p1f1,1956,10,21,0.0,20.459835,4.6539855,1956
2486,r4i1p1f1,1956,10,22,0.0,21.300827,5.027727,1956
2487,r4i1p1f1,1956,10,23,0.0,21.988655,5.610009,1956
2488,r4i1p1f1,1956,10,24,0.0,21.44079,4.8943415,1956
2489,r4i1p1f1,1956,10,25,0.0,21.57404,5.4028044,1956
2490,r4i1p1f1,1956,10,26,0.0,20.7932,4.793303,1956
2491,r4i1p1f1,1956,10,27,0.0,20.188885,4.9554505,1956
2492,r4i1p1f1,1956,10,28,0.0,23.103546,5.788925,1956
2493,r4i1p1f1,1956,10,29,0.0,23.479729,7.0908813,1956
2494,r4i1p1f1,1956,10,30,0.0,23.589676,6.1089,1956
2495,r4i1p1f1,1956,10,31,0.0,20.578934,5.742322,1956
2496,r4i1p1f1,1956,11,01,0.0,18.387186,6.2722344,1956
2497,r4i1p1f1,1956,11,02,0.0,17.881666,4.2582,1956
2498,r4i1p1f1,1956,11,03,0.0,17.258736,2.3835478,1956
2499,r4i1p1f1,1956,11,04,0.0,16.704292,0.821438,1956
2500,r4i1p1f1,1956,11,05,0.0004495326606956951,18.17844,5.2673593,1956
2501,r4i1p1f1,1956,11,06,0.08566745437406098,12.28632,1.2463163,1956
2502,r4i1p1f1,1956,11,07,0.0,13.864486,0.46651995,1956
2503,r4i1p1f1,1956,11,08,0.0,17.124765,0.5670607,1956
2504,r4i1p1f1,1956,11,09,0.0,19.762308,2.6343956,1956
2505,r4i1p1f1,1956,11,10,0.0,22.476877,4.9674964,1956
2506,r4i1p1f1,1956,11,11,0.0,22.627214,5.660916,1956
2507,r4i1p1f1,1956,11,12,0.0,20.551964,4.2921076,1956
2508,r4i1p1f1,1956,11,13,0.0,16.847597,2.2238271,1956
2509,r4i1p1f1,1956,11,14,0.0,17.520157,0.9295112,1956
2510,r4i1p1f1,1956,11,15,0.0,17.901163,1.2795018,1956
2511,r4i1p1f1,1956,11,16,0.0,17.060488,0.75715387,1956
2512,r4i1p1f1,1956,11,17,10.626913873056765,18.834124,5.1186357,1956
2513,r4i1p1f1,1956,11,18,18.001520479811006,9.421913,-0.68787456,1956
2514,r4i1p1f1,1956,11,19,0.0668880726379939,8.321361,-3.066752,1956
2515,r4i1p1f1,1956,11,20,0.0,11.410618,-2.1458526,1956
2516,r4i1p1f1,1956,11,21,0.0,15.021454,-1.1933433,1956
2517,r4i1p1f1,1956,11,22,0.0,15.18404,0.30891153,1956
2518,r4i1p1f1,1956,11,23,0.0,15.893648,-0.2530676,1956
2519,r4i1p1f1,1956,11,24,0.06290118881224771,17.194126,4.8555894,1956
2520,r4i1p1f1,1956,11,25,0.14706053725603851,12.601627,4.021031,1956
2521,r4i1p1f1,1956,11,26,22.39539612310182,11.769658,1.0849031,1956
2522,r4i1p1f1,1956,11,27,34.50647146819392,8.7613,1.8540974,1956
2523,r4i1p1f1,1956,11,28,5.934420957876796,7.2646813,-3.5217428,1956
2524,r4i1p1f1,1956,11,29,0.0,9.211787,-5.4027286,1956
2525,r4i1p1f1,1956,11,30,0.0,9.621757,-1.7289232,1956
2526,r4i1p1f1,1956,12,01,0.0,9.240635,-0.8420381,1956
2527,r4i1p1f1,1956,12,02,0.0,12.015308,2.1488652,1956
2528,r4i1p1f1,1956,12,03,0.0,12.075121,1.5083485,1956
2529,r4i1p1f1,1956,12,04,0.0,10.982113,3.6811333,1956
2530,r4i1p1f1,1956,12,05,0.08768134503043257,9.632211,4.033255,1956
2531,r4i1p1f1,1956,12,06,0.0,14.070975,1.1579013,1956
2532,r4i1p1f1,1956,12,07,0.0,14.361435,3.1831195,1956
2533,r4i1p1f1,1956,12,08,0.006463031240855344,13.04416,2.9520495,1956
2534,r4i1p1f1,1956,12,09,36.85095741375335,12.677741,6.041856,1956
2535,r4i1p1f1,1956,12,10,30.746421192645812,12.099542,0.6284467,1956
2536,r4i1p1f1,1956,12,11,27.467042404896347,4.6919317,-1.3108563,1956
2537,r4i1p1f1,1956,12,12,5.805794181037527,4.929107,-6.2991214,1956
2538,r4i1p1f1,1956,12,13,0.0,8.236281,-3.374692,1956
2539,r4i1p1f1,1956,12,14,0.0,9.650125,-2.6049848,1956
2540,r4i1p1f1,1956,12,15,0.0,10.414598,-1.1417232,1956
2541,r4i1p1f1,1956,12,16,0.0,9.140983,-0.67880136,1956
2542,r4i1p1f1,1956,12,17,0.0,11.246463,0.6726166,1956
2543,r4i1p1f1,1956,12,18,0.0,9.889712,-1.2058119,1956
2544,r4i1p1f1,1956,12,19,0.028092532102164114,9.696675,-2.080897,1956
2545,r4i1p1f1,1956,12,20,1.6575133450089652,4.4970703,0.6604016,1956
2546,r4i1p1f1,1956,12,21,13.494110412921145,4.3116064,0.0226415,1956
2547,r4i1p1f1,1956,12,22,15.962753611893277,6.1036754,-0.010721313,1956
2548,r4i1p1f1,1956,12,23,25.65625803290459,6.241722,-4.013782,1956
2549,r4i1p1f1,1956,12,24,4.7622662738376675,-0.4685979,-13.034529,1956
2550,r4i1p1f1,1956,12,25,18.941112075481215,5.8195095,-4.4378414,1956
2551,r4i1p1f1,1956,12,26,57.23186863833689,9.293879,2.1332486,1956
2552,r4i1p1f1,1956,12,27,11.072083473874272,7.771224,1.0368197,1956
2553,r4i1p1f1,1956,12,28,34.46573886976694,9.862613,2.9213424,1956
2554,r4i1p1f1,1956,12,29,0.4339628966448572,6.4627247,-4.658773,1956
2555,r4i1p1f1,1956,12,30,0.0,2.2472956,-9.640163,1956
2556,r4i1p1f1,1956,12,31,10.690605638092165,8.931905,-1.7022777,1956
2557,r4i1p1f1,1957,01,01,8.440261806293847,9.188659,2.5912695,1957
2558,r4i1p1f1,1957,01,02,28.871469628211344,8.655606,2.748686,1957
2559,r4i1p1f1,1957,01,03,23.7195399543225,10.227065,3.866478,1957
2560,r4i1p1f1,1957,01,04,54.880717826017644,10.04345,3.8838072,1957
2561,r4i1p1f1,1957,01,05,16.67447260379049,9.801161,3.8832,1957
2562,r4i1p1f1,1957,01,06,4.672469633715082,8.994451,2.5992818,1957
2563,r4i1p1f1,1957,01,07,0.0,11.931583,4.922045,1957
2564,r4i1p1f1,1957,01,08,0.0,15.614909,4.6904793,1957
2565,r4i1p1f1,1957,01,09,0.0,15.882762,3.8773236,1957
2566,r4i1p1f1,1957,01,10,8.979904243278725,13.780578,6.338411,1957
2567,r4i1p1f1,1957,01,11,36.75145030006206,11.405372,3.810485,1957
2568,r4i1p1f1,1957,01,12,50.0542443630593,13.398428,2.5758767,1957
2569,r4i1p1f1,1957,01,13,55.61136138094298,12.431881,7.193818,1957
2570,r4i1p1f1,1957,01,14,54.56075107635456,12.001982,7.6544733,1957
2571,r4i1p1f1,1957,01,15,14.708563103022243,10.944838,6.0817914,1957
2572,r4i1p1f1,1957,01,16,0.0,12.16766,5.303631,1957
2573,r4i1p1f1,1957,01,17,0.2431449638322647,12.401097,3.932475,1957
2574,r4i1p1f1,1957,01,18,0.0,13.22903,1.6157718,1957
2575,r4i1p1f1,1957,01,19,0.023484693656428135,13.407144,3.8109403,1957
2576,r4i1p1f1,1957,01,20,0.0,12.868221,0.26364332,1957
2577,r4i1p1f1,1957,01,21,0.0,12.451336,0.15462123,1957
2578,r4i1p1f1,1957,01,22,0.0,12.322307,0.60365677,1957
2579,r4i1p1f1,1957,01,23,0.0,12.469159,0.529786,1957
2580,r4i1p1f1,1957,01,24,0.0,14.075416,1.6850349,1957
2581,r4i1p1f1,1957,01,25,0.0,14.893862,1.3672717,1957
2582,r4i1p1f1,1957,01,26,0.0,14.640555,1.5225704,1957
2583,r4i1p1f1,1957,01,27,0.0,14.555035,1.8877563,1957
2584,r4i1p1f1,1957,01,28,4.976896304714273,8.775225,2.8211114,1957
2585,r4i1p1f1,1957,01,29,59.072119713164284,6.7065096,1.313113,1957
2586,r4i1p1f1,1957,01,30,24.066317492497546,5.1524386,-3.2195442,1957
2587,r4i1p1f1,1957,01,31,0.016564229667892505,5.944685,-7.0479593,1957
2588,r4i1p1f1,1957,02,01,10.059752384040621,5.156157,-5.014836,1957
2589,r4i1p1f1,1957,02,02,5.142371657848344,2.1817079,-4.0113854,1957
2590,r4i1p1f1,1957,02,03,0.0,2.5593834,-10.377587,1957
2591,r4i1p1f1,1957,02,04,0.0,4.822865,-10.3393135,1957
2592,r4i1p1f1,1957,02,05,0.0,5.1516924,-10.413991,1957
2593,r4i1p1f1,1957,02,06,0.05950865700583563,5.651561,-7.1128354,1957
2594,r4i1p1f1,1957,02,07,0.0,9.695088,-2.342618,1957
2595,r4i1p1f1,1957,02,08,0.0,12.941257,-0.09943766,1957
2596,r4i1p1f1,1957,02,09,0.0,13.342095,1.3992438,1957
2597,r4i1p1f1,1957,02,10,0.0,13.167175,0.32626268,1957
2598,r4i1p1f1,1957,02,11,0.020847353744102293,13.484302,0.7847759,1957
2599,r4i1p1f1,1957,02,12,2.625067056919761,8.656218,3.0571682,1957
2600,r4i1p1f1,1957,02,13,0.0,11.421768,1.2840923,1957
2601,r4i1p1f1,1957,02,14,0.0,11.315608,2.2053463,1957
2602,r4i1p1f1,1957,02,15,0.0,12.310012,-0.18112639,1957
2603,r4i1p1f1,1957,02,16,0.0,10.535908,1.0811858,1957
2604,r4i1p1f1,1957,02,17,0.0073496250706739374,11.555243,-0.24440013,1957
2605,r4i1p1f1,1957,02,18,0.0,11.325029,-1.5381826,1957
2606,r4i1p1f1,1957,02,19,0.0,12.1386385,-0.8770367,1957
2607,r4i1p1f1,1957,02,20,0.0,10.528699,-1.1746218,1957
2608,r4i1p1f1,1957,02,21,8.396595690101094,10.550947,0.3075652,1957
2609,r4i1p1f1,1957,02,22,0.0,9.054329,-2.315115,1957
2610,r4i1p1f1,1957,02,23,0.0,9.080119,1.280616,1957
2611,r4i1p1f1,1957,02,24,10.56189070804976,7.4969964,1.6636252,1957
2612,r4i1p1f1,1957,02,25,35.67518208146794,9.832577,3.122184,1957
2613,r4i1p1f1,1957,02,26,30.937907078327953,13.061863,1.8031191,1957
2614,r4i1p1f1,1957,02,27,5.092414359842223,7.1301093,-3.0274897,1957
2615,r4i1p1f1,1957,02,28,26.066850706774858,6.449628,0.072502404,1957
2616,r4i1p1f1,1957,03,01,0.0,8.854268,-3.999708,1957
2617,r4i1p1f1,1957,03,02,0.0221085307202884,7.6993732,-2.5038135,1957
2618,r4i1p1f1,1957,03,03,0.0,6.159421,-3.3281634,1957
2619,r4i1p1f1,1957,03,04,0.0752596645952508,7.5698752,-3.5363932,1957
2620,r4i1p1f1,1957,03,05,0.0,10.39376,-2.1373334,1957
2621,r4i1p1f1,1957,03,06,0.0,12.114126,1.2895534,1957
2622,r4i1p1f1,1957,03,07,0.15176194694959122,8.498359,1.4505229,1957
2623,r4i1p1f1,1957,03,08,7.051109348776663,8.012647,1.2496893,1957
2624,r4i1p1f1,1957,03,09,0.0,12.733552,0.5300347,1957
2625,r4i1p1f1,1957,03,10,0.0,13.87366,1.4147767,1957
2626,r4i1p1f1,1957,03,11,0.0,13.548085,3.1379995,1957
2627,r4i1p1f1,1957,03,12,0.0,18.728682,1.4606767,1957
2628,r4i1p1f1,1957,03,13,0.0,18.877567,3.5546918,1957
2629,r4i1p1f1,1957,03,14,0.0,18.017662,3.7394507,1957
2630,r4i1p1f1,1957,03,15,0.0,15.710125,2.8552732,1957
2631,r4i1p1f1,1957,03,16,13.423828941449756,12.232495,0.012386746,1957
2632,r4i1p1f1,1957,03,17,21.798598591090013,12.313171,-1.6917773,1957
2633,r4i1p1f1,1957,03,18,1.082905467569617,8.966862,-2.5557687,1957
2634,r4i1p1f1,1957,03,19,0.03281521380813501,13.380134,0.4238098,1957
2635,r4i1p1f1,1957,03,20,22.606326062668813,8.651821,1.5861639,1957
2636,r4i1p1f1,1957,03,21,1.4034171663894313,11.670577,-2.848504,1957
2637,r4i1p1f1,1957,03,22,0.0,7.627316,-2.30952,1957
2638,r4i1p1f1,1957,03,23,1.1986901374726244,6.803616,-4.227819,1957
2639,r4i1p1f1,1957,03,24,0.0,10.534221,-3.0512054,1957
2640,r4i1p1f1,1957,03,25,0.0,11.2454,-2.3961062,1957
2641,r4i1p1f1,1957,03,26,17.050700213803793,5.084658,-3.136994,1957
2642,r4i1p1f1,1957,03,27,1.6807929642141062,10.005526,-1.0955216,1957
2643,r4i1p1f1,1957,03,28,2.5785580974456934,9.227814,2.085951,1957
2644,r4i1p1f1,1957,03,29,0.1325721536261426,12.102539,6.5954356,1957
2645,r4i1p1f1,1957,03,30,1.3906945496842127,9.001388,3.6118214,1957
2646,r4i1p1f1,1957,03,31,0.023899915527181292,17.349497,2.2958105,1957
2647,r4i1p1f1,1957,04,01,0.6438582979626517,14.309969,2.134085,1957
2648,r4i1p1f1,1957,04,02,0.0,16.846727,0.9817365,1957
2649,r4i1p1f1,1957,04,03,0.0,16.969402,1.6869942,1957
2650,r4i1p1f1,1957,04,04,0.08982209098746807,15.103302,2.1035583,1957
2651,r4i1p1f1,1957,04,05,0.0,14.290381,0.091131106,1957
2652,r4i1p1f1,1957,04,06,0.0,15.578167,1.3028914,1957
2653,r4i1p1f1,1957,04,07,0.07060791153890023,13.361164,3.8917584,1957
2654,r4i1p1f1,1957,04,08,5.453921466289557,10.199838,-1.2437898,1957
2655,r4i1p1f1,1957,04,09,0.0,11.383282,-1.7413497,1957
2656,r4i1p1f1,1957,04,10,0.11528042573445418,15.710207,1.3144084,1957
2657,r4i1p1f1,1957,04,11,0.0,18.678799,2.2648501,1957
2658,r4i1p1f1,1957,04,12,0.0,24.381456,5.3165746,1957
2659,r4i1p1f1,1957,04,13,0.0,24.4536,6.958634,1957
2660,r4i1p1f1,1957,04,14,0.0,23.787579,7.557128,1957
2661,r4i1p1f1,1957,04,15,0.0,22.30795,7.310257,1957
2662,r4i1p1f1,1957,04,16,0.2058896129256027,20.6512,6.487734,1957
2663,r4i1p1f1,1957,04,17,0.0,21.006071,3.459423,1957
2664,r4i1p1f1,1957,04,18,0.0,21.131788,5.726841,1957
2665,r4i1p1f1,1957,04,19,0.0,22.229086,5.118608,1957
2666,r4i1p1f1,1957,04,20,0.0,22.125998,5.879373,1957
2667,r4i1p1f1,1957,04,21,0.0,24.828226,7.4378476,1957
2668,r4i1p1f1,1957,04,22,0.0,24.3404,8.24961,1957
2669,r4i1p1f1,1957,04,23,0.0,24.00388,7.8710337,1957
2670,r4i1p1f1,1957,04,24,0.0,23.945215,8.586121,1957
2671,r4i1p1f1,1957,04,25,0.0,17.901255,4.018816,1957
2672,r4i1p1f1,1957,04,26,0.0,19.490751,2.4612732,1957
2673,r4i1p1f1,1957,04,27,0.0,21.135761,3.8674257,1957
2674,r4i1p1f1,1957,04,28,0.0,24.649729,6.5113025,1957
2675,r4i1p1f1,1957,04,29,0.0,24.574852,6.6616774,1957
2676,r4i1p1f1,1957,04,30,0.0,22.36796,5.701447,1957
2677,r4i1p1f1,1957,05,01,0.0,20.774834,5.063653,1957
2678,r4i1p1f1,1957,05,02,5.080958521563161,12.890558,-0.7816575,1957
2679,r4i1p1f1,1957,05,03,0.0,14.585537,1.1752461,1957
2680,r4i1p1f1,1957,05,04,0.0021411412035376998,13.41347,4.1482887,1957
2681,r4i1p1f1,1957,05,05,37.093319694577076,9.418248,3.4133272,1957
2682,r4i1p1f1,1957,05,06,9.294586411260752,12.432173,1.5141793,1957
2683,r4i1p1f1,1957,05,07,0.0,24.909706,6.814174,1957
2684,r4i1p1f1,1957,05,08,0.0,27.208082,10.340786,1957
2685,r4i1p1f1,1957,05,09,0.0,27.012794,10.590735,1957
2686,r4i1p1f1,1957,05,10,0.0,25.597301,9.552206,1957
2687,r4i1p1f1,1957,05,11,0.0,27.292145,9.726552,1957
2688,r4i1p1f1,1957,05,12,0.0,27.691553,11.367198,1957
2689,r4i1p1f1,1957,05,13,0.0,28.99662,10.997517,1957
2690,r4i1p1f1,1957,05,14,0.0,30.093428,12.678419,1957
2691,r4i1p1f1,1957,05,15,0.42226446530548856,31.564432,14.000377,1957
2692,r4i1p1f1,1957,05,16,0.0,31.226627,13.5981245,1957
2693,r4i1p1f1,1957,05,17,0.0,31.60863,13.779652,1957
2694,r4i1p1f1,1957,05,18,0.0,29.435493,11.628389,1957
2695,r4i1p1f1,1957,05,19,0.0,21.887566,4.666622,1957
2696,r4i1p1f1,1957,05,20,0.36430372438189806,13.948963,3.333266,1957
2697,r4i1p1f1,1957,05,21,0.006588451947209251,21.180595,4.9408126,1957
2698,r4i1p1f1,1957,05,22,0.0,24.744602,6.3360868,1957
2699,r4i1p1f1,1957,05,23,0.0,24.055016,9.436952,1957
2700,r4i1p1f1,1957,05,24,0.0,26.043741,9.437817,1957
2701,r4i1p1f1,1957,05,25,0.0,24.967062,7.906019,1957
2702,r4i1p1f1,1957,05,26,0.0,24.712458,8.200056,1957
2703,r4i1p1f1,1957,05,27,0.0,23.99578,6.879977,1957
2704,r4i1p1f1,1957,05,28,0.0,23.104122,5.40192,1957
2705,r4i1p1f1,1957,05,29,0.0,26.203955,8.347576,1957
2706,r4i1p1f1,1957,05,30,0.0,29.117968,8.772952,1957
2707,r4i1p1f1,1957,05,31,0.11672478365198913,26.667498,8.26998,1957
2708,r4i1p1f1,1957,06,01,0.02190708058265045,25.325644,5.3817534,1957
2709,r4i1p1f1,1957,06,02,0.1346010493762151,24.284666,5.544012,1957
2710,r4i1p1f1,1957,06,03,0.0,27.38311,7.714967,1957
2711,r4i1p1f1,1957,06,04,0.0,27.970703,9.431781,1957
2712,r4i1p1f1,1957,06,05,0.24430030400139913,26.261791,7.913585,1957
2713,r4i1p1f1,1957,06,06,0.3572749609077164,19.085062,5.436974,1957
2714,r4i1p1f1,1957,06,07,0.0012163751307525672,23.64611,7.910517,1957
2715,r4i1p1f1,1957,06,08,0.0,23.425749,6.307899,1957
2716,r4i1p1f1,1957,06,09,0.018989255659107585,22.228054,7.117747,1957
2717,r4i1p1f1,1957,06,10,0.0,23.771889,6.9455085,1957
2718,r4i1p1f1,1957,06,11,0.0,27.130484,9.702587,1957
2719,r4i1p1f1,1957,06,12,0.0,27.594429,8.224043,1957
2720,r4i1p1f1,1957,06,13,0.0,27.637457,7.9758844,1957
2721,r4i1p1f1,1957,06,14,0.0,28.741232,9.820187,1957
2722,r4i1p1f1,1957,06,15,0.0,29.91397,11.379776,1957
2723,r4i1p1f1,1957,06,16,0.0,29.20003,10.58697,1957
2724,r4i1p1f1,1957,06,17,0.0,28.441933,9.672507,1957
2725,r4i1p1f1,1957,06,18,0.0,27.442081,8.789339,1957
2726,r4i1p1f1,1957,06,19,0.0,30.095955,10.437473,1957
2727,r4i1p1f1,1957,06,20,0.0,32.331715,13.178704,1957
2728,r4i1p1f1,1957,06,21,0.0,32.665707,12.141223,1957
2729,r4i1p1f1,1957,06,22,0.0,31.070822,11.250843,1957
2730,r4i1p1f1,1957,06,23,0.0,30.87408,10.855887,1957
2731,r4i1p1f1,1957,06,24,0.0,30.86138,12.188472,1957
2732,r4i1p1f1,1957,06,25,0.0,32.135986,12.597157,1957
2733,r4i1p1f1,1957,06,26,0.0,31.78279,11.826287,1957
2734,r4i1p1f1,1957,06,27,0.0,31.052225,11.556558,1957
2735,r4i1p1f1,1957,06,28,0.0,25.24217,8.044254,1957
2736,r4i1p1f1,1957,06,29,0.0,26.266752,8.465608,1957
2737,r4i1p1f1,1957,06,30,0.0,26.373634,9.6149025,1957
2738,r4i1p1f1,1957,07,01,2.6423192387255767,28.995958,12.626177,1957
2739,r4i1p1f1,1957,07,02,1.2289565884543663,27.575293,11.26733,1957
2740,r4i1p1f1,1957,07,03,2.5891137534472364,24.77062,10.645726,1957
2741,r4i1p1f1,1957,07,04,0.005992773253638006,23.773058,8.348154,1957
2742,r4i1p1f1,1957,07,05,0.0,24.920341,10.152438,1957
2743,r4i1p1f1,1957,07,06,0.0,25.374302,8.904658,1957
2744,r4i1p1f1,1957,07,07,0.0,29.133986,9.793387,1957
2745,r4i1p1f1,1957,07,08,0.0,29.902653,11.017909,1957
2746,r4i1p1f1,1957,07,09,0.0,30.614725,12.580979,1957
2747,r4i1p1f1,1957,07,10,0.0,30.421383,11.969886,1957
2748,r4i1p1f1,1957,07,11,0.1593085847389375,29.508615,11.197575,1957
2749,r4i1p1f1,1957,07,12,0.05973847205495986,26.513014,10.320024,1957
2750,r4i1p1f1,1957,07,13,0.0,27.446453,10.112098,1957
2751,r4i1p1f1,1957,07,14,0.016962076347226684,32.1459,12.632767,1957
2752,r4i1p1f1,1957,07,15,0.0,34.004837,15.485772,1957
2753,r4i1p1f1,1957,07,16,0.24775034403319296,33.625214,15.398814,1957
2754,r4i1p1f1,1957,07,17,0.0,32.432617,13.0988865,1957
2755,r4i1p1f1,1957,07,18,0.0,34.931442,14.154356,1957
2756,r4i1p1f1,1957,07,19,0.0,37.32352,16.244738,1957
2757,r4i1p1f1,1957,07,20,0.0,37.85402,17.35501,1957
2758,r4i1p1f1,1957,07,21,0.0,38.307808,19.21318,1957
2759,r4i1p1f1,1957,07,22,0.0,38.58245,18.681171,1957
2760,r4i1p1f1,1957,07,23,0.0,37.9099,18.547447,1957
2761,r4i1p1f1,1957,07,24,0.0,35.90243,17.045755,1957
2762,r4i1p1f1,1957,07,25,0.0,35.75561,16.804113,1957
2763,r4i1p1f1,1957,07,26,0.0,32.800728,14.063541,1957
2764,r4i1p1f1,1957,07,27,0.0,32.966297,14.347905,1957
2765,r4i1p1f1,1957,07,28,0.0,32.7662,14.828374,1957
2766,r4i1p1f1,1957,07,29,0.0,34.07847,14.86665,1957
2767,r4i1p1f1,1957,07,30,0.0,34.00267,14.714998,1957
2768,r4i1p1f1,1957,07,31,0.0,31.956198,13.959611,1957
2769,r4i1p1f1,1957,08,01,0.0,32.66552,15.489748,1957
2770,r4i1p1f1,1957,08,02,0.0,34.15946,16.73333,1957
2771,r4i1p1f1,1957,08,03,0.0,34.794846,16.385302,1957
2772,r4i1p1f1,1957,08,04,0.0,36.231342,17.439865,1957
2773,r4i1p1f1,1957,08,05,0.000675885280543298,37.68712,18.274876,1957
2774,r4i1p1f1,1957,08,06,0.0029340035254676877,36.813755,19.711004,1957
2775,r4i1p1f1,1957,08,07,0.0,34.940857,17.144396,1957
2776,r4i1p1f1,1957,08,08,0.0,34.881817,17.010075,1957
2777,r4i1p1f1,1957,08,09,0.0,35.547787,17.032639,1957
2778,r4i1p1f1,1957,08,10,0.0,34.960552,17.498684,1957
2779,r4i1p1f1,1957,08,11,0.0,35.230885,16.421648,1957
2780,r4i1p1f1,1957,08,12,0.0,35.732754,17.625265,1957
2781,r4i1p1f1,1957,08,13,0.0,33.11784,15.820707,1957
2782,r4i1p1f1,1957,08,14,0.0,31.832811,13.929929,1957
2783,r4i1p1f1,1957,08,15,0.0,30.864998,12.418462,1957
2784,r4i1p1f1,1957,08,16,0.0,28.366133,9.731855,1957
2785,r4i1p1f1,1957,08,17,0.0,26.038513,7.636578,1957
2786,r4i1p1f1,1957,08,18,0.0,27.874086,10.141982,1957
2787,r4i1p1f1,1957,08,19,0.0,29.917067,12.785355,1957
2788,r4i1p1f1,1957,08,20,0.0,31.367105,13.273061,1957
2789,r4i1p1f1,1957,08,21,0.0,32.34031,14.566898,1957
2790,r4i1p1f1,1957,08,22,0.0,32.09537,13.428791,1957
2791,r4i1p1f1,1957,08,23,0.0,30.45333,13.221043,1957
2792,r4i1p1f1,1957,08,24,0.002424436570436228,29.957912,10.968029,1957
2793,r4i1p1f1,1957,08,25,0.0,29.113169,10.4736185,1957
2794,r4i1p1f1,1957,08,26,0.0,29.549852,10.467814,1957
2795,r4i1p1f1,1957,08,27,0.0,29.30556,11.033896,1957
2796,r4i1p1f1,1957,08,28,0.0,28.232195,9.807087,1957
2797,r4i1p1f1,1957,08,29,0.0,28.40589,10.022498,1957
2798,r4i1p1f1,1957,08,30,0.0,30.319126,11.1078005,1957
2799,r4i1p1f1,1957,08,31,0.0,32.04213,11.317287,1957
2800,r4i1p1f1,1957,09,01,0.0,32.288277,13.72574,1957
2801,r4i1p1f1,1957,09,02,0.0,32.04344,13.164607,1957
2802,r4i1p1f1,1957,09,03,0.0,30.873756,14.312383,1957
2803,r4i1p1f1,1957,09,04,0.0,27.193861,9.383796,1957
2804,r4i1p1f1,1957,09,05,0.0,22.889544,7.3412113,1957
2805,r4i1p1f1,1957,09,06,0.0,22.687416,7.6039147,1957
2806,r4i1p1f1,1957,09,07,0.0,28.496918,9.915646,1957
2807,r4i1p1f1,1957,09,08,0.0,33.52001,13.421549,1957
2808,r4i1p1f1,1957,09,09,0.0,32.851685,15.554472,1957
2809,r4i1p1f1,1957,09,10,0.0,33.17528,14.1164255,1957
2810,r4i1p1f1,1957,09,11,0.046651154073629186,31.916344,17.4268,1957
2811,r4i1p1f1,1957,09,12,0.27061767895588673,30.534956,15.283062,1957
2812,r4i1p1f1,1957,09,13,0.24427324978546494,28.396742,11.829731,1957
2813,r4i1p1f1,1957,09,14,0.0,29.752459,12.827239,1957
2814,r4i1p1f1,1957,09,15,0.0,30.775978,14.249771,1957
2815,r4i1p1f1,1957,09,16,0.0,31.776459,14.320143,1957
2816,r4i1p1f1,1957,09,17,0.0,32.666245,15.503657,1957
2817,r4i1p1f1,1957,09,18,0.0,32.370533,16.076895,1957
2818,r4i1p1f1,1957,09,19,0.0,31.377459,15.448137,1957
2819,r4i1p1f1,1957,09,20,0.0,29.977898,14.404741,1957
2820,r4i1p1f1,1957,09,21,0.0,30.862013,13.636462,1957
2821,r4i1p1f1,1957,09,22,0.0,27.794931,11.801926,1957
2822,r4i1p1f1,1957,09,23,0.0,23.388372,7.957938,1957
2823,r4i1p1f1,1957,09,24,0.0,22.605017,6.2979083,1957
2824,r4i1p1f1,1957,09,25,0.0023725961909804028,23.09118,7.1261845,1957
2825,r4i1p1f1,1957,09,26,25.365577805496287,19.312119,7.5866003,1957
2826,r4i1p1f1,1957,09,27,0.0007361994704524477,19.474064,7.6489887,1957
2827,r4i1p1f1,1957,09,28,0.019056417704632622,22.215652,8.157269,1957
2828,r4i1p1f1,1957,09,29,0.0,26.30284,9.840001,1957
2829,r4i1p1f1,1957,09,30,0.0,28.289557,12.905956,1957
2830,r4i1p1f1,1957,10,01,0.0,29.32125,12.381578,1957
2831,r4i1p1f1,1957,10,02,0.0,29.082438,12.639511,1957
2832,r4i1p1f1,1957,10,03,0.0,28.506327,10.515654,1957
2833,r4i1p1f1,1957,10,04,0.0,25.86365,8.144987,1957
2834,r4i1p1f1,1957,10,05,0.007204689427453559,25.482584,11.438059,1957
2835,r4i1p1f1,1957,10,06,0.04478284392916976,24.483963,9.570354,1957
2836,r4i1p1f1,1957,10,07,0.0,23.905422,8.54179,1957
2837,r4i1p1f1,1957,10,08,0.0,23.084492,7.805303,1957
2838,r4i1p1f1,1957,10,09,5.7218649348669715,22.85805,9.1053,1957
2839,r4i1p1f1,1957,10,10,2.203361650623492,25.25579,10.667165,1957
2840,r4i1p1f1,1957,10,11,0.0,23.585615,10.802616,1957
2841,r4i1p1f1,1957,10,12,0.0,23.575027,10.959133,1957
2842,r4i1p1f1,1957,10,13,0.0,18.292427,3.058115,1957
2843,r4i1p1f1,1957,10,14,0.0,18.092695,2.0033288,1957
2844,r4i1p1f1,1957,10,15,0.0,20.302189,2.7312407,1957
2845,r4i1p1f1,1957,10,16,0.0,20.728981,3.4367855,1957
2846,r4i1p1f1,1957,10,17,0.0,20.39622,6.07399,1957
2847,r4i1p1f1,1957,10,18,0.0,24.917171,7.2203937,1957
2848,r4i1p1f1,1957,10,19,0.0,27.16787,9.708088,1957
2849,r4i1p1f1,1957,10,20,0.0,27.951904,10.08699,1957
2850,r4i1p1f1,1957,10,21,0.0,27.421007,9.626569,1957
2851,r4i1p1f1,1957,10,22,0.0,25.043074,10.614228,1957
2852,r4i1p1f1,1957,10,23,0.0,23.443953,6.842716,1957
2853,r4i1p1f1,1957,10,24,0.0,23.107243,7.238354,1957
2854,r4i1p1f1,1957,10,25,0.0,21.758778,5.2440777,1957
2855,r4i1p1f1,1957,10,26,0.0,21.16658,7.402931,1957
2856,r4i1p1f1,1957,10,27,0.0,18.930262,5.581196,1957
2857,r4i1p1f1,1957,10,28,2.0790198827398854,10.897898,-0.8633193,1957
2858,r4i1p1f1,1957,10,29,0.04239461250108434,15.044682,2.6806028,1957
2859,r4i1p1f1,1957,10,30,0.0,17.99221,2.261214,1957
2860,r4i1p1f1,1957,10,31,0.0,22.35887,5.4498796,1957
2861,r4i1p1f1,1957,11,01,0.0,22.648882,7.0791526,1957
2862,r4i1p1f1,1957,11,02,0.0,23.441948,7.716166,1957
2863,r4i1p1f1,1957,11,03,0.0,22.567911,8.775974,1957
2864,r4i1p1f1,1957,11,04,0.0,23.19825,8.130146,1957
2865,r4i1p1f1,1957,11,05,0.0,21.636015,5.2513223,1957
2866,r4i1p1f1,1957,11,06,0.0,19.4484,4.1330357,1957
2867,r4i1p1f1,1957,11,07,0.0,21.183506,4.121409,1957
2868,r4i1p1f1,1957,11,08,0.0,22.582758,5.296522,1957
2869,r4i1p1f1,1957,11,09,0.0,22.604809,5.6071506,1957
2870,r4i1p1f1,1957,11,10,0.0,21.40187,4.9623275,1957
2871,r4i1p1f1,1957,11,11,0.0,22.277262,5.1274643,1957
2872,r4i1p1f1,1957,11,12,0.0,21.860373,5.063127,1957
2873,r4i1p1f1,1957,11,13,0.0,21.526745,5.5590982,1957
2874,r4i1p1f1,1957,11,14,0.0,19.040974,6.392061,1957
2875,r4i1p1f1,1957,11,15,0.0,18.977238,3.83809,1957
2876,r4i1p1f1,1957,11,16,3.4440728310869417,19.11677,6.5274076,1957
2877,r4i1p1f1,1957,11,17,71.80172087828396,14.3649025,5.620897,1957
2878,r4i1p1f1,1957,11,18,4.994347123147236,9.948932,2.6945367,1957
2879,r4i1p1f1,1957,11,19,0.0,11.461916,-0.3762046,1957
2880,r4i1p1f1,1957,11,20,0.0,9.860754,0.9113791,1957
2881,r4i1p1f1,1957,11,21,0.0,11.147855,-0.889104,1957
2882,r4i1p1f1,1957,11,22,13.461894585934287,13.429957,3.7777846,1957
2883,r4i1p1f1,1957,11,23,1.1563569658164852,13.388723,2.0117114,1957
2884,r4i1p1f1,1957,11,24,26.9956459516834,11.705685,0.92932934,1957
2885,r4i1p1f1,1957,11,25,1.1452673921667156,7.032331,-2.3073752,1957
2886,r4i1p1f1,1957,11,26,0.0,8.896693,-1.109652,1957
2887,r4i1p1f1,1957,11,27,0.0,10.389366,0.7480175,1957
2888,r4i1p1f1,1957,11,28,5.872077697790701,10.893467,1.6007314,1957
2889,r4i1p1f1,1957,11,29,27.50982935540378,8.853773,2.1413667,1957
2890,r4i1p1f1,1957,11,30,0.003150329303025501,10.503616,0.7222196,1957
2891,r4i1p1f1,1957,12,01,14.446772185988266,7.2379203,1.5602561,1957
2892,r4i1p1f1,1957,12,02,0.6797284130531267,6.961658,-0.978767,1957
2893,r4i1p1f1,1957,12,03,37.98105905443663,10.0877285,3.604732,1957
2894,r4i1p1f1,1957,12,04,1.1400479784697382,8.658489,2.6646376,1957
2895,r4i1p1f1,1957,12,05,16.50792303983053,11.413964,4.763815,1957
2896,r4i1p1f1,1957,12,06,40.36861249228423,11.609008,2.8795302,1957
2897,r4i1p1f1,1957,12,07,5.553726388491498,9.82963,0.17011748,1957
2898,r4i1p1f1,1957,12,08,0.09988223073378322,4.36145,-4.464807,1957
2899,r4i1p1f1,1957,12,09,0.0,3.0490537,-5.999139,1957
2900,r4i1p1f1,1957,12,10,0.0,6.1211896,-5.6377563,1957
2901,r4i1p1f1,1957,12,11,0.0,10.221683,-0.2949003,1957
2902,r4i1p1f1,1957,12,12,0.0,9.637659,-0.5905594,1957
2903,r4i1p1f1,1957,12,13,0.08009971412548111,7.885142,-1.3852202,1957
2904,r4i1p1f1,1957,12,14,2.724821926091181,6.9378867,0.84271216,1957
2905,r4i1p1f1,1957,12,15,0.0,6.070856,0.40512404,1957
2906,r4i1p1f1,1957,12,16,0.0,9.497842,1.091999,1957
2907,r4i1p1f1,1957,12,17,16.120219174445083,8.50664,1.095702,1957
2908,r4i1p1f1,1957,12,18,0.0,9.12306,4.661801,1957
2909,r4i1p1f1,1957,12,19,0.0,9.731973,-0.20251724,1957
2910,r4i1p1f1,1957,12,20,0.0,9.018261,1.6082772,1957
2911,r4i1p1f1,1957,12,21,0.0,10.6602545,0.6465921,1957
2912,r4i1p1f1,1957,12,22,0.0,8.825557,1.163507,1957
2913,r4i1p1f1,1957,12,23,0.0,9.8720665,-0.44212478,1957
2914,r4i1p1f1,1957,12,24,0.0,10.739872,0.08943537,1957
2915,r4i1p1f1,1957,12,25,0.0,13.756313,1.3091028,1957
2916,r4i1p1f1,1957,12,26,0.0,13.572177,0.8769278,1957
2917,r4i1p1f1,1957,12,27,0.0,13.145537,1.1675775,1957
2918,r4i1p1f1,1957,12,28,0.0,13.582256,1.9006388,1957
2919,r4i1p1f1,1957,12,29,0.0,12.819066,-0.9782628,1957
2920,r4i1p1f1,1957,12,30,0.0,13.254673,0.35567325,1957
2921,r4i1p1f1,1957,12,31,0.0,12.574343,0.8650294,1957
2922,r4i1p1f1,1958,01,01,0.0,13.895002,0.46261084,1958
2923,r4i1p1f1,1958,01,02,0.0,13.370007,0.9110402,1958
2924,r4i1p1f1,1958,01,03,0.0,13.281429,0.06270684,1958
2925,r4i1p1f1,1958,01,04,0.0,13.456518,0.012645986,1958
2926,r4i1p1f1,1958,01,05,0.0,13.979894,0.87657815,1958
2927,r4i1p1f1,1958,01,06,0.0,15.075877,1.0974203,1958
2928,r4i1p1f1,1958,01,07,0.0,13.44971,0.48428977,1958
2929,r4i1p1f1,1958,01,08,0.0,13.108528,0.5874583,1958
2930,r4i1p1f1,1958,01,09,0.0,12.665613,0.94871414,1958
2931,r4i1p1f1,1958,01,10,28.486095547123114,9.872286,0.5840343,1958
2932,r4i1p1f1,1958,01,11,28.76436823971744,10.431133,2.2124922,1958
2933,r4i1p1f1,1958,01,12,0.0,10.396082,-0.8926633,1958
2934,r4i1p1f1,1958,01,13,0.0,10.058305,-0.36879677,1958
2935,r4i1p1f1,1958,01,14,3.267788604694033,7.6396275,0.84739894,1958
2936,r4i1p1f1,1958,01,15,0.0011164147281306214,9.386607,3.0935664,1958
2937,r4i1p1f1,1958,01,16,0.0,10.52585,2.257891,1958
2938,r4i1p1f1,1958,01,17,0.0,11.344259,2.0435517,1958
2939,r4i1p1f1,1958,01,18,0.0,8.309263,3.6612124,1958
2940,r4i1p1f1,1958,01,19,0.0,13.202911,1.6030707,1958
2941,r4i1p1f1,1958,01,20,0.0,14.693107,2.3947775,1958
2942,r4i1p1f1,1958,01,21,0.0,16.483307,3.0516434,1958
2943,r4i1p1f1,1958,01,22,0.0,15.138988,1.7922982,1958
2944,r4i1p1f1,1958,01,23,0.0,14.795824,2.3646166,1958
2945,r4i1p1f1,1958,01,24,0.0,14.970069,3.2054904,1958
2946,r4i1p1f1,1958,01,25,0.0,16.462515,4.0862436,1958
2947,r4i1p1f1,1958,01,26,0.0,16.760727,4.5122967,1958
2948,r4i1p1f1,1958,01,27,0.0,17.602573,4.7860694,1958
2949,r4i1p1f1,1958,01,28,0.0,14.750048,2.4292834,1958
2950,r4i1p1f1,1958,01,29,0.0,8.813178,-4.425295,1958
2951,r4i1p1f1,1958,01,30,0.0029459575898727053,5.6952357,-4.8118854,1958
2952,r4i1p1f1,1958,01,31,0.7550199801983126,5.4498253,-4.994213,1958
2953,r4i1p1f1,1958,02,01,13.614315040467773,4.13871,-2.7014697,1958
2954,r4i1p1f1,1958,02,02,0.0,8.611793,-2.8953164,1958
2955,r4i1p1f1,1958,02,03,0.0,10.489654,0.016873095,1958
2956,r4i1p1f1,1958,02,04,0.0,10.579986,-1.3403317,1958
2957,r4i1p1f1,1958,02,05,15.447320665998632,9.650056,-0.4067743,1958
2958,r4i1p1f1,1958,02,06,20.729667073692326,12.94191,3.3862073,1958
2959,r4i1p1f1,1958,02,07,6.856745448288848,10.635245,3.071269,1958
2960,r4i1p1f1,1958,02,08,26.29516238994256,11.555942,3.5085106,1958
2961,r4i1p1f1,1958,02,09,23.281668643630837,10.898857,3.7358904,1958
2962,r4i1p1f1,1958,02,10,8.488266408494383,13.096174,4.589351,1958
2963,r4i1p1f1,1958,02,11,7.293098053742142,13.807359,6.520122,1958
2964,r4i1p1f1,1958,02,12,0.0,15.917336,4.560098,1958
2965,r4i1p1f1,1958,02,13,0.0028064060643373523,16.337631,5.440303,1958
2966,r4i1p1f1,1958,02,14,0.0,16.61336,4.438406,1958
2967,r4i1p1f1,1958,02,15,0.00458614481431141,16.823038,6.5021405,1958
2968,r4i1p1f1,1958,02,16,0.0,17.08427,4.650698,1958
2969,r4i1p1f1,1958,02,17,0.0,16.533682,3.297379,1958
2970,r4i1p1f1,1958,02,18,0.0,18.652102,5.031677,1958
2971,r4i1p1f1,1958,02,19,0.0,18.754112,5.413718,1958
2972,r4i1p1f1,1958,02,20,0.0,19.070616,5.4174433,1958
2973,r4i1p1f1,1958,02,21,0.0,18.485817,4.743146,1958
2974,r4i1p1f1,1958,02,22,0.0,18.138842,4.2380347,1958
2975,r4i1p1f1,1958,02,23,0.0,18.10833,4.5652704,1958
2976,r4i1p1f1,1958,02,24,0.0,17.970846,5.9381313,1958
2977,r4i1p1f1,1958,02,25,0.0,18.038296,6.0572453,1958
2978,r4i1p1f1,1958,02,26,0.0,16.821333,5.347712,1958
2979,r4i1p1f1,1958,02,27,24.424828894916573,11.472993,4.471499,1958
2980,r4i1p1f1,1958,02,28,32.04108018953775,12.624321,2.2306948,1958
2981,r4i1p1f1,1958,03,01,9.864495928104589,9.046108,-1.2924938,1958
2982,r4i1p1f1,1958,03,02,45.115216630802024,4.8641953,-1.5351506,1958
2983,r4i1p1f1,1958,03,03,1.7379109481652222,9.670225,-0.27421167,1958
2984,r4i1p1f1,1958,03,04,0.0,13.663557,-1.209597,1958
2985,r4i1p1f1,1958,03,05,0.0,13.000957,0.21924575,1958
2986,r4i1p1f1,1958,03,06,5.429697069801875,9.6055765,1.5819484,1958
2987,r4i1p1f1,1958,03,07,0.06512368423727821,11.10713,0.16997702,1958
2988,r4i1p1f1,1958,03,08,0.0,10.6508875,-0.6422565,1958
2989,r4i1p1f1,1958,03,09,4.260241217184557,7.401518,-2.6136777,1958
2990,r4i1p1f1,1958,03,10,0.0,13.185082,2.0366929,1958
2991,r4i1p1f1,1958,03,11,0.0,11.204922,0.65720445,1958
2992,r4i1p1f1,1958,03,12,6.097467883137142,7.0068784,-0.21585485,1958
2993,r4i1p1f1,1958,03,13,0.4644894217562978,11.555888,3.6990945,1958
2994,r4i1p1f1,1958,03,14,0.0,14.166776,-0.36248323,1958
2995,r4i1p1f1,1958,03,15,0.6043123590359301,13.375676,2.357936,1958
2996,r4i1p1f1,1958,03,16,14.514684424466395,8.260132,2.4047167,1958
2997,r4i1p1f1,1958,03,17,25.532624411607685,7.971127,-0.14444225,1958
2998,r4i1p1f1,1958,03,18,0.7423978949930188,7.91139,-3.9860716,1958
2999,r4i1p1f1,1958,03,19,0.0,14.084823,-0.70829976,1958
3000,r4i1p1f1,1958,03,20,0.0,16.608463,1.0528939,1958
3001,r4i1p1f1,1958,03,21,0.0,18.188164,1.8258319,1958
3002,r4i1p1f1,1958,03,22,0.0,19.644432,2.6895864,1958
3003,r4i1p1f1,1958,03,23,0.0,20.133938,3.5993016,1958
3004,r4i1p1f1,1958,03,24,2.474302855285071,17.670994,1.9521918,1958
3005,r4i1p1f1,1958,03,25,0.0,11.542029,-1.8728744,1958
3006,r4i1p1f1,1958,03,26,0.0,17.87144,0.30049834,1958
3007,r4i1p1f1,1958,03,27,0.0,19.213978,1.7852824,1958
3008,r4i1p1f1,1958,03,28,0.0,18.683578,2.6898985,1958
3009,r4i1p1f1,1958,03,29,4.1395820021023155,10.873807,2.410779,1958
3010,r4i1p1f1,1958,03,30,8.535493415524797,11.235934,1.5088552,1958
3011,r4i1p1f1,1958,03,31,0.0,16.219078,1.1560516,1958
3012,r4i1p1f1,1958,04,01,0.0,15.9587555,2.3009336,1958
3013,r4i1p1f1,1958,04,02,17.873827906078077,10.953601,1.0903374,1958
3014,r4i1p1f1,1958,04,03,0.0,13.810762,0.93366474,1958
3015,r4i1p1f1,1958,04,04,0.0,19.757177,2.591389,1958
3016,r4i1p1f1,1958,04,05,0.0,20.01385,5.095202,1958
3017,r4i1p1f1,1958,04,06,22.752253882845253,14.077446,0.34046486,1958
3018,r4i1p1f1,1958,04,07,0.9866255925999212,12.980404,3.4115431,1958
3019,r4i1p1f1,1958,04,08,0.0,12.350236,3.67821,1958
3020,r4i1p1f1,1958,04,09,18.462245634145802,9.088293,1.295267,1958
3021,r4i1p1f1,1958,04,10,2.753877655936776,8.548275,2.229933,1958
3022,r4i1p1f1,1958,04,11,3.9158870328812156,12.635907,1.1041805,1958
3023,r4i1p1f1,1958,04,12,19.774062969736406,9.583013,1.8336555,1958
3024,r4i1p1f1,1958,04,13,23.09926626894594,9.235403,2.4603162,1958
3025,r4i1p1f1,1958,04,14,1.9868274715094003,10.639322,2.5188196,1958
3026,r4i1p1f1,1958,04,15,0.0,13.17089,0.09353892,1958
3027,r4i1p1f1,1958,04,16,0.0,16.138968,1.5285016,1958
3028,r4i1p1f1,1958,04,17,0.3990382242022861,11.040315,0.89124846,1958
3029,r4i1p1f1,1958,04,18,0.3442647778541641,15.9288435,1.3008814,1958
3030,r4i1p1f1,1958,04,19,0.0,18.876492,1.5371817,1958
3031,r4i1p1f1,1958,04,20,0.0,18.839613,4.121379,1958
3032,r4i1p1f1,1958,04,21,0.0011199507753190119,19.197083,4.6818056,1958
3033,r4i1p1f1,1958,04,22,2.1665201764619724,12.862925,2.0252647,1958
3034,r4i1p1f1,1958,04,23,0.0,18.32393,1.7253814,1958
3035,r4i1p1f1,1958,04,24,0.0,19.022863,3.0043592,1958
3036,r4i1p1f1,1958,04,25,0.0,18.957424,6.5547104,1958
3037,r4i1p1f1,1958,04,26,0.0,20.538591,5.3806634,1958
3038,r4i1p1f1,1958,04,27,0.0,22.851105,5.2509775,1958
3039,r4i1p1f1,1958,04,28,0.0,22.856106,5.947153,1958
3040,r4i1p1f1,1958,04,29,0.046379518516914686,23.7846,7.207121,1958
3041,r4i1p1f1,1958,04,30,0.0063882494941935875,19.702202,7.7051907,1958
3042,r4i1p1f1,1958,05,01,0.5071277889442172,12.546445,4.621652,1958
3043,r4i1p1f1,1958,05,02,0.0,23.516747,6.6090646,1958
3044,r4i1p1f1,1958,05,03,0.0,23.895744,7.1976895,1958
3045,r4i1p1f1,1958,05,04,0.0,24.31295,9.234239,1958
3046,r4i1p1f1,1958,05,05,0.0,21.334251,4.8531103,1958
3047,r4i1p1f1,1958,05,06,0.0,21.884415,5.692941,1958
3048,r4i1p1f1,1958,05,07,0.0,24.388222,7.6225467,1958
3049,r4i1p1f1,1958,05,08,0.0,26.504114,10.30267,1958
3050,r4i1p1f1,1958,05,09,0.544681698443128,22.579296,7.3315625,1958
3051,r4i1p1f1,1958,05,10,0.312384770859353,19.113201,4.049778,1958
3052,r4i1p1f1,1958,05,11,0.0,22.056726,4.1279593,1958
3053,r4i1p1f1,1958,05,12,0.0,22.415213,6.0160394,1958
3054,r4i1p1f1,1958,05,13,0.0,25.495153,6.4397173,1958
3055,r4i1p1f1,1958,05,14,0.0,27.505373,8.576463,1958
3056,r4i1p1f1,1958,05,15,0.0,27.134706,10.27152,1958
3057,r4i1p1f1,1958,05,16,0.0,26.507542,9.938814,1958
3058,r4i1p1f1,1958,05,17,0.0,23.931036,6.6369944,1958
3059,r4i1p1f1,1958,05,18,0.0,21.50147,3.9301457,1958
3060,r4i1p1f1,1958,05,19,0.0,19.540102,2.0189772,1958
3061,r4i1p1f1,1958,05,20,0.0,19.341612,3.603102,1958
3062,r4i1p1f1,1958,05,21,0.0,20.491266,4.507086,1958
3063,r4i1p1f1,1958,05,22,0.0,20.661116,6.09931,1958
3064,r4i1p1f1,1958,05,23,0.01713382814614306,19.40829,4.47844,1958
3065,r4i1p1f1,1958,05,24,0.0,22.735193,6.530523,1958
3066,r4i1p1f1,1958,05,25,0.0,23.581614,6.462446,1958
3067,r4i1p1f1,1958,05,26,0.0,24.838247,7.8328094,1958
3068,r4i1p1f1,1958,05,27,0.0,29.311405,9.530979,1958
3069,r4i1p1f1,1958,05,28,0.0,31.622856,13.292251,1958
3070,r4i1p1f1,1958,05,29,0.0,33.284676,14.808107,1958
3071,r4i1p1f1,1958,05,30,0.0,33.098816,14.982084,1958
3072,r4i1p1f1,1958,05,31,0.0,30.489054,12.799329,1958
3073,r4i1p1f1,1958,06,01,0.0,30.740181,11.011391,1958
3074,r4i1p1f1,1958,06,02,0.0,29.392982,9.685182,1958
3075,r4i1p1f1,1958,06,03,0.0,27.972275,8.563494,1958
3076,r4i1p1f1,1958,06,04,0.0,25.809612,7.529781,1958
3077,r4i1p1f1,1958,06,05,0.0,29.238028,8.324878,1958
3078,r4i1p1f1,1958,06,06,0.0,28.6233,9.950007,1958
3079,r4i1p1f1,1958,06,07,0.0,27.659328,8.387849,1958
3080,r4i1p1f1,1958,06,08,0.0,29.024075,8.861496,1958
3081,r4i1p1f1,1958,06,09,0.0,30.3675,10.341106,1958
3082,r4i1p1f1,1958,06,10,0.23357188712047064,29.655857,10.215228,1958
3083,r4i1p1f1,1958,06,11,0.070787145250506,25.654003,8.0401,1958
3084,r4i1p1f1,1958,06,12,0.7368719078669983,28.08662,11.264882,1958
3085,r4i1p1f1,1958,06,13,1.2949149866642529,27.864824,10.745477,1958
3086,r4i1p1f1,1958,06,14,4.080655345524065,19.81185,6.407239,1958
3087,r4i1p1f1,1958,06,15,0.31108894418139243,23.822739,8.369006,1958
3088,r4i1p1f1,1958,06,16,0.04372046532807872,26.095547,10.377078,1958
3089,r4i1p1f1,1958,06,17,0.07874478346820979,28.780731,10.202532,1958
3090,r4i1p1f1,1958,06,18,0.0,29.235317,11.237438,1958
3091,r4i1p1f1,1958,06,19,0.0,32.818928,13.032425,1958
3092,r4i1p1f1,1958,06,20,0.0,36.480453,15.744729,1958
3093,r4i1p1f1,1958,06,21,0.0,35.87721,15.527817,1958
3094,r4i1p1f1,1958,06,22,0.0,34.095585,14.565682,1958
3095,r4i1p1f1,1958,06,23,0.0,30.987087,12.965326,1958
3096,r4i1p1f1,1958,06,24,0.0,31.66609,13.777854,1958
3097,r4i1p1f1,1958,06,25,0.0,31.686441,13.463524,1958
3098,r4i1p1f1,1958,06,26,0.0,29.404114,10.761499,1958
3099,r4i1p1f1,1958,06,27,0.0,27.511738,9.255756,1958
3100,r4i1p1f1,1958,06,28,0.0,27.044107,8.836391,1958
3101,r4i1p1f1,1958,06,29,0.0,28.601753,9.907331,1958
3102,r4i1p1f1,1958,06,30,0.0,28.89699,10.325623,1958
3103,r4i1p1f1,1958,07,01,0.0,28.50837,8.291958,1958
3104,r4i1p1f1,1958,07,02,0.0,24.980371,6.212633,1958
3105,r4i1p1f1,1958,07,03,0.170576854520732,29.372288,12.138311,1958
3106,r4i1p1f1,1958,07,04,23.279739718361725,27.396627,12.630843,1958
3107,r4i1p1f1,1958,07,05,2.76355389555647,22.582712,10.863379,1958
3108,r4i1p1f1,1958,07,06,0.62484099116773,20.831978,8.435967,1958
3109,r4i1p1f1,1958,07,07,0.0,22.78908,7.5179715,1958
3110,r4i1p1f1,1958,07,08,0.0,23.387993,7.6407275,1958
3111,r4i1p1f1,1958,07,09,0.0,26.610113,9.366077,1958
3112,r4i1p1f1,1958,07,10,0.0,28.576063,12.617687,1958
3113,r4i1p1f1,1958,07,11,0.0,29.12007,12.375412,1958
3114,r4i1p1f1,1958,07,12,0.09968623212444072,29.954895,14.049196,1958
3115,r4i1p1f1,1958,07,13,0.0,31.554535,14.174244,1958
3116,r4i1p1f1,1958,07,14,0.0,32.304234,14.681024,1958
3117,r4i1p1f1,1958,07,15,0.0,31.983883,14.493618,1958
3118,r4i1p1f1,1958,07,16,0.08165900339918153,31.71127,15.204805,1958
3119,r4i1p1f1,1958,07,17,0.16610335646873864,29.656271,13.832862,1958
3120,r4i1p1f1,1958,07,18,0.0,30.929708,14.313068,1958
3121,r4i1p1f1,1958,07,19,0.0,32.74552,14.297836,1958
3122,r4i1p1f1,1958,07,20,0.0,33.97881,15.13261,1958
3123,r4i1p1f1,1958,07,21,0.0,34.79213,15.650148,1958
3124,r4i1p1f1,1958,07,22,0.0,35.005222,17.079386,1958
3125,r4i1p1f1,1958,07,23,0.0,32.66151,14.509513,1958
3126,r4i1p1f1,1958,07,24,0.0,31.566433,12.907581,1958
3127,r4i1p1f1,1958,07,25,0.0,31.903202,13.9563055,1958
3128,r4i1p1f1,1958,07,26,0.0,31.443594,14.189297,1958
3129,r4i1p1f1,1958,07,27,0.0,32.06524,13.814711,1958
3130,r4i1p1f1,1958,07,28,0.006796781190132606,31.900534,14.088011,1958
3131,r4i1p1f1,1958,07,29,0.0,31.606249,13.027103,1958
3132,r4i1p1f1,1958,07,30,0.0,29.53023,11.731539,1958
3133,r4i1p1f1,1958,07,31,0.0,29.631828,10.509332,1958
3134,r4i1p1f1,1958,08,01,0.0,26.309752,10.01233,1958
3135,r4i1p1f1,1958,08,02,0.0,26.107716,8.992356,1958
3136,r4i1p1f1,1958,08,03,0.0,30.487251,10.658494,1958
3137,r4i1p1f1,1958,08,04,0.0,29.814358,11.703441,1958
3138,r4i1p1f1,1958,08,05,0.0,24.131157,7.484051,1958
3139,r4i1p1f1,1958,08,06,0.0,23.449656,6.393634,1958
3140,r4i1p1f1,1958,08,07,0.0,28.245916,9.048588,1958
3141,r4i1p1f1,1958,08,08,0.0,31.213095,11.420445,1958
3142,r4i1p1f1,1958,08,09,0.0,33.46856,14.100824,1958
3143,r4i1p1f1,1958,08,10,0.0,33.477966,16.167725,1958
3144,r4i1p1f1,1958,08,11,0.0,32.428146,13.050959,1958
3145,r4i1p1f1,1958,08,12,0.0,26.884531,9.5369215,1958
3146,r4i1p1f1,1958,08,13,0.0,22.5058,5.663328,1958
3147,r4i1p1f1,1958,08,14,0.0,25.089314,8.059737,1958
3148,r4i1p1f1,1958,08,15,0.0,27.151968,10.1668215,1958
3149,r4i1p1f1,1958,08,16,0.0,28.247244,10.829315,1958
3150,r4i1p1f1,1958,08,17,0.0,28.158188,11.265142,1958
3151,r4i1p1f1,1958,08,18,0.0,27.716345,10.627265,1958
3152,r4i1p1f1,1958,08,19,0.0,27.092552,10.192752,1958
3153,r4i1p1f1,1958,08,20,0.0,28.12215,10.27408,1958
3154,r4i1p1f1,1958,08,21,0.0,29.192146,11.80251,1958
3155,r4i1p1f1,1958,08,22,0.0,30.634499,11.71694,1958
3156,r4i1p1f1,1958,08,23,0.0,29.51868,12.401703,1958
3157,r4i1p1f1,1958,08,24,0.0,26.111412,8.31978,1958
3158,r4i1p1f1,1958,08,25,0.0,25.06573,8.221987,1958
3159,r4i1p1f1,1958,08,26,0.0,28.731937,11.766392,1958
3160,r4i1p1f1,1958,08,27,0.0,28.99685,12.201944,1958
3161,r4i1p1f1,1958,08,28,0.0,28.565804,11.369425,1958
3162,r4i1p1f1,1958,08,29,0.0,32.138443,12.607642,1958
3163,r4i1p1f1,1958,08,30,0.0,31.795097,13.143557,1958
3164,r4i1p1f1,1958,08,31,0.0,28.81487,9.976314,1958
3165,r4i1p1f1,1958,09,01,0.0,26.210564,10.527354,1958
3166,r4i1p1f1,1958,09,02,0.001026632594403054,20.725355,5.5102496,1958
3167,r4i1p1f1,1958,09,03,0.015845309644646477,19.4022,4.982144,1958
3168,r4i1p1f1,1958,09,04,0.0,26.819902,11.292865,1958
3169,r4i1p1f1,1958,09,05,0.0,31.7534,13.17322,1958
3170,r4i1p1f1,1958,09,06,0.0,32.730778,14.692551,1958
3171,r4i1p1f1,1958,09,07,0.0,32.63785,14.711925,1958
3172,r4i1p1f1,1958,09,08,0.0,31.474304,14.947824,1958
3173,r4i1p1f1,1958,09,09,0.0,32.63475,14.180083,1958
3174,r4i1p1f1,1958,09,10,0.0,34.581623,16.769659,1958
3175,r4i1p1f1,1958,09,11,0.0,34.339397,17.405886,1958
3176,r4i1p1f1,1958,09,12,0.0,32.007755,14.237758,1958
3177,r4i1p1f1,1958,09,13,0.0,34.684334,14.610208,1958
3178,r4i1p1f1,1958,09,14,0.0,34.701008,15.904114,1958
3179,r4i1p1f1,1958,09,15,0.0,32.47633,15.70723,1958
3180,r4i1p1f1,1958,09,16,0.0,31.214495,13.356073,1958
3181,r4i1p1f1,1958,09,17,0.0,29.853228,12.720687,1958
3182,r4i1p1f1,1958,09,18,0.0,27.267574,10.327173,1958
3183,r4i1p1f1,1958,09,19,0.01623749758437043,26.230415,8.571239,1958
3184,r4i1p1f1,1958,09,20,0.0,29.1665,10.520428,1958
3185,r4i1p1f1,1958,09,21,0.0,29.315535,14.364195,1958
3186,r4i1p1f1,1958,09,22,0.0,30.647678,14.488275,1958
3187,r4i1p1f1,1958,09,23,0.0,31.299387,12.722524,1958
3188,r4i1p1f1,1958,09,24,0.0,31.428501,13.911555,1958
3189,r4i1p1f1,1958,09,25,1.5010770798767226,30.41827,11.325681,1958
3190,r4i1p1f1,1958,09,26,5.396721070019339,24.97748,11.354357,1958
3191,r4i1p1f1,1958,09,27,1.8791641013990557,21.427504,9.149081,1958
3192,r4i1p1f1,1958,09,28,0.0,23.40931,7.714591,1958
3193,r4i1p1f1,1958,09,29,0.0,22.681099,9.052013,1958
3194,r4i1p1f1,1958,09,30,0.0,21.444838,9.779768,1958
3195,r4i1p1f1,1958,10,01,0.0,18.297157,4.8283267,1958
3196,r4i1p1f1,1958,10,02,0.0,18.855444,4.6739445,1958
3197,r4i1p1f1,1958,10,03,0.19421087217779132,17.122747,4.504791,1958
3198,r4i1p1f1,1958,10,04,0.7333055367240604,16.629557,3.4890676,1958
3199,r4i1p1f1,1958,10,05,2.789295001366554,15.448176,4.846763,1958
3200,r4i1p1f1,1958,10,06,0.06805121868467268,13.13069,0.9817273,1958
3201,r4i1p1f1,1958,10,07,0.16759928955707437,19.244213,4.472122,1958
3202,r4i1p1f1,1958,10,08,0.0,20.440134,4.745536,1958
3203,r4i1p1f1,1958,10,09,0.0,21.658577,4.6971464,1958
3204,r4i1p1f1,1958,10,10,0.0,25.867903,8.96145,1958
3205,r4i1p1f1,1958,10,11,0.0,25.631031,8.629696,1958
3206,r4i1p1f1,1958,10,12,0.0,27.674814,9.890478,1958
3207,r4i1p1f1,1958,10,13,0.0,27.878471,9.266532,1958
3208,r4i1p1f1,1958,10,14,0.0,26.722359,9.018681,1958
3209,r4i1p1f1,1958,10,15,0.0,25.92396,8.518989,1958
3210,r4i1p1f1,1958,10,16,0.0,22.738766,7.0857415,1958
3211,r4i1p1f1,1958,10,17,0.0,20.144281,4.797246,1958
3212,r4i1p1f1,1958,10,18,0.0,20.859053,4.53243,1958
3213,r4i1p1f1,1958,10,19,0.0,22.79527,7.865945,1958
3214,r4i1p1f1,1958,10,20,0.0,21.061087,4.8112254,1958
3215,r4i1p1f1,1958,10,21,0.0,19.50373,4.51217,1958
3216,r4i1p1f1,1958,10,22,0.0,17.626543,3.4330704,1958
3217,r4i1p1f1,1958,10,23,0.0,20.75884,4.3815637,1958
3218,r4i1p1f1,1958,10,24,0.0,23.670216,6.2461257,1958
3219,r4i1p1f1,1958,10,25,0.0,25.359863,8.886196,1958
3220,r4i1p1f1,1958,10,26,0.0,25.229208,9.196244,1958
3221,r4i1p1f1,1958,10,27,0.0,24.946745,8.383332,1958
3222,r4i1p1f1,1958,10,28,0.0,25.28743,9.133907,1958
3223,r4i1p1f1,1958,10,29,0.0,22.19364,7.853541,1958
3224,r4i1p1f1,1958,10,30,0.0,16.186123,4.0911365,1958
3225,r4i1p1f1,1958,10,31,0.0,19.115715,3.5302076,1958
3226,r4i1p1f1,1958,11,01,0.0,21.138777,5.106465,1958
3227,r4i1p1f1,1958,11,02,0.0,20.694752,6.347081,1958
3228,r4i1p1f1,1958,11,03,0.0,23.448524,6.7923574,1958
3229,r4i1p1f1,1958,11,04,0.0,22.172958,5.728875,1958
3230,r4i1p1f1,1958,11,05,0.0,21.490477,5.4326944,1958
3231,r4i1p1f1,1958,11,06,0.0,20.877762,7.2961087,1958
3232,r4i1p1f1,1958,11,07,0.0028965043611606234,15.847279,5.243886,1958
3233,r4i1p1f1,1958,11,08,0.0,13.81102,0.42774138,1958
3234,r4i1p1f1,1958,11,09,0.0,13.542037,-0.6570463,1958
3235,r4i1p1f1,1958,11,10,0.0,15.339456,1.9670348,1958
3236,r4i1p1f1,1958,11,11,0.02434527144146159,15.387936,3.3505807,1958
3237,r4i1p1f1,1958,11,12,0.0,15.019553,2.632186,1958
3238,r4i1p1f1,1958,11,13,0.33528173959211927,16.72828,4.769555,1958
3239,r4i1p1f1,1958,11,14,12.700935688837944,11.011057,1.5011586,1958
3240,r4i1p1f1,1958,11,15,0.0,9.067122,-2.8410847,1958
3241,r4i1p1f1,1958,11,16,14.990055129783286,8.452619,-1.5648283,1958
3242,r4i1p1f1,1958,11,17,2.0494352370178603,6.3615932,-4.719796,1958
3243,r4i1p1f1,1958,11,18,0.0146424745139484,6.7683954,-4.4952564,1958
3244,r4i1p1f1,1958,11,19,0.005274344493955141,8.2560425,-2.2678244,1958
3245,r4i1p1f1,1958,11,20,14.051726327306824,6.829455,1.1612657,1958
3246,r4i1p1f1,1958,11,21,0.06781721033917165,8.43117,0.641925,1958
3247,r4i1p1f1,1958,11,22,0.4421285452394841,7.1489053,-3.9887705,1958
3248,r4i1p1f1,1958,11,23,0.0,11.064614,-4.0870028,1958
3249,r4i1p1f1,1958,11,24,0.0,9.66385,-1.77262,1958
3250,r4i1p1f1,1958,11,25,0.1330151752540587,9.399653,0.4354503,1958
3251,r4i1p1f1,1958,11,26,11.312885175721021,14.435527,3.2571507,1958
3252,r4i1p1f1,1958,11,27,6.366007650217398,11.864771,6.9960628,1958
3253,r4i1p1f1,1958,11,28,28.44764535948343,15.656697,9.1987915,1958
3254,r4i1p1f1,1958,11,29,33.22378042212222,16.350117,8.946404,1958
3255,r4i1p1f1,1958,11,30,31.595182133241906,15.281316,0.42245975,1958
3256,r4i1p1f1,1958,12,01,0.0,8.923595,-1.6544368,1958
3257,r4i1p1f1,1958,12,02,0.0,9.236463,-0.6052341,1958
3258,r4i1p1f1,1958,12,03,0.0,6.078934,-4.896622,1958
3259,r4i1p1f1,1958,12,04,0.0,10.715771,-1.0889106,1958
3260,r4i1p1f1,1958,12,05,0.0,10.940342,-0.8564553,1958
3261,r4i1p1f1,1958,12,06,2.4499353540136326,4.5662766,-4.785902,1958
3262,r4i1p1f1,1958,12,07,0.0,2.800693,-8.339511,1958
3263,r4i1p1f1,1958,12,08,0.0,8.850109,-3.2270634,1958
3264,r4i1p1f1,1958,12,09,0.0,9.914105,-1.4280095,1958
3265,r4i1p1f1,1958,12,10,0.0,10.921866,-0.2566745,1958
3266,r4i1p1f1,1958,12,11,0.0,10.05173,-1.4573103,1958
3267,r4i1p1f1,1958,12,12,0.0,11.508911,0.5330293,1958
3268,r4i1p1f1,1958,12,13,0.0,12.395525,0.20525636,1958
3269,r4i1p1f1,1958,12,14,0.0,13.207633,0.94289947,1958
3270,r4i1p1f1,1958,12,15,0.0,14.038652,1.285897,1958
3271,r4i1p1f1,1958,12,16,0.0,14.680701,2.1211233,1958
3272,r4i1p1f1,1958,12,17,0.0,13.067069,2.6080809,1958
3273,r4i1p1f1,1958,12,18,2.493929734998801,13.553176,2.8963022,1958
3274,r4i1p1f1,1958,12,19,1.2919574180465077,7.025882,2.30599,1958
3275,r4i1p1f1,1958,12,20,48.07339513099578,7.1242733,2.6153874,1958
3276,r4i1p1f1,1958,12,21,24.020686283802206,7.719442,1.8294173,1958
3277,r4i1p1f1,1958,12,22,18.11680857081228,6.3963895,0.945952,1958
3278,r4i1p1f1,1958,12,23,0.0,7.298148,-1.7047534,1958
3279,r4i1p1f1,1958,12,24,0.0,6.060617,-4.3933263,1958
3280,r4i1p1f1,1958,12,25,0.0,6.403668,-2.8284492,1958
3281,r4i1p1f1,1958,12,26,0.0,6.7139215,-4.9204764,1958
3282,r4i1p1f1,1958,12,27,0.0,6.922062,-3.8820257,1958
3283,r4i1p1f1,1958,12,28,0.0,7.4283347,-0.83572125,1958
3284,r4i1p1f1,1958,12,29,0.0,7.274603,-0.1558388,1958
3285,r4i1p1f1,1958,12,30,0.0,7.6710916,-2.1064525,1958
3286,r4i1p1f1,1958,12,31,0.0,6.9560714,-2.2336261,1958
3287,r4i1p1f1,1959,01,01,0.0,9.014991,-2.6166992,1959
3288,r4i1p1f1,1959,01,02,0.0,9.261923,-2.4492939,1959
3289,r4i1p1f1,1959,01,03,0.07025253892862793,7.2826133,-2.9825666,1959
3290,r4i1p1f1,1959,01,04,24.551401562484898,4.8778863,-3.1184714,1959
3291,r4i1p1f1,1959,01,05,22.44734688938479,9.760372,1.5535914,1959
3292,r4i1p1f1,1959,01,06,37.80979613002273,11.040736,2.233281,1959
3293,r4i1p1f1,1959,01,07,2.5308503136741933,9.694094,3.3548126,1959
3294,r4i1p1f1,1959,01,08,34.20835733086278,12.259357,1.74365,1959
3295,r4i1p1f1,1959,01,09,89.50926472898573,12.279825,3.3826108,1959
3296,r4i1p1f1,1959,01,10,46.363899787684204,14.164234,3.3717778,1959
3297,r4i1p1f1,1959,01,11,8.640832893030392,10.338194,2.444581,1959
3298,r4i1p1f1,1959,01,12,45.40322166576516,14.0924835,4.4460144,1959
3299,r4i1p1f1,1959,01,13,30.16729469090933,12.313254,0.78210723,1959
3300,r4i1p1f1,1959,01,14,24.662351333608967,12.434922,0.8484342,1959
3301,r4i1p1f1,1959,01,15,3.3503699117773067,7.4066873,-3.4035075,1959
3302,r4i1p1f1,1959,01,16,13.446748647152162,8.049631,1.6022568,1959
3303,r4i1p1f1,1959,01,17,0.0010650214960605808,10.519224,5.14575,1959
3304,r4i1p1f1,1959,01,18,0.0,14.308644,3.4616477,1959
3305,r4i1p1f1,1959,01,19,0.0,12.678597,4.4238095,1959
3306,r4i1p1f1,1959,01,20,0.0,17.273237,5.0052543,1959
3307,r4i1p1f1,1959,01,21,0.0,15.3275585,3.6964688,1959
3308,r4i1p1f1,1959,01,22,0.05072284955787154,15.199655,6.3599033,1959
3309,r4i1p1f1,1959,01,23,0.0,13.550864,3.8012984,1959
3310,r4i1p1f1,1959,01,24,0.0,13.787752,3.6217537,1959
3311,r4i1p1f1,1959,01,25,0.0,14.851501,3.819992,1959
3312,r4i1p1f1,1959,01,26,0.014455079940489668,13.869499,5.516886,1959
3313,r4i1p1f1,1959,01,27,32.0444949575176,10.48702,3.7456656,1959
3314,r4i1p1f1,1959,01,28,7.415677106791918,7.818014,2.579152,1959
3315,r4i1p1f1,1959,01,29,2.7017445030764975,7.1652136,3.398759,1959
3316,r4i1p1f1,1959,01,30,5.342445474570923,7.3789883,2.3428073,1959
3317,r4i1p1f1,1959,01,31,0.9330808044126115,10.708239,4.7590084,1959
3318,r4i1p1f1,1959,02,01,0.3272884724879077,12.164222,1.7870638,1959
3319,r4i1p1f1,1959,02,02,40.264223899248464,8.560592,3.15874,1959
3320,r4i1p1f1,1959,02,03,26.099414968939527,9.489988,1.499531,1959
3321,r4i1p1f1,1959,02,04,0.0,11.002371,-1.0484539,1959
3322,r4i1p1f1,1959,02,05,0.0,7.848008,-2.020618,1959
3323,r4i1p1f1,1959,02,06,0.0,8.899364,1.2848139,1959
3324,r4i1p1f1,1959,02,07,0.3523319707881001,7.344381,-4.4551034,1959
3325,r4i1p1f1,1959,02,08,0.0,5.9879193,-8.140591,1959
3326,r4i1p1f1,1959,02,09,0.0,10.04084,-3.3618646,1959
3327,r4i1p1f1,1959,02,10,7.046984607268314,7.1618304,0.46306503,1959
3328,r4i1p1f1,1959,02,11,0.008831218474369962,8.294815,-1.661075,1959
3329,r4i1p1f1,1959,02,12,0.0498829049320193,9.054228,-1.3056493,1959
3330,r4i1p1f1,1959,02,13,9.21802148830011,2.8983119,-3.1486175,1959
3331,r4i1p1f1,1959,02,14,14.170585151828163,7.0991797,-1.8782709,1959
3332,r4i1p1f1,1959,02,15,0.0,9.707584,-2.941917,1959
3333,r4i1p1f1,1959,02,16,0.561324557872922,9.837844,-1.9246802,1959
3334,r4i1p1f1,1959,02,17,0.0,12.543058,-0.294762,1959
3335,r4i1p1f1,1959,02,18,0.0,11.231589,1.5842867,1959
3336,r4i1p1f1,1959,02,19,0.0,12.19473,0.57530606,1959
3337,r4i1p1f1,1959,02,20,0.0,12.665329,0.31302664,1959
3338,r4i1p1f1,1959,02,21,0.0,11.915575,-0.20913945,1959
3339,r4i1p1f1,1959,02,22,0.0,15.470799,1.460375,1959
3340,r4i1p1f1,1959,02,23,0.0,13.316006,1.1204295,1959
3341,r4i1p1f1,1959,02,24,0.03133207565610974,12.09789,1.2295947,1959
3342,r4i1p1f1,1959,02,25,0.0,14.840602,1.2993647,1959
3343,r4i1p1f1,1959,02,26,0.0,15.242367,3.3219397,1959
3344,r4i1p1f1,1959,02,27,0.0,16.070814,2.2209063,1959
3345,r4i1p1f1,1959,02,28,0.0,15.686096,2.905363,1959
3346,r4i1p1f1,1959,03,01,33.34216175517213,13.244156,-1.6009742,1959
3347,r4i1p1f1,1959,03,02,0.028430905331333634,13.662717,-0.03758065,1959
3348,r4i1p1f1,1959,03,03,0.0,11.934887,-1.9297782,1959
3349,r4i1p1f1,1959,03,04,0.0,9.694684,-0.2317526,1959
3350,r4i1p1f1,1959,03,05,0.0,10.808038,-1.8890978,1959
3351,r4i1p1f1,1959,03,06,0.0,13.315383,0.07150427,1959
3352,r4i1p1f1,1959,03,07,0.0,14.740126,0.04301013,1959
3353,r4i1p1f1,1959,03,08,0.0,16.72106,0.9654737,1959
3354,r4i1p1f1,1959,03,09,0.0,18.157352,2.299155,1959
3355,r4i1p1f1,1959,03,10,1.7262388389212902,17.620335,1.0481015,1959
3356,r4i1p1f1,1959,03,11,1.6205766895382112,5.104094,-4.141661,1959
3357,r4i1p1f1,1959,03,12,0.0,9.321214,-3.7252524,1959
3358,r4i1p1f1,1959,03,13,0.0,9.487776,-4.0893803,1959
3359,r4i1p1f1,1959,03,14,0.0,13.820224,-1.8289877,1959
3360,r4i1p1f1,1959,03,15,0.0,14.06483,1.4163908,1959
3361,r4i1p1f1,1959,03,16,0.0,15.550159,1.6762102,1959
3362,r4i1p1f1,1959,03,17,0.0,18.423529,1.1567078,1959
3363,r4i1p1f1,1959,03,18,0.0,19.758226,3.1285892,1959
3364,r4i1p1f1,1959,03,19,0.08315778635505922,19.143333,2.4217157,1959
3365,r4i1p1f1,1959,03,20,0.0,17.995064,3.5211751,1959
3366,r4i1p1f1,1959,03,21,0.0,19.90997,2.5536928,1959
3367,r4i1p1f1,1959,03,22,0.0,21.169373,3.9155104,1959
3368,r4i1p1f1,1959,03,23,0.0,22.69935,5.082851,1959
3369,r4i1p1f1,1959,03,24,0.0,21.741146,7.552654,1959
3370,r4i1p1f1,1959,03,25,0.0,20.000679,6.5043745,1959
3371,r4i1p1f1,1959,03,26,12.043797538444778,12.758457,0.31474468,1959
3372,r4i1p1f1,1959,03,27,3.6961230085651664,9.995403,0.87697774,1959
3373,r4i1p1f1,1959,03,28,0.0,15.595356,0.07214112,1959
3374,r4i1p1f1,1959,03,29,0.0,17.105516,2.0920978,1959
3375,r4i1p1f1,1959,03,30,5.993316613700017,13.152257,-1.2481128,1959
3376,r4i1p1f1,1959,03,31,0.0,12.594594,1.2112639,1959
3377,r4i1p1f1,1959,04,01,0.0,16.64337,0.31185108,1959
3378,r4i1p1f1,1959,04,02,0.0,19.18513,3.1181903,1959
3379,r4i1p1f1,1959,04,03,0.0,20.791048,5.509638,1959
3380,r4i1p1f1,1959,04,04,0.0,23.998932,6.519424,1959
3381,r4i1p1f1,1959,04,05,0.0,24.17672,5.8414335,1959
3382,r4i1p1f1,1959,04,06,0.0,24.057098,6.777745,1959
3383,r4i1p1f1,1959,04,07,0.0,24.077253,5.9213667,1959
3384,r4i1p1f1,1959,04,08,0.0,23.856697,6.9385567,1959
3385,r4i1p1f1,1959,04,09,0.0,24.42855,7.227514,1959
3386,r4i1p1f1,1959,04,10,0.0,25.803246,7.5205026,1959
3387,r4i1p1f1,1959,04,11,0.0,26.307827,8.992779,1959
3388,r4i1p1f1,1959,04,12,0.0,26.666422,10.283464,1959
3389,r4i1p1f1,1959,04,13,0.0,25.80127,8.898623,1959
3390,r4i1p1f1,1959,04,14,0.0,23.210735,6.821315,1959
3391,r4i1p1f1,1959,04,15,0.0,23.458704,5.4013577,1959
3392,r4i1p1f1,1959,04,16,0.0,22.178757,6.009102,1959
3393,r4i1p1f1,1959,04,17,2.64184967593053,16.414484,0.59394747,1959
3394,r4i1p1f1,1959,04,18,11.677185539718948,15.854603,1.1156449,1959
3395,r4i1p1f1,1959,04,19,13.844120234375623,12.271149,-0.9308927,1959
3396,r4i1p1f1,1959,04,20,7.0633193676371775,11.040004,0.7676966,1959
3397,r4i1p1f1,1959,04,21,18.16399978197296,9.391936,0.9924894,1959
3398,r4i1p1f1,1959,04,22,33.857820053526666,11.139163,-0.46143907,1959
3399,r4i1p1f1,1959,04,23,0.16555393308408384,13.932351,1.9480338,1959
3400,r4i1p1f1,1959,04,24,0.0,22.358187,4.3379154,1959
3401,r4i1p1f1,1959,04,25,0.0,23.82153,6.3588667,1959
3402,r4i1p1f1,1959,04,26,0.0,20.71846,6.3825192,1959
3403,r4i1p1f1,1959,04,27,0.0,17.541826,3.1056592,1959
3404,r4i1p1f1,1959,04,28,0.0,17.935299,2.4315863,1959
3405,r4i1p1f1,1959,04,29,0.0755523453335627,16.753565,5.031909,1959
3406,r4i1p1f1,1959,04,30,0.0,14.925983,1.4444271,1959
3407,r4i1p1f1,1959,05,01,0.0,16.047186,0.8607688,1959
3408,r4i1p1f1,1959,05,02,0.0,17.478872,2.4323566,1959
3409,r4i1p1f1,1959,05,03,0.0,20.26899,3.1971574,1959
3410,r4i1p1f1,1959,05,04,0.0,24.36761,7.048765,1959
3411,r4i1p1f1,1959,05,05,0.0,27.168777,7.3486514,1959
3412,r4i1p1f1,1959,05,06,0.0,26.66476,10.271596,1959
3413,r4i1p1f1,1959,05,07,0.0,26.013567,10.174934,1959
3414,r4i1p1f1,1959,05,08,0.0,25.644073,9.903973,1959
3415,r4i1p1f1,1959,05,09,0.8290367834661083,19.490627,4.499356,1959
3416,r4i1p1f1,1959,05,10,0.09748323771248124,23.669024,8.025132,1959
3417,r4i1p1f1,1959,05,11,0.0,23.299503,5.8150077,1959
3418,r4i1p1f1,1959,05,12,0.0,22.614883,5.3955874,1959
3419,r4i1p1f1,1959,05,13,0.0,22.22212,4.8891315,1959
3420,r4i1p1f1,1959,05,14,0.0,22.457216,8.569177,1959
3421,r4i1p1f1,1959,05,15,0.009107528239837848,22.230404,4.8219423,1959
3422,r4i1p1f1,1959,05,16,0.0,23.172981,6.304231,1959
3423,r4i1p1f1,1959,05,17,0.0,22.703403,6.9425335,1959
3424,r4i1p1f1,1959,05,18,0.0,20.101063,6.5909896,1959
3425,r4i1p1f1,1959,05,19,0.0,24.124647,5.6737504,1959
3426,r4i1p1f1,1959,05,20,0.0,23.234083,5.974983,1959
3427,r4i1p1f1,1959,05,21,0.0,22.237627,5.7315044,1959
3428,r4i1p1f1,1959,05,22,0.009036321766586752,24.379648,7.5387063,1959
3429,r4i1p1f1,1959,05,23,0.0,23.42649,7.6895275,1959
3430,r4i1p1f1,1959,05,24,0.3408410237057069,21.067392,7.236353,1959
3431,r4i1p1f1,1959,05,25,0.04553241369649186,20.441128,5.675762,1959
3432,r4i1p1f1,1959,05,26,0.0,27.016428,8.887503,1959
3433,r4i1p1f1,1959,05,27,0.0,29.922398,11.751386,1959
3434,r4i1p1f1,1959,05,28,0.0,31.482338,13.145134,1959
3435,r4i1p1f1,1959,05,29,0.0,30.814993,12.83066,1959
3436,r4i1p1f1,1959,05,30,0.0,28.078974,10.556853,1959
3437,r4i1p1f1,1959,05,31,0.0,25.663155,8.464384,1959
3438,r4i1p1f1,1959,06,01,0.0,27.053316,8.61025,1959
3439,r4i1p1f1,1959,06,02,0.0,26.73347,8.903114,1959
3440,r4i1p1f1,1959,06,03,0.0,23.278538,6.737393,1959
3441,r4i1p1f1,1959,06,04,0.0,22.242727,7.5461926,1959
3442,r4i1p1f1,1959,06,05,0.0,30.980455,9.746189,1959
3443,r4i1p1f1,1959,06,06,0.0,36.331158,14.606999,1959
3444,r4i1p1f1,1959,06,07,0.0,35.803074,14.735367,1959
3445,r4i1p1f1,1959,06,08,0.0,27.095325,8.616747,1959
3446,r4i1p1f1,1959,06,09,0.0,26.39901,7.6030555,1959
3447,r4i1p1f1,1959,06,10,0.0,29.479576,9.635371,1959
3448,r4i1p1f1,1959,06,11,0.0,29.149967,11.565602,1959
3449,r4i1p1f1,1959,06,12,0.3973042350025935,27.148186,9.763733,1959
3450,r4i1p1f1,1959,06,13,0.05563687491303426,24.659952,8.259053,1959
3451,r4i1p1f1,1959,06,14,0.19491369898787525,25.832066,9.1682415,1959
3452,r4i1p1f1,1959,06,15,0.008069145633271546,25.65816,9.72176,1959
3453,r4i1p1f1,1959,06,16,0.3056254849070683,22.171043,7.4665365,1959
3454,r4i1p1f1,1959,06,17,0.3349348796518825,21.161022,7.872639,1959
3455,r4i1p1f1,1959,06,18,2.8330876467038024,18.095062,7.1654763,1959
3456,r4i1p1f1,1959,06,19,3.7894270258391316,17.292961,8.252751,1959
3457,r4i1p1f1,1959,06,20,2.9045026903531834,18.820642,6.3646564,1959
3458,r4i1p1f1,1959,06,21,0.021105982250446687,22.945017,6.8169913,1959
3459,r4i1p1f1,1959,06,22,0.0,23.645136,9.204235,1959
3460,r4i1p1f1,1959,06,23,0.0,28.549635,10.067395,1959
3461,r4i1p1f1,1959,06,24,0.0,30.81921,12.790741,1959
3462,r4i1p1f1,1959,06,25,0.0,31.206512,13.227047,1959
3463,r4i1p1f1,1959,06,26,0.0,33.1678,13.485389,1959
3464,r4i1p1f1,1959,06,27,0.0,32.18799,13.944316,1959
3465,r4i1p1f1,1959,06,28,0.0,32.041927,13.62049,1959
3466,r4i1p1f1,1959,06,29,0.0,32.28245,13.976647,1959
3467,r4i1p1f1,1959,06,30,0.0,31.88514,14.208836,1959
3468,r4i1p1f1,1959,07,01,0.024938109207539583,32.713177,14.144672,1959
3469,r4i1p1f1,1959,07,02,1.6490016840180033,33.117825,15.80283,1959
3470,r4i1p1f1,1959,07,03,0.161632864319472,33.126404,14.906998,1959
3471,r4i1p1f1,1959,07,04,0.006342201413644943,33.421898,15.824432,1959
3472,r4i1p1f1,1959,07,05,0.0,32.639236,15.05877,1959
3473,r4i1p1f1,1959,07,06,0.0,33.486008,15.050663,1959
3474,r4i1p1f1,1959,07,07,0.0,34.67637,15.675485,1959
3475,r4i1p1f1,1959,07,08,0.0,35.86128,15.72427,1959
3476,r4i1p1f1,1959,07,09,0.0,34.942608,16.433483,1959
3477,r4i1p1f1,1959,07,10,0.0,32.909176,12.8997135,1959
3478,r4i1p1f1,1959,07,11,0.0,31.915667,12.248912,1959
3479,r4i1p1f1,1959,07,12,0.0,31.5961,11.548252,1959
3480,r4i1p1f1,1959,07,13,0.0,32.730854,11.880396,1959
3481,r4i1p1f1,1959,07,14,0.0,34.37685,13.964495,1959
3482,r4i1p1f1,1959,07,15,0.0,35.819237,16.213854,1959
3483,r4i1p1f1,1959,07,16,0.0,36.40631,16.213312,1959
3484,r4i1p1f1,1959,07,17,0.0,36.017174,16.125916,1959
3485,r4i1p1f1,1959,07,18,0.0,35.748306,15.869381,1959
3486,r4i1p1f1,1959,07,19,0.0,35.714264,16.635494,1959
3487,r4i1p1f1,1959,07,20,0.0,35.230923,15.699304,1959
3488,r4i1p1f1,1959,07,21,0.0,34.469955,15.454662,1959
3489,r4i1p1f1,1959,07,22,0.0,32.895065,14.350806,1959
3490,r4i1p1f1,1959,07,23,0.0,33.09799,14.643049,1959
3491,r4i1p1f1,1959,07,24,0.0,33.706493,15.007814,1959
3492,r4i1p1f1,1959,07,25,0.0,32.64744,14.22376,1959
3493,r4i1p1f1,1959,07,26,0.0,29.084206,10.886879,1959
3494,r4i1p1f1,1959,07,27,0.0,25.571531,7.7317944,1959
3495,r4i1p1f1,1959,07,28,0.0,22.284245,5.1283298,1959
3496,r4i1p1f1,1959,07,29,0.0,32.55233,13.285742,1959
3497,r4i1p1f1,1959,07,30,0.0,35.773483,16.136942,1959
3498,r4i1p1f1,1959,07,31,0.0,37.079437,17.02872,1959
3499,r4i1p1f1,1959,08,01,0.0,35.98671,16.221098,1959
3500,r4i1p1f1,1959,08,02,0.0,34.66118,15.15496,1959
3501,r4i1p1f1,1959,08,03,0.0,31.304077,12.648086,1959
3502,r4i1p1f1,1959,08,04,0.0,30.85934,11.226994,1959
3503,r4i1p1f1,1959,08,05,0.0,30.060547,10.305836,1959
3504,r4i1p1f1,1959,08,06,0.0,31.980917,13.348389,1959
3505,r4i1p1f1,1959,08,07,0.0,35.761337,16.616547,1959
3506,r4i1p1f1,1959,08,08,0.0,35.78694,18.317041,1959
3507,r4i1p1f1,1959,08,09,0.0,35.227592,15.750639,1959
3508,r4i1p1f1,1959,08,10,0.0,34.16587,14.284997,1959
3509,r4i1p1f1,1959,08,11,0.0,31.022408,13.268668,1959
3510,r4i1p1f1,1959,08,12,0.0,30.193542,11.617512,1959
3511,r4i1p1f1,1959,08,13,0.0,29.228611,10.296787,1959
3512,r4i1p1f1,1959,08,14,0.0,28.1027,10.08137,1959
3513,r4i1p1f1,1959,08,15,0.0,27.799778,9.725054,1959
3514,r4i1p1f1,1959,08,16,0.0,26.571922,8.397297,1959
3515,r4i1p1f1,1959,08,17,0.0,29.280907,9.759556,1959
3516,r4i1p1f1,1959,08,18,0.0,30.510685,11.749019,1959
3517,r4i1p1f1,1959,08,19,0.0,31.573967,12.270854,1959
3518,r4i1p1f1,1959,08,20,0.0,33.10003,13.319528,1959
3519,r4i1p1f1,1959,08,21,0.0,33.6796,14.285054,1959
3520,r4i1p1f1,1959,08,22,0.0,34.98152,15.150212,1959
3521,r4i1p1f1,1959,08,23,0.0,36.667297,15.983784,1959
3522,r4i1p1f1,1959,08,24,0.0,36.171783,16.101273,1959
3523,r4i1p1f1,1959,08,25,0.0,34.33,14.007188,1959
3524,r4i1p1f1,1959,08,26,0.0,34.736538,15.970671,1959
3525,r4i1p1f1,1959,08,27,0.0,34.84988,14.952602,1959
3526,r4i1p1f1,1959,08,28,0.0,34.942703,15.614168,1959
3527,r4i1p1f1,1959,08,29,0.0,34.854366,16.228586,1959
3528,r4i1p1f1,1959,08,30,0.0,30.504642,13.551881,1959
3529,r4i1p1f1,1959,08,31,0.0,22.727783,5.1974525,1959
3530,r4i1p1f1,1959,09,01,0.0,19.602955,5.673293,1959
3531,r4i1p1f1,1959,09,02,0.0,24.00524,7.819324,1959
3532,r4i1p1f1,1959,09,03,0.0,28.096155,10.454219,1959
3533,r4i1p1f1,1959,09,04,0.0,28.286783,9.314806,1959
3534,r4i1p1f1,1959,09,05,0.0,27.453041,9.651408,1959
3535,r4i1p1f1,1959,09,06,0.0,23.615204,5.421916,1959
3536,r4i1p1f1,1959,09,07,0.0,27.148836,8.355053,1959
3537,r4i1p1f1,1959,09,08,0.0,30.572641,11.285853,1959
3538,r4i1p1f1,1959,09,09,0.0,30.82152,12.030659,1959
3539,r4i1p1f1,1959,09,10,0.0,31.192104,12.110078,1959
3540,r4i1p1f1,1959,09,11,0.0,30.546793,12.196359,1959
3541,r4i1p1f1,1959,09,12,0.0,29.737436,12.4145975,1959
3542,r4i1p1f1,1959,09,13,0.0,30.438843,12.834036,1959
3543,r4i1p1f1,1959,09,14,0.0,32.71889,14.108187,1959
3544,r4i1p1f1,1959,09,15,0.0,32.429775,13.3249,1959
3545,r4i1p1f1,1959,09,16,0.0,26.520174,7.722941,1959
3546,r4i1p1f1,1959,09,17,0.0,25.954033,5.978087,1959
3547,r4i1p1f1,1959,09,18,0.0,28.189802,9.668672,1959
3548,r4i1p1f1,1959,09,19,0.0,26.85343,9.6536045,1959
3549,r4i1p1f1,1959,09,20,0.0,28.079407,10.126611,1959
3550,r4i1p1f1,1959,09,21,0.0,29.350904,11.704015,1959
3551,r4i1p1f1,1959,09,22,0.0,28.926588,10.729763,1959
3552,r4i1p1f1,1959,09,23,0.0,32.992947,13.038921,1959
3553,r4i1p1f1,1959,09,24,0.0,32.92993,13.419447,1959
3554,r4i1p1f1,1959,09,25,0.0,33.648445,14.651526,1959
3555,r4i1p1f1,1959,09,26,0.0,33.666122,14.795687,1959
3556,r4i1p1f1,1959,09,27,0.0,33.789787,15.495049,1959
3557,r4i1p1f1,1959,09,28,0.0,32.813004,14.038181,1959
3558,r4i1p1f1,1959,09,29,0.0,31.553637,13.395558,1959
3559,r4i1p1f1,1959,09,30,0.0,30.063633,12.751994,1959
3560,r4i1p1f1,1959,10,01,0.0,23.662546,8.070487,1959
3561,r4i1p1f1,1959,10,02,0.0,18.216557,4.365178,1959
3562,r4i1p1f1,1959,10,03,0.22334048669563344,14.91386,1.929642,1959
3563,r4i1p1f1,1959,10,04,0.0,16.531452,1.0496515,1959
3564,r4i1p1f1,1959,10,05,0.0,22.72254,4.3594494,1959
3565,r4i1p1f1,1959,10,06,0.0,25.524862,7.7645817,1959
3566,r4i1p1f1,1959,10,07,0.0,25.890114,6.9983196,1959
3567,r4i1p1f1,1959,10,08,0.0,23.802992,8.477057,1959
3568,r4i1p1f1,1959,10,09,0.0,25.801155,6.0690403,1959
3569,r4i1p1f1,1959,10,10,0.0,24.91338,7.042486,1959
3570,r4i1p1f1,1959,10,11,0.037825783738298924,20.738655,7.3176675,1959
3571,r4i1p1f1,1959,10,12,0.0,15.7456665,5.1254387,1959
3572,r4i1p1f1,1959,10,13,0.04961526623787904,15.804097,6.7139783,1959
3573,r4i1p1f1,1959,10,14,0.0,20.689583,4.0311966,1959
3574,r4i1p1f1,1959,10,15,0.0,21.363426,5.487888,1959
3575,r4i1p1f1,1959,10,16,0.0,22.247147,4.6470814,1959
3576,r4i1p1f1,1959,10,17,0.0,23.574776,5.8577175,1959
3577,r4i1p1f1,1959,10,18,0.0,23.67714,6.3825254,1959
3578,r4i1p1f1,1959,10,19,0.0,21.656311,8.3802805,1959
3579,r4i1p1f1,1959,10,20,0.0,22.32161,7.93592,1959
3580,r4i1p1f1,1959,10,21,0.0,22.793585,4.9069543,1959
3581,r4i1p1f1,1959,10,22,0.0,23.713243,10.321008,1959
3582,r4i1p1f1,1959,10,23,0.0,22.067024,7.9306693,1959
3583,r4i1p1f1,1959,10,24,0.0,20.8549,6.1000876,1959
3584,r4i1p1f1,1959,10,25,0.0,22.912428,7.0775614,1959
3585,r4i1p1f1,1959,10,26,0.0,24.725044,7.59484,1959
3586,r4i1p1f1,1959,10,27,0.0,24.176098,8.333273,1959
3587,r4i1p1f1,1959,10,28,0.0,27.428473,9.723815,1959
3588,r4i1p1f1,1959,10,29,0.0,26.337133,9.432908,1959
3589,r4i1p1f1,1959,10,30,0.0,25.8888,8.778907,1959
3590,r4i1p1f1,1959,10,31,0.0,23.546394,8.440411,1959
3591,r4i1p1f1,1959,11,01,0.07073756951285759,21.867397,9.426739,1959
3592,r4i1p1f1,1959,11,02,8.169194986930961,14.0434,7.664553,1959
3593,r4i1p1f1,1959,11,03,0.18579999071448583,12.859946,6.6322784,1959
3594,r4i1p1f1,1959,11,04,0.0,15.777744,3.3010848,1959
3595,r4i1p1f1,1959,11,05,0.0,16.240227,2.9359992,1959
3596,r4i1p1f1,1959,11,06,0.0,19.396597,3.5869343,1959
3597,r4i1p1f1,1959,11,07,0.0,18.797276,4.7413154,1959
3598,r4i1p1f1,1959,11,08,0.0,18.395576,4.055074,1959
3599,r4i1p1f1,1959,11,09,0.0,18.024916,3.9375124,1959
3600,r4i1p1f1,1959,11,10,2.924039090532915,17.464159,6.15046,1959
3601,r4i1p1f1,1959,11,11,0.010182539517700206,11.429628,-1.3213981,1959
3602,r4i1p1f1,1959,11,12,0.0,11.338352,0.6745558,1959
3603,r4i1p1f1,1959,11,13,0.0,12.720736,-0.10162894,1959
3604,r4i1p1f1,1959,11,14,0.0,13.013432,1.9055299,1959
3605,r4i1p1f1,1959,11,15,1.0161735655856319,11.495167,0.6921175,1959
3606,r4i1p1f1,1959,11,16,0.0,14.187103,-1.1306311,1959
3607,r4i1p1f1,1959,11,17,0.0,12.268376,-2.5438676,1959
3608,r4i1p1f1,1959,11,18,27.548063684616864,10.27212,-0.38467968,1959
3609,r4i1p1f1,1959,11,19,13.81663251381724,5.487238,-0.27110726,1959
3610,r4i1p1f1,1959,11,20,0.02173170104242672,6.3639736,-6.0531735,1959
3611,r4i1p1f1,1959,11,21,19.535189480120607,4.9720516,-0.17797852,1959
3612,r4i1p1f1,1959,11,22,1.3931942293027078,6.098842,-1.5449159,1959
3613,r4i1p1f1,1959,11,23,0.0,6.3469324,-5.9633408,1959
3614,r4i1p1f1,1959,11,24,0.940204384636445,6.659365,-2.1878424,1959
3615,r4i1p1f1,1959,11,25,4.468922292778643,7.7185483,2.6501431,1959
3616,r4i1p1f1,1959,11,26,17.60003627509832,9.390415,3.1399012,1959
3617,r4i1p1f1,1959,11,27,13.91690961418135,8.5169935,3.2790713,1959
3618,r4i1p1f1,1959,11,28,5.579456919093673,10.617672,1.1979005,1959
3619,r4i1p1f1,1959,11,29,0.0,11.071849,-1.1644359,1959
3620,r4i1p1f1,1959,11,30,0.0,11.52752,-1.2274286,1959
3621,r4i1p1f1,1959,12,01,0.0,11.250932,2.767819,1959
3622,r4i1p1f1,1959,12,02,0.0,11.132235,3.414609,1959
3623,r4i1p1f1,1959,12,03,3.6234164137681546,9.078126,1.986177,1959
3624,r4i1p1f1,1959,12,04,6.684990490487053,6.398021,1.808315,1959
3625,r4i1p1f1,1959,12,05,7.194835757650253,7.907619,2.9391644,1959
3626,r4i1p1f1,1959,12,06,0.0,9.463665,5.119556,1959
3627,r4i1p1f1,1959,12,07,0.0,10.397942,0.975557,1959
3628,r4i1p1f1,1959,12,08,0.0,10.450972,-0.024413744,1959
3629,r4i1p1f1,1959,12,09,3.065484680928421,8.26771,-1.7668686,1959
3630,r4i1p1f1,1959,12,10,0.2888790870173352,5.990317,-4.5727224,1959
3631,r4i1p1f1,1959,12,11,14.517873069053167,6.1395526,-0.16182926,1959
3632,r4i1p1f1,1959,12,12,5.609446069149726,7.957876,-0.78445363,1959
3633,r4i1p1f1,1959,12,13,39.763210184901254,8.811558,3.7279608,1959
3634,r4i1p1f1,1959,12,14,22.600397663018157,9.69305,4.2699294,1959
3635,r4i1p1f1,1959,12,15,29.403647043614,7.7993217,2.1877475,1959
3636,r4i1p1f1,1959,12,16,22.952124983567046,6.2694435,2.2424371,1959
3637,r4i1p1f1,1959,12,17,8.6150349351783,7.803004,0.9678868,1959
3638,r4i1p1f1,1959,12,18,2.909763811896937,6.5404577,-5.752974,1959
3639,r4i1p1f1,1959,12,19,11.97606549134207,8.302475,1.338296,1959
3640,r4i1p1f1,1959,12,20,7.940024471099605,6.929782,-3.5791736,1959
3641,r4i1p1f1,1959,12,21,19.864710699221177,8.699768,1.6621925,1959
3642,r4i1p1f1,1959,12,22,3.0310720051687667,7.7174854,-4.2723293,1959
3643,r4i1p1f1,1959,12,23,0.025046828346830807,8.771127,3.4744413,1959
3644,r4i1p1f1,1959,12,24,22.124423416607897,6.357438,1.9969362,1959
3645,r4i1p1f1,1959,12,25,0.0,8.437744,3.6930933,1959
3646,r4i1p1f1,1959,12,26,5.203579028881222,6.8174796,2.5470269,1959
3647,r4i1p1f1,1959,12,27,31.5373833906051,6.9744253,2.2719448,1959
3648,r4i1p1f1,1959,12,28,0.0,8.188673,-0.6098851,1959
3649,r4i1p1f1,1959,12,29,0.0,9.509931,-1.3105266,1959
3650,r4i1p1f1,1959,12,30,0.0,8.725259,-1.7671635,1959
3651,r4i1p1f1,1959,12,31,0.0,9.45971,0.13307126,1959
3652,r4i1p1f1,1960,01,01,0.01821933232122319,7.605896,3.3749592,1960
3653,r4i1p1f1,1960,01,02,7.092405044318184,6.144551,1.2679292,1960
3654,r4i1p1f1,1960,01,03,3.9877870893860745,7.73353,2.613566,1960
3655,r4i1p1f1,1960,01,04,0.7937155345643987,10.824383,5.299515,1960
3656,r4i1p1f1,1960,01,05,0.008377660924452357,10.547506,4.118791,1960
3657,r4i1p1f1,1960,01,06,2.555392668045897,7.0840545,0.89835507,1960
3658,r4i1p1f1,1960,01,07,0.0,10.600216,2.4783733,1960
3659,r4i1p1f1,1960,01,08,1.6931456379268184,8.197326,2.1802936,1960
3660,r4i1p1f1,1960,01,09,0.0,11.055869,2.5998454,1960
3661,r4i1p1f1,1960,01,10,24.03571114728038,11.6214285,3.38614,1960
3662,r4i1p1f1,1960,01,11,54.05509096453898,11.34637,2.420104,1960
3663,r4i1p1f1,1960,01,12,23.74382215202786,9.214671,2.6866503,1960
3664,r4i1p1f1,1960,01,13,0.1908343591310313,9.869358,2.9481926,1960
3665,r4i1p1f1,1960,01,14,0.3858494175347005,9.9647,4.746706,1960
3666,r4i1p1f1,1960,01,15,1.148377305133863,8.930345,4.232181,1960
3667,r4i1p1f1,1960,01,16,28.005247933833743,8.097448,2.1515949,1960
3668,r4i1p1f1,1960,01,17,17.731571962008275,9.171637,3.6310816,1960
3669,r4i1p1f1,1960,01,18,9.002744232498117,10.19547,3.3277545,1960
3670,r4i1p1f1,1960,01,19,0.04624621985840349,8.764724,1.4105023,1960
3671,r4i1p1f1,1960,01,20,0.024551324531785212,7.9131875,-3.116594,1960
3672,r4i1p1f1,1960,01,21,0.0,6.8699613,-4.244442,1960
3673,r4i1p1f1,1960,01,22,11.691717207304464,3.9043427,-3.9351273,1960
3674,r4i1p1f1,1960,01,23,8.304179173865123,5.3055344,-1.2860332,1960
3675,r4i1p1f1,1960,01,24,1.877979658672757,6.7015142,0.32733133,1960
3676,r4i1p1f1,1960,01,25,0.0,10.547929,-0.57482654,1960
3677,r4i1p1f1,1960,01,26,0.0,12.327189,1.0212879,1960
3678,r4i1p1f1,1960,01,27,0.0,13.675846,1.2956445,1960
3679,r4i1p1f1,1960,01,28,0.0,14.3255205,1.2241848,1960
3680,r4i1p1f1,1960,01,29,0.0,14.754457,2.5715637,1960
3681,r4i1p1f1,1960,01,30,0.0,13.020122,0.5850471,1960
3682,r4i1p1f1,1960,01,31,0.0,14.099545,0.43280184,1960
3683,r4i1p1f1,1960,02,01,0.0,16.64544,1.946567,1960
3684,r4i1p1f1,1960,02,02,0.0,16.984638,1.8888297,1960
3685,r4i1p1f1,1960,02,03,0.0,16.18801,1.6833746,1960
3686,r4i1p1f1,1960,02,04,1.378928846912686,12.094073,0.37499994,1960
3687,r4i1p1f1,1960,02,05,0.0,8.0405035,-2.9883795,1960
3688,r4i1p1f1,1960,02,06,0.0,4.1875324,-6.4714375,1960
3689,r4i1p1f1,1960,02,07,0.001320117007708177,5.277914,-5.1164303,1960
3690,r4i1p1f1,1960,02,08,0.0,6.910102,-1.9646274,1960
3691,r4i1p1f1,1960,02,09,0.024082879826892167,7.267344,-2.2723053,1960
3692,r4i1p1f1,1960,02,10,7.871988231639193,5.2022996,-2.589076,1960
3693,r4i1p1f1,1960,02,11,0.0,11.806927,-1.7780643,1960
3694,r4i1p1f1,1960,02,12,0.005877388662156591,12.515928,-0.10421467,1960
3695,r4i1p1f1,1960,02,13,16.584355415216123,9.928165,-0.03275707,1960
3696,r4i1p1f1,1960,02,14,6.902088273454865,9.523822,3.735072,1960
3697,r4i1p1f1,1960,02,15,9.110083085533915,9.043811,1.1747524,1960
3698,r4i1p1f1,1960,02,16,0.0,10.804842,-2.5269885,1960
3699,r4i1p1f1,1960,02,17,14.726594000603654,6.10903,-1.4762961,1960
3700,r4i1p1f1,1960,02,18,17.733661454440153,5.9145823,-3.6527624,1960
3701,r4i1p1f1,1960,02,19,38.34159223479219,10.255776,0.7804044,1960
3702,r4i1p1f1,1960,02,20,51.1302710736345,11.461912,0.39599478,1960
3703,r4i1p1f1,1960,02,21,3.766733750177309,5.5185533,-3.3058748,1960
3704,r4i1p1f1,1960,02,22,10.059032304343418,6.00754,-4.3254843,1960
3705,r4i1p1f1,1960,02,23,2.077424866183719,2.50441,-7.418021,1960
3706,r4i1p1f1,1960,02,24,19.854547568502312,4.4505606,-9.084176,1960
3707,r4i1p1f1,1960,02,25,0.0,4.6128707,-8.545531,1960
3708,r4i1p1f1,1960,02,26,0.0,6.2454586,-5.4854817,1960
3709,r4i1p1f1,1960,02,27,14.8592327370352,4.287409,-5.150297,1960
3710,r4i1p1f1,1960,02,28,35.94121577552869,7.4166894,1.1386846,1960
3711,r4i1p1f1,1960,02,29,7.335656838313298,7.1201043,-1.302657,1960
3712,r4i1p1f1,1960,03,01,0.0,8.272327,-2.4227324,1960
3713,r4i1p1f1,1960,03,02,0.06464665798091573,9.311689,-4.976558,1960
3714,r4i1p1f1,1960,03,03,0.9366835715548305,5.5264144,0.15296698,1960
3715,r4i1p1f1,1960,03,04,0.9375610374792842,9.546198,4.131636,1960
3716,r4i1p1f1,1960,03,05,6.261667789681269,7.355558,0.94783664,1960
3717,r4i1p1f1,1960,03,06,52.52580333399237,9.883823,0.7654668,1960
3718,r4i1p1f1,1960,03,07,20.69266735468318,9.544581,2.631413,1960
3719,r4i1p1f1,1960,03,08,3.304640453183083,6.292224,-2.6996481,1960
3720,r4i1p1f1,1960,03,09,0.0,11.048133,-0.967602,1960
3721,r4i1p1f1,1960,03,10,10.960859291481029,7.342754,-1.4658282,1960
3722,r4i1p1f1,1960,03,11,0.16641979364067083,11.192976,-0.461396,1960
3723,r4i1p1f1,1960,03,12,0.0,14.258745,-0.16542932,1960
3724,r4i1p1f1,1960,03,13,0.0,13.544262,0.46659982,1960
3725,r4i1p1f1,1960,03,14,0.0,16.085945,2.3371704,1960
3726,r4i1p1f1,1960,03,15,0.0,15.983556,2.114395,1960
3727,r4i1p1f1,1960,03,16,0.0,16.06482,2.059634,1960
3728,r4i1p1f1,1960,03,17,0.0,17.075186,2.4695246,1960
3729,r4i1p1f1,1960,03,18,0.0,18.84619,3.2290597,1960
3730,r4i1p1f1,1960,03,19,0.0,18.890348,3.3985722,1960
3731,r4i1p1f1,1960,03,20,0.0,18.73873,3.7785306,1960
3732,r4i1p1f1,1960,03,21,28.605315187814995,14.548362,-0.5962168,1960
3733,r4i1p1f1,1960,03,22,10.531678165182257,10.837694,0.17077573,1960
3734,r4i1p1f1,1960,03,23,0.0,11.321636,3.5092764,1960
3735,r4i1p1f1,1960,03,24,0.15488351455132943,11.8251295,0.8082767,1960
3736,r4i1p1f1,1960,03,25,0.0,16.21523,0.65000737,1960
3737,r4i1p1f1,1960,03,26,0.0,16.37397,0.29700816,1960
3738,r4i1p1f1,1960,03,27,0.0,17.772953,0.64984137,1960
3739,r4i1p1f1,1960,03,28,0.0,18.011513,1.8008456,1960
3740,r4i1p1f1,1960,03,29,0.0,18.68792,2.8059435,1960
3741,r4i1p1f1,1960,03,30,0.13382326725377425,19.799898,4.9127846,1960
3742,r4i1p1f1,1960,03,31,0.5542507462799051,12.052436,-1.1034088,1960
3743,r4i1p1f1,1960,04,01,0.0,14.924992,-0.0713385,1960
3744,r4i1p1f1,1960,04,02,0.0,15.249073,0.8575484,1960
3745,r4i1p1f1,1960,04,03,31.66942806892621,8.13742,-0.127085,1960
3746,r4i1p1f1,1960,04,04,3.425171839808172,6.748872,-5.3296027,1960
3747,r4i1p1f1,1960,04,05,0.0,9.772121,0.18531115,1960
3748,r4i1p1f1,1960,04,06,0.08331496992468601,11.664768,-0.35684973,1960
3749,r4i1p1f1,1960,04,07,35.317663479600014,8.274334,0.55184317,1960
3750,r4i1p1f1,1960,04,08,35.00187853787793,9.851833,2.3878086,1960
3751,r4i1p1f1,1960,04,09,37.54135140879953,9.122884,2.7545283,1960
3752,r4i1p1f1,1960,04,10,5.893703796249383,8.631402,-0.5552484,1960
3753,r4i1p1f1,1960,04,11,1.120596540437191,10.442464,-1.15063,1960
3754,r4i1p1f1,1960,04,12,0.0,13.435192,-0.7466188,1960
3755,r4i1p1f1,1960,04,13,0.0,15.56584,0.5614778,1960
3756,r4i1p1f1,1960,04,14,2.7601495373573925,16.375496,1.0231162,1960
3757,r4i1p1f1,1960,04,15,0.001301025974953518,20.025444,5.829958,1960
3758,r4i1p1f1,1960,04,16,0.0,21.606054,6.8513217,1960
3759,r4i1p1f1,1960,04,17,10.41428237576838,15.128248,3.729491,1960
3760,r4i1p1f1,1960,04,18,3.4066309142303908,11.739173,4.591782,1960
3761,r4i1p1f1,1960,04,19,0.184632928346673,12.41175,3.4561129,1960
3762,r4i1p1f1,1960,04,20,0.10439804423185706,20.114359,4.813076,1960
3763,r4i1p1f1,1960,04,21,0.0,21.969404,5.9489927,1960
3764,r4i1p1f1,1960,04,22,0.0,22.143105,4.601648,1960
3765,r4i1p1f1,1960,04,23,0.0,21.500877,6.654909,1960
3766,r4i1p1f1,1960,04,24,12.376027991649607,16.017035,-0.69867325,1960
3767,r4i1p1f1,1960,04,25,0.0,9.041502,-4.5532303,1960
3768,r4i1p1f1,1960,04,26,1.7902697869573103,7.9206324,-3.4948285,1960
3769,r4i1p1f1,1960,04,27,42.202561293379404,4.118227,-2.750683,1960
3770,r4i1p1f1,1960,04,28,5.415133655847626,3.6135457,-6.8419437,1960
3771,r4i1p1f1,1960,04,29,1.3015103976613318,5.7804103,-6.5706778,1960
3772,r4i1p1f1,1960,04,30,0.0,11.2890415,-1.376563,1960
3773,r4i1p1f1,1960,05,01,0.0,14.203863,2.1292613,1960
3774,r4i1p1f1,1960,05,02,0.0,17.068064,1.4676334,1960
3775,r4i1p1f1,1960,05,03,0.0,17.348986,5.0416985,1960
3776,r4i1p1f1,1960,05,04,0.023489101118556732,13.445261,3.0597758,1960
3777,r4i1p1f1,1960,05,05,12.187681799059646,9.415819,0.28178003,1960
3778,r4i1p1f1,1960,05,06,12.516081560102066,13.021918,0.6460811,1960
3779,r4i1p1f1,1960,05,07,0.035660914409163524,13.233937,-0.14976045,1960
3780,r4i1p1f1,1960,05,08,0.3496688116229052,19.384342,3.311326,1960
3781,r4i1p1f1,1960,05,09,1.5952560322148202,17.569122,2.455644,1960
3782,r4i1p1f1,1960,05,10,1.5189317726708396,15.516035,3.7059686,1960
3783,r4i1p1f1,1960,05,11,0.9065228983217821,16.817204,2.4771929,1960
3784,r4i1p1f1,1960,05,12,3.0489375432864563,15.194489,2.91561,1960
3785,r4i1p1f1,1960,05,13,2.06616774437407,16.166641,4.3607464,1960
3786,r4i1p1f1,1960,05,14,0.3521560094633891,18.799416,6.9629025,1960
3787,r4i1p1f1,1960,05,15,0.06723479671677524,19.278664,7.887862,1960
3788,r4i1p1f1,1960,05,16,0.0,20.844114,6.2297616,1960
3789,r4i1p1f1,1960,05,17,0.0,21.45711,7.0034657,1960
3790,r4i1p1f1,1960,05,18,0.0,22.995863,8.737183,1960
3791,r4i1p1f1,1960,05,19,1.334173712325537,20.189116,5.98229,1960
3792,r4i1p1f1,1960,05,20,0.0,22.369555,5.287901,1960
3793,r4i1p1f1,1960,05,21,0.0,22.58643,6.009304,1960
3794,r4i1p1f1,1960,05,22,2.007556523835774,16.228832,0.6699462,1960
3795,r4i1p1f1,1960,05,23,0.0,14.881474,2.5835257,1960
3796,r4i1p1f1,1960,05,24,16.54543189292923,12.0942335,0.9603488,1960
3797,r4i1p1f1,1960,05,25,0.1400480007760052,18.035084,1.594634,1960
3798,r4i1p1f1,1960,05,26,0.0,20.208714,4.278712,1960
3799,r4i1p1f1,1960,05,27,0.0,24.685036,7.5332727,1960
3800,r4i1p1f1,1960,05,28,0.0,27.274263,12.230389,1960
3801,r4i1p1f1,1960,05,29,0.0,28.239695,11.971583,1960
3802,r4i1p1f1,1960,05,30,0.0,27.811357,12.450485,1960
3803,r4i1p1f1,1960,05,31,0.0,25.846594,10.619053,1960
3804,r4i1p1f1,1960,06,01,6.006575176434126,18.625696,2.8130946,1960
3805,r4i1p1f1,1960,06,02,5.599977904734033,13.678478,-1.4551991,1960
3806,r4i1p1f1,1960,06,03,0.03601694766643959,20.890041,5.6678133,1960
3807,r4i1p1f1,1960,06,04,0.0,21.451397,7.3657446,1960
3808,r4i1p1f1,1960,06,05,0.005994485854898812,20.211143,5.2846527,1960
3809,r4i1p1f1,1960,06,06,0.010100249801325845,21.573692,5.1207204,1960
3810,r4i1p1f1,1960,06,07,0.02812915543586314,22.782677,6.9486475,1960
3811,r4i1p1f1,1960,06,08,0.0,21.533775,8.493042,1960
3812,r4i1p1f1,1960,06,09,0.0,22.014696,8.159813,1960
3813,r4i1p1f1,1960,06,10,0.0,22.543337,8.14416,1960
3814,r4i1p1f1,1960,06,11,0.27383839828871714,19.405617,6.121768,1960
3815,r4i1p1f1,1960,06,12,0.0,21.792166,5.317382,1960
3816,r4i1p1f1,1960,06,13,0.0,22.941477,6.9284897,1960
3817,r4i1p1f1,1960,06,14,0.0,24.652931,6.3624477,1960
3818,r4i1p1f1,1960,06,15,0.0,24.171976,6.6987276,1960
3819,r4i1p1f1,1960,06,16,0.0,25.045849,6.605222,1960
3820,r4i1p1f1,1960,06,17,0.0,26.356453,8.304805,1960
3821,r4i1p1f1,1960,06,18,0.9850612933178127,25.378128,7.793529,1960
3822,r4i1p1f1,1960,06,19,3.4909415417018863,19.135729,3.3965673,1960
3823,r4i1p1f1,1960,06,20,0.0,24.659573,9.055119,1960
3824,r4i1p1f1,1960,06,21,0.0,27.480152,9.072397,1960
3825,r4i1p1f1,1960,06,22,0.0,29.646732,11.00694,1960
3826,r4i1p1f1,1960,06,23,0.0,29.850105,10.781379,1960
3827,r4i1p1f1,1960,06,24,0.0,22.656412,7.4367657,1960
3828,r4i1p1f1,1960,06,25,0.0008388937203562818,21.489918,5.546335,1960
3829,r4i1p1f1,1960,06,26,0.0005567048560806143,23.416847,6.971952,1960
3830,r4i1p1f1,1960,06,27,0.0,23.983107,7.202741,1960
3831,r4i1p1f1,1960,06,28,0.0,24.67995,7.9050107,1960
3832,r4i1p1f1,1960,06,29,0.0,22.438084,6.2187176,1960
3833,r4i1p1f1,1960,06,30,0.0,23.445354,8.313921,1960
3834,r4i1p1f1,1960,07,01,0.012336618647168507,25.060238,9.233479,1960
3835,r4i1p1f1,1960,07,02,0.06554598307957349,26.615591,10.228733,1960
3836,r4i1p1f1,1960,07,03,0.0,29.54067,11.457368,1960
3837,r4i1p1f1,1960,07,04,0.0,30.951803,13.1011,1960
3838,r4i1p1f1,1960,07,05,0.0,30.87107,11.908663,1960
3839,r4i1p1f1,1960,07,06,0.0,27.749758,9.425333,1960
3840,r4i1p1f1,1960,07,07,0.0,24.710274,8.470051,1960
3841,r4i1p1f1,1960,07,08,0.0,26.779785,9.017887,1960
3842,r4i1p1f1,1960,07,09,0.0,28.412813,10.930253,1960
3843,r4i1p1f1,1960,07,10,0.0,28.087145,11.189538,1960
3844,r4i1p1f1,1960,07,11,0.49417278914916096,28.769379,11.063537,1960
3845,r4i1p1f1,1960,07,12,0.3470213431171487,24.809593,10.857174,1960
3846,r4i1p1f1,1960,07,13,0.3824567992523953,20.611742,7.600889,1960
3847,r4i1p1f1,1960,07,14,0.0,24.248491,8.651234,1960
3848,r4i1p1f1,1960,07,15,0.0,27.36114,10.510411,1960
3849,r4i1p1f1,1960,07,16,0.0,29.041582,11.523978,1960
3850,r4i1p1f1,1960,07,17,0.0,32.40606,13.5889435,1960
3851,r4i1p1f1,1960,07,18,0.0,31.015781,13.939129,1960
3852,r4i1p1f1,1960,07,19,0.0,28.60004,10.5624,1960
3853,r4i1p1f1,1960,07,20,0.0,30.323544,12.771495,1960
3854,r4i1p1f1,1960,07,21,0.0,29.67072,13.063519,1960
3855,r4i1p1f1,1960,07,22,0.0,31.948595,14.850087,1960
3856,r4i1p1f1,1960,07,23,0.0,32.994583,15.886104,1960
3857,r4i1p1f1,1960,07,24,0.0,34.69963,16.491812,1960
3858,r4i1p1f1,1960,07,25,0.0,35.79123,16.756052,1960
3859,r4i1p1f1,1960,07,26,0.0,35.77269,17.670006,1960
3860,r4i1p1f1,1960,07,27,0.0,35.41718,16.865927,1960
3861,r4i1p1f1,1960,07,28,0.0,34.41962,15.945989,1960
3862,r4i1p1f1,1960,07,29,0.0,32.954887,14.048394,1960
3863,r4i1p1f1,1960,07,30,0.0,30.741446,12.086261,1960
3864,r4i1p1f1,1960,07,31,0.0,29.755554,12.111774,1960
3865,r4i1p1f1,1960,08,01,0.0,32.743378,14.766273,1960
3866,r4i1p1f1,1960,08,02,0.0,34.672222,16.084875,1960
3867,r4i1p1f1,1960,08,03,0.0,33.53917,14.942579,1960
3868,r4i1p1f1,1960,08,04,0.0,32.056065,13.289089,1960
3869,r4i1p1f1,1960,08,05,0.0,29.484365,10.518251,1960
3870,r4i1p1f1,1960,08,06,0.0,28.726816,9.328892,1960
3871,r4i1p1f1,1960,08,07,0.0,29.322567,10.334213,1960
3872,r4i1p1f1,1960,08,08,0.0,28.491123,11.306174,1960
3873,r4i1p1f1,1960,08,09,0.0,26.572552,10.148818,1960
3874,r4i1p1f1,1960,08,10,0.0,29.128609,12.120409,1960
3875,r4i1p1f1,1960,08,11,0.0,29.943129,12.762145,1960
3876,r4i1p1f1,1960,08,12,0.0,31.262194,13.859885,1960
3877,r4i1p1f1,1960,08,13,0.0020918469090247527,33.73507,16.081106,1960
3878,r4i1p1f1,1960,08,14,0.0,32.219315,14.551605,1960
3879,r4i1p1f1,1960,08,15,0.0,30.898232,13.740743,1960
3880,r4i1p1f1,1960,08,16,0.0,30.953316,11.484837,1960
3881,r4i1p1f1,1960,08,17,0.0,31.894735,12.481698,1960
3882,r4i1p1f1,1960,08,18,0.0,31.713888,13.953303,1960
3883,r4i1p1f1,1960,08,19,0.0,30.532701,12.611208,1960
3884,r4i1p1f1,1960,08,20,0.0,29.533138,11.143021,1960
3885,r4i1p1f1,1960,08,21,0.0,26.40781,7.975382,1960
3886,r4i1p1f1,1960,08,22,0.0,29.355595,12.362431,1960
3887,r4i1p1f1,1960,08,23,0.0,28.840721,11.703127,1960
3888,r4i1p1f1,1960,08,24,0.0,28.032616,9.161043,1960
3889,r4i1p1f1,1960,08,25,0.0,30.180834,10.958162,1960
3890,r4i1p1f1,1960,08,26,0.13237951870905817,30.104052,11.824253,1960
3891,r4i1p1f1,1960,08,27,0.0,27.463186,10.398487,1960
3892,r4i1p1f1,1960,08,28,0.0,25.861427,8.659646,1960
3893,r4i1p1f1,1960,08,29,0.0,26.664398,8.061697,1960
3894,r4i1p1f1,1960,08,30,0.0,30.95977,11.103771,1960
3895,r4i1p1f1,1960,08,31,0.0,32.53539,11.161969,1960
3896,r4i1p1f1,1960,09,01,0.0,32.471737,13.480958,1960
3897,r4i1p1f1,1960,09,02,0.0,31.629812,12.03625,1960
3898,r4i1p1f1,1960,09,03,0.0,31.24316,11.7027235,1960
3899,r4i1p1f1,1960,09,04,0.0,30.569946,12.813527,1960
3900,r4i1p1f1,1960,09,05,0.0,30.766262,14.216935,1960
3901,r4i1p1f1,1960,09,06,0.03823452047981846,32.398247,16.847294,1960
3902,r4i1p1f1,1960,09,07,4.074129873487209,31.671495,16.593872,1960
3903,r4i1p1f1,1960,09,08,1.187675447431502,26.53368,11.290415,1960
3904,r4i1p1f1,1960,09,09,0.0,26.978676,11.622476,1960
3905,r4i1p1f1,1960,09,10,0.0,26.32224,11.164472,1960
3906,r4i1p1f1,1960,09,11,0.0,28.4758,12.334688,1960
3907,r4i1p1f1,1960,09,12,0.0,28.46075,13.395206,1960
3908,r4i1p1f1,1960,09,13,0.0012005873372800124,24.725985,9.129023,1960
3909,r4i1p1f1,1960,09,14,0.0,23.981989,7.176897,1960
3910,r4i1p1f1,1960,09,15,0.0,30.137302,11.183018,1960
3911,r4i1p1f1,1960,09,16,0.0,29.743496,11.944904,1960
3912,r4i1p1f1,1960,09,17,0.0,27.687717,10.37244,1960
3913,r4i1p1f1,1960,09,18,0.020016962986346698,23.554888,8.803261,1960
3914,r4i1p1f1,1960,09,19,0.07798248994390633,18.775658,3.976356,1960
3915,r4i1p1f1,1960,09,20,0.0,20.89955,6.6756573,1960
3916,r4i1p1f1,1960,09,21,0.0,20.83952,6.3449636,1960
3917,r4i1p1f1,1960,09,22,0.0,20.841095,6.0866375,1960
3918,r4i1p1f1,1960,09,23,0.005337672371297231,18.073536,6.214529,1960
3919,r4i1p1f1,1960,09,24,0.5532719040502343,16.183462,3.8315969,1960
3920,r4i1p1f1,1960,09,25,0.016454744945804123,18.851528,7.740566,1960
3921,r4i1p1f1,1960,09,26,0.3475394875327886,17.394918,7.9596286,1960
3922,r4i1p1f1,1960,09,27,0.10856049917151722,19.931028,5.347047,1960
3923,r4i1p1f1,1960,09,28,0.0,23.013357,7.0408306,1960
3924,r4i1p1f1,1960,09,29,0.0,24.137495,8.021611,1960
3925,r4i1p1f1,1960,09,30,3.717343685386254,23.411434,10.22144,1960
3926,r4i1p1f1,1960,10,01,6.033956741447355,19.46252,5.0744014,1960
3927,r4i1p1f1,1960,10,02,0.0,23.194153,8.818691,1960
3928,r4i1p1f1,1960,10,03,0.0,25.21746,9.267193,1960
3929,r4i1p1f1,1960,10,04,0.0,24.974037,9.529713,1960
3930,r4i1p1f1,1960,10,05,0.0,24.42109,10.019195,1960
3931,r4i1p1f1,1960,10,06,0.0,23.578672,10.032636,1960
3932,r4i1p1f1,1960,10,07,0.7545214790411592,16.198362,8.612264,1960
3933,r4i1p1f1,1960,10,08,0.0,16.608976,3.3155432,1960
3934,r4i1p1f1,1960,10,09,0.0,15.825967,1.5553389,1960
3935,r4i1p1f1,1960,10,10,0.0,16.487854,2.7469862,1960
3936,r4i1p1f1,1960,10,11,0.0,16.551994,0.97829777,1960
3937,r4i1p1f1,1960,10,12,0.0,18.3722,4.0583444,1960
3938,r4i1p1f1,1960,10,13,0.0,20.380812,7.217719,1960
3939,r4i1p1f1,1960,10,14,0.0,21.870209,4.7527356,1960
3940,r4i1p1f1,1960,10,15,0.0,22.146902,4.6014314,1960
3941,r4i1p1f1,1960,10,16,0.0,22.6284,5.1653695,1960
3942,r4i1p1f1,1960,10,17,0.0,25.960903,7.934866,1960
3943,r4i1p1f1,1960,10,18,0.0,25.377367,8.975714,1960
3944,r4i1p1f1,1960,10,19,0.0,24.52434,7.1788406,1960
3945,r4i1p1f1,1960,10,20,0.0,25.162464,8.522891,1960
3946,r4i1p1f1,1960,10,21,0.0,24.689518,7.90848,1960
3947,r4i1p1f1,1960,10,22,0.0,26.181149,9.429852,1960
3948,r4i1p1f1,1960,10,23,0.0,25.695292,8.464325,1960
3949,r4i1p1f1,1960,10,24,0.0,25.536613,8.252431,1960
3950,r4i1p1f1,1960,10,25,0.0,22.755508,6.6905613,1960
3951,r4i1p1f1,1960,10,26,0.0,20.616364,3.3984916,1960
3952,r4i1p1f1,1960,10,27,0.0,18.912437,2.4771655,1960
3953,r4i1p1f1,1960,10,28,0.0,19.966124,2.1712005,1960
3954,r4i1p1f1,1960,10,29,0.0,16.217714,1.0819716,1960
3955,r4i1p1f1,1960,10,30,0.0,16.704874,0.6712029,1960
3956,r4i1p1f1,1960,10,31,0.0,18.924318,1.6273748,1960
3957,r4i1p1f1,1960,11,01,0.0,19.745863,3.386506,1960
3958,r4i1p1f1,1960,11,02,0.0,21.20929,3.9453554,1960
3959,r4i1p1f1,1960,11,03,0.0,21.736275,4.3676167,1960
3960,r4i1p1f1,1960,11,04,0.0,23.261425,5.414425,1960
3961,r4i1p1f1,1960,11,05,0.0,25.11966,7.887364,1960
3962,r4i1p1f1,1960,11,06,0.0,25.214214,7.740884,1960
3963,r4i1p1f1,1960,11,07,0.0,23.99607,6.8275347,1960
3964,r4i1p1f1,1960,11,08,0.0,20.956327,5.569739,1960
3965,r4i1p1f1,1960,11,09,0.0,20.498726,3.5011163,1960
3966,r4i1p1f1,1960,11,10,0.0,20.124897,5.54889,1960
3967,r4i1p1f1,1960,11,11,0.0,14.395667,1.4798077,1960
3968,r4i1p1f1,1960,11,12,5.545814652640502,13.338135,1.1228728,1960
3969,r4i1p1f1,1960,11,13,0.0,15.54914,2.796791,1960
3970,r4i1p1f1,1960,11,14,0.0,16.244827,1.9143304,1960
3971,r4i1p1f1,1960,11,15,0.0,17.770546,1.4475751,1960
3972,r4i1p1f1,1960,11,16,0.0,17.187796,1.7010111,1960
3973,r4i1p1f1,1960,11,17,0.0,17.7447,0.2552457,1960
3974,r4i1p1f1,1960,11,18,0.0,18.813335,2.0606549,1960
3975,r4i1p1f1,1960,11,19,0.0,19.620955,5.0301485,1960
3976,r4i1p1f1,1960,11,20,1.0496065933239151,16.343014,3.5658772,1960
3977,r4i1p1f1,1960,11,21,0.0,11.859576,-1.7866797,1960
3978,r4i1p1f1,1960,11,22,0.0,11.74145,-2.9437094,1960
3979,r4i1p1f1,1960,11,23,0.0,13.390033,0.568158,1960
3980,r4i1p1f1,1960,11,24,1.2459251411485184,8.456046,-2.1403453,1960
3981,r4i1p1f1,1960,11,25,14.170085250225384,8.734511,1.9068745,1960
3982,r4i1p1f1,1960,11,26,0.18133259587216344,8.456593,-2.617054,1960
3983,r4i1p1f1,1960,11,27,10.728748081578487,5.7557025,-3.1558952,1960
3984,r4i1p1f1,1960,11,28,26.685449303113273,9.549616,0.24352445,1960
3985,r4i1p1f1,1960,11,29,17.037558295487543,9.308436,0.21937768,1960
3986,r4i1p1f1,1960,11,30,19.781839595543715,9.222727,-0.98101383,1960
3987,r4i1p1f1,1960,12,01,12.980494102521334,6.4740076,1.5131683,1960
3988,r4i1p1f1,1960,12,02,0.0,7.0961804,-3.9428995,1960
3989,r4i1p1f1,1960,12,03,0.0,6.5692563,-5.208126,1960
3990,r4i1p1f1,1960,12,04,0.0,4.3984313,-7.4934278,1960
3991,r4i1p1f1,1960,12,05,0.0,3.8865874,-6.8742576,1960
3992,r4i1p1f1,1960,12,06,0.0,6.671551,-4.7228265,1960
3993,r4i1p1f1,1960,12,07,0.0,7.5177865,-2.8996115,1960
3994,r4i1p1f1,1960,12,08,0.030967962504746538,8.075723,-1.1744804,1960
3995,r4i1p1f1,1960,12,09,0.005825483071930648,10.51076,-0.6772066,1960
3996,r4i1p1f1,1960,12,10,0.48862423374416153,7.611452,0.93698925,1960
3997,r4i1p1f1,1960,12,11,0.3623913829500225,8.834194,2.716619,1960
3998,r4i1p1f1,1960,12,12,0.0,8.031277,-1.2445226,1960
3999,r4i1p1f1,1960,12,13,0.0,10.311254,-0.74029815,1960
4000,r4i1p1f1,1960,12,14,0.0,8.626797,-1.7937872,1960
4001,r4i1p1f1,1960,12,15,0.0,8.16836,-1.4290242,1960
4002,r4i1p1f1,1960,12,16,1.6751967457025785,8.580418,3.1851647,1960
4003,r4i1p1f1,1960,12,17,8.941691709435418,8.39126,4.193868,1960
4004,r4i1p1f1,1960,12,18,25.510121980755684,8.782764,3.877515,1960
4005,r4i1p1f1,1960,12,19,39.800767136557624,7.512982,3.1122632,1960
4006,r4i1p1f1,1960,12,20,62.961731687391875,5.8670015,1.0668405,1960
4007,r4i1p1f1,1960,12,21,16.354926068663644,6.783051,-3.7949667,1960
4008,r4i1p1f1,1960,12,22,5.44816695787631,3.9595277,-6.944089,1960
4009,r4i1p1f1,1960,12,23,11.921326892843354,3.1154857,-10.265473,1960
4010,r4i1p1f1,1960,12,24,0.8497448060438728,1.0278732,-13.467531,1960
4011,r4i1p1f1,1960,12,25,0.0,-3.774081,-16.841537,1960
4012,r4i1p1f1,1960,12,26,0.0,-0.011445999,-14.287755,1960
4013,r4i1p1f1,1960,12,27,0.0,1.7321867,-11.01476,1960
4014,r4i1p1f1,1960,12,28,0.0,3.4022932,-10.073429,1960
4015,r4i1p1f1,1960,12,29,0.0,7.7975717,-5.131041,1960
4016,r4i1p1f1,1960,12,30,0.0,8.773912,-4.159306,1960
4017,r4i1p1f1,1960,12,31,0.0,10.0958805,-2.9672377,1960
4018,r4i1p1f1,1961,01,01,0.0,11.018249,-1.3139333,1961
4019,r4i1p1f1,1961,01,02,0.0,9.971097,-2.6067467,1961
4020,r4i1p1f1,1961,01,03,0.0,11.679229,-0.8961648,1961
4021,r4i1p1f1,1961,01,04,0.0,10.672858,-1.2391042,1961
4022,r4i1p1f1,1961,01,05,0.0,11.01619,-0.35455307,1961
4023,r4i1p1f1,1961,01,06,0.0,12.249738,0.6213892,1961
4024,r4i1p1f1,1961,01,07,0.0,11.43879,-0.038276356,1961
4025,r4i1p1f1,1961,01,08,0.0,11.036411,0.9580176,1961
4026,r4i1p1f1,1961,01,09,0.0,13.244747,0.3911438,1961
4027,r4i1p1f1,1961,01,10,0.0,14.053899,1.928097,1961
4028,r4i1p1f1,1961,01,11,0.0,11.225386,-0.97813964,1961
4029,r4i1p1f1,1961,01,12,0.0,11.916251,0.16965437,1961
4030,r4i1p1f1,1961,01,13,0.0,11.831318,0.7538682,1961
4031,r4i1p1f1,1961,01,14,0.0,14.0251465,1.4798164,1961
4032,r4i1p1f1,1961,01,15,0.0,14.935823,1.5437721,1961
4033,r4i1p1f1,1961,01,16,0.0,17.345545,3.4946368,1961
4034,r4i1p1f1,1961,01,17,0.0,17.697422,3.5944204,1961
4035,r4i1p1f1,1961,01,18,0.0,15.171553,3.0062082,1961
4036,r4i1p1f1,1961,01,19,0.0,14.626678,2.7927012,1961
4037,r4i1p1f1,1961,01,20,7.338349178104409,10.329817,3.8474028,1961
4038,r4i1p1f1,1961,01,21,0.792598146108503,14.237391,4.509246,1961
4039,r4i1p1f1,1961,01,22,0.0,15.452833,5.0165997,1961
4040,r4i1p1f1,1961,01,23,0.0,17.179838,3.789285,1961
4041,r4i1p1f1,1961,01,24,0.0,17.48721,3.587035,1961
4042,r4i1p1f1,1961,01,25,0.0,16.045227,2.7142045,1961
4043,r4i1p1f1,1961,01,26,0.0,8.314118,-4.6866016,1961
4044,r4i1p1f1,1961,01,27,4.490314396525719,3.6837993,-7.8129478,1961
4045,r4i1p1f1,1961,01,28,22.85190810835047,11.352036,-0.75548375,1961
4046,r4i1p1f1,1961,01,29,18.600323846476385,12.675167,2.593419,1961
4047,r4i1p1f1,1961,01,30,10.967319949759258,11.56685,2.3043444,1961
4048,r4i1p1f1,1961,01,31,55.62843019251886,13.805825,3.976098,1961
4049,r4i1p1f1,1961,02,01,39.63062451693986,13.81819,5.8592005,1961
4050,r4i1p1f1,1961,02,02,23.566460450092563,13.684081,7.285999,1961
4051,r4i1p1f1,1961,02,03,0.0,13.761752,6.9309764,1961
4052,r4i1p1f1,1961,02,04,0.0,17.668114,5.668536,1961
4053,r4i1p1f1,1961,02,05,0.0,17.787632,6.8334737,1961
4054,r4i1p1f1,1961,02,06,0.020949438740558435,17.054607,6.18899,1961
4055,r4i1p1f1,1961,02,07,8.683145481791144,14.542016,2.2299004,1961
4056,r4i1p1f1,1961,02,08,12.761210415965252,10.862892,-0.7949889,1961
4057,r4i1p1f1,1961,02,09,0.0,11.227231,-1.6715344,1961
4058,r4i1p1f1,1961,02,10,0.0,10.691602,-2.2375932,1961
4059,r4i1p1f1,1961,02,11,3.951449822068298,9.213732,-1.8082246,1961
4060,r4i1p1f1,1961,02,12,37.66898137255339,9.642057,1.451449,1961
4061,r4i1p1f1,1961,02,13,0.12986730578603556,11.331183,1.813214,1961
4062,r4i1p1f1,1961,02,14,0.0,10.690602,0.69828075,1961
4063,r4i1p1f1,1961,02,15,0.0,8.475427,-3.015648,1961
4064,r4i1p1f1,1961,02,16,4.116979166190049,6.303568,-1.376003,1961
4065,r4i1p1f1,1961,02,17,0.0,11.373308,-1.8423377,1961
4066,r4i1p1f1,1961,02,18,1.8921303204137985,7.1304135,0.24335405,1961
4067,r4i1p1f1,1961,02,19,0.0,10.907532,-0.08484035,1961
4068,r4i1p1f1,1961,02,20,8.008664094245432,7.8393993,-0.8412097,1961
4069,r4i1p1f1,1961,02,21,0.1762163990278509,5.986771,-5.2571087,1961
4070,r4i1p1f1,1961,02,22,36.19697220638045,5.9322643,-2.72869,1961
4071,r4i1p1f1,1961,02,23,0.0,7.827192,-4.7904377,1961
4072,r4i1p1f1,1961,02,24,0.0,10.618701,-3.53327,1961
4073,r4i1p1f1,1961,02,25,0.0,12.226655,-1.2910938,1961
4074,r4i1p1f1,1961,02,26,0.0,12.734856,0.3078988,1961
4075,r4i1p1f1,1961,02,27,0.0,13.184875,1.3046284,1961
4076,r4i1p1f1,1961,02,28,0.0,13.760079,1.3472534,1961
4077,r4i1p1f1,1961,03,01,0.0025264900614274666,11.932903,-0.56034833,1961
4078,r4i1p1f1,1961,03,02,1.0257349441417318,3.94613,-10.6405735,1961
4079,r4i1p1f1,1961,03,03,0.0,6.464093,-6.881357,1961
4080,r4i1p1f1,1961,03,04,0.0,7.3521185,-5.2091503,1961
4081,r4i1p1f1,1961,03,05,0.0,9.810535,-4.1914606,1961
4082,r4i1p1f1,1961,03,06,0.0,14.698641,-0.3265062,1961
4083,r4i1p1f1,1961,03,07,0.0,18.043175,1.7815214,1961
4084,r4i1p1f1,1961,03,08,0.0,18.450457,1.8068888,1961
4085,r4i1p1f1,1961,03,09,0.0,19.538761,3.1461034,1961
4086,r4i1p1f1,1961,03,10,0.0,19.90321,3.5927572,1961
4087,r4i1p1f1,1961,03,11,0.0,19.977966,3.4842043,1961
4088,r4i1p1f1,1961,03,12,0.0,19.872307,4.346942,1961
4089,r4i1p1f1,1961,03,13,0.06687675474950083,16.220318,2.7446628,1961
4090,r4i1p1f1,1961,03,14,0.03180234307365026,11.420398,-1.4353046,1961
4091,r4i1p1f1,1961,03,15,3.1148823237344914,11.728499,1.602114,1961
4092,r4i1p1f1,1961,03,16,0.8972393719858474,12.558468,-0.7729059,1961
4093,r4i1p1f1,1961,03,17,19.790269740769872,8.446304,-0.42845094,1961
4094,r4i1p1f1,1961,03,18,7.52100341296682,6.542466,-1.9686421,1961
4095,r4i1p1f1,1961,03,19,4.631431360971305,7.584548,-2.073132,1961
4096,r4i1p1f1,1961,03,20,0.0,12.119939,1.1292028,1961
4097,r4i1p1f1,1961,03,21,0.24449439138436446,11.798635,2.4762356,1961
4098,r4i1p1f1,1961,03,22,1.1416770098275464,11.189487,0.6301704,1961
4099,r4i1p1f1,1961,03,23,0.0,14.455614,-0.46305662,1961
4100,r4i1p1f1,1961,03,24,0.0,15.184657,-0.17346403,1961
4101,r4i1p1f1,1961,03,25,0.0,15.532571,0.18156756,1961
4102,r4i1p1f1,1961,03,26,0.3033012111075095,14.0529375,1.4073697,1961
4103,r4i1p1f1,1961,03,27,3.03607595400166,11.457058,4.0486608,1961
4104,r4i1p1f1,1961,03,28,0.0,16.561214,2.6511493,1961
4105,r4i1p1f1,1961,03,29,1.8632441243653375,14.801261,0.50983906,1961
4106,r4i1p1f1,1961,03,30,2.016271076729481,12.341849,-1.2317312,1961
4107,r4i1p1f1,1961,03,31,4.627453700982187,6.2052546,-6.232889,1961
4108,r4i1p1f1,1961,04,01,1.2107760845083249,6.91102,-2.539676,1961
4109,r4i1p1f1,1961,04,02,0.0,9.924966,-3.4881551,1961
4110,r4i1p1f1,1961,04,03,0.0,14.635468,-1.0135059,1961
4111,r4i1p1f1,1961,04,04,0.0,16.361778,0.20795992,1961
4112,r4i1p1f1,1961,04,05,0.0,15.893925,-0.121316165,1961
4113,r4i1p1f1,1961,04,06,0.0,15.667143,3.4759161,1961
4114,r4i1p1f1,1961,04,07,2.436642198065897,12.284284,0.060974915,1961
4115,r4i1p1f1,1961,04,08,6.482175091605313,10.302756,-0.63622963,1961
4116,r4i1p1f1,1961,04,09,0.0,14.703648,0.5302179,1961
4117,r4i1p1f1,1961,04,10,0.48478983344182325,15.02851,2.7579374,1961
4118,r4i1p1f1,1961,04,11,2.226765536761377,14.030321,2.2099967,1961
4119,r4i1p1f1,1961,04,12,10.940420194674516,9.621111,0.40646124,1961
4120,r4i1p1f1,1961,04,13,0.001067899552253948,14.626821,0.020125495,1961
4121,r4i1p1f1,1961,04,14,0.0,12.6344185,-2.935958,1961
4122,r4i1p1f1,1961,04,15,0.0,13.88886,-0.9779061,1961
4123,r4i1p1f1,1961,04,16,0.0,15.060886,0.82346034,1961
4124,r4i1p1f1,1961,04,17,0.15185975242957284,15.667345,2.0405912,1961
4125,r4i1p1f1,1961,04,18,0.0,17.449419,0.6500162,1961
4126,r4i1p1f1,1961,04,19,0.0,17.250038,2.6827116,1961
4127,r4i1p1f1,1961,04,20,0.0,18.642673,1.0538936,1961
4128,r4i1p1f1,1961,04,21,0.30477916438940156,18.483482,3.1587334,1961
4129,r4i1p1f1,1961,04,22,0.3753484056005618,7.1523037,-3.276999,1961
4130,r4i1p1f1,1961,04,23,0.0,14.615424,-0.07867029,1961
4131,r4i1p1f1,1961,04,24,0.0,17.395529,1.1076148,1961
4132,r4i1p1f1,1961,04,25,0.0,16.38728,0.90358925,1961
4133,r4i1p1f1,1961,04,26,0.8249175489254412,16.37914,2.3152096,1961
4134,r4i1p1f1,1961,04,27,0.0,19.193336,1.8856604,1961
4135,r4i1p1f1,1961,04,28,0.0,22.066057,5.247891,1961
4136,r4i1p1f1,1961,04,29,0.0,22.767004,6.084586,1961
4137,r4i1p1f1,1961,04,30,0.0,24.766188,7.8438535,1961
4138,r4i1p1f1,1961,05,01,0.0,23.532974,8.076097,1961
4139,r4i1p1f1,1961,05,02,0.0,18.249903,5.2961445,1961
4140,r4i1p1f1,1961,05,03,0.012197998967167223,16.82434,5.5693526,1961
4141,r4i1p1f1,1961,05,04,0.03105366231466178,14.563897,4.5841928,1961
4142,r4i1p1f1,1961,05,05,0.0,17.626621,3.4064374,1961
4143,r4i1p1f1,1961,05,06,0.0,15.829307,0.47904688,1961
4144,r4i1p1f1,1961,05,07,0.0,22.004427,4.55147,1961
4145,r4i1p1f1,1961,05,08,0.0,24.878601,7.8899984,1961
4146,r4i1p1f1,1961,05,09,0.0,25.030293,8.73755,1961
4147,r4i1p1f1,1961,05,10,0.0,20.263266,4.8354774,1961
4148,r4i1p1f1,1961,05,11,0.0,23.98525,6.4831004,1961
4149,r4i1p1f1,1961,05,12,0.0,24.169298,7.312238,1961
4150,r4i1p1f1,1961,05,13,0.0,24.649784,7.2433877,1961
4151,r4i1p1f1,1961,05,14,0.0,23.639956,3.8345506,1961
4152,r4i1p1f1,1961,05,15,0.0,24.48154,6.2436132,1961
4153,r4i1p1f1,1961,05,16,0.0,25.966473,8.940309,1961
4154,r4i1p1f1,1961,05,17,0.0,27.687548,9.200232,1961
4155,r4i1p1f1,1961,05,18,0.0,29.242615,11.03538,1961
4156,r4i1p1f1,1961,05,19,0.0,29.598305,10.746454,1961
4157,r4i1p1f1,1961,05,20,0.0,30.9458,12.267631,1961
4158,r4i1p1f1,1961,05,21,0.0,31.989475,13.065454,1961
4159,r4i1p1f1,1961,05,22,0.0,33.45799,13.935878,1961
4160,r4i1p1f1,1961,05,23,0.0,33.044357,13.557871,1961
4161,r4i1p1f1,1961,05,24,0.0,32.092552,13.028206,1961
4162,r4i1p1f1,1961,05,25,0.0,31.804365,11.789671,1961
4163,r4i1p1f1,1961,05,26,0.0,31.628353,12.259531,1961
4164,r4i1p1f1,1961,05,27,0.0,30.19217,10.441665,1961
4165,r4i1p1f1,1961,05,28,0.0,28.003479,8.295039,1961
4166,r4i1p1f1,1961,05,29,0.0,27.487274,7.7549624,1961
4167,r4i1p1f1,1961,05,30,0.0,29.440578,11.522467,1961
4168,r4i1p1f1,1961,05,31,0.0,29.72892,12.64221,1961
4169,r4i1p1f1,1961,06,01,0.0,29.14563,9.847121,1961
4170,r4i1p1f1,1961,06,02,0.0,24.802645,7.6976385,1961
4171,r4i1p1f1,1961,06,03,5.172717218238176,17.260439,3.5798984,1961
4172,r4i1p1f1,1961,06,04,2.9634535684522234,12.480155,4.0123653,1961
4173,r4i1p1f1,1961,06,05,0.0,21.938463,6.3108177,1961
4174,r4i1p1f1,1961,06,06,0.0,22.558474,7.187751,1961
4175,r4i1p1f1,1961,06,07,0.0,23.083782,8.05959,1961
4176,r4i1p1f1,1961,06,08,1.2696747849166634,21.706684,8.321406,1961
4177,r4i1p1f1,1961,06,09,5.717876007747691,18.281359,4.826492,1961
4178,r4i1p1f1,1961,06,10,0.031204641840076874,25.186493,9.94332,1961
4179,r4i1p1f1,1961,06,11,0.9771979513061524,25.500666,8.841306,1961
4180,r4i1p1f1,1961,06,12,1.125247814294994,21.73711,6.8089237,1961
4181,r4i1p1f1,1961,06,13,0.11566143168977305,18.956179,4.974289,1961
4182,r4i1p1f1,1961,06,14,0.0,19.908485,4.844121,1961
4183,r4i1p1f1,1961,06,15,0.0,20.763294,6.9905877,1961
4184,r4i1p1f1,1961,06,16,0.0,21.319527,7.347253,1961
4185,r4i1p1f1,1961,06,17,0.0,21.343737,6.832884,1961
4186,r4i1p1f1,1961,06,18,0.7430774684507924,17.92989,4.420382,1961
4187,r4i1p1f1,1961,06,19,0.0,24.916298,8.516671,1961
4188,r4i1p1f1,1961,06,20,0.0,29.366652,10.511583,1961
4189,r4i1p1f1,1961,06,21,0.0,29.517368,10.9126625,1961
4190,r4i1p1f1,1961,06,22,0.0,29.252176,10.925419,1961
4191,r4i1p1f1,1961,06,23,0.0,24.67725,7.541437,1961
4192,r4i1p1f1,1961,06,24,0.0,27.920467,8.591619,1961
4193,r4i1p1f1,1961,06,25,0.0,31.839638,11.254381,1961
4194,r4i1p1f1,1961,06,26,0.0,32.06499,13.559417,1961
4195,r4i1p1f1,1961,06,27,0.0,31.00654,13.421385,1961
4196,r4i1p1f1,1961,06,28,0.0,30.252014,11.783596,1961
4197,r4i1p1f1,1961,06,29,0.0,29.093441,10.84126,1961
4198,r4i1p1f1,1961,06,30,0.0,29.239698,10.981919,1961
4199,r4i1p1f1,1961,07,01,0.0,32.375774,12.2927475,1961
4200,r4i1p1f1,1961,07,02,0.0,34.840805,13.868588,1961
4201,r4i1p1f1,1961,07,03,0.0,35.228573,14.289522,1961
4202,r4i1p1f1,1961,07,04,0.0,33.095673,12.684238,1961
4203,r4i1p1f1,1961,07,05,0.0,33.639797,13.343145,1961
4204,r4i1p1f1,1961,07,06,0.0,33.66675,12.81079,1961
4205,r4i1p1f1,1961,07,07,0.0,33.907436,13.732052,1961
4206,r4i1p1f1,1961,07,08,0.0,35.43237,15.033397,1961
4207,r4i1p1f1,1961,07,09,0.0,36.22758,15.959998,1961
4208,r4i1p1f1,1961,07,10,0.0,35.90912,16.296719,1961
4209,r4i1p1f1,1961,07,11,0.0,34.38311,14.449973,1961
4210,r4i1p1f1,1961,07,12,0.0,30.37106,12.492748,1961
4211,r4i1p1f1,1961,07,13,0.0,31.866282,11.928008,1961
4212,r4i1p1f1,1961,07,14,0.0,30.365963,11.189771,1961
4213,r4i1p1f1,1961,07,15,0.0,33.551777,13.227494,1961
4214,r4i1p1f1,1961,07,16,0.0,33.831635,14.068351,1961
4215,r4i1p1f1,1961,07,17,0.0,33.753864,14.756636,1961
4216,r4i1p1f1,1961,07,18,0.0,33.6248,14.301276,1961
4217,r4i1p1f1,1961,07,19,0.0,31.387337,12.481969,1961
4218,r4i1p1f1,1961,07,20,0.33782979518264256,27.92199,8.63892,1961
4219,r4i1p1f1,1961,07,21,0.21302714017110702,27.366255,9.931378,1961
4220,r4i1p1f1,1961,07,22,0.0,30.767822,12.219371,1961
4221,r4i1p1f1,1961,07,23,0.0,30.521738,12.113238,1961
4222,r4i1p1f1,1961,07,24,0.08725707011763006,30.568207,11.632355,1961
4223,r4i1p1f1,1961,07,25,0.0,30.003445,11.245427,1961
4224,r4i1p1f1,1961,07,26,0.0,30.040754,11.507041,1961
4225,r4i1p1f1,1961,07,27,0.0,31.121504,12.42313,1961
4226,r4i1p1f1,1961,07,28,0.0,32.109955,14.146309,1961
4227,r4i1p1f1,1961,07,29,0.003711191720867646,32.37219,15.687283,1961
4228,r4i1p1f1,1961,07,30,0.0,33.726345,15.224712,1961
4229,r4i1p1f1,1961,07,31,0.08981111118373519,35.826546,17.250584,1961
4230,r4i1p1f1,1961,08,01,2.3390875599488936,34.33621,17.327034,1961
4231,r4i1p1f1,1961,08,02,0.055819968832793165,36.298054,18.458696,1961
4232,r4i1p1f1,1961,08,03,0.0,33.84574,15.909827,1961
4233,r4i1p1f1,1961,08,04,0.0,33.596504,16.500853,1961
4234,r4i1p1f1,1961,08,05,0.0,33.35045,15.151199,1961
4235,r4i1p1f1,1961,08,06,0.0,33.347855,15.483117,1961
4236,r4i1p1f1,1961,08,07,0.0,32.76355,14.791251,1961
4237,r4i1p1f1,1961,08,08,0.0,33.616924,15.086731,1961
4238,r4i1p1f1,1961,08,09,0.0,34.792824,15.930669,1961
4239,r4i1p1f1,1961,08,10,0.0,34.882915,15.403554,1961
4240,r4i1p1f1,1961,08,11,0.0,32.98757,14.329078,1961
4241,r4i1p1f1,1961,08,12,0.0,29.236647,11.554662,1961
4242,r4i1p1f1,1961,08,13,0.0,29.86616,11.466943,1961
4243,r4i1p1f1,1961,08,14,0.0,29.710907,12.598014,1961
4244,r4i1p1f1,1961,08,15,0.0,29.14312,12.064259,1961
4245,r4i1p1f1,1961,08,16,0.0,26.29149,8.571298,1961
4246,r4i1p1f1,1961,08,17,0.0,23.003359,6.0920963,1961
4247,r4i1p1f1,1961,08,18,0.0,22.538002,5.146426,1961
4248,r4i1p1f1,1961,08,19,0.0,29.814457,10.057376,1961
4249,r4i1p1f1,1961,08,20,0.0,33.31517,13.903165,1961
4250,r4i1p1f1,1961,08,21,0.0,34.421696,15.802601,1961
4251,r4i1p1f1,1961,08,22,0.0,34.48568,15.433804,1961
4252,r4i1p1f1,1961,08,23,0.0,33.63163,15.00796,1961
4253,r4i1p1f1,1961,08,24,0.0,35.23881,15.592235,1961
4254,r4i1p1f1,1961,08,25,0.0,33.994034,14.090311,1961
4255,r4i1p1f1,1961,08,26,0.0,32.636955,12.536429,1961
4256,r4i1p1f1,1961,08,27,0.0,27.212923,8.160086,1961
4257,r4i1p1f1,1961,08,28,0.0,26.623707,7.3823566,1961
4258,r4i1p1f1,1961,08,29,0.0,26.678165,8.498333,1961
4259,r4i1p1f1,1961,08,30,0.0,25.651289,7.777748,1961
4260,r4i1p1f1,1961,08,31,0.0,25.422314,5.804278,1961
4261,r4i1p1f1,1961,09,01,0.0,26.89019,7.4049354,1961
4262,r4i1p1f1,1961,09,02,0.0,28.41025,9.826113,1961
4263,r4i1p1f1,1961,09,03,0.0,33.26264,12.866836,1961
4264,r4i1p1f1,1961,09,04,0.0,32.03335,13.406676,1961
4265,r4i1p1f1,1961,09,05,0.0,31.543837,12.897766,1961
4266,r4i1p1f1,1961,09,06,0.0,26.114193,9.407383,1961
4267,r4i1p1f1,1961,09,07,0.0,20.05143,5.3107595,1961
4268,r4i1p1f1,1961,09,08,0.0,27.773226,9.061756,1961
4269,r4i1p1f1,1961,09,09,0.0,30.27224,11.461099,1961
4270,r4i1p1f1,1961,09,10,0.0,30.099413,13.032398,1961
4271,r4i1p1f1,1961,09,11,0.0,31.376926,10.844543,1961
4272,r4i1p1f1,1961,09,12,0.0,29.810272,10.71391,1961
4273,r4i1p1f1,1961,09,13,0.0,26.404522,7.9559884,1961
4274,r4i1p1f1,1961,09,14,0.0,22.994392,5.761153,1961
4275,r4i1p1f1,1961,09,15,0.0,21.322577,4.260916,1961
4276,r4i1p1f1,1961,09,16,0.0,23.449995,4.3910666,1961
4277,r4i1p1f1,1961,09,17,0.0,23.803373,4.481439,1961
4278,r4i1p1f1,1961,09,18,0.0,24.40307,6.1311383,1961
4279,r4i1p1f1,1961,09,19,0.0,26.233505,9.032935,1961
4280,r4i1p1f1,1961,09,20,0.0,27.22835,9.281852,1961
4281,r4i1p1f1,1961,09,21,0.0,29.660744,10.849936,1961
4282,r4i1p1f1,1961,09,22,0.0,30.740501,11.877552,1961
4283,r4i1p1f1,1961,09,23,0.0,29.985435,12.784029,1961
4284,r4i1p1f1,1961,09,24,0.0,28.513847,11.670516,1961
4285,r4i1p1f1,1961,09,25,0.0,31.190308,12.632695,1961
4286,r4i1p1f1,1961,09,26,0.0,31.75532,12.5793085,1961
4287,r4i1p1f1,1961,09,27,0.0,33.567947,14.012922,1961
4288,r4i1p1f1,1961,09,28,0.0,34.436184,14.824568,1961
4289,r4i1p1f1,1961,09,29,0.0,31.809988,13.670789,1961
4290,r4i1p1f1,1961,09,30,0.0,31.78955,13.131748,1961
4291,r4i1p1f1,1961,10,01,0.0,29.156685,11.306076,1961
4292,r4i1p1f1,1961,10,02,0.0,28.532288,10.170838,1961
4293,r4i1p1f1,1961,10,03,0.0,26.879814,9.375177,1961
4294,r4i1p1f1,1961,10,04,0.0,29.176828,10.632961,1961
4295,r4i1p1f1,1961,10,05,0.0,31.193329,11.142899,1961
4296,r4i1p1f1,1961,10,06,0.0,30.272923,11.608677,1961
4297,r4i1p1f1,1961,10,07,0.0,32.573307,13.956846,1961
4298,r4i1p1f1,1961,10,08,0.0,33.248577,14.733021,1961
4299,r4i1p1f1,1961,10,09,0.0,32.362263,13.028256,1961
4300,r4i1p1f1,1961,10,10,0.0,31.481798,12.61671,1961
4301,r4i1p1f1,1961,10,11,0.0,29.356056,13.640213,1961
4302,r4i1p1f1,1961,10,12,0.0,27.028175,9.094877,1961
4303,r4i1p1f1,1961,10,13,0.0,26.270548,9.585462,1961
4304,r4i1p1f1,1961,10,14,0.0,25.437363,7.702712,1961
4305,r4i1p1f1,1961,10,15,0.0,24.498894,6.30547,1961
4306,r4i1p1f1,1961,10,16,0.0,23.19532,3.2363918,1961
4307,r4i1p1f1,1961,10,17,0.0,21.83592,4.26451,1961
4308,r4i1p1f1,1961,10,18,0.0,19.166351,3.494444,1961
4309,r4i1p1f1,1961,10,19,0.0,17.780758,2.8062782,1961
4310,r4i1p1f1,1961,10,20,0.0,20.168713,4.9797215,1961
4311,r4i1p1f1,1961,10,21,0.0,19.04058,6.4618874,1961
4312,r4i1p1f1,1961,10,22,0.06641629106525215,18.381613,5.899776,1961
4313,r4i1p1f1,1961,10,23,0.0,18.245213,4.1002827,1961
4314,r4i1p1f1,1961,10,24,0.0,20.139181,6.9747415,1961
4315,r4i1p1f1,1961,10,25,0.0,18.851027,6.693191,1961
4316,r4i1p1f1,1961,10,26,5.09355804263123,17.433699,5.738968,1961
4317,r4i1p1f1,1961,10,27,0.0,21.388407,5.562296,1961
4318,r4i1p1f1,1961,10,28,0.0,22.002354,6.95883,1961
4319,r4i1p1f1,1961,10,29,0.0,21.634148,7.8527656,1961
4320,r4i1p1f1,1961,10,30,2.484764299356357,19.740982,7.821947,1961
4321,r4i1p1f1,1961,10,31,6.347291665741039,15.631856,5.3098583,1961
4322,r4i1p1f1,1961,11,01,0.0,16.031054,3.2890286,1961
4323,r4i1p1f1,1961,11,02,0.0,17.787483,2.8739176,1961
4324,r4i1p1f1,1961,11,03,0.0,19.375492,5.723017,1961
4325,r4i1p1f1,1961,11,04,0.0,18.63356,4.8487444,1961
4326,r4i1p1f1,1961,11,05,0.0,19.807966,5.5983906,1961
4327,r4i1p1f1,1961,11,06,0.0,20.028164,3.6544638,1961
4328,r4i1p1f1,1961,11,07,0.0,19.962742,3.242676,1961
4329,r4i1p1f1,1961,11,08,0.007062507029331755,17.799479,5.4010134,1961
4330,r4i1p1f1,1961,11,09,0.0,14.136708,0.6931414,1961
4331,r4i1p1f1,1961,11,10,0.0,14.164122,-1.5008678,1961
4332,r4i1p1f1,1961,11,11,0.21486732645712436,12.507638,1.2149749,1961
4333,r4i1p1f1,1961,11,12,0.01813565090742486,8.533404,-3.2133708,1961
4334,r4i1p1f1,1961,11,13,0.4317209685776646,10.055841,-1.0835338,1961
4335,r4i1p1f1,1961,11,14,0.0,7.282233,-4.582448,1961
4336,r4i1p1f1,1961,11,15,13.044056693479433,5.823348,-5.46463,1961
4337,r4i1p1f1,1961,11,16,6.668473879500425,8.028775,-2.620701,1961
4338,r4i1p1f1,1961,11,17,6.050884252488231,7.618915,2.5854025,1961
4339,r4i1p1f1,1961,11,18,54.93657711194828,9.921415,-0.2796921,1961
4340,r4i1p1f1,1961,11,19,0.3489008889204115,6.538104,0.69619316,1961
4341,r4i1p1f1,1961,11,20,6.064314540128635,6.859175,1.4080948,1961
4342,r4i1p1f1,1961,11,21,19.881207581238414,12.878685,2.3664758,1961
4343,r4i1p1f1,1961,11,22,0.5248539421700116,9.011034,-1.9649266,1961
4344,r4i1p1f1,1961,11,23,0.0,9.997335,0.26263946,1961
4345,r4i1p1f1,1961,11,24,10.33110463331468,8.615844,2.2548513,1961
4346,r4i1p1f1,1961,11,25,17.702200593157613,10.501014,3.6818228,1961
4347,r4i1p1f1,1961,11,26,14.109828118648693,10.432948,1.1419358,1961
4348,r4i1p1f1,1961,11,27,1.1115229691881723,11.525148,0.87445045,1961
4349,r4i1p1f1,1961,11,28,3.50611886674983,14.174628,3.5126297,1961
4350,r4i1p1f1,1961,11,29,2.900495970806105,13.693061,7.0220013,1961
4351,r4i1p1f1,1961,11,30,0.5514105005772763,11.924232,5.284218,1961
4352,r4i1p1f1,1961,12,01,0.0,11.71619,0.8162543,1961
4353,r4i1p1f1,1961,12,02,0.0,12.479556,0.2099531,1961
4354,r4i1p1f1,1961,12,03,0.0,12.41506,1.5847293,1961
4355,r4i1p1f1,1961,12,04,0.0,12.526823,1.0578645,1961
4356,r4i1p1f1,1961,12,05,0.0,12.727513,1.0348265,1961
4357,r4i1p1f1,1961,12,06,0.0,13.042698,1.5091243,1961
4358,r4i1p1f1,1961,12,07,0.0157506437972188,13.680219,3.4449406,1961
4359,r4i1p1f1,1961,12,08,0.0,12.664852,3.6177068,1961
4360,r4i1p1f1,1961,12,09,0.0,13.571601,5.124048,1961
4361,r4i1p1f1,1961,12,10,0.0,14.086284,3.9974594,1961
4362,r4i1p1f1,1961,12,11,0.0,14.8525915,2.6044464,1961
4363,r4i1p1f1,1961,12,12,0.0,13.981506,2.7750196,1961
4364,r4i1p1f1,1961,12,13,0.0,15.448498,2.9824781,1961
4365,r4i1p1f1,1961,12,14,0.0,15.938832,2.8421109,1961
4366,r4i1p1f1,1961,12,15,0.0,14.301106,2.4558408,1961
4367,r4i1p1f1,1961,12,16,0.0,14.824846,3.3025284,1961
4368,r4i1p1f1,1961,12,17,0.0,15.032569,2.847552,1961
4369,r4i1p1f1,1961,12,18,0.0,16.678324,2.9901555,1961
4370,r4i1p1f1,1961,12,19,0.0,17.242361,3.504043,1961
4371,r4i1p1f1,1961,12,20,0.0,15.425071,2.541103,1961
4372,r4i1p1f1,1961,12,21,0.0,13.896373,2.0429704,1961
4373,r4i1p1f1,1961,12,22,0.0,13.494724,2.4066675,1961
4374,r4i1p1f1,1961,12,23,0.0,13.752319,1.641448,1961
4375,r4i1p1f1,1961,12,24,0.0,14.271785,2.6025615,1961
4376,r4i1p1f1,1961,12,25,0.8510049749816062,13.473579,4.270727,1961
4377,r4i1p1f1,1961,12,26,0.8664766510605659,11.4358835,4.5550632,1961
4378,r4i1p1f1,1961,12,27,0.15960358047664158,11.4433975,4.37255,1961
4379,r4i1p1f1,1961,12,28,18.74031798370197,11.5886,3.1707098,1961
4380,r4i1p1f1,1961,12,29,0.7432217838072575,7.1797857,3.2695456,1961
4381,r4i1p1f1,1961,12,30,0.0,10.382028,4.4528403,1961
4382,r4i1p1f1,1961,12,31,0.0,14.595936,5.469461,1961
4383,r4i1p1f1,1962,01,01,0.0,13.459052,1.2039922,1962
4384,r4i1p1f1,1962,01,02,0.0,8.616184,-3.7967763,1962
4385,r4i1p1f1,1962,01,03,0.0,5.700102,-6.2388744,1962
4386,r4i1p1f1,1962,01,04,0.0,4.952114,-6.748253,1962
4387,r4i1p1f1,1962,01,05,0.0,13.226947,1.4714824,1962
4388,r4i1p1f1,1962,01,06,3.790330970764444,8.545295,2.1957164,1962
4389,r4i1p1f1,1962,01,07,0.10645134243532084,6.545386,-3.445429,1962
4390,r4i1p1f1,1962,01,08,0.8160294857589179,3.7891948,-9.192179,1962
4391,r4i1p1f1,1962,01,09,0.0,2.6681547,-10.253283,1962
4392,r4i1p1f1,1962,01,10,0.0,9.240122,-4.406771,1962
4393,r4i1p1f1,1962,01,11,0.0,11.011937,-1.4266976,1962
4394,r4i1p1f1,1962,01,12,0.0,12.82819,0.98828673,1962
4395,r4i1p1f1,1962,01,13,0.0,12.596115,1.8076167,1962
4396,r4i1p1f1,1962,01,14,0.0,14.733976,2.4491944,1962
4397,r4i1p1f1,1962,01,15,0.0,14.988207,1.0274338,1962
4398,r4i1p1f1,1962,01,16,0.0,14.71512,1.9272025,1962
4399,r4i1p1f1,1962,01,17,0.0,14.034368,2.4631567,1962
4400,r4i1p1f1,1962,01,18,0.0,14.281806,2.0607302,1962
4401,r4i1p1f1,1962,01,19,0.0,16.747461,1.9745734,1962
4402,r4i1p1f1,1962,01,20,0.0,18.23806,4.7665467,1962
4403,r4i1p1f1,1962,01,21,0.0,17.603153,3.0179574,1962
4404,r4i1p1f1,1962,01,22,0.0,17.949875,3.709387,1962
4405,r4i1p1f1,1962,01,23,0.6827964107287698,13.502605,1.6576265,1962
4406,r4i1p1f1,1962,01,24,14.924637660624285,3.5851626,-0.6977442,1962
4407,r4i1p1f1,1962,01,25,4.206463898697166,6.903208,-0.35720995,1962
4408,r4i1p1f1,1962,01,26,0.0,6.9675493,-1.4144734,1962
4409,r4i1p1f1,1962,01,27,0.0,6.789868,-4.0387216,1962
4410,r4i1p1f1,1962,01,28,0.0,8.014581,-4.010891,1962
4411,r4i1p1f1,1962,01,29,0.0,8.823816,-3.0349693,1962
4412,r4i1p1f1,1962,01,30,0.0,10.027062,-0.87310135,1962
4413,r4i1p1f1,1962,01,31,1.9120356485473167,6.7660275,0.0038969251,1962
4414,r4i1p1f1,1962,02,01,10.722373872010849,7.5754795,2.0275874,1962
4415,r4i1p1f1,1962,02,02,2.860293446974538,10.359325,4.2709723,1962
4416,r4i1p1f1,1962,02,03,8.105161771686653,9.022117,3.4896586,1962
4417,r4i1p1f1,1962,02,04,0.3697011749068224,9.9928,4.309068,1962
4418,r4i1p1f1,1962,02,05,5.898371021430648,10.118997,5.309641,1962
4419,r4i1p1f1,1962,02,06,0.15322980637719752,12.502845,2.9537954,1962
4420,r4i1p1f1,1962,02,07,0.7278573718650705,12.875399,0.6513591,1962
4421,r4i1p1f1,1962,02,08,0.0,14.838749,0.19066752,1962
4422,r4i1p1f1,1962,02,09,0.0,16.119646,1.8498328,1962
4423,r4i1p1f1,1962,02,10,0.0,17.694283,3.3653386,1962
4424,r4i1p1f1,1962,02,11,0.0,16.782251,3.6610396,1962
4425,r4i1p1f1,1962,02,12,0.0,16.802591,3.3075113,1962
4426,r4i1p1f1,1962,02,13,0.0,15.617985,2.5671914,1962
4427,r4i1p1f1,1962,02,14,0.0,15.850847,3.221963,1962
4428,r4i1p1f1,1962,02,15,0.0,16.09014,2.658491,1962
4429,r4i1p1f1,1962,02,16,0.0,18.100655,3.5115209,1962
4430,r4i1p1f1,1962,02,17,0.0,16.621834,3.3573625,1962
4431,r4i1p1f1,1962,02,18,0.0,16.389097,2.6089528,1962
4432,r4i1p1f1,1962,02,19,0.0,15.992534,3.116942,1962
4433,r4i1p1f1,1962,02,20,16.983897032696404,7.907314,1.1215646,1962
4434,r4i1p1f1,1962,02,21,0.0,11.2548485,-1.6104382,1962
4435,r4i1p1f1,1962,02,22,0.0,11.713956,-0.80243903,1962
4436,r4i1p1f1,1962,02,23,16.548172051625443,8.620652,-3.008069,1962
4437,r4i1p1f1,1962,02,24,49.02140487392899,10.088791,0.51783025,1962
4438,r4i1p1f1,1962,02,25,7.360978949748187,10.126556,1.5799987,1962
4439,r4i1p1f1,1962,02,26,12.034610864793649,10.432011,1.5408857,1962
4440,r4i1p1f1,1962,02,27,13.320573529199464,11.379489,-0.045644864,1962
4441,r4i1p1f1,1962,02,28,2.204434205106054,5.8458505,-3.5077946,1962
4442,r4i1p1f1,1962,03,01,18.285635303800518,4.298605,-3.8706808,1962
4443,r4i1p1f1,1962,03,02,2.398555461400065,5.5201154,-6.9582005,1962
4444,r4i1p1f1,1962,03,03,4.479489645126478,5.3532844,0.4855927,1962
4445,r4i1p1f1,1962,03,04,0.5618704053745205,10.199962,3.2144628,1962
4446,r4i1p1f1,1962,03,05,0.624700583703941,11.405773,5.796806,1962
4447,r4i1p1f1,1962,03,06,15.292950659386406,8.003741,-1.9393637,1962
4448,r4i1p1f1,1962,03,07,0.0,9.958744,-3.109219,1962
4449,r4i1p1f1,1962,03,08,0.0,12.716358,-0.10808139,1962
4450,r4i1p1f1,1962,03,09,24.269437268958427,9.3669405,3.3076878,1962
4451,r4i1p1f1,1962,03,10,28.322167669830378,7.4957633,-0.9298676,1962
4452,r4i1p1f1,1962,03,11,0.0,12.38766,0.6031196,1962
4453,r4i1p1f1,1962,03,12,0.066223456951775,12.298985,3.359229,1962
4454,r4i1p1f1,1962,03,13,0.0,17.740726,2.4006402,1962
4455,r4i1p1f1,1962,03,14,0.0,18.35179,4.1818304,1962
4456,r4i1p1f1,1962,03,15,0.0,20.215597,2.9803991,1962
4457,r4i1p1f1,1962,03,16,0.0,20.732807,4.360166,1962
4458,r4i1p1f1,1962,03,17,0.0,21.85492,5.6554785,1962
4459,r4i1p1f1,1962,03,18,0.0,22.534018,5.805884,1962
4460,r4i1p1f1,1962,03,19,0.0,22.823286,6.110234,1962
4461,r4i1p1f1,1962,03,20,0.0,21.982458,5.9082465,1962
4462,r4i1p1f1,1962,03,21,0.0,21.366735,3.9586,1962
4463,r4i1p1f1,1962,03,22,4.676833214034559e-05,20.071959,4.728388,1962
4464,r4i1p1f1,1962,03,23,0.0,22.979889,6.1804795,1962
4465,r4i1p1f1,1962,03,24,0.0,25.037632,6.8896027,1962
4466,r4i1p1f1,1962,03,25,0.0,21.308477,4.4400067,1962
4467,r4i1p1f1,1962,03,26,0.0,23.54567,6.7984614,1962
4468,r4i1p1f1,1962,03,27,0.0,25.179815,6.5898986,1962
4469,r4i1p1f1,1962,03,28,0.0,26.910227,7.0901423,1962
4470,r4i1p1f1,1962,03,29,0.0,26.84138,6.8328295,1962
4471,r4i1p1f1,1962,03,30,7.813516679021859,17.677437,0.2827888,1962
4472,r4i1p1f1,1962,03,31,0.3352425651428348,15.049184,0.26120293,1962
4473,r4i1p1f1,1962,04,01,0.0,18.189358,1.0626812,1962
4474,r4i1p1f1,1962,04,02,0.0,16.26339,1.4594225,1962
4475,r4i1p1f1,1962,04,03,18.919389950497134,12.160603,-3.2758493,1962
4476,r4i1p1f1,1962,04,04,0.0,9.769969,-2.310439,1962
4477,r4i1p1f1,1962,04,05,0.0,16.568943,0.18069056,1962
4478,r4i1p1f1,1962,04,06,0.0,17.89634,1.0858397,1962
4479,r4i1p1f1,1962,04,07,1.3926629027082527,13.890888,-0.38188002,1962
4480,r4i1p1f1,1962,04,08,10.601459558142778,9.506929,-4.08083,1962
4481,r4i1p1f1,1962,04,09,7.3362554714094586,6.617106,-0.51297987,1962
4482,r4i1p1f1,1962,04,10,0.0,13.633382,0.91218483,1962
4483,r4i1p1f1,1962,04,11,0.0,20.983337,1.3676512,1962
4484,r4i1p1f1,1962,04,12,0.0,24.035587,7.082821,1962
4485,r4i1p1f1,1962,04,13,0.0,24.960426,7.9744067,1962
4486,r4i1p1f1,1962,04,14,0.0,23.5164,7.2390966,1962
4487,r4i1p1f1,1962,04,15,0.0,22.342464,6.849229,1962
4488,r4i1p1f1,1962,04,16,0.0,16.998226,2.2494214,1962
4489,r4i1p1f1,1962,04,17,0.0,21.647776,4.4116244,1962
4490,r4i1p1f1,1962,04,18,0.0,24.601397,6.7631745,1962
4491,r4i1p1f1,1962,04,19,0.0,23.201347,6.621965,1962
4492,r4i1p1f1,1962,04,20,0.0,20.101254,4.6270094,1962
4493,r4i1p1f1,1962,04,21,0.003661792925413465,14.429003,2.678506,1962
4494,r4i1p1f1,1962,04,22,0.0,22.605797,3.373914,1962
4495,r4i1p1f1,1962,04,23,0.0,22.167486,4.509629,1962
4496,r4i1p1f1,1962,04,24,0.0,24.662315,6.0920067,1962
4497,r4i1p1f1,1962,04,25,0.0,25.432386,6.977022,1962
4498,r4i1p1f1,1962,04,26,0.0,25.412743,7.2143207,1962
4499,r4i1p1f1,1962,04,27,0.0,24.286156,7.014592,1962
4500,r4i1p1f1,1962,04,28,0.0,22.251793,8.476929,1962
4501,r4i1p1f1,1962,04,29,11.044454879447585,14.812624,4.48403,1962
4502,r4i1p1f1,1962,04,30,0.6230646968219844,13.847504,0.98110604,1962
4503,r4i1p1f1,1962,05,01,0.389563687718919,16.675474,3.9729338,1962
4504,r4i1p1f1,1962,05,02,0.0,18.647291,3.6349776,1962
4505,r4i1p1f1,1962,05,03,4.761309446712403,13.216357,1.6608229,1962
4506,r4i1p1f1,1962,05,04,0.01501908836125665,16.09091,2.0738308,1962
4507,r4i1p1f1,1962,05,05,0.0,19.538647,6.997181,1962
4508,r4i1p1f1,1962,05,06,0.0,19.066204,5.5480747,1962
4509,r4i1p1f1,1962,05,07,1.538890831682238,17.728004,3.858295,1962
4510,r4i1p1f1,1962,05,08,0.0,17.857567,1.2181178,1962
4511,r4i1p1f1,1962,05,09,0.0,22.88414,5.9235706,1962
4512,r4i1p1f1,1962,05,10,0.0,23.814573,7.4479675,1962
4513,r4i1p1f1,1962,05,11,0.0,23.453733,7.35021,1962
4514,r4i1p1f1,1962,05,12,0.0,21.228737,5.457115,1962
4515,r4i1p1f1,1962,05,13,0.0,23.748032,5.811617,1962
4516,r4i1p1f1,1962,05,14,0.0,24.112406,7.262045,1962
4517,r4i1p1f1,1962,05,15,0.0,22.519445,5.261275,1962
4518,r4i1p1f1,1962,05,16,0.0,19.392408,1.7959985,1962
4519,r4i1p1f1,1962,05,17,1.9747516082475158,14.529059,-0.062410884,1962
4520,r4i1p1f1,1962,05,18,0.0,21.61222,3.6315875,1962
4521,r4i1p1f1,1962,05,19,0.0,21.45533,5.007017,1962
4522,r4i1p1f1,1962,05,20,0.460860753327097,17.655178,3.8134303,1962
4523,r4i1p1f1,1962,05,21,0.36199801783141083,17.94803,4.031383,1962
4524,r4i1p1f1,1962,05,22,0.0,21.420095,5.5830173,1962
4525,r4i1p1f1,1962,05,23,0.0,21.564062,5.5539107,1962
4526,r4i1p1f1,1962,05,24,0.0,21.452942,8.453278,1962
4527,r4i1p1f1,1962,05,25,0.0,20.934624,5.3160095,1962
4528,r4i1p1f1,1962,05,26,0.0,24.46551,6.709983,1962
4529,r4i1p1f1,1962,05,27,0.0,28.38585,10.975155,1962
4530,r4i1p1f1,1962,05,28,0.0,33.461082,14.742412,1962
4531,r4i1p1f1,1962,05,29,0.0,34.37607,15.062489,1962
4532,r4i1p1f1,1962,05,30,0.0,34.812862,15.232424,1962
4533,r4i1p1f1,1962,05,31,0.0,33.693867,14.462904,1962
4534,r4i1p1f1,1962,06,01,0.0,36.41586,14.919866,1962
4535,r4i1p1f1,1962,06,02,0.0,35.316673,14.242194,1962
4536,r4i1p1f1,1962,06,03,0.0,36.276237,15.288788,1962
4537,r4i1p1f1,1962,06,04,0.0,36.136856,14.687069,1962
4538,r4i1p1f1,1962,06,05,0.0,34.731815,13.760179,1962
4539,r4i1p1f1,1962,06,06,0.0,33.740257,13.185517,1962
4540,r4i1p1f1,1962,06,07,0.0,36.887043,17.03573,1962
4541,r4i1p1f1,1962,06,08,0.0,38.183453,17.101774,1962
4542,r4i1p1f1,1962,06,09,0.0,37.16134,15.844827,1962
4543,r4i1p1f1,1962,06,10,0.0,31.026741,11.3323345,1962
4544,r4i1p1f1,1962,06,11,0.0,29.085886,10.4079895,1962
4545,r4i1p1f1,1962,06,12,0.0,30.353777,10.923946,1962
4546,r4i1p1f1,1962,06,13,0.006214231416379334,30.807295,11.137562,1962
4547,r4i1p1f1,1962,06,14,0.0,30.429922,12.308804,1962
4548,r4i1p1f1,1962,06,15,0.0,30.447754,11.207623,1962
4549,r4i1p1f1,1962,06,16,0.0,30.100555,10.860076,1962
4550,r4i1p1f1,1962,06,17,0.0,32.085857,12.42425,1962
4551,r4i1p1f1,1962,06,18,0.0,33.457607,13.514157,1962
4552,r4i1p1f1,1962,06,19,0.0,35.37936,14.87224,1962
4553,r4i1p1f1,1962,06,20,0.0,35.053608,15.260566,1962
4554,r4i1p1f1,1962,06,21,0.0,31.926609,13.005633,1962
4555,r4i1p1f1,1962,06,22,0.0,31.517935,12.504093,1962
4556,r4i1p1f1,1962,06,23,0.0,30.556326,12.157567,1962
4557,r4i1p1f1,1962,06,24,0.0,30.441563,12.213318,1962
4558,r4i1p1f1,1962,06,25,0.0,30.29833,11.344395,1962
4559,r4i1p1f1,1962,06,26,0.0,28.699585,9.27713,1962
4560,r4i1p1f1,1962,06,27,0.0,28.656847,9.27284,1962
4561,r4i1p1f1,1962,06,28,0.0,32.971672,13.487389,1962
4562,r4i1p1f1,1962,06,29,0.0,36.839676,16.510492,1962
4563,r4i1p1f1,1962,06,30,0.0,38.400948,16.861351,1962
4564,r4i1p1f1,1962,07,01,0.0,39.974754,18.177029,1962
4565,r4i1p1f1,1962,07,02,0.0,39.26408,18.128658,1962
4566,r4i1p1f1,1962,07,03,0.0,34.18447,13.829971,1962
4567,r4i1p1f1,1962,07,04,0.0,31.78506,12.04434,1962
4568,r4i1p1f1,1962,07,05,0.0,25.147165,6.1163425,1962
4569,r4i1p1f1,1962,07,06,0.0,26.76608,7.900601,1962
4570,r4i1p1f1,1962,07,07,0.0,26.939707,8.037473,1962
4571,r4i1p1f1,1962,07,08,0.006348860551952384,26.160458,7.849944,1962
4572,r4i1p1f1,1962,07,09,0.0,28.533926,9.860463,1962
4573,r4i1p1f1,1962,07,10,0.0,28.999577,10.119785,1962
4574,r4i1p1f1,1962,07,11,0.0,29.13895,9.308858,1962
4575,r4i1p1f1,1962,07,12,0.25714079777685583,29.214138,10.378351,1962
4576,r4i1p1f1,1962,07,13,0.0,30.836006,11.926385,1962
4577,r4i1p1f1,1962,07,14,0.0,30.207214,11.653425,1962
4578,r4i1p1f1,1962,07,15,0.0,30.31648,12.177289,1962
4579,r4i1p1f1,1962,07,16,0.0,29.123539,11.661331,1962
4580,r4i1p1f1,1962,07,17,0.0,29.434305,11.272999,1962
4581,r4i1p1f1,1962,07,18,0.0,30.816824,12.330837,1962
4582,r4i1p1f1,1962,07,19,0.0,31.828308,13.838486,1962
4583,r4i1p1f1,1962,07,20,0.0,31.722965,15.127252,1962
4584,r4i1p1f1,1962,07,21,0.0,30.640001,14.223075,1962
4585,r4i1p1f1,1962,07,22,0.0,30.363136,12.092675,1962
4586,r4i1p1f1,1962,07,23,0.0,32.191154,12.993398,1962
4587,r4i1p1f1,1962,07,24,0.0,32.343338,14.404796,1962
4588,r4i1p1f1,1962,07,25,0.1214128503079337,32.401855,14.359944,1962
4589,r4i1p1f1,1962,07,26,0.0,30.779615,12.108013,1962
4590,r4i1p1f1,1962,07,27,0.0,30.52593,12.235521,1962
4591,r4i1p1f1,1962,07,28,0.0,33.38735,13.646282,1962
4592,r4i1p1f1,1962,07,29,0.0,34.92453,15.445086,1962
4593,r4i1p1f1,1962,07,30,0.0,36.991886,17.31336,1962
4594,r4i1p1f1,1962,07,31,0.0,37.87029,18.371473,1962
4595,r4i1p1f1,1962,08,01,0.0,37.36719,18.002937,1962
4596,r4i1p1f1,1962,08,02,0.0,35.251057,16.917604,1962
4597,r4i1p1f1,1962,08,03,0.0,35.39576,18.507086,1962
4598,r4i1p1f1,1962,08,04,0.0,35.268013,17.4851,1962
4599,r4i1p1f1,1962,08,05,0.0,35.1429,17.621899,1962
4600,r4i1p1f1,1962,08,06,0.0,33.948624,15.400982,1962
4601,r4i1p1f1,1962,08,07,0.0,33.71039,15.412927,1962
4602,r4i1p1f1,1962,08,08,0.0,34.173496,15.107286,1962
4603,r4i1p1f1,1962,08,09,0.0,34.57399,15.631395,1962
4604,r4i1p1f1,1962,08,10,0.0,32.86918,14.927575,1962
4605,r4i1p1f1,1962,08,11,0.0,34.479702,15.227637,1962
4606,r4i1p1f1,1962,08,12,0.0,34.514973,15.637935,1962
4607,r4i1p1f1,1962,08,13,0.0,34.54909,16.402805,1962
4608,r4i1p1f1,1962,08,14,0.0,33.634113,14.530755,1962
4609,r4i1p1f1,1962,08,15,0.0,32.153355,12.856477,1962
4610,r4i1p1f1,1962,08,16,0.0,29.596954,10.387168,1962
4611,r4i1p1f1,1962,08,17,0.0,28.132975,9.148132,1962
4612,r4i1p1f1,1962,08,18,0.0,27.934778,11.012526,1962
4613,r4i1p1f1,1962,08,19,0.0,26.726187,8.148866,1962
4614,r4i1p1f1,1962,08,20,0.0,27.174194,8.443017,1962
4615,r4i1p1f1,1962,08,21,0.0,28.046606,7.7207913,1962
4616,r4i1p1f1,1962,08,22,0.0,29.222282,10.740103,1962
4617,r4i1p1f1,1962,08,23,0.0,31.642365,13.0538025,1962
4618,r4i1p1f1,1962,08,24,0.0,32.441742,14.252331,1962
4619,r4i1p1f1,1962,08,25,0.0,32.461506,13.705305,1962
4620,r4i1p1f1,1962,08,26,0.0,32.488045,12.09161,1962
4621,r4i1p1f1,1962,08,27,0.0,33.066765,13.664034,1962
4622,r4i1p1f1,1962,08,28,0.0,34.11573,14.206455,1962
4623,r4i1p1f1,1962,08,29,0.46654986792304953,33.790016,16.94052,1962
4624,r4i1p1f1,1962,08,30,14.621280397714644,31.978367,14.754208,1962
4625,r4i1p1f1,1962,08,31,2.4670170068162633,31.326538,14.752216,1962
4626,r4i1p1f1,1962,09,01,1.266571955454765,28.792528,14.02842,1962
4627,r4i1p1f1,1962,09,02,0.016420361544078332,29.85107,15.022973,1962
4628,r4i1p1f1,1962,09,03,0.009861529210297704,30.15561,15.409064,1962
4629,r4i1p1f1,1962,09,04,0.0,31.552578,14.953883,1962
4630,r4i1p1f1,1962,09,05,0.3494573325976802,32.175304,14.979211,1962
4631,r4i1p1f1,1962,09,06,0.0,32.394882,15.043477,1962
4632,r4i1p1f1,1962,09,07,0.0,29.68826,14.564762,1962
4633,r4i1p1f1,1962,09,08,0.0,30.004093,14.205397,1962
4634,r4i1p1f1,1962,09,09,0.0,30.765228,15.41944,1962
4635,r4i1p1f1,1962,09,10,0.0,32.685417,15.097353,1962
4636,r4i1p1f1,1962,09,11,0.0,35.25551,16.27946,1962
4637,r4i1p1f1,1962,09,12,0.0,34.959026,16.676876,1962
4638,r4i1p1f1,1962,09,13,0.0,33.872665,15.914954,1962
4639,r4i1p1f1,1962,09,14,0.0,31.181318,13.743862,1962
4640,r4i1p1f1,1962,09,15,0.0,30.313904,12.322499,1962
4641,r4i1p1f1,1962,09,16,0.0,28.992628,12.865372,1962
4642,r4i1p1f1,1962,09,17,0.0,32.927204,15.1249895,1962
4643,r4i1p1f1,1962,09,18,0.0,34.53128,19.718893,1962
4644,r4i1p1f1,1962,09,19,0.0,34.666824,17.738405,1962
4645,r4i1p1f1,1962,09,20,0.0,34.238174,16.760635,1962
4646,r4i1p1f1,1962,09,21,0.0,29.375563,10.697132,1962
4647,r4i1p1f1,1962,09,22,0.0,20.394026,5.4445405,1962
4648,r4i1p1f1,1962,09,23,0.0,20.724403,4.8675785,1962
4649,r4i1p1f1,1962,09,24,0.0,22.537504,7.929996,1962
4650,r4i1p1f1,1962,09,25,0.0,27.5951,12.056213,1962
4651,r4i1p1f1,1962,09,26,0.0,27.972742,11.574639,1962
4652,r4i1p1f1,1962,09,27,0.0,29.890137,12.833932,1962
4653,r4i1p1f1,1962,09,28,0.0,25.932436,12.24156,1962
4654,r4i1p1f1,1962,09,29,0.0,26.733019,8.703064,1962
4655,r4i1p1f1,1962,09,30,0.0,29.167995,10.384044,1962
4656,r4i1p1f1,1962,10,01,4.241585498380118,29.67175,16.352028,1962
4657,r4i1p1f1,1962,10,02,1.163677133405372,33.23151,17.384485,1962
4658,r4i1p1f1,1962,10,03,0.0,33.48414,16.689308,1962
4659,r4i1p1f1,1962,10,04,0.0,31.913004,15.784245,1962
4660,r4i1p1f1,1962,10,05,0.0,31.518894,16.06932,1962
4661,r4i1p1f1,1962,10,06,0.0,30.251455,13.745142,1962
4662,r4i1p1f1,1962,10,07,0.0,28.101446,10.437727,1962
4663,r4i1p1f1,1962,10,08,0.0,29.175533,10.356872,1962
4664,r4i1p1f1,1962,10,09,0.0,28.889378,14.800651,1962
4665,r4i1p1f1,1962,10,10,0.0,29.721815,14.839827,1962
4666,r4i1p1f1,1962,10,11,0.0,30.085014,11.391062,1962
4667,r4i1p1f1,1962,10,12,0.0,28.477644,9.966472,1962
4668,r4i1p1f1,1962,10,13,0.0,29.047249,11.597758,1962
4669,r4i1p1f1,1962,10,14,0.00847283235998475,28.169096,9.655411,1962
4670,r4i1p1f1,1962,10,15,32.63736206772592,25.239876,10.020266,1962
4671,r4i1p1f1,1962,10,16,32.70855287364611,16.0512,7.2731347,1962
4672,r4i1p1f1,1962,10,17,45.742842065374134,12.308216,0.33577538,1962
4673,r4i1p1f1,1962,10,18,0.2464376528294565,8.825703,-3.3681765,1962
4674,r4i1p1f1,1962,10,19,0.0,13.762745,-0.03310532,1962
4675,r4i1p1f1,1962,10,20,0.0,15.219533,1.6205381,1962
4676,r4i1p1f1,1962,10,21,0.0,16.990053,3.4611826,1962
4677,r4i1p1f1,1962,10,22,63.96508399921004,17.311607,5.0834446,1962
4678,r4i1p1f1,1962,10,23,22.14750276605173,13.469845,6.725768,1962
4679,r4i1p1f1,1962,10,24,2.0942825374277163,12.652226,5.4871464,1962
4680,r4i1p1f1,1962,10,25,4.0766190305362215,11.109858,4.8348403,1962
4681,r4i1p1f1,1962,10,26,0.0,13.76405,4.5934997,1962
4682,r4i1p1f1,1962,10,27,0.0,16.451113,4.160865,1962
4683,r4i1p1f1,1962,10,28,0.0,20.079775,5.8392253,1962
4684,r4i1p1f1,1962,10,29,0.0,19.605127,6.4092035,1962
4685,r4i1p1f1,1962,10,30,0.0002370066852108721,19.592485,6.6378975,1962
4686,r4i1p1f1,1962,10,31,0.0,17.16789,4.8783736,1962
4687,r4i1p1f1,1962,11,01,0.0,16.575468,4.5625567,1962
4688,r4i1p1f1,1962,11,02,1.7217676378095348,15.0781975,5.6604867,1962
4689,r4i1p1f1,1962,11,03,0.12348795380603406,13.999063,2.292923,1962
4690,r4i1p1f1,1962,11,04,0.0,14.059419,2.548868,1962
4691,r4i1p1f1,1962,11,05,2.6290700422805457,13.767426,2.75525,1962
4692,r4i1p1f1,1962,11,06,0.0,14.806484,1.461089,1962
4693,r4i1p1f1,1962,11,07,0.0,14.406545,0.66348547,1962
4694,r4i1p1f1,1962,11,08,0.0,14.1647215,1.062551,1962
4695,r4i1p1f1,1962,11,09,0.0,13.972962,0.60667765,1962
4696,r4i1p1f1,1962,11,10,0.0,13.442417,-0.41936,1962
4697,r4i1p1f1,1962,11,11,0.0,16.12067,0.6036346,1962
4698,r4i1p1f1,1962,11,12,0.0,16.266567,2.0085053,1962
4699,r4i1p1f1,1962,11,13,0.0,17.49593,2.9649918,1962
4700,r4i1p1f1,1962,11,14,0.0,18.634813,1.404181,1962
4701,r4i1p1f1,1962,11,15,0.0,17.855867,2.556876,1962
4702,r4i1p1f1,1962,11,16,0.0,19.037615,2.2546682,1962
4703,r4i1p1f1,1962,11,17,0.0,17.227722,3.5580962,1962
4704,r4i1p1f1,1962,11,18,0.0,16.866924,3.767129,1962
4705,r4i1p1f1,1962,11,19,0.0,18.123152,1.8209373,1962
4706,r4i1p1f1,1962,11,20,0.0,18.799576,3.1142316,1962
4707,r4i1p1f1,1962,11,21,0.0,18.591457,3.4531903,1962
4708,r4i1p1f1,1962,11,22,0.0,19.06265,2.8041794,1962
4709,r4i1p1f1,1962,11,23,0.0,19.946083,2.5427933,1962
4710,r4i1p1f1,1962,11,24,0.0,20.899788,3.7984772,1962
4711,r4i1p1f1,1962,11,25,0.0,23.17315,6.0042677,1962
4712,r4i1p1f1,1962,11,26,0.0,24.036793,6.086915,1962
4713,r4i1p1f1,1962,11,27,0.0,24.62852,6.7697787,1962
4714,r4i1p1f1,1962,11,28,0.0,23.68082,5.534802,1962
4715,r4i1p1f1,1962,11,29,0.0,21.413233,3.777619,1962
4716,r4i1p1f1,1962,11,30,0.0,21.679478,3.6266377,1962
4717,r4i1p1f1,1962,12,01,0.0,19.536293,7.1580334,1962
4718,r4i1p1f1,1962,12,02,0.0,15.6168785,2.1327057,1962
4719,r4i1p1f1,1962,12,03,0.0,7.854466,-5.187381,1962
4720,r4i1p1f1,1962,12,04,0.0,8.576314,-4.4546566,1962
4721,r4i1p1f1,1962,12,05,0.0,8.567496,-3.4262881,1962
4722,r4i1p1f1,1962,12,06,0.0,11.677639,-2.3100977,1962
4723,r4i1p1f1,1962,12,07,0.0,12.1922035,-2.1798556,1962
4724,r4i1p1f1,1962,12,08,0.0,11.7587805,-1.0577569,1962
4725,r4i1p1f1,1962,12,09,0.0,11.192154,-0.9033477,1962
4726,r4i1p1f1,1962,12,10,0.0,11.174853,0.209095,1962
4727,r4i1p1f1,1962,12,11,0.35842255466320694,7.698054,1.0346996,1962
4728,r4i1p1f1,1962,12,12,0.0,9.2201805,-0.15106827,1962
4729,r4i1p1f1,1962,12,13,0.0,11.348804,-0.5847429,1962
4730,r4i1p1f1,1962,12,14,0.0,10.706149,-0.47102383,1962
4731,r4i1p1f1,1962,12,15,0.0,11.415449,0.603126,1962
4732,r4i1p1f1,1962,12,16,0.0,12.576653,-0.02642425,1962
4733,r4i1p1f1,1962,12,17,0.0,14.205846,1.2832857,1962
4734,r4i1p1f1,1962,12,18,0.0,15.035226,2.2539167,1962
4735,r4i1p1f1,1962,12,19,0.0,15.770782,2.1334682,1962
4736,r4i1p1f1,1962,12,20,0.0,16.484247,2.8847296,1962
4737,r4i1p1f1,1962,12,21,0.0,16.544714,4.061121,1962
4738,r4i1p1f1,1962,12,22,0.0,15.749462,3.145295,1962
4739,r4i1p1f1,1962,12,23,5.435681584748409,14.638813,2.9698176,1962
4740,r4i1p1f1,1962,12,24,5.669362899516273,7.8569894,2.7014725,1962
4741,r4i1p1f1,1962,12,25,0.07702567777414515,7.0841393,-0.7357377,1962
4742,r4i1p1f1,1962,12,26,0.0,7.72927,-2.561337,1962
4743,r4i1p1f1,1962,12,27,0.0,7.6229553,-1.9277829,1962
4744,r4i1p1f1,1962,12,28,0.0,6.361093,-2.4080236,1962
4745,r4i1p1f1,1962,12,29,0.0,8.527642,-2.6126719,1962
4746,r4i1p1f1,1962,12,30,0.0,8.57038,-2.328405,1962
4747,r4i1p1f1,1962,12,31,6.486565020546209,6.787399,1.083322,1962
4748,r4i1p1f1,1963,01,01,0.0,7.5791235,-1.5527711,1963
4749,r4i1p1f1,1963,01,02,0.0,8.646132,-0.4045222,1963
4750,r4i1p1f1,1963,01,03,0.0,8.545619,-3.5866776,1963
4751,r4i1p1f1,1963,01,04,0.0,12.772177,-0.5471254,1963
4752,r4i1p1f1,1963,01,05,0.0,14.840729,1.0738877,1963
4753,r4i1p1f1,1963,01,06,0.0,12.547217,0.6481045,1963
4754,r4i1p1f1,1963,01,07,36.28610685991589,6.9427166,0.7536325,1963
4755,r4i1p1f1,1963,01,08,12.698432391999859,7.155048,0.68807447,1963
4756,r4i1p1f1,1963,01,09,9.323659038591359,5.6129646,1.7369758,1963
4757,r4i1p1f1,1963,01,10,0.0,7.1586437,4.4286227,1963
4758,r4i1p1f1,1963,01,11,8.322932263672556,7.1460214,1.6430821,1963
4759,r4i1p1f1,1963,01,12,0.33210564647561114,7.813032,3.6351042,1963
4760,r4i1p1f1,1963,01,13,0.0,8.643682,1.2965884,1963
4761,r4i1p1f1,1963,01,14,21.388364984159125,9.164484,-0.095063634,1963
4762,r4i1p1f1,1963,01,15,8.301053075990694,7.035339,2.1307626,1963
4763,r4i1p1f1,1963,01,16,27.711850501327717,10.08765,2.349496,1963
4764,r4i1p1f1,1963,01,17,25.055768407946744,10.055348,1.29592,1963
4765,r4i1p1f1,1963,01,18,0.010243114047625568,10.013333,3.0618703,1963
4766,r4i1p1f1,1963,01,19,0.39968293278320743,8.5124235,3.7933006,1963
4767,r4i1p1f1,1963,01,20,0.0,8.317875,-0.13603078,1963
4768,r4i1p1f1,1963,01,21,0.0,7.147089,-3.8746228,1963
4769,r4i1p1f1,1963,01,22,0.0,4.1751776,-6.9127774,1963
4770,r4i1p1f1,1963,01,23,0.0,3.628079,-7.872976,1963
4771,r4i1p1f1,1963,01,24,0.0,3.525106,-7.67089,1963
4772,r4i1p1f1,1963,01,25,0.0,3.5250845,-8.0232,1963
4773,r4i1p1f1,1963,01,26,0.0,6.649482,-5.51409,1963
4774,r4i1p1f1,1963,01,27,0.0,8.300572,-4.0664215,1963
4775,r4i1p1f1,1963,01,28,0.0,7.6929574,-3.9289927,1963
4776,r4i1p1f1,1963,01,29,0.0,6.8511486,-6.852686,1963
4777,r4i1p1f1,1963,01,30,0.0,7.714323,-5.194668,1963
4778,r4i1p1f1,1963,01,31,2.2081930117821003,5.345518,-3.7574568,1963
4779,r4i1p1f1,1963,02,01,0.0,10.185525,-2.468844,1963
4780,r4i1p1f1,1963,02,02,0.0,11.694499,-0.9128407,1963
4781,r4i1p1f1,1963,02,03,0.0,13.597273,0.8142189,1963
4782,r4i1p1f1,1963,02,04,0.0,15.074805,1.1522772,1963
4783,r4i1p1f1,1963,02,05,0.0,14.382769,1.2136604,1963
4784,r4i1p1f1,1963,02,06,0.0,16.99102,3.0926015,1963
4785,r4i1p1f1,1963,02,07,0.0,18.024967,3.925662,1963
4786,r4i1p1f1,1963,02,08,0.0,18.960033,3.8822763,1963
4787,r4i1p1f1,1963,02,09,0.0,17.079634,3.1002302,1963
4788,r4i1p1f1,1963,02,10,0.0,14.42206,-2.533198,1963
4789,r4i1p1f1,1963,02,11,0.0,7.628529,-6.8571463,1963
4790,r4i1p1f1,1963,02,12,0.0,6.9288006,-6.420597,1963
4791,r4i1p1f1,1963,02,13,0.0,9.437985,-4.98009,1963
4792,r4i1p1f1,1963,02,14,0.0,10.214817,-3.274546,1963
4793,r4i1p1f1,1963,02,15,0.0,14.059281,-0.73958755,1963
4794,r4i1p1f1,1963,02,16,0.0,14.327408,1.5044272,1963
4795,r4i1p1f1,1963,02,17,0.0,13.190988,1.1986585,1963
4796,r4i1p1f1,1963,02,18,1.8230500321124055,8.577036,-5.205242,1963
4797,r4i1p1f1,1963,02,19,3.646916635960906,6.953382,-3.3905842,1963
4798,r4i1p1f1,1963,02,20,0.0,10.95549,-1.9116976,1963
4799,r4i1p1f1,1963,02,21,0.8454561254438886,9.4318905,-1.6288487,1963
4800,r4i1p1f1,1963,02,22,11.33554367143006,6.7900352,0.9260258,1963
4801,r4i1p1f1,1963,02,23,7.011057832164624,6.8758335,-1.9681418,1963
4802,r4i1p1f1,1963,02,24,9.12388269201756,7.813786,-6.558633,1963
4803,r4i1p1f1,1963,02,25,0.31211970742788253,4.7697115,-8.628342,1963
4804,r4i1p1f1,1963,02,26,0.005076447132523754,7.428515,-5.376355,1963
4805,r4i1p1f1,1963,02,27,0.0,9.05959,-3.5677533,1963
4806,r4i1p1f1,1963,02,28,0.0,9.882435,-1.8194826,1963
4807,r4i1p1f1,1963,03,01,0.0,11.015118,0.100771904,1963
4808,r4i1p1f1,1963,03,02,0.2548514954014536,8.811688,2.008345,1963
4809,r4i1p1f1,1963,03,03,0.0,13.591585,-0.22241746,1963
4810,r4i1p1f1,1963,03,04,0.0,17.462523,0.07248603,1963
4811,r4i1p1f1,1963,03,05,0.0,18.412758,2.107713,1963
4812,r4i1p1f1,1963,03,06,0.0,19.03881,2.353666,1963
4813,r4i1p1f1,1963,03,07,0.9920175228302242,18.276754,2.8639781,1963
4814,r4i1p1f1,1963,03,08,1.6958729324130672,11.906054,2.7019985,1963
4815,r4i1p1f1,1963,03,09,0.0,10.682049,-0.72133875,1963
4816,r4i1p1f1,1963,03,10,10.47814517722827,8.262035,-1.36547,1963
4817,r4i1p1f1,1963,03,11,11.63241166559601,8.846752,2.7027647,1963
4818,r4i1p1f1,1963,03,12,1.861957036152262,12.710555,3.268583,1963
4819,r4i1p1f1,1963,03,13,0.012390007577778306,15.158212,0.6309746,1963
4820,r4i1p1f1,1963,03,14,0.0,12.937748,0.5782288,1963
4821,r4i1p1f1,1963,03,15,0.0,15.228644,-0.5867048,1963
4822,r4i1p1f1,1963,03,16,0.0,17.448116,1.2519846,1963
4823,r4i1p1f1,1963,03,17,0.0,17.582617,2.265923,1963
4824,r4i1p1f1,1963,03,18,1.7600624108581542,14.876614,-1.097163,1963
4825,r4i1p1f1,1963,03,19,0.0,9.580273,-2.9078841,1963
4826,r4i1p1f1,1963,03,20,0.0,12.638454,-0.45052904,1963
4827,r4i1p1f1,1963,03,21,0.0,12.022374,3.4276814,1963
4828,r4i1p1f1,1963,03,22,0.0,14.486773,1.3826833,1963
4829,r4i1p1f1,1963,03,23,0.0,13.937622,2.5098925,1963
4830,r4i1p1f1,1963,03,24,0.0,14.206123,2.9522278,1963
4831,r4i1p1f1,1963,03,25,1.219409427421425,10.313753,-0.053618696,1963
4832,r4i1p1f1,1963,03,26,2.4462730170796476,10.596915,0.25125945,1963
4833,r4i1p1f1,1963,03,27,0.0,14.239687,1.8272991,1963
4834,r4i1p1f1,1963,03,28,0.0,12.773426,-0.33568355,1963
4835,r4i1p1f1,1963,03,29,0.0,12.674631,-1.7162786,1963
4836,r4i1p1f1,1963,03,30,0.0,16.525427,-1.2248815,1963
4837,r4i1p1f1,1963,03,31,0.0,17.593706,0.27500167,1963
4838,r4i1p1f1,1963,04,01,0.0,20.301897,2.5434623,1963
4839,r4i1p1f1,1963,04,02,0.0,21.756922,4.6142564,1963
4840,r4i1p1f1,1963,04,03,0.0,21.995592,5.9897604,1963
4841,r4i1p1f1,1963,04,04,0.004852567235502647,17.04241,1.7662233,1963
4842,r4i1p1f1,1963,04,05,0.0033859838367789052,13.635607,1.1697905,1963
4843,r4i1p1f1,1963,04,06,0.7864173771025662,9.761257,0.9429933,1963
4844,r4i1p1f1,1963,04,07,0.0,12.961559,2.4933202,1963
4845,r4i1p1f1,1963,04,08,0.21377026645268415,10.334891,2.3238726,1963
4846,r4i1p1f1,1963,04,09,25.10759297911136,11.408147,0.36506546,1963
4847,r4i1p1f1,1963,04,10,0.0,15.172228,-0.14372233,1963
4848,r4i1p1f1,1963,04,11,0.0,19.705631,2.9838989,1963
4849,r4i1p1f1,1963,04,12,0.0,22.283735,4.701393,1963
4850,r4i1p1f1,1963,04,13,0.0,23.089691,6.6577153,1963
4851,r4i1p1f1,1963,04,14,0.0,21.696754,5.2948174,1963
4852,r4i1p1f1,1963,04,15,0.0,16.275555,0.5917926,1963
4853,r4i1p1f1,1963,04,16,0.0,15.615723,0.51785606,1963
4854,r4i1p1f1,1963,04,17,0.0,23.951094,4.873801,1963
4855,r4i1p1f1,1963,04,18,0.0010480740115781373,22.226208,5.8138943,1963
4856,r4i1p1f1,1963,04,19,1.0991824023562913,12.470099,-1.9004378,1963
4857,r4i1p1f1,1963,04,20,0.0,19.0794,3.45039,1963
4858,r4i1p1f1,1963,04,21,0.0,21.174292,4.114874,1963
4859,r4i1p1f1,1963,04,22,0.0,20.877296,5.1871324,1963
4860,r4i1p1f1,1963,04,23,0.0,21.717775,4.4186034,1963
4861,r4i1p1f1,1963,04,24,0.30548058756494356,20.558401,5.3853736,1963
4862,r4i1p1f1,1963,04,25,0.35659678398189953,12.175922,-2.290349,1963
4863,r4i1p1f1,1963,04,26,0.0,18.892479,1.6542854,1963
4864,r4i1p1f1,1963,04,27,0.0,21.597857,4.7724347,1963
4865,r4i1p1f1,1963,04,28,0.0,27.097788,9.867208,1963
4866,r4i1p1f1,1963,04,29,0.0,28.514444,11.305937,1963
4867,r4i1p1f1,1963,04,30,0.0,30.464956,12.220985,1963
4868,r4i1p1f1,1963,05,01,0.0,30.515242,12.125529,1963
4869,r4i1p1f1,1963,05,02,0.0,28.177237,11.516407,1963
4870,r4i1p1f1,1963,05,03,0.0,22.433582,6.0058446,1963
4871,r4i1p1f1,1963,05,04,0.9159762867170684,16.932846,1.0097173,1963
4872,r4i1p1f1,1963,05,05,0.009957598939536183,17.544302,1.4223379,1963
4873,r4i1p1f1,1963,05,06,0.0,22.205658,4.3905387,1963
4874,r4i1p1f1,1963,05,07,0.0,24.276346,6.194437,1963
4875,r4i1p1f1,1963,05,08,0.0,25.69094,7.3356857,1963
4876,r4i1p1f1,1963,05,09,0.0,25.024666,8.239407,1963
4877,r4i1p1f1,1963,05,10,0.0,25.031853,7.672549,1963
4878,r4i1p1f1,1963,05,11,0.0,24.666113,7.6544857,1963
4879,r4i1p1f1,1963,05,12,0.0,19.56002,4.509085,1963
4880,r4i1p1f1,1963,05,13,0.0,14.237171,0.71183836,1963
4881,r4i1p1f1,1963,05,14,0.5951060221569549,16.369799,4.3114376,1963
4882,r4i1p1f1,1963,05,15,0.0,22.160181,5.486306,1963
4883,r4i1p1f1,1963,05,16,0.0,27.144674,7.0393996,1963
4884,r4i1p1f1,1963,05,17,0.0,26.898079,9.364201,1963
4885,r4i1p1f1,1963,05,18,0.0,26.967308,9.198123,1963
4886,r4i1p1f1,1963,05,19,0.0,26.809517,8.910119,1963
4887,r4i1p1f1,1963,05,20,0.0,28.746603,9.456432,1963
4888,r4i1p1f1,1963,05,21,0.0,28.726475,12.325021,1963
4889,r4i1p1f1,1963,05,22,1.6640610960735103,20.14101,6.5694327,1963
4890,r4i1p1f1,1963,05,23,0.0,23.725452,7.0126896,1963
4891,r4i1p1f1,1963,05,24,0.0,26.75497,8.8748665,1963
4892,r4i1p1f1,1963,05,25,0.0,28.747206,10.796694,1963
4893,r4i1p1f1,1963,05,26,0.0,29.737976,11.079063,1963
4894,r4i1p1f1,1963,05,27,0.0,30.695717,12.279319,1963
4895,r4i1p1f1,1963,05,28,0.0,31.638577,12.250214,1963
4896,r4i1p1f1,1963,05,29,0.0,29.767653,11.81072,1963
4897,r4i1p1f1,1963,05,30,0.30100017529548495,27.717508,8.449933,1963
4898,r4i1p1f1,1963,05,31,0.17700091973438248,26.602072,8.102944,1963
4899,r4i1p1f1,1963,06,01,0.03284211052232422,25.124153,6.125163,1963
4900,r4i1p1f1,1963,06,02,0.061263980649073346,23.775904,5.912691,1963
4901,r4i1p1f1,1963,06,03,0.0,25.345175,7.133074,1963
4902,r4i1p1f1,1963,06,04,0.3004193691594992,28.020348,6.2731714,1963
4903,r4i1p1f1,1963,06,05,0.005761169086326845,30.19767,10.725135,1963
4904,r4i1p1f1,1963,06,06,0.0,33.219986,15.215861,1963
4905,r4i1p1f1,1963,06,07,0.42612139504853985,33.41768,14.168949,1963
4906,r4i1p1f1,1963,06,08,0.0,32.182568,13.078503,1963
4907,r4i1p1f1,1963,06,09,0.0,31.05328,13.597783,1963
4908,r4i1p1f1,1963,06,10,1.0728720251790946,23.031507,6.24642,1963
4909,r4i1p1f1,1963,06,11,0.6456914730762264,20.54699,6.1323195,1963
4910,r4i1p1f1,1963,06,12,0.39197517932052506,23.883213,6.906033,1963
4911,r4i1p1f1,1963,06,13,0.29378205183547834,25.685957,8.387619,1963
4912,r4i1p1f1,1963,06,14,0.0025052916818424364,30.449165,11.838219,1963
4913,r4i1p1f1,1963,06,15,0.0,32.16051,13.789275,1963
4914,r4i1p1f1,1963,06,16,0.09950586551212837,30.9477,13.784906,1963
4915,r4i1p1f1,1963,06,17,0.24843939070251508,31.4493,13.132648,1963
4916,r4i1p1f1,1963,06,18,0.1145812713275518,31.916775,13.364111,1963
4917,r4i1p1f1,1963,06,19,0.1108981676111398,34.608124,14.760289,1963
4918,r4i1p1f1,1963,06,20,0.0,35.14417,17.350445,1963
4919,r4i1p1f1,1963,06,21,0.008526605324732373,34.75624,18.072645,1963
4920,r4i1p1f1,1963,06,22,0.0,33.309258,13.537829,1963
4921,r4i1p1f1,1963,06,23,0.0,33.915524,14.629094,1963
4922,r4i1p1f1,1963,06,24,0.0,35.007816,16.334969,1963
4923,r4i1p1f1,1963,06,25,0.0,37.083332,16.55788,1963
4924,r4i1p1f1,1963,06,26,0.0,37.87656,16.870737,1963
4925,r4i1p1f1,1963,06,27,0.0,36.857334,16.769993,1963
4926,r4i1p1f1,1963,06,28,0.0,34.717712,15.29853,1963
4927,r4i1p1f1,1963,06,29,0.0,31.023214,12.335715,1963
4928,r4i1p1f1,1963,06,30,0.0005069531653134618,32.433914,13.309586,1963
4929,r4i1p1f1,1963,07,01,1.2826365446187538,31.51519,12.206463,1963
4930,r4i1p1f1,1963,07,02,0.0,31.963772,13.141411,1963
4931,r4i1p1f1,1963,07,03,0.0,34.34404,15.060656,1963
4932,r4i1p1f1,1963,07,04,0.0,35.776108,15.482819,1963
4933,r4i1p1f1,1963,07,05,0.0,36.59501,15.979702,1963
4934,r4i1p1f1,1963,07,06,0.0,36.173595,16.097424,1963
4935,r4i1p1f1,1963,07,07,0.0,35.453846,15.984678,1963
4936,r4i1p1f1,1963,07,08,0.0,33.499832,13.872548,1963
4937,r4i1p1f1,1963,07,09,0.0,31.918571,13.444614,1963
4938,r4i1p1f1,1963,07,10,0.0,32.621155,14.196942,1963
4939,r4i1p1f1,1963,07,11,0.0075888636473564475,32.7895,14.909855,1963
4940,r4i1p1f1,1963,07,12,0.0,32.702705,14.674113,1963
4941,r4i1p1f1,1963,07,13,0.0,33.008358,14.8723955,1963
4942,r4i1p1f1,1963,07,14,0.0,32.850426,15.920831,1963
4943,r4i1p1f1,1963,07,15,0.0,31.809662,14.263781,1963
4944,r4i1p1f1,1963,07,16,0.0,32.24907,12.953713,1963
4945,r4i1p1f1,1963,07,17,0.0,32.338264,13.729536,1963
4946,r4i1p1f1,1963,07,18,0.0,32.56148,13.990078,1963
4947,r4i1p1f1,1963,07,19,0.0,33.45986,13.146649,1963
4948,r4i1p1f1,1963,07,20,0.0,33.981926,15.119873,1963
4949,r4i1p1f1,1963,07,21,0.0,34.106274,15.440187,1963
4950,r4i1p1f1,1963,07,22,0.0,33.61879,13.942196,1963
4951,r4i1p1f1,1963,07,23,0.0,31.80204,13.665459,1963
4952,r4i1p1f1,1963,07,24,0.0,29.233273,12.172008,1963
4953,r4i1p1f1,1963,07,25,0.0,29.446114,11.871782,1963
4954,r4i1p1f1,1963,07,26,0.0,28.555626,10.862864,1963
4955,r4i1p1f1,1963,07,27,0.0,27.258965,8.47165,1963
4956,r4i1p1f1,1963,07,28,0.0,26.428337,7.512557,1963
4957,r4i1p1f1,1963,07,29,0.0,29.148891,9.359043,1963
4958,r4i1p1f1,1963,07,30,0.0,32.271164,12.294734,1963
4959,r4i1p1f1,1963,07,31,0.0,35.604065,15.024726,1963
4960,r4i1p1f1,1963,08,01,0.0,35.99166,16.244804,1963
4961,r4i1p1f1,1963,08,02,0.0,34.39381,14.975169,1963
4962,r4i1p1f1,1963,08,03,0.0,32.562218,14.136763,1963
4963,r4i1p1f1,1963,08,04,0.0,32.357155,13.457109,1963
4964,r4i1p1f1,1963,08,05,0.0,31.782082,12.489987,1963
4965,r4i1p1f1,1963,08,06,0.0,32.534588,12.532852,1963
4966,r4i1p1f1,1963,08,07,0.0,32.387707,12.962772,1963
4967,r4i1p1f1,1963,08,08,0.0,32.140244,12.528513,1963
4968,r4i1p1f1,1963,08,09,0.0,33.43737,13.684541,1963
4969,r4i1p1f1,1963,08,10,0.0,33.169025,14.189602,1963
4970,r4i1p1f1,1963,08,11,0.0,28.663261,9.456814,1963
4971,r4i1p1f1,1963,08,12,0.0,25.588266,7.989622,1963
4972,r4i1p1f1,1963,08,13,0.0,25.955559,6.546929,1963
4973,r4i1p1f1,1963,08,14,0.0,27.636665,7.655509,1963
4974,r4i1p1f1,1963,08,15,0.0,28.100225,9.4738,1963
4975,r4i1p1f1,1963,08,16,0.0,27.871613,8.584139,1963
4976,r4i1p1f1,1963,08,17,0.0,27.11809,8.736604,1963
4977,r4i1p1f1,1963,08,18,0.0,27.69646,8.376187,1963
4978,r4i1p1f1,1963,08,19,0.0,27.804523,8.918087,1963
4979,r4i1p1f1,1963,08,20,0.0,27.893644,8.549934,1963
4980,r4i1p1f1,1963,08,21,0.0,24.99742,7.585439,1963
4981,r4i1p1f1,1963,08,22,0.0,22.490475,5.5234294,1963
4982,r4i1p1f1,1963,08,23,0.0,22.73948,5.659437,1963
4983,r4i1p1f1,1963,08,24,0.0,23.94581,6.4673114,1963
4984,r4i1p1f1,1963,08,25,0.0,24.631744,7.3389883,1963
4985,r4i1p1f1,1963,08,26,0.0,25.710562,6.9089737,1963
4986,r4i1p1f1,1963,08,27,0.0,26.9683,8.404091,1963
4987,r4i1p1f1,1963,08,28,0.0,28.526485,10.326051,1963
4988,r4i1p1f1,1963,08,29,0.0,29.40376,11.387239,1963
4989,r4i1p1f1,1963,08,30,0.0,29.480904,10.872777,1963
4990,r4i1p1f1,1963,08,31,0.0,30.80048,12.154415,1963
4991,r4i1p1f1,1963,09,01,0.0,31.40292,13.590005,1963
4992,r4i1p1f1,1963,09,02,0.0029730032110819593,31.015696,14.730455,1963
4993,r4i1p1f1,1963,09,03,6.603153774676684,27.222939,11.561681,1963
4994,r4i1p1f1,1963,09,04,7.791088257039291,23.844883,8.517871,1963
4995,r4i1p1f1,1963,09,05,2.5755736413884733,24.299955,8.973506,1963
4996,r4i1p1f1,1963,09,06,0.0,24.933277,9.967732,1963
4997,r4i1p1f1,1963,09,07,0.0,27.711908,14.188838,1963
4998,r4i1p1f1,1963,09,08,1.3998907672146288,28.238102,13.7291,1963
4999,r4i1p1f1,1963,09,09,1.3675330953958564,27.628927,12.960175,1963
5000,r4i1p1f1,1963,09,10,0.36305311840578725,29.905504,14.258022,1963
5001,r4i1p1f1,1963,09,11,0.0,32.659374,14.792062,1963
5002,r4i1p1f1,1963,09,12,0.0,32.119507,16.760378,1963
5003,r4i1p1f1,1963,09,13,0.0,29.827328,12.6505165,1963
5004,r4i1p1f1,1963,09,14,0.0,29.342752,12.94738,1963
5005,r4i1p1f1,1963,09,15,0.0,30.809225,12.75466,1963
5006,r4i1p1f1,1963,09,16,0.0,33.096977,14.48359,1963
5007,r4i1p1f1,1963,09,17,0.0,33.884693,14.756797,1963
5008,r4i1p1f1,1963,09,18,0.0,33.02252,15.344966,1963
5009,r4i1p1f1,1963,09,19,0.0,31.045235,15.133055,1963
5010,r4i1p1f1,1963,09,20,0.0,29.655436,13.166859,1963
5011,r4i1p1f1,1963,09,21,0.0,25.917229,8.049419,1963
5012,r4i1p1f1,1963,09,22,0.0,29.115732,11.130453,1963
5013,r4i1p1f1,1963,09,23,0.0,30.88328,12.842705,1963
5014,r4i1p1f1,1963,09,24,0.0,34.40434,15.244411,1963
5015,r4i1p1f1,1963,09,25,0.0,33.808163,17.9183,1963
5016,r4i1p1f1,1963,09,26,0.0,32.9559,17.796036,1963
5017,r4i1p1f1,1963,09,27,0.0,33.829185,15.981801,1963
5018,r4i1p1f1,1963,09,28,0.3663127598031224,33.941483,15.593299,1963
5019,r4i1p1f1,1963,09,29,16.659650788642466,30.133701,15.221577,1963
5020,r4i1p1f1,1963,09,30,22.524105507909553,19.4951,11.648454,1963
5021,r4i1p1f1,1963,10,01,19.282036762524513,17.129824,10.481096,1963
5022,r4i1p1f1,1963,10,02,11.347667176778486,18.491943,9.239653,1963
5023,r4i1p1f1,1963,10,03,24.684761209164208,15.077633,8.402639,1963
5024,r4i1p1f1,1963,10,04,3.8376258407879504,14.772968,7.8793893,1963
5025,r4i1p1f1,1963,10,05,2.2370635565721386,17.597212,7.2392426,1963
5026,r4i1p1f1,1963,10,06,0.4513411559670999,18.9206,7.3468103,1963
5027,r4i1p1f1,1963,10,07,0.0,17.681053,7.159025,1963
5028,r4i1p1f1,1963,10,08,0.2432555661712854,15.403941,3.8900807,1963
5029,r4i1p1f1,1963,10,09,0.0,15.677242,2.5637043,1963
5030,r4i1p1f1,1963,10,10,0.0,15.32358,2.831657,1963
5031,r4i1p1f1,1963,10,11,0.0,17.389418,4.1116486,1963
5032,r4i1p1f1,1963,10,12,0.0,18.079521,5.004445,1963
5033,r4i1p1f1,1963,10,13,0.0,17.526571,4.982826,1963
5034,r4i1p1f1,1963,10,14,0.0,19.522167,5.9025593,1963
5035,r4i1p1f1,1963,10,15,0.0,19.387314,4.9148617,1963
5036,r4i1p1f1,1963,10,16,0.0,17.750463,2.7480862,1963
5037,r4i1p1f1,1963,10,17,0.0,21.624094,4.6532125,1963
5038,r4i1p1f1,1963,10,18,0.0,23.995653,6.6016736,1963
5039,r4i1p1f1,1963,10,19,0.0,22.207296,4.8979917,1963
5040,r4i1p1f1,1963,10,20,0.0,22.105865,5.189624,1963
5041,r4i1p1f1,1963,10,21,0.0,20.673925,4.621065,1963
5042,r4i1p1f1,1963,10,22,0.0,21.822634,4.0151935,1963
5043,r4i1p1f1,1963,10,23,0.0,22.312998,5.1226254,1963
5044,r4i1p1f1,1963,10,24,0.0,22.781832,5.282829,1963
5045,r4i1p1f1,1963,10,25,0.0,22.761814,8.618586,1963
5046,r4i1p1f1,1963,10,26,0.0,21.50721,6.2292514,1963
5047,r4i1p1f1,1963,10,27,1.3736031329585785,15.893833,0.40939963,1963
5048,r4i1p1f1,1963,10,28,19.501413257512468,5.4965134,-4.3809986,1963
5049,r4i1p1f1,1963,10,29,2.9523864888133744,4.8484473,-4.6618567,1963
5050,r4i1p1f1,1963,10,30,2.0543945754127435,5.584381,-6.0079317,1963
5051,r4i1p1f1,1963,10,31,0.6373515696012078,7.8981485,0.3123305,1963
5052,r4i1p1f1,1963,11,01,11.037878033312154,7.6127834,0.5476564,1963
5053,r4i1p1f1,1963,11,02,12.170919527181923,9.970187,3.1641421,1963
5054,r4i1p1f1,1963,11,03,4.8177762410205105,8.159999,3.146851,1963
5055,r4i1p1f1,1963,11,04,0.0,14.693444,2.0896747,1963
5056,r4i1p1f1,1963,11,05,0.0,16.82579,3.795275,1963
5057,r4i1p1f1,1963,11,06,0.0,17.843763,5.3324103,1963
5058,r4i1p1f1,1963,11,07,0.0,17.042257,4.5017805,1963
5059,r4i1p1f1,1963,11,08,0.0,16.623962,3.937845,1963
5060,r4i1p1f1,1963,11,09,0.0,18.404613,2.45796,1963
5061,r4i1p1f1,1963,11,10,0.0,20.162052,3.8800817,1963
5062,r4i1p1f1,1963,11,11,0.0,19.078674,4.5567684,1963
5063,r4i1p1f1,1963,11,12,0.0,18.645243,4.567095,1963
5064,r4i1p1f1,1963,11,13,0.4525220719187928,17.904415,5.782841,1963
5065,r4i1p1f1,1963,11,14,0.03313783948897253,8.596388,-0.29874521,1963
5066,r4i1p1f1,1963,11,15,0.6465637968574356,9.522175,-1.975657,1963
5067,r4i1p1f1,1963,11,16,3.2937234178167074,7.917318,-1.2002834,1963
5068,r4i1p1f1,1963,11,17,52.42731245525647,9.006878,0.8750778,1963
5069,r4i1p1f1,1963,11,18,12.084332170616108,8.358672,-2.4430285,1963
5070,r4i1p1f1,1963,11,19,6.634932588394804,7.3626623,-1.5177493,1963
5071,r4i1p1f1,1963,11,20,38.02084815758917,7.0846524,-5.330988,1963
5072,r4i1p1f1,1963,11,21,3.58699156344926,4.261438,-7.9473886,1963
5073,r4i1p1f1,1963,11,22,7.4951181564301805,3.063526,-0.9542975,1963
5074,r4i1p1f1,1963,11,23,51.88930661097402,9.558116,0.98929,1963
5075,r4i1p1f1,1963,11,24,4.756979192882227,9.857837,1.9532857,1963
5076,r4i1p1f1,1963,11,25,1.0878517919181263,10.209195,4.1682634,1963
5077,r4i1p1f1,1963,11,26,0.22804042982897954,12.740086,5.519537,1963
5078,r4i1p1f1,1963,11,27,3.1773377500115885,9.715174,3.0012407,1963
5079,r4i1p1f1,1963,11,28,0.0,9.48043,-1.6779317,1963
5080,r4i1p1f1,1963,11,29,0.0,11.346775,-0.621697,1963
5081,r4i1p1f1,1963,11,30,0.0,16.02832,-0.36700618,1963
5082,r4i1p1f1,1963,12,01,0.0,16.072845,4.053564,1963
5083,r4i1p1f1,1963,12,02,0.0,15.975979,4.1842837,1963
5084,r4i1p1f1,1963,12,03,0.0,16.308182,4.711689,1963
5085,r4i1p1f1,1963,12,04,0.0,18.682886,5.204542,1963
5086,r4i1p1f1,1963,12,05,0.0,19.785378,6.935919,1963
5087,r4i1p1f1,1963,12,06,0.0,18.756523,5.6207914,1963
5088,r4i1p1f1,1963,12,07,0.0,19.709795,6.4978466,1963
5089,r4i1p1f1,1963,12,08,0.0,17.40522,4.4633794,1963
5090,r4i1p1f1,1963,12,09,0.0,16.627657,3.4881375,1963
5091,r4i1p1f1,1963,12,10,0.0,15.97093,2.9901104,1963
5092,r4i1p1f1,1963,12,11,0.0,15.739923,2.2689059,1963
5093,r4i1p1f1,1963,12,12,0.0,14.474562,1.7605257,1963
5094,r4i1p1f1,1963,12,13,0.0,12.550161,1.5970777,1963
5095,r4i1p1f1,1963,12,14,0.0,11.150014,-1.2312285,1963
5096,r4i1p1f1,1963,12,15,0.0,11.035538,-1.5433214,1963
5097,r4i1p1f1,1963,12,16,4.445879634837979,9.737525,-1.002175,1963
5098,r4i1p1f1,1963,12,17,2.8538799759530775,3.9912796,-4.0818896,1963
5099,r4i1p1f1,1963,12,18,0.37230208508844953,5.30507,-4.7852,1963
5100,r4i1p1f1,1963,12,19,0.04230973996754983,6.5830717,-2.629551,1963
5101,r4i1p1f1,1963,12,20,0.0,8.064669,-0.97609806,1963
5102,r4i1p1f1,1963,12,21,0.0,9.552486,-1.7964491,1963
5103,r4i1p1f1,1963,12,22,0.0,8.261897,-1.8155179,1963
5104,r4i1p1f1,1963,12,23,26.610552472266136,6.3817954,0.316639,1963
5105,r4i1p1f1,1963,12,24,0.37275720295291137,7.644579,-1.87151,1963
5106,r4i1p1f1,1963,12,25,0.0,5.0102267,-4.3388877,1963
5107,r4i1p1f1,1963,12,26,1.4472482172550372,4.027087,-3.0139477,1963
5108,r4i1p1f1,1963,12,27,22.29915020398039,5.60526,-1.2122293,1963
5109,r4i1p1f1,1963,12,28,20.52538542629918,7.032814,2.157917,1963
5110,r4i1p1f1,1963,12,29,5.438798073737416,5.9891386,1.8374901,1963
5111,r4i1p1f1,1963,12,30,17.17451926560898,6.7653055,0.63862294,1963
5112,r4i1p1f1,1963,12,31,18.867480375865853,7.4939137,1.5879444,1963
5113,r4i1p1f1,1964,01,01,6.051137667526518,3.9232779,-1.1187009,1964
5114,r4i1p1f1,1964,01,02,0.0,6.4255896,-4.4272356,1964
5115,r4i1p1f1,1964,01,03,0.037399850815234004,4.9665794,-5.3386283,1964
5116,r4i1p1f1,1964,01,04,0.0,8.717772,-4.7935905,1964
5117,r4i1p1f1,1964,01,05,0.0,11.028432,-2.1583142,1964
5118,r4i1p1f1,1964,01,06,0.0,12.927837,0.6402294,1964
5119,r4i1p1f1,1964,01,07,0.0,12.283503,1.3115362,1964
5120,r4i1p1f1,1964,01,08,15.137894213239633,8.1278515,3.1902382,1964
5121,r4i1p1f1,1964,01,09,12.441859470891359,9.350414,2.7419336,1964
5122,r4i1p1f1,1964,01,10,10.561274521796804,8.487854,1.4459665,1964
5123,r4i1p1f1,1964,01,11,22.078298531414475,3.8070803,-6.9181905,1964
5124,r4i1p1f1,1964,01,12,3.749208996919151,1.5234759,-12.029822,1964
5125,r4i1p1f1,1964,01,13,9.162911207613433,1.2890136,-6.4500523,1964
5126,r4i1p1f1,1964,01,14,1.4454416558351113,0.8454576,-12.381041,1964
5127,r4i1p1f1,1964,01,15,0.0,1.1337446,-12.549048,1964
5128,r4i1p1f1,1964,01,16,0.0,2.4141684,-9.622964,1964
5129,r4i1p1f1,1964,01,17,24.972163002894376,6.3754587,-5.881915,1964
5130,r4i1p1f1,1964,01,18,30.417596189545293,5.6772366,2.0683134,1964
5131,r4i1p1f1,1964,01,19,28.11303158305236,7.6555862,1.5393189,1964
5132,r4i1p1f1,1964,01,20,9.506464396872616,3.8227153,-4.217217,1964
5133,r4i1p1f1,1964,01,21,3.1697376258762233,5.3941545,-1.8454874,1964
5134,r4i1p1f1,1964,01,22,0.010885719922271164,4.7746716,-4.9762983,1964
5135,r4i1p1f1,1964,01,23,2.5810846796105125,7.043917,0.06589953,1964
5136,r4i1p1f1,1964,01,24,0.0,10.026981,-1.4602413,1964
5137,r4i1p1f1,1964,01,25,0.0,12.599552,-0.70495737,1964
5138,r4i1p1f1,1964,01,26,0.0,12.173021,-1.0389854,1964
5139,r4i1p1f1,1964,01,27,0.0,11.379742,-0.84267664,1964
5140,r4i1p1f1,1964,01,28,0.0,12.7985325,1.50933,1964
5141,r4i1p1f1,1964,01,29,0.0,12.58096,1.1740676,1964
5142,r4i1p1f1,1964,01,30,1.433909494147656,7.7632065,1.8000153,1964
5143,r4i1p1f1,1964,01,31,14.312526551475457,8.638463,4.184557,1964
5144,r4i1p1f1,1964,02,01,21.526935367128353,8.180557,2.7870624,1964
5145,r4i1p1f1,1964,02,02,0.08171105999394968,12.962673,4.023669,1964
5146,r4i1p1f1,1964,02,03,0.0,10.571675,-1.791799,1964
5147,r4i1p1f1,1964,02,04,0.0,11.597315,-2.074591,1964
5148,r4i1p1f1,1964,02,05,0.0,12.271153,0.050582357,1964
5149,r4i1p1f1,1964,02,06,0.0,12.981337,0.09282287,1964
5150,r4i1p1f1,1964,02,07,0.0,11.636656,2.9241867,1964
5151,r4i1p1f1,1964,02,08,0.49207201233798514,10.755146,1.9504259,1964
5152,r4i1p1f1,1964,02,09,0.0,11.892162,-0.08753893,1964
5153,r4i1p1f1,1964,02,10,0.0,14.653919,1.6215507,1964
5154,r4i1p1f1,1964,02,11,0.0,14.171239,3.1227417,1964
5155,r4i1p1f1,1964,02,12,0.0,14.952789,2.5892117,1964
5156,r4i1p1f1,1964,02,13,0.0,15.963754,2.9996684,1964
5157,r4i1p1f1,1964,02,14,0.0,15.786647,3.7128139,1964
5158,r4i1p1f1,1964,02,15,0.0,16.636942,2.285943,1964
5159,r4i1p1f1,1964,02,16,0.0,15.442562,1.5574744,1964
5160,r4i1p1f1,1964,02,17,0.0,17.23826,2.1385503,1964
5161,r4i1p1f1,1964,02,18,0.0,16.774815,2.4933424,1964
5162,r4i1p1f1,1964,02,19,0.05298462901919265,14.614827,3.6558816,1964
5163,r4i1p1f1,1964,02,20,0.0,16.174635,1.7548664,1964
5164,r4i1p1f1,1964,02,21,0.0,16.318556,2.1080186,1964
5165,r4i1p1f1,1964,02,22,2.469108701706091,9.791203,2.2914345,1964
5166,r4i1p1f1,1964,02,23,0.0,12.428987,-0.14895794,1964
5167,r4i1p1f1,1964,02,24,0.0,12.837292,-0.8846581,1964
5168,r4i1p1f1,1964,02,25,0.0,12.6665535,1.4759687,1964
5169,r4i1p1f1,1964,02,26,0.9881573118548204,12.102722,3.6435857,1964
5170,r4i1p1f1,1964,02,27,11.140117483932954,10.186881,2.6378076,1964
5171,r4i1p1f1,1964,02,28,2.8254667613964557,9.534625,-0.76327145,1964
5172,r4i1p1f1,1964,02,29,4.937572770768384,7.2109427,-2.5930219,1964
5173,r4i1p1f1,1964,03,01,2.1728598040454017,8.105596,-3.683245,1964
5174,r4i1p1f1,1964,03,02,0.06192005404628276,9.545017,1.6753608,1964
5175,r4i1p1f1,1964,03,03,15.90528193373757,5.356592,0.3620979,1964
5176,r4i1p1f1,1964,03,04,15.237910078576533,5.354422,0.79789954,1964
5177,r4i1p1f1,1964,03,05,4.080827870490111,5.548971,-0.60350573,1964
5178,r4i1p1f1,1964,03,06,44.27929622033844,8.201082,2.7014902,1964
5179,r4i1p1f1,1964,03,07,35.124572516724584,9.895123,2.5617914,1964
5180,r4i1p1f1,1964,03,08,19.443532974401023,10.266605,-1.9081292,1964
5181,r4i1p1f1,1964,03,09,0.0,10.788967,-1.0188776,1964
5182,r4i1p1f1,1964,03,10,1.2093465276450388,8.902241,1.2624686,1964
5183,r4i1p1f1,1964,03,11,0.0,12.271598,-1.2112595,1964
5184,r4i1p1f1,1964,03,12,0.019252433912697597,13.578108,3.345757,1964
5185,r4i1p1f1,1964,03,13,0.0,16.358656,1.3440857,1964
5186,r4i1p1f1,1964,03,14,0.0,17.991194,4.157043,1964
5187,r4i1p1f1,1964,03,15,0.0,18.895994,2.0634568,1964
5188,r4i1p1f1,1964,03,16,0.0,18.745354,5.2728887,1964
5189,r4i1p1f1,1964,03,17,0.0,16.898811,4.4576893,1964
5190,r4i1p1f1,1964,03,18,0.0,16.27079,1.7476182,1964
5191,r4i1p1f1,1964,03,19,0.0,16.364725,2.5817122,1964
5192,r4i1p1f1,1964,03,20,5.092373149773266,15.335066,2.7646449,1964
5193,r4i1p1f1,1964,03,21,3.4604624157225317,16.536272,6.3392377,1964
5194,r4i1p1f1,1964,03,22,0.12480191664963058,16.90889,4.889944,1964
5195,r4i1p1f1,1964,03,23,16.273619913681614,11.407177,0.40899214,1964
5196,r4i1p1f1,1964,03,24,0.0,15.146552,-0.011659039,1964
5197,r4i1p1f1,1964,03,25,0.0,17.838404,1.25842,1964
5198,r4i1p1f1,1964,03,26,0.0,17.382132,2.437493,1964
5199,r4i1p1f1,1964,03,27,12.683391302107339,14.085151,-0.5940662,1964
5200,r4i1p1f1,1964,03,28,4.013876428757612,7.645583,-0.4351253,1964
5201,r4i1p1f1,1964,03,29,5.9850494147212885,8.96114,1.8035624,1964
5202,r4i1p1f1,1964,03,30,3.8172809618288284,9.813805,3.1427388,1964
5203,r4i1p1f1,1964,03,31,1.1431878102200699,10.708941,4.9560237,1964
5204,r4i1p1f1,1964,04,01,34.21682786229212,11.197476,-0.8050579,1964
5205,r4i1p1f1,1964,04,02,0.16445020588378156,7.382371,-3.7745917,1964
5206,r4i1p1f1,1964,04,03,0.8566625694150787,9.799708,-2.9875498,1964
5207,r4i1p1f1,1964,04,04,15.04551382158752,10.147959,2.8863993,1964
5208,r4i1p1f1,1964,04,05,9.263115497151375,9.232025,3.106227,1964
5209,r4i1p1f1,1964,04,06,1.7018745860809759,8.019181,0.39096797,1964
5210,r4i1p1f1,1964,04,07,1.7622865136331711,11.093018,-0.3178585,1964
5211,r4i1p1f1,1964,04,08,0.0,8.940005,-4.10964,1964
5212,r4i1p1f1,1964,04,09,0.0,12.3449955,-2.3253207,1964
5213,r4i1p1f1,1964,04,10,1.0327902413180823,11.35481,0.46475062,1964
5214,r4i1p1f1,1964,04,11,0.0012522275483206613,12.210871,1.6456536,1964
5215,r4i1p1f1,1964,04,12,4.3493896447898805,8.20987,-0.7533581,1964
5216,r4i1p1f1,1964,04,13,21.71920878763558,6.9432254,0.3130506,1964
5217,r4i1p1f1,1964,04,14,0.0,12.285716,-0.24596183,1964
5218,r4i1p1f1,1964,04,15,0.0,13.238468,-0.21503088,1964
5219,r4i1p1f1,1964,04,16,0.0,15.976608,1.4595313,1964
5220,r4i1p1f1,1964,04,17,0.13074508841555144,16.382267,3.0677803,1964
5221,r4i1p1f1,1964,04,18,0.4311690963049841,12.639698,3.4013622,1964
5222,r4i1p1f1,1964,04,19,0.0,14.0852165,-0.7154132,1964
5223,r4i1p1f1,1964,04,20,4.911665037252533,8.912641,-2.7296422,1964
5224,r4i1p1f1,1964,04,21,0.09460584042244591,9.654511,-1.7540885,1964
5225,r4i1p1f1,1964,04,22,0.0,15.977221,0.6227333,1964
5226,r4i1p1f1,1964,04,23,0.0,18.257332,2.274934,1964
5227,r4i1p1f1,1964,04,24,0.0,20.482628,3.8526525,1964
5228,r4i1p1f1,1964,04,25,0.0,21.567978,5.047577,1964
5229,r4i1p1f1,1964,04,26,3.0488479968084903,19.214415,3.5707693,1964
5230,r4i1p1f1,1964,04,27,5.63167765712933,14.0679455,1.0149397,1964
5231,r4i1p1f1,1964,04,28,0.0,19.32472,3.570312,1964
5232,r4i1p1f1,1964,04,29,0.0,18.504236,3.1870537,1964
5233,r4i1p1f1,1964,04,30,0.0,21.276485,5.1648564,1964
5234,r4i1p1f1,1964,05,01,0.0,24.081501,6.470482,1964
5235,r4i1p1f1,1964,05,02,0.38717715874554415,24.598028,8.053124,1964
5236,r4i1p1f1,1964,05,03,0.0,23.89323,7.551845,1964
5237,r4i1p1f1,1964,05,04,0.20099804144706468,20.19634,5.24565,1964
5238,r4i1p1f1,1964,05,05,0.0,19.809978,6.6573086,1964
5239,r4i1p1f1,1964,05,06,0.0018153251403418835,18.982235,7.033874,1964
5240,r4i1p1f1,1964,05,07,0.13617078120660153,15.336639,3.6092474,1964
5241,r4i1p1f1,1964,05,08,0.0,19.925867,5.7520657,1964
5242,r4i1p1f1,1964,05,09,0.0,18.725397,3.3504906,1964
5243,r4i1p1f1,1964,05,10,0.0,17.34748,3.595387,1964
5244,r4i1p1f1,1964,05,11,3.2288007468025626,10.170982,-1.4299127,1964
5245,r4i1p1f1,1964,05,12,0.0,16.646708,1.5426993,1964
5246,r4i1p1f1,1964,05,13,0.16647352982630537,15.738029,3.2615995,1964
5247,r4i1p1f1,1964,05,14,0.5081922659883276,17.686266,5.1884937,1964
5248,r4i1p1f1,1964,05,15,6.600982082500195,15.7375555,0.31745583,1964
5249,r4i1p1f1,1964,05,16,0.0,20.417757,6.0729814,1964
5250,r4i1p1f1,1964,05,17,0.0,18.325794,3.9947214,1964
5251,r4i1p1f1,1964,05,18,0.0,20.142418,5.862986,1964
5252,r4i1p1f1,1964,05,19,0.0,22.238165,4.3116374,1964
5253,r4i1p1f1,1964,05,20,0.0,22.683104,5.223401,1964
5254,r4i1p1f1,1964,05,21,10.26656148829943,15.767266,-0.5003413,1964
5255,r4i1p1f1,1964,05,22,0.0,16.521734,0.36608982,1964
5256,r4i1p1f1,1964,05,23,0.0,20.19645,4.5858817,1964
5257,r4i1p1f1,1964,05,24,1.0761400776573282,21.211864,3.5144734,1964
5258,r4i1p1f1,1964,05,25,0.902340126394563,13.614802,3.1148381,1964
5259,r4i1p1f1,1964,05,26,0.9887754900546497,12.906273,2.765893,1964
5260,r4i1p1f1,1964,05,27,2.5376458962455217,15.539402,3.2700999,1964
5261,r4i1p1f1,1964,05,28,16.218188189122884,12.845248,4.0774374,1964
5262,r4i1p1f1,1964,05,29,0.0,18.931265,5.7957916,1964
5263,r4i1p1f1,1964,05,30,0.0,19.99099,6.471147,1964
5264,r4i1p1f1,1964,05,31,0.0,21.05844,5.633067,1964
5265,r4i1p1f1,1964,06,01,0.0,20.04998,4.885299,1964
5266,r4i1p1f1,1964,06,02,4.257842096734521,17.200233,5.5776086,1964
5267,r4i1p1f1,1964,06,03,0.0004940354642712919,23.20261,8.3136835,1964
5268,r4i1p1f1,1964,06,04,0.0,26.352875,7.2136307,1964
5269,r4i1p1f1,1964,06,05,0.0,26.576777,9.074648,1964
5270,r4i1p1f1,1964,06,06,0.0,26.216064,9.206215,1964
5271,r4i1p1f1,1964,06,07,0.0,26.16584,8.317308,1964
5272,r4i1p1f1,1964,06,08,0.0,27.819336,7.6231866,1964
5273,r4i1p1f1,1964,06,09,0.0,28.428947,9.630736,1964
5274,r4i1p1f1,1964,06,10,0.0,29.12265,11.268922,1964
5275,r4i1p1f1,1964,06,11,0.10175459442507417,28.196388,11.635368,1964
5276,r4i1p1f1,1964,06,12,1.5591694267072853,24.53781,9.106388,1964
5277,r4i1p1f1,1964,06,13,1.2181236171045384,25.160374,7.677256,1964
5278,r4i1p1f1,1964,06,14,0.0,27.491777,10.211691,1964
5279,r4i1p1f1,1964,06,15,0.31377964575654005,28.219534,10.863658,1964
5280,r4i1p1f1,1964,06,16,1.2534808535178854,26.612492,8.410662,1964
5281,r4i1p1f1,1964,06,17,0.039874576668808004,27.688786,10.125041,1964
5282,r4i1p1f1,1964,06,18,0.0,27.745054,10.054695,1964
5283,r4i1p1f1,1964,06,19,0.0,25.83182,9.311,1964
5284,r4i1p1f1,1964,06,20,0.0,23.804527,7.786027,1964
5285,r4i1p1f1,1964,06,21,0.10669624243746512,26.248928,9.288317,1964
5286,r4i1p1f1,1964,06,22,0.0,27.31426,9.767764,1964
5287,r4i1p1f1,1964,06,23,0.0,27.234064,9.935053,1964
5288,r4i1p1f1,1964,06,24,0.655123065735097,24.347633,7.8952856,1964
5289,r4i1p1f1,1964,06,25,0.0,27.908329,9.723095,1964
5290,r4i1p1f1,1964,06,26,0.22143320964573832,30.30342,12.709464,1964
5291,r4i1p1f1,1964,06,27,0.475613645193107,27.68144,10.5630455,1964
5292,r4i1p1f1,1964,06,28,0.0,25.154036,9.540848,1964
5293,r4i1p1f1,1964,06,29,0.0,28.115158,10.478269,1964
5294,r4i1p1f1,1964,06,30,0.0,28.97387,12.352698,1964
5295,r4i1p1f1,1964,07,01,10.829024092228678,33.016033,14.746662,1964
5296,r4i1p1f1,1964,07,02,3.311108132882623,27.211872,12.872762,1964
5297,r4i1p1f1,1964,07,03,0.357359324425488,26.054686,11.129983,1964
5298,r4i1p1f1,1964,07,04,0.16869117262103828,24.38116,10.645566,1964
5299,r4i1p1f1,1964,07,05,0.0,26.515104,10.553838,1964
5300,r4i1p1f1,1964,07,06,0.0,29.06428,12.57433,1964
5301,r4i1p1f1,1964,07,07,0.0,32.43366,13.18161,1964
5302,r4i1p1f1,1964,07,08,0.0,34.401474,15.47585,1964
5303,r4i1p1f1,1964,07,09,0.0,33.578217,15.507277,1964
5304,r4i1p1f1,1964,07,10,0.0,32.14883,13.181229,1964
5305,r4i1p1f1,1964,07,11,0.0,31.768162,13.075344,1964
5306,r4i1p1f1,1964,07,12,0.0,31.655111,13.890647,1964
5307,r4i1p1f1,1964,07,13,0.0,33.33283,14.021523,1964
5308,r4i1p1f1,1964,07,14,0.0,35.38571,15.820626,1964
5309,r4i1p1f1,1964,07,15,0.0,34.620956,17.383041,1964
5310,r4i1p1f1,1964,07,16,0.0,35.249504,15.962243,1964
5311,r4i1p1f1,1964,07,17,0.0,34.188152,16.438215,1964
5312,r4i1p1f1,1964,07,18,0.0,34.177822,16.602182,1964
5313,r4i1p1f1,1964,07,19,0.0,33.627426,15.595773,1964
5314,r4i1p1f1,1964,07,20,0.0,32.903988,14.852375,1964
5315,r4i1p1f1,1964,07,21,0.0,31.454386,12.019499,1964
5316,r4i1p1f1,1964,07,22,0.0,31.424482,11.879279,1964
5317,r4i1p1f1,1964,07,23,0.0,32.2326,14.112255,1964
5318,r4i1p1f1,1964,07,24,0.0,33.33205,14.097752,1964
5319,r4i1p1f1,1964,07,25,0.0,33.30006,14.101071,1964
5320,r4i1p1f1,1964,07,26,0.0,32.602512,13.2537365,1964
5321,r4i1p1f1,1964,07,27,0.0,31.017477,12.918995,1964
5322,r4i1p1f1,1964,07,28,0.038014490201021545,30.244957,12.209486,1964
5323,r4i1p1f1,1964,07,29,0.0475599438232166,28.781223,12.439044,1964
5324,r4i1p1f1,1964,07,30,0.18496994398446986,30.363413,12.630542,1964
5325,r4i1p1f1,1964,07,31,0.0,32.61132,15.518926,1964
5326,r4i1p1f1,1964,08,01,0.0,33.452866,16.695717,1964
5327,r4i1p1f1,1964,08,02,0.0,34.678238,15.916131,1964
5328,r4i1p1f1,1964,08,03,0.0,33.5824,15.614552,1964
5329,r4i1p1f1,1964,08,04,0.0,32.843246,14.274922,1964
5330,r4i1p1f1,1964,08,05,0.0,34.44302,15.274857,1964
5331,r4i1p1f1,1964,08,06,0.0,34.455173,15.306393,1964
5332,r4i1p1f1,1964,08,07,0.0,34.103848,14.769573,1964
5333,r4i1p1f1,1964,08,08,0.0,32.996536,13.747203,1964
5334,r4i1p1f1,1964,08,09,0.0,29.934614,10.634495,1964
5335,r4i1p1f1,1964,08,10,0.0,29.260904,10.307044,1964
5336,r4i1p1f1,1964,08,11,0.0,29.449228,10.6728115,1964
5337,r4i1p1f1,1964,08,12,0.0,30.011705,11.825118,1964
5338,r4i1p1f1,1964,08,13,0.0,29.500406,11.079921,1964
5339,r4i1p1f1,1964,08,14,0.0,28.657814,10.054684,1964
5340,r4i1p1f1,1964,08,15,0.0,27.078089,8.642382,1964
5341,r4i1p1f1,1964,08,16,0.0,28.910828,10.372074,1964
5342,r4i1p1f1,1964,08,17,0.0,28.902,11.983373,1964
5343,r4i1p1f1,1964,08,18,0.0,27.941654,10.361622,1964
5344,r4i1p1f1,1964,08,19,0.0,27.96061,9.60786,1964
5345,r4i1p1f1,1964,08,20,0.0,28.414032,10.20519,1964
5346,r4i1p1f1,1964,08,21,0.0,28.77168,10.274379,1964
5347,r4i1p1f1,1964,08,22,0.0,29.71409,12.169756,1964
5348,r4i1p1f1,1964,08,23,0.0,30.197998,12.207402,1964
5349,r4i1p1f1,1964,08,24,0.0,32.625893,13.280178,1964
5350,r4i1p1f1,1964,08,25,0.0,34.143593,14.82184,1964
5351,r4i1p1f1,1964,08,26,0.0,33.220955,14.89614,1964
5352,r4i1p1f1,1964,08,27,0.0,29.586348,11.691907,1964
5353,r4i1p1f1,1964,08,28,0.0,26.492609,8.508919,1964
5354,r4i1p1f1,1964,08,29,0.0,26.02772,7.0399084,1964
5355,r4i1p1f1,1964,08,30,0.0,25.161526,6.4199886,1964
5356,r4i1p1f1,1964,08,31,0.0,26.512733,6.3803797,1964
5357,r4i1p1f1,1964,09,01,0.0,31.176426,11.935807,1964
5358,r4i1p1f1,1964,09,02,0.0,31.927555,12.738093,1964
5359,r4i1p1f1,1964,09,03,0.0,34.38807,16.099527,1964
5360,r4i1p1f1,1964,09,04,0.0,35.287205,16.753387,1964
5361,r4i1p1f1,1964,09,05,0.0,35.03274,16.349842,1964
5362,r4i1p1f1,1964,09,06,0.0,31.409224,12.687594,1964
5363,r4i1p1f1,1964,09,07,0.0,25.669493,8.549328,1964
5364,r4i1p1f1,1964,09,08,0.8323504148961547,26.649788,10.557501,1964
5365,r4i1p1f1,1964,09,09,0.11465662537375465,22.626682,8.105438,1964
5366,r4i1p1f1,1964,09,10,0.0,26.670881,10.401761,1964
5367,r4i1p1f1,1964,09,11,0.0,25.62532,10.291162,1964
5368,r4i1p1f1,1964,09,12,0.28520872652393336,25.74604,7.9170895,1964
5369,r4i1p1f1,1964,09,13,0.2035816699390125,24.00922,8.305193,1964
5370,r4i1p1f1,1964,09,14,0.05011838085238196,29.32268,11.874048,1964
5371,r4i1p1f1,1964,09,15,0.0,27.750538,10.463453,1964
5372,r4i1p1f1,1964,09,16,0.0,27.328436,10.515021,1964
5373,r4i1p1f1,1964,09,17,0.0,26.278572,10.061611,1964
5374,r4i1p1f1,1964,09,18,1.0544142588136296,27.566969,11.350098,1964
5375,r4i1p1f1,1964,09,19,0.0260123883435881,29.079224,13.973989,1964
5376,r4i1p1f1,1964,09,20,0.8241971755454935,28.509779,13.667194,1964
5377,r4i1p1f1,1964,09,21,1.522435202460315,30.269064,15.489519,1964
5378,r4i1p1f1,1964,09,22,0.0,28.044512,12.4721985,1964
5379,r4i1p1f1,1964,09,23,0.17046077709892415,22.786278,7.2251763,1964
5380,r4i1p1f1,1964,09,24,0.0,19.6972,4.595229,1964
5381,r4i1p1f1,1964,09,25,0.0,19.074924,2.2382321,1964
5382,r4i1p1f1,1964,09,26,0.0,21.097206,2.4383466,1964
5383,r4i1p1f1,1964,09,27,0.0,23.058065,6.0518427,1964
5384,r4i1p1f1,1964,09,28,0.0,24.932598,7.9561844,1964
5385,r4i1p1f1,1964,09,29,0.0,25.3057,8.218096,1964
5386,r4i1p1f1,1964,09,30,0.0,24.661743,9.278737,1964
5387,r4i1p1f1,1964,10,01,0.0,27.684027,8.430132,1964
5388,r4i1p1f1,1964,10,02,0.0,29.127306,10.615984,1964
5389,r4i1p1f1,1964,10,03,0.0,30.324053,10.797237,1964
5390,r4i1p1f1,1964,10,04,0.0,30.342491,10.905526,1964
5391,r4i1p1f1,1964,10,05,0.0,28.434092,9.9341,1964
5392,r4i1p1f1,1964,10,06,0.0,26.823051,11.309065,1964
5393,r4i1p1f1,1964,10,07,0.0,27.007677,8.84935,1964
5394,r4i1p1f1,1964,10,08,0.0,27.07164,8.149023,1964
5395,r4i1p1f1,1964,10,09,0.0,27.102821,8.352728,1964
5396,r4i1p1f1,1964,10,10,0.0,25.919989,7.931838,1964
5397,r4i1p1f1,1964,10,11,0.0,24.732092,8.150255,1964
5398,r4i1p1f1,1964,10,12,0.0,21.572374,5.982795,1964
5399,r4i1p1f1,1964,10,13,0.0,21.02778,5.1240783,1964
5400,r4i1p1f1,1964,10,14,0.00034131886650357046,19.482916,7.151095,1964
5401,r4i1p1f1,1964,10,15,0.0,16.99168,2.8218474,1964
5402,r4i1p1f1,1964,10,16,0.0,18.51826,3.3333108,1964
5403,r4i1p1f1,1964,10,17,0.0,19.064165,1.7586782,1964
5404,r4i1p1f1,1964,10,18,0.0,19.027525,2.8216038,1964
5405,r4i1p1f1,1964,10,19,0.0,19.363722,2.4287305,1964
5406,r4i1p1f1,1964,10,20,0.0,19.337671,4.6399846,1964
5407,r4i1p1f1,1964,10,21,0.0,17.656088,7.079384,1964
5408,r4i1p1f1,1964,10,22,0.613645432076737,16.15434,5.8143463,1964
5409,r4i1p1f1,1964,10,23,0.0,15.64631,0.056798246,1964
5410,r4i1p1f1,1964,10,24,0.0,15.689765,1.1195455,1964
5411,r4i1p1f1,1964,10,25,0.0,16.30151,0.7396414,1964
5412,r4i1p1f1,1964,10,26,0.0,16.550735,1.7475965,1964
5413,r4i1p1f1,1964,10,27,0.0,18.546783,1.2464863,1964
5414,r4i1p1f1,1964,10,28,0.0,20.88216,3.9318228,1964
5415,r4i1p1f1,1964,10,29,0.0,21.39831,7.0061626,1964
5416,r4i1p1f1,1964,10,30,1.5311939695095589,22.860783,9.670389,1964
5417,r4i1p1f1,1964,10,31,1.0415004743009604,17.755196,6.3917975,1964
5418,r4i1p1f1,1964,11,01,2.7394508489066993,15.53951,4.3941708,1964
5419,r4i1p1f1,1964,11,02,5.1629934546326695,13.934265,8.159366,1964
5420,r4i1p1f1,1964,11,03,2.292479195058661,17.962084,7.4461846,1964
5421,r4i1p1f1,1964,11,04,0.0,18.799038,7.079188,1964
5422,r4i1p1f1,1964,11,05,0.0,18.659222,7.708372,1964
5423,r4i1p1f1,1964,11,06,2.185328791927077,18.822737,7.359143,1964
5424,r4i1p1f1,1964,11,07,0.05159721417271612,15.744019,4.037449,1964
5425,r4i1p1f1,1964,11,08,6.951662860569741,12.229897,0.3258853,1964
5426,r4i1p1f1,1964,11,09,3.4069886933252747,9.606308,2.7859845,1964
5427,r4i1p1f1,1964,11,10,12.409629080502782,13.336551,2.887869,1964
5428,r4i1p1f1,1964,11,11,0.0,13.522178,1.9308608,1964
5429,r4i1p1f1,1964,11,12,0.0,14.049305,2.1195927,1964
5430,r4i1p1f1,1964,11,13,2.2095362160712284,15.176098,3.8761432,1964
5431,r4i1p1f1,1964,11,14,0.0,9.231655,-3.0157092,1964
5432,r4i1p1f1,1964,11,15,0.0,15.678114,0.064399034,1964
5433,r4i1p1f1,1964,11,16,0.0,15.811057,0.4860698,1964
5434,r4i1p1f1,1964,11,17,0.0,12.839206,1.4958377,1964
5435,r4i1p1f1,1964,11,18,0.0,11.335649,4.243654,1964
5436,r4i1p1f1,1964,11,19,0.0,10.591587,3.3317184,1964
5437,r4i1p1f1,1964,11,20,0.0,10.717171,2.6792727,1964
5438,r4i1p1f1,1964,11,21,0.02665086849447107,11.461086,4.031672,1964
5439,r4i1p1f1,1964,11,22,2.5255559029574215,9.41435,5.6054893,1964
5440,r4i1p1f1,1964,11,23,0.0,13.923386,0.49869287,1964
5441,r4i1p1f1,1964,11,24,0.0,15.23871,0.328324,1964
5442,r4i1p1f1,1964,11,25,0.0,15.800873,0.6611214,1964
5443,r4i1p1f1,1964,11,26,0.0,17.711939,-0.3251062,1964
5444,r4i1p1f1,1964,11,27,0.46344178624622145,17.665472,3.3416066,1964
5445,r4i1p1f1,1964,11,28,0.0,11.214835,-3.0062242,1964
5446,r4i1p1f1,1964,11,29,0.0,8.261052,-7.043213,1964
5447,r4i1p1f1,1964,11,30,0.042772680194502755,8.423748,-2.8933148,1964
5448,r4i1p1f1,1964,12,01,0.0,5.1901226,-6.4577527,1964
5449,r4i1p1f1,1964,12,02,1.7885110050542607,6.136889,-1.9881995,1964
5450,r4i1p1f1,1964,12,03,29.694252245826647,9.995702,1.8589075,1964
5451,r4i1p1f1,1964,12,04,0.03322955993780852,4.035472,-2.2982664,1964
5452,r4i1p1f1,1964,12,05,0.0,6.2154875,-3.9746835,1964
5453,r4i1p1f1,1964,12,06,0.0,6.385054,-4.14524,1964
5454,r4i1p1f1,1964,12,07,0.8600873247871732,8.228009,-1.29217,1964
5455,r4i1p1f1,1964,12,08,0.0,9.004476,-2.0269837,1964
5456,r4i1p1f1,1964,12,09,3.390323508091342,9.390241,1.2443404,1964
5457,r4i1p1f1,1964,12,10,5.588211535700793,9.40633,4.0258427,1964
5458,r4i1p1f1,1964,12,11,0.0,10.094809,0.11009201,1964
5459,r4i1p1f1,1964,12,12,1.1616434515360652,7.6971493,-0.934706,1964
5460,r4i1p1f1,1964,12,13,4.347086143025081,7.0018086,2.572253,1964
5461,r4i1p1f1,1964,12,14,14.650096977266003,9.583935,4.3402305,1964
5462,r4i1p1f1,1964,12,15,18.19889137204882,9.570196,1.9316444,1964
5463,r4i1p1f1,1964,12,16,0.06111028956254927,10.380343,0.08997403,1964
5464,r4i1p1f1,1964,12,17,0.0,11.768887,2.5170832,1964
5465,r4i1p1f1,1964,12,18,0.0,10.061783,3.4010932,1964
5466,r4i1p1f1,1964,12,19,17.602366552091553,7.975462,2.9359033,1964
5467,r4i1p1f1,1964,12,20,0.0,10.683831,3.552728,1964
5468,r4i1p1f1,1964,12,21,0.28842812203038193,9.542755,4.1942463,1964
5469,r4i1p1f1,1964,12,22,0.0,9.346102,2.6882398,1964
5470,r4i1p1f1,1964,12,23,0.0,14.770593,1.9224516,1964
5471,r4i1p1f1,1964,12,24,0.17828705563829317,14.738205,4.3734784,1964
5472,r4i1p1f1,1964,12,25,9.532867612051632,10.185955,3.0656044,1964
5473,r4i1p1f1,1964,12,26,0.0,12.923325,1.5727683,1964
5474,r4i1p1f1,1964,12,27,0.0,13.114585,1.2164798,1964
5475,r4i1p1f1,1964,12,28,0.0,14.686617,2.0565007,1964
5476,r4i1p1f1,1964,12,29,0.0,14.07217,1.9549603,1964
5477,r4i1p1f1,1964,12,30,0.0,14.200426,2.4587507,1964
5478,r4i1p1f1,1964,12,31,0.0,14.093682,1.7419995,1964
5479,r4i1p1f1,1965,01,01,0.0,7.3599877,-5.2649555,1965
5480,r4i1p1f1,1965,01,02,0.0,10.671802,-2.0723302,1965
5481,r4i1p1f1,1965,01,03,0.0,9.840887,-1.6255862,1965
5482,r4i1p1f1,1965,01,04,0.0,6.062139,-8.689324,1965
5483,r4i1p1f1,1965,01,05,0.0,2.192517,-9.944555,1965
5484,r4i1p1f1,1965,01,06,0.0,1.7444314,-10.000833,1965
5485,r4i1p1f1,1965,01,07,0.0,2.5672054,-10.240781,1965
5486,r4i1p1f1,1965,01,08,22.437170987177524,7.968378,-5.6945267,1965
5487,r4i1p1f1,1965,01,09,47.138159102905774,12.818958,0.27042893,1965
5488,r4i1p1f1,1965,01,10,30.874056919401482,6.502181,-5.9086084,1965
5489,r4i1p1f1,1965,01,11,0.5266131474741087,3.9784558,-9.441376,1965
5490,r4i1p1f1,1965,01,12,1.2999824514906777,4.134554,-7.891155,1965
5491,r4i1p1f1,1965,01,13,0.0004953592224410386,6.0889072,-5.9412766,1965
5492,r4i1p1f1,1965,01,14,0.2752004707360811,4.168752,-7.775187,1965
5493,r4i1p1f1,1965,01,15,0.0,-0.42600843,-16.111244,1965
5494,r4i1p1f1,1965,01,16,0.0,-0.45211145,-14.530772,1965
5495,r4i1p1f1,1965,01,17,0.0,4.8722577,-9.665234,1965
5496,r4i1p1f1,1965,01,18,0.0,7.9582767,-5.1875644,1965
5497,r4i1p1f1,1965,01,19,0.0,11.887256,-2.1645565,1965
5498,r4i1p1f1,1965,01,20,0.0,11.371508,-1.0600026,1965
5499,r4i1p1f1,1965,01,21,0.0,11.69804,-1.2472062,1965
5500,r4i1p1f1,1965,01,22,0.0,11.249742,-1.1290069,1965
5501,r4i1p1f1,1965,01,23,0.0,11.578906,-0.8076804,1965
5502,r4i1p1f1,1965,01,24,0.0,12.060155,-0.02962478,1965
5503,r4i1p1f1,1965,01,25,0.0,11.758587,0.5118818,1965
5504,r4i1p1f1,1965,01,26,0.0,11.411656,0.5629089,1965
5505,r4i1p1f1,1965,01,27,0.0,10.275081,-0.840479,1965
5506,r4i1p1f1,1965,01,28,25.09388434482389,4.857879,0.28057146,1965
5507,r4i1p1f1,1965,01,29,9.74570992124768,7.162225,-2.206109,1965
5508,r4i1p1f1,1965,01,30,50.46660268599226,8.977568,2.9024994,1965
5509,r4i1p1f1,1965,01,31,48.532874893862754,11.320541,2.7551126,1965
5510,r4i1p1f1,1965,02,01,30.265839852188492,9.790785,-2.430681,1965
5511,r4i1p1f1,1965,02,02,11.960760256852154,6.496316,-0.004697376,1965
5512,r4i1p1f1,1965,02,03,4.424080908489714,8.900765,1.650902,1965
5513,r4i1p1f1,1965,02,04,23.23110625420668,9.268589,3.5570154,1965
5514,r4i1p1f1,1965,02,05,39.2923513216374,12.245179,0.99357104,1965
5515,r4i1p1f1,1965,02,06,6.609459013239416,4.950705,0.52589786,1965
5516,r4i1p1f1,1965,02,07,21.895897199351566,9.65094,0.7807761,1965
5517,r4i1p1f1,1965,02,08,44.027949043265835,10.300594,3.4239779,1965
5518,r4i1p1f1,1965,02,09,41.04351493369904,10.729381,4.3576703,1965
5519,r4i1p1f1,1965,02,10,2.032030729418466,10.230857,0.9865375,1965
5520,r4i1p1f1,1965,02,11,0.0,7.2266064,-1.7372195,1965
5521,r4i1p1f1,1965,02,12,0.0,10.092945,0.94195175,1965
5522,r4i1p1f1,1965,02,13,0.0,8.117871,-5.774351,1965
5523,r4i1p1f1,1965,02,14,0.0,7.9546094,-4.698667,1965
5524,r4i1p1f1,1965,02,15,0.0,8.293357,-4.0452194,1965
5525,r4i1p1f1,1965,02,16,1.8741766081859623,5.1427546,-2.288414,1965
5526,r4i1p1f1,1965,02,17,0.0,8.700575,-4.207884,1965
5527,r4i1p1f1,1965,02,18,0.0,9.7575245,-2.2224226,1965
5528,r4i1p1f1,1965,02,19,0.0,9.75325,0.8572499,1965
5529,r4i1p1f1,1965,02,20,21.853085411930806,6.9186273,-0.21372318,1965
5530,r4i1p1f1,1965,02,21,0.7642572586007645,10.305107,2.3599272,1965
5531,r4i1p1f1,1965,02,22,9.692286337167388,6.622609,-1.2616963,1965
5532,r4i1p1f1,1965,02,23,18.227093189489096,6.5298576,0.4924516,1965
5533,r4i1p1f1,1965,02,24,53.73645069776103,8.93243,0.1553609,1965
5534,r4i1p1f1,1965,02,25,1.7126542379742205,7.9826627,-3.468066,1965
5535,r4i1p1f1,1965,02,26,0.0,8.128201,0.47882572,1965
5536,r4i1p1f1,1965,02,27,0.02197872607325735,10.064345,-0.5193598,1965
5537,r4i1p1f1,1965,02,28,29.02236018962867,11.724831,0.46438128,1965
5538,r4i1p1f1,1965,03,01,15.466747690834382,10.156614,0.008367803,1965
5539,r4i1p1f1,1965,03,02,1.3429177500029255,8.486583,-5.129709,1965
5540,r4i1p1f1,1965,03,03,0.0,7.5890207,-7.238133,1965
5541,r4i1p1f1,1965,03,04,1.2027344074645896,3.710826,-5.604508,1965
5542,r4i1p1f1,1965,03,05,35.714543681024224,4.2305164,-3.6182873,1965
5543,r4i1p1f1,1965,03,06,15.760107977621374,4.442501,-10.683757,1965
5544,r4i1p1f1,1965,03,07,2.346045573194999,8.626829,0.64248365,1965
5545,r4i1p1f1,1965,03,08,0.0,11.208543,-3.0608807,1965
5546,r4i1p1f1,1965,03,09,1.1186623429182418,10.619422,0.7361161,1965
5547,r4i1p1f1,1965,03,10,0.12426813816261983,12.246214,0.8091501,1965
5548,r4i1p1f1,1965,03,11,0.0,13.98778,0.76956725,1965
5549,r4i1p1f1,1965,03,12,5.2435532059462275,8.24358,0.0897451,1965
5550,r4i1p1f1,1965,03,13,4.398787852699115,12.013811,4.1337967,1965
5551,r4i1p1f1,1965,03,14,0.0,14.781123,0.9965247,1965
5552,r4i1p1f1,1965,03,15,0.0,13.901802,1.0944555,1965
5553,r4i1p1f1,1965,03,16,0.0,14.28166,1.6725924,1965
5554,r4i1p1f1,1965,03,17,0.0,15.865217,3.358012,1965
5555,r4i1p1f1,1965,03,18,0.13834224610036472,12.338505,-0.05386808,1965
5556,r4i1p1f1,1965,03,19,0.0,16.223272,3.5763614,1965
5557,r4i1p1f1,1965,03,20,0.0,14.1601,1.3905079,1965
5558,r4i1p1f1,1965,03,21,0.0,19.291092,2.053078,1965
5559,r4i1p1f1,1965,03,22,0.0,19.629776,3.4652624,1965
5560,r4i1p1f1,1965,03,23,0.0,20.360231,3.8853793,1965
5561,r4i1p1f1,1965,03,24,13.411525506387534,15.670683,0.15851715,1965
5562,r4i1p1f1,1965,03,25,29.99959250100801,9.166536,1.6770749,1965
5563,r4i1p1f1,1965,03,26,0.28681182684522355,9.904156,-2.2476463,1965
5564,r4i1p1f1,1965,03,27,0.0,10.832973,0.30241883,1965
5565,r4i1p1f1,1965,03,28,0.24038631212306427,11.987703,3.942579,1965
5566,r4i1p1f1,1965,03,29,0.0,18.017311,2.233052,1965
5567,r4i1p1f1,1965,03,30,0.0,17.972507,3.5697174,1965
5568,r4i1p1f1,1965,03,31,0.0,22.392548,7.7913556,1965
5569,r4i1p1f1,1965,04,01,0.0,24.211962,8.925022,1965
5570,r4i1p1f1,1965,04,02,0.0,20.842693,5.61825,1965
5571,r4i1p1f1,1965,04,03,0.7131525444037834,17.350637,1.6908779,1965
5572,r4i1p1f1,1965,04,04,0.0,20.483534,1.6680955,1965
5573,r4i1p1f1,1965,04,05,0.0,21.376717,3.530279,1965
5574,r4i1p1f1,1965,04,06,0.0,21.318703,4.1110325,1965
5575,r4i1p1f1,1965,04,07,0.0,21.14286,5.2046146,1965
5576,r4i1p1f1,1965,04,08,0.0,21.930641,7.330406,1965
5577,r4i1p1f1,1965,04,09,8.943291291154765,15.550103,1.8475829,1965
5578,r4i1p1f1,1965,04,10,9.986200937601097,10.380069,2.576628,1965
5579,r4i1p1f1,1965,04,11,2.2250497429013194,13.752137,2.5115395,1965
5580,r4i1p1f1,1965,04,12,4.162514459767408,14.478387,4.2428446,1965
5581,r4i1p1f1,1965,04,13,4.072234716841194,11.106266,2.3293312,1965
5582,r4i1p1f1,1965,04,14,5.732025732322654,6.7183394,-2.4294574,1965
5583,r4i1p1f1,1965,04,15,0.0,16.39724,0.011112319,1965
5584,r4i1p1f1,1965,04,16,0.0,19.849655,2.9480286,1965
5585,r4i1p1f1,1965,04,17,0.0,22.29141,5.5048904,1965
5586,r4i1p1f1,1965,04,18,0.0,21.802723,6.621863,1965
5587,r4i1p1f1,1965,04,19,0.0,21.954376,7.7501493,1965
5588,r4i1p1f1,1965,04,20,0.0,21.672567,6.429924,1965
5589,r4i1p1f1,1965,04,21,0.0,23.70994,6.925579,1965
5590,r4i1p1f1,1965,04,22,0.0,26.931175,9.021617,1965
5591,r4i1p1f1,1965,04,23,0.0,27.88293,9.839708,1965
5592,r4i1p1f1,1965,04,24,0.0,27.511602,10.215822,1965
5593,r4i1p1f1,1965,04,25,0.0,25.736061,8.251353,1965
5594,r4i1p1f1,1965,04,26,0.0,21.430227,5.054094,1965
5595,r4i1p1f1,1965,04,27,0.0,21.608646,5.5196548,1965
5596,r4i1p1f1,1965,04,28,0.0,17.15669,2.4400024,1965
5597,r4i1p1f1,1965,04,29,0.0,16.971006,4.006535,1965
5598,r4i1p1f1,1965,04,30,0.0,25.5918,8.018478,1965
5599,r4i1p1f1,1965,05,01,0.0,27.941704,11.274359,1965
5600,r4i1p1f1,1965,05,02,0.0,28.42202,11.066099,1965
5601,r4i1p1f1,1965,05,03,0.0,20.993788,5.2933426,1965
5602,r4i1p1f1,1965,05,04,0.0,29.503347,11.135166,1965
5603,r4i1p1f1,1965,05,05,0.0,29.210934,11.962959,1965
5604,r4i1p1f1,1965,05,06,0.0,31.43637,12.390973,1965
5605,r4i1p1f1,1965,05,07,0.0,30.559896,11.4907875,1965
5606,r4i1p1f1,1965,05,08,0.028367430900289037,29.29796,13.442501,1965
5607,r4i1p1f1,1965,05,09,0.01918639361520036,26.2891,9.750388,1965
5608,r4i1p1f1,1965,05,10,0.0,31.095894,13.046985,1965
5609,r4i1p1f1,1965,05,11,0.0,31.172281,12.776811,1965
5610,r4i1p1f1,1965,05,12,0.0,30.197872,12.326732,1965
5611,r4i1p1f1,1965,05,13,0.0,28.179167,11.133617,1965
5612,r4i1p1f1,1965,05,14,0.0,24.65469,9.076267,1965
5613,r4i1p1f1,1965,05,15,0.0,21.899225,5.1173916,1965
5614,r4i1p1f1,1965,05,16,0.08169048232957721,21.698738,4.267644,1965
5615,r4i1p1f1,1965,05,17,2.7260592667403216,15.661582,0.035954475,1965
5616,r4i1p1f1,1965,05,18,0.7875954172277488,21.359436,3.4054315,1965
5617,r4i1p1f1,1965,05,19,0.0,25.860958,8.890989,1965
5618,r4i1p1f1,1965,05,20,0.0,26.472073,9.732775,1965
5619,r4i1p1f1,1965,05,21,0.0,25.622713,8.732464,1965
5620,r4i1p1f1,1965,05,22,0.0,26.001038,8.610151,1965
5621,r4i1p1f1,1965,05,23,0.0,28.0345,9.260402,1965
5622,r4i1p1f1,1965,05,24,0.0,30.436323,11.147144,1965
5623,r4i1p1f1,1965,05,25,0.0,31.277506,12.928087,1965
5624,r4i1p1f1,1965,05,26,0.0,30.269419,12.465686,1965
5625,r4i1p1f1,1965,05,27,0.0,30.309425,12.236688,1965
5626,r4i1p1f1,1965,05,28,0.0,27.197512,9.8384285,1965
5627,r4i1p1f1,1965,05,29,0.0,27.268839,10.889912,1965
5628,r4i1p1f1,1965,05,30,0.0,23.954334,9.25578,1965
5629,r4i1p1f1,1965,05,31,0.0,25.112139,7.565594,1965
5630,r4i1p1f1,1965,06,01,0.0,28.07885,7.406227,1965
5631,r4i1p1f1,1965,06,02,0.0,27.529396,8.570751,1965
5632,r4i1p1f1,1965,06,03,0.0,22.378834,6.856313,1965
5633,r4i1p1f1,1965,06,04,0.0,20.374199,6.1308813,1965
5634,r4i1p1f1,1965,06,05,0.0,18.406273,3.9521565,1965
5635,r4i1p1f1,1965,06,06,0.0,22.682838,4.1971865,1965
5636,r4i1p1f1,1965,06,07,0.013546173249778803,24.007515,5.245569,1965
5637,r4i1p1f1,1965,06,08,0.0,24.574852,6.0435486,1965
5638,r4i1p1f1,1965,06,09,0.0,23.731508,6.3684835,1965
5639,r4i1p1f1,1965,06,10,4.884795464454328,13.214743,7.313831,1965
5640,r4i1p1f1,1965,06,11,0.007236438341351459,22.62397,7.5057473,1965
5641,r4i1p1f1,1965,06,12,0.02296376048889215,22.540373,9.263421,1965
5642,r4i1p1f1,1965,06,13,0.0,24.161936,6.2512794,1965
5643,r4i1p1f1,1965,06,14,0.0,27.577133,8.083621,1965
5644,r4i1p1f1,1965,06,15,0.0,29.64797,10.671597,1965
5645,r4i1p1f1,1965,06,16,0.0,28.503288,9.674587,1965
5646,r4i1p1f1,1965,06,17,0.0,27.564474,8.715971,1965
5647,r4i1p1f1,1965,06,18,0.0,29.888802,10.022676,1965
5648,r4i1p1f1,1965,06,19,0.0,30.35107,10.949505,1965
5649,r4i1p1f1,1965,06,20,0.11798764526247396,30.345028,11.717337,1965
5650,r4i1p1f1,1965,06,21,0.0,30.766838,12.755733,1965
5651,r4i1p1f1,1965,06,22,0.0,30.55409,12.354787,1965
5652,r4i1p1f1,1965,06,23,0.006786382476775543,30.740013,12.579911,1965
5653,r4i1p1f1,1965,06,24,0.0,31.961721,13.299766,1965
5654,r4i1p1f1,1965,06,25,0.10323027690901654,32.178356,16.074398,1965
5655,r4i1p1f1,1965,06,26,0.35742775821745454,31.514605,14.5061865,1965
5656,r4i1p1f1,1965,06,27,0.0,30.458109,12.055599,1965
5657,r4i1p1f1,1965,06,28,0.0,25.427994,9.173794,1965
5658,r4i1p1f1,1965,06,29,0.0,20.164156,5.092531,1965
5659,r4i1p1f1,1965,06,30,0.0,21.047169,8.409424,1965
5660,r4i1p1f1,1965,07,01,0.0,22.68734,5.5559807,1965
5661,r4i1p1f1,1965,07,02,0.0,23.42288,7.0382724,1965
5662,r4i1p1f1,1965,07,03,0.0,24.28333,6.6215086,1965
5663,r4i1p1f1,1965,07,04,0.0,25.794836,6.9801807,1965
5664,r4i1p1f1,1965,07,05,0.0,25.666508,7.858077,1965
5665,r4i1p1f1,1965,07,06,0.0,23.228912,7.1756744,1965
5666,r4i1p1f1,1965,07,07,1.2399960405673482,26.833702,12.004671,1965
5667,r4i1p1f1,1965,07,08,0.10971144819507117,28.165466,11.744958,1965
5668,r4i1p1f1,1965,07,09,0.0,27.726114,11.09884,1965
5669,r4i1p1f1,1965,07,10,0.0,30.568642,13.842723,1965
5670,r4i1p1f1,1965,07,11,0.0,32.10869,16.289574,1965
5671,r4i1p1f1,1965,07,12,5.2064967803744366e-05,35.337963,15.170818,1965
5672,r4i1p1f1,1965,07,13,0.0,35.224297,15.711319,1965
5673,r4i1p1f1,1965,07,14,0.04949295851019997,34.0291,14.993873,1965
5674,r4i1p1f1,1965,07,15,0.0,31.720175,14.3839245,1965
5675,r4i1p1f1,1965,07,16,0.009899118661849116,32.368736,13.978892,1965
5676,r4i1p1f1,1965,07,17,16.672544692119118,31.621107,14.3742,1965
5677,r4i1p1f1,1965,07,18,0.14248024570520101,34.626347,17.7291,1965
5678,r4i1p1f1,1965,07,19,0.0,33.57161,17.65978,1965
5679,r4i1p1f1,1965,07,20,0.41896657248798874,34.142323,19.027424,1965
5680,r4i1p1f1,1965,07,21,0.6567105748672475,31.307884,16.334835,1965
5681,r4i1p1f1,1965,07,22,6.468169222773668,29.800241,15.452508,1965
5682,r4i1p1f1,1965,07,23,0.16288347292174876,32.513374,16.641796,1965
5683,r4i1p1f1,1965,07,24,0.0,31.765999,15.687162,1965
5684,r4i1p1f1,1965,07,25,0.0,32.4074,15.822924,1965
5685,r4i1p1f1,1965,07,26,0.011289539543213323,34.65934,16.609848,1965
5686,r4i1p1f1,1965,07,27,0.0,35.1212,16.689592,1965
5687,r4i1p1f1,1965,07,28,0.0,34.31981,16.464586,1965
5688,r4i1p1f1,1965,07,29,0.0,34.51906,16.165627,1965
5689,r4i1p1f1,1965,07,30,0.0,35.351784,16.918896,1965
5690,r4i1p1f1,1965,07,31,0.0,35.530445,17.0306,1965
5691,r4i1p1f1,1965,08,01,0.0,31.182003,13.560625,1965
5692,r4i1p1f1,1965,08,02,0.0,25.328575,8.286091,1965
5693,r4i1p1f1,1965,08,03,0.0,28.238195,11.767537,1965
5694,r4i1p1f1,1965,08,04,0.0,32.424614,13.220469,1965
5695,r4i1p1f1,1965,08,05,0.0,35.390224,16.04935,1965
5696,r4i1p1f1,1965,08,06,0.0,37.1859,17.924278,1965
5697,r4i1p1f1,1965,08,07,0.0,36.688614,17.886436,1965
5698,r4i1p1f1,1965,08,08,0.0,32.96674,14.518017,1965
5699,r4i1p1f1,1965,08,09,0.0,27.872911,9.036236,1965
5700,r4i1p1f1,1965,08,10,0.0,27.277493,8.398458,1965
5701,r4i1p1f1,1965,08,11,0.0,26.888693,8.541786,1965
5702,r4i1p1f1,1965,08,12,0.0,27.903566,9.060359,1965
5703,r4i1p1f1,1965,08,13,0.0,30.053581,11.05482,1965
5704,r4i1p1f1,1965,08,14,0.0,30.642448,12.097764,1965
5705,r4i1p1f1,1965,08,15,0.0,31.65917,12.811241,1965
5706,r4i1p1f1,1965,08,16,0.0,32.263577,14.317128,1965
5707,r4i1p1f1,1965,08,17,0.0,33.095688,15.2217,1965
5708,r4i1p1f1,1965,08,18,0.0,33.58075,15.057034,1965
5709,r4i1p1f1,1965,08,19,0.0,34.101143,15.5977,1965
5710,r4i1p1f1,1965,08,20,0.0,33.332905,14.311369,1965
5711,r4i1p1f1,1965,08,21,0.0,32.608105,14.1281395,1965
5712,r4i1p1f1,1965,08,22,0.0,32.10468,13.35413,1965
5713,r4i1p1f1,1965,08,23,0.0,31.334696,12.103365,1965
5714,r4i1p1f1,1965,08,24,0.0,28.660187,10.876759,1965
5715,r4i1p1f1,1965,08,25,0.0,27.9846,10.3860035,1965
5716,r4i1p1f1,1965,08,26,0.0,27.4164,10.52792,1965
5717,r4i1p1f1,1965,08,27,0.0,29.226875,11.858349,1965
5718,r4i1p1f1,1965,08,28,0.0,30.364594,11.389608,1965
5719,r4i1p1f1,1965,08,29,0.0,30.239014,11.255516,1965
5720,r4i1p1f1,1965,08,30,0.0,28.868761,10.256465,1965
5721,r4i1p1f1,1965,08,31,0.0,23.915005,5.923271,1965
5722,r4i1p1f1,1965,09,01,0.0,18.884031,2.5487347,1965
5723,r4i1p1f1,1965,09,02,0.0,24.45707,6.661288,1965
5724,r4i1p1f1,1965,09,03,0.0,31.211052,13.5056715,1965
5725,r4i1p1f1,1965,09,04,0.0,31.623379,13.008501,1965
5726,r4i1p1f1,1965,09,05,0.0,29.637678,14.39967,1965
5727,r4i1p1f1,1965,09,06,0.0,29.306044,12.533817,1965
5728,r4i1p1f1,1965,09,07,0.0,27.050953,9.733163,1965
5729,r4i1p1f1,1965,09,08,0.0,27.480263,7.127276,1965
5730,r4i1p1f1,1965,09,09,0.0,28.932543,10.157605,1965
5731,r4i1p1f1,1965,09,10,0.0,28.727427,12.35709,1965
5732,r4i1p1f1,1965,09,11,0.0,28.33181,10.223622,1965
5733,r4i1p1f1,1965,09,12,0.0,27.556242,8.993127,1965
5734,r4i1p1f1,1965,09,13,0.0,28.677467,10.65027,1965
5735,r4i1p1f1,1965,09,14,0.0,32.20681,13.126965,1965
5736,r4i1p1f1,1965,09,15,0.0,32.753082,13.967163,1965
5737,r4i1p1f1,1965,09,16,0.0,34.786705,15.476249,1965
5738,r4i1p1f1,1965,09,17,0.0,35.337715,16.88141,1965
5739,r4i1p1f1,1965,09,18,0.0,34.981953,16.874382,1965
5740,r4i1p1f1,1965,09,19,0.0,33.83679,15.318754,1965
5741,r4i1p1f1,1965,09,20,0.0,35.85065,17.101524,1965
5742,r4i1p1f1,1965,09,21,0.0,35.834,17.169216,1965
5743,r4i1p1f1,1965,09,22,0.0,35.86142,17.79438,1965
5744,r4i1p1f1,1965,09,23,0.0,33.731365,14.897581,1965
5745,r4i1p1f1,1965,09,24,0.0,31.894325,13.96495,1965
5746,r4i1p1f1,1965,09,25,0.0014194091363606276,24.716587,10.330093,1965
5747,r4i1p1f1,1965,09,26,0.12214109884780555,16.016762,4.56965,1965
5748,r4i1p1f1,1965,09,27,0.0,19.59219,3.729616,1965
5749,r4i1p1f1,1965,09,28,0.0,20.209906,5.630241,1965
5750,r4i1p1f1,1965,09,29,0.0,20.563826,5.4378104,1965
5751,r4i1p1f1,1965,09,30,0.0,22.429207,6.4752464,1965
5752,r4i1p1f1,1965,10,01,0.0,23.767138,7.8776255,1965
5753,r4i1p1f1,1965,10,02,0.0,25.387533,7.8839087,1965
5754,r4i1p1f1,1965,10,03,0.0,25.508318,9.3220825,1965
5755,r4i1p1f1,1965,10,04,0.0,25.47733,9.786663,1965
5756,r4i1p1f1,1965,10,05,1.4810532017691003,22.194767,6.1917744,1965
5757,r4i1p1f1,1965,10,06,1.65514443358461,21.291494,5.7195725,1965
5758,r4i1p1f1,1965,10,07,4.208458211900279,19.497139,6.7119617,1965
5759,r4i1p1f1,1965,10,08,1.2897704116369368,18.686298,7.389318,1965
5760,r4i1p1f1,1965,10,09,0.04335070511842787,20.258915,8.841545,1965
5761,r4i1p1f1,1965,10,10,0.0,21.036144,6.256124,1965
5762,r4i1p1f1,1965,10,11,0.0,22.041597,6.9177775,1965
5763,r4i1p1f1,1965,10,12,0.0,20.401865,4.9063873,1965
5764,r4i1p1f1,1965,10,13,0.0,20.932293,3.1450658,1965
5765,r4i1p1f1,1965,10,14,0.0,20.543507,3.8457134,1965
5766,r4i1p1f1,1965,10,15,0.057134113444590184,18.328579,5.050353,1965
5767,r4i1p1f1,1965,10,16,0.19603897803222026,18.949593,5.73545,1965
5768,r4i1p1f1,1965,10,17,0.0,20.778002,6.4146748,1965
5769,r4i1p1f1,1965,10,18,0.0,22.212406,6.301124,1965
5770,r4i1p1f1,1965,10,19,0.0,22.167612,8.076947,1965
5771,r4i1p1f1,1965,10,20,0.0,19.940435,4.6275067,1965
5772,r4i1p1f1,1965,10,21,0.0,20.07039,4.9626436,1965
5773,r4i1p1f1,1965,10,22,0.0,21.389708,4.3488345,1965
5774,r4i1p1f1,1965,10,23,0.0,23.107983,5.45594,1965
5775,r4i1p1f1,1965,10,24,0.0,22.731188,5.8808837,1965
5776,r4i1p1f1,1965,10,25,0.0,22.55951,5.728094,1965
5777,r4i1p1f1,1965,10,26,0.0,24.091068,6.5069203,1965
5778,r4i1p1f1,1965,10,27,0.0,23.649023,6.830745,1965
5779,r4i1p1f1,1965,10,28,0.0,23.617846,8.828594,1965
5780,r4i1p1f1,1965,10,29,0.2833385353369522,20.387316,4.4073396,1965
5781,r4i1p1f1,1965,10,30,0.0,11.015917,-1.786744,1965
5782,r4i1p1f1,1965,10,31,0.040674270871932094,9.776071,-1.0413184,1965
5783,r4i1p1f1,1965,11,01,0.0,12.038764,-2.2795205,1965
5784,r4i1p1f1,1965,11,02,0.0,11.62557,-1.2241092,1965
5785,r4i1p1f1,1965,11,03,0.0,12.066838,2.5725317,1965
5786,r4i1p1f1,1965,11,04,0.0,12.321341,0.027000375,1965
5787,r4i1p1f1,1965,11,05,0.03616759158830973,14.482071,1.0883002,1965
5788,r4i1p1f1,1965,11,06,0.0,16.250278,2.976269,1965
5789,r4i1p1f1,1965,11,07,0.0,16.10743,3.3099172,1965
5790,r4i1p1f1,1965,11,08,0.0,15.128647,-0.47344697,1965
5791,r4i1p1f1,1965,11,09,0.0,15.097776,1.1546857,1965
5792,r4i1p1f1,1965,11,10,0.5280849412798716,9.128018,1.6687374,1965
5793,r4i1p1f1,1965,11,11,0.0,13.242429,-0.47778478,1965
5794,r4i1p1f1,1965,11,12,0.0,14.210364,2.4078035,1965
5795,r4i1p1f1,1965,11,13,0.0,15.64968,2.3411362,1965
5796,r4i1p1f1,1965,11,14,0.0,17.144812,0.846934,1965
5797,r4i1p1f1,1965,11,15,0.0,19.385677,3.0904317,1965
5798,r4i1p1f1,1965,11,16,0.0,17.548021,1.2698979,1965
5799,r4i1p1f1,1965,11,17,0.0,14.049389,-0.73814636,1965
5800,r4i1p1f1,1965,11,18,0.0,14.328029,0.41026735,1965
5801,r4i1p1f1,1965,11,19,1.5762423388878233,15.310277,3.2912054,1965
5802,r4i1p1f1,1965,11,20,5.0544789700666115,9.429297,0.23713954,1965
5803,r4i1p1f1,1965,11,21,0.0,9.599858,-2.2143364,1965
5804,r4i1p1f1,1965,11,22,5.503215580961296,8.311604,0.52055293,1965
5805,r4i1p1f1,1965,11,23,7.221074430469798,7.8939233,1.7005334,1965
5806,r4i1p1f1,1965,11,24,0.49217299322776853,13.116815,4.346917,1965
5807,r4i1p1f1,1965,11,25,0.0,15.630927,1.6037896,1965
5808,r4i1p1f1,1965,11,26,0.0,15.578944,0.11627711,1965
5809,r4i1p1f1,1965,11,27,0.0,15.816213,1.685106,1965
5810,r4i1p1f1,1965,11,28,0.0,15.362453,-0.34794748,1965
5811,r4i1p1f1,1965,11,29,0.0,15.628201,0.4916829,1965
5812,r4i1p1f1,1965,11,30,0.0,14.653325,0.19863288,1965
5813,r4i1p1f1,1965,12,01,0.0,13.872657,3.4530306,1965
5814,r4i1p1f1,1965,12,02,0.0,15.341732,3.33422,1965
5815,r4i1p1f1,1965,12,03,0.0,17.316269,5.4001055,1965
5816,r4i1p1f1,1965,12,04,0.0,16.919008,4.778213,1965
5817,r4i1p1f1,1965,12,05,0.0,15.015193,4.4984484,1965
5818,r4i1p1f1,1965,12,06,0.0,14.310898,2.7201464,1965
5819,r4i1p1f1,1965,12,07,0.0,13.043229,2.267516,1965
5820,r4i1p1f1,1965,12,08,0.0,13.675822,1.6044725,1965
5821,r4i1p1f1,1965,12,09,0.0986314629244589,12.618178,1.8423144,1965
5822,r4i1p1f1,1965,12,10,0.0,14.908376,2.391691,1965
5823,r4i1p1f1,1965,12,11,0.0,15.572872,3.1689487,1965
5824,r4i1p1f1,1965,12,12,0.0,17.479053,4.2841053,1965
5825,r4i1p1f1,1965,12,13,0.0,17.773417,4.202495,1965
5826,r4i1p1f1,1965,12,14,0.0,18.472923,4.84099,1965
5827,r4i1p1f1,1965,12,15,0.0,16.929054,3.7071867,1965
5828,r4i1p1f1,1965,12,16,0.0,16.387896,3.0111876,1965
5829,r4i1p1f1,1965,12,17,0.0,16.550982,4.1090093,1965
5830,r4i1p1f1,1965,12,18,0.0,16.854393,4.204739,1965
5831,r4i1p1f1,1965,12,19,0.0,16.411823,4.06859,1965
5832,r4i1p1f1,1965,12,20,0.0,16.415836,4.355969,1965
5833,r4i1p1f1,1965,12,21,0.0,14.93256,3.0247948,1965
5834,r4i1p1f1,1965,12,22,0.0,14.1370325,3.43242,1965
5835,r4i1p1f1,1965,12,23,0.0,15.337396,3.6135902,1965
5836,r4i1p1f1,1965,12,24,0.0,13.993034,3.398305,1965
5837,r4i1p1f1,1965,12,25,0.07937157615742763,12.273014,3.465103,1965
5838,r4i1p1f1,1965,12,26,0.0,13.344688,1.9141377,1965
5839,r4i1p1f1,1965,12,27,0.0,14.173209,2.195311,1965
5840,r4i1p1f1,1965,12,28,0.0,15.764974,2.9040477,1965
5841,r4i1p1f1,1965,12,29,0.0,15.015981,3.2184768,1965
5842,r4i1p1f1,1965,12,30,0.0,15.38625,3.5546732,1965
5843,r4i1p1f1,1965,12,31,0.0,15.430654,2.7501497,1965
5844,r4i1p1f1,1966,01,01,0.0,14.369618,3.0923476,1966
5845,r4i1p1f1,1966,01,02,0.0,14.791092,1.1205363,1966
5846,r4i1p1f1,1966,01,03,0.0,8.529505,-1.889441,1966
5847,r4i1p1f1,1966,01,04,0.0,5.618502,-6.6991653,1966
5848,r4i1p1f1,1966,01,05,1.096352547870083,5.8535285,-6.158404,1966
5849,r4i1p1f1,1966,01,06,1.1862094256230193,8.196978,-1.6894394,1966
5850,r4i1p1f1,1966,01,07,0.0,7.6946454,-3.1781845,1966
5851,r4i1p1f1,1966,01,08,0.0,9.052742,-2.3730152,1966
5852,r4i1p1f1,1966,01,09,0.0,9.60749,-4.2995973,1966
5853,r4i1p1f1,1966,01,10,0.0,13.62303,-0.7810571,1966
5854,r4i1p1f1,1966,01,11,0.0,14.999013,0.35548136,1966
5855,r4i1p1f1,1966,01,12,0.0,15.641283,1.7345926,1966
5856,r4i1p1f1,1966,01,13,0.0,18.146784,3.8764179,1966
5857,r4i1p1f1,1966,01,14,0.0,17.1569,4.592598,1966
5858,r4i1p1f1,1966,01,15,0.0,16.166098,3.1523662,1966
5859,r4i1p1f1,1966,01,16,0.0,14.544961,1.3561295,1966
5860,r4i1p1f1,1966,01,17,0.0,15.730877,1.3524748,1966
5861,r4i1p1f1,1966,01,18,0.0,17.852667,3.5931506,1966
5862,r4i1p1f1,1966,01,19,0.0,19.726511,5.46076,1966
5863,r4i1p1f1,1966,01,20,0.0,20.205408,5.5753927,1966
5864,r4i1p1f1,1966,01,21,0.0,18.961046,4.2367682,1966
5865,r4i1p1f1,1966,01,22,0.01647437761675974,11.697754,-1.6343642,1966
5866,r4i1p1f1,1966,01,23,0.0,6.4190245,-6.2133555,1966
5867,r4i1p1f1,1966,01,24,0.0,12.907533,-1.9691947,1966
5868,r4i1p1f1,1966,01,25,0.0,13.308765,0.7771449,1966
5869,r4i1p1f1,1966,01,26,0.0,13.727546,0.97192943,1966
5870,r4i1p1f1,1966,01,27,0.0,12.715414,-0.85292804,1966
5871,r4i1p1f1,1966,01,28,0.0009343246603066291,12.120438,0.50006175,1966
5872,r4i1p1f1,1966,01,29,0.0,6.09808,-7.757227,1966
5873,r4i1p1f1,1966,01,30,0.0,9.503848,-5.5080066,1966
5874,r4i1p1f1,1966,01,31,0.0,12.492749,-2.17509,1966
5875,r4i1p1f1,1966,02,01,2.342771320513748,11.186062,1.6404372,1966
5876,r4i1p1f1,1966,02,02,0.0,14.726444,2.4538121,1966
5877,r4i1p1f1,1966,02,03,0.0,15.115095,1.4085281,1966
5878,r4i1p1f1,1966,02,04,15.003282356337877,13.54749,0.73165894,1966
5879,r4i1p1f1,1966,02,05,2.4966025206055065,4.914446,-1.102064,1966
5880,r4i1p1f1,1966,02,06,10.37499408464555,5.879041,-4.7585096,1966
5881,r4i1p1f1,1966,02,07,0.0,6.219461,-8.528158,1966
5882,r4i1p1f1,1966,02,08,0.0,7.645479,-7.1351895,1966
5883,r4i1p1f1,1966,02,09,0.0,8.978738,-4.0075617,1966
5884,r4i1p1f1,1966,02,10,0.2654700421601319,8.704839,-2.3067222,1966
5885,r4i1p1f1,1966,02,11,1.1262333946888248,10.278194,0.2204797,1966
5886,r4i1p1f1,1966,02,12,6.748672035814707,8.579626,2.8935182,1966
5887,r4i1p1f1,1966,02,13,11.291983306318798,7.438748,0.13865703,1966
5888,r4i1p1f1,1966,02,14,0.3159273993048828,9.925749,-0.016390536,1966
5889,r4i1p1f1,1966,02,15,0.0,9.595139,-0.6719201,1966
5890,r4i1p1f1,1966,02,16,1.1523573654983466,8.535392,2.033002,1966
5891,r4i1p1f1,1966,02,17,5.27897536240971,8.614826,3.0332181,1966
5892,r4i1p1f1,1966,02,18,34.50203485263046,9.1086855,-0.3650495,1966
5893,r4i1p1f1,1966,02,19,0.035324379769008374,8.259319,-3.2361846,1966
5894,r4i1p1f1,1966,02,20,9.219414618792143,7.1571655,-2.9839623,1966
5895,r4i1p1f1,1966,02,21,7.235584569863818,4.9806743,-6.391271,1966
5896,r4i1p1f1,1966,02,22,12.663470741154015,4.2903233,-7.26238,1966
5897,r4i1p1f1,1966,02,23,12.677122152990705,4.4747105,-7.6671567,1966
5898,r4i1p1f1,1966,02,24,43.22920422164316,5.3976045,-1.8254642,1966
5899,r4i1p1f1,1966,02,25,0.13222909645946856,6.54661,-4.052887,1966
5900,r4i1p1f1,1966,02,26,0.0,8.408864,-5.010445,1966
5901,r4i1p1f1,1966,02,27,2.9652626456709186,8.80119,-2.5437918,1966
5902,r4i1p1f1,1966,02,28,0.0,13.584209,2.5623872,1966
5903,r4i1p1f1,1966,03,01,5.218326643185378,7.297359,1.7686162,1966
5904,r4i1p1f1,1966,03,02,0.0,10.542545,5.404839,1966
5905,r4i1p1f1,1966,03,03,0.0,12.705886,0.6656599,1966
5906,r4i1p1f1,1966,03,04,0.0,13.432242,0.5423631,1966
5907,r4i1p1f1,1966,03,05,0.0,14.570228,1.5830567,1966
5908,r4i1p1f1,1966,03,06,0.0,14.396679,2.1272364,1966
5909,r4i1p1f1,1966,03,07,0.0,14.771196,1.4046656,1966
5910,r4i1p1f1,1966,03,08,0.0,18.667273,1.5661261,1966
5911,r4i1p1f1,1966,03,09,0.0,19.353436,2.7435122,1966
5912,r4i1p1f1,1966,03,10,0.0,19.051338,3.2254333,1966
5913,r4i1p1f1,1966,03,11,0.0,20.9796,5.670555,1966
5914,r4i1p1f1,1966,03,12,0.0,20.699852,5.5267696,1966
5915,r4i1p1f1,1966,03,13,0.0,17.282028,3.9753447,1966
5916,r4i1p1f1,1966,03,14,0.0,16.36455,4.1833744,1966
5917,r4i1p1f1,1966,03,15,16.24324223412259,11.273808,4.890214,1966
5918,r4i1p1f1,1966,03,16,16.41111568414999,10.294186,0.5916259,1966
5919,r4i1p1f1,1966,03,17,0.06236512275563655,13.213416,3.088808,1966
5920,r4i1p1f1,1966,03,18,15.131342346103338,10.341778,2.6325123,1966
5921,r4i1p1f1,1966,03,19,27.065596298416494,10.664707,2.2816973,1966
5922,r4i1p1f1,1966,03,20,18.301258717940527,10.039601,0.24488878,1966
5923,r4i1p1f1,1966,03,21,5.507517118628158,7.625723,-0.26460484,1966
5924,r4i1p1f1,1966,03,22,0.0,12.855916,0.44039318,1966
5925,r4i1p1f1,1966,03,23,0.12725400272302068,11.717175,2.4824626,1966
5926,r4i1p1f1,1966,03,24,0.3689812897846423,11.357908,1.4667708,1966
5927,r4i1p1f1,1966,03,25,0.0,15.525219,1.7498038,1966
5928,r4i1p1f1,1966,03,26,0.8149161770518276,14.446998,2.1365519,1966
5929,r4i1p1f1,1966,03,27,0.0,17.783699,5.584512,1966
5930,r4i1p1f1,1966,03,28,0.0015300581708288519,19.359533,4.575889,1966
5931,r4i1p1f1,1966,03,29,0.0,19.735239,5.019903,1966
5932,r4i1p1f1,1966,03,30,0.0,20.029867,5.107897,1966
5933,r4i1p1f1,1966,03,31,0.0,15.986053,1.592327,1966
5934,r4i1p1f1,1966,04,01,0.0,17.680702,0.80023986,1966
5935,r4i1p1f1,1966,04,02,0.0,18.076458,3.6596625,1966
5936,r4i1p1f1,1966,04,03,0.0,17.324507,2.7597127,1966
5937,r4i1p1f1,1966,04,04,0.0,14.987453,4.814441,1966
5938,r4i1p1f1,1966,04,05,9.312078461130113,11.715535,1.9269907,1966
5939,r4i1p1f1,1966,04,06,2.4380934859664194,14.756395,0.3344567,1966
5940,r4i1p1f1,1966,04,07,0.0,20.396507,4.398651,1966
5941,r4i1p1f1,1966,04,08,0.0018355438214712194,21.919376,4.0786853,1966
5942,r4i1p1f1,1966,04,09,0.0004150143013248453,20.301153,5.388835,1966
5943,r4i1p1f1,1966,04,10,0.0,21.243368,6.288179,1966
5944,r4i1p1f1,1966,04,11,0.0,21.782297,7.7292767,1966
5945,r4i1p1f1,1966,04,12,6.741315927183678,15.758879,2.067192,1966
5946,r4i1p1f1,1966,04,13,1.9805592565063534,14.193151,2.0816538,1966
5947,r4i1p1f1,1966,04,14,0.0,17.859606,2.9575427,1966
5948,r4i1p1f1,1966,04,15,18.917231880686813,14.162662,-0.43081945,1966
5949,r4i1p1f1,1966,04,16,0.07819663442205638,10.757105,4.4764185,1966
5950,r4i1p1f1,1966,04,17,0.0,16.103329,0.9165584,1966
5951,r4i1p1f1,1966,04,18,0.0,16.128471,1.9936738,1966
5952,r4i1p1f1,1966,04,19,9.732790529960766,13.000571,-0.42879438,1966
5953,r4i1p1f1,1966,04,20,0.6542386863770844,10.470811,1.738671,1966
5954,r4i1p1f1,1966,04,21,0.0,11.176682,1.9831259,1966
5955,r4i1p1f1,1966,04,22,0.0,12.37316,-1.3080319,1966
5956,r4i1p1f1,1966,04,23,0.10112847198797681,10.664341,1.6049699,1966
5957,r4i1p1f1,1966,04,24,0.3483908386101575,11.671078,2.2185411,1966
5958,r4i1p1f1,1966,04,25,0.0,14.549297,0.91905445,1966
5959,r4i1p1f1,1966,04,26,0.0006419065130103263,13.236875,1.280148,1966
5960,r4i1p1f1,1966,04,27,17.901097446952008,9.640476,3.5795543,1966
5961,r4i1p1f1,1966,04,28,0.0,16.735348,1.7678719,1966
5962,r4i1p1f1,1966,04,29,0.0,16.892326,2.5570488,1966
5963,r4i1p1f1,1966,04,30,0.0,19.47123,3.6499062,1966
5964,r4i1p1f1,1966,05,01,0.0,23.369253,6.3017383,1966
5965,r4i1p1f1,1966,05,02,0.0,24.463623,8.107062,1966
5966,r4i1p1f1,1966,05,03,0.0,26.640974,9.471411,1966
5967,r4i1p1f1,1966,05,04,0.0,25.960514,9.31781,1966
5968,r4i1p1f1,1966,05,05,0.0,22.176458,7.4487557,1966
5969,r4i1p1f1,1966,05,06,0.0,17.570152,1.9457946,1966
5970,r4i1p1f1,1966,05,07,0.0,15.288998,-0.399176,1966
5971,r4i1p1f1,1966,05,08,0.0,19.225777,3.7499647,1966
5972,r4i1p1f1,1966,05,09,0.0,22.703737,6.407153,1966
5973,r4i1p1f1,1966,05,10,0.0,24.341167,8.549792,1966
5974,r4i1p1f1,1966,05,11,0.08098450957731984,23.20481,8.724461,1966
5975,r4i1p1f1,1966,05,12,0.0,23.850227,8.216888,1966
5976,r4i1p1f1,1966,05,13,0.0,21.915081,5.7657785,1966
5977,r4i1p1f1,1966,05,14,0.0,24.93611,7.8029566,1966
5978,r4i1p1f1,1966,05,15,0.0,28.212496,9.77985,1966
5979,r4i1p1f1,1966,05,16,0.0,29.145943,10.984679,1966
5980,r4i1p1f1,1966,05,17,0.0,30.969156,12.723828,1966
5981,r4i1p1f1,1966,05,18,0.0,30.498112,12.709242,1966
5982,r4i1p1f1,1966,05,19,0.1049376394803403,29.3762,12.700819,1966
5983,r4i1p1f1,1966,05,20,2.2574217764713467,21.622555,4.481115,1966
5984,r4i1p1f1,1966,05,21,0.0,28.058012,11.141209,1966
5985,r4i1p1f1,1966,05,22,0.0,26.741312,9.239071,1966
5986,r4i1p1f1,1966,05,23,0.01000123011181131,20.540234,4.4541764,1966
5987,r4i1p1f1,1966,05,24,0.0,19.6163,5.51576,1966
5988,r4i1p1f1,1966,05,25,0.4446116535291367,22.202656,4.2103786,1966
5989,r4i1p1f1,1966,05,26,0.0,23.48617,8.475411,1966
5990,r4i1p1f1,1966,05,27,1.6674479386196595,16.527016,5.4854565,1966
5991,r4i1p1f1,1966,05,28,1.2278231017290864,17.24392,1.6989439,1966
5992,r4i1p1f1,1966,05,29,0.0,18.371864,2.8263576,1966
5993,r4i1p1f1,1966,05,30,1.95079922577861,16.261415,5.8363075,1966
5994,r4i1p1f1,1966,05,31,8.378248310020808,12.999612,3.9478064,1966
5995,r4i1p1f1,1966,06,01,0.3487165081708099,18.69835,3.549382,1966
5996,r4i1p1f1,1966,06,02,0.024630496136524016,17.627878,4.896625,1966
5997,r4i1p1f1,1966,06,03,0.08884882985285003,17.965563,4.170273,1966
5998,r4i1p1f1,1966,06,04,1.1111417909546617,17.208471,6.5308576,1966
5999,r4i1p1f1,1966,06,05,0.07141601970488409,20.142572,6.8166714,1966
6000,r4i1p1f1,1966,06,06,0.040652970056953563,18.376513,11.25291,1966
6001,r4i1p1f1,1966,06,07,2.6212584876475375,15.681974,2.8873549,1966
6002,r4i1p1f1,1966,06,08,0.023317072509598802,20.430746,4.3139596,1966
6003,r4i1p1f1,1966,06,09,0.0,25.639275,8.527906,1966
6004,r4i1p1f1,1966,06,10,0.0,29.447514,11.40341,1966
6005,r4i1p1f1,1966,06,11,0.0,30.952541,12.541409,1966
6006,r4i1p1f1,1966,06,12,0.0,31.74826,14.562668,1966
6007,r4i1p1f1,1966,06,13,0.0,29.577118,13.09664,1966
6008,r4i1p1f1,1966,06,14,0.0,28.970146,11.093072,1966
6009,r4i1p1f1,1966,06,15,0.0,28.07491,11.2233715,1966
6010,r4i1p1f1,1966,06,16,0.0,27.97096,10.807456,1966
6011,r4i1p1f1,1966,06,17,0.0,24.54128,9.190035,1966
6012,r4i1p1f1,1966,06,18,0.6507481302833185,18.108149,3.7266736,1966
6013,r4i1p1f1,1966,06,19,0.13640804281749297,20.740545,5.05156,1966
6014,r4i1p1f1,1966,06,20,0.0,25.572609,9.652481,1966
6015,r4i1p1f1,1966,06,21,0.0,25.366434,9.359492,1966
6016,r4i1p1f1,1966,06,22,0.025992605947067204,23.928244,7.5130177,1966
6017,r4i1p1f1,1966,06,23,0.01990502223634394,23.783432,7.403211,1966
6018,r4i1p1f1,1966,06,24,1.6678252793724369,21.878042,7.0016856,1966
6019,r4i1p1f1,1966,06,25,0.6711806879195592,28.457668,11.674693,1966
6020,r4i1p1f1,1966,06,26,1.1992334251317516,28.555769,11.736198,1966
6021,r4i1p1f1,1966,06,27,0.0,29.367147,13.033388,1966
6022,r4i1p1f1,1966,06,28,0.004657303543353919,29.189535,12.368755,1966
6023,r4i1p1f1,1966,06,29,0.0,27.949968,11.643932,1966
6024,r4i1p1f1,1966,06,30,0.0,27.27955,10.564105,1966
6025,r4i1p1f1,1966,07,01,0.0,27.410604,10.913181,1966
6026,r4i1p1f1,1966,07,02,0.0,29.633982,11.745861,1966
6027,r4i1p1f1,1966,07,03,0.0,30.975119,13.111309,1966
6028,r4i1p1f1,1966,07,04,0.0,31.728996,14.540356,1966
6029,r4i1p1f1,1966,07,05,0.0,29.91787,11.613841,1966
6030,r4i1p1f1,1966,07,06,0.0,28.634365,11.369988,1966
6031,r4i1p1f1,1966,07,07,0.44642363361617754,25.229422,9.611847,1966
6032,r4i1p1f1,1966,07,08,0.0,18.733376,4.5186834,1966
6033,r4i1p1f1,1966,07,09,0.0639590207697438,21.475325,12.030136,1966
6034,r4i1p1f1,1966,07,10,0.0,20.879082,6.7427354,1966
6035,r4i1p1f1,1966,07,11,0.0,23.188095,7.043203,1966
6036,r4i1p1f1,1966,07,12,0.0,26.058817,8.281136,1966
6037,r4i1p1f1,1966,07,13,0.0,25.400946,8.082451,1966
6038,r4i1p1f1,1966,07,14,0.0,22.51844,6.3907747,1966
6039,r4i1p1f1,1966,07,15,0.0,22.424303,6.267004,1966
6040,r4i1p1f1,1966,07,16,0.0,23.948435,7.6246805,1966
6041,r4i1p1f1,1966,07,17,0.0,24.421865,7.555097,1966
6042,r4i1p1f1,1966,07,18,0.0,24.459543,8.054964,1966
6043,r4i1p1f1,1966,07,19,0.0,24.703545,7.9684057,1966
6044,r4i1p1f1,1966,07,20,0.0,27.068981,9.727911,1966
6045,r4i1p1f1,1966,07,21,0.0,27.03456,9.35944,1966
6046,r4i1p1f1,1966,07,22,0.0,27.93971,9.833673,1966
6047,r4i1p1f1,1966,07,23,0.0,29.855038,10.730534,1966
6048,r4i1p1f1,1966,07,24,0.0,29.95557,12.295722,1966
6049,r4i1p1f1,1966,07,25,0.0,31.336449,13.6385765,1966
6050,r4i1p1f1,1966,07,26,0.0,30.835531,13.4670105,1966
6051,r4i1p1f1,1966,07,27,0.0,32.753616,13.376626,1966
6052,r4i1p1f1,1966,07,28,0.0,33.20157,14.028561,1966
6053,r4i1p1f1,1966,07,29,0.0,31.953426,12.394184,1966
6054,r4i1p1f1,1966,07,30,0.0,31.887722,12.678083,1966
6055,r4i1p1f1,1966,07,31,0.0,32.90529,13.793539,1966
6056,r4i1p1f1,1966,08,01,0.0,32.720596,14.451603,1966
6057,r4i1p1f1,1966,08,02,0.0,33.58642,14.251892,1966
6058,r4i1p1f1,1966,08,03,0.0,35.59301,16.53508,1966
6059,r4i1p1f1,1966,08,04,0.0,34.639088,16.004124,1966
6060,r4i1p1f1,1966,08,05,0.0,37.189156,18.793,1966
6061,r4i1p1f1,1966,08,06,0.0,37.459965,19.026388,1966
6062,r4i1p1f1,1966,08,07,0.0,36.742702,19.016655,1966
6063,r4i1p1f1,1966,08,08,0.0,37.37898,19.916267,1966
6064,r4i1p1f1,1966,08,09,0.0,38.8833,20.638597,1966
6065,r4i1p1f1,1966,08,10,0.8517913311692382,39.01892,21.06376,1966
6066,r4i1p1f1,1966,08,11,6.236303631146711,36.956806,19.843277,1966
6067,r4i1p1f1,1966,08,12,16.357046635766892,34.80616,18.051949,1966
6068,r4i1p1f1,1966,08,13,3.8739170689950697,33.40213,16.938145,1966
6069,r4i1p1f1,1966,08,14,0.0,32.057724,15.743754,1966
6070,r4i1p1f1,1966,08,15,0.0,30.945112,14.583808,1966
6071,r4i1p1f1,1966,08,16,0.0,31.42316,15.8198395,1966
6072,r4i1p1f1,1966,08,17,0.9838725200097542,31.090834,15.077098,1966
6073,r4i1p1f1,1966,08,18,0.3616934965037899,30.557058,14.251031,1966
6074,r4i1p1f1,1966,08,19,8.312848253453975,30.422428,13.735195,1966
6075,r4i1p1f1,1966,08,20,0.0,28.298067,11.512713,1966
6076,r4i1p1f1,1966,08,21,0.0,25.954432,9.799005,1966
6077,r4i1p1f1,1966,08,22,0.133053332046984,29.234524,14.076231,1966
6078,r4i1p1f1,1966,08,23,0.14848705856138622,27.076054,10.98293,1966
6079,r4i1p1f1,1966,08,24,0.0,29.37994,13.7966795,1966
6080,r4i1p1f1,1966,08,25,0.01580660664330935,28.738983,12.821996,1966
6081,r4i1p1f1,1966,08,26,0.0,28.155954,11.941594,1966
6082,r4i1p1f1,1966,08,27,0.0,27.852364,10.826359,1966
6083,r4i1p1f1,1966,08,28,0.0,29.50156,11.035938,1966
6084,r4i1p1f1,1966,08,29,0.0,33.2931,12.933379,1966
6085,r4i1p1f1,1966,08,30,0.0,33.217937,14.033709,1966
6086,r4i1p1f1,1966,08,31,0.0,29.621922,12.805661,1966
6087,r4i1p1f1,1966,09,01,0.0,29.861576,12.7672825,1966
6088,r4i1p1f1,1966,09,02,0.0,29.95118,12.550037,1966
6089,r4i1p1f1,1966,09,03,0.0,27.794403,10.792637,1966
6090,r4i1p1f1,1966,09,04,0.0,31.208212,12.359714,1966
6091,r4i1p1f1,1966,09,05,0.0,31.873434,13.250015,1966
6092,r4i1p1f1,1966,09,06,0.0,31.546526,14.708446,1966
6093,r4i1p1f1,1966,09,07,0.0,31.53442,13.790381,1966
6094,r4i1p1f1,1966,09,08,0.0,32.246128,14.051233,1966
6095,r4i1p1f1,1966,09,09,0.0,32.096016,13.732655,1966
6096,r4i1p1f1,1966,09,10,0.0,31.530888,12.957579,1966
6097,r4i1p1f1,1966,09,11,0.0,28.96988,11.292675,1966
6098,r4i1p1f1,1966,09,12,0.0,29.676805,11.656783,1966
6099,r4i1p1f1,1966,09,13,0.0,31.681349,12.99229,1966
6100,r4i1p1f1,1966,09,14,0.0,32.56639,13.372326,1966
6101,r4i1p1f1,1966,09,15,0.009015503665210645,32.839954,15.194216,1966
6102,r4i1p1f1,1966,09,16,0.0,29.623247,13.714323,1966
6103,r4i1p1f1,1966,09,17,0.0,28.84257,11.098415,1966
6104,r4i1p1f1,1966,09,18,0.0,28.536934,10.461479,1966
6105,r4i1p1f1,1966,09,19,0.0,28.659447,12.039715,1966
6106,r4i1p1f1,1966,09,20,0.0,28.355518,10.529866,1966
6107,r4i1p1f1,1966,09,21,0.0,24.091112,7.118554,1966
6108,r4i1p1f1,1966,09,22,0.0,22.601797,6.8913484,1966
6109,r4i1p1f1,1966,09,23,0.0,24.777658,9.570852,1966
6110,r4i1p1f1,1966,09,24,0.0,25.281197,9.124424,1966
6111,r4i1p1f1,1966,09,25,0.0,28.149597,9.336354,1966
6112,r4i1p1f1,1966,09,26,0.0,29.603624,10.219884,1966
6113,r4i1p1f1,1966,09,27,0.0,30.865278,12.330087,1966
6114,r4i1p1f1,1966,09,28,0.0,29.965899,11.080924,1966
6115,r4i1p1f1,1966,09,29,0.0,29.891418,11.143503,1966
6116,r4i1p1f1,1966,09,30,0.0,25.46564,7.854211,1966
6117,r4i1p1f1,1966,10,01,0.0,24.592674,7.0629435,1966
6118,r4i1p1f1,1966,10,02,0.0,23.670626,6.96963,1966
6119,r4i1p1f1,1966,10,03,0.0,21.779686,4.676826,1966
6120,r4i1p1f1,1966,10,04,0.0,20.121168,3.6221826,1966
6121,r4i1p1f1,1966,10,05,0.0,19.446714,4.5894394,1966
6122,r4i1p1f1,1966,10,06,0.0,18.6123,3.0404828,1966
6123,r4i1p1f1,1966,10,07,0.0,17.33654,2.0854661,1966
6124,r4i1p1f1,1966,10,08,0.0,20.038832,4.6694927,1966
6125,r4i1p1f1,1966,10,09,0.0,20.520943,4.366174,1966
6126,r4i1p1f1,1966,10,10,6.432306268546029,17.962486,4.2210913,1966
6127,r4i1p1f1,1966,10,11,8.299349475964846,8.80847,-2.261593,1966
6128,r4i1p1f1,1966,10,12,0.0,11.222393,-3.1350057,1966
6129,r4i1p1f1,1966,10,13,0.0,15.171214,1.2965703,1966
6130,r4i1p1f1,1966,10,14,0.0,18.39324,2.286207,1966
6131,r4i1p1f1,1966,10,15,0.0,21.642328,4.3922153,1966
6132,r4i1p1f1,1966,10,16,0.0,24.75027,7.3005195,1966
6133,r4i1p1f1,1966,10,17,0.0,24.116919,6.1240377,1966
6134,r4i1p1f1,1966,10,18,0.0,23.164385,5.305185,1966
6135,r4i1p1f1,1966,10,19,0.0,18.23921,4.494244,1966
6136,r4i1p1f1,1966,10,20,0.0,19.66314,4.328583,1966
6137,r4i1p1f1,1966,10,21,0.0,19.896189,5.620764,1966
6138,r4i1p1f1,1966,10,22,0.0,23.077255,6.1979074,1966
6139,r4i1p1f1,1966,10,23,0.0,24.896793,8.306707,1966
6140,r4i1p1f1,1966,10,24,0.0,24.777367,6.546891,1966
6141,r4i1p1f1,1966,10,25,0.0,22.714663,7.3408685,1966
6142,r4i1p1f1,1966,10,26,0.0,22.047497,5.8398166,1966
6143,r4i1p1f1,1966,10,27,0.0,20.539158,4.236514,1966
6144,r4i1p1f1,1966,10,28,0.0,20.136372,6.3490114,1966
6145,r4i1p1f1,1966,10,29,0.0,17.77032,3.8717237,1966
6146,r4i1p1f1,1966,10,30,0.37972413722400233,16.053047,3.721713,1966
6147,r4i1p1f1,1966,10,31,0.023106522854021705,13.005363,0.39871565,1966
6148,r4i1p1f1,1966,11,01,0.0,15.29318,0.48269606,1966
6149,r4i1p1f1,1966,11,02,0.0,16.285622,0.050606623,1966
6150,r4i1p1f1,1966,11,03,0.0,17.14025,1.5781178,1966
6151,r4i1p1f1,1966,11,04,0.0,20.14756,3.1125815,1966
6152,r4i1p1f1,1966,11,05,0.0,19.696127,2.9362361,1966
6153,r4i1p1f1,1966,11,06,0.0,19.323616,5.812188,1966
6154,r4i1p1f1,1966,11,07,0.0,20.710907,6.1625643,1966
6155,r4i1p1f1,1966,11,08,0.0,20.139475,5.573438,1966
6156,r4i1p1f1,1966,11,09,0.0,18.657364,6.169889,1966
6157,r4i1p1f1,1966,11,10,0.027559212588812443,17.08731,5.5852017,1966
6158,r4i1p1f1,1966,11,11,25.30291525508801,17.050568,6.2739835,1966
6159,r4i1p1f1,1966,11,12,24.572073134186212,12.370431,7.2774944,1966
6160,r4i1p1f1,1966,11,13,0.09480104490648955,13.31907,6.6275764,1966
6161,r4i1p1f1,1966,11,14,0.0,14.643718,7.0473256,1966
6162,r4i1p1f1,1966,11,15,0.0,17.63043,4.581917,1966
6163,r4i1p1f1,1966,11,16,0.0,16.99081,4.679093,1966
6164,r4i1p1f1,1966,11,17,0.0,17.38576,5.971198,1966
6165,r4i1p1f1,1966,11,18,0.0,14.613576,1.3941712,1966
6166,r4i1p1f1,1966,11,19,0.0,13.609913,3.3536203,1966
6167,r4i1p1f1,1966,11,20,8.540264607222525,11.636235,1.4150631,1966
6168,r4i1p1f1,1966,11,21,20.57632249593553,9.072389,0.26048934,1966
6169,r4i1p1f1,1966,11,22,26.033228973392397,6.60111,-1.437557,1966
6170,r4i1p1f1,1966,11,23,30.923870875437842,7.4863105,1.892039,1966
6171,r4i1p1f1,1966,11,24,0.6359370434665834,9.407791,1.9494817,1966
6172,r4i1p1f1,1966,11,25,0.0,8.19764,-0.27442122,1966
6173,r4i1p1f1,1966,11,26,0.0,9.545274,1.5345912,1966
6174,r4i1p1f1,1966,11,27,0.8420084218300872,7.7573886,3.2323322,1966
6175,r4i1p1f1,1966,11,28,0.2586927419542917,9.001519,3.0258467,1966
6176,r4i1p1f1,1966,11,29,0.0,14.218731,1.6355033,1966
6177,r4i1p1f1,1966,11,30,0.5943082297477531,14.108948,2.4843078,1966
6178,r4i1p1f1,1966,12,01,0.45862799917699704,12.181103,6.1695523,1966
6179,r4i1p1f1,1966,12,02,0.0,13.474827,2.481189,1966
6180,r4i1p1f1,1966,12,03,0.0,10.096917,3.182994,1966
6181,r4i1p1f1,1966,12,04,8.855668447995413,11.4094925,6.0830755,1966
6182,r4i1p1f1,1966,12,05,0.008641537260700716,13.165935,3.1912649,1966
6183,r4i1p1f1,1966,12,06,0.0,13.98711,1.8924832,1966
6184,r4i1p1f1,1966,12,07,0.0,13.645565,1.9781526,1966
6185,r4i1p1f1,1966,12,08,0.0,11.976148,0.97748595,1966
6186,r4i1p1f1,1966,12,09,0.0,13.322723,1.1250739,1966
6187,r4i1p1f1,1966,12,10,0.0,12.834259,1.0530086,1966
6188,r4i1p1f1,1966,12,11,0.0,12.577556,1.6295154,1966
6189,r4i1p1f1,1966,12,12,0.0,12.865286,0.5052793,1966
6190,r4i1p1f1,1966,12,13,0.0,14.992488,2.2015839,1966
6191,r4i1p1f1,1966,12,14,0.0,14.184954,2.0371733,1966
6192,r4i1p1f1,1966,12,15,0.0,13.078526,1.1013618,1966
6193,r4i1p1f1,1966,12,16,0.13280543909814924,13.255288,1.5143564,1966
6194,r4i1p1f1,1966,12,17,0.030640782847513037,5.6603675,-4.2583456,1966
6195,r4i1p1f1,1966,12,18,0.0,6.7638717,-2.8631802,1966
6196,r4i1p1f1,1966,12,19,0.0,9.745602,-1.2998507,1966
6197,r4i1p1f1,1966,12,20,0.0,11.501954,-0.10674514,1966
6198,r4i1p1f1,1966,12,21,0.0,14.265091,1.9927412,1966
6199,r4i1p1f1,1966,12,22,0.0,13.21831,1.4533658,1966
6200,r4i1p1f1,1966,12,23,0.0,12.99475,1.1915078,1966
6201,r4i1p1f1,1966,12,24,0.0,12.188431,0.34482008,1966
6202,r4i1p1f1,1966,12,25,0.0,11.946346,-0.21149778,1966
6203,r4i1p1f1,1966,12,26,0.0,12.286497,0.186409,1966
6204,r4i1p1f1,1966,12,27,0.42698575456370236,8.887386,2.5070822,1966
6205,r4i1p1f1,1966,12,28,21.368046746374603,3.973987,-0.02232276,1966
6206,r4i1p1f1,1966,12,29,18.179741673338867,5.46011,0.57352304,1966
6207,r4i1p1f1,1966,12,30,5.753992916976358,5.331593,-3.1794603,1966
6208,r4i1p1f1,1966,12,31,0.0,9.023936,-3.9191742,1966
6209,r4i1p1f1,1967,01,01,0.0,9.37226,-2.9240298,1967
6210,r4i1p1f1,1967,01,02,0.6133829257805701,8.937747,-3.1470683,1967
6211,r4i1p1f1,1967,01,03,16.89978265458194,5.5367565,1.1301261,1967
6212,r4i1p1f1,1967,01,04,3.880874393865952,8.5413475,2.535407,1967
6213,r4i1p1f1,1967,01,05,9.378768279657379,9.77628,3.0163965,1967
6214,r4i1p1f1,1967,01,06,0.0,9.162533,-1.2988393,1967
6215,r4i1p1f1,1967,01,07,0.0,8.617172,-1.8576624,1967
6216,r4i1p1f1,1967,01,08,0.0,13.629095,1.0671319,1967
6217,r4i1p1f1,1967,01,09,0.0,12.656872,1.8631055,1967
6218,r4i1p1f1,1967,01,10,0.0,11.59103,1.7439005,1967
6219,r4i1p1f1,1967,01,11,0.0,12.70348,3.7709055,1967
6220,r4i1p1f1,1967,01,12,0.0,13.0196085,5.1919317,1967
6221,r4i1p1f1,1967,01,13,0.0,13.5594225,4.9373264,1967
6222,r4i1p1f1,1967,01,14,0.0,14.719131,2.3967688,1967
6223,r4i1p1f1,1967,01,15,0.0,14.528237,1.0464058,1967
6224,r4i1p1f1,1967,01,16,0.0,14.043519,1.565038,1967
6225,r4i1p1f1,1967,01,17,0.0,12.89246,-1.0821348,1967
6226,r4i1p1f1,1967,01,18,0.0,13.055238,-0.39706632,1967
6227,r4i1p1f1,1967,01,19,0.0,14.506092,1.134687,1967
6228,r4i1p1f1,1967,01,20,0.0,14.318956,1.2246829,1967
6229,r4i1p1f1,1967,01,21,0.0,15.663525,2.9620676,1967
6230,r4i1p1f1,1967,01,22,0.0,17.136446,3.772523,1967
6231,r4i1p1f1,1967,01,23,0.0,16.98738,2.9370868,1967
6232,r4i1p1f1,1967,01,24,0.0,15.83007,1.7968428,1967
6233,r4i1p1f1,1967,01,25,0.0,15.692492,1.1627281,1967
6234,r4i1p1f1,1967,01,26,0.0,15.806468,2.0204337,1967
6235,r4i1p1f1,1967,01,27,0.0,14.547431,2.2692332,1967
6236,r4i1p1f1,1967,01,28,0.0,13.104358,1.5815024,1967
6237,r4i1p1f1,1967,01,29,0.0,12.097475,1.407935,1967
6238,r4i1p1f1,1967,01,30,0.0,9.513574,-2.447846,1967
6239,r4i1p1f1,1967,01,31,0.0,9.826862,0.37380832,1967
6240,r4i1p1f1,1967,02,01,9.617434431697802,9.023376,0.6584212,1967
6241,r4i1p1f1,1967,02,02,0.0,10.280637,-2.412645,1967
6242,r4i1p1f1,1967,02,03,9.106321480447832,6.602807,0.5696417,1967
6243,r4i1p1f1,1967,02,04,0.0,8.511027,-1.1165714,1967
6244,r4i1p1f1,1967,02,05,0.5793418086852853,11.076336,1.6447276,1967
6245,r4i1p1f1,1967,02,06,0.0,12.290714,3.274278,1967
6246,r4i1p1f1,1967,02,07,0.0,12.1233635,2.6781108,1967
6247,r4i1p1f1,1967,02,08,0.0,12.921468,1.7605922,1967
6248,r4i1p1f1,1967,02,09,0.0,13.4538355,0.4553113,1967
6249,r4i1p1f1,1967,02,10,2.164531718598539,12.310867,0.27316985,1967
6250,r4i1p1f1,1967,02,11,11.347147707442673,7.6778727,-5.6124206,1967
6251,r4i1p1f1,1967,02,12,0.0,9.083851,-4.7604723,1967
6252,r4i1p1f1,1967,02,13,0.0,10.8174925,-1.6507051,1967
6253,r4i1p1f1,1967,02,14,0.0,11.272072,0.46120712,1967
6254,r4i1p1f1,1967,02,15,0.005957004123047227,10.154685,1.5506278,1967
6255,r4i1p1f1,1967,02,16,0.0,10.056,3.1639116,1967
6256,r4i1p1f1,1967,02,17,0.0,18.180576,3.0422964,1967
6257,r4i1p1f1,1967,02,18,0.0,19.621609,4.2874966,1967
6258,r4i1p1f1,1967,02,19,0.0,18.997492,4.964922,1967
6259,r4i1p1f1,1967,02,20,0.0,19.661957,5.5910525,1967
6260,r4i1p1f1,1967,02,21,0.0,21.32049,7.030068,1967
6261,r4i1p1f1,1967,02,22,0.0,23.02658,7.2077255,1967
6262,r4i1p1f1,1967,02,23,0.0,21.128334,7.346978,1967
6263,r4i1p1f1,1967,02,24,0.0,20.01356,7.2338943,1967
6264,r4i1p1f1,1967,02,25,0.0,18.541956,5.6058383,1967
6265,r4i1p1f1,1967,02,26,0.0,16.408848,2.9642677,1967
6266,r4i1p1f1,1967,02,27,0.0,14.720315,0.5110135,1967
6267,r4i1p1f1,1967,02,28,0.0,14.8854065,0.67415416,1967
6268,r4i1p1f1,1967,03,01,1.196741236432075,16.116554,1.5876346,1967
6269,r4i1p1f1,1967,03,02,8.655358487112608,5.4650187,-1.5761348,1967
6270,r4i1p1f1,1967,03,03,29.183437948086066,5.88731,1.2103779,1967
6271,r4i1p1f1,1967,03,04,11.830484581582823,8.21866,0.99210715,1967
6272,r4i1p1f1,1967,03,05,6.800656470568356,6.8319125,-8.011268,1967
6273,r4i1p1f1,1967,03,06,0.3880911562248457,7.503647,-7.4478054,1967
6274,r4i1p1f1,1967,03,07,0.0,11.137831,-4.2961206,1967
6275,r4i1p1f1,1967,03,08,0.0,13.502033,-0.74565506,1967
6276,r4i1p1f1,1967,03,09,0.0,15.61153,0.84438723,1967
6277,r4i1p1f1,1967,03,10,0.0,16.936821,1.9615974,1967
6278,r4i1p1f1,1967,03,11,0.0,20.193293,3.3508427,1967
6279,r4i1p1f1,1967,03,12,0.0,20.899393,3.5830367,1967
6280,r4i1p1f1,1967,03,13,0.0,21.736992,5.1710877,1967
6281,r4i1p1f1,1967,03,14,0.0,22.56367,5.2804546,1967
6282,r4i1p1f1,1967,03,15,0.0,22.260645,6.1288133,1967
6283,r4i1p1f1,1967,03,16,0.0,21.614096,5.8719916,1967
6284,r4i1p1f1,1967,03,17,0.0,23.355156,6.0072994,1967
6285,r4i1p1f1,1967,03,18,0.0,23.181688,7.280794,1967
6286,r4i1p1f1,1967,03,19,0.0,24.416307,6.759824,1967
6287,r4i1p1f1,1967,03,20,0.0,25.20674,7.6040244,1967
6288,r4i1p1f1,1967,03,21,0.0,25.831259,8.38506,1967
6289,r4i1p1f1,1967,03,22,0.0,27.31531,7.530489,1967
6290,r4i1p1f1,1967,03,23,0.0,26.310371,8.801787,1967
6291,r4i1p1f1,1967,03,24,0.0,25.074903,7.2716174,1967
6292,r4i1p1f1,1967,03,25,0.0,22.876736,5.9921517,1967
6293,r4i1p1f1,1967,03,26,0.0,22.386719,5.7380195,1967
6294,r4i1p1f1,1967,03,27,0.00486787401428046,17.729223,3.8961666,1967
6295,r4i1p1f1,1967,03,28,0.819948482444488,13.305842,3.5665164,1967
6296,r4i1p1f1,1967,03,29,0.0,18.424036,0.8994859,1967
6297,r4i1p1f1,1967,03,30,0.0,21.039974,2.8635771,1967
6298,r4i1p1f1,1967,03,31,0.0,22.158527,4.614613,1967
6299,r4i1p1f1,1967,04,01,0.0,22.399094,5.4619107,1967
6300,r4i1p1f1,1967,04,02,0.0,23.503553,6.549107,1967
6301,r4i1p1f1,1967,04,03,0.0,23.809683,6.7104473,1967
6302,r4i1p1f1,1967,04,04,0.0,23.975416,7.045195,1967
6303,r4i1p1f1,1967,04,05,0.0,24.810747,7.626081,1967
6304,r4i1p1f1,1967,04,06,0.0,23.669306,7.797711,1967
6305,r4i1p1f1,1967,04,07,0.0,17.512917,4.050855,1967
6306,r4i1p1f1,1967,04,08,7.561142905831275,14.073676,1.6335338,1967
6307,r4i1p1f1,1967,04,09,8.176383556337896,9.516528,0.7803028,1967
6308,r4i1p1f1,1967,04,10,0.18030272464812924,14.660519,5.0042377,1967
6309,r4i1p1f1,1967,04,11,11.555340852282825,10.559793,1.4146886,1967
6310,r4i1p1f1,1967,04,12,0.5614377564029382,10.633747,1.1960195,1967
6311,r4i1p1f1,1967,04,13,0.006844053004328998,13.316428,1.0634316,1967
6312,r4i1p1f1,1967,04,14,0.0,14.513048,3.0019464,1967
6313,r4i1p1f1,1967,04,15,9.795098785889422,11.278011,0.73820263,1967
6314,r4i1p1f1,1967,04,16,8.706909302645727,13.381268,-0.0109068025,1967
6315,r4i1p1f1,1967,04,17,0.0,19.51832,2.3735886,1967
6316,r4i1p1f1,1967,04,18,0.0,21.191368,5.5897055,1967
6317,r4i1p1f1,1967,04,19,0.6272913887869436,20.216118,4.7765574,1967
6318,r4i1p1f1,1967,04,20,0.6710091799448037,17.885609,4.5607085,1967
6319,r4i1p1f1,1967,04,21,22.154953918698084,11.720002,5.258042,1967
6320,r4i1p1f1,1967,04,22,0.0,18.155663,3.5289025,1967
6321,r4i1p1f1,1967,04,23,0.0,18.044712,7.120352,1967
6322,r4i1p1f1,1967,04,24,4.829714942915331,14.132196,2.3832912,1967
6323,r4i1p1f1,1967,04,25,0.0,14.299113,5.4762783,1967
6324,r4i1p1f1,1967,04,26,21.00996209319419,9.027416,-0.8151884,1967
6325,r4i1p1f1,1967,04,27,0.0,15.992342,0.60112596,1967
6326,r4i1p1f1,1967,04,28,0.0,17.483706,1.6252244,1967
6327,r4i1p1f1,1967,04,29,0.0,18.41446,3.368194,1967
6328,r4i1p1f1,1967,04,30,0.0,18.007524,3.7702098,1967
6329,r4i1p1f1,1967,05,01,2.2751479047656176,11.857076,-0.8642361,1967
6330,r4i1p1f1,1967,05,02,3.0381537014648075,14.416401,2.2316372,1967
6331,r4i1p1f1,1967,05,03,0.0,17.377773,1.0696956,1967
6332,r4i1p1f1,1967,05,04,0.0,22.929125,5.506969,1967
6333,r4i1p1f1,1967,05,05,0.0,26.908285,7.410486,1967
6334,r4i1p1f1,1967,05,06,0.0,26.727262,9.307894,1967
6335,r4i1p1f1,1967,05,07,0.0,26.473574,10.894559,1967
6336,r4i1p1f1,1967,05,08,0.7914035219073412,21.427498,7.451015,1967
6337,r4i1p1f1,1967,05,09,0.0,28.909729,11.937021,1967
6338,r4i1p1f1,1967,05,10,0.0,28.983974,13.236201,1967
6339,r4i1p1f1,1967,05,11,11.30160242362308,19.768402,3.1229124,1967
6340,r4i1p1f1,1967,05,12,1.312394534534178,17.87199,3.0769439,1967
6341,r4i1p1f1,1967,05,13,8.81320012508695,15.939287,2.2924395,1967
6342,r4i1p1f1,1967,05,14,6.6015987552418665,11.499659,1.2135816,1967
6343,r4i1p1f1,1967,05,15,1.9885084115344398,15.995342,2.4757767,1967
6344,r4i1p1f1,1967,05,16,0.777842482784763,19.475544,7.122912,1967
6345,r4i1p1f1,1967,05,17,0.37455407058359924,22.12004,7.5780487,1967
6346,r4i1p1f1,1967,05,18,2.415546173256189,18.32543,3.9807577,1967
6347,r4i1p1f1,1967,05,19,0.007673324034840334,17.6928,3.42313,1967
6348,r4i1p1f1,1967,05,20,1.7439811973645192,16.30626,3.2696533,1967
6349,r4i1p1f1,1967,05,21,16.58376572322595,11.102076,1.0542071,1967
6350,r4i1p1f1,1967,05,22,0.9708136649351218,9.0864725,1.3996501,1967
6351,r4i1p1f1,1967,05,23,0.3104866119088001,16.576113,0.6285657,1967
6352,r4i1p1f1,1967,05,24,0.30128963826427935,19.214672,6.5506306,1967
6353,r4i1p1f1,1967,05,25,0.0,22.787622,6.8489122,1967
6354,r4i1p1f1,1967,05,26,0.0,25.328608,7.570587,1967
6355,r4i1p1f1,1967,05,27,0.0,24.668432,8.578737,1967
6356,r4i1p1f1,1967,05,28,4.034492410494295,19.550695,5.324026,1967
6357,r4i1p1f1,1967,05,29,6.651734271622445,16.605732,6.625437,1967
6358,r4i1p1f1,1967,05,30,0.0142536001476401,25.275745,10.073636,1967
6359,r4i1p1f1,1967,05,31,0.0,25.710943,10.160671,1967
6360,r4i1p1f1,1967,06,01,1.6568033749081224,23.731768,8.342159,1967
6361,r4i1p1f1,1967,06,02,1.1751271202115277,19.84395,5.6765823,1967
6362,r4i1p1f1,1967,06,03,0.0,23.233236,8.774612,1967
6363,r4i1p1f1,1967,06,04,0.0,22.092876,5.7242312,1967
6364,r4i1p1f1,1967,06,05,0.0,21.23287,6.3101864,1967
6365,r4i1p1f1,1967,06,06,0.0032763281069492223,22.613504,7.1101074,1967
6366,r4i1p1f1,1967,06,07,0.0,27.397799,9.623909,1967
6367,r4i1p1f1,1967,06,08,0.0,28.177238,10.10442,1967
6368,r4i1p1f1,1967,06,09,0.0,27.213018,10.796072,1967
6369,r4i1p1f1,1967,06,10,0.0,26.517515,8.788539,1967
6370,r4i1p1f1,1967,06,11,0.0,25.08601,7.4970837,1967
6371,r4i1p1f1,1967,06,12,0.0,29.249708,9.913189,1967
6372,r4i1p1f1,1967,06,13,0.0,31.5707,11.799114,1967
6373,r4i1p1f1,1967,06,14,0.0,31.62023,11.568086,1967
6374,r4i1p1f1,1967,06,15,0.09554218536322878,30.344248,11.490684,1967
6375,r4i1p1f1,1967,06,16,0.028144897714810213,26.764961,9.865148,1967
6376,r4i1p1f1,1967,06,17,1.3384330060944194,27.383717,10.483692,1967
6377,r4i1p1f1,1967,06,18,0.08669901490065968,26.671104,9.549786,1967
6378,r4i1p1f1,1967,06,19,0.13247306546873006,25.380013,9.2022705,1967
6379,r4i1p1f1,1967,06,20,0.02435746232549718,29.31382,12.016895,1967
6380,r4i1p1f1,1967,06,21,0.13740164716296022,29.166313,11.736164,1967
6381,r4i1p1f1,1967,06,22,0.0,29.362976,11.7969475,1967
6382,r4i1p1f1,1967,06,23,1.9582971344789257,28.015266,12.080032,1967
6383,r4i1p1f1,1967,06,24,3.9709558077674956,20.823399,9.070347,1967
6384,r4i1p1f1,1967,06,25,5.914361401437418,18.185646,8.789929,1967
6385,r4i1p1f1,1967,06,26,0.11856485467660605,25.148464,11.084147,1967
6386,r4i1p1f1,1967,06,27,0.0,29.042643,12.290629,1967
6387,r4i1p1f1,1967,06,28,0.0,27.97351,11.723522,1967
6388,r4i1p1f1,1967,06,29,0.0,26.510418,11.0108,1967
6389,r4i1p1f1,1967,06,30,0.0,25.454437,10.112306,1967
6390,r4i1p1f1,1967,07,01,0.0041195583435182925,24.937424,8.976473,1967
6391,r4i1p1f1,1967,07,02,0.0,28.495188,10.015504,1967
6392,r4i1p1f1,1967,07,03,0.0,29.094412,11.501938,1967
6393,r4i1p1f1,1967,07,04,0.0,31.843513,13.838207,1967
6394,r4i1p1f1,1967,07,05,0.0,33.42807,15.054777,1967
6395,r4i1p1f1,1967,07,06,0.0,34.27859,15.784626,1967
6396,r4i1p1f1,1967,07,07,0.0,32.81452,13.812855,1967
6397,r4i1p1f1,1967,07,08,0.0,32.786118,12.933811,1967
6398,r4i1p1f1,1967,07,09,0.0,32.43035,14.597914,1967
6399,r4i1p1f1,1967,07,10,0.0,30.499704,13.01746,1967
6400,r4i1p1f1,1967,07,11,0.0,31.38743,13.208744,1967
6401,r4i1p1f1,1967,07,12,0.0,33.82775,13.652003,1967
6402,r4i1p1f1,1967,07,13,0.0,34.127834,14.290139,1967
6403,r4i1p1f1,1967,07,14,0.0,33.256634,13.91061,1967
6404,r4i1p1f1,1967,07,15,0.0,32.34523,14.068257,1967
6405,r4i1p1f1,1967,07,16,0.0,31.961388,12.941961,1967
6406,r4i1p1f1,1967,07,17,0.0,32.159748,14.138308,1967
6407,r4i1p1f1,1967,07,18,0.0,31.930458,14.112118,1967
6408,r4i1p1f1,1967,07,19,0.0,33.43683,14.423806,1967
6409,r4i1p1f1,1967,07,20,0.0,36.209805,16.17555,1967
6410,r4i1p1f1,1967,07,21,0.0,35.53221,16.645334,1967
6411,r4i1p1f1,1967,07,22,0.0,33.39794,14.516813,1967
6412,r4i1p1f1,1967,07,23,0.0,33.049774,14.154692,1967
6413,r4i1p1f1,1967,07,24,0.0,32.84535,14.106807,1967
6414,r4i1p1f1,1967,07,25,0.0,33.277138,14.07654,1967
6415,r4i1p1f1,1967,07,26,0.0,34.58629,16.557758,1967
6416,r4i1p1f1,1967,07,27,0.0,33.952747,16.038942,1967
6417,r4i1p1f1,1967,07,28,0.0,33.21469,15.911045,1967
6418,r4i1p1f1,1967,07,29,0.09895151574710326,28.830929,11.836235,1967
6419,r4i1p1f1,1967,07,30,0.0038003009080966876,29.7311,12.402679,1967
6420,r4i1p1f1,1967,07,31,0.0,29.834703,12.187007,1967
6421,r4i1p1f1,1967,08,01,0.0,30.914486,12.037264,1967
6422,r4i1p1f1,1967,08,02,0.0,32.163372,12.820868,1967
6423,r4i1p1f1,1967,08,03,0.0,32.342472,13.415972,1967
6424,r4i1p1f1,1967,08,04,0.0,33.17422,14.42186,1967
6425,r4i1p1f1,1967,08,05,0.0,34.0245,16.521128,1967
6426,r4i1p1f1,1967,08,06,0.0,31.616869,13.479381,1967
6427,r4i1p1f1,1967,08,07,0.0,31.916603,13.74155,1967
6428,r4i1p1f1,1967,08,08,0.0,33.581913,16.451477,1967
6429,r4i1p1f1,1967,08,09,0.0,33.12738,15.816886,1967
6430,r4i1p1f1,1967,08,10,0.0,30.826225,12.423518,1967
6431,r4i1p1f1,1967,08,11,0.0,31.600302,13.076128,1967
6432,r4i1p1f1,1967,08,12,0.0,34.116375,15.302219,1967
6433,r4i1p1f1,1967,08,13,0.0,35.80391,16.615725,1967
6434,r4i1p1f1,1967,08,14,0.0,35.07599,16.879747,1967
6435,r4i1p1f1,1967,08,15,0.0,33.544178,14.344609,1967
6436,r4i1p1f1,1967,08,16,0.0,32.34824,13.553478,1967
6437,r4i1p1f1,1967,08,17,0.0,34.25885,16.0111,1967
6438,r4i1p1f1,1967,08,18,0.0,37.03642,18.072823,1967
6439,r4i1p1f1,1967,08,19,0.0,37.294746,17.738482,1967
6440,r4i1p1f1,1967,08,20,0.0,35.933533,16.407541,1967
6441,r4i1p1f1,1967,08,21,0.0,31.628038,13.282297,1967
6442,r4i1p1f1,1967,08,22,0.0,27.945919,9.3886595,1967
6443,r4i1p1f1,1967,08,23,0.0,25.90798,7.512378,1967
6444,r4i1p1f1,1967,08,24,0.0,25.661175,7.33604,1967
6445,r4i1p1f1,1967,08,25,0.0,27.773615,9.828585,1967
6446,r4i1p1f1,1967,08,26,0.0,29.902012,11.669699,1967
6447,r4i1p1f1,1967,08,27,0.0,29.799644,12.424382,1967
6448,r4i1p1f1,1967,08,28,0.0,30.049927,12.017153,1967
6449,r4i1p1f1,1967,08,29,0.0,32.163666,12.820446,1967
6450,r4i1p1f1,1967,08,30,0.0,32.859318,13.615049,1967
6451,r4i1p1f1,1967,08,31,0.0,33.570034,13.160828,1967
6452,r4i1p1f1,1967,09,01,0.0,32.928665,14.20764,1967
6453,r4i1p1f1,1967,09,02,0.0,32.238552,12.417583,1967
6454,r4i1p1f1,1967,09,03,0.0,32.109097,13.2821245,1967
6455,r4i1p1f1,1967,09,04,0.0,33.62818,14.836697,1967
6456,r4i1p1f1,1967,09,05,0.0,33.864468,15.025777,1967
6457,r4i1p1f1,1967,09,06,0.0,33.692974,14.64033,1967
6458,r4i1p1f1,1967,09,07,0.0,33.43295,14.822139,1967
6459,r4i1p1f1,1967,09,08,0.0,35.361732,16.934809,1967
6460,r4i1p1f1,1967,09,09,0.0,36.07807,17.542244,1967
6461,r4i1p1f1,1967,09,10,0.0,36.485264,18.124233,1967
6462,r4i1p1f1,1967,09,11,0.0,34.661316,15.865114,1967
6463,r4i1p1f1,1967,09,12,0.0,30.355232,13.325438,1967
6464,r4i1p1f1,1967,09,13,0.0,27.806747,10.719792,1967
6465,r4i1p1f1,1967,09,14,0.0,27.729527,10.46747,1967
6466,r4i1p1f1,1967,09,15,0.0,24.860176,10.0076275,1967
6467,r4i1p1f1,1967,09,16,0.0,21.378202,5.6795626,1967
6468,r4i1p1f1,1967,09,17,0.0,23.294863,4.947724,1967
6469,r4i1p1f1,1967,09,18,0.0,24.681095,6.8842163,1967
6470,r4i1p1f1,1967,09,19,0.0,26.219463,8.04298,1967
6471,r4i1p1f1,1967,09,20,0.0,26.989855,8.9649315,1967
6472,r4i1p1f1,1967,09,21,0.0,26.986174,7.9666114,1967
6473,r4i1p1f1,1967,09,22,0.0,26.986557,8.902512,1967
6474,r4i1p1f1,1967,09,23,0.0,26.052351,8.174811,1967
6475,r4i1p1f1,1967,09,24,0.0,24.101168,7.9816647,1967
6476,r4i1p1f1,1967,09,25,0.0,26.36576,8.955715,1967
6477,r4i1p1f1,1967,09,26,0.0,29.173439,11.80569,1967
6478,r4i1p1f1,1967,09,27,0.0,32.02478,12.262119,1967
6479,r4i1p1f1,1967,09,28,0.0,30.799313,12.151367,1967
6480,r4i1p1f1,1967,09,29,0.0,31.158922,12.903337,1967
6481,r4i1p1f1,1967,09,30,0.0,33.768295,14.707238,1967
6482,r4i1p1f1,1967,10,01,0.0,33.09955,13.730782,1967
6483,r4i1p1f1,1967,10,02,0.0,33.793503,14.3662,1967
6484,r4i1p1f1,1967,10,03,0.0,33.695297,14.7114105,1967
6485,r4i1p1f1,1967,10,04,0.0,30.626719,15.587009,1967
6486,r4i1p1f1,1967,10,05,0.0,29.365,14.895857,1967
6487,r4i1p1f1,1967,10,06,0.0,30.404015,16.55662,1967
6488,r4i1p1f1,1967,10,07,0.3927746205931726,31.298431,15.545617,1967
6489,r4i1p1f1,1967,10,08,12.004304023400891,28.841091,16.335295,1967
6490,r4i1p1f1,1967,10,09,10.38920953192246,20.288277,11.228352,1967
6491,r4i1p1f1,1967,10,10,1.7668677786389253,18.167095,11.790771,1967
6492,r4i1p1f1,1967,10,11,0.005058856186224148,22.358969,9.578051,1967
6493,r4i1p1f1,1967,10,12,0.0,20.266777,10.856286,1967
6494,r4i1p1f1,1967,10,13,0.0,19.931997,6.3993287,1967
6495,r4i1p1f1,1967,10,14,0.0,25.785942,9.416713,1967
6496,r4i1p1f1,1967,10,15,0.0,27.326744,12.831846,1967
6497,r4i1p1f1,1967,10,16,0.0,26.426125,11.656037,1967
6498,r4i1p1f1,1967,10,17,0.0,23.113298,9.681583,1967
6499,r4i1p1f1,1967,10,18,0.0,24.064934,8.142486,1967
6500,r4i1p1f1,1967,10,19,0.0,24.816938,10.308829,1967
6501,r4i1p1f1,1967,10,20,0.0,24.254606,10.174223,1967
6502,r4i1p1f1,1967,10,21,2.6855175468028847,20.902172,9.048816,1967
6503,r4i1p1f1,1967,10,22,4.240064723006753,19.306557,8.965106,1967
6504,r4i1p1f1,1967,10,23,0.0,23.271603,8.752443,1967
6505,r4i1p1f1,1967,10,24,0.0,24.07476,7.697747,1967
6506,r4i1p1f1,1967,10,25,0.0,23.773079,7.690603,1967
6507,r4i1p1f1,1967,10,26,0.0,25.861553,8.139353,1967
6508,r4i1p1f1,1967,10,27,0.0,25.27917,7.937983,1967
6509,r4i1p1f1,1967,10,28,0.0,24.748594,7.802274,1967
6510,r4i1p1f1,1967,10,29,0.0,24.965233,8.551072,1967
6511,r4i1p1f1,1967,10,30,0.0,23.568014,10.048465,1967
6512,r4i1p1f1,1967,10,31,0.0,18.663057,3.679336,1967
6513,r4i1p1f1,1967,11,01,0.0,16.924635,3.1726265,1967
6514,r4i1p1f1,1967,11,02,0.0,16.059288,1.8102332,1967
6515,r4i1p1f1,1967,11,03,0.0,17.58749,2.312026,1967
6516,r4i1p1f1,1967,11,04,0.0,21.29406,5.488911,1967
6517,r4i1p1f1,1967,11,05,0.0,22.298851,5.6161156,1967
6518,r4i1p1f1,1967,11,06,0.0,21.73653,5.761898,1967
6519,r4i1p1f1,1967,11,07,0.0,22.086002,6.431037,1967
6520,r4i1p1f1,1967,11,08,0.0,23.715271,7.341552,1967
6521,r4i1p1f1,1967,11,09,0.0,23.094719,7.0720286,1967
6522,r4i1p1f1,1967,11,10,0.0,20.284212,6.1293707,1967
6523,r4i1p1f1,1967,11,11,0.0,16.705706,5.1254745,1967
6524,r4i1p1f1,1967,11,12,4.999476515558854,15.072747,3.6621513,1967
6525,r4i1p1f1,1967,11,13,0.0,17.561476,4.1384974,1967
6526,r4i1p1f1,1967,11,14,0.0,19.907022,4.2193966,1967
6527,r4i1p1f1,1967,11,15,0.0,18.745602,4.137772,1967
6528,r4i1p1f1,1967,11,16,10.995783981343266,17.589697,7.996748,1967
6529,r4i1p1f1,1967,11,17,1.358533152810537,11.772943,2.9509826,1967
6530,r4i1p1f1,1967,11,18,0.0,14.210876,1.4453967,1967
6531,r4i1p1f1,1967,11,19,0.0,12.85873,0.043622546,1967
6532,r4i1p1f1,1967,11,20,0.0,13.840783,0.35621288,1967
6533,r4i1p1f1,1967,11,21,0.0,13.514271,0.63595927,1967
6534,r4i1p1f1,1967,11,22,0.0,13.154183,-0.88944584,1967
6535,r4i1p1f1,1967,11,23,0.0,13.636147,-3.283087,1967
6536,r4i1p1f1,1967,11,24,0.0,18.962511,0.23715094,1967
6537,r4i1p1f1,1967,11,25,0.0,20.123846,2.105157,1967
6538,r4i1p1f1,1967,11,26,0.0,19.328276,1.356573,1967
6539,r4i1p1f1,1967,11,27,0.0,19.207212,1.222323,1967
6540,r4i1p1f1,1967,11,28,0.5100921119776558,17.453432,4.550721,1967
6541,r4i1p1f1,1967,11,29,1.8042450011762412,15.894794,7.9953656,1967
6542,r4i1p1f1,1967,11,30,1.143781201130878,16.266333,9.340911,1967
6543,r4i1p1f1,1967,12,01,12.405045189007069,10.86003,6.900137,1967
6544,r4i1p1f1,1967,12,02,15.38111779409519,14.432149,8.411481,1967
6545,r4i1p1f1,1967,12,03,4.165327027976673,15.980183,9.684307,1967
6546,r4i1p1f1,1967,12,04,22.416771187636186,15.418686,11.048407,1967
6547,r4i1p1f1,1967,12,05,10.887221008374581,14.936791,7.924641,1967
6548,r4i1p1f1,1967,12,06,0.0,16.42147,4.5138006,1967
6549,r4i1p1f1,1967,12,07,0.0,16.462109,4.4312778,1967
6550,r4i1p1f1,1967,12,08,0.0,17.552507,4.8440566,1967
6551,r4i1p1f1,1967,12,09,0.0,16.722206,5.229769,1967
6552,r4i1p1f1,1967,12,10,0.0,15.397701,5.1995716,1967
6553,r4i1p1f1,1967,12,11,2.3617935075435526,15.116954,6.6445856,1967
6554,r4i1p1f1,1967,12,12,0.06642212783845025,10.366008,0.52821666,1967
6555,r4i1p1f1,1967,12,13,0.12507873882441345,9.793849,0.10239717,1967
6556,r4i1p1f1,1967,12,14,0.0,11.167759,0.7257832,1967
6557,r4i1p1f1,1967,12,15,0.0,11.241796,1.1372051,1967
6558,r4i1p1f1,1967,12,16,0.20712084165097622,12.395447,2.7500384,1967
6559,r4i1p1f1,1967,12,17,0.576534685558272,12.984107,4.537968,1967
6560,r4i1p1f1,1967,12,18,0.0,13.656376,4.7000704,1967
6561,r4i1p1f1,1967,12,19,3.8510871526909796,13.803602,3.3512926,1967
6562,r4i1p1f1,1967,12,20,1.8297313779356728,7.929873,-2.8148265,1967
6563,r4i1p1f1,1967,12,21,0.021271193190841586,2.1620958,-7.0886006,1967
6564,r4i1p1f1,1967,12,22,6.783189749694429,0.8719621,-4.340873,1967
6565,r4i1p1f1,1967,12,23,20.166913084176485,5.6703405,-3.4357855,1967
6566,r4i1p1f1,1967,12,24,17.800974072451936,6.9310026,-0.12598848,1967
6567,r4i1p1f1,1967,12,25,3.5535136740350026,7.574987,0.716868,1967
6568,r4i1p1f1,1967,12,26,0.04847107211389812,6.9428353,-3.661849,1967
6569,r4i1p1f1,1967,12,27,39.17319051906816,6.769999,0.5619769,1967
6570,r4i1p1f1,1967,12,28,2.1415391484424617,7.74872,-4.4152093,1967
6571,r4i1p1f1,1967,12,29,18.74813158701727,4.138584,0.38145038,1967
6572,r4i1p1f1,1967,12,30,14.645146151588051,9.5716715,4.7669044,1967
6573,r4i1p1f1,1967,12,31,23.58275663027598,9.982409,3.301055,1967
6574,r4i1p1f1,1968,01,01,0.18605926783266113,9.091282,1.2458867,1968
6575,r4i1p1f1,1968,01,02,2.0963766362910974,5.5889177,0.18511952,1968
6576,r4i1p1f1,1968,01,03,12.764609406758609,9.779018,3.051423,1968
6577,r4i1p1f1,1968,01,04,4.344040125289439,9.820342,-1.4029641,1968
6578,r4i1p1f1,1968,01,05,0.0,3.568887,-3.389441,1968
6579,r4i1p1f1,1968,01,06,0.045266603274285444,4.207449,-1.018898,1968
6580,r4i1p1f1,1968,01,07,31.01907772324921,3.4634268,-1.6509402,1968
6581,r4i1p1f1,1968,01,08,42.73732763249427,7.0167127,-1.1149153,1968
6582,r4i1p1f1,1968,01,09,0.0,10.234187,-3.5317805,1968
6583,r4i1p1f1,1968,01,10,0.0,10.546597,-2.8602185,1968
6584,r4i1p1f1,1968,01,11,0.0,10.471075,0.6325748,1968
6585,r4i1p1f1,1968,01,12,7.9122901420305425,8.293874,3.4003282,1968
6586,r4i1p1f1,1968,01,13,36.701143746540765,6.938117,1.8414683,1968
6587,r4i1p1f1,1968,01,14,3.9089296710585586,7.3665032,1.6219249,1968
6588,r4i1p1f1,1968,01,15,8.160316510293342,7.3945074,-0.76740617,1968
6589,r4i1p1f1,1968,01,16,31.57953118061414,11.729452,3.058786,1968
6590,r4i1p1f1,1968,01,17,54.311604145914316,10.968158,1.4290856,1968
6591,r4i1p1f1,1968,01,18,8.192501871054958,10.941342,0.7561053,1968
6592,r4i1p1f1,1968,01,19,8.40789516487348,6.417399,-1.6234964,1968
6593,r4i1p1f1,1968,01,20,0.4835363929544201,6.145513,-5.1760187,1968
6594,r4i1p1f1,1968,01,21,0.0,6.582589,-4.4151073,1968
6595,r4i1p1f1,1968,01,22,4.1601684530633065,6.522411,-1.9263312,1968
6596,r4i1p1f1,1968,01,23,0.6119196271356486,9.580628,2.0626562,1968
6597,r4i1p1f1,1968,01,24,0.0,10.424584,1.2326224,1968
6598,r4i1p1f1,1968,01,25,0.03727499788510613,10.506989,1.1713747,1968
6599,r4i1p1f1,1968,01,26,0.0,10.583168,4.0103207,1968
6600,r4i1p1f1,1968,01,27,0.0,12.245592,2.5394657,1968
6601,r4i1p1f1,1968,01,28,0.0,12.438847,1.821971,1968
6602,r4i1p1f1,1968,01,29,0.0,12.410169,1.1126153,1968
6603,r4i1p1f1,1968,01,30,0.0,13.270405,0.62410265,1968
6604,r4i1p1f1,1968,01,31,0.0,17.448502,2.2110121,1968
6605,r4i1p1f1,1968,02,01,0.0,17.725817,2.5469694,1968
6606,r4i1p1f1,1968,02,02,0.0,16.691006,2.2893395,1968
6607,r4i1p1f1,1968,02,03,3.070431144169561,12.142269,2.8371286,1968
6608,r4i1p1f1,1968,02,04,36.560037011804525,13.252446,0.82212996,1968
6609,r4i1p1f1,1968,02,05,12.107313068474923,7.5231495,-4.41857,1968
6610,r4i1p1f1,1968,02,06,0.0,11.309985,-1.1607002,1968
6611,r4i1p1f1,1968,02,07,0.0,12.016092,1.5281711,1968
6612,r4i1p1f1,1968,02,08,0.0,12.88215,0.2837622,1968
6613,r4i1p1f1,1968,02,09,0.0,16.163542,1.9205835,1968
6614,r4i1p1f1,1968,02,10,0.0,19.983406,3.8764555,1968
6615,r4i1p1f1,1968,02,11,0.0,17.939384,3.3838177,1968
6616,r4i1p1f1,1968,02,12,0.0,15.7339,3.135532,1968
6617,r4i1p1f1,1968,02,13,0.0,16.681328,4.478869,1968
6618,r4i1p1f1,1968,02,14,0.0,19.087446,4.810709,1968
6619,r4i1p1f1,1968,02,15,0.0,17.272749,5.2618585,1968
6620,r4i1p1f1,1968,02,16,3.4354210336005053,11.929375,5.611107,1968
6621,r4i1p1f1,1968,02,17,0.0004510494591158931,14.759652,4.1575947,1968
6622,r4i1p1f1,1968,02,18,0.041673746420656244,16.350138,5.215058,1968
6623,r4i1p1f1,1968,02,19,0.0,17.49529,2.9654312,1968
6624,r4i1p1f1,1968,02,20,0.0,17.03993,3.8359234,1968
6625,r4i1p1f1,1968,02,21,0.0,18.0743,4.0397153,1968
6626,r4i1p1f1,1968,02,22,0.0,19.019041,6.1705456,1968
6627,r4i1p1f1,1968,02,23,0.0,17.927948,5.0219646,1968
6628,r4i1p1f1,1968,02,24,17.421199605814763,13.499534,2.9639592,1968
6629,r4i1p1f1,1968,02,25,0.0,14.521517,2.6554663,1968
6630,r4i1p1f1,1968,02,26,0.0,17.942585,4.390614,1968
6631,r4i1p1f1,1968,02,27,0.0,16.482748,3.7839727,1968
6632,r4i1p1f1,1968,02,28,0.0,16.96679,5.367837,1968
6633,r4i1p1f1,1968,02,29,0.0,16.688755,5.746317,1968
6634,r4i1p1f1,1968,03,01,0.0,14.985148,6.3145986,1968
6635,r4i1p1f1,1968,03,02,0.0,16.661978,3.6430337,1968
6636,r4i1p1f1,1968,03,03,0.0,16.534075,3.5248716,1968
6637,r4i1p1f1,1968,03,04,0.0,15.503306,6.047926,1968
6638,r4i1p1f1,1968,03,05,0.0,17.620827,4.0242057,1968
6639,r4i1p1f1,1968,03,06,0.0,18.40542,2.8028479,1968
6640,r4i1p1f1,1968,03,07,0.0,18.116756,3.808798,1968
6641,r4i1p1f1,1968,03,08,0.6169828019665147,14.934664,0.65042746,1968
6642,r4i1p1f1,1968,03,09,0.0,19.998741,4.283591,1968
6643,r4i1p1f1,1968,03,10,0.0,22.970388,6.166649,1968
6644,r4i1p1f1,1968,03,11,0.0,25.113096,8.349877,1968
6645,r4i1p1f1,1968,03,12,0.0,25.098732,9.583182,1968
6646,r4i1p1f1,1968,03,13,0.0,23.718052,9.401168,1968
6647,r4i1p1f1,1968,03,14,5.01894491198982,17.676186,4.263583,1968
6648,r4i1p1f1,1968,03,15,1.1596316871873569,15.426771,5.31172,1968
6649,r4i1p1f1,1968,03,16,0.0,21.104013,3.7137806,1968
6650,r4i1p1f1,1968,03,17,0.0,19.336382,5.6401896,1968
6651,r4i1p1f1,1968,03,18,0.0,20.884226,6.9366803,1968
6652,r4i1p1f1,1968,03,19,0.0,21.562717,6.9564176,1968
6653,r4i1p1f1,1968,03,20,0.0,24.136448,8.44669,1968
6654,r4i1p1f1,1968,03,21,0.0,24.669868,7.1204343,1968
6655,r4i1p1f1,1968,03,22,0.0,24.448368,8.8391,1968
6656,r4i1p1f1,1968,03,23,0.0,24.897972,8.251681,1968
6657,r4i1p1f1,1968,03,24,0.0,24.328373,8.620586,1968
6658,r4i1p1f1,1968,03,25,23.791159948268614,17.937199,2.0679588,1968
6659,r4i1p1f1,1968,03,26,25.02970497894239,14.465007,0.35216454,1968
6660,r4i1p1f1,1968,03,27,2.5148221012976535,11.604671,0.77440125,1968
6661,r4i1p1f1,1968,03,28,0.8688968024443966,13.077944,1.4984033,1968
6662,r4i1p1f1,1968,03,29,1.8607097434596653,13.099136,1.2410287,1968
6663,r4i1p1f1,1968,03,30,0.3429997378390226,13.437672,1.0867683,1968
6664,r4i1p1f1,1968,03,31,0.9860032591723965,14.007738,1.704516,1968
6665,r4i1p1f1,1968,04,01,0.0,15.023418,3.6047423,1968
6666,r4i1p1f1,1968,04,02,6.431197281749235,11.282803,0.47031322,1968
6667,r4i1p1f1,1968,04,03,0.0,16.493755,2.573412,1968
6668,r4i1p1f1,1968,04,04,0.0,17.105875,4.3642435,1968
6669,r4i1p1f1,1968,04,05,0.0,17.065151,4.405877,1968
6670,r4i1p1f1,1968,04,06,0.0,18.406075,4.624964,1968
6671,r4i1p1f1,1968,04,07,0.0,18.921974,4.3159986,1968
6672,r4i1p1f1,1968,04,08,0.0,20.166607,5.277652,1968
6673,r4i1p1f1,1968,04,09,0.0,17.70055,6.1670036,1968
6674,r4i1p1f1,1968,04,10,0.0,19.48275,5.9877434,1968
6675,r4i1p1f1,1968,04,11,0.0,19.3471,5.407615,1968
6676,r4i1p1f1,1968,04,12,11.254765981357195,14.260862,2.6994035,1968
6677,r4i1p1f1,1968,04,13,10.550902514688687,10.9271755,1.8167627,1968
6678,r4i1p1f1,1968,04,14,40.79997699955129,9.313055,2.0557053,1968
6679,r4i1p1f1,1968,04,15,13.368563408039336,11.995933,-1.7866243,1968
6680,r4i1p1f1,1968,04,16,0.0,12.2655525,1.1998168,1968
6681,r4i1p1f1,1968,04,17,0.013687510227100574,14.359348,1.8091913,1968
6682,r4i1p1f1,1968,04,18,1.6615529950740893,12.011682,6.36796,1968
6683,r4i1p1f1,1968,04,19,37.63682510252693,11.710774,1.0462794,1968
6684,r4i1p1f1,1968,04,20,31.785197106819396,10.418981,0.25588512,1968
6685,r4i1p1f1,1968,04,21,0.0,16.603779,2.186066,1968
6686,r4i1p1f1,1968,04,22,0.0,17.355135,2.0744317,1968
6687,r4i1p1f1,1968,04,23,0.0,19.395224,4.1108522,1968
6688,r4i1p1f1,1968,04,24,0.0,20.565355,6.0497313,1968
6689,r4i1p1f1,1968,04,25,0.0,21.445726,7.726107,1968
6690,r4i1p1f1,1968,04,26,1.289063208423613,20.349205,6.658005,1968
6691,r4i1p1f1,1968,04,27,0.41986072837971733,15.774941,1.4320725,1968
6692,r4i1p1f1,1968,04,28,0.17115815190322792,18.831833,5.4793363,1968
6693,r4i1p1f1,1968,04,29,0.15693403404526407,20.578135,4.244402,1968
6694,r4i1p1f1,1968,04,30,0.0,20.106339,6.1906443,1968
6695,r4i1p1f1,1968,05,01,0.0,20.200294,6.955724,1968
6696,r4i1p1f1,1968,05,02,5.856838277713905,13.385081,-0.5301396,1968
6697,r4i1p1f1,1968,05,03,1.0322314585039294,8.656551,-0.20557176,1968
6698,r4i1p1f1,1968,05,04,0.3926369924698747,15.710037,-0.506624,1968
6699,r4i1p1f1,1968,05,05,0.0,16.980862,1.5000895,1968
6700,r4i1p1f1,1968,05,06,0.0,16.969921,3.0067286,1968
6701,r4i1p1f1,1968,05,07,1.3827843951240482,15.417703,4.920556,1968
6702,r4i1p1f1,1968,05,08,1.5177318073980928,14.7051325,3.3110628,1968
6703,r4i1p1f1,1968,05,09,0.016746663303024434,14.594698,7.123336,1968
6704,r4i1p1f1,1968,05,10,9.326084773238108,12.553893,2.7964373,1968
6705,r4i1p1f1,1968,05,11,0.011125133164568979,19.44833,2.4065504,1968
6706,r4i1p1f1,1968,05,12,0.0,19.709358,3.5301292,1968
6707,r4i1p1f1,1968,05,13,0.0,20.419424,4.4776807,1968
6708,r4i1p1f1,1968,05,14,0.0,20.885107,6.030205,1968
6709,r4i1p1f1,1968,05,15,0.0,22.851944,6.5749054,1968
6710,r4i1p1f1,1968,05,16,0.0,23.555258,7.695379,1968
6711,r4i1p1f1,1968,05,17,0.013779297933069756,22.38578,5.8943644,1968
6712,r4i1p1f1,1968,05,18,0.04601067412295379,21.948303,6.2307177,1968
6713,r4i1p1f1,1968,05,19,0.0,23.186092,9.010264,1968
6714,r4i1p1f1,1968,05,20,0.010245910863204699,21.91443,6.0247617,1968
6715,r4i1p1f1,1968,05,21,0.5213735918857765,20.048576,5.3498516,1968
6716,r4i1p1f1,1968,05,22,0.0,22.150099,8.222497,1968
6717,r4i1p1f1,1968,05,23,0.0,24.918907,8.4991,1968
6718,r4i1p1f1,1968,05,24,0.0,27.02562,10.141415,1968
6719,r4i1p1f1,1968,05,25,0.0,27.737377,9.125924,1968
6720,r4i1p1f1,1968,05,26,0.0,27.387505,11.241838,1968
6721,r4i1p1f1,1968,05,27,0.1460435403032534,24.7639,8.23034,1968
6722,r4i1p1f1,1968,05,28,0.0,26.874554,9.365086,1968
6723,r4i1p1f1,1968,05,29,0.0,24.339577,7.746275,1968
6724,r4i1p1f1,1968,05,30,0.0,23.962042,8.093953,1968
6725,r4i1p1f1,1968,05,31,0.0,25.313068,7.9642215,1968
6726,r4i1p1f1,1968,06,01,0.0,24.873672,6.047024,1968
6727,r4i1p1f1,1968,06,02,0.0,25.338415,8.125029,1968
6728,r4i1p1f1,1968,06,03,0.0,24.100384,7.346407,1968
6729,r4i1p1f1,1968,06,04,0.0,22.39077,4.7173333,1968
6730,r4i1p1f1,1968,06,05,9.294602809791286,13.914996,0.43030956,1968
6731,r4i1p1f1,1968,06,06,0.0,24.375824,6.490542,1968
6732,r4i1p1f1,1968,06,07,0.0,29.05556,8.539059,1968
6733,r4i1p1f1,1968,06,08,0.0,29.621944,12.18495,1968
6734,r4i1p1f1,1968,06,09,0.0,28.623178,11.316661,1968
6735,r4i1p1f1,1968,06,10,0.0,29.184488,10.323913,1968
6736,r4i1p1f1,1968,06,11,0.0,32.59701,12.938878,1968
6737,r4i1p1f1,1968,06,12,0.0,31.824114,12.824644,1968
6738,r4i1p1f1,1968,06,13,0.027393113919060852,28.894897,11.270861,1968
6739,r4i1p1f1,1968,06,14,2.8445421642857127,20.140759,5.2563543,1968
6740,r4i1p1f1,1968,06,15,0.0,24.301704,6.978638,1968
6741,r4i1p1f1,1968,06,16,0.005981552158118575,26.953772,8.875585,1968
6742,r4i1p1f1,1968,06,17,0.0,27.476969,9.007876,1968
6743,r4i1p1f1,1968,06,18,0.0,27.390978,9.303203,1968
6744,r4i1p1f1,1968,06,19,0.0006315934740541707,24.632181,9.635189,1968
6745,r4i1p1f1,1968,06,20,0.014010870654601604,25.506613,9.679493,1968
6746,r4i1p1f1,1968,06,21,0.0,26.573051,8.326066,1968
6747,r4i1p1f1,1968,06,22,0.1665802838772379,25.491865,9.471136,1968
6748,r4i1p1f1,1968,06,23,0.0,25.728022,8.298251,1968
6749,r4i1p1f1,1968,06,24,0.0,25.889725,9.197755,1968
6750,r4i1p1f1,1968,06,25,0.0,27.299536,9.090292,1968
6751,r4i1p1f1,1968,06,26,0.022069342321628937,27.9573,10.673972,1968
6752,r4i1p1f1,1968,06,27,0.32237199620794854,25.597916,7.542645,1968
6753,r4i1p1f1,1968,06,28,0.14316159977170173,29.12285,11.226995,1968
6754,r4i1p1f1,1968,06,29,0.0,29.727867,12.695925,1968
6755,r4i1p1f1,1968,06,30,0.0,30.625393,12.56097,1968
6756,r4i1p1f1,1968,07,01,0.0,31.335842,12.78593,1968
6757,r4i1p1f1,1968,07,02,0.0,31.434011,13.829643,1968
6758,r4i1p1f1,1968,07,03,0.006634213059442118,30.731907,12.962369,1968
6759,r4i1p1f1,1968,07,04,6.903159660521396,28.902327,14.203913,1968
6760,r4i1p1f1,1968,07,05,1.4229636993832173,27.232893,16.31526,1968
6761,r4i1p1f1,1968,07,06,0.005966867865936365,25.201523,10.559303,1968
6762,r4i1p1f1,1968,07,07,0.009502215471002273,26.604414,9.966491,1968
6763,r4i1p1f1,1968,07,08,0.737602581534702,28.76243,13.510308,1968
6764,r4i1p1f1,1968,07,09,0.014567293146683369,25.166208,9.847805,1968
6765,r4i1p1f1,1968,07,10,0.0,23.248833,10.155488,1968
6766,r4i1p1f1,1968,07,11,0.047583609006096594,24.508217,8.469152,1968
6767,r4i1p1f1,1968,07,12,0.0,23.799818,8.747249,1968
6768,r4i1p1f1,1968,07,13,0.03392433713997889,24.136868,8.948379,1968
6769,r4i1p1f1,1968,07,14,0.017616778154661006,25.41509,9.440172,1968
6770,r4i1p1f1,1968,07,15,0.0,26.345451,10.223984,1968
6771,r4i1p1f1,1968,07,16,0.0,27.175362,10.481787,1968
6772,r4i1p1f1,1968,07,17,0.0,27.399439,10.686558,1968
6773,r4i1p1f1,1968,07,18,0.0,27.522163,10.910266,1968
6774,r4i1p1f1,1968,07,19,0.0,27.788086,11.368842,1968
6775,r4i1p1f1,1968,07,20,0.0,27.9504,11.90385,1968
6776,r4i1p1f1,1968,07,21,0.0,28.061413,12.020687,1968
6777,r4i1p1f1,1968,07,22,0.0,26.624275,10.520985,1968
6778,r4i1p1f1,1968,07,23,0.0,26.124596,10.1489725,1968
6779,r4i1p1f1,1968,07,24,0.0,27.884726,10.642249,1968
6780,r4i1p1f1,1968,07,25,0.0,30.895643,12.808365,1968
6781,r4i1p1f1,1968,07,26,0.0,35.908203,17.635689,1968
6782,r4i1p1f1,1968,07,27,0.0,36.78587,18.012138,1968
6783,r4i1p1f1,1968,07,28,0.0,36.673553,17.919601,1968
6784,r4i1p1f1,1968,07,29,0.05024723532187636,32.694927,14.443558,1968
6785,r4i1p1f1,1968,07,30,0.0,28.921095,12.504116,1968
6786,r4i1p1f1,1968,07,31,0.0,26.543932,10.407108,1968
6787,r4i1p1f1,1968,08,01,0.0,25.576166,9.005151,1968
6788,r4i1p1f1,1968,08,02,0.0,28.256721,10.853183,1968
6789,r4i1p1f1,1968,08,03,0.0,29.148678,12.47642,1968
6790,r4i1p1f1,1968,08,04,1.5997579674149165,29.89273,11.643429,1968
6791,r4i1p1f1,1968,08,05,0.0,29.098991,10.727879,1968
6792,r4i1p1f1,1968,08,06,0.0,29.238552,11.858201,1968
6793,r4i1p1f1,1968,08,07,0.0,28.571493,12.095612,1968
6794,r4i1p1f1,1968,08,08,0.0,27.354069,10.75563,1968
6795,r4i1p1f1,1968,08,09,0.0,25.62477,7.62238,1968
6796,r4i1p1f1,1968,08,10,0.0,29.598999,10.585112,1968
6797,r4i1p1f1,1968,08,11,0.0,33.133057,13.812533,1968
6798,r4i1p1f1,1968,08,12,0.0,33.999588,14.984329,1968
6799,r4i1p1f1,1968,08,13,0.0,34.15069,15.502213,1968
6800,r4i1p1f1,1968,08,14,0.0,33.764965,15.887636,1968
6801,r4i1p1f1,1968,08,15,0.0,34.42548,16.772425,1968
6802,r4i1p1f1,1968,08,16,0.0,33.447304,15.59174,1968
6803,r4i1p1f1,1968,08,17,0.0,32.999443,15.381716,1968
6804,r4i1p1f1,1968,08,18,0.0,32.48146,15.050759,1968
6805,r4i1p1f1,1968,08,19,0.0,33.508835,14.363142,1968
6806,r4i1p1f1,1968,08,20,0.0,33.001072,14.798538,1968
6807,r4i1p1f1,1968,08,21,0.0,32.975227,15.209293,1968
6808,r4i1p1f1,1968,08,22,0.0,32.936775,13.884618,1968
6809,r4i1p1f1,1968,08,23,0.0,28.94485,11.549381,1968
6810,r4i1p1f1,1968,08,24,0.0,27.985664,10.635572,1968
6811,r4i1p1f1,1968,08,25,0.0,30.13753,12.215489,1968
6812,r4i1p1f1,1968,08,26,0.0,30.628513,12.724941,1968
6813,r4i1p1f1,1968,08,27,2.0650608425569317,25.972616,9.4818535,1968
6814,r4i1p1f1,1968,08,28,2.367923249624937,16.586525,1.6946212,1968
6815,r4i1p1f1,1968,08,29,0.0,20.369205,3.2400198,1968
6816,r4i1p1f1,1968,08,30,0.0,27.112354,7.805425,1968
6817,r4i1p1f1,1968,08,31,0.0,28.712032,10.260545,1968
6818,r4i1p1f1,1968,09,01,0.0,30.311855,13.614399,1968
6819,r4i1p1f1,1968,09,02,0.0,31.12147,14.689863,1968
6820,r4i1p1f1,1968,09,03,0.0,33.455853,15.921687,1968
6821,r4i1p1f1,1968,09,04,0.0,34.09123,14.549879,1968
6822,r4i1p1f1,1968,09,05,0.0,33.698395,16.868692,1968
6823,r4i1p1f1,1968,09,06,0.0,32.066116,15.265078,1968
6824,r4i1p1f1,1968,09,07,0.0,30.01139,13.567293,1968
6825,r4i1p1f1,1968,09,08,0.0,27.296915,10.379661,1968
6826,r4i1p1f1,1968,09,09,0.0,25.789581,8.838713,1968
6827,r4i1p1f1,1968,09,10,0.0,28.520721,10.980378,1968
6828,r4i1p1f1,1968,09,11,0.0,33.099163,14.436825,1968
6829,r4i1p1f1,1968,09,12,0.0,35.26384,15.619496,1968
6830,r4i1p1f1,1968,09,13,0.0,35.202545,16.401772,1968
6831,r4i1p1f1,1968,09,14,0.0,35.16014,17.438133,1968
6832,r4i1p1f1,1968,09,15,0.0,33.285717,17.020296,1968
6833,r4i1p1f1,1968,09,16,0.0,31.4889,13.557445,1968
6834,r4i1p1f1,1968,09,17,0.0,26.325691,9.761746,1968
6835,r4i1p1f1,1968,09,18,0.0,25.139086,9.925549,1968
6836,r4i1p1f1,1968,09,19,0.0,24.47711,9.431645,1968
6837,r4i1p1f1,1968,09,20,0.012496847989496018,21.877253,7.74326,1968
6838,r4i1p1f1,1968,09,21,0.005623108881991357,19.755259,7.626627,1968
6839,r4i1p1f1,1968,09,22,0.0,23.048992,7.5204067,1968
6840,r4i1p1f1,1968,09,23,0.0,23.760714,7.166358,1968
6841,r4i1p1f1,1968,09,24,0.0,25.81369,9.7020035,1968
6842,r4i1p1f1,1968,09,25,0.0,28.645735,10.310383,1968
6843,r4i1p1f1,1968,09,26,0.0,28.850807,10.733266,1968
6844,r4i1p1f1,1968,09,27,0.0,28.45971,10.991453,1968
6845,r4i1p1f1,1968,09,28,0.0,23.244423,7.4566245,1968
6846,r4i1p1f1,1968,09,29,0.0,20.314705,7.153645,1968
6847,r4i1p1f1,1968,09,30,0.0,20.028831,5.4950714,1968
6848,r4i1p1f1,1968,10,01,0.0,23.471912,6.607998,1968
6849,r4i1p1f1,1968,10,02,0.0,29.498182,13.7357235,1968
6850,r4i1p1f1,1968,10,03,0.0,31.153511,13.67773,1968
6851,r4i1p1f1,1968,10,04,0.0,29.598104,12.775632,1968
6852,r4i1p1f1,1968,10,05,0.0,23.087872,6.247526,1968
6853,r4i1p1f1,1968,10,06,0.0,22.540735,5.424353,1968
6854,r4i1p1f1,1968,10,07,0.0,25.88172,7.268003,1968
6855,r4i1p1f1,1968,10,08,0.0,29.475365,11.289059,1968
6856,r4i1p1f1,1968,10,09,0.0,30.271023,13.186779,1968
6857,r4i1p1f1,1968,10,10,0.0,30.722006,13.904212,1968
6858,r4i1p1f1,1968,10,11,0.0,24.110403,9.099018,1968
6859,r4i1p1f1,1968,10,12,0.0,20.32557,4.7264833,1968
6860,r4i1p1f1,1968,10,13,0.0,21.33987,5.759578,1968
6861,r4i1p1f1,1968,10,14,0.0,24.456022,7.536993,1968
6862,r4i1p1f1,1968,10,15,0.0,26.465162,10.588687,1968
6863,r4i1p1f1,1968,10,16,0.0,28.33336,10.513993,1968
6864,r4i1p1f1,1968,10,17,0.0,30.663094,12.747512,1968
6865,r4i1p1f1,1968,10,18,0.0,30.28707,12.059512,1968
6866,r4i1p1f1,1968,10,19,0.0,30.338938,12.526668,1968
6867,r4i1p1f1,1968,10,20,0.0,29.458519,11.59659,1968
6868,r4i1p1f1,1968,10,21,0.0,27.842403,11.87968,1968
6869,r4i1p1f1,1968,10,22,0.0,27.40639,9.451778,1968
6870,r4i1p1f1,1968,10,23,0.0,26.219334,8.088884,1968
6871,r4i1p1f1,1968,10,24,0.0,25.853184,8.172899,1968
6872,r4i1p1f1,1968,10,25,0.0,23.294792,7.9808927,1968
6873,r4i1p1f1,1968,10,26,0.0,17.659895,1.4659328,1968
6874,r4i1p1f1,1968,10,27,0.0,15.50558,1.694894,1968
6875,r4i1p1f1,1968,10,28,0.0,10.832992,-1.4639485,1968
6876,r4i1p1f1,1968,10,29,11.314975605208133,9.274742,1.044017,1968
6877,r4i1p1f1,1968,10,30,0.003972423201048514,6.794409,-4.924909,1968
6878,r4i1p1f1,1968,10,31,0.0,10.136852,-2.962866,1968
6879,r4i1p1f1,1968,11,01,0.0,11.990589,-1.7263025,1968
6880,r4i1p1f1,1968,11,02,0.0,11.997569,-1.5319964,1968
6881,r4i1p1f1,1968,11,03,0.0,11.716823,-0.99392754,1968
6882,r4i1p1f1,1968,11,04,0.0,11.613285,-2.7486124,1968
6883,r4i1p1f1,1968,11,05,0.0,15.373274,-1.5954615,1968
6884,r4i1p1f1,1968,11,06,0.0,15.511697,-0.28255326,1968
6885,r4i1p1f1,1968,11,07,0.0,15.252974,0.8495681,1968
6886,r4i1p1f1,1968,11,08,0.0,13.917487,0.611559,1968
6887,r4i1p1f1,1968,11,09,0.0,13.850094,-1.7664725,1968
6888,r4i1p1f1,1968,11,10,0.0,14.68944,-0.57690054,1968
6889,r4i1p1f1,1968,11,11,0.0,14.644679,1.739202,1968
6890,r4i1p1f1,1968,11,12,1.4343569941217993,14.132307,0.30781174,1968
6891,r4i1p1f1,1968,11,13,0.004859223423636649,9.998263,-1.946024,1968
6892,r4i1p1f1,1968,11,14,0.0,11.009281,-4.370413,1968
6893,r4i1p1f1,1968,11,15,0.0,14.816563,-2.2720625,1968
6894,r4i1p1f1,1968,11,16,0.0,15.422939,-0.8986176,1968
6895,r4i1p1f1,1968,11,17,0.0,15.271155,0.2577583,1968
6896,r4i1p1f1,1968,11,18,0.0,14.712019,-0.15765116,1968
6897,r4i1p1f1,1968,11,19,0.0,17.842442,0.5625294,1968
6898,r4i1p1f1,1968,11,20,0.0,16.506556,1.5217001,1968
6899,r4i1p1f1,1968,11,21,0.0,17.278189,-0.30268934,1968
6900,r4i1p1f1,1968,11,22,0.0,17.723213,-0.66505885,1968
6901,r4i1p1f1,1968,11,23,0.0,17.33152,-0.5458349,1968
6902,r4i1p1f1,1968,11,24,0.0,16.201384,-0.8858357,1968
6903,r4i1p1f1,1968,11,25,0.0,17.081194,-0.57837945,1968
6904,r4i1p1f1,1968,11,26,0.0,17.780409,0.8535171,1968
6905,r4i1p1f1,1968,11,27,0.0,18.644264,0.82661194,1968
6906,r4i1p1f1,1968,11,28,0.0,15.986644,0.051540375,1968
6907,r4i1p1f1,1968,11,29,0.0,15.086607,-1.5564121,1968
6908,r4i1p1f1,1968,11,30,0.2956727657803526,14.416356,1.4671186,1968
6909,r4i1p1f1,1968,12,01,4.022963729363482,11.686131,0.41833365,1968
6910,r4i1p1f1,1968,12,02,4.116527876999498,3.1375673,-7.9205704,1968
6911,r4i1p1f1,1968,12,03,0.0,5.3314223,-7.6526074,1968
6912,r4i1p1f1,1968,12,04,0.0009690778142612544,4.4820714,-7.0120173,1968
6913,r4i1p1f1,1968,12,05,15.385402645915747,5.627352,-3.6656919,1968
6914,r4i1p1f1,1968,12,06,0.7075976700149145,3.301217,-9.427132,1968
6915,r4i1p1f1,1968,12,07,23.72308887715917,2.438018,-4.175961,1968
6916,r4i1p1f1,1968,12,08,0.5547665196047546,6.4480147,-6.239407,1968
6917,r4i1p1f1,1968,12,09,1.023329950130858,8.569726,2.6891928,1968
6918,r4i1p1f1,1968,12,10,14.455963677937689,9.543926,3.8066792,1968
6919,r4i1p1f1,1968,12,11,29.849317316984525,9.474826,3.010896,1968
6920,r4i1p1f1,1968,12,12,26.490631636397666,10.213503,3.1255774,1968
6921,r4i1p1f1,1968,12,13,0.2431888325872933,7.8286996,-2.646269,1968
6922,r4i1p1f1,1968,12,14,0.0,5.2972255,-4.715345,1968
6923,r4i1p1f1,1968,12,15,5.124137791062822,4.2824497,-6.4012513,1968
6924,r4i1p1f1,1968,12,16,13.244225680409727,4.2682614,-5.9495063,1968
6925,r4i1p1f1,1968,12,17,9.863402364499052,0.43660513,-9.812258,1968
6926,r4i1p1f1,1968,12,18,11.139222018573491,3.0432923,-9.717682,1968
6927,r4i1p1f1,1968,12,19,17.741810769348376,3.5317283,-8.412548,1968
6928,r4i1p1f1,1968,12,20,0.0,2.2807224,-12.141887,1968
6929,r4i1p1f1,1968,12,21,0.38497692423788976,3.6557753,-8.553523,1968
6930,r4i1p1f1,1968,12,22,4.261780383069436,4.5431595,-4.017125,1968
6931,r4i1p1f1,1968,12,23,18.010581681664917,4.0384994,-1.5634829,1968
6932,r4i1p1f1,1968,12,24,13.344233207226353,7.676234,1.7391819,1968
6933,r4i1p1f1,1968,12,25,1.4786042049536263,7.842271,2.4879165,1968
6934,r4i1p1f1,1968,12,26,2.44662122448176,6.936288,2.1498613,1968
6935,r4i1p1f1,1968,12,27,0.0,9.922374,-2.281982,1968
6936,r4i1p1f1,1968,12,28,0.0,9.723577,-2.1992087,1968
6937,r4i1p1f1,1968,12,29,0.0,9.21436,-2.6561453,1968
6938,r4i1p1f1,1968,12,30,0.0,10.873594,-1.0420761,1968
6939,r4i1p1f1,1968,12,31,0.0,10.843879,0.042216513,1968
6940,r4i1p1f1,1969,01,01,0.0,9.785337,-0.23173104,1969
6941,r4i1p1f1,1969,01,02,9.382883779107942,6.6495457,0.43919733,1969
6942,r4i1p1f1,1969,01,03,0.5713659824436945,8.581346,3.9268417,1969
6943,r4i1p1f1,1969,01,04,0.0,9.852121,-1.3495625,1969
6944,r4i1p1f1,1969,01,05,0.0004889417937192775,12.400709,-1.4147928,1969
6945,r4i1p1f1,1969,01,06,0.0,9.663374,-1.235938,1969
6946,r4i1p1f1,1969,01,07,0.0,8.565575,-2.1668427,1969
6947,r4i1p1f1,1969,01,08,7.255927952496677,4.7935038,-3.3053672,1969
6948,r4i1p1f1,1969,01,09,16.055017257986037,9.134156,1.407853,1969
6949,r4i1p1f1,1969,01,10,4.5145194276528855,9.226634,-4.4554186,1969
6950,r4i1p1f1,1969,01,11,0.21226548765298503,3.8473506,-7.4816294,1969
6951,r4i1p1f1,1969,01,12,0.22888314487659045,2.248128,-3.9865274,1969
6952,r4i1p1f1,1969,01,13,0.0,5.526361,-6.8134675,1969
6953,r4i1p1f1,1969,01,14,0.0,5.6538267,-7.419074,1969
6954,r4i1p1f1,1969,01,15,0.0,5.2381554,-7.8293967,1969
6955,r4i1p1f1,1969,01,16,0.691897464130875,4.0668116,-2.826438,1969
6956,r4i1p1f1,1969,01,17,8.893203485831691,10.5294075,-1.2897981,1969
6957,r4i1p1f1,1969,01,18,9.039795426542696,9.235897,3.6544282,1969
6958,r4i1p1f1,1969,01,19,45.83930786648125,11.910592,3.7341974,1969
6959,r4i1p1f1,1969,01,20,49.728352798410924,11.029607,4.9337125,1969
6960,r4i1p1f1,1969,01,21,0.003035069130419288,10.784502,4.2349243,1969
6961,r4i1p1f1,1969,01,22,0.0,10.656692,4.707926,1969
6962,r4i1p1f1,1969,01,23,10.340546319002897,6.906474,1.8824096,1969
6963,r4i1p1f1,1969,01,24,0.0,9.920319,5.2340508,1969
6964,r4i1p1f1,1969,01,25,0.0,11.487725,1.8244962,1969
6965,r4i1p1f1,1969,01,26,0.0,10.160812,5.7686553,1969
6966,r4i1p1f1,1969,01,27,0.03829516581390635,9.147962,3.7052455,1969
6967,r4i1p1f1,1969,01,28,0.0,14.526564,3.745321,1969
6968,r4i1p1f1,1969,01,29,0.0,15.457133,3.913946,1969
6969,r4i1p1f1,1969,01,30,0.0,14.707981,2.9425569,1969
6970,r4i1p1f1,1969,01,31,0.0,15.1856165,3.3887095,1969
6971,r4i1p1f1,1969,02,01,20.93325435052975,10.986334,4.2792788,1969
6972,r4i1p1f1,1969,02,02,17.413355242661055,11.39856,3.7809649,1969
6973,r4i1p1f1,1969,02,03,0.0,15.389708,2.1657138,1969
6974,r4i1p1f1,1969,02,04,0.0,15.958472,3.3446507,1969
6975,r4i1p1f1,1969,02,05,0.0,16.622412,2.0247107,1969
6976,r4i1p1f1,1969,02,06,0.0,15.240217,2.0756295,1969
6977,r4i1p1f1,1969,02,07,0.0,15.607561,2.1327517,1969
6978,r4i1p1f1,1969,02,08,0.0,14.561766,2.2186613,1969
6979,r4i1p1f1,1969,02,09,0.0,16.161308,1.7357886,1969
6980,r4i1p1f1,1969,02,10,0.0,16.107841,2.120512,1969
6981,r4i1p1f1,1969,02,11,0.0,16.982311,1.6682483,1969
6982,r4i1p1f1,1969,02,12,0.0,16.855207,1.6606864,1969
6983,r4i1p1f1,1969,02,13,0.0,15.350978,2.2112086,1969
6984,r4i1p1f1,1969,02,14,0.0,16.48871,2.6769085,1969
6985,r4i1p1f1,1969,02,15,0.0,15.30611,3.4367366,1969
6986,r4i1p1f1,1969,02,16,0.0,16.217375,3.3142595,1969
6987,r4i1p1f1,1969,02,17,0.0,14.458586,4.0936112,1969
6988,r4i1p1f1,1969,02,18,0.00039825912381274975,13.337992,4.0727444,1969
6989,r4i1p1f1,1969,02,19,4.976553114261151,9.916821,2.6984718,1969
6990,r4i1p1f1,1969,02,20,38.39738158039836,9.55823,2.2170327,1969
6991,r4i1p1f1,1969,02,21,5.698440511985581,9.679301,2.042513,1969
6992,r4i1p1f1,1969,02,22,0.0,13.135307,1.2957164,1969
6993,r4i1p1f1,1969,02,23,0.9913884502282144,11.946323,3.577588,1969
6994,r4i1p1f1,1969,02,24,0.006008482978359098,13.058555,3.7467084,1969
6995,r4i1p1f1,1969,02,25,0.14355851412801712,13.6374855,0.99386704,1969
6996,r4i1p1f1,1969,02,26,0.0,11.670181,-0.7887118,1969
6997,r4i1p1f1,1969,02,27,0.0,12.201398,1.4087797,1969
6998,r4i1p1f1,1969,02,28,0.0,11.28295,1.3644859,1969
6999,r4i1p1f1,1969,03,01,0.0,14.532784,5.497871,1969
7000,r4i1p1f1,1969,03,02,0.023127490715069143,16.15086,1.3809035,1969
7001,r4i1p1f1,1969,03,03,0.0,15.389912,0.5328866,1969
7002,r4i1p1f1,1969,03,04,0.0,16.15361,0.9683098,1969
7003,r4i1p1f1,1969,03,05,0.0,16.251402,1.6762716,1969
7004,r4i1p1f1,1969,03,06,0.0,16.138107,0.91871995,1969
7005,r4i1p1f1,1969,03,07,0.0,15.90465,1.5316808,1969
7006,r4i1p1f1,1969,03,08,4.65038323050635,14.124513,2.0442643,1969
7007,r4i1p1f1,1969,03,09,0.0,17.179085,2.2544034,1969
7008,r4i1p1f1,1969,03,10,0.0,18.947573,4.2200217,1969
7009,r4i1p1f1,1969,03,11,0.0,19.036198,4.0033193,1969
7010,r4i1p1f1,1969,03,12,1.5390901562113868,14.017422,0.7307346,1969
7011,r4i1p1f1,1969,03,13,1.1783266310203544,13.8045,2.9254522,1969
7012,r4i1p1f1,1969,03,14,0.0,15.695552,3.7279794,1969
7013,r4i1p1f1,1969,03,15,0.0,17.508385,3.1285834,1969
7014,r4i1p1f1,1969,03,16,0.0,18.023567,4.023526,1969
7015,r4i1p1f1,1969,03,17,0.0,20.474436,5.909009,1969
7016,r4i1p1f1,1969,03,18,0.0,19.451498,5.2866945,1969
7017,r4i1p1f1,1969,03,19,0.0,16.359497,2.9096947,1969
7018,r4i1p1f1,1969,03,20,2.815293552953335,13.514804,2.5544555,1969
7019,r4i1p1f1,1969,03,21,0.682199902533398,16.215359,6.9071965,1969
7020,r4i1p1f1,1969,03,22,0.002344460335734766,14.837404,1.8310577,1969
7021,r4i1p1f1,1969,03,23,0.0,16.057749,-1.3659036,1969
7022,r4i1p1f1,1969,03,24,0.0,16.883738,0.16781956,1969
7023,r4i1p1f1,1969,03,25,0.0,16.625465,1.0710422,1969
7024,r4i1p1f1,1969,03,26,0.0,17.397343,1.5761343,1969
7025,r4i1p1f1,1969,03,27,0.0,16.948221,1.6239223,1969
7026,r4i1p1f1,1969,03,28,0.0,17.374624,2.5461152,1969
7027,r4i1p1f1,1969,03,29,0.0,18.031761,2.0657053,1969
7028,r4i1p1f1,1969,03,30,8.992874527393724,13.991035,0.8514583,1969
7029,r4i1p1f1,1969,03,31,2.385356106924519,10.25074,0.059406918,1969
7030,r4i1p1f1,1969,04,01,0.0,13.548748,0.79418397,1969
7031,r4i1p1f1,1969,04,02,0.0,15.660365,-0.39741638,1969
7032,r4i1p1f1,1969,04,03,0.0,16.66373,0.5938771,1969
7033,r4i1p1f1,1969,04,04,0.0,17.604958,1.0113082,1969
7034,r4i1p1f1,1969,04,05,0.0,18.024204,2.9832048,1969
7035,r4i1p1f1,1969,04,06,0.0,17.814493,5.3071094,1969
7036,r4i1p1f1,1969,04,07,2.1458218372060855,11.455662,-1.2234333,1969
7037,r4i1p1f1,1969,04,08,0.0,15.634027,0.29957166,1969
7038,r4i1p1f1,1969,04,09,0.0,19.568039,1.2845819,1969
7039,r4i1p1f1,1969,04,10,0.0,20.848925,4.030725,1969
7040,r4i1p1f1,1969,04,11,0.0,24.676424,5.9795246,1969
7041,r4i1p1f1,1969,04,12,0.0,25.196142,5.4795804,1969
7042,r4i1p1f1,1969,04,13,0.0,21.729963,4.3677125,1969
7043,r4i1p1f1,1969,04,14,0.0,21.335304,3.7747056,1969
7044,r4i1p1f1,1969,04,15,0.0,21.918339,4.8781223,1969
7045,r4i1p1f1,1969,04,16,0.0,21.350899,5.3479905,1969
7046,r4i1p1f1,1969,04,17,0.0,22.53086,6.6405654,1969
7047,r4i1p1f1,1969,04,18,0.0,24.070648,5.0773687,1969
7048,r4i1p1f1,1969,04,19,0.0,24.605019,6.7179937,1969
7049,r4i1p1f1,1969,04,20,0.0,26.26427,8.426054,1969
7050,r4i1p1f1,1969,04,21,0.0,28.60063,9.232623,1969
7051,r4i1p1f1,1969,04,22,0.0,27.875322,9.027587,1969
7052,r4i1p1f1,1969,04,23,0.264306952158222,23.037056,5.8711224,1969
7053,r4i1p1f1,1969,04,24,1.1189764643148692,20.352736,4.70236,1969
7054,r4i1p1f1,1969,04,25,2.6331159010624106,15.5060835,3.1049068,1969
7055,r4i1p1f1,1969,04,26,0.06710447328259761,19.092691,4.0031705,1969
7056,r4i1p1f1,1969,04,27,0.5391089323438791,17.037266,2.3839617,1969
7057,r4i1p1f1,1969,04,28,0.09015823397930944,15.576567,1.9766053,1969
7058,r4i1p1f1,1969,04,29,1.3406625703311192,16.757845,3.2440732,1969
7059,r4i1p1f1,1969,04,30,0.0,20.985329,5.7076087,1969
7060,r4i1p1f1,1969,05,01,0.0,21.531218,6.0226145,1969
7061,r4i1p1f1,1969,05,02,0.0,21.249031,5.8621473,1969
7062,r4i1p1f1,1969,05,03,0.0,18.808395,6.877502,1969
7063,r4i1p1f1,1969,05,04,0.0,15.045522,4.4077625,1969
7064,r4i1p1f1,1969,05,05,21.77441252333665,11.130351,4.626758,1969
7065,r4i1p1f1,1969,05,06,0.7989715938833797,15.259969,3.3523588,1969
7066,r4i1p1f1,1969,05,07,0.0,20.994623,4.500618,1969
7067,r4i1p1f1,1969,05,08,0.0,20.726675,5.594573,1969
7068,r4i1p1f1,1969,05,09,12.760115061246324,12.414732,3.2506833,1969
7069,r4i1p1f1,1969,05,10,0.005536052640309208,17.264635,6.541303,1969
7070,r4i1p1f1,1969,05,11,0.21760658765686003,21.530144,4.532251,1969
7071,r4i1p1f1,1969,05,12,0.0032009033930080477,24.709152,7.7995443,1969
7072,r4i1p1f1,1969,05,13,0.0,26.627842,9.786619,1969
7073,r4i1p1f1,1969,05,14,0.0,27.701155,10.023525,1969
7074,r4i1p1f1,1969,05,15,0.0,28.697435,12.103874,1969
7075,r4i1p1f1,1969,05,16,0.0,24.671799,7.6651516,1969
7076,r4i1p1f1,1969,05,17,0.05677829911405752,17.942266,2.3204582,1969
7077,r4i1p1f1,1969,05,18,0.22250654169511108,16.055304,0.4460789,1969
7078,r4i1p1f1,1969,05,19,0.29739757874267525,18.812185,1.8570762,1969
7079,r4i1p1f1,1969,05,20,0.0,19.669159,4.919815,1969
7080,r4i1p1f1,1969,05,21,15.450523525032622,14.939945,5.4138894,1969
7081,r4i1p1f1,1969,05,22,14.529151762326364,13.9837,-1.3037362,1969
7082,r4i1p1f1,1969,05,23,0.0,17.561876,5.073859,1969
7083,r4i1p1f1,1969,05,24,0.0,22.125978,6.8869658,1969
7084,r4i1p1f1,1969,05,25,0.7038580471487421,20.15527,5.644658,1969
7085,r4i1p1f1,1969,05,26,5.016990644082853,15.478806,7.677912,1969
7086,r4i1p1f1,1969,05,27,2.989337354949839,17.111818,7.379787,1969
7087,r4i1p1f1,1969,05,28,1.5100712669891436,16.0239,2.079762,1969
7088,r4i1p1f1,1969,05,29,1.4338998787479795,19.905792,5.355715,1969
7089,r4i1p1f1,1969,05,30,0.0,21.860256,10.223029,1969
7090,r4i1p1f1,1969,05,31,0.0,21.94916,8.720737,1969
7091,r4i1p1f1,1969,06,01,0.0024835341037032777,20.062307,6.2407336,1969
7092,r4i1p1f1,1969,06,02,2.790571570216116,18.902493,6.026161,1969
7093,r4i1p1f1,1969,06,03,18.301268094546685,18.049095,8.310623,1969
7094,r4i1p1f1,1969,06,04,11.65406737259218,15.717464,8.875866,1969
7095,r4i1p1f1,1969,06,05,1.2869816296614545,16.038633,9.581053,1969
7096,r4i1p1f1,1969,06,06,1.7658642517901058,16.68018,6.0717134,1969
7097,r4i1p1f1,1969,06,07,1.0524733346301218,18.505968,8.445469,1969
7098,r4i1p1f1,1969,06,08,0.6959754154877373,18.247585,5.346886,1969
7099,r4i1p1f1,1969,06,09,3.574301750268205,19.699404,6.318079,1969
7100,r4i1p1f1,1969,06,10,1.730750773060663,17.281183,4.714319,1969
7101,r4i1p1f1,1969,06,11,0.009429752417844384,19.64711,5.014371,1969
7102,r4i1p1f1,1969,06,12,0.0,23.544905,8.236646,1969
7103,r4i1p1f1,1969,06,13,0.0,25.749779,8.927208,1969
7104,r4i1p1f1,1969,06,14,0.0,28.43999,10.789694,1969
7105,r4i1p1f1,1969,06,15,0.0,28.595263,12.859094,1969
7106,r4i1p1f1,1969,06,16,0.0,26.978048,10.286877,1969
7107,r4i1p1f1,1969,06,17,0.0,26.158194,10.550634,1969
7108,r4i1p1f1,1969,06,18,0.0,24.308342,9.90143,1969
7109,r4i1p1f1,1969,06,19,0.0,25.26252,9.741118,1969
7110,r4i1p1f1,1969,06,20,0.0,25.092445,9.921464,1969
7111,r4i1p1f1,1969,06,21,0.0,26.869804,9.25641,1969
7112,r4i1p1f1,1969,06,22,0.0,29.481096,11.52291,1969
7113,r4i1p1f1,1969,06,23,0.0,33.022892,14.430459,1969
7114,r4i1p1f1,1969,06,24,0.0,34.757305,16.642607,1969
7115,r4i1p1f1,1969,06,25,0.0,35.201843,17.59345,1969
7116,r4i1p1f1,1969,06,26,0.06958574103919091,29.953362,12.3894005,1969
7117,r4i1p1f1,1969,06,27,0.0,23.644722,7.4833355,1969
7118,r4i1p1f1,1969,06,28,0.0,23.839329,9.464559,1969
7119,r4i1p1f1,1969,06,29,0.0,26.46528,8.77671,1969
7120,r4i1p1f1,1969,06,30,0.0,28.424368,11.110548,1969
7121,r4i1p1f1,1969,07,01,0.0,29.64692,11.57698,1969
7122,r4i1p1f1,1969,07,02,0.0,29.11383,10.606342,1969
7123,r4i1p1f1,1969,07,03,0.0,29.281921,10.479383,1969
7124,r4i1p1f1,1969,07,04,0.0,28.485603,10.323466,1969
7125,r4i1p1f1,1969,07,05,0.0,28.282602,9.909945,1969
7126,r4i1p1f1,1969,07,06,0.0,32.72744,11.375468,1969
7127,r4i1p1f1,1969,07,07,0.0,34.797916,13.948225,1969
7128,r4i1p1f1,1969,07,08,0.0,34.477318,14.658039,1969
7129,r4i1p1f1,1969,07,09,0.0,29.488857,11.725864,1969
7130,r4i1p1f1,1969,07,10,0.0,30.174522,11.799085,1969
7131,r4i1p1f1,1969,07,11,0.0,29.129435,12.903065,1969
7132,r4i1p1f1,1969,07,12,0.0,29.586128,10.596484,1969
7133,r4i1p1f1,1969,07,13,0.0,30.89644,10.13898,1969
7134,r4i1p1f1,1969,07,14,0.0,31.098362,12.701755,1969
7135,r4i1p1f1,1969,07,15,0.0,30.645124,12.712898,1969
7136,r4i1p1f1,1969,07,16,0.0,29.110043,12.158434,1969
7137,r4i1p1f1,1969,07,17,0.0,28.750607,11.891123,1969
7138,r4i1p1f1,1969,07,18,0.0,27.359386,10.658085,1969
7139,r4i1p1f1,1969,07,19,3.689652995171855,28.926352,13.413391,1969
7140,r4i1p1f1,1969,07,20,6.619436127874678,25.08728,11.852042,1969
7141,r4i1p1f1,1969,07,21,5.495847785022079,26.788773,11.915139,1969
7142,r4i1p1f1,1969,07,22,7.161253825074709,26.901485,12.376223,1969
7143,r4i1p1f1,1969,07,23,0.4880835188473043,28.778982,12.925339,1969
7144,r4i1p1f1,1969,07,24,0.0,28.529419,11.002644,1969
7145,r4i1p1f1,1969,07,25,0.0429759831604315,29.39427,11.545248,1969
7146,r4i1p1f1,1969,07,26,0.008741370038478635,29.283138,11.252004,1969
7147,r4i1p1f1,1969,07,27,0.0,29.341187,11.407925,1969
7148,r4i1p1f1,1969,07,28,0.0,29.834677,12.402249,1969
7149,r4i1p1f1,1969,07,29,0.0,30.436249,14.620076,1969
7150,r4i1p1f1,1969,07,30,0.0,29.571472,12.794591,1969
7151,r4i1p1f1,1969,07,31,0.0,30.12367,13.045653,1969
7152,r4i1p1f1,1969,08,01,0.0,29.95469,12.879643,1969
7153,r4i1p1f1,1969,08,02,0.0,30.556631,11.961943,1969
7154,r4i1p1f1,1969,08,03,0.0,30.016977,11.941055,1969
7155,r4i1p1f1,1969,08,04,0.0,29.952545,10.4862175,1969
7156,r4i1p1f1,1969,08,05,0.0,28.324055,9.965105,1969
7157,r4i1p1f1,1969,08,06,0.0,31.396955,12.52332,1969
7158,r4i1p1f1,1969,08,07,0.0,29.890236,12.667072,1969
7159,r4i1p1f1,1969,08,08,0.0,30.119886,12.555568,1969
7160,r4i1p1f1,1969,08,09,0.0,30.05426,13.107764,1969
7161,r4i1p1f1,1969,08,10,0.0,26.04123,9.0394535,1969
7162,r4i1p1f1,1969,08,11,0.0,21.328102,5.477094,1969
7163,r4i1p1f1,1969,08,12,0.0,25.82269,8.097887,1969
7164,r4i1p1f1,1969,08,13,0.0,27.00677,8.611694,1969
7165,r4i1p1f1,1969,08,14,0.0,26.30266,7.980061,1969
7166,r4i1p1f1,1969,08,15,0.0,29.434788,10.264996,1969
7167,r4i1p1f1,1969,08,16,0.0,32.157402,13.624097,1969
7168,r4i1p1f1,1969,08,17,0.0,35.19549,16.81279,1969
7169,r4i1p1f1,1969,08,18,0.0,34.201622,16.743044,1969
7170,r4i1p1f1,1969,08,19,5.048238769586533,32.67825,15.905297,1969
7171,r4i1p1f1,1969,08,20,0.3732733810238642,28.296745,12.581256,1969
7172,r4i1p1f1,1969,08,21,0.0,28.306374,10.26511,1969
7173,r4i1p1f1,1969,08,22,0.0,28.754116,10.064103,1969
7174,r4i1p1f1,1969,08,23,0.0,28.266624,10.916328,1969
7175,r4i1p1f1,1969,08,24,0.0,26.990824,8.76498,1969
7176,r4i1p1f1,1969,08,25,0.0,21.9293,5.3482914,1969
7177,r4i1p1f1,1969,08,26,3.368898211780902,19.600714,3.455176,1969
7178,r4i1p1f1,1969,08,27,0.0005683035738002218,20.794277,4.9401717,1969
7179,r4i1p1f1,1969,08,28,0.0,22.830803,5.5935287,1969
7180,r4i1p1f1,1969,08,29,0.0,24.8851,7.6874127,1969
7181,r4i1p1f1,1969,08,30,0.0,28.45639,10.57247,1969
7182,r4i1p1f1,1969,08,31,0.0,30.52886,11.668822,1969
7183,r4i1p1f1,1969,09,01,0.0,31.477535,14.149741,1969
7184,r4i1p1f1,1969,09,02,0.0,30.991007,14.264849,1969
7185,r4i1p1f1,1969,09,03,0.0,27.209978,11.609663,1969
7186,r4i1p1f1,1969,09,04,0.0,23.753553,8.936547,1969
7187,r4i1p1f1,1969,09,05,0.0,25.001604,9.280193,1969
7188,r4i1p1f1,1969,09,06,0.0,28.858677,12.328059,1969
7189,r4i1p1f1,1969,09,07,0.0,32.13196,16.191893,1969
7190,r4i1p1f1,1969,09,08,0.0,34.22296,14.397304,1969
7191,r4i1p1f1,1969,09,09,0.0,33.47264,13.7518215,1969
7192,r4i1p1f1,1969,09,10,0.0,31.70143,13.417919,1969
7193,r4i1p1f1,1969,09,11,0.0,30.587036,12.361829,1969
7194,r4i1p1f1,1969,09,12,0.06669879638252496,24.53462,8.412666,1969
7195,r4i1p1f1,1969,09,13,0.7121138965885621,25.041775,9.588618,1969
7196,r4i1p1f1,1969,09,14,0.12699735516434885,27.040825,12.0988455,1969
7197,r4i1p1f1,1969,09,15,0.0,27.705494,13.697894,1969
7198,r4i1p1f1,1969,09,16,2.298672472258545,23.715792,10.602483,1969
7199,r4i1p1f1,1969,09,17,13.723536197812791,21.873634,7.9836392,1969
7200,r4i1p1f1,1969,09,18,0.048368463853876165,23.03118,9.341794,1969
7201,r4i1p1f1,1969,09,19,0.0,27.031096,11.695667,1969
7202,r4i1p1f1,1969,09,20,0.0,29.238455,13.923446,1969
7203,r4i1p1f1,1969,09,21,0.0,31.12914,13.883339,1969
7204,r4i1p1f1,1969,09,22,0.0,28.838467,12.969691,1969
7205,r4i1p1f1,1969,09,23,0.0,24.62383,8.986726,1969
7206,r4i1p1f1,1969,09,24,0.0,21.317263,3.9417508,1969
7207,r4i1p1f1,1969,09,25,0.0,22.423317,4.476893,1969
7208,r4i1p1f1,1969,09,26,0.0,25.040897,7.5659866,1969
7209,r4i1p1f1,1969,09,27,0.0,28.47805,13.777795,1969
7210,r4i1p1f1,1969,09,28,0.0,28.840515,11.940151,1969
7211,r4i1p1f1,1969,09,29,0.0,28.476057,11.634495,1969
7212,r4i1p1f1,1969,09,30,0.0,27.787764,10.701443,1969
7213,r4i1p1f1,1969,10,01,0.0,24.642206,9.967701,1969
7214,r4i1p1f1,1969,10,02,0.0,24.978436,9.116757,1969
7215,r4i1p1f1,1969,10,03,0.0,25.356829,8.7201605,1969
7216,r4i1p1f1,1969,10,04,0.0,27.607182,9.353163,1969
7217,r4i1p1f1,1969,10,05,0.0,26.966894,10.048668,1969
7218,r4i1p1f1,1969,10,06,0.0,26.018827,9.294117,1969
7219,r4i1p1f1,1969,10,07,0.0,23.544746,7.7009616,1969
7220,r4i1p1f1,1969,10,08,0.0,28.371923,9.241786,1969
7221,r4i1p1f1,1969,10,09,0.0,28.103243,10.440355,1969
7222,r4i1p1f1,1969,10,10,0.0,25.779049,9.293691,1969
7223,r4i1p1f1,1969,10,11,0.0,27.349241,8.303727,1969
7224,r4i1p1f1,1969,10,12,0.0,27.251284,9.673099,1969
7225,r4i1p1f1,1969,10,13,0.0,25.245794,8.466882,1969
7226,r4i1p1f1,1969,10,14,0.0,24.930351,6.2391806,1969
7227,r4i1p1f1,1969,10,15,0.0,18.22427,2.9136872,1969
7228,r4i1p1f1,1969,10,16,0.0,21.838617,5.4398685,1969
7229,r4i1p1f1,1969,10,17,0.04315139317441208,22.49467,7.6912003,1969
7230,r4i1p1f1,1969,10,18,4.108146151725123,14.229481,1.2035648,1969
7231,r4i1p1f1,1969,10,19,0.6907520838836945,7.435953,-4.5769706,1969
7232,r4i1p1f1,1969,10,20,26.35169933528232,8.395664,-1.0407331,1969
7233,r4i1p1f1,1969,10,21,14.571315448313271,5.878403,-0.24907085,1969
7234,r4i1p1f1,1969,10,22,0.0,14.185456,-0.21683958,1969
7235,r4i1p1f1,1969,10,23,24.298005384844146,16.906944,3.566373,1969
7236,r4i1p1f1,1969,10,24,33.74263881378283,16.934078,8.27296,1969
7237,r4i1p1f1,1969,10,25,18.490334756324955,15.832233,8.40407,1969
7238,r4i1p1f1,1969,10,26,0.043538209317262044,14.682634,6.5117702,1969
7239,r4i1p1f1,1969,10,27,0.054514387551307664,12.37947,2.9313521,1969
7240,r4i1p1f1,1969,10,28,0.0,16.46743,3.9565794,1969
7241,r4i1p1f1,1969,10,29,0.0,20.157137,6.6512313,1969
7242,r4i1p1f1,1969,10,30,0.44017888865823807,22.030687,10.422993,1969
7243,r4i1p1f1,1969,10,31,58.898974263127,16.847334,9.163491,1969
7244,r4i1p1f1,1969,11,01,18.60638969905608,12.808353,3.8927045,1969
7245,r4i1p1f1,1969,11,02,0.0,11.898045,0.3751396,1969
7246,r4i1p1f1,1969,11,03,0.0,12.336426,0.5986923,1969
7247,r4i1p1f1,1969,11,04,0.0,12.669261,0.246044,1969
7248,r4i1p1f1,1969,11,05,0.0,12.60708,0.005418407,1969
7249,r4i1p1f1,1969,11,06,0.0,12.319248,-0.310629,1969
7250,r4i1p1f1,1969,11,07,0.0,14.65041,0.9700771,1969
7251,r4i1p1f1,1969,11,08,0.36299600558891143,15.105625,2.2332144,1969
7252,r4i1p1f1,1969,11,09,3.9136522122731776,10.689036,1.967283,1969
7253,r4i1p1f1,1969,11,10,0.0,6.2482476,-6.5369415,1969
7254,r4i1p1f1,1969,11,11,0.0,4.6477466,-8.153192,1969
7255,r4i1p1f1,1969,11,12,0.0,6.064905,-8.475802,1969
7256,r4i1p1f1,1969,11,13,0.0,8.149941,-4.400736,1969
7257,r4i1p1f1,1969,11,14,1.5759503246329132,7.157011,-1.8192621,1969
7258,r4i1p1f1,1969,11,15,48.18948741158238,7.5600076,2.0493066,1969
7259,r4i1p1f1,1969,11,16,23.67183782025677,7.9065037,0.8399387,1969
7260,r4i1p1f1,1969,11,17,0.0,7.0883403,-2.108477,1969
7261,r4i1p1f1,1969,11,18,0.0,7.344489,-2.7985768,1969
7262,r4i1p1f1,1969,11,19,0.0,7.3678536,-3.7099295,1969
7263,r4i1p1f1,1969,11,20,0.019971947654084943,7.653137,-2.0213063,1969
7264,r4i1p1f1,1969,11,21,2.933891051827686,6.3148327,-0.86156803,1969
7265,r4i1p1f1,1969,11,22,10.004367504143374,5.9763827,-0.010957241,1969
7266,r4i1p1f1,1969,11,23,8.713678883304965,8.07954,2.1517146,1969
7267,r4i1p1f1,1969,11,24,21.074340413213122,8.484239,-0.08441538,1969
7268,r4i1p1f1,1969,11,25,0.21747962944118626,8.824914,-1.3303437,1969
7269,r4i1p1f1,1969,11,26,1.2387895054672526,10.204679,1.2029635,1969
7270,r4i1p1f1,1969,11,27,0.02593033832454239,9.199212,-1.4189944,1969
7271,r4i1p1f1,1969,11,28,7.835875409142545,8.468612,2.4763772,1969
7272,r4i1p1f1,1969,11,29,5.2696741987176665,7.693072,-2.7794294,1969
7273,r4i1p1f1,1969,11,30,10.244545806290262,8.756079,-0.40559447,1969
7274,r4i1p1f1,1969,12,01,0.0,6.994813,-1.7397496,1969
7275,r4i1p1f1,1969,12,02,0.0,5.374502,-2.9073749,1969
7276,r4i1p1f1,1969,12,03,3.011287850114286,5.5203967,-2.4337435,1969
7277,r4i1p1f1,1969,12,04,4.7231618049863755,7.2229276,-0.15762228,1969
7278,r4i1p1f1,1969,12,05,16.63187475039649,10.542088,0.26242605,1969
7279,r4i1p1f1,1969,12,06,2.385597398642858,4.29238,-6.2731695,1969
7280,r4i1p1f1,1969,12,07,15.002714142019613,2.3603125,-3.2584782,1969
7281,r4i1p1f1,1969,12,08,33.63567894411972,10.770667,-0.34969842,1969
7282,r4i1p1f1,1969,12,09,42.88138695346788,10.339502,3.181224,1969
7283,r4i1p1f1,1969,12,10,23.92128925707766,10.045269,3.9243207,1969
7284,r4i1p1f1,1969,12,11,0.3851181980508045,9.759182,4.6358085,1969
7285,r4i1p1f1,1969,12,12,0.0,8.475735,3.8309793,1969
7286,r4i1p1f1,1969,12,13,6.420035793235002,9.770489,2.8700273,1969
7287,r4i1p1f1,1969,12,14,0.7912024182019195,8.918289,-0.48343706,1969
7288,r4i1p1f1,1969,12,15,9.357007352627988,5.0551734,-2.8190243,1969
7289,r4i1p1f1,1969,12,16,0.040201385320415284,3.3862035,-4.125845,1969
7290,r4i1p1f1,1969,12,17,37.075208454189124,8.756289,-1.3719649,1969
7291,r4i1p1f1,1969,12,18,3.53032725703315,8.573442,-1.3276496,1969
7292,r4i1p1f1,1969,12,19,22.071348374083755,5.866068,0.9784141,1969
7293,r4i1p1f1,1969,12,20,11.33469822054849,7.1429696,-2.5266905,1969
7294,r4i1p1f1,1969,12,21,0.04546245345409261,3.603793,-8.850257,1969
7295,r4i1p1f1,1969,12,22,0.0,2.5762546,-9.689559,1969
7296,r4i1p1f1,1969,12,23,11.069988779877349,4.043788,-5.9105725,1969
7297,r4i1p1f1,1969,12,24,0.35105488681779207,7.2905865,0.90212375,1969
7298,r4i1p1f1,1969,12,25,7.151908525833051,6.935747,-0.32537284,1969
7299,r4i1p1f1,1969,12,26,2.677819444807028,6.549962,2.5263963,1969
7300,r4i1p1f1,1969,12,27,29.04881257782108,6.9194202,1.5829998,1969
7301,r4i1p1f1,1969,12,28,9.436869184378338,6.492788,1.0353726,1969
7302,r4i1p1f1,1969,12,29,30.179293467290336,10.642927,2.214405,1969
7303,r4i1p1f1,1969,12,30,4.935336100425047,12.130713,1.8260422,1969
7304,r4i1p1f1,1969,12,31,0.0,10.666284,0.83280593,1969
7305,r4i1p1f1,1970,01,01,0.0,12.853345,1.7637147,1970
7306,r4i1p1f1,1970,01,02,0.0,13.060936,2.1726809,1970
7307,r4i1p1f1,1970,01,03,0.0,14.75759,2.444518,1970
7308,r4i1p1f1,1970,01,04,0.0,15.976787,2.2781944,1970
7309,r4i1p1f1,1970,01,05,0.0,16.381754,3.6740603,1970
7310,r4i1p1f1,1970,01,06,0.0,16.11373,3.1625948,1970
7311,r4i1p1f1,1970,01,07,0.0,15.508635,4.356617,1970
7312,r4i1p1f1,1970,01,08,0.11012765454552209,13.020161,4.661976,1970
7313,r4i1p1f1,1970,01,09,25.845345032939804,9.195511,2.3536298,1970
7314,r4i1p1f1,1970,01,10,36.11626536003314,11.395371,3.372077,1970
7315,r4i1p1f1,1970,01,11,31.256110511458246,10.455745,2.8519456,1970
7316,r4i1p1f1,1970,01,12,0.11380865382903949,7.584719,1.1232058,1970
7317,r4i1p1f1,1970,01,13,0.01718692983558867,9.462693,0.81014943,1970
7318,r4i1p1f1,1970,01,14,9.559165347002363,7.323192,1.3895376,1970
7319,r4i1p1f1,1970,01,15,0.0,8.314228,0.32160023,1970
7320,r4i1p1f1,1970,01,16,0.0,11.125687,-0.25885493,1970
7321,r4i1p1f1,1970,01,17,0.0,11.79782,0.44301647,1970
7322,r4i1p1f1,1970,01,18,0.0,11.633635,1.2755024,1970
7323,r4i1p1f1,1970,01,19,0.0,10.382193,-0.5488851,1970
7324,r4i1p1f1,1970,01,20,0.0,13.525557,0.7891935,1970
7325,r4i1p1f1,1970,01,21,0.0,11.547787,-0.33229282,1970
7326,r4i1p1f1,1970,01,22,0.0,12.012255,-0.69820035,1970
7327,r4i1p1f1,1970,01,23,0.0,14.298652,0.36547968,1970
7328,r4i1p1f1,1970,01,24,0.0,13.441231,1.1494135,1970
7329,r4i1p1f1,1970,01,25,0.0,13.851377,0.33771452,1970
7330,r4i1p1f1,1970,01,26,0.0,13.890675,0.046855025,1970
7331,r4i1p1f1,1970,01,27,3.2362304367836714,11.191109,1.2883077,1970
7332,r4i1p1f1,1970,01,28,37.98431648465339,8.195492,0.19431745,1970
7333,r4i1p1f1,1970,01,29,0.0,10.069506,-1.7757066,1970
7334,r4i1p1f1,1970,01,30,0.0,10.474389,1.1805032,1970
7335,r4i1p1f1,1970,01,31,0.0,9.316423,1.6678644,1970
7336,r4i1p1f1,1970,02,01,0.040356219528803194,9.523986,3.1466522,1970
7337,r4i1p1f1,1970,02,02,3.8997662965812196,10.390125,3.7086,1970
7338,r4i1p1f1,1970,02,03,0.0,10.360309,-0.1089513,1970
7339,r4i1p1f1,1970,02,04,0.0,8.207537,-1.5540793,1970
7340,r4i1p1f1,1970,02,05,11.366183587779233,9.820633,-1.0771002,1970
7341,r4i1p1f1,1970,02,06,0.003917111439477594,9.401802,2.8685143,1970
7342,r4i1p1f1,1970,02,07,17.54500909919443,9.392644,0.4534705,1970
7343,r4i1p1f1,1970,02,08,1.5886185584122359,12.188699,-1.7311488,1970
7344,r4i1p1f1,1970,02,09,0.0,13.162694,-0.27703232,1970
7345,r4i1p1f1,1970,02,10,0.0,13.473266,1.7121887,1970
7346,r4i1p1f1,1970,02,11,0.0,13.255774,0.9860009,1970
7347,r4i1p1f1,1970,02,12,0.0,12.840424,1.2780086,1970
7348,r4i1p1f1,1970,02,13,0.0,15.011176,2.5030649,1970
7349,r4i1p1f1,1970,02,14,0.0,15.462172,2.188786,1970
7350,r4i1p1f1,1970,02,15,0.0,15.200253,3.9536095,1970
7351,r4i1p1f1,1970,02,16,0.0,14.750137,2.520862,1970
7352,r4i1p1f1,1970,02,17,0.5353859011847817,13.958637,2.9862642,1970
7353,r4i1p1f1,1970,02,18,0.0,12.135389,1.2461158,1970
7354,r4i1p1f1,1970,02,19,0.0,14.200642,1.0308564,1970
7355,r4i1p1f1,1970,02,20,0.0,14.746043,0.4172187,1970
7356,r4i1p1f1,1970,02,21,0.0,14.2111435,0.4516191,1970
7357,r4i1p1f1,1970,02,22,0.0,14.710175,0.5012978,1970
7358,r4i1p1f1,1970,02,23,0.0,16.570112,2.6466274,1970
7359,r4i1p1f1,1970,02,24,0.0,18.23334,3.2841063,1970
7360,r4i1p1f1,1970,02,25,0.0,18.169287,3.6760914,1970
7361,r4i1p1f1,1970,02,26,0.0,18.263885,4.0785947,1970
7362,r4i1p1f1,1970,02,27,0.0,17.73322,3.5033336,1970
7363,r4i1p1f1,1970,02,28,0.0,16.956429,3.5699887,1970
7364,r4i1p1f1,1970,03,01,0.0,20.304674,3.497066,1970
7365,r4i1p1f1,1970,03,02,0.0,20.293816,3.6571465,1970
7366,r4i1p1f1,1970,03,03,0.0,19.271776,5.8237944,1970
7367,r4i1p1f1,1970,03,04,0.8936514126844486,15.670025,4.5865974,1970
7368,r4i1p1f1,1970,03,05,11.517777448102606,10.092664,3.991818,1970
7369,r4i1p1f1,1970,03,06,1.653479861215601,10.602441,0.8517803,1970
7370,r4i1p1f1,1970,03,07,54.693240151391365,11.475301,1.193106,1970
7371,r4i1p1f1,1970,03,08,0.0,13.239455,4.941801,1970
7372,r4i1p1f1,1970,03,09,0.005374759325604828,12.148254,0.7514818,1970
7373,r4i1p1f1,1970,03,10,0.0,13.487465,0.41962057,1970
7374,r4i1p1f1,1970,03,11,0.0,16.907906,0.6643972,1970
7375,r4i1p1f1,1970,03,12,0.0,16.81164,1.4933199,1970
7376,r4i1p1f1,1970,03,13,0.0,16.960707,1.9393117,1970
7377,r4i1p1f1,1970,03,14,0.0,17.36592,5.8127904,1970
7378,r4i1p1f1,1970,03,15,0.0,17.989117,3.7410262,1970
7379,r4i1p1f1,1970,03,16,0.0,17.592667,5.48316,1970
7380,r4i1p1f1,1970,03,17,4.122134176236614,11.551452,3.0926921,1970
7381,r4i1p1f1,1970,03,18,4.718833644960796,12.161989,2.3870227,1970
7382,r4i1p1f1,1970,03,19,0.006864562277542063,14.882921,6.113386,1970
7383,r4i1p1f1,1970,03,20,13.186842083041483,11.46178,5.856873,1970
7384,r4i1p1f1,1970,03,21,16.121233320268402,10.872103,5.6672034,1970
7385,r4i1p1f1,1970,03,22,0.0,15.634365,3.6054769,1970
7386,r4i1p1f1,1970,03,23,0.0,20.584854,2.3727882,1970
7387,r4i1p1f1,1970,03,24,0.0,23.562614,5.5181518,1970
7388,r4i1p1f1,1970,03,25,0.0,23.583485,6.5968223,1970
7389,r4i1p1f1,1970,03,26,0.0,25.05104,7.672519,1970
7390,r4i1p1f1,1970,03,27,0.0,26.096754,7.444414,1970
7391,r4i1p1f1,1970,03,28,0.0,25.91039,7.83805,1970
7392,r4i1p1f1,1970,03,29,2.933174133343641,16.867851,1.963988,1970
7393,r4i1p1f1,1970,03,30,0.0023885522807631787,15.1747875,3.4843981,1970
7394,r4i1p1f1,1970,03,31,3.9638722672975746,14.808492,4.442881,1970
7395,r4i1p1f1,1970,04,01,17.720528580775863,13.384742,6.252568,1970
7396,r4i1p1f1,1970,04,02,43.86390196470984,12.344945,7.8711843,1970
7397,r4i1p1f1,1970,04,03,32.61589954763622,15.126408,0.78327495,1970
7398,r4i1p1f1,1970,04,04,11.584515618233127,11.427636,2.8973663,1970
7399,r4i1p1f1,1970,04,05,21.274655680281285,11.53676,2.7559621,1970
7400,r4i1p1f1,1970,04,06,0.0,15.937574,3.3353386,1970
7401,r4i1p1f1,1970,04,07,0.03588560296918786,14.384336,5.306858,1970
7402,r4i1p1f1,1970,04,08,0.0,14.868123,4.2905383,1970
7403,r4i1p1f1,1970,04,09,16.328807474928908,11.469837,4.498732,1970
7404,r4i1p1f1,1970,04,10,36.08239605164272,11.074294,0.17035347,1970
7405,r4i1p1f1,1970,04,11,1.579916396980252,9.062609,1.8021374,1970
7406,r4i1p1f1,1970,04,12,0.31801266340494294,12.506054,0.6734405,1970
7407,r4i1p1f1,1970,04,13,0.0,14.27834,4.1743546,1970
7408,r4i1p1f1,1970,04,14,0.005611474830402585,16.182905,0.17194928,1970
7409,r4i1p1f1,1970,04,15,0.0,14.638345,2.338465,1970
7410,r4i1p1f1,1970,04,16,0.0,16.95201,0.8504914,1970
7411,r4i1p1f1,1970,04,17,0.07518315926517971,15.392417,3.3164616,1970
7412,r4i1p1f1,1970,04,18,4.502776560374855,10.633493,-1.6416302,1970
7413,r4i1p1f1,1970,04,19,0.0,18.662317,3.363161,1970
7414,r4i1p1f1,1970,04,20,0.0,19.976528,4.5473914,1970
7415,r4i1p1f1,1970,04,21,13.52290292725229,15.434657,0.47537962,1970
7416,r4i1p1f1,1970,04,22,13.015662915654502,14.247979,-0.76985115,1970
7417,r4i1p1f1,1970,04,23,0.0,24.506039,7.7174935,1970
7418,r4i1p1f1,1970,04,24,0.0,25.7319,9.593999,1970
7419,r4i1p1f1,1970,04,25,0.0,26.262753,10.284344,1970
7420,r4i1p1f1,1970,04,26,0.0,25.711304,9.063771,1970
7421,r4i1p1f1,1970,04,27,0.0,25.952225,9.4198065,1970
7422,r4i1p1f1,1970,04,28,0.2314450628546183,21.704525,6.606296,1970
7423,r4i1p1f1,1970,04,29,13.364149958431426,19.150875,4.2135515,1970
7424,r4i1p1f1,1970,04,30,10.400371024767262,17.385824,1.3820351,1970
7425,r4i1p1f1,1970,05,01,0.0,27.549248,11.139416,1970
7426,r4i1p1f1,1970,05,02,0.0,27.70368,11.393203,1970
7427,r4i1p1f1,1970,05,03,1.8961245116315695,22.965885,7.4610662,1970
7428,r4i1p1f1,1970,05,04,5.350548521482779,18.593292,3.967152,1970
7429,r4i1p1f1,1970,05,05,2.6338071779946404,16.127777,6.3664427,1970
7430,r4i1p1f1,1970,05,06,2.3702872912380712,15.673863,1.7054473,1970
7431,r4i1p1f1,1970,05,07,0.0,22.063,6.00491,1970
7432,r4i1p1f1,1970,05,08,0.0,21.603529,5.23769,1970
7433,r4i1p1f1,1970,05,09,0.0,23.97234,7.4824643,1970
7434,r4i1p1f1,1970,05,10,0.0,27.210295,10.28853,1970
7435,r4i1p1f1,1970,05,11,0.0,25.796862,10.565187,1970
7436,r4i1p1f1,1970,05,12,0.0,26.704521,11.049428,1970
7437,r4i1p1f1,1970,05,13,0.0,24.680616,10.02598,1970
7438,r4i1p1f1,1970,05,14,0.0,23.473274,9.124152,1970
7439,r4i1p1f1,1970,05,15,2.6528629545737203,19.565125,6.467824,1970
7440,r4i1p1f1,1970,05,16,0.0,24.632465,8.389954,1970
7441,r4i1p1f1,1970,05,17,0.0,26.093977,9.635601,1970
7442,r4i1p1f1,1970,05,18,0.0,28.307575,10.539661,1970
7443,r4i1p1f1,1970,05,19,2.059350175724717,22.08864,4.592286,1970
7444,r4i1p1f1,1970,05,20,0.42838728946890114,18.774582,4.3176317,1970
7445,r4i1p1f1,1970,05,21,4.975615189869131,18.223799,7.0244617,1970
7446,r4i1p1f1,1970,05,22,0.5753007427756529,23.00469,8.407582,1970
7447,r4i1p1f1,1970,05,23,0.0,25.549706,8.957404,1970
7448,r4i1p1f1,1970,05,24,0.0,25.45622,12.535563,1970
7449,r4i1p1f1,1970,05,25,0.0,26.460482,10.078879,1970
7450,r4i1p1f1,1970,05,26,0.0,26.987795,12.200887,1970
7451,r4i1p1f1,1970,05,27,0.0,26.032469,9.285914,1970
7452,r4i1p1f1,1970,05,28,0.715865121826198,23.773767,9.128887,1970
7453,r4i1p1f1,1970,05,29,0.8839831067462001,21.40194,6.8979664,1970
7454,r4i1p1f1,1970,05,30,0.759391153735578,16.977034,2.2938776,1970
7455,r4i1p1f1,1970,05,31,0.0,21.443087,6.655451,1970
7456,r4i1p1f1,1970,06,01,8.04828442193184,16.468449,4.362611,1970
7457,r4i1p1f1,1970,06,02,2.0518524138253724,19.644224,3.889678,1970
7458,r4i1p1f1,1970,06,03,0.9541100212999254,25.857334,6.047763,1970
7459,r4i1p1f1,1970,06,04,0.0,28.228252,9.474249,1970
7460,r4i1p1f1,1970,06,05,0.20247832123914122,27.413729,11.218327,1970
7461,r4i1p1f1,1970,06,06,1.0655759168002987,20.764046,5.9452844,1970
7462,r4i1p1f1,1970,06,07,0.06672714794149215,18.932537,9.247639,1970
7463,r4i1p1f1,1970,06,08,1.0663373324860004,18.89262,5.807622,1970
7464,r4i1p1f1,1970,06,09,1.0473254729561177,21.887848,6.8736844,1970
7465,r4i1p1f1,1970,06,10,0.0436877497122623,25.404226,9.136802,1970
7466,r4i1p1f1,1970,06,11,0.0,26.392248,9.220327,1970
7467,r4i1p1f1,1970,06,12,0.0,28.148739,11.300151,1970
7468,r4i1p1f1,1970,06,13,0.10554782859344414,27.412363,10.519479,1970
7469,r4i1p1f1,1970,06,14,0.06963254991916301,26.596872,9.024004,1970
7470,r4i1p1f1,1970,06,15,0.7088621989169042,25.674562,8.610839,1970
7471,r4i1p1f1,1970,06,16,0.18658069243429054,26.891478,9.486488,1970
7472,r4i1p1f1,1970,06,17,0.0,28.188643,11.456482,1970
7473,r4i1p1f1,1970,06,18,0.02169948784285225,27.128597,10.576724,1970
7474,r4i1p1f1,1970,06,19,0.34003261155248765,23.67853,9.80388,1970
7475,r4i1p1f1,1970,06,20,6.066591425296508,25.201029,11.169357,1970
7476,r4i1p1f1,1970,06,21,4.401731222087335,26.308601,10.599522,1970
7477,r4i1p1f1,1970,06,22,0.0,29.093903,11.673769,1970
7478,r4i1p1f1,1970,06,23,0.0,29.098436,11.341507,1970
7479,r4i1p1f1,1970,06,24,0.0,30.247898,13.567481,1970
7480,r4i1p1f1,1970,06,25,0.003928455726054381,28.631487,11.721934,1970
7481,r4i1p1f1,1970,06,26,0.3520844234571996,25.825272,10.335509,1970
7482,r4i1p1f1,1970,06,27,0.005519216716720621,25.194756,10.439451,1970
7483,r4i1p1f1,1970,06,28,0.03438534986344166,25.585443,9.645573,1970
7484,r4i1p1f1,1970,06,29,0.06522213589050807,25.398659,9.909612,1970
7485,r4i1p1f1,1970,06,30,0.0,24.699688,9.051983,1970
7486,r4i1p1f1,1970,07,01,0.12181832562419004,21.993422,8.164747,1970
7487,r4i1p1f1,1970,07,02,0.0,21.853462,8.251833,1970
7488,r4i1p1f1,1970,07,03,0.0,25.343716,8.824138,1970
7489,r4i1p1f1,1970,07,04,0.0,30.229227,11.261441,1970
7490,r4i1p1f1,1970,07,05,0.0,34.28987,14.825063,1970
7491,r4i1p1f1,1970,07,06,0.03505586228129687,34.950546,15.337396,1970
7492,r4i1p1f1,1970,07,07,0.025212160593923727,34.13324,14.18541,1970
7493,r4i1p1f1,1970,07,08,0.0,31.5417,13.4705,1970
7494,r4i1p1f1,1970,07,09,0.0,29.28789,12.7742195,1970
7495,r4i1p1f1,1970,07,10,0.19552692401703098,30.801933,15.304906,1970
7496,r4i1p1f1,1970,07,11,0.7258375893286484,31.604004,14.361816,1970
7497,r4i1p1f1,1970,07,12,1.1470876253724782,31.760464,14.78707,1970
7498,r4i1p1f1,1970,07,13,0.009644635792938061,32.09411,15.318582,1970
7499,r4i1p1f1,1970,07,14,0.0,32.840546,14.990699,1970
7500,r4i1p1f1,1970,07,15,0.0,34.2961,15.159546,1970
7501,r4i1p1f1,1970,07,16,0.0,35.442093,15.852895,1970
7502,r4i1p1f1,1970,07,17,0.0,36.07055,16.880304,1970
7503,r4i1p1f1,1970,07,18,0.0,36.38446,17.813057,1970
7504,r4i1p1f1,1970,07,19,0.0,37.10872,19.79151,1970
7505,r4i1p1f1,1970,07,20,0.0009977702749353057,35.717136,18.302452,1970
7506,r4i1p1f1,1970,07,21,0.11754321172077198,36.188297,19.133461,1970
7507,r4i1p1f1,1970,07,22,0.0,36.73698,19.761187,1970
7508,r4i1p1f1,1970,07,23,0.0,36.452286,20.10192,1970
7509,r4i1p1f1,1970,07,24,0.0,34.084164,17.424278,1970
7510,r4i1p1f1,1970,07,25,2.542150454013381,33.228115,18.146458,1970
7511,r4i1p1f1,1970,07,26,0.010543584603794898,30.071388,13.154383,1970
7512,r4i1p1f1,1970,07,27,0.0004772684519593895,28.871311,12.536785,1970
7513,r4i1p1f1,1970,07,28,0.13385844928279766,31.212778,14.1865425,1970
7514,r4i1p1f1,1970,07,29,0.49135681647385354,29.280453,14.452199,1970
7515,r4i1p1f1,1970,07,30,0.0,27.763628,10.766517,1970
7516,r4i1p1f1,1970,07,31,0.0,30.75491,13.296518,1970
7517,r4i1p1f1,1970,08,01,0.0,33.45596,16.122593,1970
7518,r4i1p1f1,1970,08,02,0.0,34.61598,16.545904,1970
7519,r4i1p1f1,1970,08,03,0.0,34.995808,16.982473,1970
7520,r4i1p1f1,1970,08,04,0.0,30.87399,13.255356,1970
7521,r4i1p1f1,1970,08,05,0.0,26.309761,9.107371,1970
7522,r4i1p1f1,1970,08,06,0.0,28.343973,11.118416,1970
7523,r4i1p1f1,1970,08,07,0.0,28.795921,12.01497,1970
7524,r4i1p1f1,1970,08,08,0.0,33.184917,14.566116,1970
7525,r4i1p1f1,1970,08,09,0.0,33.732445,15.3391,1970
7526,r4i1p1f1,1970,08,10,0.0,32.43702,15.130589,1970
7527,r4i1p1f1,1970,08,11,0.0,31.325378,14.405794,1970
7528,r4i1p1f1,1970,08,12,0.0,29.97559,12.624205,1970
7529,r4i1p1f1,1970,08,13,0.0,28.173527,11.203733,1970
7530,r4i1p1f1,1970,08,14,0.0,28.182713,11.038892,1970
7531,r4i1p1f1,1970,08,15,0.0,28.079193,10.848782,1970
7532,r4i1p1f1,1970,08,16,0.0,26.73988,9.451557,1970
7533,r4i1p1f1,1970,08,17,0.0,26.43669,9.7292795,1970
7534,r4i1p1f1,1970,08,18,0.0,29.16967,11.407135,1970
7535,r4i1p1f1,1970,08,19,0.0,33.226913,13.600476,1970
7536,r4i1p1f1,1970,08,20,0.0,33.359966,15.733446,1970
7537,r4i1p1f1,1970,08,21,0.1807471584754694,33.39174,16.387062,1970
7538,r4i1p1f1,1970,08,22,0.0,33.906208,15.973982,1970
7539,r4i1p1f1,1970,08,23,0.0,31.489092,14.460338,1970
7540,r4i1p1f1,1970,08,24,0.0,30.035666,13.697273,1970
7541,r4i1p1f1,1970,08,25,0.0,28.560146,12.507629,1970
7542,r4i1p1f1,1970,08,26,0.0,28.04078,11.430431,1970
7543,r4i1p1f1,1970,08,27,0.0,25.760622,8.8347,1970
7544,r4i1p1f1,1970,08,28,0.0,28.449707,10.43927,1970
7545,r4i1p1f1,1970,08,29,0.0,28.882568,11.307482,1970
7546,r4i1p1f1,1970,08,30,0.0,27.082743,9.188097,1970
7547,r4i1p1f1,1970,08,31,0.0,23.658287,6.5544524,1970
7548,r4i1p1f1,1970,09,01,0.0,28.280102,10.040304,1970
7549,r4i1p1f1,1970,09,02,0.0,30.438948,13.407469,1970
7550,r4i1p1f1,1970,09,03,0.0,30.523489,13.452215,1970
7551,r4i1p1f1,1970,09,04,0.0,26.430672,9.865275,1970
7552,r4i1p1f1,1970,09,05,0.0,27.235546,8.809804,1970
7553,r4i1p1f1,1970,09,06,0.0,28.487955,12.667347,1970
7554,r4i1p1f1,1970,09,07,0.6385631890225341,28.332031,11.457705,1970
7555,r4i1p1f1,1970,09,08,1.4014960383327946,20.020208,4.3964686,1970
7556,r4i1p1f1,1970,09,09,0.0,20.836855,4.887176,1970
7557,r4i1p1f1,1970,09,10,0.0,21.38802,8.782708,1970
7558,r4i1p1f1,1970,09,11,0.0,21.756714,7.0724277,1970
7559,r4i1p1f1,1970,09,12,0.0,24.249178,9.919574,1970
7560,r4i1p1f1,1970,09,13,0.0,26.419672,9.125315,1970
7561,r4i1p1f1,1970,09,14,0.0,29.21548,13.170483,1970
7562,r4i1p1f1,1970,09,15,5.654863379714925,27.635479,13.805561,1970
7563,r4i1p1f1,1970,09,16,5.019761200526318,17.752542,5.75097,1970
7564,r4i1p1f1,1970,09,17,4.012993098842799,11.51487,1.3512483,1970
7565,r4i1p1f1,1970,09,18,1.6489037240035032,12.893192,-0.3252374,1970
7566,r4i1p1f1,1970,09,19,0.0,14.321293,4.8234215,1970
7567,r4i1p1f1,1970,09,20,16.982109710943405,13.043791,4.35327,1970
7568,r4i1p1f1,1970,09,21,0.09694231733732295,18.363914,5.1285777,1970
7569,r4i1p1f1,1970,09,22,0.0,19.757442,5.6760573,1970
7570,r4i1p1f1,1970,09,23,0.0,20.599266,5.698103,1970
7571,r4i1p1f1,1970,09,24,0.0,22.98243,8.106795,1970
7572,r4i1p1f1,1970,09,25,0.0,24.252785,8.745951,1970
7573,r4i1p1f1,1970,09,26,0.0,24.88656,8.1429825,1970
7574,r4i1p1f1,1970,09,27,0.0,24.43123,8.551637,1970
7575,r4i1p1f1,1970,09,28,0.2805183051691529,23.28934,9.485021,1970
7576,r4i1p1f1,1970,09,29,0.1382200026343483,23.841599,10.444668,1970
7577,r4i1p1f1,1970,09,30,0.46316179964378534,23.285423,11.932045,1970
7578,r4i1p1f1,1970,10,01,3.2086376898121216,23.85987,10.6128,1970
7579,r4i1p1f1,1970,10,02,0.9838091479309696,25.083557,11.348561,1970
7580,r4i1p1f1,1970,10,03,0.9617286941988823,26.673038,13.781265,1970
7581,r4i1p1f1,1970,10,04,4.403147624424619,21.55912,13.521714,1970
7582,r4i1p1f1,1970,10,05,0.20533831137186098,23.933481,11.263119,1970
7583,r4i1p1f1,1970,10,06,19.839761298271696,20.527653,9.916713,1970
7584,r4i1p1f1,1970,10,07,6.449160271006349,18.08323,7.011877,1970
7585,r4i1p1f1,1970,10,08,0.0837992267406662,18.854177,6.147845,1970
7586,r4i1p1f1,1970,10,09,0.0,17.209112,6.673813,1970
7587,r4i1p1f1,1970,10,10,4.929689807784143,12.428188,4.6202044,1970
7588,r4i1p1f1,1970,10,11,0.17716936326337418,14.282689,1.6616821,1970
7589,r4i1p1f1,1970,10,12,0.0,16.60237,2.7849226,1970
7590,r4i1p1f1,1970,10,13,0.0,20.31333,5.5974355,1970
7591,r4i1p1f1,1970,10,14,0.0,22.572447,7.42291,1970
7592,r4i1p1f1,1970,10,15,0.0,23.995602,9.117562,1970
7593,r4i1p1f1,1970,10,16,0.0,25.045132,10.084859,1970
7594,r4i1p1f1,1970,10,17,0.0,27.182343,11.233282,1970
7595,r4i1p1f1,1970,10,18,0.0,26.279411,9.599655,1970
7596,r4i1p1f1,1970,10,19,0.0,26.220839,9.451305,1970
7597,r4i1p1f1,1970,10,20,0.0,27.35344,10.688525,1970
7598,r4i1p1f1,1970,10,21,0.0,26.238451,9.2859535,1970
7599,r4i1p1f1,1970,10,22,0.0,26.123432,10.052725,1970
7600,r4i1p1f1,1970,10,23,0.0,24.620724,7.286566,1970
7601,r4i1p1f1,1970,10,24,0.0,22.27155,5.8676243,1970
7602,r4i1p1f1,1970,10,25,0.0,22.589537,6.8941145,1970
7603,r4i1p1f1,1970,10,26,0.0,21.973372,7.420046,1970
7604,r4i1p1f1,1970,10,27,0.0,20.960842,5.590851,1970
7605,r4i1p1f1,1970,10,28,0.0,22.479376,6.0368257,1970
7606,r4i1p1f1,1970,10,29,0.0,21.783665,5.6945734,1970
7607,r4i1p1f1,1970,10,30,0.0,19.819693,4.550205,1970
7608,r4i1p1f1,1970,10,31,14.45312828486749,18.957544,3.1317136,1970
7609,r4i1p1f1,1970,11,01,8.207522210079787,6.6961193,-5.393468,1970
7610,r4i1p1f1,1970,11,02,9.92200732944184,5.709944,-0.7765732,1970
7611,r4i1p1f1,1970,11,03,9.448901566065615,8.082648,-2.6181324,1970
7612,r4i1p1f1,1970,11,04,12.778178789449157,14.111669,2.4791515,1970
7613,r4i1p1f1,1970,11,05,17.251982054585824,14.935074,7.655598,1970
7614,r4i1p1f1,1970,11,06,0.0009989669251808664,13.817309,8.020484,1970
7615,r4i1p1f1,1970,11,07,31.596214832825353,13.199306,6.285452,1970
7616,r4i1p1f1,1970,11,08,56.31552339791597,11.870317,4.5507336,1970
7617,r4i1p1f1,1970,11,09,11.851151098971968,11.229053,3.2093985,1970
7618,r4i1p1f1,1970,11,10,0.0,11.436894,0.3976503,1970
7619,r4i1p1f1,1970,11,11,0.0,13.486619,2.622035,1970
7620,r4i1p1f1,1970,11,12,0.08333259866049048,15.738277,7.5302234,1970
7621,r4i1p1f1,1970,11,13,0.11922692918915345,15.082738,9.038748,1970
7622,r4i1p1f1,1970,11,14,0.0,14.845529,2.2805507,1970
7623,r4i1p1f1,1970,11,15,0.0,15.216071,2.2676196,1970
7624,r4i1p1f1,1970,11,16,0.0,16.887743,2.6706858,1970
7625,r4i1p1f1,1970,11,17,0.0,17.875183,5.010416,1970
7626,r4i1p1f1,1970,11,18,0.0,17.626461,4.083198,1970
7627,r4i1p1f1,1970,11,19,0.0,17.76706,5.691364,1970
7628,r4i1p1f1,1970,11,20,0.4892761938194212,14.683655,3.6517835,1970
7629,r4i1p1f1,1970,11,21,1.931273313005022,13.656086,5.141194,1970
7630,r4i1p1f1,1970,11,22,44.57859518647638,12.86852,5.0019894,1970
7631,r4i1p1f1,1970,11,23,0.3899202358581988,13.868987,5.0929585,1970
7632,r4i1p1f1,1970,11,24,11.16621777182445,12.117937,4.3597713,1970
7633,r4i1p1f1,1970,11,25,0.9474892283151348,13.776821,1.3431487,1970
7634,r4i1p1f1,1970,11,26,0.3325383107352309,6.365785,-4.4367433,1970
7635,r4i1p1f1,1970,11,27,0.0,6.0825977,-5.897303,1970
7636,r4i1p1f1,1970,11,28,0.0,5.8172903,-5.473455,1970
7637,r4i1p1f1,1970,11,29,0.0,9.988973,-2.2717419,1970
7638,r4i1p1f1,1970,11,30,0.4592287516146598,10.602761,-1.66776,1970
7639,r4i1p1f1,1970,12,01,0.8142833576357589,6.4083185,0.8942941,1970
7640,r4i1p1f1,1970,12,02,2.7750735054155484,6.3181534,-0.97456104,1970
7641,r4i1p1f1,1970,12,03,0.08893542344594607,8.143994,0.60994816,1970
7642,r4i1p1f1,1970,12,04,0.0,8.923269,-2.1410797,1970
7643,r4i1p1f1,1970,12,05,5.411984172903317,6.2432814,-1.4502523,1970
7644,r4i1p1f1,1970,12,06,30.974011719081318,5.7848945,-5.3950253,1970
7645,r4i1p1f1,1970,12,07,0.0,5.1423664,-6.820376,1970
7646,r4i1p1f1,1970,12,08,0.0,9.34461,-2.287126,1970
7647,r4i1p1f1,1970,12,09,0.0,7.266756,-4.056751,1970
7648,r4i1p1f1,1970,12,10,0.0,6.8270984,0.93802536,1970
7649,r4i1p1f1,1970,12,11,0.0,9.728575,-0.8626593,1970
7650,r4i1p1f1,1970,12,12,15.756725595656462,7.5203705,2.7974644,1970
7651,r4i1p1f1,1970,12,13,11.463295910186844,8.395924,3.6576123,1970
7652,r4i1p1f1,1970,12,14,3.23306248380959,7.2256308,3.7749777,1970
7653,r4i1p1f1,1970,12,15,0.0,8.5420265,3.7711842,1970
7654,r4i1p1f1,1970,12,16,0.0,10.466088,0.6064629,1970
7655,r4i1p1f1,1970,12,17,0.0,10.289881,0.44997728,1970
7656,r4i1p1f1,1970,12,18,0.19943552913446183,8.318775,1.2626004,1970
7657,r4i1p1f1,1970,12,19,6.248968251338738,8.264523,1.2063223,1970
7658,r4i1p1f1,1970,12,20,0.04859494819129395,5.6846848,-1.0831138,1970
7659,r4i1p1f1,1970,12,21,0.0,4.801768,-3.4282477,1970
7660,r4i1p1f1,1970,12,22,6.468935030090961,2.0846872,-4.9612646,1970
7661,r4i1p1f1,1970,12,23,5.445093002424528,1.6228839,-3.200025,1970
7662,r4i1p1f1,1970,12,24,0.05121528851788071,3.8634481,-4.487538,1970
7663,r4i1p1f1,1970,12,25,7.076750284022637,1.676899,-4.0779557,1970
7664,r4i1p1f1,1970,12,26,35.195326036409824,5.636593,-0.41348103,1970
7665,r4i1p1f1,1970,12,27,13.811059077261234,4.0953846,0.16623767,1970
7666,r4i1p1f1,1970,12,28,5.566875051522402,5.232271,-2.392437,1970
7667,r4i1p1f1,1970,12,29,0.7346403097713505,7.3654995,1.1121392,1970
7668,r4i1p1f1,1970,12,30,0.0673060726512631,9.610085,-2.1561432,1970
7669,r4i1p1f1,1970,12,31,0.0,10.976813,-1.1442424,1970
7670,r4i1p1f1,1971,01,01,0.0,12.968126,0.7861397,1971
7671,r4i1p1f1,1971,01,02,0.0,11.647947,-0.072288565,1971
7672,r4i1p1f1,1971,01,03,0.0,9.974226,-1.4527421,1971
7673,r4i1p1f1,1971,01,04,0.0,10.083217,-1.7817805,1971
7674,r4i1p1f1,1971,01,05,0.0,9.901607,0.026528358,1971
7675,r4i1p1f1,1971,01,06,14.644540871836398,8.348911,2.2141945,1971
7676,r4i1p1f1,1971,01,07,10.53761603499197,8.955135,3.8400166,1971
7677,r4i1p1f1,1971,01,08,10.925478427452617,9.011774,2.4514446,1971
7678,r4i1p1f1,1971,01,09,0.0,9.42033,-1.7777518,1971
7679,r4i1p1f1,1971,01,10,0.0,6.3068843,-3.5977962,1971
7680,r4i1p1f1,1971,01,11,0.0,7.5533075,-4.302153,1971
7681,r4i1p1f1,1971,01,12,22.448286949293106,5.2078586,-2.7832825,1971
7682,r4i1p1f1,1971,01,13,10.996650073002456,9.629733,1.4323946,1971
7683,r4i1p1f1,1971,01,14,5.709592160292232,8.032755,2.6910086,1971
7684,r4i1p1f1,1971,01,15,4.299856506622746,7.188351,-1.1959524,1971
7685,r4i1p1f1,1971,01,16,0.043953683189101866,5.3544383,-5.3697987,1971
7686,r4i1p1f1,1971,01,17,0.0,3.4617207,-10.356867,1971
7687,r4i1p1f1,1971,01,18,3.6979156981374217,4.588876,-8.252077,1971
7688,r4i1p1f1,1971,01,19,4.052397842571054,1.7421083,-5.476048,1971
7689,r4i1p1f1,1971,01,20,0.0001312927196295277,5.8615513,-7.2338657,1971
7690,r4i1p1f1,1971,01,21,12.520061382201675,2.3159378,-10.050533,1971
7691,r4i1p1f1,1971,01,22,3.4767873442973496,2.7920403,-7.886225,1971
7692,r4i1p1f1,1971,01,23,44.09230192341056,4.2818556,-5.2374535,1971
7693,r4i1p1f1,1971,01,24,29.99832089044503,9.173104,-2.4103503,1971
7694,r4i1p1f1,1971,01,25,8.143232584211546,9.745993,2.9789498,1971
7695,r4i1p1f1,1971,01,26,74.42289417085703,8.985585,2.7465925,1971
7696,r4i1p1f1,1971,01,27,2.6604821482496988,13.185596,1.4384848,1971
7697,r4i1p1f1,1971,01,28,0.0,11.247624,1.9721658,1971
7698,r4i1p1f1,1971,01,29,0.0,11.957005,2.6149256,1971
7699,r4i1p1f1,1971,01,30,0.0,11.792458,5.5990524,1971
7700,r4i1p1f1,1971,01,31,0.0,11.405506,4.873943,1971
7701,r4i1p1f1,1971,02,01,0.0,12.19879,1.392035,1971
7702,r4i1p1f1,1971,02,02,0.0,12.72368,0.82588136,1971
7703,r4i1p1f1,1971,02,03,0.0,13.162057,0.5828439,1971
7704,r4i1p1f1,1971,02,04,0.0,12.505179,-0.35003963,1971
7705,r4i1p1f1,1971,02,05,0.0,11.0585985,0.9812243,1971
7706,r4i1p1f1,1971,02,06,0.0,12.936107,2.1128142,1971
7707,r4i1p1f1,1971,02,07,0.0,13.84753,1.5429063,1971
7708,r4i1p1f1,1971,02,08,0.0,12.361813,0.6643446,1971
7709,r4i1p1f1,1971,02,09,0.0,12.60829,2.6285899,1971
7710,r4i1p1f1,1971,02,10,6.055124977046944,8.420952,1.809991,1971
7711,r4i1p1f1,1971,02,11,2.6309634855408603,9.828747,3.5891016,1971
7712,r4i1p1f1,1971,02,12,27.452537206045236,9.414448,3.2225883,1971
7713,r4i1p1f1,1971,02,13,13.73687204112457,8.805285,1.3087592,1971
7714,r4i1p1f1,1971,02,14,0.6985522079546058,11.2790575,-1.2170244,1971
7715,r4i1p1f1,1971,02,15,23.012393498720485,8.105998,3.0567086,1971
7716,r4i1p1f1,1971,02,16,28.179403704052675,9.708044,2.648181,1971
7717,r4i1p1f1,1971,02,17,9.546834835828122,9.059624,0.8234986,1971
7718,r4i1p1f1,1971,02,18,5.280712310923263,10.067993,1.3377159,1971
7719,r4i1p1f1,1971,02,19,0.0,10.564388,1.6321597,1971
7720,r4i1p1f1,1971,02,20,0.0,10.282314,-0.98344463,1971
7721,r4i1p1f1,1971,02,21,0.0,12.497617,1.2336813,1971
7722,r4i1p1f1,1971,02,22,0.0,14.125551,1.0721536,1971
7723,r4i1p1f1,1971,02,23,0.0,15.444081,0.8740544,1971
7724,r4i1p1f1,1971,02,24,0.0,15.539895,1.5335132,1971
7725,r4i1p1f1,1971,02,25,0.0,15.584305,2.5740848,1971
7726,r4i1p1f1,1971,02,26,0.0,15.673763,2.6421049,1971
7727,r4i1p1f1,1971,02,27,0.0,16.687222,4.495062,1971
7728,r4i1p1f1,1971,02,28,0.0,16.99585,3.2891417,1971
7729,r4i1p1f1,1971,03,01,0.0,18.621054,2.110527,1971
7730,r4i1p1f1,1971,03,02,0.2363337120712572,16.728891,1.6932943,1971
7731,r4i1p1f1,1971,03,03,2.595482366655233,13.068113,-0.7740018,1971
7732,r4i1p1f1,1971,03,04,0.0,17.652473,2.902792,1971
7733,r4i1p1f1,1971,03,05,0.0,17.833534,4.367271,1971
7734,r4i1p1f1,1971,03,06,1.5047013809578402,16.578087,4.76707,1971
7735,r4i1p1f1,1971,03,07,1.6035923579437394,12.559974,-0.9039345,1971
7736,r4i1p1f1,1971,03,08,0.0,17.122223,3.1645763,1971
7737,r4i1p1f1,1971,03,09,0.0,18.015045,2.2237103,1971
7738,r4i1p1f1,1971,03,10,0.0,18.428307,2.5064127,1971
7739,r4i1p1f1,1971,03,11,0.0,18.855965,3.8417654,1971
7740,r4i1p1f1,1971,03,12,0.0,18.660833,3.7414942,1971
7741,r4i1p1f1,1971,03,13,0.0,19.175104,3.434276,1971
7742,r4i1p1f1,1971,03,14,0.0,18.886395,3.5376961,1971
7743,r4i1p1f1,1971,03,15,0.0,18.744576,4.34463,1971
7744,r4i1p1f1,1971,03,16,0.0,18.359243,2.8239086,1971
7745,r4i1p1f1,1971,03,17,0.0,19.467833,5.4453435,1971
7746,r4i1p1f1,1971,03,18,0.0,19.760681,6.509228,1971
7747,r4i1p1f1,1971,03,19,0.0,19.459005,5.66215,1971
7748,r4i1p1f1,1971,03,20,0.0,21.794989,5.925673,1971
7749,r4i1p1f1,1971,03,21,0.0,21.620073,5.6777763,1971
7750,r4i1p1f1,1971,03,22,0.25612373610783834,20.045044,5.1897154,1971
7751,r4i1p1f1,1971,03,23,0.5227035439702377,18.889809,5.2505083,1971
7752,r4i1p1f1,1971,03,24,0.0,20.453213,5.1408167,1971
7753,r4i1p1f1,1971,03,25,0.0,19.28671,4.692913,1971
7754,r4i1p1f1,1971,03,26,0.0,20.609304,4.251669,1971
7755,r4i1p1f1,1971,03,27,0.09274580514784247,17.951435,4.744446,1971
7756,r4i1p1f1,1971,03,28,0.3993776477273059,17.018867,3.51146,1971
7757,r4i1p1f1,1971,03,29,2.459062519861277,12.823946,5.5330105,1971
7758,r4i1p1f1,1971,03,30,1.66963505174067,15.749333,7.3531933,1971
7759,r4i1p1f1,1971,03,31,0.9504868261672073,18.74253,5.4018755,1971
7760,r4i1p1f1,1971,04,01,9.149441135485858,12.996762,3.3517714,1971
7761,r4i1p1f1,1971,04,02,0.0,15.778805,3.6516216,1971
7762,r4i1p1f1,1971,04,03,0.01838580978983373,15.762828,3.4813073,1971
7763,r4i1p1f1,1971,04,04,7.0895750794989,12.894616,0.74070513,1971
7764,r4i1p1f1,1971,04,05,1.5615585011687472,12.785135,-2.0738842,1971
7765,r4i1p1f1,1971,04,06,0.0,16.551224,3.2362304,1971
7766,r4i1p1f1,1971,04,07,0.0,20.336803,4.027319,1971
7767,r4i1p1f1,1971,04,08,0.0,20.33712,5.7551217,1971
7768,r4i1p1f1,1971,04,09,3.878529403777975,16.321367,2.5366497,1971
7769,r4i1p1f1,1971,04,10,17.7354650626512,12.721161,-0.120289534,1971
7770,r4i1p1f1,1971,04,11,24.31214879761683,12.027618,1.6758336,1971
7771,r4i1p1f1,1971,04,12,0.0,17.013275,0.6625887,1971
7772,r4i1p1f1,1971,04,13,0.0,18.108103,3.3549335,1971
7773,r4i1p1f1,1971,04,14,0.0,18.474962,4.3445144,1971
7774,r4i1p1f1,1971,04,15,0.0,19.241842,4.959833,1971
7775,r4i1p1f1,1971,04,16,0.0,18.89533,5.857077,1971
7776,r4i1p1f1,1971,04,17,17.637990705225093,13.175571,0.8750074,1971
7777,r4i1p1f1,1971,04,18,0.004730581349576823,18.172806,3.4177287,1971
7778,r4i1p1f1,1971,04,19,0.6139662594871087,18.210014,4.0047135,1971
7779,r4i1p1f1,1971,04,20,6.091776965354256,14.659988,2.3860826,1971
7780,r4i1p1f1,1971,04,21,13.47990947275548,13.24273,-0.61990535,1971
7781,r4i1p1f1,1971,04,22,0.0,15.867962,2.411322,1971
7782,r4i1p1f1,1971,04,23,0.046372453380172374,15.588276,4.0209904,1971
7783,r4i1p1f1,1971,04,24,0.04955734466420836,17.628328,5.892239,1971
7784,r4i1p1f1,1971,04,25,22.2211666570729,14.353512,0.16666031,1971
7785,r4i1p1f1,1971,04,26,9.605247341892209,7.9614773,-0.17543115,1971
7786,r4i1p1f1,1971,04,27,11.547947874805686,5.317705,-0.48801756,1971
7787,r4i1p1f1,1971,04,28,0.3673009444753461,13.924937,1.5332847,1971
7788,r4i1p1f1,1971,04,29,0.0,18.779692,3.4758081,1971
7789,r4i1p1f1,1971,04,30,0.0,18.644592,4.8812075,1971
7790,r4i1p1f1,1971,05,01,0.0,18.301226,6.056761,1971
7791,r4i1p1f1,1971,05,02,0.5280258101606705,15.171777,3.5611508,1971
7792,r4i1p1f1,1971,05,03,0.0,15.644777,2.0758333,1971
7793,r4i1p1f1,1971,05,04,10.945640659519995,8.2361,0.4796894,1971
7794,r4i1p1f1,1971,05,05,0.18208411437399263,6.829288,0.81881,1971
7795,r4i1p1f1,1971,05,06,0.0,18.06805,0.61318463,1971
7796,r4i1p1f1,1971,05,07,0.0,17.634247,3.755661,1971
7797,r4i1p1f1,1971,05,08,10.540312621378689,11.279263,3.2524705,1971
7798,r4i1p1f1,1971,05,09,13.934304874419468,9.854889,0.12110668,1971
7799,r4i1p1f1,1971,05,10,0.26482014737894133,13.873549,1.5754488,1971
7800,r4i1p1f1,1971,05,11,0.0,17.429363,1.9125421,1971
7801,r4i1p1f1,1971,05,12,0.0,20.744036,6.1246676,1971
7802,r4i1p1f1,1971,05,13,0.016639216698877135,19.696354,6.8812065,1971
7803,r4i1p1f1,1971,05,14,0.4823170640520402,21.360884,3.7355046,1971
7804,r4i1p1f1,1971,05,15,0.0,24.354952,9.196163,1971
7805,r4i1p1f1,1971,05,16,0.0,23.449358,8.028645,1971
7806,r4i1p1f1,1971,05,17,1.4480372868774793,14.736411,7.207793,1971
7807,r4i1p1f1,1971,05,18,0.3322925643999497,14.949485,7.5585804,1971
7808,r4i1p1f1,1971,05,19,0.1188416390959901,16.305473,6.6826963,1971
7809,r4i1p1f1,1971,05,20,0.0,18.177057,3.4993021,1971
7810,r4i1p1f1,1971,05,21,0.0,22.523443,6.6428885,1971
7811,r4i1p1f1,1971,05,22,0.0,28.974741,10.356899,1971
7812,r4i1p1f1,1971,05,23,0.0,30.303812,12.388021,1971
7813,r4i1p1f1,1971,05,24,0.0,30.432457,12.657403,1971
7814,r4i1p1f1,1971,05,25,0.0,30.87269,13.036221,1971
7815,r4i1p1f1,1971,05,26,0.0,31.171059,13.84185,1971
7816,r4i1p1f1,1971,05,27,0.0,30.850634,14.403351,1971
7817,r4i1p1f1,1971,05,28,0.7836648594093276,32.3319,15.214939,1971
7818,r4i1p1f1,1971,05,29,0.35418478576048074,29.651573,13.140675,1971
7819,r4i1p1f1,1971,05,30,0.033979140789597295,28.054184,13.282061,1971
7820,r4i1p1f1,1971,05,31,0.0,26.459415,9.103132,1971
7821,r4i1p1f1,1971,06,01,0.08230272947002959,27.229301,9.81803,1971
7822,r4i1p1f1,1971,06,02,0.7245157071793074,25.141502,9.072099,1971
7823,r4i1p1f1,1971,06,03,5.983276554104577,17.6089,2.7951062,1971
7824,r4i1p1f1,1971,06,04,1.0578477075171122,17.798927,2.9325342,1971
7825,r4i1p1f1,1971,06,05,1.0334367464309935,21.122076,4.077769,1971
7826,r4i1p1f1,1971,06,06,0.10236485099994752,21.322248,7.4978943,1971
7827,r4i1p1f1,1971,06,07,0.6712871430352152,22.630997,7.451282,1971
7828,r4i1p1f1,1971,06,08,0.0,21.838402,5.80214,1971
7829,r4i1p1f1,1971,06,09,0.0,22.92553,6.7767262,1971
7830,r4i1p1f1,1971,06,10,0.07863816938424861,18.57798,3.998055,1971
7831,r4i1p1f1,1971,06,11,1.996943903770898,13.624495,-0.262272,1971
7832,r4i1p1f1,1971,06,12,0.22304447116141546,19.392752,5.8738117,1971
7833,r4i1p1f1,1971,06,13,0.000994014317257097,21.293488,6.2485833,1971
7834,r4i1p1f1,1971,06,14,0.15328265706102684,19.746666,5.721913,1971
7835,r4i1p1f1,1971,06,15,1.2038099392157164,16.619831,3.865462,1971
7836,r4i1p1f1,1971,06,16,0.0,21.43832,5.7213006,1971
7837,r4i1p1f1,1971,06,17,0.0,26.680994,8.232265,1971
7838,r4i1p1f1,1971,06,18,0.0,26.58361,9.22699,1971
7839,r4i1p1f1,1971,06,19,0.0,25.970299,9.943338,1971
7840,r4i1p1f1,1971,06,20,0.0,25.650103,11.464841,1971
7841,r4i1p1f1,1971,06,21,0.0,25.062449,9.036377,1971
7842,r4i1p1f1,1971,06,22,0.0,23.780148,9.566816,1971
7843,r4i1p1f1,1971,06,23,0.022164828351378674,26.038975,9.6779585,1971
7844,r4i1p1f1,1971,06,24,3.3787353186539804,23.739891,7.597231,1971
7845,r4i1p1f1,1971,06,25,8.720772867150117,19.401773,7.197466,1971
7846,r4i1p1f1,1971,06,26,11.764024891991198,22.737959,7.8282404,1971
7847,r4i1p1f1,1971,06,27,0.0,26.782698,9.328141,1971
7848,r4i1p1f1,1971,06,28,0.0,28.20411,10.734806,1971
7849,r4i1p1f1,1971,06,29,0.33930245805322556,29.316454,12.529299,1971
7850,r4i1p1f1,1971,06,30,0.07367429227542743,26.301628,10.894738,1971
7851,r4i1p1f1,1971,07,01,0.0,26.153212,10.80777,1971
7852,r4i1p1f1,1971,07,02,0.0,26.625837,12.870304,1971
7853,r4i1p1f1,1971,07,03,0.10498163328520604,25.675184,10.232585,1971
7854,r4i1p1f1,1971,07,04,0.041632656575529836,22.55369,8.815072,1971
7855,r4i1p1f1,1971,07,05,0.0,21.618404,8.464635,1971
7856,r4i1p1f1,1971,07,06,0.8775265804160881,21.097752,6.2189193,1971
7857,r4i1p1f1,1971,07,07,0.8741410964375973,21.198065,6.7078815,1971
7858,r4i1p1f1,1971,07,08,0.0,23.845829,8.303825,1971
7859,r4i1p1f1,1971,07,09,0.0,26.361544,9.246305,1971
7860,r4i1p1f1,1971,07,10,0.0,26.497528,10.042637,1971
7861,r4i1p1f1,1971,07,11,0.0,25.19406,9.50124,1971
7862,r4i1p1f1,1971,07,12,0.0,23.54796,8.588525,1971
7863,r4i1p1f1,1971,07,13,0.0,26.86167,10.215448,1971
7864,r4i1p1f1,1971,07,14,0.0,28.802347,12.71636,1971
7865,r4i1p1f1,1971,07,15,0.0,30.689396,14.288647,1971
7866,r4i1p1f1,1971,07,16,0.0,31.215359,14.42896,1971
7867,r4i1p1f1,1971,07,17,0.0,30.93083,14.571189,1971
7868,r4i1p1f1,1971,07,18,0.0,31.046251,14.685757,1971
7869,r4i1p1f1,1971,07,19,0.0,32.508335,16.0277,1971
7870,r4i1p1f1,1971,07,20,0.0,33.143658,16.94188,1971
7871,r4i1p1f1,1971,07,21,0.0,34.710396,17.782097,1971
7872,r4i1p1f1,1971,07,22,0.0,34.68474,17.449118,1971
7873,r4i1p1f1,1971,07,23,0.0,34.325226,17.107004,1971
7874,r4i1p1f1,1971,07,24,1.2982488532827574,32.921528,15.857051,1971
7875,r4i1p1f1,1971,07,25,0.24809060168990982,32.3844,14.746996,1971
7876,r4i1p1f1,1971,07,26,0.0,32.02337,14.6908,1971
7877,r4i1p1f1,1971,07,27,0.019459822988210362,32.324505,15.594533,1971
7878,r4i1p1f1,1971,07,28,0.0,31.965446,15.003368,1971
7879,r4i1p1f1,1971,07,29,0.0,30.66092,13.510632,1971
7880,r4i1p1f1,1971,07,30,0.0,30.104837,11.758853,1971
7881,r4i1p1f1,1971,07,31,0.0,29.061283,11.631614,1971
7882,r4i1p1f1,1971,08,01,0.0,25.654657,9.635956,1971
7883,r4i1p1f1,1971,08,02,0.005659957059833687,23.182936,7.339987,1971
7884,r4i1p1f1,1971,08,03,0.0,24.994919,8.940404,1971
7885,r4i1p1f1,1971,08,04,0.0,24.145758,8.275251,1971
7886,r4i1p1f1,1971,08,05,0.0,23.3597,5.620168,1971
7887,r4i1p1f1,1971,08,06,0.0,27.84107,9.601509,1971
7888,r4i1p1f1,1971,08,07,0.0,30.697256,11.783039,1971
7889,r4i1p1f1,1971,08,08,0.0,32.6948,14.001009,1971
7890,r4i1p1f1,1971,08,09,0.0,35.255737,16.450274,1971
7891,r4i1p1f1,1971,08,10,0.0,35.37129,17.034468,1971
7892,r4i1p1f1,1971,08,11,0.0,35.703644,17.500488,1971
7893,r4i1p1f1,1971,08,12,0.0,34.81521,15.748413,1971
7894,r4i1p1f1,1971,08,13,0.0,34.211594,15.82486,1971
7895,r4i1p1f1,1971,08,14,0.0,32.386066,14.595361,1971
7896,r4i1p1f1,1971,08,15,0.0,30.476994,12.512257,1971
7897,r4i1p1f1,1971,08,16,0.0,30.311869,12.708151,1971
7898,r4i1p1f1,1971,08,17,0.0,33.040745,14.436196,1971
7899,r4i1p1f1,1971,08,18,0.0,34.05693,15.737372,1971
7900,r4i1p1f1,1971,08,19,0.0,33.89499,14.523586,1971
7901,r4i1p1f1,1971,08,20,0.0,32.79067,13.123023,1971
7902,r4i1p1f1,1971,08,21,0.0,30.870872,12.437638,1971
7903,r4i1p1f1,1971,08,22,0.0,26.569902,9.581411,1971
7904,r4i1p1f1,1971,08,23,0.0,23.928051,6.1377997,1971
7905,r4i1p1f1,1971,08,24,0.0,29.165375,10.059078,1971
7906,r4i1p1f1,1971,08,25,0.0,31.227116,11.553661,1971
7907,r4i1p1f1,1971,08,26,0.0,31.157784,11.713827,1971
7908,r4i1p1f1,1971,08,27,0.0,29.01011,9.130268,1971
7909,r4i1p1f1,1971,08,28,0.0,28.749176,9.293581,1971
7910,r4i1p1f1,1971,08,29,0.0,27.15765,8.552447,1971
7911,r4i1p1f1,1971,08,30,0.0,23.005884,5.3140116,1971
7912,r4i1p1f1,1971,08,31,0.0,30.940748,12.239927,1971
7913,r4i1p1f1,1971,09,01,0.19111658840671453,32.743607,15.896027,1971
7914,r4i1p1f1,1971,09,02,0.2820942593672271,31.347513,16.311563,1971
7915,r4i1p1f1,1971,09,03,0.5029675991409022,29.681644,14.206711,1971
7916,r4i1p1f1,1971,09,04,0.0008499215027768514,30.189253,14.804315,1971
7917,r4i1p1f1,1971,09,05,0.0,29.093863,13.684961,1971
7918,r4i1p1f1,1971,09,06,0.0,31.024214,12.311374,1971
7919,r4i1p1f1,1971,09,07,0.0,32.45562,15.463279,1971
7920,r4i1p1f1,1971,09,08,0.0,32.037884,16.11868,1971
7921,r4i1p1f1,1971,09,09,0.0,30.006569,13.356,1971
7922,r4i1p1f1,1971,09,10,0.0,28.241625,12.093,1971
7923,r4i1p1f1,1971,09,11,0.0,31.150997,13.111027,1971
7924,r4i1p1f1,1971,09,12,0.0,31.82261,15.453262,1971
7925,r4i1p1f1,1971,09,13,0.0,31.251661,14.335946,1971
7926,r4i1p1f1,1971,09,14,0.0,28.151814,10.383454,1971
7927,r4i1p1f1,1971,09,15,0.0,29.803562,12.186904,1971
7928,r4i1p1f1,1971,09,16,0.0,29.479618,14.211735,1971
7929,r4i1p1f1,1971,09,17,0.0,22.786827,7.7235827,1971
7930,r4i1p1f1,1971,09,18,0.0,30.47679,12.341974,1971
7931,r4i1p1f1,1971,09,19,0.0,30.65196,12.176905,1971
7932,r4i1p1f1,1971,09,20,0.0,24.990103,9.104488,1971
7933,r4i1p1f1,1971,09,21,0.5100576520590039,25.002611,11.85586,1971
7934,r4i1p1f1,1971,09,22,6.365658477324132,20.290247,6.7188706,1971
7935,r4i1p1f1,1971,09,23,2.870438346252513,18.996712,7.295456,1971
7936,r4i1p1f1,1971,09,24,0.4354190042590744,23.562397,9.988032,1971
7937,r4i1p1f1,1971,09,25,0.0,25.755245,12.360668,1971
7938,r4i1p1f1,1971,09,26,0.0,27.567818,13.2932825,1971
7939,r4i1p1f1,1971,09,27,0.08869322464306606,29.905352,14.040354,1971
7940,r4i1p1f1,1971,09,28,0.0,28.9717,12.567469,1971
7941,r4i1p1f1,1971,09,29,0.0,30.677952,13.308281,1971
7942,r4i1p1f1,1971,09,30,0.0,30.418383,13.624114,1971
7943,r4i1p1f1,1971,10,01,0.0,28.783487,13.561576,1971
7944,r4i1p1f1,1971,10,02,0.0,23.556879,8.29551,1971
7945,r4i1p1f1,1971,10,03,0.0,21.08047,5.833871,1971
7946,r4i1p1f1,1971,10,04,0.0,23.899418,6.9904613,1971
7947,r4i1p1f1,1971,10,05,0.0,23.377905,7.273408,1971
7948,r4i1p1f1,1971,10,06,0.0,23.171225,6.9850335,1971
7949,r4i1p1f1,1971,10,07,0.0,23.964447,6.7478647,1971
7950,r4i1p1f1,1971,10,08,0.0,24.191671,7.1858044,1971
7951,r4i1p1f1,1971,10,09,0.11596836521050591,18.18795,1.7409769,1971
7952,r4i1p1f1,1971,10,10,0.9184276436137395,9.965378,-0.40673795,1971
7953,r4i1p1f1,1971,10,11,0.07892872532409001,12.834786,-0.9957932,1971
7954,r4i1p1f1,1971,10,12,0.6255392072446853,14.928075,1.6949039,1971
7955,r4i1p1f1,1971,10,13,0.0690098793938887,16.793592,2.579358,1971
7956,r4i1p1f1,1971,10,14,21.6318742727708,16.279655,5.08531,1971
7957,r4i1p1f1,1971,10,15,0.3305362674211665,14.685948,4.8136773,1971
7958,r4i1p1f1,1971,10,16,0.052950537428841926,14.001876,3.3937864,1971
7959,r4i1p1f1,1971,10,17,0.0,14.717721,2.778249,1971
7960,r4i1p1f1,1971,10,18,0.0,14.204595,2.7306464,1971
7961,r4i1p1f1,1971,10,19,0.0,16.462692,2.84036,1971
7962,r4i1p1f1,1971,10,20,0.0,21.842241,5.7390666,1971
7963,r4i1p1f1,1971,10,21,0.0,22.282837,6.2453027,1971
7964,r4i1p1f1,1971,10,22,0.0,21.585102,6.431829,1971
7965,r4i1p1f1,1971,10,23,0.0,19.527279,4.6799393,1971
7966,r4i1p1f1,1971,10,24,0.0,22.298418,5.7301245,1971
7967,r4i1p1f1,1971,10,25,0.0,21.36381,5.4585934,1971
7968,r4i1p1f1,1971,10,26,0.0,21.0903,6.5903535,1971
7969,r4i1p1f1,1971,10,27,0.021138483332805436,18.161201,5.1254864,1971
7970,r4i1p1f1,1971,10,28,0.0,19.745144,5.3852835,1971
7971,r4i1p1f1,1971,10,29,0.0,21.484558,5.0237207,1971
7972,r4i1p1f1,1971,10,30,0.0,21.61398,5.3652472,1971
7973,r4i1p1f1,1971,10,31,0.0,22.152046,7.3145785,1971
7974,r4i1p1f1,1971,11,01,0.5081014612784429,16.881783,5.100861,1971
7975,r4i1p1f1,1971,11,02,0.0,13.042882,-0.12396818,1971
7976,r4i1p1f1,1971,11,03,0.0,15.983821,1.1791714,1971
7977,r4i1p1f1,1971,11,04,0.0,18.885798,2.7737036,1971
7978,r4i1p1f1,1971,11,05,0.0,19.034925,3.4588258,1971
7979,r4i1p1f1,1971,11,06,0.0044146133404865395,20.93739,6.6007285,1971
7980,r4i1p1f1,1971,11,07,17.066562570471433,11.868296,1.3731711,1971
7981,r4i1p1f1,1971,11,08,0.8116026095663642,8.942208,-0.6595776,1971
7982,r4i1p1f1,1971,11,09,15.246964259767992,6.714932,0.12405809,1971
7983,r4i1p1f1,1971,11,10,0.005606264790003479,7.5146046,1.2700497,1971
7984,r4i1p1f1,1971,11,11,0.0,8.05689,-4.159891,1971
7985,r4i1p1f1,1971,11,12,0.0,9.112734,-1.12436,1971
7986,r4i1p1f1,1971,11,13,0.09892315211033065,12.269482,-0.2941894,1971
7987,r4i1p1f1,1971,11,14,0.0,12.73412,0.8023051,1971
7988,r4i1p1f1,1971,11,15,14.308030332176713,13.536496,2.2930663,1971
7989,r4i1p1f1,1971,11,16,9.26623800219204,5.4889684,-0.7851587,1971
7990,r4i1p1f1,1971,11,17,4.448846525809813,6.344595,-0.29131338,1971
7991,r4i1p1f1,1971,11,18,11.190990390059596,6.6882844,0.5269584,1971
7992,r4i1p1f1,1971,11,19,0.0,7.003729,-1.3736529,1971
7993,r4i1p1f1,1971,11,20,0.0,10.118903,-1.1186056,1971
7994,r4i1p1f1,1971,11,21,0.0,11.352439,-3.5711813,1971
7995,r4i1p1f1,1971,11,22,0.0,11.456696,-3.5535011,1971
7996,r4i1p1f1,1971,11,23,0.0,16.030615,-1.8594755,1971
7997,r4i1p1f1,1971,11,24,0.0,17.33138,-0.3575422,1971
7998,r4i1p1f1,1971,11,25,0.0,19.007036,1.442464,1971
7999,r4i1p1f1,1971,11,26,0.0,18.898808,2.7548435,1971
8000,r4i1p1f1,1971,11,27,0.0,17.694677,1.4596634,1971
8001,r4i1p1f1,1971,11,28,0.0,16.857307,1.2159228,1971
8002,r4i1p1f1,1971,11,29,0.0,15.584603,-0.09551435,1971
8003,r4i1p1f1,1971,11,30,0.0,14.352404,-1.1474351,1971
8004,r4i1p1f1,1971,12,01,0.0,14.354941,1.5107636,1971
8005,r4i1p1f1,1971,12,02,0.0,12.511639,0.7477064,1971
8006,r4i1p1f1,1971,12,03,0.0,10.20738,-0.9793005,1971
8007,r4i1p1f1,1971,12,04,0.0,12.931461,0.17674643,1971
8008,r4i1p1f1,1971,12,05,0.0,15.3982935,1.3053943,1971
8009,r4i1p1f1,1971,12,06,0.0,16.682852,1.8771921,1971
8010,r4i1p1f1,1971,12,07,0.0,16.847183,2.843413,1971
8011,r4i1p1f1,1971,12,08,0.0,16.512865,3.0423791,1971
8012,r4i1p1f1,1971,12,09,0.0,15.711367,3.6127074,1971
8013,r4i1p1f1,1971,12,10,10.952675170665316,13.681388,4.0794497,1971
8014,r4i1p1f1,1971,12,11,0.3636848255894165,7.7991767,-2.785593,1971
8015,r4i1p1f1,1971,12,12,3.918539720280023,6.107668,-3.700829,1971
8016,r4i1p1f1,1971,12,13,3.2484834829688225,4.797972,-7.2062793,1971
8017,r4i1p1f1,1971,12,14,1.3970474653007159,4.6907988,-6.9940453,1971
8018,r4i1p1f1,1971,12,15,0.0,7.926325,-1.9636797,1971
8019,r4i1p1f1,1971,12,16,1.6572981512581464,5.8059607,-2.0647316,1971
8020,r4i1p1f1,1971,12,17,19.761921864846954,10.242799,1.1055722,1971
8021,r4i1p1f1,1971,12,18,0.0,8.293376,-1.6700687,1971
8022,r4i1p1f1,1971,12,19,0.0,10.970088,-0.017997636,1971
8023,r4i1p1f1,1971,12,20,0.0,11.162922,2.079791,1971
8024,r4i1p1f1,1971,12,21,0.007206094051070977,10.639176,3.41432,1971
8025,r4i1p1f1,1971,12,22,0.0,12.102905,1.0195395,1971
8026,r4i1p1f1,1971,12,23,0.0,11.012296,0.7829268,1971
8027,r4i1p1f1,1971,12,24,0.02089610165967315,8.903997,3.4175062,1971
8028,r4i1p1f1,1971,12,25,0.0,9.704699,1.2339483,1971
8029,r4i1p1f1,1971,12,26,0.0,12.6765375,0.80352175,1971
8030,r4i1p1f1,1971,12,27,0.03316375463100485,12.232461,2.8356159,1971
8031,r4i1p1f1,1971,12,28,0.0,11.976833,3.8499217,1971
8032,r4i1p1f1,1971,12,29,37.87673349102079,8.968777,2.118125,1971
8033,r4i1p1f1,1971,12,30,0.09343487940896011,7.458615,-3.4040275,1971
8034,r4i1p1f1,1971,12,31,19.101131151546724,6.4895344,1.1966912,1971
8035,r4i1p1f1,1972,01,01,38.39470261882525,7.8799644,2.304527,1972
8036,r4i1p1f1,1972,01,02,26.430722112127114,8.997669,2.6820354,1972
8037,r4i1p1f1,1972,01,03,21.774135498571923,9.59959,1.9824549,1972
8038,r4i1p1f1,1972,01,04,0.0,9.115664,0.3545488,1972
8039,r4i1p1f1,1972,01,05,0.343642224964924,8.105038,0.4666921,1972
8040,r4i1p1f1,1972,01,06,0.0,9.799792,4.8828745,1972
8041,r4i1p1f1,1972,01,07,0.0,13.229187,2.9491873,1972
8042,r4i1p1f1,1972,01,08,0.0,15.368964,3.544505,1972
8043,r4i1p1f1,1972,01,09,0.0,16.060104,2.432701,1972
8044,r4i1p1f1,1972,01,10,0.0,18.476595,4.3300443,1972
8045,r4i1p1f1,1972,01,11,0.0,18.640728,4.497686,1972
8046,r4i1p1f1,1972,01,12,0.0,16.0726,4.224082,1972
8047,r4i1p1f1,1972,01,13,29.77327940025134,14.916018,4.369833,1972
8048,r4i1p1f1,1972,01,14,28.653931118424225,10.565623,1.0312972,1972
8049,r4i1p1f1,1972,01,15,13.398787663845724,7.4375753,-0.8640029,1972
8050,r4i1p1f1,1972,01,16,17.900061231921427,8.356315,-0.7117134,1972
8051,r4i1p1f1,1972,01,17,32.14763419746305,11.367241,1.5271847,1972
8052,r4i1p1f1,1972,01,18,16.65695187741676,11.32626,1.3337218,1972
8053,r4i1p1f1,1972,01,19,0.6875771524619267,6.2005014,-4.656019,1972
8054,r4i1p1f1,1972,01,20,0.0,8.611973,-2.8853788,1972
8055,r4i1p1f1,1972,01,21,0.0,12.275745,0.11053668,1972
8056,r4i1p1f1,1972,01,22,0.0,13.958723,1.9628963,1972
8057,r4i1p1f1,1972,01,23,0.0,13.998391,2.0921934,1972
8058,r4i1p1f1,1972,01,24,0.0,15.70371,3.7007802,1972
8059,r4i1p1f1,1972,01,25,0.0,15.410877,2.9062207,1972
8060,r4i1p1f1,1972,01,26,0.16505078240243165,12.097503,1.7383347,1972
8061,r4i1p1f1,1972,01,27,0.119991643987305,10.892529,1.6720647,1972
8062,r4i1p1f1,1972,01,28,0.0,7.9518347,-2.1367865,1972
8063,r4i1p1f1,1972,01,29,0.0,8.239007,-3.798646,1972
8064,r4i1p1f1,1972,01,30,0.0,8.395723,-4.3185863,1972
8065,r4i1p1f1,1972,01,31,0.0,10.689945,-1.29859,1972
8066,r4i1p1f1,1972,02,01,0.0,14.98618,-0.050191984,1972
8067,r4i1p1f1,1972,02,02,0.0,14.789473,1.0627033,1972
8068,r4i1p1f1,1972,02,03,0.0,15.361618,2.1360989,1972
8069,r4i1p1f1,1972,02,04,0.0,13.254079,2.7076445,1972
8070,r4i1p1f1,1972,02,05,0.0,15.43301,3.4354005,1972
8071,r4i1p1f1,1972,02,06,0.02280063765738305,13.983562,4.367397,1972
8072,r4i1p1f1,1972,02,07,3.564975996601305,14.123805,6.507683,1972
8073,r4i1p1f1,1972,02,08,0.0,18.051088,6.006365,1972
8074,r4i1p1f1,1972,02,09,0.0,18.7436,5.772351,1972
8075,r4i1p1f1,1972,02,10,0.0,18.068336,5.4576654,1972
8076,r4i1p1f1,1972,02,11,0.0,18.67844,5.335238,1972
8077,r4i1p1f1,1972,02,12,12.264650307042757,16.22154,3.3730516,1972
8078,r4i1p1f1,1972,02,13,36.95831524892128,12.577946,1.4766028,1972
8079,r4i1p1f1,1972,02,14,6.709595942447777,8.418629,1.6432464,1972
8080,r4i1p1f1,1972,02,15,0.0,8.033233,-0.41092432,1972
8081,r4i1p1f1,1972,02,16,0.0766500287454619,9.357662,3.719933,1972
8082,r4i1p1f1,1972,02,17,0.0,16.357044,1.5553117,1972
8083,r4i1p1f1,1972,02,18,0.0,15.994703,1.8494004,1972
8084,r4i1p1f1,1972,02,19,0.0,16.66878,2.486624,1972
8085,r4i1p1f1,1972,02,20,0.0,16.75969,2.5833876,1972
8086,r4i1p1f1,1972,02,21,0.0,16.62006,3.0009406,1972
8087,r4i1p1f1,1972,02,22,0.0,12.2717705,-2.2699516,1972
8088,r4i1p1f1,1972,02,23,11.430685740117497,9.73983,-0.8856329,1972
8089,r4i1p1f1,1972,02,24,73.12617769057397,9.519004,1.4618512,1972
8090,r4i1p1f1,1972,02,25,25.40066453457257,10.084562,1.4641135,1972
8091,r4i1p1f1,1972,02,26,56.72050704379217,10.098014,1.9062473,1972
8092,r4i1p1f1,1972,02,27,18.050002500785922,7.805057,-2.6719081,1972
8093,r4i1p1f1,1972,02,28,0.2028683429841749,8.074007,-5.2304535,1972
8094,r4i1p1f1,1972,02,29,0.26952487122571256,10.5062,-0.3991996,1972
8095,r4i1p1f1,1972,03,01,1.2278771012688594,9.601628,0.56427264,1972
8096,r4i1p1f1,1972,03,02,33.35664070000348,10.255385,2.1749845,1972
8097,r4i1p1f1,1972,03,03,5.4671144351061685,11.866489,1.5926473,1972
8098,r4i1p1f1,1972,03,04,0.0,17.672474,3.549695,1972
8099,r4i1p1f1,1972,03,05,0.0,19.854935,4.3906765,1972
8100,r4i1p1f1,1972,03,06,0.0,19.687471,5.6021905,1972
8101,r4i1p1f1,1972,03,07,0.0,18.359116,5.451699,1972
8102,r4i1p1f1,1972,03,08,0.5873600439940674,16.391743,5.5756445,1972
8103,r4i1p1f1,1972,03,09,0.008301715070047067,19.105156,6.059857,1972
8104,r4i1p1f1,1972,03,10,0.0,21.95285,5.9873953,1972
8105,r4i1p1f1,1972,03,11,0.0,21.713423,5.99134,1972
8106,r4i1p1f1,1972,03,12,0.0,21.600822,7.343109,1972
8107,r4i1p1f1,1972,03,13,1.6943173924687471,16.190746,3.1061757,1972
8108,r4i1p1f1,1972,03,14,0.0,18.766777,3.4415586,1972
8109,r4i1p1f1,1972,03,15,0.0,19.84698,3.3604708,1972
8110,r4i1p1f1,1972,03,16,0.04341042672422191,17.695608,3.7079484,1972
8111,r4i1p1f1,1972,03,17,0.0,17.565874,1.9959897,1972
8112,r4i1p1f1,1972,03,18,0.009661929811954906,16.224178,3.1216486,1972
8113,r4i1p1f1,1972,03,19,0.0,16.657505,2.9358897,1972
8114,r4i1p1f1,1972,03,20,4.847478066676558,13.219408,0.23312399,1972
8115,r4i1p1f1,1972,03,21,0.07859144006943097,15.966193,4.0452914,1972
8116,r4i1p1f1,1972,03,22,0.0,17.731266,1.5625355,1972
8117,r4i1p1f1,1972,03,23,0.0,19.359291,2.3107271,1972
8118,r4i1p1f1,1972,03,24,0.7018971717570821,17.072662,2.6321678,1972
8119,r4i1p1f1,1972,03,25,0.002375072870108852,17.346962,1.6818922,1972
8120,r4i1p1f1,1972,03,26,0.0,15.038432,-1.5837731,1972
8121,r4i1p1f1,1972,03,27,12.41436380887535,11.431992,-3.285988,1972
8122,r4i1p1f1,1972,03,28,39.48827661497489,9.048566,0.007180161,1972
8123,r4i1p1f1,1972,03,29,0.0,14.121451,-3.4193006,1972
8124,r4i1p1f1,1972,03,30,0.0,15.937308,0.32560933,1972
8125,r4i1p1f1,1972,03,31,1.489447990275039,11.432145,2.771117,1972
8126,r4i1p1f1,1972,04,01,0.0,17.9707,3.3005316,1972
8127,r4i1p1f1,1972,04,02,0.0,20.489008,4.2663317,1972
8128,r4i1p1f1,1972,04,03,0.0,22.191849,5.812277,1972
8129,r4i1p1f1,1972,04,04,0.0,21.863478,6.887139,1972
8130,r4i1p1f1,1972,04,05,0.02187073534969386,14.543592,1.8514867,1972
8131,r4i1p1f1,1972,04,06,10.016861966141732,8.44644,-1.5815256,1972
8132,r4i1p1f1,1972,04,07,0.20385365884294515,10.236474,-1.248341,1972
8133,r4i1p1f1,1972,04,08,4.518404823465971,6.248368,-2.570998,1972
8134,r4i1p1f1,1972,04,09,9.521419423708721,7.5931253,0.80214804,1972
8135,r4i1p1f1,1972,04,10,2.5375000635790457,6.402347,0.7358878,1972
8136,r4i1p1f1,1972,04,11,0.1621510473626131,13.383867,0.27805424,1972
8137,r4i1p1f1,1972,04,12,11.18061098468388,9.799843,1.349084,1972
8138,r4i1p1f1,1972,04,13,16.239970671449555,10.665282,-1.6945184,1972
8139,r4i1p1f1,1972,04,14,10.711660243259757,9.198658,-0.93531716,1972
8140,r4i1p1f1,1972,04,15,0.0,13.133046,-1.264493,1972
8141,r4i1p1f1,1972,04,16,0.0,16.517076,0.47620562,1972
8142,r4i1p1f1,1972,04,17,0.0,18.252007,1.8805864,1972
8143,r4i1p1f1,1972,04,18,9.459989657261758,14.5578785,0.020551682,1972
8144,r4i1p1f1,1972,04,19,0.0,19.323734,2.6018918,1972
8145,r4i1p1f1,1972,04,20,0.0,20.868183,3.2480135,1972
8146,r4i1p1f1,1972,04,21,0.0,22.404362,4.4991646,1972
8147,r4i1p1f1,1972,04,22,0.0,22.370916,6.803396,1972
8148,r4i1p1f1,1972,04,23,0.0,23.519825,6.575945,1972
8149,r4i1p1f1,1972,04,24,0.0,22.736609,7.106346,1972
8150,r4i1p1f1,1972,04,25,0.0,20.530663,5.4218407,1972
8151,r4i1p1f1,1972,04,26,0.0,22.891502,5.3808756,1972
8152,r4i1p1f1,1972,04,27,0.0,25.665081,8.570511,1972
8153,r4i1p1f1,1972,04,28,0.0,24.993683,8.2741375,1972
8154,r4i1p1f1,1972,04,29,0.0,24.048096,7.8634067,1972
8155,r4i1p1f1,1972,04,30,0.0,26.356888,8.882498,1972
8156,r4i1p1f1,1972,05,01,0.0,25.99168,8.550253,1972
8157,r4i1p1f1,1972,05,02,0.0,24.835611,8.045731,1972
8158,r4i1p1f1,1972,05,03,0.0,24.551249,6.7663836,1972
8159,r4i1p1f1,1972,05,04,0.0,23.120369,6.683962,1972
8160,r4i1p1f1,1972,05,05,0.0,22.434963,6.5944433,1972
8161,r4i1p1f1,1972,05,06,13.792540625831862,14.725778,0.8283627,1972
8162,r4i1p1f1,1972,05,07,0.008178748430509586,18.079542,5.6821923,1972
8163,r4i1p1f1,1972,05,08,5.6814267118397765,13.628859,5.8210526,1972
8164,r4i1p1f1,1972,05,09,0.0,16.994158,5.3261356,1972
8165,r4i1p1f1,1972,05,10,0.0,17.572025,3.4279323,1972
8166,r4i1p1f1,1972,05,11,0.04057283755685148,16.166208,3.7711062,1972
8167,r4i1p1f1,1972,05,12,0.0,22.255608,3.9067018,1972
8168,r4i1p1f1,1972,05,13,0.0,23.934288,6.3332424,1972
8169,r4i1p1f1,1972,05,14,0.0,25.40041,7.8751135,1972
8170,r4i1p1f1,1972,05,15,0.0,24.84471,8.542643,1972
8171,r4i1p1f1,1972,05,16,0.0,22.192162,4.7072773,1972
8172,r4i1p1f1,1972,05,17,0.0,21.897188,4.776612,1972
8173,r4i1p1f1,1972,05,18,0.0016153791648321203,26.939491,9.043906,1972
8174,r4i1p1f1,1972,05,19,0.0,29.476627,12.841748,1972
8175,r4i1p1f1,1972,05,20,0.0,30.259155,12.554749,1972
8176,r4i1p1f1,1972,05,21,0.1474374513463772,28.940437,13.567698,1972
8177,r4i1p1f1,1972,05,22,1.555529508550535,22.838507,6.717564,1972
8178,r4i1p1f1,1972,05,23,0.0,25.997528,10.748253,1972
8179,r4i1p1f1,1972,05,24,0.0,26.417257,9.088321,1972
8180,r4i1p1f1,1972,05,25,0.0,26.913761,9.038902,1972
8181,r4i1p1f1,1972,05,26,0.0,26.545507,10.04971,1972
8182,r4i1p1f1,1972,05,27,0.0,26.529066,9.784041,1972
8183,r4i1p1f1,1972,05,28,0.0,28.466484,10.860667,1972
8184,r4i1p1f1,1972,05,29,0.0,29.409,11.542584,1972
8185,r4i1p1f1,1972,05,30,0.0,29.756954,13.250416,1972
8186,r4i1p1f1,1972,05,31,0.0,30.850712,13.893885,1972
8187,r4i1p1f1,1972,06,01,0.0,31.370077,12.357904,1972
8188,r4i1p1f1,1972,06,02,0.0,25.92042,9.035848,1972
8189,r4i1p1f1,1972,06,03,0.47893183771066106,20.276453,5.1621113,1972
8190,r4i1p1f1,1972,06,04,0.0,27.220669,8.682512,1972
8191,r4i1p1f1,1972,06,05,0.0,27.078854,9.470814,1972
8192,r4i1p1f1,1972,06,06,0.0,25.624634,7.462447,1972
8193,r4i1p1f1,1972,06,07,0.0,32.40052,11.45809,1972
8194,r4i1p1f1,1972,06,08,0.0,35.2728,13.337479,1972
8195,r4i1p1f1,1972,06,09,0.0,35.021008,14.63865,1972
8196,r4i1p1f1,1972,06,10,0.0,33.160545,12.923329,1972
8197,r4i1p1f1,1972,06,11,0.0,29.99354,10.548492,1972
8198,r4i1p1f1,1972,06,12,0.0,32.749474,12.402263,1972
8199,r4i1p1f1,1972,06,13,0.0,33.086143,13.388627,1972
8200,r4i1p1f1,1972,06,14,0.0,29.965933,10.052413,1972
8201,r4i1p1f1,1972,06,15,1.8599417798213835,19.615658,4.379074,1972
8202,r4i1p1f1,1972,06,16,1.5958863266405388,20.807077,4.3086915,1972
8203,r4i1p1f1,1972,06,17,0.0,23.290586,6.211631,1972
8204,r4i1p1f1,1972,06,18,0.014428394479182316,28.968086,9.911573,1972
8205,r4i1p1f1,1972,06,19,0.0,29.90077,12.315198,1972
8206,r4i1p1f1,1972,06,20,0.0,28.641293,9.642048,1972
8207,r4i1p1f1,1972,06,21,5.802619423565147,20.27191,4.950565,1972
8208,r4i1p1f1,1972,06,22,11.432695289823869,13.949027,1.4202387,1972
8209,r4i1p1f1,1972,06,23,1.8979692537868686,20.975786,5.9091644,1972
8210,r4i1p1f1,1972,06,24,0.0544272600535578,25.436491,8.144955,1972
8211,r4i1p1f1,1972,06,25,0.054564381821364805,26.738605,9.88062,1972
8212,r4i1p1f1,1972,06,26,0.5326799262206805,25.751945,8.618527,1972
8213,r4i1p1f1,1972,06,27,0.0,29.458961,10.700436,1972
8214,r4i1p1f1,1972,06,28,0.0,30.732958,12.831929,1972
8215,r4i1p1f1,1972,06,29,0.0,30.341702,14.309926,1972
8216,r4i1p1f1,1972,06,30,0.0,31.820658,14.765754,1972
8217,r4i1p1f1,1972,07,01,0.0,30.727762,13.97288,1972
8218,r4i1p1f1,1972,07,02,0.0,30.318,13.675957,1972
8219,r4i1p1f1,1972,07,03,0.0,28.504635,11.306374,1972
8220,r4i1p1f1,1972,07,04,0.0,28.870186,11.691415,1972
8221,r4i1p1f1,1972,07,05,0.0,28.423841,10.76505,1972
8222,r4i1p1f1,1972,07,06,0.0,25.548643,8.997072,1972
8223,r4i1p1f1,1972,07,07,0.0,28.36744,10.856804,1972
8224,r4i1p1f1,1972,07,08,0.005403387331170961,29.426735,12.348332,1972
8225,r4i1p1f1,1972,07,09,0.039089522488211514,29.64778,13.270118,1972
8226,r4i1p1f1,1972,07,10,0.0,30.489891,13.65744,1972
8227,r4i1p1f1,1972,07,11,0.0,31.09612,14.473872,1972
8228,r4i1p1f1,1972,07,12,0.0,29.38837,12.616677,1972
8229,r4i1p1f1,1972,07,13,0.0,27.84123,9.474748,1972
8230,r4i1p1f1,1972,07,14,0.0,29.195808,10.431252,1972
8231,r4i1p1f1,1972,07,15,0.0,31.096031,12.506474,1972
8232,r4i1p1f1,1972,07,16,0.0,30.489323,12.8270035,1972
8233,r4i1p1f1,1972,07,17,0.0,31.136515,11.639329,1972
8234,r4i1p1f1,1972,07,18,0.0,31.380424,13.63695,1972
8235,r4i1p1f1,1972,07,19,0.0,31.455315,12.800394,1972
8236,r4i1p1f1,1972,07,20,0.0,31.548485,12.617601,1972
8237,r4i1p1f1,1972,07,21,0.0,30.31664,12.436174,1972
8238,r4i1p1f1,1972,07,22,0.0,31.601048,13.286021,1972
8239,r4i1p1f1,1972,07,23,0.0,32.735428,14.125744,1972
8240,r4i1p1f1,1972,07,24,0.0,32.400925,14.096982,1972
8241,r4i1p1f1,1972,07,25,0.0,33.086555,13.366403,1972
8242,r4i1p1f1,1972,07,26,0.0,33.307636,13.337696,1972
8243,r4i1p1f1,1972,07,27,0.0,31.963928,13.014655,1972
8244,r4i1p1f1,1972,07,28,0.0,31.723114,13.036991,1972
8245,r4i1p1f1,1972,07,29,0.0,32.79664,14.352968,1972
8246,r4i1p1f1,1972,07,30,0.0,33.03671,15.853775,1972
8247,r4i1p1f1,1972,07,31,0.0,31.272604,12.914078,1972
8248,r4i1p1f1,1972,08,01,0.0,27.358458,8.317644,1972
8249,r4i1p1f1,1972,08,02,0.0,28.943007,10.235114,1972
8250,r4i1p1f1,1972,08,03,0.0,30.603481,11.599128,1972
8251,r4i1p1f1,1972,08,04,0.0,30.602333,11.74055,1972
8252,r4i1p1f1,1972,08,05,0.0,29.990845,10.988772,1972
8253,r4i1p1f1,1972,08,06,0.0,33.008236,13.738407,1972
8254,r4i1p1f1,1972,08,07,0.0,32.014687,13.067694,1972
8255,r4i1p1f1,1972,08,08,0.0,29.112637,10.906689,1972
8256,r4i1p1f1,1972,08,09,0.0,29.134352,10.467201,1972
8257,r4i1p1f1,1972,08,10,0.0,27.897943,10.340842,1972
8258,r4i1p1f1,1972,08,11,0.0,27.883444,9.084373,1972
8259,r4i1p1f1,1972,08,12,0.0,31.910217,12.053982,1972
8260,r4i1p1f1,1972,08,13,0.0,32.61651,14.484554,1972
8261,r4i1p1f1,1972,08,14,0.001182508307806529,32.744553,14.436842,1972
8262,r4i1p1f1,1972,08,15,0.0,33.63422,16.100395,1972
8263,r4i1p1f1,1972,08,16,0.0,33.492577,16.346436,1972
8264,r4i1p1f1,1972,08,17,0.0,32.86718,15.79548,1972
8265,r4i1p1f1,1972,08,18,0.0,33.11811,14.677133,1972
8266,r4i1p1f1,1972,08,19,0.0,35.16616,15.823223,1972
8267,r4i1p1f1,1972,08,20,0.0,38.055283,17.977789,1972
8268,r4i1p1f1,1972,08,21,0.0,40.108234,20.19783,1972
8269,r4i1p1f1,1972,08,22,0.0,38.666733,19.413214,1972
8270,r4i1p1f1,1972,08,23,0.0,37.139572,18.0868,1972
8271,r4i1p1f1,1972,08,24,0.8596772894406968,36.099365,17.65778,1972
8272,r4i1p1f1,1972,08,25,0.0,34.901493,15.253837,1972
8273,r4i1p1f1,1972,08,26,0.0,32.58779,13.955532,1972
8274,r4i1p1f1,1972,08,27,0.0,33.337296,12.261497,1972
8275,r4i1p1f1,1972,08,28,0.0,29.983677,11.009637,1972
8276,r4i1p1f1,1972,08,29,0.0,28.389229,9.979824,1972
8277,r4i1p1f1,1972,08,30,0.0,27.610023,8.857709,1972
8278,r4i1p1f1,1972,08,31,0.0,32.367725,12.60049,1972
8279,r4i1p1f1,1972,09,01,0.0,33.325974,14.941354,1972
8280,r4i1p1f1,1972,09,02,0.0,33.10572,14.032096,1972
8281,r4i1p1f1,1972,09,03,0.0,31.753883,14.633072,1972
8282,r4i1p1f1,1972,09,04,0.0,25.702414,8.525985,1972
8283,r4i1p1f1,1972,09,05,0.0,22.828897,7.2619967,1972
8284,r4i1p1f1,1972,09,06,0.0,23.197334,8.007481,1972
8285,r4i1p1f1,1972,09,07,0.0,23.062473,5.8348103,1972
8286,r4i1p1f1,1972,09,08,0.0,25.156832,8.886943,1972
8287,r4i1p1f1,1972,09,09,0.0,26.586758,9.071703,1972
8288,r4i1p1f1,1972,09,10,0.0,23.987892,7.4432917,1972
8289,r4i1p1f1,1972,09,11,0.0,24.956642,7.9397364,1972
8290,r4i1p1f1,1972,09,12,0.0,25.592201,9.1987705,1972
8291,r4i1p1f1,1972,09,13,0.0,23.718323,7.980001,1972
8292,r4i1p1f1,1972,09,14,0.013514205102183041,22.262424,6.1901617,1972
8293,r4i1p1f1,1972,09,15,0.0,25.42762,7.4801264,1972
8294,r4i1p1f1,1972,09,16,0.0,25.656237,8.889357,1972
8295,r4i1p1f1,1972,09,17,0.0,26.707115,12.643709,1972
8296,r4i1p1f1,1972,09,18,0.0,29.614773,14.198604,1972
8297,r4i1p1f1,1972,09,19,0.0,32.62936,15.487349,1972
8298,r4i1p1f1,1972,09,20,0.0,32.262157,13.689373,1972
8299,r4i1p1f1,1972,09,21,0.0,31.969818,13.970273,1972
8300,r4i1p1f1,1972,09,22,0.0,29.51654,10.325426,1972
8301,r4i1p1f1,1972,09,23,0.0,29.603964,11.850941,1972
8302,r4i1p1f1,1972,09,24,0.03697460078910808,26.26512,8.535265,1972
8303,r4i1p1f1,1972,09,25,0.0,18.119215,0.9904109,1972
8304,r4i1p1f1,1972,09,26,0.0,22.43356,2.488194,1972
8305,r4i1p1f1,1972,09,27,0.0,24.018497,5.842882,1972
8306,r4i1p1f1,1972,09,28,0.0,26.622656,7.820406,1972
8307,r4i1p1f1,1972,09,29,0.0,32.52327,15.846527,1972
8308,r4i1p1f1,1972,09,30,3.3817261247293118,31.728306,15.068314,1972
8309,r4i1p1f1,1972,10,01,16.82583169381786,22.031649,9.751002,1972
8310,r4i1p1f1,1972,10,02,0.006198587467309835,20.330954,8.071097,1972
8311,r4i1p1f1,1972,10,03,0.00017878078324429225,21.816551,7.3351583,1972
8312,r4i1p1f1,1972,10,04,0.0,22.72554,8.397788,1972
8313,r4i1p1f1,1972,10,05,0.0,22.677362,7.9237003,1972
8314,r4i1p1f1,1972,10,06,0.08069640525718569,20.642174,5.9284267,1972
8315,r4i1p1f1,1972,10,07,0.822806924111319,19.291492,5.3061585,1972
8316,r4i1p1f1,1972,10,08,0.02316537220394821,20.39641,6.426936,1972
8317,r4i1p1f1,1972,10,09,0.20587222194308197,18.964375,4.968252,1972
8318,r4i1p1f1,1972,10,10,1.9200586969617461,14.780433,3.6919827,1972
8319,r4i1p1f1,1972,10,11,0.0,17.698145,3.066608,1972
8320,r4i1p1f1,1972,10,12,0.0,20.819988,5.5319424,1972
8321,r4i1p1f1,1972,10,13,0.0005782844709756318,21.959908,8.083988,1972
8322,r4i1p1f1,1972,10,14,0.0,23.386171,7.7143764,1972
8323,r4i1p1f1,1972,10,15,1.8068620471694885,19.895342,5.9902062,1972
8324,r4i1p1f1,1972,10,16,0.0,21.283813,4.1337996,1972
8325,r4i1p1f1,1972,10,17,0.0,25.674559,6.826028,1972
8326,r4i1p1f1,1972,10,18,0.0,28.873203,10.001082,1972
8327,r4i1p1f1,1972,10,19,0.0,29.104649,10.526268,1972
8328,r4i1p1f1,1972,10,20,0.0,28.61633,10.775533,1972
8329,r4i1p1f1,1972,10,21,0.0,25.459366,8.438066,1972
8330,r4i1p1f1,1972,10,22,0.0,22.716534,6.246586,1972
8331,r4i1p1f1,1972,10,23,0.0,23.928226,7.938373,1972
8332,r4i1p1f1,1972,10,24,0.0,24.401205,8.1695795,1972
8333,r4i1p1f1,1972,10,25,0.0,24.260979,9.516461,1972
8334,r4i1p1f1,1972,10,26,0.0,25.522303,8.03304,1972
8335,r4i1p1f1,1972,10,27,0.0,27.183708,9.903347,1972
8336,r4i1p1f1,1972,10,28,0.0,25.745533,9.963187,1972
8337,r4i1p1f1,1972,10,29,0.0,25.385956,8.566813,1972
8338,r4i1p1f1,1972,10,30,0.0,24.981936,8.439301,1972
8339,r4i1p1f1,1972,10,31,0.0,24.614403,8.533904,1972
8340,r4i1p1f1,1972,11,01,0.0,23.94018,8.288223,1972
8341,r4i1p1f1,1972,11,02,0.0,21.74488,6.438696,1972
8342,r4i1p1f1,1972,11,03,0.0,20.207407,6.0169425,1972
8343,r4i1p1f1,1972,11,04,0.0,15.880032,3.059544,1972
8344,r4i1p1f1,1972,11,05,0.0,16.067509,0.86003315,1972
8345,r4i1p1f1,1972,11,06,0.0,19.586777,4.1754675,1972
8346,r4i1p1f1,1972,11,07,0.0,22.494946,4.798388,1972
8347,r4i1p1f1,1972,11,08,1.2652861851165653,22.623178,9.9642315,1972
8348,r4i1p1f1,1972,11,09,5.824260154304284,18.072039,6.53924,1972
8349,r4i1p1f1,1972,11,10,29.933327393507625,15.922112,6.820872,1972
8350,r4i1p1f1,1972,11,11,1.913341326110185,10.961924,4.9889774,1972
8351,r4i1p1f1,1972,11,12,9.59492060338789,10.808116,1.7825963,1972
8352,r4i1p1f1,1972,11,13,0.624104981778828,11.279239,1.620185,1972
8353,r4i1p1f1,1972,11,14,0.11636382423603209,11.579934,0.27098337,1972
8354,r4i1p1f1,1972,11,15,0.0,11.669658,-0.5015776,1972
8355,r4i1p1f1,1972,11,16,0.0,12.708275,-0.07193693,1972
8356,r4i1p1f1,1972,11,17,0.0,16.893137,3.3052526,1972
8357,r4i1p1f1,1972,11,18,0.0,16.359327,2.75676,1972
8358,r4i1p1f1,1972,11,19,0.0008935982663160758,14.843052,3.5879567,1972
8359,r4i1p1f1,1972,11,20,0.02629057610761265,14.7427845,0.960074,1972
8360,r4i1p1f1,1972,11,21,0.5424374102915408,14.89968,4.580306,1972
8361,r4i1p1f1,1972,11,22,20.272092984669143,13.411353,5.124655,1972
8362,r4i1p1f1,1972,11,23,49.99973439880705,12.711962,8.447521,1972
8363,r4i1p1f1,1972,11,24,45.29411643270578,12.603913,5.306319,1972
8364,r4i1p1f1,1972,11,25,6.987259316447592,11.93943,4.3731785,1972
8365,r4i1p1f1,1972,11,26,28.297707607634948,11.911968,5.2731457,1972
8366,r4i1p1f1,1972,11,27,2.4526391067979603,12.590412,4.5755987,1972
8367,r4i1p1f1,1972,11,28,2.79263710503983,11.459622,4.828216,1972
8368,r4i1p1f1,1972,11,29,1.5947831764549392,13.270126,6.5501413,1972
8369,r4i1p1f1,1972,11,30,0.0,13.809048,2.6978922,1972
8370,r4i1p1f1,1972,12,01,6.618794919700122,13.3003,4.39859,1972
8371,r4i1p1f1,1972,12,02,10.418992626978252,13.608691,6.9617105,1972
8372,r4i1p1f1,1972,12,03,0.0,13.806637,2.6183898,1972
8373,r4i1p1f1,1972,12,04,0.0,13.709286,3.1045606,1972
8374,r4i1p1f1,1972,12,05,0.0,16.059118,3.841401,1972
8375,r4i1p1f1,1972,12,06,0.0,16.757805,3.772123,1972
8376,r4i1p1f1,1972,12,07,0.0,16.908903,4.314052,1972
8377,r4i1p1f1,1972,12,08,0.0,18.38018,5.1380825,1972
8378,r4i1p1f1,1972,12,09,0.0,18.031376,5.444267,1972
8379,r4i1p1f1,1972,12,10,0.0,18.10757,5.0645003,1972
8380,r4i1p1f1,1972,12,11,0.0,17.404886,4.981556,1972
8381,r4i1p1f1,1972,12,12,0.0,16.451878,4.0658436,1972
8382,r4i1p1f1,1972,12,13,3.7935267555042174,14.662523,4.0605965,1972
8383,r4i1p1f1,1972,12,14,0.01667207170612528,9.739871,0.9973203,1972
8384,r4i1p1f1,1972,12,15,0.0,11.557508,0.15353738,1972
8385,r4i1p1f1,1972,12,16,5.44238538076911,9.739582,1.578876,1972
8386,r4i1p1f1,1972,12,17,0.3240633594259634,5.0693073,-0.71032023,1972
8387,r4i1p1f1,1972,12,18,0.4130025774600199,8.179448,-0.9979566,1972
8388,r4i1p1f1,1972,12,19,0.013293155402038792,9.363581,-1.5848314,1972
8389,r4i1p1f1,1972,12,20,0.0,9.342701,-2.054057,1972
8390,r4i1p1f1,1972,12,21,0.0,9.727962,-0.38210148,1972
8391,r4i1p1f1,1972,12,22,0.0,9.287791,-1.3037316,1972
8392,r4i1p1f1,1972,12,23,0.0,10.192585,-1.1807741,1972
8393,r4i1p1f1,1972,12,24,0.0,13.139721,0.44406468,1972
8394,r4i1p1f1,1972,12,25,0.0,13.587889,1.4563425,1972
8395,r4i1p1f1,1972,12,26,0.0,13.170035,1.5583539,1972
8396,r4i1p1f1,1972,12,27,0.0,13.017015,0.9561225,1972
8397,r4i1p1f1,1972,12,28,2.0001588740001353,12.218534,1.0979127,1972
8398,r4i1p1f1,1972,12,29,6.395425485970918,8.444819,1.3868264,1972
8399,r4i1p1f1,1972,12,30,0.019939544858971203,4.0995197,-5.560737,1972
8400,r4i1p1f1,1972,12,31,0.0,5.892374,-4.479284,1972
8401,r4i1p1f1,1973,01,01,0.0,7.912901,-2.911477,1973
8402,r4i1p1f1,1973,01,02,0.0,9.162815,-1.9665511,1973
8403,r4i1p1f1,1973,01,03,0.0,9.685643,-0.9983685,1973
8404,r4i1p1f1,1973,01,04,0.0,11.783382,0.19468434,1973
8405,r4i1p1f1,1973,01,05,0.0,12.895556,4.9082775,1973
8406,r4i1p1f1,1973,01,06,0.37983981765137287,11.810623,4.7931495,1973
8407,r4i1p1f1,1973,01,07,0.0,15.393182,3.1173193,1973
8408,r4i1p1f1,1973,01,08,0.0,15.34404,4.270737,1973
8409,r4i1p1f1,1973,01,09,0.012359700471620272,14.121163,4.3967357,1973
8410,r4i1p1f1,1973,01,10,15.799127387072076,12.404789,2.8555646,1973
8411,r4i1p1f1,1973,01,11,0.0,13.496335,1.4787962,1973
8412,r4i1p1f1,1973,01,12,0.0,14.515575,2.7397566,1973
8413,r4i1p1f1,1973,01,13,9.391203740233323,9.590432,2.3829184,1973
8414,r4i1p1f1,1973,01,14,3.5846349297386837,6.9065356,-2.2401,1973
8415,r4i1p1f1,1973,01,15,0.0,5.54308,-5.8390284,1973
8416,r4i1p1f1,1973,01,16,0.0,4.4831033,-6.321864,1973
8417,r4i1p1f1,1973,01,17,0.0,4.9283395,-6.871271,1973
8418,r4i1p1f1,1973,01,18,0.0,4.60318,-7.531845,1973
8419,r4i1p1f1,1973,01,19,2.4715383585657946,4.5913677,-5.7379613,1973
8420,r4i1p1f1,1973,01,20,12.08831698877475,4.592119,-3.2139611,1973
8421,r4i1p1f1,1973,01,21,4.931075899708048,3.609183,-1.519422,1973
8422,r4i1p1f1,1973,01,22,0.00032751778462625225,8.165009,-1.6377882,1973
8423,r4i1p1f1,1973,01,23,0.023483795320089484,7.496267,-2.708489,1973
8424,r4i1p1f1,1973,01,24,48.939252712443704,6.904507,1.7595379,1973
8425,r4i1p1f1,1973,01,25,4.283577481757561,9.192299,3.1810224,1973
8426,r4i1p1f1,1973,01,26,0.14382238809389492,10.055342,4.550596,1973
8427,r4i1p1f1,1973,01,27,0.0,10.970005,0.7166661,1973
8428,r4i1p1f1,1973,01,28,6.391932149244894,7.00427,1.7476794,1973
8429,r4i1p1f1,1973,01,29,0.0,9.279156,-0.6045033,1973
8430,r4i1p1f1,1973,01,30,0.0,9.332289,-2.0306387,1973
8431,r4i1p1f1,1973,01,31,5.853676684785114,4.98491,-3.0061913,1973
8432,r4i1p1f1,1973,02,01,0.04591295926275052,7.863412,-4.0471654,1973
8433,r4i1p1f1,1973,02,02,0.0,5.605501,-4.7959237,1973
8434,r4i1p1f1,1973,02,03,0.0,5.217935,-5.586538,1973
8435,r4i1p1f1,1973,02,04,7.801937011799964,2.362312,-4.836588,1973
8436,r4i1p1f1,1973,02,05,0.0,7.135534,-5.6059284,1973
8437,r4i1p1f1,1973,02,06,0.0,9.191086,-3.3786054,1973
8438,r4i1p1f1,1973,02,07,8.107312002152867,4.9738817,-3.7640262,1973
8439,r4i1p1f1,1973,02,08,8.921393817718126,9.071911,-1.303626,1973
8440,r4i1p1f1,1973,02,09,9.8151753165439,8.545269,-2.2097876,1973
8441,r4i1p1f1,1973,02,10,10.58460857168484,8.702256,3.5928295,1973
8442,r4i1p1f1,1973,02,11,6.004882869501671,8.714413,2.918588,1973
8443,r4i1p1f1,1973,02,12,5.944484293377172,8.487546,-1.5320758,1973
8444,r4i1p1f1,1973,02,13,0.0,11.788524,-1.9427037,1973
8445,r4i1p1f1,1973,02,14,0.0,11.843099,1.6263921,1973
8446,r4i1p1f1,1973,02,15,0.0,13.065493,1.1829368,1973
8447,r4i1p1f1,1973,02,16,0.9992470440295165,10.75546,0.72923875,1973
8448,r4i1p1f1,1973,02,17,14.368826900681597,9.772426,0.6907672,1973
8449,r4i1p1f1,1973,02,18,1.540224540413826,5.0445175,-5.460805,1973
8450,r4i1p1f1,1973,02,19,0.0,4.1456027,-8.218243,1973
8451,r4i1p1f1,1973,02,20,0.0,5.806663,-6.5739174,1973
8452,r4i1p1f1,1973,02,21,0.0,7.344034,-4.209053,1973
8453,r4i1p1f1,1973,02,22,0.0,8.211412,-4.330539,1973
8454,r4i1p1f1,1973,02,23,0.0,9.201437,-3.329509,1973
8455,r4i1p1f1,1973,02,24,0.0,11.662107,-0.48864254,1973
8456,r4i1p1f1,1973,02,25,0.0,12.337557,0.18676917,1973
8457,r4i1p1f1,1973,02,26,0.0,15.1840515,1.6645694,1973
8458,r4i1p1f1,1973,02,27,0.0,15.799274,1.7600287,1973
8459,r4i1p1f1,1973,02,28,0.0,14.101066,1.916022,1973
8460,r4i1p1f1,1973,03,01,10.271968442322077,12.047694,-1.9805385,1973
8461,r4i1p1f1,1973,03,02,0.011473848559262478,9.088011,-3.3376427,1973
8462,r4i1p1f1,1973,03,03,0.12057466382771054,6.579372,-1.9173423,1973
8463,r4i1p1f1,1973,03,04,18.670190666125563,4.0351143,-2.2217026,1973
8464,r4i1p1f1,1973,03,05,2.292587167318061,7.226727,0.2506829,1973
8465,r4i1p1f1,1973,03,06,8.795650731246951,10.3929405,1.069741,1973
8466,r4i1p1f1,1973,03,07,0.0,11.708093,-1.3734716,1973
8467,r4i1p1f1,1973,03,08,0.13500355212840986,11.420395,0.4078833,1973
8468,r4i1p1f1,1973,03,09,0.0,13.16446,-0.37198508,1973
8469,r4i1p1f1,1973,03,10,0.0,14.450075,0.72988075,1973
8470,r4i1p1f1,1973,03,11,0.0,14.205666,1.0790074,1973
8471,r4i1p1f1,1973,03,12,3.4880427269627035,11.750314,3.1864953,1973
8472,r4i1p1f1,1973,03,13,0.1020982231580092,12.699634,1.8949572,1973
8473,r4i1p1f1,1973,03,14,0.0,14.143354,-0.31113994,1973
8474,r4i1p1f1,1973,03,15,0.0,15.096734,0.99064374,1973
8475,r4i1p1f1,1973,03,16,0.020014521624034387,13.674889,2.8843527,1973
8476,r4i1p1f1,1973,03,17,0.0,17.075243,0.24346691,1973
8477,r4i1p1f1,1973,03,18,0.0,17.88673,1.1377962,1973
8478,r4i1p1f1,1973,03,19,0.00558923802600475,17.736582,2.1365001,1973
8479,r4i1p1f1,1973,03,20,0.43869303833758977,11.279077,-1.5973091,1973
8480,r4i1p1f1,1973,03,21,0.0,12.720639,-1.5864973,1973
8481,r4i1p1f1,1973,03,22,4.661682099504105,8.070405,0.7204301,1973
8482,r4i1p1f1,1973,03,23,0.0,14.289327,1.2197686,1973
8483,r4i1p1f1,1973,03,24,0.0,15.728012,0.8571183,1973
8484,r4i1p1f1,1973,03,25,3.4210752060005234,14.24157,2.6653612,1973
8485,r4i1p1f1,1973,03,26,0.0,17.103647,2.395238,1973
8486,r4i1p1f1,1973,03,27,0.0,16.927008,3.151304,1973
8487,r4i1p1f1,1973,03,28,0.03416023261593182,16.505617,0.2356517,1973
8488,r4i1p1f1,1973,03,29,0.14324915955512552,12.008839,-2.7977557,1973
8489,r4i1p1f1,1973,03,30,0.0,16.41357,0.19570303,1973
8490,r4i1p1f1,1973,03,31,0.0,20.16911,2.379612,1973
8491,r4i1p1f1,1973,04,01,0.0,21.553398,3.4171705,1973
8492,r4i1p1f1,1973,04,02,0.0,19.05776,4.343712,1973
8493,r4i1p1f1,1973,04,03,0.0,19.93162,2.3289254,1973
8494,r4i1p1f1,1973,04,04,0.0,22.525917,3.7339215,1973
8495,r4i1p1f1,1973,04,05,0.0,25.202091,6.8542128,1973
8496,r4i1p1f1,1973,04,06,0.0,24.533403,6.839079,1973
8497,r4i1p1f1,1973,04,07,0.0,25.717566,7.4481573,1973
8498,r4i1p1f1,1973,04,08,0.0,26.580921,7.5057263,1973
8499,r4i1p1f1,1973,04,09,0.0,25.721748,8.027582,1973
8500,r4i1p1f1,1973,04,10,0.0,24.867525,7.948092,1973
8501,r4i1p1f1,1973,04,11,0.0,24.971474,8.494104,1973
8502,r4i1p1f1,1973,04,12,0.0,25.574438,8.102198,1973
8503,r4i1p1f1,1973,04,13,0.0,23.007877,8.078252,1973
8504,r4i1p1f1,1973,04,14,0.0,22.36233,8.425011,1973
8505,r4i1p1f1,1973,04,15,0.0,24.066538,7.041223,1973
8506,r4i1p1f1,1973,04,16,0.0,25.005928,7.285818,1973
8507,r4i1p1f1,1973,04,17,0.0,24.5636,7.7886996,1973
8508,r4i1p1f1,1973,04,18,0.24482794340769942,22.07887,6.624551,1973
8509,r4i1p1f1,1973,04,19,10.862339711002278,11.771973,-1.5386211,1973
8510,r4i1p1f1,1973,04,20,0.0,19.712547,3.5872035,1973
8511,r4i1p1f1,1973,04,21,0.0,21.012928,6.042589,1973
8512,r4i1p1f1,1973,04,22,0.0,21.436695,6.8490753,1973
8513,r4i1p1f1,1973,04,23,0.0,21.807394,4.6291037,1973
8514,r4i1p1f1,1973,04,24,0.06940328271980434,19.430084,5.818167,1973
8515,r4i1p1f1,1973,04,25,19.51854517954814,13.7468405,-0.40492445,1973
8516,r4i1p1f1,1973,04,26,23.142313374589207,7.871125,0.3294568,1973
8517,r4i1p1f1,1973,04,27,1.5415286717768595,7.5926304,0.67968434,1973
8518,r4i1p1f1,1973,04,28,0.0,7.573515,-3.666595,1973
8519,r4i1p1f1,1973,04,29,3.068674876656008,3.1322408,-2.4220436,1973
8520,r4i1p1f1,1973,04,30,36.710814687103266,2.437285,-2.8222837,1973
8521,r4i1p1f1,1973,05,01,0.0,10.928315,-2.0516458,1973
8522,r4i1p1f1,1973,05,02,0.0,10.304891,-0.27030367,1973
8523,r4i1p1f1,1973,05,03,0.0,19.219313,2.6058235,1973
8524,r4i1p1f1,1973,05,04,0.0,22.137249,4.6704,1973
8525,r4i1p1f1,1973,05,05,0.0,23.433481,7.4798946,1973
8526,r4i1p1f1,1973,05,06,0.0,22.34063,6.0842595,1973
8527,r4i1p1f1,1973,05,07,0.0,20.720835,5.395748,1973
8528,r4i1p1f1,1973,05,08,0.0,18.361149,4.4816914,1973
8529,r4i1p1f1,1973,05,09,0.0,23.429693,7.307929,1973
8530,r4i1p1f1,1973,05,10,0.05569593022300978,26.445946,6.8259516,1973
8531,r4i1p1f1,1973,05,11,0.0,26.723345,10.150028,1973
8532,r4i1p1f1,1973,05,12,0.15335668567786342,21.23759,4.958246,1973
8533,r4i1p1f1,1973,05,13,0.0,25.248121,8.99389,1973
8534,r4i1p1f1,1973,05,14,0.0,24.725965,7.575649,1973
8535,r4i1p1f1,1973,05,15,0.0,22.507547,6.145246,1973
8536,r4i1p1f1,1973,05,16,0.0,22.147799,5.5987754,1973
8537,r4i1p1f1,1973,05,17,6.355743876974884,14.507231,0.6654346,1973
8538,r4i1p1f1,1973,05,18,7.9630307404499945,14.476735,2.02847,1973
8539,r4i1p1f1,1973,05,19,4.020953585563802,17.769293,4.6882386,1973
8540,r4i1p1f1,1973,05,20,0.0,23.81114,8.095894,1973
8541,r4i1p1f1,1973,05,21,0.0,24.468239,7.425587,1973
8542,r4i1p1f1,1973,05,22,0.0,26.598434,8.54631,1973
8543,r4i1p1f1,1973,05,23,0.0,28.031773,10.6937065,1973
8544,r4i1p1f1,1973,05,24,0.0,28.660072,14.213414,1973
8545,r4i1p1f1,1973,05,25,0.0,27.90657,11.388771,1973
8546,r4i1p1f1,1973,05,26,0.0,26.957397,10.7682905,1973
8547,r4i1p1f1,1973,05,27,0.0,26.724297,9.673284,1973
8548,r4i1p1f1,1973,05,28,0.02684032995432517,25.44555,9.284164,1973
8549,r4i1p1f1,1973,05,29,0.040303580863110255,24.932018,10.098822,1973
8550,r4i1p1f1,1973,05,30,0.7908868550231318,20.855091,4.4750175,1973
8551,r4i1p1f1,1973,05,31,0.042110162030439824,23.067879,8.894131,1973
8552,r4i1p1f1,1973,06,01,0.7282312583356543,17.388546,2.5022173,1973
8553,r4i1p1f1,1973,06,02,0.11465171355666826,18.620121,3.4931502,1973
8554,r4i1p1f1,1973,06,03,0.0,19.897573,4.17083,1973
8555,r4i1p1f1,1973,06,04,0.29704109765589237,21.141268,4.007637,1973
8556,r4i1p1f1,1973,06,05,16.205251518977093,10.68388,0.34818113,1973
8557,r4i1p1f1,1973,06,06,0.6417205889874822,11.327043,0.4613701,1973
8558,r4i1p1f1,1973,06,07,11.712013056308024,9.984051,6.7042537,1973
8559,r4i1p1f1,1973,06,08,0.22744622833670292,13.25819,4.3268833,1973
8560,r4i1p1f1,1973,06,09,0.0,20.49149,3.356616,1973
8561,r4i1p1f1,1973,06,10,0.0,24.756378,7.121665,1973
8562,r4i1p1f1,1973,06,11,0.0,26.716026,9.145717,1973
8563,r4i1p1f1,1973,06,12,0.0,26.5208,9.360713,1973
8564,r4i1p1f1,1973,06,13,0.0,19.338158,5.233408,1973
8565,r4i1p1f1,1973,06,14,0.8439256405381457,16.500805,6.8298798,1973
8566,r4i1p1f1,1973,06,15,3.5595004994320334,13.872421,0.86443055,1973
8567,r4i1p1f1,1973,06,16,0.15717129185759404,19.084517,4.884058,1973
8568,r4i1p1f1,1973,06,17,0.002972842708004464,20.351843,9.020631,1973
8569,r4i1p1f1,1973,06,18,0.0,25.172562,8.772865,1973
8570,r4i1p1f1,1973,06,19,0.0,27.086979,10.931782,1973
8571,r4i1p1f1,1973,06,20,0.0,28.585585,11.914264,1973
8572,r4i1p1f1,1973,06,21,0.0,28.437325,11.890162,1973
8573,r4i1p1f1,1973,06,22,0.0,28.12125,11.461102,1973
8574,r4i1p1f1,1973,06,23,0.0,28.120275,10.246355,1973
8575,r4i1p1f1,1973,06,24,0.0,27.07595,11.128165,1973
8576,r4i1p1f1,1973,06,25,0.0,25.318146,9.641475,1973
8577,r4i1p1f1,1973,06,26,0.0,24.512041,9.209937,1973
8578,r4i1p1f1,1973,06,27,0.0,26.085377,8.693886,1973
8579,r4i1p1f1,1973,06,28,4.015599958381699,24.502293,8.470206,1973
8580,r4i1p1f1,1973,06,29,2.501706031324602,16.191822,6.3007994,1973
8581,r4i1p1f1,1973,06,30,1.0323066065836883,23.480194,7.550827,1973
8582,r4i1p1f1,1973,07,01,1.3450233055664285,25.714,10.220333,1973
8583,r4i1p1f1,1973,07,02,0.07247450830618618,25.473436,10.581846,1973
8584,r4i1p1f1,1973,07,03,0.39497196464708395,26.353477,11.031302,1973
8585,r4i1p1f1,1973,07,04,0.0,26.841799,10.618647,1973
8586,r4i1p1f1,1973,07,05,0.0,27.899488,12.558506,1973
8587,r4i1p1f1,1973,07,06,0.0,29.087873,12.231993,1973
8588,r4i1p1f1,1973,07,07,0.0,30.791874,14.043238,1973
8589,r4i1p1f1,1973,07,08,0.0,31.827799,15.753169,1973
8590,r4i1p1f1,1973,07,09,0.0,31.717537,15.234597,1973
8591,r4i1p1f1,1973,07,10,0.0,31.26336,13.841041,1973
8592,r4i1p1f1,1973,07,11,0.0,29.485342,12.348994,1973
8593,r4i1p1f1,1973,07,12,0.0,26.371439,9.674534,1973
8594,r4i1p1f1,1973,07,13,0.0,27.59296,10.961414,1973
8595,r4i1p1f1,1973,07,14,0.14351246959449782,32.435616,14.056607,1973
8596,r4i1p1f1,1973,07,15,0.1269023453232876,33.602917,17.148664,1973
8597,r4i1p1f1,1973,07,16,0.0,32.551567,13.93343,1973
8598,r4i1p1f1,1973,07,17,0.0,32.63964,14.092104,1973
8599,r4i1p1f1,1973,07,18,0.0,32.68793,14.380123,1973
8600,r4i1p1f1,1973,07,19,0.0,32.62142,12.980941,1973
8601,r4i1p1f1,1973,07,20,0.0,33.618774,14.455261,1973
8602,r4i1p1f1,1973,07,21,0.0,34.607063,18.16034,1973
8603,r4i1p1f1,1973,07,22,0.0,34.840656,17.518183,1973
8604,r4i1p1f1,1973,07,23,0.0,33.258774,14.778917,1973
8605,r4i1p1f1,1973,07,24,0.0,31.211914,12.101886,1973
8606,r4i1p1f1,1973,07,25,0.0,30.836033,12.758837,1973
8607,r4i1p1f1,1973,07,26,0.0,30.476267,12.109183,1973
8608,r4i1p1f1,1973,07,27,0.0,29.637474,11.554401,1973
8609,r4i1p1f1,1973,07,28,0.0,26.401764,9.488638,1973
8610,r4i1p1f1,1973,07,29,0.0,27.909498,9.384193,1973
8611,r4i1p1f1,1973,07,30,0.0,29.171051,10.02591,1973
8612,r4i1p1f1,1973,07,31,0.0,28.545149,8.831003,1973
8613,r4i1p1f1,1973,08,01,0.0,27.520617,8.561066,1973
8614,r4i1p1f1,1973,08,02,0.0,24.692472,6.407401,1973
8615,r4i1p1f1,1973,08,03,0.0,26.725359,7.930782,1973
8616,r4i1p1f1,1973,08,04,0.0,28.21,9.531499,1973
8617,r4i1p1f1,1973,08,05,0.0,31.50826,11.752029,1973
8618,r4i1p1f1,1973,08,06,0.0,31.271559,12.286516,1973
8619,r4i1p1f1,1973,08,07,0.0,28.983202,9.892936,1973
8620,r4i1p1f1,1973,08,08,0.0,24.854816,7.6246543,1973
8621,r4i1p1f1,1973,08,09,0.0,26.340092,8.0707245,1973
8622,r4i1p1f1,1973,08,10,0.0,26.150766,7.6147137,1973
8623,r4i1p1f1,1973,08,11,0.0,25.723125,6.269704,1973
8624,r4i1p1f1,1973,08,12,0.0,29.210287,10.725313,1973
8625,r4i1p1f1,1973,08,13,0.0,31.597569,12.316297,1973
8626,r4i1p1f1,1973,08,14,0.0,31.503479,13.200449,1973
8627,r4i1p1f1,1973,08,15,0.0,31.08783,12.369352,1973
8628,r4i1p1f1,1973,08,16,0.0,30.539822,11.62971,1973
8629,r4i1p1f1,1973,08,17,0.0,29.958235,11.421819,1973
8630,r4i1p1f1,1973,08,18,0.0,28.268015,9.145233,1973
8631,r4i1p1f1,1973,08,19,0.0,30.00623,11.660603,1973
8632,r4i1p1f1,1973,08,20,0.0,32.511524,12.457707,1973
8633,r4i1p1f1,1973,08,21,0.0,34.14069,14.165177,1973
8634,r4i1p1f1,1973,08,22,0.0,33.659718,14.390989,1973
8635,r4i1p1f1,1973,08,23,0.0,32.402786,13.091898,1973
8636,r4i1p1f1,1973,08,24,0.0,31.16411,12.162312,1973
8637,r4i1p1f1,1973,08,25,0.0,32.04892,12.777874,1973
8638,r4i1p1f1,1973,08,26,0.0,31.222094,12.779449,1973
8639,r4i1p1f1,1973,08,27,0.0,30.288296,10.994906,1973
8640,r4i1p1f1,1973,08,28,0.0,28.989641,9.812825,1973
8641,r4i1p1f1,1973,08,29,0.0,27.874304,7.863549,1973
8642,r4i1p1f1,1973,08,30,0.0,23.529846,5.149778,1973
8643,r4i1p1f1,1973,08,31,0.0,26.726665,6.951597,1973
8644,r4i1p1f1,1973,09,01,0.0,30.606333,12.92729,1973
8645,r4i1p1f1,1973,09,02,0.0,30.875662,12.312222,1973
8646,r4i1p1f1,1973,09,03,0.0,26.915062,9.405899,1973
8647,r4i1p1f1,1973,09,04,0.0,26.662304,8.5481,1973
8648,r4i1p1f1,1973,09,05,0.0,26.618502,7.8902044,1973
8649,r4i1p1f1,1973,09,06,0.0,28.86224,9.547185,1973
8650,r4i1p1f1,1973,09,07,0.0,32.691624,13.249036,1973
8651,r4i1p1f1,1973,09,08,0.0,33.348763,14.620054,1973
8652,r4i1p1f1,1973,09,09,0.0,32.146523,12.905218,1973
8653,r4i1p1f1,1973,09,10,0.0,29.718876,10.824609,1973
8654,r4i1p1f1,1973,09,11,0.0,24.314646,6.5604234,1973
8655,r4i1p1f1,1973,09,12,0.0,23.880285,8.069966,1973
8656,r4i1p1f1,1973,09,13,0.0,27.185223,11.620209,1973
8657,r4i1p1f1,1973,09,14,0.0,30.98907,11.462335,1973
8658,r4i1p1f1,1973,09,15,0.0,30.625265,12.888058,1973
8659,r4i1p1f1,1973,09,16,0.0,30.144827,12.253509,1973
8660,r4i1p1f1,1973,09,17,0.0,31.504425,12.400474,1973
8661,r4i1p1f1,1973,09,18,0.0,32.007484,13.6375265,1973
8662,r4i1p1f1,1973,09,19,0.0,32.951324,13.672909,1973
8663,r4i1p1f1,1973,09,20,0.0,34.889076,14.778893,1973
8664,r4i1p1f1,1973,09,21,0.0,34.55904,16.509966,1973
8665,r4i1p1f1,1973,09,22,0.0,32.26266,13.540655,1973
8666,r4i1p1f1,1973,09,23,0.0,32.252655,13.99128,1973
8667,r4i1p1f1,1973,09,24,0.0,31.78853,12.854778,1973
8668,r4i1p1f1,1973,09,25,0.0,29.405674,11.069118,1973
8669,r4i1p1f1,1973,09,26,0.0,26.857935,8.65801,1973
8670,r4i1p1f1,1973,09,27,0.0,28.16118,8.301941,1973
8671,r4i1p1f1,1973,09,28,0.0,28.115896,12.553346,1973
8672,r4i1p1f1,1973,09,29,0.0,27.89165,9.541757,1973
8673,r4i1p1f1,1973,09,30,0.0,29.32969,10.935706,1973
8674,r4i1p1f1,1973,10,01,0.0,29.042345,10.623036,1973
8675,r4i1p1f1,1973,10,02,0.7069453577969398,26.215477,11.90463,1973
8676,r4i1p1f1,1973,10,03,9.860451067879694,13.010112,7.3564777,1973
8677,r4i1p1f1,1973,10,04,5.379136055921663,17.873623,5.6400747,1973
8678,r4i1p1f1,1973,10,05,0.0,23.120543,8.175968,1973
8679,r4i1p1f1,1973,10,06,0.0,24.526466,7.9149017,1973
8680,r4i1p1f1,1973,10,07,0.0,28.078869,10.129143,1973
8681,r4i1p1f1,1973,10,08,0.0,29.221605,11.61533,1973
8682,r4i1p1f1,1973,10,09,0.0,28.690361,11.346429,1973
8683,r4i1p1f1,1973,10,10,0.0,28.864824,11.04755,1973
8684,r4i1p1f1,1973,10,11,0.0,28.735687,10.62814,1973
8685,r4i1p1f1,1973,10,12,0.0,28.100636,10.135944,1973
8686,r4i1p1f1,1973,10,13,0.0,30.446785,10.108273,1973
8687,r4i1p1f1,1973,10,14,0.0,31.256104,11.812152,1973
8688,r4i1p1f1,1973,10,15,0.0,30.00603,12.552675,1973
8689,r4i1p1f1,1973,10,16,0.0,27.612144,11.873991,1973
8690,r4i1p1f1,1973,10,17,0.0,26.635595,9.689159,1973
8691,r4i1p1f1,1973,10,18,0.0,26.46338,9.424673,1973
8692,r4i1p1f1,1973,10,19,0.0,24.294989,8.633068,1973
8693,r4i1p1f1,1973,10,20,0.0,18.723614,6.673964,1973
8694,r4i1p1f1,1973,10,21,4.326096825758441,19.17778,7.3482547,1973
8695,r4i1p1f1,1973,10,22,8.107427461982297,14.652086,7.55945,1973
8696,r4i1p1f1,1973,10,23,14.293962811370875,15.46746,6.5696383,1973
8697,r4i1p1f1,1973,10,24,8.197576057054334,14.068017,4.3976173,1973
8698,r4i1p1f1,1973,10,25,37.47626222157123,10.139814,-0.46281222,1973
8699,r4i1p1f1,1973,10,26,51.31962595405639,9.5728245,-1.6436441,1973
8700,r4i1p1f1,1973,10,27,4.410141793283628,11.439673,-0.4590143,1973
8701,r4i1p1f1,1973,10,28,48.226619644265156,12.199674,1.5128675,1973
8702,r4i1p1f1,1973,10,29,55.547132645733654,13.037836,6.1951056,1973
8703,r4i1p1f1,1973,10,30,15.518045992803309,13.104113,5.3506064,1973
8704,r4i1p1f1,1973,10,31,51.26437229992007,13.692585,5.5103498,1973
8705,r4i1p1f1,1973,11,01,0.0,13.069713,1.2726862,1973
8706,r4i1p1f1,1973,11,02,0.0,13.522182,3.475778,1973
8707,r4i1p1f1,1973,11,03,0.0,19.48576,7.0068297,1973
8708,r4i1p1f1,1973,11,04,0.0,19.56971,7.6119976,1973
8709,r4i1p1f1,1973,11,05,0.0,17.015697,5.0027237,1973
8710,r4i1p1f1,1973,11,06,0.0,18.522932,6.79546,1973
8711,r4i1p1f1,1973,11,07,0.0,18.847282,7.1798763,1973
8712,r4i1p1f1,1973,11,08,0.0,17.747986,6.601458,1973
8713,r4i1p1f1,1973,11,09,0.7239239490957061,16.739813,6.581088,1973
8714,r4i1p1f1,1973,11,10,1.5698327387838162,13.058441,7.385999,1973
8715,r4i1p1f1,1973,11,11,0.5887480624409136,13.596215,6.338296,1973
8716,r4i1p1f1,1973,11,12,5.632752986787182,14.718909,5.7909546,1973
8717,r4i1p1f1,1973,11,13,5.687951930897128,12.284976,2.9778488,1973
8718,r4i1p1f1,1973,11,14,0.0,11.739551,3.9277234,1973
8719,r4i1p1f1,1973,11,15,0.20817434290734127,14.090087,3.4817312,1973
8720,r4i1p1f1,1973,11,16,6.061229603312768,8.120208,1.7636138,1973
8721,r4i1p1f1,1973,11,17,5.696305600258711,7.480047,1.6655356,1973
8722,r4i1p1f1,1973,11,18,19.5633351938568,5.8880587,0.8684458,1973
8723,r4i1p1f1,1973,11,19,12.532038763038145,6.765987,0.75747126,1973
8724,r4i1p1f1,1973,11,20,0.08719295730656995,7.2772956,0.8220416,1973
8725,r4i1p1f1,1973,11,21,0.0,8.114143,-2.5183356,1973
8726,r4i1p1f1,1973,11,22,0.0,7.603619,-3.1481524,1973
8727,r4i1p1f1,1973,11,23,0.0,8.4343405,-2.0009053,1973
8728,r4i1p1f1,1973,11,24,0.0,11.744024,0.16477956,1973
8729,r4i1p1f1,1973,11,25,0.0,12.528178,1.4311944,1973
8730,r4i1p1f1,1973,11,26,0.11119524336606901,12.265052,0.87760234,1973
8731,r4i1p1f1,1973,11,27,0.010974128417728934,11.484793,1.0667069,1973
8732,r4i1p1f1,1973,11,28,1.5707351774921108,9.788809,2.0965433,1973
8733,r4i1p1f1,1973,11,29,9.769888404480298,11.925223,1.8274136,1973
8734,r4i1p1f1,1973,11,30,0.0,13.823298,1.9102694,1973
8735,r4i1p1f1,1973,12,01,0.0,15.155275,3.8056269,1973
8736,r4i1p1f1,1973,12,02,0.0,15.445164,3.6878057,1973
8737,r4i1p1f1,1973,12,03,0.9953846878602235,15.294315,1.9304652,1973
8738,r4i1p1f1,1973,12,04,0.4637808497136575,4.111377,-5.4080215,1973
8739,r4i1p1f1,1973,12,05,0.01170120776805561,6.6086655,-4.3829246,1973
8740,r4i1p1f1,1973,12,06,1.3019984467291579,7.117049,-3.0513396,1973
8741,r4i1p1f1,1973,12,07,6.464800696869588,8.534372,0.5637429,1973
8742,r4i1p1f1,1973,12,08,0.0,10.710815,-0.8165495,1973
8743,r4i1p1f1,1973,12,09,0.0,10.401129,0.6546161,1973
8744,r4i1p1f1,1973,12,10,0.0,10.263765,2.0914366,1973
8745,r4i1p1f1,1973,12,11,0.0,12.368942,1.2867064,1973
8746,r4i1p1f1,1973,12,12,0.0,12.56849,0.687445,1973
8747,r4i1p1f1,1973,12,13,0.0,11.809886,0.9405121,1973
8748,r4i1p1f1,1973,12,14,0.0,10.9397335,0.8889497,1973
8749,r4i1p1f1,1973,12,15,0.0,10.5942335,-1.7768972,1973
8750,r4i1p1f1,1973,12,16,0.0,10.463159,-1.1967676,1973
8751,r4i1p1f1,1973,12,17,0.0,13.121177,1.6871914,1973
8752,r4i1p1f1,1973,12,18,0.0,12.577033,2.0722895,1973
8753,r4i1p1f1,1973,12,19,0.007175752080001985,12.922908,2.493442,1973
8754,r4i1p1f1,1973,12,20,2.2546532440173905,11.258638,0.6610269,1973
8755,r4i1p1f1,1973,12,21,0.4846875284016505,4.211959,-6.7016163,1973
8756,r4i1p1f1,1973,12,22,0.0,5.3027124,-6.7411785,1973
8757,r4i1p1f1,1973,12,23,0.0,8.158862,-3.4600508,1973
8758,r4i1p1f1,1973,12,24,0.0,10.09296,-0.724134,1973
8759,r4i1p1f1,1973,12,25,3.7622197234782107,9.251619,0.44110733,1973
8760,r4i1p1f1,1973,12,26,21.82673668703501,10.196106,3.5617054,1973
8761,r4i1p1f1,1973,12,27,3.137955731234854,7.6715164,3.2229767,1973
8762,r4i1p1f1,1973,12,28,0.5521877458704694,10.09772,3.7445352,1973
8763,r4i1p1f1,1973,12,29,0.09916834626437776,9.959748,3.3669825,1973
8764,r4i1p1f1,1973,12,30,0.33203654389808435,13.419154,2.6939802,1973
8765,r4i1p1f1,1973,12,31,0.0,14.801405,2.183305,1973
8766,r4i1p1f1,1974,01,01,0.0,15.501136,2.968824,1974
8767,r4i1p1f1,1974,01,02,0.0,15.334695,2.9031036,1974
8768,r4i1p1f1,1974,01,03,0.0,14.134687,2.2969203,1974
8769,r4i1p1f1,1974,01,04,8.575441179073096,12.178702,1.7207541,1974
8770,r4i1p1f1,1974,01,05,7.038726767723347,7.353434,1.7036664,1974
8771,r4i1p1f1,1974,01,06,0.0,9.554985,0.49383438,1974
8772,r4i1p1f1,1974,01,07,0.0,11.1883745,0.29347637,1974
8773,r4i1p1f1,1974,01,08,1.0183885884398336,10.291777,3.0933275,1974
8774,r4i1p1f1,1974,01,09,0.0,10.506663,3.106742,1974
8775,r4i1p1f1,1974,01,10,0.0,12.243013,3.0810862,1974
8776,r4i1p1f1,1974,01,11,0.0,15.236623,4.23332,1974
8777,r4i1p1f1,1974,01,12,0.7952968213203349,14.198517,3.3589451,1974
8778,r4i1p1f1,1974,01,13,30.442303012569027,10.91074,3.8870218,1974
8779,r4i1p1f1,1974,01,14,7.052254584360995,10.928495,2.2821202,1974
8780,r4i1p1f1,1974,01,15,31.651059591968078,8.421169,2.6023498,1974
8781,r4i1p1f1,1974,01,16,0.0,9.764637,-0.22526094,1974
8782,r4i1p1f1,1974,01,17,1.4084108062888845,6.5394807,-0.49208817,1974
8783,r4i1p1f1,1974,01,18,7.561629449151042,6.7944193,2.0320866,1974
8784,r4i1p1f1,1974,01,19,0.0,11.32594,0.53119403,1974
8785,r4i1p1f1,1974,01,20,0.0,10.430802,1.1957488,1974
8786,r4i1p1f1,1974,01,21,0.0,9.6772375,0.72344846,1974
8787,r4i1p1f1,1974,01,22,0.0,10.898846,3.597877,1974
8788,r4i1p1f1,1974,01,23,0.0,10.196611,3.3244705,1974
8789,r4i1p1f1,1974,01,24,0.018297264853117667,9.4760475,4.340272,1974
8790,r4i1p1f1,1974,01,25,0.0,13.558236,1.1469985,1974
8791,r4i1p1f1,1974,01,26,0.0,13.06,-0.07832294,1974
8792,r4i1p1f1,1974,01,27,0.0,13.85027,1.4888812,1974
8793,r4i1p1f1,1974,01,28,12.861424563379842,11.428212,0.9538537,1974
8794,r4i1p1f1,1974,01,29,2.863701437195232,10.7512665,2.4993534,1974
8795,r4i1p1f1,1974,01,30,0.7384484888831366,12.554539,2.1534586,1974
8796,r4i1p1f1,1974,01,31,12.985818946549443,8.490807,2.8068182,1974
8797,r4i1p1f1,1974,02,01,26.596860530844424,8.6289425,3.1987195,1974
8798,r4i1p1f1,1974,02,02,4.329064009411354,10.450538,1.6999575,1974
8799,r4i1p1f1,1974,02,03,0.052389475081326964,7.9020367,1.8489192,1974
8800,r4i1p1f1,1974,02,04,18.496601986498717,7.9997005,-0.025048785,1974
8801,r4i1p1f1,1974,02,05,17.35944423408,7.915899,1.4756023,1974
8802,r4i1p1f1,1974,02,06,0.05741551498772424,11.067083,1.2665839,1974
8803,r4i1p1f1,1974,02,07,0.0012381908959469001,10.97637,-0.19040081,1974
8804,r4i1p1f1,1974,02,08,0.0,11.111431,-0.397767,1974
8805,r4i1p1f1,1974,02,09,0.0,12.204887,0.08838558,1974
8806,r4i1p1f1,1974,02,10,0.0,11.994845,0.46137154,1974
8807,r4i1p1f1,1974,02,11,0.0,12.900007,0.94258755,1974
8808,r4i1p1f1,1974,02,12,0.0,12.334555,2.895159,1974
8809,r4i1p1f1,1974,02,13,2.021191147224499,7.7230053,2.303118,1974
8810,r4i1p1f1,1974,02,14,0.29013721634925105,11.081309,4.063941,1974
8811,r4i1p1f1,1974,02,15,0.0,14.679382,1.7415708,1974
8812,r4i1p1f1,1974,02,16,0.0,16.487076,3.0671523,1974
8813,r4i1p1f1,1974,02,17,0.0,17.44491,3.2436354,1974
8814,r4i1p1f1,1974,02,18,0.0,16.99864,3.343296,1974
8815,r4i1p1f1,1974,02,19,0.0,18.434061,5.1978693,1974
8816,r4i1p1f1,1974,02,20,0.0,17.46213,3.5471196,1974
8817,r4i1p1f1,1974,02,21,0.08277700849248504,14.644821,3.2609015,1974
8818,r4i1p1f1,1974,02,22,17.272905137542693,8.402427,2.0323956,1974
8819,r4i1p1f1,1974,02,23,4.842825055447975,7.633082,-0.506172,1974
8820,r4i1p1f1,1974,02,24,1.7835137380359356,9.0934515,-0.62527305,1974
8821,r4i1p1f1,1974,02,25,2.4943315437056413,8.68575,0.20432907,1974
8822,r4i1p1f1,1974,02,26,0.0,11.682931,3.5087543,1974
8823,r4i1p1f1,1974,02,27,0.0,14.050187,0.4961748,1974
8824,r4i1p1f1,1974,02,28,0.0,14.865522,2.0070207,1974
8825,r4i1p1f1,1974,03,01,0.0,14.909417,-0.26653782,1974
8826,r4i1p1f1,1974,03,02,0.0,15.55866,0.11158684,1974
8827,r4i1p1f1,1974,03,03,0.0,16.030298,1.2153566,1974
8828,r4i1p1f1,1974,03,04,28.01413562592643,4.8530645,0.33728027,1974
8829,r4i1p1f1,1974,03,05,5.048921092921432,6.538292,-1.5243746,1974
8830,r4i1p1f1,1974,03,06,0.006379787919286173,11.012523,-2.6910748,1974
8831,r4i1p1f1,1974,03,07,0.0,9.697459,-3.7837498,1974
8832,r4i1p1f1,1974,03,08,0.0,12.616133,-0.50993645,1974
8833,r4i1p1f1,1974,03,09,0.0,13.091649,0.7319017,1974
8834,r4i1p1f1,1974,03,10,0.0,13.894658,2.768486,1974
8835,r4i1p1f1,1974,03,11,0.0,15.668391,1.1495745,1974
8836,r4i1p1f1,1974,03,12,1.7811849259146584,13.173504,-0.05078406,1974
8837,r4i1p1f1,1974,03,13,8.08165153423488,10.082662,4.0485597,1974
8838,r4i1p1f1,1974,03,14,0.0,15.44194,2.3633704,1974
8839,r4i1p1f1,1974,03,15,0.0,17.046545,0.839173,1974
8840,r4i1p1f1,1974,03,16,0.0,17.274126,2.2980423,1974
8841,r4i1p1f1,1974,03,17,0.0,16.648693,2.2568605,1974
8842,r4i1p1f1,1974,03,18,0.0,17.565989,2.2787507,1974
8843,r4i1p1f1,1974,03,19,4.028989625152235,14.085529,0.9791885,1974
8844,r4i1p1f1,1974,03,20,18.10079353144829,10.563645,3.6242354,1974
8845,r4i1p1f1,1974,03,21,0.0,12.623122,2.474776,1974
8846,r4i1p1f1,1974,03,22,0.2854078730706533,10.23383,3.345676,1974
8847,r4i1p1f1,1974,03,23,0.8111803168802112,10.046822,4.7995853,1974
8848,r4i1p1f1,1974,03,24,2.6551513586383635,16.796516,0.23479573,1974
8849,r4i1p1f1,1974,03,25,0.0,19.163353,3.7902288,1974
8850,r4i1p1f1,1974,03,26,0.0,16.836388,3.4861748,1974
8851,r4i1p1f1,1974,03,27,0.0,17.233053,0.98681706,1974
8852,r4i1p1f1,1974,03,28,0.0,17.558386,2.6433864,1974
8853,r4i1p1f1,1974,03,29,0.0,19.458748,2.6198485,1974
8854,r4i1p1f1,1974,03,30,0.0,23.118755,4.001126,1974
8855,r4i1p1f1,1974,03,31,0.0,23.807613,5.994555,1974
8856,r4i1p1f1,1974,04,01,0.0,19.1608,5.0622387,1974
8857,r4i1p1f1,1974,04,02,1.065927747117712,11.651829,0.33115318,1974
8858,r4i1p1f1,1974,04,03,0.0,15.952316,2.9103627,1974
8859,r4i1p1f1,1974,04,04,0.0,20.377121,3.8729143,1974
8860,r4i1p1f1,1974,04,05,0.0,20.800974,5.18567,1974
8861,r4i1p1f1,1974,04,06,0.0,21.457865,5.4146075,1974
8862,r4i1p1f1,1974,04,07,0.0,21.690361,5.4336076,1974
8863,r4i1p1f1,1974,04,08,0.0,20.919504,5.575686,1974
8864,r4i1p1f1,1974,04,09,0.0,22.581356,5.889375,1974
8865,r4i1p1f1,1974,04,10,0.0,25.505653,7.47868,1974
8866,r4i1p1f1,1974,04,11,0.0,29.724922,9.604852,1974
8867,r4i1p1f1,1974,04,12,0.0,29.07076,10.549593,1974
8868,r4i1p1f1,1974,04,13,0.0,28.266186,9.772195,1974
8869,r4i1p1f1,1974,04,14,0.0,24.02829,5.84693,1974
8870,r4i1p1f1,1974,04,15,0.0,20.198101,0.32961294,1974
8871,r4i1p1f1,1974,04,16,0.0,20.302843,0.85337687,1974
8872,r4i1p1f1,1974,04,17,2.286210173915393,12.129416,-2.2148087,1974
8873,r4i1p1f1,1974,04,18,0.005015003716835054,15.514201,0.37646198,1974
8874,r4i1p1f1,1974,04,19,0.0,16.894869,1.4302434,1974
8875,r4i1p1f1,1974,04,20,0.0,20.112244,3.1928902,1974
8876,r4i1p1f1,1974,04,21,0.0,20.73568,3.463186,1974
8877,r4i1p1f1,1974,04,22,0.0,21.253841,4.5011773,1974
8878,r4i1p1f1,1974,04,23,0.0,21.6684,3.5819833,1974
8879,r4i1p1f1,1974,04,24,0.0,21.881876,5.3846874,1974
8880,r4i1p1f1,1974,04,25,18.148706105171186,16.703262,1.176068,1974
8881,r4i1p1f1,1974,04,26,28.202292991045397,12.21743,-1.4213755,1974
8882,r4i1p1f1,1974,04,27,0.0,19.49352,4.590985,1974
8883,r4i1p1f1,1974,04,28,0.03452864330029115,20.429388,5.401146,1974
8884,r4i1p1f1,1974,04,29,0.07255496849296605,17.910114,2.6947088,1974
8885,r4i1p1f1,1974,04,30,0.0,20.15467,3.795227,1974
8886,r4i1p1f1,1974,05,01,0.0,20.69358,4.3544745,1974
8887,r4i1p1f1,1974,05,02,4.07576795365685,15.301144,3.9056053,1974
8888,r4i1p1f1,1974,05,03,0.0,17.754515,5.542341,1974
8889,r4i1p1f1,1974,05,04,0.0,19.092537,4.259118,1974
8890,r4i1p1f1,1974,05,05,0.0,17.744709,5.5419154,1974
8891,r4i1p1f1,1974,05,06,1.6102544865759683,17.143963,4.855219,1974
8892,r4i1p1f1,1974,05,07,3.862246994680163,11.573054,3.8081288,1974
8893,r4i1p1f1,1974,05,08,0.5511848821242893,12.201216,-0.18507645,1974
8894,r4i1p1f1,1974,05,09,7.516132169718048,6.0799594,-1.4868332,1974
8895,r4i1p1f1,1974,05,10,0.08316617531818338,13.277348,2.3909268,1974
8896,r4i1p1f1,1974,05,11,0.0,18.478237,3.1178143,1974
8897,r4i1p1f1,1974,05,12,0.0,21.64543,4.942599,1974
8898,r4i1p1f1,1974,05,13,0.0,21.543373,5.89126,1974
8899,r4i1p1f1,1974,05,14,0.0,22.304344,6.400357,1974
8900,r4i1p1f1,1974,05,15,0.0,23.151926,6.346268,1974
8901,r4i1p1f1,1974,05,16,0.0,25.08877,7.650262,1974
8902,r4i1p1f1,1974,05,17,0.0,27.230492,9.07899,1974
8903,r4i1p1f1,1974,05,18,0.0,26.822844,9.723651,1974
8904,r4i1p1f1,1974,05,19,2.023881216064183,23.345257,5.847273,1974
8905,r4i1p1f1,1974,05,20,0.0,17.66045,3.5416973,1974
8906,r4i1p1f1,1974,05,21,0.4607498893051343,16.662827,8.083904,1974
8907,r4i1p1f1,1974,05,22,0.0,25.847097,8.209906,1974
8908,r4i1p1f1,1974,05,23,0.0,28.674469,8.949927,1974
8909,r4i1p1f1,1974,05,24,0.0,28.541422,10.035868,1974
8910,r4i1p1f1,1974,05,25,0.0,26.358236,9.381548,1974
8911,r4i1p1f1,1974,05,26,0.0,29.165236,8.850264,1974
8912,r4i1p1f1,1974,05,27,0.0,29.657206,12.175858,1974
8913,r4i1p1f1,1974,05,28,0.0,26.621359,8.019945,1974
8914,r4i1p1f1,1974,05,29,0.0,17.195875,5.3002787,1974
8915,r4i1p1f1,1974,05,30,0.0,19.670454,4.75294,1974
8916,r4i1p1f1,1974,05,31,0.0,19.075502,5.935058,1974
8917,r4i1p1f1,1974,06,01,0.0,20.452375,5.9477835,1974
8918,r4i1p1f1,1974,06,02,0.0,26.883888,6.8341384,1974
8919,r4i1p1f1,1974,06,03,0.0,32.87492,12.3703575,1974
8920,r4i1p1f1,1974,06,04,0.0,33.975056,13.441196,1974
8921,r4i1p1f1,1974,06,05,0.0,32.223118,12.415679,1974
8922,r4i1p1f1,1974,06,06,0.0,32.592125,11.053214,1974
8923,r4i1p1f1,1974,06,07,0.0,34.981464,13.882636,1974
8924,r4i1p1f1,1974,06,08,0.0,35.780746,15.208228,1974
8925,r4i1p1f1,1974,06,09,0.0,35.211433,14.736732,1974
8926,r4i1p1f1,1974,06,10,0.0,31.804613,12.101777,1974
8927,r4i1p1f1,1974,06,11,0.0,26.494793,8.186609,1974
8928,r4i1p1f1,1974,06,12,0.0,29.535574,10.429668,1974
8929,r4i1p1f1,1974,06,13,0.0,32.175022,11.579406,1974
8930,r4i1p1f1,1974,06,14,0.0,33.340984,13.674974,1974
8931,r4i1p1f1,1974,06,15,0.0,34.62678,15.7329445,1974
8932,r4i1p1f1,1974,06,16,0.0026764688300318085,34.21027,15.02517,1974
8933,r4i1p1f1,1974,06,17,0.0,32.182354,13.306557,1974
8934,r4i1p1f1,1974,06,18,0.0,27.629372,9.711217,1974
8935,r4i1p1f1,1974,06,19,0.0,26.361002,8.491416,1974
8936,r4i1p1f1,1974,06,20,0.0,26.282108,7.697897,1974
8937,r4i1p1f1,1974,06,21,0.0,25.811832,7.394259,1974
8938,r4i1p1f1,1974,06,22,0.0,26.142372,9.69556,1974
8939,r4i1p1f1,1974,06,23,0.016306177349179052,25.250038,8.434044,1974
8940,r4i1p1f1,1974,06,24,0.40360378008017506,24.384207,7.4776187,1974
8941,r4i1p1f1,1974,06,25,1.1486851388411878,27.193857,9.807995,1974
8942,r4i1p1f1,1974,06,26,10.92943162885831,28.175587,11.257073,1974
8943,r4i1p1f1,1974,06,27,0.8877831821791915,29.373026,9.77356,1974
8944,r4i1p1f1,1974,06,28,0.0,31.363853,13.874482,1974
8945,r4i1p1f1,1974,06,29,0.0,32.95275,14.960275,1974
8946,r4i1p1f1,1974,06,30,0.0,33.815365,15.313976,1974
8947,r4i1p1f1,1974,07,01,0.0,34.497036,14.730747,1974
8948,r4i1p1f1,1974,07,02,0.0,33.883625,13.82734,1974
8949,r4i1p1f1,1974,07,03,0.0,34.687534,14.938823,1974
8950,r4i1p1f1,1974,07,04,0.0,36.966938,16.548103,1974
8951,r4i1p1f1,1974,07,05,0.0,37.861073,16.542376,1974
8952,r4i1p1f1,1974,07,06,0.0,36.77043,15.874064,1974
8953,r4i1p1f1,1974,07,07,0.0,35.373684,14.982058,1974
8954,r4i1p1f1,1974,07,08,0.0,33.49623,13.78989,1974
8955,r4i1p1f1,1974,07,09,0.0,32.440987,13.056144,1974
8956,r4i1p1f1,1974,07,10,0.10816028916451614,32.784695,14.959344,1974
8957,r4i1p1f1,1974,07,11,0.0,31.33986,13.474872,1974
8958,r4i1p1f1,1974,07,12,0.0,32.54556,15.257572,1974
8959,r4i1p1f1,1974,07,13,0.0,33.590996,15.277851,1974
8960,r4i1p1f1,1974,07,14,0.0,35.485756,17.052608,1974
8961,r4i1p1f1,1974,07,15,0.0,36.56151,16.929033,1974
8962,r4i1p1f1,1974,07,16,0.0,36.456417,15.906762,1974
8963,r4i1p1f1,1974,07,17,0.0,36.526676,16.0597,1974
8964,r4i1p1f1,1974,07,18,0.0,36.40473,15.951202,1974
8965,r4i1p1f1,1974,07,19,0.0,35.07125,14.582668,1974
8966,r4i1p1f1,1974,07,20,0.0,34.44915,14.179653,1974
8967,r4i1p1f1,1974,07,21,0.0,34.09073,14.933858,1974
8968,r4i1p1f1,1974,07,22,0.0,33.94209,15.110524,1974
8969,r4i1p1f1,1974,07,23,0.0,33.55683,15.122733,1974
8970,r4i1p1f1,1974,07,24,0.0,32.779106,14.056641,1974
8971,r4i1p1f1,1974,07,25,0.0,34.530243,15.047012,1974
8972,r4i1p1f1,1974,07,26,0.0,35.92711,17.285065,1974
8973,r4i1p1f1,1974,07,27,0.042649286922369356,36.18084,18.75563,1974
8974,r4i1p1f1,1974,07,28,0.0,37.361965,18.888878,1974
8975,r4i1p1f1,1974,07,29,0.0,37.415928,18.933844,1974
8976,r4i1p1f1,1974,07,30,0.02623227669005246,37.662006,18.53381,1974
8977,r4i1p1f1,1974,07,31,0.0,38.12092,18.854834,1974
8978,r4i1p1f1,1974,08,01,0.0,37.94765,19.029556,1974
8979,r4i1p1f1,1974,08,02,0.0,39.00329,20.596497,1974
8980,r4i1p1f1,1974,08,03,0.0,38.44443,20.412651,1974
8981,r4i1p1f1,1974,08,04,0.0,38.27354,19.866951,1974
8982,r4i1p1f1,1974,08,05,0.010610672025279655,37.13535,18.221718,1974
8983,r4i1p1f1,1974,08,06,0.0,33.211903,13.990286,1974
8984,r4i1p1f1,1974,08,07,0.0,32.399826,13.703527,1974
8985,r4i1p1f1,1974,08,08,0.0,33.975452,14.947971,1974
8986,r4i1p1f1,1974,08,09,0.0,34.20311,14.440784,1974
8987,r4i1p1f1,1974,08,10,0.0,33.697784,16.227182,1974
8988,r4i1p1f1,1974,08,11,0.0,33.7249,15.81563,1974
8989,r4i1p1f1,1974,08,12,0.0,32.98939,15.58214,1974
8990,r4i1p1f1,1974,08,13,0.0,32.13008,13.708958,1974
8991,r4i1p1f1,1974,08,14,0.0,31.663021,12.908588,1974
8992,r4i1p1f1,1974,08,15,0.0,31.861738,12.716317,1974
8993,r4i1p1f1,1974,08,16,0.0,33.086964,14.346965,1974
8994,r4i1p1f1,1974,08,17,0.0,33.667828,14.906684,1974
8995,r4i1p1f1,1974,08,18,0.0,33.088154,15.107472,1974
8996,r4i1p1f1,1974,08,19,0.0,30.440132,13.036591,1974
8997,r4i1p1f1,1974,08,20,0.0,31.526558,13.628231,1974
8998,r4i1p1f1,1974,08,21,0.0,31.360474,14.3533125,1974
8999,r4i1p1f1,1974,08,22,0.0,30.880798,12.922629,1974
9000,r4i1p1f1,1974,08,23,0.0,31.47068,12.799578,1974
9001,r4i1p1f1,1974,08,24,0.0,30.006416,11.731937,1974
9002,r4i1p1f1,1974,08,25,0.0,30.825857,11.231407,1974
9003,r4i1p1f1,1974,08,26,0.0,31.256186,12.187758,1974
9004,r4i1p1f1,1974,08,27,0.0,30.192223,10.687182,1974
9005,r4i1p1f1,1974,08,28,0.0,30.129158,10.482958,1974
9006,r4i1p1f1,1974,08,29,0.0,32.721523,14.036728,1974
9007,r4i1p1f1,1974,08,30,0.0,32.132908,15.600924,1974
9008,r4i1p1f1,1974,08,31,0.0,32.859306,14.89189,1974
9009,r4i1p1f1,1974,09,01,0.0,34.64197,17.4831,1974
9010,r4i1p1f1,1974,09,02,0.0,34.600163,16.62104,1974
9011,r4i1p1f1,1974,09,03,0.0,35.537315,18.647282,1974
9012,r4i1p1f1,1974,09,04,0.0,36.46782,18.320738,1974
9013,r4i1p1f1,1974,09,05,0.0,36.684635,20.2462,1974
9014,r4i1p1f1,1974,09,06,4.199599341727378,33.89069,17.789457,1974
9015,r4i1p1f1,1974,09,07,0.0,33.570576,17.801771,1974
9016,r4i1p1f1,1974,09,08,0.0,31.048702,15.377275,1974
9017,r4i1p1f1,1974,09,09,0.0,32.62057,15.052819,1974
9018,r4i1p1f1,1974,09,10,0.0,32.543274,16.209192,1974
9019,r4i1p1f1,1974,09,11,0.0,31.223972,14.20264,1974
9020,r4i1p1f1,1974,09,12,0.0,32.37921,15.811852,1974
9021,r4i1p1f1,1974,09,13,0.0,33.042694,15.842625,1974
9022,r4i1p1f1,1974,09,14,0.0,32.75523,17.226873,1974
9023,r4i1p1f1,1974,09,15,0.0,30.423845,14.732204,1974
9024,r4i1p1f1,1974,09,16,0.0,28.975477,12.961279,1974
9025,r4i1p1f1,1974,09,17,0.0,33.011456,14.175943,1974
9026,r4i1p1f1,1974,09,18,0.0,33.059406,16.185856,1974
9027,r4i1p1f1,1974,09,19,0.0,35.15074,16.500122,1974
9028,r4i1p1f1,1974,09,20,0.0,34.648884,18.128654,1974
9029,r4i1p1f1,1974,09,21,0.0,31.452894,15.460761,1974
9030,r4i1p1f1,1974,09,22,0.0,28.357136,10.728804,1974
9031,r4i1p1f1,1974,09,23,0.0,27.74097,9.488332,1974
9032,r4i1p1f1,1974,09,24,0.0,29.784891,11.367637,1974
9033,r4i1p1f1,1974,09,25,0.0,31.76807,12.649686,1974
9034,r4i1p1f1,1974,09,26,7.762619134155102e-05,32.204372,15.34993,1974
9035,r4i1p1f1,1974,09,27,0.8003426531558944,30.505941,15.805191,1974
9036,r4i1p1f1,1974,09,28,1.1191260892246646,30.833845,15.14289,1974
9037,r4i1p1f1,1974,09,29,0.11516675845086866,29.102749,14.9814,1974
9038,r4i1p1f1,1974,09,30,0.0,26.258974,13.533212,1974
9039,r4i1p1f1,1974,10,01,0.0,27.563086,12.477342,1974
9040,r4i1p1f1,1974,10,02,0.0,27.349363,11.801192,1974
9041,r4i1p1f1,1974,10,03,0.0,26.913805,11.532107,1974
9042,r4i1p1f1,1974,10,04,0.0,24.468998,12.030315,1974
9043,r4i1p1f1,1974,10,05,0.04753492976306006,22.658268,8.313216,1974
9044,r4i1p1f1,1974,10,06,0.0,26.821564,7.343282,1974
9045,r4i1p1f1,1974,10,07,0.0,26.857567,10.934137,1974
9046,r4i1p1f1,1974,10,08,0.0,25.430994,9.500645,1974
9047,r4i1p1f1,1974,10,09,0.0,26.66033,10.323734,1974
9048,r4i1p1f1,1974,10,10,0.0,29.772614,11.980099,1974
9049,r4i1p1f1,1974,10,11,0.0,28.30206,9.662984,1974
9050,r4i1p1f1,1974,10,12,0.0,28.715227,9.1660385,1974
9051,r4i1p1f1,1974,10,13,0.0,29.581451,11.493138,1974
9052,r4i1p1f1,1974,10,14,0.0,25.197441,8.512727,1974
9053,r4i1p1f1,1974,10,15,0.0,26.076685,7.7666245,1974
9054,r4i1p1f1,1974,10,16,0.0,24.555132,7.04362,1974
9055,r4i1p1f1,1974,10,17,0.0,25.235752,7.962827,1974
9056,r4i1p1f1,1974,10,18,0.0,27.416887,10.445667,1974
9057,r4i1p1f1,1974,10,19,0.0,29.611032,10.561909,1974
9058,r4i1p1f1,1974,10,20,0.0,30.12347,12.041975,1974
9059,r4i1p1f1,1974,10,21,0.0,31.19435,11.446009,1974
9060,r4i1p1f1,1974,10,22,0.0,31.020761,11.682756,1974
9061,r4i1p1f1,1974,10,23,0.0,25.451702,10.391744,1974
9062,r4i1p1f1,1974,10,24,0.0,15.524479,1.7727513,1974
9063,r4i1p1f1,1974,10,25,0.0,15.027827,3.8827887,1974
9064,r4i1p1f1,1974,10,26,0.0,18.755133,3.0090423,1974
9065,r4i1p1f1,1974,10,27,0.0,22.752226,5.2071857,1974
9066,r4i1p1f1,1974,10,28,0.0,23.654383,7.0313363,1974
9067,r4i1p1f1,1974,10,29,0.0,24.620779,7.9225135,1974
9068,r4i1p1f1,1974,10,30,0.0,25.27639,9.300878,1974
9069,r4i1p1f1,1974,10,31,0.0,21.924782,5.5655026,1974
9070,r4i1p1f1,1974,11,01,0.0,20.493,3.8370144,1974
9071,r4i1p1f1,1974,11,02,0.0,20.589348,5.471577,1974
9072,r4i1p1f1,1974,11,03,3.381534051364099,10.984725,-1.7101179,1974
9073,r4i1p1f1,1974,11,04,5.884000654100419,7.2829394,-2.2521746,1974
9074,r4i1p1f1,1974,11,05,0.204530258952218,7.1778436,-4.058867,1974
9075,r4i1p1f1,1974,11,06,0.0047390616146003595,9.18586,-2.7476563,1974
9076,r4i1p1f1,1974,11,07,0.754833504885255,8.49796,0.2078869,1974
9077,r4i1p1f1,1974,11,08,9.044271823950112,12.424951,4.256926,1974
9078,r4i1p1f1,1974,11,09,0.0,12.247624,1.94367,1974
9079,r4i1p1f1,1974,11,10,0.0,13.9929695,0.21013801,1974
9080,r4i1p1f1,1974,11,11,0.0,13.968784,0.96238667,1974
9081,r4i1p1f1,1974,11,12,0.0,12.212445,0.17106353,1974
9082,r4i1p1f1,1974,11,13,16.315587913163654,13.356515,3.213265,1974
9083,r4i1p1f1,1974,11,14,63.75782718096161,11.25228,4.364053,1974
9084,r4i1p1f1,1974,11,15,44.57347411225783,10.377474,-0.5811536,1974
9085,r4i1p1f1,1974,11,16,0.0,8.546764,-0.46865872,1974
9086,r4i1p1f1,1974,11,17,0.0,11.180194,-1.2048402,1974
9087,r4i1p1f1,1974,11,18,0.0,11.21236,0.3151776,1974
9088,r4i1p1f1,1974,11,19,0.0,13.216313,0.62945384,1974
9089,r4i1p1f1,1974,11,20,0.0,17.93802,0.05317884,1974
9090,r4i1p1f1,1974,11,21,0.0,18.44303,0.18517452,1974
9091,r4i1p1f1,1974,11,22,0.0,19.023422,0.8219507,1974
9092,r4i1p1f1,1974,11,23,0.0,21.040066,2.2832205,1974
9093,r4i1p1f1,1974,11,24,0.0,21.743483,5.337239,1974
9094,r4i1p1f1,1974,11,25,0.0,23.17435,5.714884,1974
9095,r4i1p1f1,1974,11,26,0.0,23.557003,5.4903326,1974
9096,r4i1p1f1,1974,11,27,0.0,22.44966,4.438929,1974
9097,r4i1p1f1,1974,11,28,0.0,20.528168,3.2612877,1974
9098,r4i1p1f1,1974,11,29,0.0,16.618212,2.3438768,1974
9099,r4i1p1f1,1974,11,30,0.0,13.869835,-2.1517751,1974
9100,r4i1p1f1,1974,12,01,0.0,12.811798,0.8706267,1974
9101,r4i1p1f1,1974,12,02,0.0,12.832437,1.0861939,1974
9102,r4i1p1f1,1974,12,03,0.0,12.530556,3.4416769,1974
9103,r4i1p1f1,1974,12,04,0.0,12.664477,1.2622006,1974
9104,r4i1p1f1,1974,12,05,0.8372488741770212,12.229998,1.0843718,1974
9105,r4i1p1f1,1974,12,06,42.63320637182915,8.042652,2.5785906,1974
9106,r4i1p1f1,1974,12,07,53.50944138049272,7.1695776,-0.034969702,1974
9107,r4i1p1f1,1974,12,08,0.0,8.456217,-2.818446,1974
9108,r4i1p1f1,1974,12,09,23.00451635040872,7.5238733,3.1940653,1974
9109,r4i1p1f1,1974,12,10,4.674513338295583,9.511379,4.2244496,1974
9110,r4i1p1f1,1974,12,11,0.6483901707724726,9.427897,4.4926224,1974
9111,r4i1p1f1,1974,12,12,11.558005465985843,9.262283,4.480985,1974
9112,r4i1p1f1,1974,12,13,5.59533278235449,8.962727,4.0329165,1974
9113,r4i1p1f1,1974,12,14,2.312512798374655,12.336343,4.1769037,1974
9114,r4i1p1f1,1974,12,15,36.94183169827738,14.832584,3.2783418,1974
9115,r4i1p1f1,1974,12,16,0.0,8.803177,-1.7134817,1974
9116,r4i1p1f1,1974,12,17,0.0,6.186289,-1.7263938,1974
9117,r4i1p1f1,1974,12,18,0.40762929869515574,6.784003,-0.14379862,1974
9118,r4i1p1f1,1974,12,19,0.04835437948713661,11.908995,2.3375795,1974
9119,r4i1p1f1,1974,12,20,0.0,14.36584,3.0828936,1974
9120,r4i1p1f1,1974,12,21,0.0,14.483266,3.2593067,1974
9121,r4i1p1f1,1974,12,22,0.0,14.582354,3.5249834,1974
9122,r4i1p1f1,1974,12,23,0.024815357414809114,15.21458,4.421615,1974
9123,r4i1p1f1,1974,12,24,0.0,10.239587,-0.9208531,1974
9124,r4i1p1f1,1974,12,25,0.0,9.280056,-2.169792,1974
9125,r4i1p1f1,1974,12,26,0.0,5.009842,-6.4801817,1974
9126,r4i1p1f1,1974,12,27,0.0,5.0939417,-6.216874,1974
9127,r4i1p1f1,1974,12,28,0.0,6.700324,-5.243229,1974
9128,r4i1p1f1,1974,12,29,0.0,12.079922,-0.3429244,1974
9129,r4i1p1f1,1974,12,30,0.0,14.754308,2.735879,1974
9130,r4i1p1f1,1974,12,31,0.0,15.39008,2.7578497,1974
9131,r4i1p1f1,1975,01,01,0.0,15.375648,2.9763937,1975
9132,r4i1p1f1,1975,01,02,0.0,15.326518,2.3821564,1975
9133,r4i1p1f1,1975,01,03,0.0,16.540462,2.9928102,1975
9134,r4i1p1f1,1975,01,04,0.0,15.254635,2.01491,1975
9135,r4i1p1f1,1975,01,05,2.021612884919932,13.187282,1.0029687,1975
9136,r4i1p1f1,1975,01,06,0.058997951543915406,6.612501,-2.630959,1975
9137,r4i1p1f1,1975,01,07,0.0,4.489614,-8.054626,1975
9138,r4i1p1f1,1975,01,08,0.9138378356283283,3.7744455,-7.3891635,1975
9139,r4i1p1f1,1975,01,09,4.513326198764389,7.01273,-2.47065,1975
9140,r4i1p1f1,1975,01,10,0.0,11.000203,1.5107284,1975
9141,r4i1p1f1,1975,01,11,0.0,11.277541,-0.3499264,1975
9142,r4i1p1f1,1975,01,12,0.0,16.178516,2.7399154,1975
9143,r4i1p1f1,1975,01,13,0.0,18.15725,3.8835194,1975
9144,r4i1p1f1,1975,01,14,0.0,17.3796,4.259367,1975
9145,r4i1p1f1,1975,01,15,0.0,16.205713,3.338302,1975
9146,r4i1p1f1,1975,01,16,0.0,15.0416155,2.3258357,1975
9147,r4i1p1f1,1975,01,17,0.0,15.829483,2.474102,1975
9148,r4i1p1f1,1975,01,18,0.0,14.987104,1.7908039,1975
9149,r4i1p1f1,1975,01,19,0.0,12.968202,0.08348942,1975
9150,r4i1p1f1,1975,01,20,0.0,13.470516,1.0380423,1975
9151,r4i1p1f1,1975,01,21,0.0,12.667034,0.5378678,1975
9152,r4i1p1f1,1975,01,22,0.0,13.701747,0.11254141,1975
9153,r4i1p1f1,1975,01,23,0.0,12.202285,0.7282932,1975
9154,r4i1p1f1,1975,01,24,0.0,11.77215,0.2426067,1975
9155,r4i1p1f1,1975,01,25,1.2065403457171442,8.055904,0.9463197,1975
9156,r4i1p1f1,1975,01,26,9.312814782742862,7.403982,-0.7795623,1975
9157,r4i1p1f1,1975,01,27,1.608334567606562,5.7063007,-2.9557455,1975
9158,r4i1p1f1,1975,01,28,17.95902312405815,5.845764,0.8711106,1975
9159,r4i1p1f1,1975,01,29,24.896214005275397,10.339303,2.6413326,1975
9160,r4i1p1f1,1975,01,30,0.0,10.543925,4.616504,1975
9161,r4i1p1f1,1975,01,31,0.0,11.538051,2.3192031,1975
9162,r4i1p1f1,1975,02,01,0.02645868280524155,10.734615,3.5327132,1975
9163,r4i1p1f1,1975,02,02,0.024642707398925268,11.000019,0.9870619,1975
9164,r4i1p1f1,1975,02,03,0.011320848147988727,8.896252,-1.7257407,1975
9165,r4i1p1f1,1975,02,04,0.0,6.8247943,-5.1379833,1975
9166,r4i1p1f1,1975,02,05,0.0,12.661013,0.71683234,1975
9167,r4i1p1f1,1975,02,06,0.0,12.884703,1.1069338,1975
9168,r4i1p1f1,1975,02,07,0.0,13.735344,0.4767181,1975
9169,r4i1p1f1,1975,02,08,0.0,14.694429,0.7788877,1975
9170,r4i1p1f1,1975,02,09,0.0,12.987972,0.20596361,1975
9171,r4i1p1f1,1975,02,10,0.0,12.088948,-0.92426425,1975
9172,r4i1p1f1,1975,02,11,0.0,6.4099145,-8.370895,1975
9173,r4i1p1f1,1975,02,12,0.0,9.353367,-6.426791,1975
9174,r4i1p1f1,1975,02,13,0.0,14.186062,-1.3373061,1975
9175,r4i1p1f1,1975,02,14,0.0,16.60222,1.3732898,1975
9176,r4i1p1f1,1975,02,15,0.0,18.277496,2.1082487,1975
9177,r4i1p1f1,1975,02,16,0.0,18.502296,3.6100302,1975
9178,r4i1p1f1,1975,02,17,0.0,18.764257,4.0448446,1975
9179,r4i1p1f1,1975,02,18,0.0,18.356388,3.6449106,1975
9180,r4i1p1f1,1975,02,19,0.6322035039175944,14.95898,2.2578425,1975
9181,r4i1p1f1,1975,02,20,0.0,14.864024,1.5163114,1975
9182,r4i1p1f1,1975,02,21,0.0,15.807556,2.607686,1975
9183,r4i1p1f1,1975,02,22,0.006611006892853766,15.074609,4.2626476,1975
9184,r4i1p1f1,1975,02,23,0.0,11.988506,-0.8149116,1975
9185,r4i1p1f1,1975,02,24,0.0,16.022644,0.7370861,1975
9186,r4i1p1f1,1975,02,25,0.0,17.65619,3.0220728,1975
9187,r4i1p1f1,1975,02,26,0.0,17.122934,2.6047761,1975
9188,r4i1p1f1,1975,02,27,0.0,16.343306,2.254511,1975
9189,r4i1p1f1,1975,02,28,0.0,19.13524,3.904959,1975
9190,r4i1p1f1,1975,03,01,0.0,20.081272,3.6625087,1975
9191,r4i1p1f1,1975,03,02,0.0,20.271559,5.5472956,1975
9192,r4i1p1f1,1975,03,03,0.0,20.213228,5.7234573,1975
9193,r4i1p1f1,1975,03,04,0.0,18.71152,5.48305,1975
9194,r4i1p1f1,1975,03,05,0.0,19.222757,4.8608212,1975
9195,r4i1p1f1,1975,03,06,0.7199344403318264,13.257477,0.72809416,1975
9196,r4i1p1f1,1975,03,07,0.0,13.428248,4.208748,1975
9197,r4i1p1f1,1975,03,08,1.3240631696078253,12.369617,3.9401197,1975
9198,r4i1p1f1,1975,03,09,0.02183439961527256,14.322826,6.026993,1975
9199,r4i1p1f1,1975,03,10,0.0,17.03254,4.192852,1975
9200,r4i1p1f1,1975,03,11,0.1549225162023049,16.986397,3.3327093,1975
9201,r4i1p1f1,1975,03,12,0.0925083651964087,14.286096,5.244373,1975
9202,r4i1p1f1,1975,03,13,0.024824939373502275,14.233028,4.7972445,1975
9203,r4i1p1f1,1975,03,14,0.0,12.461219,5.2520885,1975
9204,r4i1p1f1,1975,03,15,0.01996539110677986,11.162261,2.2584405,1975
9205,r4i1p1f1,1975,03,16,0.0,16.019917,1.1933823,1975
9206,r4i1p1f1,1975,03,17,0.0,17.402458,0.16637209,1975
9207,r4i1p1f1,1975,03,18,0.0,17.884346,0.75672317,1975
9208,r4i1p1f1,1975,03,19,0.0,20.143526,3.1005297,1975
9209,r4i1p1f1,1975,03,20,0.0,21.70895,3.5444455,1975
9210,r4i1p1f1,1975,03,21,0.0,19.516205,3.7721367,1975
9211,r4i1p1f1,1975,03,22,0.0,17.477549,2.95246,1975
9212,r4i1p1f1,1975,03,23,0.07579615394206485,15.00165,-0.90008205,1975
9213,r4i1p1f1,1975,03,24,0.0,15.940497,0.9849484,1975
9214,r4i1p1f1,1975,03,25,10.189323277882067,11.796839,-1.7213786,1975
9215,r4i1p1f1,1975,03,26,11.508064195913903,6.2802386,-3.0171788,1975
9216,r4i1p1f1,1975,03,27,5.205301706894261,4.408737,-7.4928174,1975
9217,r4i1p1f1,1975,03,28,8.599913460921016,5.225621,-3.5193021,1975
9218,r4i1p1f1,1975,03,29,0.0,11.494447,-5.5699296,1975
9219,r4i1p1f1,1975,03,30,0.0,13.814619,-3.013976,1975
9220,r4i1p1f1,1975,03,31,0.0,14.944402,1.0851814,1975
9221,r4i1p1f1,1975,04,01,0.0,15.17598,2.014648,1975
9222,r4i1p1f1,1975,04,02,13.99936224315752,8.4763775,1.7744681,1975
9223,r4i1p1f1,1975,04,03,0.0,9.710445,3.8047094,1975
9224,r4i1p1f1,1975,04,04,1.7624974667739934,8.510064,0.14556561,1975
9225,r4i1p1f1,1975,04,05,23.339062639934127,5.661257,0.84348863,1975
9226,r4i1p1f1,1975,04,06,0.0,11.720915,-1.613583,1975
9227,r4i1p1f1,1975,04,07,0.0017643052160565276,13.596596,0.76452637,1975
9228,r4i1p1f1,1975,04,08,12.536663070477516,8.984179,-0.6744909,1975
9229,r4i1p1f1,1975,04,09,0.0,15.242497,-0.05072546,1975
9230,r4i1p1f1,1975,04,10,0.0,19.249645,2.4252682,1975
9231,r4i1p1f1,1975,04,11,0.0,20.469673,3.963889,1975
9232,r4i1p1f1,1975,04,12,6.797186937922106,14.634404,-0.24214268,1975
9233,r4i1p1f1,1975,04,13,1.8388676997574294,9.204502,0.38173163,1975
9234,r4i1p1f1,1975,04,14,1.0667839781717703,11.007874,-1.0695956,1975
9235,r4i1p1f1,1975,04,15,0.0,14.76925,0.01658572,1975
9236,r4i1p1f1,1975,04,16,0.0,18.14302,2.163628,1975
9237,r4i1p1f1,1975,04,17,0.0,17.257969,4.6097965,1975
9238,r4i1p1f1,1975,04,18,16.421210710814194,10.487687,-4.324997,1975
9239,r4i1p1f1,1975,04,19,0.0,8.992371,-4.4173975,1975
9240,r4i1p1f1,1975,04,20,0.0,15.007811,0.059906535,1975
9241,r4i1p1f1,1975,04,21,0.0,18.997269,1.5101104,1975
9242,r4i1p1f1,1975,04,22,0.0,20.712748,3.3164656,1975
9243,r4i1p1f1,1975,04,23,0.0,20.666964,4.895609,1975
9244,r4i1p1f1,1975,04,24,0.0,22.94535,6.547346,1975
9245,r4i1p1f1,1975,04,25,0.06266826167120598,23.795876,6.648402,1975
9246,r4i1p1f1,1975,04,26,0.0,23.598475,7.430254,1975
9247,r4i1p1f1,1975,04,27,3.225401526049154,19.877329,3.9164705,1975
9248,r4i1p1f1,1975,04,28,5.771485680634214,16.39501,0.46838415,1975
9249,r4i1p1f1,1975,04,29,0.8791850915258692,17.598885,2.3578722,1975
9250,r4i1p1f1,1975,04,30,32.54499202139414,16.61621,3.4628236,1975
9251,r4i1p1f1,1975,05,01,0.0,19.774317,4.1904655,1975
9252,r4i1p1f1,1975,05,02,0.0,20.11908,4.769144,1975
9253,r4i1p1f1,1975,05,03,0.0,21.661186,7.4899273,1975
9254,r4i1p1f1,1975,05,04,0.14053381644316687,19.374031,6.0895195,1975
9255,r4i1p1f1,1975,05,05,2.8405312999410626,15.7057,0.7227882,1975
9256,r4i1p1f1,1975,05,06,0.0,19.127684,4.552538,1975
9257,r4i1p1f1,1975,05,07,0.036118816933594644,18.272636,5.658645,1975
9258,r4i1p1f1,1975,05,08,0.13712149038838106,15.957821,5.484823,1975
9259,r4i1p1f1,1975,05,09,0.0,18.248363,5.569518,1975
9260,r4i1p1f1,1975,05,10,0.0,21.192081,5.1119604,1975
9261,r4i1p1f1,1975,05,11,0.0,20.711067,7.396063,1975
9262,r4i1p1f1,1975,05,12,9.944708626505872,14.597698,3.2895548,1975
9263,r4i1p1f1,1975,05,13,9.138976350914163,11.286689,2.7375674,1975
9264,r4i1p1f1,1975,05,14,0.49592321983595866,14.934062,2.0685658,1975
9265,r4i1p1f1,1975,05,15,11.337478912082588,13.830036,3.2410185,1975
9266,r4i1p1f1,1975,05,16,0.63467703267861,15.033018,6.9530144,1975
9267,r4i1p1f1,1975,05,17,0.11658422117193368,22.378338,6.063254,1975
9268,r4i1p1f1,1975,05,18,9.708646132605736,19.301435,3.5215793,1975
9269,r4i1p1f1,1975,05,19,0.0,27.225317,8.400691,1975
9270,r4i1p1f1,1975,05,20,1.1828033367976332,21.88986,6.3966455,1975
9271,r4i1p1f1,1975,05,21,1.1425228866777104,21.741096,6.0221786,1975
9272,r4i1p1f1,1975,05,22,1.6211998619724,12.896491,0.23274258,1975
9273,r4i1p1f1,1975,05,23,0.0,14.260197,2.236329,1975
9274,r4i1p1f1,1975,05,24,0.0,19.948557,2.7415955,1975
9275,r4i1p1f1,1975,05,25,0.0,23.797672,6.0502796,1975
9276,r4i1p1f1,1975,05,26,0.0,23.168648,7.6192245,1975
9277,r4i1p1f1,1975,05,27,5.023356925255484,17.280863,7.6600933,1975
9278,r4i1p1f1,1975,05,28,1.7846173105994012,15.35529,5.410569,1975
9279,r4i1p1f1,1975,05,29,1.001276592202771,17.518057,5.904383,1975
9280,r4i1p1f1,1975,05,30,4.238781723563534,18.154613,5.8570375,1975
9281,r4i1p1f1,1975,05,31,0.0,20.393194,10.565816,1975
9282,r4i1p1f1,1975,06,01,1.6246462391336536,20.356047,8.805358,1975
9283,r4i1p1f1,1975,06,02,5.14043800114905,20.930414,8.851755,1975
9284,r4i1p1f1,1975,06,03,0.1950897624247716,24.082726,8.583043,1975
9285,r4i1p1f1,1975,06,04,0.0,26.158699,9.688291,1975
9286,r4i1p1f1,1975,06,05,0.2522161102433529,26.111042,9.153024,1975
9287,r4i1p1f1,1975,06,06,0.033951737259485526,25.312065,10.928091,1975
9288,r4i1p1f1,1975,06,07,0.29005214632888965,23.786282,9.6694145,1975
9289,r4i1p1f1,1975,06,08,0.5849840510109061,21.289587,9.156643,1975
9290,r4i1p1f1,1975,06,09,0.5983605127198643,21.22465,7.9517484,1975
9291,r4i1p1f1,1975,06,10,0.5035921209127991,21.62731,7.3743844,1975
9292,r4i1p1f1,1975,06,11,2.8675429724899004,20.559118,4.6567736,1975
9293,r4i1p1f1,1975,06,12,0.0024772149345153593,24.347599,7.429148,1975
9294,r4i1p1f1,1975,06,13,0.0,28.695456,10.678928,1975
9295,r4i1p1f1,1975,06,14,0.0,32.62559,14.029933,1975
9296,r4i1p1f1,1975,06,15,0.0,34.945206,15.560414,1975
9297,r4i1p1f1,1975,06,16,0.0,33.745407,14.040343,1975
9298,r4i1p1f1,1975,06,17,0.0,30.9041,11.808277,1975
9299,r4i1p1f1,1975,06,18,0.0,30.979788,12.740029,1975
9300,r4i1p1f1,1975,06,19,0.05314589143381454,31.237226,12.51614,1975
9301,r4i1p1f1,1975,06,20,0.0,29.040731,11.930984,1975
9302,r4i1p1f1,1975,06,21,0.0,29.656158,11.758544,1975
9303,r4i1p1f1,1975,06,22,0.0,30.047495,11.809233,1975
9304,r4i1p1f1,1975,06,23,0.0,29.421377,10.913227,1975
9305,r4i1p1f1,1975,06,24,0.0,28.322496,10.765743,1975
9306,r4i1p1f1,1975,06,25,0.0,29.026041,10.13158,1975
9307,r4i1p1f1,1975,06,26,0.0,29.796556,11.822023,1975
9308,r4i1p1f1,1975,06,27,0.0,27.770567,9.415598,1975
9309,r4i1p1f1,1975,06,28,0.0,22.572071,5.7905784,1975
9310,r4i1p1f1,1975,06,29,3.3705135139939557,17.993582,4.4684167,1975
9311,r4i1p1f1,1975,06,30,0.0,25.903996,7.965985,1975
9312,r4i1p1f1,1975,07,01,0.0,29.380331,9.528561,1975
9313,r4i1p1f1,1975,07,02,0.0,29.724667,12.088186,1975
9314,r4i1p1f1,1975,07,03,0.0,29.74662,9.754275,1975
9315,r4i1p1f1,1975,07,04,0.0,28.45773,11.618139,1975
9316,r4i1p1f1,1975,07,05,0.0,28.481441,9.96148,1975
9317,r4i1p1f1,1975,07,06,0.0,31.00961,10.452671,1975
9318,r4i1p1f1,1975,07,07,0.0,29.722664,10.267392,1975
9319,r4i1p1f1,1975,07,08,0.0,27.6073,9.650438,1975
9320,r4i1p1f1,1975,07,09,0.0,31.39586,12.045544,1975
9321,r4i1p1f1,1975,07,10,0.0,31.45854,13.874615,1975
9322,r4i1p1f1,1975,07,11,0.0,30.870365,13.195843,1975
9323,r4i1p1f1,1975,07,12,0.0,30.25613,10.891239,1975
9324,r4i1p1f1,1975,07,13,0.0,29.194798,10.58168,1975
9325,r4i1p1f1,1975,07,14,0.0,28.886902,10.019011,1975
9326,r4i1p1f1,1975,07,15,0.0,29.083292,9.674907,1975
9327,r4i1p1f1,1975,07,16,0.0,24.221003,6.900414,1975
9328,r4i1p1f1,1975,07,17,0.0,26.841225,8.509255,1975
9329,r4i1p1f1,1975,07,18,0.0,28.262367,9.73343,1975
9330,r4i1p1f1,1975,07,19,0.7784563382983833,30.957222,14.848714,1975
9331,r4i1p1f1,1975,07,20,4.684469656058354,28.807869,12.329077,1975
9332,r4i1p1f1,1975,07,21,0.22132621979835676,28.967064,12.636566,1975
9333,r4i1p1f1,1975,07,22,0.0,26.345171,9.303936,1975
9334,r4i1p1f1,1975,07,23,0.0,24.456612,8.192547,1975
9335,r4i1p1f1,1975,07,24,0.0,25.328087,8.646082,1975
9336,r4i1p1f1,1975,07,25,0.0,26.736006,9.482624,1975
9337,r4i1p1f1,1975,07,26,0.0,27.905327,10.132411,1975
9338,r4i1p1f1,1975,07,27,0.0,25.710968,9.127885,1975
9339,r4i1p1f1,1975,07,28,0.0,24.402113,8.497092,1975
9340,r4i1p1f1,1975,07,29,1.0082086574755067,26.80999,10.591483,1975
9341,r4i1p1f1,1975,07,30,0.0028731215934385546,29.010162,10.708734,1975
9342,r4i1p1f1,1975,07,31,0.0,29.030966,11.581349,1975
9343,r4i1p1f1,1975,08,01,0.0,29.686348,10.146675,1975
9344,r4i1p1f1,1975,08,02,0.0,28.927639,9.445896,1975
9345,r4i1p1f1,1975,08,03,0.0,30.290947,12.212468,1975
9346,r4i1p1f1,1975,08,04,0.0,30.5456,13.0112505,1975
9347,r4i1p1f1,1975,08,05,0.0,28.183886,10.778495,1975
9348,r4i1p1f1,1975,08,06,0.0,27.6381,9.898007,1975
9349,r4i1p1f1,1975,08,07,0.0,29.657938,11.719302,1975
9350,r4i1p1f1,1975,08,08,0.0,30.069588,12.468182,1975
9351,r4i1p1f1,1975,08,09,0.0,30.363914,12.394302,1975
9352,r4i1p1f1,1975,08,10,0.0,29.859535,12.105632,1975
9353,r4i1p1f1,1975,08,11,0.0,28.961958,11.219601,1975
9354,r4i1p1f1,1975,08,12,0.0,27.926477,9.334616,1975
9355,r4i1p1f1,1975,08,13,0.0,26.863869,8.831585,1975
9356,r4i1p1f1,1975,08,14,0.0,28.082664,10.527088,1975
9357,r4i1p1f1,1975,08,15,0.0,30.56859,11.952065,1975
9358,r4i1p1f1,1975,08,16,0.0,30.807058,13.294518,1975
9359,r4i1p1f1,1975,08,17,0.0,31.242,13.029798,1975
9360,r4i1p1f1,1975,08,18,0.0,31.369808,12.805239,1975
9361,r4i1p1f1,1975,08,19,0.0,31.039297,11.5112915,1975
9362,r4i1p1f1,1975,08,20,0.0,29.841148,11.855953,1975
9363,r4i1p1f1,1975,08,21,0.0,28.663187,11.363186,1975
9364,r4i1p1f1,1975,08,22,0.0,27.089928,8.105985,1975
9365,r4i1p1f1,1975,08,23,0.0,25.991898,7.487965,1975
9366,r4i1p1f1,1975,08,24,0.0,25.918983,7.49097,1975
9367,r4i1p1f1,1975,08,25,0.0,26.375296,8.673635,1975
9368,r4i1p1f1,1975,08,26,0.0,26.485897,7.172591,1975
9369,r4i1p1f1,1975,08,27,0.0,24.832726,6.6618896,1975
9370,r4i1p1f1,1975,08,28,0.0,23.73056,5.0946746,1975
9371,r4i1p1f1,1975,08,29,0.0,24.676779,4.415049,1975
9372,r4i1p1f1,1975,08,30,0.0,30.142408,11.094664,1975
9373,r4i1p1f1,1975,08,31,0.0,32.40394,12.751685,1975
9374,r4i1p1f1,1975,09,01,0.0,36.012627,15.651591,1975
9375,r4i1p1f1,1975,09,02,0.0,36.559406,18.119673,1975
9376,r4i1p1f1,1975,09,03,0.0,36.07895,17.680754,1975
9377,r4i1p1f1,1975,09,04,0.0,33.409653,17.184816,1975
9378,r4i1p1f1,1975,09,05,0.036923929974364,30.184517,15.521068,1975
9379,r4i1p1f1,1975,09,06,0.0,28.107439,12.134489,1975
9380,r4i1p1f1,1975,09,07,0.0,26.955803,10.58439,1975
9381,r4i1p1f1,1975,09,08,0.0,29.905155,12.023843,1975
9382,r4i1p1f1,1975,09,09,0.0,30.068825,13.362668,1975
9383,r4i1p1f1,1975,09,10,0.0,29.588985,12.275893,1975
9384,r4i1p1f1,1975,09,11,0.0,29.535156,12.187914,1975
9385,r4i1p1f1,1975,09,12,0.5654803399359309,24.746681,7.492457,1975
9386,r4i1p1f1,1975,09,13,0.0,21.158339,5.0854635,1975
9387,r4i1p1f1,1975,09,14,0.0,26.13503,7.832111,1975
9388,r4i1p1f1,1975,09,15,0.0,26.406855,10.158901,1975
9389,r4i1p1f1,1975,09,16,0.0,29.126984,10.807843,1975
9390,r4i1p1f1,1975,09,17,0.0,30.433115,13.509587,1975
9391,r4i1p1f1,1975,09,18,0.0,31.519741,14.692274,1975
9392,r4i1p1f1,1975,09,19,0.0,32.717026,14.20705,1975
9393,r4i1p1f1,1975,09,20,0.0,34.88593,14.532915,1975
9394,r4i1p1f1,1975,09,21,0.0,34.696716,14.845605,1975
9395,r4i1p1f1,1975,09,22,0.0,32.72338,14.231299,1975
9396,r4i1p1f1,1975,09,23,0.0,31.87579,13.268585,1975
9397,r4i1p1f1,1975,09,24,0.0,33.099953,16.362215,1975
9398,r4i1p1f1,1975,09,25,0.0,29.012936,10.475713,1975
9399,r4i1p1f1,1975,09,26,0.0,15.490309,1.7746588,1975
9400,r4i1p1f1,1975,09,27,0.0,14.030996,1.2026262,1975
9401,r4i1p1f1,1975,09,28,0.0,13.730114,0.35899326,1975
9402,r4i1p1f1,1975,09,29,0.0,18.378365,1.1714859,1975
9403,r4i1p1f1,1975,09,30,0.0,18.539814,1.8282958,1975
9404,r4i1p1f1,1975,10,01,0.0,21.088129,2.9923196,1975
9405,r4i1p1f1,1975,10,02,0.0,24.444672,5.2796307,1975
9406,r4i1p1f1,1975,10,03,0.0,27.512438,8.126022,1975
9407,r4i1p1f1,1975,10,04,0.0,28.165018,9.195576,1975
9408,r4i1p1f1,1975,10,05,0.0,27.517271,9.090499,1975
9409,r4i1p1f1,1975,10,06,0.0,26.943113,9.165794,1975
9410,r4i1p1f1,1975,10,07,0.0,26.352371,7.9731655,1975
9411,r4i1p1f1,1975,10,08,0.0,22.075308,6.04596,1975
9412,r4i1p1f1,1975,10,09,0.0,20.881392,6.612542,1975
9413,r4i1p1f1,1975,10,10,0.0,25.095634,7.5869656,1975
9414,r4i1p1f1,1975,10,11,0.0,30.493124,11.125575,1975
9415,r4i1p1f1,1975,10,12,0.0,29.763933,11.908469,1975
9416,r4i1p1f1,1975,10,13,0.0,31.049845,11.6118355,1975
9417,r4i1p1f1,1975,10,14,0.0,29.238447,10.96806,1975
9418,r4i1p1f1,1975,10,15,0.0,28.407925,9.019531,1975
9419,r4i1p1f1,1975,10,16,0.0,24.485327,7.4107413,1975
9420,r4i1p1f1,1975,10,17,0.0,23.588745,7.0987983,1975
9421,r4i1p1f1,1975,10,18,18.256303134603513,19.321966,6.8865337,1975
9422,r4i1p1f1,1975,10,19,1.4498014748710375,11.128868,0.21722597,1975
9423,r4i1p1f1,1975,10,20,0.0,13.282539,-0.16780847,1975
9424,r4i1p1f1,1975,10,21,0.6070904837315538,12.968966,1.7553757,1975
9425,r4i1p1f1,1975,10,22,0.24595106976335046,17.855751,5.383435,1975
9426,r4i1p1f1,1975,10,23,0.0,16.83633,3.0884857,1975
9427,r4i1p1f1,1975,10,24,0.0,20.539925,7.763892,1975
9428,r4i1p1f1,1975,10,25,0.0,19.90328,5.08988,1975
9429,r4i1p1f1,1975,10,26,0.0,20.394691,5.150999,1975
9430,r4i1p1f1,1975,10,27,0.0,20.531263,7.3729835,1975
9431,r4i1p1f1,1975,10,28,0.0,19.708038,5.050495,1975
9432,r4i1p1f1,1975,10,29,0.0,17.846142,2.6999211,1975
9433,r4i1p1f1,1975,10,30,0.0,17.143242,3.059745,1975
9434,r4i1p1f1,1975,10,31,0.0,19.585188,3.8515368,1975
9435,r4i1p1f1,1975,11,01,0.0,25.203167,7.9461093,1975
9436,r4i1p1f1,1975,11,02,0.0,24.82189,8.674181,1975
9437,r4i1p1f1,1975,11,03,0.0,24.160301,7.3487124,1975
9438,r4i1p1f1,1975,11,04,0.0,22.759346,5.8274355,1975
9439,r4i1p1f1,1975,11,05,0.0,22.181335,4.542472,1975
9440,r4i1p1f1,1975,11,06,0.0,20.874783,3.8901732,1975
9441,r4i1p1f1,1975,11,07,0.0,20.35365,3.656031,1975
9442,r4i1p1f1,1975,11,08,0.0,21.703325,4.4704685,1975
9443,r4i1p1f1,1975,11,09,0.0,20.341139,7.210823,1975
9444,r4i1p1f1,1975,11,10,0.0,18.538448,6.1612763,1975
9445,r4i1p1f1,1975,11,11,0.0,18.520012,3.572478,1975
9446,r4i1p1f1,1975,11,12,0.0,17.596937,4.1500115,1975
9447,r4i1p1f1,1975,11,13,0.0,16.494411,4.2042084,1975
9448,r4i1p1f1,1975,11,14,0.0,17.538723,4.4018307,1975
9449,r4i1p1f1,1975,11,15,0.0,17.413078,2.920628,1975
9450,r4i1p1f1,1975,11,16,1.376992011614675,15.216716,6.264085,1975
9451,r4i1p1f1,1975,11,17,1.613918851802154,13.649525,2.0821893,1975
9452,r4i1p1f1,1975,11,18,1.0236017478405302,10.737679,0.08135997,1975
9453,r4i1p1f1,1975,11,19,0.0,13.3482065,-0.69868827,1975
9454,r4i1p1f1,1975,11,20,0.0,14.43835,0.64316887,1975
9455,r4i1p1f1,1975,11,21,0.0,18.346245,0.1575267,1975
9456,r4i1p1f1,1975,11,22,0.0,21.432014,2.453166,1975
9457,r4i1p1f1,1975,11,23,0.0,21.523125,3.2193136,1975
9458,r4i1p1f1,1975,11,24,0.0,20.470701,2.6062117,1975
9459,r4i1p1f1,1975,11,25,0.0,19.54548,1.9795418,1975
9460,r4i1p1f1,1975,11,26,0.0,18.587605,2.1807697,1975
9461,r4i1p1f1,1975,11,27,0.0,16.496412,2.9775295,1975
9462,r4i1p1f1,1975,11,28,1.9939672427710775,14.866784,5.109014,1975
9463,r4i1p1f1,1975,11,29,0.0,15.0360985,1.2386372,1975
9464,r4i1p1f1,1975,11,30,0.0,17.308426,0.72799784,1975
9465,r4i1p1f1,1975,12,01,4.170805046578607,18.36032,6.9168644,1975
9466,r4i1p1f1,1975,12,02,2.501536769352697,11.525073,3.5887194,1975
9467,r4i1p1f1,1975,12,03,0.0,12.991999,1.9356387,1975
9468,r4i1p1f1,1975,12,04,0.0,14.120372,1.1786722,1975
9469,r4i1p1f1,1975,12,05,0.0,15.818427,2.343612,1975
9470,r4i1p1f1,1975,12,06,0.0,16.32981,2.4466197,1975
9471,r4i1p1f1,1975,12,07,0.0,17.196003,3.464364,1975
9472,r4i1p1f1,1975,12,08,0.0,17.525253,4.8337684,1975
9473,r4i1p1f1,1975,12,09,0.0,18.353811,4.6917853,1975
9474,r4i1p1f1,1975,12,10,0.0,20.192291,6.0771537,1975
9475,r4i1p1f1,1975,12,11,0.0,19.735714,6.181338,1975
9476,r4i1p1f1,1975,12,12,0.0,18.37672,4.589286,1975
9477,r4i1p1f1,1975,12,13,0.0,18.096214,4.7611823,1975
9478,r4i1p1f1,1975,12,14,0.0,17.531013,4.34149,1975
9479,r4i1p1f1,1975,12,15,0.0,17.19059,3.25652,1975
9480,r4i1p1f1,1975,12,16,0.0,15.272759,2.240443,1975
9481,r4i1p1f1,1975,12,17,0.0,14.411218,-0.22966416,1975
9482,r4i1p1f1,1975,12,18,0.0,4.237691,-10.486732,1975
9483,r4i1p1f1,1975,12,19,0.0,6.389114,-7.2240124,1975
9484,r4i1p1f1,1975,12,20,0.0,6.9913354,-6.7293224,1975
9485,r4i1p1f1,1975,12,21,0.0,10.155055,-3.8334482,1975
9486,r4i1p1f1,1975,12,22,0.0,9.216892,-1.2211298,1975
9487,r4i1p1f1,1975,12,23,0.015615417055414582,7.79335,0.2706482,1975
9488,r4i1p1f1,1975,12,24,0.006817597579811263,7.617715,-2.2704997,1975
9489,r4i1p1f1,1975,12,25,0.0,7.874928,0.6100857,1975
9490,r4i1p1f1,1975,12,26,38.42239508885541,10.055097,1.8394119,1975
9491,r4i1p1f1,1975,12,27,0.0,8.886638,3.82804,1975
9492,r4i1p1f1,1975,12,28,19.298833939046744,9.225029,3.7877192,1975
9493,r4i1p1f1,1975,12,29,10.53859645016928,10.950144,3.101321,1975
9494,r4i1p1f1,1975,12,30,0.0,11.768787,4.334894,1975
9495,r4i1p1f1,1975,12,31,0.0,14.421436,3.0635078,1975
9496,r4i1p1f1,1976,01,01,0.0,16.163574,4.1980343,1976
9497,r4i1p1f1,1976,01,02,4.189758908069052,10.557499,1.3345721,1976
9498,r4i1p1f1,1976,01,03,47.99557487349375,13.162023,2.4382663,1976
9499,r4i1p1f1,1976,01,04,19.850908243279264,5.7740383,-3.1459064,1976
9500,r4i1p1f1,1976,01,05,0.0,4.9846454,-5.702677,1976
9501,r4i1p1f1,1976,01,06,0.020373862277267563,5.853755,-5.9883137,1976
9502,r4i1p1f1,1976,01,07,17.49917769930107,7.3049936,-1.7411855,1976
9503,r4i1p1f1,1976,01,08,0.0,9.420666,3.1114137,1976
9504,r4i1p1f1,1976,01,09,0.0,12.490209,-0.68698287,1976
9505,r4i1p1f1,1976,01,10,0.0,12.498547,0.698206,1976
9506,r4i1p1f1,1976,01,11,0.0,13.955983,1.4010067,1976
9507,r4i1p1f1,1976,01,12,0.0,13.926485,4.178086,1976
9508,r4i1p1f1,1976,01,13,0.0,13.468983,3.203144,1976
9509,r4i1p1f1,1976,01,14,0.0,11.987416,1.9571891,1976
9510,r4i1p1f1,1976,01,15,0.0,12.049483,1.9037633,1976
9511,r4i1p1f1,1976,01,16,0.0,11.723639,1.4259973,1976
9512,r4i1p1f1,1976,01,17,0.0,14.28353,0.8172443,1976
9513,r4i1p1f1,1976,01,18,0.0,15.669338,2.507002,1976
9514,r4i1p1f1,1976,01,19,0.0,15.1311455,2.8082967,1976
9515,r4i1p1f1,1976,01,20,0.0,16.263033,3.2496488,1976
9516,r4i1p1f1,1976,01,21,0.0,14.768099,3.910024,1976
9517,r4i1p1f1,1976,01,22,9.639663637898366,11.594332,1.2771533,1976
9518,r4i1p1f1,1976,01,23,22.270928776924848,13.932128,2.770185,1976
9519,r4i1p1f1,1976,01,24,5.403771887677067,11.071823,-0.18745798,1976
9520,r4i1p1f1,1976,01,25,0.0,7.6414356,-3.0090387,1976
9521,r4i1p1f1,1976,01,26,0.4386157000055846,7.7601547,-2.96871,1976
9522,r4i1p1f1,1976,01,27,2.8026447029560586,9.766716,1.2345918,1976
9523,r4i1p1f1,1976,01,28,1.4815643858071326,8.892071,-0.5898832,1976
9524,r4i1p1f1,1976,01,29,0.16910116572717016,8.793012,-4.01982,1976
9525,r4i1p1f1,1976,01,30,0.0,2.9903123,-8.809989,1976
9526,r4i1p1f1,1976,01,31,0.0,3.6483912,-7.679098,1976
9527,r4i1p1f1,1976,02,01,0.0,8.286321,-3.7868407,1976
9528,r4i1p1f1,1976,02,02,0.0,13.103705,-0.21483612,1976
9529,r4i1p1f1,1976,02,03,0.0,14.252655,1.3265057,1976
9530,r4i1p1f1,1976,02,04,0.010259695591230411,13.497501,1.7843293,1976
9531,r4i1p1f1,1976,02,05,0.0,13.879394,1.0486281,1976
9532,r4i1p1f1,1976,02,06,0.0,14.76748,2.5976908,1976
9533,r4i1p1f1,1976,02,07,0.0,14.017893,2.4791842,1976
9534,r4i1p1f1,1976,02,08,0.0,16.1015,1.6622268,1976
9535,r4i1p1f1,1976,02,09,0.0,17.375402,3.4394777,1976
9536,r4i1p1f1,1976,02,10,0.0,18.432743,3.6443143,1976
9537,r4i1p1f1,1976,02,11,0.0,18.564009,3.7197354,1976
9538,r4i1p1f1,1976,02,12,0.0,18.58764,3.94915,1976
9539,r4i1p1f1,1976,02,13,0.0,16.373436,2.6664717,1976
9540,r4i1p1f1,1976,02,14,0.0,16.411095,1.8894429,1976
9541,r4i1p1f1,1976,02,15,0.0,14.654873,0.343585,1976
9542,r4i1p1f1,1976,02,16,0.0,15.238973,0.5339629,1976
9543,r4i1p1f1,1976,02,17,0.0,15.247267,1.405434,1976
9544,r4i1p1f1,1976,02,18,0.0,16.32616,1.8334516,1976
9545,r4i1p1f1,1976,02,19,0.0,16.654596,2.2891026,1976
9546,r4i1p1f1,1976,02,20,0.0,16.924408,2.0342321,1976
9547,r4i1p1f1,1976,02,21,0.0,17.403124,2.9882028,1976
9548,r4i1p1f1,1976,02,22,0.0,16.933144,1.6746585,1976
9549,r4i1p1f1,1976,02,23,0.0,12.319832,-2.1969793,1976
9550,r4i1p1f1,1976,02,24,0.0,7.598788,-7.970358,1976
9551,r4i1p1f1,1976,02,25,0.0,7.9977593,-5.9993463,1976
9552,r4i1p1f1,1976,02,26,0.0,13.165831,-0.96665645,1976
9553,r4i1p1f1,1976,02,27,0.0,14.293513,-0.12454006,1976
9554,r4i1p1f1,1976,02,28,0.0,13.813206,0.33548942,1976
9555,r4i1p1f1,1976,02,29,5.429660279685322,13.546785,1.4795408,1976
9556,r4i1p1f1,1976,03,01,0.0,13.131296,-1.8578464,1976
9557,r4i1p1f1,1976,03,02,0.0,16.124777,-0.4543945,1976
9558,r4i1p1f1,1976,03,03,0.0,16.374165,0.57643723,1976
9559,r4i1p1f1,1976,03,04,3.604135668302888,12.705182,-1.2582408,1976
9560,r4i1p1f1,1976,03,05,5.566962979241907,6.0291123,-6.620888,1976
9561,r4i1p1f1,1976,03,06,1.4511922324750515,4.9850163,-2.9593358,1976
9562,r4i1p1f1,1976,03,07,6.71113136850181,6.650107,-4.4007998,1976
9563,r4i1p1f1,1976,03,08,7.959625110785851,4.281809,-8.399959,1976
9564,r4i1p1f1,1976,03,09,10.127609948131067,4.6323276,-11.170246,1976
9565,r4i1p1f1,1976,03,10,0.0030049281122046523,8.447141,-7.177935,1976
9566,r4i1p1f1,1976,03,11,0.0,10.245221,-4.4420695,1976
9567,r4i1p1f1,1976,03,12,0.0,10.753232,-0.8662716,1976
9568,r4i1p1f1,1976,03,13,15.78126839340257,11.598308,-1.3616754,1976
9569,r4i1p1f1,1976,03,14,0.0,9.637386,-3.594318,1976
9570,r4i1p1f1,1976,03,15,1.4631419316998517,9.925851,-1.1665128,1976
9571,r4i1p1f1,1976,03,16,27.101754723116755,8.162355,0.64496803,1976
9572,r4i1p1f1,1976,03,17,0.0,11.273212,-1.3420609,1976
9573,r4i1p1f1,1976,03,18,0.0,12.864093,-0.25863844,1976
9574,r4i1p1f1,1976,03,19,0.0,13.251234,1.1993597,1976
9575,r4i1p1f1,1976,03,20,0.0,18.093739,0.94640213,1976
9576,r4i1p1f1,1976,03,21,0.0,20.408308,2.5038364,1976
9577,r4i1p1f1,1976,03,22,0.0,21.465494,3.6989431,1976
9578,r4i1p1f1,1976,03,23,0.004761369154948625,21.356228,4.830305,1976
9579,r4i1p1f1,1976,03,24,0.00014324420476441446,12.078427,-2.3810995,1976
9580,r4i1p1f1,1976,03,25,0.0,12.819677,0.71834844,1976
9581,r4i1p1f1,1976,03,26,0.07436641392928323,12.107036,1.2887181,1976
9582,r4i1p1f1,1976,03,27,0.0,14.719853,-0.7525481,1976
9583,r4i1p1f1,1976,03,28,0.0,16.806084,-0.21292813,1976
9584,r4i1p1f1,1976,03,29,0.0,17.456142,2.189061,1976
9585,r4i1p1f1,1976,03,30,0.7261046743280986,13.572264,0.57026774,1976
9586,r4i1p1f1,1976,03,31,2.0715724320837126,11.439263,1.8609093,1976
9587,r4i1p1f1,1976,04,01,26.40976398015482,11.609383,0.8966905,1976
9588,r4i1p1f1,1976,04,02,0.0,15.6122675,0.6179485,1976
9589,r4i1p1f1,1976,04,03,0.0,17.060272,1.0119956,1976
9590,r4i1p1f1,1976,04,04,0.0,16.998314,1.5372672,1976
9591,r4i1p1f1,1976,04,05,0.0,18.869581,4.6197147,1976
9592,r4i1p1f1,1976,04,06,0.0,20.738928,2.4935172,1976
9593,r4i1p1f1,1976,04,07,1.5322087908202775,15.852149,3.2187505,1976
9594,r4i1p1f1,1976,04,08,0.5029994175544061,15.260256,1.7174838,1976
9595,r4i1p1f1,1976,04,09,0.0,17.570137,4.6325026,1976
9596,r4i1p1f1,1976,04,10,0.0,19.809826,5.1883497,1976
9597,r4i1p1f1,1976,04,11,0.0,20.305506,5.7429886,1976
9598,r4i1p1f1,1976,04,12,22.605585136261652,14.5414715,2.0155284,1976
9599,r4i1p1f1,1976,04,13,8.861598876069365,11.508581,1.0428538,1976
9600,r4i1p1f1,1976,04,14,2.591458342584474,11.421881,4.0317564,1976
9601,r4i1p1f1,1976,04,15,11.701784862638931,11.794788,-0.67902625,1976
9602,r4i1p1f1,1976,04,16,0.0,16.072165,6.421827,1976
9603,r4i1p1f1,1976,04,17,21.126254118462384,13.522914,5.193316,1976
9604,r4i1p1f1,1976,04,18,0.45682941333780036,15.233684,2.742479,1976
9605,r4i1p1f1,1976,04,19,34.99419306499476,12.913363,3.00148,1976
9606,r4i1p1f1,1976,04,20,0.7898077410004589,11.969377,0.38907468,1976
9607,r4i1p1f1,1976,04,21,0.0,18.70385,2.5596356,1976
9608,r4i1p1f1,1976,04,22,0.0,22.58454,5.048426,1976
9609,r4i1p1f1,1976,04,23,0.0,23.40702,6.8056493,1976
9610,r4i1p1f1,1976,04,24,0.0,23.73391,7.5618024,1976
9611,r4i1p1f1,1976,04,25,0.0,21.474247,6.2992115,1976
9612,r4i1p1f1,1976,04,26,16.795021333973637,11.442184,-2.0377514,1976
9613,r4i1p1f1,1976,04,27,0.7528292264225911,13.794105,2.22293,1976
9614,r4i1p1f1,1976,04,28,3.3160030433180054,14.383327,3.1649902,1976
9615,r4i1p1f1,1976,04,29,0.0,16.955069,3.2257123,1976
9616,r4i1p1f1,1976,04,30,0.29491898592581833,15.871041,6.927632,1976
9617,r4i1p1f1,1976,05,01,6.004325231060648,11.766824,3.9012861,1976
9618,r4i1p1f1,1976,05,02,0.1098575945434277,18.093801,2.9283185,1976
9619,r4i1p1f1,1976,05,03,0.6186042498768529,17.62976,1.014634,1976
9620,r4i1p1f1,1976,05,04,0.7282588337602647,14.882786,2.475558,1976
9621,r4i1p1f1,1976,05,05,0.34544341807531964,15.390965,-0.064792365,1976
9622,r4i1p1f1,1976,05,06,2.497684294235114,16.42735,3.4657748,1976
9623,r4i1p1f1,1976,05,07,0.4375059200299347,20.678408,6.4420714,1976
9624,r4i1p1f1,1976,05,08,0.12915489153897397,23.786764,7.417911,1976
9625,r4i1p1f1,1976,05,09,0.0,24.69677,8.925693,1976
9626,r4i1p1f1,1976,05,10,2.49945942111367,21.438639,6.027502,1976
9627,r4i1p1f1,1976,05,11,1.9351269391336245,17.280949,1.7683339,1976
9628,r4i1p1f1,1976,05,12,0.0,17.93498,2.9182558,1976
9629,r4i1p1f1,1976,05,13,0.0,21.431929,4.28815,1976
9630,r4i1p1f1,1976,05,14,0.0,21.737993,5.3325677,1976
9631,r4i1p1f1,1976,05,15,0.0,21.295536,8.667572,1976
9632,r4i1p1f1,1976,05,16,0.029822652004440897,15.036445,6.47647,1976
9633,r4i1p1f1,1976,05,17,0.03564080070646014,17.260914,7.473318,1976
9634,r4i1p1f1,1976,05,18,0.021065446526336018,21.829735,6.36107,1976
9635,r4i1p1f1,1976,05,19,0.27663298408242554,23.882818,6.5837936,1976
9636,r4i1p1f1,1976,05,20,0.040674384581507184,24.964405,8.920802,1976
9637,r4i1p1f1,1976,05,21,0.3092117112714732,24.38341,7.611593,1976
9638,r4i1p1f1,1976,05,22,0.43251588030557286,21.360424,7.3811307,1976
9639,r4i1p1f1,1976,05,23,0.09261486106879602,19.607521,7.2328696,1976
9640,r4i1p1f1,1976,05,24,0.1402151617341474,19.909279,6.0320673,1976
9641,r4i1p1f1,1976,05,25,0.0,19.680256,5.0371413,1976
9642,r4i1p1f1,1976,05,26,5.0093792678922,17.89643,4.1130724,1976
9643,r4i1p1f1,1976,05,27,0.0,15.957441,4.1189733,1976
9644,r4i1p1f1,1976,05,28,0.8676440298302168,16.967657,3.489019,1976
9645,r4i1p1f1,1976,05,29,0.0,20.98957,3.560811,1976
9646,r4i1p1f1,1976,05,30,0.0,22.321297,5.300969,1976
9647,r4i1p1f1,1976,05,31,0.05893149191251723,21.961601,5.3934073,1976
9648,r4i1p1f1,1976,06,01,0.0,24.012072,6.1169243,1976
9649,r4i1p1f1,1976,06,02,1.5819156769111942,22.431343,4.9725633,1976
9650,r4i1p1f1,1976,06,03,8.023537952055904,18.460644,4.0525417,1976
9651,r4i1p1f1,1976,06,04,3.8844607283124333,14.632359,-1.0629174,1976
9652,r4i1p1f1,1976,06,05,0.4226887784682276,20.966373,4.234095,1976
9653,r4i1p1f1,1976,06,06,0.01958912871486973,25.00624,7.106461,1976
9654,r4i1p1f1,1976,06,07,0.0,25.207787,7.9382815,1976
9655,r4i1p1f1,1976,06,08,0.0,23.9253,7.138939,1976
9656,r4i1p1f1,1976,06,09,0.0,24.302998,5.596226,1976
9657,r4i1p1f1,1976,06,10,0.0,24.523354,7.783434,1976
9658,r4i1p1f1,1976,06,11,0.0,25.46736,7.950636,1976
9659,r4i1p1f1,1976,06,12,0.0,25.365324,8.842312,1976
9660,r4i1p1f1,1976,06,13,0.0,24.63256,8.280447,1976
9661,r4i1p1f1,1976,06,14,0.0,19.724104,6.653561,1976
9662,r4i1p1f1,1976,06,15,0.002440448201923573,23.679083,6.934101,1976
9663,r4i1p1f1,1976,06,16,0.0,28.98101,10.25624,1976
9664,r4i1p1f1,1976,06,17,0.0,32.424698,12.702302,1976
9665,r4i1p1f1,1976,06,18,0.0,32.38199,14.233351,1976
9666,r4i1p1f1,1976,06,19,0.0,32.270313,13.061371,1976
9667,r4i1p1f1,1976,06,20,0.0,30.541304,11.685045,1976
9668,r4i1p1f1,1976,06,21,0.0,29.505568,11.762726,1976
9669,r4i1p1f1,1976,06,22,0.0,29.8339,12.056614,1976
9670,r4i1p1f1,1976,06,23,0.0,29.805084,10.6717205,1976
9671,r4i1p1f1,1976,06,24,0.4309172558237151,30.416945,11.868153,1976
9672,r4i1p1f1,1976,06,25,0.7401862982248986,25.45327,8.825162,1976
9673,r4i1p1f1,1976,06,26,0.00018062240769722848,26.276506,10.418776,1976
9674,r4i1p1f1,1976,06,27,0.0,28.497702,10.407323,1976
9675,r4i1p1f1,1976,06,28,0.0007203147561085643,29.643303,12.312151,1976
9676,r4i1p1f1,1976,06,29,0.0,30.09217,13.095207,1976
9677,r4i1p1f1,1976,06,30,0.0,29.494022,12.559258,1976
9678,r4i1p1f1,1976,07,01,0.006207263686519582,29.361132,13.285058,1976
9679,r4i1p1f1,1976,07,02,0.0,26.391481,9.359905,1976
9680,r4i1p1f1,1976,07,03,0.0,26.764414,8.63226,1976
9681,r4i1p1f1,1976,07,04,0.0,30.294085,11.339909,1976
9682,r4i1p1f1,1976,07,05,0.0,30.601213,11.95853,1976
9683,r4i1p1f1,1976,07,06,0.0,33.36445,12.562145,1976
9684,r4i1p1f1,1976,07,07,0.0,33.68331,13.577295,1976
9685,r4i1p1f1,1976,07,08,0.0,32.946804,13.857021,1976
9686,r4i1p1f1,1976,07,09,0.1677259751886595,29.799082,12.289707,1976
9687,r4i1p1f1,1976,07,10,0.0,24.918373,9.572048,1976
9688,r4i1p1f1,1976,07,11,0.0,26.53277,9.53727,1976
9689,r4i1p1f1,1976,07,12,0.06708334997256316,27.912088,11.462178,1976
9690,r4i1p1f1,1976,07,13,0.0064575699070701376,27.872652,11.22352,1976
9691,r4i1p1f1,1976,07,14,0.0,28.942108,11.327364,1976
9692,r4i1p1f1,1976,07,15,0.0,28.627174,10.735298,1976
9693,r4i1p1f1,1976,07,16,0.0,29.14645,11.074931,1976
9694,r4i1p1f1,1976,07,17,0.002153856758013717,27.496298,10.203239,1976
9695,r4i1p1f1,1976,07,18,0.0,30.729042,13.862734,1976
9696,r4i1p1f1,1976,07,19,0.0,33.110394,14.447261,1976
9697,r4i1p1f1,1976,07,20,0.0,32.927864,16.332972,1976
9698,r4i1p1f1,1976,07,21,0.0,31.651798,13.284749,1976
9699,r4i1p1f1,1976,07,22,0.0,29.952583,11.920048,1976
9700,r4i1p1f1,1976,07,23,0.0,27.586891,10.327412,1976
9701,r4i1p1f1,1976,07,24,0.0,26.664932,8.051968,1976
9702,r4i1p1f1,1976,07,25,0.0,31.052467,12.009959,1976
9703,r4i1p1f1,1976,07,26,0.0,32.925236,13.352605,1976
9704,r4i1p1f1,1976,07,27,0.0,33.122234,14.247576,1976
9705,r4i1p1f1,1976,07,28,0.0,31.871525,13.174449,1976
9706,r4i1p1f1,1976,07,29,0.0,31.30733,12.664796,1976
9707,r4i1p1f1,1976,07,30,0.0,31.125053,12.740528,1976
9708,r4i1p1f1,1976,07,31,0.0,31.811167,13.773663,1976
9709,r4i1p1f1,1976,08,01,0.0,31.12272,12.790159,1976
9710,r4i1p1f1,1976,08,02,0.0,28.958794,8.709473,1976
9711,r4i1p1f1,1976,08,03,0.0,25.894554,6.948311,1976
9712,r4i1p1f1,1976,08,04,0.0,23.04052,5.138269,1976
9713,r4i1p1f1,1976,08,05,0.0,22.731764,5.4041147,1976
9714,r4i1p1f1,1976,08,06,0.0,24.418276,6.7474556,1976
9715,r4i1p1f1,1976,08,07,0.0,24.62412,6.5147405,1976
9716,r4i1p1f1,1976,08,08,0.0,28.93757,9.420345,1976
9717,r4i1p1f1,1976,08,09,0.0,32.625145,12.98851,1976
9718,r4i1p1f1,1976,08,10,0.0,35.78756,15.766695,1976
9719,r4i1p1f1,1976,08,11,0.0,35.85433,17.262733,1976
9720,r4i1p1f1,1976,08,12,0.0,34.50508,16.362972,1976
9721,r4i1p1f1,1976,08,13,0.0,33.2887,14.80367,1976
9722,r4i1p1f1,1976,08,14,0.0,32.02916,14.171627,1976
9723,r4i1p1f1,1976,08,15,0.0,31.08921,13.139082,1976
9724,r4i1p1f1,1976,08,16,0.0,29.635847,12.370875,1976
9725,r4i1p1f1,1976,08,17,0.0,28.32682,10.796772,1976
9726,r4i1p1f1,1976,08,18,0.0,26.311213,8.550487,1976
9727,r4i1p1f1,1976,08,19,0.0,30.323452,10.890772,1976
9728,r4i1p1f1,1976,08,20,0.0,31.031006,10.587622,1976
9729,r4i1p1f1,1976,08,21,0.0,29.69629,10.615696,1976
9730,r4i1p1f1,1976,08,22,0.0,21.745903,4.4900265,1976
9731,r4i1p1f1,1976,08,23,0.0,17.272856,0.9085812,1976
9732,r4i1p1f1,1976,08,24,0.0,19.49207,2.705212,1976
9733,r4i1p1f1,1976,08,25,0.0,22.265686,4.041909,1976
9734,r4i1p1f1,1976,08,26,0.0,22.659191,5.817755,1976
9735,r4i1p1f1,1976,08,27,0.0,18.745485,2.7471716,1976
9736,r4i1p1f1,1976,08,28,0.0,25.49121,5.293925,1976
9737,r4i1p1f1,1976,08,29,0.0,25.99275,9.09446,1976
9738,r4i1p1f1,1976,08,30,0.0,27.284748,9.862949,1976
9739,r4i1p1f1,1976,08,31,0.0,26.495014,8.437506,1976
9740,r4i1p1f1,1976,09,01,0.0,27.171562,9.055544,1976
9741,r4i1p1f1,1976,09,02,0.0,27.104383,8.3119,1976
9742,r4i1p1f1,1976,09,03,0.0,27.394508,8.814619,1976
9743,r4i1p1f1,1976,09,04,0.0,25.997072,8.839683,1976
9744,r4i1p1f1,1976,09,05,0.0,24.939005,7.420071,1976
9745,r4i1p1f1,1976,09,06,0.5595115758012525,22.800758,8.36782,1976
9746,r4i1p1f1,1976,09,07,0.29509163747434286,26.628164,10.787889,1976
9747,r4i1p1f1,1976,09,08,0.029789844268179877,31.39976,14.427031,1976
9748,r4i1p1f1,1976,09,09,0.0,33.556335,16.492203,1976
9749,r4i1p1f1,1976,09,10,0.0,32.593765,16.542318,1976
9750,r4i1p1f1,1976,09,11,0.0,29.320072,11.761877,1976
9751,r4i1p1f1,1976,09,12,0.0,29.551619,13.163337,1976
9752,r4i1p1f1,1976,09,13,0.0,27.638504,12.125393,1976
9753,r4i1p1f1,1976,09,14,0.0,23.508604,8.029785,1976
9754,r4i1p1f1,1976,09,15,0.0,22.695045,5.5375485,1976
9755,r4i1p1f1,1976,09,16,0.0,22.695219,6.4220624,1976
9756,r4i1p1f1,1976,09,17,0.0,22.229164,6.412154,1976
9757,r4i1p1f1,1976,09,18,0.0,22.836138,6.4607635,1976
9758,r4i1p1f1,1976,09,19,0.059781183404084004,22.876228,6.843265,1976
9759,r4i1p1f1,1976,09,20,0.0,24.52243,6.6708937,1976
9760,r4i1p1f1,1976,09,21,0.0,27.464165,9.351555,1976
9761,r4i1p1f1,1976,09,22,0.0,29.032022,10.973139,1976
9762,r4i1p1f1,1976,09,23,0.0,30.205532,11.934962,1976
9763,r4i1p1f1,1976,09,24,0.0,31.17787,14.211851,1976
9764,r4i1p1f1,1976,09,25,0.0,31.851952,13.298117,1976
9765,r4i1p1f1,1976,09,26,0.0,30.994242,12.263216,1976
9766,r4i1p1f1,1976,09,27,0.0,31.446787,11.565323,1976
9767,r4i1p1f1,1976,09,28,0.0,31.191006,12.370305,1976
9768,r4i1p1f1,1976,09,29,0.20432418399138896,30.578457,12.118089,1976
9769,r4i1p1f1,1976,09,30,0.0,29.562063,11.405049,1976
9770,r4i1p1f1,1976,10,01,0.0,29.562828,13.22337,1976
9771,r4i1p1f1,1976,10,02,1.776678072434379,27.120823,12.871616,1976
9772,r4i1p1f1,1976,10,03,5.962739585993404,21.909407,8.743962,1976
9773,r4i1p1f1,1976,10,04,1.0805536652924275,24.103758,10.197262,1976
9774,r4i1p1f1,1976,10,05,0.4031795695425444,22.480835,11.405145,1976
9775,r4i1p1f1,1976,10,06,2.1296545094628527,20.964731,10.127306,1976
9776,r4i1p1f1,1976,10,07,12.129412917926174,17.418678,9.270243,1976
9777,r4i1p1f1,1976,10,08,0.01020643612719141,21.721197,10.121471,1976
9778,r4i1p1f1,1976,10,09,0.0052207627277311985,22.56699,13.086466,1976
9779,r4i1p1f1,1976,10,10,9.912481052288058,20.081968,6.9215975,1976
9780,r4i1p1f1,1976,10,11,4.644746788937937,13.172564,4.8953333,1976
9781,r4i1p1f1,1976,10,12,0.013284293891047128,18.313154,4.864362,1976
9782,r4i1p1f1,1976,10,13,0.0,17.775454,4.6313467,1976
9783,r4i1p1f1,1976,10,14,0.6241631904572387,18.648928,6.8671474,1976
9784,r4i1p1f1,1976,10,15,0.06482073764573215,17.240204,7.0041337,1976
9785,r4i1p1f1,1976,10,16,0.12286721365768472,16.533768,8.325278,1976
9786,r4i1p1f1,1976,10,17,0.6969227311515169,17.888348,6.3411674,1976
9787,r4i1p1f1,1976,10,18,0.0,19.305992,6.082866,1976
9788,r4i1p1f1,1976,10,19,0.0,18.698952,5.1382813,1976
9789,r4i1p1f1,1976,10,20,0.0,19.598452,6.0791106,1976
9790,r4i1p1f1,1976,10,21,0.0,19.153187,5.6129327,1976
9791,r4i1p1f1,1976,10,22,0.0,20.398216,6.5379143,1976
9792,r4i1p1f1,1976,10,23,0.0,19.274471,4.046534,1976
9793,r4i1p1f1,1976,10,24,0.0,20.046982,6.701455,1976
9794,r4i1p1f1,1976,10,25,0.0,20.372505,5.2114134,1976
9795,r4i1p1f1,1976,10,26,12.095545198621949,19.92823,9.371718,1976
9796,r4i1p1f1,1976,10,27,10.085573455648955,18.111612,10.59697,1976
9797,r4i1p1f1,1976,10,28,29.920687176127103,15.915837,8.6726055,1976
9798,r4i1p1f1,1976,10,29,26.274749957519816,12.196545,6.134382,1976
9799,r4i1p1f1,1976,10,30,0.10264613039225878,12.772631,3.6773539,1976
9800,r4i1p1f1,1976,10,31,0.0,16.169107,4.179504,1976
9801,r4i1p1f1,1976,11,01,0.0,17.32618,3.762063,1976
9802,r4i1p1f1,1976,11,02,0.0,17.6064,4.8110895,1976
9803,r4i1p1f1,1976,11,03,0.0,17.499392,4.0907574,1976
9804,r4i1p1f1,1976,11,04,0.0,16.999733,4.0835505,1976
9805,r4i1p1f1,1976,11,05,0.0,17.29789,4.552777,1976
9806,r4i1p1f1,1976,11,06,0.0,18.710398,4.767209,1976
9807,r4i1p1f1,1976,11,07,0.0,19.736921,4.789475,1976
9808,r4i1p1f1,1976,11,08,0.0,19.74138,5.6705394,1976
9809,r4i1p1f1,1976,11,09,0.0,19.505934,5.145109,1976
9810,r4i1p1f1,1976,11,10,0.0,20.009485,5.474573,1976
9811,r4i1p1f1,1976,11,11,0.0,19.003479,4.838486,1976
9812,r4i1p1f1,1976,11,12,0.0,18.308828,2.2462173,1976
9813,r4i1p1f1,1976,11,13,0.0,14.911586,-1.6311961,1976
9814,r4i1p1f1,1976,11,14,0.0,17.646955,0.98402596,1976
9815,r4i1p1f1,1976,11,15,0.0,18.277336,3.2426846,1976
9816,r4i1p1f1,1976,11,16,0.0,18.965904,5.655316,1976
9817,r4i1p1f1,1976,11,17,0.0,16.939096,4.5119677,1976
9818,r4i1p1f1,1976,11,18,0.0,18.072073,3.8339033,1976
9819,r4i1p1f1,1976,11,19,0.0,21.251793,4.5695176,1976
9820,r4i1p1f1,1976,11,20,0.0,19.344368,4.541639,1976
9821,r4i1p1f1,1976,11,21,0.0,17.444427,2.8173838,1976
9822,r4i1p1f1,1976,11,22,0.0,16.364935,1.1879461,1976
9823,r4i1p1f1,1976,11,23,11.342960774982203,14.324993,6.692705,1976
9824,r4i1p1f1,1976,11,24,38.31726998996601,12.497063,7.3996015,1976
9825,r4i1p1f1,1976,11,25,47.43290493970562,12.779677,3.6279907,1976
9826,r4i1p1f1,1976,11,26,2.268372252981976,14.098873,0.5191894,1976
9827,r4i1p1f1,1976,11,27,0.0,9.6869545,-1.965647,1976
9828,r4i1p1f1,1976,11,28,39.34622089218465,8.363583,0.50872475,1976
9829,r4i1p1f1,1976,11,29,8.616023685652863,8.07734,-2.6101024,1976
9830,r4i1p1f1,1976,11,30,0.015417336953760241,8.373719,-6.2104297,1976
9831,r4i1p1f1,1976,12,01,0.0,7.85489,-3.9664278,1976
9832,r4i1p1f1,1976,12,02,0.0,9.146935,-0.8428114,1976
9833,r4i1p1f1,1976,12,03,0.9385433875195304,10.202137,3.590284,1976
9834,r4i1p1f1,1976,12,04,0.0,10.180222,4.374126,1976
9835,r4i1p1f1,1976,12,05,0.04700241448745146,12.147424,3.6616173,1976
9836,r4i1p1f1,1976,12,06,0.0,9.80076,-1.0322096,1976
9837,r4i1p1f1,1976,12,07,0.0,10.098465,-1.4511094,1976
9838,r4i1p1f1,1976,12,08,0.0,11.084637,-0.5038338,1976
9839,r4i1p1f1,1976,12,09,0.0,12.186692,1.4364629,1976
9840,r4i1p1f1,1976,12,10,0.0,11.593507,1.575314,1976
9841,r4i1p1f1,1976,12,11,0.0,11.632481,0.6065735,1976
9842,r4i1p1f1,1976,12,12,0.0,12.420801,0.9708854,1976
9843,r4i1p1f1,1976,12,13,3.022944057070731,11.003768,0.43368945,1976
9844,r4i1p1f1,1976,12,14,0.0,9.39497,0.26205158,1976
9845,r4i1p1f1,1976,12,15,0.0,10.404689,-0.39632505,1976
9846,r4i1p1f1,1976,12,16,0.0,12.250644,0.92601013,1976
9847,r4i1p1f1,1976,12,17,0.0,13.260536,0.93601924,1976
9848,r4i1p1f1,1976,12,18,0.0,12.918153,0.8348938,1976
9849,r4i1p1f1,1976,12,19,0.0,11.375254,1.2256902,1976
9850,r4i1p1f1,1976,12,20,0.0,11.383492,-0.830086,1976
9851,r4i1p1f1,1976,12,21,0.0,15.399892,1.4870656,1976
9852,r4i1p1f1,1976,12,22,0.0,15.916087,2.890291,1976
9853,r4i1p1f1,1976,12,23,0.0,14.972756,2.7479212,1976
9854,r4i1p1f1,1976,12,24,0.0,14.970369,2.3124695,1976
9855,r4i1p1f1,1976,12,25,0.0,13.504872,2.3914347,1976
9856,r4i1p1f1,1976,12,26,0.0,14.861584,2.447116,1976
9857,r4i1p1f1,1976,12,27,0.0,16.36738,3.146627,1976
9858,r4i1p1f1,1976,12,28,0.0,18.536175,4.6236496,1976
9859,r4i1p1f1,1976,12,29,0.0,17.957468,4.4930625,1976
9860,r4i1p1f1,1976,12,30,0.0,17.928755,4.258251,1976
9861,r4i1p1f1,1976,12,31,0.0,17.205784,3.7381277,1976
9862,r4i1p1f1,1977,01,01,0.0,16.511187,3.4574506,1977
9863,r4i1p1f1,1977,01,02,0.0,15.638238,3.9279726,1977
9864,r4i1p1f1,1977,01,03,0.046280050111136006,13.2561,4.428123,1977
9865,r4i1p1f1,1977,01,04,11.16931416704574,11.825336,2.4598987,1977
9866,r4i1p1f1,1977,01,05,0.0,12.83428,1.1787708,1977
9867,r4i1p1f1,1977,01,06,0.0,15.02289,1.9367957,1977
9868,r4i1p1f1,1977,01,07,0.0,13.811115,1.4305565,1977
9869,r4i1p1f1,1977,01,08,0.0,15.654048,2.0295572,1977
9870,r4i1p1f1,1977,01,09,0.0,15.743262,2.560722,1977
9871,r4i1p1f1,1977,01,10,0.0,15.5679,2.1856678,1977
9872,r4i1p1f1,1977,01,11,0.1706681658333764,14.865021,1.9198371,1977
9873,r4i1p1f1,1977,01,12,0.033678532338399236,8.242276,-1.0595286,1977
9874,r4i1p1f1,1977,01,13,4.148309656375204,9.28536,1.7500829,1977
9875,r4i1p1f1,1977,01,14,11.24635970163581,8.14513,2.9347012,1977
9876,r4i1p1f1,1977,01,15,13.488361836471086,8.390711,3.2781913,1977
9877,r4i1p1f1,1977,01,16,1.0439597358271158,7.057936,-2.0475411,1977
9878,r4i1p1f1,1977,01,17,22.579188244890247,11.608018,3.7227657,1977
9879,r4i1p1f1,1977,01,18,60.541662164905574,11.485344,3.7692707,1977
9880,r4i1p1f1,1977,01,19,33.07085658548203,9.557054,2.900639,1977
9881,r4i1p1f1,1977,01,20,4.509903274019678,8.024525,2.2682264,1977
9882,r4i1p1f1,1977,01,21,2.6184560740119878,9.4002,2.4241939,1977
9883,r4i1p1f1,1977,01,22,5.506775205023473,8.23951,3.633272,1977
9884,r4i1p1f1,1977,01,23,0.08827250378544704,13.985652,4.3025484,1977
9885,r4i1p1f1,1977,01,24,25.76898594688828,11.950689,6.396012,1977
9886,r4i1p1f1,1977,01,25,29.71064385965292,11.535353,6.777916,1977
9887,r4i1p1f1,1977,01,26,43.28741379758867,12.143802,5.1639075,1977
9888,r4i1p1f1,1977,01,27,4.304175701838631,12.528835,2.5965245,1977
9889,r4i1p1f1,1977,01,28,0.8975223956383616,8.753324,-2.4683616,1977
9890,r4i1p1f1,1977,01,29,0.0,4.9572306,-7.570744,1977
9891,r4i1p1f1,1977,01,30,0.0,6.9396725,-5.3301086,1977
9892,r4i1p1f1,1977,01,31,0.0,8.910536,-3.431839,1977
9893,r4i1p1f1,1977,02,01,0.0,12.99503,-0.5732943,1977
9894,r4i1p1f1,1977,02,02,0.0,13.244064,0.7711872,1977
9895,r4i1p1f1,1977,02,03,0.0,14.784777,0.96983826,1977
9896,r4i1p1f1,1977,02,04,0.0,15.220379,1.600422,1977
9897,r4i1p1f1,1977,02,05,0.0,15.399639,2.8054276,1977
9898,r4i1p1f1,1977,02,06,0.0,15.085758,0.17575258,1977
9899,r4i1p1f1,1977,02,07,0.0,16.57983,1.5138545,1977
9900,r4i1p1f1,1977,02,08,0.0,15.244068,2.5756874,1977
9901,r4i1p1f1,1977,02,09,0.0,11.554441,-0.523083,1977
9902,r4i1p1f1,1977,02,10,0.0002994170500869586,8.922013,-0.7988585,1977
9903,r4i1p1f1,1977,02,11,0.0,9.564021,-4.166381,1977
9904,r4i1p1f1,1977,02,12,23.817900564245065,4.8184834,-3.1132839,1977
9905,r4i1p1f1,1977,02,13,7.4928940728739235,8.3894005,-0.9462111,1977
9906,r4i1p1f1,1977,02,14,18.538790327374954,8.077335,-1.940333,1977
9907,r4i1p1f1,1977,02,15,4.9908314281310595e-05,9.39822,-3.402734,1977
9908,r4i1p1f1,1977,02,16,0.0,10.345409,-2.482391,1977
9909,r4i1p1f1,1977,02,17,0.0,10.908648,-2.133314,1977
9910,r4i1p1f1,1977,02,18,2.277899223571467,9.771473,-1.5564711,1977
9911,r4i1p1f1,1977,02,19,0.0,10.894865,1.1111215,1977
9912,r4i1p1f1,1977,02,20,0.0,10.419458,-0.6858088,1977
9913,r4i1p1f1,1977,02,21,0.0,11.035824,-0.9378958,1977
9914,r4i1p1f1,1977,02,22,0.0,11.495628,0.0011493894,1977
9915,r4i1p1f1,1977,02,23,0.0,13.325064,1.4858086,1977
9916,r4i1p1f1,1977,02,24,0.0,13.712938,1.7381922,1977
9917,r4i1p1f1,1977,02,25,0.0,14.299683,1.3858345,1977
9918,r4i1p1f1,1977,02,26,0.0,14.121936,0.7085989,1977
9919,r4i1p1f1,1977,02,27,0.0,15.208435,1.3832868,1977
9920,r4i1p1f1,1977,02,28,0.0,16.296501,2.6872027,1977
9921,r4i1p1f1,1977,03,01,0.0,16.831491,1.5786593,1977
9922,r4i1p1f1,1977,03,02,0.0,15.856633,1.668306,1977
9923,r4i1p1f1,1977,03,03,1.3860326161164949,13.006338,-1.3226128,1977
9924,r4i1p1f1,1977,03,04,2.6720686626376278,6.1710353,-4.7040052,1977
9925,r4i1p1f1,1977,03,05,6.774882551053452,7.7349267,-0.82072717,1977
9926,r4i1p1f1,1977,03,06,0.073723206151044,14.8192005,4.3043003,1977
9927,r4i1p1f1,1977,03,07,0.0,15.165259,3.297089,1977
9928,r4i1p1f1,1977,03,08,0.0,17.571203,2.5275671,1977
9929,r4i1p1f1,1977,03,09,0.0,18.420488,3.921705,1977
9930,r4i1p1f1,1977,03,10,0.0,19.185127,4.8790336,1977
9931,r4i1p1f1,1977,03,11,0.0,19.178003,3.9183056,1977
9932,r4i1p1f1,1977,03,12,20.03943556123886,15.07889,-0.5053849,1977
9933,r4i1p1f1,1977,03,13,11.767787373167948,7.108198,-5.3294,1977
9934,r4i1p1f1,1977,03,14,1.1966556766083158,7.6024723,-2.067668,1977
9935,r4i1p1f1,1977,03,15,0.0,9.089281,-2.8995588,1977
9936,r4i1p1f1,1977,03,16,0.0,11.375891,-2.6457558,1977
9937,r4i1p1f1,1977,03,17,0.0,13.014255,-0.23000717,1977
9938,r4i1p1f1,1977,03,18,0.0,12.5711775,1.924087,1977
9939,r4i1p1f1,1977,03,19,0.0,15.500344,0.9291837,1977
9940,r4i1p1f1,1977,03,20,0.42123780629594876,13.795745,2.3701181,1977
9941,r4i1p1f1,1977,03,21,14.118311223137425,8.639306,1.5595393,1977
9942,r4i1p1f1,1977,03,22,18.100982164105517,10.518754,-0.48738083,1977
9943,r4i1p1f1,1977,03,23,17.014202937707523,10.793003,-1.1503892,1977
9944,r4i1p1f1,1977,03,24,3.8281312979677296,8.486237,-1.154269,1977
9945,r4i1p1f1,1977,03,25,6.352460608832189,6.819105,-1.178918,1977
9946,r4i1p1f1,1977,03,26,5.196066299686208,8.656712,0.7972829,1977
9947,r4i1p1f1,1977,03,27,2.2757336725817368,8.774853,1.6274952,1977
9948,r4i1p1f1,1977,03,28,0.0,13.943256,0.8727473,1977
9949,r4i1p1f1,1977,03,29,0.0,16.135054,0.74161005,1977
9950,r4i1p1f1,1977,03,30,0.0,19.523207,2.5611095,1977
9951,r4i1p1f1,1977,03,31,0.0,20.730608,4.222292,1977
9952,r4i1p1f1,1977,04,01,0.0,23.143162,6.3421283,1977
9953,r4i1p1f1,1977,04,02,0.0,23.95565,6.707984,1977
9954,r4i1p1f1,1977,04,03,0.0,24.363274,7.4513397,1977
9955,r4i1p1f1,1977,04,04,0.0,24.105051,7.430132,1977
9956,r4i1p1f1,1977,04,05,0.0,23.360344,7.0867825,1977
9957,r4i1p1f1,1977,04,06,0.0,19.068047,3.8606977,1977
9958,r4i1p1f1,1977,04,07,0.02807950993428676,14.711263,0.7219689,1977
9959,r4i1p1f1,1977,04,08,4.766700369850696,6.49126,-4.8400846,1977
9960,r4i1p1f1,1977,04,09,0.0,10.02919,-2.6830854,1977
9961,r4i1p1f1,1977,04,10,0.0,14.767885,-1.6073222,1977
9962,r4i1p1f1,1977,04,11,0.0,16.672697,-0.9246916,1977
9963,r4i1p1f1,1977,04,12,0.0,17.930983,0.55428493,1977
9964,r4i1p1f1,1977,04,13,0.0,18.435175,0.9272447,1977
9965,r4i1p1f1,1977,04,14,0.0,19.652885,0.704534,1977
9966,r4i1p1f1,1977,04,15,0.0,19.65388,4.12736,1977
9967,r4i1p1f1,1977,04,16,0.0,22.816713,3.049565,1977
9968,r4i1p1f1,1977,04,17,0.0,22.289679,5.9761868,1977
9969,r4i1p1f1,1977,04,18,0.0,22.575813,7.0273294,1977
9970,r4i1p1f1,1977,04,19,0.0,19.478104,3.9697673,1977
9971,r4i1p1f1,1977,04,20,0.0,23.026958,4.863289,1977
9972,r4i1p1f1,1977,04,21,0.0,25.801767,7.28007,1977
9973,r4i1p1f1,1977,04,22,0.0,25.45229,8.467487,1977
9974,r4i1p1f1,1977,04,23,0.0,25.647793,7.5042057,1977
9975,r4i1p1f1,1977,04,24,0.0,22.417662,6.48579,1977
9976,r4i1p1f1,1977,04,25,5.401130689040201,13.945258,-1.077495,1977
9977,r4i1p1f1,1977,04,26,0.0,17.209763,3.906244,1977
9978,r4i1p1f1,1977,04,27,0.0,16.858116,3.7665944,1977
9979,r4i1p1f1,1977,04,28,0.0,22.267204,4.5797906,1977
9980,r4i1p1f1,1977,04,29,0.13848449889337644,22.477211,5.9989033,1977
9981,r4i1p1f1,1977,04,30,8.015996755784727,17.780874,1.0433369,1977
9982,r4i1p1f1,1977,05,01,0.5338080393926248,16.077614,1.3535907,1977
9983,r4i1p1f1,1977,05,02,0.0,22.918564,6.569534,1977
9984,r4i1p1f1,1977,05,03,0.0,24.089964,8.810537,1977
9985,r4i1p1f1,1977,05,04,0.0,24.995054,8.77979,1977
9986,r4i1p1f1,1977,05,05,0.02723570405578357,23.479088,8.302287,1977
9987,r4i1p1f1,1977,05,06,0.0014015812894285773,15.14813,7.8481665,1977
9988,r4i1p1f1,1977,05,07,0.0,18.608946,3.851598,1977
9989,r4i1p1f1,1977,05,08,0.0,19.197021,4.3408937,1977
9990,r4i1p1f1,1977,05,09,0.0,15.07881,0.9952488,1977
9991,r4i1p1f1,1977,05,10,0.5063439482569265,11.973811,1.1520511,1977
9992,r4i1p1f1,1977,05,11,0.0,14.536292,-0.58345157,1977
9993,r4i1p1f1,1977,05,12,0.0,15.137907,0.55828756,1977
9994,r4i1p1f1,1977,05,13,0.0,17.554241,2.2874897,1977
9995,r4i1p1f1,1977,05,14,0.0,17.643375,1.7969216,1977
9996,r4i1p1f1,1977,05,15,3.252817007125941,11.935444,-1.6412798,1977
9997,r4i1p1f1,1977,05,16,0.0,15.254196,-1.9534732,1977
9998,r4i1p1f1,1977,05,17,0.0,16.62267,1.7106045,1977
9999,r4i1p1f1,1977,05,18,1.193672980662086,15.215807,2.833777,1977
10000,r4i1p1f1,1977,05,19,0.0,16.676426,3.887324,1977
10001,r4i1p1f1,1977,05,20,0.0,21.487404,3.3286347,1977
10002,r4i1p1f1,1977,05,21,0.0,23.195946,4.33155,1977
10003,r4i1p1f1,1977,05,22,2.8303529148047346,17.187248,2.4120245,1977
10004,r4i1p1f1,1977,05,23,3.8870327799145343,14.12677,0.5091136,1977
10005,r4i1p1f1,1977,05,24,0.0,22.709244,6.1594834,1977
10006,r4i1p1f1,1977,05,25,0.0,27.209358,7.1344376,1977
10007,r4i1p1f1,1977,05,26,0.0,29.67905,11.492859,1977
10008,r4i1p1f1,1977,05,27,0.0,31.920803,13.803251,1977
10009,r4i1p1f1,1977,05,28,0.0,31.458248,13.612131,1977
10010,r4i1p1f1,1977,05,29,0.0,27.475477,11.349704,1977
10011,r4i1p1f1,1977,05,30,0.0,24.462214,8.919615,1977
10012,r4i1p1f1,1977,05,31,0.0,20.829145,6.87908,1977
10013,r4i1p1f1,1977,06,01,0.0,24.740788,5.373592,1977
10014,r4i1p1f1,1977,06,02,0.0,30.99723,10.574572,1977
10015,r4i1p1f1,1977,06,03,0.0,32.482613,12.092934,1977
10016,r4i1p1f1,1977,06,04,0.0,30.916107,11.42483,1977
10017,r4i1p1f1,1977,06,05,0.0,29.523857,10.277342,1977
10018,r4i1p1f1,1977,06,06,0.0,25.419144,7.4162946,1977
10019,r4i1p1f1,1977,06,07,0.30041499253457005,25.10754,7.2619114,1977
10020,r4i1p1f1,1977,06,08,0.0,29.137505,10.088548,1977
10021,r4i1p1f1,1977,06,09,0.0,28.892717,10.967068,1977
10022,r4i1p1f1,1977,06,10,0.0,26.176338,8.231527,1977
10023,r4i1p1f1,1977,06,11,0.0,24.8881,7.9348245,1977
10024,r4i1p1f1,1977,06,12,0.001205446972107893,20.235603,3.9234395,1977
10025,r4i1p1f1,1977,06,13,0.0,20.738865,2.5666783,1977
10026,r4i1p1f1,1977,06,14,0.0,25.876827,6.459547,1977
10027,r4i1p1f1,1977,06,15,0.0,29.804527,8.884342,1977
10028,r4i1p1f1,1977,06,16,0.0,30.143253,10.224536,1977
10029,r4i1p1f1,1977,06,17,0.0,29.954088,10.61842,1977
10030,r4i1p1f1,1977,06,18,0.0,32.00232,11.95834,1977
10031,r4i1p1f1,1977,06,19,0.0,32.050816,11.976578,1977
10032,r4i1p1f1,1977,06,20,0.0,30.425943,10.078846,1977
10033,r4i1p1f1,1977,06,21,0.0,31.537313,11.74499,1977
10034,r4i1p1f1,1977,06,22,0.0,31.543064,12.586219,1977
10035,r4i1p1f1,1977,06,23,0.0,29.914145,10.673412,1977
10036,r4i1p1f1,1977,06,24,0.0,26.29339,7.90143,1977
10037,r4i1p1f1,1977,06,25,12.629453605507024,17.260487,2.956029,1977
10038,r4i1p1f1,1977,06,26,0.0,26.181824,7.742853,1977
10039,r4i1p1f1,1977,06,27,0.0,30.815142,12.08296,1977
10040,r4i1p1f1,1977,06,28,0.0,30.673323,12.14014,1977
10041,r4i1p1f1,1977,06,29,0.0,27.622004,9.581983,1977
10042,r4i1p1f1,1977,06,30,0.0,26.0393,8.899933,1977
10043,r4i1p1f1,1977,07,01,0.0,30.400015,9.919274,1977
10044,r4i1p1f1,1977,07,02,0.0,31.690725,11.060936,1977
10045,r4i1p1f1,1977,07,03,0.0,32.354275,11.384176,1977
10046,r4i1p1f1,1977,07,04,0.0,33.78849,13.701945,1977
10047,r4i1p1f1,1977,07,05,0.0,33.5727,13.768386,1977
10048,r4i1p1f1,1977,07,06,0.0,31.291622,11.2969675,1977
10049,r4i1p1f1,1977,07,07,0.0,30.04023,10.796907,1977
10050,r4i1p1f1,1977,07,08,0.0,29.546007,10.281048,1977
10051,r4i1p1f1,1977,07,09,0.0,33.027473,12.127516,1977
10052,r4i1p1f1,1977,07,10,0.0,34.738995,14.007427,1977
10053,r4i1p1f1,1977,07,11,0.0,33.809586,13.645218,1977
10054,r4i1p1f1,1977,07,12,0.0,33.921482,14.327946,1977
10055,r4i1p1f1,1977,07,13,0.0,33.549816,14.634815,1977
10056,r4i1p1f1,1977,07,14,0.0,33.49388,14.63106,1977
10057,r4i1p1f1,1977,07,15,0.0,33.505936,15.030727,1977
10058,r4i1p1f1,1977,07,16,0.0,33.289127,14.589474,1977
10059,r4i1p1f1,1977,07,17,0.0,34.53299,14.262114,1977
10060,r4i1p1f1,1977,07,18,0.0,35.178207,15.405829,1977
10061,r4i1p1f1,1977,07,19,0.0,34.739357,15.14505,1977
10062,r4i1p1f1,1977,07,20,0.0,33.68918,14.968218,1977
10063,r4i1p1f1,1977,07,21,0.0,32.84117,13.813401,1977
10064,r4i1p1f1,1977,07,22,0.0,33.5287,13.803719,1977
10065,r4i1p1f1,1977,07,23,0.0,35.295338,15.560364,1977
10066,r4i1p1f1,1977,07,24,0.0,35.119804,15.62707,1977
10067,r4i1p1f1,1977,07,25,0.0,36.154922,16.37304,1977
10068,r4i1p1f1,1977,07,26,0.0,36.905327,18.061934,1977
10069,r4i1p1f1,1977,07,27,0.0,36.09949,16.085222,1977
10070,r4i1p1f1,1977,07,28,0.0,33.931778,14.480469,1977
10071,r4i1p1f1,1977,07,29,0.0,31.544426,11.786887,1977
10072,r4i1p1f1,1977,07,30,0.0,31.647348,12.717113,1977
10073,r4i1p1f1,1977,07,31,0.0,31.2557,13.184519,1977
10074,r4i1p1f1,1977,08,01,0.0,30.580492,12.415688,1977
10075,r4i1p1f1,1977,08,02,0.0,29.322466,10.60044,1977
10076,r4i1p1f1,1977,08,03,0.0,29.746365,11.774066,1977
10077,r4i1p1f1,1977,08,04,0.0,31.902596,13.419888,1977
10078,r4i1p1f1,1977,08,05,0.0,31.829617,13.560859,1977
10079,r4i1p1f1,1977,08,06,0.0,31.65608,14.520574,1977
10080,r4i1p1f1,1977,08,07,0.0,31.801178,13.618395,1977
10081,r4i1p1f1,1977,08,08,0.0,30.91784,12.197373,1977
10082,r4i1p1f1,1977,08,09,0.0,29.461159,10.161406,1977
10083,r4i1p1f1,1977,08,10,0.0,29.8424,10.463084,1977
10084,r4i1p1f1,1977,08,11,0.0,30.072384,11.066099,1977
10085,r4i1p1f1,1977,08,12,0.0,29.43961,11.095656,1977
10086,r4i1p1f1,1977,08,13,0.0,30.070906,10.977552,1977
10087,r4i1p1f1,1977,08,14,0.0,29.61143,10.783846,1977
10088,r4i1p1f1,1977,08,15,0.0,29.502724,10.394647,1977
10089,r4i1p1f1,1977,08,16,0.0,28.590668,9.497831,1977
10090,r4i1p1f1,1977,08,17,0.0,27.025707,8.650669,1977
10091,r4i1p1f1,1977,08,18,0.0,29.982841,11.73223,1977
10092,r4i1p1f1,1977,08,19,0.0,31.375631,11.9902,1977
10093,r4i1p1f1,1977,08,20,0.0,33.640278,14.585514,1977
10094,r4i1p1f1,1977,08,21,0.0,34.59654,16.073967,1977
10095,r4i1p1f1,1977,08,22,0.007430270073882639,34.548565,15.945723,1977
10096,r4i1p1f1,1977,08,23,0.6071811301467278,34.09233,16.396303,1977
10097,r4i1p1f1,1977,08,24,0.0,27.653053,11.90807,1977
10098,r4i1p1f1,1977,08,25,11.387859463549255,32.27392,16.97315,1977
10099,r4i1p1f1,1977,08,26,4.762888283681832,33.40977,17.168043,1977
10100,r4i1p1f1,1977,08,27,0.0,32.822403,17.125261,1977
10101,r4i1p1f1,1977,08,28,0.0,33.71432,16.378206,1977
10102,r4i1p1f1,1977,08,29,0.0,35.00757,17.407537,1977
10103,r4i1p1f1,1977,08,30,0.0011716524113580817,35.11198,17.410238,1977
10104,r4i1p1f1,1977,08,31,0.0,33.057102,15.611629,1977
10105,r4i1p1f1,1977,09,01,0.0,28.767887,13.214113,1977
10106,r4i1p1f1,1977,09,02,0.0,24.15081,9.360982,1977
10107,r4i1p1f1,1977,09,03,0.0,31.298937,14.468826,1977
10108,r4i1p1f1,1977,09,04,0.0,34.928608,17.325815,1977
10109,r4i1p1f1,1977,09,05,0.04711989373618053,34.75885,17.402782,1977
10110,r4i1p1f1,1977,09,06,1.8945067361585188,31.586985,16.54403,1977
10111,r4i1p1f1,1977,09,07,0.0,32.468407,17.869688,1977
10112,r4i1p1f1,1977,09,08,0.29037516552534726,30.187277,15.776893,1977
10113,r4i1p1f1,1977,09,09,0.0,30.702671,14.58272,1977
10114,r4i1p1f1,1977,09,10,0.0,29.851175,13.624183,1977
10115,r4i1p1f1,1977,09,11,0.0,30.069523,13.449864,1977
10116,r4i1p1f1,1977,09,12,0.0,30.120562,13.148694,1977
10117,r4i1p1f1,1977,09,13,0.0,28.910898,11.936401,1977
10118,r4i1p1f1,1977,09,14,0.0,28.357996,10.250164,1977
10119,r4i1p1f1,1977,09,15,0.006372792904585367,30.045336,12.867519,1977
10120,r4i1p1f1,1977,09,16,0.0,29.576199,12.398289,1977
10121,r4i1p1f1,1977,09,17,0.0,30.189009,14.383373,1977
10122,r4i1p1f1,1977,09,18,0.0,29.577799,14.631032,1977
10123,r4i1p1f1,1977,09,19,0.0,29.464308,14.592824,1977
10124,r4i1p1f1,1977,09,20,0.0,23.63731,8.004139,1977
10125,r4i1p1f1,1977,09,21,0.0,19.049719,4.1476097,1977
10126,r4i1p1f1,1977,09,22,0.0,19.379316,4.489344,1977
10127,r4i1p1f1,1977,09,23,0.0,18.674482,2.1409225,1977
10128,r4i1p1f1,1977,09,24,0.0,20.949635,2.0829854,1977
10129,r4i1p1f1,1977,09,25,0.0,24.33973,5.6706605,1977
10130,r4i1p1f1,1977,09,26,0.0,29.806023,9.2959,1977
10131,r4i1p1f1,1977,09,27,0.0,31.606846,11.343731,1977
10132,r4i1p1f1,1977,09,28,0.0,31.753357,13.941076,1977
10133,r4i1p1f1,1977,09,29,0.0,31.416134,12.344426,1977
10134,r4i1p1f1,1977,09,30,0.0,27.415548,9.864016,1977
10135,r4i1p1f1,1977,10,01,0.0,26.342182,9.064292,1977
10136,r4i1p1f1,1977,10,02,0.0013655991324412753,21.444723,6.245432,1977
10137,r4i1p1f1,1977,10,03,0.0,20.451004,6.151213,1977
10138,r4i1p1f1,1977,10,04,0.0,26.154785,7.739819,1977
10139,r4i1p1f1,1977,10,05,0.0,27.985973,12.929759,1977
10140,r4i1p1f1,1977,10,06,0.0,28.063421,10.175973,1977
10141,r4i1p1f1,1977,10,07,0.0,28.603037,11.92549,1977
10142,r4i1p1f1,1977,10,08,0.0,25.537392,10.094937,1977
10143,r4i1p1f1,1977,10,09,0.0,22.44863,7.532849,1977
10144,r4i1p1f1,1977,10,10,0.0,24.548882,6.9713426,1977
10145,r4i1p1f1,1977,10,11,0.0,28.054836,9.324827,1977
10146,r4i1p1f1,1977,10,12,0.0,28.148733,10.377956,1977
10147,r4i1p1f1,1977,10,13,0.0,29.315107,13.619516,1977
10148,r4i1p1f1,1977,10,14,0.0,29.305355,10.666297,1977
10149,r4i1p1f1,1977,10,15,0.0,29.441454,11.456645,1977
10150,r4i1p1f1,1977,10,16,0.0,30.102448,11.656414,1977
10151,r4i1p1f1,1977,10,17,0.0,30.114685,12.98828,1977
10152,r4i1p1f1,1977,10,18,2.494760809241825,23.933405,9.28832,1977
10153,r4i1p1f1,1977,10,19,20.81306744298672,12.229298,0.8859457,1977
10154,r4i1p1f1,1977,10,20,0.07083393019229334,11.623537,-0.103993945,1977
10155,r4i1p1f1,1977,10,21,0.0,13.240629,1.1596768,1977
10156,r4i1p1f1,1977,10,22,0.0,17.095657,2.1154048,1977
10157,r4i1p1f1,1977,10,23,0.0,20.290102,4.7137094,1977
10158,r4i1p1f1,1977,10,24,0.0,21.495062,5.694797,1977
10159,r4i1p1f1,1977,10,25,0.0,21.766296,6.7460494,1977
10160,r4i1p1f1,1977,10,26,0.0,20.133354,5.491833,1977
10161,r4i1p1f1,1977,10,27,0.0,21.854856,4.6734076,1977
10162,r4i1p1f1,1977,10,28,0.0,21.972254,5.9745092,1977
10163,r4i1p1f1,1977,10,29,0.0,22.128721,6.8174787,1977
10164,r4i1p1f1,1977,10,30,0.0,21.735239,6.361383,1977
10165,r4i1p1f1,1977,10,31,0.0,21.556292,7.0225472,1977
10166,r4i1p1f1,1977,11,01,0.0,21.532356,6.1669774,1977
10167,r4i1p1f1,1977,11,02,0.0,21.107058,6.82419,1977
10168,r4i1p1f1,1977,11,03,0.11193316132107611,18.89651,6.46796,1977
10169,r4i1p1f1,1977,11,04,0.0,21.41885,6.5837803,1977
10170,r4i1p1f1,1977,11,05,0.0,20.469564,7.3648167,1977
10171,r4i1p1f1,1977,11,06,0.0,20.163605,8.360659,1977
10172,r4i1p1f1,1977,11,07,0.0,18.463694,7.246992,1977
10173,r4i1p1f1,1977,11,08,27.454103799027507,15.652232,8.942852,1977
10174,r4i1p1f1,1977,11,09,0.0,13.916107,7.6670403,1977
10175,r4i1p1f1,1977,11,10,8.437155559113307,13.728845,6.4641986,1977
10176,r4i1p1f1,1977,11,11,0.2879885663787718,12.460983,1.1698136,1977
10177,r4i1p1f1,1977,11,12,0.0,11.362317,0.18536647,1977
10178,r4i1p1f1,1977,11,13,0.0,10.607597,-1.4581743,1977
10179,r4i1p1f1,1977,11,14,0.0,9.808576,-3.2825935,1977
10180,r4i1p1f1,1977,11,15,51.449520565074636,9.5288105,2.1607828,1977
10181,r4i1p1f1,1977,11,16,10.264666509738163,9.033262,-0.6619255,1977
10182,r4i1p1f1,1977,11,17,0.1891449424476832,11.730403,2.0695043,1977
10183,r4i1p1f1,1977,11,18,26.8802608423357,8.823381,4.055691,1977
10184,r4i1p1f1,1977,11,19,0.0,12.393043,1.5291847,1977
10185,r4i1p1f1,1977,11,20,0.04701804310798252,12.3465,0.9753132,1977
10186,r4i1p1f1,1977,11,21,0.0,13.17884,0.11020766,1977
10187,r4i1p1f1,1977,11,22,0.0,14.682961,0.13399622,1977
10188,r4i1p1f1,1977,11,23,0.0,17.667473,-0.48989788,1977
10189,r4i1p1f1,1977,11,24,0.0,18.702755,1.3800989,1977
10190,r4i1p1f1,1977,11,25,0.0,17.168053,2.5696535,1977
10191,r4i1p1f1,1977,11,26,0.0,19.515999,2.453969,1977
10192,r4i1p1f1,1977,11,27,0.0,20.355612,2.2507982,1977
10193,r4i1p1f1,1977,11,28,0.0,20.437342,2.034699,1977
10194,r4i1p1f1,1977,11,29,0.0,20.451052,1.7379719,1977
10195,r4i1p1f1,1977,11,30,0.0,20.01854,1.1154542,1977
10196,r4i1p1f1,1977,12,01,0.0,17.459633,4.87106,1977
10197,r4i1p1f1,1977,12,02,0.0,17.042826,4.4172564,1977
10198,r4i1p1f1,1977,12,03,0.0,16.598282,4.145373,1977
10199,r4i1p1f1,1977,12,04,1.040916825451177,14.247352,2.9520009,1977
10200,r4i1p1f1,1977,12,05,2.2668788644224946,6.501005,-3.3982685,1977
10201,r4i1p1f1,1977,12,06,0.0071489532160740055,2.0955935,-7.053829,1977
10202,r4i1p1f1,1977,12,07,0.28554312377195856,2.3519402,-4.991261,1977
10203,r4i1p1f1,1977,12,08,7.013557303616835,4.556273,-4.3613687,1977
10204,r4i1p1f1,1977,12,09,68.03988264582586,12.0833025,0.98411113,1977
10205,r4i1p1f1,1977,12,10,1.9004931509186918,4.547881,-6.8445153,1977
10206,r4i1p1f1,1977,12,11,0.0,1.4884082,-11.128318,1977
10207,r4i1p1f1,1977,12,12,0.0,2.5064301,-9.222785,1977
10208,r4i1p1f1,1977,12,13,6.360978968712061,2.1987448,-7.0998397,1977
10209,r4i1p1f1,1977,12,14,11.757990579826583,4.7655926,-3.6481574,1977
10210,r4i1p1f1,1977,12,15,0.02371307896282815,4.779592,-4.1889796,1977
10211,r4i1p1f1,1977,12,16,0.0,4.0173974,-8.048751,1977
10212,r4i1p1f1,1977,12,17,1.053506123025727,3.3022244,-5.2080054,1977
10213,r4i1p1f1,1977,12,18,5.8033206700201845,3.6937726,-5.2539077,1977
10214,r4i1p1f1,1977,12,19,35.37625669705449,6.009309,-1.2364707,1977
10215,r4i1p1f1,1977,12,20,0.10062076044050627,5.3193583,-8.371738,1977
10216,r4i1p1f1,1977,12,21,0.0,6.6868577,-5.715597,1977
10217,r4i1p1f1,1977,12,22,0.0,8.38983,-4.436159,1977
10218,r4i1p1f1,1977,12,23,0.0,9.329422,-3.6918728,1977
10219,r4i1p1f1,1977,12,24,0.0,11.572743,-1.2104906,1977
10220,r4i1p1f1,1977,12,25,0.0,11.252847,-1.7661768,1977
10221,r4i1p1f1,1977,12,26,0.0,10.530223,-0.85420746,1977
10222,r4i1p1f1,1977,12,27,0.0,9.928087,0.028433906,1977
10223,r4i1p1f1,1977,12,28,0.0,10.543101,-0.9243287,1977
10224,r4i1p1f1,1977,12,29,0.0,9.8515,-1.354474,1977
10225,r4i1p1f1,1977,12,30,0.0,10.745882,0.23946397,1977
10226,r4i1p1f1,1977,12,31,0.0,10.403429,0.26168883,1977
10227,r4i1p1f1,1978,01,01,0.0,12.633297,1.2025139,1978
10228,r4i1p1f1,1978,01,02,0.0,12.803095,1.80036,1978
10229,r4i1p1f1,1978,01,03,0.0,12.791142,2.8141227,1978
10230,r4i1p1f1,1978,01,04,0.0,13.446224,1.7784653,1978
10231,r4i1p1f1,1978,01,05,0.0,12.982006,0.8068938,1978
10232,r4i1p1f1,1978,01,06,0.0,13.341797,1.2768027,1978
10233,r4i1p1f1,1978,01,07,0.11803450476861599,10.5650625,2.109817,1978
10234,r4i1p1f1,1978,01,08,0.1700480178556063,8.256672,3.0819542,1978
10235,r4i1p1f1,1978,01,09,0.0,9.060405,4.0793815,1978
10236,r4i1p1f1,1978,01,10,0.0,9.412813,3.8643887,1978
10237,r4i1p1f1,1978,01,11,55.16272665372526,11.3525,1.6981449,1978
10238,r4i1p1f1,1978,01,12,44.83055304726804,5.7023244,-4.2128854,1978
10239,r4i1p1f1,1978,01,13,0.019749603143282002,6.5843816,-7.170216,1978
10240,r4i1p1f1,1978,01,14,0.0,7.2227,-7.414739,1978
10241,r4i1p1f1,1978,01,15,30.4892730408028,5.6328645,-3.2828462,1978
10242,r4i1p1f1,1978,01,16,0.05963518690279557,7.277977,-5.407855,1978
10243,r4i1p1f1,1978,01,17,12.093456759316723,6.2877145,-0.20184071,1978
10244,r4i1p1f1,1978,01,18,14.631711650145007,6.6760926,2.778456,1978
10245,r4i1p1f1,1978,01,19,20.03522498653183,7.4549127,2.827576,1978
10246,r4i1p1f1,1978,01,20,6.484226673728699,6.0388217,-2.0355978,1978
10247,r4i1p1f1,1978,01,21,1.3304680181676076,3.8792005,-4.9619794,1978
10248,r4i1p1f1,1978,01,22,0.6909221562452217,3.490724,-8.838806,1978
10249,r4i1p1f1,1978,01,23,17.605205208565167,6.5083113,-2.1327212,1978
10250,r4i1p1f1,1978,01,24,26.367076684255153,4.926681,1.4678726,1978
10251,r4i1p1f1,1978,01,25,3.9471501723312485,6.393198,-3.833363,1978
10252,r4i1p1f1,1978,01,26,7.582165735448143,4.1889834,-3.635348,1978
10253,r4i1p1f1,1978,01,27,0.008012684429559158,4.952368,-4.806599,1978
10254,r4i1p1f1,1978,01,28,0.0,8.512106,-4.8333325,1978
10255,r4i1p1f1,1978,01,29,0.33000493241104323,8.740879,-4.7205405,1978
10256,r4i1p1f1,1978,01,30,0.15059849937983927,11.195147,3.002195,1978
10257,r4i1p1f1,1978,01,31,0.0,12.083383,-1.4424498,1978
10258,r4i1p1f1,1978,02,01,0.0,13.478794,-0.3700968,1978
10259,r4i1p1f1,1978,02,02,0.0,11.708412,-0.955787,1978
10260,r4i1p1f1,1978,02,03,0.0,12.686078,2.397879,1978
10261,r4i1p1f1,1978,02,04,0.0,13.146912,5.9820256,1978
10262,r4i1p1f1,1978,02,05,5.599751981287682,8.854713,1.1741216,1978
10263,r4i1p1f1,1978,02,06,0.0,12.830646,0.50377214,1978
10264,r4i1p1f1,1978,02,07,0.0,11.887806,-0.02619934,1978
10265,r4i1p1f1,1978,02,08,0.0,12.045977,-0.60649693,1978
10266,r4i1p1f1,1978,02,09,0.0,12.904481,-0.011599064,1978
10267,r4i1p1f1,1978,02,10,0.0,12.44669,0.5455466,1978
10268,r4i1p1f1,1978,02,11,0.0,13.866309,0.6296099,1978
10269,r4i1p1f1,1978,02,12,0.0,13.56859,1.6724877,1978
10270,r4i1p1f1,1978,02,13,0.0,13.141366,1.815204,1978
10271,r4i1p1f1,1978,02,14,0.0,14.677227,2.1272697,1978
10272,r4i1p1f1,1978,02,15,0.0,14.494995,4.36487,1978
10273,r4i1p1f1,1978,02,16,0.00906120362742513,13.923394,5.4384656,1978
10274,r4i1p1f1,1978,02,17,0.18886087059684087,13.955805,4.217693,1978
10275,r4i1p1f1,1978,02,18,6.006617530522362,6.6729627,2.0793214,1978
10276,r4i1p1f1,1978,02,19,29.6868724100932,7.659701,1.4393307,1978
10277,r4i1p1f1,1978,02,20,7.440994684304769,7.566023,-3.7490513,1978
10278,r4i1p1f1,1978,02,21,6.4615473112553445,6.1895714,-5.6378994,1978
10279,r4i1p1f1,1978,02,22,33.45478181586259,5.313737,1.1958942,1978
10280,r4i1p1f1,1978,02,23,31.623472217688686,7.1195126,0.1747037,1978
10281,r4i1p1f1,1978,02,24,47.47839006467984,6.1532717,-3.2396462,1978
10282,r4i1p1f1,1978,02,25,10.805279865871853,3.3651934,-9.923292,1978
10283,r4i1p1f1,1978,02,26,27.55286422525387,11.707393,-0.7596205,1978
10284,r4i1p1f1,1978,02,27,12.085104637242239,5.809198,-7.524741,1978
10285,r4i1p1f1,1978,02,28,2.511971916328548,5.3655105,0.010081132,1978
10286,r4i1p1f1,1978,03,01,5.971607582728211,5.230706,-2.2613792,1978
10287,r4i1p1f1,1978,03,02,3.2403202445550505,8.714373,0.9987456,1978
10288,r4i1p1f1,1978,03,03,0.0,11.87776,-3.4691725,1978
10289,r4i1p1f1,1978,03,04,0.01253865583521474,11.2954645,0.6874276,1978
10290,r4i1p1f1,1978,03,05,0.0,12.210392,-4.3457303,1978
10291,r4i1p1f1,1978,03,06,0.0,12.643113,-2.2323275,1978
10292,r4i1p1f1,1978,03,07,8.909854089858982,7.360773,-2.3552485,1978
10293,r4i1p1f1,1978,03,08,0.0,12.778048,1.6965046,1978
10294,r4i1p1f1,1978,03,09,2.05292453287651,8.335168,-2.88999,1978
10295,r4i1p1f1,1978,03,10,10.248493708945716,8.244723,2.2154057,1978
10296,r4i1p1f1,1978,03,11,0.0,14.147976,4.1076565,1978
10297,r4i1p1f1,1978,03,12,0.0,14.426939,2.0366278,1978
10298,r4i1p1f1,1978,03,13,0.0,14.094103,3.3367212,1978
10299,r4i1p1f1,1978,03,14,0.0,16.913242,3.4117475,1978
10300,r4i1p1f1,1978,03,15,0.0,18.142717,4.921091,1978
10301,r4i1p1f1,1978,03,16,0.0,16.019833,6.348741,1978
10302,r4i1p1f1,1978,03,17,0.0,20.32877,3.78125,1978
10303,r4i1p1f1,1978,03,18,0.0,22.106058,5.9861116,1978
10304,r4i1p1f1,1978,03,19,0.0,21.79952,6.5976844,1978
10305,r4i1p1f1,1978,03,20,0.0,20.173725,6.601179,1978
10306,r4i1p1f1,1978,03,21,40.78116033851984,13.719847,2.8084724,1978
10307,r4i1p1f1,1978,03,22,0.0,14.786155,2.0080988,1978
10308,r4i1p1f1,1978,03,23,0.0,16.687006,3.1554575,1978
10309,r4i1p1f1,1978,03,24,12.34837534111648,12.120323,0.77545696,1978
10310,r4i1p1f1,1978,03,25,44.54466495444649,8.983723,-0.25702345,1978
10311,r4i1p1f1,1978,03,26,0.0,13.745728,0.75031924,1978
10312,r4i1p1f1,1978,03,27,0.0,15.410941,0.5939988,1978
10313,r4i1p1f1,1978,03,28,0.0,16.529873,1.4950913,1978
10314,r4i1p1f1,1978,03,29,0.0,16.5963,1.2936683,1978
10315,r4i1p1f1,1978,03,30,0.0,17.526527,1.7591318,1978
10316,r4i1p1f1,1978,03,31,0.0,17.75627,5.8298306,1978
10317,r4i1p1f1,1978,04,01,3.7232625964691124,14.753828,1.1866438,1978
10318,r4i1p1f1,1978,04,02,0.0,17.588463,2.4408343,1978
10319,r4i1p1f1,1978,04,03,0.0007299620619960479,20.088314,4.540411,1978
10320,r4i1p1f1,1978,04,04,0.0,22.374874,6.2045655,1978
10321,r4i1p1f1,1978,04,05,0.0,22.578115,6.1373053,1978
10322,r4i1p1f1,1978,04,06,0.0,23.273045,8.021065,1978
10323,r4i1p1f1,1978,04,07,0.0,19.681396,3.655534,1978
10324,r4i1p1f1,1978,04,08,0.0,18.64001,0.079549044,1978
10325,r4i1p1f1,1978,04,09,0.0,18.285637,1.2525194,1978
10326,r4i1p1f1,1978,04,10,0.0021205709572313935,17.96945,3.6984231,1978
10327,r4i1p1f1,1978,04,11,11.171223659880525,13.473709,1.3836133,1978
10328,r4i1p1f1,1978,04,12,1.8011994382810315,14.810686,2.9040442,1978
10329,r4i1p1f1,1978,04,13,0.032602181400420704,17.380085,4.711429,1978
10330,r4i1p1f1,1978,04,14,0.0,11.758027,-0.052179072,1978
10331,r4i1p1f1,1978,04,15,0.04278450169294956,12.116619,0.38655123,1978
10332,r4i1p1f1,1978,04,16,0.0,12.953411,3.083371,1978
10333,r4i1p1f1,1978,04,17,35.09341481621959,7.0506725,1.3514898,1978
10334,r4i1p1f1,1978,04,18,51.48729332795483,7.218355,0.20717451,1978
10335,r4i1p1f1,1978,04,19,1.5801460394186506,8.428288,-2.280606,1978
10336,r4i1p1f1,1978,04,20,0.0,9.4109,-0.32188156,1978
10337,r4i1p1f1,1978,04,21,0.0,15.018472,0.25149786,1978
10338,r4i1p1f1,1978,04,22,0.0,17.322605,0.92472434,1978
10339,r4i1p1f1,1978,04,23,0.0,17.366423,1.7945951,1978
10340,r4i1p1f1,1978,04,24,0.0,17.635033,2.1042268,1978
10341,r4i1p1f1,1978,04,25,0.0,19.913496,3.62049,1978
10342,r4i1p1f1,1978,04,26,0.0,21.29341,3.9785478,1978
10343,r4i1p1f1,1978,04,27,0.0,21.229298,6.4399495,1978
10344,r4i1p1f1,1978,04,28,0.0,21.96349,7.4705014,1978
10345,r4i1p1f1,1978,04,29,0.0,21.131485,5.7667103,1978
10346,r4i1p1f1,1978,04,30,0.06555154877787572,17.873034,3.106419,1978
10347,r4i1p1f1,1978,05,01,27.979449091799324,9.541753,0.68471014,1978
10348,r4i1p1f1,1978,05,02,9.285249564300102,5.6713314,-3.5131924,1978
10349,r4i1p1f1,1978,05,03,0.0,12.743573,-1.9523607,1978
10350,r4i1p1f1,1978,05,04,0.02084685443151102,15.8022,0.313882,1978
10351,r4i1p1f1,1978,05,05,1.4756049226889445,14.833847,1.7148557,1978
10352,r4i1p1f1,1978,05,06,0.0,19.017576,1.9955163,1978
10353,r4i1p1f1,1978,05,07,0.0,20.120836,5.29999,1978
10354,r4i1p1f1,1978,05,08,0.013299993588589132,19.388905,6.235885,1978
10355,r4i1p1f1,1978,05,09,0.0,18.231222,4.0171385,1978
10356,r4i1p1f1,1978,05,10,1.6454334405807458,15.962211,2.4388094,1978
10357,r4i1p1f1,1978,05,11,0.3548114283148607,15.5028925,3.2506502,1978
10358,r4i1p1f1,1978,05,12,0.003425613704166608,14.654088,1.2561346,1978
10359,r4i1p1f1,1978,05,13,0.0,17.63051,2.409165,1978
10360,r4i1p1f1,1978,05,14,0.0,20.652737,3.385638,1978
10361,r4i1p1f1,1978,05,15,0.0,22.795738,5.3482876,1978
10362,r4i1p1f1,1978,05,16,0.0,22.375633,6.1906195,1978
10363,r4i1p1f1,1978,05,17,0.0,24.151876,7.84768,1978
10364,r4i1p1f1,1978,05,18,0.0,25.225891,9.246689,1978
10365,r4i1p1f1,1978,05,19,0.0,26.429152,10.277718,1978
10366,r4i1p1f1,1978,05,20,0.0,27.65352,10.89513,1978
10367,r4i1p1f1,1978,05,21,1.6873427020414056,23.086678,8.079988,1978
10368,r4i1p1f1,1978,05,22,5.0305626438841955,15.343277,0.72778016,1978
10369,r4i1p1f1,1978,05,23,0.024048676641541533,24.34107,9.01315,1978
10370,r4i1p1f1,1978,05,24,0.0,24.105318,6.5290766,1978
10371,r4i1p1f1,1978,05,25,0.0,23.401987,7.053514,1978
10372,r4i1p1f1,1978,05,26,0.0,23.499834,7.466181,1978
10373,r4i1p1f1,1978,05,27,0.0,22.330364,7.186892,1978
10374,r4i1p1f1,1978,05,28,10.68995860830455,14.349062,8.012038,1978
10375,r4i1p1f1,1978,05,29,0.020924077148265496,16.414873,9.656381,1978
10376,r4i1p1f1,1978,05,30,0.0,23.630354,7.114196,1978
10377,r4i1p1f1,1978,05,31,0.0,27.279472,8.807871,1978
10378,r4i1p1f1,1978,06,01,0.0,31.57877,10.569396,1978
10379,r4i1p1f1,1978,06,02,0.0,31.85372,11.30487,1978
10380,r4i1p1f1,1978,06,03,0.0,32.68784,12.877147,1978
10381,r4i1p1f1,1978,06,04,0.0,31.34924,12.72476,1978
10382,r4i1p1f1,1978,06,05,0.0,31.164137,12.640222,1978
10383,r4i1p1f1,1978,06,06,0.0,27.725765,9.925333,1978
10384,r4i1p1f1,1978,06,07,0.0,26.750044,8.709099,1978
10385,r4i1p1f1,1978,06,08,0.027941228040617716,28.9697,9.893276,1978
10386,r4i1p1f1,1978,06,09,0.05777516948910488,30.090284,11.311177,1978
10387,r4i1p1f1,1978,06,10,0.0,29.243015,10.445068,1978
10388,r4i1p1f1,1978,06,11,0.006867203637739294,29.30654,12.400524,1978
10389,r4i1p1f1,1978,06,12,0.005857343580828456,29.885323,11.39184,1978
10390,r4i1p1f1,1978,06,13,0.12595189718922484,30.777863,12.201556,1978
10391,r4i1p1f1,1978,06,14,0.0,30.065168,13.290775,1978
10392,r4i1p1f1,1978,06,15,0.0,30.795881,12.377697,1978
10393,r4i1p1f1,1978,06,16,0.0,26.306353,7.7312164,1978
10394,r4i1p1f1,1978,06,17,0.0,23.468788,5.6263504,1978
10395,r4i1p1f1,1978,06,18,0.0,22.60149,6.268192,1978
10396,r4i1p1f1,1978,06,19,0.04840523761231452,21.314331,5.7065334,1978
10397,r4i1p1f1,1978,06,20,4.299085810347947,15.988159,5.84121,1978
10398,r4i1p1f1,1978,06,21,2.996714190851435,15.459059,7.2841396,1978
10399,r4i1p1f1,1978,06,22,0.16108865452224563,19.880392,5.9861712,1978
10400,r4i1p1f1,1978,06,23,0.3112564683817709,21.679708,6.8710675,1978
10401,r4i1p1f1,1978,06,24,0.025154960167128593,24.555618,8.244082,1978
10402,r4i1p1f1,1978,06,25,0.0,24.163055,8.1616335,1978
10403,r4i1p1f1,1978,06,26,0.0,24.477179,6.961109,1978
10404,r4i1p1f1,1978,06,27,0.0,25.317354,7.4661875,1978
10405,r4i1p1f1,1978,06,28,0.0,24.603,7.892245,1978
10406,r4i1p1f1,1978,06,29,0.1776843003653994,17.41173,5.778673,1978
10407,r4i1p1f1,1978,06,30,0.0,23.049778,7.544325,1978
10408,r4i1p1f1,1978,07,01,0.0,25.928074,8.919713,1978
10409,r4i1p1f1,1978,07,02,0.0,28.1066,9.235878,1978
10410,r4i1p1f1,1978,07,03,0.0,27.854208,10.223942,1978
10411,r4i1p1f1,1978,07,04,0.0,27.851755,10.837528,1978
10412,r4i1p1f1,1978,07,05,0.0,29.054884,11.212419,1978
10413,r4i1p1f1,1978,07,06,0.0,30.218946,11.067356,1978
10414,r4i1p1f1,1978,07,07,0.0,31.400108,11.998255,1978
10415,r4i1p1f1,1978,07,08,0.0,31.193974,11.768985,1978
10416,r4i1p1f1,1978,07,09,0.0,31.416023,13.155733,1978
10417,r4i1p1f1,1978,07,10,0.0,27.805964,10.676798,1978
10418,r4i1p1f1,1978,07,11,0.0,21.7926,5.628577,1978
10419,r4i1p1f1,1978,07,12,0.0,23.407055,7.8154907,1978
10420,r4i1p1f1,1978,07,13,0.0,27.162298,8.623791,1978
10421,r4i1p1f1,1978,07,14,0.0,28.993046,9.335405,1978
10422,r4i1p1f1,1978,07,15,0.0,28.530025,9.186605,1978
10423,r4i1p1f1,1978,07,16,0.0,26.12456,8.754848,1978
10424,r4i1p1f1,1978,07,17,0.0,29.24009,9.474683,1978
10425,r4i1p1f1,1978,07,18,0.0,32.145218,12.457055,1978
10426,r4i1p1f1,1978,07,19,0.0,31.935722,13.612156,1978
10427,r4i1p1f1,1978,07,20,0.0,32.30696,14.395538,1978
10428,r4i1p1f1,1978,07,21,0.0,33.16925,15.372441,1978
10429,r4i1p1f1,1978,07,22,0.0,34.356953,15.781509,1978
10430,r4i1p1f1,1978,07,23,0.0,35.68247,17.875957,1978
10431,r4i1p1f1,1978,07,24,3.162515958567269,34.63662,19.402664,1978
10432,r4i1p1f1,1978,07,25,0.3631889418841183,29.932182,12.212109,1978
10433,r4i1p1f1,1978,07,26,0.28668425033373524,28.075605,10.909689,1978
10434,r4i1p1f1,1978,07,27,0.15568637338674307,27.260942,11.610681,1978
10435,r4i1p1f1,1978,07,28,0.0,28.645987,11.4573555,1978
10436,r4i1p1f1,1978,07,29,0.07614862497575814,30.843807,13.850491,1978
10437,r4i1p1f1,1978,07,30,0.0019021097614313476,29.467916,12.098982,1978
10438,r4i1p1f1,1978,07,31,0.0,28.930534,11.624858,1978
10439,r4i1p1f1,1978,08,01,0.0,26.171835,10.491405,1978
10440,r4i1p1f1,1978,08,02,0.0,29.655561,12.713486,1978
10441,r4i1p1f1,1978,08,03,0.0,32.353012,13.148861,1978
10442,r4i1p1f1,1978,08,04,0.0,30.299063,13.22227,1978
10443,r4i1p1f1,1978,08,05,0.0,29.82397,11.407496,1978
10444,r4i1p1f1,1978,08,06,0.0,29.623796,10.15741,1978
10445,r4i1p1f1,1978,08,07,0.0,27.079657,8.113793,1978
10446,r4i1p1f1,1978,08,08,0.0,28.820774,9.615014,1978
10447,r4i1p1f1,1978,08,09,0.0,28.919914,10.966986,1978
10448,r4i1p1f1,1978,08,10,0.0,28.985176,10.541623,1978
10449,r4i1p1f1,1978,08,11,0.0,28.366564,9.956016,1978
10450,r4i1p1f1,1978,08,12,0.0,31.269236,12.151833,1978
10451,r4i1p1f1,1978,08,13,0.0,32.349854,13.423884,1978
10452,r4i1p1f1,1978,08,14,0.0,32.433365,14.688592,1978
10453,r4i1p1f1,1978,08,15,0.0,31.336565,12.747562,1978
10454,r4i1p1f1,1978,08,16,0.0,29.804976,11.460268,1978
10455,r4i1p1f1,1978,08,17,0.011796666512964293,28.666813,12.388115,1978
10456,r4i1p1f1,1978,08,18,0.0,29.132545,10.904903,1978
10457,r4i1p1f1,1978,08,19,0.0,31.454529,13.257999,1978
10458,r4i1p1f1,1978,08,20,0.0,32.043148,14.4032,1978
10459,r4i1p1f1,1978,08,21,0.0,31.300167,12.1025095,1978
10460,r4i1p1f1,1978,08,22,0.0,24.384106,7.115157,1978
10461,r4i1p1f1,1978,08,23,0.0,24.361713,6.72837,1978
10462,r4i1p1f1,1978,08,24,0.0,23.934631,6.3515186,1978
10463,r4i1p1f1,1978,08,25,0.0,27.022615,7.852099,1978
10464,r4i1p1f1,1978,08,26,0.0,30.962864,10.251996,1978
10465,r4i1p1f1,1978,08,27,0.0,28.372038,10.443054,1978
10466,r4i1p1f1,1978,08,28,0.0,27.004545,9.663202,1978
10467,r4i1p1f1,1978,08,29,0.0,24.984777,7.5126624,1978
10468,r4i1p1f1,1978,08,30,0.0,21.927856,4.256603,1978
10469,r4i1p1f1,1978,08,31,0.0,24.212252,5.7450604,1978
10470,r4i1p1f1,1978,09,01,0.0,25.069046,8.284968,1978
10471,r4i1p1f1,1978,09,02,0.0,25.220953,9.197593,1978
10472,r4i1p1f1,1978,09,03,0.0,23.866531,9.876125,1978
10473,r4i1p1f1,1978,09,04,0.011575678757935748,21.907043,5.8946395,1978
10474,r4i1p1f1,1978,09,05,0.0,30.102427,10.412839,1978
10475,r4i1p1f1,1978,09,06,0.0,32.204144,12.354384,1978
10476,r4i1p1f1,1978,09,07,0.0,30.400286,11.19299,1978
10477,r4i1p1f1,1978,09,08,0.0,30.986803,12.083015,1978
10478,r4i1p1f1,1978,09,09,0.0,33.76552,14.971734,1978
10479,r4i1p1f1,1978,09,10,0.0,33.104153,16.332859,1978
10480,r4i1p1f1,1978,09,11,0.0,31.824043,14.122848,1978
10481,r4i1p1f1,1978,09,12,0.0,28.353477,11.079698,1978
10482,r4i1p1f1,1978,09,13,0.0,28.843113,11.925476,1978
10483,r4i1p1f1,1978,09,14,0.0,26.565203,10.14033,1978
10484,r4i1p1f1,1978,09,15,0.0,26.575174,9.590549,1978
10485,r4i1p1f1,1978,09,16,0.0,21.885216,5.911766,1978
10486,r4i1p1f1,1978,09,17,0.0,19.643196,5.1198773,1978
10487,r4i1p1f1,1978,09,18,0.0,20.97959,3.6233838,1978
10488,r4i1p1f1,1978,09,19,0.0,21.334974,6.1487303,1978
10489,r4i1p1f1,1978,09,20,0.899752942888199,16.023005,4.376941,1978
10490,r4i1p1f1,1978,09,21,0.0,23.224112,5.953863,1978
10491,r4i1p1f1,1978,09,22,0.0,24.05414,8.096749,1978
10492,r4i1p1f1,1978,09,23,0.0,30.411217,11.289448,1978
10493,r4i1p1f1,1978,09,24,0.0,29.812967,12.267338,1978
10494,r4i1p1f1,1978,09,25,0.0,29.90393,10.857197,1978
10495,r4i1p1f1,1978,09,26,0.0,31.007286,12.087498,1978
10496,r4i1p1f1,1978,09,27,0.0,31.700949,13.101544,1978
10497,r4i1p1f1,1978,09,28,0.0,30.893467,11.516434,1978
10498,r4i1p1f1,1978,09,29,0.0,28.620598,9.790604,1978
10499,r4i1p1f1,1978,09,30,0.0,28.029572,8.825615,1978
10500,r4i1p1f1,1978,10,01,0.0,27.220852,9.690597,1978
10501,r4i1p1f1,1978,10,02,0.033237803950214584,19.342365,3.5882823,1978
10502,r4i1p1f1,1978,10,03,3.2774891193810163,7.825616,-3.5246851,1978
10503,r4i1p1f1,1978,10,04,0.0,10.131645,1.8849885,1978
10504,r4i1p1f1,1978,10,05,28.301370673943893,10.944879,5.6619287,1978
10505,r4i1p1f1,1978,10,06,0.9795117419969301,16.26927,3.4866576,1978
10506,r4i1p1f1,1978,10,07,0.0,15.212948,2.0135756,1978
10507,r4i1p1f1,1978,10,08,0.0,15.995335,3.25213,1978
10508,r4i1p1f1,1978,10,09,0.1259454868886678,16.80297,4.4953103,1978
10509,r4i1p1f1,1978,10,10,11.25896227663219,15.646291,3.3015852,1978
10510,r4i1p1f1,1978,10,11,0.0,15.5190735,2.1608975,1978
10511,r4i1p1f1,1978,10,12,0.038987083735264605,14.84569,4.3531775,1978
10512,r4i1p1f1,1978,10,13,0.0,18.711456,4.3389874,1978
10513,r4i1p1f1,1978,10,14,0.0,21.632933,6.0214434,1978
10514,r4i1p1f1,1978,10,15,0.0,22.021912,6.676133,1978
10515,r4i1p1f1,1978,10,16,0.0,21.801218,5.911836,1978
10516,r4i1p1f1,1978,10,17,0.0,22.437714,7.177925,1978
10517,r4i1p1f1,1978,10,18,0.0,20.892479,6.012194,1978
10518,r4i1p1f1,1978,10,19,0.0,20.021235,7.1625805,1978
10519,r4i1p1f1,1978,10,20,0.0,19.42529,7.2986627,1978
10520,r4i1p1f1,1978,10,21,0.0,22.140339,6.5482807,1978
10521,r4i1p1f1,1978,10,22,0.0,24.016903,8.352619,1978
10522,r4i1p1f1,1978,10,23,0.0,23.2958,8.13384,1978
10523,r4i1p1f1,1978,10,24,0.0,21.698944,7.6502056,1978
10524,r4i1p1f1,1978,10,25,0.0,21.478355,6.6975403,1978
10525,r4i1p1f1,1978,10,26,0.0,20.378347,7.8800955,1978
10526,r4i1p1f1,1978,10,27,0.0,21.731064,8.011803,1978
10527,r4i1p1f1,1978,10,28,0.0,20.467915,7.030808,1978
10528,r4i1p1f1,1978,10,29,0.0,22.333838,7.373069,1978
10529,r4i1p1f1,1978,10,30,0.0,24.73044,7.442325,1978
10530,r4i1p1f1,1978,10,31,0.0,23.135033,8.090578,1978
10531,r4i1p1f1,1978,11,01,0.018961139176099095,11.983882,-2.614269,1978
10532,r4i1p1f1,1978,11,02,0.0,12.754482,-0.4351105,1978
10533,r4i1p1f1,1978,11,03,0.0,14.952046,0.12040695,1978
10534,r4i1p1f1,1978,11,04,14.380621101190627,14.897182,3.1334546,1978
10535,r4i1p1f1,1978,11,05,11.13801356177646,11.143678,1.6056718,1978
10536,r4i1p1f1,1978,11,06,0.0,14.587956,2.819088,1978
10537,r4i1p1f1,1978,11,07,0.0,16.85043,6.084517,1978
10538,r4i1p1f1,1978,11,08,0.0,15.729094,3.7553673,1978
10539,r4i1p1f1,1978,11,09,0.034954539785303496,15.723704,5.7782965,1978
10540,r4i1p1f1,1978,11,10,2.0652692215179513,10.779042,1.3371595,1978
10541,r4i1p1f1,1978,11,11,0.14146469490441405,12.157705,5.4681244,1978
10542,r4i1p1f1,1978,11,12,0.0,11.899646,2.2503853,1978
10543,r4i1p1f1,1978,11,13,0.011266240471741185,15.152361,2.31725,1978
10544,r4i1p1f1,1978,11,14,0.0,12.100533,2.5675442,1978
10545,r4i1p1f1,1978,11,15,16.553047294269163,11.754831,2.3865023,1978
10546,r4i1p1f1,1978,11,16,30.322186443709143,11.153844,6.6151953,1978
10547,r4i1p1f1,1978,11,17,9.90217236526405,11.03262,4.776448,1978
10548,r4i1p1f1,1978,11,18,13.259144963012659,12.195144,5.5184274,1978
10549,r4i1p1f1,1978,11,19,4.1153720506827085,12.330981,6.947516,1978
10550,r4i1p1f1,1978,11,20,30.251781004517397,12.091558,6.9589815,1978
10551,r4i1p1f1,1978,11,21,0.10363088471194715,14.778948,7.4259,1978
10552,r4i1p1f1,1978,11,22,5.4541412833032155,15.037389,7.7337875,1978
10553,r4i1p1f1,1978,11,23,3.6590715317686318,15.31332,5.871763,1978
10554,r4i1p1f1,1978,11,24,4.215554975883151,12.946103,-0.013958772,1978
10555,r4i1p1f1,1978,11,25,2.012048397821342,6.1151266,-3.4592206,1978
10556,r4i1p1f1,1978,11,26,0.030460621152883505,8.672942,-2.779953,1978
10557,r4i1p1f1,1978,11,27,0.5605172397650904,11.004808,4.5970206,1978
10558,r4i1p1f1,1978,11,28,35.83271749266714,11.1184845,1.3516992,1978
10559,r4i1p1f1,1978,11,29,0.38085028060095283,11.493897,2.5617495,1978
10560,r4i1p1f1,1978,11,30,1.4759257594135988,11.349251,0.9248443,1978
10561,r4i1p1f1,1978,12,01,7.4596516907149635,7.173524,2.6430244,1978
10562,r4i1p1f1,1978,12,02,0.003444203957769787,8.667562,1.5728626,1978
10563,r4i1p1f1,1978,12,03,0.0,7.9805045,0.5543275,1978
10564,r4i1p1f1,1978,12,04,5.810298912865619,6.467993,1.0351484,1978
10565,r4i1p1f1,1978,12,05,0.326214607870412,6.3695445,-0.19018126,1978
10566,r4i1p1f1,1978,12,06,0.0,11.169575,-0.13242657,1978
10567,r4i1p1f1,1978,12,07,0.0,12.925113,0.92428344,1978
10568,r4i1p1f1,1978,12,08,0.0,13.97023,1.1029911,1978
10569,r4i1p1f1,1978,12,09,0.0,13.004732,1.421102,1978
10570,r4i1p1f1,1978,12,10,0.0,13.801201,1.3680354,1978
10571,r4i1p1f1,1978,12,11,0.0,13.822493,2.002429,1978
10572,r4i1p1f1,1978,12,12,0.0,13.604255,1.3105397,1978
10573,r4i1p1f1,1978,12,13,0.0,14.351436,1.6571249,1978
10574,r4i1p1f1,1978,12,14,0.0,14.704424,2.104884,1978
10575,r4i1p1f1,1978,12,15,0.0,14.81361,2.8510313,1978
10576,r4i1p1f1,1978,12,16,0.0,13.93359,2.7412183,1978
10577,r4i1p1f1,1978,12,17,0.0,17.009615,3.406303,1978
10578,r4i1p1f1,1978,12,18,0.0,17.426476,3.3861682,1978
10579,r4i1p1f1,1978,12,19,0.0,17.456951,4.451452,1978
10580,r4i1p1f1,1978,12,20,0.0,15.75492,3.9608793,1978
10581,r4i1p1f1,1978,12,21,0.0,14.547213,4.622034,1978
10582,r4i1p1f1,1978,12,22,0.0,13.941392,3.0040505,1978
10583,r4i1p1f1,1978,12,23,0.0,14.988017,1.1738076,1978
10584,r4i1p1f1,1978,12,24,0.0,14.506032,1.962343,1978
10585,r4i1p1f1,1978,12,25,0.0,12.465211,1.7339954,1978
10586,r4i1p1f1,1978,12,26,0.3764274765217124,11.198272,1.8608407,1978
10587,r4i1p1f1,1978,12,27,0.8073060518540842,9.590332,1.8770375,1978
10588,r4i1p1f1,1978,12,28,0.0,10.522335,-1.0640779,1978
10589,r4i1p1f1,1978,12,29,0.0,9.545599,-1.784287,1978
10590,r4i1p1f1,1978,12,30,0.0,9.925957,-0.74356246,1978
10591,r4i1p1f1,1978,12,31,0.0,9.866052,-1.1402956,1978
10592,r4i1p1f1,1979,01,01,0.0,11.678333,-2.5150003,1979
10593,r4i1p1f1,1979,01,02,0.0,11.418291,-1.4707925,1979
10594,r4i1p1f1,1979,01,03,0.0,11.557312,-1.1210166,1979
10595,r4i1p1f1,1979,01,04,0.0,10.668079,-1.3050735,1979
10596,r4i1p1f1,1979,01,05,0.0,12.548355,-0.78673154,1979
10597,r4i1p1f1,1979,01,06,0.0,11.746804,-1.5600784,1979
10598,r4i1p1f1,1979,01,07,0.0,7.526267,-5.0678277,1979
10599,r4i1p1f1,1979,01,08,0.0,9.885433,-4.0836945,1979
10600,r4i1p1f1,1979,01,09,0.8613385500268578,7.165996,-2.2809873,1979
10601,r4i1p1f1,1979,01,10,0.0,6.69733,-5.8546305,1979
10602,r4i1p1f1,1979,01,11,0.0,7.6523914,-4.8833566,1979
10603,r4i1p1f1,1979,01,12,0.0,8.163893,-4.272554,1979
10604,r4i1p1f1,1979,01,13,5.977885519268966,4.6575108,-5.9275846,1979
10605,r4i1p1f1,1979,01,14,1.4690703589860021,7.2024517,-1.0974666,1979
10606,r4i1p1f1,1979,01,15,0.31366074075336314,7.6190906,-0.5146377,1979
10607,r4i1p1f1,1979,01,16,0.0,4.569887,-6.4333053,1979
10608,r4i1p1f1,1979,01,17,0.0,3.6542401,-7.9256864,1979
10609,r4i1p1f1,1979,01,18,0.0,5.7095776,-5.520923,1979
10610,r4i1p1f1,1979,01,19,0.0,7.1314297,-4.0071206,1979
10611,r4i1p1f1,1979,01,20,0.0,5.2397103,-4.843161,1979
10612,r4i1p1f1,1979,01,21,0.1259321865134666,8.465196,-1.8317451,1979
10613,r4i1p1f1,1979,01,22,0.03398817882498406,9.645074,-0.11963267,1979
10614,r4i1p1f1,1979,01,23,0.0,8.950356,-1.90362,1979
10615,r4i1p1f1,1979,01,24,0.2649843427434462,5.7596607,-2.3589575,1979
10616,r4i1p1f1,1979,01,25,4.48673433494946,3.9771347,-4.329602,1979
10617,r4i1p1f1,1979,01,26,19.115409475307388,4.142265,-1.4554111,1979
10618,r4i1p1f1,1979,01,27,0.7562308047525335,3.6946287,-2.0972788,1979
10619,r4i1p1f1,1979,01,28,0.0,6.5230455,-9.144232,1979
10620,r4i1p1f1,1979,01,29,0.0,3.190988,-10.942684,1979
10621,r4i1p1f1,1979,01,30,0.0,3.61629,-9.8885145,1979
10622,r4i1p1f1,1979,01,31,45.84615863932413,2.871211,-4.81364,1979
10623,r4i1p1f1,1979,02,01,0.8345811547769699,7.7674274,-4.431564,1979
10624,r4i1p1f1,1979,02,02,0.0,10.733273,-3.7897093,1979
10625,r4i1p1f1,1979,02,03,11.834022062794247,9.445819,-3.4679136,1979
10626,r4i1p1f1,1979,02,04,17.548740094935056,8.828415,2.9851296,1979
10627,r4i1p1f1,1979,02,05,0.4957736549400238,10.314869,-1.6462569,1979
10628,r4i1p1f1,1979,02,06,4.930117812023127,9.132374,2.9001408,1979
10629,r4i1p1f1,1979,02,07,10.472399168247648,8.465017,3.563754,1979
10630,r4i1p1f1,1979,02,08,3.7728278611254495,11.127764,3.2809913,1979
10631,r4i1p1f1,1979,02,09,0.029157154540371266,14.058832,5.5024433,1979
10632,r4i1p1f1,1979,02,10,1.1809022867794283,11.026675,2.2554495,1979
10633,r4i1p1f1,1979,02,11,9.750698901007127,8.140163,2.6332822,1979
10634,r4i1p1f1,1979,02,12,21.570242167399556,9.026554,2.970891,1979
10635,r4i1p1f1,1979,02,13,10.177265422998971,10.862375,2.8213062,1979
10636,r4i1p1f1,1979,02,14,0.0,12.552654,-0.60334104,1979
10637,r4i1p1f1,1979,02,15,0.0,10.622215,-1.4834672,1979
10638,r4i1p1f1,1979,02,16,0.0,9.952979,0.08077674,1979
10639,r4i1p1f1,1979,02,17,0.0,7.985973,1.3428771,1979
10640,r4i1p1f1,1979,02,18,0.0,8.477243,-0.25655952,1979
10641,r4i1p1f1,1979,02,19,0.08586580358951323,8.845658,2.1231704,1979
10642,r4i1p1f1,1979,02,20,30.049038614379242,7.972559,1.5875034,1979
10643,r4i1p1f1,1979,02,21,6.599648840887085,8.095289,0.6461791,1979
10644,r4i1p1f1,1979,02,22,7.360943641288031e-05,10.635526,1.267313,1979
10645,r4i1p1f1,1979,02,23,0.6075658949299623,9.66317,4.511119,1979
10646,r4i1p1f1,1979,02,24,0.0,13.011673,1.4431862,1979
10647,r4i1p1f1,1979,02,25,0.0,16.207163,2.3280072,1979
10648,r4i1p1f1,1979,02,26,0.0,16.127316,2.62206,1979
10649,r4i1p1f1,1979,02,27,0.0,15.97668,3.0186832,1979
10650,r4i1p1f1,1979,02,28,0.021917485605627007,13.960043,3.7496588,1979
10651,r4i1p1f1,1979,03,01,14.207018695378792,7.1849017,0.6572138,1979
10652,r4i1p1f1,1979,03,02,85.38663318468025,8.744409,1.7818205,1979
10653,r4i1p1f1,1979,03,03,2.6030357858530806,7.0252566,-2.420548,1979
10654,r4i1p1f1,1979,03,04,0.0033038565845799894,8.923244,-0.9808021,1979
10655,r4i1p1f1,1979,03,05,0.0,11.581935,-2.7856302,1979
10656,r4i1p1f1,1979,03,06,0.0,14.864058,-0.3319061,1979
10657,r4i1p1f1,1979,03,07,0.0,15.582631,1.1205908,1979
10658,r4i1p1f1,1979,03,08,0.0,15.67787,1.7440248,1979
10659,r4i1p1f1,1979,03,09,0.0,15.945494,2.5236864,1979
10660,r4i1p1f1,1979,03,10,0.036905534994957634,15.254375,1.3333594,1979
10661,r4i1p1f1,1979,03,11,0.8355511143690819,10.519589,2.3477297,1979
10662,r4i1p1f1,1979,03,12,0.0,11.178809,2.6642926,1979
10663,r4i1p1f1,1979,03,13,1.975976162623283,9.318924,1.3565104,1979
10664,r4i1p1f1,1979,03,14,9.983428196562727,7.444311,-0.4745867,1979
10665,r4i1p1f1,1979,03,15,0.0,13.29516,3.8783197,1979
10666,r4i1p1f1,1979,03,16,0.0,13.72063,0.7473824,1979
10667,r4i1p1f1,1979,03,17,0.08162240414861799,11.128906,4.0417566,1979
10668,r4i1p1f1,1979,03,18,18.71612396804494,11.03009,3.774954,1979
10669,r4i1p1f1,1979,03,19,17.56323908587092,10.894185,4.45936,1979
10670,r4i1p1f1,1979,03,20,6.136135684437249,9.288136,4.782872,1979
10671,r4i1p1f1,1979,03,21,2.6242051958433876,11.050158,2.7227566,1979
10672,r4i1p1f1,1979,03,22,0.0,13.894277,0.08801535,1979
10673,r4i1p1f1,1979,03,23,0.0,15.85103,0.14904557,1979
10674,r4i1p1f1,1979,03,24,0.0,16.985764,1.0411549,1979
10675,r4i1p1f1,1979,03,25,0.0,18.837128,2.374236,1979
10676,r4i1p1f1,1979,03,26,0.0,20.210308,3.2332911,1979
10677,r4i1p1f1,1979,03,27,0.0,21.65424,3.8366013,1979
10678,r4i1p1f1,1979,03,28,0.0,20.419758,3.9390929,1979
10679,r4i1p1f1,1979,03,29,0.0,19.22136,3.3543854,1979
10680,r4i1p1f1,1979,03,30,1.2795233717270094,12.676873,-1.9365739,1979
10681,r4i1p1f1,1979,03,31,0.0,14.263026,-0.15517956,1979
10682,r4i1p1f1,1979,04,01,0.0,16.910397,0.78875554,1979
10683,r4i1p1f1,1979,04,02,0.0,18.472582,0.68472666,1979
10684,r4i1p1f1,1979,04,03,0.0,19.930735,2.6066387,1979
10685,r4i1p1f1,1979,04,04,0.0,20.20131,5.764002,1979
10686,r4i1p1f1,1979,04,05,0.0,22.337633,4.179228,1979
10687,r4i1p1f1,1979,04,06,0.0,20.213428,3.403779,1979
10688,r4i1p1f1,1979,04,07,0.0,19.149204,3.1099236,1979
10689,r4i1p1f1,1979,04,08,0.0,16.961876,2.7938254,1979
10690,r4i1p1f1,1979,04,09,0.0,15.937239,0.8277441,1979
10691,r4i1p1f1,1979,04,10,0.0,18.807558,-0.5569566,1979
10692,r4i1p1f1,1979,04,11,0.0,21.175161,2.8075633,1979
10693,r4i1p1f1,1979,04,12,0.0,22.281464,3.3242621,1979
10694,r4i1p1f1,1979,04,13,0.05275802118376305,18.556948,1.4046805,1979
10695,r4i1p1f1,1979,04,14,0.0,17.644094,0.6049164,1979
10696,r4i1p1f1,1979,04,15,0.0,18.568916,0.6700759,1979
10697,r4i1p1f1,1979,04,16,0.0,21.62425,2.630339,1979
10698,r4i1p1f1,1979,04,17,0.0,22.82052,4.700278,1979
10699,r4i1p1f1,1979,04,18,0.0,24.952797,6.745212,1979
10700,r4i1p1f1,1979,04,19,0.0,25.18092,9.376067,1979
10701,r4i1p1f1,1979,04,20,0.0,26.13599,7.857122,1979
10702,r4i1p1f1,1979,04,21,4.343021550266712,17.247509,0.8991909,1979
10703,r4i1p1f1,1979,04,22,2.9304487388799316,14.466732,-0.36677635,1979
10704,r4i1p1f1,1979,04,23,1.7677803806094516,14.522542,1.2759004,1979
10705,r4i1p1f1,1979,04,24,41.35569839127129,11.701645,-1.3192738,1979
10706,r4i1p1f1,1979,04,25,0.0,13.167863,1.0410184,1979
10707,r4i1p1f1,1979,04,26,0.0,15.138016,0.6234774,1979
10708,r4i1p1f1,1979,04,27,0.07788292402706176,15.889979,5.2708993,1979
10709,r4i1p1f1,1979,04,28,0.0,16.979342,3.9249828,1979
10710,r4i1p1f1,1979,04,29,1.148558421525081,14.321742,3.0383189,1979
10711,r4i1p1f1,1979,04,30,0.49341227086188155,15.654014,0.96148396,1979
10712,r4i1p1f1,1979,05,01,0.0,18.043459,2.5857396,1979
10713,r4i1p1f1,1979,05,02,0.0,18.927212,4.191866,1979
10714,r4i1p1f1,1979,05,03,0.0,19.732979,3.836441,1979
10715,r4i1p1f1,1979,05,04,0.0,19.410566,6.7084217,1979
10716,r4i1p1f1,1979,05,05,0.0,22.932991,6.76663,1979
10717,r4i1p1f1,1979,05,06,0.0,24.096745,8.386821,1979
10718,r4i1p1f1,1979,05,07,0.0,27.524883,9.923817,1979
10719,r4i1p1f1,1979,05,08,0.0,27.512945,10.828229,1979
10720,r4i1p1f1,1979,05,09,0.14741482573299436,24.324272,8.849796,1979
10721,r4i1p1f1,1979,05,10,0.0,26.73308,10.665292,1979
10722,r4i1p1f1,1979,05,11,0.011174981494832537,26.193546,9.322061,1979
10723,r4i1p1f1,1979,05,12,0.0,25.698792,10.434531,1979
10724,r4i1p1f1,1979,05,13,0.0,26.877352,8.207222,1979
10725,r4i1p1f1,1979,05,14,3.1047397838960933,16.854,2.1628714,1979
10726,r4i1p1f1,1979,05,15,2.6622800166478555,17.823235,3.3544044,1979
10727,r4i1p1f1,1979,05,16,0.002036809974015341,23.368671,7.881407,1979
10728,r4i1p1f1,1979,05,17,0.21921692602191456,19.076689,3.2083435,1979
10729,r4i1p1f1,1979,05,18,0.0,24.566616,8.361862,1979
10730,r4i1p1f1,1979,05,19,0.0,26.26874,9.314411,1979
10731,r4i1p1f1,1979,05,20,0.02971127632349635,24.020466,10.529633,1979
10732,r4i1p1f1,1979,05,21,2.693184321520903,17.870665,6.000749,1979
10733,r4i1p1f1,1979,05,22,0.01384708132050605,18.382286,5.3668675,1979
10734,r4i1p1f1,1979,05,23,4.944648291575504,16.91153,7.4876504,1979
10735,r4i1p1f1,1979,05,24,0.0,22.54558,9.901402,1979
10736,r4i1p1f1,1979,05,25,0.0,24.681143,10.732319,1979
10737,r4i1p1f1,1979,05,26,0.0,26.946568,12.03692,1979
10738,r4i1p1f1,1979,05,27,0.0,26.333319,12.211371,1979
10739,r4i1p1f1,1979,05,28,0.0,27.308937,10.351291,1979
10740,r4i1p1f1,1979,05,29,0.0013193029644753551,26.43785,10.483817,1979
10741,r4i1p1f1,1979,05,30,0.0,27.352364,8.275893,1979
10742,r4i1p1f1,1979,05,31,0.0,24.979532,9.776072,1979
10743,r4i1p1f1,1979,06,01,26.539210405462654,14.68483,8.540455,1979
10744,r4i1p1f1,1979,06,02,8.112387489575212,16.726358,3.7257576,1979
10745,r4i1p1f1,1979,06,03,0.0,27.258749,8.708264,1979
10746,r4i1p1f1,1979,06,04,0.0,31.238241,11.920881,1979
10747,r4i1p1f1,1979,06,05,0.0,32.54493,12.90163,1979
10748,r4i1p1f1,1979,06,06,0.0,32.373028,13.46264,1979
10749,r4i1p1f1,1979,06,07,0.0,32.90649,13.624719,1979
10750,r4i1p1f1,1979,06,08,0.0,33.001083,13.900252,1979
10751,r4i1p1f1,1979,06,09,0.0,32.558662,14.415455,1979
10752,r4i1p1f1,1979,06,10,0.0,30.727726,12.752456,1979
10753,r4i1p1f1,1979,06,11,0.0,28.496145,12.007003,1979
10754,r4i1p1f1,1979,06,12,2.4362974852124353,22.371183,9.3965645,1979
10755,r4i1p1f1,1979,06,13,5.7362895780556755,12.640717,4.8183703,1979
10756,r4i1p1f1,1979,06,14,0.7837452650051091,12.858218,3.088229,1979
10757,r4i1p1f1,1979,06,15,2.4212530009236843,14.453733,2.2088785,1979
10758,r4i1p1f1,1979,06,16,0.39120208984968485,16.416435,7.1081934,1979
10759,r4i1p1f1,1979,06,17,1.7984718203990724,15.24705,4.615285,1979
10760,r4i1p1f1,1979,06,18,0.0039524599742435385,20.914438,5.917317,1979
10761,r4i1p1f1,1979,06,19,0.0,24.340506,9.353032,1979
10762,r4i1p1f1,1979,06,20,0.7318352530660377,23.475033,9.20083,1979
10763,r4i1p1f1,1979,06,21,4.862925026918674,21.960545,9.041065,1979
10764,r4i1p1f1,1979,06,22,1.8067143947234854,20.001469,10.818058,1979
10765,r4i1p1f1,1979,06,23,0.0009026416137203341,21.732439,7.514389,1979
10766,r4i1p1f1,1979,06,24,0.0,26.301046,10.70467,1979
10767,r4i1p1f1,1979,06,25,0.0,27.622215,10.861797,1979
10768,r4i1p1f1,1979,06,26,0.0,27.70629,10.303365,1979
10769,r4i1p1f1,1979,06,27,0.0,28.822968,11.431911,1979
10770,r4i1p1f1,1979,06,28,0.0,30.700846,13.566023,1979
10771,r4i1p1f1,1979,06,29,0.0,29.45813,12.226937,1979
10772,r4i1p1f1,1979,06,30,0.0,25.262024,8.675526,1979
10773,r4i1p1f1,1979,07,01,0.0,23.883568,8.29216,1979
10774,r4i1p1f1,1979,07,02,0.0,23.764761,8.450535,1979
10775,r4i1p1f1,1979,07,03,0.0,23.795967,8.406555,1979
10776,r4i1p1f1,1979,07,04,0.0,24.900124,8.367514,1979
10777,r4i1p1f1,1979,07,05,0.0,30.404266,11.299053,1979
10778,r4i1p1f1,1979,07,06,0.0,30.686754,12.45631,1979
10779,r4i1p1f1,1979,07,07,0.0,31.01273,13.327904,1979
10780,r4i1p1f1,1979,07,08,0.0,31.123604,13.949309,1979
10781,r4i1p1f1,1979,07,09,0.0,31.720848,14.39526,1979
10782,r4i1p1f1,1979,07,10,0.0,32.038414,14.387478,1979
10783,r4i1p1f1,1979,07,11,0.0,32.87085,14.9818,1979
10784,r4i1p1f1,1979,07,12,0.0,33.934635,16.25766,1979
10785,r4i1p1f1,1979,07,13,0.0,33.716843,14.571588,1979
10786,r4i1p1f1,1979,07,14,0.0,30.603037,14.989208,1979
10787,r4i1p1f1,1979,07,15,0.0,30.592373,14.41362,1979
10788,r4i1p1f1,1979,07,16,0.0,29.885551,13.390527,1979
10789,r4i1p1f1,1979,07,17,0.0,30.961887,13.607452,1979
10790,r4i1p1f1,1979,07,18,0.0,30.448076,13.027393,1979
10791,r4i1p1f1,1979,07,19,0.0,29.665005,11.648143,1979
10792,r4i1p1f1,1979,07,20,0.0,29.786068,10.474192,1979
10793,r4i1p1f1,1979,07,21,0.0,27.160086,7.823787,1979
10794,r4i1p1f1,1979,07,22,0.0,27.378145,9.338741,1979
10795,r4i1p1f1,1979,07,23,0.0,28.183588,10.822733,1979
10796,r4i1p1f1,1979,07,24,0.001515318490419304,26.870674,8.859188,1979
10797,r4i1p1f1,1979,07,25,0.0,28.414751,8.941898,1979
10798,r4i1p1f1,1979,07,26,0.0,27.689808,9.458244,1979
10799,r4i1p1f1,1979,07,27,0.0,24.896471,7.5240707,1979
10800,r4i1p1f1,1979,07,28,0.0,28.46227,10.81994,1979
10801,r4i1p1f1,1979,07,29,0.004818054367206059,29.98216,12.697269,1979
10802,r4i1p1f1,1979,07,30,0.0,30.706007,13.698678,1979
10803,r4i1p1f1,1979,07,31,0.0,32.31727,14.68517,1979
10804,r4i1p1f1,1979,08,01,0.0,30.818115,13.312103,1979
10805,r4i1p1f1,1979,08,02,0.0,29.78853,11.2462845,1979
10806,r4i1p1f1,1979,08,03,0.0,31.172066,12.078773,1979
10807,r4i1p1f1,1979,08,04,0.0,32.335716,12.867808,1979
10808,r4i1p1f1,1979,08,05,0.0,32.063644,13.061262,1979
10809,r4i1p1f1,1979,08,06,0.0,30.906364,11.773339,1979
10810,r4i1p1f1,1979,08,07,0.0,29.337067,10.404652,1979
10811,r4i1p1f1,1979,08,08,0.0,28.994982,9.32942,1979
10812,r4i1p1f1,1979,08,09,0.0,28.691105,9.424098,1979
10813,r4i1p1f1,1979,08,10,0.0,28.869032,9.885778,1979
10814,r4i1p1f1,1979,08,11,0.0,30.1939,11.2084465,1979
10815,r4i1p1f1,1979,08,12,0.0,29.738625,11.30978,1979
10816,r4i1p1f1,1979,08,13,0.0,26.125874,7.310172,1979
10817,r4i1p1f1,1979,08,14,0.0,28.109825,9.216333,1979
10818,r4i1p1f1,1979,08,15,0.004634589049601345,29.096354,11.273678,1979
10819,r4i1p1f1,1979,08,16,0.0,29.957603,12.231665,1979
10820,r4i1p1f1,1979,08,17,0.0,29.925835,12.237316,1979
10821,r4i1p1f1,1979,08,18,0.0,30.993282,12.412132,1979
10822,r4i1p1f1,1979,08,19,0.0,31.109049,12.355806,1979
10823,r4i1p1f1,1979,08,20,0.0,30.632538,11.766291,1979
10824,r4i1p1f1,1979,08,21,0.0,27.453312,10.0278425,1979
10825,r4i1p1f1,1979,08,22,0.0,30.181248,12.849475,1979
10826,r4i1p1f1,1979,08,23,0.03985403919841701,32.890484,13.501105,1979
10827,r4i1p1f1,1979,08,24,0.0,34.669476,13.952916,1979
10828,r4i1p1f1,1979,08,25,0.0,33.63997,14.099539,1979
10829,r4i1p1f1,1979,08,26,0.0,32.642708,12.83478,1979
10830,r4i1p1f1,1979,08,27,0.0,32.115093,11.017717,1979
10831,r4i1p1f1,1979,08,28,0.0,23.748634,4.87651,1979
10832,r4i1p1f1,1979,08,29,0.0,24.395678,5.606966,1979
10833,r4i1p1f1,1979,08,30,0.0,24.405416,4.840382,1979
10834,r4i1p1f1,1979,08,31,0.0,27.065575,7.6772437,1979
10835,r4i1p1f1,1979,09,01,0.0,31.665462,12.803127,1979
10836,r4i1p1f1,1979,09,02,0.0,31.477882,12.936031,1979
10837,r4i1p1f1,1979,09,03,0.0,33.039852,13.420228,1979
10838,r4i1p1f1,1979,09,04,0.0,33.13267,14.198327,1979
10839,r4i1p1f1,1979,09,05,0.0,30.992374,12.062001,1979
10840,r4i1p1f1,1979,09,06,0.0,25.034939,5.869983,1979
10841,r4i1p1f1,1979,09,07,0.0,25.068764,5.738924,1979
10842,r4i1p1f1,1979,09,08,0.0,25.774704,6.231072,1979
10843,r4i1p1f1,1979,09,09,0.0,28.27242,8.448938,1979
10844,r4i1p1f1,1979,09,10,0.0,32.024395,11.543936,1979
10845,r4i1p1f1,1979,09,11,0.0,32.91369,12.958742,1979
10846,r4i1p1f1,1979,09,12,0.0,34.134537,14.448159,1979
10847,r4i1p1f1,1979,09,13,0.0,33.027546,13.323859,1979
10848,r4i1p1f1,1979,09,14,0.0,33.56351,15.510834,1979
10849,r4i1p1f1,1979,09,15,0.0,33.032394,15.325477,1979
10850,r4i1p1f1,1979,09,16,0.0,32.834316,15.648882,1979
10851,r4i1p1f1,1979,09,17,0.0,30.455109,14.22375,1979
10852,r4i1p1f1,1979,09,18,0.0,31.479696,15.295129,1979
10853,r4i1p1f1,1979,09,19,0.0,32.80254,15.412221,1979
10854,r4i1p1f1,1979,09,20,0.0,32.807434,14.897022,1979
10855,r4i1p1f1,1979,09,21,0.0,33.47542,14.578693,1979
10856,r4i1p1f1,1979,09,22,0.0,31.172092,12.752407,1979
10857,r4i1p1f1,1979,09,23,0.0,26.659977,9.373587,1979
10858,r4i1p1f1,1979,09,24,0.0,23.58658,6.8645463,1979
10859,r4i1p1f1,1979,09,25,0.0,22.145266,5.7981,1979
10860,r4i1p1f1,1979,09,26,0.0,17.769299,0.8637163,1979
10861,r4i1p1f1,1979,09,27,0.0,16.466192,1.0291867,1979
10862,r4i1p1f1,1979,09,28,0.0,16.21603,0.6638666,1979
10863,r4i1p1f1,1979,09,29,0.0,20.790548,1.869205,1979
10864,r4i1p1f1,1979,09,30,0.0,24.063883,6.852769,1979
10865,r4i1p1f1,1979,10,01,0.0,25.116777,7.5329165,1979
10866,r4i1p1f1,1979,10,02,0.0,26.886204,7.536901,1979
10867,r4i1p1f1,1979,10,03,0.0,28.70714,7.8318515,1979
10868,r4i1p1f1,1979,10,04,0.0,27.247057,7.8978443,1979
10869,r4i1p1f1,1979,10,05,0.0,25.1323,6.810664,1979
10870,r4i1p1f1,1979,10,06,0.0,29.187775,11.528444,1979
10871,r4i1p1f1,1979,10,07,0.0,30.797665,12.312939,1979
10872,r4i1p1f1,1979,10,08,0.0,31.000797,11.408208,1979
10873,r4i1p1f1,1979,10,09,0.0,29.34069,11.256542,1979
10874,r4i1p1f1,1979,10,10,0.0,28.283422,9.877051,1979
10875,r4i1p1f1,1979,10,11,0.0,22.927963,5.62814,1979
10876,r4i1p1f1,1979,10,12,0.0,20.333708,3.9801548,1979
10877,r4i1p1f1,1979,10,13,0.07572011122647382,19.828615,6.321956,1979
10878,r4i1p1f1,1979,10,14,0.0,23.544386,5.004683,1979
10879,r4i1p1f1,1979,10,15,0.0,29.16966,9.811737,1979
10880,r4i1p1f1,1979,10,16,0.0,30.678293,10.59693,1979
10881,r4i1p1f1,1979,10,17,0.0,30.496904,14.878396,1979
10882,r4i1p1f1,1979,10,18,0.0,28.193214,13.326156,1979
10883,r4i1p1f1,1979,10,19,0.0,27.144335,10.435369,1979
10884,r4i1p1f1,1979,10,20,0.0,27.953753,10.880237,1979
10885,r4i1p1f1,1979,10,21,0.0,27.309547,11.141548,1979
10886,r4i1p1f1,1979,10,22,0.0,26.065155,9.934049,1979
10887,r4i1p1f1,1979,10,23,0.0,27.205881,9.471043,1979
10888,r4i1p1f1,1979,10,24,0.0,29.349405,11.036831,1979
10889,r4i1p1f1,1979,10,25,0.0,29.331093,11.263191,1979
10890,r4i1p1f1,1979,10,26,0.0,28.668325,10.693558,1979
10891,r4i1p1f1,1979,10,27,0.0,27.01513,11.014792,1979
10892,r4i1p1f1,1979,10,28,0.0,22.185778,4.5123806,1979
10893,r4i1p1f1,1979,10,29,0.0,19.682972,3.256265,1979
10894,r4i1p1f1,1979,10,30,0.0,16.408081,0.35764652,1979
10895,r4i1p1f1,1979,10,31,0.0,14.205539,-2.3546765,1979
10896,r4i1p1f1,1979,11,01,0.0,15.492434,-0.31082535,1979
10897,r4i1p1f1,1979,11,02,3.8554190661386656,15.82021,0.7439403,1979
10898,r4i1p1f1,1979,11,03,17.11915950710363,13.37172,2.633534,1979
10899,r4i1p1f1,1979,11,04,0.0,15.448539,3.1696422,1979
10900,r4i1p1f1,1979,11,05,0.0,14.977778,3.798063,1979
10901,r4i1p1f1,1979,11,06,0.8904404504960439,16.493488,9.552418,1979
10902,r4i1p1f1,1979,11,07,0.06418554344236327,15.378071,8.522419,1979
10903,r4i1p1f1,1979,11,08,0.0,17.65316,3.5553312,1979
10904,r4i1p1f1,1979,11,09,0.0,19.859991,5.425239,1979
10905,r4i1p1f1,1979,11,10,0.0,20.650814,5.450708,1979
10906,r4i1p1f1,1979,11,11,0.0,21.43473,6.9792466,1979
10907,r4i1p1f1,1979,11,12,0.0,18.602285,5.72281,1979
10908,r4i1p1f1,1979,11,13,0.0,17.708014,2.3928409,1979
10909,r4i1p1f1,1979,11,14,0.0,18.51287,2.9030163,1979
10910,r4i1p1f1,1979,11,15,0.0,20.19168,2.7873895,1979
10911,r4i1p1f1,1979,11,16,0.0,19.740808,4.8277593,1979
10912,r4i1p1f1,1979,11,17,5.210750912704043,15.030994,4.8668737,1979
10913,r4i1p1f1,1979,11,18,0.0008432785307377344,14.404083,2.0174625,1979
10914,r4i1p1f1,1979,11,19,1.7975604113047439,14.673533,4.179154,1979
10915,r4i1p1f1,1979,11,20,0.6832566375123861,14.644115,2.9473226,1979
10916,r4i1p1f1,1979,11,21,0.0,15.630695,-0.21120442,1979
10917,r4i1p1f1,1979,11,22,0.0,15.62905,-0.7662525,1979
10918,r4i1p1f1,1979,11,23,0.0,17.111895,0.39094734,1979
10919,r4i1p1f1,1979,11,24,0.0,15.793462,-1.1797109,1979
10920,r4i1p1f1,1979,11,25,8.992318696675738,9.1242,-2.522508,1979
10921,r4i1p1f1,1979,11,26,0.006112342640562929,10.924305,3.2888474,1979
10922,r4i1p1f1,1979,11,27,14.390790246852703,8.7499895,4.4604564,1979
10923,r4i1p1f1,1979,11,28,0.7217137913812621,10.034466,3.7559628,1979
10924,r4i1p1f1,1979,11,29,0.009344447698822478,13.51826,2.10934,1979
10925,r4i1p1f1,1979,11,30,0.0,12.417574,-0.61009306,1979
10926,r4i1p1f1,1979,12,01,0.09263563915737905,12.98361,5.422349,1979
10927,r4i1p1f1,1979,12,02,0.0,13.314639,5.269086,1979
10928,r4i1p1f1,1979,12,03,40.81172749574762,10.482677,2.2804716,1979
10929,r4i1p1f1,1979,12,04,20.371308368703467,10.778743,4.055493,1979
10930,r4i1p1f1,1979,12,05,0.10793146713012902,8.194706,0.9260895,1979
10931,r4i1p1f1,1979,12,06,51.84256304855808,11.79866,3.3305447,1979
10932,r4i1p1f1,1979,12,07,72.45693412041874,12.874334,4.418551,1979
10933,r4i1p1f1,1979,12,08,54.589258218038594,12.577615,1.3640665,1979
10934,r4i1p1f1,1979,12,09,0.5087473757384942,9.586911,-0.22855139,1979
10935,r4i1p1f1,1979,12,10,0.07147798409050665,8.178479,0.6303966,1979
10936,r4i1p1f1,1979,12,11,0.0,9.714834,1.6385064,1979
10937,r4i1p1f1,1979,12,12,0.0,10.442944,0.032536667,1979
10938,r4i1p1f1,1979,12,13,0.1434700292350044,7.100519,0.72100973,1979
10939,r4i1p1f1,1979,12,14,25.678074051029398,6.484749,1.4384003,1979
10940,r4i1p1f1,1979,12,15,21.96001807724315,6.893576,-0.00019995372,1979
10941,r4i1p1f1,1979,12,16,0.0,9.40028,-3.615588,1979
10942,r4i1p1f1,1979,12,17,0.0,9.165761,-2.7964077,1979
10943,r4i1p1f1,1979,12,18,0.0,10.077392,-0.87067914,1979
10944,r4i1p1f1,1979,12,19,0.0034915194191853516,9.477854,2.2198756,1979
10945,r4i1p1f1,1979,12,20,40.061617430183105,9.026053,3.3509178,1979
10946,r4i1p1f1,1979,12,21,46.65623795881402,8.6321335,2.3760648,1979
10947,r4i1p1f1,1979,12,22,0.20360884456636086,6.4435472,-2.4406297,1979
10948,r4i1p1f1,1979,12,23,0.0,4.3978934,-7.267702,1979
10949,r4i1p1f1,1979,12,24,0.0,4.4107723,-5.8983865,1979
10950,r4i1p1f1,1979,12,25,1.4028632478698455,3.700494,-5.2749968,1979
10951,r4i1p1f1,1979,12,26,6.284379183500732,7.179804,-1.3160642,1979
10952,r4i1p1f1,1979,12,27,4.586301958893557,7.1968136,1.4133962,1979
10953,r4i1p1f1,1979,12,28,2.1467353253626698,8.421853,2.5537808,1979
10954,r4i1p1f1,1979,12,29,0.7538503111220507,7.5767736,2.6944988,1979
10955,r4i1p1f1,1979,12,30,0.0,11.073666,1.1825651,1979
10956,r4i1p1f1,1979,12,31,1.1275389907552835,9.467947,1.9627016,1979
10957,r4i1p1f1,1980,01,01,13.254088833434707,7.5702686,1.6440057,1980
10958,r4i1p1f1,1980,01,02,0.5440117466541494,8.151591,3.430119,1980
10959,r4i1p1f1,1980,01,03,0.0,8.757523,-0.36905086,1980
10960,r4i1p1f1,1980,01,04,0.0,9.261684,0.19560009,1980
10961,r4i1p1f1,1980,01,05,0.033753162824723404,8.5439005,1.164621,1980
10962,r4i1p1f1,1980,01,06,3.330504453924732,6.5306745,-2.5229688,1980
10963,r4i1p1f1,1980,01,07,0.0,7.9366293,-3.2678049,1980
10964,r4i1p1f1,1980,01,08,0.0,10.523389,-0.7415345,1980
10965,r4i1p1f1,1980,01,09,0.1109504310079501,13.284404,1.8815517,1980
10966,r4i1p1f1,1980,01,10,24.571419963467633,10.114014,1.3588265,1980
10967,r4i1p1f1,1980,01,11,17.896519754367546,6.375745,-0.5176197,1980
10968,r4i1p1f1,1980,01,12,0.7290735747346844,5.466754,-5.7482457,1980
10969,r4i1p1f1,1980,01,13,0.0,6.4278846,2.056923,1980
10970,r4i1p1f1,1980,01,14,0.11891178958141069,9.26022,3.230966,1980
10971,r4i1p1f1,1980,01,15,0.0,11.684803,5.94969,1980
10972,r4i1p1f1,1980,01,16,0.0,11.147416,4.036436,1980
10973,r4i1p1f1,1980,01,17,0.0,13.9802065,4.132626,1980
10974,r4i1p1f1,1980,01,18,0.04034725076280665,11.573031,4.923939,1980
10975,r4i1p1f1,1980,01,19,0.0,10.670313,0.9235461,1980
10976,r4i1p1f1,1980,01,20,0.0,11.525152,0.72440034,1980
10977,r4i1p1f1,1980,01,21,0.0,13.149318,1.9850314,1980
10978,r4i1p1f1,1980,01,22,1.0426825197896505,8.855177,2.4576056,1980
10979,r4i1p1f1,1980,01,23,0.0,9.152694,1.7941394,1980
10980,r4i1p1f1,1980,01,24,0.0,12.703898,1.8187621,1980
10981,r4i1p1f1,1980,01,25,0.0,13.5235615,0.23654741,1980
10982,r4i1p1f1,1980,01,26,0.0,15.94863,2.8104372,1980
10983,r4i1p1f1,1980,01,27,0.0,17.009295,3.8016171,1980
10984,r4i1p1f1,1980,01,28,7.7681092689147135,15.418577,5.976631,1980
10985,r4i1p1f1,1980,01,29,2.4301808970428773,11.85105,6.717233,1980
10986,r4i1p1f1,1980,01,30,25.699993280613853,11.722709,3.0645747,1980
10987,r4i1p1f1,1980,01,31,0.0,11.09406,3.1813993,1980
10988,r4i1p1f1,1980,02,01,16.092187030790228,9.401001,2.1654742,1980
10989,r4i1p1f1,1980,02,02,0.0,8.810157,-1.7928079,1980
10990,r4i1p1f1,1980,02,03,0.583292728856577,7.159523,-1.6395446,1980
10991,r4i1p1f1,1980,02,04,0.14466550915699372,8.15662,2.7054148,1980
10992,r4i1p1f1,1980,02,05,1.6018220878777356,9.963344,4.920177,1980
10993,r4i1p1f1,1980,02,06,0.0,10.688214,2.6347818,1980
10994,r4i1p1f1,1980,02,07,0.0,13.544331,1.2408297,1980
10995,r4i1p1f1,1980,02,08,0.0,14.161614,2.2189019,1980
10996,r4i1p1f1,1980,02,09,0.0,14.020494,1.4786916,1980
10997,r4i1p1f1,1980,02,10,0.0,14.751205,1.3301286,1980
10998,r4i1p1f1,1980,02,11,0.0,14.854038,0.69995826,1980
10999,r4i1p1f1,1980,02,12,0.0,17.112778,2.3198187,1980
11000,r4i1p1f1,1980,02,13,0.0,16.63169,2.27086,1980
11001,r4i1p1f1,1980,02,14,0.0,16.842642,1.940946,1980
11002,r4i1p1f1,1980,02,15,0.0,17.049639,-0.9812772,1980
11003,r4i1p1f1,1980,02,16,0.0,15.012094,0.8496716,1980
11004,r4i1p1f1,1980,02,17,0.0,16.254936,1.9844186,1980
11005,r4i1p1f1,1980,02,18,0.00588060484574271,15.4548645,3.8008614,1980
11006,r4i1p1f1,1980,02,19,2.7415205447368862,14.238216,7.236207,1980
11007,r4i1p1f1,1980,02,20,0.07576526424406538,14.867279,3.5153496,1980
11008,r4i1p1f1,1980,02,21,3.2262987832915258,11.978786,4.43918,1980
11009,r4i1p1f1,1980,02,22,0.0,13.026641,2.7695725,1980
11010,r4i1p1f1,1980,02,23,1.718958756362099,12.94124,2.370296,1980
11011,r4i1p1f1,1980,02,24,0.0,14.296428,1.7925864,1980
11012,r4i1p1f1,1980,02,25,0.0,14.573541,0.9904379,1980
11013,r4i1p1f1,1980,02,26,0.0,15.152839,1.6758802,1980
11014,r4i1p1f1,1980,02,27,0.0,15.52296,3.3401723,1980
11015,r4i1p1f1,1980,02,28,0.0,16.335505,2.601163,1980
11016,r4i1p1f1,1980,02,29,0.0,11.403637,-2.6382365,1980
11017,r4i1p1f1,1980,03,01,3.2893930778868707,3.0546963,-9.686953,1980
11018,r4i1p1f1,1980,03,02,4.045538501691226,2.0423098,-6.878675,1980
11019,r4i1p1f1,1980,03,03,1.8130314206359799,3.1417832,-7.8978915,1980
11020,r4i1p1f1,1980,03,04,0.008101033017737791,7.4071445,-8.683296,1980
11021,r4i1p1f1,1980,03,05,29.725789844087558,8.186695,-3.848031,1980
11022,r4i1p1f1,1980,03,06,10.782501116591447,6.6972065,-7.3395166,1980
11023,r4i1p1f1,1980,03,07,0.0,9.001186,-6.012419,1980
11024,r4i1p1f1,1980,03,08,0.07893896292898717,6.435301,-8.097949,1980
11025,r4i1p1f1,1980,03,09,12.391951312031324,9.43548,-2.8410962,1980
11026,r4i1p1f1,1980,03,10,0.0,13.154476,-3.776887,1980
11027,r4i1p1f1,1980,03,11,0.0,10.962304,-4.116587,1980
11028,r4i1p1f1,1980,03,12,0.0,11.813421,-1.7211894,1980
11029,r4i1p1f1,1980,03,13,0.0025679849159132573,12.067328,1.0258937,1980
11030,r4i1p1f1,1980,03,14,0.0,14.566879,-0.25496382,1980
11031,r4i1p1f1,1980,03,15,0.0,16.690142,1.3740758,1980
11032,r4i1p1f1,1980,03,16,0.0,21.409874,4.1489315,1980
11033,r4i1p1f1,1980,03,17,0.0,21.554428,4.5716825,1980
11034,r4i1p1f1,1980,03,18,0.0,20.996325,4.69981,1980
11035,r4i1p1f1,1980,03,19,0.0,20.898329,4.455298,1980
11036,r4i1p1f1,1980,03,20,0.0,20.927578,5.3513703,1980
11037,r4i1p1f1,1980,03,21,0.0,22.154762,5.0717435,1980
11038,r4i1p1f1,1980,03,22,0.0,22.94522,5.670982,1980
11039,r4i1p1f1,1980,03,23,0.0,24.074982,7.260071,1980
11040,r4i1p1f1,1980,03,24,0.0,24.960777,7.8097544,1980
11041,r4i1p1f1,1980,03,25,1.333986493671091,22.766819,7.468047,1980
11042,r4i1p1f1,1980,03,26,7.380748609381271,16.823704,4.594412,1980
11043,r4i1p1f1,1980,03,27,0.5937466801697155,20.047129,4.102494,1980
11044,r4i1p1f1,1980,03,28,0.0,23.382423,7.647815,1980
11045,r4i1p1f1,1980,03,29,0.0,20.755772,6.836552,1980
11046,r4i1p1f1,1980,03,30,0.4733081731387756,15.532481,7.6454296,1980
11047,r4i1p1f1,1980,03,31,19.812157180786016,11.627136,2.2068934,1980
11048,r4i1p1f1,1980,04,01,12.770615871136215,11.775514,5.3026104,1980
11049,r4i1p1f1,1980,04,02,24.948945108189946,11.75204,2.3670027,1980
11050,r4i1p1f1,1980,04,03,0.28112209878372596,11.272751,0.98754287,1980
11051,r4i1p1f1,1980,04,04,0.0,11.850789,-1.0662793,1980
11052,r4i1p1f1,1980,04,05,0.0,14.010986,-0.34859526,1980
11053,r4i1p1f1,1980,04,06,0.0,14.718347,5.720722,1980
11054,r4i1p1f1,1980,04,07,0.0,16.28339,2.6302245,1980
11055,r4i1p1f1,1980,04,08,0.0,18.734428,2.8551233,1980
11056,r4i1p1f1,1980,04,09,0.0,19.261086,3.8623188,1980
11057,r4i1p1f1,1980,04,10,1.3406164892103334,17.399267,5.216514,1980
11058,r4i1p1f1,1980,04,11,0.0,18.741692,4.4687514,1980
11059,r4i1p1f1,1980,04,12,0.0,17.542747,4.278961,1980
11060,r4i1p1f1,1980,04,13,0.0,16.582214,5.0488906,1980
11061,r4i1p1f1,1980,04,14,6.171586877326263,11.439985,1.3504834,1980
11062,r4i1p1f1,1980,04,15,5.27750259353752,11.931174,3.030518,1980
11063,r4i1p1f1,1980,04,16,1.7307836733692739,12.952152,3.279463,1980
11064,r4i1p1f1,1980,04,17,1.3413442036664946,11.247726,2.530882,1980
11065,r4i1p1f1,1980,04,18,3.7326991421451794,12.397969,1.3829225,1980
11066,r4i1p1f1,1980,04,19,10.022258421486185,9.814294,2.3513575,1980
11067,r4i1p1f1,1980,04,20,1.992893323313183,14.290356,1.3896489,1980
11068,r4i1p1f1,1980,04,21,0.0,17.355307,6.494951,1980
11069,r4i1p1f1,1980,04,22,0.0,17.911509,7.816351,1980
11070,r4i1p1f1,1980,04,23,0.6278247491721345,16.742014,7.2296076,1980
11071,r4i1p1f1,1980,04,24,0.0,19.742115,4.47373,1980
11072,r4i1p1f1,1980,04,25,0.0,24.316343,6.2963924,1980
11073,r4i1p1f1,1980,04,26,0.0,23.395388,6.8909683,1980
11074,r4i1p1f1,1980,04,27,0.0,24.861336,7.280804,1980
11075,r4i1p1f1,1980,04,28,0.0,27.15896,8.846195,1980
11076,r4i1p1f1,1980,04,29,0.0,27.425745,8.92424,1980
11077,r4i1p1f1,1980,04,30,0.0,27.587543,9.273792,1980
11078,r4i1p1f1,1980,05,01,0.0,27.765388,10.537685,1980
11079,r4i1p1f1,1980,05,02,0.0,28.129364,10.663833,1980
11080,r4i1p1f1,1980,05,03,0.0,26.0442,8.587215,1980
11081,r4i1p1f1,1980,05,04,10.78365375337853,17.153765,-1.6629448,1980
11082,r4i1p1f1,1980,05,05,1.3816252802143936,11.416275,-1.2741331,1980
11083,r4i1p1f1,1980,05,06,0.0026639121500693363,17.63193,2.9295907,1980
11084,r4i1p1f1,1980,05,07,0.26174616757543845,16.4477,1.9968859,1980
11085,r4i1p1f1,1980,05,08,0.03967042039505486,12.804489,4.670697,1980
11086,r4i1p1f1,1980,05,09,1.3570433923888459,12.760541,0.8980082,1980
11087,r4i1p1f1,1980,05,10,0.03685589945234824,11.108313,-1.5609995,1980
11088,r4i1p1f1,1980,05,11,0.29539409273411366,12.998467,3.307028,1980
11089,r4i1p1f1,1980,05,12,0.0,17.77924,2.403094,1980
11090,r4i1p1f1,1980,05,13,0.02056224761872727,17.555101,1.8319329,1980
11091,r4i1p1f1,1980,05,14,0.009559010504744947,16.526735,3.3055763,1980
11092,r4i1p1f1,1980,05,15,0.0,16.717762,5.055872,1980
11093,r4i1p1f1,1980,05,16,0.0,18.382921,4.772004,1980
11094,r4i1p1f1,1980,05,17,0.0,20.94764,5.021662,1980
11095,r4i1p1f1,1980,05,18,0.0,21.498974,4.9765735,1980
11096,r4i1p1f1,1980,05,19,0.13935296119598206,18.86194,5.1790223,1980
11097,r4i1p1f1,1980,05,20,2.5324206401478477,14.724461,-0.7580469,1980
11098,r4i1p1f1,1980,05,21,0.200617801590397,20.635204,6.0895505,1980
11099,r4i1p1f1,1980,05,22,0.01964743041753536,20.892546,4.551001,1980
11100,r4i1p1f1,1980,05,23,0.0,21.912779,7.373705,1980
11101,r4i1p1f1,1980,05,24,0.0,22.498466,6.3259234,1980
11102,r4i1p1f1,1980,05,25,0.0,23.917313,6.25573,1980
11103,r4i1p1f1,1980,05,26,0.0,25.689938,8.6922455,1980
11104,r4i1p1f1,1980,05,27,0.0,25.777687,11.061112,1980
11105,r4i1p1f1,1980,05,28,0.21943823624326342,20.750114,7.3412256,1980
11106,r4i1p1f1,1980,05,29,0.0,21.697706,5.601857,1980
11107,r4i1p1f1,1980,05,30,0.0,25.187286,7.301758,1980
11108,r4i1p1f1,1980,05,31,0.0,27.50414,9.411736,1980
11109,r4i1p1f1,1980,06,01,0.5229371259474647,26.410645,8.968379,1980
11110,r4i1p1f1,1980,06,02,0.0,20.46267,5.1732335,1980
11111,r4i1p1f1,1980,06,03,0.39877801089005516,18.473679,2.753348,1980
11112,r4i1p1f1,1980,06,04,2.428178414152171,14.327938,-0.5338465,1980
11113,r4i1p1f1,1980,06,05,0.00415362483181525,16.676325,2.3894691,1980
11114,r4i1p1f1,1980,06,06,0.0,16.94725,2.5364223,1980
11115,r4i1p1f1,1980,06,07,0.7092958323937637,17.147602,4.5499234,1980
11116,r4i1p1f1,1980,06,08,0.0,24.65696,6.2024317,1980
11117,r4i1p1f1,1980,06,09,0.0,26.55593,8.098032,1980
11118,r4i1p1f1,1980,06,10,0.0,26.59459,8.445774,1980
11119,r4i1p1f1,1980,06,11,0.0,28.190197,9.078396,1980
11120,r4i1p1f1,1980,06,12,0.0,31.136461,11.408865,1980
11121,r4i1p1f1,1980,06,13,0.0,30.655144,11.831568,1980
11122,r4i1p1f1,1980,06,14,0.0,28.989119,10.75661,1980
11123,r4i1p1f1,1980,06,15,0.0,28.711382,10.623353,1980
11124,r4i1p1f1,1980,06,16,0.0,26.4329,8.478222,1980
11125,r4i1p1f1,1980,06,17,0.0,25.95581,8.328868,1980
11126,r4i1p1f1,1980,06,18,0.0,25.549158,9.046854,1980
11127,r4i1p1f1,1980,06,19,0.0,23.511833,6.7148685,1980
11128,r4i1p1f1,1980,06,20,0.07014974762569182,26.591982,8.135868,1980
11129,r4i1p1f1,1980,06,21,0.0,30.009102,10.48967,1980
11130,r4i1p1f1,1980,06,22,0.0,32.220867,13.166548,1980
11131,r4i1p1f1,1980,06,23,0.0,34.79002,15.028054,1980
11132,r4i1p1f1,1980,06,24,0.0,34.937958,14.837396,1980
11133,r4i1p1f1,1980,06,25,0.0,32.008194,12.898752,1980
11134,r4i1p1f1,1980,06,26,0.0,26.70767,8.369083,1980
11135,r4i1p1f1,1980,06,27,0.0,29.752739,10.539686,1980
11136,r4i1p1f1,1980,06,28,0.0,34.974487,14.924495,1980
11137,r4i1p1f1,1980,06,29,0.0,37.025013,17.54316,1980
11138,r4i1p1f1,1980,06,30,0.0,36.636513,17.007307,1980
11139,r4i1p1f1,1980,07,01,0.03894154738190991,38.2621,16.870272,1980
11140,r4i1p1f1,1980,07,02,0.3609423351008445,37.652405,17.784927,1980
11141,r4i1p1f1,1980,07,03,0.22829921406355425,36.719925,17.59234,1980
11142,r4i1p1f1,1980,07,04,0.5968149464251837,38.17241,18.308657,1980
11143,r4i1p1f1,1980,07,05,0.0,38.805244,19.84466,1980
11144,r4i1p1f1,1980,07,06,0.0,37.646194,19.41063,1980
11145,r4i1p1f1,1980,07,07,0.0,35.73807,17.41589,1980
11146,r4i1p1f1,1980,07,08,0.0,33.028427,13.632457,1980
11147,r4i1p1f1,1980,07,09,0.0,31.72111,13.422787,1980
11148,r4i1p1f1,1980,07,10,0.0,29.626413,11.594441,1980
11149,r4i1p1f1,1980,07,11,0.0,30.913687,12.593413,1980
11150,r4i1p1f1,1980,07,12,0.0,32.887768,16.69472,1980
11151,r4i1p1f1,1980,07,13,0.0,32.576397,14.345271,1980
11152,r4i1p1f1,1980,07,14,0.0,30.598576,10.862462,1980
11153,r4i1p1f1,1980,07,15,0.0,31.358883,11.998583,1980
11154,r4i1p1f1,1980,07,16,0.0,34.636307,14.485413,1980
11155,r4i1p1f1,1980,07,17,0.0,34.903725,15.525631,1980
11156,r4i1p1f1,1980,07,18,0.0,34.853622,16.022745,1980
11157,r4i1p1f1,1980,07,19,0.0,35.26223,15.834974,1980
11158,r4i1p1f1,1980,07,20,0.0,35.245575,16.287502,1980
11159,r4i1p1f1,1980,07,21,0.0,34.722794,15.985866,1980
11160,r4i1p1f1,1980,07,22,0.0,34.86503,15.429421,1980
11161,r4i1p1f1,1980,07,23,0.0,35.918133,16.29548,1980
11162,r4i1p1f1,1980,07,24,0.0,36.324505,17.201752,1980
11163,r4i1p1f1,1980,07,25,0.0,35.297565,16.990984,1980
11164,r4i1p1f1,1980,07,26,0.0,34.159233,15.431315,1980
11165,r4i1p1f1,1980,07,27,0.0,32.737362,14.281957,1980
11166,r4i1p1f1,1980,07,28,0.0,33.368225,14.488366,1980
11167,r4i1p1f1,1980,07,29,0.0,32.582417,15.391274,1980
11168,r4i1p1f1,1980,07,30,0.0,31.640434,12.739196,1980
11169,r4i1p1f1,1980,07,31,0.0,29.786568,10.868295,1980
11170,r4i1p1f1,1980,08,01,0.0,31.747955,12.892696,1980
11171,r4i1p1f1,1980,08,02,0.0,34.385715,14.97278,1980
11172,r4i1p1f1,1980,08,03,0.0,34.853764,16.39666,1980
11173,r4i1p1f1,1980,08,04,0.0,33.9121,15.329725,1980
11174,r4i1p1f1,1980,08,05,0.0,32.544933,14.349021,1980
11175,r4i1p1f1,1980,08,06,0.0,31.260197,11.589748,1980
11176,r4i1p1f1,1980,08,07,0.0,28.889774,11.199298,1980
11177,r4i1p1f1,1980,08,08,0.0,29.478628,11.409931,1980
11178,r4i1p1f1,1980,08,09,0.004928417251903738,31.249186,14.151722,1980
11179,r4i1p1f1,1980,08,10,0.02340975781862653,31.769186,14.303504,1980
11180,r4i1p1f1,1980,08,11,0.0,31.614733,13.201671,1980
11181,r4i1p1f1,1980,08,12,0.0,34.279545,14.891186,1980
11182,r4i1p1f1,1980,08,13,0.0,35.52127,15.497552,1980
11183,r4i1p1f1,1980,08,14,0.0,35.12367,16.43584,1980
11184,r4i1p1f1,1980,08,15,0.0,34.549763,16.582031,1980
11185,r4i1p1f1,1980,08,16,0.0,33.815964,15.660797,1980
11186,r4i1p1f1,1980,08,17,0.0,32.77057,14.180309,1980
11187,r4i1p1f1,1980,08,18,0.0,31.377678,12.6840515,1980
11188,r4i1p1f1,1980,08,19,0.0,29.212395,10.6144085,1980
11189,r4i1p1f1,1980,08,20,0.0,28.926779,10.509937,1980
11190,r4i1p1f1,1980,08,21,0.0,28.96879,11.102258,1980
11191,r4i1p1f1,1980,08,22,0.0,31.573116,11.855928,1980
11192,r4i1p1f1,1980,08,23,0.0,32.817314,13.343174,1980
11193,r4i1p1f1,1980,08,24,0.0,32.881878,13.334064,1980
11194,r4i1p1f1,1980,08,25,0.0,31.618721,11.69701,1980
11195,r4i1p1f1,1980,08,26,0.0,32.047222,12.278774,1980
11196,r4i1p1f1,1980,08,27,0.0,31.33712,11.431983,1980
11197,r4i1p1f1,1980,08,28,0.0,30.78408,10.501537,1980
11198,r4i1p1f1,1980,08,29,0.0,31.195902,11.713331,1980
11199,r4i1p1f1,1980,08,30,0.0,31.904032,13.275072,1980
11200,r4i1p1f1,1980,08,31,0.0,32.44274,13.37617,1980
11201,r4i1p1f1,1980,09,01,0.0,32.698143,15.588521,1980
11202,r4i1p1f1,1980,09,02,0.0,31.375566,13.936061,1980
11203,r4i1p1f1,1980,09,03,0.0,29.244118,11.472015,1980
11204,r4i1p1f1,1980,09,04,8.838177482630272,28.634043,11.622015,1980
11205,r4i1p1f1,1980,09,05,0.34837056566630054,31.588646,15.929607,1980
11206,r4i1p1f1,1980,09,06,0.0,33.51226,17.237541,1980
11207,r4i1p1f1,1980,09,07,0.0,32.557487,15.283176,1980
11208,r4i1p1f1,1980,09,08,0.0,32.050602,13.668474,1980
11209,r4i1p1f1,1980,09,09,0.0,30.59092,13.100511,1980
11210,r4i1p1f1,1980,09,10,0.0,29.22817,11.5632105,1980
11211,r4i1p1f1,1980,09,11,0.0,28.496643,11.578685,1980
11212,r4i1p1f1,1980,09,12,0.32028595009023775,25.976439,9.774621,1980
11213,r4i1p1f1,1980,09,13,0.7706906399334912,19.948183,5.6976156,1980
11214,r4i1p1f1,1980,09,14,0.05056530460478825,22.36164,6.219944,1980
11215,r4i1p1f1,1980,09,15,0.0,23.138992,7.051513,1980
11216,r4i1p1f1,1980,09,16,0.0,27.994793,10.688721,1980
11217,r4i1p1f1,1980,09,17,0.0,29.351418,12.717743,1980
11218,r4i1p1f1,1980,09,18,0.0,27.715096,11.340408,1980
11219,r4i1p1f1,1980,09,19,0.0,26.82035,11.050681,1980
11220,r4i1p1f1,1980,09,20,0.0,25.11132,8.062122,1980
11221,r4i1p1f1,1980,09,21,0.0,25.313164,8.716764,1980
11222,r4i1p1f1,1980,09,22,0.0,25.288614,9.648471,1980
11223,r4i1p1f1,1980,09,23,0.0,26.23281,10.6789875,1980
11224,r4i1p1f1,1980,09,24,0.0,21.171745,6.3224683,1980
11225,r4i1p1f1,1980,09,25,0.0,25.660427,11.311617,1980
11226,r4i1p1f1,1980,09,26,0.0,27.756325,9.770992,1980
11227,r4i1p1f1,1980,09,27,0.0,28.952782,11.163805,1980
11228,r4i1p1f1,1980,09,28,0.0,29.228481,12.169473,1980
11229,r4i1p1f1,1980,09,29,0.0,26.157202,7.6204233,1980
11230,r4i1p1f1,1980,09,30,0.0,21.849882,5.1880407,1980
11231,r4i1p1f1,1980,10,01,0.0,20.645485,6.735925,1980
11232,r4i1p1f1,1980,10,02,0.0,27.757137,9.991741,1980
11233,r4i1p1f1,1980,10,03,0.0,26.812815,10.38686,1980
11234,r4i1p1f1,1980,10,04,0.0,26.00118,7.2736917,1980
11235,r4i1p1f1,1980,10,05,0.0,21.798382,3.6914914,1980
11236,r4i1p1f1,1980,10,06,0.0,17.177586,1.0891112,1980
11237,r4i1p1f1,1980,10,07,0.0,19.27111,1.3259252,1980
11238,r4i1p1f1,1980,10,08,0.0,18.494226,3.6850595,1980
11239,r4i1p1f1,1980,10,09,0.0,18.119812,1.5663857,1980
11240,r4i1p1f1,1980,10,10,0.0,22.020098,3.4311976,1980
11241,r4i1p1f1,1980,10,11,0.0,25.548916,6.311519,1980
11242,r4i1p1f1,1980,10,12,0.012096394191374316,25.442076,8.666423,1980
11243,r4i1p1f1,1980,10,13,0.0,17.026632,2.3423674,1980
11244,r4i1p1f1,1980,10,14,0.0,14.565737,0.25315475,1980
11245,r4i1p1f1,1980,10,15,0.0,15.0315895,-0.45610756,1980
11246,r4i1p1f1,1980,10,16,0.0,15.072017,1.6471167,1980
11247,r4i1p1f1,1980,10,17,0.058103303365442116,14.991157,0.41833365,1980
11248,r4i1p1f1,1980,10,18,0.0,17.176138,1.2589095,1980
11249,r4i1p1f1,1980,10,19,0.0,22.137812,3.964291,1980
11250,r4i1p1f1,1980,10,20,0.0,22.440996,6.088567,1980
11251,r4i1p1f1,1980,10,21,0.0,21.558086,6.918509,1980
11252,r4i1p1f1,1980,10,22,1.181563090005966,22.089773,7.590806,1980
11253,r4i1p1f1,1980,10,23,0.621499145472626,12.300896,5.6726937,1980
11254,r4i1p1f1,1980,10,24,0.7963146630800111,16.690468,3.4263546,1980
11255,r4i1p1f1,1980,10,25,0.0,19.69712,5.54764,1980
11256,r4i1p1f1,1980,10,26,2.2815286304648907,19.881845,7.40119,1980
11257,r4i1p1f1,1980,10,27,0.4132039953844924,17.40223,6.413466,1980
11258,r4i1p1f1,1980,10,28,0.0,19.488596,4.3173084,1980
11259,r4i1p1f1,1980,10,29,0.0,19.90886,8.136791,1980
11260,r4i1p1f1,1980,10,30,0.0,19.415825,5.2762012,1980
11261,r4i1p1f1,1980,10,31,0.0,18.506208,3.9803178,1980
11262,r4i1p1f1,1980,11,01,0.0,17.843933,3.7130067,1980
11263,r4i1p1f1,1980,11,02,18.46997346497119,14.209831,4.835082,1980
11264,r4i1p1f1,1980,11,03,0.25158284262261077,12.358351,3.2918973,1980
11265,r4i1p1f1,1980,11,04,0.01397793508886025,11.959945,-0.20435768,1980
11266,r4i1p1f1,1980,11,05,40.58865336919553,10.800216,2.1899128,1980
11267,r4i1p1f1,1980,11,06,12.776190133536147,12.034328,4.8056064,1980
11268,r4i1p1f1,1980,11,07,11.689990083959856,10.675388,5.2058883,1980
11269,r4i1p1f1,1980,11,08,29.81160424897098,12.838486,5.650927,1980
11270,r4i1p1f1,1980,11,09,0.0,15.699085,7.2189374,1980
11271,r4i1p1f1,1980,11,10,0.0,19.191069,6.4399467,1980
11272,r4i1p1f1,1980,11,11,0.0,18.747227,5.96819,1980
11273,r4i1p1f1,1980,11,12,0.0,18.920296,6.3668165,1980
11274,r4i1p1f1,1980,11,13,0.0,18.842875,6.0216517,1980
11275,r4i1p1f1,1980,11,14,0.0,18.038403,6.46643,1980
11276,r4i1p1f1,1980,11,15,2.188410031178023,16.886173,7.164917,1980
11277,r4i1p1f1,1980,11,16,0.0,11.993145,2.7470932,1980
11278,r4i1p1f1,1980,11,17,0.0,10.201447,-1.1797957,1980
11279,r4i1p1f1,1980,11,18,0.008458192166926892,11.145643,4.651519,1980
11280,r4i1p1f1,1980,11,19,38.28002337104408,12.362104,4.0196075,1980
11281,r4i1p1f1,1980,11,20,8.970735125922147,10.056208,0.61715674,1980
11282,r4i1p1f1,1980,11,21,2.906918800647418,8.600292,0.52721846,1980
11283,r4i1p1f1,1980,11,22,0.0,9.574053,-1.2855849,1980
11284,r4i1p1f1,1980,11,23,16.623612765124562,9.928448,1.2527862,1980
11285,r4i1p1f1,1980,11,24,14.475996394867252,9.524378,3.6963434,1980
11286,r4i1p1f1,1980,11,25,20.552867141668685,10.864285,1.762655,1980
11287,r4i1p1f1,1980,11,26,0.0,11.851473,-0.027796587,1980
11288,r4i1p1f1,1980,11,27,0.0,12.425733,-0.7603365,1980
11289,r4i1p1f1,1980,11,28,0.0,15.682629,0.67689586,1980
11290,r4i1p1f1,1980,11,29,0.0,17.067049,3.1026099,1980
11291,r4i1p1f1,1980,11,30,0.0,16.872074,4.6068625,1980
11292,r4i1p1f1,1980,12,01,0.020866039631073363,14.006306,3.1261926,1980
11293,r4i1p1f1,1980,12,02,0.0,9.724106,-1.3610843,1980
11294,r4i1p1f1,1980,12,03,0.0,9.72151,-0.273802,1980
11295,r4i1p1f1,1980,12,04,0.969409156544998,8.183173,-0.7823978,1980
11296,r4i1p1f1,1980,12,05,20.951004266498785,11.322632,3.074182,1980
11297,r4i1p1f1,1980,12,06,4.759331432228464,11.91803,6.606769,1980
11298,r4i1p1f1,1980,12,07,1.3127152174831735,10.922454,5.623528,1980
11299,r4i1p1f1,1980,12,08,12.079295104103949,11.879078,3.90325,1980
11300,r4i1p1f1,1980,12,09,78.11437788623152,13.275782,4.8647146,1980
11301,r4i1p1f1,1980,12,10,0.0,11.110949,0.89662236,1980
11302,r4i1p1f1,1980,12,11,0.0,12.990165,1.4352021,1980
11303,r4i1p1f1,1980,12,12,0.0,14.165344,2.2681901,1980
11304,r4i1p1f1,1980,12,13,0.0,14.775028,2.196906,1980
11305,r4i1p1f1,1980,12,14,0.0,14.315652,2.2575734,1980
11306,r4i1p1f1,1980,12,15,0.020712102104880614,12.035716,3.3237598,1980
11307,r4i1p1f1,1980,12,16,0.0,13.613481,1.906302,1980
11308,r4i1p1f1,1980,12,17,0.0,14.866263,2.9660578,1980
11309,r4i1p1f1,1980,12,18,0.0,16.257418,3.84537,1980
11310,r4i1p1f1,1980,12,19,0.0,14.637763,3.5715609,1980
11311,r4i1p1f1,1980,12,20,0.0,15.434243,3.4843237,1980
11312,r4i1p1f1,1980,12,21,0.0,15.577206,3.430646,1980
11313,r4i1p1f1,1980,12,22,0.0,14.581426,3.615344,1980
11314,r4i1p1f1,1980,12,23,0.0,14.997502,3.671953,1980
11315,r4i1p1f1,1980,12,24,0.0,15.711558,3.7530932,1980
11316,r4i1p1f1,1980,12,25,0.4393742679042134,12.497059,1.486134,1980
11317,r4i1p1f1,1980,12,26,0.0,5.6548414,-4.3551745,1980
11318,r4i1p1f1,1980,12,27,0.0,4.2684755,-3.870103,1980
11319,r4i1p1f1,1980,12,28,0.006582321111636702,4.9691815,-2.9952302,1980
11320,r4i1p1f1,1980,12,29,0.0,10.567736,-2.072744,1980
11321,r4i1p1f1,1980,12,30,0.0,10.716571,-1.3187978,1980
11322,r4i1p1f1,1980,12,31,0.0,10.811532,-0.9374251,1980
11323,r4i1p1f1,1981,01,01,0.0,14.897091,0.8039875,1981
11324,r4i1p1f1,1981,01,02,0.0,13.073808,1.2286472,1981
11325,r4i1p1f1,1981,01,03,0.0,14.762028,2.652611,1981
11326,r4i1p1f1,1981,01,04,0.0163108392371214,12.518834,1.8695617,1981
11327,r4i1p1f1,1981,01,05,0.0,14.366028,1.1816684,1981
11328,r4i1p1f1,1981,01,06,0.0,15.279012,1.7030135,1981
11329,r4i1p1f1,1981,01,07,0.0,17.642416,2.9197192,1981
11330,r4i1p1f1,1981,01,08,0.0,16.889957,3.1483054,1981
11331,r4i1p1f1,1981,01,09,0.0,17.383583,2.5104208,1981
11332,r4i1p1f1,1981,01,10,0.4395273512272979,16.435825,1.0004112,1981
11333,r4i1p1f1,1981,01,11,0.1309750757513939,0.8427295,-7.877077,1981
11334,r4i1p1f1,1981,01,12,0.0005296815103861263,0.29418644,-8.29903,1981
11335,r4i1p1f1,1981,01,13,0.0,2.4638376,-9.506678,1981
11336,r4i1p1f1,1981,01,14,0.0,4.4849243,-8.325598,1981
11337,r4i1p1f1,1981,01,15,1.5263372770277783,5.0492344,-6.0476284,1981
11338,r4i1p1f1,1981,01,16,5.555913505509125,3.8920555,-4.764854,1981
11339,r4i1p1f1,1981,01,17,8.953844258098798,9.140311,-0.73579884,1981
11340,r4i1p1f1,1981,01,18,0.8979709663208268,10.81805,3.4300604,1981
11341,r4i1p1f1,1981,01,19,34.494211337005254,8.522373,2.4914303,1981
11342,r4i1p1f1,1981,01,20,16.627177743794164,8.005004,1.0296196,1981
11343,r4i1p1f1,1981,01,21,28.236964274037746,9.163503,1.6474454,1981
11344,r4i1p1f1,1981,01,22,0.0,6.4938884,-6.2049155,1981
11345,r4i1p1f1,1981,01,23,1.6110605610833773,5.040585,-2.5652323,1981
11346,r4i1p1f1,1981,01,24,6.530765195884669,5.4523563,-0.19499117,1981
11347,r4i1p1f1,1981,01,25,0.0,10.713262,-1.9310546,1981
11348,r4i1p1f1,1981,01,26,0.0,12.106572,-0.8646577,1981
11349,r4i1p1f1,1981,01,27,0.0,12.460805,1.4624279,1981
11350,r4i1p1f1,1981,01,28,0.0,13.884108,1.2288,1981
11351,r4i1p1f1,1981,01,29,0.0,12.13273,1.3734556,1981
11352,r4i1p1f1,1981,01,30,0.0,13.534301,2.2381504,1981
11353,r4i1p1f1,1981,01,31,0.0,13.980407,1.0807686,1981
11354,r4i1p1f1,1981,02,01,0.0,14.450795,1.1729531,1981
11355,r4i1p1f1,1981,02,02,0.0,16.914452,2.3344057,1981
11356,r4i1p1f1,1981,02,03,0.0,16.388193,1.8225234,1981
11357,r4i1p1f1,1981,02,04,0.0,17.893908,3.4902208,1981
11358,r4i1p1f1,1981,02,05,0.0,17.56954,3.7487957,1981
11359,r4i1p1f1,1981,02,06,0.0,17.885681,3.6077564,1981
11360,r4i1p1f1,1981,02,07,0.0,17.443245,3.0954976,1981
11361,r4i1p1f1,1981,02,08,0.0,17.618036,3.7000558,1981
11362,r4i1p1f1,1981,02,09,0.0,17.369799,4.247756,1981
11363,r4i1p1f1,1981,02,10,0.0,18.86873,4.2319646,1981
11364,r4i1p1f1,1981,02,11,0.0,17.965181,4.490778,1981
11365,r4i1p1f1,1981,02,12,4.171371204898833,16.76154,3.701028,1981
11366,r4i1p1f1,1981,02,13,4.329723048681444,9.88954,2.1617472,1981
11367,r4i1p1f1,1981,02,14,0.0,14.144972,1.6564233,1981
11368,r4i1p1f1,1981,02,15,0.0,11.818398,-1.8981745,1981
11369,r4i1p1f1,1981,02,16,0.0,12.625164,-0.7153106,1981
11370,r4i1p1f1,1981,02,17,1.8528916783566274,9.463435,-1.2738328,1981
11371,r4i1p1f1,1981,02,18,24.307105571278953,5.0397143,-4.3537807,1981
11372,r4i1p1f1,1981,02,19,50.825898897164734,7.0918217,-4.444315,1981
11373,r4i1p1f1,1981,02,20,17.54018239880679,10.467748,-3.4020119,1981
11374,r4i1p1f1,1981,02,21,31.462971105793258,12.695614,2.351975,1981
11375,r4i1p1f1,1981,02,22,31.872904350893805,9.366314,-1.9925112,1981
11376,r4i1p1f1,1981,02,23,4.225953072636912,8.462775,0.68953776,1981
11377,r4i1p1f1,1981,02,24,0.0,10.7551155,-1.8882127,1981
11378,r4i1p1f1,1981,02,25,0.0,9.913777,-1.9409525,1981
11379,r4i1p1f1,1981,02,26,0.24079211576975013,7.8376822,-3.0137203,1981
11380,r4i1p1f1,1981,02,27,6.076470170273751,6.61778,0.25565895,1981
11381,r4i1p1f1,1981,02,28,40.88291798107093,8.442923,0.6781974,1981
11382,r4i1p1f1,1981,03,01,46.4787770579278,10.859085,1.4241447,1981
11383,r4i1p1f1,1981,03,02,5.151968078837399,10.451473,-0.63020587,1981
11384,r4i1p1f1,1981,03,03,0.0,12.437233,3.9525118,1981
11385,r4i1p1f1,1981,03,04,2.8002247226993404,8.853874,4.484186,1981
11386,r4i1p1f1,1981,03,05,20.917384213316836,6.9845724,1.8491836,1981
11387,r4i1p1f1,1981,03,06,9.48482725161739,6.6645613,-0.8650639,1981
11388,r4i1p1f1,1981,03,07,0.0,11.986493,0.9722929,1981
11389,r4i1p1f1,1981,03,08,0.0,13.32125,1.8009317,1981
11390,r4i1p1f1,1981,03,09,0.0,12.787286,4.18205,1981
11391,r4i1p1f1,1981,03,10,0.0843403882754501,9.467868,2.6888876,1981
11392,r4i1p1f1,1981,03,11,0.0005892150511499494,10.624272,1.2108989,1981
11393,r4i1p1f1,1981,03,12,0.0,13.607639,-0.448945,1981
11394,r4i1p1f1,1981,03,13,0.0,14.833256,-0.064838886,1981
11395,r4i1p1f1,1981,03,14,0.0,14.574497,4.4092245,1981
11396,r4i1p1f1,1981,03,15,0.0,14.969199,4.8855934,1981
11397,r4i1p1f1,1981,03,16,0.0,18.100988,2.4011223,1981
11398,r4i1p1f1,1981,03,17,0.0,18.636051,2.816334,1981
11399,r4i1p1f1,1981,03,18,0.0,20.307281,3.8391275,1981
11400,r4i1p1f1,1981,03,19,0.0,19.368431,2.5310235,1981
11401,r4i1p1f1,1981,03,20,0.0,19.223,3.2297778,1981
11402,r4i1p1f1,1981,03,21,0.0,19.24899,2.8331308,1981
11403,r4i1p1f1,1981,03,22,0.0,18.4338,3.5553598,1981
11404,r4i1p1f1,1981,03,23,0.0,13.125301,-1.3611622,1981
11405,r4i1p1f1,1981,03,24,0.0,13.252388,-4.3447604,1981
11406,r4i1p1f1,1981,03,25,0.0,14.698956,-1.4978132,1981
11407,r4i1p1f1,1981,03,26,0.0,13.945805,0.1540379,1981
11408,r4i1p1f1,1981,03,27,0.0,17.662374,0.75961226,1981
11409,r4i1p1f1,1981,03,28,0.0,20.370525,3.4966996,1981
11410,r4i1p1f1,1981,03,29,0.0,20.07457,3.3513737,1981
11411,r4i1p1f1,1981,03,30,0.0,18.865782,4.5586796,1981
11412,r4i1p1f1,1981,03,31,4.4772520390836235,14.662434,2.054464,1981
11413,r4i1p1f1,1981,04,01,0.0,15.945792,1.3738805,1981
11414,r4i1p1f1,1981,04,02,0.0,18.200981,0.884338,1981
11415,r4i1p1f1,1981,04,03,1.172225744858224,16.884815,1.9940745,1981
11416,r4i1p1f1,1981,04,04,0.0,14.828136,1.1777966,1981
11417,r4i1p1f1,1981,04,05,0.0,17.085796,0.4059303,1981
11418,r4i1p1f1,1981,04,06,0.0,20.961119,1.7897345,1981
11419,r4i1p1f1,1981,04,07,0.0,20.189457,3.2366986,1981
11420,r4i1p1f1,1981,04,08,0.3700790611219418,13.225087,0.7643328,1981
11421,r4i1p1f1,1981,04,09,0.0,15.873454,0.73633635,1981
11422,r4i1p1f1,1981,04,10,0.0,17.872917,1.0102444,1981
11423,r4i1p1f1,1981,04,11,0.0,18.232409,2.011619,1981
11424,r4i1p1f1,1981,04,12,0.08190728563022276,16.825407,3.1885643,1981
11425,r4i1p1f1,1981,04,13,0.0,16.986763,2.3306758,1981
11426,r4i1p1f1,1981,04,14,0.0,19.129204,2.918535,1981
11427,r4i1p1f1,1981,04,15,0.0,22.055855,3.7926636,1981
11428,r4i1p1f1,1981,04,16,0.0,22.538712,3.9495883,1981
11429,r4i1p1f1,1981,04,17,0.0,22.164139,5.4511957,1981
11430,r4i1p1f1,1981,04,18,0.0,23.008558,5.2767262,1981
11431,r4i1p1f1,1981,04,19,0.0,22.330654,4.9351273,1981
11432,r4i1p1f1,1981,04,20,0.0,20.380917,4.4563684,1981
11433,r4i1p1f1,1981,04,21,0.0,18.563623,4.953499,1981
11434,r4i1p1f1,1981,04,22,0.006307584726528148,20.25829,6.426772,1981
11435,r4i1p1f1,1981,04,23,0.01065808319253847,25.931057,6.596514,1981
11436,r4i1p1f1,1981,04,24,0.0,26.067421,7.961899,1981
11437,r4i1p1f1,1981,04,25,0.0,25.78065,7.7875357,1981
11438,r4i1p1f1,1981,04,26,0.0,26.209835,8.9592905,1981
11439,r4i1p1f1,1981,04,27,0.0,24.411922,7.076873,1981
11440,r4i1p1f1,1981,04,28,0.0,24.183084,6.5451326,1981
11441,r4i1p1f1,1981,04,29,0.00962585509114433,19.749474,4.1477504,1981
11442,r4i1p1f1,1981,04,30,0.02771371182461735,18.083853,1.5623006,1981
11443,r4i1p1f1,1981,05,01,0.0,23.241617,5.9884953,1981
11444,r4i1p1f1,1981,05,02,0.0,25.611784,6.632557,1981
11445,r4i1p1f1,1981,05,03,0.0,24.713528,8.252099,1981
11446,r4i1p1f1,1981,05,04,11.695839300000443,13.063038,0.7547789,1981
11447,r4i1p1f1,1981,05,05,0.0,22.462996,5.6377745,1981
11448,r4i1p1f1,1981,05,06,0.0,21.696619,5.8517556,1981
11449,r4i1p1f1,1981,05,07,0.026950604001285683,19.157175,4.0727177,1981
11450,r4i1p1f1,1981,05,08,0.0,19.80334,2.3108213,1981
11451,r4i1p1f1,1981,05,09,0.0,23.672478,5.1633506,1981
11452,r4i1p1f1,1981,05,10,0.0,23.079916,6.9411187,1981
11453,r4i1p1f1,1981,05,11,0.0,27.615711,9.031092,1981
11454,r4i1p1f1,1981,05,12,0.0,30.353153,9.065408,1981
11455,r4i1p1f1,1981,05,13,0.0,28.953657,9.88155,1981
11456,r4i1p1f1,1981,05,14,0.0,27.72281,9.391996,1981
11457,r4i1p1f1,1981,05,15,0.0,28.424583,10.022396,1981
11458,r4i1p1f1,1981,05,16,0.0,29.651031,10.15723,1981
11459,r4i1p1f1,1981,05,17,0.0,29.392906,11.513871,1981
11460,r4i1p1f1,1981,05,18,0.0,29.717525,10.700384,1981
11461,r4i1p1f1,1981,05,19,0.0,30.44046,10.340648,1981
11462,r4i1p1f1,1981,05,20,0.0,28.803453,10.801401,1981
11463,r4i1p1f1,1981,05,21,0.0,26.27791,8.504039,1981
11464,r4i1p1f1,1981,05,22,0.0,24.349287,7.1522083,1981
11465,r4i1p1f1,1981,05,23,0.0,27.758232,8.815318,1981
11466,r4i1p1f1,1981,05,24,0.0,27.847914,8.066273,1981
11467,r4i1p1f1,1981,05,25,0.0,26.783625,9.225364,1981
11468,r4i1p1f1,1981,05,26,0.0,25.814257,7.2744336,1981
11469,r4i1p1f1,1981,05,27,0.0,27.995445,8.835589,1981
11470,r4i1p1f1,1981,05,28,0.0,27.412724,8.684406,1981
11471,r4i1p1f1,1981,05,29,0.0,27.795378,7.748754,1981
11472,r4i1p1f1,1981,05,30,0.0,28.889496,11.06433,1981
11473,r4i1p1f1,1981,05,31,0.0,25.918678,8.670423,1981
11474,r4i1p1f1,1981,06,01,0.05183017383387778,20.065035,3.075885,1981
11475,r4i1p1f1,1981,06,02,0.0,25.561214,5.4800553,1981
11476,r4i1p1f1,1981,06,03,0.0,25.293724,7.0938654,1981
11477,r4i1p1f1,1981,06,04,0.21763880299658922,22.705599,6.3461595,1981
11478,r4i1p1f1,1981,06,05,0.0,27.466208,6.2631707,1981
11479,r4i1p1f1,1981,06,06,0.0976015959167853,27.758505,10.324778,1981
11480,r4i1p1f1,1981,06,07,0.019003905777026375,28.208155,9.399209,1981
11481,r4i1p1f1,1981,06,08,0.0,29.41351,10.066404,1981
11482,r4i1p1f1,1981,06,09,0.0,29.31965,11.395831,1981
11483,r4i1p1f1,1981,06,10,0.1246983929831913,29.51005,12.111276,1981
11484,r4i1p1f1,1981,06,11,0.0,28.054697,10.186317,1981
11485,r4i1p1f1,1981,06,12,0.5326765332654304,27.19526,9.749155,1981
11486,r4i1p1f1,1981,06,13,0.0,22.897682,5.411464,1981
11487,r4i1p1f1,1981,06,14,0.0,28.059292,9.518509,1981
11488,r4i1p1f1,1981,06,15,0.0,29.769339,11.232986,1981
11489,r4i1p1f1,1981,06,16,0.0,27.615301,9.340351,1981
11490,r4i1p1f1,1981,06,17,0.0,26.313908,7.3781533,1981
11491,r4i1p1f1,1981,06,18,0.0,28.799486,10.349042,1981
11492,r4i1p1f1,1981,06,19,0.0,29.369816,10.406852,1981
11493,r4i1p1f1,1981,06,20,0.0,32.229115,11.169708,1981
11494,r4i1p1f1,1981,06,21,0.0,34.064808,13.554418,1981
11495,r4i1p1f1,1981,06,22,0.0,34.033947,14.9770155,1981
11496,r4i1p1f1,1981,06,23,0.0,33.334827,14.07607,1981
11497,r4i1p1f1,1981,06,24,0.0,31.577646,13.215786,1981
11498,r4i1p1f1,1981,06,25,0.0,31.1828,11.806517,1981
11499,r4i1p1f1,1981,06,26,0.0,28.577934,9.915896,1981
11500,r4i1p1f1,1981,06,27,0.14237958283729313,24.82975,7.0629573,1981
11501,r4i1p1f1,1981,06,28,6.459348088640127,15.63513,4.795596,1981
11502,r4i1p1f1,1981,06,29,0.4366029463000132,18.565647,3.8877962,1981
11503,r4i1p1f1,1981,06,30,0.0,22.404877,7.5281043,1981
11504,r4i1p1f1,1981,07,01,0.0,23.853155,8.161969,1981
11505,r4i1p1f1,1981,07,02,1.2670512747718021,24.935425,11.70591,1981
11506,r4i1p1f1,1981,07,03,1.4835465604960518,23.521645,10.202846,1981
11507,r4i1p1f1,1981,07,04,0.0,23.17104,7.8964167,1981
11508,r4i1p1f1,1981,07,05,0.15697560879743833,23.703257,8.273982,1981
11509,r4i1p1f1,1981,07,06,0.0,27.949106,9.318204,1981
11510,r4i1p1f1,1981,07,07,0.0,32.196346,11.132874,1981
11511,r4i1p1f1,1981,07,08,0.0,32.04886,12.69463,1981
11512,r4i1p1f1,1981,07,09,0.0,30.389317,12.049161,1981
11513,r4i1p1f1,1981,07,10,0.0,29.048086,10.681201,1981
11514,r4i1p1f1,1981,07,11,0.0,27.85165,9.036587,1981
11515,r4i1p1f1,1981,07,12,0.0,29.163382,9.63316,1981
11516,r4i1p1f1,1981,07,13,0.0,31.17685,10.542548,1981
11517,r4i1p1f1,1981,07,14,0.0,30.867092,11.741936,1981
11518,r4i1p1f1,1981,07,15,0.0,33.238117,13.474319,1981
11519,r4i1p1f1,1981,07,16,0.0,34.252323,15.072954,1981
11520,r4i1p1f1,1981,07,17,0.0,34.948322,16.24154,1981
11521,r4i1p1f1,1981,07,18,0.0,34.63639,15.366301,1981
11522,r4i1p1f1,1981,07,19,0.0,32.025375,13.848047,1981
11523,r4i1p1f1,1981,07,20,0.0,28.35249,10.7620325,1981
11524,r4i1p1f1,1981,07,21,0.0,30.852394,12.390858,1981
11525,r4i1p1f1,1981,07,22,0.0,33.82062,14.367992,1981
11526,r4i1p1f1,1981,07,23,0.0,34.52996,15.126655,1981
11527,r4i1p1f1,1981,07,24,0.0,34.732285,14.926951,1981
11528,r4i1p1f1,1981,07,25,0.015368837594564866,35.38618,17.43627,1981
11529,r4i1p1f1,1981,07,26,0.0,34.623844,16.478653,1981
11530,r4i1p1f1,1981,07,27,0.0,31.89049,14.573332,1981
11531,r4i1p1f1,1981,07,28,0.0,33.983597,15.413533,1981
11532,r4i1p1f1,1981,07,29,0.0,35.174828,17.859726,1981
11533,r4i1p1f1,1981,07,30,0.0,34.289177,16.855463,1981
11534,r4i1p1f1,1981,07,31,0.0,32.343414,14.152289,1981
11535,r4i1p1f1,1981,08,01,0.0,32.320625,11.536061,1981
11536,r4i1p1f1,1981,08,02,0.0,30.6344,10.956822,1981
11537,r4i1p1f1,1981,08,03,0.0,31.726736,13.153079,1981
11538,r4i1p1f1,1981,08,04,0.0,33.085968,14.966084,1981
11539,r4i1p1f1,1981,08,05,0.0,34.023857,15.372982,1981
11540,r4i1p1f1,1981,08,06,0.0,33.134926,15.545015,1981
11541,r4i1p1f1,1981,08,07,0.026280194208538887,34.640938,16.212044,1981
11542,r4i1p1f1,1981,08,08,0.000855665234666958,32.723705,13.759862,1981
11543,r4i1p1f1,1981,08,09,0.011281944534857757,32.83752,14.964878,1981
11544,r4i1p1f1,1981,08,10,0.0,33.949883,15.681797,1981
11545,r4i1p1f1,1981,08,11,0.0,34.675167,16.343834,1981
11546,r4i1p1f1,1981,08,12,0.0,30.300982,12.273904,1981
11547,r4i1p1f1,1981,08,13,0.0,30.156223,12.40889,1981
11548,r4i1p1f1,1981,08,14,0.0,33.57412,15.669071,1981
11549,r4i1p1f1,1981,08,15,0.0,33.281357,16.442915,1981
11550,r4i1p1f1,1981,08,16,0.0,31.21917,15.137935,1981
11551,r4i1p1f1,1981,08,17,0.0,26.688053,10.199929,1981
11552,r4i1p1f1,1981,08,18,0.0,24.800844,7.94517,1981
11553,r4i1p1f1,1981,08,19,0.0,24.012846,6.7932777,1981
11554,r4i1p1f1,1981,08,20,0.0,23.308846,6.993533,1981
11555,r4i1p1f1,1981,08,21,0.0,24.200274,7.7746844,1981
11556,r4i1p1f1,1981,08,22,0.0007810473334757262,27.485413,9.947798,1981
11557,r4i1p1f1,1981,08,23,0.0,31.72189,13.0380945,1981
11558,r4i1p1f1,1981,08,24,0.0,34.194916,15.572137,1981
11559,r4i1p1f1,1981,08,25,0.0,34.983536,15.983019,1981
11560,r4i1p1f1,1981,08,26,0.0,33.207684,16.441746,1981
11561,r4i1p1f1,1981,08,27,1.760995927111253,31.017311,13.988585,1981
11562,r4i1p1f1,1981,08,28,5.361548554060391,29.708231,13.849327,1981
11563,r4i1p1f1,1981,08,29,0.275358428632444,29.944553,13.799023,1981
11564,r4i1p1f1,1981,08,30,0.08544630930487074,30.373165,14.14084,1981
11565,r4i1p1f1,1981,08,31,0.03462454023974715,30.046335,13.975175,1981
11566,r4i1p1f1,1981,09,01,6.4149415918969055,27.768618,12.175456,1981
11567,r4i1p1f1,1981,09,02,0.506842143022368,28.930481,13.77518,1981
11568,r4i1p1f1,1981,09,03,0.0,31.638214,16.44033,1981
11569,r4i1p1f1,1981,09,04,0.0,34.40334,17.009083,1981
11570,r4i1p1f1,1981,09,05,0.0,33.181767,17.170092,1981
11571,r4i1p1f1,1981,09,06,0.0,32.725418,16.548904,1981
11572,r4i1p1f1,1981,09,07,0.0,29.976345,13.129956,1981
11573,r4i1p1f1,1981,09,08,0.0,25.800316,9.7507925,1981
11574,r4i1p1f1,1981,09,09,0.0,25.994768,9.578486,1981
11575,r4i1p1f1,1981,09,10,0.0,31.37949,13.677704,1981
11576,r4i1p1f1,1981,09,11,0.0,32.927696,13.386234,1981
11577,r4i1p1f1,1981,09,12,0.0,33.652946,15.598454,1981
11578,r4i1p1f1,1981,09,13,0.0,35.869507,17.28709,1981
11579,r4i1p1f1,1981,09,14,0.0,35.839027,17.523495,1981
11580,r4i1p1f1,1981,09,15,0.0,34.741898,17.4443,1981
11581,r4i1p1f1,1981,09,16,0.0,22.956457,6.0652523,1981
11582,r4i1p1f1,1981,09,17,0.0,21.929518,4.704194,1981
11583,r4i1p1f1,1981,09,18,0.0,23.156733,7.2713675,1981
11584,r4i1p1f1,1981,09,19,0.0,26.309502,8.204643,1981
11585,r4i1p1f1,1981,09,20,0.0,29.76515,11.65426,1981
11586,r4i1p1f1,1981,09,21,0.0,32.63749,13.961334,1981
11587,r4i1p1f1,1981,09,22,0.7454338414163431,32.680054,16.23741,1981
11588,r4i1p1f1,1981,09,23,2.3057175353898174,21.106737,9.02566,1981
11589,r4i1p1f1,1981,09,24,0.0,21.175644,6.978566,1981
11590,r4i1p1f1,1981,09,25,0.0,20.791235,7.1198535,1981
11591,r4i1p1f1,1981,09,26,0.012817044313351289,24.149277,9.111416,1981
11592,r4i1p1f1,1981,09,27,0.0,25.68414,10.653463,1981
11593,r4i1p1f1,1981,09,28,0.054360772719519446,23.791166,9.245435,1981
11594,r4i1p1f1,1981,09,29,4.558121378323676,19.320148,6.597322,1981
11595,r4i1p1f1,1981,09,30,0.0,21.915709,6.4290304,1981
11596,r4i1p1f1,1981,10,01,0.0,26.755363,8.192659,1981
11597,r4i1p1f1,1981,10,02,0.0,30.442383,10.738764,1981
11598,r4i1p1f1,1981,10,03,0.0,30.296705,11.420124,1981
11599,r4i1p1f1,1981,10,04,0.0,30.48188,13.20845,1981
11600,r4i1p1f1,1981,10,05,0.0,31.011387,15.668652,1981
11601,r4i1p1f1,1981,10,06,0.026824511056133815,29.30054,15.34991,1981
11602,r4i1p1f1,1981,10,07,0.0,28.754557,13.226653,1981
11603,r4i1p1f1,1981,10,08,0.0,29.986351,12.509991,1981
11604,r4i1p1f1,1981,10,09,0.0,30.204294,13.971181,1981
11605,r4i1p1f1,1981,10,10,0.0,30.13269,14.218145,1981
11606,r4i1p1f1,1981,10,11,0.0,30.987846,14.597118,1981
11607,r4i1p1f1,1981,10,12,0.0,32.30496,14.054323,1981
11608,r4i1p1f1,1981,10,13,0.0,31.668749,13.804633,1981
11609,r4i1p1f1,1981,10,14,0.0,32.335632,13.714275,1981
11610,r4i1p1f1,1981,10,15,0.0,30.831413,14.35888,1981
11611,r4i1p1f1,1981,10,16,0.0,28.032396,13.646345,1981
11612,r4i1p1f1,1981,10,17,8.553636141314769,26.331387,13.063548,1981
11613,r4i1p1f1,1981,10,18,16.874759199026812,21.028214,9.710304,1981
11614,r4i1p1f1,1981,10,19,23.129281585352146,20.321672,9.687692,1981
11615,r4i1p1f1,1981,10,20,1.7591721720719988,20.934679,9.330884,1981
11616,r4i1p1f1,1981,10,21,0.0018775385342451045,22.489098,8.342381,1981
11617,r4i1p1f1,1981,10,22,0.0,23.744112,10.75906,1981
11618,r4i1p1f1,1981,10,23,0.0,25.072206,10.751574,1981
11619,r4i1p1f1,1981,10,24,0.0,25.94812,11.701116,1981
11620,r4i1p1f1,1981,10,25,0.0,25.892733,11.940159,1981
11621,r4i1p1f1,1981,10,26,0.0,22.552914,9.869659,1981
11622,r4i1p1f1,1981,10,27,28.27078060072381,16.483147,9.451525,1981
11623,r4i1p1f1,1981,10,28,4.8941075451693905,14.891469,5.984403,1981
11624,r4i1p1f1,1981,10,29,0.7138419767102278,14.913448,4.89631,1981
11625,r4i1p1f1,1981,10,30,4.843124301942225,16.545298,4.829879,1981
11626,r4i1p1f1,1981,10,31,0.0,16.306137,3.4404805,1981
11627,r4i1p1f1,1981,11,01,0.008273020011984045,15.915975,5.143736,1981
11628,r4i1p1f1,1981,11,02,0.09793682139616067,15.443385,8.337212,1981
11629,r4i1p1f1,1981,11,03,0.11615914992653131,15.775306,8.5900755,1981
11630,r4i1p1f1,1981,11,04,0.0006869088743144403,13.699829,4.1809845,1981
11631,r4i1p1f1,1981,11,05,0.0,16.793098,3.0209777,1981
11632,r4i1p1f1,1981,11,06,0.0,19.329987,2.958099,1981
11633,r4i1p1f1,1981,11,07,0.0,19.032082,4.421974,1981
11634,r4i1p1f1,1981,11,08,0.0,16.31722,0.7610517,1981
11635,r4i1p1f1,1981,11,09,0.0,16.628231,2.513215,1981
11636,r4i1p1f1,1981,11,10,0.0,16.60867,2.284195,1981
11637,r4i1p1f1,1981,11,11,0.0,16.141176,3.6085107,1981
11638,r4i1p1f1,1981,11,12,0.0,15.162554,2.49977,1981
11639,r4i1p1f1,1981,11,13,0.0,15.360921,2.6715665,1981
11640,r4i1p1f1,1981,11,14,0.0,15.671827,3.7630415,1981
11641,r4i1p1f1,1981,11,15,0.00749510381865548,14.834691,3.2968547,1981
11642,r4i1p1f1,1981,11,16,0.0,13.998743,2.163095,1981
11643,r4i1p1f1,1981,11,17,0.015959640145979392,14.798253,-0.10549137,1981
11644,r4i1p1f1,1981,11,18,0.0,9.882192,-4.0046787,1981
11645,r4i1p1f1,1981,11,19,23.272911993262824,10.073352,-1.9739091,1981
11646,r4i1p1f1,1981,11,20,46.05073617021844,10.801913,-2.314866,1981
11647,r4i1p1f1,1981,11,21,0.7536481228356706,2.8339052,-8.457601,1981
11648,r4i1p1f1,1981,11,22,52.401721906790044,7.691584,-3.4654236,1981
11649,r4i1p1f1,1981,11,23,0.6790600003199643,4.4620996,-2.1987913,1981
11650,r4i1p1f1,1981,11,24,10.468891664822877,7.457815,-3.5577922,1981
11651,r4i1p1f1,1981,11,25,15.690205503778998,10.291245,3.6298845,1981
11652,r4i1p1f1,1981,11,26,14.350204141010181,10.152262,2.3146002,1981
11653,r4i1p1f1,1981,11,27,0.0,10.455733,0.9947278,1981
11654,r4i1p1f1,1981,11,28,3.026947918232281,11.495066,3.450575,1981
11655,r4i1p1f1,1981,11,29,3.5759681532795184,10.701412,4.312083,1981
11656,r4i1p1f1,1981,11,30,0.2891257075759768,13.9903345,1.9080026,1981
11657,r4i1p1f1,1981,12,01,0.6704053448231662,10.964893,2.4134538,1981
11658,r4i1p1f1,1981,12,02,0.0002195908074043018,9.502567,1.8947542,1981
11659,r4i1p1f1,1981,12,03,1.7161283344151457,6.2970777,-0.33440986,1981
11660,r4i1p1f1,1981,12,04,0.0,8.393869,-1.0342289,1981
11661,r4i1p1f1,1981,12,05,0.0,8.895801,0.39564174,1981
11662,r4i1p1f1,1981,12,06,2.5912839388013253,8.435188,3.018513,1981
11663,r4i1p1f1,1981,12,07,0.10834378354047658,8.011532,2.9103904,1981
11664,r4i1p1f1,1981,12,08,0.0,9.450833,4.052182,1981
11665,r4i1p1f1,1981,12,09,9.056805514046573,11.26225,3.2762024,1981
11666,r4i1p1f1,1981,12,10,0.0,11.759454,0.6749018,1981
11667,r4i1p1f1,1981,12,11,0.0,11.739165,0.24529028,1981
11668,r4i1p1f1,1981,12,12,0.0,12.913,0.43070138,1981
11669,r4i1p1f1,1981,12,13,0.0,11.985401,0.2323521,1981
11670,r4i1p1f1,1981,12,14,6.4610827386104575,10.124674,2.4951868,1981
11671,r4i1p1f1,1981,12,15,0.20237293435911852,7.163173,-3.2418354,1981
11672,r4i1p1f1,1981,12,16,0.0,10.60015,-0.24670018,1981
11673,r4i1p1f1,1981,12,17,0.0,9.655889,-1.6143652,1981
11674,r4i1p1f1,1981,12,18,0.0,9.085668,-2.1253657,1981
11675,r4i1p1f1,1981,12,19,1.4921872392051228,7.0398192,-0.16237408,1981
11676,r4i1p1f1,1981,12,20,10.867409121783567,7.203493,1.5330373,1981
11677,r4i1p1f1,1981,12,21,0.0,7.8610535,-4.668128,1981
11678,r4i1p1f1,1981,12,22,0.0,4.058606,-5.6145115,1981
11679,r4i1p1f1,1981,12,23,19.16600418062444,0.23325464,-5.1370153,1981
11680,r4i1p1f1,1981,12,24,2.1293630162290356,4.778104,-4.571549,1981
11681,r4i1p1f1,1981,12,25,0.0,4.863926,-7.6101284,1981
11682,r4i1p1f1,1981,12,26,15.877574231126346,1.1873516,-4.2675953,1981
11683,r4i1p1f1,1981,12,27,17.95251816201926,4.3861585,-2.7120306,1981
11684,r4i1p1f1,1981,12,28,0.0,4.7365,-7.783617,1981
11685,r4i1p1f1,1981,12,29,0.0,8.392044,-4.6365457,1981
11686,r4i1p1f1,1981,12,30,0.0,9.792101,-3.0777502,1981
11687,r4i1p1f1,1981,12,31,0.0,10.82412,-1.9637498,1981
11688,r4i1p1f1,1982,01,01,0.0,12.708595,-0.34741116,1982
11689,r4i1p1f1,1982,01,02,0.0,13.644,1.7934127,1982
11690,r4i1p1f1,1982,01,03,0.0,12.142986,1.3148516,1982
11691,r4i1p1f1,1982,01,04,0.0,11.918595,2.3632557,1982
11692,r4i1p1f1,1982,01,05,0.0,11.480823,1.1727622,1982
11693,r4i1p1f1,1982,01,06,0.0,12.89217,0.47143766,1982
11694,r4i1p1f1,1982,01,07,0.0,12.54615,1.2143967,1982
11695,r4i1p1f1,1982,01,08,0.0,11.740956,-0.38111788,1982
11696,r4i1p1f1,1982,01,09,0.0,9.870522,-1.5987413,1982
11697,r4i1p1f1,1982,01,10,0.0,6.5692086,-2.7323048,1982
11698,r4i1p1f1,1982,01,11,0.0003988236130680889,5.886242,-4.193655,1982
11699,r4i1p1f1,1982,01,12,41.21479692475987,7.0107174,-2.082402,1982
11700,r4i1p1f1,1982,01,13,77.60356194485212,11.286565,1.1186194,1982
11701,r4i1p1f1,1982,01,14,40.218417697178666,6.577561,-2.9103422,1982
11702,r4i1p1f1,1982,01,15,0.2746902654223504,3.588973,-8.452248,1982
11703,r4i1p1f1,1982,01,16,0.0,4.1874304,-10.311446,1982
11704,r4i1p1f1,1982,01,17,8.014493997120553,7.362273,-4.198708,1982
11705,r4i1p1f1,1982,01,18,33.87289869133383,7.4967937,1.4564031,1982
11706,r4i1p1f1,1982,01,19,28.454804793727817,10.201496,1.9929136,1982
11707,r4i1p1f1,1982,01,20,11.6172495399951,9.122564,3.4149053,1982
11708,r4i1p1f1,1982,01,21,1.7293956506421182,8.75434,3.8406224,1982
11709,r4i1p1f1,1982,01,22,0.0,12.720242,3.1081793,1982
11710,r4i1p1f1,1982,01,23,0.0,14.340897,2.9378498,1982
11711,r4i1p1f1,1982,01,24,0.07147025497715731,12.380538,4.7411237,1982
11712,r4i1p1f1,1982,01,25,0.0,11.226328,-0.4394989,1982
11713,r4i1p1f1,1982,01,26,0.01620280381757766,9.6270485,3.6989827,1982
11714,r4i1p1f1,1982,01,27,28.73661575067672,7.261784,2.8975286,1982
11715,r4i1p1f1,1982,01,28,0.0,9.972667,-0.08775181,1982
11716,r4i1p1f1,1982,01,29,13.515806949908438,8.163038,-0.037905745,1982
11717,r4i1p1f1,1982,01,30,71.17775037040701,6.864931,2.3713274,1982
11718,r4i1p1f1,1982,01,31,11.178567820411445,8.052284,-5.862114,1982
11719,r4i1p1f1,1982,02,01,0.0,9.637673,-2.6973846,1982
11720,r4i1p1f1,1982,02,02,0.10063722568247613,11.24495,-1.1816069,1982
11721,r4i1p1f1,1982,02,03,0.0,11.809724,0.98599315,1982
11722,r4i1p1f1,1982,02,04,0.0,13.907273,1.0997121,1982
11723,r4i1p1f1,1982,02,05,0.0,12.584519,2.347656,1982
11724,r4i1p1f1,1982,02,06,0.0,13.428781,1.6826837,1982
11725,r4i1p1f1,1982,02,07,6.544910260072356,9.382397,2.766924,1982
11726,r4i1p1f1,1982,02,08,12.342419855121989,9.679862,2.8664644,1982
11727,r4i1p1f1,1982,02,09,10.547077510000236,9.4669075,4.2084756,1982
11728,r4i1p1f1,1982,02,10,0.0,11.68292,5.351359,1982
11729,r4i1p1f1,1982,02,11,17.12726909572666,10.159954,3.390029,1982
11730,r4i1p1f1,1982,02,12,67.00621995987603,12.150268,3.61694,1982
11731,r4i1p1f1,1982,02,13,14.798880218370414,8.70496,2.0437787,1982
11732,r4i1p1f1,1982,02,14,2.7161264305110677,7.369763,-0.14797163,1982
11733,r4i1p1f1,1982,02,15,0.0,9.733804,-2.202951,1982
11734,r4i1p1f1,1982,02,16,0.0,10.114351,-2.7792208,1982
11735,r4i1p1f1,1982,02,17,0.0,11.213201,-1.3738534,1982
11736,r4i1p1f1,1982,02,18,14.75257976562716,5.220907,-3.4883013,1982
11737,r4i1p1f1,1982,02,19,10.678511399146373,4.0416684,-7.6623263,1982
11738,r4i1p1f1,1982,02,20,1.1218742718938302,3.945493,-3.8988523,1982
11739,r4i1p1f1,1982,02,21,19.133132026763633,7.6881886,-0.5312814,1982
11740,r4i1p1f1,1982,02,22,29.56453551669256,7.8543878,-2.7038388,1982
11741,r4i1p1f1,1982,02,23,17.393133406585548,9.169934,2.2068067,1982
11742,r4i1p1f1,1982,02,24,78.35114058179897,13.4123335,2.1032884,1982
11743,r4i1p1f1,1982,02,25,34.3606102582271,13.842859,-1.2767361,1982
11744,r4i1p1f1,1982,02,26,25.323163454595488,3.9460704,-4.6891065,1982
11745,r4i1p1f1,1982,02,27,11.927319198366604,2.3186908,-10.561999,1982
11746,r4i1p1f1,1982,02,28,0.32743585629759764,5.275853,-8.156612,1982
11747,r4i1p1f1,1982,03,01,20.257150949510105,3.4901724,-3.0580964,1982
11748,r4i1p1f1,1982,03,02,0.03694362567330245,10.100683,-2.144708,1982
11749,r4i1p1f1,1982,03,03,10.685631912110694,5.534928,-2.1136885,1982
11750,r4i1p1f1,1982,03,04,18.659594644691424,6.312739,0.60121346,1982
11751,r4i1p1f1,1982,03,05,0.5214042154108256,9.359017,-1.4594296,1982
11752,r4i1p1f1,1982,03,06,0.0,9.57319,-5.408452,1982
11753,r4i1p1f1,1982,03,07,11.740395474225807,5.5969768,-4.153831,1982
11754,r4i1p1f1,1982,03,08,54.77608503570082,7.9329495,2.8716269,1982
11755,r4i1p1f1,1982,03,09,40.0661446423328,9.525362,1.8641315,1982
11756,r4i1p1f1,1982,03,10,0.5445727643547116,10.778484,-1.1077724,1982
11757,r4i1p1f1,1982,03,11,0.0,12.823772,-1.5009174,1982
11758,r4i1p1f1,1982,03,12,0.0,13.902163,-3.1363504,1982
11759,r4i1p1f1,1982,03,13,0.0,13.140217,-1.0502702,1982
11760,r4i1p1f1,1982,03,14,0.0,13.455059,0.18240738,1982
11761,r4i1p1f1,1982,03,15,0.0,14.901745,2.0498471,1982
11762,r4i1p1f1,1982,03,16,0.0,14.712389,5.0177083,1982
11763,r4i1p1f1,1982,03,17,0.0,14.753538,2.5970604,1982
11764,r4i1p1f1,1982,03,18,0.0,14.030386,1.7299758,1982
11765,r4i1p1f1,1982,03,19,0.0,16.742775,2.0378542,1982
11766,r4i1p1f1,1982,03,20,0.0,17.467339,3.1920943,1982
11767,r4i1p1f1,1982,03,21,0.0,18.697655,2.7681956,1982
11768,r4i1p1f1,1982,03,22,0.0,19.777275,2.75798,1982
11769,r4i1p1f1,1982,03,23,0.0,20.79027,4.4776444,1982
11770,r4i1p1f1,1982,03,24,0.0,21.261335,4.484213,1982
11771,r4i1p1f1,1982,03,25,0.0,21.560541,4.664267,1982
11772,r4i1p1f1,1982,03,26,0.0,21.191763,4.886652,1982
11773,r4i1p1f1,1982,03,27,0.0,22.480576,4.7051835,1982
11774,r4i1p1f1,1982,03,28,0.0,22.881092,4.674198,1982
11775,r4i1p1f1,1982,03,29,0.0,23.740942,6.8584547,1982
11776,r4i1p1f1,1982,03,30,0.0,25.130617,6.5755596,1982
11777,r4i1p1f1,1982,03,31,0.0,24.133924,7.9358597,1982
11778,r4i1p1f1,1982,04,01,0.0,24.614786,7.4460645,1982
11779,r4i1p1f1,1982,04,02,0.0,18.293064,2.3004346,1982
11780,r4i1p1f1,1982,04,03,0.0,16.226238,1.4598675,1982
11781,r4i1p1f1,1982,04,04,0.0,21.128702,3.0863278,1982
11782,r4i1p1f1,1982,04,05,0.0,24.611027,6.5692215,1982
11783,r4i1p1f1,1982,04,06,0.0,24.695702,7.46978,1982
11784,r4i1p1f1,1982,04,07,0.0,23.160418,7.4331,1982
11785,r4i1p1f1,1982,04,08,30.626861513155745,13.769622,-0.5528683,1982
11786,r4i1p1f1,1982,04,09,1.5242234173314273,7.705091,-0.4437217,1982
11787,r4i1p1f1,1982,04,10,0.0,12.397921,2.585982,1982
11788,r4i1p1f1,1982,04,11,0.0,14.729847,0.75152826,1982
11789,r4i1p1f1,1982,04,12,0.0,17.259438,1.9707838,1982
11790,r4i1p1f1,1982,04,13,0.0,19.662273,3.3957393,1982
11791,r4i1p1f1,1982,04,14,0.0,22.218842,5.0570984,1982
11792,r4i1p1f1,1982,04,15,0.0,22.682264,6.2330656,1982
11793,r4i1p1f1,1982,04,16,0.0,23.712486,5.9636927,1982
11794,r4i1p1f1,1982,04,17,0.0,23.889015,6.139055,1982
11795,r4i1p1f1,1982,04,18,0.0,22.482533,6.296867,1982
11796,r4i1p1f1,1982,04,19,0.0,20.010973,6.240874,1982
11797,r4i1p1f1,1982,04,20,0.0,20.46266,4.5807943,1982
11798,r4i1p1f1,1982,04,21,0.0,19.877472,4.9055567,1982
11799,r4i1p1f1,1982,04,22,0.0,18.176472,5.5166683,1982
11800,r4i1p1f1,1982,04,23,0.0,21.580502,7.233586,1982
11801,r4i1p1f1,1982,04,24,0.0,25.102266,8.083619,1982
11802,r4i1p1f1,1982,04,25,0.0,25.216148,8.036172,1982
11803,r4i1p1f1,1982,04,26,0.0,25.032402,8.441065,1982
11804,r4i1p1f1,1982,04,27,0.0,23.00564,7.090661,1982
11805,r4i1p1f1,1982,04,28,4.400786443056859,18.464056,3.5764105,1982
11806,r4i1p1f1,1982,04,29,0.0217994902854457,15.69921,2.5115929,1982
11807,r4i1p1f1,1982,04,30,0.7799839794415675,16.306883,2.8739803,1982
11808,r4i1p1f1,1982,05,01,0.0,18.708868,2.7536893,1982
11809,r4i1p1f1,1982,05,02,0.0,19.214931,3.0560513,1982
11810,r4i1p1f1,1982,05,03,0.0,19.91819,4.2003894,1982
11811,r4i1p1f1,1982,05,04,0.0,21.48194,5.179512,1982
11812,r4i1p1f1,1982,05,05,0.0,26.14846,8.236462,1982
11813,r4i1p1f1,1982,05,06,0.0,25.416433,7.5489316,1982
11814,r4i1p1f1,1982,05,07,0.0,23.84316,8.559245,1982
11815,r4i1p1f1,1982,05,08,0.0,24.496439,7.6471252,1982
11816,r4i1p1f1,1982,05,09,0.0,23.601877,7.203376,1982
11817,r4i1p1f1,1982,05,10,0.0,21.337566,4.3293304,1982
11818,r4i1p1f1,1982,05,11,0.5913728301379706,14.083381,1.0475777,1982
11819,r4i1p1f1,1982,05,12,0.0,16.93496,0.51858413,1982
11820,r4i1p1f1,1982,05,13,0.0,22.66013,3.899045,1982
11821,r4i1p1f1,1982,05,14,0.0,23.87714,7.4588046,1982
11822,r4i1p1f1,1982,05,15,0.0,27.324995,8.172722,1982
11823,r4i1p1f1,1982,05,16,0.0,28.911583,9.537001,1982
11824,r4i1p1f1,1982,05,17,0.0,28.310097,10.506689,1982
11825,r4i1p1f1,1982,05,18,0.0,26.008295,8.789886,1982
11826,r4i1p1f1,1982,05,19,0.0,30.261827,11.354833,1982
11827,r4i1p1f1,1982,05,20,0.0,32.403004,12.268098,1982
11828,r4i1p1f1,1982,05,21,0.0,32.27324,13.005752,1982
11829,r4i1p1f1,1982,05,22,0.0,32.342854,11.15372,1982
11830,r4i1p1f1,1982,05,23,0.0,29.696018,10.7190075,1982
11831,r4i1p1f1,1982,05,24,0.0,30.63427,11.907725,1982
11832,r4i1p1f1,1982,05,25,0.0,30.207998,11.7679205,1982
11833,r4i1p1f1,1982,05,26,0.0,28.372538,11.417089,1982
11834,r4i1p1f1,1982,05,27,1.9341427067899986,23.12073,5.4970956,1982
11835,r4i1p1f1,1982,05,28,0.0,20.170502,2.4470482,1982
11836,r4i1p1f1,1982,05,29,0.0,21.785702,5.419502,1982
11837,r4i1p1f1,1982,05,30,0.0,25.732752,7.299212,1982
11838,r4i1p1f1,1982,05,31,1.056571151184471,21.225325,4.108544,1982
11839,r4i1p1f1,1982,06,01,3.8639987051197977,15.408661,-0.07704899,1982
11840,r4i1p1f1,1982,06,02,1.7145830266827033,17.457712,4.7901263,1982
11841,r4i1p1f1,1982,06,03,3.389322145370599,19.422739,4.488348,1982
11842,r4i1p1f1,1982,06,04,2.395750887410486,19.926527,3.6180649,1982
11843,r4i1p1f1,1982,06,05,1.2534281923763047,24.800472,6.7568173,1982
11844,r4i1p1f1,1982,06,06,0.03063154399569612,27.46583,8.65811,1982
11845,r4i1p1f1,1982,06,07,0.0,27.719776,9.285567,1982
11846,r4i1p1f1,1982,06,08,0.05588913181213684,27.895315,9.629715,1982
11847,r4i1p1f1,1982,06,09,0.28789479619035774,29.039385,11.558736,1982
11848,r4i1p1f1,1982,06,10,0.013209497410571203,29.143284,11.656307,1982
11849,r4i1p1f1,1982,06,11,0.0,31.544321,13.58221,1982
11850,r4i1p1f1,1982,06,12,0.0,32.700798,14.706779,1982
11851,r4i1p1f1,1982,06,13,0.0,33.095703,13.854972,1982
11852,r4i1p1f1,1982,06,14,0.0,33.138084,13.663504,1982
11853,r4i1p1f1,1982,06,15,0.0,33.894783,14.867817,1982
11854,r4i1p1f1,1982,06,16,0.0,32.82274,12.921865,1982
11855,r4i1p1f1,1982,06,17,0.0,28.880144,10.668575,1982
11856,r4i1p1f1,1982,06,18,0.0,29.33218,11.038768,1982
11857,r4i1p1f1,1982,06,19,0.0,29.194145,9.986965,1982
11858,r4i1p1f1,1982,06,20,0.0,26.458426,8.349528,1982
11859,r4i1p1f1,1982,06,21,0.0,23.988472,6.3579535,1982
11860,r4i1p1f1,1982,06,22,0.0,24.38254,7.2693806,1982
11861,r4i1p1f1,1982,06,23,2.8561433351683263,22.226427,7.03013,1982
11862,r4i1p1f1,1982,06,24,2.1658788795434702,20.707726,4.3492284,1982
11863,r4i1p1f1,1982,06,25,0.0,25.266745,7.2548847,1982
11864,r4i1p1f1,1982,06,26,0.0,30.222958,11.49011,1982
11865,r4i1p1f1,1982,06,27,0.0,31.032066,13.07377,1982
11866,r4i1p1f1,1982,06,28,0.0,30.05988,11.660193,1982
11867,r4i1p1f1,1982,06,29,0.005306833918439224,27.983198,9.8798485,1982
11868,r4i1p1f1,1982,06,30,0.06782825116715685,26.805916,10.137183,1982
11869,r4i1p1f1,1982,07,01,0.07875583011127674,28.052368,12.24149,1982
11870,r4i1p1f1,1982,07,02,0.0035663452308654087,27.188032,12.25042,1982
11871,r4i1p1f1,1982,07,03,0.16138893241759433,29.996452,15.171034,1982
11872,r4i1p1f1,1982,07,04,0.5237528730503982,30.58292,14.62704,1982
11873,r4i1p1f1,1982,07,05,1.2367584689741307,30.619911,15.180925,1982
11874,r4i1p1f1,1982,07,06,0.05314909085427644,28.696249,13.704157,1982
11875,r4i1p1f1,1982,07,07,0.01012019432522493,25.781044,10.944782,1982
11876,r4i1p1f1,1982,07,08,0.0,26.930824,10.810754,1982
11877,r4i1p1f1,1982,07,09,0.0,28.649149,12.480522,1982
11878,r4i1p1f1,1982,07,10,0.0,29.922628,12.406773,1982
11879,r4i1p1f1,1982,07,11,0.0,31.742544,11.754569,1982
11880,r4i1p1f1,1982,07,12,0.0,33.920223,13.798039,1982
11881,r4i1p1f1,1982,07,13,0.0,33.44008,14.091705,1982
11882,r4i1p1f1,1982,07,14,0.0,31.982168,11.706497,1982
11883,r4i1p1f1,1982,07,15,0.0,31.702446,13.475425,1982
11884,r4i1p1f1,1982,07,16,0.0,31.557735,12.315071,1982
11885,r4i1p1f1,1982,07,17,0.0,31.356333,11.005735,1982
11886,r4i1p1f1,1982,07,18,0.0,31.676239,11.93346,1982
11887,r4i1p1f1,1982,07,19,0.0,32.323853,13.542268,1982
11888,r4i1p1f1,1982,07,20,0.0,32.065243,13.323969,1982
11889,r4i1p1f1,1982,07,21,0.0,31.318258,12.995507,1982
11890,r4i1p1f1,1982,07,22,0.8128175170583063,31.891754,16.678144,1982
11891,r4i1p1f1,1982,07,23,1.722561174335624,31.845442,15.867488,1982
11892,r4i1p1f1,1982,07,24,0.0,33.26153,16.111784,1982
11893,r4i1p1f1,1982,07,25,0.0,34.115826,17.41749,1982
11894,r4i1p1f1,1982,07,26,0.0,34.624466,16.407827,1982
11895,r4i1p1f1,1982,07,27,0.0,34.762978,17.629562,1982
11896,r4i1p1f1,1982,07,28,0.0,34.36107,17.326395,1982
11897,r4i1p1f1,1982,07,29,0.0,33.8773,15.553637,1982
11898,r4i1p1f1,1982,07,30,0.0,33.573902,14.972385,1982
11899,r4i1p1f1,1982,07,31,0.0,30.676096,11.043743,1982
11900,r4i1p1f1,1982,08,01,0.0,28.602203,10.463391,1982
11901,r4i1p1f1,1982,08,02,0.0,29.350973,10.807316,1982
11902,r4i1p1f1,1982,08,03,0.0,31.89386,12.427575,1982
11903,r4i1p1f1,1982,08,04,0.0,31.149305,12.953054,1982
11904,r4i1p1f1,1982,08,05,0.0,31.670933,12.878869,1982
11905,r4i1p1f1,1982,08,06,0.007985096044649254,31.963047,13.655519,1982
11906,r4i1p1f1,1982,08,07,0.0,32.039963,14.780579,1982
11907,r4i1p1f1,1982,08,08,0.0,31.088676,13.88422,1982
11908,r4i1p1f1,1982,08,09,0.0,30.942497,12.105793,1982
11909,r4i1p1f1,1982,08,10,0.0,31.073072,12.683628,1982
11910,r4i1p1f1,1982,08,11,0.0,30.341146,12.045667,1982
11911,r4i1p1f1,1982,08,12,0.0,28.788662,10.278864,1982
11912,r4i1p1f1,1982,08,13,0.0,30.56523,12.714268,1982
11913,r4i1p1f1,1982,08,14,0.0,32.542847,14.189787,1982
11914,r4i1p1f1,1982,08,15,0.0,32.22503,14.143721,1982
11915,r4i1p1f1,1982,08,16,0.0,31.34545,12.468159,1982
11916,r4i1p1f1,1982,08,17,0.0,30.817514,12.448398,1982
11917,r4i1p1f1,1982,08,18,0.0,29.396433,11.026272,1982
11918,r4i1p1f1,1982,08,19,0.0,24.155434,7.3203373,1982
11919,r4i1p1f1,1982,08,20,0.004559554781735642,22.933886,6.448488,1982
11920,r4i1p1f1,1982,08,21,0.0,21.890951,4.4145064,1982
11921,r4i1p1f1,1982,08,22,0.0,21.949947,5.1261163,1982
11922,r4i1p1f1,1982,08,23,0.002425149523332948,23.591614,5.6634536,1982
11923,r4i1p1f1,1982,08,24,0.0,29.60281,9.422645,1982
11924,r4i1p1f1,1982,08,25,0.0,29.67456,11.183909,1982
11925,r4i1p1f1,1982,08,26,0.0,29.660807,10.353623,1982
11926,r4i1p1f1,1982,08,27,0.0,29.646654,10.387322,1982
11927,r4i1p1f1,1982,08,28,0.0,30.742794,11.620715,1982
11928,r4i1p1f1,1982,08,29,0.0,30.207237,11.196496,1982
11929,r4i1p1f1,1982,08,30,0.0,32.293015,12.0338545,1982
11930,r4i1p1f1,1982,08,31,0.0,33.66727,13.570656,1982
11931,r4i1p1f1,1982,09,01,0.0,35.905396,15.404122,1982
11932,r4i1p1f1,1982,09,02,0.0,35.719208,17.319305,1982
11933,r4i1p1f1,1982,09,03,0.0,35.11032,17.711292,1982
11934,r4i1p1f1,1982,09,04,0.0,34.729584,18.232208,1982
11935,r4i1p1f1,1982,09,05,0.0,34.49559,16.089163,1982
11936,r4i1p1f1,1982,09,06,0.0,33.831024,15.935551,1982
11937,r4i1p1f1,1982,09,07,0.0,30.844112,13.85884,1982
11938,r4i1p1f1,1982,09,08,0.0,29.8483,11.476744,1982
11939,r4i1p1f1,1982,09,09,0.0,29.331034,12.023312,1982
11940,r4i1p1f1,1982,09,10,0.0,29.870262,11.950402,1982
11941,r4i1p1f1,1982,09,11,0.0,31.372458,12.947178,1982
11942,r4i1p1f1,1982,09,12,0.0,31.032976,14.603984,1982
11943,r4i1p1f1,1982,09,13,0.0,26.922953,10.804683,1982
11944,r4i1p1f1,1982,09,14,0.8233476733209955,21.787613,6.8516526,1982
11945,r4i1p1f1,1982,09,15,0.0882553772527217,26.346554,9.25102,1982
11946,r4i1p1f1,1982,09,16,0.19418279842966513,28.943468,14.3118,1982
11947,r4i1p1f1,1982,09,17,5.413614974816028,24.017796,9.818513,1982
11948,r4i1p1f1,1982,09,18,5.88374648979908,26.34723,9.974219,1982
11949,r4i1p1f1,1982,09,19,2.7017920693026554,29.412224,14.717985,1982
11950,r4i1p1f1,1982,09,20,1.2635510900281588,29.468925,14.83854,1982
11951,r4i1p1f1,1982,09,21,2.872964199264061,29.030714,14.013582,1982
11952,r4i1p1f1,1982,09,22,0.0,27.706615,12.438745,1982
11953,r4i1p1f1,1982,09,23,6.821252770879482,27.66432,12.4449415,1982
11954,r4i1p1f1,1982,09,24,6.631902181680971,23.972187,9.916595,1982
11955,r4i1p1f1,1982,09,25,1.454725205712748,23.011038,8.585475,1982
11956,r4i1p1f1,1982,09,26,0.0,25.66584,11.551934,1982
11957,r4i1p1f1,1982,09,27,0.0,27.834564,13.292312,1982
11958,r4i1p1f1,1982,09,28,0.0,30.239576,15.508236,1982
11959,r4i1p1f1,1982,09,29,0.0,32.263367,15.542245,1982
11960,r4i1p1f1,1982,09,30,0.0,33.12864,15.112242,1982
11961,r4i1p1f1,1982,10,01,0.0,29.980726,14.942778,1982
11962,r4i1p1f1,1982,10,02,0.0,23.960463,8.325645,1982
11963,r4i1p1f1,1982,10,03,0.0,22.14091,6.070111,1982
11964,r4i1p1f1,1982,10,04,0.0,22.712563,6.5320234,1982
11965,r4i1p1f1,1982,10,05,0.0,21.41351,6.7226596,1982
11966,r4i1p1f1,1982,10,06,5.326650867885974,17.666277,4.579328,1982
11967,r4i1p1f1,1982,10,07,0.19961303513582607,14.025028,2.6867418,1982
11968,r4i1p1f1,1982,10,08,0.4252324411524455,14.635991,3.9889188,1982
11969,r4i1p1f1,1982,10,09,2.6370487523081465,14.213276,4.4255023,1982
11970,r4i1p1f1,1982,10,10,0.0,18.120806,4.0575404,1982
11971,r4i1p1f1,1982,10,11,0.0,17.583353,3.516326,1982
11972,r4i1p1f1,1982,10,12,0.0,17.346886,4.3263755,1982
11973,r4i1p1f1,1982,10,13,0.0,17.100101,3.6364737,1982
11974,r4i1p1f1,1982,10,14,0.0,20.748411,5.667788,1982
11975,r4i1p1f1,1982,10,15,0.0,21.839634,4.410715,1982
11976,r4i1p1f1,1982,10,16,0.0,24.655207,6.6359386,1982
11977,r4i1p1f1,1982,10,17,0.0,25.488907,7.771476,1982
11978,r4i1p1f1,1982,10,18,0.0,26.80126,8.467243,1982
11979,r4i1p1f1,1982,10,19,0.0,26.086174,8.53944,1982
11980,r4i1p1f1,1982,10,20,0.0,24.3575,7.176195,1982
11981,r4i1p1f1,1982,10,21,0.0,24.337914,8.2636175,1982
11982,r4i1p1f1,1982,10,22,0.0,24.170607,7.5680594,1982
11983,r4i1p1f1,1982,10,23,0.0,23.098646,6.9844265,1982
11984,r4i1p1f1,1982,10,24,0.0,20.268019,5.3017206,1982
11985,r4i1p1f1,1982,10,25,0.0,20.016909,5.423396,1982
11986,r4i1p1f1,1982,10,26,0.0,22.16564,6.768386,1982
11987,r4i1p1f1,1982,10,27,0.0,21.250834,7.349761,1982
11988,r4i1p1f1,1982,10,28,0.0,23.630829,7.24513,1982
11989,r4i1p1f1,1982,10,29,0.0,23.727823,10.217624,1982
11990,r4i1p1f1,1982,10,30,0.0,26.320383,10.971731,1982
11991,r4i1p1f1,1982,10,31,0.0,26.20825,12.617464,1982
11992,r4i1p1f1,1982,11,01,0.0,24.203386,11.032691,1982
11993,r4i1p1f1,1982,11,02,0.0,23.695627,10.229794,1982
11994,r4i1p1f1,1982,11,03,0.0,23.697746,11.535468,1982
11995,r4i1p1f1,1982,11,04,0.0,23.034178,10.553791,1982
11996,r4i1p1f1,1982,11,05,0.0,24.06871,12.076199,1982
11997,r4i1p1f1,1982,11,06,0.0,24.569754,11.761331,1982
11998,r4i1p1f1,1982,11,07,0.0,24.23461,7.8084927,1982
11999,r4i1p1f1,1982,11,08,0.0,22.76281,9.050473,1982
12000,r4i1p1f1,1982,11,09,0.0,16.155092,-0.090847336,1982
12001,r4i1p1f1,1982,11,10,0.0,11.401733,-2.787328,1982
12002,r4i1p1f1,1982,11,11,0.0,11.070441,-2.0880039,1982
12003,r4i1p1f1,1982,11,12,15.323258629041447,11.698543,1.2441529,1982
12004,r4i1p1f1,1982,11,13,93.34647948271595,12.024352,3.2242537,1982
12005,r4i1p1f1,1982,11,14,24.37411412504389,12.338686,4.3598504,1982
12006,r4i1p1f1,1982,11,15,30.67934682944724,9.77425,1.1364932,1982
12007,r4i1p1f1,1982,11,16,0.7982951894671686,5.9534936,-0.032247808,1982
12008,r4i1p1f1,1982,11,17,0.5401950506261244,7.104927,-0.046321288,1982
12009,r4i1p1f1,1982,11,18,0.0,10.889837,1.341507,1982
12010,r4i1p1f1,1982,11,19,0.0,10.551848,0.12404728,1982
12011,r4i1p1f1,1982,11,20,0.010125289918505587,10.818577,1.4182826,1982
12012,r4i1p1f1,1982,11,21,0.0008340430895259487,12.2628355,0.7729845,1982
12013,r4i1p1f1,1982,11,22,0.0,13.791686,1.9458411,1982
12014,r4i1p1f1,1982,11,23,0.0,14.1252365,3.386296,1982
12015,r4i1p1f1,1982,11,24,0.0,13.173779,5.439918,1982
12016,r4i1p1f1,1982,11,25,0.05997433487436865,11.136556,5.1850524,1982
12017,r4i1p1f1,1982,11,26,0.0,11.872243,-0.007913696,1982
12018,r4i1p1f1,1982,11,27,0.0,11.790134,1.0454623,1982
12019,r4i1p1f1,1982,11,28,0.0,12.868588,1.9138165,1982
12020,r4i1p1f1,1982,11,29,0.0,13.2542925,0.18210459,1982
12021,r4i1p1f1,1982,11,30,0.0,13.033123,-1.0174395,1982
12022,r4i1p1f1,1982,12,01,0.0,13.409933,3.478969,1982
12023,r4i1p1f1,1982,12,02,24.276806422130903,9.385845,2.6696482,1982
12024,r4i1p1f1,1982,12,03,5.724912649361613,7.308708,1.456327,1982
12025,r4i1p1f1,1982,12,04,0.0,7.3995404,-0.41882718,1982
12026,r4i1p1f1,1982,12,05,0.0,6.316538,-0.7998669,1982
12027,r4i1p1f1,1982,12,06,30.584532330249203,9.63931,1.0820802,1982
12028,r4i1p1f1,1982,12,07,10.743211393184993,10.1579075,3.141729,1982
12029,r4i1p1f1,1982,12,08,69.8608576276456,12.536658,3.3634584,1982
12030,r4i1p1f1,1982,12,09,37.95933406890981,11.914999,2.161491,1982
12031,r4i1p1f1,1982,12,10,0.10366191831963079,6.697504,-4.3875012,1982
12032,r4i1p1f1,1982,12,11,0.0,5.9439797,-5.7132163,1982
12033,r4i1p1f1,1982,12,12,0.0,6.8651233,-3.1342642,1982
12034,r4i1p1f1,1982,12,13,0.0,6.1484094,-3.0017238,1982
12035,r4i1p1f1,1982,12,14,0.0,6.2209115,-4.336919,1982
12036,r4i1p1f1,1982,12,15,0.0,7.7860107,-2.9787292,1982
12037,r4i1p1f1,1982,12,16,0.0,9.998663,-0.99266285,1982
12038,r4i1p1f1,1982,12,17,0.723804860791688,7.6605587,1.3532168,1982
12039,r4i1p1f1,1982,12,18,0.11280240044015954,7.729091,2.940691,1982
12040,r4i1p1f1,1982,12,19,0.0,9.306015,-1.4270959,1982
12041,r4i1p1f1,1982,12,20,0.08932120967983792,6.7196665,-2.5632315,1982
12042,r4i1p1f1,1982,12,21,2.631661170607913,5.560594,-1.3454453,1982
12043,r4i1p1f1,1982,12,22,38.749297517642844,7.469223,-0.5397521,1982
12044,r4i1p1f1,1982,12,23,72.5684624252608,12.53225,3.6100922,1982
12045,r4i1p1f1,1982,12,24,42.659225871284434,10.469297,1.1360711,1982
12046,r4i1p1f1,1982,12,25,18.664262305355805,6.3007135,-4.1181393,1982
12047,r4i1p1f1,1982,12,26,28.35449187696213,8.675275,-0.21635972,1982
12048,r4i1p1f1,1982,12,27,0.3661199174359808,9.654354,0.8834464,1982
12049,r4i1p1f1,1982,12,28,17.842590438885964,8.705257,1.6891028,1982
12050,r4i1p1f1,1982,12,29,4.318676780508213,7.6818357,1.9905589,1982
12051,r4i1p1f1,1982,12,30,0.0,9.067865,0.3502237,1982
12052,r4i1p1f1,1982,12,31,0.3452591156587914,8.9255085,3.4161115,1982
12053,r4i1p1f1,1983,01,01,9.649235897632025,6.32633,0.63254464,1983
12054,r4i1p1f1,1983,01,02,37.70092069316888,10.133573,2.609318,1983
12055,r4i1p1f1,1983,01,03,29.913569657946937,8.782649,3.3318899,1983
12056,r4i1p1f1,1983,01,04,64.75710088025153,9.4039755,1.0384871,1983
12057,r4i1p1f1,1983,01,05,0.0,9.683613,1.0230846,1983
12058,r4i1p1f1,1983,01,06,0.0,9.341669,-0.36728743,1983
12059,r4i1p1f1,1983,01,07,0.0,12.076672,2.586616,1983
12060,r4i1p1f1,1983,01,08,0.0,13.306687,5.0691323,1983
12061,r4i1p1f1,1983,01,09,0.12153505583683,10.905271,5.89681,1983
12062,r4i1p1f1,1983,01,10,1.4785854036688306,10.501734,2.5534985,1983
12063,r4i1p1f1,1983,01,11,0.0,13.026496,1.8985198,1983
12064,r4i1p1f1,1983,01,12,0.0,14.892924,2.023417,1983
12065,r4i1p1f1,1983,01,13,0.0,14.154002,3.495817,1983
12066,r4i1p1f1,1983,01,14,3.639993262453345,11.874284,3.4949968,1983
12067,r4i1p1f1,1983,01,15,0.0,14.338859,4.5662413,1983
12068,r4i1p1f1,1983,01,16,4.010188064285103,11.109738,3.2829738,1983
12069,r4i1p1f1,1983,01,17,22.150855329709884,11.775384,5.258544,1983
12070,r4i1p1f1,1983,01,18,17.479792984522646,11.938028,3.4644122,1983
12071,r4i1p1f1,1983,01,19,3.2923877184778405,12.7518215,3.9264607,1983
12072,r4i1p1f1,1983,01,20,29.412084860450705,12.10447,2.1065867,1983
12073,r4i1p1f1,1983,01,21,0.03686500307367169,8.704086,-2.4078941,1983
12074,r4i1p1f1,1983,01,22,0.0,5.4144573,-5.548598,1983
12075,r4i1p1f1,1983,01,23,0.0,4.036872,-8.602021,1983
12076,r4i1p1f1,1983,01,24,0.0,6.515269,-5.764738,1983
12077,r4i1p1f1,1983,01,25,0.0,6.9945602,-3.62763,1983
12078,r4i1p1f1,1983,01,26,0.0,9.620297,-1.0099349,1983
12079,r4i1p1f1,1983,01,27,0.0,7.9884744,0.5740171,1983
12080,r4i1p1f1,1983,01,28,6.594841029539111,6.4891076,0.73218274,1983
12081,r4i1p1f1,1983,01,29,0.0,10.84132,0.025700621,1983
12082,r4i1p1f1,1983,01,30,0.0,11.724982,0.7810534,1983
12083,r4i1p1f1,1983,01,31,0.0,11.1746025,0.5066289,1983
12084,r4i1p1f1,1983,02,01,0.0,11.986922,1.2985047,1983
12085,r4i1p1f1,1983,02,02,0.0,14.005165,0.84747624,1983
12086,r4i1p1f1,1983,02,03,0.0,13.630574,1.724272,1983
12087,r4i1p1f1,1983,02,04,0.0,14.603049,2.0679007,1983
12088,r4i1p1f1,1983,02,05,0.0,15.775799,2.6933908,1983
12089,r4i1p1f1,1983,02,06,4.9826276723251794,10.695506,3.0240707,1983
12090,r4i1p1f1,1983,02,07,0.0,9.992457,1.936263,1983
12091,r4i1p1f1,1983,02,08,4.394634332265923,9.385683,3.321208,1983
12092,r4i1p1f1,1983,02,09,25.165229947742773,10.572157,3.991923,1983
12093,r4i1p1f1,1983,02,10,18.721958055152754,10.67989,3.8311217,1983
12094,r4i1p1f1,1983,02,11,0.1498165482018976,12.099706,3.0430543,1983
12095,r4i1p1f1,1983,02,12,0.2933158801454283,8.630536,3.0465078,1983
12096,r4i1p1f1,1983,02,13,17.725860058089893,10.016611,2.5026784,1983
12097,r4i1p1f1,1983,02,14,2.1764515818347263,12.987302,3.857192,1983
12098,r4i1p1f1,1983,02,15,0.0,11.935644,1.6087385,1983
12099,r4i1p1f1,1983,02,16,0.8176170649790038,10.454926,2.8508246,1983
12100,r4i1p1f1,1983,02,17,0.17968034057957993,13.322554,1.8059595,1983
12101,r4i1p1f1,1983,02,18,0.6748269384956984,10.304101,2.2401185,1983
12102,r4i1p1f1,1983,02,19,34.10063253259068,10.823227,3.1573896,1983
12103,r4i1p1f1,1983,02,20,14.48785068058669,10.704976,3.3147643,1983
12104,r4i1p1f1,1983,02,21,39.71996573636716,13.676148,3.156745,1983
12105,r4i1p1f1,1983,02,22,25.92117919575685,13.4387,1.6841514,1983
12106,r4i1p1f1,1983,02,23,0.0792710743638736,8.16148,-2.6169305,1983
12107,r4i1p1f1,1983,02,24,0.001616236224322165,8.393165,2.7848477,1983
12108,r4i1p1f1,1983,02,25,27.708704111137195,6.07668,2.302464,1983
12109,r4i1p1f1,1983,02,26,10.391875170034837,7.5540867,1.7190195,1983
12110,r4i1p1f1,1983,02,27,0.0,11.575326,-0.15707149,1983
12111,r4i1p1f1,1983,02,28,0.0,11.676807,2.3499782,1983
12112,r4i1p1f1,1983,03,01,0.0,14.076212,2.2800663,1983
12113,r4i1p1f1,1983,03,02,0.0,13.552578,1.4197263,1983
12114,r4i1p1f1,1983,03,03,0.0,15.662789,1.6721561,1983
12115,r4i1p1f1,1983,03,04,23.223255506673013,11.9246855,0.12326029,1983
12116,r4i1p1f1,1983,03,05,0.0,12.043723,1.7018704,1983
12117,r4i1p1f1,1983,03,06,8.80832353450387,10.957947,1.1968226,1983
12118,r4i1p1f1,1983,03,07,0.0,15.548664,2.0780618,1983
12119,r4i1p1f1,1983,03,08,0.0,15.2443495,2.162205,1983
12120,r4i1p1f1,1983,03,09,4.806857288843958,12.443428,3.087586,1983
12121,r4i1p1f1,1983,03,10,0.0,13.675926,0.5619569,1983
12122,r4i1p1f1,1983,03,11,0.2524732589904488,13.760915,2.5735698,1983
12123,r4i1p1f1,1983,03,12,35.627124199527316,8.880249,3.6276028,1983
12124,r4i1p1f1,1983,03,13,22.37288600699685,11.384469,3.3801174,1983
12125,r4i1p1f1,1983,03,14,31.909541457571322,11.572021,1.7495401,1983
12126,r4i1p1f1,1983,03,15,0.0,14.077749,1.3673832,1983
12127,r4i1p1f1,1983,03,16,0.0,13.163934,2.2673573,1983
12128,r4i1p1f1,1983,03,17,1.2138875699349683,10.927353,-2.1482167,1983
12129,r4i1p1f1,1983,03,18,0.0,13.255432,-1.5863332,1983
12130,r4i1p1f1,1983,03,19,0.0,16.441229,-0.29871613,1983
12131,r4i1p1f1,1983,03,20,0.0,16.249886,1.0912228,1983
12132,r4i1p1f1,1983,03,21,0.0,21.557543,3.4999669,1983
12133,r4i1p1f1,1983,03,22,0.9879971139923782,17.109215,2.7113101,1983
12134,r4i1p1f1,1983,03,23,0.23795852042951537,16.93165,6.5029163,1983
12135,r4i1p1f1,1983,03,24,0.22046725316613447,16.890894,2.1711257,1983
12136,r4i1p1f1,1983,03,25,0.4647364446981328,10.265386,0.14735529,1983
12137,r4i1p1f1,1983,03,26,35.70141892269021,9.388779,0.16133457,1983
12138,r4i1p1f1,1983,03,27,6.3729793025459,6.0496182,-7.0901194,1983
12139,r4i1p1f1,1983,03,28,0.2365137833976405,6.3065977,-4.110173,1983
12140,r4i1p1f1,1983,03,29,17.158105307407823,7.4706216,-0.47853434,1983
12141,r4i1p1f1,1983,03,30,0.0,14.402468,5.628222,1983
12142,r4i1p1f1,1983,03,31,0.8750172882756146,10.235147,2.5257688,1983
12143,r4i1p1f1,1983,04,01,27.754982510668924,11.433788,4.486624,1983
12144,r4i1p1f1,1983,04,02,22.880320612239302,9.738592,2.3881013,1983
12145,r4i1p1f1,1983,04,03,7.290482277960564,8.516803,-0.75191057,1983
12146,r4i1p1f1,1983,04,04,1.9139027152959898,7.308798,0.13637336,1983
12147,r4i1p1f1,1983,04,05,0.00553309100723709,12.058987,-1.3507771,1983
12148,r4i1p1f1,1983,04,06,0.0,16.222002,0.026362844,1983
12149,r4i1p1f1,1983,04,07,0.0,16.653446,1.5588081,1983
12150,r4i1p1f1,1983,04,08,14.956902455014642,13.137479,-0.09571515,1983
12151,r4i1p1f1,1983,04,09,9.963105891461055,9.062163,2.6239917,1983
12152,r4i1p1f1,1983,04,10,0.17249310264730866,10.696252,2.8448586,1983
12153,r4i1p1f1,1983,04,11,0.0,17.623608,2.519405,1983
12154,r4i1p1f1,1983,04,12,7.878144916503516,12.8043375,2.4811757,1983
12155,r4i1p1f1,1983,04,13,38.509677987894975,11.912157,3.9784741,1983
12156,r4i1p1f1,1983,04,14,0.21513563314172757,13.081098,2.2545953,1983
12157,r4i1p1f1,1983,04,15,0.0,12.209785,2.8266993,1983
12158,r4i1p1f1,1983,04,16,4.059246327017263,11.0742235,0.11790922,1983
12159,r4i1p1f1,1983,04,17,9.782493507736945,10.710173,3.4983804,1983
12160,r4i1p1f1,1983,04,18,0.0,14.385766,1.2612019,1983
12161,r4i1p1f1,1983,04,19,0.0,18.682747,3.353301,1983
12162,r4i1p1f1,1983,04,20,0.0,24.380497,6.4723277,1983
12163,r4i1p1f1,1983,04,21,0.0,24.866297,7.7179904,1983
12164,r4i1p1f1,1983,04,22,0.0,25.111794,8.084006,1983
12165,r4i1p1f1,1983,04,23,0.0,23.337181,7.431716,1983
12166,r4i1p1f1,1983,04,24,6.581593267696917,15.758168,-0.07448069,1983
12167,r4i1p1f1,1983,04,25,15.333042639485939,12.585439,-0.09248771,1983
12168,r4i1p1f1,1983,04,26,0.04996187394201712,13.99517,-0.094133854,1983
12169,r4i1p1f1,1983,04,27,0.0,20.77158,3.0706227,1983
12170,r4i1p1f1,1983,04,28,0.0,23.025816,5.900205,1983
12171,r4i1p1f1,1983,04,29,0.0,23.412025,7.43779,1983
12172,r4i1p1f1,1983,04,30,0.0,23.844198,9.126511,1983
12173,r4i1p1f1,1983,05,01,1.636250522381033,19.97704,4.8901043,1983
12174,r4i1p1f1,1983,05,02,0.2983957575452223,16.263567,3.1651332,1983
12175,r4i1p1f1,1983,05,03,0.0,21.958803,4.430132,1983
12176,r4i1p1f1,1983,05,04,0.0,21.39487,5.3209176,1983
12177,r4i1p1f1,1983,05,05,0.19507582865117,19.520996,5.3629856,1983
12178,r4i1p1f1,1983,05,06,0.0,17.336748,2.5959985,1983
12179,r4i1p1f1,1983,05,07,0.0,18.839762,1.4163358,1983
12180,r4i1p1f1,1983,05,08,0.0,23.73423,5.767851,1983
12181,r4i1p1f1,1983,05,09,0.0,26.792625,7.434698,1983
12182,r4i1p1f1,1983,05,10,0.0,27.51826,10.367293,1983
12183,r4i1p1f1,1983,05,11,0.0,28.470615,9.732806,1983
12184,r4i1p1f1,1983,05,12,0.0,26.757,9.36056,1983
12185,r4i1p1f1,1983,05,13,0.0,24.926397,7.91544,1983
12186,r4i1p1f1,1983,05,14,0.009959116641766741,28.050411,10.379986,1983
12187,r4i1p1f1,1983,05,15,0.0,28.92201,9.94869,1983
12188,r4i1p1f1,1983,05,16,0.0,30.234982,10.740538,1983
12189,r4i1p1f1,1983,05,17,0.0,29.3834,11.161067,1983
12190,r4i1p1f1,1983,05,18,0.0,29.123922,10.584259,1983
12191,r4i1p1f1,1983,05,19,0.0,27.85934,8.045393,1983
12192,r4i1p1f1,1983,05,20,0.0,26.07059,8.256116,1983
12193,r4i1p1f1,1983,05,21,0.0,26.610973,9.358906,1983
12194,r4i1p1f1,1983,05,22,3.9614360282939742,16.63742,6.9767466,1983
12195,r4i1p1f1,1983,05,23,21.980750090733636,13.518511,1.1234756,1983
12196,r4i1p1f1,1983,05,24,32.13275048583455,15.248008,0.002169927,1983
12197,r4i1p1f1,1983,05,25,0.0,20.526655,4.29666,1983
12198,r4i1p1f1,1983,05,26,0.0,24.956501,7.1544247,1983
12199,r4i1p1f1,1983,05,27,0.0,25.22938,9.170287,1983
12200,r4i1p1f1,1983,05,28,0.0,22.202654,6.054673,1983
12201,r4i1p1f1,1983,05,29,0.010490683598618489,16.915888,1.9994886,1983
12202,r4i1p1f1,1983,05,30,0.0,20.194187,3.2571359,1983
12203,r4i1p1f1,1983,05,31,0.0,24.576193,7.6176615,1983
12204,r4i1p1f1,1983,06,01,0.0,25.568123,8.103755,1983
12205,r4i1p1f1,1983,06,02,0.0,25.260601,6.0783844,1983
12206,r4i1p1f1,1983,06,03,0.0,27.477196,7.884307,1983
12207,r4i1p1f1,1983,06,04,0.07574494084110484,28.33724,8.505394,1983
12208,r4i1p1f1,1983,06,05,0.0,27.326843,8.251141,1983
12209,r4i1p1f1,1983,06,06,0.0,28.400965,11.716119,1983
12210,r4i1p1f1,1983,06,07,0.0,28.41432,11.129883,1983
12211,r4i1p1f1,1983,06,08,0.19902295184692775,29.961222,10.668938,1983
12212,r4i1p1f1,1983,06,09,0.0,30.092258,11.540916,1983
12213,r4i1p1f1,1983,06,10,0.0,33.266396,13.748367,1983
12214,r4i1p1f1,1983,06,11,0.0,34.286217,15.70464,1983
12215,r4i1p1f1,1983,06,12,0.0,34.9579,15.0543165,1983
12216,r4i1p1f1,1983,06,13,0.0,33.938416,14.247517,1983
12217,r4i1p1f1,1983,06,14,0.0,33.31084,13.466021,1983
12218,r4i1p1f1,1983,06,15,0.0,28.519234,11.301263,1983
12219,r4i1p1f1,1983,06,16,0.17049398643393943,19.777676,4.1447515,1983
12220,r4i1p1f1,1983,06,17,0.0,23.009007,5.906007,1983
12221,r4i1p1f1,1983,06,18,0.30325901364278707,22.359194,6.1464286,1983
12222,r4i1p1f1,1983,06,19,0.0,26.018654,8.348544,1983
12223,r4i1p1f1,1983,06,20,0.0,30.657915,12.09351,1983
12224,r4i1p1f1,1983,06,21,0.0,32.050983,13.493476,1983
12225,r4i1p1f1,1983,06,22,0.0,34.025356,15.447617,1983
12226,r4i1p1f1,1983,06,23,0.0,34.286205,14.361542,1983
12227,r4i1p1f1,1983,06,24,0.0,35.534714,15.876125,1983
12228,r4i1p1f1,1983,06,25,0.0,35.81035,16.792778,1983
12229,r4i1p1f1,1983,06,26,0.0,36.059746,16.744146,1983
12230,r4i1p1f1,1983,06,27,0.0,34.498188,15.193922,1983
12231,r4i1p1f1,1983,06,28,0.0,34.237232,13.695184,1983
12232,r4i1p1f1,1983,06,29,0.0,33.467834,13.26722,1983
12233,r4i1p1f1,1983,06,30,0.0,31.681051,13.692914,1983
12234,r4i1p1f1,1983,07,01,0.0,31.578194,10.898971,1983
12235,r4i1p1f1,1983,07,02,0.0,33.26185,11.494201,1983
12236,r4i1p1f1,1983,07,03,0.0,33.901917,12.241827,1983
12237,r4i1p1f1,1983,07,04,0.0,34.34298,13.155153,1983
12238,r4i1p1f1,1983,07,05,0.0,33.5605,13.047945,1983
12239,r4i1p1f1,1983,07,06,0.0,32.939453,15.973855,1983
12240,r4i1p1f1,1983,07,07,0.0,34.655838,14.59096,1983
12241,r4i1p1f1,1983,07,08,0.0,34.183548,13.692922,1983
12242,r4i1p1f1,1983,07,09,0.0,33.804886,13.053662,1983
12243,r4i1p1f1,1983,07,10,0.0,33.79318,12.992987,1983
12244,r4i1p1f1,1983,07,11,0.0,33.000294,12.833166,1983
12245,r4i1p1f1,1983,07,12,0.0,28.967312,9.388516,1983
12246,r4i1p1f1,1983,07,13,0.0,29.700857,9.669218,1983
12247,r4i1p1f1,1983,07,14,0.0,30.774061,10.582201,1983
12248,r4i1p1f1,1983,07,15,0.0,30.615313,12.141407,1983
12249,r4i1p1f1,1983,07,16,0.0,31.294983,12.394087,1983
12250,r4i1p1f1,1983,07,17,0.0,31.163095,12.980107,1983
12251,r4i1p1f1,1983,07,18,0.0,31.51888,13.185521,1983
12252,r4i1p1f1,1983,07,19,0.0,33.776108,13.935314,1983
12253,r4i1p1f1,1983,07,20,0.0,35.694366,15.219325,1983
12254,r4i1p1f1,1983,07,21,0.0,35.757706,16.070438,1983
12255,r4i1p1f1,1983,07,22,0.0,33.64534,15.670983,1983
12256,r4i1p1f1,1983,07,23,0.0,32.93118,14.680281,1983
12257,r4i1p1f1,1983,07,24,0.0,32.58521,14.625218,1983
12258,r4i1p1f1,1983,07,25,0.0,32.849525,14.322353,1983
12259,r4i1p1f1,1983,07,26,0.0,32.778564,14.578303,1983
12260,r4i1p1f1,1983,07,27,0.0,32.570385,14.320123,1983
12261,r4i1p1f1,1983,07,28,0.0002730664334649191,33.0666,14.501302,1983
12262,r4i1p1f1,1983,07,29,0.0,33.27188,14.713567,1983
12263,r4i1p1f1,1983,07,30,0.0,32.55806,14.7284,1983
12264,r4i1p1f1,1983,07,31,0.0,31.147827,12.943328,1983
12265,r4i1p1f1,1983,08,01,0.0,30.792673,12.616631,1983
12266,r4i1p1f1,1983,08,02,0.0,31.297604,13.270132,1983
12267,r4i1p1f1,1983,08,03,0.0,31.096886,13.221995,1983
12268,r4i1p1f1,1983,08,04,0.0,30.788506,12.6164875,1983
12269,r4i1p1f1,1983,08,05,0.0,32.084114,13.600579,1983
12270,r4i1p1f1,1983,08,06,0.0,32.872917,14.849972,1983
12271,r4i1p1f1,1983,08,07,0.0,31.752115,13.305424,1983
12272,r4i1p1f1,1983,08,08,0.0,31.188816,14.06715,1983
12273,r4i1p1f1,1983,08,09,0.0,29.417244,10.98453,1983
12274,r4i1p1f1,1983,08,10,0.0,32.490566,13.839722,1983
12275,r4i1p1f1,1983,08,11,0.0,32.24872,15.369761,1983
12276,r4i1p1f1,1983,08,12,0.0,31.818665,13.705688,1983
12277,r4i1p1f1,1983,08,13,0.0,34.241917,17.045362,1983
12278,r4i1p1f1,1983,08,14,0.0,35.80542,16.537424,1983
12279,r4i1p1f1,1983,08,15,0.0,33.80285,15.501378,1983
12280,r4i1p1f1,1983,08,16,0.0,31.082817,12.000625,1983
12281,r4i1p1f1,1983,08,17,0.0,29.220167,10.520166,1983
12282,r4i1p1f1,1983,08,18,0.0,26.903238,9.34506,1983
12283,r4i1p1f1,1983,08,19,0.0,26.990965,9.209248,1983
12284,r4i1p1f1,1983,08,20,0.0,26.958672,9.160228,1983
12285,r4i1p1f1,1983,08,21,0.0,29.956272,11.680297,1983
12286,r4i1p1f1,1983,08,22,0.0,30.824694,12.256531,1983
12287,r4i1p1f1,1983,08,23,0.0,30.512478,12.0799055,1983
12288,r4i1p1f1,1983,08,24,0.0,23.332327,6.1141434,1983
12289,r4i1p1f1,1983,08,25,0.15022699664086758,18.354752,1.6407056,1983
12290,r4i1p1f1,1983,08,26,0.23409781244794203,18.539314,1.9452434,1983
12291,r4i1p1f1,1983,08,27,0.0,22.249039,3.864243,1983
12292,r4i1p1f1,1983,08,28,0.0,23.819357,6.2515078,1983
12293,r4i1p1f1,1983,08,29,0.0,23.787195,6.140749,1983
12294,r4i1p1f1,1983,08,30,0.006057870450604241,22.151878,3.9400313,1983
12295,r4i1p1f1,1983,08,31,0.0,23.652227,4.3468,1983
12296,r4i1p1f1,1983,09,01,0.0,28.021202,9.382732,1983
12297,r4i1p1f1,1983,09,02,0.0,29.71102,11.875163,1983
12298,r4i1p1f1,1983,09,03,0.0,30.025526,10.980206,1983
12299,r4i1p1f1,1983,09,04,0.0,29.192984,10.226244,1983
12300,r4i1p1f1,1983,09,05,0.0,26.089312,8.266185,1983
12301,r4i1p1f1,1983,09,06,0.0,27.125761,7.474584,1983
12302,r4i1p1f1,1983,09,07,0.0,26.203896,7.771588,1983
12303,r4i1p1f1,1983,09,08,0.32391395529742795,22.032806,7.617813,1983
12304,r4i1p1f1,1983,09,09,0.9682632623878362,16.647436,3.7843432,1983
12305,r4i1p1f1,1983,09,10,0.0,23.656456,6.7124033,1983
12306,r4i1p1f1,1983,09,11,0.0,25.989042,8.95629,1983
12307,r4i1p1f1,1983,09,12,0.06408257107466397,28.501024,12.982466,1983
12308,r4i1p1f1,1983,09,13,0.0,32.144196,15.001614,1983
12309,r4i1p1f1,1983,09,14,0.0,34.37145,16.36032,1983
12310,r4i1p1f1,1983,09,15,0.0,32.97124,14.885169,1983
12311,r4i1p1f1,1983,09,16,0.0,31.964195,13.355155,1983
12312,r4i1p1f1,1983,09,17,0.0,29.019217,10.512558,1983
12313,r4i1p1f1,1983,09,18,0.0,27.680634,11.201645,1983
12314,r4i1p1f1,1983,09,19,0.0,22.169565,5.8970118,1983
12315,r4i1p1f1,1983,09,20,0.0,20.378601,3.811559,1983
12316,r4i1p1f1,1983,09,21,0.0019364885588402103,14.86771,0.48702076,1983
12317,r4i1p1f1,1983,09,22,0.0,17.428509,-0.271116,1983
12318,r4i1p1f1,1983,09,23,0.0,18.17971,1.2843575,1983
12319,r4i1p1f1,1983,09,24,0.0,25.44187,4.463668,1983
12320,r4i1p1f1,1983,09,25,0.0,28.618866,8.9552,1983
12321,r4i1p1f1,1983,09,26,0.0,29.294024,10.615731,1983
12322,r4i1p1f1,1983,09,27,0.0,29.480207,11.359787,1983
12323,r4i1p1f1,1983,09,28,0.0,27.315577,8.977431,1983
12324,r4i1p1f1,1983,09,29,0.0,24.81528,6.885133,1983
12325,r4i1p1f1,1983,09,30,0.0,26.769167,7.9603033,1983
12326,r4i1p1f1,1983,10,01,0.0,28.750816,10.534659,1983
12327,r4i1p1f1,1983,10,02,0.0,29.903269,12.102123,1983
12328,r4i1p1f1,1983,10,03,0.0,28.573997,13.819471,1983
12329,r4i1p1f1,1983,10,04,0.0,25.166222,10.020499,1983
12330,r4i1p1f1,1983,10,05,0.0,24.31975,8.255766,1983
12331,r4i1p1f1,1983,10,06,0.036996624754692675,22.891993,7.197552,1983
12332,r4i1p1f1,1983,10,07,0.0,22.031723,7.059685,1983
12333,r4i1p1f1,1983,10,08,0.46554502334856807,23.221863,10.544952,1983
12334,r4i1p1f1,1983,10,09,0.0,22.641375,8.17083,1983
12335,r4i1p1f1,1983,10,10,0.0,21.497902,6.446957,1983
12336,r4i1p1f1,1983,10,11,0.0,20.683924,4.6720033,1983
12337,r4i1p1f1,1983,10,12,0.0,21.037544,6.0221324,1983
12338,r4i1p1f1,1983,10,13,0.0,14.726249,2.405238,1983
12339,r4i1p1f1,1983,10,14,0.0,11.394972,-1.0777564,1983
12340,r4i1p1f1,1983,10,15,0.09471563082854573,13.0445795,-0.23315424,1983
12341,r4i1p1f1,1983,10,16,0.0,13.967724,-2.8293855,1983
12342,r4i1p1f1,1983,10,17,0.0,13.872199,-0.9386499,1983
12343,r4i1p1f1,1983,10,18,0.0,15.353143,-2.5763068,1983
12344,r4i1p1f1,1983,10,19,0.0,16.857237,-0.14904553,1983
12345,r4i1p1f1,1983,10,20,0.0,19.082785,1.2062842,1983
12346,r4i1p1f1,1983,10,21,0.0,19.117603,0.8764756,1983
12347,r4i1p1f1,1983,10,22,0.0,17.812569,2.431607,1983
12348,r4i1p1f1,1983,10,23,0.0,20.21978,5.0153036,1983
12349,r4i1p1f1,1983,10,24,2.5509420964567653,19.139847,7.0033565,1983
12350,r4i1p1f1,1983,10,25,0.0,19.420221,3.96212,1983
12351,r4i1p1f1,1983,10,26,0.0,20.862085,7.105306,1983
12352,r4i1p1f1,1983,10,27,0.0,22.000473,7.0102334,1983
12353,r4i1p1f1,1983,10,28,0.0,21.7358,8.420731,1983
12354,r4i1p1f1,1983,10,29,0.0,21.685926,6.7586546,1983
12355,r4i1p1f1,1983,10,30,0.0,20.797424,6.8511224,1983
12356,r4i1p1f1,1983,10,31,0.0,16.243605,2.8470278,1983
12357,r4i1p1f1,1983,11,01,0.0,16.008524,2.8476365,1983
12358,r4i1p1f1,1983,11,02,0.09011305530464142,17.574131,4.93156,1983
12359,r4i1p1f1,1983,11,03,1.626775455881102,14.980408,6.0258617,1983
12360,r4i1p1f1,1983,11,04,0.0,18.479294,2.5890596,1983
12361,r4i1p1f1,1983,11,05,0.0,18.726103,2.0672944,1983
12362,r4i1p1f1,1983,11,06,0.0,20.380228,4.526185,1983
12363,r4i1p1f1,1983,11,07,0.0,22.3887,5.241875,1983
12364,r4i1p1f1,1983,11,08,0.0,21.839914,5.12806,1983
12365,r4i1p1f1,1983,11,09,0.0,22.855309,4.4816375,1983
12366,r4i1p1f1,1983,11,10,0.0,22.925095,6.9399543,1983
12367,r4i1p1f1,1983,11,11,0.0,23.39902,6.8566194,1983
12368,r4i1p1f1,1983,11,12,0.0,22.556183,6.0120635,1983
12369,r4i1p1f1,1983,11,13,0.0,21.147669,5.0898137,1983
12370,r4i1p1f1,1983,11,14,0.0,20.775146,5.264151,1983
12371,r4i1p1f1,1983,11,15,0.0,20.576063,4.9782286,1983
12372,r4i1p1f1,1983,11,16,0.0,17.11583,1.5278896,1983
12373,r4i1p1f1,1983,11,17,0.0,17.889893,1.0810037,1983
12374,r4i1p1f1,1983,11,18,0.0,18.81571,4.2280107,1983
12375,r4i1p1f1,1983,11,19,0.0,20.786049,3.334869,1983
12376,r4i1p1f1,1983,11,20,0.0,19.004547,4.4338155,1983
12377,r4i1p1f1,1983,11,21,0.0,18.98578,3.9336057,1983
12378,r4i1p1f1,1983,11,22,0.015808847683729255,14.276845,4.0015273,1983
12379,r4i1p1f1,1983,11,23,0.0,15.810543,1.9648252,1983
12380,r4i1p1f1,1983,11,24,0.0,15.307468,2.417162,1983
12381,r4i1p1f1,1983,11,25,0.0,16.616262,5.769327,1983
12382,r4i1p1f1,1983,11,26,1.4002649297310654,11.708453,2.0080729,1983
12383,r4i1p1f1,1983,11,27,0.0,12.551182,1.784884,1983
12384,r4i1p1f1,1983,11,28,5.853474097671096,12.179291,4.2218266,1983
12385,r4i1p1f1,1983,11,29,29.27019316375663,13.366352,-0.57495415,1983
12386,r4i1p1f1,1983,11,30,0.0,10.1381,-2.3920677,1983
12387,r4i1p1f1,1983,12,01,0.0,11.877592,0.27037874,1983
12388,r4i1p1f1,1983,12,02,0.0,15.002075,3.7245135,1983
12389,r4i1p1f1,1983,12,03,27.88638205965981,13.2409315,3.9248073,1983
12390,r4i1p1f1,1983,12,04,6.987874986953102,10.047581,3.2601614,1983
12391,r4i1p1f1,1983,12,05,88.60761245596223,13.034337,2.187282,1983
12392,r4i1p1f1,1983,12,06,53.366222579279565,11.139706,1.6581213,1983
12393,r4i1p1f1,1983,12,07,16.39436697205383,13.098173,5.3779707,1983
12394,r4i1p1f1,1983,12,08,64.72612174839014,12.399192,6.606483,1983
12395,r4i1p1f1,1983,12,09,7.850893388194891,11.7821245,3.8950326,1983
12396,r4i1p1f1,1983,12,10,0.05260036105028121,11.72105,0.8652234,1983
12397,r4i1p1f1,1983,12,11,0.0,12.202623,0.83408535,1983
12398,r4i1p1f1,1983,12,12,1.1901359140779277,11.349735,3.397171,1983
12399,r4i1p1f1,1983,12,13,0.0,12.10286,6.21346,1983
12400,r4i1p1f1,1983,12,14,0.0,11.418257,4.1703506,1983
12401,r4i1p1f1,1983,12,15,0.0,14.220612,1.6749148,1983
12402,r4i1p1f1,1983,12,16,0.0,12.849156,1.4388474,1983
12403,r4i1p1f1,1983,12,17,0.0,14.570289,1.9590904,1983
12404,r4i1p1f1,1983,12,18,0.0,13.740824,3.064064,1983
12405,r4i1p1f1,1983,12,19,0.0,13.596431,3.329962,1983
12406,r4i1p1f1,1983,12,20,0.0,12.955464,3.459076,1983
12407,r4i1p1f1,1983,12,21,0.0,12.453266,2.94574,1983
12408,r4i1p1f1,1983,12,22,0.0,11.772977,2.4963498,1983
12409,r4i1p1f1,1983,12,23,0.030856332614348503,12.652167,3.4387295,1983
12410,r4i1p1f1,1983,12,24,0.0,11.688196,3.9060183,1983
12411,r4i1p1f1,1983,12,25,0.05017461330680817,12.812199,3.9284656,1983
12412,r4i1p1f1,1983,12,26,0.0,14.55707,3.620448,1983
12413,r4i1p1f1,1983,12,27,0.37876750562020334,13.319653,4.010374,1983
12414,r4i1p1f1,1983,12,28,0.6041343229156837,10.657159,1.6919122,1983
12415,r4i1p1f1,1983,12,29,9.66266875243491,11.099969,5.6741047,1983
12416,r4i1p1f1,1983,12,30,16.516436179608718,14.096896,7.5845413,1983
12417,r4i1p1f1,1983,12,31,0.10986771931698058,14.122385,6.6811724,1983
12418,r4i1p1f1,1984,01,01,0.0,16.456503,5.314026,1984
12419,r4i1p1f1,1984,01,02,0.0,17.841547,5.6669216,1984
12420,r4i1p1f1,1984,01,03,0.6320966088424029,14.996785,3.9275007,1984
12421,r4i1p1f1,1984,01,04,0.0,14.263857,2.5072536,1984
12422,r4i1p1f1,1984,01,05,0.0,11.373866,-0.6604724,1984
12423,r4i1p1f1,1984,01,06,0.0,13.231325,0.20804225,1984
12424,r4i1p1f1,1984,01,07,0.0,13.062353,1.3597425,1984
12425,r4i1p1f1,1984,01,08,0.0,12.8820915,3.2475417,1984
12426,r4i1p1f1,1984,01,09,0.0,13.213496,1.4692765,1984
12427,r4i1p1f1,1984,01,10,0.0,13.0092125,2.009371,1984
12428,r4i1p1f1,1984,01,11,6.435661483442345,9.205718,2.8787405,1984
12429,r4i1p1f1,1984,01,12,6.430109188681854,11.396272,4.803556,1984
12430,r4i1p1f1,1984,01,13,0.00022610984631299402,12.742307,7.1042886,1984
12431,r4i1p1f1,1984,01,14,20.8160360736656,12.055379,3.0829892,1984
12432,r4i1p1f1,1984,01,15,10.085012134555882,12.743883,1.0267129,1984
12433,r4i1p1f1,1984,01,16,0.0,13.3840885,1.0214322,1984
12434,r4i1p1f1,1984,01,17,0.0,11.417506,2.6242695,1984
12435,r4i1p1f1,1984,01,18,9.079480543312002,8.2199955,-0.07381376,1984
12436,r4i1p1f1,1984,01,19,0.0,7.872881,-3.3194218,1984
12437,r4i1p1f1,1984,01,20,15.378977850286901,4.915358,-0.81247807,1984
12438,r4i1p1f1,1984,01,21,12.071399930027837,5.3988323,-5.115962,1984
12439,r4i1p1f1,1984,01,22,0.0,8.156711,-4.0290704,1984
12440,r4i1p1f1,1984,01,23,0.24399243394555015,7.27463,-3.2661026,1984
12441,r4i1p1f1,1984,01,24,0.0,8.208167,-1.4486089,1984
12442,r4i1p1f1,1984,01,25,0.0,11.422109,-1.2629102,1984
12443,r4i1p1f1,1984,01,26,0.0,11.257949,0.37543833,1984
12444,r4i1p1f1,1984,01,27,0.0,12.260184,1.5430971,1984
12445,r4i1p1f1,1984,01,28,0.0,12.505001,-0.66650414,1984
12446,r4i1p1f1,1984,01,29,0.0,14.615457,0.9566746,1984
12447,r4i1p1f1,1984,01,30,0.0,13.64704,0.8112852,1984
12448,r4i1p1f1,1984,01,31,0.0,13.947144,1.6879716,1984
12449,r4i1p1f1,1984,02,01,0.0,14.255025,1.3497615,1984
12450,r4i1p1f1,1984,02,02,0.0,15.509591,1.3472095,1984
12451,r4i1p1f1,1984,02,03,0.0,18.162222,3.828245,1984
12452,r4i1p1f1,1984,02,04,0.0,18.598753,3.102761,1984
12453,r4i1p1f1,1984,02,05,3.0312730356399697,15.356218,1.4143548,1984
12454,r4i1p1f1,1984,02,06,14.084411587646173,8.49584,-3.7086906,1984
12455,r4i1p1f1,1984,02,07,2.1369899348030685,8.98387,-1.2204225,1984
12456,r4i1p1f1,1984,02,08,29.99143684428418,10.928083,2.3336272,1984
12457,r4i1p1f1,1984,02,09,34.321330400780425,14.416401,1.2364364,1984
12458,r4i1p1f1,1984,02,10,64.97084139336948,14.854939,4.552059,1984
12459,r4i1p1f1,1984,02,11,32.75911643577274,12.138149,2.6692042,1984
12460,r4i1p1f1,1984,02,12,26.092412722937297,11.122505,2.4872022,1984
12461,r4i1p1f1,1984,02,13,6.332463733951954,12.585776,1.6953725,1984
12462,r4i1p1f1,1984,02,14,16.985060120669004,12.969471,0.6345093,1984
12463,r4i1p1f1,1984,02,15,2.323301942578837,10.536837,-0.14463298,1984
12464,r4i1p1f1,1984,02,16,2.352033379366958,7.4077053,-2.8179762,1984
12465,r4i1p1f1,1984,02,17,6.868365359935069,5.9780407,-3.656523,1984
12466,r4i1p1f1,1984,02,18,0.0,8.049794,-4.5317464,1984
12467,r4i1p1f1,1984,02,19,0.0,12.883027,-0.2729193,1984
12468,r4i1p1f1,1984,02,20,0.0,12.115606,0.6339896,1984
12469,r4i1p1f1,1984,02,21,0.0,12.981204,0.49761397,1984
12470,r4i1p1f1,1984,02,22,0.0,9.876613,1.9927286,1984
12471,r4i1p1f1,1984,02,23,0.0,16.120188,2.5180902,1984
12472,r4i1p1f1,1984,02,24,0.0,18.8666,3.8860168,1984
12473,r4i1p1f1,1984,02,25,0.0,17.919378,4.213493,1984
12474,r4i1p1f1,1984,02,26,0.009000932308822485,15.759831,4.8562818,1984
12475,r4i1p1f1,1984,02,27,10.601325549464491,11.499532,-0.7361073,1984
12476,r4i1p1f1,1984,02,28,0.0,10.2586,-1.8798051,1984
12477,r4i1p1f1,1984,02,29,4.226339667960133,5.9544525,-4.7062254,1984
12478,r4i1p1f1,1984,03,01,0.41303748894279124,10.46166,-1.1129462,1984
12479,r4i1p1f1,1984,03,02,0.0,14.050759,-0.097961105,1984
12480,r4i1p1f1,1984,03,03,0.0,14.566794,2.086341,1984
12481,r4i1p1f1,1984,03,04,1.2733409426346043,8.442783,-0.8653462,1984
12482,r4i1p1f1,1984,03,05,0.0,15.951277,1.8392549,1984
12483,r4i1p1f1,1984,03,06,0.0,16.364895,1.6135116,1984
12484,r4i1p1f1,1984,03,07,0.0,16.154915,2.45069,1984
12485,r4i1p1f1,1984,03,08,0.0,17.377113,2.581848,1984
12486,r4i1p1f1,1984,03,09,0.14434000584628848,15.640409,1.9203205,1984
12487,r4i1p1f1,1984,03,10,0.416004799546954,14.438734,1.4985182,1984
12488,r4i1p1f1,1984,03,11,0.0,16.008617,0.29573154,1984
12489,r4i1p1f1,1984,03,12,0.0,17.025074,1.7377262,1984
12490,r4i1p1f1,1984,03,13,0.0,17.845163,2.215466,1984
12491,r4i1p1f1,1984,03,14,0.0,19.00401,3.455466,1984
12492,r4i1p1f1,1984,03,15,0.0,17.416555,2.6793253,1984
12493,r4i1p1f1,1984,03,16,20.02682690945221,8.0498085,0.3721831,1984
12494,r4i1p1f1,1984,03,17,7.161108271975536,5.2287216,-5.737663,1984
12495,r4i1p1f1,1984,03,18,0.0,8.553162,-5.19961,1984
12496,r4i1p1f1,1984,03,19,0.0,8.684557,-5.5247316,1984
12497,r4i1p1f1,1984,03,20,7.257823908912542,7.182932,-3.1359284,1984
12498,r4i1p1f1,1984,03,21,17.421979442588054,9.6243,0.35884178,1984
12499,r4i1p1f1,1984,03,22,11.08179380216825,9.963939,-0.2540236,1984
12500,r4i1p1f1,1984,03,23,34.422029274719534,10.728749,2.8605003,1984
12501,r4i1p1f1,1984,03,24,41.36671026390104,10.466894,3.4561572,1984
12502,r4i1p1f1,1984,03,25,8.383967081636001,10.647012,3.9005404,1984
12503,r4i1p1f1,1984,03,26,0.0,17.135626,2.7671232,1984
12504,r4i1p1f1,1984,03,27,0.0,17.79255,3.2623303,1984
12505,r4i1p1f1,1984,03,28,0.0,19.973707,3.4770193,1984
12506,r4i1p1f1,1984,03,29,0.0,20.262753,3.103021,1984
12507,r4i1p1f1,1984,03,30,0.0,22.14713,5.14357,1984
12508,r4i1p1f1,1984,03,31,0.0,23.671227,6.2174335,1984
12509,r4i1p1f1,1984,04,01,0.0,23.8473,6.652994,1984
12510,r4i1p1f1,1984,04,02,0.0,22.641918,9.15036,1984
12511,r4i1p1f1,1984,04,03,1.8085964472447813,19.032043,4.1166644,1984
12512,r4i1p1f1,1984,04,04,0.17211759885924494,18.540596,3.3464122,1984
12513,r4i1p1f1,1984,04,05,0.05620039391942555,18.901197,5.7549,1984
12514,r4i1p1f1,1984,04,06,0.0,16.51623,1.8048348,1984
12515,r4i1p1f1,1984,04,07,0.0,19.96402,3.9066331,1984
12516,r4i1p1f1,1984,04,08,0.0,22.904816,4.795431,1984
12517,r4i1p1f1,1984,04,09,0.0,24.068947,5.582228,1984
12518,r4i1p1f1,1984,04,10,0.0,23.959642,7.4169445,1984
12519,r4i1p1f1,1984,04,11,0.0,24.803072,7.4180255,1984
12520,r4i1p1f1,1984,04,12,0.0,25.502115,7.402154,1984
12521,r4i1p1f1,1984,04,13,0.0,24.766695,9.510792,1984
12522,r4i1p1f1,1984,04,14,0.0,27.253956,9.332677,1984
12523,r4i1p1f1,1984,04,15,0.0,26.298077,9.995358,1984
12524,r4i1p1f1,1984,04,16,0.0,25.832838,9.024185,1984
12525,r4i1p1f1,1984,04,17,0.0,23.775967,7.860407,1984
12526,r4i1p1f1,1984,04,18,0.052676396586548435,18.14198,5.7185574,1984
12527,r4i1p1f1,1984,04,19,12.028999765061599,12.896525,0.41760036,1984
12528,r4i1p1f1,1984,04,20,0.0,15.352731,0.9630752,1984
12529,r4i1p1f1,1984,04,21,0.0010373981886857564,14.759077,5.639163,1984
12530,r4i1p1f1,1984,04,22,22.998109085528995,10.64073,-0.8107872,1984
12531,r4i1p1f1,1984,04,23,0.0,15.995697,0.35196364,1984
12532,r4i1p1f1,1984,04,24,0.0,19.468641,2.3418202,1984
12533,r4i1p1f1,1984,04,25,0.0,19.675419,5.2370324,1984
12534,r4i1p1f1,1984,04,26,0.0,23.00039,5.2075043,1984
12535,r4i1p1f1,1984,04,27,0.0,23.984058,6.577812,1984
12536,r4i1p1f1,1984,04,28,0.0,25.81254,7.9182196,1984
12537,r4i1p1f1,1984,04,29,0.0,27.46322,9.182247,1984
12538,r4i1p1f1,1984,04,30,0.0,27.912971,10.145267,1984
12539,r4i1p1f1,1984,05,01,0.0013300566024554428,29.826115,11.236924,1984
12540,r4i1p1f1,1984,05,02,0.0,26.678059,10.518163,1984
12541,r4i1p1f1,1984,05,03,0.0,23.229212,7.86112,1984
12542,r4i1p1f1,1984,05,04,9.581515640820726,15.169264,0.7203382,1984
12543,r4i1p1f1,1984,05,05,14.652996187805911,14.0552225,6.020291,1984
12544,r4i1p1f1,1984,05,06,1.2073345766594912,15.544664,6.041593,1984
12545,r4i1p1f1,1984,05,07,0.061153912815825606,18.9359,4.835884,1984
12546,r4i1p1f1,1984,05,08,0.0,24.227875,7.736639,1984
12547,r4i1p1f1,1984,05,09,0.7144430602920693,19.878923,3.715176,1984
12548,r4i1p1f1,1984,05,10,0.9937041671946645,20.076965,3.928883,1984
12549,r4i1p1f1,1984,05,11,0.028265025775908725,23.109756,6.8780103,1984
12550,r4i1p1f1,1984,05,12,1.673854784417017,19.575472,4.4991617,1984
12551,r4i1p1f1,1984,05,13,1.320849133117008,20.714178,5.6274753,1984
12552,r4i1p1f1,1984,05,14,0.011964141958742402,18.845047,7.5431957,1984
12553,r4i1p1f1,1984,05,15,0.2387594616266142,17.082268,4.5274396,1984
12554,r4i1p1f1,1984,05,16,0.0,17.242298,7.8587246,1984
12555,r4i1p1f1,1984,05,17,8.055963597780647,14.836741,4.769242,1984
12556,r4i1p1f1,1984,05,18,42.42876735297614,14.08088,7.8422546,1984
12557,r4i1p1f1,1984,05,19,29.413276014702205,14.271301,4.094089,1984
12558,r4i1p1f1,1984,05,20,0.3029524680528084,17.255714,1.9627982,1984
12559,r4i1p1f1,1984,05,21,0.0,20.663506,4.209929,1984
12560,r4i1p1f1,1984,05,22,0.01190642346102777,22.305183,6.8007503,1984
12561,r4i1p1f1,1984,05,23,1.123298858601629,20.758394,5.166641,1984
12562,r4i1p1f1,1984,05,24,0.0,23.25132,5.6200986,1984
12563,r4i1p1f1,1984,05,25,0.0,22.828854,7.3455014,1984
12564,r4i1p1f1,1984,05,26,0.010453942923049908,19.7782,4.7313213,1984
12565,r4i1p1f1,1984,05,27,4.655704641572811,18.247688,5.967324,1984
12566,r4i1p1f1,1984,05,28,1.3433306558937375,18.724241,5.8907113,1984
12567,r4i1p1f1,1984,05,29,0.0,23.081318,5.906328,1984
12568,r4i1p1f1,1984,05,30,0.006852460137451999,24.3877,7.573336,1984
12569,r4i1p1f1,1984,05,31,0.0,26.291058,10.097489,1984
12570,r4i1p1f1,1984,06,01,0.5973796440002843,25.06536,8.46294,1984
12571,r4i1p1f1,1984,06,02,4.115889922968563,21.34401,5.79154,1984
12572,r4i1p1f1,1984,06,03,1.9933644851107601,19.894108,5.925104,1984
12573,r4i1p1f1,1984,06,04,0.020308310331529356,21.413994,8.72329,1984
12574,r4i1p1f1,1984,06,05,0.0,21.409605,8.277522,1984
12575,r4i1p1f1,1984,06,06,0.0,19.191566,6.0508327,1984
12576,r4i1p1f1,1984,06,07,0.0,18.910883,5.468887,1984
12577,r4i1p1f1,1984,06,08,0.0,20.195278,5.486071,1984
12578,r4i1p1f1,1984,06,09,0.0,23.583303,6.8798313,1984
12579,r4i1p1f1,1984,06,10,0.03240041689878126,24.133356,8.449047,1984
12580,r4i1p1f1,1984,06,11,0.5734358794740047,20.006746,5.425381,1984
12581,r4i1p1f1,1984,06,12,0.0,25.619041,7.2137527,1984
12582,r4i1p1f1,1984,06,13,0.0,24.92274,8.594151,1984
12583,r4i1p1f1,1984,06,14,0.0,24.17304,7.502594,1984
12584,r4i1p1f1,1984,06,15,0.0,26.342888,8.217988,1984
12585,r4i1p1f1,1984,06,16,0.0,29.743011,10.776561,1984
12586,r4i1p1f1,1984,06,17,0.0,30.964905,11.564648,1984
12587,r4i1p1f1,1984,06,18,0.0,31.239346,13.04267,1984
12588,r4i1p1f1,1984,06,19,0.0,26.729422,8.542682,1984
12589,r4i1p1f1,1984,06,20,0.0,28.903168,11.697386,1984
12590,r4i1p1f1,1984,06,21,0.0,29.11851,10.888531,1984
12591,r4i1p1f1,1984,06,22,0.0,28.253904,10.065231,1984
12592,r4i1p1f1,1984,06,23,0.0,29.274357,10.359614,1984
12593,r4i1p1f1,1984,06,24,0.0,29.651249,10.363159,1984
12594,r4i1p1f1,1984,06,25,0.0,29.75768,10.939603,1984
12595,r4i1p1f1,1984,06,26,0.0,33.22876,16.337639,1984
12596,r4i1p1f1,1984,06,27,0.0,35.460934,16.608347,1984
12597,r4i1p1f1,1984,06,28,0.010817808379215421,34.81111,16.845352,1984
12598,r4i1p1f1,1984,06,29,0.0,33.197266,14.388882,1984
12599,r4i1p1f1,1984,06,30,0.0,32.400208,14.03331,1984
12600,r4i1p1f1,1984,07,01,0.0,31.440796,14.6814165,1984
12601,r4i1p1f1,1984,07,02,0.0,31.06035,13.375349,1984
12602,r4i1p1f1,1984,07,03,0.0,28.859018,9.81277,1984
12603,r4i1p1f1,1984,07,04,0.0,22.30162,6.4708385,1984
12604,r4i1p1f1,1984,07,05,0.0,21.894178,6.9493084,1984
12605,r4i1p1f1,1984,07,06,0.1619465118892549,22.055285,5.6484456,1984
12606,r4i1p1f1,1984,07,07,0.008465951395919546,22.799839,7.4531054,1984
12607,r4i1p1f1,1984,07,08,0.0,27.03843,8.451588,1984
12608,r4i1p1f1,1984,07,09,0.0,29.64283,10.102433,1984
12609,r4i1p1f1,1984,07,10,0.0,29.787598,10.373337,1984
12610,r4i1p1f1,1984,07,11,0.0,29.647139,10.486952,1984
12611,r4i1p1f1,1984,07,12,0.0,30.12443,11.567854,1984
12612,r4i1p1f1,1984,07,13,0.0,29.9231,10.306759,1984
12613,r4i1p1f1,1984,07,14,1.1138915072194777,29.252258,12.964093,1984
12614,r4i1p1f1,1984,07,15,0.46635037342639407,30.03538,12.671413,1984
12615,r4i1p1f1,1984,07,16,0.0,28.150036,10.851908,1984
12616,r4i1p1f1,1984,07,17,0.0,25.105778,7.155912,1984
12617,r4i1p1f1,1984,07,18,0.0,26.0812,6.8887334,1984
12618,r4i1p1f1,1984,07,19,0.0,29.274248,9.897148,1984
12619,r4i1p1f1,1984,07,20,0.0,29.81562,10.89812,1984
12620,r4i1p1f1,1984,07,21,0.0,30.586487,11.953242,1984
12621,r4i1p1f1,1984,07,22,0.0,33.15657,14.210987,1984
12622,r4i1p1f1,1984,07,23,0.0,35.479,15.50655,1984
12623,r4i1p1f1,1984,07,24,0.0,36.180122,16.278399,1984
12624,r4i1p1f1,1984,07,25,0.0,36.946148,17.082739,1984
12625,r4i1p1f1,1984,07,26,0.0,37.13932,18.157295,1984
12626,r4i1p1f1,1984,07,27,0.0,35.04557,15.858296,1984
12627,r4i1p1f1,1984,07,28,0.0,31.759953,13.087523,1984
12628,r4i1p1f1,1984,07,29,0.0,31.610064,13.012552,1984
12629,r4i1p1f1,1984,07,30,0.0,33.446487,13.826548,1984
12630,r4i1p1f1,1984,07,31,0.0,32.198055,14.588862,1984
12631,r4i1p1f1,1984,08,01,0.0,30.197872,11.719717,1984
12632,r4i1p1f1,1984,08,02,0.0,30.124193,11.607894,1984
12633,r4i1p1f1,1984,08,03,0.0,30.970934,12.002239,1984
12634,r4i1p1f1,1984,08,04,0.0,30.980217,12.674072,1984
12635,r4i1p1f1,1984,08,05,0.027713096960724215,30.887247,12.582872,1984
12636,r4i1p1f1,1984,08,06,0.0,31.707283,12.8588,1984
12637,r4i1p1f1,1984,08,07,0.0,30.685486,12.468137,1984
12638,r4i1p1f1,1984,08,08,0.0,31.323425,12.776006,1984
12639,r4i1p1f1,1984,08,09,0.0,31.06678,13.19666,1984
12640,r4i1p1f1,1984,08,10,0.0,29.47172,10.219881,1984
12641,r4i1p1f1,1984,08,11,0.0,26.257439,8.020419,1984
12642,r4i1p1f1,1984,08,12,0.0,23.348917,6.4455595,1984
12643,r4i1p1f1,1984,08,13,0.0,28.918955,11.1655655,1984
12644,r4i1p1f1,1984,08,14,0.0,31.72501,13.204048,1984
12645,r4i1p1f1,1984,08,15,0.0,32.65648,13.751554,1984
12646,r4i1p1f1,1984,08,16,0.0,34.268063,14.462664,1984
12647,r4i1p1f1,1984,08,17,0.0,34.186584,14.867255,1984
12648,r4i1p1f1,1984,08,18,0.0,33.712345,15.382487,1984
12649,r4i1p1f1,1984,08,19,0.0,33.522606,15.121351,1984
12650,r4i1p1f1,1984,08,20,0.0,32.15666,13.013024,1984
12651,r4i1p1f1,1984,08,21,0.0,28.46974,11.325636,1984
12652,r4i1p1f1,1984,08,22,0.0,31.478794,12.78043,1984
12653,r4i1p1f1,1984,08,23,0.0,32.06251,12.692051,1984
12654,r4i1p1f1,1984,08,24,0.0,29.91387,12.003281,1984
12655,r4i1p1f1,1984,08,25,0.0,28.871609,10.00946,1984
12656,r4i1p1f1,1984,08,26,0.0,26.792261,7.706254,1984
12657,r4i1p1f1,1984,08,27,0.0,26.48982,8.923794,1984
12658,r4i1p1f1,1984,08,28,0.0,26.281307,8.789632,1984
12659,r4i1p1f1,1984,08,29,0.0,26.98247,8.76899,1984
12660,r4i1p1f1,1984,08,30,0.0,27.332502,9.846246,1984
12661,r4i1p1f1,1984,08,31,0.0,28.072336,10.776823,1984
12662,r4i1p1f1,1984,09,01,0.0,28.150291,10.686742,1984
12663,r4i1p1f1,1984,09,02,0.0,28.317986,11.088264,1984
12664,r4i1p1f1,1984,09,03,0.0,32.88497,16.190098,1984
12665,r4i1p1f1,1984,09,04,0.0,34.19087,19.170643,1984
12666,r4i1p1f1,1984,09,05,0.0,32.08533,15.902263,1984
12667,r4i1p1f1,1984,09,06,0.0,30.761528,12.692765,1984
12668,r4i1p1f1,1984,09,07,0.0,30.558872,11.640925,1984
12669,r4i1p1f1,1984,09,08,0.0,30.88658,13.236457,1984
12670,r4i1p1f1,1984,09,09,0.0,32.550526,15.037698,1984
12671,r4i1p1f1,1984,09,10,0.0,31.6183,16.455833,1984
12672,r4i1p1f1,1984,09,11,0.0,29.46521,13.396901,1984
12673,r4i1p1f1,1984,09,12,0.0,26.720758,10.74518,1984
12674,r4i1p1f1,1984,09,13,0.0,25.941816,10.435195,1984
12675,r4i1p1f1,1984,09,14,0.0,26.363712,9.768255,1984
12676,r4i1p1f1,1984,09,15,0.0,31.210049,11.453266,1984
12677,r4i1p1f1,1984,09,16,0.0,30.552622,12.183357,1984
12678,r4i1p1f1,1984,09,17,0.0,30.107523,11.748947,1984
12679,r4i1p1f1,1984,09,18,0.0,30.764662,11.8007345,1984
12680,r4i1p1f1,1984,09,19,0.0,32.924076,14.992713,1984
12681,r4i1p1f1,1984,09,20,0.0,33.503746,16.033623,1984
12682,r4i1p1f1,1984,09,21,0.0,33.714867,15.039017,1984
12683,r4i1p1f1,1984,09,22,0.0,33.32787,15.497345,1984
12684,r4i1p1f1,1984,09,23,0.0,32.084217,13.86418,1984
12685,r4i1p1f1,1984,09,24,0.0,32.090805,13.952594,1984
12686,r4i1p1f1,1984,09,25,0.0,31.389486,13.140966,1984
12687,r4i1p1f1,1984,09,26,0.0,28.971506,11.617527,1984
12688,r4i1p1f1,1984,09,27,0.0,30.908298,12.253886,1984
12689,r4i1p1f1,1984,09,28,0.0,30.11305,12.942106,1984
12690,r4i1p1f1,1984,09,29,0.0810411987288262,28.010601,12.82537,1984
12691,r4i1p1f1,1984,09,30,0.0,29.86376,11.557448,1984
12692,r4i1p1f1,1984,10,01,0.008247786445281236,30.39794,13.937296,1984
12693,r4i1p1f1,1984,10,02,0.004559959160133076,29.275337,13.763824,1984
12694,r4i1p1f1,1984,10,03,0.0,25.853323,12.976458,1984
12695,r4i1p1f1,1984,10,04,0.2827822116202583,22.89617,10.292822,1984
12696,r4i1p1f1,1984,10,05,4.780297807923262,20.950714,9.105304,1984
12697,r4i1p1f1,1984,10,06,0.6672775471884052,21.073206,8.074185,1984
12698,r4i1p1f1,1984,10,07,0.0,21.875603,7.113701,1984
12699,r4i1p1f1,1984,10,08,0.0,25.644485,9.404449,1984
12700,r4i1p1f1,1984,10,09,0.0,27.265947,9.623486,1984
12701,r4i1p1f1,1984,10,10,0.0,28.8877,12.6842985,1984
12702,r4i1p1f1,1984,10,11,7.5564724808714345,25.450312,13.457877,1984
12703,r4i1p1f1,1984,10,12,14.427868221855533,20.005526,10.392353,1984
12704,r4i1p1f1,1984,10,13,12.232331215102477,22.177847,9.014214,1984
12705,r4i1p1f1,1984,10,14,0.06020950534519898,22.623222,9.526524,1984
12706,r4i1p1f1,1984,10,15,0.0,27.680536,12.820158,1984
12707,r4i1p1f1,1984,10,16,0.0,27.584694,12.02013,1984
12708,r4i1p1f1,1984,10,17,0.0,29.287436,14.658698,1984
12709,r4i1p1f1,1984,10,18,0.07892998633565185,27.560091,11.93274,1984
12710,r4i1p1f1,1984,10,19,0.0,26.378477,11.200185,1984
12711,r4i1p1f1,1984,10,20,0.0,24.165506,9.849509,1984
12712,r4i1p1f1,1984,10,21,0.0,22.820604,6.993025,1984
12713,r4i1p1f1,1984,10,22,0.0,23.285143,8.193892,1984
12714,r4i1p1f1,1984,10,23,0.0,23.7201,7.6479287,1984
12715,r4i1p1f1,1984,10,24,0.0,25.509573,7.951309,1984
12716,r4i1p1f1,1984,10,25,0.0,24.107279,6.6836534,1984
12717,r4i1p1f1,1984,10,26,0.0,22.276926,5.6794796,1984
12718,r4i1p1f1,1984,10,27,0.0,20.46184,5.9336534,1984
12719,r4i1p1f1,1984,10,28,0.0,21.034475,5.8848896,1984
12720,r4i1p1f1,1984,10,29,0.0,19.475357,5.0655365,1984
12721,r4i1p1f1,1984,10,30,0.0,19.006119,5.8108997,1984
12722,r4i1p1f1,1984,10,31,0.0,14.886041,4.2258506,1984
12723,r4i1p1f1,1984,11,01,0.0,12.723346,0.88615865,1984
12724,r4i1p1f1,1984,11,02,0.0,16.507694,2.8763378,1984
12725,r4i1p1f1,1984,11,03,0.0,18.08627,3.2749553,1984
12726,r4i1p1f1,1984,11,04,0.0,19.189302,4.666871,1984
12727,r4i1p1f1,1984,11,05,0.0,17.180983,4.217019,1984
12728,r4i1p1f1,1984,11,06,0.0,17.032152,3.6522233,1984
12729,r4i1p1f1,1984,11,07,1.1191861090026123,16.415699,5.659276,1984
12730,r4i1p1f1,1984,11,08,0.09379157672810834,17.484428,3.6375618,1984
12731,r4i1p1f1,1984,11,09,0.0,20.37159,5.3951197,1984
12732,r4i1p1f1,1984,11,10,0.0,20.012522,2.7954245,1984
12733,r4i1p1f1,1984,11,11,0.0,19.036308,4.43275,1984
12734,r4i1p1f1,1984,11,12,0.0,17.062704,4.1138115,1984
12735,r4i1p1f1,1984,11,13,0.0,15.905762,1.0156591,1984
12736,r4i1p1f1,1984,11,14,16.374780976866532,16.159142,3.7902462,1984
12737,r4i1p1f1,1984,11,15,5.65760045406023,7.306799,0.17828226,1984
12738,r4i1p1f1,1984,11,16,15.0645536958109,5.54624,-0.4754717,1984
12739,r4i1p1f1,1984,11,17,19.200800202816026,6.997028,1.3768611,1984
12740,r4i1p1f1,1984,11,18,75.0547942952835,10.869047,2.9220028,1984
12741,r4i1p1f1,1984,11,19,54.6462385016639,11.430843,1.3430027,1984
12742,r4i1p1f1,1984,11,20,0.5636497922097305,9.905004,0.85210234,1984
12743,r4i1p1f1,1984,11,21,0.0,10.252647,-0.2742067,1984
12744,r4i1p1f1,1984,11,22,0.0,9.894169,-0.01009708,1984
12745,r4i1p1f1,1984,11,23,0.9523559928084069,12.038756,2.3623416,1984
12746,r4i1p1f1,1984,11,24,40.13013906760534,12.089227,0.74850065,1984
12747,r4i1p1f1,1984,11,25,4.204384997098032,8.138851,-0.5698917,1984
12748,r4i1p1f1,1984,11,26,0.0,9.438463,-3.1531568,1984
12749,r4i1p1f1,1984,11,27,14.698971293546492,9.474789,-2.170294,1984
12750,r4i1p1f1,1984,11,28,37.34825397914392,13.131408,1.398416,1984
12751,r4i1p1f1,1984,11,29,10.632219846718272,10.83209,1.8059603,1984
12752,r4i1p1f1,1984,11,30,16.597670816554455,12.544745,2.1890695,1984
12753,r4i1p1f1,1984,12,01,18.957591287835385,11.236992,5.5118594,1984
12754,r4i1p1f1,1984,12,02,0.0,12.621213,3.0883625,1984
12755,r4i1p1f1,1984,12,03,0.5034954553593707,13.357846,3.0750897,1984
12756,r4i1p1f1,1984,12,04,15.774955299730209,15.104407,6.2790823,1984
12757,r4i1p1f1,1984,12,05,16.590513528808515,14.260274,4.4001637,1984
12758,r4i1p1f1,1984,12,06,4.1533142104071885,10.905315,0.33327585,1984
12759,r4i1p1f1,1984,12,07,18.304870647989446,8.924195,3.6049871,1984
12760,r4i1p1f1,1984,12,08,61.71562809831812,13.5773735,3.0934691,1984
12761,r4i1p1f1,1984,12,09,21.16172421401643,10.761535,1.2066703,1984
12762,r4i1p1f1,1984,12,10,2.949654212213204,7.050394,1.0476364,1984
12763,r4i1p1f1,1984,12,11,45.91243834765919,5.935934,2.434438,1984
12764,r4i1p1f1,1984,12,12,0.1548689388528146,6.2090054,-3.2663052,1984
12765,r4i1p1f1,1984,12,13,0.0,4.5839844,-6.228024,1984
12766,r4i1p1f1,1984,12,14,0.0,7.0342927,-6.0952435,1984
12767,r4i1p1f1,1984,12,15,0.0,5.0783176,-6.613232,1984
12768,r4i1p1f1,1984,12,16,2.3822389987742554,4.5051355,-2.1201963,1984
12769,r4i1p1f1,1984,12,17,4.1077096559320125,5.8714747,-5.3115177,1984
12770,r4i1p1f1,1984,12,18,0.0,8.148648,-1.4785701,1984
12771,r4i1p1f1,1984,12,19,0.0,11.316884,-0.8933928,1984
12772,r4i1p1f1,1984,12,20,0.0,11.06536,-0.80894834,1984
12773,r4i1p1f1,1984,12,21,0.0,12.619202,0.5864214,1984
12774,r4i1p1f1,1984,12,22,0.0,10.675576,0.08501312,1984
12775,r4i1p1f1,1984,12,23,0.0,12.314307,0.551011,1984
12776,r4i1p1f1,1984,12,24,0.10954881513498549,10.699421,0.69288546,1984
12777,r4i1p1f1,1984,12,25,2.8651769685211548,6.500464,-3.6567078,1984
12778,r4i1p1f1,1984,12,26,24.651708271267125,6.791576,-2.9498916,1984
12779,r4i1p1f1,1984,12,27,25.46799415786154,5.40814,-1.7042766,1984
12780,r4i1p1f1,1984,12,28,17.414902525342768,9.009648,2.9095628,1984
12781,r4i1p1f1,1984,12,29,10.507335631996284,8.464527,2.2507455,1984
12782,r4i1p1f1,1984,12,30,11.515372136909718,10.556142,2.91115,1984
12783,r4i1p1f1,1984,12,31,73.51009268313646,11.995972,1.3141763,1984
12784,r4i1p1f1,1985,01,01,15.862202424250427,5.484195,-1.3104353,1985
12785,r4i1p1f1,1985,01,02,31.068010188164408,4.509865,-0.017424742,1985
12786,r4i1p1f1,1985,01,03,2.1823234839416727,5.9217525,-0.8241647,1985
12787,r4i1p1f1,1985,01,04,14.93707558256574,6.6205277,-0.31405666,1985
12788,r4i1p1f1,1985,01,05,43.729378240095684,10.783602,4.8196006,1985
12789,r4i1p1f1,1985,01,06,7.1690214767954785,9.989338,0.15774557,1985
12790,r4i1p1f1,1985,01,07,0.0,8.048613,-3.2458835,1985
12791,r4i1p1f1,1985,01,08,3.3451420251310537,5.938247,-4.4833226,1985
12792,r4i1p1f1,1985,01,09,27.135005209129304,6.8875785,-1.5666784,1985
12793,r4i1p1f1,1985,01,10,3.052344883224123,9.826182,4.374745,1985
12794,r4i1p1f1,1985,01,11,3.286946650570144,9.763841,2.2291002,1985
12795,r4i1p1f1,1985,01,12,12.599946729682188,6.780321,2.527969,1985
12796,r4i1p1f1,1985,01,13,26.40560715644824,9.449044,1.925254,1985
12797,r4i1p1f1,1985,01,14,0.0,8.117693,-1.3069663,1985
12798,r4i1p1f1,1985,01,15,0.0,11.385563,-0.24703233,1985
12799,r4i1p1f1,1985,01,16,0.0,11.518657,1.635697,1985
12800,r4i1p1f1,1985,01,17,0.0,12.764149,1.0278063,1985
12801,r4i1p1f1,1985,01,18,0.0,13.140187,2.3272448,1985
12802,r4i1p1f1,1985,01,19,0.0,13.707532,3.0022745,1985
12803,r4i1p1f1,1985,01,20,0.0,12.220416,2.600062,1985
12804,r4i1p1f1,1985,01,21,5.1588956369187144,7.452296,2.7832816,1985
12805,r4i1p1f1,1985,01,22,52.33721986369346,7.307795,3.2444394,1985
12806,r4i1p1f1,1985,01,23,39.12804263595717,6.5886426,1.1117021,1985
12807,r4i1p1f1,1985,01,24,0.883465013487239,6.8590307,-3.1845632,1985
12808,r4i1p1f1,1985,01,25,3.6385861270787245,3.613116,-7.2334747,1985
12809,r4i1p1f1,1985,01,26,11.33163920876541,4.952803,-4.167693,1985
12810,r4i1p1f1,1985,01,27,0.0,7.222314,-5.254787,1985
12811,r4i1p1f1,1985,01,28,1.1917357821298324,7.511755,-7.0311985,1985
12812,r4i1p1f1,1985,01,29,0.05900552509956469,11.656811,1.0382123,1985
12813,r4i1p1f1,1985,01,30,0.0,13.569614,1.3576614,1985
12814,r4i1p1f1,1985,01,31,0.0,14.708594,1.862662,1985
12815,r4i1p1f1,1985,02,01,0.0,14.774009,2.1233914,1985
12816,r4i1p1f1,1985,02,02,0.0,13.416676,2.1456192,1985
12817,r4i1p1f1,1985,02,03,0.0,14.856303,2.6930737,1985
12818,r4i1p1f1,1985,02,04,0.0,13.823338,2.911847,1985
12819,r4i1p1f1,1985,02,05,0.0,13.563656,2.3291025,1985
12820,r4i1p1f1,1985,02,06,0.0,15.497779,2.5885477,1985
12821,r4i1p1f1,1985,02,07,0.0,16.47335,3.868028,1985
12822,r4i1p1f1,1985,02,08,5.631833528605057,13.537605,2.8712285,1985
12823,r4i1p1f1,1985,02,09,0.19094347425436808,14.457997,4.464506,1985
12824,r4i1p1f1,1985,02,10,0.0,18.362864,5.1256886,1985
12825,r4i1p1f1,1985,02,11,0.0,18.322426,4.933015,1985
12826,r4i1p1f1,1985,02,12,0.0,18.823866,4.628975,1985
12827,r4i1p1f1,1985,02,13,2.6936514791316313,17.223602,4.875979,1985
12828,r4i1p1f1,1985,02,14,0.7533863490522208,14.43005,3.4329934,1985
12829,r4i1p1f1,1985,02,15,0.0,14.647152,2.5414546,1985
12830,r4i1p1f1,1985,02,16,0.0,14.05002,1.1102257,1985
12831,r4i1p1f1,1985,02,17,0.0,15.262148,1.6432037,1985
12832,r4i1p1f1,1985,02,18,0.0,16.303425,1.9877725,1985
12833,r4i1p1f1,1985,02,19,0.0,15.581423,1.6146772,1985
12834,r4i1p1f1,1985,02,20,2.319448746902708,13.378508,1.8019414,1985
12835,r4i1p1f1,1985,02,21,16.08217930988758,8.834385,2.7875888,1985
12836,r4i1p1f1,1985,02,22,16.297211655182764,10.154339,3.6292677,1985
12837,r4i1p1f1,1985,02,23,6.982133745350438,9.835984,2.3148224,1985
12838,r4i1p1f1,1985,02,24,5.572880485419773,10.143735,2.2890081,1985
12839,r4i1p1f1,1985,02,25,1.6875699379568232,8.597882,2.381402,1985
12840,r4i1p1f1,1985,02,26,13.547294398904342,8.257061,2.0272608,1985
12841,r4i1p1f1,1985,02,27,0.0,10.836052,-0.5271857,1985
12842,r4i1p1f1,1985,02,28,0.0,13.382175,-0.15092713,1985
12843,r4i1p1f1,1985,03,01,18.69293095987814,8.091733,-0.039973736,1985
12844,r4i1p1f1,1985,03,02,0.0034640379055872472,10.200089,1.1693411,1985
12845,r4i1p1f1,1985,03,03,1.91043181087025,7.135049,-4.8143616,1985
12846,r4i1p1f1,1985,03,04,11.200362407180364,5.4357862,-0.60174036,1985
12847,r4i1p1f1,1985,03,05,36.11083325486106,5.5218005,1.1724179,1985
12848,r4i1p1f1,1985,03,06,9.151992704494205,7.5102887,0.9161711,1985
12849,r4i1p1f1,1985,03,07,0.0013593208223028341,14.9718,4.4619184,1985
12850,r4i1p1f1,1985,03,08,0.0,14.198758,2.4605498,1985
12851,r4i1p1f1,1985,03,09,0.0,14.31757,2.0984023,1985
12852,r4i1p1f1,1985,03,10,0.0,18.4975,2.6708436,1985
12853,r4i1p1f1,1985,03,11,0.0,19.818375,4.2318363,1985
12854,r4i1p1f1,1985,03,12,0.0,19.991114,4.817816,1985
12855,r4i1p1f1,1985,03,13,0.012647807703558556,21.466944,6.2707953,1985
12856,r4i1p1f1,1985,03,14,15.778080767086067,12.858468,-1.6775346,1985
12857,r4i1p1f1,1985,03,15,4.288719209978353,4.788677,-3.4413161,1985
12858,r4i1p1f1,1985,03,16,10.606414235007833,6.9691105,-2.8793411,1985
12859,r4i1p1f1,1985,03,17,2.7485309794059276,9.808371,-2.5191379,1985
12860,r4i1p1f1,1985,03,18,1.3211299841032087,10.020992,-2.249166,1985
12861,r4i1p1f1,1985,03,19,1.0451973115266355,11.850003,2.4952343,1985
12862,r4i1p1f1,1985,03,20,16.433906585007207,9.0224,2.6746333,1985
12863,r4i1p1f1,1985,03,21,29.46274221612839,10.105956,1.0848536,1985
12864,r4i1p1f1,1985,03,22,0.0,15.418652,-1.2503918,1985
12865,r4i1p1f1,1985,03,23,0.0,16.222446,1.7310916,1985
12866,r4i1p1f1,1985,03,24,0.0,15.488503,2.776466,1985
12867,r4i1p1f1,1985,03,25,0.0012181281135781319,17.92219,3.300727,1985
12868,r4i1p1f1,1985,03,26,0.0,19.926552,3.5803905,1985
12869,r4i1p1f1,1985,03,27,0.0,19.689898,3.720435,1985
12870,r4i1p1f1,1985,03,28,0.0,19.755758,3.0695984,1985
12871,r4i1p1f1,1985,03,29,0.0,19.514505,6.272558,1985
12872,r4i1p1f1,1985,03,30,1.9152538968764787,17.099144,2.6554537,1985
12873,r4i1p1f1,1985,03,31,0.0,17.462328,3.728383,1985
12874,r4i1p1f1,1985,04,01,0.0,20.599346,6.2783356,1985
12875,r4i1p1f1,1985,04,02,0.0,21.642073,5.915572,1985
12876,r4i1p1f1,1985,04,03,0.0,22.198427,5.5397034,1985
12877,r4i1p1f1,1985,04,04,0.0,24.13608,7.606262,1985
12878,r4i1p1f1,1985,04,05,0.0,23.184128,6.766059,1985
12879,r4i1p1f1,1985,04,06,0.0,25.36448,7.226965,1985
12880,r4i1p1f1,1985,04,07,0.0,18.2985,0.9785032,1985
12881,r4i1p1f1,1985,04,08,1.2533338817604545,6.4614096,-6.6913776,1985
12882,r4i1p1f1,1985,04,09,0.14888828436596668,11.607178,-3.2804353,1985
12883,r4i1p1f1,1985,04,10,0.0,15.598552,-0.891734,1985
12884,r4i1p1f1,1985,04,11,0.0,19.41882,0.5182737,1985
12885,r4i1p1f1,1985,04,12,0.0,20.821709,2.7331247,1985
12886,r4i1p1f1,1985,04,13,0.0,24.41602,5.335478,1985
12887,r4i1p1f1,1985,04,14,0.0,24.943958,5.811291,1985
12888,r4i1p1f1,1985,04,15,1.2890752039140807,21.154198,4.0514894,1985
12889,r4i1p1f1,1985,04,16,4.891283231961552,12.7940645,-1.4318783,1985
12890,r4i1p1f1,1985,04,17,0.09278213037759997,15.260469,0.50947165,1985
12891,r4i1p1f1,1985,04,18,0.12181929123471491,15.265845,1.8523982,1985
12892,r4i1p1f1,1985,04,19,0.15259292745213315,16.9618,1.8663584,1985
12893,r4i1p1f1,1985,04,20,0.0,16.08939,0.42549193,1985
12894,r4i1p1f1,1985,04,21,35.4609241563594,7.5598273,0.858395,1985
12895,r4i1p1f1,1985,04,22,0.0,13.962377,0.5636978,1985
12896,r4i1p1f1,1985,04,23,5.5290618540425385,10.291534,1.4642376,1985
12897,r4i1p1f1,1985,04,24,13.805165556539123,7.4635196,0.054182213,1985
12898,r4i1p1f1,1985,04,25,0.0,15.616623,2.2968357,1985
12899,r4i1p1f1,1985,04,26,1.6296262611604106,12.409481,5.678696,1985
12900,r4i1p1f1,1985,04,27,0.0,15.358276,2.600874,1985
12901,r4i1p1f1,1985,04,28,0.0,16.324965,2.7002182,1985
12902,r4i1p1f1,1985,04,29,0.0,19.974556,5.108589,1985
12903,r4i1p1f1,1985,04,30,0.0,22.75936,5.9248376,1985
12904,r4i1p1f1,1985,05,01,0.0,22.784243,6.9294004,1985
12905,r4i1p1f1,1985,05,02,0.0,19.900452,4.815854,1985
12906,r4i1p1f1,1985,05,03,0.0,14.93937,-0.18748522,1985
12907,r4i1p1f1,1985,05,04,0.0,17.197071,1.1536975,1985
12908,r4i1p1f1,1985,05,05,0.0,18.42787,3.0982497,1985
12909,r4i1p1f1,1985,05,06,0.0,20.645998,4.9192667,1985
12910,r4i1p1f1,1985,05,07,0.013381568612658157,21.114925,5.7348104,1985
12911,r4i1p1f1,1985,05,08,20.12991287792829,12.948611,-1.2103097,1985
12912,r4i1p1f1,1985,05,09,0.0,13.153905,2.7065308,1985
12913,r4i1p1f1,1985,05,10,0.0,20.426,2.31433,1985
12914,r4i1p1f1,1985,05,11,0.0,22.89854,6.6178217,1985
12915,r4i1p1f1,1985,05,12,0.0,24.419462,7.6037045,1985
12916,r4i1p1f1,1985,05,13,0.0,27.506693,10.591773,1985
12917,r4i1p1f1,1985,05,14,0.0,31.062996,13.656713,1985
12918,r4i1p1f1,1985,05,15,0.0,33.589447,16.524235,1985
12919,r4i1p1f1,1985,05,16,0.0,34.014748,15.691969,1985
12920,r4i1p1f1,1985,05,17,0.0,33.57734,15.158495,1985
12921,r4i1p1f1,1985,05,18,0.0,31.726753,12.619191,1985
12922,r4i1p1f1,1985,05,19,0.0,29.708107,11.275862,1985
12923,r4i1p1f1,1985,05,20,0.0,28.15088,10.820909,1985
12924,r4i1p1f1,1985,05,21,0.0,27.770947,8.59663,1985
12925,r4i1p1f1,1985,05,22,0.0,27.269766,9.746602,1985
12926,r4i1p1f1,1985,05,23,0.006025068068993278,19.334764,5.358204,1985
12927,r4i1p1f1,1985,05,24,0.0,25.59405,8.242942,1985
12928,r4i1p1f1,1985,05,25,0.0,26.532701,9.211215,1985
12929,r4i1p1f1,1985,05,26,0.0,26.724464,8.659636,1985
12930,r4i1p1f1,1985,05,27,0.0,27.188713,10.903455,1985
12931,r4i1p1f1,1985,05,28,0.0,26.766228,9.466229,1985
12932,r4i1p1f1,1985,05,29,7.083457847056707,18.103008,4.097305,1985
12933,r4i1p1f1,1985,05,30,22.637690321425907,13.8941765,7.946056,1985
12934,r4i1p1f1,1985,05,31,1.2727940914601277,16.800758,3.3886511,1985
12935,r4i1p1f1,1985,06,01,0.013139146722096484,19.29404,2.3462229,1985
12936,r4i1p1f1,1985,06,02,0.0,23.052547,6.0490255,1985
12937,r4i1p1f1,1985,06,03,0.0,22.925789,6.8034554,1985
12938,r4i1p1f1,1985,06,04,0.18518810387675444,21.048912,5.2688603,1985
12939,r4i1p1f1,1985,06,05,0.4581082368531497,23.22519,7.125935,1985
12940,r4i1p1f1,1985,06,06,1.887888086764633,22.184471,5.0596375,1985
12941,r4i1p1f1,1985,06,07,1.5839764416114122,21.284946,6.3528795,1985
12942,r4i1p1f1,1985,06,08,1.1673624606828525,22.901031,7.8730373,1985
12943,r4i1p1f1,1985,06,09,0.11418043095545727,24.753654,10.78033,1985
12944,r4i1p1f1,1985,06,10,0.0,26.22589,10.001835,1985
12945,r4i1p1f1,1985,06,11,0.0,29.512386,11.950174,1985
12946,r4i1p1f1,1985,06,12,0.0,29.298292,13.182583,1985
12947,r4i1p1f1,1985,06,13,0.03214577982362243,25.728144,9.864287,1985
12948,r4i1p1f1,1985,06,14,0.013103677247272572,19.05104,6.1714597,1985
12949,r4i1p1f1,1985,06,15,0.0,20.88552,7.1318684,1985
12950,r4i1p1f1,1985,06,16,0.011636790304692113,23.88694,7.419565,1985
12951,r4i1p1f1,1985,06,17,0.0,26.583515,10.289921,1985
12952,r4i1p1f1,1985,06,18,0.0,27.120369,9.47183,1985
12953,r4i1p1f1,1985,06,19,0.0,27.065744,9.091036,1985
12954,r4i1p1f1,1985,06,20,0.0,29.340794,10.505571,1985
12955,r4i1p1f1,1985,06,21,0.0,30.532358,12.318168,1985
12956,r4i1p1f1,1985,06,22,0.0,30.08179,12.061457,1985
12957,r4i1p1f1,1985,06,23,0.0,29.462402,10.630295,1985
12958,r4i1p1f1,1985,06,24,0.0,30.109419,11.40593,1985
12959,r4i1p1f1,1985,06,25,0.0,30.343018,12.524864,1985
12960,r4i1p1f1,1985,06,26,0.0,26.081697,9.358929,1985
12961,r4i1p1f1,1985,06,27,0.046482798461511265,22.79422,8.787903,1985
12962,r4i1p1f1,1985,06,28,0.0,25.319826,8.35493,1985
12963,r4i1p1f1,1985,06,29,0.0,25.073774,8.811535,1985
12964,r4i1p1f1,1985,06,30,0.0,26.564924,8.951533,1985
12965,r4i1p1f1,1985,07,01,0.0,26.033718,8.079651,1985
12966,r4i1p1f1,1985,07,02,0.0,30.131704,8.783066,1985
12967,r4i1p1f1,1985,07,03,0.0,30.371538,10.443632,1985
12968,r4i1p1f1,1985,07,04,0.0,31.898838,11.177648,1985
12969,r4i1p1f1,1985,07,05,0.0,31.71575,11.925942,1985
12970,r4i1p1f1,1985,07,06,0.0,30.692959,10.888028,1985
12971,r4i1p1f1,1985,07,07,0.0,34.16057,13.149143,1985
12972,r4i1p1f1,1985,07,08,0.0,35.82888,14.523331,1985
12973,r4i1p1f1,1985,07,09,0.0,36.418663,15.411082,1985
12974,r4i1p1f1,1985,07,10,0.011938285206269938,36.36088,15.668896,1985
12975,r4i1p1f1,1985,07,11,0.0,36.294323,16.838896,1985
12976,r4i1p1f1,1985,07,12,0.0,34.004936,14.195454,1985
12977,r4i1p1f1,1985,07,13,0.0,31.936256,12.322888,1985
12978,r4i1p1f1,1985,07,14,0.0,32.799656,13.190752,1985
12979,r4i1p1f1,1985,07,15,0.0,32.652676,14.630258,1985
12980,r4i1p1f1,1985,07,16,0.0,30.63873,12.3321295,1985
12981,r4i1p1f1,1985,07,17,0.0,26.94555,9.114483,1985
12982,r4i1p1f1,1985,07,18,0.0,27.688242,9.430631,1985
12983,r4i1p1f1,1985,07,19,0.0,28.093636,10.801992,1985
12984,r4i1p1f1,1985,07,20,0.0,28.376024,10.845094,1985
12985,r4i1p1f1,1985,07,21,0.0,30.480394,11.7389555,1985
12986,r4i1p1f1,1985,07,22,0.0,31.137552,14.674419,1985
12987,r4i1p1f1,1985,07,23,0.0,29.869541,12.48019,1985
12988,r4i1p1f1,1985,07,24,0.0,29.603777,11.7051115,1985
12989,r4i1p1f1,1985,07,25,0.004459268257051008,27.438255,10.271489,1985
12990,r4i1p1f1,1985,07,26,0.0,29.17864,10.868401,1985
12991,r4i1p1f1,1985,07,27,0.0,32.12608,12.522875,1985
12992,r4i1p1f1,1985,07,28,0.0,33.31899,13.487966,1985
12993,r4i1p1f1,1985,07,29,0.0,33.26304,14.092909,1985
12994,r4i1p1f1,1985,07,30,0.0,31.950771,13.110714,1985
12995,r4i1p1f1,1985,07,31,0.0,29.885674,12.189294,1985
12996,r4i1p1f1,1985,08,01,0.0,28.532104,10.345425,1985
12997,r4i1p1f1,1985,08,02,0.0,27.970482,10.160943,1985
12998,r4i1p1f1,1985,08,03,0.0,26.282312,9.141334,1985
12999,r4i1p1f1,1985,08,04,0.0,25.532866,7.799525,1985
13000,r4i1p1f1,1985,08,05,0.0,26.705399,8.2022295,1985
13001,r4i1p1f1,1985,08,06,0.0,28.230164,8.956206,1985
13002,r4i1p1f1,1985,08,07,0.0,27.725098,10.056642,1985
13003,r4i1p1f1,1985,08,08,0.0,28.323751,10.422726,1985
13004,r4i1p1f1,1985,08,09,0.0,33.025345,13.344973,1985
13005,r4i1p1f1,1985,08,10,0.0,31.153032,12.599735,1985
13006,r4i1p1f1,1985,08,11,0.0,32.403778,12.89054,1985
13007,r4i1p1f1,1985,08,12,0.0,31.957829,12.714509,1985
13008,r4i1p1f1,1985,08,13,0.0,30.967054,12.158348,1985
13009,r4i1p1f1,1985,08,14,0.0,28.719639,10.283802,1985
13010,r4i1p1f1,1985,08,15,0.0,27.078928,9.523375,1985
13011,r4i1p1f1,1985,08,16,0.0,26.729692,9.404188,1985
13012,r4i1p1f1,1985,08,17,0.0,27.669956,10.604906,1985
13013,r4i1p1f1,1985,08,18,0.0,27.389914,10.455571,1985
13014,r4i1p1f1,1985,08,19,0.0,25.08939,8.43101,1985
13015,r4i1p1f1,1985,08,20,0.0,23.428793,7.1887536,1985
13016,r4i1p1f1,1985,08,21,0.0,21.830164,5.3224607,1985
13017,r4i1p1f1,1985,08,22,0.009792082528292667,22.462246,5.12231,1985
13018,r4i1p1f1,1985,08,23,0.0,26.63218,8.628696,1985
13019,r4i1p1f1,1985,08,24,0.0,28.906076,11.322623,1985
13020,r4i1p1f1,1985,08,25,0.0,29.91925,12.86615,1985
13021,r4i1p1f1,1985,08,26,0.0,31.80015,13.186117,1985
13022,r4i1p1f1,1985,08,27,0.0,32.17336,12.527971,1985
13023,r4i1p1f1,1985,08,28,0.0,27.379694,9.226109,1985
13024,r4i1p1f1,1985,08,29,0.0,23.41686,6.1713104,1985
13025,r4i1p1f1,1985,08,30,0.0,22.432693,6.8781414,1985
13026,r4i1p1f1,1985,08,31,0.014726494055139483,23.830795,5.451864,1985
13027,r4i1p1f1,1985,09,01,0.0,26.988546,10.2662735,1985
13028,r4i1p1f1,1985,09,02,0.0,27.109018,13.619639,1985
13029,r4i1p1f1,1985,09,03,0.0,25.736776,9.049283,1985
13030,r4i1p1f1,1985,09,04,0.0,28.080475,10.052952,1985
13031,r4i1p1f1,1985,09,05,0.0,28.225855,11.19344,1985
13032,r4i1p1f1,1985,09,06,0.0,25.258085,8.972648,1985
13033,r4i1p1f1,1985,09,07,0.0,27.825033,10.400311,1985
13034,r4i1p1f1,1985,09,08,0.0,33.022415,15.243208,1985
13035,r4i1p1f1,1985,09,09,0.0,32.142845,14.387283,1985
13036,r4i1p1f1,1985,09,10,0.0,30.681358,14.052078,1985
13037,r4i1p1f1,1985,09,11,0.0,29.916761,11.513787,1985
13038,r4i1p1f1,1985,09,12,0.017344451754297552,29.160727,13.589899,1985
13039,r4i1p1f1,1985,09,13,0.0,30.360281,14.258948,1985
13040,r4i1p1f1,1985,09,14,0.0,31.62902,13.826004,1985
13041,r4i1p1f1,1985,09,15,0.0,33.201675,15.862996,1985
13042,r4i1p1f1,1985,09,16,0.0,32.666336,16.778498,1985
13043,r4i1p1f1,1985,09,17,0.0,29.769741,13.064665,1985
13044,r4i1p1f1,1985,09,18,0.0,28.423176,10.913466,1985
13045,r4i1p1f1,1985,09,19,0.0,29.38004,13.333934,1985
13046,r4i1p1f1,1985,09,20,0.0,28.983604,12.936938,1985
13047,r4i1p1f1,1985,09,21,0.0,27.112404,11.9183655,1985
13048,r4i1p1f1,1985,09,22,0.0,27.134766,8.880351,1985
13049,r4i1p1f1,1985,09,23,0.0,28.394114,9.623247,1985
13050,r4i1p1f1,1985,09,24,0.0,28.962406,10.6826935,1985
13051,r4i1p1f1,1985,09,25,0.0,29.482931,11.481467,1985
13052,r4i1p1f1,1985,09,26,0.0,26.747013,10.273945,1985
13053,r4i1p1f1,1985,09,27,0.0,28.376657,12.582872,1985
13054,r4i1p1f1,1985,09,28,0.0,28.74152,11.306346,1985
13055,r4i1p1f1,1985,09,29,0.0,29.10746,12.2071495,1985
13056,r4i1p1f1,1985,09,30,0.0,30.442068,11.766773,1985
13057,r4i1p1f1,1985,10,01,0.0,29.960035,11.7907095,1985
13058,r4i1p1f1,1985,10,02,0.0,28.291079,8.408052,1985
13059,r4i1p1f1,1985,10,03,0.0,31.451145,12.34196,1985
13060,r4i1p1f1,1985,10,04,0.0,29.76337,10.744382,1985
13061,r4i1p1f1,1985,10,05,0.0,30.882883,12.213355,1985
13062,r4i1p1f1,1985,10,06,0.0,31.154118,12.062641,1985
13063,r4i1p1f1,1985,10,07,0.0,31.236992,12.118051,1985
13064,r4i1p1f1,1985,10,08,0.0,32.405724,12.950245,1985
13065,r4i1p1f1,1985,10,09,0.0,32.22974,13.375289,1985
13066,r4i1p1f1,1985,10,10,0.0,32.907417,12.707776,1985
13067,r4i1p1f1,1985,10,11,0.0,33.162495,12.400721,1985
13068,r4i1p1f1,1985,10,12,0.0,32.17669,12.850708,1985
13069,r4i1p1f1,1985,10,13,0.47095471915667986,21.652824,8.838478,1985
13070,r4i1p1f1,1985,10,14,0.0,21.444525,4.686222,1985
13071,r4i1p1f1,1985,10,15,0.0,26.422665,8.583845,1985
13072,r4i1p1f1,1985,10,16,0.0,29.377089,9.5151005,1985
13073,r4i1p1f1,1985,10,17,0.0,30.137688,12.235375,1985
13074,r4i1p1f1,1985,10,18,0.0,29.598175,10.457628,1985
13075,r4i1p1f1,1985,10,19,0.0,27.117073,9.204738,1985
13076,r4i1p1f1,1985,10,20,0.0,24.47806,9.391471,1985
13077,r4i1p1f1,1985,10,21,0.0,25.349663,10.126472,1985
13078,r4i1p1f1,1985,10,22,0.0,28.332191,10.269933,1985
13079,r4i1p1f1,1985,10,23,0.0,27.613533,9.887465,1985
13080,r4i1p1f1,1985,10,24,0.0,26.301674,7.859522,1985
13081,r4i1p1f1,1985,10,25,0.0,23.59153,6.5847645,1985
13082,r4i1p1f1,1985,10,26,0.0,22.112175,7.3909116,1985
13083,r4i1p1f1,1985,10,27,0.0,20.620518,5.768168,1985
13084,r4i1p1f1,1985,10,28,0.0,19.780643,5.776579,1985
13085,r4i1p1f1,1985,10,29,0.0,21.56027,8.43343,1985
13086,r4i1p1f1,1985,10,30,0.0,22.54721,7.179316,1985
13087,r4i1p1f1,1985,10,31,0.0,21.279081,7.777448,1985
13088,r4i1p1f1,1985,11,01,3.21829566025964,17.26253,5.791894,1985
13089,r4i1p1f1,1985,11,02,10.440817985727335,11.577656,1.952188,1985
13090,r4i1p1f1,1985,11,03,4.150611639977342,12.1617985,2.872844,1985
13091,r4i1p1f1,1985,11,04,18.334667174349306,15.64034,6.999488,1985
13092,r4i1p1f1,1985,11,05,8.243461423830922,14.391571,7.977926,1985
13093,r4i1p1f1,1985,11,06,20.205250551862264,14.497944,2.4175706,1985
13094,r4i1p1f1,1985,11,07,0.22159651489346288,9.429058,-1.324583,1985
13095,r4i1p1f1,1985,11,08,0.0,11.36401,1.2502413,1985
13096,r4i1p1f1,1985,11,09,12.131046789545508,11.576009,2.537174,1985
13097,r4i1p1f1,1985,11,10,0.04302097398749538,12.104939,0.21833076,1985
13098,r4i1p1f1,1985,11,11,0.0,15.998104,2.0215886,1985
13099,r4i1p1f1,1985,11,12,0.0,17.221159,5.0150714,1985
13100,r4i1p1f1,1985,11,13,0.0,16.789253,3.9985323,1985
13101,r4i1p1f1,1985,11,14,4.1082984543841405,17.769941,5.9574785,1985
13102,r4i1p1f1,1985,11,15,9.805066527567874,10.748905,4.634088,1985
13103,r4i1p1f1,1985,11,16,0.0,11.280555,5.3800316,1985
13104,r4i1p1f1,1985,11,17,0.0,13.93413,3.6444774,1985
13105,r4i1p1f1,1985,11,18,0.0,14.114297,2.5383153,1985
13106,r4i1p1f1,1985,11,19,0.0,13.352329,2.0988297,1985
13107,r4i1p1f1,1985,11,20,0.0,13.186467,2.019215,1985
13108,r4i1p1f1,1985,11,21,0.0,12.103291,2.4302344,1985
13109,r4i1p1f1,1985,11,22,0.0,14.403713,-0.16317187,1985
13110,r4i1p1f1,1985,11,23,0.0,14.85218,1.369366,1985
13111,r4i1p1f1,1985,11,24,0.0,15.255351,0.74931884,1985
13112,r4i1p1f1,1985,11,25,0.0,17.287216,0.018884288,1985
13113,r4i1p1f1,1985,11,26,0.0,18.001749,1.0907129,1985
13114,r4i1p1f1,1985,11,27,0.0,18.014612,4.060499,1985
13115,r4i1p1f1,1985,11,28,0.0,18.28954,3.0750053,1985
13116,r4i1p1f1,1985,11,29,0.0,15.861248,1.3407205,1985
13117,r4i1p1f1,1985,11,30,0.0,14.266878,-1.0047468,1985
13118,r4i1p1f1,1985,12,01,0.0,14.05251,1.0085775,1985
13119,r4i1p1f1,1985,12,02,0.0,13.937534,1.513755,1985
13120,r4i1p1f1,1985,12,03,0.0,15.790017,2.745957,1985
13121,r4i1p1f1,1985,12,04,0.0,16.349022,3.3219914,1985
13122,r4i1p1f1,1985,12,05,0.0,15.76357,3.3567379,1985
13123,r4i1p1f1,1985,12,06,0.0,14.705647,2.9992838,1985
13124,r4i1p1f1,1985,12,07,36.18967749935109,10.447653,1.0671206,1985
13125,r4i1p1f1,1985,12,08,15.272189465849806,8.734348,2.9707599,1985
13126,r4i1p1f1,1985,12,09,0.6899316631688635,8.545009,2.8404686,1985
13127,r4i1p1f1,1985,12,10,1.4830559969254864,8.944734,-1.1098813,1985
13128,r4i1p1f1,1985,12,11,30.832235149136977,10.252934,3.225793,1985
13129,r4i1p1f1,1985,12,12,6.726330509263789,8.92128,2.2132678,1985
13130,r4i1p1f1,1985,12,13,4.496647539440346,6.626428,2.3588398,1985
13131,r4i1p1f1,1985,12,14,34.9457589960366,5.4597416,-1.7910453,1985
13132,r4i1p1f1,1985,12,15,0.09079775878149121,3.894808,-6.244793,1985
13133,r4i1p1f1,1985,12,16,0.37225648646597165,1.4986125,-10.357729,1985
13134,r4i1p1f1,1985,12,17,41.71965879650088,11.285995,-0.8280534,1985
13135,r4i1p1f1,1985,12,18,8.61695013395547,9.343785,2.904422,1985
13136,r4i1p1f1,1985,12,19,39.54845135049254,7.862454,2.5912921,1985
13137,r4i1p1f1,1985,12,20,0.04392742634706792,10.564833,4.2881055,1985
13138,r4i1p1f1,1985,12,21,0.0,11.087043,1.8499764,1985
13139,r4i1p1f1,1985,12,22,3.411296861474966,10.842923,4.0883946,1985
13140,r4i1p1f1,1985,12,23,0.0,9.971861,3.5620112,1985
13141,r4i1p1f1,1985,12,24,0.0,11.540442,1.8346553,1985
13142,r4i1p1f1,1985,12,25,0.0,11.550338,0.86237144,1985
13143,r4i1p1f1,1985,12,26,0.0,13.218324,1.344123,1985
13144,r4i1p1f1,1985,12,27,0.0,11.90303,2.537437,1985
13145,r4i1p1f1,1985,12,28,0.0,13.200069,2.4248707,1985
13146,r4i1p1f1,1985,12,29,0.0,12.500676,1.1067442,1985
13147,r4i1p1f1,1985,12,30,0.0,13.3439865,1.2006745,1985
13148,r4i1p1f1,1985,12,31,0.0,13.529458,1.5010656,1985
13149,r4i1p1f1,1986,01,01,0.0,13.372908,1.8479676,1986
13150,r4i1p1f1,1986,01,02,0.0,12.78209,3.1133811,1986
13151,r4i1p1f1,1986,01,03,0.0,14.028497,2.6128626,1986
13152,r4i1p1f1,1986,01,04,2.6864782648658547,12.156177,1.2485764,1986
13153,r4i1p1f1,1986,01,05,34.482952180769644,7.1367545,1.5489769,1986
13154,r4i1p1f1,1986,01,06,0.444930049445702,9.570474,0.68754804,1986
13155,r4i1p1f1,1986,01,07,0.0,9.46298,0.7302877,1986
13156,r4i1p1f1,1986,01,08,30.37878326140344,12.37229,3.2149441,1986
13157,r4i1p1f1,1986,01,09,42.79804063298798,12.43499,2.9039493,1986
13158,r4i1p1f1,1986,01,10,12.76271087066334,13.31564,2.6062481,1986
13159,r4i1p1f1,1986,01,11,16.72284880978623,12.371153,6.032815,1986
13160,r4i1p1f1,1986,01,12,31.688467272761045,11.121758,4.6671734,1986
13161,r4i1p1f1,1986,01,13,5.7518950094390675,14.138615,4.6580315,1986
13162,r4i1p1f1,1986,01,14,0.0,18.151428,4.6597466,1986
13163,r4i1p1f1,1986,01,15,0.0,18.596582,5.9926167,1986
13164,r4i1p1f1,1986,01,16,0.0,17.499002,4.3619213,1986
13165,r4i1p1f1,1986,01,17,0.0,17.588472,3.470492,1986
13166,r4i1p1f1,1986,01,18,0.0,19.662611,5.095254,1986
13167,r4i1p1f1,1986,01,19,0.0,20.226278,6.5623093,1986
13168,r4i1p1f1,1986,01,20,0.0,19.458935,5.569413,1986
13169,r4i1p1f1,1986,01,21,0.0,17.526329,3.9136615,1986
13170,r4i1p1f1,1986,01,22,0.0,18.984186,4.469568,1986
13171,r4i1p1f1,1986,01,23,0.0,19.67411,5.6690063,1986
13172,r4i1p1f1,1986,01,24,0.0,19.41972,5.1979885,1986
13173,r4i1p1f1,1986,01,25,0.0,18.354876,3.9784627,1986
13174,r4i1p1f1,1986,01,26,0.0,17.628344,2.896737,1986
13175,r4i1p1f1,1986,01,27,0.0,17.82369,4.3731174,1986
13176,r4i1p1f1,1986,01,28,25.24423593731626,11.23254,5.6339774,1986
13177,r4i1p1f1,1986,01,29,6.229930130336925,10.454838,2.8299239,1986
13178,r4i1p1f1,1986,01,30,0.0,12.671337,3.1065743,1986
13179,r4i1p1f1,1986,01,31,0.0,15.645399,3.5272026,1986
13180,r4i1p1f1,1986,02,01,0.0,16.194359,3.6087048,1986
13181,r4i1p1f1,1986,02,02,0.2951137125307923,15.135448,4.2592096,1986
13182,r4i1p1f1,1986,02,03,6.581084735353215,11.183541,2.746392,1986
13183,r4i1p1f1,1986,02,04,21.213470999646233,9.358035,4.270317,1986
13184,r4i1p1f1,1986,02,05,17.263526470611623,10.778843,4.5972238,1986
13185,r4i1p1f1,1986,02,06,8.407830276883033,9.732226,3.8746235,1986
13186,r4i1p1f1,1986,02,07,41.16307797048648,12.391551,2.676312,1986
13187,r4i1p1f1,1986,02,08,44.723279820755124,13.7885,5.154821,1986
13188,r4i1p1f1,1986,02,09,0.0,15.292067,4.877996,1986
13189,r4i1p1f1,1986,02,10,8.651801694423966,14.193725,5.829497,1986
13190,r4i1p1f1,1986,02,11,7.077013785942654,13.562829,6.4863915,1986
13191,r4i1p1f1,1986,02,12,1.636217898015957,11.939182,2.794388,1986
13192,r4i1p1f1,1986,02,13,3.5643525585555835,10.013722,3.4603474,1986
13193,r4i1p1f1,1986,02,14,25.771463928049343,9.206591,3.33264,1986
13194,r4i1p1f1,1986,02,15,1.2387075525055025,9.468796,3.6593022,1986
13195,r4i1p1f1,1986,02,16,11.174513293508426,12.570298,3.9783869,1986
13196,r4i1p1f1,1986,02,17,14.566598418559806,9.872304,2.535117,1986
13197,r4i1p1f1,1986,02,18,7.5953295641568275,10.206411,2.0461757,1986
13198,r4i1p1f1,1986,02,19,0.0,13.7539015,1.4000459,1986
13199,r4i1p1f1,1986,02,20,1.5000375341088557,10.998777,1.8388693,1986
13200,r4i1p1f1,1986,02,21,0.0,10.8391695,2.4773674,1986
13201,r4i1p1f1,1986,02,22,0.0,11.897556,2.5260491,1986
13202,r4i1p1f1,1986,02,23,0.0,14.667049,0.5097017,1986
13203,r4i1p1f1,1986,02,24,0.0,15.183146,2.065553,1986
13204,r4i1p1f1,1986,02,25,0.0,15.703413,1.4870096,1986
13205,r4i1p1f1,1986,02,26,0.0,14.470115,1.709722,1986
13206,r4i1p1f1,1986,02,27,0.0,14.21508,0.1615431,1986
13207,r4i1p1f1,1986,02,28,0.0,10.675358,-1.9372185,1986
13208,r4i1p1f1,1986,03,01,0.0,13.0082245,-1.4788221,1986
13209,r4i1p1f1,1986,03,02,0.0,12.765458,-0.380908,1986
13210,r4i1p1f1,1986,03,03,40.657546307193115,8.4022455,1.0347064,1986
13211,r4i1p1f1,1986,03,04,49.951794377557235,7.243882,1.8442631,1986
13212,r4i1p1f1,1986,03,05,3.7625977580546532,10.290203,3.1397343,1986
13213,r4i1p1f1,1986,03,06,3.7056329932390497,9.304844,-4.094506,1986
13214,r4i1p1f1,1986,03,07,14.808330064442998,7.1725674,-3.379352,1986
13215,r4i1p1f1,1986,03,08,0.02107137884763688,8.783106,-1.1921463,1986
13216,r4i1p1f1,1986,03,09,0.0,8.464046,-5.3506665,1986
13217,r4i1p1f1,1986,03,10,0.0,10.616587,-4.3559084,1986
13218,r4i1p1f1,1986,03,11,0.0,13.509862,-0.87809825,1986
13219,r4i1p1f1,1986,03,12,0.0,13.170316,1.9303962,1986
13220,r4i1p1f1,1986,03,13,0.0,15.560909,2.6204689,1986
13221,r4i1p1f1,1986,03,14,0.0,18.382822,2.539553,1986
13222,r4i1p1f1,1986,03,15,0.0,19.565968,3.5805948,1986
13223,r4i1p1f1,1986,03,16,0.0,18.050364,3.8569565,1986
13224,r4i1p1f1,1986,03,17,0.2588571551839891,17.589794,4.169904,1986
13225,r4i1p1f1,1986,03,18,1.3425125246840253,16.052364,2.8585608,1986
13226,r4i1p1f1,1986,03,19,1.6566882055343513,10.330038,-1.9343368,1986
13227,r4i1p1f1,1986,03,20,0.025902467984906252,14.579947,0.9545258,1986
13228,r4i1p1f1,1986,03,21,0.0,16.088083,0.5801661,1986
13229,r4i1p1f1,1986,03,22,20.33013553264027,13.17839,-1.0864501,1986
13230,r4i1p1f1,1986,03,23,9.173207800904493,11.441788,3.3595247,1986
13231,r4i1p1f1,1986,03,24,1.0117733499185988,14.711227,4.76117,1986
13232,r4i1p1f1,1986,03,25,0.0,16.5498,4.5461698,1986
13233,r4i1p1f1,1986,03,26,0.3979044636650997,13.394253,0.46588406,1986
13234,r4i1p1f1,1986,03,27,0.0,20.383673,4.6123323,1986
13235,r4i1p1f1,1986,03,28,0.0,20.220968,3.9567995,1986
13236,r4i1p1f1,1986,03,29,0.0,19.46328,5.233253,1986
13237,r4i1p1f1,1986,03,30,0.14318231825996008,12.36955,0.23439047,1986
13238,r4i1p1f1,1986,03,31,0.0,13.167583,-0.22029383,1986
13239,r4i1p1f1,1986,04,01,1.138186243213113,6.9775004,1.3281924,1986
13240,r4i1p1f1,1986,04,02,36.738085534307174,7.3108087,1.4548601,1986
13241,r4i1p1f1,1986,04,03,0.0,9.480801,2.4083817,1986
13242,r4i1p1f1,1986,04,04,14.646573305799393,7.5927787,3.0959802,1986
13243,r4i1p1f1,1986,04,05,1.551290478619194,12.2476845,1.9151139,1986
13244,r4i1p1f1,1986,04,06,0.0,14.69538,4.925735,1986
13245,r4i1p1f1,1986,04,07,25.338299661234487,11.51848,1.696642,1986
13246,r4i1p1f1,1986,04,08,0.44896346146288124,9.917721,3.355944,1986
13247,r4i1p1f1,1986,04,09,0.0,15.824007,1.6171494,1986
13248,r4i1p1f1,1986,04,10,0.0,17.809235,2.7338476,1986
13249,r4i1p1f1,1986,04,11,3.2251579814555953,14.955405,3.8696108,1986
13250,r4i1p1f1,1986,04,12,4.872644455285879,12.466312,-0.082928926,1986
13251,r4i1p1f1,1986,04,13,0.0,17.917442,2.5477312,1986
13252,r4i1p1f1,1986,04,14,2.608071361202313,11.944725,0.740545,1986
13253,r4i1p1f1,1986,04,15,4.782466713699307,11.659996,0.7444778,1986
13254,r4i1p1f1,1986,04,16,0.009617932698802178,14.893243,-0.033687275,1986
13255,r4i1p1f1,1986,04,17,4.073069412116892,15.556044,1.0599766,1986
13256,r4i1p1f1,1986,04,18,4.51190058892621,16.02461,3.0431707,1986
13257,r4i1p1f1,1986,04,19,3.1922178979243654,12.819554,0.58210826,1986
13258,r4i1p1f1,1986,04,20,2.053742142442161,12.394679,2.0200396,1986
13259,r4i1p1f1,1986,04,21,0.0,19.017527,2.3590508,1986
13260,r4i1p1f1,1986,04,22,0.0,19.16854,3.3055778,1986
13261,r4i1p1f1,1986,04,23,0.0,19.068611,4.1367865,1986
13262,r4i1p1f1,1986,04,24,1.4525427073323272,15.707389,2.4615963,1986
13263,r4i1p1f1,1986,04,25,0.0,16.53034,3.7631798,1986
13264,r4i1p1f1,1986,04,26,2.9851156457255,11.810871,-0.85911536,1986
13265,r4i1p1f1,1986,04,27,0.0,14.909729,1.6039777,1986
13266,r4i1p1f1,1986,04,28,0.9879466109794066,13.360562,3.9456072,1986
13267,r4i1p1f1,1986,04,29,0.1408755888860469,17.810978,3.9434454,1986
13268,r4i1p1f1,1986,04,30,0.0,18.229671,1.3478619,1986
13269,r4i1p1f1,1986,05,01,0.0,21.007841,3.837482,1986
13270,r4i1p1f1,1986,05,02,0.0,23.216011,6.124502,1986
13271,r4i1p1f1,1986,05,03,0.0,26.691807,8.578755,1986
13272,r4i1p1f1,1986,05,04,0.0,28.035318,9.639252,1986
13273,r4i1p1f1,1986,05,05,0.0,27.95936,11.554128,1986
13274,r4i1p1f1,1986,05,06,0.0,24.665855,9.038392,1986
13275,r4i1p1f1,1986,05,07,0.0,24.087967,7.3119125,1986
13276,r4i1p1f1,1986,05,08,0.0,25.510738,7.91363,1986
13277,r4i1p1f1,1986,05,09,0.03788642989093205,21.048311,3.982472,1986
13278,r4i1p1f1,1986,05,10,0.0,19.7024,3.8208542,1986
13279,r4i1p1f1,1986,05,11,0.0,16.933662,2.2639084,1986
13280,r4i1p1f1,1986,05,12,0.0,15.889028,2.2102249,1986
13281,r4i1p1f1,1986,05,13,0.0024036037757468875,15.344149,1.8862348,1986
13282,r4i1p1f1,1986,05,14,0.4789118933786085,14.04482,-0.6177815,1986
13283,r4i1p1f1,1986,05,15,0.0,18.43661,2.9103801,1986
13284,r4i1p1f1,1986,05,16,0.0,20.212652,4.593015,1986
13285,r4i1p1f1,1986,05,17,0.008096358033071738,17.420156,5.359503,1986
13286,r4i1p1f1,1986,05,18,8.78307128286906,13.174764,4.130373,1986
13287,r4i1p1f1,1986,05,19,0.0,18.374052,2.4914296,1986
13288,r4i1p1f1,1986,05,20,0.0,19.771202,3.5281713,1986
13289,r4i1p1f1,1986,05,21,0.0,22.538872,5.6865635,1986
13290,r4i1p1f1,1986,05,22,0.0,28.418633,9.150327,1986
13291,r4i1p1f1,1986,05,23,0.0,30.929792,11.969273,1986
13292,r4i1p1f1,1986,05,24,0.0,30.926785,11.827305,1986
13293,r4i1p1f1,1986,05,25,0.0,29.747118,11.913247,1986
13294,r4i1p1f1,1986,05,26,0.05834669993873831,22.756804,9.989805,1986
13295,r4i1p1f1,1986,05,27,0.0,21.006828,10.436107,1986
13296,r4i1p1f1,1986,05,28,0.5002850805794878,19.880205,9.141194,1986
13297,r4i1p1f1,1986,05,29,1.609553038450784,17.07147,6.9945393,1986
13298,r4i1p1f1,1986,05,30,3.807503268456003,16.048632,4.546075,1986
13299,r4i1p1f1,1986,05,31,3.4464417581148155,15.7824335,7.148428,1986
13300,r4i1p1f1,1986,06,01,2.973194118885658,12.664871,4.7288055,1986
13301,r4i1p1f1,1986,06,02,0.35672514723046334,19.264427,3.8088045,1986
13302,r4i1p1f1,1986,06,03,0.39608891020179726,23.121304,6.442396,1986
13303,r4i1p1f1,1986,06,04,0.07674088644762378,26.963783,9.334126,1986
13304,r4i1p1f1,1986,06,05,0.0,30.1121,10.621776,1986
13305,r4i1p1f1,1986,06,06,0.0,30.76022,11.479302,1986
13306,r4i1p1f1,1986,06,07,0.0,32.17015,13.356907,1986
13307,r4i1p1f1,1986,06,08,0.0,32.56517,13.605862,1986
13308,r4i1p1f1,1986,06,09,0.0,30.476004,12.393859,1986
13309,r4i1p1f1,1986,06,10,0.0,29.755638,11.951802,1986
13310,r4i1p1f1,1986,06,11,0.0,28.301048,10.581382,1986
13311,r4i1p1f1,1986,06,12,0.0,27.894646,11.0353155,1986
13312,r4i1p1f1,1986,06,13,0.0023072217118169647,25.869703,9.781086,1986
13313,r4i1p1f1,1986,06,14,1.3696966833862234,12.673315,2.4431386,1986
13314,r4i1p1f1,1986,06,15,1.8125038912813807,14.73557,1.2060452,1986
13315,r4i1p1f1,1986,06,16,0.27709465798579913,20.199705,4.232864,1986
13316,r4i1p1f1,1986,06,17,0.0,23.367428,6.395544,1986
13317,r4i1p1f1,1986,06,18,0.0,25.153933,7.7919135,1986
13318,r4i1p1f1,1986,06,19,0.0,28.457014,9.711731,1986
13319,r4i1p1f1,1986,06,20,0.0,30.412035,11.247911,1986
13320,r4i1p1f1,1986,06,21,0.0,29.852661,11.626813,1986
13321,r4i1p1f1,1986,06,22,0.0,25.623257,9.158853,1986
13322,r4i1p1f1,1986,06,23,0.0,22.35569,6.4318786,1986
13323,r4i1p1f1,1986,06,24,0.0,25.87143,7.838029,1986
13324,r4i1p1f1,1986,06,25,0.0,29.80937,10.580122,1986
13325,r4i1p1f1,1986,06,26,0.0,29.242079,10.667736,1986
13326,r4i1p1f1,1986,06,27,0.0,26.272757,9.768759,1986
13327,r4i1p1f1,1986,06,28,0.0,25.465855,8.562841,1986
13328,r4i1p1f1,1986,06,29,0.0,25.002785,8.821265,1986
13329,r4i1p1f1,1986,06,30,0.0,27.625021,9.70456,1986
13330,r4i1p1f1,1986,07,01,0.0,28.086784,10.161082,1986
13331,r4i1p1f1,1986,07,02,0.0,26.671259,10.082078,1986
13332,r4i1p1f1,1986,07,03,0.0,27.711512,9.831957,1986
13333,r4i1p1f1,1986,07,04,0.0,30.366028,10.490598,1986
13334,r4i1p1f1,1986,07,05,0.0,33.832737,13.302641,1986
13335,r4i1p1f1,1986,07,06,0.0,35.403522,14.732235,1986
13336,r4i1p1f1,1986,07,07,0.0,35.572197,15.50977,1986
13337,r4i1p1f1,1986,07,08,0.0,35.982407,15.728655,1986
13338,r4i1p1f1,1986,07,09,0.0,32.64765,13.288327,1986
13339,r4i1p1f1,1986,07,10,0.0,29.88092,10.736301,1986
13340,r4i1p1f1,1986,07,11,0.03898097684214008,30.342604,12.722667,1986
13341,r4i1p1f1,1986,07,12,0.0,31.541359,13.181453,1986
13342,r4i1p1f1,1986,07,13,0.0,32.648716,14.674587,1986
13343,r4i1p1f1,1986,07,14,0.3155922548444323,29.914682,13.881951,1986
13344,r4i1p1f1,1986,07,15,0.4913591142496898,29.56165,13.289246,1986
13345,r4i1p1f1,1986,07,16,0.0,29.350973,12.055507,1986
13346,r4i1p1f1,1986,07,17,0.0,31.823154,15.011976,1986
13347,r4i1p1f1,1986,07,18,1.048259493347814,32.12978,16.59985,1986
13348,r4i1p1f1,1986,07,19,0.8124219009914668,31.951395,16.030298,1986
13349,r4i1p1f1,1986,07,20,0.04670064745369018,32.93554,16.129984,1986
13350,r4i1p1f1,1986,07,21,0.2993113288439986,33.029037,16.769836,1986
13351,r4i1p1f1,1986,07,22,0.21914138574175013,32.19307,15.908344,1986
13352,r4i1p1f1,1986,07,23,0.0,31.375603,14.327251,1986
13353,r4i1p1f1,1986,07,24,0.030043760102671513,31.615479,15.311227,1986
13354,r4i1p1f1,1986,07,25,0.09210716500547278,29.620504,12.475929,1986
13355,r4i1p1f1,1986,07,26,0.0,29.59637,11.910726,1986
13356,r4i1p1f1,1986,07,27,0.0,30.258846,12.961502,1986
13357,r4i1p1f1,1986,07,28,0.0,30.775167,13.467149,1986
13358,r4i1p1f1,1986,07,29,0.0,32.804607,14.081455,1986
13359,r4i1p1f1,1986,07,30,0.0,34.536705,14.879739,1986
13360,r4i1p1f1,1986,07,31,0.0,37.033978,18.01867,1986
13361,r4i1p1f1,1986,08,01,0.0,37.52362,19.590372,1986
13362,r4i1p1f1,1986,08,02,0.0,37.19723,19.855164,1986
13363,r4i1p1f1,1986,08,03,0.03543167790951429,36.555733,19.518959,1986
13364,r4i1p1f1,1986,08,04,0.0,36.252293,18.552456,1986
13365,r4i1p1f1,1986,08,05,0.0013361948731471784,34.627872,16.09875,1986
13366,r4i1p1f1,1986,08,06,0.0,32.843475,14.170162,1986
13367,r4i1p1f1,1986,08,07,0.0,30.948656,12.538949,1986
13368,r4i1p1f1,1986,08,08,0.0,29.096998,11.002289,1986
13369,r4i1p1f1,1986,08,09,0.0,29.743675,11.34395,1986
13370,r4i1p1f1,1986,08,10,0.0,32.76677,13.592335,1986
13371,r4i1p1f1,1986,08,11,0.0,35.313725,16.317574,1986
13372,r4i1p1f1,1986,08,12,0.0,36.920788,17.913914,1986
13373,r4i1p1f1,1986,08,13,0.0,36.336536,18.579494,1986
13374,r4i1p1f1,1986,08,14,0.0,33.92735,15.183248,1986
13375,r4i1p1f1,1986,08,15,0.0,29.699425,11.375556,1986
13376,r4i1p1f1,1986,08,16,0.0,23.536098,6.1028,1986
13377,r4i1p1f1,1986,08,17,0.0,25.354021,8.930988,1986
13378,r4i1p1f1,1986,08,18,1.9201230288445004,30.04824,13.433193,1986
13379,r4i1p1f1,1986,08,19,0.7301786373872687,30.841543,14.10246,1986
13380,r4i1p1f1,1986,08,20,0.04999710532729296,32.905045,15.883165,1986
13381,r4i1p1f1,1986,08,21,0.0,33.27851,15.505244,1986
13382,r4i1p1f1,1986,08,22,0.0,30.820028,12.936759,1986
13383,r4i1p1f1,1986,08,23,0.0,29.713205,11.275077,1986
13384,r4i1p1f1,1986,08,24,0.0,27.463425,8.4722595,1986
13385,r4i1p1f1,1986,08,25,0.0,23.449297,6.4437985,1986
13386,r4i1p1f1,1986,08,26,0.0,24.81977,8.005752,1986
13387,r4i1p1f1,1986,08,27,0.0,25.134636,8.04178,1986
13388,r4i1p1f1,1986,08,28,0.0,22.253944,5.73905,1986
13389,r4i1p1f1,1986,08,29,0.0,21.119125,3.9672558,1986
13390,r4i1p1f1,1986,08,30,0.0,22.709044,4.411027,1986
13391,r4i1p1f1,1986,08,31,0.0,28.081572,7.801255,1986
13392,r4i1p1f1,1986,09,01,0.0,28.865953,10.766277,1986
13393,r4i1p1f1,1986,09,02,0.0,28.443293,10.09454,1986
13394,r4i1p1f1,1986,09,03,0.0,31.387533,13.162883,1986
13395,r4i1p1f1,1986,09,04,0.0,33.52662,14.218095,1986
13396,r4i1p1f1,1986,09,05,0.0,33.03569,14.064701,1986
13397,r4i1p1f1,1986,09,06,0.0,31.33908,13.432985,1986
13398,r4i1p1f1,1986,09,07,0.18525895416132698,32.308952,14.38707,1986
13399,r4i1p1f1,1986,09,08,0.0,34.14788,17.179333,1986
13400,r4i1p1f1,1986,09,09,4.699092955706874,33.226078,17.436623,1986
13401,r4i1p1f1,1986,09,10,35.21600058120384,27.046871,14.820476,1986
13402,r4i1p1f1,1986,09,11,56.74700537310855,20.701668,11.356458,1986
13403,r4i1p1f1,1986,09,12,0.03444262565608369,23.72945,9.783107,1986
13404,r4i1p1f1,1986,09,13,0.0,25.440691,11.063296,1986
13405,r4i1p1f1,1986,09,14,0.0,26.478676,11.803643,1986
13406,r4i1p1f1,1986,09,15,0.0,28.329863,12.910931,1986
13407,r4i1p1f1,1986,09,16,0.0,29.235435,13.80063,1986
13408,r4i1p1f1,1986,09,17,0.0,29.938992,13.992064,1986
13409,r4i1p1f1,1986,09,18,0.0,29.619883,15.600183,1986
13410,r4i1p1f1,1986,09,19,0.00659451856108717,27.197823,12.8029,1986
13411,r4i1p1f1,1986,09,20,6.205051895312863,21.285725,8.037499,1986
13412,r4i1p1f1,1986,09,21,6.982439529019757,11.628004,1.9382471,1986
13413,r4i1p1f1,1986,09,22,0.01735275321834706,16.372849,2.813647,1986
13414,r4i1p1f1,1986,09,23,0.9237077782984215,17.068888,5.061003,1986
13415,r4i1p1f1,1986,09,24,5.72607977375128,15.409973,5.3061175,1986
13416,r4i1p1f1,1986,09,25,0.07864250314639776,18.826454,5.5112247,1986
13417,r4i1p1f1,1986,09,26,0.0,19.50689,5.6704764,1986
13418,r4i1p1f1,1986,09,27,1.5991985957043653,19.162735,6.4636,1986
13419,r4i1p1f1,1986,09,28,0.2948082975564148,17.10554,3.7635732,1986
13420,r4i1p1f1,1986,09,29,0.0,16.289818,2.316498,1986
13421,r4i1p1f1,1986,09,30,0.0,18.916056,3.124761,1986
13422,r4i1p1f1,1986,10,01,0.0,21.72613,6.6851373,1986
13423,r4i1p1f1,1986,10,02,0.0,22.184109,6.86111,1986
13424,r4i1p1f1,1986,10,03,0.0,23.655434,8.571919,1986
13425,r4i1p1f1,1986,10,04,0.0,23.924387,8.350376,1986
13426,r4i1p1f1,1986,10,05,0.0,24.385172,7.31153,1986
13427,r4i1p1f1,1986,10,06,0.0,27.617117,8.266819,1986
13428,r4i1p1f1,1986,10,07,0.0,28.271797,11.045537,1986
13429,r4i1p1f1,1986,10,08,0.0,30.285635,13.653742,1986
13430,r4i1p1f1,1986,10,09,0.0,30.076286,12.826328,1986
13431,r4i1p1f1,1986,10,10,0.0,28.419708,10.171491,1986
13432,r4i1p1f1,1986,10,11,0.0,29.241451,11.09432,1986
13433,r4i1p1f1,1986,10,12,0.0,27.164394,11.843451,1986
13434,r4i1p1f1,1986,10,13,0.0,21.88875,6.409683,1986
13435,r4i1p1f1,1986,10,14,0.0,24.246832,7.2579193,1986
13436,r4i1p1f1,1986,10,15,0.0,26.50219,8.88514,1986
13437,r4i1p1f1,1986,10,16,0.0,26.10691,7.56861,1986
13438,r4i1p1f1,1986,10,17,0.0,23.982368,8.678446,1986
13439,r4i1p1f1,1986,10,18,0.0,20.047464,3.8611903,1986
13440,r4i1p1f1,1986,10,19,0.0,18.69782,1.4071214,1986
13441,r4i1p1f1,1986,10,20,0.0,18.143394,3.1785247,1986
13442,r4i1p1f1,1986,10,21,0.0,19.12241,3.8654382,1986
13443,r4i1p1f1,1986,10,22,0.0,21.023024,4.9311166,1986
13444,r4i1p1f1,1986,10,23,0.0,20.91963,3.0889428,1986
13445,r4i1p1f1,1986,10,24,0.0,21.09415,4.1994333,1986
13446,r4i1p1f1,1986,10,25,0.0,21.722425,5.695521,1986
13447,r4i1p1f1,1986,10,26,0.0,21.099564,4.051199,1986
13448,r4i1p1f1,1986,10,27,0.0,21.997242,5.8288903,1986
13449,r4i1p1f1,1986,10,28,0.0,21.876762,5.34114,1986
13450,r4i1p1f1,1986,10,29,0.0,21.59149,5.236208,1986
13451,r4i1p1f1,1986,10,30,0.7314054676044179,21.861395,7.0221577,1986
13452,r4i1p1f1,1986,10,31,15.233598954046101,17.450096,6.711271,1986
13453,r4i1p1f1,1986,11,01,0.0,17.502089,4.351961,1986
13454,r4i1p1f1,1986,11,02,0.0,19.583574,5.590798,1986
13455,r4i1p1f1,1986,11,03,0.0,19.44545,5.5053415,1986
13456,r4i1p1f1,1986,11,04,0.0,19.860304,5.0359416,1986
13457,r4i1p1f1,1986,11,05,0.0,16.98059,5.0892363,1986
13458,r4i1p1f1,1986,11,06,1.5502343363607451,15.510274,6.7844486,1986
13459,r4i1p1f1,1986,11,07,0.04807514354183695,17.937323,9.264913,1986
13460,r4i1p1f1,1986,11,08,0.8040065290572329,15.580626,4.860857,1986
13461,r4i1p1f1,1986,11,09,0.04417544438410914,17.597803,5.4959264,1986
13462,r4i1p1f1,1986,11,10,0.0,18.532112,5.9002786,1986
13463,r4i1p1f1,1986,11,11,0.0,19.096031,5.8289967,1986
13464,r4i1p1f1,1986,11,12,0.0,19.324997,4.333554,1986
13465,r4i1p1f1,1986,11,13,0.0,20.080708,5.785402,1986
13466,r4i1p1f1,1986,11,14,0.0,19.75868,4.392523,1986
13467,r4i1p1f1,1986,11,15,0.0,17.617079,3.376912,1986
13468,r4i1p1f1,1986,11,16,0.0,17.858505,2.8675363,1986
13469,r4i1p1f1,1986,11,17,0.0,17.636505,3.7971997,1986
13470,r4i1p1f1,1986,11,18,0.0,17.772264,3.8280537,1986
13471,r4i1p1f1,1986,11,19,0.0,18.878716,3.6279004,1986
13472,r4i1p1f1,1986,11,20,0.0,22.51008,4.889799,1986
13473,r4i1p1f1,1986,11,21,0.0,23.089582,5.716707,1986
13474,r4i1p1f1,1986,11,22,0.0,22.305685,5.147237,1986
13475,r4i1p1f1,1986,11,23,0.536869503281423,18.717186,4.3036385,1986
13476,r4i1p1f1,1986,11,24,45.890807160321856,12.691901,5.666928,1986
13477,r4i1p1f1,1986,11,25,8.977456781781257,12.090507,4.1193995,1986
13478,r4i1p1f1,1986,11,26,0.0,11.146398,0.102045745,1986
13479,r4i1p1f1,1986,11,27,0.0,12.309418,-0.4298929,1986
13480,r4i1p1f1,1986,11,28,0.0,11.417424,-2.0919461,1986
13481,r4i1p1f1,1986,11,29,0.0,10.252369,-1.4335616,1986
13482,r4i1p1f1,1986,11,30,0.28328717201588915,10.985542,1.6673017,1986
13483,r4i1p1f1,1986,12,01,29.578815467857567,11.352096,4.725064,1986
13484,r4i1p1f1,1986,12,02,0.4847281944535098,12.6518755,5.135825,1986
13485,r4i1p1f1,1986,12,03,0.0,12.140245,0.7318489,1986
13486,r4i1p1f1,1986,12,04,0.0032807962043079897,4.268575,-2.7949984,1986
13487,r4i1p1f1,1986,12,05,10.110196981668196,4.027977,-2.9782414,1986
13488,r4i1p1f1,1986,12,06,23.27498513395767,5.2522345,0.6877877,1986
13489,r4i1p1f1,1986,12,07,0.683590562698555,9.449977,2.4086049,1986
13490,r4i1p1f1,1986,12,08,0.10491488307025065,9.854321,4.205996,1986
13491,r4i1p1f1,1986,12,09,0.0,12.140215,0.24456464,1986
13492,r4i1p1f1,1986,12,10,19.13383141363738,9.577715,0.53408027,1986
13493,r4i1p1f1,1986,12,11,40.13745312477113,9.586801,2.0137906,1986
13494,r4i1p1f1,1986,12,12,6.800614505937119,9.701575,0.7524618,1986
13495,r4i1p1f1,1986,12,13,60.241083050641464,12.023291,2.6356573,1986
13496,r4i1p1f1,1986,12,14,0.0,8.0531845,-1.2814841,1986
13497,r4i1p1f1,1986,12,15,0.0,8.427586,-2.5553737,1986
13498,r4i1p1f1,1986,12,16,32.59128541176324,8.897284,-1.4615034,1986
13499,r4i1p1f1,1986,12,17,3.4510865183051465,3.8852398,-6.1430554,1986
13500,r4i1p1f1,1986,12,18,0.0,5.227509,-5.699001,1986
13501,r4i1p1f1,1986,12,19,2.8230265499928464,3.4244113,-4.5615635,1986
13502,r4i1p1f1,1986,12,20,0.0,5.933771,-3.9403067,1986
13503,r4i1p1f1,1986,12,21,30.35561396754929,6.993207,-1.732926,1986
13504,r4i1p1f1,1986,12,22,17.706218864987022,9.6755,2.8696296,1986
13505,r4i1p1f1,1986,12,23,0.1684781212844655,6.184649,-4.726472,1986
13506,r4i1p1f1,1986,12,24,0.0,7.1148505,-4.4929576,1986
13507,r4i1p1f1,1986,12,25,0.0,5.863256,-3.8554666,1986
13508,r4i1p1f1,1986,12,26,0.0,6.0613728,-1.2355907,1986
13509,r4i1p1f1,1986,12,27,0.053133880101086106,4.0788937,-7.9211197,1986
13510,r4i1p1f1,1986,12,28,9.988223208029012,-4.7329855,-16.05606,1986
13511,r4i1p1f1,1986,12,29,2.4614807299457198,-0.35077727,-13.645181,1986
13512,r4i1p1f1,1986,12,30,0.0,3.0147636,-12.837511,1986
13513,r4i1p1f1,1986,12,31,0.0,4.309263,-9.732119,1986
13514,r4i1p1f1,1987,01,01,0.0,5.841867,-5.30342,1987
13515,r4i1p1f1,1987,01,02,0.04687128620162184,10.67013,0.1713064,1987
13516,r4i1p1f1,1987,01,03,0.0,11.08382,-0.25345433,1987
13517,r4i1p1f1,1987,01,04,0.0,10.540383,-1.1761336,1987
13518,r4i1p1f1,1987,01,05,0.0,11.5945835,-0.9499419,1987
13519,r4i1p1f1,1987,01,06,0.0,12.418452,0.7357575,1987
13520,r4i1p1f1,1987,01,07,0.0,12.568098,1.3817455,1987
13521,r4i1p1f1,1987,01,08,0.0,10.862477,1.1261564,1987
13522,r4i1p1f1,1987,01,09,0.0,10.748203,-0.24808788,1987
13523,r4i1p1f1,1987,01,10,0.0,11.417942,-0.08441326,1987
13524,r4i1p1f1,1987,01,11,18.935862980924867,5.925291,1.7204068,1987
13525,r4i1p1f1,1987,01,12,17.0445785265656,8.330135,1.3481115,1987
13526,r4i1p1f1,1987,01,13,0.9641106130402477,3.7604718,-5.1907897,1987
13527,r4i1p1f1,1987,01,14,0.0,5.5084825,-6.738608,1987
13528,r4i1p1f1,1987,01,15,6.578546023865783,2.8664732,-6.932021,1987
13529,r4i1p1f1,1987,01,16,17.12501791366776,8.675876,-2.4772618,1987
13530,r4i1p1f1,1987,01,17,8.961494117784241,8.187297,3.2974305,1987
13531,r4i1p1f1,1987,01,18,2.7550596679930095,9.678895,3.2834246,1987
13532,r4i1p1f1,1987,01,19,0.0,13.560618,3.973857,1987
13533,r4i1p1f1,1987,01,20,0.0,14.418996,3.387862,1987
13534,r4i1p1f1,1987,01,21,0.0,14.432902,3.0113282,1987
13535,r4i1p1f1,1987,01,22,0.0,13.945884,3.1686337,1987
13536,r4i1p1f1,1987,01,23,5.97889390853652,9.054688,4.0022817,1987
13537,r4i1p1f1,1987,01,24,0.772561801915117,11.117939,2.3348978,1987
13538,r4i1p1f1,1987,01,25,0.0,14.865154,3.6701748,1987
13539,r4i1p1f1,1987,01,26,33.62815923701419,11.468865,5.458945,1987
13540,r4i1p1f1,1987,01,27,1.42010365701708,11.970636,2.690495,1987
13541,r4i1p1f1,1987,01,28,0.039657913850987825,13.604497,3.3730574,1987
13542,r4i1p1f1,1987,01,29,34.97070004741545,12.019947,2.378983,1987
13543,r4i1p1f1,1987,01,30,0.026943728238393305,9.082172,-0.008961518,1987
13544,r4i1p1f1,1987,01,31,8.296356326513887,8.273253,2.3374145,1987
13545,r4i1p1f1,1987,02,01,30.928039800346596,9.299313,3.6442404,1987
13546,r4i1p1f1,1987,02,02,11.395044439723279,10.442475,3.0778673,1987
13547,r4i1p1f1,1987,02,03,7.778146175644451,9.037106,2.5357916,1987
13548,r4i1p1f1,1987,02,04,0.0,12.061934,-0.01912011,1987
13549,r4i1p1f1,1987,02,05,0.0,12.876606,0.71559197,1987
13550,r4i1p1f1,1987,02,06,0.0,11.5191,-0.83466935,1987
13551,r4i1p1f1,1987,02,07,0.0,13.206867,-0.8944062,1987
13552,r4i1p1f1,1987,02,08,0.0,11.3602495,-0.27308553,1987
13553,r4i1p1f1,1987,02,09,0.0,14.745327,1.4453913,1987
13554,r4i1p1f1,1987,02,10,0.0,12.460112,1.8223871,1987
13555,r4i1p1f1,1987,02,11,1.765593789605191,9.823093,1.85957,1987
13556,r4i1p1f1,1987,02,12,50.87325477943523,11.583203,2.077179,1987
13557,r4i1p1f1,1987,02,13,32.22141977512365,12.88542,-2.5130212,1987
13558,r4i1p1f1,1987,02,14,4.025262536123364,0.7525585,-8.293086,1987
13559,r4i1p1f1,1987,02,15,0.0,7.2810526,-7.171901,1987
13560,r4i1p1f1,1987,02,16,0.0,11.983471,-0.6354181,1987
13561,r4i1p1f1,1987,02,17,0.0,12.017209,0.6982453,1987
13562,r4i1p1f1,1987,02,18,0.0,12.580239,1.1882945,1987
13563,r4i1p1f1,1987,02,19,0.0,12.930848,0.66436523,1987
13564,r4i1p1f1,1987,02,20,0.0,14.831011,1.584099,1987
13565,r4i1p1f1,1987,02,21,0.0,15.01639,1.7803677,1987
13566,r4i1p1f1,1987,02,22,0.0,16.323427,3.6114824,1987
13567,r4i1p1f1,1987,02,23,0.004089172989552026,16.511757,4.8181,1987
13568,r4i1p1f1,1987,02,24,0.0,16.189043,3.9218652,1987
13569,r4i1p1f1,1987,02,25,0.0,16.523375,2.0770357,1987
13570,r4i1p1f1,1987,02,26,0.0,13.655951,2.672024,1987
13571,r4i1p1f1,1987,02,27,0.0,16.37343,3.5193317,1987
13572,r4i1p1f1,1987,02,28,0.0,13.447472,3.480489,1987
13573,r4i1p1f1,1987,03,01,3.166155839855378,9.148141,-0.23454285,1987
13574,r4i1p1f1,1987,03,02,0.0,14.959249,3.7185733,1987
13575,r4i1p1f1,1987,03,03,0.0,16.389812,5.231978,1987
13576,r4i1p1f1,1987,03,04,0.0,17.876587,4.502856,1987
13577,r4i1p1f1,1987,03,05,0.03233986099075992,15.817895,1.2008781,1987
13578,r4i1p1f1,1987,03,06,0.014377105253515765,9.87602,0.50773555,1987
13579,r4i1p1f1,1987,03,07,0.11373243166872271,12.162433,0.12477943,1987
13580,r4i1p1f1,1987,03,08,27.85873616594472,6.9870358,0.7871038,1987
13581,r4i1p1f1,1987,03,09,8.251594696548636,5.9536266,-3.9626417,1987
13582,r4i1p1f1,1987,03,10,9.859761891812013,6.1472983,-4.398116,1987
13583,r4i1p1f1,1987,03,11,2.609266704541824,7.6563916,-2.7200177,1987
13584,r4i1p1f1,1987,03,12,2.695698056106721,7.7584925,-0.21731716,1987
13585,r4i1p1f1,1987,03,13,0.0070650854809173325,13.306237,1.5035046,1987
13586,r4i1p1f1,1987,03,14,35.243966948473826,11.5465,1.4779943,1987
13587,r4i1p1f1,1987,03,15,15.303146502992604,10.829588,0.8579859,1987
13588,r4i1p1f1,1987,03,16,0.0,12.807996,2.7906065,1987
13589,r4i1p1f1,1987,03,17,0.34287391202951767,14.977846,5.7923827,1987
13590,r4i1p1f1,1987,03,18,0.0,13.746348,4.8109164,1987
13591,r4i1p1f1,1987,03,19,0.0,18.691435,3.8599133,1987
13592,r4i1p1f1,1987,03,20,0.0,17.381798,3.2387989,1987
13593,r4i1p1f1,1987,03,21,14.579125258660497,13.270943,-0.24551868,1987
13594,r4i1p1f1,1987,03,22,0.0,13.488051,3.4827392,1987
13595,r4i1p1f1,1987,03,23,0.0,13.378117,1.7338251,1987
13596,r4i1p1f1,1987,03,24,0.22004756481805998,11.486803,0.7590412,1987
13597,r4i1p1f1,1987,03,25,1.4309791850621423,10.806186,0.63124734,1987
13598,r4i1p1f1,1987,03,26,0.003530284425323771,9.3169775,-4.0366325,1987
13599,r4i1p1f1,1987,03,27,0.0,13.364266,0.0631094,1987
13600,r4i1p1f1,1987,03,28,15.972093115033204,8.523219,1.8880618,1987
13601,r4i1p1f1,1987,03,29,5.181376631017542,9.812285,0.1435319,1987
13602,r4i1p1f1,1987,03,30,16.163581140426686,11.232906,3.7340498,1987
13603,r4i1p1f1,1987,03,31,0.0,15.864208,0.30016983,1987
13604,r4i1p1f1,1987,04,01,0.0,22.550175,3.4822028,1987
13605,r4i1p1f1,1987,04,02,0.0,22.971369,5.657245,1987
13606,r4i1p1f1,1987,04,03,0.0,21.126017,5.9161143,1987
13607,r4i1p1f1,1987,04,04,1.7901394956084005,14.31754,0.9292075,1987
13608,r4i1p1f1,1987,04,05,4.749248215892976,11.628824,-0.802744,1987
13609,r4i1p1f1,1987,04,06,0.0,17.35388,1.210182,1987
13610,r4i1p1f1,1987,04,07,0.0,17.519405,2.8108723,1987
13611,r4i1p1f1,1987,04,08,2.606051650121799,13.552656,-0.5542793,1987
13612,r4i1p1f1,1987,04,09,0.14084418082802586,15.886934,4.2974935,1987
13613,r4i1p1f1,1987,04,10,0.0978672688233928,9.172688,0.6329412,1987
13614,r4i1p1f1,1987,04,11,8.982743726483022,11.646427,-0.60197437,1987
13615,r4i1p1f1,1987,04,12,0.8051673998124897,13.992023,0.58356315,1987
13616,r4i1p1f1,1987,04,13,18.406314283492975,8.70103,1.2384123,1987
13617,r4i1p1f1,1987,04,14,1.6652045997375353,8.372491,0.44362715,1987
13618,r4i1p1f1,1987,04,15,0.0,14.396947,-0.60242754,1987
13619,r4i1p1f1,1987,04,16,0.0,17.452063,1.067637,1987
13620,r4i1p1f1,1987,04,17,0.0,19.261513,3.5571687,1987
13621,r4i1p1f1,1987,04,18,0.0,18.582943,3.1132448,1987
13622,r4i1p1f1,1987,04,19,0.049153803450963096,14.942222,7.1949244,1987
13623,r4i1p1f1,1987,04,20,0.020612508836848065,15.183317,1.8753505,1987
13624,r4i1p1f1,1987,04,21,0.0,12.5548115,4.8547916,1987
13625,r4i1p1f1,1987,04,22,2.7256113326984632,13.215893,1.2377325,1987
13626,r4i1p1f1,1987,04,23,18.231896546058124,12.247627,-0.8543765,1987
13627,r4i1p1f1,1987,04,24,11.015172853512922,12.163991,-0.6859024,1987
13628,r4i1p1f1,1987,04,25,1.2140194275275462,14.493749,3.6792386,1987
13629,r4i1p1f1,1987,04,26,17.8355678944925,14.037275,0.46309412,1987
13630,r4i1p1f1,1987,04,27,1.050652267190344,11.486922,3.6930368,1987
13631,r4i1p1f1,1987,04,28,0.0,15.543501,5.934321,1987
13632,r4i1p1f1,1987,04,29,0.016641642926629174,17.370924,5.0477505,1987
13633,r4i1p1f1,1987,04,30,0.0,21.341482,5.356207,1987
13634,r4i1p1f1,1987,05,01,0.0,23.699259,6.99584,1987
13635,r4i1p1f1,1987,05,02,4.460057480014257,17.390059,1.9977256,1987
13636,r4i1p1f1,1987,05,03,0.0,20.181904,4.0405583,1987
13637,r4i1p1f1,1987,05,04,0.0,18.260784,4.0919,1987
13638,r4i1p1f1,1987,05,05,0.5800978178797322,13.486486,1.1676862,1987
13639,r4i1p1f1,1987,05,06,0.0,18.101097,0.9836447,1987
13640,r4i1p1f1,1987,05,07,0.0,23.842625,5.675348,1987
13641,r4i1p1f1,1987,05,08,0.0,27.05608,8.927317,1987
13642,r4i1p1f1,1987,05,09,0.0,28.287493,10.564369,1987
13643,r4i1p1f1,1987,05,10,0.0,29.055613,11.729314,1987
13644,r4i1p1f1,1987,05,11,0.0,25.826643,8.142836,1987
13645,r4i1p1f1,1987,05,12,0.0,26.409538,9.820084,1987
13646,r4i1p1f1,1987,05,13,0.0,27.777489,10.563835,1987
13647,r4i1p1f1,1987,05,14,0.0,28.771807,10.623483,1987
13648,r4i1p1f1,1987,05,15,0.0,28.653238,10.832033,1987
13649,r4i1p1f1,1987,05,16,0.0,25.006086,8.170415,1987
13650,r4i1p1f1,1987,05,17,0.0,27.32357,9.597199,1987
13651,r4i1p1f1,1987,05,18,0.0,27.330723,9.978758,1987
13652,r4i1p1f1,1987,05,19,0.0,26.888557,9.392999,1987
13653,r4i1p1f1,1987,05,20,0.0,25.919004,9.708799,1987
13654,r4i1p1f1,1987,05,21,0.0,25.463333,8.803843,1987
13655,r4i1p1f1,1987,05,22,0.0,24.993208,6.6075587,1987
13656,r4i1p1f1,1987,05,23,0.0786685346156446,24.571636,6.5241065,1987
13657,r4i1p1f1,1987,05,24,0.039220627965619315,15.72524,2.182191,1987
13658,r4i1p1f1,1987,05,25,1.0531433742016816,14.785038,0.7121302,1987
13659,r4i1p1f1,1987,05,26,0.0,21.4321,4.0631256,1987
13660,r4i1p1f1,1987,05,27,0.0,21.479736,4.7863874,1987
13661,r4i1p1f1,1987,05,28,0.0,19.741535,8.625581,1987
13662,r4i1p1f1,1987,05,29,0.0,21.351145,7.984597,1987
13663,r4i1p1f1,1987,05,30,0.0,22.762627,6.671485,1987
13664,r4i1p1f1,1987,05,31,0.0,23.86173,7.8383603,1987
13665,r4i1p1f1,1987,06,01,1.5213058693916537,23.0317,5.81565,1987
13666,r4i1p1f1,1987,06,02,0.004866724691510171,23.680134,8.240009,1987
13667,r4i1p1f1,1987,06,03,3.5454010080911758,19.538988,3.2721791,1987
13668,r4i1p1f1,1987,06,04,4.560595898428232,20.28062,7.8132725,1987
13669,r4i1p1f1,1987,06,05,0.0058786035879165865,21.304436,7.1861343,1987
13670,r4i1p1f1,1987,06,06,0.8996389751132483,20.193615,5.766083,1987
13671,r4i1p1f1,1987,06,07,14.401185279621131,17.257862,4.027348,1987
13672,r4i1p1f1,1987,06,08,1.9291133779177017,12.121842,4.02222,1987
13673,r4i1p1f1,1987,06,09,0.0,20.587156,5.2654343,1987
13674,r4i1p1f1,1987,06,10,0.0,21.193695,5.438804,1987
13675,r4i1p1f1,1987,06,11,0.005721024081140058,19.83888,7.7924848,1987
13676,r4i1p1f1,1987,06,12,2.3756101126366502,17.384882,7.1436462,1987
13677,r4i1p1f1,1987,06,13,9.90851049414232,15.279081,7.9220395,1987
13678,r4i1p1f1,1987,06,14,0.07487656789635366,22.309776,7.709554,1987
13679,r4i1p1f1,1987,06,15,0.0,23.434057,8.69228,1987
13680,r4i1p1f1,1987,06,16,0.06304147573246155,23.106682,8.077051,1987
13681,r4i1p1f1,1987,06,17,0.0,21.72574,6.8411164,1987
13682,r4i1p1f1,1987,06,18,0.0,22.239864,7.392165,1987
13683,r4i1p1f1,1987,06,19,0.0,23.623535,8.7543545,1987
13684,r4i1p1f1,1987,06,20,0.0,25.045372,9.244011,1987
13685,r4i1p1f1,1987,06,21,0.0,25.749882,8.560612,1987
13686,r4i1p1f1,1987,06,22,0.0,24.481264,7.4733276,1987
13687,r4i1p1f1,1987,06,23,0.0,23.94811,7.6619635,1987
13688,r4i1p1f1,1987,06,24,0.0,24.56469,8.186247,1987
13689,r4i1p1f1,1987,06,25,0.0,25.638613,9.80049,1987
13690,r4i1p1f1,1987,06,26,0.006190804310790554,24.052408,7.3835745,1987
13691,r4i1p1f1,1987,06,27,0.0,28.165962,10.705328,1987
13692,r4i1p1f1,1987,06,28,0.0,32.041805,13.718583,1987
13693,r4i1p1f1,1987,06,29,0.0,33.987846,15.231382,1987
13694,r4i1p1f1,1987,06,30,0.0,33.58583,16.23131,1987
13695,r4i1p1f1,1987,07,01,0.045190963965069386,28.593254,14.2444725,1987
13696,r4i1p1f1,1987,07,02,0.9551261592832816,25.369572,11.447196,1987
13697,r4i1p1f1,1987,07,03,0.8448328985082298,27.185007,15.8892975,1987
13698,r4i1p1f1,1987,07,04,0.9002868075867809,27.308405,17.327473,1987
13699,r4i1p1f1,1987,07,05,4.8694099375666156,27.408197,17.073092,1987
13700,r4i1p1f1,1987,07,06,2.7769966869783502,24.767662,14.75453,1987
13701,r4i1p1f1,1987,07,07,1.881774256571589,25.565279,15.398431,1987
13702,r4i1p1f1,1987,07,08,0.10560691326872984,26.071857,14.471882,1987
13703,r4i1p1f1,1987,07,09,39.897018834972364,25.048529,13.797016,1987
13704,r4i1p1f1,1987,07,10,1.7998347232776268,25.199497,13.502735,1987
13705,r4i1p1f1,1987,07,11,0.0,20.896523,7.392093,1987
13706,r4i1p1f1,1987,07,12,0.0,21.264889,11.07525,1987
13707,r4i1p1f1,1987,07,13,0.0,23.489954,8.692688,1987
13708,r4i1p1f1,1987,07,14,0.0,23.167322,7.9424744,1987
13709,r4i1p1f1,1987,07,15,0.00349952124452102,22.709576,7.608612,1987
13710,r4i1p1f1,1987,07,16,0.0,22.611656,7.5325184,1987
13711,r4i1p1f1,1987,07,17,0.0,22.76931,9.193668,1987
13712,r4i1p1f1,1987,07,18,0.0,23.21885,7.5041876,1987
13713,r4i1p1f1,1987,07,19,0.013291739787746337,24.419338,9.224758,1987
13714,r4i1p1f1,1987,07,20,0.0,25.360579,9.979653,1987
13715,r4i1p1f1,1987,07,21,0.0,25.072178,9.651943,1987
13716,r4i1p1f1,1987,07,22,0.0,23.5037,8.106688,1987
13717,r4i1p1f1,1987,07,23,0.0,25.598024,10.020133,1987
13718,r4i1p1f1,1987,07,24,0.0,26.868788,11.239526,1987
13719,r4i1p1f1,1987,07,25,0.0,28.956116,11.597686,1987
13720,r4i1p1f1,1987,07,26,0.0,29.330017,12.504044,1987
13721,r4i1p1f1,1987,07,27,0.0,29.708605,12.742604,1987
13722,r4i1p1f1,1987,07,28,0.007694798568991246,30.233635,13.962429,1987
13723,r4i1p1f1,1987,07,29,0.0,32.286392,15.303292,1987
13724,r4i1p1f1,1987,07,30,1.065779782993559,34.482754,19.033901,1987
13725,r4i1p1f1,1987,07,31,1.7321859814160234,32.01423,16.31161,1987
13726,r4i1p1f1,1987,08,01,0.0,28.53085,11.75163,1987
13727,r4i1p1f1,1987,08,02,0.0,28.870903,11.633977,1987
13728,r4i1p1f1,1987,08,03,0.0,28.513834,10.993586,1987
13729,r4i1p1f1,1987,08,04,0.0,25.661535,8.712324,1987
13730,r4i1p1f1,1987,08,05,0.0,24.58659,7.1719327,1987
13731,r4i1p1f1,1987,08,06,0.0,27.482265,8.936418,1987
13732,r4i1p1f1,1987,08,07,0.0,32.070927,12.930913,1987
13733,r4i1p1f1,1987,08,08,0.0,33.545944,14.682573,1987
13734,r4i1p1f1,1987,08,09,0.0,33.40256,15.306868,1987
13735,r4i1p1f1,1987,08,10,0.0,32.515484,14.419628,1987
13736,r4i1p1f1,1987,08,11,0.0,33.14096,14.445662,1987
13737,r4i1p1f1,1987,08,12,0.0,32.929672,15.091906,1987
13738,r4i1p1f1,1987,08,13,0.0,32.928997,14.920722,1987
13739,r4i1p1f1,1987,08,14,0.0,33.36817,15.421293,1987
13740,r4i1p1f1,1987,08,15,0.0,34.295406,16.258791,1987
13741,r4i1p1f1,1987,08,16,0.0,33.199406,15.500393,1987
13742,r4i1p1f1,1987,08,17,0.0,27.192074,10.084777,1987
13743,r4i1p1f1,1987,08,18,0.0,25.622707,8.404215,1987
13744,r4i1p1f1,1987,08,19,0.0,29.184113,10.993952,1987
13745,r4i1p1f1,1987,08,20,0.007169207827928403,30.38147,13.12878,1987
13746,r4i1p1f1,1987,08,21,0.0,33.19704,14.678155,1987
13747,r4i1p1f1,1987,08,22,1.5094560043962701,34.222397,16.75989,1987
13748,r4i1p1f1,1987,08,23,8.707249997200961,34.839905,17.425646,1987
13749,r4i1p1f1,1987,08,24,1.1743574148795233,35.767284,17.999405,1987
13750,r4i1p1f1,1987,08,25,1.8029279019401656,36.875393,19.08704,1987
13751,r4i1p1f1,1987,08,26,9.100740217473913,36.40042,18.55371,1987
13752,r4i1p1f1,1987,08,27,1.678491286336481,35.29001,18.417679,1987
13753,r4i1p1f1,1987,08,28,9.747112216369302,34.912094,17.902426,1987
13754,r4i1p1f1,1987,08,29,0.0,32.972675,17.734114,1987
13755,r4i1p1f1,1987,08,30,3.2761741056106075,32.037426,15.188782,1987
13756,r4i1p1f1,1987,08,31,0.0,25.383804,9.192723,1987
13757,r4i1p1f1,1987,09,01,0.0,24.94796,9.513509,1987
13758,r4i1p1f1,1987,09,02,0.0,24.542091,8.955023,1987
13759,r4i1p1f1,1987,09,03,0.26201524951829924,21.609861,6.4881434,1987
13760,r4i1p1f1,1987,09,04,0.0,16.229893,2.1664767,1987
13761,r4i1p1f1,1987,09,05,0.0,12.980251,-0.825258,1987
13762,r4i1p1f1,1987,09,06,0.0,19.23267,4.4910245,1987
13763,r4i1p1f1,1987,09,07,0.0037603617329295957,20.270077,4.6165066,1987
13764,r4i1p1f1,1987,09,08,0.0,21.790215,6.523373,1987
13765,r4i1p1f1,1987,09,09,0.0,23.080729,9.102418,1987
13766,r4i1p1f1,1987,09,10,0.0,24.263435,7.43538,1987
13767,r4i1p1f1,1987,09,11,0.00310596551571507,24.946846,11.564832,1987
13768,r4i1p1f1,1987,09,12,0.09254443561985681,30.653713,14.81267,1987
13769,r4i1p1f1,1987,09,13,0.0,30.33636,13.422566,1987
13770,r4i1p1f1,1987,09,14,0.0,30.03601,13.407518,1987
13771,r4i1p1f1,1987,09,15,0.0,22.908072,6.2370887,1987
13772,r4i1p1f1,1987,09,16,0.0,20.27859,5.7560544,1987
13773,r4i1p1f1,1987,09,17,0.0,24.762228,8.9805565,1987
13774,r4i1p1f1,1987,09,18,0.0,26.208353,8.495564,1987
13775,r4i1p1f1,1987,09,19,0.0,26.499521,11.105404,1987
13776,r4i1p1f1,1987,09,20,0.0,27.064968,11.103599,1987
13777,r4i1p1f1,1987,09,21,0.0,27.470686,11.398532,1987
13778,r4i1p1f1,1987,09,22,0.0,26.401178,11.189512,1987
13779,r4i1p1f1,1987,09,23,0.0,28.074257,10.631453,1987
13780,r4i1p1f1,1987,09,24,0.18220412591176682,27.119957,13.66431,1987
13781,r4i1p1f1,1987,09,25,4.316065714755268,23.679214,9.913213,1987
13782,r4i1p1f1,1987,09,26,3.2763157439148927,12.92549,3.8784146,1987
13783,r4i1p1f1,1987,09,27,0.04730548232600995,18.531605,3.084434,1987
13784,r4i1p1f1,1987,09,28,0.0,24.396664,6.4717135,1987
13785,r4i1p1f1,1987,09,29,0.0,25.077707,6.7734213,1987
13786,r4i1p1f1,1987,09,30,0.0,23.776873,7.8235345,1987
13787,r4i1p1f1,1987,10,01,0.0,26.026482,9.558711,1987
13788,r4i1p1f1,1987,10,02,0.0,26.331821,10.452456,1987
13789,r4i1p1f1,1987,10,03,0.0,29.536882,11.325426,1987
13790,r4i1p1f1,1987,10,04,0.0,28.914663,12.652971,1987
13791,r4i1p1f1,1987,10,05,0.0,28.926083,10.701475,1987
13792,r4i1p1f1,1987,10,06,0.0,21.801392,3.9767423,1987
13793,r4i1p1f1,1987,10,07,0.0,22.076439,4.386202,1987
13794,r4i1p1f1,1987,10,08,0.0,23.75956,7.9238567,1987
13795,r4i1p1f1,1987,10,09,0.0,24.45045,8.893877,1987
13796,r4i1p1f1,1987,10,10,0.0,23.843794,7.991077,1987
13797,r4i1p1f1,1987,10,11,0.0,25.349142,8.430699,1987
13798,r4i1p1f1,1987,10,12,0.0,25.845594,8.571278,1987
13799,r4i1p1f1,1987,10,13,0.0,26.56511,8.914951,1987
13800,r4i1p1f1,1987,10,14,0.0,27.493435,8.899499,1987
13801,r4i1p1f1,1987,10,15,0.0,24.117188,5.688219,1987
13802,r4i1p1f1,1987,10,16,0.0018718844330578577,14.960497,0.9727603,1987
13803,r4i1p1f1,1987,10,17,0.0,13.293772,-2.2196972,1987
13804,r4i1p1f1,1987,10,18,0.3888949921815765,14.399146,2.1882446,1987
13805,r4i1p1f1,1987,10,19,0.6426638022901443,16.802885,2.9349446,1987
13806,r4i1p1f1,1987,10,20,0.03744086679944303,18.551533,3.8264754,1987
13807,r4i1p1f1,1987,10,21,0.0,18.87372,4.804165,1987
13808,r4i1p1f1,1987,10,22,0.9490836241752731,18.277079,7.063962,1987
13809,r4i1p1f1,1987,10,23,0.017098625996680994,21.23684,8.231487,1987
13810,r4i1p1f1,1987,10,24,0.0,23.87101,9.984224,1987
13811,r4i1p1f1,1987,10,25,0.0,22.482882,8.003398,1987
13812,r4i1p1f1,1987,10,26,0.0,21.305603,8.263716,1987
13813,r4i1p1f1,1987,10,27,0.0,21.716526,6.3093767,1987
13814,r4i1p1f1,1987,10,28,0.0,22.221506,7.5498285,1987
13815,r4i1p1f1,1987,10,29,0.05824080235470319,21.580635,8.842017,1987
13816,r4i1p1f1,1987,10,30,0.0,24.566162,8.040855,1987
13817,r4i1p1f1,1987,10,31,0.0,26.755964,9.916632,1987
13818,r4i1p1f1,1987,11,01,0.0,26.6972,9.60563,1987
13819,r4i1p1f1,1987,11,02,0.0,25.446495,8.781196,1987
13820,r4i1p1f1,1987,11,03,0.0,22.866625,5.9079566,1987
13821,r4i1p1f1,1987,11,04,0.0,23.044334,7.0253286,1987
13822,r4i1p1f1,1987,11,05,0.0,23.382483,8.427146,1987
13823,r4i1p1f1,1987,11,06,0.0,23.649845,7.5572696,1987
13824,r4i1p1f1,1987,11,07,0.0,23.44111,5.701701,1987
13825,r4i1p1f1,1987,11,08,0.0,22.87142,3.8416944,1987
13826,r4i1p1f1,1987,11,09,0.0,9.286927,-5.3235707,1987
13827,r4i1p1f1,1987,11,10,0.0,13.543978,-2.9417932,1987
13828,r4i1p1f1,1987,11,11,0.0,14.353954,-1.7019758,1987
13829,r4i1p1f1,1987,11,12,0.0,16.540354,-1.2890228,1987
13830,r4i1p1f1,1987,11,13,0.0,18.092573,0.69045067,1987
13831,r4i1p1f1,1987,11,14,0.0,17.948061,0.3468355,1987
13832,r4i1p1f1,1987,11,15,0.0,18.381247,0.18752517,1987
13833,r4i1p1f1,1987,11,16,0.0,19.439926,1.7466588,1987
13834,r4i1p1f1,1987,11,17,0.0,19.687809,2.3427873,1987
13835,r4i1p1f1,1987,11,18,0.0,19.899834,2.8421848,1987
13836,r4i1p1f1,1987,11,19,0.0,20.104578,3.1679454,1987
13837,r4i1p1f1,1987,11,20,0.0,21.353775,4.025369,1987
13838,r4i1p1f1,1987,11,21,0.0,21.85455,4.815189,1987
13839,r4i1p1f1,1987,11,22,0.0,19.05101,5.5955777,1987
13840,r4i1p1f1,1987,11,23,0.0,15.860297,-0.4789761,1987
13841,r4i1p1f1,1987,11,24,0.0,14.316901,-1.9813619,1987
13842,r4i1p1f1,1987,11,25,0.0,15.435569,-1.1071255,1987
13843,r4i1p1f1,1987,11,26,0.0,16.545736,-0.49466977,1987
13844,r4i1p1f1,1987,11,27,12.250872882759722,15.978448,3.775261,1987
13845,r4i1p1f1,1987,11,28,0.0,12.275628,-0.43210718,1987
13846,r4i1p1f1,1987,11,29,1.506499546642459,11.73455,0.03365098,1987
13847,r4i1p1f1,1987,11,30,25.011433317195042,9.269604,2.521192,1987
13848,r4i1p1f1,1987,12,01,4.306775386999107,4.8613667,-0.177359,1987
13849,r4i1p1f1,1987,12,02,0.0025446293307140877,8.127825,-0.5574111,1987
13850,r4i1p1f1,1987,12,03,0.0,9.243186,-0.79699445,1987
13851,r4i1p1f1,1987,12,04,0.0,10.546764,0.6574111,1987
13852,r4i1p1f1,1987,12,05,4.05077163468377,7.326148,0.51326245,1987
13853,r4i1p1f1,1987,12,06,0.0,7.979917,1.1177933,1987
13854,r4i1p1f1,1987,12,07,1.4631791137162509,6.305383,1.9284848,1987
13855,r4i1p1f1,1987,12,08,48.78814970579697,6.660338,2.6493416,1987
13856,r4i1p1f1,1987,12,09,2.880057429246108,7.6030173,2.6674452,1987
13857,r4i1p1f1,1987,12,10,0.027378517245324474,7.476435,-2.4095545,1987
13858,r4i1p1f1,1987,12,11,5.3300534951858936,7.1384373,-1.5337936,1987
13859,r4i1p1f1,1987,12,12,0.10413909853923542,4.3312097,-6.451709,1987
13860,r4i1p1f1,1987,12,13,19.83956617550575,1.3013066,-11.2518635,1987
13861,r4i1p1f1,1987,12,14,18.107584858159953,4.0125017,-7.5443735,1987
13862,r4i1p1f1,1987,12,15,70.4058499999519,8.506091,-1.379574,1987
13863,r4i1p1f1,1987,12,16,23.960145611908956,6.8550973,-0.17346938,1987
13864,r4i1p1f1,1987,12,17,14.716103487774035,2.8219652,-7.932481,1987
13865,r4i1p1f1,1987,12,18,0.6937284051275583,0.6858335,-10.932634,1987
13866,r4i1p1f1,1987,12,19,1.297289520010736,1.1970558,-9.449724,1987
13867,r4i1p1f1,1987,12,20,0.049828514238470234,4.974235,-6.9331303,1987
13868,r4i1p1f1,1987,12,21,7.305100109931573,4.60447,-1.2270291,1987
13869,r4i1p1f1,1987,12,22,13.354869849990791,7.5404453,-0.3672283,1987
13870,r4i1p1f1,1987,12,23,0.5888740637772116,6.1418715,1.6225872,1987
13871,r4i1p1f1,1987,12,24,0.05894882051507011,6.238964,1.7108756,1987
13872,r4i1p1f1,1987,12,25,39.37558333200286,8.566462,3.3327587,1987
13873,r4i1p1f1,1987,12,26,0.0,10.143927,5.130662,1987
13874,r4i1p1f1,1987,12,27,7.736051792608123,9.910033,3.070463,1987
13875,r4i1p1f1,1987,12,28,17.340996435041234,7.379881,1.0706209,1987
13876,r4i1p1f1,1987,12,29,0.0,9.478319,-1.2572114,1987
13877,r4i1p1f1,1987,12,30,0.0,10.004017,-0.5491472,1987
13878,r4i1p1f1,1987,12,31,0.0,9.74844,-0.73647416,1987
13879,r4i1p1f1,1988,01,01,0.0,11.3789,0.5353296,1988
13880,r4i1p1f1,1988,01,02,0.0,11.008904,-0.014668252,1988
13881,r4i1p1f1,1988,01,03,0.0,11.133987,0.8227513,1988
13882,r4i1p1f1,1988,01,04,0.0,11.227945,0.1653933,1988
13883,r4i1p1f1,1988,01,05,0.0,9.805566,-1.3433373,1988
13884,r4i1p1f1,1988,01,06,0.0,10.04874,-0.8791433,1988
13885,r4i1p1f1,1988,01,07,0.0,12.182941,0.17871444,1988
13886,r4i1p1f1,1988,01,08,0.0,11.47129,1.5132204,1988
13887,r4i1p1f1,1988,01,09,0.0,12.8111,-0.036845684,1988
13888,r4i1p1f1,1988,01,10,0.051796986940644274,9.410051,2.638283,1988
13889,r4i1p1f1,1988,01,11,37.31567552463275,9.14401,3.359548,1988
13890,r4i1p1f1,1988,01,12,8.946062574023017,8.695324,0.088794604,1988
13891,r4i1p1f1,1988,01,13,0.32159337025063905,6.794312,-3.3146927,1988
13892,r4i1p1f1,1988,01,14,0.0015918482063170813,8.227099,-1.5886216,1988
13893,r4i1p1f1,1988,01,15,22.68449936145771,7.2901273,-0.16657406,1988
13894,r4i1p1f1,1988,01,16,0.6157337597528567,8.516857,-0.6521323,1988
13895,r4i1p1f1,1988,01,17,5.549667498405597,6.490318,-0.1486072,1988
13896,r4i1p1f1,1988,01,18,28.377740722498856,8.024345,2.8078566,1988
13897,r4i1p1f1,1988,01,19,32.52358931131312,10.815633,3.0030496,1988
13898,r4i1p1f1,1988,01,20,75.66252987307962,11.977792,3.2673135,1988
13899,r4i1p1f1,1988,01,21,81.15304067905527,13.15399,4.1125393,1988
13900,r4i1p1f1,1988,01,22,28.51679919970138,13.620316,1.297091,1988
13901,r4i1p1f1,1988,01,23,3.3044015505382163,6.428444,-0.43173844,1988
13902,r4i1p1f1,1988,01,24,21.944000938310637,6.157591,0.05933359,1988
13903,r4i1p1f1,1988,01,25,16.84352406864491,3.4454083,-0.6673722,1988
13904,r4i1p1f1,1988,01,26,0.03402738038857933,5.595592,-4.432322,1988
13905,r4i1p1f1,1988,01,27,9.977581469547658,6.172777,-4.0195475,1988
13906,r4i1p1f1,1988,01,28,44.95595878106542,8.231558,3.2502701,1988
13907,r4i1p1f1,1988,01,29,34.824496097280644,9.068994,2.388534,1988
13908,r4i1p1f1,1988,01,30,1.3397323169954234,8.995945,-3.251697,1988
13909,r4i1p1f1,1988,01,31,1.485424059194429,4.220709,-5.1760387,1988
13910,r4i1p1f1,1988,02,01,2.1001549478171455,6.2531223,-5.122015,1988
13911,r4i1p1f1,1988,02,02,11.84694264115933,4.845907,-4.7117176,1988
13912,r4i1p1f1,1988,02,03,13.515609687942742,8.493155,-3.4554305,1988
13913,r4i1p1f1,1988,02,04,0.0,10.618549,-2.7633076,1988
13914,r4i1p1f1,1988,02,05,3.403740484429818,7.0655193,0.5925537,1988
13915,r4i1p1f1,1988,02,06,2.7985976133464874,8.331884,-4.5362782,1988
13916,r4i1p1f1,1988,02,07,0.0,5.6147313,-8.398682,1988
13917,r4i1p1f1,1988,02,08,0.0,5.109392,-10.366994,1988
13918,r4i1p1f1,1988,02,09,0.0,6.3518705,-9.07411,1988
13919,r4i1p1f1,1988,02,10,0.009509582650935045,8.592033,-6.2464232,1988
13920,r4i1p1f1,1988,02,11,0.009689384935995804,8.411524,-4.156624,1988
13921,r4i1p1f1,1988,02,12,0.0,9.78567,-4.0248504,1988
13922,r4i1p1f1,1988,02,13,0.0,11.149634,-2.7536044,1988
13923,r4i1p1f1,1988,02,14,0.0,10.774713,-1.8458036,1988
13924,r4i1p1f1,1988,02,15,0.0,11.684816,-1.0691518,1988
13925,r4i1p1f1,1988,02,16,1.948653729078842,6.3598065,0.13149792,1988
13926,r4i1p1f1,1988,02,17,13.335291406838223,7.760424,1.300962,1988
13927,r4i1p1f1,1988,02,18,0.0,10.553045,-0.6283772,1988
13928,r4i1p1f1,1988,02,19,1.394071721374246,9.493182,1.12665,1988
13929,r4i1p1f1,1988,02,20,23.35004989945446,6.997685,1.4199684,1988
13930,r4i1p1f1,1988,02,21,0.2927994181959548,7.22217,-0.6150632,1988
13931,r4i1p1f1,1988,02,22,0.0,8.142555,2.0694067,1988
13932,r4i1p1f1,1988,02,23,0.0,12.797182,2.4003792,1988
13933,r4i1p1f1,1988,02,24,2.8659678669100686,7.747973,0.51559097,1988
13934,r4i1p1f1,1988,02,25,0.012645625884033507,8.255509,3.1417172,1988
13935,r4i1p1f1,1988,02,26,2.7753121100715816,9.53041,-0.85140616,1988
13936,r4i1p1f1,1988,02,27,2.8361937447300534,10.669712,2.5246513,1988
13937,r4i1p1f1,1988,02,28,32.55891043736483,9.362218,2.7748218,1988
13938,r4i1p1f1,1988,02,29,11.362589277632651,10.146714,0.818526,1988
13939,r4i1p1f1,1988,03,01,31.425300685077673,8.506353,2.146368,1988
13940,r4i1p1f1,1988,03,02,28.511126572993817,9.179165,2.6756032,1988
13941,r4i1p1f1,1988,03,03,74.42714900826104,10.162849,0.053149328,1988
13942,r4i1p1f1,1988,03,04,10.269525952480762,7.296974,-1.6721469,1988
13943,r4i1p1f1,1988,03,05,0.0,11.208965,-4.3089223,1988
13944,r4i1p1f1,1988,03,06,0.0,11.281945,-0.36885437,1988
13945,r4i1p1f1,1988,03,07,0.0,10.1325865,-3.6657438,1988
13946,r4i1p1f1,1988,03,08,0.0,11.3432665,-1.904299,1988
13947,r4i1p1f1,1988,03,09,0.0,12.263941,-0.12175385,1988
13948,r4i1p1f1,1988,03,10,0.0,13.492681,-0.25623322,1988
13949,r4i1p1f1,1988,03,11,0.0,15.298475,1.7839487,1988
13950,r4i1p1f1,1988,03,12,1.6000909570465183,14.233793,1.9678388,1988
13951,r4i1p1f1,1988,03,13,0.0,10.634918,-1.9527612,1988
13952,r4i1p1f1,1988,03,14,0.0,10.133891,-2.5733297,1988
13953,r4i1p1f1,1988,03,15,0.0,15.453362,0.8898231,1988
13954,r4i1p1f1,1988,03,16,0.0,19.95055,3.1787004,1988
13955,r4i1p1f1,1988,03,17,0.0,22.988134,5.4177146,1988
13956,r4i1p1f1,1988,03,18,0.0,22.396183,5.2156124,1988
13957,r4i1p1f1,1988,03,19,0.0,22.670904,4.6836777,1988
13958,r4i1p1f1,1988,03,20,0.0,21.071005,5.4202914,1988
13959,r4i1p1f1,1988,03,21,0.0,19.85649,5.839335,1988
13960,r4i1p1f1,1988,03,22,2.3661836522990143,15.797087,3.954533,1988
13961,r4i1p1f1,1988,03,23,20.905967528597103,12.737322,1.6731763,1988
13962,r4i1p1f1,1988,03,24,1.9761849783890284,15.176586,3.1406107,1988
13963,r4i1p1f1,1988,03,25,0.0,18.636818,2.69507,1988
13964,r4i1p1f1,1988,03,26,0.0,17.27185,2.8704464,1988
13965,r4i1p1f1,1988,03,27,0.0,15.605137,2.4937408,1988
13966,r4i1p1f1,1988,03,28,0.0,14.820991,3.7010617,1988
13967,r4i1p1f1,1988,03,29,0.0,13.648273,0.5015606,1988
13968,r4i1p1f1,1988,03,30,0.0,16.478458,0.81429046,1988
13969,r4i1p1f1,1988,03,31,0.0,19.469067,3.9991603,1988
13970,r4i1p1f1,1988,04,01,9.883622924735391,14.609968,0.7234026,1988
13971,r4i1p1f1,1988,04,02,23.87022928778606,10.829132,1.3828634,1988
13972,r4i1p1f1,1988,04,03,1.241071176349351,9.464558,-1.4148495,1988
13973,r4i1p1f1,1988,04,04,0.06908056520842365,10.220327,1.1814122,1988
13974,r4i1p1f1,1988,04,05,0.0,12.396853,1.0064532,1988
13975,r4i1p1f1,1988,04,06,0.0,16.32732,0.7530963,1988
13976,r4i1p1f1,1988,04,07,0.0,19.500572,0.9894454,1988
13977,r4i1p1f1,1988,04,08,0.0,19.086311,4.551615,1988
13978,r4i1p1f1,1988,04,09,0.0,18.821632,6.4467273,1988
13979,r4i1p1f1,1988,04,10,0.0,20.97481,4.997674,1988
13980,r4i1p1f1,1988,04,11,0.0,20.4548,5.468653,1988
13981,r4i1p1f1,1988,04,12,48.9898254381842,13.440799,0.3556428,1988
13982,r4i1p1f1,1988,04,13,77.06171654281206,10.3017645,2.7300646,1988
13983,r4i1p1f1,1988,04,14,7.801987666022114,6.631307,-3.255825,1988
13984,r4i1p1f1,1988,04,15,0.5037652037344742,7.963194,-0.6689204,1988
13985,r4i1p1f1,1988,04,16,0.015535923284915043,13.9525385,1.5614866,1988
13986,r4i1p1f1,1988,04,17,0.0,15.468029,0.43905354,1988
13987,r4i1p1f1,1988,04,18,0.00015520141118940955,15.457009,3.8276508,1988
13988,r4i1p1f1,1988,04,19,0.5056265030816576,13.538642,0.43020928,1988
13989,r4i1p1f1,1988,04,20,6.259695173878299,7.787553,0.53067666,1988
13990,r4i1p1f1,1988,04,21,0.0,19.164,0.95315814,1988
13991,r4i1p1f1,1988,04,22,0.0,18.513872,4.641303,1988
13992,r4i1p1f1,1988,04,23,0.17787449173738423,17.80419,-0.5799345,1988
13993,r4i1p1f1,1988,04,24,4.327541875090901,15.305584,2.0815313,1988
13994,r4i1p1f1,1988,04,25,0.09525086074972933,15.079716,-0.051554043,1988
13995,r4i1p1f1,1988,04,26,1.1779595058101222,16.786707,1.6323098,1988
13996,r4i1p1f1,1988,04,27,0.0,20.498543,5.9932523,1988
13997,r4i1p1f1,1988,04,28,0.0,21.786505,6.574503,1988
13998,r4i1p1f1,1988,04,29,0.0,22.979885,6.467821,1988
13999,r4i1p1f1,1988,04,30,0.0,24.257696,8.429251,1988
14000,r4i1p1f1,1988,05,01,0.0,26.33384,9.794098,1988
14001,r4i1p1f1,1988,05,02,0.0,26.634422,10.122471,1988
14002,r4i1p1f1,1988,05,03,0.0,26.211094,9.99094,1988
14003,r4i1p1f1,1988,05,04,0.0,25.604849,9.059913,1988
14004,r4i1p1f1,1988,05,05,0.0,21.514555,5.119801,1988
14005,r4i1p1f1,1988,05,06,0.0,19.93405,3.905631,1988
14006,r4i1p1f1,1988,05,07,0.0,16.085207,0.1367819,1988
14007,r4i1p1f1,1988,05,08,0.0,19.936226,2.6747508,1988
14008,r4i1p1f1,1988,05,09,0.0,24.944202,7.458614,1988
14009,r4i1p1f1,1988,05,10,0.008217177492042538,23.943108,7.328982,1988
14010,r4i1p1f1,1988,05,11,1.1568556032955257,18.95171,2.1007614,1988
14011,r4i1p1f1,1988,05,12,0.7783433295685427,19.646633,2.4359436,1988
14012,r4i1p1f1,1988,05,13,0.24594995161351108,22.77735,6.1645656,1988
14013,r4i1p1f1,1988,05,14,0.0,24.591318,7.8673344,1988
14014,r4i1p1f1,1988,05,15,0.0,25.640835,9.683482,1988
14015,r4i1p1f1,1988,05,16,0.012200010132801253,26.554008,9.6460085,1988
14016,r4i1p1f1,1988,05,17,0.0017957393297685087,27.51768,10.421818,1988
14017,r4i1p1f1,1988,05,18,0.26619583404965397,24.917114,8.402724,1988
14018,r4i1p1f1,1988,05,19,8.802471025489922,17.263355,5.110674,1988
14019,r4i1p1f1,1988,05,20,7.3483219937998,15.955974,4.6044736,1988
14020,r4i1p1f1,1988,05,21,1.9001332799803095,17.40054,3.5045147,1988
14021,r4i1p1f1,1988,05,22,0.0,26.628128,8.636747,1988
14022,r4i1p1f1,1988,05,23,0.0,28.30233,10.890132,1988
14023,r4i1p1f1,1988,05,24,0.0,31.473494,14.366608,1988
14024,r4i1p1f1,1988,05,25,0.0,32.438263,14.97329,1988
14025,r4i1p1f1,1988,05,26,0.057621498987714403,30.311483,13.658154,1988
14026,r4i1p1f1,1988,05,27,10.280441444785993,15.245479,7.5150585,1988
14027,r4i1p1f1,1988,05,28,6.012539273933726,15.822678,8.536432,1988
14028,r4i1p1f1,1988,05,29,0.031325483450928004,18.181038,9.664414,1988
14029,r4i1p1f1,1988,05,30,0.0112471578631812,17.7956,8.002742,1988
14030,r4i1p1f1,1988,05,31,0.0,21.377022,4.7013674,1988
14031,r4i1p1f1,1988,06,01,0.0,24.042942,6.679117,1988
14032,r4i1p1f1,1988,06,02,0.0,25.921112,7.985178,1988
14033,r4i1p1f1,1988,06,03,0.0,26.275106,8.55663,1988
14034,r4i1p1f1,1988,06,04,0.0,25.389002,8.089752,1988
14035,r4i1p1f1,1988,06,05,0.18877140722679542,22.475147,6.2905664,1988
14036,r4i1p1f1,1988,06,06,2.672303423878475,16.785835,0.94807,1988
14037,r4i1p1f1,1988,06,07,0.0,20.159288,3.511991,1988
14038,r4i1p1f1,1988,06,08,0.0,21.984997,5.416908,1988
14039,r4i1p1f1,1988,06,09,1.2776834733472242,20.223421,5.399391,1988
14040,r4i1p1f1,1988,06,10,0.13480166553563322,18.144945,3.619485,1988
14041,r4i1p1f1,1988,06,11,0.1587269620358711,20.749325,5.649095,1988
14042,r4i1p1f1,1988,06,12,0.0,22.148207,5.291909,1988
14043,r4i1p1f1,1988,06,13,0.042317355678278545,20.418526,4.613663,1988
14044,r4i1p1f1,1988,06,14,0.14541939533501136,22.040113,6.7993236,1988
14045,r4i1p1f1,1988,06,15,0.0,26.961979,8.946739,1988
14046,r4i1p1f1,1988,06,16,0.0,29.270424,11.30066,1988
14047,r4i1p1f1,1988,06,17,0.0,31.94319,14.1091585,1988
14048,r4i1p1f1,1988,06,18,0.0,33.722363,16.502174,1988
14049,r4i1p1f1,1988,06,19,0.0,33.570164,15.114212,1988
14050,r4i1p1f1,1988,06,20,0.0,32.03203,13.072968,1988
14051,r4i1p1f1,1988,06,21,0.0,32.27589,13.0027275,1988
14052,r4i1p1f1,1988,06,22,0.0,32.606052,13.717121,1988
14053,r4i1p1f1,1988,06,23,0.0,31.520699,13.054493,1988
14054,r4i1p1f1,1988,06,24,0.0,28.207129,10.0295925,1988
14055,r4i1p1f1,1988,06,25,0.0,26.940107,8.661229,1988
14056,r4i1p1f1,1988,06,26,0.0,32.118004,13.316942,1988
14057,r4i1p1f1,1988,06,27,0.0,32.96846,13.545576,1988
14058,r4i1p1f1,1988,06,28,0.0,33.29362,14.462167,1988
14059,r4i1p1f1,1988,06,29,0.0,35.31143,16.220034,1988
14060,r4i1p1f1,1988,06,30,0.0,36.701614,17.596277,1988
14061,r4i1p1f1,1988,07,01,0.0,37.68257,17.025755,1988
14062,r4i1p1f1,1988,07,02,0.0,37.386635,16.607836,1988
14063,r4i1p1f1,1988,07,03,0.0,37.912724,17.30056,1988
14064,r4i1p1f1,1988,07,04,0.0,40.384964,19.19511,1988
14065,r4i1p1f1,1988,07,05,0.0,38.04241,18.133596,1988
14066,r4i1p1f1,1988,07,06,0.0,35.501255,15.2228565,1988
14067,r4i1p1f1,1988,07,07,0.0,31.64079,11.669857,1988
14068,r4i1p1f1,1988,07,08,0.0,27.453238,9.834593,1988
14069,r4i1p1f1,1988,07,09,0.0,30.08966,10.863922,1988
14070,r4i1p1f1,1988,07,10,0.0,32.258293,12.470794,1988
14071,r4i1p1f1,1988,07,11,0.0,32.118572,13.244581,1988
14072,r4i1p1f1,1988,07,12,0.0,30.784014,11.56851,1988
14073,r4i1p1f1,1988,07,13,0.0,31.16902,12.512373,1988
14074,r4i1p1f1,1988,07,14,0.0,31.744188,12.161573,1988
14075,r4i1p1f1,1988,07,15,0.0,31.658257,14.124126,1988
14076,r4i1p1f1,1988,07,16,0.0,31.693382,13.49715,1988
14077,r4i1p1f1,1988,07,17,0.0,32.31067,13.558781,1988
14078,r4i1p1f1,1988,07,18,0.0,31.920193,13.365797,1988
14079,r4i1p1f1,1988,07,19,0.0,30.884422,12.32767,1988
14080,r4i1p1f1,1988,07,20,0.0,32.08931,12.297796,1988
14081,r4i1p1f1,1988,07,21,0.0,31.911343,12.47253,1988
14082,r4i1p1f1,1988,07,22,0.0,31.290504,12.682989,1988
14083,r4i1p1f1,1988,07,23,0.0,29.685202,11.9841,1988
14084,r4i1p1f1,1988,07,24,0.0,29.583479,11.155521,1988
14085,r4i1p1f1,1988,07,25,0.0,31.626072,12.606625,1988
14086,r4i1p1f1,1988,07,26,0.0,31.309862,12.684457,1988
14087,r4i1p1f1,1988,07,27,0.0,30.16752,11.753547,1988
14088,r4i1p1f1,1988,07,28,0.0,31.522636,12.837554,1988
14089,r4i1p1f1,1988,07,29,0.0,32.570297,13.82521,1988
14090,r4i1p1f1,1988,07,30,0.0,32.473473,14.974899,1988
14091,r4i1p1f1,1988,07,31,0.0,31.070004,13.476015,1988
14092,r4i1p1f1,1988,08,01,0.0,28.90367,11.997305,1988
14093,r4i1p1f1,1988,08,02,0.0,29.751966,12.155201,1988
14094,r4i1p1f1,1988,08,03,0.0,31.19323,13.943775,1988
14095,r4i1p1f1,1988,08,04,0.0,31.401764,13.714598,1988
14096,r4i1p1f1,1988,08,05,0.0,28.51937,10.245556,1988
14097,r4i1p1f1,1988,08,06,0.0,22.861494,5.913834,1988
14098,r4i1p1f1,1988,08,07,0.0,26.769527,9.984872,1988
14099,r4i1p1f1,1988,08,08,0.0,30.397804,12.330704,1988
14100,r4i1p1f1,1988,08,09,0.0,30.812399,12.83203,1988
14101,r4i1p1f1,1988,08,10,0.0,30.467882,11.669566,1988
14102,r4i1p1f1,1988,08,11,0.0,28.703712,10.013228,1988
14103,r4i1p1f1,1988,08,12,0.0,25.850197,9.1134205,1988
14104,r4i1p1f1,1988,08,13,0.0,24.574923,7.2864413,1988
14105,r4i1p1f1,1988,08,14,0.0,26.169706,9.601273,1988
14106,r4i1p1f1,1988,08,15,0.0,29.071014,10.939936,1988
14107,r4i1p1f1,1988,08,16,0.0,29.569038,11.143556,1988
14108,r4i1p1f1,1988,08,17,0.0,29.221628,9.989178,1988
14109,r4i1p1f1,1988,08,18,0.0,28.407167,8.783425,1988
14110,r4i1p1f1,1988,08,19,0.0,26.89753,7.0482335,1988
14111,r4i1p1f1,1988,08,20,0.0,27.106693,8.218901,1988
14112,r4i1p1f1,1988,08,21,0.0,28.956652,10.107871,1988
14113,r4i1p1f1,1988,08,22,0.0,32.882504,12.25284,1988
14114,r4i1p1f1,1988,08,23,0.0,33.653107,14.526347,1988
14115,r4i1p1f1,1988,08,24,0.0,31.365492,13.410037,1988
14116,r4i1p1f1,1988,08,25,0.0,26.002415,8.821779,1988
14117,r4i1p1f1,1988,08,26,0.0,29.082048,10.178741,1988
14118,r4i1p1f1,1988,08,27,0.0,32.012165,11.526904,1988
14119,r4i1p1f1,1988,08,28,0.0,31.878197,10.899794,1988
14120,r4i1p1f1,1988,08,29,0.0,31.145918,9.412164,1988
14121,r4i1p1f1,1988,08,30,0.0,27.241997,7.8273096,1988
14122,r4i1p1f1,1988,08,31,0.0,26.811375,6.653429,1988
14123,r4i1p1f1,1988,09,01,0.0,28.333218,9.962937,1988
14124,r4i1p1f1,1988,09,02,0.0,33.242214,14.574879,1988
14125,r4i1p1f1,1988,09,03,0.0,33.717587,16.45095,1988
14126,r4i1p1f1,1988,09,04,0.0,32.44841,15.8575945,1988
14127,r4i1p1f1,1988,09,05,0.16470524451506208,30.916033,13.9859915,1988
14128,r4i1p1f1,1988,09,06,0.07240050405812326,23.627115,9.317806,1988
14129,r4i1p1f1,1988,09,07,0.0745154344713228,20.172606,7.4481864,1988
14130,r4i1p1f1,1988,09,08,0.0,23.886316,9.385074,1988
14131,r4i1p1f1,1988,09,09,0.0,25.431269,8.924604,1988
14132,r4i1p1f1,1988,09,10,0.0,28.856215,12.123873,1988
14133,r4i1p1f1,1988,09,11,0.0,27.9229,12.984081,1988
14134,r4i1p1f1,1988,09,12,0.0,25.98499,9.343802,1988
14135,r4i1p1f1,1988,09,13,0.0,22.692667,5.6776867,1988
14136,r4i1p1f1,1988,09,14,0.0,24.988419,7.141681,1988
14137,r4i1p1f1,1988,09,15,0.320052396681092,24.097868,6.643844,1988
14138,r4i1p1f1,1988,09,16,11.576591430548433,12.647503,-1.0567278,1988
14139,r4i1p1f1,1988,09,17,4.657564737181019,9.308394,-1.9290183,1988
14140,r4i1p1f1,1988,09,18,2.328579753748272,20.506279,5.452408,1988
14141,r4i1p1f1,1988,09,19,0.0,25.337471,10.085164,1988
14142,r4i1p1f1,1988,09,20,0.0,25.328753,10.699478,1988
14143,r4i1p1f1,1988,09,21,0.0,24.6688,9.716725,1988
14144,r4i1p1f1,1988,09,22,0.0,25.710266,10.120579,1988
14145,r4i1p1f1,1988,09,23,0.0,26.780952,9.694954,1988
14146,r4i1p1f1,1988,09,24,0.0,29.712715,12.518007,1988
14147,r4i1p1f1,1988,09,25,0.0,30.075096,12.356575,1988
14148,r4i1p1f1,1988,09,26,0.0,30.142714,12.150695,1988
14149,r4i1p1f1,1988,09,27,0.0,28.370512,10.4007435,1988
14150,r4i1p1f1,1988,09,28,0.0,27.19989,10.204546,1988
14151,r4i1p1f1,1988,09,29,0.0,27.720825,8.383667,1988
14152,r4i1p1f1,1988,09,30,0.0,26.459332,9.231896,1988
14153,r4i1p1f1,1988,10,01,0.0,25.093637,8.147116,1988
14154,r4i1p1f1,1988,10,02,1.146993112678274,21.095146,4.39076,1988
14155,r4i1p1f1,1988,10,03,4.59342716754918,14.263494,3.4520202,1988
14156,r4i1p1f1,1988,10,04,12.348476491615656,13.49287,2.3482893,1988
14157,r4i1p1f1,1988,10,05,0.0002454571927046345,20.481361,7.746973,1988
14158,r4i1p1f1,1988,10,06,0.0,20.472595,6.66221,1988
14159,r4i1p1f1,1988,10,07,0.0,20.267195,5.6984997,1988
14160,r4i1p1f1,1988,10,08,0.11747839839699736,15.685854,2.75211,1988
14161,r4i1p1f1,1988,10,09,0.0,18.500776,0.81783473,1988
14162,r4i1p1f1,1988,10,10,0.0,22.876646,2.9828756,1988
14163,r4i1p1f1,1988,10,11,0.0,26.188995,6.8049674,1988
14164,r4i1p1f1,1988,10,12,0.0,25.366905,9.377056,1988
14165,r4i1p1f1,1988,10,13,0.0,25.628445,8.853246,1988
14166,r4i1p1f1,1988,10,14,0.0,24.075674,6.8042927,1988
14167,r4i1p1f1,1988,10,15,0.0,23.194756,7.86123,1988
14168,r4i1p1f1,1988,10,16,0.0,20.30927,7.340019,1988
14169,r4i1p1f1,1988,10,17,0.0,21.78297,7.477952,1988
14170,r4i1p1f1,1988,10,18,0.0,22.357727,7.170277,1988
14171,r4i1p1f1,1988,10,19,0.0,21.825397,8.360147,1988
14172,r4i1p1f1,1988,10,20,0.0,24.044104,10.432401,1988
14173,r4i1p1f1,1988,10,21,0.0,28.121979,10.128527,1988
14174,r4i1p1f1,1988,10,22,0.0,27.851479,12.362683,1988
14175,r4i1p1f1,1988,10,23,0.0,26.463594,8.917741,1988
14176,r4i1p1f1,1988,10,24,0.0,25.88455,9.014362,1988
14177,r4i1p1f1,1988,10,25,0.7568527317744156,25.561249,11.781804,1988
14178,r4i1p1f1,1988,10,26,39.76901079640811,16.369822,7.1791763,1988
14179,r4i1p1f1,1988,10,27,29.74002951273178,13.779429,3.3579845,1988
14180,r4i1p1f1,1988,10,28,2.019725856820287,16.959972,5.348636,1988
14181,r4i1p1f1,1988,10,29,0.0,19.631432,5.8788953,1988
14182,r4i1p1f1,1988,10,30,0.0,19.042143,6.87381,1988
14183,r4i1p1f1,1988,10,31,0.26658642481578454,18.13923,6.4864798,1988
14184,r4i1p1f1,1988,11,01,1.0894830513507259,19.504389,8.997237,1988
14185,r4i1p1f1,1988,11,02,8.184161629674236,15.477546,7.35156,1988
14186,r4i1p1f1,1988,11,03,0.029104405405178113,14.680245,4.354551,1988
14187,r4i1p1f1,1988,11,04,8.098203068129806e-05,15.957167,4.5373535,1988
14188,r4i1p1f1,1988,11,05,0.0,18.677109,6.129672,1988
14189,r4i1p1f1,1988,11,06,0.0,18.915947,5.0214643,1988
14190,r4i1p1f1,1988,11,07,0.0,17.700384,4.7158556,1988
14191,r4i1p1f1,1988,11,08,24.797720963397296,15.654027,6.761006,1988
14192,r4i1p1f1,1988,11,09,0.04638154185840904,14.597301,4.3658066,1988
14193,r4i1p1f1,1988,11,10,0.0,15.394292,3.5355065,1988
14194,r4i1p1f1,1988,11,11,0.0,17.364922,4.937209,1988
14195,r4i1p1f1,1988,11,12,0.0,17.455605,5.8649726,1988
14196,r4i1p1f1,1988,11,13,0.0,19.463753,6.4131336,1988
14197,r4i1p1f1,1988,11,14,0.0,18.345465,5.2063823,1988
14198,r4i1p1f1,1988,11,15,0.0,18.289492,1.6355286,1988
14199,r4i1p1f1,1988,11,16,18.660441406882455,15.748847,3.7295477,1988
14200,r4i1p1f1,1988,11,17,37.24105482142477,5.6619997,-0.17208566,1988
14201,r4i1p1f1,1988,11,18,0.04316132458370703,6.030669,-0.5174632,1988
14202,r4i1p1f1,1988,11,19,1.401711532617611,6.413101,-0.033817396,1988
14203,r4i1p1f1,1988,11,20,2.5029490318388525,7.756429,-0.5587878,1988
14204,r4i1p1f1,1988,11,21,23.446098025851825,6.7067585,1.8483742,1988
14205,r4i1p1f1,1988,11,22,6.5324114182431,6.075108,-7.3895397,1988
14206,r4i1p1f1,1988,11,23,0.8443322156381328,2.8242483,-5.9965315,1988
14207,r4i1p1f1,1988,11,24,0.0,2.7666998,-11.376095,1988
14208,r4i1p1f1,1988,11,25,2.238691246972735,2.3410697,-8.527585,1988
14209,r4i1p1f1,1988,11,26,9.254192065327516,2.7304175,-3.8165588,1988
14210,r4i1p1f1,1988,11,27,2.0699237439430362,5.7979913,-1.5228171,1988
14211,r4i1p1f1,1988,11,28,8.432796684115829,5.8197455,0.29059416,1988
14212,r4i1p1f1,1988,11,29,0.13513727262761677,5.6679583,-12.349981,1988
14213,r4i1p1f1,1988,11,30,0.0,2.7993584,-13.662291,1988
14214,r4i1p1f1,1988,12,01,0.0,1.4595299,-11.924445,1988
14215,r4i1p1f1,1988,12,02,0.0,2.3526843,-9.195629,1988
14216,r4i1p1f1,1988,12,03,2.201770859159069,2.3016205,-8.113739,1988
14217,r4i1p1f1,1988,12,04,0.0,5.1549835,-6.582702,1988
14218,r4i1p1f1,1988,12,05,0.0,6.10881,-6.9629903,1988
14219,r4i1p1f1,1988,12,06,0.0,8.324904,-3.8356464,1988
14220,r4i1p1f1,1988,12,07,0.0,7.7429724,-4.2689667,1988
14221,r4i1p1f1,1988,12,08,0.0,7.111111,-3.389096,1988
14222,r4i1p1f1,1988,12,09,2.2937975586481585,4.2993674,-1.4268287,1988
14223,r4i1p1f1,1988,12,10,47.14908524765633,8.535807,2.7022336,1988
14224,r4i1p1f1,1988,12,11,1.9001392524913285,9.859432,-1.8162363,1988
14225,r4i1p1f1,1988,12,12,10.348349402238455,4.3922243,-2.1602871,1988
14226,r4i1p1f1,1988,12,13,0.0,7.460081,-4.874392,1988
14227,r4i1p1f1,1988,12,14,0.0,8.183518,-3.8467991,1988
14228,r4i1p1f1,1988,12,15,0.0,9.361343,-3.2727761,1988
14229,r4i1p1f1,1988,12,16,0.0,10.309841,-1.2313088,1988
14230,r4i1p1f1,1988,12,17,0.0,10.088911,-0.6254673,1988
14231,r4i1p1f1,1988,12,18,0.0,10.319341,-0.14924568,1988
14232,r4i1p1f1,1988,12,19,0.030683535192110867,7.211405,-3.092762,1988
14233,r4i1p1f1,1988,12,20,0.0,5.2307105,-5.707873,1988
14234,r4i1p1f1,1988,12,21,5.831620132897797,3.490772,-2.7913613,1988
14235,r4i1p1f1,1988,12,22,4.522184731240486,5.398295,-2.4530842,1988
14236,r4i1p1f1,1988,12,23,1.5350595023164715,4.415898,-6.3004665,1988
14237,r4i1p1f1,1988,12,24,0.0,6.066744,-4.208402,1988
14238,r4i1p1f1,1988,12,25,0.0,9.675159,-2.0713274,1988
14239,r4i1p1f1,1988,12,26,0.0,7.795072,-2.742335,1988
14240,r4i1p1f1,1988,12,27,0.0,8.330521,-2.5983763,1988
14241,r4i1p1f1,1988,12,28,0.0,8.663981,-1.722572,1988
14242,r4i1p1f1,1988,12,29,0.0,9.46442,-1.1550479,1988
14243,r4i1p1f1,1988,12,30,0.0,8.652934,-2.4493015,1988
14244,r4i1p1f1,1988,12,31,0.0,7.5197887,-3.4673421,1988
14245,r4i1p1f1,1989,01,01,0.0,7.7166553,-3.2541273,1989
14246,r4i1p1f1,1989,01,02,0.0,8.987246,-1.7541637,1989
14247,r4i1p1f1,1989,01,03,0.16871806865310646,7.0161457,-3.3071947,1989
14248,r4i1p1f1,1989,01,04,0.0,6.1205807,-5.2022524,1989
14249,r4i1p1f1,1989,01,05,0.002590510939626256,6.7426815,-2.263991,1989
14250,r4i1p1f1,1989,01,06,4.4403711785889755,2.9354486,-3.0332043,1989
14251,r4i1p1f1,1989,01,07,3.1197360464659596,7.4439316,1.1291333,1989
14252,r4i1p1f1,1989,01,08,15.991148996317861,8.512179,0.80746865,1989
14253,r4i1p1f1,1989,01,09,0.040399862825779564,8.267825,-2.8780506,1989
14254,r4i1p1f1,1989,01,10,1.876814501553703,2.3914266,-5.936201,1989
14255,r4i1p1f1,1989,01,11,0.0,9.083751,-2.902129,1989
14256,r4i1p1f1,1989,01,12,0.0,8.405125,-3.3981285,1989
14257,r4i1p1f1,1989,01,13,9.880672070539731,4.1778297,0.23655626,1989
14258,r4i1p1f1,1989,01,14,9.515362549018391,4.7159457,-4.124747,1989
14259,r4i1p1f1,1989,01,15,0.8422231353847565,6.013357,0.9326831,1989
14260,r4i1p1f1,1989,01,16,14.18336904030184,4.62786,-0.6811623,1989
14261,r4i1p1f1,1989,01,17,0.0,7.503156,-4.7551312,1989
14262,r4i1p1f1,1989,01,18,0.0,5.8002853,-5.8174987,1989
14263,r4i1p1f1,1989,01,19,2.7586803085569045,5.493967,-0.5577384,1989
14264,r4i1p1f1,1989,01,20,14.090461260434495,7.307017,0.20651361,1989
14265,r4i1p1f1,1989,01,21,1.3982263002162654,5.326712,-7.083918,1989
14266,r4i1p1f1,1989,01,22,0.0,6.646208,-6.520092,1989
14267,r4i1p1f1,1989,01,23,0.0,7.5052795,-3.8990452,1989
14268,r4i1p1f1,1989,01,24,2.179132685856189,8.002821,-1.7207826,1989
14269,r4i1p1f1,1989,01,25,2.9604349534452012,7.236631,0.8867976,1989
14270,r4i1p1f1,1989,01,26,1.2180613047007682,8.908926,2.821412,1989
14271,r4i1p1f1,1989,01,27,0.0,10.471052,-0.44224972,1989
14272,r4i1p1f1,1989,01,28,0.0,11.16379,0.025684834,1989
14273,r4i1p1f1,1989,01,29,0.0,12.81924,1.888656,1989
14274,r4i1p1f1,1989,01,30,0.0,13.543871,2.9513614,1989
14275,r4i1p1f1,1989,01,31,0.0,12.897945,1.5306209,1989
14276,r4i1p1f1,1989,02,01,0.0,14.23606,1.0656564,1989
14277,r4i1p1f1,1989,02,02,0.0,14.626994,1.5212171,1989
14278,r4i1p1f1,1989,02,03,0.0,14.624063,2.5809236,1989
14279,r4i1p1f1,1989,02,04,0.0,16.54971,2.2751532,1989
14280,r4i1p1f1,1989,02,05,0.0,16.89798,3.238591,1989
14281,r4i1p1f1,1989,02,06,0.0,15.5148535,3.1609662,1989
14282,r4i1p1f1,1989,02,07,0.0,14.943963,3.1520755,1989
14283,r4i1p1f1,1989,02,08,0.06288788445090177,14.12226,3.3698103,1989
14284,r4i1p1f1,1989,02,09,0.03465534537099302,12.826987,1.8262517,1989
14285,r4i1p1f1,1989,02,10,9.245780232049583,8.410689,3.7820766,1989
14286,r4i1p1f1,1989,02,11,0.6851345499361505,8.925598,-0.91774964,1989
14287,r4i1p1f1,1989,02,12,22.11306216486264,6.946338,2.6943743,1989
14288,r4i1p1f1,1989,02,13,0.0,11.130756,-0.63435197,1989
14289,r4i1p1f1,1989,02,14,0.0,13.184156,-0.15510787,1989
14290,r4i1p1f1,1989,02,15,0.0,13.962304,1.3263476,1989
14291,r4i1p1f1,1989,02,16,0.0,13.404858,0.5156127,1989
14292,r4i1p1f1,1989,02,17,0.0,14.350137,0.057191107,1989
14293,r4i1p1f1,1989,02,18,0.0,16.140902,1.8906051,1989
14294,r4i1p1f1,1989,02,19,0.0,17.412245,3.4313207,1989
14295,r4i1p1f1,1989,02,20,0.0,18.973642,3.9573736,1989
14296,r4i1p1f1,1989,02,21,0.0,18.593306,3.9709134,1989
14297,r4i1p1f1,1989,02,22,0.0,19.339811,3.7976942,1989
14298,r4i1p1f1,1989,02,23,0.0,20.591244,3.765485,1989
14299,r4i1p1f1,1989,02,24,0.0,20.5185,5.6247826,1989
14300,r4i1p1f1,1989,02,25,0.0,21.227793,5.663864,1989
14301,r4i1p1f1,1989,02,26,3.3644173162201696,18.50569,3.4228656,1989
14302,r4i1p1f1,1989,02,27,6.343377084124313,12.400157,6.0759106,1989
14303,r4i1p1f1,1989,02,28,0.04275927221897291,12.570403,4.6439247,1989
14304,r4i1p1f1,1989,03,01,5.973302017127935,12.884332,2.8756344,1989
14305,r4i1p1f1,1989,03,02,0.05313485897886494,9.789288,0.046320755,1989
14306,r4i1p1f1,1989,03,03,0.0,12.035962,-0.74026084,1989
14307,r4i1p1f1,1989,03,04,0.0,11.660068,-0.5164359,1989
14308,r4i1p1f1,1989,03,05,3.78951941605834,8.010433,2.4131327,1989
14309,r4i1p1f1,1989,03,06,19.95181922466145,7.8025546,2.025752,1989
14310,r4i1p1f1,1989,03,07,4.9038531230053195,11.846052,0.09694915,1989
14311,r4i1p1f1,1989,03,08,6.6051215409061115,7.6593456,2.7167978,1989
14312,r4i1p1f1,1989,03,09,1.424819267174371,8.268794,5.50918,1989
14313,r4i1p1f1,1989,03,10,0.42023648126132684,13.763008,3.5406985,1989
14314,r4i1p1f1,1989,03,11,0.0,17.599876,1.7202519,1989
14315,r4i1p1f1,1989,03,12,0.0,18.526407,2.9272165,1989
14316,r4i1p1f1,1989,03,13,0.0,19.226477,4.7169843,1989
14317,r4i1p1f1,1989,03,14,0.0,21.16587,6.5894413,1989
14318,r4i1p1f1,1989,03,15,0.0,20.875565,5.144322,1989
14319,r4i1p1f1,1989,03,16,0.0,20.796478,5.990513,1989
14320,r4i1p1f1,1989,03,17,0.0,20.140509,6.297482,1989
14321,r4i1p1f1,1989,03,18,0.0,15.820687,0.113221854,1989
14322,r4i1p1f1,1989,03,19,0.0,17.586205,1.1038837,1989
14323,r4i1p1f1,1989,03,20,0.0,17.136436,2.1028051,1989
14324,r4i1p1f1,1989,03,21,0.36355595113377603,15.635446,2.0540113,1989
14325,r4i1p1f1,1989,03,22,0.000689634427430974,14.569346,2.2101593,1989
14326,r4i1p1f1,1989,03,23,3.2002564135950706,10.404068,-2.7996845,1989
14327,r4i1p1f1,1989,03,24,0.2179455767944205,9.58064,0.092741646,1989
14328,r4i1p1f1,1989,03,25,0.0,15.438869,0.19708157,1989
14329,r4i1p1f1,1989,03,26,0.0,15.436007,0.76205975,1989
14330,r4i1p1f1,1989,03,27,14.122629664780106,10.869984,0.91486865,1989
14331,r4i1p1f1,1989,03,28,0.0,13.625731,0.776004,1989
14332,r4i1p1f1,1989,03,29,0.0,19.188314,1.4047148,1989
14333,r4i1p1f1,1989,03,30,0.0,19.757408,3.4213169,1989
14334,r4i1p1f1,1989,03,31,0.0,20.328115,5.088159,1989
14335,r4i1p1f1,1989,04,01,0.7858336422879475,13.921966,-0.5085111,1989
14336,r4i1p1f1,1989,04,02,0.0,16.420519,-1.2613254,1989
14337,r4i1p1f1,1989,04,03,0.0,16.374285,-0.15214603,1989
14338,r4i1p1f1,1989,04,04,0.0,14.342501,-0.8181672,1989
14339,r4i1p1f1,1989,04,05,0.0,14.984238,-0.50023484,1989
14340,r4i1p1f1,1989,04,06,0.0,16.6841,1.0407767,1989
14341,r4i1p1f1,1989,04,07,0.48582784804409584,15.662184,1.6042815,1989
14342,r4i1p1f1,1989,04,08,0.0,11.61584,-3.3766701,1989
14343,r4i1p1f1,1989,04,09,0.0,14.837825,-0.99081355,1989
14344,r4i1p1f1,1989,04,10,1.1170353711747794,12.685514,1.402416,1989
14345,r4i1p1f1,1989,04,11,0.0,11.404234,3.493339,1989
14346,r4i1p1f1,1989,04,12,32.340309779465315,9.155349,1.3149428,1989
14347,r4i1p1f1,1989,04,13,36.756443775084335,9.520932,1.949365,1989
14348,r4i1p1f1,1989,04,14,19.41101566371799,10.205502,2.8605683,1989
14349,r4i1p1f1,1989,04,15,0.0,16.111315,2.5242624,1989
14350,r4i1p1f1,1989,04,16,0.0,17.57787,3.0584369,1989
14351,r4i1p1f1,1989,04,17,21.026470172364498,12.623974,5.1749434,1989
14352,r4i1p1f1,1989,04,18,5.321776682913537,11.729076,-1.7344286,1989
14353,r4i1p1f1,1989,04,19,0.0,11.790795,4.2544665,1989
14354,r4i1p1f1,1989,04,20,2.31172728519482,7.622381,-2.3778038,1989
14355,r4i1p1f1,1989,04,21,0.0,15.033648,0.73227626,1989
14356,r4i1p1f1,1989,04,22,11.16039476601145,9.896415,1.1601253,1989
14357,r4i1p1f1,1989,04,23,0.0,17.754995,1.9284941,1989
14358,r4i1p1f1,1989,04,24,0.0,21.977768,4.515204,1989
14359,r4i1p1f1,1989,04,25,0.0,24.026787,7.4435325,1989
14360,r4i1p1f1,1989,04,26,0.0,26.52264,8.345699,1989
14361,r4i1p1f1,1989,04,27,0.1455374880151794,23.414408,5.1588106,1989
14362,r4i1p1f1,1989,04,28,0.0,23.532331,10.591209,1989
14363,r4i1p1f1,1989,04,29,0.0,21.562513,6.4084444,1989
14364,r4i1p1f1,1989,04,30,0.0,20.876627,7.0641766,1989
14365,r4i1p1f1,1989,05,01,7.360339750982803,16.19616,0.54954815,1989
14366,r4i1p1f1,1989,05,02,1.4416058198406745,16.942623,1.6437844,1989
14367,r4i1p1f1,1989,05,03,0.0648277181994672,19.535719,7.522761,1989
14368,r4i1p1f1,1989,05,04,3.564645533305111,17.068047,3.4057703,1989
14369,r4i1p1f1,1989,05,05,3.584938121275627,18.059517,5.300638,1989
14370,r4i1p1f1,1989,05,06,0.2995041608301108,15.452064,5.423766,1989
14371,r4i1p1f1,1989,05,07,4.400104875298894,12.717317,1.558799,1989
14372,r4i1p1f1,1989,05,08,5.685596106013691,13.3212595,0.80957234,1989
14373,r4i1p1f1,1989,05,09,0.12278005597181618,11.71426,1.9122903,1989
14374,r4i1p1f1,1989,05,10,0.0,20.35594,2.7831502,1989
14375,r4i1p1f1,1989,05,11,0.0,22.166344,5.5069256,1989
14376,r4i1p1f1,1989,05,12,0.0,24.07942,6.945692,1989
14377,r4i1p1f1,1989,05,13,0.0,24.784786,8.53167,1989
14378,r4i1p1f1,1989,05,14,0.0,21.830545,5.647782,1989
14379,r4i1p1f1,1989,05,15,0.0,23.023262,6.504091,1989
14380,r4i1p1f1,1989,05,16,0.0,24.782724,7.6919794,1989
14381,r4i1p1f1,1989,05,17,0.0,26.319227,9.291473,1989
14382,r4i1p1f1,1989,05,18,0.6511560365424884,20.26426,6.7129936,1989
14383,r4i1p1f1,1989,05,19,2.9492785913134867,14.536943,3.9619877,1989
14384,r4i1p1f1,1989,05,20,0.21905281812450994,16.102922,2.149176,1989
14385,r4i1p1f1,1989,05,21,4.586254945991186,15.595834,0.65941405,1989
14386,r4i1p1f1,1989,05,22,27.505253445269773,11.3698845,1.7292614,1989
14387,r4i1p1f1,1989,05,23,1.4852267699779986,16.286673,2.4510546,1989
14388,r4i1p1f1,1989,05,24,0.40384944235256626,16.626286,6.7186866,1989
14389,r4i1p1f1,1989,05,25,0.8576019859447115,18.59395,3.4634602,1989
14390,r4i1p1f1,1989,05,26,0.0,23.207403,6.7529364,1989
14391,r4i1p1f1,1989,05,27,0.0,24.467426,8.384289,1989
14392,r4i1p1f1,1989,05,28,0.0,24.092918,8.049924,1989
14393,r4i1p1f1,1989,05,29,0.0,22.901417,6.683502,1989
14394,r4i1p1f1,1989,05,30,0.0,18.031416,5.6922283,1989
14395,r4i1p1f1,1989,05,31,0.0,21.877224,5.508047,1989
14396,r4i1p1f1,1989,06,01,0.0220905150854378,20.361244,5.822582,1989
14397,r4i1p1f1,1989,06,02,0.0,20.586752,5.7885523,1989
14398,r4i1p1f1,1989,06,03,0.0,19.802029,3.4045405,1989
14399,r4i1p1f1,1989,06,04,0.0,24.154554,5.8452525,1989
14400,r4i1p1f1,1989,06,05,0.3074075107235785,23.869072,5.804769,1989
14401,r4i1p1f1,1989,06,06,0.00399777845814242,26.871128,7.784975,1989
14402,r4i1p1f1,1989,06,07,0.21371831089709303,27.168007,9.218915,1989
14403,r4i1p1f1,1989,06,08,0.00534188170604466,29.41962,10.187874,1989
14404,r4i1p1f1,1989,06,09,0.031902764487767854,28.208971,11.17119,1989
14405,r4i1p1f1,1989,06,10,0.5968172213670186,30.302542,12.436216,1989
14406,r4i1p1f1,1989,06,11,0.0069851136800025415,29.224539,11.613076,1989
14407,r4i1p1f1,1989,06,12,0.030630035408307776,29.927334,12.898137,1989
14408,r4i1p1f1,1989,06,13,0.0,29.703789,12.495793,1989
14409,r4i1p1f1,1989,06,14,0.0,29.126228,12.060987,1989
14410,r4i1p1f1,1989,06,15,0.33603024821786676,29.477034,12.4641285,1989
14411,r4i1p1f1,1989,06,16,0.006724971342464414,30.863594,12.554019,1989
14412,r4i1p1f1,1989,06,17,0.0,29.695883,13.459309,1989
14413,r4i1p1f1,1989,06,18,0.0,28.180906,10.782122,1989
14414,r4i1p1f1,1989,06,19,0.0,29.514566,11.554231,1989
14415,r4i1p1f1,1989,06,20,0.0,32.5416,13.194954,1989
14416,r4i1p1f1,1989,06,21,0.0,31.955086,14.450939,1989
14417,r4i1p1f1,1989,06,22,0.402427427479779,32.05687,14.248871,1989
14418,r4i1p1f1,1989,06,23,0.013120809671818279,27.563784,10.559409,1989
14419,r4i1p1f1,1989,06,24,0.0,28.184492,10.794298,1989
14420,r4i1p1f1,1989,06,25,0.0,28.39547,11.040221,1989
14421,r4i1p1f1,1989,06,26,0.003711114914040081,27.873161,11.921008,1989
14422,r4i1p1f1,1989,06,27,0.05279465585772414,26.249605,9.108898,1989
14423,r4i1p1f1,1989,06,28,0.0,25.059593,9.199066,1989
14424,r4i1p1f1,1989,06,29,0.0,24.017124,8.891002,1989
14425,r4i1p1f1,1989,06,30,0.0,23.367165,10.6634,1989
14426,r4i1p1f1,1989,07,01,0.0,25.242851,10.88598,1989
14427,r4i1p1f1,1989,07,02,0.7062276881697471,24.854185,8.681542,1989
14428,r4i1p1f1,1989,07,03,0.0,23.41282,7.1805387,1989
14429,r4i1p1f1,1989,07,04,0.012010634782200214,27.025074,9.445551,1989
14430,r4i1p1f1,1989,07,05,0.009474795842834283,30.538239,12.052114,1989
14431,r4i1p1f1,1989,07,06,0.0,32.660183,16.725677,1989
14432,r4i1p1f1,1989,07,07,0.007612005038026837,32.277412,15.394006,1989
14433,r4i1p1f1,1989,07,08,0.00486944591102656,30.95654,14.513502,1989
14434,r4i1p1f1,1989,07,09,0.0,30.297852,12.313461,1989
14435,r4i1p1f1,1989,07,10,0.0,31.172228,12.214377,1989
14436,r4i1p1f1,1989,07,11,0.0,30.734379,11.747725,1989
14437,r4i1p1f1,1989,07,12,0.0,30.166239,11.0943165,1989
14438,r4i1p1f1,1989,07,13,0.0,29.402327,12.640598,1989
14439,r4i1p1f1,1989,07,14,0.0,26.863632,10.166108,1989
14440,r4i1p1f1,1989,07,15,0.0,28.508493,10.290844,1989
14441,r4i1p1f1,1989,07,16,0.0,32.875957,12.876005,1989
14442,r4i1p1f1,1989,07,17,0.0,33.325394,14.430993,1989
14443,r4i1p1f1,1989,07,18,0.0,33.73888,15.581188,1989
14444,r4i1p1f1,1989,07,19,0.0,31.89484,14.711328,1989
14445,r4i1p1f1,1989,07,20,0.0,28.413761,11.04184,1989
14446,r4i1p1f1,1989,07,21,0.0,27.286833,9.051626,1989
14447,r4i1p1f1,1989,07,22,0.0,30.593262,11.560786,1989
14448,r4i1p1f1,1989,07,23,0.0,30.948385,12.583421,1989
14449,r4i1p1f1,1989,07,24,0.0,32.17276,14.049652,1989
14450,r4i1p1f1,1989,07,25,0.0,31.820244,14.8251,1989
14451,r4i1p1f1,1989,07,26,0.0,32.164127,14.306322,1989
14452,r4i1p1f1,1989,07,27,0.0,31.889977,13.361368,1989
14453,r4i1p1f1,1989,07,28,0.0,32.84171,13.679695,1989
14454,r4i1p1f1,1989,07,29,0.0,34.157516,14.911865,1989
14455,r4i1p1f1,1989,07,30,0.0,34.937477,15.55149,1989
14456,r4i1p1f1,1989,07,31,0.0,33.265064,14.076985,1989
14457,r4i1p1f1,1989,08,01,0.0,31.29385,12.727698,1989
14458,r4i1p1f1,1989,08,02,0.0,33.264988,13.920092,1989
14459,r4i1p1f1,1989,08,03,0.0,34.486343,15.770252,1989
14460,r4i1p1f1,1989,08,04,0.0,35.392673,16.216642,1989
14461,r4i1p1f1,1989,08,05,0.0,35.892643,16.249878,1989
14462,r4i1p1f1,1989,08,06,0.0,35.16828,16.234556,1989
14463,r4i1p1f1,1989,08,07,0.0,32.840843,13.694626,1989
14464,r4i1p1f1,1989,08,08,0.0,31.057146,12.644089,1989
14465,r4i1p1f1,1989,08,09,0.0,32.583317,13.74891,1989
14466,r4i1p1f1,1989,08,10,0.0,34.372406,15.554709,1989
14467,r4i1p1f1,1989,08,11,0.0,36.7693,16.831305,1989
14468,r4i1p1f1,1989,08,12,0.0,37.414772,17.845055,1989
14469,r4i1p1f1,1989,08,13,0.0,36.94008,18.71178,1989
14470,r4i1p1f1,1989,08,14,0.0,36.443943,18.5727,1989
14471,r4i1p1f1,1989,08,15,0.0,35.935024,17.780432,1989
14472,r4i1p1f1,1989,08,16,0.0,34.89623,16.984802,1989
14473,r4i1p1f1,1989,08,17,0.0,32.64616,13.836705,1989
14474,r4i1p1f1,1989,08,18,0.0,29.260311,12.145275,1989
14475,r4i1p1f1,1989,08,19,0.0,29.725014,12.112708,1989
14476,r4i1p1f1,1989,08,20,0.0,32.343216,14.158419,1989
14477,r4i1p1f1,1989,08,21,0.0,33.557102,15.049944,1989
14478,r4i1p1f1,1989,08,22,0.0,34.762077,15.596157,1989
14479,r4i1p1f1,1989,08,23,0.0,34.406784,15.143611,1989
14480,r4i1p1f1,1989,08,24,0.0,33.694714,14.54562,1989
14481,r4i1p1f1,1989,08,25,0.0,32.122288,11.258118,1989
14482,r4i1p1f1,1989,08,26,0.0,34.531048,13.633012,1989
14483,r4i1p1f1,1989,08,27,0.0,37.90564,17.120167,1989
14484,r4i1p1f1,1989,08,28,0.0,37.668488,18.363394,1989
14485,r4i1p1f1,1989,08,29,0.0,37.263695,16.914223,1989
14486,r4i1p1f1,1989,08,30,0.0,36.926697,17.836237,1989
14487,r4i1p1f1,1989,08,31,0.0,35.63351,15.908642,1989
14488,r4i1p1f1,1989,09,01,0.0,34.644016,15.97956,1989
14489,r4i1p1f1,1989,09,02,0.0,33.60305,13.343199,1989
14490,r4i1p1f1,1989,09,03,0.0,30.468546,10.849391,1989
14491,r4i1p1f1,1989,09,04,0.0,29.263811,11.019309,1989
14492,r4i1p1f1,1989,09,05,0.0,31.427568,13.299471,1989
14493,r4i1p1f1,1989,09,06,0.0,32.13612,13.921398,1989
14494,r4i1p1f1,1989,09,07,0.0,33.105297,14.104263,1989
14495,r4i1p1f1,1989,09,08,0.0,32.695568,14.41803,1989
14496,r4i1p1f1,1989,09,09,0.0,31.06838,12.514234,1989
14497,r4i1p1f1,1989,09,10,0.0,28.884989,9.607215,1989
14498,r4i1p1f1,1989,09,11,0.0,28.340233,9.91876,1989
14499,r4i1p1f1,1989,09,12,0.0,28.124271,10.989327,1989
14500,r4i1p1f1,1989,09,13,0.0,27.212929,10.957519,1989
14501,r4i1p1f1,1989,09,14,0.0,27.059578,10.446182,1989
14502,r4i1p1f1,1989,09,15,0.0,25.94601,9.840089,1989
14503,r4i1p1f1,1989,09,16,0.0,22.67447,4.091031,1989
14504,r4i1p1f1,1989,09,17,0.0,23.31105,7.662084,1989
14505,r4i1p1f1,1989,09,18,0.0,21.76855,6.937126,1989
14506,r4i1p1f1,1989,09,19,0.0,22.131832,6.754595,1989
14507,r4i1p1f1,1989,09,20,0.0,20.143488,4.955667,1989
14508,r4i1p1f1,1989,09,21,0.0,18.477459,3.7058496,1989
14509,r4i1p1f1,1989,09,22,0.0,21.602108,2.5380592,1989
14510,r4i1p1f1,1989,09,23,0.2251636039773075,22.72396,6.9333596,1989
14511,r4i1p1f1,1989,09,24,0.5155370110287549,16.308573,5.762329,1989
14512,r4i1p1f1,1989,09,25,0.0,23.652779,9.315927,1989
14513,r4i1p1f1,1989,09,26,0.0,26.71501,8.807775,1989
14514,r4i1p1f1,1989,09,27,0.0,28.364716,12.012959,1989
14515,r4i1p1f1,1989,09,28,0.0,28.405884,11.870615,1989
14516,r4i1p1f1,1989,09,29,0.0,27.615715,9.766359,1989
14517,r4i1p1f1,1989,09,30,0.0,25.142784,8.371841,1989
14518,r4i1p1f1,1989,10,01,0.0,25.237373,6.898718,1989
14519,r4i1p1f1,1989,10,02,0.0,21.946608,4.373819,1989
14520,r4i1p1f1,1989,10,03,0.0,22.093693,3.9187257,1989
14521,r4i1p1f1,1989,10,04,0.0,24.913586,6.713095,1989
14522,r4i1p1f1,1989,10,05,0.0,24.589104,7.6210456,1989
14523,r4i1p1f1,1989,10,06,0.7329373235393177,21.904284,6.090222,1989
14524,r4i1p1f1,1989,10,07,0.01138823522524035,18.062443,6.6977053,1989
14525,r4i1p1f1,1989,10,08,1.3155032504300834,18.022034,6.2450376,1989
14526,r4i1p1f1,1989,10,09,0.5690436497687301,19.118217,6.951576,1989
14527,r4i1p1f1,1989,10,10,0.0,18.687588,5.077114,1989
14528,r4i1p1f1,1989,10,11,0.0007310221462830668,15.624797,1.1679006,1989
14529,r4i1p1f1,1989,10,12,0.0,12.168396,-0.42031574,1989
14530,r4i1p1f1,1989,10,13,0.8783780836893129,11.762507,0.7648472,1989
14531,r4i1p1f1,1989,10,14,29.66843592942041,10.150636,0.65797645,1989
14532,r4i1p1f1,1989,10,15,0.8383943865222676,10.8616905,-0.4769082,1989
14533,r4i1p1f1,1989,10,16,0.0,13.903853,0.2349328,1989
14534,r4i1p1f1,1989,10,17,0.0,14.286755,2.2649548,1989
14535,r4i1p1f1,1989,10,18,0.01751349363985355,14.300256,5.0264344,1989
14536,r4i1p1f1,1989,10,19,3.463330511431195,15.132771,4.667856,1989
14537,r4i1p1f1,1989,10,20,0.25881756737362593,16.825993,2.6690452,1989
14538,r4i1p1f1,1989,10,21,0.0,18.975206,6.2686763,1989
14539,r4i1p1f1,1989,10,22,0.0,19.593494,6.6272054,1989
14540,r4i1p1f1,1989,10,23,0.0,20.919378,7.8651175,1989
14541,r4i1p1f1,1989,10,24,0.0,21.304358,8.209721,1989
14542,r4i1p1f1,1989,10,25,2.3183719694088722,15.7841625,5.3705845,1989
14543,r4i1p1f1,1989,10,26,0.0,20.260525,6.2847533,1989
14544,r4i1p1f1,1989,10,27,0.0,22.211094,6.9907236,1989
14545,r4i1p1f1,1989,10,28,0.0,22.494867,7.82145,1989
14546,r4i1p1f1,1989,10,29,0.0,23.680656,7.3961334,1989
14547,r4i1p1f1,1989,10,30,0.0,25.081694,7.8520365,1989
14548,r4i1p1f1,1989,10,31,0.0,25.582052,9.30479,1989
14549,r4i1p1f1,1989,11,01,0.0,22.888132,8.959963,1989
14550,r4i1p1f1,1989,11,02,0.0,20.214966,6.630866,1989
14551,r4i1p1f1,1989,11,03,0.0,16.866398,4.12741,1989
14552,r4i1p1f1,1989,11,04,0.0,17.591085,3.669289,1989
14553,r4i1p1f1,1989,11,05,0.0,19.217438,4.0941954,1989
14554,r4i1p1f1,1989,11,06,0.0,18.844181,5.0138526,1989
14555,r4i1p1f1,1989,11,07,0.0,17.802813,4.483606,1989
14556,r4i1p1f1,1989,11,08,0.0,17.221434,3.438882,1989
14557,r4i1p1f1,1989,11,09,0.0,16.09703,3.1577322,1989
14558,r4i1p1f1,1989,11,10,0.0,17.596567,1.563131,1989
14559,r4i1p1f1,1989,11,11,2.526177586108247,16.770657,5.3102207,1989
14560,r4i1p1f1,1989,11,12,0.0,15.135932,4.3242993,1989
14561,r4i1p1f1,1989,11,13,0.0,14.609821,3.9281464,1989
14562,r4i1p1f1,1989,11,14,14.797911105461026,9.691281,0.15595743,1989
14563,r4i1p1f1,1989,11,15,0.0,14.328378,1.6363589,1989
14564,r4i1p1f1,1989,11,16,0.0,13.361689,1.5274497,1989
14565,r4i1p1f1,1989,11,17,0.0,14.007829,-0.060673874,1989
14566,r4i1p1f1,1989,11,18,0.0177694577814691,14.472687,2.2111769,1989
14567,r4i1p1f1,1989,11,19,0.0,16.69766,2.5488925,1989
14568,r4i1p1f1,1989,11,20,0.0,17.203627,3.810136,1989
14569,r4i1p1f1,1989,11,21,0.0,16.486477,1.9304214,1989
14570,r4i1p1f1,1989,11,22,0.0,14.614802,2.4786565,1989
14571,r4i1p1f1,1989,11,23,0.0,13.882999,1.8134812,1989
14572,r4i1p1f1,1989,11,24,0.3693659490522805,13.219339,4.6772656,1989
14573,r4i1p1f1,1989,11,25,0.1046478767705139,10.150562,0.42790446,1989
14574,r4i1p1f1,1989,11,26,0.0,11.257579,-0.64858776,1989
14575,r4i1p1f1,1989,11,27,0.0,10.402776,-2.067235,1989
14576,r4i1p1f1,1989,11,28,0.17938199922582498,9.833498,-1.3724002,1989
14577,r4i1p1f1,1989,11,29,0.24173383241361535,10.22478,3.215283,1989
14578,r4i1p1f1,1989,11,30,0.0,9.23712,-3.3723147,1989
14579,r4i1p1f1,1989,12,01,0.0,4.7707715,-5.3995423,1989
14580,r4i1p1f1,1989,12,02,0.0,3.8123899,-5.159135,1989
14581,r4i1p1f1,1989,12,03,0.2216977060299996,5.043521,-3.9575322,1989
14582,r4i1p1f1,1989,12,04,6.977243382317511,5.516407,0.5136998,1989
14583,r4i1p1f1,1989,12,05,1.1861604074084653,6.675535,1.9340411,1989
14584,r4i1p1f1,1989,12,06,0.030612911177740898,7.207839,-3.2763596,1989
14585,r4i1p1f1,1989,12,07,0.0,7.623803,-2.9680955,1989
14586,r4i1p1f1,1989,12,08,0.00019234627757214184,11.864206,1.1929252,1989
14587,r4i1p1f1,1989,12,09,0.0,11.615902,0.98082924,1989
14588,r4i1p1f1,1989,12,10,0.0,11.8640785,0.12294441,1989
14589,r4i1p1f1,1989,12,11,0.186505375154411,9.544823,2.1002443,1989
14590,r4i1p1f1,1989,12,12,0.0,8.686072,1.2787209,1989
14591,r4i1p1f1,1989,12,13,0.0,9.661829,-1.0626675,1989
14592,r4i1p1f1,1989,12,14,0.0,9.510679,-2.0225477,1989
14593,r4i1p1f1,1989,12,15,0.0,8.907907,-3.0197656,1989
14594,r4i1p1f1,1989,12,16,0.0,7.543262,-3.9400966,1989
14595,r4i1p1f1,1989,12,17,0.0,8.941693,-2.5928864,1989
14596,r4i1p1f1,1989,12,18,0.0,5.4264507,-2.058381,1989
14597,r4i1p1f1,1989,12,19,2.1447474988235626,6.0743127,-4.7989607,1989
14598,r4i1p1f1,1989,12,20,18.9376857231764,7.392084,1.3129281,1989
14599,r4i1p1f1,1989,12,21,63.64649529859889,10.218905,-4.6404996,1989
14600,r4i1p1f1,1989,12,22,0.013209287828885863,1.5212837,-11.537737,1989
14601,r4i1p1f1,1989,12,23,3.700486948332582,1.8009753,-10.20503,1989
14602,r4i1p1f1,1989,12,24,0.0,2.7647562,-11.549176,1989
14603,r4i1p1f1,1989,12,25,2.7457632369930707,0.93632764,-10.2218685,1989
14604,r4i1p1f1,1989,12,26,3.622908423608351,2.8525162,-11.795208,1989
14605,r4i1p1f1,1989,12,27,52.62699343438726,7.1519938,-5.31173,1989
14606,r4i1p1f1,1989,12,28,0.18547692538959382,0.51925135,-11.064104,1989
14607,r4i1p1f1,1989,12,29,0.0,3.707489,-8.709172,1989
14608,r4i1p1f1,1989,12,30,1.4570625366218337,3.9338903,-4.94662,1989
14609,r4i1p1f1,1989,12,31,29.030685033649206,10.389797,-0.6281359,1989
14610,r4i1p1f1,1990,01,01,1.547230166852387,3.7887442,-8.520871,1990
14611,r4i1p1f1,1990,01,02,0.0,4.542354,-7.1269784,1990
14612,r4i1p1f1,1990,01,03,4.036588789093543,1.5927936,-7.874174,1990
14613,r4i1p1f1,1990,01,04,0.1471297248045289,5.5830665,-6.2735114,1990
14614,r4i1p1f1,1990,01,05,30.349334813217865,4.3399267,-5.928031,1990
14615,r4i1p1f1,1990,01,06,0.0,2.9836621,-11.121433,1990
14616,r4i1p1f1,1990,01,07,3.9688492098889583,4.4603124,-4.809333,1990
14617,r4i1p1f1,1990,01,08,7.332155496419546,7.8970957,1.0079427,1990
14618,r4i1p1f1,1990,01,09,4.115839077394412,8.775176,2.870769,1990
14619,r4i1p1f1,1990,01,10,0.0,10.62844,4.1693673,1990
14620,r4i1p1f1,1990,01,11,0.0,12.0788355,1.7250996,1990
14621,r4i1p1f1,1990,01,12,0.0,12.914746,0.44049242,1990
14622,r4i1p1f1,1990,01,13,0.0,13.643633,2.039113,1990
14623,r4i1p1f1,1990,01,14,0.0,13.063459,1.378582,1990
14624,r4i1p1f1,1990,01,15,0.0,10.921738,-0.4574459,1990
14625,r4i1p1f1,1990,01,16,0.2985363949733255,9.159391,-2.1902165,1990
14626,r4i1p1f1,1990,01,17,12.40259127716854,2.8079715,-9.272217,1990
14627,r4i1p1f1,1990,01,18,2.1053033052908177,2.0719855,-10.192781,1990
14628,r4i1p1f1,1990,01,19,0.0,6.074433,-5.2116594,1990
14629,r4i1p1f1,1990,01,20,8.761664238045341,4.60549,-5.73559,1990
14630,r4i1p1f1,1990,01,21,19.859569598884264,3.6154933,-1.3154716,1990
14631,r4i1p1f1,1990,01,22,9.443558981502065,6.5031757,-1.1408277,1990
14632,r4i1p1f1,1990,01,23,56.12737944466062,7.618803,1.6996744,1990
14633,r4i1p1f1,1990,01,24,36.784711363725364,9.401823,3.932147,1990
14634,r4i1p1f1,1990,01,25,2.0824442079344863,9.945596,3.907673,1990
14635,r4i1p1f1,1990,01,26,35.97788689221488,10.047501,5.064556,1990
14636,r4i1p1f1,1990,01,27,17.86737908764735,9.387096,4.342349,1990
14637,r4i1p1f1,1990,01,28,2.990459980117066,9.878677,3.5850444,1990
14638,r4i1p1f1,1990,01,29,0.0,12.572902,2.475482,1990
14639,r4i1p1f1,1990,01,30,0.0,12.262652,5.3475466,1990
14640,r4i1p1f1,1990,01,31,0.0,13.704791,1.5125684,1990
14641,r4i1p1f1,1990,02,01,0.0,11.988162,1.4133767,1990
14642,r4i1p1f1,1990,02,02,0.0,13.281324,3.0235677,1990
14643,r4i1p1f1,1990,02,03,0.0,14.630269,3.0688353,1990
14644,r4i1p1f1,1990,02,04,0.0,14.46483,5.195352,1990
14645,r4i1p1f1,1990,02,05,0.0,14.5654955,3.8333294,1990
14646,r4i1p1f1,1990,02,06,0.0,14.429635,3.64266,1990
14647,r4i1p1f1,1990,02,07,0.9232526565938315,11.182197,3.0525744,1990
14648,r4i1p1f1,1990,02,08,9.308006391319168,9.247815,3.420675,1990
14649,r4i1p1f1,1990,02,09,0.7257247876907513,10.346194,1.2075828,1990
14650,r4i1p1f1,1990,02,10,10.162526489784796,11.159946,1.523356,1990
14651,r4i1p1f1,1990,02,11,13.154389595615612,6.9872556,-4.1678314,1990
14652,r4i1p1f1,1990,02,12,10.788321263498801,3.4099882,-8.825412,1990
14653,r4i1p1f1,1990,02,13,4.573429868918311,5.7190456,-5.2096806,1990
14654,r4i1p1f1,1990,02,14,4.400446711349559,5.885206,-3.825036,1990
14655,r4i1p1f1,1990,02,15,22.435159348970046,10.948963,-3.2277231,1990
14656,r4i1p1f1,1990,02,16,29.024112956085446,11.220557,1.4666686,1990
14657,r4i1p1f1,1990,02,17,0.0,9.582842,-2.5997598,1990
14658,r4i1p1f1,1990,02,18,0.9920179665414253,6.8748455,-3.4848228,1990
14659,r4i1p1f1,1990,02,19,2.6049856209965583,8.053328,1.6414754,1990
14660,r4i1p1f1,1990,02,20,0.0,10.738697,0.6446659,1990
14661,r4i1p1f1,1990,02,21,0.0,14.86736,1.6213117,1990
14662,r4i1p1f1,1990,02,22,0.0,15.584325,4.5790534,1990
14663,r4i1p1f1,1990,02,23,0.0016001956282707397,13.377491,2.804362,1990
14664,r4i1p1f1,1990,02,24,0.0,11.343526,-2.3228507,1990
14665,r4i1p1f1,1990,02,25,0.0,10.992832,-1.3362465,1990
14666,r4i1p1f1,1990,02,26,0.0,11.381648,2.2765875,1990
14667,r4i1p1f1,1990,02,27,0.9850008390287712,10.63073,-1.20158,1990
14668,r4i1p1f1,1990,02,28,6.228065560287632,6.7017326,-5.2488627,1990
14669,r4i1p1f1,1990,03,01,0.0,8.124183,-6.697319,1990
14670,r4i1p1f1,1990,03,02,9.57028520631411,2.763266,-6.7631555,1990
14671,r4i1p1f1,1990,03,03,9.554309450368237,7.0314016,-4.3355923,1990
14672,r4i1p1f1,1990,03,04,0.30617510603860865,8.492945,-5.257207,1990
14673,r4i1p1f1,1990,03,05,0.0,7.779352,-8.339691,1990
14674,r4i1p1f1,1990,03,06,0.0,9.955638,-4.6301026,1990
14675,r4i1p1f1,1990,03,07,0.0,12.299005,-1.8190256,1990
14676,r4i1p1f1,1990,03,08,0.0,13.203576,-0.30677402,1990
14677,r4i1p1f1,1990,03,09,0.0,14.565342,0.37753963,1990
14678,r4i1p1f1,1990,03,10,0.0,19.27082,2.8544352,1990
14679,r4i1p1f1,1990,03,11,0.0,18.807701,1.8408731,1990
14680,r4i1p1f1,1990,03,12,0.0,17.686476,2.8564775,1990
14681,r4i1p1f1,1990,03,13,0.6062234596299731,16.3781,2.396904,1990
14682,r4i1p1f1,1990,03,14,0.43227458758110515,12.878279,-0.37689352,1990
14683,r4i1p1f1,1990,03,15,0.0,13.4359665,0.67635864,1990
14684,r4i1p1f1,1990,03,16,0.0,14.687932,2.6537967,1990
14685,r4i1p1f1,1990,03,17,1.1035983426779694,13.316949,2.823428,1990
14686,r4i1p1f1,1990,03,18,9.54340552980284,9.647538,1.6573042,1990
14687,r4i1p1f1,1990,03,19,10.484613410017118,10.342486,1.6865335,1990
14688,r4i1p1f1,1990,03,20,2.3469793425448415,13.121029,2.4473844,1990
14689,r4i1p1f1,1990,03,21,2.50058924606833,15.748642,3.3669095,1990
14690,r4i1p1f1,1990,03,22,0.0,19.698524,4.5532565,1990
14691,r4i1p1f1,1990,03,23,0.0,24.291422,6.9751344,1990
14692,r4i1p1f1,1990,03,24,0.0,25.37781,9.015815,1990
14693,r4i1p1f1,1990,03,25,0.0,25.04499,9.080726,1990
14694,r4i1p1f1,1990,03,26,0.0,22.289122,7.1460004,1990
14695,r4i1p1f1,1990,03,27,1.3809649480776898,17.129848,3.8913481,1990
14696,r4i1p1f1,1990,03,28,0.0,18.49131,2.4953864,1990
14697,r4i1p1f1,1990,03,29,0.0,19.6086,2.5229144,1990
14698,r4i1p1f1,1990,03,30,0.0,19.709007,3.0116866,1990
14699,r4i1p1f1,1990,03,31,0.0,20.021624,4.347098,1990
14700,r4i1p1f1,1990,04,01,0.0,18.290897,2.879205,1990
14701,r4i1p1f1,1990,04,02,0.0,18.745726,3.7159505,1990
14702,r4i1p1f1,1990,04,03,0.0,17.722643,4.191593,1990
14703,r4i1p1f1,1990,04,04,0.8389087657974414,12.477555,1.0742416,1990
14704,r4i1p1f1,1990,04,05,1.2400193203518484,12.299512,-0.14662355,1990
14705,r4i1p1f1,1990,04,06,0.0,13.534077,3.4445992,1990
14706,r4i1p1f1,1990,04,07,0.0,15.347445,2.90543,1990
14707,r4i1p1f1,1990,04,08,0.0,18.893385,3.857616,1990
14708,r4i1p1f1,1990,04,09,0.0,24.304794,5.9930763,1990
14709,r4i1p1f1,1990,04,10,0.0,23.737154,5.755116,1990
14710,r4i1p1f1,1990,04,11,0.0,23.187551,5.6647334,1990
14711,r4i1p1f1,1990,04,12,4.428598446577325,13.368456,-0.7467773,1990
14712,r4i1p1f1,1990,04,13,5.3003762190826365,9.398855,0.6398391,1990
14713,r4i1p1f1,1990,04,14,7.416343674896098,8.220745,2.5724552,1990
14714,r4i1p1f1,1990,04,15,3.6864990422714072,7.560457,0.40282106,1990
14715,r4i1p1f1,1990,04,16,5.201987793338958,5.6763744,-0.57524925,1990
14716,r4i1p1f1,1990,04,17,12.288007186634786,9.229771,-1.4462523,1990
14717,r4i1p1f1,1990,04,18,0.0,14.682934,0.3631302,1990
14718,r4i1p1f1,1990,04,19,0.0,18.14505,0.92586285,1990
14719,r4i1p1f1,1990,04,20,0.0,18.405577,2.0746026,1990
14720,r4i1p1f1,1990,04,21,0.00530671386513859,18.081003,5.688406,1990
14721,r4i1p1f1,1990,04,22,5.624708308847914,16.224262,3.4673288,1990
14722,r4i1p1f1,1990,04,23,0.0,20.806341,3.2036424,1990
14723,r4i1p1f1,1990,04,24,0.0,20.050125,4.6479173,1990
14724,r4i1p1f1,1990,04,25,1.292234993573338,17.447393,3.557729,1990
14725,r4i1p1f1,1990,04,26,1.7520930807449986,14.997262,2.174081,1990
14726,r4i1p1f1,1990,04,27,0.0,17.300741,5.861142,1990
14727,r4i1p1f1,1990,04,28,0.010409054243609717,16.46933,4.400602,1990
14728,r4i1p1f1,1990,04,29,0.0,16.70907,4.157103,1990
14729,r4i1p1f1,1990,04,30,0.0,21.195381,4.103095,1990
14730,r4i1p1f1,1990,05,01,0.0,24.367208,7.1518292,1990
14731,r4i1p1f1,1990,05,02,0.0,26.375498,9.981992,1990
14732,r4i1p1f1,1990,05,03,0.0,26.275303,10.122677,1990
14733,r4i1p1f1,1990,05,04,0.0,26.658371,10.509864,1990
14734,r4i1p1f1,1990,05,05,0.0,26.571692,9.41743,1990
14735,r4i1p1f1,1990,05,06,0.0,23.921494,8.203731,1990
14736,r4i1p1f1,1990,05,07,0.6966561028406204,22.195168,4.0730586,1990
14737,r4i1p1f1,1990,05,08,0.5083022273510096,20.912115,3.12159,1990
14738,r4i1p1f1,1990,05,09,0.0819274811874493,22.024479,9.044431,1990
14739,r4i1p1f1,1990,05,10,0.0,20.027122,6.7722216,1990
14740,r4i1p1f1,1990,05,11,0.0,21.062536,7.5861225,1990
14741,r4i1p1f1,1990,05,12,0.0,25.775072,8.623157,1990
14742,r4i1p1f1,1990,05,13,0.0,29.352224,11.267789,1990
14743,r4i1p1f1,1990,05,14,0.0,29.30346,10.880076,1990
14744,r4i1p1f1,1990,05,15,0.0,30.611664,13.683663,1990
14745,r4i1p1f1,1990,05,16,0.6798119470659003,23.96871,6.8296027,1990
14746,r4i1p1f1,1990,05,17,0.12027714921316601,28.301128,12.047616,1990
14747,r4i1p1f1,1990,05,18,0.2954309145479783,23.663582,6.961447,1990
14748,r4i1p1f1,1990,05,19,0.0,28.078577,10.345901,1990
14749,r4i1p1f1,1990,05,20,0.0,27.01897,10.198793,1990
14750,r4i1p1f1,1990,05,21,0.0,27.790148,9.66835,1990
14751,r4i1p1f1,1990,05,22,0.340864544722308,23.224173,7.191827,1990
14752,r4i1p1f1,1990,05,23,4.457157234492115,19.668907,4.2290096,1990
14753,r4i1p1f1,1990,05,24,0.020323532407928724,26.8696,10.20451,1990
14754,r4i1p1f1,1990,05,25,1.7661602372982088,21.040985,5.3204527,1990
14755,r4i1p1f1,1990,05,26,16.85663810225435,18.106783,6.2192073,1990
14756,r4i1p1f1,1990,05,27,0.8498783033147106,24.164024,9.996794,1990
14757,r4i1p1f1,1990,05,28,0.9173163012292207,20.87208,6.415384,1990
14758,r4i1p1f1,1990,05,29,23.779600655780087,16.752687,7.1181226,1990
14759,r4i1p1f1,1990,05,30,1.7415277592505163,19.613707,10.359908,1990
14760,r4i1p1f1,1990,05,31,0.0,22.559578,11.273479,1990
14761,r4i1p1f1,1990,06,01,0.009792583358603224,26.492317,11.356406,1990
14762,r4i1p1f1,1990,06,02,0.0,29.558357,11.185458,1990
14763,r4i1p1f1,1990,06,03,0.0,29.686638,13.168633,1990
14764,r4i1p1f1,1990,06,04,0.0,26.60012,12.041888,1990
14765,r4i1p1f1,1990,06,05,10.679702690094928,21.902937,7.2177234,1990
14766,r4i1p1f1,1990,06,06,1.158592915413692,20.170118,4.8018055,1990
14767,r4i1p1f1,1990,06,07,0.47052659283508547,21.608131,5.547057,1990
14768,r4i1p1f1,1990,06,08,0.017988990657613613,22.400682,6.422809,1990
14769,r4i1p1f1,1990,06,09,0.0,23.319527,9.5968485,1990
14770,r4i1p1f1,1990,06,10,0.0,25.190628,8.723637,1990
14771,r4i1p1f1,1990,06,11,0.0,26.164381,10.437405,1990
14772,r4i1p1f1,1990,06,12,0.0,27.094736,10.768357,1990
14773,r4i1p1f1,1990,06,13,0.0,30.958265,12.538319,1990
14774,r4i1p1f1,1990,06,14,0.0,32.74389,14.294194,1990
14775,r4i1p1f1,1990,06,15,0.0,34.17546,14.912045,1990
14776,r4i1p1f1,1990,06,16,0.0,34.085236,15.593621,1990
14777,r4i1p1f1,1990,06,17,0.29886346665080055,30.741228,13.851963,1990
14778,r4i1p1f1,1990,06,18,0.11225640573684359,29.251604,11.772363,1990
14779,r4i1p1f1,1990,06,19,0.0,27.951605,11.36736,1990
14780,r4i1p1f1,1990,06,20,0.0,28.040848,12.118188,1990
14781,r4i1p1f1,1990,06,21,2.3391419687953885,27.274153,11.234248,1990
14782,r4i1p1f1,1990,06,22,0.013939655718786526,21.721529,9.313422,1990
14783,r4i1p1f1,1990,06,23,0.00676172433031752,24.127798,10.03325,1990
14784,r4i1p1f1,1990,06,24,0.0,23.286587,9.761977,1990
14785,r4i1p1f1,1990,06,25,0.0,24.358139,9.389192,1990
14786,r4i1p1f1,1990,06,26,0.0,24.837942,10.558205,1990
14787,r4i1p1f1,1990,06,27,0.0,23.595873,9.737067,1990
14788,r4i1p1f1,1990,06,28,0.0,24.109467,10.04694,1990
14789,r4i1p1f1,1990,06,29,1.3780453709387075,25.672443,8.796784,1990
14790,r4i1p1f1,1990,06,30,0.23276430879377585,30.37544,12.110215,1990
14791,r4i1p1f1,1990,07,01,0.0,30.865414,13.622234,1990
14792,r4i1p1f1,1990,07,02,0.09886335446935846,30.581547,13.690545,1990
14793,r4i1p1f1,1990,07,03,0.0,30.08064,13.695839,1990
14794,r4i1p1f1,1990,07,04,0.0,30.06727,13.842856,1990
14795,r4i1p1f1,1990,07,05,0.0,29.479671,12.4297695,1990
14796,r4i1p1f1,1990,07,06,0.0,29.344028,12.94787,1990
14797,r4i1p1f1,1990,07,07,0.0,29.29657,12.963684,1990
14798,r4i1p1f1,1990,07,08,0.0,27.382103,10.577193,1990
14799,r4i1p1f1,1990,07,09,0.0,28.71622,12.508182,1990
14800,r4i1p1f1,1990,07,10,0.0,29.546427,12.866173,1990
14801,r4i1p1f1,1990,07,11,0.000757318389332795,28.757595,12.092312,1990
14802,r4i1p1f1,1990,07,12,0.0,28.42894,11.14257,1990
14803,r4i1p1f1,1990,07,13,0.0,27.466896,10.5840435,1990
14804,r4i1p1f1,1990,07,14,0.0,25.480112,8.905148,1990
14805,r4i1p1f1,1990,07,15,0.0,25.283066,9.813557,1990
14806,r4i1p1f1,1990,07,16,0.0,27.208473,10.211703,1990
14807,r4i1p1f1,1990,07,17,0.0,28.477438,10.478409,1990
14808,r4i1p1f1,1990,07,18,0.0,30.319868,13.344502,1990
14809,r4i1p1f1,1990,07,19,0.0,32.607777,14.127808,1990
14810,r4i1p1f1,1990,07,20,0.0,32.700726,14.49774,1990
14811,r4i1p1f1,1990,07,21,0.0,32.127827,13.844579,1990
14812,r4i1p1f1,1990,07,22,0.0,31.668636,13.365292,1990
14813,r4i1p1f1,1990,07,23,0.0,32.55186,13.829407,1990
14814,r4i1p1f1,1990,07,24,0.0,32.646194,13.513785,1990
14815,r4i1p1f1,1990,07,25,0.0,32.90802,14.520338,1990
14816,r4i1p1f1,1990,07,26,0.0,34.677902,15.278795,1990
14817,r4i1p1f1,1990,07,27,0.0,34.464123,16.578405,1990
14818,r4i1p1f1,1990,07,28,0.0,33.750084,15.336031,1990
14819,r4i1p1f1,1990,07,29,0.0,30.702675,13.074415,1990
14820,r4i1p1f1,1990,07,30,0.0,26.07316,8.613775,1990
14821,r4i1p1f1,1990,07,31,0.0,27.125366,9.528426,1990
14822,r4i1p1f1,1990,08,01,0.0,29.36928,10.165478,1990
14823,r4i1p1f1,1990,08,02,0.28020283752994146,29.070862,11.835723,1990
14824,r4i1p1f1,1990,08,03,0.0,29.28091,10.73939,1990
14825,r4i1p1f1,1990,08,04,0.0,31.311062,12.065225,1990
14826,r4i1p1f1,1990,08,05,0.0,33.886093,14.748339,1990
14827,r4i1p1f1,1990,08,06,0.0,33.746372,15.858989,1990
14828,r4i1p1f1,1990,08,07,0.0,34.27386,15.836565,1990
14829,r4i1p1f1,1990,08,08,0.0,35.354633,17.763605,1990
14830,r4i1p1f1,1990,08,09,0.0,31.208445,14.201851,1990
14831,r4i1p1f1,1990,08,10,0.0,34.320904,16.832054,1990
14832,r4i1p1f1,1990,08,11,0.0,35.558224,18.22761,1990
14833,r4i1p1f1,1990,08,12,0.8047999949369,37.4601,19.98445,1990
14834,r4i1p1f1,1990,08,13,21.227044688021124,34.024025,17.48582,1990
14835,r4i1p1f1,1990,08,14,1.0861858792964085,33.44072,17.4822,1990
14836,r4i1p1f1,1990,08,15,0.0,31.366543,15.141386,1990
14837,r4i1p1f1,1990,08,16,0.11428676762079704,32.197647,16.310198,1990
14838,r4i1p1f1,1990,08,17,1.0387160245784344,36.00738,17.623344,1990
14839,r4i1p1f1,1990,08,18,0.0,34.47924,16.855743,1990
14840,r4i1p1f1,1990,08,19,0.0010164485274799517,31.32592,14.788503,1990
14841,r4i1p1f1,1990,08,20,0.0,26.860329,11.013088,1990
14842,r4i1p1f1,1990,08,21,0.0,27.580917,9.486489,1990
14843,r4i1p1f1,1990,08,22,0.0,27.587347,10.091592,1990
14844,r4i1p1f1,1990,08,23,0.0,30.16785,12.045432,1990
14845,r4i1p1f1,1990,08,24,0.5159529812544861,35.461563,17.36953,1990
14846,r4i1p1f1,1990,08,25,1.980306899599782,33.702114,17.197971,1990
14847,r4i1p1f1,1990,08,26,0.0,33.37138,17.38637,1990
14848,r4i1p1f1,1990,08,27,0.0,32.869675,15.388331,1990
14849,r4i1p1f1,1990,08,28,0.0,34.523994,15.182695,1990
14850,r4i1p1f1,1990,08,29,0.0017613485283618502,33.859413,14.358272,1990
14851,r4i1p1f1,1990,08,30,0.0,29.732029,12.268195,1990
14852,r4i1p1f1,1990,08,31,0.0,31.168348,12.592715,1990
14853,r4i1p1f1,1990,09,01,0.0,33.33664,15.758079,1990
14854,r4i1p1f1,1990,09,02,0.0,35.547142,16.749044,1990
14855,r4i1p1f1,1990,09,03,0.0,36.131264,17.558414,1990
14856,r4i1p1f1,1990,09,04,0.0,36.346462,19.186884,1990
14857,r4i1p1f1,1990,09,05,0.0,36.54871,18.617992,1990
14858,r4i1p1f1,1990,09,06,0.0,34.97139,17.287992,1990
14859,r4i1p1f1,1990,09,07,0.0,32.94036,16.059416,1990
14860,r4i1p1f1,1990,09,08,0.0,31.748436,15.364726,1990
14861,r4i1p1f1,1990,09,09,0.0,32.883045,15.895928,1990
14862,r4i1p1f1,1990,09,10,0.0,33.135242,14.39064,1990
14863,r4i1p1f1,1990,09,11,0.0,32.323044,14.340306,1990
14864,r4i1p1f1,1990,09,12,0.0,32.24953,14.822791,1990
14865,r4i1p1f1,1990,09,13,0.0,31.689087,13.557467,1990
14866,r4i1p1f1,1990,09,14,0.0,31.714273,13.500675,1990
14867,r4i1p1f1,1990,09,15,0.0,30.359945,13.638271,1990
14868,r4i1p1f1,1990,09,16,0.0,29.803976,13.132045,1990
14869,r4i1p1f1,1990,09,17,0.0,27.845192,11.3713665,1990
14870,r4i1p1f1,1990,09,18,0.0,23.845434,8.497196,1990
14871,r4i1p1f1,1990,09,19,0.0,23.493587,8.212482,1990
14872,r4i1p1f1,1990,09,20,0.0,25.42074,7.6768746,1990
14873,r4i1p1f1,1990,09,21,0.0,26.438662,9.4504795,1990
14874,r4i1p1f1,1990,09,22,0.0,25.019707,8.751061,1990
14875,r4i1p1f1,1990,09,23,3.6051111804454194,19.520199,9.201918,1990
14876,r4i1p1f1,1990,09,24,0.6206193911722835,14.7873125,3.878443,1990
14877,r4i1p1f1,1990,09,25,0.4001892098301596,18.89987,5.58043,1990
14878,r4i1p1f1,1990,09,26,0.0,24.53222,7.570259,1990
14879,r4i1p1f1,1990,09,27,0.0,25.503914,8.799828,1990
14880,r4i1p1f1,1990,09,28,0.0,24.78444,7.9813156,1990
14881,r4i1p1f1,1990,09,29,0.0,25.06354,8.203879,1990
14882,r4i1p1f1,1990,09,30,0.0,26.676914,9.858495,1990
14883,r4i1p1f1,1990,10,01,0.0,26.648838,9.790294,1990
14884,r4i1p1f1,1990,10,02,0.0,28.208458,9.374775,1990
14885,r4i1p1f1,1990,10,03,0.0,28.385548,9.79784,1990
14886,r4i1p1f1,1990,10,04,0.0,28.867605,12.041944,1990
14887,r4i1p1f1,1990,10,05,0.0,30.45833,11.175711,1990
14888,r4i1p1f1,1990,10,06,0.5667216397114316,28.864054,13.818636,1990
14889,r4i1p1f1,1990,10,07,0.4004387936248577,23.385813,11.381812,1990
14890,r4i1p1f1,1990,10,08,2.5704532350772524,24.102638,9.922699,1990
14891,r4i1p1f1,1990,10,09,0.0,25.801558,11.555397,1990
14892,r4i1p1f1,1990,10,10,0.0,27.531445,13.042312,1990
14893,r4i1p1f1,1990,10,11,0.15560920319330762,30.139597,17.183622,1990
14894,r4i1p1f1,1990,10,12,0.036894890121175195,23.429176,10.100429,1990
14895,r4i1p1f1,1990,10,13,0.0,21.320412,6.6899695,1990
14896,r4i1p1f1,1990,10,14,0.0,21.576601,7.3379126,1990
14897,r4i1p1f1,1990,10,15,0.0,25.825798,9.262407,1990
14898,r4i1p1f1,1990,10,16,0.0,26.767738,10.627518,1990
14899,r4i1p1f1,1990,10,17,0.01279441410630966,27.39573,11.938313,1990
14900,r4i1p1f1,1990,10,18,1.1175887232184323,18.065117,4.702407,1990
14901,r4i1p1f1,1990,10,19,0.0,13.866619,1.491798,1990
14902,r4i1p1f1,1990,10,20,0.17354944347971468,12.854202,1.4747872,1990
14903,r4i1p1f1,1990,10,21,0.0,13.571796,2.087126,1990
14904,r4i1p1f1,1990,10,22,8.627880184667447,10.309108,4.641052,1990
14905,r4i1p1f1,1990,10,23,0.17867819983052868,13.585522,1.0258585,1990
14906,r4i1p1f1,1990,10,24,0.0,14.534083,2.5545285,1990
14907,r4i1p1f1,1990,10,25,0.0,16.537956,3.78061,1990
14908,r4i1p1f1,1990,10,26,0.0,19.51281,4.227649,1990
14909,r4i1p1f1,1990,10,27,0.0,19.378284,5.375869,1990
14910,r4i1p1f1,1990,10,28,0.029801245136695798,18.285069,6.038447,1990
14911,r4i1p1f1,1990,10,29,0.07514011667808518,18.311737,4.984264,1990
14912,r4i1p1f1,1990,10,30,0.0,17.345417,4.361103,1990
14913,r4i1p1f1,1990,10,31,20.186066462558472,17.735151,3.9772563,1990
14914,r4i1p1f1,1990,11,01,0.30666542827475496,10.810933,1.5009543,1990
14915,r4i1p1f1,1990,11,02,0.0,11.947703,-1.0652449,1990
14916,r4i1p1f1,1990,11,03,0.0,13.969278,0.35983032,1990
14917,r4i1p1f1,1990,11,04,0.0,14.532786,1.7339162,1990
14918,r4i1p1f1,1990,11,05,0.0,14.857402,1.9661326,1990
14919,r4i1p1f1,1990,11,06,25.463724091969198,11.706124,0.53431165,1990
14920,r4i1p1f1,1990,11,07,0.6642181727471552,5.927513,-0.089021474,1990
14921,r4i1p1f1,1990,11,08,0.20233094616060043,7.410036,-3.152737,1990
14922,r4i1p1f1,1990,11,09,0.0,7.6790524,-3.1817095,1990
14923,r4i1p1f1,1990,11,10,0.0,7.7499213,-3.579914,1990
14924,r4i1p1f1,1990,11,11,0.0,12.074942,-0.98949075,1990
14925,r4i1p1f1,1990,11,12,0.0,12.434219,-0.44060838,1990
14926,r4i1p1f1,1990,11,13,0.0,12.165621,1.9581163,1990
14927,r4i1p1f1,1990,11,14,8.752878227483052,11.98505,1.609952,1990
14928,r4i1p1f1,1990,11,15,1.0410440122711861,9.044725,3.004558,1990
14929,r4i1p1f1,1990,11,16,0.0,10.3856735,2.914884,1990
14930,r4i1p1f1,1990,11,17,0.0,13.604712,1.6470072,1990
14931,r4i1p1f1,1990,11,18,0.0,14.363722,3.2165842,1990
14932,r4i1p1f1,1990,11,19,0.0,15.233936,4.5451775,1990
14933,r4i1p1f1,1990,11,20,11.107038611069697,14.026589,2.2925806,1990
14934,r4i1p1f1,1990,11,21,0.20838782579630788,9.774838,4.312357,1990
14935,r4i1p1f1,1990,11,22,0.020584470166795654,13.307069,2.1436138,1990
14936,r4i1p1f1,1990,11,23,0.08150605476089368,13.636485,2.0509968,1990
14937,r4i1p1f1,1990,11,24,21.68533579688301,12.495834,5.951447,1990
14938,r4i1p1f1,1990,11,25,1.4585881463062833,12.793186,6.32523,1990
14939,r4i1p1f1,1990,11,26,0.016144643177540274,15.493282,4.5383554,1990
14940,r4i1p1f1,1990,11,27,0.0,14.67082,3.5288956,1990
14941,r4i1p1f1,1990,11,28,1.6266082468803233,13.808407,4.6884565,1990
14942,r4i1p1f1,1990,11,29,0.0,16.266716,4.592139,1990
14943,r4i1p1f1,1990,11,30,1.3129132605968152,15.683439,3.6311018,1990
14944,r4i1p1f1,1990,12,01,0.0,15.648976,4.0774393,1990
14945,r4i1p1f1,1990,12,02,0.0,16.007666,5.054365,1990
14946,r4i1p1f1,1990,12,03,0.0,16.660048,4.5680885,1990
14947,r4i1p1f1,1990,12,04,0.0,15.4083185,4.93651,1990
14948,r4i1p1f1,1990,12,05,3.89936609165602,17.2199,7.620384,1990
14949,r4i1p1f1,1990,12,06,68.78752948668989,17.075191,5.9115267,1990
14950,r4i1p1f1,1990,12,07,0.0,10.2112665,5.4475,1990
14951,r4i1p1f1,1990,12,08,4.75094412403223,9.517817,3.1736684,1990
14952,r4i1p1f1,1990,12,09,0.0,10.065584,-0.007846885,1990
14953,r4i1p1f1,1990,12,10,0.0,12.093984,0.739913,1990
14954,r4i1p1f1,1990,12,11,0.0,13.094902,1.2713898,1990
14955,r4i1p1f1,1990,12,12,0.0,12.610507,2.1222239,1990
14956,r4i1p1f1,1990,12,13,0.0,13.571821,3.1235495,1990
14957,r4i1p1f1,1990,12,14,0.0,15.50378,2.9135222,1990
14958,r4i1p1f1,1990,12,15,0.0,13.8412285,1.8615742,1990
14959,r4i1p1f1,1990,12,16,0.0,15.207786,2.1420386,1990
14960,r4i1p1f1,1990,12,17,0.0,15.206321,2.2722719,1990
14961,r4i1p1f1,1990,12,18,0.0,14.6387415,2.7073655,1990
14962,r4i1p1f1,1990,12,19,7.0490732658242905,7.577118,-1.3767234,1990
14963,r4i1p1f1,1990,12,20,0.0,6.281663,-2.46399,1990
14964,r4i1p1f1,1990,12,21,4.14614923653005,3.4309587,-2.3035557,1990
14965,r4i1p1f1,1990,12,22,10.974968360449111,3.9979362,-4.1991262,1990
14966,r4i1p1f1,1990,12,23,0.9876378523586027,5.205455,-5.4559536,1990
14967,r4i1p1f1,1990,12,24,19.26787332540698,7.090163,-3.649509,1990
14968,r4i1p1f1,1990,12,25,44.318489349097945,10.885332,3.2178679,1990
14969,r4i1p1f1,1990,12,26,0.08921125900087645,8.058703,-0.4714976,1990
14970,r4i1p1f1,1990,12,27,0.0,8.737362,0.53194046,1990
14971,r4i1p1f1,1990,12,28,23.62627426882682,8.31851,2.7024465,1990
14972,r4i1p1f1,1990,12,29,8.046096285966087,5.485693,0.8634924,1990
14973,r4i1p1f1,1990,12,30,0.0,6.8156,-4.854656,1990
14974,r4i1p1f1,1990,12,31,0.0,6.498344,-4.8984094,1990
14975,r4i1p1f1,1991,01,01,0.0,7.667669,-2.3139563,1991
14976,r4i1p1f1,1991,01,02,0.0,8.362797,-2.2215075,1991
14977,r4i1p1f1,1991,01,03,2.279203318592238,3.9748569,-1.8467157,1991
14978,r4i1p1f1,1991,01,04,0.0,7.4674506,-4.339314,1991
14979,r4i1p1f1,1991,01,05,0.0,3.7262044,-5.771054,1991
14980,r4i1p1f1,1991,01,06,6.552473591170838,2.8476975,-5.064775,1991
14981,r4i1p1f1,1991,01,07,16.805597484199097,4.0322375,-6.856885,1991
14982,r4i1p1f1,1991,01,08,34.44963346410077,4.8750634,-6.873905,1991
14983,r4i1p1f1,1991,01,09,6.3008314221974615,3.975708,-5.7025003,1991
14984,r4i1p1f1,1991,01,10,26.566310071120824,7.9797463,-2.2442846,1991
14985,r4i1p1f1,1991,01,11,14.309175212292757,6.2028723,-0.5444906,1991
14986,r4i1p1f1,1991,01,12,21.83038583752932,5.4418063,-4.12967,1991
14987,r4i1p1f1,1991,01,13,1.662949043475237,3.1708968,-8.928508,1991
14988,r4i1p1f1,1991,01,14,3.0134350194089166,2.6863353,-7.2117724,1991
14989,r4i1p1f1,1991,01,15,23.05129923079221,1.5344917,-7.3043485,1991
14990,r4i1p1f1,1991,01,16,9.217978362067925,1.7584449,-11.451652,1991
14991,r4i1p1f1,1991,01,17,1.548057754604315,2.1254838,-10.589514,1991
14992,r4i1p1f1,1991,01,18,0.0,3.0289814,-10.592822,1991
14993,r4i1p1f1,1991,01,19,0.0,3.7845383,-9.860369,1991
14994,r4i1p1f1,1991,01,20,0.0,3.2231166,-9.1679125,1991
14995,r4i1p1f1,1991,01,21,48.28827198653016,3.8804083,-6.0116444,1991
14996,r4i1p1f1,1991,01,22,10.267531588647216,2.10255,-10.714481,1991
14997,r4i1p1f1,1991,01,23,46.199482609154074,4.018471,-4.613112,1991
14998,r4i1p1f1,1991,01,24,46.36577456294617,8.575954,-4.681196,1991
14999,r4i1p1f1,1991,01,25,0.18974887991731748,4.75151,-6.137814,1991
15000,r4i1p1f1,1991,01,26,0.08156133702925672,9.876931,-1.2946285,1991
15001,r4i1p1f1,1991,01,27,0.0,7.4683585,-1.895423,1991
15002,r4i1p1f1,1991,01,28,2.2107465779811264,7.013081,-1.9711249,1991
15003,r4i1p1f1,1991,01,29,0.0,11.828762,1.0527501,1991
15004,r4i1p1f1,1991,01,30,0.9241290955344539,9.068963,0.363094,1991
15005,r4i1p1f1,1991,01,31,37.40976689368836,6.0322948,-0.24030903,1991
15006,r4i1p1f1,1991,02,01,9.794881682250889,11.442739,2.4503372,1991
15007,r4i1p1f1,1991,02,02,0.0,13.191979,1.709728,1991
15008,r4i1p1f1,1991,02,03,5.689856416722705,11.399743,2.319819,1991
15009,r4i1p1f1,1991,02,04,0.0,10.759914,3.574493,1991
15010,r4i1p1f1,1991,02,05,8.748822002371526,8.860792,4.1881227,1991
15011,r4i1p1f1,1991,02,06,22.797026863517544,13.320803,4.355818,1991
15012,r4i1p1f1,1991,02,07,25.121557308375486,10.809769,4.6210165,1991
15013,r4i1p1f1,1991,02,08,19.738564948966086,11.238939,4.6647983,1991
15014,r4i1p1f1,1991,02,09,19.50065593209729,11.122908,4.7613482,1991
15015,r4i1p1f1,1991,02,10,65.32370827771956,11.678789,4.852662,1991
15016,r4i1p1f1,1991,02,11,79.31462606065907,11.704411,4.384161,1991
15017,r4i1p1f1,1991,02,12,48.02151222538669,10.571049,4.825281,1991
15018,r4i1p1f1,1991,02,13,25.351401977104615,11.112915,2.7002344,1991
15019,r4i1p1f1,1991,02,14,33.96745517238742,10.188884,3.2250376,1991
15020,r4i1p1f1,1991,02,15,5.575624376912458,8.626127,-2.724348,1991
15021,r4i1p1f1,1991,02,16,7.058903480810841,7.084185,-7.133123,1991
15022,r4i1p1f1,1991,02,17,1.0460294783229074,7.2826004,-5.0211015,1991
15023,r4i1p1f1,1991,02,18,0.0,9.611997,-4.256593,1991
15024,r4i1p1f1,1991,02,19,7.104564942528668,6.3788714,-1.0928628,1991
15025,r4i1p1f1,1991,02,20,0.0,8.1763525,-2.704744,1991
15026,r4i1p1f1,1991,02,21,0.0,9.243857,-4.755246,1991
15027,r4i1p1f1,1991,02,22,0.0,10.491917,-3.0016963,1991
15028,r4i1p1f1,1991,02,23,0.0,11.124699,-1.3535628,1991
15029,r4i1p1f1,1991,02,24,0.0,11.618466,-0.6439439,1991
15030,r4i1p1f1,1991,02,25,0.0,14.619681,2.6436236,1991
15031,r4i1p1f1,1991,02,26,0.0,12.876994,2.2555861,1991
15032,r4i1p1f1,1991,02,27,0.0,14.623677,2.805601,1991
15033,r4i1p1f1,1991,02,28,0.0,14.632307,3.0781465,1991
15034,r4i1p1f1,1991,03,01,0.0,14.670193,1.3981997,1991
15035,r4i1p1f1,1991,03,02,0.0,15.174988,4.2600656,1991
15036,r4i1p1f1,1991,03,03,0.0,13.572161,-1.5526874,1991
15037,r4i1p1f1,1991,03,04,0.11758486341193475,8.758363,-3.8223581,1991
15038,r4i1p1f1,1991,03,05,0.31867107867498135,5.5884943,-5.0683484,1991
15039,r4i1p1f1,1991,03,06,0.42415154011763434,7.695013,-4.7878604,1991
15040,r4i1p1f1,1991,03,07,1.2338374872200575,9.053841,-0.6465847,1991
15041,r4i1p1f1,1991,03,08,0.23265633435585187,10.086683,0.19945854,1991
15042,r4i1p1f1,1991,03,09,0.20092382084726523,9.661747,-5.446712,1991
15043,r4i1p1f1,1991,03,10,0.0,9.366009,-2.6516116,1991
15044,r4i1p1f1,1991,03,11,0.03119239127045148,8.299956,-1.836302,1991
15045,r4i1p1f1,1991,03,12,0.0,13.386924,1.7235838,1991
15046,r4i1p1f1,1991,03,13,0.0,12.18004,-1.3137602,1991
15047,r4i1p1f1,1991,03,14,0.0004658073862628953,9.555322,-1.1273934,1991
15048,r4i1p1f1,1991,03,15,20.220757488823438,7.402104,-5.214491,1991
15049,r4i1p1f1,1991,03,16,1.7849229734054006,4.386864,-7.387191,1991
15050,r4i1p1f1,1991,03,17,10.612653059206423,9.601944,1.4852248,1991
15051,r4i1p1f1,1991,03,18,18.819705646728835,8.042443,1.1145651,1991
15052,r4i1p1f1,1991,03,19,28.56165669290931,9.027695,-0.16493051,1991
15053,r4i1p1f1,1991,03,20,0.0,13.359784,-3.0980422,1991
15054,r4i1p1f1,1991,03,21,0.5111656920973928,9.226021,1.6886457,1991
15055,r4i1p1f1,1991,03,22,22.6773753964153,8.08102,1.4929643,1991
15056,r4i1p1f1,1991,03,23,0.0,13.371191,0.40429088,1991
15057,r4i1p1f1,1991,03,24,0.0,14.519387,-0.8376387,1991
15058,r4i1p1f1,1991,03,25,0.0,15.695794,0.37266678,1991
15059,r4i1p1f1,1991,03,26,0.0,15.673462,2.5925758,1991
15060,r4i1p1f1,1991,03,27,0.0,15.179642,3.5134022,1991
15061,r4i1p1f1,1991,03,28,0.03945689508668693,15.091319,4.790294,1991
15062,r4i1p1f1,1991,03,29,9.662904350352619,9.467434,1.6003125,1991
15063,r4i1p1f1,1991,03,30,4.763008071074637,10.994368,3.2206247,1991
15064,r4i1p1f1,1991,03,31,0.9224381710396301,11.145344,-0.08749999,1991
15065,r4i1p1f1,1991,04,01,1.446229088111295,7.811251,-3.8832457,1991
15066,r4i1p1f1,1991,04,02,5.737710361290738,5.8738422,-3.1521325,1991
15067,r4i1p1f1,1991,04,03,0.11931734078416412,8.862049,-2.0263903,1991
15068,r4i1p1f1,1991,04,04,0.0,13.443265,-0.55325866,1991
15069,r4i1p1f1,1991,04,05,0.0,15.679291,0.95862854,1991
15070,r4i1p1f1,1991,04,06,0.0,17.210934,0.4753153,1991
15071,r4i1p1f1,1991,04,07,0.0,17.933287,1.2499801,1991
15072,r4i1p1f1,1991,04,08,0.0,19.494383,2.9661164,1991
15073,r4i1p1f1,1991,04,09,0.0,21.313053,4.421232,1991
15074,r4i1p1f1,1991,04,10,0.0,23.618479,5.6659493,1991
15075,r4i1p1f1,1991,04,11,0.0,23.002537,6.5458217,1991
15076,r4i1p1f1,1991,04,12,0.0,22.654137,6.7266984,1991
15077,r4i1p1f1,1991,04,13,0.0,22.648802,6.323999,1991
15078,r4i1p1f1,1991,04,14,0.0,20.712124,5.8180304,1991
15079,r4i1p1f1,1991,04,15,0.12784088741000232,20.720007,4.042872,1991
15080,r4i1p1f1,1991,04,16,0.0,23.165062,6.507021,1991
15081,r4i1p1f1,1991,04,17,0.0,22.159538,7.7351465,1991
15082,r4i1p1f1,1991,04,18,1.7036733863278641,13.755581,4.6741886,1991
15083,r4i1p1f1,1991,04,19,4.2556854334748095,13.674938,5.4569345,1991
15084,r4i1p1f1,1991,04,20,0.0,19.255655,4.541533,1991
15085,r4i1p1f1,1991,04,21,2.815894689979359,15.370317,6.116448,1991
15086,r4i1p1f1,1991,04,22,1.7838547176495467,17.64016,5.6267123,1991
15087,r4i1p1f1,1991,04,23,2.3169427921288843,14.329363,4.932271,1991
15088,r4i1p1f1,1991,04,24,1.2625435320401834,15.900382,6.4545116,1991
15089,r4i1p1f1,1991,04,25,0.0,17.742474,3.8383713,1991
15090,r4i1p1f1,1991,04,26,0.0,19.889341,4.5556026,1991
15091,r4i1p1f1,1991,04,27,0.0,19.999237,3.6629732,1991
15092,r4i1p1f1,1991,04,28,0.0,17.120506,2.9789622,1991
15093,r4i1p1f1,1991,04,29,3.456234578448658,12.865611,2.8875008,1991
15094,r4i1p1f1,1991,04,30,1.833327477208968,12.219569,-0.97169113,1991
15095,r4i1p1f1,1991,05,01,3.4483576534462657,11.926683,-1.1517797,1991
15096,r4i1p1f1,1991,05,02,0.05285897456435151,13.12983,2.3485637,1991
15097,r4i1p1f1,1991,05,03,0.0,14.15249,0.47445107,1991
15098,r4i1p1f1,1991,05,04,0.0,14.694787,0.7174496,1991
15099,r4i1p1f1,1991,05,05,0.0,17.942377,3.3781216,1991
15100,r4i1p1f1,1991,05,06,0.0,13.972478,4.187168,1991
15101,r4i1p1f1,1991,05,07,0.18556467493908713,14.044852,6.307339,1991
15102,r4i1p1f1,1991,05,08,4.5260571939024885,11.903666,4.2776318,1991
15103,r4i1p1f1,1991,05,09,16.000109935521323,10.158286,3.2798655,1991
15104,r4i1p1f1,1991,05,10,23.109057518740883,10.927344,-1.4852854,1991
15105,r4i1p1f1,1991,05,11,0.0,20.793236,4.72623,1991
15106,r4i1p1f1,1991,05,12,0.0,24.129759,7.8207455,1991
15107,r4i1p1f1,1991,05,13,0.0,26.104118,8.591285,1991
15108,r4i1p1f1,1991,05,14,0.0,27.875847,11.736714,1991
15109,r4i1p1f1,1991,05,15,0.0,27.438948,10.355438,1991
15110,r4i1p1f1,1991,05,16,0.0,26.407784,9.322423,1991
15111,r4i1p1f1,1991,05,17,1.7013612944722922,19.322344,4.1675577,1991
15112,r4i1p1f1,1991,05,18,0.0,23.312365,4.268387,1991
15113,r4i1p1f1,1991,05,19,0.0,26.178526,7.9781036,1991
15114,r4i1p1f1,1991,05,20,0.0,27.52885,8.908947,1991
15115,r4i1p1f1,1991,05,21,0.0,30.355568,9.662769,1991
15116,r4i1p1f1,1991,05,22,0.0,29.307817,11.887299,1991
15117,r4i1p1f1,1991,05,23,0.0,28.345116,9.826707,1991
15118,r4i1p1f1,1991,05,24,0.0,28.194899,9.976719,1991
15119,r4i1p1f1,1991,05,25,0.0,25.68062,9.864661,1991
15120,r4i1p1f1,1991,05,26,0.0,21.321663,4.2269096,1991
15121,r4i1p1f1,1991,05,27,0.0,19.368496,3.5534604,1991
15122,r4i1p1f1,1991,05,28,0.14010423701620311,15.115291,3.620308,1991
15123,r4i1p1f1,1991,05,29,1.0227931786246813,15.955858,0.8374572,1991
15124,r4i1p1f1,1991,05,30,0.0,20.268776,3.689016,1991
15125,r4i1p1f1,1991,05,31,0.0,24.042963,6.8656063,1991
15126,r4i1p1f1,1991,06,01,0.0,24.807919,7.39455,1991
15127,r4i1p1f1,1991,06,02,0.0,24.582882,7.321808,1991
15128,r4i1p1f1,1991,06,03,0.19441403046585037,20.743462,8.039733,1991
15129,r4i1p1f1,1991,06,04,1.0009526689657378,18.63242,5.840948,1991
15130,r4i1p1f1,1991,06,05,1.3909342772137734,14.935619,1.9717458,1991
15131,r4i1p1f1,1991,06,06,0.0,18.9215,3.0716982,1991
15132,r4i1p1f1,1991,06,07,0.0,18.84593,2.5923605,1991
15133,r4i1p1f1,1991,06,08,1.460776930184693,16.141912,2.0971537,1991
15134,r4i1p1f1,1991,06,09,0.20771063471443085,23.717337,6.323745,1991
15135,r4i1p1f1,1991,06,10,0.0,25.006866,9.246841,1991
15136,r4i1p1f1,1991,06,11,0.0,28.620728,10.183187,1991
15137,r4i1p1f1,1991,06,12,0.0,28.64274,13.218574,1991
15138,r4i1p1f1,1991,06,13,0.11310655268061964,29.857466,13.294684,1991
15139,r4i1p1f1,1991,06,14,0.0,33.62554,16.145435,1991
15140,r4i1p1f1,1991,06,15,0.0,34.518967,17.201471,1991
15141,r4i1p1f1,1991,06,16,0.06653372542189118,32.890972,15.617481,1991
15142,r4i1p1f1,1991,06,17,0.009423411393072456,30.868856,12.307644,1991
15143,r4i1p1f1,1991,06,18,0.0,28.591753,10.209948,1991
15144,r4i1p1f1,1991,06,19,0.0,26.66085,9.151659,1991
15145,r4i1p1f1,1991,06,20,0.0,29.774126,10.677649,1991
15146,r4i1p1f1,1991,06,21,0.0,33.88175,13.199584,1991
15147,r4i1p1f1,1991,06,22,0.0,34.909634,14.812295,1991
15148,r4i1p1f1,1991,06,23,0.0,36.15183,17.98854,1991
15149,r4i1p1f1,1991,06,24,0.0,36.16176,17.076818,1991
15150,r4i1p1f1,1991,06,25,0.0,35.944794,17.563591,1991
15151,r4i1p1f1,1991,06,26,0.0,37.576782,17.844292,1991
15152,r4i1p1f1,1991,06,27,0.0443580261162424,36.341038,17.146076,1991
15153,r4i1p1f1,1991,06,28,0.07903123459982453,36.683018,18.58828,1991
15154,r4i1p1f1,1991,06,29,0.37852463988201634,30.218327,13.331004,1991
15155,r4i1p1f1,1991,06,30,0.006856723530290765,28.705753,12.5105095,1991
15156,r4i1p1f1,1991,07,01,0.0,29.381073,13.466808,1991
15157,r4i1p1f1,1991,07,02,0.0,28.466667,11.76651,1991
15158,r4i1p1f1,1991,07,03,0.0,29.355705,12.031078,1991
15159,r4i1p1f1,1991,07,04,0.0,30.057156,13.045179,1991
15160,r4i1p1f1,1991,07,05,0.11799996354966424,30.056593,13.796907,1991
15161,r4i1p1f1,1991,07,06,0.001715191274342942,28.076944,10.22465,1991
15162,r4i1p1f1,1991,07,07,0.0,31.272774,13.358283,1991
15163,r4i1p1f1,1991,07,08,0.0,31.204338,14.88254,1991
15164,r4i1p1f1,1991,07,09,0.0,29.35134,13.428616,1991
15165,r4i1p1f1,1991,07,10,0.4315504549254001,29.308681,11.994127,1991
15166,r4i1p1f1,1991,07,11,0.0,27.592634,11.276143,1991
15167,r4i1p1f1,1991,07,12,0.0,27.564568,11.181696,1991
15168,r4i1p1f1,1991,07,13,0.0013605187632492743,27.658926,11.443744,1991
15169,r4i1p1f1,1991,07,14,0.13431323877739487,28.07567,10.84623,1991
15170,r4i1p1f1,1991,07,15,0.6077918501887325,29.346548,14.009953,1991
15171,r4i1p1f1,1991,07,16,1.2048418600898003,28.071302,13.747862,1991
15172,r4i1p1f1,1991,07,17,0.0,28.230429,12.264058,1991
15173,r4i1p1f1,1991,07,18,0.0,30.522343,13.826666,1991
15174,r4i1p1f1,1991,07,19,0.0,31.093483,15.013066,1991
15175,r4i1p1f1,1991,07,20,0.0,31.49353,14.629418,1991
15176,r4i1p1f1,1991,07,21,0.0,31.25079,14.025178,1991
15177,r4i1p1f1,1991,07,22,0.0,30.22509,13.15259,1991
15178,r4i1p1f1,1991,07,23,0.028037965421390254,30.023994,13.129185,1991
15179,r4i1p1f1,1991,07,24,0.04113250141131175,30.696968,12.322431,1991
15180,r4i1p1f1,1991,07,25,0.0,30.082872,12.583567,1991
15181,r4i1p1f1,1991,07,26,0.0,29.722008,12.034631,1991
15182,r4i1p1f1,1991,07,27,0.0011145711255267088,27.961214,9.8347,1991
15183,r4i1p1f1,1991,07,28,0.4669823897131664,23.89483,8.207779,1991
15184,r4i1p1f1,1991,07,29,0.24390034454597753,28.285337,12.020222,1991
15185,r4i1p1f1,1991,07,30,0.009612473240849795,28.109959,11.578062,1991
15186,r4i1p1f1,1991,07,31,0.0,28.008183,11.847034,1991
15187,r4i1p1f1,1991,08,01,0.0,28.054585,11.061177,1991
15188,r4i1p1f1,1991,08,02,0.0,25.55024,9.8739605,1991
15189,r4i1p1f1,1991,08,03,1.902616607836194,25.519218,9.315998,1991
15190,r4i1p1f1,1991,08,04,0.0,24.826033,8.530824,1991
15191,r4i1p1f1,1991,08,05,0.0,27.312252,10.738589,1991
15192,r4i1p1f1,1991,08,06,0.0074933618861905416,28.746996,11.296492,1991
15193,r4i1p1f1,1991,08,07,0.0,28.240374,10.145855,1991
15194,r4i1p1f1,1991,08,08,0.0,28.660387,10.698627,1991
15195,r4i1p1f1,1991,08,09,0.0,28.020908,10.213226,1991
15196,r4i1p1f1,1991,08,10,0.0,27.12112,9.4666195,1991
15197,r4i1p1f1,1991,08,11,0.0,26.513126,9.524627,1991
15198,r4i1p1f1,1991,08,12,0.0,29.919228,12.4290695,1991
15199,r4i1p1f1,1991,08,13,0.0,30.543623,14.085363,1991
15200,r4i1p1f1,1991,08,14,0.0,32.489727,15.398414,1991
15201,r4i1p1f1,1991,08,15,0.0,33.09973,16.870352,1991
15202,r4i1p1f1,1991,08,16,0.0,33.44255,16.470541,1991
15203,r4i1p1f1,1991,08,17,0.0,32.510002,15.221403,1991
15204,r4i1p1f1,1991,08,18,0.0,31.529293,13.640088,1991
15205,r4i1p1f1,1991,08,19,0.0,30.887753,12.667514,1991
15206,r4i1p1f1,1991,08,20,0.0,28.473825,11.284902,1991
15207,r4i1p1f1,1991,08,21,0.0,25.915516,8.649706,1991
15208,r4i1p1f1,1991,08,22,0.0,23.971666,7.04526,1991
15209,r4i1p1f1,1991,08,23,0.0,23.9005,6.4749455,1991
15210,r4i1p1f1,1991,08,24,0.0,26.58226,8.740444,1991
15211,r4i1p1f1,1991,08,25,0.0,29.428581,10.938282,1991
15212,r4i1p1f1,1991,08,26,0.0,30.514034,11.21413,1991
15213,r4i1p1f1,1991,08,27,0.0,31.98525,12.675086,1991
15214,r4i1p1f1,1991,08,28,0.0,32.16838,13.458589,1991
15215,r4i1p1f1,1991,08,29,0.0,29.883484,12.830207,1991
15216,r4i1p1f1,1991,08,30,0.0,28.445475,10.9114065,1991
15217,r4i1p1f1,1991,08,31,0.0,30.599464,12.403926,1991
15218,r4i1p1f1,1991,09,01,2.889544992520321,29.379204,14.25107,1991
15219,r4i1p1f1,1991,09,02,0.03651720780908363,27.247551,10.7329035,1991
15220,r4i1p1f1,1991,09,03,0.0,28.261744,11.854637,1991
15221,r4i1p1f1,1991,09,04,0.0,32.273884,14.362398,1991
15222,r4i1p1f1,1991,09,05,0.0,33.49161,16.45013,1991
15223,r4i1p1f1,1991,09,06,0.0,32.543102,16.175425,1991
15224,r4i1p1f1,1991,09,07,0.0,31.711557,13.83236,1991
15225,r4i1p1f1,1991,09,08,0.0,31.065224,14.341068,1991
15226,r4i1p1f1,1991,09,09,0.0,32.02706,15.110397,1991
15227,r4i1p1f1,1991,09,10,0.0,32.79483,16.036583,1991
15228,r4i1p1f1,1991,09,11,0.0,34.37732,15.946544,1991
15229,r4i1p1f1,1991,09,12,0.0,34.625328,17.179161,1991
15230,r4i1p1f1,1991,09,13,0.0,31.343462,14.668956,1991
15231,r4i1p1f1,1991,09,14,0.0,27.238228,11.149045,1991
15232,r4i1p1f1,1991,09,15,0.0,28.925045,11.5378065,1991
15233,r4i1p1f1,1991,09,16,0.0,28.342428,10.944361,1991
15234,r4i1p1f1,1991,09,17,0.0,27.722282,10.126215,1991
15235,r4i1p1f1,1991,09,18,0.0,26.432795,9.656656,1991
15236,r4i1p1f1,1991,09,19,0.0,27.525928,9.808106,1991
15237,r4i1p1f1,1991,09,20,0.0,27.13263,9.0458975,1991
15238,r4i1p1f1,1991,09,21,0.0,31.548923,12.619839,1991
15239,r4i1p1f1,1991,09,22,0.0,33.080032,14.712526,1991
15240,r4i1p1f1,1991,09,23,0.0,33.114933,15.164409,1991
15241,r4i1p1f1,1991,09,24,0.0,30.191355,11.805771,1991
15242,r4i1p1f1,1991,09,25,0.0,31.802269,12.650223,1991
15243,r4i1p1f1,1991,09,26,0.0,31.422953,17.332945,1991
15244,r4i1p1f1,1991,09,27,4.744061488310081,26.275276,12.855985,1991
15245,r4i1p1f1,1991,09,28,0.8113477242204681,22.054268,9.00172,1991
15246,r4i1p1f1,1991,09,29,2.4893974779161,19.679794,8.604909,1991
15247,r4i1p1f1,1991,09,30,0.01967691909783298,17.544924,4.474942,1991
15248,r4i1p1f1,1991,10,01,0.0,16.314392,2.9037733,1991
15249,r4i1p1f1,1991,10,02,0.0,23.041395,5.8996916,1991
15250,r4i1p1f1,1991,10,03,0.0,25.650099,8.813533,1991
15251,r4i1p1f1,1991,10,04,0.0,26.826963,9.22192,1991
15252,r4i1p1f1,1991,10,05,0.0,26.018005,11.244306,1991
15253,r4i1p1f1,1991,10,06,0.0,24.12307,8.152198,1991
15254,r4i1p1f1,1991,10,07,0.0,25.531223,10.111374,1991
15255,r4i1p1f1,1991,10,08,0.0,26.685966,9.322049,1991
15256,r4i1p1f1,1991,10,09,0.0,26.569304,10.915323,1991
15257,r4i1p1f1,1991,10,10,0.0,24.976826,9.666124,1991
15258,r4i1p1f1,1991,10,11,0.0,23.295376,8.172513,1991
15259,r4i1p1f1,1991,10,12,0.0,20.601244,4.4952297,1991
15260,r4i1p1f1,1991,10,13,0.0,24.284996,6.4932866,1991
15261,r4i1p1f1,1991,10,14,0.0,29.14845,11.009103,1991
15262,r4i1p1f1,1991,10,15,0.0,27.478962,10.298514,1991
15263,r4i1p1f1,1991,10,16,0.0,26.410591,11.083945,1991
15264,r4i1p1f1,1991,10,17,1.0304538753416637,23.99357,11.072745,1991
15265,r4i1p1f1,1991,10,18,0.029483904290827923,23.900139,9.861643,1991
15266,r4i1p1f1,1991,10,19,0.1160775945891146,23.0344,8.610589,1991
15267,r4i1p1f1,1991,10,20,0.0023403084014717024,18.170296,4.57547,1991
15268,r4i1p1f1,1991,10,21,0.0,17.939337,2.6923323,1991
15269,r4i1p1f1,1991,10,22,15.371009119144219,19.438261,6.246502,1991
15270,r4i1p1f1,1991,10,23,2.9357230832545156,12.498859,2.3819845,1991
15271,r4i1p1f1,1991,10,24,0.0,14.254776,2.9764307,1991
15272,r4i1p1f1,1991,10,25,0.0,19.343973,6.3146205,1991
15273,r4i1p1f1,1991,10,26,0.0,22.81202,7.1193795,1991
15274,r4i1p1f1,1991,10,27,0.0,23.200298,8.493244,1991
15275,r4i1p1f1,1991,10,28,0.0,22.618149,6.9893036,1991
15276,r4i1p1f1,1991,10,29,0.0,23.37564,8.273065,1991
15277,r4i1p1f1,1991,10,30,0.0,24.012197,8.965078,1991
15278,r4i1p1f1,1991,10,31,0.0,24.251186,8.525558,1991
15279,r4i1p1f1,1991,11,01,0.0,25.831747,8.851176,1991
15280,r4i1p1f1,1991,11,02,0.0,22.89254,6.4833016,1991
15281,r4i1p1f1,1991,11,03,0.0,13.816222,0.6610439,1991
15282,r4i1p1f1,1991,11,04,0.0,12.127311,-1.2419046,1991
15283,r4i1p1f1,1991,11,05,0.0,15.673179,-0.11954382,1991
15284,r4i1p1f1,1991,11,06,0.0,19.049618,2.669139,1991
15285,r4i1p1f1,1991,11,07,0.0,22.912249,5.7229757,1991
15286,r4i1p1f1,1991,11,08,0.0,23.297766,7.2749915,1991
15287,r4i1p1f1,1991,11,09,0.0,22.970522,8.352652,1991
15288,r4i1p1f1,1991,11,10,1.7010736848561692,16.5879,5.1613717,1991
15289,r4i1p1f1,1991,11,11,21.993581702645315,16.614986,7.2041187,1991
15290,r4i1p1f1,1991,11,12,9.791153433616273,11.656015,1.8396562,1991
15291,r4i1p1f1,1991,11,13,0.024042469885898754,11.304204,-0.4342521,1991
15292,r4i1p1f1,1991,11,14,0.0,12.777459,-0.27762854,1991
15293,r4i1p1f1,1991,11,15,0.8925854145445555,14.4131365,1.9657061,1991
15294,r4i1p1f1,1991,11,16,7.515953060629954,11.022755,4.683194,1991
15295,r4i1p1f1,1991,11,17,38.02257123752497,11.704474,4.0625567,1991
15296,r4i1p1f1,1991,11,18,3.465325469034042,12.635063,2.7681804,1991
15297,r4i1p1f1,1991,11,19,0.00016504438349329575,14.621325,6.954436,1991
15298,r4i1p1f1,1991,11,20,7.3199600921725505,11.010869,-0.1839803,1991
15299,r4i1p1f1,1991,11,21,0.0,9.840715,-1.4562347,1991
15300,r4i1p1f1,1991,11,22,0.0,7.400137,-5.232695,1991
15301,r4i1p1f1,1991,11,23,0.0,6.3973517,-6.3268595,1991
15302,r4i1p1f1,1991,11,24,0.0,6.5832095,-4.7576127,1991
15303,r4i1p1f1,1991,11,25,0.0,7.4269843,-6.2813706,1991
15304,r4i1p1f1,1991,11,26,0.0,8.952244,-5.2543907,1991
15305,r4i1p1f1,1991,11,27,0.0,10.260431,-3.5665386,1991
15306,r4i1p1f1,1991,11,28,0.0,10.977263,-3.8864174,1991
15307,r4i1p1f1,1991,11,29,0.0,11.710026,-1.2396395,1991
15308,r4i1p1f1,1991,11,30,20.60417841785238,9.522915,2.0629997,1991
15309,r4i1p1f1,1991,12,01,5.217770689932877,10.542932,3.2016687,1991
15310,r4i1p1f1,1991,12,02,5.586119053532457,8.55625,2.6127822,1991
15311,r4i1p1f1,1991,12,03,0.7172763658630288,5.9889436,2.1065507,1991
15312,r4i1p1f1,1991,12,04,1.2451926041563866,7.7256036,2.142798,1991
15313,r4i1p1f1,1991,12,05,6.185430271580117,9.538651,3.4823446,1991
15314,r4i1p1f1,1991,12,06,15.064425149540739,8.4896965,3.9679604,1991
15315,r4i1p1f1,1991,12,07,4.708989135019692,12.092239,4.5579495,1991
15316,r4i1p1f1,1991,12,08,0.0,15.491001,3.6783366,1991
15317,r4i1p1f1,1991,12,09,0.0,16.250013,3.6701732,1991
15318,r4i1p1f1,1991,12,10,0.0,16.76997,4.336074,1991
15319,r4i1p1f1,1991,12,11,0.0,17.215843,4.406922,1991
15320,r4i1p1f1,1991,12,12,0.0,17.242714,4.187038,1991
15321,r4i1p1f1,1991,12,13,0.0,16.838467,3.6017523,1991
15322,r4i1p1f1,1991,12,14,0.0,16.418854,3.5981543,1991
15323,r4i1p1f1,1991,12,15,0.0,16.381817,3.5679462,1991
15324,r4i1p1f1,1991,12,16,0.0,16.489824,3.9441495,1991
15325,r4i1p1f1,1991,12,17,0.0,15.410719,3.5779462,1991
15326,r4i1p1f1,1991,12,18,0.0,13.797631,2.9566257,1991
15327,r4i1p1f1,1991,12,19,0.044503206146373486,13.146685,4.6245527,1991
15328,r4i1p1f1,1991,12,20,27.920402870950056,10.944987,4.7630134,1991
15329,r4i1p1f1,1991,12,21,0.9125947124175582,11.779088,2.5347407,1991
15330,r4i1p1f1,1991,12,22,21.883399868420383,11.595621,2.3920267,1991
15331,r4i1p1f1,1991,12,23,9.056443788881552,10.305588,1.0402702,1991
15332,r4i1p1f1,1991,12,24,0.0,11.223263,1.2431502,1991
15333,r4i1p1f1,1991,12,25,0.0,11.512554,1.6085063,1991
15334,r4i1p1f1,1991,12,26,0.0,13.309933,2.0296564,1991
15335,r4i1p1f1,1991,12,27,0.0,12.373843,0.92681205,1991
15336,r4i1p1f1,1991,12,28,0.0,13.265541,1.1730796,1991
15337,r4i1p1f1,1991,12,29,0.0,15.995641,2.9793406,1991
15338,r4i1p1f1,1991,12,30,0.0,17.283106,3.8793535,1991
15339,r4i1p1f1,1991,12,31,0.0,14.217989,3.8009021,1991
15340,r4i1p1f1,1992,01,01,0.0,14.465288,4.504346,1992
15341,r4i1p1f1,1992,01,02,0.0,16.025536,3.8972042,1992
15342,r4i1p1f1,1992,01,03,0.864648699749182,14.884654,2.6613894,1992
15343,r4i1p1f1,1992,01,04,0.0,12.661117,2.88732,1992
15344,r4i1p1f1,1992,01,05,0.0,12.45228,0.24861945,1992
15345,r4i1p1f1,1992,01,06,0.0,10.369719,-2.2049704,1992
15346,r4i1p1f1,1992,01,07,0.0,12.2926655,-0.325514,1992
15347,r4i1p1f1,1992,01,08,1.6292646458339277,11.744779,4.0576725,1992
15348,r4i1p1f1,1992,01,09,49.39896053401753,7.949612,0.907821,1992
15349,r4i1p1f1,1992,01,10,3.4710283147433074,9.55634,-0.13762702,1992
15350,r4i1p1f1,1992,01,11,0.0,10.834234,-0.9300556,1992
15351,r4i1p1f1,1992,01,12,0.0,11.071415,-0.8917104,1992
15352,r4i1p1f1,1992,01,13,0.0,10.684167,-0.28598335,1992
15353,r4i1p1f1,1992,01,14,0.0,10.116679,-0.96473694,1992
15354,r4i1p1f1,1992,01,15,0.0,11.39907,-0.25026914,1992
15355,r4i1p1f1,1992,01,16,0.0,11.284909,0.7745474,1992
15356,r4i1p1f1,1992,01,17,0.0,13.468768,1.6911525,1992
15357,r4i1p1f1,1992,01,18,0.0,18.614874,4.6826515,1992
15358,r4i1p1f1,1992,01,19,0.0,17.794153,3.4412148,1992
15359,r4i1p1f1,1992,01,20,0.0,16.52993,2.7899978,1992
15360,r4i1p1f1,1992,01,21,0.0,14.442005,2.6220438,1992
15361,r4i1p1f1,1992,01,22,0.0,13.406073,1.6484784,1992
15362,r4i1p1f1,1992,01,23,0.0,14.876879,2.0124235,1992
15363,r4i1p1f1,1992,01,24,6.772321854839447,10.17011,2.5703433,1992
15364,r4i1p1f1,1992,01,25,0.0,11.267186,0.41071272,1992
15365,r4i1p1f1,1992,01,26,0.0,11.339977,0.33018017,1992
15366,r4i1p1f1,1992,01,27,0.0,13.16533,0.3627429,1992
15367,r4i1p1f1,1992,01,28,0.0,15.842131,2.1056366,1992
15368,r4i1p1f1,1992,01,29,0.0,15.867499,2.869403,1992
15369,r4i1p1f1,1992,01,30,0.0,14.720632,1.8496494,1992
15370,r4i1p1f1,1992,01,31,0.0,14.104638,0.9525916,1992
15371,r4i1p1f1,1992,02,01,0.0,13.897861,1.1070837,1992
15372,r4i1p1f1,1992,02,02,0.0,15.939738,1.4520082,1992
15373,r4i1p1f1,1992,02,03,0.0,16.09759,3.0202026,1992
15374,r4i1p1f1,1992,02,04,0.0,20.137474,4.527824,1992
15375,r4i1p1f1,1992,02,05,0.0,18.791542,4.916268,1992
15376,r4i1p1f1,1992,02,06,0.0,18.768097,4.012766,1992
15377,r4i1p1f1,1992,02,07,0.0,19.614471,4.7661686,1992
15378,r4i1p1f1,1992,02,08,0.0,19.474478,4.353809,1992
15379,r4i1p1f1,1992,02,09,0.0,19.486052,4.0642257,1992
15380,r4i1p1f1,1992,02,10,0.0,18.977617,3.9302511,1992
15381,r4i1p1f1,1992,02,11,0.0,18.328339,4.2137585,1992
15382,r4i1p1f1,1992,02,12,0.04218524950374558,17.086311,4.292076,1992
15383,r4i1p1f1,1992,02,13,0.01808554881854718,14.888951,5.5422244,1992
15384,r4i1p1f1,1992,02,14,5.146279616536731,15.000927,7.3903885,1992
15385,r4i1p1f1,1992,02,15,0.0,15.357607,4.801784,1992
15386,r4i1p1f1,1992,02,16,0.0,18.88878,5.6432157,1992
15387,r4i1p1f1,1992,02,17,0.0,21.51309,7.4330835,1992
15388,r4i1p1f1,1992,02,18,0.0,22.13011,6.948805,1992
15389,r4i1p1f1,1992,02,19,0.0,20.576385,5.862207,1992
15390,r4i1p1f1,1992,02,20,0.0,20.396883,6.4192677,1992
15391,r4i1p1f1,1992,02,21,0.0,20.86605,5.411367,1992
15392,r4i1p1f1,1992,02,22,0.0,19.846962,5.4950137,1992
15393,r4i1p1f1,1992,02,23,0.0,21.162819,6.660823,1992
15394,r4i1p1f1,1992,02,24,0.0,20.594038,6.41103,1992
15395,r4i1p1f1,1992,02,25,0.0,19.872433,4.986958,1992
15396,r4i1p1f1,1992,02,26,0.0,17.884846,3.5881124,1992
15397,r4i1p1f1,1992,02,27,0.0,18.121605,4.363432,1992
15398,r4i1p1f1,1992,02,28,0.0,18.544453,4.801799,1992
15399,r4i1p1f1,1992,02,29,0.0,17.894463,4.5863266,1992
15400,r4i1p1f1,1992,03,01,0.0,20.475912,4.5055685,1992
15401,r4i1p1f1,1992,03,02,0.0,20.329514,5.0358877,1992
15402,r4i1p1f1,1992,03,03,0.06978497875991252,18.530228,4.2162895,1992
15403,r4i1p1f1,1992,03,04,0.0,16.624079,3.188832,1992
15404,r4i1p1f1,1992,03,05,0.0,15.960114,3.0571408,1992
15405,r4i1p1f1,1992,03,06,10.175150500344898,11.632953,1.4970967,1992
15406,r4i1p1f1,1992,03,07,0.0,14.625473,1.7635161,1992
15407,r4i1p1f1,1992,03,08,0.0,14.501583,0.14297836,1992
15408,r4i1p1f1,1992,03,09,0.0,15.268433,1.3659663,1992
15409,r4i1p1f1,1992,03,10,11.914635595667278,12.903602,-0.7057558,1992
15410,r4i1p1f1,1992,03,11,0.0841143917952536,14.069523,1.65862,1992
15411,r4i1p1f1,1992,03,12,0.0,12.809906,-1.1759254,1992
15412,r4i1p1f1,1992,03,13,4.1758887108446885,5.890408,-4.6815834,1992
15413,r4i1p1f1,1992,03,14,0.0,9.5093355,-4.482889,1992
15414,r4i1p1f1,1992,03,15,0.0,11.610343,-1.0156522,1992
15415,r4i1p1f1,1992,03,16,0.0,11.121904,-3.4129329,1992
15416,r4i1p1f1,1992,03,17,0.0,15.058644,-1.2875494,1992
15417,r4i1p1f1,1992,03,18,0.0,17.963575,0.33121485,1992
15418,r4i1p1f1,1992,03,19,0.08862180732194247,16.640247,0.5204192,1992
15419,r4i1p1f1,1992,03,20,4.974142145078986,8.217598,-2.4910133,1992
15420,r4i1p1f1,1992,03,21,2.135278468233537,10.044718,-1.3532584,1992
15421,r4i1p1f1,1992,03,22,0.17629694470997492,8.191413,1.7385676,1992
15422,r4i1p1f1,1992,03,23,0.0,17.809801,2.8583832,1992
15423,r4i1p1f1,1992,03,24,0.0,18.250202,4.575428,1992
15424,r4i1p1f1,1992,03,25,0.0,18.294497,4.684366,1992
15425,r4i1p1f1,1992,03,26,0.0,14.951494,1.8461903,1992
15426,r4i1p1f1,1992,03,27,0.0,13.832018,0.3486895,1992
15427,r4i1p1f1,1992,03,28,0.0,16.62088,1.7325073,1992
15428,r4i1p1f1,1992,03,29,15.461919415702141,13.792186,-0.012552632,1992
15429,r4i1p1f1,1992,03,30,17.02888775798783,10.201245,2.3640718,1992
15430,r4i1p1f1,1992,03,31,10.868646073640775,9.359455,-0.52530706,1992
15431,r4i1p1f1,1992,04,01,0.0,14.213993,-1.1231401,1992
15432,r4i1p1f1,1992,04,02,0.0,18.128233,1.7198756,1992
15433,r4i1p1f1,1992,04,03,0.0,22.905443,5.048554,1992
15434,r4i1p1f1,1992,04,04,0.0,23.65102,7.7097373,1992
15435,r4i1p1f1,1992,04,05,50.26411954549985,13.693805,0.92882633,1992
15436,r4i1p1f1,1992,04,06,12.227982896592948,10.103025,2.0224924,1992
15437,r4i1p1f1,1992,04,07,0.0,11.466679,2.5737123,1992
15438,r4i1p1f1,1992,04,08,0.0028933510520801065,11.402398,1.6177695,1992
15439,r4i1p1f1,1992,04,09,1.6751739868539062,8.112852,-0.13992803,1992
15440,r4i1p1f1,1992,04,10,41.446541842014994,6.8516803,-2.5127504,1992
15441,r4i1p1f1,1992,04,11,0.01352910180685285,8.82927,-5.9933386,1992
15442,r4i1p1f1,1992,04,12,5.196383196505394,6.789709,-4.3124566,1992
15443,r4i1p1f1,1992,04,13,19.487928185117198,5.261736,0.7551178,1992
15444,r4i1p1f1,1992,04,14,13.66647041959368,7.8541894,0.2460307,1992
15445,r4i1p1f1,1992,04,15,0.0,11.667026,-0.45353138,1992
15446,r4i1p1f1,1992,04,16,0.0,14.621616,-1.403635,1992
15447,r4i1p1f1,1992,04,17,0.0,17.807749,1.5251832,1992
15448,r4i1p1f1,1992,04,18,0.0,19.283394,3.7120929,1992
15449,r4i1p1f1,1992,04,19,0.0,19.9547,3.6190867,1992
15450,r4i1p1f1,1992,04,20,0.0,21.097141,5.5414386,1992
15451,r4i1p1f1,1992,04,21,7.743266064471754,15.498498,1.2374005,1992
15452,r4i1p1f1,1992,04,22,0.10947143600787967,16.06852,6.7690687,1992
15453,r4i1p1f1,1992,04,23,0.0,18.254328,2.7819743,1992
15454,r4i1p1f1,1992,04,24,0.0,19.15152,4.238444,1992
15455,r4i1p1f1,1992,04,25,0.0,23.047592,6.6446533,1992
15456,r4i1p1f1,1992,04,26,0.0,24.960056,6.6426754,1992
15457,r4i1p1f1,1992,04,27,0.0,25.11463,7.512937,1992
15458,r4i1p1f1,1992,04,28,0.0,27.863342,9.54737,1992
15459,r4i1p1f1,1992,04,29,0.0,28.002365,10.686827,1992
15460,r4i1p1f1,1992,04,30,0.0,27.065378,9.378863,1992
15461,r4i1p1f1,1992,05,01,0.0,25.614212,9.58833,1992
15462,r4i1p1f1,1992,05,02,0.0,27.06642,9.38848,1992
15463,r4i1p1f1,1992,05,03,0.0,28.881077,10.454557,1992
15464,r4i1p1f1,1992,05,04,0.0,30.253483,12.399895,1992
15465,r4i1p1f1,1992,05,05,0.0,31.59804,13.555568,1992
15466,r4i1p1f1,1992,05,06,0.0,32.730793,14.500539,1992
15467,r4i1p1f1,1992,05,07,0.21260865898966586,31.704996,14.537745,1992
15468,r4i1p1f1,1992,05,08,0.10003537699958542,34.134842,15.525944,1992
15469,r4i1p1f1,1992,05,09,0.0059857702581211925,31.05007,13.29314,1992
15470,r4i1p1f1,1992,05,10,0.0,26.017569,10.93067,1992
15471,r4i1p1f1,1992,05,11,0.0,25.090284,8.554256,1992
15472,r4i1p1f1,1992,05,12,0.0,26.073027,9.490112,1992
15473,r4i1p1f1,1992,05,13,0.13286121907185588,23.147459,6.048936,1992
15474,r4i1p1f1,1992,05,14,2.5186205031786812,15.086938,-0.2633891,1992
15475,r4i1p1f1,1992,05,15,0.7039463604030516,14.996397,0.4901715,1992
15476,r4i1p1f1,1992,05,16,0.5335925190337321,15.45991,4.3521147,1992
15477,r4i1p1f1,1992,05,17,2.8059092157718624,12.315936,4.540706,1992
15478,r4i1p1f1,1992,05,18,0.034262374254012684,19.59257,4.918066,1992
15479,r4i1p1f1,1992,05,19,0.014004705201386969,16.708931,3.236525,1992
15480,r4i1p1f1,1992,05,20,3.530369224426977,16.086199,4.661781,1992
15481,r4i1p1f1,1992,05,21,7.912417415872142,15.203762,2.5809736,1992
15482,r4i1p1f1,1992,05,22,16.24132970264327,15.600684,0.349489,1992
15483,r4i1p1f1,1992,05,23,0.006323129309748765,17.298166,3.8899684,1992
15484,r4i1p1f1,1992,05,24,0.9958232924960342,16.398874,3.6686733,1992
15485,r4i1p1f1,1992,05,25,0.0,18.828669,4.342428,1992
15486,r4i1p1f1,1992,05,26,0.0,20.958881,4.701244,1992
15487,r4i1p1f1,1992,05,27,0.0,19.93075,7.3797703,1992
15488,r4i1p1f1,1992,05,28,0.0,23.226406,7.236719,1992
15489,r4i1p1f1,1992,05,29,0.0,25.870628,8.690546,1992
15490,r4i1p1f1,1992,05,30,0.0,26.984884,9.971561,1992
15491,r4i1p1f1,1992,05,31,0.0,26.55675,8.20844,1992
15492,r4i1p1f1,1992,06,01,0.0,27.277351,8.677029,1992
15493,r4i1p1f1,1992,06,02,0.0,29.411821,9.258499,1992
15494,r4i1p1f1,1992,06,03,0.0,31.620321,12.504939,1992
15495,r4i1p1f1,1992,06,04,0.0,34.749313,15.180766,1992
15496,r4i1p1f1,1992,06,05,0.0,35.07581,14.745976,1992
15497,r4i1p1f1,1992,06,06,0.0,32.681232,13.684353,1992
15498,r4i1p1f1,1992,06,07,0.0,29.142979,9.961775,1992
15499,r4i1p1f1,1992,06,08,0.0,27.771317,9.272132,1992
15500,r4i1p1f1,1992,06,09,0.0,28.051992,9.136922,1992
15501,r4i1p1f1,1992,06,10,0.0,28.414146,10.235853,1992
15502,r4i1p1f1,1992,06,11,0.0,28.057026,9.416063,1992
15503,r4i1p1f1,1992,06,12,0.0,27.241234,9.099554,1992
15504,r4i1p1f1,1992,06,13,0.0,26.16048,9.2484455,1992
15505,r4i1p1f1,1992,06,14,0.0,24.64254,8.337709,1992
15506,r4i1p1f1,1992,06,15,0.0,26.561626,8.946221,1992
15507,r4i1p1f1,1992,06,16,0.0,29.091576,10.20678,1992
15508,r4i1p1f1,1992,06,17,0.0,30.76409,11.807032,1992
15509,r4i1p1f1,1992,06,18,0.0,32.66647,14.161991,1992
15510,r4i1p1f1,1992,06,19,0.0,35.665615,15.619595,1992
15511,r4i1p1f1,1992,06,20,0.0,35.15893,15.209022,1992
15512,r4i1p1f1,1992,06,21,0.0,31.413029,12.323596,1992
15513,r4i1p1f1,1992,06,22,0.0,30.590172,11.579572,1992
15514,r4i1p1f1,1992,06,23,0.0,30.660048,11.228256,1992
15515,r4i1p1f1,1992,06,24,0.0,29.734013,11.157208,1992
15516,r4i1p1f1,1992,06,25,0.0,28.8514,10.704401,1992
15517,r4i1p1f1,1992,06,26,0.0,31.596388,12.037971,1992
15518,r4i1p1f1,1992,06,27,0.0,30.877577,11.6227,1992
15519,r4i1p1f1,1992,06,28,0.0,31.781128,12.978008,1992
15520,r4i1p1f1,1992,06,29,0.0,31.930834,13.407293,1992
15521,r4i1p1f1,1992,06,30,0.0,29.784101,10.7385235,1992
15522,r4i1p1f1,1992,07,01,0.0,27.363686,8.638844,1992
15523,r4i1p1f1,1992,07,02,0.1763117262726155,25.669235,7.7291665,1992
15524,r4i1p1f1,1992,07,03,0.1512709279268165,20.798145,6.0638003,1992
15525,r4i1p1f1,1992,07,04,0.0929947878830717,23.78912,6.007654,1992
15526,r4i1p1f1,1992,07,05,0.0,25.987549,7.94368,1992
15527,r4i1p1f1,1992,07,06,0.0,25.930445,7.834017,1992
15528,r4i1p1f1,1992,07,07,0.0,21.334917,5.7750607,1992
15529,r4i1p1f1,1992,07,08,0.0,27.346636,7.0400624,1992
15530,r4i1p1f1,1992,07,09,0.0,28.164776,8.792652,1992
15531,r4i1p1f1,1992,07,10,0.0,29.138899,9.8308525,1992
15532,r4i1p1f1,1992,07,11,0.0,30.036617,9.639824,1992
15533,r4i1p1f1,1992,07,12,0.0,31.572557,11.188623,1992
15534,r4i1p1f1,1992,07,13,0.0,33.485832,12.513683,1992
15535,r4i1p1f1,1992,07,14,0.0,34.105938,15.655005,1992
15536,r4i1p1f1,1992,07,15,0.0,35.58936,15.18221,1992
15537,r4i1p1f1,1992,07,16,0.0,36.573902,16.42371,1992
15538,r4i1p1f1,1992,07,17,0.0,36.667282,17.773132,1992
15539,r4i1p1f1,1992,07,18,0.0,36.760376,17.166615,1992
15540,r4i1p1f1,1992,07,19,0.0015905302461760584,36.84755,19.943552,1992
15541,r4i1p1f1,1992,07,20,0.0,35.53722,17.652523,1992
15542,r4i1p1f1,1992,07,21,0.0,34.58632,15.86224,1992
15543,r4i1p1f1,1992,07,22,0.0,33.656364,15.582326,1992
15544,r4i1p1f1,1992,07,23,0.0,32.79112,13.35081,1992
15545,r4i1p1f1,1992,07,24,0.003516471952025313,32.60635,13.468124,1992
15546,r4i1p1f1,1992,07,25,0.0,33.603462,16.046448,1992
15547,r4i1p1f1,1992,07,26,0.0,36.185074,17.002132,1992
15548,r4i1p1f1,1992,07,27,0.0,37.84731,18.909054,1992
15549,r4i1p1f1,1992,07,28,0.0,37.17286,18.517479,1992
15550,r4i1p1f1,1992,07,29,0.0,34.716965,14.871183,1992
15551,r4i1p1f1,1992,07,30,0.0,33.32721,13.642719,1992
15552,r4i1p1f1,1992,07,31,0.0,33.70449,13.943613,1992
15553,r4i1p1f1,1992,08,01,0.0,34.58058,15.759718,1992
15554,r4i1p1f1,1992,08,02,0.0,34.489697,16.04377,1992
15555,r4i1p1f1,1992,08,03,0.0,33.861782,15.027311,1992
15556,r4i1p1f1,1992,08,04,0.0,32.78874,13.361569,1992
15557,r4i1p1f1,1992,08,05,0.0,31.137505,11.550688,1992
15558,r4i1p1f1,1992,08,06,0.0,30.62088,12.087093,1992
15559,r4i1p1f1,1992,08,07,0.0,32.606228,12.820841,1992
15560,r4i1p1f1,1992,08,08,0.0,32.167274,14.363702,1992
15561,r4i1p1f1,1992,08,09,0.0,28.708578,9.949993,1992
15562,r4i1p1f1,1992,08,10,0.0,30.291164,10.919405,1992
15563,r4i1p1f1,1992,08,11,0.0,32.043102,13.108509,1992
15564,r4i1p1f1,1992,08,12,0.0,33.217598,14.028321,1992
15565,r4i1p1f1,1992,08,13,0.0,32.087616,13.445798,1992
15566,r4i1p1f1,1992,08,14,0.0,31.264866,11.593276,1992
15567,r4i1p1f1,1992,08,15,0.0,32.957108,14.0077,1992
15568,r4i1p1f1,1992,08,16,0.0,33.210026,15.197296,1992
15569,r4i1p1f1,1992,08,17,0.0,34.646347,15.631799,1992
15570,r4i1p1f1,1992,08,18,0.0,35.075928,15.910204,1992
15571,r4i1p1f1,1992,08,19,0.0,34.866795,16.917793,1992
15572,r4i1p1f1,1992,08,20,0.0,33.138077,14.495708,1992
15573,r4i1p1f1,1992,08,21,0.0,33.34933,15.038929,1992
15574,r4i1p1f1,1992,08,22,0.00255418178767286,33.430054,16.08041,1992
15575,r4i1p1f1,1992,08,23,0.0,35.29064,15.105572,1992
15576,r4i1p1f1,1992,08,24,0.0,35.422535,17.369295,1992
15577,r4i1p1f1,1992,08,25,0.0,34.921207,16.48213,1992
15578,r4i1p1f1,1992,08,26,0.4517853106790426,36.151756,15.876316,1992
15579,r4i1p1f1,1992,08,27,0.0,34.25817,15.25429,1992
15580,r4i1p1f1,1992,08,28,0.0,33.56618,13.819004,1992
15581,r4i1p1f1,1992,08,29,0.0,32.083332,12.782366,1992
15582,r4i1p1f1,1992,08,30,0.0,31.686514,12.333176,1992
15583,r4i1p1f1,1992,08,31,0.0,31.145813,13.183378,1992
15584,r4i1p1f1,1992,09,01,0.0,28.828697,11.952676,1992
15585,r4i1p1f1,1992,09,02,0.0,29.677896,11.785947,1992
15586,r4i1p1f1,1992,09,03,0.014124819074368133,28.63909,13.927732,1992
15587,r4i1p1f1,1992,09,04,0.0,29.700518,13.464839,1992
15588,r4i1p1f1,1992,09,05,0.0,31.190922,14.37791,1992
15589,r4i1p1f1,1992,09,06,0.0,31.156948,14.707579,1992
15590,r4i1p1f1,1992,09,07,0.0,31.165398,13.360439,1992
15591,r4i1p1f1,1992,09,08,0.0,29.168304,10.542599,1992
15592,r4i1p1f1,1992,09,09,0.0,25.866161,7.095808,1992
15593,r4i1p1f1,1992,09,10,0.0,23.196302,7.7891726,1992
15594,r4i1p1f1,1992,09,11,0.015733576336174337,24.299295,8.175544,1992
15595,r4i1p1f1,1992,09,12,0.4472902578370963,25.776468,9.601226,1992
15596,r4i1p1f1,1992,09,13,0.0,29.753153,13.775523,1992
15597,r4i1p1f1,1992,09,14,0.0,32.859684,13.957196,1992
15598,r4i1p1f1,1992,09,15,0.0,33.23343,15.613471,1992
15599,r4i1p1f1,1992,09,16,0.0,30.468615,14.531614,1992
15600,r4i1p1f1,1992,09,17,0.0,29.431084,11.88689,1992
15601,r4i1p1f1,1992,09,18,0.0,27.936049,10.903754,1992
15602,r4i1p1f1,1992,09,19,0.0,29.915493,11.083516,1992
15603,r4i1p1f1,1992,09,20,0.0,30.255074,11.4444065,1992
15604,r4i1p1f1,1992,09,21,0.0,31.02794,11.821899,1992
15605,r4i1p1f1,1992,09,22,0.0,32.764484,12.878798,1992
15606,r4i1p1f1,1992,09,23,0.0,32.55595,13.060904,1992
15607,r4i1p1f1,1992,09,24,0.0,33.087784,13.1288,1992
15608,r4i1p1f1,1992,09,25,0.0006119193812992307,31.662558,14.468151,1992
15609,r4i1p1f1,1992,09,26,0.16396210880262885,29.43331,12.837623,1992
15610,r4i1p1f1,1992,09,27,0.11670857579986205,26.957623,11.100034,1992
15611,r4i1p1f1,1992,09,28,0.0026719913876149803,27.585857,12.050446,1992
15612,r4i1p1f1,1992,09,29,0.0,29.951103,12.980341,1992
15613,r4i1p1f1,1992,09,30,0.0,30.042183,12.207867,1992
15614,r4i1p1f1,1992,10,01,0.0,30.85512,12.314985,1992
15615,r4i1p1f1,1992,10,02,0.0,30.275486,13.223063,1992
15616,r4i1p1f1,1992,10,03,0.0,28.41021,9.730406,1992
15617,r4i1p1f1,1992,10,04,0.0,26.568424,9.275295,1992
15618,r4i1p1f1,1992,10,05,0.0,26.98601,9.189754,1992
15619,r4i1p1f1,1992,10,06,0.0,26.494972,9.258844,1992
15620,r4i1p1f1,1992,10,07,0.0,28.258095,9.880456,1992
15621,r4i1p1f1,1992,10,08,0.0,27.851576,10.221721,1992
15622,r4i1p1f1,1992,10,09,0.0,27.674086,8.456154,1992
15623,r4i1p1f1,1992,10,10,0.0,24.689096,8.500557,1992
15624,r4i1p1f1,1992,10,11,0.0,21.645655,6.367375,1992
15625,r4i1p1f1,1992,10,12,0.0,19.962471,4.1505666,1992
15626,r4i1p1f1,1992,10,13,0.0,19.945717,4.6785264,1992
15627,r4i1p1f1,1992,10,14,0.27871549029896414,21.010574,8.216312,1992
15628,r4i1p1f1,1992,10,15,0.18512926518496897,18.702671,6.859071,1992
15629,r4i1p1f1,1992,10,16,0.0,20.875145,4.9670506,1992
15630,r4i1p1f1,1992,10,17,0.0,23.620476,6.68533,1992
15631,r4i1p1f1,1992,10,18,0.0,23.252115,8.040905,1992
15632,r4i1p1f1,1992,10,19,0.0,23.885223,7.205673,1992
15633,r4i1p1f1,1992,10,20,0.0,25.47269,9.485171,1992
15634,r4i1p1f1,1992,10,21,0.0,25.020119,6.867098,1992
15635,r4i1p1f1,1992,10,22,0.0,25.392569,7.66757,1992
15636,r4i1p1f1,1992,10,23,0.0,25.754755,7.8304043,1992
15637,r4i1p1f1,1992,10,24,0.0,25.271046,9.060329,1992
15638,r4i1p1f1,1992,10,25,0.0,24.663221,7.7264957,1992
15639,r4i1p1f1,1992,10,26,0.0,22.568644,5.4100966,1992
15640,r4i1p1f1,1992,10,27,0.0,21.30309,4.8467727,1992
15641,r4i1p1f1,1992,10,28,0.0,20.977705,4.4179187,1992
15642,r4i1p1f1,1992,10,29,0.0,24.136227,5.977362,1992
15643,r4i1p1f1,1992,10,30,0.0,23.35417,6.5533457,1992
15644,r4i1p1f1,1992,10,31,0.0,20.543688,4.8099546,1992
15645,r4i1p1f1,1992,11,01,0.0,19.3298,1.9613149,1992
15646,r4i1p1f1,1992,11,02,0.0,19.984818,3.729854,1992
15647,r4i1p1f1,1992,11,03,0.0,18.948927,5.6580677,1992
15648,r4i1p1f1,1992,11,04,0.0,16.919397,2.0906847,1992
15649,r4i1p1f1,1992,11,05,0.0,18.470284,2.3375823,1992
15650,r4i1p1f1,1992,11,06,0.0,18.781837,2.8956237,1992
15651,r4i1p1f1,1992,11,07,0.0,17.649591,3.4662595,1992
15652,r4i1p1f1,1992,11,08,0.0,18.41259,1.9030852,1992
15653,r4i1p1f1,1992,11,09,0.0,19.245667,4.083318,1992
15654,r4i1p1f1,1992,11,10,3.9791119466144664,14.957808,4.169325,1992
15655,r4i1p1f1,1992,11,11,0.0,12.514537,-0.18331592,1992
15656,r4i1p1f1,1992,11,12,0.0,13.223548,0.59417367,1992
15657,r4i1p1f1,1992,11,13,0.0,15.309097,0.49559048,1992
15658,r4i1p1f1,1992,11,14,0.0,19.792276,2.4478054,1992
15659,r4i1p1f1,1992,11,15,0.0,20.43365,3.336448,1992
15660,r4i1p1f1,1992,11,16,0.0,20.28973,3.9997249,1992
15661,r4i1p1f1,1992,11,17,0.0,19.576368,3.2454147,1992
15662,r4i1p1f1,1992,11,18,0.0,17.352886,1.1956255,1992
15663,r4i1p1f1,1992,11,19,0.0,18.304434,1.2103772,1992
15664,r4i1p1f1,1992,11,20,0.0,17.567993,3.506354,1992
15665,r4i1p1f1,1992,11,21,21.691205824026838,15.616527,5.344564,1992
15666,r4i1p1f1,1992,11,22,33.17594435720821,13.671351,9.040066,1992
15667,r4i1p1f1,1992,11,23,39.36456938245101,14.046085,6.4149637,1992
15668,r4i1p1f1,1992,11,24,48.71866897210566,16.294111,8.790812,1992
15669,r4i1p1f1,1992,11,25,28.71606300213898,14.546143,2.1985373,1992
15670,r4i1p1f1,1992,11,26,0.0,10.699262,-0.74792635,1992
15671,r4i1p1f1,1992,11,27,0.0,10.746423,-1.0564461,1992
15672,r4i1p1f1,1992,11,28,0.0,10.154659,-1.5019727,1992
15673,r4i1p1f1,1992,11,29,0.0,11.367655,-1.6034042,1992
15674,r4i1p1f1,1992,11,30,0.0,11.544551,-1.7496684,1992
15675,r4i1p1f1,1992,12,01,0.0,12.651968,0.56283915,1992
15676,r4i1p1f1,1992,12,02,0.0,11.345836,-0.47276747,1992
15677,r4i1p1f1,1992,12,03,0.0,6.737458,-4.6720796,1992
15678,r4i1p1f1,1992,12,04,0.0,10.6097975,-1.3158077,1992
15679,r4i1p1f1,1992,12,05,0.0,9.48177,-0.8698338,1992
15680,r4i1p1f1,1992,12,06,0.0,11.661422,1.1829883,1992
15681,r4i1p1f1,1992,12,07,0.0,12.958424,2.3227494,1992
15682,r4i1p1f1,1992,12,08,0.0,12.986042,3.0054235,1992
15683,r4i1p1f1,1992,12,09,0.0,13.572472,3.5766466,1992
15684,r4i1p1f1,1992,12,10,0.0,12.361778,4.4940543,1992
15685,r4i1p1f1,1992,12,11,0.75420361560532,13.087201,4.31775,1992
15686,r4i1p1f1,1992,12,12,17.987864688075206,13.872448,8.128483,1992
15687,r4i1p1f1,1992,12,13,0.880114568929713,12.857001,6.7097683,1992
15688,r4i1p1f1,1992,12,14,9.382924428200567,11.915199,2.9014592,1992
15689,r4i1p1f1,1992,12,15,33.48426072989241,11.48571,0.082610875,1992
15690,r4i1p1f1,1992,12,16,0.0,4.400942,-5.178541,1992
15691,r4i1p1f1,1992,12,17,0.0,0.31880283,-10.969829,1992
15692,r4i1p1f1,1992,12,18,0.0,3.585137,-7.750034,1992
15693,r4i1p1f1,1992,12,19,0.0,5.652311,-4.718645,1992
15694,r4i1p1f1,1992,12,20,0.0,10.59106,-0.78613746,1992
15695,r4i1p1f1,1992,12,21,0.0,12.499217,0.8614962,1992
15696,r4i1p1f1,1992,12,22,0.0,12.234208,0.22748508,1992
15697,r4i1p1f1,1992,12,23,0.0,12.464895,-0.06708601,1992
15698,r4i1p1f1,1992,12,24,0.0,12.633454,0.5163851,1992
15699,r4i1p1f1,1992,12,25,0.0,11.559257,0.40515846,1992
15700,r4i1p1f1,1992,12,26,0.0,11.754622,-0.044708516,1992
15701,r4i1p1f1,1992,12,27,0.0,12.541721,0.27611172,1992
15702,r4i1p1f1,1992,12,28,0.0,11.984837,0.42670637,1992
15703,r4i1p1f1,1992,12,29,0.08802026555088105,12.093487,1.6261817,1992
15704,r4i1p1f1,1992,12,30,11.40393956659409,6.0087967,-1.7454249,1992
15705,r4i1p1f1,1992,12,31,0.0,5.4458447,-4.6279507,1992
15706,r4i1p1f1,1993,01,01,4.10289574047269,3.9029143,-2.799328,1993
15707,r4i1p1f1,1993,01,02,0.0,7.893447,-2.9650006,1993
15708,r4i1p1f1,1993,01,03,3.79697197229234,5.6614146,-1.2916901,1993
15709,r4i1p1f1,1993,01,04,17.275776740734727,6.8500457,1.2858768,1993
15710,r4i1p1f1,1993,01,05,13.892381939604093,6.7518115,2.6028693,1993
15711,r4i1p1f1,1993,01,06,11.11802718112358,10.750961,3.661819,1993
15712,r4i1p1f1,1993,01,07,9.815572609750234,11.21596,3.7576609,1993
15713,r4i1p1f1,1993,01,08,15.770620974217309,13.855456,-1.2238631,1993
15714,r4i1p1f1,1993,01,09,23.188268533704104,8.621503,-4.3988056,1993
15715,r4i1p1f1,1993,01,10,76.2745071479003,15.208734,3.312625,1993
15716,r4i1p1f1,1993,01,11,5.849841883286899,11.124488,-1.579168,1993
15717,r4i1p1f1,1993,01,12,0.0,5.495292,-4.367468,1993
15718,r4i1p1f1,1993,01,13,0.0,6.9979134,-1.8648006,1993
15719,r4i1p1f1,1993,01,14,7.637958203940798,1.7349657,-3.4870818,1993
15720,r4i1p1f1,1993,01,15,44.29261688492261,3.722877,-3.3591337,1993
15721,r4i1p1f1,1993,01,16,42.96562773502046,6.7955427,0.8713678,1993
15722,r4i1p1f1,1993,01,17,0.0,8.955823,-3.63954,1993
15723,r4i1p1f1,1993,01,18,0.0,10.517112,-1.9739138,1993
15724,r4i1p1f1,1993,01,19,0.0,10.1511135,-2.342521,1993
15725,r4i1p1f1,1993,01,20,0.0,9.622028,-0.5591729,1993
15726,r4i1p1f1,1993,01,21,43.401002006430645,6.53067,1.937284,1993
15727,r4i1p1f1,1993,01,22,0.0,6.747142,-5.718397,1993
15728,r4i1p1f1,1993,01,23,14.892369702829455,9.217724,-3.7904308,1993
15729,r4i1p1f1,1993,01,24,16.426871969633794,9.593163,2.1877334,1993
15730,r4i1p1f1,1993,01,25,5.393151842349653,7.325655,0.85258216,1993
15731,r4i1p1f1,1993,01,26,14.983885443052714,6.303606,-2.223663,1993
15732,r4i1p1f1,1993,01,27,0.0,6.956401,-6.7428985,1993
15733,r4i1p1f1,1993,01,28,0.0,6.1932406,-3.600525,1993
15734,r4i1p1f1,1993,01,29,0.6681424906332722,7.9626813,2.9421394,1993
15735,r4i1p1f1,1993,01,30,0.0,11.339852,-0.80173945,1993
15736,r4i1p1f1,1993,01,31,0.0,12.37357,0.55136275,1993
15737,r4i1p1f1,1993,02,01,0.0,12.923687,0.5583206,1993
15738,r4i1p1f1,1993,02,02,0.0,14.262743,3.0120382,1993
15739,r4i1p1f1,1993,02,03,0.0,14.158164,3.6908405,1993
15740,r4i1p1f1,1993,02,04,0.0,14.717358,3.1662703,1993
15741,r4i1p1f1,1993,02,05,0.0,14.99843,4.1277895,1993
15742,r4i1p1f1,1993,02,06,0.0,15.395748,3.0848134,1993
15743,r4i1p1f1,1993,02,07,0.0,18.095888,3.7555532,1993
15744,r4i1p1f1,1993,02,08,1.6437898390080363,13.325202,5.753345,1993
15745,r4i1p1f1,1993,02,09,0.006431499770087612,13.386184,6.5800805,1993
15746,r4i1p1f1,1993,02,10,2.3788759530987136,13.466548,7.291164,1993
15747,r4i1p1f1,1993,02,11,29.335774370338186,12.104389,7.3928885,1993
15748,r4i1p1f1,1993,02,12,36.75677979881584,14.200153,6.807344,1993
15749,r4i1p1f1,1993,02,13,26.376631666425965,14.269694,2.966012,1993
15750,r4i1p1f1,1993,02,14,41.68973653395369,13.289419,0.609464,1993
15751,r4i1p1f1,1993,02,15,35.2257021962032,14.353836,2.06096,1993
15752,r4i1p1f1,1993,02,16,8.244601774322291,8.194376,-2.9659636,1993
15753,r4i1p1f1,1993,02,17,0.18529476051867277,4.1777005,-5.305579,1993
15754,r4i1p1f1,1993,02,18,0.0,5.833597,-4.706007,1993
15755,r4i1p1f1,1993,02,19,0.0,7.285152,-4.7302923,1993
15756,r4i1p1f1,1993,02,20,0.0,9.233283,-3.235788,1993
15757,r4i1p1f1,1993,02,21,5.891397435289036,6.681222,-1.845571,1993
15758,r4i1p1f1,1993,02,22,0.0,11.596073,-2.0482001,1993
15759,r4i1p1f1,1993,02,23,0.0,10.331945,-0.9082345,1993
15760,r4i1p1f1,1993,02,24,1.3738265179000564,6.7904506,1.0944171,1993
15761,r4i1p1f1,1993,02,25,2.2086892722143148,10.276804,1.2635064,1993
15762,r4i1p1f1,1993,02,26,1.017370682990304,7.058489,-2.1412535,1993
15763,r4i1p1f1,1993,02,27,0.0,5.0204678,-4.9260635,1993
15764,r4i1p1f1,1993,02,28,0.5268729860461008,8.850338,-2.735446,1993
15765,r4i1p1f1,1993,03,01,0.0,10.584637,-2.0528922,1993
15766,r4i1p1f1,1993,03,02,0.1198922470166508,9.197362,-1.276356,1993
15767,r4i1p1f1,1993,03,03,0.0,10.370227,3.8555837,1993
15768,r4i1p1f1,1993,03,04,12.40704921692668,8.82655,1.3942356,1993
15769,r4i1p1f1,1993,03,05,5.741311242206848,11.452572,6.278342,1993
15770,r4i1p1f1,1993,03,06,11.371342003349127,10.311523,2.182343,1993
15771,r4i1p1f1,1993,03,07,1.285000629943056,10.937198,5.3170476,1993
15772,r4i1p1f1,1993,03,08,0.0,15.699833,5.2843757,1993
15773,r4i1p1f1,1993,03,09,0.0,16.127638,1.6775231,1993
15774,r4i1p1f1,1993,03,10,0.0,17.773705,2.0824323,1993
15775,r4i1p1f1,1993,03,11,0.0,18.291832,2.665386,1993
15776,r4i1p1f1,1993,03,12,0.0,18.341484,4.142847,1993
15777,r4i1p1f1,1993,03,13,1.2843056803262698,15.861467,2.773764,1993
15778,r4i1p1f1,1993,03,14,1.7954032388843189,14.862584,3.806677,1993
15779,r4i1p1f1,1993,03,15,28.267093704926083,14.061655,7.4601507,1993
15780,r4i1p1f1,1993,03,16,18.640826520459086,13.335631,7.8669543,1993
15781,r4i1p1f1,1993,03,17,0.0007869393728654472,15.80925,4.860991,1993
15782,r4i1p1f1,1993,03,18,0.4443545925369108,16.510765,6.1974483,1993
15783,r4i1p1f1,1993,03,19,17.00051207729416,12.313926,6.193621,1993
15784,r4i1p1f1,1993,03,20,9.681642897425036,13.139701,0.37204212,1993
15785,r4i1p1f1,1993,03,21,4.380019994877671,13.5713,2.5579598,1993
15786,r4i1p1f1,1993,03,22,31.230225334729766,12.066461,2.045874,1993
15787,r4i1p1f1,1993,03,23,38.754172054359515,10.671819,4.480728,1993
15788,r4i1p1f1,1993,03,24,2.063073402320015,11.4675865,2.250165,1993
15789,r4i1p1f1,1993,03,25,0.0006129868324933341,15.339506,1.6171079,1993
15790,r4i1p1f1,1993,03,26,0.0,17.318375,1.687755,1993
15791,r4i1p1f1,1993,03,27,0.0,18.481281,1.9116895,1993
15792,r4i1p1f1,1993,03,28,0.0,18.044024,2.4179432,1993
15793,r4i1p1f1,1993,03,29,0.0,20.160725,4.248875,1993
15794,r4i1p1f1,1993,03,30,0.0,19.5996,5.546277,1993
15795,r4i1p1f1,1993,03,31,0.0,19.243502,7.5767984,1993
15796,r4i1p1f1,1993,04,01,38.61602703400422,14.134279,4.0239854,1993
15797,r4i1p1f1,1993,04,02,16.947277890631085,14.328564,6.8406324,1993
15798,r4i1p1f1,1993,04,03,8.02468043375768,13.639225,-0.90745544,1993
15799,r4i1p1f1,1993,04,04,0.0,16.044796,2.7855358,1993
15800,r4i1p1f1,1993,04,05,0.011706502323249879,16.823286,0.27920818,1993
15801,r4i1p1f1,1993,04,06,0.0,17.134258,2.4922154,1993
15802,r4i1p1f1,1993,04,07,0.0,17.057425,1.8901956,1993
15803,r4i1p1f1,1993,04,08,0.0,17.786217,0.54751307,1993
15804,r4i1p1f1,1993,04,09,0.0038826650779810734,20.219654,1.3489866,1993
15805,r4i1p1f1,1993,04,10,0.0,20.901564,3.545316,1993
15806,r4i1p1f1,1993,04,11,0.016416351252246386,20.200436,6.9764028,1993
15807,r4i1p1f1,1993,04,12,6.527011702871732,16.921211,5.930295,1993
15808,r4i1p1f1,1993,04,13,0.005496318544828682,15.432163,1.6316327,1993
15809,r4i1p1f1,1993,04,14,2.34648901098069,17.786232,4.6220617,1993
15810,r4i1p1f1,1993,04,15,2.3027768257236403,20.17895,1.4547806,1993
15811,r4i1p1f1,1993,04,16,2.682191069780515,15.879105,2.9099393,1993
15812,r4i1p1f1,1993,04,17,5.052653171998145,11.939907,-0.97432876,1993
15813,r4i1p1f1,1993,04,18,0.17839382253441727,14.221048,0.09900347,1993
15814,r4i1p1f1,1993,04,19,0.17325366140994447,14.75851,3.6287715,1993
15815,r4i1p1f1,1993,04,20,23.996038073528325,8.111652,0.81296885,1993
15816,r4i1p1f1,1993,04,21,13.77878550438254,6.7710123,0.51470387,1993
15817,r4i1p1f1,1993,04,22,3.3255477842004666,10.881229,1.5612414,1993
15818,r4i1p1f1,1993,04,23,44.131314047263004,10.9614,-0.5468611,1993
15819,r4i1p1f1,1993,04,24,23.743925659664455,5.796751,-0.035915535,1993
15820,r4i1p1f1,1993,04,25,0.0,14.849501,1.7814329,1993
15821,r4i1p1f1,1993,04,26,0.0,14.89822,5.4308286,1993
15822,r4i1p1f1,1993,04,27,0.0,15.417635,3.5558646,1993
15823,r4i1p1f1,1993,04,28,0.0,19.670101,3.5788999,1993
15824,r4i1p1f1,1993,04,29,0.0,22.182497,5.2221537,1993
15825,r4i1p1f1,1993,04,30,0.0,21.508013,5.3307242,1993
15826,r4i1p1f1,1993,05,01,0.01025471678985923,19.37505,7.4314075,1993
15827,r4i1p1f1,1993,05,02,0.24190507610910572,24.432442,6.7177615,1993
15828,r4i1p1f1,1993,05,03,0.0,23.978065,8.488475,1993
15829,r4i1p1f1,1993,05,04,0.0,21.570251,5.648647,1993
15830,r4i1p1f1,1993,05,05,0.0,19.814367,3.9123645,1993
15831,r4i1p1f1,1993,05,06,0.0,18.726925,4.216749,1993
15832,r4i1p1f1,1993,05,07,0.7175894162230634,8.215889,-1.820882,1993
15833,r4i1p1f1,1993,05,08,0.0,10.964322,-1.5445136,1993
15834,r4i1p1f1,1993,05,09,0.084366757744192,7.3199573,-0.63665676,1993
15835,r4i1p1f1,1993,05,10,1.6657520398979386,14.078611,-1.107799,1993
15836,r4i1p1f1,1993,05,11,0.0,17.488768,4.4903736,1993
15837,r4i1p1f1,1993,05,12,0.42463815578912545,14.602361,5.9404373,1993
15838,r4i1p1f1,1993,05,13,0.0,17.678627,4.34221,1993
15839,r4i1p1f1,1993,05,14,0.0,18.641296,3.6499808,1993
15840,r4i1p1f1,1993,05,15,0.0,16.23059,2.0457165,1993
15841,r4i1p1f1,1993,05,16,0.008265264534657035,22.540783,3.9304073,1993
15842,r4i1p1f1,1993,05,17,0.0,24.424852,7.347665,1993
15843,r4i1p1f1,1993,05,18,0.0,25.307098,7.3094993,1993
15844,r4i1p1f1,1993,05,19,0.0,28.334808,9.918564,1993
15845,r4i1p1f1,1993,05,20,0.0,30.510641,11.628064,1993
15846,r4i1p1f1,1993,05,21,0.0,32.23973,11.330541,1993
15847,r4i1p1f1,1993,05,22,3.515659786978631,28.05049,11.496013,1993
15848,r4i1p1f1,1993,05,23,0.0,29.045559,11.184119,1993
15849,r4i1p1f1,1993,05,24,0.0041233108277083375,28.764679,13.004533,1993
15850,r4i1p1f1,1993,05,25,0.0,26.713436,9.728481,1993
15851,r4i1p1f1,1993,05,26,0.21040247967789583,18.850338,3.600635,1993
15852,r4i1p1f1,1993,05,27,1.8993764811966685,14.550441,0.58976287,1993
15853,r4i1p1f1,1993,05,28,2.7884162580676275,15.033159,0.20697021,1993
15854,r4i1p1f1,1993,05,29,0.0,17.642227,4.1499686,1993
15855,r4i1p1f1,1993,05,30,0.0,22.25946,6.5384927,1993
15856,r4i1p1f1,1993,05,31,0.10542408413130033,21.534506,9.826046,1993
15857,r4i1p1f1,1993,06,01,0.4785873910805094,16.431217,7.3649116,1993
15858,r4i1p1f1,1993,06,02,0.24361220546325058,15.80238,2.8532608,1993
15859,r4i1p1f1,1993,06,03,4.1113554430921795,15.18467,5.4483786,1993
15860,r4i1p1f1,1993,06,04,0.15957789389631216,17.332153,4.7268333,1993
15861,r4i1p1f1,1993,06,05,0.34856736508572794,19.955381,4.6409216,1993
15862,r4i1p1f1,1993,06,06,0.005454118854686385,25.293549,7.874261,1993
15863,r4i1p1f1,1993,06,07,0.0,27.411531,10.70504,1993
15864,r4i1p1f1,1993,06,08,0.0,27.637213,10.404941,1993
15865,r4i1p1f1,1993,06,09,0.0,28.946154,12.507431,1993
15866,r4i1p1f1,1993,06,10,0.18334117048652843,27.26624,10.054989,1993
15867,r4i1p1f1,1993,06,11,5.403677611269586,20.477264,7.868853,1993
15868,r4i1p1f1,1993,06,12,22.693966219594586,15.266281,9.066176,1993
15869,r4i1p1f1,1993,06,13,0.34967819119628984,20.200043,8.608996,1993
15870,r4i1p1f1,1993,06,14,0.03090331908879307,25.627478,9.079283,1993
15871,r4i1p1f1,1993,06,15,0.0,29.256083,12.8040085,1993
15872,r4i1p1f1,1993,06,16,0.010185358723902027,31.000162,13.733924,1993
15873,r4i1p1f1,1993,06,17,0.028781774864228282,32.38046,14.900868,1993
15874,r4i1p1f1,1993,06,18,0.014535572063323343,32.09876,14.582234,1993
15875,r4i1p1f1,1993,06,19,0.0,32.37216,15.333262,1993
15876,r4i1p1f1,1993,06,20,0.0,32.181755,15.788496,1993
15877,r4i1p1f1,1993,06,21,0.0,30.88112,13.632106,1993
15878,r4i1p1f1,1993,06,22,0.0,27.58352,11.17092,1993
15879,r4i1p1f1,1993,06,23,0.0,27.52238,10.80442,1993
15880,r4i1p1f1,1993,06,24,0.0,27.609558,10.802074,1993
15881,r4i1p1f1,1993,06,25,0.0,26.737955,10.509696,1993
15882,r4i1p1f1,1993,06,26,0.0,24.791111,9.198757,1993
15883,r4i1p1f1,1993,06,27,0.0,26.109093,9.111549,1993
15884,r4i1p1f1,1993,06,28,0.0,29.412558,11.238312,1993
15885,r4i1p1f1,1993,06,29,0.0,32.012222,13.766929,1993
15886,r4i1p1f1,1993,06,30,0.0,32.9694,15.086263,1993
15887,r4i1p1f1,1993,07,01,0.0,32.29841,15.0625305,1993
15888,r4i1p1f1,1993,07,02,0.0,29.980103,11.406504,1993
15889,r4i1p1f1,1993,07,03,0.0,29.92644,11.548558,1993
15890,r4i1p1f1,1993,07,04,0.0,29.258162,10.798862,1993
15891,r4i1p1f1,1993,07,05,0.0,26.662992,9.803416,1993
15892,r4i1p1f1,1993,07,06,2.0861041138232395,29.963697,13.391696,1993
15893,r4i1p1f1,1993,07,07,0.0,27.858318,10.495171,1993
15894,r4i1p1f1,1993,07,08,0.0,29.384514,11.8133745,1993
15895,r4i1p1f1,1993,07,09,0.0,30.558594,13.807079,1993
15896,r4i1p1f1,1993,07,10,0.0,30.775368,13.224504,1993
15897,r4i1p1f1,1993,07,11,0.0,31.525896,14.018749,1993
15898,r4i1p1f1,1993,07,12,0.0,30.965807,13.940946,1993
15899,r4i1p1f1,1993,07,13,0.0,28.843166,12.106003,1993
15900,r4i1p1f1,1993,07,14,0.0,28.992699,10.570706,1993
15901,r4i1p1f1,1993,07,15,0.0,31.362518,12.54125,1993
15902,r4i1p1f1,1993,07,16,0.0,33.50681,14.021773,1993
15903,r4i1p1f1,1993,07,17,0.0,33.138638,15.074619,1993
15904,r4i1p1f1,1993,07,18,0.0,31.34866,13.085309,1993
15905,r4i1p1f1,1993,07,19,0.0,28.348907,10.6656685,1993
15906,r4i1p1f1,1993,07,20,0.0,27.262232,9.5176325,1993
15907,r4i1p1f1,1993,07,21,0.0,26.478764,7.785033,1993
15908,r4i1p1f1,1993,07,22,0.0,27.969572,9.371342,1993
15909,r4i1p1f1,1993,07,23,0.0,32.59995,12.589328,1993
15910,r4i1p1f1,1993,07,24,0.0,34.187206,16.06391,1993
15911,r4i1p1f1,1993,07,25,0.0,35.30458,16.201384,1993
15912,r4i1p1f1,1993,07,26,0.0,35.267036,15.903229,1993
15913,r4i1p1f1,1993,07,27,0.0,35.062145,16.339798,1993
15914,r4i1p1f1,1993,07,28,0.0,32.522808,13.445068,1993
15915,r4i1p1f1,1993,07,29,0.0,32.172955,13.807454,1993
15916,r4i1p1f1,1993,07,30,0.0,33.16381,14.955324,1993
15917,r4i1p1f1,1993,07,31,0.0,33.910763,15.2147045,1993
15918,r4i1p1f1,1993,08,01,0.0,35.728577,16.630434,1993
15919,r4i1p1f1,1993,08,02,0.0,36.205265,17.326141,1993
15920,r4i1p1f1,1993,08,03,0.0,35.43396,16.70118,1993
15921,r4i1p1f1,1993,08,04,0.0,32.31019,13.870075,1993
15922,r4i1p1f1,1993,08,05,0.0,30.187862,11.967569,1993
15923,r4i1p1f1,1993,08,06,0.0,29.587547,11.077723,1993
15924,r4i1p1f1,1993,08,07,0.0,29.365183,10.555592,1993
15925,r4i1p1f1,1993,08,08,0.0,28.537144,9.986135,1993
15926,r4i1p1f1,1993,08,09,0.0,27.728804,9.923543,1993
15927,r4i1p1f1,1993,08,10,0.0,27.08361,8.68618,1993
15928,r4i1p1f1,1993,08,11,0.0,29.651615,10.99214,1993
15929,r4i1p1f1,1993,08,12,0.0,32.212517,13.159759,1993
15930,r4i1p1f1,1993,08,13,0.0,31.93696,13.726968,1993
15931,r4i1p1f1,1993,08,14,0.0,31.27552,12.789234,1993
15932,r4i1p1f1,1993,08,15,0.0,30.177748,13.105129,1993
15933,r4i1p1f1,1993,08,16,0.0,31.476217,14.299412,1993
15934,r4i1p1f1,1993,08,17,0.0,31.625275,14.075463,1993
15935,r4i1p1f1,1993,08,18,0.0,29.438307,12.634708,1993
15936,r4i1p1f1,1993,08,19,0.0,30.573814,12.756054,1993
15937,r4i1p1f1,1993,08,20,0.0,27.875267,9.308417,1993
15938,r4i1p1f1,1993,08,21,0.0,23.981178,6.0137386,1993
15939,r4i1p1f1,1993,08,22,0.0,25.64322,8.026955,1993
15940,r4i1p1f1,1993,08,23,0.0,25.892313,8.719273,1993
15941,r4i1p1f1,1993,08,24,0.040726469160290435,29.26495,10.551902,1993
15942,r4i1p1f1,1993,08,25,0.13318448209247435,31.238695,12.853508,1993
15943,r4i1p1f1,1993,08,26,0.017258057869184995,32.42958,13.852099,1993
15944,r4i1p1f1,1993,08,27,0.0,32.48337,13.863186,1993
15945,r4i1p1f1,1993,08,28,0.0,30.453064,13.320465,1993
15946,r4i1p1f1,1993,08,29,0.0,28.716003,12.023743,1993
15947,r4i1p1f1,1993,08,30,0.36617391217532713,28.125565,11.784851,1993
15948,r4i1p1f1,1993,08,31,0.0,28.252243,11.174803,1993
15949,r4i1p1f1,1993,09,01,0.0,33.194706,15.709621,1993
15950,r4i1p1f1,1993,09,02,0.0,34.92107,16.902658,1993
15951,r4i1p1f1,1993,09,03,0.0,33.438335,17.354105,1993
15952,r4i1p1f1,1993,09,04,0.0,30.52253,13.122683,1993
15953,r4i1p1f1,1993,09,05,0.0,29.254982,11.427765,1993
15954,r4i1p1f1,1993,09,06,0.0,31.122475,13.667641,1993
15955,r4i1p1f1,1993,09,07,0.0,31.204237,14.181007,1993
15956,r4i1p1f1,1993,09,08,0.0,27.826868,11.720963,1993
15957,r4i1p1f1,1993,09,09,0.0,23.911112,9.010593,1993
15958,r4i1p1f1,1993,09,10,0.0,20.755644,6.1298184,1993
15959,r4i1p1f1,1993,09,11,0.3386973538795246,18.790703,4.642897,1993
15960,r4i1p1f1,1993,09,12,0.13416893155948628,20.051624,6.4877043,1993
15961,r4i1p1f1,1993,09,13,0.0,18.815754,4.2226267,1993
15962,r4i1p1f1,1993,09,14,0.0,18.91578,3.448274,1993
15963,r4i1p1f1,1993,09,15,0.0,21.441689,5.807748,1993
15964,r4i1p1f1,1993,09,16,0.0,21.693018,6.958846,1993
15965,r4i1p1f1,1993,09,17,0.0,23.583519,6.3537235,1993
15966,r4i1p1f1,1993,09,18,0.0,22.835106,7.5967846,1993
15967,r4i1p1f1,1993,09,19,0.0,23.377691,5.974026,1993
15968,r4i1p1f1,1993,09,20,0.0,27.630733,10.307491,1993
15969,r4i1p1f1,1993,09,21,0.0,27.181812,10.953374,1993
15970,r4i1p1f1,1993,09,22,0.0,28.812185,12.093804,1993
15971,r4i1p1f1,1993,09,23,0.0,29.143368,12.133972,1993
15972,r4i1p1f1,1993,09,24,0.0,29.532383,15.550023,1993
15973,r4i1p1f1,1993,09,25,2.660924357502381,23.39288,9.111966,1993
15974,r4i1p1f1,1993,09,26,12.606744626720001,18.61141,7.0313625,1993
15975,r4i1p1f1,1993,09,27,0.0,22.375252,8.359264,1993
15976,r4i1p1f1,1993,09,28,0.0,21.400711,8.021317,1993
15977,r4i1p1f1,1993,09,29,0.6233665786055553,19.882736,6.391776,1993
15978,r4i1p1f1,1993,09,30,0.002419430437328174,17.314491,4.911466,1993
15979,r4i1p1f1,1993,10,01,0.0,17.456913,6.148703,1993
15980,r4i1p1f1,1993,10,02,3.446198060265715,17.536495,6.036889,1993
15981,r4i1p1f1,1993,10,03,0.3441490989018803,15.629556,2.3272007,1993
15982,r4i1p1f1,1993,10,04,0.0,16.919903,4.9478984,1993
15983,r4i1p1f1,1993,10,05,0.0,18.615204,5.000941,1993
15984,r4i1p1f1,1993,10,06,0.346211857288381,20.467371,6.959362,1993
15985,r4i1p1f1,1993,10,07,0.08471073313103261,23.409874,10.149768,1993
15986,r4i1p1f1,1993,10,08,0.0,23.833517,9.182758,1993
15987,r4i1p1f1,1993,10,09,0.0,24.080046,7.8126974,1993
15988,r4i1p1f1,1993,10,10,0.0,23.301653,8.915099,1993
15989,r4i1p1f1,1993,10,11,0.0,25.640102,9.483511,1993
15990,r4i1p1f1,1993,10,12,0.0,24.885017,9.341588,1993
15991,r4i1p1f1,1993,10,13,0.0,24.460558,9.829336,1993
15992,r4i1p1f1,1993,10,14,0.0,24.347775,8.685787,1993
15993,r4i1p1f1,1993,10,15,0.0,24.608793,9.0195675,1993
15994,r4i1p1f1,1993,10,16,0.0,22.465166,5.8782587,1993
15995,r4i1p1f1,1993,10,17,0.30702019650448165,21.340662,7.4867163,1993
15996,r4i1p1f1,1993,10,18,0.20773768275716975,17.872566,4.497845,1993
15997,r4i1p1f1,1993,10,19,0.2352565182491162,18.252678,8.829588,1993
15998,r4i1p1f1,1993,10,20,2.2736931021427154,15.642227,9.057251,1993
15999,r4i1p1f1,1993,10,21,0.09884019434593938,20.903982,7.1304913,1993
16000,r4i1p1f1,1993,10,22,0.0,21.329338,5.9859314,1993
16001,r4i1p1f1,1993,10,23,0.0,23.40698,8.74557,1993
16002,r4i1p1f1,1993,10,24,30.70729505543568,17.546377,7.778379,1993
16003,r4i1p1f1,1993,10,25,0.3623843993864284,16.577057,3.9723701,1993
16004,r4i1p1f1,1993,10,26,1.8110641343599632,16.028746,6.502391,1993
16005,r4i1p1f1,1993,10,27,6.379541481783235,13.23278,4.775276,1993
16006,r4i1p1f1,1993,10,28,0.0,15.997406,2.442054,1993
16007,r4i1p1f1,1993,10,29,0.0,15.837865,2.0515683,1993
16008,r4i1p1f1,1993,10,30,0.0,15.703478,3.1462767,1993
16009,r4i1p1f1,1993,10,31,2.193018914215372,16.32087,4.686858,1993
16010,r4i1p1f1,1993,11,01,1.432859413694132,11.665927,3.1423361,1993
16011,r4i1p1f1,1993,11,02,0.0,13.668843,3.4957466,1993
16012,r4i1p1f1,1993,11,03,1.038256827268924,14.368962,5.9065223,1993
16013,r4i1p1f1,1993,11,04,0.08027581079659285,11.670602,1.9665854,1993
16014,r4i1p1f1,1993,11,05,0.0,15.836031,2.4491854,1993
16015,r4i1p1f1,1993,11,06,0.0,17.217548,2.4011106,1993
16016,r4i1p1f1,1993,11,07,0.0,16.67058,2.744251,1993
16017,r4i1p1f1,1993,11,08,0.0,15.436194,1.3953446,1993
16018,r4i1p1f1,1993,11,09,0.0,14.211392,0.11235253,1993
16019,r4i1p1f1,1993,11,10,0.0,13.9272175,-1.0182054,1993
16020,r4i1p1f1,1993,11,11,0.0,13.231033,0.5272578,1993
16021,r4i1p1f1,1993,11,12,0.0,12.411343,0.98411644,1993
16022,r4i1p1f1,1993,11,13,0.16909054452298733,12.167826,4.1861377,1993
16023,r4i1p1f1,1993,11,14,1.7677461924819227,9.285702,2.576689,1993
16024,r4i1p1f1,1993,11,15,30.736246440937975,11.931416,5.4262657,1993
16025,r4i1p1f1,1993,11,16,0.010089955188163913,12.66132,2.5496445,1993
16026,r4i1p1f1,1993,11,17,19.329372343236173,10.140656,2.7320025,1993
16027,r4i1p1f1,1993,11,18,9.669743047641077,8.84346,3.2783263,1993
16028,r4i1p1f1,1993,11,19,41.96281213007751,11.437285,5.4196568,1993
16029,r4i1p1f1,1993,11,20,23.141686023063812,11.467768,0.11308506,1993
16030,r4i1p1f1,1993,11,21,24.7658273648085,10.492405,0.2951524,1993
16031,r4i1p1f1,1993,11,22,0.0,7.893621,-0.6586304,1993
16032,r4i1p1f1,1993,11,23,1.0228003855615952,8.228062,-0.9596333,1993
16033,r4i1p1f1,1993,11,24,0.0,7.726545,0.5026533,1993
16034,r4i1p1f1,1993,11,25,18.320025414868724,7.7380424,4.1349893,1993
16035,r4i1p1f1,1993,11,26,15.993817910930375,7.7927237,0.070457034,1993
16036,r4i1p1f1,1993,11,27,0.0,8.882154,-3.2306283,1993
16037,r4i1p1f1,1993,11,28,0.0,9.360011,-2.1311774,1993
16038,r4i1p1f1,1993,11,29,0.0,8.823481,-3.3956628,1993
16039,r4i1p1f1,1993,11,30,0.0,9.168839,-2.8875756,1993
16040,r4i1p1f1,1993,12,01,0.0,11.641129,0.17570241,1993
16041,r4i1p1f1,1993,12,02,0.0,12.295994,-0.0037320454,1993
16042,r4i1p1f1,1993,12,03,0.0,13.118687,0.31664371,1993
16043,r4i1p1f1,1993,12,04,0.0,15.242874,2.0864954,1993
16044,r4i1p1f1,1993,12,05,1.4544450821404098,12.689655,1.5538143,1993
16045,r4i1p1f1,1993,12,06,0.0,9.20285,-2.4649205,1993
16046,r4i1p1f1,1993,12,07,0.0,10.817531,-0.6640603,1993
16047,r4i1p1f1,1993,12,08,4.3347049823523776,8.257712,-1.7818063,1993
16048,r4i1p1f1,1993,12,09,11.024701593669306,4.6109085,-3.6767676,1993
16049,r4i1p1f1,1993,12,10,1.0227791603938385,4.0804677,-5.9014482,1993
16050,r4i1p1f1,1993,12,11,16.006420664689358,6.844497,-2.2910821,1993
16051,r4i1p1f1,1993,12,12,0.0,9.756123,-2.1417274,1993
16052,r4i1p1f1,1993,12,13,0.0,9.845892,-2.4673276,1993
16053,r4i1p1f1,1993,12,14,0.0,11.04816,-0.13784891,1993
16054,r4i1p1f1,1993,12,15,0.0,11.566678,0.3353089,1993
16055,r4i1p1f1,1993,12,16,0.0,11.623437,0.6712077,1993
16056,r4i1p1f1,1993,12,17,0.0,10.476426,-0.41786015,1993
16057,r4i1p1f1,1993,12,18,0.0,10.3976555,-0.5333364,1993
16058,r4i1p1f1,1993,12,19,0.0,11.194233,1.3048185,1993
16059,r4i1p1f1,1993,12,20,0.0,10.237937,0.12261433,1993
16060,r4i1p1f1,1993,12,21,0.0,8.404852,-2.1554518,1993
16061,r4i1p1f1,1993,12,22,0.0,12.086485,0.4087051,1993
16062,r4i1p1f1,1993,12,23,0.0,8.943382,-0.682004,1993
16063,r4i1p1f1,1993,12,24,0.0,4.170145,-6.4245834,1993
16064,r4i1p1f1,1993,12,25,0.0,5.3680515,-6.0057507,1993
16065,r4i1p1f1,1993,12,26,0.0,6.3628592,-5.0956244,1993
16066,r4i1p1f1,1993,12,27,0.018585399084258825,6.5060596,-4.5642757,1993
16067,r4i1p1f1,1993,12,28,0.0,6.2513957,-4.469359,1993
16068,r4i1p1f1,1993,12,29,6.54060781764656,6.334209,-2.3557253,1993
16069,r4i1p1f1,1993,12,30,0.4443534105149638,8.545218,3.082011,1993
16070,r4i1p1f1,1993,12,31,1.1204843474558857,6.8370833,2.0403194,1993
16071,r4i1p1f1,1994,01,01,0.004803559568244964,7.0933094,-0.53078485,1994
16072,r4i1p1f1,1994,01,02,0.009550557234661028,7.0480633,0.39723095,1994
16073,r4i1p1f1,1994,01,03,4.533219409887579,6.031298,1.5382563,1994
16074,r4i1p1f1,1994,01,04,1.4505258412555122,7.714861,3.1815712,1994
16075,r4i1p1f1,1994,01,05,1.9951076813413238,9.412139,4.4132786,1994
16076,r4i1p1f1,1994,01,06,0.00722599452274153,11.321292,3.6248932,1994
16077,r4i1p1f1,1994,01,07,0.0,15.725479,3.8188858,1994
16078,r4i1p1f1,1994,01,08,2.4560788760481955,13.294188,3.7528164,1994
16079,r4i1p1f1,1994,01,09,13.311671241353906,8.391553,2.778109,1994
16080,r4i1p1f1,1994,01,10,31.1223129017435,10.356454,2.6642516,1994
16081,r4i1p1f1,1994,01,11,0.0,11.316624,0.21651538,1994
16082,r4i1p1f1,1994,01,12,0.0,10.523,0.5744963,1994
16083,r4i1p1f1,1994,01,13,0.9710307849616129,7.893453,2.6025238,1994
16084,r4i1p1f1,1994,01,14,0.0,10.000279,4.301801,1994
16085,r4i1p1f1,1994,01,15,0.0,12.898814,3.4963937,1994
16086,r4i1p1f1,1994,01,16,0.0,11.909965,4.5632744,1994
16087,r4i1p1f1,1994,01,17,0.16376476264667872,12.164917,4.793625,1994
16088,r4i1p1f1,1994,01,18,0.0,13.134696,1.6834208,1994
16089,r4i1p1f1,1994,01,19,0.0,14.914684,2.553827,1994
16090,r4i1p1f1,1994,01,20,0.0,15.732433,2.62317,1994
16091,r4i1p1f1,1994,01,21,0.0,16.072348,3.5426435,1994
16092,r4i1p1f1,1994,01,22,0.0,16.95948,4.229297,1994
16093,r4i1p1f1,1994,01,23,0.0,17.665092,4.9832573,1994
16094,r4i1p1f1,1994,01,24,0.0,18.896265,5.213336,1994
16095,r4i1p1f1,1994,01,25,0.595267474275829,16.721758,5.3304386,1994
16096,r4i1p1f1,1994,01,26,0.39864006387944073,14.328993,5.915841,1994
16097,r4i1p1f1,1994,01,27,0.0,14.1761265,5.258148,1994
16098,r4i1p1f1,1994,01,28,0.0,17.033695,3.9681003,1994
16099,r4i1p1f1,1994,01,29,0.0,16.217558,3.7802248,1994
16100,r4i1p1f1,1994,01,30,0.0,15.740431,4.3231573,1994
16101,r4i1p1f1,1994,01,31,0.0,15.989114,4.4925895,1994
16102,r4i1p1f1,1994,02,01,0.0,14.261463,5.7693443,1994
16103,r4i1p1f1,1994,02,02,0.0,14.760698,3.1510446,1994
16104,r4i1p1f1,1994,02,03,0.0,15.394328,3.341242,1994
16105,r4i1p1f1,1994,02,04,0.0,17.473045,2.9858289,1994
16106,r4i1p1f1,1994,02,05,0.0,15.661433,3.0468795,1994
16107,r4i1p1f1,1994,02,06,0.0,14.858817,3.0550046,1994
16108,r4i1p1f1,1994,02,07,0.0,15.582426,2.6754622,1994
16109,r4i1p1f1,1994,02,08,0.0,16.352024,3.0568037,1994
16110,r4i1p1f1,1994,02,09,5.55195260169512,14.43626,3.2023463,1994
16111,r4i1p1f1,1994,02,10,2.3568991682299867,10.395908,3.1722429,1994
16112,r4i1p1f1,1994,02,11,57.36821317404974,12.030687,4.1226406,1994
16113,r4i1p1f1,1994,02,12,52.265207830714644,11.2686825,3.2522497,1994
16114,r4i1p1f1,1994,02,13,37.8146237007968,11.285145,2.5050824,1994
16115,r4i1p1f1,1994,02,14,84.99351893988205,11.021875,2.9082174,1994
16116,r4i1p1f1,1994,02,15,1.5815660454109093,13.609135,1.6049042,1994
16117,r4i1p1f1,1994,02,16,0.10476442453182244,14.296846,3.7559366,1994
16118,r4i1p1f1,1994,02,17,3.3169253866248027,11.112781,1.9894137,1994
16119,r4i1p1f1,1994,02,18,0.14057682103612024,13.3867445,2.7350192,1994
16120,r4i1p1f1,1994,02,19,0.0,16.490482,3.3542376,1994
16121,r4i1p1f1,1994,02,20,0.0,18.1133,3.8569543,1994
16122,r4i1p1f1,1994,02,21,0.020060562337675947,16.485512,4.656384,1994
16123,r4i1p1f1,1994,02,22,0.0,17.67205,5.287817,1994
16124,r4i1p1f1,1994,02,23,0.0,18.31362,6.0828314,1994
16125,r4i1p1f1,1994,02,24,0.0,19.148935,5.559471,1994
16126,r4i1p1f1,1994,02,25,20.296487666928442,14.2313385,3.6743824,1994
16127,r4i1p1f1,1994,02,26,0.49071374588720573,14.197611,4.3596597,1994
16128,r4i1p1f1,1994,02,27,0.0,10.983876,4.107002,1994
16129,r4i1p1f1,1994,02,28,13.959815554699162,10.664257,2.471718,1994
16130,r4i1p1f1,1994,03,01,9.984322725131278,6.8497143,1.8041422,1994
16131,r4i1p1f1,1994,03,02,0.3236629450150019,12.694495,3.0065937,1994
16132,r4i1p1f1,1994,03,03,0.0,13.986781,3.9528825,1994
16133,r4i1p1f1,1994,03,04,0.0,16.13007,1.0905756,1994
16134,r4i1p1f1,1994,03,05,0.0,16.671799,2.1618054,1994
16135,r4i1p1f1,1994,03,06,0.0,16.519262,1.9944894,1994
16136,r4i1p1f1,1994,03,07,0.0,15.809635,2.329723,1994
16137,r4i1p1f1,1994,03,08,0.0,16.670475,2.2304738,1994
16138,r4i1p1f1,1994,03,09,4.848946844049351e-05,16.846748,3.3048913,1994
16139,r4i1p1f1,1994,03,10,1.2836930547940995,15.8009405,4.812266,1994
16140,r4i1p1f1,1994,03,11,6.3137971136256965,16.62673,5.909889,1994
16141,r4i1p1f1,1994,03,12,1.6600237652966143,15.925515,3.3060443,1994
16142,r4i1p1f1,1994,03,13,0.0,17.165194,3.565615,1994
16143,r4i1p1f1,1994,03,14,0.0,19.835436,4.1078815,1994
16144,r4i1p1f1,1994,03,15,0.0,19.9663,4.862586,1994
16145,r4i1p1f1,1994,03,16,0.0,19.51634,6.3809624,1994
16146,r4i1p1f1,1994,03,17,0.26364064153767686,17.235579,3.9778976,1994
16147,r4i1p1f1,1994,03,18,0.08179056578470068,17.086473,2.771459,1994
16148,r4i1p1f1,1994,03,19,0.0,18.63583,4.545226,1994
16149,r4i1p1f1,1994,03,20,0.0,20.032728,5.128045,1994
16150,r4i1p1f1,1994,03,21,0.4706931546479609,19.469564,4.5197887,1994
16151,r4i1p1f1,1994,03,22,0.32407053496399385,17.896633,5.0833993,1994
16152,r4i1p1f1,1994,03,23,1.9695493358085514,14.451701,5.137702,1994
16153,r4i1p1f1,1994,03,24,1.1906880027652278,15.365536,5.119356,1994
16154,r4i1p1f1,1994,03,25,15.055465451550276,13.504658,0.77688366,1994
16155,r4i1p1f1,1994,03,26,7.304554319352974,10.920353,2.9886942,1994
16156,r4i1p1f1,1994,03,27,0.2115732492029565,11.271034,5.7800546,1994
16157,r4i1p1f1,1994,03,28,7.350094784328576,11.703267,3.9006488,1994
16158,r4i1p1f1,1994,03,29,22.701646729910863,11.477234,2.577567,1994
16159,r4i1p1f1,1994,03,30,1.361202283472096,11.427138,3.235593,1994
16160,r4i1p1f1,1994,03,31,0.009895743096421938,10.893097,2.868536,1994
16161,r4i1p1f1,1994,04,01,0.0,13.44623,1.1845288,1994
16162,r4i1p1f1,1994,04,02,0.0,16.323566,2.7269166,1994
16163,r4i1p1f1,1994,04,03,0.04877811804817611,13.090223,1.9857475,1994
16164,r4i1p1f1,1994,04,04,0.0,18.489115,4.389008,1994
16165,r4i1p1f1,1994,04,05,0.0,18.271389,4.94778,1994
16166,r4i1p1f1,1994,04,06,20.378833127870166,10.727513,0.553734,1994
16167,r4i1p1f1,1994,04,07,11.6810431725753,5.9949503,0.68663645,1994
16168,r4i1p1f1,1994,04,08,1.4731208915918614,8.850754,-0.92993957,1994
16169,r4i1p1f1,1994,04,09,3.2842635425708977,5.35734,-1.4374971,1994
16170,r4i1p1f1,1994,04,10,8.24797347850108,9.330904,1.5414562,1994
16171,r4i1p1f1,1994,04,11,0.0,11.808542,-1.2434517,1994
16172,r4i1p1f1,1994,04,12,0.0,15.2708435,1.316878,1994
16173,r4i1p1f1,1994,04,13,0.0,21.024931,3.324773,1994
16174,r4i1p1f1,1994,04,14,0.0,24.461052,6.670293,1994
16175,r4i1p1f1,1994,04,15,0.0,26.695717,8.890031,1994
16176,r4i1p1f1,1994,04,16,0.0,27.886675,9.824271,1994
16177,r4i1p1f1,1994,04,17,0.0,28.112583,10.459216,1994
16178,r4i1p1f1,1994,04,18,0.0,24.883263,9.098167,1994
16179,r4i1p1f1,1994,04,19,0.1196337920418955,23.225513,7.230691,1994
16180,r4i1p1f1,1994,04,20,0.9418202420874877,21.289665,6.1373954,1994
16181,r4i1p1f1,1994,04,21,0.18994700905068385,17.532341,3.3883328,1994
16182,r4i1p1f1,1994,04,22,0.0,20.531637,5.4218206,1994
16183,r4i1p1f1,1994,04,23,0.0,21.12582,5.4764376,1994
16184,r4i1p1f1,1994,04,24,0.0,20.46555,5.530313,1994
16185,r4i1p1f1,1994,04,25,0.0,18.682167,3.6947615,1994
16186,r4i1p1f1,1994,04,26,0.0,15.869091,6.50012,1994
16187,r4i1p1f1,1994,04,27,0.0,15.735256,4.2759852,1994
16188,r4i1p1f1,1994,04,28,0.4316009141803079,14.023178,4.3070087,1994
16189,r4i1p1f1,1994,04,29,0.0,17.606468,3.965417,1994
16190,r4i1p1f1,1994,04,30,0.0,16.886244,3.378724,1994
16191,r4i1p1f1,1994,05,01,0.3902764645346224,13.885746,1.6598573,1994
16192,r4i1p1f1,1994,05,02,0.5763939385133199,13.059245,0.26370367,1994
16193,r4i1p1f1,1994,05,03,7.2985097392802345,7.223151,-3.3096216,1994
16194,r4i1p1f1,1994,05,04,0.013685430985788116,17.443045,2.0729032,1994
16195,r4i1p1f1,1994,05,05,0.0,16.707321,1.3560511,1994
16196,r4i1p1f1,1994,05,06,0.0,18.462059,2.7334032,1994
16197,r4i1p1f1,1994,05,07,0.0,19.768204,3.6548636,1994
16198,r4i1p1f1,1994,05,08,0.0,19.230656,3.2079685,1994
16199,r4i1p1f1,1994,05,09,0.0,25.442558,9.0381775,1994
16200,r4i1p1f1,1994,05,10,0.0,24.861576,8.95122,1994
16201,r4i1p1f1,1994,05,11,0.0,25.55088,8.34604,1994
16202,r4i1p1f1,1994,05,12,0.0,24.234327,8.047787,1994
16203,r4i1p1f1,1994,05,13,0.0,23.859507,7.3702884,1994
16204,r4i1p1f1,1994,05,14,0.8565546852196348,20.202797,3.6931064,1994
16205,r4i1p1f1,1994,05,15,0.0,18.851519,4.1531763,1994
16206,r4i1p1f1,1994,05,16,5.301726980087551,15.139873,2.5879219,1994
16207,r4i1p1f1,1994,05,17,9.031790429889952,15.475139,5.1066494,1994
16208,r4i1p1f1,1994,05,18,3.371585221350415,13.835642,6.2515926,1994
16209,r4i1p1f1,1994,05,19,1.0015267019298335,17.029594,3.825465,1994
16210,r4i1p1f1,1994,05,20,0.13221389338013978,19.65965,4.083191,1994
16211,r4i1p1f1,1994,05,21,0.0,23.126854,5.508977,1994
16212,r4i1p1f1,1994,05,22,0.0,22.467476,7.2268686,1994
16213,r4i1p1f1,1994,05,23,7.345560618040281,14.712736,4.727499,1994
16214,r4i1p1f1,1994,05,24,1.6339879451162886,20.137363,8.478422,1994
16215,r4i1p1f1,1994,05,25,0.0,26.079916,9.069282,1994
16216,r4i1p1f1,1994,05,26,0.0,29.567513,12.670777,1994
16217,r4i1p1f1,1994,05,27,0.0,31.514587,13.965546,1994
16218,r4i1p1f1,1994,05,28,0.0,31.524162,12.906366,1994
16219,r4i1p1f1,1994,05,29,1.2274333033019502,30.314796,12.689767,1994
16220,r4i1p1f1,1994,05,30,0.18008428166922386,24.659973,8.864559,1994
16221,r4i1p1f1,1994,05,31,0.0,26.852787,10.756376,1994
16222,r4i1p1f1,1994,06,01,0.3981127827273667,23.624872,8.348024,1994
16223,r4i1p1f1,1994,06,02,0.8605362847561082,20.233183,6.874442,1994
16224,r4i1p1f1,1994,06,03,0.13487659968518528,19.110146,8.920218,1994
16225,r4i1p1f1,1994,06,04,0.046260773387984955,18.236727,7.8182287,1994
16226,r4i1p1f1,1994,06,05,1.6384747767915542,21.212578,6.5559397,1994
16227,r4i1p1f1,1994,06,06,0.0,25.612448,8.7131195,1994
16228,r4i1p1f1,1994,06,07,1.205280454360036,24.325129,8.665474,1994
16229,r4i1p1f1,1994,06,08,0.9432952178940468,23.517864,6.865877,1994
16230,r4i1p1f1,1994,06,09,5.477482284720736,21.244568,6.7524385,1994
16231,r4i1p1f1,1994,06,10,1.6911883803004457,16.867706,7.7872815,1994
16232,r4i1p1f1,1994,06,11,0.24029434764543112,23.09766,8.478666,1994
16233,r4i1p1f1,1994,06,12,0.2234067061181122,20.223381,5.635272,1994
16234,r4i1p1f1,1994,06,13,4.86003479375654,19.437912,9.720932,1994
16235,r4i1p1f1,1994,06,14,1.2122053773225616,17.694132,13.00993,1994
16236,r4i1p1f1,1994,06,15,14.345074273296632,15.006531,7.885771,1994
16237,r4i1p1f1,1994,06,16,0.03575336878611779,19.647541,7.582454,1994
16238,r4i1p1f1,1994,06,17,0.0,24.054619,10.548588,1994
16239,r4i1p1f1,1994,06,18,0.4450626828656823,22.54952,8.035927,1994
16240,r4i1p1f1,1994,06,19,1.573951281892505,20.633425,8.693387,1994
16241,r4i1p1f1,1994,06,20,0.0,23.796188,9.804516,1994
16242,r4i1p1f1,1994,06,21,2.7636062881981616,21.212183,6.068843,1994
16243,r4i1p1f1,1994,06,22,1.1138942839465926,22.472189,7.1203494,1994
16244,r4i1p1f1,1994,06,23,0.0,27.511742,11.298824,1994
16245,r4i1p1f1,1994,06,24,0.012593955761985853,27.906303,12.013676,1994
16246,r4i1p1f1,1994,06,25,3.223076707132577,23.489422,7.936106,1994
16247,r4i1p1f1,1994,06,26,0.7365555685879599,24.131243,8.878159,1994
16248,r4i1p1f1,1994,06,27,0.0,25.46177,10.633547,1994
16249,r4i1p1f1,1994,06,28,0.0,25.714508,10.572662,1994
16250,r4i1p1f1,1994,06,29,0.0,26.52406,10.707111,1994
16251,r4i1p1f1,1994,06,30,0.0,26.533989,10.859486,1994
16252,r4i1p1f1,1994,07,01,0.32497238644282334,29.33079,13.668284,1994
16253,r4i1p1f1,1994,07,02,0.05838516487983725,25.54533,9.830858,1994
16254,r4i1p1f1,1994,07,03,0.0,27.572212,11.174569,1994
16255,r4i1p1f1,1994,07,04,0.0,29.022556,12.728961,1994
16256,r4i1p1f1,1994,07,05,0.0,32.40951,14.887959,1994
16257,r4i1p1f1,1994,07,06,0.0,34.569992,16.656172,1994
16258,r4i1p1f1,1994,07,07,0.0,34.323517,16.9853,1994
16259,r4i1p1f1,1994,07,08,0.0,32.833027,14.917962,1994
16260,r4i1p1f1,1994,07,09,0.0,33.477795,14.827401,1994
16261,r4i1p1f1,1994,07,10,0.0,33.83016,15.018677,1994
16262,r4i1p1f1,1994,07,11,0.0,32.00704,14.653329,1994
16263,r4i1p1f1,1994,07,12,0.0,31.068886,13.452213,1994
16264,r4i1p1f1,1994,07,13,0.0,30.951551,12.773564,1994
16265,r4i1p1f1,1994,07,14,0.0,30.480713,13.337934,1994
16266,r4i1p1f1,1994,07,15,0.0,31.482645,13.101445,1994
16267,r4i1p1f1,1994,07,16,0.0,33.425682,14.302996,1994
16268,r4i1p1f1,1994,07,17,0.0,35.66949,15.487786,1994
16269,r4i1p1f1,1994,07,18,0.0,36.5121,17.072977,1994
16270,r4i1p1f1,1994,07,19,0.0,36.297478,17.201134,1994
16271,r4i1p1f1,1994,07,20,0.0,35.539803,16.557451,1994
16272,r4i1p1f1,1994,07,21,0.0,35.10161,15.995381,1994
16273,r4i1p1f1,1994,07,22,0.0,34.48059,16.737045,1994
16274,r4i1p1f1,1994,07,23,0.0,35.616318,17.752295,1994
16275,r4i1p1f1,1994,07,24,0.0,35.267185,17.611036,1994
16276,r4i1p1f1,1994,07,25,0.0,34.72832,16.21695,1994
16277,r4i1p1f1,1994,07,26,0.0,31.097795,13.017757,1994
16278,r4i1p1f1,1994,07,27,0.0,30.278873,12.652132,1994
16279,r4i1p1f1,1994,07,28,0.0,30.949327,13.857911,1994
16280,r4i1p1f1,1994,07,29,0.0,32.09226,14.188441,1994
16281,r4i1p1f1,1994,07,30,0.0,32.010952,15.114024,1994
16282,r4i1p1f1,1994,07,31,0.0,31.932335,14.332096,1994
16283,r4i1p1f1,1994,08,01,0.0,30.051657,12.057892,1994
16284,r4i1p1f1,1994,08,02,0.0007256546211920067,28.867516,12.054407,1994
16285,r4i1p1f1,1994,08,03,0.0,30.123003,12.878111,1994
16286,r4i1p1f1,1994,08,04,7.85539015168979e-05,30.293558,13.19476,1994
16287,r4i1p1f1,1994,08,05,0.0,30.85142,13.538075,1994
16288,r4i1p1f1,1994,08,06,0.0,30.812325,13.69154,1994
16289,r4i1p1f1,1994,08,07,0.0,30.00687,11.911087,1994
16290,r4i1p1f1,1994,08,08,0.0,31.209099,13.084702,1994
16291,r4i1p1f1,1994,08,09,0.0,31.684896,13.599095,1994
16292,r4i1p1f1,1994,08,10,0.0015205285649244615,30.99153,12.580405,1994
16293,r4i1p1f1,1994,08,11,0.0,32.302315,14.216786,1994
16294,r4i1p1f1,1994,08,12,0.0,33.791843,14.99382,1994
16295,r4i1p1f1,1994,08,13,0.0,33.162457,15.466071,1994
16296,r4i1p1f1,1994,08,14,0.0,29.70124,10.802194,1994
16297,r4i1p1f1,1994,08,15,0.0,24.09793,7.2395563,1994
16298,r4i1p1f1,1994,08,16,0.0,25.557188,8.74007,1994
16299,r4i1p1f1,1994,08,17,0.0,25.141071,8.406178,1994
16300,r4i1p1f1,1994,08,18,0.0,27.615902,9.600599,1994
16301,r4i1p1f1,1994,08,19,0.0,29.382332,10.511942,1994
16302,r4i1p1f1,1994,08,20,0.0,28.626198,11.395028,1994
16303,r4i1p1f1,1994,08,21,0.0,26.189072,8.703777,1994
16304,r4i1p1f1,1994,08,22,0.0,26.46321,8.06456,1994
16305,r4i1p1f1,1994,08,23,0.0,27.184755,8.788141,1994
16306,r4i1p1f1,1994,08,24,0.0,28.139511,8.85231,1994
16307,r4i1p1f1,1994,08,25,0.0,29.631277,10.677252,1994
16308,r4i1p1f1,1994,08,26,0.0,30.56029,11.348231,1994
16309,r4i1p1f1,1994,08,27,0.0,31.035217,10.862093,1994
16310,r4i1p1f1,1994,08,28,0.0,30.357971,11.709998,1994
16311,r4i1p1f1,1994,08,29,0.0,27.892632,8.399629,1994
16312,r4i1p1f1,1994,08,30,0.0,25.585976,6.34595,1994
16313,r4i1p1f1,1994,08,31,0.0,31.910973,13.545249,1994
16314,r4i1p1f1,1994,09,01,0.0,32.095325,12.322708,1994
16315,r4i1p1f1,1994,09,02,0.0,33.90996,16.790892,1994
16316,r4i1p1f1,1994,09,03,0.0,33.93378,17.210838,1994
16317,r4i1p1f1,1994,09,04,0.0,33.428116,17.13108,1994
16318,r4i1p1f1,1994,09,05,0.0,28.13216,11.39609,1994
16319,r4i1p1f1,1994,09,06,0.0,23.512463,7.715815,1994
16320,r4i1p1f1,1994,09,07,0.0,29.148556,10.637432,1994
16321,r4i1p1f1,1994,09,08,0.0,28.045563,10.224559,1994
16322,r4i1p1f1,1994,09,09,0.0,25.527937,6.6886578,1994
16323,r4i1p1f1,1994,09,10,0.0,25.344946,9.546889,1994
16324,r4i1p1f1,1994,09,11,0.0,25.52513,9.14282,1994
16325,r4i1p1f1,1994,09,12,0.0,25.384525,9.58136,1994
16326,r4i1p1f1,1994,09,13,0.0,23.982542,8.226551,1994
16327,r4i1p1f1,1994,09,14,0.0,22.969378,5.623045,1994
16328,r4i1p1f1,1994,09,15,0.0,22.547325,6.9919605,1994
16329,r4i1p1f1,1994,09,16,0.0,20.718182,3.8745813,1994
16330,r4i1p1f1,1994,09,17,2.2918151017449873,17.808857,5.7137094,1994
16331,r4i1p1f1,1994,09,18,0.0,20.972273,5.156003,1994
16332,r4i1p1f1,1994,09,19,0.0,21.497444,4.684057,1994
16333,r4i1p1f1,1994,09,20,0.0,22.235474,5.2438016,1994
16334,r4i1p1f1,1994,09,21,0.0,25.327175,7.200544,1994
16335,r4i1p1f1,1994,09,22,0.0,24.995434,6.902188,1994
16336,r4i1p1f1,1994,09,23,0.0,24.356384,6.4237514,1994
16337,r4i1p1f1,1994,09,24,0.0,24.496967,4.96609,1994
16338,r4i1p1f1,1994,09,25,0.0,24.510645,6.720582,1994
16339,r4i1p1f1,1994,09,26,0.0,23.580866,6.1214533,1994
16340,r4i1p1f1,1994,09,27,0.0,19.3414,3.4397154,1994
16341,r4i1p1f1,1994,09,28,0.0,17.155003,1.4914565,1994
16342,r4i1p1f1,1994,09,29,0.008741510009713238,19.465557,3.428821,1994
16343,r4i1p1f1,1994,09,30,1.4056859635843466,18.62781,4.7805996,1994
16344,r4i1p1f1,1994,10,01,0.8643635804759242,21.982758,6.7971516,1994
16345,r4i1p1f1,1994,10,02,0.0,22.082024,6.8992777,1994
16346,r4i1p1f1,1994,10,03,0.0,21.924963,6.039745,1994
16347,r4i1p1f1,1994,10,04,0.0,15.884855,1.7745563,1994
16348,r4i1p1f1,1994,10,05,0.9237982514036958,16.584917,-0.69863474,1994
16349,r4i1p1f1,1994,10,06,0.0,22.80724,2.2931447,1994
16350,r4i1p1f1,1994,10,07,0.0,22.28705,6.3661847,1994
16351,r4i1p1f1,1994,10,08,2.168996235764098,15.599446,0.59850997,1994
16352,r4i1p1f1,1994,10,09,0.0,19.932081,1.3130796,1994
16353,r4i1p1f1,1994,10,10,0.0,22.922482,4.811617,1994
16354,r4i1p1f1,1994,10,11,0.0,23.889217,6.243456,1994
16355,r4i1p1f1,1994,10,12,0.0,22.55847,5.373556,1994
16356,r4i1p1f1,1994,10,13,0.0,21.474535,5.8767796,1994
16357,r4i1p1f1,1994,10,14,0.0,17.965595,5.0762587,1994
16358,r4i1p1f1,1994,10,15,0.0,16.184786,3.034816,1994
16359,r4i1p1f1,1994,10,16,0.0,19.407297,4.1151524,1994
16360,r4i1p1f1,1994,10,17,0.0,18.968481,4.437644,1994
16361,r4i1p1f1,1994,10,18,0.0,18.18238,5.216229,1994
16362,r4i1p1f1,1994,10,19,12.288397282918595,16.452175,6.156098,1994
16363,r4i1p1f1,1994,10,20,0.0,18.995737,5.5230255,1994
16364,r4i1p1f1,1994,10,21,0.0,21.204716,7.704055,1994
16365,r4i1p1f1,1994,10,22,0.0,21.57026,7.4316735,1994
16366,r4i1p1f1,1994,10,23,0.2011072308960138,20.452467,7.0786867,1994
16367,r4i1p1f1,1994,10,24,0.0,17.526358,5.8691235,1994
16368,r4i1p1f1,1994,10,25,0.09178867703667493,16.366629,4.183687,1994
16369,r4i1p1f1,1994,10,26,0.8340181687799486,22.001865,9.909289,1994
16370,r4i1p1f1,1994,10,27,9.598827060472104,19.689312,9.377473,1994
16371,r4i1p1f1,1994,10,28,38.65384294458636,21.506447,9.804924,1994
16372,r4i1p1f1,1994,10,29,20.06058703620397,16.289574,9.33535,1994
16373,r4i1p1f1,1994,10,30,1.1426357164168621,14.343892,2.6221275,1994
16374,r4i1p1f1,1994,10,31,0.0,17.916649,5.372537,1994
16375,r4i1p1f1,1994,11,01,0.0,19.038086,5.967175,1994
16376,r4i1p1f1,1994,11,02,0.0,20.556755,7.680312,1994
16377,r4i1p1f1,1994,11,03,0.0,20.730412,7.943874,1994
16378,r4i1p1f1,1994,11,04,0.0,13.64533,0.78075236,1994
16379,r4i1p1f1,1994,11,05,0.0,13.659413,0.9493191,1994
16380,r4i1p1f1,1994,11,06,27.648836618755013,11.53603,1.8096387,1994
16381,r4i1p1f1,1994,11,07,0.0080918104004013,11.575031,0.9327183,1994
16382,r4i1p1f1,1994,11,08,3.5344367378229435,10.118964,3.653731,1994
16383,r4i1p1f1,1994,11,09,14.87443436153626,10.2303095,4.8514605,1994
16384,r4i1p1f1,1994,11,10,37.328230197454104,9.643695,3.6220098,1994
16385,r4i1p1f1,1994,11,11,5.3849009175337414,10.767273,2.1251638,1994
16386,r4i1p1f1,1994,11,12,17.743011258835395,10.940186,4.6555524,1994
16387,r4i1p1f1,1994,11,13,0.028830002270296973,12.005314,5.8438706,1994
16388,r4i1p1f1,1994,11,14,8.972449503852431,11.039622,5.467258,1994
16389,r4i1p1f1,1994,11,15,1.1134951736039511,13.787841,5.740399,1994
16390,r4i1p1f1,1994,11,16,0.8475031161765401,13.309616,6.2335644,1994
16391,r4i1p1f1,1994,11,17,22.80863225223584,12.566887,2.8114803,1994
16392,r4i1p1f1,1994,11,18,0.012926767453791399,12.034544,-0.26277792,1994
16393,r4i1p1f1,1994,11,19,0.0,13.959309,-0.100809045,1994
16394,r4i1p1f1,1994,11,20,0.0,16.939346,3.1703124,1994
16395,r4i1p1f1,1994,11,21,0.0,16.896675,3.5351386,1994
16396,r4i1p1f1,1994,11,22,0.0,15.991039,1.9192653,1994
16397,r4i1p1f1,1994,11,23,0.0,15.430686,1.3783498,1994
16398,r4i1p1f1,1994,11,24,1.313498658882395,12.063183,0.7078229,1994
16399,r4i1p1f1,1994,11,25,3.1543200840133068,10.810244,-0.48728454,1994
16400,r4i1p1f1,1994,11,26,0.0,12.995118,-0.14383888,1994
16401,r4i1p1f1,1994,11,27,0.0,14.973075,1.351946,1994
16402,r4i1p1f1,1994,11,28,0.0,17.285624,1.5832193,1994
16403,r4i1p1f1,1994,11,29,1.5830667066126125,16.01753,0.49350828,1994
16404,r4i1p1f1,1994,11,30,0.0,7.304706,-6.5213447,1994
16405,r4i1p1f1,1994,12,01,0.0,11.343861,-0.72208893,1994
16406,r4i1p1f1,1994,12,02,0.07245939059430384,11.516282,1.8126769,1994
16407,r4i1p1f1,1994,12,03,0.0,11.9000025,0.28721368,1994
16408,r4i1p1f1,1994,12,04,0.0,12.626126,0.49242866,1994
16409,r4i1p1f1,1994,12,05,0.0,15.839443,2.4818735,1994
16410,r4i1p1f1,1994,12,06,0.0,16.232882,3.5715163,1994
16411,r4i1p1f1,1994,12,07,0.23137943176152476,12.617762,1.921321,1994
16412,r4i1p1f1,1994,12,08,4.049951531351326,9.922538,2.6008236,1994
16413,r4i1p1f1,1994,12,09,16.803764843280078,7.6830106,0.40975073,1994
16414,r4i1p1f1,1994,12,10,1.0134738418855704,4.13492,-4.132011,1994
16415,r4i1p1f1,1994,12,11,20.403533792432427,6.3343267,-5.389727,1994
16416,r4i1p1f1,1994,12,12,5.306573761282607,1.6101687,-7.4676948,1994
16417,r4i1p1f1,1994,12,13,32.55262972888886,6.344451,-4.1274695,1994
16418,r4i1p1f1,1994,12,14,45.6256469085929,7.89466,-3.326296,1994
16419,r4i1p1f1,1994,12,15,0.0,4.6170025,-7.6556797,1994
16420,r4i1p1f1,1994,12,16,0.06973497615945234,4.0951147,-7.742007,1994
16421,r4i1p1f1,1994,12,17,61.88218600618711,10.5893,0.5351242,1994
16422,r4i1p1f1,1994,12,18,16.725414280881523,8.61362,-1.8583889,1994
16423,r4i1p1f1,1994,12,19,0.0,7.8448997,-4.506159,1994
16424,r4i1p1f1,1994,12,20,0.1469133451905691,8.799016,0.46784884,1994
16425,r4i1p1f1,1994,12,21,1.2703811789663177,8.686972,3.0442653,1994
16426,r4i1p1f1,1994,12,22,0.0,7.752894,2.1777647,1994
16427,r4i1p1f1,1994,12,23,0.7433407186226371,9.255003,1.3450823,1994
16428,r4i1p1f1,1994,12,24,0.0,8.1684675,0.7683677,1994
16429,r4i1p1f1,1994,12,25,0.0,8.705478,-2.8565066,1994
16430,r4i1p1f1,1994,12,26,0.8025453591244514,9.763369,1.0570142,1994
16431,r4i1p1f1,1994,12,27,16.99410403089132,7.079367,1.7910879,1994
16432,r4i1p1f1,1994,12,28,31.483816499530803,8.391527,1.8370336,1994
16433,r4i1p1f1,1994,12,29,0.0,8.298105,-2.3951743,1994
16434,r4i1p1f1,1994,12,30,0.0,10.27311,-0.4659765,1994
16435,r4i1p1f1,1994,12,31,0.0,10.976443,-0.13493797,1994
16436,r4i1p1f1,1995,01,01,0.0,11.302306,-0.16355473,1995
16437,r4i1p1f1,1995,01,02,0.0,11.47684,0.32895342,1995
16438,r4i1p1f1,1995,01,03,0.0,10.20274,0.40142244,1995
16439,r4i1p1f1,1995,01,04,0.0,8.942378,-0.5220628,1995
16440,r4i1p1f1,1995,01,05,0.0,11.076382,2.3101962,1995
16441,r4i1p1f1,1995,01,06,0.0,10.393557,-0.5107778,1995
16442,r4i1p1f1,1995,01,07,0.0,11.107786,0.04401843,1995
16443,r4i1p1f1,1995,01,08,0.0,10.979588,-0.21954791,1995
16444,r4i1p1f1,1995,01,09,0.0,12.669842,0.99787205,1995
16445,r4i1p1f1,1995,01,10,0.0,13.522227,1.5701625,1995
16446,r4i1p1f1,1995,01,11,0.0,11.874109,1.1477172,1995
16447,r4i1p1f1,1995,01,12,6.275099274171225,8.684582,-0.3451006,1995
16448,r4i1p1f1,1995,01,13,0.1619838108638305,7.840826,2.817052,1995
16449,r4i1p1f1,1995,01,14,0.0,9.089907,2.0121787,1995
16450,r4i1p1f1,1995,01,15,3.683478337552515,8.02108,-0.7696499,1995
16451,r4i1p1f1,1995,01,16,0.0,11.0068655,1.5223588,1995
16452,r4i1p1f1,1995,01,17,0.0,10.429943,2.3446734,1995
16453,r4i1p1f1,1995,01,18,13.841434686310095,7.335127,2.6977034,1995
16454,r4i1p1f1,1995,01,19,4.177347744874282,10.097918,2.1376758,1995
16455,r4i1p1f1,1995,01,20,0.0,13.976956,2.3137553,1995
16456,r4i1p1f1,1995,01,21,0.0,15.8953285,2.9830885,1995
16457,r4i1p1f1,1995,01,22,0.0,17.528185,4.9911785,1995
16458,r4i1p1f1,1995,01,23,0.10932819373010716,14.765011,4.1488724,1995
16459,r4i1p1f1,1995,01,24,6.163398949593102,14.623219,4.671283,1995
16460,r4i1p1f1,1995,01,25,0.0,14.359697,6.426937,1995
16461,r4i1p1f1,1995,01,26,0.4473739992135961,12.488171,2.9992054,1995
16462,r4i1p1f1,1995,01,27,5.053753776917347,10.963699,2.8534508,1995
16463,r4i1p1f1,1995,01,28,14.36255833764335,7.7429852,2.5492854,1995
16464,r4i1p1f1,1995,01,29,8.103956564241344,8.070357,-3.8396852,1995
16465,r4i1p1f1,1995,01,30,0.0,5.1606984,-1.6630855,1995
16466,r4i1p1f1,1995,01,31,0.7264260874961792,10.963958,-0.23245446,1995
16467,r4i1p1f1,1995,02,01,3.1765984624939847,10.543314,1.2638013,1995
16468,r4i1p1f1,1995,02,02,42.521867690356885,10.772595,3.916323,1995
16469,r4i1p1f1,1995,02,03,6.357832819463738,10.316064,3.2738256,1995
16470,r4i1p1f1,1995,02,04,0.0,11.96329,2.1306381,1995
16471,r4i1p1f1,1995,02,05,0.0,9.348203,2.6896265,1995
16472,r4i1p1f1,1995,02,06,0.7903067611664483,9.599948,4.675898,1995
16473,r4i1p1f1,1995,02,07,26.06382515077712,8.9554405,2.9617605,1995
16474,r4i1p1f1,1995,02,08,1.9136844811042053,10.109783,3.92924,1995
16475,r4i1p1f1,1995,02,09,0.0,13.6207695,2.2519426,1995
16476,r4i1p1f1,1995,02,10,0.0,11.680158,4.1439037,1995
16477,r4i1p1f1,1995,02,11,0.0,13.863465,1.9086584,1995
16478,r4i1p1f1,1995,02,12,0.0,17.674652,2.986275,1995
16479,r4i1p1f1,1995,02,13,0.0,20.892569,5.901087,1995
16480,r4i1p1f1,1995,02,14,0.0,22.101044,5.3361406,1995
16481,r4i1p1f1,1995,02,15,0.0,22.193321,6.2713265,1995
16482,r4i1p1f1,1995,02,16,0.0,21.423326,5.914469,1995
16483,r4i1p1f1,1995,02,17,0.0,21.046257,6.427996,1995
16484,r4i1p1f1,1995,02,18,0.0,20.237326,6.708839,1995
16485,r4i1p1f1,1995,02,19,0.0,21.170929,7.239201,1995
16486,r4i1p1f1,1995,02,20,0.0,20.218542,7.3854117,1995
16487,r4i1p1f1,1995,02,21,0.0,19.004562,5.32486,1995
16488,r4i1p1f1,1995,02,22,0.0,19.042368,5.040254,1995
16489,r4i1p1f1,1995,02,23,0.0,19.614601,4.9914894,1995
16490,r4i1p1f1,1995,02,24,0.0,20.531578,5.400058,1995
16491,r4i1p1f1,1995,02,25,0.0,19.967854,6.819349,1995
16492,r4i1p1f1,1995,02,26,32.657933582231635,17.277418,3.8196683,1995
16493,r4i1p1f1,1995,02,27,9.143488522772714,8.737485,3.1117206,1995
16494,r4i1p1f1,1995,02,28,0.03473030403213784,10.487246,3.549571,1995
16495,r4i1p1f1,1995,03,01,0.0,13.669159,-0.54295135,1995
16496,r4i1p1f1,1995,03,02,0.8680267014824494,11.819892,2.4447837,1995
16497,r4i1p1f1,1995,03,03,22.727804400892637,4.492123,1.734715,1995
16498,r4i1p1f1,1995,03,04,9.763810007336815,5.1819963,-2.5391452,1995
16499,r4i1p1f1,1995,03,05,0.0,11.310261,-0.45984158,1995
16500,r4i1p1f1,1995,03,06,0.5475330508090792,9.172692,0.693681,1995
16501,r4i1p1f1,1995,03,07,5.590191198973571,6.705903,-1.9227467,1995
16502,r4i1p1f1,1995,03,08,0.4754134861144621,10.682512,4.48607,1995
16503,r4i1p1f1,1995,03,09,0.0,15.572941,2.6237907,1995
16504,r4i1p1f1,1995,03,10,0.0,16.072613,2.387074,1995
16505,r4i1p1f1,1995,03,11,1.034275091069503,13.932446,3.6316621,1995
16506,r4i1p1f1,1995,03,12,0.0,14.608647,6.55513,1995
16507,r4i1p1f1,1995,03,13,9.33206002928273,11.357223,-1.696947,1995
16508,r4i1p1f1,1995,03,14,0.0,11.121293,1.7971475,1995
16509,r4i1p1f1,1995,03,15,0.0,15.560703,0.94639885,1995
16510,r4i1p1f1,1995,03,16,38.197379949269816,12.510715,0.48047107,1995
16511,r4i1p1f1,1995,03,17,7.281570567806739,10.238216,-2.5445397,1995
16512,r4i1p1f1,1995,03,18,0.0,15.706388,-0.51285386,1995
16513,r4i1p1f1,1995,03,19,3.5464700233717394,12.741878,-0.011190097,1995
16514,r4i1p1f1,1995,03,20,0.029439298359079658,17.289114,4.169096,1995
16515,r4i1p1f1,1995,03,21,0.0,19.12759,3.688669,1995
16516,r4i1p1f1,1995,03,22,0.0,18.972673,4.3785152,1995
16517,r4i1p1f1,1995,03,23,0.0,18.076324,2.266717,1995
16518,r4i1p1f1,1995,03,24,0.0,18.065708,1.9852464,1995
16519,r4i1p1f1,1995,03,25,0.0,15.516111,1.6718888,1995
16520,r4i1p1f1,1995,03,26,0.0,13.672763,-1.4004769,1995
16521,r4i1p1f1,1995,03,27,0.0,15.994488,0.15688187,1995
16522,r4i1p1f1,1995,03,28,0.0,16.04743,2.3793304,1995
16523,r4i1p1f1,1995,03,29,0.0,18.279564,3.1756527,1995
16524,r4i1p1f1,1995,03,30,0.0,20.387182,2.6327264,1995
16525,r4i1p1f1,1995,03,31,0.0,20.549112,3.45502,1995
16526,r4i1p1f1,1995,04,01,3.0500724729108697,14.864473,-0.0528654,1995
16527,r4i1p1f1,1995,04,02,0.0,14.840763,0.28472593,1995
16528,r4i1p1f1,1995,04,03,0.0,19.681332,2.432467,1995
16529,r4i1p1f1,1995,04,04,0.0,21.558897,4.5506434,1995
16530,r4i1p1f1,1995,04,05,0.0,24.796257,5.798608,1995
16531,r4i1p1f1,1995,04,06,0.0,23.167473,6.6035695,1995
16532,r4i1p1f1,1995,04,07,0.23315908081258385,13.954639,-1.631318,1995
16533,r4i1p1f1,1995,04,08,0.3796717532750904,9.500835,-4.051312,1995
16534,r4i1p1f1,1995,04,09,3.4808989180305616,4.4537716,-6.9858303,1995
16535,r4i1p1f1,1995,04,10,0.025996449971898983,7.7523823,-4.777916,1995
16536,r4i1p1f1,1995,04,11,0.0,10.663112,-4.712143,1995
16537,r4i1p1f1,1995,04,12,0.0,18.070229,0.61659706,1995
16538,r4i1p1f1,1995,04,13,0.0,20.725485,2.2029345,1995
16539,r4i1p1f1,1995,04,14,0.0,20.589571,3.906426,1995
16540,r4i1p1f1,1995,04,15,0.0,23.100664,3.7976522,1995
16541,r4i1p1f1,1995,04,16,0.0,22.723885,4.950887,1995
16542,r4i1p1f1,1995,04,17,0.0,23.718138,4.44427,1995
16543,r4i1p1f1,1995,04,18,0.0,22.223976,6.900109,1995
16544,r4i1p1f1,1995,04,19,0.0,22.368385,6.639476,1995
16545,r4i1p1f1,1995,04,20,0.0,19.09141,3.6913044,1995
16546,r4i1p1f1,1995,04,21,10.263208015476266,13.38597,1.5072321,1995
16547,r4i1p1f1,1995,04,22,0.38273510773318975,13.004773,0.994581,1995
16548,r4i1p1f1,1995,04,23,7.147299760742953,12.450571,0.25852647,1995
16549,r4i1p1f1,1995,04,24,0.0,15.179772,1.4012432,1995
16550,r4i1p1f1,1995,04,25,0.0,18.09157,1.2330505,1995
16551,r4i1p1f1,1995,04,26,0.0,20.499763,3.9963672,1995
16552,r4i1p1f1,1995,04,27,0.0,20.548351,5.896597,1995
16553,r4i1p1f1,1995,04,28,0.07996249582902237,12.4080925,-1.560767,1995
16554,r4i1p1f1,1995,04,29,0.1607537496056466,11.422147,-2.1629229,1995
16555,r4i1p1f1,1995,04,30,0.0,16.214464,-0.0654858,1995
16556,r4i1p1f1,1995,05,01,0.0,19.68251,2.1822858,1995
16557,r4i1p1f1,1995,05,02,0.0,22.29147,5.6369457,1995
16558,r4i1p1f1,1995,05,03,0.0,23.900585,7.112308,1995
16559,r4i1p1f1,1995,05,04,0.0,22.374662,6.051685,1995
16560,r4i1p1f1,1995,05,05,0.0,20.970715,5.4527397,1995
16561,r4i1p1f1,1995,05,06,0.0,26.23823,8.6553,1995
16562,r4i1p1f1,1995,05,07,0.0,26.695248,8.673446,1995
16563,r4i1p1f1,1995,05,08,0.0,27.356333,9.518972,1995
16564,r4i1p1f1,1995,05,09,0.0,29.551046,11.612526,1995
16565,r4i1p1f1,1995,05,10,0.0,29.894056,12.376996,1995
16566,r4i1p1f1,1995,05,11,0.0,29.154266,12.025647,1995
16567,r4i1p1f1,1995,05,12,0.9554645764239922,19.24481,0.93401104,1995
16568,r4i1p1f1,1995,05,13,0.0,20.887001,2.9147546,1995
16569,r4i1p1f1,1995,05,14,0.0,24.743698,7.568758,1995
16570,r4i1p1f1,1995,05,15,0.0,27.090088,9.311011,1995
16571,r4i1p1f1,1995,05,16,0.0,27.880388,9.840469,1995
16572,r4i1p1f1,1995,05,17,0.8530395968989524,25.698328,9.390258,1995
16573,r4i1p1f1,1995,05,18,0.0,26.77356,9.22903,1995
16574,r4i1p1f1,1995,05,19,0.0,25.846663,9.198449,1995
16575,r4i1p1f1,1995,05,20,0.008582399277656805,24.599468,7.101704,1995
16576,r4i1p1f1,1995,05,21,0.0,25.625704,7.312989,1995
16577,r4i1p1f1,1995,05,22,0.0,25.878946,8.688481,1995
16578,r4i1p1f1,1995,05,23,0.0,24.549229,6.4882627,1995
16579,r4i1p1f1,1995,05,24,0.35065230388227064,19.8549,5.4790893,1995
16580,r4i1p1f1,1995,05,25,0.3053957699421517,23.982054,5.775494,1995
16581,r4i1p1f1,1995,05,26,0.0,26.715475,8.153465,1995
16582,r4i1p1f1,1995,05,27,0.0,28.684212,10.996881,1995
16583,r4i1p1f1,1995,05,28,0.0,30.05794,11.974964,1995
16584,r4i1p1f1,1995,05,29,0.0,32.8987,14.618198,1995
16585,r4i1p1f1,1995,05,30,0.0,33.031376,14.941857,1995
16586,r4i1p1f1,1995,05,31,0.0,33.27887,15.400875,1995
16587,r4i1p1f1,1995,06,01,0.0,35.776302,15.9367,1995
16588,r4i1p1f1,1995,06,02,0.0,30.976192,11.487953,1995
16589,r4i1p1f1,1995,06,03,0.0,30.574799,8.3974085,1995
16590,r4i1p1f1,1995,06,04,0.0,30.838497,10.451827,1995
16591,r4i1p1f1,1995,06,05,0.0,32.613533,13.987222,1995
16592,r4i1p1f1,1995,06,06,0.0,32.48607,12.030589,1995
16593,r4i1p1f1,1995,06,07,0.0,34.361473,15.940325,1995
16594,r4i1p1f1,1995,06,08,0.0,37.18565,18.567657,1995
16595,r4i1p1f1,1995,06,09,0.0,37.131332,17.617384,1995
16596,r4i1p1f1,1995,06,10,0.0,34.94645,15.280317,1995
16597,r4i1p1f1,1995,06,11,0.0,31.019924,13.36092,1995
16598,r4i1p1f1,1995,06,12,0.0,32.6653,13.056774,1995
16599,r4i1p1f1,1995,06,13,0.0,31.98638,13.141638,1995
16600,r4i1p1f1,1995,06,14,0.0,31.167118,11.226505,1995
16601,r4i1p1f1,1995,06,15,0.0,30.597364,10.932583,1995
16602,r4i1p1f1,1995,06,16,0.0,28.054062,9.532932,1995
16603,r4i1p1f1,1995,06,17,0.0,28.29326,9.273032,1995
16604,r4i1p1f1,1995,06,18,1.10743690447066,23.87472,6.8303475,1995
16605,r4i1p1f1,1995,06,19,0.03279107477283105,25.111277,8.814931,1995
16606,r4i1p1f1,1995,06,20,0.0,27.378746,9.962847,1995
16607,r4i1p1f1,1995,06,21,0.0,31.996372,12.132658,1995
16608,r4i1p1f1,1995,06,22,0.16312751058649155,33.22887,13.952344,1995
16609,r4i1p1f1,1995,06,23,0.6671609204204287,34.31093,15.480715,1995
16610,r4i1p1f1,1995,06,24,0.0,34.834846,16.169249,1995
16611,r4i1p1f1,1995,06,25,0.0,34.470642,16.681175,1995
16612,r4i1p1f1,1995,06,26,0.0,34.380432,15.939817,1995
16613,r4i1p1f1,1995,06,27,0.0,34.293503,15.630402,1995
16614,r4i1p1f1,1995,06,28,0.0,35.209805,16.290703,1995
16615,r4i1p1f1,1995,06,29,0.0,33.150723,13.590529,1995
16616,r4i1p1f1,1995,06,30,0.014756604582544242,28.9434,10.339555,1995
16617,r4i1p1f1,1995,07,01,0.4187417274579275,29.316942,10.987195,1995
16618,r4i1p1f1,1995,07,02,0.04147209151028619,29.617344,11.739322,1995
16619,r4i1p1f1,1995,07,03,0.0,30.231419,11.753272,1995
16620,r4i1p1f1,1995,07,04,3.9847865044066566,31.94677,14.848046,1995
16621,r4i1p1f1,1995,07,05,0.18475009487701755,30.918583,13.918997,1995
16622,r4i1p1f1,1995,07,06,0.0,30.255209,11.884517,1995
16623,r4i1p1f1,1995,07,07,0.0,30.126247,12.130912,1995
16624,r4i1p1f1,1995,07,08,0.0,29.451765,11.107594,1995
16625,r4i1p1f1,1995,07,09,0.0,33.423832,12.91884,1995
16626,r4i1p1f1,1995,07,10,0.0,35.027653,15.255543,1995
16627,r4i1p1f1,1995,07,11,0.0,35.509594,15.718467,1995
16628,r4i1p1f1,1995,07,12,0.0,37.66572,17.697609,1995
16629,r4i1p1f1,1995,07,13,0.0,38.620102,19.22261,1995
16630,r4i1p1f1,1995,07,14,0.0051482410526659805,40.363255,19.831322,1995
16631,r4i1p1f1,1995,07,15,0.0,39.54689,20.443352,1995
16632,r4i1p1f1,1995,07,16,0.09140595223016135,37.115345,18.276558,1995
16633,r4i1p1f1,1995,07,17,0.007273626590631466,37.143433,19.546076,1995
16634,r4i1p1f1,1995,07,18,0.4473343820336595,37.00295,19.292282,1995
16635,r4i1p1f1,1995,07,19,0.0,37.121017,20.331774,1995
16636,r4i1p1f1,1995,07,20,0.0,36.377712,18.364384,1995
16637,r4i1p1f1,1995,07,21,0.0,33.87964,15.478475,1995
16638,r4i1p1f1,1995,07,22,0.0,32.7075,15.709891,1995
16639,r4i1p1f1,1995,07,23,0.0,34.393772,15.110151,1995
16640,r4i1p1f1,1995,07,24,0.0,35.29857,16.971937,1995
16641,r4i1p1f1,1995,07,25,0.0,34.949844,17.54841,1995
16642,r4i1p1f1,1995,07,26,0.0,32.9446,14.556257,1995
16643,r4i1p1f1,1995,07,27,0.0,30.539389,12.446019,1995
16644,r4i1p1f1,1995,07,28,0.0,30.273445,12.055256,1995
16645,r4i1p1f1,1995,07,29,0.0,28.934958,10.934927,1995
16646,r4i1p1f1,1995,07,30,0.0,32.590603,14.73449,1995
16647,r4i1p1f1,1995,07,31,0.0,31.348362,15.0455885,1995
16648,r4i1p1f1,1995,08,01,0.0,31.616726,13.700688,1995
16649,r4i1p1f1,1995,08,02,0.0,32.31961,13.245608,1995
16650,r4i1p1f1,1995,08,03,0.0,32.876705,13.337437,1995
16651,r4i1p1f1,1995,08,04,0.0,34.077,15.40695,1995
16652,r4i1p1f1,1995,08,05,0.0,35.04828,16.763393,1995
16653,r4i1p1f1,1995,08,06,0.0,35.66011,16.298098,1995
16654,r4i1p1f1,1995,08,07,0.0,34.548843,15.600017,1995
16655,r4i1p1f1,1995,08,08,0.0,34.45864,16.225832,1995
16656,r4i1p1f1,1995,08,09,0.0,34.680542,16.198233,1995
16657,r4i1p1f1,1995,08,10,0.0,34.09174,15.832293,1995
16658,r4i1p1f1,1995,08,11,0.0,32.907284,14.950489,1995
16659,r4i1p1f1,1995,08,12,0.0,32.212967,13.6624565,1995
16660,r4i1p1f1,1995,08,13,0.0,31.596395,13.07319,1995
16661,r4i1p1f1,1995,08,14,0.0,30.458303,12.085798,1995
16662,r4i1p1f1,1995,08,15,0.0,30.65175,11.589081,1995
16663,r4i1p1f1,1995,08,16,0.0,30.617092,11.979618,1995
16664,r4i1p1f1,1995,08,17,0.0,30.38565,12.2575445,1995
16665,r4i1p1f1,1995,08,18,0.7243396463536556,31.93137,14.623701,1995
16666,r4i1p1f1,1995,08,19,0.4687472558543959,32.45255,16.594397,1995
16667,r4i1p1f1,1995,08,20,0.0,30.597443,15.043993,1995
16668,r4i1p1f1,1995,08,21,0.01455779542993696,29.826925,14.324727,1995
16669,r4i1p1f1,1995,08,22,0.0,30.606466,13.610188,1995
16670,r4i1p1f1,1995,08,23,0.0,27.417627,10.960773,1995
16671,r4i1p1f1,1995,08,24,0.0,27.092943,10.762402,1995
16672,r4i1p1f1,1995,08,25,0.0,30.123055,11.044676,1995
16673,r4i1p1f1,1995,08,26,0.0,31.654106,12.394001,1995
16674,r4i1p1f1,1995,08,27,0.0,32.661114,12.676212,1995
16675,r4i1p1f1,1995,08,28,0.0,32.961407,13.719887,1995
16676,r4i1p1f1,1995,08,29,0.0,32.67376,13.303777,1995
16677,r4i1p1f1,1995,08,30,0.0,32.881237,13.642666,1995
16678,r4i1p1f1,1995,08,31,0.0,32.453033,14.875044,1995
16679,r4i1p1f1,1995,09,01,0.0,32.404243,15.84573,1995
16680,r4i1p1f1,1995,09,02,0.0,30.219168,13.073339,1995
16681,r4i1p1f1,1995,09,03,0.0,25.187334,10.048845,1995
16682,r4i1p1f1,1995,09,04,0.0,24.03542,8.662029,1995
16683,r4i1p1f1,1995,09,05,0.0,28.98622,11.140629,1995
16684,r4i1p1f1,1995,09,06,0.0,30.523956,14.05347,1995
16685,r4i1p1f1,1995,09,07,0.0,29.918745,14.567269,1995
16686,r4i1p1f1,1995,09,08,0.0,30.63015,13.961067,1995
16687,r4i1p1f1,1995,09,09,0.0,30.822693,13.494244,1995
16688,r4i1p1f1,1995,09,10,0.0,29.230795,12.292948,1995
16689,r4i1p1f1,1995,09,11,0.0,28.839268,11.641387,1995
16690,r4i1p1f1,1995,09,12,0.0,30.153587,12.077073,1995
16691,r4i1p1f1,1995,09,13,0.0,28.729374,12.313256,1995
16692,r4i1p1f1,1995,09,14,0.0,31.225199,14.44941,1995
16693,r4i1p1f1,1995,09,15,0.0,32.231136,15.919456,1995
16694,r4i1p1f1,1995,09,16,1.2259833006623921,32.611763,17.367739,1995
16695,r4i1p1f1,1995,09,17,0.0,31.19683,16.070803,1995
16696,r4i1p1f1,1995,09,18,0.0,27.741573,13.230053,1995
16697,r4i1p1f1,1995,09,19,0.0,27.42303,11.569206,1995
16698,r4i1p1f1,1995,09,20,0.0,30.263563,14.4898615,1995
16699,r4i1p1f1,1995,09,21,0.0,30.741808,16.88976,1995
16700,r4i1p1f1,1995,09,22,1.2907743291407314,28.884878,14.147955,1995
16701,r4i1p1f1,1995,09,23,19.923514749370952,17.988457,8.675181,1995
16702,r4i1p1f1,1995,09,24,0.0,18.42531,7.34242,1995
16703,r4i1p1f1,1995,09,25,0.0,21.882154,9.886477,1995
16704,r4i1p1f1,1995,09,26,0.0,30.27645,14.102382,1995
16705,r4i1p1f1,1995,09,27,0.0,31.532915,16.905554,1995
16706,r4i1p1f1,1995,09,28,0.0,30.902351,15.769636,1995
16707,r4i1p1f1,1995,09,29,0.0,31.068895,16.349459,1995
16708,r4i1p1f1,1995,09,30,1.1904380999169462,30.71072,15.830275,1995
16709,r4i1p1f1,1995,10,01,0.0015835161320865154,28.126137,14.669222,1995
16710,r4i1p1f1,1995,10,02,0.0736141628635778,28.363985,13.889592,1995
16711,r4i1p1f1,1995,10,03,0.5439804225034095,27.628561,14.493648,1995
16712,r4i1p1f1,1995,10,04,0.712161351867735,22.648443,10.815802,1995
16713,r4i1p1f1,1995,10,05,0.0,23.008312,9.437293,1995
16714,r4i1p1f1,1995,10,06,0.0,25.098913,9.849274,1995
16715,r4i1p1f1,1995,10,07,0.0,24.93852,9.426609,1995
16716,r4i1p1f1,1995,10,08,0.0,24.810715,8.4213085,1995
16717,r4i1p1f1,1995,10,09,0.0,25.628479,7.9400034,1995
16718,r4i1p1f1,1995,10,10,0.0,25.696085,9.400008,1995
16719,r4i1p1f1,1995,10,11,0.0,27.202904,11.86438,1995
16720,r4i1p1f1,1995,10,12,0.0,26.30107,9.084432,1995
16721,r4i1p1f1,1995,10,13,0.0,22.954248,7.1210513,1995
16722,r4i1p1f1,1995,10,14,0.0,25.875069,7.0620623,1995
16723,r4i1p1f1,1995,10,15,0.0,24.809013,7.8849998,1995
16724,r4i1p1f1,1995,10,16,0.0,23.20259,8.257708,1995
16725,r4i1p1f1,1995,10,17,0.0,21.703085,6.6925974,1995
16726,r4i1p1f1,1995,10,18,0.0,21.555882,8.575006,1995
16727,r4i1p1f1,1995,10,19,0.0,18.21608,7.0257783,1995
16728,r4i1p1f1,1995,10,20,0.0,22.25306,6.7003303,1995
16729,r4i1p1f1,1995,10,21,0.0,22.500261,5.9712048,1995
16730,r4i1p1f1,1995,10,22,0.0,23.304205,9.771079,1995
16731,r4i1p1f1,1995,10,23,0.0,20.231627,6.846223,1995
16732,r4i1p1f1,1995,10,24,0.0,23.252851,6.9185505,1995
16733,r4i1p1f1,1995,10,25,0.0,27.307323,9.028174,1995
16734,r4i1p1f1,1995,10,26,0.0,27.071634,9.482142,1995
16735,r4i1p1f1,1995,10,27,0.0,25.410631,8.690836,1995
16736,r4i1p1f1,1995,10,28,0.0,23.911964,6.856413,1995
16737,r4i1p1f1,1995,10,29,0.0,23.065865,8.089081,1995
16738,r4i1p1f1,1995,10,30,0.0,23.367018,7.8093033,1995
16739,r4i1p1f1,1995,10,31,0.9002639276275204,22.28659,7.5411835,1995
16740,r4i1p1f1,1995,11,01,1.7101610746067308,10.604834,-1.0946941,1995
16741,r4i1p1f1,1995,11,02,0.39643178116648414,11.380902,-0.31703365,1995
16742,r4i1p1f1,1995,11,03,0.0,13.837046,-1.8483167,1995
16743,r4i1p1f1,1995,11,04,0.0,16.26483,-0.8080661,1995
16744,r4i1p1f1,1995,11,05,0.0,18.102785,1.3219634,1995
16745,r4i1p1f1,1995,11,06,0.0,20.091541,4.1130643,1995
16746,r4i1p1f1,1995,11,07,0.0,19.922207,4.639948,1995
16747,r4i1p1f1,1995,11,08,0.0,20.029161,3.9055185,1995
16748,r4i1p1f1,1995,11,09,0.0,19.210403,2.9594574,1995
16749,r4i1p1f1,1995,11,10,0.0,18.72692,1.5175034,1995
16750,r4i1p1f1,1995,11,11,0.0,14.623703,-1.3555398,1995
16751,r4i1p1f1,1995,11,12,0.0,17.092278,0.28788888,1995
16752,r4i1p1f1,1995,11,13,0.0,17.19276,-0.43224636,1995
16753,r4i1p1f1,1995,11,14,0.0,15.473896,-0.36782593,1995
16754,r4i1p1f1,1995,11,15,0.0,17.435925,0.91904366,1995
16755,r4i1p1f1,1995,11,16,0.0,19.172318,1.8200469,1995
16756,r4i1p1f1,1995,11,17,0.0,19.465433,2.6750734,1995
16757,r4i1p1f1,1995,11,18,0.0,21.691277,4.282607,1995
16758,r4i1p1f1,1995,11,19,0.0,21.176764,3.701282,1995
16759,r4i1p1f1,1995,11,20,0.0,21.373978,3.528272,1995
16760,r4i1p1f1,1995,11,21,0.0,20.446991,2.463343,1995
16761,r4i1p1f1,1995,11,22,0.0,16.497505,-0.066138744,1995
16762,r4i1p1f1,1995,11,23,0.0,13.697127,0.5646234,1995
16763,r4i1p1f1,1995,11,24,5.628435985204305,12.608988,1.0382909,1995
16764,r4i1p1f1,1995,11,25,0.0,10.037899,-1.2349318,1995
16765,r4i1p1f1,1995,11,26,7.7500267663708655,7.6320515,-4.001917,1995
16766,r4i1p1f1,1995,11,27,0.9829437701966981,9.326053,-2.1319926,1995
16767,r4i1p1f1,1995,11,28,0.0,6.4375863,-4.0403943,1995
16768,r4i1p1f1,1995,11,29,8.383763830443058,8.457377,0.39927736,1995
16769,r4i1p1f1,1995,11,30,0.48124299729011,7.7269373,-2.5945,1995
16770,r4i1p1f1,1995,12,01,0.0,5.550457,-6.5620637,1995
16771,r4i1p1f1,1995,12,02,0.0,4.459034,-6.62164,1995
16772,r4i1p1f1,1995,12,03,1.2435271028834904,4.288341,-2.488728,1995
16773,r4i1p1f1,1995,12,04,0.0,4.7266726,-6.6340327,1995
16774,r4i1p1f1,1995,12,05,0.0,5.955061,-5.401309,1995
16775,r4i1p1f1,1995,12,06,0.0,9.92543,-2.6525872,1995
16776,r4i1p1f1,1995,12,07,0.0,10.187999,-1.1893405,1995
16777,r4i1p1f1,1995,12,08,0.0,12.125991,1.1709614,1995
16778,r4i1p1f1,1995,12,09,0.0,11.300727,-0.4107238,1995
16779,r4i1p1f1,1995,12,10,0.0,10.997326,1.1235985,1995
16780,r4i1p1f1,1995,12,11,0.0,11.973648,0.11140463,1995
16781,r4i1p1f1,1995,12,12,0.0,15.8980665,3.1406484,1995
16782,r4i1p1f1,1995,12,13,0.0,17.201836,4.1396403,1995
16783,r4i1p1f1,1995,12,14,0.0,17.773842,4.544297,1995
16784,r4i1p1f1,1995,12,15,0.0,17.579737,4.845803,1995
16785,r4i1p1f1,1995,12,16,0.0,18.625095,4.87213,1995
16786,r4i1p1f1,1995,12,17,0.0,18.977865,5.3828626,1995
16787,r4i1p1f1,1995,12,18,0.0,17.35376,4.909101,1995
16788,r4i1p1f1,1995,12,19,0.03564723824069915,16.220694,4.173604,1995
16789,r4i1p1f1,1995,12,20,5.497822164534227,10.867939,1.4311324,1995
16790,r4i1p1f1,1995,12,21,12.095068377948337,5.2155404,0.9248089,1995
16791,r4i1p1f1,1995,12,22,51.956601995334495,10.101949,1.8313031,1995
16792,r4i1p1f1,1995,12,23,3.26114827677344,5.130377,-2.7431836,1995
16793,r4i1p1f1,1995,12,24,0.062353671273740474,3.126354,-2.5013647,1995
16794,r4i1p1f1,1995,12,25,1.1787112884803719,7.0540996,-2.4481823,1995
16795,r4i1p1f1,1995,12,26,34.291319953081256,9.278827,2.3551955,1995
16796,r4i1p1f1,1995,12,27,89.15554879931733,10.750983,2.3973699,1995
16797,r4i1p1f1,1995,12,28,5.867581057248117,9.834698,0.6972563,1995
16798,r4i1p1f1,1995,12,29,0.12784908465661715,7.3661475,-3.382751,1995
16799,r4i1p1f1,1995,12,30,0.0,8.898173,-0.20513476,1995
16800,r4i1p1f1,1995,12,31,7.755048719809565,8.412463,-1.1262623,1995
16801,r4i1p1f1,1996,01,01,29.124390888500784,9.518988,-1.5915576,1996
16802,r4i1p1f1,1996,01,02,0.0,7.547651,-4.5872154,1996
16803,r4i1p1f1,1996,01,03,3.922999993335452,5.7098494,-4.867693,1996
16804,r4i1p1f1,1996,01,04,0.6321310250882561,6.54039,-0.65291655,1996
16805,r4i1p1f1,1996,01,05,0.0,8.632673,-2.911276,1996
16806,r4i1p1f1,1996,01,06,11.22899157617212,7.0000725,-2.053948,1996
16807,r4i1p1f1,1996,01,07,28.593329606519546,10.142228,0.60738957,1996
16808,r4i1p1f1,1996,01,08,0.0,7.3779306,-3.223123,1996
16809,r4i1p1f1,1996,01,09,1.110618576399247,9.940876,-1.5937644,1996
16810,r4i1p1f1,1996,01,10,0.012722620158456266,11.76642,5.2223454,1996
16811,r4i1p1f1,1996,01,11,0.0,11.944224,1.7389734,1996
16812,r4i1p1f1,1996,01,12,0.0,14.522975,3.0837708,1996
16813,r4i1p1f1,1996,01,13,0.0,13.296735,2.512529,1996
16814,r4i1p1f1,1996,01,14,0.0,16.420542,3.4021847,1996
16815,r4i1p1f1,1996,01,15,0.0,16.674295,4.9709673,1996
16816,r4i1p1f1,1996,01,16,0.0,14.52577,2.1763637,1996
16817,r4i1p1f1,1996,01,17,0.0,13.751993,1.2841955,1996
16818,r4i1p1f1,1996,01,18,0.0,13.776463,1.8921579,1996
16819,r4i1p1f1,1996,01,19,0.0,14.311072,2.2782907,1996
16820,r4i1p1f1,1996,01,20,0.0,13.690197,2.7553632,1996
16821,r4i1p1f1,1996,01,21,0.0,11.755453,0.7647746,1996
16822,r4i1p1f1,1996,01,22,0.0,5.6710753,-6.5576296,1996
16823,r4i1p1f1,1996,01,23,0.0,9.74255,-3.4058528,1996
16824,r4i1p1f1,1996,01,24,0.0,12.109664,0.36698347,1996
16825,r4i1p1f1,1996,01,25,0.5236562010591528,12.085699,2.1758351,1996
16826,r4i1p1f1,1996,01,26,0.0,11.795714,6.4905467,1996
16827,r4i1p1f1,1996,01,27,0.0,13.140349,2.304668,1996
16828,r4i1p1f1,1996,01,28,0.0,14.19289,2.2316961,1996
16829,r4i1p1f1,1996,01,29,0.0,14.438999,2.9910922,1996
16830,r4i1p1f1,1996,01,30,0.0,13.74688,1.7268859,1996
16831,r4i1p1f1,1996,01,31,0.0,14.279829,1.1733019,1996
16832,r4i1p1f1,1996,02,01,0.0,15.440284,1.852186,1996
16833,r4i1p1f1,1996,02,02,0.0,17.499008,3.2298813,1996
16834,r4i1p1f1,1996,02,03,0.0,16.038717,2.961432,1996
16835,r4i1p1f1,1996,02,04,0.0,15.652974,3.3701048,1996
16836,r4i1p1f1,1996,02,05,2.1597676541489363,15.790997,6.1414204,1996
16837,r4i1p1f1,1996,02,06,0.0,16.557076,3.7397928,1996
16838,r4i1p1f1,1996,02,07,0.09839071318538117,14.095318,3.1304955,1996
16839,r4i1p1f1,1996,02,08,0.0,12.929386,2.069688,1996
16840,r4i1p1f1,1996,02,09,0.963458679825635,10.510488,3.0227137,1996
16841,r4i1p1f1,1996,02,10,0.016949525797826936,9.08743,2.7802706,1996
16842,r4i1p1f1,1996,02,11,0.8706211516880558,7.373557,-2.9084156,1996
16843,r4i1p1f1,1996,02,12,0.0,7.212473,-4.735126,1996
16844,r4i1p1f1,1996,02,13,0.0,12.212827,-0.13799079,1996
16845,r4i1p1f1,1996,02,14,0.0,16.515713,3.165321,1996
16846,r4i1p1f1,1996,02,15,0.0,17.835354,4.7600336,1996
16847,r4i1p1f1,1996,02,16,0.0,17.379896,4.4961824,1996
16848,r4i1p1f1,1996,02,17,0.0,16.103514,2.9007971,1996
16849,r4i1p1f1,1996,02,18,0.0,16.324894,3.2360497,1996
16850,r4i1p1f1,1996,02,19,0.0,17.345282,2.437232,1996
16851,r4i1p1f1,1996,02,20,1.7876083258700604,13.995216,3.087537,1996
16852,r4i1p1f1,1996,02,21,27.5042769857464,7.9042087,1.5430188,1996
16853,r4i1p1f1,1996,02,22,1.9577714356408649,3.7924833,-6.72907,1996
16854,r4i1p1f1,1996,02,23,0.004816086379832996,4.7499094,-8.006436,1996
16855,r4i1p1f1,1996,02,24,0.0,5.448011,-7.56514,1996
16856,r4i1p1f1,1996,02,25,0.06401812890999281,2.9372163,-4.711404,1996
16857,r4i1p1f1,1996,02,26,11.106364907254829,2.6214404,-5.232996,1996
16858,r4i1p1f1,1996,02,27,0.0,4.0264664,-9.95288,1996
16859,r4i1p1f1,1996,02,28,0.0,7.19668,-6.584995,1996
16860,r4i1p1f1,1996,02,29,0.0,7.6894684,-3.5408506,1996
16861,r4i1p1f1,1996,03,01,0.0,10.105506,-1.7726568,1996
16862,r4i1p1f1,1996,03,02,0.0,11.338566,-2.1081104,1996
16863,r4i1p1f1,1996,03,03,0.0,10.670134,-0.3117102,1996
16864,r4i1p1f1,1996,03,04,0.0,14.532652,1.8237203,1996
16865,r4i1p1f1,1996,03,05,0.0,15.667094,1.5390229,1996
16866,r4i1p1f1,1996,03,06,0.0,16.388695,2.162671,1996
16867,r4i1p1f1,1996,03,07,0.0,15.370205,1.2016419,1996
16868,r4i1p1f1,1996,03,08,3.8639960808723117,11.991649,2.021851,1996
16869,r4i1p1f1,1996,03,09,6.773197208030979,7.476137,2.8203192,1996
16870,r4i1p1f1,1996,03,10,32.47384597270866,8.090748,1.8587801,1996
16871,r4i1p1f1,1996,03,11,0.0,10.496201,-0.892185,1996
16872,r4i1p1f1,1996,03,12,0.0,11.683433,4.4549055,1996
16873,r4i1p1f1,1996,03,13,0.03502991378354636,14.176384,1.7452922,1996
16874,r4i1p1f1,1996,03,14,0.021861643972442835,17.153545,1.8332143,1996
16875,r4i1p1f1,1996,03,15,0.0,18.458815,4.3415866,1996
16876,r4i1p1f1,1996,03,16,1.368591031973665,16.253553,2.8489041,1996
16877,r4i1p1f1,1996,03,17,0.5309289575130549,10.551772,-1.2855794,1996
16878,r4i1p1f1,1996,03,18,4.222024127454915,10.065531,-3.5283685,1996
16879,r4i1p1f1,1996,03,19,0.23087078307355569,6.9419703,-2.2519832,1996
16880,r4i1p1f1,1996,03,20,11.721135806146776,5.808639,-2.4482858,1996
16881,r4i1p1f1,1996,03,21,5.474437481910854,9.377173,0.37502214,1996
16882,r4i1p1f1,1996,03,22,1.01156453027329,7.557617,1.5919611,1996
16883,r4i1p1f1,1996,03,23,20.616390095528914,10.826704,0.054187194,1996
16884,r4i1p1f1,1996,03,24,8.335369897963574,9.599097,-5.986894,1996
16885,r4i1p1f1,1996,03,25,0.0,13.563665,-0.12591457,1996
16886,r4i1p1f1,1996,03,26,0.0,17.092596,2.9277992,1996
16887,r4i1p1f1,1996,03,27,0.0,22.282843,5.579854,1996
16888,r4i1p1f1,1996,03,28,0.0,23.317205,7.146903,1996
16889,r4i1p1f1,1996,03,29,0.0,22.693233,7.1406426,1996
16890,r4i1p1f1,1996,03,30,0.0,20.88483,6.89186,1996
16891,r4i1p1f1,1996,03,31,0.0,17.284292,6.0063457,1996
16892,r4i1p1f1,1996,04,01,32.729042788741936,9.791296,2.774259,1996
16893,r4i1p1f1,1996,04,02,4.084370249466929,11.069585,3.0806994,1996
16894,r4i1p1f1,1996,04,03,3.5532701724832805,10.720837,0.5447804,1996
16895,r4i1p1f1,1996,04,04,8.501454358861338,7.7502146,-2.5416112,1996
16896,r4i1p1f1,1996,04,05,0.6914820916904318,7.7803683,-4.5347443,1996
16897,r4i1p1f1,1996,04,06,0.0,12.801417,-0.49654144,1996
16898,r4i1p1f1,1996,04,07,0.0,16.453392,1.1519016,1996
16899,r4i1p1f1,1996,04,08,0.0,16.038067,1.5867295,1996
16900,r4i1p1f1,1996,04,09,5.551064485371171,12.637657,1.3930855,1996
16901,r4i1p1f1,1996,04,10,0.0,14.388412,1.0374576,1996
16902,r4i1p1f1,1996,04,11,4.113669568448586,13.054552,1.7039742,1996
16903,r4i1p1f1,1996,04,12,0.0,15.4699135,0.24357748,1996
16904,r4i1p1f1,1996,04,13,4.220293409127862,10.115833,-3.3786361,1996
16905,r4i1p1f1,1996,04,14,15.431651662402146,5.5476284,-1.9059961,1996
16906,r4i1p1f1,1996,04,15,0.0,14.311251,1.4530019,1996
16907,r4i1p1f1,1996,04,16,0.0,19.259779,2.5408237,1996
16908,r4i1p1f1,1996,04,17,0.0,19.425291,4.2976537,1996
16909,r4i1p1f1,1996,04,18,1.4400138079338376,13.835205,-0.103599444,1996
16910,r4i1p1f1,1996,04,19,0.1088030256141792,12.978102,0.6822774,1996
16911,r4i1p1f1,1996,04,20,0.11540644229057762,13.548634,5.1500797,1996
16912,r4i1p1f1,1996,04,21,0.0,15.833296,3.5496163,1996
16913,r4i1p1f1,1996,04,22,7.531055888784977,12.643334,-1.8981149,1996
16914,r4i1p1f1,1996,04,23,1.7367810074802037,7.3578415,-5.3305087,1996
16915,r4i1p1f1,1996,04,24,15.901226542791846,3.9700398,-4.1071296,1996
16916,r4i1p1f1,1996,04,25,0.041620805285447204,7.9404907,-7.839536,1996
16917,r4i1p1f1,1996,04,26,16.802302789096757,6.3177896,-3.6081364,1996
16918,r4i1p1f1,1996,04,27,6.740106864202744,5.874127,-3.3745704,1996
16919,r4i1p1f1,1996,04,28,14.95241339164295,4.482923,-3.0668094,1996
16920,r4i1p1f1,1996,04,29,5.780462659777186,4.274149,-3.0486035,1996
16921,r4i1p1f1,1996,04,30,0.12188999515956311,8.294414,-0.31005156,1996
16922,r4i1p1f1,1996,05,01,1.1317921174850198,9.507084,-5.6286945,1996
16923,r4i1p1f1,1996,05,02,0.0,12.137429,1.7434872,1996
16924,r4i1p1f1,1996,05,03,0.0,14.3050165,1.4750726,1996
16925,r4i1p1f1,1996,05,04,0.0,17.471413,2.1764057,1996
16926,r4i1p1f1,1996,05,05,0.0,16.401594,3.8496132,1996
16927,r4i1p1f1,1996,05,06,0.2347078003651859,13.03309,2.9736052,1996
16928,r4i1p1f1,1996,05,07,0.023915142173791537,11.097692,-2.8755145,1996
16929,r4i1p1f1,1996,05,08,19.607228974200552,9.772127,0.8997171,1996
16930,r4i1p1f1,1996,05,09,0.0,13.77967,0.68456197,1996
16931,r4i1p1f1,1996,05,10,0.0,17.218061,1.247758,1996
16932,r4i1p1f1,1996,05,11,0.0,18.875645,3.06344,1996
16933,r4i1p1f1,1996,05,12,0.0,22.330439,5.527629,1996
16934,r4i1p1f1,1996,05,13,0.0,25.40331,8.537589,1996
16935,r4i1p1f1,1996,05,14,0.0,25.168999,8.832122,1996
16936,r4i1p1f1,1996,05,15,0.0,26.206562,10.019777,1996
16937,r4i1p1f1,1996,05,16,0.0,24.94216,8.45625,1996
16938,r4i1p1f1,1996,05,17,1.366141721766212,19.006737,3.6501665,1996
16939,r4i1p1f1,1996,05,18,1.1740861318685347,13.662296,4.647292,1996
16940,r4i1p1f1,1996,05,19,8.105719244986176,15.088606,3.664499,1996
16941,r4i1p1f1,1996,05,20,0.007536041039202246,23.506662,4.5747538,1996
16942,r4i1p1f1,1996,05,21,6.6485626432950085,20.437422,5.1920304,1996
16943,r4i1p1f1,1996,05,22,8.000540682405699,16.548822,3.8499804,1996
16944,r4i1p1f1,1996,05,23,5.822837492951294,15.078491,3.4565132,1996
16945,r4i1p1f1,1996,05,24,14.701007553594536,13.191752,1.727417,1996
16946,r4i1p1f1,1996,05,25,3.5637274646887818,15.936286,1.1805049,1996
16947,r4i1p1f1,1996,05,26,0.0,24.545197,5.834202,1996
16948,r4i1p1f1,1996,05,27,1.9539202978194226,25.28019,8.089128,1996
16949,r4i1p1f1,1996,05,28,0.40532041462029156,22.237791,6.293719,1996
16950,r4i1p1f1,1996,05,29,0.1369784049302325,21.853428,6.8461266,1996
16951,r4i1p1f1,1996,05,30,0.047255720164685044,25.70243,9.016525,1996
16952,r4i1p1f1,1996,05,31,0.0,26.287031,10.667479,1996
16953,r4i1p1f1,1996,06,01,0.003514504714985378,30.089058,9.902021,1996
16954,r4i1p1f1,1996,06,02,0.0,29.961111,11.83791,1996
16955,r4i1p1f1,1996,06,03,0.0,28.978329,12.63582,1996
16956,r4i1p1f1,1996,06,04,0.0,29.335762,13.092492,1996
16957,r4i1p1f1,1996,06,05,0.0,31.38265,12.434508,1996
16958,r4i1p1f1,1996,06,06,0.0,31.279331,12.688581,1996
16959,r4i1p1f1,1996,06,07,0.0,29.7808,12.289415,1996
16960,r4i1p1f1,1996,06,08,0.0,27.2288,11.497272,1996
16961,r4i1p1f1,1996,06,09,0.0,21.084185,7.043498,1996
16962,r4i1p1f1,1996,06,10,3.9125195688029635,16.502811,4.9031835,1996
16963,r4i1p1f1,1996,06,11,0.0,25.645006,6.310629,1996
16964,r4i1p1f1,1996,06,12,0.0,31.441322,11.828132,1996
16965,r4i1p1f1,1996,06,13,0.0,31.063272,12.78234,1996
16966,r4i1p1f1,1996,06,14,0.0,28.16469,11.368515,1996
16967,r4i1p1f1,1996,06,15,0.0,30.016605,11.590775,1996
16968,r4i1p1f1,1996,06,16,0.0,31.965603,13.058087,1996
16969,r4i1p1f1,1996,06,17,0.0,31.012047,12.850688,1996
16970,r4i1p1f1,1996,06,18,0.0,32.444294,13.738698,1996
16971,r4i1p1f1,1996,06,19,0.0,34.69586,15.709476,1996
16972,r4i1p1f1,1996,06,20,0.0,34.830795,16.341421,1996
16973,r4i1p1f1,1996,06,21,0.0,33.603294,14.551156,1996
16974,r4i1p1f1,1996,06,22,0.0,30.235891,11.247248,1996
16975,r4i1p1f1,1996,06,23,0.0,25.863167,8.300434,1996
16976,r4i1p1f1,1996,06,24,0.0,26.30576,8.083403,1996
16977,r4i1p1f1,1996,06,25,0.0,26.592314,8.330616,1996
16978,r4i1p1f1,1996,06,26,0.0,27.809717,9.444824,1996
16979,r4i1p1f1,1996,06,27,0.0,29.918335,10.485043,1996
16980,r4i1p1f1,1996,06,28,0.0,31.816471,11.973319,1996
16981,r4i1p1f1,1996,06,29,0.0,30.972805,12.388548,1996
16982,r4i1p1f1,1996,06,30,0.0,30.192535,11.2017,1996
16983,r4i1p1f1,1996,07,01,0.0,28.85557,10.527392,1996
16984,r4i1p1f1,1996,07,02,0.0,27.827126,10.143374,1996
16985,r4i1p1f1,1996,07,03,0.0,29.63231,10.097223,1996
16986,r4i1p1f1,1996,07,04,0.0,30.031843,10.226299,1996
16987,r4i1p1f1,1996,07,05,0.0,28.278639,8.061498,1996
16988,r4i1p1f1,1996,07,06,0.0,26.615898,7.8215384,1996
16989,r4i1p1f1,1996,07,07,0.0,25.15724,6.2283664,1996
16990,r4i1p1f1,1996,07,08,0.0,25.974285,8.427723,1996
16991,r4i1p1f1,1996,07,09,0.0,31.122902,11.469622,1996
16992,r4i1p1f1,1996,07,10,0.0,31.645119,14.194379,1996
16993,r4i1p1f1,1996,07,11,0.0,33.79736,13.351084,1996
16994,r4i1p1f1,1996,07,12,0.0,32.92429,14.64189,1996
16995,r4i1p1f1,1996,07,13,0.0,32.676556,13.245872,1996
16996,r4i1p1f1,1996,07,14,0.0,31.983646,11.057364,1996
16997,r4i1p1f1,1996,07,15,0.0,30.041443,10.057779,1996
16998,r4i1p1f1,1996,07,16,0.0,26.780922,8.593971,1996
16999,r4i1p1f1,1996,07,17,0.0,28.287645,8.618123,1996
17000,r4i1p1f1,1996,07,18,0.0,33.438103,14.125906,1996
17001,r4i1p1f1,1996,07,19,0.0,33.43588,13.416134,1996
17002,r4i1p1f1,1996,07,20,0.0,32.983223,15.202633,1996
17003,r4i1p1f1,1996,07,21,0.0,32.74687,14.472382,1996
17004,r4i1p1f1,1996,07,22,0.0,33.44982,13.899153,1996
17005,r4i1p1f1,1996,07,23,0.0,33.143944,13.670925,1996
17006,r4i1p1f1,1996,07,24,0.0,33.05331,16.455606,1996
17007,r4i1p1f1,1996,07,25,0.0,33.746895,13.764646,1996
17008,r4i1p1f1,1996,07,26,0.0,35.254852,15.5431385,1996
17009,r4i1p1f1,1996,07,27,0.0,37.78181,17.6483,1996
17010,r4i1p1f1,1996,07,28,0.0,38.42256,18.710724,1996
17011,r4i1p1f1,1996,07,29,0.0,36.387783,16.373013,1996
17012,r4i1p1f1,1996,07,30,0.0,30.756931,12.037632,1996
17013,r4i1p1f1,1996,07,31,0.0,30.930586,12.418416,1996
17014,r4i1p1f1,1996,08,01,0.0,34.435562,13.960728,1996
17015,r4i1p1f1,1996,08,02,0.0,35.670574,15.631951,1996
17016,r4i1p1f1,1996,08,03,0.0,35.670006,16.641897,1996
17017,r4i1p1f1,1996,08,04,0.0,35.082386,16.01652,1996
17018,r4i1p1f1,1996,08,05,0.0,34.307,15.240818,1996
17019,r4i1p1f1,1996,08,06,0.0,33.39216,15.273046,1996
17020,r4i1p1f1,1996,08,07,0.0,34.13725,15.536368,1996
17021,r4i1p1f1,1996,08,08,0.0,34.923904,16.001978,1996
17022,r4i1p1f1,1996,08,09,0.0,34.90297,16.109793,1996
17023,r4i1p1f1,1996,08,10,0.0,33.43737,14.391399,1996
17024,r4i1p1f1,1996,08,11,0.0,32.150566,13.435947,1996
17025,r4i1p1f1,1996,08,12,0.0,29.970192,11.210247,1996
17026,r4i1p1f1,1996,08,13,0.0,27.562641,10.136962,1996
17027,r4i1p1f1,1996,08,14,0.0,27.4524,8.591259,1996
17028,r4i1p1f1,1996,08,15,0.0,28.736525,9.84484,1996
17029,r4i1p1f1,1996,08,16,0.0,32.42617,12.613229,1996
17030,r4i1p1f1,1996,08,17,0.0,33.642307,14.875281,1996
17031,r4i1p1f1,1996,08,18,0.0,34.99872,17.239517,1996
17032,r4i1p1f1,1996,08,19,0.002704204757719708,34.575672,16.961632,1996
17033,r4i1p1f1,1996,08,20,0.0,33.208958,15.088786,1996
17034,r4i1p1f1,1996,08,21,0.0,30.836409,12.779341,1996
17035,r4i1p1f1,1996,08,22,0.0,29.339369,9.823343,1996
17036,r4i1p1f1,1996,08,23,0.0,26.092588,7.5739923,1996
17037,r4i1p1f1,1996,08,24,0.0,24.18622,5.133815,1996
17038,r4i1p1f1,1996,08,25,0.0,26.231968,7.0243187,1996
17039,r4i1p1f1,1996,08,26,0.0,25.68969,6.5085087,1996
17040,r4i1p1f1,1996,08,27,0.0,25.989906,6.397872,1996
17041,r4i1p1f1,1996,08,28,0.0,28.987217,9.110066,1996
17042,r4i1p1f1,1996,08,29,0.0,30.739794,11.661863,1996
17043,r4i1p1f1,1996,08,30,0.0,31.56563,11.007916,1996
17044,r4i1p1f1,1996,08,31,0.0,32.762436,11.905205,1996
17045,r4i1p1f1,1996,09,01,0.0,33.65021,15.778802,1996
17046,r4i1p1f1,1996,09,02,0.0,33.839096,15.594932,1996
17047,r4i1p1f1,1996,09,03,0.0,35.14073,15.788439,1996
17048,r4i1p1f1,1996,09,04,0.0,35.489265,16.168509,1996
17049,r4i1p1f1,1996,09,05,0.0,34.812336,16.044054,1996
17050,r4i1p1f1,1996,09,06,0.0,33.407047,14.492567,1996
17051,r4i1p1f1,1996,09,07,0.0,33.318554,14.7093,1996
17052,r4i1p1f1,1996,09,08,0.0,30.478294,12.300428,1996
17053,r4i1p1f1,1996,09,09,0.0,26.211098,9.615448,1996
17054,r4i1p1f1,1996,09,10,0.0,26.433214,7.8263364,1996
17055,r4i1p1f1,1996,09,11,0.0,28.222334,9.153034,1996
17056,r4i1p1f1,1996,09,12,0.0,27.849941,9.209309,1996
17057,r4i1p1f1,1996,09,13,0.0,26.876438,8.5674,1996
17058,r4i1p1f1,1996,09,14,0.0,27.467796,7.163999,1996
17059,r4i1p1f1,1996,09,15,2.048811414564966,26.826878,9.231678,1996
17060,r4i1p1f1,1996,09,16,7.556315027591154,23.328983,9.20575,1996
17061,r4i1p1f1,1996,09,17,0.00017849132518676925,24.418663,6.1664486,1996
17062,r4i1p1f1,1996,09,18,0.0,23.487528,9.41175,1996
17063,r4i1p1f1,1996,09,19,0.0,25.496313,8.657234,1996
17064,r4i1p1f1,1996,09,20,0.0,28.039604,11.209184,1996
17065,r4i1p1f1,1996,09,21,0.0,29.7566,11.721782,1996
17066,r4i1p1f1,1996,09,22,0.0,30.214155,12.240688,1996
17067,r4i1p1f1,1996,09,23,0.0,30.079916,12.254214,1996
17068,r4i1p1f1,1996,09,24,0.0,30.173439,12.757259,1996
17069,r4i1p1f1,1996,09,25,0.11674394040710467,31.239876,14.787218,1996
17070,r4i1p1f1,1996,09,26,0.0,33.272823,14.389348,1996
17071,r4i1p1f1,1996,09,27,0.3599065168600646,31.803226,11.399398,1996
17072,r4i1p1f1,1996,09,28,1.0182188184444385,23.531237,7.6870975,1996
17073,r4i1p1f1,1996,09,29,0.0,22.413504,8.359386,1996
17074,r4i1p1f1,1996,09,30,0.0,25.862873,9.158219,1996
17075,r4i1p1f1,1996,10,01,0.0,27.158697,9.19858,1996
17076,r4i1p1f1,1996,10,02,0.0,27.094156,10.708018,1996
17077,r4i1p1f1,1996,10,03,0.02997574898699895,27.618046,13.553707,1996
17078,r4i1p1f1,1996,10,04,1.528880758544915,26.61174,9.744607,1996
17079,r4i1p1f1,1996,10,05,0.044620945556062,26.644579,8.503511,1996
17080,r4i1p1f1,1996,10,06,0.019073827564852763,25.516602,10.418657,1996
17081,r4i1p1f1,1996,10,07,0.4133854100928147,25.228111,11.676745,1996
17082,r4i1p1f1,1996,10,08,0.11402361518548787,24.803877,9.24524,1996
17083,r4i1p1f1,1996,10,09,0.0,26.402878,9.624147,1996
17084,r4i1p1f1,1996,10,10,0.0,28.198616,11.180859,1996
17085,r4i1p1f1,1996,10,11,0.0,31.13381,14.296143,1996
17086,r4i1p1f1,1996,10,12,0.0,30.245388,12.683675,1996
17087,r4i1p1f1,1996,10,13,0.0,27.498426,11.933659,1996
17088,r4i1p1f1,1996,10,14,0.0,28.191847,10.793151,1996
17089,r4i1p1f1,1996,10,15,0.0,28.388247,10.682303,1996
17090,r4i1p1f1,1996,10,16,0.0,25.788177,11.310648,1996
17091,r4i1p1f1,1996,10,17,0.0,24.178299,7.934481,1996
17092,r4i1p1f1,1996,10,18,0.0,25.302084,9.419079,1996
17093,r4i1p1f1,1996,10,19,0.0,20.238806,4.5469747,1996
17094,r4i1p1f1,1996,10,20,0.0,22.02421,6.2911563,1996
17095,r4i1p1f1,1996,10,21,0.0,27.443161,11.764318,1996
17096,r4i1p1f1,1996,10,22,0.0,25.897516,11.136729,1996
17097,r4i1p1f1,1996,10,23,0.0,25.033226,8.665963,1996
17098,r4i1p1f1,1996,10,24,0.0,21.938457,8.235917,1996
17099,r4i1p1f1,1996,10,25,0.03706979592834614,18.529226,6.032282,1996
17100,r4i1p1f1,1996,10,26,0.0,21.71492,5.95307,1996
17101,r4i1p1f1,1996,10,27,0.0,22.56578,7.286655,1996
17102,r4i1p1f1,1996,10,28,0.0,21.376017,8.708172,1996
17103,r4i1p1f1,1996,10,29,0.0,20.060547,6.5294876,1996
17104,r4i1p1f1,1996,10,30,0.2587973066695781,15.842869,3.9091263,1996
17105,r4i1p1f1,1996,10,31,0.0,16.612274,3.149462,1996
17106,r4i1p1f1,1996,11,01,0.0,20.577553,4.5595493,1996
17107,r4i1p1f1,1996,11,02,0.0,22.833351,8.086271,1996
17108,r4i1p1f1,1996,11,03,0.0,23.264671,8.782094,1996
17109,r4i1p1f1,1996,11,04,0.0,23.035778,6.896037,1996
17110,r4i1p1f1,1996,11,05,0.0,23.371552,7.3713565,1996
17111,r4i1p1f1,1996,11,06,0.0,22.001486,7.909089,1996
17112,r4i1p1f1,1996,11,07,0.7021912486777637,10.605411,-2.0021634,1996
17113,r4i1p1f1,1996,11,08,20.595104099902528,3.9946163,-8.500293,1996
17114,r4i1p1f1,1996,11,09,10.236513298605132,3.6973886,-6.683654,1996
17115,r4i1p1f1,1996,11,10,3.325797974332545,3.4257462,-6.6423664,1996
17116,r4i1p1f1,1996,11,11,15.938068134005334,6.3201923,-2.286723,1996
17117,r4i1p1f1,1996,11,12,0.0,7.4813757,-7.8356,1996
17118,r4i1p1f1,1996,11,13,0.0,7.8702946,-6.98816,1996
17119,r4i1p1f1,1996,11,14,0.0,8.013532,-7.1157575,1996
17120,r4i1p1f1,1996,11,15,3.2770053299202573,7.2788196,-3.3902216,1996
17121,r4i1p1f1,1996,11,16,33.66051810080535,10.439159,2.4346704,1996
17122,r4i1p1f1,1996,11,17,7.427874585300742,11.749278,3.1766477,1996
17123,r4i1p1f1,1996,11,18,9.03031886326433,9.189765,3.0708072,1996
17124,r4i1p1f1,1996,11,19,10.1333774376144,10.162253,3.1178885,1996
17125,r4i1p1f1,1996,11,20,0.2672390646353051,11.670017,4.472256,1996
17126,r4i1p1f1,1996,11,21,0.0,19.194618,2.6461706,1996
17127,r4i1p1f1,1996,11,22,0.0,20.585075,4.5795274,1996
17128,r4i1p1f1,1996,11,23,0.0,18.887661,7.85301,1996
17129,r4i1p1f1,1996,11,24,0.0035559330626711017,16.142141,6.1675854,1996
17130,r4i1p1f1,1996,11,25,0.13600001674376472,13.61086,2.508545,1996
17131,r4i1p1f1,1996,11,26,2.284998420083184,12.174349,0.5471351,1996
17132,r4i1p1f1,1996,11,27,18.81362035692291,7.2934875,-5.251168,1996
17133,r4i1p1f1,1996,11,28,4.1012508465769315,2.3460588,-6.9379983,1996
17134,r4i1p1f1,1996,11,29,0.2849182250940885,3.328865,-6.275879,1996
17135,r4i1p1f1,1996,11,30,0.0,3.711363,-7.916631,1996
17136,r4i1p1f1,1996,12,01,3.963873779593996,6.965208,-5.5343723,1996
17137,r4i1p1f1,1996,12,02,33.66147453270969,7.8288302,0.5735794,1996
17138,r4i1p1f1,1996,12,03,57.66558492250624,7.3178515,2.9109023,1996
17139,r4i1p1f1,1996,12,04,19.280102580796665,9.446309,1.5881007,1996
17140,r4i1p1f1,1996,12,05,8.071214129643067,12.652175,1.1766548,1996
17141,r4i1p1f1,1996,12,06,0.0,11.52987,-1.1927438,1996
17142,r4i1p1f1,1996,12,07,68.44490967487218,12.89529,2.6321096,1996
17143,r4i1p1f1,1996,12,08,3.3908808472091323,10.429386,-0.5796848,1996
17144,r4i1p1f1,1996,12,09,0.0,10.16662,-1.5000416,1996
17145,r4i1p1f1,1996,12,10,0.0,9.616181,0.8918386,1996
17146,r4i1p1f1,1996,12,11,11.641935813850068,8.731734,4.0984898,1996
17147,r4i1p1f1,1996,12,12,12.308485650282819,9.345332,1.5182098,1996
17148,r4i1p1f1,1996,12,13,11.679693371911526,8.711968,2.2095313,1996
17149,r4i1p1f1,1996,12,14,7.684039832872713,9.005074,4.298666,1996
17150,r4i1p1f1,1996,12,15,56.9263840048734,13.6026945,1.9191895,1996
17151,r4i1p1f1,1996,12,16,7.420866427833062,9.510727,-0.32581133,1996
17152,r4i1p1f1,1996,12,17,4.7672016490651,7.3033524,-0.394541,1996
17153,r4i1p1f1,1996,12,18,30.058905029000016,9.794702,3.4734845,1996
17154,r4i1p1f1,1996,12,19,19.20721421926146,8.637746,1.8631815,1996
17155,r4i1p1f1,1996,12,20,1.4153772079993132,7.026907,-3.432102,1996
17156,r4i1p1f1,1996,12,21,8.88088391321844,3.9688098,-2.6644626,1996
17157,r4i1p1f1,1996,12,22,7.273201731550216,3.4588563,-4.351935,1996
17158,r4i1p1f1,1996,12,23,16.015840575164475,8.367731,0.39430767,1996
17159,r4i1p1f1,1996,12,24,3.9085312489589796,5.8623347,1.219853,1996
17160,r4i1p1f1,1996,12,25,6.619777127542648,6.5648,0.87695473,1996
17161,r4i1p1f1,1996,12,26,7.262689262506683,6.4475765,-5.856688,1996
17162,r4i1p1f1,1996,12,27,19.644620409599156,8.792302,0.4419149,1996
17163,r4i1p1f1,1996,12,28,0.7664623180403396,7.0033145,-3.4423113,1996
17164,r4i1p1f1,1996,12,29,9.273942161507875,2.6595426,-7.796947,1996
17165,r4i1p1f1,1996,12,30,34.1944188119669,8.26863,-0.42311662,1996
17166,r4i1p1f1,1996,12,31,2.298893481201958,10.06008,-2.3912175,1996
17167,r4i1p1f1,1997,01,01,0.0,8.652665,-2.202943,1997
17168,r4i1p1f1,1997,01,02,7.4035119711879815,4.61625,-2.9693491,1997
17169,r4i1p1f1,1997,01,03,0.4573665947646077,9.997798,-1.3320441,1997
17170,r4i1p1f1,1997,01,04,0.0,11.089145,-1.5153952,1997
17171,r4i1p1f1,1997,01,05,0.0,12.430142,1.0864671,1997
17172,r4i1p1f1,1997,01,06,0.0,15.703371,4.539752,1997
17173,r4i1p1f1,1997,01,07,0.0,13.258471,2.604251,1997
17174,r4i1p1f1,1997,01,08,0.0,10.940872,0.7305518,1997
17175,r4i1p1f1,1997,01,09,0.0,9.661159,0.6862186,1997
17176,r4i1p1f1,1997,01,10,5.009354527192045,7.212003,0.17342599,1997
17177,r4i1p1f1,1997,01,11,4.035442813727741,5.7185097,-1.9772924,1997
17178,r4i1p1f1,1997,01,12,0.0,4.354774,-4.128106,1997
17179,r4i1p1f1,1997,01,13,0.0,5.5803638,-3.650834,1997
17180,r4i1p1f1,1997,01,14,0.0,6.0139346,-4.806464,1997
17181,r4i1p1f1,1997,01,15,0.0,8.477813,-2.0249813,1997
17182,r4i1p1f1,1997,01,16,0.0,10.346664,-0.5535732,1997
17183,r4i1p1f1,1997,01,17,0.0,13.013877,2.5046978,1997
17184,r4i1p1f1,1997,01,18,0.0,12.013727,1.0899471,1997
17185,r4i1p1f1,1997,01,19,0.0,11.182661,0.90318257,1997
17186,r4i1p1f1,1997,01,20,0.0,11.639908,2.1852164,1997
17187,r4i1p1f1,1997,01,21,0.0,11.045788,4.4768395,1997
17188,r4i1p1f1,1997,01,22,6.311410741454893,7.338343,3.5162385,1997
17189,r4i1p1f1,1997,01,23,0.25552966528010757,9.231129,2.3929682,1997
17190,r4i1p1f1,1997,01,24,0.0,9.019466,-1.6741246,1997
17191,r4i1p1f1,1997,01,25,0.0,8.662702,-2.2438028,1997
17192,r4i1p1f1,1997,01,26,2.6364002359485994,6.7516603,2.6544802,1997
17193,r4i1p1f1,1997,01,27,18.08988421585127,6.395545,1.7877966,1997
17194,r4i1p1f1,1997,01,28,71.30847832158906,12.824485,0.9267344,1997
17195,r4i1p1f1,1997,01,29,9.232025563562729,12.770201,2.088423,1997
17196,r4i1p1f1,1997,01,30,5.425884605290321,11.279653,4.967252,1997
17197,r4i1p1f1,1997,01,31,0.6273481755329158,11.009817,4.7981896,1997
17198,r4i1p1f1,1997,02,01,0.0,14.181532,3.7974446,1997
17199,r4i1p1f1,1997,02,02,0.0,13.719135,5.0573025,1997
17200,r4i1p1f1,1997,02,03,9.07788257914035,11.907232,4.140092,1997
17201,r4i1p1f1,1997,02,04,0.06274078996284516,12.47166,5.7500834,1997
17202,r4i1p1f1,1997,02,05,37.406217542957165,11.556057,4.727474,1997
17203,r4i1p1f1,1997,02,06,15.37901938968389,13.32552,1.3683842,1997
17204,r4i1p1f1,1997,02,07,29.922534581419313,11.846493,2.5356658,1997
17205,r4i1p1f1,1997,02,08,26.497772284346865,11.830729,-0.09554121,1997
17206,r4i1p1f1,1997,02,09,2.48921269596849,6.0173197,-1.5438237,1997
17207,r4i1p1f1,1997,02,10,0.0,7.358018,-3.9210575,1997
17208,r4i1p1f1,1997,02,11,0.0,10.594218,-2.5025678,1997
17209,r4i1p1f1,1997,02,12,2.5529798410133253,6.3108125,-0.9126561,1997
17210,r4i1p1f1,1997,02,13,5.290999241697136,5.4149513,-0.98773426,1997
17211,r4i1p1f1,1997,02,14,27.898201802599942,10.524647,1.9225928,1997
17212,r4i1p1f1,1997,02,15,0.6559422995456199,11.765535,-0.10224056,1997
17213,r4i1p1f1,1997,02,16,2.0763964931745704,6.814677,-1.2858936,1997
17214,r4i1p1f1,1997,02,17,28.95853254813119,4.512176,-2.8560138,1997
17215,r4i1p1f1,1997,02,18,0.0,6.7417397,-7.2677536,1997
17216,r4i1p1f1,1997,02,19,0.0,9.801867,-3.8186967,1997
17217,r4i1p1f1,1997,02,20,0.22795312445964555,11.098705,-1.309863,1997
17218,r4i1p1f1,1997,02,21,59.83483527379576,8.783032,2.5163765,1997
17219,r4i1p1f1,1997,02,22,18.945651102239935,9.918416,1.6634881,1997
17220,r4i1p1f1,1997,02,23,0.0,10.643719,-0.35204056,1997
17221,r4i1p1f1,1997,02,24,0.0,8.470504,-2.9995148,1997
17222,r4i1p1f1,1997,02,25,0.0,9.263371,-2.272745,1997
17223,r4i1p1f1,1997,02,26,0.0,11.3664665,-0.3087368,1997
17224,r4i1p1f1,1997,02,27,0.0,16.04441,3.8433008,1997
17225,r4i1p1f1,1997,02,28,0.0,17.448393,5.619028,1997
17226,r4i1p1f1,1997,03,01,0.0,19.54178,3.5206864,1997
17227,r4i1p1f1,1997,03,02,0.0,19.585274,3.5819125,1997
17228,r4i1p1f1,1997,03,03,0.000989762656899984,17.907768,2.2156415,1997
17229,r4i1p1f1,1997,03,04,0.0,9.137258,-0.709771,1997
17230,r4i1p1f1,1997,03,05,0.41626547132125324,6.7054343,-2.0467496,1997
17231,r4i1p1f1,1997,03,06,0.0,9.25392,-4.2031283,1997
17232,r4i1p1f1,1997,03,07,12.137874515974545,6.2744403,-3.0045614,1997
17233,r4i1p1f1,1997,03,08,11.351444568140323,5.900485,1.1278216,1997
17234,r4i1p1f1,1997,03,09,45.29084796522511,7.226944,2.1376414,1997
17235,r4i1p1f1,1997,03,10,25.291604265294154,11.182667,1.7286618,1997
17236,r4i1p1f1,1997,03,11,0.0,13.998672,3.3867798,1997
17237,r4i1p1f1,1997,03,12,0.0,15.158329,2.9960887,1997
17238,r4i1p1f1,1997,03,13,0.0,15.459708,4.0163007,1997
17239,r4i1p1f1,1997,03,14,0.0,18.019487,3.6138163,1997
17240,r4i1p1f1,1997,03,15,9.291110364733868,14.519984,0.8576029,1997
17241,r4i1p1f1,1997,03,16,38.17563784250524,10.664841,3.2252014,1997
17242,r4i1p1f1,1997,03,17,3.1131860848518045,11.00739,4.6255136,1997
17243,r4i1p1f1,1997,03,18,0.0,15.84799,0.8114419,1997
17244,r4i1p1f1,1997,03,19,3.8440667198585743,12.499078,-0.8267977,1997
17245,r4i1p1f1,1997,03,20,9.281652850870614,9.609177,2.5767152,1997
17246,r4i1p1f1,1997,03,21,0.0,13.628233,4.737594,1997
17247,r4i1p1f1,1997,03,22,0.0,13.484701,3.6815958,1997
17248,r4i1p1f1,1997,03,23,0.0,15.590282,0.5283161,1997
17249,r4i1p1f1,1997,03,24,1.6317011007373594,13.847742,2.9954157,1997
17250,r4i1p1f1,1997,03,25,1.211666717334814,12.4992695,1.0821749,1997
17251,r4i1p1f1,1997,03,26,0.0,16.287882,0.37780645,1997
17252,r4i1p1f1,1997,03,27,13.035424734152912,12.810616,0.3425834,1997
17253,r4i1p1f1,1997,03,28,15.347085754547152,11.88128,3.099656,1997
17254,r4i1p1f1,1997,03,29,19.05426693119807,9.732281,1.2529459,1997
17255,r4i1p1f1,1997,03,30,8.452987855525862,6.707448,-2.074551,1997
17256,r4i1p1f1,1997,03,31,4.99452199848065,9.463212,-2.8199072,1997
17257,r4i1p1f1,1997,04,01,0.0,11.5295105,2.815848,1997
17258,r4i1p1f1,1997,04,02,0.0,15.421389,0.494429,1997
17259,r4i1p1f1,1997,04,03,0.0,16.785252,2.4406977,1997
17260,r4i1p1f1,1997,04,04,0.0,16.26793,6.290123,1997
17261,r4i1p1f1,1997,04,05,0.0,20.779606,6.61209,1997
17262,r4i1p1f1,1997,04,06,0.0,23.70539,8.387952,1997
17263,r4i1p1f1,1997,04,07,0.0,25.21745,9.029044,1997
17264,r4i1p1f1,1997,04,08,0.0,25.307392,10.04682,1997
17265,r4i1p1f1,1997,04,09,0.0,23.752544,9.334627,1997
17266,r4i1p1f1,1997,04,10,0.0,22.974783,6.305055,1997
17267,r4i1p1f1,1997,04,11,0.0,22.491486,7.898513,1997
17268,r4i1p1f1,1997,04,12,0.0,22.441776,7.0265813,1997
17269,r4i1p1f1,1997,04,13,0.0,19.331377,4.296958,1997
17270,r4i1p1f1,1997,04,14,3.89495201429213,10.049953,2.7480273,1997
17271,r4i1p1f1,1997,04,15,4.082996869192357,9.308673,-1.5687511,1997
17272,r4i1p1f1,1997,04,16,0.0,16.537529,0.40302113,1997
17273,r4i1p1f1,1997,04,17,0.0,23.00787,6.0209765,1997
17274,r4i1p1f1,1997,04,18,0.0,26.53111,10.035024,1997
17275,r4i1p1f1,1997,04,19,0.0,26.613615,9.280339,1997
17276,r4i1p1f1,1997,04,20,18.73573387747456,17.57351,-0.09025865,1997
17277,r4i1p1f1,1997,04,21,5.488165950112034,6.274534,-2.0300324,1997
17278,r4i1p1f1,1997,04,22,4.520586569560692,7.872925,-5.4455047,1997
17279,r4i1p1f1,1997,04,23,53.41041998908622,5.9283695,-0.012028058,1997
17280,r4i1p1f1,1997,04,24,8.274218817587098,4.8331776,-0.9647044,1997
17281,r4i1p1f1,1997,04,25,0.00232359398069093,7.8200955,0.7041023,1997
17282,r4i1p1f1,1997,04,26,0.005843889221068821,16.408674,-0.06703758,1997
17283,r4i1p1f1,1997,04,27,0.0,24.470802,5.6728563,1997
17284,r4i1p1f1,1997,04,28,0.0,28.183903,10.419757,1997
17285,r4i1p1f1,1997,04,29,0.0,28.427303,11.361702,1997
17286,r4i1p1f1,1997,04,30,0.0,27.20488,10.669195,1997
17287,r4i1p1f1,1997,05,01,0.0,23.673426,8.233149,1997
17288,r4i1p1f1,1997,05,02,0.0,23.30877,7.4444723,1997
17289,r4i1p1f1,1997,05,03,0.0,27.846079,9.825147,1997
17290,r4i1p1f1,1997,05,04,0.0,28.193811,11.512968,1997
17291,r4i1p1f1,1997,05,05,0.0,28.237362,10.217686,1997
17292,r4i1p1f1,1997,05,06,0.0,26.49675,8.596228,1997
17293,r4i1p1f1,1997,05,07,0.0,24.294607,8.29282,1997
17294,r4i1p1f1,1997,05,08,0.0,27.759766,10.851656,1997
17295,r4i1p1f1,1997,05,09,0.0,30.420633,10.545536,1997
17296,r4i1p1f1,1997,05,10,0.0,28.88913,11.323926,1997
17297,r4i1p1f1,1997,05,11,0.0,25.678497,9.92972,1997
17298,r4i1p1f1,1997,05,12,0.0,26.980675,10.569247,1997
17299,r4i1p1f1,1997,05,13,0.0,28.279676,8.829574,1997
17300,r4i1p1f1,1997,05,14,0.0,28.61381,10.475666,1997
17301,r4i1p1f1,1997,05,15,0.0,28.814444,11.919318,1997
17302,r4i1p1f1,1997,05,16,0.0,27.720518,9.470759,1997
17303,r4i1p1f1,1997,05,17,0.0,26.895744,9.046072,1997
17304,r4i1p1f1,1997,05,18,0.0,19.737057,3.3447914,1997
17305,r4i1p1f1,1997,05,19,0.0,18.444017,0.85393065,1997
17306,r4i1p1f1,1997,05,20,0.0,19.260838,4.2326584,1997
17307,r4i1p1f1,1997,05,21,0.0,21.30141,5.2126904,1997
17308,r4i1p1f1,1997,05,22,0.0,23.16832,4.5491376,1997
17309,r4i1p1f1,1997,05,23,0.0,24.361849,5.6386495,1997
17310,r4i1p1f1,1997,05,24,0.0,23.594254,6.5730495,1997
17311,r4i1p1f1,1997,05,25,0.0,25.781076,7.301447,1997
17312,r4i1p1f1,1997,05,26,0.0,27.887325,10.578073,1997
17313,r4i1p1f1,1997,05,27,0.0021187931452004705,28.141705,10.223858,1997
17314,r4i1p1f1,1997,05,28,0.000976807132246904,25.098473,8.303458,1997
17315,r4i1p1f1,1997,05,29,0.0,25.682823,7.3342843,1997
17316,r4i1p1f1,1997,05,30,0.0,28.02955,9.181741,1997
17317,r4i1p1f1,1997,05,31,0.0,30.076809,12.185319,1997
17318,r4i1p1f1,1997,06,01,0.0,30.155617,10.549331,1997
17319,r4i1p1f1,1997,06,02,0.0,29.44567,10.348559,1997
17320,r4i1p1f1,1997,06,03,0.0,30.995579,11.803175,1997
17321,r4i1p1f1,1997,06,04,0.0,33.02985,12.889549,1997
17322,r4i1p1f1,1997,06,05,0.0,30.601295,12.936637,1997
17323,r4i1p1f1,1997,06,06,0.12359527889884703,23.471039,11.417573,1997
17324,r4i1p1f1,1997,06,07,0.015317204452003352,28.316425,10.32597,1997
17325,r4i1p1f1,1997,06,08,0.0,31.561985,12.83499,1997
17326,r4i1p1f1,1997,06,09,0.0,31.784567,13.4161415,1997
17327,r4i1p1f1,1997,06,10,0.0,28.476524,9.935512,1997
17328,r4i1p1f1,1997,06,11,0.05300490397530666,18.870855,6.0117993,1997
17329,r4i1p1f1,1997,06,12,0.0,24.490501,6.923792,1997
17330,r4i1p1f1,1997,06,13,0.1959239522363987,29.498863,11.717984,1997
17331,r4i1p1f1,1997,06,14,0.0,33.532047,13.104651,1997
17332,r4i1p1f1,1997,06,15,0.0,33.57758,16.42444,1997
17333,r4i1p1f1,1997,06,16,1.7184406672640762,28.681044,11.767459,1997
17334,r4i1p1f1,1997,06,17,0.5397322578119201,26.64237,9.857595,1997
17335,r4i1p1f1,1997,06,18,0.5881476561626187,27.312843,9.146435,1997
17336,r4i1p1f1,1997,06,19,0.0,29.197414,10.5125265,1997
17337,r4i1p1f1,1997,06,20,0.0,31.40377,12.724014,1997
17338,r4i1p1f1,1997,06,21,0.0,31.52377,13.772336,1997
17339,r4i1p1f1,1997,06,22,0.006991004920564592,29.95795,11.100222,1997
17340,r4i1p1f1,1997,06,23,0.0,23.698994,6.9428663,1997
17341,r4i1p1f1,1997,06,24,0.0,24.881311,6.615411,1997
17342,r4i1p1f1,1997,06,25,0.0,29.16527,9.031382,1997
17343,r4i1p1f1,1997,06,26,0.0,31.526018,12.667607,1997
17344,r4i1p1f1,1997,06,27,0.0,31.879477,13.926949,1997
17345,r4i1p1f1,1997,06,28,0.0,31.756907,13.392746,1997
17346,r4i1p1f1,1997,06,29,0.0,30.9611,12.109919,1997
17347,r4i1p1f1,1997,06,30,0.0,26.58441,8.65308,1997
17348,r4i1p1f1,1997,07,01,0.06788206437704503,23.303852,7.5869884,1997
17349,r4i1p1f1,1997,07,02,0.0,28.836365,8.297476,1997
17350,r4i1p1f1,1997,07,03,0.0,29.631182,10.477103,1997
17351,r4i1p1f1,1997,07,04,0.0,28.059212,10.033399,1997
17352,r4i1p1f1,1997,07,05,0.006224953540368006,25.886696,9.602685,1997
17353,r4i1p1f1,1997,07,06,0.0,29.909367,9.5853195,1997
17354,r4i1p1f1,1997,07,07,0.0,31.93041,12.00999,1997
17355,r4i1p1f1,1997,07,08,0.0,31.758217,12.364882,1997
17356,r4i1p1f1,1997,07,09,0.0,31.220848,12.101075,1997
17357,r4i1p1f1,1997,07,10,0.0,30.619307,10.52073,1997
17358,r4i1p1f1,1997,07,11,0.0,28.948076,9.096621,1997
17359,r4i1p1f1,1997,07,12,0.0,24.616463,7.762525,1997
17360,r4i1p1f1,1997,07,13,0.020120474800933152,22.860483,7.0091653,1997
17361,r4i1p1f1,1997,07,14,0.0,25.034307,7.5954113,1997
17362,r4i1p1f1,1997,07,15,0.0,25.741705,6.7460823,1997
17363,r4i1p1f1,1997,07,16,0.0,23.464638,6.385131,1997
17364,r4i1p1f1,1997,07,17,0.061848640461903415,21.750149,4.8378425,1997
17365,r4i1p1f1,1997,07,18,0.004423151585797314,24.578299,7.3211923,1997
17366,r4i1p1f1,1997,07,19,0.0,30.418993,11.544498,1997
17367,r4i1p1f1,1997,07,20,0.0,31.745304,11.9768915,1997
17368,r4i1p1f1,1997,07,21,0.0,31.131065,12.736294,1997
17369,r4i1p1f1,1997,07,22,0.0,31.188948,11.284932,1997
17370,r4i1p1f1,1997,07,23,0.0,31.83001,11.562775,1997
17371,r4i1p1f1,1997,07,24,0.0,32.655155,14.03584,1997
17372,r4i1p1f1,1997,07,25,0.0,34.04114,15.253574,1997
17373,r4i1p1f1,1997,07,26,0.0,34.652843,16.31966,1997
17374,r4i1p1f1,1997,07,27,0.0,34.277267,15.614068,1997
17375,r4i1p1f1,1997,07,28,0.0,32.331966,13.528287,1997
17376,r4i1p1f1,1997,07,29,0.039120471410569735,28.344084,10.248615,1997
17377,r4i1p1f1,1997,07,30,0.0,22.590117,7.2627616,1997
17378,r4i1p1f1,1997,07,31,0.0,25.59542,7.037143,1997
17379,r4i1p1f1,1997,08,01,0.0,27.573221,8.605443,1997
17380,r4i1p1f1,1997,08,02,0.0,28.621939,11.112558,1997
17381,r4i1p1f1,1997,08,03,0.0,30.318167,10.408868,1997
17382,r4i1p1f1,1997,08,04,0.0,29.242775,11.108951,1997
17383,r4i1p1f1,1997,08,05,0.0,30.221706,11.475378,1997
17384,r4i1p1f1,1997,08,06,0.0,31.80013,12.961413,1997
17385,r4i1p1f1,1997,08,07,0.0,31.512804,14.280346,1997
17386,r4i1p1f1,1997,08,08,0.0,33.837387,14.06726,1997
17387,r4i1p1f1,1997,08,09,0.0,33.51136,14.521027,1997
17388,r4i1p1f1,1997,08,10,0.0,31.823235,12.274405,1997
17389,r4i1p1f1,1997,08,11,0.0,35.260616,14.949239,1997
17390,r4i1p1f1,1997,08,12,0.0,35.30784,16.012094,1997
17391,r4i1p1f1,1997,08,13,0.0,35.603077,15.650026,1997
17392,r4i1p1f1,1997,08,14,0.0,36.918808,16.48737,1997
17393,r4i1p1f1,1997,08,15,0.0,36.59089,16.56002,1997
17394,r4i1p1f1,1997,08,16,0.0,33.388157,15.954205,1997
17395,r4i1p1f1,1997,08,17,0.0,31.858768,13.833157,1997
17396,r4i1p1f1,1997,08,18,0.0,33.93101,15.611974,1997
17397,r4i1p1f1,1997,08,19,0.0,36.171764,15.809489,1997
17398,r4i1p1f1,1997,08,20,0.0,36.57692,15.678923,1997
17399,r4i1p1f1,1997,08,21,0.0,34.877445,15.920713,1997
17400,r4i1p1f1,1997,08,22,0.0,33.63363,13.074087,1997
17401,r4i1p1f1,1997,08,23,0.0,31.531853,11.759888,1997
17402,r4i1p1f1,1997,08,24,0.0,30.36929,11.183817,1997
17403,r4i1p1f1,1997,08,25,0.0,29.766579,10.557539,1997
17404,r4i1p1f1,1997,08,26,0.0,33.39463,12.751544,1997
17405,r4i1p1f1,1997,08,27,0.0,34.037624,14.363739,1997
17406,r4i1p1f1,1997,08,28,0.0,34.22835,13.595686,1997
17407,r4i1p1f1,1997,08,29,0.0,35.194477,13.773376,1997
17408,r4i1p1f1,1997,08,30,0.0,35.29451,14.9061165,1997
17409,r4i1p1f1,1997,08,31,0.0,35.195503,14.684832,1997
17410,r4i1p1f1,1997,09,01,0.0,34.813324,13.776759,1997
17411,r4i1p1f1,1997,09,02,0.0,29.530464,11.605112,1997
17412,r4i1p1f1,1997,09,03,0.0,28.605726,9.825047,1997
17413,r4i1p1f1,1997,09,04,0.0,29.718367,11.195651,1997
17414,r4i1p1f1,1997,09,05,0.020790453118024743,26.871965,8.364536,1997
17415,r4i1p1f1,1997,09,06,0.03329826381559542,21.597935,5.5370507,1997
17416,r4i1p1f1,1997,09,07,0.0,29.01829,8.305923,1997
17417,r4i1p1f1,1997,09,08,0.0,31.646645,11.372703,1997
17418,r4i1p1f1,1997,09,09,0.0,31.234375,11.778372,1997
17419,r4i1p1f1,1997,09,10,0.0,26.495209,7.15767,1997
17420,r4i1p1f1,1997,09,11,0.0022571060071641114,15.79361,1.7444159,1997
17421,r4i1p1f1,1997,09,12,0.0,21.39372,4.918682,1997
17422,r4i1p1f1,1997,09,13,0.0,28.426954,7.7248993,1997
17423,r4i1p1f1,1997,09,14,0.0,28.621786,9.577511,1997
17424,r4i1p1f1,1997,09,15,0.0,27.976969,11.128111,1997
17425,r4i1p1f1,1997,09,16,0.0,26.824076,8.650873,1997
17426,r4i1p1f1,1997,09,17,0.0,27.414461,9.38255,1997
17427,r4i1p1f1,1997,09,18,0.0,31.313005,10.715752,1997
17428,r4i1p1f1,1997,09,19,0.0,31.61969,11.391271,1997
17429,r4i1p1f1,1997,09,20,0.0,30.53325,11.918184,1997
17430,r4i1p1f1,1997,09,21,0.0,30.06782,10.597396,1997
17431,r4i1p1f1,1997,09,22,3.2967789725262264,28.073778,12.108814,1997
17432,r4i1p1f1,1997,09,23,0.0,27.459454,10.203662,1997
17433,r4i1p1f1,1997,09,24,0.0,27.0279,10.25667,1997
17434,r4i1p1f1,1997,09,25,0.0,26.705435,11.38159,1997
17435,r4i1p1f1,1997,09,26,0.0,30.862614,11.675395,1997
17436,r4i1p1f1,1997,09,27,0.0,33.06569,15.012011,1997
17437,r4i1p1f1,1997,09,28,0.0,32.531105,15.412574,1997
17438,r4i1p1f1,1997,09,29,0.0,32.82936,13.495549,1997
17439,r4i1p1f1,1997,09,30,0.0,33.499535,14.726793,1997
17440,r4i1p1f1,1997,10,01,0.0,33.109097,14.698249,1997
17441,r4i1p1f1,1997,10,02,0.0,30.717674,14.86181,1997
17442,r4i1p1f1,1997,10,03,0.0,28.237509,10.1291485,1997
17443,r4i1p1f1,1997,10,04,0.0,23.902042,8.222378,1997
17444,r4i1p1f1,1997,10,05,0.0,24.901442,7.83677,1997
17445,r4i1p1f1,1997,10,06,0.0,26.61755,9.246481,1997
17446,r4i1p1f1,1997,10,07,0.0,27.31421,8.617167,1997
17447,r4i1p1f1,1997,10,08,0.05972541939627263,25.975735,10.721475,1997
17448,r4i1p1f1,1997,10,09,24.640534792706603,16.32993,8.149468,1997
17449,r4i1p1f1,1997,10,10,0.5668435503594083,16.345207,3.8804333,1997
17450,r4i1p1f1,1997,10,11,0.0,17.167137,5.973341,1997
17451,r4i1p1f1,1997,10,12,0.0,22.283817,5.9962244,1997
17452,r4i1p1f1,1997,10,13,0.0,25.051983,9.174544,1997
17453,r4i1p1f1,1997,10,14,0.0,24.374372,9.856495,1997
17454,r4i1p1f1,1997,10,15,0.0,24.85811,8.354094,1997
17455,r4i1p1f1,1997,10,16,0.0,23.789848,6.639058,1997
17456,r4i1p1f1,1997,10,17,0.0,20.57936,4.3375835,1997
17457,r4i1p1f1,1997,10,18,0.0,20.921043,3.9183643,1997
17458,r4i1p1f1,1997,10,19,0.0,22.839195,5.735058,1997
17459,r4i1p1f1,1997,10,20,0.0,24.820343,7.8058014,1997
17460,r4i1p1f1,1997,10,21,0.0,25.96925,9.552272,1997
17461,r4i1p1f1,1997,10,22,0.0,25.852297,9.211431,1997
17462,r4i1p1f1,1997,10,23,0.0,24.847137,8.335352,1997
17463,r4i1p1f1,1997,10,24,0.0,23.914082,7.072394,1997
17464,r4i1p1f1,1997,10,25,0.0,23.297234,7.580163,1997
17465,r4i1p1f1,1997,10,26,0.0,22.252234,8.555644,1997
17466,r4i1p1f1,1997,10,27,0.0,22.975986,6.6623745,1997
17467,r4i1p1f1,1997,10,28,0.0,24.814611,10.350647,1997
17468,r4i1p1f1,1997,10,29,0.0,21.49614,5.0433846,1997
17469,r4i1p1f1,1997,10,30,0.0,16.389893,-0.14623505,1997
17470,r4i1p1f1,1997,10,31,0.0,19.22804,3.092417,1997
17471,r4i1p1f1,1997,11,01,0.0,21.264406,6.367942,1997
17472,r4i1p1f1,1997,11,02,0.0,21.748709,8.085598,1997
17473,r4i1p1f1,1997,11,03,0.0,15.140659,1.2045292,1997
17474,r4i1p1f1,1997,11,04,0.26264214466209523,14.4508295,1.9638937,1997
17475,r4i1p1f1,1997,11,05,17.465213675131963,11.400348,0.29668963,1997
17476,r4i1p1f1,1997,11,06,5.760208573838099,6.8332005,-5.846974,1997
17477,r4i1p1f1,1997,11,07,18.091856502087467,5.5890594,0.5460405,1997
17478,r4i1p1f1,1997,11,08,5.547677783465588,8.618779,3.3017662,1997
17479,r4i1p1f1,1997,11,09,0.33210273670079005,17.66382,3.1872952,1997
17480,r4i1p1f1,1997,11,10,0.0,18.247429,5.8105173,1997
17481,r4i1p1f1,1997,11,11,27.905586207180022,16.237501,4.628797,1997
17482,r4i1p1f1,1997,11,12,0.4250012465263353,11.170903,2.1250174,1997
17483,r4i1p1f1,1997,11,13,0.0,11.0767765,-1.354456,1997
17484,r4i1p1f1,1997,11,14,0.0,12.667457,0.024465032,1997
17485,r4i1p1f1,1997,11,15,0.0,13.196633,-1.4145783,1997
17486,r4i1p1f1,1997,11,16,0.0,12.819154,0.33262628,1997
17487,r4i1p1f1,1997,11,17,0.0399467577778978,13.421617,4.9789543,1997
17488,r4i1p1f1,1997,11,18,0.15029576006782008,13.164968,2.137703,1997
17489,r4i1p1f1,1997,11,19,0.0,14.578773,3.1341367,1997
17490,r4i1p1f1,1997,11,20,0.0,16.441654,4.2172627,1997
17491,r4i1p1f1,1997,11,21,0.0,16.828726,5.335002,1997
17492,r4i1p1f1,1997,11,22,18.509513779827103,13.773219,3.9423954,1997
17493,r4i1p1f1,1997,11,23,0.8988249965710793,10.214064,-1.7364887,1997
17494,r4i1p1f1,1997,11,24,10.040735444567872,4.89377,-0.2851318,1997
17495,r4i1p1f1,1997,11,25,14.63627380790058,5.6939397,1.1204705,1997
17496,r4i1p1f1,1997,11,26,11.01718830034315,9.449943,1.2775996,1997
17497,r4i1p1f1,1997,11,27,29.269310200106702,10.549001,0.85063165,1997
17498,r4i1p1f1,1997,11,28,0.6075673454688513,8.826251,-2.8159602,1997
17499,r4i1p1f1,1997,11,29,13.613379192247521,6.035253,-2.154272,1997
17500,r4i1p1f1,1997,11,30,22.872333125292243,7.2735543,2.5056102,1997
17501,r4i1p1f1,1997,12,01,8.917429592759163,7.5441065,0.21519619,1997
17502,r4i1p1f1,1997,12,02,0.0,8.228672,-0.5792271,1997
17503,r4i1p1f1,1997,12,03,0.0,9.019005,-1.1218346,1997
17504,r4i1p1f1,1997,12,04,0.0,11.158405,0.7807835,1997
17505,r4i1p1f1,1997,12,05,0.0,11.683338,1.6803992,1997
17506,r4i1p1f1,1997,12,06,0.0,12.03876,2.7334874,1997
17507,r4i1p1f1,1997,12,07,0.0,11.066555,5.213524,1997
17508,r4i1p1f1,1997,12,08,0.0,11.924317,3.822383,1997
17509,r4i1p1f1,1997,12,09,0.0,12.192324,2.5880232,1997
17510,r4i1p1f1,1997,12,10,0.0,13.537133,2.7675085,1997
17511,r4i1p1f1,1997,12,11,0.0,13.245918,2.4262466,1997
17512,r4i1p1f1,1997,12,12,0.04782919124863838,8.737538,3.2633817,1997
17513,r4i1p1f1,1997,12,13,2.8971298493615905,7.502126,-1.4041523,1997
17514,r4i1p1f1,1997,12,14,0.02436903259876999,4.641547,-2.5132434,1997
17515,r4i1p1f1,1997,12,15,0.0,5.0968122,-3.0838203,1997
17516,r4i1p1f1,1997,12,16,0.005377390334615484,5.8860035,-3.580265,1997
17517,r4i1p1f1,1997,12,17,6.365882120985589,3.0598593,-8.184828,1997
17518,r4i1p1f1,1997,12,18,0.09400964362384912,-0.7384314,-8.99452,1997
17519,r4i1p1f1,1997,12,19,0.2253877529113879,2.9569685,-6.2227945,1997
17520,r4i1p1f1,1997,12,20,0.0,5.18795,-4.592417,1997
17521,r4i1p1f1,1997,12,21,1.2840523594036313,4.422241,-2.6807966,1997
17522,r4i1p1f1,1997,12,22,56.97726424987195,10.788806,0.5282099,1997
17523,r4i1p1f1,1997,12,23,0.5218949264410355,8.036067,-3.614079,1997
17524,r4i1p1f1,1997,12,24,3.500959857512953,6.5001364,-4.983424,1997
17525,r4i1p1f1,1997,12,25,0.3521127819567482,8.231501,3.0416028,1997
17526,r4i1p1f1,1997,12,26,18.589594287914224,9.596783,4.2671876,1997
17527,r4i1p1f1,1997,12,27,27.18835566593043,9.199703,3.804366,1997
17528,r4i1p1f1,1997,12,28,0.0003010785007973027,9.245305,-0.7852977,1997
17529,r4i1p1f1,1997,12,29,10.054358705815503,4.9643655,-1.5765659,1997
17530,r4i1p1f1,1997,12,30,0.002999035473294498,6.3261156,-3.3523932,1997
17531,r4i1p1f1,1997,12,31,23.957333952421322,9.276136,2.159826,1997
17532,r4i1p1f1,1998,01,01,18.338507744920207,11.420663,3.614613,1998
17533,r4i1p1f1,1998,01,02,3.974362905671569,10.196169,2.4470031,1998
17534,r4i1p1f1,1998,01,03,17.822741026634503,11.598061,-3.5441601,1998
17535,r4i1p1f1,1998,01,04,0.0,6.619535,-3.8767443,1998
17536,r4i1p1f1,1998,01,05,0.0,8.516323,-0.91259074,1998
17537,r4i1p1f1,1998,01,06,0.0,8.8446245,0.38444006,1998
17538,r4i1p1f1,1998,01,07,0.0,9.297988,-0.058307648,1998
17539,r4i1p1f1,1998,01,08,0.0,7.817426,-2.5755305,1998
17540,r4i1p1f1,1998,01,09,0.0,8.012141,-3.2471383,1998
17541,r4i1p1f1,1998,01,10,0.0,6.903551,-1.2832165,1998
17542,r4i1p1f1,1998,01,11,0.0,7.40955,0.85516775,1998
17543,r4i1p1f1,1998,01,12,0.049489254456602794,7.2698483,1.760779,1998
17544,r4i1p1f1,1998,01,13,0.05395972457336029,6.460414,-0.7050135,1998
17545,r4i1p1f1,1998,01,14,6.476265443427565,5.1434197,-0.6351441,1998
17546,r4i1p1f1,1998,01,15,41.75345844778349,7.974772,2.6390543,1998
17547,r4i1p1f1,1998,01,16,60.40795724984491,9.588283,4.0324707,1998
17548,r4i1p1f1,1998,01,17,6.860007153536074,5.2529907,-7.818136,1998
17549,r4i1p1f1,1998,01,18,2.0130232582801,3.2997847,-10.312031,1998
17550,r4i1p1f1,1998,01,19,37.45892953120347,10.145513,0.4811424,1998
17551,r4i1p1f1,1998,01,20,23.332981189378188,9.213141,5.5075216,1998
17552,r4i1p1f1,1998,01,21,0.0,9.872018,1.8336595,1998
17553,r4i1p1f1,1998,01,22,0.0,9.421116,-0.9852047,1998
17554,r4i1p1f1,1998,01,23,0.0,10.714408,0.3346022,1998
17555,r4i1p1f1,1998,01,24,0.0,11.921038,2.6654418,1998
17556,r4i1p1f1,1998,01,25,0.0,11.612739,5.2130704,1998
17557,r4i1p1f1,1998,01,26,0.0,10.390671,0.7152142,1998
17558,r4i1p1f1,1998,01,27,0.0,10.391551,1.310762,1998
17559,r4i1p1f1,1998,01,28,0.0,12.358636,2.582851,1998
17560,r4i1p1f1,1998,01,29,0.0,13.461437,4.0011063,1998
17561,r4i1p1f1,1998,01,30,0.0,10.175662,-1.1404694,1998
17562,r4i1p1f1,1998,01,31,0.0,9.109327,-3.6692226,1998
17563,r4i1p1f1,1998,02,01,0.0,5.4884925,-4.966505,1998
17564,r4i1p1f1,1998,02,02,0.0,8.173383,-6.42095,1998
17565,r4i1p1f1,1998,02,03,0.0,9.662582,-3.21656,1998
17566,r4i1p1f1,1998,02,04,8.548074530256144,6.151222,-0.8426602,1998
17567,r4i1p1f1,1998,02,05,13.007497089529352,6.73913,-7.560156,1998
17568,r4i1p1f1,1998,02,06,0.0,2.5501149,-11.116518,1998
17569,r4i1p1f1,1998,02,07,0.0,4.009263,-8.443151,1998
17570,r4i1p1f1,1998,02,08,0.8427530203356071,5.6929855,-2.327233,1998
17571,r4i1p1f1,1998,02,09,18.014409998068004,9.248265,0.07342657,1998
17572,r4i1p1f1,1998,02,10,60.53632910916349,12.314257,1.0302825,1998
17573,r4i1p1f1,1998,02,11,46.250123937716126,12.316716,1.8704698,1998
17574,r4i1p1f1,1998,02,12,16.16192244719059,10.999436,0.68741447,1998
17575,r4i1p1f1,1998,02,13,9.10416191677541,11.400193,3.973423,1998
17576,r4i1p1f1,1998,02,14,38.591705448925495,13.659374,2.9757445,1998
17577,r4i1p1f1,1998,02,15,20.808168552775896,14.612078,2.2303305,1998
17578,r4i1p1f1,1998,02,16,44.30933949552127,14.272112,2.2981353,1998
17579,r4i1p1f1,1998,02,17,3.9966007424595773,9.2472515,1.2866459,1998
17580,r4i1p1f1,1998,02,18,6.501921391974008,8.189345,1.4318366,1998
17581,r4i1p1f1,1998,02,19,0.0,15.6821375,4.483555,1998
17582,r4i1p1f1,1998,02,20,0.0,22.105186,5.461944,1998
17583,r4i1p1f1,1998,02,21,0.0,20.876423,7.0521607,1998
17584,r4i1p1f1,1998,02,22,9.118159867102804,12.995317,3.8928936,1998
17585,r4i1p1f1,1998,02,23,0.7418151632395009,13.296497,6.124266,1998
17586,r4i1p1f1,1998,02,24,0.0,15.25955,2.2520976,1998
17587,r4i1p1f1,1998,02,25,0.0,13.759393,1.7570364,1998
17588,r4i1p1f1,1998,02,26,0.0,14.855999,2.1839821,1998
17589,r4i1p1f1,1998,02,27,0.0,15.68858,2.1941938,1998
17590,r4i1p1f1,1998,02,28,0.0,16.20211,4.1028843,1998
17591,r4i1p1f1,1998,03,01,0.0,16.979986,2.1489825,1998
17592,r4i1p1f1,1998,03,02,0.0,18.122215,4.054018,1998
17593,r4i1p1f1,1998,03,03,0.0,20.860142,4.8351097,1998
17594,r4i1p1f1,1998,03,04,0.0,21.778435,6.2148514,1998
17595,r4i1p1f1,1998,03,05,0.0,21.268576,6.8806686,1998
17596,r4i1p1f1,1998,03,06,0.0,17.10121,4.261385,1998
17597,r4i1p1f1,1998,03,07,0.6064741710304133,14.881466,-0.24048471,1998
17598,r4i1p1f1,1998,03,08,0.0,9.964259,-2.5561955,1998
17599,r4i1p1f1,1998,03,09,0.0,9.592659,-4.7140775,1998
17600,r4i1p1f1,1998,03,10,0.0,13.693378,-1.2258594,1998
17601,r4i1p1f1,1998,03,11,0.0,15.949249,1.1243222,1998
17602,r4i1p1f1,1998,03,12,0.0,16.01837,1.3907827,1998
17603,r4i1p1f1,1998,03,13,0.025490149971574283,14.663944,0.1549682,1998
17604,r4i1p1f1,1998,03,14,17.2929877999195,7.987894,2.0168383,1998
17605,r4i1p1f1,1998,03,15,4.384193237723366,7.9163055,0.5361187,1998
17606,r4i1p1f1,1998,03,16,26.03768252683949,7.5222626,0.043313768,1998
17607,r4i1p1f1,1998,03,17,3.8265516534352173,7.4561105,-3.7129948,1998
17608,r4i1p1f1,1998,03,18,4.975302364698564,7.5201697,-5.070835,1998
17609,r4i1p1f1,1998,03,19,0.0,12.525762,-1.4629816,1998
17610,r4i1p1f1,1998,03,20,0.0,15.268063,1.6118679,1998
17611,r4i1p1f1,1998,03,21,0.0,16.137445,1.1572896,1998
17612,r4i1p1f1,1998,03,22,0.0,15.745819,0.7397911,1998
17613,r4i1p1f1,1998,03,23,0.0,15.494446,0.562929,1998
17614,r4i1p1f1,1998,03,24,0.0,17.13654,1.7668053,1998
17615,r4i1p1f1,1998,03,25,0.0,17.936565,3.3445387,1998
17616,r4i1p1f1,1998,03,26,0.0,19.122631,3.9317617,1998
17617,r4i1p1f1,1998,03,27,0.0,20.707708,4.647557,1998
17618,r4i1p1f1,1998,03,28,0.0,22.89185,4.129674,1998
17619,r4i1p1f1,1998,03,29,0.0,20.274878,4.5843644,1998
17620,r4i1p1f1,1998,03,30,6.889005279344929,14.671929,1.4616606,1998
17621,r4i1p1f1,1998,03,31,0.0,14.946004,-1.0770209,1998
17622,r4i1p1f1,1998,04,01,0.0,15.786294,2.0341492,1998
17623,r4i1p1f1,1998,04,02,0.004366300618130481,15.974028,3.6752384,1998
17624,r4i1p1f1,1998,04,03,0.0,16.630608,1.4452685,1998
17625,r4i1p1f1,1998,04,04,0.696160358893394,15.241155,2.0005565,1998
17626,r4i1p1f1,1998,04,05,0.0,13.138678,-1.7215437,1998
17627,r4i1p1f1,1998,04,06,0.0,9.5634575,-3.0991461,1998
17628,r4i1p1f1,1998,04,07,0.10783948109747143,13.831651,-0.9698771,1998
17629,r4i1p1f1,1998,04,08,0.0,16.687141,-0.06762367,1998
17630,r4i1p1f1,1998,04,09,0.0,21.510336,4.1045966,1998
17631,r4i1p1f1,1998,04,10,0.0,25.762613,8.69566,1998
17632,r4i1p1f1,1998,04,11,0.0,26.921722,10.488228,1998
17633,r4i1p1f1,1998,04,12,0.0,28.059832,11.330469,1998
17634,r4i1p1f1,1998,04,13,0.0,28.455784,11.097572,1998
17635,r4i1p1f1,1998,04,14,0.0,26.57153,11.27571,1998
17636,r4i1p1f1,1998,04,15,0.0,25.32725,7.9817886,1998
17637,r4i1p1f1,1998,04,16,0.0,21.183325,6.541252,1998
17638,r4i1p1f1,1998,04,17,0.0,20.93107,2.8963165,1998
17639,r4i1p1f1,1998,04,18,0.0,20.549824,4.2881,1998
17640,r4i1p1f1,1998,04,19,0.0,20.526062,7.0198317,1998
17641,r4i1p1f1,1998,04,20,0.0,20.597616,4.434146,1998
17642,r4i1p1f1,1998,04,21,24.229432250285754,15.812855,-0.951915,1998
17643,r4i1p1f1,1998,04,22,39.164625092598726,11.822352,0.75515336,1998
17644,r4i1p1f1,1998,04,23,0.5416611711098085,13.153264,1.0520908,1998
17645,r4i1p1f1,1998,04,24,0.0,13.385476,1.7920161,1998
17646,r4i1p1f1,1998,04,25,0.0,12.440456,1.2064102,1998
17647,r4i1p1f1,1998,04,26,1.7308720421141288,13.392237,0.67556286,1998
17648,r4i1p1f1,1998,04,27,0.0,16.42586,-0.39085436,1998
17649,r4i1p1f1,1998,04,28,3.109899872879396,12.1326065,-0.41848314,1998
17650,r4i1p1f1,1998,04,29,13.517691019205813,13.283552,-0.88772017,1998
17651,r4i1p1f1,1998,04,30,0.0,22.551443,5.032098,1998
17652,r4i1p1f1,1998,05,01,0.0,25.129889,8.858881,1998
17653,r4i1p1f1,1998,05,02,0.0,26.607365,9.863735,1998
17654,r4i1p1f1,1998,05,03,0.0,24.620293,8.982465,1998
17655,r4i1p1f1,1998,05,04,2.2691854373988463,17.33936,3.8024225,1998
17656,r4i1p1f1,1998,05,05,0.25626086644479074,17.058968,0.84706753,1998
17657,r4i1p1f1,1998,05,06,0.49315625569761323,16.515173,1.4498016,1998
17658,r4i1p1f1,1998,05,07,0.0,19.524164,2.1510801,1998
17659,r4i1p1f1,1998,05,08,2.0038132288220822,14.715029,-0.6558922,1998
17660,r4i1p1f1,1998,05,09,0.0,15.538306,-0.13675345,1998
17661,r4i1p1f1,1998,05,10,0.002361104907322442,15.476284,2.0670598,1998
17662,r4i1p1f1,1998,05,11,2.709107003693134,17.279816,1.245048,1998
17663,r4i1p1f1,1998,05,12,0.02126503186445916,20.334251,3.877678,1998
17664,r4i1p1f1,1998,05,13,0.0,22.613777,4.661691,1998
17665,r4i1p1f1,1998,05,14,0.0,22.55111,6.54567,1998
17666,r4i1p1f1,1998,05,15,0.0,23.67112,5.7033644,1998
17667,r4i1p1f1,1998,05,16,0.0,24.253267,7.2282505,1998
17668,r4i1p1f1,1998,05,17,0.0,23.58925,5.9052796,1998
17669,r4i1p1f1,1998,05,18,0.005547621003643144,21.455675,5.6460695,1998
17670,r4i1p1f1,1998,05,19,0.0,19.196339,5.531897,1998
17671,r4i1p1f1,1998,05,20,0.0,20.505283,3.999611,1998
17672,r4i1p1f1,1998,05,21,0.0,24.695274,5.460944,1998
17673,r4i1p1f1,1998,05,22,0.0,28.279219,8.657659,1998
17674,r4i1p1f1,1998,05,23,0.0,30.128035,10.22842,1998
17675,r4i1p1f1,1998,05,24,0.0,29.08436,10.691328,1998
17676,r4i1p1f1,1998,05,25,0.10037742167696706,22.907818,6.343775,1998
17677,r4i1p1f1,1998,05,26,1.1064929662097711,19.546867,5.127462,1998
17678,r4i1p1f1,1998,05,27,0.0,27.324104,9.777189,1998
17679,r4i1p1f1,1998,05,28,0.0,30.087315,10.801588,1998
17680,r4i1p1f1,1998,05,29,0.0,29.684553,11.024517,1998
17681,r4i1p1f1,1998,05,30,0.0,27.509172,9.140497,1998
17682,r4i1p1f1,1998,05,31,0.0,24.304134,9.601243,1998
17683,r4i1p1f1,1998,06,01,0.0,25.468935,7.8527875,1998
17684,r4i1p1f1,1998,06,02,0.0,25.650143,7.593954,1998
17685,r4i1p1f1,1998,06,03,0.0,27.358446,7.9855676,1998
17686,r4i1p1f1,1998,06,04,0.0,28.896494,9.376381,1998
17687,r4i1p1f1,1998,06,05,0.0,28.234453,9.51668,1998
17688,r4i1p1f1,1998,06,06,0.0,27.049564,9.191239,1998
17689,r4i1p1f1,1998,06,07,0.0,24.398434,7.7337017,1998
17690,r4i1p1f1,1998,06,08,0.0,25.498308,8.639333,1998
17691,r4i1p1f1,1998,06,09,0.0004830583634429786,26.603249,8.829542,1998
17692,r4i1p1f1,1998,06,10,0.0,27.75358,10.736488,1998
17693,r4i1p1f1,1998,06,11,0.0,28.950247,9.980846,1998
17694,r4i1p1f1,1998,06,12,0.0,28.119148,10.235365,1998
17695,r4i1p1f1,1998,06,13,0.006411593312805053,24.147257,7.0444818,1998
17696,r4i1p1f1,1998,06,14,0.0,22.352993,4.165116,1998
17697,r4i1p1f1,1998,06,15,0.0,27.141756,7.7999744,1998
17698,r4i1p1f1,1998,06,16,0.0,31.596458,11.729714,1998
17699,r4i1p1f1,1998,06,17,0.0,33.56091,14.637831,1998
17700,r4i1p1f1,1998,06,18,0.0,33.433968,14.103459,1998
17701,r4i1p1f1,1998,06,19,0.0,28.577654,9.493464,1998
17702,r4i1p1f1,1998,06,20,0.0,27.12647,8.382203,1998
17703,r4i1p1f1,1998,06,21,0.0,27.690712,8.892547,1998
17704,r4i1p1f1,1998,06,22,0.0,29.393833,10.60449,1998
17705,r4i1p1f1,1998,06,23,0.0,31.373575,11.833452,1998
17706,r4i1p1f1,1998,06,24,0.0,30.74506,13.659972,1998
17707,r4i1p1f1,1998,06,25,0.0,32.652023,14.240504,1998
17708,r4i1p1f1,1998,06,26,0.0,34.913967,15.793182,1998
17709,r4i1p1f1,1998,06,27,0.0,35.26976,17.031502,1998
17710,r4i1p1f1,1998,06,28,0.0,34.16478,15.286809,1998
17711,r4i1p1f1,1998,06,29,0.0,30.118961,11.808448,1998
17712,r4i1p1f1,1998,06,30,0.0,28.674103,10.777897,1998
17713,r4i1p1f1,1998,07,01,0.0,31.013298,11.303264,1998
17714,r4i1p1f1,1998,07,02,0.0,34.253685,13.944818,1998
17715,r4i1p1f1,1998,07,03,0.0,36.219555,15.490444,1998
17716,r4i1p1f1,1998,07,04,0.0,36.822018,17.736038,1998
17717,r4i1p1f1,1998,07,05,0.0,38.25989,18.086056,1998
17718,r4i1p1f1,1998,07,06,0.0,38.713272,19.647333,1998
17719,r4i1p1f1,1998,07,07,0.0,38.316395,18.504154,1998
17720,r4i1p1f1,1998,07,08,0.0,35.85186,14.774824,1998
17721,r4i1p1f1,1998,07,09,0.0,32.092094,13.331304,1998
17722,r4i1p1f1,1998,07,10,0.0,30.817688,10.894638,1998
17723,r4i1p1f1,1998,07,11,0.0,29.683126,11.273508,1998
17724,r4i1p1f1,1998,07,12,0.0,30.814293,10.632056,1998
17725,r4i1p1f1,1998,07,13,0.0,31.158482,11.952917,1998
17726,r4i1p1f1,1998,07,14,0.3182198314732432,31.512556,12.243031,1998
17727,r4i1p1f1,1998,07,15,0.0,31.591698,12.262104,1998
17728,r4i1p1f1,1998,07,16,0.0,30.32145,12.374678,1998
17729,r4i1p1f1,1998,07,17,0.0,25.632622,7.4122577,1998
17730,r4i1p1f1,1998,07,18,0.0,27.775738,8.108112,1998
17731,r4i1p1f1,1998,07,19,0.0,27.917336,9.51249,1998
17732,r4i1p1f1,1998,07,20,0.0,27.916664,9.540428,1998
17733,r4i1p1f1,1998,07,21,0.0,29.005808,9.2655325,1998
17734,r4i1p1f1,1998,07,22,0.0,30.29249,10.604595,1998
17735,r4i1p1f1,1998,07,23,0.0,30.271141,12.413702,1998
17736,r4i1p1f1,1998,07,24,0.0,30.618303,11.615488,1998
17737,r4i1p1f1,1998,07,25,0.0,32.182266,14.081242,1998
17738,r4i1p1f1,1998,07,26,0.0,33.35002,15.4204035,1998
17739,r4i1p1f1,1998,07,27,0.0,33.411953,15.267334,1998
17740,r4i1p1f1,1998,07,28,0.0,33.391914,13.248965,1998
17741,r4i1p1f1,1998,07,29,0.0,33.055904,12.840569,1998
17742,r4i1p1f1,1998,07,30,0.0,29.994669,11.4268055,1998
17743,r4i1p1f1,1998,07,31,0.0,29.244713,10.48785,1998
17744,r4i1p1f1,1998,08,01,0.0,29.706831,10.217865,1998
17745,r4i1p1f1,1998,08,02,0.0,29.96757,10.862589,1998
17746,r4i1p1f1,1998,08,03,0.0,29.866964,10.24847,1998
17747,r4i1p1f1,1998,08,04,0.0,30.029367,10.432526,1998
17748,r4i1p1f1,1998,08,05,0.0,32.480164,12.287195,1998
17749,r4i1p1f1,1998,08,06,0.0,32.44382,13.407674,1998
17750,r4i1p1f1,1998,08,07,0.0,30.699215,10.67746,1998
17751,r4i1p1f1,1998,08,08,0.0,30.004547,9.8306055,1998
17752,r4i1p1f1,1998,08,09,0.0,31.126064,11.943711,1998
17753,r4i1p1f1,1998,08,10,0.0,31.035069,12.361294,1998
17754,r4i1p1f1,1998,08,11,0.0,30.490635,11.689073,1998
17755,r4i1p1f1,1998,08,12,0.0,30.32745,11.06908,1998
17756,r4i1p1f1,1998,08,13,0.0,31.147774,11.472667,1998
17757,r4i1p1f1,1998,08,14,0.0,30.954702,11.537003,1998
17758,r4i1p1f1,1998,08,15,0.0,29.706163,10.868531,1998
17759,r4i1p1f1,1998,08,16,0.0,29.128208,10.218662,1998
17760,r4i1p1f1,1998,08,17,0.0,29.697287,9.5901985,1998
17761,r4i1p1f1,1998,08,18,0.0,29.99408,10.903705,1998
17762,r4i1p1f1,1998,08,19,0.0,30.514595,10.529476,1998
17763,r4i1p1f1,1998,08,20,0.0,32.436584,11.408014,1998
17764,r4i1p1f1,1998,08,21,0.0,32.542202,12.622127,1998
17765,r4i1p1f1,1998,08,22,0.0,30.639814,10.091865,1998
17766,r4i1p1f1,1998,08,23,0.0,28.506731,9.021767,1998
17767,r4i1p1f1,1998,08,24,0.0,28.525291,9.759996,1998
17768,r4i1p1f1,1998,08,25,0.0,29.41337,11.017343,1998
17769,r4i1p1f1,1998,08,26,0.0,31.835093,13.289619,1998
17770,r4i1p1f1,1998,08,27,0.0,31.955418,14.61143,1998
17771,r4i1p1f1,1998,08,28,0.0,31.602852,12.092486,1998
17772,r4i1p1f1,1998,08,29,0.0,27.59894,8.674442,1998
17773,r4i1p1f1,1998,08,30,0.0,28.5707,7.8861356,1998
17774,r4i1p1f1,1998,08,31,0.0,31.340115,10.952945,1998
17775,r4i1p1f1,1998,09,01,0.0,33.463943,14.123444,1998
17776,r4i1p1f1,1998,09,02,0.0,33.11063,13.884558,1998
17777,r4i1p1f1,1998,09,03,0.0,28.10799,9.612139,1998
17778,r4i1p1f1,1998,09,04,0.0,31.453213,11.992013,1998
17779,r4i1p1f1,1998,09,05,0.0,32.18132,12.947308,1998
17780,r4i1p1f1,1998,09,06,0.0,31.630594,12.420109,1998
17781,r4i1p1f1,1998,09,07,0.0,28.337318,9.940385,1998
17782,r4i1p1f1,1998,09,08,0.0,25.616201,8.185336,1998
17783,r4i1p1f1,1998,09,09,0.0,27.079071,7.872903,1998
17784,r4i1p1f1,1998,09,10,0.003433513211348327,25.139215,7.2293124,1998
17785,r4i1p1f1,1998,09,11,0.0,20.189003,4.7408767,1998
17786,r4i1p1f1,1998,09,12,0.0,24.246767,5.6821446,1998
17787,r4i1p1f1,1998,09,13,0.0,23.940056,7.0752997,1998
17788,r4i1p1f1,1998,09,14,0.0,22.072811,5.329014,1998
17789,r4i1p1f1,1998,09,15,0.0,24.390875,5.624866,1998
17790,r4i1p1f1,1998,09,16,0.0,27.476503,8.457027,1998
17791,r4i1p1f1,1998,09,17,0.0,28.211155,11.051162,1998
17792,r4i1p1f1,1998,09,18,0.0,31.183346,12.938536,1998
17793,r4i1p1f1,1998,09,19,0.0,34.521336,16.187937,1998
17794,r4i1p1f1,1998,09,20,0.0,34.491135,15.815925,1998
17795,r4i1p1f1,1998,09,21,0.0,32.39337,14.124699,1998
17796,r4i1p1f1,1998,09,22,0.0,30.145332,11.957749,1998
17797,r4i1p1f1,1998,09,23,0.0,26.66275,9.526615,1998
17798,r4i1p1f1,1998,09,24,0.0,20.933203,5.457931,1998
17799,r4i1p1f1,1998,09,25,0.0,20.160362,5.5085926,1998
17800,r4i1p1f1,1998,09,26,0.0,23.062082,6.871806,1998
17801,r4i1p1f1,1998,09,27,0.0,26.201006,8.44272,1998
17802,r4i1p1f1,1998,09,28,0.0,28.875496,9.48912,1998
17803,r4i1p1f1,1998,09,29,0.0,27.286278,9.745837,1998
17804,r4i1p1f1,1998,09,30,0.0,25.860765,8.481714,1998
17805,r4i1p1f1,1998,10,01,0.0,25.775778,8.131743,1998
17806,r4i1p1f1,1998,10,02,0.0,30.852583,13.324626,1998
17807,r4i1p1f1,1998,10,03,0.0,33.574947,15.372949,1998
17808,r4i1p1f1,1998,10,04,0.0,33.256496,14.933548,1998
17809,r4i1p1f1,1998,10,05,0.0,32.825535,15.939396,1998
17810,r4i1p1f1,1998,10,06,0.0,31.59736,16.442148,1998
17811,r4i1p1f1,1998,10,07,0.0,33.00199,14.253459,1998
17812,r4i1p1f1,1998,10,08,0.0,30.391397,12.327336,1998
17813,r4i1p1f1,1998,10,09,0.0,23.381205,5.212023,1998
17814,r4i1p1f1,1998,10,10,0.0,12.72706,1.2492882,1998
17815,r4i1p1f1,1998,10,11,0.0,15.1412,-0.7769891,1998
17816,r4i1p1f1,1998,10,12,0.0,21.270742,3.4225917,1998
17817,r4i1p1f1,1998,10,13,0.0,25.788687,8.578254,1998
17818,r4i1p1f1,1998,10,14,0.0,28.00275,10.087521,1998
17819,r4i1p1f1,1998,10,15,0.0,29.163565,9.77609,1998
17820,r4i1p1f1,1998,10,16,0.0,27.115055,10.550914,1998
17821,r4i1p1f1,1998,10,17,0.0,25.861347,12.110534,1998
17822,r4i1p1f1,1998,10,18,0.08627619358776428,28.393126,11.812786,1998
17823,r4i1p1f1,1998,10,19,0.0024617093254519773,26.588026,12.258373,1998
17824,r4i1p1f1,1998,10,20,41.66393849955057,21.314169,10.896196,1998
17825,r4i1p1f1,1998,10,21,39.18287899948609,15.452808,6.303189,1998
17826,r4i1p1f1,1998,10,22,16.458504334150348,12.549644,2.0494013,1998
17827,r4i1p1f1,1998,10,23,3.50742966238613,12.057696,2.8000152,1998
17828,r4i1p1f1,1998,10,24,0.0,20.789507,6.477061,1998
17829,r4i1p1f1,1998,10,25,0.0,24.533844,9.922363,1998
17830,r4i1p1f1,1998,10,26,0.0,23.164509,9.2937155,1998
17831,r4i1p1f1,1998,10,27,0.0,17.370356,2.039454,1998
17832,r4i1p1f1,1998,10,28,0.0,15.585914,2.797223,1998
17833,r4i1p1f1,1998,10,29,0.0,16.799337,2.2261817,1998
17834,r4i1p1f1,1998,10,30,0.0,17.273447,3.0457356,1998
17835,r4i1p1f1,1998,10,31,0.1970703700408194,17.68163,5.419529,1998
17836,r4i1p1f1,1998,11,01,12.96772721407251,15.478472,5.525892,1998
17837,r4i1p1f1,1998,11,02,20.019863223205903,13.640371,5.5369897,1998
17838,r4i1p1f1,1998,11,03,16.441231775752385,11.8618355,4.8158464,1998
17839,r4i1p1f1,1998,11,04,62.583845149492845,10.305752,2.52612,1998
17840,r4i1p1f1,1998,11,05,3.5875570108879984,9.808877,2.825263,1998
17841,r4i1p1f1,1998,11,06,8.457743999292688,11.160835,2.620692,1998
17842,r4i1p1f1,1998,11,07,0.0,13.390188,1.1677023,1998
17843,r4i1p1f1,1998,11,08,0.0,13.175345,1.722922,1998
17844,r4i1p1f1,1998,11,09,0.0,12.35432,4.08907,1998
17845,r4i1p1f1,1998,11,10,0.21112613680998038,12.775705,3.9836562,1998
17846,r4i1p1f1,1998,11,11,2.4641279449838294,10.321564,4.988393,1998
17847,r4i1p1f1,1998,11,12,0.0,11.951567,1.0657129,1998
17848,r4i1p1f1,1998,11,13,0.0,13.234179,1.0691558,1998
17849,r4i1p1f1,1998,11,14,0.0,12.369758,1.5949183,1998
17850,r4i1p1f1,1998,11,15,0.5017057433178707,11.096043,3.4019558,1998
17851,r4i1p1f1,1998,11,16,0.9947936394723911,11.0682,1.2155414,1998
17852,r4i1p1f1,1998,11,17,0.8877905749386628,10.04739,4.813373,1998
17853,r4i1p1f1,1998,11,18,0.00037405402508738916,11.271442,0.7124644,1998
17854,r4i1p1f1,1998,11,19,0.0,10.523633,-0.21610461,1998
17855,r4i1p1f1,1998,11,20,53.22735156660201,12.286943,0.9210131,1998
17856,r4i1p1f1,1998,11,21,12.71061259437829,5.219741,-1.6011366,1998
17857,r4i1p1f1,1998,11,22,0.0,7.78263,-4.3373713,1998
17858,r4i1p1f1,1998,11,23,27.759715310821775,6.408343,0.6485237,1998
17859,r4i1p1f1,1998,11,24,1.6980784904660595,9.322773,0.0916942,1998
17860,r4i1p1f1,1998,11,25,0.28631743446965174,10.10913,0.9955188,1998
17861,r4i1p1f1,1998,11,26,2.3547011022117204,9.892691,3.9724045,1998
17862,r4i1p1f1,1998,11,27,2.0165628401002778,8.781929,4.1557364,1998
17863,r4i1p1f1,1998,11,28,0.0,10.173195,-2.1532607,1998
17864,r4i1p1f1,1998,11,29,0.0,9.353544,-2.3172426,1998
17865,r4i1p1f1,1998,11,30,0.0,9.900648,0.3174647,1998
17866,r4i1p1f1,1998,12,01,0.0,11.58956,1.3029417,1998
17867,r4i1p1f1,1998,12,02,0.0,13.289078,3.457139,1998
17868,r4i1p1f1,1998,12,03,0.0,14.695787,4.5879755,1998
17869,r4i1p1f1,1998,12,04,0.0,14.207973,2.303062,1998
17870,r4i1p1f1,1998,12,05,0.0,14.451324,3.8010836,1998
17871,r4i1p1f1,1998,12,06,0.29887036330364936,13.276385,5.16628,1998
17872,r4i1p1f1,1998,12,07,43.10786779242335,13.7451,8.436531,1998
17873,r4i1p1f1,1998,12,08,7.176458947833453,13.938867,5.2547016,1998
17874,r4i1p1f1,1998,12,09,0.0,13.66303,2.0945096,1998
17875,r4i1p1f1,1998,12,10,0.0,13.241665,4.1350393,1998
17876,r4i1p1f1,1998,12,11,0.0,12.701628,3.7876592,1998
17877,r4i1p1f1,1998,12,12,0.0,13.355927,3.9253187,1998
17878,r4i1p1f1,1998,12,13,0.0,13.835271,4.074311,1998
17879,r4i1p1f1,1998,12,14,0.0,15.35818,3.6863763,1998
17880,r4i1p1f1,1998,12,15,0.0,13.346802,5.050091,1998
17881,r4i1p1f1,1998,12,16,0.07558275729024899,12.63563,6.397042,1998
17882,r4i1p1f1,1998,12,17,0.0,13.823074,4.4727874,1998
17883,r4i1p1f1,1998,12,18,0.0001447813815502741,13.238718,4.9357934,1998
17884,r4i1p1f1,1998,12,19,0.0,12.475281,3.5075157,1998
17885,r4i1p1f1,1998,12,20,0.0,15.929274,5.117405,1998
17886,r4i1p1f1,1998,12,21,0.0,15.310379,5.245074,1998
17887,r4i1p1f1,1998,12,22,0.0,13.692422,3.3419452,1998
17888,r4i1p1f1,1998,12,23,0.0,13.541321,2.5545006,1998
17889,r4i1p1f1,1998,12,24,0.0,14.032697,2.9042442,1998
17890,r4i1p1f1,1998,12,25,0.7291707658664937,12.87287,3.3090837,1998
17891,r4i1p1f1,1998,12,26,9.703948169976684,11.716856,3.5287318,1998
17892,r4i1p1f1,1998,12,27,12.470145788836362,7.370937,-0.7284524,1998
17893,r4i1p1f1,1998,12,28,0.0,5.000816,-2.2198777,1998
17894,r4i1p1f1,1998,12,29,0.4192505894025089,6.2014594,-0.5892486,1998
17895,r4i1p1f1,1998,12,30,34.02677893463988,6.466417,2.5420218,1998
17896,r4i1p1f1,1998,12,31,15.973064906188483,5.823636,-5.9596825,1998
17897,r4i1p1f1,1999,01,01,8.999600332185764,2.7350676,-3.3514087,1999
17898,r4i1p1f1,1999,01,02,4.675605822581019,3.331008,-8.216608,1999
17899,r4i1p1f1,1999,01,03,4.001569583977016,6.5401654,0.91058034,1999
17900,r4i1p1f1,1999,01,04,0.0,9.5428505,-1.922739,1999
17901,r4i1p1f1,1999,01,05,0.0,10.2556,-2.9349597,1999
17902,r4i1p1f1,1999,01,06,0.0,7.8520694,-1.4839727,1999
17903,r4i1p1f1,1999,01,07,7.491325207695354,6.752007,0.45730284,1999
17904,r4i1p1f1,1999,01,08,2.488991919790351,8.1677265,3.56344,1999
17905,r4i1p1f1,1999,01,09,0.2374400249664177,9.04499,-3.654905,1999
17906,r4i1p1f1,1999,01,10,0.0,7.0377636,-3.4840648,1999
17907,r4i1p1f1,1999,01,11,2.8207669989569695,2.0563054,-2.9127314,1999
17908,r4i1p1f1,1999,01,12,0.07014486112382201,5.178084,-3.1654515,1999
17909,r4i1p1f1,1999,01,13,0.0,5.9893527,-1.6652095,1999
17910,r4i1p1f1,1999,01,14,0.0,6.098693,-0.6470862,1999
17911,r4i1p1f1,1999,01,15,0.0,9.316069,-2.3449988,1999
17912,r4i1p1f1,1999,01,16,0.0,9.146581,-3.081218,1999
17913,r4i1p1f1,1999,01,17,0.690919307362492,6.222096,-1.497112,1999
17914,r4i1p1f1,1999,01,18,19.557908532078727,4.921424,-0.7127628,1999
17915,r4i1p1f1,1999,01,19,4.882771834763844,1.348407,-4.102864,1999
17916,r4i1p1f1,1999,01,20,8.167594089809427,5.750328,-3.7910528,1999
17917,r4i1p1f1,1999,01,21,1.734044572589255,7.2019773,0.30753443,1999
17918,r4i1p1f1,1999,01,22,0.05366240970943181,10.1671,-0.66904455,1999
17919,r4i1p1f1,1999,01,23,0.0,9.657467,-1.8348174,1999
17920,r4i1p1f1,1999,01,24,0.0,11.000332,-0.9086748,1999
17921,r4i1p1f1,1999,01,25,0.0,11.296581,0.26771274,1999
17922,r4i1p1f1,1999,01,26,0.0,12.407861,1.516125,1999
17923,r4i1p1f1,1999,01,27,0.0,13.814501,2.3273213,1999
17924,r4i1p1f1,1999,01,28,0.0,13.200029,2.4453254,1999
17925,r4i1p1f1,1999,01,29,0.0,13.684611,2.423434,1999
17926,r4i1p1f1,1999,01,30,0.0,14.137022,2.052262,1999
17927,r4i1p1f1,1999,01,31,0.0,14.139372,2.3295815,1999
17928,r4i1p1f1,1999,02,01,0.0,11.688975,2.9282389,1999
17929,r4i1p1f1,1999,02,02,24.686599167762324,10.459175,3.1366863,1999
17930,r4i1p1f1,1999,02,03,75.74706242194225,11.749215,3.4997215,1999
17931,r4i1p1f1,1999,02,04,76.68471599172335,12.67436,2.942718,1999
17932,r4i1p1f1,1999,02,05,29.445027540714364,13.81514,6.737574,1999
17933,r4i1p1f1,1999,02,06,60.500610129747656,13.833328,8.087101,1999
17934,r4i1p1f1,1999,02,07,39.12403686972539,15.940357,5.1444926,1999
17935,r4i1p1f1,1999,02,08,2.9328128902506023,13.622757,5.714488,1999
17936,r4i1p1f1,1999,02,09,0.10270871243847068,15.130925,8.100003,1999
17937,r4i1p1f1,1999,02,10,2.8188425515907056,13.294989,7.4773307,1999
17938,r4i1p1f1,1999,02,11,1.7188315900909856,14.012633,2.0448778,1999
17939,r4i1p1f1,1999,02,12,0.0,11.004986,1.2248571,1999
17940,r4i1p1f1,1999,02,13,0.0,15.726227,2.793934,1999
17941,r4i1p1f1,1999,02,14,0.0,16.724281,4.769687,1999
17942,r4i1p1f1,1999,02,15,0.0,18.063732,5.4230886,1999
17943,r4i1p1f1,1999,02,16,0.0,19.131865,6.9271584,1999
17944,r4i1p1f1,1999,02,17,0.0,18.559715,6.041992,1999
17945,r4i1p1f1,1999,02,18,7.296249419289325,14.940562,5.053792,1999
17946,r4i1p1f1,1999,02,19,58.845201913209166,13.157593,0.30407614,1999
17947,r4i1p1f1,1999,02,20,7.442806098674737,6.729086,-5.2607403,1999
17948,r4i1p1f1,1999,02,21,5.4996201199742245,4.8207927,-2.9071772,1999
17949,r4i1p1f1,1999,02,22,0.0,8.58318,0.76412565,1999
17950,r4i1p1f1,1999,02,23,0.0,9.17,-4.6173663,1999
17951,r4i1p1f1,1999,02,24,0.0,7.2099304,-5.014344,1999
17952,r4i1p1f1,1999,02,25,0.0,5.5097,-3.737771,1999
17953,r4i1p1f1,1999,02,26,0.0,6.721073,0.015246074,1999
17954,r4i1p1f1,1999,02,27,17.2372445329529,6.906036,1.1543288,1999
17955,r4i1p1f1,1999,02,28,4.39411274306849,11.188495,-1.6438113,1999
17956,r4i1p1f1,1999,03,01,0.0,12.691242,-0.6107437,1999
17957,r4i1p1f1,1999,03,02,0.0,14.552013,0.18142779,1999
17958,r4i1p1f1,1999,03,03,0.0,14.984227,0.80994236,1999
17959,r4i1p1f1,1999,03,04,0.0,14.765418,1.220962,1999
17960,r4i1p1f1,1999,03,05,0.2538800804359198,11.930319,2.451903,1999
17961,r4i1p1f1,1999,03,06,4.647940862406585,6.9989676,1.0674845,1999
17962,r4i1p1f1,1999,03,07,0.0,13.001578,0.5767718,1999
17963,r4i1p1f1,1999,03,08,0.0,13.625087,-0.8518503,1999
17964,r4i1p1f1,1999,03,09,3.4179208886428114,10.002789,2.0223744,1999
17965,r4i1p1f1,1999,03,10,8.615232133843165,7.1647773,0.16005199,1999
17966,r4i1p1f1,1999,03,11,12.593800021409152,6.0711327,-4.7835608,1999
17967,r4i1p1f1,1999,03,12,2.780401645281927,5.8118873,-7.2671337,1999
17968,r4i1p1f1,1999,03,13,0.13721860423174803,11.96423,4.2812467,1999
17969,r4i1p1f1,1999,03,14,0.0,15.804637,2.5225806,1999
17970,r4i1p1f1,1999,03,15,15.609434619364038,12.06278,0.7154572,1999
17971,r4i1p1f1,1999,03,16,3.481360296328262,13.060295,0.77406615,1999
17972,r4i1p1f1,1999,03,17,0.0,17.522131,1.9290023,1999
17973,r4i1p1f1,1999,03,18,3.1927228084441595,16.084251,4.485179,1999
17974,r4i1p1f1,1999,03,19,2.742476546359285,12.297359,-1.1882823,1999
17975,r4i1p1f1,1999,03,20,0.0,13.8380995,-0.4096542,1999
17976,r4i1p1f1,1999,03,21,0.0,14.203052,-0.32428777,1999
17977,r4i1p1f1,1999,03,22,0.0,13.294242,1.2201526,1999
17978,r4i1p1f1,1999,03,23,0.5484835068301663,10.747482,-0.638434,1999
17979,r4i1p1f1,1999,03,24,0.09057214722645313,12.74563,-1.9986844,1999
17980,r4i1p1f1,1999,03,25,0.0,13.458736,-0.9375213,1999
17981,r4i1p1f1,1999,03,26,4.537278449140558,10.461025,-1.7047801,1999
17982,r4i1p1f1,1999,03,27,0.19167711745922134,10.134523,4.4669495,1999
17983,r4i1p1f1,1999,03,28,0.0,15.927392,1.947748,1999
17984,r4i1p1f1,1999,03,29,0.015618053431865064,19.244,4.959139,1999
17985,r4i1p1f1,1999,03,30,0.0,21.762634,5.1378584,1999
17986,r4i1p1f1,1999,03,31,0.0,21.727457,5.8984776,1999
17987,r4i1p1f1,1999,04,01,0.0,21.012129,6.6214657,1999
17988,r4i1p1f1,1999,04,02,0.0,18.982979,4.145611,1999
17989,r4i1p1f1,1999,04,03,0.0,18.219587,1.858293,1999
17990,r4i1p1f1,1999,04,04,0.0,16.4224,3.674021,1999
17991,r4i1p1f1,1999,04,05,0.0,17.242937,3.8067381,1999
17992,r4i1p1f1,1999,04,06,2.8793599071207154,12.976949,-0.92826855,1999
17993,r4i1p1f1,1999,04,07,0.0,17.944595,1.3645272,1999
17994,r4i1p1f1,1999,04,08,0.0,22.043999,4.362793,1999
17995,r4i1p1f1,1999,04,09,0.0,23.881447,7.9561443,1999
17996,r4i1p1f1,1999,04,10,0.0,26.619995,9.095058,1999
17997,r4i1p1f1,1999,04,11,0.0,27.5312,10.127744,1999
17998,r4i1p1f1,1999,04,12,0.0,25.426003,10.53906,1999
17999,r4i1p1f1,1999,04,13,0.0,22.263222,6.2952495,1999
18000,r4i1p1f1,1999,04,14,0.0,21.290522,6.1306314,1999
18001,r4i1p1f1,1999,04,15,0.0,20.873085,6.33638,1999
18002,r4i1p1f1,1999,04,16,0.0,21.770731,6.4049435,1999
18003,r4i1p1f1,1999,04,17,0.0,22.681335,5.395178,1999
18004,r4i1p1f1,1999,04,18,0.0,24.219383,6.2415915,1999
18005,r4i1p1f1,1999,04,19,0.0,24.0626,7.4411445,1999
18006,r4i1p1f1,1999,04,20,0.0,20.937218,5.1202364,1999
18007,r4i1p1f1,1999,04,21,2.4918549663198064,16.154242,1.5365747,1999
18008,r4i1p1f1,1999,04,22,11.61838668042492,11.117501,0.5404389,1999
18009,r4i1p1f1,1999,04,23,0.0,19.418165,3.5565517,1999
18010,r4i1p1f1,1999,04,24,0.0,25.030825,5.913194,1999
18011,r4i1p1f1,1999,04,25,0.0,24.798857,8.370571,1999
18012,r4i1p1f1,1999,04,26,0.0,24.655155,8.484248,1999
18013,r4i1p1f1,1999,04,27,0.0,24.774818,8.552868,1999
18014,r4i1p1f1,1999,04,28,0.0,24.713434,9.064442,1999
18015,r4i1p1f1,1999,04,29,0.0,22.251213,6.103236,1999
18016,r4i1p1f1,1999,04,30,0.0,21.258688,4.3006988,1999
18017,r4i1p1f1,1999,05,01,0.0,19.798922,4.1957817,1999
18018,r4i1p1f1,1999,05,02,17.466197563831543,13.851749,4.197696,1999
18019,r4i1p1f1,1999,05,03,1.098089128720403,17.827332,1.6792535,1999
18020,r4i1p1f1,1999,05,04,0.0,18.888206,3.9365146,1999
18021,r4i1p1f1,1999,05,05,1.0024449390982682,15.179441,2.6906705,1999
18022,r4i1p1f1,1999,05,06,0.0,19.363787,3.6808577,1999
18023,r4i1p1f1,1999,05,07,0.0,20.851263,4.2801065,1999
18024,r4i1p1f1,1999,05,08,0.0,22.383204,5.039294,1999
18025,r4i1p1f1,1999,05,09,0.10709314656196511,20.391531,3.4426377,1999
18026,r4i1p1f1,1999,05,10,0.5879551846646791,20.000294,4.0705905,1999
18027,r4i1p1f1,1999,05,11,0.0,22.92309,4.0260983,1999
18028,r4i1p1f1,1999,05,12,0.0,21.170273,7.3316135,1999
18029,r4i1p1f1,1999,05,13,0.0,21.415321,5.57838,1999
18030,r4i1p1f1,1999,05,14,1.2995108455982063e-05,19.266075,4.15196,1999
18031,r4i1p1f1,1999,05,15,0.0,16.548658,-0.4352328,1999
18032,r4i1p1f1,1999,05,16,0.0,19.686424,2.3693075,1999
18033,r4i1p1f1,1999,05,17,0.0,26.154932,7.3638544,1999
18034,r4i1p1f1,1999,05,18,0.0,26.42995,9.539526,1999
18035,r4i1p1f1,1999,05,19,0.0,27.319841,9.677568,1999
18036,r4i1p1f1,1999,05,20,0.0,30.50847,12.723598,1999
18037,r4i1p1f1,1999,05,21,0.0,31.620165,12.874876,1999
18038,r4i1p1f1,1999,05,22,0.0,31.608873,11.6024065,1999
18039,r4i1p1f1,1999,05,23,0.0,29.813284,11.116889,1999
18040,r4i1p1f1,1999,05,24,0.0,29.942854,10.950147,1999
18041,r4i1p1f1,1999,05,25,0.0,32.008717,12.9527025,1999
18042,r4i1p1f1,1999,05,26,0.0,32.50498,12.947456,1999
18043,r4i1p1f1,1999,05,27,0.0,31.509182,12.486859,1999
18044,r4i1p1f1,1999,05,28,0.0,32.041294,14.353439,1999
18045,r4i1p1f1,1999,05,29,0.0,31.648808,12.5041065,1999
18046,r4i1p1f1,1999,05,30,0.0,32.172466,14.343838,1999
18047,r4i1p1f1,1999,05,31,0.0,31.663979,14.468931,1999
18048,r4i1p1f1,1999,06,01,0.0,27.800892,8.293972,1999
18049,r4i1p1f1,1999,06,02,0.0,24.281694,6.0164475,1999
18050,r4i1p1f1,1999,06,03,0.0,29.938507,10.664423,1999
18051,r4i1p1f1,1999,06,04,0.0,34.54978,14.695748,1999
18052,r4i1p1f1,1999,06,05,0.0,34.629494,15.048214,1999
18053,r4i1p1f1,1999,06,06,0.0,32.891308,13.595216,1999
18054,r4i1p1f1,1999,06,07,0.0,30.356241,11.125575,1999
18055,r4i1p1f1,1999,06,08,0.0,27.833935,9.515163,1999
18056,r4i1p1f1,1999,06,09,0.0,27.600128,9.1897745,1999
18057,r4i1p1f1,1999,06,10,0.0,28.793846,10.04022,1999
18058,r4i1p1f1,1999,06,11,0.0,28.038902,9.756256,1999
18059,r4i1p1f1,1999,06,12,0.0,27.234953,8.8840685,1999
18060,r4i1p1f1,1999,06,13,0.0,26.58945,8.356213,1999
18061,r4i1p1f1,1999,06,14,0.0,29.37011,12.378737,1999
18062,r4i1p1f1,1999,06,15,0.0,30.826883,12.418194,1999
18063,r4i1p1f1,1999,06,16,0.0,33.664173,14.765296,1999
18064,r4i1p1f1,1999,06,17,0.0,34.068386,14.917823,1999
18065,r4i1p1f1,1999,06,18,0.0,33.803432,13.589939,1999
18066,r4i1p1f1,1999,06,19,0.0,30.939249,11.259032,1999
18067,r4i1p1f1,1999,06,20,0.07188778930853346,24.758461,7.7998023,1999
18068,r4i1p1f1,1999,06,21,0.8004947838628595,17.32117,5.071136,1999
18069,r4i1p1f1,1999,06,22,0.17415520869690226,23.72672,5.0813155,1999
18070,r4i1p1f1,1999,06,23,0.0,27.715118,8.962376,1999
18071,r4i1p1f1,1999,06,24,0.0,31.760735,12.353675,1999
18072,r4i1p1f1,1999,06,25,0.0,34.452896,15.748527,1999
18073,r4i1p1f1,1999,06,26,0.0,34.43406,15.595654,1999
18074,r4i1p1f1,1999,06,27,0.0,34.4525,15.4169655,1999
18075,r4i1p1f1,1999,06,28,0.0,34.825333,15.63899,1999
18076,r4i1p1f1,1999,06,29,0.0,33.727566,15.882507,1999
18077,r4i1p1f1,1999,06,30,0.0,30.852238,12.814004,1999
18078,r4i1p1f1,1999,07,01,0.0,32.711037,12.57249,1999
18079,r4i1p1f1,1999,07,02,0.0,34.513115,14.671821,1999
18080,r4i1p1f1,1999,07,03,0.0,35.479378,15.885975,1999
18081,r4i1p1f1,1999,07,04,0.0,35.134846,14.45103,1999
18082,r4i1p1f1,1999,07,05,0.0,34.39057,13.684769,1999
18083,r4i1p1f1,1999,07,06,0.0,33.66474,13.790548,1999
18084,r4i1p1f1,1999,07,07,0.0,30.706211,12.157878,1999
18085,r4i1p1f1,1999,07,08,0.0,29.275679,9.627405,1999
18086,r4i1p1f1,1999,07,09,0.0,27.5905,7.779301,1999
18087,r4i1p1f1,1999,07,10,0.0,31.311806,10.755038,1999
18088,r4i1p1f1,1999,07,11,0.0,33.283066,12.649235,1999
18089,r4i1p1f1,1999,07,12,0.0,34.64409,13.962592,1999
18090,r4i1p1f1,1999,07,13,0.0,34.78519,14.375538,1999
18091,r4i1p1f1,1999,07,14,0.0,33.63412,13.584522,1999
18092,r4i1p1f1,1999,07,15,0.0,32.675205,13.192243,1999
18093,r4i1p1f1,1999,07,16,0.0,32.03435,13.162211,1999
18094,r4i1p1f1,1999,07,17,0.0,31.200779,12.526196,1999
18095,r4i1p1f1,1999,07,18,0.0,30.387564,10.329651,1999
18096,r4i1p1f1,1999,07,19,0.0,30.975965,12.928867,1999
18097,r4i1p1f1,1999,07,20,0.0,30.981985,13.382748,1999
18098,r4i1p1f1,1999,07,21,0.0,32.11291,13.087449,1999
18099,r4i1p1f1,1999,07,22,0.0,34.126213,14.108582,1999
18100,r4i1p1f1,1999,07,23,0.0,34.8882,15.387061,1999
18101,r4i1p1f1,1999,07,24,0.0,35.34136,15.666667,1999
18102,r4i1p1f1,1999,07,25,0.0,34.69026,15.56572,1999
18103,r4i1p1f1,1999,07,26,0.0,32.127125,13.775782,1999
18104,r4i1p1f1,1999,07,27,0.0,31.177742,12.796139,1999
18105,r4i1p1f1,1999,07,28,0.0,34.0537,14.4321785,1999
18106,r4i1p1f1,1999,07,29,0.0,33.74971,15.151859,1999
18107,r4i1p1f1,1999,07,30,0.0,33.98906,14.29049,1999
18108,r4i1p1f1,1999,07,31,0.0,34.65239,14.477997,1999
18109,r4i1p1f1,1999,08,01,0.0,33.931854,14.441506,1999
18110,r4i1p1f1,1999,08,02,0.0,30.680023,11.191558,1999
18111,r4i1p1f1,1999,08,03,0.0,33.08494,14.176242,1999
18112,r4i1p1f1,1999,08,04,0.008297773126741959,34.9842,16.246828,1999
18113,r4i1p1f1,1999,08,05,0.052532406857608294,33.35479,15.009335,1999
18114,r4i1p1f1,1999,08,06,0.0,32.634613,13.948332,1999
18115,r4i1p1f1,1999,08,07,0.0,34.012466,13.644019,1999
18116,r4i1p1f1,1999,08,08,0.0,34.010273,14.350242,1999
18117,r4i1p1f1,1999,08,09,0.0,33.668488,13.78554,1999
18118,r4i1p1f1,1999,08,10,0.0,33.34672,14.344576,1999
18119,r4i1p1f1,1999,08,11,0.0,31.464546,12.34888,1999
18120,r4i1p1f1,1999,08,12,0.0,27.801064,8.476566,1999
18121,r4i1p1f1,1999,08,13,0.0,28.124866,9.276998,1999
18122,r4i1p1f1,1999,08,14,0.0,29.281364,10.571268,1999
18123,r4i1p1f1,1999,08,15,0.0,29.716942,11.414291,1999
18124,r4i1p1f1,1999,08,16,0.0,29.034977,11.207479,1999
18125,r4i1p1f1,1999,08,17,0.0,25.678925,7.746754,1999
18126,r4i1p1f1,1999,08,18,0.0,24.528343,7.136701,1999
18127,r4i1p1f1,1999,08,19,0.0,26.488976,7.3968105,1999
18128,r4i1p1f1,1999,08,20,0.0,29.419712,10.139418,1999
18129,r4i1p1f1,1999,08,21,0.0,28.626722,9.688184,1999
18130,r4i1p1f1,1999,08,22,0.0,26.135977,7.4084253,1999
18131,r4i1p1f1,1999,08,23,0.0,32.167366,11.218029,1999
18132,r4i1p1f1,1999,08,24,0.0,36.332703,15.789226,1999
18133,r4i1p1f1,1999,08,25,0.0,36.430103,16.56016,1999
18134,r4i1p1f1,1999,08,26,0.0,35.432873,16.003597,1999
18135,r4i1p1f1,1999,08,27,0.0,34.119698,13.8737755,1999
18136,r4i1p1f1,1999,08,28,0.0,34.0143,13.668843,1999
18137,r4i1p1f1,1999,08,29,0.0,32.815968,13.630834,1999
18138,r4i1p1f1,1999,08,30,0.0,31.623512,12.661495,1999
18139,r4i1p1f1,1999,08,31,0.0,28.631863,9.321836,1999
18140,r4i1p1f1,1999,09,01,0.0,26.968517,8.129014,1999
18141,r4i1p1f1,1999,09,02,0.0,24.605797,6.198365,1999
18142,r4i1p1f1,1999,09,03,0.0,25.326878,8.481525,1999
18143,r4i1p1f1,1999,09,04,0.0,30.5725,10.96012,1999
18144,r4i1p1f1,1999,09,05,0.0,30.665524,11.615376,1999
18145,r4i1p1f1,1999,09,06,0.0,29.77717,11.937562,1999
18146,r4i1p1f1,1999,09,07,0.0,29.32721,10.713041,1999
18147,r4i1p1f1,1999,09,08,0.0,30.69217,11.412328,1999
18148,r4i1p1f1,1999,09,09,0.0,29.627693,10.167706,1999
18149,r4i1p1f1,1999,09,10,0.0,28.89721,9.706032,1999
18150,r4i1p1f1,1999,09,11,0.0,30.194221,11.312205,1999
18151,r4i1p1f1,1999,09,12,0.0,29.072927,11.802707,1999
18152,r4i1p1f1,1999,09,13,0.0,28.281334,12.505128,1999
18153,r4i1p1f1,1999,09,14,0.0,30.992645,11.701745,1999
18154,r4i1p1f1,1999,09,15,0.0,30.638306,11.94972,1999
18155,r4i1p1f1,1999,09,16,0.0,28.236996,10.799389,1999
18156,r4i1p1f1,1999,09,17,0.0,29.350817,10.832051,1999
18157,r4i1p1f1,1999,09,18,0.0,33.43865,13.428214,1999
18158,r4i1p1f1,1999,09,19,0.0,33.784275,14.602519,1999
18159,r4i1p1f1,1999,09,20,0.0,33.683685,15.412401,1999
18160,r4i1p1f1,1999,09,21,0.0,33.912006,14.291,1999
18161,r4i1p1f1,1999,09,22,0.0,34.32768,17.9631,1999
18162,r4i1p1f1,1999,09,23,0.0,35.176125,17.605385,1999
18163,r4i1p1f1,1999,09,24,0.0,34.707115,16.373972,1999
18164,r4i1p1f1,1999,09,25,0.0,35.02156,17.560802,1999
18165,r4i1p1f1,1999,09,26,0.0,34.14711,16.06887,1999
18166,r4i1p1f1,1999,09,27,0.0,33.013535,15.290844,1999
18167,r4i1p1f1,1999,09,28,0.0,33.23792,14.64498,1999
18168,r4i1p1f1,1999,09,29,0.0,34.62282,16.014406,1999
18169,r4i1p1f1,1999,09,30,0.0,35.3087,16.590162,1999
18170,r4i1p1f1,1999,10,01,0.0,34.71422,15.702434,1999
18171,r4i1p1f1,1999,10,02,0.0,32.87245,15.16645,1999
18172,r4i1p1f1,1999,10,03,0.0,33.62378,14.5566845,1999
18173,r4i1p1f1,1999,10,04,0.0,34.492073,15.666163,1999
18174,r4i1p1f1,1999,10,05,0.0,33.839737,14.571557,1999
18175,r4i1p1f1,1999,10,06,0.0,32.1491,13.57944,1999
18176,r4i1p1f1,1999,10,07,0.0,28.065346,12.36163,1999
18177,r4i1p1f1,1999,10,08,0.006989429084569565,23.362288,7.5747485,1999
18178,r4i1p1f1,1999,10,09,2.5557817550293294,15.453091,0.7744576,1999
18179,r4i1p1f1,1999,10,10,6.012632843101073,9.716248,-2.4626737,1999
18180,r4i1p1f1,1999,10,11,0.11347700203714339,11.494152,-1.9464523,1999
18181,r4i1p1f1,1999,10,12,0.0,15.483171,0.65431666,1999
18182,r4i1p1f1,1999,10,13,0.0,19.302303,2.8215814,1999
18183,r4i1p1f1,1999,10,14,0.0,24.789248,6.1418934,1999
18184,r4i1p1f1,1999,10,15,0.0,26.231615,9.512512,1999
18185,r4i1p1f1,1999,10,16,0.0,26.713305,12.941809,1999
18186,r4i1p1f1,1999,10,17,0.0,28.529074,12.801752,1999
18187,r4i1p1f1,1999,10,18,0.0,28.560246,12.648598,1999
18188,r4i1p1f1,1999,10,19,0.0,23.355093,9.52634,1999
18189,r4i1p1f1,1999,10,20,0.378491942274195,23.17203,8.561053,1999
18190,r4i1p1f1,1999,10,21,0.7621028247854156,22.227217,6.8382754,1999
18191,r4i1p1f1,1999,10,22,0.12446377077139914,23.028177,7.1868725,1999
18192,r4i1p1f1,1999,10,23,0.25222907800781513,21.873947,8.734873,1999
18193,r4i1p1f1,1999,10,24,12.936780654956692,13.562309,7.5973563,1999
18194,r4i1p1f1,1999,10,25,23.791183218656897,10.740404,0.30485567,1999
18195,r4i1p1f1,1999,10,26,0.0,13.302787,-0.40043634,1999
18196,r4i1p1f1,1999,10,27,0.0853459572454085,14.414412,3.1508622,1999
18197,r4i1p1f1,1999,10,28,0.02189559436374111,16.350935,2.5798566,1999
18198,r4i1p1f1,1999,10,29,0.0,18.297667,3.623592,1999
18199,r4i1p1f1,1999,10,30,0.0,18.408806,4.4476047,1999
18200,r4i1p1f1,1999,10,31,0.0,18.774122,6.069824,1999
18201,r4i1p1f1,1999,11,01,0.001984731670745532,17.758938,4.399267,1999
18202,r4i1p1f1,1999,11,02,1.3079794829991442,14.014784,0.6060868,1999
18203,r4i1p1f1,1999,11,03,0.0340518254233757,13.184267,1.162821,1999
18204,r4i1p1f1,1999,11,04,0.0,13.428501,-0.09151808,1999
18205,r4i1p1f1,1999,11,05,0.0,13.482841,1.1967719,1999
18206,r4i1p1f1,1999,11,06,0.0,16.730324,4.2720356,1999
18207,r4i1p1f1,1999,11,07,0.2304254950516338,16.341393,5.2108393,1999
18208,r4i1p1f1,1999,11,08,0.48629073417032487,15.403795,4.052616,1999
18209,r4i1p1f1,1999,11,09,1.409215454174273,11.740757,-0.80315745,1999
18210,r4i1p1f1,1999,11,10,0.0,10.558688,-1.661904,1999
18211,r4i1p1f1,1999,11,11,0.0,11.044291,0.7196104,1999
18212,r4i1p1f1,1999,11,12,0.0,10.44784,-1.9748698,1999
18213,r4i1p1f1,1999,11,13,0.0417714519699075,10.615498,-1.2047552,1999
18214,r4i1p1f1,1999,11,14,0.03246399774070596,13.230111,0.95981544,1999
18215,r4i1p1f1,1999,11,15,0.0,14.908488,-0.15257236,1999
18216,r4i1p1f1,1999,11,16,0.0,17.14954,1.1806194,1999
18217,r4i1p1f1,1999,11,17,0.0,15.288671,2.3617043,1999
18218,r4i1p1f1,1999,11,18,0.0578860761265787,15.679016,5.2132907,1999
18219,r4i1p1f1,1999,11,19,0.0,13.188704,2.60726,1999
18220,r4i1p1f1,1999,11,20,0.0,17.192558,2.1975827,1999
18221,r4i1p1f1,1999,11,21,0.0,16.880909,2.595769,1999
18222,r4i1p1f1,1999,11,22,0.0,16.106693,3.4097052,1999
18223,r4i1p1f1,1999,11,23,0.046713030542377965,15.020562,5.045528,1999
18224,r4i1p1f1,1999,11,24,0.0,15.88082,2.2358851,1999
18225,r4i1p1f1,1999,11,25,0.0,15.760181,-0.28686824,1999
18226,r4i1p1f1,1999,11,26,0.0,14.713357,1.2547504,1999
18227,r4i1p1f1,1999,11,27,0.0,15.856892,3.0571856,1999
18228,r4i1p1f1,1999,11,28,0.0,15.634335,1.3886418,1999
18229,r4i1p1f1,1999,11,29,0.0,17.743835,3.5225282,1999
18230,r4i1p1f1,1999,11,30,0.0,20.440474,4.39363,1999
18231,r4i1p1f1,1999,12,01,0.0,20.246168,7.922905,1999
18232,r4i1p1f1,1999,12,02,0.02157137118956598,15.024358,2.9648046,1999
18233,r4i1p1f1,1999,12,03,2.06198596295053,4.153739,-2.6078906,1999
18234,r4i1p1f1,1999,12,04,0.0,7.01565,-4.621256,1999
18235,r4i1p1f1,1999,12,05,0.01851413967415283,9.908663,-1.3158991,1999
18236,r4i1p1f1,1999,12,06,0.8207200210108567,9.184847,0.4015802,1999
18237,r4i1p1f1,1999,12,07,0.0,6.9680004,-4.3090167,1999
18238,r4i1p1f1,1999,12,08,0.0,9.437424,-2.3989189,1999
18239,r4i1p1f1,1999,12,09,0.0,12.959966,1.5299481,1999
18240,r4i1p1f1,1999,12,10,0.0,15.765789,3.149712,1999
18241,r4i1p1f1,1999,12,11,0.0,14.632658,2.424225,1999
18242,r4i1p1f1,1999,12,12,0.0,13.129839,1.7680596,1999
18243,r4i1p1f1,1999,12,13,0.0,12.051306,3.6334407,1999
18244,r4i1p1f1,1999,12,14,10.372158167774614,11.295217,5.326105,1999
18245,r4i1p1f1,1999,12,15,14.59957717531779,9.767578,5.0906568,1999
18246,r4i1p1f1,1999,12,16,0.0,13.180837,2.4420462,1999
18247,r4i1p1f1,1999,12,17,0.0,13.934502,1.5963211,1999
18248,r4i1p1f1,1999,12,18,0.0,12.162893,3.4372592,1999
18249,r4i1p1f1,1999,12,19,0.0,11.759033,1.7998197,1999
18250,r4i1p1f1,1999,12,20,0.0,11.767907,1.4207728,1999
18251,r4i1p1f1,1999,12,21,0.0,12.5562725,1.312596,1999
18252,r4i1p1f1,1999,12,22,0.0,12.99815,1.5455159,1999
18253,r4i1p1f1,1999,12,23,0.0,13.203681,1.602972,1999
18254,r4i1p1f1,1999,12,24,0.0,12.76303,1.1256521,1999
18255,r4i1p1f1,1999,12,25,1.5267739236719535,8.624224,2.150207,1999
18256,r4i1p1f1,1999,12,26,0.0,8.725818,-2.289915,1999
18257,r4i1p1f1,1999,12,27,0.02632179584907135,7.6164618,-3.9647331,1999
18258,r4i1p1f1,1999,12,28,4.270264120464162,4.98813,-1.7933803,1999
18259,r4i1p1f1,1999,12,29,0.0015527378764090827,10.068922,-0.16526657,1999
18260,r4i1p1f1,1999,12,30,0.0,9.803629,-2.2199833,1999
18261,r4i1p1f1,1999,12,31,1.2370173570445786,2.7526815,-9.100395,1999
18262,r4i1p1f1,2000,01,01,0.0,0.4720403,-6.1364036,2000
18263,r4i1p1f1,2000,01,02,0.0,0.16745445,-7.9070415,2000
18264,r4i1p1f1,2000,01,03,0.7424709446084421,1.2364959,-9.456613,2000
18265,r4i1p1f1,2000,01,04,0.0,2.9566724,-9.608965,2000
18266,r4i1p1f1,2000,01,05,0.0,4.3523617,-7.7297726,2000
18267,r4i1p1f1,2000,01,06,6.070323166591152,4.0370064,-6.5480146,2000
18268,r4i1p1f1,2000,01,07,7.9201335060133715,3.842217,-4.636389,2000
18269,r4i1p1f1,2000,01,08,0.0,7.0895114,-2.430346,2000
18270,r4i1p1f1,2000,01,09,0.0,10.207375,-3.5428224,2000
18271,r4i1p1f1,2000,01,10,0.0,8.643376,-5.0388556,2000
18272,r4i1p1f1,2000,01,11,6.378961016673657,5.325533,0.684314,2000
18273,r4i1p1f1,2000,01,12,0.5103099501411634,7.7070975,0.3108759,2000
18274,r4i1p1f1,2000,01,13,0.0,7.5168705,-4.272689,2000
18275,r4i1p1f1,2000,01,14,5.576006558294466,5.147442,-2.3672338,2000
18276,r4i1p1f1,2000,01,15,8.011136395521135,5.3832116,-0.93971467,2000
18277,r4i1p1f1,2000,01,16,0.29406356343884,4.6269064,-4.053892,2000
18278,r4i1p1f1,2000,01,17,0.0009387511909153545,7.333725,-2.9056761,2000
18279,r4i1p1f1,2000,01,18,0.0,5.553824,-4.481554,2000
18280,r4i1p1f1,2000,01,19,0.0,7.931309,-4.9055824,2000
18281,r4i1p1f1,2000,01,20,0.0,8.637748,-3.2794495,2000
18282,r4i1p1f1,2000,01,21,0.0,8.820238,-3.519909,2000
18283,r4i1p1f1,2000,01,22,0.03792759502516674,7.021094,-2.178675,2000
18284,r4i1p1f1,2000,01,23,0.0,5.9946685,-0.6502296,2000
18285,r4i1p1f1,2000,01,24,0.5671435801929192,5.166049,-4.1080394,2000
18286,r4i1p1f1,2000,01,25,29.945771102939034,4.1692343,-0.8661824,2000
18287,r4i1p1f1,2000,01,26,30.8668826102803,5.1122885,1.1365569,2000
18288,r4i1p1f1,2000,01,27,14.752357060478971,7.1825004,1.5501109,2000
18289,r4i1p1f1,2000,01,28,0.0,10.439964,-2.3374476,2000
18290,r4i1p1f1,2000,01,29,0.0,13.30509,-0.44025978,2000
18291,r4i1p1f1,2000,01,30,0.0,13.067219,2.1266453,2000
18292,r4i1p1f1,2000,01,31,0.0,11.831887,1.6446338,2000
18293,r4i1p1f1,2000,02,01,0.0,13.137004,1.2619555,2000
18294,r4i1p1f1,2000,02,02,0.0,12.656826,2.124509,2000
18295,r4i1p1f1,2000,02,03,0.0,13.439002,1.5008847,2000
18296,r4i1p1f1,2000,02,04,0.0,10.045917,-0.83742315,2000
18297,r4i1p1f1,2000,02,05,6.632642437051572,6.30319,-4.2938604,2000
18298,r4i1p1f1,2000,02,06,0.0,8.877583,-2.0570047,2000
18299,r4i1p1f1,2000,02,07,0.0,12.184891,-0.17571433,2000
18300,r4i1p1f1,2000,02,08,0.0,12.9805565,1.5810373,2000
18301,r4i1p1f1,2000,02,09,0.0,14.17548,0.9264009,2000
18302,r4i1p1f1,2000,02,10,0.0,13.488659,-1.7180793,2000
18303,r4i1p1f1,2000,02,11,0.0,13.402231,-1.4991205,2000
18304,r4i1p1f1,2000,02,12,0.0,13.810498,0.253657,2000
18305,r4i1p1f1,2000,02,13,0.0,12.755459,-0.779224,2000
18306,r4i1p1f1,2000,02,14,5.325655972728782,4.958441,-3.2255774,2000
18307,r4i1p1f1,2000,02,15,23.49831353094487,7.326147,1.422811,2000
18308,r4i1p1f1,2000,02,16,63.764607219491154,11.602238,1.6876321,2000
18309,r4i1p1f1,2000,02,17,35.86965935519402,11.362525,0.57233083,2000
18310,r4i1p1f1,2000,02,18,35.88907221237605,13.738586,1.4836439,2000
18311,r4i1p1f1,2000,02,19,0.0016830900108288915,9.181002,-0.36367068,2000
18312,r4i1p1f1,2000,02,20,5.472522297338855,4.3698416,-1.1343585,2000
18313,r4i1p1f1,2000,02,21,0.0,4.797472,-8.31619,2000
18314,r4i1p1f1,2000,02,22,0.0,4.3136706,-8.176649,2000
18315,r4i1p1f1,2000,02,23,9.113508493646805,7.8430033,-5.544448,2000
18316,r4i1p1f1,2000,02,24,4.612313498751064,7.4530554,2.6439595,2000
18317,r4i1p1f1,2000,02,25,2.481504492681097,9.514121,-0.07410463,2000
18318,r4i1p1f1,2000,02,26,0.0,10.696508,-1.4678171,2000
18319,r4i1p1f1,2000,02,27,0.0,9.30854,-2.0159526,2000
18320,r4i1p1f1,2000,02,28,0.046881042271706974,11.339663,1.6613058,2000
18321,r4i1p1f1,2000,02,29,16.356926347543777,11.284175,4.747671,2000
18322,r4i1p1f1,2000,03,01,0.0,16.076433,1.9832886,2000
18323,r4i1p1f1,2000,03,02,0.0,16.306963,2.4025812,2000
18324,r4i1p1f1,2000,03,03,9.913396183947043e-05,15.8976555,4.8285255,2000
18325,r4i1p1f1,2000,03,04,0.0,18.870918,3.8589482,2000
18326,r4i1p1f1,2000,03,05,0.0,19.313404,4.2216196,2000
18327,r4i1p1f1,2000,03,06,0.0,18.937939,5.7106347,2000
18328,r4i1p1f1,2000,03,07,0.0,16.882786,5.9446692,2000
18329,r4i1p1f1,2000,03,08,0.0,17.319408,4.2652845,2000
18330,r4i1p1f1,2000,03,09,0.0,21.88367,6.017892,2000
18331,r4i1p1f1,2000,03,10,0.0,23.16288,8.607502,2000
18332,r4i1p1f1,2000,03,11,0.0,22.084414,8.940861,2000
18333,r4i1p1f1,2000,03,12,0.0,21.225803,7.9593253,2000
18334,r4i1p1f1,2000,03,13,0.0,20.44402,6.8054733,2000
18335,r4i1p1f1,2000,03,14,0.0,20.37379,6.842001,2000
18336,r4i1p1f1,2000,03,15,0.0,21.25476,8.059071,2000
18337,r4i1p1f1,2000,03,16,0.0,22.053627,6.6572943,2000
18338,r4i1p1f1,2000,03,17,0.07014045171445105,22.799686,9.359186,2000
18339,r4i1p1f1,2000,03,18,0.583163990313551,19.32384,4.4469156,2000
18340,r4i1p1f1,2000,03,19,2.688953044193454,16.242437,1.5369393,2000
18341,r4i1p1f1,2000,03,20,18.26961128090261,11.174048,2.504797,2000
18342,r4i1p1f1,2000,03,21,0.0,12.933313,0.8698848,2000
18343,r4i1p1f1,2000,03,22,19.773852786966017,11.195707,3.877001,2000
18344,r4i1p1f1,2000,03,23,0.0,15.439514,1.4428736,2000
18345,r4i1p1f1,2000,03,24,0.0,18.711714,2.8861816,2000
18346,r4i1p1f1,2000,03,25,0.0,18.75426,5.243945,2000
18347,r4i1p1f1,2000,03,26,0.0,20.886513,5.6619816,2000
18348,r4i1p1f1,2000,03,27,0.0,21.914755,7.601825,2000
18349,r4i1p1f1,2000,03,28,0.0,22.21388,6.860842,2000
18350,r4i1p1f1,2000,03,29,0.0,24.307732,8.914269,2000
18351,r4i1p1f1,2000,03,30,0.0,25.218998,9.192799,2000
18352,r4i1p1f1,2000,03,31,0.0,24.355408,9.267193,2000
18353,r4i1p1f1,2000,04,01,0.0,22.366064,8.126805,2000
18354,r4i1p1f1,2000,04,02,0.0,21.233965,5.804506,2000
18355,r4i1p1f1,2000,04,03,2.875255995184034,17.148005,2.2836196,2000
18356,r4i1p1f1,2000,04,04,17.362556894204317,13.354565,6.7220206,2000
18357,r4i1p1f1,2000,04,05,0.2017961529418244,12.726493,1.0062578,2000
18358,r4i1p1f1,2000,04,06,0.0,14.305525,2.743858,2000
18359,r4i1p1f1,2000,04,07,0.0,17.280481,1.0529251,2000
18360,r4i1p1f1,2000,04,08,0.0,17.88607,3.1460364,2000
18361,r4i1p1f1,2000,04,09,0.0,20.272547,4.7116184,2000
18362,r4i1p1f1,2000,04,10,0.0,19.621916,5.292599,2000
18363,r4i1p1f1,2000,04,11,0.0,20.382927,3.7124257,2000
18364,r4i1p1f1,2000,04,12,0.0,20.088142,5.0778494,2000
18365,r4i1p1f1,2000,04,13,0.0,16.697958,0.99365926,2000
18366,r4i1p1f1,2000,04,14,0.0,10.360157,-1.7343293,2000
18367,r4i1p1f1,2000,04,15,0.1762593687089975,7.864675,-3.019288,2000
18368,r4i1p1f1,2000,04,16,0.0,15.943525,-1.7090579,2000
18369,r4i1p1f1,2000,04,17,0.0,17.594234,3.5489428,2000
18370,r4i1p1f1,2000,04,18,42.22276767832227,13.179647,5.9990735,2000
18371,r4i1p1f1,2000,04,19,35.92401873720519,11.563234,-2.5602427,2000
18372,r4i1p1f1,2000,04,20,0.03225348878004297,10.436098,2.258648,2000
18373,r4i1p1f1,2000,04,21,0.9917203359577798,10.53203,0.5908288,2000
18374,r4i1p1f1,2000,04,22,0.0,14.518743,-0.118866235,2000
18375,r4i1p1f1,2000,04,23,0.0,16.070095,3.0039504,2000
18376,r4i1p1f1,2000,04,24,0.0,17.231007,1.174785,2000
18377,r4i1p1f1,2000,04,25,0.0,20.082937,3.744565,2000
18378,r4i1p1f1,2000,04,26,0.0,20.63191,4.0768886,2000
18379,r4i1p1f1,2000,04,27,0.0,21.937256,5.175478,2000
18380,r4i1p1f1,2000,04,28,0.0,22.6475,6.2490206,2000
18381,r4i1p1f1,2000,04,29,0.0,22.437313,6.7301893,2000
18382,r4i1p1f1,2000,04,30,0.0,21.283443,4.832147,2000
18383,r4i1p1f1,2000,05,01,0.298955629719444,13.927511,2.3166258,2000
18384,r4i1p1f1,2000,05,02,0.0,14.1875725,2.4181242,2000
18385,r4i1p1f1,2000,05,03,0.0,19.532295,3.5508993,2000
18386,r4i1p1f1,2000,05,04,0.0,23.510864,7.096552,2000
18387,r4i1p1f1,2000,05,05,0.21416573420083296,23.73605,9.279662,2000
18388,r4i1p1f1,2000,05,06,0.2513499517363016,24.018925,8.000412,2000
18389,r4i1p1f1,2000,05,07,0.19317419828439597,21.94371,6.8831186,2000
18390,r4i1p1f1,2000,05,08,0.0,20.740326,6.319068,2000
18391,r4i1p1f1,2000,05,09,0.19894799097528448,19.136131,3.843458,2000
18392,r4i1p1f1,2000,05,10,0.0,24.410465,7.039908,2000
18393,r4i1p1f1,2000,05,11,0.0,25.030853,7.7976856,2000
18394,r4i1p1f1,2000,05,12,7.27325456489325,19.551552,4.5400734,2000
18395,r4i1p1f1,2000,05,13,4.955194690171538,16.669659,-0.0104439,2000
18396,r4i1p1f1,2000,05,14,0.92797227543997,19.387178,3.6252835,2000
18397,r4i1p1f1,2000,05,15,1.1006357864403071,19.141275,7.35124,2000
18398,r4i1p1f1,2000,05,16,0.28655861313495734,19.410807,8.775079,2000
18399,r4i1p1f1,2000,05,17,2.0983321816061107,19.331612,4.3128605,2000
18400,r4i1p1f1,2000,05,18,0.05120566706864338,20.86363,2.5114887,2000
18401,r4i1p1f1,2000,05,19,0.0,20.165297,2.9505403,2000
18402,r4i1p1f1,2000,05,20,0.0,20.01355,2.7341528,2000
18403,r4i1p1f1,2000,05,21,0.0,23.617016,7.264194,2000
18404,r4i1p1f1,2000,05,22,0.0,24.552967,9.854339,2000
18405,r4i1p1f1,2000,05,23,0.0,26.614227,10.008659,2000
18406,r4i1p1f1,2000,05,24,0.0,26.047918,9.062,2000
18407,r4i1p1f1,2000,05,25,0.17282440009012134,23.786324,6.8064375,2000
18408,r4i1p1f1,2000,05,26,1.910173040960217,18.006075,4.4806905,2000
18409,r4i1p1f1,2000,05,27,0.24151033546786493,21.973948,6.317928,2000
18410,r4i1p1f1,2000,05,28,0.0,25.087454,8.626324,2000
18411,r4i1p1f1,2000,05,29,0.5465102538494193,22.36827,5.9651523,2000
18412,r4i1p1f1,2000,05,30,0.0,26.788946,8.242413,2000
18413,r4i1p1f1,2000,05,31,0.010974661290674703,27.704233,10.6545515,2000
18414,r4i1p1f1,2000,06,01,0.0,28.542702,9.862927,2000
18415,r4i1p1f1,2000,06,02,0.007395094064577279,26.968845,9.717201,2000
18416,r4i1p1f1,2000,06,03,3.832101007571964,20.189293,5.5493197,2000
18417,r4i1p1f1,2000,06,04,0.001680088371358579,22.08991,3.732575,2000
18418,r4i1p1f1,2000,06,05,0.0,24.362312,7.501173,2000
18419,r4i1p1f1,2000,06,06,0.0,26.931847,9.9298,2000
18420,r4i1p1f1,2000,06,07,0.1092104529561766,28.195986,9.956633,2000
18421,r4i1p1f1,2000,06,08,0.23081506760718185,27.927778,9.612659,2000
18422,r4i1p1f1,2000,06,09,0.0,26.667675,8.499302,2000
18423,r4i1p1f1,2000,06,10,0.0,21.681719,5.2864833,2000
18424,r4i1p1f1,2000,06,11,0.0023635048819414806,17.26731,2.9757307,2000
18425,r4i1p1f1,2000,06,12,3.4659268751909167,16.101938,3.6915028,2000
18426,r4i1p1f1,2000,06,13,0.10270431766912225,19.019487,7.4247417,2000
18427,r4i1p1f1,2000,06,14,0.0,24.864626,7.1929517,2000
18428,r4i1p1f1,2000,06,15,0.0,25.831207,8.368221,2000
18429,r4i1p1f1,2000,06,16,0.0,24.901743,7.6195035,2000
18430,r4i1p1f1,2000,06,17,9.5081423306965,18.206375,3.1010323,2000
18431,r4i1p1f1,2000,06,18,0.2652891759112208,19.725365,7.7104874,2000
18432,r4i1p1f1,2000,06,19,0.013510039934772067,24.334955,7.813618,2000
18433,r4i1p1f1,2000,06,20,0.0,27.071972,11.012803,2000
18434,r4i1p1f1,2000,06,21,0.0,27.969337,10.175381,2000
18435,r4i1p1f1,2000,06,22,0.0,28.880833,10.551263,2000
18436,r4i1p1f1,2000,06,23,0.0,29.08946,10.965633,2000
18437,r4i1p1f1,2000,06,24,0.0,29.104618,11.074368,2000
18438,r4i1p1f1,2000,06,25,0.0,29.989908,11.121575,2000
18439,r4i1p1f1,2000,06,26,0.0,29.549294,12.067348,2000
18440,r4i1p1f1,2000,06,27,0.0,29.015465,11.7615595,2000
18441,r4i1p1f1,2000,06,28,0.0,30.586887,12.159008,2000
18442,r4i1p1f1,2000,06,29,0.0,32.677753,14.529175,2000
18443,r4i1p1f1,2000,06,30,0.0,33.016647,14.990007,2000
18444,r4i1p1f1,2000,07,01,0.0,32.721264,13.817045,2000
18445,r4i1p1f1,2000,07,02,0.0,32.47601,13.859591,2000
18446,r4i1p1f1,2000,07,03,0.0,34.973976,14.559379,2000
18447,r4i1p1f1,2000,07,04,0.0,36.58642,17.388187,2000
18448,r4i1p1f1,2000,07,05,0.0,37.423428,16.74629,2000
18449,r4i1p1f1,2000,07,06,0.0,36.071186,16.28154,2000
18450,r4i1p1f1,2000,07,07,0.0,34.616177,15.237176,2000
18451,r4i1p1f1,2000,07,08,0.0,35.881012,15.872476,2000
18452,r4i1p1f1,2000,07,09,0.0,35.715286,16.91053,2000
18453,r4i1p1f1,2000,07,10,0.0,33.46824,14.46777,2000
18454,r4i1p1f1,2000,07,11,0.0,30.903276,11.493473,2000
18455,r4i1p1f1,2000,07,12,0.0,29.908854,10.561192,2000
18456,r4i1p1f1,2000,07,13,0.0,30.61285,10.443102,2000
18457,r4i1p1f1,2000,07,14,0.0,32.522015,12.132975,2000
18458,r4i1p1f1,2000,07,15,0.0,33.014282,14.848474,2000
18459,r4i1p1f1,2000,07,16,0.0,33.169537,15.188909,2000
18460,r4i1p1f1,2000,07,17,0.0,31.272963,13.841856,2000
18461,r4i1p1f1,2000,07,18,0.0,30.16816,11.861375,2000
18462,r4i1p1f1,2000,07,19,0.0,28.177763,10.001179,2000
18463,r4i1p1f1,2000,07,20,0.0,28.92098,9.588226,2000
18464,r4i1p1f1,2000,07,21,0.0,29.78469,10.150996,2000
18465,r4i1p1f1,2000,07,22,0.0,30.82427,11.896418,2000
18466,r4i1p1f1,2000,07,23,0.0,34.66319,15.179798,2000
18467,r4i1p1f1,2000,07,24,0.0,37.037098,17.01288,2000
18468,r4i1p1f1,2000,07,25,0.0,37.3119,17.830984,2000
18469,r4i1p1f1,2000,07,26,0.0,36.40826,18.099226,2000
18470,r4i1p1f1,2000,07,27,0.0,33.06424,14.434404,2000
18471,r4i1p1f1,2000,07,28,0.0,31.60904,13.142515,2000
18472,r4i1p1f1,2000,07,29,0.0,31.506723,13.515721,2000
18473,r4i1p1f1,2000,07,30,0.0,32.26924,13.799759,2000
18474,r4i1p1f1,2000,07,31,0.0,33.515945,13.963654,2000
18475,r4i1p1f1,2000,08,01,0.0,34.77424,15.491352,2000
18476,r4i1p1f1,2000,08,02,0.0,34.819042,16.302025,2000
18477,r4i1p1f1,2000,08,03,0.0,33.73635,15.144662,2000
18478,r4i1p1f1,2000,08,04,0.0,31.318956,12.505787,2000
18479,r4i1p1f1,2000,08,05,0.0,29.851973,11.062706,2000
18480,r4i1p1f1,2000,08,06,0.0,30.716305,11.540454,2000
18481,r4i1p1f1,2000,08,07,0.0,33.597446,14.552421,2000
18482,r4i1p1f1,2000,08,08,0.0006648089311056538,33.968513,15.327519,2000
18483,r4i1p1f1,2000,08,09,0.0,32.72897,15.043021,2000
18484,r4i1p1f1,2000,08,10,0.0,31.106497,13.629188,2000
18485,r4i1p1f1,2000,08,11,0.0,30.353691,12.364871,2000
18486,r4i1p1f1,2000,08,12,0.0,29.518684,10.992659,2000
18487,r4i1p1f1,2000,08,13,0.0,26.815582,9.062496,2000
18488,r4i1p1f1,2000,08,14,0.0,27.935392,9.389344,2000
18489,r4i1p1f1,2000,08,15,0.0,31.901062,12.411353,2000
18490,r4i1p1f1,2000,08,16,0.0,33.15382,14.320757,2000
18491,r4i1p1f1,2000,08,17,0.0,32.628914,14.320208,2000
18492,r4i1p1f1,2000,08,18,0.0,32.41102,13.683777,2000
18493,r4i1p1f1,2000,08,19,0.0,31.703117,13.525607,2000
18494,r4i1p1f1,2000,08,20,0.0,29.407108,11.2868395,2000
18495,r4i1p1f1,2000,08,21,0.0,25.273062,8.537468,2000
18496,r4i1p1f1,2000,08,22,0.0,29.1074,11.051374,2000
18497,r4i1p1f1,2000,08,23,0.0,33.25074,14.296459,2000
18498,r4i1p1f1,2000,08,24,0.0,33.50763,14.37129,2000
18499,r4i1p1f1,2000,08,25,2.3679537264342798e-05,32.120834,12.909151,2000
18500,r4i1p1f1,2000,08,26,0.0,29.44856,10.633304,2000
18501,r4i1p1f1,2000,08,27,0.0,27.753624,9.9057045,2000
18502,r4i1p1f1,2000,08,28,0.0,29.170158,9.583051,2000
18503,r4i1p1f1,2000,08,29,0.0,32.544254,13.084576,2000
18504,r4i1p1f1,2000,08,30,0.0,33.50774,12.84974,2000
18505,r4i1p1f1,2000,08,31,0.0,35.79957,14.277653,2000
18506,r4i1p1f1,2000,09,01,0.0,37.537838,17.63015,2000
18507,r4i1p1f1,2000,09,02,0.0,38.506504,19.548431,2000
18508,r4i1p1f1,2000,09,03,0.0,38.409256,20.197956,2000
18509,r4i1p1f1,2000,09,04,7.664795607433916,35.905804,18.94,2000
18510,r4i1p1f1,2000,09,05,0.04432957805420301,30.775173,15.798616,2000
18511,r4i1p1f1,2000,09,06,0.0,31.15468,14.5155945,2000
18512,r4i1p1f1,2000,09,07,0.00036701324006571667,30.635159,14.835898,2000
18513,r4i1p1f1,2000,09,08,0.0,27.434378,11.996093,2000
18514,r4i1p1f1,2000,09,09,0.0,26.24747,7.6812615,2000
18515,r4i1p1f1,2000,09,10,0.0,29.530993,11.141834,2000
18516,r4i1p1f1,2000,09,11,0.0,33.05391,13.5602045,2000
18517,r4i1p1f1,2000,09,12,0.0,34.162266,15.244651,2000
18518,r4i1p1f1,2000,09,13,0.0,33.697083,14.994163,2000
18519,r4i1p1f1,2000,09,14,0.0,30.564945,14.034084,2000
18520,r4i1p1f1,2000,09,15,0.0,28.372917,11.057235,2000
18521,r4i1p1f1,2000,09,16,0.0,24.856285,7.3725367,2000
18522,r4i1p1f1,2000,09,17,0.0,22.07676,5.876596,2000
18523,r4i1p1f1,2000,09,18,0.0,29.578928,9.528776,2000
18524,r4i1p1f1,2000,09,19,3.2531562214977328,29.832232,10.585563,2000
18525,r4i1p1f1,2000,09,20,5.063173437667956,23.859383,11.658354,2000
18526,r4i1p1f1,2000,09,21,0.0036419401936882423,27.182795,12.526326,2000
18527,r4i1p1f1,2000,09,22,0.0,25.582314,10.4286375,2000
18528,r4i1p1f1,2000,09,23,0.0,21.011477,6.227603,2000
18529,r4i1p1f1,2000,09,24,0.0,22.556383,6.0995426,2000
18530,r4i1p1f1,2000,09,25,0.0,24.826614,7.4133706,2000
18531,r4i1p1f1,2000,09,26,0.0,24.973812,8.852398,2000
18532,r4i1p1f1,2000,09,27,2.1867930309952044,19.898512,5.8333035,2000
18533,r4i1p1f1,2000,09,28,9.360348190421064,16.229713,4.096178,2000
18534,r4i1p1f1,2000,09,29,0.0,20.469328,5.578572,2000
18535,r4i1p1f1,2000,09,30,0.0,23.533602,6.4935093,2000
18536,r4i1p1f1,2000,10,01,0.0,27.45583,9.822733,2000
18537,r4i1p1f1,2000,10,02,0.0,31.40792,11.58722,2000
18538,r4i1p1f1,2000,10,03,0.0,30.692217,12.8246565,2000
18539,r4i1p1f1,2000,10,04,0.0,28.173767,10.86103,2000
18540,r4i1p1f1,2000,10,05,0.0,26.351168,9.057955,2000
18541,r4i1p1f1,2000,10,06,0.0,24.844404,7.4963703,2000
18542,r4i1p1f1,2000,10,07,0.0,22.127403,5.368682,2000
18543,r4i1p1f1,2000,10,08,0.0,21.495598,3.737266,2000
18544,r4i1p1f1,2000,10,09,0.03984831650996057,20.905746,5.239918,2000
18545,r4i1p1f1,2000,10,10,9.21188373424684,18.805178,4.9138927,2000
18546,r4i1p1f1,2000,10,11,0.0,19.436256,5.0694966,2000
18547,r4i1p1f1,2000,10,12,0.0,18.72642,4.2743664,2000
18548,r4i1p1f1,2000,10,13,0.0,18.105776,5.9250503,2000
18549,r4i1p1f1,2000,10,14,0.0,19.944708,6.9653683,2000
18550,r4i1p1f1,2000,10,15,0.0,22.532904,7.2800207,2000
18551,r4i1p1f1,2000,10,16,0.0,24.81242,7.9800973,2000
18552,r4i1p1f1,2000,10,17,0.0,24.26426,7.6590066,2000
18553,r4i1p1f1,2000,10,18,0.0,21.040483,5.958896,2000
18554,r4i1p1f1,2000,10,19,0.0,19.319311,5.21914,2000
18555,r4i1p1f1,2000,10,20,0.0,23.095472,7.2769876,2000
18556,r4i1p1f1,2000,10,21,0.0,24.916807,9.253044,2000
18557,r4i1p1f1,2000,10,22,0.0,25.901888,10.250622,2000
18558,r4i1p1f1,2000,10,23,0.0,25.301907,10.200879,2000
18559,r4i1p1f1,2000,10,24,0.0,21.899881,7.718156,2000
18560,r4i1p1f1,2000,10,25,0.0,20.114882,5.5242815,2000
18561,r4i1p1f1,2000,10,26,0.0,24.34046,7.7266703,2000
18562,r4i1p1f1,2000,10,27,0.0,26.780231,11.902477,2000
18563,r4i1p1f1,2000,10,28,0.0,25.48786,9.080276,2000
18564,r4i1p1f1,2000,10,29,0.0,25.0733,7.732131,2000
18565,r4i1p1f1,2000,10,30,0.0,22.16802,8.855881,2000
18566,r4i1p1f1,2000,10,31,0.0,20.827702,5.5909147,2000
18567,r4i1p1f1,2000,11,01,0.0,22.131245,4.887617,2000
18568,r4i1p1f1,2000,11,02,0.0,20.74312,5.5700016,2000
18569,r4i1p1f1,2000,11,03,0.0,21.635687,6.968397,2000
18570,r4i1p1f1,2000,11,04,0.0,21.752598,6.992239,2000
18571,r4i1p1f1,2000,11,05,0.0,22.119085,6.2643085,2000
18572,r4i1p1f1,2000,11,06,0.0,21.613905,6.343184,2000
18573,r4i1p1f1,2000,11,07,0.0,22.349163,7.323483,2000
18574,r4i1p1f1,2000,11,08,0.0,20.497227,7.530509,2000
18575,r4i1p1f1,2000,11,09,3.518647949681508,19.230616,7.2991266,2000
18576,r4i1p1f1,2000,11,10,0.1508634948550025,9.82803,0.04352686,2000
18577,r4i1p1f1,2000,11,11,0.0,4.1790333,-8.409084,2000
18578,r4i1p1f1,2000,11,12,0.0,4.0920997,-9.642042,2000
18579,r4i1p1f1,2000,11,13,0.0,8.275754,-6.8141932,2000
18580,r4i1p1f1,2000,11,14,0.0,14.073598,-1.3582903,2000
18581,r4i1p1f1,2000,11,15,0.0,18.318968,2.9718766,2000
18582,r4i1p1f1,2000,11,16,0.0,17.224068,4.0835166,2000
18583,r4i1p1f1,2000,11,17,0.0,15.575407,0.784624,2000
18584,r4i1p1f1,2000,11,18,0.768757568204137,14.0795555,0.7023958,2000
18585,r4i1p1f1,2000,11,19,0.2306688192220463,14.635337,2.9722948,2000
18586,r4i1p1f1,2000,11,20,0.0,15.152271,2.1596832,2000
18587,r4i1p1f1,2000,11,21,0.0,13.981661,3.0000618,2000
18588,r4i1p1f1,2000,11,22,0.0,14.025294,1.6491475,2000
18589,r4i1p1f1,2000,11,23,0.0,13.276184,-1.6431514,2000
18590,r4i1p1f1,2000,11,24,0.0,13.154944,-1.1227766,2000
18591,r4i1p1f1,2000,11,25,1.15785652710656,14.714924,5.8227983,2000
18592,r4i1p1f1,2000,11,26,0.0,16.13064,3.5556781,2000
18593,r4i1p1f1,2000,11,27,0.0,15.632145,0.94964004,2000
18594,r4i1p1f1,2000,11,28,1.0430127125630406,15.163174,3.3795788,2000
18595,r4i1p1f1,2000,11,29,3.4469432611672346,16.67157,7.315545,2000
18596,r4i1p1f1,2000,11,30,0.00665076840959955,19.20122,11.919457,2000
18597,r4i1p1f1,2000,12,01,0.6052801490312731,13.569256,2.5882962,2000
18598,r4i1p1f1,2000,12,02,0.0,7.054879,-4.7266912,2000
18599,r4i1p1f1,2000,12,03,0.0,9.821314,-1.6897918,2000
18600,r4i1p1f1,2000,12,04,0.0,11.650357,-1.0846472,2000
18601,r4i1p1f1,2000,12,05,0.0,13.280599,-0.4713015,2000
18602,r4i1p1f1,2000,12,06,0.0016782203147158725,12.440741,2.0760298,2000
18603,r4i1p1f1,2000,12,07,0.30752017755730776,8.334127,1.5679773,2000
18604,r4i1p1f1,2000,12,08,0.0,7.8554635,-2.7626963,2000
18605,r4i1p1f1,2000,12,09,2.7898666561029017,4.818911,-0.86195886,2000
18606,r4i1p1f1,2000,12,10,0.0,6.0682797,-3.4168928,2000
18607,r4i1p1f1,2000,12,11,0.0,6.1519136,-6.237608,2000
18608,r4i1p1f1,2000,12,12,0.0,7.635809,-4.401348,2000
18609,r4i1p1f1,2000,12,13,0.0,8.287072,-3.1816347,2000
18610,r4i1p1f1,2000,12,14,0.0,11.161198,-0.20147027,2000
18611,r4i1p1f1,2000,12,15,0.0,12.196824,0.83839583,2000
18612,r4i1p1f1,2000,12,16,0.0,9.79443,-2.4183447,2000
18613,r4i1p1f1,2000,12,17,0.0,12.358547,-1.1791319,2000
18614,r4i1p1f1,2000,12,18,0.0,14.148714,0.8042662,2000
18615,r4i1p1f1,2000,12,19,0.0,13.612344,2.6078649,2000
18616,r4i1p1f1,2000,12,20,5.558334825929023,7.490548,-0.29129326,2000
18617,r4i1p1f1,2000,12,21,0.004904677530248591,4.225012,-6.5568066,2000
18618,r4i1p1f1,2000,12,22,3.24539453892001,3.8745973,-0.95082325,2000
18619,r4i1p1f1,2000,12,23,0.0,10.605708,-1.4130273,2000
18620,r4i1p1f1,2000,12,24,0.0,12.416322,-0.20744085,2000
18621,r4i1p1f1,2000,12,25,0.050659526050367276,11.321965,2.3990262,2000
18622,r4i1p1f1,2000,12,26,29.186751802262734,11.29035,4.928207,2000
18623,r4i1p1f1,2000,12,27,4.9544736103143805,11.180605,5.3223825,2000
18624,r4i1p1f1,2000,12,28,42.74781800995697,12.277237,4.3914084,2000
18625,r4i1p1f1,2000,12,29,2.5809791267278115,11.202036,4.61397,2000
18626,r4i1p1f1,2000,12,30,0.006330242058538715,12.415551,0.932842,2000
18627,r4i1p1f1,2000,12,31,0.0,12.916073,-0.532253,2000
18628,r4i1p1f1,2001,01,01,26.24891213417868,7.5895343,-1.0887808,2001
18629,r4i1p1f1,2001,01,02,43.0044057021405,5.7156186,0.14362219,2001
18630,r4i1p1f1,2001,01,03,0.6498529850432533,6.212408,-0.48535463,2001
18631,r4i1p1f1,2001,01,04,2.3558941230874098,7.691246,2.5047402,2001
18632,r4i1p1f1,2001,01,05,0.5050776926211142,8.131652,2.1432507,2001
18633,r4i1p1f1,2001,01,06,16.554079675643152,8.830357,2.594009,2001
18634,r4i1p1f1,2001,01,07,26.16360570427787,10.143417,2.1865294,2001
18635,r4i1p1f1,2001,01,08,37.47045637574047,10.420588,0.5163572,2001
18636,r4i1p1f1,2001,01,09,36.06779380606895,8.976553,-0.48319823,2001
18637,r4i1p1f1,2001,01,10,15.166234783100663,10.036602,-0.37283692,2001
18638,r4i1p1f1,2001,01,11,4.151853694457941,7.1093903,0.29638392,2001
18639,r4i1p1f1,2001,01,12,37.85906353368773,11.663539,-0.85859203,2001
18640,r4i1p1f1,2001,01,13,5.035442380375343,4.048713,-8.74065,2001
18641,r4i1p1f1,2001,01,14,4.194509905693167,4.4321,-1.54712,2001
18642,r4i1p1f1,2001,01,15,5.769192284576086,5.12455,-6.9096317,2001
18643,r4i1p1f1,2001,01,16,0.0,3.886614,-9.924853,2001
18644,r4i1p1f1,2001,01,17,33.57732965341711,10.513462,-2.9806504,2001
18645,r4i1p1f1,2001,01,18,22.075944957396132,11.693559,4.3404336,2001
18646,r4i1p1f1,2001,01,19,5.894850431445775,9.461922,4.5837955,2001
18647,r4i1p1f1,2001,01,20,5.182390443070517,8.910015,-0.32857788,2001
18648,r4i1p1f1,2001,01,21,0.0,6.1948285,-4.6164737,2001
18649,r4i1p1f1,2001,01,22,0.08242962239819462,6.812718,-0.18477614,2001
18650,r4i1p1f1,2001,01,23,0.0,11.580448,4.675663,2001
18651,r4i1p1f1,2001,01,24,0.0,15.681357,3.4068363,2001
18652,r4i1p1f1,2001,01,25,0.0,16.105082,3.7710598,2001
18653,r4i1p1f1,2001,01,26,0.0,16.583193,5.1129026,2001
18654,r4i1p1f1,2001,01,27,0.16757891651195678,15.864529,5.6878476,2001
18655,r4i1p1f1,2001,01,28,0.0,10.738988,-0.29744828,2001
18656,r4i1p1f1,2001,01,29,0.0,6.399949,-2.0054955,2001
18657,r4i1p1f1,2001,01,30,0.6666692368412441,11.432272,1.2769923,2001
18658,r4i1p1f1,2001,01,31,0.0,15.193091,2.3562288,2001
18659,r4i1p1f1,2001,02,01,0.0,14.40657,3.3828802,2001
18660,r4i1p1f1,2001,02,02,0.0,16.29618,3.5186489,2001
18661,r4i1p1f1,2001,02,03,0.0,16.146051,3.6024158,2001
18662,r4i1p1f1,2001,02,04,0.0,15.7897625,5.690443,2001
18663,r4i1p1f1,2001,02,05,0.0,17.558655,4.7320843,2001
18664,r4i1p1f1,2001,02,06,0.0,17.754454,4.730395,2001
18665,r4i1p1f1,2001,02,07,0.0,16.35099,4.446665,2001
18666,r4i1p1f1,2001,02,08,0.0,17.220497,5.1045685,2001
18667,r4i1p1f1,2001,02,09,0.0,17.75651,5.398477,2001
18668,r4i1p1f1,2001,02,10,0.0,16.84726,6.313487,2001
18669,r4i1p1f1,2001,02,11,0.0,18.921867,6.399889,2001
18670,r4i1p1f1,2001,02,12,0.0,19.765532,6.670329,2001
18671,r4i1p1f1,2001,02,13,0.0,20.753721,7.813751,2001
18672,r4i1p1f1,2001,02,14,0.0,21.284885,7.958965,2001
18673,r4i1p1f1,2001,02,15,0.0,22.322187,7.5782437,2001
18674,r4i1p1f1,2001,02,16,0.0,22.039772,6.966891,2001
18675,r4i1p1f1,2001,02,17,0.5476679190195455,19.730059,4.6425037,2001
18676,r4i1p1f1,2001,02,18,3.937384063283389,11.416033,4.5335307,2001
18677,r4i1p1f1,2001,02,19,1.2186948777412,11.837169,1.5299435,2001
18678,r4i1p1f1,2001,02,20,3.4099851734367803,12.287689,4.457278,2001
18679,r4i1p1f1,2001,02,21,2.822328551474129,11.474883,4.1983957,2001
18680,r4i1p1f1,2001,02,22,2.028642071292097,11.27362,3.9990327,2001
18681,r4i1p1f1,2001,02,23,0.0,13.330926,5.205217,2001
18682,r4i1p1f1,2001,02,24,1.3077755995865914,14.363719,4.7588935,2001
18683,r4i1p1f1,2001,02,25,0.0,16.405802,6.0424585,2001
18684,r4i1p1f1,2001,02,26,0.10168824966285683,17.696953,4.679805,2001
18685,r4i1p1f1,2001,02,27,9.222083473582643,12.207752,4.5874743,2001
18686,r4i1p1f1,2001,02,28,13.787410203076433,14.159359,1.7999662,2001
18687,r4i1p1f1,2001,03,01,12.96949686275184,6.2257524,1.7757943,2001
18688,r4i1p1f1,2001,03,02,16.73908825810031,7.1080165,-1.6804055,2001
18689,r4i1p1f1,2001,03,03,0.0,10.142006,-1.5711166,2001
18690,r4i1p1f1,2001,03,04,3.4025728633196195,7.570683,-1.2095362,2001
18691,r4i1p1f1,2001,03,05,18.833742400261144,7.6813946,-0.93472224,2001
18692,r4i1p1f1,2001,03,06,0.0,11.276581,-1.6442509,2001
18693,r4i1p1f1,2001,03,07,0.0023531972146884073,11.343854,0.5117503,2001
18694,r4i1p1f1,2001,03,08,0.0,12.770763,4.3913984,2001
18695,r4i1p1f1,2001,03,09,0.0,17.496195,3.8853323,2001
18696,r4i1p1f1,2001,03,10,0.0,18.501942,4.42778,2001
18697,r4i1p1f1,2001,03,11,0.0,19.117737,5.6242733,2001
18698,r4i1p1f1,2001,03,12,0.0,18.39956,5.0588512,2001
18699,r4i1p1f1,2001,03,13,6.075116503893696,14.238665,1.4745164,2001
18700,r4i1p1f1,2001,03,14,2.0207793046836287,14.556484,4.501157,2001
18701,r4i1p1f1,2001,03,15,0.0,18.932915,3.370467,2001
18702,r4i1p1f1,2001,03,16,0.0,20.372322,4.6546493,2001
18703,r4i1p1f1,2001,03,17,0.0,21.340607,5.364508,2001
18704,r4i1p1f1,2001,03,18,2.857986100519838,15.953502,2.1567438,2001
18705,r4i1p1f1,2001,03,19,19.299904615002106,11.728574,4.685287,2001
18706,r4i1p1f1,2001,03,20,15.850710463928408,10.673641,1.1285001,2001
18707,r4i1p1f1,2001,03,21,49.081610484427074,9.358288,-0.07861386,2001
18708,r4i1p1f1,2001,03,22,18.423828908635187,9.142743,-2.6884873,2001
18709,r4i1p1f1,2001,03,23,0.0,13.295956,-2.1569562,2001
18710,r4i1p1f1,2001,03,24,0.0,12.677407,2.9078166,2001
18711,r4i1p1f1,2001,03,25,0.48998348998452457,14.571328,3.5652914,2001
18712,r4i1p1f1,2001,03,26,0.8910182909104947,14.408859,2.5719888,2001
18713,r4i1p1f1,2001,03,27,0.0,18.803032,4.511793,2001
18714,r4i1p1f1,2001,03,28,0.0,17.644913,4.000323,2001
18715,r4i1p1f1,2001,03,29,0.7647297714413526,14.261538,-0.56623447,2001
18716,r4i1p1f1,2001,03,30,0.02581437285371635,15.711504,1.1982387,2001
18717,r4i1p1f1,2001,03,31,0.0,15.571825,0.57941586,2001
18718,r4i1p1f1,2001,04,01,16.172212735364155,12.384458,-1.5107038,2001
18719,r4i1p1f1,2001,04,02,2.9138661878334915,6.1203256,-0.9643139,2001
18720,r4i1p1f1,2001,04,03,0.0,10.911067,-2.5041025,2001
18721,r4i1p1f1,2001,04,04,0.0,15.908532,1.1867177,2001
18722,r4i1p1f1,2001,04,05,0.0,20.50861,3.629624,2001
18723,r4i1p1f1,2001,04,06,0.0,19.596977,5.2580695,2001
18724,r4i1p1f1,2001,04,07,0.01073676609166796,18.28547,8.118003,2001
18725,r4i1p1f1,2001,04,08,0.0,18.773417,4.4992447,2001
18726,r4i1p1f1,2001,04,09,1.080703772195335,15.735382,2.379161,2001
18727,r4i1p1f1,2001,04,10,8.183866091172831,13.869412,1.1421514,2001
18728,r4i1p1f1,2001,04,11,0.0,17.811169,2.155449,2001
18729,r4i1p1f1,2001,04,12,0.0,22.928041,4.4733143,2001
18730,r4i1p1f1,2001,04,13,0.0,21.240229,5.807599,2001
18731,r4i1p1f1,2001,04,14,23.068394077563426,14.058555,1.8467536,2001
18732,r4i1p1f1,2001,04,15,1.3220648257856737,11.6033125,-0.24053758,2001
18733,r4i1p1f1,2001,04,16,0.0,18.77689,3.6117287,2001
18734,r4i1p1f1,2001,04,17,0.0,23.659567,7.696881,2001
18735,r4i1p1f1,2001,04,18,0.0,26.614439,9.400286,2001
18736,r4i1p1f1,2001,04,19,0.0,25.509619,10.41026,2001
18737,r4i1p1f1,2001,04,20,2.920402322854443,20.525543,4.2882833,2001
18738,r4i1p1f1,2001,04,21,0.005801212421374657,13.847205,2.8333251,2001
18739,r4i1p1f1,2001,04,22,0.0,17.129204,2.3596528,2001
18740,r4i1p1f1,2001,04,23,0.0,17.714884,3.3224971,2001
18741,r4i1p1f1,2001,04,24,0.12672543639098421,14.605294,5.9362764,2001
18742,r4i1p1f1,2001,04,25,0.9395532054895739,12.810191,-1.3586099,2001
18743,r4i1p1f1,2001,04,26,0.0,20.863047,3.433688,2001
18744,r4i1p1f1,2001,04,27,0.0,25.007662,8.192703,2001
18745,r4i1p1f1,2001,04,28,0.0,28.038486,9.760286,2001
18746,r4i1p1f1,2001,04,29,0.0,28.464918,10.862477,2001
18747,r4i1p1f1,2001,04,30,0.0,28.626638,11.9120455,2001
18748,r4i1p1f1,2001,05,01,0.0,29.89222,13.639046,2001
18749,r4i1p1f1,2001,05,02,0.0,30.551819,12.31517,2001
18750,r4i1p1f1,2001,05,03,2.847845535114857,18.382973,1.3284297,2001
18751,r4i1p1f1,2001,05,04,0.0,19.625185,4.594721,2001
18752,r4i1p1f1,2001,05,05,0.07778494631338617,18.96263,6.6859126,2001
18753,r4i1p1f1,2001,05,06,1.173337834461563,18.049995,4.4820237,2001
18754,r4i1p1f1,2001,05,07,0.5951130640823976,21.328833,6.3740196,2001
18755,r4i1p1f1,2001,05,08,0.5926327667111764,20.4701,2.019643,2001
18756,r4i1p1f1,2001,05,09,3.8419996598804573,17.695107,3.0204086,2001
18757,r4i1p1f1,2001,05,10,2.1621538541694463,19.997206,5.686805,2001
18758,r4i1p1f1,2001,05,11,0.0,24.839417,8.648983,2001
18759,r4i1p1f1,2001,05,12,0.0,25.577848,7.9401417,2001
18760,r4i1p1f1,2001,05,13,0.0,24.554377,6.9220443,2001
18761,r4i1p1f1,2001,05,14,0.0,21.439354,3.780351,2001
18762,r4i1p1f1,2001,05,15,1.2706756855550339,19.992271,4.9035807,2001
18763,r4i1p1f1,2001,05,16,1.284136661803359,19.089413,1.9631983,2001
18764,r4i1p1f1,2001,05,17,1.2316388058764005,19.880331,3.5589933,2001
18765,r4i1p1f1,2001,05,18,0.006412644324882422,26.244324,8.417069,2001
18766,r4i1p1f1,2001,05,19,0.0,28.254587,8.180943,2001
18767,r4i1p1f1,2001,05,20,4.828764731701085,21.723091,4.3197417,2001
18768,r4i1p1f1,2001,05,21,0.3888566287400863,20.918362,4.836305,2001
18769,r4i1p1f1,2001,05,22,0.29929071547485364,18.217018,3.6745372,2001
18770,r4i1p1f1,2001,05,23,0.0,22.177698,5.273117,2001
18771,r4i1p1f1,2001,05,24,0.0,25.80786,7.4938254,2001
18772,r4i1p1f1,2001,05,25,0.0,28.133863,9.831373,2001
18773,r4i1p1f1,2001,05,26,0.0,29.097612,11.504816,2001
18774,r4i1p1f1,2001,05,27,0.0,30.183525,11.9840975,2001
18775,r4i1p1f1,2001,05,28,0.0,29.590616,14.700132,2001
18776,r4i1p1f1,2001,05,29,0.40992518902953634,26.72025,10.339099,2001
18777,r4i1p1f1,2001,05,30,0.05212840649164718,27.321775,9.485204,2001
18778,r4i1p1f1,2001,05,31,0.0,28.084232,11.84332,2001
18779,r4i1p1f1,2001,06,01,0.0,30.966688,10.501596,2001
18780,r4i1p1f1,2001,06,02,0.0,30.756313,11.745696,2001
18781,r4i1p1f1,2001,06,03,0.0,27.211323,9.839481,2001
18782,r4i1p1f1,2001,06,04,0.01391074320054031,23.891008,5.2221627,2001
18783,r4i1p1f1,2001,06,05,0.0,23.101433,5.8281765,2001
18784,r4i1p1f1,2001,06,06,0.17236357513965572,19.336817,6.8402905,2001
18785,r4i1p1f1,2001,06,07,0.0,22.009487,5.0747046,2001
18786,r4i1p1f1,2001,06,08,0.0,22.81587,4.818278,2001
18787,r4i1p1f1,2001,06,09,7.96383226031594e-06,24.84707,8.146408,2001
18788,r4i1p1f1,2001,06,10,0.0,31.896322,12.738417,2001
18789,r4i1p1f1,2001,06,11,0.0,38.197384,17.901728,2001
18790,r4i1p1f1,2001,06,12,0.0,38.829163,19.40619,2001
18791,r4i1p1f1,2001,06,13,0.0,36.142982,16.552406,2001
18792,r4i1p1f1,2001,06,14,0.0,29.724504,11.904528,2001
18793,r4i1p1f1,2001,06,15,0.0,27.024548,8.402317,2001
18794,r4i1p1f1,2001,06,16,0.0,27.281958,8.983878,2001
18795,r4i1p1f1,2001,06,17,0.0,29.265669,9.8974695,2001
18796,r4i1p1f1,2001,06,18,0.0,29.288734,10.431817,2001
18797,r4i1p1f1,2001,06,19,0.0,28.375942,9.738351,2001
18798,r4i1p1f1,2001,06,20,0.0,26.187504,7.6832104,2001
18799,r4i1p1f1,2001,06,21,0.0,28.721462,9.399551,2001
18800,r4i1p1f1,2001,06,22,0.0,30.742119,10.305157,2001
18801,r4i1p1f1,2001,06,23,0.0,28.098763,9.077511,2001
18802,r4i1p1f1,2001,06,24,0.9449888773360726,22.565449,6.447431,2001
18803,r4i1p1f1,2001,06,25,0.10994792755809613,25.977074,8.261195,2001
18804,r4i1p1f1,2001,06,26,0.020425054390216246,28.293543,11.366055,2001
18805,r4i1p1f1,2001,06,27,0.03488855654723011,30.52968,12.405206,2001
18806,r4i1p1f1,2001,06,28,0.08582261925766943,31.157858,11.263404,2001
18807,r4i1p1f1,2001,06,29,0.015179944784904364,31.696848,13.13084,2001
18808,r4i1p1f1,2001,06,30,0.0,32.349075,13.8729105,2001
18809,r4i1p1f1,2001,07,01,0.0,32.01578,12.809725,2001
18810,r4i1p1f1,2001,07,02,0.0,28.733873,9.6198225,2001
18811,r4i1p1f1,2001,07,03,0.0,26.677681,8.776794,2001
18812,r4i1p1f1,2001,07,04,0.0,29.025906,8.585512,2001
18813,r4i1p1f1,2001,07,05,0.0,30.790358,10.258441,2001
18814,r4i1p1f1,2001,07,06,0.0,32.04937,12.379932,2001
18815,r4i1p1f1,2001,07,07,0.0,33.722755,13.172441,2001
18816,r4i1p1f1,2001,07,08,0.0,35.40798,14.943874,2001
18817,r4i1p1f1,2001,07,09,0.0,36.633247,16.753458,2001
18818,r4i1p1f1,2001,07,10,0.0,39.70499,19.277458,2001
18819,r4i1p1f1,2001,07,11,0.0,39.06681,19.38421,2001
18820,r4i1p1f1,2001,07,12,0.0,37.922283,17.12213,2001
18821,r4i1p1f1,2001,07,13,0.0,36.35777,15.940515,2001
18822,r4i1p1f1,2001,07,14,0.0,36.392994,14.944319,2001
18823,r4i1p1f1,2001,07,15,0.0,35.015972,15.570698,2001
18824,r4i1p1f1,2001,07,16,0.0,34.89694,16.669977,2001
18825,r4i1p1f1,2001,07,17,0.0,34.86064,17.001665,2001
18826,r4i1p1f1,2001,07,18,0.0,33.050476,14.891558,2001
18827,r4i1p1f1,2001,07,19,0.03311308637421462,32.952576,15.165595,2001
18828,r4i1p1f1,2001,07,20,0.0,32.67425,14.614655,2001
18829,r4i1p1f1,2001,07,21,0.0,31.321968,13.262041,2001
18830,r4i1p1f1,2001,07,22,0.0,30.996805,12.181842,2001
18831,r4i1p1f1,2001,07,23,0.03968241962866159,29.744911,10.293827,2001
18832,r4i1p1f1,2001,07,24,0.0,28.19437,9.678551,2001
18833,r4i1p1f1,2001,07,25,0.0,30.742859,11.752925,2001
18834,r4i1p1f1,2001,07,26,0.0,34.425186,13.950823,2001
18835,r4i1p1f1,2001,07,27,0.0,35.110218,15.261152,2001
18836,r4i1p1f1,2001,07,28,0.0,32.66646,13.2150135,2001
18837,r4i1p1f1,2001,07,29,0.0,29.235704,10.277116,2001
18838,r4i1p1f1,2001,07,30,0.0,29.62816,10.381127,2001
18839,r4i1p1f1,2001,07,31,0.0,30.652994,12.810539,2001
18840,r4i1p1f1,2001,08,01,0.0,29.826426,11.401943,2001
18841,r4i1p1f1,2001,08,02,0.0,29.595093,11.148879,2001
18842,r4i1p1f1,2001,08,03,0.0,30.601095,12.860487,2001
18843,r4i1p1f1,2001,08,04,0.0,30.151937,11.918376,2001
18844,r4i1p1f1,2001,08,05,0.0,28.610786,9.454204,2001
18845,r4i1p1f1,2001,08,06,0.0,27.133123,7.846876,2001
18846,r4i1p1f1,2001,08,07,0.0,26.568617,8.918742,2001
18847,r4i1p1f1,2001,08,08,0.0,30.427359,10.610029,2001
18848,r4i1p1f1,2001,08,09,0.0,35.045086,15.241512,2001
18849,r4i1p1f1,2001,08,10,0.0001432231613307522,37.010136,18.252539,2001
18850,r4i1p1f1,2001,08,11,0.0,35.99628,19.1728,2001
18851,r4i1p1f1,2001,08,12,0.005076308661955409,34.27652,15.591633,2001
18852,r4i1p1f1,2001,08,13,0.004327316855778918,31.967964,13.091777,2001
18853,r4i1p1f1,2001,08,14,0.0,31.560564,13.188146,2001
18854,r4i1p1f1,2001,08,15,0.0076637317761196755,32.305645,14.919562,2001
18855,r4i1p1f1,2001,08,16,0.004896461246062245,32.9876,16.085382,2001
18856,r4i1p1f1,2001,08,17,0.027035834827415783,34.183556,16.412596,2001
18857,r4i1p1f1,2001,08,18,0.0,33.642307,15.654105,2001
18858,r4i1p1f1,2001,08,19,0.0,35.08209,17.102837,2001
18859,r4i1p1f1,2001,08,20,0.0,35.545372,16.54108,2001
18860,r4i1p1f1,2001,08,21,0.0,34.31612,14.942274,2001
18861,r4i1p1f1,2001,08,22,0.0,32.730263,14.025522,2001
18862,r4i1p1f1,2001,08,23,0.0,32.1969,14.27454,2001
18863,r4i1p1f1,2001,08,24,0.0,30.548239,11.908844,2001
18864,r4i1p1f1,2001,08,25,0.0,28.593502,10.495243,2001
18865,r4i1p1f1,2001,08,26,0.0,28.849453,10.284807,2001
18866,r4i1p1f1,2001,08,27,0.0,28.168663,8.9712515,2001
18867,r4i1p1f1,2001,08,28,0.0,28.3988,9.319314,2001
18868,r4i1p1f1,2001,08,29,0.0,32.17211,13.396977,2001
18869,r4i1p1f1,2001,08,30,0.0,33.0865,14.71223,2001
18870,r4i1p1f1,2001,08,31,0.0,31.810774,13.201478,2001
18871,r4i1p1f1,2001,09,01,0.0,30.206736,12.28611,2001
18872,r4i1p1f1,2001,09,02,0.0,31.025547,12.339039,2001
18873,r4i1p1f1,2001,09,03,0.0,30.587809,13.146657,2001
18874,r4i1p1f1,2001,09,04,0.0,27.984625,10.475802,2001
18875,r4i1p1f1,2001,09,05,0.0,31.32524,13.937016,2001
18876,r4i1p1f1,2001,09,06,0.0,35.454826,16.292784,2001
18877,r4i1p1f1,2001,09,07,0.0,36.86022,16.615204,2001
18878,r4i1p1f1,2001,09,08,0.0,34.630695,16.88868,2001
18879,r4i1p1f1,2001,09,09,0.0,31.684303,13.565792,2001
18880,r4i1p1f1,2001,09,10,0.0,30.391005,13.95128,2001
18881,r4i1p1f1,2001,09,11,0.0,32.259758,13.653342,2001
18882,r4i1p1f1,2001,09,12,0.0,32.290306,15.509175,2001
18883,r4i1p1f1,2001,09,13,0.0,33.099407,16.506823,2001
18884,r4i1p1f1,2001,09,14,0.0,32.38777,16.1807,2001
18885,r4i1p1f1,2001,09,15,0.0,31.207655,14.760137,2001
18886,r4i1p1f1,2001,09,16,0.0,30.677032,16.058243,2001
18887,r4i1p1f1,2001,09,17,0.0,30.0498,12.818209,2001
18888,r4i1p1f1,2001,09,18,0.0,26.433693,9.858723,2001
18889,r4i1p1f1,2001,09,19,0.0,24.64305,7.396815,2001
18890,r4i1p1f1,2001,09,20,0.0,21.328806,7.7438684,2001
18891,r4i1p1f1,2001,09,21,0.005428769873105921,21.7278,7.2746005,2001
18892,r4i1p1f1,2001,09,22,0.565161325543162,21.38233,5.8078737,2001
18893,r4i1p1f1,2001,09,23,0.0,20.667383,4.355105,2001
18894,r4i1p1f1,2001,09,24,0.032081348376777896,20.125639,5.910664,2001
18895,r4i1p1f1,2001,09,25,4.302870012406856,15.378026,5.8673916,2001
18896,r4i1p1f1,2001,09,26,3.3252817483798935,16.734926,3.4914339,2001
18897,r4i1p1f1,2001,09,27,2.0554922441760937,16.55619,2.4193814,2001
18898,r4i1p1f1,2001,09,28,0.0,19.708586,4.6863017,2001
18899,r4i1p1f1,2001,09,29,0.0,19.49836,6.2709575,2001
18900,r4i1p1f1,2001,09,30,0.0,20.23907,6.6371126,2001
18901,r4i1p1f1,2001,10,01,0.0,23.40307,5.558,2001
18902,r4i1p1f1,2001,10,02,0.0,25.624268,7.73536,2001
18903,r4i1p1f1,2001,10,03,1.8418362487523154,23.905085,11.821095,2001
18904,r4i1p1f1,2001,10,04,8.308654714494423,19.728065,9.069401,2001
18905,r4i1p1f1,2001,10,05,5.386497426366077,17.926125,7.227312,2001
18906,r4i1p1f1,2001,10,06,5.897593113601829,17.760864,6.7361245,2001
18907,r4i1p1f1,2001,10,07,3.1443812013151273,18.158464,5.6615086,2001
18908,r4i1p1f1,2001,10,08,0.0,21.026041,4.445434,2001
18909,r4i1p1f1,2001,10,09,0.017751011591826682,22.197317,8.22551,2001
18910,r4i1p1f1,2001,10,10,12.149339462803255,19.736094,9.420757,2001
18911,r4i1p1f1,2001,10,11,6.9463282960441575,18.631315,7.0707397,2001
18912,r4i1p1f1,2001,10,12,0.012981599138583988,16.357903,3.7689831,2001
18913,r4i1p1f1,2001,10,13,1.1095084046303327,14.13687,5.14028,2001
18914,r4i1p1f1,2001,10,14,0.0016534687006242166,16.177736,2.9576776,2001
18915,r4i1p1f1,2001,10,15,0.0,18.785025,3.0511816,2001
18916,r4i1p1f1,2001,10,16,0.0,20.943977,6.067379,2001
18917,r4i1p1f1,2001,10,17,0.0,23.488508,7.843822,2001
18918,r4i1p1f1,2001,10,18,0.0,23.791874,9.511775,2001
18919,r4i1p1f1,2001,10,19,0.0,23.333462,9.036021,2001
18920,r4i1p1f1,2001,10,20,0.0,18.557076,3.9099383,2001
18921,r4i1p1f1,2001,10,21,2.2911878537229313,12.984609,0.15696675,2001
18922,r4i1p1f1,2001,10,22,0.7029576213540167,15.373637,1.5418894,2001
18923,r4i1p1f1,2001,10,23,0.0,19.341183,6.9819775,2001
18924,r4i1p1f1,2001,10,24,45.88706565773464,17.074535,8.946582,2001
18925,r4i1p1f1,2001,10,25,43.16623360164158,15.694309,6.6259136,2001
18926,r4i1p1f1,2001,10,26,22.188873804589093,13.041583,3.4573412,2001
18927,r4i1p1f1,2001,10,27,1.0425905798001622,15.610306,5.2068996,2001
18928,r4i1p1f1,2001,10,28,0.0,16.057396,4.234471,2001
18929,r4i1p1f1,2001,10,29,0.0,16.82528,4.093396,2001
18930,r4i1p1f1,2001,10,30,0.0,16.438713,3.3411076,2001
18931,r4i1p1f1,2001,10,31,0.0,17.06958,4.233415,2001
18932,r4i1p1f1,2001,11,01,0.0,16.904823,3.9541082,2001
18933,r4i1p1f1,2001,11,02,0.0,16.810524,2.886976,2001
18934,r4i1p1f1,2001,11,03,0.0,16.371508,3.3363297,2001
18935,r4i1p1f1,2001,11,04,0.0,16.34395,4.5663066,2001
18936,r4i1p1f1,2001,11,05,0.0,16.974113,3.7401242,2001
18937,r4i1p1f1,2001,11,06,0.0,18.147606,4.8264775,2001
18938,r4i1p1f1,2001,11,07,0.0,17.982323,2.7592762,2001
18939,r4i1p1f1,2001,11,08,0.0,17.480747,2.0674803,2001
18940,r4i1p1f1,2001,11,09,0.0,17.498817,4.137101,2001
18941,r4i1p1f1,2001,11,10,0.0,19.516056,6.159299,2001
18942,r4i1p1f1,2001,11,11,0.0,20.826586,6.493943,2001
18943,r4i1p1f1,2001,11,12,0.0,21.640253,7.6427326,2001
18944,r4i1p1f1,2001,11,13,0.0,21.950665,7.4830213,2001
18945,r4i1p1f1,2001,11,14,0.0,21.308187,7.562483,2001
18946,r4i1p1f1,2001,11,15,7.800179632772597,15.880154,8.24985,2001
18947,r4i1p1f1,2001,11,16,0.0,12.775555,7.393809,2001
18948,r4i1p1f1,2001,11,17,0.13125576156198804,12.672456,6.988104,2001
18949,r4i1p1f1,2001,11,18,1.625231029975538,13.017142,5.2125273,2001
18950,r4i1p1f1,2001,11,19,0.0,12.241252,-1.9190801,2001
18951,r4i1p1f1,2001,11,20,0.0,10.902871,-3.653928,2001
18952,r4i1p1f1,2001,11,21,0.011631608962403561,10.712155,-3.1798272,2001
18953,r4i1p1f1,2001,11,22,0.15005128173584126,10.43642,4.094564,2001
18954,r4i1p1f1,2001,11,23,1.252384857434663,10.871326,1.032647,2001
18955,r4i1p1f1,2001,11,24,32.40012140231556,8.421162,-1.0385642,2001
18956,r4i1p1f1,2001,11,25,0.2804492186214702,6.512375,-6.0182037,2001
18957,r4i1p1f1,2001,11,26,0.0,7.982316,-5.923631,2001
18958,r4i1p1f1,2001,11,27,0.0,8.20717,-3.4952648,2001
18959,r4i1p1f1,2001,11,28,9.77508761907302,8.866347,0.8275411,2001
18960,r4i1p1f1,2001,11,29,49.99748695627204,6.410424,1.9061532,2001
18961,r4i1p1f1,2001,11,30,1.362434483269226,9.297302,-2.9308438,2001
18962,r4i1p1f1,2001,12,01,0.0,9.049344,-3.9470956,2001
18963,r4i1p1f1,2001,12,02,0.0,7.316891,-5.384936,2001
18964,r4i1p1f1,2001,12,03,1.0944137552598932,7.801855,0.57306516,2001
18965,r4i1p1f1,2001,12,04,1.90489985809279,6.125553,2.030446,2001
18966,r4i1p1f1,2001,12,05,0.8568024260853235,8.627816,-1.4462171,2001
18967,r4i1p1f1,2001,12,06,0.0,10.238036,-0.7134068,2001
18968,r4i1p1f1,2001,12,07,0.0,10.228198,-0.60066026,2001
18969,r4i1p1f1,2001,12,08,0.0,9.853724,-0.92484254,2001
18970,r4i1p1f1,2001,12,09,0.0,10.284728,-0.4536092,2001
18971,r4i1p1f1,2001,12,10,0.0,10.129543,0.82647276,2001
18972,r4i1p1f1,2001,12,11,0.0,12.289745,1.6273161,2001
18973,r4i1p1f1,2001,12,12,0.0,15.877012,3.4874768,2001
18974,r4i1p1f1,2001,12,13,0.0,15.726789,4.8973837,2001
18975,r4i1p1f1,2001,12,14,0.0,15.646484,4.9428744,2001
18976,r4i1p1f1,2001,12,15,0.0,14.40998,3.926712,2001
18977,r4i1p1f1,2001,12,16,0.0,13.26873,2.8692765,2001
18978,r4i1p1f1,2001,12,17,0.0,12.556164,1.2384181,2001
18979,r4i1p1f1,2001,12,18,0.0,11.287954,0.36207405,2001
18980,r4i1p1f1,2001,12,19,0.0,10.325232,-2.552405,2001
18981,r4i1p1f1,2001,12,20,0.0,7.1695676,-3.0327005,2001
18982,r4i1p1f1,2001,12,21,0.0,5.812201,-4.7756763,2001
18983,r4i1p1f1,2001,12,22,0.0,8.232955,-2.7239122,2001
18984,r4i1p1f1,2001,12,23,0.0,12.013812,0.283104,2001
18985,r4i1p1f1,2001,12,24,0.0,12.217383,1.259971,2001
18986,r4i1p1f1,2001,12,25,0.0,12.338058,0.58944845,2001
18987,r4i1p1f1,2001,12,26,0.0,12.070619,0.09332371,2001
18988,r4i1p1f1,2001,12,27,0.0,13.416132,1.4783361,2001
18989,r4i1p1f1,2001,12,28,0.0,14.209577,2.4326844,2001
18990,r4i1p1f1,2001,12,29,0.0,13.973129,2.5025573,2001
18991,r4i1p1f1,2001,12,30,0.0,13.099103,0.7946659,2001
18992,r4i1p1f1,2001,12,31,0.0,12.689943,0.27805656,2001
18993,r4i1p1f1,2002,01,01,0.0,9.659212,-2.4119616,2002
18994,r4i1p1f1,2002,01,02,0.0,10.218388,-2.874854,2002
18995,r4i1p1f1,2002,01,03,0.0,7.750269,-1.8402048,2002
18996,r4i1p1f1,2002,01,04,31.094699881214183,5.4556327,0.74978226,2002
18997,r4i1p1f1,2002,01,05,5.927178830697244,6.477133,-2.5464344,2002
18998,r4i1p1f1,2002,01,06,0.0,9.765403,-1.9569039,2002
18999,r4i1p1f1,2002,01,07,34.2691623481187,12.908039,1.4991088,2002
19000,r4i1p1f1,2002,01,08,2.8384470524997596,13.900791,4.720196,2002
19001,r4i1p1f1,2002,01,09,0.7474328836345023,11.299532,3.2414906,2002
19002,r4i1p1f1,2002,01,10,0.4758697019497049,7.8194294,0.9225412,2002
19003,r4i1p1f1,2002,01,11,0.0,5.2483068,-5.66462,2002
19004,r4i1p1f1,2002,01,12,0.0,6.424452,-5.9965844,2002
19005,r4i1p1f1,2002,01,13,0.0,8.429624,-3.5022345,2002
19006,r4i1p1f1,2002,01,14,0.0,8.582781,-3.0091982,2002
19007,r4i1p1f1,2002,01,15,0.0,9.790058,-1.8880424,2002
19008,r4i1p1f1,2002,01,16,0.0,12.729927,1.2694961,2002
19009,r4i1p1f1,2002,01,17,0.0,13.304695,1.3904725,2002
19010,r4i1p1f1,2002,01,18,0.0,13.157754,1.9752935,2002
19011,r4i1p1f1,2002,01,19,0.0,13.579427,1.958597,2002
19012,r4i1p1f1,2002,01,20,0.0,15.355146,3.3252687,2002
19013,r4i1p1f1,2002,01,21,0.0,15.423397,3.387031,2002
19014,r4i1p1f1,2002,01,22,0.0,15.7569275,2.58845,2002
19015,r4i1p1f1,2002,01,23,9.262277173888833,11.67767,0.47240877,2002
19016,r4i1p1f1,2002,01,24,10.16126663854493,4.662138,0.2336002,2002
19017,r4i1p1f1,2002,01,25,10.808285773100579,5.1792107,-1.6618326,2002
19018,r4i1p1f1,2002,01,26,14.979931311881955,8.108985,0.5964025,2002
19019,r4i1p1f1,2002,01,27,3.082248594637349,6.0216146,-5.4354916,2002
19020,r4i1p1f1,2002,01,28,0.0,4.7643332,-8.390819,2002
19021,r4i1p1f1,2002,01,29,0.0,7.2371936,-4.8125453,2002
19022,r4i1p1f1,2002,01,30,0.0,8.25123,-3.698269,2002
19023,r4i1p1f1,2002,01,31,0.0,8.358651,-1.9290761,2002
19024,r4i1p1f1,2002,02,01,0.0,9.132258,-2.484956,2002
19025,r4i1p1f1,2002,02,02,0.0,8.939847,1.3149072,2002
19026,r4i1p1f1,2002,02,03,0.0,8.658796,-1.7104882,2002
19027,r4i1p1f1,2002,02,04,0.0,8.327468,-1.6868554,2002
19028,r4i1p1f1,2002,02,05,0.0,11.828312,-0.29338804,2002
19029,r4i1p1f1,2002,02,06,0.0,12.525937,-0.021190325,2002
19030,r4i1p1f1,2002,02,07,0.0,13.01875,2.169561,2002
19031,r4i1p1f1,2002,02,08,0.0,12.970183,4.055435,2002
19032,r4i1p1f1,2002,02,09,0.0,13.227891,4.2929873,2002
19033,r4i1p1f1,2002,02,10,0.0,15.970718,1.7676998,2002
19034,r4i1p1f1,2002,02,11,0.0,15.845908,2.4790573,2002
19035,r4i1p1f1,2002,02,12,1.3152220959597116,14.625646,2.6035542,2002
19036,r4i1p1f1,2002,02,13,1.0638974336915297,14.620512,1.6057004,2002
19037,r4i1p1f1,2002,02,14,0.13732424591808012,10.427598,1.8342185,2002
19038,r4i1p1f1,2002,02,15,2.722628312812958,8.04541,3.2567697,2002
19039,r4i1p1f1,2002,02,16,7.544445511848608,7.1620398,2.56849,2002
19040,r4i1p1f1,2002,02,17,0.0,11.40582,-0.80090797,2002
19041,r4i1p1f1,2002,02,18,0.0,11.523531,-1.7605386,2002
19042,r4i1p1f1,2002,02,19,0.0,9.447656,1.2133584,2002
19043,r4i1p1f1,2002,02,20,0.0,11.3929615,2.7437954,2002
19044,r4i1p1f1,2002,02,21,0.0,14.069078,0.44351134,2002
19045,r4i1p1f1,2002,02,22,17.621293813317607,11.829757,-0.40272748,2002
19046,r4i1p1f1,2002,02,23,10.758633386467409,7.215088,0.9258372,2002
19047,r4i1p1f1,2002,02,24,41.404759143915726,8.30269,1.2614964,2002
19048,r4i1p1f1,2002,02,25,11.462834103508612,7.189936,-2.9245923,2002
19049,r4i1p1f1,2002,02,26,0.0,7.840092,-5.24002,2002
19050,r4i1p1f1,2002,02,27,0.0,11.045336,-2.9519017,2002
19051,r4i1p1f1,2002,02,28,0.0,9.494831,3.2051916,2002
19052,r4i1p1f1,2002,03,01,11.39235292862395,5.822923,1.0739474,2002
19053,r4i1p1f1,2002,03,02,0.0,11.107082,-3.4409742,2002
19054,r4i1p1f1,2002,03,03,0.0,11.974423,-2.2722669,2002
19055,r4i1p1f1,2002,03,04,29.524299961849465,7.5636063,1.0184481,2002
19056,r4i1p1f1,2002,03,05,58.86362976143573,8.367809,0.34563768,2002
19057,r4i1p1f1,2002,03,06,1.8169420292293295,6.420852,-3.2722456,2002
19058,r4i1p1f1,2002,03,07,0.1463822829862238,10.332301,1.0582829,2002
19059,r4i1p1f1,2002,03,08,3.98386908533368,7.948728,2.589897,2002
19060,r4i1p1f1,2002,03,09,0.0,13.85692,2.038087,2002
19061,r4i1p1f1,2002,03,10,0.0,15.007621,1.8944062,2002
19062,r4i1p1f1,2002,03,11,7.805397803269898,11.125091,2.3011355,2002
19063,r4i1p1f1,2002,03,12,0.02370331431507111,15.659304,-0.106092505,2002
19064,r4i1p1f1,2002,03,13,0.0,16.720955,2.9914732,2002
19065,r4i1p1f1,2002,03,14,0.0,17.423477,2.8695645,2002
19066,r4i1p1f1,2002,03,15,0.0,18.957462,4.4187975,2002
19067,r4i1p1f1,2002,03,16,0.0,18.834364,5.907362,2002
19068,r4i1p1f1,2002,03,17,24.775587351905415,14.590548,0.9102285,2002
19069,r4i1p1f1,2002,03,18,9.42566631924251,8.230363,1.4857669,2002
19070,r4i1p1f1,2002,03,19,35.15732584728539,8.750444,0.8941536,2002
19071,r4i1p1f1,2002,03,20,0.0,14.138668,2.2046096,2002
19072,r4i1p1f1,2002,03,21,0.0,15.567459,1.0057335,2002
19073,r4i1p1f1,2002,03,22,0.0,17.388454,1.1978455,2002
19074,r4i1p1f1,2002,03,23,0.0,17.804806,3.481352,2002
19075,r4i1p1f1,2002,03,24,0.0,18.603521,5.0060115,2002
19076,r4i1p1f1,2002,03,25,0.0,20.949335,6.1774354,2002
19077,r4i1p1f1,2002,03,26,0.0,22.789118,6.8324413,2002
19078,r4i1p1f1,2002,03,27,0.0,23.39421,8.081476,2002
19079,r4i1p1f1,2002,03,28,0.0,22.777103,8.119858,2002
19080,r4i1p1f1,2002,03,29,0.0,21.421352,7.28277,2002
19081,r4i1p1f1,2002,03,30,0.0,21.999548,7.204973,2002
19082,r4i1p1f1,2002,03,31,0.0,24.650404,6.952846,2002
19083,r4i1p1f1,2002,04,01,0.0,25.79456,7.742046,2002
19084,r4i1p1f1,2002,04,02,0.0,25.597322,8.046153,2002
19085,r4i1p1f1,2002,04,03,0.019315855479362654,24.39648,9.094605,2002
19086,r4i1p1f1,2002,04,04,0.0,24.27023,9.677614,2002
19087,r4i1p1f1,2002,04,05,0.0,23.843819,7.674749,2002
19088,r4i1p1f1,2002,04,06,0.0,21.5132,8.364354,2002
19089,r4i1p1f1,2002,04,07,0.0,27.447914,9.2987585,2002
19090,r4i1p1f1,2002,04,08,0.0,27.770966,12.26945,2002
19091,r4i1p1f1,2002,04,09,0.0,27.456905,11.610899,2002
19092,r4i1p1f1,2002,04,10,0.0,26.788063,10.38376,2002
19093,r4i1p1f1,2002,04,11,0.0,24.33237,7.801117,2002
19094,r4i1p1f1,2002,04,12,1.6627887851427658,19.691446,4.2412114,2002
19095,r4i1p1f1,2002,04,13,2.49722722640513,14.885586,6.6838446,2002
19096,r4i1p1f1,2002,04,14,2.7885397892987385,14.52911,7.4476523,2002
19097,r4i1p1f1,2002,04,15,0.16665016518118136,18.043312,3.082025,2002
19098,r4i1p1f1,2002,04,16,0.0,19.063808,3.1636343,2002
19099,r4i1p1f1,2002,04,17,1.1064685197084145,17.32531,4.0139713,2002
19100,r4i1p1f1,2002,04,18,0.0,18.189264,2.6659918,2002
19101,r4i1p1f1,2002,04,19,0.0,21.653276,4.7306275,2002
19102,r4i1p1f1,2002,04,20,0.0,23.763641,7.762041,2002
19103,r4i1p1f1,2002,04,21,0.0,24.880066,7.4380546,2002
19104,r4i1p1f1,2002,04,22,0.0,24.617918,8.912422,2002
19105,r4i1p1f1,2002,04,23,0.0,25.265728,7.783842,2002
19106,r4i1p1f1,2002,04,24,0.0,25.023407,7.8118515,2002
19107,r4i1p1f1,2002,04,25,0.0010964866902440917,21.143993,5.955305,2002
19108,r4i1p1f1,2002,04,26,0.0,18.055437,1.1506201,2002
19109,r4i1p1f1,2002,04,27,0.0,20.426521,3.077082,2002
19110,r4i1p1f1,2002,04,28,0.0,20.368637,4.4616203,2002
19111,r4i1p1f1,2002,04,29,0.0,17.417568,1.0615766,2002
19112,r4i1p1f1,2002,04,30,1.3442241313782688,11.950108,-2.122339,2002
19113,r4i1p1f1,2002,05,01,1.6223289512254269,13.049434,0.25450385,2002
19114,r4i1p1f1,2002,05,02,0.0,20.504326,3.5644963,2002
19115,r4i1p1f1,2002,05,03,0.0,23.010069,5.71119,2002
19116,r4i1p1f1,2002,05,04,0.0,23.33569,5.6399255,2002
19117,r4i1p1f1,2002,05,05,0.0,22.558561,5.9559264,2002
19118,r4i1p1f1,2002,05,06,0.06987045453570317,16.861506,3.6955023,2002
19119,r4i1p1f1,2002,05,07,0.0,20.627893,4.7055836,2002
19120,r4i1p1f1,2002,05,08,0.0,21.253517,4.8791885,2002
19121,r4i1p1f1,2002,05,09,0.0,25.477715,7.911075,2002
19122,r4i1p1f1,2002,05,10,0.0,29.911638,11.050961,2002
19123,r4i1p1f1,2002,05,11,0.0,31.675415,13.973583,2002
19124,r4i1p1f1,2002,05,12,0.0,28.85147,10.507787,2002
19125,r4i1p1f1,2002,05,13,0.0,19.27045,3.165706,2002
19126,r4i1p1f1,2002,05,14,0.0,20.10652,2.7385995,2002
19127,r4i1p1f1,2002,05,15,0.0,23.258507,3.730139,2002
19128,r4i1p1f1,2002,05,16,0.0,24.304115,6.0484123,2002
19129,r4i1p1f1,2002,05,17,0.0,24.318472,6.6600766,2002
19130,r4i1p1f1,2002,05,18,0.0,23.568333,5.7232666,2002
19131,r4i1p1f1,2002,05,19,0.0,20.970312,5.8295493,2002
19132,r4i1p1f1,2002,05,20,0.0,23.247238,6.689245,2002
19133,r4i1p1f1,2002,05,21,0.0,24.278248,6.5696473,2002
19134,r4i1p1f1,2002,05,22,0.0,24.314035,4.931848,2002
19135,r4i1p1f1,2002,05,23,0.0,23.598808,5.5695477,2002
19136,r4i1p1f1,2002,05,24,0.0,25.204184,6.797326,2002
19137,r4i1p1f1,2002,05,25,0.0,27.93724,9.096905,2002
19138,r4i1p1f1,2002,05,26,0.0,26.685518,7.216146,2002
19139,r4i1p1f1,2002,05,27,0.0,18.642633,2.4976234,2002
19140,r4i1p1f1,2002,05,28,0.0,22.615004,4.5298753,2002
19141,r4i1p1f1,2002,05,29,0.0,24.151741,6.9135785,2002
19142,r4i1p1f1,2002,05,30,0.0,25.164726,7.072981,2002
19143,r4i1p1f1,2002,05,31,0.0,27.400723,8.642219,2002
19144,r4i1p1f1,2002,06,01,0.0,28.49567,8.868373,2002
19145,r4i1p1f1,2002,06,02,0.0,29.770426,10.472634,2002
19146,r4i1p1f1,2002,06,03,0.0,29.076612,12.295082,2002
19147,r4i1p1f1,2002,06,04,1.3716519099034485,26.978676,9.74363,2002
19148,r4i1p1f1,2002,06,05,0.1155335961811943,25.968899,7.9972024,2002
19149,r4i1p1f1,2002,06,06,0.02886543743443326,23.896805,8.584415,2002
19150,r4i1p1f1,2002,06,07,0.0,25.298235,9.555493,2002
19151,r4i1p1f1,2002,06,08,0.0,31.590328,11.247557,2002
19152,r4i1p1f1,2002,06,09,0.0,34.781338,13.736513,2002
19153,r4i1p1f1,2002,06,10,0.0,36.479443,16.679806,2002
19154,r4i1p1f1,2002,06,11,0.0,35.253193,16.005682,2002
19155,r4i1p1f1,2002,06,12,0.0,34.00786,14.707478,2002
19156,r4i1p1f1,2002,06,13,0.0,33.72922,16.013817,2002
19157,r4i1p1f1,2002,06,14,0.0,33.975185,14.676797,2002
19158,r4i1p1f1,2002,06,15,0.0,34.00256,13.777128,2002
19159,r4i1p1f1,2002,06,16,0.0,33.44543,13.540541,2002
19160,r4i1p1f1,2002,06,17,0.0,32.904724,14.023527,2002
19161,r4i1p1f1,2002,06,18,0.0,32.649574,14.454067,2002
19162,r4i1p1f1,2002,06,19,0.0,31.767113,13.003889,2002
19163,r4i1p1f1,2002,06,20,0.0,31.8718,12.392066,2002
19164,r4i1p1f1,2002,06,21,0.0,31.621452,12.311549,2002
19165,r4i1p1f1,2002,06,22,0.0,31.139534,12.227428,2002
19166,r4i1p1f1,2002,06,23,0.0,31.425625,12.40773,2002
19167,r4i1p1f1,2002,06,24,0.0,35.504395,15.7495165,2002
19168,r4i1p1f1,2002,06,25,0.0,35.355976,16.26867,2002
19169,r4i1p1f1,2002,06,26,0.0,32.940445,13.428577,2002
19170,r4i1p1f1,2002,06,27,0.0,33.166267,13.240311,2002
19171,r4i1p1f1,2002,06,28,0.0,33.254177,17.201847,2002
19172,r4i1p1f1,2002,06,29,0.0,33.91935,14.693607,2002
19173,r4i1p1f1,2002,06,30,0.0,34.01647,15.701519,2002
19174,r4i1p1f1,2002,07,01,0.0,33.109047,15.478433,2002
19175,r4i1p1f1,2002,07,02,0.0,30.500814,10.915212,2002
19176,r4i1p1f1,2002,07,03,0.0,30.90641,10.075303,2002
19177,r4i1p1f1,2002,07,04,0.0,34.000084,14.475699,2002
19178,r4i1p1f1,2002,07,05,0.0,36.098427,15.408752,2002
19179,r4i1p1f1,2002,07,06,0.0,36.264698,16.26059,2002
19180,r4i1p1f1,2002,07,07,0.0,35.631897,16.282936,2002
19181,r4i1p1f1,2002,07,08,0.0,34.866314,15.81733,2002
19182,r4i1p1f1,2002,07,09,0.0,34.174465,14.471437,2002
19183,r4i1p1f1,2002,07,10,0.0,34.761337,14.627178,2002
19184,r4i1p1f1,2002,07,11,0.0,36.248432,16.830786,2002
19185,r4i1p1f1,2002,07,12,0.0,35.641335,16.303642,2002
19186,r4i1p1f1,2002,07,13,0.0,34.27102,14.378411,2002
19187,r4i1p1f1,2002,07,14,0.0,31.813927,12.916606,2002
19188,r4i1p1f1,2002,07,15,0.0,31.328722,12.218097,2002
19189,r4i1p1f1,2002,07,16,0.0,31.832071,13.271554,2002
19190,r4i1p1f1,2002,07,17,0.0,33.009586,12.897343,2002
19191,r4i1p1f1,2002,07,18,0.0,31.584616,12.645372,2002
19192,r4i1p1f1,2002,07,19,0.0,29.899483,11.656849,2002
19193,r4i1p1f1,2002,07,20,0.0,30.645773,11.220984,2002
19194,r4i1p1f1,2002,07,21,0.0,29.999428,11.119562,2002
19195,r4i1p1f1,2002,07,22,0.0,28.156702,8.545925,2002
19196,r4i1p1f1,2002,07,23,0.0,31.475302,12.770374,2002
19197,r4i1p1f1,2002,07,24,0.0,34.744995,14.853892,2002
19198,r4i1p1f1,2002,07,25,0.0,35.605003,16.241814,2002
19199,r4i1p1f1,2002,07,26,0.0,35.721836,15.973918,2002
19200,r4i1p1f1,2002,07,27,0.0,35.931946,16.882135,2002
19201,r4i1p1f1,2002,07,28,0.0,35.434135,17.146694,2002
19202,r4i1p1f1,2002,07,29,0.0,33.64417,15.540887,2002
19203,r4i1p1f1,2002,07,30,0.0,32.449905,13.201029,2002
19204,r4i1p1f1,2002,07,31,0.0,33.06808,13.485745,2002
19205,r4i1p1f1,2002,08,01,0.0,33.371162,14.082082,2002
19206,r4i1p1f1,2002,08,02,0.0,32.8203,13.429084,2002
19207,r4i1p1f1,2002,08,03,0.0,30.910997,12.591691,2002
19208,r4i1p1f1,2002,08,04,0.0,31.380175,13.253306,2002
19209,r4i1p1f1,2002,08,05,0.0,34.548016,15.42169,2002
19210,r4i1p1f1,2002,08,06,0.0,34.283813,15.969318,2002
19211,r4i1p1f1,2002,08,07,0.0,32.473217,13.369353,2002
19212,r4i1p1f1,2002,08,08,0.0,29.072615,10.208171,2002
19213,r4i1p1f1,2002,08,09,0.0,31.062431,12.248927,2002
19214,r4i1p1f1,2002,08,10,0.0,32.315186,13.78073,2002
19215,r4i1p1f1,2002,08,11,0.0,33.51097,15.3621235,2002
19216,r4i1p1f1,2002,08,12,0.0,35.01338,15.894019,2002
19217,r4i1p1f1,2002,08,13,0.0,36.176754,18.104776,2002
19218,r4i1p1f1,2002,08,14,0.0,36.87163,17.520653,2002
19219,r4i1p1f1,2002,08,15,0.0,36.454353,18.334242,2002
19220,r4i1p1f1,2002,08,16,0.0,33.859756,15.05257,2002
19221,r4i1p1f1,2002,08,17,0.0,27.083805,9.470948,2002
19222,r4i1p1f1,2002,08,18,0.0,24.554277,7.171997,2002
19223,r4i1p1f1,2002,08,19,0.0,28.975512,9.947061,2002
19224,r4i1p1f1,2002,08,20,0.0,31.775835,13.089223,2002
19225,r4i1p1f1,2002,08,21,0.14967722827030627,32.634354,14.186259,2002
19226,r4i1p1f1,2002,08,22,0.9905145167863338,32.32033,14.780025,2002
19227,r4i1p1f1,2002,08,23,0.0,30.511862,12.474919,2002
19228,r4i1p1f1,2002,08,24,0.0,30.752693,12.33527,2002
19229,r4i1p1f1,2002,08,25,0.0,30.394833,12.122356,2002
19230,r4i1p1f1,2002,08,26,0.0,30.701958,12.690519,2002
19231,r4i1p1f1,2002,08,27,0.0,31.819828,12.026722,2002
19232,r4i1p1f1,2002,08,28,0.0,32.234383,11.151978,2002
19233,r4i1p1f1,2002,08,29,0.0,34.450577,12.205956,2002
19234,r4i1p1f1,2002,08,30,0.0,34.376144,14.196479,2002
19235,r4i1p1f1,2002,08,31,0.0,33.791195,13.194377,2002
19236,r4i1p1f1,2002,09,01,0.0,34.234875,15.458149,2002
19237,r4i1p1f1,2002,09,02,0.0,33.05223,14.074055,2002
19238,r4i1p1f1,2002,09,03,0.0,30.928467,12.212124,2002
19239,r4i1p1f1,2002,09,04,0.0,32.30026,13.515865,2002
19240,r4i1p1f1,2002,09,05,0.0,34.86415,15.755412,2002
19241,r4i1p1f1,2002,09,06,0.0,36.45079,17.808418,2002
19242,r4i1p1f1,2002,09,07,0.0,35.99566,17.557066,2002
19243,r4i1p1f1,2002,09,08,0.0,34.57222,16.653164,2002
19244,r4i1p1f1,2002,09,09,0.0,33.681698,15.705669,2002
19245,r4i1p1f1,2002,09,10,0.0,33.98871,15.83636,2002
19246,r4i1p1f1,2002,09,11,0.0,34.740967,15.563592,2002
19247,r4i1p1f1,2002,09,12,0.0,31.633698,12.694824,2002
19248,r4i1p1f1,2002,09,13,0.0,25.0282,6.36034,2002
19249,r4i1p1f1,2002,09,14,0.5776622542953191,20.375933,5.22912,2002
19250,r4i1p1f1,2002,09,15,0.7947025370867777,17.409601,4.466327,2002
19251,r4i1p1f1,2002,09,16,0.0,20.945635,5.080862,2002
19252,r4i1p1f1,2002,09,17,0.0,23.526081,6.276484,2002
19253,r4i1p1f1,2002,09,18,0.0,25.129238,8.685429,2002
19254,r4i1p1f1,2002,09,19,0.0,24.944319,8.313012,2002
19255,r4i1p1f1,2002,09,20,0.14048968904489811,24.513037,7.704134,2002
19256,r4i1p1f1,2002,09,21,0.13210351439738588,24.61833,8.008885,2002
19257,r4i1p1f1,2002,09,22,0.0,27.063778,10.765497,2002
19258,r4i1p1f1,2002,09,23,0.0,29.258158,14.012061,2002
19259,r4i1p1f1,2002,09,24,1.9057462100136036,27.892101,12.277329,2002
19260,r4i1p1f1,2002,09,25,5.463348826992842,23.169044,8.471504,2002
19261,r4i1p1f1,2002,09,26,0.0,22.189734,6.9015775,2002
19262,r4i1p1f1,2002,09,27,0.0,25.61282,9.722265,2002
19263,r4i1p1f1,2002,09,28,0.0,30.033949,11.559114,2002
19264,r4i1p1f1,2002,09,29,0.0,29.696686,11.976504,2002
19265,r4i1p1f1,2002,09,30,0.0,26.034496,9.457638,2002
19266,r4i1p1f1,2002,10,01,0.0,24.347816,7.4611216,2002
19267,r4i1p1f1,2002,10,02,0.0,29.062883,10.096691,2002
19268,r4i1p1f1,2002,10,03,0.0,30.580698,13.310786,2002
19269,r4i1p1f1,2002,10,04,0.0,31.98701,15.847907,2002
19270,r4i1p1f1,2002,10,05,0.0,31.92971,14.448427,2002
19271,r4i1p1f1,2002,10,06,0.0,29.34473,13.16205,2002
19272,r4i1p1f1,2002,10,07,0.015312107780118822,30.07703,14.243883,2002
19273,r4i1p1f1,2002,10,08,1.3273075182951288,29.091698,13.728077,2002
19274,r4i1p1f1,2002,10,09,0.0,28.245775,10.82688,2002
19275,r4i1p1f1,2002,10,10,0.0,28.149235,11.368248,2002
19276,r4i1p1f1,2002,10,11,0.0,27.740858,8.77495,2002
19277,r4i1p1f1,2002,10,12,0.0,25.707542,9.061183,2002
19278,r4i1p1f1,2002,10,13,0.0,24.797771,8.456345,2002
19279,r4i1p1f1,2002,10,14,0.0,24.938358,10.337625,2002
19280,r4i1p1f1,2002,10,15,0.0,26.884943,8.953498,2002
19281,r4i1p1f1,2002,10,16,0.0,28.33372,12.267908,2002
19282,r4i1p1f1,2002,10,17,0.0,30.04714,13.26024,2002
19283,r4i1p1f1,2002,10,18,0.0,29.882277,12.747283,2002
19284,r4i1p1f1,2002,10,19,0.0,28.850746,11.64857,2002
19285,r4i1p1f1,2002,10,20,0.0,27.824118,11.4690275,2002
19286,r4i1p1f1,2002,10,21,0.0,25.099306,9.152842,2002
19287,r4i1p1f1,2002,10,22,0.0,22.246367,7.082325,2002
19288,r4i1p1f1,2002,10,23,0.0,21.119814,5.2567344,2002
19289,r4i1p1f1,2002,10,24,0.0,22.811577,6.864715,2002
19290,r4i1p1f1,2002,10,25,0.0,24.35146,8.761888,2002
19291,r4i1p1f1,2002,10,26,0.0,24.958233,10.834632,2002
19292,r4i1p1f1,2002,10,27,0.0,26.210838,10.173244,2002
19293,r4i1p1f1,2002,10,28,0.0,26.245249,10.6738615,2002
19294,r4i1p1f1,2002,10,29,0.0,26.437761,10.575136,2002
19295,r4i1p1f1,2002,10,30,0.0,24.96154,9.897039,2002
19296,r4i1p1f1,2002,10,31,0.0,23.058622,7.3659153,2002
19297,r4i1p1f1,2002,11,01,0.0,21.64787,7.3354983,2002
19298,r4i1p1f1,2002,11,02,0.0,19.101326,4.3681393,2002
19299,r4i1p1f1,2002,11,03,0.0,20.593674,6.621855,2002
19300,r4i1p1f1,2002,11,04,0.0,21.536919,6.4224906,2002
19301,r4i1p1f1,2002,11,05,0.0,21.218105,6.0145035,2002
19302,r4i1p1f1,2002,11,06,0.0,20.246033,5.7844057,2002
19303,r4i1p1f1,2002,11,07,0.0,19.552416,5.593764,2002
19304,r4i1p1f1,2002,11,08,0.0,19.873196,4.932566,2002
19305,r4i1p1f1,2002,11,09,0.0,20.785858,5.2854795,2002
19306,r4i1p1f1,2002,11,10,0.0,20.994255,5.398205,2002
19307,r4i1p1f1,2002,11,11,0.0,18.702986,8.040359,2002
19308,r4i1p1f1,2002,11,12,24.90855919641035,13.53872,8.498379,2002
19309,r4i1p1f1,2002,11,13,0.0,12.8014345,1.5857682,2002
19310,r4i1p1f1,2002,11,14,0.0,13.280366,0.8197475,2002
19311,r4i1p1f1,2002,11,15,0.006000292000862828,13.852053,1.5720696,2002
19312,r4i1p1f1,2002,11,16,0.0,12.851407,-0.23141225,2002
19313,r4i1p1f1,2002,11,17,0.0,11.199258,2.6841638,2002
19314,r4i1p1f1,2002,11,18,0.004284808233023796,11.719814,1.4963155,2002
19315,r4i1p1f1,2002,11,19,0.0,10.89318,-1.1012671,2002
19316,r4i1p1f1,2002,11,20,0.0,12.104354,-2.149259,2002
19317,r4i1p1f1,2002,11,21,0.0,11.376342,-1.0977685,2002
19318,r4i1p1f1,2002,11,22,34.46663732029265,10.243414,-0.06312677,2002
19319,r4i1p1f1,2002,11,23,3.1673764654442493,7.241572,1.0208484,2002
19320,r4i1p1f1,2002,11,24,0.0,7.3451977,-2.1228228,2002
19321,r4i1p1f1,2002,11,25,0.0,9.020126,0.5947409,2002
19322,r4i1p1f1,2002,11,26,1.0235429656859196,10.827586,1.0626626,2002
19323,r4i1p1f1,2002,11,27,0.0,12.2285595,4.828642,2002
19324,r4i1p1f1,2002,11,28,3.198938023896858,9.808723,4.3139353,2002
19325,r4i1p1f1,2002,11,29,0.0,12.05344,-1.6900939,2002
19326,r4i1p1f1,2002,11,30,0.0,11.995558,-0.18256277,2002
19327,r4i1p1f1,2002,12,01,0.0,13.268589,2.3396413,2002
19328,r4i1p1f1,2002,12,02,5.095466184593533,10.795641,4.27499,2002
19329,r4i1p1f1,2002,12,03,20.32183292631089,9.6085005,2.3877296,2002
19330,r4i1p1f1,2002,12,04,8.224085952917903,9.228187,2.8803227,2002
19331,r4i1p1f1,2002,12,05,5.867285516139731,10.875759,5.0299892,2002
19332,r4i1p1f1,2002,12,06,0.0,11.6060705,0.7488363,2002
19333,r4i1p1f1,2002,12,07,0.0,12.062303,0.47854757,2002
19334,r4i1p1f1,2002,12,08,0.0,12.329705,0.51413697,2002
19335,r4i1p1f1,2002,12,09,0.0,12.1154585,-0.36711466,2002
19336,r4i1p1f1,2002,12,10,0.024466786544508068,11.103187,0.5637629,2002
19337,r4i1p1f1,2002,12,11,2.1575679205739107,7.0327754,1.2907162,2002
19338,r4i1p1f1,2002,12,12,0.020797755223611603,9.331852,1.2544959,2002
19339,r4i1p1f1,2002,12,13,3.652332186030094,10.22964,0.56124705,2002
19340,r4i1p1f1,2002,12,14,28.053304721106542,9.557212,3.6333292,2002
19341,r4i1p1f1,2002,12,15,3.158592693313267,9.477633,4.565747,2002
19342,r4i1p1f1,2002,12,16,0.0,11.852093,4.183003,2002
19343,r4i1p1f1,2002,12,17,0.0,11.138467,3.503862,2002
19344,r4i1p1f1,2002,12,18,0.0,10.298946,3.1104205,2002
19345,r4i1p1f1,2002,12,19,3.7376442959953238,12.481724,4.2952056,2002
19346,r4i1p1f1,2002,12,20,17.804742791668104,14.342595,9.0311365,2002
19347,r4i1p1f1,2002,12,21,2.625091861295914,13.595033,5.3104243,2002
19348,r4i1p1f1,2002,12,22,0.0,12.251741,1.8496745,2002
19349,r4i1p1f1,2002,12,23,0.0,12.310729,1.2168802,2002
19350,r4i1p1f1,2002,12,24,0.0,14.094821,2.897768,2002
19351,r4i1p1f1,2002,12,25,0.0,14.00897,3.8333197,2002
19352,r4i1p1f1,2002,12,26,0.0,13.264188,2.4781408,2002
19353,r4i1p1f1,2002,12,27,0.0,11.517373,3.335118,2002
19354,r4i1p1f1,2002,12,28,0.0,11.985438,2.6989207,2002
19355,r4i1p1f1,2002,12,29,0.0,12.455882,2.1907115,2002
19356,r4i1p1f1,2002,12,30,0.0,12.796435,3.107347,2002
19357,r4i1p1f1,2002,12,31,0.0,14.645329,4.127845,2002
19358,r4i1p1f1,2003,01,01,0.0,16.901943,5.1987557,2003
19359,r4i1p1f1,2003,01,02,0.0,17.696177,6.826494,2003
19360,r4i1p1f1,2003,01,03,0.0,16.932135,5.5625405,2003
19361,r4i1p1f1,2003,01,04,0.0,16.39675,6.038488,2003
19362,r4i1p1f1,2003,01,05,0.0,15.803511,3.6532326,2003
19363,r4i1p1f1,2003,01,06,0.0,15.65118,3.3263469,2003
19364,r4i1p1f1,2003,01,07,0.0,16.149609,4.858559,2003
19365,r4i1p1f1,2003,01,08,0.0,18.258387,5.463975,2003
19366,r4i1p1f1,2003,01,09,0.0,17.35319,6.345931,2003
19367,r4i1p1f1,2003,01,10,0.0,17.289291,5.4248934,2003
19368,r4i1p1f1,2003,01,11,0.0,16.0593,5.821461,2003
19369,r4i1p1f1,2003,01,12,0.0,15.380794,5.0570164,2003
19370,r4i1p1f1,2003,01,13,14.367206244696717,12.486988,3.0848038,2003
19371,r4i1p1f1,2003,01,14,0.0,9.028963,-0.35249963,2003
19372,r4i1p1f1,2003,01,15,0.0,10.654417,0.18922605,2003
19373,r4i1p1f1,2003,01,16,0.0,9.964937,-0.18444565,2003
19374,r4i1p1f1,2003,01,17,0.0,11.064895,-0.5776417,2003
19375,r4i1p1f1,2003,01,18,0.0,9.065695,-2.0124772,2003
19376,r4i1p1f1,2003,01,19,0.0,9.541276,-0.9324883,2003
19377,r4i1p1f1,2003,01,20,0.0,13.23318,1.100878,2003
19378,r4i1p1f1,2003,01,21,0.0,13.7832775,2.3858805,2003
19379,r4i1p1f1,2003,01,22,0.08176167502824683,12.606038,4.3040323,2003
19380,r4i1p1f1,2003,01,23,0.0,14.521489,2.835475,2003
19381,r4i1p1f1,2003,01,24,0.0,13.786528,2.636923,2003
19382,r4i1p1f1,2003,01,25,1.5745529178900597,10.879899,1.2507455,2003
19383,r4i1p1f1,2003,01,26,0.0,13.268757,1.4659982,2003
19384,r4i1p1f1,2003,01,27,0.0,15.281559,1.6343043,2003
19385,r4i1p1f1,2003,01,28,0.0,15.211726,3.366212,2003
19386,r4i1p1f1,2003,01,29,0.0,12.982064,6.191438,2003
19387,r4i1p1f1,2003,01,30,0.0,14.037725,1.5370225,2003
19388,r4i1p1f1,2003,01,31,0.0,14.034434,1.7749833,2003
19389,r4i1p1f1,2003,02,01,0.0,16.677544,3.9520404,2003
19390,r4i1p1f1,2003,02,02,0.0,16.409899,4.720862,2003
19391,r4i1p1f1,2003,02,03,0.0,15.89228,3.775917,2003
19392,r4i1p1f1,2003,02,04,0.0,14.45202,2.0110948,2003
19393,r4i1p1f1,2003,02,05,0.0,13.270824,2.328628,2003
19394,r4i1p1f1,2003,02,06,6.122453690147722,7.5768104,-2.141086,2003
19395,r4i1p1f1,2003,02,07,0.10328889757147408,5.348904,-0.7381928,2003
19396,r4i1p1f1,2003,02,08,35.97827119374415,8.3684025,-0.723373,2003
19397,r4i1p1f1,2003,02,09,0.0,5.8666744,-5.5165615,2003
19398,r4i1p1f1,2003,02,10,31.613577672396787,8.457083,-3.154189,2003
19399,r4i1p1f1,2003,02,11,0.6520432352260741,8.463721,0.12658294,2003
19400,r4i1p1f1,2003,02,12,4.643328332213059,9.651579,3.3914764,2003
19401,r4i1p1f1,2003,02,13,0.5465081942872985,9.295103,4.3442044,2003
19402,r4i1p1f1,2003,02,14,0.0,11.692727,1.5857114,2003
19403,r4i1p1f1,2003,02,15,0.0,13.2458515,2.1293237,2003
19404,r4i1p1f1,2003,02,16,0.0,17.405912,3.8829927,2003
19405,r4i1p1f1,2003,02,17,0.0,16.589867,3.5538514,2003
19406,r4i1p1f1,2003,02,18,0.0,16.494015,2.6503544,2003
19407,r4i1p1f1,2003,02,19,0.0,15.949777,2.8083007,2003
19408,r4i1p1f1,2003,02,20,0.03672789835036383,13.968028,3.125964,2003
19409,r4i1p1f1,2003,02,21,13.698970385030407,9.712873,1.4983095,2003
19410,r4i1p1f1,2003,02,22,0.0,11.249724,3.9177306,2003
19411,r4i1p1f1,2003,02,23,0.0,13.672433,4.3053837,2003
19412,r4i1p1f1,2003,02,24,0.0,18.61625,4.326157,2003
19413,r4i1p1f1,2003,02,25,0.0,19.103333,6.1453443,2003
19414,r4i1p1f1,2003,02,26,0.4132484528781788,18.083668,5.757739,2003
19415,r4i1p1f1,2003,02,27,29.15984963929077,12.557035,-0.5712885,2003
19416,r4i1p1f1,2003,02,28,0.0,6.649786,-0.7190273,2003
19417,r4i1p1f1,2003,03,01,8.254853668631768,2.7014952,-5.8426113,2003
19418,r4i1p1f1,2003,03,02,31.22090794102519,4.943473,-0.1107778,2003
19419,r4i1p1f1,2003,03,03,9.112448281121033,5.91382,-1.9673772,2003
19420,r4i1p1f1,2003,03,04,36.69096776138758,8.41224,0.88592917,2003
19421,r4i1p1f1,2003,03,05,32.861179020255804,10.126063,1.5104622,2003
19422,r4i1p1f1,2003,03,06,38.52169003957897,10.70065,0.6120541,2003
19423,r4i1p1f1,2003,03,07,17.017737430120405,9.7680235,0.37695476,2003
19424,r4i1p1f1,2003,03,08,2.7827915404202486,8.636749,0.8870002,2003
19425,r4i1p1f1,2003,03,09,23.208904566490673,7.960383,2.8538585,2003
19426,r4i1p1f1,2003,03,10,38.541564816841856,9.14949,2.3763635,2003
19427,r4i1p1f1,2003,03,11,0.0,11.918682,-0.4425328,2003
19428,r4i1p1f1,2003,03,12,0.0,15.315903,1.9669808,2003
19429,r4i1p1f1,2003,03,13,0.0,19.841167,3.985109,2003
19430,r4i1p1f1,2003,03,14,0.0,21.247238,6.314806,2003
19431,r4i1p1f1,2003,03,15,0.0,20.833574,7.388682,2003
19432,r4i1p1f1,2003,03,16,0.0,19.82354,6.796219,2003
19433,r4i1p1f1,2003,03,17,0.0,21.293112,6.4751673,2003
19434,r4i1p1f1,2003,03,18,0.0,20.939999,6.411023,2003
19435,r4i1p1f1,2003,03,19,0.0,19.024485,4.659212,2003
19436,r4i1p1f1,2003,03,20,0.0,17.181974,3.5597441,2003
19437,r4i1p1f1,2003,03,21,0.0,17.139587,3.520893,2003
19438,r4i1p1f1,2003,03,22,0.0,19.666376,3.844512,2003
19439,r4i1p1f1,2003,03,23,0.0,20.258419,4.7050242,2003
19440,r4i1p1f1,2003,03,24,0.0,19.507334,4.079784,2003
19441,r4i1p1f1,2003,03,25,0.0,17.36277,0.94889766,2003
19442,r4i1p1f1,2003,03,26,7.315545250747846,12.571772,-1.2297391,2003
19443,r4i1p1f1,2003,03,27,14.881126831244273,9.746507,1.6906698,2003
19444,r4i1p1f1,2003,03,28,1.863033518748125,9.022162,2.257804,2003
19445,r4i1p1f1,2003,03,29,7.404615903033118,8.150532,0.8256153,2003
19446,r4i1p1f1,2003,03,30,9.107495939974797,6.8850346,0.63985133,2003
19447,r4i1p1f1,2003,03,31,13.838327251812643,9.556051,3.2280824,2003
19448,r4i1p1f1,2003,04,01,0.0,16.592804,1.1488532,2003
19449,r4i1p1f1,2003,04,02,0.0,18.59053,2.301095,2003
19450,r4i1p1f1,2003,04,03,0.0,18.817528,3.4968195,2003
19451,r4i1p1f1,2003,04,04,0.005415710256784223,18.021324,7.948565,2003
19452,r4i1p1f1,2003,04,05,0.0,22.81762,7.4965787,2003
19453,r4i1p1f1,2003,04,06,0.0,23.75382,8.787011,2003
19454,r4i1p1f1,2003,04,07,0.0,24.718124,9.764931,2003
19455,r4i1p1f1,2003,04,08,0.0,24.707773,9.281286,2003
19456,r4i1p1f1,2003,04,09,0.0,23.445267,5.632759,2003
19457,r4i1p1f1,2003,04,10,0.0,21.688957,6.2860203,2003
19458,r4i1p1f1,2003,04,11,0.0,19.257973,3.9513211,2003
19459,r4i1p1f1,2003,04,12,0.0,15.820057,0.52211857,2003
19460,r4i1p1f1,2003,04,13,0.0,17.59699,-0.11307796,2003
19461,r4i1p1f1,2003,04,14,0.0,20.684814,3.6351318,2003
19462,r4i1p1f1,2003,04,15,0.0,22.316982,5.491457,2003
19463,r4i1p1f1,2003,04,16,0.0,22.0532,6.165599,2003
19464,r4i1p1f1,2003,04,17,0.0,19.213852,4.494048,2003
19465,r4i1p1f1,2003,04,18,0.0,17.736097,2.8610442,2003
19466,r4i1p1f1,2003,04,19,1.5283140018084396,16.234924,3.4938517,2003
19467,r4i1p1f1,2003,04,20,0.0,18.770136,3.9502394,2003
19468,r4i1p1f1,2003,04,21,0.0,18.81311,3.540619,2003
19469,r4i1p1f1,2003,04,22,6.323317763587966,14.234097,0.30549622,2003
19470,r4i1p1f1,2003,04,23,0.8357215607418311,11.967991,-3.3484116,2003
19471,r4i1p1f1,2003,04,24,0.27713488361769123,14.2141,-1.4382888,2003
19472,r4i1p1f1,2003,04,25,0.0,12.659959,-2.162237,2003
19473,r4i1p1f1,2003,04,26,4.3684014579525865,6.9672484,0.09070815,2003
19474,r4i1p1f1,2003,04,27,0.0,14.426575,-1.0827708,2003
19475,r4i1p1f1,2003,04,28,0.0,15.293484,-0.9835412,2003
19476,r4i1p1f1,2003,04,29,8.398133453715673,12.535191,-1.6264002,2003
19477,r4i1p1f1,2003,04,30,7.688091163390709,10.627027,0.4927925,2003
19478,r4i1p1f1,2003,05,01,0.0,16.20644,0.37766165,2003
19479,r4i1p1f1,2003,05,02,0.0,18.015959,-0.24204165,2003
19480,r4i1p1f1,2003,05,03,0.0,19.677391,3.383412,2003
19481,r4i1p1f1,2003,05,04,0.0,20.459951,4.6876287,2003
19482,r4i1p1f1,2003,05,05,0.0,22.107065,7.3302817,2003
19483,r4i1p1f1,2003,05,06,0.0,27.16711,8.476397,2003
19484,r4i1p1f1,2003,05,07,0.0,29.565695,12.130398,2003
19485,r4i1p1f1,2003,05,08,0.0,29.145182,12.093336,2003
19486,r4i1p1f1,2003,05,09,0.0,29.49938,12.3225765,2003
19487,r4i1p1f1,2003,05,10,0.0,30.936192,13.791748,2003
19488,r4i1p1f1,2003,05,11,0.0,30.38206,13.5814705,2003
19489,r4i1p1f1,2003,05,12,0.0,26.06271,9.50329,2003
19490,r4i1p1f1,2003,05,13,0.0,25.257214,8.017014,2003
19491,r4i1p1f1,2003,05,14,0.0,24.953102,8.173057,2003
19492,r4i1p1f1,2003,05,15,0.0,24.567654,6.701156,2003
19493,r4i1p1f1,2003,05,16,0.0,24.246517,6.664566,2003
19494,r4i1p1f1,2003,05,17,0.0,27.699467,8.129332,2003
19495,r4i1p1f1,2003,05,18,0.0,27.73841,9.459128,2003
19496,r4i1p1f1,2003,05,19,0.0,28.897709,11.036884,2003
19497,r4i1p1f1,2003,05,20,0.0,31.87557,12.662181,2003
19498,r4i1p1f1,2003,05,21,0.0,33.24169,14.8290205,2003
19499,r4i1p1f1,2003,05,22,0.08685708717166563,29.821892,12.419277,2003
19500,r4i1p1f1,2003,05,23,0.0,26.2224,9.611611,2003
19501,r4i1p1f1,2003,05,24,0.0,26.416538,9.342754,2003
19502,r4i1p1f1,2003,05,25,0.0,29.720238,11.324812,2003
19503,r4i1p1f1,2003,05,26,0.0,29.666887,11.072813,2003
19504,r4i1p1f1,2003,05,27,0.0,28.982069,11.64605,2003
19505,r4i1p1f1,2003,05,28,0.0,29.474588,12.017635,2003
19506,r4i1p1f1,2003,05,29,0.0,28.90077,9.323942,2003
19507,r4i1p1f1,2003,05,30,0.0,27.512247,9.378511,2003
19508,r4i1p1f1,2003,05,31,0.02624080025270814,24.826391,10.031614,2003
19509,r4i1p1f1,2003,06,01,0.0,26.990496,7.656841,2003
19510,r4i1p1f1,2003,06,02,0.0,29.049469,8.64049,2003
19511,r4i1p1f1,2003,06,03,3.1646549047309236,27.835001,7.342758,2003
19512,r4i1p1f1,2003,06,04,0.11437072553235339,26.613548,7.4704623,2003
19513,r4i1p1f1,2003,06,05,1.5229739621872795,24.236021,7.6162205,2003
19514,r4i1p1f1,2003,06,06,0.0,28.476078,8.555385,2003
19515,r4i1p1f1,2003,06,07,0.0,28.948368,10.672245,2003
19516,r4i1p1f1,2003,06,08,0.028594498689926695,26.344475,9.022283,2003
19517,r4i1p1f1,2003,06,09,0.12045234815332151,18.663473,3.8176923,2003
19518,r4i1p1f1,2003,06,10,0.0,19.621252,3.5151448,2003
19519,r4i1p1f1,2003,06,11,0.0,22.266079,5.694578,2003
19520,r4i1p1f1,2003,06,12,0.017259448236472963,23.452276,5.4837594,2003
19521,r4i1p1f1,2003,06,13,2.9141510056433617,24.606567,6.978541,2003
19522,r4i1p1f1,2003,06,14,0.0,28.025566,10.145341,2003
19523,r4i1p1f1,2003,06,15,0.5736803771355881,30.568747,11.923099,2003
19524,r4i1p1f1,2003,06,16,0.0,33.41569,13.862064,2003
19525,r4i1p1f1,2003,06,17,0.0,32.64354,13.626186,2003
19526,r4i1p1f1,2003,06,18,0.0,33.230164,13.373642,2003
19527,r4i1p1f1,2003,06,19,0.0,35.723675,14.688248,2003
19528,r4i1p1f1,2003,06,20,0.0,36.974693,18.561485,2003
19529,r4i1p1f1,2003,06,21,0.0,36.304253,16.346422,2003
19530,r4i1p1f1,2003,06,22,0.0,31.372555,12.655178,2003
19531,r4i1p1f1,2003,06,23,0.0,28.45342,9.74293,2003
19532,r4i1p1f1,2003,06,24,0.0,28.623087,10.172543,2003
19533,r4i1p1f1,2003,06,25,0.0,29.122383,11.032017,2003
19534,r4i1p1f1,2003,06,26,0.0,29.680397,11.516539,2003
19535,r4i1p1f1,2003,06,27,0.0,31.977793,13.089567,2003
19536,r4i1p1f1,2003,06,28,0.0,32.389187,13.878388,2003
19537,r4i1p1f1,2003,06,29,0.0,31.629368,13.168397,2003
19538,r4i1p1f1,2003,06,30,0.0,29.993456,11.803964,2003
19539,r4i1p1f1,2003,07,01,0.0,31.878021,13.003201,2003
19540,r4i1p1f1,2003,07,02,0.0,34.053032,13.899395,2003
19541,r4i1p1f1,2003,07,03,0.0,34.63062,14.732588,2003
19542,r4i1p1f1,2003,07,04,0.0,32.61139,14.200817,2003
19543,r4i1p1f1,2003,07,05,0.0,30.83253,10.907184,2003
19544,r4i1p1f1,2003,07,06,0.0,29.582293,10.587122,2003
19545,r4i1p1f1,2003,07,07,0.0,28.963894,10.015402,2003
19546,r4i1p1f1,2003,07,08,0.0,28.655758,10.826504,2003
19547,r4i1p1f1,2003,07,09,0.0,28.664738,11.288925,2003
19548,r4i1p1f1,2003,07,10,0.0,30.848942,11.486564,2003
19549,r4i1p1f1,2003,07,11,0.0,31.077135,12.71323,2003
19550,r4i1p1f1,2003,07,12,0.0,30.233345,11.316725,2003
19551,r4i1p1f1,2003,07,13,0.0,31.480808,11.762081,2003
19552,r4i1p1f1,2003,07,14,0.0,34.480057,13.711009,2003
19553,r4i1p1f1,2003,07,15,0.0,33.986736,15.951623,2003
19554,r4i1p1f1,2003,07,16,0.0,33.767815,14.132046,2003
19555,r4i1p1f1,2003,07,17,0.0,33.55637,13.550829,2003
19556,r4i1p1f1,2003,07,18,0.0,32.921482,13.956379,2003
19557,r4i1p1f1,2003,07,19,0.0,31.677206,12.722787,2003
19558,r4i1p1f1,2003,07,20,0.0,30.862,12.064483,2003
19559,r4i1p1f1,2003,07,21,0.0,32.197727,12.861215,2003
19560,r4i1p1f1,2003,07,22,0.0,33.478455,13.582145,2003
19561,r4i1p1f1,2003,07,23,0.0,34.76784,14.974477,2003
19562,r4i1p1f1,2003,07,24,0.0,35.704647,16.36888,2003
19563,r4i1p1f1,2003,07,25,0.0,35.80308,16.824766,2003
19564,r4i1p1f1,2003,07,26,0.0,35.612186,16.88047,2003
19565,r4i1p1f1,2003,07,27,0.0,34.729168,15.4772835,2003
19566,r4i1p1f1,2003,07,28,0.0,34.861572,16.586634,2003
19567,r4i1p1f1,2003,07,29,0.3938956393653825,35.735905,16.846878,2003
19568,r4i1p1f1,2003,07,30,0.054736619256345875,35.049576,18.233639,2003
19569,r4i1p1f1,2003,07,31,0.0,32.635063,14.267158,2003
19570,r4i1p1f1,2003,08,01,0.0,30.806082,12.537373,2003
19571,r4i1p1f1,2003,08,02,0.0,32.611656,13.86156,2003
19572,r4i1p1f1,2003,08,03,0.0,32.27003,13.842132,2003
19573,r4i1p1f1,2003,08,04,0.0,31.012169,11.892107,2003
19574,r4i1p1f1,2003,08,05,0.0,29.183872,10.224035,2003
19575,r4i1p1f1,2003,08,06,0.0,30.449162,10.918234,2003
19576,r4i1p1f1,2003,08,07,0.0,32.373116,13.981299,2003
19577,r4i1p1f1,2003,08,08,0.0,33.25061,14.900733,2003
19578,r4i1p1f1,2003,08,09,0.0,34.393925,15.140959,2003
19579,r4i1p1f1,2003,08,10,0.0,34.226807,15.15215,2003
19580,r4i1p1f1,2003,08,11,0.0,31.961351,13.35846,2003
19581,r4i1p1f1,2003,08,12,0.0,32.446037,13.614286,2003
19582,r4i1p1f1,2003,08,13,0.0,33.315655,14.511424,2003
19583,r4i1p1f1,2003,08,14,0.0,33.06923,14.126284,2003
19584,r4i1p1f1,2003,08,15,0.0,32.07515,13.556798,2003
19585,r4i1p1f1,2003,08,16,0.0,30.561829,12.802177,2003
19586,r4i1p1f1,2003,08,17,0.0,29.156559,11.01346,2003
19587,r4i1p1f1,2003,08,18,0.0,28.99486,10.283943,2003
19588,r4i1p1f1,2003,08,19,0.0,31.087294,12.404094,2003
19589,r4i1p1f1,2003,08,20,0.0,35.23389,15.313124,2003
19590,r4i1p1f1,2003,08,21,0.0,34.76034,16.581367,2003
19591,r4i1p1f1,2003,08,22,0.0,34.186428,14.904683,2003
19592,r4i1p1f1,2003,08,23,0.0,32.63053,13.120637,2003
19593,r4i1p1f1,2003,08,24,0.0,31.600721,12.165889,2003
19594,r4i1p1f1,2003,08,25,0.0037366735114119365,32.142265,13.792753,2003
19595,r4i1p1f1,2003,08,26,0.002555364619638567,31.559391,12.947835,2003
19596,r4i1p1f1,2003,08,27,0.0,28.204063,9.697771,2003
19597,r4i1p1f1,2003,08,28,0.0,28.241127,9.250578,2003
19598,r4i1p1f1,2003,08,29,0.0,31.279533,10.804768,2003
19599,r4i1p1f1,2003,08,30,0.0,35.004818,12.946911,2003
19600,r4i1p1f1,2003,08,31,0.0,37.896687,16.550053,2003
19601,r4i1p1f1,2003,09,01,0.0,37.88678,18.539764,2003
19602,r4i1p1f1,2003,09,02,0.0,38.181213,19.053509,2003
19603,r4i1p1f1,2003,09,03,0.11485786301363987,36.89982,19.82991,2003
19604,r4i1p1f1,2003,09,04,0.0,37.59566,20.593122,2003
19605,r4i1p1f1,2003,09,05,0.0,37.641106,19.167961,2003
19606,r4i1p1f1,2003,09,06,0.0,35.03044,15.863888,2003
19607,r4i1p1f1,2003,09,07,0.0,29.530117,11.849803,2003
19608,r4i1p1f1,2003,09,08,0.0,28.014244,10.387711,2003
19609,r4i1p1f1,2003,09,09,0.0,25.646595,7.6382656,2003
19610,r4i1p1f1,2003,09,10,0.0,26.285141,6.53211,2003
19611,r4i1p1f1,2003,09,11,0.0,28.820845,11.4490385,2003
19612,r4i1p1f1,2003,09,12,0.0,30.89087,11.72111,2003
19613,r4i1p1f1,2003,09,13,0.0,33.442448,13.848987,2003
19614,r4i1p1f1,2003,09,14,0.0,33.814438,14.103579,2003
19615,r4i1p1f1,2003,09,15,0.0,33.80328,14.052106,2003
19616,r4i1p1f1,2003,09,16,0.0,32.68199,14.733929,2003
19617,r4i1p1f1,2003,09,17,0.0,30.959602,12.663651,2003
19618,r4i1p1f1,2003,09,18,0.0,32.449745,15.327772,2003
19619,r4i1p1f1,2003,09,19,0.0,31.54365,11.938221,2003
19620,r4i1p1f1,2003,09,20,0.0,28.819878,12.398376,2003
19621,r4i1p1f1,2003,09,21,0.0,27.621819,10.188697,2003
19622,r4i1p1f1,2003,09,22,0.0,27.505507,9.063095,2003
19623,r4i1p1f1,2003,09,23,0.0,26.959627,8.828352,2003
19624,r4i1p1f1,2003,09,24,0.0,26.804396,8.195515,2003
19625,r4i1p1f1,2003,09,25,0.0,26.121805,8.375859,2003
19626,r4i1p1f1,2003,09,26,0.0,23.525003,6.5835395,2003
19627,r4i1p1f1,2003,09,27,0.0,27.332565,9.006453,2003
19628,r4i1p1f1,2003,09,28,0.0,31.011522,11.816945,2003
19629,r4i1p1f1,2003,09,29,0.0,33.49839,13.761645,2003
19630,r4i1p1f1,2003,09,30,0.0,31.7168,13.348655,2003
19631,r4i1p1f1,2003,10,01,0.0,29.348778,12.124083,2003
19632,r4i1p1f1,2003,10,02,0.0,26.468874,11.213073,2003
19633,r4i1p1f1,2003,10,03,0.0,22.912046,6.9168243,2003
19634,r4i1p1f1,2003,10,04,0.0,21.691565,3.591,2003
19635,r4i1p1f1,2003,10,05,0.0,20.591541,2.551489,2003
19636,r4i1p1f1,2003,10,06,0.0,20.583212,3.8336039,2003
19637,r4i1p1f1,2003,10,07,0.0,19.851545,6.181028,2003
19638,r4i1p1f1,2003,10,08,0.0,21.989271,5.319647,2003
19639,r4i1p1f1,2003,10,09,0.0,24.690283,7.851015,2003
19640,r4i1p1f1,2003,10,10,0.0,29.128275,10.335326,2003
19641,r4i1p1f1,2003,10,11,0.0,31.355452,11.718334,2003
19642,r4i1p1f1,2003,10,12,0.0,31.362291,12.388532,2003
19643,r4i1p1f1,2003,10,13,0.0,31.391893,12.57346,2003
19644,r4i1p1f1,2003,10,14,0.0,29.125196,12.101486,2003
19645,r4i1p1f1,2003,10,15,0.0,26.581264,11.192403,2003
19646,r4i1p1f1,2003,10,16,10.22402792198136,21.308302,7.4596643,2003
19647,r4i1p1f1,2003,10,17,50.45058753557896,19.660305,11.177728,2003
19648,r4i1p1f1,2003,10,18,0.0,18.81811,4.1442866,2003
19649,r4i1p1f1,2003,10,19,0.0,18.358803,3.651347,2003
19650,r4i1p1f1,2003,10,20,0.0,19.187187,5.1374106,2003
19651,r4i1p1f1,2003,10,21,0.0,20.471169,5.1172853,2003
19652,r4i1p1f1,2003,10,22,0.0,19.979303,7.5335746,2003
19653,r4i1p1f1,2003,10,23,0.00485220693917654,20.862234,8.698689,2003
19654,r4i1p1f1,2003,10,24,0.0,22.009222,6.6396155,2003
19655,r4i1p1f1,2003,10,25,0.0,23.712769,7.834572,2003
19656,r4i1p1f1,2003,10,26,0.0,20.297493,7.09737,2003
19657,r4i1p1f1,2003,10,27,0.8236141973398503,14.709394,3.4553254,2003
19658,r4i1p1f1,2003,10,28,0.06309603334102576,15.110659,3.1882737,2003
19659,r4i1p1f1,2003,10,29,0.0,15.741854,3.5624783,2003
19660,r4i1p1f1,2003,10,30,0.2948557496893045,18.811398,6.559347,2003
19661,r4i1p1f1,2003,10,31,0.0,21.343895,5.9718122,2003
19662,r4i1p1f1,2003,11,01,0.0,23.144135,9.564116,2003
19663,r4i1p1f1,2003,11,02,0.0,21.945135,8.273213,2003
19664,r4i1p1f1,2003,11,03,0.0,21.88967,8.385925,2003
19665,r4i1p1f1,2003,11,04,0.0,20.22953,6.8874164,2003
19666,r4i1p1f1,2003,11,05,4.977344342387369,18.251757,6.67577,2003
19667,r4i1p1f1,2003,11,06,5.695637478913795,13.525012,8.339297,2003
19668,r4i1p1f1,2003,11,07,0.23597812235038873,16.36732,6.3204465,2003
19669,r4i1p1f1,2003,11,08,0.0,20.364262,7.607605,2003
19670,r4i1p1f1,2003,11,09,0.0,20.758377,6.834124,2003
19671,r4i1p1f1,2003,11,10,0.0,17.968067,5.4964237,2003
19672,r4i1p1f1,2003,11,11,0.23354283650860452,16.11249,9.974057,2003
19673,r4i1p1f1,2003,11,12,0.0,17.079044,5.664094,2003
19674,r4i1p1f1,2003,11,13,0.0,18.307713,4.9311666,2003
19675,r4i1p1f1,2003,11,14,0.6561364313142803,17.08654,4.985078,2003
19676,r4i1p1f1,2003,11,15,0.048218735901173204,14.859351,7.3101816,2003
19677,r4i1p1f1,2003,11,16,0.0,18.240828,6.369599,2003
19678,r4i1p1f1,2003,11,17,0.0,20.969612,7.757525,2003
19679,r4i1p1f1,2003,11,18,0.0,20.852467,5.15802,2003
19680,r4i1p1f1,2003,11,19,0.0,19.2031,6.987363,2003
19681,r4i1p1f1,2003,11,20,0.1446602180294576,17.734745,6.331408,2003
19682,r4i1p1f1,2003,11,21,41.20928244446986,15.172394,4.0770817,2003
19683,r4i1p1f1,2003,11,22,38.91126016496855,13.623686,1.7590163,2003
19684,r4i1p1f1,2003,11,23,24.897406716263504,14.337755,5.2465944,2003
19685,r4i1p1f1,2003,11,24,8.699270100129297,13.930874,8.496273,2003
19686,r4i1p1f1,2003,11,25,7.819672942122224,13.440604,4.788441,2003
19687,r4i1p1f1,2003,11,26,0.11250613515585428,11.262924,2.972936,2003
19688,r4i1p1f1,2003,11,27,0.0,13.38482,-0.043475892,2003
19689,r4i1p1f1,2003,11,28,0.0,14.0850725,0.7762336,2003
19690,r4i1p1f1,2003,11,29,10.702134477423897,8.799367,3.1306548,2003
19691,r4i1p1f1,2003,11,30,0.32964859329922547,8.050156,-2.208107,2003
19692,r4i1p1f1,2003,12,01,0.340824338778134,7.569008,0.5685361,2003
19693,r4i1p1f1,2003,12,02,0.0,11.925816,-0.24901485,2003
19694,r4i1p1f1,2003,12,03,0.3940551715629681,10.912213,3.9539425,2003
19695,r4i1p1f1,2003,12,04,1.6024487946804555,9.504577,4.718933,2003
19696,r4i1p1f1,2003,12,05,21.58059723305996,9.388979,2.9980516,2003
19697,r4i1p1f1,2003,12,06,28.717927179968683,9.902257,-1.4446392,2003
19698,r4i1p1f1,2003,12,07,7.945929489005721,6.2502623,-2.9976408,2003
19699,r4i1p1f1,2003,12,08,4.417941719748342,5.4816475,0.5973932,2003
19700,r4i1p1f1,2003,12,09,12.174106480415503,9.523101,3.1675506,2003
19701,r4i1p1f1,2003,12,10,1.5270416338523773,10.0459385,4.921133,2003
19702,r4i1p1f1,2003,12,11,7.277323479911502,10.870307,3.9506788,2003
19703,r4i1p1f1,2003,12,12,26.25211223239603,7.837858,-3.537575,2003
19704,r4i1p1f1,2003,12,13,0.0,5.268209,-4.4638515,2003
19705,r4i1p1f1,2003,12,14,0.0,5.080529,-4.7946053,2003
19706,r4i1p1f1,2003,12,15,3.3603133879466895,4.208052,-1.7718092,2003
19707,r4i1p1f1,2003,12,16,6.510912105841271,8.413357,1.9825562,2003
19708,r4i1p1f1,2003,12,17,0.0,8.063816,3.9074504,2003
19709,r4i1p1f1,2003,12,18,0.16857995613008825,9.395969,2.9088995,2003
19710,r4i1p1f1,2003,12,19,19.54100958282652,9.677804,1.2946903,2003
19711,r4i1p1f1,2003,12,20,9.96982132736548,6.4878087,0.92865425,2003
19712,r4i1p1f1,2003,12,21,6.516577775528276,4.17973,-3.198549,2003
19713,r4i1p1f1,2003,12,22,0.0,2.6502607,-4.4598913,2003
19714,r4i1p1f1,2003,12,23,0.0,3.1960516,-3.3815413,2003
19715,r4i1p1f1,2003,12,24,26.057354696968105,8.546843,-1.7463582,2003
19716,r4i1p1f1,2003,12,25,46.16649491872522,10.841005,3.0357704,2003
19717,r4i1p1f1,2003,12,26,11.714367629019762,7.6320233,2.186833,2003
19718,r4i1p1f1,2003,12,27,36.172062396963156,10.9551525,3.0055373,2003
19719,r4i1p1f1,2003,12,28,13.810780895892094,10.824585,3.2467701,2003
19720,r4i1p1f1,2003,12,29,13.730512500842451,10.178972,4.375916,2003
19721,r4i1p1f1,2003,12,30,6.065801937802462,10.849512,6.2757707,2003
19722,r4i1p1f1,2003,12,31,0.0,12.962372,2.8924165,2003
19723,r4i1p1f1,2004,01,01,0.0,16.2985,3.971873,2004
19724,r4i1p1f1,2004,01,02,0.0,17.497261,5.649344,2004
19725,r4i1p1f1,2004,01,03,0.0,16.162346,4.702446,2004
19726,r4i1p1f1,2004,01,04,0.0,15.115792,3.0823689,2004
19727,r4i1p1f1,2004,01,05,0.0,14.20991,3.4061272,2004
19728,r4i1p1f1,2004,01,06,0.0,13.662947,3.9461458,2004
19729,r4i1p1f1,2004,01,07,10.811746639501507,9.039637,4.8436933,2004
19730,r4i1p1f1,2004,01,08,0.0,11.724398,2.4989738,2004
19731,r4i1p1f1,2004,01,09,1.7726424498334836,10.422642,4.20152,2004
19732,r4i1p1f1,2004,01,10,0.40148270478823633,11.433025,5.147166,2004
19733,r4i1p1f1,2004,01,11,2.7391009784167863,11.206801,3.7191799,2004
19734,r4i1p1f1,2004,01,12,3.478175451232346,9.635611,0.13959922,2004
19735,r4i1p1f1,2004,01,13,3.0248605124427286,5.723493,-3.1771886,2004
19736,r4i1p1f1,2004,01,14,0.0,4.499401,-5.406242,2004
19737,r4i1p1f1,2004,01,15,7.877145552447473,2.2684498,-7.193485,2004
19738,r4i1p1f1,2004,01,16,4.638068357689917,3.3070765,-5.704088,2004
19739,r4i1p1f1,2004,01,17,0.0,6.360709,-5.3020644,2004
19740,r4i1p1f1,2004,01,18,0.0,8.842045,-2.621135,2004
19741,r4i1p1f1,2004,01,19,0.0,10.240874,-0.623004,2004
19742,r4i1p1f1,2004,01,20,0.0,10.438915,0.036798637,2004
19743,r4i1p1f1,2004,01,21,0.0,11.088479,1.2010149,2004
19744,r4i1p1f1,2004,01,22,0.0,11.715984,0.6803478,2004
19745,r4i1p1f1,2004,01,23,0.0,11.903859,0.41465685,2004
19746,r4i1p1f1,2004,01,24,0.4740054934586624,6.3410172,-4.5245256,2004
19747,r4i1p1f1,2004,01,25,0.0,5.3839273,-6.286774,2004
19748,r4i1p1f1,2004,01,26,0.0038398986816901015,6.7903943,-3.2217653,2004
19749,r4i1p1f1,2004,01,27,0.0,9.744456,-0.84073204,2004
19750,r4i1p1f1,2004,01,28,0.3222114805964793,8.781788,1.24721,2004
19751,r4i1p1f1,2004,01,29,0.0,7.6627088,-2.168876,2004
19752,r4i1p1f1,2004,01,30,0.0,10.67389,-0.47364202,2004
19753,r4i1p1f1,2004,01,31,0.0,11.298802,-0.5482632,2004
19754,r4i1p1f1,2004,02,01,0.0,11.463843,-2.4490733,2004
19755,r4i1p1f1,2004,02,02,0.0,6.228504,-5.4988585,2004
19756,r4i1p1f1,2004,02,03,0.0,5.435105,-6.4996533,2004
19757,r4i1p1f1,2004,02,04,0.0,10.171032,-3.073811,2004
19758,r4i1p1f1,2004,02,05,0.0,14.016974,0.6601067,2004
19759,r4i1p1f1,2004,02,06,0.0,14.633752,2.18682,2004
19760,r4i1p1f1,2004,02,07,10.128518561032251,9.352191,2.579057,2004
19761,r4i1p1f1,2004,02,08,20.109818005312263,8.9874935,-5.0815887,2004
19762,r4i1p1f1,2004,02,09,0.03248532630095724,6.5761404,-4.906294,2004
19763,r4i1p1f1,2004,02,10,12.740127267170465,7.879131,-2.1283052,2004
19764,r4i1p1f1,2004,02,11,2.487573442772373,8.302738,3.752159,2004
19765,r4i1p1f1,2004,02,12,15.03738323062862,8.926523,-1.8475846,2004
19766,r4i1p1f1,2004,02,13,0.0,5.909663,-8.45144,2004
19767,r4i1p1f1,2004,02,14,0.0,6.310304,-8.196409,2004
19768,r4i1p1f1,2004,02,15,2.462511882521312,4.772286,-8.865069,2004
19769,r4i1p1f1,2004,02,16,2.6391167189444786,5.6149473,-6.2879047,2004
19770,r4i1p1f1,2004,02,17,0.0,6.3373413,-6.9065895,2004
19771,r4i1p1f1,2004,02,18,3.621993494767395,3.2350488,-1.9876292,2004
19772,r4i1p1f1,2004,02,19,0.0,4.3140693,-9.192471,2004
19773,r4i1p1f1,2004,02,20,1.9736584035570104,3.482321,-8.475939,2004
19774,r4i1p1f1,2004,02,21,0.0,8.850457,-6.3356047,2004
19775,r4i1p1f1,2004,02,22,0.0,8.049925,-2.3454666,2004
19776,r4i1p1f1,2004,02,23,3.2556504621197746,5.344104,-0.14325969,2004
19777,r4i1p1f1,2004,02,24,0.0,8.735844,-3.6329608,2004
19778,r4i1p1f1,2004,02,25,0.0,8.76752,0.9474605,2004
19779,r4i1p1f1,2004,02,26,0.0,10.346327,-0.16484478,2004
19780,r4i1p1f1,2004,02,27,0.8269254306753737,10.296528,1.5881047,2004
19781,r4i1p1f1,2004,02,28,0.0,10.6831875,-2.8124132,2004
19782,r4i1p1f1,2004,02,29,0.0,10.463446,-1.1429919,2004
19783,r4i1p1f1,2004,03,01,1.3479243144843167,10.35104,-0.08403296,2004
19784,r4i1p1f1,2004,03,02,1.7602886722102085,11.530947,3.3718374,2004
19785,r4i1p1f1,2004,03,03,0.0,12.209682,-3.3334622,2004
19786,r4i1p1f1,2004,03,04,0.0,14.175924,-0.47768116,2004
19787,r4i1p1f1,2004,03,05,5.666182258494246,11.4288435,-1.2594247,2004
19788,r4i1p1f1,2004,03,06,0.0,9.530541,-2.1002226,2004
19789,r4i1p1f1,2004,03,07,0.0,12.024303,-1.7969551,2004
19790,r4i1p1f1,2004,03,08,0.0,14.338789,-0.38238636,2004
19791,r4i1p1f1,2004,03,09,0.0,14.118639,1.9962115,2004
19792,r4i1p1f1,2004,03,10,0.01806606412628753,16.442488,2.1643095,2004
19793,r4i1p1f1,2004,03,11,0.0,14.928486,2.0125535,2004
19794,r4i1p1f1,2004,03,12,7.103956969592673,12.519197,0.84726757,2004
19795,r4i1p1f1,2004,03,13,16.186221646421473,9.1673,1.2311183,2004
19796,r4i1p1f1,2004,03,14,14.367289861684185,6.9081903,1.8863093,2004
19797,r4i1p1f1,2004,03,15,0.0,9.695097,-4.6089764,2004
19798,r4i1p1f1,2004,03,16,0.06866304636332643,9.323912,-0.53308994,2004
19799,r4i1p1f1,2004,03,17,0.0,11.71323,-2.0544345,2004
19800,r4i1p1f1,2004,03,18,0.0,14.2458,3.106565,2004
19801,r4i1p1f1,2004,03,19,0.0,19.434217,1.1091843,2004
19802,r4i1p1f1,2004,03,20,0.0,21.348713,3.3944964,2004
19803,r4i1p1f1,2004,03,21,0.0,20.741852,5.833313,2004
19804,r4i1p1f1,2004,03,22,0.0,20.886463,6.0222216,2004
19805,r4i1p1f1,2004,03,23,0.0,20.332186,5.0240445,2004
19806,r4i1p1f1,2004,03,24,0.0,19.964432,4.5967135,2004
19807,r4i1p1f1,2004,03,25,0.0,20.404396,4.6693015,2004
19808,r4i1p1f1,2004,03,26,0.0,21.561777,5.8207755,2004
19809,r4i1p1f1,2004,03,27,0.0,22.071533,7.0123434,2004
19810,r4i1p1f1,2004,03,28,0.005381516348279547,21.864864,6.762476,2004
19811,r4i1p1f1,2004,03,29,0.0,21.05619,4.7399983,2004
19812,r4i1p1f1,2004,03,30,0.0,22.324572,5.2378507,2004
19813,r4i1p1f1,2004,03,31,0.0,25.201715,5.593519,2004
19814,r4i1p1f1,2004,04,01,0.0,22.733088,5.8928056,2004
19815,r4i1p1f1,2004,04,02,7.451856828589598,14.410729,6.9675727,2004
19816,r4i1p1f1,2004,04,03,0.0,18.145931,5.1978006,2004
19817,r4i1p1f1,2004,04,04,0.0,25.705635,7.35539,2004
19818,r4i1p1f1,2004,04,05,0.0,27.16764,9.189309,2004
19819,r4i1p1f1,2004,04,06,0.03831774647551356,24.54711,9.188259,2004
19820,r4i1p1f1,2004,04,07,0.0,23.840391,6.2864194,2004
19821,r4i1p1f1,2004,04,08,0.0,25.007793,9.987852,2004
19822,r4i1p1f1,2004,04,09,0.0,26.211203,9.812834,2004
19823,r4i1p1f1,2004,04,10,0.0,28.713627,9.767576,2004
19824,r4i1p1f1,2004,04,11,0.0,28.516884,11.02773,2004
19825,r4i1p1f1,2004,04,12,0.0,27.376522,10.414147,2004
19826,r4i1p1f1,2004,04,13,0.0,27.567057,10.022034,2004
19827,r4i1p1f1,2004,04,14,0.0,23.488884,6.948808,2004
19828,r4i1p1f1,2004,04,15,0.0,21.169498,5.2457604,2004
19829,r4i1p1f1,2004,04,16,0.0,18.346605,3.2263243,2004
19830,r4i1p1f1,2004,04,17,0.016001146195776528,15.274329,0.92530304,2004
19831,r4i1p1f1,2004,04,18,0.0,19.775972,2.3530188,2004
19832,r4i1p1f1,2004,04,19,0.2865721117942144,18.98159,5.4013762,2004
19833,r4i1p1f1,2004,04,20,1.7394811187784853,13.456026,3.9606895,2004
19834,r4i1p1f1,2004,04,21,0.27033272871221925,12.981005,-2.171857,2004
19835,r4i1p1f1,2004,04,22,0.0,11.097416,-2.6835349,2004
19836,r4i1p1f1,2004,04,23,0.0,15.793089,-2.1290293,2004
19837,r4i1p1f1,2004,04,24,0.06172700665274533,15.255199,1.0238041,2004
19838,r4i1p1f1,2004,04,25,0.6986530007452529,15.608761,3.379384,2004
19839,r4i1p1f1,2004,04,26,0.0,23.206358,6.965009,2004
19840,r4i1p1f1,2004,04,27,0.0,26.549276,9.581236,2004
19841,r4i1p1f1,2004,04,28,0.0,30.39486,12.360028,2004
19842,r4i1p1f1,2004,04,29,0.0,32.41688,13.841849,2004
19843,r4i1p1f1,2004,04,30,0.0,30.200361,13.200245,2004
19844,r4i1p1f1,2004,05,01,0.0,29.77403,12.867801,2004
19845,r4i1p1f1,2004,05,02,0.034998117530449235,25.818956,8.853235,2004
19846,r4i1p1f1,2004,05,03,0.00048004359314290923,22.443764,5.673574,2004
19847,r4i1p1f1,2004,05,04,0.0,21.841183,6.075663,2004
19848,r4i1p1f1,2004,05,05,0.0,18.868507,7.6967793,2004
19849,r4i1p1f1,2004,05,06,1.25995676992261,17.634638,4.3052893,2004
19850,r4i1p1f1,2004,05,07,0.0,22.60192,5.793184,2004
19851,r4i1p1f1,2004,05,08,0.0,22.172081,8.867911,2004
19852,r4i1p1f1,2004,05,09,0.0,23.00615,6.2668915,2004
19853,r4i1p1f1,2004,05,10,1.9216214575157764,20.929491,3.9300563,2004
19854,r4i1p1f1,2004,05,11,0.2828000283784604,19.870201,6.0037284,2004
19855,r4i1p1f1,2004,05,12,0.0,24.560368,6.330648,2004
19856,r4i1p1f1,2004,05,13,0.04445067670530989,24.01749,5.6269946,2004
19857,r4i1p1f1,2004,05,14,0.0,20.747736,5.3238835,2004
19858,r4i1p1f1,2004,05,15,0.0,20.77175,3.369326,2004
19859,r4i1p1f1,2004,05,16,0.0,20.22701,3.0036623,2004
19860,r4i1p1f1,2004,05,17,0.0,20.669146,4.057935,2004
19861,r4i1p1f1,2004,05,18,0.0,21.666496,3.382372,2004
19862,r4i1p1f1,2004,05,19,0.3832140318692723,21.146095,6.099361,2004
19863,r4i1p1f1,2004,05,20,0.31612122066917436,21.598097,10.2614355,2004
19864,r4i1p1f1,2004,05,21,0.0,26.951529,8.918439,2004
19865,r4i1p1f1,2004,05,22,0.0,31.077751,11.126082,2004
19866,r4i1p1f1,2004,05,23,0.0,31.740208,12.96525,2004
19867,r4i1p1f1,2004,05,24,0.5504619898033525,27.118301,10.694612,2004
19868,r4i1p1f1,2004,05,25,0.24531533049412246,21.695751,7.6334515,2004
19869,r4i1p1f1,2004,05,26,0.0,25.818394,7.8932014,2004
19870,r4i1p1f1,2004,05,27,0.0,28.665976,9.041102,2004
19871,r4i1p1f1,2004,05,28,0.0,26.79582,8.731395,2004
19872,r4i1p1f1,2004,05,29,0.0,25.574005,7.3930798,2004
19873,r4i1p1f1,2004,05,30,0.0,26.81395,9.899155,2004
19874,r4i1p1f1,2004,05,31,0.0,28.848623,11.361202,2004
19875,r4i1p1f1,2004,06,01,0.0,28.127468,7.6486716,2004
19876,r4i1p1f1,2004,06,02,0.0,26.783678,9.138918,2004
19877,r4i1p1f1,2004,06,03,0.0,23.332947,7.988638,2004
19878,r4i1p1f1,2004,06,04,0.0,22.049553,4.719937,2004
19879,r4i1p1f1,2004,06,05,0.0,25.18966,6.288766,2004
19880,r4i1p1f1,2004,06,06,0.04978547867722227,24.190397,6.2981772,2004
19881,r4i1p1f1,2004,06,07,0.19850053976107063,15.081798,3.4879296,2004
19882,r4i1p1f1,2004,06,08,0.0,16.450567,3.216315,2004
19883,r4i1p1f1,2004,06,09,0.0,24.44367,5.215865,2004
19884,r4i1p1f1,2004,06,10,0.0,28.469906,8.211389,2004
19885,r4i1p1f1,2004,06,11,8.171184172203994,24.798407,6.519374,2004
19886,r4i1p1f1,2004,06,12,0.0027301403719093287,16.251284,6.7886276,2004
19887,r4i1p1f1,2004,06,13,0.0,20.198177,3.8005316,2004
19888,r4i1p1f1,2004,06,14,0.0,26.347511,6.966045,2004
19889,r4i1p1f1,2004,06,15,0.0,28.160614,10.107788,2004
19890,r4i1p1f1,2004,06,16,0.0,28.505154,10.550103,2004
19891,r4i1p1f1,2004,06,17,0.0036594071389117744,28.297594,9.733288,2004
19892,r4i1p1f1,2004,06,18,0.010040249617304653,26.836273,9.525357,2004
19893,r4i1p1f1,2004,06,19,0.0,25.431114,9.126206,2004
19894,r4i1p1f1,2004,06,20,0.049042459522752324,25.567652,7.6665287,2004
19895,r4i1p1f1,2004,06,21,0.12794544663847773,24.168549,10.940115,2004
19896,r4i1p1f1,2004,06,22,0.005665656794917595,21.182869,7.467002,2004
19897,r4i1p1f1,2004,06,23,0.008456437240056403,22.795588,7.584379,2004
19898,r4i1p1f1,2004,06,24,0.0,29.481222,9.387639,2004
19899,r4i1p1f1,2004,06,25,0.0,35.124477,15.8082075,2004
19900,r4i1p1f1,2004,06,26,0.0,35.515057,16.802256,2004
19901,r4i1p1f1,2004,06,27,0.0,32.025043,13.989256,2004
19902,r4i1p1f1,2004,06,28,0.0,32.716465,13.563615,2004
19903,r4i1p1f1,2004,06,29,0.0,34.20936,15.7355385,2004
19904,r4i1p1f1,2004,06,30,0.0,34.999397,15.993062,2004
19905,r4i1p1f1,2004,07,01,0.0,35.892925,15.954446,2004
19906,r4i1p1f1,2004,07,02,0.0,34.683388,16.86188,2004
19907,r4i1p1f1,2004,07,03,0.09144253765498433,31.9185,16.494415,2004
19908,r4i1p1f1,2004,07,04,0.004083709882252151,30.738234,13.639471,2004
19909,r4i1p1f1,2004,07,05,0.0,29.785841,9.010864,2004
19910,r4i1p1f1,2004,07,06,0.0,26.031113,8.226448,2004
19911,r4i1p1f1,2004,07,07,0.0,27.43206,9.233693,2004
19912,r4i1p1f1,2004,07,08,0.0,26.409779,8.697129,2004
19913,r4i1p1f1,2004,07,09,0.0,26.106892,6.2358623,2004
19914,r4i1p1f1,2004,07,10,0.0,26.422064,8.356393,2004
19915,r4i1p1f1,2004,07,11,0.0,26.310585,8.14268,2004
19916,r4i1p1f1,2004,07,12,0.0,30.31686,10.605165,2004
19917,r4i1p1f1,2004,07,13,0.0,35.042183,14.299038,2004
19918,r4i1p1f1,2004,07,14,0.0,35.52527,16.275024,2004
19919,r4i1p1f1,2004,07,15,0.0,34.960327,15.56509,2004
19920,r4i1p1f1,2004,07,16,0.0,34.544956,15.150935,2004
19921,r4i1p1f1,2004,07,17,0.0,33.50757,14.818089,2004
19922,r4i1p1f1,2004,07,18,0.0,30.248522,12.061035,2004
19923,r4i1p1f1,2004,07,19,0.0,28.259718,8.602308,2004
19924,r4i1p1f1,2004,07,20,0.0,30.68415,12.552819,2004
19925,r4i1p1f1,2004,07,21,0.0,31.30386,14.073246,2004
19926,r4i1p1f1,2004,07,22,0.0,31.631762,13.602925,2004
19927,r4i1p1f1,2004,07,23,0.0,33.29837,13.8350935,2004
19928,r4i1p1f1,2004,07,24,0.0,34.37047,15.575075,2004
19929,r4i1p1f1,2004,07,25,0.0,34.33102,16.301414,2004
19930,r4i1p1f1,2004,07,26,0.0,32.812733,14.06081,2004
19931,r4i1p1f1,2004,07,27,0.0,33.101437,13.451468,2004
19932,r4i1p1f1,2004,07,28,0.0,33.923996,14.193084,2004
19933,r4i1p1f1,2004,07,29,0.0,33.45295,13.4602585,2004
19934,r4i1p1f1,2004,07,30,0.0,31.209206,12.104412,2004
19935,r4i1p1f1,2004,07,31,0.0,32.33047,12.853283,2004
19936,r4i1p1f1,2004,08,01,0.0,33.440853,13.732609,2004
19937,r4i1p1f1,2004,08,02,0.0,34.8618,15.674381,2004
19938,r4i1p1f1,2004,08,03,0.0,34.76198,15.884733,2004
19939,r4i1p1f1,2004,08,04,0.0,34.667454,15.989197,2004
19940,r4i1p1f1,2004,08,05,0.0,36.115982,16.291925,2004
19941,r4i1p1f1,2004,08,06,0.0,36.113487,17.11618,2004
19942,r4i1p1f1,2004,08,07,0.0,35.646698,16.787668,2004
19943,r4i1p1f1,2004,08,08,0.0,34.349747,15.531246,2004
19944,r4i1p1f1,2004,08,09,0.0,32.362076,13.191919,2004
19945,r4i1p1f1,2004,08,10,0.0,31.17749,12.527256,2004
19946,r4i1p1f1,2004,08,11,0.0,33.771603,13.8508,2004
19947,r4i1p1f1,2004,08,12,0.0,36.047646,16.556639,2004
19948,r4i1p1f1,2004,08,13,0.0,35.754063,17.003242,2004
19949,r4i1p1f1,2004,08,14,0.0,33.632114,14.76466,2004
19950,r4i1p1f1,2004,08,15,0.0,30.633419,10.7969,2004
19951,r4i1p1f1,2004,08,16,0.0,29.654575,9.805101,2004
19952,r4i1p1f1,2004,08,17,0.0,27.239145,7.9136877,2004
19953,r4i1p1f1,2004,08,18,0.0,27.598793,8.576338,2004
19954,r4i1p1f1,2004,08,19,0.0,30.51767,10.902334,2004
19955,r4i1p1f1,2004,08,20,0.0,30.972713,11.9586525,2004
19956,r4i1p1f1,2004,08,21,0.0,33.151997,13.324403,2004
19957,r4i1p1f1,2004,08,22,0.0,33.38379,13.027061,2004
19958,r4i1p1f1,2004,08,23,0.0,33.40764,12.393716,2004
19959,r4i1p1f1,2004,08,24,0.0,32.973675,12.569432,2004
19960,r4i1p1f1,2004,08,25,0.0,32.31625,11.822859,2004
19961,r4i1p1f1,2004,08,26,0.0,32.985573,12.808119,2004
19962,r4i1p1f1,2004,08,27,0.0,32.907814,12.945748,2004
19963,r4i1p1f1,2004,08,28,0.0,31.487104,11.466557,2004
19964,r4i1p1f1,2004,08,29,0.0,31.615133,11.447065,2004
19965,r4i1p1f1,2004,08,30,0.0,30.981716,11.954491,2004
19966,r4i1p1f1,2004,08,31,0.0,30.322517,11.653116,2004
19967,r4i1p1f1,2004,09,01,0.0,30.599434,13.913674,2004
19968,r4i1p1f1,2004,09,02,0.0,31.184652,13.012745,2004
19969,r4i1p1f1,2004,09,03,0.0,32.44689,12.979048,2004
19970,r4i1p1f1,2004,09,04,0.0,34.473045,15.063082,2004
19971,r4i1p1f1,2004,09,05,0.0,34.594685,16.876888,2004
19972,r4i1p1f1,2004,09,06,0.0,33.32553,15.029234,2004
19973,r4i1p1f1,2004,09,07,0.0,29.016073,10.479087,2004
19974,r4i1p1f1,2004,09,08,0.0,27.329018,10.445936,2004
19975,r4i1p1f1,2004,09,09,0.0,31.488625,11.937748,2004
19976,r4i1p1f1,2004,09,10,0.0,33.096558,14.057757,2004
19977,r4i1p1f1,2004,09,11,0.0,33.370163,15.551374,2004
19978,r4i1p1f1,2004,09,12,0.0,31.717703,14.477478,2004
19979,r4i1p1f1,2004,09,13,0.0,30.04916,10.77656,2004
19980,r4i1p1f1,2004,09,14,0.0,24.046194,5.39606,2004
19981,r4i1p1f1,2004,09,15,0.009509032588539412,16.03498,0.4446692,2004
19982,r4i1p1f1,2004,09,16,0.0,16.533401,1.4454007,2004
19983,r4i1p1f1,2004,09,17,0.0,21.82404,4.0889807,2004
19984,r4i1p1f1,2004,09,18,0.0,25.535295,5.5561666,2004
19985,r4i1p1f1,2004,09,19,0.0,27.647074,9.8405075,2004
19986,r4i1p1f1,2004,09,20,0.0,25.776505,7.0991287,2004
19987,r4i1p1f1,2004,09,21,0.0,21.004217,3.0724912,2004
19988,r4i1p1f1,2004,09,22,0.009150275161573518,16.095634,1.8650088,2004
19989,r4i1p1f1,2004,09,23,0.0,19.503357,2.2586758,2004
19990,r4i1p1f1,2004,09,24,0.0,23.29232,4.945312,2004
19991,r4i1p1f1,2004,09,25,0.0,23.422802,8.488113,2004
19992,r4i1p1f1,2004,09,26,0.011719711937985267,23.479912,6.639245,2004
19993,r4i1p1f1,2004,09,27,0.0,26.562801,7.8914695,2004
19994,r4i1p1f1,2004,09,28,0.0,25.977257,7.9322076,2004
19995,r4i1p1f1,2004,09,29,0.0,23.501722,7.5274124,2004
19996,r4i1p1f1,2004,09,30,0.0,26.450312,9.874629,2004
19997,r4i1p1f1,2004,10,01,0.0,29.241825,12.406404,2004
19998,r4i1p1f1,2004,10,02,0.0,28.744385,11.996166,2004
19999,r4i1p1f1,2004,10,03,0.0,30.212263,10.560481,2004
20000,r4i1p1f1,2004,10,04,0.15013031747912464,29.690735,12.376535,2004
20001,r4i1p1f1,2004,10,05,0.5932635847329948,25.662783,9.467253,2004
20002,r4i1p1f1,2004,10,06,0.0,24.520449,7.756895,2004
20003,r4i1p1f1,2004,10,07,0.0,24.682999,8.639478,2004
20004,r4i1p1f1,2004,10,08,0.0,25.00233,7.270536,2004
20005,r4i1p1f1,2004,10,09,0.0,24.235542,6.733444,2004
20006,r4i1p1f1,2004,10,10,0.0,23.752563,8.01738,2004
20007,r4i1p1f1,2004,10,11,0.0,26.68814,9.290577,2004
20008,r4i1p1f1,2004,10,12,0.0,30.689714,12.493345,2004
20009,r4i1p1f1,2004,10,13,0.0,31.178541,13.8642845,2004
20010,r4i1p1f1,2004,10,14,0.0,29.924988,11.681768,2004
20011,r4i1p1f1,2004,10,15,0.0,29.630545,12.197425,2004
20012,r4i1p1f1,2004,10,16,0.0,29.873775,10.627308,2004
20013,r4i1p1f1,2004,10,17,0.0,29.16826,13.324092,2004
20014,r4i1p1f1,2004,10,18,0.0,23.507572,8.714315,2004
20015,r4i1p1f1,2004,10,19,0.0,19.752167,5.2438145,2004
20016,r4i1p1f1,2004,10,20,0.0,18.809713,6.3889976,2004
20017,r4i1p1f1,2004,10,21,0.34835949362275187,14.769836,7.0541263,2004
20018,r4i1p1f1,2004,10,22,2.186247757788351,13.731176,6.717693,2004
20019,r4i1p1f1,2004,10,23,0.028407609329406114,17.6455,4.0574117,2004
20020,r4i1p1f1,2004,10,24,0.32911893466121,23.05859,6.673467,2004
20021,r4i1p1f1,2004,10,25,0.0,24.831158,11.211456,2004
20022,r4i1p1f1,2004,10,26,0.0,23.701708,8.7082405,2004
20023,r4i1p1f1,2004,10,27,0.0,24.087593,7.8978934,2004
20024,r4i1p1f1,2004,10,28,0.0,23.726032,8.422311,2004
20025,r4i1p1f1,2004,10,29,0.0,21.521646,7.247778,2004
20026,r4i1p1f1,2004,10,30,0.0,19.549263,5.1419687,2004
20027,r4i1p1f1,2004,10,31,0.0,22.583696,5.7675037,2004
20028,r4i1p1f1,2004,11,01,0.0,23.26592,8.364002,2004
20029,r4i1p1f1,2004,11,02,0.0,22.843027,7.7274847,2004
20030,r4i1p1f1,2004,11,03,0.0,23.379723,8.052139,2004
20031,r4i1p1f1,2004,11,04,0.0,24.077589,8.833899,2004
20032,r4i1p1f1,2004,11,05,0.0,25.33579,9.07215,2004
20033,r4i1p1f1,2004,11,06,0.0,24.070353,10.22886,2004
20034,r4i1p1f1,2004,11,07,0.0,18.60992,5.271416,2004
20035,r4i1p1f1,2004,11,08,0.12535071548427368,15.6498785,7.4221473,2004
20036,r4i1p1f1,2004,11,09,5.460623434601075,12.194416,4.1591177,2004
20037,r4i1p1f1,2004,11,10,21.798282221789123,10.441513,0.60113114,2004
20038,r4i1p1f1,2004,11,11,16.457705335778883,11.926088,-0.67824507,2004
20039,r4i1p1f1,2004,11,12,0.9540540065188452,8.08233,0.6961595,2004
20040,r4i1p1f1,2004,11,13,9.093445177859394,6.9320974,-0.5508624,2004
20041,r4i1p1f1,2004,11,14,11.298372547207691,5.8983555,-1.018809,2004
20042,r4i1p1f1,2004,11,15,0.9201603308639505,6.0053716,-0.60504454,2004
20043,r4i1p1f1,2004,11,16,40.031185415864456,9.79259,-0.35901493,2004
20044,r4i1p1f1,2004,11,17,42.01179873749652,12.091244,0.38585848,2004
20045,r4i1p1f1,2004,11,18,0.32788775104108936,8.413697,0.9268593,2004
20046,r4i1p1f1,2004,11,19,0.0,8.334519,-3.4762585,2004
20047,r4i1p1f1,2004,11,20,1.7474782339320427,10.032196,2.800978,2004
20048,r4i1p1f1,2004,11,21,8.385126376606422,9.058182,2.6353302,2004
20049,r4i1p1f1,2004,11,22,0.0,8.599346,-1.3715267,2004
20050,r4i1p1f1,2004,11,23,0.2346357890019135,10.769192,-2.6301181,2004
20051,r4i1p1f1,2004,11,24,0.0,11.476296,0.72977084,2004
20052,r4i1p1f1,2004,11,25,0.0,12.933595,0.54238343,2004
20053,r4i1p1f1,2004,11,26,0.0,15.295299,2.0697868,2004
20054,r4i1p1f1,2004,11,27,0.0,16.52696,1.8774921,2004
20055,r4i1p1f1,2004,11,28,0.0,16.11658,2.9192963,2004
20056,r4i1p1f1,2004,11,29,0.0,19.241812,3.8403282,2004
20057,r4i1p1f1,2004,11,30,0.0,18.716887,3.2796946,2004
20058,r4i1p1f1,2004,12,01,0.0,16.764793,6.616789,2004
20059,r4i1p1f1,2004,12,02,0.0,16.138674,5.1705594,2004
20060,r4i1p1f1,2004,12,03,0.0,15.387943,3.653525,2004
20061,r4i1p1f1,2004,12,04,0.0,13.884501,3.9196947,2004
20062,r4i1p1f1,2004,12,05,0.0,14.613961,3.174667,2004
20063,r4i1p1f1,2004,12,06,0.0,15.147215,3.2861578,2004
20064,r4i1p1f1,2004,12,07,0.0,16.229763,3.4260983,2004
20065,r4i1p1f1,2004,12,08,0.0,14.425587,3.841495,2004
20066,r4i1p1f1,2004,12,09,0.0,16.067757,4.6247964,2004
20067,r4i1p1f1,2004,12,10,0.0,17.277996,5.1757617,2004
20068,r4i1p1f1,2004,12,11,0.0,16.838568,5.9024396,2004
20069,r4i1p1f1,2004,12,12,0.0,15.796339,3.9322078,2004
20070,r4i1p1f1,2004,12,13,0.0,13.60554,2.5489762,2004
20071,r4i1p1f1,2004,12,14,0.0,13.167541,2.2920947,2004
20072,r4i1p1f1,2004,12,15,0.0,14.512608,2.2076426,2004
20073,r4i1p1f1,2004,12,16,0.0,13.578136,3.9951231,2004
20074,r4i1p1f1,2004,12,17,3.280120383095664,13.363358,7.487047,2004
20075,r4i1p1f1,2004,12,18,3.236983179795061,13.914968,7.9588633,2004
20076,r4i1p1f1,2004,12,19,3.8112379264703122,11.765577,3.4743488,2004
20077,r4i1p1f1,2004,12,20,10.67949104199215,5.922135,1.5667398,2004
20078,r4i1p1f1,2004,12,21,1.8508805675651274,5.8479886,-1.1882863,2004
20079,r4i1p1f1,2004,12,22,0.0,7.7079196,-2.9651442,2004
20080,r4i1p1f1,2004,12,23,0.0,8.816662,-1.7278835,2004
20081,r4i1p1f1,2004,12,24,0.0,10.792987,-0.39911827,2004
20082,r4i1p1f1,2004,12,25,0.0,13.935795,2.2037458,2004
20083,r4i1p1f1,2004,12,26,0.0,12.420401,1.5929805,2004
20084,r4i1p1f1,2004,12,27,0.19193089697182586,12.21275,3.0752873,2004
20085,r4i1p1f1,2004,12,28,11.632902890414698,11.478651,1.550919,2004
20086,r4i1p1f1,2004,12,29,26.549746644377592,13.975061,3.5863223,2004
20087,r4i1p1f1,2004,12,30,78.04167619615328,16.173326,6.0412507,2004
20088,r4i1p1f1,2004,12,31,13.524219473902122,12.800378,1.6605927,2004
20089,r4i1p1f1,2005,01,01,34.86830211695633,9.859614,1.3554177,2005
20090,r4i1p1f1,2005,01,02,17.38497202495637,7.7151575,1.5039196,2005
20091,r4i1p1f1,2005,01,03,8.301781799764285,4.9279194,0.81819594,2005
20092,r4i1p1f1,2005,01,04,0.0,8.216207,-4.5451756,2005
20093,r4i1p1f1,2005,01,05,0.27584100306032866,7.299384,-0.20938295,2005
20094,r4i1p1f1,2005,01,06,0.07966221876927193,7.4445777,0.43723243,2005
20095,r4i1p1f1,2005,01,07,23.415779968036077,6.016076,-0.6845391,2005
20096,r4i1p1f1,2005,01,08,60.72697367853834,10.714694,4.0299335,2005
20097,r4i1p1f1,2005,01,09,70.43079200957436,11.981525,4.9984927,2005
20098,r4i1p1f1,2005,01,10,31.642456282133935,11.743653,0.925166,2005
20099,r4i1p1f1,2005,01,11,5.464702640949781,8.0938225,3.1907487,2005
20100,r4i1p1f1,2005,01,12,15.6220056111124,9.316388,2.4488542,2005
20101,r4i1p1f1,2005,01,13,0.0,14.05435,2.5313272,2005
20102,r4i1p1f1,2005,01,14,26.85727663083526,12.009255,2.7907119,2005
20103,r4i1p1f1,2005,01,15,6.360289491266258,7.9472775,-4.1434417,2005
20104,r4i1p1f1,2005,01,16,0.0,5.9877906,-1.6328019,2005
20105,r4i1p1f1,2005,01,17,0.0,9.109994,-1.0851972,2005
20106,r4i1p1f1,2005,01,18,0.0,10.308786,-0.6335966,2005
20107,r4i1p1f1,2005,01,19,0.0,9.872706,0.89679825,2005
20108,r4i1p1f1,2005,01,20,0.0,9.211922,4.1155105,2005
20109,r4i1p1f1,2005,01,21,0.3201266310043138,11.0891695,5.1755013,2005
20110,r4i1p1f1,2005,01,22,0.0,15.8013,3.5734906,2005
20111,r4i1p1f1,2005,01,23,0.0,15.978884,5.2494226,2005
20112,r4i1p1f1,2005,01,24,4.9974586765301865,12.547169,4.529159,2005
20113,r4i1p1f1,2005,01,25,0.011119042753193753,10.880073,4.205953,2005
20114,r4i1p1f1,2005,01,26,56.2200260872487,10.82715,1.4760984,2005
20115,r4i1p1f1,2005,01,27,5.3957424560742595,6.464675,0.49501836,2005
20116,r4i1p1f1,2005,01,28,0.0,10.230833,1.2543485,2005
20117,r4i1p1f1,2005,01,29,0.0,13.807287,2.5168715,2005
20118,r4i1p1f1,2005,01,30,0.0,17.165342,4.361606,2005
20119,r4i1p1f1,2005,01,31,0.0,17.765568,5.6173954,2005
20120,r4i1p1f1,2005,02,01,0.0,17.492441,4.8368034,2005
20121,r4i1p1f1,2005,02,02,0.0,12.760855,0.06479517,2005
20122,r4i1p1f1,2005,02,03,0.0,10.215422,-2.1156874,2005
20123,r4i1p1f1,2005,02,04,0.0,10.175714,-1.7943162,2005
20124,r4i1p1f1,2005,02,05,0.0,11.631867,-0.10393211,2005
20125,r4i1p1f1,2005,02,06,0.0,14.849721,4.363882,2005
20126,r4i1p1f1,2005,02,07,0.0,15.885267,3.1521857,2005
20127,r4i1p1f1,2005,02,08,0.0,16.769417,2.700289,2005
20128,r4i1p1f1,2005,02,09,0.0,16.297274,4.2717314,2005
20129,r4i1p1f1,2005,02,10,0.0,17.525108,4.8147187,2005
20130,r4i1p1f1,2005,02,11,0.0,17.053013,3.648869,2005
20131,r4i1p1f1,2005,02,12,0.0,17.075142,3.153031,2005
20132,r4i1p1f1,2005,02,13,0.6406973598615195,16.209791,4.3116345,2005
20133,r4i1p1f1,2005,02,14,0.06423907732369116,14.001797,5.4649296,2005
20134,r4i1p1f1,2005,02,15,0.0,14.565262,4.419378,2005
20135,r4i1p1f1,2005,02,16,0.0,15.519747,1.7733092,2005
20136,r4i1p1f1,2005,02,17,0.0,16.445404,1.9926088,2005
20137,r4i1p1f1,2005,02,18,0.0,15.786952,2.2094257,2005
20138,r4i1p1f1,2005,02,19,0.885744641459496,11.825607,4.885706,2005
20139,r4i1p1f1,2005,02,20,16.01923934720162,10.5965605,4.897974,2005
20140,r4i1p1f1,2005,02,21,3.778963566492166,12.103937,3.7942357,2005
20141,r4i1p1f1,2005,02,22,47.75235545330361,13.171802,5.6175632,2005
20142,r4i1p1f1,2005,02,23,4.332879124700639,11.912109,3.9361835,2005
20143,r4i1p1f1,2005,02,24,0.0,13.390247,6.5873723,2005
20144,r4i1p1f1,2005,02,25,25.925661277142353,14.000691,5.023851,2005
20145,r4i1p1f1,2005,02,26,5.008959189993334,10.650565,0.87577873,2005
20146,r4i1p1f1,2005,02,27,0.0,15.38305,2.0886707,2005
20147,r4i1p1f1,2005,02,28,12.643302958531422,10.747218,2.8347332,2005
20148,r4i1p1f1,2005,03,01,44.60774948238395,10.72905,1.5235618,2005
20149,r4i1p1f1,2005,03,02,13.149948127102107,10.157508,0.3055963,2005
20150,r4i1p1f1,2005,03,03,1.7656618946148228,12.711413,1.1244687,2005
20151,r4i1p1f1,2005,03,04,29.563769172818866,13.934888,1.9958196,2005
20152,r4i1p1f1,2005,03,05,60.90427996823564,14.661785,9.371556,2005
20153,r4i1p1f1,2005,03,06,6.238740180387481,13.044752,4.649431,2005
20154,r4i1p1f1,2005,03,07,12.488281557136816,13.128969,-0.9530182,2005
20155,r4i1p1f1,2005,03,08,37.27658870375308,12.0699835,2.4901762,2005
20156,r4i1p1f1,2005,03,09,45.25811559651629,10.890601,1.9502733,2005
20157,r4i1p1f1,2005,03,10,3.0065147809466453,8.791352,2.5383997,2005
20158,r4i1p1f1,2005,03,11,0.9263061653825844,11.121833,4.119368,2005
20159,r4i1p1f1,2005,03,12,4.28502083790363,11.483946,1.8128427,2005
20160,r4i1p1f1,2005,03,13,0.0,12.201685,-2.0128615,2005
20161,r4i1p1f1,2005,03,14,0.0,11.72203,-2.0458171,2005
20162,r4i1p1f1,2005,03,15,2.141879232294741,8.059069,0.08121935,2005
20163,r4i1p1f1,2005,03,16,0.0,10.118828,3.8469179,2005
20164,r4i1p1f1,2005,03,17,21.93449118663011,7.1882563,1.0711623,2005
20165,r4i1p1f1,2005,03,18,21.015705371883087,7.5716376,2.2990189,2005
20166,r4i1p1f1,2005,03,19,0.0,13.889542,0.8253547,2005
20167,r4i1p1f1,2005,03,20,0.0,19.035116,2.7581294,2005
20168,r4i1p1f1,2005,03,21,0.0,18.839708,3.9781308,2005
20169,r4i1p1f1,2005,03,22,0.0,18.071985,4.86413,2005
20170,r4i1p1f1,2005,03,23,7.667844597972362,11.803746,1.4065443,2005
20171,r4i1p1f1,2005,03,24,39.07820668973727,12.05338,-3.037276,2005
20172,r4i1p1f1,2005,03,25,0.7893797862493557,6.905401,-3.3889606,2005
20173,r4i1p1f1,2005,03,26,0.025941785679606255,8.306095,-5.0824437,2005
20174,r4i1p1f1,2005,03,27,0.0,9.937841,-1.3624113,2005
20175,r4i1p1f1,2005,03,28,0.0,12.104052,-0.43251503,2005
20176,r4i1p1f1,2005,03,29,0.30133300635952764,12.384504,0.6492541,2005
20177,r4i1p1f1,2005,03,30,0.9749023961404646,8.983936,-4.8016605,2005
20178,r4i1p1f1,2005,03,31,1.410780188163585,7.209077,-6.5259953,2005
20179,r4i1p1f1,2005,04,01,5.5869338331149265,5.778411,-1.7181288,2005
20180,r4i1p1f1,2005,04,02,2.7675497460165843,6.833575,-8.920754,2005
20181,r4i1p1f1,2005,04,03,8.335248419166419,5.901293,-0.63372517,2005
20182,r4i1p1f1,2005,04,04,0.0,15.8583,-0.42597723,2005
20183,r4i1p1f1,2005,04,05,0.0,17.272085,2.8323467,2005
20184,r4i1p1f1,2005,04,06,0.0,21.159296,4.4009266,2005
20185,r4i1p1f1,2005,04,07,0.0,23.310722,5.7935286,2005
20186,r4i1p1f1,2005,04,08,0.0,23.369097,7.478145,2005
20187,r4i1p1f1,2005,04,09,0.0,22.800287,7.691223,2005
20188,r4i1p1f1,2005,04,10,0.2770870633185041,17.666218,3.951396,2005
20189,r4i1p1f1,2005,04,11,0.0,18.838383,3.5867054,2005
20190,r4i1p1f1,2005,04,12,0.0,19.476372,3.4687104,2005
20191,r4i1p1f1,2005,04,13,0.0,21.43484,4.6893673,2005
20192,r4i1p1f1,2005,04,14,0.0,25.201939,6.4713883,2005
20193,r4i1p1f1,2005,04,15,0.0,23.41925,8.827184,2005
20194,r4i1p1f1,2005,04,16,0.0,23.103752,8.669047,2005
20195,r4i1p1f1,2005,04,17,0.0,24.802485,7.6238565,2005
20196,r4i1p1f1,2005,04,18,0.0,24.110859,8.800141,2005
20197,r4i1p1f1,2005,04,19,0.0,24.928368,9.5387745,2005
20198,r4i1p1f1,2005,04,20,0.0,25.797386,10.376144,2005
20199,r4i1p1f1,2005,04,21,0.0,27.343418,11.533306,2005
20200,r4i1p1f1,2005,04,22,0.0,26.537775,10.486457,2005
20201,r4i1p1f1,2005,04,23,0.0,26.137688,9.1617985,2005
20202,r4i1p1f1,2005,04,24,0.0,25.167572,9.770487,2005
20203,r4i1p1f1,2005,04,25,0.3146679898236471,16.702179,2.310731,2005
20204,r4i1p1f1,2005,04,26,0.0,17.148155,2.343211,2005
20205,r4i1p1f1,2005,04,27,0.0,22.23507,5.1568394,2005
20206,r4i1p1f1,2005,04,28,0.0,25.343847,8.896625,2005
20207,r4i1p1f1,2005,04,29,0.0,26.14167,10.28978,2005
20208,r4i1p1f1,2005,04,30,0.0,26.875004,11.119527,2005
20209,r4i1p1f1,2005,05,01,0.0,27.689962,11.584953,2005
20210,r4i1p1f1,2005,05,02,0.0,28.978739,12.673588,2005
20211,r4i1p1f1,2005,05,03,0.0,27.82155,11.999037,2005
20212,r4i1p1f1,2005,05,04,0.0,27.87811,11.741634,2005
20213,r4i1p1f1,2005,05,05,0.0,28.099552,11.912113,2005
20214,r4i1p1f1,2005,05,06,0.0,27.058893,11.809961,2005
20215,r4i1p1f1,2005,05,07,0.0,24.689644,9.982357,2005
20216,r4i1p1f1,2005,05,08,0.0,22.209038,6.732834,2005
20217,r4i1p1f1,2005,05,09,0.0,23.755592,7.636952,2005
20218,r4i1p1f1,2005,05,10,0.0,25.416107,7.7458363,2005
20219,r4i1p1f1,2005,05,11,0.0,24.537086,9.004654,2005
20220,r4i1p1f1,2005,05,12,0.4916325318390591,22.333681,4.8127027,2005
20221,r4i1p1f1,2005,05,13,0.0,23.695168,6.363091,2005
20222,r4i1p1f1,2005,05,14,0.14014844862231257,21.823723,6.0649586,2005
20223,r4i1p1f1,2005,05,15,1.0376991593602725,18.48438,3.779154,2005
20224,r4i1p1f1,2005,05,16,0.37199289736236096,21.241655,7.296329,2005
20225,r4i1p1f1,2005,05,17,0.0,25.535929,7.6284738,2005
20226,r4i1p1f1,2005,05,18,0.21453290721069607,25.252287,6.7676287,2005
20227,r4i1p1f1,2005,05,19,0.06810080195123192,25.162464,6.2188787,2005
20228,r4i1p1f1,2005,05,20,0.0,23.758535,6.9743443,2005
20229,r4i1p1f1,2005,05,21,2.5777526649847005,17.801601,1.7941717,2005
20230,r4i1p1f1,2005,05,22,2.64413139399835,16.365992,4.4455166,2005
20231,r4i1p1f1,2005,05,23,1.3637290228359689,17.538033,2.7203588,2005
20232,r4i1p1f1,2005,05,24,0.10987513277882499,21.859644,3.7794168,2005
20233,r4i1p1f1,2005,05,25,0.25743004050582385,23.709587,5.6368313,2005
20234,r4i1p1f1,2005,05,26,0.0,25.58306,7.696022,2005
20235,r4i1p1f1,2005,05,27,0.07307862331913384,26.338121,10.536772,2005
20236,r4i1p1f1,2005,05,28,0.020683245384134352,24.678057,7.1159153,2005
20237,r4i1p1f1,2005,05,29,0.07414989447624976,21.88599,5.421814,2005
20238,r4i1p1f1,2005,05,30,0.14296675561809025,24.738503,6.646157,2005
20239,r4i1p1f1,2005,05,31,0.03826838493159457,25.763351,9.6543,2005
20240,r4i1p1f1,2005,06,01,0.02518287583370693,26.532461,8.898411,2005
20241,r4i1p1f1,2005,06,02,0.0,25.435322,7.818807,2005
20242,r4i1p1f1,2005,06,03,0.018567363531474257,24.925982,7.152117,2005
20243,r4i1p1f1,2005,06,04,0.0,25.75558,7.4469037,2005
20244,r4i1p1f1,2005,06,05,0.0,28.334558,9.185037,2005
20245,r4i1p1f1,2005,06,06,0.0,28.519203,9.493212,2005
20246,r4i1p1f1,2005,06,07,0.0,27.453438,9.134116,2005
20247,r4i1p1f1,2005,06,08,0.0,26.926558,8.299106,2005
20248,r4i1p1f1,2005,06,09,0.0,27.624521,10.274361,2005
20249,r4i1p1f1,2005,06,10,0.0,29.827427,10.213532,2005
20250,r4i1p1f1,2005,06,11,0.0,30.066063,11.617042,2005
20251,r4i1p1f1,2005,06,12,0.0,31.889618,14.6748085,2005
20252,r4i1p1f1,2005,06,13,0.0,32.81688,13.209851,2005
20253,r4i1p1f1,2005,06,14,0.0,35.528976,17.744455,2005
20254,r4i1p1f1,2005,06,15,0.0,34.963238,15.114203,2005
20255,r4i1p1f1,2005,06,16,0.0,30.479557,11.432692,2005
20256,r4i1p1f1,2005,06,17,0.0,32.28619,13.543824,2005
20257,r4i1p1f1,2005,06,18,0.0,32.280735,12.935664,2005
20258,r4i1p1f1,2005,06,19,0.0,33.419544,13.723626,2005
20259,r4i1p1f1,2005,06,20,0.0,33.571823,14.376214,2005
20260,r4i1p1f1,2005,06,21,0.0,32.450108,14.112719,2005
20261,r4i1p1f1,2005,06,22,0.0,29.65611,10.943985,2005
20262,r4i1p1f1,2005,06,23,0.01212969764310401,26.551777,8.845307,2005
20263,r4i1p1f1,2005,06,24,0.0,29.038462,10.81683,2005
20264,r4i1p1f1,2005,06,25,0.0,32.160015,12.72259,2005
20265,r4i1p1f1,2005,06,26,0.0,31.86619,12.917469,2005
20266,r4i1p1f1,2005,06,27,0.0,33.5256,14.964681,2005
20267,r4i1p1f1,2005,06,28,0.0,34.102745,15.023102,2005
20268,r4i1p1f1,2005,06,29,0.0,34.38386,15.398431,2005
20269,r4i1p1f1,2005,06,30,0.0,33.6289,15.6003685,2005
20270,r4i1p1f1,2005,07,01,0.0,32.80039,12.946816,2005
20271,r4i1p1f1,2005,07,02,0.0,30.78227,11.354478,2005
20272,r4i1p1f1,2005,07,03,0.0,26.96812,9.113845,2005
20273,r4i1p1f1,2005,07,04,0.0,28.795755,9.973323,2005
20274,r4i1p1f1,2005,07,05,0.0,32.72413,12.364738,2005
20275,r4i1p1f1,2005,07,06,0.0,33.50999,14.026248,2005
20276,r4i1p1f1,2005,07,07,0.0,31.93509,12.85737,2005
20277,r4i1p1f1,2005,07,08,0.0,33.15646,13.696641,2005
20278,r4i1p1f1,2005,07,09,0.0,34.2809,14.918843,2005
20279,r4i1p1f1,2005,07,10,0.0,35.86407,15.800121,2005
20280,r4i1p1f1,2005,07,11,0.0,36.076763,16.372135,2005
20281,r4i1p1f1,2005,07,12,0.0,35.585545,15.622716,2005
20282,r4i1p1f1,2005,07,13,0.0,32.64423,13.1900015,2005
20283,r4i1p1f1,2005,07,14,0.0,28.925982,9.687092,2005
20284,r4i1p1f1,2005,07,15,0.0,30.85397,11.736516,2005
20285,r4i1p1f1,2005,07,16,0.0,32.842087,14.297653,2005
20286,r4i1p1f1,2005,07,17,0.0,34.522503,15.810475,2005
20287,r4i1p1f1,2005,07,18,0.0,36.12559,17.128222,2005
20288,r4i1p1f1,2005,07,19,0.0,36.585045,17.716793,2005
20289,r4i1p1f1,2005,07,20,0.0,37.27114,17.653864,2005
20290,r4i1p1f1,2005,07,21,0.0,37.46639,17.687965,2005
20291,r4i1p1f1,2005,07,22,0.010009709149016999,36.824135,17.266697,2005
20292,r4i1p1f1,2005,07,23,0.0,36.028,16.690964,2005
20293,r4i1p1f1,2005,07,24,0.0,36.587624,16.973013,2005
20294,r4i1p1f1,2005,07,25,0.0,36.209724,15.817424,2005
20295,r4i1p1f1,2005,07,26,0.0,34.100433,13.600038,2005
20296,r4i1p1f1,2005,07,27,0.0,32.06539,13.336273,2005
20297,r4i1p1f1,2005,07,28,0.0,33.69948,13.719888,2005
20298,r4i1p1f1,2005,07,29,0.0,33.931107,15.409919,2005
20299,r4i1p1f1,2005,07,30,0.0,32.35787,12.398882,2005
20300,r4i1p1f1,2005,07,31,0.0,30.596392,10.801565,2005
20301,r4i1p1f1,2005,08,01,0.0,28.962215,10.105198,2005
20302,r4i1p1f1,2005,08,02,0.0,30.288923,10.837874,2005
20303,r4i1p1f1,2005,08,03,0.0,30.559929,12.078396,2005
20304,r4i1p1f1,2005,08,04,0.0,33.31333,14.196396,2005
20305,r4i1p1f1,2005,08,05,6.451113989669466e-05,36.389816,16.171883,2005
20306,r4i1p1f1,2005,08,06,0.0,33.975826,14.360386,2005
20307,r4i1p1f1,2005,08,07,0.0,31.596836,11.753799,2005
20308,r4i1p1f1,2005,08,08,0.0,28.62074,9.545164,2005
20309,r4i1p1f1,2005,08,09,0.0,28.41848,9.6057415,2005
20310,r4i1p1f1,2005,08,10,0.0,26.025928,7.53572,2005
20311,r4i1p1f1,2005,08,11,0.0,25.275658,5.8368735,2005
20312,r4i1p1f1,2005,08,12,0.0,24.50004,5.3467436,2005
20313,r4i1p1f1,2005,08,13,0.0,26.020378,6.3855734,2005
20314,r4i1p1f1,2005,08,14,0.0,25.992332,7.2975245,2005
20315,r4i1p1f1,2005,08,15,0.0,27.633377,8.3010645,2005
20316,r4i1p1f1,2005,08,16,0.0,30.535427,10.303,2005
20317,r4i1p1f1,2005,08,17,0.0,29.597155,10.260798,2005
20318,r4i1p1f1,2005,08,18,0.0,27.439941,9.782603,2005
20319,r4i1p1f1,2005,08,19,0.0,31.415077,11.686381,2005
20320,r4i1p1f1,2005,08,20,0.0,34.510628,14.989332,2005
20321,r4i1p1f1,2005,08,21,0.0,34.556942,15.187548,2005
20322,r4i1p1f1,2005,08,22,0.0,34.395996,14.46756,2005
20323,r4i1p1f1,2005,08,23,0.0,35.377403,15.332516,2005
20324,r4i1p1f1,2005,08,24,0.0,36.44978,16.946281,2005
20325,r4i1p1f1,2005,08,25,0.0,37.003475,15.83412,2005
20326,r4i1p1f1,2005,08,26,0.0,37.369385,16.625502,2005
20327,r4i1p1f1,2005,08,27,0.0,35.877197,17.416939,2005
20328,r4i1p1f1,2005,08,28,0.0,33.01341,13.669436,2005
20329,r4i1p1f1,2005,08,29,0.0,26.249872,7.0218925,2005
20330,r4i1p1f1,2005,08,30,0.0,27.019085,8.680957,2005
20331,r4i1p1f1,2005,08,31,0.0,28.685001,10.25041,2005
20332,r4i1p1f1,2005,09,01,0.0,29.191942,12.305868,2005
20333,r4i1p1f1,2005,09,02,0.0,26.894976,8.950779,2005
20334,r4i1p1f1,2005,09,03,0.0,28.124397,11.175756,2005
20335,r4i1p1f1,2005,09,04,0.0,31.788992,14.566386,2005
20336,r4i1p1f1,2005,09,05,0.0,33.01643,15.028178,2005
20337,r4i1p1f1,2005,09,06,0.0,32.4366,14.587184,2005
20338,r4i1p1f1,2005,09,07,0.0,28.6252,11.786434,2005
20339,r4i1p1f1,2005,09,08,0.0,28.417551,10.023587,2005
20340,r4i1p1f1,2005,09,09,0.0,30.05463,11.007485,2005
20341,r4i1p1f1,2005,09,10,0.0,29.601793,12.516595,2005
20342,r4i1p1f1,2005,09,11,0.0,28.531616,11.365402,2005
20343,r4i1p1f1,2005,09,12,0.0,30.99084,12.56702,2005
20344,r4i1p1f1,2005,09,13,0.0,32.250717,13.359669,2005
20345,r4i1p1f1,2005,09,14,0.0,32.65071,12.841808,2005
20346,r4i1p1f1,2005,09,15,0.0,30.720028,15.029188,2005
20347,r4i1p1f1,2005,09,16,0.0,22.689127,10.130101,2005
20348,r4i1p1f1,2005,09,17,0.0,21.051332,4.881863,2005
20349,r4i1p1f1,2005,09,18,0.0,25.351963,5.8716955,2005
20350,r4i1p1f1,2005,09,19,0.0,27.696302,8.891048,2005
20351,r4i1p1f1,2005,09,20,0.0,27.121723,9.961648,2005
20352,r4i1p1f1,2005,09,21,0.0,25.49232,8.262628,2005
20353,r4i1p1f1,2005,09,22,0.0,24.714432,7.292928,2005
20354,r4i1p1f1,2005,09,23,0.0,29.913979,10.810566,2005
20355,r4i1p1f1,2005,09,24,0.0,30.586046,12.868275,2005
20356,r4i1p1f1,2005,09,25,0.0,30.163486,12.669213,2005
20357,r4i1p1f1,2005,09,26,0.0,29.096304,11.57774,2005
20358,r4i1p1f1,2005,09,27,0.0,29.332052,11.630669,2005
20359,r4i1p1f1,2005,09,28,0.0,28.592312,10.953426,2005
20360,r4i1p1f1,2005,09,29,0.0,27.185966,8.993429,2005
20361,r4i1p1f1,2005,09,30,0.0,26.660835,9.2458935,2005
20362,r4i1p1f1,2005,10,01,0.0014542760936819832,23.33026,6.6737843,2005
20363,r4i1p1f1,2005,10,02,0.0,17.990427,4.7343082,2005
20364,r4i1p1f1,2005,10,03,0.0,18.417803,3.9418347,2005
20365,r4i1p1f1,2005,10,04,0.0,19.366438,2.8223054,2005
20366,r4i1p1f1,2005,10,05,0.0,23.599129,2.8808448,2005
20367,r4i1p1f1,2005,10,06,0.0,24.5814,5.4599543,2005
20368,r4i1p1f1,2005,10,07,0.0,24.32312,6.8055735,2005
20369,r4i1p1f1,2005,10,08,0.0,25.26415,8.097153,2005
20370,r4i1p1f1,2005,10,09,0.0,26.738243,8.652978,2005
20371,r4i1p1f1,2005,10,10,0.0,28.459337,9.428407,2005
20372,r4i1p1f1,2005,10,11,0.0,29.678144,9.937019,2005
20373,r4i1p1f1,2005,10,12,0.0,29.178589,9.789283,2005
20374,r4i1p1f1,2005,10,13,18.044055786731406,21.949772,8.213074,2005
20375,r4i1p1f1,2005,10,14,38.643839236192434,12.497098,4.5818076,2005
20376,r4i1p1f1,2005,10,15,4.227460899485891,12.286892,3.6962297,2005
20377,r4i1p1f1,2005,10,16,3.549996251342691,18.183815,4.6087904,2005
20378,r4i1p1f1,2005,10,17,0.0012970640455023386,17.814188,2.9002333,2005
20379,r4i1p1f1,2005,10,18,0.0,12.249233,-2.0225587,2005
20380,r4i1p1f1,2005,10,19,0.31649654664533955,10.855656,-0.8503897,2005
20381,r4i1p1f1,2005,10,20,0.0,10.825847,-2.9880877,2005
20382,r4i1p1f1,2005,10,21,0.0,13.83523,-0.852335,2005
20383,r4i1p1f1,2005,10,22,0.0,15.708981,2.358945,2005
20384,r4i1p1f1,2005,10,23,0.054559299320544596,13.79408,0.8199767,2005
20385,r4i1p1f1,2005,10,24,0.26966874361278315,13.454979,2.057059,2005
20386,r4i1p1f1,2005,10,25,32.753249011875596,10.897805,2.64869,2005
20387,r4i1p1f1,2005,10,26,2.4860405520172435,12.055241,1.1169173,2005
20388,r4i1p1f1,2005,10,27,0.007778597714747093,12.78014,-0.8231253,2005
20389,r4i1p1f1,2005,10,28,2.1122222374401645,10.367089,-0.36917195,2005
20390,r4i1p1f1,2005,10,29,41.375404367863666,12.504299,0.13821024,2005
20391,r4i1p1f1,2005,10,30,32.62519806403361,13.7697935,3.1180575,2005
20392,r4i1p1f1,2005,10,31,10.275674659214928,16.230484,4.3215694,2005
20393,r4i1p1f1,2005,11,01,31.25883933444129,15.149863,6.5431447,2005
20394,r4i1p1f1,2005,11,02,3.3959510028410023,15.733754,4.1173496,2005
20395,r4i1p1f1,2005,11,03,5.789980527708849,15.130005,3.9023514,2005
20396,r4i1p1f1,2005,11,04,0.07281860586090261,16.624144,6.211672,2005
20397,r4i1p1f1,2005,11,05,8.557332692816999,14.5992565,4.350838,2005
20398,r4i1p1f1,2005,11,06,3.1084488353428696,11.489128,4.381016,2005
20399,r4i1p1f1,2005,11,07,5.783251835669034,9.440274,-1.893958,2005
20400,r4i1p1f1,2005,11,08,0.7563077613131242,8.053865,-5.03047,2005
20401,r4i1p1f1,2005,11,09,14.860701132965914,5.040683,0.22705391,2005
20402,r4i1p1f1,2005,11,10,15.290671642833331,7.4016004,-2.005247,2005
20403,r4i1p1f1,2005,11,11,0.0022898439965501893,4.7032623,-4.521654,2005
20404,r4i1p1f1,2005,11,12,0.0,10.852929,-2.2155702,2005
20405,r4i1p1f1,2005,11,13,0.0,19.034838,4.469901,2005
20406,r4i1p1f1,2005,11,14,0.0,20.272501,6.772734,2005
20407,r4i1p1f1,2005,11,15,0.0,21.492056,7.14699,2005
20408,r4i1p1f1,2005,11,16,0.0,20.523695,8.319712,2005
20409,r4i1p1f1,2005,11,17,0.0,21.125065,7.9315176,2005
20410,r4i1p1f1,2005,11,18,0.0,20.975395,7.8200846,2005
20411,r4i1p1f1,2005,11,19,0.0,20.186092,6.0782986,2005
20412,r4i1p1f1,2005,11,20,0.0,17.544146,6.213149,2005
20413,r4i1p1f1,2005,11,21,0.0,16.7096,5.8501353,2005
20414,r4i1p1f1,2005,11,22,0.0,16.648827,3.5591497,2005
20415,r4i1p1f1,2005,11,23,0.0,15.122547,2.8196716,2005
20416,r4i1p1f1,2005,11,24,0.01958195921361039,14.692173,6.5516434,2005
20417,r4i1p1f1,2005,11,25,0.8489234830129533,11.583477,4.439952,2005
20418,r4i1p1f1,2005,11,26,0.0,12.040076,-1.9133977,2005
20419,r4i1p1f1,2005,11,27,2.3785528736539163,10.088612,2.2245073,2005
20420,r4i1p1f1,2005,11,28,0.0,14.059021,1.1041565,2005
20421,r4i1p1f1,2005,11,29,0.0,16.20794,0.16556199,2005
20422,r4i1p1f1,2005,11,30,0.0,16.21968,0.94766974,2005
20423,r4i1p1f1,2005,12,01,0.020664059093178366,13.36871,3.7036514,2005
20424,r4i1p1f1,2005,12,02,0.0,8.120758,-2.4010582,2005
20425,r4i1p1f1,2005,12,03,0.0,7.654453,-4.4311643,2005
20426,r4i1p1f1,2005,12,04,0.0,11.518286,0.11107768,2005
20427,r4i1p1f1,2005,12,05,0.0,13.322498,1.8444152,2005
20428,r4i1p1f1,2005,12,06,0.0,13.827424,1.8753524,2005
20429,r4i1p1f1,2005,12,07,0.0,12.7834215,1.4271939,2005
20430,r4i1p1f1,2005,12,08,0.0,12.062305,-0.2361092,2005
20431,r4i1p1f1,2005,12,09,3.075293798610801,8.9542675,0.33520734,2005
20432,r4i1p1f1,2005,12,10,8.295967020467288,6.8398185,-2.652114,2005
20433,r4i1p1f1,2005,12,11,14.128293306657724,1.5111291,-3.5838351,2005
20434,r4i1p1f1,2005,12,12,22.867076651891693,1.9390607,-6.6632977,2005
20435,r4i1p1f1,2005,12,13,0.0,4.481221,-8.597778,2005
20436,r4i1p1f1,2005,12,14,0.0,8.612141,-4.181204,2005
20437,r4i1p1f1,2005,12,15,0.0,10.00453,-0.89733505,2005
20438,r4i1p1f1,2005,12,16,0.0,11.177446,-0.84253013,2005
20439,r4i1p1f1,2005,12,17,0.0,10.557978,-0.7644117,2005
20440,r4i1p1f1,2005,12,18,0.0,9.97334,-1.7748718,2005
20441,r4i1p1f1,2005,12,19,0.0,10.510177,-1.2334404,2005
20442,r4i1p1f1,2005,12,20,0.0,10.3350525,-1.0059359,2005
20443,r4i1p1f1,2005,12,21,0.0,9.845064,-0.5838764,2005
20444,r4i1p1f1,2005,12,22,0.0,10.591179,0.9814239,2005
20445,r4i1p1f1,2005,12,23,0.0,11.263508,0.16953145,2005
20446,r4i1p1f1,2005,12,24,0.003956224679058096,8.451356,1.3998497,2005
20447,r4i1p1f1,2005,12,25,0.08884615768529613,8.194863,3.0427332,2005
20448,r4i1p1f1,2005,12,26,0.0,8.364682,0.9851729,2005
20449,r4i1p1f1,2005,12,27,0.0,8.693588,-1.7084533,2005
20450,r4i1p1f1,2005,12,28,2.3947876967952197,7.459028,0.9635421,2005
20451,r4i1p1f1,2005,12,29,1.6052860502554722,7.9450817,-0.5507636,2005
20452,r4i1p1f1,2005,12,30,4.611128489693783,3.7788937,-7.20574,2005
20453,r4i1p1f1,2005,12,31,0.0,2.2835681,-8.07324,2005
20454,r4i1p1f1,2006,01,01,5.4822848981530115,1.2867209,-9.062284,2006
20455,r4i1p1f1,2006,01,02,5.320310204501766,4.122411,-6.8100796,2006
20456,r4i1p1f1,2006,01,03,2.4285590119689004,3.620007,-7.6485085,2006
20457,r4i1p1f1,2006,01,04,9.280190895424312,7.2621264,-3.0221567,2006
20458,r4i1p1f1,2006,01,05,20.391575321627897,9.531584,2.927353,2006
20459,r4i1p1f1,2006,01,06,43.748789629898965,12.066609,2.39211,2006
20460,r4i1p1f1,2006,01,07,0.0,9.7550335,0.81243616,2006
20461,r4i1p1f1,2006,01,08,46.88995576434536,8.878623,2.4970598,2006
20462,r4i1p1f1,2006,01,09,28.088858602677647,10.215333,3.6187525,2006
20463,r4i1p1f1,2006,01,10,66.54814137291396,13.046056,2.8090696,2006
20464,r4i1p1f1,2006,01,11,4.974914420984078,13.338591,4.5331564,2006
20465,r4i1p1f1,2006,01,12,0.0,15.191515,2.393274,2006
20466,r4i1p1f1,2006,01,13,0.0,14.130151,2.7306833,2006
20467,r4i1p1f1,2006,01,14,19.641943421811447,11.999993,4.940758,2006
20468,r4i1p1f1,2006,01,15,0.0,12.65315,1.2235546,2006
20469,r4i1p1f1,2006,01,16,0.005080125538370339,12.766239,4.8346615,2006
20470,r4i1p1f1,2006,01,17,0.17872779840217845,12.898195,7.1232443,2006
20471,r4i1p1f1,2006,01,18,19.7533130292868,13.124476,6.1372986,2006
20472,r4i1p1f1,2006,01,19,5.53579631583716,16.274023,6.2807326,2006
20473,r4i1p1f1,2006,01,20,0.0,18.62286,6.100174,2006
20474,r4i1p1f1,2006,01,21,0.5143688125627932,16.974424,6.3269925,2006
20475,r4i1p1f1,2006,01,22,0.0,18.1729,5.345591,2006
20476,r4i1p1f1,2006,01,23,0.0,18.410936,4.710483,2006
20477,r4i1p1f1,2006,01,24,0.0,19.28208,5.4288144,2006
20478,r4i1p1f1,2006,01,25,0.0,19.237022,5.307621,2006
20479,r4i1p1f1,2006,01,26,0.0,17.893433,6.0197687,2006
20480,r4i1p1f1,2006,01,27,0.0,18.39066,5.2730765,2006
20481,r4i1p1f1,2006,01,28,0.0,17.348385,5.2594337,2006
20482,r4i1p1f1,2006,01,29,15.905213928078865,15.709891,6.706339,2006
20483,r4i1p1f1,2006,01,30,0.0,16.725971,4.5710506,2006
20484,r4i1p1f1,2006,01,31,0.0,17.245562,4.3310595,2006
20485,r4i1p1f1,2006,02,01,0.0,16.430536,4.5390396,2006
20486,r4i1p1f1,2006,02,02,0.0,18.885859,5.942232,2006
20487,r4i1p1f1,2006,02,03,0.0,19.4629,6.146702,2006
20488,r4i1p1f1,2006,02,04,0.0,18.942997,5.634817,2006
20489,r4i1p1f1,2006,02,05,0.0,18.660816,5.942905,2006
20490,r4i1p1f1,2006,02,06,0.0,18.714195,5.991699,2006
20491,r4i1p1f1,2006,02,07,0.0,18.227287,5.92515,2006
20492,r4i1p1f1,2006,02,08,0.0,19.272251,6.4562674,2006
20493,r4i1p1f1,2006,02,09,0.0,19.021652,6.6092167,2006
20494,r4i1p1f1,2006,02,10,0.0,19.327175,4.4358587,2006
20495,r4i1p1f1,2006,02,11,0.0,17.794222,4.898853,2006
20496,r4i1p1f1,2006,02,12,0.0,18.157467,4.1664004,2006
20497,r4i1p1f1,2006,02,13,0.0,17.790588,4.697124,2006
20498,r4i1p1f1,2006,02,14,0.0,17.268507,5.042439,2006
20499,r4i1p1f1,2006,02,15,0.0,16.244768,3.9766264,2006
20500,r4i1p1f1,2006,02,16,0.006883582318550907,15.609957,8.144776,2006
20501,r4i1p1f1,2006,02,17,27.09432248043413,13.01557,4.2717934,2006
20502,r4i1p1f1,2006,02,18,0.1477014064676041,12.4042845,3.131976,2006
20503,r4i1p1f1,2006,02,19,0.0,14.586033,3.013975,2006
20504,r4i1p1f1,2006,02,20,0.0,16.473213,2.32757,2006
20505,r4i1p1f1,2006,02,21,0.0,16.00837,4.763542,2006
20506,r4i1p1f1,2006,02,22,14.366147976761567,14.225917,1.0689957,2006
20507,r4i1p1f1,2006,02,23,59.66361640676041,10.298117,1.7414807,2006
20508,r4i1p1f1,2006,02,24,2.9058992020850383,7.1417246,-5.441305,2006
20509,r4i1p1f1,2006,02,25,19.100606779466034,7.05744,-2.4424922,2006
20510,r4i1p1f1,2006,02,26,51.198644785472425,10.998485,1.6529967,2006
20511,r4i1p1f1,2006,02,27,5.533500347672771,9.725054,2.627908,2006
20512,r4i1p1f1,2006,02,28,0.0,14.282818,2.5178325,2006
20513,r4i1p1f1,2006,03,01,0.0,18.45708,2.1811657,2006
20514,r4i1p1f1,2006,03,02,0.0,20.128012,3.8014543,2006
20515,r4i1p1f1,2006,03,03,0.0,21.092918,5.556651,2006
20516,r4i1p1f1,2006,03,04,2.7061989981916668,16.149078,5.007782,2006
20517,r4i1p1f1,2006,03,05,1.1881233578847628,11.792882,-1.9595184,2006
20518,r4i1p1f1,2006,03,06,2.2571034279326163,7.989991,-1.0831034,2006
20519,r4i1p1f1,2006,03,07,41.2678552831494,11.365335,1.6432775,2006
20520,r4i1p1f1,2006,03,08,9.057454507967577,10.2502,-0.12181086,2006
20521,r4i1p1f1,2006,03,09,6.184578814827546,8.284406,1.6427715,2006
20522,r4i1p1f1,2006,03,10,5.556772723878112,9.250696,2.7661877,2006
20523,r4i1p1f1,2006,03,11,0.0,13.132713,4.3329844,2006
20524,r4i1p1f1,2006,03,12,0.0,16.136627,2.2624495,2006
20525,r4i1p1f1,2006,03,13,0.0,18.710047,4.4533267,2006
20526,r4i1p1f1,2006,03,14,0.0,19.201927,4.724535,2006
20527,r4i1p1f1,2006,03,15,0.0,18.732403,4.926424,2006
20528,r4i1p1f1,2006,03,16,0.0,20.320663,4.773957,2006
20529,r4i1p1f1,2006,03,17,0.0,19.315477,6.532384,2006
20530,r4i1p1f1,2006,03,18,0.0,19.930267,9.438832,2006
20531,r4i1p1f1,2006,03,19,0.6636665221435578,15.074351,7.819386,2006
20532,r4i1p1f1,2006,03,20,6.803777870879912,12.463099,1.0032284,2006
20533,r4i1p1f1,2006,03,21,0.0,16.226532,1.6404643,2006
20534,r4i1p1f1,2006,03,22,0.0,21.451586,5.0828648,2006
20535,r4i1p1f1,2006,03,23,0.0,23.147116,6.813656,2006
20536,r4i1p1f1,2006,03,24,0.0,22.551468,7.80341,2006
20537,r4i1p1f1,2006,03,25,0.0,22.659386,7.6902685,2006
20538,r4i1p1f1,2006,03,26,0.0,21.719736,5.9445524,2006
20539,r4i1p1f1,2006,03,27,0.0,21.00251,6.5059032,2006
20540,r4i1p1f1,2006,03,28,2.5134425176748465,17.882925,3.1451793,2006
20541,r4i1p1f1,2006,03,29,1.211746924505519,15.805961,2.7365115,2006
20542,r4i1p1f1,2006,03,30,0.9010752353333373,13.852876,1.8799858,2006
20543,r4i1p1f1,2006,03,31,0.0,15.656117,1.7926025,2006
20544,r4i1p1f1,2006,04,01,0.0,15.524794,2.7453694,2006
20545,r4i1p1f1,2006,04,02,0.03387552851563669,15.716287,3.1483586,2006
20546,r4i1p1f1,2006,04,03,20.024864869151315,13.158382,5.336401,2006
20547,r4i1p1f1,2006,04,04,0.15740073138204025,14.350723,2.8223157,2006
20548,r4i1p1f1,2006,04,05,0.0,20.20954,4.484107,2006
20549,r4i1p1f1,2006,04,06,0.0,22.506252,7.211878,2006
20550,r4i1p1f1,2006,04,07,0.0,23.37577,7.034802,2006
20551,r4i1p1f1,2006,04,08,3.6409652820168503,17.735,3.061629,2006
20552,r4i1p1f1,2006,04,09,0.6095815958502726,14.630068,2.6654098,2006
20553,r4i1p1f1,2006,04,10,0.0,17.97238,2.441197,2006
20554,r4i1p1f1,2006,04,11,0.06124781451717354,16.110378,6.1049185,2006
20555,r4i1p1f1,2006,04,12,0.0,21.229073,4.060131,2006
20556,r4i1p1f1,2006,04,13,0.0,23.027922,5.7369127,2006
20557,r4i1p1f1,2006,04,14,0.0,23.327211,6.9313107,2006
20558,r4i1p1f1,2006,04,15,0.0,23.669653,7.274788,2006
20559,r4i1p1f1,2006,04,16,12.18560315733157,15.582238,3.533978,2006
20560,r4i1p1f1,2006,04,17,1.7072050450735787,14.840936,5.649721,2006
20561,r4i1p1f1,2006,04,18,2.5970978564259894,14.429574,2.031506,2006
20562,r4i1p1f1,2006,04,19,0.031201148084392116,13.733305,4.936115,2006
20563,r4i1p1f1,2006,04,20,9.876015102054225,12.396248,5.419487,2006
20564,r4i1p1f1,2006,04,21,16.045739014430183,12.094842,0.03829458,2006
20565,r4i1p1f1,2006,04,22,0.0,19.297592,2.719811,2006
20566,r4i1p1f1,2006,04,23,0.0,23.965406,6.911402,2006
20567,r4i1p1f1,2006,04,24,0.0,23.795105,7.704662,2006
20568,r4i1p1f1,2006,04,25,11.67172218615633,18.420269,1.921902,2006
20569,r4i1p1f1,2006,04,26,3.759061869834568,12.209501,0.11100933,2006
20570,r4i1p1f1,2006,04,27,12.733493435996479,12.569797,-1.0870895,2006
20571,r4i1p1f1,2006,04,28,6.419906415339938,12.743739,2.2998586,2006
20572,r4i1p1f1,2006,04,29,1.4499679485197703,14.073689,2.40895,2006
20573,r4i1p1f1,2006,04,30,6.512293865716856,12.645523,0.6858728,2006
20574,r4i1p1f1,2006,05,01,8.177551539398564,14.015328,4.3879147,2006
20575,r4i1p1f1,2006,05,02,0.0,21.615274,7.599761,2006
20576,r4i1p1f1,2006,05,03,0.013329893408808857,22.464993,10.790277,2006
20577,r4i1p1f1,2006,05,04,0.37879549151966785,19.43073,8.74721,2006
20578,r4i1p1f1,2006,05,05,9.158633231709246,14.994202,0.5940767,2006
20579,r4i1p1f1,2006,05,06,0.37650443297252423,15.973428,1.3813146,2006
20580,r4i1p1f1,2006,05,07,0.0,17.81942,3.0138686,2006
20581,r4i1p1f1,2006,05,08,1.3473590051830797,16.40368,6.1242733,2006
20582,r4i1p1f1,2006,05,09,11.84744007628069,13.288585,3.1559777,2006
20583,r4i1p1f1,2006,05,10,0.0019282663572539605,15.864546,6.5259123,2006
20584,r4i1p1f1,2006,05,11,2.050058033015034,14.148355,-1.2531779,2006
20585,r4i1p1f1,2006,05,12,1.598284989348997,13.653865,1.9886422,2006
20586,r4i1p1f1,2006,05,13,0.0,17.573133,5.176627,2006
20587,r4i1p1f1,2006,05,14,0.13494877530320082,22.406702,4.440284,2006
20588,r4i1p1f1,2006,05,15,0.0,24.290894,7.7161384,2006
20589,r4i1p1f1,2006,05,16,0.0,24.304672,7.901098,2006
20590,r4i1p1f1,2006,05,17,3.551222885455374,18.535883,3.5288146,2006
20591,r4i1p1f1,2006,05,18,0.4758459527465675,20.8286,9.295137,2006
20592,r4i1p1f1,2006,05,19,0.0,26.211828,7.5544376,2006
20593,r4i1p1f1,2006,05,20,0.8879131912792104,21.142174,3.8008626,2006
20594,r4i1p1f1,2006,05,21,0.2911560872718155,18.402992,6.298583,2006
20595,r4i1p1f1,2006,05,22,1.0964559098610493,17.956352,5.3793817,2006
20596,r4i1p1f1,2006,05,23,12.543683241580084,17.30171,6.6690154,2006
20597,r4i1p1f1,2006,05,24,0.24684382242980973,19.18275,5.723532,2006
20598,r4i1p1f1,2006,05,25,0.0,22.860472,6.52252,2006
20599,r4i1p1f1,2006,05,26,0.0,23.13433,6.6907616,2006
20600,r4i1p1f1,2006,05,27,0.8683564100778085,19.823067,5.1212964,2006
20601,r4i1p1f1,2006,05,28,1.8784623212226847,20.520767,5.364824,2006
20602,r4i1p1f1,2006,05,29,0.0,22.360952,6.5062027,2006
20603,r4i1p1f1,2006,05,30,0.0,24.254812,7.2856684,2006
20604,r4i1p1f1,2006,05,31,0.0,25.82306,9.356435,2006
20605,r4i1p1f1,2006,06,01,0.4525153876784316,25.627913,8.125996,2006
20606,r4i1p1f1,2006,06,02,0.0,26.138544,8.351849,2006
20607,r4i1p1f1,2006,06,03,0.373341896738566,25.321247,10.002734,2006
20608,r4i1p1f1,2006,06,04,0.0004666357881433214,24.471489,8.844106,2006
20609,r4i1p1f1,2006,06,05,3.65404235059259,22.892204,7.9035,2006
20610,r4i1p1f1,2006,06,06,0.5869918331882218,24.21807,6.2810116,2006
20611,r4i1p1f1,2006,06,07,0.46172004734330585,24.433922,9.116595,2006
20612,r4i1p1f1,2006,06,08,0.0,22.403881,7.1928287,2006
20613,r4i1p1f1,2006,06,09,2.9492673197751174,17.186714,6.314901,2006
20614,r4i1p1f1,2006,06,10,0.0,19.886858,3.7715106,2006
20615,r4i1p1f1,2006,06,11,2.255548141511099,19.464233,3.770527,2006
20616,r4i1p1f1,2006,06,12,0.380166160294948,23.193699,7.9175024,2006
20617,r4i1p1f1,2006,06,13,0.9944433902433047,24.192902,7.9637036,2006
20618,r4i1p1f1,2006,06,14,0.004263870869181119,23.600075,8.538265,2006
20619,r4i1p1f1,2006,06,15,0.12683871468652796,21.409296,9.930202,2006
20620,r4i1p1f1,2006,06,16,0.2543918535877765,23.567383,8.196522,2006
20621,r4i1p1f1,2006,06,17,0.009166657082460006,27.366093,10.406906,2006
20622,r4i1p1f1,2006,06,18,0.0021498145770237898,28.430231,13.73881,2006
20623,r4i1p1f1,2006,06,19,0.015071293819346465,28.49642,14.322104,2006
20624,r4i1p1f1,2006,06,20,0.0,24.48567,15.302711,2006
20625,r4i1p1f1,2006,06,21,0.15441653476955253,25.239601,12.135042,2006
20626,r4i1p1f1,2006,06,22,0.0,25.970901,9.593181,2006
20627,r4i1p1f1,2006,06,23,0.0,28.552263,9.871285,2006
20628,r4i1p1f1,2006,06,24,0.0,31.91377,13.194574,2006
20629,r4i1p1f1,2006,06,25,0.0,32.504936,15.018826,2006
20630,r4i1p1f1,2006,06,26,0.0,33.88368,15.339332,2006
20631,r4i1p1f1,2006,06,27,0.0,34.74485,16.828932,2006
20632,r4i1p1f1,2006,06,28,0.0,34.2947,16.222368,2006
20633,r4i1p1f1,2006,06,29,0.0,32.878098,15.323727,2006
20634,r4i1p1f1,2006,06,30,0.0,31.807163,13.562727,2006
20635,r4i1p1f1,2006,07,01,0.0,32.84541,14.5203705,2006
20636,r4i1p1f1,2006,07,02,0.0,33.537018,14.159763,2006
20637,r4i1p1f1,2006,07,03,0.0,33.52241,14.489027,2006
20638,r4i1p1f1,2006,07,04,0.0,31.047716,12.9577055,2006
20639,r4i1p1f1,2006,07,05,0.0,31.20244,12.602507,2006
20640,r4i1p1f1,2006,07,06,0.0,31.717125,14.745892,2006
20641,r4i1p1f1,2006,07,07,0.0,29.149208,11.732628,2006
20642,r4i1p1f1,2006,07,08,0.0,27.560326,9.534061,2006
20643,r4i1p1f1,2006,07,09,0.0,30.82407,11.15776,2006
20644,r4i1p1f1,2006,07,10,0.0,31.37896,12.353749,2006
20645,r4i1p1f1,2006,07,11,0.0,30.20643,11.351154,2006
20646,r4i1p1f1,2006,07,12,0.0,28.0844,10.375093,2006
20647,r4i1p1f1,2006,07,13,0.0,30.18801,10.805554,2006
20648,r4i1p1f1,2006,07,14,0.0,32.336185,13.365982,2006
20649,r4i1p1f1,2006,07,15,0.0,36.136837,16.014778,2006
20650,r4i1p1f1,2006,07,16,0.0,36.16057,17.202492,2006
20651,r4i1p1f1,2006,07,17,0.0,34.310326,17.33278,2006
20652,r4i1p1f1,2006,07,18,0.0,32.728867,14.313137,2006
20653,r4i1p1f1,2006,07,19,0.0,31.886148,12.987693,2006
20654,r4i1p1f1,2006,07,20,0.0,32.548435,13.94568,2006
20655,r4i1p1f1,2006,07,21,0.0,33.37614,14.836522,2006
20656,r4i1p1f1,2006,07,22,0.0,34.208786,16.487144,2006
20657,r4i1p1f1,2006,07,23,0.0,35.791042,17.187141,2006
20658,r4i1p1f1,2006,07,24,0.0,36.86757,17.548155,2006
20659,r4i1p1f1,2006,07,25,0.0,36.693253,17.62728,2006
20660,r4i1p1f1,2006,07,26,0.0,35.932987,16.253096,2006
20661,r4i1p1f1,2006,07,27,0.0,34.101547,14.58347,2006
20662,r4i1p1f1,2006,07,28,0.0,33.72673,15.114312,2006
20663,r4i1p1f1,2006,07,29,0.0,32.93545,15.318926,2006
20664,r4i1p1f1,2006,07,30,0.0,32.111954,13.649931,2006
20665,r4i1p1f1,2006,07,31,0.0,32.13067,13.269085,2006
20666,r4i1p1f1,2006,08,01,0.0,32.20278,13.452966,2006
20667,r4i1p1f1,2006,08,02,0.0,30.8096,11.641087,2006
20668,r4i1p1f1,2006,08,03,0.0,27.225576,10.026262,2006
20669,r4i1p1f1,2006,08,04,0.0,33.360836,13.642424,2006
20670,r4i1p1f1,2006,08,05,0.0,34.382248,15.062046,2006
20671,r4i1p1f1,2006,08,06,0.0,34.432938,16.924282,2006
20672,r4i1p1f1,2006,08,07,0.0,33.314034,15.151145,2006
20673,r4i1p1f1,2006,08,08,0.0,33.749912,14.339312,2006
20674,r4i1p1f1,2006,08,09,0.0,35.887085,16.955807,2006
20675,r4i1p1f1,2006,08,10,0.0,38.151554,19.339434,2006
20676,r4i1p1f1,2006,08,11,0.0,39.199234,19.97179,2006
20677,r4i1p1f1,2006,08,12,5.463502267105724,36.961346,18.76318,2006
20678,r4i1p1f1,2006,08,13,5.331400423847299,35.136456,17.640717,2006
20679,r4i1p1f1,2006,08,14,0.024578034208389,36.27746,18.592499,2006
20680,r4i1p1f1,2006,08,15,0.019769858045037836,35.97599,17.887764,2006
20681,r4i1p1f1,2006,08,16,0.0,32.857193,15.332001,2006
20682,r4i1p1f1,2006,08,17,0.48684245252772484,32.50862,15.144145,2006
20683,r4i1p1f1,2006,08,18,21.122644540810143,32.83733,15.210371,2006
20684,r4i1p1f1,2006,08,19,48.40167744041537,32.07863,15.762185,2006
20685,r4i1p1f1,2006,08,20,5.949767998647815,30.289516,14.473692,2006
20686,r4i1p1f1,2006,08,21,0.3218540226271216,27.962658,11.000477,2006
20687,r4i1p1f1,2006,08,22,0.0,27.773642,8.899153,2006
20688,r4i1p1f1,2006,08,23,0.0,27.37145,9.015273,2006
20689,r4i1p1f1,2006,08,24,0.0,26.903456,8.791531,2006
20690,r4i1p1f1,2006,08,25,0.0,26.617554,9.171031,2006
20691,r4i1p1f1,2006,08,26,0.0,25.995903,8.697477,2006
20692,r4i1p1f1,2006,08,27,0.0,24.102306,7.208412,2006
20693,r4i1p1f1,2006,08,28,0.05013485782683347,24.710455,7.3250318,2006
20694,r4i1p1f1,2006,08,29,0.0,28.435324,10.151727,2006
20695,r4i1p1f1,2006,08,30,0.0,30.525492,12.12402,2006
20696,r4i1p1f1,2006,08,31,0.0,32.72709,13.163975,2006
20697,r4i1p1f1,2006,09,01,0.0,35.63061,13.800071,2006
20698,r4i1p1f1,2006,09,02,0.0,31.498491,12.929512,2006
20699,r4i1p1f1,2006,09,03,0.004415945062419269,26.273916,9.087438,2006
20700,r4i1p1f1,2006,09,04,0.0,22.782982,6.92659,2006
20701,r4i1p1f1,2006,09,05,0.0,27.284739,8.89088,2006
20702,r4i1p1f1,2006,09,06,0.0,29.971598,12.753155,2006
20703,r4i1p1f1,2006,09,07,0.0,29.803032,12.069938,2006
20704,r4i1p1f1,2006,09,08,0.0,28.617058,9.5794115,2006
20705,r4i1p1f1,2006,09,09,0.0,28.26316,10.279026,2006
20706,r4i1p1f1,2006,09,10,0.0,27.40914,9.608762,2006
20707,r4i1p1f1,2006,09,11,0.0,27.357683,8.781467,2006
20708,r4i1p1f1,2006,09,12,0.0,28.793287,10.951813,2006
20709,r4i1p1f1,2006,09,13,0.0,30.440687,12.215359,2006
20710,r4i1p1f1,2006,09,14,0.0,31.959358,14.726094,2006
20711,r4i1p1f1,2006,09,15,0.0,33.28597,14.985088,2006
20712,r4i1p1f1,2006,09,16,0.0,32.210953,14.650068,2006
20713,r4i1p1f1,2006,09,17,0.0,32.56853,14.484039,2006
20714,r4i1p1f1,2006,09,18,0.0,33.1868,15.9561,2006
20715,r4i1p1f1,2006,09,19,0.0,33.687763,15.660758,2006
20716,r4i1p1f1,2006,09,20,0.0,34.674812,16.68593,2006
20717,r4i1p1f1,2006,09,21,0.0,36.12141,16.730713,2006
20718,r4i1p1f1,2006,09,22,0.032475666512254975,35.94988,18.236727,2006
20719,r4i1p1f1,2006,09,23,0.021940662099950714,34.39602,16.558458,2006
20720,r4i1p1f1,2006,09,24,0.020802449580514804,32.488415,16.896011,2006
20721,r4i1p1f1,2006,09,25,1.0896030613707808,27.294743,12.776594,2006
20722,r4i1p1f1,2006,09,26,0.0,27.341759,10.62406,2006
20723,r4i1p1f1,2006,09,27,0.0,28.771389,13.358828,2006
20724,r4i1p1f1,2006,09,28,0.0,31.94039,14.042126,2006
20725,r4i1p1f1,2006,09,29,0.0,32.38719,14.985881,2006
20726,r4i1p1f1,2006,09,30,0.0,31.86871,14.884151,2006
20727,r4i1p1f1,2006,10,01,0.0,32.24757,14.102702,2006
20728,r4i1p1f1,2006,10,02,0.0,32.505707,14.297365,2006
20729,r4i1p1f1,2006,10,03,0.0,28.257462,11.146475,2006
20730,r4i1p1f1,2006,10,04,0.0,25.120083,8.812119,2006
20731,r4i1p1f1,2006,10,05,0.0,23.493412,6.8756065,2006
20732,r4i1p1f1,2006,10,06,0.0,23.891886,7.0202103,2006
20733,r4i1p1f1,2006,10,07,0.0,24.711494,7.5043283,2006
20734,r4i1p1f1,2006,10,08,0.0,26.647676,8.795071,2006
20735,r4i1p1f1,2006,10,09,0.0,27.675848,9.893148,2006
20736,r4i1p1f1,2006,10,10,0.0,26.05833,9.246227,2006
20737,r4i1p1f1,2006,10,11,0.06470645259923913,22.233002,6.290023,2006
20738,r4i1p1f1,2006,10,12,0.0,17.178474,3.7384424,2006
20739,r4i1p1f1,2006,10,13,0.0,20.072628,2.1769204,2006
20740,r4i1p1f1,2006,10,14,0.0,22.764597,4.8849206,2006
20741,r4i1p1f1,2006,10,15,0.0,23.254091,7.2342734,2006
20742,r4i1p1f1,2006,10,16,0.0,23.408865,8.137652,2006
20743,r4i1p1f1,2006,10,17,0.0,23.13517,6.680758,2006
20744,r4i1p1f1,2006,10,18,0.0,25.185652,9.89759,2006
20745,r4i1p1f1,2006,10,19,0.0,25.483131,11.417031,2006
20746,r4i1p1f1,2006,10,20,0.0,24.064663,9.822445,2006
20747,r4i1p1f1,2006,10,21,0.0009955858899957093,24.878233,9.576511,2006
20748,r4i1p1f1,2006,10,22,0.9356661685188783,19.136465,6.4932413,2006
20749,r4i1p1f1,2006,10,23,0.0,18.339449,3.6824782,2006
20750,r4i1p1f1,2006,10,24,0.0,19.026464,4.4491606,2006
20751,r4i1p1f1,2006,10,25,0.0,19.917551,5.0070553,2006
20752,r4i1p1f1,2006,10,26,0.0,20.503378,7.3643603,2006
20753,r4i1p1f1,2006,10,27,0.0,23.27126,6.471462,2006
20754,r4i1p1f1,2006,10,28,0.0,26.850117,9.871111,2006
20755,r4i1p1f1,2006,10,29,0.0,30.089626,12.84483,2006
20756,r4i1p1f1,2006,10,30,0.0,28.842089,13.900282,2006
20757,r4i1p1f1,2006,10,31,0.0,26.396261,12.172778,2006
20758,r4i1p1f1,2006,11,01,0.0,23.739847,9.254283,2006
20759,r4i1p1f1,2006,11,02,0.0,22.288338,7.7353024,2006
20760,r4i1p1f1,2006,11,03,0.0003063543317693984,20.767363,6.730606,2006
20761,r4i1p1f1,2006,11,04,0.8370377537715967,16.901897,4.4272695,2006
20762,r4i1p1f1,2006,11,05,0.03966592676079017,13.337612,2.3343344,2006
20763,r4i1p1f1,2006,11,06,0.001294020694331266,13.520174,2.3798604,2006
20764,r4i1p1f1,2006,11,07,13.060321249440676,15.023104,6.7239122,2006
20765,r4i1p1f1,2006,11,08,0.0,13.930198,1.8176668,2006
20766,r4i1p1f1,2006,11,09,0.0,15.349667,2.0708187,2006
20767,r4i1p1f1,2006,11,10,0.0,15.239144,1.4222887,2006
20768,r4i1p1f1,2006,11,11,0.0,14.833489,3.0805185,2006
20769,r4i1p1f1,2006,11,12,0.0,16.984076,3.7805524,2006
20770,r4i1p1f1,2006,11,13,0.0,20.18062,3.352459,2006
20771,r4i1p1f1,2006,11,14,0.0,21.524057,5.1789722,2006
20772,r4i1p1f1,2006,11,15,0.0,20.762201,6.0908055,2006
20773,r4i1p1f1,2006,11,16,0.0,18.823593,4.7381654,2006
20774,r4i1p1f1,2006,11,17,0.0,17.918484,6.1238427,2006
20775,r4i1p1f1,2006,11,18,1.1485341589491327,15.566799,6.1601834,2006
20776,r4i1p1f1,2006,11,19,0.0,15.683766,3.8843117,2006
20777,r4i1p1f1,2006,11,20,0.0,14.933707,-0.7044687,2006
20778,r4i1p1f1,2006,11,21,0.0,12.807643,-2.7275968,2006
20779,r4i1p1f1,2006,11,22,0.0,9.912517,-3.1115665,2006
20780,r4i1p1f1,2006,11,23,0.0,11.9976225,1.6015563,2006
20781,r4i1p1f1,2006,11,24,1.4006976834934903,11.938612,1.170755,2006
20782,r4i1p1f1,2006,11,25,0.003944423633583938,14.494544,0.677488,2006
20783,r4i1p1f1,2006,11,26,9.784542676106867,12.746855,3.4543738,2006
20784,r4i1p1f1,2006,11,27,0.0,9.581859,-2.7482111,2006
20785,r4i1p1f1,2006,11,28,0.0,12.632516,-3.5289435,2006
20786,r4i1p1f1,2006,11,29,5.0917533424467365,13.042226,1.7607068,2006
20787,r4i1p1f1,2006,11,30,7.680216794278749,6.972897,-5.237,2006
20788,r4i1p1f1,2006,12,01,0.012293322149048436,2.1182823,-8.596881,2006
20789,r4i1p1f1,2006,12,02,0.0,2.0182452,-10.469616,2006
20790,r4i1p1f1,2006,12,03,0.0,5.054662,-7.3967524,2006
20791,r4i1p1f1,2006,12,04,4.936898480900709,7.3781934,-3.8264034,2006
20792,r4i1p1f1,2006,12,05,0.0,8.348785,-1.776464,2006
20793,r4i1p1f1,2006,12,06,0.038858803492303196,10.293857,3.6720145,2006
20794,r4i1p1f1,2006,12,07,0.3039748405285536,10.284985,5.515162,2006
20795,r4i1p1f1,2006,12,08,0.0,12.311824,3.4724472,2006
20796,r4i1p1f1,2006,12,09,0.0,12.532824,-0.48816204,2006
20797,r4i1p1f1,2006,12,10,0.0,10.383923,-0.9862555,2006
20798,r4i1p1f1,2006,12,11,0.0155155497940207,6.865718,-4.115615,2006
20799,r4i1p1f1,2006,12,12,0.0779463872731867,5.6155505,-6.27481,2006
20800,r4i1p1f1,2006,12,13,0.0,10.0468645,-1.8803838,2006
20801,r4i1p1f1,2006,12,14,0.0,12.458446,0.97013813,2006
20802,r4i1p1f1,2006,12,15,0.0,13.339773,2.1132967,2006
20803,r4i1p1f1,2006,12,16,0.0,13.102034,1.0434995,2006
20804,r4i1p1f1,2006,12,17,0.0,11.76052,-0.13766125,2006
20805,r4i1p1f1,2006,12,18,0.0,12.592153,0.7111914,2006
20806,r4i1p1f1,2006,12,19,0.0,15.355702,2.6554031,2006
20807,r4i1p1f1,2006,12,20,0.0,17.75564,4.857313,2006
20808,r4i1p1f1,2006,12,21,0.0,18.678776,5.1259894,2006
20809,r4i1p1f1,2006,12,22,0.0,16.779284,3.5708585,2006
20810,r4i1p1f1,2006,12,23,2.081317490603851,12.130282,3.6213634,2006
20811,r4i1p1f1,2006,12,24,14.032078947093396,10.720379,5.9246583,2006
20812,r4i1p1f1,2006,12,25,2.1915683069437364,11.354791,2.5163438,2006
20813,r4i1p1f1,2006,12,26,0.0,13.054888,3.1573133,2006
20814,r4i1p1f1,2006,12,27,0.11514658417581813,12.169762,3.1331892,2006
20815,r4i1p1f1,2006,12,28,35.162194787335466,9.99886,2.4177723,2006
20816,r4i1p1f1,2006,12,29,18.98160437365277,8.539392,1.2503599,2006
20817,r4i1p1f1,2006,12,30,3.0541252608998093,7.445503,-1.9312575,2006
20818,r4i1p1f1,2006,12,31,0.5194921597876601,7.317227,2.3842115,2006
20819,r4i1p1f1,2007,01,01,8.39355780817641,8.178764,-0.69846183,2007
20820,r4i1p1f1,2007,01,02,8.309418385715617,6.0461726,0.4107837,2007
20821,r4i1p1f1,2007,01,03,0.6899505237811354,6.280071,2.231912,2007
20822,r4i1p1f1,2007,01,04,9.590319219546473,5.8678927,-2.0419855,2007
20823,r4i1p1f1,2007,01,05,5.920153285069318,8.110101,-0.06897322,2007
20824,r4i1p1f1,2007,01,06,0.0,9.832951,-3.1942701,2007
20825,r4i1p1f1,2007,01,07,0.0,7.1876974,-5.4214115,2007
20826,r4i1p1f1,2007,01,08,0.0,6.0210404,-7.092166,2007
20827,r4i1p1f1,2007,01,09,10.368972299283996,5.371084,-4.01133,2007
20828,r4i1p1f1,2007,01,10,0.8693600901608534,8.708271,1.0240282,2007
20829,r4i1p1f1,2007,01,11,0.0,9.986908,-1.8332247,2007
20830,r4i1p1f1,2007,01,12,4.596519603978777,8.131343,1.9935019,2007
20831,r4i1p1f1,2007,01,13,1.530359063144715,9.409612,3.7911901,2007
20832,r4i1p1f1,2007,01,14,0.0,12.178587,3.3676398,2007
20833,r4i1p1f1,2007,01,15,3.192366077701081,8.827695,2.9308102,2007
20834,r4i1p1f1,2007,01,16,0.0,8.146995,0.40378353,2007
20835,r4i1p1f1,2007,01,17,0.06948598914391368,7.4682136,3.1388946,2007
20836,r4i1p1f1,2007,01,18,1.2430071821199817,6.666892,0.25910208,2007
20837,r4i1p1f1,2007,01,19,1.1127564722755778,8.888355,0.55279136,2007
20838,r4i1p1f1,2007,01,20,0.0,12.731251,0.639505,2007
20839,r4i1p1f1,2007,01,21,0.0,15.013561,0.6546021,2007
20840,r4i1p1f1,2007,01,22,0.0,14.438121,1.7445534,2007
20841,r4i1p1f1,2007,01,23,0.0,14.269052,4.077316,2007
20842,r4i1p1f1,2007,01,24,0.0,13.21395,0.67668486,2007
20843,r4i1p1f1,2007,01,25,0.0,13.644893,2.5686815,2007
20844,r4i1p1f1,2007,01,26,0.0,16.566574,4.161333,2007
20845,r4i1p1f1,2007,01,27,0.0,16.958174,5.0078626,2007
20846,r4i1p1f1,2007,01,28,0.0,16.190937,3.001347,2007
20847,r4i1p1f1,2007,01,29,0.0,14.187293,1.8505067,2007
20848,r4i1p1f1,2007,01,30,3.6400898258420966,6.68403,1.4261041,2007
20849,r4i1p1f1,2007,01,31,0.0,6.0118003,-1.6741655,2007
20850,r4i1p1f1,2007,02,01,0.2863471228920389,5.493345,-2.2956343,2007
20851,r4i1p1f1,2007,02,02,0.0,8.335655,-4.0659885,2007
20852,r4i1p1f1,2007,02,03,0.0,10.289889,-1.5457821,2007
20853,r4i1p1f1,2007,02,04,0.0,13.756521,1.9046667,2007
20854,r4i1p1f1,2007,02,05,0.0,17.046612,3.0896034,2007
20855,r4i1p1f1,2007,02,06,0.0,18.072388,5.0127482,2007
20856,r4i1p1f1,2007,02,07,0.0,19.252678,6.9042735,2007
20857,r4i1p1f1,2007,02,08,0.0,20.45628,6.9646177,2007
20858,r4i1p1f1,2007,02,09,0.0,20.999395,7.179948,2007
20859,r4i1p1f1,2007,02,10,0.0,19.38021,6.5558567,2007
20860,r4i1p1f1,2007,02,11,0.0,17.913704,5.9277654,2007
20861,r4i1p1f1,2007,02,12,0.0,16.856186,5.2105455,2007
20862,r4i1p1f1,2007,02,13,0.0,15.56311,4.6961374,2007
20863,r4i1p1f1,2007,02,14,0.0,16.493082,3.1542964,2007
20864,r4i1p1f1,2007,02,15,0.0,18.065083,4.816882,2007
20865,r4i1p1f1,2007,02,16,0.0,17.308886,4.8772187,2007
20866,r4i1p1f1,2007,02,17,0.0,17.756355,5.051589,2007
20867,r4i1p1f1,2007,02,18,0.0,20.027073,5.7903266,2007
20868,r4i1p1f1,2007,02,19,0.0,20.133757,6.1753902,2007
20869,r4i1p1f1,2007,02,20,0.0,18.849676,7.521977,2007
20870,r4i1p1f1,2007,02,21,1.3043376898281167,16.387665,5.274864,2007
20871,r4i1p1f1,2007,02,22,0.0019362215425644536,17.32629,3.0206184,2007
20872,r4i1p1f1,2007,02,23,0.0,17.22331,5.022287,2007
20873,r4i1p1f1,2007,02,24,0.0,18.036108,4.3056946,2007
20874,r4i1p1f1,2007,02,25,0.0,16.837807,3.3564713,2007
20875,r4i1p1f1,2007,02,26,12.441309508903942,14.913079,1.5036973,2007
20876,r4i1p1f1,2007,02,27,16.916642318028607,10.40286,4.952204,2007
20877,r4i1p1f1,2007,02,28,16.158164166097322,10.969471,5.6954026,2007
20878,r4i1p1f1,2007,03,01,31.368865985859884,13.720093,4.685739,2007
20879,r4i1p1f1,2007,03,02,24.421744285791647,14.066918,3.8334951,2007
20880,r4i1p1f1,2007,03,03,0.01536814228302319,15.319264,2.0983257,2007
20881,r4i1p1f1,2007,03,04,0.0,17.853142,3.8662856,2007
20882,r4i1p1f1,2007,03,05,0.0,19.04283,4.415445,2007
20883,r4i1p1f1,2007,03,06,0.0,18.742027,4.8807063,2007
20884,r4i1p1f1,2007,03,07,0.0,18.820187,5.6078625,2007
20885,r4i1p1f1,2007,03,08,0.0,19.594046,5.5602427,2007
20886,r4i1p1f1,2007,03,09,0.0,18.724028,5.0981035,2007
20887,r4i1p1f1,2007,03,10,0.0,18.715351,4.9009805,2007
20888,r4i1p1f1,2007,03,11,0.0,17.870543,3.8049893,2007
20889,r4i1p1f1,2007,03,12,0.0,15.727698,-0.11152458,2007
20890,r4i1p1f1,2007,03,13,0.0,13.104881,-0.14381456,2007
20891,r4i1p1f1,2007,03,14,4.69852485816773,13.427151,-1.3458858,2007
20892,r4i1p1f1,2007,03,15,3.3810329086804813,9.093999,1.5373853,2007
20893,r4i1p1f1,2007,03,16,24.04632083780598,6.883809,2.278864,2007
20894,r4i1p1f1,2007,03,17,6.34096705889533,6.4710836,-3.7214193,2007
20895,r4i1p1f1,2007,03,18,14.400661932086223,7.293034,-5.0239305,2007
20896,r4i1p1f1,2007,03,19,22.242445229585428,8.669472,2.574733,2007
20897,r4i1p1f1,2007,03,20,41.385510438340134,12.261239,1.8197122,2007
20898,r4i1p1f1,2007,03,21,13.531246505590389,12.437466,3.1008437,2007
20899,r4i1p1f1,2007,03,22,34.79982584303798,12.546276,2.3008356,2007
20900,r4i1p1f1,2007,03,23,0.0,12.28046,3.8400176,2007
20901,r4i1p1f1,2007,03,24,0.0,15.143407,-0.71790326,2007
20902,r4i1p1f1,2007,03,25,0.0,14.723423,0.5986672,2007
20903,r4i1p1f1,2007,03,26,6.485827397318644,12.68231,-0.8200638,2007
20904,r4i1p1f1,2007,03,27,0.0,13.981346,-0.22720231,2007
20905,r4i1p1f1,2007,03,28,0.0,14.80256,5.2570662,2007
20906,r4i1p1f1,2007,03,29,0.0,17.357748,2.953249,2007
20907,r4i1p1f1,2007,03,30,0.0,19.814507,4.4281507,2007
20908,r4i1p1f1,2007,03,31,1.2147064729049362,16.84298,1.8673352,2007
20909,r4i1p1f1,2007,04,01,0.9711961360949317,14.3237,1.2992585,2007
20910,r4i1p1f1,2007,04,02,10.732817656207772,10.962062,1.0305634,2007
20911,r4i1p1f1,2007,04,03,9.114639286121928,11.184823,-1.1547369,2007
20912,r4i1p1f1,2007,04,04,10.231930923191612,6.838442,-5.675785,2007
20913,r4i1p1f1,2007,04,05,3.375471636252314,8.652492,-0.21582253,2007
20914,r4i1p1f1,2007,04,06,6.088746023499425,7.3329563,2.3252947,2007
20915,r4i1p1f1,2007,04,07,0.0,19.174202,2.0386083,2007
20916,r4i1p1f1,2007,04,08,0.0,19.603775,3.0834634,2007
20917,r4i1p1f1,2007,04,09,0.0,18.944231,4.477961,2007
20918,r4i1p1f1,2007,04,10,0.0,18.912977,4.7137775,2007
20919,r4i1p1f1,2007,04,11,0.0,20.633337,5.6650586,2007
20920,r4i1p1f1,2007,04,12,0.0,21.372059,5.3048453,2007
20921,r4i1p1f1,2007,04,13,0.0,22.98676,6.524039,2007
20922,r4i1p1f1,2007,04,14,0.0,23.474707,8.028268,2007
20923,r4i1p1f1,2007,04,15,0.0009838533060246846,20.950174,6.1817346,2007
20924,r4i1p1f1,2007,04,16,12.127207447542787,11.853545,4.72408,2007
20925,r4i1p1f1,2007,04,17,12.38165436352574,11.386526,-0.26590076,2007
20926,r4i1p1f1,2007,04,18,8.64190594302272,10.660188,1.2410896,2007
20927,r4i1p1f1,2007,04,19,11.233428125160572,7.4629574,0.714728,2007
20928,r4i1p1f1,2007,04,20,0.5074181773721875,12.088993,1.1998097,2007
20929,r4i1p1f1,2007,04,21,0.0,17.546713,2.5419002,2007
20930,r4i1p1f1,2007,04,22,0.0,19.011013,3.9125736,2007
20931,r4i1p1f1,2007,04,23,0.0,23.791374,6.20414,2007
20932,r4i1p1f1,2007,04,24,0.0,24.666862,8.345208,2007
20933,r4i1p1f1,2007,04,25,0.0,24.412277,8.9152975,2007
20934,r4i1p1f1,2007,04,26,0.0,21.469398,6.275279,2007
20935,r4i1p1f1,2007,04,27,0.0,20.877066,5.104742,2007
20936,r4i1p1f1,2007,04,28,0.0,23.727016,7.5271606,2007
20937,r4i1p1f1,2007,04,29,0.0,25.970629,9.135021,2007
20938,r4i1p1f1,2007,04,30,0.0,27.261179,10.766962,2007
20939,r4i1p1f1,2007,05,01,0.0,28.127314,11.609864,2007
20940,r4i1p1f1,2007,05,02,0.0,28.140207,11.708694,2007
20941,r4i1p1f1,2007,05,03,0.0,24.393684,9.292985,2007
20942,r4i1p1f1,2007,05,04,0.0,22.813734,6.8753333,2007
20943,r4i1p1f1,2007,05,05,0.0,22.652779,6.853597,2007
20944,r4i1p1f1,2007,05,06,0.0,23.35949,7.583871,2007
20945,r4i1p1f1,2007,05,07,0.0,23.285812,7.1469007,2007
20946,r4i1p1f1,2007,05,08,0.0,20.598864,6.6493692,2007
20947,r4i1p1f1,2007,05,09,0.0,24.940315,8.284558,2007
20948,r4i1p1f1,2007,05,10,0.0,24.038435,8.128271,2007
20949,r4i1p1f1,2007,05,11,0.0,23.037693,7.105814,2007
20950,r4i1p1f1,2007,05,12,0.0,21.974373,5.7925644,2007
20951,r4i1p1f1,2007,05,13,0.0,23.108284,5.5751896,2007
20952,r4i1p1f1,2007,05,14,0.0,21.700834,4.9558697,2007
20953,r4i1p1f1,2007,05,15,17.242374657143955,13.679195,4.103037,2007
20954,r4i1p1f1,2007,05,16,0.0,15.4858465,-0.2508893,2007
20955,r4i1p1f1,2007,05,17,3.8024106093189403,13.809147,-1.9449751,2007
20956,r4i1p1f1,2007,05,18,0.015401479396359719,20.47837,3.5864313,2007
20957,r4i1p1f1,2007,05,19,0.0,23.490593,5.9668565,2007
20958,r4i1p1f1,2007,05,20,0.0,24.2915,7.8965616,2007
20959,r4i1p1f1,2007,05,21,0.0,24.490614,7.03296,2007
20960,r4i1p1f1,2007,05,22,0.0,22.735134,6.0230103,2007
20961,r4i1p1f1,2007,05,23,0.0,22.966644,5.9807825,2007
20962,r4i1p1f1,2007,05,24,0.009994645768074406,22.272747,6.5052414,2007
20963,r4i1p1f1,2007,05,25,0.24551976272846332,23.604128,9.0993395,2007
20964,r4i1p1f1,2007,05,26,0.0,25.970116,8.701999,2007
20965,r4i1p1f1,2007,05,27,0.0,27.80773,10.331689,2007
20966,r4i1p1f1,2007,05,28,0.0,29.117838,12.069327,2007
20967,r4i1p1f1,2007,05,29,0.0,28.718227,13.302914,2007
20968,r4i1p1f1,2007,05,30,0.0,25.059298,9.277595,2007
20969,r4i1p1f1,2007,05,31,0.0,22.303226,5.4970603,2007
20970,r4i1p1f1,2007,06,01,0.0,24.53983,5.220473,2007
20971,r4i1p1f1,2007,06,02,0.0,24.165058,7.1018267,2007
20972,r4i1p1f1,2007,06,03,0.086807576423098,20.42649,6.1042624,2007
20973,r4i1p1f1,2007,06,04,0.0,23.47671,4.727426,2007
20974,r4i1p1f1,2007,06,05,0.0,24.339928,7.948328,2007
20975,r4i1p1f1,2007,06,06,0.0,23.35484,6.067159,2007
20976,r4i1p1f1,2007,06,07,0.006923576984263491,22.264366,4.309495,2007
20977,r4i1p1f1,2007,06,08,0.0,19.790619,5.2983212,2007
20978,r4i1p1f1,2007,06,09,0.5617177536805684,18.65244,3.7118845,2007
20979,r4i1p1f1,2007,06,10,12.071582693715754,12.264927,2.338057,2007
20980,r4i1p1f1,2007,06,11,0.0,20.954119,4.5167027,2007
20981,r4i1p1f1,2007,06,12,0.0,28.01559,9.51739,2007
20982,r4i1p1f1,2007,06,13,0.0,32.87316,13.2536125,2007
20983,r4i1p1f1,2007,06,14,0.0,34.657818,15.262431,2007
20984,r4i1p1f1,2007,06,15,0.0,33.7485,15.135779,2007
20985,r4i1p1f1,2007,06,16,0.0,32.24033,13.725341,2007
20986,r4i1p1f1,2007,06,17,0.0,31.789452,13.243707,2007
20987,r4i1p1f1,2007,06,18,0.0,28.417732,9.446492,2007
20988,r4i1p1f1,2007,06,19,0.003279534621469793,24.552164,7.8337073,2007
20989,r4i1p1f1,2007,06,20,0.02555127957748482,20.465504,4.2253494,2007
20990,r4i1p1f1,2007,06,21,0.11573050760489423,23.395584,4.845169,2007
20991,r4i1p1f1,2007,06,22,0.0,26.335497,8.225076,2007
20992,r4i1p1f1,2007,06,23,0.0,29.846127,10.504052,2007
20993,r4i1p1f1,2007,06,24,0.0,32.854385,13.223026,2007
20994,r4i1p1f1,2007,06,25,0.0,32.01776,14.100281,2007
20995,r4i1p1f1,2007,06,26,0.0,28.78674,10.4036255,2007
20996,r4i1p1f1,2007,06,27,0.0,30.665737,11.909564,2007
20997,r4i1p1f1,2007,06,28,0.0,32.55219,14.026252,2007
20998,r4i1p1f1,2007,06,29,0.0,35.139748,16.356653,2007
20999,r4i1p1f1,2007,06,30,0.0,36.6985,17.890224,2007
21000,r4i1p1f1,2007,07,01,0.0,37.289906,17.122475,2007
21001,r4i1p1f1,2007,07,02,0.0,38.47856,18.350609,2007
21002,r4i1p1f1,2007,07,03,0.0,37.575813,17.242758,2007
21003,r4i1p1f1,2007,07,04,0.0,34.211582,14.032881,2007
21004,r4i1p1f1,2007,07,05,0.0,30.714844,12.046523,2007
21005,r4i1p1f1,2007,07,06,0.0,28.415335,9.871092,2007
21006,r4i1p1f1,2007,07,07,0.0,28.069195,8.976503,2007
21007,r4i1p1f1,2007,07,08,0.0,27.322212,8.902703,2007
21008,r4i1p1f1,2007,07,09,0.0,29.881186,9.666721,2007
21009,r4i1p1f1,2007,07,10,0.0,31.643707,11.0693035,2007
21010,r4i1p1f1,2007,07,11,0.0,31.460457,11.514847,2007
21011,r4i1p1f1,2007,07,12,0.0,30.464058,11.568547,2007
21012,r4i1p1f1,2007,07,13,0.0,30.473162,10.882473,2007
21013,r4i1p1f1,2007,07,14,0.0,31.553427,11.35343,2007
21014,r4i1p1f1,2007,07,15,0.0,32.373764,13.561344,2007
21015,r4i1p1f1,2007,07,16,0.0,31.737679,13.346483,2007
21016,r4i1p1f1,2007,07,17,0.0,30.176046,11.542995,2007
21017,r4i1p1f1,2007,07,18,0.0,30.555145,10.590489,2007
21018,r4i1p1f1,2007,07,19,0.0,32.77932,13.772116,2007
21019,r4i1p1f1,2007,07,20,0.0,32.75289,13.706466,2007
21020,r4i1p1f1,2007,07,21,0.0,31.010841,12.2656555,2007
21021,r4i1p1f1,2007,07,22,0.0,32.8155,13.608668,2007
21022,r4i1p1f1,2007,07,23,0.0,35.619873,15.860077,2007
21023,r4i1p1f1,2007,07,24,0.0,35.73736,16.375898,2007
21024,r4i1p1f1,2007,07,25,0.0,35.287766,16.214735,2007
21025,r4i1p1f1,2007,07,26,0.0,35.128227,16.625324,2007
21026,r4i1p1f1,2007,07,27,0.0,34.506638,16.193327,2007
21027,r4i1p1f1,2007,07,28,0.0,33.714695,14.389437,2007
21028,r4i1p1f1,2007,07,29,0.0,33.13704,13.762928,2007
21029,r4i1p1f1,2007,07,30,0.0,32.086014,12.973038,2007
21030,r4i1p1f1,2007,07,31,0.0,30.83174,11.92865,2007
21031,r4i1p1f1,2007,08,01,0.0,31.878029,13.232202,2007
21032,r4i1p1f1,2007,08,02,0.0,32.92257,14.178873,2007
21033,r4i1p1f1,2007,08,03,0.0,32.489334,15.2916155,2007
21034,r4i1p1f1,2007,08,04,0.0,30.89853,12.576712,2007
21035,r4i1p1f1,2007,08,05,0.0,30.604942,12.388324,2007
21036,r4i1p1f1,2007,08,06,0.0,30.688667,11.464782,2007
21037,r4i1p1f1,2007,08,07,0.0,31.608194,11.93301,2007
21038,r4i1p1f1,2007,08,08,0.0,32.467514,12.984263,2007
21039,r4i1p1f1,2007,08,09,0.0,31.599186,12.201982,2007
21040,r4i1p1f1,2007,08,10,0.0,29.845839,10.271408,2007
21041,r4i1p1f1,2007,08,11,0.0,31.592495,12.201964,2007
21042,r4i1p1f1,2007,08,12,0.0,32.6686,13.934338,2007
21043,r4i1p1f1,2007,08,13,0.0,33.428223,15.874817,2007
21044,r4i1p1f1,2007,08,14,0.0,32.59727,15.102393,2007
21045,r4i1p1f1,2007,08,15,0.0,30.28196,11.55925,2007
21046,r4i1p1f1,2007,08,16,0.0,30.713345,12.248987,2007
21047,r4i1p1f1,2007,08,17,0.0,31.827995,12.838645,2007
21048,r4i1p1f1,2007,08,18,0.0,32.651867,13.657375,2007
21049,r4i1p1f1,2007,08,19,0.0,33.069626,12.023652,2007
21050,r4i1p1f1,2007,08,20,0.0,32.842037,12.324114,2007
21051,r4i1p1f1,2007,08,21,0.11845829355934256,33.676598,16.153795,2007
21052,r4i1p1f1,2007,08,22,0.1169191334554398,33.39145,13.117482,2007
21053,r4i1p1f1,2007,08,23,0.0,31.086222,12.009388,2007
21054,r4i1p1f1,2007,08,24,0.0,29.9831,11.082774,2007
21055,r4i1p1f1,2007,08,25,0.0,26.203413,8.545043,2007
21056,r4i1p1f1,2007,08,26,0.0,24.886152,6.387759,2007
21057,r4i1p1f1,2007,08,27,0.0,23.494225,4.9478717,2007
21058,r4i1p1f1,2007,08,28,0.0,27.410736,7.398817,2007
21059,r4i1p1f1,2007,08,29,0.0,27.241323,7.969625,2007
21060,r4i1p1f1,2007,08,30,0.0,22.287445,4.428132,2007
21061,r4i1p1f1,2007,08,31,0.0,25.079916,6.0209756,2007
21062,r4i1p1f1,2007,09,01,0.0,27.862862,8.862072,2007
21063,r4i1p1f1,2007,09,02,0.0,27.699072,8.53277,2007
21064,r4i1p1f1,2007,09,03,0.0,27.532555,7.8888264,2007
21065,r4i1p1f1,2007,09,04,0.0,28.199917,9.452774,2007
21066,r4i1p1f1,2007,09,05,0.0,27.510307,9.321537,2007
21067,r4i1p1f1,2007,09,06,0.0,26.500729,8.001688,2007
21068,r4i1p1f1,2007,09,07,0.0,28.18391,11.007513,2007
21069,r4i1p1f1,2007,09,08,0.0,32.214104,13.54616,2007
21070,r4i1p1f1,2007,09,09,0.0,33.183357,15.565938,2007
21071,r4i1p1f1,2007,09,10,0.0,30.99533,12.939395,2007
21072,r4i1p1f1,2007,09,11,0.0,22.460102,6.549743,2007
21073,r4i1p1f1,2007,09,12,0.0,24.0182,5.9470396,2007
21074,r4i1p1f1,2007,09,13,0.0,24.73776,8.587305,2007
21075,r4i1p1f1,2007,09,14,0.0,25.296486,6.3591185,2007
21076,r4i1p1f1,2007,09,15,0.0,25.790493,7.9878507,2007
21077,r4i1p1f1,2007,09,16,0.0,27.205301,8.892155,2007
21078,r4i1p1f1,2007,09,17,0.0,29.806358,11.356337,2007
21079,r4i1p1f1,2007,09,18,0.0,31.072641,13.043303,2007
21080,r4i1p1f1,2007,09,19,0.0,33.05609,13.620023,2007
21081,r4i1p1f1,2007,09,20,0.0,33.170967,13.888599,2007
21082,r4i1p1f1,2007,09,21,0.0,32.342224,13.764291,2007
21083,r4i1p1f1,2007,09,22,0.0,30.817543,12.186053,2007
21084,r4i1p1f1,2007,09,23,0.0,26.586441,10.025928,2007
21085,r4i1p1f1,2007,09,24,0.0,26.449429,8.013041,2007
21086,r4i1p1f1,2007,09,25,0.0,31.36039,10.284084,2007
21087,r4i1p1f1,2007,09,26,0.0,31.8159,15.865263,2007
21088,r4i1p1f1,2007,09,27,5.419497226353087,28.269663,14.36697,2007
21089,r4i1p1f1,2007,09,28,0.7850959931147372,28.07284,14.269282,2007
21090,r4i1p1f1,2007,09,29,0.0,32.081566,13.893014,2007
21091,r4i1p1f1,2007,09,30,0.0,32.83853,14.965339,2007
21092,r4i1p1f1,2007,10,01,0.0,30.758026,14.097647,2007
21093,r4i1p1f1,2007,10,02,0.0,28.963493,11.930979,2007
21094,r4i1p1f1,2007,10,03,0.0,29.964548,12.089366,2007
21095,r4i1p1f1,2007,10,04,0.0,30.09925,12.225717,2007
21096,r4i1p1f1,2007,10,05,0.0,26.223366,9.539126,2007
21097,r4i1p1f1,2007,10,06,0.0,23.175339,9.094032,2007
21098,r4i1p1f1,2007,10,07,0.0,23.747292,6.8213634,2007
21099,r4i1p1f1,2007,10,08,0.0,25.05325,8.989708,2007
21100,r4i1p1f1,2007,10,09,0.0,26.15606,11.089398,2007
21101,r4i1p1f1,2007,10,10,0.0,26.283464,10.299446,2007
21102,r4i1p1f1,2007,10,11,0.0,26.406925,9.057218,2007
21103,r4i1p1f1,2007,10,12,0.0,25.525871,10.549236,2007
21104,r4i1p1f1,2007,10,13,0.0,26.75642,10.759698,2007
21105,r4i1p1f1,2007,10,14,0.0,26.70979,11.116428,2007
21106,r4i1p1f1,2007,10,15,0.0,27.266186,10.94836,2007
21107,r4i1p1f1,2007,10,16,0.0,29.260063,13.050394,2007
21108,r4i1p1f1,2007,10,17,0.0,31.208517,14.022636,2007
21109,r4i1p1f1,2007,10,18,0.0,31.050598,13.595822,2007
21110,r4i1p1f1,2007,10,19,0.0,29.638527,13.0626545,2007
21111,r4i1p1f1,2007,10,20,0.0,26.855244,11.53667,2007
21112,r4i1p1f1,2007,10,21,0.0,28.998112,10.718593,2007
21113,r4i1p1f1,2007,10,22,0.0,29.904015,13.315103,2007
21114,r4i1p1f1,2007,10,23,0.0,31.316366,16.380934,2007
21115,r4i1p1f1,2007,10,24,0.0,29.6549,14.602775,2007
21116,r4i1p1f1,2007,10,25,0.0,28.125753,11.856641,2007
21117,r4i1p1f1,2007,10,26,0.0,25.035557,8.158401,2007
21118,r4i1p1f1,2007,10,27,0.0,24.061283,8.846413,2007
21119,r4i1p1f1,2007,10,28,0.6779214220728136,16.764399,5.454538,2007
21120,r4i1p1f1,2007,10,29,0.04093648603884503,11.640145,0.35962623,2007
21121,r4i1p1f1,2007,10,30,0.0,18.01413,2.5173824,2007
21122,r4i1p1f1,2007,10,31,0.0,20.163649,4.1856856,2007
21123,r4i1p1f1,2007,11,01,0.0,21.064646,4.812611,2007
21124,r4i1p1f1,2007,11,02,0.0,23.422455,7.2460284,2007
21125,r4i1p1f1,2007,11,03,0.0,26.21238,10.200542,2007
21126,r4i1p1f1,2007,11,04,0.0,27.227484,11.034757,2007
21127,r4i1p1f1,2007,11,05,0.0,25.729225,9.142229,2007
21128,r4i1p1f1,2007,11,06,0.0,20.256273,6.0067453,2007
21129,r4i1p1f1,2007,11,07,0.0,15.719866,3.0363216,2007
21130,r4i1p1f1,2007,11,08,0.4729215038395296,14.435065,3.2192676,2007
21131,r4i1p1f1,2007,11,09,16.13174930319019,13.960438,4.362851,2007
21132,r4i1p1f1,2007,11,10,30.966173768820227,15.9383745,5.808283,2007
21133,r4i1p1f1,2007,11,11,0.0,12.066092,0.24508254,2007
21134,r4i1p1f1,2007,11,12,0.2894633951498804,13.534339,3.7949333,2007
21135,r4i1p1f1,2007,11,13,0.005934188573064603,15.930664,7.583067,2007
21136,r4i1p1f1,2007,11,14,0.0,15.336929,2.3304553,2007
21137,r4i1p1f1,2007,11,15,0.09145515761446177,16.050175,3.5059042,2007
21138,r4i1p1f1,2007,11,16,0.0,18.74362,6.601819,2007
21139,r4i1p1f1,2007,11,17,0.0,18.435057,7.9290576,2007
21140,r4i1p1f1,2007,11,18,0.009132468494499335,12.016456,0.76153,2007
21141,r4i1p1f1,2007,11,19,0.0,8.267696,-4.3900084,2007
21142,r4i1p1f1,2007,11,20,0.0,8.476741,-3.2918236,2007
21143,r4i1p1f1,2007,11,21,18.06806408603734,6.670145,-1.9475771,2007
21144,r4i1p1f1,2007,11,22,12.601434432144742,7.2082005,-1.3648823,2007
21145,r4i1p1f1,2007,11,23,16.691026956686983,8.600568,0.4081017,2007
21146,r4i1p1f1,2007,11,24,25.57924044522224,9.841052,3.6012964,2007
21147,r4i1p1f1,2007,11,25,4.885541729993292,10.447917,2.0924053,2007
21148,r4i1p1f1,2007,11,26,0.0,10.589615,0.26075017,2007
21149,r4i1p1f1,2007,11,27,0.0,13.488416,0.5303239,2007
21150,r4i1p1f1,2007,11,28,0.0,14.204033,4.4814887,2007
21151,r4i1p1f1,2007,11,29,7.960343693287086,13.740112,4.318176,2007
21152,r4i1p1f1,2007,11,30,2.1347626976307765,15.281422,6.3202176,2007
21153,r4i1p1f1,2007,12,01,2.338695048615591,16.158852,6.137325,2007
21154,r4i1p1f1,2007,12,02,18.464338688409043,13.288743,7.286115,2007
21155,r4i1p1f1,2007,12,03,11.408632305028732,12.426618,1.2354352,2007
21156,r4i1p1f1,2007,12,04,8.548733117868323,12.07155,4.4091663,2007
21157,r4i1p1f1,2007,12,05,43.6546945677037,12.306024,7.151657,2007
21158,r4i1p1f1,2007,12,06,0.0,14.459705,3.2092812,2007
21159,r4i1p1f1,2007,12,07,0.0,13.869348,2.7715435,2007
21160,r4i1p1f1,2007,12,08,0.0,13.394407,3.9581604,2007
21161,r4i1p1f1,2007,12,09,0.0,13.848644,3.8177404,2007
21162,r4i1p1f1,2007,12,10,0.0,15.511488,3.7333925,2007
21163,r4i1p1f1,2007,12,11,0.0,15.566345,3.9677184,2007
21164,r4i1p1f1,2007,12,12,0.0,14.961171,4.166699,2007
21165,r4i1p1f1,2007,12,13,0.0,15.280582,6.240894,2007
21166,r4i1p1f1,2007,12,14,0.0,15.855358,4.938915,2007
21167,r4i1p1f1,2007,12,15,0.0,15.05288,4.2377396,2007
21168,r4i1p1f1,2007,12,16,0.03467821934464155,13.858165,4.349755,2007
21169,r4i1p1f1,2007,12,17,0.0,13.260139,5.3042417,2007
21170,r4i1p1f1,2007,12,18,0.0,14.454559,3.437317,2007
21171,r4i1p1f1,2007,12,19,0.0,14.453151,3.2801433,2007
21172,r4i1p1f1,2007,12,20,0.0,16.122871,3.8117077,2007
21173,r4i1p1f1,2007,12,21,0.0,18.146059,5.9978776,2007
21174,r4i1p1f1,2007,12,22,0.0,17.709913,6.4498405,2007
21175,r4i1p1f1,2007,12,23,0.0,15.988325,5.704537,2007
21176,r4i1p1f1,2007,12,24,37.87277413466654,15.461369,5.4840755,2007
21177,r4i1p1f1,2007,12,25,2.9948057129530525,12.549081,4.784022,2007
21178,r4i1p1f1,2007,12,26,0.0,13.326931,5.6916804,2007
21179,r4i1p1f1,2007,12,27,34.53092718555126,12.692983,6.9949493,2007
21180,r4i1p1f1,2007,12,28,19.33835605341301,11.39141,1.7936575,2007
21181,r4i1p1f1,2007,12,29,3.372916266789616,4.181568,-0.61378866,2007
21182,r4i1p1f1,2007,12,30,0.0,7.340199,-0.22274362,2007
21183,r4i1p1f1,2007,12,31,7.570552748302362,6.3956656,-0.12562895,2007
21184,r4i1p1f1,2008,01,01,0.0,8.041434,-0.7997726,2008
21185,r4i1p1f1,2008,01,02,0.0,8.484819,-2.2580447,2008
21186,r4i1p1f1,2008,01,03,0.0,7.4957514,-1.8355509,2008
21187,r4i1p1f1,2008,01,04,11.873415050285985,5.5404863,-1.095477,2008
21188,r4i1p1f1,2008,01,05,23.674564190332603,10.503445,1.6491256,2008
21189,r4i1p1f1,2008,01,06,0.026653466829884565,11.024807,6.4049625,2008
21190,r4i1p1f1,2008,01,07,0.0,12.554884,5.1236124,2008
21191,r4i1p1f1,2008,01,08,0.0,13.262322,4.0882015,2008
21192,r4i1p1f1,2008,01,09,0.0,12.237996,4.859125,2008
21193,r4i1p1f1,2008,01,10,0.0,11.921588,2.1975145,2008
21194,r4i1p1f1,2008,01,11,0.0,18.156656,5.266767,2008
21195,r4i1p1f1,2008,01,12,0.0,17.313848,6.185461,2008
21196,r4i1p1f1,2008,01,13,0.0,18.067959,5.775,2008
21197,r4i1p1f1,2008,01,14,0.0,17.918316,5.911024,2008
21198,r4i1p1f1,2008,01,15,0.0,11.213771,1.742324,2008
21199,r4i1p1f1,2008,01,16,3.086248673753289,4.1493926,-3.4785702,2008
21200,r4i1p1f1,2008,01,17,0.0,6.003019,-5.088546,2008
21201,r4i1p1f1,2008,01,18,0.0,5.3458114,-8.038852,2008
21202,r4i1p1f1,2008,01,19,2.537788092951132,5.562741,-4.5877852,2008
21203,r4i1p1f1,2008,01,20,9.707210335511718,4.144877,-5.7259903,2008
21204,r4i1p1f1,2008,01,21,0.0,3.869387,-9.814512,2008
21205,r4i1p1f1,2008,01,22,0.0,7.4807444,-5.005114,2008
21206,r4i1p1f1,2008,01,23,2.0885194464483448,7.261584,-0.9594093,2008
21207,r4i1p1f1,2008,01,24,9.546619130878753,5.881673,1.6637664,2008
21208,r4i1p1f1,2008,01,25,17.14992702309246,4.396215,0.04058202,2008
21209,r4i1p1f1,2008,01,26,6.459374760254377,4.1740165,-2.2968426,2008
21210,r4i1p1f1,2008,01,27,0.0,8.159397,-3.238298,2008
21211,r4i1p1f1,2008,01,28,0.0,10.858085,-0.91720486,2008
21212,r4i1p1f1,2008,01,29,0.0,12.046003,3.0922236,2008
21213,r4i1p1f1,2008,01,30,0.0,14.081295,2.1653774,2008
21214,r4i1p1f1,2008,01,31,0.0,14.512078,2.4384317,2008
21215,r4i1p1f1,2008,02,01,0.0,15.6132555,3.1386194,2008
21216,r4i1p1f1,2008,02,02,0.14783895048537943,14.555612,3.7630625,2008
21217,r4i1p1f1,2008,02,03,3.279231607058364,13.205667,0.58108383,2008
21218,r4i1p1f1,2008,02,04,0.01977066669951455,6.7021985,-0.75055236,2008
21219,r4i1p1f1,2008,02,05,7.961504486945614,5.191955,-3.9949026,2008
21220,r4i1p1f1,2008,02,06,14.385774425545605,3.3563344,-4.201791,2008
21221,r4i1p1f1,2008,02,07,0.0,9.690921,-3.1617262,2008
21222,r4i1p1f1,2008,02,08,0.0,9.418485,2.4798372,2008
21223,r4i1p1f1,2008,02,09,2.184847135936252,9.902328,4.2323704,2008
21224,r4i1p1f1,2008,02,10,0.0,10.489473,-4.390189,2008
21225,r4i1p1f1,2008,02,11,0.0,9.629379,-6.9672327,2008
21226,r4i1p1f1,2008,02,12,0.054151565859683615,9.729992,-0.72414833,2008
21227,r4i1p1f1,2008,02,13,14.428498801134992,8.238487,2.494558,2008
21228,r4i1p1f1,2008,02,14,13.007337701310462,9.708753,4.450223,2008
21229,r4i1p1f1,2008,02,15,22.866469949440216,13.272905,4.1235375,2008
21230,r4i1p1f1,2008,02,16,0.0,12.809438,-0.2707645,2008
21231,r4i1p1f1,2008,02,17,0.0,11.693266,0.44076538,2008
21232,r4i1p1f1,2008,02,18,0.0,17.372124,2.958837,2008
21233,r4i1p1f1,2008,02,19,0.0,19.113659,5.2723365,2008
21234,r4i1p1f1,2008,02,20,0.0,19.449915,5.5868773,2008
21235,r4i1p1f1,2008,02,21,0.0,16.416119,5.3154516,2008
21236,r4i1p1f1,2008,02,22,4.25084444868844,12.253191,3.078803,2008
21237,r4i1p1f1,2008,02,23,0.43625698595803897,12.278839,2.40434,2008
21238,r4i1p1f1,2008,02,24,0.0,16.899178,5.2303905,2008
21239,r4i1p1f1,2008,02,25,0.0,19.739935,6.344258,2008
21240,r4i1p1f1,2008,02,26,0.0,17.665892,5.9795747,2008
21241,r4i1p1f1,2008,02,27,0.8982255266573702,15.278046,5.9614496,2008
21242,r4i1p1f1,2008,02,28,26.539416665218596,11.563833,1.8958002,2008
21243,r4i1p1f1,2008,02,29,0.0,13.580117,2.039957,2008
21244,r4i1p1f1,2008,03,01,0.0,13.8768425,2.2272577,2008
21245,r4i1p1f1,2008,03,02,0.030850139484073225,14.84082,5.6804433,2008
21246,r4i1p1f1,2008,03,03,0.0,13.461956,-1.5476485,2008
21247,r4i1p1f1,2008,03,04,10.344342885400692,9.338691,-0.653373,2008
21248,r4i1p1f1,2008,03,05,11.915581454559288,9.713615,3.7039464,2008
21249,r4i1p1f1,2008,03,06,52.213909681813675,12.339305,2.4780302,2008
21250,r4i1p1f1,2008,03,07,40.88411108168657,12.346857,3.4317122,2008
21251,r4i1p1f1,2008,03,08,1.1692395464933725,15.076268,4.8615646,2008
21252,r4i1p1f1,2008,03,09,0.0,16.532661,2.057919,2008
21253,r4i1p1f1,2008,03,10,0.0,16.601576,4.1936455,2008
21254,r4i1p1f1,2008,03,11,0.0,18.102806,4.089159,2008
21255,r4i1p1f1,2008,03,12,0.0,19.659864,5.4375405,2008
21256,r4i1p1f1,2008,03,13,0.0,18.495441,4.7959785,2008
21257,r4i1p1f1,2008,03,14,0.5996854423386822,14.193264,4.747337,2008
21258,r4i1p1f1,2008,03,15,27.696964376082178,9.885834,2.9711177,2008
21259,r4i1p1f1,2008,03,16,1.0446129103570456,8.74416,-1.0609117,2008
21260,r4i1p1f1,2008,03,17,0.0,12.314921,-0.7749017,2008
21261,r4i1p1f1,2008,03,18,17.672476570260187,10.898226,1.7378457,2008
21262,r4i1p1f1,2008,03,19,8.438733862101344,9.340618,1.2257211,2008
21263,r4i1p1f1,2008,03,20,13.422082271176805,9.180164,3.0332859,2008
21264,r4i1p1f1,2008,03,21,19.379636949997803,9.732108,3.6487122,2008
21265,r4i1p1f1,2008,03,22,0.1986023078643484,12.649814,1.2848644,2008
21266,r4i1p1f1,2008,03,23,0.0,16.09961,-0.4854385,2008
21267,r4i1p1f1,2008,03,24,5.817861188296547,13.317566,-0.6680683,2008
21268,r4i1p1f1,2008,03,25,4.555306472195753,9.871519,2.7608376,2008
21269,r4i1p1f1,2008,03,26,0.0,12.5765295,-0.7540052,2008
21270,r4i1p1f1,2008,03,27,16.233429108433484,8.026352,2.5611024,2008
21271,r4i1p1f1,2008,03,28,3.599570741118896,7.772361,0.10179186,2008
21272,r4i1p1f1,2008,03,29,0.5183912614370456,11.422351,-3.353332,2008
21273,r4i1p1f1,2008,03,30,11.542925894525524,9.471745,0.12854883,2008
21274,r4i1p1f1,2008,03,31,13.288128177373437,9.005146,0.28625122,2008
21275,r4i1p1f1,2008,04,01,18.006080756822485,10.719035,3.148181,2008
21276,r4i1p1f1,2008,04,02,0.3628801811998983,12.994606,4.9411864,2008
21277,r4i1p1f1,2008,04,03,0.0,18.972328,2.6200054,2008
21278,r4i1p1f1,2008,04,04,0.0073333645502771105,15.963806,1.4356738,2008
21279,r4i1p1f1,2008,04,05,12.698569168060203,14.530511,6.790959,2008
21280,r4i1p1f1,2008,04,06,0.01784172144425611,21.487896,8.738534,2008
21281,r4i1p1f1,2008,04,07,0.0,24.841957,8.840032,2008
21282,r4i1p1f1,2008,04,08,0.0,25.040762,9.158225,2008
21283,r4i1p1f1,2008,04,09,10.242544019274646,19.463507,4.928899,2008
21284,r4i1p1f1,2008,04,10,0.84923514660602,18.654678,7.725102,2008
21285,r4i1p1f1,2008,04,11,6.303037107841192,16.524784,3.3498356,2008
21286,r4i1p1f1,2008,04,12,0.0,19.94461,7.246753,2008
21287,r4i1p1f1,2008,04,13,0.0,20.461725,5.336246,2008
21288,r4i1p1f1,2008,04,14,0.0,20.381775,4.992155,2008
21289,r4i1p1f1,2008,04,15,1.6962211829124385,18.28934,4.262126,2008
21290,r4i1p1f1,2008,04,16,1.9575611213895172,13.888756,-0.30477232,2008
21291,r4i1p1f1,2008,04,17,10.152745533332563,11.641086,0.44614533,2008
21292,r4i1p1f1,2008,04,18,3.203981055139593,15.281732,0.0018834538,2008
21293,r4i1p1f1,2008,04,19,0.009123195916060922,17.31222,2.236443,2008
21294,r4i1p1f1,2008,04,20,4.470241891745275,16.037666,4.4014273,2008
21295,r4i1p1f1,2008,04,21,0.8833462791699276,16.43914,0.517222,2008
21296,r4i1p1f1,2008,04,22,0.07903850764705567,17.516788,-0.9239447,2008
21297,r4i1p1f1,2008,04,23,1.968617230846803,15.7824335,-0.4381664,2008
21298,r4i1p1f1,2008,04,24,3.6732164864588412,15.966577,1.7764001,2008
21299,r4i1p1f1,2008,04,25,4.522459968012527,15.332289,5.224633,2008
21300,r4i1p1f1,2008,04,26,12.29389007203281,12.544581,-1.2370256,2008
21301,r4i1p1f1,2008,04,27,1.5368323879584977,12.607374,-1.1101899,2008
21302,r4i1p1f1,2008,04,28,1.792246604702541,13.847346,4.897244,2008
21303,r4i1p1f1,2008,04,29,20.5525628371106,12.075162,2.6014328,2008
21304,r4i1p1f1,2008,04,30,26.664786550827557,11.511198,0.96906114,2008
21305,r4i1p1f1,2008,05,01,1.34891113239064,15.277339,3.677699,2008
21306,r4i1p1f1,2008,05,02,0.0009974675208468398,20.516953,5.149582,2008
21307,r4i1p1f1,2008,05,03,0.0,25.554813,8.524563,2008
21308,r4i1p1f1,2008,05,04,0.0,23.984371,8.935507,2008
21309,r4i1p1f1,2008,05,05,12.528450675199565,17.990973,3.5543842,2008
21310,r4i1p1f1,2008,05,06,0.1821930478399736,16.612333,2.647914,2008
21311,r4i1p1f1,2008,05,07,0.969626523055922,16.94393,5.40727,2008
21312,r4i1p1f1,2008,05,08,0.0,21.37654,3.5800085,2008
21313,r4i1p1f1,2008,05,09,0.0,23.08383,6.549258,2008
21314,r4i1p1f1,2008,05,10,0.0,22.577787,6.030509,2008
21315,r4i1p1f1,2008,05,11,0.03723306125493764,20.17168,4.9895954,2008
21316,r4i1p1f1,2008,05,12,0.0,20.971504,4.3430023,2008
21317,r4i1p1f1,2008,05,13,0.0,25.55275,7.914261,2008
21318,r4i1p1f1,2008,05,14,0.0,28.592272,10.825359,2008
21319,r4i1p1f1,2008,05,15,0.0,29.241842,11.547102,2008
21320,r4i1p1f1,2008,05,16,0.0,29.26242,12.087054,2008
21321,r4i1p1f1,2008,05,17,0.0,29.68767,13.803028,2008
21322,r4i1p1f1,2008,05,18,0.5367968293228387,27.95033,10.24125,2008
21323,r4i1p1f1,2008,05,19,0.0,27.515875,9.287205,2008
21324,r4i1p1f1,2008,05,20,1.4380981984004393,25.174534,10.072179,2008
21325,r4i1p1f1,2008,05,21,0.3782942865370842,22.212063,5.5455666,2008
21326,r4i1p1f1,2008,05,22,0.0,29.250437,11.201502,2008
21327,r4i1p1f1,2008,05,23,0.3940066282666521,27.662941,11.912657,2008
21328,r4i1p1f1,2008,05,24,0.5620619064060861,24.560478,9.772032,2008
21329,r4i1p1f1,2008,05,25,0.0,27.732641,12.139142,2008
21330,r4i1p1f1,2008,05,26,0.0,29.749617,12.815131,2008
21331,r4i1p1f1,2008,05,27,0.03766784640788501,29.83561,12.579145,2008
21332,r4i1p1f1,2008,05,28,0.14630841708935804,25.114473,8.519188,2008
21333,r4i1p1f1,2008,05,29,0.0,27.498344,10.377282,2008
21334,r4i1p1f1,2008,05,30,0.6818811259336144,25.815311,11.099038,2008
21335,r4i1p1f1,2008,05,31,0.07769962153361121,26.360165,10.295406,2008
21336,r4i1p1f1,2008,06,01,0.0,27.926296,8.609528,2008
21337,r4i1p1f1,2008,06,02,0.0,31.292257,11.611278,2008
21338,r4i1p1f1,2008,06,03,0.0,33.172356,13.989142,2008
21339,r4i1p1f1,2008,06,04,0.0,32.87477,13.731328,2008
21340,r4i1p1f1,2008,06,05,0.5110833173716856,30.301113,13.143109,2008
21341,r4i1p1f1,2008,06,06,0.033752485614968464,29.288713,10.496328,2008
21342,r4i1p1f1,2008,06,07,0.0,29.967201,11.262339,2008
21343,r4i1p1f1,2008,06,08,0.0,30.239105,11.829258,2008
21344,r4i1p1f1,2008,06,09,0.0,28.843374,11.868346,2008
21345,r4i1p1f1,2008,06,10,0.04319640026153593,24.004911,9.873922,2008
21346,r4i1p1f1,2008,06,11,0.0,25.45874,9.275074,2008
21347,r4i1p1f1,2008,06,12,0.0,27.367435,9.413877,2008
21348,r4i1p1f1,2008,06,13,0.015543590734523605,26.201317,8.267348,2008
21349,r4i1p1f1,2008,06,14,0.0,21.306496,6.397692,2008
21350,r4i1p1f1,2008,06,15,0.6869781976263312,19.020933,8.968241,2008
21351,r4i1p1f1,2008,06,16,0.006415063398890197,20.693483,6.8744965,2008
21352,r4i1p1f1,2008,06,17,0.0,23.639439,7.2596536,2008
21353,r4i1p1f1,2008,06,18,0.003088963376285392,26.284075,7.956938,2008
21354,r4i1p1f1,2008,06,19,0.0,25.73719,8.416414,2008
21355,r4i1p1f1,2008,06,20,0.03324456574773649,23.886023,7.241843,2008
21356,r4i1p1f1,2008,06,21,0.0,21.02029,8.04144,2008
21357,r4i1p1f1,2008,06,22,1.7111023709531992,20.644402,3.908546,2008
21358,r4i1p1f1,2008,06,23,0.04800856520432717,22.509344,8.983944,2008
21359,r4i1p1f1,2008,06,24,0.0,24.674822,6.034006,2008
21360,r4i1p1f1,2008,06,25,0.0,29.948076,9.390685,2008
21361,r4i1p1f1,2008,06,26,0.0,30.668192,13.562217,2008
21362,r4i1p1f1,2008,06,27,0.0,29.892569,12.021654,2008
21363,r4i1p1f1,2008,06,28,0.0,29.996073,11.957024,2008
21364,r4i1p1f1,2008,06,29,0.0,29.84358,12.328459,2008
21365,r4i1p1f1,2008,06,30,0.0,30.178799,12.037143,2008
21366,r4i1p1f1,2008,07,01,0.0,29.64486,11.606869,2008
21367,r4i1p1f1,2008,07,02,0.0,31.06212,11.34065,2008
21368,r4i1p1f1,2008,07,03,0.0,33.0855,13.916937,2008
21369,r4i1p1f1,2008,07,04,0.0,33.1342,14.235901,2008
21370,r4i1p1f1,2008,07,05,0.0,32.413647,12.749504,2008
21371,r4i1p1f1,2008,07,06,0.0,31.857391,12.8361435,2008
21372,r4i1p1f1,2008,07,07,1.1802453461996265,32.30664,15.346278,2008
21373,r4i1p1f1,2008,07,08,0.28586913892922894,32.872868,15.343702,2008
21374,r4i1p1f1,2008,07,09,0.0,33.199825,14.774638,2008
21375,r4i1p1f1,2008,07,10,0.0,33.383858,15.533896,2008
21376,r4i1p1f1,2008,07,11,0.0,31.794569,13.302921,2008
21377,r4i1p1f1,2008,07,12,0.0,30.97477,11.866236,2008
21378,r4i1p1f1,2008,07,13,0.0,30.536818,11.957961,2008
21379,r4i1p1f1,2008,07,14,0.0,30.71902,13.243023,2008
21380,r4i1p1f1,2008,07,15,0.0,31.061401,13.78519,2008
21381,r4i1p1f1,2008,07,16,0.12899767310443622,31.233389,12.33878,2008
21382,r4i1p1f1,2008,07,17,0.0,25.91027,9.03283,2008
21383,r4i1p1f1,2008,07,18,0.0,26.496994,11.351089,2008
21384,r4i1p1f1,2008,07,19,0.0,27.704529,10.105713,2008
21385,r4i1p1f1,2008,07,20,0.0,29.853615,10.263826,2008
21386,r4i1p1f1,2008,07,21,0.0,32.07082,14.215921,2008
21387,r4i1p1f1,2008,07,22,0.0,33.78801,15.122234,2008
21388,r4i1p1f1,2008,07,23,0.0,35.295113,17.16294,2008
21389,r4i1p1f1,2008,07,24,0.0,35.774513,17.105997,2008
21390,r4i1p1f1,2008,07,25,0.0,37.947765,18.35456,2008
21391,r4i1p1f1,2008,07,26,0.0007491322548958124,39.321976,20.843113,2008
21392,r4i1p1f1,2008,07,27,1.1844145374169557,39.681755,21.489738,2008
21393,r4i1p1f1,2008,07,28,0.0,37.30575,18.234154,2008
21394,r4i1p1f1,2008,07,29,0.0,33.371933,15.523983,2008
21395,r4i1p1f1,2008,07,30,0.0,33.89249,16.123055,2008
21396,r4i1p1f1,2008,07,31,0.0,31.863956,12.976711,2008
21397,r4i1p1f1,2008,08,01,0.0,33.406136,13.983794,2008
21398,r4i1p1f1,2008,08,02,0.0,33.808777,15.049103,2008
21399,r4i1p1f1,2008,08,03,0.0,33.815514,15.099125,2008
21400,r4i1p1f1,2008,08,04,0.11963470535079068,31.742035,13.599599,2008
21401,r4i1p1f1,2008,08,05,0.0,24.659872,7.6016064,2008
21402,r4i1p1f1,2008,08,06,0.0,26.784142,7.59867,2008
21403,r4i1p1f1,2008,08,07,0.0,33.315563,12.892731,2008
21404,r4i1p1f1,2008,08,08,0.0,34.849762,15.906306,2008
21405,r4i1p1f1,2008,08,09,0.0,33.597317,15.892824,2008
21406,r4i1p1f1,2008,08,10,0.0,30.19982,11.531993,2008
21407,r4i1p1f1,2008,08,11,0.0,26.461243,8.601148,2008
21408,r4i1p1f1,2008,08,12,0.0,31.424791,11.878023,2008
21409,r4i1p1f1,2008,08,13,0.0,32.22433,13.753198,2008
21410,r4i1p1f1,2008,08,14,0.0,31.124674,13.114141,2008
21411,r4i1p1f1,2008,08,15,0.0,30.2248,11.002967,2008
21412,r4i1p1f1,2008,08,16,0.0,28.383757,10.012333,2008
21413,r4i1p1f1,2008,08,17,0.0,28.076178,10.754785,2008
21414,r4i1p1f1,2008,08,18,0.0,27.2748,9.206774,2008
21415,r4i1p1f1,2008,08,19,0.0,28.33907,9.378491,2008
21416,r4i1p1f1,2008,08,20,0.0,30.200722,12.152578,2008
21417,r4i1p1f1,2008,08,21,0.0,33.10278,13.844962,2008
21418,r4i1p1f1,2008,08,22,0.0,35.41768,15.007908,2008
21419,r4i1p1f1,2008,08,23,0.0,35.920612,15.784145,2008
21420,r4i1p1f1,2008,08,24,0.0,35.491108,14.230761,2008
21421,r4i1p1f1,2008,08,25,0.0,31.796112,11.523369,2008
21422,r4i1p1f1,2008,08,26,0.0,29.034628,9.947469,2008
21423,r4i1p1f1,2008,08,27,0.0,28.753164,10.194611,2008
21424,r4i1p1f1,2008,08,28,0.0,30.724575,12.522419,2008
21425,r4i1p1f1,2008,08,29,0.0,31.707634,13.411555,2008
21426,r4i1p1f1,2008,08,30,0.0,32.917328,13.169772,2008
21427,r4i1p1f1,2008,08,31,0.0,32.841385,12.290438,2008
21428,r4i1p1f1,2008,09,01,0.0,32.52345,14.937731,2008
21429,r4i1p1f1,2008,09,02,0.0,30.862762,14.127345,2008
21430,r4i1p1f1,2008,09,03,0.012654685303914448,28.58415,11.251556,2008
21431,r4i1p1f1,2008,09,04,0.0,28.654419,10.76037,2008
21432,r4i1p1f1,2008,09,05,0.0,31.71498,12.459421,2008
21433,r4i1p1f1,2008,09,06,0.0,30.114296,12.899852,2008
21434,r4i1p1f1,2008,09,07,0.0,31.758034,13.439028,2008
21435,r4i1p1f1,2008,09,08,0.0,32.236683,12.982266,2008
21436,r4i1p1f1,2008,09,09,0.0,28.059868,11.228802,2008
21437,r4i1p1f1,2008,09,10,0.0,21.882456,5.9371743,2008
21438,r4i1p1f1,2008,09,11,0.008599137981946114,25.584538,7.500811,2008
21439,r4i1p1f1,2008,09,12,0.0,28.795906,10.972366,2008
21440,r4i1p1f1,2008,09,13,0.0,27.775324,11.592,2008
21441,r4i1p1f1,2008,09,14,0.0,24.4806,7.891836,2008
21442,r4i1p1f1,2008,09,15,0.0,26.73899,8.325069,2008
21443,r4i1p1f1,2008,09,16,0.0,28.76727,10.422123,2008
21444,r4i1p1f1,2008,09,17,0.0,27.888517,8.968967,2008
21445,r4i1p1f1,2008,09,18,2.1594790788242335,18.447971,2.0056715,2008
21446,r4i1p1f1,2008,09,19,3.9209178978069303,15.396883,1.1477876,2008
21447,r4i1p1f1,2008,09,20,0.27815724566551125,20.777428,6.78583,2008
21448,r4i1p1f1,2008,09,21,0.0,24.432465,7.9941273,2008
21449,r4i1p1f1,2008,09,22,0.0,28.612295,11.097471,2008
21450,r4i1p1f1,2008,09,23,0.0,32.467155,14.421056,2008
21451,r4i1p1f1,2008,09,24,0.0,34.16992,16.83052,2008
21452,r4i1p1f1,2008,09,25,0.0,34.562294,15.827806,2008
21453,r4i1p1f1,2008,09,26,0.0,31.643864,13.434696,2008
21454,r4i1p1f1,2008,09,27,0.0,26.975977,11.934262,2008
21455,r4i1p1f1,2008,09,28,0.0,23.53007,9.563985,2008
21456,r4i1p1f1,2008,09,29,0.0,22.97165,8.058181,2008
21457,r4i1p1f1,2008,09,30,0.0,25.195976,8.279865,2008
21458,r4i1p1f1,2008,10,01,0.0,29.50585,11.442909,2008
21459,r4i1p1f1,2008,10,02,0.0,29.785645,13.979488,2008
21460,r4i1p1f1,2008,10,03,0.0,29.565216,11.289685,2008
21461,r4i1p1f1,2008,10,04,0.0,28.817095,9.803734,2008
21462,r4i1p1f1,2008,10,05,0.0,28.049994,9.770883,2008
21463,r4i1p1f1,2008,10,06,0.0,26.948547,12.494455,2008
21464,r4i1p1f1,2008,10,07,0.0,28.434645,12.544698,2008
21465,r4i1p1f1,2008,10,08,0.0,32.861267,14.053834,2008
21466,r4i1p1f1,2008,10,09,1.155864689064856,33.134117,17.077112,2008
21467,r4i1p1f1,2008,10,10,1.867191908565946,28.565212,16.652367,2008
21468,r4i1p1f1,2008,10,11,1.0394964117551808,24.37998,10.13432,2008
21469,r4i1p1f1,2008,10,12,0.0,23.74716,9.174836,2008
21470,r4i1p1f1,2008,10,13,1.0597564115983005,18.909035,5.168012,2008
21471,r4i1p1f1,2008,10,14,0.5157374949334326,16.393028,3.0164998,2008
21472,r4i1p1f1,2008,10,15,0.0,16.265156,2.49359,2008
21473,r4i1p1f1,2008,10,16,0.0,17.018684,2.334588,2008
21474,r4i1p1f1,2008,10,17,0.0,17.032885,1.654097,2008
21475,r4i1p1f1,2008,10,18,0.0,19.262726,2.3577006,2008
21476,r4i1p1f1,2008,10,19,0.0,23.298882,6.1921625,2008
21477,r4i1p1f1,2008,10,20,0.0,26.734362,8.577645,2008
21478,r4i1p1f1,2008,10,21,0.0,28.661987,10.7681675,2008
21479,r4i1p1f1,2008,10,22,1.6718089023356697,28.768412,12.220153,2008
21480,r4i1p1f1,2008,10,23,27.352319169585826,18.959808,10.245877,2008
21481,r4i1p1f1,2008,10,24,0.05948317761976796,17.109951,8.57093,2008
21482,r4i1p1f1,2008,10,25,0.05368701569068435,18.851309,5.5781817,2008
21483,r4i1p1f1,2008,10,26,0.0,18.50224,4.722496,2008
21484,r4i1p1f1,2008,10,27,0.004517671459325356,17.689228,4.284725,2008
21485,r4i1p1f1,2008,10,28,0.0,15.584337,3.7717755,2008
21486,r4i1p1f1,2008,10,29,0.0,16.955687,2.4609497,2008
21487,r4i1p1f1,2008,10,30,0.0,20.423695,5.7308707,2008
21488,r4i1p1f1,2008,10,31,6.88593431112281,21.425175,8.256112,2008
21489,r4i1p1f1,2008,11,01,2.8919398828293197,14.4887085,3.7561247,2008
21490,r4i1p1f1,2008,11,02,0.12130716015690268,15.235908,2.9362154,2008
21491,r4i1p1f1,2008,11,03,0.2750033883216929,16.425856,3.6901813,2008
21492,r4i1p1f1,2008,11,04,0.4177311295848085,15.226696,5.072321,2008
21493,r4i1p1f1,2008,11,05,0.0,15.7139015,3.941235,2008
21494,r4i1p1f1,2008,11,06,0.2410727463029616,14.846493,5.688725,2008
21495,r4i1p1f1,2008,11,07,0.0,14.830217,3.0395784,2008
21496,r4i1p1f1,2008,11,08,7.686495542304783,13.52482,2.625872,2008
21497,r4i1p1f1,2008,11,09,24.226481359801255,13.041874,0.8349721,2008
21498,r4i1p1f1,2008,11,10,16.955972404548447,8.840479,1.3806186,2008
21499,r4i1p1f1,2008,11,11,43.93886217803811,10.571495,2.0228052,2008
21500,r4i1p1f1,2008,11,12,19.137292860045818,12.751412,3.5342398,2008
21501,r4i1p1f1,2008,11,13,17.657915325889917,10.046355,1.1571871,2008
21502,r4i1p1f1,2008,11,14,0.8429102425537849,13.5672655,1.4893464,2008
21503,r4i1p1f1,2008,11,15,0.0,13.728025,0.47836345,2008
21504,r4i1p1f1,2008,11,16,6.879791445493311,12.793652,5.943011,2008
21505,r4i1p1f1,2008,11,17,2.557169105568846,14.413564,7.836222,2008
21506,r4i1p1f1,2008,11,18,1.2443806683364755,15.006084,5.6269217,2008
21507,r4i1p1f1,2008,11,19,0.0,14.344395,1.5869362,2008
21508,r4i1p1f1,2008,11,20,0.004296799033909338,14.089925,6.0861044,2008
21509,r4i1p1f1,2008,11,21,1.412600489027227,12.346882,3.4947093,2008
21510,r4i1p1f1,2008,11,22,35.59174669862841,11.156779,0.30390528,2008
21511,r4i1p1f1,2008,11,23,10.295020474438843,12.017551,6.1653543,2008
21512,r4i1p1f1,2008,11,24,0.027509757023835846,14.099049,3.867995,2008
21513,r4i1p1f1,2008,11,25,0.0051558813368046685,13.876481,2.6293101,2008
21514,r4i1p1f1,2008,11,26,0.0,14.69616,3.9599571,2008
21515,r4i1p1f1,2008,11,27,13.373146644153167,13.16134,4.6743774,2008
21516,r4i1p1f1,2008,11,28,4.796884605769947,10.814852,1.1139739,2008
21517,r4i1p1f1,2008,11,29,0.0,9.345034,-1.5520047,2008
21518,r4i1p1f1,2008,11,30,0.0,10.522886,-3.6889737,2008
21519,r4i1p1f1,2008,12,01,0.0,11.218926,-1.0047289,2008
21520,r4i1p1f1,2008,12,02,31.543024423444876,9.373718,0.21214941,2008
21521,r4i1p1f1,2008,12,03,21.423017750294093,11.180559,0.8057458,2008
21522,r4i1p1f1,2008,12,04,75.47059404751053,11.24968,4.5443907,2008
21523,r4i1p1f1,2008,12,05,47.236537338358175,9.369679,1.8728142,2008
21524,r4i1p1f1,2008,12,06,17.56028217621406,6.9344826,0.7894983,2008
21525,r4i1p1f1,2008,12,07,0.0,6.184911,-3.3879273,2008
21526,r4i1p1f1,2008,12,08,7.678863723731411,8.259121,-3.5879207,2008
21527,r4i1p1f1,2008,12,09,3.5750448293789816,6.682946,-4.835789,2008
21528,r4i1p1f1,2008,12,10,0.0,5.928243,-4.8963666,2008
21529,r4i1p1f1,2008,12,11,0.0,7.810503,-4.2130475,2008
21530,r4i1p1f1,2008,12,12,13.923832843317996,7.3968735,1.2645035,2008
21531,r4i1p1f1,2008,12,13,31.749234793824144,8.722161,3.3490655,2008
21532,r4i1p1f1,2008,12,14,18.346848294606843,13.845204,3.2298138,2008
21533,r4i1p1f1,2008,12,15,35.512704952270724,13.743578,-0.5066047,2008
21534,r4i1p1f1,2008,12,16,7.041833266794129,4.734323,-3.0344744,2008
21535,r4i1p1f1,2008,12,17,34.446425980422646,10.511343,2.1197672,2008
21536,r4i1p1f1,2008,12,18,0.7493883183286698,10.15511,-0.70776993,2008
21537,r4i1p1f1,2008,12,19,17.058924112097884,5.4532833,-4.6790757,2008
21538,r4i1p1f1,2008,12,20,42.32650722133258,11.52087,-0.026064344,2008
21539,r4i1p1f1,2008,12,21,42.74720738394535,12.134001,3.8877063,2008
21540,r4i1p1f1,2008,12,22,46.083988866303116,13.367518,3.7474284,2008
21541,r4i1p1f1,2008,12,23,7.819941098682648,13.309413,8.645697,2008
21542,r4i1p1f1,2008,12,24,1.6629377407468837,13.324635,5.493901,2008
21543,r4i1p1f1,2008,12,25,0.0,14.119612,2.7172291,2008
21544,r4i1p1f1,2008,12,26,0.0,14.149326,4.480166,2008
21545,r4i1p1f1,2008,12,27,21.14117295386677,13.17503,4.7203007,2008
21546,r4i1p1f1,2008,12,28,25.59168900647819,12.979619,3.2050464,2008
21547,r4i1p1f1,2008,12,29,0.016397431841141952,9.222504,-0.43457487,2008
21548,r4i1p1f1,2008,12,30,16.473632736233412,4.164191,-5.327148,2008
21549,r4i1p1f1,2008,12,31,28.143271355747856,4.651494,-3.2220013,2008
21550,r4i1p1f1,2009,01,01,0.3398158926728456,4.9086304,-6.8042536,2009
21551,r4i1p1f1,2009,01,02,7.813778942193039,4.1489215,-2.2015934,2009
21552,r4i1p1f1,2009,01,03,0.0,7.2708087,-3.9199474,2009
21553,r4i1p1f1,2009,01,04,60.733620848623104,11.590896,0.8806006,2009
21554,r4i1p1f1,2009,01,05,16.97782534902217,12.215099,3.3623347,2009
21555,r4i1p1f1,2009,01,06,0.0,9.442454,-2.5364563,2009
21556,r4i1p1f1,2009,01,07,6.9381531110821015,5.2045503,-3.0948668,2009
21557,r4i1p1f1,2009,01,08,10.085393645715612,10.560854,1.7156857,2009
21558,r4i1p1f1,2009,01,09,0.397302561827928,9.731924,-1.2542287,2009
21559,r4i1p1f1,2009,01,10,13.877394203564108,7.795685,2.7315474,2009
21560,r4i1p1f1,2009,01,11,4.81329735804934,7.0500383,0.7824738,2009
21561,r4i1p1f1,2009,01,12,0.43297627514675696,6.5731363,-2.800557,2009
21562,r4i1p1f1,2009,01,13,0.0,7.1244082,-3.416171,2009
21563,r4i1p1f1,2009,01,14,0.0,7.278112,-6.153879,2009
21564,r4i1p1f1,2009,01,15,0.0,5.294705,-7.1848865,2009
21565,r4i1p1f1,2009,01,16,0.0,2.8950217,-3.9813182,2009
21566,r4i1p1f1,2009,01,17,0.65339386683263,1.9478005,-7.8256507,2009
21567,r4i1p1f1,2009,01,18,0.0,4.959563,-8.13199,2009
21568,r4i1p1f1,2009,01,19,11.296394522832998,2.943897,-6.0347,2009
21569,r4i1p1f1,2009,01,20,6.040030140732711,3.330184,-4.3545985,2009
21570,r4i1p1f1,2009,01,21,5.188349325158015,4.636814,-4.489988,2009
21571,r4i1p1f1,2009,01,22,0.0,6.0640197,-5.843415,2009
21572,r4i1p1f1,2009,01,23,10.746740317699732,8.872397,-3.1105578,2009
21573,r4i1p1f1,2009,01,24,0.3017142087827551,8.575162,-1.0068601,2009
21574,r4i1p1f1,2009,01,25,8.872503309521562,6.0252805,0.12407817,2009
21575,r4i1p1f1,2009,01,26,0.007580032524856506,6.33824,-6.0539603,2009
21576,r4i1p1f1,2009,01,27,14.450744787973235,6.754456,0.04466613,2009
21577,r4i1p1f1,2009,01,28,42.74079498463834,9.520463,-0.841824,2009
21578,r4i1p1f1,2009,01,29,2.2003776451157364,7.85619,-5.828427,2009
21579,r4i1p1f1,2009,01,30,32.85690853008418,14.683663,1.2665793,2009
21580,r4i1p1f1,2009,01,31,100.45503199726227,14.747578,7.6361966,2009
21581,r4i1p1f1,2009,02,01,78.7085919384026,14.045098,2.999381,2009
21582,r4i1p1f1,2009,02,02,8.83656230743668,8.703386,-1.3551968,2009
21583,r4i1p1f1,2009,02,03,14.372976348477096,11.119964,-1.2344767,2009
21584,r4i1p1f1,2009,02,04,32.173821347532794,13.623852,-1.3795347,2009
21585,r4i1p1f1,2009,02,05,0.0,6.5336456,-5.3596387,2009
21586,r4i1p1f1,2009,02,06,0.0,6.872801,-3.8691177,2009
21587,r4i1p1f1,2009,02,07,0.0,10.136924,-4.4724436,2009
21588,r4i1p1f1,2009,02,08,0.0,10.501447,-1.9448119,2009
21589,r4i1p1f1,2009,02,09,0.0012022264400002314,10.481642,-0.96759766,2009
21590,r4i1p1f1,2009,02,10,0.0,7.2050443,2.0913801,2009
21591,r4i1p1f1,2009,02,11,62.203971832059324,8.689553,3.1117082,2009
21592,r4i1p1f1,2009,02,12,0.301897199335599,9.3113575,-3.779497,2009
21593,r4i1p1f1,2009,02,13,0.0,11.683021,-1.8539333,2009
21594,r4i1p1f1,2009,02,14,0.0,13.070803,-0.47567213,2009
21595,r4i1p1f1,2009,02,15,0.1079465663224255,12.007191,1.5572367,2009
21596,r4i1p1f1,2009,02,16,0.0699457737425746,10.889893,2.182444,2009
21597,r4i1p1f1,2009,02,17,4.073021202802352,11.839559,3.915516,2009
21598,r4i1p1f1,2009,02,18,0.0,8.664051,-5.2675834,2009
21599,r4i1p1f1,2009,02,19,15.184454415248183,5.3248353,-4.270421,2009
21600,r4i1p1f1,2009,02,20,3.920466566376035,7.0599566,-0.73399484,2009
21601,r4i1p1f1,2009,02,21,0.0,10.140749,-2.4902446,2009
21602,r4i1p1f1,2009,02,22,0.0,9.426519,-3.4639108,2009
21603,r4i1p1f1,2009,02,23,0.0,11.791482,-2.676347,2009
21604,r4i1p1f1,2009,02,24,0.0,11.415269,-1.7104836,2009
21605,r4i1p1f1,2009,02,25,14.03590223271749,10.413548,-0.20603831,2009
21606,r4i1p1f1,2009,02,26,0.007749306246296328,7.7981853,1.9405283,2009
21607,r4i1p1f1,2009,02,27,27.678404934704304,8.406577,2.4934323,2009
21608,r4i1p1f1,2009,02,28,34.90831286312641,10.50364,1.824031,2009
21609,r4i1p1f1,2009,03,01,3.481329652254317,7.5234485,-8.243085,2009
21610,r4i1p1f1,2009,03,02,0.0,9.896672,-6.095762,2009
21611,r4i1p1f1,2009,03,03,0.0,6.8903623,-5.316847,2009
21612,r4i1p1f1,2009,03,04,27.625319619983202,6.952635,-2.4412005,2009
21613,r4i1p1f1,2009,03,05,0.0,11.700283,-5.587026,2009
21614,r4i1p1f1,2009,03,06,33.1340019194613,5.8629127,-1.8334119,2009
21615,r4i1p1f1,2009,03,07,20.55927246219653,9.13863,0.97271144,2009
21616,r4i1p1f1,2009,03,08,8.096036083816216,8.620652,-5.4433627,2009
21617,r4i1p1f1,2009,03,09,16.658512113099277,9.139141,0.26971304,2009
21618,r4i1p1f1,2009,03,10,57.90947838249849,13.391859,2.539211,2009
21619,r4i1p1f1,2009,03,11,16.254690538698924,9.58995,-2.1439795,2009
21620,r4i1p1f1,2009,03,12,34.11925044347299,12.994578,0.71225506,2009
21621,r4i1p1f1,2009,03,13,5.100490458599438,9.038908,-2.1875172,2009
21622,r4i1p1f1,2009,03,14,22.568362252968655,8.82486,2.7728589,2009
21623,r4i1p1f1,2009,03,15,7.070007436095693,9.141393,3.2694013,2009
21624,r4i1p1f1,2009,03,16,24.993108513444895,8.906857,1.4293308,2009
21625,r4i1p1f1,2009,03,17,16.508565870753955,8.585627,-2.1101708,2009
21626,r4i1p1f1,2009,03,18,2.7964040131735146,8.489742,-5.2732086,2009
21627,r4i1p1f1,2009,03,19,13.285945970233115,5.782449,-1.2388757,2009
21628,r4i1p1f1,2009,03,20,15.15116295736334,6.6806393,-3.3312678,2009
21629,r4i1p1f1,2009,03,21,0.6228145699225252,8.913172,-5.99007,2009
21630,r4i1p1f1,2009,03,22,15.332486974148196,8.130843,-0.35998237,2009
21631,r4i1p1f1,2009,03,23,9.369249564565507,7.359242,1.2560414,2009
21632,r4i1p1f1,2009,03,24,0.0,12.061748,-4.6715503,2009
21633,r4i1p1f1,2009,03,25,0.0,14.782986,-2.849019,2009
21634,r4i1p1f1,2009,03,26,0.0,14.88028,-2.6152434,2009
21635,r4i1p1f1,2009,03,27,0.0,13.667184,-0.84759927,2009
21636,r4i1p1f1,2009,03,28,5.289576662949003,7.575414,0.48871523,2009
21637,r4i1p1f1,2009,03,29,24.064707065190305,9.100715,2.4960337,2009
21638,r4i1p1f1,2009,03,30,34.54107780889899,10.272045,-0.2631117,2009
21639,r4i1p1f1,2009,03,31,0.8223690679642459,11.423196,0.45102146,2009
21640,r4i1p1f1,2009,04,01,0.0,13.723394,-5.038383,2009
21641,r4i1p1f1,2009,04,02,0.0,14.664771,-2.1756778,2009
21642,r4i1p1f1,2009,04,03,0.0,16.130056,0.20940897,2009
21643,r4i1p1f1,2009,04,04,0.0,15.241392,2.7081354,2009
21644,r4i1p1f1,2009,04,05,0.0,17.347435,4.1171646,2009
21645,r4i1p1f1,2009,04,06,0.0,18.608315,4.432432,2009
21646,r4i1p1f1,2009,04,07,0.0,20.595716,4.2682824,2009
21647,r4i1p1f1,2009,04,08,0.0,21.964928,6.311095,2009
21648,r4i1p1f1,2009,04,09,0.0,21.672523,2.479535,2009
21649,r4i1p1f1,2009,04,10,0.0,19.255138,2.9794638,2009
21650,r4i1p1f1,2009,04,11,0.6250236566046397,14.299452,2.8870523,2009
21651,r4i1p1f1,2009,04,12,0.02033987234426604,11.429954,1.6800838,2009
21652,r4i1p1f1,2009,04,13,0.7921593061382737,14.88278,1.7212669,2009
21653,r4i1p1f1,2009,04,14,0.0,19.593086,1.5504848,2009
21654,r4i1p1f1,2009,04,15,0.0,22.391474,5.418405,2009
21655,r4i1p1f1,2009,04,16,0.0,21.546015,5.3842964,2009
21656,r4i1p1f1,2009,04,17,1.1183252570901914,16.160154,1.9546648,2009
21657,r4i1p1f1,2009,04,18,0.0,18.592205,5.1948137,2009
21658,r4i1p1f1,2009,04,19,4.568867831130774,14.020146,6.2549095,2009
21659,r4i1p1f1,2009,04,20,3.643363352648521,14.998352,4.325776,2009
21660,r4i1p1f1,2009,04,21,0.0944245072787453,21.07699,3.8013508,2009
21661,r4i1p1f1,2009,04,22,0.0,19.732788,4.5252438,2009
21662,r4i1p1f1,2009,04,23,7.939899170651188,14.21624,0.4237529,2009
21663,r4i1p1f1,2009,04,24,2.712541637680488,13.590019,2.8799248,2009
21664,r4i1p1f1,2009,04,25,0.0,20.188824,2.8079958,2009
21665,r4i1p1f1,2009,04,26,0.0,23.56207,5.803932,2009
21666,r4i1p1f1,2009,04,27,0.0,24.034996,7.367401,2009
21667,r4i1p1f1,2009,04,28,0.0,23.73232,7.298365,2009
21668,r4i1p1f1,2009,04,29,12.729693081064397,18.351542,3.190116,2009
21669,r4i1p1f1,2009,04,30,4.548679050708415,18.468716,1.9260831,2009
21670,r4i1p1f1,2009,05,01,12.47231580521202,16.094526,6.3364944,2009
21671,r4i1p1f1,2009,05,02,0.10406123878965445,19.604006,4.0969105,2009
21672,r4i1p1f1,2009,05,03,0.0,22.980839,5.5106854,2009
21673,r4i1p1f1,2009,05,04,0.016326754237638852,20.979103,7.141923,2009
21674,r4i1p1f1,2009,05,05,0.17546845347169437,15.422584,2.7446513,2009
21675,r4i1p1f1,2009,05,06,0.04097034870937932,16.265547,3.694955,2009
21676,r4i1p1f1,2009,05,07,0.0,19.653904,2.578536,2009
21677,r4i1p1f1,2009,05,08,0.0,22.642263,6.1346145,2009
21678,r4i1p1f1,2009,05,09,0.0,25.155287,8.540595,2009
21679,r4i1p1f1,2009,05,10,0.0,26.768507,9.951319,2009
21680,r4i1p1f1,2009,05,11,0.1453624114219565,25.673449,10.687458,2009
21681,r4i1p1f1,2009,05,12,1.4700775618308626,21.634459,7.383632,2009
21682,r4i1p1f1,2009,05,13,0.06646504194804947,21.780022,5.031573,2009
21683,r4i1p1f1,2009,05,14,0.0,23.1922,6.5026402,2009
21684,r4i1p1f1,2009,05,15,0.0,19.866957,4.3233724,2009
21685,r4i1p1f1,2009,05,16,0.0,16.718363,1.805239,2009
21686,r4i1p1f1,2009,05,17,0.07376401056262694,16.805721,1.0990497,2009
21687,r4i1p1f1,2009,05,18,0.0,19.996744,4.1870017,2009
21688,r4i1p1f1,2009,05,19,0.0,24.012291,6.194536,2009
21689,r4i1p1f1,2009,05,20,0.0,24.471567,6.1306763,2009
21690,r4i1p1f1,2009,05,21,0.00042280606749045546,21.882263,6.678638,2009
21691,r4i1p1f1,2009,05,22,1.9080332879411799,14.388615,4.8425255,2009
21692,r4i1p1f1,2009,05,23,12.523308118670684,14.699151,7.2708797,2009
21693,r4i1p1f1,2009,05,24,0.14992944907135097,22.706467,5.188022,2009
21694,r4i1p1f1,2009,05,25,0.0,27.25244,8.954661,2009
21695,r4i1p1f1,2009,05,26,0.0,28.198883,11.150931,2009
21696,r4i1p1f1,2009,05,27,0.11324894039717037,27.50189,10.298121,2009
21697,r4i1p1f1,2009,05,28,0.8028033244045218,22.220268,6.092186,2009
21698,r4i1p1f1,2009,05,29,18.291881804861987,18.24611,8.143782,2009
21699,r4i1p1f1,2009,05,30,0.7841720564840671,19.226889,7.9545574,2009
21700,r4i1p1f1,2009,05,31,0.7278477471118094,17.826904,7.441447,2009
21701,r4i1p1f1,2009,06,01,4.088276941695312,17.79807,6.810138,2009
21702,r4i1p1f1,2009,06,02,0.017142644355772063,22.416603,5.451538,2009
21703,r4i1p1f1,2009,06,03,0.001618345913811936,26.02234,8.623699,2009
21704,r4i1p1f1,2009,06,04,0.0,25.45703,9.463443,2009
21705,r4i1p1f1,2009,06,05,0.0,23.189613,9.864665,2009
21706,r4i1p1f1,2009,06,06,0.0,27.100569,10.365447,2009
21707,r4i1p1f1,2009,06,07,0.0,29.567862,12.360043,2009
21708,r4i1p1f1,2009,06,08,0.0,28.627625,10.184632,2009
21709,r4i1p1f1,2009,06,09,0.0,22.914394,7.2382474,2009
21710,r4i1p1f1,2009,06,10,0.18462249822164267,23.987255,7.585928,2009
21711,r4i1p1f1,2009,06,11,0.043967769261143985,25.565859,8.816423,2009
21712,r4i1p1f1,2009,06,12,0.2601845346362097,30.088074,11.772941,2009
21713,r4i1p1f1,2009,06,13,0.0,31.001709,13.056346,2009
21714,r4i1p1f1,2009,06,14,0.0,31.217722,12.923801,2009
21715,r4i1p1f1,2009,06,15,0.0,30.878227,13.415933,2009
21716,r4i1p1f1,2009,06,16,0.0,29.879482,12.330819,2009
21717,r4i1p1f1,2009,06,17,0.0,28.589046,11.143436,2009
21718,r4i1p1f1,2009,06,18,0.0,27.26682,10.320709,2009
21719,r4i1p1f1,2009,06,19,0.0,26.806532,8.796221,2009
21720,r4i1p1f1,2009,06,20,0.0,27.309105,10.330495,2009
21721,r4i1p1f1,2009,06,21,0.0,27.61888,10.438872,2009
21722,r4i1p1f1,2009,06,22,0.0,29.49842,9.941286,2009
21723,r4i1p1f1,2009,06,23,0.0,27.727528,9.713969,2009
21724,r4i1p1f1,2009,06,24,0.026168699650952476,19.812529,9.157205,2009
21725,r4i1p1f1,2009,06,25,0.0,24.178896,7.902178,2009
21726,r4i1p1f1,2009,06,26,0.0,28.223501,9.508762,2009
21727,r4i1p1f1,2009,06,27,0.0,32.075928,12.318898,2009
21728,r4i1p1f1,2009,06,28,0.0,33.25649,16.34906,2009
21729,r4i1p1f1,2009,06,29,0.0,34.122513,16.373623,2009
21730,r4i1p1f1,2009,06,30,0.0,34.854046,16.387371,2009
21731,r4i1p1f1,2009,07,01,0.8213047981826094,35.574917,18.497028,2009
21732,r4i1p1f1,2009,07,02,0.0957049163503143,34.580048,16.948391,2009
21733,r4i1p1f1,2009,07,03,0.0,33.609158,15.903379,2009
21734,r4i1p1f1,2009,07,04,5.9519156251042205,32.902718,15.665468,2009
21735,r4i1p1f1,2009,07,05,0.4219196434405603,31.285645,14.131299,2009
21736,r4i1p1f1,2009,07,06,1.3120297737600595,31.818434,14.71361,2009
21737,r4i1p1f1,2009,07,07,5.778725605841828,31.025444,13.980812,2009
21738,r4i1p1f1,2009,07,08,11.585650354356858,28.36317,19.789577,2009
21739,r4i1p1f1,2009,07,09,1.5625644960891805,26.830862,14.455804,2009
21740,r4i1p1f1,2009,07,10,1.0844713856442922,29.415724,16.49546,2009
21741,r4i1p1f1,2009,07,11,0.4966772838088218,31.261845,14.309551,2009
21742,r4i1p1f1,2009,07,12,0.0,29.279856,10.972782,2009
21743,r4i1p1f1,2009,07,13,0.005114165628583578,28.985634,12.468568,2009
21744,r4i1p1f1,2009,07,14,1.5044917154909854,27.09378,14.620373,2009
21745,r4i1p1f1,2009,07,15,0.0,23.27498,7.6293597,2009
21746,r4i1p1f1,2009,07,16,0.0,25.890594,8.531818,2009
21747,r4i1p1f1,2009,07,17,0.0,27.462873,9.7435255,2009
21748,r4i1p1f1,2009,07,18,0.0,26.25923,9.53555,2009
21749,r4i1p1f1,2009,07,19,0.0,22.899988,7.0088186,2009
21750,r4i1p1f1,2009,07,20,0.0,25.064987,7.498475,2009
21751,r4i1p1f1,2009,07,21,0.0,26.916777,9.556732,2009
21752,r4i1p1f1,2009,07,22,0.0,28.700735,11.108494,2009
21753,r4i1p1f1,2009,07,23,0.0,31.178568,13.370125,2009
21754,r4i1p1f1,2009,07,24,0.0,31.343771,13.258114,2009
21755,r4i1p1f1,2009,07,25,0.0,31.053062,12.457774,2009
21756,r4i1p1f1,2009,07,26,0.0,31.407558,12.655032,2009
21757,r4i1p1f1,2009,07,27,0.0,31.370293,13.430518,2009
21758,r4i1p1f1,2009,07,28,0.0,30.4245,12.415964,2009
21759,r4i1p1f1,2009,07,29,0.0,29.655718,11.540824,2009
21760,r4i1p1f1,2009,07,30,0.0,29.954298,11.450581,2009
21761,r4i1p1f1,2009,07,31,0.0,33.077084,13.570346,2009
21762,r4i1p1f1,2009,08,01,0.0,33.29858,14.993337,2009
21763,r4i1p1f1,2009,08,02,0.0,33.284786,15.418156,2009
21764,r4i1p1f1,2009,08,03,0.0,33.724613,15.144036,2009
21765,r4i1p1f1,2009,08,04,0.0,35.556255,17.07999,2009
21766,r4i1p1f1,2009,08,05,0.0,36.530716,17.490278,2009
21767,r4i1p1f1,2009,08,06,0.0,36.696514,17.927036,2009
21768,r4i1p1f1,2009,08,07,0.0,35.96719,17.230957,2009
21769,r4i1p1f1,2009,08,08,0.0,36.092247,17.740099,2009
21770,r4i1p1f1,2009,08,09,0.0,38.64622,19.545837,2009
21771,r4i1p1f1,2009,08,10,0.35833787301271514,38.759212,21.175842,2009
21772,r4i1p1f1,2009,08,11,0.0,36.236046,18.528788,2009
21773,r4i1p1f1,2009,08,12,0.0,34.718773,16.739872,2009
21774,r4i1p1f1,2009,08,13,0.0,32.781906,15.356646,2009
21775,r4i1p1f1,2009,08,14,0.0,31.722189,13.792448,2009
21776,r4i1p1f1,2009,08,15,0.0,32.36053,13.9879265,2009
21777,r4i1p1f1,2009,08,16,0.0,33.432373,14.920643,2009
21778,r4i1p1f1,2009,08,17,0.0,32.71205,15.236812,2009
21779,r4i1p1f1,2009,08,18,0.0,32.97499,15.398311,2009
21780,r4i1p1f1,2009,08,19,0.0,34.16645,15.3430395,2009
21781,r4i1p1f1,2009,08,20,0.0,35.339527,16.684359,2009
21782,r4i1p1f1,2009,08,21,0.0031701022948027457,36.1233,16.598717,2009
21783,r4i1p1f1,2009,08,22,0.0018965641174872871,34.840366,16.519297,2009
21784,r4i1p1f1,2009,08,23,0.0,31.196238,12.187474,2009
21785,r4i1p1f1,2009,08,24,0.0,27.314554,8.439362,2009
21786,r4i1p1f1,2009,08,25,0.0,28.761967,9.893109,2009
21787,r4i1p1f1,2009,08,26,0.0,33.495316,12.833489,2009
21788,r4i1p1f1,2009,08,27,0.0,33.583584,14.025214,2009
21789,r4i1p1f1,2009,08,28,0.0,33.839695,13.787447,2009
21790,r4i1p1f1,2009,08,29,0.0,34.943222,15.156287,2009
21791,r4i1p1f1,2009,08,30,0.0,35.543747,15.807049,2009
21792,r4i1p1f1,2009,08,31,0.0,34.770832,14.259352,2009
21793,r4i1p1f1,2009,09,01,0.0,31.83487,13.644062,2009
21794,r4i1p1f1,2009,09,02,0.0,28.24019,8.882921,2009
21795,r4i1p1f1,2009,09,03,0.0,22.413216,5.7120576,2009
21796,r4i1p1f1,2009,09,04,0.0,25.902214,8.421162,2009
21797,r4i1p1f1,2009,09,05,0.09243762774531206,24.17991,9.110827,2009
21798,r4i1p1f1,2009,09,06,0.1362275447945649,21.59341,5.936332,2009
21799,r4i1p1f1,2009,09,07,0.0,22.678362,5.8794656,2009
21800,r4i1p1f1,2009,09,08,0.0,28.005959,8.38413,2009
21801,r4i1p1f1,2009,09,09,0.0,30.224314,13.383412,2009
21802,r4i1p1f1,2009,09,10,0.0,29.5932,13.075466,2009
21803,r4i1p1f1,2009,09,11,0.0,31.17469,12.496617,2009
21804,r4i1p1f1,2009,09,12,0.0,31.667253,13.556666,2009
21805,r4i1p1f1,2009,09,13,0.0,30.585676,11.556319,2009
21806,r4i1p1f1,2009,09,14,0.0,26.869598,10.555111,2009
21807,r4i1p1f1,2009,09,15,0.0,29.183868,15.055734,2009
21808,r4i1p1f1,2009,09,16,0.0,31.01492,14.184818,2009
21809,r4i1p1f1,2009,09,17,0.0,32.669422,12.925969,2009
21810,r4i1p1f1,2009,09,18,0.0,31.52651,14.203917,2009
21811,r4i1p1f1,2009,09,19,0.0,27.04902,10.463693,2009
21812,r4i1p1f1,2009,09,20,0.0,21.470272,4.895606,2009
21813,r4i1p1f1,2009,09,21,0.0,20.659714,4.253481,2009
21814,r4i1p1f1,2009,09,22,0.0,24.010496,6.067421,2009
21815,r4i1p1f1,2009,09,23,0.0,25.473011,8.039586,2009
21816,r4i1p1f1,2009,09,24,0.0,29.153978,11.753369,2009
21817,r4i1p1f1,2009,09,25,0.0,29.586578,12.117802,2009
21818,r4i1p1f1,2009,09,26,0.0,27.211405,5.7115345,2009
21819,r4i1p1f1,2009,09,27,0.0,22.289398,5.8950763,2009
21820,r4i1p1f1,2009,09,28,0.0,26.402218,9.088807,2009
21821,r4i1p1f1,2009,09,29,0.0,29.844845,12.490438,2009
21822,r4i1p1f1,2009,09,30,0.0,29.427908,12.416796,2009
21823,r4i1p1f1,2009,10,01,0.0,30.036116,12.442113,2009
21824,r4i1p1f1,2009,10,02,0.0,24.759548,6.4113865,2009
21825,r4i1p1f1,2009,10,03,0.0,19.807486,4.0559254,2009
21826,r4i1p1f1,2009,10,04,0.314230129004045,15.649404,2.9753056,2009
21827,r4i1p1f1,2009,10,05,0.008839662586979102,18.006538,5.328669,2009
21828,r4i1p1f1,2009,10,06,0.0,22.312286,5.0630074,2009
21829,r4i1p1f1,2009,10,07,0.0,22.467766,5.360949,2009
21830,r4i1p1f1,2009,10,08,0.0,20.001823,5.7266083,2009
21831,r4i1p1f1,2009,10,09,0.0,21.259914,7.3339334,2009
21832,r4i1p1f1,2009,10,10,0.0,24.71085,8.076125,2009
21833,r4i1p1f1,2009,10,11,0.0,26.788105,9.036427,2009
21834,r4i1p1f1,2009,10,12,0.0,28.743134,12.319991,2009
21835,r4i1p1f1,2009,10,13,0.0,29.59504,13.144175,2009
21836,r4i1p1f1,2009,10,14,0.0,28.787363,14.901254,2009
21837,r4i1p1f1,2009,10,15,0.0,28.447178,13.285389,2009
21838,r4i1p1f1,2009,10,16,0.0,26.195152,9.578801,2009
21839,r4i1p1f1,2009,10,17,0.2109166439367982,21.262484,8.893044,2009
21840,r4i1p1f1,2009,10,18,0.08293402536878602,20.652525,6.733008,2009
21841,r4i1p1f1,2009,10,19,0.0,22.194283,4.927951,2009
21842,r4i1p1f1,2009,10,20,0.0,24.106642,9.584937,2009
21843,r4i1p1f1,2009,10,21,0.0,22.127762,5.583985,2009
21844,r4i1p1f1,2009,10,22,0.0,24.62908,8.63889,2009
21845,r4i1p1f1,2009,10,23,0.0,24.95295,10.440186,2009
21846,r4i1p1f1,2009,10,24,0.009988311285269447,19.304752,6.411498,2009
21847,r4i1p1f1,2009,10,25,0.0,18.215096,3.2208223,2009
21848,r4i1p1f1,2009,10,26,0.8573922099657239,15.172167,4.283766,2009
21849,r4i1p1f1,2009,10,27,37.00690785917686,13.19587,7.1253257,2009
21850,r4i1p1f1,2009,10,28,56.32036220267764,12.731181,3.524299,2009
21851,r4i1p1f1,2009,10,29,11.154415804412565,10.090165,0.09008964,2009
21852,r4i1p1f1,2009,10,30,0.20524067389828815,12.45405,3.8769684,2009
21853,r4i1p1f1,2009,10,31,0.0,14.419698,2.2859814,2009
21854,r4i1p1f1,2009,11,01,0.0,14.496826,1.8261514,2009
21855,r4i1p1f1,2009,11,02,0.0,17.950878,4.807414,2009
21856,r4i1p1f1,2009,11,03,0.0,20.374157,5.6363454,2009
21857,r4i1p1f1,2009,11,04,19.108725128808146,21.61891,8.65274,2009
21858,r4i1p1f1,2009,11,05,34.68318062559774,16.731646,10.356416,2009
21859,r4i1p1f1,2009,11,06,6.246521904427027,14.027176,7.551132,2009
21860,r4i1p1f1,2009,11,07,29.61004551862061,14.351223,8.530392,2009
21861,r4i1p1f1,2009,11,08,43.609263421967626,13.042851,4.3879194,2009
21862,r4i1p1f1,2009,11,09,6.0302598292309995,10.574304,-0.45617926,2009
21863,r4i1p1f1,2009,11,10,0.020793976818822557,10.362218,-1.0057693,2009
21864,r4i1p1f1,2009,11,11,0.039802582529091524,8.120187,-1.6684594,2009
21865,r4i1p1f1,2009,11,12,0.0,9.621358,-2.5467997,2009
21866,r4i1p1f1,2009,11,13,0.0,12.946385,-1.2982876,2009
21867,r4i1p1f1,2009,11,14,0.0,15.634267,0.64223903,2009
21868,r4i1p1f1,2009,11,15,0.0,16.34354,2.302773,2009
21869,r4i1p1f1,2009,11,16,0.0,15.648455,2.8240905,2009
21870,r4i1p1f1,2009,11,17,0.0,15.139977,1.1315283,2009
21871,r4i1p1f1,2009,11,18,21.352349880180554,11.613674,-0.40250716,2009
21872,r4i1p1f1,2009,11,19,19.93870126124193,7.835485,2.0665731,2009
21873,r4i1p1f1,2009,11,20,30.515410260159115,9.287446,1.8351521,2009
21874,r4i1p1f1,2009,11,21,4.022080437545128,8.63795,1.1858665,2009
21875,r4i1p1f1,2009,11,22,20.250124971425976,9.509846,2.8052835,2009
21876,r4i1p1f1,2009,11,23,9.752782496025247,11.239495,4.2391195,2009
21877,r4i1p1f1,2009,11,24,19.31218633617391,12.7704735,2.863436,2009
21878,r4i1p1f1,2009,11,25,2.258504812736817,10.796992,-0.65518343,2009
21879,r4i1p1f1,2009,11,26,2.7182680282635374,10.104488,0.7395959,2009
21880,r4i1p1f1,2009,11,27,7.815666886040162,9.5381365,3.2299352,2009
21881,r4i1p1f1,2009,11,28,27.939034920564154,11.057466,4.5970325,2009
21882,r4i1p1f1,2009,11,29,21.16704938962357,12.669479,6.102522,2009
21883,r4i1p1f1,2009,11,30,0.0,11.9516325,-1.1189569,2009
21884,r4i1p1f1,2009,12,01,0.0,12.161168,0.6915571,2009
21885,r4i1p1f1,2009,12,02,0.0,15.278497,3.3010776,2009
21886,r4i1p1f1,2009,12,03,0.0,13.998786,3.2183392,2009
21887,r4i1p1f1,2009,12,04,0.0,15.081368,2.8950996,2009
21888,r4i1p1f1,2009,12,05,0.0,14.711071,3.3095334,2009
21889,r4i1p1f1,2009,12,06,0.0,14.700965,3.5106382,2009
21890,r4i1p1f1,2009,12,07,0.0,14.363595,4.2041874,2009
21891,r4i1p1f1,2009,12,08,0.07857416794649907,14.409661,3.5236106,2009
21892,r4i1p1f1,2009,12,09,0.33362180492986226,13.901479,4.883702,2009
21893,r4i1p1f1,2009,12,10,0.0,14.0494995,3.736655,2009
21894,r4i1p1f1,2009,12,11,0.0,16.464521,4.457217,2009
21895,r4i1p1f1,2009,12,12,0.0,15.041038,3.6739006,2009
21896,r4i1p1f1,2009,12,13,0.0,15.067982,3.1136682,2009
21897,r4i1p1f1,2009,12,14,0.0,14.205836,2.7570293,2009
21898,r4i1p1f1,2009,12,15,0.0,14.69073,2.9785938,2009
21899,r4i1p1f1,2009,12,16,0.0020711285742436303,13.122984,6.966363,2009
21900,r4i1p1f1,2009,12,17,0.0,14.289059,3.8321593,2009
21901,r4i1p1f1,2009,12,18,0.3726263932890106,12.117472,1.6815134,2009
21902,r4i1p1f1,2009,12,19,0.0,4.7194843,-3.0713003,2009
21903,r4i1p1f1,2009,12,20,0.0,5.6090107,-4.569813,2009
21904,r4i1p1f1,2009,12,21,0.0,5.4378753,-4.949157,2009
21905,r4i1p1f1,2009,12,22,0.0,9.512723,-2.3469112,2009
21906,r4i1p1f1,2009,12,23,0.0,10.714285,-1.7158375,2009
21907,r4i1p1f1,2009,12,24,39.38461386351264,8.485218,-1.4939165,2009
21908,r4i1p1f1,2009,12,25,8.396542655736994,7.168592,3.0205705,2009
21909,r4i1p1f1,2009,12,26,8.072187290582633,6.755253,0.11380572,2009
21910,r4i1p1f1,2009,12,27,0.0,8.846357,-3.1980743,2009
21911,r4i1p1f1,2009,12,28,0.0,9.77944,-2.5552933,2009
21912,r4i1p1f1,2009,12,29,0.0,7.071349,-4.263987,2009
21913,r4i1p1f1,2009,12,30,0.0,6.7577424,-4.663454,2009
21914,r4i1p1f1,2009,12,31,0.0,7.464774,-3.0244641,2009
21915,r4i1p1f1,2010,01,01,0.0,9.92757,-1.1120601,2010
21916,r4i1p1f1,2010,01,02,0.014404135049517208,8.088844,1.2052349,2010
21917,r4i1p1f1,2010,01,03,0.0,8.641057,-2.2692225,2010
21918,r4i1p1f1,2010,01,04,0.0,9.132804,-3.6521022,2010
21919,r4i1p1f1,2010,01,05,0.0,9.89878,-3.0694728,2010
21920,r4i1p1f1,2010,01,06,0.6920210924363346,7.7108994,1.4937427,2010
21921,r4i1p1f1,2010,01,07,10.490240183253263,4.611941,0.87105817,2010
21922,r4i1p1f1,2010,01,08,7.672902295610129,4.0393677,-2.2266564,2010
21923,r4i1p1f1,2010,01,09,0.018784587973641464,5.9448357,-1.5358982,2010
21924,r4i1p1f1,2010,01,10,0.0,7.18659,-3.5144758,2010
21925,r4i1p1f1,2010,01,11,0.0,8.69634,-2.701459,2010
21926,r4i1p1f1,2010,01,12,0.0,10.666497,-0.051107723,2010
21927,r4i1p1f1,2010,01,13,0.0,13.099545,2.062873,2010
21928,r4i1p1f1,2010,01,14,0.0,11.862737,2.0061412,2010
21929,r4i1p1f1,2010,01,15,0.0,12.949057,2.170276,2010
21930,r4i1p1f1,2010,01,16,0.0,13.582584,2.106381,2010
21931,r4i1p1f1,2010,01,17,0.0,17.055021,3.5145016,2010
21932,r4i1p1f1,2010,01,18,0.0,15.986352,3.545776,2010
21933,r4i1p1f1,2010,01,19,0.0,15.377126,3.3248575,2010
21934,r4i1p1f1,2010,01,20,0.0,13.5345955,2.2364364,2010
21935,r4i1p1f1,2010,01,21,0.0,10.117443,-1.9359354,2010
21936,r4i1p1f1,2010,01,22,0.0,13.423705,0.5930741,2010
21937,r4i1p1f1,2010,01,23,0.0,12.608027,1.8124496,2010
21938,r4i1p1f1,2010,01,24,0.008526910676209809,12.593102,3.5008845,2010
21939,r4i1p1f1,2010,01,25,0.0,14.730235,2.5519764,2010
21940,r4i1p1f1,2010,01,26,0.0,15.123627,2.544639,2010
21941,r4i1p1f1,2010,01,27,0.0,15.394856,3.0834627,2010
21942,r4i1p1f1,2010,01,28,0.0,16.751644,3.8903627,2010
21943,r4i1p1f1,2010,01,29,0.0,17.983864,5.3482366,2010
21944,r4i1p1f1,2010,01,30,0.0,18.723543,5.5732718,2010
21945,r4i1p1f1,2010,01,31,0.0,18.04817,5.3163,2010
21946,r4i1p1f1,2010,02,01,0.0,17.287764,4.236404,2010
21947,r4i1p1f1,2010,02,02,0.0,16.085516,3.8491156,2010
21948,r4i1p1f1,2010,02,03,0.0,15.116285,3.4468646,2010
21949,r4i1p1f1,2010,02,04,0.0,16.932579,3.1606348,2010
21950,r4i1p1f1,2010,02,05,0.0,17.979576,4.789392,2010
21951,r4i1p1f1,2010,02,06,0.0,20.347118,6.932593,2010
21952,r4i1p1f1,2010,02,07,0.0,21.230263,6.6404986,2010
21953,r4i1p1f1,2010,02,08,1.2963279099039937,18.824415,3.6496146,2010
21954,r4i1p1f1,2010,02,09,0.03175848132741521,7.379694,-0.29727963,2010
21955,r4i1p1f1,2010,02,10,0.006637939397080572,8.862361,-3.7210066,2010
21956,r4i1p1f1,2010,02,11,0.0,13.783594,-0.33314514,2010
21957,r4i1p1f1,2010,02,12,0.0,15.023041,1.7101235,2010
21958,r4i1p1f1,2010,02,13,11.23681419139757,11.114699,1.0331919,2010
21959,r4i1p1f1,2010,02,14,0.0,9.327759,-3.425762,2010
21960,r4i1p1f1,2010,02,15,0.0,9.364277,-0.8921797,2010
21961,r4i1p1f1,2010,02,16,0.0,14.624471,-0.74705815,2010
21962,r4i1p1f1,2010,02,17,0.0,17.136213,2.7846947,2010
21963,r4i1p1f1,2010,02,18,0.0,19.079615,4.0762534,2010
21964,r4i1p1f1,2010,02,19,0.0,20.28044,4.3946815,2010
21965,r4i1p1f1,2010,02,20,0.0,17.65742,4.802648,2010
21966,r4i1p1f1,2010,02,21,0.0,16.244625,6.1592083,2010
21967,r4i1p1f1,2010,02,22,0.0,16.06793,5.67175,2010
21968,r4i1p1f1,2010,02,23,0.0,16.50625,3.7504823,2010
21969,r4i1p1f1,2010,02,24,0.0,18.329576,4.834394,2010
21970,r4i1p1f1,2010,02,25,0.0,18.756908,7.3459463,2010
21971,r4i1p1f1,2010,02,26,1.7952530426128988,15.975216,4.053947,2010
21972,r4i1p1f1,2010,02,27,4.287760453448186,12.723904,1.6248065,2010
21973,r4i1p1f1,2010,02,28,0.0044370699924911605,12.464951,4.157488,2010
21974,r4i1p1f1,2010,03,01,0.0,15.87754,0.19160032,2010
21975,r4i1p1f1,2010,03,02,0.03206007919516196,15.155867,-1.4133857,2010
21976,r4i1p1f1,2010,03,03,5.291825759900348,6.6664906,0.27572504,2010
21977,r4i1p1f1,2010,03,04,44.00037154555321,7.8265576,-0.18707477,2010
21978,r4i1p1f1,2010,03,05,18.923050944249553,8.376476,0.22529411,2010
21979,r4i1p1f1,2010,03,06,7.591793255613766,9.13428,0.35480908,2010
21980,r4i1p1f1,2010,03,07,23.94488785212161,7.04278,-0.73152757,2010
21981,r4i1p1f1,2010,03,08,5.374864475516006,4.148272,-9.3009815,2010
21982,r4i1p1f1,2010,03,09,8.109935465455465,7.8756647,-2.2946408,2010
21983,r4i1p1f1,2010,03,10,0.0,11.074541,-3.3271434,2010
21984,r4i1p1f1,2010,03,11,1.9169631467093495,8.432893,1.0368998,2010
21985,r4i1p1f1,2010,03,12,0.0,10.663686,-0.78982854,2010
21986,r4i1p1f1,2010,03,13,14.543407064775238,6.980772,-0.2563647,2010
21987,r4i1p1f1,2010,03,14,3.0253014960976543,9.471784,-0.85802627,2010
21988,r4i1p1f1,2010,03,15,6.324554138268468,7.885671,-0.7837327,2010
21989,r4i1p1f1,2010,03,16,17.318551891912648,10.506592,2.519365,2010
21990,r4i1p1f1,2010,03,17,0.89017228897319,10.927212,4.438389,2010
21991,r4i1p1f1,2010,03,18,0.0,15.613781,0.6291376,2010
21992,r4i1p1f1,2010,03,19,0.0,16.507723,-0.8852128,2010
21993,r4i1p1f1,2010,03,20,0.01419693035131786,14.685596,1.2053624,2010
21994,r4i1p1f1,2010,03,21,0.1355767294398902,16.395012,1.9416457,2010
21995,r4i1p1f1,2010,03,22,0.0,18.663082,2.6022747,2010
21996,r4i1p1f1,2010,03,23,0.0,19.01198,3.2494826,2010
21997,r4i1p1f1,2010,03,24,0.0,17.31796,3.6190736,2010
21998,r4i1p1f1,2010,03,25,14.92209203515813,13.094991,2.5768895,2010
21999,r4i1p1f1,2010,03,26,13.161548537368617,13.088307,0.4875269,2010
22000,r4i1p1f1,2010,03,27,0.0,15.533275,0.9044145,2010
22001,r4i1p1f1,2010,03,28,4.071328915131289,10.808589,0.3772651,2010
22002,r4i1p1f1,2010,03,29,0.013190569779908401,13.375614,3.2349231,2010
22003,r4i1p1f1,2010,03,30,2.8497083587296856,13.706793,1.9978954,2010
22004,r4i1p1f1,2010,03,31,0.11537000139014708,19.709108,4.623781,2010
22005,r4i1p1f1,2010,04,01,0.0,24.383907,6.836057,2010
22006,r4i1p1f1,2010,04,02,0.0,25.940872,8.413148,2010
22007,r4i1p1f1,2010,04,03,0.0,24.255186,9.120767,2010
22008,r4i1p1f1,2010,04,04,0.0,24.241737,9.1893835,2010
22009,r4i1p1f1,2010,04,05,0.0,22.917063,8.001237,2010
22010,r4i1p1f1,2010,04,06,0.0,21.601412,6.3430367,2010
22011,r4i1p1f1,2010,04,07,0.0,19.697306,7.020491,2010
22012,r4i1p1f1,2010,04,08,3.5075925281262244,15.425356,2.921068,2010
22013,r4i1p1f1,2010,04,09,0.0,19.64735,4.3573976,2010
22014,r4i1p1f1,2010,04,10,0.0,19.996393,5.2356844,2010
22015,r4i1p1f1,2010,04,11,0.0,15.4947,0.5557029,2010
22016,r4i1p1f1,2010,04,12,0.0,16.326485,0.7897562,2010
22017,r4i1p1f1,2010,04,13,0.0,20.79132,5.5754843,2010
22018,r4i1p1f1,2010,04,14,0.39720791167781044,18.424234,2.6944194,2010
22019,r4i1p1f1,2010,04,15,1.6156588335661581,16.136448,3.548697,2010
22020,r4i1p1f1,2010,04,16,6.730641504447021,14.711568,5.3186436,2010
22021,r4i1p1f1,2010,04,17,11.013898433702707,12.745732,-1.0233539,2010
22022,r4i1p1f1,2010,04,18,10.470208649547885,11.371933,2.7187774,2010
22023,r4i1p1f1,2010,04,19,1.8480150409459384,18.404327,3.1131623,2010
22024,r4i1p1f1,2010,04,20,0.0,21.89808,6.255019,2010
22025,r4i1p1f1,2010,04,21,0.0,23.000412,7.6500387,2010
22026,r4i1p1f1,2010,04,22,0.0,25.000216,8.890935,2010
22027,r4i1p1f1,2010,04,23,0.0,24.78716,8.879215,2010
22028,r4i1p1f1,2010,04,24,0.0,23.769829,8.856473,2010
22029,r4i1p1f1,2010,04,25,0.0,28.416067,11.657083,2010
22030,r4i1p1f1,2010,04,26,0.0,29.50916,13.194191,2010
22031,r4i1p1f1,2010,04,27,0.0,30.031036,13.877784,2010
22032,r4i1p1f1,2010,04,28,0.03533086564857513,30.270073,14.122554,2010
22033,r4i1p1f1,2010,04,29,0.0,28.579576,13.052262,2010
22034,r4i1p1f1,2010,04,30,0.2453226802970221,26.860353,10.686726,2010
22035,r4i1p1f1,2010,05,01,1.767581457943379,21.132978,5.404615,2010
22036,r4i1p1f1,2010,05,02,0.0,24.133982,8.06358,2010
22037,r4i1p1f1,2010,05,03,0.0,23.00779,7.088452,2010
22038,r4i1p1f1,2010,05,04,0.0,24.020096,7.329542,2010
22039,r4i1p1f1,2010,05,05,0.27322603953621183,21.404615,6.388698,2010
22040,r4i1p1f1,2010,05,06,0.015572233951388625,14.880382,2.6097014,2010
22041,r4i1p1f1,2010,05,07,0.008764183712628437,16.22532,3.132602,2010
22042,r4i1p1f1,2010,05,08,0.014986148198659066,22.876348,6.5329356,2010
22043,r4i1p1f1,2010,05,09,0.0,22.601223,6.50846,2010
22044,r4i1p1f1,2010,05,10,0.0,17.248161,3.115561,2010
22045,r4i1p1f1,2010,05,11,0.0,17.017593,2.2291462,2010
22046,r4i1p1f1,2010,05,12,0.05133285740157589,16.062605,2.0854032,2010
22047,r4i1p1f1,2010,05,13,0.00824906637717504,13.485868,1.6166785,2010
22048,r4i1p1f1,2010,05,14,0.06517247256851988,17.465542,1.0459385,2010
22049,r4i1p1f1,2010,05,15,0.008807392669041292,21.526787,5.2942905,2010
22050,r4i1p1f1,2010,05,16,0.0,24.89494,7.161459,2010
22051,r4i1p1f1,2010,05,17,0.0,27.237236,9.282907,2010
22052,r4i1p1f1,2010,05,18,0.4404833660103691,24.859987,8.199993,2010
22053,r4i1p1f1,2010,05,19,0.0,23.325888,7.2097116,2010
22054,r4i1p1f1,2010,05,20,0.0646065736930268,21.118208,5.1689973,2010
22055,r4i1p1f1,2010,05,21,0.09325866340077482,17.19796,1.2597234,2010
22056,r4i1p1f1,2010,05,22,3.1932804774271517,13.045391,0.88596356,2010
22057,r4i1p1f1,2010,05,23,2.0352862277150052,14.718913,1.8376598,2010
22058,r4i1p1f1,2010,05,24,0.012006871997982671,19.197365,3.9302406,2010
22059,r4i1p1f1,2010,05,25,0.0,25.37194,7.177768,2010
22060,r4i1p1f1,2010,05,26,0.0,27.635744,10.511839,2010
22061,r4i1p1f1,2010,05,27,0.0,29.35043,13.379078,2010
22062,r4i1p1f1,2010,05,28,0.08523426831743564,29.189636,12.36042,2010
22063,r4i1p1f1,2010,05,29,0.0,29.010603,9.972501,2010
22064,r4i1p1f1,2010,05,30,28.65662852850619,19.18056,7.269065,2010
22065,r4i1p1f1,2010,05,31,3.586941886612749,21.700544,8.0649185,2010
22066,r4i1p1f1,2010,06,01,0.0,30.043587,12.110326,2010
22067,r4i1p1f1,2010,06,02,0.06834198860588003,31.332462,14.208502,2010
22068,r4i1p1f1,2010,06,03,0.008170846194843762,29.281227,10.737608,2010
22069,r4i1p1f1,2010,06,04,0.0,25.259323,7.8068595,2010
22070,r4i1p1f1,2010,06,05,0.6012814001451261,19.92019,6.72344,2010
22071,r4i1p1f1,2010,06,06,5.391633142291141,17.16941,8.828399,2010
22072,r4i1p1f1,2010,06,07,21.55773956073972,13.169929,1.9823384,2010
22073,r4i1p1f1,2010,06,08,0.649610612124718,13.151364,-0.40822044,2010
22074,r4i1p1f1,2010,06,09,0.32197391883528326,15.610972,0.31051907,2010
22075,r4i1p1f1,2010,06,10,3.0119609056498575,18.145212,2.7439504,2010
22076,r4i1p1f1,2010,06,11,8.394503491967953,15.744186,6.4166765,2010
22077,r4i1p1f1,2010,06,12,0.0,19.884539,6.7931104,2010
22078,r4i1p1f1,2010,06,13,0.0,27.362226,9.362749,2010
22079,r4i1p1f1,2010,06,14,0.0,34.099014,14.535799,2010
22080,r4i1p1f1,2010,06,15,0.0,35.272697,16.125326,2010
22081,r4i1p1f1,2010,06,16,0.08171364906957024,33.466408,16.100044,2010
22082,r4i1p1f1,2010,06,17,0.0,32.62827,15.608837,2010
22083,r4i1p1f1,2010,06,18,0.0,31.084822,13.544621,2010
22084,r4i1p1f1,2010,06,19,0.0,29.00811,11.777508,2010
22085,r4i1p1f1,2010,06,20,0.0,29.010345,11.576063,2010
22086,r4i1p1f1,2010,06,21,0.0,29.819424,12.942486,2010
22087,r4i1p1f1,2010,06,22,0.0,29.255018,11.548426,2010
22088,r4i1p1f1,2010,06,23,0.0,30.03203,12.043979,2010
22089,r4i1p1f1,2010,06,24,0.0,31.542393,14.277625,2010
22090,r4i1p1f1,2010,06,25,0.0,31.427202,14.001275,2010
22091,r4i1p1f1,2010,06,26,0.0,31.445726,13.544287,2010
22092,r4i1p1f1,2010,06,27,0.0,29.671377,12.358753,2010
22093,r4i1p1f1,2010,06,28,0.0,26.767931,10.392283,2010
22094,r4i1p1f1,2010,06,29,0.0,25.996744,9.355007,2010
22095,r4i1p1f1,2010,06,30,0.0,28.127731,10.915302,2010
22096,r4i1p1f1,2010,07,01,0.0,31.47288,12.219921,2010
22097,r4i1p1f1,2010,07,02,0.0,33.68252,14.232106,2010
22098,r4i1p1f1,2010,07,03,0.0,33.679825,16.332457,2010
22099,r4i1p1f1,2010,07,04,0.0,34.93805,15.865452,2010
22100,r4i1p1f1,2010,07,05,0.07739278207736788,34.787907,15.81061,2010
22101,r4i1p1f1,2010,07,06,0.0,33.027973,14.711639,2010
22102,r4i1p1f1,2010,07,07,0.0,32.668213,15.714674,2010
22103,r4i1p1f1,2010,07,08,0.6089789929546896,33.20596,16.599758,2010
22104,r4i1p1f1,2010,07,09,0.0,31.755106,13.468599,2010
22105,r4i1p1f1,2010,07,10,0.0,28.733765,10.419784,2010
22106,r4i1p1f1,2010,07,11,0.0,28.672062,10.790632,2010
22107,r4i1p1f1,2010,07,12,0.0,28.766249,10.438435,2010
22108,r4i1p1f1,2010,07,13,0.0,27.335598,8.792169,2010
22109,r4i1p1f1,2010,07,14,0.0,30.062578,9.468284,2010
22110,r4i1p1f1,2010,07,15,0.0,31.449318,12.582272,2010
22111,r4i1p1f1,2010,07,16,0.0,32.738205,13.002319,2010
22112,r4i1p1f1,2010,07,17,0.0,32.040962,13.84859,2010
22113,r4i1p1f1,2010,07,18,0.0,32.072987,13.589484,2010
22114,r4i1p1f1,2010,07,19,0.0,31.505808,13.950164,2010
22115,r4i1p1f1,2010,07,20,0.0,32.852585,14.31899,2010
22116,r4i1p1f1,2010,07,21,0.0,33.961475,14.83076,2010
22117,r4i1p1f1,2010,07,22,0.0,34.304504,16.255404,2010
22118,r4i1p1f1,2010,07,23,0.0,34.794117,16.847311,2010
22119,r4i1p1f1,2010,07,24,0.2414098777990148,35.751278,16.927742,2010
22120,r4i1p1f1,2010,07,25,0.17984422924541832,36.039368,18.241585,2010
22121,r4i1p1f1,2010,07,26,0.239018004663194,34.803143,17.764513,2010
22122,r4i1p1f1,2010,07,27,0.07385539946653807,34.49546,16.963045,2010
22123,r4i1p1f1,2010,07,28,0.00327202801599924,33.75183,16.443382,2010
22124,r4i1p1f1,2010,07,29,0.0,33.501675,15.959597,2010
22125,r4i1p1f1,2010,07,30,0.0,32.66959,15.45725,2010
22126,r4i1p1f1,2010,07,31,0.0,32.296715,14.927538,2010
22127,r4i1p1f1,2010,08,01,0.0,33.109245,13.974795,2010
22128,r4i1p1f1,2010,08,02,0.0,35.117287,15.344764,2010
22129,r4i1p1f1,2010,08,03,0.0,36.817867,17.840916,2010
22130,r4i1p1f1,2010,08,04,0.0,37.741085,19.01496,2010
22131,r4i1p1f1,2010,08,05,0.04447500004971516,35.785004,18.360994,2010
22132,r4i1p1f1,2010,08,06,0.0,34.529583,16.367922,2010
22133,r4i1p1f1,2010,08,07,0.013228748699134485,35.545788,17.200554,2010
22134,r4i1p1f1,2010,08,08,0.009297347651227028,36.896355,18.646944,2010
22135,r4i1p1f1,2010,08,09,0.0,36.734715,19.316038,2010
22136,r4i1p1f1,2010,08,10,0.0,35.606777,16.596,2010
22137,r4i1p1f1,2010,08,11,0.0,32.11466,13.755436,2010
22138,r4i1p1f1,2010,08,12,0.0,34.851772,15.866082,2010
22139,r4i1p1f1,2010,08,13,0.0,36.742195,18.571154,2010
22140,r4i1p1f1,2010,08,14,0.04138670532256583,35.743736,18.04888,2010
22141,r4i1p1f1,2010,08,15,0.0,33.836708,14.858076,2010
22142,r4i1p1f1,2010,08,16,0.0,34.61419,16.211086,2010
22143,r4i1p1f1,2010,08,17,0.0,35.332127,17.094835,2010
22144,r4i1p1f1,2010,08,18,0.0006486106883585308,33.527596,14.371859,2010
22145,r4i1p1f1,2010,08,19,0.10687754781883996,31.24662,12.138443,2010
22146,r4i1p1f1,2010,08,20,0.0,30.809944,13.566642,2010
22147,r4i1p1f1,2010,08,21,0.13229535445589136,33.512913,15.980874,2010
22148,r4i1p1f1,2010,08,22,13.571667760515993,35.481625,17.212757,2010
22149,r4i1p1f1,2010,08,23,0.002720407792367041,35.265,16.977758,2010
22150,r4i1p1f1,2010,08,24,1.7138640650500747,32.448223,14.707918,2010
22151,r4i1p1f1,2010,08,25,0.0,30.37888,12.975681,2010
22152,r4i1p1f1,2010,08,26,0.0,29.155449,11.176782,2010
22153,r4i1p1f1,2010,08,27,0.0,29.20751,10.6521015,2010
22154,r4i1p1f1,2010,08,28,0.0,27.740334,9.190941,2010
22155,r4i1p1f1,2010,08,29,0.0,27.43698,8.507364,2010
22156,r4i1p1f1,2010,08,30,0.0,24.80021,5.74999,2010
22157,r4i1p1f1,2010,08,31,0.013054020064373617,24.155264,4.79382,2010
22158,r4i1p1f1,2010,09,01,0.0,27.523293,8.255573,2010
22159,r4i1p1f1,2010,09,02,0.0,29.451786,11.123853,2010
22160,r4i1p1f1,2010,09,03,0.0,30.55523,13.374814,2010
22161,r4i1p1f1,2010,09,04,0.0,30.189583,13.574306,2010
22162,r4i1p1f1,2010,09,05,0.0,30.701399,13.03036,2010
22163,r4i1p1f1,2010,09,06,0.0,31.529907,13.052462,2010
22164,r4i1p1f1,2010,09,07,0.0002219701968897425,33.13956,14.753431,2010
22165,r4i1p1f1,2010,09,08,0.0,34.020905,15.929896,2010
22166,r4i1p1f1,2010,09,09,0.0,33.46342,16.198614,2010
22167,r4i1p1f1,2010,09,10,0.0,31.423815,13.032518,2010
22168,r4i1p1f1,2010,09,11,0.0,30.372324,11.202627,2010
22169,r4i1p1f1,2010,09,12,0.0,29.604815,11.262679,2010
22170,r4i1p1f1,2010,09,13,0.0,26.567072,7.632715,2010
22171,r4i1p1f1,2010,09,14,0.0,24.993027,6.74746,2010
22172,r4i1p1f1,2010,09,15,0.0,25.77664,6.727478,2010
22173,r4i1p1f1,2010,09,16,0.0,25.378202,6.3115573,2010
22174,r4i1p1f1,2010,09,17,0.0,25.829073,6.0472846,2010
22175,r4i1p1f1,2010,09,18,0.0,27.671013,9.696307,2010
22176,r4i1p1f1,2010,09,19,0.0,31.156637,11.619956,2010
22177,r4i1p1f1,2010,09,20,0.0,30.240788,11.244152,2010
22178,r4i1p1f1,2010,09,21,0.013094257155898958,24.95997,9.2146435,2010
22179,r4i1p1f1,2010,09,22,0.043161287442217144,21.735039,7.797287,2010
22180,r4i1p1f1,2010,09,23,0.0,24.6115,7.8439736,2010
22181,r4i1p1f1,2010,09,24,0.0,26.992786,8.338635,2010
22182,r4i1p1f1,2010,09,25,0.0,26.173948,10.229421,2010
22183,r4i1p1f1,2010,09,26,0.0,28.037199,10.134096,2010
22184,r4i1p1f1,2010,09,27,0.0,27.959696,10.891216,2010
22185,r4i1p1f1,2010,09,28,0.0,32.12233,13.032645,2010
22186,r4i1p1f1,2010,09,29,0.0,32.97686,15.971895,2010
22187,r4i1p1f1,2010,09,30,0.0,29.026024,12.840819,2010
22188,r4i1p1f1,2010,10,01,0.0,29.004354,11.81022,2010
22189,r4i1p1f1,2010,10,02,0.0,29.550882,12.849014,2010
22190,r4i1p1f1,2010,10,03,0.0,29.435717,12.644084,2010
22191,r4i1p1f1,2010,10,04,0.0,28.732687,10.334826,2010
22192,r4i1p1f1,2010,10,05,0.0,29.093283,10.414631,2010
22193,r4i1p1f1,2010,10,06,0.0,27.203451,10.7683115,2010
22194,r4i1p1f1,2010,10,07,0.0,24.395416,8.057054,2010
22195,r4i1p1f1,2010,10,08,0.0,23.227491,4.68798,2010
22196,r4i1p1f1,2010,10,09,0.34572151434986154,23.632515,10.009277,2010
22197,r4i1p1f1,2010,10,10,0.296818256390452,25.042212,9.300548,2010
22198,r4i1p1f1,2010,10,11,0.0,23.7624,8.750459,2010
22199,r4i1p1f1,2010,10,12,0.0,23.462793,9.188084,2010
22200,r4i1p1f1,2010,10,13,0.11243776752962731,18.168276,6.4352894,2010
22201,r4i1p1f1,2010,10,14,0.06982590439292835,15.4403925,2.7624848,2010
22202,r4i1p1f1,2010,10,15,0.0,18.798927,1.1793493,2010
22203,r4i1p1f1,2010,10,16,0.0,19.76937,6.7831225,2010
22204,r4i1p1f1,2010,10,17,0.0,20.705082,6.1527824,2010
22205,r4i1p1f1,2010,10,18,0.0,21.601871,5.214548,2010
22206,r4i1p1f1,2010,10,19,0.0,22.954868,6.0465603,2010
22207,r4i1p1f1,2010,10,20,0.0,24.340391,6.082105,2010
22208,r4i1p1f1,2010,10,21,0.0,22.659498,9.327952,2010
22209,r4i1p1f1,2010,10,22,0.0,21.405258,6.259446,2010
22210,r4i1p1f1,2010,10,23,24.48529490211513,15.879674,5.0578456,2010
22211,r4i1p1f1,2010,10,24,1.5894398024556722,10.445791,2.2754936,2010
22212,r4i1p1f1,2010,10,25,2.0130988648134007,12.178669,0.09531593,2010
22213,r4i1p1f1,2010,10,26,0.0,14.112306,0.5896919,2010
22214,r4i1p1f1,2010,10,27,0.0,17.229668,2.6817489,2010
22215,r4i1p1f1,2010,10,28,0.0,18.731836,5.567293,2010
22216,r4i1p1f1,2010,10,29,0.0,20.877274,5.815373,2010
22217,r4i1p1f1,2010,10,30,0.0,22.623129,7.7150702,2010
22218,r4i1p1f1,2010,10,31,0.25929457338804696,20.187017,6.17104,2010
22219,r4i1p1f1,2010,11,01,6.402265779951222,10.319938,0.62687945,2010
22220,r4i1p1f1,2010,11,02,0.8315073278794216,8.819686,-0.69423795,2010
22221,r4i1p1f1,2010,11,03,0.0,9.588946,-1.3757584,2010
22222,r4i1p1f1,2010,11,04,0.0,12.0698395,-0.64095044,2010
22223,r4i1p1f1,2010,11,05,0.0,13.501395,0.5802432,2010
22224,r4i1p1f1,2010,11,06,0.0,14.162757,-0.5531378,2010
22225,r4i1p1f1,2010,11,07,0.0,15.118173,-0.12510395,2010
22226,r4i1p1f1,2010,11,08,0.0,18.013268,2.4700704,2010
22227,r4i1p1f1,2010,11,09,0.0,20.49322,5.477813,2010
22228,r4i1p1f1,2010,11,10,0.0,21.04526,7.9125986,2010
22229,r4i1p1f1,2010,11,11,0.0,20.907866,6.445398,2010
22230,r4i1p1f1,2010,11,12,0.0,18.988228,4.8368897,2010
22231,r4i1p1f1,2010,11,13,0.0,18.365162,6.0317297,2010
22232,r4i1p1f1,2010,11,14,0.0,16.357157,2.7418861,2010
22233,r4i1p1f1,2010,11,15,0.0,14.425249,1.4425023,2010
22234,r4i1p1f1,2010,11,16,0.0,15.170549,-0.46310604,2010
22235,r4i1p1f1,2010,11,17,0.0,14.078323,1.5004393,2010
22236,r4i1p1f1,2010,11,18,0.6262948130711266,13.166207,3.358188,2010
22237,r4i1p1f1,2010,11,19,0.034984424428330385,11.4782295,5.7077417,2010
22238,r4i1p1f1,2010,11,20,10.280206898460165,12.352217,4.518984,2010
22239,r4i1p1f1,2010,11,21,52.08627090614755,11.162477,-0.8678632,2010
22240,r4i1p1f1,2010,11,22,0.1598764576215217,5.9984303,-1.4288362,2010
22241,r4i1p1f1,2010,11,23,0.3131942124184661,4.950697,-4.3982773,2010
22242,r4i1p1f1,2010,11,24,27.81878410387435,6.28433,-3.833362,2010
22243,r4i1p1f1,2010,11,25,19.431606421676406,8.862765,0.56703985,2010
22244,r4i1p1f1,2010,11,26,25.28439130037441,6.673646,-5.2676053,2010
22245,r4i1p1f1,2010,11,27,42.80748686433071,12.948563,1.1597478,2010
22246,r4i1p1f1,2010,11,28,28.815944955863415,13.586558,2.2571352,2010
22247,r4i1p1f1,2010,11,29,0.0,7.1421423,2.7799652,2010
22248,r4i1p1f1,2010,11,30,24.067195365205407,8.929918,-0.07380406,2010
22249,r4i1p1f1,2010,12,01,0.025473974255874055,6.5107594,-3.9679232,2010
22250,r4i1p1f1,2010,12,02,0.0,3.2457263,-3.6321912,2010
22251,r4i1p1f1,2010,12,03,0.0,1.7951698,-7.1347675,2010
22252,r4i1p1f1,2010,12,04,0.0,4.2363553,-7.866094,2010
22253,r4i1p1f1,2010,12,05,28.962758125271648,5.193454,-4.83805,2010
22254,r4i1p1f1,2010,12,06,19.25002305183625,3.602534,-2.078578,2010
22255,r4i1p1f1,2010,12,07,4.04970555782711,3.3746498,-2.946072,2010
22256,r4i1p1f1,2010,12,08,0.5452709362344876,4.8668613,-4.8725147,2010
22257,r4i1p1f1,2010,12,09,2.6694536327340757,5.57701,-6.8422513,2010
22258,r4i1p1f1,2010,12,10,22.71732728877396,7.939353,-3.5555773,2010
22259,r4i1p1f1,2010,12,11,60.924997140682535,10.593425,4.4111323,2010
22260,r4i1p1f1,2010,12,12,24.961771929088172,11.539715,5.0622277,2010
22261,r4i1p1f1,2010,12,13,11.623524457877465,11.850591,0.97176063,2010
22262,r4i1p1f1,2010,12,14,0.25643141972082617,8.699796,-0.909498,2010
22263,r4i1p1f1,2010,12,15,5.159237880297951,8.2949095,4.129673,2010
22264,r4i1p1f1,2010,12,16,8.919270581014871,9.442611,-3.3616781,2010
22265,r4i1p1f1,2010,12,17,0.0,6.3426495,-4.115457,2010
22266,r4i1p1f1,2010,12,18,17.067670909091248,7.900271,1.0063452,2010
22267,r4i1p1f1,2010,12,19,5.9484877326895,9.408277,3.1527412,2010
22268,r4i1p1f1,2010,12,20,0.0,9.809462,4.6827035,2010
22269,r4i1p1f1,2010,12,21,0.0,12.237641,4.8168097,2010
22270,r4i1p1f1,2010,12,22,0.0,13.132184,5.114435,2010
22271,r4i1p1f1,2010,12,23,0.34977190544225323,10.480793,3.758887,2010
22272,r4i1p1f1,2010,12,24,0.0,8.986755,2.4677653,2010
22273,r4i1p1f1,2010,12,25,0.6273464914528404,10.682374,3.3643875,2010
22274,r4i1p1f1,2010,12,26,36.58369910208421,10.340153,3.9943085,2010
22275,r4i1p1f1,2010,12,27,21.423299937214324,10.106493,-1.1969116,2010
22276,r4i1p1f1,2010,12,28,0.0,6.5738926,-2.50046,2010
22277,r4i1p1f1,2010,12,29,44.78492587659275,5.794014,-0.5648309,2010
22278,r4i1p1f1,2010,12,30,25.415231402075733,7.4095287,2.4560404,2010
22279,r4i1p1f1,2010,12,31,33.40244211576646,9.395645,2.680074,2010
22280,r4i1p1f1,2011,01,01,23.44578014462968,8.309613,-3.1037328,2011
22281,r4i1p1f1,2011,01,02,0.040862445212042076,6.899519,-4.8096457,2011
22282,r4i1p1f1,2011,01,03,1.1446087368881308,4.3018413,-3.5766225,2011
22283,r4i1p1f1,2011,01,04,0.035510996349330526,4.4917493,-7.42727,2011
22284,r4i1p1f1,2011,01,05,26.69302600552328,6.837639,-3.3065434,2011
22285,r4i1p1f1,2011,01,06,18.676734958717134,8.504406,3.6985545,2011
22286,r4i1p1f1,2011,01,07,0.2333371482336588,11.165051,0.36659178,2011
22287,r4i1p1f1,2011,01,08,0.0,11.844821,-1.7720432,2011
22288,r4i1p1f1,2011,01,09,0.0,13.721712,0.51340216,2011
22289,r4i1p1f1,2011,01,10,0.0,11.775433,2.0460527,2011
22290,r4i1p1f1,2011,01,11,0.26067294218421466,11.178469,3.3813198,2011
22291,r4i1p1f1,2011,01,12,0.0,9.619053,-1.3686795,2011
22292,r4i1p1f1,2011,01,13,0.0,7.9573874,-3.605361,2011
22293,r4i1p1f1,2011,01,14,2.7000692541832905,4.1298714,-2.5269566,2011
22294,r4i1p1f1,2011,01,15,31.47531710237672,6.2218094,1.0336379,2011
22295,r4i1p1f1,2011,01,16,5.874351925479004,8.236308,1.5687448,2011
22296,r4i1p1f1,2011,01,17,0.0,7.9179406,-0.3184444,2011
22297,r4i1p1f1,2011,01,18,0.38886800842874436,8.936438,3.2791605,2011
22298,r4i1p1f1,2011,01,19,0.0,14.021644,2.3135297,2011
22299,r4i1p1f1,2011,01,20,0.0,16.594872,3.5772176,2011
22300,r4i1p1f1,2011,01,21,0.0,16.231045,3.6951566,2011
22301,r4i1p1f1,2011,01,22,0.0,16.645346,4.797195,2011
22302,r4i1p1f1,2011,01,23,0.0,18.313143,5.9589205,2011
22303,r4i1p1f1,2011,01,24,0.0,19.137367,7.3421993,2011
22304,r4i1p1f1,2011,01,25,0.0,18.60565,7.082134,2011
22305,r4i1p1f1,2011,01,26,0.0,17.61524,4.9203677,2011
22306,r4i1p1f1,2011,01,27,0.0,12.423336,0.48378107,2011
22307,r4i1p1f1,2011,01,28,0.0,12.544429,0.42210144,2011
22308,r4i1p1f1,2011,01,29,0.0,13.343241,1.9115863,2011
22309,r4i1p1f1,2011,01,30,0.0,14.8299,1.4811605,2011
22310,r4i1p1f1,2011,01,31,1.4524700853257855,11.076643,-0.21390755,2011
22311,r4i1p1f1,2011,02,01,0.0,4.146372,-6.885457,2011
22312,r4i1p1f1,2011,02,02,0.0,0.46721342,-10.557768,2011
22313,r4i1p1f1,2011,02,03,3.8356051748792197,2.4380252,-8.212125,2011
22314,r4i1p1f1,2011,02,04,0.0,5.920847,-6.4070945,2011
22315,r4i1p1f1,2011,02,05,0.0,10.631577,-2.518473,2011
22316,r4i1p1f1,2011,02,06,0.0,13.917322,0.58792335,2011
22317,r4i1p1f1,2011,02,07,0.0,13.861062,2.535517,2011
22318,r4i1p1f1,2011,02,08,0.0,15.237867,1.977857,2011
22319,r4i1p1f1,2011,02,09,0.0,15.535211,3.9038115,2011
22320,r4i1p1f1,2011,02,10,0.0,17.04153,5.793174,2011
22321,r4i1p1f1,2011,02,11,0.0,17.590416,4.538715,2011
22322,r4i1p1f1,2011,02,12,0.0,18.92553,5.3460183,2011
22323,r4i1p1f1,2011,02,13,0.0,19.726307,5.2986317,2011
22324,r4i1p1f1,2011,02,14,0.0,19.048212,5.8583393,2011
22325,r4i1p1f1,2011,02,15,0.0,18.444098,4.900833,2011
22326,r4i1p1f1,2011,02,16,0.0,15.236906,2.6373127,2011
22327,r4i1p1f1,2011,02,17,0.04091519842290836,10.691163,3.4019175,2011
22328,r4i1p1f1,2011,02,18,0.0,15.414005,1.03032,2011
22329,r4i1p1f1,2011,02,19,0.0,16.696995,1.251905,2011
22330,r4i1p1f1,2011,02,20,6.407268139480493,12.640179,-1.392647,2011
22331,r4i1p1f1,2011,02,21,0.0,5.712702,-4.645726,2011
22332,r4i1p1f1,2011,02,22,0.06341691628790613,4.8095617,-4.9127164,2011
22333,r4i1p1f1,2011,02,23,6.702211171977979,5.003343,-5.1772013,2011
22334,r4i1p1f1,2011,02,24,1.3221728006328703,8.852034,-4.836317,2011
22335,r4i1p1f1,2011,02,25,0.12170077066002705,9.543866,-0.7020764,2011
22336,r4i1p1f1,2011,02,26,0.0,8.979166,-1.0503612,2011
22337,r4i1p1f1,2011,02,27,0.0,7.1334805,-5.2128186,2011
22338,r4i1p1f1,2011,02,28,0.0,9.179005,-3.8835487,2011
22339,r4i1p1f1,2011,03,01,0.0,14.281004,-0.96094596,2011
22340,r4i1p1f1,2011,03,02,0.0,16.496143,1.6445088,2011
22341,r4i1p1f1,2011,03,03,0.0,17.046326,2.2459784,2011
22342,r4i1p1f1,2011,03,04,0.0,18.654799,2.5657365,2011
22343,r4i1p1f1,2011,03,05,0.0,19.429197,3.2613997,2011
22344,r4i1p1f1,2011,03,06,0.0,19.144035,4.1535163,2011
22345,r4i1p1f1,2011,03,07,0.0,19.426456,4.304286,2011
22346,r4i1p1f1,2011,03,08,0.0,21.65706,5.188847,2011
22347,r4i1p1f1,2011,03,09,0.0,19.455486,5.052255,2011
22348,r4i1p1f1,2011,03,10,0.0,12.864966,-0.2630056,2011
22349,r4i1p1f1,2011,03,11,0.0,10.998041,-1.9310145,2011
22350,r4i1p1f1,2011,03,12,0.0,13.592976,-1.2358073,2011
22351,r4i1p1f1,2011,03,13,0.0,15.082441,-1.0621281,2011
22352,r4i1p1f1,2011,03,14,0.0,15.041519,1.9245404,2011
22353,r4i1p1f1,2011,03,15,0.0,16.235046,1.2910367,2011
22354,r4i1p1f1,2011,03,16,0.0,16.491493,2.1449337,2011
22355,r4i1p1f1,2011,03,17,0.0,13.917311,-0.30691284,2011
22356,r4i1p1f1,2011,03,18,19.671913002821384,7.553771,2.8646212,2011
22357,r4i1p1f1,2011,03,19,1.2218091881550208,10.12582,-0.240742,2011
22358,r4i1p1f1,2011,03,20,0.0,15.08134,-1.0379033,2011
22359,r4i1p1f1,2011,03,21,0.0,15.006565,4.3037357,2011
22360,r4i1p1f1,2011,03,22,0.0,18.661938,2.2807202,2011
22361,r4i1p1f1,2011,03,23,0.0,18.628773,4.844096,2011
22362,r4i1p1f1,2011,03,24,0.0,19.159544,3.4755144,2011
22363,r4i1p1f1,2011,03,25,0.0,19.206703,4.7456255,2011
22364,r4i1p1f1,2011,03,26,0.0,21.997007,7.2015743,2011
22365,r4i1p1f1,2011,03,27,0.0,21.195187,6.3167167,2011
22366,r4i1p1f1,2011,03,28,0.22910940133442637,16.001915,2.5962596,2011
22367,r4i1p1f1,2011,03,29,0.0,14.990192,0.5607321,2011
22368,r4i1p1f1,2011,03,30,0.0,16.290077,-0.03461663,2011
22369,r4i1p1f1,2011,03,31,0.0,16.104834,0.2042268,2011
22370,r4i1p1f1,2011,04,01,0.6543397181616228,15.479054,3.447511,2011
22371,r4i1p1f1,2011,04,02,0.6981546085569335,16.853416,1.0454434,2011
22372,r4i1p1f1,2011,04,03,0.0,18.066982,1.0057482,2011
22373,r4i1p1f1,2011,04,04,0.0,19.438873,3.1170902,2011
22374,r4i1p1f1,2011,04,05,0.6550598363901372,17.24439,4.4808574,2011
22375,r4i1p1f1,2011,04,06,0.46816354006296024,15.979553,0.87554574,2011
22376,r4i1p1f1,2011,04,07,0.0,16.694702,2.675396,2011
22377,r4i1p1f1,2011,04,08,1.4791410008967887,16.651077,2.1905127,2011
22378,r4i1p1f1,2011,04,09,0.49587654292508887,19.907486,5.0753307,2011
22379,r4i1p1f1,2011,04,10,1.3688957256817957,18.474335,2.2161949,2011
22380,r4i1p1f1,2011,04,11,12.192575910057712,13.1703,0.8495455,2011
22381,r4i1p1f1,2011,04,12,17.769717071496416,12.46315,5.2411237,2011
22382,r4i1p1f1,2011,04,13,7.2403547510248245,13.286138,0.2649001,2011
22383,r4i1p1f1,2011,04,14,0.0,16.224295,1.6035281,2011
22384,r4i1p1f1,2011,04,15,0.0005022829128620288,18.263523,2.745218,2011
22385,r4i1p1f1,2011,04,16,0.0,17.609442,5.435467,2011
22386,r4i1p1f1,2011,04,17,0.0,19.142012,5.196968,2011
22387,r4i1p1f1,2011,04,18,0.0,22.22658,3.628092,2011
22388,r4i1p1f1,2011,04,19,4.976325105093338,17.863262,3.0598247,2011
22389,r4i1p1f1,2011,04,20,0.9752530895070777,16.401129,5.627075,2011
22390,r4i1p1f1,2011,04,21,0.0,19.475956,3.7387018,2011
22391,r4i1p1f1,2011,04,22,0.0,21.05611,5.243932,2011
22392,r4i1p1f1,2011,04,23,0.0,21.732506,4.2489467,2011
22393,r4i1p1f1,2011,04,24,0.0,21.487202,5.649247,2011
22394,r4i1p1f1,2011,04,25,0.0,22.255789,6.3588667,2011
22395,r4i1p1f1,2011,04,26,0.0,25.445017,9.821925,2011
22396,r4i1p1f1,2011,04,27,0.0,26.831055,9.6322155,2011
22397,r4i1p1f1,2011,04,28,0.0,26.341215,8.367588,2011
22398,r4i1p1f1,2011,04,29,0.2749167103502259,25.175367,7.9166007,2011
22399,r4i1p1f1,2011,04,30,0.0,23.467928,8.306501,2011
22400,r4i1p1f1,2011,05,01,7.912151693494707,18.592419,2.9368541,2011
22401,r4i1p1f1,2011,05,02,0.8702608485918972,19.790789,3.3583097,2011
22402,r4i1p1f1,2011,05,03,0.0,20.874832,6.0129056,2011
22403,r4i1p1f1,2011,05,04,0.8549936263449354,18.621464,3.1703176,2011
22404,r4i1p1f1,2011,05,05,3.4895736002681588,16.507866,3.0405228,2011
22405,r4i1p1f1,2011,05,06,3.1601273829664933,13.721365,5.9559045,2011
22406,r4i1p1f1,2011,05,07,7.631153052921036,13.853631,5.932516,2011
22407,r4i1p1f1,2011,05,08,0.8341383890552834,17.77301,2.0540926,2011
22408,r4i1p1f1,2011,05,09,0.0,21.486765,5.364654,2011
22409,r4i1p1f1,2011,05,10,1.2459243721167468,19.455637,6.4600058,2011
22410,r4i1p1f1,2011,05,11,0.0,23.223911,6.531618,2011
22411,r4i1p1f1,2011,05,12,0.0,26.85833,9.243794,2011
22412,r4i1p1f1,2011,05,13,0.00835885750802845,26.313774,10.826759,2011
22413,r4i1p1f1,2011,05,14,0.10056827177322702,25.697762,10.611316,2011
22414,r4i1p1f1,2011,05,15,0.15727554015825262,26.39918,10.618589,2011
22415,r4i1p1f1,2011,05,16,0.3082783676291001,30.046225,13.58034,2011
22416,r4i1p1f1,2011,05,17,0.0,31.612465,13.604998,2011
22417,r4i1p1f1,2011,05,18,0.5652150823152624,27.749071,9.185045,2011
22418,r4i1p1f1,2011,05,19,1.1217897955702938,23.183279,8.122212,2011
22419,r4i1p1f1,2011,05,20,0.45828384481865214,20.272642,3.9053519,2011
22420,r4i1p1f1,2011,05,21,0.0,26.1559,8.91814,2011
22421,r4i1p1f1,2011,05,22,0.0,24.695303,6.45687,2011
22422,r4i1p1f1,2011,05,23,18.06165265479649,17.327013,10.442158,2011
22423,r4i1p1f1,2011,05,24,12.90005390587794,18.07206,6.7311506,2011
22424,r4i1p1f1,2011,05,25,4.417838957866138,18.272484,7.22475,2011
22425,r4i1p1f1,2011,05,26,0.0,24.15447,6.4719515,2011
22426,r4i1p1f1,2011,05,27,0.0,27.845789,9.18764,2011
22427,r4i1p1f1,2011,05,28,0.0,27.087559,10.239583,2011
22428,r4i1p1f1,2011,05,29,0.07651765627088025,23.2515,10.0269575,2011
22429,r4i1p1f1,2011,05,30,0.0,22.312986,8.0822735,2011
22430,r4i1p1f1,2011,05,31,0.0,20.739153,5.766421,2011
22431,r4i1p1f1,2011,06,01,0.5540441792135198,16.753492,6.5949388,2011
22432,r4i1p1f1,2011,06,02,3.6373311598254077,13.920446,2.721327,2011
22433,r4i1p1f1,2011,06,03,0.4669203315870618,18.111134,3.574893,2011
22434,r4i1p1f1,2011,06,04,0.8806993527286977,23.251095,6.016647,2011
22435,r4i1p1f1,2011,06,05,0.2865762183546394,28.002274,10.758141,2011
22436,r4i1p1f1,2011,06,06,0.0,28.275442,10.533568,2011
22437,r4i1p1f1,2011,06,07,0.0,25.444012,8.350223,2011
22438,r4i1p1f1,2011,06,08,0.0,23.44615,8.058372,2011
22439,r4i1p1f1,2011,06,09,0.0,24.841219,7.068557,2011
22440,r4i1p1f1,2011,06,10,0.0,25.054161,8.27946,2011
22441,r4i1p1f1,2011,06,11,0.0,27.095236,8.284072,2011
22442,r4i1p1f1,2011,06,12,0.0,28.375711,10.323072,2011
22443,r4i1p1f1,2011,06,13,0.0,29.737535,11.46468,2011
22444,r4i1p1f1,2011,06,14,0.0,29.796421,11.710878,2011
22445,r4i1p1f1,2011,06,15,0.0,26.664154,8.762667,2011
22446,r4i1p1f1,2011,06,16,0.0,28.346884,10.607456,2011
22447,r4i1p1f1,2011,06,17,0.0,29.113634,10.689788,2011
22448,r4i1p1f1,2011,06,18,0.0,28.841763,10.754085,2011
22449,r4i1p1f1,2011,06,19,0.0,31.48536,12.113024,2011
22450,r4i1p1f1,2011,06,20,0.0,33.44245,14.704939,2011
22451,r4i1p1f1,2011,06,21,0.0,32.919052,14.546299,2011
22452,r4i1p1f1,2011,06,22,0.0,30.960175,12.393749,2011
22453,r4i1p1f1,2011,06,23,0.11126062271387127,26.315039,8.848685,2011
22454,r4i1p1f1,2011,06,24,0.1377045341541816,20.10398,5.6331005,2011
22455,r4i1p1f1,2011,06,25,0.19888653217776664,22.954403,7.6163907,2011
22456,r4i1p1f1,2011,06,26,0.0,29.111158,10.417751,2011
22457,r4i1p1f1,2011,06,27,0.0,31.300232,13.082177,2011
22458,r4i1p1f1,2011,06,28,0.0,30.440329,12.423463,2011
22459,r4i1p1f1,2011,06,29,0.0,29.154005,11.159054,2011
22460,r4i1p1f1,2011,06,30,0.39959705202363693,27.87455,10.077185,2011
22461,r4i1p1f1,2011,07,01,0.15484243139098908,24.134996,8.119428,2011
22462,r4i1p1f1,2011,07,02,2.874663793713239,22.389688,8.56207,2011
22463,r4i1p1f1,2011,07,03,1.539951950167051,24.676664,11.151713,2011
22464,r4i1p1f1,2011,07,04,0.6339573880723037,25.908066,13.934471,2011
22465,r4i1p1f1,2011,07,05,0.13376694469116046,30.204372,12.847988,2011
22466,r4i1p1f1,2011,07,06,0.04996343702714512,31.082127,14.033376,2011
22467,r4i1p1f1,2011,07,07,0.08628846208011964,29.01161,12.532065,2011
22468,r4i1p1f1,2011,07,08,0.010618798069117474,28.309753,11.743378,2011
22469,r4i1p1f1,2011,07,09,0.0,29.40928,12.501984,2011
22470,r4i1p1f1,2011,07,10,0.0,31.40821,14.222731,2011
22471,r4i1p1f1,2011,07,11,0.0,32.833595,14.430337,2011
22472,r4i1p1f1,2011,07,12,0.0,33.185078,15.065767,2011
22473,r4i1p1f1,2011,07,13,0.0,32.88883,15.408637,2011
22474,r4i1p1f1,2011,07,14,0.0014396126061910763,33.201035,15.972529,2011
22475,r4i1p1f1,2011,07,15,0.0,33.19914,15.532857,2011
22476,r4i1p1f1,2011,07,16,0.13442005429169512,32.89316,15.653081,2011
22477,r4i1p1f1,2011,07,17,0.0005035496883465385,32.28808,14.114372,2011
22478,r4i1p1f1,2011,07,18,0.0,31.520786,13.804361,2011
22479,r4i1p1f1,2011,07,19,0.0,31.035025,14.068539,2011
22480,r4i1p1f1,2011,07,20,0.0,30.899532,12.856679,2011
22481,r4i1p1f1,2011,07,21,0.0,32.28224,12.454035,2011
22482,r4i1p1f1,2011,07,22,0.0,31.698866,13.818233,2011
22483,r4i1p1f1,2011,07,23,0.0,32.33634,14.85614,2011
22484,r4i1p1f1,2011,07,24,0.0,33.49556,15.416724,2011
22485,r4i1p1f1,2011,07,25,0.0,34.799793,16.133772,2011
22486,r4i1p1f1,2011,07,26,0.0,35.610878,17.437607,2011
22487,r4i1p1f1,2011,07,27,0.0,37.32492,18.448011,2011
22488,r4i1p1f1,2011,07,28,0.0,38.891346,19.600454,2011
22489,r4i1p1f1,2011,07,29,0.0,38.557343,19.252607,2011
22490,r4i1p1f1,2011,07,30,0.0,37.477684,17.7379,2011
22491,r4i1p1f1,2011,07,31,0.0,33.661575,15.031377,2011
22492,r4i1p1f1,2011,08,01,0.0,31.641327,12.428123,2011
22493,r4i1p1f1,2011,08,02,0.0,31.457695,12.043583,2011
22494,r4i1p1f1,2011,08,03,0.0,30.286415,12.153025,2011
22495,r4i1p1f1,2011,08,04,0.0,31.689388,13.494951,2011
22496,r4i1p1f1,2011,08,05,0.0,32.5734,14.054212,2011
22497,r4i1p1f1,2011,08,06,0.0,33.313705,14.742611,2011
22498,r4i1p1f1,2011,08,07,0.0,33.871212,15.548279,2011
22499,r4i1p1f1,2011,08,08,0.0,34.866936,16.243858,2011
22500,r4i1p1f1,2011,08,09,0.0,35.16542,16.568516,2011
22501,r4i1p1f1,2011,08,10,0.008916888509702403,33.065292,14.529509,2011
22502,r4i1p1f1,2011,08,11,0.0,33.21177,14.960739,2011
22503,r4i1p1f1,2011,08,12,1.1990400465023754,34.495953,17.344976,2011
22504,r4i1p1f1,2011,08,13,0.0055814549227761745,34.423615,16.71005,2011
22505,r4i1p1f1,2011,08,14,0.0,33.491913,15.911867,2011
22506,r4i1p1f1,2011,08,15,0.0,34.478622,16.09188,2011
22507,r4i1p1f1,2011,08,16,0.0,33.321693,15.309338,2011
22508,r4i1p1f1,2011,08,17,0.0,32.845673,16.10021,2011
22509,r4i1p1f1,2011,08,18,0.0,32.60061,15.764232,2011
22510,r4i1p1f1,2011,08,19,0.0,32.721214,15.082433,2011
22511,r4i1p1f1,2011,08,20,0.19460683852230432,33.51949,14.79364,2011
22512,r4i1p1f1,2011,08,21,0.11673419658109196,33.277355,14.373507,2011
22513,r4i1p1f1,2011,08,22,0.0,31.025333,13.134792,2011
22514,r4i1p1f1,2011,08,23,0.0,30.313272,12.4735155,2011
22515,r4i1p1f1,2011,08,24,0.042657456651795655,30.593222,12.405814,2011
22516,r4i1p1f1,2011,08,25,0.0,29.595402,10.878118,2011
22517,r4i1p1f1,2011,08,26,0.0,29.745157,10.889278,2011
22518,r4i1p1f1,2011,08,27,0.0,30.89466,12.673491,2011
22519,r4i1p1f1,2011,08,28,0.0,30.980495,11.977415,2011
22520,r4i1p1f1,2011,08,29,0.0,29.924143,11.129922,2011
22521,r4i1p1f1,2011,08,30,0.0,23.735851,5.5769715,2011
22522,r4i1p1f1,2011,08,31,0.0,23.933311,4.3945904,2011
22523,r4i1p1f1,2011,09,01,0.0,23.53157,6.8530464,2011
22524,r4i1p1f1,2011,09,02,0.0,22.9054,6.794972,2011
22525,r4i1p1f1,2011,09,03,0.0,24.818796,10.425378,2011
22526,r4i1p1f1,2011,09,04,0.0,24.792786,8.753524,2011
22527,r4i1p1f1,2011,09,05,0.0,23.648672,6.9034634,2011
22528,r4i1p1f1,2011,09,06,0.0,22.499165,3.7488704,2011
22529,r4i1p1f1,2011,09,07,0.0,22.340652,3.8914523,2011
22530,r4i1p1f1,2011,09,08,0.0,22.480764,4.6822004,2011
22531,r4i1p1f1,2011,09,09,0.0,29.453043,10.714038,2011
22532,r4i1p1f1,2011,09,10,0.0034834911275538616,31.396563,15.102864,2011
22533,r4i1p1f1,2011,09,11,0.02467656495355186,32.92385,13.96176,2011
22534,r4i1p1f1,2011,09,12,4.130815099331642,30.866058,13.834045,2011
22535,r4i1p1f1,2011,09,13,0.0,26.661001,11.382534,2011
22536,r4i1p1f1,2011,09,14,0.1690362636509235,25.297834,9.143927,2011
22537,r4i1p1f1,2011,09,15,0.0,24.361053,6.7930336,2011
22538,r4i1p1f1,2011,09,16,0.0,24.351833,9.504411,2011
22539,r4i1p1f1,2011,09,17,0.016450284419988748,25.29146,7.6682053,2011
22540,r4i1p1f1,2011,09,18,0.0,24.75168,9.598764,2011
22541,r4i1p1f1,2011,09,19,0.0,26.29306,9.219195,2011
22542,r4i1p1f1,2011,09,20,0.0,28.305567,9.754398,2011
22543,r4i1p1f1,2011,09,21,0.0,30.634094,11.414224,2011
22544,r4i1p1f1,2011,09,22,0.003527826197569084,31.452698,13.892482,2011
22545,r4i1p1f1,2011,09,23,0.3518819846235033,31.452873,14.203502,2011
22546,r4i1p1f1,2011,09,24,0.0,30.095554,15.92593,2011
22547,r4i1p1f1,2011,09,25,0.03854301600654253,29.188005,13.905206,2011
22548,r4i1p1f1,2011,09,26,0.0,23.05135,7.1377163,2011
22549,r4i1p1f1,2011,09,27,0.0,17.456223,3.2974994,2011
22550,r4i1p1f1,2011,09,28,0.0,20.722553,3.8618584,2011
22551,r4i1p1f1,2011,09,29,0.0,23.813787,6.428755,2011
22552,r4i1p1f1,2011,09,30,0.0,24.549803,9.09905,2011
22553,r4i1p1f1,2011,10,01,0.0,26.053905,8.949986,2011
22554,r4i1p1f1,2011,10,02,0.0,27.993294,9.580144,2011
22555,r4i1p1f1,2011,10,03,0.0,27.987991,10.067455,2011
22556,r4i1p1f1,2011,10,04,0.0,25.225586,8.925306,2011
22557,r4i1p1f1,2011,10,05,0.0,23.412144,6.7443843,2011
22558,r4i1p1f1,2011,10,06,0.0,23.052525,6.3762836,2011
22559,r4i1p1f1,2011,10,07,0.01022770520648919,23.17889,8.937985,2011
22560,r4i1p1f1,2011,10,08,0.0,25.575539,8.96782,2011
22561,r4i1p1f1,2011,10,09,0.0,27.851646,9.543537,2011
22562,r4i1p1f1,2011,10,10,0.0,30.638283,13.03057,2011
22563,r4i1p1f1,2011,10,11,0.0,31.623348,11.952436,2011
22564,r4i1p1f1,2011,10,12,0.0,31.737284,14.09605,2011
22565,r4i1p1f1,2011,10,13,0.0,29.729584,14.647849,2011
22566,r4i1p1f1,2011,10,14,0.0,30.815098,15.060418,2011
22567,r4i1p1f1,2011,10,15,0.0,31.190725,12.950097,2011
22568,r4i1p1f1,2011,10,16,0.0,31.20711,14.817344,2011
22569,r4i1p1f1,2011,10,17,0.0,30.130083,14.04655,2011
22570,r4i1p1f1,2011,10,18,0.4862557060960171,27.691353,11.927229,2011
22571,r4i1p1f1,2011,10,19,0.30696383132635674,27.579365,14.1874485,2011
22572,r4i1p1f1,2011,10,20,0.0,22.974531,10.7768955,2011
22573,r4i1p1f1,2011,10,21,0.0,23.640472,7.910069,2011
22574,r4i1p1f1,2011,10,22,0.04162188301961578,23.218628,7.603775,2011
22575,r4i1p1f1,2011,10,23,1.5835857817251053,16.077263,8.617411,2011
22576,r4i1p1f1,2011,10,24,0.9808612296865249,15.4713545,4.155555,2011
22577,r4i1p1f1,2011,10,25,0.0,19.212132,3.6353858,2011
22578,r4i1p1f1,2011,10,26,0.0,21.45513,6.0504932,2011
22579,r4i1p1f1,2011,10,27,0.0,23.543919,7.2199225,2011
22580,r4i1p1f1,2011,10,28,0.0,22.259676,6.946453,2011
22581,r4i1p1f1,2011,10,29,0.0,21.83872,6.395823,2011
22582,r4i1p1f1,2011,10,30,0.0,20.055286,6.4388347,2011
22583,r4i1p1f1,2011,10,31,21.691348679814837,14.712544,6.356122,2011
22584,r4i1p1f1,2011,11,01,10.75156394226724,12.220183,5.2430077,2011
22585,r4i1p1f1,2011,11,02,0.17884944271600034,15.611803,2.371602,2011
22586,r4i1p1f1,2011,11,03,0.0,17.390594,4.0879803,2011
22587,r4i1p1f1,2011,11,04,0.0,18.623558,5.4839554,2011
22588,r4i1p1f1,2011,11,05,0.0,15.02327,-0.5698044,2011
22589,r4i1p1f1,2011,11,06,0.5185280717569185,12.52379,-0.05240223,2011
22590,r4i1p1f1,2011,11,07,4.194998745526846,10.658426,2.6252275,2011
22591,r4i1p1f1,2011,11,08,4.534838861161461,13.056676,3.409893,2011
22592,r4i1p1f1,2011,11,09,0.0,17.427002,3.3164663,2011
22593,r4i1p1f1,2011,11,10,0.0,19.136524,7.0136743,2011
22594,r4i1p1f1,2011,11,11,6.33217355762099,16.457645,3.6860363,2011
22595,r4i1p1f1,2011,11,12,0.0,11.63911,-0.8268046,2011
22596,r4i1p1f1,2011,11,13,28.39020785613684,10.048586,2.9640338,2011
22597,r4i1p1f1,2011,11,14,57.69604270462878,9.021536,1.8096428,2011
22598,r4i1p1f1,2011,11,15,8.856330307912685,10.345734,-2.6612573,2011
22599,r4i1p1f1,2011,11,16,1.4801730507770117,11.015766,4.2753835,2011
22600,r4i1p1f1,2011,11,17,2.6713865685337623,14.167429,5.136831,2011
22601,r4i1p1f1,2011,11,18,0.0,15.716278,3.5966098,2011
22602,r4i1p1f1,2011,11,19,0.0,15.123162,3.1430933,2011
22603,r4i1p1f1,2011,11,20,0.0,14.520298,2.1267972,2011
22604,r4i1p1f1,2011,11,21,0.4011462624646356,14.82115,3.7647069,2011
22605,r4i1p1f1,2011,11,22,5.892679963130831,12.160916,6.982043,2011
22606,r4i1p1f1,2011,11,23,17.94168875348987,12.056782,5.6101165,2011
22607,r4i1p1f1,2011,11,24,0.0,11.068264,-0.42459118,2011
22608,r4i1p1f1,2011,11,25,0.0,12.421559,-0.19396009,2011
22609,r4i1p1f1,2011,11,26,0.0,13.428107,-0.22372876,2011
22610,r4i1p1f1,2011,11,27,0.0,14.422285,0.7499345,2011
22611,r4i1p1f1,2011,11,28,0.0,13.468922,1.4241045,2011
22612,r4i1p1f1,2011,11,29,0.0,11.905899,0.01604345,2011
22613,r4i1p1f1,2011,11,30,0.3916679469796236,12.778602,2.4584618,2011
22614,r4i1p1f1,2011,12,01,0.8397088266917763,8.774629,1.6874427,2011
22615,r4i1p1f1,2011,12,02,0.0,7.6357455,-3.942227,2011
22616,r4i1p1f1,2011,12,03,0.0,5.836979,-3.9363394,2011
22617,r4i1p1f1,2011,12,04,0.0,9.871133,-0.2826741,2011
22618,r4i1p1f1,2011,12,05,0.0,13.408402,1.4472241,2011
22619,r4i1p1f1,2011,12,06,0.0,15.900631,3.3248985,2011
22620,r4i1p1f1,2011,12,07,0.0,17.14827,4.1001325,2011
22621,r4i1p1f1,2011,12,08,0.0,17.018555,4.2383265,2011
22622,r4i1p1f1,2011,12,09,26.081130754323567,12.962829,3.458589,2011
22623,r4i1p1f1,2011,12,10,2.372509060609218,6.0737753,-1.0458827,2011
22624,r4i1p1f1,2011,12,11,4.080392107994157,4.285118,-2.4374056,2011
22625,r4i1p1f1,2011,12,12,0.4278784287862436,6.7301526,-2.2035983,2011
22626,r4i1p1f1,2011,12,13,3.617226089431824,10.018053,0.31008402,2011
22627,r4i1p1f1,2011,12,14,12.56800227383792,10.483684,4.0653696,2011
22628,r4i1p1f1,2011,12,15,6.474416941216532,8.669237,3.0921822,2011
22629,r4i1p1f1,2011,12,16,0.016539834905415773,6.658532,-4.66755,2011
22630,r4i1p1f1,2011,12,17,0.01401591412104608,3.5772183,-3.8867917,2011
22631,r4i1p1f1,2011,12,18,0.0,3.78779,-5.86583,2011
22632,r4i1p1f1,2011,12,19,0.0,6.2890825,-5.5077243,2011
22633,r4i1p1f1,2011,12,20,0.0,6.3180737,-4.03623,2011
22634,r4i1p1f1,2011,12,21,26.474001762198895,4.445641,0.06367567,2011
22635,r4i1p1f1,2011,12,22,2.7047687736097004,6.599811,-3.4828644,2011
22636,r4i1p1f1,2011,12,23,0.0,9.220734,-1.8981929,2011
22637,r4i1p1f1,2011,12,24,0.0,9.962055,-1.3305919,2011
22638,r4i1p1f1,2011,12,25,0.0,11.138182,0.58559185,2011
22639,r4i1p1f1,2011,12,26,0.0,9.983702,1.0540617,2011
22640,r4i1p1f1,2011,12,27,0.0,10.826344,-0.09061209,2011
22641,r4i1p1f1,2011,12,28,0.0,10.578171,-0.894107,2011
22642,r4i1p1f1,2011,12,29,0.18945149950582163,7.788004,1.5904781,2011
22643,r4i1p1f1,2011,12,30,0.0,7.23933,-4.187175,2011
22644,r4i1p1f1,2011,12,31,2.701322495772729,5.9174547,0.5552451,2011
22645,r4i1p1f1,2012,01,01,0.0,8.778327,-1.7749932,2012
22646,r4i1p1f1,2012,01,02,0.7200764469814658,6.9875817,0.120645255,2012
22647,r4i1p1f1,2012,01,03,0.0,8.281442,-0.47047937,2012
22648,r4i1p1f1,2012,01,04,0.0,6.7021465,-7.9063025,2012
22649,r4i1p1f1,2012,01,05,0.0,6.2840877,-6.1902623,2012
22650,r4i1p1f1,2012,01,06,0.0,7.271893,-3.361993,2012
22651,r4i1p1f1,2012,01,07,0.0,6.647988,-7.5122657,2012
22652,r4i1p1f1,2012,01,08,0.0,4.9066906,-7.6092615,2012
22653,r4i1p1f1,2012,01,09,0.0,10.911761,-1.0662577,2012
22654,r4i1p1f1,2012,01,10,0.0,15.152091,2.7028291,2012
22655,r4i1p1f1,2012,01,11,0.0,16.581112,5.172417,2012
22656,r4i1p1f1,2012,01,12,0.0,17.025124,4.745179,2012
22657,r4i1p1f1,2012,01,13,0.0,19.402023,5.561909,2012
22658,r4i1p1f1,2012,01,14,0.0,19.518354,6.0782905,2012
22659,r4i1p1f1,2012,01,15,0.0,17.70443,5.734434,2012
22660,r4i1p1f1,2012,01,16,0.0,14.656257,8.524197,2012
22661,r4i1p1f1,2012,01,17,7.670775134101859,11.971172,3.3149943,2012
22662,r4i1p1f1,2012,01,18,0.0,9.986881,2.0752249,2012
22663,r4i1p1f1,2012,01,19,0.0,8.798297,-2.6227221,2012
22664,r4i1p1f1,2012,01,20,0.0,6.4181085,-4.978886,2012
22665,r4i1p1f1,2012,01,21,0.0,9.556475,-4.9725986,2012
22666,r4i1p1f1,2012,01,22,0.0,8.960567,-3.7673078,2012
22667,r4i1p1f1,2012,01,23,5.28436347456136,3.7653558,-1.5436401,2012
22668,r4i1p1f1,2012,01,24,2.1483009400469655,3.4124002,-2.9869952,2012
22669,r4i1p1f1,2012,01,25,2.6284149718037497,2.2424173,-9.296153,2012
22670,r4i1p1f1,2012,01,26,1.6211634825140209,2.27517,-4.8307734,2012
22671,r4i1p1f1,2012,01,27,0.5048737755714683,5.5702777,-5.634268,2012
22672,r4i1p1f1,2012,01,28,0.0,8.02739,-5.3183937,2012
22673,r4i1p1f1,2012,01,29,0.006714238679705886,7.623682,1.749681,2012
22674,r4i1p1f1,2012,01,30,0.6426405298384452,8.941686,1.1990942,2012
22675,r4i1p1f1,2012,01,31,0.0,10.186102,1.8904288,2012
22676,r4i1p1f1,2012,02,01,0.0,10.61946,0.33199957,2012
22677,r4i1p1f1,2012,02,02,0.0,13.090508,0.81782633,2012
22678,r4i1p1f1,2012,02,03,0.0,17.098967,1.0848993,2012
22679,r4i1p1f1,2012,02,04,0.0,16.521446,4.2621636,2012
22680,r4i1p1f1,2012,02,05,0.0,18.266785,4.7045407,2012
22681,r4i1p1f1,2012,02,06,0.0,17.702587,4.8739038,2012
22682,r4i1p1f1,2012,02,07,0.0,19.416094,5.3183217,2012
22683,r4i1p1f1,2012,02,08,0.0,20.326338,6.3271823,2012
22684,r4i1p1f1,2012,02,09,0.0,19.653137,5.6153355,2012
22685,r4i1p1f1,2012,02,10,0.0,19.457617,4.9813976,2012
22686,r4i1p1f1,2012,02,11,0.0,14.453108,1.621974,2012
22687,r4i1p1f1,2012,02,12,1.5648416591659497,6.492769,-6.5009074,2012
22688,r4i1p1f1,2012,02,13,16.89078951749252,5.2970786,-5.5134735,2012
22689,r4i1p1f1,2012,02,14,0.0,6.310572,-6.4730453,2012
22690,r4i1p1f1,2012,02,15,0.0,6.8165145,-2.0240767,2012
22691,r4i1p1f1,2012,02,16,0.0,8.3475685,-4.37087,2012
22692,r4i1p1f1,2012,02,17,0.0,10.236567,-3.1034393,2012
22693,r4i1p1f1,2012,02,18,0.0,10.651262,-0.06302595,2012
22694,r4i1p1f1,2012,02,19,0.0,11.030477,-0.10415496,2012
22695,r4i1p1f1,2012,02,20,0.0,14.806357,1.6675946,2012
22696,r4i1p1f1,2012,02,21,0.010432330736875883,15.155467,3.7883573,2012
22697,r4i1p1f1,2012,02,22,0.0,15.076399,4.663495,2012
22698,r4i1p1f1,2012,02,23,4.628892184064171,13.192245,3.3795764,2012
22699,r4i1p1f1,2012,02,24,5.185266296268765,11.166255,1.664551,2012
22700,r4i1p1f1,2012,02,25,0.0,13.5927,0.825524,2012
22701,r4i1p1f1,2012,02,26,0.0,15.167648,1.4070653,2012
22702,r4i1p1f1,2012,02,27,0.0,14.392417,2.1781104,2012
22703,r4i1p1f1,2012,02,28,0.0,12.693916,3.157329,2012
22704,r4i1p1f1,2012,02,29,0.0,13.758384,1.975836,2012
22705,r4i1p1f1,2012,03,01,0.0,14.845173,2.214433,2012
22706,r4i1p1f1,2012,03,02,0.0,16.964071,3.2545204,2012
22707,r4i1p1f1,2012,03,03,0.0,17.723959,4.3889227,2012
22708,r4i1p1f1,2012,03,04,0.0,17.942465,4.7255306,2012
22709,r4i1p1f1,2012,03,05,0.0,16.611864,4.0860057,2012
22710,r4i1p1f1,2012,03,06,0.0,19.368427,4.369426,2012
22711,r4i1p1f1,2012,03,07,0.0,21.699945,7.054311,2012
22712,r4i1p1f1,2012,03,08,0.0,23.32625,8.459812,2012
22713,r4i1p1f1,2012,03,09,0.0,24.46206,9.377377,2012
22714,r4i1p1f1,2012,03,10,0.0,25.261055,10.34514,2012
22715,r4i1p1f1,2012,03,11,0.0,25.622492,10.053429,2012
22716,r4i1p1f1,2012,03,12,0.0,25.950333,10.848789,2012
22717,r4i1p1f1,2012,03,13,0.0,25.829159,10.6806135,2012
22718,r4i1p1f1,2012,03,14,0.0,25.521229,10.4351,2012
22719,r4i1p1f1,2012,03,15,0.0,25.397913,10.131525,2012
22720,r4i1p1f1,2012,03,16,0.0,24.59888,9.553162,2012
22721,r4i1p1f1,2012,03,17,12.517680483071558,16.744133,5.0057683,2012
22722,r4i1p1f1,2012,03,18,7.896449117350812,14.468889,3.8919165,2012
22723,r4i1p1f1,2012,03,19,1.0804168370668776,12.791362,2.0164835,2012
22724,r4i1p1f1,2012,03,20,1.0610029623649098,14.801595,6.043144,2012
22725,r4i1p1f1,2012,03,21,27.898218868722324,12.675196,0.25560606,2012
22726,r4i1p1f1,2012,03,22,45.95628702902559,10.908077,0.66527885,2012
22727,r4i1p1f1,2012,03,23,25.22137950004435,10.268866,1.9263129,2012
22728,r4i1p1f1,2012,03,24,11.604044869784502,11.654261,2.3387733,2012
22729,r4i1p1f1,2012,03,25,0.0,14.843279,-0.16921844,2012
22730,r4i1p1f1,2012,03,26,7.338517549123935,12.952044,1.635682,2012
22731,r4i1p1f1,2012,03,27,42.019931194226956,12.428272,-1.0773996,2012
22732,r4i1p1f1,2012,03,28,0.0,13.052339,2.1183062,2012
22733,r4i1p1f1,2012,03,29,1.4409333690736048,14.009137,0.8463972,2012
22734,r4i1p1f1,2012,03,30,5.2402267070192465,14.558851,6.8712387,2012
22735,r4i1p1f1,2012,03,31,0.0,20.764229,6.8410096,2012
22736,r4i1p1f1,2012,04,01,0.0,25.589302,8.14245,2012
22737,r4i1p1f1,2012,04,02,0.0,26.857382,10.762626,2012
22738,r4i1p1f1,2012,04,03,0.0,27.428547,11.213147,2012
22739,r4i1p1f1,2012,04,04,0.0,26.164318,10.920297,2012
22740,r4i1p1f1,2012,04,05,0.0,21.929474,7.7111645,2012
22741,r4i1p1f1,2012,04,06,0.0,22.987526,7.9015603,2012
22742,r4i1p1f1,2012,04,07,0.0,25.138962,9.12323,2012
22743,r4i1p1f1,2012,04,08,0.0,25.1011,9.084161,2012
22744,r4i1p1f1,2012,04,09,0.0,23.42377,8.243017,2012
22745,r4i1p1f1,2012,04,10,0.0,22.968925,8.581577,2012
22746,r4i1p1f1,2012,04,11,0.0,20.394033,5.755849,2012
22747,r4i1p1f1,2012,04,12,30.371790866593074,13.740744,4.0561023,2012
22748,r4i1p1f1,2012,04,13,9.144958093247624,11.523067,6.014289,2012
22749,r4i1p1f1,2012,04,14,3.4508859938569003,16.27139,2.451924,2012
22750,r4i1p1f1,2012,04,15,0.0,23.514078,4.2292404,2012
22751,r4i1p1f1,2012,04,16,0.0,22.591795,7.018564,2012
22752,r4i1p1f1,2012,04,17,0.0,22.650444,7.5649056,2012
22753,r4i1p1f1,2012,04,18,0.0,23.365623,7.5293436,2012
22754,r4i1p1f1,2012,04,19,0.48503384367677427,21.084106,7.1740265,2012
22755,r4i1p1f1,2012,04,20,2.5606542489096995,17.331179,3.3221712,2012
22756,r4i1p1f1,2012,04,21,0.0,18.705257,4.219975,2012
22757,r4i1p1f1,2012,04,22,0.0,20.411884,5.219775,2012
22758,r4i1p1f1,2012,04,23,0.0,20.106462,6.013686,2012
22759,r4i1p1f1,2012,04,24,0.0,20.136559,3.7763731,2012
22760,r4i1p1f1,2012,04,25,0.0,17.281158,2.5199022,2012
22761,r4i1p1f1,2012,04,26,0.0,14.733704,1.2518705,2012
22762,r4i1p1f1,2012,04,27,0.0,15.460917,0.5310383,2012
22763,r4i1p1f1,2012,04,28,0.0,17.074547,2.2887607,2012
22764,r4i1p1f1,2012,04,29,0.0,21.879639,6.7178645,2012
22765,r4i1p1f1,2012,04,30,0.0,24.972494,8.634953,2012
22766,r4i1p1f1,2012,05,01,0.0,24.401218,7.7048025,2012
22767,r4i1p1f1,2012,05,02,0.0,21.004822,5.881839,2012
22768,r4i1p1f1,2012,05,03,0.0,18.703651,4.098481,2012
22769,r4i1p1f1,2012,05,04,5.527862719384302,10.229183,2.673629,2012
22770,r4i1p1f1,2012,05,05,0.0,14.331804,-0.03811545,2012
22771,r4i1p1f1,2012,05,06,0.0,21.034508,3.5967321,2012
22772,r4i1p1f1,2012,05,07,0.0,24.821182,7.760958,2012
22773,r4i1p1f1,2012,05,08,0.0,28.35358,9.024471,2012
22774,r4i1p1f1,2012,05,09,0.0,28.550459,11.884596,2012
22775,r4i1p1f1,2012,05,10,0.0,25.90567,10.159404,2012
22776,r4i1p1f1,2012,05,11,0.9077578792584973,22.542938,7.1724606,2012
22777,r4i1p1f1,2012,05,12,0.0,19.067083,3.1688347,2012
22778,r4i1p1f1,2012,05,13,0.17242033325146622,16.96234,2.4025023,2012
22779,r4i1p1f1,2012,05,14,0.0,23.073265,7.240193,2012
22780,r4i1p1f1,2012,05,15,0.0,29.408451,10.590093,2012
22781,r4i1p1f1,2012,05,16,0.06451879571613972,29.740988,12.5675535,2012
22782,r4i1p1f1,2012,05,17,2.8799938263450287,21.614859,4.557801,2012
22783,r4i1p1f1,2012,05,18,1.2709306548785548,18.144371,5.7085733,2012
22784,r4i1p1f1,2012,05,19,0.0018443131011736114,25.263527,9.038197,2012
22785,r4i1p1f1,2012,05,20,0.0,29.89287,10.976405,2012
22786,r4i1p1f1,2012,05,21,0.0,30.316498,11.713792,2012
22787,r4i1p1f1,2012,05,22,0.0,30.51569,12.175404,2012
22788,r4i1p1f1,2012,05,23,0.0,30.052591,12.906832,2012
22789,r4i1p1f1,2012,05,24,0.0,29.521532,12.930277,2012
22790,r4i1p1f1,2012,05,25,0.0,28.253807,12.554187,2012
22791,r4i1p1f1,2012,05,26,0.0,31.284607,12.538967,2012
22792,r4i1p1f1,2012,05,27,0.0,32.909763,15.571306,2012
22793,r4i1p1f1,2012,05,28,0.0,34.08781,14.975786,2012
22794,r4i1p1f1,2012,05,29,0.0,34.564274,14.790334,2012
22795,r4i1p1f1,2012,05,30,0.0,29.252174,11.9041195,2012
22796,r4i1p1f1,2012,05,31,0.09456594418679742,22.754496,9.191971,2012
22797,r4i1p1f1,2012,06,01,1.0026278145687684,24.451015,10.248086,2012
22798,r4i1p1f1,2012,06,02,0.0,29.99632,9.875741,2012
22799,r4i1p1f1,2012,06,03,0.0,31.646889,12.683997,2012
22800,r4i1p1f1,2012,06,04,0.12992726251468412,31.45762,12.901226,2012
22801,r4i1p1f1,2012,06,05,0.3027948722774454,30.488956,11.711813,2012
22802,r4i1p1f1,2012,06,06,0.05742791398688496,28.55358,12.0289955,2012
22803,r4i1p1f1,2012,06,07,0.0703021899767009,23.84277,10.181526,2012
22804,r4i1p1f1,2012,06,08,0.0,26.35642,9.26989,2012
22805,r4i1p1f1,2012,06,09,0.0,27.79023,9.455674,2012
22806,r4i1p1f1,2012,06,10,0.014510696883007768,26.189838,7.0756283,2012
22807,r4i1p1f1,2012,06,11,0.11308682001072157,20.83798,6.4337826,2012
22808,r4i1p1f1,2012,06,12,0.0,23.121706,4.954266,2012
22809,r4i1p1f1,2012,06,13,0.9468229053737787,21.176445,5.5697985,2012
22810,r4i1p1f1,2012,06,14,0.6483589443291748,20.753853,7.131574,2012
22811,r4i1p1f1,2012,06,15,0.15088116451806854,21.467346,10.575924,2012
22812,r4i1p1f1,2012,06,16,0.0,25.362144,11.137547,2012
22813,r4i1p1f1,2012,06,17,0.21002450371270243,26.641476,14.625412,2012
22814,r4i1p1f1,2012,06,18,0.002749210489128018,29.068045,9.869816,2012
22815,r4i1p1f1,2012,06,19,0.0,31.636803,12.310379,2012
22816,r4i1p1f1,2012,06,20,0.0,33.37453,14.87892,2012
22817,r4i1p1f1,2012,06,21,0.0,34.829964,16.466766,2012
22818,r4i1p1f1,2012,06,22,0.0,35.607185,16.75962,2012
22819,r4i1p1f1,2012,06,23,0.03745938798829229,35.501457,17.474281,2012
22820,r4i1p1f1,2012,06,24,1.4638229148204118,34.788372,16.659874,2012
22821,r4i1p1f1,2012,06,25,0.914246630281923,32.503464,14.896827,2012
22822,r4i1p1f1,2012,06,26,0.022022693642043123,30.15861,13.411907,2012
22823,r4i1p1f1,2012,06,27,0.008923115456127562,27.795782,11.942562,2012
22824,r4i1p1f1,2012,06,28,2.0722577021388133,27.061546,10.250578,2012
22825,r4i1p1f1,2012,06,29,0.8147910281877557,27.903387,11.068658,2012
22826,r4i1p1f1,2012,06,30,0.0,30.118979,13.1692095,2012
22827,r4i1p1f1,2012,07,01,0.0,31.306725,13.470662,2012
22828,r4i1p1f1,2012,07,02,0.0,32.508484,13.337376,2012
22829,r4i1p1f1,2012,07,03,0.0,33.39596,14.37376,2012
22830,r4i1p1f1,2012,07,04,0.0,35.747917,15.81463,2012
22831,r4i1p1f1,2012,07,05,0.0,35.140526,16.466866,2012
22832,r4i1p1f1,2012,07,06,0.0,31.094522,13.23534,2012
22833,r4i1p1f1,2012,07,07,0.0,26.4724,9.644444,2012
22834,r4i1p1f1,2012,07,08,0.0,24.2891,8.191418,2012
22835,r4i1p1f1,2012,07,09,0.0,28.119562,9.316502,2012
22836,r4i1p1f1,2012,07,10,0.0,32.7677,11.980822,2012
22837,r4i1p1f1,2012,07,11,0.0,33.162205,14.483751,2012
22838,r4i1p1f1,2012,07,12,0.0,33.747967,15.714696,2012
22839,r4i1p1f1,2012,07,13,0.3159871371281042,33.842327,15.8097315,2012
22840,r4i1p1f1,2012,07,14,0.0,33.628056,15.967747,2012
22841,r4i1p1f1,2012,07,15,0.21643590732765006,35.27771,17.035103,2012
22842,r4i1p1f1,2012,07,16,2.7502529978505663,33.827866,16.315722,2012
22843,r4i1p1f1,2012,07,17,0.0,33.32624,16.06985,2012
22844,r4i1p1f1,2012,07,18,0.0,32.662933,15.712816,2012
22845,r4i1p1f1,2012,07,19,0.0,32.184414,14.379654,2012
22846,r4i1p1f1,2012,07,20,0.6170130210534808,31.914333,15.425376,2012
22847,r4i1p1f1,2012,07,21,0.3254581925432376,32.266834,14.68397,2012
22848,r4i1p1f1,2012,07,22,0.1970738663011673,32.47668,15.190333,2012
22849,r4i1p1f1,2012,07,23,0.13651864464918617,34.649,16.392525,2012
22850,r4i1p1f1,2012,07,24,0.0,35.121937,16.557436,2012
22851,r4i1p1f1,2012,07,25,0.0,35.67539,18.501602,2012
22852,r4i1p1f1,2012,07,26,0.0,35.99732,18.86054,2012
22853,r4i1p1f1,2012,07,27,0.0,33.883667,16.94776,2012
22854,r4i1p1f1,2012,07,28,0.0,32.394184,14.562156,2012
22855,r4i1p1f1,2012,07,29,0.0,31.112606,11.912566,2012
22856,r4i1p1f1,2012,07,30,0.0,29.581078,11.259748,2012
22857,r4i1p1f1,2012,07,31,0.0,31.100468,12.793995,2012
22858,r4i1p1f1,2012,08,01,0.0,32.14509,13.175339,2012
22859,r4i1p1f1,2012,08,02,0.00838566752463521,32.36827,13.900875,2012
22860,r4i1p1f1,2012,08,03,0.009272311081076623,31.926596,13.963408,2012
22861,r4i1p1f1,2012,08,04,0.0,33.197453,14.9089775,2012
22862,r4i1p1f1,2012,08,05,0.0,33.22348,14.172719,2012
22863,r4i1p1f1,2012,08,06,0.0,32.119663,13.042748,2012
22864,r4i1p1f1,2012,08,07,0.0,35.27044,15.147984,2012
22865,r4i1p1f1,2012,08,08,0.0,36.029144,17.821852,2012
22866,r4i1p1f1,2012,08,09,0.0,35.331673,16.326534,2012
22867,r4i1p1f1,2012,08,10,0.0,34.17557,14.220836,2012
22868,r4i1p1f1,2012,08,11,0.0,35.60481,15.928168,2012
22869,r4i1p1f1,2012,08,12,0.0,37.043655,17.259996,2012
22870,r4i1p1f1,2012,08,13,0.0,38.076504,18.817545,2012
22871,r4i1p1f1,2012,08,14,0.0,38.052097,17.565126,2012
22872,r4i1p1f1,2012,08,15,0.025141952890805896,36.93947,19.334845,2012
22873,r4i1p1f1,2012,08,16,0.0399272091271996,34.564915,17.35782,2012
22874,r4i1p1f1,2012,08,17,0.0027436843367922847,31.73938,13.082307,2012
22875,r4i1p1f1,2012,08,18,0.0,29.762688,11.150586,2012
22876,r4i1p1f1,2012,08,19,0.0,27.481724,8.946121,2012
22877,r4i1p1f1,2012,08,20,0.0,26.475761,7.593639,2012
22878,r4i1p1f1,2012,08,21,0.0,28.53148,9.549672,2012
22879,r4i1p1f1,2012,08,22,0.0,31.849606,12.898163,2012
22880,r4i1p1f1,2012,08,23,0.0,35.44245,15.515263,2012
22881,r4i1p1f1,2012,08,24,0.0,37.6365,16.633331,2012
22882,r4i1p1f1,2012,08,25,0.0,36.70394,16.330145,2012
22883,r4i1p1f1,2012,08,26,0.0,35.594795,15.025216,2012
22884,r4i1p1f1,2012,08,27,0.0,34.449226,13.447292,2012
22885,r4i1p1f1,2012,08,28,0.0,33.71481,12.449787,2012
22886,r4i1p1f1,2012,08,29,0.0,32.525124,11.898981,2012
22887,r4i1p1f1,2012,08,30,0.0,29.068563,8.959831,2012
22888,r4i1p1f1,2012,08,31,0.0,24.98383,6.375548,2012
22889,r4i1p1f1,2012,09,01,0.0,25.999216,10.049369,2012
22890,r4i1p1f1,2012,09,02,0.0,30.710188,12.971287,2012
22891,r4i1p1f1,2012,09,03,0.0,36.596107,15.669569,2012
22892,r4i1p1f1,2012,09,04,0.0,37.796814,17.998161,2012
22893,r4i1p1f1,2012,09,05,0.0,37.005985,18.124887,2012
22894,r4i1p1f1,2012,09,06,0.0,35.044376,17.223595,2012
22895,r4i1p1f1,2012,09,07,0.0,35.450623,16.057426,2012
22896,r4i1p1f1,2012,09,08,0.0,36.66899,16.553148,2012
22897,r4i1p1f1,2012,09,09,0.0,36.630997,17.347464,2012
22898,r4i1p1f1,2012,09,10,0.0,35.272636,16.826971,2012
22899,r4i1p1f1,2012,09,11,0.0,37.29265,18.38901,2012
22900,r4i1p1f1,2012,09,12,0.0,37.388,18.454683,2012
22901,r4i1p1f1,2012,09,13,0.0,37.344357,18.762844,2012
22902,r4i1p1f1,2012,09,14,0.0,37.196682,18.86045,2012
22903,r4i1p1f1,2012,09,15,0.0,35.005047,15.938622,2012
22904,r4i1p1f1,2012,09,16,0.0,32.23487,14.681103,2012
22905,r4i1p1f1,2012,09,17,0.0,31.285719,13.75097,2012
22906,r4i1p1f1,2012,09,18,0.0,27.125546,9.71339,2012
22907,r4i1p1f1,2012,09,19,0.0,26.796139,9.233273,2012
22908,r4i1p1f1,2012,09,20,0.0,27.806915,9.315556,2012
22909,r4i1p1f1,2012,09,21,0.0,27.212568,9.362169,2012
22910,r4i1p1f1,2012,09,22,0.0,28.446625,10.289135,2012
22911,r4i1p1f1,2012,09,23,0.0,30.85621,11.599108,2012
22912,r4i1p1f1,2012,09,24,0.0,31.694332,12.426086,2012
22913,r4i1p1f1,2012,09,25,0.0,32.049725,12.655262,2012
22914,r4i1p1f1,2012,09,26,0.0,30.046051,12.055192,2012
22915,r4i1p1f1,2012,09,27,0.0,25.998922,9.433008,2012
22916,r4i1p1f1,2012,09,28,0.0,24.445372,9.827129,2012
22917,r4i1p1f1,2012,09,29,0.0,25.083967,8.365786,2012
22918,r4i1p1f1,2012,09,30,0.0,27.537031,9.988131,2012
22919,r4i1p1f1,2012,10,01,0.0,27.85502,9.53884,2012
22920,r4i1p1f1,2012,10,02,0.0,29.944973,11.63171,2012
22921,r4i1p1f1,2012,10,03,0.0,29.580523,10.751204,2012
22922,r4i1p1f1,2012,10,04,0.0,27.682777,9.380951,2012
22923,r4i1p1f1,2012,10,05,4.703249182284708,14.426319,1.8842943,2012
22924,r4i1p1f1,2012,10,06,1.4945979345498017,12.542426,0.41163963,2012
22925,r4i1p1f1,2012,10,07,0.0,15.44919,-1.100102,2012
22926,r4i1p1f1,2012,10,08,0.0,20.533546,1.1238897,2012
22927,r4i1p1f1,2012,10,09,0.0,22.588743,6.249361,2012
22928,r4i1p1f1,2012,10,10,0.26878747360115085,19.994534,4.0135665,2012
22929,r4i1p1f1,2012,10,11,3.9112273253920193,12.628392,0.65899324,2012
22930,r4i1p1f1,2012,10,12,11.328694465487388,12.274969,3.7450795,2012
22931,r4i1p1f1,2012,10,13,0.2636285671769656,14.464693,3.1883454,2012
22932,r4i1p1f1,2012,10,14,0.21661761096538612,16.09842,1.2247822,2012
22933,r4i1p1f1,2012,10,15,0.0,17.897179,2.3694394,2012
22934,r4i1p1f1,2012,10,16,0.0,17.73714,4.4129367,2012
22935,r4i1p1f1,2012,10,17,0.016187191226890718,18.29938,4.0174403,2012
22936,r4i1p1f1,2012,10,18,0.0,18.062298,5.316203,2012
22937,r4i1p1f1,2012,10,19,0.0,19.393867,5.734284,2012
22938,r4i1p1f1,2012,10,20,0.0,24.160973,8.458771,2012
22939,r4i1p1f1,2012,10,21,0.0,25.73277,10.500865,2012
22940,r4i1p1f1,2012,10,22,0.0,26.259438,9.612302,2012
22941,r4i1p1f1,2012,10,23,0.0,26.483465,9.987301,2012
22942,r4i1p1f1,2012,10,24,0.0,27.319693,9.632878,2012
22943,r4i1p1f1,2012,10,25,0.0,23.622522,9.34377,2012
22944,r4i1p1f1,2012,10,26,0.0,19.670284,8.045051,2012
22945,r4i1p1f1,2012,10,27,0.0,20.96685,6.9495707,2012
22946,r4i1p1f1,2012,10,28,0.0,21.722406,6.1652493,2012
22947,r4i1p1f1,2012,10,29,0.0,22.832262,7.442954,2012
22948,r4i1p1f1,2012,10,30,0.0,21.877281,7.926661,2012
22949,r4i1p1f1,2012,10,31,0.0,20.473257,4.185037,2012
22950,r4i1p1f1,2012,11,01,0.0,22.349186,6.433404,2012
22951,r4i1p1f1,2012,11,02,0.0,24.043278,8.353991,2012
22952,r4i1p1f1,2012,11,03,0.0,22.730202,9.133013,2012
22953,r4i1p1f1,2012,11,04,0.0,21.830149,7.3303323,2012
22954,r4i1p1f1,2012,11,05,0.11075612583226757,23.072443,11.661806,2012
22955,r4i1p1f1,2012,11,06,0.004958593126502819,19.836163,9.901354,2012
22956,r4i1p1f1,2012,11,07,0.0,18.933784,4.437938,2012
22957,r4i1p1f1,2012,11,08,0.0,15.982036,1.4332079,2012
22958,r4i1p1f1,2012,11,09,0.0,12.295467,-2.569159,2012
22959,r4i1p1f1,2012,11,10,0.0,11.070895,-2.259288,2012
22960,r4i1p1f1,2012,11,11,19.148896799742943,11.262604,1.9497108,2012
22961,r4i1p1f1,2012,11,12,48.02650296333013,11.722198,6.4825306,2012
22962,r4i1p1f1,2012,11,13,18.551939296503406,10.498855,2.676128,2012
22963,r4i1p1f1,2012,11,14,0.0,12.841525,0.9849435,2012
22964,r4i1p1f1,2012,11,15,0.0,14.294427,1.3128009,2012
22965,r4i1p1f1,2012,11,16,7.404451786487698,14.581853,3.5260906,2012
22966,r4i1p1f1,2012,11,17,0.47487671694455,9.9604,-0.5436785,2012
22967,r4i1p1f1,2012,11,18,0.0,8.627827,-2.0787342,2012
22968,r4i1p1f1,2012,11,19,0.0,9.141582,-2.6112454,2012
22969,r4i1p1f1,2012,11,20,0.0,10.716147,1.750462,2012
22970,r4i1p1f1,2012,11,21,0.0,11.181687,0.6795175,2012
22971,r4i1p1f1,2012,11,22,0.02450899100949755,13.87193,1.1458361,2012
22972,r4i1p1f1,2012,11,23,0.0,14.408513,2.260972,2012
22973,r4i1p1f1,2012,11,24,5.127701335453594,11.912599,2.412525,2012
22974,r4i1p1f1,2012,11,25,0.005356735611883323,14.316814,3.7191916,2012
22975,r4i1p1f1,2012,11,26,0.0,13.502864,0.77739906,2012
22976,r4i1p1f1,2012,11,27,9.570725034814132,12.567509,2.4405956,2012
22977,r4i1p1f1,2012,11,28,4.960355676655581,11.220478,4.766503,2012
22978,r4i1p1f1,2012,11,29,0.40122165919456165,12.38571,-0.30181053,2012
22979,r4i1p1f1,2012,11,30,7.159714735757916,10.937175,-1.5053449,2012
22980,r4i1p1f1,2012,12,01,24.372962921188446,10.060671,3.7751513,2012
22981,r4i1p1f1,2012,12,02,0.24977538032544544,11.361056,5.059002,2012
22982,r4i1p1f1,2012,12,03,0.0,12.921267,6.05844,2012
22983,r4i1p1f1,2012,12,04,0.0,13.958566,2.526366,2012
22984,r4i1p1f1,2012,12,05,0.0,13.596624,2.766736,2012
22985,r4i1p1f1,2012,12,06,0.0723100025425083,13.184814,3.587802,2012
22986,r4i1p1f1,2012,12,07,0.0,13.69737,2.7311258,2012
22987,r4i1p1f1,2012,12,08,0.0,14.352958,3.270015,2012
22988,r4i1p1f1,2012,12,09,0.0,14.226467,3.7043054,2012
22989,r4i1p1f1,2012,12,10,0.0,13.983298,5.0976977,2012
22990,r4i1p1f1,2012,12,11,1.519304909481889,12.894957,2.9306045,2012
22991,r4i1p1f1,2012,12,12,0.0,10.193931,-0.17241324,2012
22992,r4i1p1f1,2012,12,13,0.0,8.04945,-3.6601393,2012
22993,r4i1p1f1,2012,12,14,5.49079227994298,7.4823914,0.5673406,2012
22994,r4i1p1f1,2012,12,15,18.73466082415689,8.474499,1.9079672,2012
22995,r4i1p1f1,2012,12,16,2.6886771924637287,6.0105276,-2.6704226,2012
22996,r4i1p1f1,2012,12,17,0.8243263404438039,3.0275407,-5.6830425,2012
22997,r4i1p1f1,2012,12,18,0.0,3.453933,-6.7571206,2012
22998,r4i1p1f1,2012,12,19,0.09757156760201724,2.68823,-5.9896502,2012
22999,r4i1p1f1,2012,12,20,0.0,1.444365,-7.9675174,2012
23000,r4i1p1f1,2012,12,21,0.0,2.9413507,-6.870394,2012
23001,r4i1p1f1,2012,12,22,0.0,3.072329,-6.561387,2012
23002,r4i1p1f1,2012,12,23,1.2769851353368722,4.189369,-5.0747085,2012
23003,r4i1p1f1,2012,12,24,0.0,4.7339406,-6.4207172,2012
23004,r4i1p1f1,2012,12,25,30.857332872255938,3.912633,-0.48822007,2012
23005,r4i1p1f1,2012,12,26,11.780691272360855,4.6953154,-0.48392254,2012
23006,r4i1p1f1,2012,12,27,0.10659224028017888,4.08553,-2.2747774,2012
23007,r4i1p1f1,2012,12,28,0.04718260933316287,4.3115253,-8.247779,2012
23008,r4i1p1f1,2012,12,29,0.0,2.5774965,-9.032583,2012
23009,r4i1p1f1,2012,12,30,0.0,2.7835245,-7.524871,2012
23010,r4i1p1f1,2012,12,31,0.0,3.7470317,-6.032914,2012
23011,r4i1p1f1,2013,01,01,0.0,4.2412257,-5.6983924,2013
23012,r4i1p1f1,2013,01,02,9.564163355162236,5.512663,-7.442168,2013
23013,r4i1p1f1,2013,01,03,4.587391822747122,9.404021,2.0205,2013
23014,r4i1p1f1,2013,01,04,27.86283582107103,12.027498,5.5564375,2013
23015,r4i1p1f1,2013,01,05,33.577128780780185,13.230732,3.0104349,2013
23016,r4i1p1f1,2013,01,06,0.0,8.919038,-3.1164565,2013
23017,r4i1p1f1,2013,01,07,0.0,7.6627536,-3.2371683,2013
23018,r4i1p1f1,2013,01,08,0.0,7.793831,-4.403974,2013
23019,r4i1p1f1,2013,01,09,12.44942588309641,6.516546,-1.5676999,2013
23020,r4i1p1f1,2013,01,10,2.8982575157442625,7.233324,2.035915,2013
23021,r4i1p1f1,2013,01,11,0.0,10.369404,-2.687827,2013
23022,r4i1p1f1,2013,01,12,0.0,10.756575,0.48637602,2013
23023,r4i1p1f1,2013,01,13,0.0,10.453382,1.0537567,2013
23024,r4i1p1f1,2013,01,14,0.0,12.183267,1.1977038,2013
23025,r4i1p1f1,2013,01,15,0.0,11.239314,0.29480854,2013
23026,r4i1p1f1,2013,01,16,0.0,10.684456,0.8582894,2013
23027,r4i1p1f1,2013,01,17,0.0,9.700932,-1.7301952,2013
23028,r4i1p1f1,2013,01,18,10.02985654662325,5.692461,1.1401404,2013
23029,r4i1p1f1,2013,01,19,3.037721832021134,4.3162208,-1.582644,2013
23030,r4i1p1f1,2013,01,20,8.480896778655733,6.836332,-1.5751542,2013
23031,r4i1p1f1,2013,01,21,0.0,9.344784,-2.0381472,2013
23032,r4i1p1f1,2013,01,22,8.947769573160258,10.403713,2.489215,2013
23033,r4i1p1f1,2013,01,23,15.633201387117879,11.519326,3.5698233,2013
23034,r4i1p1f1,2013,01,24,44.52536035751109,12.6167345,4.8772087,2013
23035,r4i1p1f1,2013,01,25,56.88865808406263,12.880726,4.5417995,2013
23036,r4i1p1f1,2013,01,26,76.38395010562817,12.379432,3.792653,2013
23037,r4i1p1f1,2013,01,27,0.1872689724166321,10.162452,-1.2987993,2013
23038,r4i1p1f1,2013,01,28,0.0,10.94396,-0.37827668,2013
23039,r4i1p1f1,2013,01,29,0.0,11.701171,1.4635422,2013
23040,r4i1p1f1,2013,01,30,0.0,13.249792,4.888541,2013
23041,r4i1p1f1,2013,01,31,26.37593436957104,11.991093,3.4081335,2013
23042,r4i1p1f1,2013,02,01,31.0921665513888,9.53224,3.658204,2013
23043,r4i1p1f1,2013,02,02,30.925404346635332,11.468571,3.1019351,2013
23044,r4i1p1f1,2013,02,03,19.11495652020676,13.112651,3.222899,2013
23045,r4i1p1f1,2013,02,04,0.14283969908319705,13.713834,4.2661448,2013
23046,r4i1p1f1,2013,02,05,0.29747476904162795,13.074092,5.5678387,2013
23047,r4i1p1f1,2013,02,06,0.0,15.133282,0.09275929,2013
23048,r4i1p1f1,2013,02,07,0.0,10.814668,-2.6425416,2013
23049,r4i1p1f1,2013,02,08,39.55252901214408,6.428018,-2.3895566,2013
23050,r4i1p1f1,2013,02,09,30.178630302543752,6.738194,-2.3311532,2013
23051,r4i1p1f1,2013,02,10,0.11950967029008552,4.3893695,-8.106091,2013
23052,r4i1p1f1,2013,02,11,0.433307503362812,3.596728,-4.6839542,2013
23053,r4i1p1f1,2013,02,12,0.0904755806573121,9.092142,-5.415659,2013
23054,r4i1p1f1,2013,02,13,0.0,10.75463,-2.2887423,2013
23055,r4i1p1f1,2013,02,14,52.671725248364965,11.865567,1.4061627,2013
23056,r4i1p1f1,2013,02,15,20.296802197162833,11.528559,0.24723588,2013
23057,r4i1p1f1,2013,02,16,0.2655648106838271,10.43199,-2.0524616,2013
23058,r4i1p1f1,2013,02,17,0.0,10.5048485,-1.3825586,2013
23059,r4i1p1f1,2013,02,18,0.06210599483438273,8.561057,1.0523347,2013
23060,r4i1p1f1,2013,02,19,0.3427097777318977,6.8062673,-3.9460957,2013
23061,r4i1p1f1,2013,02,20,2.3574246645356567,4.82249,-6.37392,2013
23062,r4i1p1f1,2013,02,21,18.02579914801754,6.127915,-2.9678464,2013
23063,r4i1p1f1,2013,02,22,2.833978882699739,5.64974,-4.6955314,2013
23064,r4i1p1f1,2013,02,23,8.040605063206385,6.4754496,1.7664664,2013
23065,r4i1p1f1,2013,02,24,20.143716546954238,8.108558,1.2995766,2013
23066,r4i1p1f1,2013,02,25,0.831919486336119,8.655819,2.0819685,2013
23067,r4i1p1f1,2013,02,26,0.0,8.793984,3.4619684,2013
23068,r4i1p1f1,2013,02,27,0.0,8.545786,3.21768,2013
23069,r4i1p1f1,2013,02,28,0.020077300018783717,11.636899,-0.18637927,2013
23070,r4i1p1f1,2013,03,01,0.0,15.290534,-0.21307983,2013
23071,r4i1p1f1,2013,03,02,0.0,15.855935,3.587932,2013
23072,r4i1p1f1,2013,03,03,0.0,15.93314,3.396884,2013
23073,r4i1p1f1,2013,03,04,0.0,17.499668,2.6978807,2013
23074,r4i1p1f1,2013,03,05,0.0,18.417515,3.670252,2013
23075,r4i1p1f1,2013,03,06,0.0,18.742857,5.6178675,2013
23076,r4i1p1f1,2013,03,07,0.0,19.112267,6.1452475,2013
23077,r4i1p1f1,2013,03,08,0.9874741171103096,17.805504,4.5470405,2013
23078,r4i1p1f1,2013,03,09,11.390902919026757,12.464534,6.52714,2013
23079,r4i1p1f1,2013,03,10,35.60382311879948,12.230196,0.19729853,2013
23080,r4i1p1f1,2013,03,11,3.2318332708712205,8.068215,-2.022816,2013
23081,r4i1p1f1,2013,03,12,0.0,10.586705,0.63438356,2013
23082,r4i1p1f1,2013,03,13,17.462927322230826,13.362244,3.0868196,2013
23083,r4i1p1f1,2013,03,14,30.095719979090063,13.935425,0.6518461,2013
23084,r4i1p1f1,2013,03,15,15.098125991013944,7.52963,-7.760359,2013
23085,r4i1p1f1,2013,03,16,17.911928413923306,3.618994,-9.060501,2013
23086,r4i1p1f1,2013,03,17,3.878870422741443,6.3924527,-8.751518,2013
23087,r4i1p1f1,2013,03,18,32.91527151995979,11.000041,2.5034163,2013
23088,r4i1p1f1,2013,03,19,15.430429278058,11.028833,2.6047862,2013
23089,r4i1p1f1,2013,03,20,2.210297317648724,9.964922,1.9628034,2013
23090,r4i1p1f1,2013,03,21,2.012020966300554,13.110026,1.3835016,2013
23091,r4i1p1f1,2013,03,22,5.080164271112153,9.262268,0.6778812,2013
23092,r4i1p1f1,2013,03,23,2.8413359558669526,11.640271,-2.023455,2013
23093,r4i1p1f1,2013,03,24,8.73256821778341,10.985884,1.2967961,2013
23094,r4i1p1f1,2013,03,25,1.929014258060846,11.823198,2.607491,2013
23095,r4i1p1f1,2013,03,26,0.2839436763110825,11.775856,5.7556186,2013
23096,r4i1p1f1,2013,03,27,5.2014553592016455,9.211217,5.200506,2013
23097,r4i1p1f1,2013,03,28,0.127883310000243,17.544044,2.060124,2013
23098,r4i1p1f1,2013,03,29,0.0,20.595345,4.0740857,2013
23099,r4i1p1f1,2013,03,30,0.0,20.827337,5.9512534,2013
23100,r4i1p1f1,2013,03,31,0.0,22.148228,6.4865975,2013
23101,r4i1p1f1,2013,04,01,0.0,22.097176,7.4565997,2013
23102,r4i1p1f1,2013,04,02,0.0,22.066,6.249147,2013
23103,r4i1p1f1,2013,04,03,0.0,21.407934,6.3988333,2013
23104,r4i1p1f1,2013,04,04,4.293726685492061,16.131765,1.590713,2013
23105,r4i1p1f1,2013,04,05,2.163495992533626,15.488344,3.6270244,2013
23106,r4i1p1f1,2013,04,06,0.0,16.51098,3.7360818,2013
23107,r4i1p1f1,2013,04,07,0.12032248472451101,12.551599,-1.7576995,2013
23108,r4i1p1f1,2013,04,08,13.025947344613087,6.7610955,-0.13476747,2013
23109,r4i1p1f1,2013,04,09,0.0,12.283256,0.86678326,2013
23110,r4i1p1f1,2013,04,10,0.0,12.636661,0.40783823,2013
23111,r4i1p1f1,2013,04,11,0.0,11.242594,0.6430944,2013
23112,r4i1p1f1,2013,04,12,17.843750595784513,9.015623,1.8442754,2013
23113,r4i1p1f1,2013,04,13,14.239416348353018,9.696468,0.54998124,2013
23114,r4i1p1f1,2013,04,14,3.4122144584557645,8.691769,-6.173076,2013
23115,r4i1p1f1,2013,04,15,0.0,10.862377,-3.7152872,2013
23116,r4i1p1f1,2013,04,16,0.0,13.99697,0.9745848,2013
23117,r4i1p1f1,2013,04,17,0.0,23.297777,3.9635332,2013
23118,r4i1p1f1,2013,04,18,0.0,25.71728,7.236189,2013
23119,r4i1p1f1,2013,04,19,0.0,24.774797,8.76526,2013
23120,r4i1p1f1,2013,04,20,0.0,22.829813,7.5029593,2013
23121,r4i1p1f1,2013,04,21,0.0,20.207294,5.7611423,2013
23122,r4i1p1f1,2013,04,22,0.08858476480781974,14.767441,5.5173745,2013
23123,r4i1p1f1,2013,04,23,0.0,19.416168,4.2417912,2013
23124,r4i1p1f1,2013,04,24,0.0,20.43528,2.701339,2013
23125,r4i1p1f1,2013,04,25,0.036862995489173045,18.451164,3.6093843,2013
23126,r4i1p1f1,2013,04,26,49.57750481553376,14.324624,2.8383367,2013
23127,r4i1p1f1,2013,04,27,12.972178045311011,14.362512,-0.8976896,2013
23128,r4i1p1f1,2013,04,28,9.789272744910704,14.284718,3.9643838,2013
23129,r4i1p1f1,2013,04,29,12.995438217330957,15.882002,3.4593344,2013
23130,r4i1p1f1,2013,04,30,13.481961616162152,16.03336,5.7727065,2013
23131,r4i1p1f1,2013,05,01,60.38879026455106,16.66314,5.5772095,2013
23132,r4i1p1f1,2013,05,02,17.705024622773635,16.386995,-0.027846707,2013
23133,r4i1p1f1,2013,05,03,1.2425531521500943,14.739329,3.1320472,2013
23134,r4i1p1f1,2013,05,04,0.12153528335829833,14.14806,6.5944695,2013
23135,r4i1p1f1,2013,05,05,0.5511633108994829,17.155758,2.2730463,2013
23136,r4i1p1f1,2013,05,06,0.1404772418027278,17.441036,0.6577445,2013
23137,r4i1p1f1,2013,05,07,0.6440779431159172,15.346785,4.890639,2013
23138,r4i1p1f1,2013,05,08,0.10662146004278839,15.141728,7.1557302,2013
23139,r4i1p1f1,2013,05,09,0.004445666559149686,16.549574,3.9003325,2013
23140,r4i1p1f1,2013,05,10,0.0,21.306696,2.9348874,2013
23141,r4i1p1f1,2013,05,11,0.0,23.659748,6.1139083,2013
23142,r4i1p1f1,2013,05,12,0.0,25.346157,8.013812,2013
23143,r4i1p1f1,2013,05,13,0.0,28.122942,10.592755,2013
23144,r4i1p1f1,2013,05,14,0.0,27.872677,11.3568535,2013
23145,r4i1p1f1,2013,05,15,0.0,28.355217,12.437718,2013
23146,r4i1p1f1,2013,05,16,0.0,30.324806,13.792192,2013
23147,r4i1p1f1,2013,05,17,0.0,31.580889,14.22585,2013
23148,r4i1p1f1,2013,05,18,0.0,30.641764,13.080014,2013
23149,r4i1p1f1,2013,05,19,0.0,28.772108,12.249681,2013
23150,r4i1p1f1,2013,05,20,0.10106473204132271,25.352003,9.030506,2013
23151,r4i1p1f1,2013,05,21,0.015562811677227728,25.185053,8.543366,2013
23152,r4i1p1f1,2013,05,22,0.0,23.978336,9.44567,2013
23153,r4i1p1f1,2013,05,23,0.0,25.94359,8.571059,2013
23154,r4i1p1f1,2013,05,24,0.0,28.276678,9.919092,2013
23155,r4i1p1f1,2013,05,25,0.0,29.02964,12.747043,2013
23156,r4i1p1f1,2013,05,26,0.0,28.83744,12.410062,2013
23157,r4i1p1f1,2013,05,27,0.0,27.054222,10.666248,2013
23158,r4i1p1f1,2013,05,28,0.0,27.07881,11.508464,2013
23159,r4i1p1f1,2013,05,29,0.0,28.670301,12.213947,2013
23160,r4i1p1f1,2013,05,30,0.0,30.769545,11.692544,2013
23161,r4i1p1f1,2013,05,31,0.0,30.116272,11.28853,2013
23162,r4i1p1f1,2013,06,01,2.7346089653065064,24.767569,7.819916,2013
23163,r4i1p1f1,2013,06,02,3.374884132540501,16.312307,2.4447796,2013
23164,r4i1p1f1,2013,06,03,0.14461627524724463,22.126848,4.187437,2013
23165,r4i1p1f1,2013,06,04,0.20583725672622677,21.003473,4.864763,2013
23166,r4i1p1f1,2013,06,05,1.2390227672312903,18.24274,8.222484,2013
23167,r4i1p1f1,2013,06,06,0.0018572352701085038,20.798925,4.689309,2013
23168,r4i1p1f1,2013,06,07,0.0,29.669743,9.703736,2013
23169,r4i1p1f1,2013,06,08,0.0,32.75322,13.58405,2013
23170,r4i1p1f1,2013,06,09,0.0,33.85376,15.887275,2013
23171,r4i1p1f1,2013,06,10,0.0,34.17277,16.169985,2013
23172,r4i1p1f1,2013,06,11,0.0,36.65279,17.558413,2013
23173,r4i1p1f1,2013,06,12,0.0,38.297512,18.860653,2013
23174,r4i1p1f1,2013,06,13,0.0,37.390923,18.17411,2013
23175,r4i1p1f1,2013,06,14,0.0,35.355312,16.278399,2013
23176,r4i1p1f1,2013,06,15,0.0,36.32217,17.235897,2013
23177,r4i1p1f1,2013,06,16,0.0,36.744427,17.916012,2013
23178,r4i1p1f1,2013,06,17,0.0,36.324493,17.708815,2013
23179,r4i1p1f1,2013,06,18,0.0,34.728573,15.476644,2013
23180,r4i1p1f1,2013,06,19,0.0,31.898207,13.30969,2013
23181,r4i1p1f1,2013,06,20,0.0,30.064047,11.636688,2013
23182,r4i1p1f1,2013,06,21,0.0,27.864101,9.24002,2013
23183,r4i1p1f1,2013,06,22,0.0,28.124422,8.96138,2013
23184,r4i1p1f1,2013,06,23,0.0,28.665487,9.6785555,2013
23185,r4i1p1f1,2013,06,24,0.0,29.077965,10.680393,2013
23186,r4i1p1f1,2013,06,25,0.0,32.008987,13.063451,2013
23187,r4i1p1f1,2013,06,26,0.0,38.840836,19.124704,2013
23188,r4i1p1f1,2013,06,27,0.0,40.277084,20.424366,2013
23189,r4i1p1f1,2013,06,28,0.5052904066872088,39.268913,19.79726,2013
23190,r4i1p1f1,2013,06,29,0.3556916970410384,33.424767,16.019733,2013
23191,r4i1p1f1,2013,06,30,0.0,32.139366,15.378658,2013
23192,r4i1p1f1,2013,07,01,0.008764567883190466,29.97126,13.693481,2013
23193,r4i1p1f1,2013,07,02,0.9411649012690759,30.149391,13.989852,2013
23194,r4i1p1f1,2013,07,03,0.9598889777407749,31.953373,14.150363,2013
23195,r4i1p1f1,2013,07,04,0.7870828375871497,32.2017,15.229092,2013
23196,r4i1p1f1,2013,07,05,0.0,28.877604,14.621738,2013
23197,r4i1p1f1,2013,07,06,0.013314719865320512,27.936626,11.030696,2013
23198,r4i1p1f1,2013,07,07,0.0,29.782816,11.664647,2013
23199,r4i1p1f1,2013,07,08,0.0,33.106197,12.287293,2013
23200,r4i1p1f1,2013,07,09,0.0,33.921024,14.567272,2013
23201,r4i1p1f1,2013,07,10,0.0036577367609424982,35.055126,14.448162,2013
23202,r4i1p1f1,2013,07,11,0.0,34.00077,15.25587,2013
23203,r4i1p1f1,2013,07,12,0.011298324375275115,34.06499,14.974043,2013
23204,r4i1p1f1,2013,07,13,0.0030186491130734794,33.77843,16.062113,2013
23205,r4i1p1f1,2013,07,14,0.0,32.32379,14.37891,2013
23206,r4i1p1f1,2013,07,15,0.044796112342737615,29.06581,10.992807,2013
23207,r4i1p1f1,2013,07,16,0.0,24.760836,9.085539,2013
23208,r4i1p1f1,2013,07,17,0.0,28.958445,10.974867,2013
23209,r4i1p1f1,2013,07,18,0.0,33.90318,15.282262,2013
23210,r4i1p1f1,2013,07,19,0.0,33.70726,17.049467,2013
23211,r4i1p1f1,2013,07,20,0.0,33.575024,15.277935,2013
23212,r4i1p1f1,2013,07,21,0.0,35.871574,15.869307,2013
23213,r4i1p1f1,2013,07,22,0.0,37.39391,17.263817,2013
23214,r4i1p1f1,2013,07,23,0.0,37.114548,17.615574,2013
23215,r4i1p1f1,2013,07,24,0.0,35.27077,15.452038,2013
23216,r4i1p1f1,2013,07,25,0.0,32.467625,11.683919,2013
23217,r4i1p1f1,2013,07,26,0.0,30.763845,11.716647,2013
23218,r4i1p1f1,2013,07,27,0.007128167590053636,29.591492,10.559201,2013
23219,r4i1p1f1,2013,07,28,0.0,29.8414,10.429842,2013
23220,r4i1p1f1,2013,07,29,0.0,31.93162,12.049441,2013
23221,r4i1p1f1,2013,07,30,0.0,34.538754,15.248003,2013
23222,r4i1p1f1,2013,07,31,0.0,35.17371,16.09629,2013
23223,r4i1p1f1,2013,08,01,0.0,35.293613,15.562842,2013
23224,r4i1p1f1,2013,08,02,0.0,35.696205,17.584055,2013
23225,r4i1p1f1,2013,08,03,0.0,36.722553,17.976467,2013
23226,r4i1p1f1,2013,08,04,0.0,36.122044,17.581367,2013
23227,r4i1p1f1,2013,08,05,0.0,36.549206,17.846111,2013
23228,r4i1p1f1,2013,08,06,0.0,35.07036,15.783894,2013
23229,r4i1p1f1,2013,08,07,0.0,34.735355,17.165346,2013
23230,r4i1p1f1,2013,08,08,0.0,30.154877,10.154566,2013
23231,r4i1p1f1,2013,08,09,0.0,28.579277,9.717292,2013
23232,r4i1p1f1,2013,08,10,0.0,30.125223,12.218952,2013
23233,r4i1p1f1,2013,08,11,0.0,33.706387,14.344959,2013
23234,r4i1p1f1,2013,08,12,0.0,32.899826,14.78145,2013
23235,r4i1p1f1,2013,08,13,0.0,34.01684,15.036815,2013
23236,r4i1p1f1,2013,08,14,0.0,33.090256,13.933941,2013
23237,r4i1p1f1,2013,08,15,0.0,31.2902,11.819363,2013
23238,r4i1p1f1,2013,08,16,0.0,28.180206,9.165512,2013
23239,r4i1p1f1,2013,08,17,0.0,26.558414,7.9914093,2013
23240,r4i1p1f1,2013,08,18,0.0,27.10485,8.675315,2013
23241,r4i1p1f1,2013,08,19,0.0,27.726046,9.010843,2013
23242,r4i1p1f1,2013,08,20,0.0,28.503092,9.061505,2013
23243,r4i1p1f1,2013,08,21,0.0,30.665632,11.374471,2013
23244,r4i1p1f1,2013,08,22,0.0,32.518154,13.451447,2013
23245,r4i1p1f1,2013,08,23,0.0,33.256363,14.038476,2013
23246,r4i1p1f1,2013,08,24,0.0,34.18502,13.557751,2013
23247,r4i1p1f1,2013,08,25,0.0,33.033474,13.45979,2013
23248,r4i1p1f1,2013,08,26,0.0,31.651115,13.235118,2013
23249,r4i1p1f1,2013,08,27,0.0,32.627365,13.955775,2013
23250,r4i1p1f1,2013,08,28,0.0,35.349373,14.094037,2013
23251,r4i1p1f1,2013,08,29,0.0,36.624718,15.647476,2013
23252,r4i1p1f1,2013,08,30,0.0,35.934036,15.622911,2013
23253,r4i1p1f1,2013,08,31,0.0,32.27681,12.257869,2013
23254,r4i1p1f1,2013,09,01,0.0,26.635399,9.611618,2013
23255,r4i1p1f1,2013,09,02,0.0,32.19517,12.564257,2013
23256,r4i1p1f1,2013,09,03,0.0,33.934963,15.876022,2013
23257,r4i1p1f1,2013,09,04,0.02121709758284851,32.52293,16.47991,2013
23258,r4i1p1f1,2013,09,05,0.539985698583223,31.04031,16.1959,2013
23259,r4i1p1f1,2013,09,06,0.1729892562252644,32.51312,16.416735,2013
23260,r4i1p1f1,2013,09,07,0.0007930781066534109,33.52713,17.086615,2013
23261,r4i1p1f1,2013,09,08,0.0030301178185254685,34.383926,17.61006,2013
23262,r4i1p1f1,2013,09,09,0.0,34.188896,17.448788,2013
23263,r4i1p1f1,2013,09,10,0.0,33.276516,16.51986,2013
23264,r4i1p1f1,2013,09,11,0.0,32.83349,16.199518,2013
23265,r4i1p1f1,2013,09,12,0.0,28.746487,12.301385,2013
23266,r4i1p1f1,2013,09,13,0.0,28.280619,11.28023,2013
23267,r4i1p1f1,2013,09,14,0.0,27.416391,11.181507,2013
23268,r4i1p1f1,2013,09,15,0.0,29.63712,13.790464,2013
23269,r4i1p1f1,2013,09,16,0.0,31.080383,13.60879,2013
23270,r4i1p1f1,2013,09,17,0.0,33.666767,15.639389,2013
23271,r4i1p1f1,2013,09,18,0.0,33.911114,14.78549,2013
23272,r4i1p1f1,2013,09,19,0.0,32.528877,15.501594,2013
23273,r4i1p1f1,2013,09,20,0.0,31.119242,12.916462,2013
23274,r4i1p1f1,2013,09,21,0.0,32.247684,15.352656,2013
23275,r4i1p1f1,2013,09,22,0.0,32.08066,15.3356695,2013
23276,r4i1p1f1,2013,09,23,0.0,29.6205,11.99843,2013
23277,r4i1p1f1,2013,09,24,0.0,27.755836,10.431182,2013
23278,r4i1p1f1,2013,09,25,0.0,25.303217,7.473888,2013
23279,r4i1p1f1,2013,09,26,0.0,26.131487,8.106037,2013
23280,r4i1p1f1,2013,09,27,0.0,25.224272,8.203476,2013
23281,r4i1p1f1,2013,09,28,0.0,26.71005,9.812984,2013
23282,r4i1p1f1,2013,09,29,0.0,27.887688,12.975039,2013
23283,r4i1p1f1,2013,09,30,0.0,31.154537,13.099326,2013
23284,r4i1p1f1,2013,10,01,0.0,33.1663,13.818296,2013
23285,r4i1p1f1,2013,10,02,0.0,32.363007,15.184128,2013
23286,r4i1p1f1,2013,10,03,0.0,30.080784,13.496334,2013
23287,r4i1p1f1,2013,10,04,2.6419834678819143,27.809849,11.586796,2013
23288,r4i1p1f1,2013,10,05,31.878058404981857,17.061283,9.6880245,2013
23289,r4i1p1f1,2013,10,06,13.961571123718386,16.470438,6.6154733,2013
23290,r4i1p1f1,2013,10,07,2.2203282403779667,16.014626,6.924597,2013
23291,r4i1p1f1,2013,10,08,1.9073353882021138,13.645104,3.496724,2013
23292,r4i1p1f1,2013,10,09,0.0671472091198666,18.00094,5.048218,2013
23293,r4i1p1f1,2013,10,10,0.0,22.436148,6.844247,2013
23294,r4i1p1f1,2013,10,11,0.27552071866239203,23.655724,8.152953,2013
23295,r4i1p1f1,2013,10,12,1.28352295142804,25.109564,11.286281,2013
23296,r4i1p1f1,2013,10,13,7.462641970039385,21.430456,7.8700843,2013
23297,r4i1p1f1,2013,10,14,10.972241909166769,20.730642,7.5680017,2013
23298,r4i1p1f1,2013,10,15,1.7482803196259056,21.489456,9.500042,2013
23299,r4i1p1f1,2013,10,16,0.0,22.453787,8.323658,2013
23300,r4i1p1f1,2013,10,17,0.0,24.276756,9.71291,2013
23301,r4i1p1f1,2013,10,18,0.0,25.007866,10.05181,2013
23302,r4i1p1f1,2013,10,19,0.0,24.607273,8.833897,2013
23303,r4i1p1f1,2013,10,20,0.0,25.327103,11.450238,2013
23304,r4i1p1f1,2013,10,21,0.0,25.992529,10.445794,2013
23305,r4i1p1f1,2013,10,22,0.0,28.173857,12.041951,2013
23306,r4i1p1f1,2013,10,23,0.0,29.078918,14.826672,2013
23307,r4i1p1f1,2013,10,24,0.0,28.710867,14.097681,2013
23308,r4i1p1f1,2013,10,25,0.0,29.93987,14.72755,2013
23309,r4i1p1f1,2013,10,26,0.0,29.852488,13.596715,2013
23310,r4i1p1f1,2013,10,27,0.0,28.34916,13.563904,2013
23311,r4i1p1f1,2013,10,28,2.5648160668538367,22.04702,10.392378,2013
23312,r4i1p1f1,2013,10,29,4.988093262852544,15.418003,4.483891,2013
23313,r4i1p1f1,2013,10,30,1.222278698367063,11.694244,2.9996054,2013
23314,r4i1p1f1,2013,10,31,35.8479225760675,11.449506,4.4326525,2013
23315,r4i1p1f1,2013,11,01,56.478382139175665,13.369962,7.0294256,2013
23316,r4i1p1f1,2013,11,02,44.4695660238267,13.691335,0.5179355,2013
23317,r4i1p1f1,2013,11,03,0.9199312985359143,10.7811775,2.0382128,2013
23318,r4i1p1f1,2013,11,04,0.0,12.544187,-0.06571531,2013
23319,r4i1p1f1,2013,11,05,0.0,13.030629,1.7222593,2013
23320,r4i1p1f1,2013,11,06,0.0,15.045903,4.326849,2013
23321,r4i1p1f1,2013,11,07,6.335687473460894,14.312792,4.349163,2013
23322,r4i1p1f1,2013,11,08,25.932820922025712,11.393546,2.6057794,2013
23323,r4i1p1f1,2013,11,09,0.15058305029356234,10.847134,1.9681954,2013
23324,r4i1p1f1,2013,11,10,0.004182137081443216,10.57703,1.8664674,2013
23325,r4i1p1f1,2013,11,11,0.9175453211128115,9.302038,2.0861778,2013
23326,r4i1p1f1,2013,11,12,42.330773636786034,7.507937,1.461947,2013
23327,r4i1p1f1,2013,11,13,19.81141959076922,7.0046573,0.8786733,2013
23328,r4i1p1f1,2013,11,14,0.46045048270002553,8.481035,0.17059459,2013
23329,r4i1p1f1,2013,11,15,0.0,8.565057,-3.5656362,2013
23330,r4i1p1f1,2013,11,16,0.0,8.144036,-1.5070715,2013
23331,r4i1p1f1,2013,11,17,0.014744606585281872,9.805851,2.3462305,2013
23332,r4i1p1f1,2013,11,18,0.0,13.453805,0.47313893,2013
23333,r4i1p1f1,2013,11,19,0.0,13.661961,1.4992701,2013
23334,r4i1p1f1,2013,11,20,4.931392484900243,13.694853,2.3365898,2013
23335,r4i1p1f1,2013,11,21,0.2908201926317133,10.909875,-0.8995387,2013
23336,r4i1p1f1,2013,11,22,26.235908709350042,9.889162,3.0412188,2013
23337,r4i1p1f1,2013,11,23,45.97286427451763,9.643495,1.9690859,2013
23338,r4i1p1f1,2013,11,24,0.0,7.56678,-2.3562028,2013
23339,r4i1p1f1,2013,11,25,0.0,6.0190034,-6.1475163,2013
23340,r4i1p1f1,2013,11,26,0.0,6.920336,-5.5126123,2013
23341,r4i1p1f1,2013,11,27,0.20295311195468457,6.3044114,0.22204405,2013
23342,r4i1p1f1,2013,11,28,18.786984569305787,6.308544,-0.63283664,2013
23343,r4i1p1f1,2013,11,29,4.762934234065597,7.12466,-2.113429,2013
23344,r4i1p1f1,2013,11,30,1.9553242142137606,6.608623,-3.5001934,2013
23345,r4i1p1f1,2013,12,01,35.9059713433453,5.1828327,0.44503063,2013
23346,r4i1p1f1,2013,12,02,2.9405506946595494,6.654182,0.8402803,2013
23347,r4i1p1f1,2013,12,03,0.0,6.9662814,-5.36709,2013
23348,r4i1p1f1,2013,12,04,8.581981356974211,8.284758,0.94606507,2013
23349,r4i1p1f1,2013,12,05,2.7351955021117647,9.278569,2.874017,2013
23350,r4i1p1f1,2013,12,06,0.0,10.086262,2.439282,2013
23351,r4i1p1f1,2013,12,07,1.0030102166297183,8.217471,2.3611174,2013
23352,r4i1p1f1,2013,12,08,0.0,7.2254615,2.7925622,2013
23353,r4i1p1f1,2013,12,09,9.308537629203784,8.392975,3.7978444,2013
23354,r4i1p1f1,2013,12,10,41.586376938357716,10.527287,2.2621717,2013
23355,r4i1p1f1,2013,12,11,5.421270902888864,7.5591865,-0.5507741,2013
23356,r4i1p1f1,2013,12,12,45.63727541208209,8.799918,1.9082917,2013
23357,r4i1p1f1,2013,12,13,0.005125041843712097,6.115568,-2.5204096,2013
23358,r4i1p1f1,2013,12,14,0.0,5.321863,-6.109193,2013
23359,r4i1p1f1,2013,12,15,14.520458361221245,5.2799273,-3.8190167,2013
23360,r4i1p1f1,2013,12,16,0.1395173069511202,4.5230436,-6.2107067,2013
23361,r4i1p1f1,2013,12,17,0.0,4.976287,-5.824635,2013
23362,r4i1p1f1,2013,12,18,0.0,8.877674,-2.534257,2013
23363,r4i1p1f1,2013,12,19,0.0,8.9004545,-2.290282,2013
23364,r4i1p1f1,2013,12,20,0.17931977446608016,8.643059,-1.1100832,2013
23365,r4i1p1f1,2013,12,21,0.0,8.940726,-0.8986397,2013
23366,r4i1p1f1,2013,12,22,0.0,8.61679,-1.5489455,2013
23367,r4i1p1f1,2013,12,23,0.0,8.034206,-0.9955003,2013
23368,r4i1p1f1,2013,12,24,0.0,8.832615,-2.6782699,2013
23369,r4i1p1f1,2013,12,25,0.0,10.014728,-1.464016,2013
23370,r4i1p1f1,2013,12,26,0.0,12.905986,2.1407838,2013
23371,r4i1p1f1,2013,12,27,0.0,15.01321,4.6885023,2013
23372,r4i1p1f1,2013,12,28,0.0,13.790276,3.263032,2013
23373,r4i1p1f1,2013,12,29,0.0,10.664523,1.6078888,2013
23374,r4i1p1f1,2013,12,30,0.0,8.930955,-1.1965498,2013
23375,r4i1p1f1,2013,12,31,0.0,9.856378,-0.6094154,2013
23376,r4i1p1f1,2014,01,01,0.0,10.649344,-0.2525316,2014
23377,r4i1p1f1,2014,01,02,0.0,10.344033,2.138061,2014
23378,r4i1p1f1,2014,01,03,0.0,10.587021,0.91637516,2014
23379,r4i1p1f1,2014,01,04,0.0,12.355858,1.0848467,2014
23380,r4i1p1f1,2014,01,05,0.0,13.422764,2.5877216,2014
23381,r4i1p1f1,2014,01,06,0.0,15.398178,4.3215604,2014
23382,r4i1p1f1,2014,01,07,0.7338472414403441,13.229628,4.000822,2014
23383,r4i1p1f1,2014,01,08,0.0,9.84149,-0.79177403,2014
23384,r4i1p1f1,2014,01,09,0.0,7.0257597,-5.688066,2014
23385,r4i1p1f1,2014,01,10,0.0,5.46213,-6.5107417,2014
23386,r4i1p1f1,2014,01,11,0.0,3.5948935,-3.0699716,2014
23387,r4i1p1f1,2014,01,12,0.0,7.2559457,-3.8580148,2014
23388,r4i1p1f1,2014,01,13,0.0,14.740082,1.9947768,2014
23389,r4i1p1f1,2014,01,14,0.0,16.675014,4.815845,2014
23390,r4i1p1f1,2014,01,15,0.0,15.852778,4.134648,2014
23391,r4i1p1f1,2014,01,16,0.0,13.519659,1.5790752,2014
23392,r4i1p1f1,2014,01,17,0.0,7.9130993,-5.6711884,2014
23393,r4i1p1f1,2014,01,18,0.0,8.86134,-3.332674,2014
23394,r4i1p1f1,2014,01,19,0.0,10.902052,-1.3230014,2014
23395,r4i1p1f1,2014,01,20,0.0,10.81645,-0.25907448,2014
23396,r4i1p1f1,2014,01,21,0.0,14.283678,1.5343152,2014
23397,r4i1p1f1,2014,01,22,0.0,9.135485,-1.6331664,2014
23398,r4i1p1f1,2014,01,23,8.480807061459927,5.6389413,-4.8060083,2014
23399,r4i1p1f1,2014,01,24,0.0,5.297642,-4.016391,2014
23400,r4i1p1f1,2014,01,25,0.0,8.932411,-1.5709529,2014
23401,r4i1p1f1,2014,01,26,0.0,11.387386,0.012711525,2014
23402,r4i1p1f1,2014,01,27,0.0,10.79707,-0.32968676,2014
23403,r4i1p1f1,2014,01,28,0.0,9.112573,-2.199399,2014
23404,r4i1p1f1,2014,01,29,0.0,12.526001,0.4305135,2014
23405,r4i1p1f1,2014,01,30,0.0,14.205874,2.7398992,2014
23406,r4i1p1f1,2014,01,31,0.0,14.243656,3.0972645,2014
23407,r4i1p1f1,2014,02,01,0.0,15.075923,3.1256518,2014
23408,r4i1p1f1,2014,02,02,0.0,16.418478,3.0508626,2014
23409,r4i1p1f1,2014,02,03,0.0,17.996334,4.750276,2014
23410,r4i1p1f1,2014,02,04,0.0,20.577055,4.713212,2014
23411,r4i1p1f1,2014,02,05,0.0,19.927788,5.0024524,2014
23412,r4i1p1f1,2014,02,06,0.0,18.250406,4.024034,2014
23413,r4i1p1f1,2014,02,07,0.4872684063172983,15.079817,4.682332,2014
23414,r4i1p1f1,2014,02,08,4.53757545363942,11.908669,3.770596,2014
23415,r4i1p1f1,2014,02,09,0.0,16.20078,1.4271581,2014
23416,r4i1p1f1,2014,02,10,0.0,19.266436,4.025744,2014
23417,r4i1p1f1,2014,02,11,0.0,17.598318,4.194499,2014
23418,r4i1p1f1,2014,02,12,0.0,18.41606,4.791978,2014
23419,r4i1p1f1,2014,02,13,3.9985375408036816,11.841097,3.3936377,2014
23420,r4i1p1f1,2014,02,14,0.0164557599418913,10.762294,-0.4755553,2014
23421,r4i1p1f1,2014,02,15,0.0,11.314625,-3.04004,2014
23422,r4i1p1f1,2014,02,16,0.0,13.477166,-1.1654383,2014
23423,r4i1p1f1,2014,02,17,0.0,12.454529,1.9894568,2014
23424,r4i1p1f1,2014,02,18,0.0,12.639222,-0.17843877,2014
23425,r4i1p1f1,2014,02,19,0.0,16.843584,2.0720172,2014
23426,r4i1p1f1,2014,02,20,0.0,17.488085,4.082117,2014
23427,r4i1p1f1,2014,02,21,0.0,19.126492,4.9889536,2014
23428,r4i1p1f1,2014,02,22,0.0,19.972775,5.0938983,2014
23429,r4i1p1f1,2014,02,23,0.0,20.88829,5.4012394,2014
23430,r4i1p1f1,2014,02,24,0.0,21.732185,6.3420286,2014
23431,r4i1p1f1,2014,02,25,0.0,22.844736,8.604521,2014
23432,r4i1p1f1,2014,02,26,0.0,23.05763,9.13942,2014
23433,r4i1p1f1,2014,02,27,0.0,22.812166,8.080839,2014
23434,r4i1p1f1,2014,02,28,0.0,20.342445,6.226375,2014
23435,r4i1p1f1,2014,03,01,0.0,15.7243805,2.073639,2014
23436,r4i1p1f1,2014,03,02,0.01269268950636615,14.452709,2.3093486,2014
23437,r4i1p1f1,2014,03,03,0.0,16.857063,1.8228501,2014
23438,r4i1p1f1,2014,03,04,0.0,17.220081,1.9752458,2014
23439,r4i1p1f1,2014,03,05,0.0,19.408226,3.3108656,2014
23440,r4i1p1f1,2014,03,06,0.0,17.609499,2.1999981,2014
23441,r4i1p1f1,2014,03,07,11.429340484392014,10.905939,2.958109,2014
23442,r4i1p1f1,2014,03,08,0.0,15.07665,2.4787998,2014
23443,r4i1p1f1,2014,03,09,0.0,16.654196,3.4399235,2014
23444,r4i1p1f1,2014,03,10,0.0,19.65468,3.0622394,2014
23445,r4i1p1f1,2014,03,11,0.0,20.089756,4.127943,2014
23446,r4i1p1f1,2014,03,12,0.00048382441946159815,17.766464,4.2590885,2014
23447,r4i1p1f1,2014,03,13,3.9615161393157905,12.250625,6.0194836,2014
23448,r4i1p1f1,2014,03,14,30.513680567673873,9.776502,-1.1471776,2014
23449,r4i1p1f1,2014,03,15,13.155713200649188,7.0649414,-7.5940228,2014
23450,r4i1p1f1,2014,03,16,4.396620842499033,6.0081763,-9.199635,2014
23451,r4i1p1f1,2014,03,17,18.083483079863072,4.3743196,-2.8239865,2014
23452,r4i1p1f1,2014,03,18,50.6105696054874,10.796589,3.84661,2014
23453,r4i1p1f1,2014,03,19,20.932211136732803,9.216346,-6.126189,2014
23454,r4i1p1f1,2014,03,20,0.0,8.987186,-6.945367,2014
23455,r4i1p1f1,2014,03,21,33.537244296167046,7.1903515,-2.622775,2014
23456,r4i1p1f1,2014,03,22,13.611706124811462,3.9691331,-9.605817,2014
23457,r4i1p1f1,2014,03,23,0.0,8.85597,-8.839662,2014
23458,r4i1p1f1,2014,03,24,1.2232240591742993,6.6059604,-8.842224,2014
23459,r4i1p1f1,2014,03,25,40.717341684649,9.807491,0.80912876,2014
23460,r4i1p1f1,2014,03,26,6.4878651487561,7.53832,-5.4280863,2014
23461,r4i1p1f1,2014,03,27,1.6023102642975573,10.859818,-0.6062932,2014
23462,r4i1p1f1,2014,03,28,0.0,12.513317,0.73304236,2014
23463,r4i1p1f1,2014,03,29,8.514948152242141,8.129974,-8.289837,2014
23464,r4i1p1f1,2014,03,30,11.511097689890448,9.725205,1.257956,2014
23465,r4i1p1f1,2014,03,31,0.0,12.221071,-0.14318731,2014
23466,r4i1p1f1,2014,04,01,0.050639772234717384,12.399423,4.6459255,2014
23467,r4i1p1f1,2014,04,02,0.0,15.855991,5.276594,2014
23468,r4i1p1f1,2014,04,03,0.0,18.732578,4.51412,2014
23469,r4i1p1f1,2014,04,04,0.0,21.21052,2.9166179,2014
23470,r4i1p1f1,2014,04,05,14.649018169848205,16.753685,0.9094531,2014
23471,r4i1p1f1,2014,04,06,0.0,13.960802,2.217352,2014
23472,r4i1p1f1,2014,04,07,0.02568839367995679,15.877125,5.895384,2014
23473,r4i1p1f1,2014,04,08,0.0,18.605177,1.9340123,2014
23474,r4i1p1f1,2014,04,09,0.9415206347597405,15.613456,0.65024143,2014
23475,r4i1p1f1,2014,04,10,0.06110945018917846,15.029388,4.8529477,2014
23476,r4i1p1f1,2014,04,11,0.546180418473341,16.027752,2.3271396,2014
23477,r4i1p1f1,2014,04,12,0.0,20.818415,3.920651,2014
23478,r4i1p1f1,2014,04,13,0.0,23.070732,7.162101,2014
23479,r4i1p1f1,2014,04,14,0.0,23.308966,8.355799,2014
23480,r4i1p1f1,2014,04,15,0.0,23.924845,8.404852,2014
23481,r4i1p1f1,2014,04,16,0.0,23.36573,7.9630866,2014
23482,r4i1p1f1,2014,04,17,0.0,23.160963,6.9410415,2014
23483,r4i1p1f1,2014,04,18,0.0,26.053413,8.363337,2014
23484,r4i1p1f1,2014,04,19,0.0,25.960032,9.336952,2014
23485,r4i1p1f1,2014,04,20,0.0,24.823414,9.133972,2014
23486,r4i1p1f1,2014,04,21,0.0,22.461823,6.4511557,2014
23487,r4i1p1f1,2014,04,22,0.0,25.035608,7.184879,2014
23488,r4i1p1f1,2014,04,23,0.0,25.130003,9.433056,2014
23489,r4i1p1f1,2014,04,24,0.18291737374056538,18.474957,2.5430298,2014
23490,r4i1p1f1,2014,04,25,0.0,14.490965,0.22913858,2014
23491,r4i1p1f1,2014,04,26,0.0,14.381298,2.3876126,2014
23492,r4i1p1f1,2014,04,27,0.0,19.443373,1.8236449,2014
23493,r4i1p1f1,2014,04,28,0.0,22.587177,4.4877443,2014
23494,r4i1p1f1,2014,04,29,0.10027640355190215,21.343506,5.934811,2014
23495,r4i1p1f1,2014,04,30,17.774875149552827,12.925039,1.4471103,2014
23496,r4i1p1f1,2014,05,01,10.239195604754059,8.9997,0.05035713,2014
23497,r4i1p1f1,2014,05,02,0.0,16.449778,0.27121046,2014
23498,r4i1p1f1,2014,05,03,0.0,19.137886,4.6055365,2014
23499,r4i1p1f1,2014,05,04,0.1569952896176119,20.684477,6.264172,2014
23500,r4i1p1f1,2014,05,05,0.0,24.28979,7.1828732,2014
23501,r4i1p1f1,2014,05,06,0.0,27.810173,10.917857,2014
23502,r4i1p1f1,2014,05,07,0.0,26.821894,10.7649145,2014
23503,r4i1p1f1,2014,05,08,0.0,25.88366,9.88113,2014
23504,r4i1p1f1,2014,05,09,0.0,24.734318,7.9248056,2014
23505,r4i1p1f1,2014,05,10,0.0,23.744385,7.6945395,2014
23506,r4i1p1f1,2014,05,11,0.0,22.198017,7.1493683,2014
23507,r4i1p1f1,2014,05,12,0.15456768081776318,19.111084,7.4195676,2014
23508,r4i1p1f1,2014,05,13,3.9593622205188694,13.154913,4.404933,2014
23509,r4i1p1f1,2014,05,14,0.0,18.021933,2.1709435,2014
23510,r4i1p1f1,2014,05,15,0.09149722923211812,17.832952,0.71715057,2014
23511,r4i1p1f1,2014,05,16,0.9531837904148688,14.166569,-0.63284326,2014
23512,r4i1p1f1,2014,05,17,0.3262648140434976,14.289921,-1.47402,2014
23513,r4i1p1f1,2014,05,18,0.0,20.000061,0.63165087,2014
23514,r4i1p1f1,2014,05,19,0.0,18.695936,2.9124222,2014
23515,r4i1p1f1,2014,05,20,8.561457295581931,13.881193,2.0896232,2014
23516,r4i1p1f1,2014,05,21,11.583698749245741,15.6419935,-0.41460004,2014
23517,r4i1p1f1,2014,05,22,0.0,21.060785,6.9700317,2014
23518,r4i1p1f1,2014,05,23,0.0,22.614044,6.8419003,2014
23519,r4i1p1f1,2014,05,24,0.9520601756094038,21.014547,3.806344,2014
23520,r4i1p1f1,2014,05,25,1.5016459230594137,17.11887,2.544436,2014
23521,r4i1p1f1,2014,05,26,0.0,21.436922,3.6825857,2014
23522,r4i1p1f1,2014,05,27,0.0,24.370453,6.9573693,2014
23523,r4i1p1f1,2014,05,28,0.0,25.226248,8.640338,2014
23524,r4i1p1f1,2014,05,29,0.058116275158681674,26.244675,9.67665,2014
23525,r4i1p1f1,2014,05,30,0.0,25.94515,11.073012,2014
23526,r4i1p1f1,2014,05,31,2.682276081270629,21.190132,5.307058,2014
23527,r4i1p1f1,2014,06,01,0.4559632375730871,19.90542,4.798078,2014
23528,r4i1p1f1,2014,06,02,0.05502797071130772,24.046288,6.7702107,2014
23529,r4i1p1f1,2014,06,03,0.0,29.325823,9.7781,2014
23530,r4i1p1f1,2014,06,04,0.0,30.782278,12.828526,2014
23531,r4i1p1f1,2014,06,05,0.0,32.79768,13.524925,2014
23532,r4i1p1f1,2014,06,06,0.17405751805199543,33.881813,14.2374525,2014
23533,r4i1p1f1,2014,06,07,0.0,34.609127,15.694349,2014
23534,r4i1p1f1,2014,06,08,0.0,34.42818,15.629774,2014
23535,r4i1p1f1,2014,06,09,0.007455122317878704,32.429005,13.67952,2014
23536,r4i1p1f1,2014,06,10,0.1350456976069836,28.459774,11.917762,2014
23537,r4i1p1f1,2014,06,11,0.02983317887128578,27.978937,10.417152,2014
23538,r4i1p1f1,2014,06,12,0.004071645344083663,26.227053,9.990673,2014
23539,r4i1p1f1,2014,06,13,0.3812340509412593,24.898825,9.110767,2014
23540,r4i1p1f1,2014,06,14,0.08610144308249801,24.800344,9.991832,2014
23541,r4i1p1f1,2014,06,15,0.0720430189403487,25.351358,8.583797,2014
23542,r4i1p1f1,2014,06,16,0.0,28.472818,10.400136,2014
23543,r4i1p1f1,2014,06,17,0.0,28.435123,10.285648,2014
23544,r4i1p1f1,2014,06,18,0.0,27.650429,9.29666,2014
23545,r4i1p1f1,2014,06,19,0.0,27.66805,9.840366,2014
23546,r4i1p1f1,2014,06,20,0.0,27.102242,10.1453905,2014
23547,r4i1p1f1,2014,06,21,0.0,26.011156,8.90753,2014
23548,r4i1p1f1,2014,06,22,0.0,26.253357,9.052686,2014
23549,r4i1p1f1,2014,06,23,0.4509408831836481,25.842567,9.604842,2014
23550,r4i1p1f1,2014,06,24,0.03822791304628481,25.151318,8.446371,2014
23551,r4i1p1f1,2014,06,25,0.0,27.84839,9.145351,2014
23552,r4i1p1f1,2014,06,26,0.0,28.181402,10.796101,2014
23553,r4i1p1f1,2014,06,27,0.0,26.979702,9.630189,2014
23554,r4i1p1f1,2014,06,28,0.0,30.20463,11.6836815,2014
23555,r4i1p1f1,2014,06,29,0.0,34.065983,14.779816,2014
23556,r4i1p1f1,2014,06,30,0.0,34.088264,16.410051,2014
23557,r4i1p1f1,2014,07,01,0.0,32.222095,13.259999,2014
23558,r4i1p1f1,2014,07,02,0.0,27.314274,9.756764,2014
23559,r4i1p1f1,2014,07,03,0.0,27.812164,10.134229,2014
23560,r4i1p1f1,2014,07,04,0.0,32.015793,11.634192,2014
23561,r4i1p1f1,2014,07,05,0.0,35.82377,16.0839,2014
23562,r4i1p1f1,2014,07,06,0.0,35.30913,16.104744,2014
23563,r4i1p1f1,2014,07,07,0.0,33.898796,14.044532,2014
23564,r4i1p1f1,2014,07,08,0.0,32.56904,13.743511,2014
23565,r4i1p1f1,2014,07,09,0.0,32.73277,13.557461,2014
23566,r4i1p1f1,2014,07,10,0.0,30.11773,11.963961,2014
23567,r4i1p1f1,2014,07,11,0.0,28.778463,11.363434,2014
23568,r4i1p1f1,2014,07,12,0.0,29.87245,12.350161,2014
23569,r4i1p1f1,2014,07,13,0.0,32.66457,12.908049,2014
23570,r4i1p1f1,2014,07,14,0.0,32.507156,12.939472,2014
23571,r4i1p1f1,2014,07,15,0.0,30.475386,12.554145,2014
23572,r4i1p1f1,2014,07,16,0.0,29.655483,12.030326,2014
23573,r4i1p1f1,2014,07,17,0.0,27.648367,9.2950945,2014
23574,r4i1p1f1,2014,07,18,0.0,25.527538,7.827936,2014
23575,r4i1p1f1,2014,07,19,0.0,25.387238,8.245731,2014
23576,r4i1p1f1,2014,07,20,0.9878945875357203,28.580837,11.811352,2014
23577,r4i1p1f1,2014,07,21,0.0,28.033993,10.228264,2014
23578,r4i1p1f1,2014,07,22,0.0,29.385023,11.646788,2014
23579,r4i1p1f1,2014,07,23,0.0,32.257137,13.312786,2014
23580,r4i1p1f1,2014,07,24,0.0,33.57235,14.509502,2014
23581,r4i1p1f1,2014,07,25,0.0,34.453518,14.784322,2014
23582,r4i1p1f1,2014,07,26,0.0,34.0127,14.796675,2014
23583,r4i1p1f1,2014,07,27,0.0,31.42864,12.728014,2014
23584,r4i1p1f1,2014,07,28,0.0,30.086308,11.904552,2014
23585,r4i1p1f1,2014,07,29,0.0,30.503744,13.666352,2014
23586,r4i1p1f1,2014,07,30,0.0,30.024515,12.953768,2014
23587,r4i1p1f1,2014,07,31,0.0,31.777514,14.130848,2014
23588,r4i1p1f1,2014,08,01,0.0,35.794365,15.645518,2014
23589,r4i1p1f1,2014,08,02,0.0,36.57541,17.91545,2014
23590,r4i1p1f1,2014,08,03,1.3261191338642675,34.43815,16.288368,2014
23591,r4i1p1f1,2014,08,04,0.049133715037896764,36.05884,17.37498,2014
23592,r4i1p1f1,2014,08,05,0.0,35.356766,16.558449,2014
23593,r4i1p1f1,2014,08,06,0.0,33.66658,15.215973,2014
23594,r4i1p1f1,2014,08,07,0.0,30.400957,13.208945,2014
23595,r4i1p1f1,2014,08,08,0.0,30.658577,12.808981,2014
23596,r4i1p1f1,2014,08,09,0.06163150517295435,31.609152,15.202654,2014
23597,r4i1p1f1,2014,08,10,0.01881396965472959,30.8019,13.0927925,2014
23598,r4i1p1f1,2014,08,11,0.0,30.898376,12.287914,2014
23599,r4i1p1f1,2014,08,12,0.0,30.2981,13.112095,2014
23600,r4i1p1f1,2014,08,13,0.0,31.235233,12.240566,2014
23601,r4i1p1f1,2014,08,14,0.0,32.529648,13.506768,2014
23602,r4i1p1f1,2014,08,15,0.00600458042754326,34.602516,16.47043,2014
23603,r4i1p1f1,2014,08,16,0.0,34.301716,15.93161,2014
23604,r4i1p1f1,2014,08,17,0.025074861969187623,33.231075,15.018121,2014
23605,r4i1p1f1,2014,08,18,5.124319144623257,32.099648,14.197682,2014
23606,r4i1p1f1,2014,08,19,0.0,29.968754,12.979379,2014
23607,r4i1p1f1,2014,08,20,0.0214053777369827,30.329445,12.468489,2014
23608,r4i1p1f1,2014,08,21,0.0,28.810385,11.386146,2014
23609,r4i1p1f1,2014,08,22,0.0,25.429441,7.685052,2014
23610,r4i1p1f1,2014,08,23,0.0,24.417057,5.7260246,2014
23611,r4i1p1f1,2014,08,24,0.0,24.66504,5.8554497,2014
23612,r4i1p1f1,2014,08,25,0.0,27.781242,8.857243,2014
23613,r4i1p1f1,2014,08,26,0.0,34.531303,13.177815,2014
23614,r4i1p1f1,2014,08,27,0.0,36.683067,14.955629,2014
23615,r4i1p1f1,2014,08,28,0.0,38.00273,16.85334,2014
23616,r4i1p1f1,2014,08,29,0.0,37.644333,17.761494,2014
23617,r4i1p1f1,2014,08,30,0.0,37.6225,17.83112,2014
23618,r4i1p1f1,2014,08,31,0.0,36.74254,18.030443,2014
23619,r4i1p1f1,2014,09,01,0.004878256186202634,35.797623,18.570372,2014
23620,r4i1p1f1,2014,09,02,0.00914129164684141,34.538647,17.45582,2014
23621,r4i1p1f1,2014,09,03,0.008673321917740395,34.585484,17.575111,2014
23622,r4i1p1f1,2014,09,04,0.0,34.89833,17.628126,2014
23623,r4i1p1f1,2014,09,05,0.0,34.228374,17.104874,2014
23624,r4i1p1f1,2014,09,06,0.0,34.403866,17.972734,2014
23625,r4i1p1f1,2014,09,07,0.0,33.157856,15.671117,2014
23626,r4i1p1f1,2014,09,08,0.0,33.113754,14.372045,2014
23627,r4i1p1f1,2014,09,09,0.0,30.97277,13.148798,2014
23628,r4i1p1f1,2014,09,10,0.0,28.693386,12.745226,2014
23629,r4i1p1f1,2014,09,11,0.0,26.752092,9.943306,2014
23630,r4i1p1f1,2014,09,12,0.0,31.412285,14.372555,2014
23631,r4i1p1f1,2014,09,13,0.0,30.741503,13.710361,2014
23632,r4i1p1f1,2014,09,14,0.0,29.430956,11.368121,2014
23633,r4i1p1f1,2014,09,15,0.0,29.272617,11.704245,2014
23634,r4i1p1f1,2014,09,16,0.0,26.401802,9.907991,2014
23635,r4i1p1f1,2014,09,17,0.0,21.768747,6.871669,2014
23636,r4i1p1f1,2014,09,18,0.00020551298689497344,20.439922,3.7809863,2014
23637,r4i1p1f1,2014,09,19,0.0,23.210876,5.983964,2014
23638,r4i1p1f1,2014,09,20,0.0,31.167463,11.746844,2014
23639,r4i1p1f1,2014,09,21,0.0,32.274593,14.931049,2014
23640,r4i1p1f1,2014,09,22,0.0,31.62636,14.741177,2014
23641,r4i1p1f1,2014,09,23,0.0,31.974236,13.400752,2014
23642,r4i1p1f1,2014,09,24,0.0,30.621717,11.73967,2014
23643,r4i1p1f1,2014,09,25,0.0,25.644619,8.437435,2014
23644,r4i1p1f1,2014,09,26,0.0,24.463846,8.487091,2014
23645,r4i1p1f1,2014,09,27,0.0,25.754423,9.9316,2014
23646,r4i1p1f1,2014,09,28,0.0,28.292067,10.700137,2014
23647,r4i1p1f1,2014,09,29,0.0,29.146446,9.687786,2014
23648,r4i1p1f1,2014,09,30,0.0,27.664162,11.704097,2014
23649,r4i1p1f1,2014,10,01,0.0,28.44459,11.279001,2014
23650,r4i1p1f1,2014,10,02,0.0,27.868095,11.359578,2014
23651,r4i1p1f1,2014,10,03,0.0,26.910576,10.28368,2014
23652,r4i1p1f1,2014,10,04,0.0,29.243382,11.831721,2014
23653,r4i1p1f1,2014,10,05,0.0,29.991468,11.530101,2014
23654,r4i1p1f1,2014,10,06,0.0,29.040731,11.486615,2014
23655,r4i1p1f1,2014,10,07,0.0,26.884697,11.652981,2014
23656,r4i1p1f1,2014,10,08,5.437236428451797,25.505808,12.02145,2014
23657,r4i1p1f1,2014,10,09,7.745486419025838,21.999102,6.707685,2014
23658,r4i1p1f1,2014,10,10,0.0,23.235905,7.600954,2014
23659,r4i1p1f1,2014,10,11,3.2983175638477746,22.803297,7.9194784,2014
23660,r4i1p1f1,2014,10,12,3.578374433971021,21.392776,8.847909,2014
23661,r4i1p1f1,2014,10,13,0.0,22.693834,8.966517,2014
23662,r4i1p1f1,2014,10,14,0.0,24.857527,9.916192,2014
23663,r4i1p1f1,2014,10,15,0.0,27.773397,11.023255,2014
23664,r4i1p1f1,2014,10,16,0.0,29.932268,13.408184,2014
23665,r4i1p1f1,2014,10,17,0.0,32.03504,15.350296,2014
23666,r4i1p1f1,2014,10,18,0.0,31.451271,15.591076,2014
23667,r4i1p1f1,2014,10,19,0.0,30.476803,14.9491005,2014
23668,r4i1p1f1,2014,10,20,0.0,30.505764,13.457909,2014
23669,r4i1p1f1,2014,10,21,0.0,30.86632,14.716862,2014
23670,r4i1p1f1,2014,10,22,0.0,28.524614,12.125659,2014
23671,r4i1p1f1,2014,10,23,0.0,22.895845,6.926447,2014
23672,r4i1p1f1,2014,10,24,0.0,18.502388,5.084749,2014
23673,r4i1p1f1,2014,10,25,0.0,22.021599,5.034189,2014
23674,r4i1p1f1,2014,10,26,0.0,27.078611,9.340507,2014
23675,r4i1p1f1,2014,10,27,0.0,26.342258,8.713679,2014
23676,r4i1p1f1,2014,10,28,0.0,27.057009,12.429006,2014
23677,r4i1p1f1,2014,10,29,75.69919414154356,25.826935,14.214105,2014
23678,r4i1p1f1,2014,10,30,49.31516869655752,17.147612,2.9212284,2014
23679,r4i1p1f1,2014,10,31,0.2687264860895766,8.646427,-0.01477019,2014
23680,r4i1p1f1,2014,11,01,0.23829926175267246,10.4540825,-2.100911,2014
23681,r4i1p1f1,2014,11,02,0.0,13.177666,0.34780163,2014
23682,r4i1p1f1,2014,11,03,0.1754834789331028,14.8325615,2.3233845,2014
23683,r4i1p1f1,2014,11,04,0.0,15.621399,2.109386,2014
23684,r4i1p1f1,2014,11,05,0.0,16.698935,1.7742798,2014
23685,r4i1p1f1,2014,11,06,0.0,18.021807,2.9398482,2014
23686,r4i1p1f1,2014,11,07,2.74179842679132,19.22532,6.8787065,2014
23687,r4i1p1f1,2014,11,08,18.17335414198169,15.820782,10.450286,2014
23688,r4i1p1f1,2014,11,09,21.325480297491595,13.771716,6.6059885,2014
23689,r4i1p1f1,2014,11,10,0.0,13.755137,0.34033564,2014
23690,r4i1p1f1,2014,11,11,6.749795090513544,14.538082,1.9017669,2014
23691,r4i1p1f1,2014,11,12,40.654680702846235,15.698478,6.261177,2014
23692,r4i1p1f1,2014,11,13,16.08770449616941,12.225238,4.575652,2014
23693,r4i1p1f1,2014,11,14,0.0,12.72954,0.4111006,2014
23694,r4i1p1f1,2014,11,15,0.0,12.3272085,0.62573373,2014
23695,r4i1p1f1,2014,11,16,3.5397952015500778,11.153677,2.0590549,2014
23696,r4i1p1f1,2014,11,17,0.3343687055405553,13.131458,3.4972239,2014
23697,r4i1p1f1,2014,11,18,0.0,13.424147,0.91861683,2014
23698,r4i1p1f1,2014,11,19,0.0,13.663847,2.4979863,2014
23699,r4i1p1f1,2014,11,20,0.0,13.163784,2.2897215,2014
23700,r4i1p1f1,2014,11,21,0.0,12.89803,0.40740183,2014
23701,r4i1p1f1,2014,11,22,0.0,14.210394,2.7807293,2014
23702,r4i1p1f1,2014,11,23,0.0,13.932509,1.8002273,2014
23703,r4i1p1f1,2014,11,24,0.0,15.148743,0.46900252,2014
23704,r4i1p1f1,2014,11,25,0.0,16.07391,2.718945,2014
23705,r4i1p1f1,2014,11,26,0.0,17.566399,1.8045379,2014
23706,r4i1p1f1,2014,11,27,0.0,19.080786,2.907361,2014
23707,r4i1p1f1,2014,11,28,0.0,18.35526,6.8464413,2014
23708,r4i1p1f1,2014,11,29,12.762160952297563,14.64723,4.68873,2014
23709,r4i1p1f1,2014,11,30,2.420108259082099,14.136128,2.209275,2014
23710,r4i1p1f1,2014,12,01,0.9183377769716117,13.15266,7.714688,2014
23711,r4i1p1f1,2014,12,02,0.0,13.745914,4.2374706,2014
23712,r4i1p1f1,2014,12,03,0.10239315624289702,14.724503,4.8509393,2014
23713,r4i1p1f1,2014,12,04,0.0,14.637421,5.188052,2014
23714,r4i1p1f1,2014,12,05,0.0,14.89954,4.0887284,2014
23715,r4i1p1f1,2014,12,06,0.0,14.462592,4.5667562,2014
23716,r4i1p1f1,2014,12,07,0.0021915113563863997,15.362858,5.959755,2014
23717,r4i1p1f1,2014,12,08,0.0,15.30957,3.4063768,2014
23718,r4i1p1f1,2014,12,09,0.0,14.473232,3.170888,2014
23719,r4i1p1f1,2014,12,10,0.0,14.508672,4.855751,2014
23720,r4i1p1f1,2014,12,11,1.6344108229077392,14.122429,5.2274103,2014
23721,r4i1p1f1,2014,12,12,25.23610120779267,12.617316,3.369741,2014
23722,r4i1p1f1,2014,12,13,5.909057775534166,7.219512,2.06024,2014
23723,r4i1p1f1,2014,12,14,33.60716004135611,7.730784,2.1600897,2014
23724,r4i1p1f1,2014,12,15,40.06518302849145,14.663199,1.7320426,2014
23725,r4i1p1f1,2014,12,16,46.21625241052243,17.434288,7.751052,2014
23726,r4i1p1f1,2014,12,17,11.689003778974438,15.311283,3.8875945,2014
23727,r4i1p1f1,2014,12,18,0.03492005928364961,9.6262665,1.2564918,2014
23728,r4i1p1f1,2014,12,19,0.0,6.6263766,-2.9874277,2014
23729,r4i1p1f1,2014,12,20,0.0,12.111398,0.012361156,2014
23730,r4i1p1f1,2014,12,21,0.0,13.073002,2.3636167,2014
23731,r4i1p1f1,2014,12,22,0.0,12.897167,2.0170922,2014
23732,r4i1p1f1,2014,12,23,0.0,14.448478,2.5059369,2014
23733,r4i1p1f1,2014,12,24,0.0,15.859953,3.4730592,2014
23734,r4i1p1f1,2014,12,25,0.11824913062810083,12.327604,0.93625516,2014
23735,r4i1p1f1,2014,12,26,0.0,5.0051203,-5.405157,2014
23736,r4i1p1f1,2014,12,27,0.0,3.4744673,-7.440395,2014
23737,r4i1p1f1,2014,12,28,0.0,2.5930223,-8.907115,2014
23738,r4i1p1f1,2014,12,29,0.0,3.4201746,-9.219335,2014
23739,r4i1p1f1,2014,12,30,0.0,3.3222566,-8.162193,2014
23740,r4i1p1f1,2014,12,31,0.0,3.125802,-7.0067377,2014
