index,member_id,Year,Month,Day,Pr (mm),Tasmax (degC),Tasmin (degC),Year
0,r3i1p1f1,2015,01,01,0.0,13.035599,-0.7550084,2015
1,r3i1p1f1,2015,01,02,0.0,13.937341,-0.7259991,2015
2,r3i1p1f1,2015,01,03,6.6257761883620825,13.874991,1.9674913,2015
3,r3i1p1f1,2015,01,04,0.08923061247818016,9.818601,1.9813197,2015
4,r3i1p1f1,2015,01,05,0.0,9.585886,1.1262431,2015
5,r3i1p1f1,2015,01,06,0.036026669458392876,10.927536,-1.108336,2015
6,r3i1p1f1,2015,01,07,0.0,8.810242,-4.083321,2015
7,r3i1p1f1,2015,01,08,0.0,11.020763,-2.5785155,2015
8,r3i1p1f1,2015,01,09,0.0,16.565742,1.0107739,2015
9,r3i1p1f1,2015,01,10,0.0,18.43381,3.2862918,2015
10,r3i1p1f1,2015,01,11,0.0,19.337652,4.05459,2015
11,r3i1p1f1,2015,01,12,0.0,19.409592,4.831213,2015
12,r3i1p1f1,2015,01,13,0.0,18.848019,4.9286757,2015
13,r3i1p1f1,2015,01,14,0.0,18.359884,4.4106874,2015
14,r3i1p1f1,2015,01,15,0.0,16.846216,2.8153045,2015
15,r3i1p1f1,2015,01,16,0.0,14.924565,1.7099111,2015
16,r3i1p1f1,2015,01,17,0.0,13.783901,-0.8143372,2015
17,r3i1p1f1,2015,01,18,12.34252853626403,13.484964,2.196802,2015
18,r3i1p1f1,2015,01,19,23.48061758721473,9.279473,1.5926074,2015
19,r3i1p1f1,2015,01,20,15.366175095608043,12.43885,2.563253,2015
20,r3i1p1f1,2015,01,21,0.14030421066501841,12.134934,0.38181445,2015
21,r3i1p1f1,2015,01,22,2.347031443507259,11.53505,1.051507,2015
22,r3i1p1f1,2015,01,23,11.359258110370513,7.7970476,1.6842654,2015
23,r3i1p1f1,2015,01,24,3.2204228954486265,6.831022,-1.0865284,2015
24,r3i1p1f1,2015,01,25,0.23955224241503995,6.826783,-4.84842,2015
25,r3i1p1f1,2015,01,26,0.0,8.297245,-4.479575,2015
26,r3i1p1f1,2015,01,27,0.001200768782644335,8.195536,-0.7840012,2015
27,r3i1p1f1,2015,01,28,0.0,7.5125465,-3.7376797,2015
28,r3i1p1f1,2015,01,29,0.09836351638748028,6.725997,-3.0227895,2015
29,r3i1p1f1,2015,01,30,0.0006739400101430489,6.7883663,-5.1003175,2015
30,r3i1p1f1,2015,01,31,0.0,7.951437,-5.2985225,2015
31,r3i1p1f1,2015,02,01,0.0,9.171259,-5.1584096,2015
32,r3i1p1f1,2015,02,02,0.0,9.899102,-4.7791147,2015
33,r3i1p1f1,2015,02,03,0.0,9.770018,-3.6418178,2015
34,r3i1p1f1,2015,02,04,0.027720080997272762,10.556659,0.04499646,2015
35,r3i1p1f1,2015,02,05,0.0616231646243691,11.783991,-0.3660679,2015
36,r3i1p1f1,2015,02,06,0.0,12.299358,-2.476861,2015
37,r3i1p1f1,2015,02,07,0.0,13.568999,-0.7986658,2015
38,r3i1p1f1,2015,02,08,0.011091384063051506,14.051407,1.1763403,2015
39,r3i1p1f1,2015,02,09,0.0,15.899637,-0.45292386,2015
40,r3i1p1f1,2015,02,10,0.0,17.70982,0.639492,2015
41,r3i1p1f1,2015,02,11,0.00014036936397932357,16.297037,1.4041401,2015
42,r3i1p1f1,2015,02,12,0.024590016782343755,16.527264,1.533473,2015
43,r3i1p1f1,2015,02,13,0.0,17.892464,1.5470488,2015
44,r3i1p1f1,2015,02,14,4.162620548609222,17.249321,3.810963,2015
45,r3i1p1f1,2015,02,15,0.30119111887305544,10.460921,0.31129375,2015
46,r3i1p1f1,2015,02,16,3.878808794450199,11.067486,2.2895296,2015
47,r3i1p1f1,2015,02,17,0.9776399065638984,12.6866865,2.4283948,2015
48,r3i1p1f1,2015,02,18,0.9401226764032,12.507087,-0.34679037,2015
49,r3i1p1f1,2015,02,19,7.702485042061722,11.639249,2.335403,2015
50,r3i1p1f1,2015,02,20,11.011982473062359,12.102597,4.9839892,2015
51,r3i1p1f1,2015,02,21,0.011309691577811132,14.76055,1.2986186,2015
52,r3i1p1f1,2015,02,22,0.43159701912524423,13.53946,3.3810003,2015
53,r3i1p1f1,2015,02,23,0.2686026184704987,15.6062355,1.8450657,2015
54,r3i1p1f1,2015,02,24,0.0,16.415695,1.6429911,2015
55,r3i1p1f1,2015,02,25,0.00285556042371988,16.782686,2.5665925,2015
56,r3i1p1f1,2015,02,26,8.840127126432806,14.239595,5.83013,2015
57,r3i1p1f1,2015,02,27,2.977212481009977,12.358815,2.3901389,2015
58,r3i1p1f1,2015,02,28,0.0,14.419172,0.59361297,2015
59,r3i1p1f1,2015,03,01,0.0,15.38926,-0.84679836,2015
60,r3i1p1f1,2015,03,02,0.0,16.632736,0.7931225,2015
61,r3i1p1f1,2015,03,03,0.0,16.539053,2.2604594,2015
62,r3i1p1f1,2015,03,04,1.0142999755520798,14.049481,1.7186787,2015
63,r3i1p1f1,2015,03,05,1.0695202445497147,11.441827,-0.39671165,2015
64,r3i1p1f1,2015,03,06,0.3475888683288124,10.930724,-1.8431932,2015
65,r3i1p1f1,2015,03,07,11.3807895897844,10.327618,2.6641881,2015
66,r3i1p1f1,2015,03,08,2.255184860332658,16.224922,3.6611838,2015
67,r3i1p1f1,2015,03,09,0.08470046906343971,15.892922,2.3929935,2015
68,r3i1p1f1,2015,03,10,7.257552764836653,13.92581,4.83851,2015
69,r3i1p1f1,2015,03,11,0.36450127727799886,13.818742,-1.0974947,2015
70,r3i1p1f1,2015,03,12,0.005698420696496738,12.917498,-0.6657535,2015
71,r3i1p1f1,2015,03,13,3.785228586932521,10.843685,1.4526505,2015
72,r3i1p1f1,2015,03,14,22.01209742303587,11.995898,3.177338,2015
73,r3i1p1f1,2015,03,15,27.39460807975127,12.050801,3.7917206,2015
74,r3i1p1f1,2015,03,16,7.927727642769848,12.608397,3.2788777,2015
75,r3i1p1f1,2015,03,17,0.0,17.404387,0.75479007,2015
76,r3i1p1f1,2015,03,18,0.0,20.326029,3.4920013,2015
77,r3i1p1f1,2015,03,19,0.0,21.200624,5.7930355,2015
78,r3i1p1f1,2015,03,20,0.0007465690952923262,21.216324,6.4157577,2015
79,r3i1p1f1,2015,03,21,0.07560360652970496,20.273636,6.4054575,2015
80,r3i1p1f1,2015,03,22,0.14599294308220234,19.592371,7.0587473,2015
81,r3i1p1f1,2015,03,23,0.0,21.693241,5.320274,2015
82,r3i1p1f1,2015,03,24,0.0,21.421608,6.35188,2015
83,r3i1p1f1,2015,03,25,0.15926210615196562,19.957811,6.5659065,2015
84,r3i1p1f1,2015,03,26,0.0,21.958689,5.103088,2015
85,r3i1p1f1,2015,03,27,0.01795804123200166,21.913774,6.648808,2015
86,r3i1p1f1,2015,03,28,3.5127791965715005,17.903284,5.7673035,2015
87,r3i1p1f1,2015,03,29,0.06221719489214152,19.748392,3.790472,2015
88,r3i1p1f1,2015,03,30,1.3314536882281764,18.972174,3.2969337,2015
89,r3i1p1f1,2015,03,31,3.9051734572113315,18.190817,3.0946016,2015
90,r3i1p1f1,2015,04,01,15.971328568522233,14.645553,5.9697847,2015
91,r3i1p1f1,2015,04,02,9.349742746068813,13.17517,3.910764,2015
92,r3i1p1f1,2015,04,03,4.764200859148828,10.92986,2.14143,2015
93,r3i1p1f1,2015,04,04,1.3881511827783084,12.137,-0.8167884,2015
94,r3i1p1f1,2015,04,05,7.299889731831641,12.746465,0.62860465,2015
95,r3i1p1f1,2015,04,06,0.19670352320562498,15.19603,0.5407779,2015
96,r3i1p1f1,2015,04,07,5.9794408522639335,12.070445,1.0433677,2015
97,r3i1p1f1,2015,04,08,0.8219081004005023,11.7086525,2.2559745,2015
98,r3i1p1f1,2015,04,09,0.5684037855319206,16.139948,4.731174,2015
99,r3i1p1f1,2015,04,10,0.0,21.009064,3.8183725,2015
100,r3i1p1f1,2015,04,11,0.0,22.7715,5.973638,2015
101,r3i1p1f1,2015,04,12,0.0,23.385063,6.8985405,2015
102,r3i1p1f1,2015,04,13,0.0,23.7719,7.603144,2015
103,r3i1p1f1,2015,04,14,0.0,24.203728,7.7800446,2015
104,r3i1p1f1,2015,04,15,0.09475204366467413,23.361132,8.05206,2015
105,r3i1p1f1,2015,04,16,0.0,19.654936,4.1866994,2015
106,r3i1p1f1,2015,04,17,0.0,23.494324,5.219793,2015
107,r3i1p1f1,2015,04,18,0.0,28.773878,10.131956,2015
108,r3i1p1f1,2015,04,19,0.037148391256227056,27.702868,10.551981,2015
109,r3i1p1f1,2015,04,20,0.04635756924692418,20.891134,4.658695,2015
110,r3i1p1f1,2015,04,21,0.0,26.17589,7.8622503,2015
111,r3i1p1f1,2015,04,22,0.0,26.101727,8.116244,2015
112,r3i1p1f1,2015,04,23,4.5502590142595265,18.892359,3.572295,2015
113,r3i1p1f1,2015,04,24,0.0,17.734865,2.3642814,2015
114,r3i1p1f1,2015,04,25,0.0,21.59038,4.321248,2015
115,r3i1p1f1,2015,04,26,0.0,24.943026,6.2553124,2015
116,r3i1p1f1,2015,04,27,0.0,26.807013,8.435817,2015
117,r3i1p1f1,2015,04,28,0.0,26.7582,8.766283,2015
118,r3i1p1f1,2015,04,29,0.0,25.521608,8.462176,2015
119,r3i1p1f1,2015,04,30,0.0,27.995075,9.074022,2015
120,r3i1p1f1,2015,05,01,0.0,31.154478,11.31711,2015
121,r3i1p1f1,2015,05,02,0.0,28.28072,9.711148,2015
122,r3i1p1f1,2015,05,03,0.0,23.094603,6.452452,2015
123,r3i1p1f1,2015,05,04,0.0,26.756853,8.273508,2015
124,r3i1p1f1,2015,05,05,0.0,29.91748,10.736876,2015
125,r3i1p1f1,2015,05,06,0.0,31.767954,12.6300745,2015
126,r3i1p1f1,2015,05,07,0.0,33.291805,13.467118,2015
127,r3i1p1f1,2015,05,08,0.0,34.490536,14.797813,2015
128,r3i1p1f1,2015,05,09,0.0,33.66804,13.62472,2015
129,r3i1p1f1,2015,05,10,0.0,33.771748,14.549016,2015
130,r3i1p1f1,2015,05,11,0.0,33.09251,12.657305,2015
131,r3i1p1f1,2015,05,12,0.0,26.290705,8.885293,2015
132,r3i1p1f1,2015,05,13,0.0,27.935486,9.2498865,2015
133,r3i1p1f1,2015,05,14,0.0,34.05655,13.360243,2015
134,r3i1p1f1,2015,05,15,0.0,35.338593,14.765813,2015
135,r3i1p1f1,2015,05,16,0.0,34.099243,14.664038,2015
136,r3i1p1f1,2015,05,17,0.0,34.819256,14.697953,2015
137,r3i1p1f1,2015,05,18,0.0,32.696156,13.6330595,2015
138,r3i1p1f1,2015,05,19,0.0,30.542427,11.066838,2015
139,r3i1p1f1,2015,05,20,0.0,34.60068,14.546731,2015
140,r3i1p1f1,2015,05,21,0.0,34.811398,15.010047,2015
141,r3i1p1f1,2015,05,22,0.0,33.32035,13.676164,2015
142,r3i1p1f1,2015,05,23,0.0,32.023907,13.026979,2015
143,r3i1p1f1,2015,05,24,0.0,31.450855,11.521333,2015
144,r3i1p1f1,2015,05,25,0.0,31.465782,12.726159,2015
145,r3i1p1f1,2015,05,26,0.0,30.846945,11.946875,2015
146,r3i1p1f1,2015,05,27,0.0,33.621372,14.077762,2015
147,r3i1p1f1,2015,05,28,0.0,35.199173,15.3317585,2015
148,r3i1p1f1,2015,05,29,0.0,36.035892,16.51086,2015
149,r3i1p1f1,2015,05,30,0.0,35.10914,15.838826,2015
150,r3i1p1f1,2015,05,31,0.0,34.127487,14.5095625,2015
151,r3i1p1f1,2015,06,01,0.0,34.40577,12.368692,2015
152,r3i1p1f1,2015,06,02,0.0,31.30416,11.770874,2015
153,r3i1p1f1,2015,06,03,0.0,28.948895,10.46049,2015
154,r3i1p1f1,2015,06,04,0.27306066071050183,33.052464,14.404304,2015
155,r3i1p1f1,2015,06,05,0.0018739341899301066,35.77731,14.979027,2015
156,r3i1p1f1,2015,06,06,0.0053073381863986,33.718422,14.683773,2015
157,r3i1p1f1,2015,06,07,0.0,31.574337,11.733677,2015
158,r3i1p1f1,2015,06,08,0.0,30.153017,11.231386,2015
159,r3i1p1f1,2015,06,09,0.0,31.105946,11.547285,2015
160,r3i1p1f1,2015,06,10,0.0,33.302067,13.868393,2015
161,r3i1p1f1,2015,06,11,0.0,33.4636,14.490554,2015
162,r3i1p1f1,2015,06,12,0.0,33.770306,14.685394,2015
163,r3i1p1f1,2015,06,13,0.0,33.78707,13.853701,2015
164,r3i1p1f1,2015,06,14,0.0,35.889038,14.40589,2015
165,r3i1p1f1,2015,06,15,0.0,37.464344,15.975316,2015
166,r3i1p1f1,2015,06,16,0.0,37.7705,16.00006,2015
167,r3i1p1f1,2015,06,17,0.0,37.308846,16.460922,2015
168,r3i1p1f1,2015,06,18,0.0,35.1224,14.703574,2015
169,r3i1p1f1,2015,06,19,0.0,33.587833,13.775654,2015
170,r3i1p1f1,2015,06,20,0.0,31.03166,13.625013,2015
171,r3i1p1f1,2015,06,21,0.0,28.934168,12.377471,2015
172,r3i1p1f1,2015,06,22,0.0,32.25137,11.791444,2015
173,r3i1p1f1,2015,06,23,0.003725301163891951,33.54913,13.136789,2015
174,r3i1p1f1,2015,06,24,0.0,33.895355,14.857912,2015
175,r3i1p1f1,2015,06,25,0.0,34.860123,15.228889,2015
176,r3i1p1f1,2015,06,26,0.0,35.672623,15.233989,2015
177,r3i1p1f1,2015,06,27,0.0,36.451176,15.85978,2015
178,r3i1p1f1,2015,06,28,0.0,36.11018,15.784543,2015
179,r3i1p1f1,2015,06,29,0.0,36.07111,15.413184,2015
180,r3i1p1f1,2015,06,30,0.0,35.45243,15.195206,2015
181,r3i1p1f1,2015,07,01,0.0,35.00132,15.988412,2015
182,r3i1p1f1,2015,07,02,0.0,37.60696,16.905478,2015
183,r3i1p1f1,2015,07,03,0.0,39.439556,17.512924,2015
184,r3i1p1f1,2015,07,04,0.0,38.673847,18.69503,2015
185,r3i1p1f1,2015,07,05,0.0,35.13056,15.819861,2015
186,r3i1p1f1,2015,07,06,0.0,33.661236,13.733807,2015
187,r3i1p1f1,2015,07,07,0.0,33.384605,14.324673,2015
188,r3i1p1f1,2015,07,08,0.0,32.120953,13.537352,2015
189,r3i1p1f1,2015,07,09,0.0,31.446001,12.974674,2015
190,r3i1p1f1,2015,07,10,0.0,33.303032,14.091972,2015
191,r3i1p1f1,2015,07,11,0.0,34.515152,15.328567,2015
192,r3i1p1f1,2015,07,12,0.0,35.01439,15.37359,2015
193,r3i1p1f1,2015,07,13,0.0,34.38941,14.969787,2015
194,r3i1p1f1,2015,07,14,0.0,34.329094,15.078316,2015
195,r3i1p1f1,2015,07,15,0.0,33.634735,14.503797,2015
196,r3i1p1f1,2015,07,16,0.0,32.33727,14.037663,2015
197,r3i1p1f1,2015,07,17,0.0,31.756994,13.617831,2015
198,r3i1p1f1,2015,07,18,0.0,30.227522,12.864948,2015
199,r3i1p1f1,2015,07,19,0.0,29.207228,11.974186,2015
200,r3i1p1f1,2015,07,20,0.019417621674206617,30.32702,11.686124,2015
201,r3i1p1f1,2015,07,21,0.07291751998392018,32.46199,14.311678,2015
202,r3i1p1f1,2015,07,22,0.17335362563960988,33.89819,16.359993,2015
203,r3i1p1f1,2015,07,23,0.020733162598458654,33.517475,14.562879,2015
204,r3i1p1f1,2015,07,24,0.022365651216894163,33.510902,14.296223,2015
205,r3i1p1f1,2015,07,25,0.6930796546371174,33.114872,15.908422,2015
206,r3i1p1f1,2015,07,26,0.7331327706263189,33.846447,16.960556,2015
207,r3i1p1f1,2015,07,27,0.0,35.960587,16.220926,2015
208,r3i1p1f1,2015,07,28,0.0,37.19318,16.737888,2015
209,r3i1p1f1,2015,07,29,0.0,36.647266,16.461971,2015
210,r3i1p1f1,2015,07,30,0.0,33.51433,14.138833,2015
211,r3i1p1f1,2015,07,31,0.0,30.156734,13.1081,2015
212,r3i1p1f1,2015,08,01,0.0,32.38773,14.056646,2015
213,r3i1p1f1,2015,08,02,0.0,33.643246,14.945528,2015
214,r3i1p1f1,2015,08,03,0.014989212482539711,32.39374,14.681533,2015
215,r3i1p1f1,2015,08,04,0.0,32.91932,13.508442,2015
216,r3i1p1f1,2015,08,05,0.42039265046090196,33.12045,16.174913,2015
217,r3i1p1f1,2015,08,06,0.005830332802636831,31.87082,13.487719,2015
218,r3i1p1f1,2015,08,07,0.0,34.50209,15.059475,2015
219,r3i1p1f1,2015,08,08,0.0,36.56357,16.020332,2015
220,r3i1p1f1,2015,08,09,0.0,36.017227,15.764216,2015
221,r3i1p1f1,2015,08,10,0.0,34.788944,15.290611,2015
222,r3i1p1f1,2015,08,11,0.0,34.765026,14.974775,2015
223,r3i1p1f1,2015,08,12,0.0034047950016842647,34.968006,15.743694,2015
224,r3i1p1f1,2015,08,13,0.0,34.51575,15.385476,2015
225,r3i1p1f1,2015,08,14,0.011051721010131367,34.284622,15.297594,2015
226,r3i1p1f1,2015,08,15,0.0,33.5693,14.409645,2015
227,r3i1p1f1,2015,08,16,0.004159971704762994,33.014526,13.520458,2015
228,r3i1p1f1,2015,08,17,0.19917477089400176,31.9255,14.062809,2015
229,r3i1p1f1,2015,08,18,0.004808187421241944,31.924099,13.639779,2015
230,r3i1p1f1,2015,08,19,0.0,34.087257,15.230698,2015
231,r3i1p1f1,2015,08,20,0.003004297190769152,35.00443,15.706449,2015
232,r3i1p1f1,2015,08,21,0.0483688348233982,34.416073,15.932863,2015
233,r3i1p1f1,2015,08,22,0.5715714623897149,34.260548,15.389257,2015
234,r3i1p1f1,2015,08,23,0.3364868098023263,33.65803,15.673192,2015
235,r3i1p1f1,2015,08,24,0.45324346286096523,33.02399,15.9458,2015
236,r3i1p1f1,2015,08,25,1.477687886745667,31.171816,15.426266,2015
237,r3i1p1f1,2015,08,26,1.3393580357241621,29.584276,14.663841,2015
238,r3i1p1f1,2015,08,27,0.42590887895847007,30.951616,14.67658,2015
239,r3i1p1f1,2015,08,28,0.050996103911364284,32.051773,14.779931,2015
240,r3i1p1f1,2015,08,29,0.09922471722926605,33.75852,15.470551,2015
241,r3i1p1f1,2015,08,30,0.002140672418825103,33.848484,14.775116,2015
242,r3i1p1f1,2015,08,31,0.0,33.415062,12.5609665,2015
243,r3i1p1f1,2015,09,01,0.0,33.889935,13.957981,2015
244,r3i1p1f1,2015,09,02,0.0,34.57142,15.910916,2015
245,r3i1p1f1,2015,09,03,0.3644430219322782,34.70823,18.44905,2015
246,r3i1p1f1,2015,09,04,0.4285890548007129,35.075706,17.121422,2015
247,r3i1p1f1,2015,09,05,0.06607323024196154,35.471428,16.749937,2015
248,r3i1p1f1,2015,09,06,0.0,35.06153,15.621391,2015
249,r3i1p1f1,2015,09,07,0.0,34.261738,13.764606,2015
250,r3i1p1f1,2015,09,08,0.0,30.323166,11.34536,2015
251,r3i1p1f1,2015,09,09,0.0,27.163542,10.704908,2015
252,r3i1p1f1,2015,09,10,0.0,29.928045,11.929526,2015
253,r3i1p1f1,2015,09,11,0.0,29.383999,12.568832,2015
254,r3i1p1f1,2015,09,12,0.0,25.875784,9.374694,2015
255,r3i1p1f1,2015,09,13,0.40032601300481474,20.981546,6.520804,2015
256,r3i1p1f1,2015,09,14,0.009120663086943034,23.178604,7.1281023,2015
257,r3i1p1f1,2015,09,15,0.09284856460219475,28.921473,11.458638,2015
258,r3i1p1f1,2015,09,16,0.0,33.195602,13.832269,2015
259,r3i1p1f1,2015,09,17,0.0,34.20239,15.112766,2015
260,r3i1p1f1,2015,09,18,0.0,32.703453,12.502625,2015
261,r3i1p1f1,2015,09,19,0.0,26.02393,8.047521,2015
262,r3i1p1f1,2015,09,20,0.0,23.918283,6.7879586,2015
263,r3i1p1f1,2015,09,21,0.0,23.305868,6.8590384,2015
264,r3i1p1f1,2015,09,22,0.0,25.686428,8.779439,2015
265,r3i1p1f1,2015,09,23,0.0,32.267094,12.948098,2015
266,r3i1p1f1,2015,09,24,0.0,34.940075,14.968267,2015
267,r3i1p1f1,2015,09,25,0.0,35.240974,16.51461,2015
268,r3i1p1f1,2015,09,26,0.0,33.93626,14.723642,2015
269,r3i1p1f1,2015,09,27,0.0,32.606174,13.163435,2015
270,r3i1p1f1,2015,09,28,0.0,32.424774,12.397384,2015
271,r3i1p1f1,2015,09,29,0.0,31.969202,12.127595,2015
272,r3i1p1f1,2015,09,30,0.0,30.866348,11.798071,2015
273,r3i1p1f1,2015,10,01,0.0,30.80321,11.802641,2015
274,r3i1p1f1,2015,10,02,0.0,28.37056,9.587859,2015
275,r3i1p1f1,2015,10,03,0.0032701093005016446,20.33242,5.649344,2015
276,r3i1p1f1,2015,10,04,0.0,21.06899,5.146265,2015
277,r3i1p1f1,2015,10,05,0.0,24.377619,6.5502987,2015
278,r3i1p1f1,2015,10,06,0.0,23.180672,6.095,2015
279,r3i1p1f1,2015,10,07,0.01223625173831048,19.255701,5.668382,2015
280,r3i1p1f1,2015,10,08,0.0,19.732044,2.7436504,2015
281,r3i1p1f1,2015,10,09,0.0,23.017933,5.4428587,2015
282,r3i1p1f1,2015,10,10,0.0,21.980991,5.616138,2015
283,r3i1p1f1,2015,10,11,0.0,24.192665,7.082478,2015
284,r3i1p1f1,2015,10,12,0.0,27.135073,9.376084,2015
285,r3i1p1f1,2015,10,13,0.0,27.683022,10.776235,2015
286,r3i1p1f1,2015,10,14,0.0,27.104261,11.487713,2015
287,r3i1p1f1,2015,10,15,0.0,29.126865,11.419216,2015
288,r3i1p1f1,2015,10,16,0.0,27.81426,10.563176,2015
289,r3i1p1f1,2015,10,17,0.0,25.822668,6.5919456,2015
290,r3i1p1f1,2015,10,18,0.0,28.619652,10.13155,2015
291,r3i1p1f1,2015,10,19,0.0,28.909435,10.745076,2015
292,r3i1p1f1,2015,10,20,0.08147051605743455,26.464443,12.724849,2015
293,r3i1p1f1,2015,10,21,0.14484118353169778,24.917845,10.657017,2015
294,r3i1p1f1,2015,10,22,0.0,23.813227,7.056751,2015
295,r3i1p1f1,2015,10,23,0.0,23.334389,7.0633674,2015
296,r3i1p1f1,2015,10,24,0.0,26.628454,8.4047365,2015
297,r3i1p1f1,2015,10,25,0.0,24.900772,7.7287984,2015
298,r3i1p1f1,2015,10,26,0.0006374118101754875,23.00929,7.3826194,2015
299,r3i1p1f1,2015,10,27,1.5642301467910742,27.325733,11.526308,2015
300,r3i1p1f1,2015,10,28,15.871151493529123,24.091063,10.207573,2015
301,r3i1p1f1,2015,10,29,2.704504930691407,17.156158,5.9109364,2015
302,r3i1p1f1,2015,10,30,9.866511235256157,15.231506,4.267787,2015
303,r3i1p1f1,2015,10,31,11.093670866235202,10.492264,0.08582176,2015
304,r3i1p1f1,2015,11,01,21.87841592026719,9.439285,1.4931667,2015
305,r3i1p1f1,2015,11,02,1.036448919661449,11.583712,-1.1668916,2015
306,r3i1p1f1,2015,11,03,0.0025054250528972425,13.526771,0.09281114,2015
307,r3i1p1f1,2015,11,04,0.026958173477782333,16.82164,2.7965364,2015
308,r3i1p1f1,2015,11,05,0.8196463078440336,16.515871,5.4160547,2015
309,r3i1p1f1,2015,11,06,0.9837537993152953,16.498283,5.495604,2015
310,r3i1p1f1,2015,11,07,0.2907822773197426,15.5037565,5.0897036,2015
311,r3i1p1f1,2015,11,08,0.0028895569972298813,13.252897,1.956912,2015
312,r3i1p1f1,2015,11,09,0.0,13.627695,1.0786483,2015
313,r3i1p1f1,2015,11,10,0.0,14.874688,1.3058668,2015
314,r3i1p1f1,2015,11,11,0.0,15.6306095,1.881629,2015
315,r3i1p1f1,2015,11,12,0.0,16.555338,2.61917,2015
316,r3i1p1f1,2015,11,13,0.023203162815083157,18.054928,4.1282153,2015
317,r3i1p1f1,2015,11,14,0.0,18.586626,6.0138335,2015
318,r3i1p1f1,2015,11,15,0.0,18.676424,5.0223675,2015
319,r3i1p1f1,2015,11,16,0.0029945761409842157,17.396015,4.560519,2015
320,r3i1p1f1,2015,11,17,0.0013659909988443057,15.500901,2.8068628,2015
321,r3i1p1f1,2015,11,18,0.0,12.90061,-0.56229633,2015
322,r3i1p1f1,2015,11,19,0.0,10.202625,-1.219054,2015
323,r3i1p1f1,2015,11,20,0.0,11.172485,-2.5033815,2015
324,r3i1p1f1,2015,11,21,0.0,11.739573,-2.8785095,2015
325,r3i1p1f1,2015,11,22,0.0,15.204079,0.51135224,2015
326,r3i1p1f1,2015,11,23,0.0,17.180689,-0.64932126,2015
327,r3i1p1f1,2015,11,24,0.0,17.19434,-0.11758174,2015
328,r3i1p1f1,2015,11,25,0.00905929374505032,14.841758,0.5451298,2015
329,r3i1p1f1,2015,11,26,0.0009235143873163245,10.7956,0.31230584,2015
330,r3i1p1f1,2015,11,27,0.0,12.872284,-0.5128854,2015
331,r3i1p1f1,2015,11,28,12.153704463516162,12.432166,2.9213493,2015
332,r3i1p1f1,2015,11,29,0.695459087678914,8.862623,-0.67741734,2015
333,r3i1p1f1,2015,11,30,0.5307702081148763,8.067751,-4.751593,2015
334,r3i1p1f1,2015,12,01,1.4385015672210653,7.7225738,0.10236052,2015
335,r3i1p1f1,2015,12,02,0.0,10.21786,-2.4812338,2015
336,r3i1p1f1,2015,12,03,0.538378486220829,8.925572,-0.7181361,2015
337,r3i1p1f1,2015,12,04,0.0,8.540289,-3.1636941,2015
338,r3i1p1f1,2015,12,05,0.3708644656360389,7.353341,-2.90649,2015
339,r3i1p1f1,2015,12,06,24.92218096002365,10.320902,0.9684625,2015
340,r3i1p1f1,2015,12,07,22.82347179504403,13.183762,6.0849843,2015
341,r3i1p1f1,2015,12,08,4.630197475341971,15.197717,6.702918,2015
342,r3i1p1f1,2015,12,09,0.0,14.814829,2.6084049,2015
343,r3i1p1f1,2015,12,10,1.2137228936863362,13.890459,5.1454825,2015
344,r3i1p1f1,2015,12,11,9.346408575667295,13.675069,4.116667,2015
345,r3i1p1f1,2015,12,12,0.0016520399003638886,9.306969,-2.608951,2015
346,r3i1p1f1,2015,12,13,0.022825020220779785,8.889371,-1.3808992,2015
347,r3i1p1f1,2015,12,14,0.0,9.0124,-4.1675634,2015
348,r3i1p1f1,2015,12,15,0.5774029357428045,9.014861,0.44379133,2015
349,r3i1p1f1,2015,12,16,0.025872434701093218,8.268661,-0.20608899,2015
350,r3i1p1f1,2015,12,17,0.0,10.180106,-3.464486,2015
351,r3i1p1f1,2015,12,18,0.0,10.483273,-3.3038356,2015
352,r3i1p1f1,2015,12,19,0.0,12.530743,-1.647238,2015
353,r3i1p1f1,2015,12,20,0.0,15.6347885,2.698448,2015
354,r3i1p1f1,2015,12,21,0.0020387691653344186,13.171928,0.0937717,2015
355,r3i1p1f1,2015,12,22,3.1144803880642664,11.04345,2.519395,2015
356,r3i1p1f1,2015,12,23,8.81383565011757,10.681325,3.5836568,2015
357,r3i1p1f1,2015,12,24,0.027973594487500093,12.687032,3.5294237,2015
358,r3i1p1f1,2015,12,25,0.0,16.355476,1.2909417,2015
359,r3i1p1f1,2015,12,26,2.971631950971035,14.411999,3.6015582,2015
360,r3i1p1f1,2015,12,27,4.402974132198406,12.210073,1.7999966,2015
361,r3i1p1f1,2015,12,28,0.013776485046202486,9.170468,-1.4671228,2015
362,r3i1p1f1,2015,12,29,0.002960281404243274,8.793116,-1.2911738,2015
363,r3i1p1f1,2015,12,30,0.0,8.1472025,-4.060954,2015
364,r3i1p1f1,2015,12,31,0.0,8.003254,-4.9174,2015
365,r3i1p1f1,2016,01,01,0.0,10.406091,-2.9309962,2016
366,r3i1p1f1,2016,01,02,0.0,10.807811,-2.361267,2016
367,r3i1p1f1,2016,01,03,0.0,11.780401,-1.4541211,2016
368,r3i1p1f1,2016,01,04,0.0,12.343863,-0.7354171,2016
369,r3i1p1f1,2016,01,05,0.0,11.317575,-0.7446665,2016
370,r3i1p1f1,2016,01,06,0.0,11.523683,-1.78338,2016
371,r3i1p1f1,2016,01,07,0.0,11.758975,-1.3370366,2016
372,r3i1p1f1,2016,01,08,0.0,14.309251,0.581272,2016
373,r3i1p1f1,2016,01,09,0.0,16.564861,2.4120464,2016
374,r3i1p1f1,2016,01,10,0.0,17.297878,3.2369177,2016
375,r3i1p1f1,2016,01,11,0.0,17.170797,3.3532093,2016
376,r3i1p1f1,2016,01,12,0.06127549792202472,15.481099,2.3643992,2016
377,r3i1p1f1,2016,01,13,0.01017148892225867,11.926085,-0.37108645,2016
378,r3i1p1f1,2016,01,14,0.0,11.423273,-1.5648587,2016
379,r3i1p1f1,2016,01,15,0.0,11.352596,-2.5375636,2016
380,r3i1p1f1,2016,01,16,0.0,15.00091,2.2192576,2016
381,r3i1p1f1,2016,01,17,1.8692875134790181,14.190431,1.9832957,2016
382,r3i1p1f1,2016,01,18,9.535136960779655,7.1054716,0.81258124,2016
383,r3i1p1f1,2016,01,19,0.00019946742351308012,5.230235,-6.363673,2016
384,r3i1p1f1,2016,01,20,0.6890736783172928,6.2122345,-4.0420375,2016
385,r3i1p1f1,2016,01,21,0.0,9.409057,-1.7998891,2016
386,r3i1p1f1,2016,01,22,0.0,14.210572,-0.8852922,2016
387,r3i1p1f1,2016,01,23,0.0,13.138354,-1.4029851,2016
388,r3i1p1f1,2016,01,24,0.0,14.478113,-0.41481346,2016
389,r3i1p1f1,2016,01,25,10.15210219058755,12.324089,2.5772398,2016
390,r3i1p1f1,2016,01,26,1.1135972809345482,5.7054343,-2.0324678,2016
391,r3i1p1f1,2016,01,27,0.5768850296083132,6.89673,-2.5475392,2016
392,r3i1p1f1,2016,01,28,0.4211124789793702,11.981596,1.1879698,2016
393,r3i1p1f1,2016,01,29,7.423095182076037,13.035159,6.3355484,2016
394,r3i1p1f1,2016,01,30,2.4087943113100305,10.920168,0.97779244,2016
395,r3i1p1f1,2016,01,31,1.2958589084754315,6.4443045,-2.4884894,2016
396,r3i1p1f1,2016,02,01,0.0,10.185406,-4.897979,2016
397,r3i1p1f1,2016,02,02,0.02097100179360661,11.516419,0.57957536,2016
398,r3i1p1f1,2016,02,03,1.4151662709701034,12.965699,2.1122665,2016
399,r3i1p1f1,2016,02,04,0.003768972316968509,12.720943,-0.18629628,2016
400,r3i1p1f1,2016,02,05,10.160980656627075,10.566364,2.5065708,2016
401,r3i1p1f1,2016,02,06,41.65204037388982,10.147058,4.2406845,2016
402,r3i1p1f1,2016,02,07,0.11198187976691715,10.147779,-2.0869317,2016
403,r3i1p1f1,2016,02,08,0.0,11.505225,-2.7063692,2016
404,r3i1p1f1,2016,02,09,0.0,13.801345,-2.4905233,2016
405,r3i1p1f1,2016,02,10,0.0,15.795876,-0.6547806,2016
406,r3i1p1f1,2016,02,11,0.0,15.303454,0.763223,2016
407,r3i1p1f1,2016,02,12,0.0,16.555418,3.4976964,2016
408,r3i1p1f1,2016,02,13,0.0,16.824198,2.5890024,2016
409,r3i1p1f1,2016,02,14,0.0,16.217478,1.7774178,2016
410,r3i1p1f1,2016,02,15,0.0,16.321327,1.4734304,2016
411,r3i1p1f1,2016,02,16,0.0,15.603337,1.1309943,2016
412,r3i1p1f1,2016,02,17,0.0,15.340039,2.189105,2016
413,r3i1p1f1,2016,02,18,0.0,15.969764,0.9910449,2016
414,r3i1p1f1,2016,02,19,0.0,15.939022,1.4061888,2016
415,r3i1p1f1,2016,02,20,0.0,16.473288,0.8658255,2016
416,r3i1p1f1,2016,02,21,0.0,17.799137,1.5264277,2016
417,r3i1p1f1,2016,02,22,0.961325400677803,15.609904,3.5091012,2016
418,r3i1p1f1,2016,02,23,0.0,17.377394,2.85616,2016
419,r3i1p1f1,2016,02,24,0.010764627328502353,19.723963,4.853165,2016
420,r3i1p1f1,2016,02,25,0.14780409747662349,19.544355,5.8050113,2016
421,r3i1p1f1,2016,02,26,0.003924500691055348,14.905459,3.1858556,2016
422,r3i1p1f1,2016,02,27,0.0,16.67671,1.916462,2016
423,r3i1p1f1,2016,02,28,0.0,21.285843,4.802004,2016
424,r3i1p1f1,2016,02,29,0.056326720765686004,21.048643,6.4548955,2016
425,r3i1p1f1,2016,03,01,0.00414729603851976,20.065422,4.9071565,2016
426,r3i1p1f1,2016,03,02,0.0,20.348375,3.8757527,2016
427,r3i1p1f1,2016,03,03,0.0,22.219845,5.312317,2016
428,r3i1p1f1,2016,03,04,2.677596068745267,19.869925,5.2529936,2016
429,r3i1p1f1,2016,03,05,1.216822045535082,15.076936,3.750083,2016
430,r3i1p1f1,2016,03,06,0.0,17.825312,0.4798651,2016
431,r3i1p1f1,2016,03,07,0.37981869041700655,17.763618,5.6073937,2016
432,r3i1p1f1,2016,03,08,0.21554933084795871,16.483809,3.5206916,2016
433,r3i1p1f1,2016,03,09,0.0,17.905363,0.53873634,2016
434,r3i1p1f1,2016,03,10,0.0,18.348764,3.0696168,2016
435,r3i1p1f1,2016,03,11,0.0,19.069304,1.9391195,2016
436,r3i1p1f1,2016,03,12,0.05161982786376029,17.717554,0.29026765,2016
437,r3i1p1f1,2016,03,13,24.124279432717508,11.850358,5.42376,2016
438,r3i1p1f1,2016,03,14,4.211812258296105,12.857307,0.92300564,2016
439,r3i1p1f1,2016,03,15,0.19055801898489197,12.848086,0.49008667,2016
440,r3i1p1f1,2016,03,16,7.370184780523811,12.573985,2.2197578,2016
441,r3i1p1f1,2016,03,17,0.08434141622274183,13.133116,0.27935624,2016
442,r3i1p1f1,2016,03,18,0.0,15.220535,-0.63561803,2016
443,r3i1p1f1,2016,03,19,0.0,15.232983,0.11072734,2016
444,r3i1p1f1,2016,03,20,0.05279032463449491,15.733286,3.2939394,2016
445,r3i1p1f1,2016,03,21,0.0,17.469461,1.3169742,2016
446,r3i1p1f1,2016,03,22,0.0,19.812637,4.1792383,2016
447,r3i1p1f1,2016,03,23,0.0,21.323162,6.3465157,2016
448,r3i1p1f1,2016,03,24,0.0,22.5224,6.4863997,2016
449,r3i1p1f1,2016,03,25,0.0,22.697956,6.678984,2016
450,r3i1p1f1,2016,03,26,12.434313097002098,20.060604,3.8851204,2016
451,r3i1p1f1,2016,03,27,1.5136834498776242,15.818922,4.7824545,2016
452,r3i1p1f1,2016,03,28,0.2397851442120472,15.339769,3.1872623,2016
453,r3i1p1f1,2016,03,29,0.0010396913002654346,13.874291,1.213813,2016
454,r3i1p1f1,2016,03,30,0.0,18.720293,2.335924,2016
455,r3i1p1f1,2016,03,31,2.0264265425397423,16.8447,4.1913705,2016
456,r3i1p1f1,2016,04,01,13.170605966778098,10.888499,-1.6602815,2016
457,r3i1p1f1,2016,04,02,0.3817485152015279,12.61098,-0.19689494,2016
458,r3i1p1f1,2016,04,03,0.0,14.55887,-0.22837408,2016
459,r3i1p1f1,2016,04,04,0.00010068505423877275,14.209487,1.5190668,2016
460,r3i1p1f1,2016,04,05,0.29008173943003096,15.973236,2.3913484,2016
461,r3i1p1f1,2016,04,06,0.0,16.323406,3.4654398,2016
462,r3i1p1f1,2016,04,07,0.5975337316406446,12.875943,0.8153678,2016
463,r3i1p1f1,2016,04,08,0.0,12.61456,-0.5202904,2016
464,r3i1p1f1,2016,04,09,0.0,16.63883,0.60827905,2016
465,r3i1p1f1,2016,04,10,0.0,21.139334,4.0864487,2016
466,r3i1p1f1,2016,04,11,0.0,24.381996,6.4461393,2016
467,r3i1p1f1,2016,04,12,0.0,24.769648,5.698776,2016
468,r3i1p1f1,2016,04,13,3.171085243456577,19.187078,5.036924,2016
469,r3i1p1f1,2016,04,14,0.7234510506838309,16.499477,3.1596458,2016
470,r3i1p1f1,2016,04,15,0.0,21.045683,4.6302514,2016
471,r3i1p1f1,2016,04,16,0.0,20.23526,4.8631463,2016
472,r3i1p1f1,2016,04,17,0.005212761786259018,18.67096,5.4700184,2016
473,r3i1p1f1,2016,04,18,0.0,21.531351,4.7813416,2016
474,r3i1p1f1,2016,04,19,0.0,22.42887,6.3497925,2016
475,r3i1p1f1,2016,04,20,0.0,20.654968,5.2682586,2016
476,r3i1p1f1,2016,04,21,0.0,21.43527,4.0224996,2016
477,r3i1p1f1,2016,04,22,0.0,25.988392,6.8238444,2016
478,r3i1p1f1,2016,04,23,0.0,25.50404,7.169135,2016
479,r3i1p1f1,2016,04,24,0.0,19.61947,3.9152176,2016
480,r3i1p1f1,2016,04,25,0.0,20.582764,2.5902023,2016
481,r3i1p1f1,2016,04,26,0.0,24.56671,5.349672,2016
482,r3i1p1f1,2016,04,27,0.0,26.746002,7.49492,2016
483,r3i1p1f1,2016,04,28,0.0,29.365744,8.8598995,2016
484,r3i1p1f1,2016,04,29,0.0,28.926184,9.814954,2016
485,r3i1p1f1,2016,04,30,0.0,25.18454,7.5362287,2016
486,r3i1p1f1,2016,05,01,0.13501844424271522,23.966087,7.726408,2016
487,r3i1p1f1,2016,05,02,0.13408072168892954,19.136755,3.8231647,2016
488,r3i1p1f1,2016,05,03,0.00028104099769596803,21.676403,4.296987,2016
489,r3i1p1f1,2016,05,04,0.0,25.844978,5.889872,2016
490,r3i1p1f1,2016,05,05,0.0,26.29968,7.935473,2016
491,r3i1p1f1,2016,05,06,0.0,25.086622,6.0341153,2016
492,r3i1p1f1,2016,05,07,7.043130565738962,18.374302,3.603672,2016
493,r3i1p1f1,2016,05,08,12.6435601917282,11.523038,3.6407378,2016
494,r3i1p1f1,2016,05,09,0.8372666161206629,15.670174,4.6388254,2016
495,r3i1p1f1,2016,05,10,0.0072141320825639095,20.339903,6.185314,2016
496,r3i1p1f1,2016,05,11,0.0,23.102552,5.4645314,2016
497,r3i1p1f1,2016,05,12,0.0,22.383492,5.807342,2016
498,r3i1p1f1,2016,05,13,0.968462886865547,20.655928,5.5015345,2016
499,r3i1p1f1,2016,05,14,0.9158145256945069,18.540552,4.210787,2016
500,r3i1p1f1,2016,05,15,0.3975937291257155,15.781394,2.5437372,2016
501,r3i1p1f1,2016,05,16,0.19762304914007528,20.532253,4.4689474,2016
502,r3i1p1f1,2016,05,17,0.0,24.47011,7.0781717,2016
503,r3i1p1f1,2016,05,18,0.0,26.956503,9.473839,2016
504,r3i1p1f1,2016,05,19,0.0,29.6361,11.17223,2016
505,r3i1p1f1,2016,05,20,0.0,31.57861,13.407979,2016
506,r3i1p1f1,2016,05,21,0.0,33.857452,14.996728,2016
507,r3i1p1f1,2016,05,22,0.0,34.75424,16.00592,2016
508,r3i1p1f1,2016,05,23,0.0,35.285385,15.94387,2016
509,r3i1p1f1,2016,05,24,0.0,33.127453,14.4881315,2016
510,r3i1p1f1,2016,05,25,0.0,32.550797,12.978574,2016
511,r3i1p1f1,2016,05,26,0.0,32.002457,11.881268,2016
512,r3i1p1f1,2016,05,27,0.0,28.02114,9.998837,2016
513,r3i1p1f1,2016,05,28,0.0,27.549324,9.405463,2016
514,r3i1p1f1,2016,05,29,0.0,26.574484,9.54653,2016
515,r3i1p1f1,2016,05,30,0.0,24.12588,9.066675,2016
516,r3i1p1f1,2016,05,31,0.0003731567906498006,24.259743,8.308807,2016
517,r3i1p1f1,2016,06,01,0.0,32.827583,11.403668,2016
518,r3i1p1f1,2016,06,02,0.0002216833606574007,38.01204,16.076202,2016
519,r3i1p1f1,2016,06,03,0.35745731909903977,36.200085,15.323066,2016
520,r3i1p1f1,2016,06,04,2.588367751051547,29.244223,13.906781,2016
521,r3i1p1f1,2016,06,05,0.45602903587237187,35.215176,16.002035,2016
522,r3i1p1f1,2016,06,06,0.36417158589536097,37.556705,17.995909,2016
523,r3i1p1f1,2016,06,07,0.0016862006723937211,38.339462,17.547077,2016
524,r3i1p1f1,2016,06,08,0.0,37.21851,16.482063,2016
525,r3i1p1f1,2016,06,09,0.0036454906997581324,35.29587,15.551508,2016
526,r3i1p1f1,2016,06,10,0.13191918973902692,30.968327,13.619266,2016
527,r3i1p1f1,2016,06,11,0.0018805740260039315,26.930195,14.408566,2016
528,r3i1p1f1,2016,06,12,0.0622045447887627,29.71699,12.3453045,2016
529,r3i1p1f1,2016,06,13,0.0,32.97721,14.079643,2016
530,r3i1p1f1,2016,06,14,0.0,35.38971,15.4862795,2016
531,r3i1p1f1,2016,06,15,0.0699187912158033,35.14873,15.349295,2016
532,r3i1p1f1,2016,06,16,0.1104452403645458,34.595554,15.106427,2016
533,r3i1p1f1,2016,06,17,0.6622471635725533,36.185467,15.900789,2016
534,r3i1p1f1,2016,06,18,0.27173689282955654,36.265594,16.875938,2016
535,r3i1p1f1,2016,06,19,0.40457028700709063,33.731335,15.530324,2016
536,r3i1p1f1,2016,06,20,0.14461048286290007,32.863907,15.414545,2016
537,r3i1p1f1,2016,06,21,0.055654382581864906,36.934822,16.730934,2016
538,r3i1p1f1,2016,06,22,0.04910913335730915,35.484917,16.054695,2016
539,r3i1p1f1,2016,06,23,0.0,31.631845,13.578931,2016
540,r3i1p1f1,2016,06,24,0.0,34.451126,13.790754,2016
541,r3i1p1f1,2016,06,25,0.0,36.64008,15.818196,2016
542,r3i1p1f1,2016,06,26,0.0,37.881638,16.687914,2016
543,r3i1p1f1,2016,06,27,0.0,39.360943,17.351551,2016
544,r3i1p1f1,2016,06,28,0.0,39.347034,18.350115,2016
545,r3i1p1f1,2016,06,29,0.0,37.722893,16.451372,2016
546,r3i1p1f1,2016,06,30,0.0,32.557674,13.432472,2016
547,r3i1p1f1,2016,07,01,0.0,32.86901,14.394806,2016
548,r3i1p1f1,2016,07,02,0.0,33.701702,14.70965,2016
549,r3i1p1f1,2016,07,03,0.00580609543249011,34.595123,14.867989,2016
550,r3i1p1f1,2016,07,04,0.015807256638777977,35.94627,16.386526,2016
551,r3i1p1f1,2016,07,05,0.0,37.14231,17.023226,2016
552,r3i1p1f1,2016,07,06,0.662425822625995,35.823654,16.601507,2016
553,r3i1p1f1,2016,07,07,0.049483580016495776,31.872818,14.655734,2016
554,r3i1p1f1,2016,07,08,0.0,32.56093,14.374885,2016
555,r3i1p1f1,2016,07,09,0.0,33.083263,14.30531,2016
556,r3i1p1f1,2016,07,10,0.0,32.080204,14.21968,2016
557,r3i1p1f1,2016,07,11,0.0,30.877575,12.96203,2016
558,r3i1p1f1,2016,07,12,0.0,30.150919,12.6161375,2016
559,r3i1p1f1,2016,07,13,0.0,30.285961,12.559929,2016
560,r3i1p1f1,2016,07,14,0.0,30.319315,12.801399,2016
561,r3i1p1f1,2016,07,15,0.0,30.901823,13.279919,2016
562,r3i1p1f1,2016,07,16,0.0,33.120358,15.234237,2016
563,r3i1p1f1,2016,07,17,0.0,36.325287,16.864843,2016
564,r3i1p1f1,2016,07,18,0.0,39.583794,18.275782,2016
565,r3i1p1f1,2016,07,19,0.0,40.854797,18.97681,2016
566,r3i1p1f1,2016,07,20,0.0,40.273483,18.902071,2016
567,r3i1p1f1,2016,07,21,0.0,38.603092,18.545826,2016
568,r3i1p1f1,2016,07,22,0.0,34.789474,16.493343,2016
569,r3i1p1f1,2016,07,23,0.0,33.42998,17.072762,2016
570,r3i1p1f1,2016,07,24,0.0,32.574024,16.953918,2016
571,r3i1p1f1,2016,07,25,0.0,32.572678,15.336346,2016
572,r3i1p1f1,2016,07,26,0.0,33.68489,15.401402,2016
573,r3i1p1f1,2016,07,27,0.0,34.961357,16.52754,2016
574,r3i1p1f1,2016,07,28,0.0,35.916862,16.884315,2016
575,r3i1p1f1,2016,07,29,0.0,36.424797,17.40982,2016
576,r3i1p1f1,2016,07,30,0.0,35.65632,16.949429,2016
577,r3i1p1f1,2016,07,31,0.0,33.497177,15.094541,2016
578,r3i1p1f1,2016,08,01,0.0,34.47084,14.851308,2016
579,r3i1p1f1,2016,08,02,0.0,36.27248,15.923057,2016
580,r3i1p1f1,2016,08,03,0.1117403580450848,36.48677,16.575571,2016
581,r3i1p1f1,2016,08,04,1.1291741280707135,35.080475,18.154732,2016
582,r3i1p1f1,2016,08,05,0.4291820584727578,28.761213,14.026653,2016
583,r3i1p1f1,2016,08,06,0.0,33.504517,15.163678,2016
584,r3i1p1f1,2016,08,07,0.0,34.67752,16.531319,2016
585,r3i1p1f1,2016,08,08,0.0,35.260468,16.243797,2016
586,r3i1p1f1,2016,08,09,0.0,36.428093,16.640966,2016
587,r3i1p1f1,2016,08,10,0.0011504098603671248,37.48283,17.535814,2016
588,r3i1p1f1,2016,08,11,0.06155943719380902,38.351616,17.957842,2016
589,r3i1p1f1,2016,08,12,0.012767142722044478,36.96437,18.01999,2016
590,r3i1p1f1,2016,08,13,0.02189989545678889,35.260754,16.324148,2016
591,r3i1p1f1,2016,08,14,0.014001027712683108,33.867523,14.968012,2016
592,r3i1p1f1,2016,08,15,0.03278880018501006,32.407913,14.6589575,2016
593,r3i1p1f1,2016,08,16,0.05252962375931075,32.134926,15.105945,2016
594,r3i1p1f1,2016,08,17,0.0062239827644644365,31.36191,14.347664,2016
595,r3i1p1f1,2016,08,18,0.0,28.916172,11.831411,2016
596,r3i1p1f1,2016,08,19,0.49468991500995774,29.92218,13.835829,2016
597,r3i1p1f1,2016,08,20,0.07122571442254633,31.24765,13.830154,2016
598,r3i1p1f1,2016,08,21,0.8763354133230733,31.335136,14.876549,2016
599,r3i1p1f1,2016,08,22,0.6136201585766023,31.277658,15.9739895,2016
600,r3i1p1f1,2016,08,23,0.22046285461824897,33.8824,16.063715,2016
601,r3i1p1f1,2016,08,24,0.574149925757383,33.575554,15.915637,2016
602,r3i1p1f1,2016,08,25,0.1525282987550423,34.126766,15.055716,2016
603,r3i1p1f1,2016,08,26,0.4600624328304548,33.261757,13.964436,2016
604,r3i1p1f1,2016,08,27,0.0,32.237926,13.107172,2016
605,r3i1p1f1,2016,08,28,0.011389153704371754,32.99445,13.181717,2016
606,r3i1p1f1,2016,08,29,0.0,32.83389,13.129083,2016
607,r3i1p1f1,2016,08,30,0.0,33.720135,13.404274,2016
608,r3i1p1f1,2016,08,31,0.008167231166170854,36.510612,14.267198,2016
609,r3i1p1f1,2016,09,01,0.9839416917891481,34.24081,18.03764,2016
610,r3i1p1f1,2016,09,02,2.509947691414158,32.750835,18.03052,2016
611,r3i1p1f1,2016,09,03,0.0,31.907827,16.177168,2016
612,r3i1p1f1,2016,09,04,0.0,30.712294,12.823557,2016
613,r3i1p1f1,2016,09,05,0.0,31.871054,13.657562,2016
614,r3i1p1f1,2016,09,06,0.0,33.7816,14.819121,2016
615,r3i1p1f1,2016,09,07,0.0,33.391407,15.375033,2016
616,r3i1p1f1,2016,09,08,0.0,33.698444,14.765784,2016
617,r3i1p1f1,2016,09,09,0.0,33.390076,15.119404,2016
618,r3i1p1f1,2016,09,10,0.0,33.275093,14.8572235,2016
619,r3i1p1f1,2016,09,11,0.0,34.130886,14.989829,2016
620,r3i1p1f1,2016,09,12,0.0,33.58463,15.394898,2016
621,r3i1p1f1,2016,09,13,0.0,32.963524,14.786046,2016
622,r3i1p1f1,2016,09,14,0.0,31.236214,13.542731,2016
623,r3i1p1f1,2016,09,15,0.0,25.335146,9.730855,2016
624,r3i1p1f1,2016,09,16,0.0,21.755165,5.9624825,2016
625,r3i1p1f1,2016,09,17,0.0032514760294526986,20.776342,4.7862163,2016
626,r3i1p1f1,2016,09,18,0.0049646607173296315,20.989218,5.0054336,2016
627,r3i1p1f1,2016,09,19,0.0,22.807018,5.797147,2016
628,r3i1p1f1,2016,09,20,0.0,22.972971,6.3571653,2016
629,r3i1p1f1,2016,09,21,0.0,21.217237,5.186269,2016
630,r3i1p1f1,2016,09,22,0.0,20.324686,4.1529036,2016
631,r3i1p1f1,2016,09,23,0.0,21.069534,3.8399243,2016
632,r3i1p1f1,2016,09,24,0.0,21.753967,5.323828,2016
633,r3i1p1f1,2016,09,25,0.0,22.223106,6.0115952,2016
634,r3i1p1f1,2016,09,26,0.0,22.73118,6.654807,2016
635,r3i1p1f1,2016,09,27,0.005731988119695223,23.583735,6.441045,2016
636,r3i1p1f1,2016,09,28,0.11198937556896867,24.57849,9.365909,2016
637,r3i1p1f1,2016,09,29,0.0,24.032505,7.802234,2016
638,r3i1p1f1,2016,09,30,0.0,24.13668,7.615603,2016
639,r3i1p1f1,2016,10,01,0.0,25.849106,8.537426,2016
640,r3i1p1f1,2016,10,02,0.0,25.966528,9.651825,2016
641,r3i1p1f1,2016,10,03,0.0,27.420465,10.903769,2016
642,r3i1p1f1,2016,10,04,0.1518642847958924,26.696012,11.691018,2016
643,r3i1p1f1,2016,10,05,0.1128949805526204,24.637676,9.321264,2016
644,r3i1p1f1,2016,10,06,0.6036414909693011,17.000376,2.643373,2016
645,r3i1p1f1,2016,10,07,0.25321354598087387,17.212059,2.8883514,2016
646,r3i1p1f1,2016,10,08,0.0,20.596502,4.2166705,2016
647,r3i1p1f1,2016,10,09,0.0,24.26035,6.12754,2016
648,r3i1p1f1,2016,10,10,0.0,27.450802,8.342213,2016
649,r3i1p1f1,2016,10,11,0.0002575890870172192,24.806646,6.746635,2016
650,r3i1p1f1,2016,10,12,0.0,22.058659,7.2951574,2016
651,r3i1p1f1,2016,10,13,0.0,28.174702,9.399139,2016
652,r3i1p1f1,2016,10,14,0.0,32.786633,13.278763,2016
653,r3i1p1f1,2016,10,15,0.0,32.702347,14.305182,2016
654,r3i1p1f1,2016,10,16,0.0,31.395065,13.354266,2016
655,r3i1p1f1,2016,10,17,0.0,28.97965,11.284165,2016
656,r3i1p1f1,2016,10,18,0.0,25.329573,8.1086445,2016
657,r3i1p1f1,2016,10,19,0.0,26.751228,8.25789,2016
658,r3i1p1f1,2016,10,20,0.0,31.360186,11.983902,2016
659,r3i1p1f1,2016,10,21,0.0,32.741333,14.2099,2016
660,r3i1p1f1,2016,10,22,0.0,32.69098,14.2354765,2016
661,r3i1p1f1,2016,10,23,0.0,30.691835,11.312058,2016
662,r3i1p1f1,2016,10,24,0.0,26.737524,8.393913,2016
663,r3i1p1f1,2016,10,25,0.0,24.247898,8.141789,2016
664,r3i1p1f1,2016,10,26,0.0,22.700634,7.75825,2016
665,r3i1p1f1,2016,10,27,0.0,20.538301,5.3257523,2016
666,r3i1p1f1,2016,10,28,0.0,19.661787,2.424261,2016
667,r3i1p1f1,2016,10,29,0.0,23.213512,3.9795692,2016
668,r3i1p1f1,2016,10,30,0.002452957472114852,21.583527,6.819232,2016
669,r3i1p1f1,2016,10,31,0.9084464280633917,18.424282,6.472517,2016
670,r3i1p1f1,2016,11,01,1.5782842280730784,14.870516,4.4438753,2016
671,r3i1p1f1,2016,11,02,1.1435301879669857,11.950558,0.084278986,2016
672,r3i1p1f1,2016,11,03,0.0,15.0925665,-0.02728621,2016
673,r3i1p1f1,2016,11,04,0.0,17.507092,0.16609739,2016
674,r3i1p1f1,2016,11,05,0.0,16.605207,0.70104295,2016
675,r3i1p1f1,2016,11,06,0.0,16.496752,1.2201327,2016
676,r3i1p1f1,2016,11,07,0.0,19.451004,1.4250848,2016
677,r3i1p1f1,2016,11,08,0.0,18.699461,2.4181416,2016
678,r3i1p1f1,2016,11,09,0.0,17.110725,2.3011782,2016
679,r3i1p1f1,2016,11,10,0.0,20.504297,2.993382,2016
680,r3i1p1f1,2016,11,11,0.0,18.681997,2.3974895,2016
681,r3i1p1f1,2016,11,12,0.0,20.953825,2.267523,2016
682,r3i1p1f1,2016,11,13,0.037756718379431266,18.729185,4.647508,2016
683,r3i1p1f1,2016,11,14,0.1267574208268894,18.709085,4.976276,2016
684,r3i1p1f1,2016,11,15,0.0,19.683176,3.0318851,2016
685,r3i1p1f1,2016,11,16,0.0,18.209417,3.6721938,2016
686,r3i1p1f1,2016,11,17,0.0,16.049784,2.2199163,2016
687,r3i1p1f1,2016,11,18,0.0,14.881226,-0.30621377,2016
688,r3i1p1f1,2016,11,19,0.0,16.339108,-0.82158047,2016
689,r3i1p1f1,2016,11,20,0.0,18.501493,0.6417936,2016
690,r3i1p1f1,2016,11,21,0.0,16.52386,-0.7018373,2016
691,r3i1p1f1,2016,11,22,0.0,16.138758,-1.3575938,2016
692,r3i1p1f1,2016,11,23,0.0,15.667077,-1.8996699,2016
693,r3i1p1f1,2016,11,24,0.0,19.955616,5.4314027,2016
694,r3i1p1f1,2016,11,25,0.0,21.454811,5.0868998,2016
695,r3i1p1f1,2016,11,26,0.0,19.052172,5.5559,2016
696,r3i1p1f1,2016,11,27,0.009725386107950753,16.794344,3.817911,2016
697,r3i1p1f1,2016,11,28,0.0,17.187881,-1.4369285,2016
698,r3i1p1f1,2016,11,29,0.0,18.005573,-0.2667588,2016
699,r3i1p1f1,2016,11,30,0.0,16.06362,-2.8921037,2016
700,r3i1p1f1,2016,12,01,0.0,10.601787,-3.3656738,2016
701,r3i1p1f1,2016,12,02,0.0,11.049079,-3.7978554,2016
702,r3i1p1f1,2016,12,03,0.0,15.199958,-1.4731518,2016
703,r3i1p1f1,2016,12,04,0.0,17.436201,0.2777193,2016
704,r3i1p1f1,2016,12,05,0.0,17.383362,1.3455365,2016
705,r3i1p1f1,2016,12,06,0.0,18.210752,2.80636,2016
706,r3i1p1f1,2016,12,07,0.001173447605899789,15.449707,3.4266207,2016
707,r3i1p1f1,2016,12,08,0.0,12.528221,-1.2518686,2016
708,r3i1p1f1,2016,12,09,0.0,16.530916,-0.3838201,2016
709,r3i1p1f1,2016,12,10,0.0,17.269537,0.79537976,2016
710,r3i1p1f1,2016,12,11,0.0,17.60826,1.4510281,2016
711,r3i1p1f1,2016,12,12,0.0,16.526407,1.7088001,2016
712,r3i1p1f1,2016,12,13,0.0,15.015807,-2.307127,2016
713,r3i1p1f1,2016,12,14,0.0,15.362107,-0.71582776,2016
714,r3i1p1f1,2016,12,15,0.015473410339010034,13.871337,-0.98530763,2016
715,r3i1p1f1,2016,12,16,0.339594242350634,6.561951,-1.6075948,2016
716,r3i1p1f1,2016,12,17,0.0,5.094902,-10.914077,2016
717,r3i1p1f1,2016,12,18,0.0,8.620756,-8.360148,2016
718,r3i1p1f1,2016,12,19,0.0,16.154314,-1.1544385,2016
719,r3i1p1f1,2016,12,20,0.0,19.635075,1.7067081,2016
720,r3i1p1f1,2016,12,21,0.0,16.130625,0.9775431,2016
721,r3i1p1f1,2016,12,22,0.09938214688824673,9.030578,-2.587822,2016
722,r3i1p1f1,2016,12,23,0.050695469932785876,10.8727,-6.9140205,2016
723,r3i1p1f1,2016,12,24,18.841341458310403,9.598165,-1.5343989,2016
724,r3i1p1f1,2016,12,25,8.814716414904758,5.414423,-0.6520036,2016
725,r3i1p1f1,2016,12,26,8.572186725205441,7.2260156,-2.0373733,2016
726,r3i1p1f1,2016,12,27,0.020943405371243982,7.655481,-4.9337006,2016
727,r3i1p1f1,2016,12,28,0.9837326435698549,7.8251734,-1.1788446,2016
728,r3i1p1f1,2016,12,29,0.0,9.677208,-3.8275971,2016
729,r3i1p1f1,2016,12,30,0.0,10.059372,-4.332736,2016
730,r3i1p1f1,2016,12,31,0.0,10.984584,-3.2933185,2016
731,r3i1p1f1,2017,01,01,0.0,10.50052,-3.8452938,2017
732,r3i1p1f1,2017,01,02,0.0,8.482327,-5.043913,2017
733,r3i1p1f1,2017,01,03,0.0,9.203934,-3.992605,2017
734,r3i1p1f1,2017,01,04,0.0,13.65215,-1.6272762,2017
735,r3i1p1f1,2017,01,05,0.0,13.883031,-0.7011924,2017
736,r3i1p1f1,2017,01,06,0.0,14.416136,-0.34655464,2017
737,r3i1p1f1,2017,01,07,0.0,16.85862,1.6093827,2017
738,r3i1p1f1,2017,01,08,0.0,17.866003,3.2816656,2017
739,r3i1p1f1,2017,01,09,0.0,20.603271,5.0534496,2017
740,r3i1p1f1,2017,01,10,0.0,20.66462,5.933363,2017
741,r3i1p1f1,2017,01,11,0.0023722513155503707,19.272823,5.8034935,2017
742,r3i1p1f1,2017,01,12,0.018355507493128465,15.373069,2.3763752,2017
743,r3i1p1f1,2017,01,13,0.07076154078345787,14.452592,0.92764384,2017
744,r3i1p1f1,2017,01,14,0.0,12.288873,-0.4238548,2017
745,r3i1p1f1,2017,01,15,0.0,11.457559,-0.9050115,2017
746,r3i1p1f1,2017,01,16,0.0,11.932482,-1.1394169,2017
747,r3i1p1f1,2017,01,17,0.0,11.379749,-0.6340316,2017
748,r3i1p1f1,2017,01,18,0.0,9.831814,-3.949408,2017
749,r3i1p1f1,2017,01,19,0.0,10.454618,-3.811774,2017
750,r3i1p1f1,2017,01,20,0.0,11.503204,-3.4328313,2017
751,r3i1p1f1,2017,01,21,0.0,12.2880945,-0.9818489,2017
752,r3i1p1f1,2017,01,22,0.0,14.687187,0.031236026,2017
753,r3i1p1f1,2017,01,23,0.0,16.454044,0.9526766,2017
754,r3i1p1f1,2017,01,24,0.0,15.909062,1.4179137,2017
755,r3i1p1f1,2017,01,25,0.0,17.418995,1.2981374,2017
756,r3i1p1f1,2017,01,26,0.0,16.429163,3.306721,2017
757,r3i1p1f1,2017,01,27,0.008914900571460637,18.270931,3.8503432,2017
758,r3i1p1f1,2017,01,28,0.0,20.08305,4.3447943,2017
759,r3i1p1f1,2017,01,29,0.027232709760551876,18.61526,2.126925,2017
760,r3i1p1f1,2017,01,30,0.0,18.03473,1.8137376,2017
761,r3i1p1f1,2017,01,31,12.867882882551799,18.594988,6.6467333,2017
762,r3i1p1f1,2017,02,01,0.05818213348737283,12.163279,0.2512189,2017
763,r3i1p1f1,2017,02,02,10.198907592721575,11.103981,2.1619303,2017
764,r3i1p1f1,2017,02,03,0.11655769909945472,10.732246,-2.2242653,2017
765,r3i1p1f1,2017,02,04,1.3798135225398724,11.309136,1.2198857,2017
766,r3i1p1f1,2017,02,05,3.973359833497384,15.500161,5.6840806,2017
767,r3i1p1f1,2017,02,06,0.02178675561453653,18.225222,4.0252447,2017
768,r3i1p1f1,2017,02,07,0.0,18.637072,4.3165464,2017
769,r3i1p1f1,2017,02,08,0.004667255308242712,18.403889,4.481649,2017
770,r3i1p1f1,2017,02,09,0.0,15.9748125,1.9749421,2017
771,r3i1p1f1,2017,02,10,0.0011693009803297393,14.075875,-1.5522703,2017
772,r3i1p1f1,2017,02,11,0.01718832500046119,12.502671,2.035703,2017
773,r3i1p1f1,2017,02,12,0.07098369073267377,13.153875,1.7725406,2017
774,r3i1p1f1,2017,02,13,0.0,13.617645,-1.9303544,2017
775,r3i1p1f1,2017,02,14,0.0,15.821493,0.022530645,2017
776,r3i1p1f1,2017,02,15,0.021350864148134308,15.720614,-0.747478,2017
777,r3i1p1f1,2017,02,16,1.7130404447027214,12.519867,-0.5358414,2017
778,r3i1p1f1,2017,02,17,1.1092369501464858,8.185728,-2.520805,2017
779,r3i1p1f1,2017,02,18,0.0,12.102887,-3.5923734,2017
780,r3i1p1f1,2017,02,19,0.0,12.432629,-2.9451153,2017
781,r3i1p1f1,2017,02,20,0.0,12.620304,-3.1479237,2017
782,r3i1p1f1,2017,02,21,0.0,14.515129,-1.6295857,2017
783,r3i1p1f1,2017,02,22,0.0011688927858785698,17.346056,0.88513595,2017
784,r3i1p1f1,2017,02,23,0.1311495450996021,15.764804,3.50129,2017
785,r3i1p1f1,2017,02,24,0.0,11.729811,-3.3736327,2017
786,r3i1p1f1,2017,02,25,0.0,14.265329,-1.9519426,2017
787,r3i1p1f1,2017,02,26,0.0,18.58111,1.7758216,2017
788,r3i1p1f1,2017,02,27,0.0,18.042574,2.4492037,2017
789,r3i1p1f1,2017,02,28,0.0,14.956972,2.1923559,2017
790,r3i1p1f1,2017,03,01,0.0,14.935353,-3.0622919,2017
791,r3i1p1f1,2017,03,02,0.0,18.332275,-0.256912,2017
792,r3i1p1f1,2017,03,03,0.0018506955089061662,17.755842,1.4095258,2017
793,r3i1p1f1,2017,03,04,0.0,17.05369,-0.1912145,2017
794,r3i1p1f1,2017,03,05,0.0027809543958441777,16.24234,-0.7920907,2017
795,r3i1p1f1,2017,03,06,0.0007334585340383152,15.879658,-1.1239722,2017
796,r3i1p1f1,2017,03,07,0.0,16.345955,-1.4592258,2017
797,r3i1p1f1,2017,03,08,0.0,18.555145,-0.50133324,2017
798,r3i1p1f1,2017,03,09,0.0,17.868277,-0.16710459,2017
799,r3i1p1f1,2017,03,10,0.38505945039146766,12.43875,-4.7980328,2017
800,r3i1p1f1,2017,03,11,5.630016326305271,3.3992896,-6.4799333,2017
801,r3i1p1f1,2017,03,12,0.11738673509116228,8.254924,-4.453764,2017
802,r3i1p1f1,2017,03,13,0.028480635257548067,8.79714,-2.7412803,2017
803,r3i1p1f1,2017,03,14,0.7301848410596986,9.322234,-1.6776906,2017
804,r3i1p1f1,2017,03,15,0.0,12.738121,-5.5842376,2017
805,r3i1p1f1,2017,03,16,0.0,16.235296,-1.4941404,2017
806,r3i1p1f1,2017,03,17,0.013316857724875621,14.51563,-1.0125952,2017
807,r3i1p1f1,2017,03,18,1.33060414928905,13.844918,0.7165929,2017
808,r3i1p1f1,2017,03,19,1.3666128315030206,16.675697,5.599962,2017
809,r3i1p1f1,2017,03,20,0.017072820161102398,19.634357,4.5304995,2017
810,r3i1p1f1,2017,03,21,0.0,21.537151,4.3279986,2017
811,r3i1p1f1,2017,03,22,0.0,22.87696,6.0037184,2017
812,r3i1p1f1,2017,03,23,0.0,23.817171,7.261382,2017
813,r3i1p1f1,2017,03,24,0.00011165803615850481,24.284025,8.973869,2017
814,r3i1p1f1,2017,03,25,0.0,24.254553,7.2079644,2017
815,r3i1p1f1,2017,03,26,0.022760429331383697,25.046179,7.031415,2017
816,r3i1p1f1,2017,03,27,0.0,21.691328,5.061352,2017
817,r3i1p1f1,2017,03,28,0.0,20.904547,2.7210472,2017
818,r3i1p1f1,2017,03,29,0.0,24.03819,5.2711596,2017
819,r3i1p1f1,2017,03,30,0.056999385767884436,23.86956,5.7623625,2017
820,r3i1p1f1,2017,03,31,0.9874283640667934,18.649124,4.3548965,2017
821,r3i1p1f1,2017,04,01,0.0013339557600292292,19.23247,2.4853537,2017
822,r3i1p1f1,2017,04,02,0.0,22.470406,2.7123277,2017
823,r3i1p1f1,2017,04,03,0.0,20.721766,3.7730591,2017
824,r3i1p1f1,2017,04,04,0.0014845546419647608,18.194635,1.5066334,2017
825,r3i1p1f1,2017,04,05,0.010423703475460185,16.567505,-0.99321336,2017
826,r3i1p1f1,2017,04,06,0.0,20.508041,1.1036552,2017
827,r3i1p1f1,2017,04,07,0.0,22.42514,2.8433125,2017
828,r3i1p1f1,2017,04,08,0.0007402951913801106,19.620552,2.9774601,2017
829,r3i1p1f1,2017,04,09,0.0,18.323479,0.90038973,2017
830,r3i1p1f1,2017,04,10,0.00243486004006682,18.806883,3.5459242,2017
831,r3i1p1f1,2017,04,11,0.0,21.356194,2.7453296,2017
832,r3i1p1f1,2017,04,12,0.0,25.152609,4.8899093,2017
833,r3i1p1f1,2017,04,13,0.0,27.14132,7.5201635,2017
834,r3i1p1f1,2017,04,14,0.0,28.512514,8.62315,2017
835,r3i1p1f1,2017,04,15,0.0,29.797453,9.818055,2017
836,r3i1p1f1,2017,04,16,0.0,32.501556,11.090713,2017
837,r3i1p1f1,2017,04,17,0.0,31.14427,12.828667,2017
838,r3i1p1f1,2017,04,18,0.0007213942202118536,29.050081,11.217564,2017
839,r3i1p1f1,2017,04,19,0.0,23.987883,5.7049294,2017
840,r3i1p1f1,2017,04,20,0.0,28.355722,7.937405,2017
841,r3i1p1f1,2017,04,21,0.0,32.852367,11.710273,2017
842,r3i1p1f1,2017,04,22,0.0,34.626373,13.814363,2017
843,r3i1p1f1,2017,04,23,0.0,34.805355,13.785501,2017
844,r3i1p1f1,2017,04,24,0.0,33.509384,13.303274,2017
845,r3i1p1f1,2017,04,25,0.0,28.15343,11.194225,2017
846,r3i1p1f1,2017,04,26,0.0,31.838373,9.686341,2017
847,r3i1p1f1,2017,04,27,0.001069201354050275,29.851034,11.649756,2017
848,r3i1p1f1,2017,04,28,0.00040298368372587544,26.686174,8.451046,2017
849,r3i1p1f1,2017,04,29,2.8250338627517833,22.250916,5.0530047,2017
850,r3i1p1f1,2017,04,30,2.084995870413188,15.422847,4.3527145,2017
851,r3i1p1f1,2017,05,01,0.0,25.087801,6.7962723,2017
852,r3i1p1f1,2017,05,02,0.0,26.853027,8.463238,2017
853,r3i1p1f1,2017,05,03,0.04654094627987819,23.476665,6.6294804,2017
854,r3i1p1f1,2017,05,04,0.0,22.375725,4.3125844,2017
855,r3i1p1f1,2017,05,05,0.0,25.468344,6.6717052,2017
856,r3i1p1f1,2017,05,06,0.0,26.556093,7.8538613,2017
857,r3i1p1f1,2017,05,07,0.0,31.224804,10.580186,2017
858,r3i1p1f1,2017,05,08,0.0,34.33103,13.282793,2017
859,r3i1p1f1,2017,05,09,0.0,33.470657,12.131164,2017
860,r3i1p1f1,2017,05,10,0.0,30.937601,11.80122,2017
861,r3i1p1f1,2017,05,11,0.0,29.431158,11.917004,2017
862,r3i1p1f1,2017,05,12,0.0,31.511047,10.478394,2017
863,r3i1p1f1,2017,05,13,0.0,32.894886,11.451347,2017
864,r3i1p1f1,2017,05,14,0.0,33.69592,12.58101,2017
865,r3i1p1f1,2017,05,15,0.0,33.92678,12.82669,2017
866,r3i1p1f1,2017,05,16,0.037359321965292715,32.828384,12.199784,2017
867,r3i1p1f1,2017,05,17,0.14849855086298924,32.055557,13.510115,2017
868,r3i1p1f1,2017,05,18,0.0,31.206972,10.993077,2017
869,r3i1p1f1,2017,05,19,0.0,25.271631,6.571773,2017
870,r3i1p1f1,2017,05,20,0.0,21.219177,4.7624183,2017
871,r3i1p1f1,2017,05,21,0.0,28.39954,8.979052,2017
872,r3i1p1f1,2017,05,22,0.0,33.085342,12.80379,2017
873,r3i1p1f1,2017,05,23,0.0,34.001923,13.838475,2017
874,r3i1p1f1,2017,05,24,0.0,32.927765,12.768734,2017
875,r3i1p1f1,2017,05,25,0.0,30.45276,12.454991,2017
876,r3i1p1f1,2017,05,26,0.0,30.470062,12.164757,2017
877,r3i1p1f1,2017,05,27,0.0,30.852074,11.763183,2017
878,r3i1p1f1,2017,05,28,0.0,28.937885,10.688724,2017
879,r3i1p1f1,2017,05,29,0.0,25.2017,8.097743,2017
880,r3i1p1f1,2017,05,30,0.0,24.47387,6.5566244,2017
881,r3i1p1f1,2017,05,31,0.0,28.820724,9.796764,2017
882,r3i1p1f1,2017,06,01,0.0,31.368477,10.690158,2017
883,r3i1p1f1,2017,06,02,0.0,33.11089,12.32047,2017
884,r3i1p1f1,2017,06,03,0.0,33.452305,12.851709,2017
885,r3i1p1f1,2017,06,04,0.0,33.066055,13.129047,2017
886,r3i1p1f1,2017,06,05,0.0,31.90331,13.0978775,2017
887,r3i1p1f1,2017,06,06,0.0,34.428986,14.123739,2017
888,r3i1p1f1,2017,06,07,0.0,35.785168,15.249653,2017
889,r3i1p1f1,2017,06,08,0.0,38.556515,16.88633,2017
890,r3i1p1f1,2017,06,09,0.0,37.958992,18.247246,2017
891,r3i1p1f1,2017,06,10,0.0,38.016777,17.447824,2017
892,r3i1p1f1,2017,06,11,0.0,35.799442,16.20603,2017
893,r3i1p1f1,2017,06,12,0.0,34.894253,15.181149,2017
894,r3i1p1f1,2017,06,13,0.0,34.828094,16.022013,2017
895,r3i1p1f1,2017,06,14,0.009897773182301811,33.87218,17.91708,2017
896,r3i1p1f1,2017,06,15,0.010172486760314892,36.84267,16.86302,2017
897,r3i1p1f1,2017,06,16,0.0009576946489908026,35.846615,16.70758,2017
898,r3i1p1f1,2017,06,17,0.0,34.89668,15.431536,2017
899,r3i1p1f1,2017,06,18,0.01184627940705413,35.823322,16.201239,2017
900,r3i1p1f1,2017,06,19,0.0,36.373062,19.087557,2017
901,r3i1p1f1,2017,06,20,0.0,37.366364,18.21406,2017
902,r3i1p1f1,2017,06,21,0.0,35.7383,17.181847,2017
903,r3i1p1f1,2017,06,22,0.0,34.060265,15.018405,2017
904,r3i1p1f1,2017,06,23,0.0,34.53692,14.967249,2017
905,r3i1p1f1,2017,06,24,0.0,35.68306,15.204612,2017
906,r3i1p1f1,2017,06,25,0.0,37.476814,16.599468,2017
907,r3i1p1f1,2017,06,26,0.0,38.632504,17.555573,2017
908,r3i1p1f1,2017,06,27,0.008849519460151592,37.2282,19.008797,2017
909,r3i1p1f1,2017,06,28,2.24509960365498,35.384674,16.98839,2017
910,r3i1p1f1,2017,06,29,0.05308199419894002,37.119408,18.744415,2017
911,r3i1p1f1,2017,06,30,0.015632831703194162,36.564198,18.0016,2017
912,r3i1p1f1,2017,07,01,0.0,33.514904,14.919064,2017
913,r3i1p1f1,2017,07,02,0.0,34.24847,15.063217,2017
914,r3i1p1f1,2017,07,03,0.0,33.637012,16.201942,2017
915,r3i1p1f1,2017,07,04,0.0,33.39232,16.315378,2017
916,r3i1p1f1,2017,07,05,0.0,33.699936,16.979708,2017
917,r3i1p1f1,2017,07,06,0.0,33.932648,14.990567,2017
918,r3i1p1f1,2017,07,07,0.0,36.544834,17.965313,2017
919,r3i1p1f1,2017,07,08,0.0,39.185547,19.4801,2017
920,r3i1p1f1,2017,07,09,0.0,41.434128,21.053528,2017
921,r3i1p1f1,2017,07,10,0.002129947216334668,41.486626,22.37791,2017
922,r3i1p1f1,2017,07,11,0.034724663851331126,35.356327,18.42046,2017
923,r3i1p1f1,2017,07,12,0.0,36.730804,17.945549,2017
924,r3i1p1f1,2017,07,13,0.0,36.209435,18.311663,2017
925,r3i1p1f1,2017,07,14,1.0810227683087401,35.152737,19.143045,2017
926,r3i1p1f1,2017,07,15,0.0,36.477562,18.770756,2017
927,r3i1p1f1,2017,07,16,0.0,37.193386,18.632303,2017
928,r3i1p1f1,2017,07,17,0.008399436095108589,36.21659,18.86528,2017
929,r3i1p1f1,2017,07,18,0.0,36.09499,17.677637,2017
930,r3i1p1f1,2017,07,19,0.010998565756546503,37.475716,17.929197,2017
931,r3i1p1f1,2017,07,20,0.0,39.136776,18.866116,2017
932,r3i1p1f1,2017,07,21,0.0,38.410034,18.372213,2017
933,r3i1p1f1,2017,07,22,0.0,35.406025,17.257116,2017
934,r3i1p1f1,2017,07,23,0.0,32.719208,16.31458,2017
935,r3i1p1f1,2017,07,24,0.0,31.68636,15.06559,2017
936,r3i1p1f1,2017,07,25,0.8653148122054214,29.454601,14.077483,2017
937,r3i1p1f1,2017,07,26,6.434585229977859,28.226965,16.255264,2017
938,r3i1p1f1,2017,07,27,2.5555893488065826,28.846664,15.505471,2017
939,r3i1p1f1,2017,07,28,1.132975799590702,30.657934,15.4185095,2017
940,r3i1p1f1,2017,07,29,0.895171554112687,34.39567,16.431976,2017
941,r3i1p1f1,2017,07,30,2.228086607946986,34.476917,17.50326,2017
942,r3i1p1f1,2017,07,31,1.7986803581257074,34.501564,18.158508,2017
943,r3i1p1f1,2017,08,01,0.9148019482293448,35.084625,17.832304,2017
944,r3i1p1f1,2017,08,02,0.3036874052045415,34.79585,17.337124,2017
945,r3i1p1f1,2017,08,03,0.5113906395148881,33.97523,17.203201,2017
946,r3i1p1f1,2017,08,04,0.14567533185155215,31.620605,15.665352,2017
947,r3i1p1f1,2017,08,05,0.5462370492552343,34.231277,16.779337,2017
948,r3i1p1f1,2017,08,06,0.15781103535504593,35.959797,17.919365,2017
949,r3i1p1f1,2017,08,07,1.903288621432983,36.20209,17.816614,2017
950,r3i1p1f1,2017,08,08,2.403116969305274,34.377834,17.849981,2017
951,r3i1p1f1,2017,08,09,0.22542466676013923,34.322243,15.784312,2017
952,r3i1p1f1,2017,08,10,7.362645094381702,31.917881,16.37512,2017
953,r3i1p1f1,2017,08,11,3.769156772933925,22.662216,13.760152,2017
954,r3i1p1f1,2017,08,12,0.5539201371114663,28.66122,16.03207,2017
955,r3i1p1f1,2017,08,13,0.009179675358940254,30.668406,15.916002,2017
956,r3i1p1f1,2017,08,14,0.050263128104041134,33.081852,15.949686,2017
957,r3i1p1f1,2017,08,15,0.0014286105182360518,33.29347,15.883504,2017
958,r3i1p1f1,2017,08,16,0.6160837776119341,34.751854,15.577161,2017
959,r3i1p1f1,2017,08,17,2.082362102896282,35.650253,18.058819,2017
960,r3i1p1f1,2017,08,18,0.5212243088824449,34.43003,17.761774,2017
961,r3i1p1f1,2017,08,19,0.13240908346867372,34.37359,17.356642,2017
962,r3i1p1f1,2017,08,20,0.13044823537876998,33.350533,16.447311,2017
963,r3i1p1f1,2017,08,21,0.004685003024695272,31.498323,13.893126,2017
964,r3i1p1f1,2017,08,22,0.17887812575998285,31.869999,14.367853,2017
965,r3i1p1f1,2017,08,23,1.4337051087358939,31.491734,14.905182,2017
966,r3i1p1f1,2017,08,24,0.583663409991211,30.580275,15.51353,2017
967,r3i1p1f1,2017,08,25,0.04010557281700047,33.334946,17.510881,2017
968,r3i1p1f1,2017,08,26,0.0,36.153057,18.38535,2017
969,r3i1p1f1,2017,08,27,0.20708033871470075,36.502483,17.925196,2017
970,r3i1p1f1,2017,08,28,0.5406377139429837,36.02666,17.751995,2017
971,r3i1p1f1,2017,08,29,0.7439543121885932,34.7831,16.887827,2017
972,r3i1p1f1,2017,08,30,0.6448531938120582,35.20357,17.648928,2017
973,r3i1p1f1,2017,08,31,2.0734104124913397,34.469467,16.838037,2017
974,r3i1p1f1,2017,09,01,3.8966844503971574,32.65282,17.417841,2017
975,r3i1p1f1,2017,09,02,0.22225721639353485,32.96624,17.520458,2017
976,r3i1p1f1,2017,09,03,0.0010729507740699883,32.61374,15.711374,2017
977,r3i1p1f1,2017,09,04,0.0,31.752031,13.593055,2017
978,r3i1p1f1,2017,09,05,0.0,32.66838,14.083407,2017
979,r3i1p1f1,2017,09,06,0.0,33.4832,15.196987,2017
980,r3i1p1f1,2017,09,07,0.0,32.48653,15.472578,2017
981,r3i1p1f1,2017,09,08,0.0,31.88858,13.742919,2017
982,r3i1p1f1,2017,09,09,0.0,33.53543,13.893669,2017
983,r3i1p1f1,2017,09,10,0.0,33.958923,14.051915,2017
984,r3i1p1f1,2017,09,11,0.0,33.70283,16.576109,2017
985,r3i1p1f1,2017,09,12,0.0,34.521584,18.07585,2017
986,r3i1p1f1,2017,09,13,1.0049597198094213,31.805902,18.99785,2017
987,r3i1p1f1,2017,09,14,0.017394896325585607,31.536041,16.853445,2017
988,r3i1p1f1,2017,09,15,0.0,32.932766,14.989447,2017
989,r3i1p1f1,2017,09,16,0.0014441730772060428,33.861477,16.375622,2017
990,r3i1p1f1,2017,09,17,0.0,34.83137,17.148373,2017
991,r3i1p1f1,2017,09,18,0.05650363776966873,34.729614,16.888971,2017
992,r3i1p1f1,2017,09,19,0.29054005191111093,31.670553,16.740217,2017
993,r3i1p1f1,2017,09,20,0.14825284851020004,32.8287,14.915597,2017
994,r3i1p1f1,2017,09,21,0.014789383413065507,35.146214,17.175865,2017
995,r3i1p1f1,2017,09,22,0.17436231003971028,34.443092,19.667072,2017
996,r3i1p1f1,2017,09,23,0.11055915246481274,35.112392,17.494434,2017
997,r3i1p1f1,2017,09,24,0.1364827382944482,34.867382,16.985918,2017
998,r3i1p1f1,2017,09,25,0.0009577175351847527,34.947292,18.590153,2017
999,r3i1p1f1,2017,09,26,0.0,34.89703,16.45935,2017
1000,r3i1p1f1,2017,09,27,0.0,34.2583,14.635777,2017
1001,r3i1p1f1,2017,09,28,0.0,30.230959,11.7622175,2017
1002,r3i1p1f1,2017,09,29,0.0,25.292767,9.552489,2017
1003,r3i1p1f1,2017,09,30,0.0,24.777782,9.467814,2017
1004,r3i1p1f1,2017,10,01,0.0,24.749321,9.129621,2017
1005,r3i1p1f1,2017,10,02,0.0010203968761771014,24.219648,9.254326,2017
1006,r3i1p1f1,2017,10,03,0.016355712608801143,25.68871,9.058692,2017
1007,r3i1p1f1,2017,10,04,0.22540151287103072,25.016052,11.624097,2017
1008,r3i1p1f1,2017,10,05,0.07876745534524547,28.665808,11.172724,2017
1009,r3i1p1f1,2017,10,06,0.000416051744568077,30.467455,11.843413,2017
1010,r3i1p1f1,2017,10,07,0.0,29.069904,11.420502,2017
1011,r3i1p1f1,2017,10,08,0.0,27.665281,9.298828,2017
1012,r3i1p1f1,2017,10,09,0.0,26.297108,8.030901,2017
1013,r3i1p1f1,2017,10,10,0.0,30.4498,11.0284,2017
1014,r3i1p1f1,2017,10,11,0.0,29.53972,13.088447,2017
1015,r3i1p1f1,2017,10,12,0.0,27.327827,9.916334,2017
1016,r3i1p1f1,2017,10,13,0.0,25.856926,9.354481,2017
1017,r3i1p1f1,2017,10,14,2.1404806954623465,22.83246,10.94254,2017
1018,r3i1p1f1,2017,10,15,0.001782918433574113,21.462309,4.8080454,2017
1019,r3i1p1f1,2017,10,16,0.0,25.507868,7.392382,2017
1020,r3i1p1f1,2017,10,17,0.0,24.316156,6.669071,2017
1021,r3i1p1f1,2017,10,18,0.08071073513499206,18.461302,2.9003341,2017
1022,r3i1p1f1,2017,10,19,0.23818945992168278,11.369643,0.22329019,2017
1023,r3i1p1f1,2017,10,20,0.026225767761581774,14.589652,0.5521114,2017
1024,r3i1p1f1,2017,10,21,0.0,17.999586,1.7958621,2017
1025,r3i1p1f1,2017,10,22,0.0,22.587132,4.19761,2017
1026,r3i1p1f1,2017,10,23,0.0,23.413845,5.5785737,2017
1027,r3i1p1f1,2017,10,24,0.0,21.181633,3.8991911,2017
1028,r3i1p1f1,2017,10,25,0.0,19.22472,3.9274244,2017
1029,r3i1p1f1,2017,10,26,0.0,19.132435,4.526456,2017
1030,r3i1p1f1,2017,10,27,0.0,21.199018,4.8987284,2017
1031,r3i1p1f1,2017,10,28,0.0,23.907772,6.20903,2017
1032,r3i1p1f1,2017,10,29,0.0,24.984327,7.068825,2017
1033,r3i1p1f1,2017,10,30,0.0,25.199938,8.135837,2017
1034,r3i1p1f1,2017,10,31,0.0,23.829138,8.191102,2017
1035,r3i1p1f1,2017,11,01,0.0,25.093634,7.8824987,2017
1036,r3i1p1f1,2017,11,02,0.0,22.540884,4.8027983,2017
1037,r3i1p1f1,2017,11,03,0.0,19.883282,3.6423433,2017
1038,r3i1p1f1,2017,11,04,0.0,24.900967,5.339861,2017
1039,r3i1p1f1,2017,11,05,0.0,25.592127,6.9242926,2017
1040,r3i1p1f1,2017,11,06,0.0,25.68368,10.353602,2017
1041,r3i1p1f1,2017,11,07,0.0,22.337349,7.9940953,2017
1042,r3i1p1f1,2017,11,08,0.0,18.122002,3.3130317,2017
1043,r3i1p1f1,2017,11,09,0.0,22.275564,4.234619,2017
1044,r3i1p1f1,2017,11,10,0.0,25.736988,7.3556747,2017
1045,r3i1p1f1,2017,11,11,0.0,28.120962,9.830462,2017
1046,r3i1p1f1,2017,11,12,0.0,27.584663,9.245587,2017
1047,r3i1p1f1,2017,11,13,0.0,24.673306,7.907475,2017
1048,r3i1p1f1,2017,11,14,0.0,22.62475,6.4089365,2017
1049,r3i1p1f1,2017,11,15,0.0005987664564710224,20.658937,4.7017565,2017
1050,r3i1p1f1,2017,11,16,0.018410940092783705,21.58982,6.9123254,2017
1051,r3i1p1f1,2017,11,17,0.0,22.734798,5.255518,2017
1052,r3i1p1f1,2017,11,18,0.0,25.170748,6.7027416,2017
1053,r3i1p1f1,2017,11,19,0.0,25.262947,6.6236696,2017
1054,r3i1p1f1,2017,11,20,0.0,24.952816,6.181362,2017
1055,r3i1p1f1,2017,11,21,0.0,20.9649,3.025477,2017
1056,r3i1p1f1,2017,11,22,0.19632449221028242,16.554966,0.87727815,2017
1057,r3i1p1f1,2017,11,23,0.0,15.848738,-0.29766458,2017
1058,r3i1p1f1,2017,11,24,0.08463679042038028,13.250878,-0.05441141,2017
1059,r3i1p1f1,2017,11,25,0.0,11.282797,-5.71071,2017
1060,r3i1p1f1,2017,11,26,2.3115890004897444,10.387227,-3.1188512,2017
1061,r3i1p1f1,2017,11,27,3.1829362431997854,5.0392933,-4.9934616,2017
1062,r3i1p1f1,2017,11,28,5.724668577097349,2.2861497,-5.7415185,2017
1063,r3i1p1f1,2017,11,29,0.04894915093300921,2.398329,-11.658859,2017
1064,r3i1p1f1,2017,11,30,0.0,4.741131,-13.030766,2017
1065,r3i1p1f1,2017,12,01,0.0,6.8223953,-7.1397157,2017
1066,r3i1p1f1,2017,12,02,0.0,8.597129,-4.216149,2017
1067,r3i1p1f1,2017,12,03,0.0,10.348427,-6.015219,2017
1068,r3i1p1f1,2017,12,04,0.8749980961588197,9.290265,-3.1274946,2017
1069,r3i1p1f1,2017,12,05,4.875206957067624,12.315215,3.5384092,2017
1070,r3i1p1f1,2017,12,06,18.46457622943104,14.481896,7.3023562,2017
1071,r3i1p1f1,2017,12,07,15.212261137200008,14.248837,4.9892597,2017
1072,r3i1p1f1,2017,12,08,0.0,8.411537,-0.7592691,2017
1073,r3i1p1f1,2017,12,09,0.0,12.478191,-1.7583191,2017
1074,r3i1p1f1,2017,12,10,0.0,13.519344,-0.2733586,2017
1075,r3i1p1f1,2017,12,11,0.0,13.326042,0.29058594,2017
1076,r3i1p1f1,2017,12,12,0.65196861512959,12.4669285,3.6264236,2017
1077,r3i1p1f1,2017,12,13,0.06174993165504103,8.328028,-4.501551,2017
1078,r3i1p1f1,2017,12,14,0.4488657490263436,5.3610373,-3.8174632,2017
1079,r3i1p1f1,2017,12,15,0.10593321040315376,5.20831,-3.574988,2017
1080,r3i1p1f1,2017,12,16,0.34761638523019484,5.4254217,-5.3471146,2017
1081,r3i1p1f1,2017,12,17,0.0,6.207683,-7.66673,2017
1082,r3i1p1f1,2017,12,18,0.0,8.046119,-5.9273076,2017
1083,r3i1p1f1,2017,12,19,0.0,8.217903,-4.86978,2017
1084,r3i1p1f1,2017,12,20,0.0,8.290529,-5.8334675,2017
1085,r3i1p1f1,2017,12,21,0.0,8.413332,-5.664739,2017
1086,r3i1p1f1,2017,12,22,1.8331632170641872,7.7316575,-1.4711225,2017
1087,r3i1p1f1,2017,12,23,2.051943928604625,4.64291,-6.4153366,2017
1088,r3i1p1f1,2017,12,24,0.0,-3.204849,-14.257263,2017
1089,r3i1p1f1,2017,12,25,0.0,-2.7347643,-13.178856,2017
1090,r3i1p1f1,2017,12,26,0.0,-1.9417995,-13.173882,2017
1091,r3i1p1f1,2017,12,27,0.0,5.0792866,-7.814109,2017
1092,r3i1p1f1,2017,12,28,0.0,11.474143,-2.7529457,2017
1093,r3i1p1f1,2017,12,29,0.0,14.26507,-0.7641615,2017
1094,r3i1p1f1,2017,12,30,0.0,14.237209,-0.45389125,2017
1095,r3i1p1f1,2017,12,31,0.0,12.926959,-0.94278,2017
1096,r3i1p1f1,2018,01,01,0.0,11.722353,-2.3606684,2018
1097,r3i1p1f1,2018,01,02,0.0,11.791444,-2.398872,2018
1098,r3i1p1f1,2018,01,03,0.0,12.489215,-2.5929463,2018
1099,r3i1p1f1,2018,01,04,4.636583230788926,10.56935,-1.999609,2018
1100,r3i1p1f1,2018,01,05,2.1837422350301603,7.6000857,-2.0104854,2018
1101,r3i1p1f1,2018,01,06,0.07153055875388611,10.485879,0.78307086,2018
1102,r3i1p1f1,2018,01,07,39.202696580658525,12.067467,4.151724,2018
1103,r3i1p1f1,2018,01,08,25.51702437955431,13.959712,4.4671836,2018
1104,r3i1p1f1,2018,01,09,2.614808490682139,14.899847,3.9558036,2018
1105,r3i1p1f1,2018,01,10,11.618030306241108,15.0829,5.085852,2018
1106,r3i1p1f1,2018,01,11,41.978585276978485,12.90329,6.985997,2018
1107,r3i1p1f1,2018,01,12,0.0,11.410952,-1.5268859,2018
1108,r3i1p1f1,2018,01,13,0.5262800924042081,9.742828,-3.1214154,2018
1109,r3i1p1f1,2018,01,14,10.968390077373579,8.339822,0.881558,2018
1110,r3i1p1f1,2018,01,15,0.0009810028308438082,5.7508235,-4.43195,2018
1111,r3i1p1f1,2018,01,16,6.197618307077474,6.2991643,-5.9044867,2018
1112,r3i1p1f1,2018,01,17,2.7241504125126856,4.164534,-3.338615,2018
1113,r3i1p1f1,2018,01,18,0.0,2.9993021,-10.567156,2018
1114,r3i1p1f1,2018,01,19,0.0,4.9463325,-7.885683,2018
1115,r3i1p1f1,2018,01,20,0.0,6.339868,-4.9557343,2018
1116,r3i1p1f1,2018,01,21,0.0,10.907041,-1.9538633,2018
1117,r3i1p1f1,2018,01,22,0.0010742855859765161,15.300232,0.26777288,2018
1118,r3i1p1f1,2018,01,23,0.16209639716015029,13.330931,1.4392889,2018
1119,r3i1p1f1,2018,01,24,2.076079758684996,13.900347,3.647626,2018
1120,r3i1p1f1,2018,01,25,0.49892007249030884,13.403911,4.693164,2018
1121,r3i1p1f1,2018,01,26,0.32475982500093803,10.711281,3.1467974,2018
1122,r3i1p1f1,2018,01,27,0.0,11.611099,-2.3839786,2018
1123,r3i1p1f1,2018,01,28,0.0,14.815201,0.062861525,2018
1124,r3i1p1f1,2018,01,29,0.0,16.461739,1.8720359,2018
1125,r3i1p1f1,2018,01,30,0.0,17.468258,2.9009974,2018
1126,r3i1p1f1,2018,01,31,0.0,15.619676,3.1716042,2018
1127,r3i1p1f1,2018,02,01,0.0,15.599478,1.590315,2018
1128,r3i1p1f1,2018,02,02,0.0,16.298866,1.8202972,2018
1129,r3i1p1f1,2018,02,03,0.0,15.617813,2.5229447,2018
1130,r3i1p1f1,2018,02,04,0.0,19.052233,2.6591117,2018
1131,r3i1p1f1,2018,02,05,0.0,19.366898,4.6862316,2018
1132,r3i1p1f1,2018,02,06,0.0,17.459133,4.6650553,2018
1133,r3i1p1f1,2018,02,07,0.00037660078140272,17.645542,4.9546447,2018
1134,r3i1p1f1,2018,02,08,0.0,18.943474,5.168549,2018
1135,r3i1p1f1,2018,02,09,0.0,20.016386,5.7266617,2018
1136,r3i1p1f1,2018,02,10,0.0,20.04629,5.1375937,2018
1137,r3i1p1f1,2018,02,11,0.0,20.885382,5.028534,2018
1138,r3i1p1f1,2018,02,12,0.0,21.515484,6.395173,2018
1139,r3i1p1f1,2018,02,13,0.0,18.501917,3.5837927,2018
1140,r3i1p1f1,2018,02,14,0.6142209814667391,15.677681,1.0693368,2018
1141,r3i1p1f1,2018,02,15,0.9381173186127192,15.473477,0.8399012,2018
1142,r3i1p1f1,2018,02,16,0.009078748396749495,13.845048,-0.61424375,2018
1143,r3i1p1f1,2018,02,17,24.968272515106946,10.573125,2.6561,2018
1144,r3i1p1f1,2018,02,18,17.58429362964252,13.010005,1.8197742,2018
1145,r3i1p1f1,2018,02,19,11.937879747313149,12.060829,3.1142085,2018
1146,r3i1p1f1,2018,02,20,36.81093377625626,13.00306,2.7873256,2018
1147,r3i1p1f1,2018,02,21,0.031169681099003577,11.91537,-2.2391362,2018
1148,r3i1p1f1,2018,02,22,15.427236903659916,13.650072,3.089178,2018
1149,r3i1p1f1,2018,02,23,10.44049567689702,14.523243,5.018805,2018
1150,r3i1p1f1,2018,02,24,1.6502832550318227,15.802074,5.5950494,2018
1151,r3i1p1f1,2018,02,25,0.41252856938819715,15.7443695,3.6419861,2018
1152,r3i1p1f1,2018,02,26,0.0,18.76727,2.4360733,2018
1153,r3i1p1f1,2018,02,27,0.5263740307552298,18.839018,3.6351204,2018
1154,r3i1p1f1,2018,02,28,17.81303639334951,16.810488,7.7305136,2018
1155,r3i1p1f1,2018,03,01,19.599935508834857,14.579443,4.7504215,2018
1156,r3i1p1f1,2018,03,02,5.717225008455429,9.983054,1.1455545,2018
1157,r3i1p1f1,2018,03,03,0.007908925322364226,10.828127,-3.1254587,2018
1158,r3i1p1f1,2018,03,04,0.0,12.671894,-2.6829247,2018
1159,r3i1p1f1,2018,03,05,0.03368596047618088,12.480093,-1.018375,2018
1160,r3i1p1f1,2018,03,06,0.11091966858864245,14.708735,0.3330361,2018
1161,r3i1p1f1,2018,03,07,12.597255379518945,12.636642,0.8806679,2018
1162,r3i1p1f1,2018,03,08,42.12910544559374,5.880217,-3.0575032,2018
1163,r3i1p1f1,2018,03,09,16.305696765299547,4.3067775,-3.916764,2018
1164,r3i1p1f1,2018,03,10,3.2464857787305266,8.642468,-4.810006,2018
1165,r3i1p1f1,2018,03,11,2.2843591987565093,10.8617935,-2.685848,2018
1166,r3i1p1f1,2018,03,12,0.14441400686612751,12.420814,-1.2171347,2018
1167,r3i1p1f1,2018,03,13,0.008739735022765783,12.765692,-1.076782,2018
1168,r3i1p1f1,2018,03,14,0.05082186416874527,12.317912,0.6783312,2018
1169,r3i1p1f1,2018,03,15,0.5857484054374227,11.692965,0.040490244,2018
1170,r3i1p1f1,2018,03,16,0.04253790582769205,13.582242,-1.6564947,2018
1171,r3i1p1f1,2018,03,17,0.0011029347749144742,13.683059,-1.0933912,2018
1172,r3i1p1f1,2018,03,18,0.0,14.015713,1.5389359,2018
1173,r3i1p1f1,2018,03,19,0.0,17.723518,1.4559262,2018
1174,r3i1p1f1,2018,03,20,0.0,19.45323,3.1085713,2018
1175,r3i1p1f1,2018,03,21,0.0,21.008743,4.362209,2018
1176,r3i1p1f1,2018,03,22,0.0,20.042978,5.1926346,2018
1177,r3i1p1f1,2018,03,23,0.0,20.983063,3.5562322,2018
1178,r3i1p1f1,2018,03,24,0.0008625386169914043,20.969912,4.2935863,2018
1179,r3i1p1f1,2018,03,25,0.2710313421575296,16.868677,5.2921305,2018
1180,r3i1p1f1,2018,03,26,0.0,15.474384,-1.9615011,2018
1181,r3i1p1f1,2018,03,27,0.0,15.618442,-1.6242542,2018
1182,r3i1p1f1,2018,03,28,0.0,14.951254,0.28073043,2018
1183,r3i1p1f1,2018,03,29,0.0,12.843178,-2.897882,2018
1184,r3i1p1f1,2018,03,30,0.43223796241473983,10.126037,-0.76147836,2018
1185,r3i1p1f1,2018,03,31,0.0,14.090365,-0.75820863,2018
1186,r3i1p1f1,2018,04,01,0.0,18.39581,-0.9805964,2018
1187,r3i1p1f1,2018,04,02,0.0,20.27163,1.8791465,2018
1188,r3i1p1f1,2018,04,03,0.0,22.303139,4.9660635,2018
1189,r3i1p1f1,2018,04,04,0.0,25.301537,7.0778103,2018
1190,r3i1p1f1,2018,04,05,0.0,28.056374,8.8951845,2018
1191,r3i1p1f1,2018,04,06,0.0,30.290022,11.289771,2018
1192,r3i1p1f1,2018,04,07,0.0,32.199657,14.023854,2018
1193,r3i1p1f1,2018,04,08,0.06503531951845314,30.777996,11.561725,2018
1194,r3i1p1f1,2018,04,09,0.07805522446605292,21.24122,4.072502,2018
1195,r3i1p1f1,2018,04,10,0.002621042640936194,22.870876,4.432843,2018
1196,r3i1p1f1,2018,04,11,0.0,25.957779,7.9290648,2018
1197,r3i1p1f1,2018,04,12,0.0,29.407438,9.507494,2018
1198,r3i1p1f1,2018,04,13,0.0,30.091702,11.535281,2018
1199,r3i1p1f1,2018,04,14,0.0,31.454472,11.907702,2018
1200,r3i1p1f1,2018,04,15,0.0,29.866524,9.669679,2018
1201,r3i1p1f1,2018,04,16,1.7867921959722564,23.430607,3.3063056,2018
1202,r3i1p1f1,2018,04,17,1.2886910655475785,20.104643,6.5936227,2018
1203,r3i1p1f1,2018,04,18,0.038081818303467255,19.613506,1.9642528,2018
1204,r3i1p1f1,2018,04,19,7.486615180036593,13.395081,0.8111108,2018
1205,r3i1p1f1,2018,04,20,0.272294697307657,16.311934,3.602685,2018
1206,r3i1p1f1,2018,04,21,0.0004122921646657315,23.915258,4.1267366,2018
1207,r3i1p1f1,2018,04,22,0.0,25.205854,6.697138,2018
1208,r3i1p1f1,2018,04,23,0.07193852357996741,23.906303,6.6143975,2018
1209,r3i1p1f1,2018,04,24,8.96993214275147,19.755966,5.4725533,2018
1210,r3i1p1f1,2018,04,25,0.9261402019651679,16.965597,2.932692,2018
1211,r3i1p1f1,2018,04,26,0.0,22.671381,4.2567515,2018
1212,r3i1p1f1,2018,04,27,0.0,24.480526,6.8170147,2018
1213,r3i1p1f1,2018,04,28,0.01967378454565099,23.579752,7.4613075,2018
1214,r3i1p1f1,2018,04,29,0.0,21.330935,5.264091,2018
1215,r3i1p1f1,2018,04,30,0.0,19.689238,3.533832,2018
1216,r3i1p1f1,2018,05,01,0.0,23.36374,4.718336,2018
1217,r3i1p1f1,2018,05,02,0.0,26.896742,6.9037547,2018
1218,r3i1p1f1,2018,05,03,0.0,28.673653,9.088968,2018
1219,r3i1p1f1,2018,05,04,0.0043070850855049985,27.039888,9.066177,2018
1220,r3i1p1f1,2018,05,05,1.2887961896040272,24.50662,9.524879,2018
1221,r3i1p1f1,2018,05,06,0.08438319598732932,20.61749,5.4775906,2018
1222,r3i1p1f1,2018,05,07,0.29531575204049604,18.882801,4.737764,2018
1223,r3i1p1f1,2018,05,08,0.020196296728968402,21.81529,3.7600646,2018
1224,r3i1p1f1,2018,05,09,0.0,21.877733,3.6974308,2018
1225,r3i1p1f1,2018,05,10,0.0,24.164358,8.71315,2018
1226,r3i1p1f1,2018,05,11,0.0,26.99753,9.158531,2018
1227,r3i1p1f1,2018,05,12,0.0,29.44802,9.455047,2018
1228,r3i1p1f1,2018,05,13,0.0,28.853687,10.515142,2018
1229,r3i1p1f1,2018,05,14,0.0,26.493353,7.228094,2018
1230,r3i1p1f1,2018,05,15,0.0,24.25267,6.2127113,2018
1231,r3i1p1f1,2018,05,16,0.0,22.201826,5.1473117,2018
1232,r3i1p1f1,2018,05,17,0.0,28.157328,8.117129,2018
1233,r3i1p1f1,2018,05,18,0.0,31.050232,11.205801,2018
1234,r3i1p1f1,2018,05,19,0.27903474102293496,28.706532,12.185221,2018
1235,r3i1p1f1,2018,05,20,0.0,28.53844,9.868319,2018
1236,r3i1p1f1,2018,05,21,0.0010090113518703165,27.862076,9.040425,2018
1237,r3i1p1f1,2018,05,22,0.0,26.8141,8.142009,2018
1238,r3i1p1f1,2018,05,23,0.0,25.35145,6.406535,2018
1239,r3i1p1f1,2018,05,24,0.0,25.282894,6.6524496,2018
1240,r3i1p1f1,2018,05,25,0.0,25.759407,8.946358,2018
1241,r3i1p1f1,2018,05,26,0.0,24.15705,5.643515,2018
1242,r3i1p1f1,2018,05,27,0.0,27.257166,7.613233,2018
1243,r3i1p1f1,2018,05,28,0.0,25.829592,7.2565894,2018
1244,r3i1p1f1,2018,05,29,0.0,22.440449,6.3120503,2018
1245,r3i1p1f1,2018,05,30,0.0,22.101574,5.7278357,2018
1246,r3i1p1f1,2018,05,31,0.0,24.211637,7.430068,2018
1247,r3i1p1f1,2018,06,01,0.0,31.044024,10.074023,2018
1248,r3i1p1f1,2018,06,02,0.0,34.45877,12.879721,2018
1249,r3i1p1f1,2018,06,03,0.0,32.498558,12.967734,2018
1250,r3i1p1f1,2018,06,04,0.0,30.493652,11.444117,2018
1251,r3i1p1f1,2018,06,05,0.0,30.565348,11.433107,2018
1252,r3i1p1f1,2018,06,06,0.0,32.91876,13.235908,2018
1253,r3i1p1f1,2018,06,07,0.0,33.34398,14.572997,2018
1254,r3i1p1f1,2018,06,08,0.0,31.833372,13.052196,2018
1255,r3i1p1f1,2018,06,09,0.0,28.388895,9.117333,2018
1256,r3i1p1f1,2018,06,10,0.0,28.457277,9.957457,2018
1257,r3i1p1f1,2018,06,11,0.0,30.179861,11.660017,2018
1258,r3i1p1f1,2018,06,12,0.0,29.040466,10.973665,2018
1259,r3i1p1f1,2018,06,13,0.0,27.357359,9.628391,2018
1260,r3i1p1f1,2018,06,14,0.0,31.191994,11.697259,2018
1261,r3i1p1f1,2018,06,15,0.0,32.56675,13.702892,2018
1262,r3i1p1f1,2018,06,16,0.0,32.39495,12.713887,2018
1263,r3i1p1f1,2018,06,17,0.0,32.72096,12.477379,2018
1264,r3i1p1f1,2018,06,18,0.0,33.55159,12.88242,2018
1265,r3i1p1f1,2018,06,19,0.0,34.56741,14.995802,2018
1266,r3i1p1f1,2018,06,20,0.0,33.374004,14.823302,2018
1267,r3i1p1f1,2018,06,21,0.0,29.1199,10.15726,2018
1268,r3i1p1f1,2018,06,22,0.0,29.524042,11.453014,2018
1269,r3i1p1f1,2018,06,23,0.0,32.004475,12.164807,2018
1270,r3i1p1f1,2018,06,24,0.0,31.321058,11.8858,2018
1271,r3i1p1f1,2018,06,25,0.0,29.083698,11.431815,2018
1272,r3i1p1f1,2018,06,26,0.0,31.476866,11.634876,2018
1273,r3i1p1f1,2018,06,27,0.0,35.528778,14.61854,2018
1274,r3i1p1f1,2018,06,28,0.0,35.318172,15.310543,2018
1275,r3i1p1f1,2018,06,29,0.0,34.99611,15.363124,2018
1276,r3i1p1f1,2018,06,30,0.0,35.1606,14.588055,2018
1277,r3i1p1f1,2018,07,01,0.0109724022419841,36.70348,17.68564,2018
1278,r3i1p1f1,2018,07,02,0.01311571537922701,35.532917,17.165335,2018
1279,r3i1p1f1,2018,07,03,0.04734306018111634,34.76012,17.11115,2018
1280,r3i1p1f1,2018,07,04,0.0,36.667545,17.50916,2018
1281,r3i1p1f1,2018,07,05,0.0,37.518425,17.115656,2018
1282,r3i1p1f1,2018,07,06,0.0,37.871155,17.679344,2018
1283,r3i1p1f1,2018,07,07,0.0,39.358616,18.415007,2018
1284,r3i1p1f1,2018,07,08,0.1848556984843912,38.518154,18.56198,2018
1285,r3i1p1f1,2018,07,09,0.002348134153042779,35.15351,17.007925,2018
1286,r3i1p1f1,2018,07,10,0.8847267713016745,34.312828,17.065594,2018
1287,r3i1p1f1,2018,07,11,0.0,33.8516,16.360909,2018
1288,r3i1p1f1,2018,07,12,0.0,34.039036,16.617908,2018
1289,r3i1p1f1,2018,07,13,0.013710043843302905,35.55925,18.123783,2018
1290,r3i1p1f1,2018,07,14,0.03781959830975569,35.873844,18.097464,2018
1291,r3i1p1f1,2018,07,15,0.4071065410795255,37.4876,20.174137,2018
1292,r3i1p1f1,2018,07,16,1.159790280648987,37.824474,19.364712,2018
1293,r3i1p1f1,2018,07,17,1.49150065899338,36.707962,20.270302,2018
1294,r3i1p1f1,2018,07,18,0.3545052658354865,35.281616,17.815386,2018
1295,r3i1p1f1,2018,07,19,0.0,34.973877,16.694729,2018
1296,r3i1p1f1,2018,07,20,0.0,36.632645,17.307022,2018
1297,r3i1p1f1,2018,07,21,0.0,37.86856,17.802984,2018
1298,r3i1p1f1,2018,07,22,0.0,37.420475,17.840702,2018
1299,r3i1p1f1,2018,07,23,0.0,36.29097,18.394852,2018
1300,r3i1p1f1,2018,07,24,0.0,35.79552,17.707617,2018
1301,r3i1p1f1,2018,07,25,0.0,35.663895,17.026209,2018
1302,r3i1p1f1,2018,07,26,0.0,35.486538,17.152107,2018
1303,r3i1p1f1,2018,07,27,0.0,35.089577,17.00046,2018
1304,r3i1p1f1,2018,07,28,0.0,34.59268,16.084259,2018
1305,r3i1p1f1,2018,07,29,0.018520607722386943,34.070553,16.937405,2018
1306,r3i1p1f1,2018,07,30,0.0,33.729305,16.371727,2018
1307,r3i1p1f1,2018,07,31,0.0,35.339905,17.622427,2018
1308,r3i1p1f1,2018,08,01,0.021597825151261393,36.749195,18.041275,2018
1309,r3i1p1f1,2018,08,02,0.02244453217082826,36.94305,17.767937,2018
1310,r3i1p1f1,2018,08,03,0.12942353634130224,36.241474,17.78459,2018
1311,r3i1p1f1,2018,08,04,0.005770333845055465,36.941307,17.326818,2018
1312,r3i1p1f1,2018,08,05,0.00044839259124163425,36.663525,17.184088,2018
1313,r3i1p1f1,2018,08,06,0.0,34.733982,16.099512,2018
1314,r3i1p1f1,2018,08,07,0.0,34.627056,16.15458,2018
1315,r3i1p1f1,2018,08,08,0.17611084275510316,34.541256,17.495378,2018
1316,r3i1p1f1,2018,08,09,0.4773238022762323,33.43121,17.323948,2018
1317,r3i1p1f1,2018,08,10,0.0,32.296417,16.107294,2018
1318,r3i1p1f1,2018,08,11,0.008154404508373276,34.126186,15.09357,2018
1319,r3i1p1f1,2018,08,12,0.0,33.210926,14.489369,2018
1320,r3i1p1f1,2018,08,13,0.003803930012509227,33.045197,15.243419,2018
1321,r3i1p1f1,2018,08,14,0.0033548927317359344,31.928802,14.007545,2018
1322,r3i1p1f1,2018,08,15,0.0019891215946920443,28.872421,13.383543,2018
1323,r3i1p1f1,2018,08,16,0.0,28.76458,13.174884,2018
1324,r3i1p1f1,2018,08,17,0.0,32.753635,13.377094,2018
1325,r3i1p1f1,2018,08,18,0.0,33.359543,13.89964,2018
1326,r3i1p1f1,2018,08,19,0.1424570466152738,34.584282,15.775595,2018
1327,r3i1p1f1,2018,08,20,0.0010517411503700935,34.723145,15.817614,2018
1328,r3i1p1f1,2018,08,21,2.5317326425371873,33.807404,16.137669,2018
1329,r3i1p1f1,2018,08,22,0.0,34.030678,16.024452,2018
1330,r3i1p1f1,2018,08,23,0.0,35.00039,16.006792,2018
1331,r3i1p1f1,2018,08,24,0.0011365660677917979,34.49315,15.922457,2018
1332,r3i1p1f1,2018,08,25,0.006239381124914596,34.367958,15.375046,2018
1333,r3i1p1f1,2018,08,26,0.0035135856358630754,34.918625,15.603679,2018
1334,r3i1p1f1,2018,08,27,0.05481187376779306,35.38486,16.411484,2018
1335,r3i1p1f1,2018,08,28,0.20851216640563286,34.693336,16.564676,2018
1336,r3i1p1f1,2018,08,29,0.006654536154008273,34.718132,15.600249,2018
1337,r3i1p1f1,2018,08,30,0.01791236244819381,36.564346,17.218403,2018
1338,r3i1p1f1,2018,08,31,0.0,36.1184,17.92798,2018
1339,r3i1p1f1,2018,09,01,0.0,35.07425,17.069897,2018
1340,r3i1p1f1,2018,09,02,0.0,34.93808,15.963484,2018
1341,r3i1p1f1,2018,09,03,0.0,32.74356,14.4258995,2018
1342,r3i1p1f1,2018,09,04,0.0,32.47059,14.267524,2018
1343,r3i1p1f1,2018,09,05,0.0,33.179493,14.947821,2018
1344,r3i1p1f1,2018,09,06,0.0,33.17627,14.719325,2018
1345,r3i1p1f1,2018,09,07,0.0,32.25813,13.814366,2018
1346,r3i1p1f1,2018,09,08,0.0,30.883171,13.47201,2018
1347,r3i1p1f1,2018,09,09,0.0,31.230808,13.401741,2018
1348,r3i1p1f1,2018,09,10,0.019151752913427172,31.587101,13.688663,2018
1349,r3i1p1f1,2018,09,11,0.06402985564129653,31.791105,14.589186,2018
1350,r3i1p1f1,2018,09,12,0.003139145009106759,31.767782,13.284084,2018
1351,r3i1p1f1,2018,09,13,0.0,33.551846,14.948918,2018
1352,r3i1p1f1,2018,09,14,0.0,33.93614,14.869618,2018
1353,r3i1p1f1,2018,09,15,0.001315897415307435,32.87679,14.185799,2018
1354,r3i1p1f1,2018,09,16,0.032351087332547955,28.582695,13.589903,2018
1355,r3i1p1f1,2018,09,17,0.13190929836568874,26.17281,10.342538,2018
1356,r3i1p1f1,2018,09,18,0.015643844918954666,23.10934,7.282967,2018
1357,r3i1p1f1,2018,09,19,0.06926877582869069,22.683744,6.657377,2018
1358,r3i1p1f1,2018,09,20,0.05633968127023598,25.313124,8.910886,2018
1359,r3i1p1f1,2018,09,21,0.0033993835765586205,29.285707,10.376859,2018
1360,r3i1p1f1,2018,09,22,0.0016527912829946163,31.94521,12.419954,2018
1361,r3i1p1f1,2018,09,23,0.006405230414009456,31.165833,15.169542,2018
1362,r3i1p1f1,2018,09,24,0.02730808899893115,31.214514,13.520973,2018
1363,r3i1p1f1,2018,09,25,0.021090765208513898,29.960287,12.268126,2018
1364,r3i1p1f1,2018,09,26,0.018934110288903343,27.88013,11.689322,2018
1365,r3i1p1f1,2018,09,27,0.0006781849361053019,28.187788,9.751913,2018
1366,r3i1p1f1,2018,09,28,0.0,26.438429,8.960882,2018
1367,r3i1p1f1,2018,09,29,0.0,24.944605,9.595509,2018
1368,r3i1p1f1,2018,09,30,0.004234829085004149,25.515472,7.945965,2018
1369,r3i1p1f1,2018,10,01,0.018744329114049448,25.742575,9.237807,2018
1370,r3i1p1f1,2018,10,02,0.0,29.062359,11.191861,2018
1371,r3i1p1f1,2018,10,03,0.0,30.84262,12.922103,2018
1372,r3i1p1f1,2018,10,04,0.0,32.384,14.01107,2018
1373,r3i1p1f1,2018,10,05,0.0004598406270485033,33.03354,15.067035,2018
1374,r3i1p1f1,2018,10,06,0.039893150202591314,31.301796,14.653166,2018
1375,r3i1p1f1,2018,10,07,0.11761190874853072,27.702602,11.4844675,2018
1376,r3i1p1f1,2018,10,08,0.0,29.617762,11.671953,2018
1377,r3i1p1f1,2018,10,09,0.011955088306091387,29.6133,11.890259,2018
1378,r3i1p1f1,2018,10,10,0.038849404751972266,29.497683,12.098755,2018
1379,r3i1p1f1,2018,10,11,1.7939895304549613,29.121338,13.3094425,2018
1380,r3i1p1f1,2018,10,12,0.01663865288719535,30.379951,13.081982,2018
1381,r3i1p1f1,2018,10,13,0.0,29.970459,13.22272,2018
1382,r3i1p1f1,2018,10,14,0.0,27.265913,8.824937,2018
1383,r3i1p1f1,2018,10,15,0.0,23.136002,9.137377,2018
1384,r3i1p1f1,2018,10,16,0.0,22.558556,8.188131,2018
1385,r3i1p1f1,2018,10,17,0.0,27.08252,9.335074,2018
1386,r3i1p1f1,2018,10,18,0.0,30.05992,12.139341,2018
1387,r3i1p1f1,2018,10,19,0.0,31.899067,12.557245,2018
1388,r3i1p1f1,2018,10,20,0.0,33.33436,14.565657,2018
1389,r3i1p1f1,2018,10,21,0.0,34.319275,16.764814,2018
1390,r3i1p1f1,2018,10,22,0.0,33.702797,15.406118,2018
1391,r3i1p1f1,2018,10,23,0.002940496796685638,31.87963,13.936406,2018
1392,r3i1p1f1,2018,10,24,0.027148875740363797,26.77168,12.466329,2018
1393,r3i1p1f1,2018,10,25,0.0,22.601873,9.143039,2018
1394,r3i1p1f1,2018,10,26,0.0,21.319445,4.9389567,2018
1395,r3i1p1f1,2018,10,27,0.0,20.855505,7.653197,2018
1396,r3i1p1f1,2018,10,28,0.0,22.88222,7.186842,2018
1397,r3i1p1f1,2018,10,29,2.330237621670566,21.493504,6.156084,2018
1398,r3i1p1f1,2018,10,30,8.583855095809364,18.067865,7.5572004,2018
1399,r3i1p1f1,2018,10,31,1.6513414991117537,18.023733,5.775991,2018
1400,r3i1p1f1,2018,11,01,0.0,19.737995,4.8835,2018
1401,r3i1p1f1,2018,11,02,0.0,20.847942,7.7795997,2018
1402,r3i1p1f1,2018,11,03,0.0,21.248032,6.703139,2018
1403,r3i1p1f1,2018,11,04,0.0,19.68738,6.109876,2018
1404,r3i1p1f1,2018,11,05,0.006996730834626677,17.014742,3.9209433,2018
1405,r3i1p1f1,2018,11,06,0.06229154527704161,14.312813,2.0571995,2018
1406,r3i1p1f1,2018,11,07,0.08306008232907378,14.7047205,0.8545015,2018
1407,r3i1p1f1,2018,11,08,0.0,16.628056,1.3557341,2018
1408,r3i1p1f1,2018,11,09,0.27428227870118327,17.380106,4.0073376,2018
1409,r3i1p1f1,2018,11,10,0.16624826399272546,16.56317,3.0160031,2018
1410,r3i1p1f1,2018,11,11,5.269562343193243,15.361876,2.9440753,2018
1411,r3i1p1f1,2018,11,12,0.21060250759932608,13.133026,1.6859075,2018
1412,r3i1p1f1,2018,11,13,0.0,15.060449,0.68567735,2018
1413,r3i1p1f1,2018,11,14,0.0,16.811861,2.8090184,2018
1414,r3i1p1f1,2018,11,15,0.0,19.66903,1.4863536,2018
1415,r3i1p1f1,2018,11,16,0.0,19.665087,3.5661085,2018
1416,r3i1p1f1,2018,11,17,0.06733335054873764,17.999878,6.628079,2018
1417,r3i1p1f1,2018,11,18,0.01602751081615376,19.330408,4.3922696,2018
1418,r3i1p1f1,2018,11,19,3.10070757593635,18.983488,6.4303265,2018
1419,r3i1p1f1,2018,11,20,4.269314332990082,15.96654,3.7942216,2018
1420,r3i1p1f1,2018,11,21,0.42290048169062094,15.331948,3.1547923,2018
1421,r3i1p1f1,2018,11,22,8.477910375372492,15.032055,5.32085,2018
1422,r3i1p1f1,2018,11,23,1.105348204918383,13.736133,1.446992,2018
1423,r3i1p1f1,2018,11,24,0.56434861051402,12.7355795,0.6010892,2018
1424,r3i1p1f1,2018,11,25,2.961965804111611,11.757235,3.5101042,2018
1425,r3i1p1f1,2018,11,26,28.095426465923524,10.951644,4.9499164,2018
1426,r3i1p1f1,2018,11,27,5.403672227833643,9.935489,-0.74945056,2018
1427,r3i1p1f1,2018,11,28,1.784118374191001,8.525173,-2.6499975,2018
1428,r3i1p1f1,2018,11,29,0.2474145695768212,5.4098635,-5.6703386,2018
1429,r3i1p1f1,2018,11,30,0.0014427311235163925,7.0007734,-5.9622188,2018
1430,r3i1p1f1,2018,12,01,0.0,8.784229,-3.6781013,2018
1431,r3i1p1f1,2018,12,02,0.0,9.313763,-3.0558941,2018
1432,r3i1p1f1,2018,12,03,0.0,10.153401,-2.5098848,2018
1433,r3i1p1f1,2018,12,04,0.001652799052835414,10.750234,-2.1868086,2018
1434,r3i1p1f1,2018,12,05,0.0,11.374893,-2.7832391,2018
1435,r3i1p1f1,2018,12,06,0.0,11.890642,-0.7275385,2018
1436,r3i1p1f1,2018,12,07,0.007897432678322675,15.742933,1.3494076,2018
1437,r3i1p1f1,2018,12,08,0.0,15.421145,1.8720146,2018
1438,r3i1p1f1,2018,12,09,0.0,14.641478,2.1913562,2018
1439,r3i1p1f1,2018,12,10,0.0,14.227234,1.3686544,2018
1440,r3i1p1f1,2018,12,11,0.0,15.239443,1.1550463,2018
1441,r3i1p1f1,2018,12,12,0.0,14.290211,0.82061666,2018
1442,r3i1p1f1,2018,12,13,0.0,14.834541,0.3554626,2018
1443,r3i1p1f1,2018,12,14,0.0,17.886,3.9301522,2018
1444,r3i1p1f1,2018,12,15,0.0,20.620724,6.038258,2018
1445,r3i1p1f1,2018,12,16,0.0,20.31367,5.911988,2018
1446,r3i1p1f1,2018,12,17,0.0,18.7631,4.8984656,2018
1447,r3i1p1f1,2018,12,18,0.029562211606058885,15.037007,4.1495743,2018
1448,r3i1p1f1,2018,12,19,0.0,12.003628,-0.56741166,2018
1449,r3i1p1f1,2018,12,20,0.0,11.233374,-1.693756,2018
1450,r3i1p1f1,2018,12,21,0.0,10.379139,-2.7468035,2018
1451,r3i1p1f1,2018,12,22,0.0,9.486236,-3.9001877,2018
1452,r3i1p1f1,2018,12,23,0.0,12.805226,-1.6474311,2018
1453,r3i1p1f1,2018,12,24,0.0,16.703781,2.6310124,2018
1454,r3i1p1f1,2018,12,25,0.0,17.434244,2.2270105,2018
1455,r3i1p1f1,2018,12,26,0.0014232786171222951,15.104756,2.4707408,2018
1456,r3i1p1f1,2018,12,27,0.004460445268319525,18.789766,5.582876,2018
1457,r3i1p1f1,2018,12,28,0.0,18.102444,4.451108,2018
1458,r3i1p1f1,2018,12,29,0.22906842319626416,17.229914,3.114696,2018
1459,r3i1p1f1,2018,12,30,19.467877671484143,16.123436,4.6785164,2018
1460,r3i1p1f1,2018,12,31,8.684863470693513,10.786971,4.2070775,2018
1461,r3i1p1f1,2019,01,01,0.40432449685988214,9.430367,1.2763578,2019
1462,r3i1p1f1,2019,01,02,0.0,10.2708235,0.46640012,2019
1463,r3i1p1f1,2019,01,03,14.6457157944524,11.761464,2.1947186,2019
1464,r3i1p1f1,2019,01,04,3.398643822866606,10.926454,0.7106697,2019
1465,r3i1p1f1,2019,01,05,29.173708641422472,12.8378315,3.2680218,2019
1466,r3i1p1f1,2019,01,06,29.23022755420375,13.120294,6.4432006,2019
1467,r3i1p1f1,2019,01,07,0.07515579821439601,9.101074,-0.46363428,2019
1468,r3i1p1f1,2019,01,08,0.021229141548798052,11.394325,-1.4215245,2019
1469,r3i1p1f1,2019,01,09,0.0,13.403777,-0.3698163,2019
1470,r3i1p1f1,2019,01,10,0.0,16.282349,1.1659366,2019
1471,r3i1p1f1,2019,01,11,0.0,13.944654,1.156664,2019
1472,r3i1p1f1,2019,01,12,0.06876286507714681,13.910977,1.775436,2019
1473,r3i1p1f1,2019,01,13,0.01250876797271441,12.915371,-0.5834219,2019
1474,r3i1p1f1,2019,01,14,6.726037409327656,11.67045,2.6379137,2019
1475,r3i1p1f1,2019,01,15,6.761547248039126,9.469996,0.09882995,2019
1476,r3i1p1f1,2019,01,16,38.27598874605566,10.319464,2.8929827,2019
1477,r3i1p1f1,2019,01,17,10.556376130366655,13.537743,4.8164153,2019
1478,r3i1p1f1,2019,01,18,30.946333825838103,12.888547,5.925636,2019
1479,r3i1p1f1,2019,01,19,9.180464334262242,9.085747,-0.5458425,2019
1480,r3i1p1f1,2019,01,20,0.0,6.4490304,-2.5959299,2019
1481,r3i1p1f1,2019,01,21,0.0,8.288822,-4.8910995,2019
1482,r3i1p1f1,2019,01,22,0.0,9.283107,-4.266667,2019
1483,r3i1p1f1,2019,01,23,0.0,10.613493,-3.072816,2019
1484,r3i1p1f1,2019,01,24,0.0,10.909461,-2.5838256,2019
1485,r3i1p1f1,2019,01,25,0.0,10.734549,-2.7139235,2019
1486,r3i1p1f1,2019,01,26,0.0,11.695891,-1.6738653,2019
1487,r3i1p1f1,2019,01,27,0.0,10.375082,-2.5164094,2019
1488,r3i1p1f1,2019,01,28,0.0,11.563134,-1.7703632,2019
1489,r3i1p1f1,2019,01,29,0.0,12.962651,-0.513742,2019
1490,r3i1p1f1,2019,01,30,0.0,14.323584,-0.5355049,2019
1491,r3i1p1f1,2019,01,31,0.0,15.230061,-0.21282437,2019
1492,r3i1p1f1,2019,02,01,0.0,14.345677,0.7713873,2019
1493,r3i1p1f1,2019,02,02,0.0,13.968373,-0.16092719,2019
1494,r3i1p1f1,2019,02,03,0.0013762430612449393,15.1683235,1.6882094,2019
1495,r3i1p1f1,2019,02,04,0.0,15.452571,2.1071026,2019
1496,r3i1p1f1,2019,02,05,0.0910762105724478,15.523726,2.4718482,2019
1497,r3i1p1f1,2019,02,06,0.005295929343750079,16.821466,1.6549958,2019
1498,r3i1p1f1,2019,02,07,0.6840056961333506,17.24605,5.1239862,2019
1499,r3i1p1f1,2019,02,08,0.00016955556489075676,19.443008,4.595153,2019
1500,r3i1p1f1,2019,02,09,0.0,19.169968,2.4480562,2019
1501,r3i1p1f1,2019,02,10,8.923759889309594,12.820603,6.168673,2019
1502,r3i1p1f1,2019,02,11,4.152184601147328,16.163328,2.8908148,2019
1503,r3i1p1f1,2019,02,12,0.0,18.275846,2.2779708,2019
1504,r3i1p1f1,2019,02,13,0.0,16.795471,1.9503803,2019
1505,r3i1p1f1,2019,02,14,0.48212081874336227,15.773594,4.932843,2019
1506,r3i1p1f1,2019,02,15,4.038261753686839,13.084375,4.5362515,2019
1507,r3i1p1f1,2019,02,16,0.3320917331968138,12.238945,1.54778,2019
1508,r3i1p1f1,2019,02,17,2.6602949223315315,12.088925,0.62319434,2019
1509,r3i1p1f1,2019,02,18,5.058695516720146,11.641755,0.77423286,2019
1510,r3i1p1f1,2019,02,19,0.018847594897537914,14.429449,-0.50578535,2019
1511,r3i1p1f1,2019,02,20,0.0,16.732244,1.6694725,2019
1512,r3i1p1f1,2019,02,21,0.00030077601850004584,17.971855,3.4046488,2019
1513,r3i1p1f1,2019,02,22,0.0,19.051804,3.1088114,2019
1514,r3i1p1f1,2019,02,23,0.0,19.612764,4.4491205,2019
1515,r3i1p1f1,2019,02,24,0.0003812498151532826,19.039175,4.6348023,2019
1516,r3i1p1f1,2019,02,25,10.51235860817225,17.82895,5.701365,2019
1517,r3i1p1f1,2019,02,26,0.06838774930546412,11.4718075,-0.898602,2019
1518,r3i1p1f1,2019,02,27,0.0,15.972408,0.39390388,2019
1519,r3i1p1f1,2019,02,28,0.0,16.124289,3.398171,2019
1520,r3i1p1f1,2019,03,01,8.058136643711336,13.233461,2.1972337,2019
1521,r3i1p1f1,2019,03,02,7.723439004030572,8.394562,0.9571461,2019
1522,r3i1p1f1,2019,03,03,11.358300852419537,13.1014805,0.5667714,2019
1523,r3i1p1f1,2019,03,04,38.97898453468852,11.066556,4.7411957,2019
1524,r3i1p1f1,2019,03,05,2.263086623102578,14.824757,-0.3817714,2019
1525,r3i1p1f1,2019,03,06,0.27633459955268336,16.130774,0.51993394,2019
1526,r3i1p1f1,2019,03,07,32.389628305258654,13.161984,6.2949505,2019
1527,r3i1p1f1,2019,03,08,6.833257294168961,11.244624,0.67201257,2019
1528,r3i1p1f1,2019,03,09,0.002489019093583479,15.888265,-1.0520238,2019
1529,r3i1p1f1,2019,03,10,0.0,17.077625,1.9453894,2019
1530,r3i1p1f1,2019,03,11,0.047397073111355756,15.9978075,2.9915845,2019
1531,r3i1p1f1,2019,03,12,0.0,14.568226,-0.1803848,2019
1532,r3i1p1f1,2019,03,13,6.455819286592569,12.953478,0.84327435,2019
1533,r3i1p1f1,2019,03,14,2.8952346376446725,9.423694,-2.4734173,2019
1534,r3i1p1f1,2019,03,15,1.9880983563350376,9.629525,1.9774727,2019
1535,r3i1p1f1,2019,03,16,0.32905205732139153,13.056946,1.6213653,2019
1536,r3i1p1f1,2019,03,17,0.0,13.872048,-1.9739759,2019
1537,r3i1p1f1,2019,03,18,0.0,14.768491,-0.8691478,2019
1538,r3i1p1f1,2019,03,19,0.0,16.862017,1.9214524,2019
1539,r3i1p1f1,2019,03,20,0.0,19.787457,2.5708554,2019
1540,r3i1p1f1,2019,03,21,0.0,20.264309,3.9177978,2019
1541,r3i1p1f1,2019,03,22,0.0,20.088102,3.8927574,2019
1542,r3i1p1f1,2019,03,23,0.00027839658176879203,20.262323,4.185386,2019
1543,r3i1p1f1,2019,03,24,0.39301058060972893,20.237675,5.10743,2019
1544,r3i1p1f1,2019,03,25,0.058534106616262405,19.958776,4.8056655,2019
1545,r3i1p1f1,2019,03,26,0.047630099567840894,19.222425,4.650834,2019
1546,r3i1p1f1,2019,03,27,17.837417867300577,15.796114,3.8448517,2019
1547,r3i1p1f1,2019,03,28,12.484607223188064,14.753202,2.9660406,2019
1548,r3i1p1f1,2019,03,29,5.118114580977955,13.252383,2.3413436,2019
1549,r3i1p1f1,2019,03,30,1.0616726597094606,13.020653,3.9371536,2019
1550,r3i1p1f1,2019,03,31,0.12761059467624308,13.122405,0.7565456,2019
1551,r3i1p1f1,2019,04,01,0.11835371939400141,15.415939,2.8179884,2019
1552,r3i1p1f1,2019,04,02,0.008489047706296498,18.307327,2.1232388,2019
1553,r3i1p1f1,2019,04,03,0.0,17.901003,3.9326103,2019
1554,r3i1p1f1,2019,04,04,0.0,20.544144,4.2593765,2019
1555,r3i1p1f1,2019,04,05,0.0,23.144157,6.3590283,2019
1556,r3i1p1f1,2019,04,06,0.0,25.630728,7.8971267,2019
1557,r3i1p1f1,2019,04,07,0.0,29.320116,10.112737,2019
1558,r3i1p1f1,2019,04,08,0.0,30.43911,10.391426,2019
1559,r3i1p1f1,2019,04,09,0.4371089044368339,28.168898,7.0819116,2019
1560,r3i1p1f1,2019,04,10,1.122823153448487,19.01507,6.578101,2019
1561,r3i1p1f1,2019,04,11,7.534932793062056,17.333578,5.05632,2019
1562,r3i1p1f1,2019,04,12,4.583620245442062,14.6229725,3.7513835,2019
1563,r3i1p1f1,2019,04,13,0.44622694186259515,17.375465,2.7006488,2019
1564,r3i1p1f1,2019,04,14,2.9467577052172134,15.668031,3.1110086,2019
1565,r3i1p1f1,2019,04,15,0.6080555818334688,14.755994,1.5599709,2019
1566,r3i1p1f1,2019,04,16,0.0,17.136408,1.1819587,2019
1567,r3i1p1f1,2019,04,17,6.109265831607383,14.905847,1.8837775,2019
1568,r3i1p1f1,2019,04,18,0.31486166143705224,14.502569,1.0169996,2019
1569,r3i1p1f1,2019,04,19,0.0,17.672197,-0.22208056,2019
1570,r3i1p1f1,2019,04,20,0.3237402953417393,17.19771,2.923229,2019
1571,r3i1p1f1,2019,04,21,0.5231900967015518,14.270081,2.875091,2019
1572,r3i1p1f1,2019,04,22,0.025697190342753223,18.917158,1.3484547,2019
1573,r3i1p1f1,2019,04,23,0.0,22.685293,5.187285,2019
1574,r3i1p1f1,2019,04,24,0.0,22.810423,6.073535,2019
1575,r3i1p1f1,2019,04,25,0.0,21.947046,4.702519,2019
1576,r3i1p1f1,2019,04,26,0.0023102132377750945,21.738802,5.764187,2019
1577,r3i1p1f1,2019,04,27,0.11627066579945455,20.169989,5.4754415,2019
1578,r3i1p1f1,2019,04,28,0.0,20.111437,4.461784,2019
1579,r3i1p1f1,2019,04,29,0.013051772371964586,20.499414,4.210738,2019
1580,r3i1p1f1,2019,04,30,0.0,20.292833,3.5902789,2019
1581,r3i1p1f1,2019,05,01,0.0,21.462336,4.0391817,2019
1582,r3i1p1f1,2019,05,02,0.0,25.235867,6.021788,2019
1583,r3i1p1f1,2019,05,03,0.0,26.518734,8.02496,2019
1584,r3i1p1f1,2019,05,04,0.3173078955847869,22.453148,6.102634,2019
1585,r3i1p1f1,2019,05,05,2.1086454654227,18.603344,5.7012205,2019
1586,r3i1p1f1,2019,05,06,0.0002910039620473981,19.409897,4.4073186,2019
1587,r3i1p1f1,2019,05,07,0.0,22.656948,3.7782438,2019
1588,r3i1p1f1,2019,05,08,0.0,24.607645,6.305509,2019
1589,r3i1p1f1,2019,05,09,0.0,27.013577,8.032771,2019
1590,r3i1p1f1,2019,05,10,0.0,26.197685,8.084477,2019
1591,r3i1p1f1,2019,05,11,0.0,26.554096,8.308248,2019
1592,r3i1p1f1,2019,05,12,0.0,29.971611,9.801642,2019
1593,r3i1p1f1,2019,05,13,0.0,29.855825,11.183457,2019
1594,r3i1p1f1,2019,05,14,0.0,31.182692,11.831392,2019
1595,r3i1p1f1,2019,05,15,0.0,29.170921,10.977476,2019
1596,r3i1p1f1,2019,05,16,0.0,24.840357,9.214719,2019
1597,r3i1p1f1,2019,05,17,0.0,28.432106,8.580313,2019
1598,r3i1p1f1,2019,05,18,0.0,28.79621,9.689206,2019
1599,r3i1p1f1,2019,05,19,0.0,27.43064,9.288681,2019
1600,r3i1p1f1,2019,05,20,0.0,31.634424,11.259634,2019
1601,r3i1p1f1,2019,05,21,0.0,34.67292,14.9699955,2019
1602,r3i1p1f1,2019,05,22,0.0,32.6118,13.830826,2019
1603,r3i1p1f1,2019,05,23,0.0,28.995909,10.798231,2019
1604,r3i1p1f1,2019,05,24,0.0,30.485329,10.789664,2019
1605,r3i1p1f1,2019,05,25,0.0,28.386717,9.950578,2019
1606,r3i1p1f1,2019,05,26,0.0,27.103706,8.387576,2019
1607,r3i1p1f1,2019,05,27,0.0,27.809732,9.175761,2019
1608,r3i1p1f1,2019,05,28,0.0,26.31681,8.264804,2019
1609,r3i1p1f1,2019,05,29,0.0,23.642878,6.501585,2019
1610,r3i1p1f1,2019,05,30,0.0,23.516666,6.3623967,2019
1611,r3i1p1f1,2019,05,31,0.0,23.60705,7.5623903,2019
1612,r3i1p1f1,2019,06,01,0.11273516817406441,24.260586,7.070872,2019
1613,r3i1p1f1,2019,06,02,0.0,28.821785,9.113848,2019
1614,r3i1p1f1,2019,06,03,0.0,32.7516,12.88515,2019
1615,r3i1p1f1,2019,06,04,0.0,35.941742,14.849779,2019
1616,r3i1p1f1,2019,06,05,0.0,35.69923,15.891035,2019
1617,r3i1p1f1,2019,06,06,0.0,33.947033,13.831166,2019
1618,r3i1p1f1,2019,06,07,0.0,32.02453,11.914717,2019
1619,r3i1p1f1,2019,06,08,0.0,30.957878,12.1583805,2019
1620,r3i1p1f1,2019,06,09,0.0,30.488703,11.789224,2019
1621,r3i1p1f1,2019,06,10,0.0,30.540356,12.123078,2019
1622,r3i1p1f1,2019,06,11,0.0,31.83527,12.834489,2019
1623,r3i1p1f1,2019,06,12,0.0,30.795097,11.611833,2019
1624,r3i1p1f1,2019,06,13,0.0,29.684372,10.33757,2019
1625,r3i1p1f1,2019,06,14,0.0,28.201456,9.230517,2019
1626,r3i1p1f1,2019,06,15,0.0,25.330772,8.34887,2019
1627,r3i1p1f1,2019,06,16,0.0,24.697847,8.136191,2019
1628,r3i1p1f1,2019,06,17,0.0,24.29381,8.252899,2019
1629,r3i1p1f1,2019,06,18,0.0,25.901077,8.191945,2019
1630,r3i1p1f1,2019,06,19,0.0,24.944036,7.8105445,2019
1631,r3i1p1f1,2019,06,20,0.0,25.836378,8.222016,2019
1632,r3i1p1f1,2019,06,21,0.0,28.592035,10.202352,2019
1633,r3i1p1f1,2019,06,22,0.0,29.734484,11.894224,2019
1634,r3i1p1f1,2019,06,23,0.0,32.789444,13.160629,2019
1635,r3i1p1f1,2019,06,24,0.0,37.209946,16.148874,2019
1636,r3i1p1f1,2019,06,25,0.0,39.03717,17.687471,2019
1637,r3i1p1f1,2019,06,26,0.0,39.491714,18.20051,2019
1638,r3i1p1f1,2019,06,27,0.0,39.57423,17.79425,2019
1639,r3i1p1f1,2019,06,28,0.0,39.360283,18.3118,2019
1640,r3i1p1f1,2019,06,29,0.0,39.262466,19.005924,2019
1641,r3i1p1f1,2019,06,30,0.0,39.043972,17.40492,2019
1642,r3i1p1f1,2019,07,01,0.0,37.13074,16.708553,2019
1643,r3i1p1f1,2019,07,02,0.0,36.4974,16.867872,2019
1644,r3i1p1f1,2019,07,03,0.0,35.41363,15.818234,2019
1645,r3i1p1f1,2019,07,04,0.0,33.091934,13.896854,2019
1646,r3i1p1f1,2019,07,05,0.0,29.902386,12.465836,2019
1647,r3i1p1f1,2019,07,06,0.0,27.213604,10.931522,2019
1648,r3i1p1f1,2019,07,07,0.0,29.299421,11.236005,2019
1649,r3i1p1f1,2019,07,08,0.0,30.871471,12.85209,2019
1650,r3i1p1f1,2019,07,09,0.0,31.368414,13.44806,2019
1651,r3i1p1f1,2019,07,10,0.0,33.188236,15.144795,2019
1652,r3i1p1f1,2019,07,11,0.0,35.552734,16.478086,2019
1653,r3i1p1f1,2019,07,12,0.0,35.02055,16.447521,2019
1654,r3i1p1f1,2019,07,13,0.0,35.311783,15.547785,2019
1655,r3i1p1f1,2019,07,14,0.0,36.758945,16.759674,2019
1656,r3i1p1f1,2019,07,15,0.0,37.581974,17.965958,2019
1657,r3i1p1f1,2019,07,16,0.0,37.776554,18.288301,2019
1658,r3i1p1f1,2019,07,17,0.0,36.67079,17.794544,2019
1659,r3i1p1f1,2019,07,18,0.0,37.524635,17.888681,2019
1660,r3i1p1f1,2019,07,19,0.0,38.688923,19.409948,2019
1661,r3i1p1f1,2019,07,20,0.0,40.609627,19.687086,2019
1662,r3i1p1f1,2019,07,21,0.0,41.80054,19.386309,2019
1663,r3i1p1f1,2019,07,22,0.0,40.757553,19.203058,2019
1664,r3i1p1f1,2019,07,23,0.0,36.067516,18.358313,2019
1665,r3i1p1f1,2019,07,24,0.0,34.18609,17.928223,2019
1666,r3i1p1f1,2019,07,25,0.0007748397800958518,34.089283,17.625322,2019
1667,r3i1p1f1,2019,07,26,0.0,33.42465,16.949142,2019
1668,r3i1p1f1,2019,07,27,0.0,33.290295,16.390383,2019
1669,r3i1p1f1,2019,07,28,0.0,34.79296,17.065107,2019
1670,r3i1p1f1,2019,07,29,0.0,35.858948,17.520384,2019
1671,r3i1p1f1,2019,07,30,0.0,35.396584,16.437826,2019
1672,r3i1p1f1,2019,07,31,0.0,34.129753,15.887479,2019
1673,r3i1p1f1,2019,08,01,0.0,33.83557,17.79027,2019
1674,r3i1p1f1,2019,08,02,0.0,32.67943,15.757522,2019
1675,r3i1p1f1,2019,08,03,0.0,32.520992,14.058544,2019
1676,r3i1p1f1,2019,08,04,0.0,32.681477,15.090376,2019
1677,r3i1p1f1,2019,08,05,0.0,33.502804,15.555664,2019
1678,r3i1p1f1,2019,08,06,0.02377180994671741,34.449467,16.079744,2019
1679,r3i1p1f1,2019,08,07,0.0,35.420223,15.961128,2019
1680,r3i1p1f1,2019,08,08,0.0,34.680904,15.886473,2019
1681,r3i1p1f1,2019,08,09,0.0,31.861101,14.441956,2019
1682,r3i1p1f1,2019,08,10,0.0,31.833555,14.492517,2019
1683,r3i1p1f1,2019,08,11,0.0,32.673435,14.842454,2019
1684,r3i1p1f1,2019,08,12,0.01695302435881317,35.116173,16.86481,2019
1685,r3i1p1f1,2019,08,13,0.9585717715416456,35.736713,17.777039,2019
1686,r3i1p1f1,2019,08,14,0.18911162423936537,33.873802,15.984233,2019
1687,r3i1p1f1,2019,08,15,0.0049748415899971,32.927223,14.54928,2019
1688,r3i1p1f1,2019,08,16,3.7676516437150807,31.742975,16.51123,2019
1689,r3i1p1f1,2019,08,17,0.06346695974405686,34.125435,16.765543,2019
1690,r3i1p1f1,2019,08,18,0.08107974167532203,33.745735,16.071964,2019
1691,r3i1p1f1,2019,08,19,0.0,33.63282,15.728599,2019
1692,r3i1p1f1,2019,08,20,0.0,33.408123,15.167909,2019
1693,r3i1p1f1,2019,08,21,0.0,33.933025,15.599022,2019
1694,r3i1p1f1,2019,08,22,0.004865243664067803,34.67121,15.998344,2019
1695,r3i1p1f1,2019,08,23,0.0,35.87841,16.477785,2019
1696,r3i1p1f1,2019,08,24,0.2782176820531304,36.24448,17.13174,2019
1697,r3i1p1f1,2019,08,25,0.307346002453993,35.991604,17.357609,2019
1698,r3i1p1f1,2019,08,26,0.3434267696293043,34.889427,19.70167,2019
1699,r3i1p1f1,2019,08,27,0.43309266447040223,33.42312,17.594353,2019
1700,r3i1p1f1,2019,08,28,0.5423982436883362,33.171932,15.24031,2019
1701,r3i1p1f1,2019,08,29,0.0001739653420041908,33.01589,14.297989,2019
1702,r3i1p1f1,2019,08,30,0.0,30.798088,12.759253,2019
1703,r3i1p1f1,2019,08,31,0.011640459574251012,30.598032,12.830305,2019
1704,r3i1p1f1,2019,09,01,0.017070653336828178,33.167633,16.843243,2019
1705,r3i1p1f1,2019,09,02,0.22191083410827117,32.812286,16.846836,2019
1706,r3i1p1f1,2019,09,03,0.13230285299924258,30.08621,14.040395,2019
1707,r3i1p1f1,2019,09,04,0.024118952507816368,25.708212,10.967538,2019
1708,r3i1p1f1,2019,09,05,0.0,30.765776,13.607975,2019
1709,r3i1p1f1,2019,09,06,0.0,32.229877,14.030535,2019
1710,r3i1p1f1,2019,09,07,0.0,31.501572,13.628062,2019
1711,r3i1p1f1,2019,09,08,0.0,30.495655,11.994809,2019
1712,r3i1p1f1,2019,09,09,0.0,28.197279,10.444196,2019
1713,r3i1p1f1,2019,09,10,0.0,28.369392,10.433167,2019
1714,r3i1p1f1,2019,09,11,0.11204527736867242,28.108839,12.721723,2019
1715,r3i1p1f1,2019,09,12,0.0,29.242067,13.124814,2019
1716,r3i1p1f1,2019,09,13,0.0,32.87648,14.578803,2019
1717,r3i1p1f1,2019,09,14,0.0,32.62338,16.587088,2019
1718,r3i1p1f1,2019,09,15,0.0,31.886063,14.2216625,2019
1719,r3i1p1f1,2019,09,16,0.0,30.405682,13.057313,2019
1720,r3i1p1f1,2019,09,17,0.0,28.52798,12.004498,2019
1721,r3i1p1f1,2019,09,18,0.0,30.536919,12.751331,2019
1722,r3i1p1f1,2019,09,19,0.008083181486599091,31.194939,12.6262455,2019
1723,r3i1p1f1,2019,09,20,0.0,31.336056,13.472414,2019
1724,r3i1p1f1,2019,09,21,0.06548047241239781,31.348963,13.63578,2019
1725,r3i1p1f1,2019,09,22,0.01777420372518739,30.311357,13.896529,2019
1726,r3i1p1f1,2019,09,23,0.0005673684857108376,28.79581,11.487244,2019
1727,r3i1p1f1,2019,09,24,0.0,26.881212,9.998363,2019
1728,r3i1p1f1,2019,09,25,0.028562538015345734,27.148716,11.929693,2019
1729,r3i1p1f1,2019,09,26,0.0,30.282312,12.752073,2019
1730,r3i1p1f1,2019,09,27,0.0,32.227642,12.976548,2019
1731,r3i1p1f1,2019,09,28,0.0,32.550358,13.234771,2019
1732,r3i1p1f1,2019,09,29,0.0,32.404476,13.709064,2019
1733,r3i1p1f1,2019,09,30,0.0,33.20077,13.415876,2019
1734,r3i1p1f1,2019,10,01,0.0,33.485374,13.97748,2019
1735,r3i1p1f1,2019,10,02,0.0,31.974632,13.647451,2019
1736,r3i1p1f1,2019,10,03,0.0,28.436073,11.187828,2019
1737,r3i1p1f1,2019,10,04,0.0,26.689674,9.541081,2019
1738,r3i1p1f1,2019,10,05,0.0,23.472935,8.095143,2019
1739,r3i1p1f1,2019,10,06,0.0,23.284172,7.4521236,2019
1740,r3i1p1f1,2019,10,07,0.0,27.783278,9.185062,2019
1741,r3i1p1f1,2019,10,08,0.0,30.83137,11.985027,2019
1742,r3i1p1f1,2019,10,09,0.0,32.90244,14.010299,2019
1743,r3i1p1f1,2019,10,10,0.0,34.61066,15.087006,2019
1744,r3i1p1f1,2019,10,11,0.0,34.72695,15.9065275,2019
1745,r3i1p1f1,2019,10,12,0.0,32.249275,11.808098,2019
1746,r3i1p1f1,2019,10,13,0.0,25.592297,8.889576,2019
1747,r3i1p1f1,2019,10,14,0.0,23.94064,8.726732,2019
1748,r3i1p1f1,2019,10,15,0.0,26.401796,10.878283,2019
1749,r3i1p1f1,2019,10,16,0.0,30.132288,12.540161,2019
1750,r3i1p1f1,2019,10,17,0.0,28.455181,11.612128,2019
1751,r3i1p1f1,2019,10,18,0.0,25.664341,8.787045,2019
1752,r3i1p1f1,2019,10,19,0.04812160416115534,20.869667,6.65514,2019
1753,r3i1p1f1,2019,10,20,0.0,20.852045,4.6926,2019
1754,r3i1p1f1,2019,10,21,0.0,21.507797,7.6072803,2019
1755,r3i1p1f1,2019,10,22,0.0,23.130487,5.7329345,2019
1756,r3i1p1f1,2019,10,23,0.0,26.452988,9.38419,2019
1757,r3i1p1f1,2019,10,24,0.0,26.013737,9.919086,2019
1758,r3i1p1f1,2019,10,25,0.0,26.07674,9.744342,2019
1759,r3i1p1f1,2019,10,26,0.0,25.844988,9.040287,2019
1760,r3i1p1f1,2019,10,27,0.0,22.911543,5.914347,2019
1761,r3i1p1f1,2019,10,28,0.0,23.855654,5.4560323,2019
1762,r3i1p1f1,2019,10,29,0.0,24.991072,7.18608,2019
1763,r3i1p1f1,2019,10,30,0.0,24.769936,7.5246315,2019
1764,r3i1p1f1,2019,10,31,0.0,24.101067,8.43442,2019
1765,r3i1p1f1,2019,11,01,0.017913172257866598,21.587646,6.542319,2019
1766,r3i1p1f1,2019,11,02,0.44079567567402567,17.685787,5.120315,2019
1767,r3i1p1f1,2019,11,03,0.0,16.507347,-0.6136901,2019
1768,r3i1p1f1,2019,11,04,0.01142230374777379,16.11203,2.530407,2019
1769,r3i1p1f1,2019,11,05,17.878171474729957,14.546718,4.6370077,2019
1770,r3i1p1f1,2019,11,06,0.26429788951645605,10.385984,-0.7416221,2019
1771,r3i1p1f1,2019,11,07,0.0,12.83572,-0.29345515,2019
1772,r3i1p1f1,2019,11,08,0.0803527394030177,15.570835,2.220612,2019
1773,r3i1p1f1,2019,11,09,0.7381655143408903,15.22859,2.90367,2019
1774,r3i1p1f1,2019,11,10,3.4536885960485297,11.889086,2.5475092,2019
1775,r3i1p1f1,2019,11,11,8.205269991039215,10.3766365,0.59808415,2019
1776,r3i1p1f1,2019,11,12,10.10633753511656,9.333791,0.61747015,2019
1777,r3i1p1f1,2019,11,13,4.875355956549659,8.721039,-1.2317283,2019
1778,r3i1p1f1,2019,11,14,0.047780362566217344,9.852362,-1.1179245,2019
1779,r3i1p1f1,2019,11,15,0.550097503313957,11.299449,1.9289457,2019
1780,r3i1p1f1,2019,11,16,0.012594068131020873,12.435543,-0.68802875,2019
1781,r3i1p1f1,2019,11,17,0.0,15.090132,0.9581002,2019
1782,r3i1p1f1,2019,11,18,0.0,16.17969,2.244807,2019
1783,r3i1p1f1,2019,11,19,0.028165411001254775,15.033075,3.3441212,2019
1784,r3i1p1f1,2019,11,20,1.0382776122467916,12.364925,1.8343619,2019
1785,r3i1p1f1,2019,11,21,0.016126775872456194,11.365659,-1.1241614,2019
1786,r3i1p1f1,2019,11,22,3.0781896894592194e-05,13.235841,0.54597145,2019
1787,r3i1p1f1,2019,11,23,0.01482509000418235,14.270786,1.5628065,2019
1788,r3i1p1f1,2019,11,24,0.0,14.291527,0.55272484,2019
1789,r3i1p1f1,2019,11,25,0.15962268916844163,15.70481,2.462916,2019
1790,r3i1p1f1,2019,11,26,0.0,14.3245535,0.9282092,2019
1791,r3i1p1f1,2019,11,27,0.0015629832209511237,12.344019,-0.5409151,2019
1792,r3i1p1f1,2019,11,28,7.610130322218318,12.172408,1.241183,2019
1793,r3i1p1f1,2019,11,29,6.301092975922846,8.910859,-1.2551563,2019
1794,r3i1p1f1,2019,11,30,5.699088105235812,7.7423778,-0.52130055,2019
1795,r3i1p1f1,2019,12,01,0.013132957656952467,6.368371,-3.1912851,2019
1796,r3i1p1f1,2019,12,02,0.0004609982892306465,9.060256,-1.6802508,2019
1797,r3i1p1f1,2019,12,03,11.811825603354285,9.517911,0.22762735,2019
1798,r3i1p1f1,2019,12,04,17.285987319773994,8.787647,0.7961057,2019
1799,r3i1p1f1,2019,12,05,18.642341049633227,8.375435,1.681432,2019
1800,r3i1p1f1,2019,12,06,2.3989108201655625,8.58198,-1.1514617,2019
1801,r3i1p1f1,2019,12,07,0.012367043254374894,8.652513,-3.285803,2019
1802,r3i1p1f1,2019,12,08,1.43739457012366,8.630818,-0.11023429,2019
1803,r3i1p1f1,2019,12,09,0.005740059017570633,7.0668664,-3.8644216,2019
1804,r3i1p1f1,2019,12,10,0.0,6.8561616,-6.4963984,2019
1805,r3i1p1f1,2019,12,11,0.0,8.827299,-4.504074,2019
1806,r3i1p1f1,2019,12,12,0.0,9.914552,-3.1979399,2019
1807,r3i1p1f1,2019,12,13,0.0,9.238721,-3.7165968,2019
1808,r3i1p1f1,2019,12,14,0.0,9.901482,-2.5630963,2019
1809,r3i1p1f1,2019,12,15,0.0,11.892549,-1.6832671,2019
1810,r3i1p1f1,2019,12,16,0.0,13.819832,0.4059352,2019
1811,r3i1p1f1,2019,12,17,0.6281541912986458,11.792561,-0.19739093,2019
1812,r3i1p1f1,2019,12,18,7.317394488521986,9.151143,1.7377598,2019
1813,r3i1p1f1,2019,12,19,1.9721554035387463,5.5238266,-0.9516735,2019
1814,r3i1p1f1,2019,12,20,0.016676153772454145,6.2248244,-5.810358,2019
1815,r3i1p1f1,2019,12,21,0.0,8.97211,-4.730106,2019
1816,r3i1p1f1,2019,12,22,0.0,14.373629,-0.66872764,2019
1817,r3i1p1f1,2019,12,23,0.0,13.100701,-0.31721562,2019
1818,r3i1p1f1,2019,12,24,0.0,10.152256,-1.070367,2019
1819,r3i1p1f1,2019,12,25,0.0,8.240893,-3.3211591,2019
1820,r3i1p1f1,2019,12,26,0.0,7.7564883,-1.0052105,2019
1821,r3i1p1f1,2019,12,27,0.0,11.182131,-1.7177682,2019
1822,r3i1p1f1,2019,12,28,0.0,13.550621,-0.8912122,2019
1823,r3i1p1f1,2019,12,29,0.0,14.637067,0.88003767,2019
1824,r3i1p1f1,2019,12,30,0.0,13.207925,1.7229267,2019
1825,r3i1p1f1,2019,12,31,0.0,14.645509,0.77733374,2019
1826,r3i1p1f1,2020,01,01,0.0021835155943831937,12.90878,1.9795431,2020
1827,r3i1p1f1,2020,01,02,0.015321744783498369,11.40731,-0.15479748,2020
1828,r3i1p1f1,2020,01,03,14.8611172603154,11.0433855,1.785744,2020
1829,r3i1p1f1,2020,01,04,3.091683091894414,12.124599,1.9120649,2020
1830,r3i1p1f1,2020,01,05,0.07075505178363528,11.917527,4.6577454,2020
1831,r3i1p1f1,2020,01,06,0.05023306051787751,13.083167,3.1343942,2020
1832,r3i1p1f1,2020,01,07,19.62132802472104,13.222331,6.7353816,2020
1833,r3i1p1f1,2020,01,08,3.147309849074383,12.168202,3.4905877,2020
1834,r3i1p1f1,2020,01,09,0.0,12.322159,-0.7609208,2020
1835,r3i1p1f1,2020,01,10,0.0,15.167403,0.98105675,2020
1836,r3i1p1f1,2020,01,11,0.0,14.559698,0.6024791,2020
1837,r3i1p1f1,2020,01,12,0.0,16.160866,3.9254227,2020
1838,r3i1p1f1,2020,01,13,0.0,16.333231,2.6918304,2020
1839,r3i1p1f1,2020,01,14,0.0033380695315303674,15.638235,1.9114381,2020
1840,r3i1p1f1,2020,01,15,0.0,14.044176,1.3153592,2020
1841,r3i1p1f1,2020,01,16,0.010409923922976084,13.908528,1.6558285,2020
1842,r3i1p1f1,2020,01,17,0.006564204650754674,14.172293,4.637389,2020
1843,r3i1p1f1,2020,01,18,0.0,15.358825,3.7676501,2020
1844,r3i1p1f1,2020,01,19,0.0,18.08753,4.276197,2020
1845,r3i1p1f1,2020,01,20,0.0,19.908764,5.6093235,2020
1846,r3i1p1f1,2020,01,21,0.014480237291674272,19.086176,5.357768,2020
1847,r3i1p1f1,2020,01,22,0.0,17.217606,5.1333656,2020
1848,r3i1p1f1,2020,01,23,0.0,17.683678,4.2690277,2020
1849,r3i1p1f1,2020,01,24,0.0,18.341124,4.0131416,2020
1850,r3i1p1f1,2020,01,25,0.0,17.423195,2.8227417,2020
1851,r3i1p1f1,2020,01,26,0.00034433716791681945,17.448086,2.5702205,2020
1852,r3i1p1f1,2020,01,27,25.62720442833476,16.862795,6.429176,2020
1853,r3i1p1f1,2020,01,28,27.512408134416823,12.768785,6.4457855,2020
1854,r3i1p1f1,2020,01,29,35.089169630940006,11.610995,4.8499475,2020
1855,r3i1p1f1,2020,01,30,7.561787264829476,11.628826,1.2844883,2020
1856,r3i1p1f1,2020,01,31,45.09164762397577,13.994823,4.6565495,2020
1857,r3i1p1f1,2020,02,01,14.709696991794221,11.196827,2.6353106,2020
1858,r3i1p1f1,2020,02,02,0.0,12.647489,-3.9181793,2020
1859,r3i1p1f1,2020,02,03,0.0,16.99078,0.18530793,2020
1860,r3i1p1f1,2020,02,04,6.4040167945394755,16.215488,7.154506,2020
1861,r3i1p1f1,2020,02,05,12.785215011147033,15.281346,6.7771115,2020
1862,r3i1p1f1,2020,02,06,0.0,9.874402,-2.634915,2020
1863,r3i1p1f1,2020,02,07,0.0,10.43698,-4.7365646,2020
1864,r3i1p1f1,2020,02,08,0.0,11.709721,-2.1448987,2020
1865,r3i1p1f1,2020,02,09,0.0,12.493072,-1.5809869,2020
1866,r3i1p1f1,2020,02,10,0.0,14.03339,-0.79869866,2020
1867,r3i1p1f1,2020,02,11,0.0,14.170244,-0.11091799,2020
1868,r3i1p1f1,2020,02,12,0.0,14.742854,-0.41015652,2020
1869,r3i1p1f1,2020,02,13,0.0,16.266893,-0.4753447,2020
1870,r3i1p1f1,2020,02,14,0.0,17.647644,0.5948067,2020
1871,r3i1p1f1,2020,02,15,0.0,17.93995,1.4303495,2020
1872,r3i1p1f1,2020,02,16,0.03717457664606627,17.380442,2.213523,2020
1873,r3i1p1f1,2020,02,17,9.61187706604092,14.88949,3.2417567,2020
1874,r3i1p1f1,2020,02,18,11.748311122293781,9.4757,1.2161895,2020
1875,r3i1p1f1,2020,02,19,3.87898885636153,9.763073,-0.65957993,2020
1876,r3i1p1f1,2020,02,20,0.6516825550076619,11.164377,-2.8683174,2020
1877,r3i1p1f1,2020,02,21,0.20806775433536104,12.602462,-3.2802637,2020
1878,r3i1p1f1,2020,02,22,0.01942587233343423,12.3597975,-2.7333214,2020
1879,r3i1p1f1,2020,02,23,4.799653460350148,11.172406,1.3549956,2020
1880,r3i1p1f1,2020,02,24,0.015406558558231953,12.881773,-1.4757912,2020
1881,r3i1p1f1,2020,02,25,0.0,15.04671,-0.29131195,2020
1882,r3i1p1f1,2020,02,26,0.0,16.378817,0.6125558,2020
1883,r3i1p1f1,2020,02,27,0.0,15.777832,1.4720598,2020
1884,r3i1p1f1,2020,02,28,0.36456295113814785,12.8170395,1.8781656,2020
1885,r3i1p1f1,2020,02,29,0.12046240353480574,13.843471,0.97819835,2020
1886,r3i1p1f1,2020,03,01,0.0,15.181918,-1.8062094,2020
1887,r3i1p1f1,2020,03,02,0.0,17.924086,0.6218696,2020
1888,r3i1p1f1,2020,03,03,0.35272813422400784,16.892021,2.3570206,2020
1889,r3i1p1f1,2020,03,04,0.0,13.0351305,-4.067707,2020
1890,r3i1p1f1,2020,03,05,0.0,16.007845,-1.6858165,2020
1891,r3i1p1f1,2020,03,06,0.0,17.074047,0.48068276,2020
1892,r3i1p1f1,2020,03,07,0.0,17.754805,0.85085994,2020
1893,r3i1p1f1,2020,03,08,0.0,19.199059,3.0534837,2020
1894,r3i1p1f1,2020,03,09,0.0,20.120745,2.6233733,2020
1895,r3i1p1f1,2020,03,10,0.0,20.017157,2.4723563,2020
1896,r3i1p1f1,2020,03,11,0.0,18.015795,1.0855165,2020
1897,r3i1p1f1,2020,03,12,0.0009161008832355341,19.32166,4.012457,2020
1898,r3i1p1f1,2020,03,13,0.0,20.08141,3.7636976,2020
1899,r3i1p1f1,2020,03,14,0.0,21.945005,3.7176557,2020
1900,r3i1p1f1,2020,03,15,0.0,24.479742,5.548466,2020
1901,r3i1p1f1,2020,03,16,5.089495420124325e-06,23.431934,7.9430203,2020
1902,r3i1p1f1,2020,03,17,0.0028455840197928023,22.680655,5.705518,2020
1903,r3i1p1f1,2020,03,18,0.0316997554005921,20.45234,4.5616636,2020
1904,r3i1p1f1,2020,03,19,0.00041118593688941365,21.020061,3.0152502,2020
1905,r3i1p1f1,2020,03,20,0.0,22.117369,3.9590511,2020
1906,r3i1p1f1,2020,03,21,0.0,23.307892,5.095016,2020
1907,r3i1p1f1,2020,03,22,0.0,26.417835,7.1488276,2020
1908,r3i1p1f1,2020,03,23,0.0,26.172125,6.8559546,2020
1909,r3i1p1f1,2020,03,24,0.0,22.070879,5.7324376,2020
1910,r3i1p1f1,2020,03,25,0.0,24.008936,4.97493,2020
1911,r3i1p1f1,2020,03,26,0.0,27.655401,7.5321565,2020
1912,r3i1p1f1,2020,03,27,0.0,28.00488,8.528992,2020
1913,r3i1p1f1,2020,03,28,0.0,30.074747,10.0731125,2020
1914,r3i1p1f1,2020,03,29,0.0,30.229404,9.887503,2020
1915,r3i1p1f1,2020,03,30,0.0,28.636198,8.68171,2020
1916,r3i1p1f1,2020,03,31,0.0,28.906794,8.765031,2020
1917,r3i1p1f1,2020,04,01,0.0,29.930748,10.161848,2020
1918,r3i1p1f1,2020,04,02,0.0,29.83096,9.614788,2020
1919,r3i1p1f1,2020,04,03,0.0,26.523783,5.633348,2020
1920,r3i1p1f1,2020,04,04,0.0,22.019753,3.1416755,2020
1921,r3i1p1f1,2020,04,05,2.32036318191955,13.716279,2.9384882,2020
1922,r3i1p1f1,2020,04,06,0.20015467216691116,17.432398,-0.2164353,2020
1923,r3i1p1f1,2020,04,07,0.0,24.038721,2.282927,2020
1924,r3i1p1f1,2020,04,08,0.602529631824616,21.885117,1.9977102,2020
1925,r3i1p1f1,2020,04,09,5.2111002794272006,9.113524,-0.4223469,2020
1926,r3i1p1f1,2020,04,10,5.478047642651346,9.298042,-1.4328965,2020
1927,r3i1p1f1,2020,04,11,0.5728126869618074,14.704477,2.0871336,2020
1928,r3i1p1f1,2020,04,12,0.001078527138540239,22.240488,2.4533734,2020
1929,r3i1p1f1,2020,04,13,0.0,27.063028,5.992785,2020
1930,r3i1p1f1,2020,04,14,0.18388430854291515,24.60013,4.322436,2020
1931,r3i1p1f1,2020,04,15,1.893208192620932,16.468328,2.2859674,2020
1932,r3i1p1f1,2020,04,16,0.0,17.757349,1.6677777,2020
1933,r3i1p1f1,2020,04,17,0.009185745932909689,16.943491,0.93477035,2020
1934,r3i1p1f1,2020,04,18,0.0,18.961803,0.20631264,2020
1935,r3i1p1f1,2020,04,19,0.020171961655388728,18.631632,2.7464817,2020
1936,r3i1p1f1,2020,04,20,0.0653415407445705,20.564352,2.5842268,2020
1937,r3i1p1f1,2020,04,21,0.0,23.426382,5.783655,2020
1938,r3i1p1f1,2020,04,22,0.0,26.889467,5.9449644,2020
1939,r3i1p1f1,2020,04,23,0.0,24.980467,8.395149,2020
1940,r3i1p1f1,2020,04,24,0.0,21.613314,3.716347,2020
1941,r3i1p1f1,2020,04,25,0.05948029670187018,24.818518,4.635111,2020
1942,r3i1p1f1,2020,04,26,0.03178887238556689,28.472073,7.85376,2020
1943,r3i1p1f1,2020,04,27,0.0,28.06625,8.793447,2020
1944,r3i1p1f1,2020,04,28,0.0,28.629173,6.5142674,2020
1945,r3i1p1f1,2020,04,29,3.256677640835705,24.33491,5.3417683,2020
1946,r3i1p1f1,2020,04,30,6.464111738075299,16.230614,6.066319,2020
1947,r3i1p1f1,2020,05,01,0.27732745999607933,18.05352,4.586842,2020
1948,r3i1p1f1,2020,05,02,0.06039199120343917,17.244057,3.474337,2020
1949,r3i1p1f1,2020,05,03,0.0,20.0094,1.8124357,2020
1950,r3i1p1f1,2020,05,04,0.0,24.045515,4.673359,2020
1951,r3i1p1f1,2020,05,05,0.0,25.049585,6.538973,2020
1952,r3i1p1f1,2020,05,06,0.0,25.872505,7.769284,2020
1953,r3i1p1f1,2020,05,07,0.0,26.78789,8.979767,2020
1954,r3i1p1f1,2020,05,08,0.0,29.527863,9.846233,2020
1955,r3i1p1f1,2020,05,09,0.0,32.229156,12.217864,2020
1956,r3i1p1f1,2020,05,10,0.0,29.003586,12.703615,2020
1957,r3i1p1f1,2020,05,11,0.0,26.278152,8.230774,2020
1958,r3i1p1f1,2020,05,12,0.0,31.09415,10.908684,2020
1959,r3i1p1f1,2020,05,13,0.0,32.165325,11.50564,2020
1960,r3i1p1f1,2020,05,14,0.0,30.850063,11.089068,2020
1961,r3i1p1f1,2020,05,15,0.0003094243407813889,22.83794,9.8493185,2020
1962,r3i1p1f1,2020,05,16,0.0,22.237974,4.269394,2020
1963,r3i1p1f1,2020,05,17,0.0,23.509598,4.138953,2020
1964,r3i1p1f1,2020,05,18,0.0,22.704037,5.2094007,2020
1965,r3i1p1f1,2020,05,19,0.0,23.634975,4.858849,2020
1966,r3i1p1f1,2020,05,20,0.0,24.526367,5.5839844,2020
1967,r3i1p1f1,2020,05,21,0.0,22.455896,5.6367173,2020
1968,r3i1p1f1,2020,05,22,0.0,27.060738,8.898774,2020
1969,r3i1p1f1,2020,05,23,0.0,32.75658,12.757786,2020
1970,r3i1p1f1,2020,05,24,0.0,34.77224,14.349,2020
1971,r3i1p1f1,2020,05,25,0.0,35.55036,15.272787,2020
1972,r3i1p1f1,2020,05,26,0.0,35.92654,15.97452,2020
1973,r3i1p1f1,2020,05,27,0.0013178796860191858,36.423687,16.643747,2020
1974,r3i1p1f1,2020,05,28,0.0,34.826042,15.33158,2020
1975,r3i1p1f1,2020,05,29,0.031622322560658424,31.617298,15.101494,2020
1976,r3i1p1f1,2020,05,30,0.14100774555117823,30.52325,13.950094,2020
1977,r3i1p1f1,2020,05,31,0.07581730169697425,26.274439,10.330515,2020
1978,r3i1p1f1,2020,06,01,0.0004882537442344156,24.645884,6.6136484,2020
1979,r3i1p1f1,2020,06,02,0.0,24.580166,6.3617454,2020
1980,r3i1p1f1,2020,06,03,0.0,27.189339,9.356555,2020
1981,r3i1p1f1,2020,06,04,0.0,26.53235,10.3485365,2020
1982,r3i1p1f1,2020,06,05,0.0,30.64474,13.382807,2020
1983,r3i1p1f1,2020,06,06,0.0,35.701797,14.960827,2020
1984,r3i1p1f1,2020,06,07,0.0,36.77745,16.115828,2020
1985,r3i1p1f1,2020,06,08,0.0,36.35907,15.723483,2020
1986,r3i1p1f1,2020,06,09,0.0,34.212357,14.748982,2020
1987,r3i1p1f1,2020,06,10,0.0,32.826187,14.346305,2020
1988,r3i1p1f1,2020,06,11,0.0,32.656193,12.738868,2020
1989,r3i1p1f1,2020,06,12,0.0,31.799562,12.213582,2020
1990,r3i1p1f1,2020,06,13,0.0,32.283234,11.4091835,2020
1991,r3i1p1f1,2020,06,14,0.0,34.332844,13.2424755,2020
1992,r3i1p1f1,2020,06,15,0.0,36.346325,17.188297,2020
1993,r3i1p1f1,2020,06,16,0.0,37.14607,17.760502,2020
1994,r3i1p1f1,2020,06,17,0.0,35.57569,16.661034,2020
1995,r3i1p1f1,2020,06,18,0.0,33.4268,14.884803,2020
1996,r3i1p1f1,2020,06,19,0.0,30.274305,14.287139,2020
1997,r3i1p1f1,2020,06,20,0.0,31.461517,12.095296,2020
1998,r3i1p1f1,2020,06,21,0.0,30.792099,12.325526,2020
1999,r3i1p1f1,2020,06,22,0.0,35.24371,14.223615,2020
2000,r3i1p1f1,2020,06,23,0.0,35.911495,15.305752,2020
2001,r3i1p1f1,2020,06,24,0.0,34.3345,14.569416,2020
2002,r3i1p1f1,2020,06,25,0.0,33.009636,13.719926,2020
2003,r3i1p1f1,2020,06,26,0.0,33.76925,13.8950405,2020
2004,r3i1p1f1,2020,06,27,0.0,35.098103,15.121507,2020
2005,r3i1p1f1,2020,06,28,0.0,34.882202,14.774358,2020
2006,r3i1p1f1,2020,06,29,0.0,34.187813,14.465306,2020
2007,r3i1p1f1,2020,06,30,0.0,32.71618,13.420392,2020
2008,r3i1p1f1,2020,07,01,0.0,30.426064,12.01894,2020
2009,r3i1p1f1,2020,07,02,0.0,32.815186,14.055909,2020
2010,r3i1p1f1,2020,07,03,0.0,35.02939,14.91193,2020
2011,r3i1p1f1,2020,07,04,0.0,35.18695,15.93545,2020
2012,r3i1p1f1,2020,07,05,0.0,33.37964,14.48339,2020
2013,r3i1p1f1,2020,07,06,0.0,31.45376,14.604729,2020
2014,r3i1p1f1,2020,07,07,0.0,36.14579,15.68498,2020
2015,r3i1p1f1,2020,07,08,0.0,38.804455,16.975937,2020
2016,r3i1p1f1,2020,07,09,0.0,37.64634,19.691189,2020
2017,r3i1p1f1,2020,07,10,1.2175887229530031,34.617817,17.314396,2020
2018,r3i1p1f1,2020,07,11,0.0182421803544981,36.443405,18.604969,2020
2019,r3i1p1f1,2020,07,12,0.0,36.92065,17.62029,2020
2020,r3i1p1f1,2020,07,13,0.0,35.122784,16.081808,2020
2021,r3i1p1f1,2020,07,14,0.0,34.189194,17.06072,2020
2022,r3i1p1f1,2020,07,15,0.0,34.351475,17.85242,2020
2023,r3i1p1f1,2020,07,16,0.0,35.65941,17.081738,2020
2024,r3i1p1f1,2020,07,17,0.0,34.946903,16.5953,2020
2025,r3i1p1f1,2020,07,18,0.0,33.2128,15.68972,2020
2026,r3i1p1f1,2020,07,19,0.0,33.825794,15.677055,2020
2027,r3i1p1f1,2020,07,20,0.0,35.887913,17.550903,2020
2028,r3i1p1f1,2020,07,21,0.0,38.47401,18.978249,2020
2029,r3i1p1f1,2020,07,22,0.0,39.129658,18.905327,2020
2030,r3i1p1f1,2020,07,23,0.0,39.10536,18.639961,2020
2031,r3i1p1f1,2020,07,24,0.08155363966414536,38.430485,18.590061,2020
2032,r3i1p1f1,2020,07,25,0.23766053044792815,33.856636,18.12748,2020
2033,r3i1p1f1,2020,07,26,0.004424831942852699,32.579357,15.997071,2020
2034,r3i1p1f1,2020,07,27,0.0,32.608524,17.06922,2020
2035,r3i1p1f1,2020,07,28,0.016671429568139665,31.689232,15.912175,2020
2036,r3i1p1f1,2020,07,29,0.05300666332583536,29.836174,13.531702,2020
2037,r3i1p1f1,2020,07,30,0.026540524223960485,31.482313,13.955524,2020
2038,r3i1p1f1,2020,07,31,0.006189106444997544,32.4201,14.628228,2020
2039,r3i1p1f1,2020,08,01,0.008100420342419635,32.14539,14.825934,2020
2040,r3i1p1f1,2020,08,02,0.057964267622137966,29.881752,14.314769,2020
2041,r3i1p1f1,2020,08,03,0.0,28.044584,14.088862,2020
2042,r3i1p1f1,2020,08,04,0.2373720666792272,27.456726,13.725893,2020
2043,r3i1p1f1,2020,08,05,0.21569432908577393,29.344875,13.019057,2020
2044,r3i1p1f1,2020,08,06,0.0035286738442884985,32.03722,13.22548,2020
2045,r3i1p1f1,2020,08,07,2.1563770680575436,30.800985,15.145788,2020
2046,r3i1p1f1,2020,08,08,4.114903081842358,26.345875,12.870246,2020
2047,r3i1p1f1,2020,08,09,1.6164848610887104,27.428923,11.512229,2020
2048,r3i1p1f1,2020,08,10,1.6382795598033364,27.535007,10.850383,2020
2049,r3i1p1f1,2020,08,11,0.6856324742848026,25.11629,11.021778,2020
2050,r3i1p1f1,2020,08,12,0.07824427200389575,25.405582,12.25161,2020
2051,r3i1p1f1,2020,08,13,0.0005174953857380333,29.81843,12.302388,2020
2052,r3i1p1f1,2020,08,14,0.0,32.362743,14.779591,2020
2053,r3i1p1f1,2020,08,15,0.0,33.10217,14.991686,2020
2054,r3i1p1f1,2020,08,16,0.0,32.384098,14.62446,2020
2055,r3i1p1f1,2020,08,17,0.0,31.70303,13.780635,2020
2056,r3i1p1f1,2020,08,18,0.0,33.675842,14.591369,2020
2057,r3i1p1f1,2020,08,19,0.0,35.651596,16.19197,2020
2058,r3i1p1f1,2020,08,20,0.10711856083203615,35.755505,17.078241,2020
2059,r3i1p1f1,2020,08,21,0.3597268189663406,35.164787,18.223177,2020
2060,r3i1p1f1,2020,08,22,0.003772871802511597,35.258102,17.070389,2020
2061,r3i1p1f1,2020,08,23,0.60498840820263,34.06158,16.685205,2020
2062,r3i1p1f1,2020,08,24,1.0950040654896647,33.03503,17.066036,2020
2063,r3i1p1f1,2020,08,25,0.8209949894279073,34.38869,17.300663,2020
2064,r3i1p1f1,2020,08,26,0.18990182123767832,35.017612,16.653122,2020
2065,r3i1p1f1,2020,08,27,0.0,35.982403,15.975737,2020
2066,r3i1p1f1,2020,08,28,0.12919073367039813,37.963078,17.16159,2020
2067,r3i1p1f1,2020,08,29,0.009921721516134725,37.355747,18.424192,2020
2068,r3i1p1f1,2020,08,30,8.97370046004653e-05,34.150265,16.703953,2020
2069,r3i1p1f1,2020,08,31,0.02215083497999744,29.815393,15.5099535,2020
2070,r3i1p1f1,2020,09,01,0.009675927135641828,29.238678,13.417223,2020
2071,r3i1p1f1,2020,09,02,0.0,30.841337,14.060853,2020
2072,r3i1p1f1,2020,09,03,0.0,31.497282,14.020407,2020
2073,r3i1p1f1,2020,09,04,0.0,31.127003,14.068498,2020
2074,r3i1p1f1,2020,09,05,0.0,33.158165,13.780533,2020
2075,r3i1p1f1,2020,09,06,0.25778878874420613,33.927307,15.946701,2020
2076,r3i1p1f1,2020,09,07,0.013494020845841575,34.203297,17.03434,2020
2077,r3i1p1f1,2020,09,08,0.0,35.24225,14.799967,2020
2078,r3i1p1f1,2020,09,09,0.5169460098753034,33.620167,16.869362,2020
2079,r3i1p1f1,2020,09,10,3.772930514316999,29.195507,16.398918,2020
2080,r3i1p1f1,2020,09,11,2.672746423847429,26.626497,10.754977,2020
2081,r3i1p1f1,2020,09,12,4.999396627964746,27.606277,11.979093,2020
2082,r3i1p1f1,2020,09,13,0.0,27.682716,11.348849,2020
2083,r3i1p1f1,2020,09,14,0.00034938595049563003,26.4639,10.493394,2020
2084,r3i1p1f1,2020,09,15,0.00988768140263291,24.035177,9.093043,2020
2085,r3i1p1f1,2020,09,16,7.321080457503822e-05,21.738564,7.980267,2020
2086,r3i1p1f1,2020,09,17,0.027703398866861156,25.322659,8.211792,2020
2087,r3i1p1f1,2020,09,18,0.0,28.582071,10.579752,2020
2088,r3i1p1f1,2020,09,19,0.0,26.773338,11.4406,2020
2089,r3i1p1f1,2020,09,20,0.0,29.557446,12.137435,2020
2090,r3i1p1f1,2020,09,21,0.0,30.261042,12.460153,2020
2091,r3i1p1f1,2020,09,22,0.01534555551849983,29.576052,11.8532915,2020
2092,r3i1p1f1,2020,09,23,0.0,27.525576,10.8876505,2020
2093,r3i1p1f1,2020,09,24,0.0,24.336277,11.310592,2020
2094,r3i1p1f1,2020,09,25,0.09346678151897239,22.043818,9.198622,2020
2095,r3i1p1f1,2020,09,26,0.0,26.10771,9.102884,2020
2096,r3i1p1f1,2020,09,27,0.0,32.472366,14.043584,2020
2097,r3i1p1f1,2020,09,28,0.0,35.016605,15.399174,2020
2098,r3i1p1f1,2020,09,29,0.0,34.784374,15.866153,2020
2099,r3i1p1f1,2020,09,30,0.0,33.711754,14.54297,2020
2100,r3i1p1f1,2020,10,01,0.0,33.670837,14.4753895,2020
2101,r3i1p1f1,2020,10,02,0.0,33.622818,14.296913,2020
2102,r3i1p1f1,2020,10,03,0.0,32.677032,13.332302,2020
2103,r3i1p1f1,2020,10,04,0.0,31.414194,12.504363,2020
2104,r3i1p1f1,2020,10,05,0.0,30.36868,13.761807,2020
2105,r3i1p1f1,2020,10,06,0.0,29.410364,11.611883,2020
2106,r3i1p1f1,2020,10,07,0.0,28.100506,10.895734,2020
2107,r3i1p1f1,2020,10,08,0.0,28.81753,10.683123,2020
2108,r3i1p1f1,2020,10,09,0.03532772656688559,25.535202,10.087006,2020
2109,r3i1p1f1,2020,10,10,0.015855490507943392,22.511301,6.662481,2020
2110,r3i1p1f1,2020,10,11,0.04762013974179739,23.672888,8.363401,2020
2111,r3i1p1f1,2020,10,12,0.1209134367650911,24.047352,8.240392,2020
2112,r3i1p1f1,2020,10,13,14.169312304822432,21.066326,7.936185,2020
2113,r3i1p1f1,2020,10,14,0.09562056985680212,20.48321,6.2067266,2020
2114,r3i1p1f1,2020,10,15,0.017391144250392575,20.911915,5.8276052,2020
2115,r3i1p1f1,2020,10,16,0.5962845356710508,20.569407,7.388314,2020
2116,r3i1p1f1,2020,10,17,2.3701828418508297,20.480967,6.378504,2020
2117,r3i1p1f1,2020,10,18,36.47772249271811,16.562584,8.41663,2020
2118,r3i1p1f1,2020,10,19,15.493028974755857,15.820003,6.2606316,2020
2119,r3i1p1f1,2020,10,20,6.3478246106178355,17.369585,5.246295,2020
2120,r3i1p1f1,2020,10,21,1.6086296160861049,17.346281,4.267864,2020
2121,r3i1p1f1,2020,10,22,0.9238641365278234,16.182188,5.2080836,2020
2122,r3i1p1f1,2020,10,23,0.12872681546882217,14.876752,3.3264046,2020
2123,r3i1p1f1,2020,10,24,1.6709559793988857,15.126675,6.2823215,2020
2124,r3i1p1f1,2020,10,25,0.07165692151774596,15.545363,2.4082236,2020
2125,r3i1p1f1,2020,10,26,0.03720096317313922,15.492351,4.3522763,2020
2126,r3i1p1f1,2020,10,27,0.012510952532686519,17.368101,4.1838465,2020
2127,r3i1p1f1,2020,10,28,0.0,18.732485,4.88424,2020
2128,r3i1p1f1,2020,10,29,0.0,19.298723,5.4254403,2020
2129,r3i1p1f1,2020,10,30,0.7348938157497976,18.534445,6.1994658,2020
2130,r3i1p1f1,2020,10,31,0.10311827443343424,12.496135,1.3116803,2020
2131,r3i1p1f1,2020,11,01,0.0,13.772465,0.19764419,2020
2132,r3i1p1f1,2020,11,02,0.0,16.75334,2.4272308,2020
2133,r3i1p1f1,2020,11,03,0.0,17.353212,4.4257197,2020
2134,r3i1p1f1,2020,11,04,0.0,18.983667,4.7997403,2020
2135,r3i1p1f1,2020,11,05,0.0,19.91855,5.5745316,2020
2136,r3i1p1f1,2020,11,06,0.0,20.393269,6.96269,2020
2137,r3i1p1f1,2020,11,07,0.0,19.07807,6.145421,2020
2138,r3i1p1f1,2020,11,08,0.0,20.120268,5.9827547,2020
2139,r3i1p1f1,2020,11,09,0.0,21.33058,6.479643,2020
2140,r3i1p1f1,2020,11,10,0.0,20.488272,6.381605,2020
2141,r3i1p1f1,2020,11,11,0.0,20.792395,6.07883,2020
2142,r3i1p1f1,2020,11,12,0.0,21.482649,6.247915,2020
2143,r3i1p1f1,2020,11,13,0.0,21.0003,6.934833,2020
2144,r3i1p1f1,2020,11,14,0.0,21.762863,7.3662686,2020
2145,r3i1p1f1,2020,11,15,0.0,23.054247,6.6273456,2020
2146,r3i1p1f1,2020,11,16,0.0,23.141207,7.7328978,2020
2147,r3i1p1f1,2020,11,17,0.0,21.161392,7.375856,2020
2148,r3i1p1f1,2020,11,18,0.0,21.747152,5.179592,2020
2149,r3i1p1f1,2020,11,19,0.0,20.871174,6.506515,2020
2150,r3i1p1f1,2020,11,20,0.0,19.20875,6.0471888,2020
2151,r3i1p1f1,2020,11,21,0.0,18.378166,3.800592,2020
2152,r3i1p1f1,2020,11,22,0.0,19.409298,1.894878,2020
2153,r3i1p1f1,2020,11,23,0.0,18.847128,2.7429905,2020
2154,r3i1p1f1,2020,11,24,0.0,17.76589,1.5061928,2020
2155,r3i1p1f1,2020,11,25,0.3432446179232846,15.760469,2.205019,2020
2156,r3i1p1f1,2020,11,26,0.0,13.687344,-2.388714,2020
2157,r3i1p1f1,2020,11,27,0.0,14.742575,-2.1228018,2020
2158,r3i1p1f1,2020,11,28,0.0,17.172955,-0.597662,2020
2159,r3i1p1f1,2020,11,29,0.0,17.854412,0.90392095,2020
2160,r3i1p1f1,2020,11,30,0.0,19.07629,1.2574087,2020
2161,r3i1p1f1,2020,12,01,0.0,20.284891,6.491911,2020
2162,r3i1p1f1,2020,12,02,0.0,21.338408,6.436668,2020
2163,r3i1p1f1,2020,12,03,0.0,22.432919,5.9603148,2020
2164,r3i1p1f1,2020,12,04,0.0,22.385353,7.6568394,2020
2165,r3i1p1f1,2020,12,05,0.0016962390068466916,23.27596,8.792763,2020
2166,r3i1p1f1,2020,12,06,0.00986013506807274,21.418894,8.24165,2020
2167,r3i1p1f1,2020,12,07,0.14215358420077598,18.832617,6.38387,2020
2168,r3i1p1f1,2020,12,08,10.18702761269665,15.716316,3.7410648,2020
2169,r3i1p1f1,2020,12,09,14.358548987610117,10.102812,1.542545,2020
2170,r3i1p1f1,2020,12,10,0.0,6.852957,-5.298423,2020
2171,r3i1p1f1,2020,12,11,0.0,8.342914,-4.108957,2020
2172,r3i1p1f1,2020,12,12,0.028535982026741378,8.7015915,-4.2902765,2020
2173,r3i1p1f1,2020,12,13,0.036396009963937104,7.3706236,-2.1741776,2020
2174,r3i1p1f1,2020,12,14,0.5769473791830629,9.117528,-0.9837077,2020
2175,r3i1p1f1,2020,12,15,3.988144104495763,9.332701,0.8292711,2020
2176,r3i1p1f1,2020,12,16,6.68399620940556,9.437427,1.7580512,2020
2177,r3i1p1f1,2020,12,17,8.203706398040099,9.029177,2.0363536,2020
2178,r3i1p1f1,2020,12,18,0.9107339171477538,9.93212,0.48734036,2020
2179,r3i1p1f1,2020,12,19,0.26341485440752876,8.755563,-1.2921828,2020
2180,r3i1p1f1,2020,12,20,0.2145531715866651,5.64933,-3.0171192,2020
2181,r3i1p1f1,2020,12,21,0.0,5.7772274,-6.713371,2020
2182,r3i1p1f1,2020,12,22,0.0,5.255068,-7.783747,2020
2183,r3i1p1f1,2020,12,23,0.0,3.8576732,-8.4004545,2020
2184,r3i1p1f1,2020,12,24,0.0,3.5155494,-8.635106,2020
2185,r3i1p1f1,2020,12,25,0.0,5.889039,-6.809319,2020
2186,r3i1p1f1,2020,12,26,0.0,8.403897,-5.451766,2020
2187,r3i1p1f1,2020,12,27,0.0,7.969855,-6.006988,2020
2188,r3i1p1f1,2020,12,28,5.272881995432809,8.191311,-1.6391104,2020
2189,r3i1p1f1,2020,12,29,5.121863771912489,4.8233585,-4.2843637,2020
2190,r3i1p1f1,2020,12,30,0.02936828198113345,3.5403514,-9.355612,2020
2191,r3i1p1f1,2020,12,31,0.0,3.8416255,-10.239438,2020
2192,r3i1p1f1,2021,01,01,0.03717550352727509,4.9712696,-7.9513135,2021
2193,r3i1p1f1,2021,01,02,0.12514393812373534,9.020164,-1.3128476,2021
2194,r3i1p1f1,2021,01,03,0.12085804976253933,11.353354,1.8083047,2021
2195,r3i1p1f1,2021,01,04,1.204848789173542,12.791772,4.388007,2021
2196,r3i1p1f1,2021,01,05,12.133737201381308,11.250515,0.5783415,2021
2197,r3i1p1f1,2021,01,06,37.242358900949704,13.074926,2.8434303,2021
2198,r3i1p1f1,2021,01,07,45.561701064403735,16.009966,7.871684,2021
2199,r3i1p1f1,2021,01,08,2.91444163924704,14.651252,3.630938,2021
2200,r3i1p1f1,2021,01,09,10.440075537922949,11.850308,4.4171696,2021
2201,r3i1p1f1,2021,01,10,0.010256182166895915,9.401846,-2.1952982,2021
2202,r3i1p1f1,2021,01,11,0.029896245979685,9.606163,-1.8040503,2021
2203,r3i1p1f1,2021,01,12,0.35611234560058097,9.425823,-1.1926236,2021
2204,r3i1p1f1,2021,01,13,0.23028951768400008,9.522604,1.8419837,2021
2205,r3i1p1f1,2021,01,14,4.886549504590221e-05,13.67988,-1.1129975,2021
2206,r3i1p1f1,2021,01,15,30.67166711648249,13.51377,6.3595924,2021
2207,r3i1p1f1,2021,01,16,55.53224190773273,15.202914,7.8502474,2021
2208,r3i1p1f1,2021,01,17,12.825526872102548,17.551565,7.9356227,2021
2209,r3i1p1f1,2021,01,18,9.132935257248805,16.923836,7.581147,2021
2210,r3i1p1f1,2021,01,19,0.0012447983626219811,14.735443,3.4232721,2021
2211,r3i1p1f1,2021,01,20,14.751184080213891,13.90199,5.737212,2021
2212,r3i1p1f1,2021,01,21,33.72758267756911,17.099043,7.510476,2021
2213,r3i1p1f1,2021,01,22,12.793523221948403,15.124111,6.2927885,2021
2214,r3i1p1f1,2021,01,23,0.930567068564163,11.49678,-2.125907,2021
2215,r3i1p1f1,2021,01,24,0.0005016551762254852,4.8777943,-7.9912405,2021
2216,r3i1p1f1,2021,01,25,0.0,4.449443,-8.840674,2021
2217,r3i1p1f1,2021,01,26,0.0,6.7531734,-6.9334946,2021
2218,r3i1p1f1,2021,01,27,0.0,10.259896,-3.404004,2021
2219,r3i1p1f1,2021,01,28,0.0,13.389029,-1.2876412,2021
2220,r3i1p1f1,2021,01,29,0.0,13.481697,-0.55887634,2021
2221,r3i1p1f1,2021,01,30,0.0,15.636006,2.1228225,2021
2222,r3i1p1f1,2021,01,31,0.0,17.41564,2.0387516,2021
2223,r3i1p1f1,2021,02,01,0.0,19.891441,4.2278104,2021
2224,r3i1p1f1,2021,02,02,0.0,20.648039,5.577914,2021
2225,r3i1p1f1,2021,02,03,0.08750658693315927,19.501492,4.934124,2021
2226,r3i1p1f1,2021,02,04,0.03011724877675685,10.501354,-2.607596,2021
2227,r3i1p1f1,2021,02,05,0.0,9.229602,-6.1096435,2021
2228,r3i1p1f1,2021,02,06,0.0,11.441977,-4.233957,2021
2229,r3i1p1f1,2021,02,07,0.0,16.249788,-0.41478363,2021
2230,r3i1p1f1,2021,02,08,0.0,17.022942,-0.10107817,2021
2231,r3i1p1f1,2021,02,09,0.006216991087333581,16.152575,0.948717,2021
2232,r3i1p1f1,2021,02,10,0.045204067004802215,15.799567,1.1541777,2021
2233,r3i1p1f1,2021,02,11,0.15396756912664525,14.46045,3.0281734,2021
2234,r3i1p1f1,2021,02,12,2.405369822961141,15.371391,4.959706,2021
2235,r3i1p1f1,2021,02,13,0.0025599162693128383,16.081348,2.1925125,2021
2236,r3i1p1f1,2021,02,14,0.054490315931506106,16.924751,3.4517698,2021
2237,r3i1p1f1,2021,02,15,0.0,18.195019,1.4902189,2021
2238,r3i1p1f1,2021,02,16,0.002351906812030145,17.278036,1.8004313,2021
2239,r3i1p1f1,2021,02,17,0.45628430242190504,16.645864,1.4758575,2021
2240,r3i1p1f1,2021,02,18,0.0,17.34217,3.9139094,2021
2241,r3i1p1f1,2021,02,19,0.0,17.291527,3.1110559,2021
2242,r3i1p1f1,2021,02,20,0.029016265118226522,16.67264,0.968806,2021
2243,r3i1p1f1,2021,02,21,0.0,16.730291,1.1121768,2021
2244,r3i1p1f1,2021,02,22,0.0,16.03052,0.40458012,2021
2245,r3i1p1f1,2021,02,23,0.0,18.531635,1.2652274,2021
2246,r3i1p1f1,2021,02,24,0.0,20.600376,3.2028623,2021
2247,r3i1p1f1,2021,02,25,0.0,21.34433,4.6170006,2021
2248,r3i1p1f1,2021,02,26,0.0,22.51331,5.773136,2021
2249,r3i1p1f1,2021,02,27,0.0,22.030794,6.017626,2021
2250,r3i1p1f1,2021,02,28,0.0,22.058905,6.110019,2021
2251,r3i1p1f1,2021,03,01,0.0,29.415527,8.497317,2021
2252,r3i1p1f1,2021,03,02,0.0,30.85161,10.980998,2021
2253,r3i1p1f1,2021,03,03,0.0,32.304035,11.859935,2021
2254,r3i1p1f1,2021,03,04,0.0,30.834589,11.415735,2021
2255,r3i1p1f1,2021,03,05,0.0,29.868834,10.145485,2021
2256,r3i1p1f1,2021,03,06,0.0,26.603409,6.517787,2021
2257,r3i1p1f1,2021,03,07,0.0,25.57945,7.1172543,2021
2258,r3i1p1f1,2021,03,08,0.0,25.093876,5.5707774,2021
2259,r3i1p1f1,2021,03,09,0.0,23.423393,4.266559,2021
2260,r3i1p1f1,2021,03,10,0.0,25.139141,4.5896983,2021
2261,r3i1p1f1,2021,03,11,0.0,24.020388,4.705709,2021
2262,r3i1p1f1,2021,03,12,0.011372126598761304,22.350025,5.303214,2021
2263,r3i1p1f1,2021,03,13,6.411590038513885,18.234795,2.983416,2021
2264,r3i1p1f1,2021,03,14,1.5048485728557077,11.600735,1.6424222,2021
2265,r3i1p1f1,2021,03,15,0.0007556003490180681,15.233902,0.3642416,2021
2266,r3i1p1f1,2021,03,16,0.0,18.250027,0.90404284,2021
2267,r3i1p1f1,2021,03,17,0.00023962683344231635,17.983095,2.700058,2021
2268,r3i1p1f1,2021,03,18,0.0008814620510251684,21.802685,4.734281,2021
2269,r3i1p1f1,2021,03,19,0.0,22.12149,4.9767246,2021
2270,r3i1p1f1,2021,03,20,0.010658564539026525,19.040672,5.252547,2021
2271,r3i1p1f1,2021,03,21,0.001101697280043454,17.371521,0.7181917,2021
2272,r3i1p1f1,2021,03,22,0.0013117814810495033,17.109386,1.1899385,2021
2273,r3i1p1f1,2021,03,23,0.0,20.834764,2.936768,2021
2274,r3i1p1f1,2021,03,24,0.0,22.752886,4.596133,2021
2275,r3i1p1f1,2021,03,25,0.0,23.794968,4.8414373,2021
2276,r3i1p1f1,2021,03,26,0.0,23.382425,3.700577,2021
2277,r3i1p1f1,2021,03,27,0.0,24.135809,5.0146217,2021
2278,r3i1p1f1,2021,03,28,0.0,26.816277,7.067055,2021
2279,r3i1p1f1,2021,03,29,0.0,28.038149,8.761239,2021
2280,r3i1p1f1,2021,03,30,0.0,27.874777,7.1771946,2021
2281,r3i1p1f1,2021,03,31,0.0012387889860705895,23.758509,3.6131444,2021
2282,r3i1p1f1,2021,04,01,0.0010746356874182256,19.595991,2.4737005,2021
2283,r3i1p1f1,2021,04,02,0.0030209835632845307,19.7273,0.44743076,2021
2284,r3i1p1f1,2021,04,03,0.06931353966634064,19.209055,3.6475224,2021
2285,r3i1p1f1,2021,04,04,0.0017746963407482713,20.94649,5.222105,2021
2286,r3i1p1f1,2021,04,05,0.0,22.56668,3.5395834,2021
2287,r3i1p1f1,2021,04,06,0.0,27.16559,6.1969256,2021
2288,r3i1p1f1,2021,04,07,0.0,26.442715,7.2175827,2021
2289,r3i1p1f1,2021,04,08,0.0,25.890524,6.5812907,2021
2290,r3i1p1f1,2021,04,09,0.0007295240643681168,23.887264,4.8075223,2021
2291,r3i1p1f1,2021,04,10,0.0,22.04174,4.5501814,2021
2292,r3i1p1f1,2021,04,11,0.0,25.059137,4.692327,2021
2293,r3i1p1f1,2021,04,12,0.0,27.64568,7.4143853,2021
2294,r3i1p1f1,2021,04,13,0.0,29.088448,8.820208,2021
2295,r3i1p1f1,2021,04,14,0.0,30.343918,9.838377,2021
2296,r3i1p1f1,2021,04,15,0.0,30.333235,9.649353,2021
2297,r3i1p1f1,2021,04,16,0.0,32.559784,11.228338,2021
2298,r3i1p1f1,2021,04,17,0.0,33.58283,12.550626,2021
2299,r3i1p1f1,2021,04,18,0.0,34.59174,13.540474,2021
2300,r3i1p1f1,2021,04,19,0.0,34.512276,13.170163,2021
2301,r3i1p1f1,2021,04,20,0.0009022058326412331,31.471037,9.357808,2021
2302,r3i1p1f1,2021,04,21,1.4088980094636623,21.240818,4.5252466,2021
2303,r3i1p1f1,2021,04,22,0.016055366862873954,21.801235,4.1200395,2021
2304,r3i1p1f1,2021,04,23,0.0,23.794144,6.019225,2021
2305,r3i1p1f1,2021,04,24,0.1920084122287914,21.420229,7.3112044,2021
2306,r3i1p1f1,2021,04,25,0.0,23.083946,3.642543,2021
2307,r3i1p1f1,2021,04,26,0.0,23.62111,3.4388459,2021
2308,r3i1p1f1,2021,04,27,0.0,21.744383,6.289451,2021
2309,r3i1p1f1,2021,04,28,0.0,27.881758,7.688633,2021
2310,r3i1p1f1,2021,04,29,0.0,29.806576,9.038609,2021
2311,r3i1p1f1,2021,04,30,0.013339227000621824,27.381138,8.516903,2021
2312,r3i1p1f1,2021,05,01,2.8473896743691345,21.62123,6.5124044,2021
2313,r3i1p1f1,2021,05,02,0.19210506712349315,20.825092,4.5484347,2021
2314,r3i1p1f1,2021,05,03,0.0914940487343825,24.212015,6.158954,2021
2315,r3i1p1f1,2021,05,04,0.03404220614983745,22.563314,5.8470116,2021
2316,r3i1p1f1,2021,05,05,0.0,27.29035,7.9904127,2021
2317,r3i1p1f1,2021,05,06,0.0,30.849266,11.187977,2021
2318,r3i1p1f1,2021,05,07,0.0,32.623158,12.828198,2021
2319,r3i1p1f1,2021,05,08,0.0,33.14192,13.619801,2021
2320,r3i1p1f1,2021,05,09,0.0,34.199455,12.848826,2021
2321,r3i1p1f1,2021,05,10,0.0,34.83779,13.038155,2021
2322,r3i1p1f1,2021,05,11,0.0,33.752693,12.796996,2021
2323,r3i1p1f1,2021,05,12,0.0,27.863651,9.644265,2021
2324,r3i1p1f1,2021,05,13,0.0,21.777342,5.242908,2021
2325,r3i1p1f1,2021,05,14,0.0,27.396524,7.040926,2021
2326,r3i1p1f1,2021,05,15,0.0,29.36486,9.839103,2021
2327,r3i1p1f1,2021,05,16,0.0,30.49953,12.642585,2021
2328,r3i1p1f1,2021,05,17,0.0,34.136543,12.973846,2021
2329,r3i1p1f1,2021,05,18,0.0,34.886395,13.416122,2021
2330,r3i1p1f1,2021,05,19,0.0,35.813152,13.794269,2021
2331,r3i1p1f1,2021,05,20,0.0,34.74932,13.527548,2021
2332,r3i1p1f1,2021,05,21,0.0,33.671104,13.077175,2021
2333,r3i1p1f1,2021,05,22,0.0,33.57528,12.51949,2021
2334,r3i1p1f1,2021,05,23,0.0,26.93073,7.0592837,2021
2335,r3i1p1f1,2021,05,24,1.5215028688853085,12.827065,1.0782105,2021
2336,r3i1p1f1,2021,05,25,0.24353399811485416,16.1227,1.0681612,2021
2337,r3i1p1f1,2021,05,26,0.0,23.783546,4.232188,2021
2338,r3i1p1f1,2021,05,27,0.0,27.76879,7.581855,2021
2339,r3i1p1f1,2021,05,28,0.0,26.537527,10.448389,2021
2340,r3i1p1f1,2021,05,29,0.011187785769862152,24.257668,6.4758224,2021
2341,r3i1p1f1,2021,05,30,0.0008257904626203306,23.978907,6.3769317,2021
2342,r3i1p1f1,2021,05,31,0.028382406718182294,24.33361,7.2636213,2021
2343,r3i1p1f1,2021,06,01,0.6735187898933267,25.646803,9.755713,2021
2344,r3i1p1f1,2021,06,02,0.012408602368933234,28.162998,9.154465,2021
2345,r3i1p1f1,2021,06,03,0.0,27.523773,8.529891,2021
2346,r3i1p1f1,2021,06,04,0.0,25.654991,9.486411,2021
2347,r3i1p1f1,2021,06,05,0.021060793007949764,22.812658,6.335841,2021
2348,r3i1p1f1,2021,06,06,0.01605201534623506,21.566652,5.055004,2021
2349,r3i1p1f1,2021,06,07,0.004410705472709555,24.36797,6.187328,2021
2350,r3i1p1f1,2021,06,08,0.005873068743808703,30.334312,10.662982,2021
2351,r3i1p1f1,2021,06,09,0.0,32.68184,12.823114,2021
2352,r3i1p1f1,2021,06,10,0.0,32.519863,12.914886,2021
2353,r3i1p1f1,2021,06,11,0.0,31.648598,11.544777,2021
2354,r3i1p1f1,2021,06,12,0.0,31.622107,11.287007,2021
2355,r3i1p1f1,2021,06,13,0.0,31.027424,11.132858,2021
2356,r3i1p1f1,2021,06,14,0.0,25.478096,8.255936,2021
2357,r3i1p1f1,2021,06,15,0.0006315649741075256,22.3869,6.0391536,2021
2358,r3i1p1f1,2021,06,16,0.0,27.41598,8.774293,2021
2359,r3i1p1f1,2021,06,17,0.0,31.276834,11.766312,2021
2360,r3i1p1f1,2021,06,18,0.0,31.679306,12.221757,2021
2361,r3i1p1f1,2021,06,19,0.0,30.165302,10.712173,2021
2362,r3i1p1f1,2021,06,20,0.0,28.815842,9.881611,2021
2363,r3i1p1f1,2021,06,21,0.0,32.808823,13.572614,2021
2364,r3i1p1f1,2021,06,22,0.0,34.7996,14.23417,2021
2365,r3i1p1f1,2021,06,23,0.0,35.068127,14.806783,2021
2366,r3i1p1f1,2021,06,24,0.0,33.825752,13.994412,2021
2367,r3i1p1f1,2021,06,25,0.0,29.527237,10.516263,2021
2368,r3i1p1f1,2021,06,26,0.40632857407038525,24.724386,9.351257,2021
2369,r3i1p1f1,2021,06,27,0.008115454993182511,23.778954,7.608137,2021
2370,r3i1p1f1,2021,06,28,0.0,25.231678,8.017546,2021
2371,r3i1p1f1,2021,06,29,0.0,25.721813,8.449757,2021
2372,r3i1p1f1,2021,06,30,0.0,26.99254,9.219185,2021
2373,r3i1p1f1,2021,07,01,0.0,31.112482,12.191946,2021
2374,r3i1p1f1,2021,07,02,0.0,34.01356,14.463812,2021
2375,r3i1p1f1,2021,07,03,0.0,33.19439,14.145516,2021
2376,r3i1p1f1,2021,07,04,0.0,31.999172,13.331625,2021
2377,r3i1p1f1,2021,07,05,0.0,32.13061,14.091495,2021
2378,r3i1p1f1,2021,07,06,0.0,36.020985,15.367345,2021
2379,r3i1p1f1,2021,07,07,0.0,36.143173,16.50177,2021
2380,r3i1p1f1,2021,07,08,0.0,34.722473,14.762205,2021
2381,r3i1p1f1,2021,07,09,0.0,34.02187,14.714657,2021
2382,r3i1p1f1,2021,07,10,0.0,36.937782,16.856241,2021
2383,r3i1p1f1,2021,07,11,0.0,39.621635,18.280132,2021
2384,r3i1p1f1,2021,07,12,0.0,40.718483,20.06256,2021
2385,r3i1p1f1,2021,07,13,0.0,39.731487,18.72358,2021
2386,r3i1p1f1,2021,07,14,0.0,35.64554,16.768991,2021
2387,r3i1p1f1,2021,07,15,0.0,34.720036,16.392239,2021
2388,r3i1p1f1,2021,07,16,0.0,33.714043,14.961883,2021
2389,r3i1p1f1,2021,07,17,0.0,33.57742,14.17672,2021
2390,r3i1p1f1,2021,07,18,0.0,33.791042,14.533279,2021
2391,r3i1p1f1,2021,07,19,0.019513574414745424,33.894695,15.383475,2021
2392,r3i1p1f1,2021,07,20,0.009395180862735619,35.23712,16.839798,2021
2393,r3i1p1f1,2021,07,21,0.0,34.770515,16.578981,2021
2394,r3i1p1f1,2021,07,22,0.0,34.495113,15.606987,2021
2395,r3i1p1f1,2021,07,23,0.0,36.133648,16.94894,2021
2396,r3i1p1f1,2021,07,24,1.7451054323707165,35.082775,17.96316,2021
2397,r3i1p1f1,2021,07,25,0.0016192317972044375,32.448536,14.677069,2021
2398,r3i1p1f1,2021,07,26,0.019633182126915817,34.081528,15.593813,2021
2399,r3i1p1f1,2021,07,27,0.07569915793393386,34.69688,16.619986,2021
2400,r3i1p1f1,2021,07,28,0.008487273686720679,34.38076,16.594812,2021
2401,r3i1p1f1,2021,07,29,1.1384604137735248,33.05752,15.935675,2021
2402,r3i1p1f1,2021,07,30,0.041886068180302216,34.089333,16.28983,2021
2403,r3i1p1f1,2021,07,31,0.0,38.210262,17.346695,2021
2404,r3i1p1f1,2021,08,01,0.0,40.1256,19.292736,2021
2405,r3i1p1f1,2021,08,02,0.5298355968460039,38.298702,21.046837,2021
2406,r3i1p1f1,2021,08,03,0.037083831797865445,35.6556,17.630426,2021
2407,r3i1p1f1,2021,08,04,0.03609534629063229,34.841915,17.07609,2021
2408,r3i1p1f1,2021,08,05,0.0,36.769394,17.114653,2021
2409,r3i1p1f1,2021,08,06,0.0,39.103485,19.001965,2021
2410,r3i1p1f1,2021,08,07,0.0,38.8071,19.708897,2021
2411,r3i1p1f1,2021,08,08,0.0,37.66719,17.508827,2021
2412,r3i1p1f1,2021,08,09,1.660264983004185,34.95332,15.532814,2021
2413,r3i1p1f1,2021,08,10,0.7007496994298311,28.297276,13.598399,2021
2414,r3i1p1f1,2021,08,11,0.0,28.032288,10.686664,2021
2415,r3i1p1f1,2021,08,12,0.0,27.346416,10.321315,2021
2416,r3i1p1f1,2021,08,13,0.0,28.822493,11.015943,2021
2417,r3i1p1f1,2021,08,14,0.0,31.964436,12.878809,2021
2418,r3i1p1f1,2021,08,15,0.0,33.86875,13.520996,2021
2419,r3i1p1f1,2021,08,16,0.0,34.90703,14.784208,2021
2420,r3i1p1f1,2021,08,17,0.0,35.432476,15.243996,2021
2421,r3i1p1f1,2021,08,18,0.0,35.53052,15.033751,2021
2422,r3i1p1f1,2021,08,19,0.0,34.137226,14.468394,2021
2423,r3i1p1f1,2021,08,20,0.0,33.042706,13.582678,2021
2424,r3i1p1f1,2021,08,21,0.3362409684235569,34.483643,15.947861,2021
2425,r3i1p1f1,2021,08,22,0.010581173520415288,33.995857,15.795591,2021
2426,r3i1p1f1,2021,08,23,0.018405888935596908,33.725674,14.7249565,2021
2427,r3i1p1f1,2021,08,24,0.4720925835003568,34.69284,17.27064,2021
2428,r3i1p1f1,2021,08,25,0.5356251110479757,32.915447,16.277006,2021
2429,r3i1p1f1,2021,08,26,0.0018567184275580626,34.972736,15.620386,2021
2430,r3i1p1f1,2021,08,27,0.023076338490654685,35.591667,15.753621,2021
2431,r3i1p1f1,2021,08,28,0.3378169142218791,33.81202,17.057796,2021
2432,r3i1p1f1,2021,08,29,0.17298978481531693,32.3411,14.0186205,2021
2433,r3i1p1f1,2021,08,30,0.14240370247121478,34.044136,15.87393,2021
2434,r3i1p1f1,2021,08,31,0.044542757228059185,34.900482,15.660415,2021
2435,r3i1p1f1,2021,09,01,0.1847050336955087,34.135605,15.634934,2021
2436,r3i1p1f1,2021,09,02,1.434909682827283,34.12393,16.96482,2021
2437,r3i1p1f1,2021,09,03,0.46620050470940466,33.7257,15.266933,2021
2438,r3i1p1f1,2021,09,04,0.6713093870282385,31.714762,15.383281,2021
2439,r3i1p1f1,2021,09,05,0.42837273127974407,30.867239,15.423579,2021
2440,r3i1p1f1,2021,09,06,0.060475499714922276,29.790443,14.335206,2021
2441,r3i1p1f1,2021,09,07,0.007319328199655777,28.342793,11.965646,2021
2442,r3i1p1f1,2021,09,08,0.0,26.357607,9.648899,2021
2443,r3i1p1f1,2021,09,09,0.0,28.928469,12.368455,2021
2444,r3i1p1f1,2021,09,10,0.0,31.551691,14.29167,2021
2445,r3i1p1f1,2021,09,11,0.0,30.94127,14.482453,2021
2446,r3i1p1f1,2021,09,12,0.0,30.551638,14.41378,2021
2447,r3i1p1f1,2021,09,13,0.0,32.73033,15.387725,2021
2448,r3i1p1f1,2021,09,14,0.0,35.369232,15.610378,2021
2449,r3i1p1f1,2021,09,15,0.0,36.28167,15.855517,2021
2450,r3i1p1f1,2021,09,16,0.05898963081452883,35.380585,16.342154,2021
2451,r3i1p1f1,2021,09,17,0.20478337307312441,36.373016,16.861177,2021
2452,r3i1p1f1,2021,09,18,0.09597366689845468,34.75359,16.312326,2021
2453,r3i1p1f1,2021,09,19,0.09467185328531107,34.225674,17.901716,2021
2454,r3i1p1f1,2021,09,20,0.0015998607727162766,33.346706,15.491251,2021
2455,r3i1p1f1,2021,09,21,0.02988192676143213,31.743925,14.096568,2021
2456,r3i1p1f1,2021,09,22,0.2916846217285087,29.886486,12.564447,2021
2457,r3i1p1f1,2021,09,23,0.007030248454997711,28.926615,10.950584,2021
2458,r3i1p1f1,2021,09,24,0.0,30.660936,12.543772,2021
2459,r3i1p1f1,2021,09,25,0.0,29.107891,11.918087,2021
2460,r3i1p1f1,2021,09,26,0.0,26.54445,8.668415,2021
2461,r3i1p1f1,2021,09,27,0.0,23.762756,8.860624,2021
2462,r3i1p1f1,2021,09,28,0.0,24.579418,7.471469,2021
2463,r3i1p1f1,2021,09,29,0.00035380780569870365,23.788095,7.9562035,2021
2464,r3i1p1f1,2021,09,30,0.02131526611540749,19.59901,5.350545,2021
2465,r3i1p1f1,2021,10,01,0.0,21.593042,4.430595,2021
2466,r3i1p1f1,2021,10,02,0.0,26.351631,8.350012,2021
2467,r3i1p1f1,2021,10,03,0.0,25.512756,9.27222,2021
2468,r3i1p1f1,2021,10,04,0.0,23.30437,6.9346037,2021
2469,r3i1p1f1,2021,10,05,0.0,20.249273,6.513242,2021
2470,r3i1p1f1,2021,10,06,0.0,22.793768,7.632385,2021
2471,r3i1p1f1,2021,10,07,0.0,27.383825,8.517462,2021
2472,r3i1p1f1,2021,10,08,0.0,26.388857,8.41438,2021
2473,r3i1p1f1,2021,10,09,0.0,25.42721,8.758567,2021
2474,r3i1p1f1,2021,10,10,0.0,25.311108,8.355658,2021
2475,r3i1p1f1,2021,10,11,0.0,23.465126,6.287228,2021
2476,r3i1p1f1,2021,10,12,0.0,25.267925,6.862072,2021
2477,r3i1p1f1,2021,10,13,0.002166309273117363,24.014444,7.0693164,2021
2478,r3i1p1f1,2021,10,14,0.08142073343289226,23.049828,7.5545473,2021
2479,r3i1p1f1,2021,10,15,0.06304687266520252,24.888653,8.15528,2021
2480,r3i1p1f1,2021,10,16,0.044573329730403864,25.331156,8.891637,2021
2481,r3i1p1f1,2021,10,17,0.0002944478800407413,27.090246,9.0158,2021
2482,r3i1p1f1,2021,10,18,0.0007562127641656182,27.97552,10.529825,2021
2483,r3i1p1f1,2021,10,19,0.0,29.053963,12.424672,2021
2484,r3i1p1f1,2021,10,20,0.03303640744751178,28.334839,11.986336,2021
2485,r3i1p1f1,2021,10,21,0.010481857532409556,27.208487,11.778425,2021
2486,r3i1p1f1,2021,10,22,0.03460131881927902,26.528296,10.991133,2021
2487,r3i1p1f1,2021,10,23,0.002222681897833492,25.982386,10.112079,2021
2488,r3i1p1f1,2021,10,24,0.0,24.781937,10.538319,2021
2489,r3i1p1f1,2021,10,25,0.0,26.880165,10.056049,2021
2490,r3i1p1f1,2021,10,26,0.0,29.889387,11.644146,2021
2491,r3i1p1f1,2021,10,27,0.0,30.289616,12.536054,2021
2492,r3i1p1f1,2021,10,28,0.0,30.3824,12.692119,2021
2493,r3i1p1f1,2021,10,29,0.0,30.37283,13.601333,2021
2494,r3i1p1f1,2021,10,30,0.0,28.769333,12.851426,2021
2495,r3i1p1f1,2021,10,31,0.0030914537439292126,25.060814,7.336434,2021
2496,r3i1p1f1,2021,11,01,0.0003870222060482554,19.290703,4.7251096,2021
2497,r3i1p1f1,2021,11,02,0.00027725765848475874,18.293432,3.5246923,2021
2498,r3i1p1f1,2021,11,03,0.0,17.938118,2.3407905,2021
2499,r3i1p1f1,2021,11,04,0.0598921784981168,17.015192,3.2736316,2021
2500,r3i1p1f1,2021,11,05,3.1236019477552017,14.733204,4.1440444,2021
2501,r3i1p1f1,2021,11,06,0.0,16.53635,0.8925094,2021
2502,r3i1p1f1,2021,11,07,0.0,18.804724,2.8845694,2021
2503,r3i1p1f1,2021,11,08,0.0,18.453087,3.4888072,2021
2504,r3i1p1f1,2021,11,09,0.0,18.950666,2.5518324,2021
2505,r3i1p1f1,2021,11,10,0.001243515430498078,18.691168,4.366784,2021
2506,r3i1p1f1,2021,11,11,0.0,15.441414,-0.6154379,2021
2507,r3i1p1f1,2021,11,12,0.28553240022436954,14.482937,-0.43904933,2021
2508,r3i1p1f1,2021,11,13,3.382159950746096,8.856056,-1.6492434,2021
2509,r3i1p1f1,2021,11,14,1.1107767516246398,11.613331,0.5471572,2021
2510,r3i1p1f1,2021,11,15,0.31716654987548915,10.923611,-1.023848,2021
2511,r3i1p1f1,2021,11,16,2.594626987336417,12.174374,2.0946212,2021
2512,r3i1p1f1,2021,11,17,0.46086820481749863,15.061539,2.2895617,2021
2513,r3i1p1f1,2021,11,18,8.380533341529151,13.591954,5.0670004,2021
2514,r3i1p1f1,2021,11,19,0.04175595289063605,8.29573,-1.9777808,2021
2515,r3i1p1f1,2021,11,20,0.000365631069254243,10.871545,-2.4908202,2021
2516,r3i1p1f1,2021,11,21,0.0,13.1420555,-1.0780615,2021
2517,r3i1p1f1,2021,11,22,0.0,16.93391,1.736697,2021
2518,r3i1p1f1,2021,11,23,0.0,16.422344,3.0442848,2021
2519,r3i1p1f1,2021,11,24,0.059557087253338206,14.206096,2.6806843,2021
2520,r3i1p1f1,2021,11,25,0.0,9.210632,-4.728163,2021
2521,r3i1p1f1,2021,11,26,0.0,10.15792,-4.8621306,2021
2522,r3i1p1f1,2021,11,27,0.0,10.725557,-3.7073512,2021
2523,r3i1p1f1,2021,11,28,0.0,11.583229,-1.9335451,2021
2524,r3i1p1f1,2021,11,29,0.0,12.162154,-1.1051897,2021
2525,r3i1p1f1,2021,11,30,0.0,13.906983,-1.9433874,2021
2526,r3i1p1f1,2021,12,01,0.0,15.393305,0.964812,2021
2527,r3i1p1f1,2021,12,02,0.0,14.649518,1.2888645,2021
2528,r3i1p1f1,2021,12,03,0.052489797684150595,10.226081,-1.2964375,2021
2529,r3i1p1f1,2021,12,04,0.026044847856445067,9.284096,-2.6588962,2021
2530,r3i1p1f1,2021,12,05,0.007777713666049142,8.055403,-4.2157044,2021
2531,r3i1p1f1,2021,12,06,0.00345154012779169,8.413979,-2.067154,2021
2532,r3i1p1f1,2021,12,07,0.0,9.698995,-4.72824,2021
2533,r3i1p1f1,2021,12,08,0.0007269795539534905,8.78463,-6.178333,2021
2534,r3i1p1f1,2021,12,09,0.0,7.8683763,-4.935063,2021
2535,r3i1p1f1,2021,12,10,7.959965090078296,8.45591,-1.6673924,2021
2536,r3i1p1f1,2021,12,11,28.391993099122015,5.841559,-2.463507,2021
2537,r3i1p1f1,2021,12,12,12.645154595833667,6.1561527,-0.591459,2021
2538,r3i1p1f1,2021,12,13,2.8428958211610955,8.751133,-2.8101537,2021
2539,r3i1p1f1,2021,12,14,1.2150899060758424,7.641688,-2.911875,2021
2540,r3i1p1f1,2021,12,15,0.21766679774869277,5.203503,-5.715239,2021
2541,r3i1p1f1,2021,12,16,0.22309229931000696,5.2874255,-4.685169,2021
2542,r3i1p1f1,2021,12,17,0.5698437336479512,10.088664,-0.46866244,2021
2543,r3i1p1f1,2021,12,18,0.0,14.474014,3.2081099,2021
2544,r3i1p1f1,2021,12,19,0.0,16.928259,3.280623,2021
2545,r3i1p1f1,2021,12,20,0.0,20.053228,4.839274,2021
2546,r3i1p1f1,2021,12,21,0.0,18.292673,5.0232763,2021
2547,r3i1p1f1,2021,12,22,0.0,15.780999,5.450161,2021
2548,r3i1p1f1,2021,12,23,0.02171520619991828,10.901063,1.1009829,2021
2549,r3i1p1f1,2021,12,24,0.0030248451300642705,9.69513,-2.7190084,2021
2550,r3i1p1f1,2021,12,25,0.0,9.322217,-4.5779796,2021
2551,r3i1p1f1,2021,12,26,0.0,9.616296,-2.813146,2021
2552,r3i1p1f1,2021,12,27,0.0,9.887932,-3.5139115,2021
2553,r3i1p1f1,2021,12,28,0.0,13.856928,-0.49469802,2021
2554,r3i1p1f1,2021,12,29,0.0,12.768129,-0.41552597,2021
2555,r3i1p1f1,2021,12,30,0.06593396141066808,12.999537,-0.6916146,2021
2556,r3i1p1f1,2021,12,31,0.0,13.465683,-0.37803936,2021
2557,r3i1p1f1,2022,01,01,0.0,16.273449,1.6767195,2022
2558,r3i1p1f1,2022,01,02,0.0,17.74931,3.8826447,2022
2559,r3i1p1f1,2022,01,03,0.0,16.849379,3.0170505,2022
2560,r3i1p1f1,2022,01,04,0.0,17.02274,2.6332839,2022
2561,r3i1p1f1,2022,01,05,0.0,17.359596,3.1809916,2022
2562,r3i1p1f1,2022,01,06,0.0,16.853006,2.8127306,2022
2563,r3i1p1f1,2022,01,07,0.0,17.95639,3.6017573,2022
2564,r3i1p1f1,2022,01,08,0.0,17.006588,2.5923553,2022
2565,r3i1p1f1,2022,01,09,0.0,19.025843,3.896726,2022
2566,r3i1p1f1,2022,01,10,0.0,18.656204,3.6008,2022
2567,r3i1p1f1,2022,01,11,0.0,18.266615,3.6102145,2022
2568,r3i1p1f1,2022,01,12,0.0013549047423911168,19.167334,5.806651,2022
2569,r3i1p1f1,2022,01,13,0.0,17.017532,3.2950153,2022
2570,r3i1p1f1,2022,01,14,2.5854647106858795,15.129269,4.0245166,2022
2571,r3i1p1f1,2022,01,15,0.7599445374103887,11.434445,2.1253152,2022
2572,r3i1p1f1,2022,01,16,0.0,12.977781,-1.2775753,2022
2573,r3i1p1f1,2022,01,17,3.183087244599874,12.513942,1.9009713,2022
2574,r3i1p1f1,2022,01,18,8.400475837594113,9.963381,1.493225,2022
2575,r3i1p1f1,2022,01,19,10.65193836928467,9.914068,0.53972024,2022
2576,r3i1p1f1,2022,01,20,8.591995767301617,5.924973,-1.7277442,2022
2577,r3i1p1f1,2022,01,21,0.25730518300675115,4.100742,-4.747246,2022
2578,r3i1p1f1,2022,01,22,0.0,8.309163,-6.335136,2022
2579,r3i1p1f1,2022,01,23,0.0,13.011425,-2.2704947,2022
2580,r3i1p1f1,2022,01,24,0.0,12.928263,-1.629047,2022
2581,r3i1p1f1,2022,01,25,0.0,11.91142,-1.7595681,2022
2582,r3i1p1f1,2022,01,26,0.0,11.088758,-1.3344105,2022
2583,r3i1p1f1,2022,01,27,0.0,11.758402,-1.514309,2022
2584,r3i1p1f1,2022,01,28,0.0,12.441962,-1.8203787,2022
2585,r3i1p1f1,2022,01,29,0.04845433003455665,13.900783,0.2545404,2022
2586,r3i1p1f1,2022,01,30,0.000619705878665572,16.0827,1.3798463,2022
2587,r3i1p1f1,2022,01,31,0.0,17.30744,1.2398028,2022
2588,r3i1p1f1,2022,02,01,0.0,17.714853,2.7374303,2022
2589,r3i1p1f1,2022,02,02,0.0,18.522465,3.5694315,2022
2590,r3i1p1f1,2022,02,03,4.469493042477993,17.441544,3.1052716,2022
2591,r3i1p1f1,2022,02,04,0.007374876983125101,10.1835375,2.4821675,2022
2592,r3i1p1f1,2022,02,05,0.0,13.689577,-1.4121451,2022
2593,r3i1p1f1,2022,02,06,0.0,15.056918,0.7183856,2022
2594,r3i1p1f1,2022,02,07,0.988199475253747,14.522077,1.5247501,2022
2595,r3i1p1f1,2022,02,08,0.07574192488611901,13.5139,-1.4370942,2022
2596,r3i1p1f1,2022,02,09,0.0,14.503891,-2.1736195,2022
2597,r3i1p1f1,2022,02,10,0.0,13.472801,-1.2172897,2022
2598,r3i1p1f1,2022,02,11,0.24614138781737094,10.662666,-0.46160537,2022
2599,r3i1p1f1,2022,02,12,0.011931066185228921,10.002399,-3.4344165,2022
2600,r3i1p1f1,2022,02,13,0.0,12.218594,-2.5024257,2022
2601,r3i1p1f1,2022,02,14,0.03231015645503772,11.041272,-2.8155332,2022
2602,r3i1p1f1,2022,02,15,0.046832120318537236,9.158242,-3.1547637,2022
2603,r3i1p1f1,2022,02,16,0.11176804732795889,9.685313,-3.3630018,2022
2604,r3i1p1f1,2022,02,17,0.1337392733512388,10.623226,-2.916142,2022
2605,r3i1p1f1,2022,02,18,0.9927789571178657,9.256904,-1.7990648,2022
2606,r3i1p1f1,2022,02,19,0.0009060063342930692,10.904776,-3.4068913,2022
2607,r3i1p1f1,2022,02,20,0.0,14.856534,-0.40234566,2022
2608,r3i1p1f1,2022,02,21,0.0,15.20609,0.26760706,2022
2609,r3i1p1f1,2022,02,22,4.977819619993115,14.332087,2.5783715,2022
2610,r3i1p1f1,2022,02,23,2.845590447142251,13.102683,1.537522,2022
2611,r3i1p1f1,2022,02,24,0.0,16.117794,1.4871655,2022
2612,r3i1p1f1,2022,02,25,0.0,19.275597,3.1572788,2022
2613,r3i1p1f1,2022,02,26,5.852112339984932,18.712334,6.0286903,2022
2614,r3i1p1f1,2022,02,27,0.09169505436368512,12.078981,3.1587787,2022
2615,r3i1p1f1,2022,02,28,0.010808903232717774,15.250834,1.9888026,2022
2616,r3i1p1f1,2022,03,01,0.2812067047919051,13.654065,1.4844369,2022
2617,r3i1p1f1,2022,03,02,0.0,14.479161,-2.9379423,2022
2618,r3i1p1f1,2022,03,03,0.023452144175252848,14.881874,1.8283795,2022
2619,r3i1p1f1,2022,03,04,0.0,15.736294,-0.41076997,2022
2620,r3i1p1f1,2022,03,05,0.0,18.662619,0.86503804,2022
2621,r3i1p1f1,2022,03,06,0.0,21.049803,4.0562935,2022
2622,r3i1p1f1,2022,03,07,0.0,22.971798,5.5685863,2022
2623,r3i1p1f1,2022,03,08,0.0,24.509846,7.7133784,2022
2624,r3i1p1f1,2022,03,09,0.0,23.075357,5.704042,2022
2625,r3i1p1f1,2022,03,10,3.6207259038686366,19.09767,1.1559945,2022
2626,r3i1p1f1,2022,03,11,0.06044875379688385,10.989115,1.4043437,2022
2627,r3i1p1f1,2022,03,12,6.378114983742831,8.992681,0.10741557,2022
2628,r3i1p1f1,2022,03,13,3.472484730095444,9.616553,-0.76206726,2022
2629,r3i1p1f1,2022,03,14,0.6722384647891335,14.599901,-0.21518373,2022
2630,r3i1p1f1,2022,03,15,0.00028463967751260054,14.167583,0.6033229,2022
2631,r3i1p1f1,2022,03,16,0.1902589026554558,12.644118,1.9592316,2022
2632,r3i1p1f1,2022,03,17,0.00915110041563766,16.307064,-0.40903053,2022
2633,r3i1p1f1,2022,03,18,0.0,17.838758,1.8576045,2022
2634,r3i1p1f1,2022,03,19,0.0,20.37385,2.9746637,2022
2635,r3i1p1f1,2022,03,20,0.0,22.22219,5.666466,2022
2636,r3i1p1f1,2022,03,21,0.04367296216183935,21.266651,4.672689,2022
2637,r3i1p1f1,2022,03,22,0.4042000184640391,15.451948,3.0839946,2022
2638,r3i1p1f1,2022,03,23,0.08780132964602672,15.042233,-1.1929407,2022
2639,r3i1p1f1,2022,03,24,0.06313586141914129,14.833698,1.3567933,2022
2640,r3i1p1f1,2022,03,25,10.338953353428389,11.706941,-0.51508164,2022
2641,r3i1p1f1,2022,03,26,0.06125032589118222,13.778773,0.46946374,2022
2642,r3i1p1f1,2022,03,27,0.0,14.337823,0.9312933,2022
2643,r3i1p1f1,2022,03,28,0.0007762285443305066,14.948944,1.412737,2022
2644,r3i1p1f1,2022,03,29,0.0,16.68098,0.5155786,2022
2645,r3i1p1f1,2022,03,30,0.0,19.346668,1.556611,2022
2646,r3i1p1f1,2022,03,31,0.0,18.61737,2.9304917,2022
2647,r3i1p1f1,2022,04,01,5.40243221269603,14.896335,3.1557753,2022
2648,r3i1p1f1,2022,04,02,1.5314035093836014,10.789903,-1.5562224,2022
2649,r3i1p1f1,2022,04,03,0.0,14.287409,-2.1602554,2022
2650,r3i1p1f1,2022,04,04,0.0,18.588713,-0.028967518,2022
2651,r3i1p1f1,2022,04,05,0.011191170958750952,20.582846,7.137236,2022
2652,r3i1p1f1,2022,04,06,0.026926853549384483,20.301443,7.406529,2022
2653,r3i1p1f1,2022,04,07,0.0,25.17547,6.789429,2022
2654,r3i1p1f1,2022,04,08,0.0,24.243156,6.6243644,2022
2655,r3i1p1f1,2022,04,09,0.0,17.522106,0.63015944,2022
2656,r3i1p1f1,2022,04,10,0.013081729914781383,16.21854,1.7164901,2022
2657,r3i1p1f1,2022,04,11,1.056619951284643,12.723117,0.96806157,2022
2658,r3i1p1f1,2022,04,12,3.5084871744435406,11.822547,-0.9518994,2022
2659,r3i1p1f1,2022,04,13,1.3487990149940632,10.284998,0.41171432,2022
2660,r3i1p1f1,2022,04,14,2.841765143027508,10.309019,-0.9438735,2022
2661,r3i1p1f1,2022,04,15,6.12532797579964e-05,17.935654,0.23429817,2022
2662,r3i1p1f1,2022,04,16,0.0,19.671103,2.9242778,2022
2663,r3i1p1f1,2022,04,17,0.0,21.060976,4.204235,2022
2664,r3i1p1f1,2022,04,18,0.0,22.914864,5.4711347,2022
2665,r3i1p1f1,2022,04,19,0.0019111088300688248,22.401304,6.7334585,2022
2666,r3i1p1f1,2022,04,20,0.0013020307453575008,22.511322,6.6773567,2022
2667,r3i1p1f1,2022,04,21,0.0,23.512695,6.1077347,2022
2668,r3i1p1f1,2022,04,22,0.0,26.219196,7.507712,2022
2669,r3i1p1f1,2022,04,23,0.0,29.777323,10.13982,2022
2670,r3i1p1f1,2022,04,24,0.0,32.571114,12.858222,2022
2671,r3i1p1f1,2022,04,25,0.0,33.760677,13.130036,2022
2672,r3i1p1f1,2022,04,26,0.0,31.935966,10.514266,2022
2673,r3i1p1f1,2022,04,27,13.788155823192827,20.09409,3.4294639,2022
2674,r3i1p1f1,2022,04,28,0.6055856284166855,16.250237,5.026152,2022
2675,r3i1p1f1,2022,04,29,0.009968220214377101,16.142593,5.654771,2022
2676,r3i1p1f1,2022,04,30,0.30410844806641707,17.08914,4.207678,2022
2677,r3i1p1f1,2022,05,01,0.0,20.6258,3.307741,2022
2678,r3i1p1f1,2022,05,02,0.08575098811971574,19.017368,5.370872,2022
2679,r3i1p1f1,2022,05,03,0.9784428742421258,15.315828,3.057631,2022
2680,r3i1p1f1,2022,05,04,0.0,21.576942,3.3516183,2022
2681,r3i1p1f1,2022,05,05,0.0,22.799513,5.439756,2022
2682,r3i1p1f1,2022,05,06,0.0,23.728668,5.926668,2022
2683,r3i1p1f1,2022,05,07,0.0,23.931675,5.8918304,2022
2684,r3i1p1f1,2022,05,08,0.00474484171718359,24.096972,7.018032,2022
2685,r3i1p1f1,2022,05,09,0.17384502656031228,22.258038,6.458205,2022
2686,r3i1p1f1,2022,05,10,12.213756360342263,13.118473,3.2133245,2022
2687,r3i1p1f1,2022,05,11,6.978206421792327,13.001112,1.9581853,2022
2688,r3i1p1f1,2022,05,12,0.9975364878791328,13.901797,1.4154732,2022
2689,r3i1p1f1,2022,05,13,0.0,18.030657,3.38246,2022
2690,r3i1p1f1,2022,05,14,0.0,21.373867,5.7926087,2022
2691,r3i1p1f1,2022,05,15,0.0,22.207949,5.8649044,2022
2692,r3i1p1f1,2022,05,16,0.0,21.205116,6.8944006,2022
2693,r3i1p1f1,2022,05,17,0.0,22.078476,6.5020366,2022
2694,r3i1p1f1,2022,05,18,0.0,27.049877,9.141501,2022
2695,r3i1p1f1,2022,05,19,0.0,28.610811,10.791979,2022
2696,r3i1p1f1,2022,05,20,0.0,27.455421,8.79542,2022
2697,r3i1p1f1,2022,05,21,0.0,18.844109,3.1505466,2022
2698,r3i1p1f1,2022,05,22,0.0,19.843653,2.0777748,2022
2699,r3i1p1f1,2022,05,23,0.0,23.888973,5.489616,2022
2700,r3i1p1f1,2022,05,24,0.0,28.65505,9.644291,2022
2701,r3i1p1f1,2022,05,25,0.0,30.653837,11.614773,2022
2702,r3i1p1f1,2022,05,26,0.0,31.289944,11.809748,2022
2703,r3i1p1f1,2022,05,27,0.0,29.732101,11.532385,2022
2704,r3i1p1f1,2022,05,28,0.0,29.577581,12.013012,2022
2705,r3i1p1f1,2022,05,29,0.0,28.229942,11.384872,2022
2706,r3i1p1f1,2022,05,30,0.0,25.388325,9.137166,2022
2707,r3i1p1f1,2022,05,31,0.0,30.141014,11.891566,2022
2708,r3i1p1f1,2022,06,01,0.0,31.346657,12.268972,2022
2709,r3i1p1f1,2022,06,02,0.0,32.100735,11.42569,2022
2710,r3i1p1f1,2022,06,03,0.0,30.96594,11.381964,2022
2711,r3i1p1f1,2022,06,04,0.0,33.629124,13.936624,2022
2712,r3i1p1f1,2022,06,05,0.0,37.00207,15.870465,2022
2713,r3i1p1f1,2022,06,06,0.0,36.253597,16.340693,2022
2714,r3i1p1f1,2022,06,07,0.0,35.65831,15.718503,2022
2715,r3i1p1f1,2022,06,08,0.0,34.819485,14.585114,2022
2716,r3i1p1f1,2022,06,09,0.0,33.158028,14.840541,2022
2717,r3i1p1f1,2022,06,10,0.0,32.135353,15.833486,2022
2718,r3i1p1f1,2022,06,11,0.0,32.30843,12.278195,2022
2719,r3i1p1f1,2022,06,12,0.0,31.18012,12.388324,2022
2720,r3i1p1f1,2022,06,13,0.0,30.858368,12.634349,2022
2721,r3i1p1f1,2022,06,14,0.0,29.34547,11.687284,2022
2722,r3i1p1f1,2022,06,15,0.0,25.911633,9.900169,2022
2723,r3i1p1f1,2022,06,16,0.0,27.73361,10.370257,2022
2724,r3i1p1f1,2022,06,17,0.0,33.360023,13.907306,2022
2725,r3i1p1f1,2022,06,18,0.0,37.93437,16.3393,2022
2726,r3i1p1f1,2022,06,19,0.0,36.717613,16.545101,2022
2727,r3i1p1f1,2022,06,20,0.0,36.61155,16.719458,2022
2728,r3i1p1f1,2022,06,21,0.0,38.362865,18.089573,2022
2729,r3i1p1f1,2022,06,22,0.0,40.7282,18.674824,2022
2730,r3i1p1f1,2022,06,23,0.0,40.206257,19.556307,2022
2731,r3i1p1f1,2022,06,24,0.0,33.917046,16.050531,2022
2732,r3i1p1f1,2022,06,25,0.0,33.674118,15.402662,2022
2733,r3i1p1f1,2022,06,26,0.0,37.913273,17.217356,2022
2734,r3i1p1f1,2022,06,27,0.0,38.9893,17.75593,2022
2735,r3i1p1f1,2022,06,28,0.0,39.124825,18.149126,2022
2736,r3i1p1f1,2022,06,29,0.0,38.777702,18.19383,2022
2737,r3i1p1f1,2022,06,30,0.0,37.758095,18.018835,2022
2738,r3i1p1f1,2022,07,01,0.0,35.321926,14.968834,2022
2739,r3i1p1f1,2022,07,02,0.0,33.469547,14.406737,2022
2740,r3i1p1f1,2022,07,03,0.0,31.804226,13.002034,2022
2741,r3i1p1f1,2022,07,04,0.0,31.900827,13.021466,2022
2742,r3i1p1f1,2022,07,05,0.0,33.45199,14.228762,2022
2743,r3i1p1f1,2022,07,06,0.0,34.012424,14.351283,2022
2744,r3i1p1f1,2022,07,07,0.0,33.30191,14.094216,2022
2745,r3i1p1f1,2022,07,08,0.0,33.02445,14.198815,2022
2746,r3i1p1f1,2022,07,09,0.0,32.74128,14.272941,2022
2747,r3i1p1f1,2022,07,10,0.0,33.73693,15.328898,2022
2748,r3i1p1f1,2022,07,11,0.0,36.056484,16.189438,2022
2749,r3i1p1f1,2022,07,12,0.0,37.637703,16.979748,2022
2750,r3i1p1f1,2022,07,13,0.0,38.332806,17.590467,2022
2751,r3i1p1f1,2022,07,14,0.0,39.528275,18.278315,2022
2752,r3i1p1f1,2022,07,15,0.0,38.718136,17.737818,2022
2753,r3i1p1f1,2022,07,16,0.0,35.793182,15.970928,2022
2754,r3i1p1f1,2022,07,17,0.0,33.854053,15.119025,2022
2755,r3i1p1f1,2022,07,18,0.0,34.914646,15.57911,2022
2756,r3i1p1f1,2022,07,19,0.0,36.115166,16.446163,2022
2757,r3i1p1f1,2022,07,20,0.0,36.176403,16.214417,2022
2758,r3i1p1f1,2022,07,21,0.0,36.9418,17.043129,2022
2759,r3i1p1f1,2022,07,22,0.0,38.46389,18.376741,2022
2760,r3i1p1f1,2022,07,23,0.0,40.13964,19.823544,2022
2761,r3i1p1f1,2022,07,24,0.0,39.190216,18.12953,2022
2762,r3i1p1f1,2022,07,25,0.0,36.567802,17.30392,2022
2763,r3i1p1f1,2022,07,26,0.0,33.945984,16.027977,2022
2764,r3i1p1f1,2022,07,27,0.0,32.13879,15.003351,2022
2765,r3i1p1f1,2022,07,28,0.0,31.646078,13.978256,2022
2766,r3i1p1f1,2022,07,29,0.0,31.74344,15.325922,2022
2767,r3i1p1f1,2022,07,30,0.0,33.315643,14.956478,2022
2768,r3i1p1f1,2022,07,31,0.3638994352625311,32.307312,15.749421,2022
2769,r3i1p1f1,2022,08,01,0.0,33.56635,14.871906,2022
2770,r3i1p1f1,2022,08,02,0.09397129062563181,32.132565,16.618698,2022
2771,r3i1p1f1,2022,08,03,0.4072981614885838,31.108698,15.568657,2022
2772,r3i1p1f1,2022,08,04,0.0022112581681347256,34.030396,14.973983,2022
2773,r3i1p1f1,2022,08,05,0.0,36.660088,16.336275,2022
2774,r3i1p1f1,2022,08,06,0.10574422069387793,38.519527,18.52701,2022
2775,r3i1p1f1,2022,08,07,0.004014700711140353,38.709248,19.442701,2022
2776,r3i1p1f1,2022,08,08,0.004876485009762374,38.040405,18.32491,2022
2777,r3i1p1f1,2022,08,09,0.0,37.661472,17.552958,2022
2778,r3i1p1f1,2022,08,10,0.0,38.511024,18.063713,2022
2779,r3i1p1f1,2022,08,11,0.2822852450966214,38.16936,21.502811,2022
2780,r3i1p1f1,2022,08,12,0.0003526940638425224,36.576458,18.693378,2022
2781,r3i1p1f1,2022,08,13,0.0,36.642754,16.653893,2022
2782,r3i1p1f1,2022,08,14,0.0,36.16396,16.202013,2022
2783,r3i1p1f1,2022,08,15,0.0,35.840965,15.5366955,2022
2784,r3i1p1f1,2022,08,16,0.014386297711594538,36.091602,16.751425,2022
2785,r3i1p1f1,2022,08,17,0.2937595190120522,37.548767,19.078938,2022
2786,r3i1p1f1,2022,08,18,0.0,38.501534,18.234661,2022
2787,r3i1p1f1,2022,08,19,0.041245200889975284,38.60361,17.986149,2022
2788,r3i1p1f1,2022,08,20,0.0,38.881454,17.98775,2022
2789,r3i1p1f1,2022,08,21,0.0,37.65324,17.62704,2022
2790,r3i1p1f1,2022,08,22,0.0,35.535976,16.017702,2022
2791,r3i1p1f1,2022,08,23,0.02580809931246084,35.901466,17.850544,2022
2792,r3i1p1f1,2022,08,24,0.23951250948426384,37.171806,18.335241,2022
2793,r3i1p1f1,2022,08,25,0.14224135299269675,39.683044,18.546453,2022
2794,r3i1p1f1,2022,08,26,0.3456634931640248,38.10876,17.766613,2022
2795,r3i1p1f1,2022,08,27,1.2740568425523993,33.849846,16.301735,2022
2796,r3i1p1f1,2022,08,28,0.19722790360295525,31.284967,15.641133,2022
2797,r3i1p1f1,2022,08,29,0.0,32.42969,15.010125,2022
2798,r3i1p1f1,2022,08,30,0.0,35.610104,15.796018,2022
2799,r3i1p1f1,2022,08,31,0.002002231635604844,37.380375,16.687042,2022
2800,r3i1p1f1,2022,09,01,0.0,34.980335,16.998259,2022
2801,r3i1p1f1,2022,09,02,0.0028436664830554614,33.56804,14.915609,2022
2802,r3i1p1f1,2022,09,03,0.0,34.160038,13.873938,2022
2803,r3i1p1f1,2022,09,04,0.0,34.349293,16.856077,2022
2804,r3i1p1f1,2022,09,05,0.0,34.48208,16.119778,2022
2805,r3i1p1f1,2022,09,06,0.004412474130125095,34.326466,17.158463,2022
2806,r3i1p1f1,2022,09,07,0.004332422845023261,34.530254,16.711555,2022
2807,r3i1p1f1,2022,09,08,0.0027237008466865077,34.471416,15.385823,2022
2808,r3i1p1f1,2022,09,09,0.0,34.342808,14.667288,2022
2809,r3i1p1f1,2022,09,10,0.0,34.57514,15.333833,2022
2810,r3i1p1f1,2022,09,11,0.0,33.99451,16.067732,2022
2811,r3i1p1f1,2022,09,12,0.0,35.213463,15.782308,2022
2812,r3i1p1f1,2022,09,13,0.0,34.05021,15.396133,2022
2813,r3i1p1f1,2022,09,14,0.0,33.89333,14.9507475,2022
2814,r3i1p1f1,2022,09,15,0.0,33.152176,13.553459,2022
2815,r3i1p1f1,2022,09,16,0.0,28.168888,12.495132,2022
2816,r3i1p1f1,2022,09,17,0.0012289887209507551,22.629072,6.30146,2022
2817,r3i1p1f1,2022,09,18,0.04779834370834358,22.898876,5.9301705,2022
2818,r3i1p1f1,2022,09,19,0.0,23.532408,5.8393292,2022
2819,r3i1p1f1,2022,09,20,0.0,26.385569,8.823828,2022
2820,r3i1p1f1,2022,09,21,0.0,28.80869,9.858173,2022
2821,r3i1p1f1,2022,09,22,0.0,31.377146,12.466768,2022
2822,r3i1p1f1,2022,09,23,0.0,33.856003,14.392356,2022
2823,r3i1p1f1,2022,09,24,0.0,33.244713,14.640019,2022
2824,r3i1p1f1,2022,09,25,0.0,31.745686,11.803547,2022
2825,r3i1p1f1,2022,09,26,0.06270918136358501,27.77831,10.110638,2022
2826,r3i1p1f1,2022,09,27,0.0,24.868736,8.062657,2022
2827,r3i1p1f1,2022,09,28,0.0,23.142408,5.9876885,2022
2828,r3i1p1f1,2022,09,29,2.2084663435111217e-05,20.85808,4.695308,2022
2829,r3i1p1f1,2022,09,30,0.0,19.085104,4.3276916,2022
2830,r3i1p1f1,2022,10,01,0.004672774525577993,18.283365,5.0348024,2022
2831,r3i1p1f1,2022,10,02,0.0,21.82734,4.8716674,2022
2832,r3i1p1f1,2022,10,03,0.0,28.553673,8.82664,2022
2833,r3i1p1f1,2022,10,04,0.0,32.38264,13.425125,2022
2834,r3i1p1f1,2022,10,05,0.0,30.233736,10.692119,2022
2835,r3i1p1f1,2022,10,06,0.0,27.18673,9.441461,2022
2836,r3i1p1f1,2022,10,07,0.0,26.056608,8.927678,2022
2837,r3i1p1f1,2022,10,08,0.0,24.883493,8.962874,2022
2838,r3i1p1f1,2022,10,09,0.0,31.129236,11.111458,2022
2839,r3i1p1f1,2022,10,10,0.0,33.900955,13.365615,2022
2840,r3i1p1f1,2022,10,11,0.0,33.888454,13.466439,2022
2841,r3i1p1f1,2022,10,12,0.0,33.013363,12.580297,2022
2842,r3i1p1f1,2022,10,13,0.0,30.450315,12.139193,2022
2843,r3i1p1f1,2022,10,14,0.0,31.208569,12.400909,2022
2844,r3i1p1f1,2022,10,15,0.0,30.991747,11.690148,2022
2845,r3i1p1f1,2022,10,16,0.0,30.995546,11.657217,2022
2846,r3i1p1f1,2022,10,17,0.0,31.148394,12.119225,2022
2847,r3i1p1f1,2022,10,18,0.0,32.395107,13.31029,2022
2848,r3i1p1f1,2022,10,19,0.005331688433657153,29.484884,13.297359,2022
2849,r3i1p1f1,2022,10,20,11.932168706980795,22.69684,9.831287,2022
2850,r3i1p1f1,2022,10,21,0.02016824071743582,19.83756,6.517306,2022
2851,r3i1p1f1,2022,10,22,0.051514278620192214,21.197226,7.956249,2022
2852,r3i1p1f1,2022,10,23,0.05557882633817798,22.795837,7.646812,2022
2853,r3i1p1f1,2022,10,24,0.0,22.633806,7.6906033,2022
2854,r3i1p1f1,2022,10,25,0.0,24.702766,9.249456,2022
2855,r3i1p1f1,2022,10,26,0.006685955449938774,23.523632,7.7017107,2022
2856,r3i1p1f1,2022,10,27,0.14727013403017103,21.508085,7.050946,2022
2857,r3i1p1f1,2022,10,28,0.0,22.661476,6.7187386,2022
2858,r3i1p1f1,2022,10,29,0.00025620547036754886,21.633602,7.4498367,2022
2859,r3i1p1f1,2022,10,30,0.22156856964019508,19.11415,5.8938212,2022
2860,r3i1p1f1,2022,10,31,1.2437509827980124,19.374937,7.6558747,2022
2861,r3i1p1f1,2022,11,01,0.0,18.088898,2.6774745,2022
2862,r3i1p1f1,2022,11,02,0.013376237634061412,19.29422,4.1021523,2022
2863,r3i1p1f1,2022,11,03,0.0002953341798715745,20.220306,4.307403,2022
2864,r3i1p1f1,2022,11,04,0.0,21.66708,4.59358,2022
2865,r3i1p1f1,2022,11,05,0.0,23.351427,5.275279,2022
2866,r3i1p1f1,2022,11,06,0.0,22.383549,6.6508193,2022
2867,r3i1p1f1,2022,11,07,0.0,21.032671,6.848326,2022
2868,r3i1p1f1,2022,11,08,0.040061999664458475,16.2948,3.2980106,2022
2869,r3i1p1f1,2022,11,09,0.0,16.047974,-0.12342298,2022
2870,r3i1p1f1,2022,11,10,1.2860706276373866,16.179329,2.4754171,2022
2871,r3i1p1f1,2022,11,11,2.837940507445389,16.618422,5.5909786,2022
2872,r3i1p1f1,2022,11,12,0.0,15.874055,-0.0178609,2022
2873,r3i1p1f1,2022,11,13,0.0,18.682995,1.2837347,2022
2874,r3i1p1f1,2022,11,14,0.0,20.51613,2.528327,2022
2875,r3i1p1f1,2022,11,15,0.0,19.837341,4.2704306,2022
2876,r3i1p1f1,2022,11,16,0.0,19.213758,3.392229,2022
2877,r3i1p1f1,2022,11,17,0.0,20.5516,3.9330673,2022
2878,r3i1p1f1,2022,11,18,0.0,22.697124,5.4252787,2022
2879,r3i1p1f1,2022,11,19,0.0,20.879036,3.6263669,2022
2880,r3i1p1f1,2022,11,20,0.0,21.888288,3.7745428,2022
2881,r3i1p1f1,2022,11,21,0.0,21.851702,5.669647,2022
2882,r3i1p1f1,2022,11,22,0.0,19.239592,6.237028,2022
2883,r3i1p1f1,2022,11,23,0.0,20.584887,6.3872805,2022
2884,r3i1p1f1,2022,11,24,0.0,19.67335,2.5385547,2022
2885,r3i1p1f1,2022,11,25,0.0,18.019705,3.799345,2022
2886,r3i1p1f1,2022,11,26,0.0,17.883053,-0.9016507,2022
2887,r3i1p1f1,2022,11,27,0.0,22.526606,2.7989552,2022
2888,r3i1p1f1,2022,11,28,0.0,24.689615,5.3786616,2022
2889,r3i1p1f1,2022,11,29,0.0,23.028515,5.116179,2022
2890,r3i1p1f1,2022,11,30,0.0,20.612146,6.0779977,2022
2891,r3i1p1f1,2022,12,01,0.0,21.403982,6.6106806,2022
2892,r3i1p1f1,2022,12,02,0.0,19.280117,3.6768303,2022
2893,r3i1p1f1,2022,12,03,0.0,15.735006,1.679594,2022
2894,r3i1p1f1,2022,12,04,0.0,13.678232,-0.7844869,2022
2895,r3i1p1f1,2022,12,05,0.0,11.451555,-3.5425093,2022
2896,r3i1p1f1,2022,12,06,0.0,16.595926,-0.15256168,2022
2897,r3i1p1f1,2022,12,07,0.0,18.188826,2.2659183,2022
2898,r3i1p1f1,2022,12,08,0.0,19.59973,2.9217079,2022
2899,r3i1p1f1,2022,12,09,0.0,20.890057,3.2012424,2022
2900,r3i1p1f1,2022,12,10,0.0,20.640898,7.0970783,2022
2901,r3i1p1f1,2022,12,11,0.0,22.394701,5.0069466,2022
2902,r3i1p1f1,2022,12,12,0.2163155233982693,17.718948,2.2086687,2022
2903,r3i1p1f1,2022,12,13,0.06833261420428188,12.360404,2.5257251,2022
2904,r3i1p1f1,2022,12,14,0.0,14.396458,-0.8375786,2022
2905,r3i1p1f1,2022,12,15,0.0,19.173315,2.1336234,2022
2906,r3i1p1f1,2022,12,16,0.0,21.141941,4.9010015,2022
2907,r3i1p1f1,2022,12,17,0.0,18.43083,2.8399143,2022
2908,r3i1p1f1,2022,12,18,0.0,15.128516,1.2197056,2022
2909,r3i1p1f1,2022,12,19,0.0020313563149873958,15.467256,1.7925152,2022
2910,r3i1p1f1,2022,12,20,0.0,16.379494,0.619999,2022
2911,r3i1p1f1,2022,12,21,0.0,14.656121,-1.6225736,2022
2912,r3i1p1f1,2022,12,22,0.02746108336423552,12.615778,0.558156,2022
2913,r3i1p1f1,2022,12,23,0.0,14.560504,-1.9617935,2022
2914,r3i1p1f1,2022,12,24,0.0,13.719673,-2.852914,2022
2915,r3i1p1f1,2022,12,25,0.0,12.309163,-3.5747137,2022
2916,r3i1p1f1,2022,12,26,0.00946703751899556,9.697924,-4.7826896,2022
2917,r3i1p1f1,2022,12,27,0.0,11.546968,-1.0215589,2022
2918,r3i1p1f1,2022,12,28,0.0,14.130615,-1.9141173,2022
2919,r3i1p1f1,2022,12,29,0.0,14.866834,-1.9155167,2022
2920,r3i1p1f1,2022,12,30,0.0,14.120712,-1.7819883,2022
2921,r3i1p1f1,2022,12,31,0.0,13.6846,-1.7734797,2022
2922,r3i1p1f1,2023,01,01,0.08127669360626234,12.910132,1.5020559,2023
2923,r3i1p1f1,2023,01,02,0.9239818304301176,10.069607,-2.1961508,2023
2924,r3i1p1f1,2023,01,03,12.013174709617019,11.017865,4.1788163,2023
2925,r3i1p1f1,2023,01,04,11.83320120685852,15.08924,4.270389,2023
2926,r3i1p1f1,2023,01,05,0.0006620907648043199,13.535739,1.4751709,2023
2927,r3i1p1f1,2023,01,06,0.0,14.429647,0.32564682,2023
2928,r3i1p1f1,2023,01,07,0.0,14.229722,0.5868824,2023
2929,r3i1p1f1,2023,01,08,0.007724786291598293,13.5810585,0.44755444,2023
2930,r3i1p1f1,2023,01,09,0.0,9.675612,-2.8847241,2023
2931,r3i1p1f1,2023,01,10,0.0,7.927122,-5.968735,2023
2932,r3i1p1f1,2023,01,11,0.0,7.365959,-5.9832215,2023
2933,r3i1p1f1,2023,01,12,0.0,11.887666,-3.224127,2023
2934,r3i1p1f1,2023,01,13,0.0,13.278871,-1.5883352,2023
2935,r3i1p1f1,2023,01,14,0.0,12.83544,0.07311735,2023
2936,r3i1p1f1,2023,01,15,0.0,14.900488,2.058582,2023
2937,r3i1p1f1,2023,01,16,0.017139327969881848,14.360824,0.47884268,2023
2938,r3i1p1f1,2023,01,17,0.0013922671364112334,18.124321,2.394974,2023
2939,r3i1p1f1,2023,01,18,0.012793825967216408,16.75243,0.9459637,2023
2940,r3i1p1f1,2023,01,19,14.085284384482568,15.347613,4.9929137,2023
2941,r3i1p1f1,2023,01,20,3.107167320088758,14.117456,2.6009789,2023
2942,r3i1p1f1,2023,01,21,7.925215541931031,11.5019655,2.3464165,2023
2943,r3i1p1f1,2023,01,22,51.52494566975458,12.000299,4.4897203,2023
2944,r3i1p1f1,2023,01,23,13.402320956487198,11.010855,1.7271478,2023
2945,r3i1p1f1,2023,01,24,1.6301929025964703,9.822706,-0.77834815,2023
2946,r3i1p1f1,2023,01,25,24.15875239347136,10.170531,0.26455626,2023
2947,r3i1p1f1,2023,01,26,1.3171268112494021,10.902994,1.3994322,2023
2948,r3i1p1f1,2023,01,27,0.0,12.702337,-0.2584873,2023
2949,r3i1p1f1,2023,01,28,0.0,14.121598,-1.1477737,2023
2950,r3i1p1f1,2023,01,29,0.0,15.6582365,-0.17965937,2023
2951,r3i1p1f1,2023,01,30,0.0,15.3707,0.22541891,2023
2952,r3i1p1f1,2023,01,31,0.0,14.861525,0.726106,2023
2953,r3i1p1f1,2023,02,01,6.471556551008359,10.107225,2.2724278,2023
2954,r3i1p1f1,2023,02,02,1.685308083255994,11.824807,0.22172654,2023
2955,r3i1p1f1,2023,02,03,1.8981735918659428,12.384506,5.404847,2023
2956,r3i1p1f1,2023,02,04,11.198234417595703,11.48397,2.120838,2023
2957,r3i1p1f1,2023,02,05,2.4515185383841693,13.616002,2.126474,2023
2958,r3i1p1f1,2023,02,06,0.00044151660624651635,15.783989,1.6980486,2023
2959,r3i1p1f1,2023,02,07,0.269090091469755,15.415844,3.1193182,2023
2960,r3i1p1f1,2023,02,08,1.8756871914929159,14.457066,4.5798984,2023
2961,r3i1p1f1,2023,02,09,0.5615591739682934,14.127733,1.252541,2023
2962,r3i1p1f1,2023,02,10,0.0,13.313115,0.40179956,2023
2963,r3i1p1f1,2023,02,11,0.0,15.916004,1.1447437,2023
2964,r3i1p1f1,2023,02,12,0.0,18.075537,2.815837,2023
2965,r3i1p1f1,2023,02,13,0.0,19.63528,4.7559757,2023
2966,r3i1p1f1,2023,02,14,0.0,21.342724,5.958324,2023
2967,r3i1p1f1,2023,02,15,0.0,21.31292,6.2372923,2023
2968,r3i1p1f1,2023,02,16,0.0,20.561228,5.1995053,2023
2969,r3i1p1f1,2023,02,17,0.0,20.692846,5.861369,2023
2970,r3i1p1f1,2023,02,18,0.0,20.11305,6.2691236,2023
2971,r3i1p1f1,2023,02,19,0.8323965807506862,17.771055,6.179398,2023
2972,r3i1p1f1,2023,02,20,0.16820219939594003,17.86448,4.7196703,2023
2973,r3i1p1f1,2023,02,21,0.23268513457327517,18.765337,5.089246,2023
2974,r3i1p1f1,2023,02,22,0.22861055402741345,19.08794,4.655369,2023
2975,r3i1p1f1,2023,02,23,0.5601152090645029,18.50618,4.56463,2023
2976,r3i1p1f1,2023,02,24,0.0,20.500284,5.531322,2023
2977,r3i1p1f1,2023,02,25,0.0,21.227623,5.155095,2023
2978,r3i1p1f1,2023,02,26,0.006888880020459042,20.285336,4.8603263,2023
2979,r3i1p1f1,2023,02,27,0.0,21.79299,8.086283,2023
2980,r3i1p1f1,2023,02,28,0.0,21.280958,7.2996573,2023
2981,r3i1p1f1,2023,03,01,0.13864597617308996,20.477196,2.2555265,2023
2982,r3i1p1f1,2023,03,02,0.8344892465472433,16.335318,1.6578196,2023
2983,r3i1p1f1,2023,03,03,11.355855982630711,14.202982,3.7111251,2023
2984,r3i1p1f1,2023,03,04,4.289867311969801,9.798303,2.111408,2023
2985,r3i1p1f1,2023,03,05,0.31635159301830834,13.104056,0.013659819,2023
2986,r3i1p1f1,2023,03,06,0.20515421206558435,13.8482485,-0.45489937,2023
2987,r3i1p1f1,2023,03,07,1.024930728970117,11.1149235,2.0097635,2023
2988,r3i1p1f1,2023,03,08,7.1641499582796255,8.452583,0.25395516,2023
2989,r3i1p1f1,2023,03,09,6.194431888655372,11.046391,1.1321914,2023
2990,r3i1p1f1,2023,03,10,3.724438734160768,10.554845,-0.47203353,2023
2991,r3i1p1f1,2023,03,11,2.2033681312206514,10.917554,-0.65256214,2023
2992,r3i1p1f1,2023,03,12,0.007371781975962222,15.382394,-0.819137,2023
2993,r3i1p1f1,2023,03,13,0.0,17.320456,1.910238,2023
2994,r3i1p1f1,2023,03,14,0.0,18.752384,4.4232383,2023
2995,r3i1p1f1,2023,03,15,0.018121072719099397,18.775354,4.7365103,2023
2996,r3i1p1f1,2023,03,16,0.2993829400436494,18.476778,4.118666,2023
2997,r3i1p1f1,2023,03,17,3.8138981519300885,15.3068495,4.102062,2023
2998,r3i1p1f1,2023,03,18,0.027565120341905364,19.16055,4.252002,2023
2999,r3i1p1f1,2023,03,19,0.0005119090377720016,20.72177,4.9109755,2023
3000,r3i1p1f1,2023,03,20,0.0,20.551445,4.915225,2023
3001,r3i1p1f1,2023,03,21,0.0,21.287855,6.013012,2023
3002,r3i1p1f1,2023,03,22,0.23300598844688272,21.518017,5.9621315,2023
3003,r3i1p1f1,2023,03,23,0.004679805062937014,22.507109,6.2864637,2023
3004,r3i1p1f1,2023,03,24,0.0,22.73184,7.2905197,2023
3005,r3i1p1f1,2023,03,25,0.0,22.233501,4.49888,2023
3006,r3i1p1f1,2023,03,26,1.6540503254038248,20.15161,4.4722004,2023
3007,r3i1p1f1,2023,03,27,5.062571763368341,14.64355,2.4548044,2023
3008,r3i1p1f1,2023,03,28,4.237417342580254,15.064279,2.4505749,2023
3009,r3i1p1f1,2023,03,29,9.874054783378432,14.713651,5.9479194,2023
3010,r3i1p1f1,2023,03,30,14.394617148733012,14.180988,6.5063543,2023
3011,r3i1p1f1,2023,03,31,44.891515867843594,16.002674,6.619827,2023
3012,r3i1p1f1,2023,04,01,14.21216278218763,14.377685,5.7406855,2023
3013,r3i1p1f1,2023,04,02,16.8572075146067,13.476905,5.3231792,2023
3014,r3i1p1f1,2023,04,03,3.111688544998039,14.69096,3.9971495,2023
3015,r3i1p1f1,2023,04,04,0.264246914399943,17.831839,2.2157462,2023
3016,r3i1p1f1,2023,04,05,1.8332466557540377,16.193953,2.6525047,2023
3017,r3i1p1f1,2023,04,06,7.337384457869671,15.0329895,5.6307187,2023
3018,r3i1p1f1,2023,04,07,0.034467993898557106,17.221926,3.7826116,2023
3019,r3i1p1f1,2023,04,08,0.3722869756408424,21.05689,6.3381457,2023
3020,r3i1p1f1,2023,04,09,0.015448613934991457,23.084028,6.3429966,2023
3021,r3i1p1f1,2023,04,10,0.0,23.268253,7.6510673,2023
3022,r3i1p1f1,2023,04,11,0.025323141140468193,23.23934,8.102424,2023
3023,r3i1p1f1,2023,04,12,0.010640074827030978,21.92528,7.82644,2023
3024,r3i1p1f1,2023,04,13,0.8648173980922862,20.248512,5.94561,2023
3025,r3i1p1f1,2023,04,14,0.11678147396499601,18.772095,3.3440573,2023
3026,r3i1p1f1,2023,04,15,0.025188076132590966,19.522696,4.4932327,2023
3027,r3i1p1f1,2023,04,16,24.306699238315392,15.976964,5.135409,2023
3028,r3i1p1f1,2023,04,17,6.301370191708195,10.232664,0.7445138,2023
3029,r3i1p1f1,2023,04,18,0.39967456197962636,13.942728,1.4760861,2023
3030,r3i1p1f1,2023,04,19,7.031251890832871,12.690972,4.6863523,2023
3031,r3i1p1f1,2023,04,20,0.2668452915322357,14.9699335,2.704033,2023
3032,r3i1p1f1,2023,04,21,0.16167607504581666,15.357416,3.4857981,2023
3033,r3i1p1f1,2023,04,22,0.26995663709495793,13.917611,2.6771524,2023
3034,r3i1p1f1,2023,04,23,0.0,17.892696,0.5303789,2023
3035,r3i1p1f1,2023,04,24,0.7077063473700422,17.279016,3.3069837,2023
3036,r3i1p1f1,2023,04,25,0.3490982014365286,13.756425,0.9716768,2023
3037,r3i1p1f1,2023,04,26,0.2909715733491766,13.415916,1.3451245,2023
3038,r3i1p1f1,2023,04,27,2.7152603105930737,13.395802,1.6157593,2023
3039,r3i1p1f1,2023,04,28,4.691654979664732,13.858549,1.9677416,2023
3040,r3i1p1f1,2023,04,29,2.746794462456654,14.2269745,1.8362782,2023
3041,r3i1p1f1,2023,04,30,0.38927860928886343,18.604483,3.1619134,2023
3042,r3i1p1f1,2023,05,01,0.15252099133442354,18.293818,4.7311573,2023
3043,r3i1p1f1,2023,05,02,0.021230864098139467,18.028101,4.5973163,2023
3044,r3i1p1f1,2023,05,03,0.027017576084648626,20.095184,5.600977,2023
3045,r3i1p1f1,2023,05,04,0.0,19.648771,6.3655953,2023
3046,r3i1p1f1,2023,05,05,0.1421281110786808,18.122467,6.980503,2023
3047,r3i1p1f1,2023,05,06,0.0,21.742048,5.857251,2023
3048,r3i1p1f1,2023,05,07,0.0,26.4939,8.806017,2023
3049,r3i1p1f1,2023,05,08,0.0,30.178879,11.984628,2023
3050,r3i1p1f1,2023,05,09,0.0,33.476685,14.370577,2023
3051,r3i1p1f1,2023,05,10,0.0,33.202682,14.358584,2023
3052,r3i1p1f1,2023,05,11,0.0,27.31891,10.002534,2023
3053,r3i1p1f1,2023,05,12,0.0028058044809960957,20.566483,4.635093,2023
3054,r3i1p1f1,2023,05,13,0.0,20.232847,3.8246002,2023
3055,r3i1p1f1,2023,05,14,0.019747003876876657,22.426607,5.852867,2023
3056,r3i1p1f1,2023,05,15,0.21809008838979274,19.10768,6.46088,2023
3057,r3i1p1f1,2023,05,16,0.47868423333332455,18.08594,5.0116057,2023
3058,r3i1p1f1,2023,05,17,4.3559430657323315,16.930212,3.5838382,2023
3059,r3i1p1f1,2023,05,18,0.08794261368607156,22.516453,5.851198,2023
3060,r3i1p1f1,2023,05,19,0.03612180141675653,26.988728,8.916203,2023
3061,r3i1p1f1,2023,05,20,0.03221184343353591,31.7582,12.502682,2023
3062,r3i1p1f1,2023,05,21,2.1008327137138676,31.202272,12.630707,2023
3063,r3i1p1f1,2023,05,22,21.165448592580628,21.329023,7.0620775,2023
3064,r3i1p1f1,2023,05,23,4.085578865283561,17.294775,5.800855,2023
3065,r3i1p1f1,2023,05,24,0.034886370152834745,19.26623,4.938348,2023
3066,r3i1p1f1,2023,05,25,0.02876351367652233,19.647005,5.1891155,2023
3067,r3i1p1f1,2023,05,26,0.16775513480145796,17.751413,4.242689,2023
3068,r3i1p1f1,2023,05,27,0.2214396711497102,17.083183,2.703127,2023
3069,r3i1p1f1,2023,05,28,0.17015553665149843,19.49187,4.705286,2023
3070,r3i1p1f1,2023,05,29,0.07186021835271579,24.258986,7.1026125,2023
3071,r3i1p1f1,2023,05,30,4.22934554126021,22.231512,6.9214153,2023
3072,r3i1p1f1,2023,05,31,0.805967447150496,20.10394,6.075661,2023
3073,r3i1p1f1,2023,06,01,0.0991787141163403,22.157064,5.452453,2023
3074,r3i1p1f1,2023,06,02,0.2830900191982051,22.696089,6.370335,2023
3075,r3i1p1f1,2023,06,03,0.2068876236620726,25.217918,8.582922,2023
3076,r3i1p1f1,2023,06,04,0.20806109718802018,28.148783,10.623618,2023
3077,r3i1p1f1,2023,06,05,0.5589917779125795,28.21962,11.789036,2023
3078,r3i1p1f1,2023,06,06,0.025697838529154207,26.870691,10.4244585,2023
3079,r3i1p1f1,2023,06,07,0.0,28.272696,10.228395,2023
3080,r3i1p1f1,2023,06,08,0.0,32.275978,13.857092,2023
3081,r3i1p1f1,2023,06,09,0.0,34.146137,15.861871,2023
3082,r3i1p1f1,2023,06,10,0.0,36.31808,17.072548,2023
3083,r3i1p1f1,2023,06,11,0.0,36.110035,16.631248,2023
3084,r3i1p1f1,2023,06,12,0.0,34.867283,15.497585,2023
3085,r3i1p1f1,2023,06,13,0.0,35.507942,16.456104,2023
3086,r3i1p1f1,2023,06,14,0.0,34.6659,15.292027,2023
3087,r3i1p1f1,2023,06,15,0.0,28.728764,11.937228,2023
3088,r3i1p1f1,2023,06,16,0.0,29.653048,11.836738,2023
3089,r3i1p1f1,2023,06,17,0.0,32.716248,14.842437,2023
3090,r3i1p1f1,2023,06,18,0.0,31.425776,12.836007,2023
3091,r3i1p1f1,2023,06,19,0.0,28.402319,11.896171,2023
3092,r3i1p1f1,2023,06,20,0.0,33.607037,14.125728,2023
3093,r3i1p1f1,2023,06,21,0.0,36.76133,17.599724,2023
3094,r3i1p1f1,2023,06,22,0.0,35.755764,15.416473,2023
3095,r3i1p1f1,2023,06,23,0.0,33.49735,14.784084,2023
3096,r3i1p1f1,2023,06,24,0.0,30.001623,11.96387,2023
3097,r3i1p1f1,2023,06,25,0.0,30.300407,11.299164,2023
3098,r3i1p1f1,2023,06,26,0.0,34.38391,14.735448,2023
3099,r3i1p1f1,2023,06,27,0.0,37.676346,17.36346,2023
3100,r3i1p1f1,2023,06,28,0.0,37.290817,17.350267,2023
3101,r3i1p1f1,2023,06,29,0.0,38.471222,17.49344,2023
3102,r3i1p1f1,2023,06,30,0.0,38.0018,18.173874,2023
3103,r3i1p1f1,2023,07,01,0.0,36.338715,16.148754,2023
3104,r3i1p1f1,2023,07,02,0.0,35.108593,18.0731,2023
3105,r3i1p1f1,2023,07,03,0.024483797341500493,32.909416,15.879763,2023
3106,r3i1p1f1,2023,07,04,1.8378999481104653e-05,32.676285,15.920299,2023
3107,r3i1p1f1,2023,07,05,0.3245883636618325,33.490143,15.225189,2023
3108,r3i1p1f1,2023,07,06,0.0,36.14462,17.44065,2023
3109,r3i1p1f1,2023,07,07,0.0,38.52718,18.82168,2023
3110,r3i1p1f1,2023,07,08,0.0,37.84792,18.220129,2023
3111,r3i1p1f1,2023,07,09,0.0,36.70483,17.09245,2023
3112,r3i1p1f1,2023,07,10,0.0,35.556557,16.59182,2023
3113,r3i1p1f1,2023,07,11,0.0026812644280267486,35.039482,16.587688,2023
3114,r3i1p1f1,2023,07,12,0.051585646645187146,35.237823,16.61009,2023
3115,r3i1p1f1,2023,07,13,0.0001917060845616189,38.145874,19.115906,2023
3116,r3i1p1f1,2023,07,14,0.0,39.524235,19.108881,2023
3117,r3i1p1f1,2023,07,15,2.348536505462217,37.651886,21.050964,2023
3118,r3i1p1f1,2023,07,16,1.682328228379254,36.436665,19.664595,2023
3119,r3i1p1f1,2023,07,17,0.001472206362946467,35.31321,18.836422,2023
3120,r3i1p1f1,2023,07,18,0.0,33.86836,16.295341,2023
3121,r3i1p1f1,2023,07,19,0.0,33.82645,16.402058,2023
3122,r3i1p1f1,2023,07,20,0.0,35.86816,17.467978,2023
3123,r3i1p1f1,2023,07,21,0.03668833231186551,37.85422,19.308556,2023
3124,r3i1p1f1,2023,07,22,0.0,36.607372,18.242928,2023
3125,r3i1p1f1,2023,07,23,0.13394798078066247,36.093742,18.293482,2023
3126,r3i1p1f1,2023,07,24,0.4331919541326704,37.993122,19.662106,2023
3127,r3i1p1f1,2023,07,25,3.3152848726416724,36.36327,18.903038,2023
3128,r3i1p1f1,2023,07,26,0.021086592530605918,34.17268,16.67843,2023
3129,r3i1p1f1,2023,07,27,1.2122869635949787,33.51874,16.660753,2023
3130,r3i1p1f1,2023,07,28,0.4568308342453692,32.956547,15.99025,2023
3131,r3i1p1f1,2023,07,29,0.02789383836154064,33.539574,16.038921,2023
3132,r3i1p1f1,2023,07,30,0.00036043319568941087,35.23154,16.653297,2023
3133,r3i1p1f1,2023,07,31,0.0,37.463646,17.15783,2023
3134,r3i1p1f1,2023,08,01,0.0,39.28261,19.617826,2023
3135,r3i1p1f1,2023,08,02,0.027801296015020467,39.019123,19.938143,2023
3136,r3i1p1f1,2023,08,03,0.08665431158574806,38.994976,19.885319,2023
3137,r3i1p1f1,2023,08,04,0.0,38.323025,17.905542,2023
3138,r3i1p1f1,2023,08,05,0.1707588589378054,36.487244,18.492233,2023
3139,r3i1p1f1,2023,08,06,0.0,35.64409,16.747278,2023
3140,r3i1p1f1,2023,08,07,0.023011393866247752,34.641884,16.445303,2023
3141,r3i1p1f1,2023,08,08,0.0715219581108999,34.506172,16.329283,2023
3142,r3i1p1f1,2023,08,09,0.06963193506552753,36.08624,17.52635,2023
3143,r3i1p1f1,2023,08,10,0.30858257902736747,38.592243,18.275187,2023
3144,r3i1p1f1,2023,08,11,0.9145598619149744,38.128452,18.876585,2023
3145,r3i1p1f1,2023,08,12,1.7070149251032325,37.098347,18.756886,2023
3146,r3i1p1f1,2023,08,13,0.2808486155018644,37.18393,18.986076,2023
3147,r3i1p1f1,2023,08,14,0.05688982427465927,37.249596,18.759237,2023
3148,r3i1p1f1,2023,08,15,0.20969421289698925,36.021523,17.559639,2023
3149,r3i1p1f1,2023,08,16,0.03485076574262083,34.59437,16.337683,2023
3150,r3i1p1f1,2023,08,17,0.011762955568194615,33.18524,13.782707,2023
3151,r3i1p1f1,2023,08,18,0.0011527743790242257,32.851437,13.651438,2023
3152,r3i1p1f1,2023,08,19,0.0,33.302174,13.738178,2023
3153,r3i1p1f1,2023,08,20,0.0,33.326984,13.799677,2023
3154,r3i1p1f1,2023,08,21,0.0,32.957203,13.502165,2023
3155,r3i1p1f1,2023,08,22,0.0,30.68589,12.293268,2023
3156,r3i1p1f1,2023,08,23,0.0,28.600641,11.900131,2023
3157,r3i1p1f1,2023,08,24,0.0,27.932482,10.456238,2023
3158,r3i1p1f1,2023,08,25,0.0,28.361809,11.06363,2023
3159,r3i1p1f1,2023,08,26,0.0,28.873222,11.957015,2023
3160,r3i1p1f1,2023,08,27,0.0,28.8777,11.555564,2023
3161,r3i1p1f1,2023,08,28,0.0,29.035513,11.586819,2023
3162,r3i1p1f1,2023,08,29,0.0009343959391117096,28.631279,11.452966,2023
3163,r3i1p1f1,2023,08,30,0.0,29.939892,11.962302,2023
3164,r3i1p1f1,2023,08,31,0.0,33.395493,13.593187,2023
3165,r3i1p1f1,2023,09,01,0.6407529105402345,36.12682,17.938583,2023
3166,r3i1p1f1,2023,09,02,0.6361680815373829,37.57405,21.297747,2023
3167,r3i1p1f1,2023,09,03,0.5783525135153799,37.592598,19.550966,2023
3168,r3i1p1f1,2023,09,04,0.001098192314560892,37.057945,18.214375,2023
3169,r3i1p1f1,2023,09,05,0.0,38.7597,19.265211,2023
3170,r3i1p1f1,2023,09,06,0.0,39.073563,18.780445,2023
3171,r3i1p1f1,2023,09,07,0.0,39.630627,19.040306,2023
3172,r3i1p1f1,2023,09,08,0.0,39.328583,18.6047,2023
3173,r3i1p1f1,2023,09,09,0.0,35.92735,16.159931,2023
3174,r3i1p1f1,2023,09,10,0.0,34.16856,14.720105,2023
3175,r3i1p1f1,2023,09,11,0.012888768379167286,30.609144,14.282041,2023
3176,r3i1p1f1,2023,09,12,0.0,26.952644,11.425003,2023
3177,r3i1p1f1,2023,09,13,0.0,29.909922,12.203965,2023
3178,r3i1p1f1,2023,09,14,0.0,32.618404,14.123136,2023
3179,r3i1p1f1,2023,09,15,0.0,33.49954,14.0847,2023
3180,r3i1p1f1,2023,09,16,0.0,34.213108,13.769591,2023
3181,r3i1p1f1,2023,09,17,0.0,35.263184,14.93515,2023
3182,r3i1p1f1,2023,09,18,0.0,35.41731,15.040804,2023
3183,r3i1p1f1,2023,09,19,0.0,34.49681,14.9416685,2023
3184,r3i1p1f1,2023,09,20,0.0,32.794544,14.570011,2023
3185,r3i1p1f1,2023,09,21,0.008922865557851213,28.006247,11.047268,2023
3186,r3i1p1f1,2023,09,22,0.0,27.832874,9.262605,2023
3187,r3i1p1f1,2023,09,23,0.0,31.707996,13.708566,2023
3188,r3i1p1f1,2023,09,24,0.0,31.246576,12.563938,2023
3189,r3i1p1f1,2023,09,25,0.0,28.617191,11.789713,2023
3190,r3i1p1f1,2023,09,26,0.0,27.772974,9.762209,2023
3191,r3i1p1f1,2023,09,27,0.0,30.099754,11.868766,2023
3192,r3i1p1f1,2023,09,28,0.0,31.39282,13.075856,2023
3193,r3i1p1f1,2023,09,29,0.0,32.030457,13.419048,2023
3194,r3i1p1f1,2023,09,30,0.0,32.725903,13.470934,2023
3195,r3i1p1f1,2023,10,01,0.0,32.653522,13.617838,2023
3196,r3i1p1f1,2023,10,02,0.0,32.22676,12.6505785,2023
3197,r3i1p1f1,2023,10,03,0.0,30.40895,10.754869,2023
3198,r3i1p1f1,2023,10,04,0.0,25.330881,8.615314,2023
3199,r3i1p1f1,2023,10,05,0.0,26.255331,9.7157755,2023
3200,r3i1p1f1,2023,10,06,0.0,27.50659,10.2554,2023
3201,r3i1p1f1,2023,10,07,0.0,27.26958,9.444409,2023
3202,r3i1p1f1,2023,10,08,0.0,29.414291,10.155948,2023
3203,r3i1p1f1,2023,10,09,0.0,31.399862,12.894173,2023
3204,r3i1p1f1,2023,10,10,0.0,33.25713,15.117019,2023
3205,r3i1p1f1,2023,10,11,0.0,32.512943,14.44571,2023
3206,r3i1p1f1,2023,10,12,0.0,32.31116,13.973674,2023
3207,r3i1p1f1,2023,10,13,0.0,33.114704,13.276862,2023
3208,r3i1p1f1,2023,10,14,0.0,32.820503,12.191553,2023
3209,r3i1p1f1,2023,10,15,0.0,29.756088,10.309896,2023
3210,r3i1p1f1,2023,10,16,0.0,26.300676,9.408481,2023
3211,r3i1p1f1,2023,10,17,0.005052961342064946,25.502571,8.763208,2023
3212,r3i1p1f1,2023,10,18,0.0,24.24914,7.8571305,2023
3213,r3i1p1f1,2023,10,19,0.0,23.126879,7.6912694,2023
3214,r3i1p1f1,2023,10,20,0.0,27.046795,8.150292,2023
3215,r3i1p1f1,2023,10,21,0.0751484117063228,27.274643,9.7401905,2023
3216,r3i1p1f1,2023,10,22,0.0,27.39282,9.485936,2023
3217,r3i1p1f1,2023,10,23,0.0,29.715569,10.392703,2023
3218,r3i1p1f1,2023,10,24,0.0,32.375813,14.760834,2023
3219,r3i1p1f1,2023,10,25,0.0,31.7464,13.747247,2023
3220,r3i1p1f1,2023,10,26,0.06921084014086801,29.365364,12.946908,2023
3221,r3i1p1f1,2023,10,27,0.15153229677790395,20.479704,6.7430835,2023
3222,r3i1p1f1,2023,10,28,0.018276499018115414,19.496082,4.710294,2023
3223,r3i1p1f1,2023,10,29,0.13756482443113782,19.30061,5.5058794,2023
3224,r3i1p1f1,2023,10,30,14.028986756095422,19.213001,6.3982525,2023
3225,r3i1p1f1,2023,10,31,9.903739710366194,13.756926,3.3664665,2023
3226,r3i1p1f1,2023,11,01,0.0,15.3763485,1.6020737,2023
3227,r3i1p1f1,2023,11,02,0.0,16.071138,2.5238113,2023
3228,r3i1p1f1,2023,11,03,0.055766149358863586,15.990187,3.0167282,2023
3229,r3i1p1f1,2023,11,04,0.0,16.713636,2.9917538,2023
3230,r3i1p1f1,2023,11,05,0.0,18.58653,3.6247537,2023
3231,r3i1p1f1,2023,11,06,0.008909990386503827,17.904064,5.3308887,2023
3232,r3i1p1f1,2023,11,07,7.072297474049705,14.658353,5.4768987,2023
3233,r3i1p1f1,2023,11,08,0.25682616026318955,14.843817,2.4727738,2023
3234,r3i1p1f1,2023,11,09,0.0,17.906393,3.452356,2023
3235,r3i1p1f1,2023,11,10,0.0,18.233133,3.47773,2023
3236,r3i1p1f1,2023,11,11,0.0,17.461874,3.362157,2023
3237,r3i1p1f1,2023,11,12,0.0,18.631287,3.962639,2023
3238,r3i1p1f1,2023,11,13,2.204624942391864,19.01517,5.8705955,2023
3239,r3i1p1f1,2023,11,14,1.7773281882868601,16.992928,6.556035,2023
3240,r3i1p1f1,2023,11,15,0.6385518285764412,16.079767,2.317464,2023
3241,r3i1p1f1,2023,11,16,0.07853598500360297,15.773034,3.0426085,2023
3242,r3i1p1f1,2023,11,17,1.1033644309998525,15.696554,4.120247,2023
3243,r3i1p1f1,2023,11,18,9.066017514692662,16.176315,7.658842,2023
3244,r3i1p1f1,2023,11,19,14.215088304507928,16.878967,8.807882,2023
3245,r3i1p1f1,2023,11,20,4.170096996251342,17.767614,7.459566,2023
3246,r3i1p1f1,2023,11,21,1.667084991371887,17.87908,6.341117,2023
3247,r3i1p1f1,2023,11,22,0.561450164302986,17.408792,5.371581,2023
3248,r3i1p1f1,2023,11,23,0.03546370442508663,16.151617,4.192214,2023
3249,r3i1p1f1,2023,11,24,0.7429740702567263,17.246992,6.1030965,2023
3250,r3i1p1f1,2023,11,25,0.03366280635115496,16.04885,4.946144,2023
3251,r3i1p1f1,2023,11,26,0.03551752696997331,15.579207,3.5079744,2023
3252,r3i1p1f1,2023,11,27,0.022608497645871303,14.108329,3.639043,2023
3253,r3i1p1f1,2023,11,28,0.0,16.013218,1.2933104,2023
3254,r3i1p1f1,2023,11,29,0.0,16.702972,2.6402698,2023
3255,r3i1p1f1,2023,11,30,0.0,17.696365,2.2334971,2023
3256,r3i1p1f1,2023,12,01,0.0,17.596094,4.4046483,2023
3257,r3i1p1f1,2023,12,02,0.015678957290330083,18.470264,5.3823147,2023
3258,r3i1p1f1,2023,12,03,6.679873992272791,17.222525,5.1432514,2023
3259,r3i1p1f1,2023,12,04,49.34916678336308,13.028662,6.3487415,2023
3260,r3i1p1f1,2023,12,05,18.663765976424187,11.671042,3.5001018,2023
3261,r3i1p1f1,2023,12,06,0.15437760603989856,10.487121,0.020595228,2023
3262,r3i1p1f1,2023,12,07,0.0,11.475947,-1.5450164,2023
3263,r3i1p1f1,2023,12,08,4.539721039217318,13.146075,4.076205,2023
3264,r3i1p1f1,2023,12,09,10.263852096845353,12.193888,3.9643834,2023
3265,r3i1p1f1,2023,12,10,0.0019901006916453216,11.095323,0.028769739,2023
3266,r3i1p1f1,2023,12,11,0.0,14.039441,0.80871147,2023
3267,r3i1p1f1,2023,12,12,0.0,14.916268,0.99388635,2023
3268,r3i1p1f1,2023,12,13,0.0,13.3765135,-0.133111,2023
3269,r3i1p1f1,2023,12,14,0.0,12.786479,-0.46446988,2023
3270,r3i1p1f1,2023,12,15,0.0,14.20103,0.7946438,2023
3271,r3i1p1f1,2023,12,16,0.0,14.018397,0.46970156,2023
3272,r3i1p1f1,2023,12,17,0.0009674419451392058,12.758003,-0.08877589,2023
3273,r3i1p1f1,2023,12,18,0.0,16.040474,3.960917,2023
3274,r3i1p1f1,2023,12,19,0.0,16.764482,4.1984525,2023
3275,r3i1p1f1,2023,12,20,0.1331652212331502,15.405761,3.260371,2023
3276,r3i1p1f1,2023,12,21,0.0,15.075658,1.7330768,2023
3277,r3i1p1f1,2023,12,22,0.0,15.800091,1.4401056,2023
3278,r3i1p1f1,2023,12,23,0.0,16.490305,2.0404994,2023
3279,r3i1p1f1,2023,12,24,0.0,15.755057,2.1599522,2023
3280,r3i1p1f1,2023,12,25,0.0,15.614817,1.097783,2023
3281,r3i1p1f1,2023,12,26,0.0,14.834175,0.7189733,2023
3282,r3i1p1f1,2023,12,27,22.915089900488965,13.75531,5.077098,2023
3283,r3i1p1f1,2023,12,28,7.569476216824224,15.9831,5.700552,2023
3284,r3i1p1f1,2023,12,29,19.62164187817314,15.435629,7.641401,2023
3285,r3i1p1f1,2023,12,30,6.591608563775838,14.021924,3.4534657,2023
3286,r3i1p1f1,2023,12,31,0.0,13.078558,0.48934034,2023
3287,r3i1p1f1,2024,01,01,0.7353585045965508,11.905135,4.868925,2024
3288,r3i1p1f1,2024,01,02,17.063663643432047,10.524109,3.9029865,2024
3289,r3i1p1f1,2024,01,03,4.371348877546167,11.09048,1.9641747,2024
3290,r3i1p1f1,2024,01,04,0.0,12.07008,0.5029047,2024
3291,r3i1p1f1,2024,01,05,0.0,11.30262,-1.9307226,2024
3292,r3i1p1f1,2024,01,06,0.0,13.549141,-1.0127028,2024
3293,r3i1p1f1,2024,01,07,0.0,12.722094,-0.7489773,2024
3294,r3i1p1f1,2024,01,08,0.04108167385449192,11.780992,0.18185759,2024
3295,r3i1p1f1,2024,01,09,16.81481580399894,11.294979,3.0126328,2024
3296,r3i1p1f1,2024,01,10,3.195052891956452,11.896424,2.3443198,2024
3297,r3i1p1f1,2024,01,11,0.0,11.64776,-2.4394965,2024
3298,r3i1p1f1,2024,01,12,3.0741804802936246,10.565006,1.0834831,2024
3299,r3i1p1f1,2024,01,13,32.36917856013557,6.703141,-0.16263591,2024
3300,r3i1p1f1,2024,01,14,3.5267243559081347,7.5933485,-3.5970666,2024
3301,r3i1p1f1,2024,01,15,2.6445677530842437,7.8414683,-3.5601997,2024
3302,r3i1p1f1,2024,01,16,0.006111170152893685,8.442917,-0.7114169,2024
3303,r3i1p1f1,2024,01,17,0.04086849355107089,9.298654,-0.49884653,2024
3304,r3i1p1f1,2024,01,18,0.0,9.927211,-0.4323969,2024
3305,r3i1p1f1,2024,01,19,0.004561844191013017,8.88761,-4.9154854,2024
3306,r3i1p1f1,2024,01,20,0.0,7.5799227,-5.8302126,2024
3307,r3i1p1f1,2024,01,21,0.0,10.305085,-3.4333203,2024
3308,r3i1p1f1,2024,01,22,0.0,14.017979,-1.0340732,2024
3309,r3i1p1f1,2024,01,23,0.0,12.651783,-0.25896752,2024
3310,r3i1p1f1,2024,01,24,0.007641828401987864,14.124221,2.091868,2024
3311,r3i1p1f1,2024,01,25,0.0029168335833784304,15.240713,2.4634295,2024
3312,r3i1p1f1,2024,01,26,0.0,15.463279,2.3546367,2024
3313,r3i1p1f1,2024,01,27,0.0,15.788128,2.7707138,2024
3314,r3i1p1f1,2024,01,28,0.0,16.905985,3.3692024,2024
3315,r3i1p1f1,2024,01,29,0.0,18.386967,4.3126235,2024
3316,r3i1p1f1,2024,01,30,0.0,17.689795,3.8508952,2024
3317,r3i1p1f1,2024,01,31,0.0,18.853142,4.0137997,2024
3318,r3i1p1f1,2024,02,01,0.0,20.297565,5.2219834,2024
3319,r3i1p1f1,2024,02,02,0.0,18.89294,4.6630807,2024
3320,r3i1p1f1,2024,02,03,0.0,18.029465,3.9306905,2024
3321,r3i1p1f1,2024,02,04,0.0,18.04243,2.9085188,2024
3322,r3i1p1f1,2024,02,05,0.0,16.589909,1.2776256,2024
3323,r3i1p1f1,2024,02,06,0.0,18.462423,2.117557,2024
3324,r3i1p1f1,2024,02,07,0.0,21.429405,4.30803,2024
3325,r3i1p1f1,2024,02,08,0.0,21.830387,5.5944204,2024
3326,r3i1p1f1,2024,02,09,0.0,21.140825,5.601164,2024
3327,r3i1p1f1,2024,02,10,0.0,19.154068,4.2408085,2024
3328,r3i1p1f1,2024,02,11,0.0,19.571747,3.1069312,2024
3329,r3i1p1f1,2024,02,12,0.0,20.687572,4.371045,2024
3330,r3i1p1f1,2024,02,13,0.0,21.995499,4.897415,2024
3331,r3i1p1f1,2024,02,14,0.0,22.550716,6.098557,2024
3332,r3i1p1f1,2024,02,15,0.0,22.527946,5.963613,2024
3333,r3i1p1f1,2024,02,16,0.0,22.526045,5.8947744,2024
3334,r3i1p1f1,2024,02,17,0.0,22.531223,5.5343285,2024
3335,r3i1p1f1,2024,02,18,0.0,22.473417,5.612723,2024
3336,r3i1p1f1,2024,02,19,0.0,22.522243,5.144604,2024
3337,r3i1p1f1,2024,02,20,0.0,22.225786,4.6293573,2024
3338,r3i1p1f1,2024,02,21,0.0,21.076206,3.6433148,2024
3339,r3i1p1f1,2024,02,22,0.0,20.943819,3.5192957,2024
3340,r3i1p1f1,2024,02,23,0.0,22.495811,6.691516,2024
3341,r3i1p1f1,2024,02,24,0.0,23.883057,5.1198335,2024
3342,r3i1p1f1,2024,02,25,0.12501395078839833,24.068499,4.9864016,2024
3343,r3i1p1f1,2024,02,26,8.279947758172497,12.823464,4.394001,2024
3344,r3i1p1f1,2024,02,27,31.505698885617182,14.54226,7.0095844,2024
3345,r3i1p1f1,2024,02,28,22.511633813072958,15.355229,7.0097737,2024
3346,r3i1p1f1,2024,02,29,17.462954962146327,14.330439,4.466798,2024
3347,r3i1p1f1,2024,03,01,13.89454574439724,11.62551,0.79168737,2024
3348,r3i1p1f1,2024,03,02,0.6530597743345755,12.81088,1.9544744,2024
3349,r3i1p1f1,2024,03,03,2.9432673825541507,12.758856,-0.08617079,2024
3350,r3i1p1f1,2024,03,04,2.4001417436711288,13.647501,1.0717952,2024
3351,r3i1p1f1,2024,03,05,28.80354924977644,12.021265,4.150799,2024
3352,r3i1p1f1,2024,03,06,2.3007992098113714,10.999561,-1.4393342,2024
3353,r3i1p1f1,2024,03,07,0.017870008296361477,13.918463,-1.9917179,2024
3354,r3i1p1f1,2024,03,08,10.828270624615746,11.394423,2.5520318,2024
3355,r3i1p1f1,2024,03,09,11.610210742964586,11.433816,4.362089,2024
3356,r3i1p1f1,2024,03,10,14.756663863066809,10.832954,0.941089,2024
3357,r3i1p1f1,2024,03,11,0.16569002867706303,14.525086,2.8325853,2024
3358,r3i1p1f1,2024,03,12,0.0,15.924045,0.4019886,2024
3359,r3i1p1f1,2024,03,13,0.09168217306454829,16.682478,4.2709107,2024
3360,r3i1p1f1,2024,03,14,0.1799742629725987,14.891744,1.7895538,2024
3361,r3i1p1f1,2024,03,15,0.0,14.909298,-0.5276516,2024
3362,r3i1p1f1,2024,03,16,0.0014525289280396519,15.834354,1.6862819,2024
3363,r3i1p1f1,2024,03,17,0.00924784993527062,15.258733,1.0150522,2024
3364,r3i1p1f1,2024,03,18,0.17792225843577675,16.310076,4.6241794,2024
3365,r3i1p1f1,2024,03,19,0.0,18.096857,2.1883042,2024
3366,r3i1p1f1,2024,03,20,0.0,20.45969,4.4973245,2024
3367,r3i1p1f1,2024,03,21,0.0,21.001463,3.8401852,2024
3368,r3i1p1f1,2024,03,22,0.0,21.399137,4.365333,2024
3369,r3i1p1f1,2024,03,23,0.0,23.659937,6.6610174,2024
3370,r3i1p1f1,2024,03,24,0.0003577230558166224,23.782526,6.926084,2024
3371,r3i1p1f1,2024,03,25,0.1038936817812183,18.26549,3.2219589,2024
3372,r3i1p1f1,2024,03,26,7.783277483922023,15.579728,1.2596452,2024
3373,r3i1p1f1,2024,03,27,10.487419972165354,9.198743,0.6818386,2024
3374,r3i1p1f1,2024,03,28,0.20472234076309673,15.329412,0.9641958,2024
3375,r3i1p1f1,2024,03,29,0.06894608404818979,17.975218,3.035443,2024
3376,r3i1p1f1,2024,03,30,5.1648490511708145,14.862942,2.8505769,2024
3377,r3i1p1f1,2024,03,31,7.889012876520141,9.93235,-0.7495085,2024
3378,r3i1p1f1,2024,04,01,0.005182403855900647,14.253952,1.3110154,2024
3379,r3i1p1f1,2024,04,02,0.0,17.62373,1.4143337,2024
3380,r3i1p1f1,2024,04,03,1.4793426645668328,15.50477,5.023606,2024
3381,r3i1p1f1,2024,04,04,1.3151191273173577,10.896706,-0.25283697,2024
3382,r3i1p1f1,2024,04,05,0.059233040585902265,13.302147,-1.6105319,2024
3383,r3i1p1f1,2024,04,06,0.17360664383335406,13.350856,1.8778664,2024
3384,r3i1p1f1,2024,04,07,0.7079238085046227,12.958375,0.9725963,2024
3385,r3i1p1f1,2024,04,08,0.02326480755899948,16.147121,1.6704293,2024
3386,r3i1p1f1,2024,04,09,0.053819059808809085,18.15395,3.8583136,2024
3387,r3i1p1f1,2024,04,10,1.2287882133827996,16.867556,2.2723486,2024
3388,r3i1p1f1,2024,04,11,0.0,15.872922,0.06982104,2024
3389,r3i1p1f1,2024,04,12,1.5847028205363047,15.2244425,4.5679398,2024
3390,r3i1p1f1,2024,04,13,16.129242168546735,11.678645,4.627871,2024
3391,r3i1p1f1,2024,04,14,0.6470788788838586,12.429163,0.81402296,2024
3392,r3i1p1f1,2024,04,15,0.13101968249264412,13.143559,0.34856316,2024
3393,r3i1p1f1,2024,04,16,0.0,17.25009,0.44119504,2024
3394,r3i1p1f1,2024,04,17,0.0,20.831762,4.7947555,2024
3395,r3i1p1f1,2024,04,18,0.0,21.494762,8.215785,2024
3396,r3i1p1f1,2024,04,19,0.0,23.63115,6.4682784,2024
3397,r3i1p1f1,2024,04,20,0.0,26.0502,8.723779,2024
3398,r3i1p1f1,2024,04,21,0.0,27.969751,9.783316,2024
3399,r3i1p1f1,2024,04,22,0.0,29.60449,11.575731,2024
3400,r3i1p1f1,2024,04,23,0.0,29.867495,12.863994,2024
3401,r3i1p1f1,2024,04,24,0.0,29.194416,11.489997,2024
3402,r3i1p1f1,2024,04,25,0.0,29.814646,11.037158,2024
3403,r3i1p1f1,2024,04,26,0.0,31.412668,11.323937,2024
3404,r3i1p1f1,2024,04,27,0.0,30.710121,9.657856,2024
3405,r3i1p1f1,2024,04,28,1.707753271300934,20.351336,5.400968,2024
3406,r3i1p1f1,2024,04,29,4.194522468233944,16.263826,6.195076,2024
3407,r3i1p1f1,2024,04,30,0.5831894693954548,18.13482,5.710008,2024
3408,r3i1p1f1,2024,05,01,0.0003667218455423911,18.734005,4.184033,2024
3409,r3i1p1f1,2024,05,02,8.30001993680002,15.127469,5.526139,2024
3410,r3i1p1f1,2024,05,03,10.158713866952564,14.004877,4.2061067,2024
3411,r3i1p1f1,2024,05,04,4.235402321033744,15.093102,4.823998,2024
3412,r3i1p1f1,2024,05,05,0.41534421470714733,18.342674,6.029139,2024
3413,r3i1p1f1,2024,05,06,0.2781840284164487,22.512941,6.529914,2024
3414,r3i1p1f1,2024,05,07,0.0,24.55608,8.355781,2024
3415,r3i1p1f1,2024,05,08,0.0,25.690008,9.208337,2024
3416,r3i1p1f1,2024,05,09,0.0,24.141832,8.459566,2024
3417,r3i1p1f1,2024,05,10,7.06207699007681,17.879356,4.601156,2024
3418,r3i1p1f1,2024,05,11,11.17151786475557,14.573746,6.0513616,2024
3419,r3i1p1f1,2024,05,12,0.00020790667004996177,17.897938,3.887786,2024
3420,r3i1p1f1,2024,05,13,0.0,20.887154,5.440013,2024
3421,r3i1p1f1,2024,05,14,0.0051693550565026026,22.62926,7.5477457,2024
3422,r3i1p1f1,2024,05,15,0.07791173997137582,21.40073,7.424298,2024
3423,r3i1p1f1,2024,05,16,0.07381490625751515,23.228079,7.2498364,2024
3424,r3i1p1f1,2024,05,17,0.0,27.483297,10.435226,2024
3425,r3i1p1f1,2024,05,18,0.0,30.220163,11.703709,2024
3426,r3i1p1f1,2024,05,19,0.0,29.398144,13.143678,2024
3427,r3i1p1f1,2024,05,20,0.002552464068161719,30.775827,12.352003,2024
3428,r3i1p1f1,2024,05,21,0.6720493056733782,30.752466,13.2925825,2024
3429,r3i1p1f1,2024,05,22,0.3355447271359012,27.354967,11.544046,2024
3430,r3i1p1f1,2024,05,23,0.01613764543297734,21.15706,6.677618,2024
3431,r3i1p1f1,2024,05,24,0.010703534203595624,22.188833,4.619483,2024
3432,r3i1p1f1,2024,05,25,0.0,22.688503,6.1073275,2024
3433,r3i1p1f1,2024,05,26,0.0,27.502922,9.167124,2024
3434,r3i1p1f1,2024,05,27,0.002872940773765246,30.441126,11.134723,2024
3435,r3i1p1f1,2024,05,28,0.0020241122481159187,29.618235,11.316539,2024
3436,r3i1p1f1,2024,05,29,0.1067990769198249,26.893852,12.316194,2024
3437,r3i1p1f1,2024,05,30,0.017581643108066848,26.456423,9.373971,2024
3438,r3i1p1f1,2024,05,31,1.5196477574389782,28.908209,11.306203,2024
3439,r3i1p1f1,2024,06,01,1.4662483763607848,25.727262,10.651402,2024
3440,r3i1p1f1,2024,06,02,0.8281303519360143,29.67278,11.41167,2024
3441,r3i1p1f1,2024,06,03,0.31194570560094714,32.384033,13.019938,2024
3442,r3i1p1f1,2024,06,04,1.0248243565597064,32.29666,12.24018,2024
3443,r3i1p1f1,2024,06,05,2.009512426549477,32.09511,13.933505,2024
3444,r3i1p1f1,2024,06,06,0.16915599716329863,31.305689,14.15827,2024
3445,r3i1p1f1,2024,06,07,0.06707457717945517,28.658104,13.1457405,2024
3446,r3i1p1f1,2024,06,08,0.09326045877638865,28.736973,10.411357,2024
3447,r3i1p1f1,2024,06,09,0.05720704464968576,28.884632,11.47433,2024
3448,r3i1p1f1,2024,06,10,0.15188711736823968,29.661234,12.137014,2024
3449,r3i1p1f1,2024,06,11,0.0,29.053444,11.290193,2024
3450,r3i1p1f1,2024,06,12,0.05187479775155556,24.235147,9.366872,2024
3451,r3i1p1f1,2024,06,13,0.6147768552364141,22.732658,9.265338,2024
3452,r3i1p1f1,2024,06,14,0.5693957425881474,22.04147,8.16229,2024
3453,r3i1p1f1,2024,06,15,0.001736700421932972,26.726343,8.044141,2024
3454,r3i1p1f1,2024,06,16,0.0,29.197784,10.390413,2024
3455,r3i1p1f1,2024,06,17,0.0,31.499657,12.126421,2024
3456,r3i1p1f1,2024,06,18,0.0,34.830048,14.748708,2024
3457,r3i1p1f1,2024,06,19,0.0,36.806538,16.315685,2024
3458,r3i1p1f1,2024,06,20,0.004292399072172967,36.099884,16.33146,2024
3459,r3i1p1f1,2024,06,21,0.0,31.67935,12.793515,2024
3460,r3i1p1f1,2024,06,22,0.0,30.391884,11.542665,2024
3461,r3i1p1f1,2024,06,23,0.0,31.071781,12.425721,2024
3462,r3i1p1f1,2024,06,24,0.0,32.877922,12.474221,2024
3463,r3i1p1f1,2024,06,25,0.0,32.251045,12.61342,2024
3464,r3i1p1f1,2024,06,26,0.0,30.841898,13.839626,2024
3465,r3i1p1f1,2024,06,27,0.0,30.616638,12.842297,2024
3466,r3i1p1f1,2024,06,28,0.002418661659414118,28.703657,11.333604,2024
3467,r3i1p1f1,2024,06,29,0.01951679608530619,26.146315,11.3533745,2024
3468,r3i1p1f1,2024,06,30,0.0005986844718625599,29.486206,11.742736,2024
3469,r3i1p1f1,2024,07,01,0.0,31.880386,13.563552,2024
3470,r3i1p1f1,2024,07,02,0.0,30.536034,13.841817,2024
3471,r3i1p1f1,2024,07,03,0.0,31.48125,13.239673,2024
3472,r3i1p1f1,2024,07,04,0.0,32.144077,14.382863,2024
3473,r3i1p1f1,2024,07,05,0.0,33.187878,15.182271,2024
3474,r3i1p1f1,2024,07,06,0.0,35.55149,15.839222,2024
3475,r3i1p1f1,2024,07,07,0.0,38.023743,17.047054,2024
3476,r3i1p1f1,2024,07,08,0.0,38.413647,17.355524,2024
3477,r3i1p1f1,2024,07,09,0.0,37.82501,16.912743,2024
3478,r3i1p1f1,2024,07,10,0.0,36.498196,16.583649,2024
3479,r3i1p1f1,2024,07,11,0.0,35.88256,16.629837,2024
3480,r3i1p1f1,2024,07,12,0.0,35.06536,15.829077,2024
3481,r3i1p1f1,2024,07,13,0.0,35.602085,15.850971,2024
3482,r3i1p1f1,2024,07,14,0.0,36.743336,16.914879,2024
3483,r3i1p1f1,2024,07,15,0.0,37.535892,18.587309,2024
3484,r3i1p1f1,2024,07,16,0.009132205759118679,38.02914,20.479486,2024
3485,r3i1p1f1,2024,07,17,0.05893711738418929,37.592335,19.578295,2024
3486,r3i1p1f1,2024,07,18,0.0,36.406097,16.702347,2024
3487,r3i1p1f1,2024,07,19,0.0,34.68075,15.449353,2024
3488,r3i1p1f1,2024,07,20,0.0,36.318222,16.535557,2024
3489,r3i1p1f1,2024,07,21,0.0,36.662163,17.599375,2024
3490,r3i1p1f1,2024,07,22,0.0,36.424076,17.06939,2024
3491,r3i1p1f1,2024,07,23,0.0,36.043728,16.501078,2024
3492,r3i1p1f1,2024,07,24,0.0,34.829235,16.048357,2024
3493,r3i1p1f1,2024,07,25,0.0,34.853386,15.961991,2024
3494,r3i1p1f1,2024,07,26,0.0,36.57971,17.614086,2024
3495,r3i1p1f1,2024,07,27,0.0,36.74288,18.16618,2024
3496,r3i1p1f1,2024,07,28,0.0,36.403713,18.386667,2024
3497,r3i1p1f1,2024,07,29,0.3474309963833851,36.822628,17.672197,2024
3498,r3i1p1f1,2024,07,30,2.308391434736691,37.534958,18.704834,2024
3499,r3i1p1f1,2024,07,31,5.781590653874776,36.49471,20.064241,2024
3500,r3i1p1f1,2024,08,01,1.2767270001422455,35.660347,18.402813,2024
3501,r3i1p1f1,2024,08,02,0.36945784880861704,34.611584,17.130995,2024
3502,r3i1p1f1,2024,08,03,0.082707196424687,32.454414,15.752582,2024
3503,r3i1p1f1,2024,08,04,0.0,30.034193,13.181554,2024
3504,r3i1p1f1,2024,08,05,0.0,33.62512,14.74009,2024
3505,r3i1p1f1,2024,08,06,0.0,36.254955,16.837833,2024
3506,r3i1p1f1,2024,08,07,0.00405335756526752,36.585373,18.097488,2024
3507,r3i1p1f1,2024,08,08,0.11504584658806297,36.721718,17.484018,2024
3508,r3i1p1f1,2024,08,09,0.12621797673945725,36.126705,17.89975,2024
3509,r3i1p1f1,2024,08,10,0.30794090095393284,33.89781,16.00572,2024
3510,r3i1p1f1,2024,08,11,2.8231899803645457,32.467903,16.302237,2024
3511,r3i1p1f1,2024,08,12,0.006801845818038352,34.098103,15.474242,2024
3512,r3i1p1f1,2024,08,13,0.0630960739682919,34.479412,15.670769,2024
3513,r3i1p1f1,2024,08,14,0.03556880629868388,34.057556,16.338343,2024
3514,r3i1p1f1,2024,08,15,0.0029739963991398163,34.437515,15.6482935,2024
3515,r3i1p1f1,2024,08,16,0.005261314905841242,34.55314,16.489197,2024
3516,r3i1p1f1,2024,08,17,0.0025957406173939958,35.98653,16.259563,2024
3517,r3i1p1f1,2024,08,18,0.3092485411925185,36.57301,16.442713,2024
3518,r3i1p1f1,2024,08,19,0.09858850665323464,36.602028,16.391897,2024
3519,r3i1p1f1,2024,08,20,0.6661734172270041,35.51056,16.801628,2024
3520,r3i1p1f1,2024,08,21,0.1623312905025104,34.23499,16.557291,2024
3521,r3i1p1f1,2024,08,22,0.0014732739972797308,33.27446,15.403058,2024
3522,r3i1p1f1,2024,08,23,0.0,33.012245,15.238882,2024
3523,r3i1p1f1,2024,08,24,0.0,33.671116,15.375978,2024
3524,r3i1p1f1,2024,08,25,0.0,34.78922,14.551085,2024
3525,r3i1p1f1,2024,08,26,0.0017821931308417609,35.99332,14.521711,2024
3526,r3i1p1f1,2024,08,27,1.366980047454986,34.092255,15.262137,2024
3527,r3i1p1f1,2024,08,28,2.2260477371451195,34.073494,16.526178,2024
3528,r3i1p1f1,2024,08,29,4.215511758756651,33.469643,16.710142,2024
3529,r3i1p1f1,2024,08,30,1.6471473995250452,32.749588,15.880063,2024
3530,r3i1p1f1,2024,08,31,1.7697973406492649,32.643806,15.628679,2024
3531,r3i1p1f1,2024,09,01,5.611039885722923,33.481346,16.796381,2024
3532,r3i1p1f1,2024,09,02,7.690315578268685,22.878231,10.966264,2024
3533,r3i1p1f1,2024,09,03,0.0863583596561291,27.702887,11.927789,2024
3534,r3i1p1f1,2024,09,04,0.0,31.475151,15.289382,2024
3535,r3i1p1f1,2024,09,05,0.0,33.15232,16.174084,2024
3536,r3i1p1f1,2024,09,06,0.0,33.283455,15.771807,2024
3537,r3i1p1f1,2024,09,07,0.0,33.209953,15.725968,2024
3538,r3i1p1f1,2024,09,08,0.0,31.14168,12.94385,2024
3539,r3i1p1f1,2024,09,09,2.4711676231868984,28.66786,12.881754,2024
3540,r3i1p1f1,2024,09,10,0.8904605222227419,29.37011,13.170453,2024
3541,r3i1p1f1,2024,09,11,0.0049569339942977285,31.901922,15.378986,2024
3542,r3i1p1f1,2024,09,12,0.0,34.161118,16.541403,2024
3543,r3i1p1f1,2024,09,13,0.0,35.645145,16.394829,2024
3544,r3i1p1f1,2024,09,14,0.0,35.71231,16.316782,2024
3545,r3i1p1f1,2024,09,15,0.0,33.8278,14.140899,2024
3546,r3i1p1f1,2024,09,16,0.4339370484602555,26.510157,11.966237,2024
3547,r3i1p1f1,2024,09,17,0.374774213511652,22.135199,7.749464,2024
3548,r3i1p1f1,2024,09,18,0.0,27.751343,10.486967,2024
3549,r3i1p1f1,2024,09,19,0.0,31.320742,13.802822,2024
3550,r3i1p1f1,2024,09,20,0.0,28.160883,12.158062,2024
3551,r3i1p1f1,2024,09,21,0.0,25.957138,8.559352,2024
3552,r3i1p1f1,2024,09,22,0.0,30.920683,12.288973,2024
3553,r3i1p1f1,2024,09,23,0.0,34.090088,14.714318,2024
3554,r3i1p1f1,2024,09,24,0.0,34.846245,15.734817,2024
3555,r3i1p1f1,2024,09,25,0.0,35.83184,15.808375,2024
3556,r3i1p1f1,2024,09,26,0.0,35.006527,14.854788,2024
3557,r3i1p1f1,2024,09,27,0.002151993226796163,32.87681,13.673277,2024
3558,r3i1p1f1,2024,09,28,0.00204164785276534,29.627245,12.871195,2024
3559,r3i1p1f1,2024,09,29,0.0,26.22668,10.366619,2024
3560,r3i1p1f1,2024,09,30,0.0,27.816755,10.629137,2024
3561,r3i1p1f1,2024,10,01,0.0,28.388866,11.180728,2024
3562,r3i1p1f1,2024,10,02,0.0,28.025797,10.280979,2024
3563,r3i1p1f1,2024,10,03,0.0,27.831831,10.242819,2024
3564,r3i1p1f1,2024,10,04,0.0,26.056654,9.474835,2024
3565,r3i1p1f1,2024,10,05,0.0,23.116087,9.224786,2024
3566,r3i1p1f1,2024,10,06,0.0,29.428745,10.5215645,2024
3567,r3i1p1f1,2024,10,07,0.0,31.139505,12.073331,2024
3568,r3i1p1f1,2024,10,08,0.0,27.241602,10.687493,2024
3569,r3i1p1f1,2024,10,09,0.0,28.508308,10.4904375,2024
3570,r3i1p1f1,2024,10,10,0.0,32.681377,13.267021,2024
3571,r3i1p1f1,2024,10,11,0.0,30.433006,12.995661,2024
3572,r3i1p1f1,2024,10,12,0.0,27.016405,10.239538,2024
3573,r3i1p1f1,2024,10,13,0.0,25.684444,8.733286,2024
3574,r3i1p1f1,2024,10,14,0.0,29.668098,11.500464,2024
3575,r3i1p1f1,2024,10,15,0.0,30.245304,13.303278,2024
3576,r3i1p1f1,2024,10,16,0.0,32.395824,14.77415,2024
3577,r3i1p1f1,2024,10,17,0.0,33.500267,15.646729,2024
3578,r3i1p1f1,2024,10,18,0.0,33.170525,14.637508,2024
3579,r3i1p1f1,2024,10,19,0.0,30.973984,13.141127,2024
3580,r3i1p1f1,2024,10,20,0.0,28.06347,13.718651,2024
3581,r3i1p1f1,2024,10,21,0.0,30.53631,13.903599,2024
3582,r3i1p1f1,2024,10,22,0.0,29.106491,11.275446,2024
3583,r3i1p1f1,2024,10,23,0.0,27.989794,9.806445,2024
3584,r3i1p1f1,2024,10,24,0.0,27.657623,10.532066,2024
3585,r3i1p1f1,2024,10,25,0.0,28.631817,10.994366,2024
3586,r3i1p1f1,2024,10,26,0.0,30.041351,13.157958,2024
3587,r3i1p1f1,2024,10,27,0.0,28.046732,12.570677,2024
3588,r3i1p1f1,2024,10,28,0.0,27.002539,10.61341,2024
3589,r3i1p1f1,2024,10,29,0.014572764886190382,23.387018,8.111459,2024
3590,r3i1p1f1,2024,10,30,0.0,21.13307,6.5712543,2024
3591,r3i1p1f1,2024,10,31,0.0,19.985025,6.052568,2024
3592,r3i1p1f1,2024,11,01,0.0,22.55392,5.805528,2024
3593,r3i1p1f1,2024,11,02,0.0012166082270789157,21.52468,6.3839273,2024
3594,r3i1p1f1,2024,11,03,0.45130029303078173,19.578682,7.250951,2024
3595,r3i1p1f1,2024,11,04,0.3732563105983321,19.545748,8.202082,2024
3596,r3i1p1f1,2024,11,05,0.0,19.85578,3.085013,2024
3597,r3i1p1f1,2024,11,06,0.0,21.650415,4.695402,2024
3598,r3i1p1f1,2024,11,07,0.00014138569399206475,24.286283,6.412346,2024
3599,r3i1p1f1,2024,11,08,0.00023081850182885924,22.804012,8.09591,2024
3600,r3i1p1f1,2024,11,09,19.58448031806091,19.02955,8.21689,2024
3601,r3i1p1f1,2024,11,10,20.15021299707631,14.035379,7.596307,2024
3602,r3i1p1f1,2024,11,11,0.0003316289902696471,11.710016,1.0229349,2024
3603,r3i1p1f1,2024,11,12,0.004759655432391093,15.428122,2.4199066,2024
3604,r3i1p1f1,2024,11,13,5.420293497648372,17.20802,5.405667,2024
3605,r3i1p1f1,2024,11,14,13.651041199707173,14.85073,5.7323914,2024
3606,r3i1p1f1,2024,11,15,0.09341571709779656,10.933789,0.8887568,2024
3607,r3i1p1f1,2024,11,16,0.0,14.326514,0.48886544,2024
3608,r3i1p1f1,2024,11,17,0.0,16.720778,2.7905345,2024
3609,r3i1p1f1,2024,11,18,1.5613139918224823,16.749722,4.6027675,2024
3610,r3i1p1f1,2024,11,19,2.7135268640295456,10.738443,0.11211716,2024
3611,r3i1p1f1,2024,11,20,0.5233063059241624,7.979205,-3.7785306,2024
3612,r3i1p1f1,2024,11,21,0.42237707235086197,9.945339,-3.14876,2024
3613,r3i1p1f1,2024,11,22,10.769732514417035,8.729659,-0.051235225,2024
3614,r3i1p1f1,2024,11,23,12.138187846027325,9.339997,2.1444714,2024
3615,r3i1p1f1,2024,11,24,0.9739784088092027,14.3703375,1.4121898,2024
3616,r3i1p1f1,2024,11,25,0.020726640747549634,14.421015,0.9397496,2024
3617,r3i1p1f1,2024,11,26,0.0010754687977940634,14.110376,0.45403218,2024
3618,r3i1p1f1,2024,11,27,0.046943914243125946,14.799064,0.829756,2024
3619,r3i1p1f1,2024,11,28,33.545322094895795,14.625027,4.233732,2024
3620,r3i1p1f1,2024,11,29,6.8970051635904275,14.832586,4.994691,2024
3621,r3i1p1f1,2024,11,30,29.758531468097505,17.392824,8.325347,2024
3622,r3i1p1f1,2024,12,01,4.139438753144614,16.123606,4.595646,2024
3623,r3i1p1f1,2024,12,02,0.0,11.559209,-1.2577674,2024
3624,r3i1p1f1,2024,12,03,0.0,13.909273,0.709336,2024
3625,r3i1p1f1,2024,12,04,0.0,15.162083,1.2299957,2024
3626,r3i1p1f1,2024,12,05,0.04828352653806756,13.4667425,1.7435023,2024
3627,r3i1p1f1,2024,12,06,0.0012021558006491625,13.827213,1.2752248,2024
3628,r3i1p1f1,2024,12,07,0.07344277852952831,16.188538,4.4745746,2024
3629,r3i1p1f1,2024,12,08,0.003134639665597316,13.992911,0.9652278,2024
3630,r3i1p1f1,2024,12,09,0.0,13.745881,1.0099614,2024
3631,r3i1p1f1,2024,12,10,0.0,13.346922,0.09791963,2024
3632,r3i1p1f1,2024,12,11,0.0,13.070843,-0.48584586,2024
3633,r3i1p1f1,2024,12,12,0.0,14.516049,1.3091921,2024
3634,r3i1p1f1,2024,12,13,0.0,18.079365,2.8039973,2024
3635,r3i1p1f1,2024,12,14,0.0,17.227444,3.002898,2024
3636,r3i1p1f1,2024,12,15,0.0,14.563861,7.379271,2024
3637,r3i1p1f1,2024,12,16,0.020377453135248896,16.79047,4.8722496,2024
3638,r3i1p1f1,2024,12,17,0.0,16.120438,3.2277653,2024
3639,r3i1p1f1,2024,12,18,0.0,17.30712,2.4942372,2024
3640,r3i1p1f1,2024,12,19,0.0,20.223913,5.1847177,2024
3641,r3i1p1f1,2024,12,20,0.0,19.733797,4.4738646,2024
3642,r3i1p1f1,2024,12,21,0.0,17.115013,4.050292,2024
3643,r3i1p1f1,2024,12,22,0.0,18.287083,4.9118056,2024
3644,r3i1p1f1,2024,12,23,0.0,17.46366,3.9232993,2024
3645,r3i1p1f1,2024,12,24,0.0,17.436132,2.991347,2024
3646,r3i1p1f1,2024,12,25,0.0,16.37496,2.3071792,2024
3647,r3i1p1f1,2024,12,26,0.0,18.715408,3.6008387,2024
3648,r3i1p1f1,2024,12,27,0.0,16.939955,3.699573,2024
3649,r3i1p1f1,2024,12,28,0.0018623802382287315,16.17823,2.9891613,2024
3650,r3i1p1f1,2024,12,29,0.0,18.127178,3.2750387,2024
3651,r3i1p1f1,2024,12,30,0.0,18.56459,3.408179,2024
3652,r3i1p1f1,2024,12,31,0.0,16.097605,1.5417727,2024
3653,r3i1p1f1,2025,01,01,0.0,9.758544,-3.7254078,2025
3654,r3i1p1f1,2025,01,02,0.0,13.945741,-1.1242694,2025
3655,r3i1p1f1,2025,01,03,0.0,16.654879,1.1841526,2025
3656,r3i1p1f1,2025,01,04,0.0,18.317818,2.0417202,2025
3657,r3i1p1f1,2025,01,05,0.006512528995534178,16.746399,3.392511,2025
3658,r3i1p1f1,2025,01,06,11.149173483647631,13.315383,4.426034,2025
3659,r3i1p1f1,2025,01,07,6.32841014645237,15.183214,4.3872795,2025
3660,r3i1p1f1,2025,01,08,14.841373959337336,15.210559,7.1495533,2025
3661,r3i1p1f1,2025,01,09,1.2664097976355124,15.834973,5.545537,2025
3662,r3i1p1f1,2025,01,10,5.840152003180595,15.603909,6.8642483,2025
3663,r3i1p1f1,2025,01,11,20.00839781201097,13.504952,3.936208,2025
3664,r3i1p1f1,2025,01,12,5.363466029190352,8.463851,-2.180289,2025
3665,r3i1p1f1,2025,01,13,2.26423879257199,4.941144,-2.616113,2025
3666,r3i1p1f1,2025,01,14,0.05115153599807386,6.7219095,-5.383426,2025
3667,r3i1p1f1,2025,01,15,0.0,7.4309554,-6.3739533,2025
3668,r3i1p1f1,2025,01,16,0.0,7.386112,-6.1162295,2025
3669,r3i1p1f1,2025,01,17,0.0,7.7140994,-5.8241053,2025
3670,r3i1p1f1,2025,01,18,0.0019294299823796432,9.056343,-0.78554237,2025
3671,r3i1p1f1,2025,01,19,7.669200722479163,8.595282,-2.656856,2025
3672,r3i1p1f1,2025,01,20,0.7703524329157186,5.7957096,-3.8118749,2025
3673,r3i1p1f1,2025,01,21,0.005445328512878129,5.99666,-4.45177,2025
3674,r3i1p1f1,2025,01,22,0.0,7.002286,-3.6153274,2025
3675,r3i1p1f1,2025,01,23,0.0,7.8977456,-4.5331807,2025
3676,r3i1p1f1,2025,01,24,0.0,8.14513,-5.0042334,2025
3677,r3i1p1f1,2025,01,25,0.0,11.46051,-2.607641,2025
3678,r3i1p1f1,2025,01,26,0.0,15.069037,-0.89763445,2025
3679,r3i1p1f1,2025,01,27,0.0,16.205147,0.99171335,2025
3680,r3i1p1f1,2025,01,28,0.0,15.236025,2.0880265,2025
3681,r3i1p1f1,2025,01,29,0.0,16.309698,2.0810645,2025
3682,r3i1p1f1,2025,01,30,0.0,19.041166,4.4380136,2025
3683,r3i1p1f1,2025,01,31,0.0,19.137787,4.199676,2025
3684,r3i1p1f1,2025,02,01,0.6658630369119319,17.592257,5.4222136,2025
3685,r3i1p1f1,2025,02,02,0.3102970060025324,16.76102,4.4923925,2025
3686,r3i1p1f1,2025,02,03,0.0,16.73401,2.293015,2025
3687,r3i1p1f1,2025,02,04,16.566760470401885,15.979833,6.842197,2025
3688,r3i1p1f1,2025,02,05,17.459614765896482,11.563789,4.3937244,2025
3689,r3i1p1f1,2025,02,06,0.11231910746242978,11.567381,-0.005157532,2025
3690,r3i1p1f1,2025,02,07,0.0,12.570363,-1.4577419,2025
3691,r3i1p1f1,2025,02,08,0.2049968795706787,14.841567,1.9372946,2025
3692,r3i1p1f1,2025,02,09,5.101146022635393,14.63072,2.3392565,2025
3693,r3i1p1f1,2025,02,10,0.7973125671613465,14.303023,2.1944041,2025
3694,r3i1p1f1,2025,02,11,26.244804664527305,12.35911,4.1958594,2025
3695,r3i1p1f1,2025,02,12,38.345062311696395,11.638355,4.8262587,2025
3696,r3i1p1f1,2025,02,13,20.54399156357249,10.812289,3.536009,2025
3697,r3i1p1f1,2025,02,14,0.39416049922720325,9.892573,-1.8268532,2025
3698,r3i1p1f1,2025,02,15,0.012903352663587693,11.468945,-1.2720642,2025
3699,r3i1p1f1,2025,02,16,0.0,14.541047,-1.3354859,2025
3700,r3i1p1f1,2025,02,17,0.009300603867428215,14.980445,1.9148775,2025
3701,r3i1p1f1,2025,02,18,3.9258413148116125,13.17616,3.3511486,2025
3702,r3i1p1f1,2025,02,19,0.03347006557636301,11.761241,-1.4011006,2025
3703,r3i1p1f1,2025,02,20,0.0,13.81441,0.4347575,2025
3704,r3i1p1f1,2025,02,21,0.0,17.514288,3.3013017,2025
3705,r3i1p1f1,2025,02,22,0.0,18.072987,3.0050828,2025
3706,r3i1p1f1,2025,02,23,0.0,18.351965,4.0503674,2025
3707,r3i1p1f1,2025,02,24,0.01641594000499357,18.392635,4.4128995,2025
3708,r3i1p1f1,2025,02,25,1.8989761073176354,16.695908,4.343309,2025
3709,r3i1p1f1,2025,02,26,0.0,20.216726,4.974726,2025
3710,r3i1p1f1,2025,02,27,0.0,22.288584,6.5391498,2025
3711,r3i1p1f1,2025,02,28,0.0,21.531004,7.3689623,2025
3712,r3i1p1f1,2025,03,01,0.0032224438407204366,21.842157,4.330693,2025
3713,r3i1p1f1,2025,03,02,0.2102548467563324,20.053728,4.753225,2025
3714,r3i1p1f1,2025,03,03,0.9130305022567469,19.153486,5.7460427,2025
3715,r3i1p1f1,2025,03,04,10.973114747389031,15.182204,3.8608615,2025
3716,r3i1p1f1,2025,03,05,5.759426499300224,11.357982,1.3600131,2025
3717,r3i1p1f1,2025,03,06,3.4596248690209133,13.728928,1.4158299,2025
3718,r3i1p1f1,2025,03,07,0.4574687822542094,15.525204,1.1834507,2025
3719,r3i1p1f1,2025,03,08,1.3152709066961314,14.193471,2.1923487,2025
3720,r3i1p1f1,2025,03,09,2.2968995127481,12.238319,2.7989693,2025
3721,r3i1p1f1,2025,03,10,0.24325518096730142,13.433066,1.369554,2025
3722,r3i1p1f1,2025,03,11,0.0,18.131973,1.3125982,2025
3723,r3i1p1f1,2025,03,12,0.0,17.925667,4.483182,2025
3724,r3i1p1f1,2025,03,13,4.098860777016715,15.957851,3.8196044,2025
3725,r3i1p1f1,2025,03,14,0.5027555756002454,13.301159,2.4062405,2025
3726,r3i1p1f1,2025,03,15,0.0,14.477592,0.6268042,2025
3727,r3i1p1f1,2025,03,16,2.10140067574905,13.223188,2.1108146,2025
3728,r3i1p1f1,2025,03,17,7.057134249409886,12.63239,0.8420609,2025
3729,r3i1p1f1,2025,03,18,1.1125754599865876,12.115659,1.3192887,2025
3730,r3i1p1f1,2025,03,19,0.24825767585284528,15.514743,2.939416,2025
3731,r3i1p1f1,2025,03,20,0.000776560839519582,17.65799,2.9141383,2025
3732,r3i1p1f1,2025,03,21,0.0,19.897402,6.044725,2025
3733,r3i1p1f1,2025,03,22,0.0,20.884281,5.7497168,2025
3734,r3i1p1f1,2025,03,23,1.2141015397868282,19.373085,6.075472,2025
3735,r3i1p1f1,2025,03,24,0.0,15.965176,2.8498094,2025
3736,r3i1p1f1,2025,03,25,0.0,18.699846,2.5995681,2025
3737,r3i1p1f1,2025,03,26,0.0,20.120275,6.037624,2025
3738,r3i1p1f1,2025,03,27,0.0,22.825132,5.8170958,2025
3739,r3i1p1f1,2025,03,28,0.0,23.070454,6.7336807,2025
3740,r3i1p1f1,2025,03,29,0.3478806168586192,22.095097,6.502826,2025
3741,r3i1p1f1,2025,03,30,0.0014947023274461653,18.866112,4.39875,2025
3742,r3i1p1f1,2025,03,31,0.0,22.297293,4.273258,2025
3743,r3i1p1f1,2025,04,01,0.04494934450838517,21.667942,7.6238875,2025
3744,r3i1p1f1,2025,04,02,3.406571558405796,16.846373,3.9726067,2025
3745,r3i1p1f1,2025,04,03,0.0,16.890581,1.1073272,2025
3746,r3i1p1f1,2025,04,04,0.0,22.05226,3.6762276,2025
3747,r3i1p1f1,2025,04,05,0.0,24.97377,5.6867967,2025
3748,r3i1p1f1,2025,04,06,0.03670588596088981,23.820528,7.0320024,2025
3749,r3i1p1f1,2025,04,07,1.6362128337310755,15.270912,4.5918455,2025
3750,r3i1p1f1,2025,04,08,0.9302649956242187,17.316679,6.1806297,2025
3751,r3i1p1f1,2025,04,09,0.06149730426400448,23.526363,4.7950616,2025
3752,r3i1p1f1,2025,04,10,0.0012607488668326175,24.781717,6.7244434,2025
3753,r3i1p1f1,2025,04,11,4.7170853166018345,18.191034,5.3917055,2025
3754,r3i1p1f1,2025,04,12,0.7198359864714527,14.062711,1.6914474,2025
3755,r3i1p1f1,2025,04,13,0.0,18.481136,1.9543567,2025
3756,r3i1p1f1,2025,04,14,0.0,20.503813,2.5670385,2025
3757,r3i1p1f1,2025,04,15,0.08198697754406484,20.970846,3.3682346,2025
3758,r3i1p1f1,2025,04,16,14.152371941472115,16.532776,4.1612525,2025
3759,r3i1p1f1,2025,04,17,2.985551555304179,12.762646,1.6208589,2025
3760,r3i1p1f1,2025,04,18,0.0,16.997803,1.5797505,2025
3761,r3i1p1f1,2025,04,19,5.625688717645971,14.90458,3.1993861,2025
3762,r3i1p1f1,2025,04,20,4.130795815100018,13.356457,3.0396144,2025
3763,r3i1p1f1,2025,04,21,0.0010903715861566138,15.807104,0.9318171,2025
3764,r3i1p1f1,2025,04,22,0.0,18.477226,2.979945,2025
3765,r3i1p1f1,2025,04,23,0.0,20.337292,4.420585,2025
3766,r3i1p1f1,2025,04,24,0.0,24.620415,7.22525,2025
3767,r3i1p1f1,2025,04,25,0.0,27.295471,8.657703,2025
3768,r3i1p1f1,2025,04,26,0.0,25.279726,7.7681494,2025
3769,r3i1p1f1,2025,04,27,0.0,28.443771,10.9070425,2025
3770,r3i1p1f1,2025,04,28,0.0,28.537209,10.682223,2025
3771,r3i1p1f1,2025,04,29,1.189422038358206,20.987886,7.2236276,2025
3772,r3i1p1f1,2025,04,30,0.6577639011172296,18.358074,4.325121,2025
3773,r3i1p1f1,2025,05,01,0.4770434336056827,17.741829,4.5459123,2025
3774,r3i1p1f1,2025,05,02,0.0,21.954876,4.735718,2025
3775,r3i1p1f1,2025,05,03,0.0,24.274574,6.1387544,2025
3776,r3i1p1f1,2025,05,04,0.0,25.357828,8.07165,2025
3777,r3i1p1f1,2025,05,05,0.0,28.803646,10.000086,2025
3778,r3i1p1f1,2025,05,06,0.0,31.113607,12.560575,2025
3779,r3i1p1f1,2025,05,07,0.12276450144506243,29.938461,9.971284,2025
3780,r3i1p1f1,2025,05,08,0.058635300978714826,18.321377,3.100446,2025
3781,r3i1p1f1,2025,05,09,0.7656203400385879,16.622244,2.8260026,2025
3782,r3i1p1f1,2025,05,10,0.16550710615719613,20.028063,4.1420975,2025
3783,r3i1p1f1,2025,05,11,0.03163985881132469,22.716722,4.025295,2025
3784,r3i1p1f1,2025,05,12,0.0,23.550325,5.84197,2025
3785,r3i1p1f1,2025,05,13,0.06343347267388846,22.790878,6.0511026,2025
3786,r3i1p1f1,2025,05,14,0.011136424727737904,20.216454,5.6221757,2025
3787,r3i1p1f1,2025,05,15,0.09142092203546781,19.539703,4.426223,2025
3788,r3i1p1f1,2025,05,16,0.06954426228317474,21.329103,4.380336,2025
3789,r3i1p1f1,2025,05,17,0.0,21.980927,4.1652293,2025
3790,r3i1p1f1,2025,05,18,0.0,23.812462,4.947352,2025
3791,r3i1p1f1,2025,05,19,0.0,26.286505,6.99106,2025
3792,r3i1p1f1,2025,05,20,0.0,28.171068,8.790885,2025
3793,r3i1p1f1,2025,05,21,0.0,27.642334,8.318988,2025
3794,r3i1p1f1,2025,05,22,0.0,26.88767,7.601836,2025
3795,r3i1p1f1,2025,05,23,0.0,24.360107,5.8383293,2025
3796,r3i1p1f1,2025,05,24,0.007113124064000493,21.505308,5.3600144,2025
3797,r3i1p1f1,2025,05,25,0.020699035094091385,23.996525,6.7964406,2025
3798,r3i1p1f1,2025,05,26,0.0,25.927084,7.989011,2025
3799,r3i1p1f1,2025,05,27,0.0,30.39058,10.866518,2025
3800,r3i1p1f1,2025,05,28,0.0,29.027166,9.815196,2025
3801,r3i1p1f1,2025,05,29,0.0,28.738836,9.840033,2025
3802,r3i1p1f1,2025,05,30,0.0,27.809778,9.840148,2025
3803,r3i1p1f1,2025,05,31,0.0,23.818888,7.08953,2025
3804,r3i1p1f1,2025,06,01,0.0,29.775969,10.055248,2025
3805,r3i1p1f1,2025,06,02,0.0,35.893883,14.9572,2025
3806,r3i1p1f1,2025,06,03,0.0,36.752876,15.803669,2025
3807,r3i1p1f1,2025,06,04,0.0,35.000504,13.249765,2025
3808,r3i1p1f1,2025,06,05,0.0,30.41279,10.98237,2025
3809,r3i1p1f1,2025,06,06,0.0,30.302364,10.453821,2025
3810,r3i1p1f1,2025,06,07,0.0,31.619963,11.638735,2025
3811,r3i1p1f1,2025,06,08,0.0,31.437286,12.009571,2025
3812,r3i1p1f1,2025,06,09,0.0,31.774172,13.166759,2025
3813,r3i1p1f1,2025,06,10,0.0,30.32657,12.015019,2025
3814,r3i1p1f1,2025,06,11,0.0,31.778759,11.872842,2025
3815,r3i1p1f1,2025,06,12,0.0,35.901886,14.692904,2025
3816,r3i1p1f1,2025,06,13,0.0,37.843616,17.049017,2025
3817,r3i1p1f1,2025,06,14,0.0,36.665047,16.31348,2025
3818,r3i1p1f1,2025,06,15,0.0,35.78224,14.467094,2025
3819,r3i1p1f1,2025,06,16,0.0,33.754723,13.257576,2025
3820,r3i1p1f1,2025,06,17,0.0,31.410831,11.665697,2025
3821,r3i1p1f1,2025,06,18,0.0,25.962173,8.880586,2025
3822,r3i1p1f1,2025,06,19,0.0,24.80583,7.594981,2025
3823,r3i1p1f1,2025,06,20,0.00625037493812146,22.495897,8.165464,2025
3824,r3i1p1f1,2025,06,21,0.0,23.839043,7.6220646,2025
3825,r3i1p1f1,2025,06,22,0.0,27.360931,9.394364,2025
3826,r3i1p1f1,2025,06,23,0.0,29.809898,11.210214,2025
3827,r3i1p1f1,2025,06,24,0.0,31.104918,11.959288,2025
3828,r3i1p1f1,2025,06,25,0.0,31.380745,12.564196,2025
3829,r3i1p1f1,2025,06,26,0.0,32.779312,12.86058,2025
3830,r3i1p1f1,2025,06,27,0.0,34.2327,13.378713,2025
3831,r3i1p1f1,2025,06,28,0.0,37.074577,15.388058,2025
3832,r3i1p1f1,2025,06,29,0.0,38.92896,17.606747,2025
3833,r3i1p1f1,2025,06,30,0.09277555365715119,37.18508,19.812355,2025
3834,r3i1p1f1,2025,07,01,0.0,35.870975,17.178726,2025
3835,r3i1p1f1,2025,07,02,0.0,37.929207,16.997921,2025
3836,r3i1p1f1,2025,07,03,0.0,39.532963,17.761097,2025
3837,r3i1p1f1,2025,07,04,0.0,41.06988,20.213167,2025
3838,r3i1p1f1,2025,07,05,0.0,40.757236,20.102118,2025
3839,r3i1p1f1,2025,07,06,0.0,40.82296,19.641943,2025
3840,r3i1p1f1,2025,07,07,0.0,40.14114,17.216782,2025
3841,r3i1p1f1,2025,07,08,0.0,35.414944,15.933141,2025
3842,r3i1p1f1,2025,07,09,0.0,33.086887,15.260687,2025
3843,r3i1p1f1,2025,07,10,0.0,35.255463,16.378042,2025
3844,r3i1p1f1,2025,07,11,0.0,36.505272,16.16749,2025
3845,r3i1p1f1,2025,07,12,0.0,37.83125,16.904701,2025
3846,r3i1p1f1,2025,07,13,0.0,39.011463,17.288246,2025
3847,r3i1p1f1,2025,07,14,0.0,39.620544,18.19115,2025
3848,r3i1p1f1,2025,07,15,0.0,37.125805,16.253265,2025
3849,r3i1p1f1,2025,07,16,0.0,32.40767,14.2289505,2025
3850,r3i1p1f1,2025,07,17,0.0,31.410606,13.790393,2025
3851,r3i1p1f1,2025,07,18,0.0,33.684822,14.780752,2025
3852,r3i1p1f1,2025,07,19,0.0,35.052628,15.807658,2025
3853,r3i1p1f1,2025,07,20,0.0,35.681602,16.12801,2025
3854,r3i1p1f1,2025,07,21,0.0,37.123882,17.033693,2025
3855,r3i1p1f1,2025,07,22,0.0,38.345802,17.948988,2025
3856,r3i1p1f1,2025,07,23,0.0,39.150482,18.56529,2025
3857,r3i1p1f1,2025,07,24,0.0,38.593056,18.673758,2025
3858,r3i1p1f1,2025,07,25,0.0,36.63508,17.883951,2025
3859,r3i1p1f1,2025,07,26,0.0,37.48484,18.09009,2025
3860,r3i1p1f1,2025,07,27,0.0,37.946095,17.700527,2025
3861,r3i1p1f1,2025,07,28,0.0,38.70098,17.894,2025
3862,r3i1p1f1,2025,07,29,0.0,38.8221,18.510603,2025
3863,r3i1p1f1,2025,07,30,0.0,38.150826,17.247652,2025
3864,r3i1p1f1,2025,07,31,0.0,35.507526,17.305593,2025
3865,r3i1p1f1,2025,08,01,0.0,35.28004,15.720679,2025
3866,r3i1p1f1,2025,08,02,0.0,35.359497,17.339365,2025
3867,r3i1p1f1,2025,08,03,0.0003522378833484695,36.774353,17.084457,2025
3868,r3i1p1f1,2025,08,04,0.3586453039227336,36.0839,17.022778,2025
3869,r3i1p1f1,2025,08,05,1.2436417085358573,33.694344,16.738218,2025
3870,r3i1p1f1,2025,08,06,0.2900794766173931,32.331665,15.369794,2025
3871,r3i1p1f1,2025,08,07,0.0458671524062414,32.800007,15.219199,2025
3872,r3i1p1f1,2025,08,08,0.0011696604038165374,33.116962,15.187891,2025
3873,r3i1p1f1,2025,08,09,0.0,33.914974,15.136672,2025
3874,r3i1p1f1,2025,08,10,0.0,34.73565,16.151138,2025
3875,r3i1p1f1,2025,08,11,0.0,36.67289,16.607273,2025
3876,r3i1p1f1,2025,08,12,0.0,38.7984,17.627213,2025
3877,r3i1p1f1,2025,08,13,0.0011539449350851955,38.891094,18.376572,2025
3878,r3i1p1f1,2025,08,14,0.018979598570502167,38.81555,20.414238,2025
3879,r3i1p1f1,2025,08,15,0.0011059628079899333,38.0788,17.376781,2025
3880,r3i1p1f1,2025,08,16,0.0,35.74015,15.409484,2025
3881,r3i1p1f1,2025,08,17,0.0,34.543026,14.670857,2025
3882,r3i1p1f1,2025,08,18,0.0,35.704758,14.949304,2025
3883,r3i1p1f1,2025,08,19,0.0,35.32305,15.280146,2025
3884,r3i1p1f1,2025,08,20,0.003496815051855237,34.29457,16.059721,2025
3885,r3i1p1f1,2025,08,21,0.0,33.479424,15.276544,2025
3886,r3i1p1f1,2025,08,22,0.006958069795721464,34.227173,14.731611,2025
3887,r3i1p1f1,2025,08,23,0.0009284615798881559,32.991173,13.987067,2025
3888,r3i1p1f1,2025,08,24,0.0,29.567667,12.172456,2025
3889,r3i1p1f1,2025,08,25,0.0,28.674885,11.454133,2025
3890,r3i1p1f1,2025,08,26,0.0,30.28396,11.743483,2025
3891,r3i1p1f1,2025,08,27,0.0,31.807516,12.639574,2025
3892,r3i1p1f1,2025,08,28,0.0,33.92586,13.188078,2025
3893,r3i1p1f1,2025,08,29,0.0,36.243767,14.933661,2025
3894,r3i1p1f1,2025,08,30,0.0,36.251423,14.4872055,2025
3895,r3i1p1f1,2025,08,31,0.11869287512857254,36.01154,15.32921,2025
3896,r3i1p1f1,2025,09,01,0.571429482722923,34.28345,17.475779,2025
3897,r3i1p1f1,2025,09,02,0.5320657423219404,36.18427,18.14798,2025
3898,r3i1p1f1,2025,09,03,0.05773893964942545,36.660545,18.058514,2025
3899,r3i1p1f1,2025,09,04,0.06270501900196519,35.94765,17.521244,2025
3900,r3i1p1f1,2025,09,05,0.12817669940969525,35.827972,16.653711,2025
3901,r3i1p1f1,2025,09,06,0.0,34.960056,16.880556,2025
3902,r3i1p1f1,2025,09,07,0.007699992133756027,34.66632,15.747029,2025
3903,r3i1p1f1,2025,09,08,0.0,34.345398,14.879438,2025
3904,r3i1p1f1,2025,09,09,0.0,35.158752,15.149793,2025
3905,r3i1p1f1,2025,09,10,0.0,35.396374,15.313006,2025
3906,r3i1p1f1,2025,09,11,0.0,35.374622,15.155477,2025
3907,r3i1p1f1,2025,09,12,0.0,34.253872,14.500587,2025
3908,r3i1p1f1,2025,09,13,0.0,32.27783,13.528412,2025
3909,r3i1p1f1,2025,09,14,0.0,32.032555,13.366155,2025
3910,r3i1p1f1,2025,09,15,0.0,34.77476,14.558428,2025
3911,r3i1p1f1,2025,09,16,0.0,36.347168,16.118153,2025
3912,r3i1p1f1,2025,09,17,0.0,37.095215,17.121563,2025
3913,r3i1p1f1,2025,09,18,0.0,37.821503,17.999022,2025
3914,r3i1p1f1,2025,09,19,0.0,37.209282,17.605999,2025
3915,r3i1p1f1,2025,09,20,0.0,36.654682,17.666271,2025
3916,r3i1p1f1,2025,09,21,0.0,34.586308,14.971535,2025
3917,r3i1p1f1,2025,09,22,0.0,31.00021,11.126662,2025
3918,r3i1p1f1,2025,09,23,0.0,26.76223,9.361593,2025
3919,r3i1p1f1,2025,09,24,0.0,29.633049,10.91253,2025
3920,r3i1p1f1,2025,09,25,0.0,31.205048,12.099909,2025
3921,r3i1p1f1,2025,09,26,0.0,29.216337,10.417419,2025
3922,r3i1p1f1,2025,09,27,0.0,26.124598,10.017099,2025
3923,r3i1p1f1,2025,09,28,0.0,28.413544,8.927406,2025
3924,r3i1p1f1,2025,09,29,0.0,31.0227,13.598157,2025
3925,r3i1p1f1,2025,09,30,0.0,30.280476,11.595796,2025
3926,r3i1p1f1,2025,10,01,0.0,29.529419,11.800824,2025
3927,r3i1p1f1,2025,10,02,0.0,30.032225,11.979707,2025
3928,r3i1p1f1,2025,10,03,0.0,34.005676,14.235348,2025
3929,r3i1p1f1,2025,10,04,0.0,32.2234,13.056383,2025
3930,r3i1p1f1,2025,10,05,0.0,30.143568,11.255314,2025
3931,r3i1p1f1,2025,10,06,0.0,32.815903,12.2621355,2025
3932,r3i1p1f1,2025,10,07,0.0,33.68469,14.102144,2025
3933,r3i1p1f1,2025,10,08,0.0,33.982437,14.52191,2025
3934,r3i1p1f1,2025,10,09,0.0,34.24771,14.590152,2025
3935,r3i1p1f1,2025,10,10,0.0,34.688183,15.175565,2025
3936,r3i1p1f1,2025,10,11,0.0,33.42634,14.621681,2025
3937,r3i1p1f1,2025,10,12,0.0,30.7318,10.560055,2025
3938,r3i1p1f1,2025,10,13,0.0,21.316734,5.727454,2025
3939,r3i1p1f1,2025,10,14,0.0,25.37301,7.2640753,2025
3940,r3i1p1f1,2025,10,15,0.0,27.07976,9.805887,2025
3941,r3i1p1f1,2025,10,16,0.0,28.138807,9.461802,2025
3942,r3i1p1f1,2025,10,17,0.0,26.646513,11.754931,2025
3943,r3i1p1f1,2025,10,18,0.0,26.429937,8.264718,2025
3944,r3i1p1f1,2025,10,19,0.0,27.86815,7.9757013,2025
3945,r3i1p1f1,2025,10,20,0.0,25.792389,6.958908,2025
3946,r3i1p1f1,2025,10,21,0.0,19.533676,4.15872,2025
3947,r3i1p1f1,2025,10,22,0.0,22.637167,5.3932877,2025
3948,r3i1p1f1,2025,10,23,0.0,24.50086,7.1993914,2025
3949,r3i1p1f1,2025,10,24,0.0,22.714167,7.2294044,2025
3950,r3i1p1f1,2025,10,25,0.0,20.861849,3.6387873,2025
3951,r3i1p1f1,2025,10,26,0.0,23.629286,6.0091195,2025
3952,r3i1p1f1,2025,10,27,0.0,26.598232,8.366788,2025
3953,r3i1p1f1,2025,10,28,0.0,27.691097,9.189895,2025
3954,r3i1p1f1,2025,10,29,0.0,26.916553,9.193394,2025
3955,r3i1p1f1,2025,10,30,0.0,24.805597,8.603367,2025
3956,r3i1p1f1,2025,10,31,0.0,24.621267,6.9304576,2025
3957,r3i1p1f1,2025,11,01,0.0,23.56533,5.0507936,2025
3958,r3i1p1f1,2025,11,02,0.0,20.75222,5.5987124,2025
3959,r3i1p1f1,2025,11,03,0.0,19.097599,3.814949,2025
3960,r3i1p1f1,2025,11,04,0.0,17.39392,3.6192336,2025
3961,r3i1p1f1,2025,11,05,0.0,19.997486,3.6179733,2025
3962,r3i1p1f1,2025,11,06,0.0,23.884216,4.976112,2025
3963,r3i1p1f1,2025,11,07,0.0,23.892637,5.4120836,2025
3964,r3i1p1f1,2025,11,08,6.37182359460267,19.957546,8.454421,2025
3965,r3i1p1f1,2025,11,09,3.6325476278976896,16.652517,7.026451,2025
3966,r3i1p1f1,2025,11,10,0.058376740304414525,19.12154,4.3633337,2025
3967,r3i1p1f1,2025,11,11,0.0,22.993546,6.4313035,2025
3968,r3i1p1f1,2025,11,12,0.0,23.896648,7.6636634,2025
3969,r3i1p1f1,2025,11,13,0.0,24.005644,7.3376656,2025
3970,r3i1p1f1,2025,11,14,0.0,22.004227,7.67211,2025
3971,r3i1p1f1,2025,11,15,0.0,20.283072,6.6554112,2025
3972,r3i1p1f1,2025,11,16,0.0,19.478706,3.0196419,2025
3973,r3i1p1f1,2025,11,17,0.0,18.497358,2.4207811,2025
3974,r3i1p1f1,2025,11,18,0.0,18.450855,1.3532946,2025
3975,r3i1p1f1,2025,11,19,0.0,19.819866,1.3555666,2025
3976,r3i1p1f1,2025,11,20,0.0,18.788935,1.4608841,2025
3977,r3i1p1f1,2025,11,21,0.32354677143082494,17.022055,5.207467,2025
3978,r3i1p1f1,2025,11,22,0.0022000175963374645,16.025555,2.5257356,2025
3979,r3i1p1f1,2025,11,23,2.050499703071347,16.48492,2.448971,2025
3980,r3i1p1f1,2025,11,24,5.142332109670082,14.624561,5.2826643,2025
3981,r3i1p1f1,2025,11,25,0.1053605958540774,14.136935,-0.48808858,2025
3982,r3i1p1f1,2025,11,26,10.394771925535734,15.411446,6.1211824,2025
3983,r3i1p1f1,2025,11,27,3.5165788118827166,13.749364,3.4960947,2025
3984,r3i1p1f1,2025,11,28,0.16379473435143044,10.198217,-1.6022657,2025
3985,r3i1p1f1,2025,11,29,0.0,9.048839,-4.1085734,2025
3986,r3i1p1f1,2025,11,30,0.0,11.618015,-2.7857368,2025
3987,r3i1p1f1,2025,12,01,0.0,15.210957,0.7520775,2025
3988,r3i1p1f1,2025,12,02,0.0,14.157589,0.29568467,2025
3989,r3i1p1f1,2025,12,03,0.0,13.026084,-0.27456525,2025
3990,r3i1p1f1,2025,12,04,0.0,13.225712,-1.425194,2025
3991,r3i1p1f1,2025,12,05,0.0,13.012305,-1.5028641,2025
3992,r3i1p1f1,2025,12,06,0.0,11.117215,-2.011538,2025
3993,r3i1p1f1,2025,12,07,0.05889308958792368,9.280161,-3.8216996,2025
3994,r3i1p1f1,2025,12,08,0.09825940047889933,5.2831087,-6.4369907,2025
3995,r3i1p1f1,2025,12,09,0.0,8.182659,-6.9504466,2025
3996,r3i1p1f1,2025,12,10,6.808799589665741,9.468426,-3.3493865,2025
3997,r3i1p1f1,2025,12,11,13.568945709255123,6.757287,-0.8201512,2025
3998,r3i1p1f1,2025,12,12,2.915698337065998,5.854366,-4.11955,2025
3999,r3i1p1f1,2025,12,13,8.8437069388039,10.733111,-0.011279242,2025
4000,r3i1p1f1,2025,12,14,15.38750978878604,14.40127,4.4601793,2025
4001,r3i1p1f1,2025,12,15,0.0,15.07963,0.8292599,2025
4002,r3i1p1f1,2025,12,16,0.0,14.553993,1.1674013,2025
4003,r3i1p1f1,2025,12,17,5.893388722442324,14.340603,3.8243484,2025
4004,r3i1p1f1,2025,12,18,5.956452297603281,13.579931,6.638086,2025
4005,r3i1p1f1,2025,12,19,0.02707009965282244,10.487481,-1.4503977,2025
4006,r3i1p1f1,2025,12,20,0.3246658099085449,8.520709,-1.4611626,2025
4007,r3i1p1f1,2025,12,21,0.0,6.976691,-6.457674,2025
4008,r3i1p1f1,2025,12,22,0.0,10.872895,-3.6781163,2025
4009,r3i1p1f1,2025,12,23,0.0,11.073583,-2.9967687,2025
4010,r3i1p1f1,2025,12,24,0.0,10.149744,-2.3971665,2025
4011,r3i1p1f1,2025,12,25,0.0,7.883983,-4.4007535,2025
4012,r3i1p1f1,2025,12,26,0.0,7.0625863,-5.2599773,2025
4013,r3i1p1f1,2025,12,27,0.0,6.311812,-6.319503,2025
4014,r3i1p1f1,2025,12,28,0.0,8.488357,-5.127357,2025
4015,r3i1p1f1,2025,12,29,0.0,11.626315,-2.8605409,2025
4016,r3i1p1f1,2025,12,30,0.0,10.9843025,-2.0675807,2025
4017,r3i1p1f1,2025,12,31,0.0,10.225132,-3.4587524,2025
4018,r3i1p1f1,2026,01,01,0.0,10.873041,-2.8207223,2026
4019,r3i1p1f1,2026,01,02,0.0,12.513789,-1.175544,2026
4020,r3i1p1f1,2026,01,03,0.0,11.242755,-2.2365727,2026
4021,r3i1p1f1,2026,01,04,0.0,10.271091,-2.539092,2026
4022,r3i1p1f1,2026,01,05,0.0,11.876541,-1.2694526,2026
4023,r3i1p1f1,2026,01,06,0.0,12.274727,-1.6047252,2026
4024,r3i1p1f1,2026,01,07,0.0,10.931297,-2.2377687,2026
4025,r3i1p1f1,2026,01,08,0.0,11.121534,-1.8649433,2026
4026,r3i1p1f1,2026,01,09,0.0,12.372675,-0.8327986,2026
4027,r3i1p1f1,2026,01,10,0.0,12.196785,-1.3569828,2026
4028,r3i1p1f1,2026,01,11,0.0,13.489689,-2.0117404,2026
4029,r3i1p1f1,2026,01,12,0.0,12.014377,-2.3244681,2026
4030,r3i1p1f1,2026,01,13,3.951826114296802,10.252343,-0.78795826,2026
4031,r3i1p1f1,2026,01,14,0.02229478348233511,5.8182125,-5.899146,2026
4032,r3i1p1f1,2026,01,15,0.0,8.034018,-3.0585716,2026
4033,r3i1p1f1,2026,01,16,0.0,11.386872,-3.930987,2026
4034,r3i1p1f1,2026,01,17,0.05607228199082646,10.006107,-4.1574593,2026
4035,r3i1p1f1,2026,01,18,1.4604180984425703,9.20745,0.025316807,2026
4036,r3i1p1f1,2026,01,19,0.0,12.340225,0.986612,2026
4037,r3i1p1f1,2026,01,20,0.0,14.272046,0.7289117,2026
4038,r3i1p1f1,2026,01,21,0.02663411133019536,13.763012,0.051682517,2026
4039,r3i1p1f1,2026,01,22,0.0,14.801539,-1.1993196,2026
4040,r3i1p1f1,2026,01,23,0.18349225882874717,12.521759,0.4943998,2026
4041,r3i1p1f1,2026,01,24,12.36341675739051,6.0395017,0.5026869,2026
4042,r3i1p1f1,2026,01,25,55.15167680766547,10.750117,0.41670468,2026
4043,r3i1p1f1,2026,01,26,30.443850045725632,16.223625,6.5685244,2026
4044,r3i1p1f1,2026,01,27,1.4201389066059191,16.10995,7.531244,2026
4045,r3i1p1f1,2026,01,28,0.14430011021679753,14.610249,2.7355726,2026
4046,r3i1p1f1,2026,01,29,0.009619183648751597,14.94327,2.369504,2026
4047,r3i1p1f1,2026,01,30,0.008945340850363154,15.561298,2.344367,2026
4048,r3i1p1f1,2026,01,31,0.0,17.128666,2.1526985,2026
4049,r3i1p1f1,2026,02,01,0.17652564200874843,15.806316,4.6624227,2026
4050,r3i1p1f1,2026,02,02,12.091698980381778,13.764438,5.926382,2026
4051,r3i1p1f1,2026,02,03,0.2502550016762336,12.028231,1.3038073,2026
4052,r3i1p1f1,2026,02,04,0.0,14.012155,1.2932911,2026
4053,r3i1p1f1,2026,02,05,0.3803468266998993,13.354154,1.018402,2026
4054,r3i1p1f1,2026,02,06,0.016707895631429204,12.454726,1.7813038,2026
4055,r3i1p1f1,2026,02,07,0.014311118160769569,14.337731,0.24085933,2026
4056,r3i1p1f1,2026,02,08,0.0,14.366893,1.1702148,2026
4057,r3i1p1f1,2026,02,09,0.0,14.840934,1.7839274,2026
4058,r3i1p1f1,2026,02,10,0.0,13.98034,-0.031907015,2026
4059,r3i1p1f1,2026,02,11,0.0,12.183392,-0.53865683,2026
4060,r3i1p1f1,2026,02,12,1.314204515613462,10.727711,1.4446263,2026
4061,r3i1p1f1,2026,02,13,9.027314695263296,14.097003,3.6254985,2026
4062,r3i1p1f1,2026,02,14,0.0,14.318241,-0.36922613,2026
4063,r3i1p1f1,2026,02,15,1.1931205688283213,15.023538,2.7428026,2026
4064,r3i1p1f1,2026,02,16,0.5913958396376984,13.252684,1.448329,2026
4065,r3i1p1f1,2026,02,17,1.8848039621320134,11.011415,1.1314715,2026
4066,r3i1p1f1,2026,02,18,0.0007496910675950912,10.724581,-0.090097934,2026
4067,r3i1p1f1,2026,02,19,0.0,13.101527,-0.4973817,2026
4068,r3i1p1f1,2026,02,20,0.010318690761006579,15.361196,3.2331128,2026
4069,r3i1p1f1,2026,02,21,0.2296267138544036,15.957557,7.0065594,2026
4070,r3i1p1f1,2026,02,22,0.0,18.342144,3.8864987,2026
4071,r3i1p1f1,2026,02,23,0.0,20.010944,5.3813915,2026
4072,r3i1p1f1,2026,02,24,0.0,20.966818,6.7540455,2026
4073,r3i1p1f1,2026,02,25,0.0,20.596048,6.935585,2026
4074,r3i1p1f1,2026,02,26,0.0,18.986986,5.260147,2026
4075,r3i1p1f1,2026,02,27,0.0,21.06628,6.859586,2026
4076,r3i1p1f1,2026,02,28,0.0,21.506996,8.04318,2026
4077,r3i1p1f1,2026,03,01,0.0,22.164822,4.591306,2026
4078,r3i1p1f1,2026,03,02,0.0,22.296093,4.7130485,2026
4079,r3i1p1f1,2026,03,03,0.0,21.747433,6.65975,2026
4080,r3i1p1f1,2026,03,04,0.0,19.737303,2.5957897,2026
4081,r3i1p1f1,2026,03,05,0.0,21.55007,3.998391,2026
4082,r3i1p1f1,2026,03,06,0.0,23.024452,5.7307167,2026
4083,r3i1p1f1,2026,03,07,0.6650878124968805,20.88066,4.8835983,2026
4084,r3i1p1f1,2026,03,08,1.2666775741915142,15.208647,2.9932156,2026
4085,r3i1p1f1,2026,03,09,0.061572537420998386,15.516123,1.0566808,2026
4086,r3i1p1f1,2026,03,10,0.0,15.797631,2.5161479,2026
4087,r3i1p1f1,2026,03,11,1.7415316049401195,15.375077,4.728294,2026
4088,r3i1p1f1,2026,03,12,0.21556882656582413,17.460073,2.3957126,2026
4089,r3i1p1f1,2026,03,13,0.27964338859006105,15.81152,3.867616,2026
4090,r3i1p1f1,2026,03,14,0.0013871444918384607,17.795742,1.71085,2026
4091,r3i1p1f1,2026,03,15,0.0,20.601866,3.7169375,2026
4092,r3i1p1f1,2026,03,16,0.0,22.705395,5.264786,2026
4093,r3i1p1f1,2026,03,17,0.0042127740788132405,21.738506,5.3345075,2026
4094,r3i1p1f1,2026,03,18,0.0,20.96423,5.109812,2026
4095,r3i1p1f1,2026,03,19,0.0,24.034851,6.130222,2026
4096,r3i1p1f1,2026,03,20,0.0,24.33644,5.653466,2026
4097,r3i1p1f1,2026,03,21,8.511906119158745,18.665152,4.976457,2026
4098,r3i1p1f1,2026,03,22,5.830657254877445,14.34996,5.372006,2026
4099,r3i1p1f1,2026,03,23,0.13138706444861423,14.571617,0.5036454,2026
4100,r3i1p1f1,2026,03,24,8.581960561566644,13.599939,1.9124787,2026
4101,r3i1p1f1,2026,03,25,13.086168728797489,10.582152,2.7527657,2026
4102,r3i1p1f1,2026,03,26,1.4467094404972158,10.475422,0.24819319,2026
4103,r3i1p1f1,2026,03,27,0.007141312464337909,12.338931,-0.5489521,2026
4104,r3i1p1f1,2026,03,28,0.0,14.379193,-0.10493879,2026
4105,r3i1p1f1,2026,03,29,0.0,17.36513,1.9895176,2026
4106,r3i1p1f1,2026,03,30,0.0,18.488523,2.1127007,2026
4107,r3i1p1f1,2026,03,31,0.0,17.873215,2.5983849,2026
4108,r3i1p1f1,2026,04,01,0.02817824663273341,17.670044,3.5449867,2026
4109,r3i1p1f1,2026,04,02,0.001646480875823534,17.817562,2.5632985,2026
4110,r3i1p1f1,2026,04,03,0.012158197633018999,17.909382,2.9901981,2026
4111,r3i1p1f1,2026,04,04,0.03577385413033577,16.563879,1.8986622,2026
4112,r3i1p1f1,2026,04,05,3.421823641080912,12.127785,1.6826676,2026
4113,r3i1p1f1,2026,04,06,0.2666068155460352,13.988044,1.3853656,2026
4114,r3i1p1f1,2026,04,07,0.11677178475303773,13.857021,2.3568466,2026
4115,r3i1p1f1,2026,04,08,0.0,17.409678,-1.485813,2026
4116,r3i1p1f1,2026,04,09,0.027979853241986624,20.121496,2.3534868,2026
4117,r3i1p1f1,2026,04,10,0.8466162494402273,18.193361,1.3511441,2026
4118,r3i1p1f1,2026,04,11,0.28176903186139307,13.310234,1.1471314,2026
4119,r3i1p1f1,2026,04,12,0.31256460184301954,15.875935,2.3561108,2026
4120,r3i1p1f1,2026,04,13,0.0016020121719603512,16.767189,1.0990629,2026
4121,r3i1p1f1,2026,04,14,7.043061943766203,12.307404,-0.24602787,2026
4122,r3i1p1f1,2026,04,15,0.6719068825248431,14.028881,2.8181431,2026
4123,r3i1p1f1,2026,04,16,9.955708056844248,11.615505,0.7771492,2026
4124,r3i1p1f1,2026,04,17,1.6367730210671045,10.030727,-1.5543964,2026
4125,r3i1p1f1,2026,04,18,0.0022691825462529914,15.545623,0.8645654,2026
4126,r3i1p1f1,2026,04,19,0.04206269642578043,16.73522,1.5582135,2026
4127,r3i1p1f1,2026,04,20,0.0,17.586725,2.110237,2026
4128,r3i1p1f1,2026,04,21,0.0,21.034101,5.120662,2026
4129,r3i1p1f1,2026,04,22,0.0,20.723328,5.3948197,2026
4130,r3i1p1f1,2026,04,23,0.28460699063461187,18.482767,4.1895123,2026
4131,r3i1p1f1,2026,04,24,8.1945841692747,11.61061,-0.037419003,2026
4132,r3i1p1f1,2026,04,25,0.0004143616057593714,19.529478,3.824844,2026
4133,r3i1p1f1,2026,04,26,0.0,23.28794,5.811413,2026
4134,r3i1p1f1,2026,04,27,0.0,22.07811,7.0389543,2026
4135,r3i1p1f1,2026,04,28,0.0,24.136335,6.050471,2026
4136,r3i1p1f1,2026,04,29,0.0,27.47428,9.2529125,2026
4137,r3i1p1f1,2026,04,30,0.0,29.383894,11.465217,2026
4138,r3i1p1f1,2026,05,01,0.0,28.724333,11.427954,2026
4139,r3i1p1f1,2026,05,02,0.0,24.232037,7.1044173,2026
4140,r3i1p1f1,2026,05,03,0.0,24.044645,6.176201,2026
4141,r3i1p1f1,2026,05,04,0.0,26.436794,8.14098,2026
4142,r3i1p1f1,2026,05,05,0.0,28.652973,10.075771,2026
4143,r3i1p1f1,2026,05,06,0.0,30.24142,11.099,2026
4144,r3i1p1f1,2026,05,07,0.0,31.20149,12.329436,2026
4145,r3i1p1f1,2026,05,08,0.0,29.87996,10.438667,2026
4146,r3i1p1f1,2026,05,09,0.0,24.71613,7.4951773,2026
4147,r3i1p1f1,2026,05,10,0.0,23.02539,5.3458214,2026
4148,r3i1p1f1,2026,05,11,0.0,21.921795,5.891844,2026
4149,r3i1p1f1,2026,05,12,0.0,22.64407,4.8407726,2026
4150,r3i1p1f1,2026,05,13,0.0,23.36478,5.6396756,2026
4151,r3i1p1f1,2026,05,14,0.0,29.099026,9.49978,2026
4152,r3i1p1f1,2026,05,15,0.0,32.18934,12.08925,2026
4153,r3i1p1f1,2026,05,16,0.0,33.669582,12.631723,2026
4154,r3i1p1f1,2026,05,17,0.0,33.70485,13.455846,2026
4155,r3i1p1f1,2026,05,18,0.0,35.02987,13.320772,2026
4156,r3i1p1f1,2026,05,19,0.0,33.881992,13.2758255,2026
4157,r3i1p1f1,2026,05,20,0.0,32.18015,12.418114,2026
4158,r3i1p1f1,2026,05,21,0.0,25.874395,10.602871,2026
4159,r3i1p1f1,2026,05,22,0.0,23.111198,6.4677963,2026
4160,r3i1p1f1,2026,05,23,0.00352362589513756,24.59425,8.302916,2026
4161,r3i1p1f1,2026,05,24,0.0,25.28085,8.011893,2026
4162,r3i1p1f1,2026,05,25,0.0,23.630648,7.803895,2026
4163,r3i1p1f1,2026,05,26,0.0,23.989588,5.608074,2026
4164,r3i1p1f1,2026,05,27,0.0,28.180502,9.075308,2026
4165,r3i1p1f1,2026,05,28,0.0,31.591084,11.472111,2026
4166,r3i1p1f1,2026,05,29,0.0,29.519686,10.370089,2026
4167,r3i1p1f1,2026,05,30,0.0,29.071978,10.239024,2026
4168,r3i1p1f1,2026,05,31,0.0,32.705433,13.352234,2026
4169,r3i1p1f1,2026,06,01,0.0,32.094173,11.884485,2026
4170,r3i1p1f1,2026,06,02,0.0,30.550785,11.728089,2026
4171,r3i1p1f1,2026,06,03,0.0,32.230022,11.2641,2026
4172,r3i1p1f1,2026,06,04,0.0,33.954453,13.311199,2026
4173,r3i1p1f1,2026,06,05,0.0,33.76149,12.485999,2026
4174,r3i1p1f1,2026,06,06,0.0,33.67145,13.145046,2026
4175,r3i1p1f1,2026,06,07,0.0,31.492592,11.402251,2026
4176,r3i1p1f1,2026,06,08,0.0,26.93583,9.186907,2026
4177,r3i1p1f1,2026,06,09,0.0,28.210318,9.459123,2026
4178,r3i1p1f1,2026,06,10,0.0,30.349134,11.629709,2026
4179,r3i1p1f1,2026,06,11,0.0,32.574863,12.713693,2026
4180,r3i1p1f1,2026,06,12,0.0,36.49995,15.92476,2026
4181,r3i1p1f1,2026,06,13,0.0,38.24821,17.42873,2026
4182,r3i1p1f1,2026,06,14,0.0,37.18336,15.90174,2026
4183,r3i1p1f1,2026,06,15,0.0,32.646923,13.0707035,2026
4184,r3i1p1f1,2026,06,16,0.0,28.12622,9.4189415,2026
4185,r3i1p1f1,2026,06,17,0.0,30.414207,10.94309,2026
4186,r3i1p1f1,2026,06,18,0.0,30.98501,11.275934,2026
4187,r3i1p1f1,2026,06,19,0.0,30.252567,11.330187,2026
4188,r3i1p1f1,2026,06,20,0.0,29.512255,10.719796,2026
4189,r3i1p1f1,2026,06,21,0.0,28.193085,10.341607,2026
4190,r3i1p1f1,2026,06,22,0.0,27.417522,9.326323,2026
4191,r3i1p1f1,2026,06,23,0.0,26.348175,7.82248,2026
4192,r3i1p1f1,2026,06,24,0.0,24.997591,6.9977527,2026
4193,r3i1p1f1,2026,06,25,0.0,24.23516,7.5152917,2026
4194,r3i1p1f1,2026,06,26,0.0,27.095413,9.38491,2026
4195,r3i1p1f1,2026,06,27,0.0,30.44488,11.094411,2026
4196,r3i1p1f1,2026,06,28,0.0,32.63896,12.424776,2026
4197,r3i1p1f1,2026,06,29,0.0,34.1479,13.9446535,2026
4198,r3i1p1f1,2026,06,30,0.0,37.52383,16.140335,2026
4199,r3i1p1f1,2026,07,01,0.0,38.838593,17.295177,2026
4200,r3i1p1f1,2026,07,02,0.0,39.07779,17.30583,2026
4201,r3i1p1f1,2026,07,03,0.0,38.28136,15.9704,2026
4202,r3i1p1f1,2026,07,04,0.0,36.01165,14.517788,2026
4203,r3i1p1f1,2026,07,05,0.0,34.034534,14.812184,2026
4204,r3i1p1f1,2026,07,06,0.0,33.333054,14.501117,2026
4205,r3i1p1f1,2026,07,07,0.0,32.490883,14.129016,2026
4206,r3i1p1f1,2026,07,08,0.0,31.354399,13.202423,2026
4207,r3i1p1f1,2026,07,09,0.0,30.888893,12.98037,2026
4208,r3i1p1f1,2026,07,10,0.0,32.79295,15.1047735,2026
4209,r3i1p1f1,2026,07,11,0.0,35.059906,15.836795,2026
4210,r3i1p1f1,2026,07,12,0.0,35.141026,15.49907,2026
4211,r3i1p1f1,2026,07,13,0.0,34.395405,15.150007,2026
4212,r3i1p1f1,2026,07,14,0.0,35.01826,15.708387,2026
4213,r3i1p1f1,2026,07,15,0.0,36.162735,15.906871,2026
4214,r3i1p1f1,2026,07,16,0.0,35.698296,16.39815,2026
4215,r3i1p1f1,2026,07,17,0.0,35.095455,15.482562,2026
4216,r3i1p1f1,2026,07,18,0.0,34.950947,17.315916,2026
4217,r3i1p1f1,2026,07,19,0.0,35.428986,17.31546,2026
4218,r3i1p1f1,2026,07,20,0.0,36.451447,17.957409,2026
4219,r3i1p1f1,2026,07,21,0.0,37.623676,18.435614,2026
4220,r3i1p1f1,2026,07,22,0.0005105510883202606,37.507725,18.657915,2026
4221,r3i1p1f1,2026,07,23,0.0,37.352325,17.76171,2026
4222,r3i1p1f1,2026,07,24,0.0,36.254333,17.612183,2026
4223,r3i1p1f1,2026,07,25,0.0,36.529713,17.199938,2026
4224,r3i1p1f1,2026,07,26,0.0,36.740326,16.776457,2026
4225,r3i1p1f1,2026,07,27,0.0,36.383305,16.485666,2026
4226,r3i1p1f1,2026,07,28,0.0,36.272133,15.987124,2026
4227,r3i1p1f1,2026,07,29,0.0,35.899693,16.10351,2026
4228,r3i1p1f1,2026,07,30,0.0,36.408524,17.01875,2026
4229,r3i1p1f1,2026,07,31,0.003083768921593825,36.402313,17.166122,2026
4230,r3i1p1f1,2026,08,01,0.21825168710413642,35.808186,18.494745,2026
4231,r3i1p1f1,2026,08,02,0.0014016444964165037,33.911278,16.450764,2026
4232,r3i1p1f1,2026,08,03,0.0,32.59808,14.390735,2026
4233,r3i1p1f1,2026,08,04,0.0,31.381369,13.092899,2026
4234,r3i1p1f1,2026,08,05,0.0,31.655994,12.705328,2026
4235,r3i1p1f1,2026,08,06,0.0,33.44366,13.867933,2026
4236,r3i1p1f1,2026,08,07,0.0,33.55185,13.808635,2026
4237,r3i1p1f1,2026,08,08,0.0,32.228107,15.33664,2026
4238,r3i1p1f1,2026,08,09,0.0,31.196436,14.068494,2026
4239,r3i1p1f1,2026,08,10,0.0,31.144978,13.581128,2026
4240,r3i1p1f1,2026,08,11,0.0,32.284008,14.621349,2026
4241,r3i1p1f1,2026,08,12,0.0,31.776321,12.93545,2026
4242,r3i1p1f1,2026,08,13,0.0,33.285507,13.330047,2026
4243,r3i1p1f1,2026,08,14,0.0,35.518227,16.097338,2026
4244,r3i1p1f1,2026,08,15,0.0,35.106297,15.694395,2026
4245,r3i1p1f1,2026,08,16,0.0,34.102425,14.20752,2026
4246,r3i1p1f1,2026,08,17,0.0,35.2189,15.419431,2026
4247,r3i1p1f1,2026,08,18,0.11010590284554796,36.706818,16.747124,2026
4248,r3i1p1f1,2026,08,19,1.2498609031017898,36.07848,16.824553,2026
4249,r3i1p1f1,2026,08,20,1.5402138938158962,34.821194,16.477686,2026
4250,r3i1p1f1,2026,08,21,0.01958190179500503,29.043974,11.972466,2026
4251,r3i1p1f1,2026,08,22,0.6662237437778844,27.46783,15.071429,2026
4252,r3i1p1f1,2026,08,23,0.0,29.470661,12.065008,2026
4253,r3i1p1f1,2026,08,24,0.0,31.60047,12.263047,2026
4254,r3i1p1f1,2026,08,25,0.0,31.607681,12.127599,2026
4255,r3i1p1f1,2026,08,26,0.0,32.081257,12.887232,2026
4256,r3i1p1f1,2026,08,27,0.0,33.649193,13.814858,2026
4257,r3i1p1f1,2026,08,28,0.0,34.319443,14.6955385,2026
4258,r3i1p1f1,2026,08,29,0.0,35.101673,14.759487,2026
4259,r3i1p1f1,2026,08,30,0.0,35.68009,15.911957,2026
4260,r3i1p1f1,2026,08,31,0.0,35.731335,15.013825,2026
4261,r3i1p1f1,2026,09,01,0.0,34.903572,15.977699,2026
4262,r3i1p1f1,2026,09,02,0.0,33.496876,14.46915,2026
4263,r3i1p1f1,2026,09,03,0.011851749926184615,32.15536,13.116646,2026
4264,r3i1p1f1,2026,09,04,0.013851962002897353,32.464504,12.692282,2026
4265,r3i1p1f1,2026,09,05,0.0,31.738369,13.434597,2026
4266,r3i1p1f1,2026,09,06,0.0,29.982565,13.835362,2026
4267,r3i1p1f1,2026,09,07,0.0,32.383076,14.099824,2026
4268,r3i1p1f1,2026,09,08,0.0,34.001583,14.779026,2026
4269,r3i1p1f1,2026,09,09,0.0,34.660767,14.992217,2026
4270,r3i1p1f1,2026,09,10,0.0,34.437157,14.554481,2026
4271,r3i1p1f1,2026,09,11,0.10203188923972475,34.16129,16.48758,2026
4272,r3i1p1f1,2026,09,12,0.5615915320716643,34.32104,18.663364,2026
4273,r3i1p1f1,2026,09,13,0.981491347510283,34.71141,17.654015,2026
4274,r3i1p1f1,2026,09,14,0.0,32.732086,15.181291,2026
4275,r3i1p1f1,2026,09,15,0.0,29.67244,11.469196,2026
4276,r3i1p1f1,2026,09,16,0.0,27.374107,10.073479,2026
4277,r3i1p1f1,2026,09,17,0.0,25.636942,9.07186,2026
4278,r3i1p1f1,2026,09,18,0.0,26.005869,9.790732,2026
4279,r3i1p1f1,2026,09,19,0.0,29.196922,10.645014,2026
4280,r3i1p1f1,2026,09,20,0.0,31.902157,12.335062,2026
4281,r3i1p1f1,2026,09,21,0.0,31.758316,13.032465,2026
4282,r3i1p1f1,2026,09,22,0.0,30.128536,12.235513,2026
4283,r3i1p1f1,2026,09,23,0.0,27.944006,9.725845,2026
4284,r3i1p1f1,2026,09,24,0.0,29.31694,10.337174,2026
4285,r3i1p1f1,2026,09,25,0.0,30.63534,12.21598,2026
4286,r3i1p1f1,2026,09,26,0.0,32.013412,12.682152,2026
4287,r3i1p1f1,2026,09,27,0.0,31.762812,13.580638,2026
4288,r3i1p1f1,2026,09,28,0.0,30.737127,11.335497,2026
4289,r3i1p1f1,2026,09,29,0.0,28.716084,10.243635,2026
4290,r3i1p1f1,2026,09,30,0.0,27.984278,9.761408,2026
4291,r3i1p1f1,2026,10,01,0.0,31.144276,11.49086,2026
4292,r3i1p1f1,2026,10,02,0.0,33.35222,13.152749,2026
4293,r3i1p1f1,2026,10,03,0.0,33.286552,14.460484,2026
4294,r3i1p1f1,2026,10,04,0.0,32.273132,12.260503,2026
4295,r3i1p1f1,2026,10,05,0.0,27.509628,9.835382,2026
4296,r3i1p1f1,2026,10,06,0.0,28.853977,9.55557,2026
4297,r3i1p1f1,2026,10,07,0.0,29.640629,10.005036,2026
4298,r3i1p1f1,2026,10,08,0.0,30.514292,10.985619,2026
4299,r3i1p1f1,2026,10,09,0.0,28.557892,10.271169,2026
4300,r3i1p1f1,2026,10,10,0.00073071505705064,28.760395,10.421004,2026
4301,r3i1p1f1,2026,10,11,0.0,30.806004,10.753952,2026
4302,r3i1p1f1,2026,10,12,0.6624245204236077,29.636967,12.020158,2026
4303,r3i1p1f1,2026,10,13,2.1277056143453317,25.168676,11.0862465,2026
4304,r3i1p1f1,2026,10,14,0.0,24.1299,9.081771,2026
4305,r3i1p1f1,2026,10,15,0.12073733561864532,27.672783,11.841308,2026
4306,r3i1p1f1,2026,10,16,0.0015315109428201774,28.491478,11.028106,2026
4307,r3i1p1f1,2026,10,17,0.001240820045385397,28.723896,11.307004,2026
4308,r3i1p1f1,2026,10,18,0.016643522962609,28.185522,11.613849,2026
4309,r3i1p1f1,2026,10,19,0.0,25.791168,8.935396,2026
4310,r3i1p1f1,2026,10,20,0.0,27.026165,8.518929,2026
4311,r3i1p1f1,2026,10,21,0.0,28.766777,10.31645,2026
4312,r3i1p1f1,2026,10,22,0.0,28.72459,12.202506,2026
4313,r3i1p1f1,2026,10,23,0.0,28.257061,9.886873,2026
4314,r3i1p1f1,2026,10,24,0.0,24.867863,8.755293,2026
4315,r3i1p1f1,2026,10,25,0.0,21.527279,5.8519187,2026
4316,r3i1p1f1,2026,10,26,0.0010289028145824418,21.340973,5.21457,2026
4317,r3i1p1f1,2026,10,27,0.0,22.520237,5.228268,2026
4318,r3i1p1f1,2026,10,28,0.007893959533028079,21.819855,6.5268025,2026
4319,r3i1p1f1,2026,10,29,0.0,18.304995,2.830468,2026
4320,r3i1p1f1,2026,10,30,0.0,19.3656,2.6038508,2026
4321,r3i1p1f1,2026,10,31,0.0,22.752695,4.7483273,2026
4322,r3i1p1f1,2026,11,01,0.0,23.870409,6.9621334,2026
4323,r3i1p1f1,2026,11,02,0.0,24.719563,6.7598777,2026
4324,r3i1p1f1,2026,11,03,0.0,25.805609,7.826258,2026
4325,r3i1p1f1,2026,11,04,0.0,22.708008,3.781194,2026
4326,r3i1p1f1,2026,11,05,0.0,17.882769,4.100359,2026
4327,r3i1p1f1,2026,11,06,0.0,18.421766,2.1917002,2026
4328,r3i1p1f1,2026,11,07,0.0,21.443884,3.8598087,2026
4329,r3i1p1f1,2026,11,08,0.0,25.247944,7.4659286,2026
4330,r3i1p1f1,2026,11,09,0.0,25.426767,7.425078,2026
4331,r3i1p1f1,2026,11,10,0.0,22.373508,3.671205,2026
4332,r3i1p1f1,2026,11,11,0.013799753135324201,18.87431,5.396857,2026
4333,r3i1p1f1,2026,11,12,0.0,21.118004,5.5361757,2026
4334,r3i1p1f1,2026,11,13,0.0,22.65274,5.1602764,2026
4335,r3i1p1f1,2026,11,14,0.0,25.667122,7.298187,2026
4336,r3i1p1f1,2026,11,15,1.2458872887200965,23.351185,5.9604297,2026
4337,r3i1p1f1,2026,11,16,0.002045181551665971,14.36233,0.24802928,2026
4338,r3i1p1f1,2026,11,17,0.0,18.032726,2.006413,2026
4339,r3i1p1f1,2026,11,18,0.0,21.679087,3.55007,2026
4340,r3i1p1f1,2026,11,19,0.0,20.236843,3.045187,2026
4341,r3i1p1f1,2026,11,20,0.0006740194547808532,16.55892,0.15337895,2026
4342,r3i1p1f1,2026,11,21,0.0,16.892992,-1.082987,2026
4343,r3i1p1f1,2026,11,22,0.0,17.115192,1.3082229,2026
4344,r3i1p1f1,2026,11,23,0.0,16.626118,0.19764192,2026
4345,r3i1p1f1,2026,11,24,0.0,16.383142,-1.4619261,2026
4346,r3i1p1f1,2026,11,25,1.7363609547145173,13.263176,3.9513307,2026
4347,r3i1p1f1,2026,11,26,0.5390677044234701,14.515711,-0.8247008,2026
4348,r3i1p1f1,2026,11,27,0.0,16.003014,0.5507543,2026
4349,r3i1p1f1,2026,11,28,0.0,18.224884,2.3064404,2026
4350,r3i1p1f1,2026,11,29,0.0,19.639282,1.6785283,2026
4351,r3i1p1f1,2026,11,30,0.031235771146550014,17.535614,0.7259195,2026
4352,r3i1p1f1,2026,12,01,0.0004200858970624254,13.153662,1.3376635,2026
4353,r3i1p1f1,2026,12,02,7.020961471064242,12.631716,1.835598,2026
4354,r3i1p1f1,2026,12,03,12.868199836664258,8.95266,2.204932,2026
4355,r3i1p1f1,2026,12,04,0.0,7.793464,-4.4880147,2026
4356,r3i1p1f1,2026,12,05,0.0,10.897999,-2.765914,2026
4357,r3i1p1f1,2026,12,06,0.0,13.269981,-1.2917298,2026
4358,r3i1p1f1,2026,12,07,0.0,13.956043,0.40822023,2026
4359,r3i1p1f1,2026,12,08,13.269478524880745,11.478679,2.6864147,2026
4360,r3i1p1f1,2026,12,09,7.749103043101073,7.9292183,-1.4192306,2026
4361,r3i1p1f1,2026,12,10,0.13419773992967693,8.786742,-1.1952332,2026
4362,r3i1p1f1,2026,12,11,0.0,9.76382,-4.4167233,2026
4363,r3i1p1f1,2026,12,12,0.017943937641437955,10.4362335,-2.5067298,2026
4364,r3i1p1f1,2026,12,13,5.4539585859840205,9.336276,-0.30967367,2026
4365,r3i1p1f1,2026,12,14,0.33814207867897383,8.182139,-4.400928,2026
4366,r3i1p1f1,2026,12,15,0.5766598328102301,8.886637,-0.18027645,2026
4367,r3i1p1f1,2026,12,16,12.66561308079073,9.584049,2.8679013,2026
4368,r3i1p1f1,2026,12,17,6.600094088745402,9.981171,-0.09401858,2026
4369,r3i1p1f1,2026,12,18,0.006335850989809401,7.9615345,-4.682353,2026
4370,r3i1p1f1,2026,12,19,4.5496571500486676,11.523007,0.71351534,2026
4371,r3i1p1f1,2026,12,20,0.020387781304166172,13.979017,2.926347,2026
4372,r3i1p1f1,2026,12,21,0.0047434283998992405,12.229384,0.98619246,2026
4373,r3i1p1f1,2026,12,22,0.22257176152462224,10.325205,1.4889015,2026
4374,r3i1p1f1,2026,12,23,0.0,12.171545,-2.2698677,2026
4375,r3i1p1f1,2026,12,24,0.0,12.120589,-1.403148,2026
4376,r3i1p1f1,2026,12,25,0.0,10.863874,-1.4960968,2026
4377,r3i1p1f1,2026,12,26,0.0,13.897657,1.1422918,2026
4378,r3i1p1f1,2026,12,27,0.0,14.157613,0.88944,2026
4379,r3i1p1f1,2026,12,28,0.0,13.910596,0.43126997,2026
4380,r3i1p1f1,2026,12,29,0.0,12.517431,-0.42038754,2026
4381,r3i1p1f1,2026,12,30,0.0,12.289225,-1.2712228,2026
4382,r3i1p1f1,2026,12,31,0.0,11.468353,-1.6947814,2026
4383,r3i1p1f1,2027,01,01,0.0023367191544931493,10.493514,-0.9613258,2027
4384,r3i1p1f1,2027,01,02,0.0,9.294394,-1.7608517,2027
4385,r3i1p1f1,2027,01,03,0.0,11.475101,-2.2824144,2027
4386,r3i1p1f1,2027,01,04,0.0,12.86231,-1.0247416,2027
4387,r3i1p1f1,2027,01,05,0.0,14.812389,1.3117752,2027
4388,r3i1p1f1,2027,01,06,0.0,15.159415,2.0132675,2027
4389,r3i1p1f1,2027,01,07,0.0,17.271568,3.259302,2027
4390,r3i1p1f1,2027,01,08,0.0,17.130741,2.8732107,2027
4391,r3i1p1f1,2027,01,09,0.0,17.5515,2.5790944,2027
4392,r3i1p1f1,2027,01,10,0.0,18.920092,3.2002878,2027
4393,r3i1p1f1,2027,01,11,0.0,20.74694,4.2770762,2027
4394,r3i1p1f1,2027,01,12,0.0,20.213598,4.9978294,2027
4395,r3i1p1f1,2027,01,13,0.0,19.1273,6.8367057,2027
4396,r3i1p1f1,2027,01,14,0.0,19.808979,6.130839,2027
4397,r3i1p1f1,2027,01,15,0.0,18.787924,4.776614,2027
4398,r3i1p1f1,2027,01,16,0.0,17.620485,3.8093457,2027
4399,r3i1p1f1,2027,01,17,0.0,17.290579,0.59971756,2027
4400,r3i1p1f1,2027,01,18,0.0,15.981923,1.075164,2027
4401,r3i1p1f1,2027,01,19,0.0,16.021921,3.5142903,2027
4402,r3i1p1f1,2027,01,20,3.671449734871258,15.447056,5.021146,2027
4403,r3i1p1f1,2027,01,21,6.4765776557110115,13.377071,5.1619,2027
4404,r3i1p1f1,2027,01,22,16.279029952579137,13.452576,4.400492,2027
4405,r3i1p1f1,2027,01,23,7.415048157486816,12.466047,2.9490151,2027
4406,r3i1p1f1,2027,01,24,20.885611800035942,9.872663,1.3207713,2027
4407,r3i1p1f1,2027,01,25,25.699962998112436,11.732826,5.1276426,2027
4408,r3i1p1f1,2027,01,26,23.424486240842132,10.863591,2.4968593,2027
4409,r3i1p1f1,2027,01,27,0.6988123315871538,6.950882,-2.922823,2027
4410,r3i1p1f1,2027,01,28,0.0,7.859675,-7.1620407,2027
4411,r3i1p1f1,2027,01,29,0.03142977009261041,7.26353,-0.5129495,2027
4412,r3i1p1f1,2027,01,30,0.21313993076932314,12.034581,-1.0061421,2027
4413,r3i1p1f1,2027,01,31,0.0,13.375098,-1.0354705,2027
4414,r3i1p1f1,2027,02,01,0.7908621204999442,13.919698,0.1754697,2027
4415,r3i1p1f1,2027,02,02,3.704955891568137,14.131817,4.3034687,2027
4416,r3i1p1f1,2027,02,03,21.114723983723017,14.81305,6.6194158,2027
4417,r3i1p1f1,2027,02,04,22.026719751968013,10.871754,2.1919878,2027
4418,r3i1p1f1,2027,02,05,1.3876194330112301,11.263066,-0.53548145,2027
4419,r3i1p1f1,2027,02,06,1.470365217030507,13.4912405,3.7964058,2027
4420,r3i1p1f1,2027,02,07,0.13125231943404564,14.076623,4.600031,2027
4421,r3i1p1f1,2027,02,08,1.1216053536246005,15.148515,5.8435764,2027
4422,r3i1p1f1,2027,02,09,12.674406017382752,14.789755,5.1382003,2027
4423,r3i1p1f1,2027,02,10,7.054507689278277,12.575965,0.37880147,2027
4424,r3i1p1f1,2027,02,11,0.0,16.076721,2.3036828,2027
4425,r3i1p1f1,2027,02,12,0.0049334282238939495,17.059372,2.2521446,2027
4426,r3i1p1f1,2027,02,13,0.736575221237603,15.0682535,1.2206867,2027
4427,r3i1p1f1,2027,02,14,0.583297657070785,13.133821,2.4647784,2027
4428,r3i1p1f1,2027,02,15,0.0,13.498739,3.011952,2027
4429,r3i1p1f1,2027,02,16,0.0,17.878036,1.6294616,2027
4430,r3i1p1f1,2027,02,17,0.0,17.751379,3.4254985,2027
4431,r3i1p1f1,2027,02,18,0.0,20.349926,5.331659,2027
4432,r3i1p1f1,2027,02,19,0.0,19.727018,4.525934,2027
4433,r3i1p1f1,2027,02,20,0.08364782814444907,17.744623,2.8677304,2027
4434,r3i1p1f1,2027,02,21,36.8541760529104,12.590755,4.031892,2027
4435,r3i1p1f1,2027,02,22,18.850781292157162,11.2454195,3.1271088,2027
4436,r3i1p1f1,2027,02,23,0.066325346935738,13.322534,1.70477,2027
4437,r3i1p1f1,2027,02,24,0.6746527498178307,13.216089,2.2779672,2027
4438,r3i1p1f1,2027,02,25,1.5373315471137947,12.757917,3.2205915,2027
4439,r3i1p1f1,2027,02,26,8.698296181519805,15.75697,1.8161024,2027
4440,r3i1p1f1,2027,02,27,0.0,15.028774,0.6873493,2027
4441,r3i1p1f1,2027,02,28,0.047130075366691344,15.381648,1.9175996,2027
4442,r3i1p1f1,2027,03,01,0.3489245468120895,12.865011,1.1429315,2027
4443,r3i1p1f1,2027,03,02,0.0,13.363948,-3.1812568,2027
4444,r3i1p1f1,2027,03,03,0.0,14.617349,-1.1425292,2027
4445,r3i1p1f1,2027,03,04,0.0015388502012656043,17.000923,2.5863028,2027
4446,r3i1p1f1,2027,03,05,0.47960442147141846,16.428453,4.184946,2027
4447,r3i1p1f1,2027,03,06,0.038611813541854535,11.737473,0.5083772,2027
4448,r3i1p1f1,2027,03,07,0.005139296479297407,13.365783,0.102981746,2027
4449,r3i1p1f1,2027,03,08,0.003144706274862542,17.174128,0.89004797,2027
4450,r3i1p1f1,2027,03,09,0.00319282009238095,18.5446,3.8840396,2027
4451,r3i1p1f1,2027,03,10,0.0,19.399982,1.8910065,2027
4452,r3i1p1f1,2027,03,11,0.0,20.813599,3.8056788,2027
4453,r3i1p1f1,2027,03,12,0.0,20.039974,3.948243,2027
4454,r3i1p1f1,2027,03,13,0.0,19.369392,2.7198176,2027
4455,r3i1p1f1,2027,03,14,0.0,23.33586,5.171202,2027
4456,r3i1p1f1,2027,03,15,0.0,25.614744,8.496019,2027
4457,r3i1p1f1,2027,03,16,0.0,26.710215,9.537676,2027
4458,r3i1p1f1,2027,03,17,0.0,26.98403,9.36159,2027
4459,r3i1p1f1,2027,03,18,0.0,26.216373,9.369428,2027
4460,r3i1p1f1,2027,03,19,0.0,26.185406,7.8490896,2027
4461,r3i1p1f1,2027,03,20,0.0,25.583101,8.366414,2027
4462,r3i1p1f1,2027,03,21,0.003145718453169772,24.600159,6.5916348,2027
4463,r3i1p1f1,2027,03,22,0.0,20.548979,2.8949828,2027
4464,r3i1p1f1,2027,03,23,0.0,20.709707,2.7104707,2027
4465,r3i1p1f1,2027,03,24,1.2185740739699792e-05,20.824053,2.8412147,2027
4466,r3i1p1f1,2027,03,25,0.05734600030612483,20.183586,3.4573402,2027
4467,r3i1p1f1,2027,03,26,0.03707619445666558,23.008307,4.205264,2027
4468,r3i1p1f1,2027,03,27,0.0012999786034042975,21.631777,3.3108704,2027
4469,r3i1p1f1,2027,03,28,0.0,21.12148,1.7133422,2027
4470,r3i1p1f1,2027,03,29,3.4868657560802987,20.033245,2.5123744,2027
4471,r3i1p1f1,2027,03,30,33.81583904826336,12.522204,5.984792,2027
4472,r3i1p1f1,2027,03,31,15.000737810420986,13.77023,4.9784365,2027
4473,r3i1p1f1,2027,04,01,1.418673225339951,15.223804,3.4850702,2027
4474,r3i1p1f1,2027,04,02,0.04288538793017241,17.461184,4.60197,2027
4475,r3i1p1f1,2027,04,03,0.0,20.40829,4.934257,2027
4476,r3i1p1f1,2027,04,04,0.0,20.539867,6.078982,2027
4477,r3i1p1f1,2027,04,05,0.0,20.464832,6.0575976,2027
4478,r3i1p1f1,2027,04,06,0.0,23.193174,5.8062134,2027
4479,r3i1p1f1,2027,04,07,0.0,25.20847,7.467224,2027
4480,r3i1p1f1,2027,04,08,0.0,27.497576,9.101816,2027
4481,r3i1p1f1,2027,04,09,0.05123521754726288,25.828112,7.901546,2027
4482,r3i1p1f1,2027,04,10,2.5638421818384263,16.284735,2.9544535,2027
4483,r3i1p1f1,2027,04,11,0.0004990085444384904,21.593084,3.1033833,2027
4484,r3i1p1f1,2027,04,12,0.0,26.00363,7.722018,2027
4485,r3i1p1f1,2027,04,13,0.0,25.41398,7.9384274,2027
4486,r3i1p1f1,2027,04,14,0.0,22.87263,4.822808,2027
4487,r3i1p1f1,2027,04,15,0.0,21.67406,3.2832165,2027
4488,r3i1p1f1,2027,04,16,0.0,22.7597,4.6573143,2027
4489,r3i1p1f1,2027,04,17,0.0,24.721176,6.094188,2027
4490,r3i1p1f1,2027,04,18,0.0,24.924898,6.9541974,2027
4491,r3i1p1f1,2027,04,19,0.0,22.878277,5.8303747,2027
4492,r3i1p1f1,2027,04,20,0.062182052543820726,19.701418,4.9493766,2027
4493,r3i1p1f1,2027,04,21,0.0,20.277117,2.1466665,2027
4494,r3i1p1f1,2027,04,22,0.0,25.252949,5.2793655,2027
4495,r3i1p1f1,2027,04,23,0.0,27.990196,7.517226,2027
4496,r3i1p1f1,2027,04,24,0.0,29.019995,8.196819,2027
4497,r3i1p1f1,2027,04,25,0.0,29.890789,9.98092,2027
4498,r3i1p1f1,2027,04,26,0.0,28.539917,9.139525,2027
4499,r3i1p1f1,2027,04,27,0.0,24.447039,5.497859,2027
4500,r3i1p1f1,2027,04,28,0.0,18.743603,1.7836813,2027
4501,r3i1p1f1,2027,04,29,0.0,21.188223,2.7260718,2027
4502,r3i1p1f1,2027,04,30,0.0,26.62432,6.4668016,2027
4503,r3i1p1f1,2027,05,01,0.0,28.907457,8.234572,2027
4504,r3i1p1f1,2027,05,02,0.0,28.42353,9.744243,2027
4505,r3i1p1f1,2027,05,03,0.0,27.62436,8.564958,2027
4506,r3i1p1f1,2027,05,04,0.0,23.81893,8.741303,2027
4507,r3i1p1f1,2027,05,05,1.7614424179147605,20.772528,5.10643,2027
4508,r3i1p1f1,2027,05,06,0.33679370376789436,17.857576,4.706565,2027
4509,r3i1p1f1,2027,05,07,0.0,21.688524,2.537257,2027
4510,r3i1p1f1,2027,05,08,0.0,25.214748,5.380072,2027
4511,r3i1p1f1,2027,05,09,0.0,26.481657,7.7370143,2027
4512,r3i1p1f1,2027,05,10,0.0,26.496029,10.315029,2027
4513,r3i1p1f1,2027,05,11,0.0,28.95499,9.764331,2027
4514,r3i1p1f1,2027,05,12,0.0,33.564266,12.401452,2027
4515,r3i1p1f1,2027,05,13,0.0,34.756664,13.831164,2027
4516,r3i1p1f1,2027,05,14,0.0,31.52844,12.740245,2027
4517,r3i1p1f1,2027,05,15,0.0,29.726418,9.881497,2027
4518,r3i1p1f1,2027,05,16,0.0,34.02075,12.904971,2027
4519,r3i1p1f1,2027,05,17,0.0,33.77561,13.7851925,2027
4520,r3i1p1f1,2027,05,18,0.0,30.535921,10.977663,2027
4521,r3i1p1f1,2027,05,19,0.0,23.912668,6.6779327,2027
4522,r3i1p1f1,2027,05,20,0.0,26.589167,8.037433,2027
4523,r3i1p1f1,2027,05,21,0.0,32.98381,12.901791,2027
4524,r3i1p1f1,2027,05,22,0.0,37.0644,16.445433,2027
4525,r3i1p1f1,2027,05,23,0.0,36.994102,16.786566,2027
4526,r3i1p1f1,2027,05,24,0.0,36.247265,16.457874,2027
4527,r3i1p1f1,2027,05,25,0.0,32.489872,13.307902,2027
4528,r3i1p1f1,2027,05,26,0.0,30.0016,10.837125,2027
4529,r3i1p1f1,2027,05,27,0.0,30.609898,11.07602,2027
4530,r3i1p1f1,2027,05,28,0.0,31.517014,12.159555,2027
4531,r3i1p1f1,2027,05,29,0.0,30.34415,10.854011,2027
4532,r3i1p1f1,2027,05,30,0.0,31.015165,12.064115,2027
4533,r3i1p1f1,2027,05,31,0.0,33.773567,15.079772,2027
4534,r3i1p1f1,2027,06,01,0.0,36.323353,14.413086,2027
4535,r3i1p1f1,2027,06,02,0.0,37.009018,15.403143,2027
4536,r3i1p1f1,2027,06,03,0.0,36.498535,15.306599,2027
4537,r3i1p1f1,2027,06,04,0.0,35.142242,13.728897,2027
4538,r3i1p1f1,2027,06,05,0.0,31.164291,11.469672,2027
4539,r3i1p1f1,2027,06,06,0.0,30.549923,11.17823,2027
4540,r3i1p1f1,2027,06,07,0.0,31.136925,12.124272,2027
4541,r3i1p1f1,2027,06,08,0.0,28.446348,10.119641,2027
4542,r3i1p1f1,2027,06,09,0.0,25.23327,7.794846,2027
4543,r3i1p1f1,2027,06,10,0.0,26.988739,8.325502,2027
4544,r3i1p1f1,2027,06,11,0.0,28.77418,10.233665,2027
4545,r3i1p1f1,2027,06,12,0.0,31.02467,11.009957,2027
4546,r3i1p1f1,2027,06,13,0.0,32.245083,12.367349,2027
4547,r3i1p1f1,2027,06,14,0.0,34.71929,14.030232,2027
4548,r3i1p1f1,2027,06,15,0.0,34.736794,15.48813,2027
4549,r3i1p1f1,2027,06,16,0.0,33.346325,15.053385,2027
4550,r3i1p1f1,2027,06,17,0.0,38.248646,16.013447,2027
4551,r3i1p1f1,2027,06,18,0.0,38.23714,17.380531,2027
4552,r3i1p1f1,2027,06,19,0.0,38.47176,17.725985,2027
4553,r3i1p1f1,2027,06,20,0.0,39.474644,18.20331,2027
4554,r3i1p1f1,2027,06,21,0.0,40.25935,18.45973,2027
4555,r3i1p1f1,2027,06,22,0.0,40.134174,18.57404,2027
4556,r3i1p1f1,2027,06,23,0.0,38.95454,17.252066,2027
4557,r3i1p1f1,2027,06,24,0.0,34.85141,14.2106695,2027
4558,r3i1p1f1,2027,06,25,0.0,35.8106,15.336744,2027
4559,r3i1p1f1,2027,06,26,0.0,36.963272,16.677752,2027
4560,r3i1p1f1,2027,06,27,0.0,35.311916,16.25368,2027
4561,r3i1p1f1,2027,06,28,0.0,32.658833,13.247211,2027
4562,r3i1p1f1,2027,06,29,0.0,36.024002,14.724121,2027
4563,r3i1p1f1,2027,06,30,0.0,40.453094,17.255512,2027
4564,r3i1p1f1,2027,07,01,0.0,40.279545,18.281036,2027
4565,r3i1p1f1,2027,07,02,0.0,38.54007,17.473894,2027
4566,r3i1p1f1,2027,07,03,0.0,36.64073,16.888962,2027
4567,r3i1p1f1,2027,07,04,0.0,36.776176,19.963858,2027
4568,r3i1p1f1,2027,07,05,0.0,40.04143,18.754074,2027
4569,r3i1p1f1,2027,07,06,0.0,41.834293,21.741257,2027
4570,r3i1p1f1,2027,07,07,0.0,41.255173,19.647291,2027
4571,r3i1p1f1,2027,07,08,0.0,41.752983,21.234158,2027
4572,r3i1p1f1,2027,07,09,0.028119706385592563,40.713707,18.313341,2027
4573,r3i1p1f1,2027,07,10,0.0,32.463425,15.94571,2027
4574,r3i1p1f1,2027,07,11,0.0,32.98713,15.534659,2027
4575,r3i1p1f1,2027,07,12,0.001386511033739556,36.334763,16.228718,2027
4576,r3i1p1f1,2027,07,13,0.0055503959160749655,36.75928,18.64939,2027
4577,r3i1p1f1,2027,07,14,0.0,35.58839,17.467905,2027
4578,r3i1p1f1,2027,07,15,0.0,34.090572,15.701421,2027
4579,r3i1p1f1,2027,07,16,0.0,33.158985,14.633406,2027
4580,r3i1p1f1,2027,07,17,0.0,33.08041,15.42768,2027
4581,r3i1p1f1,2027,07,18,0.0,34.858635,16.33685,2027
4582,r3i1p1f1,2027,07,19,0.0,34.262527,16.885727,2027
4583,r3i1p1f1,2027,07,20,0.0,33.859962,16.237076,2027
4584,r3i1p1f1,2027,07,21,0.0,36.904522,16.717567,2027
4585,r3i1p1f1,2027,07,22,0.0,36.308094,16.626781,2027
4586,r3i1p1f1,2027,07,23,0.0,35.140648,15.831418,2027
4587,r3i1p1f1,2027,07,24,0.0,33.009552,16.400768,2027
4588,r3i1p1f1,2027,07,25,0.0,32.661106,16.004612,2027
4589,r3i1p1f1,2027,07,26,0.05920713027990132,34.920483,16.946623,2027
4590,r3i1p1f1,2027,07,27,0.0,37.093674,17.945152,2027
4591,r3i1p1f1,2027,07,28,1.3748578542303718,36.34288,17.947987,2027
4592,r3i1p1f1,2027,07,29,0.7911078290392956,37.26539,19.63225,2027
4593,r3i1p1f1,2027,07,30,0.30582427318828803,36.93651,17.741892,2027
4594,r3i1p1f1,2027,07,31,3.3171920742571466,35.53955,18.337513,2027
4595,r3i1p1f1,2027,08,01,2.7306031343918717,35.005028,17.872187,2027
4596,r3i1p1f1,2027,08,02,1.2486881800269298,36.15371,19.00705,2027
4597,r3i1p1f1,2027,08,03,0.3898607299065175,37.142914,18.490482,2027
4598,r3i1p1f1,2027,08,04,0.03865626246393235,36.60294,17.533792,2027
4599,r3i1p1f1,2027,08,05,0.013411556437583358,36.45703,18.578857,2027
4600,r3i1p1f1,2027,08,06,0.05466049156067046,35.25225,15.555189,2027
4601,r3i1p1f1,2027,08,07,0.0,32.010376,13.80208,2027
4602,r3i1p1f1,2027,08,08,0.011657443264442863,31.27042,13.509309,2027
4603,r3i1p1f1,2027,08,09,0.0,32.808453,14.151619,2027
4604,r3i1p1f1,2027,08,10,0.0,35.538612,15.799674,2027
4605,r3i1p1f1,2027,08,11,0.0,38.199123,16.34602,2027
4606,r3i1p1f1,2027,08,12,0.0,38.722412,17.424007,2027
4607,r3i1p1f1,2027,08,13,0.0476352664091709,38.0645,20.287899,2027
4608,r3i1p1f1,2027,08,14,0.01330490862583798,37.098675,17.106503,2027
4609,r3i1p1f1,2027,08,15,1.2798129888798222,36.868153,20.042795,2027
4610,r3i1p1f1,2027,08,16,0.2082051208620242,38.04293,18.18456,2027
4611,r3i1p1f1,2027,08,17,0.0,37.438026,16.89067,2027
4612,r3i1p1f1,2027,08,18,0.0,37.17972,17.167625,2027
4613,r3i1p1f1,2027,08,19,0.0,34.90938,15.327511,2027
4614,r3i1p1f1,2027,08,20,0.0,31.438833,12.23808,2027
4615,r3i1p1f1,2027,08,21,0.0,30.968695,11.622577,2027
4616,r3i1p1f1,2027,08,22,0.0,30.64019,12.247929,2027
4617,r3i1p1f1,2027,08,23,0.0,32.08787,12.874572,2027
4618,r3i1p1f1,2027,08,24,0.0,34.66044,14.690707,2027
4619,r3i1p1f1,2027,08,25,0.0,34.885986,15.151799,2027
4620,r3i1p1f1,2027,08,26,0.0,34.26247,15.157996,2027
4621,r3i1p1f1,2027,08,27,0.0,33.563572,13.891599,2027
4622,r3i1p1f1,2027,08,28,0.0,33.841408,13.631021,2027
4623,r3i1p1f1,2027,08,29,0.0,34.992863,13.787181,2027
4624,r3i1p1f1,2027,08,30,0.0,36.24073,14.33877,2027
4625,r3i1p1f1,2027,08,31,0.0068887744529285665,36.81069,16.373657,2027
4626,r3i1p1f1,2027,09,01,0.0,36.26434,17.594719,2027
4627,r3i1p1f1,2027,09,02,0.0,36.060642,16.529732,2027
4628,r3i1p1f1,2027,09,03,0.0,35.713623,16.000532,2027
4629,r3i1p1f1,2027,09,04,0.0,34.697502,16.536583,2027
4630,r3i1p1f1,2027,09,05,0.0,33.72127,14.460252,2027
4631,r3i1p1f1,2027,09,06,0.0,33.13505,13.152555,2027
4632,r3i1p1f1,2027,09,07,0.00019788128239187327,34.243492,17.173822,2027
4633,r3i1p1f1,2027,09,08,0.0,35.484512,17.183184,2027
4634,r3i1p1f1,2027,09,09,0.0,34.457695,16.780718,2027
4635,r3i1p1f1,2027,09,10,0.0,32.76067,14.951536,2027
4636,r3i1p1f1,2027,09,11,0.0,30.787584,12.275129,2027
4637,r3i1p1f1,2027,09,12,0.0,28.960176,12.885762,2027
4638,r3i1p1f1,2027,09,13,0.0,28.123892,10.329975,2027
4639,r3i1p1f1,2027,09,14,0.0,26.46702,9.790438,2027
4640,r3i1p1f1,2027,09,15,0.0,25.16861,8.338317,2027
4641,r3i1p1f1,2027,09,16,0.0,25.674246,8.270941,2027
4642,r3i1p1f1,2027,09,17,0.0010403541311847441,25.882605,9.293072,2027
4643,r3i1p1f1,2027,09,18,5.215382037429001,27.238815,12.114282,2027
4644,r3i1p1f1,2027,09,19,0.0,26.703253,10.024991,2027
4645,r3i1p1f1,2027,09,20,0.0,28.44723,10.11811,2027
4646,r3i1p1f1,2027,09,21,0.0,28.081217,9.91868,2027
4647,r3i1p1f1,2027,09,22,0.0,27.4648,9.760706,2027
4648,r3i1p1f1,2027,09,23,0.0,27.677357,10.354483,2027
4649,r3i1p1f1,2027,09,24,0.0,31.688187,12.007206,2027
4650,r3i1p1f1,2027,09,25,1.3107893201804748,30.895973,13.258823,2027
4651,r3i1p1f1,2027,09,26,0.12256345387096658,29.543447,12.7258,2027
4652,r3i1p1f1,2027,09,27,0.0,25.929707,9.678048,2027
4653,r3i1p1f1,2027,09,28,0.0,24.45677,6.1377187,2027
4654,r3i1p1f1,2027,09,29,0.000900935252006589,20.018747,3.8006542,2027
4655,r3i1p1f1,2027,09,30,0.0006055210321915872,21.373968,3.8552742,2027
4656,r3i1p1f1,2027,10,01,0.0,23.727684,5.8694453,2027
4657,r3i1p1f1,2027,10,02,0.0006471113584032564,24.495281,6.873868,2027
4658,r3i1p1f1,2027,10,03,0.016007413046970738,25.076828,7.0284476,2027
4659,r3i1p1f1,2027,10,04,0.025085885982579468,25.00902,7.291517,2027
4660,r3i1p1f1,2027,10,05,0.014093963166515372,24.807775,6.984167,2027
4661,r3i1p1f1,2027,10,06,0.0,27.994066,8.793518,2027
4662,r3i1p1f1,2027,10,07,0.0,28.298681,9.496297,2027
4663,r3i1p1f1,2027,10,08,0.0,25.927137,10.638131,2027
4664,r3i1p1f1,2027,10,09,0.0,28.605452,10.166927,2027
4665,r3i1p1f1,2027,10,10,0.012707120604869542,32.37989,11.679376,2027
4666,r3i1p1f1,2027,10,11,0.0,30.24078,10.6014805,2027
4667,r3i1p1f1,2027,10,12,0.0,25.99735,8.576114,2027
4668,r3i1p1f1,2027,10,13,0.0,25.78718,10.394365,2027
4669,r3i1p1f1,2027,10,14,0.0,29.757948,13.27429,2027
4670,r3i1p1f1,2027,10,15,0.0,32.926205,14.07874,2027
4671,r3i1p1f1,2027,10,16,0.0,32.89528,14.85323,2027
4672,r3i1p1f1,2027,10,17,0.0,31.959652,13.527496,2027
4673,r3i1p1f1,2027,10,18,0.0,30.566547,11.93104,2027
4674,r3i1p1f1,2027,10,19,0.003908445536525864,28.412903,11.294571,2027
4675,r3i1p1f1,2027,10,20,0.0,26.868826,9.8337555,2027
4676,r3i1p1f1,2027,10,21,0.030527775690478102,27.264242,10.751389,2027
4677,r3i1p1f1,2027,10,22,0.7466345747591483,25.160852,9.241356,2027
4678,r3i1p1f1,2027,10,23,0.028735393140474724,21.290842,6.3918715,2027
4679,r3i1p1f1,2027,10,24,0.0,22.487848,6.978518,2027
4680,r3i1p1f1,2027,10,25,0.0013479351940931697,22.051157,5.9277673,2027
4681,r3i1p1f1,2027,10,26,0.32909046544139553,20.524542,7.1994104,2027
4682,r3i1p1f1,2027,10,27,0.0,17.841326,3.4646273,2027
4683,r3i1p1f1,2027,10,28,0.0,20.47011,5.3629475,2027
4684,r3i1p1f1,2027,10,29,0.0,25.570753,7.926948,2027
4685,r3i1p1f1,2027,10,30,0.0,27.127474,9.579227,2027
4686,r3i1p1f1,2027,10,31,0.0,30.283173,11.550998,2027
4687,r3i1p1f1,2027,11,01,0.0,28.331713,10.432712,2027
4688,r3i1p1f1,2027,11,02,0.0,27.044363,10.118659,2027
4689,r3i1p1f1,2027,11,03,0.0,25.31857,9.2639265,2027
4690,r3i1p1f1,2027,11,04,0.0,24.1625,8.620783,2027
4691,r3i1p1f1,2027,11,05,0.0,22.271614,5.2146916,2027
4692,r3i1p1f1,2027,11,06,0.0,23.593641,5.871114,2027
4693,r3i1p1f1,2027,11,07,0.0,25.45072,9.4674635,2027
4694,r3i1p1f1,2027,11,08,0.0,24.366959,9.962266,2027
4695,r3i1p1f1,2027,11,09,0.0,20.754168,4.7637215,2027
4696,r3i1p1f1,2027,11,10,0.0,19.97115,1.36012,2027
4697,r3i1p1f1,2027,11,11,0.0,18.837412,4.397096,2027
4698,r3i1p1f1,2027,11,12,0.0,15.52217,0.13654815,2027
4699,r3i1p1f1,2027,11,13,6.136614717192143,13.057972,4.632471,2027
4700,r3i1p1f1,2027,11,14,0.0,10.401151,-2.2555668,2027
4701,r3i1p1f1,2027,11,15,0.0,12.116667,-2.7840514,2027
4702,r3i1p1f1,2027,11,16,0.0,10.587809,-4.1677847,2027
4703,r3i1p1f1,2027,11,17,0.0,12.381046,-3.5259254,2027
4704,r3i1p1f1,2027,11,18,0.0,16.282858,-2.0253327,2027
4705,r3i1p1f1,2027,11,19,0.12788611948604794,15.244596,0.61796516,2027
4706,r3i1p1f1,2027,11,20,0.40426096490753505,10.849594,-0.024806002,2027
4707,r3i1p1f1,2027,11,21,0.0,10.707825,-3.9518487,2027
4708,r3i1p1f1,2027,11,22,0.044495245359333545,11.255712,0.06942472,2027
4709,r3i1p1f1,2027,11,23,0.0,15.297196,-1.9935255,2027
4710,r3i1p1f1,2027,11,24,0.0,16.575394,0.36289528,2027
4711,r3i1p1f1,2027,11,25,0.0013124637630288348,17.096203,0.63955265,2027
4712,r3i1p1f1,2027,11,26,0.03882326139842696,17.181135,0.31353033,2027
4713,r3i1p1f1,2027,11,27,0.0,17.142649,-0.49777034,2027
4714,r3i1p1f1,2027,11,28,0.0,18.140663,2.1831677,2027
4715,r3i1p1f1,2027,11,29,0.0,17.481504,3.0858686,2027
4716,r3i1p1f1,2027,11,30,0.0,16.342571,-3.2940814,2027
4717,r3i1p1f1,2027,12,01,0.0,17.44179,0.6496013,2027
4718,r3i1p1f1,2027,12,02,0.0,18.850485,3.1660905,2027
4719,r3i1p1f1,2027,12,03,0.0,20.691723,5.071943,2027
4720,r3i1p1f1,2027,12,04,0.0,19.06888,1.2373058,2027
4721,r3i1p1f1,2027,12,05,1.1676860166180907,16.099104,2.7416883,2027
4722,r3i1p1f1,2027,12,06,0.06265569908657309,13.647723,2.3925319,2027
4723,r3i1p1f1,2027,12,07,0.9170567755421816,13.457453,2.4022088,2027
4724,r3i1p1f1,2027,12,08,3.6213043538097707,12.263087,4.455776,2027
4725,r3i1p1f1,2027,12,09,4.789741222661123,13.020272,4.732477,2027
4726,r3i1p1f1,2027,12,10,4.976170194709222,11.732851,2.4499133,2027
4727,r3i1p1f1,2027,12,11,0.18586572924422481,11.563514,0.6022358,2027
4728,r3i1p1f1,2027,12,12,0.3253358525608112,13.6504,0.66251355,2027
4729,r3i1p1f1,2027,12,13,0.0033767785961655054,14.699638,2.200389,2027
4730,r3i1p1f1,2027,12,14,0.0014872874740059628,14.700374,1.0066761,2027
4731,r3i1p1f1,2027,12,15,0.0,13.157086,-0.41969714,2027
4732,r3i1p1f1,2027,12,16,0.0,12.193983,-1.3168176,2027
4733,r3i1p1f1,2027,12,17,0.0,10.659248,-3.0133288,2027
4734,r3i1p1f1,2027,12,18,0.0,10.220359,-2.983951,2027
4735,r3i1p1f1,2027,12,19,0.0,10.219038,-3.0709066,2027
4736,r3i1p1f1,2027,12,20,0.0,10.428414,-3.8142874,2027
4737,r3i1p1f1,2027,12,21,0.04352112894924754,8.847433,-2.1493819,2027
4738,r3i1p1f1,2027,12,22,20.439160445076624,9.001802,-2.4709895,2027
4739,r3i1p1f1,2027,12,23,23.651711300568753,10.705013,1.3036041,2027
4740,r3i1p1f1,2027,12,24,33.80844449867502,11.470817,4.711963,2027
4741,r3i1p1f1,2027,12,25,12.772266516497467,10.315824,2.6321964,2027
4742,r3i1p1f1,2027,12,26,9.837722709713544,8.645795,-1.6625785,2027
4743,r3i1p1f1,2027,12,27,1.5564471609898398,6.7151594,-3.3922575,2027
4744,r3i1p1f1,2027,12,28,0.8917993152466476,9.721118,0.8783687,2027
4745,r3i1p1f1,2027,12,29,0.0,11.340108,-3.4184527,2027
4746,r3i1p1f1,2027,12,30,0.0,14.795905,-0.40936264,2027
4747,r3i1p1f1,2027,12,31,0.0,16.525602,1.6754515,2027
4748,r3i1p1f1,2028,01,01,0.05085446781418851,15.756403,2.7315307,2028
4749,r3i1p1f1,2028,01,02,0.0,13.816623,2.8515792,2028
4750,r3i1p1f1,2028,01,03,0.0,9.982161,-3.2519038,2028
4751,r3i1p1f1,2028,01,04,0.057508859864548977,11.184816,0.8060776,2028
4752,r3i1p1f1,2028,01,05,11.610011698212475,12.0623,5.723085,2028
4753,r3i1p1f1,2028,01,06,10.852209324142347,16.910992,7.693089,2028
4754,r3i1p1f1,2028,01,07,0.011885448572381089,15.153938,5.7740335,2028
4755,r3i1p1f1,2028,01,08,0.0,15.342684,1.401488,2028
4756,r3i1p1f1,2028,01,09,0.0,17.269892,3.504734,2028
4757,r3i1p1f1,2028,01,10,0.0,19.177563,5.6304812,2028
4758,r3i1p1f1,2028,01,11,0.0,18.050865,4.522175,2028
4759,r3i1p1f1,2028,01,12,10.926269527907001,16.896355,7.6683536,2028
4760,r3i1p1f1,2028,01,13,13.352422360815885,15.610119,8.530413,2028
4761,r3i1p1f1,2028,01,14,3.319814774871647,14.391541,3.2092686,2028
4762,r3i1p1f1,2028,01,15,11.497509558389124,13.094136,5.024236,2028
4763,r3i1p1f1,2028,01,16,13.869346532969343,11.699306,5.4803653,2028
4764,r3i1p1f1,2028,01,17,3.0065465727338134,9.989943,0.49761316,2028
4765,r3i1p1f1,2028,01,18,0.0,9.644199,-2.1439605,2028
4766,r3i1p1f1,2028,01,19,0.10244656833575308,10.461511,-1.4553732,2028
4767,r3i1p1f1,2028,01,20,5.966148574861466,8.589333,-0.21372136,2028
4768,r3i1p1f1,2028,01,21,0.0008129873877447662,7.9121623,-5.173433,2028
4769,r3i1p1f1,2028,01,22,0.0,8.617387,-0.45994207,2028
4770,r3i1p1f1,2028,01,23,0.0,12.83862,-1.3920934,2028
4771,r3i1p1f1,2028,01,24,0.0,13.485991,0.056435283,2028
4772,r3i1p1f1,2028,01,25,0.0,11.853256,0.6454026,2028
4773,r3i1p1f1,2028,01,26,0.0,6.311148,-6.2815833,2028
4774,r3i1p1f1,2028,01,27,0.0,9.434339,-4.533299,2028
4775,r3i1p1f1,2028,01,28,0.0,12.490429,-1.8356267,2028
4776,r3i1p1f1,2028,01,29,0.0,12.535275,-1.5077153,2028
4777,r3i1p1f1,2028,01,30,0.0,13.47523,-1.0912405,2028
4778,r3i1p1f1,2028,01,31,0.0,12.865499,0.62686783,2028
4779,r3i1p1f1,2028,02,01,0.0012280839798746235,11.353462,2.1628172,2028
4780,r3i1p1f1,2028,02,02,0.06689304099299162,13.307734,0.77361363,2028
4781,r3i1p1f1,2028,02,03,0.021906762743707408,14.215974,0.93502843,2028
4782,r3i1p1f1,2028,02,04,0.016178950719415407,14.543946,0.2847122,2028
4783,r3i1p1f1,2028,02,05,0.0,13.777938,1.3951916,2028
4784,r3i1p1f1,2028,02,06,0.0,14.615889,1.8482904,2028
4785,r3i1p1f1,2028,02,07,0.0,15.847463,-0.0087517975,2028
4786,r3i1p1f1,2028,02,08,0.0,19.726593,2.681272,2028
4787,r3i1p1f1,2028,02,09,0.0,20.522738,3.9838712,2028
4788,r3i1p1f1,2028,02,10,0.0,19.080864,3.6408477,2028
4789,r3i1p1f1,2028,02,11,0.0,18.051863,2.6829665,2028
4790,r3i1p1f1,2028,02,12,5.257075359263443,14.491121,3.834979,2028
4791,r3i1p1f1,2028,02,13,0.34056780987873825,8.922367,-1.9353653,2028
4792,r3i1p1f1,2028,02,14,0.290373925620522,8.945603,-2.0969086,2028
4793,r3i1p1f1,2028,02,15,0.00272554366485124,13.550958,-2.479887,2028
4794,r3i1p1f1,2028,02,16,2.2555250485686082,11.764674,0.984328,2028
4795,r3i1p1f1,2028,02,17,3.455857119371296,9.444751,-0.51987106,2028
4796,r3i1p1f1,2028,02,18,0.053439333639813194,11.069781,-1.3907363,2028
4797,r3i1p1f1,2028,02,19,0.677289085529496,10.415193,-1.4864784,2028
4798,r3i1p1f1,2028,02,20,2.422603540590816,8.553232,-1.9839613,2028
4799,r3i1p1f1,2028,02,21,0.0006816373206675053,10.368457,-2.801402,2028
4800,r3i1p1f1,2028,02,22,0.0,13.047705,-1.70636,2028
4801,r3i1p1f1,2028,02,23,0.0,15.439569,0.34932733,2028
4802,r3i1p1f1,2028,02,24,0.0,16.507421,2.007574,2028
4803,r3i1p1f1,2028,02,25,0.0,17.189156,2.8510284,2028
4804,r3i1p1f1,2028,02,26,0.0,16.530745,2.4772985,2028
4805,r3i1p1f1,2028,02,27,0.0,15.810343,1.9314979,2028
4806,r3i1p1f1,2028,02,28,0.0,16.03286,1.8373902,2028
4807,r3i1p1f1,2028,02,29,0.0545574717817186,16.719582,2.9479434,2028
4808,r3i1p1f1,2028,03,01,0.7756386754254256,14.99811,-0.079816006,2028
4809,r3i1p1f1,2028,03,02,4.191161372463367,8.426238,-1.5694971,2028
4810,r3i1p1f1,2028,03,03,0.05423929470866411,13.023638,-0.41146588,2028
4811,r3i1p1f1,2028,03,04,0.0016792719058382015,16.161768,-0.75247246,2028
4812,r3i1p1f1,2028,03,05,0.015704356112771413,15.372152,-1.974135,2028
4813,r3i1p1f1,2028,03,06,0.02075440502570321,15.158851,0.23221423,2028
4814,r3i1p1f1,2028,03,07,0.14955466826601574,14.423843,2.996023,2028
4815,r3i1p1f1,2028,03,08,0.5375921111783211,12.663593,-1.9833763,2028
4816,r3i1p1f1,2028,03,09,0.5929310478159371,10.14608,-0.10026546,2028
4817,r3i1p1f1,2028,03,10,0.0,12.089603,-5.687061,2028
4818,r3i1p1f1,2028,03,11,9.50561021365116,9.543501,-0.38436595,2028
4819,r3i1p1f1,2028,03,12,0.6501011034572113,15.284108,1.123534,2028
4820,r3i1p1f1,2028,03,13,3.7871799320308845,14.487587,2.1731594,2028
4821,r3i1p1f1,2028,03,14,0.7402169462147867,11.918996,2.3753996,2028
4822,r3i1p1f1,2028,03,15,0.0,16.685501,0.54111314,2028
4823,r3i1p1f1,2028,03,16,0.0023799185697553735,19.644423,2.8057063,2028
4824,r3i1p1f1,2028,03,17,0.34960819694705686,18.274776,3.2065876,2028
4825,r3i1p1f1,2028,03,18,3.37930085650221,14.284263,3.445025,2028
4826,r3i1p1f1,2028,03,19,0.0,17.50704,0.5480803,2028
4827,r3i1p1f1,2028,03,20,2.4764291633227637,16.064611,1.4428843,2028
4828,r3i1p1f1,2028,03,21,2.28763462317551,11.378112,2.521141,2028
4829,r3i1p1f1,2028,03,22,0.2855283424908824,14.456018,2.5763152,2028
4830,r3i1p1f1,2028,03,23,0.0,16.954935,-0.164915,2028
4831,r3i1p1f1,2028,03,24,3.6468386649379902,16.290745,3.0324316,2028
4832,r3i1p1f1,2028,03,25,8.241054880811038,15.42527,6.406182,2028
4833,r3i1p1f1,2028,03,26,2.459936096702498,14.253727,1.0063227,2028
4834,r3i1p1f1,2028,03,27,0.38705392130754207,11.033513,0.29448763,2028
4835,r3i1p1f1,2028,03,28,0.41596003460006503,13.533562,-1.3189117,2028
4836,r3i1p1f1,2028,03,29,0.31614583932395995,14.07387,1.8360375,2028
4837,r3i1p1f1,2028,03,30,4.5820814516837105,11.693821,1.4286233,2028
4838,r3i1p1f1,2028,03,31,1.8788415430318501,12.616648,1.8783896,2028
4839,r3i1p1f1,2028,04,01,1.7497750347650831,11.98401,-0.93977404,2028
4840,r3i1p1f1,2028,04,02,6.407154980203786,11.099955,0.2531441,2028
4841,r3i1p1f1,2028,04,03,0.0,14.317809,-1.1814164,2028
4842,r3i1p1f1,2028,04,04,5.253064758012583,13.345244,2.0842104,2028
4843,r3i1p1f1,2028,04,05,1.1355363207186393,14.129973,0.19203198,2028
4844,r3i1p1f1,2028,04,06,0.5444043584407844,15.691652,0.68976814,2028
4845,r3i1p1f1,2028,04,07,0.004633640884562876,17.400105,2.0512938,2028
4846,r3i1p1f1,2028,04,08,0.20744261695654131,16.968718,4.400904,2028
4847,r3i1p1f1,2028,04,09,0.11363616730897885,16.1186,3.2816665,2028
4848,r3i1p1f1,2028,04,10,2.824452802150876,14.082953,1.4333838,2028
4849,r3i1p1f1,2028,04,11,0.3106386645807409,12.7228,-0.24196632,2028
4850,r3i1p1f1,2028,04,12,0.017311745589750266,15.616742,1.8954184,2028
4851,r3i1p1f1,2028,04,13,0.0,20.036201,2.5568469,2028
4852,r3i1p1f1,2028,04,14,0.0,21.603907,5.200795,2028
4853,r3i1p1f1,2028,04,15,0.037404034484290714,20.631582,6.0883746,2028
4854,r3i1p1f1,2028,04,16,0.0,22.205503,4.7603407,2028
4855,r3i1p1f1,2028,04,17,0.0,25.303062,7.4999104,2028
4856,r3i1p1f1,2028,04,18,1.3226839264897343,24.525305,8.417738,2028
4857,r3i1p1f1,2028,04,19,0.5082112814962977,14.047084,2.8322017,2028
4858,r3i1p1f1,2028,04,20,2.7022906579077244e-05,18.064608,1.3864964,2028
4859,r3i1p1f1,2028,04,21,0.0,21.36305,4.9914756,2028
4860,r3i1p1f1,2028,04,22,0.11830382948656651,20.551582,6.0887547,2028
4861,r3i1p1f1,2028,04,23,0.021649087072243372,20.186377,4.058113,2028
4862,r3i1p1f1,2028,04,24,0.0,24.854725,6.0113544,2028
4863,r3i1p1f1,2028,04,25,0.0,27.68441,8.816133,2028
4864,r3i1p1f1,2028,04,26,0.0,26.367989,8.969428,2028
4865,r3i1p1f1,2028,04,27,0.0,23.058344,5.170627,2028
4866,r3i1p1f1,2028,04,28,0.0,22.437794,4.1716743,2028
4867,r3i1p1f1,2028,04,29,0.0,22.254412,5.000029,2028
4868,r3i1p1f1,2028,04,30,0.0,22.189825,4.643187,2028
4869,r3i1p1f1,2028,05,01,0.0,21.04079,3.855211,2028
4870,r3i1p1f1,2028,05,02,0.0,22.330389,4.065562,2028
4871,r3i1p1f1,2028,05,03,0.0009069200975566425,24.261578,5.468455,2028
4872,r3i1p1f1,2028,05,04,0.057014099901690235,22.10917,9.189562,2028
4873,r3i1p1f1,2028,05,05,0.0875209024679586,21.578857,6.660658,2028
4874,r3i1p1f1,2028,05,06,0.0,25.011808,6.6225357,2028
4875,r3i1p1f1,2028,05,07,0.0,29.214895,9.767684,2028
4876,r3i1p1f1,2028,05,08,0.0,30.730219,11.540104,2028
4877,r3i1p1f1,2028,05,09,0.0,32.517483,13.234517,2028
4878,r3i1p1f1,2028,05,10,0.0,33.54112,12.959205,2028
4879,r3i1p1f1,2028,05,11,0.024749110558662902,27.850477,9.750431,2028
4880,r3i1p1f1,2028,05,12,0.0,22.854052,4.2217226,2028
4881,r3i1p1f1,2028,05,13,0.0,24.243917,5.852144,2028
4882,r3i1p1f1,2028,05,14,0.0,22.59227,6.025105,2028
4883,r3i1p1f1,2028,05,15,0.16523938622584577,19.683174,7.193379,2028
4884,r3i1p1f1,2028,05,16,0.0,23.602655,5.137615,2028
4885,r3i1p1f1,2028,05,17,0.0,22.643764,5.149626,2028
4886,r3i1p1f1,2028,05,18,0.0,17.468666,1.1972002,2028
4887,r3i1p1f1,2028,05,19,0.0,19.8421,2.175013,2028
4888,r3i1p1f1,2028,05,20,0.0,20.654388,3.4636877,2028
4889,r3i1p1f1,2028,05,21,0.0,21.452415,3.362014,2028
4890,r3i1p1f1,2028,05,22,0.0,22.66135,4.7828135,2028
4891,r3i1p1f1,2028,05,23,0.0,26.424202,7.3748727,2028
4892,r3i1p1f1,2028,05,24,0.0,25.911375,7.4574847,2028
4893,r3i1p1f1,2028,05,25,0.0,20.030468,3.4837825,2028
4894,r3i1p1f1,2028,05,26,0.0,18.156559,0.38999927,2028
4895,r3i1p1f1,2028,05,27,0.0,20.774265,3.2514727,2028
4896,r3i1p1f1,2028,05,28,0.0,20.134274,5.4568343,2028
4897,r3i1p1f1,2028,05,29,0.00654306116109982,22.319532,8.0006695,2028
4898,r3i1p1f1,2028,05,30,0.0,29.40631,10.288262,2028
4899,r3i1p1f1,2028,05,31,0.0,32.978012,14.966379,2028
4900,r3i1p1f1,2028,06,01,0.0,34.428936,13.800183,2028
4901,r3i1p1f1,2028,06,02,0.0,35.21043,14.511981,2028
4902,r3i1p1f1,2028,06,03,0.0,34.035557,13.607155,2028
4903,r3i1p1f1,2028,06,04,0.0,32.381653,12.526143,2028
4904,r3i1p1f1,2028,06,05,0.0,30.563286,11.594093,2028
4905,r3i1p1f1,2028,06,06,0.0,30.329567,12.894493,2028
4906,r3i1p1f1,2028,06,07,0.0,28.75862,11.604844,2028
4907,r3i1p1f1,2028,06,08,0.0,30.408438,11.357489,2028
4908,r3i1p1f1,2028,06,09,0.0,33.925987,13.580065,2028
4909,r3i1p1f1,2028,06,10,0.0,35.28942,15.205335,2028
4910,r3i1p1f1,2028,06,11,0.0,36.425243,15.81093,2028
4911,r3i1p1f1,2028,06,12,0.0,37.722275,16.619661,2028
4912,r3i1p1f1,2028,06,13,0.0,36.08788,15.443322,2028
4913,r3i1p1f1,2028,06,14,0.0,31.631605,12.889824,2028
4914,r3i1p1f1,2028,06,15,0.0,30.691233,13.634025,2028
4915,r3i1p1f1,2028,06,16,0.0,28.322472,10.91918,2028
4916,r3i1p1f1,2028,06,17,0.0,28.654413,10.089173,2028
4917,r3i1p1f1,2028,06,18,0.0,33.199055,12.653889,2028
4918,r3i1p1f1,2028,06,19,0.0,37.571064,16.183855,2028
4919,r3i1p1f1,2028,06,20,0.0,37.09811,16.207817,2028
4920,r3i1p1f1,2028,06,21,0.0,35.51991,15.130061,2028
4921,r3i1p1f1,2028,06,22,0.0,30.328953,12.172004,2028
4922,r3i1p1f1,2028,06,23,0.0,27.81181,9.6069355,2028
4923,r3i1p1f1,2028,06,24,0.0,27.341703,9.873625,2028
4924,r3i1p1f1,2028,06,25,0.0,29.002949,11.177813,2028
4925,r3i1p1f1,2028,06,26,0.0,29.928585,11.618167,2028
4926,r3i1p1f1,2028,06,27,0.30871347077085043,30.208666,12.027207,2028
4927,r3i1p1f1,2028,06,28,0.26105943471052206,30.676783,12.602485,2028
4928,r3i1p1f1,2028,06,29,0.05179135516906778,34.0384,14.490482,2028
4929,r3i1p1f1,2028,06,30,0.0,35.803295,15.5459385,2028
4930,r3i1p1f1,2028,07,01,0.0,35.848232,14.959559,2028
4931,r3i1p1f1,2028,07,02,0.0,36.405106,15.659963,2028
4932,r3i1p1f1,2028,07,03,0.0,36.319424,16.318384,2028
4933,r3i1p1f1,2028,07,04,0.0,36.832947,16.353476,2028
4934,r3i1p1f1,2028,07,05,0.0,38.50133,18.347143,2028
4935,r3i1p1f1,2028,07,06,0.0,39.097713,19.530888,2028
4936,r3i1p1f1,2028,07,07,0.0,41.914772,20.379416,2028
4937,r3i1p1f1,2028,07,08,0.0,42.500862,20.51953,2028
4938,r3i1p1f1,2028,07,09,0.0,42.267475,20.765327,2028
4939,r3i1p1f1,2028,07,10,0.0,39.98355,19.100813,2028
4940,r3i1p1f1,2028,07,11,0.0,38.28504,17.917849,2028
4941,r3i1p1f1,2028,07,12,0.0,34.25314,16.285154,2028
4942,r3i1p1f1,2028,07,13,0.0,31.886837,14.088532,2028
4943,r3i1p1f1,2028,07,14,0.0,31.66828,13.743533,2028
4944,r3i1p1f1,2028,07,15,0.0,31.932156,14.054392,2028
4945,r3i1p1f1,2028,07,16,0.0,31.431671,13.497405,2028
4946,r3i1p1f1,2028,07,17,0.0,31.33514,13.701457,2028
4947,r3i1p1f1,2028,07,18,0.0,33.161224,15.00125,2028
4948,r3i1p1f1,2028,07,19,0.0,35.394753,15.608541,2028
4949,r3i1p1f1,2028,07,20,0.0,35.32621,16.33728,2028
4950,r3i1p1f1,2028,07,21,0.0,33.76925,16.682951,2028
4951,r3i1p1f1,2028,07,22,0.0,35.787548,16.829784,2028
4952,r3i1p1f1,2028,07,23,0.0,37.84054,18.906078,2028
4953,r3i1p1f1,2028,07,24,0.0,36.65505,17.975176,2028
4954,r3i1p1f1,2028,07,25,0.0,35.225048,16.981083,2028
4955,r3i1p1f1,2028,07,26,0.0,38.09626,17.609121,2028
4956,r3i1p1f1,2028,07,27,0.009855406753944628,38.317905,18.64923,2028
4957,r3i1p1f1,2028,07,28,0.0,35.61767,17.299648,2028
4958,r3i1p1f1,2028,07,29,0.0,31.610245,14.230436,2028
4959,r3i1p1f1,2028,07,30,0.0,28.456257,11.719764,2028
4960,r3i1p1f1,2028,07,31,0.0,29.140331,12.497575,2028
4961,r3i1p1f1,2028,08,01,0.0,30.792234,13.373242,2028
4962,r3i1p1f1,2028,08,02,0.0,33.683002,15.044746,2028
4963,r3i1p1f1,2028,08,03,0.0,35.037624,15.751605,2028
4964,r3i1p1f1,2028,08,04,0.0,35.39733,15.896614,2028
4965,r3i1p1f1,2028,08,05,0.0,35.23921,15.756243,2028
4966,r3i1p1f1,2028,08,06,0.0,35.191746,15.4143095,2028
4967,r3i1p1f1,2028,08,07,0.0,35.274727,15.935575,2028
4968,r3i1p1f1,2028,08,08,0.0,32.692207,14.482166,2028
4969,r3i1p1f1,2028,08,09,0.0,29.199938,12.341337,2028
4970,r3i1p1f1,2028,08,10,0.0,31.463152,12.356261,2028
4971,r3i1p1f1,2028,08,11,0.0,34.4627,15.049637,2028
4972,r3i1p1f1,2028,08,12,0.0,33.714005,16.533627,2028
4973,r3i1p1f1,2028,08,13,0.0,30.54355,12.579858,2028
4974,r3i1p1f1,2028,08,14,0.0,27.516901,11.407285,2028
4975,r3i1p1f1,2028,08,15,0.0,33.752457,13.633822,2028
4976,r3i1p1f1,2028,08,16,0.0,37.68208,16.372892,2028
4977,r3i1p1f1,2028,08,17,0.0,40.075,19.192892,2028
4978,r3i1p1f1,2028,08,18,0.0,40.434418,19.264091,2028
4979,r3i1p1f1,2028,08,19,0.0,36.026134,17.405296,2028
4980,r3i1p1f1,2028,08,20,0.003308852231412223,29.162685,14.407841,2028
4981,r3i1p1f1,2028,08,21,0.0,29.919048,12.657706,2028
4982,r3i1p1f1,2028,08,22,0.0,29.885546,12.340016,2028
4983,r3i1p1f1,2028,08,23,0.09118568755432287,30.085325,13.11892,2028
4984,r3i1p1f1,2028,08,24,0.12133488649851643,30.100348,13.576049,2028
4985,r3i1p1f1,2028,08,25,0.0,29.546211,11.481787,2028
4986,r3i1p1f1,2028,08,26,0.0,27.824165,9.843006,2028
4987,r3i1p1f1,2028,08,27,0.0,28.554693,10.602965,2028
4988,r3i1p1f1,2028,08,28,0.0,32.213234,13.340003,2028
4989,r3i1p1f1,2028,08,29,0.0,33.77356,14.484781,2028
4990,r3i1p1f1,2028,08,30,0.0,33.671013,14.036971,2028
4991,r3i1p1f1,2028,08,31,0.0,32.557625,12.605923,2028
4992,r3i1p1f1,2028,09,01,0.0,30.712023,12.674047,2028
4993,r3i1p1f1,2028,09,02,0.0,28.986595,10.959618,2028
4994,r3i1p1f1,2028,09,03,0.0,28.585985,10.67597,2028
4995,r3i1p1f1,2028,09,04,0.0,30.297022,11.974577,2028
4996,r3i1p1f1,2028,09,05,0.0,32.254707,13.396734,2028
4997,r3i1p1f1,2028,09,06,0.0,32.7251,12.849625,2028
4998,r3i1p1f1,2028,09,07,0.0,33.80568,13.987546,2028
4999,r3i1p1f1,2028,09,08,0.0,34.902824,15.498597,2028
5000,r3i1p1f1,2028,09,09,0.0,34.6132,16.374596,2028
5001,r3i1p1f1,2028,09,10,0.0,34.206165,16.550987,2028
5002,r3i1p1f1,2028,09,11,0.0006535925874204347,35.464466,17.69829,2028
5003,r3i1p1f1,2028,09,12,0.02156846530851908,36.278633,17.633142,2028
5004,r3i1p1f1,2028,09,13,0.15800272913607347,36.686985,18.219563,2028
5005,r3i1p1f1,2028,09,14,0.38675788645791315,37.08535,19.805328,2028
5006,r3i1p1f1,2028,09,15,0.008354885951231347,37.294415,18.013891,2028
5007,r3i1p1f1,2028,09,16,0.0,35.134422,17.388422,2028
5008,r3i1p1f1,2028,09,17,0.0,34.33124,15.486637,2028
5009,r3i1p1f1,2028,09,18,0.0,33.927868,16.390856,2028
5010,r3i1p1f1,2028,09,19,0.0,35.937122,17.384346,2028
5011,r3i1p1f1,2028,09,20,0.0,36.358536,16.145906,2028
5012,r3i1p1f1,2028,09,21,0.0,35.82225,14.980903,2028
5013,r3i1p1f1,2028,09,22,0.0,32.303516,14.037414,2028
5014,r3i1p1f1,2028,09,23,0.005487915169038443,26.594204,10.198796,2028
5015,r3i1p1f1,2028,09,24,0.0,23.462236,7.881371,2028
5016,r3i1p1f1,2028,09,25,0.0,26.684322,9.540211,2028
5017,r3i1p1f1,2028,09,26,0.055780709671759694,25.971012,9.786508,2028
5018,r3i1p1f1,2028,09,27,0.0278512066738172,24.063763,8.271435,2028
5019,r3i1p1f1,2028,09,28,0.0,29.362858,10.960761,2028
5020,r3i1p1f1,2028,09,29,0.0,35.16753,14.484382,2028
5021,r3i1p1f1,2028,09,30,0.0,35.96623,16.971584,2028
5022,r3i1p1f1,2028,10,01,0.0,36.900948,16.395845,2028
5023,r3i1p1f1,2028,10,02,0.0,35.46377,15.280664,2028
5024,r3i1p1f1,2028,10,03,0.0,33.25394,13.289175,2028
5025,r3i1p1f1,2028,10,04,0.0,29.051641,10.667771,2028
5026,r3i1p1f1,2028,10,05,0.0,30.918488,11.2504,2028
5027,r3i1p1f1,2028,10,06,0.0,29.987795,10.717391,2028
5028,r3i1p1f1,2028,10,07,0.0,30.858124,11.668289,2028
5029,r3i1p1f1,2028,10,08,0.0,33.996223,13.968639,2028
5030,r3i1p1f1,2028,10,09,0.0,33.826675,15.451031,2028
5031,r3i1p1f1,2028,10,10,0.2548969631948928,30.850637,14.289848,2028
5032,r3i1p1f1,2028,10,11,0.01838610582512267,29.102715,12.200585,2028
5033,r3i1p1f1,2028,10,12,0.5889258659502075,25.133453,7.7413845,2028
5034,r3i1p1f1,2028,10,13,0.4950232947753234,18.118896,3.1427789,2028
5035,r3i1p1f1,2028,10,14,0.0024346749044277453,20.173435,3.68599,2028
5036,r3i1p1f1,2028,10,15,0.0,22.450348,4.024215,2028
5037,r3i1p1f1,2028,10,16,0.0,21.358421,4.5927114,2028
5038,r3i1p1f1,2028,10,17,0.0902914593461901,21.703289,6.9632463,2028
5039,r3i1p1f1,2028,10,18,3.0612801004144785,20.16292,6.2508783,2028
5040,r3i1p1f1,2028,10,19,0.11349208215092817,18.775667,3.4783726,2028
5041,r3i1p1f1,2028,10,20,0.0,21.969831,5.078282,2028
5042,r3i1p1f1,2028,10,21,0.005077329238481594,24.625807,6.916126,2028
5043,r3i1p1f1,2028,10,22,0.0,26.430513,7.857669,2028
5044,r3i1p1f1,2028,10,23,0.01259846192789899,26.193098,8.992753,2028
5045,r3i1p1f1,2028,10,24,0.004913971479805751,24.310337,7.6939006,2028
5046,r3i1p1f1,2028,10,25,0.24371652333357044,20.32299,6.134429,2028
5047,r3i1p1f1,2028,10,26,0.0,17.890972,2.0822778,2028
5048,r3i1p1f1,2028,10,27,0.006354502349329943,17.607485,1.9760239,2028
5049,r3i1p1f1,2028,10,28,0.012301608539101753,16.974592,3.3054821,2028
5050,r3i1p1f1,2028,10,29,0.0,18.433725,1.4679117,2028
5051,r3i1p1f1,2028,10,30,0.0,19.691856,2.7741878,2028
5052,r3i1p1f1,2028,10,31,0.0,22.620476,3.9293275,2028
5053,r3i1p1f1,2028,11,01,0.0,25.129152,5.0351324,2028
5054,r3i1p1f1,2028,11,02,0.0,27.755842,7.2183,2028
5055,r3i1p1f1,2028,11,03,0.0,28.422268,8.827813,2028
5056,r3i1p1f1,2028,11,04,0.0,26.468739,7.0329514,2028
5057,r3i1p1f1,2028,11,05,0.0,24.74026,8.917742,2028
5058,r3i1p1f1,2028,11,06,0.0,22.417225,4.742448,2028
5059,r3i1p1f1,2028,11,07,0.08205179283818738,20.307486,5.674172,2028
5060,r3i1p1f1,2028,11,08,0.21230572358586924,19.570238,5.3405924,2028
5061,r3i1p1f1,2028,11,09,0.0003559572029520165,21.47703,4.986315,2028
5062,r3i1p1f1,2028,11,10,0.015476306679457512,20.846043,5.7123103,2028
5063,r3i1p1f1,2028,11,11,0.009454331551696117,20.054392,4.267357,2028
5064,r3i1p1f1,2028,11,12,0.0,19.47921,4.145096,2028
5065,r3i1p1f1,2028,11,13,0.0,20.712465,2.9339774,2028
5066,r3i1p1f1,2028,11,14,0.0,22.364761,4.4809766,2028
5067,r3i1p1f1,2028,11,15,0.0,21.423414,6.600208,2028
5068,r3i1p1f1,2028,11,16,0.04078595004543648,20.207228,6.7542205,2028
5069,r3i1p1f1,2028,11,17,0.011411988296348489,19.414078,1.8769825,2028
5070,r3i1p1f1,2028,11,18,0.05708822213240306,17.433668,1.9871072,2028
5071,r3i1p1f1,2028,11,19,0.0,13.143911,-0.035096243,2028
5072,r3i1p1f1,2028,11,20,0.19938141859297917,12.404674,1.5298007,2028
5073,r3i1p1f1,2028,11,21,0.0044958050883988935,17.290787,-1.9324973,2028
5074,r3i1p1f1,2028,11,22,0.0,18.28755,0.18949844,2028
5075,r3i1p1f1,2028,11,23,0.0,18.33989,-0.0015902296,2028
5076,r3i1p1f1,2028,11,24,0.0,18.295538,0.23721166,2028
5077,r3i1p1f1,2028,11,25,0.0,18.510668,1.8738003,2028
5078,r3i1p1f1,2028,11,26,0.0,20.147587,2.0542102,2028
5079,r3i1p1f1,2028,11,27,0.0,22.634623,3.7111857,2028
5080,r3i1p1f1,2028,11,28,0.0,24.57774,5.254823,2028
5081,r3i1p1f1,2028,11,29,0.0,24.166048,5.692633,2028
5082,r3i1p1f1,2028,11,30,0.0,23.832912,4.4442725,2028
5083,r3i1p1f1,2028,12,01,0.0,22.83952,7.5917788,2028
5084,r3i1p1f1,2028,12,02,0.0,21.764032,6.5499105,2028
5085,r3i1p1f1,2028,12,03,0.0,22.05768,5.948712,2028
5086,r3i1p1f1,2028,12,04,0.0,21.328033,5.266915,2028
5087,r3i1p1f1,2028,12,05,0.0,23.863853,6.589958,2028
5088,r3i1p1f1,2028,12,06,0.0,22.663872,6.1485014,2028
5089,r3i1p1f1,2028,12,07,0.0,22.784315,6.135804,2028
5090,r3i1p1f1,2028,12,08,0.0,22.64649,5.3441143,2028
5091,r3i1p1f1,2028,12,09,0.0,22.704233,5.706249,2028
5092,r3i1p1f1,2028,12,10,0.0,23.088694,5.91529,2028
5093,r3i1p1f1,2028,12,11,0.0,20.206612,4.353005,2028
5094,r3i1p1f1,2028,12,12,0.0002739062730335828,18.224394,4.2600484,2028
5095,r3i1p1f1,2028,12,13,0.014460910513827746,18.023476,0.9837583,2028
5096,r3i1p1f1,2028,12,14,0.0,14.992328,-2.0637352,2028
5097,r3i1p1f1,2028,12,15,0.023988789991673195,12.1908455,-3.1318843,2028
5098,r3i1p1f1,2028,12,16,0.023662163946551806,16.847252,2.1557963,2028
5099,r3i1p1f1,2028,12,17,0.0,19.113613,2.4774125,2028
5100,r3i1p1f1,2028,12,18,0.0,20.014048,3.7578082,2028
5101,r3i1p1f1,2028,12,19,0.0,22.482435,5.189887,2028
5102,r3i1p1f1,2028,12,20,0.0,22.651035,5.8233943,2028
5103,r3i1p1f1,2028,12,21,0.0,21.322853,4.211228,2028
5104,r3i1p1f1,2028,12,22,0.0,20.301777,6.667084,2028
5105,r3i1p1f1,2028,12,23,0.0,21.674175,5.962607,2028
5106,r3i1p1f1,2028,12,24,0.0,22.180033,4.73597,2028
5107,r3i1p1f1,2028,12,25,0.0,21.904673,5.869469,2028
5108,r3i1p1f1,2028,12,26,0.617791385986052,18.545715,5.379792,2028
5109,r3i1p1f1,2028,12,27,0.09205340751302146,14.916414,0.73948866,2028
5110,r3i1p1f1,2028,12,28,2.8583524316601334,12.978409,-0.023157436,2028
5111,r3i1p1f1,2028,12,29,2.1477986666881903,8.522431,-1.2555767,2028
5112,r3i1p1f1,2028,12,30,0.0,9.348838,-5.5113964,2028
5113,r3i1p1f1,2028,12,31,0.004979941242543811,13.674859,-1.6812946,2028
5114,r3i1p1f1,2029,01,01,10.973082380872007,12.142948,4.4469786,2029
5115,r3i1p1f1,2029,01,02,1.0939742712594813,6.307856,-5.932232,2029
5116,r3i1p1f1,2029,01,03,0.3470669849048136,4.9387665,-7.1874323,2029
5117,r3i1p1f1,2029,01,04,0.0,6.7592387,-7.5520954,2029
5118,r3i1p1f1,2029,01,05,0.0010425465844684477,9.443709,-5.2284536,2029
5119,r3i1p1f1,2029,01,06,0.0,12.416156,-1.3803958,2029
5120,r3i1p1f1,2029,01,07,0.0,13.641001,-1.1855667,2029
5121,r3i1p1f1,2029,01,08,0.35707341780917806,12.3855915,0.31607535,2029
5122,r3i1p1f1,2029,01,09,0.002984476459184379,7.4898667,-6.1142693,2029
5123,r3i1p1f1,2029,01,10,0.0,6.7823863,-7.3057184,2029
5124,r3i1p1f1,2029,01,11,0.0,8.06347,-6.640796,2029
5125,r3i1p1f1,2029,01,12,0.0,11.850907,-3.6232784,2029
5126,r3i1p1f1,2029,01,13,0.0,15.381378,-1.0167459,2029
5127,r3i1p1f1,2029,01,14,0.0,15.493881,-0.8823858,2029
5128,r3i1p1f1,2029,01,15,0.0,16.74699,0.23409304,2029
5129,r3i1p1f1,2029,01,16,0.0,19.074095,1.3090609,2029
5130,r3i1p1f1,2029,01,17,0.02458217232549831,17.626715,0.8769631,2029
5131,r3i1p1f1,2029,01,18,5.689259957282261,15.254566,2.404696,2029
5132,r3i1p1f1,2029,01,19,1.5381198335484387,8.1437025,-1.157084,2029
5133,r3i1p1f1,2029,01,20,0.43994925320338085,6.8600125,-2.919037,2029
5134,r3i1p1f1,2029,01,21,0.11455072819389346,8.0845375,-6.287594,2029
5135,r3i1p1f1,2029,01,22,0.0,9.256892,-5.786603,2029
5136,r3i1p1f1,2029,01,23,0.0,12.790142,-2.3741207,2029
5137,r3i1p1f1,2029,01,24,0.0,15.838946,0.21447356,2029
5138,r3i1p1f1,2029,01,25,0.0,19.406029,3.3802075,2029
5139,r3i1p1f1,2029,01,26,0.0,20.694338,4.2323494,2029
5140,r3i1p1f1,2029,01,27,0.0,19.498425,5.026177,2029
5141,r3i1p1f1,2029,01,28,0.0,19.360224,6.609452,2029
5142,r3i1p1f1,2029,01,29,0.0,20.33443,4.7566457,2029
5143,r3i1p1f1,2029,01,30,3.278448532762537,18.743877,4.1497326,2029
5144,r3i1p1f1,2029,01,31,0.7527595047783755,12.749709,1.409419,2029
5145,r3i1p1f1,2029,02,01,0.033654882995919747,12.05033,-1.1799273,2029
5146,r3i1p1f1,2029,02,02,0.0,13.98794,1.1012845,2029
5147,r3i1p1f1,2029,02,03,0.0,16.237482,-0.18244922,2029
5148,r3i1p1f1,2029,02,04,0.0,17.848959,0.533258,2029
5149,r3i1p1f1,2029,02,05,0.0,17.709652,0.587819,2029
5150,r3i1p1f1,2029,02,06,0.006622568118583524,15.537035,1.135944,2029
5151,r3i1p1f1,2029,02,07,2.442295633624202,13.772682,2.9841685,2029
5152,r3i1p1f1,2029,02,08,0.1622332025566941,13.920005,1.8318907,2029
5153,r3i1p1f1,2029,02,09,0.0,15.526343,-0.26835707,2029
5154,r3i1p1f1,2029,02,10,0.0077615639769867285,17.19763,2.392185,2029
5155,r3i1p1f1,2029,02,11,0.002141433281146667,18.28113,2.7389226,2029
5156,r3i1p1f1,2029,02,12,0.00973864978401583,16.33033,3.6563318,2029
5157,r3i1p1f1,2029,02,13,0.0,13.013626,-3.1442094,2029
5158,r3i1p1f1,2029,02,14,0.0,14.369732,-2.9382358,2029
5159,r3i1p1f1,2029,02,15,0.0,15.751925,-0.56190753,2029
5160,r3i1p1f1,2029,02,16,0.0,17.17667,-0.41478065,2029
5161,r3i1p1f1,2029,02,17,0.02044662278477159,15.869029,1.9794558,2029
5162,r3i1p1f1,2029,02,18,0.0,15.047293,0.8459389,2029
5163,r3i1p1f1,2029,02,19,0.0,15.212465,-2.1538458,2029
5164,r3i1p1f1,2029,02,20,0.0,17.610754,-0.29088992,2029
5165,r3i1p1f1,2029,02,21,0.0,17.502438,1.1845404,2029
5166,r3i1p1f1,2029,02,22,0.0,18.865877,1.8022957,2029
5167,r3i1p1f1,2029,02,23,0.0,20.561588,3.2649162,2029
5168,r3i1p1f1,2029,02,24,0.0,20.167883,3.250163,2029
5169,r3i1p1f1,2029,02,25,0.0,20.279034,3.1442845,2029
5170,r3i1p1f1,2029,02,26,0.0,21.493118,4.791603,2029
5171,r3i1p1f1,2029,02,27,0.0,22.1087,5.296525,2029
5172,r3i1p1f1,2029,02,28,0.0,22.72836,7.817204,2029
5173,r3i1p1f1,2029,03,01,0.0,25.841652,7.991138,2029
5174,r3i1p1f1,2029,03,02,0.0,26.648523,7.4514513,2029
5175,r3i1p1f1,2029,03,03,0.0,26.526476,7.8109226,2029
5176,r3i1p1f1,2029,03,04,0.0,26.18092,8.032246,2029
5177,r3i1p1f1,2029,03,05,0.0,25.7694,8.082533,2029
5178,r3i1p1f1,2029,03,06,0.0,28.118122,9.202509,2029
5179,r3i1p1f1,2029,03,07,0.0,28.681658,10.298007,2029
5180,r3i1p1f1,2029,03,08,0.0,29.756363,10.511064,2029
5181,r3i1p1f1,2029,03,09,0.0,30.934298,12.064355,2029
5182,r3i1p1f1,2029,03,10,0.0,32.29845,13.032467,2029
5183,r3i1p1f1,2029,03,11,0.0,31.74451,12.573655,2029
5184,r3i1p1f1,2029,03,12,0.0,26.257387,8.309071,2029
5185,r3i1p1f1,2029,03,13,0.0,18.108553,1.6372411,2029
5186,r3i1p1f1,2029,03,14,0.0,16.117132,-2.1185336,2029
5187,r3i1p1f1,2029,03,15,0.0,15.160398,-2.0450354,2029
5188,r3i1p1f1,2029,03,16,0.0030554152732348125,17.009607,-1.2227744,2029
5189,r3i1p1f1,2029,03,17,0.017947405894202264,17.893967,-1.4698228,2029
5190,r3i1p1f1,2029,03,18,0.0,17.494446,-0.6121235,2029
5191,r3i1p1f1,2029,03,19,10.593714112747517,14.502741,0.98070604,2029
5192,r3i1p1f1,2029,03,20,6.867878158298096,9.356266,0.42837852,2029
5193,r3i1p1f1,2029,03,21,14.087653183016686,6.7763443,-2.846805,2029
5194,r3i1p1f1,2029,03,22,15.01383491546607,5.652313,-1.0592084,2029
5195,r3i1p1f1,2029,03,23,1.4747142429515598,10.37633,-2.3598015,2029
5196,r3i1p1f1,2029,03,24,0.005719059404465511,13.780589,0.6319592,2029
5197,r3i1p1f1,2029,03,25,0.0,15.682554,-1.2428097,2029
5198,r3i1p1f1,2029,03,26,0.0006634281299105196,15.331285,1.567458,2029
5199,r3i1p1f1,2029,03,27,0.0,16.661802,1.839358,2029
5200,r3i1p1f1,2029,03,28,0.0,19.54266,2.8637676,2029
5201,r3i1p1f1,2029,03,29,4.293527803614724,16.396446,2.2862432,2029
5202,r3i1p1f1,2029,03,30,0.3352164695785508,10.992967,-1.2860706,2029
5203,r3i1p1f1,2029,03,31,0.0,14.638305,-3.6037629,2029
5204,r3i1p1f1,2029,04,01,0.0005489700318624576,17.170933,1.603856,2029
5205,r3i1p1f1,2029,04,02,0.6603183858952075,15.453564,3.7782373,2029
5206,r3i1p1f1,2029,04,03,0.24160840362927763,10.632144,-0.88950485,2029
5207,r3i1p1f1,2029,04,04,0.0,15.918014,-2.3746974,2029
5208,r3i1p1f1,2029,04,05,0.0,21.405373,3.915069,2029
5209,r3i1p1f1,2029,04,06,0.0,22.953259,4.6961875,2029
5210,r3i1p1f1,2029,04,07,0.06034819625325106,21.924713,6.2116866,2029
5211,r3i1p1f1,2029,04,08,0.006628707661465424,20.44501,4.7218986,2029
5212,r3i1p1f1,2029,04,09,0.0,21.77415,3.132122,2029
5213,r3i1p1f1,2029,04,10,0.0,25.506126,5.7649355,2029
5214,r3i1p1f1,2029,04,11,0.0,26.385181,6.0284686,2029
5215,r3i1p1f1,2029,04,12,0.201110724530846,24.004799,9.535444,2029
5216,r3i1p1f1,2029,04,13,0.04751335665456612,19.438961,2.9980443,2029
5217,r3i1p1f1,2029,04,14,0.0,19.468987,2.9788082,2029
5218,r3i1p1f1,2029,04,15,0.0,25.71542,5.651247,2029
5219,r3i1p1f1,2029,04,16,0.0,31.271408,10.336202,2029
5220,r3i1p1f1,2029,04,17,0.0,32.028896,11.5759735,2029
5221,r3i1p1f1,2029,04,18,0.0,28.611116,8.922126,2029
5222,r3i1p1f1,2029,04,19,4.179591373668342,17.088661,2.2832828,2029
5223,r3i1p1f1,2029,04,20,1.3589434736235435,12.820479,1.340811,2029
5224,r3i1p1f1,2029,04,21,0.0,20.561834,2.478223,2029
5225,r3i1p1f1,2029,04,22,0.0,24.908104,5.714917,2029
5226,r3i1p1f1,2029,04,23,0.0,25.510303,6.7814956,2029
5227,r3i1p1f1,2029,04,24,0.0,26.104412,7.384923,2029
5228,r3i1p1f1,2029,04,25,0.0,27.072418,8.206745,2029
5229,r3i1p1f1,2029,04,26,0.0,28.158014,9.257083,2029
5230,r3i1p1f1,2029,04,27,0.0,28.129917,8.849461,2029
5231,r3i1p1f1,2029,04,28,0.0,30.180317,11.030306,2029
5232,r3i1p1f1,2029,04,29,0.0,30.00038,11.776183,2029
5233,r3i1p1f1,2029,04,30,0.0,32.891747,12.140945,2029
5234,r3i1p1f1,2029,05,01,0.0,34.227543,13.7363405,2029
5235,r3i1p1f1,2029,05,02,0.0,32.711132,13.204582,2029
5236,r3i1p1f1,2029,05,03,0.0,31.83198,12.392981,2029
5237,r3i1p1f1,2029,05,04,0.0,31.48279,11.401561,2029
5238,r3i1p1f1,2029,05,05,0.0,30.224243,9.962639,2029
5239,r3i1p1f1,2029,05,06,0.0,29.871037,9.683737,2029
5240,r3i1p1f1,2029,05,07,0.0,29.313925,9.470442,2029
5241,r3i1p1f1,2029,05,08,0.0,28.259842,9.639281,2029
5242,r3i1p1f1,2029,05,09,0.0,23.233175,6.531592,2029
5243,r3i1p1f1,2029,05,10,0.0,22.84992,5.6757145,2029
5244,r3i1p1f1,2029,05,11,0.0,29.684732,9.593971,2029
5245,r3i1p1f1,2029,05,12,0.0,33.05019,11.842688,2029
5246,r3i1p1f1,2029,05,13,0.0,31.320791,11.127469,2029
5247,r3i1p1f1,2029,05,14,0.0,28.222433,8.899821,2029
5248,r3i1p1f1,2029,05,15,0.0,29.700386,11.314348,2029
5249,r3i1p1f1,2029,05,16,0.0,32.98846,13.2558775,2029
5250,r3i1p1f1,2029,05,17,0.0,34.851418,14.961362,2029
5251,r3i1p1f1,2029,05,18,0.0,35.85361,15.498275,2029
5252,r3i1p1f1,2029,05,19,0.0,36.85938,16.687517,2029
5253,r3i1p1f1,2029,05,20,0.0,32.921055,12.963745,2029
5254,r3i1p1f1,2029,05,21,0.0,26.589731,8.769052,2029
5255,r3i1p1f1,2029,05,22,0.0,26.510479,7.284899,2029
5256,r3i1p1f1,2029,05,23,0.0,26.152536,7.0551267,2029
5257,r3i1p1f1,2029,05,24,0.0,23.054184,4.9781036,2029
5258,r3i1p1f1,2029,05,25,0.0,15.445917,-0.030377012,2029
5259,r3i1p1f1,2029,05,26,0.0,18.572086,0.95468795,2029
5260,r3i1p1f1,2029,05,27,0.0,21.992943,3.2173893,2029
5261,r3i1p1f1,2029,05,28,0.0,22.715874,4.525393,2029
5262,r3i1p1f1,2029,05,29,0.0,22.282839,3.741578,2029
5263,r3i1p1f1,2029,05,30,0.0,22.278679,5.3989367,2029
5264,r3i1p1f1,2029,05,31,0.0,22.085905,5.7724247,2029
5265,r3i1p1f1,2029,06,01,0.0425387185179826,21.932316,4.6660185,2029
5266,r3i1p1f1,2029,06,02,0.328263164211614,20.357073,5.074477,2029
5267,r3i1p1f1,2029,06,03,0.021573286309527855,22.756842,5.2782507,2029
5268,r3i1p1f1,2029,06,04,0.0,24.564981,5.861037,2029
5269,r3i1p1f1,2029,06,05,0.0,24.90349,7.661261,2029
5270,r3i1p1f1,2029,06,06,0.0,26.851883,8.430889,2029
5271,r3i1p1f1,2029,06,07,0.0,28.090761,9.42352,2029
5272,r3i1p1f1,2029,06,08,0.0,26.55374,8.996849,2029
5273,r3i1p1f1,2029,06,09,0.0,27.222004,9.06795,2029
5274,r3i1p1f1,2029,06,10,0.0,31.583916,11.106467,2029
5275,r3i1p1f1,2029,06,11,0.0,32.084293,12.062224,2029
5276,r3i1p1f1,2029,06,12,0.0,33.004,15.006376,2029
5277,r3i1p1f1,2029,06,13,0.0,33.018627,13.019073,2029
5278,r3i1p1f1,2029,06,14,0.0,31.361778,11.897801,2029
5279,r3i1p1f1,2029,06,15,0.0,30.905468,11.216895,2029
5280,r3i1p1f1,2029,06,16,0.0,31.049776,10.964283,2029
5281,r3i1p1f1,2029,06,17,0.0,29.984505,10.909317,2029
5282,r3i1p1f1,2029,06,18,0.0,29.503378,10.059077,2029
5283,r3i1p1f1,2029,06,19,0.0,28.789085,9.820771,2029
5284,r3i1p1f1,2029,06,20,0.0,27.94232,8.474772,2029
5285,r3i1p1f1,2029,06,21,0.0,27.894989,9.500223,2029
5286,r3i1p1f1,2029,06,22,0.0,27.348658,9.028243,2029
5287,r3i1p1f1,2029,06,23,0.0,27.468588,8.933966,2029
5288,r3i1p1f1,2029,06,24,0.0,24.790854,7.2860646,2029
5289,r3i1p1f1,2029,06,25,0.0,23.918665,6.8276377,2029
5290,r3i1p1f1,2029,06,26,0.0,23.019117,7.4791713,2029
5291,r3i1p1f1,2029,06,27,0.0,28.661842,10.13348,2029
5292,r3i1p1f1,2029,06,28,0.0,34.61203,14.108956,2029
5293,r3i1p1f1,2029,06,29,0.0,36.914047,16.204426,2029
5294,r3i1p1f1,2029,06,30,0.0,38.491875,18.696144,2029
5295,r3i1p1f1,2029,07,01,0.0,39.389603,18.856987,2029
5296,r3i1p1f1,2029,07,02,0.0,40.12427,19.359016,2029
5297,r3i1p1f1,2029,07,03,0.0,41.784637,19.742939,2029
5298,r3i1p1f1,2029,07,04,0.0,41.70733,19.634481,2029
5299,r3i1p1f1,2029,07,05,0.0,39.39382,19.6853,2029
5300,r3i1p1f1,2029,07,06,0.0,33.97237,17.253069,2029
5301,r3i1p1f1,2029,07,07,0.007667844554155387,32.81945,15.725556,2029
5302,r3i1p1f1,2029,07,08,1.0557751823214612,32.345055,14.580314,2029
5303,r3i1p1f1,2029,07,09,0.6698917899153788,32.363968,14.487369,2029
5304,r3i1p1f1,2029,07,10,0.0,33.573933,14.906902,2029
5305,r3i1p1f1,2029,07,11,0.0,32.943703,14.8070755,2029
5306,r3i1p1f1,2029,07,12,0.0,31.451746,13.28818,2029
5307,r3i1p1f1,2029,07,13,0.0,33.411495,14.581193,2029
5308,r3i1p1f1,2029,07,14,0.0,35.789547,15.977764,2029
5309,r3i1p1f1,2029,07,15,0.0,36.24757,17.258911,2029
5310,r3i1p1f1,2029,07,16,0.0,36.21667,16.680904,2029
5311,r3i1p1f1,2029,07,17,0.0,35.252518,16.542007,2029
5312,r3i1p1f1,2029,07,18,0.0,33.229652,16.620113,2029
5313,r3i1p1f1,2029,07,19,0.0,33.32343,15.228937,2029
5314,r3i1p1f1,2029,07,20,0.023147767466126068,35.05111,17.3741,2029
5315,r3i1p1f1,2029,07,21,0.0005539519373666157,37.27063,18.819227,2029
5316,r3i1p1f1,2029,07,22,3.7124799270069078,37.06833,19.41284,2029
5317,r3i1p1f1,2029,07,23,7.240555838251374,35.535934,18.046246,2029
5318,r3i1p1f1,2029,07,24,0.7345661241902924,34.817028,17.084772,2029
5319,r3i1p1f1,2029,07,25,0.0,36.077385,17.978779,2029
5320,r3i1p1f1,2029,07,26,0.021145556220841227,36.862083,18.45285,2029
5321,r3i1p1f1,2029,07,27,0.0,36.7081,18.631807,2029
5322,r3i1p1f1,2029,07,28,0.0,36.48228,18.310493,2029
5323,r3i1p1f1,2029,07,29,0.00015662766104056075,36.54817,17.208708,2029
5324,r3i1p1f1,2029,07,30,0.0,36.011703,16.223135,2029
5325,r3i1p1f1,2029,07,31,0.0006193704956041819,34.96533,15.861133,2029
5326,r3i1p1f1,2029,08,01,0.0,34.21542,15.700007,2029
5327,r3i1p1f1,2029,08,02,0.0,33.731167,15.313754,2029
5328,r3i1p1f1,2029,08,03,0.03281076154301197,34.972263,17.687963,2029
5329,r3i1p1f1,2029,08,04,0.0,35.702362,17.721558,2029
5330,r3i1p1f1,2029,08,05,0.0,35.511482,17.521511,2029
5331,r3i1p1f1,2029,08,06,0.7178932664718366,35.93887,17.715128,2029
5332,r3i1p1f1,2029,08,07,0.0,36.411972,17.650854,2029
5333,r3i1p1f1,2029,08,08,0.9893025295561088,35.441086,17.699661,2029
5334,r3i1p1f1,2029,08,09,0.09818467245416039,33.128998,15.957274,2029
5335,r3i1p1f1,2029,08,10,0.0,35.045742,16.245947,2029
5336,r3i1p1f1,2029,08,11,0.013190552549944683,35.172718,16.419329,2029
5337,r3i1p1f1,2029,08,12,0.0075496201117692344,34.071495,15.004542,2029
5338,r3i1p1f1,2029,08,13,0.5603434170288065,32.07746,14.367217,2029
5339,r3i1p1f1,2029,08,14,0.41900015792634804,30.12081,14.666398,2029
5340,r3i1p1f1,2029,08,15,0.12716613965315474,28.909246,15.651338,2029
5341,r3i1p1f1,2029,08,16,0.005682651941297632,29.42547,13.738331,2029
5342,r3i1p1f1,2029,08,17,0.0,28.147858,12.802935,2029
5343,r3i1p1f1,2029,08,18,0.0,27.663965,11.253248,2029
5344,r3i1p1f1,2029,08,19,0.00346885457860701,29.9203,11.521642,2029
5345,r3i1p1f1,2029,08,20,0.0,30.90234,12.173748,2029
5346,r3i1p1f1,2029,08,21,0.0,29.453623,11.565565,2029
5347,r3i1p1f1,2029,08,22,0.0,29.0748,11.585824,2029
5348,r3i1p1f1,2029,08,23,0.0,30.90826,12.55575,2029
5349,r3i1p1f1,2029,08,24,0.0,33.253345,12.491981,2029
5350,r3i1p1f1,2029,08,25,0.0,34.8487,15.405317,2029
5351,r3i1p1f1,2029,08,26,0.0,35.315826,15.790029,2029
5352,r3i1p1f1,2029,08,27,0.0,35.710728,15.84032,2029
5353,r3i1p1f1,2029,08,28,0.0,36.153145,15.629679,2029
5354,r3i1p1f1,2029,08,29,0.0,36.19465,15.781482,2029
5355,r3i1p1f1,2029,08,30,0.0,32.236362,13.383456,2029
5356,r3i1p1f1,2029,08,31,0.0013922279079755147,25.995605,10.607307,2029
5357,r3i1p1f1,2029,09,01,0.0,27.628424,12.139776,2029
5358,r3i1p1f1,2029,09,02,0.0,32.231697,13.7021675,2029
5359,r3i1p1f1,2029,09,03,0.0,35.030304,16.041891,2029
5360,r3i1p1f1,2029,09,04,0.0,35.037247,17.592045,2029
5361,r3i1p1f1,2029,09,05,0.0,34.803326,16.853971,2029
5362,r3i1p1f1,2029,09,06,0.0,35.256393,16.129469,2029
5363,r3i1p1f1,2029,09,07,0.0,36.120712,16.549883,2029
5364,r3i1p1f1,2029,09,08,0.0,35.7027,17.34273,2029
5365,r3i1p1f1,2029,09,09,0.0,35.082413,17.036179,2029
5366,r3i1p1f1,2029,09,10,0.0,35.07619,16.811613,2029
5367,r3i1p1f1,2029,09,11,0.0,34.754826,16.69762,2029
5368,r3i1p1f1,2029,09,12,0.0,33.38184,15.234778,2029
5369,r3i1p1f1,2029,09,13,0.0,32.444965,14.443201,2029
5370,r3i1p1f1,2029,09,14,0.0,33.63092,14.685394,2029
5371,r3i1p1f1,2029,09,15,0.0,34.309006,16.154987,2029
5372,r3i1p1f1,2029,09,16,0.0,35.89058,16.749495,2029
5373,r3i1p1f1,2029,09,17,0.0,39.003853,18.478294,2029
5374,r3i1p1f1,2029,09,18,0.0,38.015606,17.553131,2029
5375,r3i1p1f1,2029,09,19,0.007828247352418575,34.499573,18.393011,2029
5376,r3i1p1f1,2029,09,20,0.0,33.55344,16.427956,2029
5377,r3i1p1f1,2029,09,21,0.0,33.26065,16.323652,2029
5378,r3i1p1f1,2029,09,22,0.18209996537100806,33.89771,16.470482,2029
5379,r3i1p1f1,2029,09,23,3.041476636841308,33.10561,17.154787,2029
5380,r3i1p1f1,2029,09,24,0.09708064771433728,33.397232,16.164272,2029
5381,r3i1p1f1,2029,09,25,0.09494104494065554,33.19068,15.742256,2029
5382,r3i1p1f1,2029,09,26,0.025586202872077454,32.78783,15.373045,2029
5383,r3i1p1f1,2029,09,27,0.0,31.661125,12.992811,2029
5384,r3i1p1f1,2029,09,28,0.0,27.552498,9.119575,2029
5385,r3i1p1f1,2029,09,29,0.01307705727716287,28.076456,10.707124,2029
5386,r3i1p1f1,2029,09,30,0.09528769873819935,30.932453,13.503031,2029
5387,r3i1p1f1,2029,10,01,0.002688998047784535,30.956202,13.222489,2029
5388,r3i1p1f1,2029,10,02,0.0,32.442806,13.052774,2029
5389,r3i1p1f1,2029,10,03,0.271977126435972,30.32409,14.566608,2029
5390,r3i1p1f1,2029,10,04,0.5639383482279796,24.445473,11.857621,2029
5391,r3i1p1f1,2029,10,05,0.010594812108937538,27.851442,11.446109,2029
5392,r3i1p1f1,2029,10,06,0.0,26.967924,10.429154,2029
5393,r3i1p1f1,2029,10,07,0.0013994563822493408,25.106783,8.688673,2029
5394,r3i1p1f1,2029,10,08,0.0,24.18637,8.305019,2029
5395,r3i1p1f1,2029,10,09,0.0,25.413454,9.364242,2029
5396,r3i1p1f1,2029,10,10,0.0,26.82877,10.133536,2029
5397,r3i1p1f1,2029,10,11,0.0,28.370962,10.642147,2029
5398,r3i1p1f1,2029,10,12,0.0,30.223871,12.145891,2029
5399,r3i1p1f1,2029,10,13,0.0,27.35101,10.759183,2029
5400,r3i1p1f1,2029,10,14,0.0,25.756691,10.914638,2029
5401,r3i1p1f1,2029,10,15,0.0011300454339520497,27.537392,9.56128,2029
5402,r3i1p1f1,2029,10,16,0.0,29.950197,11.345868,2029
5403,r3i1p1f1,2029,10,17,0.0,32.070267,13.224136,2029
5404,r3i1p1f1,2029,10,18,0.18658091806256297,29.591923,14.221463,2029
5405,r3i1p1f1,2029,10,19,0.1934650290764473,28.291227,13.16825,2029
5406,r3i1p1f1,2029,10,20,0.0,26.626747,9.86592,2029
5407,r3i1p1f1,2029,10,21,0.0,24.331474,8.938713,2029
5408,r3i1p1f1,2029,10,22,0.0,22.58339,7.07901,2029
5409,r3i1p1f1,2029,10,23,0.0,20.334696,4.1804523,2029
5410,r3i1p1f1,2029,10,24,0.0,25.400333,6.538957,2029
5411,r3i1p1f1,2029,10,25,0.0,25.138083,6.432008,2029
5412,r3i1p1f1,2029,10,26,0.0,24.778904,6.382902,2029
5413,r3i1p1f1,2029,10,27,0.0,21.301508,6.145844,2029
5414,r3i1p1f1,2029,10,28,0.0,19.922886,4.079585,2029
5415,r3i1p1f1,2029,10,29,0.0,21.055248,3.2339804,2029
5416,r3i1p1f1,2029,10,30,0.015905867718781035,18.822012,3.253933,2029
5417,r3i1p1f1,2029,10,31,0.0,16.508057,2.0049527,2029
5418,r3i1p1f1,2029,11,01,13.2305992941485,15.696182,4.68818,2029
5419,r3i1p1f1,2029,11,02,2.846066940859132,14.501181,3.66441,2029
5420,r3i1p1f1,2029,11,03,0.0,17.130257,2.4763541,2029
5421,r3i1p1f1,2029,11,04,0.011280202148058876,18.346077,4.6760793,2029
5422,r3i1p1f1,2029,11,05,0.09719649809553768,17.397625,5.226393,2029
5423,r3i1p1f1,2029,11,06,0.0,18.131996,4.64457,2029
5424,r3i1p1f1,2029,11,07,0.00017021165342267716,17.875162,4.1172028,2029
5425,r3i1p1f1,2029,11,08,0.0,20.95097,6.4955416,2029
5426,r3i1p1f1,2029,11,09,0.0,21.384562,7.431358,2029
5427,r3i1p1f1,2029,11,10,0.0699545242065197,20.884895,8.00742,2029
5428,r3i1p1f1,2029,11,11,0.6879280843779931,18.5408,5.859362,2029
5429,r3i1p1f1,2029,11,12,0.004685870186552744,13.67188,-0.0071896813,2029
5430,r3i1p1f1,2029,11,13,0.0,15.90262,1.5650138,2029
5431,r3i1p1f1,2029,11,14,0.008031876447300116,16.684893,3.1235013,2029
5432,r3i1p1f1,2029,11,15,0.09606500998470989,16.793861,2.414097,2029
5433,r3i1p1f1,2029,11,16,0.0,18.112137,3.4256866,2029
5434,r3i1p1f1,2029,11,17,0.0,17.48752,2.813016,2029
5435,r3i1p1f1,2029,11,18,0.0,17.070368,3.2028244,2029
5436,r3i1p1f1,2029,11,19,0.0,15.573015,1.6790013,2029
5437,r3i1p1f1,2029,11,20,0.008663479463641786,11.626091,-2.0272744,2029
5438,r3i1p1f1,2029,11,21,6.322749981098406,11.10632,1.2289833,2029
5439,r3i1p1f1,2029,11,22,0.0,12.193745,-2.4763136,2029
5440,r3i1p1f1,2029,11,23,0.0,14.142149,-0.46346998,2029
5441,r3i1p1f1,2029,11,24,4.089520821748231,13.402515,2.919243,2029
5442,r3i1p1f1,2029,11,25,0.000976029797598268,10.005812,-3.2943316,2029
5443,r3i1p1f1,2029,11,26,0.0,13.834393,-1.2457411,2029
5444,r3i1p1f1,2029,11,27,0.0014188892038708384,15.649249,0.36602953,2029
5445,r3i1p1f1,2029,11,28,0.0,15.597057,-0.016821481,2029
5446,r3i1p1f1,2029,11,29,0.0,15.451139,0.50825506,2029
5447,r3i1p1f1,2029,11,30,0.0,15.707776,-0.73383635,2029
5448,r3i1p1f1,2029,12,01,0.0,16.731733,2.3699403,2029
5449,r3i1p1f1,2029,12,02,0.0,16.522709,3.781108,2029
5450,r3i1p1f1,2029,12,03,0.0,14.0810795,0.408454,2029
5451,r3i1p1f1,2029,12,04,0.0,14.688862,0.6096212,2029
5452,r3i1p1f1,2029,12,05,0.0,18.299255,2.663979,2029
5453,r3i1p1f1,2029,12,06,0.0,20.225086,4.866751,2029
5454,r3i1p1f1,2029,12,07,0.0,20.66706,4.0915627,2029
5455,r3i1p1f1,2029,12,08,0.0,19.427834,4.3033037,2029
5456,r3i1p1f1,2029,12,09,0.2326079806538694,17.358105,5.116,2029
5457,r3i1p1f1,2029,12,10,0.0,16.105244,0.626071,2029
5458,r3i1p1f1,2029,12,11,0.0,14.651463,0.98423404,2029
5459,r3i1p1f1,2029,12,12,1.0435969295709087,13.049467,-0.11033959,2029
5460,r3i1p1f1,2029,12,13,1.4215343189337573,9.291646,1.8039268,2029
5461,r3i1p1f1,2029,12,14,0.40006366485833883,8.7199955,-0.50921047,2029
5462,r3i1p1f1,2029,12,15,0.23058781209894016,8.307565,-1.8522905,2029
5463,r3i1p1f1,2029,12,16,0.01652679694498974,10.286324,-1.2783089,2029
5464,r3i1p1f1,2029,12,17,0.0,13.239875,-1.7863426,2029
5465,r3i1p1f1,2029,12,18,0.0,15.069297,-0.61397827,2029
5466,r3i1p1f1,2029,12,19,0.0,19.236649,2.5726092,2029
5467,r3i1p1f1,2029,12,20,0.0,15.330853,2.4883494,2029
5468,r3i1p1f1,2029,12,21,0.008966475160736027,17.016527,4.256414,2029
5469,r3i1p1f1,2029,12,22,0.25236280357590146,16.050728,2.1335347,2029
5470,r3i1p1f1,2029,12,23,3.303303975803966,13.247522,2.1674855,2029
5471,r3i1p1f1,2029,12,24,1.7964617261609281,12.51677,4.2312293,2029
5472,r3i1p1f1,2029,12,25,0.0,13.870856,3.7074513,2029
5473,r3i1p1f1,2029,12,26,0.0,13.036686,1.1156169,2029
5474,r3i1p1f1,2029,12,27,0.0,14.349719,1.6011158,2029
5475,r3i1p1f1,2029,12,28,0.0,15.717468,2.17944,2029
5476,r3i1p1f1,2029,12,29,0.0,16.535055,2.8497865,2029
5477,r3i1p1f1,2029,12,30,0.0,16.252697,2.7163806,2029
5478,r3i1p1f1,2029,12,31,0.0,16.5598,1.8041036,2029
5479,r3i1p1f1,2030,01,01,0.18465487459528077,15.709294,1.8110662,2030
5480,r3i1p1f1,2030,01,02,19.122882325532515,14.019298,5.8518515,2030
5481,r3i1p1f1,2030,01,03,12.58119755861778,15.649646,8.23333,2030
5482,r3i1p1f1,2030,01,04,0.9382407243383843,15.660553,5.2275877,2030
5483,r3i1p1f1,2030,01,05,23.26581377589195,16.025309,8.723425,2030
5484,r3i1p1f1,2030,01,06,9.739471719571377,12.687744,0.6781799,2030
5485,r3i1p1f1,2030,01,07,0.016425673931018646,7.457504,-3.470389,2030
5486,r3i1p1f1,2030,01,08,5.713241774576476,7.8076715,-1.1617218,2030
5487,r3i1p1f1,2030,01,09,1.0643661586249382,9.927016,0.95507437,2030
5488,r3i1p1f1,2030,01,10,0.0,8.939564,-4.469224,2030
5489,r3i1p1f1,2030,01,11,0.0,12.5833645,-2.042298,2030
5490,r3i1p1f1,2030,01,12,0.0,13.849869,-0.72260404,2030
5491,r3i1p1f1,2030,01,13,0.0,15.816148,1.7302257,2030
5492,r3i1p1f1,2030,01,14,0.0,15.364169,1.485714,2030
5493,r3i1p1f1,2030,01,15,0.003971588907227146,13.250167,-0.4939952,2030
5494,r3i1p1f1,2030,01,16,0.0,12.863154,0.43097195,2030
5495,r3i1p1f1,2030,01,17,0.030673091382733688,11.656823,-2.2039905,2030
5496,r3i1p1f1,2030,01,18,0.31585665792776624,8.991913,-0.85400903,2030
5497,r3i1p1f1,2030,01,19,0.3672529996633371,11.110701,-0.6647348,2030
5498,r3i1p1f1,2030,01,20,0.0,11.243769,-0.55544907,2030
5499,r3i1p1f1,2030,01,21,8.648323318790943,11.2461195,3.4930234,2030
5500,r3i1p1f1,2030,01,22,2.577362551507273,10.58515,1.5216025,2030
5501,r3i1p1f1,2030,01,23,3.792170276931172,9.454007,0.35960138,2030
5502,r3i1p1f1,2030,01,24,3.9715291906957813,12.413512,-0.5655086,2030
5503,r3i1p1f1,2030,01,25,0.0,14.93695,0.36645254,2030
5504,r3i1p1f1,2030,01,26,0.0,14.321431,0.6453963,2030
5505,r3i1p1f1,2030,01,27,0.29456621214194456,14.460662,3.0288382,2030
5506,r3i1p1f1,2030,01,28,0.00827851821227479,14.231427,1.1872556,2030
5507,r3i1p1f1,2030,01,29,1.9517121650278568,13.464324,3.7619073,2030
5508,r3i1p1f1,2030,01,30,0.926543680266012,12.400749,3.988519,2030
5509,r3i1p1f1,2030,01,31,9.721688589795646,13.890888,5.4715576,2030
5510,r3i1p1f1,2030,02,01,7.860790578217182,13.249166,3.6824634,2030
5511,r3i1p1f1,2030,02,02,6.954979120077262,12.5211315,5.5400963,2030
5512,r3i1p1f1,2030,02,03,10.297431108378849,14.137303,3.1265993,2030
5513,r3i1p1f1,2030,02,04,0.0,12.817736,0.050011892,2030
5514,r3i1p1f1,2030,02,05,5.037064031466523,13.276102,3.294824,2030
5515,r3i1p1f1,2030,02,06,1.6629781640410164,15.429386,5.1685905,2030
5516,r3i1p1f1,2030,02,07,1.327713521650091,16.40375,7.638177,2030
5517,r3i1p1f1,2030,02,08,3.72269332411165,17.778345,7.0870934,2030
5518,r3i1p1f1,2030,02,09,0.07695858176565239,18.46154,5.2501755,2030
5519,r3i1p1f1,2030,02,10,7.8013631784878354,17.778088,7.9884768,2030
5520,r3i1p1f1,2030,02,11,0.09781929746333679,15.732609,3.628416,2030
5521,r3i1p1f1,2030,02,12,0.0,13.603867,0.6850203,2030
5522,r3i1p1f1,2030,02,13,0.0,16.598768,1.3924543,2030
5523,r3i1p1f1,2030,02,14,0.0,17.269117,2.7280707,2030
5524,r3i1p1f1,2030,02,15,0.0,17.42093,2.6021242,2030
5525,r3i1p1f1,2030,02,16,0.0,18.401287,4.1171594,2030
5526,r3i1p1f1,2030,02,17,0.0,18.456495,3.301497,2030
5527,r3i1p1f1,2030,02,18,0.0181395691095421,15.674827,5.275742,2030
5528,r3i1p1f1,2030,02,19,0.4328414156815129,13.491525,1.5660832,2030
5529,r3i1p1f1,2030,02,20,0.0,14.962662,-0.57985663,2030
5530,r3i1p1f1,2030,02,21,0.0,17.659603,2.8136122,2030
5531,r3i1p1f1,2030,02,22,0.0,17.832724,2.3127894,2030
5532,r3i1p1f1,2030,02,23,2.303743547765242e-05,19.314362,3.3371553,2030
5533,r3i1p1f1,2030,02,24,0.0,19.27335,3.9933138,2030
5534,r3i1p1f1,2030,02,25,0.05861984933069449,21.270658,6.534804,2030
5535,r3i1p1f1,2030,02,26,0.03399367083506094,21.912441,6.1051016,2030
5536,r3i1p1f1,2030,02,27,8.720455749014835,16.160069,4.135587,2030
5537,r3i1p1f1,2030,02,28,2.085746340111875,12.163624,1.1167727,2030
5538,r3i1p1f1,2030,03,01,14.509319164490355,12.151496,1.4440278,2030
5539,r3i1p1f1,2030,03,02,29.20635895622388,13.015847,4.0133305,2030
5540,r3i1p1f1,2030,03,03,35.705946577813435,12.716097,5.039298,2030
5541,r3i1p1f1,2030,03,04,3.6618771691297356,9.54986,-2.7886772,2030
5542,r3i1p1f1,2030,03,05,0.14669538491668363,11.939793,-0.69333375,2030
5543,r3i1p1f1,2030,03,06,0.1054800752745271,12.304849,-3.8103054,2030
5544,r3i1p1f1,2030,03,07,0.6547455471564083,10.272838,-0.40070042,2030
5545,r3i1p1f1,2030,03,08,0.0065146071067305675,13.621719,-1.2631494,2030
5546,r3i1p1f1,2030,03,09,0.0,14.127143,-1.515136,2030
5547,r3i1p1f1,2030,03,10,0.0,13.483171,2.0786316,2030
5548,r3i1p1f1,2030,03,11,0.0,14.246523,-1.226944,2030
5549,r3i1p1f1,2030,03,12,0.0,15.98767,2.5908616,2030
5550,r3i1p1f1,2030,03,13,0.0,17.574278,-0.65409964,2030
5551,r3i1p1f1,2030,03,14,0.006335344671352879,16.919952,4.076814,2030
5552,r3i1p1f1,2030,03,15,0.001909293086183342,17.34653,0.38142624,2030
5553,r3i1p1f1,2030,03,16,0.0,15.732726,2.7221625,2030
5554,r3i1p1f1,2030,03,17,11.060423792152891,11.996931,2.0663233,2030
5555,r3i1p1f1,2030,03,18,7.313113987430287,12.880055,2.6545124,2030
5556,r3i1p1f1,2030,03,19,0.0,17.088545,1.4806794,2030
5557,r3i1p1f1,2030,03,20,0.0,18.873138,3.3178895,2030
5558,r3i1p1f1,2030,03,21,0.0,20.468357,4.447295,2030
5559,r3i1p1f1,2030,03,22,0.0,21.944178,5.0647798,2030
5560,r3i1p1f1,2030,03,23,0.0,22.13528,6.8347926,2030
5561,r3i1p1f1,2030,03,24,0.005644452811049467,20.92527,8.345194,2030
5562,r3i1p1f1,2030,03,25,0.0,20.160791,4.954383,2030
5563,r3i1p1f1,2030,03,26,0.0,20.203398,4.9082975,2030
5564,r3i1p1f1,2030,03,27,0.0,21.265863,3.9753463,2030
5565,r3i1p1f1,2030,03,28,0.0,20.74094,5.173744,2030
5566,r3i1p1f1,2030,03,29,0.0,22.157276,3.9632804,2030
5567,r3i1p1f1,2030,03,30,0.08517977449526604,21.56512,3.8813407,2030
5568,r3i1p1f1,2030,03,31,1.5263104307897182,15.296391,5.33187,2030
5569,r3i1p1f1,2030,04,01,0.0812286515781924,14.9365425,1.568137,2030
5570,r3i1p1f1,2030,04,02,0.0,18.290714,0.49979472,2030
5571,r3i1p1f1,2030,04,03,0.0,21.478214,4.589044,2030
5572,r3i1p1f1,2030,04,04,0.0,23.187275,5.2783294,2030
5573,r3i1p1f1,2030,04,05,0.0,24.909012,6.295417,2030
5574,r3i1p1f1,2030,04,06,8.132404098086585,18.25316,3.5038667,2030
5575,r3i1p1f1,2030,04,07,3.5891554483097217,12.198441,2.1210532,2030
5576,r3i1p1f1,2030,04,08,0.00035772194016978824,17.037373,1.4372214,2030
5577,r3i1p1f1,2030,04,09,0.0,21.682816,4.144974,2030
5578,r3i1p1f1,2030,04,10,0.0,25.258923,5.22288,2030
5579,r3i1p1f1,2030,04,11,0.0,24.595665,4.199795,2030
5580,r3i1p1f1,2030,04,12,3.846467657933703,18.130825,2.6950676,2030
5581,r3i1p1f1,2030,04,13,11.225358465568261,11.5373125,3.8366222,2030
5582,r3i1p1f1,2030,04,14,0.8876923850700471,16.123957,1.9470425,2030
5583,r3i1p1f1,2030,04,15,0.028581799071451478,16.78916,2.1136203,2030
5584,r3i1p1f1,2030,04,16,0.3707298325466444,14.708611,2.7086217,2030
5585,r3i1p1f1,2030,04,17,4.038300961989135,13.138136,2.9704704,2030
5586,r3i1p1f1,2030,04,18,0.1036668598824304,19.496958,4.166421,2030
5587,r3i1p1f1,2030,04,19,0.0,24.406492,5.6036644,2030
5588,r3i1p1f1,2030,04,20,0.0,24.76726,7.573447,2030
5589,r3i1p1f1,2030,04,21,17.765431960323248,18.8921,3.9258873,2030
5590,r3i1p1f1,2030,04,22,5.469812993663557,11.282268,1.4541527,2030
5591,r3i1p1f1,2030,04,23,0.17876817537674497,16.144806,4.5934396,2030
5592,r3i1p1f1,2030,04,24,0.0,20.054037,4.2712646,2030
5593,r3i1p1f1,2030,04,25,0.018523144112391907,20.434431,5.7470875,2030
5594,r3i1p1f1,2030,04,26,0.0,21.089527,6.447857,2030
5595,r3i1p1f1,2030,04,27,0.015218437404131912,20.73651,6.0929832,2030
5596,r3i1p1f1,2030,04,28,0.5890335683172011,17.70874,4.0253096,2030
5597,r3i1p1f1,2030,04,29,0.05814777775605873,14.096271,1.3373625,2030
5598,r3i1p1f1,2030,04,30,0.024177301948480872,17.767988,2.1397703,2030
5599,r3i1p1f1,2030,05,01,0.0,20.860079,4.1529546,2030
5600,r3i1p1f1,2030,05,02,0.0,23.167747,5.7368307,2030
5601,r3i1p1f1,2030,05,03,0.0,25.31472,7.5288177,2030
5602,r3i1p1f1,2030,05,04,0.0,27.904173,9.608418,2030
5603,r3i1p1f1,2030,05,05,0.0,29.850502,11.048866,2030
5604,r3i1p1f1,2030,05,06,0.0,32.449104,11.683062,2030
5605,r3i1p1f1,2030,05,07,0.0,29.862782,10.490738,2030
5606,r3i1p1f1,2030,05,08,0.0,27.92126,9.430584,2030
5607,r3i1p1f1,2030,05,09,0.0,32.172047,10.9261055,2030
5608,r3i1p1f1,2030,05,10,0.0,33.56329,14.014136,2030
5609,r3i1p1f1,2030,05,11,0.0,31.393084,12.641162,2030
5610,r3i1p1f1,2030,05,12,0.0,25.264633,7.6287513,2030
5611,r3i1p1f1,2030,05,13,0.0,24.362879,6.6531544,2030
5612,r3i1p1f1,2030,05,14,0.0,26.434076,8.539947,2030
5613,r3i1p1f1,2030,05,15,0.0,29.122818,9.938773,2030
5614,r3i1p1f1,2030,05,16,0.0,27.247684,8.917811,2030
5615,r3i1p1f1,2030,05,17,0.0,26.240683,8.0985565,2030
5616,r3i1p1f1,2030,05,18,0.0,28.154694,8.492676,2030
5617,r3i1p1f1,2030,05,19,0.0,27.165415,7.9606247,2030
5618,r3i1p1f1,2030,05,20,0.0007177315384262439,21.25736,4.8808923,2030
5619,r3i1p1f1,2030,05,21,0.0,20.174461,3.3789375,2030
5620,r3i1p1f1,2030,05,22,0.0,26.353287,7.2250857,2030
5621,r3i1p1f1,2030,05,23,0.0,28.546339,8.752182,2030
5622,r3i1p1f1,2030,05,24,0.0,26.636593,8.497821,2030
5623,r3i1p1f1,2030,05,25,0.0,28.011068,7.804406,2030
5624,r3i1p1f1,2030,05,26,0.0,27.404432,9.558108,2030
5625,r3i1p1f1,2030,05,27,0.000683305940280358,26.161304,10.552069,2030
5626,r3i1p1f1,2030,05,28,0.0,24.873726,7.326673,2030
5627,r3i1p1f1,2030,05,29,0.0,26.065418,7.2474213,2030
5628,r3i1p1f1,2030,05,30,0.0,29.09209,10.438217,2030
5629,r3i1p1f1,2030,05,31,0.0,29.185726,11.010321,2030
5630,r3i1p1f1,2030,06,01,0.0,29.13698,10.308885,2030
5631,r3i1p1f1,2030,06,02,0.0,30.194494,11.174617,2030
5632,r3i1p1f1,2030,06,03,0.0,29.591305,9.558767,2030
5633,r3i1p1f1,2030,06,04,0.0,27.101578,8.294498,2030
5634,r3i1p1f1,2030,06,05,0.0,26.09549,7.6170974,2030
5635,r3i1p1f1,2030,06,06,0.0,25.522688,7.8596277,2030
5636,r3i1p1f1,2030,06,07,0.0,25.72649,9.082915,2030
5637,r3i1p1f1,2030,06,08,0.0,28.610853,10.368549,2030
5638,r3i1p1f1,2030,06,09,0.0,31.480198,10.555825,2030
5639,r3i1p1f1,2030,06,10,0.0,33.271793,12.574511,2030
5640,r3i1p1f1,2030,06,11,0.0,34.551247,14.574763,2030
5641,r3i1p1f1,2030,06,12,0.0,34.07227,15.129877,2030
5642,r3i1p1f1,2030,06,13,0.0,35.03581,15.332151,2030
5643,r3i1p1f1,2030,06,14,0.0,37.7527,17.314556,2030
5644,r3i1p1f1,2030,06,15,0.0,36.3938,16.780033,2030
5645,r3i1p1f1,2030,06,16,0.0,30.260967,12.280778,2030
5646,r3i1p1f1,2030,06,17,0.0,28.457678,9.863406,2030
5647,r3i1p1f1,2030,06,18,0.0,33.384026,12.761599,2030
5648,r3i1p1f1,2030,06,19,0.0,34.215694,14.010059,2030
5649,r3i1p1f1,2030,06,20,0.0,34.82646,14.974867,2030
5650,r3i1p1f1,2030,06,21,0.0,34.057484,14.652177,2030
5651,r3i1p1f1,2030,06,22,0.0,33.71489,13.964664,2030
5652,r3i1p1f1,2030,06,23,0.0,33.267582,13.945523,2030
5653,r3i1p1f1,2030,06,24,0.0,34.295906,13.428454,2030
5654,r3i1p1f1,2030,06,25,0.0,33.997337,14.604178,2030
5655,r3i1p1f1,2030,06,26,0.0,32.898453,13.8724165,2030
5656,r3i1p1f1,2030,06,27,0.0,32.68395,15.195837,2030
5657,r3i1p1f1,2030,06,28,0.0,34.111126,14.831536,2030
5658,r3i1p1f1,2030,06,29,0.0,32.737083,14.800973,2030
5659,r3i1p1f1,2030,06,30,0.0,32.816135,14.043194,2030
5660,r3i1p1f1,2030,07,01,0.0,32.714027,14.625573,2030
5661,r3i1p1f1,2030,07,02,0.0,34.716354,15.449711,2030
5662,r3i1p1f1,2030,07,03,0.0,37.005856,17.297682,2030
5663,r3i1p1f1,2030,07,04,0.0,38.951897,18.105356,2030
5664,r3i1p1f1,2030,07,05,0.0,41.435753,18.652456,2030
5665,r3i1p1f1,2030,07,06,0.0,43.809322,20.194294,2030
5666,r3i1p1f1,2030,07,07,0.0,43.123604,21.006447,2030
5667,r3i1p1f1,2030,07,08,0.0,39.616196,18.639368,2030
5668,r3i1p1f1,2030,07,09,0.0,38.597584,17.774246,2030
5669,r3i1p1f1,2030,07,10,0.0,38.360065,18.321064,2030
5670,r3i1p1f1,2030,07,11,0.0,38.25466,18.786028,2030
5671,r3i1p1f1,2030,07,12,0.0,35.962135,18.190214,2030
5672,r3i1p1f1,2030,07,13,0.0,31.57749,16.030626,2030
5673,r3i1p1f1,2030,07,14,0.0002774841215630824,32.356613,15.35403,2030
5674,r3i1p1f1,2030,07,15,0.0,34.286003,15.317173,2030
5675,r3i1p1f1,2030,07,16,0.0,32.495472,14.281306,2030
5676,r3i1p1f1,2030,07,17,0.0,27.572979,11.502488,2030
5677,r3i1p1f1,2030,07,18,0.0,26.954657,9.987923,2030
5678,r3i1p1f1,2030,07,19,0.0,28.290016,10.803964,2030
5679,r3i1p1f1,2030,07,20,0.0,31.262907,13.207644,2030
5680,r3i1p1f1,2030,07,21,0.0,33.550682,15.329731,2030
5681,r3i1p1f1,2030,07,22,0.0,34.26346,16.06431,2030
5682,r3i1p1f1,2030,07,23,0.0,36.129986,16.6837,2030
5683,r3i1p1f1,2030,07,24,0.005003503650765528,36.55414,17.765457,2030
5684,r3i1p1f1,2030,07,25,0.0,39.241276,18.837517,2030
5685,r3i1p1f1,2030,07,26,1.6823775434617843,40.213127,22.012146,2030
5686,r3i1p1f1,2030,07,27,0.02448055660793078,40.197483,20.298876,2030
5687,r3i1p1f1,2030,07,28,0.014083675729731718,38.222733,20.15438,2030
5688,r3i1p1f1,2030,07,29,0.002557066918322534,36.59138,18.1048,2030
5689,r3i1p1f1,2030,07,30,0.089849990202338,35.531322,18.070997,2030
5690,r3i1p1f1,2030,07,31,0.16208128596190363,34.55876,17.441477,2030
5691,r3i1p1f1,2030,08,01,1.9932486355581644,32.600174,15.948837,2030
5692,r3i1p1f1,2030,08,02,0.6497012513886368,32.088707,17.227459,2030
5693,r3i1p1f1,2030,08,03,0.156402145768163,34.126766,15.865527,2030
5694,r3i1p1f1,2030,08,04,0.1246778348683041,34.895355,16.265707,2030
5695,r3i1p1f1,2030,08,05,0.13823932404083086,34.872047,17.38026,2030
5696,r3i1p1f1,2030,08,06,0.0,34.888107,16.312925,2030
5697,r3i1p1f1,2030,08,07,0.0,34.441162,16.431,2030
5698,r3i1p1f1,2030,08,08,0.0,33.511654,15.104444,2030
5699,r3i1p1f1,2030,08,09,0.0,33.167347,14.51354,2030
5700,r3i1p1f1,2030,08,10,0.0,32.347847,13.650543,2030
5701,r3i1p1f1,2030,08,11,0.0,31.140461,13.653581,2030
5702,r3i1p1f1,2030,08,12,0.0,30.003515,13.0056305,2030
5703,r3i1p1f1,2030,08,13,0.0,31.95961,13.608944,2030
5704,r3i1p1f1,2030,08,14,0.0,34.141098,14.648536,2030
5705,r3i1p1f1,2030,08,15,0.0,34.505203,14.823685,2030
5706,r3i1p1f1,2030,08,16,0.0,33.902565,14.695849,2030
5707,r3i1p1f1,2030,08,17,0.0,34.936447,14.9689045,2030
5708,r3i1p1f1,2030,08,18,0.0,33.86927,15.112362,2030
5709,r3i1p1f1,2030,08,19,0.03979902665102572,31.649544,14.095288,2030
5710,r3i1p1f1,2030,08,20,0.0,31.457422,13.641605,2030
5711,r3i1p1f1,2030,08,21,0.0,33.039375,13.303348,2030
5712,r3i1p1f1,2030,08,22,0.001557292275582299,34.382587,14.940115,2030
5713,r3i1p1f1,2030,08,23,0.0,33.505585,13.576198,2030
5714,r3i1p1f1,2030,08,24,0.0,30.586588,11.730478,2030
5715,r3i1p1f1,2030,08,25,0.0,32.665195,13.120046,2030
5716,r3i1p1f1,2030,08,26,0.000674760773439299,32.695446,13.543018,2030
5717,r3i1p1f1,2030,08,27,0.04171352464860926,31.309267,12.284177,2030
5718,r3i1p1f1,2030,08,28,0.0023818863414679513,27.564386,9.631875,2030
5719,r3i1p1f1,2030,08,29,0.0,27.481625,9.011293,2030
5720,r3i1p1f1,2030,08,30,0.0,29.649305,11.57893,2030
5721,r3i1p1f1,2030,08,31,0.0,33.60483,13.387595,2030
5722,r3i1p1f1,2030,09,01,0.0,35.05336,17.458147,2030
5723,r3i1p1f1,2030,09,02,0.06225269553286842,34.23893,16.471722,2030
5724,r3i1p1f1,2030,09,03,0.11451726348516814,32.757572,15.051087,2030
5725,r3i1p1f1,2030,09,04,0.0,33.916676,17.019825,2030
5726,r3i1p1f1,2030,09,05,0.008532096504826437,35.457493,15.72372,2030
5727,r3i1p1f1,2030,09,06,0.3551963319676526,34.924774,16.575647,2030
5728,r3i1p1f1,2030,09,07,3.7056581799559796,32.22723,16.641747,2030
5729,r3i1p1f1,2030,09,08,2.875811627406041,31.501497,16.343142,2030
5730,r3i1p1f1,2030,09,09,0.00668028615605594,32.896553,16.69172,2030
5731,r3i1p1f1,2030,09,10,0.07785192559822462,31.727266,15.084246,2030
5732,r3i1p1f1,2030,09,11,0.14079303020756043,31.851965,15.06693,2030
5733,r3i1p1f1,2030,09,12,0.06499242445870275,31.077045,13.6547575,2030
5734,r3i1p1f1,2030,09,13,0.0002524817704618203,29.403532,12.651072,2030
5735,r3i1p1f1,2030,09,14,0.04924135593076547,28.51472,12.988282,2030
5736,r3i1p1f1,2030,09,15,0.0033794267096020508,30.45109,13.404865,2030
5737,r3i1p1f1,2030,09,16,0.08155401914281714,31.312735,13.7821,2030
5738,r3i1p1f1,2030,09,17,0.009137225693972472,28.94914,12.057091,2030
5739,r3i1p1f1,2030,09,18,3.920070770563501e-05,26.860474,10.246513,2030
5740,r3i1p1f1,2030,09,19,0.018956286375848293,24.825615,7.9686394,2030
5741,r3i1p1f1,2030,09,20,0.44503498996853136,24.980825,8.480305,2030
5742,r3i1p1f1,2030,09,21,0.010320163723504678,26.939392,10.145451,2030
5743,r3i1p1f1,2030,09,22,0.0,30.058985,12.192586,2030
5744,r3i1p1f1,2030,09,23,0.0,30.918463,13.184793,2030
5745,r3i1p1f1,2030,09,24,0.0,30.612503,12.761425,2030
5746,r3i1p1f1,2030,09,25,0.0,30.039587,11.496524,2030
5747,r3i1p1f1,2030,09,26,0.0,30.201172,12.325607,2030
5748,r3i1p1f1,2030,09,27,0.0073064753263624325,30.850878,12.447352,2030
5749,r3i1p1f1,2030,09,28,0.002636475008771275,31.28784,12.172757,2030
5750,r3i1p1f1,2030,09,29,0.0024105197834697637,31.493544,12.500169,2030
5751,r3i1p1f1,2030,09,30,0.00252455793088302,30.509304,12.015181,2030
5752,r3i1p1f1,2030,10,01,0.0,32.024734,12.6412115,2030
5753,r3i1p1f1,2030,10,02,0.0,31.833681,12.790442,2030
5754,r3i1p1f1,2030,10,03,0.0,30.216894,12.012409,2030
5755,r3i1p1f1,2030,10,04,0.0,32.36031,13.124545,2030
5756,r3i1p1f1,2030,10,05,0.0,30.300375,12.318064,2030
5757,r3i1p1f1,2030,10,06,0.0,27.772385,9.184787,2030
5758,r3i1p1f1,2030,10,07,0.0,29.105072,11.00872,2030
5759,r3i1p1f1,2030,10,08,0.0,32.015064,12.525303,2030
5760,r3i1p1f1,2030,10,09,0.0,32.39288,13.675492,2030
5761,r3i1p1f1,2030,10,10,0.0,32.762318,13.0236025,2030
5762,r3i1p1f1,2030,10,11,0.0,32.77659,13.278632,2030
5763,r3i1p1f1,2030,10,12,0.0,33.693176,15.177771,2030
5764,r3i1p1f1,2030,10,13,0.0,33.695568,16.440193,2030
5765,r3i1p1f1,2030,10,14,0.013736532542459441,30.68538,14.135084,2030
5766,r3i1p1f1,2030,10,15,0.0,29.210035,11.627893,2030
5767,r3i1p1f1,2030,10,16,0.0012815673130028176,29.00086,11.28131,2030
5768,r3i1p1f1,2030,10,17,0.0,33.881603,14.185688,2030
5769,r3i1p1f1,2030,10,18,0.0,35.457294,16.119503,2030
5770,r3i1p1f1,2030,10,19,0.5919446968641061,34.073364,17.53024,2030
5771,r3i1p1f1,2030,10,20,2.1129067745884336,26.00154,10.671776,2030
5772,r3i1p1f1,2030,10,21,0.5170350097112973,22.991587,8.631141,2030
5773,r3i1p1f1,2030,10,22,0.0,22.418207,8.049032,2030
5774,r3i1p1f1,2030,10,23,0.0,23.525948,8.000849,2030
5775,r3i1p1f1,2030,10,24,0.0,23.630796,7.984911,2030
5776,r3i1p1f1,2030,10,25,0.0,27.458858,10.855293,2030
5777,r3i1p1f1,2030,10,26,0.0,29.848463,11.697161,2030
5778,r3i1p1f1,2030,10,27,0.0,26.9148,9.229423,2030
5779,r3i1p1f1,2030,10,28,0.0,18.183706,3.5236619,2030
5780,r3i1p1f1,2030,10,29,0.0,17.898024,1.4508677,2030
5781,r3i1p1f1,2030,10,30,0.0,21.049376,3.6962376,2030
5782,r3i1p1f1,2030,10,31,0.0,24.633127,7.677069,2030
5783,r3i1p1f1,2030,11,01,0.0,25.784246,8.110945,2030
5784,r3i1p1f1,2030,11,02,0.0,22.976946,5.330416,2030
5785,r3i1p1f1,2030,11,03,0.0,18.894836,3.1578348,2030
5786,r3i1p1f1,2030,11,04,0.0,20.22859,4.2652307,2030
5787,r3i1p1f1,2030,11,05,0.0,21.478075,5.223831,2030
5788,r3i1p1f1,2030,11,06,0.0,21.835669,3.5778213,2030
5789,r3i1p1f1,2030,11,07,0.0,22.530653,3.2703853,2030
5790,r3i1p1f1,2030,11,08,0.0,25.992182,7.2009,2030
5791,r3i1p1f1,2030,11,09,0.11352309091914019,25.504595,10.629574,2030
5792,r3i1p1f1,2030,11,10,0.4138153454021614,22.12459,7.8928723,2030
5793,r3i1p1f1,2030,11,11,0.0,21.451729,3.2974472,2030
5794,r3i1p1f1,2030,11,12,0.0,22.329388,3.5311394,2030
5795,r3i1p1f1,2030,11,13,0.0,19.583754,3.3375754,2030
5796,r3i1p1f1,2030,11,14,0.006164402884402962,16.357126,2.9219737,2030
5797,r3i1p1f1,2030,11,15,0.6238946764861022,15.411648,2.6229506,2030
5798,r3i1p1f1,2030,11,16,0.664314454783876,14.292763,0.68994594,2030
5799,r3i1p1f1,2030,11,17,5.707643599054074,13.182319,3.1155887,2030
5800,r3i1p1f1,2030,11,18,0.5316462446882558,10.014344,-1.8564453,2030
5801,r3i1p1f1,2030,11,19,4.733948888357245,11.323313,0.40871128,2030
5802,r3i1p1f1,2030,11,20,11.049472306322334,11.018166,1.1573606,2030
5803,r3i1p1f1,2030,11,21,14.842040284279253,10.739534,0.74024194,2030
5804,r3i1p1f1,2030,11,22,0.04389285247959902,10.294236,-2.201573,2030
5805,r3i1p1f1,2030,11,23,2.7816217879626493,11.273439,3.1043415,2030
5806,r3i1p1f1,2030,11,24,0.0021287436230164585,10.477611,-2.2269619,2030
5807,r3i1p1f1,2030,11,25,0.0036915662613782015,13.126986,-0.8819799,2030
5808,r3i1p1f1,2030,11,26,4.581387849722171e-05,16.578266,1.1211094,2030
5809,r3i1p1f1,2030,11,27,0.0,17.623545,3.7568488,2030
5810,r3i1p1f1,2030,11,28,0.01774066391535047,16.488672,4.3610973,2030
5811,r3i1p1f1,2030,11,29,0.0007543872308098909,16.076618,2.68222,2030
5812,r3i1p1f1,2030,11,30,0.2240141090883161,17.745752,5.5252137,2030
5813,r3i1p1f1,2030,12,01,0.00035967145143358994,16.455334,4.2259984,2030
5814,r3i1p1f1,2030,12,02,0.05372201567903782,15.7889805,4.557277,2030
5815,r3i1p1f1,2030,12,03,0.0,17.269718,5.079178,2030
5816,r3i1p1f1,2030,12,04,0.0,18.667665,4.7424703,2030
5817,r3i1p1f1,2030,12,05,0.0,17.417242,4.531514,2030
5818,r3i1p1f1,2030,12,06,0.0,19.308384,6.7576537,2030
5819,r3i1p1f1,2030,12,07,0.0,21.950657,7.4842067,2030
5820,r3i1p1f1,2030,12,08,0.0,20.63701,7.3694305,2030
5821,r3i1p1f1,2030,12,09,0.0717840826219992,15.88284,4.6361084,2030
5822,r3i1p1f1,2030,12,10,0.0,13.033542,-0.059134148,2030
5823,r3i1p1f1,2030,12,11,0.0,15.340165,0.45115647,2030
5824,r3i1p1f1,2030,12,12,0.0,19.089222,3.935696,2030
5825,r3i1p1f1,2030,12,13,0.0,19.241482,4.17292,2030
5826,r3i1p1f1,2030,12,14,0.0,18.285364,3.8759596,2030
5827,r3i1p1f1,2030,12,15,0.0,19.068048,4.60279,2030
5828,r3i1p1f1,2030,12,16,0.0,19.336382,6.8098993,2030
5829,r3i1p1f1,2030,12,17,0.0,20.70485,7.102824,2030
5830,r3i1p1f1,2030,12,18,9.323888852752244,19.378952,7.6149445,2030
5831,r3i1p1f1,2030,12,19,0.05909211079900464,9.682206,-0.73876876,2030
5832,r3i1p1f1,2030,12,20,0.0,11.471986,0.38483462,2030
5833,r3i1p1f1,2030,12,21,0.5876804079582254,13.457613,2.9554465,2030
5834,r3i1p1f1,2030,12,22,0.01421093382470479,12.218245,-0.20831876,2030
5835,r3i1p1f1,2030,12,23,0.35420435540055967,11.071314,0.5669687,2030
5836,r3i1p1f1,2030,12,24,0.0,10.183955,-2.580059,2030
5837,r3i1p1f1,2030,12,25,0.0,11.363211,-1.7155547,2030
5838,r3i1p1f1,2030,12,26,0.0,14.706605,0.33463225,2030
5839,r3i1p1f1,2030,12,27,0.0,14.398657,2.104255,2030
5840,r3i1p1f1,2030,12,28,0.0,15.63589,2.8696043,2030
5841,r3i1p1f1,2030,12,29,0.0,18.760609,5.2091923,2030
5842,r3i1p1f1,2030,12,30,0.0,20.144945,6.320451,2030
5843,r3i1p1f1,2030,12,31,0.0,21.288935,7.4581184,2030
5844,r3i1p1f1,2031,01,01,0.017716795978644354,19.752785,7.173314,2031
5845,r3i1p1f1,2031,01,02,0.0,16.344547,6.0441,2031
5846,r3i1p1f1,2031,01,03,0.0,15.806061,2.441332,2031
5847,r3i1p1f1,2031,01,04,0.0,16.218235,2.0888197,2031
5848,r3i1p1f1,2031,01,05,0.0,17.795662,5.1972966,2031
5849,r3i1p1f1,2031,01,06,0.0,17.856052,3.0971012,2031
5850,r3i1p1f1,2031,01,07,0.0,16.456488,2.7771995,2031
5851,r3i1p1f1,2031,01,08,10.07781151525595,14.519896,4.377629,2031
5852,r3i1p1f1,2031,01,09,0.9439061738212882,9.152654,1.538907,2031
5853,r3i1p1f1,2031,01,10,0.0,9.104224,-0.32788908,2031
5854,r3i1p1f1,2031,01,11,0.0,10.849359,-2.4299457,2031
5855,r3i1p1f1,2031,01,12,0.0,13.125245,-1.5198739,2031
5856,r3i1p1f1,2031,01,13,0.009912475436453171,12.753686,1.4772742,2031
5857,r3i1p1f1,2031,01,14,0.0,12.9625435,3.661286,2031
5858,r3i1p1f1,2031,01,15,0.0,17.292284,3.374495,2031
5859,r3i1p1f1,2031,01,16,0.0,15.807593,2.5029256,2031
5860,r3i1p1f1,2031,01,17,0.0,13.577903,0.4604329,2031
5861,r3i1p1f1,2031,01,18,0.0,12.244908,-1.1014097,2031
5862,r3i1p1f1,2031,01,19,0.0,13.016089,-0.5766454,2031
5863,r3i1p1f1,2031,01,20,0.0,15.105156,0.886537,2031
5864,r3i1p1f1,2031,01,21,0.0,15.43215,1.3754646,2031
5865,r3i1p1f1,2031,01,22,0.0,14.993259,1.4177083,2031
5866,r3i1p1f1,2031,01,23,0.0,15.151705,1.6518799,2031
5867,r3i1p1f1,2031,01,24,0.0,16.248425,1.6711417,2031
5868,r3i1p1f1,2031,01,25,1.7060260275188326e-06,14.867507,1.8493397,2031
5869,r3i1p1f1,2031,01,26,0.745394681607305,13.138568,1.7503487,2031
5870,r3i1p1f1,2031,01,27,8.425680076686673,11.920174,6.547204,2031
5871,r3i1p1f1,2031,01,28,0.008358138593118356,9.905489,-2.2159882,2031
5872,r3i1p1f1,2031,01,29,0.0,6.5098596,-6.358237,2031
5873,r3i1p1f1,2031,01,30,0.0,10.107433,-3.875178,2031
5874,r3i1p1f1,2031,01,31,0.0,12.560995,-2.0134199,2031
5875,r3i1p1f1,2031,02,01,0.0,14.0370035,-0.7320882,2031
5876,r3i1p1f1,2031,02,02,0.0,15.132731,1.0169281,2031
5877,r3i1p1f1,2031,02,03,0.0,16.015518,1.2323453,2031
5878,r3i1p1f1,2031,02,04,0.0,16.562721,1.3592213,2031
5879,r3i1p1f1,2031,02,05,0.0,17.942446,2.9268014,2031
5880,r3i1p1f1,2031,02,06,0.0,18.075592,4.77301,2031
5881,r3i1p1f1,2031,02,07,0.15550451883455302,15.669086,4.7624125,2031
5882,r3i1p1f1,2031,02,08,0.06293541621275697,12.66009,0.015277038,2031
5883,r3i1p1f1,2031,02,09,0.0,16.572113,0.44101995,2031
5884,r3i1p1f1,2031,02,10,0.0,17.962479,2.7468896,2031
5885,r3i1p1f1,2031,02,11,0.0,20.630163,6.0081797,2031
5886,r3i1p1f1,2031,02,12,0.0,23.291243,6.0360165,2031
5887,r3i1p1f1,2031,02,13,0.0022785425371142937,21.896576,7.2961745,2031
5888,r3i1p1f1,2031,02,14,0.1450054879143698,19.25741,5.4452353,2031
5889,r3i1p1f1,2031,02,15,0.0002715156740646996,18.965214,3.9797971,2031
5890,r3i1p1f1,2031,02,16,13.54774861807307,18.120325,6.408304,2031
5891,r3i1p1f1,2031,02,17,1.6886184266816902,14.118725,4.962426,2031
5892,r3i1p1f1,2031,02,18,0.5229277634913732,15.808267,2.1681528,2031
5893,r3i1p1f1,2031,02,19,10.497227318549752,13.632501,3.021546,2031
5894,r3i1p1f1,2031,02,20,18.42096638741416,10.54516,2.4250717,2031
5895,r3i1p1f1,2031,02,21,6.460408695643448,10.278867,0.4519083,2031
5896,r3i1p1f1,2031,02,22,4.300526264662701,9.866686,0.6408658,2031
5897,r3i1p1f1,2031,02,23,2.292966106450408,9.808861,-0.47748902,2031
5898,r3i1p1f1,2031,02,24,3.860303212669819,9.073408,1.8141307,2031
5899,r3i1p1f1,2031,02,25,1.714266389449635,9.970279,-1.9327614,2031
5900,r3i1p1f1,2031,02,26,0.011830955846755498,10.008775,0.4804221,2031
5901,r3i1p1f1,2031,02,27,0.023397228109057654,14.188256,0.3807669,2031
5902,r3i1p1f1,2031,02,28,0.0,18.511381,2.9304557,2031
5903,r3i1p1f1,2031,03,01,0.0,19.213451,2.1949706,2031
5904,r3i1p1f1,2031,03,02,0.05793197187014095,17.869343,3.8117697,2031
5905,r3i1p1f1,2031,03,03,0.27721699801711086,13.934568,2.9509907,2031
5906,r3i1p1f1,2031,03,04,0.0,12.543378,-1.6460088,2031
5907,r3i1p1f1,2031,03,05,0.0033236896111206574,13.572109,0.48427865,2031
5908,r3i1p1f1,2031,03,06,0.06927971998017958,16.684319,1.5124141,2031
5909,r3i1p1f1,2031,03,07,0.17027638550092833,17.737251,1.6219593,2031
5910,r3i1p1f1,2031,03,08,0.10183682345086709,17.945745,3.5012147,2031
5911,r3i1p1f1,2031,03,09,0.0020162872511498404,17.408876,0.5753665,2031
5912,r3i1p1f1,2031,03,10,0.7926690201047952,16.111069,0.7446117,2031
5913,r3i1p1f1,2031,03,11,0.31843936488395697,11.292558,-1.4725292,2031
5914,r3i1p1f1,2031,03,12,0.0,14.47475,-2.5279522,2031
5915,r3i1p1f1,2031,03,13,0.2408064753801613,14.3815775,1.4563646,2031
5916,r3i1p1f1,2031,03,14,3.654037248396145,10.860805,0.2601878,2031
5917,r3i1p1f1,2031,03,15,0.4535908353153156,11.933159,-0.09626243,2031
5918,r3i1p1f1,2031,03,16,0.0,15.374602,-1.828128,2031
5919,r3i1p1f1,2031,03,17,0.004192570526025851,17.9594,1.8443913,2031
5920,r3i1p1f1,2031,03,18,0.0,19.510422,3.468423,2031
5921,r3i1p1f1,2031,03,19,0.0,22.92124,5.2655144,2031
5922,r3i1p1f1,2031,03,20,0.0,23.694475,7.301679,2031
5923,r3i1p1f1,2031,03,21,0.0,24.20864,7.3995132,2031
5924,r3i1p1f1,2031,03,22,0.0,24.488932,7.217753,2031
5925,r3i1p1f1,2031,03,23,0.0,23.673273,7.0197406,2031
5926,r3i1p1f1,2031,03,24,0.0,25.614342,7.3625526,2031
5927,r3i1p1f1,2031,03,25,0.0,27.408167,8.296132,2031
5928,r3i1p1f1,2031,03,26,2.5536240987981507,24.79116,9.117676,2031
5929,r3i1p1f1,2031,03,27,0.1938045493348413,20.06732,8.095512,2031
5930,r3i1p1f1,2031,03,28,0.016194272355994944,21.533916,7.9025965,2031
5931,r3i1p1f1,2031,03,29,0.0,21.365362,3.9202433,2031
5932,r3i1p1f1,2031,03,30,0.0,20.664227,5.426113,2031
5933,r3i1p1f1,2031,03,31,0.0,24.104452,5.5735364,2031
5934,r3i1p1f1,2031,04,01,0.0,28.428673,9.54939,2031
5935,r3i1p1f1,2031,04,02,0.0,30.196001,11.305285,2031
5936,r3i1p1f1,2031,04,03,0.0,30.714823,11.560779,2031
5937,r3i1p1f1,2031,04,04,0.0,30.176332,9.872726,2031
5938,r3i1p1f1,2031,04,05,0.03198847620462237,26.243887,8.507169,2031
5939,r3i1p1f1,2031,04,06,0.6298323481777598,17.00465,7.4888196,2031
5940,r3i1p1f1,2031,04,07,0.073178542884169,15.005808,-1.3423095,2031
5941,r3i1p1f1,2031,04,08,0.08401046505076176,14.215111,-0.12467338,2031
5942,r3i1p1f1,2031,04,09,0.009920012133520548,17.485725,-0.74710846,2031
5943,r3i1p1f1,2031,04,10,1.1344592461325715,17.620522,0.64900064,2031
5944,r3i1p1f1,2031,04,11,10.695467335514573,16.142586,4.763864,2031
5945,r3i1p1f1,2031,04,12,16.785448096123382,15.654469,5.539224,2031
5946,r3i1p1f1,2031,04,13,2.356290861245284,11.905087,1.9568173,2031
5947,r3i1p1f1,2031,04,14,0.02249749146192864,14.071696,0.035374526,2031
5948,r3i1p1f1,2031,04,15,0.0006786896141641067,18.986786,0.94967294,2031
5949,r3i1p1f1,2031,04,16,0.0,20.376928,2.3663921,2031
5950,r3i1p1f1,2031,04,17,0.0,21.880032,3.940487,2031
5951,r3i1p1f1,2031,04,18,0.0,21.808052,5.667131,2031
5952,r3i1p1f1,2031,04,19,0.014174156610599974,21.427004,8.201887,2031
5953,r3i1p1f1,2031,04,20,0.2680508231379931,22.575363,5.831006,2031
5954,r3i1p1f1,2031,04,21,0.03721872769484903,21.155985,4.8352637,2031
5955,r3i1p1f1,2031,04,22,9.43722482065134e-05,21.390682,4.634132,2031
5956,r3i1p1f1,2031,04,23,0.0,22.53409,6.62827,2031
5957,r3i1p1f1,2031,04,24,0.0,23.986982,5.885955,2031
5958,r3i1p1f1,2031,04,25,0.0011465356995662053,23.668718,5.5162377,2031
5959,r3i1p1f1,2031,04,26,14.067005548424662,19.060884,5.858891,2031
5960,r3i1p1f1,2031,04,27,3.45854417716413,16.310324,5.456105,2031
5961,r3i1p1f1,2031,04,28,0.07395233529457597,18.728827,5.36891,2031
5962,r3i1p1f1,2031,04,29,0.0,21.209576,6.1063566,2031
5963,r3i1p1f1,2031,04,30,0.0,24.819374,7.717312,2031
5964,r3i1p1f1,2031,05,01,0.07266627188955406,26.607439,10.762728,2031
5965,r3i1p1f1,2031,05,02,0.0,25.784027,9.025586,2031
5966,r3i1p1f1,2031,05,03,0.0,22.765446,6.6019616,2031
5967,r3i1p1f1,2031,05,04,0.0,20.838896,7.699146,2031
5968,r3i1p1f1,2031,05,05,0.0,22.229462,7.283211,2031
5969,r3i1p1f1,2031,05,06,0.0,24.299067,7.706819,2031
5970,r3i1p1f1,2031,05,07,0.0,27.334795,7.704977,2031
5971,r3i1p1f1,2031,05,08,0.0,28.815622,11.366785,2031
5972,r3i1p1f1,2031,05,09,0.0,26.881706,9.3524885,2031
5973,r3i1p1f1,2031,05,10,0.0,25.475515,7.148552,2031
5974,r3i1p1f1,2031,05,11,0.0,24.801933,6.3322334,2031
5975,r3i1p1f1,2031,05,12,0.001172015027171283,22.437511,6.340783,2031
5976,r3i1p1f1,2031,05,13,0.0,24.195004,5.989243,2031
5977,r3i1p1f1,2031,05,14,0.0,29.638376,9.84412,2031
5978,r3i1p1f1,2031,05,15,0.0,30.683828,11.425742,2031
5979,r3i1p1f1,2031,05,16,0.0,26.708347,8.129701,2031
5980,r3i1p1f1,2031,05,17,0.0,24.914268,5.08048,2031
5981,r3i1p1f1,2031,05,18,0.0,24.618444,6.76683,2031
5982,r3i1p1f1,2031,05,19,0.0,24.503826,9.024596,2031
5983,r3i1p1f1,2031,05,20,0.00048422848384220606,21.545855,5.583525,2031
5984,r3i1p1f1,2031,05,21,0.0016010921866505998,18.321928,2.5460515,2031
5985,r3i1p1f1,2031,05,22,0.0,21.202076,3.2024717,2031
5986,r3i1p1f1,2031,05,23,0.0,23.369726,4.8869123,2031
5987,r3i1p1f1,2031,05,24,0.0,26.610504,7.7072406,2031
5988,r3i1p1f1,2031,05,25,0.0,28.529078,9.779949,2031
5989,r3i1p1f1,2031,05,26,0.0,30.714106,11.542767,2031
5990,r3i1p1f1,2031,05,27,0.0,29.818642,10.811951,2031
5991,r3i1p1f1,2031,05,28,0.0,30.56082,11.493857,2031
5992,r3i1p1f1,2031,05,29,0.0,29.408321,11.303412,2031
5993,r3i1p1f1,2031,05,30,0.0,29.034115,11.468911,2031
5994,r3i1p1f1,2031,05,31,0.0,28.749542,10.885188,2031
5995,r3i1p1f1,2031,06,01,0.0,29.927326,10.671696,2031
5996,r3i1p1f1,2031,06,02,0.0,29.355095,10.644086,2031
5997,r3i1p1f1,2031,06,03,0.0,26.567986,9.81944,2031
5998,r3i1p1f1,2031,06,04,0.0,26.238672,9.77167,2031
5999,r3i1p1f1,2031,06,05,0.015609973307811853,26.114605,8.343009,2031
6000,r3i1p1f1,2031,06,06,0.19559082273520867,28.489016,10.8965225,2031
6001,r3i1p1f1,2031,06,07,0.21637221661159967,31.184933,12.630677,2031
6002,r3i1p1f1,2031,06,08,0.02300255905014858,31.9101,13.386318,2031
6003,r3i1p1f1,2031,06,09,0.0017247156762151103,33.165672,12.86419,2031
6004,r3i1p1f1,2031,06,10,0.0,32.38316,12.706096,2031
6005,r3i1p1f1,2031,06,11,0.0,30.238478,11.993488,2031
6006,r3i1p1f1,2031,06,12,0.0,32.3385,12.70936,2031
6007,r3i1p1f1,2031,06,13,0.0,33.446865,13.773983,2031
6008,r3i1p1f1,2031,06,14,0.0,33.413456,13.690355,2031
6009,r3i1p1f1,2031,06,15,0.0,34.98029,15.163847,2031
6010,r3i1p1f1,2031,06,16,0.0,35.358387,15.135831,2031
6011,r3i1p1f1,2031,06,17,0.0,33.955494,13.874876,2031
6012,r3i1p1f1,2031,06,18,0.0,30.439447,12.190646,2031
6013,r3i1p1f1,2031,06,19,0.0,27.156672,10.211839,2031
6014,r3i1p1f1,2031,06,20,0.0,27.430868,10.158696,2031
6015,r3i1p1f1,2031,06,21,0.0,29.109568,10.986057,2031
6016,r3i1p1f1,2031,06,22,0.0,33.14203,13.145374,2031
6017,r3i1p1f1,2031,06,23,0.0,36.269,15.058783,2031
6018,r3i1p1f1,2031,06,24,0.0,34.848907,15.061231,2031
6019,r3i1p1f1,2031,06,25,0.0,33.86,13.6197605,2031
6020,r3i1p1f1,2031,06,26,0.0,31.594564,12.0610075,2031
6021,r3i1p1f1,2031,06,27,0.0,27.77946,9.625014,2031
6022,r3i1p1f1,2031,06,28,0.0,27.084538,10.378475,2031
6023,r3i1p1f1,2031,06,29,0.0,27.441515,10.993173,2031
6024,r3i1p1f1,2031,06,30,0.0,31.993494,12.368032,2031
6025,r3i1p1f1,2031,07,01,0.0,35.177807,15.49922,2031
6026,r3i1p1f1,2031,07,02,0.0,36.715073,16.032364,2031
6027,r3i1p1f1,2031,07,03,0.0,36.862736,16.385899,2031
6028,r3i1p1f1,2031,07,04,0.0,36.124817,16.023525,2031
6029,r3i1p1f1,2031,07,05,0.0,36.795124,17.15272,2031
6030,r3i1p1f1,2031,07,06,0.0,36.411755,16.799496,2031
6031,r3i1p1f1,2031,07,07,0.0,33.88969,14.304427,2031
6032,r3i1p1f1,2031,07,08,0.0,32.578445,14.177934,2031
6033,r3i1p1f1,2031,07,09,0.0,32.95818,14.496007,2031
6034,r3i1p1f1,2031,07,10,0.0,34.338245,15.483756,2031
6035,r3i1p1f1,2031,07,11,0.0,34.89773,15.882148,2031
6036,r3i1p1f1,2031,07,12,0.0,36.10503,16.35287,2031
6037,r3i1p1f1,2031,07,13,0.0,35.58279,15.863899,2031
6038,r3i1p1f1,2031,07,14,0.0,35.227036,17.12877,2031
6039,r3i1p1f1,2031,07,15,0.0,35.229347,17.616663,2031
6040,r3i1p1f1,2031,07,16,0.0,33.933586,16.45167,2031
6041,r3i1p1f1,2031,07,17,0.0,34.387676,16.70698,2031
6042,r3i1p1f1,2031,07,18,0.0,35.04169,16.89255,2031
6043,r3i1p1f1,2031,07,19,0.0,35.734215,16.087683,2031
6044,r3i1p1f1,2031,07,20,0.0,35.484085,16.265028,2031
6045,r3i1p1f1,2031,07,21,0.0,36.18261,17.292095,2031
6046,r3i1p1f1,2031,07,22,0.0,36.566616,17.754093,2031
6047,r3i1p1f1,2031,07,23,0.0,35.04915,16.228336,2031
6048,r3i1p1f1,2031,07,24,0.0,35.39957,16.655918,2031
6049,r3i1p1f1,2031,07,25,0.0,35.102432,15.973663,2031
6050,r3i1p1f1,2031,07,26,0.0,35.689175,17.228754,2031
6051,r3i1p1f1,2031,07,27,0.0,35.867943,17.497025,2031
6052,r3i1p1f1,2031,07,28,0.0,36.33161,17.217493,2031
6053,r3i1p1f1,2031,07,29,0.0,36.525063,17.434614,2031
6054,r3i1p1f1,2031,07,30,0.0,36.366753,16.72144,2031
6055,r3i1p1f1,2031,07,31,0.006924316500468801,36.410057,19.53972,2031
6056,r3i1p1f1,2031,08,01,0.0026740493591536174,37.34421,20.109266,2031
6057,r3i1p1f1,2031,08,02,0.0,37.49858,20.351734,2031
6058,r3i1p1f1,2031,08,03,0.0,36.603233,17.749859,2031
6059,r3i1p1f1,2031,08,04,0.0,35.15329,15.167359,2031
6060,r3i1p1f1,2031,08,05,0.0,33.7041,14.876347,2031
6061,r3i1p1f1,2031,08,06,0.001613362833405986,33.181454,15.353329,2031
6062,r3i1p1f1,2031,08,07,0.0,32.29554,14.373138,2031
6063,r3i1p1f1,2031,08,08,0.0,31.355825,13.414687,2031
6064,r3i1p1f1,2031,08,09,0.0,29.69126,12.568427,2031
6065,r3i1p1f1,2031,08,10,0.0,30.160603,11.337127,2031
6066,r3i1p1f1,2031,08,11,0.0,31.961258,12.506707,2031
6067,r3i1p1f1,2031,08,12,0.0,33.452583,14.787275,2031
6068,r3i1p1f1,2031,08,13,0.0,33.171158,15.066249,2031
6069,r3i1p1f1,2031,08,14,0.4115622916574604,30.821352,13.820693,2031
6070,r3i1p1f1,2031,08,15,0.0,28.63896,11.412926,2031
6071,r3i1p1f1,2031,08,16,0.0,28.89153,10.979086,2031
6072,r3i1p1f1,2031,08,17,0.0,30.876644,11.781549,2031
6073,r3i1p1f1,2031,08,18,0.0,30.730556,11.821128,2031
6074,r3i1p1f1,2031,08,19,0.0,30.780443,12.204246,2031
6075,r3i1p1f1,2031,08,20,0.0,32.45822,13.017425,2031
6076,r3i1p1f1,2031,08,21,0.0,34.816845,14.249809,2031
6077,r3i1p1f1,2031,08,22,0.0,34.89938,15.498014,2031
6078,r3i1p1f1,2031,08,23,0.0,34.2168,14.05673,2031
6079,r3i1p1f1,2031,08,24,0.0029970975028294506,34.507458,15.921685,2031
6080,r3i1p1f1,2031,08,25,0.005051280639952783,35.200176,15.942946,2031
6081,r3i1p1f1,2031,08,26,0.19056941615858566,34.09506,17.460505,2031
6082,r3i1p1f1,2031,08,27,0.02419983352548584,33.418327,14.767565,2031
6083,r3i1p1f1,2031,08,28,0.01249199955826484,34.847317,14.891522,2031
6084,r3i1p1f1,2031,08,29,0.18945605869345,35.63066,17.125643,2031
6085,r3i1p1f1,2031,08,30,3.2316295273609064,34.711437,16.970072,2031
6086,r3i1p1f1,2031,08,31,1.4002288416447823,34.795135,17.022032,2031
6087,r3i1p1f1,2031,09,01,0.9254694752345324,34.676636,17.280071,2031
6088,r3i1p1f1,2031,09,02,0.13308029995779647,36.065727,17.315327,2031
6089,r3i1p1f1,2031,09,03,0.10058424909595598,37.45186,18.752949,2031
6090,r3i1p1f1,2031,09,04,0.4371358092612354,37.14311,18.585873,2031
6091,r3i1p1f1,2031,09,05,0.0,35.99982,17.469263,2031
6092,r3i1p1f1,2031,09,06,0.0,34.87721,16.296076,2031
6093,r3i1p1f1,2031,09,07,0.0,35.011204,16.244524,2031
6094,r3i1p1f1,2031,09,08,0.0,34.59849,14.025252,2031
6095,r3i1p1f1,2031,09,09,0.0,32.279613,15.010712,2031
6096,r3i1p1f1,2031,09,10,0.0,31.962801,13.061626,2031
6097,r3i1p1f1,2031,09,11,0.0,34.373238,14.752764,2031
6098,r3i1p1f1,2031,09,12,0.0,34.38172,15.977167,2031
6099,r3i1p1f1,2031,09,13,0.0014137492204705875,36.281437,17.364513,2031
6100,r3i1p1f1,2031,09,14,0.0,34.5285,16.426584,2031
6101,r3i1p1f1,2031,09,15,0.0,33.017708,14.728743,2031
6102,r3i1p1f1,2031,09,16,0.0,32.90448,14.8718605,2031
6103,r3i1p1f1,2031,09,17,0.22393380900074122,32.705585,15.762549,2031
6104,r3i1p1f1,2031,09,18,0.0,33.812267,15.48394,2031
6105,r3i1p1f1,2031,09,19,0.19534700309811864,32.653606,14.926324,2031
6106,r3i1p1f1,2031,09,20,0.10073038703536219,31.17647,13.724694,2031
6107,r3i1p1f1,2031,09,21,0.0,29.910788,11.951277,2031
6108,r3i1p1f1,2031,09,22,0.0,29.361591,11.299638,2031
6109,r3i1p1f1,2031,09,23,0.0,27.564062,9.846477,2031
6110,r3i1p1f1,2031,09,24,0.0,25.455124,8.048406,2031
6111,r3i1p1f1,2031,09,25,0.0,26.448324,7.632293,2031
6112,r3i1p1f1,2031,09,26,0.0,29.2672,10.672403,2031
6113,r3i1p1f1,2031,09,27,0.0,32.259857,12.872775,2031
6114,r3i1p1f1,2031,09,28,0.0,32.489033,13.698599,2031
6115,r3i1p1f1,2031,09,29,0.0,32.202953,13.700865,2031
6116,r3i1p1f1,2031,09,30,0.0,32.698364,14.047224,2031
6117,r3i1p1f1,2031,10,01,0.0,33.57025,15.10128,2031
6118,r3i1p1f1,2031,10,02,0.0,33.27704,14.691213,2031
6119,r3i1p1f1,2031,10,03,0.0,31.861147,12.733723,2031
6120,r3i1p1f1,2031,10,04,0.0,30.46776,10.699025,2031
6121,r3i1p1f1,2031,10,05,0.0,28.855097,10.72506,2031
6122,r3i1p1f1,2031,10,06,0.0,26.519423,10.517195,2031
6123,r3i1p1f1,2031,10,07,0.0,21.301298,5.799397,2031
6124,r3i1p1f1,2031,10,08,0.0,22.77476,5.482844,2031
6125,r3i1p1f1,2031,10,09,0.0,24.088665,8.94547,2031
6126,r3i1p1f1,2031,10,10,0.04043613129562635,23.024595,7.987263,2031
6127,r3i1p1f1,2031,10,11,0.0,24.744368,7.585491,2031
6128,r3i1p1f1,2031,10,12,0.0,26.592613,9.00417,2031
6129,r3i1p1f1,2031,10,13,0.0,27.877058,8.861878,2031
6130,r3i1p1f1,2031,10,14,0.0,28.657116,10.704856,2031
6131,r3i1p1f1,2031,10,15,0.0,30.108755,12.360338,2031
6132,r3i1p1f1,2031,10,16,0.0,31.98376,13.420095,2031
6133,r3i1p1f1,2031,10,17,0.0,30.098333,12.333309,2031
6134,r3i1p1f1,2031,10,18,0.0,27.38156,9.90598,2031
6135,r3i1p1f1,2031,10,19,0.0,28.026934,11.020768,2031
6136,r3i1p1f1,2031,10,20,0.0,25.697226,10.25697,2031
6137,r3i1p1f1,2031,10,21,0.0,21.175365,7.6051154,2031
6138,r3i1p1f1,2031,10,22,0.0,22.357655,5.8939953,2031
6139,r3i1p1f1,2031,10,23,0.0,25.69661,7.465119,2031
6140,r3i1p1f1,2031,10,24,0.0,28.188282,10.369155,2031
6141,r3i1p1f1,2031,10,25,0.0,26.199766,10.43772,2031
6142,r3i1p1f1,2031,10,26,0.0,25.257133,9.317369,2031
6143,r3i1p1f1,2031,10,27,0.0,26.343859,7.884552,2031
6144,r3i1p1f1,2031,10,28,0.0,28.686125,9.679655,2031
6145,r3i1p1f1,2031,10,29,0.0,27.075224,10.941249,2031
6146,r3i1p1f1,2031,10,30,0.009595618131711628,24.566778,7.172046,2031
6147,r3i1p1f1,2031,10,31,0.05052792495310617,25.101938,8.744836,2031
6148,r3i1p1f1,2031,11,01,5.921536495130347,22.788908,10.323179,2031
6149,r3i1p1f1,2031,11,02,1.5344031535316776,19.866978,7.329308,2031
6150,r3i1p1f1,2031,11,03,6.648466322621971,18.88606,7.7578845,2031
6151,r3i1p1f1,2031,11,04,0.04543913914610378,14.030739,0.40759647,2031
6152,r3i1p1f1,2031,11,05,0.1354177550445346,12.427909,-0.0829415,2031
6153,r3i1p1f1,2031,11,06,1.0500062250161357,13.793367,1.3085998,2031
6154,r3i1p1f1,2031,11,07,0.3021496471730202,13.996835,1.7855818,2031
6155,r3i1p1f1,2031,11,08,0.29108273208431923,16.95276,3.47702,2031
6156,r3i1p1f1,2031,11,09,0.007177570192707759,18.532194,3.2284956,2031
6157,r3i1p1f1,2031,11,10,0.0,19.028929,3.4132347,2031
6158,r3i1p1f1,2031,11,11,0.0,18.453032,5.4157743,2031
6159,r3i1p1f1,2031,11,12,9.806520472814308,16.861675,8.502555,2031
6160,r3i1p1f1,2031,11,13,6.652327825374386,13.645457,2.591713,2031
6161,r3i1p1f1,2031,11,14,0.09972947871464191,11.273698,-1.7426794,2031
6162,r3i1p1f1,2031,11,15,0.0,12.810194,-0.44058353,2031
6163,r3i1p1f1,2031,11,16,0.009623573163425493,14.381918,0.42621824,2031
6164,r3i1p1f1,2031,11,17,0.0,13.203086,1.881695,2031
6165,r3i1p1f1,2031,11,18,0.010980275383741227,15.366042,0.9889036,2031
6166,r3i1p1f1,2031,11,19,0.0,17.430374,2.2558885,2031
6167,r3i1p1f1,2031,11,20,0.0,16.814032,3.741718,2031
6168,r3i1p1f1,2031,11,21,0.0,17.354998,2.3222919,2031
6169,r3i1p1f1,2031,11,22,0.0,17.046429,2.36036,2031
6170,r3i1p1f1,2031,11,23,0.003738506197943493,15.253399,1.4834726,2031
6171,r3i1p1f1,2031,11,24,0.0842506868833549,16.284588,4.4420366,2031
6172,r3i1p1f1,2031,11,25,2.963268549316216,17.86214,5.466309,2031
6173,r3i1p1f1,2031,11,26,5.921331036703178,18.35314,5.5750575,2031
6174,r3i1p1f1,2031,11,27,7.397672059563444,15.684335,4.6802416,2031
6175,r3i1p1f1,2031,11,28,0.37638234305576945,13.101774,1.4310287,2031
6176,r3i1p1f1,2031,11,29,19.93459272921565,11.158721,3.6341782,2031
6177,r3i1p1f1,2031,11,30,0.0015124714594673026,9.882348,-3.7046068,2031
6178,r3i1p1f1,2031,12,01,0.0,10.74987,-0.98062944,2031
6179,r3i1p1f1,2031,12,02,0.0,15.046781,0.99242646,2031
6180,r3i1p1f1,2031,12,03,0.0,15.470669,1.5788695,2031
6181,r3i1p1f1,2031,12,04,0.0,15.637037,2.5971823,2031
6182,r3i1p1f1,2031,12,05,0.0,13.39697,1.2032644,2031
6183,r3i1p1f1,2031,12,06,0.0,13.786981,2.504382,2031
6184,r3i1p1f1,2031,12,07,0.03408256218707803,14.185027,2.3799818,2031
6185,r3i1p1f1,2031,12,08,0.0027968714174207753,15.280801,2.0591211,2031
6186,r3i1p1f1,2031,12,09,0.0,14.5627575,0.08008774,2031
6187,r3i1p1f1,2031,12,10,3.559381598027936,13.551454,1.6919882,2031
6188,r3i1p1f1,2031,12,11,1.2230822034422144,11.471608,2.8509927,2031
6189,r3i1p1f1,2031,12,12,2.7673206116643003,11.209562,2.6068764,2031
6190,r3i1p1f1,2031,12,13,2.549836829451978,14.300711,5.187942,2031
6191,r3i1p1f1,2031,12,14,6.967342089991773,18.820595,10.285227,2031
6192,r3i1p1f1,2031,12,15,1.471621416126392,18.137844,6.69144,2031
6193,r3i1p1f1,2031,12,16,0.41639576268607925,10.186552,2.0261073,2031
6194,r3i1p1f1,2031,12,17,0.0,11.823797,-0.5364771,2031
6195,r3i1p1f1,2031,12,18,0.0,12.26972,-1.4890658,2031
6196,r3i1p1f1,2031,12,19,0.0,11.171999,-2.66169,2031
6197,r3i1p1f1,2031,12,20,0.005557746549749771,13.483742,0.061293874,2031
6198,r3i1p1f1,2031,12,21,0.0,12.2743635,0.17603856,2031
6199,r3i1p1f1,2031,12,22,0.0,15.195037,0.7114069,2031
6200,r3i1p1f1,2031,12,23,0.0,14.368042,2.131219,2031
6201,r3i1p1f1,2031,12,24,0.15833825846460636,13.981152,2.6762395,2031
6202,r3i1p1f1,2031,12,25,21.144655668582402,13.177869,3.7129602,2031
6203,r3i1p1f1,2031,12,26,2.5312858995629073,9.382337,0.90452397,2031
6204,r3i1p1f1,2031,12,27,0.0048493414678060535,8.061683,-2.174602,2031
6205,r3i1p1f1,2031,12,28,9.519678736004138,8.705551,-1.8237273,2031
6206,r3i1p1f1,2031,12,29,5.128166091155546,8.798753,-3.4748752,2031
6207,r3i1p1f1,2031,12,30,0.5430336196122605,9.309903,-4.0310135,2031
6208,r3i1p1f1,2031,12,31,0.07342388100810102,10.829486,0.577579,2031
6209,r3i1p1f1,2032,01,01,3.8447133092664774,13.583677,4.0465927,2032
6210,r3i1p1f1,2032,01,02,5.328989738762065,13.483607,5.36422,2032
6211,r3i1p1f1,2032,01,03,0.13220716087248133,14.636335,4.656916,2032
6212,r3i1p1f1,2032,01,04,0.00029643172500513947,15.99691,3.0841377,2032
6213,r3i1p1f1,2032,01,05,4.538610646373082,15.947085,6.1662984,2032
6214,r3i1p1f1,2032,01,06,2.094131694463034,15.143389,5.8188586,2032
6215,r3i1p1f1,2032,01,07,21.26068688565724,14.924334,8.793409,2032
6216,r3i1p1f1,2032,01,08,3.1045114587278944,15.157115,2.672854,2032
6217,r3i1p1f1,2032,01,09,0.08542378949862199,14.71501,2.734682,2032
6218,r3i1p1f1,2032,01,10,12.020191413972277,14.583765,7.568528,2032
6219,r3i1p1f1,2032,01,11,0.0476894718810923,12.6000395,1.9777596,2032
6220,r3i1p1f1,2032,01,12,0.0,10.168158,1.5884043,2032
6221,r3i1p1f1,2032,01,13,0.0,11.130312,-1.7489763,2032
6222,r3i1p1f1,2032,01,14,6.600020060975084,10.667959,3.156737,2032
6223,r3i1p1f1,2032,01,15,15.26412959861442,13.341354,4.9967704,2032
6224,r3i1p1f1,2032,01,16,25.282884869054463,16.53505,8.597313,2032
6225,r3i1p1f1,2032,01,17,0.8250107001555135,14.451266,4.935197,2032
6226,r3i1p1f1,2032,01,18,0.0,10.879476,1.4336677,2032
6227,r3i1p1f1,2032,01,19,0.0,9.546787,-3.1666813,2032
6228,r3i1p1f1,2032,01,20,0.0,11.494067,-1.6278447,2032
6229,r3i1p1f1,2032,01,21,0.0,10.990489,-0.05799795,2032
6230,r3i1p1f1,2032,01,22,0.007665540709267864,12.201701,-0.6024084,2032
6231,r3i1p1f1,2032,01,23,0.06915445412177536,11.43744,-0.7190909,2032
6232,r3i1p1f1,2032,01,24,8.745705875326442e-07,11.120304,0.61829275,2032
6233,r3i1p1f1,2032,01,25,0.0,13.054127,-0.45305267,2032
6234,r3i1p1f1,2032,01,26,0.0,15.37231,0.96609455,2032
6235,r3i1p1f1,2032,01,27,0.0,14.8106165,1.1273727,2032
6236,r3i1p1f1,2032,01,28,0.16573608620312758,13.507491,2.1205556,2032
6237,r3i1p1f1,2032,01,29,1.002763157716386,11.737087,2.9359043,2032
6238,r3i1p1f1,2032,01,30,0.0,12.520637,0.0015359761,2032
6239,r3i1p1f1,2032,01,31,0.0,16.223509,1.3658456,2032
6240,r3i1p1f1,2032,02,01,0.0,17.60554,3.3120348,2032
6241,r3i1p1f1,2032,02,02,0.0,17.706932,3.198771,2032
6242,r3i1p1f1,2032,02,03,0.0,18.013285,3.1134834,2032
6243,r3i1p1f1,2032,02,04,0.0,18.614857,4.243384,2032
6244,r3i1p1f1,2032,02,05,0.0,17.767582,3.9477491,2032
6245,r3i1p1f1,2032,02,06,0.1469898550763129,16.923506,4.1870327,2032
6246,r3i1p1f1,2032,02,07,0.051504972513860346,14.542972,3.3565824,2032
6247,r3i1p1f1,2032,02,08,3.1681932235898618,14.758473,4.5050507,2032
6248,r3i1p1f1,2032,02,09,0.023763688161235415,11.725198,-0.7241514,2032
6249,r3i1p1f1,2032,02,10,0.0,14.224039,0.12354283,2032
6250,r3i1p1f1,2032,02,11,0.0,15.83397,0.8293945,2032
6251,r3i1p1f1,2032,02,12,0.0,15.550277,1.0532852,2032
6252,r3i1p1f1,2032,02,13,0.0,16.953451,1.7791399,2032
6253,r3i1p1f1,2032,02,14,0.0,18.641972,2.501826,2032
6254,r3i1p1f1,2032,02,15,0.0,20.232357,4.20263,2032
6255,r3i1p1f1,2032,02,16,0.0,19.273815,5.430247,2032
6256,r3i1p1f1,2032,02,17,0.0,18.522081,4.369145,2032
6257,r3i1p1f1,2032,02,18,0.06916239601602656,16.760435,1.9219618,2032
6258,r3i1p1f1,2032,02,19,14.18878843159429,9.999697,3.8698306,2032
6259,r3i1p1f1,2032,02,20,9.346372966145722,11.363,3.8448722,2032
6260,r3i1p1f1,2032,02,21,0.03531364619971789,12.963076,0.59794086,2032
6261,r3i1p1f1,2032,02,22,0.004473836580115004,15.769898,2.4131913,2032
6262,r3i1p1f1,2032,02,23,10.283701470039942,15.639492,6.455809,2032
6263,r3i1p1f1,2032,02,24,0.13347031205657087,14.382611,3.700999,2032
6264,r3i1p1f1,2032,02,25,0.0,17.547495,2.7669349,2032
6265,r3i1p1f1,2032,02,26,0.007162532931419484,18.017412,5.1398168,2032
6266,r3i1p1f1,2032,02,27,6.1729928328537484,17.289534,6.302071,2032
6267,r3i1p1f1,2032,02,28,5.859551846400736,14.163399,3.8116903,2032
6268,r3i1p1f1,2032,02,29,13.662370742659373,15.547289,4.754243,2032
6269,r3i1p1f1,2032,03,01,20.31097926669507,15.467035,3.699701,2032
6270,r3i1p1f1,2032,03,02,24.099718860639825,13.706599,2.5875788,2032
6271,r3i1p1f1,2032,03,03,9.79312240931904,7.5471435,0.88726074,2032
6272,r3i1p1f1,2032,03,04,0.49101587673993147,10.942277,0.883098,2032
6273,r3i1p1f1,2032,03,05,0.0,12.903102,-3.3550646,2032
6274,r3i1p1f1,2032,03,06,0.9742897524073201,13.716035,3.5138447,2032
6275,r3i1p1f1,2032,03,07,12.491280422419191,13.687179,7.927655,2032
6276,r3i1p1f1,2032,03,08,10.176152998700754,12.074104,3.3296652,2032
6277,r3i1p1f1,2032,03,09,0.03206119365517445,13.031204,-0.13402206,2032
6278,r3i1p1f1,2032,03,10,0.0,16.05955,0.84389234,2032
6279,r3i1p1f1,2032,03,11,0.0,19.293396,2.8276198,2032
6280,r3i1p1f1,2032,03,12,0.0,21.192715,4.240863,2032
6281,r3i1p1f1,2032,03,13,0.0,23.135424,7.073421,2032
6282,r3i1p1f1,2032,03,14,0.0,23.003666,6.754627,2032
6283,r3i1p1f1,2032,03,15,0.10638232046568935,21.55035,4.1839323,2032
6284,r3i1p1f1,2032,03,16,10.784833762216184,17.101652,6.0742426,2032
6285,r3i1p1f1,2032,03,17,8.348757983653602,15.185982,6.7390976,2032
6286,r3i1p1f1,2032,03,18,3.209744077980621,15.222923,6.7224064,2032
6287,r3i1p1f1,2032,03,19,7.088188711200156,14.866895,3.4262493,2032
6288,r3i1p1f1,2032,03,20,0.3893334178781405,13.6720705,2.677045,2032
6289,r3i1p1f1,2032,03,21,1.3667389501775191,14.24277,3.3278766,2032
6290,r3i1p1f1,2032,03,22,0.04276677533970073,16.62811,2.969555,2032
6291,r3i1p1f1,2032,03,23,0.5444971299152023,16.38019,1.3265324,2032
6292,r3i1p1f1,2032,03,24,3.909091437651086,15.254919,5.0801735,2032
6293,r3i1p1f1,2032,03,25,5.027311652469727,14.613999,4.386171,2032
6294,r3i1p1f1,2032,03,26,27.5845866012947,14.954034,5.9016438,2032
6295,r3i1p1f1,2032,03,27,33.89785373428216,13.833601,5.413725,2032
6296,r3i1p1f1,2032,03,28,3.0080472804680043,14.234145,3.066889,2032
6297,r3i1p1f1,2032,03,29,0.40355409735914716,15.014542,3.6017087,2032
6298,r3i1p1f1,2032,03,30,0.0,15.233006,-0.34796652,2032
6299,r3i1p1f1,2032,03,31,0.0,16.927544,5.025696,2032
6300,r3i1p1f1,2032,04,01,2.556069029062449,17.407675,6.470847,2032
6301,r3i1p1f1,2032,04,02,3.7139173398331464,16.543718,5.643005,2032
6302,r3i1p1f1,2032,04,03,3.001545630252925,16.130325,5.012871,2032
6303,r3i1p1f1,2032,04,04,0.582241775873902,14.956183,2.6459002,2032
6304,r3i1p1f1,2032,04,05,2.843798090281339,12.2627,1.7164961,2032
6305,r3i1p1f1,2032,04,06,3.4979234016072676,13.410785,1.6129982,2032
6306,r3i1p1f1,2032,04,07,0.005641413211406237,17.84054,2.227194,2032
6307,r3i1p1f1,2032,04,08,0.0,18.853077,3.6609507,2032
6308,r3i1p1f1,2032,04,09,0.0,20.891724,5.3016963,2032
6309,r3i1p1f1,2032,04,10,0.0,23.036896,7.1600366,2032
6310,r3i1p1f1,2032,04,11,3.1152329073415097,18.358562,4.725015,2032
6311,r3i1p1f1,2032,04,12,9.06714639417425,12.983775,5.969628,2032
6312,r3i1p1f1,2032,04,13,3.7709458246668377,14.408075,3.9627695,2032
6313,r3i1p1f1,2032,04,14,0.40659143639266293,18.17326,5.0313044,2032
6314,r3i1p1f1,2032,04,15,0.0,21.903833,5.501006,2032
6315,r3i1p1f1,2032,04,16,0.0,24.208975,7.1008945,2032
6316,r3i1p1f1,2032,04,17,0.0,24.65962,8.297978,2032
6317,r3i1p1f1,2032,04,18,0.04098951712490596,22.800003,7.8804054,2032
6318,r3i1p1f1,2032,04,19,0.0002390440733341331,18.177805,6.162344,2032
6319,r3i1p1f1,2032,04,20,0.0,16.888674,4.1871166,2032
6320,r3i1p1f1,2032,04,21,0.0,19.753796,3.3439934,2032
6321,r3i1p1f1,2032,04,22,0.0,22.09316,4.9197626,2032
6322,r3i1p1f1,2032,04,23,0.0,22.774485,6.849554,2032
6323,r3i1p1f1,2032,04,24,0.0,24.339245,8.008259,2032
6324,r3i1p1f1,2032,04,25,0.0,28.807081,10.29343,2032
6325,r3i1p1f1,2032,04,26,0.0,28.32998,9.728429,2032
6326,r3i1p1f1,2032,04,27,0.5961777170289155,23.479078,6.966331,2032
6327,r3i1p1f1,2032,04,28,0.46308598351474345,17.893404,5.1618657,2032
6328,r3i1p1f1,2032,04,29,0.0,21.941162,4.795811,2032
6329,r3i1p1f1,2032,04,30,0.0,25.093805,6.846913,2032
6330,r3i1p1f1,2032,05,01,0.09551538867416445,24.556063,6.0544434,2032
6331,r3i1p1f1,2032,05,02,46.736332379091024,16.138163,7.307182,2032
6332,r3i1p1f1,2032,05,03,21.69057853191837,12.199516,4.2128344,2032
6333,r3i1p1f1,2032,05,04,1.281431428877554,13.717855,3.5365658,2032
6334,r3i1p1f1,2032,05,05,0.10490854693202753,16.943834,2.9794765,2032
6335,r3i1p1f1,2032,05,06,0.012301695934376878,19.297493,6.2454195,2032
6336,r3i1p1f1,2032,05,07,0.0,21.48176,6.543965,2032
6337,r3i1p1f1,2032,05,08,0.0,21.739006,7.431477,2032
6338,r3i1p1f1,2032,05,09,0.0,23.499615,8.5972395,2032
6339,r3i1p1f1,2032,05,10,0.05323875836576476,24.52299,9.382809,2032
6340,r3i1p1f1,2032,05,11,0.08463731623619837,23.247917,8.988812,2032
6341,r3i1p1f1,2032,05,12,0.0,23.51062,7.3343015,2032
6342,r3i1p1f1,2032,05,13,0.0,27.820213,10.2681465,2032
6343,r3i1p1f1,2032,05,14,0.0,29.497988,13.293838,2032
6344,r3i1p1f1,2032,05,15,0.0,27.898737,11.680344,2032
6345,r3i1p1f1,2032,05,16,0.0,26.746655,9.062603,2032
6346,r3i1p1f1,2032,05,17,0.0,23.756653,8.807039,2032
6347,r3i1p1f1,2032,05,18,0.0,26.66981,7.7862496,2032
6348,r3i1p1f1,2032,05,19,0.0,28.56676,11.452353,2032
6349,r3i1p1f1,2032,05,20,0.10507961117775377,27.42126,10.449241,2032
6350,r3i1p1f1,2032,05,21,0.9669837158413209,28.551304,11.060355,2032
6351,r3i1p1f1,2032,05,22,0.039872606761160896,29.876053,10.630878,2032
6352,r3i1p1f1,2032,05,23,0.0,27.861109,10.032509,2032
6353,r3i1p1f1,2032,05,24,0.0,25.8852,9.040597,2032
6354,r3i1p1f1,2032,05,25,0.0,24.885881,8.001076,2032
6355,r3i1p1f1,2032,05,26,0.0,28.352964,9.780843,2032
6356,r3i1p1f1,2032,05,27,0.0,27.360569,10.487024,2032
6357,r3i1p1f1,2032,05,28,0.0,26.022491,9.485234,2032
6358,r3i1p1f1,2032,05,29,0.0,27.303518,9.429303,2032
6359,r3i1p1f1,2032,05,30,0.0,30.048996,11.355009,2032
6360,r3i1p1f1,2032,05,31,0.0,31.172531,12.9180765,2032
6361,r3i1p1f1,2032,06,01,0.0,32.296238,12.048948,2032
6362,r3i1p1f1,2032,06,02,0.0,30.694344,12.681635,2032
6363,r3i1p1f1,2032,06,03,0.0,29.99812,12.368294,2032
6364,r3i1p1f1,2032,06,04,0.03608698081789595,28.619864,12.989381,2032
6365,r3i1p1f1,2032,06,05,0.09668747767467391,28.850866,11.204306,2032
6366,r3i1p1f1,2032,06,06,0.011388937275500432,27.697195,10.574462,2032
6367,r3i1p1f1,2032,06,07,1.0009983068183912,25.395203,8.283008,2032
6368,r3i1p1f1,2032,06,08,0.18881630403374208,23.673744,7.6087856,2032
6369,r3i1p1f1,2032,06,09,1.5100231139116327,22.390867,8.077167,2032
6370,r3i1p1f1,2032,06,10,1.1830337806609212,20.829739,6.3900948,2032
6371,r3i1p1f1,2032,06,11,0.0,24.551098,6.4842815,2032
6372,r3i1p1f1,2032,06,12,0.0,29.806805,10.985922,2032
6373,r3i1p1f1,2032,06,13,0.0,32.25606,13.620541,2032
6374,r3i1p1f1,2032,06,14,0.0,30.566221,12.367597,2032
6375,r3i1p1f1,2032,06,15,0.0,29.459944,12.062021,2032
6376,r3i1p1f1,2032,06,16,0.0,28.52534,11.18253,2032
6377,r3i1p1f1,2032,06,17,0.0,28.284912,11.119842,2032
6378,r3i1p1f1,2032,06,18,0.0,30.790356,11.876173,2032
6379,r3i1p1f1,2032,06,19,0.0,31.873207,13.392927,2032
6380,r3i1p1f1,2032,06,20,0.0,33.26455,14.55413,2032
6381,r3i1p1f1,2032,06,21,0.0,35.182636,15.576346,2032
6382,r3i1p1f1,2032,06,22,0.0,36.65163,16.924276,2032
6383,r3i1p1f1,2032,06,23,0.0,36.338528,17.321148,2032
6384,r3i1p1f1,2032,06,24,0.0,33.145687,13.4814205,2032
6385,r3i1p1f1,2032,06,25,0.0,29.766182,10.702475,2032
6386,r3i1p1f1,2032,06,26,0.0,32.054382,12.950437,2032
6387,r3i1p1f1,2032,06,27,0.0,32.241837,13.228734,2032
6388,r3i1p1f1,2032,06,28,0.0,31.342428,12.722736,2032
6389,r3i1p1f1,2032,06,29,0.0,31.745647,13.136096,2032
6390,r3i1p1f1,2032,06,30,0.0,32.086384,13.5389595,2032
6391,r3i1p1f1,2032,07,01,0.0,32.556763,13.674201,2032
6392,r3i1p1f1,2032,07,02,0.0,33.099457,14.058695,2032
6393,r3i1p1f1,2032,07,03,0.0,32.04125,13.526613,2032
6394,r3i1p1f1,2032,07,04,0.0,30.518484,12.928439,2032
6395,r3i1p1f1,2032,07,05,0.0,30.822128,12.459105,2032
6396,r3i1p1f1,2032,07,06,0.0,32.930267,13.557207,2032
6397,r3i1p1f1,2032,07,07,0.0,34.018574,14.90991,2032
6398,r3i1p1f1,2032,07,08,0.0,35.79524,15.860445,2032
6399,r3i1p1f1,2032,07,09,0.0,36.09682,16.793652,2032
6400,r3i1p1f1,2032,07,10,0.0,35.76478,16.682653,2032
6401,r3i1p1f1,2032,07,11,0.0,35.106167,15.9357605,2032
6402,r3i1p1f1,2032,07,12,0.0,34.395935,15.030251,2032
6403,r3i1p1f1,2032,07,13,0.0,33.496845,14.719306,2032
6404,r3i1p1f1,2032,07,14,0.0,34.6608,15.268543,2032
6405,r3i1p1f1,2032,07,15,0.0,35.94955,16.283758,2032
6406,r3i1p1f1,2032,07,16,0.0,36.442474,17.026691,2032
6407,r3i1p1f1,2032,07,17,0.0,37.958363,17.745827,2032
6408,r3i1p1f1,2032,07,18,0.16500177694428148,36.755707,17.975788,2032
6409,r3i1p1f1,2032,07,19,3.1481498869161992,32.50156,16.069302,2032
6410,r3i1p1f1,2032,07,20,0.12060890332742763,32.070244,14.615331,2032
6411,r3i1p1f1,2032,07,21,23.003917638118516,27.521772,13.74393,2032
6412,r3i1p1f1,2032,07,22,0.08839512843582215,29.452108,14.188681,2032
6413,r3i1p1f1,2032,07,23,0.404252130057571,32.95597,15.939203,2032
6414,r3i1p1f1,2032,07,24,2.0209938922319757,33.70282,16.107656,2032
6415,r3i1p1f1,2032,07,25,0.030011239679851948,33.796387,16.764137,2032
6416,r3i1p1f1,2032,07,26,0.0052285109731284056,38.060123,19.129086,2032
6417,r3i1p1f1,2032,07,27,0.03109295454289002,38.127068,18.71944,2032
6418,r3i1p1f1,2032,07,28,1.3195616790934848,34.18454,18.41395,2032
6419,r3i1p1f1,2032,07,29,0.2379271292099447,35.871044,17.824799,2032
6420,r3i1p1f1,2032,07,30,0.0,37.35507,17.326881,2032
6421,r3i1p1f1,2032,07,31,0.0,39.052784,17.951984,2032
6422,r3i1p1f1,2032,08,01,0.0,39.18264,19.29401,2032
6423,r3i1p1f1,2032,08,02,0.0,34.231297,16.823326,2032
6424,r3i1p1f1,2032,08,03,0.05679777019946469,31.625381,14.579789,2032
6425,r3i1p1f1,2032,08,04,0.21202865148414718,31.485579,15.1165285,2032
6426,r3i1p1f1,2032,08,05,0.0001150576016781005,33.355286,15.876649,2032
6427,r3i1p1f1,2032,08,06,0.009489433869021013,34.599606,15.528869,2032
6428,r3i1p1f1,2032,08,07,0.0,34.203285,15.81172,2032
6429,r3i1p1f1,2032,08,08,0.0,33.12387,14.608587,2032
6430,r3i1p1f1,2032,08,09,0.0,31.88661,13.836803,2032
6431,r3i1p1f1,2032,08,10,0.0,31.877668,13.282692,2032
6432,r3i1p1f1,2032,08,11,0.0,32.15649,13.600749,2032
6433,r3i1p1f1,2032,08,12,0.0,34.276012,17.056675,2032
6434,r3i1p1f1,2032,08,13,0.0,36.536854,17.64054,2032
6435,r3i1p1f1,2032,08,14,0.0,37.318584,17.052841,2032
6436,r3i1p1f1,2032,08,15,0.0006585892035879872,37.43512,17.273369,2032
6437,r3i1p1f1,2032,08,16,0.0,36.42934,18.1042,2032
6438,r3i1p1f1,2032,08,17,0.0015521939900336843,35.53212,17.151583,2032
6439,r3i1p1f1,2032,08,18,0.246776789514997,33.87898,15.561971,2032
6440,r3i1p1f1,2032,08,19,0.004480866164985028,33.702362,15.847294,2032
6441,r3i1p1f1,2032,08,20,0.0,33.780514,15.103519,2032
6442,r3i1p1f1,2032,08,21,0.0,32.778885,13.971432,2032
6443,r3i1p1f1,2032,08,22,0.0,31.844929,12.938277,2032
6444,r3i1p1f1,2032,08,23,0.0011968225325373087,31.059904,14.622585,2032
6445,r3i1p1f1,2032,08,24,0.0,32.73405,14.180347,2032
6446,r3i1p1f1,2032,08,25,0.0,34.447227,14.673601,2032
6447,r3i1p1f1,2032,08,26,0.0,34.577435,14.04039,2032
6448,r3i1p1f1,2032,08,27,0.40835155933922523,31.952518,13.266957,2032
6449,r3i1p1f1,2032,08,28,0.25569026111263543,31.057358,13.11015,2032
6450,r3i1p1f1,2032,08,29,0.0,30.847572,14.418002,2032
6451,r3i1p1f1,2032,08,30,0.0,34.027298,14.087819,2032
6452,r3i1p1f1,2032,08,31,0.0,36.226704,14.939764,2032
6453,r3i1p1f1,2032,09,01,0.0,35.787064,16.955564,2032
6454,r3i1p1f1,2032,09,02,0.0,35.523037,16.572132,2032
6455,r3i1p1f1,2032,09,03,0.0,35.237144,15.944525,2032
6456,r3i1p1f1,2032,09,04,0.0,35.337696,16.312098,2032
6457,r3i1p1f1,2032,09,05,0.0,35.17645,15.556341,2032
6458,r3i1p1f1,2032,09,06,0.0,35.0256,15.251326,2032
6459,r3i1p1f1,2032,09,07,0.0,34.14883,16.576416,2032
6460,r3i1p1f1,2032,09,08,0.0,32.483818,13.901856,2032
6461,r3i1p1f1,2032,09,09,0.0,32.451073,13.943841,2032
6462,r3i1p1f1,2032,09,10,0.0,34.16898,14.491055,2032
6463,r3i1p1f1,2032,09,11,0.0,33.124718,14.8670845,2032
6464,r3i1p1f1,2032,09,12,0.0,31.536188,13.295986,2032
6465,r3i1p1f1,2032,09,13,0.0,29.475147,11.346887,2032
6466,r3i1p1f1,2032,09,14,0.0,32.577812,12.959752,2032
6467,r3i1p1f1,2032,09,15,0.0,33.826305,14.009855,2032
6468,r3i1p1f1,2032,09,16,0.0,32.871525,14.804409,2032
6469,r3i1p1f1,2032,09,17,0.0,33.58411,14.332125,2032
6470,r3i1p1f1,2032,09,18,0.0,32.422882,13.244456,2032
6471,r3i1p1f1,2032,09,19,0.0,30.413763,12.453099,2032
6472,r3i1p1f1,2032,09,20,0.0,29.894033,11.693152,2032
6473,r3i1p1f1,2032,09,21,0.0,32.1576,12.269821,2032
6474,r3i1p1f1,2032,09,22,0.0,32.01858,12.979727,2032
6475,r3i1p1f1,2032,09,23,0.0,29.874989,11.35275,2032
6476,r3i1p1f1,2032,09,24,0.0,28.044186,9.612388,2032
6477,r3i1p1f1,2032,09,25,0.0,30.253767,10.442368,2032
6478,r3i1p1f1,2032,09,26,0.0,31.151094,11.220421,2032
6479,r3i1p1f1,2032,09,27,0.0,30.106005,11.185827,2032
6480,r3i1p1f1,2032,09,28,0.0,27.925062,11.120319,2032
6481,r3i1p1f1,2032,09,29,0.0,25.04659,8.416229,2032
6482,r3i1p1f1,2032,09,30,0.0,30.231323,10.836607,2032
6483,r3i1p1f1,2032,10,01,0.0,34.0598,14.065909,2032
6484,r3i1p1f1,2032,10,02,0.0,34.854946,13.673738,2032
6485,r3i1p1f1,2032,10,03,0.0,33.441628,14.612471,2032
6486,r3i1p1f1,2032,10,04,0.0,31.764793,12.209022,2032
6487,r3i1p1f1,2032,10,05,0.0,33.60803,12.912709,2032
6488,r3i1p1f1,2032,10,06,0.0,33.079964,13.021989,2032
6489,r3i1p1f1,2032,10,07,0.0,31.119894,11.454559,2032
6490,r3i1p1f1,2032,10,08,0.0,32.07873,11.963975,2032
6491,r3i1p1f1,2032,10,09,0.0,31.610613,11.812935,2032
6492,r3i1p1f1,2032,10,10,0.0,31.400162,11.810045,2032
6493,r3i1p1f1,2032,10,11,0.0,32.168713,13.23764,2032
6494,r3i1p1f1,2032,10,12,0.0,30.91107,11.353227,2032
6495,r3i1p1f1,2032,10,13,0.0,26.585165,10.000568,2032
6496,r3i1p1f1,2032,10,14,0.0,27.889198,9.252726,2032
6497,r3i1p1f1,2032,10,15,0.0,27.622107,9.817454,2032
6498,r3i1p1f1,2032,10,16,0.0,28.844728,10.90431,2032
6499,r3i1p1f1,2032,10,17,0.0,25.252174,8.475912,2032
6500,r3i1p1f1,2032,10,18,0.0,21.56249,6.2192726,2032
6501,r3i1p1f1,2032,10,19,0.0,24.558067,6.5053945,2032
6502,r3i1p1f1,2032,10,20,0.0,26.728212,8.487124,2032
6503,r3i1p1f1,2032,10,21,0.0,30.03521,10.775147,2032
6504,r3i1p1f1,2032,10,22,0.0,33.21135,13.305377,2032
6505,r3i1p1f1,2032,10,23,0.0,33.277496,14.547214,2032
6506,r3i1p1f1,2032,10,24,0.0,34.06569,15.623264,2032
6507,r3i1p1f1,2032,10,25,0.0,32.84416,13.801467,2032
6508,r3i1p1f1,2032,10,26,0.0,28.62495,8.878496,2032
6509,r3i1p1f1,2032,10,27,0.016544763418620056,22.290264,7.6741266,2032
6510,r3i1p1f1,2032,10,28,0.0,20.923681,5.8006587,2032
6511,r3i1p1f1,2032,10,29,0.0,25.210028,9.049661,2032
6512,r3i1p1f1,2032,10,30,0.0,25.719017,9.539472,2032
6513,r3i1p1f1,2032,10,31,0.0,24.17288,9.23711,2032
6514,r3i1p1f1,2032,11,01,0.0,22.417332,5.1617613,2032
6515,r3i1p1f1,2032,11,02,0.0,25.323452,7.089355,2032
6516,r3i1p1f1,2032,11,03,0.0,26.398333,8.519654,2032
6517,r3i1p1f1,2032,11,04,0.0019137013816472256,22.585796,7.536352,2032
6518,r3i1p1f1,2032,11,05,1.3241404869250166,21.372805,6.1477447,2032
6519,r3i1p1f1,2032,11,06,3.4806635982959326,20.146118,4.6456957,2032
6520,r3i1p1f1,2032,11,07,3.9587810666313143,14.090851,2.9495294,2032
6521,r3i1p1f1,2032,11,08,0.1932552025992305,12.502906,-0.30366957,2032
6522,r3i1p1f1,2032,11,09,0.47658763447984576,16.020563,3.2307413,2032
6523,r3i1p1f1,2032,11,10,0.0,17.288683,3.3982387,2032
6524,r3i1p1f1,2032,11,11,0.012238471289024208,18.591808,3.0991583,2032
6525,r3i1p1f1,2032,11,12,0.0,18.03312,0.8452585,2032
6526,r3i1p1f1,2032,11,13,0.0,19.12589,1.9904445,2032
6527,r3i1p1f1,2032,11,14,0.0,20.825989,3.3934145,2032
6528,r3i1p1f1,2032,11,15,0.0,21.321781,5.710207,2032
6529,r3i1p1f1,2032,11,16,0.0,23.176405,5.7261915,2032
6530,r3i1p1f1,2032,11,17,0.0,24.026262,6.1926346,2032
6531,r3i1p1f1,2032,11,18,0.0,23.56843,6.007211,2032
6532,r3i1p1f1,2032,11,19,0.0,23.541256,5.2983513,2032
6533,r3i1p1f1,2032,11,20,0.0,24.640123,6.5104322,2032
6534,r3i1p1f1,2032,11,21,0.0,20.804369,4.9021473,2032
6535,r3i1p1f1,2032,11,22,0.0008326491176073129,19.254429,3.927619,2032
6536,r3i1p1f1,2032,11,23,0.0,20.832289,3.944633,2032
6537,r3i1p1f1,2032,11,24,1.7195088625378434,20.33503,8.030616,2032
6538,r3i1p1f1,2032,11,25,19.181518818110238,17.004803,5.9599557,2032
6539,r3i1p1f1,2032,11,26,0.003033862466867449,9.4965515,-3.0985138,2032
6540,r3i1p1f1,2032,11,27,0.0,11.033477,-4.201444,2032
6541,r3i1p1f1,2032,11,28,0.0,14.589794,-0.39277595,2032
6542,r3i1p1f1,2032,11,29,0.004894143957327205,13.472222,-0.03550665,2032
6543,r3i1p1f1,2032,11,30,0.003390488634591527,10.497851,-1.562557,2032
6544,r3i1p1f1,2032,12,01,0.0,10.90134,-1.8985261,2032
6545,r3i1p1f1,2032,12,02,0.0,16.023945,0.7197592,2032
6546,r3i1p1f1,2032,12,03,0.0,17.462831,1.633445,2032
6547,r3i1p1f1,2032,12,04,0.0,18.613989,2.6522684,2032
6548,r3i1p1f1,2032,12,05,0.0,17.917795,3.340727,2032
6549,r3i1p1f1,2032,12,06,4.0763581252350845,16.539661,4.7815537,2032
6550,r3i1p1f1,2032,12,07,5.5387019083440405,8.844421,1.0580763,2032
6551,r3i1p1f1,2032,12,08,0.0,9.297505,-4.2272096,2032
6552,r3i1p1f1,2032,12,09,0.0,12.924832,-1.4938878,2032
6553,r3i1p1f1,2032,12,10,0.03779071603441315,10.074551,-1.8121674,2032
6554,r3i1p1f1,2032,12,11,0.0,16.077127,2.3868537,2032
6555,r3i1p1f1,2032,12,12,0.0,17.602463,2.1588435,2032
6556,r3i1p1f1,2032,12,13,0.0,17.784395,2.9511976,2032
6557,r3i1p1f1,2032,12,14,2.582851183516058e-05,18.124157,3.4363496,2032
6558,r3i1p1f1,2032,12,15,0.10698834767963765,15.671517,4.253585,2032
6559,r3i1p1f1,2032,12,16,0.012048203736247326,10.531445,-0.75371116,2032
6560,r3i1p1f1,2032,12,17,0.0,9.734689,-2.8104315,2032
6561,r3i1p1f1,2032,12,18,0.0,9.512051,-4.8249283,2032
6562,r3i1p1f1,2032,12,19,0.0,10.349177,-3.581094,2032
6563,r3i1p1f1,2032,12,20,0.0,12.0718565,-3.0071733,2032
6564,r3i1p1f1,2032,12,21,0.0,11.181021,-3.329119,2032
6565,r3i1p1f1,2032,12,22,0.0,10.619842,-3.5870492,2032
6566,r3i1p1f1,2032,12,23,0.0,12.6871195,-2.0562222,2032
6567,r3i1p1f1,2032,12,24,0.0,12.071224,-1.1814485,2032
6568,r3i1p1f1,2032,12,25,0.0,14.409162,-0.12725689,2032
6569,r3i1p1f1,2032,12,26,0.0,16.49549,1.6203985,2032
6570,r3i1p1f1,2032,12,27,0.0,18.53412,2.8657117,2032
6571,r3i1p1f1,2032,12,28,0.0,18.543943,2.7864194,2032
6572,r3i1p1f1,2032,12,29,0.0,16.673384,1.5251013,2032
6573,r3i1p1f1,2032,12,30,11.251410035166014,13.79367,3.3298297,2032
6574,r3i1p1f1,2032,12,31,0.8506550890248918,8.011642,-1.4714087,2032
6575,r3i1p1f1,2033,01,01,0.0,10.169519,-3.381395,2033
6576,r3i1p1f1,2033,01,02,0.0,13.238463,-2.1612325,2033
6577,r3i1p1f1,2033,01,03,0.0,11.995783,-1.6443865,2033
6578,r3i1p1f1,2033,01,04,1.5139058598277078,9.308116,-0.0626124,2033
6579,r3i1p1f1,2033,01,05,0.0,9.072889,-4.90484,2033
6580,r3i1p1f1,2033,01,06,0.0,11.498752,-3.3838904,2033
6581,r3i1p1f1,2033,01,07,0.0,12.504577,-2.5163052,2033
6582,r3i1p1f1,2033,01,08,0.0006472431546585126,11.315886,0.34965566,2033
6583,r3i1p1f1,2033,01,09,0.0,14.681034,-1.5383005,2033
6584,r3i1p1f1,2033,01,10,0.0,14.694253,-0.30439034,2033
6585,r3i1p1f1,2033,01,11,0.0,13.767922,-0.7809768,2033
6586,r3i1p1f1,2033,01,12,0.0,15.119848,0.21935451,2033
6587,r3i1p1f1,2033,01,13,0.0,17.292076,2.1185114,2033
6588,r3i1p1f1,2033,01,14,0.0,17.541954,1.6020951,2033
6589,r3i1p1f1,2033,01,15,0.0,17.56612,2.5329845,2033
6590,r3i1p1f1,2033,01,16,0.0,19.50284,5.5125165,2033
6591,r3i1p1f1,2033,01,17,0.0,19.105968,4.312824,2033
6592,r3i1p1f1,2033,01,18,0.026514902009776877,18.159344,5.0290837,2033
6593,r3i1p1f1,2033,01,19,0.0070568694597265376,15.912338,3.776965,2033
6594,r3i1p1f1,2033,01,20,25.411948292202204,12.778386,5.972368,2033
6595,r3i1p1f1,2033,01,21,17.270281194778914,12.268703,3.5556877,2033
6596,r3i1p1f1,2033,01,22,6.04231217792293,9.985644,2.6652944,2033
6597,r3i1p1f1,2033,01,23,4.6601518416471,9.720225,1.1478683,2033
6598,r3i1p1f1,2033,01,24,1.4083956339075512,7.9772515,-1.5529053,2033
6599,r3i1p1f1,2033,01,25,0.04605754932664709,9.920409,-2.4431405,2033
6600,r3i1p1f1,2033,01,26,0.0,12.372536,-2.6071699,2033
6601,r3i1p1f1,2033,01,27,0.0,12.554332,-1.1903526,2033
6602,r3i1p1f1,2033,01,28,0.0,13.454961,-0.6680024,2033
6603,r3i1p1f1,2033,01,29,0.0,15.427553,1.0602404,2033
6604,r3i1p1f1,2033,01,30,0.0,15.581096,1.8779182,2033
6605,r3i1p1f1,2033,01,31,0.0,17.056238,2.6060686,2033
6606,r3i1p1f1,2033,02,01,0.0,16.231596,2.4219162,2033
6607,r3i1p1f1,2033,02,02,0.0,15.151417,1.8467575,2033
6608,r3i1p1f1,2033,02,03,0.0,17.321016,1.7772272,2033
6609,r3i1p1f1,2033,02,04,0.0,18.303524,3.1622198,2033
6610,r3i1p1f1,2033,02,05,0.0,20.342825,5.836382,2033
6611,r3i1p1f1,2033,02,06,0.9767146436735691,19.308243,5.654294,2033
6612,r3i1p1f1,2033,02,07,13.226405936251412,15.396859,5.230671,2033
6613,r3i1p1f1,2033,02,08,1.999094841485754,10.509779,1.3786027,2033
6614,r3i1p1f1,2033,02,09,0.008427085351396465,10.476559,-0.7638735,2033
6615,r3i1p1f1,2033,02,10,0.0,10.665179,-2.204108,2033
6616,r3i1p1f1,2033,02,11,0.0,11.551545,-3.6823285,2033
6617,r3i1p1f1,2033,02,12,0.0,14.26261,-1.5833687,2033
6618,r3i1p1f1,2033,02,13,0.0,15.015493,-0.3813566,2033
6619,r3i1p1f1,2033,02,14,0.0,15.381962,0.8279737,2033
6620,r3i1p1f1,2033,02,15,0.0,19.780752,2.5942628,2033
6621,r3i1p1f1,2033,02,16,0.0,19.662539,4.7804813,2033
6622,r3i1p1f1,2033,02,17,0.00013892626157030463,19.225004,4.221473,2033
6623,r3i1p1f1,2033,02,18,0.0,19.119038,4.9299316,2033
6624,r3i1p1f1,2033,02,19,0.003574341253349275,19.267986,5.195428,2033
6625,r3i1p1f1,2033,02,20,0.15575667525864087,17.54761,4.551027,2033
6626,r3i1p1f1,2033,02,21,0.031213229028225847,15.010343,1.1754754,2033
6627,r3i1p1f1,2033,02,22,0.0,17.37268,2.167592,2033
6628,r3i1p1f1,2033,02,23,0.0,19.032547,4.045658,2033
6629,r3i1p1f1,2033,02,24,0.0,20.218193,3.2034554,2033
6630,r3i1p1f1,2033,02,25,0.0,21.38613,4.434408,2033
6631,r3i1p1f1,2033,02,26,1.580881044818935e-05,21.035704,5.296372,2033
6632,r3i1p1f1,2033,02,27,1.9809555166736545,17.745155,5.7953815,2033
6633,r3i1p1f1,2033,02,28,0.0,16.869162,2.7634542,2033
6634,r3i1p1f1,2033,03,01,0.10815909719509142,18.736866,5.4133034,2033
6635,r3i1p1f1,2033,03,02,0.24861138454677226,17.486334,4.266911,2033
6636,r3i1p1f1,2033,03,03,0.0,19.803497,1.8949243,2033
6637,r3i1p1f1,2033,03,04,0.0,22.231966,5.0214276,2033
6638,r3i1p1f1,2033,03,05,0.0,22.25764,5.390626,2033
6639,r3i1p1f1,2033,03,06,0.003078533336520195,21.327053,5.2440314,2033
6640,r3i1p1f1,2033,03,07,0.0,19.418581,2.9295342,2033
6641,r3i1p1f1,2033,03,08,0.0,19.387989,3.4860728,2033
6642,r3i1p1f1,2033,03,09,0.0,19.972193,3.8065157,2033
6643,r3i1p1f1,2033,03,10,0.0,22.335325,4.133985,2033
6644,r3i1p1f1,2033,03,11,0.0,25.664389,8.043506,2033
6645,r3i1p1f1,2033,03,12,0.0,26.877382,8.206882,2033
6646,r3i1p1f1,2033,03,13,0.0007216721970700856,26.54185,7.07494,2033
6647,r3i1p1f1,2033,03,14,0.021789133909006716,24.789963,6.120933,2033
6648,r3i1p1f1,2033,03,15,0.392480904208214,20.481556,3.5579095,2033
6649,r3i1p1f1,2033,03,16,0.05478324341256115,21.465563,3.1924713,2033
6650,r3i1p1f1,2033,03,17,1.0254796409748397,19.982658,3.5445783,2033
6651,r3i1p1f1,2033,03,18,13.738407182293376,13.944734,3.753856,2033
6652,r3i1p1f1,2033,03,19,1.6118587900090269,13.331839,2.2941055,2033
6653,r3i1p1f1,2033,03,20,0.10752783992123141,16.02583,2.7166617,2033
6654,r3i1p1f1,2033,03,21,0.0,17.65445,4.358128,2033
6655,r3i1p1f1,2033,03,22,0.0,20.696672,3.379762,2033
6656,r3i1p1f1,2033,03,23,0.07550164277552429,22.090376,6.87777,2033
6657,r3i1p1f1,2033,03,24,0.038158015460904804,23.010792,4.190396,2033
6658,r3i1p1f1,2033,03,25,6.0604825180064035,17.025385,3.8903134,2033
6659,r3i1p1f1,2033,03,26,10.937851112204513,12.194385,4.6564946,2033
6660,r3i1p1f1,2033,03,27,1.8656610892746055,14.546315,1.5090288,2033
6661,r3i1p1f1,2033,03,28,0.009023427486902096,18.419447,2.9420984,2033
6662,r3i1p1f1,2033,03,29,0.34407746974576375,19.039503,3.979956,2033
6663,r3i1p1f1,2033,03,30,0.0,20.931078,5.8386397,2033
6664,r3i1p1f1,2033,03,31,0.025072540798150425,21.246262,4.7931924,2033
6665,r3i1p1f1,2033,04,01,0.000859291555543402,20.128239,3.9378042,2033
6666,r3i1p1f1,2033,04,02,0.0,20.31944,2.6168244,2033
6667,r3i1p1f1,2033,04,03,0.22822948782105054,19.702135,5.354578,2033
6668,r3i1p1f1,2033,04,04,3.123192411072303,16.728245,3.6540036,2033
6669,r3i1p1f1,2033,04,05,0.6962345367752608,16.981583,3.613732,2033
6670,r3i1p1f1,2033,04,06,7.268974496048141,15.635008,4.4090333,2033
6671,r3i1p1f1,2033,04,07,1.102720407680229,17.309288,1.212982,2033
6672,r3i1p1f1,2033,04,08,0.0,22.659136,3.899537,2033
6673,r3i1p1f1,2033,04,09,0.014928024417410294,25.185816,6.616162,2033
6674,r3i1p1f1,2033,04,10,0.0,25.289812,7.0253444,2033
6675,r3i1p1f1,2033,04,11,1.084367157042531,21.964844,7.3638654,2033
6676,r3i1p1f1,2033,04,12,0.9592567352807567,17.479326,4.983739,2033
6677,r3i1p1f1,2033,04,13,0.03424142721941638,19.210459,1.5192847,2033
6678,r3i1p1f1,2033,04,14,0.03437884601611806,18.20525,2.4551315,2033
6679,r3i1p1f1,2033,04,15,6.224917320655412,12.69687,2.0474653,2033
6680,r3i1p1f1,2033,04,16,0.0,17.84905,-1.2154495,2033
6681,r3i1p1f1,2033,04,17,0.24998330122798507,19.334026,5.306014,2033
6682,r3i1p1f1,2033,04,18,19.504226378178856,16.295517,5.882498,2033
6683,r3i1p1f1,2033,04,19,7.378675372819035,12.327247,3.462601,2033
6684,r3i1p1f1,2033,04,20,1.7692903246406235,12.848357,1.2107177,2033
6685,r3i1p1f1,2033,04,21,0.3384519013839467,14.79643,1.4840953,2033
6686,r3i1p1f1,2033,04,22,0.0,19.586657,2.1887515,2033
6687,r3i1p1f1,2033,04,23,0.0,21.49691,5.2443523,2033
6688,r3i1p1f1,2033,04,24,0.0,20.58573,7.5567102,2033
6689,r3i1p1f1,2033,04,25,0.03411414775517628,18.005894,3.2657113,2033
6690,r3i1p1f1,2033,04,26,0.0008716090462368095,19.40342,3.434742,2033
6691,r3i1p1f1,2033,04,27,0.1386770784982659,17.831247,4.390468,2033
6692,r3i1p1f1,2033,04,28,5.077922378209636,15.0695305,4.682424,2033
6693,r3i1p1f1,2033,04,29,0.004458066753365777,18.492737,1.514039,2033
6694,r3i1p1f1,2033,04,30,0.0,20.367285,4.64961,2033
6695,r3i1p1f1,2033,05,01,0.001047215954520542,21.20609,7.0921144,2033
6696,r3i1p1f1,2033,05,02,0.0,27.816961,8.48327,2033
6697,r3i1p1f1,2033,05,03,0.0,28.957308,10.521154,2033
6698,r3i1p1f1,2033,05,04,0.0,26.04429,9.242021,2033
6699,r3i1p1f1,2033,05,05,0.0,21.475063,5.186781,2033
6700,r3i1p1f1,2033,05,06,0.0,27.217325,8.045735,2033
6701,r3i1p1f1,2033,05,07,0.0,32.43478,12.1151285,2033
6702,r3i1p1f1,2033,05,08,0.0,32.402027,11.001854,2033
6703,r3i1p1f1,2033,05,09,2.4172909829763793,23.04162,5.2929463,2033
6704,r3i1p1f1,2033,05,10,0.27119933672744967,13.894121,3.8326507,2033
6705,r3i1p1f1,2033,05,11,0.0,20.147676,1.651244,2033
6706,r3i1p1f1,2033,05,12,0.0,24.193735,7.17406,2033
6707,r3i1p1f1,2033,05,13,0.0,28.802452,9.935955,2033
6708,r3i1p1f1,2033,05,14,0.0,29.782162,11.259799,2033
6709,r3i1p1f1,2033,05,15,0.0,31.741282,11.293737,2033
6710,r3i1p1f1,2033,05,16,0.0,32.42445,12.821414,2033
6711,r3i1p1f1,2033,05,17,0.0,32.74417,13.815876,2033
6712,r3i1p1f1,2033,05,18,0.0,31.631924,11.465029,2033
6713,r3i1p1f1,2033,05,19,0.0,27.842522,10.636507,2033
6714,r3i1p1f1,2033,05,20,0.0,25.20842,6.212498,2033
6715,r3i1p1f1,2033,05,21,0.0,21.373001,8.161968,2033
6716,r3i1p1f1,2033,05,22,0.0,29.320349,9.711853,2033
6717,r3i1p1f1,2033,05,23,0.0,32.48498,12.628755,2033
6718,r3i1p1f1,2033,05,24,0.0,30.129164,11.203313,2033
6719,r3i1p1f1,2033,05,25,0.0,23.467495,4.544112,2033
6720,r3i1p1f1,2033,05,26,0.0,22.87118,5.359566,2033
6721,r3i1p1f1,2033,05,27,0.0,28.80892,9.947443,2033
6722,r3i1p1f1,2033,05,28,0.0,28.727205,10.177023,2033
6723,r3i1p1f1,2033,05,29,0.0,26.733652,9.034075,2033
6724,r3i1p1f1,2033,05,30,0.0,24.01881,7.2300086,2033
6725,r3i1p1f1,2033,05,31,0.0,23.126526,7.5800753,2033
6726,r3i1p1f1,2033,06,01,0.0,22.373264,4.4500985,2033
6727,r3i1p1f1,2033,06,02,0.11535925143162427,22.080994,5.536367,2033
6728,r3i1p1f1,2033,06,03,1.004863515642655,21.76782,6.0278597,2033
6729,r3i1p1f1,2033,06,04,0.031174225591574654,23.497738,8.430689,2033
6730,r3i1p1f1,2033,06,05,0.017969758729591515,28.84125,9.704709,2033
6731,r3i1p1f1,2033,06,06,0.0,32.62752,12.295181,2033
6732,r3i1p1f1,2033,06,07,0.0,33.023167,12.677473,2033
6733,r3i1p1f1,2033,06,08,0.0,31.240847,12.409003,2033
6734,r3i1p1f1,2033,06,09,0.0,29.62862,10.736807,2033
6735,r3i1p1f1,2033,06,10,0.0,30.677265,13.066794,2033
6736,r3i1p1f1,2033,06,11,0.0,30.430506,11.988638,2033
6737,r3i1p1f1,2033,06,12,0.0,29.120703,12.494429,2033
6738,r3i1p1f1,2033,06,13,0.0,28.370857,10.744143,2033
6739,r3i1p1f1,2033,06,14,0.0,33.13221,13.190847,2033
6740,r3i1p1f1,2033,06,15,0.0,36.648487,16.693476,2033
6741,r3i1p1f1,2033,06,16,0.04195662601639263,38.37302,17.165638,2033
6742,r3i1p1f1,2033,06,17,0.0016365761786635796,37.011856,18.308273,2033
6743,r3i1p1f1,2033,06,18,0.0,32.27049,14.448827,2033
6744,r3i1p1f1,2033,06,19,0.0,34.69203,15.302133,2033
6745,r3i1p1f1,2033,06,20,0.0,39.291702,17.933762,2033
6746,r3i1p1f1,2033,06,21,0.0,40.66683,19.10023,2033
6747,r3i1p1f1,2033,06,22,0.0,40.228943,19.179384,2033
6748,r3i1p1f1,2033,06,23,0.0,40.381447,20.005474,2033
6749,r3i1p1f1,2033,06,24,0.03773595827321211,40.739464,20.620989,2033
6750,r3i1p1f1,2033,06,25,0.0,41.156326,19.402344,2033
6751,r3i1p1f1,2033,06,26,0.004289092877033082,41.522488,21.294838,2033
6752,r3i1p1f1,2033,06,27,0.0,40.966507,19.96425,2033
6753,r3i1p1f1,2033,06,28,0.0,33.02869,14.455857,2033
6754,r3i1p1f1,2033,06,29,0.0,29.153294,11.920991,2033
6755,r3i1p1f1,2033,06,30,0.0,31.275263,12.740352,2033
6756,r3i1p1f1,2033,07,01,0.0,34.088997,15.632919,2033
6757,r3i1p1f1,2033,07,02,0.0,36.54772,17.029467,2033
6758,r3i1p1f1,2033,07,03,0.0,38.20966,18.062227,2033
6759,r3i1p1f1,2033,07,04,0.0,37.534218,17.65771,2033
6760,r3i1p1f1,2033,07,05,0.0,35.580017,15.903248,2033
6761,r3i1p1f1,2033,07,06,0.0,33.358917,15.31156,2033
6762,r3i1p1f1,2033,07,07,0.0,34.6736,15.48099,2033
6763,r3i1p1f1,2033,07,08,0.014491411680920106,35.35849,16.70734,2033
6764,r3i1p1f1,2033,07,09,0.0,37.018406,17.491442,2033
6765,r3i1p1f1,2033,07,10,0.0,38.320538,18.253443,2033
6766,r3i1p1f1,2033,07,11,0.0,38.054504,18.26412,2033
6767,r3i1p1f1,2033,07,12,0.0,37.027397,18.50939,2033
6768,r3i1p1f1,2033,07,13,0.0,37.617188,18.632563,2033
6769,r3i1p1f1,2033,07,14,0.0,38.09078,17.99045,2033
6770,r3i1p1f1,2033,07,15,0.0,37.44569,17.310204,2033
6771,r3i1p1f1,2033,07,16,0.0,35.908634,16.883577,2033
6772,r3i1p1f1,2033,07,17,0.0,35.308193,16.908854,2033
6773,r3i1p1f1,2033,07,18,0.0,34.376587,16.349339,2033
6774,r3i1p1f1,2033,07,19,0.0,34.650917,16.694916,2033
6775,r3i1p1f1,2033,07,20,0.0,34.102238,14.72793,2033
6776,r3i1p1f1,2033,07,21,0.0,31.560928,13.679489,2033
6777,r3i1p1f1,2033,07,22,0.0,30.92542,13.9787035,2033
6778,r3i1p1f1,2033,07,23,0.0,32.139114,14.439291,2033
6779,r3i1p1f1,2033,07,24,0.0,32.556656,14.474395,2033
6780,r3i1p1f1,2033,07,25,0.0,33.94403,15.101308,2033
6781,r3i1p1f1,2033,07,26,0.0,34.6793,15.333258,2033
6782,r3i1p1f1,2033,07,27,0.0,33.998848,16.017963,2033
6783,r3i1p1f1,2033,07,28,0.0,32.748184,15.8285475,2033
6784,r3i1p1f1,2033,07,29,0.0,33.44533,15.548161,2033
6785,r3i1p1f1,2033,07,30,0.0,35.194397,16.377726,2033
6786,r3i1p1f1,2033,07,31,0.0033239289328004375,34.462116,16.276794,2033
6787,r3i1p1f1,2033,08,01,0.0,34.076653,15.8244,2033
6788,r3i1p1f1,2033,08,02,0.0,33.366615,15.344455,2033
6789,r3i1p1f1,2033,08,03,0.0,31.513496,13.628153,2033
6790,r3i1p1f1,2033,08,04,0.0,33.99114,15.375042,2033
6791,r3i1p1f1,2033,08,05,0.0,35.459805,16.676462,2033
6792,r3i1p1f1,2033,08,06,0.0,35.509235,15.477564,2033
6793,r3i1p1f1,2033,08,07,0.0,35.832275,16.78396,2033
6794,r3i1p1f1,2033,08,08,0.0,36.59375,18.579168,2033
6795,r3i1p1f1,2033,08,09,0.0,37.26794,17.975784,2033
6796,r3i1p1f1,2033,08,10,0.029380129778997576,36.293667,17.026922,2033
6797,r3i1p1f1,2033,08,11,0.01729833956095249,35.894543,17.156097,2033
6798,r3i1p1f1,2033,08,12,0.004044386635844906,35.77201,16.949856,2033
6799,r3i1p1f1,2033,08,13,0.07111977141131788,35.849518,16.701254,2033
6800,r3i1p1f1,2033,08,14,0.0,35.141026,17.047613,2033
6801,r3i1p1f1,2033,08,15,0.0,33.639454,15.509247,2033
6802,r3i1p1f1,2033,08,16,0.02083711253803675,32.26537,15.19681,2033
6803,r3i1p1f1,2033,08,17,0.0024587810603958187,30.311161,14.18777,2033
6804,r3i1p1f1,2033,08,18,0.02479941068679292,29.367968,13.531094,2033
6805,r3i1p1f1,2033,08,19,0.0009343565519278249,30.785961,12.979778,2033
6806,r3i1p1f1,2033,08,20,0.0,34.32294,14.347302,2033
6807,r3i1p1f1,2033,08,21,0.0,34.121372,15.124015,2033
6808,r3i1p1f1,2033,08,22,0.0,34.170715,15.09953,2033
6809,r3i1p1f1,2033,08,23,0.002382090033003778,34.67187,15.255896,2033
6810,r3i1p1f1,2033,08,24,0.0005373124484763001,34.12642,15.278211,2033
6811,r3i1p1f1,2033,08,25,0.020584213318326158,33.152084,14.974674,2033
6812,r3i1p1f1,2033,08,26,0.0,31.415215,12.481605,2033
6813,r3i1p1f1,2033,08,27,0.0,29.567116,10.357042,2033
6814,r3i1p1f1,2033,08,28,0.04425107989377328,29.98972,11.014561,2033
6815,r3i1p1f1,2033,08,29,0.0,32.606148,12.999125,2033
6816,r3i1p1f1,2033,08,30,0.0,33.633812,15.870742,2033
6817,r3i1p1f1,2033,08,31,0.0,34.26962,14.796047,2033
6818,r3i1p1f1,2033,09,01,0.0,34.041637,15.371082,2033
6819,r3i1p1f1,2033,09,02,0.0,33.903854,16.353193,2033
6820,r3i1p1f1,2033,09,03,0.0,35.464863,17.5352,2033
6821,r3i1p1f1,2033,09,04,0.04432729590035072,36.14941,17.884325,2033
6822,r3i1p1f1,2033,09,05,0.10767030623603867,37.426704,18.336687,2033
6823,r3i1p1f1,2033,09,06,0.12531513164338487,37.38695,19.329668,2033
6824,r3i1p1f1,2033,09,07,0.09198074575220799,36.26149,18.028696,2033
6825,r3i1p1f1,2033,09,08,1.3387601437462955,33.006954,16.580545,2033
6826,r3i1p1f1,2033,09,09,3.3375124036149026,33.073505,16.990713,2033
6827,r3i1p1f1,2033,09,10,0.8366083938171593,33.39242,17.255917,2033
6828,r3i1p1f1,2033,09,11,0.3895710172152824,34.14878,17.00343,2033
6829,r3i1p1f1,2033,09,12,1.0337929618317228,33.93269,17.250772,2033
6830,r3i1p1f1,2033,09,13,0.026215148794687015,34.81128,17.729425,2033
6831,r3i1p1f1,2033,09,14,0.0,33.834187,16.27037,2033
6832,r3i1p1f1,2033,09,15,0.0,32.910156,15.562822,2033
6833,r3i1p1f1,2033,09,16,0.0,34.1627,15.997799,2033
6834,r3i1p1f1,2033,09,17,0.0,35.492313,16.866062,2033
6835,r3i1p1f1,2033,09,18,0.00870428972341346,36.55017,17.381351,2033
6836,r3i1p1f1,2033,09,19,0.4820974069033665,35.089745,17.598286,2033
6837,r3i1p1f1,2033,09,20,0.06860249622012347,34.42752,17.165962,2033
6838,r3i1p1f1,2033,09,21,0.042009145205762856,33.156986,16.401539,2033
6839,r3i1p1f1,2033,09,22,0.049099799472253035,30.784414,13.694502,2033
6840,r3i1p1f1,2033,09,23,0.0,30.381306,12.539635,2033
6841,r3i1p1f1,2033,09,24,0.0,32.63512,13.340213,2033
6842,r3i1p1f1,2033,09,25,0.0,30.276337,14.180363,2033
6843,r3i1p1f1,2033,09,26,0.10311979847646205,27.773808,10.4652605,2033
6844,r3i1p1f1,2033,09,27,0.05868448224095063,25.497133,9.571579,2033
6845,r3i1p1f1,2033,09,28,0.0033270809217356145,24.619595,7.9535303,2033
6846,r3i1p1f1,2033,09,29,0.17137498302459295,23.137798,7.2474985,2033
6847,r3i1p1f1,2033,09,30,0.01375347751573744,20.826843,6.434512,2033
6848,r3i1p1f1,2033,10,01,0.0,20.508324,5.3019633,2033
6849,r3i1p1f1,2033,10,02,0.0,25.815615,7.333995,2033
6850,r3i1p1f1,2033,10,03,0.0,28.474066,11.032161,2033
6851,r3i1p1f1,2033,10,04,0.0018877714914693074,26.650045,11.677839,2033
6852,r3i1p1f1,2033,10,05,0.0,22.986824,6.1997366,2033
6853,r3i1p1f1,2033,10,06,0.0,25.321152,7.6344967,2033
6854,r3i1p1f1,2033,10,07,0.0,26.444288,9.85779,2033
6855,r3i1p1f1,2033,10,08,0.0,28.263033,10.115025,2033
6856,r3i1p1f1,2033,10,09,0.0,30.147394,10.644012,2033
6857,r3i1p1f1,2033,10,10,0.0,31.147903,13.565597,2033
6858,r3i1p1f1,2033,10,11,0.0,31.35512,12.505304,2033
6859,r3i1p1f1,2033,10,12,0.0,28.71039,9.441275,2033
6860,r3i1p1f1,2033,10,13,0.0,27.632233,9.330582,2033
6861,r3i1p1f1,2033,10,14,0.0,28.13443,9.399281,2033
6862,r3i1p1f1,2033,10,15,0.0,28.76777,10.93662,2033
6863,r3i1p1f1,2033,10,16,0.0,26.640099,9.532987,2033
6864,r3i1p1f1,2033,10,17,0.042869113707721146,20.845587,5.4649673,2033
6865,r3i1p1f1,2033,10,18,0.13360836175817178,23.847868,7.3455806,2033
6866,r3i1p1f1,2033,10,19,6.194821354393257,24.288555,8.500952,2033
6867,r3i1p1f1,2033,10,20,6.0919195584486285,21.422523,7.995612,2033
6868,r3i1p1f1,2033,10,21,0.7848232139627781,21.447412,7.437406,2033
6869,r3i1p1f1,2033,10,22,0.17662942901634696,23.518435,8.361229,2033
6870,r3i1p1f1,2033,10,23,0.29014908476903767,22.050413,7.4054523,2033
6871,r3i1p1f1,2033,10,24,4.6226554192544835,18.691654,6.8979673,2033
6872,r3i1p1f1,2033,10,25,19.7221935957328,18.738976,8.725358,2033
6873,r3i1p1f1,2033,10,26,6.313904576317272,17.561962,7.0159388,2033
6874,r3i1p1f1,2033,10,27,0.104855838250263,12.79281,1.2964197,2033
6875,r3i1p1f1,2033,10,28,0.0,17.656693,2.4900885,2033
6876,r3i1p1f1,2033,10,29,0.0,18.869234,4.027018,2033
6877,r3i1p1f1,2033,10,30,0.021052469312439138,18.044868,3.9867368,2033
6878,r3i1p1f1,2033,10,31,0.4525889775300818,17.093088,6.1242905,2033
6879,r3i1p1f1,2033,11,01,0.0,15.587614,2.3546073,2033
6880,r3i1p1f1,2033,11,02,0.0,18.043411,3.063563,2033
6881,r3i1p1f1,2033,11,03,0.0,17.96143,4.520453,2033
6882,r3i1p1f1,2033,11,04,0.0,16.827477,3.999656,2033
6883,r3i1p1f1,2033,11,05,0.0,15.707618,2.2134583,2033
6884,r3i1p1f1,2033,11,06,0.0,16.414845,2.1577885,2033
6885,r3i1p1f1,2033,11,07,0.0,16.269478,1.0981374,2033
6886,r3i1p1f1,2033,11,08,0.0,18.061672,1.9738688,2033
6887,r3i1p1f1,2033,11,09,0.0,20.428541,3.2245786,2033
6888,r3i1p1f1,2033,11,10,0.0,21.195017,5.7654037,2033
6889,r3i1p1f1,2033,11,11,0.0,18.592531,6.412791,2033
6890,r3i1p1f1,2033,11,12,0.0,20.820353,5.1651673,2033
6891,r3i1p1f1,2033,11,13,0.0,20.59819,5.143993,2033
6892,r3i1p1f1,2033,11,14,0.0,20.670126,4.1669006,2033
6893,r3i1p1f1,2033,11,15,0.0,20.998281,6.239616,2033
6894,r3i1p1f1,2033,11,16,0.0005590520926158537,20.265762,5.453616,2033
6895,r3i1p1f1,2033,11,17,0.0010160091826974442,17.751225,3.9426181,2033
6896,r3i1p1f1,2033,11,18,0.0,17.858885,2.5762305,2033
6897,r3i1p1f1,2033,11,19,0.0,19.762213,4.2753973,2033
6898,r3i1p1f1,2033,11,20,0.0,20.945293,5.6572104,2033
6899,r3i1p1f1,2033,11,21,0.0,19.243744,6.0358367,2033
6900,r3i1p1f1,2033,11,22,0.003892823023665132,16.573734,1.1424259,2033
6901,r3i1p1f1,2033,11,23,0.0,11.092575,-4.6367803,2033
6902,r3i1p1f1,2033,11,24,0.0,11.436004,-4.757569,2033
6903,r3i1p1f1,2033,11,25,0.0,11.581032,-5.5350037,2033
6904,r3i1p1f1,2033,11,26,0.025122110104844483,9.689685,-6.4647126,2033
6905,r3i1p1f1,2033,11,27,10.235280443042884,9.522966,-2.6215413,2033
6906,r3i1p1f1,2033,11,28,6.097225995540749,8.956175,0.5785017,2033
6907,r3i1p1f1,2033,11,29,1.165865842016515,10.995455,1.9480841,2033
6908,r3i1p1f1,2033,11,30,13.186737759480655,11.761929,2.3376663,2033
6909,r3i1p1f1,2033,12,01,13.02504881888815,13.476317,4.0712643,2033
6910,r3i1p1f1,2033,12,02,40.12595176837253,14.171902,7.8403077,2033
6911,r3i1p1f1,2033,12,03,52.15738081455955,14.950961,7.2794313,2033
6912,r3i1p1f1,2033,12,04,0.0070407341770602,13.268296,0.21871306,2033
6913,r3i1p1f1,2033,12,05,0.017230461129326035,12.673458,0.17376354,2033
6914,r3i1p1f1,2033,12,06,13.6635925075103,12.238232,3.9770324,2033
6915,r3i1p1f1,2033,12,07,0.0,12.883841,-0.3678929,2033
6916,r3i1p1f1,2033,12,08,0.0,14.545489,1.0532777,2033
6917,r3i1p1f1,2033,12,09,0.0,15.72282,3.588684,2033
6918,r3i1p1f1,2033,12,10,0.0,16.757952,3.7006779,2033
6919,r3i1p1f1,2033,12,11,0.19566456115364528,15.2910385,1.9719673,2033
6920,r3i1p1f1,2033,12,12,12.291979575332086,15.741504,6.2817926,2033
6921,r3i1p1f1,2033,12,13,5.740269095289422,15.124172,4.4375215,2033
6922,r3i1p1f1,2033,12,14,0.38192537670897075,9.800419,0.4386197,2033
6923,r3i1p1f1,2033,12,15,0.0,10.629129,-2.1924608,2033
6924,r3i1p1f1,2033,12,16,6.431880478146623,13.790167,3.9418457,2033
6925,r3i1p1f1,2033,12,17,0.014025384115291561,13.421232,-0.01608462,2033
6926,r3i1p1f1,2033,12,18,0.0897039069081984,12.170021,0.43560278,2033
6927,r3i1p1f1,2033,12,19,1.693807725773006,10.87675,2.1990826,2033
6928,r3i1p1f1,2033,12,20,3.978243955705583,10.737295,0.98897743,2033
6929,r3i1p1f1,2033,12,21,0.04140205599524603,9.987871,-1.0773556,2033
6930,r3i1p1f1,2033,12,22,0.0,12.387752,-1.5277457,2033
6931,r3i1p1f1,2033,12,23,0.0,11.254051,-0.41998902,2033
6932,r3i1p1f1,2033,12,24,1.5922992271512296e-05,11.261646,-2.322263,2033
6933,r3i1p1f1,2033,12,25,9.745423826439174,10.921669,1.3713081,2033
6934,r3i1p1f1,2033,12,26,1.0355931583332925,9.307244,-0.20854087,2033
6935,r3i1p1f1,2033,12,27,0.00039720174038048947,9.952626,-3.2183251,2033
6936,r3i1p1f1,2033,12,28,0.02774967790835283,9.330257,-1.8056613,2033
6937,r3i1p1f1,2033,12,29,0.0,10.01871,-2.9165983,2033
6938,r3i1p1f1,2033,12,30,0.0,10.351764,-2.1746368,2033
6939,r3i1p1f1,2033,12,31,0.010370937013772853,11.922557,-0.4974604,2033
6940,r3i1p1f1,2034,01,01,0.014861731685937919,10.7772,-0.36802402,2034
6941,r3i1p1f1,2034,01,02,0.0,10.846353,-2.7565656,2034
6942,r3i1p1f1,2034,01,03,0.08057796344060493,11.29225,2.4682026,2034
6943,r3i1p1f1,2034,01,04,0.0,13.210965,0.6516529,2034
6944,r3i1p1f1,2034,01,05,0.0,14.76912,1.4829049,2034
6945,r3i1p1f1,2034,01,06,0.0,14.386115,1.645823,2034
6946,r3i1p1f1,2034,01,07,0.008109855835121407,13.448264,2.301055,2034
6947,r3i1p1f1,2034,01,08,0.0,12.903002,1.8556488,2034
6948,r3i1p1f1,2034,01,09,12.283112765075973,13.215698,3.6979408,2034
6949,r3i1p1f1,2034,01,10,1.1315543371518177,11.763802,2.936165,2034
6950,r3i1p1f1,2034,01,11,0.0,11.731511,-1.6924455,2034
6951,r3i1p1f1,2034,01,12,0.0,12.407576,-1.5591639,2034
6952,r3i1p1f1,2034,01,13,0.0,12.778735,-0.46324295,2034
6953,r3i1p1f1,2034,01,14,0.0,14.838759,1.2393637,2034
6954,r3i1p1f1,2034,01,15,0.0,17.512896,2.1192806,2034
6955,r3i1p1f1,2034,01,16,0.0,16.002192,1.770676,2034
6956,r3i1p1f1,2034,01,17,0.0,12.672415,2.5998545,2034
6957,r3i1p1f1,2034,01,18,0.10283007035137746,12.921423,0.76561874,2034
6958,r3i1p1f1,2034,01,19,0.0,11.853264,-1.145633,2034
6959,r3i1p1f1,2034,01,20,0.0,16.223478,2.7349813,2034
6960,r3i1p1f1,2034,01,21,4.211306436302424,16.062584,4.093757,2034
6961,r3i1p1f1,2034,01,22,0.006784147756689256,10.462564,-0.8706565,2034
6962,r3i1p1f1,2034,01,23,0.0,11.9562645,-2.3610935,2034
6963,r3i1p1f1,2034,01,24,0.0,11.054238,-1.8591934,2034
6964,r3i1p1f1,2034,01,25,0.022860390480755912,9.418305,0.81647325,2034
6965,r3i1p1f1,2034,01,26,0.10096532079676929,11.139888,1.5769421,2034
6966,r3i1p1f1,2034,01,27,0.05236251113908083,16.220428,6.514208,2034
6967,r3i1p1f1,2034,01,28,0.0,16.180195,1.3450387,2034
6968,r3i1p1f1,2034,01,29,0.0,15.095514,1.0384003,2034
6969,r3i1p1f1,2034,01,30,0.0,14.789556,0.88445944,2034
6970,r3i1p1f1,2034,01,31,0.0,16.429014,2.557235,2034
6971,r3i1p1f1,2034,02,01,0.0,16.594275,2.246718,2034
6972,r3i1p1f1,2034,02,02,0.0,16.314995,3.282698,2034
6973,r3i1p1f1,2034,02,03,0.0,15.625071,2.6902702,2034
6974,r3i1p1f1,2034,02,04,0.0,15.464494,0.21300982,2034
6975,r3i1p1f1,2034,02,05,0.0,13.2509575,0.77252203,2034
6976,r3i1p1f1,2034,02,06,0.0,16.011538,-0.50608504,2034
6977,r3i1p1f1,2034,02,07,0.0,18.361353,1.6443201,2034
6978,r3i1p1f1,2034,02,08,0.0,18.4677,2.920122,2034
6979,r3i1p1f1,2034,02,09,0.0047917962321221376,17.56453,3.09358,2034
6980,r3i1p1f1,2034,02,10,0.0,13.297212,-0.47597343,2034
6981,r3i1p1f1,2034,02,11,0.0,12.436781,-2.6559536,2034
6982,r3i1p1f1,2034,02,12,0.0,13.4161005,-2.0208223,2034
6983,r3i1p1f1,2034,02,13,0.0,13.124592,-1.1852599,2034
6984,r3i1p1f1,2034,02,14,0.0,17.05132,0.29647255,2034
6985,r3i1p1f1,2034,02,15,0.07074465742334723,18.825815,3.187714,2034
6986,r3i1p1f1,2034,02,16,0.8684675757462118,17.875101,5.6734843,2034
6987,r3i1p1f1,2034,02,17,0.010415554072758161,19.275354,3.3721735,2034
6988,r3i1p1f1,2034,02,18,0.0,19.423153,3.242142,2034
6989,r3i1p1f1,2034,02,19,0.0,20.191906,4.4037886,2034
6990,r3i1p1f1,2034,02,20,0.0,21.341259,4.799109,2034
6991,r3i1p1f1,2034,02,21,0.0,22.336285,5.950407,2034
6992,r3i1p1f1,2034,02,22,0.20491106191801725,19.996355,7.0829244,2034
6993,r3i1p1f1,2034,02,23,0.001237703157433619,18.615717,3.2269402,2034
6994,r3i1p1f1,2034,02,24,0.0,20.138752,4.0155296,2034
6995,r3i1p1f1,2034,02,25,0.0,22.266481,5.319376,2034
6996,r3i1p1f1,2034,02,26,0.0,23.561426,6.295531,2034
6997,r3i1p1f1,2034,02,27,0.0,23.709003,6.6538973,2034
6998,r3i1p1f1,2034,02,28,0.0,23.710888,7.0912476,2034
6999,r3i1p1f1,2034,03,01,0.0,19.87299,4.122352,2034
7000,r3i1p1f1,2034,03,02,0.0,19.683453,0.97472423,2034
7001,r3i1p1f1,2034,03,03,0.0,20.010998,1.363931,2034
7002,r3i1p1f1,2034,03,04,0.002338521040986631,22.883863,4.68769,2034
7003,r3i1p1f1,2034,03,05,4.143375843636794,17.76648,4.5273004,2034
7004,r3i1p1f1,2034,03,06,0.2728364997796868,16.18232,2.498515,2034
7005,r3i1p1f1,2034,03,07,0.17567714309155813,15.18159,-1.3737829,2034
7006,r3i1p1f1,2034,03,08,0.003923496172347134,13.003248,-2.2798305,2034
7007,r3i1p1f1,2034,03,09,0.0,14.343899,-1.2898371,2034
7008,r3i1p1f1,2034,03,10,0.0,16.47309,-0.9367786,2034
7009,r3i1p1f1,2034,03,11,0.0012692086624376702,20.148355,2.4357805,2034
7010,r3i1p1f1,2034,03,12,0.0,21.919449,3.4634547,2034
7011,r3i1p1f1,2034,03,13,0.0,24.186682,5.1939197,2034
7012,r3i1p1f1,2034,03,14,0.0,23.628925,4.6834326,2034
7013,r3i1p1f1,2034,03,15,0.0,25.961437,5.7611136,2034
7014,r3i1p1f1,2034,03,16,0.0,25.509747,5.340411,2034
7015,r3i1p1f1,2034,03,17,0.00240109760356559,22.372248,2.612121,2034
7016,r3i1p1f1,2034,03,18,0.001292904754253951,19.372288,0.39157182,2034
7017,r3i1p1f1,2034,03,19,2.1192415911619635,14.865043,1.086219,2034
7018,r3i1p1f1,2034,03,20,6.4445544554718195,13.217982,3.516668,2034
7019,r3i1p1f1,2034,03,21,11.536946370302537,15.176736,4.563754,2034
7020,r3i1p1f1,2034,03,22,12.295145465492775,14.430598,2.5299852,2034
7021,r3i1p1f1,2034,03,23,4.212481542358133,9.381575,-1.152469,2034
7022,r3i1p1f1,2034,03,24,0.021780598247212103,11.99541,-1.8612268,2034
7023,r3i1p1f1,2034,03,25,0.0,13.614616,-1.3081795,2034
7024,r3i1p1f1,2034,03,26,0.023124660038967813,16.244415,0.37553003,2034
7025,r3i1p1f1,2034,03,27,0.0012286649452465954,17.239714,1.1173384,2034
7026,r3i1p1f1,2034,03,28,0.5280762945480864,16.376835,3.9986725,2034
7027,r3i1p1f1,2034,03,29,0.00122469983938517,14.872105,-0.4944218,2034
7028,r3i1p1f1,2034,03,30,0.007061643921064608,16.831345,0.9739638,2034
7029,r3i1p1f1,2034,03,31,0.0,18.1061,3.9956625,2034
7030,r3i1p1f1,2034,04,01,0.0,21.617981,2.5052814,2034
7031,r3i1p1f1,2034,04,02,0.0,23.040247,4.4041505,2034
7032,r3i1p1f1,2034,04,03,0.0,24.058802,7.9405813,2034
7033,r3i1p1f1,2034,04,04,0.0,26.374403,7.1755576,2034
7034,r3i1p1f1,2034,04,05,0.0,27.895256,10.386481,2034
7035,r3i1p1f1,2034,04,06,0.13409242512407768,25.691797,7.692,2034
7036,r3i1p1f1,2034,04,07,0.003397735294349717,22.261438,4.440878,2034
7037,r3i1p1f1,2034,04,08,0.0013681818293689778,23.691166,4.8000274,2034
7038,r3i1p1f1,2034,04,09,0.001884356302484362,23.753073,6.3175707,2034
7039,r3i1p1f1,2034,04,10,0.07116367001523913,26.021658,7.101364,2034
7040,r3i1p1f1,2034,04,11,0.1917968137268238,27.867228,8.663971,2034
7041,r3i1p1f1,2034,04,12,0.0,30.33548,8.90894,2034
7042,r3i1p1f1,2034,04,13,0.0,29.735126,8.807946,2034
7043,r3i1p1f1,2034,04,14,0.0,23.790703,6.8951774,2034
7044,r3i1p1f1,2034,04,15,0.121216761342084,18.220348,4.4162607,2034
7045,r3i1p1f1,2034,04,16,0.004797521908061974,20.055279,1.1382529,2034
7046,r3i1p1f1,2034,04,17,0.0,22.056936,3.408558,2034
7047,r3i1p1f1,2034,04,18,0.023061051659610574,22.913834,4.0157843,2034
7048,r3i1p1f1,2034,04,19,0.0,20.218168,2.2462068,2034
7049,r3i1p1f1,2034,04,20,0.0,24.264656,4.946216,2034
7050,r3i1p1f1,2034,04,21,0.0,27.148804,7.4649444,2034
7051,r3i1p1f1,2034,04,22,0.0,25.184998,8.020361,2034
7052,r3i1p1f1,2034,04,23,0.0,25.493834,8.338887,2034
7053,r3i1p1f1,2034,04,24,0.0,27.483849,8.701014,2034
7054,r3i1p1f1,2034,04,25,0.0,29.144293,10.487267,2034
7055,r3i1p1f1,2034,04,26,0.0,28.869986,9.892134,2034
7056,r3i1p1f1,2034,04,27,0.0,27.017101,8.56643,2034
7057,r3i1p1f1,2034,04,28,0.0,21.250372,3.7643456,2034
7058,r3i1p1f1,2034,04,29,0.0,23.580652,4.4752264,2034
7059,r3i1p1f1,2034,04,30,0.0,26.945189,7.3570094,2034
7060,r3i1p1f1,2034,05,01,0.0,31.948538,10.3550625,2034
7061,r3i1p1f1,2034,05,02,0.0,35.57941,13.314008,2034
7062,r3i1p1f1,2034,05,03,0.0,35.064716,13.864727,2034
7063,r3i1p1f1,2034,05,04,0.0005711331102771289,34.33864,13.077669,2034
7064,r3i1p1f1,2034,05,05,0.012911647985068461,32.49418,14.535336,2034
7065,r3i1p1f1,2034,05,06,0.10217520614704964,29.377731,12.6327915,2034
7066,r3i1p1f1,2034,05,07,0.0,29.154455,10.472152,2034
7067,r3i1p1f1,2034,05,08,0.0,27.970749,9.403884,2034
7068,r3i1p1f1,2034,05,09,0.0,27.148746,8.013377,2034
7069,r3i1p1f1,2034,05,10,0.0,24.971865,6.830097,2034
7070,r3i1p1f1,2034,05,11,0.0,26.518995,7.861616,2034
7071,r3i1p1f1,2034,05,12,0.0,26.89382,8.396307,2034
7072,r3i1p1f1,2034,05,13,0.0,28.952782,9.270286,2034
7073,r3i1p1f1,2034,05,14,0.04696671233625349,27.568003,9.360629,2034
7074,r3i1p1f1,2034,05,15,0.0,27.957716,10.734154,2034
7075,r3i1p1f1,2034,05,16,0.02335114144829497,26.8284,8.206801,2034
7076,r3i1p1f1,2034,05,17,0.0,26.983864,8.599625,2034
7077,r3i1p1f1,2034,05,18,0.0,28.900814,9.954458,2034
7078,r3i1p1f1,2034,05,19,0.0,33.184776,12.245421,2034
7079,r3i1p1f1,2034,05,20,0.0,34.63085,13.739283,2034
7080,r3i1p1f1,2034,05,21,0.07279069570358843,33.748306,13.151109,2034
7081,r3i1p1f1,2034,05,22,0.11977221523535042,31.4569,13.658552,2034
7082,r3i1p1f1,2034,05,23,0.024620721779876585,30.910498,12.114526,2034
7083,r3i1p1f1,2034,05,24,0.0015998962970281189,30.883673,12.180158,2034
7084,r3i1p1f1,2034,05,25,0.0,30.822306,11.942446,2034
7085,r3i1p1f1,2034,05,26,0.0,31.77622,12.470834,2034
7086,r3i1p1f1,2034,05,27,0.0,31.006966,11.625284,2034
7087,r3i1p1f1,2034,05,28,0.0,30.488983,10.931916,2034
7088,r3i1p1f1,2034,05,29,0.0,30.504297,12.292713,2034
7089,r3i1p1f1,2034,05,30,0.0,34.545322,15.362179,2034
7090,r3i1p1f1,2034,05,31,0.0,34.477657,15.084073,2034
7091,r3i1p1f1,2034,06,01,0.006827351361139197,31.729988,12.250472,2034
7092,r3i1p1f1,2034,06,02,0.013808364288486315,24.389961,7.95548,2034
7093,r3i1p1f1,2034,06,03,0.014744084681186712,22.26317,7.899458,2034
7094,r3i1p1f1,2034,06,04,0.0,24.546646,8.135185,2034
7095,r3i1p1f1,2034,06,05,0.0,27.598875,10.0885515,2034
7096,r3i1p1f1,2034,06,06,0.0,30.538935,12.548602,2034
7097,r3i1p1f1,2034,06,07,0.0,33.197712,13.454762,2034
7098,r3i1p1f1,2034,06,08,0.0,32.781193,13.806451,2034
7099,r3i1p1f1,2034,06,09,0.0,34.134583,15.347794,2034
7100,r3i1p1f1,2034,06,10,0.0,36.187515,17.484995,2034
7101,r3i1p1f1,2034,06,11,0.0,38.33231,18.2663,2034
7102,r3i1p1f1,2034,06,12,0.0,39.10369,19.08282,2034
7103,r3i1p1f1,2034,06,13,0.0,38.57268,16.966743,2034
7104,r3i1p1f1,2034,06,14,0.0,30.320892,12.360127,2034
7105,r3i1p1f1,2034,06,15,0.0,27.137325,10.202038,2034
7106,r3i1p1f1,2034,06,16,0.0,26.075218,9.603648,2034
7107,r3i1p1f1,2034,06,17,0.003658432802749854,27.510632,9.880219,2034
7108,r3i1p1f1,2034,06,18,0.026686528563555894,30.414341,12.975594,2034
7109,r3i1p1f1,2034,06,19,0.04321066782612241,32.988754,14.161916,2034
7110,r3i1p1f1,2034,06,20,0.0,36.368526,15.681234,2034
7111,r3i1p1f1,2034,06,21,0.0,38.00591,17.085167,2034
7112,r3i1p1f1,2034,06,22,0.0,38.010555,17.593914,2034
7113,r3i1p1f1,2034,06,23,0.0,38.103004,17.509136,2034
7114,r3i1p1f1,2034,06,24,0.002236773108245071,36.623142,17.217638,2034
7115,r3i1p1f1,2034,06,25,0.0032646736574613237,33.17449,15.871371,2034
7116,r3i1p1f1,2034,06,26,0.06334781336287658,32.880135,15.031689,2034
7117,r3i1p1f1,2034,06,27,0.0,33.699844,14.682631,2034
7118,r3i1p1f1,2034,06,28,0.0,34.4281,14.604966,2034
7119,r3i1p1f1,2034,06,29,0.0,33.936497,15.411466,2034
7120,r3i1p1f1,2034,06,30,0.0,36.011032,16.165436,2034
7121,r3i1p1f1,2034,07,01,0.0,35.471714,17.041588,2034
7122,r3i1p1f1,2034,07,02,0.0,34.313004,16.461086,2034
7123,r3i1p1f1,2034,07,03,0.0,33.959034,15.803767,2034
7124,r3i1p1f1,2034,07,04,0.0,33.195526,13.998508,2034
7125,r3i1p1f1,2034,07,05,0.006975404438421581,33.02316,14.647658,2034
7126,r3i1p1f1,2034,07,06,0.0,33.06729,14.226881,2034
7127,r3i1p1f1,2034,07,07,0.0,32.424755,14.185639,2034
7128,r3i1p1f1,2034,07,08,0.0,30.838963,13.082812,2034
7129,r3i1p1f1,2034,07,09,0.0,30.268957,12.984862,2034
7130,r3i1p1f1,2034,07,10,0.01137530575788608,28.184553,11.441986,2034
7131,r3i1p1f1,2034,07,11,0.0032352819107472897,25.403177,9.205232,2034
7132,r3i1p1f1,2034,07,12,0.0,26.184029,9.276558,2034
7133,r3i1p1f1,2034,07,13,0.0003352615573076588,29.246338,12.345519,2034
7134,r3i1p1f1,2034,07,14,0.0,33.88958,15.479212,2034
7135,r3i1p1f1,2034,07,15,0.0,36.315254,16.965538,2034
7136,r3i1p1f1,2034,07,16,0.0,36.063892,16.578012,2034
7137,r3i1p1f1,2034,07,17,0.0,34.58692,15.179572,2034
7138,r3i1p1f1,2034,07,18,0.0,31.673643,13.959751,2034
7139,r3i1p1f1,2034,07,19,0.0,29.669014,13.312059,2034
7140,r3i1p1f1,2034,07,20,0.0,29.686928,13.21324,2034
7141,r3i1p1f1,2034,07,21,0.0,31.922565,14.294881,2034
7142,r3i1p1f1,2034,07,22,0.0,35.8594,17.123837,2034
7143,r3i1p1f1,2034,07,23,0.0,37.945023,19.110626,2034
7144,r3i1p1f1,2034,07,24,0.001043243630027229,38.53685,19.223179,2034
7145,r3i1p1f1,2034,07,25,0.14572324033713702,37.420513,18.22389,2034
7146,r3i1p1f1,2034,07,26,0.006108549352961056,36.569794,18.907413,2034
7147,r3i1p1f1,2034,07,27,0.005558896549645755,37.39312,18.088974,2034
7148,r3i1p1f1,2034,07,28,0.002191742806286184,38.018467,18.148197,2034
7149,r3i1p1f1,2034,07,29,0.0,37.469032,17.785336,2034
7150,r3i1p1f1,2034,07,30,0.0,36.543285,17.926651,2034
7151,r3i1p1f1,2034,07,31,0.0,36.719036,17.738281,2034
7152,r3i1p1f1,2034,08,01,0.2463962972273514,36.251534,18.25974,2034
7153,r3i1p1f1,2034,08,02,0.4590926762301189,35.15977,17.93803,2034
7154,r3i1p1f1,2034,08,03,0.5235641915527539,33.99549,17.07807,2034
7155,r3i1p1f1,2034,08,04,0.11120373481500076,32.964184,15.722271,2034
7156,r3i1p1f1,2034,08,05,0.6409097419413173,29.575926,13.804943,2034
7157,r3i1p1f1,2034,08,06,0.031179191276103004,31.01468,14.28973,2034
7158,r3i1p1f1,2034,08,07,0.31335642526259605,32.686607,15.77557,2034
7159,r3i1p1f1,2034,08,08,0.0427314237370438,33.492493,15.676207,2034
7160,r3i1p1f1,2034,08,09,0.7636570343245033,33.162006,15.284645,2034
7161,r3i1p1f1,2034,08,10,0.2391191541237552,30.484316,13.596715,2034
7162,r3i1p1f1,2034,08,11,0.0,29.85679,12.800559,2034
7163,r3i1p1f1,2034,08,12,0.0,29.255121,12.040074,2034
7164,r3i1p1f1,2034,08,13,0.0,30.714184,12.882218,2034
7165,r3i1p1f1,2034,08,14,0.0,31.139437,12.745358,2034
7166,r3i1p1f1,2034,08,15,0.0,28.939972,12.43479,2034
7167,r3i1p1f1,2034,08,16,0.0,29.559021,13.095704,2034
7168,r3i1p1f1,2034,08,17,0.0,32.367477,13.908993,2034
7169,r3i1p1f1,2034,08,18,0.0,34.05483,14.321525,2034
7170,r3i1p1f1,2034,08,19,0.0,33.77929,14.377881,2034
7171,r3i1p1f1,2034,08,20,0.0,34.300907,15.970721,2034
7172,r3i1p1f1,2034,08,21,0.0,34.42969,16.190626,2034
7173,r3i1p1f1,2034,08,22,0.0,34.78639,15.714207,2034
7174,r3i1p1f1,2034,08,23,0.002313144857797659,33.719345,14.4805975,2034
7175,r3i1p1f1,2034,08,24,0.0,33.031345,15.0797205,2034
7176,r3i1p1f1,2034,08,25,0.0,31.949697,15.110171,2034
7177,r3i1p1f1,2034,08,26,0.0,32.729694,16.264614,2034
7178,r3i1p1f1,2034,08,27,0.0,34.403034,16.40147,2034
7179,r3i1p1f1,2034,08,28,0.0,34.737835,17.205015,2034
7180,r3i1p1f1,2034,08,29,0.0,34.103218,15.421144,2034
7181,r3i1p1f1,2034,08,30,0.0,34.227825,14.461156,2034
7182,r3i1p1f1,2034,08,31,0.0,35.790447,14.385603,2034
7183,r3i1p1f1,2034,09,01,0.0,36.41682,17.521221,2034
7184,r3i1p1f1,2034,09,02,0.0,37.32377,17.969189,2034
7185,r3i1p1f1,2034,09,03,0.0,37.206657,17.309294,2034
7186,r3i1p1f1,2034,09,04,0.0,33.82608,16.798868,2034
7187,r3i1p1f1,2034,09,05,0.0,33.291977,15.439776,2034
7188,r3i1p1f1,2034,09,06,0.0,33.217426,14.06959,2034
7189,r3i1p1f1,2034,09,07,0.0,31.61231,13.021701,2034
7190,r3i1p1f1,2034,09,08,0.0,33.609985,13.352781,2034
7191,r3i1p1f1,2034,09,09,0.0,35.152653,14.542697,2034
7192,r3i1p1f1,2034,09,10,0.021049550910406237,33.76647,16.340006,2034
7193,r3i1p1f1,2034,09,11,0.1470571437014521,32.46483,17.328138,2034
7194,r3i1p1f1,2034,09,12,0.35750523460041167,32.851112,16.043839,2034
7195,r3i1p1f1,2034,09,13,0.6965609782315424,33.045425,16.05874,2034
7196,r3i1p1f1,2034,09,14,1.304031030498057,33.34295,16.301258,2034
7197,r3i1p1f1,2034,09,15,0.15163097221044486,32.669178,15.226606,2034
7198,r3i1p1f1,2034,09,16,0.8919666340939743,31.430552,14.738624,2034
7199,r3i1p1f1,2034,09,17,0.15735357533258415,31.82494,15.27612,2034
7200,r3i1p1f1,2034,09,18,0.14288858373854027,30.564713,14.441207,2034
7201,r3i1p1f1,2034,09,19,0.02899470281342722,28.470379,12.143582,2034
7202,r3i1p1f1,2034,09,20,0.0,31.16868,12.508779,2034
7203,r3i1p1f1,2034,09,21,0.0,33.040916,14.040078,2034
7204,r3i1p1f1,2034,09,22,0.0,31.327518,13.702315,2034
7205,r3i1p1f1,2034,09,23,0.0,30.462345,12.645188,2034
7206,r3i1p1f1,2034,09,24,0.0,32.59882,13.356446,2034
7207,r3i1p1f1,2034,09,25,0.0,32.96092,13.9739685,2034
7208,r3i1p1f1,2034,09,26,0.0,31.70116,14.498982,2034
7209,r3i1p1f1,2034,09,27,0.0,32.30212,14.718669,2034
7210,r3i1p1f1,2034,09,28,0.0,32.759483,14.640326,2034
7211,r3i1p1f1,2034,09,29,0.0,32.086952,13.544096,2034
7212,r3i1p1f1,2034,09,30,0.036943098785934235,33.21852,15.016304,2034
7213,r3i1p1f1,2034,10,01,0.00039444615443547565,34.17859,15.265197,2034
7214,r3i1p1f1,2034,10,02,0.004933416229588064,33.92658,15.016288,2034
7215,r3i1p1f1,2034,10,03,0.10306682288170453,33.08598,14.681904,2034
7216,r3i1p1f1,2034,10,04,0.02350030029474786,31.442932,15.400779,2034
7217,r3i1p1f1,2034,10,05,0.08440979049103617,30.136251,12.928036,2034
7218,r3i1p1f1,2034,10,06,0.00043174640847031367,29.262133,10.851186,2034
7219,r3i1p1f1,2034,10,07,0.0007504781806897936,28.201729,9.726748,2034
7220,r3i1p1f1,2034,10,08,0.0,30.17399,11.150559,2034
7221,r3i1p1f1,2034,10,09,0.011910577251745219,31.748947,12.882769,2034
7222,r3i1p1f1,2034,10,10,0.01158448060529984,30.354118,14.169467,2034
7223,r3i1p1f1,2034,10,11,0.030785456675596033,27.078764,13.176202,2034
7224,r3i1p1f1,2034,10,12,0.6773160936250916,28.123287,12.333875,2034
7225,r3i1p1f1,2034,10,13,0.015488315266063155,28.743988,12.023651,2034
7226,r3i1p1f1,2034,10,14,0.0,26.206312,10.158039,2034
7227,r3i1p1f1,2034,10,15,0.0,23.659729,8.440611,2034
7228,r3i1p1f1,2034,10,16,0.052005755503407934,22.018652,5.505334,2034
7229,r3i1p1f1,2034,10,17,0.0,23.654016,6.266936,2034
7230,r3i1p1f1,2034,10,18,0.0,22.545557,5.40554,2034
7231,r3i1p1f1,2034,10,19,0.0007455760020424019,23.378721,6.1038504,2034
7232,r3i1p1f1,2034,10,20,0.04711954891470007,21.653896,5.4141855,2034
7233,r3i1p1f1,2034,10,21,0.06269086090579742,21.11253,6.307802,2034
7234,r3i1p1f1,2034,10,22,0.004393049682469361,22.170609,6.8059998,2034
7235,r3i1p1f1,2034,10,23,0.0013093891991020153,23.55581,6.5710607,2034
7236,r3i1p1f1,2034,10,24,0.0011047245017393973,23.608467,7.832837,2034
7237,r3i1p1f1,2034,10,25,0.0,22.872019,4.6760926,2034
7238,r3i1p1f1,2034,10,26,0.0,23.852985,5.7301364,2034
7239,r3i1p1f1,2034,10,27,0.0,23.839552,6.309645,2034
7240,r3i1p1f1,2034,10,28,0.0,24.400526,7.569618,2034
7241,r3i1p1f1,2034,10,29,0.0,23.631853,8.843541,2034
7242,r3i1p1f1,2034,10,30,0.0,21.351372,6.7027984,2034
7243,r3i1p1f1,2034,10,31,0.0,23.009235,8.879521,2034
7244,r3i1p1f1,2034,11,01,0.0,25.424376,7.377255,2034
7245,r3i1p1f1,2034,11,02,0.0,26.510239,8.500248,2034
7246,r3i1p1f1,2034,11,03,0.0,26.366386,8.023778,2034
7247,r3i1p1f1,2034,11,04,0.0,26.703287,9.531858,2034
7248,r3i1p1f1,2034,11,05,0.0,27.389107,9.324104,2034
7249,r3i1p1f1,2034,11,06,0.0,27.555878,10.034445,2034
7250,r3i1p1f1,2034,11,07,0.0,25.067627,7.1346173,2034
7251,r3i1p1f1,2034,11,08,0.0,19.672937,4.547457,2034
7252,r3i1p1f1,2034,11,09,0.0,22.406752,5.2318015,2034
7253,r3i1p1f1,2034,11,10,0.0,24.776196,7.2315083,2034
7254,r3i1p1f1,2034,11,11,0.0016202006460816572,21.925394,6.4093947,2034
7255,r3i1p1f1,2034,11,12,0.08581628787258964,18.204678,5.138703,2034
7256,r3i1p1f1,2034,11,13,0.0,16.60782,2.037947,2034
7257,r3i1p1f1,2034,11,14,0.011950436729062913,17.389233,1.4604762,2034
7258,r3i1p1f1,2034,11,15,2.842383070021628,16.708775,4.715667,2034
7259,r3i1p1f1,2034,11,16,0.09562519454145028,15.537595,1.072117,2034
7260,r3i1p1f1,2034,11,17,0.0,14.493906,1.7827615,2034
7261,r3i1p1f1,2034,11,18,0.0,17.041895,1.0512046,2034
7262,r3i1p1f1,2034,11,19,0.0,18.662283,1.5468765,2034
7263,r3i1p1f1,2034,11,20,0.0,18.412205,1.394218,2034
7264,r3i1p1f1,2034,11,21,0.0,18.671738,1.5358062,2034
7265,r3i1p1f1,2034,11,22,0.0,19.537077,1.9157716,2034
7266,r3i1p1f1,2034,11,23,0.0,20.092737,1.8043578,2034
7267,r3i1p1f1,2034,11,24,0.0,16.830145,5.2529297,2034
7268,r3i1p1f1,2034,11,25,0.0,20.542528,1.489276,2034
7269,r3i1p1f1,2034,11,26,0.004598646235976819,19.262241,2.1436691,2034
7270,r3i1p1f1,2034,11,27,0.3661820604412986,17.11331,3.488167,2034
7271,r3i1p1f1,2034,11,28,11.829098692176172,16.62206,5.4257507,2034
7272,r3i1p1f1,2034,11,29,5.607477553403993,12.422538,3.7014713,2034
7273,r3i1p1f1,2034,11,30,0.04106495986255168,10.364683,-1.9916546,2034
7274,r3i1p1f1,2034,12,01,0.0,12.335986,-0.6683744,2034
7275,r3i1p1f1,2034,12,02,0.0,13.907268,-0.28197622,2034
7276,r3i1p1f1,2034,12,03,0.0,13.386796,-0.9683184,2034
7277,r3i1p1f1,2034,12,04,0.0,16.080423,0.602625,2034
7278,r3i1p1f1,2034,12,05,0.0,19.006134,3.3193064,2034
7279,r3i1p1f1,2034,12,06,0.0,19.814753,4.710984,2034
7280,r3i1p1f1,2034,12,07,0.0,19.087149,6.9640403,2034
7281,r3i1p1f1,2034,12,08,0.0,19.639786,4.9233427,2034
7282,r3i1p1f1,2034,12,09,0.0,21.105312,6.2983613,2034
7283,r3i1p1f1,2034,12,10,0.0,20.693233,6.064953,2034
7284,r3i1p1f1,2034,12,11,0.0,20.435982,6.102139,2034
7285,r3i1p1f1,2034,12,12,0.0,20.441807,6.7226553,2034
7286,r3i1p1f1,2034,12,13,0.0,19.77301,5.2591867,2034
7287,r3i1p1f1,2034,12,14,0.0,19.507275,4.815639,2034
7288,r3i1p1f1,2034,12,15,0.0,19.708717,5.3468266,2034
7289,r3i1p1f1,2034,12,16,0.0,17.553108,1.7601733,2034
7290,r3i1p1f1,2034,12,17,0.14516354764716446,13.094889,0.820393,2034
7291,r3i1p1f1,2034,12,18,22.58109719986945,13.775369,4.6612153,2034
7292,r3i1p1f1,2034,12,19,36.84472124633788,16.86178,7.5610356,2034
7293,r3i1p1f1,2034,12,20,0.1275400992805468,11.920412,0.66419417,2034
7294,r3i1p1f1,2034,12,21,0.04567933035793954,9.981518,-2.4287047,2034
7295,r3i1p1f1,2034,12,22,0.0,8.6901,-3.4183884,2034
7296,r3i1p1f1,2034,12,23,0.0,9.344316,-2.7101665,2034
7297,r3i1p1f1,2034,12,24,0.0,10.881992,-1.6606113,2034
7298,r3i1p1f1,2034,12,25,0.0,14.366381,-0.06838957,2034
7299,r3i1p1f1,2034,12,26,0.0,15.394139,1.7999659,2034
7300,r3i1p1f1,2034,12,27,0.0,15.998078,4.009047,2034
7301,r3i1p1f1,2034,12,28,0.0,16.728407,3.699673,2034
7302,r3i1p1f1,2034,12,29,0.0,17.047586,4.725276,2034
7303,r3i1p1f1,2034,12,30,0.026801609809891404,16.00643,4.075949,2034
7304,r3i1p1f1,2034,12,31,0.0,10.752164,-1.448202,2034
7305,r3i1p1f1,2035,01,01,0.0,14.198936,-0.16710311,2035
7306,r3i1p1f1,2035,01,02,0.0,15.31034,0.648453,2035
7307,r3i1p1f1,2035,01,03,0.0,15.719829,0.11356005,2035
7308,r3i1p1f1,2035,01,04,0.17762758379059518,13.84886,4.467697,2035
7309,r3i1p1f1,2035,01,05,0.31046934548612626,14.021326,1.7933409,2035
7310,r3i1p1f1,2035,01,06,0.0,12.92323,0.5044101,2035
7311,r3i1p1f1,2035,01,07,0.0,13.0505085,0.6140056,2035
7312,r3i1p1f1,2035,01,08,0.0,14.293965,0.220812,2035
7313,r3i1p1f1,2035,01,09,0.0,14.318113,0.107454866,2035
7314,r3i1p1f1,2035,01,10,0.0,15.093426,0.27547002,2035
7315,r3i1p1f1,2035,01,11,0.0,14.220878,0.47034976,2035
7316,r3i1p1f1,2035,01,12,0.0,16.117737,1.9247049,2035
7317,r3i1p1f1,2035,01,13,0.0,15.127766,1.4448075,2035
7318,r3i1p1f1,2035,01,14,0.0,18.384571,5.0068502,2035
7319,r3i1p1f1,2035,01,15,0.018458921988371225,17.437384,2.7181013,2035
7320,r3i1p1f1,2035,01,16,8.98408318273582,14.533991,4.8577213,2035
7321,r3i1p1f1,2035,01,17,1.8617005300747582,12.980759,2.828997,2035
7322,r3i1p1f1,2035,01,18,0.0,13.0839615,0.5636762,2035
7323,r3i1p1f1,2035,01,19,0.800634869438275,11.237877,2.7747228,2035
7324,r3i1p1f1,2035,01,20,0.2993363423499404,12.812144,2.0285013,2035
7325,r3i1p1f1,2035,01,21,0.0,15.028231,0.6318994,2035
7326,r3i1p1f1,2035,01,22,0.0,14.106191,0.45464236,2035
7327,r3i1p1f1,2035,01,23,0.17514053906559252,13.886228,2.5630944,2035
7328,r3i1p1f1,2035,01,24,0.0,15.743057,6.140867,2035
7329,r3i1p1f1,2035,01,25,0.02060261081417345,17.46619,4.164551,2035
7330,r3i1p1f1,2035,01,26,0.058960797720250084,16.455389,3.6381598,2035
7331,r3i1p1f1,2035,01,27,0.0008786967108872803,11.1875105,-0.5771263,2035
7332,r3i1p1f1,2035,01,28,0.0,12.797108,-1.3364577,2035
7333,r3i1p1f1,2035,01,29,0.0,13.819752,-1.0726802,2035
7334,r3i1p1f1,2035,01,30,0.08806581668481654,12.952265,0.33882946,2035
7335,r3i1p1f1,2035,01,31,0.0016811521720338726,8.434036,-3.0225694,2035
7336,r3i1p1f1,2035,02,01,0.0,7.6108623,-5.774737,2035
7337,r3i1p1f1,2035,02,02,0.0,9.264362,-5.5620575,2035
7338,r3i1p1f1,2035,02,03,0.0,14.766563,-1.246791,2035
7339,r3i1p1f1,2035,02,04,0.0,18.093796,1.2450745,2035
7340,r3i1p1f1,2035,02,05,0.0,20.303167,4.259993,2035
7341,r3i1p1f1,2035,02,06,0.0,19.78275,3.2672853,2035
7342,r3i1p1f1,2035,02,07,0.0,19.540081,4.692223,2035
7343,r3i1p1f1,2035,02,08,0.1062454056238604,17.09998,1.3628688,2035
7344,r3i1p1f1,2035,02,09,0.21355519692323552,14.588047,4.3920207,2035
7345,r3i1p1f1,2035,02,10,0.0,17.178715,0.037950907,2035
7346,r3i1p1f1,2035,02,11,0.0,17.749119,3.9553025,2035
7347,r3i1p1f1,2035,02,12,0.007373847501267764,16.865646,3.5225112,2035
7348,r3i1p1f1,2035,02,13,0.1665843339419966,15.599142,0.99348783,2035
7349,r3i1p1f1,2035,02,14,0.0,15.995718,1.868572,2035
7350,r3i1p1f1,2035,02,15,0.0,18.033655,1.9654937,2035
7351,r3i1p1f1,2035,02,16,0.0,18.752487,2.049573,2035
7352,r3i1p1f1,2035,02,17,0.0,19.430264,2.980834,2035
7353,r3i1p1f1,2035,02,18,0.0,22.123838,4.477549,2035
7354,r3i1p1f1,2035,02,19,0.0,22.674429,4.9797726,2035
7355,r3i1p1f1,2035,02,20,0.0,22.470524,5.0250106,2035
7356,r3i1p1f1,2035,02,21,0.0,22.587378,5.4156194,2035
7357,r3i1p1f1,2035,02,22,0.0,22.292133,5.768964,2035
7358,r3i1p1f1,2035,02,23,0.0,22.652023,6.2004833,2035
7359,r3i1p1f1,2035,02,24,0.0,22.77219,6.8886495,2035
7360,r3i1p1f1,2035,02,25,0.02451243964694158,20.14827,3.3407836,2035
7361,r3i1p1f1,2035,02,26,0.0015465728519660788,15.954412,1.4230244,2035
7362,r3i1p1f1,2035,02,27,0.0,17.851587,0.27977744,2035
7363,r3i1p1f1,2035,02,28,0.0,19.319672,1.4732783,2035
7364,r3i1p1f1,2035,03,01,6.227955137464133e-05,18.28642,0.7913987,2035
7365,r3i1p1f1,2035,03,02,0.0,19.198875,0.2531808,2035
7366,r3i1p1f1,2035,03,03,0.0,20.284111,1.5105647,2035
7367,r3i1p1f1,2035,03,04,0.0,23.07716,3.787333,2035
7368,r3i1p1f1,2035,03,05,0.0,22.571463,3.1673896,2035
7369,r3i1p1f1,2035,03,06,0.0,20.300817,3.5522068,2035
7370,r3i1p1f1,2035,03,07,0.0,21.402391,3.2878425,2035
7371,r3i1p1f1,2035,03,08,0.0,21.050976,2.193306,2035
7372,r3i1p1f1,2035,03,09,0.0,22.931124,3.5469334,2035
7373,r3i1p1f1,2035,03,10,0.0,25.888351,5.57501,2035
7374,r3i1p1f1,2035,03,11,0.01998643880748811,23.327686,7.0101147,2035
7375,r3i1p1f1,2035,03,12,5.677387962786077,14.72184,4.6995406,2035
7376,r3i1p1f1,2035,03,13,0.0056578134050748,17.706194,3.9980824,2035
7377,r3i1p1f1,2035,03,14,0.0,20.54195,2.7825341,2035
7378,r3i1p1f1,2035,03,15,0.0,23.328835,4.817377,2035
7379,r3i1p1f1,2035,03,16,0.0,23.245247,5.9008374,2035
7380,r3i1p1f1,2035,03,17,0.20775601878223382,21.163927,5.7277727,2035
7381,r3i1p1f1,2035,03,18,0.0,20.31071,3.9152086,2035
7382,r3i1p1f1,2035,03,19,0.0,20.18639,3.8333066,2035
7383,r3i1p1f1,2035,03,20,0.0,21.794893,3.3965476,2035
7384,r3i1p1f1,2035,03,21,0.0,23.29902,4.629051,2035
7385,r3i1p1f1,2035,03,22,0.0,24.284208,5.3909006,2035
7386,r3i1p1f1,2035,03,23,0.0,26.10498,5.8160715,2035
7387,r3i1p1f1,2035,03,24,0.0,25.107761,5.1941533,2035
7388,r3i1p1f1,2035,03,25,0.0,24.581656,3.6113808,2035
7389,r3i1p1f1,2035,03,26,0.7774939184646152,22.351171,2.1880236,2035
7390,r3i1p1f1,2035,03,27,8.490895708411811,13.211911,4.0815115,2035
7391,r3i1p1f1,2035,03,28,0.1929804058696997,15.635443,1.4576105,2035
7392,r3i1p1f1,2035,03,29,0.0,20.565952,2.0934975,2035
7393,r3i1p1f1,2035,03,30,0.004084792639001866,21.743454,4.2373996,2035
7394,r3i1p1f1,2035,03,31,0.06221123955831651,24.959684,6.68763,2035
7395,r3i1p1f1,2035,04,01,0.0,27.020567,7.4662004,2035
7396,r3i1p1f1,2035,04,02,0.032898202453824604,26.320791,7.0079412,2035
7397,r3i1p1f1,2035,04,03,0.21060416094824727,21.136377,3.8551302,2035
7398,r3i1p1f1,2035,04,04,1.7593833075079601,16.169296,3.1585853,2035
7399,r3i1p1f1,2035,04,05,0.050342650449072775,22.089622,5.1552925,2035
7400,r3i1p1f1,2035,04,06,0.0,26.141659,6.986171,2035
7401,r3i1p1f1,2035,04,07,0.0,27.176233,7.953616,2035
7402,r3i1p1f1,2035,04,08,0.0,26.368979,8.345588,2035
7403,r3i1p1f1,2035,04,09,0.0,25.85595,6.7423944,2035
7404,r3i1p1f1,2035,04,10,0.0,28.616888,8.234083,2035
7405,r3i1p1f1,2035,04,11,0.0,32.883984,12.122297,2035
7406,r3i1p1f1,2035,04,12,0.0,34.049408,12.497579,2035
7407,r3i1p1f1,2035,04,13,0.0,33.237556,12.914592,2035
7408,r3i1p1f1,2035,04,14,0.0,31.449747,11.324012,2035
7409,r3i1p1f1,2035,04,15,0.0,28.508678,9.65098,2035
7410,r3i1p1f1,2035,04,16,0.0,26.129951,6.164691,2035
7411,r3i1p1f1,2035,04,17,0.0,25.176178,4.563261,2035
7412,r3i1p1f1,2035,04,18,0.0,23.888577,4.0268383,2035
7413,r3i1p1f1,2035,04,19,0.06492543894141405,22.636715,6.286372,2035
7414,r3i1p1f1,2035,04,20,0.03800621393593522,24.729212,4.9237304,2035
7415,r3i1p1f1,2035,04,21,0.02446340439333157,28.138037,7.2553196,2035
7416,r3i1p1f1,2035,04,22,0.0009541271543694717,29.238037,7.46926,2035
7417,r3i1p1f1,2035,04,23,0.0,27.029514,7.2770433,2035
7418,r3i1p1f1,2035,04,24,0.012256776081454573,20.72555,3.4649467,2035
7419,r3i1p1f1,2035,04,25,0.0,18.239698,-0.067868575,2035
7420,r3i1p1f1,2035,04,26,0.0,19.881266,1.716314,2035
7421,r3i1p1f1,2035,04,27,0.0,23.58795,3.9001408,2035
7422,r3i1p1f1,2035,04,28,0.3287502891665402,22.409735,3.7648566,2035
7423,r3i1p1f1,2035,04,29,0.5437627562952746,19.191921,3.9062736,2035
7424,r3i1p1f1,2035,04,30,0.003777873229630517,19.361567,2.835032,2035
7425,r3i1p1f1,2035,05,01,0.0,20.467667,2.6400068,2035
7426,r3i1p1f1,2035,05,02,0.0,27.090372,7.0189667,2035
7427,r3i1p1f1,2035,05,03,0.0,30.864,10.202316,2035
7428,r3i1p1f1,2035,05,04,0.0,30.827568,10.091359,2035
7429,r3i1p1f1,2035,05,05,0.0,28.370882,8.806985,2035
7430,r3i1p1f1,2035,05,06,0.0,26.336529,7.776405,2035
7431,r3i1p1f1,2035,05,07,0.0,24.82489,7.883563,2035
7432,r3i1p1f1,2035,05,08,0.0,25.791136,7.6935353,2035
7433,r3i1p1f1,2035,05,09,0.0,26.308636,7.5994782,2035
7434,r3i1p1f1,2035,05,10,0.0,23.777925,8.225179,2035
7435,r3i1p1f1,2035,05,11,0.0,26.731468,8.197075,2035
7436,r3i1p1f1,2035,05,12,0.0,33.482834,12.039148,2035
7437,r3i1p1f1,2035,05,13,0.0,35.74493,14.302637,2035
7438,r3i1p1f1,2035,05,14,0.0,35.59217,15.221913,2035
7439,r3i1p1f1,2035,05,15,0.0,35.086758,14.21146,2035
7440,r3i1p1f1,2035,05,16,0.0,32.69711,12.03085,2035
7441,r3i1p1f1,2035,05,17,0.0,30.88601,10.645424,2035
7442,r3i1p1f1,2035,05,18,0.0,28.919397,9.519964,2035
7443,r3i1p1f1,2035,05,19,0.0,26.755112,7.4136257,2035
7444,r3i1p1f1,2035,05,20,0.0,25.049646,7.6253567,2035
7445,r3i1p1f1,2035,05,21,1.0537766499394572,20.19664,4.86353,2035
7446,r3i1p1f1,2035,05,22,0.6845536557243164,24.199036,6.245851,2035
7447,r3i1p1f1,2035,05,23,0.014340377842238398,25.20511,6.9526305,2035
7448,r3i1p1f1,2035,05,24,0.0,28.05708,9.358934,2035
7449,r3i1p1f1,2035,05,25,0.0,34.53793,14.682444,2035
7450,r3i1p1f1,2035,05,26,0.0,37.322365,17.149475,2035
7451,r3i1p1f1,2035,05,27,0.0,35.260925,16.685526,2035
7452,r3i1p1f1,2035,05,28,0.0,29.021345,11.155217,2035
7453,r3i1p1f1,2035,05,29,0.0,29.202385,10.175925,2035
7454,r3i1p1f1,2035,05,30,0.0,34.22147,14.956673,2035
7455,r3i1p1f1,2035,05,31,0.0,36.094795,16.950283,2035
7456,r3i1p1f1,2035,06,01,0.0004766696700685178,37.785625,16.941746,2035
7457,r3i1p1f1,2035,06,02,1.0988609071985895,34.055202,14.932903,2035
7458,r3i1p1f1,2035,06,03,0.38483192502815544,32.525288,13.395002,2035
7459,r3i1p1f1,2035,06,04,0.004722318068767588,30.629314,13.102969,2035
7460,r3i1p1f1,2035,06,05,0.0,33.354687,13.4624405,2035
7461,r3i1p1f1,2035,06,06,0.0,34.074062,14.176207,2035
7462,r3i1p1f1,2035,06,07,0.0,32.039543,14.786867,2035
7463,r3i1p1f1,2035,06,08,0.0,30.671185,12.845548,2035
7464,r3i1p1f1,2035,06,09,0.0,31.869202,12.702592,2035
7465,r3i1p1f1,2035,06,10,0.0,35.64117,15.434196,2035
7466,r3i1p1f1,2035,06,11,0.0,38.12981,17.188095,2035
7467,r3i1p1f1,2035,06,12,0.0,37.80623,17.663435,2035
7468,r3i1p1f1,2035,06,13,0.0,36.545185,16.313993,2035
7469,r3i1p1f1,2035,06,14,0.0,35.60496,16.13726,2035
7470,r3i1p1f1,2035,06,15,0.03687192924024368,31.82667,13.399716,2035
7471,r3i1p1f1,2035,06,16,0.0,29.657354,13.372119,2035
7472,r3i1p1f1,2035,06,17,0.0,26.665884,8.349863,2035
7473,r3i1p1f1,2035,06,18,0.0,24.919704,7.4562755,2035
7474,r3i1p1f1,2035,06,19,0.0,28.650438,9.362128,2035
7475,r3i1p1f1,2035,06,20,0.11510319774088477,33.262245,13.882117,2035
7476,r3i1p1f1,2035,06,21,0.051139909315459205,32.38129,14.067198,2035
7477,r3i1p1f1,2035,06,22,0.0021668807709250937,28.730537,10.779045,2035
7478,r3i1p1f1,2035,06,23,0.0008281105141522306,30.14215,10.681373,2035
7479,r3i1p1f1,2035,06,24,0.0,31.258053,12.404885,2035
7480,r3i1p1f1,2035,06,25,0.0,32.881298,14.383159,2035
7481,r3i1p1f1,2035,06,26,0.0,36.6735,16.33317,2035
7482,r3i1p1f1,2035,06,27,0.0,40.577496,18.287123,2035
7483,r3i1p1f1,2035,06,28,0.0,39.815834,18.326895,2035
7484,r3i1p1f1,2035,06,29,0.0,38.543392,18.717949,2035
7485,r3i1p1f1,2035,06,30,0.0,36.404472,16.188005,2035
7486,r3i1p1f1,2035,07,01,0.0,33.08465,15.15066,2035
7487,r3i1p1f1,2035,07,02,0.0,34.00296,15.684985,2035
7488,r3i1p1f1,2035,07,03,0.0,35.09409,16.515919,2035
7489,r3i1p1f1,2035,07,04,0.0,36.55924,16.841562,2035
7490,r3i1p1f1,2035,07,05,0.0,37.828354,18.22148,2035
7491,r3i1p1f1,2035,07,06,0.0,39.71603,18.660635,2035
7492,r3i1p1f1,2035,07,07,0.0,39.400864,18.787985,2035
7493,r3i1p1f1,2035,07,08,0.0,36.48903,17.80124,2035
7494,r3i1p1f1,2035,07,09,0.0,35.468765,17.871563,2035
7495,r3i1p1f1,2035,07,10,0.012247935354742256,37.543,17.739235,2035
7496,r3i1p1f1,2035,07,11,0.0,38.636864,18.362844,2035
7497,r3i1p1f1,2035,07,12,0.0,41.003815,20.34707,2035
7498,r3i1p1f1,2035,07,13,0.0,40.67149,19.683846,2035
7499,r3i1p1f1,2035,07,14,0.0,38.138874,19.268316,2035
7500,r3i1p1f1,2035,07,15,0.0,37.37675,18.554434,2035
7501,r3i1p1f1,2035,07,16,0.0,37.341377,18.191446,2035
7502,r3i1p1f1,2035,07,17,0.0,37.78017,17.51642,2035
7503,r3i1p1f1,2035,07,18,1.3139082511053968,37.286343,19.203697,2035
7504,r3i1p1f1,2035,07,19,0.0018855509926762545,37.3351,18.477451,2035
7505,r3i1p1f1,2035,07,20,0.0,36.838284,18.298334,2035
7506,r3i1p1f1,2035,07,21,0.0,36.65365,18.35604,2035
7507,r3i1p1f1,2035,07,22,0.0,37.881516,17.881042,2035
7508,r3i1p1f1,2035,07,23,0.0,38.148815,18.505066,2035
7509,r3i1p1f1,2035,07,24,0.0,38.12595,19.667324,2035
7510,r3i1p1f1,2035,07,25,0.0,38.897915,19.441553,2035
7511,r3i1p1f1,2035,07,26,0.0,39.66783,20.665548,2035
7512,r3i1p1f1,2035,07,27,0.0,40.441296,20.977339,2035
7513,r3i1p1f1,2035,07,28,0.0,39.75986,20.549522,2035
7514,r3i1p1f1,2035,07,29,0.0,37.636303,17.848122,2035
7515,r3i1p1f1,2035,07,30,0.0,36.06083,17.5671,2035
7516,r3i1p1f1,2035,07,31,0.0,35.28954,17.171997,2035
7517,r3i1p1f1,2035,08,01,0.0,34.744854,17.066032,2035
7518,r3i1p1f1,2035,08,02,0.0,36.276745,16.805025,2035
7519,r3i1p1f1,2035,08,03,0.0,38.174503,18.721746,2035
7520,r3i1p1f1,2035,08,04,0.0042013200987694845,38.22026,19.319084,2035
7521,r3i1p1f1,2035,08,05,0.0,37.11915,19.473316,2035
7522,r3i1p1f1,2035,08,06,0.0,37.839294,18.330154,2035
7523,r3i1p1f1,2035,08,07,0.0,39.27384,19.251637,2035
7524,r3i1p1f1,2035,08,08,0.0,39.688496,20.568037,2035
7525,r3i1p1f1,2035,08,09,0.0,38.79616,19.275246,2035
7526,r3i1p1f1,2035,08,10,0.0,37.730694,17.86167,2035
7527,r3i1p1f1,2035,08,11,0.0,36.500595,16.340635,2035
7528,r3i1p1f1,2035,08,12,0.0,34.890686,15.144781,2035
7529,r3i1p1f1,2035,08,13,0.0,35.08424,15.432246,2035
7530,r3i1p1f1,2035,08,14,0.0,34.033348,14.376969,2035
7531,r3i1p1f1,2035,08,15,0.0,32.3387,13.081506,2035
7532,r3i1p1f1,2035,08,16,0.0,32.12672,12.651322,2035
7533,r3i1p1f1,2035,08,17,0.0,31.9074,12.442645,2035
7534,r3i1p1f1,2035,08,18,0.0,32.553894,14.122184,2035
7535,r3i1p1f1,2035,08,19,0.0,34.296062,15.100948,2035
7536,r3i1p1f1,2035,08,20,0.0,37.14736,16.351683,2035
7537,r3i1p1f1,2035,08,21,0.0,38.762646,18.178068,2035
7538,r3i1p1f1,2035,08,22,0.0006834358491963058,39.45274,17.83031,2035
7539,r3i1p1f1,2035,08,23,0.03739475226735301,36.08539,17.190298,2035
7540,r3i1p1f1,2035,08,24,0.0,35.395416,16.11367,2035
7541,r3i1p1f1,2035,08,25,0.0,34.54486,14.330773,2035
7542,r3i1p1f1,2035,08,26,0.0,32.169304,12.137782,2035
7543,r3i1p1f1,2035,08,27,0.0,31.346113,12.410841,2035
7544,r3i1p1f1,2035,08,28,0.0,31.50214,13.733804,2035
7545,r3i1p1f1,2035,08,29,0.0038578747251339146,30.544592,13.425131,2035
7546,r3i1p1f1,2035,08,30,0.0,26.742771,10.056488,2035
7547,r3i1p1f1,2035,08,31,0.0,26.656523,10.311571,2035
7548,r3i1p1f1,2035,09,01,0.0,28.640245,12.424092,2035
7549,r3i1p1f1,2035,09,02,0.0,32.0317,13.572217,2035
7550,r3i1p1f1,2035,09,03,0.0,30.728472,16.25004,2035
7551,r3i1p1f1,2035,09,04,0.0,31.88435,15.989767,2035
7552,r3i1p1f1,2035,09,05,0.0,33.227657,15.622266,2035
7553,r3i1p1f1,2035,09,06,0.0,33.755066,15.345281,2035
7554,r3i1p1f1,2035,09,07,0.0,28.641348,14.519184,2035
7555,r3i1p1f1,2035,09,08,0.0,30.12051,11.484839,2035
7556,r3i1p1f1,2035,09,09,0.0,32.6671,13.226423,2035
7557,r3i1p1f1,2035,09,10,0.0,32.608006,14.405234,2035
7558,r3i1p1f1,2035,09,11,0.0,31.001781,13.646312,2035
7559,r3i1p1f1,2035,09,12,0.02102614733192957,30.775213,15.259705,2035
7560,r3i1p1f1,2035,09,13,0.0,29.72285,12.251632,2035
7561,r3i1p1f1,2035,09,14,0.0033431849089648686,24.629097,8.944009,2035
7562,r3i1p1f1,2035,09,15,0.0,22.71232,7.156544,2035
7563,r3i1p1f1,2035,09,16,0.021490297588047037,26.531174,9.643389,2035
7564,r3i1p1f1,2035,09,17,0.0,31.72709,13.231284,2035
7565,r3i1p1f1,2035,09,18,0.0,34.461884,14.64373,2035
7566,r3i1p1f1,2035,09,19,0.0,34.599297,15.990657,2035
7567,r3i1p1f1,2035,09,20,0.011729952428581644,34.894783,17.183401,2035
7568,r3i1p1f1,2035,09,21,0.0,34.218628,15.677074,2035
7569,r3i1p1f1,2035,09,22,0.0,35.614353,16.069218,2035
7570,r3i1p1f1,2035,09,23,0.0,37.076164,17.727077,2035
7571,r3i1p1f1,2035,09,24,0.0,37.618397,17.58365,2035
7572,r3i1p1f1,2035,09,25,0.0,37.561214,17.624207,2035
7573,r3i1p1f1,2035,09,26,0.009537489597939632,36.460915,16.821737,2035
7574,r3i1p1f1,2035,09,27,0.01047149674515381,34.434216,15.742954,2035
7575,r3i1p1f1,2035,09,28,0.0,32.016705,12.341007,2035
7576,r3i1p1f1,2035,09,29,0.0648824042097355,31.501944,13.834,2035
7577,r3i1p1f1,2035,09,30,0.6392546252291967,29.839523,14.224574,2035
7578,r3i1p1f1,2035,10,01,4.075701909231142,22.168547,8.2786665,2035
7579,r3i1p1f1,2035,10,02,2.349669007359229,20.035345,7.396548,2035
7580,r3i1p1f1,2035,10,03,0.0026190992635251446,21.455374,7.1410522,2035
7581,r3i1p1f1,2035,10,04,0.006284387288332889,20.961445,6.1038933,2035
7582,r3i1p1f1,2035,10,05,0.00025538261538851214,18.783888,2.6942635,2035
7583,r3i1p1f1,2035,10,06,0.0,20.320093,4.249742,2035
7584,r3i1p1f1,2035,10,07,0.0,23.201744,6.965878,2035
7585,r3i1p1f1,2035,10,08,0.0,25.818066,7.581195,2035
7586,r3i1p1f1,2035,10,09,0.0,25.598186,7.827571,2035
7587,r3i1p1f1,2035,10,10,0.0,22.757278,7.272336,2035
7588,r3i1p1f1,2035,10,11,0.0,20.848257,5.5216165,2035
7589,r3i1p1f1,2035,10,12,0.0,22.069622,6.029206,2035
7590,r3i1p1f1,2035,10,13,0.0,22.797049,6.7126517,2035
7591,r3i1p1f1,2035,10,14,0.0,21.94689,6.6561227,2035
7592,r3i1p1f1,2035,10,15,0.0,26.850952,8.328651,2035
7593,r3i1p1f1,2035,10,16,0.0,27.470951,10.874517,2035
7594,r3i1p1f1,2035,10,17,0.0030905003862272047,25.55788,9.993359,2035
7595,r3i1p1f1,2035,10,18,0.21952568439342995,21.699768,7.7370133,2035
7596,r3i1p1f1,2035,10,19,0.0,22.230932,5.297631,2035
7597,r3i1p1f1,2035,10,20,0.0,24.442053,8.74179,2035
7598,r3i1p1f1,2035,10,21,0.0,26.591171,8.695447,2035
7599,r3i1p1f1,2035,10,22,0.0,28.350681,10.245934,2035
7600,r3i1p1f1,2035,10,23,0.0,28.89269,11.572265,2035
7601,r3i1p1f1,2035,10,24,0.0,27.262321,9.299082,2035
7602,r3i1p1f1,2035,10,25,0.0,27.310038,10.889231,2035
7603,r3i1p1f1,2035,10,26,0.0,26.823313,8.059419,2035
7604,r3i1p1f1,2035,10,27,0.0,25.693851,6.188537,2035
7605,r3i1p1f1,2035,10,28,0.006148297424343499,23.237236,6.5754967,2035
7606,r3i1p1f1,2035,10,29,14.911880377447673,17.168898,7.6321235,2035
7607,r3i1p1f1,2035,10,30,14.028714207591044,16.651161,6.6176095,2035
7608,r3i1p1f1,2035,10,31,8.739555492032775,16.39404,6.945713,2035
7609,r3i1p1f1,2035,11,01,0.44770087281049753,17.688839,7.5170956,2035
7610,r3i1p1f1,2035,11,02,0.012309589656069875,17.581282,6.5019546,2035
7611,r3i1p1f1,2035,11,03,10.202973762231219,16.461472,7.36396,2035
7612,r3i1p1f1,2035,11,04,0.0,15.446261,1.3262377,2035
7613,r3i1p1f1,2035,11,05,0.0,17.23205,3.769608,2035
7614,r3i1p1f1,2035,11,06,0.0,18.397104,3.9434314,2035
7615,r3i1p1f1,2035,11,07,0.0,18.11017,4.3231483,2035
7616,r3i1p1f1,2035,11,08,0.0,19.411415,5.064494,2035
7617,r3i1p1f1,2035,11,09,0.0,20.02905,4.586639,2035
7618,r3i1p1f1,2035,11,10,0.0,20.410803,5.4274516,2035
7619,r3i1p1f1,2035,11,11,0.021276200560819372,19.097885,6.6514573,2035
7620,r3i1p1f1,2035,11,12,0.009631016159387813,14.818531,2.958524,2035
7621,r3i1p1f1,2035,11,13,0.0,14.134147,1.1632699,2035
7622,r3i1p1f1,2035,11,14,0.0,16.77055,2.2972245,2035
7623,r3i1p1f1,2035,11,15,0.0,18.849052,4.5290813,2035
7624,r3i1p1f1,2035,11,16,0.0,19.476105,3.6947532,2035
7625,r3i1p1f1,2035,11,17,0.0,22.119205,5.093058,2035
7626,r3i1p1f1,2035,11,18,0.0,22.594343,4.7402954,2035
7627,r3i1p1f1,2035,11,19,0.22520161339894967,19.452814,5.7654796,2035
7628,r3i1p1f1,2035,11,20,0.017238050815208364,20.450655,5.260841,2035
7629,r3i1p1f1,2035,11,21,0.0,18.567663,4.638059,2035
7630,r3i1p1f1,2035,11,22,0.0,17.965332,2.2369976,2035
7631,r3i1p1f1,2035,11,23,0.0,20.473959,4.3680835,2035
7632,r3i1p1f1,2035,11,24,0.0,24.121601,5.0499988,2035
7633,r3i1p1f1,2035,11,25,0.16175728687261598,21.326834,3.968326,2035
7634,r3i1p1f1,2035,11,26,6.651227305357514,16.570364,6.5338693,2035
7635,r3i1p1f1,2035,11,27,0.0,10.80539,-1.1015921,2035
7636,r3i1p1f1,2035,11,28,0.07393119077967254,15.778609,0.17381012,2035
7637,r3i1p1f1,2035,11,29,0.0,18.538683,0.8909071,2035
7638,r3i1p1f1,2035,11,30,0.0,20.285269,1.3347744,2035
7639,r3i1p1f1,2035,12,01,0.0003454646877909192,16.722683,4.650349,2035
7640,r3i1p1f1,2035,12,02,0.0,17.144882,3.2188306,2035
7641,r3i1p1f1,2035,12,03,0.43017383134142484,15.481215,1.9793984,2035
7642,r3i1p1f1,2035,12,04,0.19696757513553498,6.58972,-1.8684688,2035
7643,r3i1p1f1,2035,12,05,0.03126774336895764,11.41205,-0.5292868,2035
7644,r3i1p1f1,2035,12,06,0.0,16.167448,0.36123633,2035
7645,r3i1p1f1,2035,12,07,0.0,17.973541,1.3906832,2035
7646,r3i1p1f1,2035,12,08,0.0,15.592901,3.0503936,2035
7647,r3i1p1f1,2035,12,09,0.06323969819938859,12.13479,-0.6636298,2035
7648,r3i1p1f1,2035,12,10,2.623913134159397,10.401844,2.8399749,2035
7649,r3i1p1f1,2035,12,11,0.0,14.037105,0.6016777,2035
7650,r3i1p1f1,2035,12,12,0.0,16.336473,0.9987527,2035
7651,r3i1p1f1,2035,12,13,0.12510642688541243,13.839349,1.4903588,2035
7652,r3i1p1f1,2035,12,14,6.826932023905101,13.836292,4.505137,2035
7653,r3i1p1f1,2035,12,15,5.013213816667606,13.2941265,4.131773,2035
7654,r3i1p1f1,2035,12,16,9.206171479375122,14.496849,5.7733607,2035
7655,r3i1p1f1,2035,12,17,3.9248415425324557,15.098907,5.982694,2035
7656,r3i1p1f1,2035,12,18,0.697820577712319,14.193994,5.1659813,2035
7657,r3i1p1f1,2035,12,19,0.0,14.247254,1.1914732,2035
7658,r3i1p1f1,2035,12,20,0.16411924549505452,12.89572,1.2458209,2035
7659,r3i1p1f1,2035,12,21,0.17082682213599168,9.675275,-1.4000711,2035
7660,r3i1p1f1,2035,12,22,0.0,6.931036,-5.998252,2035
7661,r3i1p1f1,2035,12,23,0.0,8.938022,-4.124749,2035
7662,r3i1p1f1,2035,12,24,0.0,8.66806,-4.3246026,2035
7663,r3i1p1f1,2035,12,25,0.0,7.9068217,-4.3169355,2035
7664,r3i1p1f1,2035,12,26,0.0,8.696519,-4.198275,2035
7665,r3i1p1f1,2035,12,27,0.0,11.852873,-1.9833122,2035
7666,r3i1p1f1,2035,12,28,0.0,15.575694,0.7643605,2035
7667,r3i1p1f1,2035,12,29,0.0,15.181132,1.7377912,2035
7668,r3i1p1f1,2035,12,30,0.0,14.05586,2.4975317,2035
7669,r3i1p1f1,2035,12,31,0.0,14.392016,1.9520136,2035
7670,r3i1p1f1,2036,01,01,0.0,14.446512,2.2854066,2036
7671,r3i1p1f1,2036,01,02,0.0,15.249595,2.8613129,2036
7672,r3i1p1f1,2036,01,03,0.0,16.7495,2.574068,2036
7673,r3i1p1f1,2036,01,04,0.0019224133908127524,18.671825,4.1526,2036
7674,r3i1p1f1,2036,01,05,0.0,18.623512,4.6194544,2036
7675,r3i1p1f1,2036,01,06,0.0,19.673586,6.661812,2036
7676,r3i1p1f1,2036,01,07,0.0,20.4391,6.674876,2036
7677,r3i1p1f1,2036,01,08,0.0,19.103552,5.7004185,2036
7678,r3i1p1f1,2036,01,09,0.0,19.06958,4.6201863,2036
7679,r3i1p1f1,2036,01,10,0.01967567334897026,17.608019,3.678326,2036
7680,r3i1p1f1,2036,01,11,0.17169051526941598,16.556988,4.3706417,2036
7681,r3i1p1f1,2036,01,12,7.917066640000099,13.661815,5.9357796,2036
7682,r3i1p1f1,2036,01,13,9.818047178795855,12.048708,4.2510395,2036
7683,r3i1p1f1,2036,01,14,8.83112699174517,12.117821,2.370351,2036
7684,r3i1p1f1,2036,01,15,24.39740851343672,9.880033,3.6765099,2036
7685,r3i1p1f1,2036,01,16,0.007267283826050433,5.914824,-5.3096695,2036
7686,r3i1p1f1,2036,01,17,8.749584634554623,8.653714,-1.5192765,2036
7687,r3i1p1f1,2036,01,18,4.38108206112123,9.729169,-0.15471825,2036
7688,r3i1p1f1,2036,01,19,0.011127306034640324,9.154577,-0.45915318,2036
7689,r3i1p1f1,2036,01,20,20.827070554589614,9.224527,2.5832949,2036
7690,r3i1p1f1,2036,01,21,30.75615845057958,11.015197,3.6936107,2036
7691,r3i1p1f1,2036,01,22,21.0433574417733,12.0956745,3.060641,2036
7692,r3i1p1f1,2036,01,23,0.19121298396143946,9.245986,-0.388675,2036
7693,r3i1p1f1,2036,01,24,0.0013814704266913009,6.748773,-5.8653307,2036
7694,r3i1p1f1,2036,01,25,5.1376010824870635,5.297428,-6.0210176,2036
7695,r3i1p1f1,2036,01,26,29.41032998718032,1.2732643,-3.5854375,2036
7696,r3i1p1f1,2036,01,27,23.56608867253685,3.5753326,-1.5764786,2036
7697,r3i1p1f1,2036,01,28,4.040903226771,4.2117343,-5.55047,2036
7698,r3i1p1f1,2036,01,29,3.829233326131075,5.6250305,-3.1650498,2036
7699,r3i1p1f1,2036,01,30,5.759796689517591,5.8111167,-2.3788831,2036
7700,r3i1p1f1,2036,01,31,0.0,5.1715894,-7.907689,2036
7701,r3i1p1f1,2036,02,01,0.0,5.8626523,-6.0066323,2036
7702,r3i1p1f1,2036,02,02,0.0,5.816373,-7.920906,2036
7703,r3i1p1f1,2036,02,03,0.0,5.9215345,-8.6431,2036
7704,r3i1p1f1,2036,02,04,0.00035904323202416754,5.247275,-9.210594,2036
7705,r3i1p1f1,2036,02,05,0.7690162517238522,1.9384314,-9.507224,2036
7706,r3i1p1f1,2036,02,06,7.690722830313572,3.3428967,-4.804847,2036
7707,r3i1p1f1,2036,02,07,0.15072873545594836,7.2685776,-5.6904335,2036
7708,r3i1p1f1,2036,02,08,0.0,6.678048,-5.6189203,2036
7709,r3i1p1f1,2036,02,09,0.0,7.112331,-3.7814333,2036
7710,r3i1p1f1,2036,02,10,0.07167904782832149,6.9890995,-6.828656,2036
7711,r3i1p1f1,2036,02,11,0.0,8.298466,-6.1205873,2036
7712,r3i1p1f1,2036,02,12,0.0,9.411414,-4.8072963,2036
7713,r3i1p1f1,2036,02,13,0.0,11.4035,-3.2342172,2036
7714,r3i1p1f1,2036,02,14,0.0,9.33475,-5.019982,2036
7715,r3i1p1f1,2036,02,15,0.0,10.202234,-5.196349,2036
7716,r3i1p1f1,2036,02,16,0.0,10.324608,-4.7411785,2036
7717,r3i1p1f1,2036,02,17,0.05597618702185256,11.6439495,0.6718395,2036
7718,r3i1p1f1,2036,02,18,0.09172423372188915,16.880539,3.2768142,2036
7719,r3i1p1f1,2036,02,19,0.012812473190327486,16.19846,0.9834587,2036
7720,r3i1p1f1,2036,02,20,11.690782029732928,13.512002,2.3132842,2036
7721,r3i1p1f1,2036,02,21,18.737348252596515,13.535676,5.4359794,2036
7722,r3i1p1f1,2036,02,22,6.833502419290061,16.191015,4.842953,2036
7723,r3i1p1f1,2036,02,23,0.0,17.953419,2.9485166,2036
7724,r3i1p1f1,2036,02,24,11.943548481320965,18.133047,6.752732,2036
7725,r3i1p1f1,2036,02,25,3.2596728688363465,13.793819,4.405545,2036
7726,r3i1p1f1,2036,02,26,0.014896764804496232,12.262544,-0.5773491,2036
7727,r3i1p1f1,2036,02,27,1.7191341570014629,13.027041,2.5098193,2036
7728,r3i1p1f1,2036,02,28,0.0,14.269609,0.2235472,2036
7729,r3i1p1f1,2036,02,29,0.0007072330305218753,14.664153,0.9019318,2036
7730,r3i1p1f1,2036,03,01,0.0005788460845051856,14.238903,-1.1959296,2036
7731,r3i1p1f1,2036,03,02,11.577333819119358,8.085654,1.4922624,2036
7732,r3i1p1f1,2036,03,03,1.7396179869228945,12.613403,-0.9516996,2036
7733,r3i1p1f1,2036,03,04,0.018860992641941375,15.79033,-1.0974201,2036
7734,r3i1p1f1,2036,03,05,3.0107430630938103,13.941134,4.1107783,2036
7735,r3i1p1f1,2036,03,06,2.1574715831113944,15.224976,4.3166184,2036
7736,r3i1p1f1,2036,03,07,11.097317292273642,13.514741,6.183863,2036
7737,r3i1p1f1,2036,03,08,27.265965859696735,11.350128,4.3031898,2036
7738,r3i1p1f1,2036,03,09,0.18698020628962145,13.972083,-2.3379571,2036
7739,r3i1p1f1,2036,03,10,0.0,16.362307,-0.44841662,2036
7740,r3i1p1f1,2036,03,11,0.4412730447087955,15.700606,1.8153379,2036
7741,r3i1p1f1,2036,03,12,27.668257960688084,9.480344,4.024381,2036
7742,r3i1p1f1,2036,03,13,14.08950927370108,14.147292,1.1691859,2036
7743,r3i1p1f1,2036,03,14,15.378089566082492,12.430527,4.6385713,2036
7744,r3i1p1f1,2036,03,15,8.664516504027372,9.438955,0.4828262,2036
7745,r3i1p1f1,2036,03,16,0.04594666946407718,12.987132,-2.291913,2036
7746,r3i1p1f1,2036,03,17,0.03299329125156598,13.3544035,1.1083457,2036
7747,r3i1p1f1,2036,03,18,0.0,13.351021,-1.8894172,2036
7748,r3i1p1f1,2036,03,19,2.6671751150608927,10.719601,1.9655062,2036
7749,r3i1p1f1,2036,03,20,0.032539271562586,11.071166,-0.7610857,2036
7750,r3i1p1f1,2036,03,21,0.0,14.174449,-2.4623616,2036
7751,r3i1p1f1,2036,03,22,0.3548974028076786,14.15963,1.6685679,2036
7752,r3i1p1f1,2036,03,23,0.05315664883572467,15.310266,3.1618516,2036
7753,r3i1p1f1,2036,03,24,0.0,18.270094,1.8032168,2036
7754,r3i1p1f1,2036,03,25,0.0,20.427929,3.6647384,2036
7755,r3i1p1f1,2036,03,26,0.0,21.332888,4.101962,2036
7756,r3i1p1f1,2036,03,27,0.0011651715701163719,20.122808,5.796036,2036
7757,r3i1p1f1,2036,03,28,0.03755160080000871,17.482498,4.1422286,2036
7758,r3i1p1f1,2036,03,29,0.008062069325453856,17.26695,3.6605122,2036
7759,r3i1p1f1,2036,03,30,0.0,18.741299,1.3945858,2036
7760,r3i1p1f1,2036,03,31,0.0,22.358534,3.3426454,2036
7761,r3i1p1f1,2036,04,01,0.0,23.73237,5.1052375,2036
7762,r3i1p1f1,2036,04,02,0.0,23.263733,6.787042,2036
7763,r3i1p1f1,2036,04,03,0.0,25.329426,6.0835648,2036
7764,r3i1p1f1,2036,04,04,0.0,25.382236,6.1175876,2036
7765,r3i1p1f1,2036,04,05,1.4355309189959646,19.44792,4.49834,2036
7766,r3i1p1f1,2036,04,06,15.63672049097835,15.282567,7.6533313,2036
7767,r3i1p1f1,2036,04,07,7.168593603696949,13.463011,1.4101155,2036
7768,r3i1p1f1,2036,04,08,10.15830296325448,8.513831,-1.8241066,2036
7769,r3i1p1f1,2036,04,09,0.006129008066967468,13.48693,-0.41901636,2036
7770,r3i1p1f1,2036,04,10,0.0,15.493157,1.2870454,2036
7771,r3i1p1f1,2036,04,11,0.07070562189972296,13.971832,0.83267003,2036
7772,r3i1p1f1,2036,04,12,0.004446939865098984,14.624816,0.19531678,2036
7773,r3i1p1f1,2036,04,13,0.0,16.210003,0.45344624,2036
7774,r3i1p1f1,2036,04,14,0.0,20.978304,4.2414036,2036
7775,r3i1p1f1,2036,04,15,0.0,23.277315,5.904991,2036
7776,r3i1p1f1,2036,04,16,0.0,24.164692,7.6884074,2036
7777,r3i1p1f1,2036,04,17,0.04693492156079491,22.25035,8.091611,2036
7778,r3i1p1f1,2036,04,18,0.10976986824806029,19.85035,4.9867706,2036
7779,r3i1p1f1,2036,04,19,0.0,24.124699,4.9146614,2036
7780,r3i1p1f1,2036,04,20,0.0,24.162352,8.411493,2036
7781,r3i1p1f1,2036,04,21,0.0,24.444895,6.1693387,2036
7782,r3i1p1f1,2036,04,22,0.0,23.024754,5.5847464,2036
7783,r3i1p1f1,2036,04,23,0.0,22.094193,5.888351,2036
7784,r3i1p1f1,2036,04,24,0.0006831104330944293,21.021704,6.1424437,2036
7785,r3i1p1f1,2036,04,25,0.0017700558237265795,21.147947,6.7774224,2036
7786,r3i1p1f1,2036,04,26,0.0,26.91511,8.388291,2036
7787,r3i1p1f1,2036,04,27,0.0,26.587324,8.7463455,2036
7788,r3i1p1f1,2036,04,28,0.023732835344906725,26.307549,8.144331,2036
7789,r3i1p1f1,2036,04,29,0.010168962921439246,22.140568,4.8350644,2036
7790,r3i1p1f1,2036,04,30,0.0,21.225386,4.1036253,2036
7791,r3i1p1f1,2036,05,01,0.0,25.50546,6.093867,2036
7792,r3i1p1f1,2036,05,02,0.0,30.07526,9.994154,2036
7793,r3i1p1f1,2036,05,03,0.0,27.40768,9.2055435,2036
7794,r3i1p1f1,2036,05,04,0.0,22.17512,4.164287,2036
7795,r3i1p1f1,2036,05,05,0.0,27.301167,8.617792,2036
7796,r3i1p1f1,2036,05,06,0.0,30.461683,12.478596,2036
7797,r3i1p1f1,2036,05,07,0.0,31.921444,12.748811,2036
7798,r3i1p1f1,2036,05,08,0.0,34.10914,13.737028,2036
7799,r3i1p1f1,2036,05,09,0.0,35.010967,14.423926,2036
7800,r3i1p1f1,2036,05,10,0.0,33.654953,13.972605,2036
7801,r3i1p1f1,2036,05,11,0.0,27.203419,8.319202,2036
7802,r3i1p1f1,2036,05,12,0.0,23.871565,7.4469557,2036
7803,r3i1p1f1,2036,05,13,0.0,28.833014,9.892727,2036
7804,r3i1p1f1,2036,05,14,0.0,33.5902,13.254034,2036
7805,r3i1p1f1,2036,05,15,0.0,33.886185,13.202785,2036
7806,r3i1p1f1,2036,05,16,0.0,32.530533,12.166383,2036
7807,r3i1p1f1,2036,05,17,0.0,28.011616,9.168737,2036
7808,r3i1p1f1,2036,05,18,0.0,21.832222,5.64619,2036
7809,r3i1p1f1,2036,05,19,0.0,23.01572,4.883383,2036
7810,r3i1p1f1,2036,05,20,0.0,28.274841,8.576808,2036
7811,r3i1p1f1,2036,05,21,0.0,30.81695,11.1999035,2036
7812,r3i1p1f1,2036,05,22,0.0,28.629509,8.743199,2036
7813,r3i1p1f1,2036,05,23,0.0,24.754362,5.7354894,2036
7814,r3i1p1f1,2036,05,24,0.0,24.217642,6.4739223,2036
7815,r3i1p1f1,2036,05,25,0.0,23.32683,7.060466,2036
7816,r3i1p1f1,2036,05,26,0.0,21.81906,4.020315,2036
7817,r3i1p1f1,2036,05,27,0.11101601816225218,21.082537,5.0986466,2036
7818,r3i1p1f1,2036,05,28,0.0,21.077698,3.1480439,2036
7819,r3i1p1f1,2036,05,29,0.0,22.642323,5.612129,2036
7820,r3i1p1f1,2036,05,30,0.0,22.866798,5.983452,2036
7821,r3i1p1f1,2036,05,31,0.0,26.05196,7.414675,2036
7822,r3i1p1f1,2036,06,01,0.0,24.847189,7.406897,2036
7823,r3i1p1f1,2036,06,02,0.0,23.254772,6.6240377,2036
7824,r3i1p1f1,2036,06,03,0.0,23.940208,5.611505,2036
7825,r3i1p1f1,2036,06,04,0.0006428856233304197,27.716284,8.4796095,2036
7826,r3i1p1f1,2036,06,05,0.0,26.462406,8.57603,2036
7827,r3i1p1f1,2036,06,06,0.0,25.161114,7.4151006,2036
7828,r3i1p1f1,2036,06,07,0.0,30.048084,9.996904,2036
7829,r3i1p1f1,2036,06,08,0.0,29.849043,11.358007,2036
7830,r3i1p1f1,2036,06,09,0.0004967496462279197,27.048351,9.035738,2036
7831,r3i1p1f1,2036,06,10,0.003684336058513233,30.494678,10.852846,2036
7832,r3i1p1f1,2036,06,11,0.0,31.131565,12.2111025,2036
7833,r3i1p1f1,2036,06,12,0.0,32.80305,12.9535055,2036
7834,r3i1p1f1,2036,06,13,0.0,33.075012,13.10443,2036
7835,r3i1p1f1,2036,06,14,0.0,33.559048,13.40552,2036
7836,r3i1p1f1,2036,06,15,0.0,34.533295,13.665749,2036
7837,r3i1p1f1,2036,06,16,0.0,33.252174,13.992008,2036
7838,r3i1p1f1,2036,06,17,0.0,32.73244,13.538694,2036
7839,r3i1p1f1,2036,06,18,0.0,29.018923,11.761671,2036
7840,r3i1p1f1,2036,06,19,0.0,25.372765,8.652567,2036
7841,r3i1p1f1,2036,06,20,0.0,30.334438,11.139322,2036
7842,r3i1p1f1,2036,06,21,0.0,35.487617,15.354705,2036
7843,r3i1p1f1,2036,06,22,0.0,38.606472,17.966312,2036
7844,r3i1p1f1,2036,06,23,0.0,37.70635,17.92386,2036
7845,r3i1p1f1,2036,06,24,0.0,34.910877,15.421679,2036
7846,r3i1p1f1,2036,06,25,0.0,33.84565,14.569004,2036
7847,r3i1p1f1,2036,06,26,0.0,33.65972,14.111028,2036
7848,r3i1p1f1,2036,06,27,0.0,37.42179,16.22471,2036
7849,r3i1p1f1,2036,06,28,0.013578004877534553,37.586617,17.604172,2036
7850,r3i1p1f1,2036,06,29,0.0055726809130812235,35.88829,16.75834,2036
7851,r3i1p1f1,2036,06,30,0.0,31.315302,13.117271,2036
7852,r3i1p1f1,2036,07,01,0.0,26.8204,9.995857,2036
7853,r3i1p1f1,2036,07,02,0.0,28.878002,10.958354,2036
7854,r3i1p1f1,2036,07,03,0.0,32.323757,12.36622,2036
7855,r3i1p1f1,2036,07,04,0.0,31.731022,13.614917,2036
7856,r3i1p1f1,2036,07,05,0.0,32.314457,13.708163,2036
7857,r3i1p1f1,2036,07,06,0.0,34.80708,15.072673,2036
7858,r3i1p1f1,2036,07,07,0.0,35.63377,15.48943,2036
7859,r3i1p1f1,2036,07,08,0.0,34.994682,15.752009,2036
7860,r3i1p1f1,2036,07,09,0.0,35.395985,15.597325,2036
7861,r3i1p1f1,2036,07,10,0.016781053308284645,34.591248,14.666828,2036
7862,r3i1p1f1,2036,07,11,0.0,34.245464,15.181981,2036
7863,r3i1p1f1,2036,07,12,0.0,35.911392,15.597962,2036
7864,r3i1p1f1,2036,07,13,0.0,36.489357,16.283228,2036
7865,r3i1p1f1,2036,07,14,0.0,36.074482,17.166056,2036
7866,r3i1p1f1,2036,07,15,0.0,37.396175,18.235662,2036
7867,r3i1p1f1,2036,07,16,0.33589639692129847,37.55443,19.414429,2036
7868,r3i1p1f1,2036,07,17,2.3774603385302755,38.696312,19.73919,2036
7869,r3i1p1f1,2036,07,18,1.1641985683165716,38.22293,18.98815,2036
7870,r3i1p1f1,2036,07,19,1.7623576118322406,36.769337,18.339415,2036
7871,r3i1p1f1,2036,07,20,5.232779996971878,33.59162,16.631815,2036
7872,r3i1p1f1,2036,07,21,8.039207074724606,25.973959,12.388173,2036
7873,r3i1p1f1,2036,07,22,2.8042673143783867,30.270401,15.129805,2036
7874,r3i1p1f1,2036,07,23,1.8787363692447825,31.912212,15.7975025,2036
7875,r3i1p1f1,2036,07,24,0.0009819762216824474,34.92516,17.442429,2036
7876,r3i1p1f1,2036,07,25,0.0,37.62053,18.821651,2036
7877,r3i1p1f1,2036,07,26,0.0,38.05483,18.941038,2036
7878,r3i1p1f1,2036,07,27,0.0,37.753143,17.280615,2036
7879,r3i1p1f1,2036,07,28,0.0,36.690205,17.288252,2036
7880,r3i1p1f1,2036,07,29,0.0,36.22321,16.618855,2036
7881,r3i1p1f1,2036,07,30,0.0,36.0351,17.555202,2036
7882,r3i1p1f1,2036,07,31,0.0,36.29223,17.790222,2036
7883,r3i1p1f1,2036,08,01,0.0,36.5153,17.25191,2036
7884,r3i1p1f1,2036,08,02,0.0,36.321053,17.10711,2036
7885,r3i1p1f1,2036,08,03,0.0,35.686344,16.815155,2036
7886,r3i1p1f1,2036,08,04,0.0,34.80325,16.925917,2036
7887,r3i1p1f1,2036,08,05,0.0,37.0014,19.167204,2036
7888,r3i1p1f1,2036,08,06,0.6828179859704423,38.302254,19.200642,2036
7889,r3i1p1f1,2036,08,07,0.14332028693223203,39.65671,19.785126,2036
7890,r3i1p1f1,2036,08,08,0.29397996131041454,39.553364,19.881298,2036
7891,r3i1p1f1,2036,08,09,0.239819473795113,39.580944,19.0066,2036
7892,r3i1p1f1,2036,08,10,0.05418512982115234,38.346687,21.31612,2036
7893,r3i1p1f1,2036,08,11,0.0004021443821715586,37.155712,19.15762,2036
7894,r3i1p1f1,2036,08,12,0.0,36.80958,18.488224,2036
7895,r3i1p1f1,2036,08,13,0.0,35.274086,17.342936,2036
7896,r3i1p1f1,2036,08,14,0.0,33.604317,16.131401,2036
7897,r3i1p1f1,2036,08,15,0.0,35.82004,16.370966,2036
7898,r3i1p1f1,2036,08,16,0.0,36.849907,16.95442,2036
7899,r3i1p1f1,2036,08,17,0.0,35.92704,16.243147,2036
7900,r3i1p1f1,2036,08,18,0.0,34.98866,15.930639,2036
7901,r3i1p1f1,2036,08,19,0.19987420901253988,35.675632,16.69107,2036
7902,r3i1p1f1,2036,08,20,0.003600643143396486,35.836586,16.448835,2036
7903,r3i1p1f1,2036,08,21,0.08641480773362811,34.654293,18.08464,2036
7904,r3i1p1f1,2036,08,22,0.0078055764033430905,34.21999,15.795336,2036
7905,r3i1p1f1,2036,08,23,0.0045622325463530915,35.78226,15.2949,2036
7906,r3i1p1f1,2036,08,24,0.0,35.673283,17.191233,2036
7907,r3i1p1f1,2036,08,25,0.0,37.984734,19.327724,2036
7908,r3i1p1f1,2036,08,26,0.0,38.024593,17.981068,2036
7909,r3i1p1f1,2036,08,27,0.0,37.97649,17.666965,2036
7910,r3i1p1f1,2036,08,28,0.0,38.941685,18.223757,2036
7911,r3i1p1f1,2036,08,29,0.23693442418748004,38.405632,19.30958,2036
7912,r3i1p1f1,2036,08,30,0.5828754782013482,36.774918,17.64157,2036
7913,r3i1p1f1,2036,08,31,0.08237177053656937,33.366577,15.9454775,2036
7914,r3i1p1f1,2036,09,01,0.36237734366405866,33.831234,16.68669,2036
7915,r3i1p1f1,2036,09,02,0.2989447161918647,33.480812,16.573862,2036
7916,r3i1p1f1,2036,09,03,0.0,32.432133,14.86802,2036
7917,r3i1p1f1,2036,09,04,0.0030510017479007893,28.996914,13.171424,2036
7918,r3i1p1f1,2036,09,05,0.00029452173321536094,27.064848,10.328607,2036
7919,r3i1p1f1,2036,09,06,0.0,27.49629,11.680447,2036
7920,r3i1p1f1,2036,09,07,0.0,31.690716,13.735029,2036
7921,r3i1p1f1,2036,09,08,0.0,33.1991,15.024855,2036
7922,r3i1p1f1,2036,09,09,0.0,32.3073,15.238612,2036
7923,r3i1p1f1,2036,09,10,0.0,32.147217,14.211526,2036
7924,r3i1p1f1,2036,09,11,0.0,32.169518,14.322996,2036
7925,r3i1p1f1,2036,09,12,0.0,31.540594,13.855018,2036
7926,r3i1p1f1,2036,09,13,0.0,30.62528,11.846188,2036
7927,r3i1p1f1,2036,09,14,0.0,27.486143,10.403557,2036
7928,r3i1p1f1,2036,09,15,0.0,28.41363,11.178589,2036
7929,r3i1p1f1,2036,09,16,0.0,29.411942,11.367396,2036
7930,r3i1p1f1,2036,09,17,0.0,31.09426,12.736486,2036
7931,r3i1p1f1,2036,09,18,0.0,30.84278,12.828881,2036
7932,r3i1p1f1,2036,09,19,0.0,27.951853,10.968151,2036
7933,r3i1p1f1,2036,09,20,0.0,30.035135,11.859563,2036
7934,r3i1p1f1,2036,09,21,0.0,34.30597,14.151652,2036
7935,r3i1p1f1,2036,09,22,0.0,33.955288,14.508611,2036
7936,r3i1p1f1,2036,09,23,0.0,34.848057,14.01279,2036
7937,r3i1p1f1,2036,09,24,0.0,34.99319,14.721246,2036
7938,r3i1p1f1,2036,09,25,0.0,33.62028,13.684985,2036
7939,r3i1p1f1,2036,09,26,0.0,31.509323,12.285952,2036
7940,r3i1p1f1,2036,09,27,0.008192174136638641,32.13409,13.591083,2036
7941,r3i1p1f1,2036,09,28,0.6194547672423527,32.28176,16.499287,2036
7942,r3i1p1f1,2036,09,29,0.15651244597834055,33.897625,15.695863,2036
7943,r3i1p1f1,2036,09,30,0.1597163327294931,33.133404,15.774586,2036
7944,r3i1p1f1,2036,10,01,0.5111336716535416,31.836187,14.776697,2036
7945,r3i1p1f1,2036,10,02,0.14855642497864072,29.163363,12.8134365,2036
7946,r3i1p1f1,2036,10,03,0.008427816948934571,25.23353,9.139813,2036
7947,r3i1p1f1,2036,10,04,0.0,24.307724,7.989644,2036
7948,r3i1p1f1,2036,10,05,0.0,24.11155,8.342864,2036
7949,r3i1p1f1,2036,10,06,0.0,25.795635,10.423823,2036
7950,r3i1p1f1,2036,10,07,0.0,28.074566,10.080039,2036
7951,r3i1p1f1,2036,10,08,0.0,31.316755,13.447314,2036
7952,r3i1p1f1,2036,10,09,0.0,32.68211,14.421779,2036
7953,r3i1p1f1,2036,10,10,0.0,33.960857,14.900168,2036
7954,r3i1p1f1,2036,10,11,0.0,35.26537,15.551261,2036
7955,r3i1p1f1,2036,10,12,0.0,35.052986,15.951063,2036
7956,r3i1p1f1,2036,10,13,0.0,35.808655,15.844649,2036
7957,r3i1p1f1,2036,10,14,0.0,35.137123,15.095197,2036
7958,r3i1p1f1,2036,10,15,0.0,33.457253,15.714522,2036
7959,r3i1p1f1,2036,10,16,0.0,30.927423,12.682474,2036
7960,r3i1p1f1,2036,10,17,0.0,28.915243,10.962437,2036
7961,r3i1p1f1,2036,10,18,0.0,27.196693,10.45514,2036
7962,r3i1p1f1,2036,10,19,0.0,28.81977,11.689634,2036
7963,r3i1p1f1,2036,10,20,0.0,31.148134,12.649155,2036
7964,r3i1p1f1,2036,10,21,0.0,30.095465,12.392873,2036
7965,r3i1p1f1,2036,10,22,0.0,26.94291,10.607137,2036
7966,r3i1p1f1,2036,10,23,0.0,21.598352,7.490625,2036
7967,r3i1p1f1,2036,10,24,0.0,23.697454,5.5545983,2036
7968,r3i1p1f1,2036,10,25,0.0,25.768822,7.9491653,2036
7969,r3i1p1f1,2036,10,26,0.0,25.775908,6.5687866,2036
7970,r3i1p1f1,2036,10,27,0.0,26.338047,7.0870676,2036
7971,r3i1p1f1,2036,10,28,0.0,26.523819,8.938448,2036
7972,r3i1p1f1,2036,10,29,0.0,25.09102,8.211262,2036
7973,r3i1p1f1,2036,10,30,0.0,23.03292,6.534661,2036
7974,r3i1p1f1,2036,10,31,0.0,25.438505,8.45207,2036
7975,r3i1p1f1,2036,11,01,0.0,27.74953,10.026261,2036
7976,r3i1p1f1,2036,11,02,0.0,29.965824,11.902485,2036
7977,r3i1p1f1,2036,11,03,0.0,30.426956,11.935105,2036
7978,r3i1p1f1,2036,11,04,0.0,29.50061,10.92264,2036
7979,r3i1p1f1,2036,11,05,0.0,27.56317,9.61485,2036
7980,r3i1p1f1,2036,11,06,0.05578629869942785,22.314917,8.858891,2036
7981,r3i1p1f1,2036,11,07,0.0,18.829107,3.1177337,2036
7982,r3i1p1f1,2036,11,08,0.0,22.289377,6.3876996,2036
7983,r3i1p1f1,2036,11,09,0.0,29.619392,10.479856,2036
7984,r3i1p1f1,2036,11,10,0.0,32.619747,13.721118,2036
7985,r3i1p1f1,2036,11,11,0.0,31.36821,12.47896,2036
7986,r3i1p1f1,2036,11,12,0.09405814027889971,29.125185,11.918052,2036
7987,r3i1p1f1,2036,11,13,0.0001605014878088806,26.285381,10.557424,2036
7988,r3i1p1f1,2036,11,14,0.0014771559808375032,24.557787,10.25572,2036
7989,r3i1p1f1,2036,11,15,2.6203355172985923,20.82849,8.430111,2036
7990,r3i1p1f1,2036,11,16,0.6490548540199542,18.275543,6.229027,2036
7991,r3i1p1f1,2036,11,17,0.005973913093012842,18.489923,5.2132893,2036
7992,r3i1p1f1,2036,11,18,0.0,18.360758,3.838396,2036
7993,r3i1p1f1,2036,11,19,0.0,18.303934,2.5481875,2036
7994,r3i1p1f1,2036,11,20,12.806079487177124,19.01315,8.282862,2036
7995,r3i1p1f1,2036,11,21,0.7142031469759262,14.405514,3.5747633,2036
7996,r3i1p1f1,2036,11,22,0.0,14.299342,0.25180456,2036
7997,r3i1p1f1,2036,11,23,0.0,14.403511,0.57369894,2036
7998,r3i1p1f1,2036,11,24,0.0,16.415287,2.5088878,2036
7999,r3i1p1f1,2036,11,25,0.0,17.3099,1.6426973,2036
8000,r3i1p1f1,2036,11,26,0.0,18.078016,2.3221202,2036
8001,r3i1p1f1,2036,11,27,0.0027989891752826443,18.840212,5.696984,2036
8002,r3i1p1f1,2036,11,28,0.0,18.85572,3.6228082,2036
8003,r3i1p1f1,2036,11,29,0.0,19.904459,4.066017,2036
8004,r3i1p1f1,2036,11,30,0.0,22.488289,4.5030584,2036
8005,r3i1p1f1,2036,12,01,0.05186906148468772,19.902174,6.1198416,2036
8006,r3i1p1f1,2036,12,02,0.00021100338816529873,13.382455,2.5149372,2036
8007,r3i1p1f1,2036,12,03,0.0,12.275048,-1.1622307,2036
8008,r3i1p1f1,2036,12,04,0.0,12.317906,-2.8275552,2036
8009,r3i1p1f1,2036,12,05,0.8009565459531476,10.303144,-1.0037047,2036
8010,r3i1p1f1,2036,12,06,6.813396199129674,10.425797,0.13365364,2036
8011,r3i1p1f1,2036,12,07,0.0,12.290931,-0.4059436,2036
8012,r3i1p1f1,2036,12,08,0.0,15.801115,1.3717397,2036
8013,r3i1p1f1,2036,12,09,0.0,16.339615,2.0149386,2036
8014,r3i1p1f1,2036,12,10,0.0,16.692478,1.7305801,2036
8015,r3i1p1f1,2036,12,11,0.02858203904135294,15.96506,2.9271145,2036
8016,r3i1p1f1,2036,12,12,7.470638813500762,14.514118,5.901836,2036
8017,r3i1p1f1,2036,12,13,0.0,6.106734,-5.7875466,2036
8018,r3i1p1f1,2036,12,14,7.931307404243412,11.47544,0.78132546,2036
8019,r3i1p1f1,2036,12,15,0.07144604634821448,10.364364,0.09375877,2036
8020,r3i1p1f1,2036,12,16,0.0,8.030806,-6.0580797,2036
8021,r3i1p1f1,2036,12,17,0.0,7.8412037,-4.131732,2036
8022,r3i1p1f1,2036,12,18,0.1360228139056937,8.627109,-1.4807439,2036
8023,r3i1p1f1,2036,12,19,0.3509166241598326,13.836555,1.9409777,2036
8024,r3i1p1f1,2036,12,20,0.32299336682736984,15.479342,4.422361,2036
8025,r3i1p1f1,2036,12,21,6.886123106144651,15.818738,7.606241,2036
8026,r3i1p1f1,2036,12,22,8.704937098190468,14.772894,4.7541265,2036
8027,r3i1p1f1,2036,12,23,6.962190352001154,14.174914,3.0241077,2036
8028,r3i1p1f1,2036,12,24,0.23100205842307664,11.854667,0.17659421,2036
8029,r3i1p1f1,2036,12,25,5.092083641751687,11.037683,0.49867228,2036
8030,r3i1p1f1,2036,12,26,9.845096790587156,10.199367,1.3314339,2036
8031,r3i1p1f1,2036,12,27,58.47216223602696,13.351631,3.4588783,2036
8032,r3i1p1f1,2036,12,28,51.82544867826492,17.1068,8.142315,2036
8033,r3i1p1f1,2036,12,29,8.09232565174057,11.950018,2.3881378,2036
8034,r3i1p1f1,2036,12,30,0.06072055527042584,9.441286,-1.8491471,2036
8035,r3i1p1f1,2036,12,31,0.013757776314653738,9.225538,-3.6768327,2036
8036,r3i1p1f1,2037,01,01,0.0,10.657116,-2.596469,2037
8037,r3i1p1f1,2037,01,02,0.3236602907128889,9.098502,-2.4918976,2037
8038,r3i1p1f1,2037,01,03,18.793996401212823,10.164754,2.437593,2037
8039,r3i1p1f1,2037,01,04,1.833120495412555,13.68662,3.4614258,2037
8040,r3i1p1f1,2037,01,05,3.81638601603382,14.233209,3.3500376,2037
8041,r3i1p1f1,2037,01,06,22.44696014596698,13.199759,6.1754947,2037
8042,r3i1p1f1,2037,01,07,3.4465069596218667,13.233315,3.1945906,2037
8043,r3i1p1f1,2037,01,08,0.0,14.003518,1.0797127,2037
8044,r3i1p1f1,2037,01,09,0.002867887105270656,13.545735,0.6746623,2037
8045,r3i1p1f1,2037,01,10,0.0,13.338214,-0.011337441,2037
8046,r3i1p1f1,2037,01,11,0.4615948345158496,14.268887,3.1965628,2037
8047,r3i1p1f1,2037,01,12,4.084030654458647,13.774604,4.282015,2037
8048,r3i1p1f1,2037,01,13,0.3221316597905984,10.267686,2.1286268,2037
8049,r3i1p1f1,2037,01,14,6.82639448490866,11.7926,2.620185,2037
8050,r3i1p1f1,2037,01,15,9.459777251829633,10.685221,2.2262962,2037
8051,r3i1p1f1,2037,01,16,6.198788447965688,8.007547,0.95249796,2037
8052,r3i1p1f1,2037,01,17,0.9033433479822689,7.9422646,-0.921711,2037
8053,r3i1p1f1,2037,01,18,1.4390250249054974,8.008525,-3.2317371,2037
8054,r3i1p1f1,2037,01,19,1.0972764206304197,8.445373,-0.7976036,2037
8055,r3i1p1f1,2037,01,20,0.0,8.510751,-4.3187604,2037
8056,r3i1p1f1,2037,01,21,0.0,8.479842,-3.6471994,2037
8057,r3i1p1f1,2037,01,22,0.0,11.565784,-0.97082305,2037
8058,r3i1p1f1,2037,01,23,0.0,15.180946,2.8396842,2037
8059,r3i1p1f1,2037,01,24,0.0,14.185073,2.3431668,2037
8060,r3i1p1f1,2037,01,25,0.06737980942654592,14.553191,0.18399106,2037
8061,r3i1p1f1,2037,01,26,8.779976183025362,14.0155945,2.865573,2037
8062,r3i1p1f1,2037,01,27,0.6051560460235289,9.321918,1.3797067,2037
8063,r3i1p1f1,2037,01,28,0.15208787569766477,9.530374,1.0170585,2037
8064,r3i1p1f1,2037,01,29,6.693908342636088,10.832991,2.57436,2037
8065,r3i1p1f1,2037,01,30,12.066626575359612,10.836568,3.7180424,2037
8066,r3i1p1f1,2037,01,31,0.27483827851194126,10.199829,-0.9834778,2037
8067,r3i1p1f1,2037,02,01,0.0,10.610376,-2.1323607,2037
8068,r3i1p1f1,2037,02,02,0.0,11.343265,-1.3788931,2037
8069,r3i1p1f1,2037,02,03,0.0,14.122042,3.058802,2037
8070,r3i1p1f1,2037,02,04,0.0,14.120708,1.824828,2037
8071,r3i1p1f1,2037,02,05,0.0,14.211288,0.6225599,2037
8072,r3i1p1f1,2037,02,06,0.08660668428064762,13.274714,2.3652852,2037
8073,r3i1p1f1,2037,02,07,0.0,10.559884,-2.9875157,2037
8074,r3i1p1f1,2037,02,08,0.0,13.07882,-0.68124443,2037
8075,r3i1p1f1,2037,02,09,0.0,14.44853,0.08627477,2037
8076,r3i1p1f1,2037,02,10,0.0,14.923493,0.36402145,2037
8077,r3i1p1f1,2037,02,11,0.0,14.891165,0.94118154,2037
8078,r3i1p1f1,2037,02,12,0.08483855915652715,13.028821,0.89413184,2037
8079,r3i1p1f1,2037,02,13,0.4558909726256388,5.278415,-2.0344596,2037
8080,r3i1p1f1,2037,02,14,0.0,6.8348413,-7.446784,2037
8081,r3i1p1f1,2037,02,15,0.0,10.426953,-4.180112,2037
8082,r3i1p1f1,2037,02,16,0.0,14.167463,-1.912007,2037
8083,r3i1p1f1,2037,02,17,0.0,16.181795,-0.67565584,2037
8084,r3i1p1f1,2037,02,18,0.0,15.5793085,1.3513384,2037
8085,r3i1p1f1,2037,02,19,0.0,18.232624,0.7184256,2037
8086,r3i1p1f1,2037,02,20,3.4954700348384216,17.761452,4.971133,2037
8087,r3i1p1f1,2037,02,21,16.88816760140484,12.56553,5.7548504,2037
8088,r3i1p1f1,2037,02,22,11.008914839771794,10.889005,0.81000453,2037
8089,r3i1p1f1,2037,02,23,0.0,12.998585,-0.2888002,2037
8090,r3i1p1f1,2037,02,24,0.0,16.58802,1.3047811,2037
8091,r3i1p1f1,2037,02,25,0.13280510836590442,15.520816,2.5398226,2037
8092,r3i1p1f1,2037,02,26,11.731353489934312,13.702113,5.3302894,2037
8093,r3i1p1f1,2037,02,27,4.588449450873833,12.33729,1.8008515,2037
8094,r3i1p1f1,2037,02,28,0.00024830793721996474,12.65478,-0.79491204,2037
8095,r3i1p1f1,2037,03,01,0.0,14.206749,-0.28103873,2037
8096,r3i1p1f1,2037,03,02,0.056039163115532246,15.021844,3.1429408,2037
8097,r3i1p1f1,2037,03,03,2.725442856778679,15.340144,4.117729,2037
8098,r3i1p1f1,2037,03,04,2.940275689948893,13.912697,3.531785,2037
8099,r3i1p1f1,2037,03,05,0.07954891711988514,13.476134,-0.40527952,2037
8100,r3i1p1f1,2037,03,06,0.16296370226579407,11.853733,0.5123609,2037
8101,r3i1p1f1,2037,03,07,0.0,14.467096,-0.6746876,2037
8102,r3i1p1f1,2037,03,08,0.0,17.689075,-0.53851855,2037
8103,r3i1p1f1,2037,03,09,0.17405871877572004,16.691835,2.5025969,2037
8104,r3i1p1f1,2037,03,10,0.02360919517355576,16.738678,2.223193,2037
8105,r3i1p1f1,2037,03,11,19.71303663510105,14.877003,5.54132,2037
8106,r3i1p1f1,2037,03,12,11.203542813906978,15.226142,3.9232354,2037
8107,r3i1p1f1,2037,03,13,18.699117713267043,13.377072,5.2863507,2037
8108,r3i1p1f1,2037,03,14,3.002134548425574,11.596221,2.690819,2037
8109,r3i1p1f1,2037,03,15,5.657634454703591,10.607463,-0.16312762,2037
8110,r3i1p1f1,2037,03,16,0.03643817138667642,12.209366,-1.151587,2037
8111,r3i1p1f1,2037,03,17,0.0,14.574504,-0.29361096,2037
8112,r3i1p1f1,2037,03,18,0.0027165585373895187,17.077589,2.0679622,2037
8113,r3i1p1f1,2037,03,19,6.685422834453868,15.40202,3.4073594,2037
8114,r3i1p1f1,2037,03,20,7.003740333494727,11.281745,3.532962,2037
8115,r3i1p1f1,2037,03,21,0.2594198606931803,12.700889,-0.48593488,2037
8116,r3i1p1f1,2037,03,22,24.255571951485543,12.2585745,4.627212,2037
8117,r3i1p1f1,2037,03,23,3.605551427265668,13.926964,2.9734943,2037
8118,r3i1p1f1,2037,03,24,0.19444579105104573,14.826759,0.8799702,2037
8119,r3i1p1f1,2037,03,25,0.0,16.585077,1.4324224,2037
8120,r3i1p1f1,2037,03,26,0.0,18.51655,2.8513167,2037
8121,r3i1p1f1,2037,03,27,0.0,20.375975,5.4994497,2037
8122,r3i1p1f1,2037,03,28,0.147462830908339,19.963058,5.9400444,2037
8123,r3i1p1f1,2037,03,29,0.7239766686777303,18.427174,5.0237856,2037
8124,r3i1p1f1,2037,03,30,0.11284426108018537,17.664509,4.066812,2037
8125,r3i1p1f1,2037,03,31,0.0,15.55995,0.6816056,2037
8126,r3i1p1f1,2037,04,01,4.470707739967496,14.636027,2.8172655,2037
8127,r3i1p1f1,2037,04,02,0.301364395422304,17.896338,2.1448565,2037
8128,r3i1p1f1,2037,04,03,0.0,19.503263,3.8102808,2037
8129,r3i1p1f1,2037,04,04,0.0,21.946648,4.297665,2037
8130,r3i1p1f1,2037,04,05,0.0,24.221083,6.3773117,2037
8131,r3i1p1f1,2037,04,06,0.0,23.161293,6.876009,2037
8132,r3i1p1f1,2037,04,07,0.2661170437772164,21.045124,6.215517,2037
8133,r3i1p1f1,2037,04,08,0.768305894406777,15.181806,4.001801,2037
8134,r3i1p1f1,2037,04,09,0.0,20.369139,5.0354757,2037
8135,r3i1p1f1,2037,04,10,0.0,24.162777,6.002611,2037
8136,r3i1p1f1,2037,04,11,0.0,24.839777,6.7449126,2037
8137,r3i1p1f1,2037,04,12,0.0,24.161718,6.8415265,2037
8138,r3i1p1f1,2037,04,13,0.0,22.38491,5.311409,2037
8139,r3i1p1f1,2037,04,14,0.0,24.344276,6.1839814,2037
8140,r3i1p1f1,2037,04,15,0.0,29.064434,10.194725,2037
8141,r3i1p1f1,2037,04,16,0.0,30.660858,12.003495,2037
8142,r3i1p1f1,2037,04,17,0.0,28.84682,10.806872,2037
8143,r3i1p1f1,2037,04,18,0.0,28.3621,9.438899,2037
8144,r3i1p1f1,2037,04,19,0.0,31.150393,12.021037,2037
8145,r3i1p1f1,2037,04,20,0.0,32.372936,12.127895,2037
8146,r3i1p1f1,2037,04,21,0.0,32.88521,11.396346,2037
8147,r3i1p1f1,2037,04,22,0.0,26.96966,9.389182,2037
8148,r3i1p1f1,2037,04,23,0.0,21.341776,4.6463485,2037
8149,r3i1p1f1,2037,04,24,0.0,21.362041,4.0959053,2037
8150,r3i1p1f1,2037,04,25,0.0,27.378876,7.8663325,2037
8151,r3i1p1f1,2037,04,26,0.0,31.539282,11.29268,2037
8152,r3i1p1f1,2037,04,27,0.0,33.042557,12.201248,2037
8153,r3i1p1f1,2037,04,28,0.0,30.04289,10.653037,2037
8154,r3i1p1f1,2037,04,29,0.0,24.739004,6.7352786,2037
8155,r3i1p1f1,2037,04,30,0.0,24.943497,5.453063,2037
8156,r3i1p1f1,2037,05,01,0.0,24.594679,5.2039075,2037
8157,r3i1p1f1,2037,05,02,1.0743435325915043,21.981493,6.4121556,2037
8158,r3i1p1f1,2037,05,03,4.676015048754022,16.069757,3.145568,2037
8159,r3i1p1f1,2037,05,04,5.864429326907019,11.769852,2.636901,2037
8160,r3i1p1f1,2037,05,05,0.236459223953275,18.986462,3.126001,2037
8161,r3i1p1f1,2037,05,06,0.0,21.024584,4.6219807,2037
8162,r3i1p1f1,2037,05,07,0.0,22.619188,5.474382,2037
8163,r3i1p1f1,2037,05,08,0.0,21.532228,5.7704973,2037
8164,r3i1p1f1,2037,05,09,0.0,23.39832,4.765986,2037
8165,r3i1p1f1,2037,05,10,0.0,24.608837,5.4942737,2037
8166,r3i1p1f1,2037,05,11,0.02094583543525501,22.52345,4.433847,2037
8167,r3i1p1f1,2037,05,12,2.5128216483294223,17.447414,4.391628,2037
8168,r3i1p1f1,2037,05,13,0.37720806433230103,18.25247,2.273832,2037
8169,r3i1p1f1,2037,05,14,0.0,22.493109,4.591211,2037
8170,r3i1p1f1,2037,05,15,0.00016591684525888977,21.977547,5.8985844,2037
8171,r3i1p1f1,2037,05,16,0.0,21.539476,5.172684,2037
8172,r3i1p1f1,2037,05,17,0.0,22.308962,5.1700606,2037
8173,r3i1p1f1,2037,05,18,0.0,22.371492,4.8890862,2037
8174,r3i1p1f1,2037,05,19,0.0,28.131798,8.24905,2037
8175,r3i1p1f1,2037,05,20,0.0,32.844627,11.396806,2037
8176,r3i1p1f1,2037,05,21,0.0,35.793865,14.727353,2037
8177,r3i1p1f1,2037,05,22,0.0,37.63941,17.758291,2037
8178,r3i1p1f1,2037,05,23,0.0,36.366493,17.2642,2037
8179,r3i1p1f1,2037,05,24,0.0,35.09343,15.899771,2037
8180,r3i1p1f1,2037,05,25,0.0,33.971466,14.907737,2037
8181,r3i1p1f1,2037,05,26,0.0,31.35679,14.364106,2037
8182,r3i1p1f1,2037,05,27,0.0,32.67593,13.62745,2037
8183,r3i1p1f1,2037,05,28,0.0,32.334476,13.772532,2037
8184,r3i1p1f1,2037,05,29,0.0,31.223667,13.126696,2037
8185,r3i1p1f1,2037,05,30,0.0,27.605043,10.8899145,2037
8186,r3i1p1f1,2037,05,31,0.0,25.5328,7.592291,2037
8187,r3i1p1f1,2037,06,01,0.0,29.17689,7.6998196,2037
8188,r3i1p1f1,2037,06,02,0.0,28.617405,9.733385,2037
8189,r3i1p1f1,2037,06,03,0.0,24.22505,8.723389,2037
8190,r3i1p1f1,2037,06,04,0.023365657975911305,22.7556,8.374295,2037
8191,r3i1p1f1,2037,06,05,0.0,22.189383,7.8109727,2037
8192,r3i1p1f1,2037,06,06,0.0,24.71637,7.207003,2037
8193,r3i1p1f1,2037,06,07,0.0,25.62643,8.200286,2037
8194,r3i1p1f1,2037,06,08,0.0,23.847956,7.309803,2037
8195,r3i1p1f1,2037,06,09,0.0,26.212885,8.146853,2037
8196,r3i1p1f1,2037,06,10,0.0,33.02056,11.796869,2037
8197,r3i1p1f1,2037,06,11,0.0,34.39711,13.642787,2037
8198,r3i1p1f1,2037,06,12,0.0,33.08574,13.6004925,2037
8199,r3i1p1f1,2037,06,13,0.0,32.355473,15.859224,2037
8200,r3i1p1f1,2037,06,14,0.0,35.859093,15.918475,2037
8201,r3i1p1f1,2037,06,15,0.0,35.28235,15.021253,2037
8202,r3i1p1f1,2037,06,16,0.0,35.86545,15.383849,2037
8203,r3i1p1f1,2037,06,17,0.0,35.976448,15.722559,2037
8204,r3i1p1f1,2037,06,18,0.019784768069670958,34.854126,17.425978,2037
8205,r3i1p1f1,2037,06,19,0.0005486166760833426,37.488644,19.207745,2037
8206,r3i1p1f1,2037,06,20,0.011123099763856524,36.343994,17.28745,2037
8207,r3i1p1f1,2037,06,21,0.0,31.977694,12.40621,2037
8208,r3i1p1f1,2037,06,22,0.0,30.647102,11.757251,2037
8209,r3i1p1f1,2037,06,23,0.0,29.114128,11.708571,2037
8210,r3i1p1f1,2037,06,24,0.0,30.570398,12.508733,2037
8211,r3i1p1f1,2037,06,25,0.0,33.629387,13.501442,2037
8212,r3i1p1f1,2037,06,26,0.0,34.006393,13.939366,2037
8213,r3i1p1f1,2037,06,27,0.0,33.985237,14.098274,2037
8214,r3i1p1f1,2037,06,28,0.0,32.943573,14.591948,2037
8215,r3i1p1f1,2037,06,29,0.0,34.92355,14.891558,2037
8216,r3i1p1f1,2037,06,30,0.0,35.473232,15.11129,2037
8217,r3i1p1f1,2037,07,01,0.0,34.804707,14.395763,2037
8218,r3i1p1f1,2037,07,02,0.0,32.995064,14.3538685,2037
8219,r3i1p1f1,2037,07,03,0.0,33.62049,14.86923,2037
8220,r3i1p1f1,2037,07,04,0.0,34.654633,15.659988,2037
8221,r3i1p1f1,2037,07,05,0.0,35.401463,15.529546,2037
8222,r3i1p1f1,2037,07,06,0.0,36.241463,16.658947,2037
8223,r3i1p1f1,2037,07,07,0.007032722262947848,36.9531,17.744167,2037
8224,r3i1p1f1,2037,07,08,0.0,36.59013,17.730122,2037
8225,r3i1p1f1,2037,07,09,0.0,37.928528,17.279114,2037
8226,r3i1p1f1,2037,07,10,0.0,38.45289,18.32144,2037
8227,r3i1p1f1,2037,07,11,0.0,37.35874,16.914803,2037
8228,r3i1p1f1,2037,07,12,0.0,35.850372,15.797172,2037
8229,r3i1p1f1,2037,07,13,0.0,33.21201,15.1621475,2037
8230,r3i1p1f1,2037,07,14,2.8888767978798677,30.183052,13.153104,2037
8231,r3i1p1f1,2037,07,15,0.0,31.426817,14.109368,2037
8232,r3i1p1f1,2037,07,16,0.0,32.123096,15.468966,2037
8233,r3i1p1f1,2037,07,17,0.0,31.660006,14.859902,2037
8234,r3i1p1f1,2037,07,18,0.0,32.339302,14.592749,2037
8235,r3i1p1f1,2037,07,19,0.0,32.956585,14.450904,2037
8236,r3i1p1f1,2037,07,20,0.0,32.428238,13.666761,2037
8237,r3i1p1f1,2037,07,21,0.0,30.946619,13.241306,2037
8238,r3i1p1f1,2037,07,22,0.0,29.623583,13.12859,2037
8239,r3i1p1f1,2037,07,23,0.0,29.780912,12.768408,2037
8240,r3i1p1f1,2037,07,24,0.0,32.429165,14.4219265,2037
8241,r3i1p1f1,2037,07,25,0.0,32.387142,14.761942,2037
8242,r3i1p1f1,2037,07,26,0.0,31.326658,13.7162075,2037
8243,r3i1p1f1,2037,07,27,0.0,32.030346,14.185286,2037
8244,r3i1p1f1,2037,07,28,0.0,34.146935,15.560406,2037
8245,r3i1p1f1,2037,07,29,0.0,37.803394,17.730064,2037
8246,r3i1p1f1,2037,07,30,0.0,36.99243,18.461998,2037
8247,r3i1p1f1,2037,07,31,0.017341182313182137,36.269215,17.580938,2037
8248,r3i1p1f1,2037,08,01,0.07817223714399998,36.310402,17.305927,2037
8249,r3i1p1f1,2037,08,02,1.5945414033657554,35.64354,17.927523,2037
8250,r3i1p1f1,2037,08,03,0.15035929800378103,34.534935,16.746712,2037
8251,r3i1p1f1,2037,08,04,3.873402696955247,32.91841,16.597395,2037
8252,r3i1p1f1,2037,08,05,0.0020648112386521516,32.598186,15.007229,2037
8253,r3i1p1f1,2037,08,06,0.0,34.368073,15.497017,2037
8254,r3i1p1f1,2037,08,07,0.0,34.981743,15.232987,2037
8255,r3i1p1f1,2037,08,08,0.0,34.11293,16.241745,2037
8256,r3i1p1f1,2037,08,09,0.0,33.174255,15.446077,2037
8257,r3i1p1f1,2037,08,10,0.0,33.412712,15.983579,2037
8258,r3i1p1f1,2037,08,11,0.0006372088594644358,35.08148,16.993607,2037
8259,r3i1p1f1,2037,08,12,0.0,36.42827,17.151741,2037
8260,r3i1p1f1,2037,08,13,0.0,37.13181,17.139975,2037
8261,r3i1p1f1,2037,08,14,0.0,36.236088,15.751307,2037
8262,r3i1p1f1,2037,08,15,0.0,35.690784,15.112833,2037
8263,r3i1p1f1,2037,08,16,0.0,34.84703,14.870756,2037
8264,r3i1p1f1,2037,08,17,0.07954731147864633,32.320534,16.670055,2037
8265,r3i1p1f1,2037,08,18,0.0,33.418125,15.743736,2037
8266,r3i1p1f1,2037,08,19,0.0,33.93286,15.313029,2037
8267,r3i1p1f1,2037,08,20,0.0,32.859097,14.400072,2037
8268,r3i1p1f1,2037,08,21,0.0006319609273112181,32.873478,14.588531,2037
8269,r3i1p1f1,2037,08,22,0.0005081686487590724,32.6936,14.516805,2037
8270,r3i1p1f1,2037,08,23,0.007079924231000019,31.335108,13.830721,2037
8271,r3i1p1f1,2037,08,24,0.028340412166223607,30.45902,13.627503,2037
8272,r3i1p1f1,2037,08,25,0.005495469738503523,30.255749,12.642698,2037
8273,r3i1p1f1,2037,08,26,0.0,30.556917,12.156862,2037
8274,r3i1p1f1,2037,08,27,0.0,29.8005,11.17403,2037
8275,r3i1p1f1,2037,08,28,0.0,29.63325,11.512104,2037
8276,r3i1p1f1,2037,08,29,0.0,30.180092,11.528846,2037
8277,r3i1p1f1,2037,08,30,0.0,30.369205,11.237246,2037
8278,r3i1p1f1,2037,08,31,0.0,29.949224,12.301841,2037
8279,r3i1p1f1,2037,09,01,0.0,30.058775,11.796163,2037
8280,r3i1p1f1,2037,09,02,0.0,29.605556,11.172387,2037
8281,r3i1p1f1,2037,09,03,0.0,29.877224,10.964385,2037
8282,r3i1p1f1,2037,09,04,0.0,30.177319,11.898282,2037
8283,r3i1p1f1,2037,09,05,0.0,29.977915,12.410709,2037
8284,r3i1p1f1,2037,09,06,0.0,32.84321,13.436668,2037
8285,r3i1p1f1,2037,09,07,0.0,32.74357,15.075915,2037
8286,r3i1p1f1,2037,09,08,0.0,31.19785,13.721633,2037
8287,r3i1p1f1,2037,09,09,0.0,29.070667,12.162061,2037
8288,r3i1p1f1,2037,09,10,0.01154834591557808,27.459507,10.711672,2037
8289,r3i1p1f1,2037,09,11,0.0024115879646022663,26.60235,9.848666,2037
8290,r3i1p1f1,2037,09,12,0.0,29.486319,11.197869,2037
8291,r3i1p1f1,2037,09,13,0.0,31.625887,12.522518,2037
8292,r3i1p1f1,2037,09,14,0.0,32.094433,16.598112,2037
8293,r3i1p1f1,2037,09,15,0.0,35.782833,17.155281,2037
8294,r3i1p1f1,2037,09,16,0.003192958970568284,35.748367,17.146873,2037
8295,r3i1p1f1,2037,09,17,0.0,33.67097,14.82332,2037
8296,r3i1p1f1,2037,09,18,0.0,34.174637,15.410836,2037
8297,r3i1p1f1,2037,09,19,0.0,34.858303,15.367491,2037
8298,r3i1p1f1,2037,09,20,0.0,35.842026,15.840569,2037
8299,r3i1p1f1,2037,09,21,0.0,37.222195,17.078255,2037
8300,r3i1p1f1,2037,09,22,0.0,36.60352,17.41764,2037
8301,r3i1p1f1,2037,09,23,0.0,35.34499,15.337439,2037
8302,r3i1p1f1,2037,09,24,0.0,33.27517,14.274263,2037
8303,r3i1p1f1,2037,09,25,0.0,31.879293,12.638428,2037
8304,r3i1p1f1,2037,09,26,0.0,32.653744,12.465252,2037
8305,r3i1p1f1,2037,09,27,0.0064214968535287135,31.893747,13.861999,2037
8306,r3i1p1f1,2037,09,28,0.0691288382762595,32.073666,15.734205,2037
8307,r3i1p1f1,2037,09,29,1.2665385282360313,31.871658,14.256659,2037
8308,r3i1p1f1,2037,09,30,0.31274320032962627,33.112736,15.895935,2037
8309,r3i1p1f1,2037,10,01,0.0,32.475456,14.336452,2037
8310,r3i1p1f1,2037,10,02,0.0,29.245405,12.882949,2037
8311,r3i1p1f1,2037,10,03,0.09531123951202256,18.569265,4.708602,2037
8312,r3i1p1f1,2037,10,04,0.6052158973100383,19.024513,4.3994594,2037
8313,r3i1p1f1,2037,10,05,0.018401516594387816,24.091759,7.104223,2037
8314,r3i1p1f1,2037,10,06,0.0,26.054611,8.559625,2037
8315,r3i1p1f1,2037,10,07,0.0,23.225641,5.374206,2037
8316,r3i1p1f1,2037,10,08,0.0,21.153402,5.4547944,2037
8317,r3i1p1f1,2037,10,09,0.0,22.150932,5.7070074,2037
8318,r3i1p1f1,2037,10,10,0.0,21.641712,6.2489934,2037
8319,r3i1p1f1,2037,10,11,0.0,24.225378,6.089137,2037
8320,r3i1p1f1,2037,10,12,0.0,25.871624,8.363994,2037
8321,r3i1p1f1,2037,10,13,0.0,27.393282,10.101827,2037
8322,r3i1p1f1,2037,10,14,0.0,29.752823,11.5492525,2037
8323,r3i1p1f1,2037,10,15,0.0,32.351604,13.393855,2037
8324,r3i1p1f1,2037,10,16,0.0,32.946266,14.060327,2037
8325,r3i1p1f1,2037,10,17,0.0,33.37995,14.273153,2037
8326,r3i1p1f1,2037,10,18,0.0,34.23098,15.069297,2037
8327,r3i1p1f1,2037,10,19,0.0,34.206795,15.725624,2037
8328,r3i1p1f1,2037,10,20,0.0,34.49783,16.235376,2037
8329,r3i1p1f1,2037,10,21,0.0,32.91504,14.599844,2037
8330,r3i1p1f1,2037,10,22,0.0,29.920174,11.630679,2037
8331,r3i1p1f1,2037,10,23,0.020239059389992195,26.336666,8.80084,2037
8332,r3i1p1f1,2037,10,24,0.032460415545343,24.276754,7.23348,2037
8333,r3i1p1f1,2037,10,25,0.0,25.53374,8.47665,2037
8334,r3i1p1f1,2037,10,26,0.0,26.565556,9.297695,2037
8335,r3i1p1f1,2037,10,27,0.0,25.959354,8.699578,2037
8336,r3i1p1f1,2037,10,28,0.0,23.565748,7.9537616,2037
8337,r3i1p1f1,2037,10,29,0.004397629703761953,21.205004,6.64944,2037
8338,r3i1p1f1,2037,10,30,0.0030076721062262854,23.766804,7.5362988,2037
8339,r3i1p1f1,2037,10,31,0.0,27.641544,8.930166,2037
8340,r3i1p1f1,2037,11,01,0.0,26.236012,10.947674,2037
8341,r3i1p1f1,2037,11,02,0.0,25.184278,8.027342,2037
8342,r3i1p1f1,2037,11,03,0.0,27.175621,8.929039,2037
8343,r3i1p1f1,2037,11,04,1.749329741414289,26.448923,11.653055,2037
8344,r3i1p1f1,2037,11,05,2.681504953469619,20.15301,7.6192417,2037
8345,r3i1p1f1,2037,11,06,26.680549784478817,18.24289,8.365787,2037
8346,r3i1p1f1,2037,11,07,0.4886052803086579,15.647166,4.7678614,2037
8347,r3i1p1f1,2037,11,08,0.0009027349226402514,16.53597,3.281969,2037
8348,r3i1p1f1,2037,11,09,0.12764795716507113,16.916636,4.547474,2037
8349,r3i1p1f1,2037,11,10,0.07615021295460986,14.620279,3.3942745,2037
8350,r3i1p1f1,2037,11,11,0.04543738549101005,14.918049,2.3169205,2037
8351,r3i1p1f1,2037,11,12,12.204157130895924,14.637193,5.0050664,2037
8352,r3i1p1f1,2037,11,13,0.3720600763335824,13.016444,1.6528597,2037
8353,r3i1p1f1,2037,11,14,0.0,14.932096,1.371455,2037
8354,r3i1p1f1,2037,11,15,0.0005910352796711253,16.667658,2.7397244,2037
8355,r3i1p1f1,2037,11,16,0.23546574618573382,17.770273,5.332373,2037
8356,r3i1p1f1,2037,11,17,7.000946897515502,17.35986,5.5065145,2037
8357,r3i1p1f1,2037,11,18,0.8460476396000807,15.777943,3.2402802,2037
8358,r3i1p1f1,2037,11,19,11.025173256628367,14.320465,3.8602326,2037
8359,r3i1p1f1,2037,11,20,6.947690719786227,14.97998,3.113287,2037
8360,r3i1p1f1,2037,11,21,5.999728901890304,14.178573,6.5863233,2037
8361,r3i1p1f1,2037,11,22,30.08507930879866,13.3796015,9.2557535,2037
8362,r3i1p1f1,2037,11,23,0.42198886463500623,12.691479,1.4526258,2037
8363,r3i1p1f1,2037,11,24,0.0,14.461174,-0.12927975,2037
8364,r3i1p1f1,2037,11,25,0.0,16.340733,1.938785,2037
8365,r3i1p1f1,2037,11,26,0.06765479437131999,18.203587,4.0204988,2037
8366,r3i1p1f1,2037,11,27,0.0,17.346416,3.7997298,2037
8367,r3i1p1f1,2037,11,28,0.04420905202013356,19.21052,5.264269,2037
8368,r3i1p1f1,2037,11,29,0.0039595668733289294,18.553112,4.8872323,2037
8369,r3i1p1f1,2037,11,30,0.02482641560632284,17.441473,3.3628826,2037
8370,r3i1p1f1,2037,12,01,0.0,16.572393,4.899347,2037
8371,r3i1p1f1,2037,12,02,0.0,15.834898,5.1858335,2037
8372,r3i1p1f1,2037,12,03,0.0,16.53365,3.076638,2037
8373,r3i1p1f1,2037,12,04,0.0,18.369875,4.572947,2037
8374,r3i1p1f1,2037,12,05,0.0,19.206066,5.5715804,2037
8375,r3i1p1f1,2037,12,06,2.5038002440392533,17.92336,6.6215167,2037
8376,r3i1p1f1,2037,12,07,0.0,14.603057,5.045895,2037
8377,r3i1p1f1,2037,12,08,0.0,14.488265,1.4583441,2037
8378,r3i1p1f1,2037,12,09,0.0,15.820977,2.5584555,2037
8379,r3i1p1f1,2037,12,10,0.0,17.076809,4.411208,2037
8380,r3i1p1f1,2037,12,11,0.0,15.908083,3.3260775,2037
8381,r3i1p1f1,2037,12,12,0.0,15.524972,2.3091097,2037
8382,r3i1p1f1,2037,12,13,0.0,13.886479,0.6458339,2037
8383,r3i1p1f1,2037,12,14,0.0,16.156216,2.7579298,2037
8384,r3i1p1f1,2037,12,15,0.0,18.465275,4.517415,2037
8385,r3i1p1f1,2037,12,16,0.0,17.624138,4.5926995,2037
8386,r3i1p1f1,2037,12,17,0.3286187810666282,15.899106,5.7151794,2037
8387,r3i1p1f1,2037,12,18,0.07809692154048455,17.374018,5.285521,2037
8388,r3i1p1f1,2037,12,19,0.0,17.867813,4.2695284,2037
8389,r3i1p1f1,2037,12,20,0.0,17.690895,3.524519,2037
8390,r3i1p1f1,2037,12,21,0.0,15.007242,1.9103601,2037
8391,r3i1p1f1,2037,12,22,0.0,15.844071,2.7406528,2037
8392,r3i1p1f1,2037,12,23,0.0,19.812174,3.6690474,2037
8393,r3i1p1f1,2037,12,24,0.0,21.671366,5.813961,2037
8394,r3i1p1f1,2037,12,25,0.0,20.335972,6.259121,2037
8395,r3i1p1f1,2037,12,26,0.0,19.346062,5.4188685,2037
8396,r3i1p1f1,2037,12,27,0.0,16.493715,3.166853,2037
8397,r3i1p1f1,2037,12,28,0.0,14.483651,0.9309443,2037
8398,r3i1p1f1,2037,12,29,8.051969595545609,13.112388,6.169823,2037
8399,r3i1p1f1,2037,12,30,0.0026977727909318423,8.32779,-1.8555102,2037
8400,r3i1p1f1,2037,12,31,0.0,9.338601,-3.1829238,2037
8401,r3i1p1f1,2038,01,01,1.203751328758892,10.292537,-0.8412273,2038
8402,r3i1p1f1,2038,01,02,0.03472091292210142,9.628172,-2.3453007,2038
8403,r3i1p1f1,2038,01,03,0.0,12.279118,-1.4251906,2038
8404,r3i1p1f1,2038,01,04,0.16759250204786164,11.505674,1.0845742,2038
8405,r3i1p1f1,2038,01,05,2.7082984778076713,8.803807,2.3572342,2038
8406,r3i1p1f1,2038,01,06,0.22290163444819028,9.865276,-0.07419188,2038
8407,r3i1p1f1,2038,01,07,0.0,11.039452,-2.146362,2038
8408,r3i1p1f1,2038,01,08,0.09411548453058596,11.500094,-0.7418605,2038
8409,r3i1p1f1,2038,01,09,3.428466905687387,10.909313,1.7706571,2038
8410,r3i1p1f1,2038,01,10,6.569807895383829,9.176776,1.0283135,2038
8411,r3i1p1f1,2038,01,11,0.0365143869258287,9.867738,-2.3073947,2038
8412,r3i1p1f1,2038,01,12,1.1368727684594253,9.638536,1.0085366,2038
8413,r3i1p1f1,2038,01,13,9.179974429144666,9.985592,-0.8399838,2038
8414,r3i1p1f1,2038,01,14,19.07156662172852,10.363952,1.8999356,2038
8415,r3i1p1f1,2038,01,15,10.037906474386325,13.431939,2.945149,2038
8416,r3i1p1f1,2038,01,16,0.17853181972124288,12.385883,2.7216713,2038
8417,r3i1p1f1,2038,01,17,3.9322855062770636,12.467386,2.6155975,2038
8418,r3i1p1f1,2038,01,18,15.02510203598032,13.408679,5.8451433,2038
8419,r3i1p1f1,2038,01,19,0.6071772412255858,14.676417,7.153325,2038
8420,r3i1p1f1,2038,01,20,0.0,12.777797,2.4968526,2038
8421,r3i1p1f1,2038,01,21,0.0,12.17583,-0.84080833,2038
8422,r3i1p1f1,2038,01,22,0.0,12.421622,-0.4142897,2038
8423,r3i1p1f1,2038,01,23,0.016410196787381374,14.746433,1.8037356,2038
8424,r3i1p1f1,2038,01,24,2.0164752180916725,13.697973,2.4399674,2038
8425,r3i1p1f1,2038,01,25,26.112060744244996,13.312763,7.529963,2038
8426,r3i1p1f1,2038,01,26,0.06502168110742015,11.568008,0.55018616,2038
8427,r3i1p1f1,2038,01,27,0.0012345169494492989,9.0872965,-1.2742995,2038
8428,r3i1p1f1,2038,01,28,0.9474276211114391,7.854249,-1.043562,2038
8429,r3i1p1f1,2038,01,29,10.223511046191781,8.957239,-0.41932893,2038
8430,r3i1p1f1,2038,01,30,0.2989129342853575,9.471064,-2.4170792,2038
8431,r3i1p1f1,2038,01,31,0.16712039248390778,9.475838,-1.3889562,2038
8432,r3i1p1f1,2038,02,01,0.07785991232870429,8.841957,-1.329157,2038
8433,r3i1p1f1,2038,02,02,0.019173255652386808,11.213166,-2.7064095,2038
8434,r3i1p1f1,2038,02,03,0.0,11.569406,-2.2618258,2038
8435,r3i1p1f1,2038,02,04,0.0,12.066445,-2.3507917,2038
8436,r3i1p1f1,2038,02,05,0.0,12.177982,-1.0506674,2038
8437,r3i1p1f1,2038,02,06,1.8936508134563403,11.251244,1.7739266,2038
8438,r3i1p1f1,2038,02,07,0.9187780840991102,9.664878,0.121089965,2038
8439,r3i1p1f1,2038,02,08,0.15043812469230033,8.123967,-2.7707243,2038
8440,r3i1p1f1,2038,02,09,0.09989295659441709,8.885084,-1.9713078,2038
8441,r3i1p1f1,2038,02,10,0.2014906199022362,7.8356237,-1.0052143,2038
8442,r3i1p1f1,2038,02,11,0.06512255022464546,15.088149,1.076354,2038
8443,r3i1p1f1,2038,02,12,9.092997391814027e-06,15.737114,1.1004119,2038
8444,r3i1p1f1,2038,02,13,1.6484936468535152,16.780058,4.2292256,2038
8445,r3i1p1f1,2038,02,14,0.0004830525986934927,17.484371,5.097101,2038
8446,r3i1p1f1,2038,02,15,0.010106371641582386,17.812418,4.226986,2038
8447,r3i1p1f1,2038,02,16,0.0,16.973888,3.5409775,2038
8448,r3i1p1f1,2038,02,17,0.0,18.485329,4.0986185,2038
8449,r3i1p1f1,2038,02,18,0.0,18.010109,3.8556554,2038
8450,r3i1p1f1,2038,02,19,0.0,19.78132,3.8476138,2038
8451,r3i1p1f1,2038,02,20,0.20604218116645687,19.229006,6.8462296,2038
8452,r3i1p1f1,2038,02,21,0.0,17.733236,4.762704,2038
8453,r3i1p1f1,2038,02,22,1.1893134757834063,17.007936,5.944883,2038
8454,r3i1p1f1,2038,02,23,12.01987972423398,15.420672,5.434562,2038
8455,r3i1p1f1,2038,02,24,0.0,16.541046,2.409385,2038
8456,r3i1p1f1,2038,02,25,0.014553410336234127,18.04161,4.833978,2038
8457,r3i1p1f1,2038,02,26,0.0,20.639141,6.0153155,2038
8458,r3i1p1f1,2038,02,27,0.0,20.845526,7.319221,2038
8459,r3i1p1f1,2038,02,28,0.0,21.033234,7.7404814,2038
8460,r3i1p1f1,2038,03,01,0.0036220618450456777,21.02791,5.001386,2038
8461,r3i1p1f1,2038,03,02,0.0,22.38882,4.7091436,2038
8462,r3i1p1f1,2038,03,03,0.1724282163862275,22.43508,5.6462283,2038
8463,r3i1p1f1,2038,03,04,0.055045290703701816,18.131323,5.7577004,2038
8464,r3i1p1f1,2038,03,05,15.366234877446638,14.568448,1.6184531,2038
8465,r3i1p1f1,2038,03,06,10.335215986351338,10.992205,2.2010148,2038
8466,r3i1p1f1,2038,03,07,25.966116321726464,10.255834,4.06086,2038
8467,r3i1p1f1,2038,03,08,4.519249140435987,12.498986,0.4863963,2038
8468,r3i1p1f1,2038,03,09,0.0008643622630078232,14.320697,-1.0677192,2038
8469,r3i1p1f1,2038,03,10,12.660951095974518,11.800149,4.3836455,2038
8470,r3i1p1f1,2038,03,11,7.620032451668521,11.612908,0.122013316,2038
8471,r3i1p1f1,2038,03,12,0.08283020157801785,13.086575,-1.7465748,2038
8472,r3i1p1f1,2038,03,13,25.106040629431266,9.294209,3.7452967,2038
8473,r3i1p1f1,2038,03,14,7.515046377957333,11.295301,0.33365256,2038
8474,r3i1p1f1,2038,03,15,0.00034500830665682304,14.986944,-1.2763911,2038
8475,r3i1p1f1,2038,03,16,0.0,17.960121,2.6133072,2038
8476,r3i1p1f1,2038,03,17,0.0,17.971903,4.957908,2038
8477,r3i1p1f1,2038,03,18,0.002645907330919396,19.109024,3.075832,2038
8478,r3i1p1f1,2038,03,19,10.980721884027872,17.105762,4.194289,2038
8479,r3i1p1f1,2038,03,20,7.772614528748266,14.603239,4.029544,2038
8480,r3i1p1f1,2038,03,21,4.9727095512847,13.802761,2.0844288,2038
8481,r3i1p1f1,2038,03,22,7.47736097000818,10.710143,3.2864265,2038
8482,r3i1p1f1,2038,03,23,0.8815166468720594,14.312722,1.5117544,2038
8483,r3i1p1f1,2038,03,24,0.11895070852584798,15.173305,2.115711,2038
8484,r3i1p1f1,2038,03,25,0.009992584490453626,15.187843,0.96016556,2038
8485,r3i1p1f1,2038,03,26,0.0014527848014205863,16.304329,1.3064065,2038
8486,r3i1p1f1,2038,03,27,2.0091282909109425,15.593236,6.4558806,2038
8487,r3i1p1f1,2038,03,28,1.671309332369729,18.441906,7.996681,2038
8488,r3i1p1f1,2038,03,29,0.0,19.861479,3.7920547,2038
8489,r3i1p1f1,2038,03,30,0.46631673805787804,19.116367,5.4366617,2038
8490,r3i1p1f1,2038,03,31,24.231987296811756,16.676783,8.058887,2038
8491,r3i1p1f1,2038,04,01,0.034335672226558075,15.636072,1.3321579,2038
8492,r3i1p1f1,2038,04,02,0.0,19.074718,3.5760272,2038
8493,r3i1p1f1,2038,04,03,0.0,20.843683,4.965553,2038
8494,r3i1p1f1,2038,04,04,1.7867401402283136,18.387506,7.3186684,2038
8495,r3i1p1f1,2038,04,05,0.18770567652554196,19.881092,7.022878,2038
8496,r3i1p1f1,2038,04,06,0.0,22.223549,5.9539237,2038
8497,r3i1p1f1,2038,04,07,0.0,24.323265,8.004088,2038
8498,r3i1p1f1,2038,04,08,0.1377608560004305,23.32109,8.568764,2038
8499,r3i1p1f1,2038,04,09,0.31148667918435446,20.658264,7.5482287,2038
8500,r3i1p1f1,2038,04,10,0.23665617198055383,24.317823,7.155444,2038
8501,r3i1p1f1,2038,04,11,0.022775231693892485,25.93989,8.647396,2038
8502,r3i1p1f1,2038,04,12,0.0,24.527052,8.087109,2038
8503,r3i1p1f1,2038,04,13,0.006851013079567841,23.422539,8.555833,2038
8504,r3i1p1f1,2038,04,14,0.0,19.267477,3.3198917,2038
8505,r3i1p1f1,2038,04,15,0.004298058550127528,18.582993,1.8503371,2038
8506,r3i1p1f1,2038,04,16,0.0006958227040189686,21.124018,3.0666533,2038
8507,r3i1p1f1,2038,04,17,0.0,25.025768,6.275944,2038
8508,r3i1p1f1,2038,04,18,0.44355156349796965,23.846863,5.9980335,2038
8509,r3i1p1f1,2038,04,19,4.977383273838893,14.836816,2.7767746,2038
8510,r3i1p1f1,2038,04,20,2.195019109225761,13.290706,0.79217,2038
8511,r3i1p1f1,2038,04,21,0.0,20.047289,2.0825157,2038
8512,r3i1p1f1,2038,04,22,0.0,24.243456,5.0643635,2038
8513,r3i1p1f1,2038,04,23,0.0,26.39301,6.4119797,2038
8514,r3i1p1f1,2038,04,24,20.1225436899139,21.38627,7.1409154,2038
8515,r3i1p1f1,2038,04,25,3.879508547644505,12.210457,3.6211483,2038
8516,r3i1p1f1,2038,04,26,0.044396592636599744,15.494358,2.6861098,2038
8517,r3i1p1f1,2038,04,27,0.0,17.25082,1.6627352,2038
8518,r3i1p1f1,2038,04,28,2.5627116467396927,15.651592,2.2236924,2038
8519,r3i1p1f1,2038,04,29,0.34263427453135425,17.816896,4.4081993,2038
8520,r3i1p1f1,2038,04,30,0.0,21.512936,3.9735389,2038
8521,r3i1p1f1,2038,05,01,0.05008650771935319,21.354843,5.952028,2038
8522,r3i1p1f1,2038,05,02,3.011498905473149,18.800362,6.718997,2038
8523,r3i1p1f1,2038,05,03,0.0018068969824746478,16.725475,4.015337,2038
8524,r3i1p1f1,2038,05,04,0.025786651361462038,19.701134,6.5784373,2038
8525,r3i1p1f1,2038,05,05,0.0,22.687271,5.946625,2038
8526,r3i1p1f1,2038,05,06,0.0,24.990723,7.8347907,2038
8527,r3i1p1f1,2038,05,07,0.0,30.640985,11.524431,2038
8528,r3i1p1f1,2038,05,08,0.0,29.909992,11.690634,2038
8529,r3i1p1f1,2038,05,09,0.0,26.333084,9.055187,2038
8530,r3i1p1f1,2038,05,10,0.0,30.577377,11.729941,2038
8531,r3i1p1f1,2038,05,11,0.0,35.98145,15.194719,2038
8532,r3i1p1f1,2038,05,12,0.0056540938517586755,37.08663,16.408245,2038
8533,r3i1p1f1,2038,05,13,0.025568653540121333,35.143585,16.789265,2038
8534,r3i1p1f1,2038,05,14,0.002087171094238081,34.187275,15.031779,2038
8535,r3i1p1f1,2038,05,15,0.0,32.626358,13.783018,2038
8536,r3i1p1f1,2038,05,16,0.0,29.966688,10.536786,2038
8537,r3i1p1f1,2038,05,17,0.0,28.168232,9.659555,2038
8538,r3i1p1f1,2038,05,18,0.0,29.885378,10.330745,2038
8539,r3i1p1f1,2038,05,19,0.0,29.191355,10.380171,2038
8540,r3i1p1f1,2038,05,20,0.0,28.572783,9.793833,2038
8541,r3i1p1f1,2038,05,21,0.0,27.511374,7.985092,2038
8542,r3i1p1f1,2038,05,22,0.0,24.45436,7.0707345,2038
8543,r3i1p1f1,2038,05,23,0.14978232517312956,21.256079,4.755824,2038
8544,r3i1p1f1,2038,05,24,9.45829449346065,9.94606,0.25582966,2038
8545,r3i1p1f1,2038,05,25,0.6878433361058259,15.048317,0.2068327,2038
8546,r3i1p1f1,2038,05,26,0.006844759089731131,22.740145,4.3193793,2038
8547,r3i1p1f1,2038,05,27,0.0,28.287462,9.086716,2038
8548,r3i1p1f1,2038,05,28,0.0,31.459578,11.943872,2038
8549,r3i1p1f1,2038,05,29,0.0,30.681593,11.4097595,2038
8550,r3i1p1f1,2038,05,30,0.0,28.706938,9.805273,2038
8551,r3i1p1f1,2038,05,31,0.0,29.676353,10.247033,2038
8552,r3i1p1f1,2038,06,01,0.0,29.010208,9.917797,2038
8553,r3i1p1f1,2038,06,02,0.02971464195676769,25.96688,9.079524,2038
8554,r3i1p1f1,2038,06,03,0.005834139460189776,23.879938,9.109657,2038
8555,r3i1p1f1,2038,06,04,0.0,24.541035,6.3583198,2038
8556,r3i1p1f1,2038,06,05,0.0,26.013535,7.1514344,2038
8557,r3i1p1f1,2038,06,06,0.0,27.45625,8.586503,2038
8558,r3i1p1f1,2038,06,07,0.0,27.134985,9.229417,2038
8559,r3i1p1f1,2038,06,08,0.0,24.824299,7.835826,2038
8560,r3i1p1f1,2038,06,09,0.0,25.162773,7.4997625,2038
8561,r3i1p1f1,2038,06,10,0.0,25.244831,8.155608,2038
8562,r3i1p1f1,2038,06,11,0.0,25.344109,8.347781,2038
8563,r3i1p1f1,2038,06,12,0.0,27.43387,8.950963,2038
8564,r3i1p1f1,2038,06,13,0.0,29.517778,10.791191,2038
8565,r3i1p1f1,2038,06,14,0.0,29.357845,10.90578,2038
8566,r3i1p1f1,2038,06,15,0.0,30.11943,10.999593,2038
8567,r3i1p1f1,2038,06,16,0.0,32.50501,12.569411,2038
8568,r3i1p1f1,2038,06,17,0.0,31.648664,12.532072,2038
8569,r3i1p1f1,2038,06,18,0.00032111693695752007,28.407696,11.694307,2038
8570,r3i1p1f1,2038,06,19,0.09435949088638705,29.783587,12.304903,2038
8571,r3i1p1f1,2038,06,20,0.07831142675554888,30.882238,14.708468,2038
8572,r3i1p1f1,2038,06,21,0.0015398802122834957,32.74889,14.742279,2038
8573,r3i1p1f1,2038,06,22,0.019895812440540107,34.711475,14.789696,2038
8574,r3i1p1f1,2038,06,23,0.05720341009719326,32.094032,13.991622,2038
8575,r3i1p1f1,2038,06,24,0.004355698624611691,29.46426,11.300968,2038
8576,r3i1p1f1,2038,06,25,0.0,31.558586,13.201346,2038
8577,r3i1p1f1,2038,06,26,0.0,34.549698,14.959159,2038
8578,r3i1p1f1,2038,06,27,0.0,33.363754,13.882241,2038
8579,r3i1p1f1,2038,06,28,0.0,27.973965,11.300889,2038
8580,r3i1p1f1,2038,06,29,0.1582242677580904,23.782999,9.832965,2038
8581,r3i1p1f1,2038,06,30,0.0,29.30938,11.643627,2038
8582,r3i1p1f1,2038,07,01,0.0,35.321487,15.128493,2038
8583,r3i1p1f1,2038,07,02,0.0,36.98581,16.849266,2038
8584,r3i1p1f1,2038,07,03,0.0,36.110744,16.215706,2038
8585,r3i1p1f1,2038,07,04,0.0,36.130665,16.212313,2038
8586,r3i1p1f1,2038,07,05,0.0,36.23329,16.418459,2038
8587,r3i1p1f1,2038,07,06,0.0,35.648605,16.505278,2038
8588,r3i1p1f1,2038,07,07,0.0,36.568336,16.30583,2038
8589,r3i1p1f1,2038,07,08,0.0,35.44859,16.673388,2038
8590,r3i1p1f1,2038,07,09,0.0,35.096043,15.880987,2038
8591,r3i1p1f1,2038,07,10,0.0,36.4308,16.627428,2038
8592,r3i1p1f1,2038,07,11,0.0,37.01018,17.602774,2038
8593,r3i1p1f1,2038,07,12,0.0,37.143173,17.451283,2038
8594,r3i1p1f1,2038,07,13,0.0,36.00715,16.083303,2038
8595,r3i1p1f1,2038,07,14,0.0,34.728363,16.028774,2038
8596,r3i1p1f1,2038,07,15,0.0,33.883564,16.11415,2038
8597,r3i1p1f1,2038,07,16,0.0,32.068428,14.860366,2038
8598,r3i1p1f1,2038,07,17,0.0,32.980938,15.079942,2038
8599,r3i1p1f1,2038,07,18,0.0,33.525017,16.023968,2038
8600,r3i1p1f1,2038,07,19,0.0,32.3202,15.747889,2038
8601,r3i1p1f1,2038,07,20,0.0,33.749687,15.7542715,2038
8602,r3i1p1f1,2038,07,21,0.0,36.108696,16.880405,2038
8603,r3i1p1f1,2038,07,22,0.0,37.589977,17.691383,2038
8604,r3i1p1f1,2038,07,23,0.0,37.67918,18.375301,2038
8605,r3i1p1f1,2038,07,24,0.0,37.243332,18.085836,2038
8606,r3i1p1f1,2038,07,25,0.0,36.69165,17.487965,2038
8607,r3i1p1f1,2038,07,26,0.0,36.19915,17.506079,2038
8608,r3i1p1f1,2038,07,27,0.0,35.20426,17.282627,2038
8609,r3i1p1f1,2038,07,28,0.006462308070199056,34.97034,17.48552,2038
8610,r3i1p1f1,2038,07,29,0.0,35.391575,17.097977,2038
8611,r3i1p1f1,2038,07,30,0.0,35.410046,17.072811,2038
8612,r3i1p1f1,2038,07,31,0.0,35.98055,16.82779,2038
8613,r3i1p1f1,2038,08,01,0.0,38.23367,19.021542,2038
8614,r3i1p1f1,2038,08,02,0.0,40.23678,19.415585,2038
8615,r3i1p1f1,2038,08,03,0.0,39.416492,21.301392,2038
8616,r3i1p1f1,2038,08,04,0.1624077078833414,38.822746,23.200676,2038
8617,r3i1p1f1,2038,08,05,0.05946251637810333,38.710075,19.803282,2038
8618,r3i1p1f1,2038,08,06,0.02131085250188004,38.461246,18.624285,2038
8619,r3i1p1f1,2038,08,07,0.0,36.44805,18.740509,2038
8620,r3i1p1f1,2038,08,08,0.12317309859843756,33.544483,17.176323,2038
8621,r3i1p1f1,2038,08,09,0.09840596031581024,33.3316,15.819949,2038
8622,r3i1p1f1,2038,08,10,0.0,32.394135,14.8350725,2038
8623,r3i1p1f1,2038,08,11,0.0,35.705296,16.123917,2038
8624,r3i1p1f1,2038,08,12,0.004431665094505826,37.74366,17.302013,2038
8625,r3i1p1f1,2038,08,13,0.5313844758325793,37.808853,20.176853,2038
8626,r3i1p1f1,2038,08,14,1.0575669058633856,38.120174,17.712006,2038
8627,r3i1p1f1,2038,08,15,0.2620157254612864,36.316757,18.111206,2038
8628,r3i1p1f1,2038,08,16,0.0,34.356697,16.213661,2038
8629,r3i1p1f1,2038,08,17,0.42833392047076346,32.38888,15.460336,2038
8630,r3i1p1f1,2038,08,18,0.06656737665638723,30.345823,13.219238,2038
8631,r3i1p1f1,2038,08,19,0.6042207879495849,29.949852,13.787145,2038
8632,r3i1p1f1,2038,08,20,0.0046145051469052715,30.469234,12.851438,2038
8633,r3i1p1f1,2038,08,21,0.0,32.852417,14.4471,2038
8634,r3i1p1f1,2038,08,22,0.0,32.994476,13.908907,2038
8635,r3i1p1f1,2038,08,23,0.01963828521680129,30.54851,15.97123,2038
8636,r3i1p1f1,2038,08,24,0.43125106537252467,32.004498,14.745965,2038
8637,r3i1p1f1,2038,08,25,0.19663094987415455,33.852444,15.964399,2038
8638,r3i1p1f1,2038,08,26,0.07059685216407877,35.10973,17.03577,2038
8639,r3i1p1f1,2038,08,27,0.0009680966225763162,35.812943,18.201431,2038
8640,r3i1p1f1,2038,08,28,0.00010316180454207246,35.51581,18.061024,2038
8641,r3i1p1f1,2038,08,29,0.0,36.10456,15.7746,2038
8642,r3i1p1f1,2038,08,30,0.0,36.425724,16.724457,2038
8643,r3i1p1f1,2038,08,31,0.0,36.10245,16.437706,2038
8644,r3i1p1f1,2038,09,01,0.0,34.787624,16.73965,2038
8645,r3i1p1f1,2038,09,02,0.0,32.571465,15.898427,2038
8646,r3i1p1f1,2038,09,03,0.0,32.948914,16.468813,2038
8647,r3i1p1f1,2038,09,04,0.0,34.456768,16.498535,2038
8648,r3i1p1f1,2038,09,05,0.0,35.44251,16.422955,2038
8649,r3i1p1f1,2038,09,06,0.0005466501214400386,34.745533,16.220427,2038
8650,r3i1p1f1,2038,09,07,6.949540516926032e-05,34.084232,16.70872,2038
8651,r3i1p1f1,2038,09,08,0.0,33.42368,15.920012,2038
8652,r3i1p1f1,2038,09,09,5.5783192775296896e-05,34.716568,16.255148,2038
8653,r3i1p1f1,2038,09,10,0.11988924181037652,35.438755,16.473223,2038
8654,r3i1p1f1,2038,09,11,0.013450007074535471,35.732044,18.013794,2038
8655,r3i1p1f1,2038,09,12,1.284955019223024,35.250954,17.661427,2038
8656,r3i1p1f1,2038,09,13,0.0006626344067185665,34.52543,16.871061,2038
8657,r3i1p1f1,2038,09,14,0.005014520314888972,34.127552,15.688759,2038
8658,r3i1p1f1,2038,09,15,0.004229070074154261,36.164177,15.8173065,2038
8659,r3i1p1f1,2038,09,16,2.680083323207465,34.898144,17.043304,2038
8660,r3i1p1f1,2038,09,17,8.065006002609746,30.743172,15.724558,2038
8661,r3i1p1f1,2038,09,18,1.1133193376934452,29.77131,15.1611185,2038
8662,r3i1p1f1,2038,09,19,0.0,25.959953,10.980713,2038
8663,r3i1p1f1,2038,09,20,0.0,25.44703,10.111905,2038
8664,r3i1p1f1,2038,09,21,0.0,25.793106,9.709492,2038
8665,r3i1p1f1,2038,09,22,0.0,25.953897,10.00026,2038
8666,r3i1p1f1,2038,09,23,0.0,24.807766,7.958501,2038
8667,r3i1p1f1,2038,09,24,0.0,24.26167,6.4744596,2038
8668,r3i1p1f1,2038,09,25,0.0,25.782398,8.077105,2038
8669,r3i1p1f1,2038,09,26,0.0,29.379118,11.019344,2038
8670,r3i1p1f1,2038,09,27,0.0,28.133606,11.997789,2038
8671,r3i1p1f1,2038,09,28,0.0,28.78983,10.2823925,2038
8672,r3i1p1f1,2038,09,29,0.0,32.933956,12.396628,2038
8673,r3i1p1f1,2038,09,30,0.0,32.447227,13.648933,2038
8674,r3i1p1f1,2038,10,01,0.0,33.628815,15.34537,2038
8675,r3i1p1f1,2038,10,02,0.03710534683760312,33.42432,17.607542,2038
8676,r3i1p1f1,2038,10,03,0.23179877270277674,33.232533,16.176485,2038
8677,r3i1p1f1,2038,10,04,0.2180805902621201,33.7285,16.889627,2038
8678,r3i1p1f1,2038,10,05,0.002733114260164174,33.318832,14.971419,2038
8679,r3i1p1f1,2038,10,06,0.0,32.05914,15.530188,2038
8680,r3i1p1f1,2038,10,07,0.0,34.031513,13.861817,2038
8681,r3i1p1f1,2038,10,08,0.19926794045728236,33.087894,14.971917,2038
8682,r3i1p1f1,2038,10,09,0.5698589194909084,31.399536,14.704919,2038
8683,r3i1p1f1,2038,10,10,0.028073443470268765,32.022816,14.00309,2038
8684,r3i1p1f1,2038,10,11,0.0,32.154087,14.006408,2038
8685,r3i1p1f1,2038,10,12,0.0,31.374779,13.816583,2038
8686,r3i1p1f1,2038,10,13,0.0,29.568045,12.077805,2038
8687,r3i1p1f1,2038,10,14,0.0,26.072977,11.259105,2038
8688,r3i1p1f1,2038,10,15,0.5631571519227168,21.239346,9.16918,2038
8689,r3i1p1f1,2038,10,16,0.16020259576841703,20.62479,7.08475,2038
8690,r3i1p1f1,2038,10,17,0.03995465073261805,23.544844,7.1222134,2038
8691,r3i1p1f1,2038,10,18,0.0,24.730207,8.389329,2038
8692,r3i1p1f1,2038,10,19,0.0,25.775393,10.278767,2038
8693,r3i1p1f1,2038,10,20,0.0,24.431622,8.2339325,2038
8694,r3i1p1f1,2038,10,21,0.0,21.893272,7.5167527,2038
8695,r3i1p1f1,2038,10,22,0.03383543963674597,20.812927,6.07256,2038
8696,r3i1p1f1,2038,10,23,0.012167761907965707,19.334362,4.2301884,2038
8697,r3i1p1f1,2038,10,24,0.0,19.135735,4.0924807,2038
8698,r3i1p1f1,2038,10,25,0.0,19.919441,4.247319,2038
8699,r3i1p1f1,2038,10,26,0.0,23.789005,5.811746,2038
8700,r3i1p1f1,2038,10,27,0.0,25.700048,7.7469196,2038
8701,r3i1p1f1,2038,10,28,0.0,28.476501,9.334973,2038
8702,r3i1p1f1,2038,10,29,0.0,27.4859,8.383046,2038
8703,r3i1p1f1,2038,10,30,0.0037504489018553586,23.735428,7.415993,2038
8704,r3i1p1f1,2038,10,31,0.0,20.228544,6.438297,2038
8705,r3i1p1f1,2038,11,01,0.0,22.388184,6.7879357,2038
8706,r3i1p1f1,2038,11,02,0.0,25.841667,8.264063,2038
8707,r3i1p1f1,2038,11,03,0.010083641999782149,22.306328,8.001575,2038
8708,r3i1p1f1,2038,11,04,0.0,20.545559,7.363938,2038
8709,r3i1p1f1,2038,11,05,0.0,21.113382,5.20645,2038
8710,r3i1p1f1,2038,11,06,0.0,21.01708,5.3693285,2038
8711,r3i1p1f1,2038,11,07,0.011257915307810023,21.577553,6.206776,2038
8712,r3i1p1f1,2038,11,08,0.0,20.192408,4.810652,2038
8713,r3i1p1f1,2038,11,09,0.0,19.859947,4.3733025,2038
8714,r3i1p1f1,2038,11,10,0.024469936206790437,20.209051,4.0311756,2038
8715,r3i1p1f1,2038,11,11,15.481153439719822,19.079102,6.8502727,2038
8716,r3i1p1f1,2038,11,12,5.793414313855699,15.116738,6.1796103,2038
8717,r3i1p1f1,2038,11,13,0.010676728244024243,13.518345,2.233581,2038
8718,r3i1p1f1,2038,11,14,0.0,15.794316,2.458601,2038
8719,r3i1p1f1,2038,11,15,0.004081803137634062,17.786629,3.3281612,2038
8720,r3i1p1f1,2038,11,16,0.46335439207530615,17.059599,5.3325696,2038
8721,r3i1p1f1,2038,11,17,0.0,15.92914,1.5844517,2038
8722,r3i1p1f1,2038,11,18,0.0,15.610943,1.4574878,2038
8723,r3i1p1f1,2038,11,19,0.0,18.91814,4.1634684,2038
8724,r3i1p1f1,2038,11,20,0.0,16.74296,3.7576253,2038
8725,r3i1p1f1,2038,11,21,7.5264286490936225,17.374796,5.605381,2038
8726,r3i1p1f1,2038,11,22,8.975685183320435,17.81392,7.213664,2038
8727,r3i1p1f1,2038,11,23,8.578596201526429,19.160887,6.1531897,2038
8728,r3i1p1f1,2038,11,24,3.818369671334398,17.831566,6.305273,2038
8729,r3i1p1f1,2038,11,25,1.6145614708881166,16.245304,3.6881208,2038
8730,r3i1p1f1,2038,11,26,0.04529926465527916,14.386341,0.8153419,2038
8731,r3i1p1f1,2038,11,27,2.059029800270075,13.361053,4.832664,2038
8732,r3i1p1f1,2038,11,28,41.646650276556045,12.949444,4.508582,2038
8733,r3i1p1f1,2038,11,29,1.9941371050096928,9.872747,-1.4584476,2038
8734,r3i1p1f1,2038,11,30,2.4458603694151724,10.59736,-1.3980219,2038
8735,r3i1p1f1,2038,12,01,0.0,10.965065,-2.8207107,2038
8736,r3i1p1f1,2038,12,02,0.0,10.01277,-3.2484865,2038
8737,r3i1p1f1,2038,12,03,2.5686704401855285,8.917219,-0.4600394,2038
8738,r3i1p1f1,2038,12,04,0.009082110263989307,4.049098,-2.2335217,2038
8739,r3i1p1f1,2038,12,05,2.325512754896305,5.8534756,-2.4586587,2038
8740,r3i1p1f1,2038,12,06,0.0,6.7734876,-7.4810123,2038
8741,r3i1p1f1,2038,12,07,0.0,8.155846,-6.101345,2038
8742,r3i1p1f1,2038,12,08,0.0001609624561035272,7.7933598,-5.9556065,2038
8743,r3i1p1f1,2038,12,09,2.3272879274218488,8.631306,-0.83902425,2038
8744,r3i1p1f1,2038,12,10,0.0,7.500438,-2.8194249,2038
8745,r3i1p1f1,2038,12,11,0.0,9.028884,-4.290756,2038
8746,r3i1p1f1,2038,12,12,0.0,9.709757,-3.4391792,2038
8747,r3i1p1f1,2038,12,13,0.0,9.085465,-4.174483,2038
8748,r3i1p1f1,2038,12,14,0.0,8.738883,-4.3132005,2038
8749,r3i1p1f1,2038,12,15,0.0,11.1182165,-1.909898,2038
8750,r3i1p1f1,2038,12,16,0.0,10.438311,-2.3376944,2038
8751,r3i1p1f1,2038,12,17,0.0,8.892813,-3.8206391,2038
8752,r3i1p1f1,2038,12,18,0.0,7.493822,-6.2678537,2038
8753,r3i1p1f1,2038,12,19,0.0,10.1322155,-4.107443,2038
8754,r3i1p1f1,2038,12,20,0.0,11.907757,-2.3638937,2038
8755,r3i1p1f1,2038,12,21,0.0,11.216651,-2.9375014,2038
8756,r3i1p1f1,2038,12,22,0.0,11.719563,-2.0188305,2038
8757,r3i1p1f1,2038,12,23,0.0,13.31042,-0.25195235,2038
8758,r3i1p1f1,2038,12,24,0.0,13.454316,-0.20917016,2038
8759,r3i1p1f1,2038,12,25,0.0,15.992768,1.5779126,2038
8760,r3i1p1f1,2038,12,26,0.0,14.603413,1.7315997,2038
8761,r3i1p1f1,2038,12,27,0.0,15.911052,3.0650687,2038
8762,r3i1p1f1,2038,12,28,0.0,15.288829,1.0626272,2038
8763,r3i1p1f1,2038,12,29,0.004074254829902202,13.592656,1.9541504,2038
8764,r3i1p1f1,2038,12,30,0.042590749450909876,10.840702,1.935003,2038
8765,r3i1p1f1,2038,12,31,0.0,10.546972,-0.34524179,2038
8766,r3i1p1f1,2039,01,01,0.0,12.420491,0.6239816,2039
8767,r3i1p1f1,2039,01,02,0.0,14.2392,2.3318138,2039
8768,r3i1p1f1,2039,01,03,0.0,15.366649,1.0026139,2039
8769,r3i1p1f1,2039,01,04,0.0,16.993801,1.55992,2039
8770,r3i1p1f1,2039,01,05,0.0,17.77619,2.4118292,2039
8771,r3i1p1f1,2039,01,06,0.0,18.027533,2.6144261,2039
8772,r3i1p1f1,2039,01,07,0.0,17.299109,2.409322,2039
8773,r3i1p1f1,2039,01,08,16.036839811107104,16.337006,3.986809,2039
8774,r3i1p1f1,2039,01,09,51.598178508822016,11.672405,8.578139,2039
8775,r3i1p1f1,2039,01,10,27.933191946940497,11.349414,3.1701477,2039
8776,r3i1p1f1,2039,01,11,3.979413692201861,10.293678,0.7963767,2039
8777,r3i1p1f1,2039,01,12,0.0,10.846182,-1.0992339,2039
8778,r3i1p1f1,2039,01,13,0.5680200830669712,10.712647,0.7624521,2039
8779,r3i1p1f1,2039,01,14,0.0,10.916151,-0.47145033,2039
8780,r3i1p1f1,2039,01,15,0.0,11.641631,-0.14924107,2039
8781,r3i1p1f1,2039,01,16,0.0,11.139386,-1.5058167,2039
8782,r3i1p1f1,2039,01,17,0.0,10.316123,-2.3758645,2039
8783,r3i1p1f1,2039,01,18,0.0,9.969268,-2.6467822,2039
8784,r3i1p1f1,2039,01,19,0.0,9.414843,-3.6737163,2039
8785,r3i1p1f1,2039,01,20,0.0,9.347563,-4.0506473,2039
8786,r3i1p1f1,2039,01,21,2.425884864888124,9.610848,0.8636604,2039
8787,r3i1p1f1,2039,01,22,0.04889819022399465,13.540732,2.8456848,2039
8788,r3i1p1f1,2039,01,23,0.39074436885019886,13.586792,4.336847,2039
8789,r3i1p1f1,2039,01,24,0.1910144428747475,12.603542,4.546339,2039
8790,r3i1p1f1,2039,01,25,0.0,11.843127,-0.05525283,2039
8791,r3i1p1f1,2039,01,26,0.0,13.040984,-0.7224763,2039
8792,r3i1p1f1,2039,01,27,0.0,14.177451,1.1539456,2039
8793,r3i1p1f1,2039,01,28,0.0,14.831689,0.9412113,2039
8794,r3i1p1f1,2039,01,29,0.0,17.394806,2.968584,2039
8795,r3i1p1f1,2039,01,30,0.0,18.787693,4.2027698,2039
8796,r3i1p1f1,2039,01,31,0.0,18.860817,3.831585,2039
8797,r3i1p1f1,2039,02,01,0.0,18.223331,4.740847,2039
8798,r3i1p1f1,2039,02,02,0.0,19.44201,5.048087,2039
8799,r3i1p1f1,2039,02,03,0.0,20.53891,5.620504,2039
8800,r3i1p1f1,2039,02,04,0.004978903055995364,19.746819,4.837058,2039
8801,r3i1p1f1,2039,02,05,0.04357036538556602,17.3886,4.413884,2039
8802,r3i1p1f1,2039,02,06,5.930907724991399,13.794258,6.308138,2039
8803,r3i1p1f1,2039,02,07,0.46529274745394517,12.85279,3.8566647,2039
8804,r3i1p1f1,2039,02,08,0.0,11.251769,-0.19132508,2039
8805,r3i1p1f1,2039,02,09,0.09128483197965773,10.975532,0.55697626,2039
8806,r3i1p1f1,2039,02,10,0.3927786265073034,11.305206,-1.7718666,2039
8807,r3i1p1f1,2039,02,11,0.11681141637161614,11.707494,-0.9014043,2039
8808,r3i1p1f1,2039,02,12,0.0,10.648011,-1.1521297,2039
8809,r3i1p1f1,2039,02,13,0.03584211687253132,10.256197,0.6421429,2039
8810,r3i1p1f1,2039,02,14,2.7583605771128945,10.346614,1.0814009,2039
8811,r3i1p1f1,2039,02,15,1.136032391089457,13.286013,0.4559362,2039
8812,r3i1p1f1,2039,02,16,20.266556370505977,12.774401,2.629143,2039
8813,r3i1p1f1,2039,02,17,4.118546039846313,13.091749,2.6489162,2039
8814,r3i1p1f1,2039,02,18,13.971788595825439,13.090342,5.4054513,2039
8815,r3i1p1f1,2039,02,19,25.13862581840702,13.744869,3.6285927,2039
8816,r3i1p1f1,2039,02,20,0.12144083196207331,12.4116335,0.025776865,2039
8817,r3i1p1f1,2039,02,21,10.680999856534376,11.838633,3.6944318,2039
8818,r3i1p1f1,2039,02,22,6.488846900058641,13.477897,2.740632,2039
8819,r3i1p1f1,2039,02,23,0.0,17.488794,1.2586128,2039
8820,r3i1p1f1,2039,02,24,0.0012686297960692282,17.617777,3.2079818,2039
8821,r3i1p1f1,2039,02,25,21.866667892472556,15.706401,5.0931716,2039
8822,r3i1p1f1,2039,02,26,4.261462028532123,9.908811,-1.5814414,2039
8823,r3i1p1f1,2039,02,27,0.7931295041238297,11.082025,1.3469198,2039
8824,r3i1p1f1,2039,02,28,0.01388448442660526,13.563801,2.5862083,2039
8825,r3i1p1f1,2039,03,01,0.0746485215892211,14.465978,1.4147555,2039
8826,r3i1p1f1,2039,03,02,0.0,16.753462,-2.1109247,2039
8827,r3i1p1f1,2039,03,03,0.0,16.025667,2.8613105,2039
8828,r3i1p1f1,2039,03,04,0.0,17.426195,0.40487087,2039
8829,r3i1p1f1,2039,03,05,0.060199238832314164,17.965397,4.5463586,2039
8830,r3i1p1f1,2039,03,06,15.679744025670296,15.537837,4.8088026,2039
8831,r3i1p1f1,2039,03,07,0.6256775533025078,13.351086,0.39075583,2039
8832,r3i1p1f1,2039,03,08,0.10197867986844909,16.592299,-0.0138083855,2039
8833,r3i1p1f1,2039,03,09,0.627319483982953,15.677571,5.4139056,2039
8834,r3i1p1f1,2039,03,10,0.38993505313611065,14.692846,3.1100779,2039
8835,r3i1p1f1,2039,03,11,0.07555400519887565,15.611855,0.893764,2039
8836,r3i1p1f1,2039,03,12,0.0029328739302317526,16.448475,3.305635,2039
8837,r3i1p1f1,2039,03,13,0.837340435186475,16.523624,4.487867,2039
8838,r3i1p1f1,2039,03,14,4.159678558617915,13.504691,3.9407713,2039
8839,r3i1p1f1,2039,03,15,2.1946409313959796,13.215253,1.1977779,2039
8840,r3i1p1f1,2039,03,16,0.00729215410749682,16.43488,0.70926636,2039
8841,r3i1p1f1,2039,03,17,0.0,19.775719,2.8735666,2039
8842,r3i1p1f1,2039,03,18,0.004583956521828165,18.573095,6.012312,2039
8843,r3i1p1f1,2039,03,19,0.14507416547460547,16.19882,3.2543132,2039
8844,r3i1p1f1,2039,03,20,10.226018813017149,16.766972,5.4410105,2039
8845,r3i1p1f1,2039,03,21,0.0,19.922365,3.9223633,2039
8846,r3i1p1f1,2039,03,22,6.083501702146763,17.888226,4.6159353,2039
8847,r3i1p1f1,2039,03,23,8.251467412123791,13.007514,4.9885993,2039
8848,r3i1p1f1,2039,03,24,0.3365921901202069,13.035855,4.1760955,2039
8849,r3i1p1f1,2039,03,25,0.11419568172476086,14.328399,2.637054,2039
8850,r3i1p1f1,2039,03,26,0.04654176163691745,16.804546,1.2359715,2039
8851,r3i1p1f1,2039,03,27,0.03421569137241353,19.02678,3.74223,2039
8852,r3i1p1f1,2039,03,28,0.0,21.057913,4.9290195,2039
8853,r3i1p1f1,2039,03,29,0.09714975608155575,20.318121,7.605346,2039
8854,r3i1p1f1,2039,03,30,0.4341638585460852,14.233806,1.8292153,2039
8855,r3i1p1f1,2039,03,31,0.020656247154075765,14.618868,1.1414479,2039
8856,r3i1p1f1,2039,04,01,0.0003041077324076358,16.263847,0.20306943,2039
8857,r3i1p1f1,2039,04,02,0.04872468302809549,14.908547,1.9407653,2039
8858,r3i1p1f1,2039,04,03,0.02040253161932483,15.952765,1.206785,2039
8859,r3i1p1f1,2039,04,04,0.0,19.434965,0.5254099,2039
8860,r3i1p1f1,2039,04,05,0.0022637312279336834,18.647255,3.3432617,2039
8861,r3i1p1f1,2039,04,06,0.02266315285603262,20.648418,5.5485463,2039
8862,r3i1p1f1,2039,04,07,0.0,25.76138,6.8739924,2039
8863,r3i1p1f1,2039,04,08,0.033629697422976744,24.242537,7.763696,2039
8864,r3i1p1f1,2039,04,09,0.005372171639685279,17.824018,3.400122,2039
8865,r3i1p1f1,2039,04,10,0.05588143189952737,17.120813,4.85682,2039
8866,r3i1p1f1,2039,04,11,0.0010742494751783934,19.065966,3.5560937,2039
8867,r3i1p1f1,2039,04,12,0.0,23.365562,4.600656,2039
8868,r3i1p1f1,2039,04,13,0.0,28.645073,9.684065,2039
8869,r3i1p1f1,2039,04,14,0.04673100868592772,27.969587,8.926855,2039
8870,r3i1p1f1,2039,04,15,0.0,22.16916,3.376723,2039
8871,r3i1p1f1,2039,04,16,0.0,22.366608,4.2187753,2039
8872,r3i1p1f1,2039,04,17,0.0,24.202606,5.1122265,2039
8873,r3i1p1f1,2039,04,18,0.0549979490526973,24.089104,8.125328,2039
8874,r3i1p1f1,2039,04,19,0.1529219744076148,21.058992,4.368139,2039
8875,r3i1p1f1,2039,04,20,0.22751521732557609,20.050375,3.068611,2039
8876,r3i1p1f1,2039,04,21,0.0,26.374315,7.297648,2039
8877,r3i1p1f1,2039,04,22,0.0,27.112194,8.94645,2039
8878,r3i1p1f1,2039,04,23,0.00023140125752737126,27.037546,9.208782,2039
8879,r3i1p1f1,2039,04,24,0.0,28.65878,9.443327,2039
8880,r3i1p1f1,2039,04,25,0.0,25.771118,7.930299,2039
8881,r3i1p1f1,2039,04,26,0.0,21.975666,5.5515075,2039
8882,r3i1p1f1,2039,04,27,0.0,23.659067,6.409971,2039
8883,r3i1p1f1,2039,04,28,0.0,25.035255,6.846014,2039
8884,r3i1p1f1,2039,04,29,0.0,28.123466,9.247387,2039
8885,r3i1p1f1,2039,04,30,0.0,28.628918,9.254489,2039
8886,r3i1p1f1,2039,05,01,0.0,23.984789,6.929033,2039
8887,r3i1p1f1,2039,05,02,0.000650330206774401,18.383497,1.7166084,2039
8888,r3i1p1f1,2039,05,03,0.0,23.396032,4.0322585,2039
8889,r3i1p1f1,2039,05,04,0.5721085799737149,22.090609,5.5057645,2039
8890,r3i1p1f1,2039,05,05,2.5979556786345173,15.750659,6.590925,2039
8891,r3i1p1f1,2039,05,06,0.0,22.79421,3.9563434,2039
8892,r3i1p1f1,2039,05,07,0.0,28.936764,10.075112,2039
8893,r3i1p1f1,2039,05,08,0.0,31.841806,13.117413,2039
8894,r3i1p1f1,2039,05,09,0.0,30.335136,11.307051,2039
8895,r3i1p1f1,2039,05,10,0.0,25.944708,7.5825233,2039
8896,r3i1p1f1,2039,05,11,0.0,27.20415,8.890776,2039
8897,r3i1p1f1,2039,05,12,0.0,27.36241,9.468033,2039
8898,r3i1p1f1,2039,05,13,0.11767941001435799,24.36558,5.2759337,2039
8899,r3i1p1f1,2039,05,14,0.07897213692282976,20.20663,5.0963206,2039
8900,r3i1p1f1,2039,05,15,0.0,25.68773,6.530042,2039
8901,r3i1p1f1,2039,05,16,0.0,29.717281,9.509447,2039
8902,r3i1p1f1,2039,05,17,0.0,27.782398,9.678005,2039
8903,r3i1p1f1,2039,05,18,0.006201349826755397,25.149864,5.147736,2039
8904,r3i1p1f1,2039,05,19,0.013019822566120914,20.795076,3.6144753,2039
8905,r3i1p1f1,2039,05,20,0.0065165212832983925,22.43017,3.9544973,2039
8906,r3i1p1f1,2039,05,21,0.0,21.816833,4.491355,2039
8907,r3i1p1f1,2039,05,22,0.0,23.083735,5.419215,2039
8908,r3i1p1f1,2039,05,23,0.0,20.982515,6.269754,2039
8909,r3i1p1f1,2039,05,24,0.00019513787513212512,23.916222,7.5752063,2039
8910,r3i1p1f1,2039,05,25,0.015988717928077236,26.025314,8.9273,2039
8911,r3i1p1f1,2039,05,26,8.488757601802938,18.485447,1.5333186,2039
8912,r3i1p1f1,2039,05,27,2.8331313366653155,13.74547,4.3068132,2039
8913,r3i1p1f1,2039,05,28,0.12157899380492215,24.280956,6.1127157,2039
8914,r3i1p1f1,2039,05,29,0.0,29.337545,10.433109,2039
8915,r3i1p1f1,2039,05,30,0.0,31.420578,12.365415,2039
8916,r3i1p1f1,2039,05,31,0.0,33.023716,14.0082,2039
8917,r3i1p1f1,2039,06,01,0.0,33.501114,14.249285,2039
8918,r3i1p1f1,2039,06,02,0.0,33.580006,14.548393,2039
8919,r3i1p1f1,2039,06,03,0.0,31.932047,13.730557,2039
8920,r3i1p1f1,2039,06,04,0.0,31.776606,11.680733,2039
8921,r3i1p1f1,2039,06,05,0.0,32.23653,13.778746,2039
8922,r3i1p1f1,2039,06,06,0.0,32.396088,13.634606,2039
8923,r3i1p1f1,2039,06,07,0.0,30.452812,11.19711,2039
8924,r3i1p1f1,2039,06,08,0.007248963370467677,25.432505,7.779518,2039
8925,r3i1p1f1,2039,06,09,0.022107284334417658,26.938011,8.739654,2039
8926,r3i1p1f1,2039,06,10,0.004233630289408294,30.81534,11.383026,2039
8927,r3i1p1f1,2039,06,11,0.0,30.306551,11.816432,2039
8928,r3i1p1f1,2039,06,12,0.0,30.802185,11.316612,2039
8929,r3i1p1f1,2039,06,13,0.0,29.977575,11.085023,2039
8930,r3i1p1f1,2039,06,14,0.0,29.724483,11.627525,2039
8931,r3i1p1f1,2039,06,15,0.0,32.16269,13.553874,2039
8932,r3i1p1f1,2039,06,16,0.0,34.869858,14.826323,2039
8933,r3i1p1f1,2039,06,17,0.0,36.92754,15.728494,2039
8934,r3i1p1f1,2039,06,18,0.0,36.898045,15.820808,2039
8935,r3i1p1f1,2039,06,19,0.0,36.44303,17.450298,2039
8936,r3i1p1f1,2039,06,20,0.0,36.973534,17.514877,2039
8937,r3i1p1f1,2039,06,21,0.0,37.47433,17.162266,2039
8938,r3i1p1f1,2039,06,22,0.0,36.57703,15.926761,2039
8939,r3i1p1f1,2039,06,23,0.0,31.813745,12.819613,2039
8940,r3i1p1f1,2039,06,24,0.0,30.69169,12.076143,2039
8941,r3i1p1f1,2039,06,25,0.0,30.883467,13.263569,2039
8942,r3i1p1f1,2039,06,26,0.0024971392739451294,29.964766,12.555624,2039
8943,r3i1p1f1,2039,06,27,0.0,29.746199,11.309096,2039
8944,r3i1p1f1,2039,06,28,0.0,30.568329,11.570812,2039
8945,r3i1p1f1,2039,06,29,0.0,32.435608,13.091528,2039
8946,r3i1p1f1,2039,06,30,0.0,32.40884,13.396617,2039
8947,r3i1p1f1,2039,07,01,0.0,30.738874,12.495321,2039
8948,r3i1p1f1,2039,07,02,0.01172601392626706,31.629013,13.689554,2039
8949,r3i1p1f1,2039,07,03,0.0,34.62466,15.141174,2039
8950,r3i1p1f1,2039,07,04,0.0,34.65281,16.128763,2039
8951,r3i1p1f1,2039,07,05,0.0,32.877354,13.745221,2039
8952,r3i1p1f1,2039,07,06,0.0,33.09122,13.650365,2039
8953,r3i1p1f1,2039,07,07,0.0,34.128834,14.985485,2039
8954,r3i1p1f1,2039,07,08,0.0,34.656116,16.27766,2039
8955,r3i1p1f1,2039,07,09,0.012539857345858984,35.235065,16.723244,2039
8956,r3i1p1f1,2039,07,10,0.0,34.708263,15.444404,2039
8957,r3i1p1f1,2039,07,11,0.0,33.394787,15.159049,2039
8958,r3i1p1f1,2039,07,12,0.0,34.695206,16.441267,2039
8959,r3i1p1f1,2039,07,13,0.0,36.2085,16.662527,2039
8960,r3i1p1f1,2039,07,14,0.0,35.55369,16.48963,2039
8961,r3i1p1f1,2039,07,15,0.0,34.56141,15.3776865,2039
8962,r3i1p1f1,2039,07,16,0.0,32.987667,14.555768,2039
8963,r3i1p1f1,2039,07,17,0.0,32.87693,14.536563,2039
8964,r3i1p1f1,2039,07,18,0.0,33.750984,15.992896,2039
8965,r3i1p1f1,2039,07,19,0.0,32.668137,15.820854,2039
8966,r3i1p1f1,2039,07,20,0.0,34.24444,16.413437,2039
8967,r3i1p1f1,2039,07,21,0.0,37.590904,17.264452,2039
8968,r3i1p1f1,2039,07,22,0.0,38.076183,18.218891,2039
8969,r3i1p1f1,2039,07,23,0.0,38.057865,18.558786,2039
8970,r3i1p1f1,2039,07,24,0.0,38.357136,18.464169,2039
8971,r3i1p1f1,2039,07,25,0.0,37.524605,18.69846,2039
8972,r3i1p1f1,2039,07,26,0.0,33.589283,17.95193,2039
8973,r3i1p1f1,2039,07,27,0.0,37.04576,17.167585,2039
8974,r3i1p1f1,2039,07,28,0.0,37.506786,17.78141,2039
8975,r3i1p1f1,2039,07,29,0.008342861000335577,36.80423,18.695099,2039
8976,r3i1p1f1,2039,07,30,0.0501803327775137,37.761078,19.202244,2039
8977,r3i1p1f1,2039,07,31,0.2394852823944706,37.150467,19.77157,2039
8978,r3i1p1f1,2039,08,01,0.28615319794467226,37.27373,18.630066,2039
8979,r3i1p1f1,2039,08,02,0.4748366011931053,36.999413,19.16816,2039
8980,r3i1p1f1,2039,08,03,0.0,35.069164,17.128027,2039
8981,r3i1p1f1,2039,08,04,0.0,36.391174,17.665422,2039
8982,r3i1p1f1,2039,08,05,0.0,36.577393,17.429258,2039
8983,r3i1p1f1,2039,08,06,0.3093586268457302,35.81679,17.528345,2039
8984,r3i1p1f1,2039,08,07,1.174818011076599,34.64263,17.858229,2039
8985,r3i1p1f1,2039,08,08,0.05189027007542212,34.899918,18.102842,2039
8986,r3i1p1f1,2039,08,09,0.28719412479514367,34.033516,16.601593,2039
8987,r3i1p1f1,2039,08,10,0.020225475909131947,32.86179,15.366412,2039
8988,r3i1p1f1,2039,08,11,0.0,33.581974,15.084475,2039
8989,r3i1p1f1,2039,08,12,0.0,36.30534,15.904791,2039
8990,r3i1p1f1,2039,08,13,0.0,37.443554,17.136875,2039
8991,r3i1p1f1,2039,08,14,0.0,37.994884,17.4511,2039
8992,r3i1p1f1,2039,08,15,0.0,36.991394,16.89828,2039
8993,r3i1p1f1,2039,08,16,0.0,36.346733,16.740664,2039
8994,r3i1p1f1,2039,08,17,0.0,35.103065,15.305103,2039
8995,r3i1p1f1,2039,08,18,0.0,33.329433,13.446541,2039
8996,r3i1p1f1,2039,08,19,0.0,31.40194,12.565878,2039
8997,r3i1p1f1,2039,08,20,0.0,30.964472,12.637886,2039
8998,r3i1p1f1,2039,08,21,0.0,29.766415,12.001892,2039
8999,r3i1p1f1,2039,08,22,0.0,28.859184,11.165082,2039
9000,r3i1p1f1,2039,08,23,0.0011805485877575297,28.041986,10.818191,2039
9001,r3i1p1f1,2039,08,24,0.0,29.55376,11.559302,2039
9002,r3i1p1f1,2039,08,25,0.010222047637922295,29.451263,12.195733,2039
9003,r3i1p1f1,2039,08,26,0.001108728518540209,29.808113,12.735669,2039
9004,r3i1p1f1,2039,08,27,0.0,32.138824,13.489936,2039
9005,r3i1p1f1,2039,08,28,0.0,33.681095,13.588882,2039
9006,r3i1p1f1,2039,08,29,0.0,35.649097,14.748639,2039
9007,r3i1p1f1,2039,08,30,0.003330552541283947,35.349087,16.821533,2039
9008,r3i1p1f1,2039,08,31,0.0,35.403114,15.242102,2039
9009,r3i1p1f1,2039,09,01,0.0,34.635426,17.79965,2039
9010,r3i1p1f1,2039,09,02,0.0,33.91678,15.715711,2039
9011,r3i1p1f1,2039,09,03,0.0,32.038147,13.903972,2039
9012,r3i1p1f1,2039,09,04,0.0,30.1289,11.557578,2039
9013,r3i1p1f1,2039,09,05,0.0,30.570084,12.903281,2039
9014,r3i1p1f1,2039,09,06,0.0,30.3422,13.939078,2039
9015,r3i1p1f1,2039,09,07,0.0,28.967506,13.148799,2039
9016,r3i1p1f1,2039,09,08,0.0,27.514671,10.546719,2039
9017,r3i1p1f1,2039,09,09,0.0,31.9625,13.03495,2039
9018,r3i1p1f1,2039,09,10,0.0,33.437008,14.4983635,2039
9019,r3i1p1f1,2039,09,11,0.0,33.944088,15.097534,2039
9020,r3i1p1f1,2039,09,12,0.0,33.594986,14.501654,2039
9021,r3i1p1f1,2039,09,13,0.0,32.565254,14.381469,2039
9022,r3i1p1f1,2039,09,14,0.0,32.086987,13.606269,2039
9023,r3i1p1f1,2039,09,15,0.005183402646445867,31.37704,13.683082,2039
9024,r3i1p1f1,2039,09,16,0.0,33.519352,14.838513,2039
9025,r3i1p1f1,2039,09,17,0.0,34.91959,15.797979,2039
9026,r3i1p1f1,2039,09,18,0.0,34.014687,15.262481,2039
9027,r3i1p1f1,2039,09,19,0.0,32.005272,13.799618,2039
9028,r3i1p1f1,2039,09,20,0.0,32.94118,14.196757,2039
9029,r3i1p1f1,2039,09,21,0.0,31.639877,14.966517,2039
9030,r3i1p1f1,2039,09,22,1.6020061881965486,26.969273,13.335668,2039
9031,r3i1p1f1,2039,09,23,0.027229928413307236,22.145374,6.358343,2039
9032,r3i1p1f1,2039,09,24,0.0,26.929192,8.939245,2039
9033,r3i1p1f1,2039,09,25,0.0,28.810488,11.4888935,2039
9034,r3i1p1f1,2039,09,26,0.0,26.349432,9.377761,2039
9035,r3i1p1f1,2039,09,27,0.0,23.829956,8.707478,2039
9036,r3i1p1f1,2039,09,28,0.0,31.049868,12.037435,2039
9037,r3i1p1f1,2039,09,29,0.0,34.206894,15.159126,2039
9038,r3i1p1f1,2039,09,30,0.0,34.500248,15.771433,2039
9039,r3i1p1f1,2039,10,01,0.0,34.607006,15.153925,2039
9040,r3i1p1f1,2039,10,02,0.0,35.321167,15.153546,2039
9041,r3i1p1f1,2039,10,03,0.0,34.62211,15.382298,2039
9042,r3i1p1f1,2039,10,04,0.0,34.13446,15.330021,2039
9043,r3i1p1f1,2039,10,05,0.0,30.815018,12.031399,2039
9044,r3i1p1f1,2039,10,06,0.0,27.73859,10.543602,2039
9045,r3i1p1f1,2039,10,07,0.0,30.930634,12.433402,2039
9046,r3i1p1f1,2039,10,08,0.0,31.922728,12.677687,2039
9047,r3i1p1f1,2039,10,09,0.0,31.664864,12.655394,2039
9048,r3i1p1f1,2039,10,10,0.0,29.844189,11.177839,2039
9049,r3i1p1f1,2039,10,11,0.0,27.30379,9.29431,2039
9050,r3i1p1f1,2039,10,12,11.086016976917039,23.13624,9.316023,2039
9051,r3i1p1f1,2039,10,13,11.243837147815087,20.075933,7.3972106,2039
9052,r3i1p1f1,2039,10,14,13.93696202087278,18.07339,8.363351,2039
9053,r3i1p1f1,2039,10,15,0.4966031754983388,15.327445,2.9479458,2039
9054,r3i1p1f1,2039,10,16,0.0,17.786636,3.2294874,2039
9055,r3i1p1f1,2039,10,17,0.0,19.942678,4.5655885,2039
9056,r3i1p1f1,2039,10,18,0.0,20.604034,5.234843,2039
9057,r3i1p1f1,2039,10,19,0.0,20.939426,5.6598,2039
9058,r3i1p1f1,2039,10,20,0.0,22.24993,6.429014,2039
9059,r3i1p1f1,2039,10,21,0.0,23.349281,7.779249,2039
9060,r3i1p1f1,2039,10,22,0.0,23.922844,8.685095,2039
9061,r3i1p1f1,2039,10,23,0.0,23.827276,8.791254,2039
9062,r3i1p1f1,2039,10,24,0.0,24.216743,8.646021,2039
9063,r3i1p1f1,2039,10,25,0.0,25.140898,9.257319,2039
9064,r3i1p1f1,2039,10,26,0.0,25.875187,9.644307,2039
9065,r3i1p1f1,2039,10,27,0.0,26.513128,9.897428,2039
9066,r3i1p1f1,2039,10,28,0.0,26.860943,10.220824,2039
9067,r3i1p1f1,2039,10,29,0.0,27.945757,9.291271,2039
9068,r3i1p1f1,2039,10,30,0.0,27.223186,9.492125,2039
9069,r3i1p1f1,2039,10,31,0.0,26.137499,8.382899,2039
9070,r3i1p1f1,2039,11,01,0.0,23.791836,8.620246,2039
9071,r3i1p1f1,2039,11,02,0.0,25.251904,7.6066103,2039
9072,r3i1p1f1,2039,11,03,0.0,22.922703,8.153905,2039
9073,r3i1p1f1,2039,11,04,0.0,21.25497,6.2508435,2039
9074,r3i1p1f1,2039,11,05,0.0,23.091564,5.0710955,2039
9075,r3i1p1f1,2039,11,06,0.0,23.078442,6.232446,2039
9076,r3i1p1f1,2039,11,07,0.0,21.023819,2.801276,2039
9077,r3i1p1f1,2039,11,08,0.0,22.168943,5.543368,2039
9078,r3i1p1f1,2039,11,09,0.0,20.484564,6.0411854,2039
9079,r3i1p1f1,2039,11,10,0.0,19.314976,2.8415725,2039
9080,r3i1p1f1,2039,11,11,0.0,20.67787,4.1067114,2039
9081,r3i1p1f1,2039,11,12,0.0,19.287334,4.5230703,2039
9082,r3i1p1f1,2039,11,13,0.0,19.338299,1.776734,2039
9083,r3i1p1f1,2039,11,14,0.0,20.50944,3.482746,2039
9084,r3i1p1f1,2039,11,15,0.0,19.811317,2.0457418,2039
9085,r3i1p1f1,2039,11,16,0.0,20.147268,2.351656,2039
9086,r3i1p1f1,2039,11,17,0.0,22.222494,4.697844,2039
9087,r3i1p1f1,2039,11,18,4.684749065946204,20.268217,5.6909156,2039
9088,r3i1p1f1,2039,11,19,0.0011685416525737805,12.382905,-1.0113628,2039
9089,r3i1p1f1,2039,11,20,0.0,14.311283,-0.57408607,2039
9090,r3i1p1f1,2039,11,21,0.0,16.511135,-0.5429386,2039
9091,r3i1p1f1,2039,11,22,0.0,15.365553,1.0438359,2039
9092,r3i1p1f1,2039,11,23,0.0,17.081863,0.34863573,2039
9093,r3i1p1f1,2039,11,24,0.0,17.910097,1.9990258,2039
9094,r3i1p1f1,2039,11,25,0.0,18.780458,4.605938,2039
9095,r3i1p1f1,2039,11,26,0.0,20.864422,3.1277976,2039
9096,r3i1p1f1,2039,11,27,0.0,23.476942,5.498123,2039
9097,r3i1p1f1,2039,11,28,0.5092024967829771,20.66955,5.9170775,2039
9098,r3i1p1f1,2039,11,29,2.898881126871636,17.9529,7.6833396,2039
9099,r3i1p1f1,2039,11,30,0.5686884407314761,17.487562,6.9186435,2039
9100,r3i1p1f1,2039,12,01,0.0,16.869905,4.1485724,2039
9101,r3i1p1f1,2039,12,02,0.0,17.069475,3.6194575,2039
9102,r3i1p1f1,2039,12,03,0.0,14.8104725,0.7079196,2039
9103,r3i1p1f1,2039,12,04,0.0,12.246252,-2.9089615,2039
9104,r3i1p1f1,2039,12,05,0.0,12.873471,-2.7378733,2039
9105,r3i1p1f1,2039,12,06,0.0,15.547084,-0.38431522,2039
9106,r3i1p1f1,2039,12,07,0.0,16.778454,1.6025391,2039
9107,r3i1p1f1,2039,12,08,0.0,19.277647,4.2886553,2039
9108,r3i1p1f1,2039,12,09,0.0,19.375713,3.6751812,2039
9109,r3i1p1f1,2039,12,10,0.061394842562025806,17.24268,2.9049988,2039
9110,r3i1p1f1,2039,12,11,0.0,11.049792,-2.0554328,2039
9111,r3i1p1f1,2039,12,12,0.017344645422064896,12.6332855,-0.5586529,2039
9112,r3i1p1f1,2039,12,13,0.0,13.393631,-1.4535382,2039
9113,r3i1p1f1,2039,12,14,0.0,12.853593,-2.3820524,2039
9114,r3i1p1f1,2039,12,15,0.0,11.1182575,-4.0995264,2039
9115,r3i1p1f1,2039,12,16,0.0,12.302038,-2.1039305,2039
9116,r3i1p1f1,2039,12,17,0.0,16.855848,0.9158614,2039
9117,r3i1p1f1,2039,12,18,0.0,18.264551,1.8739759,2039
9118,r3i1p1f1,2039,12,19,0.0,18.189497,2.4685583,2039
9119,r3i1p1f1,2039,12,20,0.0,18.595537,2.8274555,2039
9120,r3i1p1f1,2039,12,21,0.0,15.700723,0.091087334,2039
9121,r3i1p1f1,2039,12,22,0.0,13.413165,-1.5853071,2039
9122,r3i1p1f1,2039,12,23,0.0,16.052824,0.24988042,2039
9123,r3i1p1f1,2039,12,24,0.0,14.769666,-1.5444576,2039
9124,r3i1p1f1,2039,12,25,0.0,12.374134,-3.6409247,2039
9125,r3i1p1f1,2039,12,26,0.0,13.512115,-2.5855289,2039
9126,r3i1p1f1,2039,12,27,0.0,17.581245,1.9028698,2039
9127,r3i1p1f1,2039,12,28,0.0,15.69835,0.58828706,2039
9128,r3i1p1f1,2039,12,29,0.0,16.451487,5.129246,2039
9129,r3i1p1f1,2039,12,30,0.0,19.870346,4.1589646,2039
9130,r3i1p1f1,2039,12,31,0.0,20.557148,3.7335956,2039
9131,r3i1p1f1,2040,01,01,0.0,19.702795,4.2549434,2040
9132,r3i1p1f1,2040,01,02,0.0010665446527789093,19.21115,4.5776925,2040
9133,r3i1p1f1,2040,01,03,2.744522595261735,16.916578,4.1954412,2040
9134,r3i1p1f1,2040,01,04,2.8040192693967554,14.573874,3.819079,2040
9135,r3i1p1f1,2040,01,05,0.2508482707931266,14.296098,4.954163,2040
9136,r3i1p1f1,2040,01,06,0.005906859490399559,16.422934,6.078745,2040
9137,r3i1p1f1,2040,01,07,0.0,18.11485,2.8757443,2040
9138,r3i1p1f1,2040,01,08,0.0,19.76332,5.8805943,2040
9139,r3i1p1f1,2040,01,09,0.0330156286134187,18.777126,5.8157887,2040
9140,r3i1p1f1,2040,01,10,0.0,17.542189,5.05715,2040
9141,r3i1p1f1,2040,01,11,0.0,17.560434,4.2335606,2040
9142,r3i1p1f1,2040,01,12,0.0,19.378387,4.518628,2040
9143,r3i1p1f1,2040,01,13,0.0,19.143188,4.718977,2040
9144,r3i1p1f1,2040,01,14,0.8135759614026139,16.63709,5.902036,2040
9145,r3i1p1f1,2040,01,15,0.39427662144755066,12.522736,3.0324426,2040
9146,r3i1p1f1,2040,01,16,0.0,15.785017,2.9233809,2040
9147,r3i1p1f1,2040,01,17,5.698951127035826e-05,15.64919,2.309628,2040
9148,r3i1p1f1,2040,01,18,0.0,15.97191,1.8785608,2040
9149,r3i1p1f1,2040,01,19,0.0,16.177536,1.7604041,2040
9150,r3i1p1f1,2040,01,20,0.37255627746686293,14.67127,2.4889257,2040
9151,r3i1p1f1,2040,01,21,4.303726435821525,13.4307575,2.6987133,2040
9152,r3i1p1f1,2040,01,22,0.09270958037770029,8.765458,-0.1422311,2040
9153,r3i1p1f1,2040,01,23,0.028089211696307317,7.74701,-1.8995199,2040
9154,r3i1p1f1,2040,01,24,0.0,9.725694,-2.957869,2040
9155,r3i1p1f1,2040,01,25,0.0,11.456401,-2.3706927,2040
9156,r3i1p1f1,2040,01,26,0.0,12.737637,-1.5659894,2040
9157,r3i1p1f1,2040,01,27,0.0,14.104821,0.27018568,2040
9158,r3i1p1f1,2040,01,28,1.1101838918991482,14.775842,4.3262444,2040
9159,r3i1p1f1,2040,01,29,0.0,11.159368,-1.5912051,2040
9160,r3i1p1f1,2040,01,30,0.8675678492506973,8.315672,-1.4475964,2040
9161,r3i1p1f1,2040,01,31,0.0,8.313501,-7.063743,2040
9162,r3i1p1f1,2040,02,01,0.0,9.771158,-3.8201697,2040
9163,r3i1p1f1,2040,02,02,0.0010136850037132249,8.705953,-3.051727,2040
9164,r3i1p1f1,2040,02,03,2.34646433871052,8.37058,0.66967463,2040
9165,r3i1p1f1,2040,02,04,4.791092189745651,10.645078,0.70591366,2040
9166,r3i1p1f1,2040,02,05,0.40370069530168123,12.785168,4.066508,2040
9167,r3i1p1f1,2040,02,06,0.0,13.3892765,-1.9840914,2040
9168,r3i1p1f1,2040,02,07,0.03740385294749461,13.527738,-0.360588,2040
9169,r3i1p1f1,2040,02,08,8.439428190567098,11.715178,3.4434352,2040
9170,r3i1p1f1,2040,02,09,0.8285252903718201,12.74932,-0.19553275,2040
9171,r3i1p1f1,2040,02,10,0.09571989626265624,11.270881,0.4243697,2040
9172,r3i1p1f1,2040,02,11,18.927400811878737,10.894928,2.9301229,2040
9173,r3i1p1f1,2040,02,12,4.235948321131053,11.076527,-0.7627823,2040
9174,r3i1p1f1,2040,02,13,0.0010570580718305075,10.742312,-1.7145628,2040
9175,r3i1p1f1,2040,02,14,3.4426552519603733,10.510327,0.4396192,2040
9176,r3i1p1f1,2040,02,15,1.8233275196810912,11.66178,-0.3592225,2040
9177,r3i1p1f1,2040,02,16,0.0,12.932627,-0.15539894,2040
9178,r3i1p1f1,2040,02,17,0.0,13.470355,-1.0000442,2040
9179,r3i1p1f1,2040,02,18,0.0,16.554016,1.1045859,2040
9180,r3i1p1f1,2040,02,19,0.0,21.698278,4.6537466,2040
9181,r3i1p1f1,2040,02,20,0.0,22.057795,5.9029965,2040
9182,r3i1p1f1,2040,02,21,0.0,20.92642,7.3233647,2040
9183,r3i1p1f1,2040,02,22,0.0,18.809643,5.8828096,2040
9184,r3i1p1f1,2040,02,23,0.007123448092236437,18.446377,5.2872725,2040
9185,r3i1p1f1,2040,02,24,0.01480399729740439,18.900118,4.728728,2040
9186,r3i1p1f1,2040,02,25,0.0003899959141783642,18.267954,3.940582,2040
9187,r3i1p1f1,2040,02,26,1.65158357925975,17.68004,6.5057735,2040
9188,r3i1p1f1,2040,02,27,1.060540123893025,14.102301,1.5864781,2040
9189,r3i1p1f1,2040,02,28,0.0,17.064636,1.9122788,2040
9190,r3i1p1f1,2040,02,29,3.2114617961082277,17.592617,3.5694222,2040
9191,r3i1p1f1,2040,03,01,5.659219617450479,15.931337,2.0609508,2040
9192,r3i1p1f1,2040,03,02,16.92509922334769,12.869938,4.4997,2040
9193,r3i1p1f1,2040,03,03,36.29831118605304,13.645344,6.661155,2040
9194,r3i1p1f1,2040,03,04,31.631082053984784,15.52806,9.203633,2040
9195,r3i1p1f1,2040,03,05,34.45387754347448,15.523373,7.0734887,2040
9196,r3i1p1f1,2040,03,06,6.7995870032762635,12.967558,3.997879,2040
9197,r3i1p1f1,2040,03,07,0.2613027140928766,15.181517,-0.7569183,2040
9198,r3i1p1f1,2040,03,08,0.030950432128244727,16.527437,2.4224775,2040
9199,r3i1p1f1,2040,03,09,2.0726928380276095,15.909268,4.5391884,2040
9200,r3i1p1f1,2040,03,10,0.08674746164946225,16.636469,2.3811548,2040
9201,r3i1p1f1,2040,03,11,0.0,19.323053,3.267888,2040
9202,r3i1p1f1,2040,03,12,0.4861563600201352,19.252478,5.686753,2040
9203,r3i1p1f1,2040,03,13,0.48453422272345825,17.62776,7.193499,2040
9204,r3i1p1f1,2040,03,14,0.0,17.864347,3.2943592,2040
9205,r3i1p1f1,2040,03,15,0.0,19.156168,3.6262417,2040
9206,r3i1p1f1,2040,03,16,0.0,21.478205,5.817622,2040
9207,r3i1p1f1,2040,03,17,0.0,21.546982,4.4615574,2040
9208,r3i1p1f1,2040,03,18,0.0,21.63203,5.4305987,2040
9209,r3i1p1f1,2040,03,19,0.06569335471739936,21.303188,5.6747966,2040
9210,r3i1p1f1,2040,03,20,0.002936265840562004,23.078972,6.06079,2040
9211,r3i1p1f1,2040,03,21,0.0,22.497896,5.117554,2040
9212,r3i1p1f1,2040,03,22,0.0,23.07198,5.734628,2040
9213,r3i1p1f1,2040,03,23,0.13353148188219743,22.398634,5.6121144,2040
9214,r3i1p1f1,2040,03,24,8.815943759325434,17.171177,3.872405,2040
9215,r3i1p1f1,2040,03,25,14.844203720320806,12.365718,5.864443,2040
9216,r3i1p1f1,2040,03,26,19.30752841028152,14.051447,4.8440332,2040
9217,r3i1p1f1,2040,03,27,2.37562542201362,15.285671,4.134885,2040
9218,r3i1p1f1,2040,03,28,0.06144924322143197,16.914253,1.4822325,2040
9219,r3i1p1f1,2040,03,29,0.0,19.50123,3.8393395,2040
9220,r3i1p1f1,2040,03,30,2.079682063191065,17.250185,2.9130068,2040
9221,r3i1p1f1,2040,03,31,26.796336751995664,14.896393,7.6724153,2040
9222,r3i1p1f1,2040,04,01,2.8555950824463223,14.827117,3.5181842,2040
9223,r3i1p1f1,2040,04,02,0.42359861974050134,17.272573,4.650291,2040
9224,r3i1p1f1,2040,04,03,6.486224317189116,15.101475,4.411289,2040
9225,r3i1p1f1,2040,04,04,0.2976738931840483,11.878585,-0.28438628,2040
9226,r3i1p1f1,2040,04,05,0.0,14.318338,0.06199835,2040
9227,r3i1p1f1,2040,04,06,0.11950194133643174,14.717381,1.3393642,2040
9228,r3i1p1f1,2040,04,07,0.00467778712680394,15.353511,0.45455855,2040
9229,r3i1p1f1,2040,04,08,0.0008791359053275576,19.217049,4.3389764,2040
9230,r3i1p1f1,2040,04,09,0.0,21.148537,6.3973684,2040
9231,r3i1p1f1,2040,04,10,0.0,21.639013,6.9092145,2040
9232,r3i1p1f1,2040,04,11,0.0,22.066526,7.4245353,2040
9233,r3i1p1f1,2040,04,12,0.0,22.869656,6.380079,2040
9234,r3i1p1f1,2040,04,13,0.0,24.286003,6.2180257,2040
9235,r3i1p1f1,2040,04,14,0.0,25.415138,7.881377,2040
9236,r3i1p1f1,2040,04,15,0.0,27.68831,9.081696,2040
9237,r3i1p1f1,2040,04,16,0.0,27.849897,9.193412,2040
9238,r3i1p1f1,2040,04,17,0.0,27.004875,8.366302,2040
9239,r3i1p1f1,2040,04,18,0.0,26.751041,8.116687,2040
9240,r3i1p1f1,2040,04,19,0.0,27.37707,8.957246,2040
9241,r3i1p1f1,2040,04,20,0.0,26.86706,7.768467,2040
9242,r3i1p1f1,2040,04,21,0.10807905984675568,27.905668,9.441467,2040
9243,r3i1p1f1,2040,04,22,0.022886446787390123,29.882063,10.531526,2040
9244,r3i1p1f1,2040,04,23,0.00829887484680071,28.671698,9.974104,2040
9245,r3i1p1f1,2040,04,24,0.05520778496495702,29.532742,9.073594,2040
9246,r3i1p1f1,2040,04,25,0.0,30.371029,9.479653,2040
9247,r3i1p1f1,2040,04,26,0.0,30.971004,9.790687,2040
9248,r3i1p1f1,2040,04,27,0.0,29.96903,9.939451,2040
9249,r3i1p1f1,2040,04,28,0.0,29.6153,10.011141,2040
9250,r3i1p1f1,2040,04,29,0.0,29.166117,11.146408,2040
9251,r3i1p1f1,2040,04,30,0.04204501548277525,27.729094,9.491104,2040
9252,r3i1p1f1,2040,05,01,0.15303056245157318,24.459421,7.99365,2040
9253,r3i1p1f1,2040,05,02,1.3590247113836196,20.090181,6.0074944,2040
9254,r3i1p1f1,2040,05,03,0.7030923181854164,20.300417,5.2491994,2040
9255,r3i1p1f1,2040,05,04,0.14742194350577792,22.832476,5.733242,2040
9256,r3i1p1f1,2040,05,05,0.0,26.636347,7.7582192,2040
9257,r3i1p1f1,2040,05,06,0.0,29.3067,10.355867,2040
9258,r3i1p1f1,2040,05,07,0.0,28.046356,9.572566,2040
9259,r3i1p1f1,2040,05,08,0.0,27.384312,9.617618,2040
9260,r3i1p1f1,2040,05,09,0.0,30.619553,10.85417,2040
9261,r3i1p1f1,2040,05,10,0.0,31.296356,11.870227,2040
9262,r3i1p1f1,2040,05,11,0.0,29.95336,11.017926,2040
9263,r3i1p1f1,2040,05,12,0.0,28.021364,11.0490675,2040
9264,r3i1p1f1,2040,05,13,0.0,27.249687,8.981627,2040
9265,r3i1p1f1,2040,05,14,0.0,25.686281,7.507417,2040
9266,r3i1p1f1,2040,05,15,0.1308217938463768,21.854366,5.563818,2040
9267,r3i1p1f1,2040,05,16,0.11027531735387376,25.453335,6.954922,2040
9268,r3i1p1f1,2040,05,17,0.00026032933612551653,29.87803,10.166456,2040
9269,r3i1p1f1,2040,05,18,0.0012003146129603865,28.651003,9.911026,2040
9270,r3i1p1f1,2040,05,19,0.0,27.093933,10.095537,2040
9271,r3i1p1f1,2040,05,20,0.0,27.065449,8.740674,2040
9272,r3i1p1f1,2040,05,21,0.0,30.721367,11.33804,2040
9273,r3i1p1f1,2040,05,22,0.0,34.005844,13.828996,2040
9274,r3i1p1f1,2040,05,23,0.0,32.945576,14.04087,2040
9275,r3i1p1f1,2040,05,24,0.020323053891347212,23.445507,9.165659,2040
9276,r3i1p1f1,2040,05,25,0.17587478517463861,20.964008,5.551025,2040
9277,r3i1p1f1,2040,05,26,0.0,27.648125,9.354282,2040
9278,r3i1p1f1,2040,05,27,0.0,29.561396,10.952397,2040
9279,r3i1p1f1,2040,05,28,0.0,29.775429,10.366548,2040
9280,r3i1p1f1,2040,05,29,0.0,28.95458,9.832317,2040
9281,r3i1p1f1,2040,05,30,0.0,28.414547,10.054013,2040
9282,r3i1p1f1,2040,05,31,0.0,28.578463,10.075167,2040
9283,r3i1p1f1,2040,06,01,0.0,26.851282,8.8361845,2040
9284,r3i1p1f1,2040,06,02,0.0,24.963434,8.611156,2040
9285,r3i1p1f1,2040,06,03,0.0,24.30329,6.918215,2040
9286,r3i1p1f1,2040,06,04,0.0,26.620316,8.591533,2040
9287,r3i1p1f1,2040,06,05,0.0,26.772573,8.992181,2040
9288,r3i1p1f1,2040,06,06,0.0,25.877289,8.791756,2040
9289,r3i1p1f1,2040,06,07,0.28969444660381694,25.648218,8.602719,2040
9290,r3i1p1f1,2040,06,08,1.4830163899425701,25.278128,8.926483,2040
9291,r3i1p1f1,2040,06,09,1.5296090747092834,26.319893,9.249354,2040
9292,r3i1p1f1,2040,06,10,0.5882109787357463,28.836052,11.72561,2040
9293,r3i1p1f1,2040,06,11,0.5006950570774885,31.254665,13.529801,2040
9294,r3i1p1f1,2040,06,12,0.6320384970008903,33.749847,14.9605465,2040
9295,r3i1p1f1,2040,06,13,0.7441412897561818,33.630432,15.352692,2040
9296,r3i1p1f1,2040,06,14,0.2565281996882704,35.32047,16.219294,2040
9297,r3i1p1f1,2040,06,15,0.42036440479216364,35.46522,16.45307,2040
9298,r3i1p1f1,2040,06,16,0.3686111345031708,34.66476,15.733888,2040
9299,r3i1p1f1,2040,06,17,0.04009788507105303,35.79982,16.377977,2040
9300,r3i1p1f1,2040,06,18,0.007936455164753803,36.334763,16.39023,2040
9301,r3i1p1f1,2040,06,19,0.0,35.606083,16.722918,2040
9302,r3i1p1f1,2040,06,20,0.1618600635838723,29.841776,13.756033,2040
9303,r3i1p1f1,2040,06,21,0.0,26.264044,8.985125,2040
9304,r3i1p1f1,2040,06,22,0.0,27.651873,10.784783,2040
9305,r3i1p1f1,2040,06,23,0.016396759839897804,28.78071,12.141241,2040
9306,r3i1p1f1,2040,06,24,0.0,28.346413,11.346265,2040
9307,r3i1p1f1,2040,06,25,0.0,29.867876,11.855596,2040
9308,r3i1p1f1,2040,06,26,0.0,29.67729,11.900771,2040
9309,r3i1p1f1,2040,06,27,0.0,28.783327,11.571792,2040
9310,r3i1p1f1,2040,06,28,0.0,28.52581,11.683924,2040
9311,r3i1p1f1,2040,06,29,0.0,30.328363,12.20241,2040
9312,r3i1p1f1,2040,06,30,0.0,29.625702,12.081962,2040
9313,r3i1p1f1,2040,07,01,0.0,28.280731,11.231114,2040
9314,r3i1p1f1,2040,07,02,0.0,31.52965,13.513568,2040
9315,r3i1p1f1,2040,07,03,0.0,31.512627,13.999718,2040
9316,r3i1p1f1,2040,07,04,0.0,31.126053,13.627627,2040
9317,r3i1p1f1,2040,07,05,0.0,30.90402,13.564657,2040
9318,r3i1p1f1,2040,07,06,0.0,30.366064,13.165818,2040
9319,r3i1p1f1,2040,07,07,0.0,29.88023,12.939627,2040
9320,r3i1p1f1,2040,07,08,0.0,29.987251,12.712046,2040
9321,r3i1p1f1,2040,07,09,0.0,30.972132,13.975958,2040
9322,r3i1p1f1,2040,07,10,0.0,33.008564,15.349562,2040
9323,r3i1p1f1,2040,07,11,0.0,32.4191,15.12517,2040
9324,r3i1p1f1,2040,07,12,0.0,30.86532,14.509324,2040
9325,r3i1p1f1,2040,07,13,0.0,32.822758,15.936779,2040
9326,r3i1p1f1,2040,07,14,0.0,36.21181,17.074604,2040
9327,r3i1p1f1,2040,07,15,0.12628896471913764,38.286922,19.19158,2040
9328,r3i1p1f1,2040,07,16,0.0,37.307167,18.83694,2040
9329,r3i1p1f1,2040,07,17,0.0,36.277756,17.857294,2040
9330,r3i1p1f1,2040,07,18,0.0,34.807438,17.396206,2040
9331,r3i1p1f1,2040,07,19,0.0,33.12239,15.276324,2040
9332,r3i1p1f1,2040,07,20,0.8103263878552808,32.34683,14.868346,2040
9333,r3i1p1f1,2040,07,21,0.28749412542366015,33.17768,16.590075,2040
9334,r3i1p1f1,2040,07,22,0.0048064338889988985,34.204926,17.208965,2040
9335,r3i1p1f1,2040,07,23,0.0,33.77195,18.037619,2040
9336,r3i1p1f1,2040,07,24,2.48876291095781,33.30687,17.652733,2040
9337,r3i1p1f1,2040,07,25,0.14043269918836426,32.89541,16.29179,2040
9338,r3i1p1f1,2040,07,26,0.1643234942104865,33.85313,15.938629,2040
9339,r3i1p1f1,2040,07,27,5.943699859864974,30.952677,14.184149,2040
9340,r3i1p1f1,2040,07,28,22.733123413565796,24.054415,17.243364,2040
9341,r3i1p1f1,2040,07,29,3.3273035420431065,25.168303,14.4597645,2040
9342,r3i1p1f1,2040,07,30,0.9846504712847739,29.996437,17.010431,2040
9343,r3i1p1f1,2040,07,31,0.0,32.80334,16.730993,2040
9344,r3i1p1f1,2040,08,01,0.0,33.761898,16.728142,2040
9345,r3i1p1f1,2040,08,02,0.0,34.08343,17.659264,2040
9346,r3i1p1f1,2040,08,03,0.09004161761064704,35.253864,17.149256,2040
9347,r3i1p1f1,2040,08,04,2.2705720888210856,33.790367,17.845882,2040
9348,r3i1p1f1,2040,08,05,0.3219131392843062,33.986908,17.513723,2040
9349,r3i1p1f1,2040,08,06,0.0,34.631645,17.447432,2040
9350,r3i1p1f1,2040,08,07,0.9119381626739844,33.865196,16.918503,2040
9351,r3i1p1f1,2040,08,08,0.02658210297919471,34.07597,17.785873,2040
9352,r3i1p1f1,2040,08,09,0.008457996176950859,34.60524,17.16436,2040
9353,r3i1p1f1,2040,08,10,0.01654260540927873,34.28011,16.815128,2040
9354,r3i1p1f1,2040,08,11,0.018761073676587053,33.701725,15.963065,2040
9355,r3i1p1f1,2040,08,12,0.0,32.943123,16.2547,2040
9356,r3i1p1f1,2040,08,13,0.0,30.023731,16.648735,2040
9357,r3i1p1f1,2040,08,14,0.0,29.674807,13.282431,2040
9358,r3i1p1f1,2040,08,15,0.0,32.764442,14.956725,2040
9359,r3i1p1f1,2040,08,16,0.0,33.67895,16.536034,2040
9360,r3i1p1f1,2040,08,17,0.0,32.776558,15.684503,2040
9361,r3i1p1f1,2040,08,18,0.0,35.385746,16.04935,2040
9362,r3i1p1f1,2040,08,19,0.0,36.742966,18.396345,2040
9363,r3i1p1f1,2040,08,20,0.0,36.084164,17.559856,2040
9364,r3i1p1f1,2040,08,21,0.0,35.255993,16.412146,2040
9365,r3i1p1f1,2040,08,22,0.020740952406247907,34.61413,18.165916,2040
9366,r3i1p1f1,2040,08,23,0.0,34.09271,16.466267,2040
9367,r3i1p1f1,2040,08,24,0.0,34.49331,16.431484,2040
9368,r3i1p1f1,2040,08,25,0.0,36.097004,17.014587,2040
9369,r3i1p1f1,2040,08,26,0.0822490978647362,37.46615,17.725506,2040
9370,r3i1p1f1,2040,08,27,0.39638015853459807,37.857468,19.61914,2040
9371,r3i1p1f1,2040,08,28,0.2972852404866099,38.288826,20.752216,2040
9372,r3i1p1f1,2040,08,29,0.042530322628436174,37.596382,19.234085,2040
9373,r3i1p1f1,2040,08,30,0.0,35.884815,16.990393,2040
9374,r3i1p1f1,2040,08,31,0.0,35.692707,16.87714,2040
9375,r3i1p1f1,2040,09,01,0.0,35.02241,18.472435,2040
9376,r3i1p1f1,2040,09,02,1.3875384562804053e-05,33.602173,17.40364,2040
9377,r3i1p1f1,2040,09,03,0.00309276119382544,34.057663,16.616724,2040
9378,r3i1p1f1,2040,09,04,0.0,34.0796,17.013372,2040
9379,r3i1p1f1,2040,09,05,0.0,33.964375,16.844662,2040
9380,r3i1p1f1,2040,09,06,0.0,33.70784,16.65757,2040
9381,r3i1p1f1,2040,09,07,0.006032937980666192,32.67857,15.38617,2040
9382,r3i1p1f1,2040,09,08,0.0,29.431759,13.351415,2040
9383,r3i1p1f1,2040,09,09,0.0,25.521051,9.727931,2040
9384,r3i1p1f1,2040,09,10,0.11209559435497574,25.96722,10.463264,2040
9385,r3i1p1f1,2040,09,11,0.2635991531811173,27.359182,11.112059,2040
9386,r3i1p1f1,2040,09,12,7.108030530670834,24.73003,10.518031,2040
9387,r3i1p1f1,2040,09,13,32.57438131443285,20.736034,9.973175,2040
9388,r3i1p1f1,2040,09,14,11.037685527195263,21.038986,9.310725,2040
9389,r3i1p1f1,2040,09,15,2.133286245942586,22.731852,8.817525,2040
9390,r3i1p1f1,2040,09,16,0.8205025221788232,22.604675,8.479645,2040
9391,r3i1p1f1,2040,09,17,0.06626715362830454,22.561718,8.3233595,2040
9392,r3i1p1f1,2040,09,18,0.011310684900363964,23.088247,8.384798,2040
9393,r3i1p1f1,2040,09,19,0.03824290336166142,22.252136,8.44932,2040
9394,r3i1p1f1,2040,09,20,0.015579213345931335,23.531467,9.442196,2040
9395,r3i1p1f1,2040,09,21,0.0007895913652398369,25.21178,10.311428,2040
9396,r3i1p1f1,2040,09,22,0.0,26.78543,11.375427,2040
9397,r3i1p1f1,2040,09,23,0.0,30.201172,13.483869,2040
9398,r3i1p1f1,2040,09,24,0.0,34.783966,16.31579,2040
9399,r3i1p1f1,2040,09,25,0.0,36.55473,16.981209,2040
9400,r3i1p1f1,2040,09,26,0.04152154150440104,37.065525,19.234808,2040
9401,r3i1p1f1,2040,09,27,0.0,35.858467,19.181984,2040
9402,r3i1p1f1,2040,09,28,0.2785142407546201,31.75332,15.229702,2040
9403,r3i1p1f1,2040,09,29,0.7000039044589468,31.467697,15.241937,2040
9404,r3i1p1f1,2040,09,30,0.10482015569736673,31.121492,14.387638,2040
9405,r3i1p1f1,2040,10,01,0.13852970411817572,31.826754,14.465165,2040
9406,r3i1p1f1,2040,10,02,0.0026796003062786026,32.927856,15.254705,2040
9407,r3i1p1f1,2040,10,03,1.8953927400864565,33.33663,16.04976,2040
9408,r3i1p1f1,2040,10,04,5.342577401613171,23.932987,11.000508,2040
9409,r3i1p1f1,2040,10,05,6.9897929945110455,23.462812,11.075277,2040
9410,r3i1p1f1,2040,10,06,0.9009050931049525,25.915506,11.340773,2040
9411,r3i1p1f1,2040,10,07,0.017484667090078194,26.38596,11.710874,2040
9412,r3i1p1f1,2040,10,08,0.0,26.710522,11.812845,2040
9413,r3i1p1f1,2040,10,09,0.0,27.871853,12.649803,2040
9414,r3i1p1f1,2040,10,10,0.0,28.79533,12.7181425,2040
9415,r3i1p1f1,2040,10,11,0.0,31.106474,14.674197,2040
9416,r3i1p1f1,2040,10,12,0.0,31.591652,15.151473,2040
9417,r3i1p1f1,2040,10,13,0.0,31.497377,14.641136,2040
9418,r3i1p1f1,2040,10,14,0.0,32.22523,15.6332245,2040
9419,r3i1p1f1,2040,10,15,0.0,30.76323,13.023595,2040
9420,r3i1p1f1,2040,10,16,0.0,28.839909,11.538687,2040
9421,r3i1p1f1,2040,10,17,0.0,29.037447,10.735603,2040
9422,r3i1p1f1,2040,10,18,0.0,31.682386,13.919076,2040
9423,r3i1p1f1,2040,10,19,0.0,30.29274,12.898725,2040
9424,r3i1p1f1,2040,10,20,0.0,29.28125,12.1137495,2040
9425,r3i1p1f1,2040,10,21,0.0,28.514181,11.0173855,2040
9426,r3i1p1f1,2040,10,22,0.0,30.301565,12.368202,2040
9427,r3i1p1f1,2040,10,23,0.0,29.565306,10.487042,2040
9428,r3i1p1f1,2040,10,24,0.2469075088524595,20.726404,5.114195,2040
9429,r3i1p1f1,2040,10,25,0.4487011750621384,12.291601,-0.24042465,2040
9430,r3i1p1f1,2040,10,26,0.0,17.371939,0.26165912,2040
9431,r3i1p1f1,2040,10,27,0.0,18.698133,2.7734623,2040
9432,r3i1p1f1,2040,10,28,1.8463335400294014,16.154163,3.6961915,2040
9433,r3i1p1f1,2040,10,29,3.9617713393619685,13.15099,2.116785,2040
9434,r3i1p1f1,2040,10,30,0.9551583885960017,14.806113,1.6376816,2040
9435,r3i1p1f1,2040,10,31,0.0013683728375877818,18.374798,3.3088808,2040
9436,r3i1p1f1,2040,11,01,0.0,19.327156,4.1921535,2040
9437,r3i1p1f1,2040,11,02,0.0,20.617126,4.7880893,2040
9438,r3i1p1f1,2040,11,03,0.0,21.672224,5.34105,2040
9439,r3i1p1f1,2040,11,04,0.0,21.102024,6.714371,2040
9440,r3i1p1f1,2040,11,05,0.0031434012943822327,18.68884,4.2450266,2040
9441,r3i1p1f1,2040,11,06,0.008728002446304978,18.393972,3.3028834,2040
9442,r3i1p1f1,2040,11,07,0.0,18.927734,4.0144925,2040
9443,r3i1p1f1,2040,11,08,2.0799285831206804,18.102077,5.9013214,2040
9444,r3i1p1f1,2040,11,09,0.026945064306677192,17.570536,2.7913983,2040
9445,r3i1p1f1,2040,11,10,0.0,19.78508,5.4726086,2040
9446,r3i1p1f1,2040,11,11,0.0,20.202536,4.1680074,2040
9447,r3i1p1f1,2040,11,12,0.0,20.368725,5.504796,2040
9448,r3i1p1f1,2040,11,13,0.0,21.500381,4.9400215,2040
9449,r3i1p1f1,2040,11,14,0.11218596407244066,20.251719,5.3126144,2040
9450,r3i1p1f1,2040,11,15,0.542715565055308,18.856686,7.192454,2040
9451,r3i1p1f1,2040,11,16,0.1263707538115947,17.028294,3.129566,2040
9452,r3i1p1f1,2040,11,17,0.5558918995093061,14.310157,3.6298442,2040
9453,r3i1p1f1,2040,11,18,0.0,12.368492,-0.588857,2040
9454,r3i1p1f1,2040,11,19,0.007771088346613176,15.201804,0.2380719,2040
9455,r3i1p1f1,2040,11,20,0.0,15.882614,-1.4343709,2040
9456,r3i1p1f1,2040,11,21,0.0,18.727083,1.076467,2040
9457,r3i1p1f1,2040,11,22,0.0,19.941097,2.3903465,2040
9458,r3i1p1f1,2040,11,23,0.0,20.040888,2.3647792,2040
9459,r3i1p1f1,2040,11,24,0.0,19.428745,5.223708,2040
9460,r3i1p1f1,2040,11,25,0.0,19.777126,6.221234,2040
9461,r3i1p1f1,2040,11,26,0.0,18.299103,1.215326,2040
9462,r3i1p1f1,2040,11,27,0.0,13.679048,-0.086367086,2040
9463,r3i1p1f1,2040,11,28,5.646232930424351,13.967487,1.9511901,2040
9464,r3i1p1f1,2040,11,29,0.24121620125669957,12.0391245,0.5551178,2040
9465,r3i1p1f1,2040,11,30,0.0,16.143137,0.11810066,2040
9466,r3i1p1f1,2040,12,01,0.0,16.732777,3.8513086,2040
9467,r3i1p1f1,2040,12,02,0.0,17.45139,3.5082703,2040
9468,r3i1p1f1,2040,12,03,0.0,18.377546,3.117276,2040
9469,r3i1p1f1,2040,12,04,0.0,18.784851,3.7581668,2040
9470,r3i1p1f1,2040,12,05,0.0,19.829952,4.360969,2040
9471,r3i1p1f1,2040,12,06,0.0,19.89234,4.514346,2040
9472,r3i1p1f1,2040,12,07,0.0,17.438648,3.659425,2040
9473,r3i1p1f1,2040,12,08,0.023975438675596237,15.439678,3.9998546,2040
9474,r3i1p1f1,2040,12,09,0.0,12.967801,0.015726931,2040
9475,r3i1p1f1,2040,12,10,0.0,13.770157,-2.1807966,2040
9476,r3i1p1f1,2040,12,11,0.0,12.847243,-1.6890881,2040
9477,r3i1p1f1,2040,12,12,0.0,13.94497,-1.36533,2040
9478,r3i1p1f1,2040,12,13,0.0,12.69405,-2.0521293,2040
9479,r3i1p1f1,2040,12,14,0.11915907585661802,12.154137,1.9363732,2040
9480,r3i1p1f1,2040,12,15,0.0,15.46968,0.8370273,2040
9481,r3i1p1f1,2040,12,16,0.0,18.849693,2.9535215,2040
9482,r3i1p1f1,2040,12,17,0.0,20.564342,5.2229295,2040
9483,r3i1p1f1,2040,12,18,0.0,21.952564,5.409242,2040
9484,r3i1p1f1,2040,12,19,0.0,20.803705,6.110243,2040
9485,r3i1p1f1,2040,12,20,0.0,19.06887,5.259767,2040
9486,r3i1p1f1,2040,12,21,0.0339541752261787,20.098484,7.4153533,2040
9487,r3i1p1f1,2040,12,22,4.8249821578594325,18.849224,7.84742,2040
9488,r3i1p1f1,2040,12,23,0.016172731746778343,15.587002,2.6099539,2040
9489,r3i1p1f1,2040,12,24,2.5102369843013794,12.242385,4.2400723,2040
9490,r3i1p1f1,2040,12,25,0.0,15.798157,0.71846133,2040
9491,r3i1p1f1,2040,12,26,0.0,15.808512,1.850011,2040
9492,r3i1p1f1,2040,12,27,0.0,16.318739,1.5881851,2040
9493,r3i1p1f1,2040,12,28,0.0,14.989254,0.63156134,2040
9494,r3i1p1f1,2040,12,29,0.0,15.828681,1.3406218,2040
9495,r3i1p1f1,2040,12,30,0.0,16.60007,1.9647045,2040
9496,r3i1p1f1,2040,12,31,0.0017594414966328204,16.171972,3.08372,2040
9497,r3i1p1f1,2041,01,01,16.54641517558599,15.56666,6.3819504,2041
9498,r3i1p1f1,2041,01,02,0.21161669549959092,12.226339,1.7249888,2041
9499,r3i1p1f1,2041,01,03,1.153128346807562,11.034587,1.9162009,2041
9500,r3i1p1f1,2041,01,04,5.924332077337374,12.56046,1.7665962,2041
9501,r3i1p1f1,2041,01,05,14.605013313339441,12.3099785,2.8470538,2041
9502,r3i1p1f1,2041,01,06,6.232249395038982,11.168668,2.3406334,2041
9503,r3i1p1f1,2041,01,07,7.767223330054307,11.997568,3.1533296,2041
9504,r3i1p1f1,2041,01,08,0.005445997848062579,11.122294,-1.6251357,2041
9505,r3i1p1f1,2041,01,09,2.0167392663565944,8.549409,-2.3507314,2041
9506,r3i1p1f1,2041,01,10,0.0006606637246229432,9.351524,1.0474279,2041
9507,r3i1p1f1,2041,01,11,0.7116960545998595,8.800025,1.352133,2041
9508,r3i1p1f1,2041,01,12,0.0,10.2866745,-3.0655026,2041
9509,r3i1p1f1,2041,01,13,0.0,13.214089,-1.1975607,2041
9510,r3i1p1f1,2041,01,14,0.0,14.905932,-0.74559873,2041
9511,r3i1p1f1,2041,01,15,0.0,16.073687,0.4652381,2041
9512,r3i1p1f1,2041,01,16,0.025508315126044734,15.000956,0.29247746,2041
9513,r3i1p1f1,2041,01,17,0.0,15.912062,1.0304265,2041
9514,r3i1p1f1,2041,01,18,0.0,16.634766,1.187331,2041
9515,r3i1p1f1,2041,01,19,0.0,16.586319,1.7689427,2041
9516,r3i1p1f1,2041,01,20,0.0,15.979961,1.6207848,2041
9517,r3i1p1f1,2041,01,21,0.0,15.404463,1.3006483,2041
9518,r3i1p1f1,2041,01,22,6.239888836466683,13.603434,2.8639,2041
9519,r3i1p1f1,2041,01,23,7.026307183716412,7.802919,0.14853752,2041
9520,r3i1p1f1,2041,01,24,0.14822868902366748,7.795672,-1.2498769,2041
9521,r3i1p1f1,2041,01,25,0.0,9.479812,-4.994931,2041
9522,r3i1p1f1,2041,01,26,0.0,10.472043,-3.968259,2041
9523,r3i1p1f1,2041,01,27,0.0,11.900164,-3.0419319,2041
9524,r3i1p1f1,2041,01,28,0.0,15.242633,-0.8953578,2041
9525,r3i1p1f1,2041,01,29,0.0,14.614005,0.88349575,2041
9526,r3i1p1f1,2041,01,30,0.0,14.012244,1.2945935,2041
9527,r3i1p1f1,2041,01,31,0.6010613569705211,11.844075,1.4144713,2041
9528,r3i1p1f1,2041,02,01,7.128564345431656,12.556765,1.0088581,2041
9529,r3i1p1f1,2041,02,02,4.156000973523602,12.140531,2.9303741,2041
9530,r3i1p1f1,2041,02,03,0.615920794988955,11.20067,0.47225598,2041
9531,r3i1p1f1,2041,02,04,0.06084986189142166,11.308504,-1.8681397,2041
9532,r3i1p1f1,2041,02,05,1.8268506675794374,11.4547825,1.0095297,2041
9533,r3i1p1f1,2041,02,06,3.1574453289729054,9.758053,1.0476663,2041
9534,r3i1p1f1,2041,02,07,0.05150336351575926,11.111376,-2.2226508,2041
9535,r3i1p1f1,2041,02,08,15.531640253700033,12.50526,0.42889643,2041
9536,r3i1p1f1,2041,02,09,12.565262093588844,11.777457,4.6914845,2041
9537,r3i1p1f1,2041,02,10,0.04354093119962437,9.90798,-0.6834175,2041
9538,r3i1p1f1,2041,02,11,0.0008156552785570084,11.718851,-2.9859009,2041
9539,r3i1p1f1,2041,02,12,0.0,11.761945,-2.3964226,2041
9540,r3i1p1f1,2041,02,13,0.0,14.454635,-1.3838265,2041
9541,r3i1p1f1,2041,02,14,0.0,16.724445,0.9625504,2041
9542,r3i1p1f1,2041,02,15,0.0,17.449099,1.3745075,2041
9543,r3i1p1f1,2041,02,16,0.0,21.167337,5.4192023,2041
9544,r3i1p1f1,2041,02,17,0.0,22.138636,5.8392897,2041
9545,r3i1p1f1,2041,02,18,0.0,21.651533,6.4033933,2041
9546,r3i1p1f1,2041,02,19,0.0,19.595915,5.880607,2041
9547,r3i1p1f1,2041,02,20,0.0,19.184374,5.11099,2041
9548,r3i1p1f1,2041,02,21,0.0,17.04235,4.56962,2041
9549,r3i1p1f1,2041,02,22,0.977842067060754,16.530144,5.572573,2041
9550,r3i1p1f1,2041,02,23,0.13560432669526729,17.702873,1.7328011,2041
9551,r3i1p1f1,2041,02,24,0.0,17.78702,2.5601556,2041
9552,r3i1p1f1,2041,02,25,0.0,17.647837,2.595921,2041
9553,r3i1p1f1,2041,02,26,0.40828433963531896,18.046669,3.7754042,2041
9554,r3i1p1f1,2041,02,27,0.0,18.217848,2.3141668,2041
9555,r3i1p1f1,2041,02,28,0.0,18.443592,2.992516,2041
9556,r3i1p1f1,2041,03,01,0.0,20.059626,1.9526739,2041
9557,r3i1p1f1,2041,03,02,0.0,21.327827,3.4974244,2041
9558,r3i1p1f1,2041,03,03,0.0,21.103167,3.6193404,2041
9559,r3i1p1f1,2041,03,04,0.0,20.998495,4.414423,2041
9560,r3i1p1f1,2041,03,05,0.0,21.40043,4.48704,2041
9561,r3i1p1f1,2041,03,06,0.0,21.908617,4.1839795,2041
9562,r3i1p1f1,2041,03,07,0.0,24.512287,7.0694704,2041
9563,r3i1p1f1,2041,03,08,0.0383493071120194,23.751492,5.78914,2041
9564,r3i1p1f1,2041,03,09,0.03672355094308979,22.015877,4.6637187,2041
9565,r3i1p1f1,2041,03,10,0.1767345700425887,22.021103,5.047384,2041
9566,r3i1p1f1,2041,03,11,8.61758206641477,13.213416,4.3346634,2041
9567,r3i1p1f1,2041,03,12,0.3018629448811363,15.679972,1.9337761,2041
9568,r3i1p1f1,2041,03,13,0.0,19.29005,2.144422,2041
9569,r3i1p1f1,2041,03,14,0.0,20.806526,4.1703873,2041
9570,r3i1p1f1,2041,03,15,0.001149017678637227,20.261303,5.4036746,2041
9571,r3i1p1f1,2041,03,16,0.0009072270018584801,20.568106,6.201665,2041
9572,r3i1p1f1,2041,03,17,0.0,22.276129,5.124976,2041
9573,r3i1p1f1,2041,03,18,0.0,23.06283,6.4282026,2041
9574,r3i1p1f1,2041,03,19,0.0,25.598608,8.255635,2041
9575,r3i1p1f1,2041,03,20,0.0,24.20029,8.304583,2041
9576,r3i1p1f1,2041,03,21,0.0,25.185474,8.747778,2041
9577,r3i1p1f1,2041,03,22,0.0007454012379501805,26.835789,8.776184,2041
9578,r3i1p1f1,2041,03,23,0.0,27.188429,8.169095,2041
9579,r3i1p1f1,2041,03,24,0.0,27.775879,8.277199,2041
9580,r3i1p1f1,2041,03,25,0.0,27.79729,8.488872,2041
9581,r3i1p1f1,2041,03,26,0.0,25.359407,7.0558925,2041
9582,r3i1p1f1,2041,03,27,0.05239017509721276,17.60138,5.1642175,2041
9583,r3i1p1f1,2041,03,28,0.1808954500081723,19.392668,1.5433931,2041
9584,r3i1p1f1,2041,03,29,0.0,22.258497,2.6039643,2041
9585,r3i1p1f1,2041,03,30,0.0,22.690454,3.1765125,2041
9586,r3i1p1f1,2041,03,31,0.0,22.84097,4.2453694,2041
9587,r3i1p1f1,2041,04,01,0.12710886876448058,18.151262,3.3269224,2041
9588,r3i1p1f1,2041,04,02,0.9876213166154973,13.636206,1.6019949,2041
9589,r3i1p1f1,2041,04,03,0.03964177604454259,19.055836,1.9392961,2041
9590,r3i1p1f1,2041,04,04,0.0,22.61286,3.1060338,2041
9591,r3i1p1f1,2041,04,05,0.0,23.483349,3.98473,2041
9592,r3i1p1f1,2041,04,06,0.02680889949481229,23.198715,5.4476027,2041
9593,r3i1p1f1,2041,04,07,0.09756158360908034,22.23396,4.200868,2041
9594,r3i1p1f1,2041,04,08,0.0,20.214407,2.6388338,2041
9595,r3i1p1f1,2041,04,09,0.0,17.462166,-0.31408885,2041
9596,r3i1p1f1,2041,04,10,0.0043619188495953995,18.751625,-1.3493316,2041
9597,r3i1p1f1,2041,04,11,3.027200548848751,16.354298,-0.6069999,2041
9598,r3i1p1f1,2041,04,12,8.1624707314371,11.595194,1.1047486,2041
9599,r3i1p1f1,2041,04,13,0.08406414788403323,14.170349,0.84529203,2041
9600,r3i1p1f1,2041,04,14,0.420395737461342,14.557527,0.107915744,2041
9601,r3i1p1f1,2041,04,15,0.1351564392539193,16.773012,2.0860355,2041
9602,r3i1p1f1,2041,04,16,0.0004053481671056061,20.261318,2.8592913,2041
9603,r3i1p1f1,2041,04,17,0.0,23.688148,4.8116007,2041
9604,r3i1p1f1,2041,04,18,0.0,23.880054,5.6884975,2041
9605,r3i1p1f1,2041,04,19,0.0,26.561602,7.294225,2041
9606,r3i1p1f1,2041,04,20,0.0,27.900747,9.384966,2041
9607,r3i1p1f1,2041,04,21,0.0,27.5094,10.146527,2041
9608,r3i1p1f1,2041,04,22,0.0,27.403318,10.0253,2041
9609,r3i1p1f1,2041,04,23,0.0,27.195816,9.174904,2041
9610,r3i1p1f1,2041,04,24,0.0,26.649786,8.276464,2041
9611,r3i1p1f1,2041,04,25,0.0,24.925283,6.1300807,2041
9612,r3i1p1f1,2041,04,26,0.0,24.819927,5.3855963,2041
9613,r3i1p1f1,2041,04,27,0.3631454435559466,23.50733,4.1429443,2041
9614,r3i1p1f1,2041,04,28,19.976392692302454,16.936241,3.2648268,2041
9615,r3i1p1f1,2041,04,29,2.2773937891441056,13.35267,2.3397975,2041
9616,r3i1p1f1,2041,04,30,0.02783330617768859,19.158745,2.3570666,2041
9617,r3i1p1f1,2041,05,01,0.7005270708258181,18.727577,5.5673447,2041
9618,r3i1p1f1,2041,05,02,2.5794933779693427,16.438759,3.814832,2041
9619,r3i1p1f1,2041,05,03,0.019350353232408506,20.412846,4.5777903,2041
9620,r3i1p1f1,2041,05,04,0.13213705064227918,20.71862,6.578708,2041
9621,r3i1p1f1,2041,05,05,0.0,22.95412,6.019942,2041
9622,r3i1p1f1,2041,05,06,0.0,27.979708,9.291615,2041
9623,r3i1p1f1,2041,05,07,0.0,30.921745,11.280751,2041
9624,r3i1p1f1,2041,05,08,0.0,29.374172,11.057377,2041
9625,r3i1p1f1,2041,05,09,0.0,23.815548,7.767561,2041
9626,r3i1p1f1,2041,05,10,0.0,26.536024,7.752585,2041
9627,r3i1p1f1,2041,05,11,0.0,26.701685,7.9542103,2041
9628,r3i1p1f1,2041,05,12,0.0,26.799551,8.843988,2041
9629,r3i1p1f1,2041,05,13,0.0,26.989037,8.094406,2041
9630,r3i1p1f1,2041,05,14,0.0,26.4481,7.148675,2041
9631,r3i1p1f1,2041,05,15,0.0,24.635357,6.4105906,2041
9632,r3i1p1f1,2041,05,16,0.0,28.14491,8.352692,2041
9633,r3i1p1f1,2041,05,17,0.2158943397587405,30.416288,10.181492,2041
9634,r3i1p1f1,2041,05,18,0.08521918229675837,29.35314,10.843056,2041
9635,r3i1p1f1,2041,05,19,0.03460756038266206,28.658733,9.271638,2041
9636,r3i1p1f1,2041,05,20,0.0,27.993523,8.457649,2041
9637,r3i1p1f1,2041,05,21,0.004127834258586959,27.141716,7.150377,2041
9638,r3i1p1f1,2041,05,22,0.000966448358006098,25.899256,7.198696,2041
9639,r3i1p1f1,2041,05,23,0.10957305491584438,21.18532,5.037601,2041
9640,r3i1p1f1,2041,05,24,0.0027291089292813204,19.924204,3.1627364,2041
9641,r3i1p1f1,2041,05,25,0.0014827483700531902,23.705397,6.234082,2041
9642,r3i1p1f1,2041,05,26,0.0,26.453682,8.207208,2041
9643,r3i1p1f1,2041,05,27,0.0,24.369331,6.5551634,2041
9644,r3i1p1f1,2041,05,28,0.0,24.284922,5.7646146,2041
9645,r3i1p1f1,2041,05,29,0.0,26.483568,7.1703644,2041
9646,r3i1p1f1,2041,05,30,0.0,25.215605,6.8525734,2041
9647,r3i1p1f1,2041,05,31,0.0,20.275908,3.5822327,2041
9648,r3i1p1f1,2041,06,01,0.0,20.029078,2.040386,2041
9649,r3i1p1f1,2041,06,02,4.072338546976859,18.719873,8.625937,2041
9650,r3i1p1f1,2041,06,03,4.854378752390788,20.758848,10.377245,2041
9651,r3i1p1f1,2041,06,04,0.08317555600749046,23.161448,6.8225765,2041
9652,r3i1p1f1,2041,06,05,0.0,25.518547,8.743745,2041
9653,r3i1p1f1,2041,06,06,0.0,29.762226,11.173436,2041
9654,r3i1p1f1,2041,06,07,0.0,31.12702,14.529558,2041
9655,r3i1p1f1,2041,06,08,0.009902633275046493,29.45457,12.5120735,2041
9656,r3i1p1f1,2041,06,09,0.06751746679197601,26.820745,11.512937,2041
9657,r3i1p1f1,2041,06,10,0.0,30.768322,12.596994,2041
9658,r3i1p1f1,2041,06,11,0.0,31.785988,13.959449,2041
9659,r3i1p1f1,2041,06,12,0.0,32.925335,14.531052,2041
9660,r3i1p1f1,2041,06,13,0.0,33.1696,14.521729,2041
9661,r3i1p1f1,2041,06,14,0.0,32.41436,13.723673,2041
9662,r3i1p1f1,2041,06,15,0.0,33.895416,13.794636,2041
9663,r3i1p1f1,2041,06,16,0.07174843798786627,33.68593,15.035241,2041
9664,r3i1p1f1,2041,06,17,0.019321525081371266,29.67918,12.593975,2041
9665,r3i1p1f1,2041,06,18,0.0,28.277126,11.383808,2041
9666,r3i1p1f1,2041,06,19,0.0,29.774624,11.573553,2041
9667,r3i1p1f1,2041,06,20,0.0008422424875651345,28.50923,11.590664,2041
9668,r3i1p1f1,2041,06,21,0.0,30.551771,12.055661,2041
9669,r3i1p1f1,2041,06,22,0.01100311220701163,33.902256,14.338902,2041
9670,r3i1p1f1,2041,06,23,0.002265342336613685,37.008514,16.88661,2041
9671,r3i1p1f1,2041,06,24,0.0,35.913937,16.799667,2041
9672,r3i1p1f1,2041,06,25,0.0,34.724907,15.932332,2041
9673,r3i1p1f1,2041,06,26,0.0,33.70735,14.896759,2041
9674,r3i1p1f1,2041,06,27,0.0,33.023857,14.68089,2041
9675,r3i1p1f1,2041,06,28,0.0,33.02575,14.027502,2041
9676,r3i1p1f1,2041,06,29,0.0,32.682846,14.743816,2041
9677,r3i1p1f1,2041,06,30,0.0,31.796972,14.475392,2041
9678,r3i1p1f1,2041,07,01,0.01692897061619795,31.690979,14.497722,2041
9679,r3i1p1f1,2041,07,02,0.0,32.2332,15.302459,2041
9680,r3i1p1f1,2041,07,03,0.0,33.348213,14.571316,2041
9681,r3i1p1f1,2041,07,04,0.0,33.228027,14.896899,2041
9682,r3i1p1f1,2041,07,05,0.0,31.5324,13.880321,2041
9683,r3i1p1f1,2041,07,06,0.0,28.24604,11.244964,2041
9684,r3i1p1f1,2041,07,07,0.0,30.377764,12.825211,2041
9685,r3i1p1f1,2041,07,08,0.0,32.493477,15.128816,2041
9686,r3i1p1f1,2041,07,09,0.0,32.66964,15.80853,2041
9687,r3i1p1f1,2041,07,10,0.0,34.97451,16.82561,2041
9688,r3i1p1f1,2041,07,11,0.0,36.840767,16.892523,2041
9689,r3i1p1f1,2041,07,12,0.0,37.876446,18.986147,2041
9690,r3i1p1f1,2041,07,13,0.0,37.086685,18.199438,2041
9691,r3i1p1f1,2041,07,14,0.0038879591915192027,36.131832,19.622274,2041
9692,r3i1p1f1,2041,07,15,0.036796006845014,35.790207,19.31093,2041
9693,r3i1p1f1,2041,07,16,0.0024532491454120836,36.651833,19.303188,2041
9694,r3i1p1f1,2041,07,17,0.0,36.911842,19.278877,2041
9695,r3i1p1f1,2041,07,18,0.0,37.16447,18.684275,2041
9696,r3i1p1f1,2041,07,19,0.0,37.398365,18.0376,2041
9697,r3i1p1f1,2041,07,20,0.24090143392503238,37.24036,20.535204,2041
9698,r3i1p1f1,2041,07,21,0.013715527408445874,35.751324,18.11047,2041
9699,r3i1p1f1,2041,07,22,0.0,34.43845,16.711678,2041
9700,r3i1p1f1,2041,07,23,0.0,33.485836,15.683664,2041
9701,r3i1p1f1,2041,07,24,0.0015339994570240378,33.24434,16.132008,2041
9702,r3i1p1f1,2041,07,25,0.0,33.184917,15.463731,2041
9703,r3i1p1f1,2041,07,26,0.0,34.532215,16.967636,2041
9704,r3i1p1f1,2041,07,27,0.0,36.652225,18.264982,2041
9705,r3i1p1f1,2041,07,28,0.0,39.21351,20.220121,2041
9706,r3i1p1f1,2041,07,29,0.0,38.777863,19.954384,2041
9707,r3i1p1f1,2041,07,30,0.0,37.06076,20.08305,2041
9708,r3i1p1f1,2041,07,31,0.0,36.44403,19.659319,2041
9709,r3i1p1f1,2041,08,01,0.0,36.2114,19.406004,2041
9710,r3i1p1f1,2041,08,02,0.0,35.967587,18.897959,2041
9711,r3i1p1f1,2041,08,03,0.0,35.54057,18.112988,2041
9712,r3i1p1f1,2041,08,04,0.0,35.35444,17.133747,2041
9713,r3i1p1f1,2041,08,05,0.0,36.085564,17.335508,2041
9714,r3i1p1f1,2041,08,06,0.023667270592837172,36.475254,18.857883,2041
9715,r3i1p1f1,2041,08,07,0.00014694411991954303,33.862,17.884954,2041
9716,r3i1p1f1,2041,08,08,0.0,35.3496,17.340183,2041
9717,r3i1p1f1,2041,08,09,0.0008165172590507251,35.530926,17.903193,2041
9718,r3i1p1f1,2041,08,10,0.01129572879466595,34.38974,17.101954,2041
9719,r3i1p1f1,2041,08,11,0.253326901857332,31.814177,15.424793,2041
9720,r3i1p1f1,2041,08,12,0.5564062907772247,32.97232,16.24211,2041
9721,r3i1p1f1,2041,08,13,0.8314153115101032,32.501453,15.845592,2041
9722,r3i1p1f1,2041,08,14,0.26675525471739203,33.226387,16.257141,2041
9723,r3i1p1f1,2041,08,15,0.0,33.93138,16.41168,2041
9724,r3i1p1f1,2041,08,16,0.0,36.538708,16.873928,2041
9725,r3i1p1f1,2041,08,17,0.0,36.828373,17.679802,2041
9726,r3i1p1f1,2041,08,18,0.0,36.25052,17.261732,2041
9727,r3i1p1f1,2041,08,19,0.0,35.6637,16.94716,2041
9728,r3i1p1f1,2041,08,20,0.30489921075941034,34.39328,17.387175,2041
9729,r3i1p1f1,2041,08,21,0.5542560258111211,34.231655,17.193542,2041
9730,r3i1p1f1,2041,08,22,0.01654974289880501,35.277092,17.118683,2041
9731,r3i1p1f1,2041,08,23,0.004462966833009638,35.892612,17.756107,2041
9732,r3i1p1f1,2041,08,24,0.0022392511847570086,35.570534,17.020094,2041
9733,r3i1p1f1,2041,08,25,0.0,33.6965,15.579826,2041
9734,r3i1p1f1,2041,08,26,0.0,34.35423,15.182359,2041
9735,r3i1p1f1,2041,08,27,0.0,33.266182,15.979397,2041
9736,r3i1p1f1,2041,08,28,0.0,31.290987,13.775219,2041
9737,r3i1p1f1,2041,08,29,0.0,29.814846,12.564934,2041
9738,r3i1p1f1,2041,08,30,0.0,28.299555,10.881164,2041
9739,r3i1p1f1,2041,08,31,0.0,27.33923,10.034758,2041
9740,r3i1p1f1,2041,09,01,0.0,26.98463,11.562614,2041
9741,r3i1p1f1,2041,09,02,0.0,31.028084,14.531526,2041
9742,r3i1p1f1,2041,09,03,0.0,34.474895,16.299803,2041
9743,r3i1p1f1,2041,09,04,0.00027610204239009005,36.08828,16.483288,2041
9744,r3i1p1f1,2041,09,05,0.06618409669802834,36.608917,19.64736,2041
9745,r3i1p1f1,2041,09,06,0.0242173007802304,35.664116,19.07929,2041
9746,r3i1p1f1,2041,09,07,0.0,34.033356,16.462816,2041
9747,r3i1p1f1,2041,09,08,0.0013681657781655138,34.015175,15.215861,2041
9748,r3i1p1f1,2041,09,09,0.0,33.184437,14.179978,2041
9749,r3i1p1f1,2041,09,10,0.0,32.433018,13.234714,2041
9750,r3i1p1f1,2041,09,11,0.06020665489786276,32.602215,16.961395,2041
9751,r3i1p1f1,2041,09,12,0.0,34.554264,18.809055,2041
9752,r3i1p1f1,2041,09,13,0.0,34.456608,16.682394,2041
9753,r3i1p1f1,2041,09,14,0.0,34.028442,15.483256,2041
9754,r3i1p1f1,2041,09,15,0.0,33.563366,17.295156,2041
9755,r3i1p1f1,2041,09,16,0.0,31.713783,13.784601,2041
9756,r3i1p1f1,2041,09,17,0.0,27.317968,11.9148445,2041
9757,r3i1p1f1,2041,09,18,0.0,30.05793,13.068119,2041
9758,r3i1p1f1,2041,09,19,0.0,31.4379,13.803094,2041
9759,r3i1p1f1,2041,09,20,0.0,32.36504,13.972208,2041
9760,r3i1p1f1,2041,09,21,0.0,34.26112,15.38396,2041
9761,r3i1p1f1,2041,09,22,0.0,33.864723,15.670916,2041
9762,r3i1p1f1,2041,09,23,0.0,33.04003,14.319309,2041
9763,r3i1p1f1,2041,09,24,0.0,30.368399,13.453564,2041
9764,r3i1p1f1,2041,09,25,0.0,31.766747,14.36081,2041
9765,r3i1p1f1,2041,09,26,0.0,35.258728,16.106228,2041
9766,r3i1p1f1,2041,09,27,0.0,38.033104,18.164959,2041
9767,r3i1p1f1,2041,09,28,0.0,37.864197,19.612682,2041
9768,r3i1p1f1,2041,09,29,0.0,36.993736,17.229156,2041
9769,r3i1p1f1,2041,09,30,0.0,35.12629,15.415767,2041
9770,r3i1p1f1,2041,10,01,0.0,33.992584,14.620813,2041
9771,r3i1p1f1,2041,10,02,0.0,34.518948,15.321219,2041
9772,r3i1p1f1,2041,10,03,0.0,34.447098,14.815767,2041
9773,r3i1p1f1,2041,10,04,0.0,32.30288,13.232254,2041
9774,r3i1p1f1,2041,10,05,0.0,31.26022,12.661923,2041
9775,r3i1p1f1,2041,10,06,0.0,33.235306,14.201136,2041
9776,r3i1p1f1,2041,10,07,0.0,34.494713,15.548757,2041
9777,r3i1p1f1,2041,10,08,0.030890960752554802,32.355156,15.024323,2041
9778,r3i1p1f1,2041,10,09,0.0,24.405354,10.516231,2041
9779,r3i1p1f1,2041,10,10,0.08875432222835529,22.412188,6.413641,2041
9780,r3i1p1f1,2041,10,11,0.0724789982698646,25.528002,8.939874,2041
9781,r3i1p1f1,2041,10,12,0.029638608358447636,26.1344,9.716139,2041
9782,r3i1p1f1,2041,10,13,0.0,27.077238,9.895763,2041
9783,r3i1p1f1,2041,10,14,0.0,25.81476,9.315867,2041
9784,r3i1p1f1,2041,10,15,0.0,24.870586,9.676211,2041
9785,r3i1p1f1,2041,10,16,0.0,22.77915,9.045834,2041
9786,r3i1p1f1,2041,10,17,0.0,20.881853,5.694603,2041
9787,r3i1p1f1,2041,10,18,0.0,26.11976,7.725507,2041
9788,r3i1p1f1,2041,10,19,0.0,27.297138,11.313114,2041
9789,r3i1p1f1,2041,10,20,0.0,28.65563,10.562322,2041
9790,r3i1p1f1,2041,10,21,0.0,30.04121,11.3714,2041
9791,r3i1p1f1,2041,10,22,0.0,30.963612,12.548535,2041
9792,r3i1p1f1,2041,10,23,0.0,31.133095,12.911899,2041
9793,r3i1p1f1,2041,10,24,0.0,30.183762,13.373114,2041
9794,r3i1p1f1,2041,10,25,0.0,28.11821,11.193381,2041
9795,r3i1p1f1,2041,10,26,0.0,26.658901,10.526541,2041
9796,r3i1p1f1,2041,10,27,0.0,28.748446,12.586408,2041
9797,r3i1p1f1,2041,10,28,0.0,29.680927,13.343984,2041
9798,r3i1p1f1,2041,10,29,0.0,28.844807,11.755327,2041
9799,r3i1p1f1,2041,10,30,0.0,29.189398,11.488659,2041
9800,r3i1p1f1,2041,10,31,0.0,29.432566,12.099859,2041
9801,r3i1p1f1,2041,11,01,0.0,29.375729,11.143919,2041
9802,r3i1p1f1,2041,11,02,0.0,28.738152,12.05866,2041
9803,r3i1p1f1,2041,11,03,0.0,28.703346,11.844829,2041
9804,r3i1p1f1,2041,11,04,0.0,28.093315,11.993218,2041
9805,r3i1p1f1,2041,11,05,0.0,27.611887,10.418716,2041
9806,r3i1p1f1,2041,11,06,0.0,27.861279,9.921868,2041
9807,r3i1p1f1,2041,11,07,0.0,29.67435,11.604193,2041
9808,r3i1p1f1,2041,11,08,0.0,29.634281,12.375383,2041
9809,r3i1p1f1,2041,11,09,0.0,26.088665,10.338906,2041
9810,r3i1p1f1,2041,11,10,0.0,22.72602,6.3590813,2041
9811,r3i1p1f1,2041,11,11,0.0,22.502613,6.721952,2041
9812,r3i1p1f1,2041,11,12,0.0,21.789396,4.572228,2041
9813,r3i1p1f1,2041,11,13,0.008972485412607168,18.958544,3.7893944,2041
9814,r3i1p1f1,2041,11,14,3.669550130186756,12.607391,2.8367674,2041
9815,r3i1p1f1,2041,11,15,0.9972283561122216,11.4310875,-1.705653,2041
9816,r3i1p1f1,2041,11,16,0.2950135777747632,14.922904,5.3735995,2041
9817,r3i1p1f1,2041,11,17,0.0,19.762197,2.1520758,2041
9818,r3i1p1f1,2041,11,18,0.0,21.447037,3.6740794,2041
9819,r3i1p1f1,2041,11,19,0.0,24.013247,5.0378623,2041
9820,r3i1p1f1,2041,11,20,0.0,24.701897,5.9804573,2041
9821,r3i1p1f1,2041,11,21,0.0,23.077658,4.2319155,2041
9822,r3i1p1f1,2041,11,22,0.0,21.120895,5.9869933,2041
9823,r3i1p1f1,2041,11,23,0.006112457459411499,20.690144,4.643919,2041
9824,r3i1p1f1,2041,11,24,8.060521746440578,20.352993,7.5356236,2041
9825,r3i1p1f1,2041,11,25,22.050359051032558,10.239326,2.4525867,2041
9826,r3i1p1f1,2041,11,26,0.027973886850910883,8.138649,-3.571293,2041
9827,r3i1p1f1,2041,11,27,0.010338868992359054,9.496982,-3.3010333,2041
9828,r3i1p1f1,2041,11,28,11.358752435200696,9.5695,0.71869016,2041
9829,r3i1p1f1,2041,11,29,39.50706408181841,10.690507,1.8941047,2041
9830,r3i1p1f1,2041,11,30,18.62285286889704,15.794868,3.3942835,2041
9831,r3i1p1f1,2041,12,01,0.5273242065526794,14.08322,2.257013,2041
9832,r3i1p1f1,2041,12,02,5.6195822365936525,12.4491,5.183474,2041
9833,r3i1p1f1,2041,12,03,39.73591205370736,16.324497,6.7005076,2041
9834,r3i1p1f1,2041,12,04,0.08259677425182115,10.2651415,-1.0019772,2041
9835,r3i1p1f1,2041,12,05,0.0,6.907167,-5.091871,2041
9836,r3i1p1f1,2041,12,06,33.72053393169843,8.733411,-2.8944774,2041
9837,r3i1p1f1,2041,12,07,7.618752708398918,8.147906,-1.3914709,2041
9838,r3i1p1f1,2041,12,08,0.9852682986813692,7.054761,-2.540991,2041
9839,r3i1p1f1,2041,12,09,0.0,7.4595284,-5.608827,2041
9840,r3i1p1f1,2041,12,10,4.841044515531834,8.79867,-2.17906,2041
9841,r3i1p1f1,2041,12,11,0.4311721119486747,6.999376,-3.8866227,2041
9842,r3i1p1f1,2041,12,12,0.20067344141738652,7.554075,-1.7600214,2041
9843,r3i1p1f1,2041,12,13,0.0009455006202739296,7.5936317,-0.8019696,2041
9844,r3i1p1f1,2041,12,14,0.0,7.4784994,-4.228366,2041
9845,r3i1p1f1,2041,12,15,0.0,9.743331,-3.8260312,2041
9846,r3i1p1f1,2041,12,16,0.0,14.698854,0.12232303,2041
9847,r3i1p1f1,2041,12,17,0.0,15.771954,1.1813301,2041
9848,r3i1p1f1,2041,12,18,0.0,13.397007,-0.30462977,2041
9849,r3i1p1f1,2041,12,19,0.0,9.652399,-0.40021685,2041
9850,r3i1p1f1,2041,12,20,0.0,9.429078,-1.8331177,2041
9851,r3i1p1f1,2041,12,21,0.0,9.367455,-3.560706,2041
9852,r3i1p1f1,2041,12,22,0.0,8.104294,-2.7435436,2041
9853,r3i1p1f1,2041,12,23,0.0,10.685972,-1.2363108,2041
9854,r3i1p1f1,2041,12,24,0.0,13.636404,-0.2615394,2041
9855,r3i1p1f1,2041,12,25,0.0,12.797718,0.44377568,2041
9856,r3i1p1f1,2041,12,26,0.16991935696448005,13.496958,2.2938898,2041
9857,r3i1p1f1,2041,12,27,12.856659338288438,12.173337,5.4217796,2041
9858,r3i1p1f1,2041,12,28,21.814332449337765,13.069028,4.4415402,2041
9859,r3i1p1f1,2041,12,29,0.6297108052273291,13.656322,2.7029858,2041
9860,r3i1p1f1,2041,12,30,23.495761264348403,15.17891,5.9268937,2041
9861,r3i1p1f1,2041,12,31,2.912655653029512,12.930386,5.0653043,2041
9862,r3i1p1f1,2042,01,01,0.3545962596851468,10.129753,0.7965163,2042
9863,r3i1p1f1,2042,01,02,0.0,10.109029,-2.254765,2042
9864,r3i1p1f1,2042,01,03,0.0,13.178158,0.04692087,2042
9865,r3i1p1f1,2042,01,04,0.03887580386865672,13.001037,5.145805,2042
9866,r3i1p1f1,2042,01,05,0.0,13.225056,1.714668,2042
9867,r3i1p1f1,2042,01,06,0.0,15.083709,1.079962,2042
9868,r3i1p1f1,2042,01,07,0.0007440793860675485,15.570304,3.1533551,2042
9869,r3i1p1f1,2042,01,08,1.4123506209315648,14.258449,5.975554,2042
9870,r3i1p1f1,2042,01,09,0.0025256068770293937,10.509437,-1.1790959,2042
9871,r3i1p1f1,2042,01,10,0.0,10.832735,-1.9871782,2042
9872,r3i1p1f1,2042,01,11,0.0,10.63395,-1.7544729,2042
9873,r3i1p1f1,2042,01,12,0.0,13.6903105,0.21396172,2042
9874,r3i1p1f1,2042,01,13,0.0,16.173534,2.2049627,2042
9875,r3i1p1f1,2042,01,14,0.0,15.589577,2.617949,2042
9876,r3i1p1f1,2042,01,15,0.0,13.774392,0.74486256,2042
9877,r3i1p1f1,2042,01,16,0.0,13.563715,-0.2927951,2042
9878,r3i1p1f1,2042,01,17,0.0,14.848699,0.24972802,2042
9879,r3i1p1f1,2042,01,18,0.0,14.856299,2.6875277,2042
9880,r3i1p1f1,2042,01,19,0.0,15.5628195,0.81537235,2042
9881,r3i1p1f1,2042,01,20,7.9765438855225295,14.359021,4.1691976,2042
9882,r3i1p1f1,2042,01,21,3.519960648708079,9.072043,-0.44487777,2042
9883,r3i1p1f1,2042,01,22,0.014362047055108247,10.474113,-1.0813051,2042
9884,r3i1p1f1,2042,01,23,0.15616532747199843,13.6909,2.5268238,2042
9885,r3i1p1f1,2042,01,24,0.0,14.856692,1.3275425,2042
9886,r3i1p1f1,2042,01,25,5.3735040575448885,15.064256,6.2442174,2042
9887,r3i1p1f1,2042,01,26,0.0,14.608995,1.3171155,2042
9888,r3i1p1f1,2042,01,27,0.0,14.5788145,0.7880171,2042
9889,r3i1p1f1,2042,01,28,0.1029667087073683,11.742809,1.7146119,2042
9890,r3i1p1f1,2042,01,29,0.8432878407499326,12.199976,3.7903795,2042
9891,r3i1p1f1,2042,01,30,0.0,13.298131,-0.15827113,2042
9892,r3i1p1f1,2042,01,31,0.0,13.67934,0.62286973,2042
9893,r3i1p1f1,2042,02,01,0.0,14.013615,1.3123206,2042
9894,r3i1p1f1,2042,02,02,0.0,13.574312,0.1455773,2042
9895,r3i1p1f1,2042,02,03,0.0,14.35994,1.2575725,2042
9896,r3i1p1f1,2042,02,04,0.0,14.798763,0.1506483,2042
9897,r3i1p1f1,2042,02,05,0.0,16.68413,1.4405491,2042
9898,r3i1p1f1,2042,02,06,2.9607731807785362,15.941453,2.7669382,2042
9899,r3i1p1f1,2042,02,07,6.975880208959676,14.265372,1.8228217,2042
9900,r3i1p1f1,2042,02,08,0.22294652031798085,15.037392,3.0134645,2042
9901,r3i1p1f1,2042,02,09,5.178200174696306,15.44046,6.403665,2042
9902,r3i1p1f1,2042,02,10,0.6452049673581232,14.505694,3.6138701,2042
9903,r3i1p1f1,2042,02,11,16.076508936234998,15.379796,6.713503,2042
9904,r3i1p1f1,2042,02,12,0.024452812351889654,15.760636,3.1659012,2042
9905,r3i1p1f1,2042,02,13,0.0,18.148941,3.1449003,2042
9906,r3i1p1f1,2042,02,14,0.0,19.595066,4.50654,2042
9907,r3i1p1f1,2042,02,15,0.0,20.49074,4.671725,2042
9908,r3i1p1f1,2042,02,16,0.0,20.599495,4.0544796,2042
9909,r3i1p1f1,2042,02,17,1.9879136328028946,17.167446,6.1611447,2042
9910,r3i1p1f1,2042,02,18,0.5211324739833468,12.894049,0.8302398,2042
9911,r3i1p1f1,2042,02,19,0.0,10.406243,-1.4514191,2042
9912,r3i1p1f1,2042,02,20,0.04843768910847523,12.375717,-0.21605799,2042
9913,r3i1p1f1,2042,02,21,15.687871411474505,11.7700615,1.0419294,2042
9914,r3i1p1f1,2042,02,22,3.4169986437579305,11.078549,0.012004485,2042
9915,r3i1p1f1,2042,02,23,0.00130390863033068,13.24035,-1.0148867,2042
9916,r3i1p1f1,2042,02,24,0.002952233330826416,14.86902,-0.04942546,2042
9917,r3i1p1f1,2042,02,25,18.112987506919485,13.978242,3.873405,2042
9918,r3i1p1f1,2042,02,26,2.9915562969318037,10.722611,0.16335627,2042
9919,r3i1p1f1,2042,02,27,0.19703323551132626,10.541876,-3.1323366,2042
9920,r3i1p1f1,2042,02,28,0.17607949908889362,9.866722,-2.0154958,2042
9921,r3i1p1f1,2042,03,01,15.014992573485484,6.0023303,-0.48038357,2042
9922,r3i1p1f1,2042,03,02,1.585735620305279,9.196377,-2.2956529,2042
9923,r3i1p1f1,2042,03,03,0.1042474486706796,11.856515,-3.824698,2042
9924,r3i1p1f1,2042,03,04,0.09295378977902036,10.936243,-0.5179733,2042
9925,r3i1p1f1,2042,03,05,0.021553351338794033,12.793003,-3.5965278,2042
9926,r3i1p1f1,2042,03,06,0.0,14.063868,-2.2707355,2042
9927,r3i1p1f1,2042,03,07,0.0,17.511393,0.8609052,2042
9928,r3i1p1f1,2042,03,08,0.0,20.812263,3.441979,2042
9929,r3i1p1f1,2042,03,09,0.0,20.839275,3.7675874,2042
9930,r3i1p1f1,2042,03,10,0.0,19.081024,5.1335087,2042
9931,r3i1p1f1,2042,03,11,0.22070970379652202,14.97896,4.7710986,2042
9932,r3i1p1f1,2042,03,12,0.19342526224632325,15.701799,2.8248494,2042
9933,r3i1p1f1,2042,03,13,0.0,20.111326,4.392791,2042
9934,r3i1p1f1,2042,03,14,0.0,21.728956,3.0344982,2042
9935,r3i1p1f1,2042,03,15,0.0,23.10026,4.164835,2042
9936,r3i1p1f1,2042,03,16,0.0,23.57445,5.7858787,2042
9937,r3i1p1f1,2042,03,17,0.0,24.601809,7.186414,2042
9938,r3i1p1f1,2042,03,18,0.0,25.845459,7.846566,2042
9939,r3i1p1f1,2042,03,19,0.0,26.738647,8.615952,2042
9940,r3i1p1f1,2042,03,20,0.0,27.85641,8.674248,2042
9941,r3i1p1f1,2042,03,21,0.0,26.490469,8.22191,2042
9942,r3i1p1f1,2042,03,22,0.08585181054623911,23.441246,5.9238715,2042
9943,r3i1p1f1,2042,03,23,0.0,21.86057,4.505792,2042
9944,r3i1p1f1,2042,03,24,0.02506984264927627,17.99811,3.122904,2042
9945,r3i1p1f1,2042,03,25,0.08576974065473417,14.640255,-1.5466002,2042
9946,r3i1p1f1,2042,03,26,0.021713637992378965,16.703299,-0.32680413,2042
9947,r3i1p1f1,2042,03,27,0.0,18.019205,0.59315246,2042
9948,r3i1p1f1,2042,03,28,0.0,18.749046,0.9978726,2042
9949,r3i1p1f1,2042,03,29,0.0012073436201634731,20.77586,3.8865907,2042
9950,r3i1p1f1,2042,03,30,0.7397828724832366,19.724054,6.4453936,2042
9951,r3i1p1f1,2042,03,31,0.06478225123525287,19.66118,3.8491626,2042
9952,r3i1p1f1,2042,04,01,0.0,24.692972,5.5014424,2042
9953,r3i1p1f1,2042,04,02,0.0,29.715998,9.930836,2042
9954,r3i1p1f1,2042,04,03,0.0,30.466196,10.719853,2042
9955,r3i1p1f1,2042,04,04,0.0,30.653038,10.768038,2042
9956,r3i1p1f1,2042,04,05,0.0,30.843554,10.702594,2042
9957,r3i1p1f1,2042,04,06,0.0,33.797886,13.289968,2042
9958,r3i1p1f1,2042,04,07,0.0,33.671864,14.258958,2042
9959,r3i1p1f1,2042,04,08,0.0,33.459427,12.688238,2042
9960,r3i1p1f1,2042,04,09,0.0,29.83581,10.564382,2042
9961,r3i1p1f1,2042,04,10,0.0,26.82003,8.074188,2042
9962,r3i1p1f1,2042,04,11,0.0,25.593891,7.3278556,2042
9963,r3i1p1f1,2042,04,12,0.0,25.044107,5.8251367,2042
9964,r3i1p1f1,2042,04,13,0.0,24.889023,5.984,2042
9965,r3i1p1f1,2042,04,14,0.4209749532615068,21.877045,3.3382378,2042
9966,r3i1p1f1,2042,04,15,3.64783522944146,13.884824,2.3486564,2042
9967,r3i1p1f1,2042,04,16,0.4107907356405066,14.989227,0.16089727,2042
9968,r3i1p1f1,2042,04,17,1.197937502524213,15.027525,3.8372772,2042
9969,r3i1p1f1,2042,04,18,8.556523933619687,12.485771,0.6706523,2042
9970,r3i1p1f1,2042,04,19,0.12265557277273867,14.620272,-0.80598104,2042
9971,r3i1p1f1,2042,04,20,0.00038543821905146945,14.36318,-0.7446586,2042
9972,r3i1p1f1,2042,04,21,0.0,17.119802,0.98216593,2042
9973,r3i1p1f1,2042,04,22,0.06332745712522107,17.956352,2.7182536,2042
9974,r3i1p1f1,2042,04,23,0.009490721898724918,18.036833,1.5212721,2042
9975,r3i1p1f1,2042,04,24,0.0023298302072693,15.778641,0.85101384,2042
9976,r3i1p1f1,2042,04,25,0.0,19.907404,1.1730949,2042
9977,r3i1p1f1,2042,04,26,0.0,24.268583,5.3374696,2042
9978,r3i1p1f1,2042,04,27,0.0001854440514844927,25.604685,6.960479,2042
9979,r3i1p1f1,2042,04,28,0.0,26.57563,8.632171,2042
9980,r3i1p1f1,2042,04,29,0.0,29.893702,11.25488,2042
9981,r3i1p1f1,2042,04,30,0.0,32.82961,13.822508,2042
9982,r3i1p1f1,2042,05,01,0.009459851549543215,32.689884,14.645249,2042
9983,r3i1p1f1,2042,05,02,0.00036399836200430536,30.685028,11.646326,2042
9984,r3i1p1f1,2042,05,03,0.0,28.729391,9.755083,2042
9985,r3i1p1f1,2042,05,04,0.008943817846364143,24.585886,6.7446775,2042
9986,r3i1p1f1,2042,05,05,0.5515433555697338,20.865515,8.000619,2042
9987,r3i1p1f1,2042,05,06,0.0,21.755499,4.1538415,2042
9988,r3i1p1f1,2042,05,07,0.0,24.765028,6.227585,2042
9989,r3i1p1f1,2042,05,08,0.0,25.829046,7.0257506,2042
9990,r3i1p1f1,2042,05,09,0.06349860083763346,24.750113,7.279018,2042
9991,r3i1p1f1,2042,05,10,0.13895893741088608,24.678581,9.006922,2042
9992,r3i1p1f1,2042,05,11,0.14181028824885178,28.190947,8.936877,2042
9993,r3i1p1f1,2042,05,12,0.0,27.805584,8.603434,2042
9994,r3i1p1f1,2042,05,13,0.0,26.275908,9.320737,2042
9995,r3i1p1f1,2042,05,14,0.0,29.572012,10.005348,2042
9996,r3i1p1f1,2042,05,15,0.0,34.007236,12.579806,2042
9997,r3i1p1f1,2042,05,16,0.0,35.9556,14.987925,2042
9998,r3i1p1f1,2042,05,17,0.0,37.323597,16.252262,2042
9999,r3i1p1f1,2042,05,18,0.0,35.815178,14.701405,2042
10000,r3i1p1f1,2042,05,19,0.0,32.721092,12.270447,2042
10001,r3i1p1f1,2042,05,20,0.0,28.115452,9.54254,2042
10002,r3i1p1f1,2042,05,21,0.0,28.93193,10.266993,2042
10003,r3i1p1f1,2042,05,22,0.0,32.801777,12.801834,2042
10004,r3i1p1f1,2042,05,23,0.0,32.963764,12.956136,2042
10005,r3i1p1f1,2042,05,24,0.0,28.601774,9.202495,2042
10006,r3i1p1f1,2042,05,25,0.030371046018306955,20.71578,5.5837626,2042
10007,r3i1p1f1,2042,05,26,0.0,25.86904,7.061525,2042
10008,r3i1p1f1,2042,05,27,0.0,33.637505,13.271749,2042
10009,r3i1p1f1,2042,05,28,0.0,36.449886,16.47949,2042
10010,r3i1p1f1,2042,05,29,0.0,36.109474,16.328901,2042
10011,r3i1p1f1,2042,05,30,0.0,32.81936,13.447641,2042
10012,r3i1p1f1,2042,05,31,0.0,29.634596,11.24806,2042
10013,r3i1p1f1,2042,06,01,0.0,28.991611,10.614717,2042
10014,r3i1p1f1,2042,06,02,0.0,31.370749,11.945835,2042
10015,r3i1p1f1,2042,06,03,0.0,35.299393,14.055392,2042
10016,r3i1p1f1,2042,06,04,0.0,36.98723,16.147835,2042
10017,r3i1p1f1,2042,06,05,0.0,36.042973,15.377124,2042
10018,r3i1p1f1,2042,06,06,0.00046255455041925114,34.008377,14.404975,2042
10019,r3i1p1f1,2042,06,07,0.0,30.158768,11.659533,2042
10020,r3i1p1f1,2042,06,08,0.0,28.856674,10.436274,2042
10021,r3i1p1f1,2042,06,09,0.0,29.491964,10.309597,2042
10022,r3i1p1f1,2042,06,10,0.0,29.505356,10.975535,2042
10023,r3i1p1f1,2042,06,11,0.0,28.039215,10.172205,2042
10024,r3i1p1f1,2042,06,12,0.0,26.855034,9.446021,2042
10025,r3i1p1f1,2042,06,13,0.0,29.935339,11.4098625,2042
10026,r3i1p1f1,2042,06,14,0.0,29.958685,12.107868,2042
10027,r3i1p1f1,2042,06,15,0.0,30.555275,11.183696,2042
10028,r3i1p1f1,2042,06,16,0.0,33.030304,12.917603,2042
10029,r3i1p1f1,2042,06,17,0.0,37.401962,15.895941,2042
10030,r3i1p1f1,2042,06,18,0.0,36.04028,15.8842945,2042
10031,r3i1p1f1,2042,06,19,0.0,31.94159,13.072696,2042
10032,r3i1p1f1,2042,06,20,0.0,30.192326,11.608903,2042
10033,r3i1p1f1,2042,06,21,0.0,28.943037,11.251808,2042
10034,r3i1p1f1,2042,06,22,0.0,29.505163,11.758818,2042
10035,r3i1p1f1,2042,06,23,0.0,35.201977,15.520793,2042
10036,r3i1p1f1,2042,06,24,0.0,36.75364,16.89194,2042
10037,r3i1p1f1,2042,06,25,0.0,35.2622,14.477081,2042
10038,r3i1p1f1,2042,06,26,0.0,35.42178,15.037931,2042
10039,r3i1p1f1,2042,06,27,0.0,35.971703,16.110813,2042
10040,r3i1p1f1,2042,06,28,0.0,36.008564,16.15525,2042
10041,r3i1p1f1,2042,06,29,0.0,36.840614,16.908518,2042
10042,r3i1p1f1,2042,06,30,0.0,37.573368,17.006512,2042
10043,r3i1p1f1,2042,07,01,0.0,37.77471,17.195164,2042
10044,r3i1p1f1,2042,07,02,0.0,35.467934,16.986692,2042
10045,r3i1p1f1,2042,07,03,0.0,33.07197,15.301696,2042
10046,r3i1p1f1,2042,07,04,0.0,34.32193,14.793233,2042
10047,r3i1p1f1,2042,07,05,0.0,33.646397,15.098194,2042
10048,r3i1p1f1,2042,07,06,0.0,32.39636,14.434692,2042
10049,r3i1p1f1,2042,07,07,0.0,31.239029,13.047172,2042
10050,r3i1p1f1,2042,07,08,0.0,31.697414,13.421325,2042
10051,r3i1p1f1,2042,07,09,0.0,34.961185,16.221064,2042
10052,r3i1p1f1,2042,07,10,0.0,37.496998,18.00541,2042
10053,r3i1p1f1,2042,07,11,0.0,37.930454,17.909155,2042
10054,r3i1p1f1,2042,07,12,0.0,36.978245,18.114826,2042
10055,r3i1p1f1,2042,07,13,0.0,36.30603,17.92095,2042
10056,r3i1p1f1,2042,07,14,0.0,36.505863,17.09283,2042
10057,r3i1p1f1,2042,07,15,0.0,37.230297,17.396002,2042
10058,r3i1p1f1,2042,07,16,0.0,37.902622,18.405935,2042
10059,r3i1p1f1,2042,07,17,0.0,37.866196,18.768425,2042
10060,r3i1p1f1,2042,07,18,0.0,38.45839,18.858664,2042
10061,r3i1p1f1,2042,07,19,0.0,37.79911,17.950521,2042
10062,r3i1p1f1,2042,07,20,0.0,37.8946,18.295094,2042
10063,r3i1p1f1,2042,07,21,0.0,37.115417,18.349592,2042
10064,r3i1p1f1,2042,07,22,0.0,34.106018,17.319044,2042
10065,r3i1p1f1,2042,07,23,0.0,32.97253,17.342085,2042
10066,r3i1p1f1,2042,07,24,0.0,34.766205,17.007994,2042
10067,r3i1p1f1,2042,07,25,0.0,37.54798,17.513144,2042
10068,r3i1p1f1,2042,07,26,0.0,38.78299,18.838348,2042
10069,r3i1p1f1,2042,07,27,0.0,37.73161,18.147608,2042
10070,r3i1p1f1,2042,07,28,0.0,34.606148,17.054262,2042
10071,r3i1p1f1,2042,07,29,0.0,33.613976,16.843035,2042
10072,r3i1p1f1,2042,07,30,0.0,35.821465,16.585585,2042
10073,r3i1p1f1,2042,07,31,0.0,36.759865,16.777283,2042
10074,r3i1p1f1,2042,08,01,0.0,37.360115,17.501448,2042
10075,r3i1p1f1,2042,08,02,0.0,37.000393,17.604788,2042
10076,r3i1p1f1,2042,08,03,0.0,34.394596,17.70891,2042
10077,r3i1p1f1,2042,08,04,0.0,32.856808,16.039871,2042
10078,r3i1p1f1,2042,08,05,0.21448841305259106,31.56715,15.723881,2042
10079,r3i1p1f1,2042,08,06,0.007439367473125458,30.229725,14.610901,2042
10080,r3i1p1f1,2042,08,07,0.00629220496524464,31.557299,14.100164,2042
10081,r3i1p1f1,2042,08,08,0.0,33.766823,15.568333,2042
10082,r3i1p1f1,2042,08,09,0.0,36.282745,16.904272,2042
10083,r3i1p1f1,2042,08,10,0.04314160230878218,38.823467,18.472263,2042
10084,r3i1p1f1,2042,08,11,0.05212110654225178,38.028683,19.485401,2042
10085,r3i1p1f1,2042,08,12,0.00966623612453766,37.72022,19.321453,2042
10086,r3i1p1f1,2042,08,13,1.1241494055844448,37.131393,19.59421,2042
10087,r3i1p1f1,2042,08,14,0.0,35.71156,17.450636,2042
10088,r3i1p1f1,2042,08,15,0.0,33.632336,16.516432,2042
10089,r3i1p1f1,2042,08,16,0.0,36.18203,16.613806,2042
10090,r3i1p1f1,2042,08,17,0.0,35.451916,16.729233,2042
10091,r3i1p1f1,2042,08,18,0.0,30.871552,14.071945,2042
10092,r3i1p1f1,2042,08,19,0.14234439147085967,32.328568,15.047525,2042
10093,r3i1p1f1,2042,08,20,1.0784287584035404,32.38678,15.936697,2042
10094,r3i1p1f1,2042,08,21,0.013788838669742372,29.681534,13.170399,2042
10095,r3i1p1f1,2042,08,22,0.0,28.83633,11.840848,2042
10096,r3i1p1f1,2042,08,23,0.0,29.974005,12.436541,2042
10097,r3i1p1f1,2042,08,24,0.0,30.989588,12.651732,2042
10098,r3i1p1f1,2042,08,25,0.0,32.386673,13.9155245,2042
10099,r3i1p1f1,2042,08,26,0.0,33.593033,14.626824,2042
10100,r3i1p1f1,2042,08,27,0.0,34.89402,14.784432,2042
10101,r3i1p1f1,2042,08,28,0.0,36.225124,17.61558,2042
10102,r3i1p1f1,2042,08,29,0.0,36.229492,18.73047,2042
10103,r3i1p1f1,2042,08,30,0.0,37.638374,17.159328,2042
10104,r3i1p1f1,2042,08,31,0.001608785665170713,37.374702,16.774183,2042
10105,r3i1p1f1,2042,09,01,0.0,36.092747,17.742474,2042
10106,r3i1p1f1,2042,09,02,0.0,35.730568,15.7968645,2042
10107,r3i1p1f1,2042,09,03,0.0,34.071922,15.127732,2042
10108,r3i1p1f1,2042,09,04,0.0,29.001608,15.385468,2042
10109,r3i1p1f1,2042,09,05,0.006393223196606745,28.77576,12.440055,2042
10110,r3i1p1f1,2042,09,06,0.0,30.93122,13.812089,2042
10111,r3i1p1f1,2042,09,07,0.0,34.109745,15.902623,2042
10112,r3i1p1f1,2042,09,08,0.0,37.16269,17.598026,2042
10113,r3i1p1f1,2042,09,09,0.0,37.249065,18.736258,2042
10114,r3i1p1f1,2042,09,10,0.0,37.07233,18.531656,2042
10115,r3i1p1f1,2042,09,11,0.0,36.97211,18.213863,2042
10116,r3i1p1f1,2042,09,12,0.09468020200129655,36.17531,17.530521,2042
10117,r3i1p1f1,2042,09,13,0.0027012854997971745,35.380943,17.120651,2042
10118,r3i1p1f1,2042,09,14,4.3351504511996835,33.23386,17.501274,2042
10119,r3i1p1f1,2042,09,15,0.5744397660182035,29.417986,14.247554,2042
10120,r3i1p1f1,2042,09,16,0.3863401012914079,29.37142,12.947205,2042
10121,r3i1p1f1,2042,09,17,0.0,28.35251,13.099037,2042
10122,r3i1p1f1,2042,09,18,0.0028250027433827972,27.166174,10.571836,2042
10123,r3i1p1f1,2042,09,19,0.02620599633012193,25.961777,10.0883045,2042
10124,r3i1p1f1,2042,09,20,0.01839873669792503,26.699387,10.324803,2042
10125,r3i1p1f1,2042,09,21,0.42267278627012717,27.444868,10.723945,2042
10126,r3i1p1f1,2042,09,22,1.5351810558499754,30.17637,13.227428,2042
10127,r3i1p1f1,2042,09,23,1.1077537438408895,30.842672,13.835483,2042
10128,r3i1p1f1,2042,09,24,1.0224444350707487,29.112402,13.218041,2042
10129,r3i1p1f1,2042,09,25,2.376931490997377,27.5259,11.591166,2042
10130,r3i1p1f1,2042,09,26,0.7907146044982999,26.601995,10.78195,2042
10131,r3i1p1f1,2042,09,27,0.02575571616833975,24.98869,9.48635,2042
10132,r3i1p1f1,2042,09,28,0.0,24.102196,8.937304,2042
10133,r3i1p1f1,2042,09,29,0.0,27.27408,9.980087,2042
10134,r3i1p1f1,2042,09,30,0.0,28.336666,10.587653,2042
10135,r3i1p1f1,2042,10,01,0.0,26.943039,10.478998,2042
10136,r3i1p1f1,2042,10,02,0.0004097866776371093,25.471893,9.126108,2042
10137,r3i1p1f1,2042,10,03,0.0,27.70409,10.342438,2042
10138,r3i1p1f1,2042,10,04,0.0,27.220861,9.688283,2042
10139,r3i1p1f1,2042,10,05,0.002445867787834934,24.125206,7.043409,2042
10140,r3i1p1f1,2042,10,06,0.28394974126030953,22.736174,7.198987,2042
10141,r3i1p1f1,2042,10,07,0.1932262428476172,21.053576,5.768231,2042
10142,r3i1p1f1,2042,10,08,0.0,22.378727,6.2739677,2042
10143,r3i1p1f1,2042,10,09,0.0,22.94119,8.393588,2042
10144,r3i1p1f1,2042,10,10,0.0,23.774342,8.344302,2042
10145,r3i1p1f1,2042,10,11,0.0,27.793694,9.9374895,2042
10146,r3i1p1f1,2042,10,12,0.0,30.913166,12.554771,2042
10147,r3i1p1f1,2042,10,13,0.0,33.732483,15.0158,2042
10148,r3i1p1f1,2042,10,14,0.0,35.317616,15.664261,2042
10149,r3i1p1f1,2042,10,15,0.0,34.57349,16.370277,2042
10150,r3i1p1f1,2042,10,16,0.022878998234139573,30.697798,12.532708,2042
10151,r3i1p1f1,2042,10,17,0.0006986708577835199,23.77644,9.075468,2042
10152,r3i1p1f1,2042,10,18,0.0,23.936134,9.880542,2042
10153,r3i1p1f1,2042,10,19,0.0,26.279549,9.923182,2042
10154,r3i1p1f1,2042,10,20,0.0,27.603441,10.35353,2042
10155,r3i1p1f1,2042,10,21,0.00019887659370645204,26.618729,11.498086,2042
10156,r3i1p1f1,2042,10,22,0.0,24.315361,9.19429,2042
10157,r3i1p1f1,2042,10,23,0.003064226413808876,22.687141,6.751358,2042
10158,r3i1p1f1,2042,10,24,0.5192910750222588,17.580685,4.5642953,2042
10159,r3i1p1f1,2042,10,25,0.0010914832466479504,17.494688,3.2973726,2042
10160,r3i1p1f1,2042,10,26,0.0,20.401346,4.0999527,2042
10161,r3i1p1f1,2042,10,27,0.0,22.012415,4.621513,2042
10162,r3i1p1f1,2042,10,28,0.0,22.228584,5.5171075,2042
10163,r3i1p1f1,2042,10,29,0.0,21.16942,5.9652414,2042
10164,r3i1p1f1,2042,10,30,0.0,23.26721,6.9652047,2042
10165,r3i1p1f1,2042,10,31,0.0,26.060238,9.030399,2042
10166,r3i1p1f1,2042,11,01,0.0,26.451403,9.506234,2042
10167,r3i1p1f1,2042,11,02,0.0,26.75083,9.615533,2042
10168,r3i1p1f1,2042,11,03,0.0,26.702381,10.0419655,2042
10169,r3i1p1f1,2042,11,04,0.0,24.988653,10.048102,2042
10170,r3i1p1f1,2042,11,05,0.0,18.850777,5.324985,2042
10171,r3i1p1f1,2042,11,06,0.023166252168735038,17.235378,4.3268,2042
10172,r3i1p1f1,2042,11,07,0.0,20.146854,3.5545661,2042
10173,r3i1p1f1,2042,11,08,0.0,20.461058,5.233685,2042
10174,r3i1p1f1,2042,11,09,0.0,17.996517,2.244704,2042
10175,r3i1p1f1,2042,11,10,0.005323901546723915,18.69901,4.8145466,2042
10176,r3i1p1f1,2042,11,11,0.0,19.344896,5.2882767,2042
10177,r3i1p1f1,2042,11,12,0.0005815249945347508,20.764793,8.767026,2042
10178,r3i1p1f1,2042,11,13,0.002132579084542213,18.48134,3.8426864,2042
10179,r3i1p1f1,2042,11,14,0.0,17.622303,2.0726817,2042
10180,r3i1p1f1,2042,11,15,0.0,20.153933,1.2940872,2042
10181,r3i1p1f1,2042,11,16,0.0,22.312237,4.335099,2042
10182,r3i1p1f1,2042,11,17,0.0,21.593874,5.932877,2042
10183,r3i1p1f1,2042,11,18,0.0012409101349696743,20.846325,4.977811,2042
10184,r3i1p1f1,2042,11,19,0.1324666895997132,19.192001,7.280091,2042
10185,r3i1p1f1,2042,11,20,0.0,18.337477,-0.24115482,2042
10186,r3i1p1f1,2042,11,21,0.0,18.453289,3.7474713,2042
10187,r3i1p1f1,2042,11,22,0.0,19.788517,2.5193906,2042
10188,r3i1p1f1,2042,11,23,0.0,18.30047,3.1346247,2042
10189,r3i1p1f1,2042,11,24,0.0,15.274673,0.28745052,2042
10190,r3i1p1f1,2042,11,25,0.0,16.581839,-2.317217,2042
10191,r3i1p1f1,2042,11,26,0.0,17.01062,0.47456312,2042
10192,r3i1p1f1,2042,11,27,0.01760973199976213,18.490337,4.0858307,2042
10193,r3i1p1f1,2042,11,28,0.0006516104225407947,18.178616,-1.4732761,2042
10194,r3i1p1f1,2042,11,29,0.21830959971504688,16.652855,1.0157783,2042
10195,r3i1p1f1,2042,11,30,2.096843901776028,16.16579,4.256698,2042
10196,r3i1p1f1,2042,12,01,2.3535770728961904,13.395558,4.4330816,2042
10197,r3i1p1f1,2042,12,02,0.2573060110179623,14.182799,2.5155013,2042
10198,r3i1p1f1,2042,12,03,0.0,15.1963825,1.3123337,2042
10199,r3i1p1f1,2042,12,04,0.0,16.41697,2.6704457,2042
10200,r3i1p1f1,2042,12,05,2.4917845568622643,16.530834,3.2741656,2042
10201,r3i1p1f1,2042,12,06,0.540014374713461,15.526755,4.5827518,2042
10202,r3i1p1f1,2042,12,07,6.684493995047556,13.082786,1.5694318,2042
10203,r3i1p1f1,2042,12,08,47.150141341139026,13.7168865,5.8603625,2042
10204,r3i1p1f1,2042,12,09,25.170615508848805,17.777136,7.915827,2042
10205,r3i1p1f1,2042,12,10,0.8694611135830531,15.997715,6.526451,2042
10206,r3i1p1f1,2042,12,11,0.13251213706153617,16.523026,8.714142,2042
10207,r3i1p1f1,2042,12,12,0.44186806272219575,16.461372,7.2792506,2042
10208,r3i1p1f1,2042,12,13,0.0,15.827238,1.4507291,2042
10209,r3i1p1f1,2042,12,14,0.0,13.882258,0.63236016,2042
10210,r3i1p1f1,2042,12,15,0.0,12.219803,-0.9167824,2042
10211,r3i1p1f1,2042,12,16,0.022140217876740004,11.258926,0.31060272,2042
10212,r3i1p1f1,2042,12,17,0.009506143644764299,13.739811,2.3384304,2042
10213,r3i1p1f1,2042,12,18,0.0,14.192463,2.6814542,2042
10214,r3i1p1f1,2042,12,19,0.0,12.16914,-0.49793792,2042
10215,r3i1p1f1,2042,12,20,0.0,13.486477,-0.47628564,2042
10216,r3i1p1f1,2042,12,21,0.0,12.4555645,-1.0896938,2042
10217,r3i1p1f1,2042,12,22,0.0,14.05525,-0.45947793,2042
10218,r3i1p1f1,2042,12,23,2.475808624770004,11.307097,0.95054865,2042
10219,r3i1p1f1,2042,12,24,36.011612380671345,9.503239,0.7684295,2042
10220,r3i1p1f1,2042,12,25,5.488703879204671,12.265004,1.3448751,2042
10221,r3i1p1f1,2042,12,26,1.9264676676765233,12.80147,4.488356,2042
10222,r3i1p1f1,2042,12,27,50.95905185267894,13.899575,5.783413,2042
10223,r3i1p1f1,2042,12,28,43.48521115193955,16.424541,7.5736814,2042
10224,r3i1p1f1,2042,12,29,3.813364553223602,14.420574,4.5828767,2042
10225,r3i1p1f1,2042,12,30,0.00017423694247775006,12.354207,0.33125544,2042
10226,r3i1p1f1,2042,12,31,0.0,15.970107,2.0362582,2042
10227,r3i1p1f1,2043,01,01,0.0,16.61616,1.9473375,2043
10228,r3i1p1f1,2043,01,02,0.0,14.4785795,3.7905865,2043
10229,r3i1p1f1,2043,01,03,0.0,17.392626,4.644685,2043
10230,r3i1p1f1,2043,01,04,0.0,16.88883,4.9719515,2043
10231,r3i1p1f1,2043,01,05,0.0,16.72119,7.3208156,2043
10232,r3i1p1f1,2043,01,06,0.047656812693634434,16.7717,6.062855,2043
10233,r3i1p1f1,2043,01,07,0.093122733030186,17.764362,5.4351473,2043
10234,r3i1p1f1,2043,01,08,0.0,18.12155,5.762418,2043
10235,r3i1p1f1,2043,01,09,0.0,19.920721,6.418422,2043
10236,r3i1p1f1,2043,01,10,0.0,19.558502,6.4969854,2043
10237,r3i1p1f1,2043,01,11,0.6527002210226452,17.861872,6.0314484,2043
10238,r3i1p1f1,2043,01,12,1.0828488765246496,15.41183,6.7774878,2043
10239,r3i1p1f1,2043,01,13,0.061627881159162796,16.7259,5.4171634,2043
10240,r3i1p1f1,2043,01,14,0.0,15.737716,4.207254,2043
10241,r3i1p1f1,2043,01,15,0.0,17.230217,4.3968863,2043
10242,r3i1p1f1,2043,01,16,0.0,18.968636,6.0897098,2043
10243,r3i1p1f1,2043,01,17,0.0,19.858044,6.605842,2043
10244,r3i1p1f1,2043,01,18,0.0,21.269512,7.9707255,2043
10245,r3i1p1f1,2043,01,19,0.026719623430946023,20.682127,7.0965343,2043
10246,r3i1p1f1,2043,01,20,0.00473197302639936,18.538652,7.6395545,2043
10247,r3i1p1f1,2043,01,21,0.0,14.1394415,1.2307714,2043
10248,r3i1p1f1,2043,01,22,0.4668359012331083,14.235422,2.7022748,2043
10249,r3i1p1f1,2043,01,23,0.8649917432932963,11.866169,1.6047637,2043
10250,r3i1p1f1,2043,01,24,8.838506084996908,12.198666,5.857875,2043
10251,r3i1p1f1,2043,01,25,0.10770557830007667,10.803057,0.37391102,2043
10252,r3i1p1f1,2043,01,26,0.0,12.886925,0.51779634,2043
10253,r3i1p1f1,2043,01,27,0.0,14.778865,1.2852539,2043
10254,r3i1p1f1,2043,01,28,0.0,14.637886,2.1250873,2043
10255,r3i1p1f1,2043,01,29,0.020619369158036232,16.039864,3.0810676,2043
10256,r3i1p1f1,2043,01,30,0.0,14.008905,0.6320812,2043
10257,r3i1p1f1,2043,01,31,0.0,12.907966,0.3184541,2043
10258,r3i1p1f1,2043,02,01,0.0,13.598224,0.82197946,2043
10259,r3i1p1f1,2043,02,02,0.0,17.06185,3.785578,2043
10260,r3i1p1f1,2043,02,03,0.28237793809460005,18.244005,5.180603,2043
10261,r3i1p1f1,2043,02,04,0.0,15.708755,3.690048,2043
10262,r3i1p1f1,2043,02,05,0.0,16.127432,4.405707,2043
10263,r3i1p1f1,2043,02,06,0.0,19.155855,3.9889464,2043
10264,r3i1p1f1,2043,02,07,0.0,21.74933,6.101203,2043
10265,r3i1p1f1,2043,02,08,0.0,20.247921,6.2357526,2043
10266,r3i1p1f1,2043,02,09,0.0,19.896181,6.482348,2043
10267,r3i1p1f1,2043,02,10,0.0,21.33148,6.472077,2043
10268,r3i1p1f1,2043,02,11,0.0,20.830204,5.8651104,2043
10269,r3i1p1f1,2043,02,12,0.0,22.882315,7.42391,2043
10270,r3i1p1f1,2043,02,13,0.0,24.042673,7.967691,2043
10271,r3i1p1f1,2043,02,14,0.008020705762178157,23.25335,6.37009,2043
10272,r3i1p1f1,2043,02,15,5.084551867202566,18.854504,5.9296217,2043
10273,r3i1p1f1,2043,02,16,11.768889207127028,17.151491,6.2797065,2043
10274,r3i1p1f1,2043,02,17,1.014970497591562,10.758122,1.424012,2043
10275,r3i1p1f1,2043,02,18,0.09096723141600237,13.568553,0.5594323,2043
10276,r3i1p1f1,2043,02,19,0.0008412176270432996,13.972039,-0.18669891,2043
10277,r3i1p1f1,2043,02,20,7.593488101552022,13.03022,5.427178,2043
10278,r3i1p1f1,2043,02,21,1.23409903300247,16.924427,2.9798102,2043
10279,r3i1p1f1,2043,02,22,0.0,20.044863,3.7386706,2043
10280,r3i1p1f1,2043,02,23,21.713339744094288,17.252996,6.833228,2043
10281,r3i1p1f1,2043,02,24,24.932715489152486,17.06835,9.337368,2043
10282,r3i1p1f1,2043,02,25,38.04534900140425,18.236233,11.307416,2043
10283,r3i1p1f1,2043,02,26,32.61206251078076,17.52002,6.873211,2043
10284,r3i1p1f1,2043,02,27,8.65956615484086,12.006981,1.6313865,2043
10285,r3i1p1f1,2043,02,28,0.0004642993691518451,9.154004,-2.8017864,2043
10286,r3i1p1f1,2043,03,01,0.014499477157104675,13.038644,-0.9303835,2043
10287,r3i1p1f1,2043,03,02,0.39314895705694763,18.700108,3.8952615,2043
10288,r3i1p1f1,2043,03,03,0.02747760040757853,19.444016,4.743725,2043
10289,r3i1p1f1,2043,03,04,0.0,20.469887,5.3733106,2043
10290,r3i1p1f1,2043,03,05,0.0018993894143408618,19.654339,7.71201,2043
10291,r3i1p1f1,2043,03,06,6.3537833593380295,15.938311,5.405608,2043
10292,r3i1p1f1,2043,03,07,0.048015687877495744,16.768206,2.3582127,2043
10293,r3i1p1f1,2043,03,08,0.0005768748054503125,20.053072,3.1867766,2043
10294,r3i1p1f1,2043,03,09,1.3054426688386505,18.778934,6.5364795,2043
10295,r3i1p1f1,2043,03,10,0.0,16.911186,0.72112536,2043
10296,r3i1p1f1,2043,03,11,0.09471203863017075,16.84531,4.4065185,2043
10297,r3i1p1f1,2043,03,12,0.1442117966678669,14.828877,1.7475647,2043
10298,r3i1p1f1,2043,03,13,0.0778151014541932,13.922454,0.7527996,2043
10299,r3i1p1f1,2043,03,14,0.013921733416006618,15.9341,0.83464134,2043
10300,r3i1p1f1,2043,03,15,0.0,16.819582,0.9415897,2043
10301,r3i1p1f1,2043,03,16,0.1392273357575477,16.356958,0.867173,2043
10302,r3i1p1f1,2043,03,17,0.0,17.275625,-0.5000143,2043
10303,r3i1p1f1,2043,03,18,0.0,18.744347,1.8806185,2043
10304,r3i1p1f1,2043,03,19,0.0004768829835070805,18.613226,1.9660156,2043
10305,r3i1p1f1,2043,03,20,0.0,19.644552,1.5757904,2043
10306,r3i1p1f1,2043,03,21,0.02660261492675283,18.205889,4.785235,2043
10307,r3i1p1f1,2043,03,22,0.013684933276663563,20.603552,2.807578,2043
10308,r3i1p1f1,2043,03,23,0.0,23.483244,5.8415666,2043
10309,r3i1p1f1,2043,03,24,0.0,26.967482,8.46192,2043
10310,r3i1p1f1,2043,03,25,0.0,28.538103,10.888639,2043
10311,r3i1p1f1,2043,03,26,0.0,28.929613,9.541454,2043
10312,r3i1p1f1,2043,03,27,0.0,24.246605,6.8119173,2043
10313,r3i1p1f1,2043,03,28,0.0,19.758728,2.9788117,2043
10314,r3i1p1f1,2043,03,29,0.0,21.060366,1.8621855,2043
10315,r3i1p1f1,2043,03,30,0.0,23.11366,3.721093,2043
10316,r3i1p1f1,2043,03,31,0.047524942217547286,23.9578,3.3254468,2043
10317,r3i1p1f1,2043,04,01,17.003805589865255,17.042208,5.4369802,2043
10318,r3i1p1f1,2043,04,02,9.0016883249499,14.670831,4.6692867,2043
10319,r3i1p1f1,2043,04,03,2.8599533002538506,11.561137,3.5511832,2043
10320,r3i1p1f1,2043,04,04,0.08525391023740116,16.371439,1.1111498,2043
10321,r3i1p1f1,2043,04,05,0.0010785179928820016,21.536976,4.8017626,2043
10322,r3i1p1f1,2043,04,06,0.0,23.507612,5.5675025,2043
10323,r3i1p1f1,2043,04,07,0.0,25.900326,7.0074625,2043
10324,r3i1p1f1,2043,04,08,0.03994800308701639,24.047865,7.6098237,2043
10325,r3i1p1f1,2043,04,09,0.03603629136429817,19.909855,4.4616537,2043
10326,r3i1p1f1,2043,04,10,2.2201743316867524,17.850372,2.182068,2043
10327,r3i1p1f1,2043,04,11,1.4948262306147213,15.993189,3.6829698,2043
10328,r3i1p1f1,2043,04,12,0.0838263499352968,16.51246,3.5275104,2043
10329,r3i1p1f1,2043,04,13,0.03673986732434115,17.702015,2.267861,2043
10330,r3i1p1f1,2043,04,14,0.0,19.59881,2.4818094,2043
10331,r3i1p1f1,2043,04,15,0.0,21.07653,3.375765,2043
10332,r3i1p1f1,2043,04,16,0.0,22.121523,4.0578566,2043
10333,r3i1p1f1,2043,04,17,0.0,25.459545,6.387761,2043
10334,r3i1p1f1,2043,04,18,0.0,27.13958,8.215062,2043
10335,r3i1p1f1,2043,04,19,0.0,24.630209,6.6621013,2043
10336,r3i1p1f1,2043,04,20,0.0,26.885908,8.86437,2043
10337,r3i1p1f1,2043,04,21,0.0,32.115456,11.38165,2043
10338,r3i1p1f1,2043,04,22,0.0,31.25741,10.764894,2043
10339,r3i1p1f1,2043,04,23,0.017644831236931637,24.786484,7.454849,2043
10340,r3i1p1f1,2043,04,24,0.012694772819734433,21.713474,3.33074,2043
10341,r3i1p1f1,2043,04,25,0.0,21.453686,3.7454367,2043
10342,r3i1p1f1,2043,04,26,0.0,21.16894,5.5147796,2043
10343,r3i1p1f1,2043,04,27,0.09709574138414058,21.543331,4.718152,2043
10344,r3i1p1f1,2043,04,28,0.0,22.287264,3.6116745,2043
10345,r3i1p1f1,2043,04,29,0.1277555163048391,20.637339,4.287642,2043
10346,r3i1p1f1,2043,04,30,0.0781731145407045,18.624363,4.712744,2043
10347,r3i1p1f1,2043,05,01,0.0,23.711546,4.499054,2043
10348,r3i1p1f1,2043,05,02,0.004186098050206166,24.416786,6.5700827,2043
10349,r3i1p1f1,2043,05,03,0.6403327669321505,21.422018,4.9951696,2043
10350,r3i1p1f1,2043,05,04,0.02680371898653296,22.52209,4.9275227,2043
10351,r3i1p1f1,2043,05,05,0.0,27.333706,8.074736,2043
10352,r3i1p1f1,2043,05,06,0.0,31.851744,11.175095,2043
10353,r3i1p1f1,2043,05,07,0.0,31.747509,11.316671,2043
10354,r3i1p1f1,2043,05,08,0.0,27.276667,8.706767,2043
10355,r3i1p1f1,2043,05,09,0.0,21.606167,3.692153,2043
10356,r3i1p1f1,2043,05,10,0.0,26.152191,6.9754,2043
10357,r3i1p1f1,2043,05,11,0.0,26.697674,7.553756,2043
10358,r3i1p1f1,2043,05,12,0.0,32.597546,11.654795,2043
10359,r3i1p1f1,2043,05,13,0.0,31.869593,11.202506,2043
10360,r3i1p1f1,2043,05,14,1.1746584248800045,25.777918,8.93222,2043
10361,r3i1p1f1,2043,05,15,0.9652287547236703,19.570097,4.37333,2043
10362,r3i1p1f1,2043,05,16,11.54052219291991,15.005433,4.801134,2043
10363,r3i1p1f1,2043,05,17,0.7683562720536209,15.113665,1.3149146,2043
10364,r3i1p1f1,2043,05,18,0.8685394444932392,14.312491,0.65331846,2043
10365,r3i1p1f1,2043,05,19,0.02502407586717075,18.986467,2.119801,2043
10366,r3i1p1f1,2043,05,20,0.00047950791475049107,22.336641,4.3354383,2043
10367,r3i1p1f1,2043,05,21,0.0,25.130674,7.4087596,2043
10368,r3i1p1f1,2043,05,22,0.0,28.715042,10.254228,2043
10369,r3i1p1f1,2043,05,23,0.0,29.705078,11.197806,2043
10370,r3i1p1f1,2043,05,24,0.0,28.549097,9.9801035,2043
10371,r3i1p1f1,2043,05,25,0.0,26.027872,8.521432,2043
10372,r3i1p1f1,2043,05,26,0.0,22.896212,5.0584435,2043
10373,r3i1p1f1,2043,05,27,0.0,29.600946,9.901327,2043
10374,r3i1p1f1,2043,05,28,0.0,34.594032,14.245284,2043
10375,r3i1p1f1,2043,05,29,0.0,34.12694,14.465827,2043
10376,r3i1p1f1,2043,05,30,0.0,32.67058,13.994525,2043
10377,r3i1p1f1,2043,05,31,0.0,32.340706,13.408219,2043
10378,r3i1p1f1,2043,06,01,0.0,31.1902,10.8703785,2043
10379,r3i1p1f1,2043,06,02,0.0,26.740961,10.047206,2043
10380,r3i1p1f1,2043,06,03,0.0,30.281822,11.534237,2043
10381,r3i1p1f1,2043,06,04,0.0,33.27216,14.022662,2043
10382,r3i1p1f1,2043,06,05,0.0,34.0661,13.417638,2043
10383,r3i1p1f1,2043,06,06,0.0,32.324493,13.487018,2043
10384,r3i1p1f1,2043,06,07,0.0,29.336294,11.125391,2043
10385,r3i1p1f1,2043,06,08,0.0,30.033691,11.888989,2043
10386,r3i1p1f1,2043,06,09,0.02689526509846363,29.313576,11.334626,2043
10387,r3i1p1f1,2043,06,10,0.00014167473912521294,26.980444,9.404956,2043
10388,r3i1p1f1,2043,06,11,0.0012280673818719206,29.11334,11.60155,2043
10389,r3i1p1f1,2043,06,12,0.004276217624657985,28.898369,11.228942,2043
10390,r3i1p1f1,2043,06,13,1.2900407073020963,26.754862,9.901163,2043
10391,r3i1p1f1,2043,06,14,0.7617534340434676,22.336079,8.664066,2043
10392,r3i1p1f1,2043,06,15,0.007085985033137893,27.576138,10.043992,2043
10393,r3i1p1f1,2043,06,16,0.0,29.2395,11.727034,2043
10394,r3i1p1f1,2043,06,17,0.0,29.995008,12.100153,2043
10395,r3i1p1f1,2043,06,18,0.0,31.232368,12.744904,2043
10396,r3i1p1f1,2043,06,19,0.0,31.77689,13.620439,2043
10397,r3i1p1f1,2043,06,20,0.0,32.00927,13.816145,2043
10398,r3i1p1f1,2043,06,21,0.0,34.052235,14.754214,2043
10399,r3i1p1f1,2043,06,22,0.0,35.54009,16.839176,2043
10400,r3i1p1f1,2043,06,23,0.0,37.121475,17.1584,2043
10401,r3i1p1f1,2043,06,24,0.0,36.445297,16.442446,2043
10402,r3i1p1f1,2043,06,25,0.0,38.298447,18.160206,2043
10403,r3i1p1f1,2043,06,26,0.0,39.465496,19.34643,2043
10404,r3i1p1f1,2043,06,27,0.0,38.701,18.64022,2043
10405,r3i1p1f1,2043,06,28,0.0,37.87868,17.208336,2043
10406,r3i1p1f1,2043,06,29,0.0,34.954594,15.20867,2043
10407,r3i1p1f1,2043,06,30,0.0,33.924442,16.08981,2043
10408,r3i1p1f1,2043,07,01,0.0,35.14077,18.262865,2043
10409,r3i1p1f1,2043,07,02,0.0,35.21078,17.244518,2043
10410,r3i1p1f1,2043,07,03,0.0,32.513615,15.518224,2043
10411,r3i1p1f1,2043,07,04,0.016868407979156032,30.873394,13.697452,2043
10412,r3i1p1f1,2043,07,05,0.0,32.704838,14.27894,2043
10413,r3i1p1f1,2043,07,06,0.0,32.84965,14.719499,2043
10414,r3i1p1f1,2043,07,07,0.0,32.59512,14.930626,2043
10415,r3i1p1f1,2043,07,08,0.0,33.800896,15.740837,2043
10416,r3i1p1f1,2043,07,09,0.0,35.883263,16.187237,2043
10417,r3i1p1f1,2043,07,10,0.0,36.6522,17.314585,2043
10418,r3i1p1f1,2043,07,11,0.0,35.502243,16.173819,2043
10419,r3i1p1f1,2043,07,12,0.0,32.728897,15.037451,2043
10420,r3i1p1f1,2043,07,13,0.0,33.598164,15.936353,2043
10421,r3i1p1f1,2043,07,14,0.0,34.455475,16.094574,2043
10422,r3i1p1f1,2043,07,15,0.0,35.709995,16.887957,2043
10423,r3i1p1f1,2043,07,16,0.0,38.158794,18.573513,2043
10424,r3i1p1f1,2043,07,17,0.0,39.187984,19.259108,2043
10425,r3i1p1f1,2043,07,18,0.0,39.21175,19.161999,2043
10426,r3i1p1f1,2043,07,19,0.0,38.8084,19.080881,2043
10427,r3i1p1f1,2043,07,20,0.0,38.913715,18.426634,2043
10428,r3i1p1f1,2043,07,21,0.0,36.230156,17.455935,2043
10429,r3i1p1f1,2043,07,22,0.0,32.770622,16.875092,2043
10430,r3i1p1f1,2043,07,23,0.0,33.551132,16.613989,2043
10431,r3i1p1f1,2043,07,24,0.31932249250751216,33.646656,17.473577,2043
10432,r3i1p1f1,2043,07,25,0.043618019549423036,30.93231,15.816081,2043
10433,r3i1p1f1,2043,07,26,0.02180927577710739,30.4234,15.365126,2043
10434,r3i1p1f1,2043,07,27,0.0,30.036121,14.772919,2043
10435,r3i1p1f1,2043,07,28,0.0,33.218346,15.789361,2043
10436,r3i1p1f1,2043,07,29,0.0,34.616436,16.550272,2043
10437,r3i1p1f1,2043,07,30,0.0,34.891968,16.499632,2043
10438,r3i1p1f1,2043,07,31,0.23344228322843485,35.274323,17.0649,2043
10439,r3i1p1f1,2043,08,01,0.7660155272672207,34.39037,17.393663,2043
10440,r3i1p1f1,2043,08,02,2.5045415924537475,29.857891,15.0553,2043
10441,r3i1p1f1,2043,08,03,1.2532365791426083,30.478354,14.57155,2043
10442,r3i1p1f1,2043,08,04,0.00963535904178791,31.74995,14.775973,2043
10443,r3i1p1f1,2043,08,05,0.0,31.701817,14.970322,2043
10444,r3i1p1f1,2043,08,06,0.0,31.62845,15.525661,2043
10445,r3i1p1f1,2043,08,07,0.0,33.300194,16.351723,2043
10446,r3i1p1f1,2043,08,08,0.0,34.188297,15.7484255,2043
10447,r3i1p1f1,2043,08,09,0.0,34.144207,15.64369,2043
10448,r3i1p1f1,2043,08,10,0.0,36.22894,16.602976,2043
10449,r3i1p1f1,2043,08,11,0.0,35.147636,17.37882,2043
10450,r3i1p1f1,2043,08,12,0.0,34.226128,15.771226,2043
10451,r3i1p1f1,2043,08,13,0.0,34.09598,15.01476,2043
10452,r3i1p1f1,2043,08,14,0.0,34.842648,15.7504225,2043
10453,r3i1p1f1,2043,08,15,0.0,36.253963,17.035969,2043
10454,r3i1p1f1,2043,08,16,0.0,35.90916,17.547585,2043
10455,r3i1p1f1,2043,08,17,0.0,35.592773,16.652548,2043
10456,r3i1p1f1,2043,08,18,0.0,35.60198,16.412413,2043
10457,r3i1p1f1,2043,08,19,0.0,36.359585,16.89675,2043
10458,r3i1p1f1,2043,08,20,0.4438440377822245,35.344303,16.9685,2043
10459,r3i1p1f1,2043,08,21,0.2552121639195265,33.437546,17.48178,2043
10460,r3i1p1f1,2043,08,22,0.0,37.869156,17.34086,2043
10461,r3i1p1f1,2043,08,23,1.4435624495848915,35.953377,18.290535,2043
10462,r3i1p1f1,2043,08,24,0.2609703344624546,33.719585,15.828309,2043
10463,r3i1p1f1,2043,08,25,0.30967825155213097,35.378292,18.288975,2043
10464,r3i1p1f1,2043,08,26,1.1219519031345209,37.3124,18.601595,2043
10465,r3i1p1f1,2043,08,27,1.3178540681882154,36.65319,20.30875,2043
10466,r3i1p1f1,2043,08,28,0.40940017292279773,38.453655,18.938765,2043
10467,r3i1p1f1,2043,08,29,0.7651899271326273,37.629623,20.856339,2043
10468,r3i1p1f1,2043,08,30,0.020774881157911186,32.713417,17.226036,2043
10469,r3i1p1f1,2043,08,31,1.1084840877910294,33.411076,16.27344,2043
10470,r3i1p1f1,2043,09,01,1.17700763070223,30.320097,15.792698,2043
10471,r3i1p1f1,2043,09,02,0.02838754596957711,26.571226,12.718246,2043
10472,r3i1p1f1,2043,09,03,0.0,26.380272,11.0109,2043
10473,r3i1p1f1,2043,09,04,0.0,28.237963,11.845202,2043
10474,r3i1p1f1,2043,09,05,0.0,30.19746,13.203416,2043
10475,r3i1p1f1,2043,09,06,0.0,34.18645,15.297709,2043
10476,r3i1p1f1,2043,09,07,0.0,35.395115,16.345583,2043
10477,r3i1p1f1,2043,09,08,0.08111531542839878,34.70524,16.80544,2043
10478,r3i1p1f1,2043,09,09,0.0,33.303722,15.693189,2043
10479,r3i1p1f1,2043,09,10,0.0,29.723001,13.085891,2043
10480,r3i1p1f1,2043,09,11,0.0,27.472855,10.764291,2043
10481,r3i1p1f1,2043,09,12,0.0,27.020021,9.802807,2043
10482,r3i1p1f1,2043,09,13,0.0,25.960796,9.714529,2043
10483,r3i1p1f1,2043,09,14,0.0,24.367912,9.747818,2043
10484,r3i1p1f1,2043,09,15,0.0,24.819017,9.465708,2043
10485,r3i1p1f1,2043,09,16,0.0,26.704887,9.733758,2043
10486,r3i1p1f1,2043,09,17,0.002665126124735583,28.072811,10.423929,2043
10487,r3i1p1f1,2043,09,18,0.04757245552768423,27.769382,12.5223465,2043
10488,r3i1p1f1,2043,09,19,0.0009388151639458639,26.702263,12.0938835,2043
10489,r3i1p1f1,2043,09,20,0.0,29.29121,12.112965,2043
10490,r3i1p1f1,2043,09,21,0.0,32.623436,13.40125,2043
10491,r3i1p1f1,2043,09,22,0.0,33.16448,14.363224,2043
10492,r3i1p1f1,2043,09,23,0.0,36.167114,15.763873,2043
10493,r3i1p1f1,2043,09,24,0.0012543055257110884,38.851166,19.74993,2043
10494,r3i1p1f1,2043,09,25,0.41421819283586403,37.967426,20.112019,2043
10495,r3i1p1f1,2043,09,26,0.014021227164476208,38.050735,18.174828,2043
10496,r3i1p1f1,2043,09,27,0.14906269208199086,38.368835,20.326828,2043
10497,r3i1p1f1,2043,09,28,0.0696784647439155,36.11812,17.986158,2043
10498,r3i1p1f1,2043,09,29,0.1606014609040523,35.30813,16.84619,2043
10499,r3i1p1f1,2043,09,30,0.007783092812381007,34.48645,17.274397,2043
10500,r3i1p1f1,2043,10,01,0.11131536548914896,34.709583,19.010592,2043
10501,r3i1p1f1,2043,10,02,0.0,33.540073,14.564203,2043
10502,r3i1p1f1,2043,10,03,0.0,30.917526,12.230698,2043
10503,r3i1p1f1,2043,10,04,0.0,28.194332,12.878734,2043
10504,r3i1p1f1,2043,10,05,0.00934454453420475,26.942043,11.474532,2043
10505,r3i1p1f1,2043,10,06,0.0,24.507,9.694964,2043
10506,r3i1p1f1,2043,10,07,0.0,25.53486,8.220224,2043
10507,r3i1p1f1,2043,10,08,0.0063583758608067665,24.019747,8.47253,2043
10508,r3i1p1f1,2043,10,09,2.201987431868254,19.628984,7.165107,2043
10509,r3i1p1f1,2043,10,10,0.08215722705988976,22.970058,7.216638,2043
10510,r3i1p1f1,2043,10,11,0.005194523088875664,23.525589,7.9045997,2043
10511,r3i1p1f1,2043,10,12,0.0,24.152735,8.5815935,2043
10512,r3i1p1f1,2043,10,13,0.0,23.817928,7.989492,2043
10513,r3i1p1f1,2043,10,14,0.0,25.020784,10.052467,2043
10514,r3i1p1f1,2043,10,15,0.0,29.195074,11.278311,2043
10515,r3i1p1f1,2043,10,16,0.0,30.76733,13.332766,2043
10516,r3i1p1f1,2043,10,17,0.0,31.363468,12.6179085,2043
10517,r3i1p1f1,2043,10,18,0.0008375602985986254,30.77632,11.937182,2043
10518,r3i1p1f1,2043,10,19,0.0,32.757072,14.211588,2043
10519,r3i1p1f1,2043,10,20,0.001590741995834943,35.110012,17.462902,2043
10520,r3i1p1f1,2043,10,21,0.0,33.061707,14.539245,2043
10521,r3i1p1f1,2043,10,22,0.0,32.69455,13.375022,2043
10522,r3i1p1f1,2043,10,23,0.0,34.19331,15.408863,2043
10523,r3i1p1f1,2043,10,24,0.0,35.721863,16.011559,2043
10524,r3i1p1f1,2043,10,25,0.0,34.791576,15.092073,2043
10525,r3i1p1f1,2043,10,26,0.0,31.02949,11.797588,2043
10526,r3i1p1f1,2043,10,27,0.0,25.45261,9.21533,2043
10527,r3i1p1f1,2043,10,28,0.0,22.273766,7.277602,2043
10528,r3i1p1f1,2043,10,29,0.0,21.226791,6.9002204,2043
10529,r3i1p1f1,2043,10,30,0.0,18.835917,4.0188627,2043
10530,r3i1p1f1,2043,10,31,0.0,19.627789,3.7673953,2043
10531,r3i1p1f1,2043,11,01,0.0,21.014091,4.6633706,2043
10532,r3i1p1f1,2043,11,02,0.0,22.068644,3.5493903,2043
10533,r3i1p1f1,2043,11,03,0.0,23.22012,5.0648084,2043
10534,r3i1p1f1,2043,11,04,0.0,23.885336,8.31607,2043
10535,r3i1p1f1,2043,11,05,0.0,24.368958,7.161163,2043
10536,r3i1p1f1,2043,11,06,0.0,22.720446,7.333762,2043
10537,r3i1p1f1,2043,11,07,0.0,20.73156,5.620123,2043
10538,r3i1p1f1,2043,11,08,0.0,20.270603,3.308521,2043
10539,r3i1p1f1,2043,11,09,0.0,20.80806,4.0235486,2043
10540,r3i1p1f1,2043,11,10,0.05468962074453223,20.055128,5.987513,2043
10541,r3i1p1f1,2043,11,11,0.0,20.291208,3.1134942,2043
10542,r3i1p1f1,2043,11,12,0.0,20.763845,3.4428399,2043
10543,r3i1p1f1,2043,11,13,0.0,20.967438,3.9940064,2043
10544,r3i1p1f1,2043,11,14,0.0,23.959404,5.647781,2043
10545,r3i1p1f1,2043,11,15,0.0,27.769491,9.314367,2043
10546,r3i1p1f1,2043,11,16,0.013706767375961963,28.802523,10.9450245,2043
10547,r3i1p1f1,2043,11,17,0.004168671739259453,26.268951,10.809666,2043
10548,r3i1p1f1,2043,11,18,0.0,25.28479,6.2977886,2043
10549,r3i1p1f1,2043,11,19,0.0281357861956966,21.961052,9.296129,2043
10550,r3i1p1f1,2043,11,20,0.0017754655687674654,16.956678,1.8189942,2043
10551,r3i1p1f1,2043,11,21,0.0,19.962435,6.975191,2043
10552,r3i1p1f1,2043,11,22,5.948417949512077,19.755842,7.315832,2043
10553,r3i1p1f1,2043,11,23,0.19711784391499046,14.749724,3.5329707,2043
10554,r3i1p1f1,2043,11,24,0.0031289920937552147,13.443499,-1.0103129,2043
10555,r3i1p1f1,2043,11,25,0.0,14.214737,-1.2517151,2043
10556,r3i1p1f1,2043,11,26,0.006616806750764336,14.3907585,2.0454655,2043
10557,r3i1p1f1,2043,11,27,0.016016820346439174,17.088198,3.365203,2043
10558,r3i1p1f1,2043,11,28,0.0,19.152367,1.5188404,2043
10559,r3i1p1f1,2043,11,29,0.0076235120473994,18.367588,0.44490975,2043
10560,r3i1p1f1,2043,11,30,0.01900442946366225,17.22522,3.5746002,2043
10561,r3i1p1f1,2043,12,01,0.0,16.427021,3.8835385,2043
10562,r3i1p1f1,2043,12,02,0.0,15.53356,1.4678848,2043
10563,r3i1p1f1,2043,12,03,0.0,17.362097,2.4137259,2043
10564,r3i1p1f1,2043,12,04,0.0,17.83285,2.2105165,2043
10565,r3i1p1f1,2043,12,05,0.0,19.507757,2.4996278,2043
10566,r3i1p1f1,2043,12,06,0.0,21.898436,4.712518,2043
10567,r3i1p1f1,2043,12,07,0.0,23.057957,5.820678,2043
10568,r3i1p1f1,2043,12,08,0.0,24.771145,7.0070004,2043
10569,r3i1p1f1,2043,12,09,0.0,23.507463,7.2666903,2043
10570,r3i1p1f1,2043,12,10,8.150495969775048e-05,21.40219,6.5663157,2043
10571,r3i1p1f1,2043,12,11,6.73261509422804,19.485,8.059428,2043
10572,r3i1p1f1,2043,12,12,14.333131733027669,16.712917,6.02394,2043
10573,r3i1p1f1,2043,12,13,1.7074739476149923,12.791377,2.9829953,2043
10574,r3i1p1f1,2043,12,14,0.022577074723261776,13.817111,1.5404687,2043
10575,r3i1p1f1,2043,12,15,0.0055796274329733215,13.54736,0.24224953,2043
10576,r3i1p1f1,2043,12,16,0.028189411201090094,12.141714,0.74248326,2043
10577,r3i1p1f1,2043,12,17,3.260024653164092,10.386118,1.9309613,2043
10578,r3i1p1f1,2043,12,18,27.940809972810023,12.377538,2.8361192,2043
10579,r3i1p1f1,2043,12,19,4.614932527742894,13.212374,3.2360785,2043
10580,r3i1p1f1,2043,12,20,0.0039061004209736093,11.52938,0.87387645,2043
10581,r3i1p1f1,2043,12,21,0.0,11.671708,-1.4561456,2043
10582,r3i1p1f1,2043,12,22,0.0,9.774741,-0.6364261,2043
10583,r3i1p1f1,2043,12,23,0.0,13.516605,0.032709364,2043
10584,r3i1p1f1,2043,12,24,0.0,13.399527,0.60430753,2043
10585,r3i1p1f1,2043,12,25,0.0,12.380237,-0.55008817,2043
10586,r3i1p1f1,2043,12,26,0.0,12.052787,0.69491434,2043
10587,r3i1p1f1,2043,12,27,12.526467271064492,10.6091795,2.6972497,2043
10588,r3i1p1f1,2043,12,28,0.7249294459071473,7.2446914,-0.75043416,2043
10589,r3i1p1f1,2043,12,29,0.02832137105018994,9.841358,-2.9762871,2043
10590,r3i1p1f1,2043,12,30,0.0,11.344913,-2.1839588,2043
10591,r3i1p1f1,2043,12,31,0.0,10.791596,-1.8405334,2043
10592,r3i1p1f1,2044,01,01,0.0,11.510532,-1.4579976,2044
10593,r3i1p1f1,2044,01,02,0.0,12.745185,-0.3837464,2044
10594,r3i1p1f1,2044,01,03,0.0,12.991811,0.88213915,2044
10595,r3i1p1f1,2044,01,04,0.0,14.860908,1.3533142,2044
10596,r3i1p1f1,2044,01,05,0.0,15.375617,1.8744272,2044
10597,r3i1p1f1,2044,01,06,0.0,15.193582,1.8549001,2044
10598,r3i1p1f1,2044,01,07,0.0,15.1784725,2.4830356,2044
10599,r3i1p1f1,2044,01,08,0.004002018143761565,14.137672,2.6436234,2044
10600,r3i1p1f1,2044,01,09,0.0,9.719166,-2.3375661,2044
10601,r3i1p1f1,2044,01,10,0.0,10.264563,-1.8517734,2044
10602,r3i1p1f1,2044,01,11,0.0,9.439609,-3.844565,2044
10603,r3i1p1f1,2044,01,12,0.005543772660365159,8.090093,-0.77396965,2044
10604,r3i1p1f1,2044,01,13,0.0,7.681129,-5.413417,2044
10605,r3i1p1f1,2044,01,14,0.0,7.3666463,-5.2689166,2044
10606,r3i1p1f1,2044,01,15,0.0,8.233016,-5.3329897,2044
10607,r3i1p1f1,2044,01,16,0.0,9.19918,-4.46923,2044
10608,r3i1p1f1,2044,01,17,11.095374773439923,8.640357,-2.7272837,2044
10609,r3i1p1f1,2044,01,18,2.053891439093356,7.986816,-2.484107,2044
10610,r3i1p1f1,2044,01,19,6.878107051800753,12.499393,1.7929708,2044
10611,r3i1p1f1,2044,01,20,0.031224788023488752,12.946057,3.2992637,2044
10612,r3i1p1f1,2044,01,21,13.93244014297364,11.6298485,3.7339919,2044
10613,r3i1p1f1,2044,01,22,0.2676472627761982,13.056175,2.8387682,2044
10614,r3i1p1f1,2044,01,23,0.0,13.077387,-0.9159554,2044
10615,r3i1p1f1,2044,01,24,0.15312489800029047,12.573955,3.9784381,2044
10616,r3i1p1f1,2044,01,25,0.0,14.395561,1.0880724,2044
10617,r3i1p1f1,2044,01,26,15.677009078349467,14.019656,5.2724557,2044
10618,r3i1p1f1,2044,01,27,8.356971359713828,12.56062,2.8375325,2044
10619,r3i1p1f1,2044,01,28,5.276485771081008,13.036984,5.4118237,2044
10620,r3i1p1f1,2044,01,29,0.0,12.917708,1.1014645,2044
10621,r3i1p1f1,2044,01,30,0.06152265377529671,14.817424,1.4425979,2044
10622,r3i1p1f1,2044,01,31,0.017348013566471778,15.866011,2.4117332,2044
10623,r3i1p1f1,2044,02,01,0.6719457946030272,16.168041,5.986802,2044
10624,r3i1p1f1,2044,02,02,0.7016209282830294,15.4827385,6.5060363,2044
10625,r3i1p1f1,2044,02,03,0.0,14.932924,0.55223554,2044
10626,r3i1p1f1,2044,02,04,0.0,15.402886,1.8726497,2044
10627,r3i1p1f1,2044,02,05,6.64687248214305,15.154384,4.525637,2044
10628,r3i1p1f1,2044,02,06,2.0969969608389096,11.405617,1.1557051,2044
10629,r3i1p1f1,2044,02,07,0.8722422703312711,10.683447,2.5297308,2044
10630,r3i1p1f1,2044,02,08,0.0,12.91225,-0.6145379,2044
10631,r3i1p1f1,2044,02,09,0.0,13.339564,-0.6892662,2044
10632,r3i1p1f1,2044,02,10,0.0,12.172389,-1.4084054,2044
10633,r3i1p1f1,2044,02,11,0.0002448264311886195,11.361771,-1.9882694,2044
10634,r3i1p1f1,2044,02,12,0.6051201245899199,9.154692,-1.476593,2044
10635,r3i1p1f1,2044,02,13,2.5662815801484666,7.4716253,-2.6031742,2044
10636,r3i1p1f1,2044,02,14,11.586195871107824,7.1856422,-2.522941,2044
10637,r3i1p1f1,2044,02,15,3.277654022734196,6.7581563,-0.57760394,2044
10638,r3i1p1f1,2044,02,16,0.6562448330739492,8.268445,-1.9794319,2044
10639,r3i1p1f1,2044,02,17,0.0,11.728602,-2.8304617,2044
10640,r3i1p1f1,2044,02,18,0.0,13.326508,-1.765407,2044
10641,r3i1p1f1,2044,02,19,1.8508271767611653,11.79436,-0.021700567,2044
10642,r3i1p1f1,2044,02,20,1.327300173894731,12.246032,-0.41019258,2044
10643,r3i1p1f1,2044,02,21,0.19452507697155164,11.950746,2.2798612,2044
10644,r3i1p1f1,2044,02,22,0.0,12.04781,0.08303527,2044
10645,r3i1p1f1,2044,02,23,0.0,15.943638,1.1030563,2044
10646,r3i1p1f1,2044,02,24,0.0,20.198723,5.178446,2044
10647,r3i1p1f1,2044,02,25,0.0,22.071667,7.5136695,2044
10648,r3i1p1f1,2044,02,26,0.0,21.332228,7.5137644,2044
10649,r3i1p1f1,2044,02,27,0.0,21.489578,7.6996546,2044
10650,r3i1p1f1,2044,02,28,0.02487818811266951,21.095581,8.022995,2044
10651,r3i1p1f1,2044,02,29,0.0011988363809051048,19.176975,6.3412156,2044
10652,r3i1p1f1,2044,03,01,0.15561941202604707,16.71644,2.9373116,2044
10653,r3i1p1f1,2044,03,02,0.0,13.92457,-3.0336072,2044
10654,r3i1p1f1,2044,03,03,0.0,16.376131,-1.1769577,2044
10655,r3i1p1f1,2044,03,04,0.0,17.059061,0.61434656,2044
10656,r3i1p1f1,2044,03,05,0.0,18.17445,2.044288,2044
10657,r3i1p1f1,2044,03,06,0.0,19.28619,2.4923623,2044
10658,r3i1p1f1,2044,03,07,0.0,20.4378,3.507461,2044
10659,r3i1p1f1,2044,03,08,0.5606200408667725,18.430916,2.9078941,2044
10660,r3i1p1f1,2044,03,09,1.6135201348791297,11.388183,-0.24300535,2044
10661,r3i1p1f1,2044,03,10,4.531923606165299,11.706243,1.4746778,2044
10662,r3i1p1f1,2044,03,11,11.028474270327328,9.976862,3.598274,2044
10663,r3i1p1f1,2044,03,12,9.334428373935308,10.395346,-1.8321165,2044
10664,r3i1p1f1,2044,03,13,0.0,12.590702,-3.0402586,2044
10665,r3i1p1f1,2044,03,14,0.0,14.221859,-1.7346978,2044
10666,r3i1p1f1,2044,03,15,4.848278601294266,13.302198,2.8474283,2044
10667,r3i1p1f1,2044,03,16,4.414432896492971,11.694861,3.156535,2044
10668,r3i1p1f1,2044,03,17,0.5771509389069597,13.723355,1.6980454,2044
10669,r3i1p1f1,2044,03,18,0.05749860436260475,18.304918,2.6377206,2044
10670,r3i1p1f1,2044,03,19,0.0,21.93199,4.7433634,2044
10671,r3i1p1f1,2044,03,20,0.0,23.058727,5.799284,2044
10672,r3i1p1f1,2044,03,21,0.0,23.648691,7.165382,2044
10673,r3i1p1f1,2044,03,22,0.0,23.312843,7.3612733,2044
10674,r3i1p1f1,2044,03,23,0.0006071123943635912,23.282936,8.521892,2044
10675,r3i1p1f1,2044,03,24,5.728612426914466,17.322174,4.7303004,2044
10676,r3i1p1f1,2044,03,25,10.554114843341239,9.162867,1.7018839,2044
10677,r3i1p1f1,2044,03,26,0.7764841472627185,12.7321825,-0.25037095,2044
10678,r3i1p1f1,2044,03,27,0.0006397495356698831,15.604293,-0.66024464,2044
10679,r3i1p1f1,2044,03,28,0.01791921498917156,18.485735,3.7869458,2044
10680,r3i1p1f1,2044,03,29,0.0,19.933134,4.450959,2044
10681,r3i1p1f1,2044,03,30,0.005445415479312722,19.187693,4.4455037,2044
10682,r3i1p1f1,2044,03,31,0.0,17.340183,2.250739,2044
10683,r3i1p1f1,2044,04,01,0.0020313704788515515,16.419044,2.9466238,2044
10684,r3i1p1f1,2044,04,02,0.0,18.841843,3.202302,2044
10685,r3i1p1f1,2044,04,03,0.0019096394041270921,19.84585,3.8283305,2044
10686,r3i1p1f1,2044,04,04,0.0,22.41485,4.8581457,2044
10687,r3i1p1f1,2044,04,05,1.0222276058023756,19.991505,3.5146425,2044
10688,r3i1p1f1,2044,04,06,0.6194022378633346,10.763251,-0.4636357,2044
10689,r3i1p1f1,2044,04,07,0.008612235798147705,15.897756,-0.81492275,2044
10690,r3i1p1f1,2044,04,08,0.0,20.203438,2.007376,2044
10691,r3i1p1f1,2044,04,09,0.0,23.10529,4.7714796,2044
10692,r3i1p1f1,2044,04,10,0.09431920922052638,20.990025,4.451296,2044
10693,r3i1p1f1,2044,04,11,0.08042546646637758,11.131672,-1.5925524,2044
10694,r3i1p1f1,2044,04,12,0.0,15.635673,-2.8029468,2044
10695,r3i1p1f1,2044,04,13,0.12463413060080104,14.852029,0.4337311,2044
10696,r3i1p1f1,2044,04,14,0.11403676352611827,19.594795,1.1766132,2044
10697,r3i1p1f1,2044,04,15,0.0,24.33303,4.7005134,2044
10698,r3i1p1f1,2044,04,16,0.0,29.825533,9.442867,2044
10699,r3i1p1f1,2044,04,17,0.0,31.912376,11.719599,2044
10700,r3i1p1f1,2044,04,18,0.0,32.13231,12.356872,2044
10701,r3i1p1f1,2044,04,19,0.0,32.76201,12.9578495,2044
10702,r3i1p1f1,2044,04,20,0.0,32.84154,12.290509,2044
10703,r3i1p1f1,2044,04,21,0.0,31.722744,9.727645,2044
10704,r3i1p1f1,2044,04,22,0.6513360428432475,25.987001,6.4887056,2044
10705,r3i1p1f1,2044,04,23,0.4789746550965668,15.631631,2.1345885,2044
10706,r3i1p1f1,2044,04,24,0.0,17.982094,0.53581387,2044
10707,r3i1p1f1,2044,04,25,0.0,18.417995,2.933865,2044
10708,r3i1p1f1,2044,04,26,0.19587556091595837,18.173763,2.3604484,2044
10709,r3i1p1f1,2044,04,27,0.0004308294349660476,21.348814,3.5017788,2044
10710,r3i1p1f1,2044,04,28,0.07154765827704757,21.102377,2.9917479,2044
10711,r3i1p1f1,2044,04,29,0.12660254383015193,17.709723,1.3032359,2044
10712,r3i1p1f1,2044,04,30,0.018150658048177844,20.594511,3.5190148,2044
10713,r3i1p1f1,2044,05,01,0.0,24.692757,6.078324,2044
10714,r3i1p1f1,2044,05,02,0.0,28.779966,9.229356,2044
10715,r3i1p1f1,2044,05,03,0.0,31.485453,11.952099,2044
10716,r3i1p1f1,2044,05,04,0.0,32.04946,12.893739,2044
10717,r3i1p1f1,2044,05,05,0.0,29.785465,11.435946,2044
10718,r3i1p1f1,2044,05,06,0.0,34.11791,13.1675,2044
10719,r3i1p1f1,2044,05,07,0.0,32.839985,13.642061,2044
10720,r3i1p1f1,2044,05,08,0.0,29.255615,12.07874,2044
10721,r3i1p1f1,2044,05,09,0.0780887024963952,25.098684,8.657017,2044
10722,r3i1p1f1,2044,05,10,0.0,22.531181,4.3756332,2044
10723,r3i1p1f1,2044,05,11,0.000611374041799343,22.12523,6.9424806,2044
10724,r3i1p1f1,2044,05,12,0.0,25.281082,6.5830026,2044
10725,r3i1p1f1,2044,05,13,0.0,28.354858,9.313076,2044
10726,r3i1p1f1,2044,05,14,0.0,26.099905,7.563538,2044
10727,r3i1p1f1,2044,05,15,0.0,23.261715,5.462093,2044
10728,r3i1p1f1,2044,05,16,0.0,26.054647,7.2166305,2044
10729,r3i1p1f1,2044,05,17,0.0,30.148695,10.431245,2044
10730,r3i1p1f1,2044,05,18,0.0,31.747747,12.322237,2044
10731,r3i1p1f1,2044,05,19,0.0,33.38118,13.243103,2044
10732,r3i1p1f1,2044,05,20,0.0,35.543232,15.302897,2044
10733,r3i1p1f1,2044,05,21,0.0,34.141006,13.6723995,2044
10734,r3i1p1f1,2044,05,22,0.07586481530752005,23.810106,6.472625,2044
10735,r3i1p1f1,2044,05,23,0.11569473856291028,23.452171,5.149258,2044
10736,r3i1p1f1,2044,05,24,0.0,29.762764,10.737645,2044
10737,r3i1p1f1,2044,05,25,0.03541276977171726,32.055935,13.032416,2044
10738,r3i1p1f1,2044,05,26,0.0,29.46469,11.411069,2044
10739,r3i1p1f1,2044,05,27,0.0,26.307384,8.316956,2044
10740,r3i1p1f1,2044,05,28,0.0,24.863344,7.13972,2044
10741,r3i1p1f1,2044,05,29,0.0,24.82325,6.985601,2044
10742,r3i1p1f1,2044,05,30,0.0,24.257639,7.2829394,2044
10743,r3i1p1f1,2044,05,31,0.0,22.036238,5.791432,2044
10744,r3i1p1f1,2044,06,01,0.0,22.598965,5.246804,2044
10745,r3i1p1f1,2044,06,02,0.0,29.031769,8.526554,2044
10746,r3i1p1f1,2044,06,03,0.0,33.061203,12.405581,2044
10747,r3i1p1f1,2044,06,04,0.0,33.778664,14.515479,2044
10748,r3i1p1f1,2044,06,05,0.0,31.131222,11.883626,2044
10749,r3i1p1f1,2044,06,06,0.0,27.08814,8.861082,2044
10750,r3i1p1f1,2044,06,07,0.13085681063041027,25.286034,8.765642,2044
10751,r3i1p1f1,2044,06,08,0.15808617977503067,26.541796,10.131813,2044
10752,r3i1p1f1,2044,06,09,0.055052670509074676,32.159378,12.794465,2044
10753,r3i1p1f1,2044,06,10,0.0,33.602646,14.218098,2044
10754,r3i1p1f1,2044,06,11,0.0156691946286821,35.312206,15.722302,2044
10755,r3i1p1f1,2044,06,12,0.0,34.68405,15.72086,2044
10756,r3i1p1f1,2044,06,13,0.005222712502335057,33.474255,13.751529,2044
10757,r3i1p1f1,2044,06,14,0.0,30.413576,12.268719,2044
10758,r3i1p1f1,2044,06,15,0.0,30.602753,11.499931,2044
10759,r3i1p1f1,2044,06,16,0.0,29.372988,10.330473,2044
10760,r3i1p1f1,2044,06,17,0.0,26.164942,8.923249,2044
10761,r3i1p1f1,2044,06,18,0.0,28.163855,9.731144,2044
10762,r3i1p1f1,2044,06,19,0.07164489702325116,31.009922,12.286679,2044
10763,r3i1p1f1,2044,06,20,0.00017930744709729245,34.265617,16.524492,2044
10764,r3i1p1f1,2044,06,21,0.0,33.092278,14.838402,2044
10765,r3i1p1f1,2044,06,22,0.0,29.791842,11.597638,2044
10766,r3i1p1f1,2044,06,23,0.0,26.889475,10.336241,2044
10767,r3i1p1f1,2044,06,24,0.0,29.223944,11.137689,2044
10768,r3i1p1f1,2044,06,25,0.0,28.147678,12.685983,2044
10769,r3i1p1f1,2044,06,26,0.0009691755456680602,28.345272,11.86752,2044
10770,r3i1p1f1,2044,06,27,0.0,29.41176,11.643994,2044
10771,r3i1p1f1,2044,06,28,0.0,31.07869,12.637589,2044
10772,r3i1p1f1,2044,06,29,0.0,33.39041,14.923276,2044
10773,r3i1p1f1,2044,06,30,0.0,36.480167,16.930391,2044
10774,r3i1p1f1,2044,07,01,0.0,38.70998,18.276215,2044
10775,r3i1p1f1,2044,07,02,0.0,39.94128,19.270754,2044
10776,r3i1p1f1,2044,07,03,0.010502899050620865,39.46313,20.157614,2044
10777,r3i1p1f1,2044,07,04,0.0,38.920155,19.362614,2044
10778,r3i1p1f1,2044,07,05,0.0,37.895863,18.001774,2044
10779,r3i1p1f1,2044,07,06,0.0,37.53841,17.489388,2044
10780,r3i1p1f1,2044,07,07,0.0,36.520622,16.421274,2044
10781,r3i1p1f1,2044,07,08,0.0,33.148758,14.0619755,2044
10782,r3i1p1f1,2044,07,09,0.0,28.112423,12.012534,2044
10783,r3i1p1f1,2044,07,10,0.0,29.54953,12.628845,2044
10784,r3i1p1f1,2044,07,11,0.0,30.595037,13.566175,2044
10785,r3i1p1f1,2044,07,12,0.0,32.987465,14.789184,2044
10786,r3i1p1f1,2044,07,13,0.0,34.83529,16.590036,2044
10787,r3i1p1f1,2044,07,14,0.0,36.65378,17.833902,2044
10788,r3i1p1f1,2044,07,15,0.0,37.908916,18.077747,2044
10789,r3i1p1f1,2044,07,16,0.0,37.233685,18.170279,2044
10790,r3i1p1f1,2044,07,17,0.0,36.405704,17.320084,2044
10791,r3i1p1f1,2044,07,18,0.0,37.49371,20.08502,2044
10792,r3i1p1f1,2044,07,19,0.0,38.11381,20.403652,2044
10793,r3i1p1f1,2044,07,20,0.0,39.507427,19.661528,2044
10794,r3i1p1f1,2044,07,21,0.0,39.941307,20.04404,2044
10795,r3i1p1f1,2044,07,22,0.0,39.36382,18.968039,2044
10796,r3i1p1f1,2044,07,23,0.0,34.423912,17.320164,2044
10797,r3i1p1f1,2044,07,24,0.0,30.316427,14.946189,2044
10798,r3i1p1f1,2044,07,25,0.0,33.81485,15.842153,2044
10799,r3i1p1f1,2044,07,26,0.0,34.855946,17.009472,2044
10800,r3i1p1f1,2044,07,27,0.4753144320481321,35.37782,19.467447,2044
10801,r3i1p1f1,2044,07,28,0.0007187308404933323,36.096497,18.912964,2044
10802,r3i1p1f1,2044,07,29,0.0,37.375847,18.79971,2044
10803,r3i1p1f1,2044,07,30,0.0,38.505142,18.917292,2044
10804,r3i1p1f1,2044,07,31,0.0,38.937172,19.112427,2044
10805,r3i1p1f1,2044,08,01,0.0,39.254208,19.37218,2044
10806,r3i1p1f1,2044,08,02,0.0,39.454372,19.635317,2044
10807,r3i1p1f1,2044,08,03,0.004783337318451341,38.10277,20.290945,2044
10808,r3i1p1f1,2044,08,04,0.0,35.097294,18.881739,2044
10809,r3i1p1f1,2044,08,05,0.0,36.266953,17.925169,2044
10810,r3i1p1f1,2044,08,06,0.0,37.6531,18.436317,2044
10811,r3i1p1f1,2044,08,07,0.0,38.5896,18.928965,2044
10812,r3i1p1f1,2044,08,08,0.0,38.608177,19.260143,2044
10813,r3i1p1f1,2044,08,09,0.0,37.99316,17.951992,2044
10814,r3i1p1f1,2044,08,10,0.0,35.124947,17.68103,2044
10815,r3i1p1f1,2044,08,11,0.0,35.40677,17.912928,2044
10816,r3i1p1f1,2044,08,12,0.8371088585645889,32.817066,18.08931,2044
10817,r3i1p1f1,2044,08,13,0.000443427971648899,34.499813,16.023874,2044
10818,r3i1p1f1,2044,08,14,0.0,37.748272,18.60215,2044
10819,r3i1p1f1,2044,08,15,0.027131982964364754,38.162617,18.694174,2044
10820,r3i1p1f1,2044,08,16,0.3170480333915982,36.409588,18.67568,2044
10821,r3i1p1f1,2044,08,17,0.037754152885595846,34.718166,16.916306,2044
10822,r3i1p1f1,2044,08,18,0.9354826876281577,34.559414,17.743006,2044
10823,r3i1p1f1,2044,08,19,0.23373130219459365,37.248207,18.407196,2044
10824,r3i1p1f1,2044,08,20,3.3637008654127523,36.590298,18.33443,2044
10825,r3i1p1f1,2044,08,21,4.781824133571001,31.538095,16.06299,2044
10826,r3i1p1f1,2044,08,22,1.0168910608891482,32.4648,15.568753,2044
10827,r3i1p1f1,2044,08,23,0.5999375349093691,32.405575,15.350235,2044
10828,r3i1p1f1,2044,08,24,0.0007289806098648996,32.219013,14.758151,2044
10829,r3i1p1f1,2044,08,25,0.0,31.323656,14.458719,2044
10830,r3i1p1f1,2044,08,26,0.03133173693310131,31.302238,12.883211,2044
10831,r3i1p1f1,2044,08,27,0.008934774651248572,32.99707,14.529391,2044
10832,r3i1p1f1,2044,08,28,0.441448633333273,35.976814,17.29421,2044
10833,r3i1p1f1,2044,08,29,0.5364974039592639,35.27442,18.002136,2044
10834,r3i1p1f1,2044,08,30,0.106630953003222,34.00803,17.245201,2044
10835,r3i1p1f1,2044,08,31,0.024349025052012592,32.590168,13.862161,2044
10836,r3i1p1f1,2044,09,01,0.0,32.552,15.454871,2044
10837,r3i1p1f1,2044,09,02,0.0,31.67055,15.460979,2044
10838,r3i1p1f1,2044,09,03,0.0,29.288996,13.77973,2044
10839,r3i1p1f1,2044,09,04,0.003241783375745978,30.719658,13.96378,2044
10840,r3i1p1f1,2044,09,05,0.0,31.516762,13.875612,2044
10841,r3i1p1f1,2044,09,06,0.7701862347720166,30.29631,16.883375,2044
10842,r3i1p1f1,2044,09,07,0.0,29.656345,15.821107,2044
10843,r3i1p1f1,2044,09,08,0.0,34.208702,17.421934,2044
10844,r3i1p1f1,2044,09,09,0.0,35.83339,18.5913,2044
10845,r3i1p1f1,2044,09,10,0.3701745130908393,37.002224,18.670687,2044
10846,r3i1p1f1,2044,09,11,0.001366940595096711,35.443024,17.281998,2044
10847,r3i1p1f1,2044,09,12,0.0,34.62796,16.064943,2044
10848,r3i1p1f1,2044,09,13,0.0,33.975998,16.04461,2044
10849,r3i1p1f1,2044,09,14,0.0,32.90805,15.096433,2044
10850,r3i1p1f1,2044,09,15,0.0,30.493816,13.276622,2044
10851,r3i1p1f1,2044,09,16,0.0,29.031101,12.105557,2044
10852,r3i1p1f1,2044,09,17,0.0,28.790983,11.753784,2044
10853,r3i1p1f1,2044,09,18,0.00327640292446383,30.081594,12.977171,2044
10854,r3i1p1f1,2044,09,19,0.0,30.816933,12.634752,2044
10855,r3i1p1f1,2044,09,20,0.0,29.942818,11.712228,2044
10856,r3i1p1f1,2044,09,21,0.0,30.258116,12.193203,2044
10857,r3i1p1f1,2044,09,22,0.0,31.903149,13.682876,2044
10858,r3i1p1f1,2044,09,23,0.003979031321112857,32.482304,14.653653,2044
10859,r3i1p1f1,2044,09,24,0.0,33.675007,14.912514,2044
10860,r3i1p1f1,2044,09,25,0.0,33.74615,14.355335,2044
10861,r3i1p1f1,2044,09,26,0.0,31.645622,11.873662,2044
10862,r3i1p1f1,2044,09,27,0.0,26.89035,9.018004,2044
10863,r3i1p1f1,2044,09,28,0.0,29.493048,11.610012,2044
10864,r3i1p1f1,2044,09,29,0.02058930398286038,28.465967,10.514226,2044
10865,r3i1p1f1,2044,09,30,5.383007666058609,20.720871,7.8482604,2044
10866,r3i1p1f1,2044,10,01,0.23301801450240114,20.497286,6.1868477,2044
10867,r3i1p1f1,2044,10,02,0.0,26.808355,9.177717,2044
10868,r3i1p1f1,2044,10,03,0.0,28.408638,11.11852,2044
10869,r3i1p1f1,2044,10,04,0.0,31.622166,12.7236395,2044
10870,r3i1p1f1,2044,10,05,0.0,34.19596,14.271165,2044
10871,r3i1p1f1,2044,10,06,0.0,35.16266,15.2169895,2044
10872,r3i1p1f1,2044,10,07,0.0,34.061756,14.477363,2044
10873,r3i1p1f1,2044,10,08,0.0,29.926691,10.063606,2044
10874,r3i1p1f1,2044,10,09,0.0,23.351418,7.6698093,2044
10875,r3i1p1f1,2044,10,10,0.05063673229993914,19.817387,6.45338,2044
10876,r3i1p1f1,2044,10,11,0.0,22.760098,6.188501,2044
10877,r3i1p1f1,2044,10,12,0.0,25.638145,6.849888,2044
10878,r3i1p1f1,2044,10,13,0.0,23.976835,7.0608745,2044
10879,r3i1p1f1,2044,10,14,0.0,18.719898,2.8015277,2044
10880,r3i1p1f1,2044,10,15,0.0,14.986695,-1.1105458,2044
10881,r3i1p1f1,2044,10,16,0.004595919603933439,11.07482,-1.4615302,2044
10882,r3i1p1f1,2044,10,17,0.0065793441149942355,15.331152,2.1050596,2044
10883,r3i1p1f1,2044,10,18,0.0,20.809938,2.6778057,2044
10884,r3i1p1f1,2044,10,19,0.0,24.121998,5.464322,2044
10885,r3i1p1f1,2044,10,20,0.0,26.607473,8.4764,2044
10886,r3i1p1f1,2044,10,21,0.0,27.183018,9.453104,2044
10887,r3i1p1f1,2044,10,22,0.0,27.549454,9.287067,2044
10888,r3i1p1f1,2044,10,23,0.0,28.606966,10.339924,2044
10889,r3i1p1f1,2044,10,24,0.0545106848254694,28.165688,10.807662,2044
10890,r3i1p1f1,2044,10,25,0.0,27.526146,9.783551,2044
10891,r3i1p1f1,2044,10,26,0.0,28.030807,10.489831,2044
10892,r3i1p1f1,2044,10,27,0.0,28.935518,11.551687,2044
10893,r3i1p1f1,2044,10,28,0.0,30.072706,13.382769,2044
10894,r3i1p1f1,2044,10,29,0.0,28.452812,12.889042,2044
10895,r3i1p1f1,2044,10,30,0.0,25.093021,9.213189,2044
10896,r3i1p1f1,2044,10,31,0.0,27.050554,9.4865675,2044
10897,r3i1p1f1,2044,11,01,0.0,30.021605,12.140158,2044
10898,r3i1p1f1,2044,11,02,0.0,28.810726,11.688956,2044
10899,r3i1p1f1,2044,11,03,0.0,26.296415,8.962686,2044
10900,r3i1p1f1,2044,11,04,0.0,21.653343,5.410382,2044
10901,r3i1p1f1,2044,11,05,0.004813274515044847,16.287355,1.9123689,2044
10902,r3i1p1f1,2044,11,06,5.439995693066686,15.0512905,6.4547987,2044
10903,r3i1p1f1,2044,11,07,0.0,15.875167,3.007106,2044
10904,r3i1p1f1,2044,11,08,0.0,19.228577,4.931248,2044
10905,r3i1p1f1,2044,11,09,0.0,20.313148,5.1593266,2044
10906,r3i1p1f1,2044,11,10,0.0,21.14044,7.6607866,2044
10907,r3i1p1f1,2044,11,11,0.0,23.64152,7.828775,2044
10908,r3i1p1f1,2044,11,12,0.0,23.086315,7.0588164,2044
10909,r3i1p1f1,2044,11,13,0.0,23.213177,6.417205,2044
10910,r3i1p1f1,2044,11,14,0.0,23.936121,10.073992,2044
10911,r3i1p1f1,2044,11,15,0.06745294253271299,24.733295,9.755199,2044
10912,r3i1p1f1,2044,11,16,0.0012686808688820086,23.454248,8.135213,2044
10913,r3i1p1f1,2044,11,17,0.0012625965543768623,22.263626,9.762988,2044
10914,r3i1p1f1,2044,11,18,9.329594120257147,22.003574,10.090327,2044
10915,r3i1p1f1,2044,11,19,0.8378390167170878,14.794813,3.636054,2044
10916,r3i1p1f1,2044,11,20,0.0,14.278016,1.523789,2044
10917,r3i1p1f1,2044,11,21,0.0,14.371656,2.2926655,2044
10918,r3i1p1f1,2044,11,22,0.0,16.134027,2.9156225,2044
10919,r3i1p1f1,2044,11,23,0.0,17.523346,3.477671,2044
10920,r3i1p1f1,2044,11,24,0.0,18.4979,4.601199,2044
10921,r3i1p1f1,2044,11,25,0.0,18.962143,6.3220615,2044
10922,r3i1p1f1,2044,11,26,0.0,19.573032,4.927895,2044
10923,r3i1p1f1,2044,11,27,0.0,18.498793,3.6089141,2044
10924,r3i1p1f1,2044,11,28,0.0,17.140875,3.482017,2044
10925,r3i1p1f1,2044,11,29,0.0,16.514025,0.8705231,2044
10926,r3i1p1f1,2044,11,30,0.0,16.278542,2.1585984,2044
10927,r3i1p1f1,2044,12,01,0.0,14.51057,4.6374283,2044
10928,r3i1p1f1,2044,12,02,0.0,19.691078,5.0587807,2044
10929,r3i1p1f1,2044,12,03,0.0,17.248833,3.7630296,2044
10930,r3i1p1f1,2044,12,04,0.0,14.20509,2.7612357,2044
10931,r3i1p1f1,2044,12,05,0.0,16.484877,2.5085537,2044
10932,r3i1p1f1,2044,12,06,0.0,20.063705,4.8591256,2044
10933,r3i1p1f1,2044,12,07,0.6035215715217584,18.30424,6.649126,2044
10934,r3i1p1f1,2044,12,08,0.019945675351967413,21.869886,6.8599477,2044
10935,r3i1p1f1,2044,12,09,0.0,21.942003,7.1140184,2044
10936,r3i1p1f1,2044,12,10,0.04491249712318125,20.152187,6.803199,2044
10937,r3i1p1f1,2044,12,11,11.9549060159724,17.028618,8.238222,2044
10938,r3i1p1f1,2044,12,12,3.3027505068821483,12.499703,3.52638,2044
10939,r3i1p1f1,2044,12,13,20.44919926637786,10.739406,5.0397997,2044
10940,r3i1p1f1,2044,12,14,0.010047166530663768,10.779711,-0.58246475,2044
10941,r3i1p1f1,2044,12,15,0.0,11.0591345,-1.475715,2044
10942,r3i1p1f1,2044,12,16,0.0,11.956878,-1.0665089,2044
10943,r3i1p1f1,2044,12,17,0.12384760547513107,11.09297,1.3727769,2044
10944,r3i1p1f1,2044,12,18,0.08296336745622808,10.8013935,0.03980446,2044
10945,r3i1p1f1,2044,12,19,0.028311465426861214,9.833455,-0.78476757,2044
10946,r3i1p1f1,2044,12,20,6.271644405201324,8.27239,0.16309528,2044
10947,r3i1p1f1,2044,12,21,10.13426219450952,10.262995,3.511816,2044
10948,r3i1p1f1,2044,12,22,21.799414443479634,12.934847,4.444707,2044
10949,r3i1p1f1,2044,12,23,1.3538622667527471,13.514195,4.613,2044
10950,r3i1p1f1,2044,12,24,0.0,10.101787,-2.8437216,2044
10951,r3i1p1f1,2044,12,25,0.7721947285266183,11.1604395,1.0025146,2044
10952,r3i1p1f1,2044,12,26,1.361873569513784,10.755824,2.0855637,2044
10953,r3i1p1f1,2044,12,27,0.005833166269439971,11.745414,-0.2923128,2044
10954,r3i1p1f1,2044,12,28,10.37414667098236,12.0071335,3.3381722,2044
10955,r3i1p1f1,2044,12,29,0.5187311941600373,13.761509,4.918397,2044
10956,r3i1p1f1,2044,12,30,0.0,14.079425,2.8738182,2044
10957,r3i1p1f1,2044,12,31,0.23849243479851406,14.409748,3.072324,2044
10958,r3i1p1f1,2045,01,01,0.0,14.24857,1.6360121,2045
10959,r3i1p1f1,2045,01,02,0.0,14.304961,1.1510206,2045
10960,r3i1p1f1,2045,01,03,0.00962879835042534,14.585858,4.145983,2045
10961,r3i1p1f1,2045,01,04,12.982284806353025,12.835031,4.9641337,2045
10962,r3i1p1f1,2045,01,05,14.812274568085934,15.688752,5.8723035,2045
10963,r3i1p1f1,2045,01,06,25.000134120513614,15.953932,8.303407,2045
10964,r3i1p1f1,2045,01,07,18.850939706246596,12.903708,4.574692,2045
10965,r3i1p1f1,2045,01,08,0.03387469175405303,10.477236,1.5186234,2045
10966,r3i1p1f1,2045,01,09,27.636352710577547,11.405373,1.7302824,2045
10967,r3i1p1f1,2045,01,10,19.715678541053254,11.13674,2.3077378,2045
10968,r3i1p1f1,2045,01,11,21.75551631299172,11.641882,1.7705612,2045
10969,r3i1p1f1,2045,01,12,1.3110694241046958,9.792834,2.2377467,2045
10970,r3i1p1f1,2045,01,13,11.067496116374969,10.258907,2.5935209,2045
10971,r3i1p1f1,2045,01,14,23.447841795414483,9.600907,2.4612086,2045
10972,r3i1p1f1,2045,01,15,15.083389686946193,10.134375,2.4512765,2045
10973,r3i1p1f1,2045,01,16,0.5239021981282294,9.362169,0.22369935,2045
10974,r3i1p1f1,2045,01,17,0.0,9.211912,-1.9807739,2045
10975,r3i1p1f1,2045,01,18,0.0,11.755486,-0.00891549,2045
10976,r3i1p1f1,2045,01,19,0.0,12.307898,-0.9856466,2045
10977,r3i1p1f1,2045,01,20,0.0,12.789258,-0.8707457,2045
10978,r3i1p1f1,2045,01,21,0.0003240431551327647,12.370908,-0.868612,2045
10979,r3i1p1f1,2045,01,22,0.014518803656039492,11.941476,1.5751475,2045
10980,r3i1p1f1,2045,01,23,0.08775146343837012,11.076601,1.57634,2045
10981,r3i1p1f1,2045,01,24,0.3551753458602682,12.023041,3.613986,2045
10982,r3i1p1f1,2045,01,25,5.2842450918571116,11.888113,3.642635,2045
10983,r3i1p1f1,2045,01,26,19.14281257924317,10.465565,3.2945487,2045
10984,r3i1p1f1,2045,01,27,0.16743750019954998,9.470337,-1.5492833,2045
10985,r3i1p1f1,2045,01,28,0.0,12.379825,-0.5267611,2045
10986,r3i1p1f1,2045,01,29,0.0,12.865148,0.64231145,2045
10987,r3i1p1f1,2045,01,30,0.03883900426082867,12.131315,1.3496835,2045
10988,r3i1p1f1,2045,01,31,0.0,11.959907,0.23200108,2045
10989,r3i1p1f1,2045,02,01,0.11493438595635146,11.437533,2.451429,2045
10990,r3i1p1f1,2045,02,02,1.5073477009327414,11.353592,2.8468087,2045
10991,r3i1p1f1,2045,02,03,0.20251996066221953,9.304251,0.8131503,2045
10992,r3i1p1f1,2045,02,04,5.270521130019695,10.300337,1.2469265,2045
10993,r3i1p1f1,2045,02,05,18.83443897176414,16.748865,4.5079107,2045
10994,r3i1p1f1,2045,02,06,0.032029206989301943,15.746992,4.612718,2045
10995,r3i1p1f1,2045,02,07,24.34123343493838,15.365463,8.176088,2045
10996,r3i1p1f1,2045,02,08,27.05643833566214,15.044785,8.347387,2045
10997,r3i1p1f1,2045,02,09,5.414088549017227,17.109692,7.4521446,2045
10998,r3i1p1f1,2045,02,10,11.293686983819883,18.067097,9.217944,2045
10999,r3i1p1f1,2045,02,11,4.944694875748058,16.737968,5.8939514,2045
11000,r3i1p1f1,2045,02,12,1.3931234520990101,13.2354765,2.6448162,2045
11001,r3i1p1f1,2045,02,13,0.0,12.258209,0.17390743,2045
11002,r3i1p1f1,2045,02,14,0.0,14.314212,1.866379,2045
11003,r3i1p1f1,2045,02,15,0.0,14.774186,0.93685234,2045
11004,r3i1p1f1,2045,02,16,0.0,17.744755,4.4881577,2045
11005,r3i1p1f1,2045,02,17,0.068807049348393,17.738176,5.0145783,2045
11006,r3i1p1f1,2045,02,18,1.232506073986797,14.463947,3.112187,2045
11007,r3i1p1f1,2045,02,19,0.0,16.13629,1.6639243,2045
11008,r3i1p1f1,2045,02,20,0.0,17.453522,4.786846,2045
11009,r3i1p1f1,2045,02,21,3.191857990969407,16.809351,5.77919,2045
11010,r3i1p1f1,2045,02,22,0.0,13.205671,-1.0429003,2045
11011,r3i1p1f1,2045,02,23,0.006576283032810545,15.792063,1.0967932,2045
11012,r3i1p1f1,2045,02,24,14.323241056060368,15.491842,3.31498,2045
11013,r3i1p1f1,2045,02,25,2.460662723054046,9.470015,1.7555897,2045
11014,r3i1p1f1,2045,02,26,0.07293826043182476,10.232435,-1.042185,2045
11015,r3i1p1f1,2045,02,27,0.3111106429181139,11.541994,-0.578785,2045
11016,r3i1p1f1,2045,02,28,0.0,15.221535,0.4160986,2045
11017,r3i1p1f1,2045,03,01,0.0,15.817114,-1.7804775,2045
11018,r3i1p1f1,2045,03,02,5.213461387287349,13.730971,-0.331146,2045
11019,r3i1p1f1,2045,03,03,7.150338903605491,9.785669,1.42074,2045
11020,r3i1p1f1,2045,03,04,0.4043906121494894,12.449554,-0.694558,2045
11021,r3i1p1f1,2045,03,05,0.025016031550793825,14.393358,0.34738126,2045
11022,r3i1p1f1,2045,03,06,3.7794331679048225,12.2689705,0.74691355,2045
11023,r3i1p1f1,2045,03,07,13.935849437821712,9.660501,2.7733917,2045
11024,r3i1p1f1,2045,03,08,2.1917428214786043,15.506399,0.22982374,2045
11025,r3i1p1f1,2045,03,09,14.454017619119082,14.6233635,3.2141488,2045
11026,r3i1p1f1,2045,03,10,4.227408982530478,12.834173,0.98184276,2045
11027,r3i1p1f1,2045,03,11,1.577506239827375,13.014487,1.8910555,2045
11028,r3i1p1f1,2045,03,12,1.4402192215140641,12.047901,0.007876234,2045
11029,r3i1p1f1,2045,03,13,2.989772650282909,10.345725,0.98737097,2045
11030,r3i1p1f1,2045,03,14,0.8542094534255519,13.69611,2.2129157,2045
11031,r3i1p1f1,2045,03,15,0.047856915378801976,18.044449,0.51734376,2045
11032,r3i1p1f1,2045,03,16,0.246391079695472,17.1118,1.5508809,2045
11033,r3i1p1f1,2045,03,17,0.025648702743858325,14.462039,0.38905406,2045
11034,r3i1p1f1,2045,03,18,1.1901022673606403,13.740473,1.9455442,2045
11035,r3i1p1f1,2045,03,19,0.04151791140126685,11.632116,-2.7614005,2045
11036,r3i1p1f1,2045,03,20,0.021353739370666022,13.344808,-1.0991122,2045
11037,r3i1p1f1,2045,03,21,0.0,16.07269,1.5610615,2045
11038,r3i1p1f1,2045,03,22,0.0,20.52829,1.2308502,2045
11039,r3i1p1f1,2045,03,23,0.0,22.296303,4.4521937,2045
11040,r3i1p1f1,2045,03,24,0.0,21.68092,6.733413,2045
11041,r3i1p1f1,2045,03,25,0.0,23.039934,4.147681,2045
11042,r3i1p1f1,2045,03,26,1.8171189100179286,21.260368,4.814882,2045
11043,r3i1p1f1,2045,03,27,10.589705083639274,13.466365,6.3340373,2045
11044,r3i1p1f1,2045,03,28,6.014609303858764,13.102939,2.2786672,2045
11045,r3i1p1f1,2045,03,29,0.002239426866060857,21.406366,1.9906456,2045
11046,r3i1p1f1,2045,03,30,0.0,22.55214,4.3795867,2045
11047,r3i1p1f1,2045,03,31,0.0,22.467564,6.063819,2045
11048,r3i1p1f1,2045,04,01,0.0,25.056494,6.8522954,2045
11049,r3i1p1f1,2045,04,02,0.0,27.031902,8.644478,2045
11050,r3i1p1f1,2045,04,03,0.0,28.38073,9.474925,2045
11051,r3i1p1f1,2045,04,04,0.0,28.170809,10.151381,2045
11052,r3i1p1f1,2045,04,05,0.00023080868590058702,27.169748,7.691288,2045
11053,r3i1p1f1,2045,04,06,0.0,25.551262,6.1144114,2045
11054,r3i1p1f1,2045,04,07,0.0,26.77025,6.9908977,2045
11055,r3i1p1f1,2045,04,08,5.30787741818296,22.563303,4.529251,2045
11056,r3i1p1f1,2045,04,09,7.448196596442633,13.191229,5.026362,2045
11057,r3i1p1f1,2045,04,10,0.2185469108018989,18.115158,4.494758,2045
11058,r3i1p1f1,2045,04,11,0.0,23.752195,5.26519,2045
11059,r3i1p1f1,2045,04,12,0.0,25.402971,6.768419,2045
11060,r3i1p1f1,2045,04,13,0.02759071715638239,22.366722,6.131164,2045
11061,r3i1p1f1,2045,04,14,0.0,19.380913,2.1648605,2045
11062,r3i1p1f1,2045,04,15,0.0,20.380365,2.6101995,2045
11063,r3i1p1f1,2045,04,16,0.0,22.802353,4.8016434,2045
11064,r3i1p1f1,2045,04,17,0.0,27.174082,7.606947,2045
11065,r3i1p1f1,2045,04,18,0.0,28.050865,8.965591,2045
11066,r3i1p1f1,2045,04,19,0.0,27.103262,8.099501,2045
11067,r3i1p1f1,2045,04,20,0.0,24.260603,5.8991656,2045
11068,r3i1p1f1,2045,04,21,0.005454110377644555,24.78238,5.791011,2045
11069,r3i1p1f1,2045,04,22,4.409282992616654,19.305393,5.639064,2045
11070,r3i1p1f1,2045,04,23,0.0009724130028520118,20.147137,2.5189197,2045
11071,r3i1p1f1,2045,04,24,0.0,24.49484,5.1336713,2045
11072,r3i1p1f1,2045,04,25,0.0,27.16617,8.012172,2045
11073,r3i1p1f1,2045,04,26,0.0,27.170002,8.296533,2045
11074,r3i1p1f1,2045,04,27,0.0,24.247654,7.188669,2045
11075,r3i1p1f1,2045,04,28,0.0,23.248009,4.756449,2045
11076,r3i1p1f1,2045,04,29,0.0,24.16773,6.1301866,2045
11077,r3i1p1f1,2045,04,30,0.0,28.86314,10.9912405,2045
11078,r3i1p1f1,2045,05,01,0.0,31.721237,12.5766945,2045
11079,r3i1p1f1,2045,05,02,0.0,35.464703,15.459558,2045
11080,r3i1p1f1,2045,05,03,0.0,36.64895,16.755804,2045
11081,r3i1p1f1,2045,05,04,0.0,35.99523,15.67338,2045
11082,r3i1p1f1,2045,05,05,0.0,33.022316,13.105833,2045
11083,r3i1p1f1,2045,05,06,0.0,27.357677,9.449257,2045
11084,r3i1p1f1,2045,05,07,0.0,22.373053,4.885372,2045
11085,r3i1p1f1,2045,05,08,0.0,26.687532,8.042223,2045
11086,r3i1p1f1,2045,05,09,0.0,30.464499,10.735462,2045
11087,r3i1p1f1,2045,05,10,0.0,31.559856,11.723178,2045
11088,r3i1p1f1,2045,05,11,0.0,29.017315,10.047866,2045
11089,r3i1p1f1,2045,05,12,0.0,27.509851,8.292462,2045
11090,r3i1p1f1,2045,05,13,0.0,25.560694,6.6650553,2045
11091,r3i1p1f1,2045,05,14,0.04249080472315351,22.312237,6.6309347,2045
11092,r3i1p1f1,2045,05,15,0.0,25.20309,5.845782,2045
11093,r3i1p1f1,2045,05,16,0.0,22.766586,7.145848,2045
11094,r3i1p1f1,2045,05,17,0.0,25.527517,5.924485,2045
11095,r3i1p1f1,2045,05,18,0.0,32.06183,11.825348,2045
11096,r3i1p1f1,2045,05,19,0.0,33.665188,14.26731,2045
11097,r3i1p1f1,2045,05,20,0.0,32.490353,12.727017,2045
11098,r3i1p1f1,2045,05,21,0.0,29.637514,10.012849,2045
11099,r3i1p1f1,2045,05,22,0.0,26.335035,6.8666835,2045
11100,r3i1p1f1,2045,05,23,0.0,24.24984,5.29666,2045
11101,r3i1p1f1,2045,05,24,0.0,27.831703,8.1167755,2045
11102,r3i1p1f1,2045,05,25,0.0,29.295597,10.077148,2045
11103,r3i1p1f1,2045,05,26,0.0,26.127163,7.739479,2045
11104,r3i1p1f1,2045,05,27,0.0,21.245739,2.924168,2045
11105,r3i1p1f1,2045,05,28,0.0,18.077223,4.650415,2045
11106,r3i1p1f1,2045,05,29,0.18868051888355034,17.374428,4.6999235,2045
11107,r3i1p1f1,2045,05,30,0.01882153255406372,22.475441,3.717632,2045
11108,r3i1p1f1,2045,05,31,0.0,27.696552,8.05803,2045
11109,r3i1p1f1,2045,06,01,0.04156267376277934,28.822647,9.485506,2045
11110,r3i1p1f1,2045,06,02,0.017194909336412267,29.46237,10.826846,2045
11111,r3i1p1f1,2045,06,03,0.07845141603893628,27.58445,9.68908,2045
11112,r3i1p1f1,2045,06,04,0.0008847190165948687,26.264069,8.2761345,2045
11113,r3i1p1f1,2045,06,05,0.0,28.593624,10.294511,2045
11114,r3i1p1f1,2045,06,06,0.02371886266204952,31.413647,12.322598,2045
11115,r3i1p1f1,2045,06,07,0.08551015388079439,32.015804,13.836146,2045
11116,r3i1p1f1,2045,06,08,0.6014532934359247,34.7337,15.159185,2045
11117,r3i1p1f1,2045,06,09,1.4406263156949233,35.379944,18.192255,2045
11118,r3i1p1f1,2045,06,10,0.5386770617439073,35.503433,16.135403,2045
11119,r3i1p1f1,2045,06,11,1.3263490377258593,34.814632,15.728802,2045
11120,r3i1p1f1,2045,06,12,0.3759225385499921,34.355625,15.652587,2045
11121,r3i1p1f1,2045,06,13,0.06124701910955606,34.327057,15.902483,2045
11122,r3i1p1f1,2045,06,14,0.11248532026057188,32.768604,14.66108,2045
11123,r3i1p1f1,2045,06,15,0.004347072381554453,31.92737,13.849486,2045
11124,r3i1p1f1,2045,06,16,0.0,34.3347,15.636684,2045
11125,r3i1p1f1,2045,06,17,0.0,34.113205,15.319213,2045
11126,r3i1p1f1,2045,06,18,0.0,33.108902,14.25911,2045
11127,r3i1p1f1,2045,06,19,0.0,31.177908,12.881706,2045
11128,r3i1p1f1,2045,06,20,0.0,29.819546,11.022777,2045
11129,r3i1p1f1,2045,06,21,0.0,31.401379,12.183623,2045
11130,r3i1p1f1,2045,06,22,0.0,30.329096,12.508134,2045
11131,r3i1p1f1,2045,06,23,0.0,29.015461,11.317094,2045
11132,r3i1p1f1,2045,06,24,0.0,27.14732,9.908103,2045
11133,r3i1p1f1,2045,06,25,0.0,29.48964,11.95933,2045
11134,r3i1p1f1,2045,06,26,0.0,31.557913,13.411715,2045
11135,r3i1p1f1,2045,06,27,0.0,37.868187,16.771471,2045
11136,r3i1p1f1,2045,06,28,0.0,39.799118,18.84135,2045
11137,r3i1p1f1,2045,06,29,0.03666908132744896,40.263664,19.378546,2045
11138,r3i1p1f1,2045,06,30,0.7772075737761263,40.07133,20.467348,2045
11139,r3i1p1f1,2045,07,01,0.019235674708122104,39.497356,19.272675,2045
11140,r3i1p1f1,2045,07,02,0.0,39.833893,19.391483,2045
11141,r3i1p1f1,2045,07,03,0.0,39.431824,19.73751,2045
11142,r3i1p1f1,2045,07,04,0.0,38.733074,18.850464,2045
11143,r3i1p1f1,2045,07,05,0.0,36.870346,18.25332,2045
11144,r3i1p1f1,2045,07,06,0.0,34.31456,17.46728,2045
11145,r3i1p1f1,2045,07,07,0.0,34.683155,16.453661,2045
11146,r3i1p1f1,2045,07,08,0.0,35.25256,16.918556,2045
11147,r3i1p1f1,2045,07,09,0.0,37.358395,18.905739,2045
11148,r3i1p1f1,2045,07,10,0.0,36.886368,19.711742,2045
11149,r3i1p1f1,2045,07,11,0.0,37.406162,18.27036,2045
11150,r3i1p1f1,2045,07,12,0.0,38.213314,18.23222,2045
11151,r3i1p1f1,2045,07,13,0.0,37.793575,18.496996,2045
11152,r3i1p1f1,2045,07,14,0.0,36.85178,18.71632,2045
11153,r3i1p1f1,2045,07,15,0.0,37.579132,18.757296,2045
11154,r3i1p1f1,2045,07,16,0.0,37.732014,17.536966,2045
11155,r3i1p1f1,2045,07,17,0.0,37.488434,17.868252,2045
11156,r3i1p1f1,2045,07,18,0.0,36.122265,17.613619,2045
11157,r3i1p1f1,2045,07,19,0.0,31.566648,15.350966,2045
11158,r3i1p1f1,2045,07,20,0.0,32.132965,15.797627,2045
11159,r3i1p1f1,2045,07,21,0.0,33.922626,17.220741,2045
11160,r3i1p1f1,2045,07,22,0.7986488647866556,33.81152,16.967476,2045
11161,r3i1p1f1,2045,07,23,0.7353828378042884,31.695953,16.272512,2045
11162,r3i1p1f1,2045,07,24,0.0,31.098892,15.584491,2045
11163,r3i1p1f1,2045,07,25,0.7753759077362096,32.08021,16.8285,2045
11164,r3i1p1f1,2045,07,26,2.470725435374406,32.227962,16.821434,2045
11165,r3i1p1f1,2045,07,27,1.2107704539663577,33.31206,17.115042,2045
11166,r3i1p1f1,2045,07,28,0.09113979829690476,34.86269,17.202984,2045
11167,r3i1p1f1,2045,07,29,1.1585847812724144,37.144253,18.457432,2045
11168,r3i1p1f1,2045,07,30,1.4671772771191283,37.36688,20.072392,2045
11169,r3i1p1f1,2045,07,31,0.5174909138914893,36.643715,19.135544,2045
11170,r3i1p1f1,2045,08,01,0.1571543641969611,35.933628,18.608414,2045
11171,r3i1p1f1,2045,08,02,0.08133305851405373,33.348335,17.403223,2045
11172,r3i1p1f1,2045,08,03,0.24285033001268114,35.30117,17.723234,2045
11173,r3i1p1f1,2045,08,04,0.023211252118926495,36.23104,18.139492,2045
11174,r3i1p1f1,2045,08,05,0.0,35.685093,17.064026,2045
11175,r3i1p1f1,2045,08,06,0.03884991091168062,33.85311,16.21155,2045
11176,r3i1p1f1,2045,08,07,0.002399266231805086,31.606226,15.258373,2045
11177,r3i1p1f1,2045,08,08,0.10028706789440052,31.25585,14.584303,2045
11178,r3i1p1f1,2045,08,09,0.0,30.673155,14.040606,2045
11179,r3i1p1f1,2045,08,10,0.0,33.148464,13.832432,2045
11180,r3i1p1f1,2045,08,11,0.0020206671659693575,36.11302,17.392706,2045
11181,r3i1p1f1,2045,08,12,0.0,36.985443,17.739237,2045
11182,r3i1p1f1,2045,08,13,0.0,37.337048,18.740828,2045
11183,r3i1p1f1,2045,08,14,0.0,37.451004,19.84195,2045
11184,r3i1p1f1,2045,08,15,0.0,36.99223,18.07283,2045
11185,r3i1p1f1,2045,08,16,0.0,36.31997,16.642471,2045
11186,r3i1p1f1,2045,08,17,0.0,36.12302,17.153563,2045
11187,r3i1p1f1,2045,08,18,0.0,35.975918,16.79333,2045
11188,r3i1p1f1,2045,08,19,0.0,35.691948,16.894293,2045
11189,r3i1p1f1,2045,08,20,0.0012769665794842172,34.994274,18.177649,2045
11190,r3i1p1f1,2045,08,21,0.0,32.493145,14.676713,2045
11191,r3i1p1f1,2045,08,22,0.0,34.722263,14.111022,2045
11192,r3i1p1f1,2045,08,23,0.0,36.749805,18.583105,2045
11193,r3i1p1f1,2045,08,24,0.37055467308329587,36.944775,18.993155,2045
11194,r3i1p1f1,2045,08,25,0.05236550855139891,36.055542,18.293034,2045
11195,r3i1p1f1,2045,08,26,1.3450329284960665,33.56594,16.80778,2045
11196,r3i1p1f1,2045,08,27,0.01599872833167231,32.960606,16.172699,2045
11197,r3i1p1f1,2045,08,28,0.010359767633913592,34.9743,16.525955,2045
11198,r3i1p1f1,2045,08,29,0.5977447681718993,34.029453,16.699924,2045
11199,r3i1p1f1,2045,08,30,0.0005794650959697636,33.147655,15.762759,2045
11200,r3i1p1f1,2045,08,31,0.0009970575091287944,33.257175,14.684943,2045
11201,r3i1p1f1,2045,09,01,0.0,33.91376,16.405317,2045
11202,r3i1p1f1,2045,09,02,0.0,33.3176,14.936011,2045
11203,r3i1p1f1,2045,09,03,0.0,33.187935,17.016134,2045
11204,r3i1p1f1,2045,09,04,0.0,33.81752,18.466112,2045
11205,r3i1p1f1,2045,09,05,0.0,33.98961,16.697523,2045
11206,r3i1p1f1,2045,09,06,0.0,32.553207,15.465632,2045
11207,r3i1p1f1,2045,09,07,0.0026669557855436296,34.413723,15.566698,2045
11208,r3i1p1f1,2045,09,08,0.0,36.35596,17.490742,2045
11209,r3i1p1f1,2045,09,09,0.030780603697304756,38.01434,19.802937,2045
11210,r3i1p1f1,2045,09,10,0.414324382861995,37.039627,19.402016,2045
11211,r3i1p1f1,2045,09,11,0.01702374031689639,37.984306,19.157303,2045
11212,r3i1p1f1,2045,09,12,0.0,36.441364,16.99481,2045
11213,r3i1p1f1,2045,09,13,2.9938490097662327,33.463425,15.965432,2045
11214,r3i1p1f1,2045,09,14,0.8681199629278457,30.929317,13.573359,2045
11215,r3i1p1f1,2045,09,15,0.0,29.335115,12.487577,2045
11216,r3i1p1f1,2045,09,16,0.0,28.53409,14.042277,2045
11217,r3i1p1f1,2045,09,17,0.0,28.284725,11.779382,2045
11218,r3i1p1f1,2045,09,18,0.031933624149215495,29.275663,12.621192,2045
11219,r3i1p1f1,2045,09,19,0.0574495384353213,29.083803,11.979884,2045
11220,r3i1p1f1,2045,09,20,0.3509089111563905,29.805647,14.40504,2045
11221,r3i1p1f1,2045,09,21,0.07363343371473478,31.830976,15.140366,2045
11222,r3i1p1f1,2045,09,22,0.212203781953907,32.94588,16.192186,2045
11223,r3i1p1f1,2045,09,23,1.4292944030691588,31.509253,15.3205595,2045
11224,r3i1p1f1,2045,09,24,0.6736393062469275,33.68578,16.405807,2045
11225,r3i1p1f1,2045,09,25,1.1652243409789111,33.222572,17.199404,2045
11226,r3i1p1f1,2045,09,26,0.2610387618540589,32.469994,17.239635,2045
11227,r3i1p1f1,2045,09,27,0.0,33.646973,16.689356,2045
11228,r3i1p1f1,2045,09,28,0.01381171917962616,34.42504,17.08665,2045
11229,r3i1p1f1,2045,09,29,0.015015988293188539,34.84795,17.084446,2045
11230,r3i1p1f1,2045,09,30,0.0,35.06689,16.099659,2045
11231,r3i1p1f1,2045,10,01,0.0004616094520315528,33.793434,16.945257,2045
11232,r3i1p1f1,2045,10,02,0.0013337558652203757,31.248793,16.642675,2045
11233,r3i1p1f1,2045,10,03,0.05167966464686095,32.11723,15.639895,2045
11234,r3i1p1f1,2045,10,04,0.021801509957929902,33.13627,17.014614,2045
11235,r3i1p1f1,2045,10,05,0.09710511829022532,33.108677,16.179142,2045
11236,r3i1p1f1,2045,10,06,0.6528655138919764,32.664368,17.130863,2045
11237,r3i1p1f1,2045,10,07,0.04495894625451359,32.543915,16.116697,2045
11238,r3i1p1f1,2045,10,08,0.3550329515057842,32.880222,15.579079,2045
11239,r3i1p1f1,2045,10,09,0.18274408837896772,34.364227,15.84863,2045
11240,r3i1p1f1,2045,10,10,0.0755296807619743,34.37599,17.244379,2045
11241,r3i1p1f1,2045,10,11,0.4471741425478478,33.134174,18.850002,2045
11242,r3i1p1f1,2045,10,12,0.17070389403891045,32.12865,15.562034,2045
11243,r3i1p1f1,2045,10,13,0.007479263475750376,32.75257,16.289427,2045
11244,r3i1p1f1,2045,10,14,0.0,34.508816,16.040731,2045
11245,r3i1p1f1,2045,10,15,0.0,33.11411,15.079156,2045
11246,r3i1p1f1,2045,10,16,0.0,30.922411,14.1537075,2045
11247,r3i1p1f1,2045,10,17,0.0,31.814142,14.430661,2045
11248,r3i1p1f1,2045,10,18,0.0,33.247917,15.6929,2045
11249,r3i1p1f1,2045,10,19,0.0,33.080635,14.561825,2045
11250,r3i1p1f1,2045,10,20,0.28372784548661334,28.662785,13.10895,2045
11251,r3i1p1f1,2045,10,21,2.499691836861585,26.500137,12.952185,2045
11252,r3i1p1f1,2045,10,22,0.0,29.396185,12.514667,2045
11253,r3i1p1f1,2045,10,23,0.0,31.580875,14.042382,2045
11254,r3i1p1f1,2045,10,24,0.0,31.559616,13.988633,2045
11255,r3i1p1f1,2045,10,25,0.0,30.266783,12.701262,2045
11256,r3i1p1f1,2045,10,26,0.0031874871417654285,28.606405,12.157942,2045
11257,r3i1p1f1,2045,10,27,20.17613604721632,24.451113,10.7187395,2045
11258,r3i1p1f1,2045,10,28,25.238820724678757,17.183813,8.950963,2045
11259,r3i1p1f1,2045,10,29,0.15315049382148904,16.171814,4.942302,2045
11260,r3i1p1f1,2045,10,30,6.975967759073793,17.060347,6.931638,2045
11261,r3i1p1f1,2045,10,31,4.253506392465032,15.119876,5.6670294,2045
11262,r3i1p1f1,2045,11,01,0.13636262499582671,15.9944515,3.7075794,2045
11263,r3i1p1f1,2045,11,02,0.0,18.471457,5.254951,2045
11264,r3i1p1f1,2045,11,03,0.0,18.183638,5.923025,2045
11265,r3i1p1f1,2045,11,04,0.0,18.902922,6.00197,2045
11266,r3i1p1f1,2045,11,05,0.0,19.877697,6.8710203,2045
11267,r3i1p1f1,2045,11,06,0.0,20.239674,7.2400384,2045
11268,r3i1p1f1,2045,11,07,0.0,20.21156,7.376388,2045
11269,r3i1p1f1,2045,11,08,0.0,20.423817,8.0208645,2045
11270,r3i1p1f1,2045,11,09,0.0,20.559122,8.309948,2045
11271,r3i1p1f1,2045,11,10,0.03797258072595331,19.661608,8.646029,2045
11272,r3i1p1f1,2045,11,11,0.13609731239436465,18.416512,7.638039,2045
11273,r3i1p1f1,2045,11,12,5.5366287267536265,18.058403,8.764883,2045
11274,r3i1p1f1,2045,11,13,23.34468632564963,19.077055,11.374933,2045
11275,r3i1p1f1,2045,11,14,0.3327092630945227,19.57792,9.818157,2045
11276,r3i1p1f1,2045,11,15,1.293604240819067,19.350636,8.950025,2045
11277,r3i1p1f1,2045,11,16,0.0,19.144129,6.3585076,2045
11278,r3i1p1f1,2045,11,17,0.0,21.178095,7.498055,2045
11279,r3i1p1f1,2045,11,18,0.17076662054822725,20.349485,8.931202,2045
11280,r3i1p1f1,2045,11,19,0.003765879474954228,16.642244,5.073388,2045
11281,r3i1p1f1,2045,11,20,0.0,14.692176,2.7247474,2045
11282,r3i1p1f1,2045,11,21,0.010037764652886173,14.90954,3.0288155,2045
11283,r3i1p1f1,2045,11,22,0.0,15.364303,2.5926404,2045
11284,r3i1p1f1,2045,11,23,0.0,15.769141,2.7104583,2045
11285,r3i1p1f1,2045,11,24,0.0,17.66227,2.7455668,2045
11286,r3i1p1f1,2045,11,25,0.0,18.69803,3.8908794,2045
11287,r3i1p1f1,2045,11,26,0.0,20.306631,4.933392,2045
11288,r3i1p1f1,2045,11,27,0.0,20.862768,6.238282,2045
11289,r3i1p1f1,2045,11,28,0.0,21.284548,5.22521,2045
11290,r3i1p1f1,2045,11,29,0.0,19.757002,7.4921417,2045
11291,r3i1p1f1,2045,11,30,0.0,19.006094,6.311325,2045
11292,r3i1p1f1,2045,12,01,14.863970839836508,18.997976,7.927085,2045
11293,r3i1p1f1,2045,12,02,14.886552581479423,14.0096245,6.2519097,2045
11294,r3i1p1f1,2045,12,03,4.704768433461361,14.031567,6.8698683,2045
11295,r3i1p1f1,2045,12,04,6.321515259846682,11.586467,4.639658,2045
11296,r3i1p1f1,2045,12,05,28.80351939573302,10.934868,3.4626086,2045
11297,r3i1p1f1,2045,12,06,6.5463452294407585,11.612945,2.2733152,2045
11298,r3i1p1f1,2045,12,07,0.06936382955631637,10.926662,1.1944906,2045
11299,r3i1p1f1,2045,12,08,5.146595751110164,10.1449795,1.3958975,2045
11300,r3i1p1f1,2045,12,09,0.0,7.466899,-2.0820434,2045
11301,r3i1p1f1,2045,12,10,7.566664111079269,7.8614354,1.2057158,2045
11302,r3i1p1f1,2045,12,11,9.443639424452241,9.912313,-0.5251484,2045
11303,r3i1p1f1,2045,12,12,8.468726000446072,9.450746,3.4942632,2045
11304,r3i1p1f1,2045,12,13,0.0,7.9067464,-1.8994585,2045
11305,r3i1p1f1,2045,12,14,0.0,8.554886,-3.4838405,2045
11306,r3i1p1f1,2045,12,15,15.927162425631458,10.222271,1.7796879,2045
11307,r3i1p1f1,2045,12,16,0.4008359912680162,5.9932685,-1.6274254,2045
11308,r3i1p1f1,2045,12,17,0.0005279692722428026,1.594622,-9.818234,2045
11309,r3i1p1f1,2045,12,18,0.0,4.141177,-7.7509313,2045
11310,r3i1p1f1,2045,12,19,0.0,7.225856,-5.281015,2045
11311,r3i1p1f1,2045,12,20,0.0,9.685796,-3.6147864,2045
11312,r3i1p1f1,2045,12,21,0.0,10.001561,-2.276853,2045
11313,r3i1p1f1,2045,12,22,0.00954688704840726,10.356463,0.47373453,2045
11314,r3i1p1f1,2045,12,23,0.0,11.264787,-0.7176752,2045
11315,r3i1p1f1,2045,12,24,0.0,11.669059,-2.1122377,2045
11316,r3i1p1f1,2045,12,25,0.0,10.613208,-1.8905452,2045
11317,r3i1p1f1,2045,12,26,0.0,13.314444,-0.9454175,2045
11318,r3i1p1f1,2045,12,27,0.002478778496328177,11.000079,-0.71116644,2045
11319,r3i1p1f1,2045,12,28,0.07235309105343538,11.609264,1.281116,2045
11320,r3i1p1f1,2045,12,29,0.0,14.281956,1.7261096,2045
11321,r3i1p1f1,2045,12,30,0.0,12.643493,-0.6746312,2045
11322,r3i1p1f1,2045,12,31,0.004743113090763941,11.86838,-1.0996948,2045
11323,r3i1p1f1,2046,01,01,0.05701896307899998,12.924666,2.5230117,2046
11324,r3i1p1f1,2046,01,02,19.234412761895026,13.234824,6.3409076,2046
11325,r3i1p1f1,2046,01,03,14.153781225481493,10.99873,4.429763,2046
11326,r3i1p1f1,2046,01,04,0.09608007646448007,8.16542,-0.85998297,2046
11327,r3i1p1f1,2046,01,05,0.0,8.51472,-4.715786,2046
11328,r3i1p1f1,2046,01,06,0.0,9.09826,-2.7201507,2046
11329,r3i1p1f1,2046,01,07,0.0,13.896073,0.16490994,2046
11330,r3i1p1f1,2046,01,08,0.0,17.688364,3.819173,2046
11331,r3i1p1f1,2046,01,09,0.0,16.589413,4.7532554,2046
11332,r3i1p1f1,2046,01,10,0.0,18.419624,5.4564857,2046
11333,r3i1p1f1,2046,01,11,0.0,19.047447,8.007843,2046
11334,r3i1p1f1,2046,01,12,0.0,18.724842,6.787443,2046
11335,r3i1p1f1,2046,01,13,0.0,18.067783,4.925539,2046
11336,r3i1p1f1,2046,01,14,0.0,16.486193,3.8581975,2046
11337,r3i1p1f1,2046,01,15,0.0,15.239627,2.577975,2046
11338,r3i1p1f1,2046,01,16,0.0,15.280746,2.72554,2046
11339,r3i1p1f1,2046,01,17,15.188360413894495,13.736111,4.70444,2046
11340,r3i1p1f1,2046,01,18,1.1573487263806534,10.487502,1.9459686,2046
11341,r3i1p1f1,2046,01,19,0.015790983218749083,13.054798,0.3983919,2046
11342,r3i1p1f1,2046,01,20,0.0,12.4002075,4.3237586,2046
11343,r3i1p1f1,2046,01,21,0.0,13.787742,3.702826,2046
11344,r3i1p1f1,2046,01,22,0.026067260725099142,12.82474,2.004433,2046
11345,r3i1p1f1,2046,01,23,5.802976645047349,13.954708,5.568393,2046
11346,r3i1p1f1,2046,01,24,0.0,12.796898,1.4957176,2046
11347,r3i1p1f1,2046,01,25,0.009788210542562107,12.2956295,0.77794373,2046
11348,r3i1p1f1,2046,01,26,16.82478556739983,12.8194685,5.7796173,2046
11349,r3i1p1f1,2046,01,27,0.0,13.585136,4.9448857,2046
11350,r3i1p1f1,2046,01,28,0.0,15.600448,3.1466343,2046
11351,r3i1p1f1,2046,01,29,0.0,15.603649,2.1597466,2046
11352,r3i1p1f1,2046,01,30,0.0,18.876513,5.350425,2046
11353,r3i1p1f1,2046,01,31,0.0,21.084297,6.9710274,2046
11354,r3i1p1f1,2046,02,01,0.0,21.632559,7.5111775,2046
11355,r3i1p1f1,2046,02,02,0.0,22.002598,8.045286,2046
11356,r3i1p1f1,2046,02,03,0.0,19.233322,6.7888536,2046
11357,r3i1p1f1,2046,02,04,0.0,16.481804,3.2047625,2046
11358,r3i1p1f1,2046,02,05,0.0,19.396456,4.973072,2046
11359,r3i1p1f1,2046,02,06,0.0,20.485857,6.2762337,2046
11360,r3i1p1f1,2046,02,07,0.0,19.766666,6.2639327,2046
11361,r3i1p1f1,2046,02,08,15.968273255769446,19.360952,6.702957,2046
11362,r3i1p1f1,2046,02,09,27.947808567392215,14.091436,7.478211,2046
11363,r3i1p1f1,2046,02,10,12.451080812870439,12.460969,3.5341578,2046
11364,r3i1p1f1,2046,02,11,0.7655311243563505,13.534517,0.9773104,2046
11365,r3i1p1f1,2046,02,12,0.0,14.139258,-1.0115457,2046
11366,r3i1p1f1,2046,02,13,0.2827620165292253,14.868466,2.4816697,2046
11367,r3i1p1f1,2046,02,14,0.2243560776795758,14.437672,4.7677712,2046
11368,r3i1p1f1,2046,02,15,0.5459040818117721,19.394909,5.527368,2046
11369,r3i1p1f1,2046,02,16,20.282594959624642,18.975008,6.1338463,2046
11370,r3i1p1f1,2046,02,17,3.22354454400435,11.312701,1.5442396,2046
11371,r3i1p1f1,2046,02,18,0.0,12.149362,-1.7599338,2046
11372,r3i1p1f1,2046,02,19,3.345574677511071,12.794281,3.6162055,2046
11373,r3i1p1f1,2046,02,20,0.34235372683752124,13.20371,1.6505009,2046
11374,r3i1p1f1,2046,02,21,0.0,14.424646,-0.24506946,2046
11375,r3i1p1f1,2046,02,22,0.0,17.221212,1.079074,2046
11376,r3i1p1f1,2046,02,23,0.0,18.04513,3.8143194,2046
11377,r3i1p1f1,2046,02,24,0.0,18.347134,3.4081762,2046
11378,r3i1p1f1,2046,02,25,0.0,19.637436,5.028453,2046
11379,r3i1p1f1,2046,02,26,2.154688894578695,18.383562,8.8062525,2046
11380,r3i1p1f1,2046,02,27,0.060933821148478964,15.029144,1.9016379,2046
11381,r3i1p1f1,2046,02,28,0.0,13.707625,0.7931172,2046
11382,r3i1p1f1,2046,03,01,0.0,17.021898,-1.9710311,2046
11383,r3i1p1f1,2046,03,02,0.0,18.719982,0.48644468,2046
11384,r3i1p1f1,2046,03,03,0.0,21.993122,3.192514,2046
11385,r3i1p1f1,2046,03,04,0.0,22.03999,4.3716183,2046
11386,r3i1p1f1,2046,03,05,0.0,22.130833,4.514654,2046
11387,r3i1p1f1,2046,03,06,0.0,21.798935,3.4568164,2046
11388,r3i1p1f1,2046,03,07,0.030393470876857242,18.169409,1.0268874,2046
11389,r3i1p1f1,2046,03,08,0.294436992518251,13.823714,0.051860675,2046
11390,r3i1p1f1,2046,03,09,0.05285243849026632,14.461178,-1.5737249,2046
11391,r3i1p1f1,2046,03,10,0.0,16.804985,-1.0371982,2046
11392,r3i1p1f1,2046,03,11,0.0,18.99348,0.340523,2046
11393,r3i1p1f1,2046,03,12,0.0,20.568594,2.8070908,2046
11394,r3i1p1f1,2046,03,13,1.349654449856616,18.84858,1.4036294,2046
11395,r3i1p1f1,2046,03,14,4.607882698043492,13.970509,2.5143933,2046
11396,r3i1p1f1,2046,03,15,0.2257649175074524,14.838128,1.4362662,2046
11397,r3i1p1f1,2046,03,16,0.0,18.137379,1.1938924,2046
11398,r3i1p1f1,2046,03,17,0.0,21.111336,3.1218593,2046
11399,r3i1p1f1,2046,03,18,0.0,22.86356,4.6103,2046
11400,r3i1p1f1,2046,03,19,0.0,23.613802,5.785299,2046
11401,r3i1p1f1,2046,03,20,0.0,25.103065,6.963864,2046
11402,r3i1p1f1,2046,03,21,0.0,24.701988,6.041002,2046
11403,r3i1p1f1,2046,03,22,0.0,23.236816,4.339498,2046
11404,r3i1p1f1,2046,03,23,0.0,21.68224,3.613927,2046
11405,r3i1p1f1,2046,03,24,0.4409750436903006,21.176529,6.1377444,2046
11406,r3i1p1f1,2046,03,25,0.0845033302200384,21.513874,6.637372,2046
11407,r3i1p1f1,2046,03,26,0.056151588249838714,24.450167,5.939647,2046
11408,r3i1p1f1,2046,03,27,0.0,26.153214,7.153405,2046
11409,r3i1p1f1,2046,03,28,0.2215205254315427,25.460558,6.842619,2046
11410,r3i1p1f1,2046,03,29,0.007574811761239262,23.990091,5.1067014,2046
11411,r3i1p1f1,2046,03,30,0.0,22.60228,3.484368,2046
11412,r3i1p1f1,2046,03,31,0.011389932690442285,21.521357,3.2925704,2046
11413,r3i1p1f1,2046,04,01,0.0,24.048977,4.449253,2046
11414,r3i1p1f1,2046,04,02,0.0,26.00013,6.580496,2046
11415,r3i1p1f1,2046,04,03,0.0,28.254925,9.624747,2046
11416,r3i1p1f1,2046,04,04,0.03722857931279577,26.159655,7.8118563,2046
11417,r3i1p1f1,2046,04,05,1.546464130115055,19.818247,1.4228514,2046
11418,r3i1p1f1,2046,04,06,1.4160462804427494,15.177913,0.9492889,2046
11419,r3i1p1f1,2046,04,07,0.0,19.504187,0.9127211,2046
11420,r3i1p1f1,2046,04,08,0.0,18.809204,1.1590024,2046
11421,r3i1p1f1,2046,04,09,0.0,21.096478,1.126985,2046
11422,r3i1p1f1,2046,04,10,0.04214300627195784,19.470745,0.84297144,2046
11423,r3i1p1f1,2046,04,11,0.10939183661486657,17.461725,0.33341,2046
11424,r3i1p1f1,2046,04,12,0.0,22.615084,2.863483,2046
11425,r3i1p1f1,2046,04,13,0.0,23.905499,4.529265,2046
11426,r3i1p1f1,2046,04,14,0.0486250247305372,20.879423,1.4968934,2046
11427,r3i1p1f1,2046,04,15,0.13895136602183233,13.187373,-1.2349494,2046
11428,r3i1p1f1,2046,04,16,0.054270173511185654,16.860334,0.25532654,2046
11429,r3i1p1f1,2046,04,17,0.07845530145321832,22.57977,2.7528663,2046
11430,r3i1p1f1,2046,04,18,0.0,25.137766,5.2011724,2046
11431,r3i1p1f1,2046,04,19,0.0,26.24112,6.0807457,2046
11432,r3i1p1f1,2046,04,20,0.0,23.68549,4.526937,2046
11433,r3i1p1f1,2046,04,21,0.15148313411511038,21.87722,4.161181,2046
11434,r3i1p1f1,2046,04,22,0.06291490086975197,27.397482,6.9714475,2046
11435,r3i1p1f1,2046,04,23,0.0,25.790554,6.7539206,2046
11436,r3i1p1f1,2046,04,24,0.0,20.557512,2.6203527,2046
11437,r3i1p1f1,2046,04,25,0.0,20.269934,2.246862,2046
11438,r3i1p1f1,2046,04,26,0.0,24.616945,4.753079,2046
11439,r3i1p1f1,2046,04,27,0.0,28.675785,9.145841,2046
11440,r3i1p1f1,2046,04,28,0.0,30.039583,9.428018,2046
11441,r3i1p1f1,2046,04,29,0.0,30.911201,10.96581,2046
11442,r3i1p1f1,2046,04,30,0.0,30.465355,10.548742,2046
11443,r3i1p1f1,2046,05,01,0.0,30.13437,9.935717,2046
11444,r3i1p1f1,2046,05,02,0.0,29.672853,9.763911,2046
11445,r3i1p1f1,2046,05,03,0.0,29.138624,9.551562,2046
11446,r3i1p1f1,2046,05,04,0.049548559300918976,25.495049,8.355008,2046
11447,r3i1p1f1,2046,05,05,0.0,25.453203,7.370296,2046
11448,r3i1p1f1,2046,05,06,0.0,26.026985,7.134794,2046
11449,r3i1p1f1,2046,05,07,0.0,25.99361,7.433112,2046
11450,r3i1p1f1,2046,05,08,0.0,27.229471,8.077318,2046
11451,r3i1p1f1,2046,05,09,0.0,27.143791,7.6427007,2046
11452,r3i1p1f1,2046,05,10,0.04007656378124728,23.450617,5.8958,2046
11453,r3i1p1f1,2046,05,11,0.009821256336925382,21.695257,7.0631723,2046
11454,r3i1p1f1,2046,05,12,0.0,23.873938,4.9388747,2046
11455,r3i1p1f1,2046,05,13,0.0,25.436855,5.6894903,2046
11456,r3i1p1f1,2046,05,14,0.0,26.067852,6.675155,2046
11457,r3i1p1f1,2046,05,15,0.0,25.775764,8.305368,2046
11458,r3i1p1f1,2046,05,16,0.19362606994918402,23.822905,7.78663,2046
11459,r3i1p1f1,2046,05,17,0.0,23.876617,4.712698,2046
11460,r3i1p1f1,2046,05,18,0.0,25.81332,6.343394,2046
11461,r3i1p1f1,2046,05,19,0.0,25.360592,5.6094036,2046
11462,r3i1p1f1,2046,05,20,0.9571214488958254,18.259333,1.6262813,2046
11463,r3i1p1f1,2046,05,21,1.6277567555626966,13.055323,-1.0728354,2046
11464,r3i1p1f1,2046,05,22,0.14383884556027074,19.04476,1.3675812,2046
11465,r3i1p1f1,2046,05,23,0.009908826464335576,21.378654,3.9271474,2046
11466,r3i1p1f1,2046,05,24,0.6695487215620233,20.510342,2.9846652,2046
11467,r3i1p1f1,2046,05,25,0.6442064213413026,19.880327,4.792164,2046
11468,r3i1p1f1,2046,05,26,0.037902161385511245,22.223986,4.5093417,2046
11469,r3i1p1f1,2046,05,27,0.0,24.196281,5.403131,2046
11470,r3i1p1f1,2046,05,28,0.0,24.936663,5.7191157,2046
11471,r3i1p1f1,2046,05,29,0.0,26.66575,7.9000616,2046
11472,r3i1p1f1,2046,05,30,0.0,26.916193,7.859908,2046
11473,r3i1p1f1,2046,05,31,0.0,25.480324,7.2763915,2046
11474,r3i1p1f1,2046,06,01,0.0108980223233106,23.282194,6.935862,2046
11475,r3i1p1f1,2046,06,02,1.3568120806945498,22.095833,8.435906,2046
11476,r3i1p1f1,2046,06,03,0.0,23.310154,5.2621784,2046
11477,r3i1p1f1,2046,06,04,0.0,27.858364,8.413024,2046
11478,r3i1p1f1,2046,06,05,0.0,30.027718,11.211127,2046
11479,r3i1p1f1,2046,06,06,0.0,28.199131,10.472831,2046
11480,r3i1p1f1,2046,06,07,0.0014939228563117936,26.979837,9.603519,2046
11481,r3i1p1f1,2046,06,08,0.09191626669648527,26.261581,9.771398,2046
11482,r3i1p1f1,2046,06,09,0.0715651890134199,25.048725,8.495892,2046
11483,r3i1p1f1,2046,06,10,0.0,28.317715,8.956297,2046
11484,r3i1p1f1,2046,06,11,0.0,31.386168,12.548144,2046
11485,r3i1p1f1,2046,06,12,0.0,33.122536,14.212072,2046
11486,r3i1p1f1,2046,06,13,0.0,32.426975,13.058726,2046
11487,r3i1p1f1,2046,06,14,0.0,28.740131,11.637051,2046
11488,r3i1p1f1,2046,06,15,0.0,27.745739,10.82144,2046
11489,r3i1p1f1,2046,06,16,0.0,26.461561,9.894164,2046
11490,r3i1p1f1,2046,06,17,0.0,28.4735,10.431141,2046
11491,r3i1p1f1,2046,06,18,0.0,30.049915,12.558572,2046
11492,r3i1p1f1,2046,06,19,0.0,30.123741,12.079751,2046
11493,r3i1p1f1,2046,06,20,0.0,31.312191,13.37283,2046
11494,r3i1p1f1,2046,06,21,0.0,31.506496,13.726732,2046
11495,r3i1p1f1,2046,06,22,0.0,31.292284,14.106985,2046
11496,r3i1p1f1,2046,06,23,0.0,30.484325,13.10474,2046
11497,r3i1p1f1,2046,06,24,0.0,32.031967,13.234354,2046
11498,r3i1p1f1,2046,06,25,0.0,34.98383,15.592266,2046
11499,r3i1p1f1,2046,06,26,0.0,36.372547,17.189697,2046
11500,r3i1p1f1,2046,06,27,0.0,36.695934,16.37344,2046
11501,r3i1p1f1,2046,06,28,0.00375958639338161,35.91283,16.508312,2046
11502,r3i1p1f1,2046,06,29,0.0,34.626926,15.636889,2046
11503,r3i1p1f1,2046,06,30,0.0,35.270405,16.327791,2046
11504,r3i1p1f1,2046,07,01,0.0014484136111356995,36.75042,17.026031,2046
11505,r3i1p1f1,2046,07,02,0.006811164150183851,37.00232,17.900482,2046
11506,r3i1p1f1,2046,07,03,0.0012241614361604054,37.02552,17.291172,2046
11507,r3i1p1f1,2046,07,04,0.012409661078091824,37.075684,17.420588,2046
11508,r3i1p1f1,2046,07,05,0.0,36.381355,18.533892,2046
11509,r3i1p1f1,2046,07,06,0.0,37.25313,18.059052,2046
11510,r3i1p1f1,2046,07,07,0.0,36.369232,18.03157,2046
11511,r3i1p1f1,2046,07,08,0.0,35.554283,16.794405,2046
11512,r3i1p1f1,2046,07,09,0.0,35.39282,16.722034,2046
11513,r3i1p1f1,2046,07,10,0.0,35.293877,17.283676,2046
11514,r3i1p1f1,2046,07,11,0.0,34.82757,17.733267,2046
11515,r3i1p1f1,2046,07,12,0.0,33.301003,16.28187,2046
11516,r3i1p1f1,2046,07,13,0.0,29.40748,13.5545,2046
11517,r3i1p1f1,2046,07,14,0.0,27.961626,12.441539,2046
11518,r3i1p1f1,2046,07,15,0.0,32.997524,15.563759,2046
11519,r3i1p1f1,2046,07,16,0.0,36.926697,17.519321,2046
11520,r3i1p1f1,2046,07,17,0.3291706638419507,36.747314,19.25048,2046
11521,r3i1p1f1,2046,07,18,8.363521897770238e-05,39.282993,22.846682,2046
11522,r3i1p1f1,2046,07,19,0.0,41.130646,22.71106,2046
11523,r3i1p1f1,2046,07,20,0.000842598577340444,39.81093,19.886415,2046
11524,r3i1p1f1,2046,07,21,0.4774400182015432,34.276466,17.965563,2046
11525,r3i1p1f1,2046,07,22,0.008945676258228945,34.18456,17.832941,2046
11526,r3i1p1f1,2046,07,23,0.0,35.983047,18.954975,2046
11527,r3i1p1f1,2046,07,24,0.0,36.469402,17.613632,2046
11528,r3i1p1f1,2046,07,25,0.0,37.0549,18.130465,2046
11529,r3i1p1f1,2046,07,26,0.0,36.566116,18.041426,2046
11530,r3i1p1f1,2046,07,27,0.0,36.17744,17.747494,2046
11531,r3i1p1f1,2046,07,28,0.0,34.96961,17.139524,2046
11532,r3i1p1f1,2046,07,29,0.0,31.114412,14.578869,2046
11533,r3i1p1f1,2046,07,30,0.03781663021513713,29.5951,13.524349,2046
11534,r3i1p1f1,2046,07,31,0.0,29.692522,12.822438,2046
11535,r3i1p1f1,2046,08,01,0.0,31.193144,13.990045,2046
11536,r3i1p1f1,2046,08,02,0.0,32.542995,15.360424,2046
11537,r3i1p1f1,2046,08,03,0.0,33.92644,15.945109,2046
11538,r3i1p1f1,2046,08,04,0.0,33.57265,15.924951,2046
11539,r3i1p1f1,2046,08,05,0.0,33.96206,15.265683,2046
11540,r3i1p1f1,2046,08,06,0.028541647709172332,36.496277,17.379652,2046
11541,r3i1p1f1,2046,08,07,0.0,37.447063,17.926605,2046
11542,r3i1p1f1,2046,08,08,0.0,36.90723,18.091627,2046
11543,r3i1p1f1,2046,08,09,0.0,36.2906,16.561426,2046
11544,r3i1p1f1,2046,08,10,0.0,35.143303,16.879473,2046
11545,r3i1p1f1,2046,08,11,0.0,34.325848,15.906808,2046
11546,r3i1p1f1,2046,08,12,0.1175552890741859,31.797127,16.447672,2046
11547,r3i1p1f1,2046,08,13,0.04927393493496559,31.200281,15.419563,2046
11548,r3i1p1f1,2046,08,14,0.0,33.27297,15.99593,2046
11549,r3i1p1f1,2046,08,15,0.0,35.783432,18.353872,2046
11550,r3i1p1f1,2046,08,16,0.0,35.875324,17.616142,2046
11551,r3i1p1f1,2046,08,17,0.0,35.083504,15.5202875,2046
11552,r3i1p1f1,2046,08,18,0.0,33.689697,15.620097,2046
11553,r3i1p1f1,2046,08,19,0.0,31.085663,14.767342,2046
11554,r3i1p1f1,2046,08,20,0.0,30.373674,13.224752,2046
11555,r3i1p1f1,2046,08,21,0.0,31.033323,13.627854,2046
11556,r3i1p1f1,2046,08,22,0.0,31.604061,14.098573,2046
11557,r3i1p1f1,2046,08,23,0.0,33.02767,14.408111,2046
11558,r3i1p1f1,2046,08,24,0.0,35.445065,15.446624,2046
11559,r3i1p1f1,2046,08,25,0.04845147640232674,36.425556,17.962883,2046
11560,r3i1p1f1,2046,08,26,0.428858405110518,36.331825,18.702312,2046
11561,r3i1p1f1,2046,08,27,0.3653060769394153,37.228287,20.072565,2046
11562,r3i1p1f1,2046,08,28,0.17709883472117793,38.625618,19.278585,2046
11563,r3i1p1f1,2046,08,29,0.4404409474822883,38.44803,19.03959,2046
11564,r3i1p1f1,2046,08,30,1.0981152503292393,37.57313,20.68379,2046
11565,r3i1p1f1,2046,08,31,0.9285760285671462,34.33831,19.018492,2046
11566,r3i1p1f1,2046,09,01,0.006866593929854306,36.04789,20.600252,2046
11567,r3i1p1f1,2046,09,02,0.6519702106495309,36.519855,20.01654,2046
11568,r3i1p1f1,2046,09,03,0.27932765633908496,37.874203,20.948328,2046
11569,r3i1p1f1,2046,09,04,0.001974478646209746,39.72484,21.335783,2046
11570,r3i1p1f1,2046,09,05,0.0,39.33104,20.247272,2046
11571,r3i1p1f1,2046,09,06,0.30851648724268615,38.100613,19.234335,2046
11572,r3i1p1f1,2046,09,07,0.02019536839780454,34.684982,17.771189,2046
11573,r3i1p1f1,2046,09,08,0.0,34.079357,16.63524,2046
11574,r3i1p1f1,2046,09,09,0.0,34.13586,16.180164,2046
11575,r3i1p1f1,2046,09,10,0.0,33.365875,15.323965,2046
11576,r3i1p1f1,2046,09,11,0.0,32.810955,15.504315,2046
11577,r3i1p1f1,2046,09,12,0.0,33.88129,16.31061,2046
11578,r3i1p1f1,2046,09,13,0.0,33.253983,16.26167,2046
11579,r3i1p1f1,2046,09,14,0.0,31.241081,14.696483,2046
11580,r3i1p1f1,2046,09,15,0.0,27.679468,13.220605,2046
11581,r3i1p1f1,2046,09,16,0.0,27.61762,11.434093,2046
11582,r3i1p1f1,2046,09,17,0.0,33.60062,14.661223,2046
11583,r3i1p1f1,2046,09,18,0.0,36.799755,16.939976,2046
11584,r3i1p1f1,2046,09,19,0.016685379916011836,35.568027,18.137325,2046
11585,r3i1p1f1,2046,09,20,1.0438956122556138,34.18279,18.673859,2046
11586,r3i1p1f1,2046,09,21,0.019933954807294704,32.475822,15.969332,2046
11587,r3i1p1f1,2046,09,22,0.0,28.236584,11.552569,2046
11588,r3i1p1f1,2046,09,23,0.0,25.12601,9.577872,2046
11589,r3i1p1f1,2046,09,24,0.0,29.033604,11.794772,2046
11590,r3i1p1f1,2046,09,25,0.0,29.527195,11.49875,2046
11591,r3i1p1f1,2046,09,26,0.0,27.428326,10.079591,2046
11592,r3i1p1f1,2046,09,27,0.0,25.68295,9.692256,2046
11593,r3i1p1f1,2046,09,28,0.0,25.136549,8.419478,2046
11594,r3i1p1f1,2046,09,29,0.0,27.231794,9.8011,2046
11595,r3i1p1f1,2046,09,30,0.0,25.814114,9.809788,2046
11596,r3i1p1f1,2046,10,01,0.0,25.065588,10.184984,2046
11597,r3i1p1f1,2046,10,02,0.0,28.464699,11.506312,2046
11598,r3i1p1f1,2046,10,03,0.0,29.189022,12.897818,2046
11599,r3i1p1f1,2046,10,04,0.0,28.565754,12.189574,2046
11600,r3i1p1f1,2046,10,05,0.0,27.29839,9.743553,2046
11601,r3i1p1f1,2046,10,06,0.0,26.80652,8.921884,2046
11602,r3i1p1f1,2046,10,07,0.0,28.420864,10.564676,2046
11603,r3i1p1f1,2046,10,08,0.0,28.406412,11.657306,2046
11604,r3i1p1f1,2046,10,09,0.0,27.640154,10.550927,2046
11605,r3i1p1f1,2046,10,10,0.0,25.437794,9.092467,2046
11606,r3i1p1f1,2046,10,11,0.0,21.196968,7.6141124,2046
11607,r3i1p1f1,2046,10,12,0.0,24.511534,7.366615,2046
11608,r3i1p1f1,2046,10,13,0.0,27.242502,10.402364,2046
11609,r3i1p1f1,2046,10,14,0.016251928472863227,25.862797,10.852641,2046
11610,r3i1p1f1,2046,10,15,0.0,26.228104,9.977917,2046
11611,r3i1p1f1,2046,10,16,0.0,29.319855,11.645567,2046
11612,r3i1p1f1,2046,10,17,0.0,28.159431,9.988191,2046
11613,r3i1p1f1,2046,10,18,0.3732947019549708,25.342537,9.845235,2046
11614,r3i1p1f1,2046,10,19,16.66341852718646,18.74848,8.080231,2046
11615,r3i1p1f1,2046,10,20,3.354671255872359,19.2403,6.5793304,2046
11616,r3i1p1f1,2046,10,21,35.32493084513893,19.706913,9.31583,2046
11617,r3i1p1f1,2046,10,22,2.3847363428793265,18.207449,8.415673,2046
11618,r3i1p1f1,2046,10,23,0.0037839550129843483,17.45744,6.117776,2046
11619,r3i1p1f1,2046,10,24,0.0,17.649996,5.4125466,2046
11620,r3i1p1f1,2046,10,25,0.0,18.999693,6.321334,2046
11621,r3i1p1f1,2046,10,26,0.0,19.505728,7.0530486,2046
11622,r3i1p1f1,2046,10,27,0.0023750031620941377,20.055367,7.571593,2046
11623,r3i1p1f1,2046,10,28,0.01707226212546988,19.453753,7.6440024,2046
11624,r3i1p1f1,2046,10,29,0.0,18.952114,6.5048656,2046
11625,r3i1p1f1,2046,10,30,0.0,19.646542,6.138392,2046
11626,r3i1p1f1,2046,10,31,0.0,20.606056,7.093573,2046
11627,r3i1p1f1,2046,11,01,0.0,21.178364,7.8917384,2046
11628,r3i1p1f1,2046,11,02,0.0,21.437073,8.126582,2046
11629,r3i1p1f1,2046,11,03,0.0,23.921898,7.2401676,2046
11630,r3i1p1f1,2046,11,04,0.0,23.981163,7.7452097,2046
11631,r3i1p1f1,2046,11,05,10.033589099583685,21.861706,10.31795,2046
11632,r3i1p1f1,2046,11,06,1.8667667809142696,16.095407,6.0607615,2046
11633,r3i1p1f1,2046,11,07,0.005924671563799634,18.48588,6.1936064,2046
11634,r3i1p1f1,2046,11,08,0.0,19.672302,6.721395,2046
11635,r3i1p1f1,2046,11,09,0.0411069879280121,19.617832,7.2832775,2046
11636,r3i1p1f1,2046,11,10,0.0013196822890842502,17.49592,5.8024173,2046
11637,r3i1p1f1,2046,11,11,0.0,13.212246,0.75589585,2046
11638,r3i1p1f1,2046,11,12,0.010480874281545932,16.372366,3.8518066,2046
11639,r3i1p1f1,2046,11,13,0.0,18.712826,5.8415647,2046
11640,r3i1p1f1,2046,11,14,0.0,20.52412,6.534981,2046
11641,r3i1p1f1,2046,11,15,0.0,21.057137,6.177786,2046
11642,r3i1p1f1,2046,11,16,0.0,19.741802,6.3492074,2046
11643,r3i1p1f1,2046,11,17,0.0,19.13927,5.5475426,2046
11644,r3i1p1f1,2046,11,18,0.13656220013878986,17.359777,4.986773,2046
11645,r3i1p1f1,2046,11,19,3.777352531807,13.153524,4.3943324,2046
11646,r3i1p1f1,2046,11,20,0.1654826573642574,13.874665,2.1172297,2046
11647,r3i1p1f1,2046,11,21,0.0,16.728455,2.2672641,2046
11648,r3i1p1f1,2046,11,22,0.0,16.969828,3.699972,2046
11649,r3i1p1f1,2046,11,23,0.0,16.637268,4.656286,2046
11650,r3i1p1f1,2046,11,24,0.0,15.769894,1.039195,2046
11651,r3i1p1f1,2046,11,25,0.0,18.817015,2.5849926,2046
11652,r3i1p1f1,2046,11,26,0.0,21.936596,5.7133417,2046
11653,r3i1p1f1,2046,11,27,0.0,22.58252,6.616677,2046
11654,r3i1p1f1,2046,11,28,0.0,21.97246,5.906982,2046
11655,r3i1p1f1,2046,11,29,0.0032419445183636112,19.438622,6.2285347,2046
11656,r3i1p1f1,2046,11,30,0.0,12.56667,-1.9563265,2046
11657,r3i1p1f1,2046,12,01,0.0,13.440971,0.86588717,2046
11658,r3i1p1f1,2046,12,02,0.0,16.945911,3.9058647,2046
11659,r3i1p1f1,2046,12,03,0.0,19.406998,5.6062016,2046
11660,r3i1p1f1,2046,12,04,0.0,20.058184,5.9240327,2046
11661,r3i1p1f1,2046,12,05,0.0,19.821642,5.8136463,2046
11662,r3i1p1f1,2046,12,06,0.0031698414011660852,20.0865,5.328074,2046
11663,r3i1p1f1,2046,12,07,4.112829740614264,17.145672,5.7885523,2046
11664,r3i1p1f1,2046,12,08,4.188809808860462,10.742931,2.4208982,2046
11665,r3i1p1f1,2046,12,09,0.0,11.968896,-0.710017,2046
11666,r3i1p1f1,2046,12,10,0.02094309458367537,12.829764,0.14894567,2046
11667,r3i1p1f1,2046,12,11,0.022953117030820893,14.040835,1.158222,2046
11668,r3i1p1f1,2046,12,12,0.0004056990005527482,13.3161955,4.602588,2046
11669,r3i1p1f1,2046,12,13,6.764952999991223e-05,14.805258,4.439195,2046
11670,r3i1p1f1,2046,12,14,20.545776745600573,14.693773,5.174685,2046
11671,r3i1p1f1,2046,12,15,0.0,7.6446137,-3.259046,2046
11672,r3i1p1f1,2046,12,16,0.01854866503642618,10.00065,-1.5180337,2046
11673,r3i1p1f1,2046,12,17,0.006283216705813891,12.353204,-0.5018204,2046
11674,r3i1p1f1,2046,12,18,0.0,13.773174,0.68823206,2046
11675,r3i1p1f1,2046,12,19,0.0005300524450528125,15.915071,3.6054888,2046
11676,r3i1p1f1,2046,12,20,0.001229497914512952,14.673508,5.768226,2046
11677,r3i1p1f1,2046,12,21,0.0,15.837346,3.1023183,2046
11678,r3i1p1f1,2046,12,22,0.0,15.901254,3.22238,2046
11679,r3i1p1f1,2046,12,23,0.04510977252114875,17.09501,4.605219,2046
11680,r3i1p1f1,2046,12,24,0.0,19.074976,5.9555016,2046
11681,r3i1p1f1,2046,12,25,0.0,18.145178,5.041461,2046
11682,r3i1p1f1,2046,12,26,0.04449926237474287,15.733491,3.7494273,2046
11683,r3i1p1f1,2046,12,27,0.0008053645124715385,16.417364,4.6250567,2046
11684,r3i1p1f1,2046,12,28,0.01834880951774363,17.853735,4.616268,2046
11685,r3i1p1f1,2046,12,29,4.999547570679914,17.813974,8.332843,2046
11686,r3i1p1f1,2046,12,30,32.79020078755022,14.256163,8.42037,2046
11687,r3i1p1f1,2046,12,31,30.05149918663199,13.335924,3.199065,2046
11688,r3i1p1f1,2047,01,01,4.901375980401402,10.458546,0.30851254,2047
11689,r3i1p1f1,2047,01,02,0.0014751138532477798,9.695272,-1.2878636,2047
11690,r3i1p1f1,2047,01,03,22.996623247306683,11.280731,3.5984652,2047
11691,r3i1p1f1,2047,01,04,1.5630162883534275,12.935123,3.5623329,2047
11692,r3i1p1f1,2047,01,05,0.1124411336455854,12.82026,0.77086663,2047
11693,r3i1p1f1,2047,01,06,5.1627074924674545,16.464348,5.0640697,2047
11694,r3i1p1f1,2047,01,07,0.0,17.236715,3.061725,2047
11695,r3i1p1f1,2047,01,08,0.0,15.85329,3.1899598,2047
11696,r3i1p1f1,2047,01,09,0.14749550466976044,16.574614,4.8106527,2047
11697,r3i1p1f1,2047,01,10,0.0,17.157675,4.0723114,2047
11698,r3i1p1f1,2047,01,11,0.0,16.081055,3.2881155,2047
11699,r3i1p1f1,2047,01,12,5.913257182603984e-05,14.497315,2.5120463,2047
11700,r3i1p1f1,2047,01,13,0.0007549336067203319,15.806864,2.717644,2047
11701,r3i1p1f1,2047,01,14,0.0,15.627168,2.7483575,2047
11702,r3i1p1f1,2047,01,15,0.0,15.666147,1.8882453,2047
11703,r3i1p1f1,2047,01,16,0.0,14.813647,0.59093726,2047
11704,r3i1p1f1,2047,01,17,0.030017109617774346,12.867908,1.1604924,2047
11705,r3i1p1f1,2047,01,18,0.01670306568760707,12.961575,2.5387523,2047
11706,r3i1p1f1,2047,01,19,0.02630706501253316,11.61176,0.6199878,2047
11707,r3i1p1f1,2047,01,20,0.0,10.87299,-2.2320702,2047
11708,r3i1p1f1,2047,01,21,0.0,12.563309,-2.74385,2047
11709,r3i1p1f1,2047,01,22,0.0,11.518266,-0.37783942,2047
11710,r3i1p1f1,2047,01,23,0.11043179694118435,8.808752,0.48747036,2047
11711,r3i1p1f1,2047,01,24,0.0,14.270835,1.4076774,2047
11712,r3i1p1f1,2047,01,25,13.242998897366112,14.406946,5.499174,2047
11713,r3i1p1f1,2047,01,26,2.067049336996702,13.907887,4.0132875,2047
11714,r3i1p1f1,2047,01,27,0.005732630026724302,13.959006,2.847193,2047
11715,r3i1p1f1,2047,01,28,0.0,14.2000475,2.3754804,2047
11716,r3i1p1f1,2047,01,29,0.1627383809693239,14.146764,2.374274,2047
11717,r3i1p1f1,2047,01,30,0.0,14.273346,0.18299538,2047
11718,r3i1p1f1,2047,01,31,0.0,15.053914,0.2965132,2047
11719,r3i1p1f1,2047,02,01,0.0,16.456327,1.6535054,2047
11720,r3i1p1f1,2047,02,02,0.0,16.406921,3.7679968,2047
11721,r3i1p1f1,2047,02,03,0.0,17.661585,3.8992183,2047
11722,r3i1p1f1,2047,02,04,0.0,17.498024,3.1716862,2047
11723,r3i1p1f1,2047,02,05,0.0,18.313532,3.53138,2047
11724,r3i1p1f1,2047,02,06,0.0,18.837471,3.619693,2047
11725,r3i1p1f1,2047,02,07,0.0,18.860144,4.3277183,2047
11726,r3i1p1f1,2047,02,08,0.0,18.816076,3.5093184,2047
11727,r3i1p1f1,2047,02,09,0.0,19.670769,3.5682814,2047
11728,r3i1p1f1,2047,02,10,0.0,21.400175,4.8981385,2047
11729,r3i1p1f1,2047,02,11,0.0,22.841375,6.512855,2047
11730,r3i1p1f1,2047,02,12,0.0,21.98614,6.2210107,2047
11731,r3i1p1f1,2047,02,13,0.0,22.48278,6.0490594,2047
11732,r3i1p1f1,2047,02,14,0.0,22.072496,5.741876,2047
11733,r3i1p1f1,2047,02,15,0.0,21.93306,6.817253,2047
11734,r3i1p1f1,2047,02,16,0.1029551088206724,20.294191,5.005046,2047
11735,r3i1p1f1,2047,02,17,0.16306500155086256,15.302655,3.886215,2047
11736,r3i1p1f1,2047,02,18,0.0,14.331123,-1.4578733,2047
11737,r3i1p1f1,2047,02,19,0.005944869481027126,14.024175,-1.2744213,2047
11738,r3i1p1f1,2047,02,20,0.00794655019876011,12.302274,-1.91439,2047
11739,r3i1p1f1,2047,02,21,0.042155897749029406,11.010037,-4.6224084,2047
11740,r3i1p1f1,2047,02,22,0.001910824617935401,12.179041,-0.6266465,2047
11741,r3i1p1f1,2047,02,23,0.0,13.3849535,-2.9976897,2047
11742,r3i1p1f1,2047,02,24,0.0,15.024663,-0.5258503,2047
11743,r3i1p1f1,2047,02,25,0.0,14.403488,-0.69983226,2047
11744,r3i1p1f1,2047,02,26,0.0,17.310179,1.943068,2047
11745,r3i1p1f1,2047,02,27,0.0,17.66447,1.578405,2047
11746,r3i1p1f1,2047,02,28,0.0,20.085379,4.348755,2047
11747,r3i1p1f1,2047,03,01,0.0,23.454931,2.637829,2047
11748,r3i1p1f1,2047,03,02,0.0,25.20341,5.5918746,2047
11749,r3i1p1f1,2047,03,03,0.0,26.117722,7.0626407,2047
11750,r3i1p1f1,2047,03,04,0.0,28.389772,7.9813204,2047
11751,r3i1p1f1,2047,03,05,0.0,27.251556,8.530727,2047
11752,r3i1p1f1,2047,03,06,0.0,24.941492,6.4609838,2047
11753,r3i1p1f1,2047,03,07,0.0,24.223345,4.7708235,2047
11754,r3i1p1f1,2047,03,08,0.0,24.29524,4.898686,2047
11755,r3i1p1f1,2047,03,09,0.0,22.452574,5.170265,2047
11756,r3i1p1f1,2047,03,10,0.0,19.419823,1.4566406,2047
11757,r3i1p1f1,2047,03,11,0.0,22.151598,2.8883584,2047
11758,r3i1p1f1,2047,03,12,0.0,26.615932,6.946789,2047
11759,r3i1p1f1,2047,03,13,0.0,26.190996,6.7063317,2047
11760,r3i1p1f1,2047,03,14,0.0,23.364319,4.376499,2047
11761,r3i1p1f1,2047,03,15,0.036935964489009966,20.410477,3.9788432,2047
11762,r3i1p1f1,2047,03,16,0.0,19.388653,0.6420561,2047
11763,r3i1p1f1,2047,03,17,0.0,19.481466,-0.31047538,2047
11764,r3i1p1f1,2047,03,18,0.0,18.545038,-0.13828774,2047
11765,r3i1p1f1,2047,03,19,1.6148008398202804,14.795625,0.1762544,2047
11766,r3i1p1f1,2047,03,20,0.002416220460983106,16.26883,-0.9422651,2047
11767,r3i1p1f1,2047,03,21,0.32184312592135306,15.461655,-2.8911486,2047
11768,r3i1p1f1,2047,03,22,4.004025737354051,13.801483,-2.364495,2047
11769,r3i1p1f1,2047,03,23,8.986832980673087,11.059296,-2.1113725,2047
11770,r3i1p1f1,2047,03,24,7.641839989065017,8.655239,0.1729661,2047
11771,r3i1p1f1,2047,03,25,4.3397376448245435,12.939164,0.7663598,2047
11772,r3i1p1f1,2047,03,26,0.0,17.388498,0.656428,2047
11773,r3i1p1f1,2047,03,27,0.5045752529875961,18.679237,1.4453464,2047
11774,r3i1p1f1,2047,03,28,0.21647226761422533,20.418667,3.1573272,2047
11775,r3i1p1f1,2047,03,29,0.0003696258786614194,22.183508,3.8697004,2047
11776,r3i1p1f1,2047,03,30,0.04649802058173174,23.92303,7.1350713,2047
11777,r3i1p1f1,2047,03,31,0.949952650257866,22.810936,8.1216,2047
11778,r3i1p1f1,2047,04,01,0.21137462469182952,19.599136,8.2590065,2047
11779,r3i1p1f1,2047,04,02,0.0009578900327059356,19.990522,3.2162452,2047
11780,r3i1p1f1,2047,04,03,3.431883599011847,17.817436,2.118019,2047
11781,r3i1p1f1,2047,04,04,3.8793083271847344,14.494478,3.1225462,2047
11782,r3i1p1f1,2047,04,05,0.012087714651098588,16.572317,2.2678075,2047
11783,r3i1p1f1,2047,04,06,0.004724409443566181,18.095217,2.990285,2047
11784,r3i1p1f1,2047,04,07,0.18725476953146758,18.378424,6.199535,2047
11785,r3i1p1f1,2047,04,08,0.24237953687781666,20.876978,5.6522675,2047
11786,r3i1p1f1,2047,04,09,0.0,22.896328,4.6389937,2047
11787,r3i1p1f1,2047,04,10,0.0,25.92509,7.4625506,2047
11788,r3i1p1f1,2047,04,11,0.0,27.268816,9.00557,2047
11789,r3i1p1f1,2047,04,12,0.0,29.199333,10.198019,2047
11790,r3i1p1f1,2047,04,13,0.0,28.070215,10.956026,2047
11791,r3i1p1f1,2047,04,14,0.0,25.519302,8.319235,2047
11792,r3i1p1f1,2047,04,15,0.007624424721474166,20.404016,3.3862724,2047
11793,r3i1p1f1,2047,04,16,0.0,22.791199,3.7822127,2047
11794,r3i1p1f1,2047,04,17,0.0,27.670671,7.4649334,2047
11795,r3i1p1f1,2047,04,18,0.09071247717436177,25.799078,7.94891,2047
11796,r3i1p1f1,2047,04,19,0.0012606365436857397,17.70012,1.180984,2047
11797,r3i1p1f1,2047,04,20,0.0,21.903404,2.2441218,2047
11798,r3i1p1f1,2047,04,21,0.0,26.031744,6.8642883,2047
11799,r3i1p1f1,2047,04,22,0.0,28.977932,9.649966,2047
11800,r3i1p1f1,2047,04,23,0.0,28.201677,8.236133,2047
11801,r3i1p1f1,2047,04,24,0.0,23.756983,6.025021,2047
11802,r3i1p1f1,2047,04,25,0.0,18.417446,0.20629537,2047
11803,r3i1p1f1,2047,04,26,0.0,21.673079,2.7182477,2047
11804,r3i1p1f1,2047,04,27,0.0,25.606184,6.483034,2047
11805,r3i1p1f1,2047,04,28,0.0,30.280766,9.901318,2047
11806,r3i1p1f1,2047,04,29,0.0,30.996355,12.177352,2047
11807,r3i1p1f1,2047,04,30,0.0,30.844988,10.27206,2047
11808,r3i1p1f1,2047,05,01,0.6289818980473104,26.182314,6.5699296,2047
11809,r3i1p1f1,2047,05,02,1.1060890274992827,17.329735,3.0390415,2047
11810,r3i1p1f1,2047,05,03,8.221346139734136,15.212205,4.8853664,2047
11811,r3i1p1f1,2047,05,04,0.43982766007226903,18.809278,3.1376395,2047
11812,r3i1p1f1,2047,05,05,0.0,24.697065,6.409949,2047
11813,r3i1p1f1,2047,05,06,0.0,26.943985,9.877898,2047
11814,r3i1p1f1,2047,05,07,0.0,28.473171,10.199165,2047
11815,r3i1p1f1,2047,05,08,0.0,27.657543,9.593604,2047
11816,r3i1p1f1,2047,05,09,0.0,24.428108,6.7360506,2047
11817,r3i1p1f1,2047,05,10,0.0,22.484043,4.053826,2047
11818,r3i1p1f1,2047,05,11,0.053421845708119996,21.345978,4.5596995,2047
11819,r3i1p1f1,2047,05,12,10.623690869361974,15.849457,4.138548,2047
11820,r3i1p1f1,2047,05,13,3.3042674733212953,15.127189,2.358873,2047
11821,r3i1p1f1,2047,05,14,0.04523436898979884,20.964954,4.43081,2047
11822,r3i1p1f1,2047,05,15,0.0,23.67328,6.3031116,2047
11823,r3i1p1f1,2047,05,16,0.0,25.287497,8.087655,2047
11824,r3i1p1f1,2047,05,17,0.0,24.490458,6.9261837,2047
11825,r3i1p1f1,2047,05,18,0.0,24.399078,6.9289656,2047
11826,r3i1p1f1,2047,05,19,0.0,23.985582,6.2882895,2047
11827,r3i1p1f1,2047,05,20,0.0,26.784077,6.9698415,2047
11828,r3i1p1f1,2047,05,21,0.8667538776485757,23.46173,5.7439,2047
11829,r3i1p1f1,2047,05,22,0.002428833113023729,23.957922,7.0629225,2047
11830,r3i1p1f1,2047,05,23,0.0,23.408966,5.174807,2047
11831,r3i1p1f1,2047,05,24,0.046931135681613036,22.635496,4.4252377,2047
11832,r3i1p1f1,2047,05,25,0.0,27.161926,8.209068,2047
11833,r3i1p1f1,2047,05,26,0.0,27.805847,8.792039,2047
11834,r3i1p1f1,2047,05,27,0.0,25.886177,7.132752,2047
11835,r3i1p1f1,2047,05,28,0.0,26.531225,7.7995353,2047
11836,r3i1p1f1,2047,05,29,0.0,27.831295,9.584947,2047
11837,r3i1p1f1,2047,05,30,0.0,26.678421,8.273984,2047
11838,r3i1p1f1,2047,05,31,0.0,23.17151,5.8180294,2047
11839,r3i1p1f1,2047,06,01,0.0,25.66807,6.7022433,2047
11840,r3i1p1f1,2047,06,02,0.0,31.296143,10.738268,2047
11841,r3i1p1f1,2047,06,03,0.0,30.92184,13.076064,2047
11842,r3i1p1f1,2047,06,04,0.0,28.758947,10.467003,2047
11843,r3i1p1f1,2047,06,05,0.0,24.872307,7.6700583,2047
11844,r3i1p1f1,2047,06,06,0.01793334581606993,22.521048,6.636892,2047
11845,r3i1p1f1,2047,06,07,0.03480347564839052,21.438745,6.465365,2047
11846,r3i1p1f1,2047,06,08,0.0,23.42648,6.287623,2047
11847,r3i1p1f1,2047,06,09,0.0,26.25585,8.678255,2047
11848,r3i1p1f1,2047,06,10,0.0,27.82203,12.027489,2047
11849,r3i1p1f1,2047,06,11,0.0,30.01344,12.254757,2047
11850,r3i1p1f1,2047,06,12,0.0,32.10252,13.266175,2047
11851,r3i1p1f1,2047,06,13,0.0,34.331738,15.02265,2047
11852,r3i1p1f1,2047,06,14,0.0,38.208973,17.528746,2047
11853,r3i1p1f1,2047,06,15,0.0,40.270336,19.531029,2047
11854,r3i1p1f1,2047,06,16,0.3346623464974321,40.342415,20.970196,2047
11855,r3i1p1f1,2047,06,17,0.33719431938317773,40.6555,20.840384,2047
11856,r3i1p1f1,2047,06,18,0.005590882448648865,40.67697,20.021788,2047
11857,r3i1p1f1,2047,06,19,0.0,40.215332,20.542818,2047
11858,r3i1p1f1,2047,06,20,1.3450392669007918,37.02692,19.376577,2047
11859,r3i1p1f1,2047,06,21,0.12903839307413859,39.28075,20.81902,2047
11860,r3i1p1f1,2047,06,22,0.005565233372952648,38.68593,19.904922,2047
11861,r3i1p1f1,2047,06,23,0.0,36.39399,16.719576,2047
11862,r3i1p1f1,2047,06,24,0.0,33.6709,14.94031,2047
11863,r3i1p1f1,2047,06,25,0.0007767733327592864,34.33378,15.164699,2047
11864,r3i1p1f1,2047,06,26,0.0,34.623882,15.545052,2047
11865,r3i1p1f1,2047,06,27,0.0,33.990044,15.102783,2047
11866,r3i1p1f1,2047,06,28,0.0,32.497612,13.672801,2047
11867,r3i1p1f1,2047,06,29,0.0,31.1371,13.207239,2047
11868,r3i1p1f1,2047,06,30,0.0,32.280727,13.839883,2047
11869,r3i1p1f1,2047,07,01,0.0,34.756218,15.424795,2047
11870,r3i1p1f1,2047,07,02,0.0,35.787407,15.937395,2047
11871,r3i1p1f1,2047,07,03,0.0,36.24391,16.505304,2047
11872,r3i1p1f1,2047,07,04,0.0,34.794502,16.069775,2047
11873,r3i1p1f1,2047,07,05,0.0,34.19984,16.719566,2047
11874,r3i1p1f1,2047,07,06,0.0,33.687435,15.249386,2047
11875,r3i1p1f1,2047,07,07,0.5265743914501262,32.593708,15.683001,2047
11876,r3i1p1f1,2047,07,08,0.0,32.58388,14.737181,2047
11877,r3i1p1f1,2047,07,09,0.0,32.145775,14.688459,2047
11878,r3i1p1f1,2047,07,10,0.0,32.9248,15.175659,2047
11879,r3i1p1f1,2047,07,11,0.0,32.910675,15.55133,2047
11880,r3i1p1f1,2047,07,12,0.0,33.040344,15.339084,2047
11881,r3i1p1f1,2047,07,13,0.0,32.624123,14.91095,2047
11882,r3i1p1f1,2047,07,14,0.0,32.11852,14.372294,2047
11883,r3i1p1f1,2047,07,15,0.0,33.79491,16.097849,2047
11884,r3i1p1f1,2047,07,16,0.0,36.419502,17.118635,2047
11885,r3i1p1f1,2047,07,17,0.0,36.379345,17.132074,2047
11886,r3i1p1f1,2047,07,18,0.0,35.24449,17.153522,2047
11887,r3i1p1f1,2047,07,19,0.0,35.27931,16.874613,2047
11888,r3i1p1f1,2047,07,20,0.0,37.764297,18.517399,2047
11889,r3i1p1f1,2047,07,21,0.0,38.767475,19.241564,2047
11890,r3i1p1f1,2047,07,22,0.0,39.44187,19.369232,2047
11891,r3i1p1f1,2047,07,23,0.008016539659090058,39.9423,19.882347,2047
11892,r3i1p1f1,2047,07,24,0.0,39.143196,20.024862,2047
11893,r3i1p1f1,2047,07,25,0.0,37.504333,19.869967,2047
11894,r3i1p1f1,2047,07,26,0.0459141777757781,37.95882,19.542439,2047
11895,r3i1p1f1,2047,07,27,0.0018629967940576148,37.737095,18.984299,2047
11896,r3i1p1f1,2047,07,28,0.0,36.98888,18.680235,2047
11897,r3i1p1f1,2047,07,29,0.0,36.26774,18.203337,2047
11898,r3i1p1f1,2047,07,30,0.0,37.070644,18.291224,2047
11899,r3i1p1f1,2047,07,31,0.0,37.78411,20.100857,2047
11900,r3i1p1f1,2047,08,01,0.0,38.52359,19.320946,2047
11901,r3i1p1f1,2047,08,02,0.0296623622786931,38.290665,21.018679,2047
11902,r3i1p1f1,2047,08,03,0.3375659513271371,36.41018,17.696795,2047
11903,r3i1p1f1,2047,08,04,0.49020535347870353,34.750736,17.576244,2047
11904,r3i1p1f1,2047,08,05,1.3131680355361437,35.48021,19.449759,2047
11905,r3i1p1f1,2047,08,06,0.08759485935143223,37.535385,19.513088,2047
11906,r3i1p1f1,2047,08,07,0.0,37.91145,18.315527,2047
11907,r3i1p1f1,2047,08,08,0.0,38.160397,18.528395,2047
11908,r3i1p1f1,2047,08,09,0.0,37.81126,18.55087,2047
11909,r3i1p1f1,2047,08,10,0.0030452375667113247,36.776108,17.028612,2047
11910,r3i1p1f1,2047,08,11,0.0,35.884216,16.976974,2047
11911,r3i1p1f1,2047,08,12,0.0,34.778744,16.598232,2047
11912,r3i1p1f1,2047,08,13,0.0,34.199703,16.088804,2047
11913,r3i1p1f1,2047,08,14,0.029099144819404253,33.906647,16.039618,2047
11914,r3i1p1f1,2047,08,15,0.0,33.024307,15.364854,2047
11915,r3i1p1f1,2047,08,16,0.0,33.310947,17.341133,2047
11916,r3i1p1f1,2047,08,17,0.0,32.4847,15.95134,2047
11917,r3i1p1f1,2047,08,18,0.0,30.315577,13.273458,2047
11918,r3i1p1f1,2047,08,19,0.0,29.437576,12.326105,2047
11919,r3i1p1f1,2047,08,20,0.0,28.952988,12.01384,2047
11920,r3i1p1f1,2047,08,21,0.0,28.267403,11.137784,2047
11921,r3i1p1f1,2047,08,22,0.0,28.610836,11.549686,2047
11922,r3i1p1f1,2047,08,23,0.0,30.150414,13.391312,2047
11923,r3i1p1f1,2047,08,24,0.0,31.924923,13.54399,2047
11924,r3i1p1f1,2047,08,25,0.0,31.113293,13.230697,2047
11925,r3i1p1f1,2047,08,26,0.0,30.490828,13.754989,2047
11926,r3i1p1f1,2047,08,27,0.0,29.92313,13.357943,2047
11927,r3i1p1f1,2047,08,28,0.0,32.114243,12.655121,2047
11928,r3i1p1f1,2047,08,29,0.0006798639978197488,35.512695,16.338322,2047
11929,r3i1p1f1,2047,08,30,0.0,34.733727,15.680668,2047
11930,r3i1p1f1,2047,08,31,0.0,33.741474,14.895454,2047
11931,r3i1p1f1,2047,09,01,0.0,33.113403,16.481127,2047
11932,r3i1p1f1,2047,09,02,0.0,33.336327,16.238844,2047
11933,r3i1p1f1,2047,09,03,0.0,33.195362,15.041856,2047
11934,r3i1p1f1,2047,09,04,0.0,33.988033,15.612929,2047
11935,r3i1p1f1,2047,09,05,0.0,34.335255,16.402876,2047
11936,r3i1p1f1,2047,09,06,0.0,34.55571,16.616533,2047
11937,r3i1p1f1,2047,09,07,0.0,35.748158,16.767233,2047
11938,r3i1p1f1,2047,09,08,0.0,38.351604,18.747316,2047
11939,r3i1p1f1,2047,09,09,0.0,37.683537,18.854948,2047
11940,r3i1p1f1,2047,09,10,0.0,35.80572,17.107424,2047
11941,r3i1p1f1,2047,09,11,0.051340207485764316,34.790115,16.87441,2047
11942,r3i1p1f1,2047,09,12,0.939397804424075,33.13351,16.257694,2047
11943,r3i1p1f1,2047,09,13,0.35194783484312764,31.184603,16.511814,2047
11944,r3i1p1f1,2047,09,14,0.25988756672604446,34.501663,18.949331,2047
11945,r3i1p1f1,2047,09,15,0.0,35.14021,18.944407,2047
11946,r3i1p1f1,2047,09,16,0.0,35.371468,18.461508,2047
11947,r3i1p1f1,2047,09,17,0.0,36.06269,18.173523,2047
11948,r3i1p1f1,2047,09,18,0.0,35.39614,17.783834,2047
11949,r3i1p1f1,2047,09,19,0.0,33.385277,15.97489,2047
11950,r3i1p1f1,2047,09,20,0.0,31.84286,15.071521,2047
11951,r3i1p1f1,2047,09,21,0.0,28.768747,12.649816,2047
11952,r3i1p1f1,2047,09,22,0.0,25.20545,10.104792,2047
11953,r3i1p1f1,2047,09,23,0.0,25.969398,9.523188,2047
11954,r3i1p1f1,2047,09,24,0.0,29.488117,12.284467,2047
11955,r3i1p1f1,2047,09,25,0.0,33.051846,14.591747,2047
11956,r3i1p1f1,2047,09,26,0.0,33.408543,16.037401,2047
11957,r3i1p1f1,2047,09,27,0.0,32.463795,14.628472,2047
11958,r3i1p1f1,2047,09,28,0.08665290089662779,30.641691,12.558819,2047
11959,r3i1p1f1,2047,09,29,2.4937650548665924,27.75357,14.030921,2047
11960,r3i1p1f1,2047,09,30,0.003418330540598342,28.036243,13.614252,2047
11961,r3i1p1f1,2047,10,01,0.0,27.350037,10.714815,2047
11962,r3i1p1f1,2047,10,02,0.0,25.82253,10.155681,2047
11963,r3i1p1f1,2047,10,03,0.0,26.930983,9.958385,2047
11964,r3i1p1f1,2047,10,04,0.0,29.176617,10.518129,2047
11965,r3i1p1f1,2047,10,05,0.005006006774210343,30.572096,14.225756,2047
11966,r3i1p1f1,2047,10,06,0.8803974594538335,28.704401,14.427199,2047
11967,r3i1p1f1,2047,10,07,0.0,23.261255,8.869984,2047
11968,r3i1p1f1,2047,10,08,0.0017080979457453147,22.507584,8.829595,2047
11969,r3i1p1f1,2047,10,09,0.0010614326774058018,24.033466,9.360754,2047
11970,r3i1p1f1,2047,10,10,0.0,28.2921,11.325626,2047
11971,r3i1p1f1,2047,10,11,0.0,32.643772,14.518731,2047
11972,r3i1p1f1,2047,10,12,0.0,31.806395,13.489709,2047
11973,r3i1p1f1,2047,10,13,9.361428284940882,25.914068,13.31152,2047
11974,r3i1p1f1,2047,10,14,0.4857756946347019,18.853292,7.976118,2047
11975,r3i1p1f1,2047,10,15,0.0,19.802662,5.7006073,2047
11976,r3i1p1f1,2047,10,16,0.0,23.05956,8.160476,2047
11977,r3i1p1f1,2047,10,17,0.015357457679893934,23.733267,9.068404,2047
11978,r3i1p1f1,2047,10,18,0.0,22.94174,7.5385714,2047
11979,r3i1p1f1,2047,10,19,0.046154256985373926,22.160534,7.18691,2047
11980,r3i1p1f1,2047,10,20,12.987984941350161,19.495926,9.646589,2047
11981,r3i1p1f1,2047,10,21,4.08997287498771,19.028595,9.490645,2047
11982,r3i1p1f1,2047,10,22,0.0,18.942327,5.3352947,2047
11983,r3i1p1f1,2047,10,23,0.0,22.696903,7.5190682,2047
11984,r3i1p1f1,2047,10,24,0.014745418377446405,20.740349,8.8087845,2047
11985,r3i1p1f1,2047,10,25,0.0,16.736502,3.3848732,2047
11986,r3i1p1f1,2047,10,26,0.0,17.304008,3.494402,2047
11987,r3i1p1f1,2047,10,27,0.0,18.699507,4.025758,2047
11988,r3i1p1f1,2047,10,28,0.0,20.98335,3.8971522,2047
11989,r3i1p1f1,2047,10,29,0.0,23.23282,6.0746946,2047
11990,r3i1p1f1,2047,10,30,0.0,24.095886,8.043268,2047
11991,r3i1p1f1,2047,10,31,0.0030080003445177817,20.901917,9.116604,2047
11992,r3i1p1f1,2047,11,01,0.00012871460939729303,18.0751,5.2258434,2047
11993,r3i1p1f1,2047,11,02,0.0,21.088957,4.8498125,2047
11994,r3i1p1f1,2047,11,03,0.0,23.070766,7.675935,2047
11995,r3i1p1f1,2047,11,04,0.0,22.442612,8.786989,2047
11996,r3i1p1f1,2047,11,05,0.0,21.201359,8.892491,2047
11997,r3i1p1f1,2047,11,06,0.01616674015443123,20.376705,7.656094,2047
11998,r3i1p1f1,2047,11,07,0.0,22.656519,5.618434,2047
11999,r3i1p1f1,2047,11,08,0.0,22.824743,7.219756,2047
12000,r3i1p1f1,2047,11,09,0.0,21.605833,7.256641,2047
12001,r3i1p1f1,2047,11,10,0.0,22.794466,7.622038,2047
12002,r3i1p1f1,2047,11,11,5.5554524861332595e-05,21.41397,10.189036,2047
12003,r3i1p1f1,2047,11,12,2.0138505003587577,17.835672,7.9630446,2047
12004,r3i1p1f1,2047,11,13,0.9866324692828846,16.403461,5.9419084,2047
12005,r3i1p1f1,2047,11,14,0.0,18.084126,4.812273,2047
12006,r3i1p1f1,2047,11,15,0.0004460576085627756,21.496534,5.088862,2047
12007,r3i1p1f1,2047,11,16,6.945463861493133,20.65278,8.157999,2047
12008,r3i1p1f1,2047,11,17,13.076804853503056,16.302736,6.1727877,2047
12009,r3i1p1f1,2047,11,18,0.19217273483126052,9.37339,1.0668113,2047
12010,r3i1p1f1,2047,11,19,0.0,13.372796,2.8237433,2047
12011,r3i1p1f1,2047,11,20,0.046926656637383116,16.197773,4.3168163,2047
12012,r3i1p1f1,2047,11,21,0.10590667702314077,17.953161,4.831052,2047
12013,r3i1p1f1,2047,11,22,0.0,18.058071,4.5798173,2047
12014,r3i1p1f1,2047,11,23,0.0,17.785938,4.6356316,2047
12015,r3i1p1f1,2047,11,24,0.0,19.011702,4.981345,2047
12016,r3i1p1f1,2047,11,25,0.0,18.875013,5.105123,2047
12017,r3i1p1f1,2047,11,26,1.732465882735387,17.491467,4.3857937,2047
12018,r3i1p1f1,2047,11,27,1.580588775191934,9.846386,0.2568739,2047
12019,r3i1p1f1,2047,11,28,0.04205571773265106,10.785118,-2.3150818,2047
12020,r3i1p1f1,2047,11,29,0.003176962623415007,13.822984,-0.6748029,2047
12021,r3i1p1f1,2047,11,30,7.606383956367194,13.11632,1.9130893,2047
12022,r3i1p1f1,2047,12,01,28.73673607420008,12.278856,5.432749,2047
12023,r3i1p1f1,2047,12,02,6.537975046676296,11.951065,1.8401409,2047
12024,r3i1p1f1,2047,12,03,0.03534453795123916,9.8133745,-0.83166844,2047
12025,r3i1p1f1,2047,12,04,0.0,10.00735,-1.0849308,2047
12026,r3i1p1f1,2047,12,05,0.0,11.841358,0.04634918,2047
12027,r3i1p1f1,2047,12,06,0.0,12.172756,0.06616674,2047
12028,r3i1p1f1,2047,12,07,0.0,11.918156,-0.65621036,2047
12029,r3i1p1f1,2047,12,08,0.0,12.189289,-0.6833432,2047
12030,r3i1p1f1,2047,12,09,0.0,11.387384,-0.4138478,2047
12031,r3i1p1f1,2047,12,10,0.0,12.187737,-0.04651501,2047
12032,r3i1p1f1,2047,12,11,0.0,12.829459,0.23618923,2047
12033,r3i1p1f1,2047,12,12,0.0,14.46366,0.98190117,2047
12034,r3i1p1f1,2047,12,13,0.0,14.202673,1.157179,2047
12035,r3i1p1f1,2047,12,14,0.0,14.84496,2.1333652,2047
12036,r3i1p1f1,2047,12,15,0.0,14.132237,1.4589689,2047
12037,r3i1p1f1,2047,12,16,0.0,14.472805,1.9078062,2047
12038,r3i1p1f1,2047,12,17,0.0011546723897371328,13.706953,0.7751008,2047
12039,r3i1p1f1,2047,12,18,0.09151857865755587,11.304749,0.012606808,2047
12040,r3i1p1f1,2047,12,19,0.02020902828503908,11.780385,-0.1817833,2047
12041,r3i1p1f1,2047,12,20,0.0136146961162784,11.123701,0.56744283,2047
12042,r3i1p1f1,2047,12,21,0.0,11.242386,-2.2798123,2047
12043,r3i1p1f1,2047,12,22,0.0,14.484948,0.076851785,2047
12044,r3i1p1f1,2047,12,23,0.0,13.206284,0.7697374,2047
12045,r3i1p1f1,2047,12,24,0.0,12.663045,-0.60441643,2047
12046,r3i1p1f1,2047,12,25,0.0,15.887728,2.0364513,2047
12047,r3i1p1f1,2047,12,26,0.0,18.754885,4.374854,2047
12048,r3i1p1f1,2047,12,27,0.0,18.290098,4.5909476,2047
12049,r3i1p1f1,2047,12,28,0.0,17.10768,3.6416504,2047
12050,r3i1p1f1,2047,12,29,0.06633120193410749,15.14979,1.380707,2047
12051,r3i1p1f1,2047,12,30,0.0,13.375588,-0.8256918,2047
12052,r3i1p1f1,2047,12,31,0.0,15.597498,0.99794793,2047
12053,r3i1p1f1,2048,01,01,0.0,16.022232,-0.40528333,2048
12054,r3i1p1f1,2048,01,02,0.0009638189989015121,13.94596,-0.29256344,2048
12055,r3i1p1f1,2048,01,03,7.904994776096525,11.101794,3.5707362,2048
12056,r3i1p1f1,2048,01,04,3.1817315080617403,9.489145,0.88076043,2048
12057,r3i1p1f1,2048,01,05,2.784019297891284,9.048169,0.95741355,2048
12058,r3i1p1f1,2048,01,06,0.0,10.975651,-3.2725632,2048
12059,r3i1p1f1,2048,01,07,0.0,12.71973,-0.5157577,2048
12060,r3i1p1f1,2048,01,08,0.01705857182528372,13.129246,1.3779454,2048
12061,r3i1p1f1,2048,01,09,0.2583425492770347,12.528415,3.401334,2048
12062,r3i1p1f1,2048,01,10,0.0,10.7196045,-1.9055802,2048
12063,r3i1p1f1,2048,01,11,0.0,9.874876,-4.1815085,2048
12064,r3i1p1f1,2048,01,12,0.06631889622770938,11.11572,-2.6805675,2048
12065,r3i1p1f1,2048,01,13,0.9608240889506168,11.486485,3.124953,2048
12066,r3i1p1f1,2048,01,14,0.0,14.75619,5.7593594,2048
12067,r3i1p1f1,2048,01,15,0.0,20.037977,4.7143893,2048
12068,r3i1p1f1,2048,01,16,0.0,21.167156,6.512836,2048
12069,r3i1p1f1,2048,01,17,0.0,20.223736,6.2239146,2048
12070,r3i1p1f1,2048,01,18,0.0,19.374756,5.3074284,2048
12071,r3i1p1f1,2048,01,19,0.0,17.195528,4.881628,2048
12072,r3i1p1f1,2048,01,20,0.033409970338018895,16.908915,4.4610023,2048
12073,r3i1p1f1,2048,01,21,3.4938397859089796,13.394562,2.4135683,2048
12074,r3i1p1f1,2048,01,22,0.0,13.145604,0.31207445,2048
12075,r3i1p1f1,2048,01,23,0.0,10.738004,-0.710627,2048
12076,r3i1p1f1,2048,01,24,0.0,11.232074,-3.542672,2048
12077,r3i1p1f1,2048,01,25,0.0,12.111328,-2.4186525,2048
12078,r3i1p1f1,2048,01,26,0.0,12.98158,-1.4710201,2048
12079,r3i1p1f1,2048,01,27,0.0,13.530447,-0.4431012,2048
12080,r3i1p1f1,2048,01,28,0.0,13.471955,-0.85860384,2048
12081,r3i1p1f1,2048,01,29,0.0,13.675734,-0.6170367,2048
12082,r3i1p1f1,2048,01,30,0.0,16.042124,0.55887514,2048
12083,r3i1p1f1,2048,01,31,0.0,17.16255,1.641913,2048
12084,r3i1p1f1,2048,02,01,2.232981831408379,15.985399,4.08285,2048
12085,r3i1p1f1,2048,02,02,0.5093328205398531,10.778402,0.40537107,2048
12086,r3i1p1f1,2048,02,03,0.050831873064232765,9.830129,-0.8039728,2048
12087,r3i1p1f1,2048,02,04,0.0,12.897373,-2.6848464,2048
12088,r3i1p1f1,2048,02,05,0.6513069422020855,13.092648,2.4046206,2048
12089,r3i1p1f1,2048,02,06,1.6748939614130491,16.751345,2.1957872,2048
12090,r3i1p1f1,2048,02,07,0.0,17.565361,2.3763304,2048
12091,r3i1p1f1,2048,02,08,0.03679671748999901,20.165165,5.0431776,2048
12092,r3i1p1f1,2048,02,09,0.004457936350566645,21.897907,6.8202767,2048
12093,r3i1p1f1,2048,02,10,0.0004901630966218584,20.47869,7.3869615,2048
12094,r3i1p1f1,2048,02,11,0.0,18.564045,4.4975142,2048
12095,r3i1p1f1,2048,02,12,0.0,20.105417,4.1554585,2048
12096,r3i1p1f1,2048,02,13,0.0,22.229956,4.5989733,2048
12097,r3i1p1f1,2048,02,14,0.0,22.628536,5.489345,2048
12098,r3i1p1f1,2048,02,15,0.0,22.165989,6.731339,2048
12099,r3i1p1f1,2048,02,16,0.0,22.371412,6.2566004,2048
12100,r3i1p1f1,2048,02,17,0.010329121373202228,23.244942,7.402008,2048
12101,r3i1p1f1,2048,02,18,0.0,22.475817,7.024029,2048
12102,r3i1p1f1,2048,02,19,0.0,22.634674,6.5302024,2048
12103,r3i1p1f1,2048,02,20,0.014549885059805643,22.028194,5.8713856,2048
12104,r3i1p1f1,2048,02,21,0.0,21.917734,5.8178225,2048
12105,r3i1p1f1,2048,02,22,0.0,21.467743,5.19424,2048
12106,r3i1p1f1,2048,02,23,0.004555777625434778,19.711855,5.6892023,2048
12107,r3i1p1f1,2048,02,24,0.0,19.22104,2.6510425,2048
12108,r3i1p1f1,2048,02,25,0.06797428579209902,19.478983,4.5573845,2048
12109,r3i1p1f1,2048,02,26,4.5877421570074866,14.921845,4.158706,2048
12110,r3i1p1f1,2048,02,27,0.2728935458140547,14.903449,1.3409957,2048
12111,r3i1p1f1,2048,02,28,0.0,15.707891,1.7706933,2048
12112,r3i1p1f1,2048,02,29,0.016777313117706923,16.218246,1.8098235,2048
12113,r3i1p1f1,2048,03,01,0.00022055699391234103,17.233868,-2.0085876,2048
12114,r3i1p1f1,2048,03,02,4.310531552358897,13.082055,0.9571835,2048
12115,r3i1p1f1,2048,03,03,0.03834983069364997,13.196531,-3.6563194,2048
12116,r3i1p1f1,2048,03,04,0.0,14.700917,-2.9715405,2048
12117,r3i1p1f1,2048,03,05,0.18049391044107985,13.994422,2.3229768,2048
12118,r3i1p1f1,2048,03,06,5.991520954557927,8.980049,-0.4198282,2048
12119,r3i1p1f1,2048,03,07,0.5374574930261368,7.0760355,-3.0736506,2048
12120,r3i1p1f1,2048,03,08,0.0675637503070792,11.034413,-2.463616,2048
12121,r3i1p1f1,2048,03,09,6.991627709538796,7.587612,-4.506879,2048
12122,r3i1p1f1,2048,03,10,0.20559553186709914,10.386122,-2.0202847,2048
12123,r3i1p1f1,2048,03,11,0.049976772173646496,12.599972,-2.530723,2048
12124,r3i1p1f1,2048,03,12,0.06412603899441434,13.907136,-1.6692919,2048
12125,r3i1p1f1,2048,03,13,0.046830948232320334,14.176288,-1.3858148,2048
12126,r3i1p1f1,2048,03,14,0.0,15.0094595,-0.036039706,2048
12127,r3i1p1f1,2048,03,15,0.11781905290483723,17.42852,1.3932422,2048
12128,r3i1p1f1,2048,03,16,0.0,19.214941,1.2294648,2048
12129,r3i1p1f1,2048,03,17,0.0,19.070507,3.8079937,2048
12130,r3i1p1f1,2048,03,18,0.670158166560806,18.130938,3.9891143,2048
12131,r3i1p1f1,2048,03,19,0.07050949028670209,20.065374,3.0675576,2048
12132,r3i1p1f1,2048,03,20,0.8739715669494009,19.720718,1.3619055,2048
12133,r3i1p1f1,2048,03,21,17.78272504129525,12.831048,0.82568836,2048
12134,r3i1p1f1,2048,03,22,5.757724413309585,8.388405,-2.6967607,2048
12135,r3i1p1f1,2048,03,23,0.24069026766069743,11.701677,-0.06749861,2048
12136,r3i1p1f1,2048,03,24,0.001531171076225512,14.977846,-2.5996697,2048
12137,r3i1p1f1,2048,03,25,0.0,14.766542,2.0637884,2048
12138,r3i1p1f1,2048,03,26,0.0,16.622038,-0.3673633,2048
12139,r3i1p1f1,2048,03,27,0.0,18.947783,1.4367841,2048
12140,r3i1p1f1,2048,03,28,0.0,21.544693,3.8031824,2048
12141,r3i1p1f1,2048,03,29,0.028253356850296823,22.341768,5.8674636,2048
12142,r3i1p1f1,2048,03,30,0.031930613472606194,21.816582,5.797517,2048
12143,r3i1p1f1,2048,03,31,0.03217408684466853,18.904953,1.8389903,2048
12144,r3i1p1f1,2048,04,01,0.0,18.542168,-0.16483098,2048
12145,r3i1p1f1,2048,04,02,0.0,21.334393,2.471555,2048
12146,r3i1p1f1,2048,04,03,0.0038819565353068438,21.345448,3.0926015,2048
12147,r3i1p1f1,2048,04,04,0.05606099906744379,17.162397,1.5089068,2048
12148,r3i1p1f1,2048,04,05,0.6289945075362388,14.651422,3.0849771,2048
12149,r3i1p1f1,2048,04,06,0.015572179532186552,20.800673,2.2969344,2048
12150,r3i1p1f1,2048,04,07,0.0,24.831753,4.9681563,2048
12151,r3i1p1f1,2048,04,08,0.0,25.930231,6.92502,2048
12152,r3i1p1f1,2048,04,09,0.0,28.129242,9.375591,2048
12153,r3i1p1f1,2048,04,10,0.0,30.525593,10.486395,2048
12154,r3i1p1f1,2048,04,11,0.0,28.502337,8.779114,2048
12155,r3i1p1f1,2048,04,12,0.004675882501584111,21.56235,3.6471908,2048
12156,r3i1p1f1,2048,04,13,0.07219628977702197,22.310753,5.0927563,2048
12157,r3i1p1f1,2048,04,14,0.0,23.984005,5.4102764,2048
12158,r3i1p1f1,2048,04,15,0.0,24.492287,5.6842003,2048
12159,r3i1p1f1,2048,04,16,0.046169189542221524,23.852978,4.9867287,2048
12160,r3i1p1f1,2048,04,17,0.057801158563410296,22.203339,4.9103117,2048
12161,r3i1p1f1,2048,04,18,0.002958675693000921,20.12025,4.0302625,2048
12162,r3i1p1f1,2048,04,19,0.003974156010592582,23.79502,4.203973,2048
12163,r3i1p1f1,2048,04,20,0.0,25.769798,6.7036715,2048
12164,r3i1p1f1,2048,04,21,0.0,25.684725,7.0739837,2048
12165,r3i1p1f1,2048,04,22,0.0,24.329199,6.0358706,2048
12166,r3i1p1f1,2048,04,23,0.0,23.459112,5.584864,2048
12167,r3i1p1f1,2048,04,24,0.0,24.957842,6.511629,2048
12168,r3i1p1f1,2048,04,25,0.0,27.817146,8.310456,2048
12169,r3i1p1f1,2048,04,26,0.0,26.327427,8.154608,2048
12170,r3i1p1f1,2048,04,27,0.0,28.55954,9.269045,2048
12171,r3i1p1f1,2048,04,28,0.0,28.213757,8.277972,2048
12172,r3i1p1f1,2048,04,29,2.057876405381125,24.258541,6.922695,2048
12173,r3i1p1f1,2048,04,30,0.1973057463273466,20.951277,7.1775928,2048
12174,r3i1p1f1,2048,05,01,0.0,24.245037,5.718616,2048
12175,r3i1p1f1,2048,05,02,0.0,23.792255,6.415761,2048
12176,r3i1p1f1,2048,05,03,0.01388683544725857,22.056883,6.741255,2048
12177,r3i1p1f1,2048,05,04,0.0,21.383965,3.537103,2048
12178,r3i1p1f1,2048,05,05,0.027958964137448646,20.35166,4.9212246,2048
12179,r3i1p1f1,2048,05,06,0.0,21.909592,3.511301,2048
12180,r3i1p1f1,2048,05,07,0.0,21.590229,4.376592,2048
12181,r3i1p1f1,2048,05,08,0.0,20.188057,4.2599425,2048
12182,r3i1p1f1,2048,05,09,0.0,26.078793,7.2364235,2048
12183,r3i1p1f1,2048,05,10,0.0,31.179522,12.339397,2048
12184,r3i1p1f1,2048,05,11,0.0,33.86162,15.022449,2048
12185,r3i1p1f1,2048,05,12,0.0,34.628822,15.537875,2048
12186,r3i1p1f1,2048,05,13,0.0,34.510094,14.235864,2048
12187,r3i1p1f1,2048,05,14,0.0,29.797928,10.876475,2048
12188,r3i1p1f1,2048,05,15,0.0,27.588326,8.765144,2048
12189,r3i1p1f1,2048,05,16,0.0,26.336262,8.092449,2048
12190,r3i1p1f1,2048,05,17,0.0,26.911812,7.491739,2048
12191,r3i1p1f1,2048,05,18,0.0,28.884914,9.924798,2048
12192,r3i1p1f1,2048,05,19,0.0,29.455011,11.522221,2048
12193,r3i1p1f1,2048,05,20,0.0,31.147272,11.983863,2048
12194,r3i1p1f1,2048,05,21,0.0,30.960234,11.662576,2048
12195,r3i1p1f1,2048,05,22,0.0,30.843754,11.180943,2048
12196,r3i1p1f1,2048,05,23,0.0,29.656696,10.823874,2048
12197,r3i1p1f1,2048,05,24,0.0,28.588385,9.884664,2048
12198,r3i1p1f1,2048,05,25,0.0,28.897127,10.284722,2048
12199,r3i1p1f1,2048,05,26,0.0,33.764534,14.107922,2048
12200,r3i1p1f1,2048,05,27,0.0,35.73093,16.161087,2048
12201,r3i1p1f1,2048,05,28,0.0,34.537247,15.977685,2048
12202,r3i1p1f1,2048,05,29,0.0,33.19949,13.268682,2048
12203,r3i1p1f1,2048,05,30,0.0,28.836023,10.601648,2048
12204,r3i1p1f1,2048,05,31,0.0,29.039248,10.873513,2048
12205,r3i1p1f1,2048,06,01,0.0,28.122581,9.520719,2048
12206,r3i1p1f1,2048,06,02,0.0,26.692352,8.890782,2048
12207,r3i1p1f1,2048,06,03,0.0,28.932564,10.054613,2048
12208,r3i1p1f1,2048,06,04,0.0,25.919542,10.327012,2048
12209,r3i1p1f1,2048,06,05,0.0,29.253082,10.302266,2048
12210,r3i1p1f1,2048,06,06,0.0,35.813858,15.671512,2048
12211,r3i1p1f1,2048,06,07,0.0,36.038258,15.611591,2048
12212,r3i1p1f1,2048,06,08,0.0,31.837233,11.85768,2048
12213,r3i1p1f1,2048,06,09,0.0,28.082481,10.684078,2048
12214,r3i1p1f1,2048,06,10,0.0,31.360437,12.101635,2048
12215,r3i1p1f1,2048,06,11,0.0,32.64495,12.883591,2048
12216,r3i1p1f1,2048,06,12,0.16247244772261404,30.725168,12.948658,2048
12217,r3i1p1f1,2048,06,13,0.35217421330426907,29.463577,12.342609,2048
12218,r3i1p1f1,2048,06,14,0.3248826666623989,33.300526,15.038105,2048
12219,r3i1p1f1,2048,06,15,0.0,36.882023,16.532322,2048
12220,r3i1p1f1,2048,06,16,0.0,37.68424,17.148912,2048
12221,r3i1p1f1,2048,06,17,0.0,36.306225,16.742443,2048
12222,r3i1p1f1,2048,06,18,0.0,34.322235,15.199224,2048
12223,r3i1p1f1,2048,06,19,0.0,32.51787,13.438589,2048
12224,r3i1p1f1,2048,06,20,0.0,33.719315,12.962204,2048
12225,r3i1p1f1,2048,06,21,0.0,34.49188,14.219735,2048
12226,r3i1p1f1,2048,06,22,0.0,34.10205,14.254607,2048
12227,r3i1p1f1,2048,06,23,0.0,38.88606,17.500933,2048
12228,r3i1p1f1,2048,06,24,0.0,40.990532,20.214169,2048
12229,r3i1p1f1,2048,06,25,0.05362687025670752,39.74598,22.965347,2048
12230,r3i1p1f1,2048,06,26,0.09292755351811083,40.227486,19.020685,2048
12231,r3i1p1f1,2048,06,27,0.0,39.10272,18.616737,2048
12232,r3i1p1f1,2048,06,28,0.0,39.169968,19.043781,2048
12233,r3i1p1f1,2048,06,29,0.0,37.397434,17.820372,2048
12234,r3i1p1f1,2048,06,30,0.0,34.547092,15.08872,2048
12235,r3i1p1f1,2048,07,01,0.0,31.11413,13.362412,2048
12236,r3i1p1f1,2048,07,02,0.0,32.794464,14.526536,2048
12237,r3i1p1f1,2048,07,03,0.0,36.076145,16.09202,2048
12238,r3i1p1f1,2048,07,04,0.0,37.330757,16.874397,2048
12239,r3i1p1f1,2048,07,05,0.0,36.769493,16.763933,2048
12240,r3i1p1f1,2048,07,06,0.0,35.40682,16.474342,2048
12241,r3i1p1f1,2048,07,07,0.2744953448056935,34.581398,18.05449,2048
12242,r3i1p1f1,2048,07,08,0.0,35.918125,17.322783,2048
12243,r3i1p1f1,2048,07,09,0.012311677335563934,35.335064,18.03743,2048
12244,r3i1p1f1,2048,07,10,0.0,34.21367,16.90304,2048
12245,r3i1p1f1,2048,07,11,0.0,34.638042,16.24126,2048
12246,r3i1p1f1,2048,07,12,3.7980716769931004,33.753048,17.13499,2048
12247,r3i1p1f1,2048,07,13,0.0008630083704536611,33.986393,16.099224,2048
12248,r3i1p1f1,2048,07,14,0.009484798074206055,33.21856,15.324613,2048
12249,r3i1p1f1,2048,07,15,0.007530856082942619,31.712914,14.976454,2048
12250,r3i1p1f1,2048,07,16,0.0,32.74862,15.576373,2048
12251,r3i1p1f1,2048,07,17,0.0,35.29391,15.657702,2048
12252,r3i1p1f1,2048,07,18,0.0,36.49908,17.004265,2048
12253,r3i1p1f1,2048,07,19,0.0,38.321423,18.129808,2048
12254,r3i1p1f1,2048,07,20,0.0,39.4128,19.034828,2048
12255,r3i1p1f1,2048,07,21,0.0,39.111313,18.709696,2048
12256,r3i1p1f1,2048,07,22,0.0,37.315937,18.029406,2048
12257,r3i1p1f1,2048,07,23,0.0,37.40458,18.263973,2048
12258,r3i1p1f1,2048,07,24,0.09244329448186116,37.52335,20.036272,2048
12259,r3i1p1f1,2048,07,25,0.7037338560109095,36.56224,19.218725,2048
12260,r3i1p1f1,2048,07,26,0.39116719764106994,35.629387,18.081837,2048
12261,r3i1p1f1,2048,07,27,0.0,34.467243,16.958992,2048
12262,r3i1p1f1,2048,07,28,0.0,34.05089,16.24638,2048
12263,r3i1p1f1,2048,07,29,0.0,36.739273,17.440557,2048
12264,r3i1p1f1,2048,07,30,0.0,37.54827,18.122969,2048
12265,r3i1p1f1,2048,07,31,0.015406014290144385,35.845615,18.037811,2048
12266,r3i1p1f1,2048,08,01,0.5672448661150129,35.92319,18.063599,2048
12267,r3i1p1f1,2048,08,02,0.16211400132416395,37.081367,18.827732,2048
12268,r3i1p1f1,2048,08,03,0.10710297574846525,37.593334,19.666628,2048
12269,r3i1p1f1,2048,08,04,1.2677749917676202,37.279507,18.630844,2048
12270,r3i1p1f1,2048,08,05,1.2517999169534906,36.328957,18.878881,2048
12271,r3i1p1f1,2048,08,06,0.4644169555544839,36.06448,18.501263,2048
12272,r3i1p1f1,2048,08,07,0.021751399300145833,36.07339,18.140388,2048
12273,r3i1p1f1,2048,08,08,0.03172067576088011,34.39532,16.83529,2048
12274,r3i1p1f1,2048,08,09,0.0,34.683434,15.804974,2048
12275,r3i1p1f1,2048,08,10,0.0,34.787277,17.072372,2048
12276,r3i1p1f1,2048,08,11,0.0,34.780457,15.3361635,2048
12277,r3i1p1f1,2048,08,12,0.0,35.89464,18.642868,2048
12278,r3i1p1f1,2048,08,13,0.3478087506664451,36.86215,20.641094,2048
12279,r3i1p1f1,2048,08,14,0.0,36.79008,17.283682,2048
12280,r3i1p1f1,2048,08,15,0.001874775519933213,36.360054,17.788513,2048
12281,r3i1p1f1,2048,08,16,0.0,36.335346,17.157713,2048
12282,r3i1p1f1,2048,08,17,0.0,34.70854,15.94425,2048
12283,r3i1p1f1,2048,08,18,0.0,32.101437,13.259925,2048
12284,r3i1p1f1,2048,08,19,0.0,31.47707,13.215644,2048
12285,r3i1p1f1,2048,08,20,0.0,32.10667,13.173398,2048
12286,r3i1p1f1,2048,08,21,0.0,31.777487,13.380787,2048
12287,r3i1p1f1,2048,08,22,0.0,32.438637,14.44646,2048
12288,r3i1p1f1,2048,08,23,0.0,34.195774,17.196491,2048
12289,r3i1p1f1,2048,08,24,0.0,35.230553,16.403078,2048
12290,r3i1p1f1,2048,08,25,0.0,33.94994,15.389498,2048
12291,r3i1p1f1,2048,08,26,0.0,30.725147,12.75578,2048
12292,r3i1p1f1,2048,08,27,0.0,26.32499,9.633081,2048
12293,r3i1p1f1,2048,08,28,0.0,30.028402,11.082652,2048
12294,r3i1p1f1,2048,08,29,0.0,35.62591,14.828905,2048
12295,r3i1p1f1,2048,08,30,0.0,36.127174,16.866417,2048
12296,r3i1p1f1,2048,08,31,0.0,37.453716,18.029982,2048
12297,r3i1p1f1,2048,09,01,0.0,37.791473,19.74689,2048
12298,r3i1p1f1,2048,09,02,0.0,37.78963,18.832558,2048
12299,r3i1p1f1,2048,09,03,0.0,39.809025,20.854546,2048
12300,r3i1p1f1,2048,09,04,0.0,40.835377,20.805958,2048
12301,r3i1p1f1,2048,09,05,0.0,40.280125,21.878998,2048
12302,r3i1p1f1,2048,09,06,0.0,39.192833,20.466818,2048
12303,r3i1p1f1,2048,09,07,0.0,38.98669,19.49088,2048
12304,r3i1p1f1,2048,09,08,0.0,40.016552,20.745262,2048
12305,r3i1p1f1,2048,09,09,0.0,39.091778,19.646458,2048
12306,r3i1p1f1,2048,09,10,0.0,37.810703,18.4302,2048
12307,r3i1p1f1,2048,09,11,0.0,33.902683,16.663467,2048
12308,r3i1p1f1,2048,09,12,0.0,31.838825,15.068841,2048
12309,r3i1p1f1,2048,09,13,0.0,29.786108,12.59925,2048
12310,r3i1p1f1,2048,09,14,0.0,30.828514,11.621526,2048
12311,r3i1p1f1,2048,09,15,0.0,31.296843,12.923811,2048
12312,r3i1p1f1,2048,09,16,0.0,29.946636,12.119248,2048
12313,r3i1p1f1,2048,09,17,0.048263136052286645,32.05627,14.013828,2048
12314,r3i1p1f1,2048,09,18,0.08629234086556332,31.411568,15.564467,2048
12315,r3i1p1f1,2048,09,19,0.11484025632715643,29.211914,14.213929,2048
12316,r3i1p1f1,2048,09,20,0.0,30.107607,12.254507,2048
12317,r3i1p1f1,2048,09,21,0.0,31.743803,14.821377,2048
12318,r3i1p1f1,2048,09,22,0.0,30.750881,12.703821,2048
12319,r3i1p1f1,2048,09,23,0.0,29.68798,13.133356,2048
12320,r3i1p1f1,2048,09,24,0.0,33.13831,13.868971,2048
12321,r3i1p1f1,2048,09,25,0.0,34.956722,15.224614,2048
12322,r3i1p1f1,2048,09,26,0.0,34.740677,16.111187,2048
12323,r3i1p1f1,2048,09,27,0.0,34.385853,16.004282,2048
12324,r3i1p1f1,2048,09,28,0.0,35.356102,16.566452,2048
12325,r3i1p1f1,2048,09,29,0.0,36.107178,16.14266,2048
12326,r3i1p1f1,2048,09,30,0.0,34.334625,16.093548,2048
12327,r3i1p1f1,2048,10,01,0.0,29.160458,12.691637,2048
12328,r3i1p1f1,2048,10,02,0.0,31.868414,14.333381,2048
12329,r3i1p1f1,2048,10,03,0.0,33.397995,15.021332,2048
12330,r3i1p1f1,2048,10,04,0.0,35.104584,16.417234,2048
12331,r3i1p1f1,2048,10,05,0.4650205262419838,36.317142,19.599998,2048
12332,r3i1p1f1,2048,10,06,0.0,35.396465,15.921045,2048
12333,r3i1p1f1,2048,10,07,0.0,31.939842,12.640255,2048
12334,r3i1p1f1,2048,10,08,0.0589258404414233,24.181026,11.716685,2048
12335,r3i1p1f1,2048,10,09,0.901562149540978,22.385326,8.959119,2048
12336,r3i1p1f1,2048,10,10,2.196911527322906,20.98073,6.3162103,2048
12337,r3i1p1f1,2048,10,11,0.007420354681512849,20.38041,5.8005877,2048
12338,r3i1p1f1,2048,10,12,0.0281882335107322,20.466063,6.2368436,2048
12339,r3i1p1f1,2048,10,13,0.2510092449886019,22.297636,6.418114,2048
12340,r3i1p1f1,2048,10,14,0.44295112902766437,21.443157,6.5499306,2048
12341,r3i1p1f1,2048,10,15,0.0,20.85299,6.0509496,2048
12342,r3i1p1f1,2048,10,16,0.12548431407897928,21.660978,9.682289,2048
12343,r3i1p1f1,2048,10,17,0.02354942410337654,26.265825,9.779181,2048
12344,r3i1p1f1,2048,10,18,0.0,29.203606,11.533075,2048
12345,r3i1p1f1,2048,10,19,0.0025516801520786953,30.924383,12.903385,2048
12346,r3i1p1f1,2048,10,20,0.0,31.918905,13.555799,2048
12347,r3i1p1f1,2048,10,21,0.02152217763730071,29.3789,14.639245,2048
12348,r3i1p1f1,2048,10,22,3.0005735638196436,21.573835,9.726774,2048
12349,r3i1p1f1,2048,10,23,0.0,23.376316,9.830034,2048
12350,r3i1p1f1,2048,10,24,0.0,24.971611,9.945564,2048
12351,r3i1p1f1,2048,10,25,0.0,27.929949,11.201498,2048
12352,r3i1p1f1,2048,10,26,0.0,29.674911,11.743553,2048
12353,r3i1p1f1,2048,10,27,0.0,28.13203,10.64285,2048
12354,r3i1p1f1,2048,10,28,0.006197441901101477,24.295599,9.197664,2048
12355,r3i1p1f1,2048,10,29,0.0029973190447146244,19.069603,5.7008066,2048
12356,r3i1p1f1,2048,10,30,0.0,23.005733,5.3677926,2048
12357,r3i1p1f1,2048,10,31,0.0,22.962955,6.695408,2048
12358,r3i1p1f1,2048,11,01,0.0,25.371876,8.288251,2048
12359,r3i1p1f1,2048,11,02,0.0,27.393915,9.448288,2048
12360,r3i1p1f1,2048,11,03,0.0,28.459326,9.968045,2048
12361,r3i1p1f1,2048,11,04,0.0,28.050268,9.65082,2048
12362,r3i1p1f1,2048,11,05,0.0,28.960945,10.7632065,2048
12363,r3i1p1f1,2048,11,06,0.0,27.191326,11.186983,2048
12364,r3i1p1f1,2048,11,07,0.0,25.777624,8.513148,2048
12365,r3i1p1f1,2048,11,08,0.0,25.086552,10.799708,2048
12366,r3i1p1f1,2048,11,09,0.0,25.649565,7.3137507,2048
12367,r3i1p1f1,2048,11,10,0.0,27.248653,8.383031,2048
12368,r3i1p1f1,2048,11,11,0.0,24.59629,9.893852,2048
12369,r3i1p1f1,2048,11,12,0.0,21.196041,3.9717364,2048
12370,r3i1p1f1,2048,11,13,0.0,17.182762,1.9815569,2048
12371,r3i1p1f1,2048,11,14,0.0,19.670416,3.241213,2048
12372,r3i1p1f1,2048,11,15,0.0,20.902897,6.475853,2048
12373,r3i1p1f1,2048,11,16,0.0,21.471788,4.928945,2048
12374,r3i1p1f1,2048,11,17,0.0,21.575912,3.3588023,2048
12375,r3i1p1f1,2048,11,18,0.0,20.427813,6.247234,2048
12376,r3i1p1f1,2048,11,19,0.0019708668079340096,19.529993,3.9664335,2048
12377,r3i1p1f1,2048,11,20,0.9182325824682872,17.159084,2.9091606,2048
12378,r3i1p1f1,2048,11,21,0.5229588039197332,11.310328,1.5698736,2048
12379,r3i1p1f1,2048,11,22,0.0,17.069822,1.4682993,2048
12380,r3i1p1f1,2048,11,23,0.0,19.10293,1.2522397,2048
12381,r3i1p1f1,2048,11,24,0.0,22.225004,4.677798,2048
12382,r3i1p1f1,2048,11,25,0.0,24.396246,6.204784,2048
12383,r3i1p1f1,2048,11,26,0.0,23.01823,5.718887,2048
12384,r3i1p1f1,2048,11,27,0.0,22.16073,4.5900364,2048
12385,r3i1p1f1,2048,11,28,0.0,22.050186,4.6493654,2048
12386,r3i1p1f1,2048,11,29,0.0,22.401474,4.648659,2048
12387,r3i1p1f1,2048,11,30,0.0,23.972895,6.0258613,2048
12388,r3i1p1f1,2048,12,01,0.0,21.585,8.363017,2048
12389,r3i1p1f1,2048,12,02,0.0,22.629494,9.879618,2048
12390,r3i1p1f1,2048,12,03,0.0,24.080076,9.260568,2048
12391,r3i1p1f1,2048,12,04,0.0,24.184456,9.402134,2048
12392,r3i1p1f1,2048,12,05,0.0,24.12209,7.477051,2048
12393,r3i1p1f1,2048,12,06,0.023706831308311048,19.832958,8.204523,2048
12394,r3i1p1f1,2048,12,07,0.09001472258195133,15.45222,5.0921993,2048
12395,r3i1p1f1,2048,12,08,0.0,18.320341,1.9430227,2048
12396,r3i1p1f1,2048,12,09,0.0,20.90247,4.70338,2048
12397,r3i1p1f1,2048,12,10,0.0,18.474024,4.901196,2048
12398,r3i1p1f1,2048,12,11,0.0,14.499275,-1.3988601,2048
12399,r3i1p1f1,2048,12,12,0.0,13.85963,1.9571706,2048
12400,r3i1p1f1,2048,12,13,0.0,15.551886,0.049212556,2048
12401,r3i1p1f1,2048,12,14,0.0,18.054583,1.5994229,2048
12402,r3i1p1f1,2048,12,15,0.04862768942213293,13.88628,3.5772178,2048
12403,r3i1p1f1,2048,12,16,0.003205936077530637,17.273933,3.6701274,2048
12404,r3i1p1f1,2048,12,17,0.0,18.137655,3.4448614,2048
12405,r3i1p1f1,2048,12,18,0.0,20.115301,5.0541105,2048
12406,r3i1p1f1,2048,12,19,0.0,20.541811,5.1132784,2048
12407,r3i1p1f1,2048,12,20,0.0006795183589653761,20.785326,6.6770616,2048
12408,r3i1p1f1,2048,12,21,0.0,21.86944,6.8382616,2048
12409,r3i1p1f1,2048,12,22,0.03590473690013768,19.55255,6.550655,2048
12410,r3i1p1f1,2048,12,23,0.2686911014351415,18.503544,6.9390974,2048
12411,r3i1p1f1,2048,12,24,0.0,18.805372,3.495992,2048
12412,r3i1p1f1,2048,12,25,6.0717388763321125,17.083477,6.5835943,2048
12413,r3i1p1f1,2048,12,26,0.11341394167120046,11.970958,1.8390818,2048
12414,r3i1p1f1,2048,12,27,0.0,12.645598,-1.9377556,2048
12415,r3i1p1f1,2048,12,28,3.1030607049323216,12.836648,0.5257061,2048
12416,r3i1p1f1,2048,12,29,1.2274320363278755,9.780102,1.0977768,2048
12417,r3i1p1f1,2048,12,30,0.0,11.891789,-0.95070636,2048
12418,r3i1p1f1,2048,12,31,0.0,14.011613,0.6287689,2048
12419,r3i1p1f1,2049,01,01,0.0,15.228191,1.5691253,2049
12420,r3i1p1f1,2049,01,02,0.05233957682679774,14.317954,3.8121722,2049
12421,r3i1p1f1,2049,01,03,0.024157601019947888,15.232065,3.3785844,2049
12422,r3i1p1f1,2049,01,04,1.1563007284679439,15.460281,6.857333,2049
12423,r3i1p1f1,2049,01,05,0.0,14.955343,-0.3356429,2049
12424,r3i1p1f1,2049,01,06,0.0,16.050262,1.050942,2049
12425,r3i1p1f1,2049,01,07,0.0,18.436468,3.6568384,2049
12426,r3i1p1f1,2049,01,08,0.0,18.127228,3.9600992,2049
12427,r3i1p1f1,2049,01,09,0.0,15.795923,2.0009701,2049
12428,r3i1p1f1,2049,01,10,0.0,19.46186,4.288372,2049
12429,r3i1p1f1,2049,01,11,0.0,19.66983,5.5111995,2049
12430,r3i1p1f1,2049,01,12,0.2599201766640886,17.713123,4.442169,2049
12431,r3i1p1f1,2049,01,13,0.0,15.798817,2.4535046,2049
12432,r3i1p1f1,2049,01,14,0.0,18.788977,4.3855596,2049
12433,r3i1p1f1,2049,01,15,0.0,21.401997,4.571148,2049
12434,r3i1p1f1,2049,01,16,0.06571548247765432,20.504799,5.7753053,2049
12435,r3i1p1f1,2049,01,17,1.2150485931791384,17.533833,7.1625366,2049
12436,r3i1p1f1,2049,01,18,51.21294583405622,16.47196,7.6046505,2049
12437,r3i1p1f1,2049,01,19,25.79024762701892,15.604328,7.50551,2049
12438,r3i1p1f1,2049,01,20,11.587062929238803,14.063984,4.9727077,2049
12439,r3i1p1f1,2049,01,21,0.00010659863288641314,12.650051,0.091777034,2049
12440,r3i1p1f1,2049,01,22,6.665472163041351,11.906306,4.069171,2049
12441,r3i1p1f1,2049,01,23,0.007372584377387257,12.441961,1.4794277,2049
12442,r3i1p1f1,2049,01,24,0.00048728839663619345,16.666967,2.1737728,2049
12443,r3i1p1f1,2049,01,25,0.0,18.244875,4.328282,2049
12444,r3i1p1f1,2049,01,26,0.0,19.51085,6.099449,2049
12445,r3i1p1f1,2049,01,27,0.0,19.358896,6.6010013,2049
12446,r3i1p1f1,2049,01,28,0.10405112916928236,17.854824,5.2565584,2049
12447,r3i1p1f1,2049,01,29,0.024183247151086107,16.67776,3.0758555,2049
12448,r3i1p1f1,2049,01,30,0.0,14.948227,1.073654,2049
12449,r3i1p1f1,2049,01,31,0.13527339398161997,14.680141,4.4914966,2049
12450,r3i1p1f1,2049,02,01,2.2971499536674167,15.111486,6.820965,2049
12451,r3i1p1f1,2049,02,02,15.932763144088918,16.391775,8.579133,2049
12452,r3i1p1f1,2049,02,03,0.3596695785249308,15.875926,3.8317823,2049
12453,r3i1p1f1,2049,02,04,20.282329601449337,15.303299,5.682424,2049
12454,r3i1p1f1,2049,02,05,37.468356808222424,14.445114,7.685001,2049
12455,r3i1p1f1,2049,02,06,19.26088774613163,11.638187,4.2468214,2049
12456,r3i1p1f1,2049,02,07,0.0013868946045862906,11.292991,-1.1853366,2049
12457,r3i1p1f1,2049,02,08,1.1346963356305477,11.461619,-0.3313687,2049
12458,r3i1p1f1,2049,02,09,0.0016116735765315366,11.355363,-3.1363924,2049
12459,r3i1p1f1,2049,02,10,0.0,12.915597,-0.80504555,2049
12460,r3i1p1f1,2049,02,11,1.4722925706018941,13.039719,3.6576605,2049
12461,r3i1p1f1,2049,02,12,0.025734448905550933,11.756505,-1.4768189,2049
12462,r3i1p1f1,2049,02,13,0.0,12.134734,-2.3895903,2049
12463,r3i1p1f1,2049,02,14,0.0,12.941314,-1.1703042,2049
12464,r3i1p1f1,2049,02,15,0.0,13.765458,0.9642643,2049
12465,r3i1p1f1,2049,02,16,0.0,14.031195,-0.29512182,2049
12466,r3i1p1f1,2049,02,17,0.007626566661973343,13.638922,1.2541274,2049
12467,r3i1p1f1,2049,02,18,0.0,13.920217,0.39138547,2049
12468,r3i1p1f1,2049,02,19,0.0,14.200536,1.2119336,2049
12469,r3i1p1f1,2049,02,20,0.0,15.572819,1.6736159,2049
12470,r3i1p1f1,2049,02,21,0.0,17.703949,2.5125973,2049
12471,r3i1p1f1,2049,02,22,0.0,18.74827,3.7729092,2049
12472,r3i1p1f1,2049,02,23,0.0,21.895395,5.6850543,2049
12473,r3i1p1f1,2049,02,24,0.0,22.575148,7.4433756,2049
12474,r3i1p1f1,2049,02,25,0.0,23.461525,9.474405,2049
12475,r3i1p1f1,2049,02,26,0.0,22.551456,8.44512,2049
12476,r3i1p1f1,2049,02,27,0.0,14.377547,1.0042301,2049
12477,r3i1p1f1,2049,02,28,0.0,13.771433,-0.80456966,2049
12478,r3i1p1f1,2049,03,01,0.0,18.719381,-0.19551082,2049
12479,r3i1p1f1,2049,03,02,0.0,21.002287,2.1884317,2049
12480,r3i1p1f1,2049,03,03,0.0,21.906994,3.7099836,2049
12481,r3i1p1f1,2049,03,04,0.0,24.410725,5.7304387,2049
12482,r3i1p1f1,2049,03,05,0.0,26.952953,9.059243,2049
12483,r3i1p1f1,2049,03,06,0.0,26.612167,8.14401,2049
12484,r3i1p1f1,2049,03,07,0.0,25.655191,8.370934,2049
12485,r3i1p1f1,2049,03,08,0.6982199953045258,22.722218,5.7805414,2049
12486,r3i1p1f1,2049,03,09,0.09536162260425926,16.860313,2.713906,2049
12487,r3i1p1f1,2049,03,10,0.0,19.26828,1.4087273,2049
12488,r3i1p1f1,2049,03,11,0.0,22.376732,4.184458,2049
12489,r3i1p1f1,2049,03,12,0.01927885147531263,22.20588,5.077401,2049
12490,r3i1p1f1,2049,03,13,0.2620262279312804,19.746304,4.89791,2049
12491,r3i1p1f1,2049,03,14,0.0,20.912626,1.6881564,2049
12492,r3i1p1f1,2049,03,15,0.016311606194711094,20.2765,3.442849,2049
12493,r3i1p1f1,2049,03,16,0.18015319702967783,16.694235,-0.10260562,2049
12494,r3i1p1f1,2049,03,17,4.65245139126306,15.752157,3.4954178,2049
12495,r3i1p1f1,2049,03,18,18.479098588621568,13.989116,5.1654086,2049
12496,r3i1p1f1,2049,03,19,17.715825824618054,12.078139,3.6813536,2049
12497,r3i1p1f1,2049,03,20,0.08643228821518167,11.663021,0.013624253,2049
12498,r3i1p1f1,2049,03,21,0.004539266158121101,13.972643,-0.62150156,2049
12499,r3i1p1f1,2049,03,22,0.0,18.116804,2.5781674,2049
12500,r3i1p1f1,2049,03,23,0.0,20.124502,3.8048313,2049
12501,r3i1p1f1,2049,03,24,0.0,21.91403,5.0195794,2049
12502,r3i1p1f1,2049,03,25,0.0,21.169556,6.220131,2049
12503,r3i1p1f1,2049,03,26,0.0,19.696398,5.422534,2049
12504,r3i1p1f1,2049,03,27,0.0,20.609905,4.6068354,2049
12505,r3i1p1f1,2049,03,28,0.0,21.680548,5.122397,2049
12506,r3i1p1f1,2049,03,29,0.0,22.753538,5.8166738,2049
12507,r3i1p1f1,2049,03,30,0.0,24.898005,7.0369606,2049
12508,r3i1p1f1,2049,03,31,0.0,26.1217,9.680253,2049
12509,r3i1p1f1,2049,04,01,0.0,26.392094,9.300825,2049
12510,r3i1p1f1,2049,04,02,0.0,25.341312,8.299079,2049
12511,r3i1p1f1,2049,04,03,0.0,22.001146,5.080908,2049
12512,r3i1p1f1,2049,04,04,0.0,24.779606,6.415477,2049
12513,r3i1p1f1,2049,04,05,0.0,26.753487,8.474313,2049
12514,r3i1p1f1,2049,04,06,0.0,29.921696,11.188616,2049
12515,r3i1p1f1,2049,04,07,0.0,33.38699,13.29052,2049
12516,r3i1p1f1,2049,04,08,0.0,32.161926,11.505136,2049
12517,r3i1p1f1,2049,04,09,0.0,28.067041,8.225223,2049
12518,r3i1p1f1,2049,04,10,0.05325872393961728,24.61518,6.561647,2049
12519,r3i1p1f1,2049,04,11,0.15607540237066464,23.188921,4.618861,2049
12520,r3i1p1f1,2049,04,12,1.8799199243566171,20.342434,4.017873,2049
12521,r3i1p1f1,2049,04,13,1.940311359201477,17.08265,3.2776582,2049
12522,r3i1p1f1,2049,04,14,0.7682531209403268,18.135849,3.3994236,2049
12523,r3i1p1f1,2049,04,15,0.0,23.304262,4.4503803,2049
12524,r3i1p1f1,2049,04,16,1.089317570730407,21.175985,3.380502,2049
12525,r3i1p1f1,2049,04,17,2.948551328459375,14.949115,2.619766,2049
12526,r3i1p1f1,2049,04,18,0.029363979430689306,19.33102,2.5837119,2049
12527,r3i1p1f1,2049,04,19,1.0942010798562203,19.394392,5.2343845,2049
12528,r3i1p1f1,2049,04,20,11.397755091973309,14.880163,3.789108,2049
12529,r3i1p1f1,2049,04,21,1.4435603553349872,15.976603,3.4629016,2049
12530,r3i1p1f1,2049,04,22,0.3606499462683022,18.639042,4.1797333,2049
12531,r3i1p1f1,2049,04,23,0.0,21.992168,4.453198,2049
12532,r3i1p1f1,2049,04,24,0.21725837337946746,20.590858,5.740851,2049
12533,r3i1p1f1,2049,04,25,4.925067900366588,15.778937,2.5559115,2049
12534,r3i1p1f1,2049,04,26,0.0,21.205965,2.896981,2049
12535,r3i1p1f1,2049,04,27,0.25882609868527984,20.462603,6.2283063,2049
12536,r3i1p1f1,2049,04,28,0.0,20.431261,3.2872486,2049
12537,r3i1p1f1,2049,04,29,0.0,26.199486,7.0913525,2049
12538,r3i1p1f1,2049,04,30,0.0,30.897976,11.34297,2049
12539,r3i1p1f1,2049,05,01,0.0,29.776583,10.616015,2049
12540,r3i1p1f1,2049,05,02,0.0,26.887327,8.803822,2049
12541,r3i1p1f1,2049,05,03,0.0,28.90653,9.708533,2049
12542,r3i1p1f1,2049,05,04,0.0,28.688679,9.220557,2049
12543,r3i1p1f1,2049,05,05,0.0,26.791075,8.316967,2049
12544,r3i1p1f1,2049,05,06,0.0,26.53681,7.7019587,2049
12545,r3i1p1f1,2049,05,07,0.0,25.045675,6.1530056,2049
12546,r3i1p1f1,2049,05,08,0.04785353634912154,21.602543,5.009069,2049
12547,r3i1p1f1,2049,05,09,0.0,21.1483,3.9835634,2049
12548,r3i1p1f1,2049,05,10,0.006458245863376016,22.620707,5.0106506,2049
12549,r3i1p1f1,2049,05,11,0.0,25.178154,5.826137,2049
12550,r3i1p1f1,2049,05,12,0.007046394356083593,23.458319,9.679454,2049
12551,r3i1p1f1,2049,05,13,0.014844002726022154,20.266289,4.730614,2049
12552,r3i1p1f1,2049,05,14,0.0,21.397604,2.9588287,2049
12553,r3i1p1f1,2049,05,15,0.0,26.966492,7.268579,2049
12554,r3i1p1f1,2049,05,16,0.0,29.193306,8.8138,2049
12555,r3i1p1f1,2049,05,17,0.02427383640844544,26.02536,7.6278505,2049
12556,r3i1p1f1,2049,05,18,0.18151082715617536,16.467087,2.0146332,2049
12557,r3i1p1f1,2049,05,19,0.3359448481007183,16.973927,4.593742,2049
12558,r3i1p1f1,2049,05,20,0.00023939911360767755,19.910723,2.7588856,2049
12559,r3i1p1f1,2049,05,21,0.0,24.878149,5.241944,2049
12560,r3i1p1f1,2049,05,22,0.0,28.00391,9.236784,2049
12561,r3i1p1f1,2049,05,23,0.0,31.100908,11.309151,2049
12562,r3i1p1f1,2049,05,24,0.0,29.2439,10.337843,2049
12563,r3i1p1f1,2049,05,25,0.0,30.233559,11.061457,2049
12564,r3i1p1f1,2049,05,26,0.0,32.83533,13.445361,2049
12565,r3i1p1f1,2049,05,27,0.0,32.01093,13.492758,2049
12566,r3i1p1f1,2049,05,28,0.0,30.510529,11.989361,2049
12567,r3i1p1f1,2049,05,29,0.0,28.525421,9.819043,2049
12568,r3i1p1f1,2049,05,30,0.0,28.14834,9.469264,2049
12569,r3i1p1f1,2049,05,31,0.0,29.37002,10.777961,2049
12570,r3i1p1f1,2049,06,01,0.005805716341869397,28.802984,9.648781,2049
12571,r3i1p1f1,2049,06,02,0.0,26.824938,9.278316,2049
12572,r3i1p1f1,2049,06,03,0.0,22.839434,6.593736,2049
12573,r3i1p1f1,2049,06,04,0.008586643997466925,21.06946,7.967967,2049
12574,r3i1p1f1,2049,06,05,0.0036943891565456534,25.794235,8.413359,2049
12575,r3i1p1f1,2049,06,06,0.0,34.30434,14.259923,2049
12576,r3i1p1f1,2049,06,07,0.0,38.06757,17.187756,2049
12577,r3i1p1f1,2049,06,08,0.0,38.36586,17.77605,2049
12578,r3i1p1f1,2049,06,09,0.0,38.36612,17.83953,2049
12579,r3i1p1f1,2049,06,10,0.0,38.99079,18.299387,2049
12580,r3i1p1f1,2049,06,11,0.018162225319291323,38.890865,20.034546,2049
12581,r3i1p1f1,2049,06,12,0.05114178779132834,37.99902,18.20862,2049
12582,r3i1p1f1,2049,06,13,0.0,35.955193,17.698679,2049
12583,r3i1p1f1,2049,06,14,0.0,34.35456,14.271974,2049
12584,r3i1p1f1,2049,06,15,0.0,29.489092,12.110367,2049
12585,r3i1p1f1,2049,06,16,0.0,29.165993,11.666159,2049
12586,r3i1p1f1,2049,06,17,0.0,29.009512,11.5779295,2049
12587,r3i1p1f1,2049,06,18,0.0,29.845673,11.172718,2049
12588,r3i1p1f1,2049,06,19,0.0,29.291155,11.071878,2049
12589,r3i1p1f1,2049,06,20,0.057022047073008834,27.680328,9.673907,2049
12590,r3i1p1f1,2049,06,21,0.005057925520690553,27.938154,10.922958,2049
12591,r3i1p1f1,2049,06,22,0.0,32.186714,13.55988,2049
12592,r3i1p1f1,2049,06,23,0.0,31.772728,14.130142,2049
12593,r3i1p1f1,2049,06,24,0.0,32.0919,13.639245,2049
12594,r3i1p1f1,2049,06,25,0.0,34.360466,14.153893,2049
12595,r3i1p1f1,2049,06,26,0.0,33.32442,14.425275,2049
12596,r3i1p1f1,2049,06,27,0.0,30.803974,12.837986,2049
12597,r3i1p1f1,2049,06,28,0.0,29.928991,12.942708,2049
12598,r3i1p1f1,2049,06,29,0.0,31.069023,13.690672,2049
12599,r3i1p1f1,2049,06,30,0.0,31.713545,13.91844,2049
12600,r3i1p1f1,2049,07,01,0.0,30.485538,14.030504,2049
12601,r3i1p1f1,2049,07,02,0.0,33.303207,15.3937645,2049
12602,r3i1p1f1,2049,07,03,0.0,35.72659,16.335682,2049
12603,r3i1p1f1,2049,07,04,0.0,34.979595,16.748167,2049
12604,r3i1p1f1,2049,07,05,0.0,32.9743,15.13169,2049
12605,r3i1p1f1,2049,07,06,0.0,33.740982,16.37925,2049
12606,r3i1p1f1,2049,07,07,0.0,34.127766,16.454214,2049
12607,r3i1p1f1,2049,07,08,0.0,35.367977,16.144655,2049
12608,r3i1p1f1,2049,07,09,0.0,36.859833,17.108414,2049
12609,r3i1p1f1,2049,07,10,0.0,36.065506,17.29141,2049
12610,r3i1p1f1,2049,07,11,0.0,35.229263,17.871294,2049
12611,r3i1p1f1,2049,07,12,0.0,35.53696,16.90541,2049
12612,r3i1p1f1,2049,07,13,0.0,35.226997,16.488388,2049
12613,r3i1p1f1,2049,07,14,0.0,33.819237,16.949684,2049
12614,r3i1p1f1,2049,07,15,0.0,32.359394,15.850379,2049
12615,r3i1p1f1,2049,07,16,0.0,33.04105,15.655079,2049
12616,r3i1p1f1,2049,07,17,0.0,34.020466,16.05829,2049
12617,r3i1p1f1,2049,07,18,0.0,35.55113,17.282457,2049
12618,r3i1p1f1,2049,07,19,0.0,37.94434,17.826014,2049
12619,r3i1p1f1,2049,07,20,0.0,37.690838,18.329704,2049
12620,r3i1p1f1,2049,07,21,0.0,36.702244,18.084297,2049
12621,r3i1p1f1,2049,07,22,0.0,35.770523,17.507467,2049
12622,r3i1p1f1,2049,07,23,0.0,37.77341,18.080984,2049
12623,r3i1p1f1,2049,07,24,0.02896959434799624,37.72539,18.021938,2049
12624,r3i1p1f1,2049,07,25,0.04739783937111497,37.64641,19.450396,2049
12625,r3i1p1f1,2049,07,26,0.0,38.74056,19.27852,2049
12626,r3i1p1f1,2049,07,27,0.007790912958708676,38.738316,19.405073,2049
12627,r3i1p1f1,2049,07,28,0.26646240738541976,38.6631,20.42761,2049
12628,r3i1p1f1,2049,07,29,0.7561737966201084,37.22858,19.758926,2049
12629,r3i1p1f1,2049,07,30,2.3901072790789786,37.66676,18.699211,2049
12630,r3i1p1f1,2049,07,31,1.260278010097064,34.77866,18.727295,2049
12631,r3i1p1f1,2049,08,01,0.8916562443218109,34.7754,16.843107,2049
12632,r3i1p1f1,2049,08,02,0.004464556801725517,36.524876,19.319933,2049
12633,r3i1p1f1,2049,08,03,0.02879357318196333,36.70471,19.902275,2049
12634,r3i1p1f1,2049,08,04,0.00010891250426401243,36.134983,17.970322,2049
12635,r3i1p1f1,2049,08,05,0.00355417667323667,34.50796,16.683887,2049
12636,r3i1p1f1,2049,08,06,0.0,33.466377,15.11222,2049
12637,r3i1p1f1,2049,08,07,0.0,32.796783,15.177781,2049
12638,r3i1p1f1,2049,08,08,0.0,31.4973,14.641544,2049
12639,r3i1p1f1,2049,08,09,0.0,31.814135,14.335066,2049
12640,r3i1p1f1,2049,08,10,0.0,31.475737,14.6535635,2049
12641,r3i1p1f1,2049,08,11,0.0,29.384949,13.41118,2049
12642,r3i1p1f1,2049,08,12,0.0,29.633007,12.870382,2049
12643,r3i1p1f1,2049,08,13,0.0,32.805187,14.649052,2049
12644,r3i1p1f1,2049,08,14,0.0,35.480724,15.740099,2049
12645,r3i1p1f1,2049,08,15,0.0,35.368282,17.483452,2049
12646,r3i1p1f1,2049,08,16,0.0,36.32481,16.835337,2049
12647,r3i1p1f1,2049,08,17,0.005110014568675648,36.37855,17.537436,2049
12648,r3i1p1f1,2049,08,18,0.1322277462035841,36.405872,17.453451,2049
12649,r3i1p1f1,2049,08,19,0.1909669271977195,36.19965,17.611546,2049
12650,r3i1p1f1,2049,08,20,0.16719286281537885,35.590164,17.66727,2049
12651,r3i1p1f1,2049,08,21,0.14011383390893709,33.962418,16.558153,2049
12652,r3i1p1f1,2049,08,22,0.05014755333611516,32.09115,15.218576,2049
12653,r3i1p1f1,2049,08,23,0.5119566939119427,28.965183,14.398757,2049
12654,r3i1p1f1,2049,08,24,1.934778559944155,28.948425,13.410718,2049
12655,r3i1p1f1,2049,08,25,1.9632680660773378,31.292074,15.11162,2049
12656,r3i1p1f1,2049,08,26,0.11347288167047681,33.178032,15.325215,2049
12657,r3i1p1f1,2049,08,27,0.0,33.353085,14.338622,2049
12658,r3i1p1f1,2049,08,28,0.0,31.867523,12.57373,2049
12659,r3i1p1f1,2049,08,29,0.0,29.4473,12.317781,2049
12660,r3i1p1f1,2049,08,30,0.0,28.074654,10.551548,2049
12661,r3i1p1f1,2049,08,31,0.0,26.336489,8.23425,2049
12662,r3i1p1f1,2049,09,01,0.0,24.294693,9.271794,2049
12663,r3i1p1f1,2049,09,02,0.0,27.068514,10.253244,2049
12664,r3i1p1f1,2049,09,03,0.0,30.850246,12.893378,2049
12665,r3i1p1f1,2049,09,04,0.0,32.835556,14.13621,2049
12666,r3i1p1f1,2049,09,05,0.10273831643992322,31.567844,13.564724,2049
12667,r3i1p1f1,2049,09,06,3.9284388305890334,29.55163,16.303047,2049
12668,r3i1p1f1,2049,09,07,0.11183101242446962,31.830675,16.720705,2049
12669,r3i1p1f1,2049,09,08,0.0,30.635168,14.387421,2049
12670,r3i1p1f1,2049,09,09,0.0,28.714708,11.5875225,2049
12671,r3i1p1f1,2049,09,10,0.0,29.329966,11.699371,2049
12672,r3i1p1f1,2049,09,11,0.0,28.523031,11.7197895,2049
12673,r3i1p1f1,2049,09,12,0.0,29.427717,13.024684,2049
12674,r3i1p1f1,2049,09,13,0.017784533485996002,30.764914,13.310232,2049
12675,r3i1p1f1,2049,09,14,0.029639041247057983,32.69056,16.392887,2049
12676,r3i1p1f1,2049,09,15,0.024368869004926335,32.526516,15.630685,2049
12677,r3i1p1f1,2049,09,16,0.32747731826296356,32.810413,14.472471,2049
12678,r3i1p1f1,2049,09,17,0.024098582481118767,33.92699,15.848437,2049
12679,r3i1p1f1,2049,09,18,0.7429305001542988,35.381027,17.780415,2049
12680,r3i1p1f1,2049,09,19,2.4949124744550013,34.19822,18.272106,2049
12681,r3i1p1f1,2049,09,20,3.2042608445441476,34.14592,17.985785,2049
12682,r3i1p1f1,2049,09,21,4.107369104562112,32.426735,18.288145,2049
12683,r3i1p1f1,2049,09,22,0.583119119506922,32.441555,17.103271,2049
12684,r3i1p1f1,2049,09,23,0.836242358134107,33.07429,16.800123,2049
12685,r3i1p1f1,2049,09,24,0.9637001364105593,33.543674,17.632843,2049
12686,r3i1p1f1,2049,09,25,0.7561052528851151,34.572422,17.470175,2049
12687,r3i1p1f1,2049,09,26,1.4331291694653565,32.32542,16.909487,2049
12688,r3i1p1f1,2049,09,27,0.23326577301442297,32.64163,16.666693,2049
12689,r3i1p1f1,2049,09,28,1.3623700838952297,31.092396,15.77076,2049
12690,r3i1p1f1,2049,09,29,0.0,30.90418,14.820597,2049
12691,r3i1p1f1,2049,09,30,0.0,30.072369,14.224942,2049
12692,r3i1p1f1,2049,10,01,0.0,29.017221,13.151971,2049
12693,r3i1p1f1,2049,10,02,0.0,29.138577,12.837361,2049
12694,r3i1p1f1,2049,10,03,0.0,30.525112,13.472556,2049
12695,r3i1p1f1,2049,10,04,0.0,30.802238,13.524481,2049
12696,r3i1p1f1,2049,10,05,0.0,32.55874,14.073082,2049
12697,r3i1p1f1,2049,10,06,0.0,35.44578,16.113853,2049
12698,r3i1p1f1,2049,10,07,0.01645420798784912,36.74146,17.864151,2049
12699,r3i1p1f1,2049,10,08,0.0003876349056196032,35.352932,20.097643,2049
12700,r3i1p1f1,2049,10,09,0.0,33.98946,16.708652,2049
12701,r3i1p1f1,2049,10,10,0.0,31.975792,14.899819,2049
12702,r3i1p1f1,2049,10,11,0.04937966823380328,28.628542,12.196554,2049
12703,r3i1p1f1,2049,10,12,0.0,27.0235,11.339976,2049
12704,r3i1p1f1,2049,10,13,0.0,29.375566,12.291293,2049
12705,r3i1p1f1,2049,10,14,0.0,29.354496,12.663645,2049
12706,r3i1p1f1,2049,10,15,0.0,30.357996,13.193412,2049
12707,r3i1p1f1,2049,10,16,0.0,31.692179,13.707606,2049
12708,r3i1p1f1,2049,10,17,0.0,30.1703,14.111579,2049
12709,r3i1p1f1,2049,10,18,0.0,31.449938,14.2474375,2049
12710,r3i1p1f1,2049,10,19,0.0,32.157288,14.8852415,2049
12711,r3i1p1f1,2049,10,20,0.0,33.795788,15.876464,2049
12712,r3i1p1f1,2049,10,21,0.0,31.801413,13.787316,2049
12713,r3i1p1f1,2049,10,22,0.0,28.173954,12.738041,2049
12714,r3i1p1f1,2049,10,23,0.05063725352308459,24.87714,12.772294,2049
12715,r3i1p1f1,2049,10,24,0.0,22.865267,8.691763,2049
12716,r3i1p1f1,2049,10,25,3.531563338533901,20.392445,6.707197,2049
12717,r3i1p1f1,2049,10,26,6.954705708250127,17.84196,6.3186526,2049
12718,r3i1p1f1,2049,10,27,1.0054852767379172,18.998617,5.572368,2049
12719,r3i1p1f1,2049,10,28,0.9999985059976373,19.814318,7.575,2049
12720,r3i1p1f1,2049,10,29,0.056166322231574944,21.215816,6.120228,2049
12721,r3i1p1f1,2049,10,30,0.0,22.41447,7.357043,2049
12722,r3i1p1f1,2049,10,31,0.0,24.454294,8.019908,2049
12723,r3i1p1f1,2049,11,01,0.0,24.019213,8.282828,2049
12724,r3i1p1f1,2049,11,02,0.0,22.303669,6.2137723,2049
12725,r3i1p1f1,2049,11,03,0.0,24.2739,8.095306,2049
12726,r3i1p1f1,2049,11,04,0.0,23.743029,11.869238,2049
12727,r3i1p1f1,2049,11,05,0.0,23.7774,5.8970857,2049
12728,r3i1p1f1,2049,11,06,0.0,23.584492,9.089784,2049
12729,r3i1p1f1,2049,11,07,0.0,23.483824,8.788598,2049
12730,r3i1p1f1,2049,11,08,0.0,23.279987,6.9328065,2049
12731,r3i1p1f1,2049,11,09,0.0,22.918673,4.732062,2049
12732,r3i1p1f1,2049,11,10,0.0,22.67566,4.252741,2049
12733,r3i1p1f1,2049,11,11,0.02382358155349114,21.715155,4.40225,2049
12734,r3i1p1f1,2049,11,12,0.14418989719574296,20.263304,4.9833703,2049
12735,r3i1p1f1,2049,11,13,13.159806953035789,19.654972,9.722553,2049
12736,r3i1p1f1,2049,11,14,20.037376454514963,17.45536,7.8461137,2049
12737,r3i1p1f1,2049,11,15,12.608537341198605,14.336967,3.5229955,2049
12738,r3i1p1f1,2049,11,16,4.510160955728542,10.071929,-0.19353639,2049
12739,r3i1p1f1,2049,11,17,2.923014122174705,11.271411,0.2951385,2049
12740,r3i1p1f1,2049,11,18,5.051567768986746,12.658785,2.323629,2049
12741,r3i1p1f1,2049,11,19,0.0,13.868248,0.8333299,2049
12742,r3i1p1f1,2049,11,20,0.0,14.441374,1.2882501,2049
12743,r3i1p1f1,2049,11,21,0.0,15.556316,2.8374908,2049
12744,r3i1p1f1,2049,11,22,0.0,14.059489,2.3818216,2049
12745,r3i1p1f1,2049,11,23,0.16991271110314163,14.458684,3.4427729,2049
12746,r3i1p1f1,2049,11,24,0.23003408963135866,14.122322,2.5916498,2049
12747,r3i1p1f1,2049,11,25,0.0005800497059350495,14.84085,2.7266848,2049
12748,r3i1p1f1,2049,11,26,0.8329859204174757,14.916945,4.4645686,2049
12749,r3i1p1f1,2049,11,27,5.782680626707588,14.316418,3.8521566,2049
12750,r3i1p1f1,2049,11,28,37.995996451513335,13.517751,7.1774383,2049
12751,r3i1p1f1,2049,11,29,0.4686583307132726,13.283303,1.835731,2049
12752,r3i1p1f1,2049,11,30,0.0,13.472087,0.042008135,2049
12753,r3i1p1f1,2049,12,01,0.0,14.944853,1.794919,2049
12754,r3i1p1f1,2049,12,02,0.6491778373939187,14.872418,4.0747824,2049
12755,r3i1p1f1,2049,12,03,1.3316869500660247,15.774272,4.7163525,2049
12756,r3i1p1f1,2049,12,04,35.27073002058994,16.24,9.990106,2049
12757,r3i1p1f1,2049,12,05,7.425001525835162,14.477246,5.88305,2049
12758,r3i1p1f1,2049,12,06,8.704006839988958,12.72617,4.438126,2049
12759,r3i1p1f1,2049,12,07,0.10509776363995005,10.7481785,0.42961636,2049
12760,r3i1p1f1,2049,12,08,0.0,10.050369,-2.6546493,2049
12761,r3i1p1f1,2049,12,09,20.664583546002344,10.0746355,1.5455157,2049
12762,r3i1p1f1,2049,12,10,31.6882210020677,10.860541,3.9532359,2049
12763,r3i1p1f1,2049,12,11,16.868039821705622,17.234015,6.446912,2049
12764,r3i1p1f1,2049,12,12,11.928935571892605,19.194637,11.738866,2049
12765,r3i1p1f1,2049,12,13,0.21970921416747538,15.931029,4.007036,2049
12766,r3i1p1f1,2049,12,14,0.0,13.870961,0.7133704,2049
12767,r3i1p1f1,2049,12,15,0.0,12.798445,1.9364338,2049
12768,r3i1p1f1,2049,12,16,0.0,14.876461,1.9358945,2049
12769,r3i1p1f1,2049,12,17,0.0,16.322533,3.7275953,2049
12770,r3i1p1f1,2049,12,18,0.0,16.77211,3.710324,2049
12771,r3i1p1f1,2049,12,19,10.803353117812206,16.66416,7.012259,2049
12772,r3i1p1f1,2049,12,20,3.2094386459088624,12.22825,3.648439,2049
12773,r3i1p1f1,2049,12,21,0.05392262925108133,10.339047,0.3300079,2049
12774,r3i1p1f1,2049,12,22,9.485780848422799,10.885215,2.3451493,2049
12775,r3i1p1f1,2049,12,23,8.02949434313632,8.677068,1.7873485,2049
12776,r3i1p1f1,2049,12,24,0.9573776116744601,7.7550416,-0.36930037,2049
12777,r3i1p1f1,2049,12,25,0.0,10.659745,-1.8634545,2049
12778,r3i1p1f1,2049,12,26,0.0,10.113191,-1.9539979,2049
12779,r3i1p1f1,2049,12,27,0.0,11.651973,-0.14941268,2049
12780,r3i1p1f1,2049,12,28,0.028136820736549314,10.24763,-0.9689703,2049
12781,r3i1p1f1,2049,12,29,0.0,9.178542,-3.1836643,2049
12782,r3i1p1f1,2049,12,30,1.446286440671732,9.2569685,-1.4630659,2049
12783,r3i1p1f1,2049,12,31,0.0,11.908843,0.03863428,2049
12784,r3i1p1f1,2050,01,01,0.0,12.333163,0.49130356,2050
12785,r3i1p1f1,2050,01,02,0.0,15.678311,2.482981,2050
12786,r3i1p1f1,2050,01,03,0.0,18.798405,5.319612,2050
12787,r3i1p1f1,2050,01,04,0.0,19.263329,6.0863843,2050
12788,r3i1p1f1,2050,01,05,0.0,17.554306,5.494302,2050
12789,r3i1p1f1,2050,01,06,0.04030322032507904,15.621549,4.1324224,2050
12790,r3i1p1f1,2050,01,07,0.0,13.278897,1.6600767,2050
12791,r3i1p1f1,2050,01,08,0.0,14.874488,2.8165846,2050
12792,r3i1p1f1,2050,01,09,0.0052911404407385626,15.498881,2.2951837,2050
12793,r3i1p1f1,2050,01,10,2.4004892261941815,15.78545,5.787368,2050
12794,r3i1p1f1,2050,01,11,0.07266967393661616,15.297301,5.984492,2050
12795,r3i1p1f1,2050,01,12,24.872358908497848,16.68875,10.152511,2050
12796,r3i1p1f1,2050,01,13,0.0,15.193891,2.7676911,2050
12797,r3i1p1f1,2050,01,14,0.0,14.691971,1.8187587,2050
12798,r3i1p1f1,2050,01,15,0.0,16.72223,4.2634835,2050
12799,r3i1p1f1,2050,01,16,0.000365728769931152,14.979053,3.0154655,2050
12800,r3i1p1f1,2050,01,17,15.275153671413356,11.904286,5.104097,2050
12801,r3i1p1f1,2050,01,18,0.22293868893581076,11.565974,1.9598198,2050
12802,r3i1p1f1,2050,01,19,22.20201356922079,11.665208,4.989724,2050
12803,r3i1p1f1,2050,01,20,5.561161846501019,9.857637,0.34499794,2050
12804,r3i1p1f1,2050,01,21,15.400769304335082,12.717781,3.9314678,2050
12805,r3i1p1f1,2050,01,22,29.88982051012244,12.128115,6.75689,2050
12806,r3i1p1f1,2050,01,23,0.032298077095412846,11.732174,0.62330717,2050
12807,r3i1p1f1,2050,01,24,0.0,13.20034,0.40063602,2050
12808,r3i1p1f1,2050,01,25,0.0,14.408121,2.677656,2050
12809,r3i1p1f1,2050,01,26,0.0,14.730317,1.8885608,2050
12810,r3i1p1f1,2050,01,27,0.0,15.61577,2.1753767,2050
12811,r3i1p1f1,2050,01,28,0.0,16.76827,3.338953,2050
12812,r3i1p1f1,2050,01,29,0.0,18.626974,5.515096,2050
12813,r3i1p1f1,2050,01,30,0.0,17.776964,4.2353535,2050
12814,r3i1p1f1,2050,01,31,0.03309616985489177,12.9306555,3.417294,2050
12815,r3i1p1f1,2050,02,01,0.0,13.199679,-0.77902406,2050
12816,r3i1p1f1,2050,02,02,0.0,14.559633,-0.03858441,2050
12817,r3i1p1f1,2050,02,03,0.0,15.347917,1.9953532,2050
12818,r3i1p1f1,2050,02,04,0.024423974848551126,14.601644,4.114127,2050
12819,r3i1p1f1,2050,02,05,36.220026376531955,14.383431,4.684069,2050
12820,r3i1p1f1,2050,02,06,49.09343127216854,15.517312,9.389291,2050
12821,r3i1p1f1,2050,02,07,19.105458954328434,14.24997,6.223526,2050
12822,r3i1p1f1,2050,02,08,0.0,12.170261,-1.2171336,2050
12823,r3i1p1f1,2050,02,09,0.0,12.271119,-0.10570484,2050
12824,r3i1p1f1,2050,02,10,0.0,12.306564,0.3011096,2050
12825,r3i1p1f1,2050,02,11,0.0,11.744554,-0.9063663,2050
12826,r3i1p1f1,2050,02,12,0.0005515811128795824,14.033928,3.0489132,2050
12827,r3i1p1f1,2050,02,13,0.0,14.889891,0.9508707,2050
12828,r3i1p1f1,2050,02,14,0.003716742274153865,17.042316,3.049936,2050
12829,r3i1p1f1,2050,02,15,0.0,17.131676,2.659743,2050
12830,r3i1p1f1,2050,02,16,5.9963720778504275,16.96366,5.5181494,2050
12831,r3i1p1f1,2050,02,17,13.624334182082253,13.799079,6.9200373,2050
12832,r3i1p1f1,2050,02,18,0.4329433557700902,11.300953,1.4863213,2050
12833,r3i1p1f1,2050,02,19,0.0,13.853138,-0.6155141,2050
12834,r3i1p1f1,2050,02,20,0.0,16.801395,3.3352387,2050
12835,r3i1p1f1,2050,02,21,0.004165604371916164,15.8866825,3.7680705,2050
12836,r3i1p1f1,2050,02,22,0.0,13.903672,0.95923316,2050
12837,r3i1p1f1,2050,02,23,0.0,16.525429,1.1807389,2050
12838,r3i1p1f1,2050,02,24,0.06770432863876605,15.997788,2.5591805,2050
12839,r3i1p1f1,2050,02,25,43.39178561183926,13.199535,5.498614,2050
12840,r3i1p1f1,2050,02,26,19.070086380692594,14.310869,3.7012231,2050
12841,r3i1p1f1,2050,02,27,17.713862798896805,16.502373,6.2944255,2050
12842,r3i1p1f1,2050,02,28,22.270750759141237,14.050137,5.5227585,2050
12843,r3i1p1f1,2050,03,01,9.890808220844713,9.85951,2.2975297,2050
12844,r3i1p1f1,2050,03,02,0.15532516861970758,12.716158,-0.71366256,2050
12845,r3i1p1f1,2050,03,03,2.2777753524507136,13.598038,0.9612341,2050
12846,r3i1p1f1,2050,03,04,17.407300991315314,10.359591,3.64395,2050
12847,r3i1p1f1,2050,03,05,1.9931713238364672,10.922919,-3.2215095,2050
12848,r3i1p1f1,2050,03,06,0.16647257018176428,11.434952,-0.91477984,2050
12849,r3i1p1f1,2050,03,07,0.4301455728956639,13.317189,0.55635816,2050
12850,r3i1p1f1,2050,03,08,0.0,16.918789,-2.011346,2050
12851,r3i1p1f1,2050,03,09,0.026275788598771516,16.112652,1.7089212,2050
12852,r3i1p1f1,2050,03,10,8.167195899860058,12.804219,1.0148047,2050
12853,r3i1p1f1,2050,03,11,0.2500045628072588,13.761327,1.1362948,2050
12854,r3i1p1f1,2050,03,12,0.0,17.544853,0.12093288,2050
12855,r3i1p1f1,2050,03,13,0.0033201167102423356,17.056206,3.3996344,2050
12856,r3i1p1f1,2050,03,14,0.026382562337499676,17.711805,1.5110346,2050
12857,r3i1p1f1,2050,03,15,0.0,17.883158,2.422153,2050
12858,r3i1p1f1,2050,03,16,0.0,18.933332,2.4795167,2050
12859,r3i1p1f1,2050,03,17,0.0,19.565636,3.8169696,2050
12860,r3i1p1f1,2050,03,18,0.33033083715791334,20.636814,3.6740391,2050
12861,r3i1p1f1,2050,03,19,37.69251463899502,17.795303,5.8475275,2050
12862,r3i1p1f1,2050,03,20,24.420594434772998,15.901375,5.3544683,2050
12863,r3i1p1f1,2050,03,21,14.331175820870241,12.967077,4.4480143,2050
12864,r3i1p1f1,2050,03,22,27.524770070387714,13.074598,5.326925,2050
12865,r3i1p1f1,2050,03,23,3.984917842673522,12.86983,2.0372746,2050
12866,r3i1p1f1,2050,03,24,0.5150621875798772,15.03873,0.28338736,2050
12867,r3i1p1f1,2050,03,25,0.0,18.392109,0.5525124,2050
12868,r3i1p1f1,2050,03,26,7.857210785097612,16.567081,4.208395,2050
12869,r3i1p1f1,2050,03,27,15.813357958716301,14.195582,5.3358264,2050
12870,r3i1p1f1,2050,03,28,4.807092319938282,13.182516,3.1081722,2050
12871,r3i1p1f1,2050,03,29,0.07581397346009246,14.740295,0.5752317,2050
12872,r3i1p1f1,2050,03,30,0.0,18.665335,1.439021,2050
12873,r3i1p1f1,2050,03,31,0.08943237441461392,18.204382,3.3087528,2050
12874,r3i1p1f1,2050,04,01,0.3027968767194331,16.248825,4.1594396,2050
12875,r3i1p1f1,2050,04,02,0.0,13.2889595,1.5046803,2050
12876,r3i1p1f1,2050,04,03,0.0,16.722158,1.111366,2050
12877,r3i1p1f1,2050,04,04,0.0,19.439491,2.7224507,2050
12878,r3i1p1f1,2050,04,05,0.0,20.693813,4.5035324,2050
12879,r3i1p1f1,2050,04,06,0.0,23.73407,5.5825067,2050
12880,r3i1p1f1,2050,04,07,0.0,23.421688,6.089528,2050
12881,r3i1p1f1,2050,04,08,0.0,25.087093,7.372068,2050
12882,r3i1p1f1,2050,04,09,0.0,27.752127,10.044678,2050
12883,r3i1p1f1,2050,04,10,0.0,29.193556,11.140892,2050
12884,r3i1p1f1,2050,04,11,0.0,30.778118,12.082707,2050
12885,r3i1p1f1,2050,04,12,0.0,32.601902,13.039931,2050
12886,r3i1p1f1,2050,04,13,0.0,31.396278,12.074534,2050
12887,r3i1p1f1,2050,04,14,0.0,28.538483,8.595446,2050
12888,r3i1p1f1,2050,04,15,0.002809761384868938,23.656734,6.3591714,2050
12889,r3i1p1f1,2050,04,16,0.0,26.317375,6.8463254,2050
12890,r3i1p1f1,2050,04,17,0.0,30.50996,10.067375,2050
12891,r3i1p1f1,2050,04,18,0.0,32.9235,12.867457,2050
12892,r3i1p1f1,2050,04,19,0.0,31.830639,11.606965,2050
12893,r3i1p1f1,2050,04,20,0.0,28.585907,9.355321,2050
12894,r3i1p1f1,2050,04,21,0.0,29.977617,10.286151,2050
12895,r3i1p1f1,2050,04,22,0.0,29.244076,9.855996,2050
12896,r3i1p1f1,2050,04,23,0.0,23.657454,5.6463404,2050
12897,r3i1p1f1,2050,04,24,0.0,22.3285,5.439379,2050
12898,r3i1p1f1,2050,04,25,0.33984037717318366,20.489264,4.7174406,2050
12899,r3i1p1f1,2050,04,26,0.0015180514222293189,23.148523,5.0069895,2050
12900,r3i1p1f1,2050,04,27,0.0,23.45107,5.7023087,2050
12901,r3i1p1f1,2050,04,28,0.0,21.737736,4.450861,2050
12902,r3i1p1f1,2050,04,29,0.0,24.422451,6.5030274,2050
12903,r3i1p1f1,2050,04,30,0.0,29.258793,9.330478,2050
12904,r3i1p1f1,2050,05,01,0.0,32.057373,12.367213,2050
12905,r3i1p1f1,2050,05,02,0.0,32.240414,13.347237,2050
12906,r3i1p1f1,2050,05,03,0.0,30.800842,12.336237,2050
12907,r3i1p1f1,2050,05,04,0.0,26.431175,8.528293,2050
12908,r3i1p1f1,2050,05,05,0.0,29.760065,10.369837,2050
12909,r3i1p1f1,2050,05,06,0.0,29.89215,11.583416,2050
12910,r3i1p1f1,2050,05,07,0.0,28.275906,10.244977,2050
12911,r3i1p1f1,2050,05,08,0.0,24.031614,6.14611,2050
12912,r3i1p1f1,2050,05,09,0.0,28.78104,9.276751,2050
12913,r3i1p1f1,2050,05,10,0.0,28.817205,10.709188,2050
12914,r3i1p1f1,2050,05,11,0.27648592258684046,22.698767,7.1900415,2050
12915,r3i1p1f1,2050,05,12,0.12124760458556755,17.374214,3.7218277,2050
12916,r3i1p1f1,2050,05,13,0.0,22.050135,3.2845223,2050
12917,r3i1p1f1,2050,05,14,0.0,26.930183,7.6017337,2050
12918,r3i1p1f1,2050,05,15,0.0,30.561392,11.084183,2050
12919,r3i1p1f1,2050,05,16,0.0,32.167892,12.301031,2050
12920,r3i1p1f1,2050,05,17,0.0,32.139263,12.027934,2050
12921,r3i1p1f1,2050,05,18,0.0,31.441484,11.646383,2050
12922,r3i1p1f1,2050,05,19,0.0,31.022667,11.150553,2050
12923,r3i1p1f1,2050,05,20,0.0,33.579014,13.331869,2050
12924,r3i1p1f1,2050,05,21,0.0,36.32051,15.956451,2050
12925,r3i1p1f1,2050,05,22,0.0,35.02906,16.018408,2050
12926,r3i1p1f1,2050,05,23,0.0,30.996847,11.908828,2050
12927,r3i1p1f1,2050,05,24,0.0,31.117887,11.103638,2050
12928,r3i1p1f1,2050,05,25,0.0,35.490143,14.845427,2050
12929,r3i1p1f1,2050,05,26,0.0,36.219906,16.237244,2050
12930,r3i1p1f1,2050,05,27,0.0,36.409523,16.41207,2050
12931,r3i1p1f1,2050,05,28,0.0,36.783573,16.980726,2050
12932,r3i1p1f1,2050,05,29,0.0,35.339252,15.939962,2050
12933,r3i1p1f1,2050,05,30,0.0,33.60161,13.446567,2050
12934,r3i1p1f1,2050,05,31,0.0,33.84009,14.138852,2050
12935,r3i1p1f1,2050,06,01,0.0,35.141193,14.359663,2050
12936,r3i1p1f1,2050,06,02,0.0,35.40342,14.624088,2050
12937,r3i1p1f1,2050,06,03,0.0,35.00811,14.178583,2050
12938,r3i1p1f1,2050,06,04,0.0,33.85722,14.392555,2050
12939,r3i1p1f1,2050,06,05,0.0,31.375673,12.764237,2050
12940,r3i1p1f1,2050,06,06,0.0,26.390453,9.47493,2050
12941,r3i1p1f1,2050,06,07,0.0,27.352743,9.134557,2050
12942,r3i1p1f1,2050,06,08,0.0,28.94184,10.059957,2050
12943,r3i1p1f1,2050,06,09,0.0,32.667595,12.134913,2050
12944,r3i1p1f1,2050,06,10,0.0,32.62102,13.0605955,2050
12945,r3i1p1f1,2050,06,11,0.0,31.401016,12.816012,2050
12946,r3i1p1f1,2050,06,12,0.0,28.72117,11.04956,2050
12947,r3i1p1f1,2050,06,13,0.0,31.735325,13.566376,2050
12948,r3i1p1f1,2050,06,14,0.0,35.671547,13.984833,2050
12949,r3i1p1f1,2050,06,15,0.0,35.47389,16.34844,2050
12950,r3i1p1f1,2050,06,16,0.0,33.400734,13.237026,2050
12951,r3i1p1f1,2050,06,17,0.0,28.95476,10.863188,2050
12952,r3i1p1f1,2050,06,18,0.0,27.255653,9.548326,2050
12953,r3i1p1f1,2050,06,19,0.0,29.189938,10.594812,2050
12954,r3i1p1f1,2050,06,20,0.0,32.585327,13.287092,2050
12955,r3i1p1f1,2050,06,21,0.0,32.010017,13.546424,2050
12956,r3i1p1f1,2050,06,22,0.0,34.014133,15.213442,2050
12957,r3i1p1f1,2050,06,23,0.0,33.11399,15.025281,2050
12958,r3i1p1f1,2050,06,24,0.0,32.390232,13.261891,2050
12959,r3i1p1f1,2050,06,25,0.0,36.24367,15.443485,2050
12960,r3i1p1f1,2050,06,26,0.0,36.48188,15.124939,2050
12961,r3i1p1f1,2050,06,27,0.0,34.00938,13.996078,2050
12962,r3i1p1f1,2050,06,28,0.0,29.64877,11.837662,2050
12963,r3i1p1f1,2050,06,29,0.0,32.245895,14.024597,2050
12964,r3i1p1f1,2050,06,30,0.0,33.926018,15.581161,2050
12965,r3i1p1f1,2050,07,01,0.0,36.0362,16.725147,2050
12966,r3i1p1f1,2050,07,02,0.0,38.03499,18.119787,2050
12967,r3i1p1f1,2050,07,03,0.0,39.70986,18.72009,2050
12968,r3i1p1f1,2050,07,04,0.0,39.234547,19.416033,2050
12969,r3i1p1f1,2050,07,05,0.0,37.96254,17.631565,2050
12970,r3i1p1f1,2050,07,06,0.0,36.643787,17.505753,2050
12971,r3i1p1f1,2050,07,07,0.0,39.547726,21.30829,2050
12972,r3i1p1f1,2050,07,08,0.0,40.814404,19.901436,2050
12973,r3i1p1f1,2050,07,09,0.0,39.275005,18.991446,2050
12974,r3i1p1f1,2050,07,10,0.0,33.24593,16.119053,2050
12975,r3i1p1f1,2050,07,11,0.0,32.50048,15.687412,2050
12976,r3i1p1f1,2050,07,12,0.0,31.249123,14.6326065,2050
12977,r3i1p1f1,2050,07,13,0.0,30.440376,13.865133,2050
12978,r3i1p1f1,2050,07,14,0.0,32.68714,14.9180155,2050
12979,r3i1p1f1,2050,07,15,0.0024629314165477726,36.494827,17.571615,2050
12980,r3i1p1f1,2050,07,16,0.0,38.326046,20.190687,2050
12981,r3i1p1f1,2050,07,17,0.0,38.52164,20.040033,2050
12982,r3i1p1f1,2050,07,18,0.0,37.694103,19.253204,2050
12983,r3i1p1f1,2050,07,19,0.0,34.76924,17.62602,2050
12984,r3i1p1f1,2050,07,20,0.0,34.019844,16.8667,2050
12985,r3i1p1f1,2050,07,21,0.0,33.940796,16.310328,2050
12986,r3i1p1f1,2050,07,22,0.0,35.43617,16.89838,2050
12987,r3i1p1f1,2050,07,23,0.0,36.121845,18.280933,2050
12988,r3i1p1f1,2050,07,24,0.0,35.65067,18.86934,2050
12989,r3i1p1f1,2050,07,25,0.0,32.18037,14.68519,2050
12990,r3i1p1f1,2050,07,26,0.0,32.73979,15.449013,2050
12991,r3i1p1f1,2050,07,27,0.0,32.78909,15.749576,2050
12992,r3i1p1f1,2050,07,28,0.0,34.44643,16.39278,2050
12993,r3i1p1f1,2050,07,29,0.0,34.5306,17.09122,2050
12994,r3i1p1f1,2050,07,30,0.0,34.10778,16.900066,2050
12995,r3i1p1f1,2050,07,31,0.0,33.821716,16.87105,2050
12996,r3i1p1f1,2050,08,01,0.0,36.080673,17.657227,2050
12997,r3i1p1f1,2050,08,02,0.0,36.30278,17.583141,2050
12998,r3i1p1f1,2050,08,03,0.0,35.478737,16.821207,2050
12999,r3i1p1f1,2050,08,04,0.0,34.739902,16.43301,2050
13000,r3i1p1f1,2050,08,05,0.0,34.68976,16.613237,2050
13001,r3i1p1f1,2050,08,06,0.0,33.658432,16.154945,2050
13002,r3i1p1f1,2050,08,07,0.0,34.569263,16.347174,2050
13003,r3i1p1f1,2050,08,08,0.0,36.94797,17.507822,2050
13004,r3i1p1f1,2050,08,09,0.0,37.770172,18.174889,2050
13005,r3i1p1f1,2050,08,10,0.0,36.326233,17.698801,2050
13006,r3i1p1f1,2050,08,11,0.0,36.70158,18.033758,2050
13007,r3i1p1f1,2050,08,12,0.0,36.975613,17.770315,2050
13008,r3i1p1f1,2050,08,13,0.0,36.8816,17.566751,2050
13009,r3i1p1f1,2050,08,14,0.0,36.082893,16.219501,2050
13010,r3i1p1f1,2050,08,15,0.0,34.303772,16.16873,2050
13011,r3i1p1f1,2050,08,16,0.5445667040167432,33.38766,16.502249,2050
13012,r3i1p1f1,2050,08,17,0.4210484139603619,32.925064,16.060577,2050
13013,r3i1p1f1,2050,08,18,0.3728620484727082,31.338778,17.018702,2050
13014,r3i1p1f1,2050,08,19,0.0,29.44549,12.927636,2050
13015,r3i1p1f1,2050,08,20,0.0,31.214481,13.907202,2050
13016,r3i1p1f1,2050,08,21,0.0,30.048016,13.46711,2050
13017,r3i1p1f1,2050,08,22,0.0,29.040358,13.512418,2050
13018,r3i1p1f1,2050,08,23,0.0,28.722738,11.724296,2050
13019,r3i1p1f1,2050,08,24,0.0,27.965374,11.704854,2050
13020,r3i1p1f1,2050,08,25,0.0,26.869661,10.999822,2050
13021,r3i1p1f1,2050,08,26,0.0,25.57222,11.27077,2050
13022,r3i1p1f1,2050,08,27,0.0,28.272142,10.795276,2050
13023,r3i1p1f1,2050,08,28,0.0,29.12682,12.417924,2050
13024,r3i1p1f1,2050,08,29,0.0,30.504107,13.5713005,2050
13025,r3i1p1f1,2050,08,30,0.0,31.419437,13.904423,2050
13026,r3i1p1f1,2050,08,31,0.0,32.534145,14.019992,2050
13027,r3i1p1f1,2050,09,01,0.0,33.44622,16.072418,2050
13028,r3i1p1f1,2050,09,02,0.0,34.229733,17.14166,2050
13029,r3i1p1f1,2050,09,03,0.0,34.183083,16.419748,2050
13030,r3i1p1f1,2050,09,04,0.0,32.652523,15.484084,2050
13031,r3i1p1f1,2050,09,05,0.0,30.901476,14.634136,2050
13032,r3i1p1f1,2050,09,06,0.0,33.966183,14.787914,2050
13033,r3i1p1f1,2050,09,07,0.0,35.91627,16.968805,2050
13034,r3i1p1f1,2050,09,08,0.0010208364322104237,33.441826,18.529757,2050
13035,r3i1p1f1,2050,09,09,0.0003400680637269309,31.018656,14.314888,2050
13036,r3i1p1f1,2050,09,10,0.0,31.619787,16.853598,2050
13037,r3i1p1f1,2050,09,11,0.8318366389192472,29.256832,15.474365,2050
13038,r3i1p1f1,2050,09,12,0.011960667655909096,32.665462,16.928087,2050
13039,r3i1p1f1,2050,09,13,0.010034167983879646,33.52188,18.00662,2050
13040,r3i1p1f1,2050,09,14,0.3083004071871101,32.97102,16.681988,2050
13041,r3i1p1f1,2050,09,15,0.06813122835768753,32.364395,14.987218,2050
13042,r3i1p1f1,2050,09,16,0.0,32.254215,14.393007,2050
13043,r3i1p1f1,2050,09,17,0.09037490776267298,33.95385,16.602518,2050
13044,r3i1p1f1,2050,09,18,0.023904659407862433,34.680668,17.791063,2050
13045,r3i1p1f1,2050,09,19,0.0,33.249947,16.184908,2050
13046,r3i1p1f1,2050,09,20,0.00022350635845214128,31.575947,15.321449,2050
13047,r3i1p1f1,2050,09,21,0.0,33.696617,17.49606,2050
13048,r3i1p1f1,2050,09,22,0.19901348614384365,32.10434,15.966923,2050
13049,r3i1p1f1,2050,09,23,10.476692170768247,26.79794,14.101479,2050
13050,r3i1p1f1,2050,09,24,1.3812848005093683,23.324505,10.374002,2050
13051,r3i1p1f1,2050,09,25,0.001973674917473655,26.133476,11.232497,2050
13052,r3i1p1f1,2050,09,26,0.41312176252672955,28.166328,13.468429,2050
13053,r3i1p1f1,2050,09,27,0.17611072106360967,32.835163,15.784066,2050
13054,r3i1p1f1,2050,09,28,1.686841381855574,34.04681,16.503542,2050
13055,r3i1p1f1,2050,09,29,0.4747393115151984,33.55763,15.91483,2050
13056,r3i1p1f1,2050,09,30,3.8507417793075684,29.389355,16.014023,2050
13057,r3i1p1f1,2050,10,01,24.374630592871902,25.359884,12.407877,2050
13058,r3i1p1f1,2050,10,02,31.690964237875022,22.705938,11.013526,2050
13059,r3i1p1f1,2050,10,03,19.217140169410303,21.936935,11.42211,2050
13060,r3i1p1f1,2050,10,04,13.657835379580678,22.459717,11.033247,2050
13061,r3i1p1f1,2050,10,05,6.126369101865831,21.556839,9.6889715,2050
13062,r3i1p1f1,2050,10,06,0.3126568676598805,21.057373,8.728867,2050
13063,r3i1p1f1,2050,10,07,0.013202048196972377,23.484774,10.157911,2050
13064,r3i1p1f1,2050,10,08,0.04592361127971813,26.638903,13.525528,2050
13065,r3i1p1f1,2050,10,09,0.023498078256979527,26.498096,13.61283,2050
13066,r3i1p1f1,2050,10,10,0.0,25.925646,12.346106,2050
13067,r3i1p1f1,2050,10,11,0.0311695986557893,24.378159,11.095246,2050
13068,r3i1p1f1,2050,10,12,0.0,22.258274,9.433133,2050
13069,r3i1p1f1,2050,10,13,0.0,25.42681,11.191123,2050
13070,r3i1p1f1,2050,10,14,0.0,26.025196,11.374626,2050
13071,r3i1p1f1,2050,10,15,0.0,26.926704,11.61313,2050
13072,r3i1p1f1,2050,10,16,0.0,29.597145,12.354862,2050
13073,r3i1p1f1,2050,10,17,0.015959627670588707,28.292042,13.296055,2050
13074,r3i1p1f1,2050,10,18,0.007534421540295818,22.440327,9.482357,2050
13075,r3i1p1f1,2050,10,19,0.0,20.876852,7.1290965,2050
13076,r3i1p1f1,2050,10,20,0.0,23.850657,8.2148285,2050
13077,r3i1p1f1,2050,10,21,0.0,25.94707,9.338042,2050
13078,r3i1p1f1,2050,10,22,0.0,26.350817,11.047878,2050
13079,r3i1p1f1,2050,10,23,0.0,25.001284,8.946425,2050
13080,r3i1p1f1,2050,10,24,0.0,27.13195,10.366669,2050
13081,r3i1p1f1,2050,10,25,0.0,25.397558,11.02651,2050
13082,r3i1p1f1,2050,10,26,0.00037827608497481737,24.700417,11.374818,2050
13083,r3i1p1f1,2050,10,27,0.011748107146669292,19.893188,5.9755154,2050
13084,r3i1p1f1,2050,10,28,0.0,18.181967,5.312864,2050
13085,r3i1p1f1,2050,10,29,0.006198856439864771,19.86056,7.237938,2050
13086,r3i1p1f1,2050,10,30,0.0,24.272512,7.0150356,2050
13087,r3i1p1f1,2050,10,31,0.0,23.573578,7.34503,2050
13088,r3i1p1f1,2050,11,01,0.0005828792398626155,20.712994,8.670205,2050
13089,r3i1p1f1,2050,11,02,0.06412355643106186,20.699982,8.447721,2050
13090,r3i1p1f1,2050,11,03,0.0,22.817806,5.958476,2050
13091,r3i1p1f1,2050,11,04,0.0,23.241587,7.905132,2050
13092,r3i1p1f1,2050,11,05,1.7771604298281036,21.003574,7.778702,2050
13093,r3i1p1f1,2050,11,06,7.215266500030394,13.252118,3.9649463,2050
13094,r3i1p1f1,2050,11,07,0.013409939710982144,14.357222,3.204795,2050
13095,r3i1p1f1,2050,11,08,1.2177734343298874,16.042597,6.2581973,2050
13096,r3i1p1f1,2050,11,09,0.3341326510593662,13.980016,2.3518674,2050
13097,r3i1p1f1,2050,11,10,0.010267206869850104,16.768568,4.354167,2050
13098,r3i1p1f1,2050,11,11,0.0,19.196129,4.8237185,2050
13099,r3i1p1f1,2050,11,12,0.006680916950713392,18.017933,5.3343735,2050
13100,r3i1p1f1,2050,11,13,0.0,12.718583,1.4097224,2050
13101,r3i1p1f1,2050,11,14,0.0,12.905778,-0.40356076,2050
13102,r3i1p1f1,2050,11,15,0.0,17.943493,2.9946296,2050
13103,r3i1p1f1,2050,11,16,0.0,20.709503,5.532285,2050
13104,r3i1p1f1,2050,11,17,0.0,21.833727,6.922225,2050
13105,r3i1p1f1,2050,11,18,0.0,21.663136,6.480602,2050
13106,r3i1p1f1,2050,11,19,0.0,20.84081,5.55217,2050
13107,r3i1p1f1,2050,11,20,0.0,18.524446,3.867526,2050
13108,r3i1p1f1,2050,11,21,0.0,16.421734,-0.24532889,2050
13109,r3i1p1f1,2050,11,22,0.0,19.075268,1.882412,2050
13110,r3i1p1f1,2050,11,23,0.0,19.68779,4.037316,2050
13111,r3i1p1f1,2050,11,24,0.0,18.363966,1.4284892,2050
13112,r3i1p1f1,2050,11,25,0.0,18.638868,1.7430114,2050
13113,r3i1p1f1,2050,11,26,0.0,19.887093,6.0152416,2050
13114,r3i1p1f1,2050,11,27,0.0,17.344357,1.4677627,2050
13115,r3i1p1f1,2050,11,28,6.50817101035059,11.553692,1.3701524,2050
13116,r3i1p1f1,2050,11,29,8.360125309929682,14.192026,2.8241184,2050
13117,r3i1p1f1,2050,11,30,13.600783421383257,14.716756,3.8818204,2050
13118,r3i1p1f1,2050,12,01,15.175171408380706,14.375838,6.8295946,2050
13119,r3i1p1f1,2050,12,02,0.5529170780099583,15.013988,5.74546,2050
13120,r3i1p1f1,2050,12,03,0.0,14.003947,2.5704443,2050
13121,r3i1p1f1,2050,12,04,4.234717124041212,13.089139,4.6844635,2050
13122,r3i1p1f1,2050,12,05,5.1620813155022915,13.411432,4.22191,2050
13123,r3i1p1f1,2050,12,06,1.0176993497432043,13.801329,3.5013592,2050
13124,r3i1p1f1,2050,12,07,1.67036391149712,13.91529,4.5962167,2050
13125,r3i1p1f1,2050,12,08,0.0,9.202461,-1.6272609,2050
13126,r3i1p1f1,2050,12,09,0.0026824624475204582,7.9085298,-2.660541,2050
13127,r3i1p1f1,2050,12,10,0.0,10.135575,-2.9782314,2050
13128,r3i1p1f1,2050,12,11,0.0,9.218034,-2.5015848,2050
13129,r3i1p1f1,2050,12,12,0.0,9.746123,1.5968773,2050
13130,r3i1p1f1,2050,12,13,0.01439766335048868,14.320801,3.3153064,2050
13131,r3i1p1f1,2050,12,14,0.09088926902260634,14.355641,2.0093772,2050
13132,r3i1p1f1,2050,12,15,0.2396412606211732,13.588687,2.0606332,2050
13133,r3i1p1f1,2050,12,16,1.3389554416023726,11.622606,3.534755,2050
13134,r3i1p1f1,2050,12,17,0.0,9.499931,-1.3044922,2050
13135,r3i1p1f1,2050,12,18,0.0,10.635446,-1.8493439,2050
13136,r3i1p1f1,2050,12,19,0.0,14.590349,1.2660669,2050
13137,r3i1p1f1,2050,12,20,0.0,17.007036,3.7797103,2050
13138,r3i1p1f1,2050,12,21,0.0,17.349228,4.459227,2050
13139,r3i1p1f1,2050,12,22,0.0,16.88763,3.9401677,2050
13140,r3i1p1f1,2050,12,23,0.00577023746727994,14.34395,3.7100172,2050
13141,r3i1p1f1,2050,12,24,0.0,13.673489,2.459265,2050
13142,r3i1p1f1,2050,12,25,0.0024617454707340307,13.3133135,0.5817854,2050
13143,r3i1p1f1,2050,12,26,0.0003235439571929446,11.995196,-0.47952995,2050
13144,r3i1p1f1,2050,12,27,0.0,9.016337,-1.1789564,2050
13145,r3i1p1f1,2050,12,28,0.0,9.752066,-2.9552863,2050
13146,r3i1p1f1,2050,12,29,0.0,9.86704,-1.853871,2050
13147,r3i1p1f1,2050,12,30,0.015012722605289045,9.599824,-2.7710776,2050
13148,r3i1p1f1,2050,12,31,0.0,8.928553,-3.6037126,2050
13149,r3i1p1f1,2051,01,01,0.0,10.443995,-2.9217951,2051
13150,r3i1p1f1,2051,01,02,0.0,12.652054,-1.2154757,2051
13151,r3i1p1f1,2051,01,03,0.0,12.822968,-0.6613696,2051
13152,r3i1p1f1,2051,01,04,0.0,13.576056,-0.73567665,2051
13153,r3i1p1f1,2051,01,05,0.008407535286537357,11.729993,0.4888523,2051
13154,r3i1p1f1,2051,01,06,0.1042705264924073,11.053408,2.5538602,2051
13155,r3i1p1f1,2051,01,07,0.04838629312210039,11.814564,4.0100026,2051
13156,r3i1p1f1,2051,01,08,0.09879918296505683,16.96775,2.4677336,2051
13157,r3i1p1f1,2051,01,09,0.0,15.486099,3.4292283,2051
13158,r3i1p1f1,2051,01,10,0.0,18.638504,3.563765,2051
13159,r3i1p1f1,2051,01,11,0.0,19.069324,4.308651,2051
13160,r3i1p1f1,2051,01,12,0.0,19.103924,3.8970144,2051
13161,r3i1p1f1,2051,01,13,1.1975961724745117,17.421629,5.742798,2051
13162,r3i1p1f1,2051,01,14,0.011928976040728616,13.815456,3.415404,2051
13163,r3i1p1f1,2051,01,15,0.14999530024369684,14.768897,4.6702027,2051
13164,r3i1p1f1,2051,01,16,0.0,15.254873,3.7234168,2051
13165,r3i1p1f1,2051,01,17,13.303084928422432,15.445917,7.4824347,2051
13166,r3i1p1f1,2051,01,18,1.0024223286558427,14.35063,7.259277,2051
13167,r3i1p1f1,2051,01,19,0.0,13.655519,1.8420882,2051
13168,r3i1p1f1,2051,01,20,0.0,13.657216,1.5976701,2051
13169,r3i1p1f1,2051,01,21,0.16332949298719707,13.129988,3.7210622,2051
13170,r3i1p1f1,2051,01,22,0.0,14.982677,1.180403,2051
13171,r3i1p1f1,2051,01,23,0.0,15.378044,2.6398473,2051
13172,r3i1p1f1,2051,01,24,0.010515195498362917,14.655659,3.0346308,2051
13173,r3i1p1f1,2051,01,25,0.04254650395137794,12.349382,2.9260397,2051
13174,r3i1p1f1,2051,01,26,0.0,13.466017,0.11402354,2051
13175,r3i1p1f1,2051,01,27,0.0,13.789834,-0.5727403,2051
13176,r3i1p1f1,2051,01,28,0.0,14.582196,1.8346168,2051
13177,r3i1p1f1,2051,01,29,0.014855989432941318,14.035284,2.080725,2051
13178,r3i1p1f1,2051,01,30,2.113072866201092,12.845536,0.56644344,2051
13179,r3i1p1f1,2051,01,31,3.90029093457687,12.464889,2.1358826,2051
13180,r3i1p1f1,2051,02,01,0.0,14.175179,0.7210513,2051
13181,r3i1p1f1,2051,02,02,0.0,17.305029,3.3499548,2051
13182,r3i1p1f1,2051,02,03,0.0,18.127522,4.0177875,2051
13183,r3i1p1f1,2051,02,04,0.0,18.300562,4.551074,2051
13184,r3i1p1f1,2051,02,05,0.0,17.586159,3.9636981,2051
13185,r3i1p1f1,2051,02,06,0.0,18.949366,5.3777423,2051
13186,r3i1p1f1,2051,02,07,0.0,22.079998,5.900276,2051
13187,r3i1p1f1,2051,02,08,0.0,22.827732,6.043856,2051
13188,r3i1p1f1,2051,02,09,0.04128396635210128,22.302942,6.36426,2051
13189,r3i1p1f1,2051,02,10,23.715191268340938,14.531244,4.4762745,2051
13190,r3i1p1f1,2051,02,11,0.03608189319052282,9.861991,-1.2974415,2051
13191,r3i1p1f1,2051,02,12,16.66763571426572,11.060881,3.5974238,2051
13192,r3i1p1f1,2051,02,13,1.6360893484182848,13.373728,1.6006653,2051
13193,r3i1p1f1,2051,02,14,7.641190073750984,12.138114,1.3022506,2051
13194,r3i1p1f1,2051,02,15,0.4137692054615455,12.875945,1.6296839,2051
13195,r3i1p1f1,2051,02,16,0.0,15.048986,-0.28593957,2051
13196,r3i1p1f1,2051,02,17,0.009832162807773178,14.734526,1.315451,2051
13197,r3i1p1f1,2051,02,18,0.0,12.941673,-0.34640995,2051
13198,r3i1p1f1,2051,02,19,0.311105875726119,12.44211,0.8737149,2051
13199,r3i1p1f1,2051,02,20,0.0,12.66623,-0.46656266,2051
13200,r3i1p1f1,2051,02,21,0.0,12.916615,-2.2807353,2051
13201,r3i1p1f1,2051,02,22,0.0,15.126741,-0.15249714,2051
13202,r3i1p1f1,2051,02,23,0.0,18.211823,1.972224,2051
13203,r3i1p1f1,2051,02,24,0.0,18.048885,3.5969074,2051
13204,r3i1p1f1,2051,02,25,0.0011838467396569974,13.72194,0.14092329,2051
13205,r3i1p1f1,2051,02,26,0.0,14.537541,-0.43382484,2051
13206,r3i1p1f1,2051,02,27,11.119642389542909,13.628651,2.6592813,2051
13207,r3i1p1f1,2051,02,28,0.40200294571790934,8.357815,-2.543135,2051
13208,r3i1p1f1,2051,03,01,1.4150840453690747,8.926494,-2.0657694,2051
13209,r3i1p1f1,2051,03,02,0.0,15.123516,-1.0112387,2051
13210,r3i1p1f1,2051,03,03,0.0,18.986792,1.013043,2051
13211,r3i1p1f1,2051,03,04,0.0,22.198414,3.5530026,2051
13212,r3i1p1f1,2051,03,05,2.957520687213577,19.192387,2.4316192,2051
13213,r3i1p1f1,2051,03,06,7.018721239123255,11.447578,0.25557664,2051
13214,r3i1p1f1,2051,03,07,0.1212071673856399,13.36863,1.0149447,2051
13215,r3i1p1f1,2051,03,08,0.04374002986658139,13.96849,0.656149,2051
13216,r3i1p1f1,2051,03,09,1.219488322604968,13.460262,2.5644584,2051
13217,r3i1p1f1,2051,03,10,0.02192510771706249,13.805611,-0.062348146,2051
13218,r3i1p1f1,2051,03,11,0.12789268750621527,15.06435,4.6763315,2051
13219,r3i1p1f1,2051,03,12,0.0,17.413265,-0.04791683,2051
13220,r3i1p1f1,2051,03,13,0.0,18.629332,2.3019433,2051
13221,r3i1p1f1,2051,03,14,0.0,20.123432,4.135979,2051
13222,r3i1p1f1,2051,03,15,0.0,19.110409,3.58024,2051
13223,r3i1p1f1,2051,03,16,0.0,18.064365,6.786796,2051
13224,r3i1p1f1,2051,03,17,0.0,21.118065,3.6926398,2051
13225,r3i1p1f1,2051,03,18,0.0,24.169567,6.5650496,2051
13226,r3i1p1f1,2051,03,19,0.0339836812010176,22.717985,6.730281,2051
13227,r3i1p1f1,2051,03,20,0.0,20.072968,3.0048208,2051
13228,r3i1p1f1,2051,03,21,0.0,22.822021,5.3005314,2051
13229,r3i1p1f1,2051,03,22,0.0,25.338486,7.214943,2051
13230,r3i1p1f1,2051,03,23,0.0,26.547812,8.216179,2051
13231,r3i1p1f1,2051,03,24,0.0,27.67343,9.710329,2051
13232,r3i1p1f1,2051,03,25,0.0,29.727238,10.882209,2051
13233,r3i1p1f1,2051,03,26,0.0,31.311644,12.3020115,2051
13234,r3i1p1f1,2051,03,27,0.0,31.60061,12.107351,2051
13235,r3i1p1f1,2051,03,28,0.0,27.73579,8.598632,2051
13236,r3i1p1f1,2051,03,29,0.0072465600114259305,21.322443,3.9096437,2051
13237,r3i1p1f1,2051,03,30,0.012697840447248327,23.34799,4.4483585,2051
13238,r3i1p1f1,2051,03,31,0.0,25.768448,6.7468104,2051
13239,r3i1p1f1,2051,04,01,0.0,25.734835,6.2122407,2051
13240,r3i1p1f1,2051,04,02,0.0,23.21541,4.979352,2051
13241,r3i1p1f1,2051,04,03,0.029518664298600263,21.180874,6.019196,2051
13242,r3i1p1f1,2051,04,04,0.11705600760196279,21.466164,5.058433,2051
13243,r3i1p1f1,2051,04,05,0.43693159150169586,21.109076,6.4537425,2051
13244,r3i1p1f1,2051,04,06,0.08295305832165689,21.506865,4.788252,2051
13245,r3i1p1f1,2051,04,07,1.3910877869161733,16.293795,3.4129784,2051
13246,r3i1p1f1,2051,04,08,7.090672205553291,14.59251,5.031521,2051
13247,r3i1p1f1,2051,04,09,0.30654325099848473,16.6971,2.3582842,2051
13248,r3i1p1f1,2051,04,10,6.561677328815374,13.867208,3.73058,2051
13249,r3i1p1f1,2051,04,11,13.507118965510127,15.814729,4.4176354,2051
13250,r3i1p1f1,2051,04,12,0.7431220075721451,17.261545,5.319915,2051
13251,r3i1p1f1,2051,04,13,0.021625902577811343,17.254917,1.0555712,2051
13252,r3i1p1f1,2051,04,14,1.8291247875866687,15.213118,2.019324,2051
13253,r3i1p1f1,2051,04,15,0.7943408769130077,13.635499,0.7756547,2051
13254,r3i1p1f1,2051,04,16,0.04963124925835115,16.473204,2.261815,2051
13255,r3i1p1f1,2051,04,17,8.101075019856745e-05,18.11361,2.5528176,2051
13256,r3i1p1f1,2051,04,18,0.0,20.43179,2.9271526,2051
13257,r3i1p1f1,2051,04,19,0.0,21.330088,5.3936877,2051
13258,r3i1p1f1,2051,04,20,0.0,23.372461,5.16742,2051
13259,r3i1p1f1,2051,04,21,0.0,24.119356,6.467684,2051
13260,r3i1p1f1,2051,04,22,0.0,23.54623,5.8050084,2051
13261,r3i1p1f1,2051,04,23,0.0,22.243992,5.246126,2051
13262,r3i1p1f1,2051,04,24,0.0,18.195312,2.64941,2051
13263,r3i1p1f1,2051,04,25,3.1925096793213124,15.573643,3.041592,2051
13264,r3i1p1f1,2051,04,26,0.0,21.495071,3.1681125,2051
13265,r3i1p1f1,2051,04,27,0.0,25.287506,6.280181,2051
13266,r3i1p1f1,2051,04,28,0.0,27.968536,8.722297,2051
13267,r3i1p1f1,2051,04,29,0.0,29.59018,10.060629,2051
13268,r3i1p1f1,2051,04,30,0.0,29.776186,10.236674,2051
13269,r3i1p1f1,2051,05,01,0.0,28.869707,9.57352,2051
13270,r3i1p1f1,2051,05,02,0.0,27.058891,8.36541,2051
13271,r3i1p1f1,2051,05,03,0.0,27.09732,8.664786,2051
13272,r3i1p1f1,2051,05,04,0.0,29.106846,9.936277,2051
13273,r3i1p1f1,2051,05,05,0.0,28.82822,9.954145,2051
13274,r3i1p1f1,2051,05,06,0.0,25.428244,7.098387,2051
13275,r3i1p1f1,2051,05,07,0.0022564843124145586,22.734762,5.7676725,2051
13276,r3i1p1f1,2051,05,08,0.0,27.465778,8.432875,2051
13277,r3i1p1f1,2051,05,09,0.0,30.321444,11.761314,2051
13278,r3i1p1f1,2051,05,10,0.0,34.73122,15.221219,2051
13279,r3i1p1f1,2051,05,11,0.0,36.097153,16.379515,2051
13280,r3i1p1f1,2051,05,12,0.0,37.522263,17.616306,2051
13281,r3i1p1f1,2051,05,13,0.0,35.681995,15.604232,2051
13282,r3i1p1f1,2051,05,14,0.0,30.19414,13.787085,2051
13283,r3i1p1f1,2051,05,15,0.0,32.409405,13.364277,2051
13284,r3i1p1f1,2051,05,16,0.0,35.03967,15.734465,2051
13285,r3i1p1f1,2051,05,17,0.0,35.154068,16.141459,2051
13286,r3i1p1f1,2051,05,18,0.0,34.091183,15.083579,2051
13287,r3i1p1f1,2051,05,19,0.0,29.996058,11.983608,2051
13288,r3i1p1f1,2051,05,20,0.0,27.07011,8.6616,2051
13289,r3i1p1f1,2051,05,21,0.0,28.853456,10.187877,2051
13290,r3i1p1f1,2051,05,22,0.0,32.35672,12.895761,2051
13291,r3i1p1f1,2051,05,23,0.0,30.775063,12.408563,2051
13292,r3i1p1f1,2051,05,24,0.0,30.105324,11.435348,2051
13293,r3i1p1f1,2051,05,25,0.0,29.677172,12.090248,2051
13294,r3i1p1f1,2051,05,26,0.0,30.105492,11.245771,2051
13295,r3i1p1f1,2051,05,27,0.0,29.382736,10.205986,2051
13296,r3i1p1f1,2051,05,28,0.0,27.011927,9.890933,2051
13297,r3i1p1f1,2051,05,29,0.0,29.288427,11.2236,2051
13298,r3i1p1f1,2051,05,30,0.0,29.489906,11.607602,2051
13299,r3i1p1f1,2051,05,31,0.0,28.69911,11.092849,2051
13300,r3i1p1f1,2051,06,01,0.0,27.503304,9.187828,2051
13301,r3i1p1f1,2051,06,02,0.0,23.002571,5.3367276,2051
13302,r3i1p1f1,2051,06,03,1.7702307991743456,22.306604,5.980019,2051
13303,r3i1p1f1,2051,06,04,0.13379748755445084,24.722935,6.3961577,2051
13304,r3i1p1f1,2051,06,05,0.0,28.194252,9.397017,2051
13305,r3i1p1f1,2051,06,06,0.0,27.605436,9.3298855,2051
13306,r3i1p1f1,2051,06,07,0.0,26.215818,10.592417,2051
13307,r3i1p1f1,2051,06,08,0.0,25.943287,8.012504,2051
13308,r3i1p1f1,2051,06,09,0.0,25.523344,7.9709077,2051
13309,r3i1p1f1,2051,06,10,0.0,24.53032,8.974197,2051
13310,r3i1p1f1,2051,06,11,0.18493724891882404,24.91705,10.869264,2051
13311,r3i1p1f1,2051,06,12,0.3491410990329424,23.195448,8.221719,2051
13312,r3i1p1f1,2051,06,13,0.13807458860934607,22.807667,6.7881417,2051
13313,r3i1p1f1,2051,06,14,0.020504744055814983,26.215332,8.425149,2051
13314,r3i1p1f1,2051,06,15,0.0,29.411686,10.615586,2051
13315,r3i1p1f1,2051,06,16,1.3678717633328317e-05,30.37635,13.235772,2051
13316,r3i1p1f1,2051,06,17,0.07678847555353334,28.668182,11.550387,2051
13317,r3i1p1f1,2051,06,18,0.0,25.440557,7.8052645,2051
13318,r3i1p1f1,2051,06,19,0.0,22.886848,6.7979007,2051
13319,r3i1p1f1,2051,06,20,0.0,28.178183,9.593445,2051
13320,r3i1p1f1,2051,06,21,0.0,30.776392,12.203323,2051
13321,r3i1p1f1,2051,06,22,0.0,30.307724,12.6271925,2051
13322,r3i1p1f1,2051,06,23,0.0,30.67259,12.838668,2051
13323,r3i1p1f1,2051,06,24,0.0,30.271553,12.334606,2051
13324,r3i1p1f1,2051,06,25,0.0,26.870909,10.080914,2051
13325,r3i1p1f1,2051,06,26,0.0,26.571175,10.44708,2051
13326,r3i1p1f1,2051,06,27,0.0,31.761314,13.20402,2051
13327,r3i1p1f1,2051,06,28,0.0,31.487757,13.730773,2051
13328,r3i1p1f1,2051,06,29,0.0,30.94391,13.187253,2051
13329,r3i1p1f1,2051,06,30,0.0,34.753384,16.520706,2051
13330,r3i1p1f1,2051,07,01,0.0,37.853653,18.4787,2051
13331,r3i1p1f1,2051,07,02,0.0,38.394226,18.420034,2051
13332,r3i1p1f1,2051,07,03,0.0,38.87486,19.246199,2051
13333,r3i1p1f1,2051,07,04,0.0,38.25649,18.7212,2051
13334,r3i1p1f1,2051,07,05,0.0,38.736008,19.207241,2051
13335,r3i1p1f1,2051,07,06,0.0,38.396076,19.903627,2051
13336,r3i1p1f1,2051,07,07,0.0,37.633472,19.022976,2051
13337,r3i1p1f1,2051,07,08,0.0,36.311687,17.56467,2051
13338,r3i1p1f1,2051,07,09,0.0,37.45511,18.286411,2051
13339,r3i1p1f1,2051,07,10,0.0,38.641384,18.99419,2051
13340,r3i1p1f1,2051,07,11,0.0,39.309868,19.676462,2051
13341,r3i1p1f1,2051,07,12,0.0,38.78384,19.919466,2051
13342,r3i1p1f1,2051,07,13,0.0,38.359196,19.39616,2051
13343,r3i1p1f1,2051,07,14,0.004607315217568116,37.553593,18.879303,2051
13344,r3i1p1f1,2051,07,15,0.0,36.84999,20.310465,2051
13345,r3i1p1f1,2051,07,16,0.001451811245219274,35.93658,19.726233,2051
13346,r3i1p1f1,2051,07,17,0.14864352137286033,33.574062,17.867428,2051
13347,r3i1p1f1,2051,07,18,0.0,33.876137,17.624296,2051
13348,r3i1p1f1,2051,07,19,0.0,35.49294,18.128014,2051
13349,r3i1p1f1,2051,07,20,0.0,36.186634,18.458654,2051
13350,r3i1p1f1,2051,07,21,0.0,39.068943,19.611057,2051
13351,r3i1p1f1,2051,07,22,1.0077753637266473,39.080143,21.656073,2051
13352,r3i1p1f1,2051,07,23,8.05960059447319,37.73455,21.687136,2051
13353,r3i1p1f1,2051,07,24,2.6272983920782944,36.09754,20.336983,2051
13354,r3i1p1f1,2051,07,25,2.020849913123212,37.15447,20.25773,2051
13355,r3i1p1f1,2051,07,26,0.0,38.62925,21.330751,2051
13356,r3i1p1f1,2051,07,27,0.0,37.5744,20.31308,2051
13357,r3i1p1f1,2051,07,28,0.0,34.974865,16.031971,2051
13358,r3i1p1f1,2051,07,29,0.0,33.582596,15.796902,2051
13359,r3i1p1f1,2051,07,30,0.0,34.9539,17.40209,2051
13360,r3i1p1f1,2051,07,31,0.0028828754456657352,35.993732,17.576714,2051
13361,r3i1p1f1,2051,08,01,0.0,36.634422,18.922066,2051
13362,r3i1p1f1,2051,08,02,0.35231436229189445,36.165062,18.643269,2051
13363,r3i1p1f1,2051,08,03,0.4248755572850562,33.686657,17.37928,2051
13364,r3i1p1f1,2051,08,04,0.15564218395439006,34.188522,17.151072,2051
13365,r3i1p1f1,2051,08,05,0.11806426818524911,34.83824,17.383772,2051
13366,r3i1p1f1,2051,08,06,1.2685434184558373,33.253918,16.965012,2051
13367,r3i1p1f1,2051,08,07,0.08865397797445908,32.741386,15.438219,2051
13368,r3i1p1f1,2051,08,08,0.0,32.161087,15.049513,2051
13369,r3i1p1f1,2051,08,09,0.0,30.915901,14.463685,2051
13370,r3i1p1f1,2051,08,10,0.0,30.175404,14.331874,2051
13371,r3i1p1f1,2051,08,11,0.7166981102306057,31.632927,16.472889,2051
13372,r3i1p1f1,2051,08,12,1.0378195163899695,32.900146,16.330366,2051
13373,r3i1p1f1,2051,08,13,0.37811611825335684,34.305843,16.71832,2051
13374,r3i1p1f1,2051,08,14,1.4677118951945114,32.787712,16.09527,2051
13375,r3i1p1f1,2051,08,15,4.823204239236833,25.86814,13.217245,2051
13376,r3i1p1f1,2051,08,16,0.006249951217217709,32.323307,15.565569,2051
13377,r3i1p1f1,2051,08,17,0.0,33.980564,16.853882,2051
13378,r3i1p1f1,2051,08,18,0.002868649281674262,31.25677,14.080537,2051
13379,r3i1p1f1,2051,08,19,0.007318676825062456,29.602945,13.343941,2051
13380,r3i1p1f1,2051,08,20,0.01481989963036595,31.981447,14.872019,2051
13381,r3i1p1f1,2051,08,21,0.002954977438397085,31.90117,14.702918,2051
13382,r3i1p1f1,2051,08,22,0.07925812999901334,30.4258,14.20486,2051
13383,r3i1p1f1,2051,08,23,0.37836410517091723,27.045118,12.984323,2051
13384,r3i1p1f1,2051,08,24,0.0,27.66826,11.722294,2051
13385,r3i1p1f1,2051,08,25,0.0,30.871296,13.823539,2051
13386,r3i1p1f1,2051,08,26,0.0,31.53025,14.30286,2051
13387,r3i1p1f1,2051,08,27,0.0,32.098362,14.480412,2051
13388,r3i1p1f1,2051,08,28,0.0,33.98084,15.223711,2051
13389,r3i1p1f1,2051,08,29,0.0,33.538193,14.904354,2051
13390,r3i1p1f1,2051,08,30,0.0,33.980732,15.065345,2051
13391,r3i1p1f1,2051,08,31,0.0099261527683473,35.76837,16.60542,2051
13392,r3i1p1f1,2051,09,01,0.003420241233525854,35.636425,18.200851,2051
13393,r3i1p1f1,2051,09,02,0.0,35.43839,17.296745,2051
13394,r3i1p1f1,2051,09,03,0.0,34.367817,16.740078,2051
13395,r3i1p1f1,2051,09,04,0.0,34.869373,16.67209,2051
13396,r3i1p1f1,2051,09,05,0.0,35.79648,18.302681,2051
13397,r3i1p1f1,2051,09,06,0.009512152050085591,35.654873,18.813797,2051
13398,r3i1p1f1,2051,09,07,0.0,36.91076,18.752905,2051
13399,r3i1p1f1,2051,09,08,0.0007265683939983843,36.556137,18.465372,2051
13400,r3i1p1f1,2051,09,09,0.034427205864631105,35.897915,18.601305,2051
13401,r3i1p1f1,2051,09,10,0.003482550453168876,36.312466,18.229036,2051
13402,r3i1p1f1,2051,09,11,0.004747838600341118,36.155994,17.761051,2051
13403,r3i1p1f1,2051,09,12,0.0,35.97625,17.52495,2051
13404,r3i1p1f1,2051,09,13,0.0,36.564857,17.682467,2051
13405,r3i1p1f1,2051,09,14,0.0,36.146393,17.32404,2051
13406,r3i1p1f1,2051,09,15,0.0,34.938084,17.128553,2051
13407,r3i1p1f1,2051,09,16,0.2636876939063906,27.558943,12.807315,2051
13408,r3i1p1f1,2051,09,17,0.0,21.141428,5.6557946,2051
13409,r3i1p1f1,2051,09,18,0.0,21.75666,5.157259,2051
13410,r3i1p1f1,2051,09,19,0.0,23.399773,6.2709756,2051
13411,r3i1p1f1,2051,09,20,0.0,23.42851,9.313564,2051
13412,r3i1p1f1,2051,09,21,0.0,24.117918,7.112696,2051
13413,r3i1p1f1,2051,09,22,0.0,24.862865,6.739588,2051
13414,r3i1p1f1,2051,09,23,0.0,23.498068,6.4449906,2051
13415,r3i1p1f1,2051,09,24,0.0,23.95563,7.082703,2051
13416,r3i1p1f1,2051,09,25,0.0,25.730448,7.589798,2051
13417,r3i1p1f1,2051,09,26,0.0,27.27068,9.93764,2051
13418,r3i1p1f1,2051,09,27,0.0,28.45986,12.273876,2051
13419,r3i1p1f1,2051,09,28,0.0,31.422335,14.374868,2051
13420,r3i1p1f1,2051,09,29,0.0,32.919044,15.271075,2051
13421,r3i1p1f1,2051,09,30,0.0,33.09428,14.366133,2051
13422,r3i1p1f1,2051,10,01,0.0,31.283838,14.039594,2051
13423,r3i1p1f1,2051,10,02,0.0,30.228073,12.0856285,2051
13424,r3i1p1f1,2051,10,03,0.0,30.561417,12.475097,2051
13425,r3i1p1f1,2051,10,04,0.0,31.690678,13.301232,2051
13426,r3i1p1f1,2051,10,05,0.0,31.675613,13.450805,2051
13427,r3i1p1f1,2051,10,06,0.0,30.655907,12.338537,2051
13428,r3i1p1f1,2051,10,07,0.0,28.119587,9.751931,2051
13429,r3i1p1f1,2051,10,08,0.0,25.603676,8.645446,2051
13430,r3i1p1f1,2051,10,09,0.0,25.783875,10.23056,2051
13431,r3i1p1f1,2051,10,10,0.016303811280522496,24.71105,10.783742,2051
13432,r3i1p1f1,2051,10,11,0.005695651758067084,18.580553,5.2508674,2051
13433,r3i1p1f1,2051,10,12,0.0,21.287302,3.8364198,2051
13434,r3i1p1f1,2051,10,13,0.0,23.031973,6.694533,2051
13435,r3i1p1f1,2051,10,14,0.0,25.81575,8.179047,2051
13436,r3i1p1f1,2051,10,15,0.0,28.275225,9.819282,2051
13437,r3i1p1f1,2051,10,16,0.0,31.27086,12.602873,2051
13438,r3i1p1f1,2051,10,17,0.0,30.057278,12.736666,2051
13439,r3i1p1f1,2051,10,18,0.0,24.835663,6.430231,2051
13440,r3i1p1f1,2051,10,19,0.0,23.676052,6.779169,2051
13441,r3i1p1f1,2051,10,20,0.0,25.649849,8.148672,2051
13442,r3i1p1f1,2051,10,21,0.0,27.200382,9.083897,2051
13443,r3i1p1f1,2051,10,22,0.002162705098850314,25.606047,9.121871,2051
13444,r3i1p1f1,2051,10,23,0.0,21.448349,6.830098,2051
13445,r3i1p1f1,2051,10,24,0.0,24.148243,7.797264,2051
13446,r3i1p1f1,2051,10,25,0.0,24.50888,7.8868694,2051
13447,r3i1p1f1,2051,10,26,0.0,24.185081,8.094865,2051
13448,r3i1p1f1,2051,10,27,0.0,25.14002,9.234843,2051
13449,r3i1p1f1,2051,10,28,0.0,26.375515,10.1907425,2051
13450,r3i1p1f1,2051,10,29,0.0,25.836208,11.8361025,2051
13451,r3i1p1f1,2051,10,30,0.0,28.021015,8.90234,2051
13452,r3i1p1f1,2051,10,31,0.0,29.811602,10.697134,2051
13453,r3i1p1f1,2051,11,01,0.0,30.960773,11.25805,2051
13454,r3i1p1f1,2051,11,02,0.0,29.477293,11.154147,2051
13455,r3i1p1f1,2051,11,03,0.0023426184656493592,27.231262,10.830179,2051
13456,r3i1p1f1,2051,11,04,0.0,26.452993,7.6659794,2051
13457,r3i1p1f1,2051,11,05,0.09375383737326984,22.507736,10.599584,2051
13458,r3i1p1f1,2051,11,06,0.14098000342059866,19.19632,7.6929994,2051
13459,r3i1p1f1,2051,11,07,0.004959582045998875,21.810656,7.3686438,2051
13460,r3i1p1f1,2051,11,08,0.0,27.417355,10.062723,2051
13461,r3i1p1f1,2051,11,09,0.0,27.223618,9.943106,2051
13462,r3i1p1f1,2051,11,10,0.0,26.385002,8.825688,2051
13463,r3i1p1f1,2051,11,11,0.004931208461516,22.126545,6.056534,2051
13464,r3i1p1f1,2051,11,12,0.9394094474334975,16.333216,4.2391906,2051
13465,r3i1p1f1,2051,11,13,0.21837163818418048,12.944171,1.0384341,2051
13466,r3i1p1f1,2051,11,14,6.875239072114434,13.295402,2.5078657,2051
13467,r3i1p1f1,2051,11,15,0.0,11.361294,-1.4730636,2051
13468,r3i1p1f1,2051,11,16,2.851673213793247,11.100226,0.90073305,2051
13469,r3i1p1f1,2051,11,17,2.2487257962094382,12.973583,1.3946266,2051
13470,r3i1p1f1,2051,11,18,0.0,15.626946,1.2442366,2051
13471,r3i1p1f1,2051,11,19,0.0,17.341097,2.6652713,2051
13472,r3i1p1f1,2051,11,20,2.7282271500492548,16.539185,4.2575955,2051
13473,r3i1p1f1,2051,11,21,9.959321911248315,10.074799,2.8721433,2051
13474,r3i1p1f1,2051,11,22,33.0303074218649,12.41514,4.658226,2051
13475,r3i1p1f1,2051,11,23,2.3271513768585548,14.501887,3.485274,2051
13476,r3i1p1f1,2051,11,24,0.0,16.91579,3.5406404,2051
13477,r3i1p1f1,2051,11,25,0.0480203984151365,16.453726,3.5865824,2051
13478,r3i1p1f1,2051,11,26,0.01255781255718885,14.331382,4.1642942,2051
13479,r3i1p1f1,2051,11,27,0.0,11.387888,-1.205688,2051
13480,r3i1p1f1,2051,11,28,0.0,9.665779,-4.3871245,2051
13481,r3i1p1f1,2051,11,29,0.0,7.9718294,-3.8416812,2051
13482,r3i1p1f1,2051,11,30,0.0,11.203893,-2.4542434,2051
13483,r3i1p1f1,2051,12,01,0.0,12.425512,-0.77981967,2051
13484,r3i1p1f1,2051,12,02,0.0,12.209349,-1.0476352,2051
13485,r3i1p1f1,2051,12,03,0.0,15.028641,0.8776804,2051
13486,r3i1p1f1,2051,12,04,0.0,17.492046,3.1846867,2051
13487,r3i1p1f1,2051,12,05,0.0,19.404585,4.957655,2051
13488,r3i1p1f1,2051,12,06,0.0,18.226696,3.864474,2051
13489,r3i1p1f1,2051,12,07,0.20011821340162758,15.886268,3.8914676,2051
13490,r3i1p1f1,2051,12,08,8.185350827149126,12.55063,3.578089,2051
13491,r3i1p1f1,2051,12,09,1.686846925131249,12.095634,3.733489,2051
13492,r3i1p1f1,2051,12,10,0.021077243956934773,12.636572,3.6501558,2051
13493,r3i1p1f1,2051,12,11,0.0,12.42087,2.1256104,2051
13494,r3i1p1f1,2051,12,12,0.0,13.967744,0.30235806,2051
13495,r3i1p1f1,2051,12,13,0.0,14.078295,0.6730747,2051
13496,r3i1p1f1,2051,12,14,0.0,15.736604,1.7171557,2051
13497,r3i1p1f1,2051,12,15,0.0,14.948528,1.5203367,2051
13498,r3i1p1f1,2051,12,16,0.0,15.019425,1.8417817,2051
13499,r3i1p1f1,2051,12,17,0.0,17.351622,3.9970608,2051
13500,r3i1p1f1,2051,12,18,0.0,18.517164,5.978056,2051
13501,r3i1p1f1,2051,12,19,0.0,19.171879,5.739644,2051
13502,r3i1p1f1,2051,12,20,0.0,18.929611,5.1868663,2051
13503,r3i1p1f1,2051,12,21,0.0,16.11251,4.3028255,2051
13504,r3i1p1f1,2051,12,22,0.0,15.368446,4.0115175,2051
13505,r3i1p1f1,2051,12,23,0.0,12.975902,1.2994038,2051
13506,r3i1p1f1,2051,12,24,0.0,13.556552,0.7040451,2051
13507,r3i1p1f1,2051,12,25,0.0,13.870312,1.0599476,2051
13508,r3i1p1f1,2051,12,26,0.0,15.689695,2.1542492,2051
13509,r3i1p1f1,2051,12,27,0.0,15.793168,3.0098734,2051
13510,r3i1p1f1,2051,12,28,0.0,15.336458,2.647699,2051
13511,r3i1p1f1,2051,12,29,0.0,14.687858,2.001633,2051
13512,r3i1p1f1,2051,12,30,0.0426550383461731,15.83299,3.3171525,2051
13513,r3i1p1f1,2051,12,31,0.0,16.5657,4.9480968,2051
13514,r3i1p1f1,2052,01,01,0.004007338870768294,16.779173,2.960337,2052
13515,r3i1p1f1,2052,01,02,0.0,18.965797,3.2352047,2052
13516,r3i1p1f1,2052,01,03,3.140606471182158e-05,18.127026,1.8244209,2052
13517,r3i1p1f1,2052,01,04,0.23695949836454736,10.325269,2.9964542,2052
13518,r3i1p1f1,2052,01,05,0.0,12.581127,0.34659508,2052
13519,r3i1p1f1,2052,01,06,0.022451292827485526,15.261707,1.4236454,2052
13520,r3i1p1f1,2052,01,07,0.0,16.73051,7.3895464,2052
13521,r3i1p1f1,2052,01,08,0.0,17.01139,4.2046795,2052
13522,r3i1p1f1,2052,01,09,0.0,17.1861,4.643098,2052
13523,r3i1p1f1,2052,01,10,0.02274275069684143,16.295815,4.2578654,2052
13524,r3i1p1f1,2052,01,11,6.577747902183822e-05,13.319564,0.9579962,2052
13525,r3i1p1f1,2052,01,12,0.0,13.233689,-0.9417614,2052
13526,r3i1p1f1,2052,01,13,0.0,14.140349,-0.5252311,2052
13527,r3i1p1f1,2052,01,14,0.0,15.731485,0.18102378,2052
13528,r3i1p1f1,2052,01,15,0.0,16.953552,2.056451,2052
13529,r3i1p1f1,2052,01,16,0.0,19.966454,4.560785,2052
13530,r3i1p1f1,2052,01,17,0.0,20.287163,4.5785823,2052
13531,r3i1p1f1,2052,01,18,0.0,18.242826,5.3494062,2052
13532,r3i1p1f1,2052,01,19,0.0,17.31316,2.928535,2052
13533,r3i1p1f1,2052,01,20,0.0,17.32156,3.5933118,2052
13534,r3i1p1f1,2052,01,21,0.0,17.567947,3.3472297,2052
13535,r3i1p1f1,2052,01,22,0.0,19.423775,3.8959544,2052
13536,r3i1p1f1,2052,01,23,0.0,20.616922,6.093592,2052
13537,r3i1p1f1,2052,01,24,0.0,19.736217,6.174333,2052
13538,r3i1p1f1,2052,01,25,0.0,19.432463,5.1521544,2052
13539,r3i1p1f1,2052,01,26,0.008677730626059752,20.539488,6.8666534,2052
13540,r3i1p1f1,2052,01,27,0.0,21.662277,7.0315304,2052
13541,r3i1p1f1,2052,01,28,0.0,22.2847,6.706707,2052
13542,r3i1p1f1,2052,01,29,0.0,22.30798,7.232783,2052
13543,r3i1p1f1,2052,01,30,0.0,21.922443,8.5464525,2052
13544,r3i1p1f1,2052,01,31,0.0,21.150959,7.288566,2052
13545,r3i1p1f1,2052,02,01,0.0,20.183723,4.251254,2052
13546,r3i1p1f1,2052,02,02,0.0,20.407555,4.072823,2052
13547,r3i1p1f1,2052,02,03,0.0034311298760726595,17.881905,3.5711603,2052
13548,r3i1p1f1,2052,02,04,0.0,15.579197,0.9736822,2052
13549,r3i1p1f1,2052,02,05,0.0,18.134434,2.0648334,2052
13550,r3i1p1f1,2052,02,06,0.0,17.168865,2.462127,2052
13551,r3i1p1f1,2052,02,07,2.7936744807062276e-05,15.511402,1.4273438,2052
13552,r3i1p1f1,2052,02,08,0.007400390988385136,14.857216,-0.18942288,2052
13553,r3i1p1f1,2052,02,09,0.0,16.69724,2.4030645,2052
13554,r3i1p1f1,2052,02,10,0.0012032646770876454,16.35227,1.7334219,2052
13555,r3i1p1f1,2052,02,11,3.4066004429681045,13.305873,2.867243,2052
13556,r3i1p1f1,2052,02,12,2.127037183756439,13.655182,1.4467914,2052
13557,r3i1p1f1,2052,02,13,0.0,14.426996,0.2787698,2052
13558,r3i1p1f1,2052,02,14,0.0,15.780668,1.2481331,2052
13559,r3i1p1f1,2052,02,15,0.022401527491059493,17.573784,2.9068437,2052
13560,r3i1p1f1,2052,02,16,5.501316042567244,17.45378,4.6677537,2052
13561,r3i1p1f1,2052,02,17,12.20484492894629,17.077234,6.214301,2052
13562,r3i1p1f1,2052,02,18,0.39147641934643174,15.262606,3.4732432,2052
13563,r3i1p1f1,2052,02,19,0.0,15.547065,2.878906,2052
13564,r3i1p1f1,2052,02,20,0.0,18.665257,4.074301,2052
13565,r3i1p1f1,2052,02,21,0.0,20.782433,5.04948,2052
13566,r3i1p1f1,2052,02,22,0.019019889287213147,19.195147,5.613345,2052
13567,r3i1p1f1,2052,02,23,2.463421643292763,16.474606,3.2473078,2052
13568,r3i1p1f1,2052,02,24,0.0,12.248271,0.10331694,2052
13569,r3i1p1f1,2052,02,25,0.0,15.0245495,3.9752507,2052
13570,r3i1p1f1,2052,02,26,0.0,19.194466,3.9252841,2052
13571,r3i1p1f1,2052,02,27,0.0,19.951653,5.2941346,2052
13572,r3i1p1f1,2052,02,28,0.0,21.609154,6.9988475,2052
13573,r3i1p1f1,2052,02,29,0.0,22.228645,8.465161,2052
13574,r3i1p1f1,2052,03,01,0.0013669043299600933,22.883434,4.4148846,2052
13575,r3i1p1f1,2052,03,02,0.0,23.904331,4.629567,2052
13576,r3i1p1f1,2052,03,03,0.0,25.050024,5.3496146,2052
13577,r3i1p1f1,2052,03,04,0.057136120441844636,22.617285,4.575072,2052
13578,r3i1p1f1,2052,03,05,1.7098457903557573,12.878021,2.4217794,2052
13579,r3i1p1f1,2052,03,06,6.289531480219783,12.445088,1.621345,2052
13580,r3i1p1f1,2052,03,07,5.714914228479001,10.7255125,2.8385797,2052
13581,r3i1p1f1,2052,03,08,21.774311673379447,11.825086,1.7423161,2052
13582,r3i1p1f1,2052,03,09,0.6858599884861344,15.387267,2.4066377,2052
13583,r3i1p1f1,2052,03,10,0.011230642988569647,15.276425,2.4524615,2052
13584,r3i1p1f1,2052,03,11,16.13009149903133,10.530635,3.6050737,2052
13585,r3i1p1f1,2052,03,12,10.319868059764579,10.0801,3.0269132,2052
13586,r3i1p1f1,2052,03,13,0.015777642225712596,14.90592,-1.0716432,2052
13587,r3i1p1f1,2052,03,14,0.0,19.14251,1.8823278,2052
13588,r3i1p1f1,2052,03,15,0.0,22.032936,4.78233,2052
13589,r3i1p1f1,2052,03,16,0.0,23.785389,6.1281943,2052
13590,r3i1p1f1,2052,03,17,0.0,24.112667,7.9779496,2052
13591,r3i1p1f1,2052,03,18,0.5117494884700247,23.554764,8.489098,2052
13592,r3i1p1f1,2052,03,19,0.15866453277836132,20.307632,6.944057,2052
13593,r3i1p1f1,2052,03,20,0.7929639499453708,17.934769,4.199907,2052
13594,r3i1p1f1,2052,03,21,6.661016349012656,15.1936655,5.7651725,2052
13595,r3i1p1f1,2052,03,22,1.1797655929033433,15.337591,6.2808166,2052
13596,r3i1p1f1,2052,03,23,0.0,16.26834,3.2379358,2052
13597,r3i1p1f1,2052,03,24,0.0014617948821096709,16.203934,1.2430786,2052
13598,r3i1p1f1,2052,03,25,0.0,19.09401,4.9797106,2052
13599,r3i1p1f1,2052,03,26,0.00022582267058279479,18.983229,4.1393437,2052
13600,r3i1p1f1,2052,03,27,0.26392739296142914,19.116667,6.9020834,2052
13601,r3i1p1f1,2052,03,28,0.029056399326884384,21.345795,6.2818546,2052
13602,r3i1p1f1,2052,03,29,24.917811713102942,17.877243,6.5401545,2052
13603,r3i1p1f1,2052,03,30,0.14198505392855484,14.75942,2.240257,2052
13604,r3i1p1f1,2052,03,31,0.0017478010814749832,15.654019,2.313157,2052
13605,r3i1p1f1,2052,04,01,0.0,19.227613,2.1650064,2052
13606,r3i1p1f1,2052,04,02,0.0,19.695887,4.1083055,2052
13607,r3i1p1f1,2052,04,03,1.9498775192851374,17.783464,4.8589377,2052
13608,r3i1p1f1,2052,04,04,15.850921636709685,14.730468,4.588512,2052
13609,r3i1p1f1,2052,04,05,0.5241175033561238,15.064062,1.7387003,2052
13610,r3i1p1f1,2052,04,06,0.0,16.384521,4.7294855,2052
13611,r3i1p1f1,2052,04,07,4.913945414238807e-05,21.117573,5.5525646,2052
13612,r3i1p1f1,2052,04,08,0.0,24.931044,6.5835466,2052
13613,r3i1p1f1,2052,04,09,0.10868498134875677,24.123968,8.8815365,2052
13614,r3i1p1f1,2052,04,10,0.06116629112511873,22.210192,8.966285,2052
13615,r3i1p1f1,2052,04,11,0.0,25.801203,7.4619074,2052
13616,r3i1p1f1,2052,04,12,0.0,26.410685,9.4127445,2052
13617,r3i1p1f1,2052,04,13,0.7169576286025514,23.619537,8.852187,2052
13618,r3i1p1f1,2052,04,14,18.435266808642844,15.561688,1.6483364,2052
13619,r3i1p1f1,2052,04,15,0.04709097130354635,16.22784,1.1971455,2052
13620,r3i1p1f1,2052,04,16,0.04233013640976313,18.53967,5.7904162,2052
13621,r3i1p1f1,2052,04,17,0.16080179223067578,19.326326,5.1940675,2052
13622,r3i1p1f1,2052,04,18,8.956108409889346,16.787447,2.3866858,2052
13623,r3i1p1f1,2052,04,19,2.452337108555212,11.368559,-0.07466149,2052
13624,r3i1p1f1,2052,04,20,1.2319247221870628,13.217992,2.6387913,2052
13625,r3i1p1f1,2052,04,21,6.0457301331652245,11.860391,2.4555898,2052
13626,r3i1p1f1,2052,04,22,1.2153678964960184,14.598075,0.57872385,2052
13627,r3i1p1f1,2052,04,23,3.1700418375288737,15.686139,5.4024615,2052
13628,r3i1p1f1,2052,04,24,0.7061959129383798,16.36736,6.3762035,2052
13629,r3i1p1f1,2052,04,25,1.165540160998882,16.499212,5.485299,2052
13630,r3i1p1f1,2052,04,26,0.028843909967690706,19.447374,3.4648745,2052
13631,r3i1p1f1,2052,04,27,0.0,22.18211,6.069673,2052
13632,r3i1p1f1,2052,04,28,0.0,25.467606,8.72524,2052
13633,r3i1p1f1,2052,04,29,0.027850190703192668,25.102957,9.585145,2052
13634,r3i1p1f1,2052,04,30,0.0362797055519574,22.020706,7.23925,2052
13635,r3i1p1f1,2052,05,01,0.1348985974221829,18.700937,4.565591,2052
13636,r3i1p1f1,2052,05,02,0.054248032392933965,19.470556,4.2112565,2052
13637,r3i1p1f1,2052,05,03,0.0,22.161037,4.92047,2052
13638,r3i1p1f1,2052,05,04,0.0,22.695457,6.3010273,2052
13639,r3i1p1f1,2052,05,05,0.1350665136476781,20.911186,5.616304,2052
13640,r3i1p1f1,2052,05,06,0.0020274589063994813,21.68087,5.9399605,2052
13641,r3i1p1f1,2052,05,07,0.0,23.738153,7.1197615,2052
13642,r3i1p1f1,2052,05,08,0.022439355415179198,25.315414,7.082913,2052
13643,r3i1p1f1,2052,05,09,0.055796152746276646,25.802076,7.918488,2052
13644,r3i1p1f1,2052,05,10,0.0,26.706083,10.008943,2052
13645,r3i1p1f1,2052,05,11,0.0,28.365524,9.841281,2052
13646,r3i1p1f1,2052,05,12,0.0,28.886694,9.762596,2052
13647,r3i1p1f1,2052,05,13,0.0,30.804422,12.147725,2052
13648,r3i1p1f1,2052,05,14,0.0,33.273773,14.527892,2052
13649,r3i1p1f1,2052,05,15,0.0,32.641834,13.957802,2052
13650,r3i1p1f1,2052,05,16,0.0,30.837408,11.976173,2052
13651,r3i1p1f1,2052,05,17,0.01020472899130475,27.128557,9.253129,2052
13652,r3i1p1f1,2052,05,18,0.026600161747244947,16.623446,2.1095316,2052
13653,r3i1p1f1,2052,05,19,0.0,23.614962,5.355948,2052
13654,r3i1p1f1,2052,05,20,0.0,28.13037,9.339504,2052
13655,r3i1p1f1,2052,05,21,0.0,29.445799,11.262406,2052
13656,r3i1p1f1,2052,05,22,0.0,31.388721,12.792712,2052
13657,r3i1p1f1,2052,05,23,0.0,33.443565,14.782536,2052
13658,r3i1p1f1,2052,05,24,0.0,31.910122,13.905826,2052
13659,r3i1p1f1,2052,05,25,0.0,29.402647,12.682331,2052
13660,r3i1p1f1,2052,05,26,0.0,28.827831,11.288171,2052
13661,r3i1p1f1,2052,05,27,0.0,28.108864,9.852883,2052
13662,r3i1p1f1,2052,05,28,0.0,25.528934,7.625165,2052
13663,r3i1p1f1,2052,05,29,0.0,27.675806,9.503814,2052
13664,r3i1p1f1,2052,05,30,0.0,27.522123,9.341622,2052
13665,r3i1p1f1,2052,05,31,0.0,25.886868,8.784266,2052
13666,r3i1p1f1,2052,06,01,0.0,23.170336,6.787517,2052
13667,r3i1p1f1,2052,06,02,0.0,28.492842,9.260814,2052
13668,r3i1p1f1,2052,06,03,0.0,33.857265,13.181588,2052
13669,r3i1p1f1,2052,06,04,0.0,33.624043,14.493588,2052
13670,r3i1p1f1,2052,06,05,0.0,31.830591,13.628908,2052
13671,r3i1p1f1,2052,06,06,0.0,29.336542,12.208282,2052
13672,r3i1p1f1,2052,06,07,0.0,30.872517,13.629595,2052
13673,r3i1p1f1,2052,06,08,0.0,35.63831,15.875571,2052
13674,r3i1p1f1,2052,06,09,0.0,39.81542,19.365778,2052
13675,r3i1p1f1,2052,06,10,0.0,41.031895,20.590767,2052
13676,r3i1p1f1,2052,06,11,0.0,40.666447,19.86273,2052
13677,r3i1p1f1,2052,06,12,0.0,39.294376,19.310661,2052
13678,r3i1p1f1,2052,06,13,0.0,38.928345,18.51458,2052
13679,r3i1p1f1,2052,06,14,0.0,38.99845,19.381817,2052
13680,r3i1p1f1,2052,06,15,0.0,37.143288,19.028702,2052
13681,r3i1p1f1,2052,06,16,0.07348935095995496,31.727448,15.158531,2052
13682,r3i1p1f1,2052,06,17,0.0006682390460010731,31.387903,14.4113865,2052
13683,r3i1p1f1,2052,06,18,0.0,30.274603,12.663421,2052
13684,r3i1p1f1,2052,06,19,0.0,31.478128,12.919868,2052
13685,r3i1p1f1,2052,06,20,0.0,32.00888,13.925151,2052
13686,r3i1p1f1,2052,06,21,0.0,31.495054,13.16737,2052
13687,r3i1p1f1,2052,06,22,0.0,30.740631,12.810725,2052
13688,r3i1p1f1,2052,06,23,0.0,32.22987,13.698892,2052
13689,r3i1p1f1,2052,06,24,0.0,31.898846,14.14742,2052
13690,r3i1p1f1,2052,06,25,0.0,32.83668,15.15635,2052
13691,r3i1p1f1,2052,06,26,0.0,33.4729,14.616733,2052
13692,r3i1p1f1,2052,06,27,0.0,32.80615,14.1929865,2052
13693,r3i1p1f1,2052,06,28,0.0,31.393702,13.062907,2052
13694,r3i1p1f1,2052,06,29,0.0,31.563776,13.136952,2052
13695,r3i1p1f1,2052,06,30,0.0,33.956955,15.35423,2052
13696,r3i1p1f1,2052,07,01,0.0,35.183895,16.272264,2052
13697,r3i1p1f1,2052,07,02,0.0,36.13383,17.091885,2052
13698,r3i1p1f1,2052,07,03,0.0,37.334743,17.370941,2052
13699,r3i1p1f1,2052,07,04,0.0,37.576313,17.52438,2052
13700,r3i1p1f1,2052,07,05,0.0,36.767017,17.460575,2052
13701,r3i1p1f1,2052,07,06,0.0,34.186615,16.07361,2052
13702,r3i1p1f1,2052,07,07,0.0,33.82054,15.9621315,2052
13703,r3i1p1f1,2052,07,08,0.0,33.588867,15.757041,2052
13704,r3i1p1f1,2052,07,09,0.0013708757504707937,33.536667,15.622755,2052
13705,r3i1p1f1,2052,07,10,0.0,32.165543,14.341354,2052
13706,r3i1p1f1,2052,07,11,0.0,31.326866,12.70804,2052
13707,r3i1p1f1,2052,07,12,0.0,32.34627,13.821366,2052
13708,r3i1p1f1,2052,07,13,0.0,34.72122,16.378752,2052
13709,r3i1p1f1,2052,07,14,0.0,37.58925,17.363153,2052
13710,r3i1p1f1,2052,07,15,0.0,36.79014,17.300358,2052
13711,r3i1p1f1,2052,07,16,0.0,35.753723,17.87162,2052
13712,r3i1p1f1,2052,07,17,0.0,34.947086,17.58812,2052
13713,r3i1p1f1,2052,07,18,0.01677611743974866,36.128803,18.332167,2052
13714,r3i1p1f1,2052,07,19,0.0,36.502007,17.798576,2052
13715,r3i1p1f1,2052,07,20,0.0,35.718925,17.69979,2052
13716,r3i1p1f1,2052,07,21,0.04135201476994112,36.6297,19.408789,2052
13717,r3i1p1f1,2052,07,22,3.468869718868298,34.34129,18.496265,2052
13718,r3i1p1f1,2052,07,23,0.22200738315322352,35.918888,19.524042,2052
13719,r3i1p1f1,2052,07,24,4.16016065854461,34.921494,18.61533,2052
13720,r3i1p1f1,2052,07,25,4.01577990483378,35.865017,20.08225,2052
13721,r3i1p1f1,2052,07,26,1.2087261232558044,38.16201,20.283228,2052
13722,r3i1p1f1,2052,07,27,1.3424631433647873,37.307064,19.292614,2052
13723,r3i1p1f1,2052,07,28,0.007944846892672958,35.10942,17.43752,2052
13724,r3i1p1f1,2052,07,29,0.004683481017833181,34.434116,16.98708,2052
13725,r3i1p1f1,2052,07,30,0.0,33.64484,17.012045,2052
13726,r3i1p1f1,2052,07,31,0.007233430603236863,32.97839,16.996614,2052
13727,r3i1p1f1,2052,08,01,0.5472126334665738,32.554203,17.201115,2052
13728,r3i1p1f1,2052,08,02,0.13784539574937132,32.278534,16.191687,2052
13729,r3i1p1f1,2052,08,03,0.0,32.643337,16.294708,2052
13730,r3i1p1f1,2052,08,04,0.0,33.444183,16.306232,2052
13731,r3i1p1f1,2052,08,05,0.0,34.159863,16.48901,2052
13732,r3i1p1f1,2052,08,06,0.0,35.584766,16.746943,2052
13733,r3i1p1f1,2052,08,07,0.0,37.38114,17.425522,2052
13734,r3i1p1f1,2052,08,08,0.0,37.693966,17.916723,2052
13735,r3i1p1f1,2052,08,09,0.0,37.26849,18.740889,2052
13736,r3i1p1f1,2052,08,10,0.0,33.82617,17.57244,2052
13737,r3i1p1f1,2052,08,11,0.0,32.51986,14.836052,2052
13738,r3i1p1f1,2052,08,12,0.0,33.110847,14.994276,2052
13739,r3i1p1f1,2052,08,13,0.0,34.27032,15.698789,2052
13740,r3i1p1f1,2052,08,14,0.0,33.81597,15.648427,2052
13741,r3i1p1f1,2052,08,15,0.0,33.496025,14.664793,2052
13742,r3i1p1f1,2052,08,16,0.0,33.213585,14.866115,2052
13743,r3i1p1f1,2052,08,17,0.0,35.06545,16.256027,2052
13744,r3i1p1f1,2052,08,18,0.0,36.263824,17.88094,2052
13745,r3i1p1f1,2052,08,19,0.0,36.06132,17.299433,2052
13746,r3i1p1f1,2052,08,20,0.0,34.571148,15.727869,2052
13747,r3i1p1f1,2052,08,21,0.0,34.700253,15.712321,2052
13748,r3i1p1f1,2052,08,22,0.04993936325208227,35.590187,17.389816,2052
13749,r3i1p1f1,2052,08,23,0.6848558658585909,35.42643,18.279627,2052
13750,r3i1p1f1,2052,08,24,0.0,35.302162,16.26727,2052
13751,r3i1p1f1,2052,08,25,0.0,35.197067,15.731565,2052
13752,r3i1p1f1,2052,08,26,0.0,34.408333,15.300901,2052
13753,r3i1p1f1,2052,08,27,0.0,32.501373,15.481643,2052
13754,r3i1p1f1,2052,08,28,0.0,35.70798,14.97499,2052
13755,r3i1p1f1,2052,08,29,0.0,39.192513,17.75391,2052
13756,r3i1p1f1,2052,08,30,0.3656779244038537,38.374992,21.591448,2052
13757,r3i1p1f1,2052,08,31,0.4454898315033819,36.62475,19.387318,2052
13758,r3i1p1f1,2052,09,01,0.0,36.968124,18.491047,2052
13759,r3i1p1f1,2052,09,02,0.0,37.387672,18.549763,2052
13760,r3i1p1f1,2052,09,03,0.07487584342015907,37.354694,19.86853,2052
13761,r3i1p1f1,2052,09,04,0.0,36.4551,17.918821,2052
13762,r3i1p1f1,2052,09,05,0.0,34.89943,17.280771,2052
13763,r3i1p1f1,2052,09,06,0.0,34.97084,16.89718,2052
13764,r3i1p1f1,2052,09,07,0.0,35.71564,17.272915,2052
13765,r3i1p1f1,2052,09,08,0.0,34.990803,16.459343,2052
13766,r3i1p1f1,2052,09,09,0.0,32.091618,14.343185,2052
13767,r3i1p1f1,2052,09,10,0.0,31.54993,13.859691,2052
13768,r3i1p1f1,2052,09,11,0.0,31.898117,13.185543,2052
13769,r3i1p1f1,2052,09,12,0.0,32.749332,14.32043,2052
13770,r3i1p1f1,2052,09,13,0.0,34.64253,15.73411,2052
13771,r3i1p1f1,2052,09,14,0.0,35.41329,15.953246,2052
13772,r3i1p1f1,2052,09,15,0.0,34.486538,16.255592,2052
13773,r3i1p1f1,2052,09,16,0.0,32.53911,14.851333,2052
13774,r3i1p1f1,2052,09,17,0.0,28.812479,11.79542,2052
13775,r3i1p1f1,2052,09,18,0.0,24.27088,8.092962,2052
13776,r3i1p1f1,2052,09,19,0.0,22.487928,5.857841,2052
13777,r3i1p1f1,2052,09,20,0.0,24.13174,7.958458,2052
13778,r3i1p1f1,2052,09,21,0.0,25.646746,8.009676,2052
13779,r3i1p1f1,2052,09,22,0.0,27.085447,9.15458,2052
13780,r3i1p1f1,2052,09,23,0.0,25.731651,8.302737,2052
13781,r3i1p1f1,2052,09,24,0.0,25.11683,8.251076,2052
13782,r3i1p1f1,2052,09,25,0.12616045727609712,28.78265,10.25185,2052
13783,r3i1p1f1,2052,09,26,0.13500510928376266,31.344294,12.976912,2052
13784,r3i1p1f1,2052,09,27,0.0,31.538748,13.290455,2052
13785,r3i1p1f1,2052,09,28,0.0,28.852262,11.853508,2052
13786,r3i1p1f1,2052,09,29,0.051579551981183504,24.957436,9.319827,2052
13787,r3i1p1f1,2052,09,30,0.0,22.337124,5.5937953,2052
13788,r3i1p1f1,2052,10,01,0.0,24.84181,8.004768,2052
13789,r3i1p1f1,2052,10,02,0.0,27.46138,10.837923,2052
13790,r3i1p1f1,2052,10,03,0.0,29.229906,11.946473,2052
13791,r3i1p1f1,2052,10,04,0.0,31.361195,12.706199,2052
13792,r3i1p1f1,2052,10,05,0.0,32.09044,12.763034,2052
13793,r3i1p1f1,2052,10,06,0.0,31.97252,12.591049,2052
13794,r3i1p1f1,2052,10,07,0.0,31.615349,12.771098,2052
13795,r3i1p1f1,2052,10,08,0.0,32.033905,13.383949,2052
13796,r3i1p1f1,2052,10,09,0.0,31.640156,12.49022,2052
13797,r3i1p1f1,2052,10,10,0.0,29.653135,9.894774,2052
13798,r3i1p1f1,2052,10,11,0.0,27.113268,9.05164,2052
13799,r3i1p1f1,2052,10,12,0.0,25.141876,8.066633,2052
13800,r3i1p1f1,2052,10,13,0.0,23.759476,7.8278775,2052
13801,r3i1p1f1,2052,10,14,0.0,28.862644,10.951263,2052
13802,r3i1p1f1,2052,10,15,0.0,27.773514,10.602457,2052
13803,r3i1p1f1,2052,10,16,0.0,23.533491,6.8166947,2052
13804,r3i1p1f1,2052,10,17,0.0,21.917076,5.149151,2052
13805,r3i1p1f1,2052,10,18,0.0,25.357956,8.562356,2052
13806,r3i1p1f1,2052,10,19,0.0,27.264523,9.950956,2052
13807,r3i1p1f1,2052,10,20,0.0,25.473871,9.406734,2052
13808,r3i1p1f1,2052,10,21,0.0,23.432787,9.040835,2052
13809,r3i1p1f1,2052,10,22,0.0,27.118406,9.123123,2052
13810,r3i1p1f1,2052,10,23,0.0,31.47577,13.630249,2052
13811,r3i1p1f1,2052,10,24,0.0,32.1658,15.332078,2052
13812,r3i1p1f1,2052,10,25,0.0,31.039968,11.108886,2052
13813,r3i1p1f1,2052,10,26,0.0009813236785262372,25.96982,9.171307,2052
13814,r3i1p1f1,2052,10,27,0.0,26.211952,9.241223,2052
13815,r3i1p1f1,2052,10,28,0.0,24.376936,8.183007,2052
13816,r3i1p1f1,2052,10,29,0.0,21.48843,6.7708244,2052
13817,r3i1p1f1,2052,10,30,0.022563888740152874,19.78739,5.534158,2052
13818,r3i1p1f1,2052,10,31,0.6172468336615455,19.367918,8.713215,2052
13819,r3i1p1f1,2052,11,01,0.11896458568199622,20.787067,5.033521,2052
13820,r3i1p1f1,2052,11,02,0.3279706516629879,19.480846,5.8812838,2052
13821,r3i1p1f1,2052,11,03,0.0,19.375134,4.9519143,2052
13822,r3i1p1f1,2052,11,04,1.9268389025080868,19.767023,6.458363,2052
13823,r3i1p1f1,2052,11,05,2.2498473253499744,17.252527,7.6879296,2052
13824,r3i1p1f1,2052,11,06,0.0,19.47087,3.9359274,2052
13825,r3i1p1f1,2052,11,07,0.0,21.71768,6.092825,2052
13826,r3i1p1f1,2052,11,08,0.0,22.959248,6.2116284,2052
13827,r3i1p1f1,2052,11,09,0.0,23.799295,8.009298,2052
13828,r3i1p1f1,2052,11,10,0.0,23.387808,8.416146,2052
13829,r3i1p1f1,2052,11,11,0.0,22.574987,8.06353,2052
13830,r3i1p1f1,2052,11,12,0.0020855487408963118,22.77609,8.258958,2052
13831,r3i1p1f1,2052,11,13,0.0,26.447744,8.767252,2052
13832,r3i1p1f1,2052,11,14,0.0,24.852526,9.404547,2052
13833,r3i1p1f1,2052,11,15,0.0,27.041552,8.611796,2052
13834,r3i1p1f1,2052,11,16,0.0,24.0141,9.541904,2052
13835,r3i1p1f1,2052,11,17,0.6902074918374032,21.721903,10.000698,2052
13836,r3i1p1f1,2052,11,18,0.6787658027036686,20.445658,11.7836275,2052
13837,r3i1p1f1,2052,11,19,0.5928008848257543,18.654598,5.779512,2052
13838,r3i1p1f1,2052,11,20,0.03088323110150117,15.869013,1.4843115,2052
13839,r3i1p1f1,2052,11,21,0.0,19.881268,2.774662,2052
13840,r3i1p1f1,2052,11,22,0.0,21.276613,6.2185044,2052
13841,r3i1p1f1,2052,11,23,0.0,18.606327,4.0467534,2052
13842,r3i1p1f1,2052,11,24,0.08696087399695182,18.114338,3.5756664,2052
13843,r3i1p1f1,2052,11,25,4.895413138563692,16.021818,6.907689,2052
13844,r3i1p1f1,2052,11,26,0.02257528440995057,11.113341,-1.7036805,2052
13845,r3i1p1f1,2052,11,27,0.0,11.1122465,-3.9089835,2052
13846,r3i1p1f1,2052,11,28,0.004031696088063516,11.415195,-2.1682801,2052
13847,r3i1p1f1,2052,11,29,0.6556373726016318,12.405222,2.4646604,2052
13848,r3i1p1f1,2052,11,30,0.14291273357450723,15.297621,4.1292677,2052
13849,r3i1p1f1,2052,12,01,0.28562789946590783,14.833937,5.0069065,2052
13850,r3i1p1f1,2052,12,02,26.03339395885224,15.038398,8.040842,2052
13851,r3i1p1f1,2052,12,03,19.248109866043016,13.6680975,4.6903634,2052
13852,r3i1p1f1,2052,12,04,0.20016524082800033,10.940033,0.60156626,2052
13853,r3i1p1f1,2052,12,05,0.17431913481810957,9.500893,1.2022846,2052
13854,r3i1p1f1,2052,12,06,0.006241319343010246,8.890168,-2.1239119,2052
13855,r3i1p1f1,2052,12,07,0.0,9.754846,-1.7023424,2052
13856,r3i1p1f1,2052,12,08,0.0,12.662163,-0.6225722,2052
13857,r3i1p1f1,2052,12,09,0.0,13.061257,0.74511135,2052
13858,r3i1p1f1,2052,12,10,0.014028642573534991,12.535357,1.0071943,2052
13859,r3i1p1f1,2052,12,11,3.2290574776249232,9.291166,0.4431607,2052
13860,r3i1p1f1,2052,12,12,0.0,10.180044,-1.3994617,2052
13861,r3i1p1f1,2052,12,13,0.0,11.573746,1.7730333,2052
13862,r3i1p1f1,2052,12,14,0.0,13.98489,0.9103325,2052
13863,r3i1p1f1,2052,12,15,10.584839985246866,12.293979,1.6332003,2052
13864,r3i1p1f1,2052,12,16,5.157307982524137,10.030257,1.0181895,2052
13865,r3i1p1f1,2052,12,17,0.5073901520562217,11.910534,3.0087068,2052
13866,r3i1p1f1,2052,12,18,0.0,13.134221,1.6251494,2052
13867,r3i1p1f1,2052,12,19,0.0,14.824649,2.0096526,2052
13868,r3i1p1f1,2052,12,20,11.81688367089285,13.559178,3.9492042,2052
13869,r3i1p1f1,2052,12,21,0.14033421114425326,13.540108,4.788019,2052
13870,r3i1p1f1,2052,12,22,0.0,14.607223,1.4097944,2052
13871,r3i1p1f1,2052,12,23,0.0,15.452504,3.1616032,2052
13872,r3i1p1f1,2052,12,24,0.0,16.311008,3.742626,2052
13873,r3i1p1f1,2052,12,25,0.0,16.588234,4.4529877,2052
13874,r3i1p1f1,2052,12,26,0.0,17.140667,3.9123006,2052
13875,r3i1p1f1,2052,12,27,0.0,15.496707,3.8669596,2052
13876,r3i1p1f1,2052,12,28,0.0,15.90335,3.4956055,2052
13877,r3i1p1f1,2052,12,29,0.0,16.074993,3.805595,2052
13878,r3i1p1f1,2052,12,30,0.2973353167652187,14.244767,4.3373675,2052
13879,r3i1p1f1,2052,12,31,7.413270347226375,14.463597,5.025041,2052
13880,r3i1p1f1,2053,01,01,16.203820298943548,12.036218,2.7416236,2053
13881,r3i1p1f1,2053,01,02,0.11693141880228226,10.041542,1.253103,2053
13882,r3i1p1f1,2053,01,03,0.0,10.063554,2.2671528,2053
13883,r3i1p1f1,2053,01,04,0.0,10.213881,-0.90450805,2053
13884,r3i1p1f1,2053,01,05,0.0044362893888980825,10.198095,1.9675179,2053
13885,r3i1p1f1,2053,01,06,0.14226119826244857,8.833325,2.3819344,2053
13886,r3i1p1f1,2053,01,07,0.020348472462501377,10.080566,-2.4869003,2053
13887,r3i1p1f1,2053,01,08,0.0,10.864344,-0.95545536,2053
13888,r3i1p1f1,2053,01,09,0.0,13.939873,-0.052300703,2053
13889,r3i1p1f1,2053,01,10,0.0,15.038463,2.0256102,2053
13890,r3i1p1f1,2053,01,11,0.0,16.343517,4.025774,2053
13891,r3i1p1f1,2053,01,12,0.0,15.85072,3.4962401,2053
13892,r3i1p1f1,2053,01,13,0.0,16.367281,2.9366152,2053
13893,r3i1p1f1,2053,01,14,0.0,15.98679,3.7661617,2053
13894,r3i1p1f1,2053,01,15,0.0,15.200254,1.94294,2053
13895,r3i1p1f1,2053,01,16,0.06386658505741225,13.690897,2.2383776,2053
13896,r3i1p1f1,2053,01,17,0.0,13.933241,1.8674645,2053
13897,r3i1p1f1,2053,01,18,0.0,16.905935,3.0805027,2053
13898,r3i1p1f1,2053,01,19,0.0008261909533757716,19.242655,6.2244773,2053
13899,r3i1p1f1,2053,01,20,0.0,19.91156,5.719297,2053
13900,r3i1p1f1,2053,01,21,0.0,18.372572,6.2942653,2053
13901,r3i1p1f1,2053,01,22,1.8751883437686379,17.081295,5.7262964,2053
13902,r3i1p1f1,2053,01,23,24.723474093588074,13.520225,6.1930933,2053
13903,r3i1p1f1,2053,01,24,35.60230771161087,13.325775,7.140508,2053
13904,r3i1p1f1,2053,01,25,59.51843253839894,15.414493,8.190855,2053
13905,r3i1p1f1,2053,01,26,8.365065204335693,13.065227,1.9352987,2053
13906,r3i1p1f1,2053,01,27,1.3996827431599905,10.451015,-2.2324893,2053
13907,r3i1p1f1,2053,01,28,16.797968052320137,13.967506,2.9884076,2053
13908,r3i1p1f1,2053,01,29,0.0,14.29243,1.2530242,2053
13909,r3i1p1f1,2053,01,30,0.0,15.752871,2.9228828,2053
13910,r3i1p1f1,2053,01,31,11.61660818378247,15.789144,5.4550924,2053
13911,r3i1p1f1,2053,02,01,33.37947936606008,14.399623,8.362924,2053
13912,r3i1p1f1,2053,02,02,21.211588051113665,12.355347,3.9373295,2053
13913,r3i1p1f1,2053,02,03,1.0463257351994164,13.329181,1.1847186,2053
13914,r3i1p1f1,2053,02,04,19.798043166022055,14.3034725,7.59708,2053
13915,r3i1p1f1,2053,02,05,15.257135472396234,13.886788,5.8767548,2053
13916,r3i1p1f1,2053,02,06,0.03426607754976651,12.981933,2.3462892,2053
13917,r3i1p1f1,2053,02,07,0.0,16.241308,1.1469878,2053
13918,r3i1p1f1,2053,02,08,0.0,17.198277,4.440448,2053
13919,r3i1p1f1,2053,02,09,9.390223719592816,16.008123,6.0526447,2053
13920,r3i1p1f1,2053,02,10,0.9021562812521359,12.564968,2.0073216,2053
13921,r3i1p1f1,2053,02,11,0.0,14.299712,1.289673,2053
13922,r3i1p1f1,2053,02,12,0.003882097856452068,14.94909,2.509508,2053
13923,r3i1p1f1,2053,02,13,0.11185612606520105,17.370445,4.56709,2053
13924,r3i1p1f1,2053,02,14,0.0,18.646585,3.292159,2053
13925,r3i1p1f1,2053,02,15,0.0,18.642603,4.4965863,2053
13926,r3i1p1f1,2053,02,16,0.01798332744246264,18.020954,4.2458825,2053
13927,r3i1p1f1,2053,02,17,17.32460184345958,14.5099745,4.3731894,2053
13928,r3i1p1f1,2053,02,18,0.01982133096493216,9.841961,0.5910236,2053
13929,r3i1p1f1,2053,02,19,0.04634903684773511,14.875049,1.7583183,2053
13930,r3i1p1f1,2053,02,20,0.0,16.580433,2.1478567,2053
13931,r3i1p1f1,2053,02,21,0.0,16.758135,2.5808003,2053
13932,r3i1p1f1,2053,02,22,0.0,16.453194,2.6099274,2053
13933,r3i1p1f1,2053,02,23,0.0,16.92885,2.4149978,2053
13934,r3i1p1f1,2053,02,24,0.0,16.653475,2.737139,2053
13935,r3i1p1f1,2053,02,25,0.0,16.66809,2.23231,2053
13936,r3i1p1f1,2053,02,26,3.318056758653256,17.035059,5.7321587,2053
13937,r3i1p1f1,2053,02,27,6.084567070043484,16.527283,7.7048225,2053
13938,r3i1p1f1,2053,02,28,29.386340011338298,16.787554,10.180948,2053
13939,r3i1p1f1,2053,03,01,3.399776428448218,13.344358,-0.11008846,2053
13940,r3i1p1f1,2053,03,02,0.35516794935932866,13.938363,-1.100886,2053
13941,r3i1p1f1,2053,03,03,0.0,16.258345,-0.044866964,2053
13942,r3i1p1f1,2053,03,04,0.04114036559478722,17.272617,4.227109,2053
13943,r3i1p1f1,2053,03,05,0.0628431383114675,19.249353,3.8322716,2053
13944,r3i1p1f1,2053,03,06,0.004680576241408937,19.61424,5.5833235,2053
13945,r3i1p1f1,2053,03,07,0.0,20.33436,3.4784153,2053
13946,r3i1p1f1,2053,03,08,1.0898757589799943,17.561209,6.9342604,2053
13947,r3i1p1f1,2053,03,09,8.300314576291854,11.691254,2.4273505,2053
13948,r3i1p1f1,2053,03,10,0.0,14.885862,-0.5358809,2053
13949,r3i1p1f1,2053,03,11,0.04000407679775504,19.580029,3.3634431,2053
13950,r3i1p1f1,2053,03,12,0.0,20.368904,4.5586967,2053
13951,r3i1p1f1,2053,03,13,0.0,20.089033,5.9823856,2053
13952,r3i1p1f1,2053,03,14,0.0,21.02926,5.5432005,2053
13953,r3i1p1f1,2053,03,15,0.0,22.03899,5.0090184,2053
13954,r3i1p1f1,2053,03,16,1.9293698442473242,20.452803,5.794767,2053
13955,r3i1p1f1,2053,03,17,20.383752341524197,12.566259,5.0341854,2053
13956,r3i1p1f1,2053,03,18,0.10061249718119418,11.968581,1.3337368,2053
13957,r3i1p1f1,2053,03,19,0.0,17.063334,1.7336862,2053
13958,r3i1p1f1,2053,03,20,0.0,20.588884,4.69617,2053
13959,r3i1p1f1,2053,03,21,4.923398315743477,17.353313,4.571811,2053
13960,r3i1p1f1,2053,03,22,11.19319731817141,10.406544,-0.47014552,2053
13961,r3i1p1f1,2053,03,23,0.14912154824053164,14.330736,2.2129905,2053
13962,r3i1p1f1,2053,03,24,0.090362987248227,17.53903,4.454693,2053
13963,r3i1p1f1,2053,03,25,0.06339513164482813,17.801926,5.3517013,2053
13964,r3i1p1f1,2053,03,26,0.003316719402474436,18.663204,4.283217,2053
13965,r3i1p1f1,2053,03,27,0.12076830094856357,17.84165,5.1089187,2053
13966,r3i1p1f1,2053,03,28,0.023953985470474105,17.107294,2.3423803,2053
13967,r3i1p1f1,2053,03,29,0.05109478260926677,19.795872,3.2040765,2053
13968,r3i1p1f1,2053,03,30,0.0,20.720306,5.359105,2053
13969,r3i1p1f1,2053,03,31,0.0,21.12786,6.103244,2053
13970,r3i1p1f1,2053,04,01,0.08406090646420841,22.273775,6.3075066,2053
13971,r3i1p1f1,2053,04,02,0.0,24.605015,6.9616556,2053
13972,r3i1p1f1,2053,04,03,0.0,27.85795,9.249656,2053
13973,r3i1p1f1,2053,04,04,0.0,25.65559,8.5167265,2053
13974,r3i1p1f1,2053,04,05,0.5911426356110359,21.845175,6.9384108,2053
13975,r3i1p1f1,2053,04,06,0.15296201491516762,17.065702,1.7719109,2053
13976,r3i1p1f1,2053,04,07,0.29600968878901657,14.886199,2.258319,2053
13977,r3i1p1f1,2053,04,08,0.03255687477631551,18.820686,4.7118645,2053
13978,r3i1p1f1,2053,04,09,0.0,23.692093,4.813441,2053
13979,r3i1p1f1,2053,04,10,0.0,25.150936,7.699918,2053
13980,r3i1p1f1,2053,04,11,0.0,22.734999,5.4558754,2053
13981,r3i1p1f1,2053,04,12,0.0,24.320213,6.5303187,2053
13982,r3i1p1f1,2053,04,13,0.0,27.78,8.825355,2053
13983,r3i1p1f1,2053,04,14,0.0,30.894978,11.338679,2053
13984,r3i1p1f1,2053,04,15,0.0,33.15594,13.66612,2053
13985,r3i1p1f1,2053,04,16,0.0,33.017864,13.500738,2053
13986,r3i1p1f1,2053,04,17,0.0,33.102917,13.605561,2053
13987,r3i1p1f1,2053,04,18,5.221611363747136,26.725555,8.662561,2053
13988,r3i1p1f1,2053,04,19,5.885792271556883,15.213337,2.832898,2053
13989,r3i1p1f1,2053,04,20,0.0,21.23489,5.297191,2053
13990,r3i1p1f1,2053,04,21,0.0,25.568434,7.4306326,2053
13991,r3i1p1f1,2053,04,22,0.0,30.219837,11.075947,2053
13992,r3i1p1f1,2053,04,23,0.0,32.215523,13.305498,2053
13993,r3i1p1f1,2053,04,24,0.0,31.942669,12.919956,2053
13994,r3i1p1f1,2053,04,25,0.0,31.519129,12.184753,2053
13995,r3i1p1f1,2053,04,26,0.0,30.923527,11.949908,2053
13996,r3i1p1f1,2053,04,27,0.0,30.693663,11.280009,2053
13997,r3i1p1f1,2053,04,28,0.0,27.799387,8.673571,2053
13998,r3i1p1f1,2053,04,29,0.0,29.004725,9.3241,2053
13999,r3i1p1f1,2053,04,30,0.0,28.972744,9.81947,2053
14000,r3i1p1f1,2053,05,01,3.0979627639835323,26.091219,9.219508,2053
14001,r3i1p1f1,2053,05,02,0.9030071236382796,21.575857,4.7367325,2053
14002,r3i1p1f1,2053,05,03,0.0,22.463352,6.202297,2053
14003,r3i1p1f1,2053,05,04,0.0,21.429459,4.6842885,2053
14004,r3i1p1f1,2053,05,05,0.0,22.513956,4.6762624,2053
14005,r3i1p1f1,2053,05,06,0.0,25.69167,7.4142756,2053
14006,r3i1p1f1,2053,05,07,0.0,28.9507,10.809014,2053
14007,r3i1p1f1,2053,05,08,0.0,29.201233,10.764204,2053
14008,r3i1p1f1,2053,05,09,0.0,29.004915,9.791581,2053
14009,r3i1p1f1,2053,05,10,0.0,28.789648,9.603167,2053
14010,r3i1p1f1,2053,05,11,0.0,28.860329,10.164073,2053
14011,r3i1p1f1,2053,05,12,0.0,28.742535,10.572994,2053
14012,r3i1p1f1,2053,05,13,0.0,28.729078,10.9771805,2053
14013,r3i1p1f1,2053,05,14,0.0,30.559155,11.555153,2053
14014,r3i1p1f1,2053,05,15,0.51934962467137,29.002487,13.043491,2053
14015,r3i1p1f1,2053,05,16,0.17285278525598574,27.350704,10.993308,2053
14016,r3i1p1f1,2053,05,17,0.0010067411296238954,24.693123,7.8498273,2053
14017,r3i1p1f1,2053,05,18,0.0,27.578074,8.6418,2053
14018,r3i1p1f1,2053,05,19,0.0,31.665337,12.421635,2053
14019,r3i1p1f1,2053,05,20,0.0,34.241055,14.336079,2053
14020,r3i1p1f1,2053,05,21,0.0,34.746647,15.037444,2053
14021,r3i1p1f1,2053,05,22,0.0,35.051258,15.026774,2053
14022,r3i1p1f1,2053,05,23,0.0,35.80832,15.567417,2053
14023,r3i1p1f1,2053,05,24,0.0,35.328693,15.255899,2053
14024,r3i1p1f1,2053,05,25,0.0,31.79904,12.677148,2053
14025,r3i1p1f1,2053,05,26,0.0,25.881952,9.200279,2053
14026,r3i1p1f1,2053,05,27,0.0,20.21364,4.069575,2053
14027,r3i1p1f1,2053,05,28,0.0,23.276833,4.7313204,2053
14028,r3i1p1f1,2053,05,29,0.0,26.521156,7.6808677,2053
14029,r3i1p1f1,2053,05,30,0.0,25.458946,7.9739223,2053
14030,r3i1p1f1,2053,05,31,0.0,23.734102,6.102918,2053
14031,r3i1p1f1,2053,06,01,0.038801683452523626,21.800186,4.847788,2053
14032,r3i1p1f1,2053,06,02,0.013406825962716319,20.736328,3.9710977,2053
14033,r3i1p1f1,2053,06,03,0.017653489555937773,22.236515,5.184255,2053
14034,r3i1p1f1,2053,06,04,0.0,24.308565,6.524477,2053
14035,r3i1p1f1,2053,06,05,0.0,27.690464,9.104942,2053
14036,r3i1p1f1,2053,06,06,0.0,30.459991,11.282565,2053
14037,r3i1p1f1,2053,06,07,0.0,29.46074,10.905485,2053
14038,r3i1p1f1,2053,06,08,0.0,27.160257,9.86383,2053
14039,r3i1p1f1,2053,06,09,0.0,23.897898,7.931435,2053
14040,r3i1p1f1,2053,06,10,0.0,26.0141,8.6094265,2053
14041,r3i1p1f1,2053,06,11,0.0,33.79114,13.146456,2053
14042,r3i1p1f1,2053,06,12,0.0,38.426723,17.93539,2053
14043,r3i1p1f1,2053,06,13,0.0,40.036537,19.511932,2053
14044,r3i1p1f1,2053,06,14,0.0,39.808865,19.396515,2053
14045,r3i1p1f1,2053,06,15,0.0,39.26956,18.711077,2053
14046,r3i1p1f1,2053,06,16,0.0,36.64578,16.217978,2053
14047,r3i1p1f1,2053,06,17,0.0,34.56685,14.600823,2053
14048,r3i1p1f1,2053,06,18,0.0,33.590588,14.0891285,2053
14049,r3i1p1f1,2053,06,19,0.0,33.39204,14.501277,2053
14050,r3i1p1f1,2053,06,20,0.0,30.79,11.868194,2053
14051,r3i1p1f1,2053,06,21,0.0,28.939993,10.862114,2053
14052,r3i1p1f1,2053,06,22,0.0,27.859116,11.082005,2053
14053,r3i1p1f1,2053,06,23,0.0,24.692942,7.7844925,2053
14054,r3i1p1f1,2053,06,24,0.0,23.901802,7.617533,2053
14055,r3i1p1f1,2053,06,25,0.0,24.118435,7.555501,2053
14056,r3i1p1f1,2053,06,26,0.0,27.664896,10.15284,2053
14057,r3i1p1f1,2053,06,27,0.0,33.425426,13.182251,2053
14058,r3i1p1f1,2053,06,28,0.0,37.06066,16.240622,2053
14059,r3i1p1f1,2053,06,29,0.0,36.81884,16.51463,2053
14060,r3i1p1f1,2053,06,30,0.001996456447875861,35.428246,16.297909,2053
14061,r3i1p1f1,2053,07,01,0.0,33.34358,15.357073,2053
14062,r3i1p1f1,2053,07,02,0.0,32.50093,13.799159,2053
14063,r3i1p1f1,2053,07,03,0.0,33.660732,14.358489,2053
14064,r3i1p1f1,2053,07,04,0.0,36.78903,17.203722,2053
14065,r3i1p1f1,2053,07,05,0.0,37.60461,17.655863,2053
14066,r3i1p1f1,2053,07,06,0.0,38.00478,18.469166,2053
14067,r3i1p1f1,2053,07,07,0.0,37.324787,18.362345,2053
14068,r3i1p1f1,2053,07,08,0.041988924953550326,36.16285,17.408909,2053
14069,r3i1p1f1,2053,07,09,0.0,35.418007,18.38476,2053
14070,r3i1p1f1,2053,07,10,0.011402061561856306,35.585888,17.75402,2053
14071,r3i1p1f1,2053,07,11,0.0,36.926937,17.955173,2053
14072,r3i1p1f1,2053,07,12,0.1905896844585765,35.657063,19.725885,2053
14073,r3i1p1f1,2053,07,13,0.41748696958441567,35.105377,18.79427,2053
14074,r3i1p1f1,2053,07,14,0.0013195293264068437,37.263306,18.05742,2053
14075,r3i1p1f1,2053,07,15,0.0008399866673051182,39.436085,20.23392,2053
14076,r3i1p1f1,2053,07,16,0.1500584116861732,39.24999,21.21916,2053
14077,r3i1p1f1,2053,07,17,0.09307802220450179,38.73252,21.394833,2053
14078,r3i1p1f1,2053,07,18,0.5334635582689908,37.841133,20.443577,2053
14079,r3i1p1f1,2053,07,19,0.000552503095770424,37.548023,19.309423,2053
14080,r3i1p1f1,2053,07,20,0.016002256897715568,37.180405,19.426039,2053
14081,r3i1p1f1,2053,07,21,0.0,34.676937,17.643768,2053
14082,r3i1p1f1,2053,07,22,0.0,35.5055,17.886393,2053
14083,r3i1p1f1,2053,07,23,0.0,37.077835,19.188005,2053
14084,r3i1p1f1,2053,07,24,0.0,37.145374,18.760038,2053
14085,r3i1p1f1,2053,07,25,4.312151300122368,33.74594,16.914804,2053
14086,r3i1p1f1,2053,07,26,5.443282806269556,29.454195,16.609953,2053
14087,r3i1p1f1,2053,07,27,0.09270259236500626,33.502327,16.772707,2053
14088,r3i1p1f1,2053,07,28,0.13217355938236738,34.51149,16.940317,2053
14089,r3i1p1f1,2053,07,29,1.9425493709279567,35.3077,17.896187,2053
14090,r3i1p1f1,2053,07,30,1.9321020899069756,35.24797,17.956778,2053
14091,r3i1p1f1,2053,07,31,1.1240038682819542,35.58631,17.860592,2053
14092,r3i1p1f1,2053,08,01,0.19841099370916543,35.81323,17.629114,2053
14093,r3i1p1f1,2053,08,02,0.0,34.997066,16.849045,2053
14094,r3i1p1f1,2053,08,03,0.15455850324184267,32.984615,15.633147,2053
14095,r3i1p1f1,2053,08,04,0.3081127348521091,31.503977,14.454714,2053
14096,r3i1p1f1,2053,08,05,0.10130617211071888,32.16517,14.619652,2053
14097,r3i1p1f1,2053,08,06,0.0,32.241596,14.698607,2053
14098,r3i1p1f1,2053,08,07,0.0,32.431763,14.61184,2053
14099,r3i1p1f1,2053,08,08,0.0,32.39286,14.832316,2053
14100,r3i1p1f1,2053,08,09,0.0,30.01707,16.682743,2053
14101,r3i1p1f1,2053,08,10,0.0,29.001251,16.222906,2053
14102,r3i1p1f1,2053,08,11,0.0,36.186302,17.059525,2053
14103,r3i1p1f1,2053,08,12,0.037524334991096774,37.4511,19.504486,2053
14104,r3i1p1f1,2053,08,13,1.4527627676249144,37.87974,19.988148,2053
14105,r3i1p1f1,2053,08,14,0.0488622040553089,37.80715,20.494665,2053
14106,r3i1p1f1,2053,08,15,0.0,37.182297,18.81674,2053
14107,r3i1p1f1,2053,08,16,0.0026871356407575536,35.525063,17.661728,2053
14108,r3i1p1f1,2053,08,17,0.0,33.978725,15.51845,2053
14109,r3i1p1f1,2053,08,18,0.0,34.60658,15.811208,2053
14110,r3i1p1f1,2053,08,19,0.0,33.293434,15.937072,2053
14111,r3i1p1f1,2053,08,20,0.0,33.628838,15.234268,2053
14112,r3i1p1f1,2053,08,21,0.0,33.336586,14.461057,2053
14113,r3i1p1f1,2053,08,22,0.0,36.17611,17.166348,2053
14114,r3i1p1f1,2053,08,23,0.6997325133521702,37.93078,19.91782,2053
14115,r3i1p1f1,2053,08,24,0.31300220493876346,37.29688,20.464844,2053
14116,r3i1p1f1,2053,08,25,1.063864606897396,35.98085,18.968044,2053
14117,r3i1p1f1,2053,08,26,0.0,36.99458,18.12108,2053
14118,r3i1p1f1,2053,08,27,0.0,37.231194,16.832876,2053
14119,r3i1p1f1,2053,08,28,0.0,39.998077,18.396477,2053
14120,r3i1p1f1,2053,08,29,0.0026271457670990267,41.27835,20.599823,2053
14121,r3i1p1f1,2053,08,30,0.02898493994231985,40.285873,19.8943,2053
14122,r3i1p1f1,2053,08,31,0.019350481452420354,35.11079,18.715176,2053
14123,r3i1p1f1,2053,09,01,0.0,33.482994,18.36708,2053
14124,r3i1p1f1,2053,09,02,0.0,34.795315,17.868233,2053
14125,r3i1p1f1,2053,09,03,0.0,36.648186,18.729027,2053
14126,r3i1p1f1,2053,09,04,0.0017038444198216453,37.73162,19.717533,2053
14127,r3i1p1f1,2053,09,05,0.0,37.41675,20.304113,2053
14128,r3i1p1f1,2053,09,06,0.025797917218314426,37.316395,19.89436,2053
14129,r3i1p1f1,2053,09,07,0.0,37.2327,19.779741,2053
14130,r3i1p1f1,2053,09,08,0.0,37.195282,18.92797,2053
14131,r3i1p1f1,2053,09,09,0.0,37.447865,19.109978,2053
14132,r3i1p1f1,2053,09,10,0.27813128918448154,38.496956,19.958466,2053
14133,r3i1p1f1,2053,09,11,0.02375480404942099,38.70248,20.518002,2053
14134,r3i1p1f1,2053,09,12,0.0,38.24089,21.303413,2053
14135,r3i1p1f1,2053,09,13,0.9166237653610578,36.82776,20.755022,2053
14136,r3i1p1f1,2053,09,14,0.0,35.52556,20.544409,2053
14137,r3i1p1f1,2053,09,15,0.0,34.59702,17.889853,2053
14138,r3i1p1f1,2053,09,16,0.0,34.226498,16.068228,2053
14139,r3i1p1f1,2053,09,17,0.32221078358512995,32.428085,16.057028,2053
14140,r3i1p1f1,2053,09,18,0.24076499497327444,26.030933,11.275198,2053
14141,r3i1p1f1,2053,09,19,0.0,28.421099,12.464819,2053
14142,r3i1p1f1,2053,09,20,0.0,35.101616,17.265865,2053
14143,r3i1p1f1,2053,09,21,0.0,37.400352,19.78649,2053
14144,r3i1p1f1,2053,09,22,0.005452181353713527,37.33904,18.164131,2053
14145,r3i1p1f1,2053,09,23,0.053884323411197824,34.552734,17.300024,2053
14146,r3i1p1f1,2053,09,24,0.021081407550919914,29.215368,14.54543,2053
14147,r3i1p1f1,2053,09,25,0.021404792412685118,30.707512,13.375027,2053
14148,r3i1p1f1,2053,09,26,0.013578889047494158,29.922256,13.969935,2053
14149,r3i1p1f1,2053,09,27,0.06409685384961918,32.312847,13.879652,2053
14150,r3i1p1f1,2053,09,28,0.03813234111999698,32.013695,14.332026,2053
14151,r3i1p1f1,2053,09,29,0.0,31.464657,16.20569,2053
14152,r3i1p1f1,2053,09,30,0.0,33.363384,15.870177,2053
14153,r3i1p1f1,2053,10,01,0.0,33.128937,15.522697,2053
14154,r3i1p1f1,2053,10,02,0.36695599678337615,30.64443,14.353933,2053
14155,r3i1p1f1,2053,10,03,0.24148874128128006,24.855324,11.23092,2053
14156,r3i1p1f1,2053,10,04,0.0,31.78459,13.32288,2053
14157,r3i1p1f1,2053,10,05,0.0,35.697533,17.130539,2053
14158,r3i1p1f1,2053,10,06,0.0,35.76256,18.493517,2053
14159,r3i1p1f1,2053,10,07,0.0,34.708675,17.88816,2053
14160,r3i1p1f1,2053,10,08,0.002705466979409032,27.236486,11.635847,2053
14161,r3i1p1f1,2053,10,09,0.0,25.570257,8.674307,2053
14162,r3i1p1f1,2053,10,10,0.0,30.802992,13.277515,2053
14163,r3i1p1f1,2053,10,11,0.0,31.547853,14.014354,2053
14164,r3i1p1f1,2053,10,12,0.0,28.570684,12.575167,2053
14165,r3i1p1f1,2053,10,13,0.0,25.558748,10.116602,2053
14166,r3i1p1f1,2053,10,14,0.014823611965050188,23.84825,8.7104645,2053
14167,r3i1p1f1,2053,10,15,0.003230591466876142,24.192337,8.021788,2053
14168,r3i1p1f1,2053,10,16,0.0,25.751,8.394892,2053
14169,r3i1p1f1,2053,10,17,1.7979042691833016,24.842947,11.012945,2053
14170,r3i1p1f1,2053,10,18,14.664578659576916,25.855198,12.0164795,2053
14171,r3i1p1f1,2053,10,19,0.000517453123448473,25.252872,10.998551,2053
14172,r3i1p1f1,2053,10,20,0.0,26.894693,12.188194,2053
14173,r3i1p1f1,2053,10,21,0.00045899636902366626,24.545961,11.096284,2053
14174,r3i1p1f1,2053,10,22,0.0,21.958698,10.806028,2053
14175,r3i1p1f1,2053,10,23,0.0,19.831558,6.7367997,2053
14176,r3i1p1f1,2053,10,24,0.003593718874705673,24.109524,7.158469,2053
14177,r3i1p1f1,2053,10,25,0.0,26.932665,10.483466,2053
14178,r3i1p1f1,2053,10,26,0.0,26.142962,9.190611,2053
14179,r3i1p1f1,2053,10,27,0.0001522924955652067,22.7292,9.999209,2053
14180,r3i1p1f1,2053,10,28,0.0,20.122423,5.630561,2053
14181,r3i1p1f1,2053,10,29,0.0,23.304878,6.4833775,2053
14182,r3i1p1f1,2053,10,30,0.0,26.125189,9.294981,2053
14183,r3i1p1f1,2053,10,31,0.0,25.586311,10.277878,2053
14184,r3i1p1f1,2053,11,01,3.9250538121370595,26.673517,11.927464,2053
14185,r3i1p1f1,2053,11,02,3.7048047124462204,17.923481,6.540498,2053
14186,r3i1p1f1,2053,11,03,0.0,16.555395,3.2689323,2053
14187,r3i1p1f1,2053,11,04,11.295633194738802,17.883379,8.385623,2053
14188,r3i1p1f1,2053,11,05,7.026282803218981,17.915834,8.898724,2053
14189,r3i1p1f1,2053,11,06,0.07924101339526576,15.904699,5.891621,2053
14190,r3i1p1f1,2053,11,07,0.00019412616507686448,15.394841,4.0153503,2053
14191,r3i1p1f1,2053,11,08,0.0,18.072763,5.0731406,2053
14192,r3i1p1f1,2053,11,09,0.0,18.719072,5.177576,2053
14193,r3i1p1f1,2053,11,10,0.0,17.885778,5.3509765,2053
14194,r3i1p1f1,2053,11,11,0.0,18.434736,5.62362,2053
14195,r3i1p1f1,2053,11,12,0.0,21.037743,5.3929467,2053
14196,r3i1p1f1,2053,11,13,0.0,20.13919,6.6873236,2053
14197,r3i1p1f1,2053,11,14,0.06436045307464844,18.538042,8.224827,2053
14198,r3i1p1f1,2053,11,15,0.00827125435038893,19.28829,8.24038,2053
14199,r3i1p1f1,2053,11,16,0.16608856478838294,19.249445,8.212658,2053
14200,r3i1p1f1,2053,11,17,0.27763975394808577,17.335062,5.6490088,2053
14201,r3i1p1f1,2053,11,18,0.015124926541113493,15.139973,4.9890246,2053
14202,r3i1p1f1,2053,11,19,0.0,17.904331,4.2782416,2053
14203,r3i1p1f1,2053,11,20,0.0,18.94386,5.340404,2053
14204,r3i1p1f1,2053,11,21,0.023155982782940777,19.843674,6.525447,2053
14205,r3i1p1f1,2053,11,22,0.6030340989783519,20.126848,7.8615327,2053
14206,r3i1p1f1,2053,11,23,1.4881896287073633,19.83826,8.150065,2053
14207,r3i1p1f1,2053,11,24,0.13944027368834763,17.233751,6.0400023,2053
14208,r3i1p1f1,2053,11,25,0.0416510735257444,16.538958,3.8575583,2053
14209,r3i1p1f1,2053,11,26,0.0,15.95796,2.279974,2053
14210,r3i1p1f1,2053,11,27,0.0,14.316798,1.2299032,2053
14211,r3i1p1f1,2053,11,28,0.1159312114696425,12.597607,0.4348989,2053
14212,r3i1p1f1,2053,11,29,1.4263359973406433,11.042084,0.7415898,2053
14213,r3i1p1f1,2053,11,30,0.0998118624512713,13.930025,3.7459955,2053
14214,r3i1p1f1,2053,12,01,0.0,17.244276,4.4460907,2053
14215,r3i1p1f1,2053,12,02,0.0,20.114435,7.3615546,2053
14216,r3i1p1f1,2053,12,03,0.0,21.34924,7.6372175,2053
14217,r3i1p1f1,2053,12,04,0.0,21.722166,7.786255,2053
14218,r3i1p1f1,2053,12,05,0.0,22.145489,8.517719,2053
14219,r3i1p1f1,2053,12,06,0.22645010818726433,18.25145,8.159197,2053
14220,r3i1p1f1,2053,12,07,4.615134882375666,11.188511,1.7584172,2053
14221,r3i1p1f1,2053,12,08,0.0,10.340781,-2.7246542,2053
14222,r3i1p1f1,2053,12,09,0.0,12.569773,-1.3452883,2053
14223,r3i1p1f1,2053,12,10,0.007928803168011435,15.460757,0.5931602,2053
14224,r3i1p1f1,2053,12,11,0.13055480272159362,12.775422,2.6493256,2053
14225,r3i1p1f1,2053,12,12,0.0,12.092926,-1.8605837,2053
14226,r3i1p1f1,2053,12,13,0.02078096932095694,13.454909,1.5381219,2053
14227,r3i1p1f1,2053,12,14,8.572021505496002,12.135155,3.9135873,2053
14228,r3i1p1f1,2053,12,15,0.25083102783272887,8.442386,-1.850363,2053
14229,r3i1p1f1,2053,12,16,0.0,8.009835,-4.118104,2053
14230,r3i1p1f1,2053,12,17,0.0,9.720659,-3.4200912,2053
14231,r3i1p1f1,2053,12,18,0.21343851000313985,8.695242,-0.44167903,2053
14232,r3i1p1f1,2053,12,19,5.450296801557835,7.7001314,-0.09938222,2053
14233,r3i1p1f1,2053,12,20,24.76487033211125,10.131332,1.7174842,2053
14234,r3i1p1f1,2053,12,21,0.003654439347111761,5.999687,-4.6803126,2053
14235,r3i1p1f1,2053,12,22,25.81439976472404,10.091632,0.2593281,2053
14236,r3i1p1f1,2053,12,23,25.143023253917132,15.527794,5.137437,2053
14237,r3i1p1f1,2053,12,24,6.57266920812562,13.636565,6.0430584,2053
14238,r3i1p1f1,2053,12,25,0.06149717685096248,10.760126,1.7816573,2053
14239,r3i1p1f1,2053,12,26,0.016691156620667738,12.514529,2.1912534,2053
14240,r3i1p1f1,2053,12,27,0.003970303964293139,14.9008,3.2061937,2053
14241,r3i1p1f1,2053,12,28,0.0,15.968838,3.4351346,2053
14242,r3i1p1f1,2053,12,29,0.00028886484814751327,15.597226,3.7061975,2053
14243,r3i1p1f1,2053,12,30,1.8261764088586487,14.936386,4.615622,2053
14244,r3i1p1f1,2053,12,31,0.021877903050291494,13.003864,3.084013,2053
14245,r3i1p1f1,2054,01,01,0.0,12.159332,-0.36628425,2054
14246,r3i1p1f1,2054,01,02,0.0,12.148724,-0.23536417,2054
14247,r3i1p1f1,2054,01,03,0.0,12.637419,-0.6671707,2054
14248,r3i1p1f1,2054,01,04,0.0,10.737508,-0.7847942,2054
14249,r3i1p1f1,2054,01,05,0.0,12.851968,-0.47508603,2054
14250,r3i1p1f1,2054,01,06,0.0,11.322599,-1.9487001,2054
14251,r3i1p1f1,2054,01,07,1.136991931081976,7.1569257,0.34792852,2054
14252,r3i1p1f1,2054,01,08,0.004897091615324219,9.814704,-0.6205887,2054
14253,r3i1p1f1,2054,01,09,0.21109603034925717,9.738623,1.7104664,2054
14254,r3i1p1f1,2054,01,10,3.9101724747315254,6.9046063,1.6285363,2054
14255,r3i1p1f1,2054,01,11,0.5490955327393915,8.216835,-2.664504,2054
14256,r3i1p1f1,2054,01,12,0.0003562508165046121,9.992449,0.40312365,2054
14257,r3i1p1f1,2054,01,13,0.0,12.435269,-1.8079152,2054
14258,r3i1p1f1,2054,01,14,0.0,11.328493,-1.4931419,2054
14259,r3i1p1f1,2054,01,15,0.0,14.317684,1.8299165,2054
14260,r3i1p1f1,2054,01,16,0.0,13.66579,0.2693799,2054
14261,r3i1p1f1,2054,01,17,0.0,12.460822,-0.035672974,2054
14262,r3i1p1f1,2054,01,18,0.0,11.665989,-0.25810736,2054
14263,r3i1p1f1,2054,01,19,0.0,10.719047,-0.21530567,2054
14264,r3i1p1f1,2054,01,20,0.0,12.563782,-0.35163158,2054
14265,r3i1p1f1,2054,01,21,0.0,12.319923,-0.40364546,2054
14266,r3i1p1f1,2054,01,22,0.0,14.44933,1.6053418,2054
14267,r3i1p1f1,2054,01,23,0.0,16.360516,2.4781473,2054
14268,r3i1p1f1,2054,01,24,0.0,15.529177,2.0640805,2054
14269,r3i1p1f1,2054,01,25,0.2842751164594533,13.887626,1.5989693,2054
14270,r3i1p1f1,2054,01,26,0.034887582050666395,11.908378,2.1415746,2054
14271,r3i1p1f1,2054,01,27,0.0,12.173205,0.24530625,2054
14272,r3i1p1f1,2054,01,28,0.0,14.559259,-0.42510062,2054
14273,r3i1p1f1,2054,01,29,0.0,14.122595,0.53215003,2054
14274,r3i1p1f1,2054,01,30,0.0,13.753633,0.54124534,2054
14275,r3i1p1f1,2054,01,31,0.0,15.402115,1.0525433,2054
14276,r3i1p1f1,2054,02,01,1.0115133293931828,15.3132715,2.526266,2054
14277,r3i1p1f1,2054,02,02,0.8023880729262711,12.788502,3.4009624,2054
14278,r3i1p1f1,2054,02,03,0.0009825988849060554,13.313259,-0.83164006,2054
14279,r3i1p1f1,2054,02,04,0.0007075924341651527,15.061634,2.6616647,2054
14280,r3i1p1f1,2054,02,05,1.521511729512316,14.841249,4.3101587,2054
14281,r3i1p1f1,2054,02,06,0.0,14.707541,1.0944891,2054
14282,r3i1p1f1,2054,02,07,0.0,14.746099,1.2014481,2054
14283,r3i1p1f1,2054,02,08,0.2784091437404806,14.6778145,2.4344165,2054
14284,r3i1p1f1,2054,02,09,0.0,14.374723,0.44271705,2054
14285,r3i1p1f1,2054,02,10,0.0,14.05327,-0.5550981,2054
14286,r3i1p1f1,2054,02,11,0.0,14.851357,0.26948377,2054
14287,r3i1p1f1,2054,02,12,0.0,15.463982,0.4450664,2054
14288,r3i1p1f1,2054,02,13,0.0,15.368477,0.80173606,2054
14289,r3i1p1f1,2054,02,14,0.0,15.109831,-0.114774235,2054
14290,r3i1p1f1,2054,02,15,3.9531159859964675,14.332476,2.3023603,2054
14291,r3i1p1f1,2054,02,16,1.9466520581486155,15.33649,1.4993216,2054
14292,r3i1p1f1,2054,02,17,0.0012686395855394728,19.084993,3.4528587,2054
14293,r3i1p1f1,2054,02,18,3.955393589222336,18.356573,4.430804,2054
14294,r3i1p1f1,2054,02,19,19.570360395616948,14.790306,5.7241154,2054
14295,r3i1p1f1,2054,02,20,8.645915000286715,14.571964,6.0516734,2054
14296,r3i1p1f1,2054,02,21,4.834875124896632,15.338973,4.7387733,2054
14297,r3i1p1f1,2054,02,22,9.852391171302632,15.563863,5.3733654,2054
14298,r3i1p1f1,2054,02,23,9.225677310373474,14.072441,5.20973,2054
14299,r3i1p1f1,2054,02,24,0.005209776090024124,12.888095,0.5350916,2054
14300,r3i1p1f1,2054,02,25,0.04003575307830364,12.07832,-1.913,2054
14301,r3i1p1f1,2054,02,26,1.4156532993001747,10.610561,-0.20371363,2054
14302,r3i1p1f1,2054,02,27,0.0,11.832363,-1.497681,2054
14303,r3i1p1f1,2054,02,28,0.8639062669011434,11.851021,-1.1943969,2054
14304,r3i1p1f1,2054,03,01,0.629898743588428,8.670083,-2.4463177,2054
14305,r3i1p1f1,2054,03,02,0.0,12.894911,-3.7135189,2054
14306,r3i1p1f1,2054,03,03,0.0,16.112137,0.4803837,2054
14307,r3i1p1f1,2054,03,04,0.0,18.660471,1.4506946,2054
14308,r3i1p1f1,2054,03,05,0.0014480671212147695,20.23308,3.4267735,2054
14309,r3i1p1f1,2054,03,06,2.159776934661088,18.047413,3.1116557,2054
14310,r3i1p1f1,2054,03,07,0.14859987375860906,12.574975,0.99413985,2054
14311,r3i1p1f1,2054,03,08,0.0002479482315142046,13.893247,-3.048454,2054
14312,r3i1p1f1,2054,03,09,9.493851754415312,12.90248,2.7328286,2054
14313,r3i1p1f1,2054,03,10,2.0101212406481146,11.132511,0.1507933,2054
14314,r3i1p1f1,2054,03,11,0.0,16.49489,-2.0154574,2054
14315,r3i1p1f1,2054,03,12,0.0,18.475512,1.2972999,2054
14316,r3i1p1f1,2054,03,13,0.0,19.373709,4.83984,2054
14317,r3i1p1f1,2054,03,14,0.0,21.740631,4.3410006,2054
14318,r3i1p1f1,2054,03,15,0.0,22.390839,4.9220953,2054
14319,r3i1p1f1,2054,03,16,0.0,21.684937,5.196245,2054
14320,r3i1p1f1,2054,03,17,0.016052609708188385,21.259455,5.4550962,2054
14321,r3i1p1f1,2054,03,18,0.08670684793521628,21.418806,5.089872,2054
14322,r3i1p1f1,2054,03,19,24.20008378632536,16.316376,3.443646,2054
14323,r3i1p1f1,2054,03,20,12.365703757686513,10.808852,2.3721633,2054
14324,r3i1p1f1,2054,03,21,1.6718329869394384,13.700403,1.6110811,2054
14325,r3i1p1f1,2054,03,22,0.18884476134778858,13.800989,3.1145556,2054
14326,r3i1p1f1,2054,03,23,0.745109780699281,11.164036,2.7803805,2054
14327,r3i1p1f1,2054,03,24,3.6730585349444786,15.001715,3.62585,2054
14328,r3i1p1f1,2054,03,25,0.6097537193823938,17.528343,1.1664811,2054
14329,r3i1p1f1,2054,03,26,0.0,18.40217,2.2038052,2054
14330,r3i1p1f1,2054,03,27,0.08645223268875711,16.808235,2.4829578,2054
14331,r3i1p1f1,2054,03,28,8.465043759157803,8.759138,1.7669842,2054
14332,r3i1p1f1,2054,03,29,2.9536310729980126,14.479912,0.39951128,2054
14333,r3i1p1f1,2054,03,30,0.00875612096106951,18.598091,0.6288211,2054
14334,r3i1p1f1,2054,03,31,0.0,21.306849,3.8505058,2054
14335,r3i1p1f1,2054,04,01,0.0,19.102587,4.990521,2054
14336,r3i1p1f1,2054,04,02,0.0,14.858926,-1.1477386,2054
14337,r3i1p1f1,2054,04,03,0.0,17.442905,0.7531764,2054
14338,r3i1p1f1,2054,04,04,0.0,18.893042,3.4047825,2054
14339,r3i1p1f1,2054,04,05,0.0,22.784603,4.526035,2054
14340,r3i1p1f1,2054,04,06,0.0,25.69847,7.1674,2054
14341,r3i1p1f1,2054,04,07,0.16113553631426344,23.18647,5.955793,2054
14342,r3i1p1f1,2054,04,08,0.0,14.393121,-1.0406588,2054
14343,r3i1p1f1,2054,04,09,0.0,17.397266,-0.3168539,2054
14344,r3i1p1f1,2054,04,10,0.0,20.758394,1.6062728,2054
14345,r3i1p1f1,2054,04,11,0.010205223595469513,19.671898,3.3828843,2054
14346,r3i1p1f1,2054,04,12,0.0967956095910543,16.13102,3.4453247,2054
14347,r3i1p1f1,2054,04,13,0.07069339885316422,18.583544,0.09539021,2054
14348,r3i1p1f1,2054,04,14,0.32361767803112423,16.189892,-0.17296961,2054
14349,r3i1p1f1,2054,04,15,0.11716090753466371,19.178318,2.8145554,2054
14350,r3i1p1f1,2054,04,16,0.0,25.452433,6.1611495,2054
14351,r3i1p1f1,2054,04,17,0.0,24.558249,5.869716,2054
14352,r3i1p1f1,2054,04,18,0.0008467147409012823,21.815933,3.287491,2054
14353,r3i1p1f1,2054,04,19,0.0,22.30727,3.7067358,2054
14354,r3i1p1f1,2054,04,20,0.0,24.324036,5.715865,2054
14355,r3i1p1f1,2054,04,21,0.240641527603712,22.439013,4.583797,2054
14356,r3i1p1f1,2054,04,22,0.09758117826563786,17.765877,1.6718842,2054
14357,r3i1p1f1,2054,04,23,0.0,21.287447,3.0480747,2054
14358,r3i1p1f1,2054,04,24,0.0,26.167273,6.4544497,2054
14359,r3i1p1f1,2054,04,25,0.0,28.420897,8.687628,2054
14360,r3i1p1f1,2054,04,26,0.0,30.854279,10.758628,2054
14361,r3i1p1f1,2054,04,27,0.0,30.166239,10.397235,2054
14362,r3i1p1f1,2054,04,28,0.0015493169088255274,24.844126,7.77839,2054
14363,r3i1p1f1,2054,04,29,0.0,21.623348,4.079533,2054
14364,r3i1p1f1,2054,04,30,0.0,24.1981,5.062693,2054
14365,r3i1p1f1,2054,05,01,0.0,28.86954,8.171276,2054
14366,r3i1p1f1,2054,05,02,0.0,27.607548,8.93598,2054
14367,r3i1p1f1,2054,05,03,0.2437453246475894,27.37357,10.985994,2054
14368,r3i1p1f1,2054,05,04,5.893627466333176,26.821741,8.380998,2054
14369,r3i1p1f1,2054,05,05,0.10839570253720564,21.34239,5.109465,2054
14370,r3i1p1f1,2054,05,06,0.0,21.990387,5.663125,2054
14371,r3i1p1f1,2054,05,07,0.0,21.820417,4.277421,2054
14372,r3i1p1f1,2054,05,08,8.699123478595125,16.234413,5.9624333,2054
14373,r3i1p1f1,2054,05,09,5.015935426560066,16.050951,5.904677,2054
14374,r3i1p1f1,2054,05,10,0.016391498602112704,17.017956,2.8583527,2054
14375,r3i1p1f1,2054,05,11,0.0,20.541773,2.103999,2054
14376,r3i1p1f1,2054,05,12,0.0,20.965559,5.1197343,2054
14377,r3i1p1f1,2054,05,13,0.35428597707901976,18.07297,3.6352518,2054
14378,r3i1p1f1,2054,05,14,0.013753047819729105,18.149515,1.5902812,2054
14379,r3i1p1f1,2054,05,15,0.025223485992517617,18.980028,3.401759,2054
14380,r3i1p1f1,2054,05,16,0.0,25.000431,5.751041,2054
14381,r3i1p1f1,2054,05,17,0.0,29.199554,10.178728,2054
14382,r3i1p1f1,2054,05,18,0.0,32.269585,12.026608,2054
14383,r3i1p1f1,2054,05,19,0.0,34.37854,14.2707405,2054
14384,r3i1p1f1,2054,05,20,0.0,32.894173,13.930727,2054
14385,r3i1p1f1,2054,05,21,0.0,28.466833,9.638319,2054
14386,r3i1p1f1,2054,05,22,0.0,26.053377,6.9903708,2054
14387,r3i1p1f1,2054,05,23,0.0,29.311705,10.329284,2054
14388,r3i1p1f1,2054,05,24,0.0,36.349472,15.716204,2054
14389,r3i1p1f1,2054,05,25,0.0,35.830864,15.908196,2054
14390,r3i1p1f1,2054,05,26,0.0,30.99505,11.446598,2054
14391,r3i1p1f1,2054,05,27,0.0003930178795461402,24.919466,8.07006,2054
14392,r3i1p1f1,2054,05,28,0.08843028523904539,25.6382,8.58749,2054
14393,r3i1p1f1,2054,05,29,0.00034727639462234396,28.182846,9.337608,2054
14394,r3i1p1f1,2054,05,30,0.0,29.141691,9.596302,2054
14395,r3i1p1f1,2054,05,31,0.0,28.075949,9.75477,2054
14396,r3i1p1f1,2054,06,01,0.0,27.633099,11.746194,2054
14397,r3i1p1f1,2054,06,02,0.0,30.088602,11.591992,2054
14398,r3i1p1f1,2054,06,03,0.0,32.548374,13.271193,2054
14399,r3i1p1f1,2054,06,04,0.0,37.58384,17.138975,2054
14400,r3i1p1f1,2054,06,05,0.0,38.65957,17.879667,2054
14401,r3i1p1f1,2054,06,06,0.017054179673626397,37.45807,17.594374,2054
14402,r3i1p1f1,2054,06,07,0.0,36.613373,17.34332,2054
14403,r3i1p1f1,2054,06,08,0.0,35.45159,16.013248,2054
14404,r3i1p1f1,2054,06,09,0.0,28.450329,11.829624,2054
14405,r3i1p1f1,2054,06,10,0.0,27.968147,11.016788,2054
14406,r3i1p1f1,2054,06,11,0.0,32.53149,13.168383,2054
14407,r3i1p1f1,2054,06,12,0.0,35.97691,15.051407,2054
14408,r3i1p1f1,2054,06,13,0.0,34.972088,15.375558,2054
14409,r3i1p1f1,2054,06,14,0.0,34.9474,15.265631,2054
14410,r3i1p1f1,2054,06,15,0.0,36.600758,16.192308,2054
14411,r3i1p1f1,2054,06,16,0.0,36.59129,16.266632,2054
14412,r3i1p1f1,2054,06,17,0.0,36.535748,15.770308,2054
14413,r3i1p1f1,2054,06,18,0.0,38.649437,17.548975,2054
14414,r3i1p1f1,2054,06,19,0.0,39.387794,19.16368,2054
14415,r3i1p1f1,2054,06,20,0.0,39.516876,18.521206,2054
14416,r3i1p1f1,2054,06,21,0.0,39.348778,18.779823,2054
14417,r3i1p1f1,2054,06,22,0.0,38.856133,18.034317,2054
14418,r3i1p1f1,2054,06,23,0.0,38.037643,18.295086,2054
14419,r3i1p1f1,2054,06,24,0.0,37.889908,17.824858,2054
14420,r3i1p1f1,2054,06,25,0.0,36.079693,15.895342,2054
14421,r3i1p1f1,2054,06,26,0.0,35.404057,15.491011,2054
14422,r3i1p1f1,2054,06,27,0.0,35.36377,15.484206,2054
14423,r3i1p1f1,2054,06,28,0.013171268106044878,32.754265,14.097588,2054
14424,r3i1p1f1,2054,06,29,0.0,30.313637,12.365793,2054
14425,r3i1p1f1,2054,06,30,0.0,29.100544,11.305843,2054
14426,r3i1p1f1,2054,07,01,0.0,31.07029,13.433067,2054
14427,r3i1p1f1,2054,07,02,0.0,35.41615,15.87866,2054
14428,r3i1p1f1,2054,07,03,0.0,37.703426,17.25094,2054
14429,r3i1p1f1,2054,07,04,0.0,36.563225,17.27433,2054
14430,r3i1p1f1,2054,07,05,0.0,34.32307,15.23824,2054
14431,r3i1p1f1,2054,07,06,0.0,34.14883,15.895267,2054
14432,r3i1p1f1,2054,07,07,0.0,35.335938,16.36782,2054
14433,r3i1p1f1,2054,07,08,0.0,35.987625,16.99709,2054
14434,r3i1p1f1,2054,07,09,0.0,35.97325,16.583076,2054
14435,r3i1p1f1,2054,07,10,0.0,37.827354,18.079855,2054
14436,r3i1p1f1,2054,07,11,0.0,38.860962,18.880692,2054
14437,r3i1p1f1,2054,07,12,0.0,40.23361,19.784903,2054
14438,r3i1p1f1,2054,07,13,0.0,39.8587,19.465374,2054
14439,r3i1p1f1,2054,07,14,0.003025332239992691,39.359505,21.053104,2054
14440,r3i1p1f1,2054,07,15,0.03634049789980054,38.09042,20.269596,2054
14441,r3i1p1f1,2054,07,16,0.0,37.50355,18.55966,2054
14442,r3i1p1f1,2054,07,17,0.038627974995919925,39.247066,19.415745,2054
14443,r3i1p1f1,2054,07,18,0.09644112438598479,39.839752,21.242792,2054
14444,r3i1p1f1,2054,07,19,0.019755908830451186,38.956192,20.963993,2054
14445,r3i1p1f1,2054,07,20,0.08183216830013518,36.641254,19.352995,2054
14446,r3i1p1f1,2054,07,21,0.014558854428204622,36.346333,18.165068,2054
14447,r3i1p1f1,2054,07,22,0.0,39.183216,20.67009,2054
14448,r3i1p1f1,2054,07,23,0.2902016968282899,38.441788,21.570833,2054
14449,r3i1p1f1,2054,07,24,0.024824771592675737,38.260784,19.320543,2054
14450,r3i1p1f1,2054,07,25,0.0,37.927265,20.66718,2054
14451,r3i1p1f1,2054,07,26,0.0,37.431965,20.381683,2054
14452,r3i1p1f1,2054,07,27,0.0,36.114716,19.351933,2054
14453,r3i1p1f1,2054,07,28,0.034637097532774504,34.861023,17.807222,2054
14454,r3i1p1f1,2054,07,29,0.004026223623165579,33.58157,15.584996,2054
14455,r3i1p1f1,2054,07,30,0.0,36.794807,19.209267,2054
14456,r3i1p1f1,2054,07,31,0.0,37.077805,19.021555,2054
14457,r3i1p1f1,2054,08,01,0.0,38.297237,18.530756,2054
14458,r3i1p1f1,2054,08,02,0.0,39.46041,19.824362,2054
14459,r3i1p1f1,2054,08,03,0.0,39.041916,19.825514,2054
14460,r3i1p1f1,2054,08,04,0.0,36.535553,18.766148,2054
14461,r3i1p1f1,2054,08,05,0.0,34.937424,17.657097,2054
14462,r3i1p1f1,2054,08,06,0.0,34.812725,17.25059,2054
14463,r3i1p1f1,2054,08,07,0.0,34.06138,16.802094,2054
14464,r3i1p1f1,2054,08,08,0.0,33.579296,16.405798,2054
14465,r3i1p1f1,2054,08,09,0.0,34.781166,16.646936,2054
14466,r3i1p1f1,2054,08,10,0.0,34.200706,15.805428,2054
14467,r3i1p1f1,2054,08,11,0.0,33.896893,15.047017,2054
14468,r3i1p1f1,2054,08,12,0.0,35.86954,15.998583,2054
14469,r3i1p1f1,2054,08,13,0.0,38.359756,18.078594,2054
14470,r3i1p1f1,2054,08,14,0.0,39.789753,19.33027,2054
14471,r3i1p1f1,2054,08,15,0.344191307852849,38.882973,18.165316,2054
14472,r3i1p1f1,2054,08,16,0.008864411872557619,34.53823,17.36524,2054
14473,r3i1p1f1,2054,08,17,0.46046967783089104,35.561962,18.079739,2054
14474,r3i1p1f1,2054,08,18,0.1041167165561946,35.934418,18.260014,2054
14475,r3i1p1f1,2054,08,19,0.053371009452155595,37.66519,18.728397,2054
14476,r3i1p1f1,2054,08,20,0.0,37.15575,18.540792,2054
14477,r3i1p1f1,2054,08,21,0.0,36.59808,17.388718,2054
14478,r3i1p1f1,2054,08,22,0.0,35.023483,17.131323,2054
14479,r3i1p1f1,2054,08,23,0.0,33.87254,16.38501,2054
14480,r3i1p1f1,2054,08,24,0.0,33.28792,15.010743,2054
14481,r3i1p1f1,2054,08,25,0.0,33.174973,14.80627,2054
14482,r3i1p1f1,2054,08,26,0.0,34.167187,15.547155,2054
14483,r3i1p1f1,2054,08,27,0.0,35.47775,16.16062,2054
14484,r3i1p1f1,2054,08,28,0.0,36.6921,16.621943,2054
14485,r3i1p1f1,2054,08,29,0.0,37.65929,17.032768,2054
14486,r3i1p1f1,2054,08,30,1.0747408878076,36.80118,19.499691,2054
14487,r3i1p1f1,2054,08,31,7.3416984409502195,36.723343,17.055618,2054
14488,r3i1p1f1,2054,09,01,0.1846946181136776,36.157013,19.388027,2054
14489,r3i1p1f1,2054,09,02,3.1668799318427,35.50362,19.310984,2054
14490,r3i1p1f1,2054,09,03,0.7069733495683811,35.286263,19.311455,2054
14491,r3i1p1f1,2054,09,04,0.0,34.160442,17.383099,2054
14492,r3i1p1f1,2054,09,05,0.0,33.90256,16.16457,2054
14493,r3i1p1f1,2054,09,06,0.025007807522673498,35.013027,17.553295,2054
14494,r3i1p1f1,2054,09,07,0.0,35.645805,18.286205,2054
14495,r3i1p1f1,2054,09,08,0.0,35.49584,18.28313,2054
14496,r3i1p1f1,2054,09,09,0.0,34.970783,16.754595,2054
14497,r3i1p1f1,2054,09,10,0.0,30.206053,14.148868,2054
14498,r3i1p1f1,2054,09,11,0.00048661311721485674,28.64131,14.030075,2054
14499,r3i1p1f1,2054,09,12,1.1601139921130557,30.557734,13.805899,2054
14500,r3i1p1f1,2054,09,13,4.844498682921932,28.95287,13.897964,2054
14501,r3i1p1f1,2054,09,14,0.9951858112244185,29.997204,14.037367,2054
14502,r3i1p1f1,2054,09,15,1.7501088327684777,30.913668,15.444263,2054
14503,r3i1p1f1,2054,09,16,2.0026595381800276,30.838102,15.967191,2054
14504,r3i1p1f1,2054,09,17,0.12006966146586681,31.070612,15.453071,2054
14505,r3i1p1f1,2054,09,18,0.0,33.65513,16.601753,2054
14506,r3i1p1f1,2054,09,19,0.00048017714906371003,34.21836,16.54913,2054
14507,r3i1p1f1,2054,09,20,0.0,35.144814,16.514719,2054
14508,r3i1p1f1,2054,09,21,0.27297477995461755,35.66906,17.244183,2054
14509,r3i1p1f1,2054,09,22,0.06283394284158324,36.1852,18.161278,2054
14510,r3i1p1f1,2054,09,23,0.008188561595571546,36.03691,18.154324,2054
14511,r3i1p1f1,2054,09,24,0.006523792222706657,35.649406,18.748516,2054
14512,r3i1p1f1,2054,09,25,0.0,36.12935,18.40221,2054
14513,r3i1p1f1,2054,09,26,0.0,34.79214,17.689537,2054
14514,r3i1p1f1,2054,09,27,0.0,32.802685,15.157084,2054
14515,r3i1p1f1,2054,09,28,0.0,29.216917,12.369161,2054
14516,r3i1p1f1,2054,09,29,0.0,29.5549,12.1997795,2054
14517,r3i1p1f1,2054,09,30,0.0,31.22817,13.536738,2054
14518,r3i1p1f1,2054,10,01,0.029103239172730933,28.969023,13.914234,2054
14519,r3i1p1f1,2054,10,02,0.0,29.800066,13.078952,2054
14520,r3i1p1f1,2054,10,03,0.0,33.367725,14.943469,2054
14521,r3i1p1f1,2054,10,04,0.0,34.118946,16.297361,2054
14522,r3i1p1f1,2054,10,05,0.0,30.855124,13.125463,2054
14523,r3i1p1f1,2054,10,06,0.0,27.448677,10.829824,2054
14524,r3i1p1f1,2054,10,07,0.0,33.859577,14.575445,2054
14525,r3i1p1f1,2054,10,08,0.0,34.99931,16.393177,2054
14526,r3i1p1f1,2054,10,09,0.0,33.38843,14.1706295,2054
14527,r3i1p1f1,2054,10,10,0.0,29.630949,10.972535,2054
14528,r3i1p1f1,2054,10,11,0.0,28.072155,10.121662,2054
14529,r3i1p1f1,2054,10,12,0.0,26.795538,10.209334,2054
14530,r3i1p1f1,2054,10,13,0.0,27.507372,11.0637,2054
14531,r3i1p1f1,2054,10,14,0.019165549063913975,26.44174,9.580101,2054
14532,r3i1p1f1,2054,10,15,0.005836939001738122,23.84215,7.724268,2054
14533,r3i1p1f1,2054,10,16,0.0,26.154226,9.558473,2054
14534,r3i1p1f1,2054,10,17,0.0,27.112398,9.528601,2054
14535,r3i1p1f1,2054,10,18,0.0,27.531075,11.528163,2054
14536,r3i1p1f1,2054,10,19,0.0,27.837675,11.076334,2054
14537,r3i1p1f1,2054,10,20,0.0,27.522295,11.664826,2054
14538,r3i1p1f1,2054,10,21,0.0,30.392845,13.578495,2054
14539,r3i1p1f1,2054,10,22,0.0,31.248972,13.249799,2054
14540,r3i1p1f1,2054,10,23,19.599805547495084,27.133123,10.809222,2054
14541,r3i1p1f1,2054,10,24,0.9825952080515863,18.625254,7.0889053,2054
14542,r3i1p1f1,2054,10,25,0.7534210244243282,18.475311,7.0818067,2054
14543,r3i1p1f1,2054,10,26,0.32202390851346013,17.783972,7.824825,2054
14544,r3i1p1f1,2054,10,27,0.6560005684238577,18.63254,8.834024,2054
14545,r3i1p1f1,2054,10,28,0.001269495114684105,21.001944,7.277016,2054
14546,r3i1p1f1,2054,10,29,0.0,20.28755,7.402285,2054
14547,r3i1p1f1,2054,10,30,4.1502647615164854e-05,20.986658,8.498882,2054
14548,r3i1p1f1,2054,10,31,0.00034498999770166296,20.646269,9.027895,2054
14549,r3i1p1f1,2054,11,01,0.0,19.604445,7.064599,2054
14550,r3i1p1f1,2054,11,02,0.0,26.938858,9.940755,2054
14551,r3i1p1f1,2054,11,03,0.0,29.410187,12.9963875,2054
14552,r3i1p1f1,2054,11,04,0.0,29.573927,13.457347,2054
14553,r3i1p1f1,2054,11,05,0.0,28.319319,12.310775,2054
14554,r3i1p1f1,2054,11,06,0.0,27.59958,11.944643,2054
14555,r3i1p1f1,2054,11,07,0.0,25.582064,8.480712,2054
14556,r3i1p1f1,2054,11,08,0.0032390656688772706,18.873241,6.3948083,2054
14557,r3i1p1f1,2054,11,09,0.007043377883030299,17.835455,7.2708693,2054
14558,r3i1p1f1,2054,11,10,0.0,20.572498,4.87552,2054
14559,r3i1p1f1,2054,11,11,0.0,21.053621,4.337436,2054
14560,r3i1p1f1,2054,11,12,0.0,23.038092,5.248135,2054
14561,r3i1p1f1,2054,11,13,0.0,24.363983,6.7255645,2054
14562,r3i1p1f1,2054,11,14,0.0,22.716488,9.042293,2054
14563,r3i1p1f1,2054,11,15,0.007954687301235303,20.33843,9.867399,2054
14564,r3i1p1f1,2054,11,16,0.0,18.002419,3.1063008,2054
14565,r3i1p1f1,2054,11,17,0.025562712107785046,19.471922,2.8864965,2054
14566,r3i1p1f1,2054,11,18,0.0,20.506832,4.1160436,2054
14567,r3i1p1f1,2054,11,19,0.002158732051170911,18.320236,6.618915,2054
14568,r3i1p1f1,2054,11,20,0.0,17.206247,3.291717,2054
14569,r3i1p1f1,2054,11,21,0.0,21.313337,5.336394,2054
14570,r3i1p1f1,2054,11,22,0.016099311046259987,21.02365,7.4418464,2054
14571,r3i1p1f1,2054,11,23,2.446499695717207,20.87609,9.714312,2054
14572,r3i1p1f1,2054,11,24,0.0,14.76751,-0.22901106,2054
14573,r3i1p1f1,2054,11,25,0.0,19.121532,2.6453655,2054
14574,r3i1p1f1,2054,11,26,1.1084175667995375,16.570288,6.07986,2054
14575,r3i1p1f1,2054,11,27,0.0,12.225983,-1.4412805,2054
14576,r3i1p1f1,2054,11,28,0.0,16.909805,-0.77386165,2054
14577,r3i1p1f1,2054,11,29,0.0,17.855219,1.150186,2054
14578,r3i1p1f1,2054,11,30,0.0,16.578058,-0.31644925,2054
14579,r3i1p1f1,2054,12,01,0.0,16.476694,2.820058,2054
14580,r3i1p1f1,2054,12,02,0.01536264718610751,18.260603,4.547885,2054
14581,r3i1p1f1,2054,12,03,10.048252635015436,15.752867,4.816277,2054
14582,r3i1p1f1,2054,12,04,0.7643766327788454,9.160753,-0.22600396,2054
14583,r3i1p1f1,2054,12,05,0.031761502468174455,10.760948,-1.0406841,2054
14584,r3i1p1f1,2054,12,06,2.194532745173395,10.4256735,-1.1616693,2054
14585,r3i1p1f1,2054,12,07,3.5809936896420727,7.787342,0.81724346,2054
14586,r3i1p1f1,2054,12,08,0.12302497873888844,9.255247,-0.7173354,2054
14587,r3i1p1f1,2054,12,09,0.0,11.814927,-2.0073516,2054
14588,r3i1p1f1,2054,12,10,0.0,14.650338,1.24933,2054
14589,r3i1p1f1,2054,12,11,0.006430815803028192,13.363791,0.6300035,2054
14590,r3i1p1f1,2054,12,12,5.171959107147731,13.05965,4.373814,2054
14591,r3i1p1f1,2054,12,13,0.0038104586322636655,9.98979,-2.9168684,2054
14592,r3i1p1f1,2054,12,14,0.0,8.423151,-5.008869,2054
14593,r3i1p1f1,2054,12,15,0.2756651850122029,7.1729755,-3.742956,2054
14594,r3i1p1f1,2054,12,16,0.43822839228872024,6.4722295,-1.3665744,2054
14595,r3i1p1f1,2054,12,17,0.0012439118246688988,8.202099,-3.6585324,2054
14596,r3i1p1f1,2054,12,18,0.006919222157166311,7.219498,-4.6375303,2054
14597,r3i1p1f1,2054,12,19,0.0,8.803838,-3.4886806,2054
14598,r3i1p1f1,2054,12,20,0.004108273922501019,9.132772,-0.096980825,2054
14599,r3i1p1f1,2054,12,21,0.0,11.576526,-1.0576404,2054
14600,r3i1p1f1,2054,12,22,0.2040212290706801,11.122018,2.0705016,2054
14601,r3i1p1f1,2054,12,23,0.00010456635870716788,9.522208,-1.860683,2054
14602,r3i1p1f1,2054,12,24,0.0,7.0177298,-3.3819578,2054
14603,r3i1p1f1,2054,12,25,0.0014288126575675878,7.881457,-4.451431,2054
14604,r3i1p1f1,2054,12,26,0.0006477127978789874,8.424002,-3.1706185,2054
14605,r3i1p1f1,2054,12,27,8.810060232260156,9.238554,-0.123938605,2054
14606,r3i1p1f1,2054,12,28,26.812434578218515,11.158162,2.887362,2054
14607,r3i1p1f1,2054,12,29,14.01680350096359,11.268625,3.9345167,2054
14608,r3i1p1f1,2054,12,30,11.145066420210766,13.032644,2.749344,2054
14609,r3i1p1f1,2054,12,31,15.856100324811202,11.867275,3.132881,2054
14610,r3i1p1f1,2055,01,01,22.368993506375276,10.36676,3.918035,2055
14611,r3i1p1f1,2055,01,02,10.871287490508896,10.281257,1.5040303,2055
14612,r3i1p1f1,2055,01,03,0.10969337546240157,9.300642,1.0790294,2055
14613,r3i1p1f1,2055,01,04,0.05656298607584287,11.267072,-1.1491916,2055
14614,r3i1p1f1,2055,01,05,0.0,11.975446,-1.2178735,2055
14615,r3i1p1f1,2055,01,06,0.0,11.518093,-0.300685,2055
14616,r3i1p1f1,2055,01,07,0.0,11.650321,-0.3841205,2055
14617,r3i1p1f1,2055,01,08,0.004572133637504356,12.867219,0.28293654,2055
14618,r3i1p1f1,2055,01,09,0.0,15.663912,3.6251252,2055
14619,r3i1p1f1,2055,01,10,0.0,18.156418,4.000464,2055
14620,r3i1p1f1,2055,01,11,0.00046966802046606034,18.396078,3.9485974,2055
14621,r3i1p1f1,2055,01,12,1.3922165992676816,12.935313,2.978013,2055
14622,r3i1p1f1,2055,01,13,0.08343244606569925,7.9993186,-0.3573656,2055
14623,r3i1p1f1,2055,01,14,0.003790826409716498,11.860283,-1.5358187,2055
14624,r3i1p1f1,2055,01,15,0.0,14.959024,1.0318834,2055
14625,r3i1p1f1,2055,01,16,0.0,16.77286,2.3039947,2055
14626,r3i1p1f1,2055,01,17,1.647950982479608,15.073364,1.6515478,2055
14627,r3i1p1f1,2055,01,18,0.0,9.037374,1.2325783,2055
14628,r3i1p1f1,2055,01,19,0.0,13.829355,1.3144801,2055
14629,r3i1p1f1,2055,01,20,0.0,15.442977,0.99659395,2055
14630,r3i1p1f1,2055,01,21,0.0,13.95464,1.0191967,2055
14631,r3i1p1f1,2055,01,22,0.0,14.942131,0.71704596,2055
14632,r3i1p1f1,2055,01,23,0.0,14.053669,-0.5436617,2055
14633,r3i1p1f1,2055,01,24,0.0555020217832476,12.619966,1.1554645,2055
14634,r3i1p1f1,2055,01,25,4.624577758331173,14.307838,6.887181,2055
14635,r3i1p1f1,2055,01,26,0.0634959326668071,16.677322,8.067306,2055
14636,r3i1p1f1,2055,01,27,0.003960910147394647,16.032722,2.8307707,2055
14637,r3i1p1f1,2055,01,28,0.4764687469728277,15.359891,3.4088528,2055
14638,r3i1p1f1,2055,01,29,1.3979558233481701,14.811986,6.0729094,2055
14639,r3i1p1f1,2055,01,30,10.286266037920457,16.348349,6.185668,2055
14640,r3i1p1f1,2055,01,31,0.0,16.005644,2.364665,2055
14641,r3i1p1f1,2055,02,01,7.325516782134813,15.3155,5.997455,2055
14642,r3i1p1f1,2055,02,02,10.64608263648662,12.759433,2.7479553,2055
14643,r3i1p1f1,2055,02,03,0.0,14.531231,0.0812463,2055
14644,r3i1p1f1,2055,02,04,0.0002890767681299511,15.136636,2.0377972,2055
14645,r3i1p1f1,2055,02,05,17.421010148854375,14.483945,4.2930903,2055
14646,r3i1p1f1,2055,02,06,0.14049903205432202,12.865306,-0.42855674,2055
14647,r3i1p1f1,2055,02,07,0.7341617130397494,13.901475,0.8772648,2055
14648,r3i1p1f1,2055,02,08,19.332428632981397,11.492672,3.4210463,2055
14649,r3i1p1f1,2055,02,09,14.615807797238107,11.465938,3.8673668,2055
14650,r3i1p1f1,2055,02,10,0.3127213785289011,10.159453,-1.6852635,2055
14651,r3i1p1f1,2055,02,11,0.0,10.733015,-4.1159434,2055
14652,r3i1p1f1,2055,02,12,0.028495644417654894,12.688026,0.33982924,2055
14653,r3i1p1f1,2055,02,13,1.2808858315816685,16.2079,3.4516723,2055
14654,r3i1p1f1,2055,02,14,0.0,17.285372,3.2070787,2055
14655,r3i1p1f1,2055,02,15,0.0,17.368557,4.0604954,2055
14656,r3i1p1f1,2055,02,16,0.0,17.453465,4.0712895,2055
14657,r3i1p1f1,2055,02,17,0.0,18.908867,4.4074264,2055
14658,r3i1p1f1,2055,02,18,0.0,19.232452,4.437772,2055
14659,r3i1p1f1,2055,02,19,0.0,19.217194,5.5478296,2055
14660,r3i1p1f1,2055,02,20,0.017890306180836917,15.975283,3.8756046,2055
14661,r3i1p1f1,2055,02,21,0.0,14.185731,0.98250055,2055
14662,r3i1p1f1,2055,02,22,0.0,17.54831,2.0556338,2055
14663,r3i1p1f1,2055,02,23,0.0,19.990284,4.8658137,2055
14664,r3i1p1f1,2055,02,24,0.0,21.805086,7.7984657,2055
14665,r3i1p1f1,2055,02,25,0.0,21.582846,6.293552,2055
14666,r3i1p1f1,2055,02,26,0.723509739022616,20.609846,6.6441464,2055
14667,r3i1p1f1,2055,02,27,0.0061778218139696755,19.022827,5.201555,2055
14668,r3i1p1f1,2055,02,28,0.580861126492726,17.799192,3.5346618,2055
14669,r3i1p1f1,2055,03,01,1.4312114988514981,14.128694,-1.6186717,2055
14670,r3i1p1f1,2055,03,02,0.0,18.492289,-0.23147602,2055
14671,r3i1p1f1,2055,03,03,0.0,20.830576,2.7708766,2055
14672,r3i1p1f1,2055,03,04,0.0,22.808662,4.7286563,2055
14673,r3i1p1f1,2055,03,05,2.3242440200861876,21.000593,4.532736,2055
14674,r3i1p1f1,2055,03,06,1.5522474762237972,14.801873,0.08827122,2055
14675,r3i1p1f1,2055,03,07,1.272725734689271,9.918505,-1.500422,2055
14676,r3i1p1f1,2055,03,08,0.0,14.5071125,-3.0282474,2055
14677,r3i1p1f1,2055,03,09,0.00031289136545224625,16.15304,-0.2552518,2055
14678,r3i1p1f1,2055,03,10,0.0,17.303143,-0.10258033,2055
14679,r3i1p1f1,2055,03,11,0.0,19.342102,1.2403135,2055
14680,r3i1p1f1,2055,03,12,0.0009195618049213381,17.498837,0.8655371,2055
14681,r3i1p1f1,2055,03,13,0.017720657085164654,14.75165,2.0586157,2055
14682,r3i1p1f1,2055,03,14,0.03301383324221454,18.86073,1.6444706,2055
14683,r3i1p1f1,2055,03,15,0.0028358345188087587,18.555408,2.0408118,2055
14684,r3i1p1f1,2055,03,16,3.272508738291711,15.658104,1.6385143,2055
14685,r3i1p1f1,2055,03,17,0.0,12.702206,-3.4465928,2055
14686,r3i1p1f1,2055,03,18,0.0,13.443322,-3.3397527,2055
14687,r3i1p1f1,2055,03,19,0.0,18.352592,-0.023894873,2055
14688,r3i1p1f1,2055,03,20,0.0,22.198236,3.458061,2055
14689,r3i1p1f1,2055,03,21,0.0,22.752735,5.5158987,2055
14690,r3i1p1f1,2055,03,22,0.8835643865930968,20.29098,5.5714903,2055
14691,r3i1p1f1,2055,03,23,0.0,13.114733,-3.750798,2055
14692,r3i1p1f1,2055,03,24,0.0,16.951185,-1.3975853,2055
14693,r3i1p1f1,2055,03,25,0.0,21.532444,3.2043977,2055
14694,r3i1p1f1,2055,03,26,0.0,23.58306,4.580341,2055
14695,r3i1p1f1,2055,03,27,0.00046655008301251763,23.607111,5.0509067,2055
14696,r3i1p1f1,2055,03,28,0.1156255074469796,18.09881,1.2557358,2055
14697,r3i1p1f1,2055,03,29,0.0,16.918,-1.3299448,2055
14698,r3i1p1f1,2055,03,30,0.0,18.288528,-0.9463234,2055
14699,r3i1p1f1,2055,03,31,0.4989612291374766,17.641632,-0.24114825,2055
14700,r3i1p1f1,2055,04,01,0.19999842541989038,17.40907,0.12766291,2055
14701,r3i1p1f1,2055,04,02,0.01593772985154029,18.696669,0.43425184,2055
14702,r3i1p1f1,2055,04,03,3.7434922567737168,14.151824,-0.4742183,2055
14703,r3i1p1f1,2055,04,04,1.0555689741952599,12.439302,-0.15784515,2055
14704,r3i1p1f1,2055,04,05,0.16746378700411174,15.2852745,-0.41206735,2055
14705,r3i1p1f1,2055,04,06,0.005825526719546002,19.984343,0.92555636,2055
14706,r3i1p1f1,2055,04,07,0.0,21.903913,2.7161362,2055
14707,r3i1p1f1,2055,04,08,0.0,23.821373,5.095114,2055
14708,r3i1p1f1,2055,04,09,0.0,25.36963,6.5507436,2055
14709,r3i1p1f1,2055,04,10,0.0,26.634089,6.5968566,2055
14710,r3i1p1f1,2055,04,11,0.0,26.30393,4.349829,2055
14711,r3i1p1f1,2055,04,12,0.3113795543989302,24.916908,4.4526105,2055
14712,r3i1p1f1,2055,04,13,2.4569954968727403,15.042226,4.1968117,2055
14713,r3i1p1f1,2055,04,14,0.17216524455072818,13.840439,1.1753671,2055
14714,r3i1p1f1,2055,04,15,4.714619527878698,11.1512575,-0.3601664,2055
14715,r3i1p1f1,2055,04,16,0.25808809752175654,14.633351,-0.28075132,2055
14716,r3i1p1f1,2055,04,17,0.0,21.629148,2.1744459,2055
14717,r3i1p1f1,2055,04,18,0.0,23.371212,4.4389987,2055
14718,r3i1p1f1,2055,04,19,0.0,22.855951,4.603294,2055
14719,r3i1p1f1,2055,04,20,0.0,23.360174,5.2654896,2055
14720,r3i1p1f1,2055,04,21,0.0,23.49811,5.647311,2055
14721,r3i1p1f1,2055,04,22,0.0,22.397236,5.4190435,2055
14722,r3i1p1f1,2055,04,23,0.028936232481624535,22.128988,3.6638858,2055
14723,r3i1p1f1,2055,04,24,0.019660222760373443,23.8497,5.0496583,2055
14724,r3i1p1f1,2055,04,25,0.00461479536060131,23.203194,4.787663,2055
14725,r3i1p1f1,2055,04,26,0.0,24.365208,4.9933305,2055
14726,r3i1p1f1,2055,04,27,0.0,25.826088,6.5116644,2055
14727,r3i1p1f1,2055,04,28,0.0,27.689243,9.5184765,2055
14728,r3i1p1f1,2055,04,29,0.0,29.093914,9.301784,2055
14729,r3i1p1f1,2055,04,30,0.0,29.576859,10.117563,2055
14730,r3i1p1f1,2055,05,01,0.0,30.415398,11.683062,2055
14731,r3i1p1f1,2055,05,02,0.0,28.751175,10.480827,2055
14732,r3i1p1f1,2055,05,03,0.0,25.685184,6.702627,2055
14733,r3i1p1f1,2055,05,04,0.0,25.0843,6.599445,2055
14734,r3i1p1f1,2055,05,05,0.0,26.966175,7.5858655,2055
14735,r3i1p1f1,2055,05,06,0.0,25.842169,6.3876953,2055
14736,r3i1p1f1,2055,05,07,6.225289050207445e-05,22.503538,5.170081,2055
14737,r3i1p1f1,2055,05,08,0.0,23.88818,4.56976,2055
14738,r3i1p1f1,2055,05,09,0.0,26.568628,6.9444013,2055
14739,r3i1p1f1,2055,05,10,0.0,26.413849,7.314992,2055
14740,r3i1p1f1,2055,05,11,0.0,25.506126,7.58582,2055
14741,r3i1p1f1,2055,05,12,0.0,26.117199,7.9867268,2055
14742,r3i1p1f1,2055,05,13,0.0,24.86026,7.9293656,2055
14743,r3i1p1f1,2055,05,14,0.0,27.356407,8.282419,2055
14744,r3i1p1f1,2055,05,15,0.0,27.16105,8.18952,2055
14745,r3i1p1f1,2055,05,16,0.0,31.92871,11.477053,2055
14746,r3i1p1f1,2055,05,17,0.0,33.954754,14.471238,2055
14747,r3i1p1f1,2055,05,18,0.0,33.966553,14.595717,2055
14748,r3i1p1f1,2055,05,19,0.0,32.82463,13.817975,2055
14749,r3i1p1f1,2055,05,20,0.0,31.264212,11.917115,2055
14750,r3i1p1f1,2055,05,21,0.0,30.0145,10.509946,2055
14751,r3i1p1f1,2055,05,22,0.0,28.140383,9.071675,2055
14752,r3i1p1f1,2055,05,23,0.0,23.743753,5.7564015,2055
14753,r3i1p1f1,2055,05,24,0.0,24.810085,6.360266,2055
14754,r3i1p1f1,2055,05,25,0.0,31.259792,11.834643,2055
14755,r3i1p1f1,2055,05,26,0.0,36.509583,16.51328,2055
14756,r3i1p1f1,2055,05,27,0.0,37.443733,18.007969,2055
14757,r3i1p1f1,2055,05,28,0.0,36.148785,17.178806,2055
14758,r3i1p1f1,2055,05,29,0.0,34.168324,15.515311,2055
14759,r3i1p1f1,2055,05,30,0.0,32.242817,13.652253,2055
14760,r3i1p1f1,2055,05,31,0.0,29.735655,11.938254,2055
14761,r3i1p1f1,2055,06,01,0.0,32.436066,11.517841,2055
14762,r3i1p1f1,2055,06,02,0.0,33.027046,12.519818,2055
14763,r3i1p1f1,2055,06,03,0.0,31.601007,12.415726,2055
14764,r3i1p1f1,2055,06,04,0.0,32.06008,13.239436,2055
14765,r3i1p1f1,2055,06,05,0.0,33.904774,14.434441,2055
14766,r3i1p1f1,2055,06,06,0.03684690864192265,33.50857,14.604626,2055
14767,r3i1p1f1,2055,06,07,0.0,28.53742,11.778637,2055
14768,r3i1p1f1,2055,06,08,0.0,31.27869,12.900299,2055
14769,r3i1p1f1,2055,06,09,0.0,35.915462,14.851466,2055
14770,r3i1p1f1,2055,06,10,0.0,36.765488,16.300161,2055
14771,r3i1p1f1,2055,06,11,0.0,35.500187,15.306937,2055
14772,r3i1p1f1,2055,06,12,0.0,34.671513,14.851554,2055
14773,r3i1p1f1,2055,06,13,0.0,34.36403,14.456761,2055
14774,r3i1p1f1,2055,06,14,0.0,33.96041,14.228008,2055
14775,r3i1p1f1,2055,06,15,0.0,32.752655,13.32574,2055
14776,r3i1p1f1,2055,06,16,0.0,28.317886,10.38585,2055
14777,r3i1p1f1,2055,06,17,0.0,30.378122,11.931908,2055
14778,r3i1p1f1,2055,06,18,0.0,33.981728,14.139012,2055
14779,r3i1p1f1,2055,06,19,0.0,32.840508,13.469909,2055
14780,r3i1p1f1,2055,06,20,0.38038602523914905,29.733204,12.463954,2055
14781,r3i1p1f1,2055,06,21,0.12364613854460361,31.837444,13.864242,2055
14782,r3i1p1f1,2055,06,22,0.0,35.302124,14.427881,2055
14783,r3i1p1f1,2055,06,23,0.0,35.396206,15.137257,2055
14784,r3i1p1f1,2055,06,24,0.0,35.91674,16.12679,2055
14785,r3i1p1f1,2055,06,25,0.0,38.31775,17.426317,2055
14786,r3i1p1f1,2055,06,26,0.0,37.431374,17.849659,2055
14787,r3i1p1f1,2055,06,27,0.0,36.035656,15.849484,2055
14788,r3i1p1f1,2055,06,28,0.0,33.202858,14.131021,2055
14789,r3i1p1f1,2055,06,29,0.0,30.27125,12.068603,2055
14790,r3i1p1f1,2055,06,30,0.0,30.585999,12.457667,2055
14791,r3i1p1f1,2055,07,01,0.0,32.14549,14.486464,2055
14792,r3i1p1f1,2055,07,02,0.0,31.87326,14.254763,2055
14793,r3i1p1f1,2055,07,03,0.0,34.202587,15.445428,2055
14794,r3i1p1f1,2055,07,04,0.0,35.810852,16.151756,2055
14795,r3i1p1f1,2055,07,05,0.0,34.777252,15.979886,2055
14796,r3i1p1f1,2055,07,06,0.0,33.742775,16.225267,2055
14797,r3i1p1f1,2055,07,07,0.0,33.24718,15.631273,2055
14798,r3i1p1f1,2055,07,08,0.0,34.993153,16.154787,2055
14799,r3i1p1f1,2055,07,09,0.0,36.566944,16.571144,2055
14800,r3i1p1f1,2055,07,10,0.0,36.27324,16.793442,2055
14801,r3i1p1f1,2055,07,11,0.0,35.094433,15.99489,2055
14802,r3i1p1f1,2055,07,12,0.0,32.157402,14.926186,2055
14803,r3i1p1f1,2055,07,13,0.0,29.135452,12.58235,2055
14804,r3i1p1f1,2055,07,14,0.0,30.688517,13.462064,2055
14805,r3i1p1f1,2055,07,15,0.0,32.257637,14.816407,2055
14806,r3i1p1f1,2055,07,16,0.0,33.234943,15.104372,2055
14807,r3i1p1f1,2055,07,17,0.0,34.718307,17.986395,2055
14808,r3i1p1f1,2055,07,18,0.0,37.009865,17.091576,2055
14809,r3i1p1f1,2055,07,19,0.0,37.01198,17.820478,2055
14810,r3i1p1f1,2055,07,20,0.0,37.053593,18.538706,2055
14811,r3i1p1f1,2055,07,21,0.0,36.476406,18.419952,2055
14812,r3i1p1f1,2055,07,22,0.0,36.355305,17.986038,2055
14813,r3i1p1f1,2055,07,23,0.00264898817421812,36.018562,18.37835,2055
14814,r3i1p1f1,2055,07,24,0.001758555176131653,35.377735,19.13989,2055
14815,r3i1p1f1,2055,07,25,0.0,35.552155,17.77001,2055
14816,r3i1p1f1,2055,07,26,2.082283286211102,34.15637,17.688889,2055
14817,r3i1p1f1,2055,07,27,1.3262011655906187,31.127844,16.654972,2055
14818,r3i1p1f1,2055,07,28,0.5322109889168518,32.579453,16.147524,2055
14819,r3i1p1f1,2055,07,29,1.3003801340616492,31.617516,15.614298,2055
14820,r3i1p1f1,2055,07,30,3.5331887766967682,29.409481,15.742259,2055
14821,r3i1p1f1,2055,07,31,1.5102997825537883,28.390854,16.79753,2055
14822,r3i1p1f1,2055,08,01,0.1788466102461274,31.475252,14.9915495,2055
14823,r3i1p1f1,2055,08,02,0.4529843038956945,32.440308,14.814262,2055
14824,r3i1p1f1,2055,08,03,3.5494876957554053,32.271225,15.412846,2055
14825,r3i1p1f1,2055,08,04,1.516396436270325,31.570227,14.334719,2055
14826,r3i1p1f1,2055,08,05,0.2325171917310041,31.81104,14.686668,2055
14827,r3i1p1f1,2055,08,06,0.0,33.47227,15.826543,2055
14828,r3i1p1f1,2055,08,07,0.05559791659117874,33.87863,16.748945,2055
14829,r3i1p1f1,2055,08,08,0.874534773445868,33.709526,16.083551,2055
14830,r3i1p1f1,2055,08,09,0.345688949711268,34.483994,17.53414,2055
14831,r3i1p1f1,2055,08,10,0.0,34.772713,16.826979,2055
14832,r3i1p1f1,2055,08,11,0.0037875972956306105,33.785915,16.213434,2055
14833,r3i1p1f1,2055,08,12,0.0,34.8734,16.569672,2055
14834,r3i1p1f1,2055,08,13,0.0,34.43539,15.248829,2055
14835,r3i1p1f1,2055,08,14,0.14765883962602608,33.9904,15.244023,2055
14836,r3i1p1f1,2055,08,15,1.5357209004684014,32.969223,15.270605,2055
14837,r3i1p1f1,2055,08,16,0.49684927798587136,30.705338,15.421619,2055
14838,r3i1p1f1,2055,08,17,0.08823693475058077,28.601091,12.266695,2055
14839,r3i1p1f1,2055,08,18,0.0,27.97887,10.375959,2055
14840,r3i1p1f1,2055,08,19,0.0,28.139513,10.928322,2055
14841,r3i1p1f1,2055,08,20,0.0,29.863798,12.296172,2055
14842,r3i1p1f1,2055,08,21,0.0,33.62281,14.2657585,2055
14843,r3i1p1f1,2055,08,22,0.014045419644169284,36.033203,16.715986,2055
14844,r3i1p1f1,2055,08,23,0.254584735658048,35.699837,15.731876,2055
14845,r3i1p1f1,2055,08,24,0.30742738611121295,35.982513,17.948282,2055
14846,r3i1p1f1,2055,08,25,0.17500434508264967,34.584785,19.946306,2055
14847,r3i1p1f1,2055,08,26,0.3824776155824745,36.583733,18.909388,2055
14848,r3i1p1f1,2055,08,27,0.6856756567845658,36.012917,18.319786,2055
14849,r3i1p1f1,2055,08,28,0.0006695148873735558,35.090645,16.235256,2055
14850,r3i1p1f1,2055,08,29,0.0,35.490326,16.141338,2055
14851,r3i1p1f1,2055,08,30,0.0,35.5675,16.188103,2055
14852,r3i1p1f1,2055,08,31,0.1070359560738628,37.0486,16.749077,2055
14853,r3i1p1f1,2055,09,01,0.014488557089035485,37.814293,19.388935,2055
14854,r3i1p1f1,2055,09,02,0.18123315328866188,37.866436,20.04228,2055
14855,r3i1p1f1,2055,09,03,0.0,36.88366,19.014843,2055
14856,r3i1p1f1,2055,09,04,0.03261598227475064,36.094078,19.330725,2055
14857,r3i1p1f1,2055,09,05,0.3755715379322117,37.80077,19.384068,2055
14858,r3i1p1f1,2055,09,06,1.014276381606716,36.862896,19.45271,2055
14859,r3i1p1f1,2055,09,07,1.3252924493192977,36.402943,19.723412,2055
14860,r3i1p1f1,2055,09,08,0.0,36.364277,18.922411,2055
14861,r3i1p1f1,2055,09,09,0.004391790815024058,35.082172,16.499249,2055
14862,r3i1p1f1,2055,09,10,0.0,31.80089,15.164036,2055
14863,r3i1p1f1,2055,09,11,0.0,27.755121,13.432095,2055
14864,r3i1p1f1,2055,09,12,0.0,30.431787,14.010403,2055
14865,r3i1p1f1,2055,09,13,0.0,33.67554,16.774773,2055
14866,r3i1p1f1,2055,09,14,0.0,32.72781,16.17122,2055
14867,r3i1p1f1,2055,09,15,0.0,28.645031,12.810068,2055
14868,r3i1p1f1,2055,09,16,0.0,26.768333,11.081271,2055
14869,r3i1p1f1,2055,09,17,0.0,30.322832,12.894746,2055
14870,r3i1p1f1,2055,09,18,0.0,29.40132,12.914005,2055
14871,r3i1p1f1,2055,09,19,0.0,29.32682,15.006932,2055
14872,r3i1p1f1,2055,09,20,0.0,34.438828,17.105894,2055
14873,r3i1p1f1,2055,09,21,0.0,35.081882,17.139874,2055
14874,r3i1p1f1,2055,09,22,0.0,32.475075,14.995195,2055
14875,r3i1p1f1,2055,09,23,0.0,29.778349,13.183058,2055
14876,r3i1p1f1,2055,09,24,0.0,27.017029,10.653534,2055
14877,r3i1p1f1,2055,09,25,0.0,24.328167,8.45377,2055
14878,r3i1p1f1,2055,09,26,0.0,22.670383,7.3786697,2055
14879,r3i1p1f1,2055,09,27,0.0,25.307842,8.385482,2055
14880,r3i1p1f1,2055,09,28,0.0,27.578978,10.20795,2055
14881,r3i1p1f1,2055,09,29,0.0,26.857916,9.68929,2055
14882,r3i1p1f1,2055,09,30,0.0,23.483732,6.767288,2055
14883,r3i1p1f1,2055,10,01,0.0,22.748804,5.2225432,2055
14884,r3i1p1f1,2055,10,02,0.0,25.885298,8.513747,2055
14885,r3i1p1f1,2055,10,03,0.0,26.29092,9.266024,2055
14886,r3i1p1f1,2055,10,04,0.0,25.67493,8.723915,2055
14887,r3i1p1f1,2055,10,05,0.0,25.71855,8.849549,2055
14888,r3i1p1f1,2055,10,06,0.0,27.801449,10.304065,2055
14889,r3i1p1f1,2055,10,07,0.0,26.057919,10.366803,2055
14890,r3i1p1f1,2055,10,08,0.0,26.64716,10.556655,2055
14891,r3i1p1f1,2055,10,09,0.0,28.615215,10.238229,2055
14892,r3i1p1f1,2055,10,10,0.0,27.078209,9.907755,2055
14893,r3i1p1f1,2055,10,11,0.0,25.659561,9.502489,2055
14894,r3i1p1f1,2055,10,12,0.0,27.514015,9.491857,2055
14895,r3i1p1f1,2055,10,13,0.0,27.637896,9.901151,2055
14896,r3i1p1f1,2055,10,14,0.0,26.40959,9.1676655,2055
14897,r3i1p1f1,2055,10,15,0.0,25.112223,9.81435,2055
14898,r3i1p1f1,2055,10,16,0.0,27.316559,10.21704,2055
14899,r3i1p1f1,2055,10,17,0.0,30.06181,13.959694,2055
14900,r3i1p1f1,2055,10,18,0.0,31.650806,14.58327,2055
14901,r3i1p1f1,2055,10,19,0.0,33.509315,15.360642,2055
14902,r3i1p1f1,2055,10,20,0.0,33.7833,14.882625,2055
14903,r3i1p1f1,2055,10,21,0.0,29.565845,11.097866,2055
14904,r3i1p1f1,2055,10,22,0.017687185592986873,24.642876,8.554319,2055
14905,r3i1p1f1,2055,10,23,8.506968320536448,19.062208,8.519883,2055
14906,r3i1p1f1,2055,10,24,0.5587971197584893,16.486063,4.2456427,2055
14907,r3i1p1f1,2055,10,25,20.87911670189511,16.601255,6.892793,2055
14908,r3i1p1f1,2055,10,26,13.527403448447192,15.638927,5.5623975,2055
14909,r3i1p1f1,2055,10,27,0.9953907008413366,14.578941,4.079712,2055
14910,r3i1p1f1,2055,10,28,0.0,17.920156,5.087032,2055
14911,r3i1p1f1,2055,10,29,0.0,20.966824,7.0519676,2055
14912,r3i1p1f1,2055,10,30,0.0,25.115671,10.272342,2055
14913,r3i1p1f1,2055,10,31,0.0,23.404848,9.523836,2055
14914,r3i1p1f1,2055,11,01,0.018032132650136413,21.829638,9.560399,2055
14915,r3i1p1f1,2055,11,02,0.04556420101311453,19.021439,9.326695,2055
14916,r3i1p1f1,2055,11,03,6.416831500687157e-05,17.183558,5.1149535,2055
14917,r3i1p1f1,2055,11,04,0.0,20.306776,6.323962,2055
14918,r3i1p1f1,2055,11,05,0.0,23.94028,8.940795,2055
14919,r3i1p1f1,2055,11,06,0.0,26.456896,10.262511,2055
14920,r3i1p1f1,2055,11,07,0.0,26.23954,10.636837,2055
14921,r3i1p1f1,2055,11,08,0.0,24.277132,9.896786,2055
14922,r3i1p1f1,2055,11,09,0.0,25.44442,11.1977415,2055
14923,r3i1p1f1,2055,11,10,0.0,25.186722,10.723366,2055
14924,r3i1p1f1,2055,11,11,0.006032062264046434,22.810444,10.448466,2055
14925,r3i1p1f1,2055,11,12,0.0,19.910124,4.912593,2055
14926,r3i1p1f1,2055,11,13,0.0,20.107296,5.328432,2055
14927,r3i1p1f1,2055,11,14,0.0,20.347948,5.223399,2055
14928,r3i1p1f1,2055,11,15,0.0,21.40704,4.9529223,2055
14929,r3i1p1f1,2055,11,16,0.0,23.567415,6.258499,2055
14930,r3i1p1f1,2055,11,17,0.0,21.15616,4.9238772,2055
14931,r3i1p1f1,2055,11,18,0.0,19.878817,4.033629,2055
14932,r3i1p1f1,2055,11,19,0.00461711537685584,18.49818,6.127172,2055
14933,r3i1p1f1,2055,11,20,0.008549636386857,14.624027,1.0273793,2055
14934,r3i1p1f1,2055,11,21,0.20809484903800307,13.248504,0.3396042,2055
14935,r3i1p1f1,2055,11,22,10.168562087664297,9.736085,2.4187386,2055
14936,r3i1p1f1,2055,11,23,2.8907297088936144,10.711953,0.5726389,2055
14937,r3i1p1f1,2055,11,24,21.51377631217298,11.2445,1.4302771,2055
14938,r3i1p1f1,2055,11,25,12.879562603260583,11.365398,4.627513,2055
14939,r3i1p1f1,2055,11,26,0.9757046782782929,9.823413,0.15277696,2055
14940,r3i1p1f1,2055,11,27,0.0,9.584554,-2.8296404,2055
14941,r3i1p1f1,2055,11,28,0.0,10.990978,-1.9269856,2055
14942,r3i1p1f1,2055,11,29,0.0,9.931866,-1.5534831,2055
14943,r3i1p1f1,2055,11,30,0.0001378559108795316,9.935817,-0.20329593,2055
14944,r3i1p1f1,2055,12,01,0.033340110513205276,10.521682,0.2752357,2055
14945,r3i1p1f1,2055,12,02,0.03318085004469718,12.268503,0.4728817,2055
14946,r3i1p1f1,2055,12,03,0.005431783801847787,13.058123,0.9411957,2055
14947,r3i1p1f1,2055,12,04,0.0,12.8120985,0.87193257,2055
14948,r3i1p1f1,2055,12,05,0.0,12.377022,1.817278,2055
14949,r3i1p1f1,2055,12,06,0.0,12.562572,0.6304427,2055
14950,r3i1p1f1,2055,12,07,0.04551432035496515,12.695045,1.0878109,2055
14951,r3i1p1f1,2055,12,08,0.408042010380031,14.848935,4.8823576,2055
14952,r3i1p1f1,2055,12,09,0.0,15.734726,8.8086,2055
14953,r3i1p1f1,2055,12,10,0.0,14.243857,2.9321256,2055
14954,r3i1p1f1,2055,12,11,2.6180053177648173,14.474425,5.8120246,2055
14955,r3i1p1f1,2055,12,12,0.00878750720541134,15.296706,5.310489,2055
14956,r3i1p1f1,2055,12,13,0.0003133561007085849,17.248423,5.363727,2055
14957,r3i1p1f1,2055,12,14,0.0,18.675512,6.297424,2055
14958,r3i1p1f1,2055,12,15,0.8647273590274077,17.513699,7.4233184,2055
14959,r3i1p1f1,2055,12,16,8.721652605657283,15.22291,8.882912,2055
14960,r3i1p1f1,2055,12,17,4.801301707185772,16.489138,8.109504,2055
14961,r3i1p1f1,2055,12,18,0.16488579463894534,14.185796,3.2205832,2055
14962,r3i1p1f1,2055,12,19,0.00460922405843369,12.358666,-0.7680915,2055
14963,r3i1p1f1,2055,12,20,0.0,13.376972,0.056701016,2055
14964,r3i1p1f1,2055,12,21,2.269777998689361,13.311628,3.0660663,2055
14965,r3i1p1f1,2055,12,22,26.051274802041565,12.519306,5.5336895,2055
14966,r3i1p1f1,2055,12,23,31.904318149818447,11.004086,4.793415,2055
14967,r3i1p1f1,2055,12,24,9.545274145564305,10.197959,1.5108318,2055
14968,r3i1p1f1,2055,12,25,0.0,8.478931,-2.8200066,2055
14969,r3i1p1f1,2055,12,26,0.003608102472781232,11.759986,-0.12924738,2055
14970,r3i1p1f1,2055,12,27,0.0,13.782438,1.6129656,2055
14971,r3i1p1f1,2055,12,28,0.0,15.395576,2.3160586,2055
14972,r3i1p1f1,2055,12,29,6.903125966222653,13.947174,4.540001,2055
14973,r3i1p1f1,2055,12,30,0.03885444969097135,10.662918,1.6548424,2055
14974,r3i1p1f1,2055,12,31,0.9782926459923725,10.389788,0.5474412,2055
14975,r3i1p1f1,2056,01,01,0.3795464214265325,10.701958,0.80906105,2056
14976,r3i1p1f1,2056,01,02,7.286560577439642,10.230311,3.642771,2056
14977,r3i1p1f1,2056,01,03,0.04441613034004783,10.303732,0.43752348,2056
14978,r3i1p1f1,2056,01,04,0.0,11.776093,-2.123784,2056
14979,r3i1p1f1,2056,01,05,0.01262582058023492,10.990373,0.42313933,2056
14980,r3i1p1f1,2056,01,06,0.00015682694290510634,8.765753,0.57828814,2056
14981,r3i1p1f1,2056,01,07,0.0,11.961531,-1.3182509,2056
14982,r3i1p1f1,2056,01,08,0.0,15.391656,2.466958,2056
14983,r3i1p1f1,2056,01,09,0.0,18.40352,4.2789817,2056
14984,r3i1p1f1,2056,01,10,0.0,16.545982,3.388519,2056
14985,r3i1p1f1,2056,01,11,0.12133826426041637,15.39641,3.7799633,2056
14986,r3i1p1f1,2056,01,12,0.5530499795799821,14.807096,5.7976823,2056
14987,r3i1p1f1,2056,01,13,0.9885028838134806,17.239124,6.45784,2056
14988,r3i1p1f1,2056,01,14,8.381479752053124,16.65416,9.326,2056
14989,r3i1p1f1,2056,01,15,0.0,16.818804,8.867341,2056
14990,r3i1p1f1,2056,01,16,0.0,16.944233,5.6440825,2056
14991,r3i1p1f1,2056,01,17,0.0,18.116722,5.2555976,2056
14992,r3i1p1f1,2056,01,18,5.828936109204678,17.44092,8.429325,2056
14993,r3i1p1f1,2056,01,19,0.2975824980581599,14.899725,2.3907764,2056
14994,r3i1p1f1,2056,01,20,1.8374584977485056,9.580321,2.5781052,2056
14995,r3i1p1f1,2056,01,21,0.0,8.680166,0.47823653,2056
14996,r3i1p1f1,2056,01,22,0.0,13.321877,-0.30053952,2056
14997,r3i1p1f1,2056,01,23,0.0,12.797365,-0.79228127,2056
14998,r3i1p1f1,2056,01,24,0.0,12.123003,-0.6960719,2056
14999,r3i1p1f1,2056,01,25,0.0,13.070385,0.35436586,2056
15000,r3i1p1f1,2056,01,26,0.0,16.423004,2.4016168,2056
15001,r3i1p1f1,2056,01,27,0.0,16.735271,3.218484,2056
15002,r3i1p1f1,2056,01,28,0.0,16.371473,3.4157474,2056
15003,r3i1p1f1,2056,01,29,0.0,16.785395,4.075765,2056
15004,r3i1p1f1,2056,01,30,0.0,17.521267,3.42103,2056
15005,r3i1p1f1,2056,01,31,0.0,18.376394,4.5213757,2056
15006,r3i1p1f1,2056,02,01,0.0,20.832857,6.0620117,2056
15007,r3i1p1f1,2056,02,02,0.0,22.17355,6.7422385,2056
15008,r3i1p1f1,2056,02,03,0.0,22.53039,7.503339,2056
15009,r3i1p1f1,2056,02,04,0.0,21.309639,9.006597,2056
15010,r3i1p1f1,2056,02,05,0.0,21.924547,6.8728676,2056
15011,r3i1p1f1,2056,02,06,0.0,22.65062,7.736269,2056
15012,r3i1p1f1,2056,02,07,0.0011049274171730785,22.23663,7.9093223,2056
15013,r3i1p1f1,2056,02,08,0.0,21.96022,7.349613,2056
15014,r3i1p1f1,2056,02,09,0.0,21.29032,6.910171,2056
15015,r3i1p1f1,2056,02,10,2.786047670099034,19.329275,5.814492,2056
15016,r3i1p1f1,2056,02,11,0.0,16.467255,2.4239218,2056
15017,r3i1p1f1,2056,02,12,9.170312220027853,16.83631,4.091125,2056
15018,r3i1p1f1,2056,02,13,31.491559040657716,13.386144,6.781615,2056
15019,r3i1p1f1,2056,02,14,8.97403318859164,12.458835,2.4456913,2056
15020,r3i1p1f1,2056,02,15,0.006590107951717183,11.132479,1.2397082,2056
15021,r3i1p1f1,2056,02,16,17.566960665867416,11.989925,-0.046829898,2056
15022,r3i1p1f1,2056,02,17,7.4140274991298085,10.1144905,1.6032739,2056
15023,r3i1p1f1,2056,02,18,0.06643228672063825,11.045174,-0.103411116,2056
15024,r3i1p1f1,2056,02,19,0.0,11.385453,-1.7719579,2056
15025,r3i1p1f1,2056,02,20,0.0,16.240723,-0.13887969,2056
15026,r3i1p1f1,2056,02,21,0.005376805113910726,17.690844,2.5601513,2056
15027,r3i1p1f1,2056,02,22,0.6817298865291488,16.910423,6.731188,2056
15028,r3i1p1f1,2056,02,23,5.350055025243791,16.45394,8.255084,2056
15029,r3i1p1f1,2056,02,24,13.23765798515262,13.646587,3.0069885,2056
15030,r3i1p1f1,2056,02,25,0.0,12.755886,-1.2259233,2056
15031,r3i1p1f1,2056,02,26,0.0,15.284852,0.70305,2056
15032,r3i1p1f1,2056,02,27,0.0,17.672012,3.827293,2056
15033,r3i1p1f1,2056,02,28,0.0,21.045517,6.303347,2056
15034,r3i1p1f1,2056,02,29,0.0,21.910532,7.9904275,2056
15035,r3i1p1f1,2056,03,01,0.0,24.712776,5.811604,2056
15036,r3i1p1f1,2056,03,02,0.0003057715454787919,23.919756,6.904147,2056
15037,r3i1p1f1,2056,03,03,0.9205640395829864,18.596827,1.8314052,2056
15038,r3i1p1f1,2056,03,04,0.0,13.385883,-2.8244476,2056
15039,r3i1p1f1,2056,03,05,0.0,15.723606,-1.4389104,2056
15040,r3i1p1f1,2056,03,06,0.0,20.554823,2.0542438,2056
15041,r3i1p1f1,2056,03,07,0.0,21.949762,3.9590945,2056
15042,r3i1p1f1,2056,03,08,0.0,23.742441,5.0544133,2056
15043,r3i1p1f1,2056,03,09,0.0,24.30401,6.0440903,2056
15044,r3i1p1f1,2056,03,10,0.0,23.445248,5.467442,2056
15045,r3i1p1f1,2056,03,11,0.0,22.341166,4.235042,2056
15046,r3i1p1f1,2056,03,12,0.0,23.432516,4.3886843,2056
15047,r3i1p1f1,2056,03,13,0.9124645154142027,22.73987,4.582294,2056
15048,r3i1p1f1,2056,03,14,2.248630113007852,14.542617,4.480161,2056
15049,r3i1p1f1,2056,03,15,0.6390816900260908,15.137142,2.1039464,2056
15050,r3i1p1f1,2056,03,16,0.0,20.148317,0.3903101,2056
15051,r3i1p1f1,2056,03,17,0.05136366906409614,21.440853,3.124006,2056
15052,r3i1p1f1,2056,03,18,0.23588620291720322,20.60404,5.242357,2056
15053,r3i1p1f1,2056,03,19,11.6713329298358,16.979416,7.1099763,2056
15054,r3i1p1f1,2056,03,20,6.835504124138617,16.433687,3.7350998,2056
15055,r3i1p1f1,2056,03,21,26.20093994828604,12.021213,3.6779366,2056
15056,r3i1p1f1,2056,03,22,2.9895422687949385,12.418962,-0.355734,2056
15057,r3i1p1f1,2056,03,23,0.0,17.29571,1.8667458,2056
15058,r3i1p1f1,2056,03,24,0.15037507744251122,18.046377,1.0109857,2056
15059,r3i1p1f1,2056,03,25,13.015267693944308,14.126422,6.7228556,2056
15060,r3i1p1f1,2056,03,26,12.437703308883515,14.4113865,5.228587,2056
15061,r3i1p1f1,2056,03,27,0.0,16.51951,-0.68260807,2056
15062,r3i1p1f1,2056,03,28,0.0,18.516088,1.8013365,2056
15063,r3i1p1f1,2056,03,29,5.001358330448442,15.604075,5.051027,2056
15064,r3i1p1f1,2056,03,30,0.004047001579734074,14.159008,-0.48466918,2056
15065,r3i1p1f1,2056,03,31,0.0,16.383327,0.035683658,2056
15066,r3i1p1f1,2056,04,01,0.0,18.230406,1.8170805,2056
15067,r3i1p1f1,2056,04,02,0.00641005513237112,16.369911,1.2927516,2056
15068,r3i1p1f1,2056,04,03,1.9871192111752338,15.772597,5.5493994,2056
15069,r3i1p1f1,2056,04,04,0.0016136686882060585,18.078512,2.3282883,2056
15070,r3i1p1f1,2056,04,05,0.0,22.249208,3.0065844,2056
15071,r3i1p1f1,2056,04,06,0.0,25.091875,7.762161,2056
15072,r3i1p1f1,2056,04,07,0.0,28.606861,9.165596,2056
15073,r3i1p1f1,2056,04,08,0.4245949590734778,27.305042,9.298867,2056
15074,r3i1p1f1,2056,04,09,0.07594435787971386,20.322342,4.6090603,2056
15075,r3i1p1f1,2056,04,10,0.0,25.133429,5.2679725,2056
15076,r3i1p1f1,2056,04,11,0.0,26.15291,7.9878964,2056
15077,r3i1p1f1,2056,04,12,0.0,25.51422,6.332825,2056
15078,r3i1p1f1,2056,04,13,0.0004729313359624057,22.816916,5.961079,2056
15079,r3i1p1f1,2056,04,14,0.0,26.285658,6.2289705,2056
15080,r3i1p1f1,2056,04,15,0.019407923715665343,25.175837,6.7780156,2056
15081,r3i1p1f1,2056,04,16,0.5579583549975227,20.792347,5.4706283,2056
15082,r3i1p1f1,2056,04,17,0.0,23.179323,3.2910962,2056
15083,r3i1p1f1,2056,04,18,0.0,24.674002,6.929137,2056
15084,r3i1p1f1,2056,04,19,0.0,26.23529,7.5602255,2056
15085,r3i1p1f1,2056,04,20,0.0,28.055756,8.720506,2056
15086,r3i1p1f1,2056,04,21,0.0,30.829376,11.202671,2056
15087,r3i1p1f1,2056,04,22,0.0,32.869926,12.6699,2056
15088,r3i1p1f1,2056,04,23,0.0,31.219326,12.689045,2056
15089,r3i1p1f1,2056,04,24,0.0,28.625065,9.909028,2056
15090,r3i1p1f1,2056,04,25,0.0,27.07474,7.517307,2056
15091,r3i1p1f1,2056,04,26,0.008001331063331401,25.550102,6.0890512,2056
15092,r3i1p1f1,2056,04,27,0.3279840904202281,19.318632,4.9125266,2056
15093,r3i1p1f1,2056,04,28,0.0,20.728193,2.4296925,2056
15094,r3i1p1f1,2056,04,29,0.0,22.561008,3.8587809,2056
15095,r3i1p1f1,2056,04,30,0.0,22.649504,4.767588,2056
15096,r3i1p1f1,2056,05,01,0.0,24.512104,5.9283004,2056
15097,r3i1p1f1,2056,05,02,0.0,23.790447,5.73176,2056
15098,r3i1p1f1,2056,05,03,0.0,25.375868,6.218429,2056
15099,r3i1p1f1,2056,05,04,0.0,28.32639,9.398044,2056
15100,r3i1p1f1,2056,05,05,0.0,31.576988,11.695469,2056
15101,r3i1p1f1,2056,05,06,0.0,32.776722,13.491606,2056
15102,r3i1p1f1,2056,05,07,0.0,35.39139,15.608535,2056
15103,r3i1p1f1,2056,05,08,0.0,34.85821,13.199395,2056
15104,r3i1p1f1,2056,05,09,0.010661400300512358,24.459768,7.040903,2056
15105,r3i1p1f1,2056,05,10,0.00010289971462704919,22.268309,5.305579,2056
15106,r3i1p1f1,2056,05,11,0.08359595893345999,22.337387,6.855596,2056
15107,r3i1p1f1,2056,05,12,0.0,25.488184,6.8606315,2056
15108,r3i1p1f1,2056,05,13,0.0,27.964914,8.723437,2056
15109,r3i1p1f1,2056,05,14,0.0,30.769438,11.223614,2056
15110,r3i1p1f1,2056,05,15,0.0,31.777988,12.293289,2056
15111,r3i1p1f1,2056,05,16,0.0,31.953789,13.104777,2056
15112,r3i1p1f1,2056,05,17,0.0,33.115734,13.414962,2056
15113,r3i1p1f1,2056,05,18,0.0,31.478985,11.993808,2056
15114,r3i1p1f1,2056,05,19,0.1803195706452243,22.403824,5.9050937,2056
15115,r3i1p1f1,2056,05,20,0.006061068799516017,22.415802,4.2038784,2056
15116,r3i1p1f1,2056,05,21,0.0,26.243858,7.228658,2056
15117,r3i1p1f1,2056,05,22,0.0,26.293211,6.421561,2056
15118,r3i1p1f1,2056,05,23,0.0002857519906352867,24.113533,7.9068565,2056
15119,r3i1p1f1,2056,05,24,17.803268156958712,15.008926,4.94676,2056
15120,r3i1p1f1,2056,05,25,2.060710731022868,18.000853,3.248864,2056
15121,r3i1p1f1,2056,05,26,0.02783599049452636,19.819534,3.6148524,2056
15122,r3i1p1f1,2056,05,27,0.17777742022052268,16.671501,2.7243316,2056
15123,r3i1p1f1,2056,05,28,0.0,22.432386,3.8529527,2056
15124,r3i1p1f1,2056,05,29,0.0,26.1733,7.9086027,2056
15125,r3i1p1f1,2056,05,30,0.0,29.88141,11.835581,2056
15126,r3i1p1f1,2056,05,31,0.0,33.61963,15.191292,2056
15127,r3i1p1f1,2056,06,01,0.0,37.224995,17.110094,2056
15128,r3i1p1f1,2056,06,02,0.0,39.658867,19.815838,2056
15129,r3i1p1f1,2056,06,03,0.06374420561108061,38.440174,19.60179,2056
15130,r3i1p1f1,2056,06,04,0.0,34.542763,14.496622,2056
15131,r3i1p1f1,2056,06,05,0.0,32.33438,13.370256,2056
15132,r3i1p1f1,2056,06,06,0.0,31.827423,13.144252,2056
15133,r3i1p1f1,2056,06,07,0.0,30.977083,12.9682,2056
15134,r3i1p1f1,2056,06,08,0.0,29.413801,12.155052,2056
15135,r3i1p1f1,2056,06,09,0.0,27.384434,9.697427,2056
15136,r3i1p1f1,2056,06,10,0.0,28.99007,11.089266,2056
15137,r3i1p1f1,2056,06,11,0.0,28.76915,11.43815,2056
15138,r3i1p1f1,2056,06,12,0.0,31.741709,12.87396,2056
15139,r3i1p1f1,2056,06,13,0.0,30.819044,12.582973,2056
15140,r3i1p1f1,2056,06,14,0.008562525423864523,29.61938,11.956394,2056
15141,r3i1p1f1,2056,06,15,0.0,32.14235,13.220763,2056
15142,r3i1p1f1,2056,06,16,0.0,35.66749,15.609095,2056
15143,r3i1p1f1,2056,06,17,0.0,37.042458,16.260406,2056
15144,r3i1p1f1,2056,06,18,0.0,38.14821,17.101595,2056
15145,r3i1p1f1,2056,06,19,0.0,38.032875,18.867287,2056
15146,r3i1p1f1,2056,06,20,0.29076208902000816,36.671566,19.726816,2056
15147,r3i1p1f1,2056,06,21,0.0,38.58519,18.806604,2056
15148,r3i1p1f1,2056,06,22,0.0036582970201517596,39.878746,20.249498,2056
15149,r3i1p1f1,2056,06,23,0.0,40.416702,20.668495,2056
15150,r3i1p1f1,2056,06,24,0.0,40.674164,20.095293,2056
15151,r3i1p1f1,2056,06,25,0.0,39.634113,19.634838,2056
15152,r3i1p1f1,2056,06,26,0.0,36.191166,17.456707,2056
15153,r3i1p1f1,2056,06,27,0.0,35.665863,17.576485,2056
15154,r3i1p1f1,2056,06,28,0.0059954783963886175,35.042824,16.851566,2056
15155,r3i1p1f1,2056,06,29,0.0,36.928905,17.813707,2056
15156,r3i1p1f1,2056,06,30,0.0,36.954063,18.0234,2056
15157,r3i1p1f1,2056,07,01,0.0,35.727737,17.765926,2056
15158,r3i1p1f1,2056,07,02,0.0,36.51031,15.757832,2056
15159,r3i1p1f1,2056,07,03,0.0,37.460712,17.945002,2056
15160,r3i1p1f1,2056,07,04,0.04658591307375128,37.620075,20.16243,2056
15161,r3i1p1f1,2056,07,05,0.2196250442119146,36.753498,19.619633,2056
15162,r3i1p1f1,2056,07,06,0.0,36.490314,18.407768,2056
15163,r3i1p1f1,2056,07,07,0.0,36.244747,18.262049,2056
15164,r3i1p1f1,2056,07,08,0.07324403890930681,35.831383,17.719296,2056
15165,r3i1p1f1,2056,07,09,0.007367898554851611,35.124424,17.53443,2056
15166,r3i1p1f1,2056,07,10,0.0,37.161747,18.258718,2056
15167,r3i1p1f1,2056,07,11,0.0,38.93853,20.45985,2056
15168,r3i1p1f1,2056,07,12,0.0011966115033084695,38.66748,19.449226,2056
15169,r3i1p1f1,2056,07,13,0.0,39.049152,20.41733,2056
15170,r3i1p1f1,2056,07,14,0.0,38.7557,20.639814,2056
15171,r3i1p1f1,2056,07,15,0.006296527501421444,39.52149,19.759499,2056
15172,r3i1p1f1,2056,07,16,0.0,39.98232,19.599634,2056
15173,r3i1p1f1,2056,07,17,0.5688089367112932,39.818253,21.383308,2056
15174,r3i1p1f1,2056,07,18,0.15707847263635785,40.475563,20.90391,2056
15175,r3i1p1f1,2056,07,19,12.363868562401462,37.97974,20.460066,2056
15176,r3i1p1f1,2056,07,20,9.47633748703083,31.189465,17.117569,2056
15177,r3i1p1f1,2056,07,21,0.0,36.132797,19.248693,2056
15178,r3i1p1f1,2056,07,22,0.7775367084170945,35.285534,19.006975,2056
15179,r3i1p1f1,2056,07,23,2.2812882336974685,30.527866,16.560095,2056
15180,r3i1p1f1,2056,07,24,0.06221943259747191,34.951504,17.589174,2056
15181,r3i1p1f1,2056,07,25,0.0,36.878803,19.502186,2056
15182,r3i1p1f1,2056,07,26,0.07541194201401209,37.176537,20.127525,2056
15183,r3i1p1f1,2056,07,27,0.0661279899720808,38.246452,20.20895,2056
15184,r3i1p1f1,2056,07,28,0.0,39.292023,20.308249,2056
15185,r3i1p1f1,2056,07,29,0.0,39.66878,19.90518,2056
15186,r3i1p1f1,2056,07,30,1.3175072265695427,38.92612,22.767162,2056
15187,r3i1p1f1,2056,07,31,0.00024079775550600255,39.536327,20.18106,2056
15188,r3i1p1f1,2056,08,01,0.0,37.946697,18.785963,2056
15189,r3i1p1f1,2056,08,02,0.0,35.579613,17.76874,2056
15190,r3i1p1f1,2056,08,03,0.0,35.239613,18.341208,2056
15191,r3i1p1f1,2056,08,04,0.006986225242585395,35.991753,18.694181,2056
15192,r3i1p1f1,2056,08,05,0.0,35.22876,18.18996,2056
15193,r3i1p1f1,2056,08,06,0.5194365367225889,34.45777,17.538057,2056
15194,r3i1p1f1,2056,08,07,0.0,35.922283,18.489292,2056
15195,r3i1p1f1,2056,08,08,0.013445684277085644,36.835445,18.892168,2056
15196,r3i1p1f1,2056,08,09,0.0,37.85499,19.296282,2056
15197,r3i1p1f1,2056,08,10,0.017322294191795994,38.564205,19.532835,2056
15198,r3i1p1f1,2056,08,11,0.010051342753947458,40.142887,19.765923,2056
15199,r3i1p1f1,2056,08,12,0.0046365773728625345,40.75341,20.242743,2056
15200,r3i1p1f1,2056,08,13,0.0,39.28794,20.122753,2056
15201,r3i1p1f1,2056,08,14,0.0,37.3057,18.660406,2056
15202,r3i1p1f1,2056,08,15,0.0,36.174335,17.792027,2056
15203,r3i1p1f1,2056,08,16,0.0,36.947796,17.729778,2056
15204,r3i1p1f1,2056,08,17,0.0,38.833908,18.54057,2056
15205,r3i1p1f1,2056,08,18,0.0,39.16522,19.223501,2056
15206,r3i1p1f1,2056,08,19,0.0,39.204266,19.312971,2056
15207,r3i1p1f1,2056,08,20,0.0009602408461046941,39.446354,19.384884,2056
15208,r3i1p1f1,2056,08,21,0.0,39.518444,18.642117,2056
15209,r3i1p1f1,2056,08,22,0.0,39.735714,19.153315,2056
15210,r3i1p1f1,2056,08,23,0.0,37.03365,16.706888,2056
15211,r3i1p1f1,2056,08,24,0.0037093524963094033,28.29245,12.117359,2056
15212,r3i1p1f1,2056,08,25,0.0,27.333477,11.11979,2056
15213,r3i1p1f1,2056,08,26,6.940176091990052,28.122826,15.51915,2056
15214,r3i1p1f1,2056,08,27,5.070675412911249,27.54627,17.999512,2056
15215,r3i1p1f1,2056,08,28,0.505469072073593,30.680496,16.805788,2056
15216,r3i1p1f1,2056,08,29,2.6565707450958364e-05,30.689713,15.846324,2056
15217,r3i1p1f1,2056,08,30,0.0,29.948107,14.537105,2056
15218,r3i1p1f1,2056,08,31,0.0,31.885925,14.074389,2056
15219,r3i1p1f1,2056,09,01,0.0,32.506374,16.189602,2056
15220,r3i1p1f1,2056,09,02,0.0,31.232706,14.859235,2056
15221,r3i1p1f1,2056,09,03,0.0,31.252588,14.774737,2056
15222,r3i1p1f1,2056,09,04,0.08172209511526903,31.869854,15.8018465,2056
15223,r3i1p1f1,2056,09,05,0.0006936890581114726,33.91902,16.832197,2056
15224,r3i1p1f1,2056,09,06,0.0,34.707226,16.628897,2056
15225,r3i1p1f1,2056,09,07,3.060950067160637,35.00003,17.31878,2056
15226,r3i1p1f1,2056,09,08,0.00450365160676566,34.286407,17.110006,2056
15227,r3i1p1f1,2056,09,09,0.0,31.6623,18.737963,2056
15228,r3i1p1f1,2056,09,10,0.0,34.861996,20.26846,2056
15229,r3i1p1f1,2056,09,11,0.0,36.183937,17.945301,2056
15230,r3i1p1f1,2056,09,12,0.0,35.055256,17.88536,2056
15231,r3i1p1f1,2056,09,13,0.0,36.357304,17.20183,2056
15232,r3i1p1f1,2056,09,14,0.004018475416215193,37.716667,19.183355,2056
15233,r3i1p1f1,2056,09,15,0.009500376781392279,36.50641,20.059113,2056
15234,r3i1p1f1,2056,09,16,0.00894925966294426,34.878136,17.651968,2056
15235,r3i1p1f1,2056,09,17,0.22765828870681368,35.762127,18.24294,2056
15236,r3i1p1f1,2056,09,18,0.000984359843035539,36.48214,17.614729,2056
15237,r3i1p1f1,2056,09,19,0.0,35.58018,16.944174,2056
15238,r3i1p1f1,2056,09,20,0.0,34.735344,15.469911,2056
15239,r3i1p1f1,2056,09,21,0.0,33.53643,16.299976,2056
15240,r3i1p1f1,2056,09,22,0.0,31.01261,13.693665,2056
15241,r3i1p1f1,2056,09,23,0.0,26.321795,10.205962,2056
15242,r3i1p1f1,2056,09,24,0.0,26.51748,10.346002,2056
15243,r3i1p1f1,2056,09,25,0.0,28.43009,11.509997,2056
15244,r3i1p1f1,2056,09,26,0.0,29.0996,12.444823,2056
15245,r3i1p1f1,2056,09,27,0.0,30.025581,13.509676,2056
15246,r3i1p1f1,2056,09,28,0.014357175457531192,28.632902,13.644397,2056
15247,r3i1p1f1,2056,09,29,0.32190296405491553,25.893806,12.71567,2056
15248,r3i1p1f1,2056,09,30,0.2650458426543275,24.6443,12.665909,2056
15249,r3i1p1f1,2056,10,01,0.5458896985664703,24.31974,11.486148,2056
15250,r3i1p1f1,2056,10,02,0.06608353867319017,22.104729,9.280961,2056
15251,r3i1p1f1,2056,10,03,0.3253744132672926,21.975971,7.4061537,2056
15252,r3i1p1f1,2056,10,04,0.037567780801151515,27.711512,9.447308,2056
15253,r3i1p1f1,2056,10,05,17.444284480663942,30.00235,15.173284,2056
15254,r3i1p1f1,2056,10,06,8.922062784357133,22.46967,11.1740265,2056
15255,r3i1p1f1,2056,10,07,14.347015846403862,21.402813,10.051079,2056
15256,r3i1p1f1,2056,10,08,2.0752360922580753,20.417137,8.740385,2056
15257,r3i1p1f1,2056,10,09,0.3589840073343084,20.496586,7.9114585,2056
15258,r3i1p1f1,2056,10,10,16.509542547007158,21.48741,10.27237,2056
15259,r3i1p1f1,2056,10,11,0.7233217841076112,19.075634,7.617218,2056
15260,r3i1p1f1,2056,10,12,0.0,19.52861,6.383084,2056
15261,r3i1p1f1,2056,10,13,0.0,22.587496,8.554113,2056
15262,r3i1p1f1,2056,10,14,0.0,24.134457,9.894322,2056
15263,r3i1p1f1,2056,10,15,0.0,23.207684,9.782443,2056
15264,r3i1p1f1,2056,10,16,0.003528858132857281,21.062054,7.58098,2056
15265,r3i1p1f1,2056,10,17,6.692696610147268,20.018183,8.842257,2056
15266,r3i1p1f1,2056,10,18,0.42477305769352824,19.403149,7.5663342,2056
15267,r3i1p1f1,2056,10,19,0.028070683329133317,19.368835,6.6699653,2056
15268,r3i1p1f1,2056,10,20,0.0,21.094528,7.8126035,2056
15269,r3i1p1f1,2056,10,21,0.0,24.627924,10.861447,2056
15270,r3i1p1f1,2056,10,22,0.0,25.748867,12.373122,2056
15271,r3i1p1f1,2056,10,23,0.0,28.45389,13.683044,2056
15272,r3i1p1f1,2056,10,24,0.0,28.66619,14.032844,2056
15273,r3i1p1f1,2056,10,25,0.0,28.068605,13.214788,2056
15274,r3i1p1f1,2056,10,26,0.0,26.359673,12.119743,2056
15275,r3i1p1f1,2056,10,27,0.0,23.591516,12.552829,2056
15276,r3i1p1f1,2056,10,28,0.0,23.706032,9.214462,2056
15277,r3i1p1f1,2056,10,29,0.0,24.639612,9.352845,2056
15278,r3i1p1f1,2056,10,30,0.0,23.923422,7.9932284,2056
15279,r3i1p1f1,2056,10,31,0.0,26.869225,8.319169,2056
15280,r3i1p1f1,2056,11,01,0.0,28.708061,10.173546,2056
15281,r3i1p1f1,2056,11,02,0.17564812397970606,27.59307,12.022145,2056
15282,r3i1p1f1,2056,11,03,0.15909465256492805,22.680355,8.720685,2056
15283,r3i1p1f1,2056,11,04,9.96941586276631,18.343763,7.811619,2056
15284,r3i1p1f1,2056,11,05,6.978467582635913,9.068966,0.96994334,2056
15285,r3i1p1f1,2056,11,06,4.295432676225657,9.040853,-1.1482214,2056
15286,r3i1p1f1,2056,11,07,15.664084840105357,13.560264,3.4836512,2056
15287,r3i1p1f1,2056,11,08,41.56801381388284,17.75647,8.387921,2056
15288,r3i1p1f1,2056,11,09,1.0549423086206045,18.856934,8.396383,2056
15289,r3i1p1f1,2056,11,10,7.708627858751381,18.357138,8.109889,2056
15290,r3i1p1f1,2056,11,11,61.12097621285074,18.836926,13.438626,2056
15291,r3i1p1f1,2056,11,12,27.15370298020196,18.567154,8.533997,2056
15292,r3i1p1f1,2056,11,13,23.57272265685341,16.11722,7.4868283,2056
15293,r3i1p1f1,2056,11,14,0.09020568440257304,12.798194,2.387972,2056
15294,r3i1p1f1,2056,11,15,0.0,12.004605,0.3026685,2056
15295,r3i1p1f1,2056,11,16,0.0,16.144482,4.1479316,2056
15296,r3i1p1f1,2056,11,17,0.0,16.878746,4.9730477,2056
15297,r3i1p1f1,2056,11,18,0.25448677347330056,15.973945,5.4919996,2056
15298,r3i1p1f1,2056,11,19,1.5331995013305761,17.02088,9.729596,2056
15299,r3i1p1f1,2056,11,20,0.5565789426575727,19.116285,9.481621,2056
15300,r3i1p1f1,2056,11,21,5.124072858105302,19.047543,11.712495,2056
15301,r3i1p1f1,2056,11,22,0.31577140416078636,17.180368,7.033512,2056
15302,r3i1p1f1,2056,11,23,0.09390467120807222,17.119404,5.8341756,2056
15303,r3i1p1f1,2056,11,24,0.0,16.803608,4.673092,2056
15304,r3i1p1f1,2056,11,25,0.0,17.652624,5.8286986,2056
15305,r3i1p1f1,2056,11,26,9.95589032341465,18.631498,9.038601,2056
15306,r3i1p1f1,2056,11,27,9.055174839879438,13.963016,4.6893964,2056
15307,r3i1p1f1,2056,11,28,0.3008324075507875,7.9987383,0.62343377,2056
15308,r3i1p1f1,2056,11,29,0.18648480297997594,12.157104,0.5376864,2056
15309,r3i1p1f1,2056,11,30,0.0,15.024633,2.4753566,2056
15310,r3i1p1f1,2056,12,01,0.0,13.540145,1.5791335,2056
15311,r3i1p1f1,2056,12,02,0.0,12.03939,1.0293162,2056
15312,r3i1p1f1,2056,12,03,0.0,11.8986845,0.49543777,2056
15313,r3i1p1f1,2056,12,04,0.0005460854233454236,13.127062,1.0034894,2056
15314,r3i1p1f1,2056,12,05,0.3998343992244565,12.133882,3.170778,2056
15315,r3i1p1f1,2056,12,06,0.003965857780933606,8.939119,1.0347339,2056
15316,r3i1p1f1,2056,12,07,0.0,11.1957245,-0.16021146,2056
15317,r3i1p1f1,2056,12,08,0.0,12.797094,0.83985496,2056
15318,r3i1p1f1,2056,12,09,0.0,13.711726,2.5835812,2056
15319,r3i1p1f1,2056,12,10,0.0,15.815228,3.3983278,2056
15320,r3i1p1f1,2056,12,11,0.0,16.004005,4.156555,2056
15321,r3i1p1f1,2056,12,12,0.0,17.87587,5.6680503,2056
15322,r3i1p1f1,2056,12,13,0.0,16.4342,4.698433,2056
15323,r3i1p1f1,2056,12,14,0.005812929801212511,15.502034,3.8512754,2056
15324,r3i1p1f1,2056,12,15,7.195080660358971,15.127036,6.517613,2056
15325,r3i1p1f1,2056,12,16,0.24249937196145765,10.2453,1.5702944,2056
15326,r3i1p1f1,2056,12,17,0.009208934070281402,9.101007,-0.5243248,2056
15327,r3i1p1f1,2056,12,18,0.5655949852900283,7.3613024,-1.651207,2056
15328,r3i1p1f1,2056,12,19,0.8402899107298281,5.7126536,-2.9401677,2056
15329,r3i1p1f1,2056,12,20,0.0,4.2962465,-7.956429,2056
15330,r3i1p1f1,2056,12,21,0.0,2.6801941,-8.958538,2056
15331,r3i1p1f1,2056,12,22,0.0,4.6394806,-6.67036,2056
15332,r3i1p1f1,2056,12,23,0.0,8.920151,-3.3171332,2056
15333,r3i1p1f1,2056,12,24,0.0,8.968043,-1.4769275,2056
15334,r3i1p1f1,2056,12,25,0.0,12.793735,2.015168,2056
15335,r3i1p1f1,2056,12,26,0.0,14.896717,2.3551571,2056
15336,r3i1p1f1,2056,12,27,0.0,12.545197,-0.6869853,2056
15337,r3i1p1f1,2056,12,28,0.0,8.818388,-1.3879325,2056
15338,r3i1p1f1,2056,12,29,0.0,12.275489,-0.17742611,2056
15339,r3i1p1f1,2056,12,30,0.7177957661606067,10.827563,1.2674462,2056
15340,r3i1p1f1,2056,12,31,26.42426054460829,10.517134,2.488484,2056
15341,r3i1p1f1,2057,01,01,8.676856485013339,13.405209,3.7739224,2057
15342,r3i1p1f1,2057,01,02,0.01583791501947086,13.054433,4.3870497,2057
15343,r3i1p1f1,2057,01,03,32.37071845932936,13.036943,5.969025,2057
15344,r3i1p1f1,2057,01,04,11.660733140019918,14.459008,6.4671354,2057
15345,r3i1p1f1,2057,01,05,0.0,14.251424,2.056149,2057
15346,r3i1p1f1,2057,01,06,5.858097905774312,15.474462,6.275712,2057
15347,r3i1p1f1,2057,01,07,0.37376832817354816,14.833155,5.948305,2057
15348,r3i1p1f1,2057,01,08,4.632252192247754,14.886888,6.7847505,2057
15349,r3i1p1f1,2057,01,09,18.42670032288934,16.570045,4.957089,2057
15350,r3i1p1f1,2057,01,10,15.79434967196331,16.142172,8.379829,2057
15351,r3i1p1f1,2057,01,11,36.131349319002766,14.096798,7.3081746,2057
15352,r3i1p1f1,2057,01,12,38.75874911027495,16.225183,9.391619,2057
15353,r3i1p1f1,2057,01,13,0.2549472249423464,15.1210985,3.30929,2057
15354,r3i1p1f1,2057,01,14,0.0,16.11432,2.298659,2057
15355,r3i1p1f1,2057,01,15,0.0027905594889131007,16.058895,4.712921,2057
15356,r3i1p1f1,2057,01,16,0.026680390973607162,16.519434,4.7650023,2057
15357,r3i1p1f1,2057,01,17,0.0,16.422558,3.7868788,2057
15358,r3i1p1f1,2057,01,18,5.086278415657227,14.4760065,3.1628885,2057
15359,r3i1p1f1,2057,01,19,38.17802236197608,12.332587,5.8200154,2057
15360,r3i1p1f1,2057,01,20,5.279679855000061,13.172579,3.0794823,2057
15361,r3i1p1f1,2057,01,21,10.66072308549537,13.949602,4.363626,2057
15362,r3i1p1f1,2057,01,22,32.295768472831696,12.326686,4.737872,2057
15363,r3i1p1f1,2057,01,23,1.7080336994959824,12.2099695,2.6398213,2057
15364,r3i1p1f1,2057,01,24,0.0,14.733489,-1.0792537,2057
15365,r3i1p1f1,2057,01,25,8.128982542231935,12.490918,3.9000688,2057
15366,r3i1p1f1,2057,01,26,0.22318076265119915,14.405657,1.927905,2057
15367,r3i1p1f1,2057,01,27,8.95946599498557,15.463482,7.105048,2057
15368,r3i1p1f1,2057,01,28,3.659532285585583,17.681787,7.3212104,2057
15369,r3i1p1f1,2057,01,29,10.620708370993409,15.67217,8.230547,2057
15370,r3i1p1f1,2057,01,30,0.32255426191003417,13.608668,5.6357174,2057
15371,r3i1p1f1,2057,01,31,8.631704989847178,14.923285,4.6723766,2057
15372,r3i1p1f1,2057,02,01,3.6469719848195603,14.220406,2.9122484,2057
15373,r3i1p1f1,2057,02,02,3.7402084343028204,13.531611,1.4912229,2057
15374,r3i1p1f1,2057,02,03,8.656926198027302,13.355246,4.27369,2057
15375,r3i1p1f1,2057,02,04,16.652838697447088,11.045596,5.182979,2057
15376,r3i1p1f1,2057,02,05,2.53211988029789,13.424779,2.770197,2057
15377,r3i1p1f1,2057,02,06,0.13041604054402947,13.430155,-0.7003129,2057
15378,r3i1p1f1,2057,02,07,0.2169505291743862,12.707954,-0.41221163,2057
15379,r3i1p1f1,2057,02,08,11.544889972865349,10.939173,2.7164667,2057
15380,r3i1p1f1,2057,02,09,0.04812485576346234,12.131235,0.50373834,2057
15381,r3i1p1f1,2057,02,10,0.0,14.192117,0.37842026,2057
15382,r3i1p1f1,2057,02,11,0.00874683124658821,14.0286665,0.7569289,2057
15383,r3i1p1f1,2057,02,12,11.595095330108466,12.470617,0.7116469,2057
15384,r3i1p1f1,2057,02,13,0.0,10.597125,-2.7378042,2057
15385,r3i1p1f1,2057,02,14,0.02516100767631239,11.489011,-0.8654119,2057
15386,r3i1p1f1,2057,02,15,0.0,14.937137,2.6095986,2057
15387,r3i1p1f1,2057,02,16,0.0,18.09692,2.3606002,2057
15388,r3i1p1f1,2057,02,17,0.0,20.496405,4.483866,2057
15389,r3i1p1f1,2057,02,18,0.0,21.376667,5.5877743,2057
15390,r3i1p1f1,2057,02,19,0.020668879031180757,21.618946,7.311193,2057
15391,r3i1p1f1,2057,02,20,8.034365178653829,17.402376,4.596588,2057
15392,r3i1p1f1,2057,02,21,0.09396847501965098,9.097934,-0.08387576,2057
15393,r3i1p1f1,2057,02,22,0.036925117257686164,9.82278,-2.0720303,2057
15394,r3i1p1f1,2057,02,23,0.0,11.664128,-2.5509846,2057
15395,r3i1p1f1,2057,02,24,0.5621022284862137,11.267484,-2.580909,2057
15396,r3i1p1f1,2057,02,25,2.343134842641589,11.666672,-1.6637471,2057
15397,r3i1p1f1,2057,02,26,1.841716622240545,11.179658,-0.5319165,2057
15398,r3i1p1f1,2057,02,27,0.03294277128588874,10.647363,-1.4747578,2057
15399,r3i1p1f1,2057,02,28,0.014821782888523585,11.997958,-0.3866216,2057
15400,r3i1p1f1,2057,03,01,0.0019023992177663426,14.714815,-2.6610153,2057
15401,r3i1p1f1,2057,03,02,0.01222028256796131,17.276726,-0.20179813,2057
15402,r3i1p1f1,2057,03,03,0.0,19.549183,1.1979918,2057
15403,r3i1p1f1,2057,03,04,0.0,22.561539,4.266644,2057
15404,r3i1p1f1,2057,03,05,0.0,21.893122,4.9859695,2057
15405,r3i1p1f1,2057,03,06,0.0,22.165678,4.7610765,2057
15406,r3i1p1f1,2057,03,07,0.0,22.513418,5.431439,2057
15407,r3i1p1f1,2057,03,08,0.0,22.428452,4.827437,2057
15408,r3i1p1f1,2057,03,09,0.0,23.212233,6.108222,2057
15409,r3i1p1f1,2057,03,10,0.0,22.704268,5.0867963,2057
15410,r3i1p1f1,2057,03,11,0.0,22.552876,5.4235053,2057
15411,r3i1p1f1,2057,03,12,0.0,24.256351,6.2494264,2057
15412,r3i1p1f1,2057,03,13,0.09379991003449752,22.596764,4.999897,2057
15413,r3i1p1f1,2057,03,14,0.04541713428008017,18.51742,5.091033,2057
15414,r3i1p1f1,2057,03,15,6.844298420191714e-05,17.211292,0.9435316,2057
15415,r3i1p1f1,2057,03,16,0.0,16.458883,-1.2613589,2057
15416,r3i1p1f1,2057,03,17,0.0,19.051815,1.9556724,2057
15417,r3i1p1f1,2057,03,18,0.0,21.203344,3.0455034,2057
15418,r3i1p1f1,2057,03,19,0.0,22.038395,3.5835812,2057
15419,r3i1p1f1,2057,03,20,0.0,22.58361,3.4611325,2057
15420,r3i1p1f1,2057,03,21,0.0,23.24696,4.696576,2057
15421,r3i1p1f1,2057,03,22,0.012094250809186082,22.478704,3.626126,2057
15422,r3i1p1f1,2057,03,23,0.0,19.071968,1.6430678,2057
15423,r3i1p1f1,2057,03,24,0.0,19.316109,2.6714537,2057
15424,r3i1p1f1,2057,03,25,0.0,22.150095,3.6862252,2057
15425,r3i1p1f1,2057,03,26,0.0,23.885101,4.432631,2057
15426,r3i1p1f1,2057,03,27,0.0,22.668068,4.6888347,2057
15427,r3i1p1f1,2057,03,28,0.0,23.72899,4.7847214,2057
15428,r3i1p1f1,2057,03,29,0.0,25.575048,5.1232033,2057
15429,r3i1p1f1,2057,03,30,6.740644008501532,22.006903,3.576309,2057
15430,r3i1p1f1,2057,03,31,1.360782938809004,17.677708,4.469935,2057
15431,r3i1p1f1,2057,04,01,0.0,22.180546,3.5867293,2057
15432,r3i1p1f1,2057,04,02,0.0,23.886513,5.302688,2057
15433,r3i1p1f1,2057,04,03,0.020968429550218087,22.476671,4.0299416,2057
15434,r3i1p1f1,2057,04,04,12.178293670947438,17.689707,3.0446153,2057
15435,r3i1p1f1,2057,04,05,0.5365274643929407,17.226463,3.928577,2057
15436,r3i1p1f1,2057,04,06,0.0,20.08021,4.454303,2057
15437,r3i1p1f1,2057,04,07,0.7304750791742911,19.379002,4.5303435,2057
15438,r3i1p1f1,2057,04,08,0.11036734257217948,16.381668,0.78479207,2057
15439,r3i1p1f1,2057,04,09,0.1541089445199208,16.947166,0.9572441,2057
15440,r3i1p1f1,2057,04,10,0.13278422727263672,20.472237,4.9576907,2057
15441,r3i1p1f1,2057,04,11,0.0,24.627491,5.4940596,2057
15442,r3i1p1f1,2057,04,12,0.0,27.894722,8.600762,2057
15443,r3i1p1f1,2057,04,13,0.0,30.040646,10.732635,2057
15444,r3i1p1f1,2057,04,14,0.0,28.32521,9.192475,2057
15445,r3i1p1f1,2057,04,15,0.0,27.484425,8.180379,2057
15446,r3i1p1f1,2057,04,16,0.0,27.287289,6.8163548,2057
15447,r3i1p1f1,2057,04,17,0.002514245729385452,22.305222,4.6333494,2057
15448,r3i1p1f1,2057,04,18,0.0003559489833247481,19.831238,1.6269224,2057
15449,r3i1p1f1,2057,04,19,0.014422259150292533,19.304897,0.46274355,2057
15450,r3i1p1f1,2057,04,20,4.041093581368896,15.183472,4.0761104,2057
15451,r3i1p1f1,2057,04,21,0.08442514250032906,13.627438,0.6166271,2057
15452,r3i1p1f1,2057,04,22,0.0,22.604233,1.2988569,2057
15453,r3i1p1f1,2057,04,23,0.0,25.065258,4.9951596,2057
15454,r3i1p1f1,2057,04,24,0.0,25.108263,5.602253,2057
15455,r3i1p1f1,2057,04,25,0.0,25.882162,6.4664297,2057
15456,r3i1p1f1,2057,04,26,0.0,24.934101,6.053363,2057
15457,r3i1p1f1,2057,04,27,0.0,24.428816,6.830848,2057
15458,r3i1p1f1,2057,04,28,0.025656887384794765,23.5041,6.5185695,2057
15459,r3i1p1f1,2057,04,29,0.09361237692549669,22.586943,7.1918764,2057
15460,r3i1p1f1,2057,04,30,6.234117591825039,18.633556,5.2626843,2057
15461,r3i1p1f1,2057,05,01,0.012440589260112381,23.066067,5.399779,2057
15462,r3i1p1f1,2057,05,02,0.0,25.132679,7.7635145,2057
15463,r3i1p1f1,2057,05,03,0.004129255559581163,25.169933,6.8045964,2057
15464,r3i1p1f1,2057,05,04,0.04571774223064274,23.975168,7.25501,2057
15465,r3i1p1f1,2057,05,05,0.061178317454036776,22.915663,6.3777966,2057
15466,r3i1p1f1,2057,05,06,0.0,21.777048,5.7978377,2057
15467,r3i1p1f1,2057,05,07,0.0005390153224156661,27.406555,8.216579,2057
15468,r3i1p1f1,2057,05,08,0.0,33.459866,14.034553,2057
15469,r3i1p1f1,2057,05,09,0.0,32.59365,13.967822,2057
15470,r3i1p1f1,2057,05,10,0.0,27.692368,9.824141,2057
15471,r3i1p1f1,2057,05,11,0.0,26.127613,6.700627,2057
15472,r3i1p1f1,2057,05,12,0.0,31.304852,11.200423,2057
15473,r3i1p1f1,2057,05,13,0.0,30.104822,10.285188,2057
15474,r3i1p1f1,2057,05,14,0.00028807449394441915,22.8756,5.312717,2057
15475,r3i1p1f1,2057,05,15,0.0,28.684887,9.053151,2057
15476,r3i1p1f1,2057,05,16,0.0,30.91294,11.097567,2057
15477,r3i1p1f1,2057,05,17,0.0,28.08979,9.108535,2057
15478,r3i1p1f1,2057,05,18,0.0,25.265923,7.253922,2057
15479,r3i1p1f1,2057,05,19,0.0,32.81487,12.730743,2057
15480,r3i1p1f1,2057,05,20,0.0,34.88963,14.685143,2057
15481,r3i1p1f1,2057,05,21,0.0,33.162373,13.167934,2057
15482,r3i1p1f1,2057,05,22,0.0,31.25611,11.487011,2057
15483,r3i1p1f1,2057,05,23,0.0,30.824263,10.729484,2057
15484,r3i1p1f1,2057,05,24,0.0,28.621687,11.0454445,2057
15485,r3i1p1f1,2057,05,25,0.0,27.703985,8.976061,2057
15486,r3i1p1f1,2057,05,26,0.0,26.749662,8.013713,2057
15487,r3i1p1f1,2057,05,27,0.0,21.589539,5.3257246,2057
15488,r3i1p1f1,2057,05,28,0.0,22.857973,4.463667,2057
15489,r3i1p1f1,2057,05,29,0.0,29.272821,10.113549,2057
15490,r3i1p1f1,2057,05,30,0.0,33.220184,13.414397,2057
15491,r3i1p1f1,2057,05,31,0.0,31.408154,12.316361,2057
15492,r3i1p1f1,2057,06,01,0.0,25.959108,8.82343,2057
15493,r3i1p1f1,2057,06,02,0.0,28.47851,10.339854,2057
15494,r3i1p1f1,2057,06,03,0.0,33.93639,13.153807,2057
15495,r3i1p1f1,2057,06,04,0.0,34.70349,14.44955,2057
15496,r3i1p1f1,2057,06,05,0.0,33.34509,13.830797,2057
15497,r3i1p1f1,2057,06,06,0.1128420527234222,27.550613,11.366674,2057
15498,r3i1p1f1,2057,06,07,2.0052729616939113,25.395876,9.672392,2057
15499,r3i1p1f1,2057,06,08,0.052269164319692536,22.019226,5.9928184,2057
15500,r3i1p1f1,2057,06,09,0.0,22.430534,6.186024,2057
15501,r3i1p1f1,2057,06,10,0.0,22.777899,5.9997444,2057
15502,r3i1p1f1,2057,06,11,0.0,22.057583,5.800398,2057
15503,r3i1p1f1,2057,06,12,0.0,23.854631,7.22668,2057
15504,r3i1p1f1,2057,06,13,0.0,23.599277,8.653524,2057
15505,r3i1p1f1,2057,06,14,0.0,25.998642,9.137058,2057
15506,r3i1p1f1,2057,06,15,0.0,30.316372,13.697501,2057
15507,r3i1p1f1,2057,06,16,0.0,36.542343,17.721983,2057
15508,r3i1p1f1,2057,06,17,0.0,38.74935,19.845617,2057
15509,r3i1p1f1,2057,06,18,0.0,38.84808,20.240984,2057
15510,r3i1p1f1,2057,06,19,0.0,38.07968,18.269022,2057
15511,r3i1p1f1,2057,06,20,0.0,37.37792,17.878729,2057
15512,r3i1p1f1,2057,06,21,0.0,38.013615,18.729052,2057
15513,r3i1p1f1,2057,06,22,0.0,38.478024,19.022064,2057
15514,r3i1p1f1,2057,06,23,0.0,37.993042,18.52402,2057
15515,r3i1p1f1,2057,06,24,0.0,37.155575,17.666397,2057
15516,r3i1p1f1,2057,06,25,0.0,36.07243,16.622627,2057
15517,r3i1p1f1,2057,06,26,0.0,36.732437,16.729132,2057
15518,r3i1p1f1,2057,06,27,0.0,37.602684,17.001406,2057
15519,r3i1p1f1,2057,06,28,0.0,39.27996,19.05098,2057
15520,r3i1p1f1,2057,06,29,0.21324453971553312,39.93587,20.485676,2057
15521,r3i1p1f1,2057,06,30,0.019029962343417785,40.53139,21.060135,2057
15522,r3i1p1f1,2057,07,01,0.0,42.110573,22.155518,2057
15523,r3i1p1f1,2057,07,02,0.0,41.058914,21.110338,2057
15524,r3i1p1f1,2057,07,03,0.0,39.64549,19.708464,2057
15525,r3i1p1f1,2057,07,04,0.0,39.446953,19.158335,2057
15526,r3i1p1f1,2057,07,05,0.0,36.706688,18.277924,2057
15527,r3i1p1f1,2057,07,06,0.0,34.479286,16.630938,2057
15528,r3i1p1f1,2057,07,07,0.0,34.241924,16.062027,2057
15529,r3i1p1f1,2057,07,08,0.0,34.637653,16.591036,2057
15530,r3i1p1f1,2057,07,09,0.0,36.987076,17.241386,2057
15531,r3i1p1f1,2057,07,10,0.0,37.46818,17.852203,2057
15532,r3i1p1f1,2057,07,11,0.013398243997168416,37.509052,18.596222,2057
15533,r3i1p1f1,2057,07,12,0.8368697787536252,36.689823,19.941105,2057
15534,r3i1p1f1,2057,07,13,0.0,36.676777,17.988285,2057
15535,r3i1p1f1,2057,07,14,0.0,33.408894,16.628374,2057
15536,r3i1p1f1,2057,07,15,0.01711083561972235,32.982918,17.022766,2057
15537,r3i1p1f1,2057,07,16,0.0,33.04671,16.868923,2057
15538,r3i1p1f1,2057,07,17,0.0,33.007305,15.636637,2057
15539,r3i1p1f1,2057,07,18,0.0,32.52862,15.938855,2057
15540,r3i1p1f1,2057,07,19,0.0,34.46725,16.334305,2057
15541,r3i1p1f1,2057,07,20,0.0,37.15428,18.68873,2057
15542,r3i1p1f1,2057,07,21,0.0,37.89411,18.410017,2057
15543,r3i1p1f1,2057,07,22,0.0,37.99342,18.149,2057
15544,r3i1p1f1,2057,07,23,0.0,37.057137,17.863317,2057
15545,r3i1p1f1,2057,07,24,0.0,36.716587,17.297405,2057
15546,r3i1p1f1,2057,07,25,0.0,37.5494,17.813482,2057
15547,r3i1p1f1,2057,07,26,0.0,37.80192,18.731335,2057
15548,r3i1p1f1,2057,07,27,0.0,37.921253,18.810812,2057
15549,r3i1p1f1,2057,07,28,0.0,37.057625,18.2859,2057
15550,r3i1p1f1,2057,07,29,0.0,36.9656,18.50015,2057
15551,r3i1p1f1,2057,07,30,0.0,37.023525,17.95074,2057
15552,r3i1p1f1,2057,07,31,0.0,37.218227,17.87737,2057
15553,r3i1p1f1,2057,08,01,0.0,37.159004,17.706999,2057
15554,r3i1p1f1,2057,08,02,0.0,36.86491,17.46572,2057
15555,r3i1p1f1,2057,08,03,0.0,36.505383,16.897755,2057
15556,r3i1p1f1,2057,08,04,0.0,34.107605,15.718897,2057
15557,r3i1p1f1,2057,08,05,0.0,33.547768,15.735811,2057
15558,r3i1p1f1,2057,08,06,0.0,33.77036,15.748627,2057
15559,r3i1p1f1,2057,08,07,0.0,35.72018,16.205393,2057
15560,r3i1p1f1,2057,08,08,0.0,35.856205,16.29832,2057
15561,r3i1p1f1,2057,08,09,0.0,34.796,17.38796,2057
15562,r3i1p1f1,2057,08,10,0.10875796916838171,31.243017,16.714973,2057
15563,r3i1p1f1,2057,08,11,0.5606836367334119,30.243477,14.876219,2057
15564,r3i1p1f1,2057,08,12,0.0,30.62641,14.389553,2057
15565,r3i1p1f1,2057,08,13,0.0,32.964684,15.984369,2057
15566,r3i1p1f1,2057,08,14,0.015000626330165136,35.720764,15.978639,2057
15567,r3i1p1f1,2057,08,15,0.004798969197453875,35.330746,15.467429,2057
15568,r3i1p1f1,2057,08,16,0.0,35.12912,16.081022,2057
15569,r3i1p1f1,2057,08,17,0.0,34.64865,15.588984,2057
15570,r3i1p1f1,2057,08,18,0.0,34.614147,15.310071,2057
15571,r3i1p1f1,2057,08,19,0.0,35.157925,15.845932,2057
15572,r3i1p1f1,2057,08,20,0.0,35.803894,16.47082,2057
15573,r3i1p1f1,2057,08,21,0.0,37.25856,17.386225,2057
15574,r3i1p1f1,2057,08,22,0.0,38.608196,18.361671,2057
15575,r3i1p1f1,2057,08,23,0.0,37.879223,18.619656,2057
15576,r3i1p1f1,2057,08,24,0.1195306762361504,36.724236,20.160368,2057
15577,r3i1p1f1,2057,08,25,0.0,36.565887,16.851826,2057
15578,r3i1p1f1,2057,08,26,0.0,34.539238,14.977288,2057
15579,r3i1p1f1,2057,08,27,0.0,35.649914,16.317364,2057
15580,r3i1p1f1,2057,08,28,0.0,36.601864,16.8181,2057
15581,r3i1p1f1,2057,08,29,0.0,36.52524,16.566223,2057
15582,r3i1p1f1,2057,08,30,0.0,38.14147,17.587986,2057
15583,r3i1p1f1,2057,08,31,0.0,37.201645,19.265934,2057
15584,r3i1p1f1,2057,09,01,0.04248386937736844,37.26348,20.790314,2057
15585,r3i1p1f1,2057,09,02,0.0,38.10462,19.401066,2057
15586,r3i1p1f1,2057,09,03,0.07455887649539915,38.00467,22.007769,2057
15587,r3i1p1f1,2057,09,04,0.17678878068677892,37.251846,21.220392,2057
15588,r3i1p1f1,2057,09,05,0.14773207141622674,36.34859,18.714718,2057
15589,r3i1p1f1,2057,09,06,0.0028182140015291443,35.63741,17.886076,2057
15590,r3i1p1f1,2057,09,07,0.0,35.21619,17.585136,2057
15591,r3i1p1f1,2057,09,08,0.002358882109437025,34.866486,17.46059,2057
15592,r3i1p1f1,2057,09,09,0.1372518073361734,35.213097,17.447075,2057
15593,r3i1p1f1,2057,09,10,0.0,34.469646,17.952482,2057
15594,r3i1p1f1,2057,09,11,0.0,36.896687,18.640863,2057
15595,r3i1p1f1,2057,09,12,0.0,38.37848,19.16046,2057
15596,r3i1p1f1,2057,09,13,0.24838445129276035,37.89851,21.192472,2057
15597,r3i1p1f1,2057,09,14,0.0,38.091454,19.80324,2057
15598,r3i1p1f1,2057,09,15,0.008342392128807578,37.153965,19.433252,2057
15599,r3i1p1f1,2057,09,16,0.0,34.93118,17.592588,2057
15600,r3i1p1f1,2057,09,17,0.02313764299535912,34.872726,16.535286,2057
15601,r3i1p1f1,2057,09,18,0.5841468268816684,35.014473,18.14311,2057
15602,r3i1p1f1,2057,09,19,0.048285035780722727,35.61806,20.00814,2057
15603,r3i1p1f1,2057,09,20,0.061647697408316715,34.704426,19.954216,2057
15604,r3i1p1f1,2057,09,21,0.13540428357152973,32.735176,16.864481,2057
15605,r3i1p1f1,2057,09,22,0.0,31.71627,15.432487,2057
15606,r3i1p1f1,2057,09,23,0.0,30.312363,13.714307,2057
15607,r3i1p1f1,2057,09,24,0.0,27.065601,10.821695,2057
15608,r3i1p1f1,2057,09,25,0.0,25.920809,9.622236,2057
15609,r3i1p1f1,2057,09,26,0.0,23.306957,8.55972,2057
15610,r3i1p1f1,2057,09,27,0.0,21.669466,6.3596354,2057
15611,r3i1p1f1,2057,09,28,0.0,26.991646,8.990804,2057
15612,r3i1p1f1,2057,09,29,0.0,32.324726,12.732632,2057
15613,r3i1p1f1,2057,09,30,0.0,35.187073,15.510894,2057
15614,r3i1p1f1,2057,10,01,0.11764849613290139,34.151325,15.868438,2057
15615,r3i1p1f1,2057,10,02,0.23214273687423856,27.506552,13.859899,2057
15616,r3i1p1f1,2057,10,03,0.018729710895003693,25.711931,11.98825,2057
15617,r3i1p1f1,2057,10,04,0.0,26.746904,11.730089,2057
15618,r3i1p1f1,2057,10,05,0.0,28.169813,11.539543,2057
15619,r3i1p1f1,2057,10,06,0.0,31.114986,13.385028,2057
15620,r3i1p1f1,2057,10,07,0.0,32.18396,14.250309,2057
15621,r3i1p1f1,2057,10,08,0.0,32.333317,15.048453,2057
15622,r3i1p1f1,2057,10,09,0.0,32.06549,14.03869,2057
15623,r3i1p1f1,2057,10,10,0.0,32.734264,14.692565,2057
15624,r3i1p1f1,2057,10,11,0.0,31.987514,14.732096,2057
15625,r3i1p1f1,2057,10,12,0.0,28.29005,12.093952,2057
15626,r3i1p1f1,2057,10,13,0.0,24.632116,9.115442,2057
15627,r3i1p1f1,2057,10,14,0.0,28.90186,11.029063,2057
15628,r3i1p1f1,2057,10,15,0.0,31.51545,13.6877,2057
15629,r3i1p1f1,2057,10,16,0.0,31.83724,14.93529,2057
15630,r3i1p1f1,2057,10,17,0.0,31.697714,14.543074,2057
15631,r3i1p1f1,2057,10,18,0.0,33.3556,16.078728,2057
15632,r3i1p1f1,2057,10,19,0.0,32.453274,16.08819,2057
15633,r3i1p1f1,2057,10,20,0.0,29.298288,13.068694,2057
15634,r3i1p1f1,2057,10,21,0.0,24.592764,9.715583,2057
15635,r3i1p1f1,2057,10,22,0.0,28.219,11.40143,2057
15636,r3i1p1f1,2057,10,23,0.0,29.745083,13.234854,2057
15637,r3i1p1f1,2057,10,24,0.0,28.75334,12.95836,2057
15638,r3i1p1f1,2057,10,25,0.0,30.484425,13.556897,2057
15639,r3i1p1f1,2057,10,26,0.0,33.35162,16.370865,2057
15640,r3i1p1f1,2057,10,27,0.0,36.11461,17.990274,2057
15641,r3i1p1f1,2057,10,28,0.0,34.401257,15.616552,2057
15642,r3i1p1f1,2057,10,29,0.0,29.975039,12.731607,2057
15643,r3i1p1f1,2057,10,30,0.0,26.587877,10.872307,2057
15644,r3i1p1f1,2057,10,31,0.0,22.810598,8.627289,2057
15645,r3i1p1f1,2057,11,01,0.0,19.776463,6.414999,2057
15646,r3i1p1f1,2057,11,02,0.0,21.158056,6.192148,2057
15647,r3i1p1f1,2057,11,03,0.0,23.018011,6.501474,2057
15648,r3i1p1f1,2057,11,04,0.0,21.565884,9.435464,2057
15649,r3i1p1f1,2057,11,05,0.0,21.170399,6.0356364,2057
15650,r3i1p1f1,2057,11,06,0.0003232145823086753,23.397753,6.3653946,2057
15651,r3i1p1f1,2057,11,07,0.06545804010370788,21.459606,6.9060526,2057
15652,r3i1p1f1,2057,11,08,1.0156363931067365,18.609232,7.961067,2057
15653,r3i1p1f1,2057,11,09,0.2011938378564082,15.648022,4.226204,2057
15654,r3i1p1f1,2057,11,10,0.024368610324789628,13.669584,1.3114631,2057
15655,r3i1p1f1,2057,11,11,0.0,15.365153,-1.1649065,2057
15656,r3i1p1f1,2057,11,12,0.03111344078702545,13.921019,3.5590584,2057
15657,r3i1p1f1,2057,11,13,0.1610234496900265,10.917909,2.0038106,2057
15658,r3i1p1f1,2057,11,14,0.6876807440858101,15.475151,2.318154,2057
15659,r3i1p1f1,2057,11,15,0.0,15.757432,2.9172723,2057
15660,r3i1p1f1,2057,11,16,0.3386407001149068,14.102115,2.3279443,2057
15661,r3i1p1f1,2057,11,17,5.251455289288777,15.374825,5.881508,2057
15662,r3i1p1f1,2057,11,18,9.42859487842339,12.496799,4.367875,2057
15663,r3i1p1f1,2057,11,19,1.3042080948666395,11.001085,0.85456026,2057
15664,r3i1p1f1,2057,11,20,0.0,12.996465,0.22659971,2057
15665,r3i1p1f1,2057,11,21,0.0,12.765363,0.71379477,2057
15666,r3i1p1f1,2057,11,22,0.329020569764852,16.056112,2.5802991,2057
15667,r3i1p1f1,2057,11,23,5.486005894980543,17.0247,5.086182,2057
15668,r3i1p1f1,2057,11,24,27.43660231244355,14.74126,6.072007,2057
15669,r3i1p1f1,2057,11,25,28.94146081425292,12.8667555,5.3957586,2057
15670,r3i1p1f1,2057,11,26,0.15278971715209386,11.3902645,0.93065584,2057
15671,r3i1p1f1,2057,11,27,0.40397614950382954,11.8833065,0.39081308,2057
15672,r3i1p1f1,2057,11,28,0.30222754906886123,11.854038,1.3702433,2057
15673,r3i1p1f1,2057,11,29,0.0,13.726335,0.15040706,2057
15674,r3i1p1f1,2057,11,30,24.107836744868,13.269879,2.3074486,2057
15675,r3i1p1f1,2057,12,01,14.204731464144722,12.740898,2.1479044,2057
15676,r3i1p1f1,2057,12,02,22.750658330024276,12.906934,5.5216646,2057
15677,r3i1p1f1,2057,12,03,0.824286618257192,9.683396,-1.6946875,2057
15678,r3i1p1f1,2057,12,04,0.20642285178782363,10.783559,1.0815786,2057
15679,r3i1p1f1,2057,12,05,0.0,11.535996,-0.9856872,2057
15680,r3i1p1f1,2057,12,06,0.0,10.881894,0.8875129,2057
15681,r3i1p1f1,2057,12,07,5.731986822746959,9.811181,1.6411088,2057
15682,r3i1p1f1,2057,12,08,0.05691846961836387,10.848559,0.15169473,2057
15683,r3i1p1f1,2057,12,09,1.837392842618845,10.027485,2.2992234,2057
15684,r3i1p1f1,2057,12,10,0.0,8.552326,-2.140938,2057
15685,r3i1p1f1,2057,12,11,0.0,9.935169,-3.4661045,2057
15686,r3i1p1f1,2057,12,12,0.0,12.0506,-1.36047,2057
15687,r3i1p1f1,2057,12,13,0.0,13.222944,0.04285438,2057
15688,r3i1p1f1,2057,12,14,0.0,14.030559,1.040132,2057
15689,r3i1p1f1,2057,12,15,0.0,14.107913,1.4915733,2057
15690,r3i1p1f1,2057,12,16,0.0,15.222421,1.9461832,2057
15691,r3i1p1f1,2057,12,17,0.0,16.030214,2.8378608,2057
15692,r3i1p1f1,2057,12,18,0.0,16.602057,3.2545433,2057
15693,r3i1p1f1,2057,12,19,0.0,17.129644,3.7226589,2057
15694,r3i1p1f1,2057,12,20,0.0,16.96899,4.6915913,2057
15695,r3i1p1f1,2057,12,21,0.0,15.248662,2.784872,2057
15696,r3i1p1f1,2057,12,22,0.0,13.604174,1.5870346,2057
15697,r3i1p1f1,2057,12,23,0.004206354964425731,11.858945,0.2332895,2057
15698,r3i1p1f1,2057,12,24,3.4342960820030193,10.024065,2.7881386,2057
15699,r3i1p1f1,2057,12,25,0.0,10.863176,-0.44249043,2057
15700,r3i1p1f1,2057,12,26,0.0,12.658558,-0.5289504,2057
15701,r3i1p1f1,2057,12,27,0.0,16.335497,2.9636338,2057
15702,r3i1p1f1,2057,12,28,0.0,19.497574,6.1621704,2057
15703,r3i1p1f1,2057,12,29,0.0,19.626629,7.031279,2057
15704,r3i1p1f1,2057,12,30,0.0,18.024881,6.1765523,2057
15705,r3i1p1f1,2057,12,31,0.0,19.80435,6.2255907,2057
15706,r3i1p1f1,2058,01,01,0.0,20.793581,5.861237,2058
15707,r3i1p1f1,2058,01,02,0.0,19.58895,6.1243505,2058
15708,r3i1p1f1,2058,01,03,0.0,18.368326,5.431132,2058
15709,r3i1p1f1,2058,01,04,0.0209974732239392,16.072557,3.7573373,2058
15710,r3i1p1f1,2058,01,05,0.09812418025720751,18.674835,4.7193456,2058
15711,r3i1p1f1,2058,01,06,0.0,17.743326,3.5929604,2058
15712,r3i1p1f1,2058,01,07,0.0,20.75559,5.2181,2058
15713,r3i1p1f1,2058,01,08,0.0,21.131897,5.9739723,2058
15714,r3i1p1f1,2058,01,09,0.0,19.888239,5.449818,2058
15715,r3i1p1f1,2058,01,10,0.0,14.350361,-0.24980956,2058
15716,r3i1p1f1,2058,01,11,0.0,11.263467,-3.510796,2058
15717,r3i1p1f1,2058,01,12,0.0,11.229014,-3.9033144,2058
15718,r3i1p1f1,2058,01,13,0.320443544087263,10.846315,-2.1428657,2058
15719,r3i1p1f1,2058,01,14,2.3746478275676384,12.155001,3.5108125,2058
15720,r3i1p1f1,2058,01,15,0.024411111918390925,11.12951,-0.26889363,2058
15721,r3i1p1f1,2058,01,16,2.122335798853645,9.960458,1.115648,2058
15722,r3i1p1f1,2058,01,17,8.489269848558417,7.819102,-2.5957427,2058
15723,r3i1p1f1,2058,01,18,0.1070925361471547,4.593843,-4.358913,2058
15724,r3i1p1f1,2058,01,19,0.0,5.04673,-4.81335,2058
15725,r3i1p1f1,2058,01,20,0.05938942753511418,6.047906,-5.2686114,2058
15726,r3i1p1f1,2058,01,21,0.0019098923428717887,9.688302,-2.9983087,2058
15727,r3i1p1f1,2058,01,22,0.0,11.533692,-2.1576557,2058
15728,r3i1p1f1,2058,01,23,0.0014776141015869198,14.446184,0.77859414,2058
15729,r3i1p1f1,2058,01,24,0.0,12.516411,-0.75334024,2058
15730,r3i1p1f1,2058,01,25,0.0043548902657207554,16.085928,0.9556236,2058
15731,r3i1p1f1,2058,01,26,0.027221708468542518,16.864443,1.9768345,2058
15732,r3i1p1f1,2058,01,27,0.0,16.271334,2.4647229,2058
15733,r3i1p1f1,2058,01,28,0.0,16.575539,3.2354677,2058
15734,r3i1p1f1,2058,01,29,0.0,17.987598,3.2912169,2058
15735,r3i1p1f1,2058,01,30,0.15082600234332189,17.33326,3.9177978,2058
15736,r3i1p1f1,2058,01,31,0.0,16.553146,3.3894079,2058
15737,r3i1p1f1,2058,02,01,0.055247995443289365,19.39007,5.918167,2058
15738,r3i1p1f1,2058,02,02,0.26832290668546027,21.794167,8.114861,2058
15739,r3i1p1f1,2058,02,03,0.13700849441220547,21.887524,7.363261,2058
15740,r3i1p1f1,2058,02,04,0.23075559428627568,21.300896,6.560138,2058
15741,r3i1p1f1,2058,02,05,0.09121888616143471,18.717403,4.702509,2058
15742,r3i1p1f1,2058,02,06,0.0,15.36183,-0.1492878,2058
15743,r3i1p1f1,2058,02,07,0.0,15.73042,0.076165624,2058
15744,r3i1p1f1,2058,02,08,0.0,16.20699,0.46560726,2058
15745,r3i1p1f1,2058,02,09,0.0,17.416916,1.3111225,2058
15746,r3i1p1f1,2058,02,10,0.0,16.865225,1.3945775,2058
15747,r3i1p1f1,2058,02,11,0.0,16.852991,2.1012108,2058
15748,r3i1p1f1,2058,02,12,0.0,17.124954,0.4749121,2058
15749,r3i1p1f1,2058,02,13,0.0,17.120079,0.50176746,2058
15750,r3i1p1f1,2058,02,14,0.0,18.07738,1.3412379,2058
15751,r3i1p1f1,2058,02,15,0.0,20.040682,3.2047367,2058
15752,r3i1p1f1,2058,02,16,0.0,20.264482,4.6825433,2058
15753,r3i1p1f1,2058,02,17,0.0,18.66961,4.2931542,2058
15754,r3i1p1f1,2058,02,18,0.0,19.811226,3.4524,2058
15755,r3i1p1f1,2058,02,19,0.0024310972234657543,20.601301,4.1953287,2058
15756,r3i1p1f1,2058,02,20,0.1847432376223768,19.292072,3.5346422,2058
15757,r3i1p1f1,2058,02,21,0.03504315749027724,16.881294,2.2029583,2058
15758,r3i1p1f1,2058,02,22,0.0,16.007881,0.04858941,2058
15759,r3i1p1f1,2058,02,23,0.0,12.962154,-4.302703,2058
15760,r3i1p1f1,2058,02,24,0.0,20.425468,1.3931726,2058
15761,r3i1p1f1,2058,02,25,0.0,24.964321,6.375768,2058
15762,r3i1p1f1,2058,02,26,0.0,24.987558,6.695195,2058
15763,r3i1p1f1,2058,02,27,0.0,24.772524,5.179509,2058
15764,r3i1p1f1,2058,02,28,0.0,24.522314,7.206982,2058
15765,r3i1p1f1,2058,03,01,0.0,30.179564,10.642175,2058
15766,r3i1p1f1,2058,03,02,0.0,29.361252,9.4658165,2058
15767,r3i1p1f1,2058,03,03,0.0,28.562706,8.865227,2058
15768,r3i1p1f1,2058,03,04,0.0,28.970001,8.792761,2058
15769,r3i1p1f1,2058,03,05,0.0,26.488367,7.1623178,2058
15770,r3i1p1f1,2058,03,06,0.0,23.958925,4.214501,2058
15771,r3i1p1f1,2058,03,07,0.0,22.34181,3.364222,2058
15772,r3i1p1f1,2058,03,08,1.6555367320843013,16.660757,4.105819,2058
15773,r3i1p1f1,2058,03,09,0.31055206474858016,18.309235,2.2014127,2058
15774,r3i1p1f1,2058,03,10,0.05633911966332093,21.690836,3.131147,2058
15775,r3i1p1f1,2058,03,11,0.0,25.007715,5.5414705,2058
15776,r3i1p1f1,2058,03,12,0.0,26.556684,6.800678,2058
15777,r3i1p1f1,2058,03,13,0.0,24.857862,6.3019195,2058
15778,r3i1p1f1,2058,03,14,0.0797607644573983,25.162865,6.371331,2058
15779,r3i1p1f1,2058,03,15,0.0,27.028553,8.203565,2058
15780,r3i1p1f1,2058,03,16,0.0,26.734484,7.5555468,2058
15781,r3i1p1f1,2058,03,17,0.0,24.106255,5.678399,2058
15782,r3i1p1f1,2058,03,18,0.0,24.242918,4.977381,2058
15783,r3i1p1f1,2058,03,19,0.0,26.360287,6.8301883,2058
15784,r3i1p1f1,2058,03,20,0.0,25.529373,5.8535943,2058
15785,r3i1p1f1,2058,03,21,0.0021884263366122136,23.579617,5.3751855,2058
15786,r3i1p1f1,2058,03,22,0.11106393649573544,23.660957,5.509467,2058
15787,r3i1p1f1,2058,03,23,0.9698067462142551,22.379982,5.56178,2058
15788,r3i1p1f1,2058,03,24,0.01698723205126126,21.133821,2.2243733,2058
15789,r3i1p1f1,2058,03,25,4.512860101056393,18.397373,2.3217475,2058
15790,r3i1p1f1,2058,03,26,1.1295560952633175,16.748535,1.8039036,2058
15791,r3i1p1f1,2058,03,27,1.100135790508251,17.015324,1.7409185,2058
15792,r3i1p1f1,2058,03,28,18.449080657764252,13.820413,7.7146993,2058
15793,r3i1p1f1,2058,03,29,5.637840128999387,13.491159,3.760297,2058
15794,r3i1p1f1,2058,03,30,0.0013175401060531537,15.306834,-0.34917486,2058
15795,r3i1p1f1,2058,03,31,0.0,19.91055,1.29231,2058
15796,r3i1p1f1,2058,04,01,0.0,22.505604,4.3750877,2058
15797,r3i1p1f1,2058,04,02,0.0005800371449864047,22.092262,5.6955466,2058
15798,r3i1p1f1,2058,04,03,0.23886708595400155,20.981167,7.508662,2058
15799,r3i1p1f1,2058,04,04,11.047172714624498,16.587036,6.712023,2058
15800,r3i1p1f1,2058,04,05,0.6647288713371712,14.675678,3.0247552,2058
15801,r3i1p1f1,2058,04,06,0.2965505835229785,15.46501,1.5425768,2058
15802,r3i1p1f1,2058,04,07,0.0,15.122927,0.46888855,2058
15803,r3i1p1f1,2058,04,08,0.0,17.162369,-0.22276695,2058
15804,r3i1p1f1,2058,04,09,0.09137532746094759,17.067762,1.9075521,2058
15805,r3i1p1f1,2058,04,10,0.2503599470682358,19.996319,2.584067,2058
15806,r3i1p1f1,2058,04,11,0.0,24.045746,5.043589,2058
15807,r3i1p1f1,2058,04,12,0.0,25.42011,6.681985,2058
15808,r3i1p1f1,2058,04,13,0.0015017428350719538,25.05974,6.5771937,2058
15809,r3i1p1f1,2058,04,14,2.260350750601157,18.751442,3.223875,2058
15810,r3i1p1f1,2058,04,15,1.5458524787346974,11.058005,-0.27604458,2058
15811,r3i1p1f1,2058,04,16,0.012796864276892986,18.547665,-0.1707309,2058
15812,r3i1p1f1,2058,04,17,0.0,22.104946,3.5845463,2058
15813,r3i1p1f1,2058,04,18,0.0,22.026031,5.1117163,2058
15814,r3i1p1f1,2058,04,19,0.0,20.012556,2.6298435,2058
15815,r3i1p1f1,2058,04,20,0.0,21.07926,3.8018124,2058
15816,r3i1p1f1,2058,04,21,0.0,24.532293,5.1735644,2058
15817,r3i1p1f1,2058,04,22,0.0,25.850592,7.4878807,2058
15818,r3i1p1f1,2058,04,23,0.0,27.480097,8.316826,2058
15819,r3i1p1f1,2058,04,24,0.0,25.690863,6.820428,2058
15820,r3i1p1f1,2058,04,25,0.0,21.121792,2.9125214,2058
15821,r3i1p1f1,2058,04,26,0.005421375354864832,21.18065,3.4912488,2058
15822,r3i1p1f1,2058,04,27,0.2490128334885054,16.652704,3.1880026,2058
15823,r3i1p1f1,2058,04,28,0.0,18.483084,1.3687037,2058
15824,r3i1p1f1,2058,04,29,0.0,20.155922,2.6990092,2058
15825,r3i1p1f1,2058,04,30,7.054124766114965,16.185705,5.9771614,2058
15826,r3i1p1f1,2058,05,01,0.4427644166604626,19.84347,4.20264,2058
15827,r3i1p1f1,2058,05,02,0.010764597281002241,23.065762,6.2331734,2058
15828,r3i1p1f1,2058,05,03,0.020427416135190113,24.224207,6.8463645,2058
15829,r3i1p1f1,2058,05,04,0.009131124878132885,23.321543,5.8710313,2058
15830,r3i1p1f1,2058,05,05,2.7784339054497567,18.06909,3.2672582,2058
15831,r3i1p1f1,2058,05,06,7.664876064328162,13.20439,4.876387,2058
15832,r3i1p1f1,2058,05,07,0.02495298583005823,22.133648,4.548648,2058
15833,r3i1p1f1,2058,05,08,0.0,25.019588,7.489813,2058
15834,r3i1p1f1,2058,05,09,0.0,26.027626,8.400459,2058
15835,r3i1p1f1,2058,05,10,0.2523690835699778,25.095879,8.431582,2058
15836,r3i1p1f1,2058,05,11,0.2493309355850215,23.457115,7.713377,2058
15837,r3i1p1f1,2058,05,12,0.0015816135176767905,22.357254,6.5209064,2058
15838,r3i1p1f1,2058,05,13,0.0,22.679962,6.7967086,2058
15839,r3i1p1f1,2058,05,14,0.006656549036658059,23.370462,5.28114,2058
15840,r3i1p1f1,2058,05,15,0.020856846143336345,23.097525,6.031202,2058
15841,r3i1p1f1,2058,05,16,0.0018488519929109536,21.8668,5.002114,2058
15842,r3i1p1f1,2058,05,17,0.12789593582662442,17.771315,3.4205287,2058
15843,r3i1p1f1,2058,05,18,0.19147216968562905,19.649693,5.1954293,2058
15844,r3i1p1f1,2058,05,19,0.0006393600911410017,24.71828,5.916207,2058
15845,r3i1p1f1,2058,05,20,0.019284038254144518,26.97467,8.594233,2058
15846,r3i1p1f1,2058,05,21,0.09139748365586539,27.293053,8.731821,2058
15847,r3i1p1f1,2058,05,22,0.03985071403307798,28.888916,9.611761,2058
15848,r3i1p1f1,2058,05,23,0.620182594334782,27.841005,9.292299,2058
15849,r3i1p1f1,2058,05,24,4.264259653889784,22.03742,6.0178733,2058
15850,r3i1p1f1,2058,05,25,3.1481507214398747,18.930655,5.1196012,2058
15851,r3i1p1f1,2058,05,26,5.2392810190279056,19.558353,6.1711874,2058
15852,r3i1p1f1,2058,05,27,1.0979180155030035,23.88873,8.062071,2058
15853,r3i1p1f1,2058,05,28,0.0023492506906305525,26.713125,9.28807,2058
15854,r3i1p1f1,2058,05,29,0.0,25.375494,8.37335,2058
15855,r3i1p1f1,2058,05,30,0.042865289695217856,22.334663,6.873253,2058
15856,r3i1p1f1,2058,05,31,0.01669049389999021,23.072857,6.610358,2058
15857,r3i1p1f1,2058,06,01,0.008297023649158125,27.001661,9.242968,2058
15858,r3i1p1f1,2058,06,02,0.012178443315805811,31.109915,12.196978,2058
15859,r3i1p1f1,2058,06,03,0.012196052297385353,30.224663,13.101661,2058
15860,r3i1p1f1,2058,06,04,0.0074259789526519,28.967995,11.981149,2058
15861,r3i1p1f1,2058,06,05,0.009274944613659472,28.019735,11.533956,2058
15862,r3i1p1f1,2058,06,06,0.00045598869099084175,29.202568,12.298372,2058
15863,r3i1p1f1,2058,06,07,0.0024246396214673014,33.69918,14.707588,2058
15864,r3i1p1f1,2058,06,08,0.045522991603127484,35.386116,16.475235,2058
15865,r3i1p1f1,2058,06,09,0.10287088767985221,35.16766,16.936981,2058
15866,r3i1p1f1,2058,06,10,0.13373672410538842,33.50412,15.769802,2058
15867,r3i1p1f1,2058,06,11,0.0034534042281324437,32.049053,14.069087,2058
15868,r3i1p1f1,2058,06,12,0.001953845714910351,30.367224,13.950317,2058
15869,r3i1p1f1,2058,06,13,0.004882224637902144,30.106958,13.101782,2058
15870,r3i1p1f1,2058,06,14,0.3407502468607246,29.033052,12.20403,2058
15871,r3i1p1f1,2058,06,15,0.06469452399235734,29.890179,12.781365,2058
15872,r3i1p1f1,2058,06,16,0.0024915026557264905,31.34186,13.530301,2058
15873,r3i1p1f1,2058,06,17,0.0,31.626505,13.829376,2058
15874,r3i1p1f1,2058,06,18,0.0,33.289455,14.398544,2058
15875,r3i1p1f1,2058,06,19,0.0,34.606846,15.930193,2058
15876,r3i1p1f1,2058,06,20,0.0,35.58645,16.105799,2058
15877,r3i1p1f1,2058,06,21,0.0,36.460648,16.175308,2058
15878,r3i1p1f1,2058,06,22,0.0,35.256947,15.760308,2058
15879,r3i1p1f1,2058,06,23,0.0,33.377357,14.971156,2058
15880,r3i1p1f1,2058,06,24,0.0,30.853785,13.345457,2058
15881,r3i1p1f1,2058,06,25,0.0,30.98466,12.939884,2058
15882,r3i1p1f1,2058,06,26,0.0,32.609913,14.710657,2058
15883,r3i1p1f1,2058,06,27,0.0,31.635841,13.469481,2058
15884,r3i1p1f1,2058,06,28,0.0,30.805405,13.063236,2058
15885,r3i1p1f1,2058,06,29,0.0,30.65941,12.9977255,2058
15886,r3i1p1f1,2058,06,30,0.0,32.220325,14.309222,2058
15887,r3i1p1f1,2058,07,01,0.0,33.8128,16.189587,2058
15888,r3i1p1f1,2058,07,02,0.0,33.63106,16.750887,2058
15889,r3i1p1f1,2058,07,03,0.0,32.668537,14.648282,2058
15890,r3i1p1f1,2058,07,04,0.0,32.4756,14.545053,2058
15891,r3i1p1f1,2058,07,05,0.0,34.766876,16.13174,2058
15892,r3i1p1f1,2058,07,06,0.0,37.853607,18.150152,2058
15893,r3i1p1f1,2058,07,07,0.0,38.96875,19.366568,2058
15894,r3i1p1f1,2058,07,08,0.0,39.291267,19.4298,2058
15895,r3i1p1f1,2058,07,09,0.0,38.757465,19.306091,2058
15896,r3i1p1f1,2058,07,10,0.0,37.391994,19.901855,2058
15897,r3i1p1f1,2058,07,11,0.0,36.67294,18.931793,2058
15898,r3i1p1f1,2058,07,12,0.0,37.322746,17.958456,2058
15899,r3i1p1f1,2058,07,13,0.0,37.522842,18.36068,2058
15900,r3i1p1f1,2058,07,14,0.011675379302521998,37.271183,18.339005,2058
15901,r3i1p1f1,2058,07,15,0.0,37.302456,18.354454,2058
15902,r3i1p1f1,2058,07,16,0.0,36.34152,19.252277,2058
15903,r3i1p1f1,2058,07,17,0.0,36.786816,20.79626,2058
15904,r3i1p1f1,2058,07,18,0.0,37.16177,19.062214,2058
15905,r3i1p1f1,2058,07,19,0.0,36.97474,17.93032,2058
15906,r3i1p1f1,2058,07,20,0.0,35.924355,18.428276,2058
15907,r3i1p1f1,2058,07,21,0.0,35.14687,17.200249,2058
15908,r3i1p1f1,2058,07,22,0.0,34.593815,17.434742,2058
15909,r3i1p1f1,2058,07,23,0.0,36.78104,18.585161,2058
15910,r3i1p1f1,2058,07,24,0.005422522839525658,36.38408,18.785448,2058
15911,r3i1p1f1,2058,07,25,2.483014151582734,34.26835,17.098764,2058
15912,r3i1p1f1,2058,07,26,3.383434241927303,31.940619,15.955498,2058
15913,r3i1p1f1,2058,07,27,0.4274747184756438,34.015663,16.857439,2058
15914,r3i1p1f1,2058,07,28,0.25101228013447713,34.55967,17.691639,2058
15915,r3i1p1f1,2058,07,29,0.4997715096169486,33.192616,18.197426,2058
15916,r3i1p1f1,2058,07,30,0.3875661681619628,35.859585,17.155012,2058
15917,r3i1p1f1,2058,07,31,0.4055114514300261,37.822453,19.573463,2058
15918,r3i1p1f1,2058,08,01,0.012394675943527765,36.97229,19.12304,2058
15919,r3i1p1f1,2058,08,02,0.008233047344467857,35.307648,18.469488,2058
15920,r3i1p1f1,2058,08,03,0.0,35.67018,18.670145,2058
15921,r3i1p1f1,2058,08,04,0.0,36.663105,18.379946,2058
15922,r3i1p1f1,2058,08,05,0.0,38.229603,19.176966,2058
15923,r3i1p1f1,2058,08,06,0.0,37.903316,18.992043,2058
15924,r3i1p1f1,2058,08,07,0.0,36.30693,18.718351,2058
15925,r3i1p1f1,2058,08,08,0.00727034255043801,34.56996,17.492619,2058
15926,r3i1p1f1,2058,08,09,0.0003052764628646952,34.053757,16.71136,2058
15927,r3i1p1f1,2058,08,10,0.005307096395302902,35.525314,16.12894,2058
15928,r3i1p1f1,2058,08,11,0.0,36.473858,18.057074,2058
15929,r3i1p1f1,2058,08,12,0.0,35.80792,17.803947,2058
15930,r3i1p1f1,2058,08,13,0.011180540948936885,32.94392,16.201767,2058
15931,r3i1p1f1,2058,08,14,0.4862655650923085,31.770788,16.184502,2058
15932,r3i1p1f1,2058,08,15,0.27334875744682824,34.23499,17.797844,2058
15933,r3i1p1f1,2058,08,16,0.331121811936045,35.15498,17.93299,2058
15934,r3i1p1f1,2058,08,17,0.22459259232026385,34.61062,17.616425,2058
15935,r3i1p1f1,2058,08,18,0.018638616249628478,35.756134,17.811596,2058
15936,r3i1p1f1,2058,08,19,0.15437952592037618,34.978798,18.289316,2058
15937,r3i1p1f1,2058,08,20,0.0,35.596073,18.838135,2058
15938,r3i1p1f1,2058,08,21,0.03280962288210338,37.09547,19.120125,2058
15939,r3i1p1f1,2058,08,22,0.0,36.23466,18.976547,2058
15940,r3i1p1f1,2058,08,23,0.0,35.794815,18.289543,2058
15941,r3i1p1f1,2058,08,24,0.006825809620998122,35.989574,18.319206,2058
15942,r3i1p1f1,2058,08,25,0.0001845180205154148,38.80423,18.988697,2058
15943,r3i1p1f1,2058,08,26,0.00870250482076892,38.15437,19.757627,2058
15944,r3i1p1f1,2058,08,27,0.00046976154077459466,35.938812,18.136032,2058
15945,r3i1p1f1,2058,08,28,0.0,35.708767,18.365196,2058
15946,r3i1p1f1,2058,08,29,0.0,34.986534,17.880844,2058
15947,r3i1p1f1,2058,08,30,0.13644226817026114,34.48532,17.561893,2058
15948,r3i1p1f1,2058,08,31,0.11409105853421021,34.373096,17.437447,2058
15949,r3i1p1f1,2058,09,01,0.008832276269624179,34.038136,16.658703,2058
15950,r3i1p1f1,2058,09,02,0.6193333195333803,33.30092,16.519836,2058
15951,r3i1p1f1,2058,09,03,0.5193636854142604,33.33354,16.627684,2058
15952,r3i1p1f1,2058,09,04,0.44223516448365635,32.24639,17.559486,2058
15953,r3i1p1f1,2058,09,05,0.0011857955674217505,31.178501,14.217917,2058
15954,r3i1p1f1,2058,09,06,0.0,31.868217,14.890637,2058
15955,r3i1p1f1,2058,09,07,0.0,32.46764,15.257567,2058
15956,r3i1p1f1,2058,09,08,0.0,33.565765,15.723569,2058
15957,r3i1p1f1,2058,09,09,0.0,33.637653,15.81757,2058
15958,r3i1p1f1,2058,09,10,0.0,33.178703,15.600494,2058
15959,r3i1p1f1,2058,09,11,0.0,33.148045,16.141539,2058
15960,r3i1p1f1,2058,09,12,0.0,32.47424,15.983021,2058
15961,r3i1p1f1,2058,09,13,0.0,32.965496,15.982846,2058
15962,r3i1p1f1,2058,09,14,0.0,32.497467,15.802141,2058
15963,r3i1p1f1,2058,09,15,0.0,31.48211,14.729274,2058
15964,r3i1p1f1,2058,09,16,0.0,27.214195,11.016144,2058
15965,r3i1p1f1,2058,09,17,0.0,23.386957,9.46021,2058
15966,r3i1p1f1,2058,09,18,0.0,25.742872,10.103126,2058
15967,r3i1p1f1,2058,09,19,0.0,26.563166,13.533066,2058
15968,r3i1p1f1,2058,09,20,0.0,29.64805,12.800507,2058
15969,r3i1p1f1,2058,09,21,0.0,32.085457,14.682799,2058
15970,r3i1p1f1,2058,09,22,0.0,33.357,15.789608,2058
15971,r3i1p1f1,2058,09,23,0.0,33.22215,15.930534,2058
15972,r3i1p1f1,2058,09,24,0.0,32.26112,15.642943,2058
15973,r3i1p1f1,2058,09,25,0.0,30.53696,13.643706,2058
15974,r3i1p1f1,2058,09,26,0.0,29.384233,14.3625555,2058
15975,r3i1p1f1,2058,09,27,0.0,29.503906,13.304458,2058
15976,r3i1p1f1,2058,09,28,0.0,29.776196,14.800406,2058
15977,r3i1p1f1,2058,09,29,0.0,32.307777,15.026795,2058
15978,r3i1p1f1,2058,09,30,0.0,34.153122,16.455332,2058
15979,r3i1p1f1,2058,10,01,0.0,35.132793,16.983559,2058
15980,r3i1p1f1,2058,10,02,0.0,33.698917,16.022974,2058
15981,r3i1p1f1,2058,10,03,0.0,31.38118,14.517082,2058
15982,r3i1p1f1,2058,10,04,0.0,31.907919,14.681302,2058
15983,r3i1p1f1,2058,10,05,0.0,34.063828,15.882004,2058
15984,r3i1p1f1,2058,10,06,0.0,35.511837,16.138071,2058
15985,r3i1p1f1,2058,10,07,0.15436760446226055,35.026314,16.800781,2058
15986,r3i1p1f1,2058,10,08,0.8645904881353944,32.191162,15.897471,2058
15987,r3i1p1f1,2058,10,09,0.5475546205988476,25.007011,10.139755,2058
15988,r3i1p1f1,2058,10,10,12.911724941244977,20.076298,7.949773,2058
15989,r3i1p1f1,2058,10,11,12.270338642450621,14.610461,4.702188,2058
15990,r3i1p1f1,2058,10,12,0.5572890496996203,17.918587,4.818444,2058
15991,r3i1p1f1,2058,10,13,1.629211344235514,20.52175,7.685492,2058
15992,r3i1p1f1,2058,10,14,0.20601645937858848,19.883255,6.556197,2058
15993,r3i1p1f1,2058,10,15,0.033370422844944354,20.840584,7.2338514,2058
15994,r3i1p1f1,2058,10,16,0.09648488338632777,21.117147,8.701818,2058
15995,r3i1p1f1,2058,10,17,0.11923231428778364,20.050184,6.945154,2058
15996,r3i1p1f1,2058,10,18,0.0,21.92715,7.915567,2058
15997,r3i1p1f1,2058,10,19,0.0,23.848528,9.018823,2058
15998,r3i1p1f1,2058,10,20,0.0,24.836754,9.877601,2058
15999,r3i1p1f1,2058,10,21,0.0,25.252542,10.091682,2058
16000,r3i1p1f1,2058,10,22,0.0,26.56551,10.806949,2058
16001,r3i1p1f1,2058,10,23,0.0,27.629412,12.599895,2058
16002,r3i1p1f1,2058,10,24,0.0,28.000414,14.472983,2058
16003,r3i1p1f1,2058,10,25,0.0,25.73082,9.726186,2058
16004,r3i1p1f1,2058,10,26,0.0,20.312359,4.59034,2058
16005,r3i1p1f1,2058,10,27,0.0,20.923409,6.2998676,2058
16006,r3i1p1f1,2058,10,28,0.002448125579218013,23.17764,8.610437,2058
16007,r3i1p1f1,2058,10,29,0.337547643597659,22.177685,7.7224607,2058
16008,r3i1p1f1,2058,10,30,7.014782160124124,19.462063,9.590916,2058
16009,r3i1p1f1,2058,10,31,0.0,16.798967,4.000895,2058
16010,r3i1p1f1,2058,11,01,0.0,20.211283,5.7934494,2058
16011,r3i1p1f1,2058,11,02,0.0,21.599691,7.177299,2058
16012,r3i1p1f1,2058,11,03,0.0,21.049435,7.6656117,2058
16013,r3i1p1f1,2058,11,04,0.0,20.586391,7.1096444,2058
16014,r3i1p1f1,2058,11,05,0.08511580480802822,18.715519,7.5001025,2058
16015,r3i1p1f1,2058,11,06,0.0,20.38878,7.635685,2058
16016,r3i1p1f1,2058,11,07,0.0,22.59255,6.902397,2058
16017,r3i1p1f1,2058,11,08,0.537369907797256,21.470272,8.4543,2058
16018,r3i1p1f1,2058,11,09,0.0021923480865856013,18.442308,8.522896,2058
16019,r3i1p1f1,2058,11,10,0.0,18.642027,6.6399174,2058
16020,r3i1p1f1,2058,11,11,0.0,22.004505,8.123755,2058
16021,r3i1p1f1,2058,11,12,0.0,27.375076,10.315615,2058
16022,r3i1p1f1,2058,11,13,0.0,28.810715,12.641988,2058
16023,r3i1p1f1,2058,11,14,0.0,27.935183,11.307225,2058
16024,r3i1p1f1,2058,11,15,0.0002928431036486996,24.229952,8.077242,2058
16025,r3i1p1f1,2058,11,16,0.004858498666153261,24.022388,8.2153635,2058
16026,r3i1p1f1,2058,11,17,0.0,25.792711,9.300553,2058
16027,r3i1p1f1,2058,11,18,0.0,25.328087,8.498392,2058
16028,r3i1p1f1,2058,11,19,0.06837263093268231,22.119907,6.6719103,2058
16029,r3i1p1f1,2058,11,20,0.01529093375817562,18.47621,7.853831,2058
16030,r3i1p1f1,2058,11,21,0.08532863072380706,16.229988,5.0379987,2058
16031,r3i1p1f1,2058,11,22,0.0,16.752535,1.8102274,2058
16032,r3i1p1f1,2058,11,23,0.0,19.851362,3.5001423,2058
16033,r3i1p1f1,2058,11,24,0.0,20.721167,4.031329,2058
16034,r3i1p1f1,2058,11,25,0.0,23.117722,6.260244,2058
16035,r3i1p1f1,2058,11,26,0.0,24.1561,7.319626,2058
16036,r3i1p1f1,2058,11,27,0.0,20.916443,5.0795035,2058
16037,r3i1p1f1,2058,11,28,0.0,17.30271,2.4465158,2058
16038,r3i1p1f1,2058,11,29,0.020916605933576426,17.707354,-0.11907242,2058
16039,r3i1p1f1,2058,11,30,0.0,17.404696,0.29337364,2058
16040,r3i1p1f1,2058,12,01,6.05662591564534,16.399267,6.4163265,2058
16041,r3i1p1f1,2058,12,02,30.994973516697595,14.503368,8.958772,2058
16042,r3i1p1f1,2058,12,03,5.6943050930972685,12.797748,0.47219664,2058
16043,r3i1p1f1,2058,12,04,0.04175297859491724,3.0259855,-4.114187,2058
16044,r3i1p1f1,2058,12,05,0.0,6.192548,-5.0727353,2058
16045,r3i1p1f1,2058,12,06,0.0035654496627323556,8.978087,-3.4445195,2058
16046,r3i1p1f1,2058,12,07,0.0,10.365999,-2.7108366,2058
16047,r3i1p1f1,2058,12,08,0.0,10.761777,-2.2420127,2058
16048,r3i1p1f1,2058,12,09,0.0,9.084638,-2.7151413,2058
16049,r3i1p1f1,2058,12,10,0.0,13.199619,0.95349723,2058
16050,r3i1p1f1,2058,12,11,0.0,13.55746,0.1096911,2058
16051,r3i1p1f1,2058,12,12,0.0,14.750763,1.5405439,2058
16052,r3i1p1f1,2058,12,13,0.0,16.768152,3.8563833,2058
16053,r3i1p1f1,2058,12,14,0.029916762970529046,18.088621,3.9010184,2058
16054,r3i1p1f1,2058,12,15,12.009072249103072,17.112257,6.7591352,2058
16055,r3i1p1f1,2058,12,16,8.42613548066407,16.331297,8.062995,2058
16056,r3i1p1f1,2058,12,17,5.086325118879331,16.457293,5.4550796,2058
16057,r3i1p1f1,2058,12,18,1.6097051236548312,9.880255,0.13104554,2058
16058,r3i1p1f1,2058,12,19,0.07881375389512289,6.632593,-2.8536475,2058
16059,r3i1p1f1,2058,12,20,0.0018033656482602414,8.552347,-2.4734695,2058
16060,r3i1p1f1,2058,12,21,0.0005967783826318654,9.788308,-3.3865426,2058
16061,r3i1p1f1,2058,12,22,0.0,12.3127775,-1.3022087,2058
16062,r3i1p1f1,2058,12,23,0.0,12.69448,-1.4080843,2058
16063,r3i1p1f1,2058,12,24,0.02898683521021722,11.706305,-1.777517,2058
16064,r3i1p1f1,2058,12,25,0.391168755304534,7.458847,-2.203741,2058
16065,r3i1p1f1,2058,12,26,2.7111399546107133,7.9943657,-0.8018331,2058
16066,r3i1p1f1,2058,12,27,0.1324439607031474,10.360787,-0.9989948,2058
16067,r3i1p1f1,2058,12,28,0.4946019581863463,12.1911955,0.76396483,2058
16068,r3i1p1f1,2058,12,29,1.6118645816094144,14.085566,4.0656867,2058
16069,r3i1p1f1,2058,12,30,0.11290854334550783,13.850861,5.5607944,2058
16070,r3i1p1f1,2058,12,31,0.0,13.377638,1.6330081,2058
16071,r3i1p1f1,2059,01,01,0.0,14.571156,0.7274212,2059
16072,r3i1p1f1,2059,01,02,0.0,17.52928,3.3390245,2059
16073,r3i1p1f1,2059,01,03,0.0,18.703949,4.5024076,2059
16074,r3i1p1f1,2059,01,04,0.9913929323264518,18.361387,5.3498335,2059
16075,r3i1p1f1,2059,01,05,0.05182015424714226,10.517068,-0.97924495,2059
16076,r3i1p1f1,2059,01,06,0.03620692685768573,7.9578934,-2.827349,2059
16077,r3i1p1f1,2059,01,07,0.0,10.17708,-3.5870085,2059
16078,r3i1p1f1,2059,01,08,0.0006639894105098916,9.885193,-0.9652339,2059
16079,r3i1p1f1,2059,01,09,0.0,9.7510805,-2.599619,2059
16080,r3i1p1f1,2059,01,10,0.0,12.844806,-1.8791412,2059
16081,r3i1p1f1,2059,01,11,0.0,13.9304,-0.4007198,2059
16082,r3i1p1f1,2059,01,12,0.0011891118695282123,14.828037,0.25469616,2059
16083,r3i1p1f1,2059,01,13,0.0008350263956482663,12.501539,2.122541,2059
16084,r3i1p1f1,2059,01,14,0.0,14.067953,6.168648,2059
16085,r3i1p1f1,2059,01,15,0.0538475368618189,15.167322,5.1833963,2059
16086,r3i1p1f1,2059,01,16,0.0,16.179955,3.59365,2059
16087,r3i1p1f1,2059,01,17,0.0,18.25839,3.940767,2059
16088,r3i1p1f1,2059,01,18,0.0,18.617678,4.8290343,2059
16089,r3i1p1f1,2059,01,19,0.0,18.029861,5.2665486,2059
16090,r3i1p1f1,2059,01,20,0.1327430696611979,16.940771,5.0059676,2059
16091,r3i1p1f1,2059,01,21,0.0,20.069836,7.2187676,2059
16092,r3i1p1f1,2059,01,22,0.0,20.618708,8.171028,2059
16093,r3i1p1f1,2059,01,23,0.41453345942775766,20.446686,8.708161,2059
16094,r3i1p1f1,2059,01,24,0.0,18.257751,6.4935613,2059
16095,r3i1p1f1,2059,01,25,0.0,19.153816,4.961182,2059
16096,r3i1p1f1,2059,01,26,0.0,19.078985,6.4943733,2059
16097,r3i1p1f1,2059,01,27,0.0970789155535661,18.787458,7.834259,2059
16098,r3i1p1f1,2059,01,28,0.007574964194756114,18.38738,4.899354,2059
16099,r3i1p1f1,2059,01,29,0.0,20.123714,5.774202,2059
16100,r3i1p1f1,2059,01,30,0.0,20.206661,7.808023,2059
16101,r3i1p1f1,2059,01,31,0.0,21.399847,6.6846952,2059
16102,r3i1p1f1,2059,02,01,0.0037896915686856532,20.903374,6.343728,2059
16103,r3i1p1f1,2059,02,02,0.00022942946419458497,19.804783,6.3800793,2059
16104,r3i1p1f1,2059,02,03,0.0,21.02445,5.6555734,2059
16105,r3i1p1f1,2059,02,04,0.0,20.660175,6.0038195,2059
16106,r3i1p1f1,2059,02,05,0.0008113531536461475,21.851782,6.711286,2059
16107,r3i1p1f1,2059,02,06,3.604758817538795,20.868652,6.8627167,2059
16108,r3i1p1f1,2059,02,07,2.2773748990805345,12.0902195,3.6682792,2059
16109,r3i1p1f1,2059,02,08,0.11664929397573526,14.252045,4.3338823,2059
16110,r3i1p1f1,2059,02,09,0.7757043596299782,16.006924,4.941088,2059
16111,r3i1p1f1,2059,02,10,0.2723936710676891,16.91378,2.2343388,2059
16112,r3i1p1f1,2059,02,11,0.5431853606624468,14.9857235,1.8909576,2059
16113,r3i1p1f1,2059,02,12,1.5797377863407636,13.7698765,6.000982,2059
16114,r3i1p1f1,2059,02,13,2.2937702473648116,16.853916,6.2088375,2059
16115,r3i1p1f1,2059,02,14,0.015890978772376635,17.777145,1.9182526,2059
16116,r3i1p1f1,2059,02,15,0.0,18.888391,3.9239001,2059
16117,r3i1p1f1,2059,02,16,0.13571086022707415,18.106153,3.9495738,2059
16118,r3i1p1f1,2059,02,17,7.369903200037008,13.314813,6.5222287,2059
16119,r3i1p1f1,2059,02,18,4.496715656330046,13.631814,2.8947883,2059
16120,r3i1p1f1,2059,02,19,0.018722298043554252,13.752441,0.6213461,2059
16121,r3i1p1f1,2059,02,20,15.076436023558596,13.825218,2.794473,2059
16122,r3i1p1f1,2059,02,21,15.196681112793158,15.53803,2.5344243,2059
16123,r3i1p1f1,2059,02,22,10.908186807425933,15.784659,3.842872,2059
16124,r3i1p1f1,2059,02,23,12.225401118329033,14.1232,3.7103395,2059
16125,r3i1p1f1,2059,02,24,5.501167125434167,12.887153,3.962044,2059
16126,r3i1p1f1,2059,02,25,0.10753702442646802,14.849348,1.6005805,2059
16127,r3i1p1f1,2059,02,26,0.0,17.04862,1.0467533,2059
16128,r3i1p1f1,2059,02,27,0.0,17.003061,2.500926,2059
16129,r3i1p1f1,2059,02,28,1.8567445377861573,15.712675,5.8586674,2059
16130,r3i1p1f1,2059,03,01,15.159919688087415,10.939381,4.47849,2059
16131,r3i1p1f1,2059,03,02,0.08066494148475943,13.047172,-0.8154307,2059
16132,r3i1p1f1,2059,03,03,0.04442731884630506,15.634408,0.13421986,2059
16133,r3i1p1f1,2059,03,04,0.15934134395193364,17.14144,1.3548039,2059
16134,r3i1p1f1,2059,03,05,0.0005437181927404846,18.00114,2.8337002,2059
16135,r3i1p1f1,2059,03,06,0.1809392013676574,18.128988,3.3647308,2059
16136,r3i1p1f1,2059,03,07,2.2912672121365727,16.03843,6.3155856,2059
16137,r3i1p1f1,2059,03,08,4.189374476916397,13.895953,5.196504,2059
16138,r3i1p1f1,2059,03,09,1.3451583981011275,14.472946,0.45696986,2059
16139,r3i1p1f1,2059,03,10,0.5669164819019815,15.160641,2.1650493,2059
16140,r3i1p1f1,2059,03,11,0.25050122717154655,15.98178,5.061467,2059
16141,r3i1p1f1,2059,03,12,0.0,17.174873,1.3043754,2059
16142,r3i1p1f1,2059,03,13,0.0,18.84544,1.4733738,2059
16143,r3i1p1f1,2059,03,14,0.0,19.095781,4.2949142,2059
16144,r3i1p1f1,2059,03,15,0.0,20.594078,5.2004056,2059
16145,r3i1p1f1,2059,03,16,0.0,21.072472,4.298854,2059
16146,r3i1p1f1,2059,03,17,0.0,20.581554,4.474981,2059
16147,r3i1p1f1,2059,03,18,1.175340626598909,18.79968,4.2879896,2059
16148,r3i1p1f1,2059,03,19,3.7062776327939266,12.509745,1.8532593,2059
16149,r3i1p1f1,2059,03,20,1.002396854437944,10.8941965,1.1786139,2059
16150,r3i1p1f1,2059,03,21,0.25072402612832695,14.453826,-1.0082288,2059
16151,r3i1p1f1,2059,03,22,0.0,17.726305,-0.002584438,2059
16152,r3i1p1f1,2059,03,23,0.0,18.612194,1.979366,2059
16153,r3i1p1f1,2059,03,24,3.421742528161937e-05,17.999105,0.60811126,2059
16154,r3i1p1f1,2059,03,25,0.29186451177782724,15.413699,3.1766157,2059
16155,r3i1p1f1,2059,03,26,0.8526790453238804,12.755845,0.2973427,2059
16156,r3i1p1f1,2059,03,27,2.2982280543929487,14.061255,-0.19313759,2059
16157,r3i1p1f1,2059,03,28,1.6334068601226495,13.145501,3.1382883,2059
16158,r3i1p1f1,2059,03,29,11.049482020925181,11.839692,3.70345,2059
16159,r3i1p1f1,2059,03,30,0.6359990927960484,15.769014,1.0972939,2059
16160,r3i1p1f1,2059,03,31,0.2945205594005529,16.185389,3.561064,2059
16161,r3i1p1f1,2059,04,01,0.6115352200365096,18.368214,4.791486,2059
16162,r3i1p1f1,2059,04,02,0.6483418914806613,19.81386,3.389841,2059
16163,r3i1p1f1,2059,04,03,8.517103011190281,16.536858,7.301442,2059
16164,r3i1p1f1,2059,04,04,0.17472743419189515,15.07935,2.0206347,2059
16165,r3i1p1f1,2059,04,05,0.0,16.960238,0.7212122,2059
16166,r3i1p1f1,2059,04,06,0.0,19.072105,2.7286668,2059
16167,r3i1p1f1,2059,04,07,6.802532872583415,17.959063,4.1782393,2059
16168,r3i1p1f1,2059,04,08,0.501493144674896,15.313647,0.2443635,2059
16169,r3i1p1f1,2059,04,09,0.16013337597211252,16.94536,1.094851,2059
16170,r3i1p1f1,2059,04,10,2.4831547703560677,15.36498,3.840508,2059
16171,r3i1p1f1,2059,04,11,1.0366502476063724,15.798345,1.9438559,2059
16172,r3i1p1f1,2059,04,12,0.0023095486121195736,19.31203,1.9337165,2059
16173,r3i1p1f1,2059,04,13,0.0,20.852367,3.6078668,2059
16174,r3i1p1f1,2059,04,14,0.15436005540488457,19.998495,4.5052567,2059
16175,r3i1p1f1,2059,04,15,1.2790213144692149,14.980342,3.239179,2059
16176,r3i1p1f1,2059,04,16,0.0,18.266035,3.6076372,2059
16177,r3i1p1f1,2059,04,17,0.0,22.729918,5.111355,2059
16178,r3i1p1f1,2059,04,18,0.0,25.905064,7.819752,2059
16179,r3i1p1f1,2059,04,19,0.0,27.71384,9.682246,2059
16180,r3i1p1f1,2059,04,20,0.0,30.283176,11.321281,2059
16181,r3i1p1f1,2059,04,21,0.0,31.727718,11.602159,2059
16182,r3i1p1f1,2059,04,22,0.07709485306281061,30.487497,10.455682,2059
16183,r3i1p1f1,2059,04,23,0.12306370335422936,23.500526,6.3811297,2059
16184,r3i1p1f1,2059,04,24,11.797362802154208,20.179499,6.4511895,2059
16185,r3i1p1f1,2059,04,25,2.8936366975915115,17.487234,5.9751167,2059
16186,r3i1p1f1,2059,04,26,2.0139990101013225,18.63644,5.318275,2059
16187,r3i1p1f1,2059,04,27,0.08275950097330761,21.164879,5.505364,2059
16188,r3i1p1f1,2059,04,28,0.025032518218116213,21.038313,5.73059,2059
16189,r3i1p1f1,2059,04,29,0.0008098633649448553,22.022099,6.0162992,2059
16190,r3i1p1f1,2059,04,30,0.0003592347881446282,22.773993,5.5349607,2059
16191,r3i1p1f1,2059,05,01,0.2824735260285458,21.100302,5.4208755,2059
16192,r3i1p1f1,2059,05,02,9.137895728512596,17.237104,6.9855742,2059
16193,r3i1p1f1,2059,05,03,0.7682546212846787,20.76703,5.099167,2059
16194,r3i1p1f1,2059,05,04,0.0,22.608715,6.8248706,2059
16195,r3i1p1f1,2059,05,05,0.0,22.376772,6.4170012,2059
16196,r3i1p1f1,2059,05,06,0.0,22.74679,6.645589,2059
16197,r3i1p1f1,2059,05,07,0.0,22.917122,6.8124957,2059
16198,r3i1p1f1,2059,05,08,0.000707778592847965,22.09633,7.5616813,2059
16199,r3i1p1f1,2059,05,09,0.04464209624777802,21.845055,7.115724,2059
16200,r3i1p1f1,2059,05,10,0.0,27.222948,8.308987,2059
16201,r3i1p1f1,2059,05,11,0.0,30.917213,12.075249,2059
16202,r3i1p1f1,2059,05,12,0.0,34.1614,14.387182,2059
16203,r3i1p1f1,2059,05,13,0.0,32.423622,12.775276,2059
16204,r3i1p1f1,2059,05,14,0.0,28.933386,11.154917,2059
16205,r3i1p1f1,2059,05,15,0.0,28.215502,9.36139,2059
16206,r3i1p1f1,2059,05,16,0.0,30.495121,11.483604,2059
16207,r3i1p1f1,2059,05,17,0.0,32.047615,12.624566,2059
16208,r3i1p1f1,2059,05,18,0.0,32.000294,12.237375,2059
16209,r3i1p1f1,2059,05,19,0.0,31.592207,12.344223,2059
16210,r3i1p1f1,2059,05,20,0.0,30.017637,11.007983,2059
16211,r3i1p1f1,2059,05,21,0.0,26.40511,11.812384,2059
16212,r3i1p1f1,2059,05,22,0.0,25.956724,7.28226,2059
16213,r3i1p1f1,2059,05,23,0.0,24.7358,7.02165,2059
16214,r3i1p1f1,2059,05,24,0.0,28.423794,9.297675,2059
16215,r3i1p1f1,2059,05,25,0.0,29.574003,11.196922,2059
16216,r3i1p1f1,2059,05,26,0.0,28.768515,10.131546,2059
16217,r3i1p1f1,2059,05,27,0.02388004464702328,22.920364,6.368422,2059
16218,r3i1p1f1,2059,05,28,0.8642751083684606,20.285473,4.261316,2059
16219,r3i1p1f1,2059,05,29,0.0017520772808259635,25.39946,7.18855,2059
16220,r3i1p1f1,2059,05,30,0.0,26.50115,10.786065,2059
16221,r3i1p1f1,2059,05,31,0.001037767029960047,26.288006,8.861806,2059
16222,r3i1p1f1,2059,06,01,0.0,27.859049,10.005951,2059
16223,r3i1p1f1,2059,06,02,0.0,29.397038,11.542789,2059
16224,r3i1p1f1,2059,06,03,0.0,31.588064,13.289312,2059
16225,r3i1p1f1,2059,06,04,0.0,33.55352,14.80087,2059
16226,r3i1p1f1,2059,06,05,0.0,36.54885,16.552805,2059
16227,r3i1p1f1,2059,06,06,0.0,35.637005,17.400278,2059
16228,r3i1p1f1,2059,06,07,0.0,36.409042,17.560333,2059
16229,r3i1p1f1,2059,06,08,0.3314344072714448,35.330273,16.409967,2059
16230,r3i1p1f1,2059,06,09,0.1872412555641142,30.027561,14.031798,2059
16231,r3i1p1f1,2059,06,10,0.12202664535972431,29.260696,11.998271,2059
16232,r3i1p1f1,2059,06,11,0.0,30.045609,12.790371,2059
16233,r3i1p1f1,2059,06,12,0.13022881435145708,30.437275,14.428661,2059
16234,r3i1p1f1,2059,06,13,0.10727058852684092,33.70488,15.145998,2059
16235,r3i1p1f1,2059,06,14,0.03469178915221357,34.58086,15.677068,2059
16236,r3i1p1f1,2059,06,15,0.004918156967808803,32.886135,15.92648,2059
16237,r3i1p1f1,2059,06,16,0.0366016737340639,29.43548,12.876746,2059
16238,r3i1p1f1,2059,06,17,0.0005302953562050154,30.899012,13.342907,2059
16239,r3i1p1f1,2059,06,18,0.0,30.49408,13.79802,2059
16240,r3i1p1f1,2059,06,19,0.0,29.877655,12.929765,2059
16241,r3i1p1f1,2059,06,20,0.0,30.641136,12.97363,2059
16242,r3i1p1f1,2059,06,21,0.0,34.666336,15.685199,2059
16243,r3i1p1f1,2059,06,22,0.0,35.29408,16.583052,2059
16244,r3i1p1f1,2059,06,23,0.0,36.219337,17.015081,2059
16245,r3i1p1f1,2059,06,24,0.0,35.292206,16.517817,2059
16246,r3i1p1f1,2059,06,25,0.0,36.382988,17.135283,2059
16247,r3i1p1f1,2059,06,26,0.0,37.459774,18.022474,2059
16248,r3i1p1f1,2059,06,27,0.0,37.178246,18.381607,2059
16249,r3i1p1f1,2059,06,28,0.0,36.106155,16.252367,2059
16250,r3i1p1f1,2059,06,29,0.0,34.881283,16.723509,2059
16251,r3i1p1f1,2059,06,30,0.0,32.962948,14.958774,2059
16252,r3i1p1f1,2059,07,01,0.0,34.954308,15.795177,2059
16253,r3i1p1f1,2059,07,02,0.0,37.248497,17.114464,2059
16254,r3i1p1f1,2059,07,03,0.057709422631667236,36.345867,18.47866,2059
16255,r3i1p1f1,2059,07,04,2.1932587958651837,35.16237,18.011269,2059
16256,r3i1p1f1,2059,07,05,0.0003489351718488968,34.65607,15.431176,2059
16257,r3i1p1f1,2059,07,06,0.0,33.44288,15.459547,2059
16258,r3i1p1f1,2059,07,07,0.0,30.758102,13.682494,2059
16259,r3i1p1f1,2059,07,08,0.0,30.7895,13.547422,2059
16260,r3i1p1f1,2059,07,09,0.0,32.605656,15.453838,2059
16261,r3i1p1f1,2059,07,10,0.00521948201243173,34.688763,17.6688,2059
16262,r3i1p1f1,2059,07,11,1.3261044576894634,34.778805,19.5191,2059
16263,r3i1p1f1,2059,07,12,0.7958155375672504,34.47013,18.120668,2059
16264,r3i1p1f1,2059,07,13,0.039473118798041745,36.20439,18.674774,2059
16265,r3i1p1f1,2059,07,14,0.0,38.039474,19.785112,2059
16266,r3i1p1f1,2059,07,15,3.306657088188661,37.033882,20.233421,2059
16267,r3i1p1f1,2059,07,16,0.013190821676592654,38.337345,19.553621,2059
16268,r3i1p1f1,2059,07,17,0.45911937172411743,39.213734,20.300718,2059
16269,r3i1p1f1,2059,07,18,0.23415804494465137,39.31814,21.33589,2059
16270,r3i1p1f1,2059,07,19,0.8186121946765166,39.21865,21.023943,2059
16271,r3i1p1f1,2059,07,20,0.002886709249155088,38.795834,21.736343,2059
16272,r3i1p1f1,2059,07,21,0.0,38.071625,19.559147,2059
16273,r3i1p1f1,2059,07,22,0.0,36.737785,19.36444,2059
16274,r3i1p1f1,2059,07,23,0.005262011069465767,36.646545,19.201635,2059
16275,r3i1p1f1,2059,07,24,0.0,36.24532,19.219347,2059
16276,r3i1p1f1,2059,07,25,0.12987314377272868,33.55688,17.94843,2059
16277,r3i1p1f1,2059,07,26,0.0,32.82025,16.497906,2059
16278,r3i1p1f1,2059,07,27,0.0,34.399654,17.111979,2059
16279,r3i1p1f1,2059,07,28,0.0,34.292957,17.470865,2059
16280,r3i1p1f1,2059,07,29,0.0,34.732292,17.949965,2059
16281,r3i1p1f1,2059,07,30,0.0,36.002583,18.699375,2059
16282,r3i1p1f1,2059,07,31,0.0,37.08532,19.403074,2059
16283,r3i1p1f1,2059,08,01,0.0037659471854567528,38.07171,19.938461,2059
16284,r3i1p1f1,2059,08,02,0.0,37.97038,20.152344,2059
16285,r3i1p1f1,2059,08,03,0.825339672252691,37.204403,20.385963,2059
16286,r3i1p1f1,2059,08,04,0.0,37.08436,19.218283,2059
16287,r3i1p1f1,2059,08,05,0.0,38.613293,18.941393,2059
16288,r3i1p1f1,2059,08,06,0.8604196121891481,40.31107,20.234161,2059
16289,r3i1p1f1,2059,08,07,0.015803875152910637,39.72896,20.524614,2059
16290,r3i1p1f1,2059,08,08,0.5928802478041634,35.87421,19.740023,2059
16291,r3i1p1f1,2059,08,09,0.003025926028688749,32.750748,18.505209,2059
16292,r3i1p1f1,2059,08,10,0.15621771044662278,32.226322,17.991964,2059
16293,r3i1p1f1,2059,08,11,0.0073427922854369335,33.89851,16.567776,2059
16294,r3i1p1f1,2059,08,12,0.02828888383439996,34.81895,16.772993,2059
16295,r3i1p1f1,2059,08,13,0.043401951082738706,34.934517,16.506817,2059
16296,r3i1p1f1,2059,08,14,0.47489149966912175,34.948814,16.478262,2059
16297,r3i1p1f1,2059,08,15,0.699419917002546,34.340515,17.465168,2059
16298,r3i1p1f1,2059,08,16,0.15553039647233108,34.102043,16.86763,2059
16299,r3i1p1f1,2059,08,17,0.0028735279303156967,33.55623,16.22496,2059
16300,r3i1p1f1,2059,08,18,0.0,33.70144,17.623161,2059
16301,r3i1p1f1,2059,08,19,0.0,34.59446,17.523342,2059
16302,r3i1p1f1,2059,08,20,0.0,35.688824,16.746313,2059
16303,r3i1p1f1,2059,08,21,0.0,36.39375,16.259756,2059
16304,r3i1p1f1,2059,08,22,0.0,36.43823,17.082792,2059
16305,r3i1p1f1,2059,08,23,0.0,36.08454,16.784595,2059
16306,r3i1p1f1,2059,08,24,0.0,35.51199,16.29704,2059
16307,r3i1p1f1,2059,08,25,0.0,34.918163,16.007593,2059
16308,r3i1p1f1,2059,08,26,0.0,34.91039,16.030169,2059
16309,r3i1p1f1,2059,08,27,0.0,34.20842,16.003384,2059
16310,r3i1p1f1,2059,08,28,0.0,34.709763,15.408356,2059
16311,r3i1p1f1,2059,08,29,0.0,35.202206,15.186235,2059
16312,r3i1p1f1,2059,08,30,0.0,35.513805,16.526072,2059
16313,r3i1p1f1,2059,08,31,0.0,36.055855,17.945084,2059
16314,r3i1p1f1,2059,09,01,0.003628978703283902,35.72615,21.884487,2059
16315,r3i1p1f1,2059,09,02,0.8867539572846991,36.160015,22.735554,2059
16316,r3i1p1f1,2059,09,03,0.27505529963298503,36.725956,19.848352,2059
16317,r3i1p1f1,2059,09,04,0.10885717023484176,35.741352,17.932137,2059
16318,r3i1p1f1,2059,09,05,10.890711998195691,33.729256,18.771889,2059
16319,r3i1p1f1,2059,09,06,0.30267011577520997,32.401985,18.659008,2059
16320,r3i1p1f1,2059,09,07,0.0,27.988628,13.722676,2059
16321,r3i1p1f1,2059,09,08,0.7985704692934329,27.729546,13.878358,2059
16322,r3i1p1f1,2059,09,09,0.1688524998087704,27.995485,13.657304,2059
16323,r3i1p1f1,2059,09,10,0.06062826939645068,28.828342,14.137835,2059
16324,r3i1p1f1,2059,09,11,0.0,31.896006,16.365305,2059
16325,r3i1p1f1,2059,09,12,0.0,33.827805,16.893673,2059
16326,r3i1p1f1,2059,09,13,0.0,33.205463,16.081144,2059
16327,r3i1p1f1,2059,09,14,0.0,33.53263,15.677963,2059
16328,r3i1p1f1,2059,09,15,0.0,32.214478,14.567349,2059
16329,r3i1p1f1,2059,09,16,0.0,29.415913,12.122466,2059
16330,r3i1p1f1,2059,09,17,0.0,30.285707,12.322633,2059
16331,r3i1p1f1,2059,09,18,0.0,29.12064,11.367616,2059
16332,r3i1p1f1,2059,09,19,0.0,26.245426,10.003798,2059
16333,r3i1p1f1,2059,09,20,0.0,29.710556,12.170676,2059
16334,r3i1p1f1,2059,09,21,0.0,33.63179,17.230268,2059
16335,r3i1p1f1,2059,09,22,0.0,35.254704,15.587481,2059
16336,r3i1p1f1,2059,09,23,0.005548727437571594,33.881145,16.508842,2059
16337,r3i1p1f1,2059,09,24,0.1756455417313246,32.402313,16.378109,2059
16338,r3i1p1f1,2059,09,25,0.2787657902456086,34.74955,16.438578,2059
16339,r3i1p1f1,2059,09,26,0.19051807098686835,29.350815,16.359919,2059
16340,r3i1p1f1,2059,09,27,0.07679119092713474,25.53629,12.73098,2059
16341,r3i1p1f1,2059,09,28,0.0,29.905832,13.639028,2059
16342,r3i1p1f1,2059,09,29,0.0,32.8682,16.143183,2059
16343,r3i1p1f1,2059,09,30,0.0,34.7368,17.430878,2059
16344,r3i1p1f1,2059,10,01,0.02165956179272722,34.971355,18.66929,2059
16345,r3i1p1f1,2059,10,02,3.725411979078975,33.469933,19.188839,2059
16346,r3i1p1f1,2059,10,03,0.7453903959024253,32.45628,16.902285,2059
16347,r3i1p1f1,2059,10,04,0.10315951416762828,31.253859,17.079773,2059
16348,r3i1p1f1,2059,10,05,0.0,33.64378,16.47419,2059
16349,r3i1p1f1,2059,10,06,0.0,36.451416,17.689022,2059
16350,r3i1p1f1,2059,10,07,0.0,37.008877,19.206463,2059
16351,r3i1p1f1,2059,10,08,0.11056980861736299,35.36424,20.697874,2059
16352,r3i1p1f1,2059,10,09,0.24034139080785363,30.569143,15.063907,2059
16353,r3i1p1f1,2059,10,10,0.12495807088932699,27.623878,10.97394,2059
16354,r3i1p1f1,2059,10,11,0.0,24.408712,8.994614,2059
16355,r3i1p1f1,2059,10,12,0.0,27.732183,9.856269,2059
16356,r3i1p1f1,2059,10,13,0.0,29.535217,13.058041,2059
16357,r3i1p1f1,2059,10,14,0.0,27.362907,10.173696,2059
16358,r3i1p1f1,2059,10,15,0.03800966193948901,24.513405,11.859993,2059
16359,r3i1p1f1,2059,10,16,0.0,27.959381,10.50773,2059
16360,r3i1p1f1,2059,10,17,0.0,29.862703,13.432424,2059
16361,r3i1p1f1,2059,10,18,0.0,27.808334,12.493477,2059
16362,r3i1p1f1,2059,10,19,0.0,25.474285,13.214359,2059
16363,r3i1p1f1,2059,10,20,0.40338445107353793,28.352097,14.666652,2059
16364,r3i1p1f1,2059,10,21,0.0,29.369919,11.466367,2059
16365,r3i1p1f1,2059,10,22,0.3407351328827314,27.12541,13.973985,2059
16366,r3i1p1f1,2059,10,23,0.002300088879454768,24.229387,9.276693,2059
16367,r3i1p1f1,2059,10,24,0.0,23.134375,7.4214315,2059
16368,r3i1p1f1,2059,10,25,0.0,24.951899,8.32106,2059
16369,r3i1p1f1,2059,10,26,0.0,26.664629,9.814237,2059
16370,r3i1p1f1,2059,10,27,0.0,29.471706,11.872309,2059
16371,r3i1p1f1,2059,10,28,0.0,28.594696,11.069543,2059
16372,r3i1p1f1,2059,10,29,0.0,22.839071,8.249906,2059
16373,r3i1p1f1,2059,10,30,0.006437194904058494,18.00329,5.5867276,2059
16374,r3i1p1f1,2059,10,31,0.005244725016933499,18.13185,4.034767,2059
16375,r3i1p1f1,2059,11,01,0.0,19.993757,5.418479,2059
16376,r3i1p1f1,2059,11,02,0.0,20.329597,4.040697,2059
16377,r3i1p1f1,2059,11,03,0.0,20.49577,4.8557405,2059
16378,r3i1p1f1,2059,11,04,0.0,22.645842,5.754656,2059
16379,r3i1p1f1,2059,11,05,0.0,23.104654,6.6105533,2059
16380,r3i1p1f1,2059,11,06,0.0,23.945791,6.5533295,2059
16381,r3i1p1f1,2059,11,07,0.0,21.527946,4.456899,2059
16382,r3i1p1f1,2059,11,08,0.0,19.413527,3.8712068,2059
16383,r3i1p1f1,2059,11,09,1.2869300421031464,19.160435,6.9153852,2059
16384,r3i1p1f1,2059,11,10,1.8047095076578692,12.37518,3.2324805,2059
16385,r3i1p1f1,2059,11,11,5.609260438961263,12.6215,4.4334297,2059
16386,r3i1p1f1,2059,11,12,0.0017207584019298806,15.921026,3.5018191,2059
16387,r3i1p1f1,2059,11,13,0.0,19.238869,4.7750797,2059
16388,r3i1p1f1,2059,11,14,0.034933041465454596,19.989906,5.6171823,2059
16389,r3i1p1f1,2059,11,15,3.3085736229154326,18.43371,7.2118244,2059
16390,r3i1p1f1,2059,11,16,6.559103909380748,10.36685,0.7025297,2059
16391,r3i1p1f1,2059,11,17,11.761110897146093,8.250878,0.3044557,2059
16392,r3i1p1f1,2059,11,18,0.04130603461596889,11.551198,0.5463154,2059
16393,r3i1p1f1,2059,11,19,0.003195995814166963,14.929502,3.519827,2059
16394,r3i1p1f1,2059,11,20,0.05797634890768677,16.529293,4.1140676,2059
16395,r3i1p1f1,2059,11,21,0.004550505422450828,15.143656,5.2616343,2059
16396,r3i1p1f1,2059,11,22,0.04036936755503782,12.952538,4.0090594,2059
16397,r3i1p1f1,2059,11,23,0.0,14.992519,3.2121668,2059
16398,r3i1p1f1,2059,11,24,0.0,15.613128,2.0644872,2059
16399,r3i1p1f1,2059,11,25,0.0,18.417044,3.3229394,2059
16400,r3i1p1f1,2059,11,26,0.0,20.174856,5.450585,2059
16401,r3i1p1f1,2059,11,27,0.0,19.628025,5.4299536,2059
16402,r3i1p1f1,2059,11,28,0.0,18.591166,7.3461742,2059
16403,r3i1p1f1,2059,11,29,0.0,19.431278,6.645524,2059
16404,r3i1p1f1,2059,11,30,0.0,19.533371,6.949267,2059
16405,r3i1p1f1,2059,12,01,0.0,18.658024,6.4468,2059
16406,r3i1p1f1,2059,12,02,0.14689861124473033,18.211424,5.4974585,2059
16407,r3i1p1f1,2059,12,03,28.939527153776606,17.761677,10.160576,2059
16408,r3i1p1f1,2059,12,04,0.2614752748090585,14.28412,4.7399454,2059
16409,r3i1p1f1,2059,12,05,0.0,14.017412,1.0003054,2059
16410,r3i1p1f1,2059,12,06,0.5058189444648495,13.687872,3.5475597,2059
16411,r3i1p1f1,2059,12,07,10.87982759559564,13.820842,6.3671165,2059
16412,r3i1p1f1,2059,12,08,0.029721338580588275,13.351339,5.027273,2059
16413,r3i1p1f1,2059,12,09,0.0,11.065665,0.004326961,2059
16414,r3i1p1f1,2059,12,10,0.0,12.860322,-1.1475661,2059
16415,r3i1p1f1,2059,12,11,0.0,13.439409,1.0970495,2059
16416,r3i1p1f1,2059,12,12,0.16071725591742012,14.056208,4.334902,2059
16417,r3i1p1f1,2059,12,13,5.265241329126928,17.55664,8.462538,2059
16418,r3i1p1f1,2059,12,14,2.501517521259578,19.913563,10.228389,2059
16419,r3i1p1f1,2059,12,15,9.138023235530206,20.279675,13.190179,2059
16420,r3i1p1f1,2059,12,16,2.241146187691563,20.436687,13.139615,2059
16421,r3i1p1f1,2059,12,17,0.007044383338793661,18.613894,8.849108,2059
16422,r3i1p1f1,2059,12,18,12.693243419855593,18.697594,9.879365,2059
16423,r3i1p1f1,2059,12,19,11.276209744565593,14.801884,8.660028,2059
16424,r3i1p1f1,2059,12,20,0.2984102185119451,11.540898,1.7745508,2059
16425,r3i1p1f1,2059,12,21,0.0,13.776785,1.1016511,2059
16426,r3i1p1f1,2059,12,22,0.0,16.28817,3.646103,2059
16427,r3i1p1f1,2059,12,23,0.0,15.18532,2.5333576,2059
16428,r3i1p1f1,2059,12,24,0.0,17.688843,4.3859835,2059
16429,r3i1p1f1,2059,12,25,0.0,16.16514,4.366004,2059
16430,r3i1p1f1,2059,12,26,0.14032850529805396,13.018082,4.0502343,2059
16431,r3i1p1f1,2059,12,27,0.08866031633012673,14.414769,3.660973,2059
16432,r3i1p1f1,2059,12,28,0.0,13.749325,2.6215231,2059
16433,r3i1p1f1,2059,12,29,0.0073965702353179395,15.091856,3.1429021,2059
16434,r3i1p1f1,2059,12,30,0.0,16.25161,3.6579382,2059
16435,r3i1p1f1,2059,12,31,0.0,15.573241,2.40131,2059
16436,r3i1p1f1,2060,01,01,0.7417836131362217,15.612068,3.9394684,2060
16437,r3i1p1f1,2060,01,02,20.174353064468242,14.144388,5.5130215,2060
16438,r3i1p1f1,2060,01,03,0.8780912893309339,11.346671,3.9900095,2060
16439,r3i1p1f1,2060,01,04,5.070634224898778,11.61937,3.8023915,2060
16440,r3i1p1f1,2060,01,05,2.1536671648650416,11.61793,3.2946017,2060
16441,r3i1p1f1,2060,01,06,1.2262481950352648,12.00039,2.415031,2060
16442,r3i1p1f1,2060,01,07,0.06945150895097124,11.91701,1.036022,2060
16443,r3i1p1f1,2060,01,08,0.0,14.424972,2.510446,2060
16444,r3i1p1f1,2060,01,09,0.0041636802870064485,14.064628,2.1768088,2060
16445,r3i1p1f1,2060,01,10,0.033793070703144294,15.020365,2.7090547,2060
16446,r3i1p1f1,2060,01,11,0.0012040193100939646,15.339748,2.6364846,2060
16447,r3i1p1f1,2060,01,12,0.14142737338040728,14.416484,3.2035613,2060
16448,r3i1p1f1,2060,01,13,14.542334172470103,14.323348,7.596385,2060
16449,r3i1p1f1,2060,01,14,0.7337574638217581,15.296647,7.8738766,2060
16450,r3i1p1f1,2060,01,15,10.945030973376065,14.232968,8.246975,2060
16451,r3i1p1f1,2060,01,16,0.12736933410589257,12.135883,2.0293076,2060
16452,r3i1p1f1,2060,01,17,0.023810902995605968,12.01209,-1.224222,2060
16453,r3i1p1f1,2060,01,18,0.0,11.621404,-1.3322805,2060
16454,r3i1p1f1,2060,01,19,0.0,12.667379,-0.2101941,2060
16455,r3i1p1f1,2060,01,20,0.0,15.5208,1.3637669,2060
16456,r3i1p1f1,2060,01,21,0.0,14.023291,1.6659247,2060
16457,r3i1p1f1,2060,01,22,0.4086270432835039,12.163475,1.2650371,2060
16458,r3i1p1f1,2060,01,23,15.928035877807291,12.34647,6.2094607,2060
16459,r3i1p1f1,2060,01,24,20.4646332647804,11.907539,6.209705,2060
16460,r3i1p1f1,2060,01,25,0.0,9.511122,-1.6624651,2060
16461,r3i1p1f1,2060,01,26,0.0,12.054122,-1.7944545,2060
16462,r3i1p1f1,2060,01,27,0.0,14.657991,1.1307373,2060
16463,r3i1p1f1,2060,01,28,0.0,16.612505,2.4041834,2060
16464,r3i1p1f1,2060,01,29,0.0,16.796623,2.414782,2060
16465,r3i1p1f1,2060,01,30,0.18687070103937636,14.009421,3.3547764,2060
16466,r3i1p1f1,2060,01,31,15.581333237615498,13.252236,6.264913,2060
16467,r3i1p1f1,2060,02,01,0.5173253390724616,13.484837,1.4091773,2060
16468,r3i1p1f1,2060,02,02,0.008709799687053557,13.3748,3.6038005,2060
16469,r3i1p1f1,2060,02,03,2.9931295139161223,16.038507,5.140063,2060
16470,r3i1p1f1,2060,02,04,0.0,17.487026,4.498192,2060
16471,r3i1p1f1,2060,02,05,0.7402571039242365,16.684072,6.416008,2060
16472,r3i1p1f1,2060,02,06,10.283339773465713,15.347705,6.0624404,2060
16473,r3i1p1f1,2060,02,07,0.34154506265401846,13.39297,4.0243373,2060
16474,r3i1p1f1,2060,02,08,0.08125063461937482,16.420805,1.0884128,2060
16475,r3i1p1f1,2060,02,09,0.0,17.398893,2.7070804,2060
16476,r3i1p1f1,2060,02,10,0.0,17.070208,2.8787436,2060
16477,r3i1p1f1,2060,02,11,0.0,17.169252,3.2009556,2060
16478,r3i1p1f1,2060,02,12,0.0,14.085201,2.5052986,2060
16479,r3i1p1f1,2060,02,13,0.19241978870757687,11.617384,-0.4233112,2060
16480,r3i1p1f1,2060,02,14,0.009015211008690212,12.2005,-2.9185457,2060
16481,r3i1p1f1,2060,02,15,0.7797384200235618,13.328972,1.1596721,2060
16482,r3i1p1f1,2060,02,16,9.909629865007556,13.522545,4.12917,2060
16483,r3i1p1f1,2060,02,17,11.518047555221004,14.268506,4.441239,2060
16484,r3i1p1f1,2060,02,18,10.52036246842032,13.674935,3.1763577,2060
16485,r3i1p1f1,2060,02,19,16.098926258479572,12.590284,4.6017194,2060
16486,r3i1p1f1,2060,02,20,26.593504040613908,16.884094,5.7449303,2060
16487,r3i1p1f1,2060,02,21,7.010001604267569,16.275654,8.434727,2060
16488,r3i1p1f1,2060,02,22,35.98131696922296,14.192328,5.037649,2060
16489,r3i1p1f1,2060,02,23,5.660070129174804,11.330448,-0.20637555,2060
16490,r3i1p1f1,2060,02,24,0.0005283227867700837,12.830937,-2.7191093,2060
16491,r3i1p1f1,2060,02,25,18.068369694400726,13.036784,2.884641,2060
16492,r3i1p1f1,2060,02,26,4.690871469770862,11.048029,1.9597207,2060
16493,r3i1p1f1,2060,02,27,0.02780362802723451,15.363896,-0.4396667,2060
16494,r3i1p1f1,2060,02,28,0.0,15.904849,1.3209287,2060
16495,r3i1p1f1,2060,02,29,0.0,15.156424,1.353447,2060
16496,r3i1p1f1,2060,03,01,4.021896694956178e-05,14.494566,-1.607049,2060
16497,r3i1p1f1,2060,03,02,0.21124638548468339,13.901141,-0.57549,2060
16498,r3i1p1f1,2060,03,03,9.977138686028246,12.143758,5.1394587,2060
16499,r3i1p1f1,2060,03,04,0.5008595328876474,13.277019,3.0501494,2060
16500,r3i1p1f1,2060,03,05,0.18904044340059278,13.144628,-0.44129342,2060
16501,r3i1p1f1,2060,03,06,0.15519021621333773,15.6532,3.3980708,2060
16502,r3i1p1f1,2060,03,07,0.022467394100010897,15.181383,0.9532635,2060
16503,r3i1p1f1,2060,03,08,0.0,17.415201,-0.73535633,2060
16504,r3i1p1f1,2060,03,09,0.0,18.728964,0.454093,2060
16505,r3i1p1f1,2060,03,10,0.0,19.972734,3.7303188,2060
16506,r3i1p1f1,2060,03,11,0.0,19.87855,4.8483043,2060
16507,r3i1p1f1,2060,03,12,0.2894248084846891,18.843954,5.4959764,2060
16508,r3i1p1f1,2060,03,13,0.0,23.08356,4.9081974,2060
16509,r3i1p1f1,2060,03,14,0.0,25.698175,8.039434,2060
16510,r3i1p1f1,2060,03,15,0.0,25.75859,8.322527,2060
16511,r3i1p1f1,2060,03,16,0.0,24.488108,7.5497527,2060
16512,r3i1p1f1,2060,03,17,0.0,19.6918,3.8097212,2060
16513,r3i1p1f1,2060,03,18,0.6092746581706513,15.456861,2.7921622,2060
16514,r3i1p1f1,2060,03,19,0.023817732642672843,13.773289,-0.3334808,2060
16515,r3i1p1f1,2060,03,20,0.0,16.93057,-0.6834849,2060
16516,r3i1p1f1,2060,03,21,0.0,20.166113,1.9278545,2060
16517,r3i1p1f1,2060,03,22,0.0,22.013731,4.5656915,2060
16518,r3i1p1f1,2060,03,23,0.0,22.39631,4.8393016,2060
16519,r3i1p1f1,2060,03,24,0.0,23.074713,5.3210206,2060
16520,r3i1p1f1,2060,03,25,0.0,24.327515,6.343218,2060
16521,r3i1p1f1,2060,03,26,0.0,25.652758,7.8334007,2060
16522,r3i1p1f1,2060,03,27,0.0,25.398458,6.2953844,2060
16523,r3i1p1f1,2060,03,28,0.0,24.291908,7.1839013,2060
16524,r3i1p1f1,2060,03,29,0.0023890950604144373,21.835949,4.3823543,2060
16525,r3i1p1f1,2060,03,30,0.0,19.309416,2.25267,2060
16526,r3i1p1f1,2060,03,31,0.0,22.829872,3.0721335,2060
16527,r3i1p1f1,2060,04,01,0.0,25.499165,6.2165265,2060
16528,r3i1p1f1,2060,04,02,0.0,26.146206,7.6127033,2060
16529,r3i1p1f1,2060,04,03,0.0,28.814423,8.944817,2060
16530,r3i1p1f1,2060,04,04,0.0,30.395245,10.335029,2060
16531,r3i1p1f1,2060,04,05,0.0,31.022812,12.346345,2060
16532,r3i1p1f1,2060,04,06,0.0,33.11335,11.729724,2060
16533,r3i1p1f1,2060,04,07,0.0,31.29529,11.485017,2060
16534,r3i1p1f1,2060,04,08,0.0,29.536396,8.981564,2060
16535,r3i1p1f1,2060,04,09,0.0,26.338741,7.7037477,2060
16536,r3i1p1f1,2060,04,10,0.09576645990323,24.506353,5.5496836,2060
16537,r3i1p1f1,2060,04,11,0.2849914255079277,20.423376,4.947838,2060
16538,r3i1p1f1,2060,04,12,0.20861844663558618,17.33131,2.182042,2060
16539,r3i1p1f1,2060,04,13,4.814280493063217,15.665032,-1.3190278,2060
16540,r3i1p1f1,2060,04,14,8.996373413411316,10.983053,0.87536454,2060
16541,r3i1p1f1,2060,04,15,0.024530896070328625,18.332937,0.35336924,2060
16542,r3i1p1f1,2060,04,16,0.0,21.975246,3.7167127,2060
16543,r3i1p1f1,2060,04,17,0.0,22.767517,5.4444714,2060
16544,r3i1p1f1,2060,04,18,0.022756608412678223,22.275455,5.814559,2060
16545,r3i1p1f1,2060,04,19,12.414593811056076,18.096273,3.2438498,2060
16546,r3i1p1f1,2060,04,20,1.8731378637367566,13.296,-0.79565644,2060
16547,r3i1p1f1,2060,04,21,0.0,17.40474,0.24899527,2060
16548,r3i1p1f1,2060,04,22,0.0,21.051823,3.388548,2060
16549,r3i1p1f1,2060,04,23,0.0,23.735207,5.506386,2060
16550,r3i1p1f1,2060,04,24,0.0,27.47164,8.066414,2060
16551,r3i1p1f1,2060,04,25,0.0,30.140474,10.527871,2060
16552,r3i1p1f1,2060,04,26,0.007762349048403628,29.41044,9.634466,2060
16553,r3i1p1f1,2060,04,27,3.3418864204974272,21.024347,6.0475874,2060
16554,r3i1p1f1,2060,04,28,0.0004436932221958132,19.69963,2.529354,2060
16555,r3i1p1f1,2060,04,29,0.0,21.4996,3.2182262,2060
16556,r3i1p1f1,2060,04,30,0.09832003560108427,21.132992,4.1023984,2060
16557,r3i1p1f1,2060,05,01,0.6874077464776334,20.343428,3.7759206,2060
16558,r3i1p1f1,2060,05,02,0.06481383105203735,24.979048,5.4751396,2060
16559,r3i1p1f1,2060,05,03,0.0,25.80122,6.8357716,2060
16560,r3i1p1f1,2060,05,04,0.0,24.884357,6.419415,2060
16561,r3i1p1f1,2060,05,05,0.0,25.601357,6.7160363,2060
16562,r3i1p1f1,2060,05,06,0.0,24.91881,6.282014,2060
16563,r3i1p1f1,2060,05,07,0.0,30.125013,9.740444,2060
16564,r3i1p1f1,2060,05,08,0.0,31.712563,12.60312,2060
16565,r3i1p1f1,2060,05,09,0.0,30.6524,12.20789,2060
16566,r3i1p1f1,2060,05,10,0.0,27.634407,9.216899,2060
16567,r3i1p1f1,2060,05,11,0.0,27.538473,8.254432,2060
16568,r3i1p1f1,2060,05,12,0.0,26.233776,8.430128,2060
16569,r3i1p1f1,2060,05,13,0.0,28.693642,9.549361,2060
16570,r3i1p1f1,2060,05,14,0.0,32.963078,13.530382,2060
16571,r3i1p1f1,2060,05,15,0.0,34.981674,16.219658,2060
16572,r3i1p1f1,2060,05,16,0.0,36.505104,16.494097,2060
16573,r3i1p1f1,2060,05,17,0.0,37.16982,16.914259,2060
16574,r3i1p1f1,2060,05,18,0.0,37.393555,17.086788,2060
16575,r3i1p1f1,2060,05,19,0.0006441379699743155,38.36495,18.371126,2060
16576,r3i1p1f1,2060,05,20,0.22716148458350677,36.26252,16.647942,2060
16577,r3i1p1f1,2060,05,21,0.003851723629072591,27.835993,10.560064,2060
16578,r3i1p1f1,2060,05,22,0.009524628774008968,26.196447,8.276642,2060
16579,r3i1p1f1,2060,05,23,0.0,25.701399,7.8450537,2060
16580,r3i1p1f1,2060,05,24,0.0,26.133095,7.602484,2060
16581,r3i1p1f1,2060,05,25,0.0,26.101873,8.1203985,2060
16582,r3i1p1f1,2060,05,26,0.0,29.367546,10.474152,2060
16583,r3i1p1f1,2060,05,27,0.0,31.06114,11.9921465,2060
16584,r3i1p1f1,2060,05,28,0.0,29.440937,11.152385,2060
16585,r3i1p1f1,2060,05,29,0.0,28.613598,9.871981,2060
16586,r3i1p1f1,2060,05,30,0.0,30.295122,11.533033,2060
16587,r3i1p1f1,2060,05,31,0.0,33.809616,14.592661,2060
16588,r3i1p1f1,2060,06,01,0.0,36.392414,15.657746,2060
16589,r3i1p1f1,2060,06,02,0.0,38.791035,18.23907,2060
16590,r3i1p1f1,2060,06,03,0.0,38.240185,18.195839,2060
16591,r3i1p1f1,2060,06,04,0.0,36.83733,17.804655,2060
16592,r3i1p1f1,2060,06,05,0.0,34.27865,15.788166,2060
16593,r3i1p1f1,2060,06,06,0.0,33.99805,14.134069,2060
16594,r3i1p1f1,2060,06,07,0.0,33.27467,14.426519,2060
16595,r3i1p1f1,2060,06,08,0.0,31.742804,13.776772,2060
16596,r3i1p1f1,2060,06,09,0.0,33.75335,14.496735,2060
16597,r3i1p1f1,2060,06,10,0.0,34.119827,13.876091,2060
16598,r3i1p1f1,2060,06,11,0.0,32.778103,13.520962,2060
16599,r3i1p1f1,2060,06,12,0.0,30.737486,12.545817,2060
16600,r3i1p1f1,2060,06,13,0.0,30.912476,12.615996,2060
16601,r3i1p1f1,2060,06,14,0.0,32.10231,12.828446,2060
16602,r3i1p1f1,2060,06,15,0.017133681950244038,31.490705,12.921348,2060
16603,r3i1p1f1,2060,06,16,0.010737785222855482,30.53413,12.537204,2060
16604,r3i1p1f1,2060,06,17,0.0,29.763222,12.173132,2060
16605,r3i1p1f1,2060,06,18,0.02309818671853987,29.725863,12.552816,2060
16606,r3i1p1f1,2060,06,19,0.2091978962628425,31.938408,13.18505,2060
16607,r3i1p1f1,2060,06,20,0.0,31.76481,13.370949,2060
16608,r3i1p1f1,2060,06,21,0.0,30.0332,13.29496,2060
16609,r3i1p1f1,2060,06,22,0.0,29.736904,13.23891,2060
16610,r3i1p1f1,2060,06,23,0.0,30.780296,13.118047,2060
16611,r3i1p1f1,2060,06,24,0.0,34.30072,14.472638,2060
16612,r3i1p1f1,2060,06,25,0.0,36.06792,16.052292,2060
16613,r3i1p1f1,2060,06,26,0.0,39.030914,18.632542,2060
16614,r3i1p1f1,2060,06,27,0.0,40.145336,19.535486,2060
16615,r3i1p1f1,2060,06,28,0.0,40.673283,19.802755,2060
16616,r3i1p1f1,2060,06,29,0.0,40.06147,20.129225,2060
16617,r3i1p1f1,2060,06,30,0.0,36.96844,20.298079,2060
16618,r3i1p1f1,2060,07,01,0.1040092476107406,33.60387,14.225426,2060
16619,r3i1p1f1,2060,07,02,0.0,35.22126,15.811932,2060
16620,r3i1p1f1,2060,07,03,0.0,34.701775,15.86291,2060
16621,r3i1p1f1,2060,07,04,0.0,33.88154,15.621264,2060
16622,r3i1p1f1,2060,07,05,0.0,31.590853,13.912766,2060
16623,r3i1p1f1,2060,07,06,0.0,29.075544,12.028131,2060
16624,r3i1p1f1,2060,07,07,0.0,29.316074,11.753876,2060
16625,r3i1p1f1,2060,07,08,0.0,29.210838,11.737841,2060
16626,r3i1p1f1,2060,07,09,0.0,30.630085,12.591554,2060
16627,r3i1p1f1,2060,07,10,0.0028698912567713046,31.110712,13.453976,2060
16628,r3i1p1f1,2060,07,11,0.003020248700384841,30.78687,13.615849,2060
16629,r3i1p1f1,2060,07,12,0.0,28.732014,12.275079,2060
16630,r3i1p1f1,2060,07,13,0.0,28.121544,11.915999,2060
16631,r3i1p1f1,2060,07,14,0.0,28.94328,11.941744,2060
16632,r3i1p1f1,2060,07,15,0.0,32.37086,15.180256,2060
16633,r3i1p1f1,2060,07,16,0.0,33.839283,17.185116,2060
16634,r3i1p1f1,2060,07,17,0.0,35.11499,18.82222,2060
16635,r3i1p1f1,2060,07,18,0.0,38.212677,17.738064,2060
16636,r3i1p1f1,2060,07,19,0.0,38.49942,21.505571,2060
16637,r3i1p1f1,2060,07,20,0.0,37.785213,19.853779,2060
16638,r3i1p1f1,2060,07,21,0.0,38.450504,19.13866,2060
16639,r3i1p1f1,2060,07,22,0.0,38.23764,19.524395,2060
16640,r3i1p1f1,2060,07,23,0.0,38.127678,19.217093,2060
16641,r3i1p1f1,2060,07,24,0.0,37.99442,19.068336,2060
16642,r3i1p1f1,2060,07,25,0.0,37.983433,18.353872,2060
16643,r3i1p1f1,2060,07,26,0.0,37.603237,18.814817,2060
16644,r3i1p1f1,2060,07,27,0.0,36.632442,17.899427,2060
16645,r3i1p1f1,2060,07,28,0.0,34.826195,16.693207,2060
16646,r3i1p1f1,2060,07,29,0.0,34.739082,17.003325,2060
16647,r3i1p1f1,2060,07,30,0.0,36.17124,18.068323,2060
16648,r3i1p1f1,2060,07,31,0.0,37.36824,19.264091,2060
16649,r3i1p1f1,2060,08,01,0.0,38.298855,19.762972,2060
16650,r3i1p1f1,2060,08,02,0.0,38.882107,20.303495,2060
16651,r3i1p1f1,2060,08,03,0.0,39.26469,19.510832,2060
16652,r3i1p1f1,2060,08,04,0.0036565680938744636,39.985386,19.531351,2060
16653,r3i1p1f1,2060,08,05,0.0,39.798737,20.738993,2060
16654,r3i1p1f1,2060,08,06,0.04655036831867288,34.230453,20.79853,2060
16655,r3i1p1f1,2060,08,07,0.00031500320994492733,35.561287,18.780973,2060
16656,r3i1p1f1,2060,08,08,0.0,35.415672,18.712181,2060
16657,r3i1p1f1,2060,08,09,0.0,34.570053,17.69637,2060
16658,r3i1p1f1,2060,08,10,0.002073366971065601,34.34746,16.739334,2060
16659,r3i1p1f1,2060,08,11,0.0,32.545826,16.413145,2060
16660,r3i1p1f1,2060,08,12,0.0,31.44993,16.230444,2060
16661,r3i1p1f1,2060,08,13,0.0,30.26379,13.6133995,2060
16662,r3i1p1f1,2060,08,14,0.0,28.982601,11.807206,2060
16663,r3i1p1f1,2060,08,15,0.0,28.87156,12.240231,2060
16664,r3i1p1f1,2060,08,16,0.0,28.410992,13.100451,2060
16665,r3i1p1f1,2060,08,17,0.0,29.444868,13.505652,2060
16666,r3i1p1f1,2060,08,18,0.0,30.854538,14.6853895,2060
16667,r3i1p1f1,2060,08,19,0.0,31.41511,14.63109,2060
16668,r3i1p1f1,2060,08,20,0.0,33.176346,14.547461,2060
16669,r3i1p1f1,2060,08,21,0.0,33.42748,15.405131,2060
16670,r3i1p1f1,2060,08,22,0.0,32.699387,15.60786,2060
16671,r3i1p1f1,2060,08,23,0.0,31.459003,14.418355,2060
16672,r3i1p1f1,2060,08,24,0.0,32.35352,14.733888,2060
16673,r3i1p1f1,2060,08,25,0.0,30.857492,14.275054,2060
16674,r3i1p1f1,2060,08,26,0.0023520347013166456,30.591347,13.863443,2060
16675,r3i1p1f1,2060,08,27,0.016379630771663153,31.84704,16.526583,2060
16676,r3i1p1f1,2060,08,28,0.0016443539326163855,32.694233,15.146437,2060
16677,r3i1p1f1,2060,08,29,0.0,32.092934,14.258931,2060
16678,r3i1p1f1,2060,08,30,0.0,34.688972,18.213469,2060
16679,r3i1p1f1,2060,08,31,0.0,36.242073,17.167397,2060
16680,r3i1p1f1,2060,09,01,0.0,36.313988,18.722559,2060
16681,r3i1p1f1,2060,09,02,0.0,36.12101,18.216469,2060
16682,r3i1p1f1,2060,09,03,0.0,35.612053,18.160652,2060
16683,r3i1p1f1,2060,09,04,0.0,33.476692,16.356201,2060
16684,r3i1p1f1,2060,09,05,0.0,31.622808,15.196222,2060
16685,r3i1p1f1,2060,09,06,0.0,31.113556,14.212066,2060
16686,r3i1p1f1,2060,09,07,0.0,32.152237,14.962378,2060
16687,r3i1p1f1,2060,09,08,0.0,33.216373,15.358353,2060
16688,r3i1p1f1,2060,09,09,0.0,33.699272,16.32926,2060
16689,r3i1p1f1,2060,09,10,0.0,33.61887,15.935918,2060
16690,r3i1p1f1,2060,09,11,0.0,34.11109,17.044767,2060
16691,r3i1p1f1,2060,09,12,0.0,34.877472,20.076292,2060
16692,r3i1p1f1,2060,09,13,0.0033162276359331427,34.820007,17.737272,2060
16693,r3i1p1f1,2060,09,14,0.0,33.389263,18.22577,2060
16694,r3i1p1f1,2060,09,15,0.0,32.287098,14.246311,2060
16695,r3i1p1f1,2060,09,16,0.0,32.008568,16.756872,2060
16696,r3i1p1f1,2060,09,17,0.0,34.086716,18.261578,2060
16697,r3i1p1f1,2060,09,18,0.0,33.17263,16.02453,2060
16698,r3i1p1f1,2060,09,19,0.0,30.41749,16.09409,2060
16699,r3i1p1f1,2060,09,20,0.0,28.17329,13.688496,2060
16700,r3i1p1f1,2060,09,21,0.0,24.337048,10.466812,2060
16701,r3i1p1f1,2060,09,22,0.0,23.53097,9.81673,2060
16702,r3i1p1f1,2060,09,23,0.0,27.532183,11.506997,2060
16703,r3i1p1f1,2060,09,24,0.0,32.067722,14.85053,2060
16704,r3i1p1f1,2060,09,25,0.0,33.449833,16.13425,2060
16705,r3i1p1f1,2060,09,26,0.0,31.369522,15.133779,2060
16706,r3i1p1f1,2060,09,27,0.0,31.655128,15.075279,2060
16707,r3i1p1f1,2060,09,28,0.0,33.27214,16.526785,2060
16708,r3i1p1f1,2060,09,29,0.0,34.097454,16.568802,2060
16709,r3i1p1f1,2060,09,30,0.0,33.86213,16.555107,2060
16710,r3i1p1f1,2060,10,01,0.0,33.234547,16.062052,2060
16711,r3i1p1f1,2060,10,02,0.0,31.504805,16.116796,2060
16712,r3i1p1f1,2060,10,03,0.0,29.176613,12.092036,2060
16713,r3i1p1f1,2060,10,04,0.025434605071716236,29.548088,11.900878,2060
16714,r3i1p1f1,2060,10,05,0.0,31.796345,15.298033,2060
16715,r3i1p1f1,2060,10,06,0.031711724480952726,34.392555,17.180878,2060
16716,r3i1p1f1,2060,10,07,0.10440768018738847,35.04927,18.300262,2060
16717,r3i1p1f1,2060,10,08,0.5010172764454954,34.79463,18.442553,2060
16718,r3i1p1f1,2060,10,09,0.0,34.016045,17.354628,2060
16719,r3i1p1f1,2060,10,10,0.05109966098450858,32.75639,18.02489,2060
16720,r3i1p1f1,2060,10,11,0.934775747706281,30.471045,16.23165,2060
16721,r3i1p1f1,2060,10,12,0.7677795517387991,30.084463,15.666162,2060
16722,r3i1p1f1,2060,10,13,0.05090802972324926,30.437458,15.143245,2060
16723,r3i1p1f1,2060,10,14,0.08457430715983112,31.362518,15.865496,2060
16724,r3i1p1f1,2060,10,15,0.0,33.726093,16.761,2060
16725,r3i1p1f1,2060,10,16,0.0,34.058838,17.172316,2060
16726,r3i1p1f1,2060,10,17,0.0,32.00026,15.283867,2060
16727,r3i1p1f1,2060,10,18,0.0,29.82774,13.481455,2060
16728,r3i1p1f1,2060,10,19,0.0,31.81345,15.241596,2060
16729,r3i1p1f1,2060,10,20,0.0,31.919998,15.575344,2060
16730,r3i1p1f1,2060,10,21,0.0,28.54897,13.009347,2060
16731,r3i1p1f1,2060,10,22,0.0,25.135551,11.808351,2060
16732,r3i1p1f1,2060,10,23,0.0,26.999422,11.930678,2060
16733,r3i1p1f1,2060,10,24,0.0,31.452217,15.119481,2060
16734,r3i1p1f1,2060,10,25,0.0,32.727398,16.119846,2060
16735,r3i1p1f1,2060,10,26,0.0,30.971626,14.429319,2060
16736,r3i1p1f1,2060,10,27,0.13051178807059347,26.469526,9.884727,2060
16737,r3i1p1f1,2060,10,28,11.34576288578859,19.911818,9.259765,2060
16738,r3i1p1f1,2060,10,29,0.0,17.142067,4.0620966,2060
16739,r3i1p1f1,2060,10,30,21.129036828620663,18.244669,7.2771087,2060
16740,r3i1p1f1,2060,10,31,8.763324268390782,11.864374,5.3244224,2060
16741,r3i1p1f1,2060,11,01,0.05313167101562475,11.874984,1.4121482,2060
16742,r3i1p1f1,2060,11,02,0.0,15.948264,3.300744,2060
16743,r3i1p1f1,2060,11,03,0.0,17.241014,5.1788154,2060
16744,r3i1p1f1,2060,11,04,0.0,19.259779,6.6696362,2060
16745,r3i1p1f1,2060,11,05,0.0,20.825726,8.352664,2060
16746,r3i1p1f1,2060,11,06,0.0,21.480019,9.260779,2060
16747,r3i1p1f1,2060,11,07,0.0,20.794004,8.767498,2060
16748,r3i1p1f1,2060,11,08,0.003770695166718779,19.70567,7.942275,2060
16749,r3i1p1f1,2060,11,09,0.13223387886572516,18.103598,7.9939237,2060
16750,r3i1p1f1,2060,11,10,0.0,17.791359,5.104064,2060
16751,r3i1p1f1,2060,11,11,0.0,17.799402,7.122607,2060
16752,r3i1p1f1,2060,11,12,0.5968059444090944,19.03961,9.041543,2060
16753,r3i1p1f1,2060,11,13,0.49313297868833794,17.252644,5.646926,2060
16754,r3i1p1f1,2060,11,14,0.0,17.279076,5.132527,2060
16755,r3i1p1f1,2060,11,15,0.0,18.915201,6.227305,2060
16756,r3i1p1f1,2060,11,16,0.0,19.099663,6.504103,2060
16757,r3i1p1f1,2060,11,17,0.7954112733783735,19.37281,8.3927765,2060
16758,r3i1p1f1,2060,11,18,4.8263730214902845,16.724916,8.79496,2060
16759,r3i1p1f1,2060,11,19,2.12537318821529,16.303253,6.4105825,2060
16760,r3i1p1f1,2060,11,20,0.05976519290573957,16.014286,4.5415134,2060
16761,r3i1p1f1,2060,11,21,4.6935162171416085,17.15189,6.535972,2060
16762,r3i1p1f1,2060,11,22,4.430700943084441,15.570438,5.825087,2060
16763,r3i1p1f1,2060,11,23,0.703587923860389,14.074782,4.3172,2060
16764,r3i1p1f1,2060,11,24,0.0,14.8631735,2.604445,2060
16765,r3i1p1f1,2060,11,25,0.0,15.054244,3.5436103,2060
16766,r3i1p1f1,2060,11,26,0.0,18.629734,5.433857,2060
16767,r3i1p1f1,2060,11,27,0.0,18.905478,6.3252444,2060
16768,r3i1p1f1,2060,11,28,0.0,17.380167,6.4956837,2060
16769,r3i1p1f1,2060,11,29,0.0,16.67055,5.9551024,2060
16770,r3i1p1f1,2060,11,30,0.0,16.96384,3.313866,2060
16771,r3i1p1f1,2060,12,01,0.008757944839696089,15.962154,3.8527808,2060
16772,r3i1p1f1,2060,12,02,0.16315358633591764,12.371621,1.6074158,2060
16773,r3i1p1f1,2060,12,03,0.0003812117607925426,10.937326,-0.8413065,2060
16774,r3i1p1f1,2060,12,04,0.8164734963942134,10.144981,1.1435935,2060
16775,r3i1p1f1,2060,12,05,0.7177026437309244,8.395166,-0.72208875,2060
16776,r3i1p1f1,2060,12,06,0.0,9.42994,-3.1307926,2060
16777,r3i1p1f1,2060,12,07,0.0,13.41096,-0.09392931,2060
16778,r3i1p1f1,2060,12,08,0.0,15.587121,2.046094,2060
16779,r3i1p1f1,2060,12,09,0.0,15.575214,2.2525907,2060
16780,r3i1p1f1,2060,12,10,0.0,14.605782,1.7682126,2060
16781,r3i1p1f1,2060,12,11,0.0,13.121459,1.2507104,2060
16782,r3i1p1f1,2060,12,12,0.0,11.224666,-2.3313217,2060
16783,r3i1p1f1,2060,12,13,0.0,10.07682,-2.880681,2060
16784,r3i1p1f1,2060,12,14,0.0,8.913047,-3.0898945,2060
16785,r3i1p1f1,2060,12,15,0.0,6.705859,-4.361385,2060
16786,r3i1p1f1,2060,12,16,0.0,8.337847,-5.416704,2060
16787,r3i1p1f1,2060,12,17,0.24733852552537539,6.3967266,-3.5007122,2060
16788,r3i1p1f1,2060,12,18,8.257831625209098,5.6537557,-3.8145823,2060
16789,r3i1p1f1,2060,12,19,10.997363179582008,11.725854,2.993943,2060
16790,r3i1p1f1,2060,12,20,0.34371804591280647,14.187494,6.224944,2060
16791,r3i1p1f1,2060,12,21,0.47263144901383686,13.598648,3.7181563,2060
16792,r3i1p1f1,2060,12,22,0.011707742585603035,6.272158,-6.1446095,2060
16793,r3i1p1f1,2060,12,23,3.053526027841585,3.386034,-5.349318,2060
16794,r3i1p1f1,2060,12,24,20.173518033332197,4.4571705,-3.9551158,2060
16795,r3i1p1f1,2060,12,25,0.6689337369232706,3.7371054,-4.1960883,2060
16796,r3i1p1f1,2060,12,26,0.0,5.182732,-6.472813,2060
16797,r3i1p1f1,2060,12,27,9.773367271116127,6.235096,-2.3523896,2060
16798,r3i1p1f1,2060,12,28,29.15507947572747,14.210658,0.8681842,2060
16799,r3i1p1f1,2060,12,29,3.3247594889756082,14.742572,5.499453,2060
16800,r3i1p1f1,2060,12,30,0.06574265436608005,13.094028,4.2283964,2060
16801,r3i1p1f1,2060,12,31,0.0,13.145693,0.04659343,2060
16802,r3i1p1f1,2061,01,01,0.0006296598461851703,13.317043,1.1444299,2061
16803,r3i1p1f1,2061,01,02,0.4702919461432788,12.451494,6.1490407,2061
16804,r3i1p1f1,2061,01,03,0.0,12.576936,2.233719,2061
16805,r3i1p1f1,2061,01,04,0.0,13.588203,-0.19814779,2061
16806,r3i1p1f1,2061,01,05,0.0,14.157574,1.646797,2061
16807,r3i1p1f1,2061,01,06,0.0,17.140875,2.976705,2061
16808,r3i1p1f1,2061,01,07,0.0,19.02273,4.407175,2061
16809,r3i1p1f1,2061,01,08,0.0,17.388128,4.410919,2061
16810,r3i1p1f1,2061,01,09,15.027983390105378,14.529251,4.177287,2061
16811,r3i1p1f1,2061,01,10,2.3051719001501403,9.132148,1.9230026,2061
16812,r3i1p1f1,2061,01,11,0.0,8.681514,-1.4855841,2061
16813,r3i1p1f1,2061,01,12,0.0,10.875052,-4.2987533,2061
16814,r3i1p1f1,2061,01,13,0.0,8.897922,-3.431589,2061
16815,r3i1p1f1,2061,01,14,0.0015425720343817816,9.355815,-2.604314,2061
16816,r3i1p1f1,2061,01,15,0.0,11.865559,-2.1115315,2061
16817,r3i1p1f1,2061,01,16,0.0,15.17965,0.70849264,2061
16818,r3i1p1f1,2061,01,17,0.0,17.119991,2.389228,2061
16819,r3i1p1f1,2061,01,18,0.3946445374632193,15.224481,3.1621134,2061
16820,r3i1p1f1,2061,01,19,6.000189088727259,10.604285,2.310348,2061
16821,r3i1p1f1,2061,01,20,0.9599036917312663,8.849351,-0.14165373,2061
16822,r3i1p1f1,2061,01,21,0.0,8.373037,-1.4512403,2061
16823,r3i1p1f1,2061,01,22,0.01793541625815895,10.284364,-2.997627,2061
16824,r3i1p1f1,2061,01,23,0.02878699208271097,10.063944,-1.9449644,2061
16825,r3i1p1f1,2061,01,24,0.0,9.703871,-1.849092,2061
16826,r3i1p1f1,2061,01,25,0.0,10.61717,0.44720608,2061
16827,r3i1p1f1,2061,01,26,0.0,13.158977,0.09206387,2061
16828,r3i1p1f1,2061,01,27,0.0,12.090569,-0.535051,2061
16829,r3i1p1f1,2061,01,28,0.0,13.404733,-2.1864004,2061
16830,r3i1p1f1,2061,01,29,0.24718414329099964,13.083726,2.5880086,2061
16831,r3i1p1f1,2061,01,30,0.5308181945336842,12.864501,2.3725135,2061
16832,r3i1p1f1,2061,01,31,2.565647717920277,14.583176,3.8793797,2061
16833,r3i1p1f1,2061,02,01,0.0,16.421373,2.354114,2061
16834,r3i1p1f1,2061,02,02,0.0,17.497972,3.382224,2061
16835,r3i1p1f1,2061,02,03,0.0,18.486769,4.214042,2061
16836,r3i1p1f1,2061,02,04,0.0,19.44592,5.0482755,2061
16837,r3i1p1f1,2061,02,05,0.0,19.162666,4.4634285,2061
16838,r3i1p1f1,2061,02,06,0.0,18.477016,4.4984174,2061
16839,r3i1p1f1,2061,02,07,0.0,18.935898,4.582297,2061
16840,r3i1p1f1,2061,02,08,0.0,20.587667,4.871274,2061
16841,r3i1p1f1,2061,02,09,0.0,21.321388,5.8408775,2061
16842,r3i1p1f1,2061,02,10,0.0,21.442286,5.4363666,2061
16843,r3i1p1f1,2061,02,11,0.0,22.527332,5.8667173,2061
16844,r3i1p1f1,2061,02,12,0.0,22.349289,6.1837897,2061
16845,r3i1p1f1,2061,02,13,0.0,22.539791,7.9006104,2061
16846,r3i1p1f1,2061,02,14,0.0,21.787142,5.4012504,2061
16847,r3i1p1f1,2061,02,15,0.0,20.952518,4.3759346,2061
16848,r3i1p1f1,2061,02,16,0.11281903815512179,19.588905,5.6720924,2061
16849,r3i1p1f1,2061,02,17,0.22006090393309327,15.778905,1.3011231,2061
16850,r3i1p1f1,2061,02,18,1.3314382413233088,13.608744,0.1620036,2061
16851,r3i1p1f1,2061,02,19,0.0713601299040337,15.139299,0.2178129,2061
16852,r3i1p1f1,2061,02,20,0.16053713805935,14.029289,1.764633,2061
16853,r3i1p1f1,2061,02,21,0.28165007585619495,16.72831,0.63987494,2061
16854,r3i1p1f1,2061,02,22,0.0,19.02943,1.4182929,2061
16855,r3i1p1f1,2061,02,23,0.0,18.603378,1.6142713,2061
16856,r3i1p1f1,2061,02,24,0.0,16.772324,3.5251935,2061
16857,r3i1p1f1,2061,02,25,0.00012477726682625485,17.728613,3.0994134,2061
16858,r3i1p1f1,2061,02,26,0.0,18.34232,3.1575618,2061
16859,r3i1p1f1,2061,02,27,0.0,19.044003,3.4221044,2061
16860,r3i1p1f1,2061,02,28,0.0,22.370735,5.84372,2061
16861,r3i1p1f1,2061,03,01,0.0,25.05342,4.119386,2061
16862,r3i1p1f1,2061,03,02,0.0,24.970657,5.8790145,2061
16863,r3i1p1f1,2061,03,03,0.0,22.025204,3.012674,2061
16864,r3i1p1f1,2061,03,04,0.0,20.281538,1.2741879,2061
16865,r3i1p1f1,2061,03,05,0.0,20.16989,0.07321583,2061
16866,r3i1p1f1,2061,03,06,0.085459491298631,19.491156,1.1581516,2061
16867,r3i1p1f1,2061,03,07,5.030660311773924,16.411367,1.42773,2061
16868,r3i1p1f1,2061,03,08,0.005408475126111598,15.560637,0.8733274,2061
16869,r3i1p1f1,2061,03,09,0.03828488330658398,14.773601,-0.4894124,2061
16870,r3i1p1f1,2061,03,10,0.003562439268342022,15.018903,-1.042131,2061
16871,r3i1p1f1,2061,03,11,0.0,20.372353,1.2783266,2061
16872,r3i1p1f1,2061,03,12,0.0,22.596497,4.361646,2061
16873,r3i1p1f1,2061,03,13,0.0,23.571728,4.1678853,2061
16874,r3i1p1f1,2061,03,14,0.0,24.717424,5.5082245,2061
16875,r3i1p1f1,2061,03,15,0.0,24.162899,5.6313705,2061
16876,r3i1p1f1,2061,03,16,0.0,22.750431,5.1967874,2061
16877,r3i1p1f1,2061,03,17,0.0030015107900412245,21.534895,5.2889075,2061
16878,r3i1p1f1,2061,03,18,0.024055535759544,19.687706,3.8070922,2061
16879,r3i1p1f1,2061,03,19,3.204192718399237e-05,17.252728,-0.33220574,2061
16880,r3i1p1f1,2061,03,20,0.018248379028040235,21.046814,4.3300896,2061
16881,r3i1p1f1,2061,03,21,0.0,25.248133,6.0827837,2061
16882,r3i1p1f1,2061,03,22,0.48656043663262,24.322912,5.9199076,2061
16883,r3i1p1f1,2061,03,23,0.794919855426556,18.914188,5.2676053,2061
16884,r3i1p1f1,2061,03,24,0.0,22.595757,4.0815935,2061
16885,r3i1p1f1,2061,03,25,0.0,24.750757,5.7275863,2061
16886,r3i1p1f1,2061,03,26,0.0,26.183306,6.82411,2061
16887,r3i1p1f1,2061,03,27,0.0,28.118431,8.303169,2061
16888,r3i1p1f1,2061,03,28,0.0,28.33387,9.151897,2061
16889,r3i1p1f1,2061,03,29,0.0,27.78564,7.9788895,2061
16890,r3i1p1f1,2061,03,30,0.0,27.255213,8.131696,2061
16891,r3i1p1f1,2061,03,31,0.0,26.940302,8.040227,2061
16892,r3i1p1f1,2061,04,01,0.0,25.27944,6.057724,2061
16893,r3i1p1f1,2061,04,02,0.0,27.615536,8.524019,2061
16894,r3i1p1f1,2061,04,03,0.0,27.561575,8.421599,2061
16895,r3i1p1f1,2061,04,04,0.0,29.770054,9.81939,2061
16896,r3i1p1f1,2061,04,05,0.0,29.303598,9.835236,2061
16897,r3i1p1f1,2061,04,06,0.07908287962588172,24.010992,6.2425127,2061
16898,r3i1p1f1,2061,04,07,0.0,22.320925,3.693488,2061
16899,r3i1p1f1,2061,04,08,0.0,26.939241,7.033037,2061
16900,r3i1p1f1,2061,04,09,0.0,29.087206,9.051905,2061
16901,r3i1p1f1,2061,04,10,0.0,28.57803,8.591054,2061
16902,r3i1p1f1,2061,04,11,0.0,28.486467,9.252578,2061
16903,r3i1p1f1,2061,04,12,0.0,27.251564,7.207485,2061
16904,r3i1p1f1,2061,04,13,0.0,27.19946,6.8208685,2061
16905,r3i1p1f1,2061,04,14,0.0,28.408094,7.825263,2061
16906,r3i1p1f1,2061,04,15,0.0,27.970005,7.840483,2061
16907,r3i1p1f1,2061,04,16,0.012860091078574911,24.389376,5.4856577,2061
16908,r3i1p1f1,2061,04,17,0.0,25.910402,4.4761367,2061
16909,r3i1p1f1,2061,04,18,0.5079097749650386,24.679682,5.2474055,2061
16910,r3i1p1f1,2061,04,19,19.855010506814295,19.647076,5.5730605,2061
16911,r3i1p1f1,2061,04,20,9.384617749424663,17.480927,5.7080526,2061
16912,r3i1p1f1,2061,04,21,19.267295414399335,16.313461,6.205617,2061
16913,r3i1p1f1,2061,04,22,0.9673583909049436,16.161314,2.7406209,2061
16914,r3i1p1f1,2061,04,23,0.0,20.63963,3.7064722,2061
16915,r3i1p1f1,2061,04,24,0.004435979591851885,20.91976,5.390462,2061
16916,r3i1p1f1,2061,04,25,3.5137198242459404,17.733797,3.279435,2061
16917,r3i1p1f1,2061,04,26,1.1470431967675474,14.727297,0.7779104,2061
16918,r3i1p1f1,2061,04,27,0.0,19.42073,4.306868,2061
16919,r3i1p1f1,2061,04,28,0.06743095159022645,23.7943,8.10417,2061
16920,r3i1p1f1,2061,04,29,0.5237524070517711,22.74573,7.431706,2061
16921,r3i1p1f1,2061,04,30,0.07057188205318667,21.732958,7.3882346,2061
16922,r3i1p1f1,2061,05,01,0.0,24.167845,6.7983146,2061
16923,r3i1p1f1,2061,05,02,0.0,26.8627,8.384991,2061
16924,r3i1p1f1,2061,05,03,0.0,27.280457,10.313994,2061
16925,r3i1p1f1,2061,05,04,0.0,28.558445,10.452141,2061
16926,r3i1p1f1,2061,05,05,0.0,30.129816,11.055571,2061
16927,r3i1p1f1,2061,05,06,0.0,30.966516,11.763538,2061
16928,r3i1p1f1,2061,05,07,0.0,30.80908,12.040394,2061
16929,r3i1p1f1,2061,05,08,0.0,25.76861,6.893571,2061
16930,r3i1p1f1,2061,05,09,0.013628873769476108,21.596886,5.4233065,2061
16931,r3i1p1f1,2061,05,10,0.0001908943522721529,21.414366,3.35644,2061
16932,r3i1p1f1,2061,05,11,0.0,25.636675,6.401667,2061
16933,r3i1p1f1,2061,05,12,0.0,27.098804,6.9893384,2061
16934,r3i1p1f1,2061,05,13,0.0,25.414219,7.733013,2061
16935,r3i1p1f1,2061,05,14,0.546690559578675,18.67233,4.023342,2061
16936,r3i1p1f1,2061,05,15,0.00249907140228474,19.177496,0.9622742,2061
16937,r3i1p1f1,2061,05,16,0.0,22.356956,3.0031238,2061
16938,r3i1p1f1,2061,05,17,0.000833424697206779,21.474928,3.3828945,2061
16939,r3i1p1f1,2061,05,18,0.0003537028114254953,21.529432,4.670581,2061
16940,r3i1p1f1,2061,05,19,0.0,27.243013,7.145872,2061
16941,r3i1p1f1,2061,05,20,0.0,26.41081,8.158263,2061
16942,r3i1p1f1,2061,05,21,0.0,26.215439,7.8278794,2061
16943,r3i1p1f1,2061,05,22,0.0,27.395782,7.6525965,2061
16944,r3i1p1f1,2061,05,23,0.0,27.876194,8.625117,2061
16945,r3i1p1f1,2061,05,24,0.0,28.944546,9.043648,2061
16946,r3i1p1f1,2061,05,25,0.22972855785734614,28.414953,12.160098,2061
16947,r3i1p1f1,2061,05,26,0.0,27.669538,9.252259,2061
16948,r3i1p1f1,2061,05,27,0.0,26.501732,8.523174,2061
16949,r3i1p1f1,2061,05,28,0.0,24.434381,7.5998263,2061
16950,r3i1p1f1,2061,05,29,0.0,24.055454,7.0574307,2061
16951,r3i1p1f1,2061,05,30,0.0,28.023159,9.793996,2061
16952,r3i1p1f1,2061,05,31,0.0,31.732765,12.459659,2061
16953,r3i1p1f1,2061,06,01,0.0,32.761314,14.264684,2061
16954,r3i1p1f1,2061,06,02,0.0,31.456661,13.148066,2061
16955,r3i1p1f1,2061,06,03,0.0,30.178473,13.567984,2061
16956,r3i1p1f1,2061,06,04,0.0,28.704407,11.605357,2061
16957,r3i1p1f1,2061,06,05,0.0,28.048626,10.728435,2061
16958,r3i1p1f1,2061,06,06,0.0,26.620968,8.74465,2061
16959,r3i1p1f1,2061,06,07,0.0,23.834223,7.54032,2061
16960,r3i1p1f1,2061,06,08,0.0,24.672104,8.061324,2061
16961,r3i1p1f1,2061,06,09,0.0,29.155977,10.432257,2061
16962,r3i1p1f1,2061,06,10,0.0,30.355787,11.599074,2061
16963,r3i1p1f1,2061,06,11,0.0,30.795755,13.12243,2061
16964,r3i1p1f1,2061,06,12,0.0,31.16734,14.236622,2061
16965,r3i1p1f1,2061,06,13,0.0,33.506638,16.72361,2061
16966,r3i1p1f1,2061,06,14,0.0,35.342545,17.2295,2061
16967,r3i1p1f1,2061,06,15,0.0,34.588108,15.79271,2061
16968,r3i1p1f1,2061,06,16,0.0,32.302338,14.288578,2061
16969,r3i1p1f1,2061,06,17,0.0,32.783546,15.290986,2061
16970,r3i1p1f1,2061,06,18,0.0,31.746668,15.591185,2061
16971,r3i1p1f1,2061,06,19,0.0,30.069006,12.614248,2061
16972,r3i1p1f1,2061,06,20,0.0,35.45557,17.024094,2061
16973,r3i1p1f1,2061,06,21,0.0,38.610107,19.582914,2061
16974,r3i1p1f1,2061,06,22,0.0,39.072315,19.254639,2061
16975,r3i1p1f1,2061,06,23,0.0,39.28942,19.52563,2061
16976,r3i1p1f1,2061,06,24,0.8717646600879644,37.72209,21.561855,2061
16977,r3i1p1f1,2061,06,25,2.4160457022367843,37.605453,20.0308,2061
16978,r3i1p1f1,2061,06,26,0.05882858625792516,38.58232,20.237818,2061
16979,r3i1p1f1,2061,06,27,0.014343638648631784,35.442207,17.874628,2061
16980,r3i1p1f1,2061,06,28,0.0,33.5579,14.972773,2061
16981,r3i1p1f1,2061,06,29,0.0023310442426891036,36.52935,17.164717,2061
16982,r3i1p1f1,2061,06,30,0.0,37.32372,18.657684,2061
16983,r3i1p1f1,2061,07,01,0.0,35.824116,17.273783,2061
16984,r3i1p1f1,2061,07,02,0.0,33.82374,15.779837,2061
16985,r3i1p1f1,2061,07,03,0.0,36.14904,16.480541,2061
16986,r3i1p1f1,2061,07,04,0.0,36.1104,16.914564,2061
16987,r3i1p1f1,2061,07,05,0.0,35.654114,16.51984,2061
16988,r3i1p1f1,2061,07,06,0.0,34.631317,16.79817,2061
16989,r3i1p1f1,2061,07,07,0.0,33.98437,15.187607,2061
16990,r3i1p1f1,2061,07,08,0.0,27.839651,11.736814,2061
16991,r3i1p1f1,2061,07,09,0.0,27.493582,11.875558,2061
16992,r3i1p1f1,2061,07,10,0.0,30.58421,14.075204,2061
16993,r3i1p1f1,2061,07,11,0.0,33.945637,16.28222,2061
16994,r3i1p1f1,2061,07,12,0.0,37.16846,17.761316,2061
16995,r3i1p1f1,2061,07,13,0.0,37.710396,18.637646,2061
16996,r3i1p1f1,2061,07,14,0.0,39.252197,19.390488,2061
16997,r3i1p1f1,2061,07,15,0.0,41.55969,21.029867,2061
16998,r3i1p1f1,2061,07,16,0.0,41.373867,21.874144,2061
16999,r3i1p1f1,2061,07,17,0.0,40.277298,20.315582,2061
17000,r3i1p1f1,2061,07,18,0.0,37.90462,19.018,2061
17001,r3i1p1f1,2061,07,19,0.7179648291926379,40.074654,20.987347,2061
17002,r3i1p1f1,2061,07,20,0.45916052373341343,43.850822,23.803183,2061
17003,r3i1p1f1,2061,07,21,0.0,43.686687,23.350967,2061
17004,r3i1p1f1,2061,07,22,0.014729664703323082,42.084206,22.134518,2061
17005,r3i1p1f1,2061,07,23,0.0,38.177628,20.443459,2061
17006,r3i1p1f1,2061,07,24,0.0,37.966465,20.096655,2061
17007,r3i1p1f1,2061,07,25,0.0,37.695312,19.260273,2061
17008,r3i1p1f1,2061,07,26,0.0,37.121693,18.77337,2061
17009,r3i1p1f1,2061,07,27,0.0,37.298595,19.781021,2061
17010,r3i1p1f1,2061,07,28,0.0,38.572083,20.719095,2061
17011,r3i1p1f1,2061,07,29,0.0,38.6729,20.243807,2061
17012,r3i1p1f1,2061,07,30,0.0,39.014862,20.585032,2061
17013,r3i1p1f1,2061,07,31,0.0,38.144825,20.32717,2061
17014,r3i1p1f1,2061,08,01,1.0983843135314104,37.636265,18.569233,2061
17015,r3i1p1f1,2061,08,02,0.6669857819327841,37.162186,19.980858,2061
17016,r3i1p1f1,2061,08,03,0.536858910323424,36.387943,20.967731,2061
17017,r3i1p1f1,2061,08,04,0.6848229780558596,37.42688,19.22774,2061
17018,r3i1p1f1,2061,08,05,0.003482554263124863,37.26264,18.133568,2061
17019,r3i1p1f1,2061,08,06,0.0,36.836403,18.009409,2061
17020,r3i1p1f1,2061,08,07,0.0,36.85369,18.779152,2061
17021,r3i1p1f1,2061,08,08,0.0,38.016865,18.869694,2061
17022,r3i1p1f1,2061,08,09,0.0,37.732613,20.621088,2061
17023,r3i1p1f1,2061,08,10,0.004763212301909472,37.049244,20.995178,2061
17024,r3i1p1f1,2061,08,11,0.0,36.92228,18.066135,2061
17025,r3i1p1f1,2061,08,12,0.0,36.3451,18.569475,2061
17026,r3i1p1f1,2061,08,13,0.0,35.575123,18.02238,2061
17027,r3i1p1f1,2061,08,14,0.0,34.83719,17.603985,2061
17028,r3i1p1f1,2061,08,15,0.007212314839390191,35.038044,18.192863,2061
17029,r3i1p1f1,2061,08,16,0.7987006380448513,33.721863,18.092922,2061
17030,r3i1p1f1,2061,08,17,0.3346647031027963,32.45788,16.568792,2061
17031,r3i1p1f1,2061,08,18,0.011960506283988556,33.983692,17.31087,2061
17032,r3i1p1f1,2061,08,19,0.21736914777041724,35.15569,17.932524,2061
17033,r3i1p1f1,2061,08,20,0.19791216613763632,37.555584,18.685953,2061
17034,r3i1p1f1,2061,08,21,0.26507051964224293,37.93612,19.396687,2061
17035,r3i1p1f1,2061,08,22,0.10864896239416505,39.00952,20.107555,2061
17036,r3i1p1f1,2061,08,23,1.173807454395115,37.85474,20.109945,2061
17037,r3i1p1f1,2061,08,24,0.9361455640464555,34.139763,19.416832,2061
17038,r3i1p1f1,2061,08,25,1.2226094516473964,34.798386,18.399256,2061
17039,r3i1p1f1,2061,08,26,0.3197326975042057,37.71339,18.963371,2061
17040,r3i1p1f1,2061,08,27,0.010618958154792022,38.476135,21.547327,2061
17041,r3i1p1f1,2061,08,28,0.09693229104000652,38.583374,21.246868,2061
17042,r3i1p1f1,2061,08,29,0.2954158562792917,37.695217,19.966873,2061
17043,r3i1p1f1,2061,08,30,1.1147356995339082,35.680103,18.631178,2061
17044,r3i1p1f1,2061,08,31,0.020117688364927853,33.70124,16.695082,2061
17045,r3i1p1f1,2061,09,01,0.0,35.60737,18.580593,2061
17046,r3i1p1f1,2061,09,02,0.0,36.402412,18.620865,2061
17047,r3i1p1f1,2061,09,03,0.0,36.459606,18.61895,2061
17048,r3i1p1f1,2061,09,04,0.0,36.306885,18.479658,2061
17049,r3i1p1f1,2061,09,05,0.0,35.329895,17.433119,2061
17050,r3i1p1f1,2061,09,06,0.0,33.499207,15.797715,2061
17051,r3i1p1f1,2061,09,07,0.0,32.4185,15.505973,2061
17052,r3i1p1f1,2061,09,08,0.0,31.614794,16.405844,2061
17053,r3i1p1f1,2061,09,09,0.0,33.031036,15.921956,2061
17054,r3i1p1f1,2061,09,10,0.0,31.716232,15.021798,2061
17055,r3i1p1f1,2061,09,11,0.0,34.294094,16.980251,2061
17056,r3i1p1f1,2061,09,12,0.0,35.109077,17.961864,2061
17057,r3i1p1f1,2061,09,13,0.0,33.954018,17.048117,2061
17058,r3i1p1f1,2061,09,14,0.0,32.015106,16.184885,2061
17059,r3i1p1f1,2061,09,15,0.0,30.069494,15.414692,2061
17060,r3i1p1f1,2061,09,16,0.0,27.267862,10.634149,2061
17061,r3i1p1f1,2061,09,17,0.0,29.43777,12.918262,2061
17062,r3i1p1f1,2061,09,18,0.0,32.974346,14.954321,2061
17063,r3i1p1f1,2061,09,19,0.0,33.122066,15.269972,2061
17064,r3i1p1f1,2061,09,20,0.0,31.13317,13.84334,2061
17065,r3i1p1f1,2061,09,21,0.0,29.800684,13.232974,2061
17066,r3i1p1f1,2061,09,22,0.0,29.726067,12.859256,2061
17067,r3i1p1f1,2061,09,23,0.0,27.792946,11.639338,2061
17068,r3i1p1f1,2061,09,24,0.0,27.957684,11.720782,2061
17069,r3i1p1f1,2061,09,25,0.0,30.085726,13.154877,2061
17070,r3i1p1f1,2061,09,26,0.0,32.9184,15.107878,2061
17071,r3i1p1f1,2061,09,27,0.0,34.727524,16.455994,2061
17072,r3i1p1f1,2061,09,28,0.0016669673266623056,36.51728,18.482391,2061
17073,r3i1p1f1,2061,09,29,0.0,35.046093,19.688095,2061
17074,r3i1p1f1,2061,09,30,0.0,28.662502,11.816283,2061
17075,r3i1p1f1,2061,10,01,0.0,21.435139,7.1556945,2061
17076,r3i1p1f1,2061,10,02,0.0,27.464151,10.189152,2061
17077,r3i1p1f1,2061,10,03,0.0,30.489937,13.40722,2061
17078,r3i1p1f1,2061,10,04,0.0,28.422075,14.18247,2061
17079,r3i1p1f1,2061,10,05,0.0,29.202803,12.347665,2061
17080,r3i1p1f1,2061,10,06,0.0,32.69443,15.71068,2061
17081,r3i1p1f1,2061,10,07,0.0,33.645115,15.574941,2061
17082,r3i1p1f1,2061,10,08,0.0,32.45083,14.492911,2061
17083,r3i1p1f1,2061,10,09,2.105686807403937,29.815117,13.479103,2061
17084,r3i1p1f1,2061,10,10,90.4973790989557,23.06262,13.817946,2061
17085,r3i1p1f1,2061,10,11,104.7721848047028,18.257015,9.256672,2061
17086,r3i1p1f1,2061,10,12,2.1267922713522323,16.873346,5.4957447,2061
17087,r3i1p1f1,2061,10,13,0.029587158721617678,18.226055,5.9696336,2061
17088,r3i1p1f1,2061,10,14,0.0,18.887966,6.796457,2061
17089,r3i1p1f1,2061,10,15,0.0,18.353912,6.1433516,2061
17090,r3i1p1f1,2061,10,16,0.21592973406575655,18.604311,7.193079,2061
17091,r3i1p1f1,2061,10,17,18.610409819966385,19.80967,11.479501,2061
17092,r3i1p1f1,2061,10,18,11.049170742728277,16.706951,6.445826,2061
17093,r3i1p1f1,2061,10,19,0.0,15.977399,3.6623802,2061
17094,r3i1p1f1,2061,10,20,0.0,19.417019,6.843921,2061
17095,r3i1p1f1,2061,10,21,0.0,20.879934,8.491649,2061
17096,r3i1p1f1,2061,10,22,0.1259025624180636,19.436502,8.233125,2061
17097,r3i1p1f1,2061,10,23,0.0,20.041912,8.036802,2061
17098,r3i1p1f1,2061,10,24,0.0,21.910046,9.001591,2061
17099,r3i1p1f1,2061,10,25,0.0,20.943983,9.163734,2061
17100,r3i1p1f1,2061,10,26,0.0,21.25507,8.653666,2061
17101,r3i1p1f1,2061,10,27,0.0,21.850561,8.687251,2061
17102,r3i1p1f1,2061,10,28,0.0,23.72378,9.807043,2061
17103,r3i1p1f1,2061,10,29,0.0,23.845802,10.10357,2061
17104,r3i1p1f1,2061,10,30,0.0,23.03091,10.392042,2061
17105,r3i1p1f1,2061,10,31,0.0,23.124823,10.205209,2061
17106,r3i1p1f1,2061,11,01,0.0,23.307901,10.008651,2061
17107,r3i1p1f1,2061,11,02,1.1519239527994312,22.200989,9.777745,2061
17108,r3i1p1f1,2061,11,03,0.13519720313276842,14.548025,3.8635907,2061
17109,r3i1p1f1,2061,11,04,0.13299874997011846,13.732902,3.0476475,2061
17110,r3i1p1f1,2061,11,05,0.0,15.901331,3.270562,2061
17111,r3i1p1f1,2061,11,06,0.0011260707326459162,18.633509,4.812151,2061
17112,r3i1p1f1,2061,11,07,0.0,18.065142,6.2001715,2061
17113,r3i1p1f1,2061,11,08,0.0,19.43329,6.134209,2061
17114,r3i1p1f1,2061,11,09,0.0,19.35105,7.10081,2061
17115,r3i1p1f1,2061,11,10,0.0,24.357954,7.644967,2061
17116,r3i1p1f1,2061,11,11,0.0,26.879408,7.7633266,2061
17117,r3i1p1f1,2061,11,12,0.0,24.012657,9.484902,2061
17118,r3i1p1f1,2061,11,13,15.377780558619909,22.121939,12.051664,2061
17119,r3i1p1f1,2061,11,14,8.48274522136831,13.920553,5.8616443,2061
17120,r3i1p1f1,2061,11,15,0.0005769138453725839,12.511348,1.4880826,2061
17121,r3i1p1f1,2061,11,16,35.84121947169699,14.529443,4.974352,2061
17122,r3i1p1f1,2061,11,17,8.627021898441992,16.119486,7.246102,2061
17123,r3i1p1f1,2061,11,18,0.05524059432818004,13.9855995,3.1190631,2061
17124,r3i1p1f1,2061,11,19,0.00896806527938073,12.365492,1.1510469,2061
17125,r3i1p1f1,2061,11,20,7.177717976770495,10.512377,1.0405598,2061
17126,r3i1p1f1,2061,11,21,2.6586977215789154,9.869666,-0.867288,2061
17127,r3i1p1f1,2061,11,22,0.005541637479892057,8.4219,-2.26223,2061
17128,r3i1p1f1,2061,11,23,0.0028511557188308375,11.369872,-0.45475736,2061
17129,r3i1p1f1,2061,11,24,0.0,12.341768,0.64956564,2061
17130,r3i1p1f1,2061,11,25,8.01930624335441,11.650066,4.11934,2061
17131,r3i1p1f1,2061,11,26,4.441213849835494,13.921701,2.7380853,2061
17132,r3i1p1f1,2061,11,27,1.6105506361010626e-05,13.412493,4.090462,2061
17133,r3i1p1f1,2061,11,28,0.000924885512865854,14.287725,4.583596,2061
17134,r3i1p1f1,2061,11,29,0.0,14.896621,2.3637075,2061
17135,r3i1p1f1,2061,11,30,0.018538300302514635,17.864689,5.2433667,2061
17136,r3i1p1f1,2061,12,01,0.6693519067414744,17.042175,7.5866528,2061
17137,r3i1p1f1,2061,12,02,11.472499197570318,16.781513,10.320314,2061
17138,r3i1p1f1,2061,12,03,19.87158391719938,18.544178,8.649749,2061
17139,r3i1p1f1,2061,12,04,0.014371339612725105,16.943888,7.280375,2061
17140,r3i1p1f1,2061,12,05,0.032803276260093495,15.527273,5.5118194,2061
17141,r3i1p1f1,2061,12,06,8.769428618918138,14.355099,5.738595,2061
17142,r3i1p1f1,2061,12,07,20.365684314773798,13.684829,6.416221,2061
17143,r3i1p1f1,2061,12,08,14.136331367957279,12.649788,5.1435804,2061
17144,r3i1p1f1,2061,12,09,5.37107694127895,11.081615,1.3189644,2061
17145,r3i1p1f1,2061,12,10,0.5153302453902253,8.995612,1.1031067,2061
17146,r3i1p1f1,2061,12,11,1.2280250909514672,12.552572,1.4367813,2061
17147,r3i1p1f1,2061,12,12,0.006796952449914181,13.536838,-0.2365527,2061
17148,r3i1p1f1,2061,12,13,0.008266410661621414,12.581168,1.4228418,2061
17149,r3i1p1f1,2061,12,14,0.0,11.424035,-0.4934001,2061
17150,r3i1p1f1,2061,12,15,0.0,10.662808,2.2964928,2061
17151,r3i1p1f1,2061,12,16,0.00811985259960321,7.395315,-2.9321415,2061
17152,r3i1p1f1,2061,12,17,0.0,6.6283865,-4.251986,2061
17153,r3i1p1f1,2061,12,18,0.001882862751231049,7.82535,-4.039827,2061
17154,r3i1p1f1,2061,12,19,0.0,9.125962,-3.595689,2061
17155,r3i1p1f1,2061,12,20,0.0,11.118047,-2.8329785,2061
17156,r3i1p1f1,2061,12,21,3.2203780209271247,10.021948,0.7336939,2061
17157,r3i1p1f1,2061,12,22,37.48739229349391,14.483478,5.9157715,2061
17158,r3i1p1f1,2061,12,23,6.104038180256436,17.015596,8.958281,2061
17159,r3i1p1f1,2061,12,24,0.03535441019845497,17.021492,7.2983217,2061
17160,r3i1p1f1,2061,12,25,42.089603699313365,15.757579,5.5704484,2061
17161,r3i1p1f1,2061,12,26,4.889831033893146,10.004836,0.5144212,2061
17162,r3i1p1f1,2061,12,27,0.005213912238215209,11.171391,-1.9966545,2061
17163,r3i1p1f1,2061,12,28,0.0,12.1953,1.0968388,2061
17164,r3i1p1f1,2061,12,29,5.01924343015024,11.003293,1.9618897,2061
17165,r3i1p1f1,2061,12,30,19.4516593133625,13.622108,3.441341,2061
17166,r3i1p1f1,2061,12,31,1.6028041560290756,15.658537,7.3340936,2061
17167,r3i1p1f1,2062,01,01,22.307907049172503,15.14545,9.947956,2062
17168,r3i1p1f1,2062,01,02,9.170122214638853,12.585128,0.6665841,2062
17169,r3i1p1f1,2062,01,03,0.00023279462325400814,6.66754,-5.112727,2062
17170,r3i1p1f1,2062,01,04,0.0,6.441088,-5.0984054,2062
17171,r3i1p1f1,2062,01,05,0.0,9.941114,-3.4066138,2062
17172,r3i1p1f1,2062,01,06,0.0,16.05913,1.300296,2062
17173,r3i1p1f1,2062,01,07,0.0,15.703955,1.865353,2062
17174,r3i1p1f1,2062,01,08,0.0,14.721868,1.757855,2062
17175,r3i1p1f1,2062,01,09,0.0,15.46186,2.040749,2062
17176,r3i1p1f1,2062,01,10,0.0,16.26347,2.8578095,2062
17177,r3i1p1f1,2062,01,11,0.0,15.746429,2.1562982,2062
17178,r3i1p1f1,2062,01,12,0.0,13.149151,-0.95309275,2062
17179,r3i1p1f1,2062,01,13,0.0,11.437067,-2.6106408,2062
17180,r3i1p1f1,2062,01,14,0.0,11.094429,-2.310249,2062
17181,r3i1p1f1,2062,01,15,0.0,12.388729,0.12798424,2062
17182,r3i1p1f1,2062,01,16,0.0,15.651435,2.0187163,2062
17183,r3i1p1f1,2062,01,17,0.0,18.690655,4.3574505,2062
17184,r3i1p1f1,2062,01,18,0.0,19.656162,4.968203,2062
17185,r3i1p1f1,2062,01,19,0.0,17.962645,4.7864327,2062
17186,r3i1p1f1,2062,01,20,2.2835753959059897,17.751951,6.4425898,2062
17187,r3i1p1f1,2062,01,21,0.43092163678242096,15.239219,4.4636207,2062
17188,r3i1p1f1,2062,01,22,2.913044525725347,15.500431,4.6639175,2062
17189,r3i1p1f1,2062,01,23,1.3129227988313439,12.850699,1.4939451,2062
17190,r3i1p1f1,2062,01,24,0.013038789408958772,13.044425,-0.27187523,2062
17191,r3i1p1f1,2062,01,25,0.010276407243288828,14.424233,0.7495615,2062
17192,r3i1p1f1,2062,01,26,0.0,15.670629,1.8643034,2062
17193,r3i1p1f1,2062,01,27,0.0,16.877089,2.568607,2062
17194,r3i1p1f1,2062,01,28,0.0,16.275236,2.122303,2062
17195,r3i1p1f1,2062,01,29,0.0,15.772804,2.5164099,2062
17196,r3i1p1f1,2062,01,30,0.02135117946608895,17.444883,5.424231,2062
17197,r3i1p1f1,2062,01,31,0.0,19.189625,7.332253,2062
17198,r3i1p1f1,2062,02,01,0.06378838747685112,18.548481,5.0436044,2062
17199,r3i1p1f1,2062,02,02,0.0,17.686989,4.3174043,2062
17200,r3i1p1f1,2062,02,03,0.0,16.401258,2.579179,2062
17201,r3i1p1f1,2062,02,04,0.0,17.465405,1.9469912,2062
17202,r3i1p1f1,2062,02,05,0.0,19.508299,5.171988,2062
17203,r3i1p1f1,2062,02,06,1.2532184705416898,18.85422,4.63484,2062
17204,r3i1p1f1,2062,02,07,14.665861721970776,15.705263,4.6367803,2062
17205,r3i1p1f1,2062,02,08,3.2801352966877553,14.3743725,4.784221,2062
17206,r3i1p1f1,2062,02,09,0.11947508900475716,13.501496,1.9528195,2062
17207,r3i1p1f1,2062,02,10,0.0,14.837439,0.27392656,2062
17208,r3i1p1f1,2062,02,11,0.0,15.721068,3.1508658,2062
17209,r3i1p1f1,2062,02,12,1.0325676849562584,15.048892,5.471656,2062
17210,r3i1p1f1,2062,02,13,0.41115383226542,14.64126,2.897742,2062
17211,r3i1p1f1,2062,02,14,0.0,15.649113,0.33750218,2062
17212,r3i1p1f1,2062,02,15,0.0,15.773709,0.1503448,2062
17213,r3i1p1f1,2062,02,16,0.0,15.202989,0.09018593,2062
17214,r3i1p1f1,2062,02,17,0.43007688210998435,12.1474905,0.18278116,2062
17215,r3i1p1f1,2062,02,18,0.0,11.90411,-2.816435,2062
17216,r3i1p1f1,2062,02,19,0.11992887875583785,13.458375,-0.2320131,2062
17217,r3i1p1f1,2062,02,20,3.8306443367235428,11.721983,0.96046174,2062
17218,r3i1p1f1,2062,02,21,0.0230256979822033,8.403552,-4.5906677,2062
17219,r3i1p1f1,2062,02,22,0.0,11.11589,-4.7648597,2062
17220,r3i1p1f1,2062,02,23,0.0,13.416567,-2.5698087,2062
17221,r3i1p1f1,2062,02,24,0.0,15.617137,-0.26341397,2062
17222,r3i1p1f1,2062,02,25,0.00792446803781345,15.3405285,-0.4903489,2062
17223,r3i1p1f1,2062,02,26,3.3477755559948545,12.68796,2.4656496,2062
17224,r3i1p1f1,2062,02,27,0.17740703174433403,9.462924,-1.524495,2062
17225,r3i1p1f1,2062,02,28,0.0,13.368693,-0.61453414,2062
17226,r3i1p1f1,2062,03,01,0.0,17.768087,-2.1850624,2062
17227,r3i1p1f1,2062,03,02,0.0,20.280436,1.0575064,2062
17228,r3i1p1f1,2062,03,03,0.0,20.971601,2.6887224,2062
17229,r3i1p1f1,2062,03,04,0.19583179334459241,18.883005,7.7030153,2062
17230,r3i1p1f1,2062,03,05,1.6705235205137632,20.118214,6.6994553,2062
17231,r3i1p1f1,2062,03,06,5.918429746307083,19.434546,6.861702,2062
17232,r3i1p1f1,2062,03,07,6.560968768322764,18.033772,6.2944093,2062
17233,r3i1p1f1,2062,03,08,0.0,23.116951,5.2044897,2062
17234,r3i1p1f1,2062,03,09,0.0,24.570229,7.477144,2062
17235,r3i1p1f1,2062,03,10,0.0,25.391226,8.553874,2062
17236,r3i1p1f1,2062,03,11,0.0,28.109512,9.542265,2062
17237,r3i1p1f1,2062,03,12,0.0,27.283276,8.989263,2062
17238,r3i1p1f1,2062,03,13,1.7604352311247402,21.729675,6.0670977,2062
17239,r3i1p1f1,2062,03,14,4.024011159057044,15.246458,3.8237088,2062
17240,r3i1p1f1,2062,03,15,0.006268426623688411,18.835905,4.155057,2062
17241,r3i1p1f1,2062,03,16,9.913917748494757,17.472216,4.733884,2062
17242,r3i1p1f1,2062,03,17,7.913267485887583,12.655294,5.22434,2062
17243,r3i1p1f1,2062,03,18,0.01555655903234076,14.270277,-1.2022579,2062
17244,r3i1p1f1,2062,03,19,0.0005084403727034277,16.607267,-0.30701074,2062
17245,r3i1p1f1,2062,03,20,21.27872028563147,15.5735655,3.4293542,2062
17246,r3i1p1f1,2062,03,21,15.44118531154571,11.408451,3.264657,2062
17247,r3i1p1f1,2062,03,22,10.663376065136672,10.580582,1.7718513,2062
17248,r3i1p1f1,2062,03,23,0.5047476471918344,13.568718,0.44591203,2062
17249,r3i1p1f1,2062,03,24,0.0,13.448392,-0.39670172,2062
17250,r3i1p1f1,2062,03,25,0.00035009483161213046,16.838896,0.5309849,2062
17251,r3i1p1f1,2062,03,26,0.0017220280344851992,18.156712,3.4993355,2062
17252,r3i1p1f1,2062,03,27,8.685987929559566e-05,19.893515,3.7743108,2062
17253,r3i1p1f1,2062,03,28,8.23499682057776,17.94397,3.198836,2062
17254,r3i1p1f1,2062,03,29,5.609920328142559,13.09301,4.1028852,2062
17255,r3i1p1f1,2062,03,30,5.292949655622854,13.609578,4.7989826,2062
17256,r3i1p1f1,2062,03,31,0.4034575341078876,16.553205,2.6821606,2062
17257,r3i1p1f1,2062,04,01,3.6099306614844617,16.109707,4.4909368,2062
17258,r3i1p1f1,2062,04,02,19.344907164005704,14.396922,5.474229,2062
17259,r3i1p1f1,2062,04,03,13.624393187150638,13.303891,4.0692544,2062
17260,r3i1p1f1,2062,04,04,0.05320241156203503,16.838758,4.322267,2062
17261,r3i1p1f1,2062,04,05,0.0,21.025421,5.507339,2062
17262,r3i1p1f1,2062,04,06,0.26588760934387345,20.172932,5.0295115,2062
17263,r3i1p1f1,2062,04,07,11.023268807206698,17.887766,4.9861026,2062
17264,r3i1p1f1,2062,04,08,0.2345843410699727,20.459991,5.6230297,2062
17265,r3i1p1f1,2062,04,09,0.12357144256411905,22.03222,6.386467,2062
17266,r3i1p1f1,2062,04,10,0.0030739607058366705,24.045135,7.027738,2062
17267,r3i1p1f1,2062,04,11,0.596495682318963,23.884,9.234204,2062
17268,r3i1p1f1,2062,04,12,2.2789587363009063,18.998898,7.196597,2062
17269,r3i1p1f1,2062,04,13,3.2826823845651676,14.180373,2.0057085,2062
17270,r3i1p1f1,2062,04,14,0.5733655866832564,14.814486,1.0543946,2062
17271,r3i1p1f1,2062,04,15,0.08902637504930185,17.32502,0.61968505,2062
17272,r3i1p1f1,2062,04,16,0.13598591382271313,15.619431,4.0718517,2062
17273,r3i1p1f1,2062,04,17,8.087570577022923,12.535606,3.0764885,2062
17274,r3i1p1f1,2062,04,18,0.7876678945471709,13.7186575,0.833005,2062
17275,r3i1p1f1,2062,04,19,3.917385097332072,11.941815,2.261537,2062
17276,r3i1p1f1,2062,04,20,2.595331463299138,12.823795,0.7807146,2062
17277,r3i1p1f1,2062,04,21,3.5083515534499767,11.81799,2.2603602,2062
17278,r3i1p1f1,2062,04,22,0.007698001325920675,15.666898,-0.62816316,2062
17279,r3i1p1f1,2062,04,23,0.0008145523624438229,19.031336,3.366645,2062
17280,r3i1p1f1,2062,04,24,3.2582699291704174,18.716333,2.640581,2062
17281,r3i1p1f1,2062,04,25,16.75466967631523,16.436108,3.5284846,2062
17282,r3i1p1f1,2062,04,26,4.808710167570538,15.908688,3.8742244,2062
17283,r3i1p1f1,2062,04,27,1.9336152640321278,16.346825,6.1773977,2062
17284,r3i1p1f1,2062,04,28,0.17109285145786338,19.682734,7.4619126,2062
17285,r3i1p1f1,2062,04,29,0.005566943295751557,22.11141,7.1920586,2062
17286,r3i1p1f1,2062,04,30,0.08777629234828055,21.845129,7.521809,2062
17287,r3i1p1f1,2062,05,01,0.0,23.239824,7.811397,2062
17288,r3i1p1f1,2062,05,02,0.0,24.365671,8.702263,2062
17289,r3i1p1f1,2062,05,03,0.0,27.92814,10.857545,2062
17290,r3i1p1f1,2062,05,04,0.0,29.561483,13.33608,2062
17291,r3i1p1f1,2062,05,05,0.0,29.60108,13.595937,2062
17292,r3i1p1f1,2062,05,06,0.0,28.430254,10.972514,2062
17293,r3i1p1f1,2062,05,07,0.0,29.46029,11.648514,2062
17294,r3i1p1f1,2062,05,08,0.0,32.210136,13.582016,2062
17295,r3i1p1f1,2062,05,09,0.0,33.145763,13.980361,2062
17296,r3i1p1f1,2062,05,10,0.0,32.584335,13.080831,2062
17297,r3i1p1f1,2062,05,11,0.49851936702687066,28.638548,9.450707,2062
17298,r3i1p1f1,2062,05,12,7.126800813859903,21.012981,5.8185625,2062
17299,r3i1p1f1,2062,05,13,4.2714960297433375,13.9242735,3.3885841,2062
17300,r3i1p1f1,2062,05,14,0.7941020217329038,14.990518,3.2023175,2062
17301,r3i1p1f1,2062,05,15,1.0551544839439553,16.741297,5.858262,2062
17302,r3i1p1f1,2062,05,16,0.7800614311638514,18.441147,4.749974,2062
17303,r3i1p1f1,2062,05,17,0.09201838111039251,20.132553,3.3790572,2062
17304,r3i1p1f1,2062,05,18,0.7089784797746247,18.299635,4.245672,2062
17305,r3i1p1f1,2062,05,19,0.09614786780509872,21.52955,5.973024,2062
17306,r3i1p1f1,2062,05,20,0.034667715557258234,26.29185,8.836548,2062
17307,r3i1p1f1,2062,05,21,0.0,28.62514,11.064715,2062
17308,r3i1p1f1,2062,05,22,0.0,32.377983,13.242796,2062
17309,r3i1p1f1,2062,05,23,0.0,31.94013,13.312717,2062
17310,r3i1p1f1,2062,05,24,0.0,24.746504,6.241298,2062
17311,r3i1p1f1,2062,05,25,0.18031491969436916,18.843512,4.5177627,2062
17312,r3i1p1f1,2062,05,26,0.0027958083030005746,22.896177,5.9844027,2062
17313,r3i1p1f1,2062,05,27,0.0,28.162033,10.270071,2062
17314,r3i1p1f1,2062,05,28,0.011929589461281219,28.50283,10.725801,2062
17315,r3i1p1f1,2062,05,29,0.0,27.778788,10.227471,2062
17316,r3i1p1f1,2062,05,30,0.0,26.360123,9.518358,2062
17317,r3i1p1f1,2062,05,31,0.0029450395342075462,25.966919,8.382755,2062
17318,r3i1p1f1,2062,06,01,0.03971179476304149,27.233341,9.810264,2062
17319,r3i1p1f1,2062,06,02,0.0042363344850441945,27.150255,10.711916,2062
17320,r3i1p1f1,2062,06,03,0.9254270684279177,26.69652,10.760127,2062
17321,r3i1p1f1,2062,06,04,2.2895551461657635,24.04889,8.799625,2062
17322,r3i1p1f1,2062,06,05,1.0769385566747973,23.760992,8.507117,2062
17323,r3i1p1f1,2062,06,06,0.1420431329262845,24.678055,8.825953,2062
17324,r3i1p1f1,2062,06,07,0.022668976420060393,27.375008,9.622815,2062
17325,r3i1p1f1,2062,06,08,0.0,27.504051,9.875388,2062
17326,r3i1p1f1,2062,06,09,0.014135459416799924,25.494661,8.232333,2062
17327,r3i1p1f1,2062,06,10,0.03947000537829643,21.965673,7.862449,2062
17328,r3i1p1f1,2062,06,11,0.053567437306893145,24.126858,9.64494,2062
17329,r3i1p1f1,2062,06,12,0.007383492316655589,27.34061,10.394832,2062
17330,r3i1p1f1,2062,06,13,0.5227116186517489,27.090693,12.36559,2062
17331,r3i1p1f1,2062,06,14,0.4219183306453157,27.694584,11.408234,2062
17332,r3i1p1f1,2062,06,15,0.2734771737772407,30.67043,13.9344225,2062
17333,r3i1p1f1,2062,06,16,0.02026539190079678,33.978283,16.257156,2062
17334,r3i1p1f1,2062,06,17,0.013695953680188253,36.776516,17.85925,2062
17335,r3i1p1f1,2062,06,18,0.001229613968241734,37.59396,18.775003,2062
17336,r3i1p1f1,2062,06,19,0.0,37.749615,18.710909,2062
17337,r3i1p1f1,2062,06,20,0.0,38.54613,19.423555,2062
17338,r3i1p1f1,2062,06,21,0.0,38.24569,19.236671,2062
17339,r3i1p1f1,2062,06,22,0.0,37.550053,17.825766,2062
17340,r3i1p1f1,2062,06,23,0.0,37.04264,17.21192,2062
17341,r3i1p1f1,2062,06,24,0.0,36.088818,16.687565,2062
17342,r3i1p1f1,2062,06,25,0.0,36.369,16.34177,2062
17343,r3i1p1f1,2062,06,26,0.0,36.34841,17.047256,2062
17344,r3i1p1f1,2062,06,27,0.0,36.790627,17.883057,2062
17345,r3i1p1f1,2062,06,28,0.0,36.296253,16.742395,2062
17346,r3i1p1f1,2062,06,29,0.0,34.224716,16.187185,2062
17347,r3i1p1f1,2062,06,30,0.0,36.011322,16.815542,2062
17348,r3i1p1f1,2062,07,01,0.0,35.844463,17.011187,2062
17349,r3i1p1f1,2062,07,02,0.0,35.885986,17.224442,2062
17350,r3i1p1f1,2062,07,03,0.0,35.678402,17.182049,2062
17351,r3i1p1f1,2062,07,04,0.0,36.92042,17.37871,2062
17352,r3i1p1f1,2062,07,05,0.0,38.256138,17.85022,2062
17353,r3i1p1f1,2062,07,06,0.0,37.14033,18.694696,2062
17354,r3i1p1f1,2062,07,07,0.0,35.94138,17.801432,2062
17355,r3i1p1f1,2062,07,08,0.0,36.992935,18.252123,2062
17356,r3i1p1f1,2062,07,09,0.0,38.763023,19.873014,2062
17357,r3i1p1f1,2062,07,10,0.0,39.876316,20.023537,2062
17358,r3i1p1f1,2062,07,11,0.0,39.49695,20.017725,2062
17359,r3i1p1f1,2062,07,12,0.17981290546506926,39.222656,21.647787,2062
17360,r3i1p1f1,2062,07,13,0.019452698232436724,39.001106,20.514252,2062
17361,r3i1p1f1,2062,07,14,0.1823858521145832,39.065212,20.697586,2062
17362,r3i1p1f1,2062,07,15,0.0,38.95638,20.046303,2062
17363,r3i1p1f1,2062,07,16,0.0,37.877155,20.920746,2062
17364,r3i1p1f1,2062,07,17,0.004056668606636143,37.889107,20.351633,2062
17365,r3i1p1f1,2062,07,18,0.0,38.55464,20.375214,2062
17366,r3i1p1f1,2062,07,19,0.0,39.771442,21.681297,2062
17367,r3i1p1f1,2062,07,20,0.40421225274754263,40.24944,23.159466,2062
17368,r3i1p1f1,2062,07,21,0.08871090801249286,40.669487,21.65785,2062
17369,r3i1p1f1,2062,07,22,0.024546126404664283,39.17655,20.691298,2062
17370,r3i1p1f1,2062,07,23,0.003566235007548874,38.277008,20.05247,2062
17371,r3i1p1f1,2062,07,24,0.0,37.70567,19.566404,2062
17372,r3i1p1f1,2062,07,25,0.00415255636625895,37.26318,19.37711,2062
17373,r3i1p1f1,2062,07,26,0.37674051360172045,34.152954,19.61191,2062
17374,r3i1p1f1,2062,07,27,0.5584055493884741,31.551912,17.901983,2062
17375,r3i1p1f1,2062,07,28,0.6483031290377822,32.179623,17.262081,2062
17376,r3i1p1f1,2062,07,29,0.0,32.959236,16.491137,2062
17377,r3i1p1f1,2062,07,30,0.0,34.107864,16.518118,2062
17378,r3i1p1f1,2062,07,31,0.0,34.627068,17.143171,2062
17379,r3i1p1f1,2062,08,01,0.0,33.56992,16.648943,2062
17380,r3i1p1f1,2062,08,02,0.0,35.267376,17.436535,2062
17381,r3i1p1f1,2062,08,03,0.0,37.250416,18.05531,2062
17382,r3i1p1f1,2062,08,04,0.0,37.031094,17.734926,2062
17383,r3i1p1f1,2062,08,05,0.0,37.36906,18.695019,2062
17384,r3i1p1f1,2062,08,06,0.0,37.440655,18.038725,2062
17385,r3i1p1f1,2062,08,07,0.0,38.15894,17.938553,2062
17386,r3i1p1f1,2062,08,08,0.0,40.505997,19.674885,2062
17387,r3i1p1f1,2062,08,09,0.14683129800356587,39.94284,22.35693,2062
17388,r3i1p1f1,2062,08,10,0.1350362463871892,39.61313,23.380156,2062
17389,r3i1p1f1,2062,08,11,0.38015179204221844,37.45759,21.821928,2062
17390,r3i1p1f1,2062,08,12,0.22406120251892417,37.790592,20.75345,2062
17391,r3i1p1f1,2062,08,13,0.0,38.743942,19.093107,2062
17392,r3i1p1f1,2062,08,14,0.8485556087896728,38.148663,20.497633,2062
17393,r3i1p1f1,2062,08,15,1.3983815923039042,39.072887,21.143452,2062
17394,r3i1p1f1,2062,08,16,0.03822202369161515,40.364838,21.86259,2062
17395,r3i1p1f1,2062,08,17,0.11930805713883742,40.144535,21.756289,2062
17396,r3i1p1f1,2062,08,18,0.0028880579030197678,40.14473,21.119991,2062
17397,r3i1p1f1,2062,08,19,0.0,39.250114,18.811882,2062
17398,r3i1p1f1,2062,08,20,0.0,37.608925,18.724022,2062
17399,r3i1p1f1,2062,08,21,0.0,35.9762,16.767982,2062
17400,r3i1p1f1,2062,08,22,0.0,33.91337,14.962221,2062
17401,r3i1p1f1,2062,08,23,0.0,34.27616,15.343606,2062
17402,r3i1p1f1,2062,08,24,0.0,35.04954,15.88344,2062
17403,r3i1p1f1,2062,08,25,0.0,35.97205,16.945122,2062
17404,r3i1p1f1,2062,08,26,0.0,36.08642,16.243532,2062
17405,r3i1p1f1,2062,08,27,0.0,36.056305,17.202839,2062
17406,r3i1p1f1,2062,08,28,0.0,36.040012,18.504055,2062
17407,r3i1p1f1,2062,08,29,0.38468510434595926,34.911915,18.957783,2062
17408,r3i1p1f1,2062,08,30,0.002984902671552404,32.81211,18.20405,2062
17409,r3i1p1f1,2062,08,31,0.5828550931112135,34.980267,18.5118,2062
17410,r3i1p1f1,2062,09,01,0.0,38.290833,20.598082,2062
17411,r3i1p1f1,2062,09,02,0.0,39.415062,20.874725,2062
17412,r3i1p1f1,2062,09,03,0.10006943278395655,38.672787,21.64949,2062
17413,r3i1p1f1,2062,09,04,0.0,38.160767,21.254843,2062
17414,r3i1p1f1,2062,09,05,0.008186159627229878,36.947227,19.209063,2062
17415,r3i1p1f1,2062,09,06,0.0,35.72785,18.04332,2062
17416,r3i1p1f1,2062,09,07,0.0,33.030262,15.374314,2062
17417,r3i1p1f1,2062,09,08,0.0,32.294155,14.730599,2062
17418,r3i1p1f1,2062,09,09,0.0,32.89558,15.497727,2062
17419,r3i1p1f1,2062,09,10,0.0,33.65724,18.937872,2062
17420,r3i1p1f1,2062,09,11,0.0,35.955105,18.407654,2062
17421,r3i1p1f1,2062,09,12,0.0,36.703876,18.955917,2062
17422,r3i1p1f1,2062,09,13,0.46471819233512646,35.889534,18.974913,2062
17423,r3i1p1f1,2062,09,14,0.016531741500578144,36.505722,19.814442,2062
17424,r3i1p1f1,2062,09,15,0.0,36.86203,18.54693,2062
17425,r3i1p1f1,2062,09,16,0.0,37.007458,18.34781,2062
17426,r3i1p1f1,2062,09,17,0.09111135416209105,37.446026,19.257683,2062
17427,r3i1p1f1,2062,09,18,0.09375122771774785,37.576916,18.902227,2062
17428,r3i1p1f1,2062,09,19,1.1445920113791628,36.66678,18.719522,2062
17429,r3i1p1f1,2062,09,20,2.771641523796654,34.2108,19.156921,2062
17430,r3i1p1f1,2062,09,21,0.08291064927382677,33.779808,17.815468,2062
17431,r3i1p1f1,2062,09,22,0.0,34.203796,18.354721,2062
17432,r3i1p1f1,2062,09,23,0.052339889190272625,32.768467,16.69637,2062
17433,r3i1p1f1,2062,09,24,0.4670749002164512,31.87037,15.043196,2062
17434,r3i1p1f1,2062,09,25,0.0022709191861477766,31.636581,14.527185,2062
17435,r3i1p1f1,2062,09,26,0.014300448890549667,32.24386,14.430492,2062
17436,r3i1p1f1,2062,09,27,0.0,33.270016,15.262665,2062
17437,r3i1p1f1,2062,09,28,0.0010433689705237296,33.231705,15.206045,2062
17438,r3i1p1f1,2062,09,29,3.443463538770271,31.98428,17.515446,2062
17439,r3i1p1f1,2062,09,30,8.977830910840897,25.549679,14.759408,2062
17440,r3i1p1f1,2062,10,01,13.132155049628857,23.563816,12.759363,2062
17441,r3i1p1f1,2062,10,02,1.3663027650985635,20.739262,9.479776,2062
17442,r3i1p1f1,2062,10,03,0.04516035559142686,20.402565,9.148019,2062
17443,r3i1p1f1,2062,10,04,0.010675533434771227,22.791475,10.101938,2062
17444,r3i1p1f1,2062,10,05,0.004023131244166782,22.054005,9.606195,2062
17445,r3i1p1f1,2062,10,06,0.0,22.394402,8.91518,2062
17446,r3i1p1f1,2062,10,07,0.0,25.528738,11.430384,2062
17447,r3i1p1f1,2062,10,08,0.0,28.60194,14.107532,2062
17448,r3i1p1f1,2062,10,09,0.0,28.790733,15.343503,2062
17449,r3i1p1f1,2062,10,10,0.0,30.923836,16.546583,2062
17450,r3i1p1f1,2062,10,11,0.0,32.954174,16.483023,2062
17451,r3i1p1f1,2062,10,12,0.0,35.318874,17.219807,2062
17452,r3i1p1f1,2062,10,13,0.024407654753745053,35.482063,18.939943,2062
17453,r3i1p1f1,2062,10,14,0.00021277491186717242,35.447567,19.335045,2062
17454,r3i1p1f1,2062,10,15,0.0,34.849503,17.609337,2062
17455,r3i1p1f1,2062,10,16,0.0,32.4522,15.877383,2062
17456,r3i1p1f1,2062,10,17,0.0,30.244673,14.039501,2062
17457,r3i1p1f1,2062,10,18,0.0,31.763721,15.1542845,2062
17458,r3i1p1f1,2062,10,19,0.0,30.453434,15.396901,2062
17459,r3i1p1f1,2062,10,20,0.0,31.251291,15.617196,2062
17460,r3i1p1f1,2062,10,21,0.0,29.8643,13.641463,2062
17461,r3i1p1f1,2062,10,22,0.020991120675744518,27.360111,14.805369,2062
17462,r3i1p1f1,2062,10,23,0.6349858920679473,24.494356,11.772656,2062
17463,r3i1p1f1,2062,10,24,0.0,20.021126,6.804619,2062
17464,r3i1p1f1,2062,10,25,0.06518194174559815,20.075926,7.633566,2062
17465,r3i1p1f1,2062,10,26,0.0,22.235168,6.9705853,2062
17466,r3i1p1f1,2062,10,27,0.0,22.317537,5.83745,2062
17467,r3i1p1f1,2062,10,28,0.00028063332138117403,20.827393,6.2398534,2062
17468,r3i1p1f1,2062,10,29,19.544428754165754,20.02324,9.863427,2062
17469,r3i1p1f1,2062,10,30,13.79446329803393,20.811485,12.687659,2062
17470,r3i1p1f1,2062,10,31,3.774621598121567,20.325804,9.648667,2062
17471,r3i1p1f1,2062,11,01,0.0,17.903534,6.862139,2062
17472,r3i1p1f1,2062,11,02,0.0,18.316643,5.369932,2062
17473,r3i1p1f1,2062,11,03,0.0,18.298912,6.764221,2062
17474,r3i1p1f1,2062,11,04,1.1095059352708796,19.367683,8.239243,2062
17475,r3i1p1f1,2062,11,05,0.10903053668726263,16.995232,6.0325418,2062
17476,r3i1p1f1,2062,11,06,0.0,19.961664,6.4787903,2062
17477,r3i1p1f1,2062,11,07,0.0,21.70098,6.921323,2062
17478,r3i1p1f1,2062,11,08,0.0,20.432947,8.297829,2062
17479,r3i1p1f1,2062,11,09,0.47225480021249194,18.9695,7.2241554,2062
17480,r3i1p1f1,2062,11,10,0.04150742617749722,14.4719715,2.666764,2062
17481,r3i1p1f1,2062,11,11,18.077284810344942,15.130589,5.9428725,2062
17482,r3i1p1f1,2062,11,12,4.796039325076642,16.121067,5.702742,2062
17483,r3i1p1f1,2062,11,13,1.9934441322280607,14.556834,4.486844,2062
17484,r3i1p1f1,2062,11,14,22.211383631078977,13.811788,5.778686,2062
17485,r3i1p1f1,2062,11,15,3.4848808205402526,12.890144,2.378176,2062
17486,r3i1p1f1,2062,11,16,0.02139634071764621,13.112428,1.6851802,2062
17487,r3i1p1f1,2062,11,17,0.07517484750155057,12.728595,1.1941402,2062
17488,r3i1p1f1,2062,11,18,0.12418185067927522,12.058912,1.5093677,2062
17489,r3i1p1f1,2062,11,19,0.0,13.196672,1.2561572,2062
17490,r3i1p1f1,2062,11,20,0.0,15.512535,3.3025818,2062
17491,r3i1p1f1,2062,11,21,0.0,17.080969,4.1177073,2062
17492,r3i1p1f1,2062,11,22,3.0161505224367087,16.492292,5.3367243,2062
17493,r3i1p1f1,2062,11,23,0.003206442590012695,11.007056,0.8919094,2062
17494,r3i1p1f1,2062,11,24,0.0,13.927678,1.7938033,2062
17495,r3i1p1f1,2062,11,25,0.002825724015675598,13.606748,1.975154,2062
17496,r3i1p1f1,2062,11,26,0.0,14.138673,2.0679126,2062
17497,r3i1p1f1,2062,11,27,0.02699788458399284,15.482705,3.1089656,2062
17498,r3i1p1f1,2062,11,28,16.54021881751374,13.43045,2.6929963,2062
17499,r3i1p1f1,2062,11,29,5.82747121713372,10.501279,-0.24994953,2062
17500,r3i1p1f1,2062,11,30,13.397225170163878,15.249972,5.665574,2062
17501,r3i1p1f1,2062,12,01,0.0,10.839273,-0.80975276,2062
17502,r3i1p1f1,2062,12,02,0.0,11.096419,-2.0266778,2062
17503,r3i1p1f1,2062,12,03,0.3762512978750182,14.141633,1.3095815,2062
17504,r3i1p1f1,2062,12,04,31.056349330835722,12.517405,3.9544315,2062
17505,r3i1p1f1,2062,12,05,4.701014544619587,9.546712,0.13053325,2062
17506,r3i1p1f1,2062,12,06,0.0,9.522971,-3.4201083,2062
17507,r3i1p1f1,2062,12,07,2.272896845710365,8.36379,-0.15844113,2062
17508,r3i1p1f1,2062,12,08,0.7069255230133863,6.748098,-2.4979565,2062
17509,r3i1p1f1,2062,12,09,0.0,7.8689938,-5.176253,2062
17510,r3i1p1f1,2062,12,10,0.0,8.919667,-3.7109709,2062
17511,r3i1p1f1,2062,12,11,0.0,10.676098,-2.4091957,2062
17512,r3i1p1f1,2062,12,12,0.0,10.456253,-2.6844509,2062
17513,r3i1p1f1,2062,12,13,0.0,10.101677,-2.9999356,2062
17514,r3i1p1f1,2062,12,14,0.0,9.924376,-2.827983,2062
17515,r3i1p1f1,2062,12,15,0.0,9.192247,-3.3861463,2062
17516,r3i1p1f1,2062,12,16,0.0,6.8907027,-5.4781847,2062
17517,r3i1p1f1,2062,12,17,0.0,6.489089,-6.309765,2062
17518,r3i1p1f1,2062,12,18,0.0,5.504221,-7.218307,2062
17519,r3i1p1f1,2062,12,19,0.018323511176276952,6.364519,-3.9020948,2062
17520,r3i1p1f1,2062,12,20,0.39662710162343556,6.032455,-4.2253375,2062
17521,r3i1p1f1,2062,12,21,0.0,6.775049,-6.089102,2062
17522,r3i1p1f1,2062,12,22,0.0,6.9773884,-5.561861,2062
17523,r3i1p1f1,2062,12,23,0.032348470607702795,6.617396,-4.6741276,2062
17524,r3i1p1f1,2062,12,24,0.00019381919022028646,6.8652997,-5.377314,2062
17525,r3i1p1f1,2062,12,25,0.0,7.6090426,-5.1124377,2062
17526,r3i1p1f1,2062,12,26,0.0,7.674478,-5.5249248,2062
17527,r3i1p1f1,2062,12,27,0.0,7.3193736,-5.559185,2062
17528,r3i1p1f1,2062,12,28,5.8791842056851955,7.7959824,-2.6033964,2062
17529,r3i1p1f1,2062,12,29,10.135878255748663,8.188883,1.5596814,2062
17530,r3i1p1f1,2062,12,30,0.506801233158595,5.086653,-4.4996047,2062
17531,r3i1p1f1,2062,12,31,0.0,6.7099047,-6.5673323,2062
17532,r3i1p1f1,2063,01,01,0.0,10.266497,-3.3227196,2063
17533,r3i1p1f1,2063,01,02,0.0,11.655743,-2.7289395,2063
17534,r3i1p1f1,2063,01,03,0.0,10.131615,-1.122911,2063
17535,r3i1p1f1,2063,01,04,0.0,7.384647,-4.4013677,2063
17536,r3i1p1f1,2063,01,05,0.0,7.907965,-4.026798,2063
17537,r3i1p1f1,2063,01,06,0.0,11.918694,-1.7529029,2063
17538,r3i1p1f1,2063,01,07,0.0,10.601623,-2.795593,2063
17539,r3i1p1f1,2063,01,08,0.0,9.612402,-3.3326762,2063
17540,r3i1p1f1,2063,01,09,0.0,8.6446295,-4.168836,2063
17541,r3i1p1f1,2063,01,10,0.0,8.50942,-4.75355,2063
17542,r3i1p1f1,2063,01,11,0.0,7.7490134,-5.569643,2063
17543,r3i1p1f1,2063,01,12,0.0,8.038237,-4.964939,2063
17544,r3i1p1f1,2063,01,13,0.005691194652502996,7.45285,-4.174443,2063
17545,r3i1p1f1,2063,01,14,3.6032917793305717,7.520769,-2.4908369,2063
17546,r3i1p1f1,2063,01,15,5.468821514147169,7.0880456,0.37329108,2063
17547,r3i1p1f1,2063,01,16,0.09006655698282305,5.7836537,-4.0022063,2063
17548,r3i1p1f1,2063,01,17,0.0,6.0416455,-7.7913036,2063
17549,r3i1p1f1,2063,01,18,0.10106461287443491,6.2063274,-6.76087,2063
17550,r3i1p1f1,2063,01,19,0.3406748305226784,6.1208844,-6.1543317,2063
17551,r3i1p1f1,2063,01,20,9.117880987369889,5.2798724,-3.3313873,2063
17552,r3i1p1f1,2063,01,21,0.1953724043039873,-0.60870254,-11.85071,2063
17553,r3i1p1f1,2063,01,22,0.0,3.4624534,-9.743104,2063
17554,r3i1p1f1,2063,01,23,0.0,5.426267,-7.7511835,2063
17555,r3i1p1f1,2063,01,24,0.0,9.135675,-4.3042183,2063
17556,r3i1p1f1,2063,01,25,0.0,10.755859,-3.2747416,2063
17557,r3i1p1f1,2063,01,26,0.7689518432997636,9.36854,-2.0297797,2063
17558,r3i1p1f1,2063,01,27,0.12238650591550113,5.9672146,-2.8283827,2063
17559,r3i1p1f1,2063,01,28,0.0,6.4039097,-6.388752,2063
17560,r3i1p1f1,2063,01,29,0.0,11.392811,-2.8612614,2063
17561,r3i1p1f1,2063,01,30,0.0,14.733146,0.3895162,2063
17562,r3i1p1f1,2063,01,31,0.0,17.54583,2.0695167,2063
17563,r3i1p1f1,2063,02,01,0.0,18.495562,3.1522593,2063
17564,r3i1p1f1,2063,02,02,0.0,17.923183,3.1720524,2063
17565,r3i1p1f1,2063,02,03,0.0,17.402609,3.1858904,2063
17566,r3i1p1f1,2063,02,04,0.0,16.629398,3.0377388,2063
17567,r3i1p1f1,2063,02,05,0.0,16.722763,2.9465842,2063
17568,r3i1p1f1,2063,02,06,0.0,16.727108,2.1804688,2063
17569,r3i1p1f1,2063,02,07,0.0,15.780375,2.1819255,2063
17570,r3i1p1f1,2063,02,08,0.0,13.472242,-0.6958235,2063
17571,r3i1p1f1,2063,02,09,0.0,15.333247,0.19415027,2063
17572,r3i1p1f1,2063,02,10,0.0,17.194647,1.6892692,2063
17573,r3i1p1f1,2063,02,11,0.0,16.275677,1.419494,2063
17574,r3i1p1f1,2063,02,12,0.0,15.263501,1.5057168,2063
17575,r3i1p1f1,2063,02,13,0.0030736027243123813,17.56526,3.4760065,2063
17576,r3i1p1f1,2063,02,14,0.996135779151342,16.952505,4.026927,2063
17577,r3i1p1f1,2063,02,15,6.150770202915407,14.087879,2.5068974,2063
17578,r3i1p1f1,2063,02,16,0.0800755973018981,16.886826,3.0378256,2063
17579,r3i1p1f1,2063,02,17,5.816970346087615,16.794132,4.9539003,2063
17580,r3i1p1f1,2063,02,18,2.041708689086425,11.597443,3.8287141,2063
17581,r3i1p1f1,2063,02,19,0.04426944792750433,15.991426,1.0985578,2063
17582,r3i1p1f1,2063,02,20,0.0,17.088781,3.2649543,2063
17583,r3i1p1f1,2063,02,21,0.04739072956109532,15.58946,3.0532799,2063
17584,r3i1p1f1,2063,02,22,2.704807235201191,14.164806,3.6238878,2063
17585,r3i1p1f1,2063,02,23,0.21806549708068787,14.86082,2.9879186,2063
17586,r3i1p1f1,2063,02,24,0.03414981138851572,16.08215,2.9341495,2063
17587,r3i1p1f1,2063,02,25,0.0,16.945608,4.5657616,2063
17588,r3i1p1f1,2063,02,26,0.0,17.50225,3.3569906,2063
17589,r3i1p1f1,2063,02,27,0.10488892501267731,17.873095,4.8339376,2063
17590,r3i1p1f1,2063,02,28,1.5428892139034085,16.201752,4.4175835,2063
17591,r3i1p1f1,2063,03,01,24.21485270875785,13.44351,4.8101325,2063
17592,r3i1p1f1,2063,03,02,1.4737481899183793,10.648099,0.2522558,2063
17593,r3i1p1f1,2063,03,03,0.0,12.6035595,-1.8227535,2063
17594,r3i1p1f1,2063,03,04,0.0037595982465780144,13.828134,0.21853569,2063
17595,r3i1p1f1,2063,03,05,0.019024852623591538,17.788698,0.5521094,2063
17596,r3i1p1f1,2063,03,06,0.0,19.275185,2.2398174,2063
17597,r3i1p1f1,2063,03,07,0.0,17.919485,3.101826,2063
17598,r3i1p1f1,2063,03,08,5.491517122109971,15.91485,4.968959,2063
17599,r3i1p1f1,2063,03,09,3.5618199155491808,13.348337,2.7370908,2063
17600,r3i1p1f1,2063,03,10,0.1293611139672893,13.678322,3.9792876,2063
17601,r3i1p1f1,2063,03,11,0.0,14.458324,1.2147725,2063
17602,r3i1p1f1,2063,03,12,0.0,19.766008,4.001643,2063
17603,r3i1p1f1,2063,03,13,0.0,21.579718,3.9938898,2063
17604,r3i1p1f1,2063,03,14,0.0,22.637196,5.518947,2063
17605,r3i1p1f1,2063,03,15,0.0,23.453854,5.9520826,2063
17606,r3i1p1f1,2063,03,16,0.005558365179846684,23.992699,6.315963,2063
17607,r3i1p1f1,2063,03,17,4.079793199382149,20.26174,4.870989,2063
17608,r3i1p1f1,2063,03,18,14.940825327595865,12.180789,9.829947,2063
17609,r3i1p1f1,2063,03,19,13.348104108850803,10.9081,4.2353187,2063
17610,r3i1p1f1,2063,03,20,2.061853819872009,14.191071,2.466157,2063
17611,r3i1p1f1,2063,03,21,1.826226096027037,14.878903,0.3634946,2063
17612,r3i1p1f1,2063,03,22,25.073304058398318,12.49265,5.127634,2063
17613,r3i1p1f1,2063,03,23,13.670977882681075,13.854723,2.285864,2063
17614,r3i1p1f1,2063,03,24,2.8126770562575434,14.025978,4.3355455,2063
17615,r3i1p1f1,2063,03,25,0.1298280702965051,15.70191,1.0273876,2063
17616,r3i1p1f1,2063,03,26,0.12645612705841125,15.231548,3.7814982,2063
17617,r3i1p1f1,2063,03,27,0.27376802376459114,18.287743,3.5704186,2063
17618,r3i1p1f1,2063,03,28,0.012111667597447664,19.941238,4.24497,2063
17619,r3i1p1f1,2063,03,29,7.506558207846176,17.533699,6.678273,2063
17620,r3i1p1f1,2063,03,30,1.8817902124139823,16.255636,5.320278,2063
17621,r3i1p1f1,2063,03,31,1.0024026730741642,17.879852,5.1661596,2063
17622,r3i1p1f1,2063,04,01,0.6221640582556244,16.838009,5.4880695,2063
17623,r3i1p1f1,2063,04,02,0.3485992793095206,17.58561,5.4958305,2063
17624,r3i1p1f1,2063,04,03,5.439741314816771,15.25222,6.576109,2063
17625,r3i1p1f1,2063,04,04,0.5709451095599709,19.539284,4.092865,2063
17626,r3i1p1f1,2063,04,05,0.5808161498134723,20.687399,7.622348,2063
17627,r3i1p1f1,2063,04,06,5.281660588996491,18.81645,5.7964935,2063
17628,r3i1p1f1,2063,04,07,0.47050885011258564,13.130822,0.8086043,2063
17629,r3i1p1f1,2063,04,08,5.6260944123289045,11.4836035,1.995921,2063
17630,r3i1p1f1,2063,04,09,4.560423921248002,15.479115,2.5992599,2063
17631,r3i1p1f1,2063,04,10,0.12865321012765035,17.782986,3.4382124,2063
17632,r3i1p1f1,2063,04,11,2.313250544256968,14.987199,0.7555251,2063
17633,r3i1p1f1,2063,04,12,0.13131622684533906,13.8221035,1.1261835,2063
17634,r3i1p1f1,2063,04,13,0.9345820535539436,12.514247,1.781401,2063
17635,r3i1p1f1,2063,04,14,0.0,17.267452,1.0290011,2063
17636,r3i1p1f1,2063,04,15,0.0,20.28632,4.2165184,2063
17637,r3i1p1f1,2063,04,16,0.0,22.494175,5.999325,2063
17638,r3i1p1f1,2063,04,17,0.0,24.294708,7.452983,2063
17639,r3i1p1f1,2063,04,18,0.0,24.938662,8.739807,2063
17640,r3i1p1f1,2063,04,19,0.0,26.228,10.524148,2063
17641,r3i1p1f1,2063,04,20,0.0,25.53113,8.502932,2063
17642,r3i1p1f1,2063,04,21,0.0,24.231457,7.7930055,2063
17643,r3i1p1f1,2063,04,22,0.0,24.143858,6.2520776,2063
17644,r3i1p1f1,2063,04,23,0.0959453052156746,23.537666,8.02511,2063
17645,r3i1p1f1,2063,04,24,0.0019412599574548728,23.901697,8.620319,2063
17646,r3i1p1f1,2063,04,25,0.0,26.43478,8.664174,2063
17647,r3i1p1f1,2063,04,26,0.0,27.416416,9.085657,2063
17648,r3i1p1f1,2063,04,27,0.0,27.958782,10.101327,2063
17649,r3i1p1f1,2063,04,28,0.3049613482311763,27.329397,9.579622,2063
17650,r3i1p1f1,2063,04,29,0.049857354754225744,21.842478,5.8556266,2063
17651,r3i1p1f1,2063,04,30,0.7583202487104713,19.54792,7.7903996,2063
17652,r3i1p1f1,2063,05,01,0.047489638331392074,21.065731,5.1548715,2063
17653,r3i1p1f1,2063,05,02,0.005421682162153901,25.310421,6.8610706,2063
17654,r3i1p1f1,2063,05,03,0.0,28.340847,9.766192,2063
17655,r3i1p1f1,2063,05,04,0.0,26.775764,9.072833,2063
17656,r3i1p1f1,2063,05,05,0.5120720025319535,25.914692,9.088323,2063
17657,r3i1p1f1,2063,05,06,0.5826593766662633,23.531096,8.7162075,2063
17658,r3i1p1f1,2063,05,07,0.02082027154480756,23.833687,6.850322,2063
17659,r3i1p1f1,2063,05,08,0.0,28.941954,10.322663,2063
17660,r3i1p1f1,2063,05,09,0.04499974425980878,29.070911,12.459019,2063
17661,r3i1p1f1,2063,05,10,0.0,28.249245,10.1909075,2063
17662,r3i1p1f1,2063,05,11,0.0016819406300783157,25.651072,7.424783,2063
17663,r3i1p1f1,2063,05,12,0.0,19.530777,5.5938,2063
17664,r3i1p1f1,2063,05,13,0.0,23.8948,6.194834,2063
17665,r3i1p1f1,2063,05,14,0.0,30.240133,11.3970375,2063
17666,r3i1p1f1,2063,05,15,0.0,30.95146,12.455615,2063
17667,r3i1p1f1,2063,05,16,0.0,31.118435,12.059661,2063
17668,r3i1p1f1,2063,05,17,0.0,31.021072,12.374376,2063
17669,r3i1p1f1,2063,05,18,0.001140459754617151,28.937094,10.720279,2063
17670,r3i1p1f1,2063,05,19,0.0,24.139822,6.964995,2063
17671,r3i1p1f1,2063,05,20,0.0,28.783283,10.012397,2063
17672,r3i1p1f1,2063,05,21,0.0,32.90446,13.549276,2063
17673,r3i1p1f1,2063,05,22,0.0,31.835073,12.551452,2063
17674,r3i1p1f1,2063,05,23,0.0,28.022879,10.959359,2063
17675,r3i1p1f1,2063,05,24,0.0,24.349892,6.485253,2063
17676,r3i1p1f1,2063,05,25,0.0,24.029585,5.9117045,2063
17677,r3i1p1f1,2063,05,26,0.0,26.667849,8.597445,2063
17678,r3i1p1f1,2063,05,27,0.0,27.074608,8.905433,2063
17679,r3i1p1f1,2063,05,28,0.0,25.394115,7.5945907,2063
17680,r3i1p1f1,2063,05,29,0.0,27.044325,8.188913,2063
17681,r3i1p1f1,2063,05,30,0.0,28.891043,9.501414,2063
17682,r3i1p1f1,2063,05,31,0.0,30.90829,11.857387,2063
17683,r3i1p1f1,2063,06,01,0.0,29.98118,10.390118,2063
17684,r3i1p1f1,2063,06,02,0.0,27.715906,10.809604,2063
17685,r3i1p1f1,2063,06,03,0.0,25.181513,9.167555,2063
17686,r3i1p1f1,2063,06,04,0.003458561656192284,27.144327,11.612809,2063
17687,r3i1p1f1,2063,06,05,0.0,27.881523,10.474692,2063
17688,r3i1p1f1,2063,06,06,0.0,28.985102,11.897353,2063
17689,r3i1p1f1,2063,06,07,0.0,32.965214,13.423236,2063
17690,r3i1p1f1,2063,06,08,0.01799288551520669,31.751999,14.610393,2063
17691,r3i1p1f1,2063,06,09,0.028028859559333687,29.000795,13.217903,2063
17692,r3i1p1f1,2063,06,10,0.08749228064985029,26.27069,11.232479,2063
17693,r3i1p1f1,2063,06,11,0.10155581450266199,24.542286,9.765043,2063
17694,r3i1p1f1,2063,06,12,0.2118060640923707,26.049368,10.33784,2063
17695,r3i1p1f1,2063,06,13,0.007439059713347392,29.209192,11.989574,2063
17696,r3i1p1f1,2063,06,14,0.0,33.362118,13.980845,2063
17697,r3i1p1f1,2063,06,15,0.0,38.870453,18.200045,2063
17698,r3i1p1f1,2063,06,16,0.0,40.75397,20.298132,2063
17699,r3i1p1f1,2063,06,17,0.0,41.123272,20.536991,2063
17700,r3i1p1f1,2063,06,18,0.0,41.15353,19.734848,2063
17701,r3i1p1f1,2063,06,19,0.008171029304238882,40.798023,20.812841,2063
17702,r3i1p1f1,2063,06,20,0.0,40.84538,20.891285,2063
17703,r3i1p1f1,2063,06,21,0.0,40.107098,19.65576,2063
17704,r3i1p1f1,2063,06,22,0.0,39.987045,19.171537,2063
17705,r3i1p1f1,2063,06,23,0.0,40.631874,20.55039,2063
17706,r3i1p1f1,2063,06,24,0.0,40.010506,20.794086,2063
17707,r3i1p1f1,2063,06,25,0.0,39.756287,19.836756,2063
17708,r3i1p1f1,2063,06,26,0.0,39.342125,19.384619,2063
17709,r3i1p1f1,2063,06,27,0.00808939531314977,38.083355,18.692379,2063
17710,r3i1p1f1,2063,06,28,0.018562260754124232,35.763103,16.65961,2063
17711,r3i1p1f1,2063,06,29,0.0,34.49261,15.508402,2063
17712,r3i1p1f1,2063,06,30,0.0,33.550804,15.300872,2063
17713,r3i1p1f1,2063,07,01,0.0,30.971703,13.00039,2063
17714,r3i1p1f1,2063,07,02,0.0,29.51527,11.950856,2063
17715,r3i1p1f1,2063,07,03,0.0,32.5523,14.175541,2063
17716,r3i1p1f1,2063,07,04,0.0,33.42442,15.1011505,2063
17717,r3i1p1f1,2063,07,05,0.0,31.45029,13.415229,2063
17718,r3i1p1f1,2063,07,06,0.0004190284490698215,27.30866,11.514159,2063
17719,r3i1p1f1,2063,07,07,0.005898946811529723,30.508911,12.820329,2063
17720,r3i1p1f1,2063,07,08,0.03629117128763359,32.993145,14.984247,2063
17721,r3i1p1f1,2063,07,09,0.026424026904296072,35.097187,17.078362,2063
17722,r3i1p1f1,2063,07,10,0.0,36.022106,17.61139,2063
17723,r3i1p1f1,2063,07,11,0.0,35.549137,17.230827,2063
17724,r3i1p1f1,2063,07,12,0.0,35.89081,17.367893,2063
17725,r3i1p1f1,2063,07,13,0.0,36.6339,18.337755,2063
17726,r3i1p1f1,2063,07,14,0.0,36.942207,18.723074,2063
17727,r3i1p1f1,2063,07,15,0.0,37.171837,18.711466,2063
17728,r3i1p1f1,2063,07,16,0.0,37.925728,18.755768,2063
17729,r3i1p1f1,2063,07,17,0.0,40.070045,19.735388,2063
17730,r3i1p1f1,2063,07,18,0.0,42.840305,21.661966,2063
17731,r3i1p1f1,2063,07,19,0.0,44.090622,23.505415,2063
17732,r3i1p1f1,2063,07,20,1.5191040653647205,42.13588,23.164152,2063
17733,r3i1p1f1,2063,07,21,0.036996162871218985,36.730625,19.238987,2063
17734,r3i1p1f1,2063,07,22,0.0,37.018486,19.672007,2063
17735,r3i1p1f1,2063,07,23,0.0,36.297585,19.606209,2063
17736,r3i1p1f1,2063,07,24,0.0,34.818222,18.212517,2063
17737,r3i1p1f1,2063,07,25,0.0,34.067608,18.249916,2063
17738,r3i1p1f1,2063,07,26,0.3712355120462069,33.57584,16.616892,2063
17739,r3i1p1f1,2063,07,27,0.387874113732709,33.66653,16.662796,2063
17740,r3i1p1f1,2063,07,28,0.16387197146700186,35.991325,18.24103,2063
17741,r3i1p1f1,2063,07,29,0.0,37.05613,19.15979,2063
17742,r3i1p1f1,2063,07,30,0.0,37.44338,19.511417,2063
17743,r3i1p1f1,2063,07,31,0.0,37.245853,19.549755,2063
17744,r3i1p1f1,2063,08,01,0.0,38.3056,18.932623,2063
17745,r3i1p1f1,2063,08,02,0.0,39.092556,19.000048,2063
17746,r3i1p1f1,2063,08,03,0.0005800321444191716,38.705738,19.652554,2063
17747,r3i1p1f1,2063,08,04,0.030508527362888508,37.96844,20.8851,2063
17748,r3i1p1f1,2063,08,05,0.5958890592793261,37.25287,19.715332,2063
17749,r3i1p1f1,2063,08,06,0.19662736732932512,34.722595,17.581093,2063
17750,r3i1p1f1,2063,08,07,0.01734480797136767,30.661833,16.562601,2063
17751,r3i1p1f1,2063,08,08,0.0,33.438248,16.36875,2063
17752,r3i1p1f1,2063,08,09,0.0,34.501324,16.852652,2063
17753,r3i1p1f1,2063,08,10,0.09614069711956703,34.016212,17.609825,2063
17754,r3i1p1f1,2063,08,11,0.5448297250338576,35.21046,18.723265,2063
17755,r3i1p1f1,2063,08,12,0.045692703182188175,35.965004,18.810946,2063
17756,r3i1p1f1,2063,08,13,0.0,35.142075,18.222359,2063
17757,r3i1p1f1,2063,08,14,0.0,33.649765,17.881716,2063
17758,r3i1p1f1,2063,08,15,0.0,33.60497,17.84598,2063
17759,r3i1p1f1,2063,08,16,0.0,35.66477,18.558342,2063
17760,r3i1p1f1,2063,08,17,0.020374003762492175,37.664303,19.041754,2063
17761,r3i1p1f1,2063,08,18,0.0,36.66281,18.136446,2063
17762,r3i1p1f1,2063,08,19,0.0,36.011917,17.249378,2063
17763,r3i1p1f1,2063,08,20,0.0,37.029827,19.095331,2063
17764,r3i1p1f1,2063,08,21,0.0,38.144775,19.410645,2063
17765,r3i1p1f1,2063,08,22,0.014178280147131194,38.40521,19.80545,2063
17766,r3i1p1f1,2063,08,23,0.00030592270901031566,38.441742,19.467825,2063
17767,r3i1p1f1,2063,08,24,0.004443141321341197,38.882225,19.082205,2063
17768,r3i1p1f1,2063,08,25,0.0,38.628418,18.963778,2063
17769,r3i1p1f1,2063,08,26,0.20135483962914089,37.332447,19.01236,2063
17770,r3i1p1f1,2063,08,27,0.02221839502453804,37.2535,18.02885,2063
17771,r3i1p1f1,2063,08,28,0.0,37.701324,17.793024,2063
17772,r3i1p1f1,2063,08,29,0.0,38.419613,17.814415,2063
17773,r3i1p1f1,2063,08,30,0.006614012156867168,36.98728,20.137388,2063
17774,r3i1p1f1,2063,08,31,0.0,33.54948,15.675284,2063
17775,r3i1p1f1,2063,09,01,0.0,33.999363,16.476294,2063
17776,r3i1p1f1,2063,09,02,0.0,33.87356,15.992393,2063
17777,r3i1p1f1,2063,09,03,0.0,31.49229,15.907899,2063
17778,r3i1p1f1,2063,09,04,0.0,28.20338,13.11536,2063
17779,r3i1p1f1,2063,09,05,0.0,28.999685,14.951718,2063
17780,r3i1p1f1,2063,09,06,0.0,31.421867,14.748504,2063
17781,r3i1p1f1,2063,09,07,0.0,33.207405,15.5868025,2063
17782,r3i1p1f1,2063,09,08,0.0,34.052383,16.379007,2063
17783,r3i1p1f1,2063,09,09,0.0,34.543198,16.260992,2063
17784,r3i1p1f1,2063,09,10,0.0,35.82332,18.12061,2063
17785,r3i1p1f1,2063,09,11,0.0,36.687435,18.666157,2063
17786,r3i1p1f1,2063,09,12,0.25505122694250365,37.47843,19.912975,2063
17787,r3i1p1f1,2063,09,13,0.03356666932108276,37.40451,19.2123,2063
17788,r3i1p1f1,2063,09,14,0.0,38.056705,19.884714,2063
17789,r3i1p1f1,2063,09,15,0.0,37.587746,21.040205,2063
17790,r3i1p1f1,2063,09,16,0.0,37.66698,19.823326,2063
17791,r3i1p1f1,2063,09,17,0.001895037783084042,37.36485,20.22307,2063
17792,r3i1p1f1,2063,09,18,0.0,36.985653,19.497047,2063
17793,r3i1p1f1,2063,09,19,0.1174549777351441,36.684345,20.04008,2063
17794,r3i1p1f1,2063,09,20,0.15022353918704373,36.510494,20.285862,2063
17795,r3i1p1f1,2063,09,21,0.0,36.019455,19.107277,2063
17796,r3i1p1f1,2063,09,22,0.0,36.110424,17.509315,2063
17797,r3i1p1f1,2063,09,23,0.007380859460681677,35.821804,17.287094,2063
17798,r3i1p1f1,2063,09,24,0.0,34.55964,16.922579,2063
17799,r3i1p1f1,2063,09,25,0.0,33.226963,15.706823,2063
17800,r3i1p1f1,2063,09,26,0.0,31.480549,13.742015,2063
17801,r3i1p1f1,2063,09,27,0.0,32.538147,14.649208,2063
17802,r3i1p1f1,2063,09,28,0.0,33.378693,15.028647,2063
17803,r3i1p1f1,2063,09,29,0.0,31.81393,13.361372,2063
17804,r3i1p1f1,2063,09,30,0.0,27.465765,10.561404,2063
17805,r3i1p1f1,2063,10,01,0.0,24.467697,9.097563,2063
17806,r3i1p1f1,2063,10,02,0.0,27.946764,10.413282,2063
17807,r3i1p1f1,2063,10,03,0.0,27.543535,10.533933,2063
17808,r3i1p1f1,2063,10,04,0.0,25.54241,9.734428,2063
17809,r3i1p1f1,2063,10,05,0.0,26.269949,9.454964,2063
17810,r3i1p1f1,2063,10,06,0.0,28.907793,11.223007,2063
17811,r3i1p1f1,2063,10,07,0.0,29.339746,11.289048,2063
17812,r3i1p1f1,2063,10,08,0.0,32.512512,13.761615,2063
17813,r3i1p1f1,2063,10,09,0.0,34.910515,17.066538,2063
17814,r3i1p1f1,2063,10,10,0.0,34.330383,16.495354,2063
17815,r3i1p1f1,2063,10,11,0.0,31.275602,12.949335,2063
17816,r3i1p1f1,2063,10,12,0.0,24.668425,6.8698487,2063
17817,r3i1p1f1,2063,10,13,0.0,19.731382,4.0747237,2063
17818,r3i1p1f1,2063,10,14,0.0,19.472012,3.9758894,2063
17819,r3i1p1f1,2063,10,15,0.006244083827671905,19.24249,3.7555416,2063
17820,r3i1p1f1,2063,10,16,0.011588755561123517,19.535599,5.492619,2063
17821,r3i1p1f1,2063,10,17,0.0,19.554388,7.142995,2063
17822,r3i1p1f1,2063,10,18,7.760132465398672e-05,21.719038,4.680393,2063
17823,r3i1p1f1,2063,10,19,0.18543917667887977,20.357643,7.5982165,2063
17824,r3i1p1f1,2063,10,20,0.003821887993112658,19.305906,4.1359076,2063
17825,r3i1p1f1,2063,10,21,0.0038656044158745895,19.340174,4.463976,2063
17826,r3i1p1f1,2063,10,22,0.0,22.939342,5.626364,2063
17827,r3i1p1f1,2063,10,23,0.0,24.112995,5.8718524,2063
17828,r3i1p1f1,2063,10,24,0.0,22.311153,5.3877287,2063
17829,r3i1p1f1,2063,10,25,0.007609914021238431,19.33152,7.9165983,2063
17830,r3i1p1f1,2063,10,26,0.0023834893451721378,19.234035,7.8179364,2063
17831,r3i1p1f1,2063,10,27,0.0,21.520628,7.3743978,2063
17832,r3i1p1f1,2063,10,28,0.0,24.756214,7.9248614,2063
17833,r3i1p1f1,2063,10,29,0.0,27.505615,9.999542,2063
17834,r3i1p1f1,2063,10,30,0.0,26.310963,9.774265,2063
17835,r3i1p1f1,2063,10,31,0.0,24.961754,9.55315,2063
17836,r3i1p1f1,2063,11,01,0.0,23.747253,7.623571,2063
17837,r3i1p1f1,2063,11,02,0.0,22.851564,7.2610273,2063
17838,r3i1p1f1,2063,11,03,0.0,20.194914,4.8388643,2063
17839,r3i1p1f1,2063,11,04,0.0,17.471315,3.3893604,2063
17840,r3i1p1f1,2063,11,05,0.0,19.86988,4.0439672,2063
17841,r3i1p1f1,2063,11,06,0.0,22.006828,6.077612,2063
17842,r3i1p1f1,2063,11,07,0.0,24.805662,7.6749315,2063
17843,r3i1p1f1,2063,11,08,0.0,24.117512,7.5468874,2063
17844,r3i1p1f1,2063,11,09,0.0,20.275494,4.3853207,2063
17845,r3i1p1f1,2063,11,10,0.0,21.725319,4.840953,2063
17846,r3i1p1f1,2063,11,11,0.0,24.443733,6.7779837,2063
17847,r3i1p1f1,2063,11,12,0.0,24.507544,9.962688,2063
17848,r3i1p1f1,2063,11,13,0.011091145478889248,23.781479,10.367411,2063
17849,r3i1p1f1,2063,11,14,0.0,23.845514,6.2185125,2063
17850,r3i1p1f1,2063,11,15,0.0,23.98549,7.539741,2063
17851,r3i1p1f1,2063,11,16,0.0,23.788881,9.003882,2063
17852,r3i1p1f1,2063,11,17,0.0,22.861742,6.128318,2063
17853,r3i1p1f1,2063,11,18,0.0,20.337074,6.1130667,2063
17854,r3i1p1f1,2063,11,19,0.0,21.282658,4.4049582,2063
17855,r3i1p1f1,2063,11,20,0.0,20.281803,4.375088,2063
17856,r3i1p1f1,2063,11,21,0.0,21.040035,3.2748694,2063
17857,r3i1p1f1,2063,11,22,0.0,23.087212,5.601208,2063
17858,r3i1p1f1,2063,11,23,0.0,22.352179,4.795181,2063
17859,r3i1p1f1,2063,11,24,0.0,19.659775,7.510705,2063
17860,r3i1p1f1,2063,11,25,0.0,17.051077,0.6416312,2063
17861,r3i1p1f1,2063,11,26,0.0,18.082336,1.3599437,2063
17862,r3i1p1f1,2063,11,27,1.1111990183053422,18.22445,3.803235,2063
17863,r3i1p1f1,2063,11,28,20.738321849450145,14.649583,4.9081044,2063
17864,r3i1p1f1,2063,11,29,29.091315016728252,12.280375,6.1779594,2063
17865,r3i1p1f1,2063,11,30,8.39532726669969,11.865143,1.9800801,2063
17866,r3i1p1f1,2063,12,01,0.2769149150822848,10.784114,1.0200411,2063
17867,r3i1p1f1,2063,12,02,0.21608428838920768,11.791456,-1.4578842,2063
17868,r3i1p1f1,2063,12,03,8.838390801309178,11.373819,5.4666986,2063
17869,r3i1p1f1,2063,12,04,1.5837418203453566,9.416654,-0.04531661,2063
17870,r3i1p1f1,2063,12,05,0.12599687261447826,8.351035,-3.718447,2063
17871,r3i1p1f1,2063,12,06,0.0,9.601697,-1.7147533,2063
17872,r3i1p1f1,2063,12,07,0.0,10.74344,-1.3217407,2063
17873,r3i1p1f1,2063,12,08,0.0,10.96586,-2.5796013,2063
17874,r3i1p1f1,2063,12,09,0.0016699873517747178,14.126148,0.34092396,2063
17875,r3i1p1f1,2063,12,10,0.010735804971773177,13.03707,3.97457,2063
17876,r3i1p1f1,2063,12,11,0.01772839202065811,16.413933,3.0203073,2063
17877,r3i1p1f1,2063,12,12,0.0,14.934711,0.38799822,2063
17878,r3i1p1f1,2063,12,13,0.052926362863714035,13.289604,2.1260579,2063
17879,r3i1p1f1,2063,12,14,0.10265745919958025,10.27464,0.8470822,2063
17880,r3i1p1f1,2063,12,15,2.5210542017309003,9.821504,-3.4403706,2063
17881,r3i1p1f1,2063,12,16,20.57534407660238,10.257255,0.99141306,2063
17882,r3i1p1f1,2063,12,17,8.09539341087326,9.932369,1.7737176,2063
17883,r3i1p1f1,2063,12,18,3.4533645428095814,7.314274,-1.7024654,2063
17884,r3i1p1f1,2063,12,19,0.0,7.599247,-3.326352,2063
17885,r3i1p1f1,2063,12,20,0.0,8.315944,-4.7320848,2063
17886,r3i1p1f1,2063,12,21,0.0,9.503498,-4.112806,2063
17887,r3i1p1f1,2063,12,22,0.0,11.644476,-2.3201003,2063
17888,r3i1p1f1,2063,12,23,0.0,14.195607,-0.25651577,2063
17889,r3i1p1f1,2063,12,24,0.0,14.656327,2.310442,2063
17890,r3i1p1f1,2063,12,25,0.01004255207424814,14.784407,0.9430059,2063
17891,r3i1p1f1,2063,12,26,6.005760076719029,13.394511,4.3785887,2063
17892,r3i1p1f1,2063,12,27,10.56820769467501,14.34643,5.662688,2063
17893,r3i1p1f1,2063,12,28,0.08410191569992369,13.7006235,4.1542377,2063
17894,r3i1p1f1,2063,12,29,30.215045627608728,12.506548,3.9960709,2063
17895,r3i1p1f1,2063,12,30,11.034999157500076,13.571667,2.381665,2063
17896,r3i1p1f1,2063,12,31,0.0,15.769925,1.3750848,2063
17897,r3i1p1f1,2064,01,01,10.862926835005496,13.97118,4.447127,2064
17898,r3i1p1f1,2064,01,02,21.232811295906714,15.956798,7.0804286,2064
17899,r3i1p1f1,2064,01,03,10.528342890979527,15.794257,6.9716744,2064
17900,r3i1p1f1,2064,01,04,0.00020114096431908283,13.56696,5.2889028,2064
17901,r3i1p1f1,2064,01,05,0.15605378293526662,12.317601,2.2479508,2064
17902,r3i1p1f1,2064,01,06,10.730955823753241,11.258057,3.3307486,2064
17903,r3i1p1f1,2064,01,07,3.846743066594558,10.071416,0.6910951,2064
17904,r3i1p1f1,2064,01,08,0.06943230947592494,8.959907,-3.9607403,2064
17905,r3i1p1f1,2064,01,09,20.37934933897387,9.799239,1.0517093,2064
17906,r3i1p1f1,2064,01,10,16.926812054952087,7.497424,0.5357892,2064
17907,r3i1p1f1,2064,01,11,0.5335090480071593,5.921315,-3.1192763,2064
17908,r3i1p1f1,2064,01,12,0.06361517915413997,6.0736346,-4.424704,2064
17909,r3i1p1f1,2064,01,13,0.0,5.3693843,-7.948898,2064
17910,r3i1p1f1,2064,01,14,0.0,4.720733,-7.5330124,2064
17911,r3i1p1f1,2064,01,15,0.0,4.6108027,-7.936599,2064
17912,r3i1p1f1,2064,01,16,0.0,5.799204,-6.3603115,2064
17913,r3i1p1f1,2064,01,17,0.0,7.248938,-5.5583315,2064
17914,r3i1p1f1,2064,01,18,0.0,7.1862187,-5.5368934,2064
17915,r3i1p1f1,2064,01,19,0.0,7.8732166,-5.067405,2064
17916,r3i1p1f1,2064,01,20,0.0020426681757354263,8.190048,-5.11935,2064
17917,r3i1p1f1,2064,01,21,2.210620340560898,8.122964,0.65028286,2064
17918,r3i1p1f1,2064,01,22,5.957666982078191e-05,7.3151436,-3.5540211,2064
17919,r3i1p1f1,2064,01,23,0.0,9.163626,-4.6187124,2064
17920,r3i1p1f1,2064,01,24,0.0,10.677892,-2.390023,2064
17921,r3i1p1f1,2064,01,25,0.024221303207344714,11.40371,-1.1192964,2064
17922,r3i1p1f1,2064,01,26,0.17046665525854085,11.048342,0.7245655,2064
17923,r3i1p1f1,2064,01,27,6.38444808008816,10.981886,3.3405795,2064
17924,r3i1p1f1,2064,01,28,0.4603516465486778,11.654002,1.0512666,2064
17925,r3i1p1f1,2064,01,29,0.0022530001605804446,13.065464,-2.1065962,2064
17926,r3i1p1f1,2064,01,30,9.864096391855844,12.633213,2.7041137,2064
17927,r3i1p1f1,2064,01,31,0.05226794800943357,8.095375,0.44621655,2064
17928,r3i1p1f1,2064,02,01,0.0018959040541879156,8.99113,-1.921886,2064
17929,r3i1p1f1,2064,02,02,5.13818620504439,10.332179,3.7835288,2064
17930,r3i1p1f1,2064,02,03,0.012939599780083605,8.536515,-1.5141273,2064
17931,r3i1p1f1,2064,02,04,0.0,8.483589,-5.565261,2064
17932,r3i1p1f1,2064,02,05,0.0,9.243392,-3.124584,2064
17933,r3i1p1f1,2064,02,06,0.0,10.977016,-1.1343664,2064
17934,r3i1p1f1,2064,02,07,0.2591346351806406,10.713073,1.6917728,2064
17935,r3i1p1f1,2064,02,08,2.4427677385877664,12.443712,2.191505,2064
17936,r3i1p1f1,2064,02,09,1.1706040179739252,12.995027,0.914264,2064
17937,r3i1p1f1,2064,02,10,0.0,14.474823,0.77938706,2064
17938,r3i1p1f1,2064,02,11,0.0006422784997884071,16.718021,3.1841047,2064
17939,r3i1p1f1,2064,02,12,0.9516845644909402,15.806155,8.123622,2064
17940,r3i1p1f1,2064,02,13,0.23857970814843252,13.95125,4.444907,2064
17941,r3i1p1f1,2064,02,14,0.0,12.641237,-0.6250471,2064
17942,r3i1p1f1,2064,02,15,0.0,16.48397,2.1871192,2064
17943,r3i1p1f1,2064,02,16,0.0,19.221786,4.515118,2064
17944,r3i1p1f1,2064,02,17,0.0,21.189995,6.453448,2064
17945,r3i1p1f1,2064,02,18,0.0023412028224701125,19.733952,6.9056463,2064
17946,r3i1p1f1,2064,02,19,1.3680675710557724,19.562296,7.758022,2064
17947,r3i1p1f1,2064,02,20,0.0,21.059473,7.404354,2064
17948,r3i1p1f1,2064,02,21,0.8181907669275075,20.073181,8.610948,2064
17949,r3i1p1f1,2064,02,22,6.033722879459618,15.727938,5.5904384,2064
17950,r3i1p1f1,2064,02,23,0.0021825763608582997,16.093782,2.0210814,2064
17951,r3i1p1f1,2064,02,24,7.370870458641245,17.250658,6.2109375,2064
17952,r3i1p1f1,2064,02,25,0.1808119926304106,17.614174,4.735835,2064
17953,r3i1p1f1,2064,02,26,0.22858654474654913,19.052048,7.2186203,2064
17954,r3i1p1f1,2064,02,27,4.451092566783479,19.562464,8.993445,2064
17955,r3i1p1f1,2064,02,28,0.09459290882108634,16.92194,4.341558,2064
17956,r3i1p1f1,2064,02,29,0.10702728606481811,16.752613,4.0059447,2064
17957,r3i1p1f1,2064,03,01,0.007664382305158528,15.41681,1.1037115,2064
17958,r3i1p1f1,2064,03,02,0.0,15.615639,-0.028845914,2064
17959,r3i1p1f1,2064,03,03,0.015240483000084307,14.147359,-1.5158613,2064
17960,r3i1p1f1,2064,03,04,5.658883741614938,8.940795,-1.6028811,2064
17961,r3i1p1f1,2064,03,05,22.39883806000404,7.250967,0.05840545,2064
17962,r3i1p1f1,2064,03,06,6.843632868423645,11.843625,1.0482273,2064
17963,r3i1p1f1,2064,03,07,11.176761531652035,11.5585,3.4338822,2064
17964,r3i1p1f1,2064,03,08,15.400566416924862,12.870589,1.731775,2064
17965,r3i1p1f1,2064,03,09,16.61979124154613,13.07736,5.738186,2064
17966,r3i1p1f1,2064,03,10,17.178159123004384,12.801878,4.7332563,2064
17967,r3i1p1f1,2064,03,11,4.669969915732068,14.1526,3.7212121,2064
17968,r3i1p1f1,2064,03,12,16.831223078488343,12.603725,4.912103,2064
17969,r3i1p1f1,2064,03,13,0.6821140677873866,15.355727,1.1699175,2064
17970,r3i1p1f1,2064,03,14,0.021776240147036417,17.030142,0.36463177,2064
17971,r3i1p1f1,2064,03,15,1.9059205918197082,15.454984,0.9607307,2064
17972,r3i1p1f1,2064,03,16,14.830375170303425,10.934051,4.055644,2064
17973,r3i1p1f1,2064,03,17,3.672730817194833,12.390738,1.4407225,2064
17974,r3i1p1f1,2064,03,18,0.0006785892483921172,15.167997,2.1957564,2064
17975,r3i1p1f1,2064,03,19,0.1396816133919029,14.620076,5.817375,2064
17976,r3i1p1f1,2064,03,20,16.302466038279377,13.800882,4.2109747,2064
17977,r3i1p1f1,2064,03,21,0.23926927927250013,16.270576,3.0632231,2064
17978,r3i1p1f1,2064,03,22,0.41335680537237995,17.542652,2.029599,2064
17979,r3i1p1f1,2064,03,23,7.593489856790808,16.411589,3.0635118,2064
17980,r3i1p1f1,2064,03,24,2.5957574754661574,15.1507015,4.525685,2064
17981,r3i1p1f1,2064,03,25,0.02685762994753366,17.823547,1.6529791,2064
17982,r3i1p1f1,2064,03,26,0.004720564887093408,18.267996,3.5930617,2064
17983,r3i1p1f1,2064,03,27,0.09522471247912494,18.47968,3.2058418,2064
17984,r3i1p1f1,2064,03,28,12.126037543338581,16.204376,6.9896965,2064
17985,r3i1p1f1,2064,03,29,0.538443204169391,16.94294,8.716477,2064
17986,r3i1p1f1,2064,03,30,0.0,18.598824,2.8202138,2064
17987,r3i1p1f1,2064,03,31,0.0,20.735277,3.2314248,2064
17988,r3i1p1f1,2064,04,01,5.932623184436869,18.297186,6.5526733,2064
17989,r3i1p1f1,2064,04,02,0.005015634687328146,17.193262,5.7396684,2064
17990,r3i1p1f1,2064,04,03,2.3701593274183157,15.711937,4.679489,2064
17991,r3i1p1f1,2064,04,04,9.764263854489622,15.21501,6.5839033,2064
17992,r3i1p1f1,2064,04,05,0.5709207761515934,16.398445,2.3575397,2064
17993,r3i1p1f1,2064,04,06,3.0606822680993266,14.625929,6.2800856,2064
17994,r3i1p1f1,2064,04,07,0.0801103442790918,14.342199,0.35025668,2064
17995,r3i1p1f1,2064,04,08,0.0,17.815489,1.6035537,2064
17996,r3i1p1f1,2064,04,09,0.0,20.851612,3.9259825,2064
17997,r3i1p1f1,2064,04,10,0.0,21.904835,5.189755,2064
17998,r3i1p1f1,2064,04,11,0.0,22.56484,6.1555257,2064
17999,r3i1p1f1,2064,04,12,0.01280611300678698,23.580847,7.3281164,2064
18000,r3i1p1f1,2064,04,13,0.0,25.93849,7.382796,2064
18001,r3i1p1f1,2064,04,14,0.0,28.09969,9.767737,2064
18002,r3i1p1f1,2064,04,15,0.6111088938500457,26.367798,7.50623,2064
18003,r3i1p1f1,2064,04,16,6.284573494876068,17.454763,5.4484606,2064
18004,r3i1p1f1,2064,04,17,0.5273268347451504,16.308947,3.6757793,2064
18005,r3i1p1f1,2064,04,18,0.0,18.673954,3.7714891,2064
18006,r3i1p1f1,2064,04,19,0.009983006854202937,19.470413,4.1776853,2064
18007,r3i1p1f1,2064,04,20,0.0,20.621231,4.3947487,2064
18008,r3i1p1f1,2064,04,21,0.002989613479285529,19.47393,4.360591,2064
18009,r3i1p1f1,2064,04,22,0.0,21.748247,3.6035717,2064
18010,r3i1p1f1,2064,04,23,0.0,26.247784,6.931481,2064
18011,r3i1p1f1,2064,04,24,0.0,27.371311,8.195963,2064
18012,r3i1p1f1,2064,04,25,0.7050059412225009,25.905798,6.95887,2064
18013,r3i1p1f1,2064,04,26,8.262727521609067,17.70867,5.5903034,2064
18014,r3i1p1f1,2064,04,27,0.06812311072170621,21.532436,5.316914,2064
18015,r3i1p1f1,2064,04,28,0.03150892306373201,22.266554,6.2020035,2064
18016,r3i1p1f1,2064,04,29,0.6112813015561462,21.268467,7.7871704,2064
18017,r3i1p1f1,2064,04,30,0.0,21.447994,5.112451,2064
18018,r3i1p1f1,2064,05,01,0.0,21.393333,6.564675,2064
18019,r3i1p1f1,2064,05,02,0.0,23.801826,5.838756,2064
18020,r3i1p1f1,2064,05,03,0.0,24.621208,7.621056,2064
18021,r3i1p1f1,2064,05,04,0.0,28.355587,10.151627,2064
18022,r3i1p1f1,2064,05,05,0.0,30.290464,12.678372,2064
18023,r3i1p1f1,2064,05,06,0.0,29.320276,12.460943,2064
18024,r3i1p1f1,2064,05,07,0.0,28.05476,9.767814,2064
18025,r3i1p1f1,2064,05,08,0.0,30.685024,11.917712,2064
18026,r3i1p1f1,2064,05,09,0.0,32.598938,13.892877,2064
18027,r3i1p1f1,2064,05,10,0.0,31.70464,13.308047,2064
18028,r3i1p1f1,2064,05,11,0.0,25.696423,8.314941,2064
18029,r3i1p1f1,2064,05,12,0.0,28.085827,9.806496,2064
18030,r3i1p1f1,2064,05,13,0.0,31.725441,12.53975,2064
18031,r3i1p1f1,2064,05,14,0.0,31.695524,12.775825,2064
18032,r3i1p1f1,2064,05,15,0.0,31.303827,12.663822,2064
18033,r3i1p1f1,2064,05,16,0.0,29.520609,11.04074,2064
18034,r3i1p1f1,2064,05,17,0.0,25.40727,7.3887863,2064
18035,r3i1p1f1,2064,05,18,0.0,29.64402,10.123895,2064
18036,r3i1p1f1,2064,05,19,0.0,31.529903,12.273069,2064
18037,r3i1p1f1,2064,05,20,0.0,32.22932,12.908551,2064
18038,r3i1p1f1,2064,05,21,0.0,34.085617,14.094164,2064
18039,r3i1p1f1,2064,05,22,0.0,35.019928,14.65731,2064
18040,r3i1p1f1,2064,05,23,0.0,33.425552,13.795888,2064
18041,r3i1p1f1,2064,05,24,0.0,29.829212,10.839242,2064
18042,r3i1p1f1,2064,05,25,0.0,29.307804,10.799867,2064
18043,r3i1p1f1,2064,05,26,0.0,29.729475,11.160059,2064
18044,r3i1p1f1,2064,05,27,0.02286710245464223,31.564142,13.0487585,2064
18045,r3i1p1f1,2064,05,28,0.23093427018576415,31.844097,13.246715,2064
18046,r3i1p1f1,2064,05,29,0.018622005348327024,33.319847,14.193121,2064
18047,r3i1p1f1,2064,05,30,0.1132525626224268,32.913612,14.548464,2064
18048,r3i1p1f1,2064,05,31,0.0,35.244186,16.266434,2064
18049,r3i1p1f1,2064,06,01,0.0,36.872406,16.459093,2064
18050,r3i1p1f1,2064,06,02,0.008498710142730764,34.924774,16.09335,2064
18051,r3i1p1f1,2064,06,03,0.0,34.32295,16.61667,2064
18052,r3i1p1f1,2064,06,04,0.0,34.741028,15.049022,2064
18053,r3i1p1f1,2064,06,05,0.0,34.310867,15.738598,2064
18054,r3i1p1f1,2064,06,06,0.0,36.871365,16.48047,2064
18055,r3i1p1f1,2064,06,07,0.0,40.25383,18.271912,2064
18056,r3i1p1f1,2064,06,08,0.0,39.699184,20.893185,2064
18057,r3i1p1f1,2064,06,09,0.0,37.915836,18.151226,2064
18058,r3i1p1f1,2064,06,10,0.0,30.905037,12.942361,2064
18059,r3i1p1f1,2064,06,11,0.0,30.655928,12.740003,2064
18060,r3i1p1f1,2064,06,12,0.0,31.048944,13.284155,2064
18061,r3i1p1f1,2064,06,13,0.0,30.588451,13.251117,2064
18062,r3i1p1f1,2064,06,14,0.0,28.01353,10.996682,2064
18063,r3i1p1f1,2064,06,15,0.0,27.548906,10.553461,2064
18064,r3i1p1f1,2064,06,16,0.0,35.872696,14.791558,2064
18065,r3i1p1f1,2064,06,17,0.0,37.29265,17.012705,2064
18066,r3i1p1f1,2064,06,18,0.0,35.918476,17.243858,2064
18067,r3i1p1f1,2064,06,19,0.0,34.66168,15.603972,2064
18068,r3i1p1f1,2064,06,20,0.0006071434913654671,33.000645,15.031321,2064
18069,r3i1p1f1,2064,06,21,0.0,32.121655,13.896489,2064
18070,r3i1p1f1,2064,06,22,0.0,32.757595,14.03136,2064
18071,r3i1p1f1,2064,06,23,0.0,33.510387,15.133764,2064
18072,r3i1p1f1,2064,06,24,0.0,36.117527,16.414953,2064
18073,r3i1p1f1,2064,06,25,0.0,37.711193,17.66816,2064
18074,r3i1p1f1,2064,06,26,0.0,36.623333,16.838398,2064
18075,r3i1p1f1,2064,06,27,0.0,34.65046,14.58245,2064
18076,r3i1p1f1,2064,06,28,0.0,32.138885,14.006862,2064
18077,r3i1p1f1,2064,06,29,0.0,33.146847,14.75733,2064
18078,r3i1p1f1,2064,06,30,0.0,34.541748,15.583974,2064
18079,r3i1p1f1,2064,07,01,0.0,37.27196,16.798094,2064
18080,r3i1p1f1,2064,07,02,0.0,38.74948,18.652102,2064
18081,r3i1p1f1,2064,07,03,0.0,38.453835,18.988802,2064
18082,r3i1p1f1,2064,07,04,0.0,36.297943,17.33996,2064
18083,r3i1p1f1,2064,07,05,0.0,35.47507,17.199738,2064
18084,r3i1p1f1,2064,07,06,0.0,35.031372,16.669569,2064
18085,r3i1p1f1,2064,07,07,0.0,36.040882,16.936293,2064
18086,r3i1p1f1,2064,07,08,0.0,36.539955,17.200203,2064
18087,r3i1p1f1,2064,07,09,0.0,37.333042,17.935078,2064
18088,r3i1p1f1,2064,07,10,0.0,38.453495,18.837633,2064
18089,r3i1p1f1,2064,07,11,0.0,39.318405,20.15043,2064
18090,r3i1p1f1,2064,07,12,0.023775011756118725,39.353897,20.531496,2064
18091,r3i1p1f1,2064,07,13,0.0,38.749165,19.767319,2064
18092,r3i1p1f1,2064,07,14,0.0,37.504364,18.633219,2064
18093,r3i1p1f1,2064,07,15,0.0,35.78631,17.981659,2064
18094,r3i1p1f1,2064,07,16,0.0,36.66355,17.745527,2064
18095,r3i1p1f1,2064,07,17,0.0,35.78907,17.675459,2064
18096,r3i1p1f1,2064,07,18,0.0,34.5047,16.81002,2064
18097,r3i1p1f1,2064,07,19,0.0,36.08725,17.645817,2064
18098,r3i1p1f1,2064,07,20,0.0339374577478421,38.670204,20.749704,2064
18099,r3i1p1f1,2064,07,21,0.02714185061808111,38.662212,21.18469,2064
18100,r3i1p1f1,2064,07,22,0.26268912939210143,36.45336,18.507753,2064
18101,r3i1p1f1,2064,07,23,0.09590625022996613,36.095192,19.568584,2064
18102,r3i1p1f1,2064,07,24,0.0,35.896446,19.558586,2064
18103,r3i1p1f1,2064,07,25,0.0,33.400063,16.955885,2064
18104,r3i1p1f1,2064,07,26,0.0,34.864468,16.943508,2064
18105,r3i1p1f1,2064,07,27,0.0,37.328545,19.071753,2064
18106,r3i1p1f1,2064,07,28,0.0,39.266342,19.675056,2064
18107,r3i1p1f1,2064,07,29,0.0019797001203352756,39.16854,20.269527,2064
18108,r3i1p1f1,2064,07,30,0.0,37.555332,19.36592,2064
18109,r3i1p1f1,2064,07,31,0.0,35.521072,18.564804,2064
18110,r3i1p1f1,2064,08,01,0.0,34.853653,19.028492,2064
18111,r3i1p1f1,2064,08,02,0.0,35.433243,17.964241,2064
18112,r3i1p1f1,2064,08,03,0.0,36.33442,18.038103,2064
18113,r3i1p1f1,2064,08,04,0.0,35.90961,17.139437,2064
18114,r3i1p1f1,2064,08,05,0.0,34.941616,16.301804,2064
18115,r3i1p1f1,2064,08,06,0.0,36.756004,17.823885,2064
18116,r3i1p1f1,2064,08,07,0.0,38.073578,21.197456,2064
18117,r3i1p1f1,2064,08,08,0.5405356508686744,37.54305,20.579416,2064
18118,r3i1p1f1,2064,08,09,0.6439368681855161,35.760067,18.294151,2064
18119,r3i1p1f1,2064,08,10,0.5628700006689707,34.896164,19.056538,2064
18120,r3i1p1f1,2064,08,11,0.0,34.838192,16.45775,2064
18121,r3i1p1f1,2064,08,12,0.030391927524981315,34.564983,18.187323,2064
18122,r3i1p1f1,2064,08,13,0.0020250959575853563,31.015179,15.318054,2064
18123,r3i1p1f1,2064,08,14,0.0,32.49167,16.347553,2064
18124,r3i1p1f1,2064,08,15,0.0,31.931923,15.723585,2064
18125,r3i1p1f1,2064,08,16,0.0,30.702265,15.324104,2064
18126,r3i1p1f1,2064,08,17,0.0,34.49672,17.26272,2064
18127,r3i1p1f1,2064,08,18,0.0,35.22212,17.885456,2064
18128,r3i1p1f1,2064,08,19,0.0,34.351433,16.513702,2064
18129,r3i1p1f1,2064,08,20,0.0,31.909704,15.390341,2064
18130,r3i1p1f1,2064,08,21,0.0033097406567046137,31.781029,15.412781,2064
18131,r3i1p1f1,2064,08,22,0.00687492161170777,34.879517,17.257977,2064
18132,r3i1p1f1,2064,08,23,0.0,35.03575,17.84911,2064
18133,r3i1p1f1,2064,08,24,0.0,33.902702,17.320518,2064
18134,r3i1p1f1,2064,08,25,0.12997513758653606,32.39892,17.642506,2064
18135,r3i1p1f1,2064,08,26,0.3884188844566586,32.11363,17.379095,2064
18136,r3i1p1f1,2064,08,27,0.0,36.174297,18.709133,2064
18137,r3i1p1f1,2064,08,28,0.0,35.343113,18.510891,2064
18138,r3i1p1f1,2064,08,29,0.0,34.69863,18.200813,2064
18139,r3i1p1f1,2064,08,30,0.0,35.350918,16.718048,2064
18140,r3i1p1f1,2064,08,31,0.0,35.71259,16.604626,2064
18141,r3i1p1f1,2064,09,01,0.0,34.949833,17.582043,2064
18142,r3i1p1f1,2064,09,02,0.0,33.84463,17.751114,2064
18143,r3i1p1f1,2064,09,03,0.000782739653280287,32.746494,16.951685,2064
18144,r3i1p1f1,2064,09,04,0.15236856950319966,34.629326,17.206997,2064
18145,r3i1p1f1,2064,09,05,0.004366223389903705,35.36659,17.77829,2064
18146,r3i1p1f1,2064,09,06,0.1860850828763267,36.386097,18.314783,2064
18147,r3i1p1f1,2064,09,07,0.09824118292961044,35.672714,17.827837,2064
18148,r3i1p1f1,2064,09,08,0.23703202463476566,36.2741,18.051636,2064
18149,r3i1p1f1,2064,09,09,0.6304524566026388,36.54105,19.265453,2064
18150,r3i1p1f1,2064,09,10,2.4072631324198674,36.39204,20.03915,2064
18151,r3i1p1f1,2064,09,11,10.095742212989451,32.493618,19.006268,2064
18152,r3i1p1f1,2064,09,12,0.7789859872343985,33.02905,18.2691,2064
18153,r3i1p1f1,2064,09,13,2.741896576833438,33.32209,18.005875,2064
18154,r3i1p1f1,2064,09,14,11.823678965632677,30.22138,16.51139,2064
18155,r3i1p1f1,2064,09,15,16.16444992061588,26.94744,14.15296,2064
18156,r3i1p1f1,2064,09,16,0.3098798547756759,29.218084,14.791935,2064
18157,r3i1p1f1,2064,09,17,2.9228644911188093,29.637611,16.015512,2064
18158,r3i1p1f1,2064,09,18,2.135772472103168,29.023273,15.486437,2064
18159,r3i1p1f1,2064,09,19,0.1554097100751912,28.96027,14.441107,2064
18160,r3i1p1f1,2064,09,20,0.13825873258721197,28.98844,14.937331,2064
18161,r3i1p1f1,2064,09,21,0.7596424625521512,30.089272,15.948848,2064
18162,r3i1p1f1,2064,09,22,2.852471555383862,27.773046,14.469197,2064
18163,r3i1p1f1,2064,09,23,0.058679029792653055,28.854015,13.056569,2064
18164,r3i1p1f1,2064,09,24,0.0,31.313608,15.418823,2064
18165,r3i1p1f1,2064,09,25,0.0,33.332554,16.358555,2064
18166,r3i1p1f1,2064,09,26,0.00017344261957050273,31.202581,15.508151,2064
18167,r3i1p1f1,2064,09,27,0.0,28.057285,13.51927,2064
18168,r3i1p1f1,2064,09,28,0.0,29.43689,12.142106,2064
18169,r3i1p1f1,2064,09,29,0.0,32.573338,13.875207,2064
18170,r3i1p1f1,2064,09,30,0.0,30.28266,12.661198,2064
18171,r3i1p1f1,2064,10,01,0.0,26.811556,11.209735,2064
18172,r3i1p1f1,2064,10,02,0.0,26.482237,12.282322,2064
18173,r3i1p1f1,2064,10,03,0.023197466412746122,22.492056,8.8610115,2064
18174,r3i1p1f1,2064,10,04,0.0,20.214033,6.647831,2064
18175,r3i1p1f1,2064,10,05,0.0,23.83323,6.5359154,2064
18176,r3i1p1f1,2064,10,06,0.0,26.794117,9.539388,2064
18177,r3i1p1f1,2064,10,07,0.0,28.075457,10.016177,2064
18178,r3i1p1f1,2064,10,08,0.0,28.146896,10.695379,2064
18179,r3i1p1f1,2064,10,09,0.0,28.52136,11.652268,2064
18180,r3i1p1f1,2064,10,10,0.0,27.88933,10.521071,2064
18181,r3i1p1f1,2064,10,11,0.0,26.339869,9.568751,2064
18182,r3i1p1f1,2064,10,12,0.0,25.224375,8.263716,2064
18183,r3i1p1f1,2064,10,13,0.0,25.213867,8.118429,2064
18184,r3i1p1f1,2064,10,14,0.0,29.085073,11.312173,2064
18185,r3i1p1f1,2064,10,15,0.0,31.289927,14.064778,2064
18186,r3i1p1f1,2064,10,16,0.0,30.605703,14.514421,2064
18187,r3i1p1f1,2064,10,17,0.0,33.313217,17.083536,2064
18188,r3i1p1f1,2064,10,18,0.0,33.953415,16.580694,2064
18189,r3i1p1f1,2064,10,19,0.0,31.362886,12.12814,2064
18190,r3i1p1f1,2064,10,20,0.0,27.654654,10.65377,2064
18191,r3i1p1f1,2064,10,21,0.0,25.66491,13.671982,2064
18192,r3i1p1f1,2064,10,22,1.6618637441900896,24.834665,12.675111,2064
18193,r3i1p1f1,2064,10,23,0.1353072408655311,23.464602,11.32853,2064
18194,r3i1p1f1,2064,10,24,0.8338248837059258,21.402563,9.104738,2064
18195,r3i1p1f1,2064,10,25,0.0,19.77474,4.9316607,2064
18196,r3i1p1f1,2064,10,26,0.0,20.139555,4.3971586,2064
18197,r3i1p1f1,2064,10,27,0.6767774080413581,19.726236,7.099613,2064
18198,r3i1p1f1,2064,10,28,0.8777152741961827,17.665092,5.6622596,2064
18199,r3i1p1f1,2064,10,29,0.0,17.183878,4.0545206,2064
18200,r3i1p1f1,2064,10,30,0.0,18.249317,3.3964097,2064
18201,r3i1p1f1,2064,10,31,0.0,20.583109,4.4223166,2064
18202,r3i1p1f1,2064,11,01,0.0,19.904943,4.4963417,2064
18203,r3i1p1f1,2064,11,02,0.0,19.560118,5.0955644,2064
18204,r3i1p1f1,2064,11,03,0.0,17.607912,2.9683018,2064
18205,r3i1p1f1,2064,11,04,0.003892150813375007,17.595043,3.5849998,2064
18206,r3i1p1f1,2064,11,05,0.0,18.06419,4.143097,2064
18207,r3i1p1f1,2064,11,06,0.0015996845093358195,21.03438,5.4275966,2064
18208,r3i1p1f1,2064,11,07,0.8326796911718372,21.151676,8.958863,2064
18209,r3i1p1f1,2064,11,08,0.04041717616818267,20.25794,7.6626997,2064
18210,r3i1p1f1,2064,11,09,0.0,19.936363,5.9862056,2064
18211,r3i1p1f1,2064,11,10,0.0,19.753471,7.723234,2064
18212,r3i1p1f1,2064,11,11,0.010393153722609648,18.211813,7.838348,2064
18213,r3i1p1f1,2064,11,12,0.07591123710330011,17.854387,5.130503,2064
18214,r3i1p1f1,2064,11,13,0.021330805285481,18.921545,4.008395,2064
18215,r3i1p1f1,2064,11,14,0.0,19.862904,4.6344013,2064
18216,r3i1p1f1,2064,11,15,0.0,20.778856,5.649509,2064
18217,r3i1p1f1,2064,11,16,0.0,21.731617,5.281525,2064
18218,r3i1p1f1,2064,11,17,0.0,22.098917,5.4918785,2064
18219,r3i1p1f1,2064,11,18,0.0,22.885498,6.3368177,2064
18220,r3i1p1f1,2064,11,19,0.0,24.05698,7.7263556,2064
18221,r3i1p1f1,2064,11,20,0.0,25.47999,8.931216,2064
18222,r3i1p1f1,2064,11,21,0.0,25.816582,9.074104,2064
18223,r3i1p1f1,2064,11,22,0.0,26.629473,10.119606,2064
18224,r3i1p1f1,2064,11,23,0.0,27.037104,10.754624,2064
18225,r3i1p1f1,2064,11,24,0.0,25.054482,9.4383135,2064
18226,r3i1p1f1,2064,11,25,0.0,23.634413,7.169321,2064
18227,r3i1p1f1,2064,11,26,0.0,24.383245,7.8048697,2064
18228,r3i1p1f1,2064,11,27,0.0,24.698668,8.918294,2064
18229,r3i1p1f1,2064,11,28,0.0,25.710976,8.481646,2064
18230,r3i1p1f1,2064,11,29,0.0,24.668276,7.6210585,2064
18231,r3i1p1f1,2064,11,30,0.0,21.45132,4.1299567,2064
18232,r3i1p1f1,2064,12,01,0.0,19.262686,6.0458226,2064
18233,r3i1p1f1,2064,12,02,0.0,21.898577,6.811823,2064
18234,r3i1p1f1,2064,12,03,0.0,21.554798,8.008937,2064
18235,r3i1p1f1,2064,12,04,0.12766822607194295,17.88072,4.711965,2064
18236,r3i1p1f1,2064,12,05,0.0,13.424212,-0.2282848,2064
18237,r3i1p1f1,2064,12,06,0.06293004793846965,16.119127,1.8714778,2064
18238,r3i1p1f1,2064,12,07,7.735234217964744,13.230932,3.1258833,2064
18239,r3i1p1f1,2064,12,08,0.0,8.77086,-3.6241553,2064
18240,r3i1p1f1,2064,12,09,0.0018261215176828432,8.236442,-3.9909353,2064
18241,r3i1p1f1,2064,12,10,1.1163648292076136,7.9033275,-3.9786108,2064
18242,r3i1p1f1,2064,12,11,27.91819271719732,7.522945,-0.87943226,2064
18243,r3i1p1f1,2064,12,12,1.755477937927198,9.010256,-1.0828344,2064
18244,r3i1p1f1,2064,12,13,0.360281551697743,8.925626,-0.19870482,2064
18245,r3i1p1f1,2064,12,14,0.40211987501992774,7.7286773,-0.4911773,2064
18246,r3i1p1f1,2064,12,15,0.0,5.717724,-7.086674,2064
18247,r3i1p1f1,2064,12,16,0.0,9.076062,-4.914167,2064
18248,r3i1p1f1,2064,12,17,0.0,11.751689,-1.5095613,2064
18249,r3i1p1f1,2064,12,18,0.0,13.8944845,-0.010824061,2064
18250,r3i1p1f1,2064,12,19,0.0,11.565739,-1.4134207,2064
18251,r3i1p1f1,2064,12,20,0.0,11.721264,-0.7871963,2064
18252,r3i1p1f1,2064,12,21,0.0,10.035093,-1.943643,2064
18253,r3i1p1f1,2064,12,22,0.0,14.573015,2.2310338,2064
18254,r3i1p1f1,2064,12,23,0.0,14.391356,1.1415825,2064
18255,r3i1p1f1,2064,12,24,0.031700292147985296,13.084773,0.7461244,2064
18256,r3i1p1f1,2064,12,25,0.0,11.769313,-1.1853882,2064
18257,r3i1p1f1,2064,12,26,0.0,12.984534,0.2883808,2064
18258,r3i1p1f1,2064,12,27,0.0,12.261072,-1.604049,2064
18259,r3i1p1f1,2064,12,28,1.7966272757968744,11.179316,0.28995767,2064
18260,r3i1p1f1,2064,12,29,31.12345501230183,10.62216,1.5837209,2064
18261,r3i1p1f1,2064,12,30,10.403233252811443,11.94862,3.223999,2064
18262,r3i1p1f1,2064,12,31,2.7469261809864927,10.239136,-0.9874764,2064
18263,r3i1p1f1,2065,01,01,0.017336397343597404,8.341405,-1.4398955,2065
18264,r3i1p1f1,2065,01,02,0.04570722745980178,8.3367195,-0.5038551,2065
18265,r3i1p1f1,2065,01,03,25.945437037816824,9.793805,0.46192035,2065
18266,r3i1p1f1,2065,01,04,24.65632794737096,11.537214,3.0478756,2065
18267,r3i1p1f1,2065,01,05,8.923646362523098,15.718756,3.973811,2065
18268,r3i1p1f1,2065,01,06,1.0314690186086493,14.377416,6.4467216,2065
18269,r3i1p1f1,2065,01,07,0.0,13.009224,0.6897635,2065
18270,r3i1p1f1,2065,01,08,0.2903726188078233,13.250526,5.854896,2065
18271,r3i1p1f1,2065,01,09,0.0056105611182636385,13.753847,4.165827,2065
18272,r3i1p1f1,2065,01,10,0.0,13.292532,-0.3624805,2065
18273,r3i1p1f1,2065,01,11,0.0,13.600241,0.16858381,2065
18274,r3i1p1f1,2065,01,12,0.0,12.582826,-0.83021456,2065
18275,r3i1p1f1,2065,01,13,0.0,16.655388,3.9220433,2065
18276,r3i1p1f1,2065,01,14,0.0,15.410801,2.5689216,2065
18277,r3i1p1f1,2065,01,15,0.0,14.846244,1.532329,2065
18278,r3i1p1f1,2065,01,16,0.0,15.244788,4.1217422,2065
18279,r3i1p1f1,2065,01,17,0.005954324953949474,14.243291,3.9679942,2065
18280,r3i1p1f1,2065,01,18,0.12969998776746003,13.90082,5.2889237,2065
18281,r3i1p1f1,2065,01,19,0.0,13.4994,0.04357551,2065
18282,r3i1p1f1,2065,01,20,0.0,13.003399,-0.34150594,2065
18283,r3i1p1f1,2065,01,21,0.0,16.041372,1.6701701,2065
18284,r3i1p1f1,2065,01,22,0.0,15.795825,2.327876,2065
18285,r3i1p1f1,2065,01,23,0.0,16.263302,3.3852947,2065
18286,r3i1p1f1,2065,01,24,0.0,15.814722,1.4177517,2065
18287,r3i1p1f1,2065,01,25,0.0,14.226859,2.269601,2065
18288,r3i1p1f1,2065,01,26,0.0,19.792135,5.361085,2065
18289,r3i1p1f1,2065,01,27,0.0,19.70072,5.1388655,2065
18290,r3i1p1f1,2065,01,28,0.0,20.752687,6.0890164,2065
18291,r3i1p1f1,2065,01,29,0.43958307134082797,19.667448,6.284687,2065
18292,r3i1p1f1,2065,01,30,25.04943565303234,15.245907,7.796255,2065
18293,r3i1p1f1,2065,01,31,0.3345980134787224,14.181502,3.895797,2065
18294,r3i1p1f1,2065,02,01,0.3184670508413877,13.970874,5.428696,2065
18295,r3i1p1f1,2065,02,02,4.5275161203960925,12.719559,5.360717,2065
18296,r3i1p1f1,2065,02,03,8.380670268797985,14.6237955,4.2131042,2065
18297,r3i1p1f1,2065,02,04,0.8671932023913321,14.709447,6.1183777,2065
18298,r3i1p1f1,2065,02,05,2.3602239891541403,15.913251,5.1074615,2065
18299,r3i1p1f1,2065,02,06,0.0,17.70719,2.9692945,2065
18300,r3i1p1f1,2065,02,07,15.253308211478835,17.522457,7.583114,2065
18301,r3i1p1f1,2065,02,08,2.4592053565301644,14.948488,3.5778866,2065
18302,r3i1p1f1,2065,02,09,0.0012573391855271025,16.322598,2.2607918,2065
18303,r3i1p1f1,2065,02,10,3.016054888427761,17.586575,5.68493,2065
18304,r3i1p1f1,2065,02,11,5.960252055904979,15.629915,6.7312016,2065
18305,r3i1p1f1,2065,02,12,6.748323028185758,16.331554,5.3329225,2065
18306,r3i1p1f1,2065,02,13,0.0,16.359947,1.9555289,2065
18307,r3i1p1f1,2065,02,14,0.07259611458059888,17.694595,4.438434,2065
18308,r3i1p1f1,2065,02,15,0.0,19.557138,4.9145756,2065
18309,r3i1p1f1,2065,02,16,1.787209462839228,18.883312,5.1701794,2065
18310,r3i1p1f1,2065,02,17,1.9504269477252048,14.5122,4.8882155,2065
18311,r3i1p1f1,2065,02,18,0.0038071946156295862,14.51223,1.0722803,2065
18312,r3i1p1f1,2065,02,19,0.0,16.803661,2.3370488,2065
18313,r3i1p1f1,2065,02,20,0.0021117118497689566,18.768347,4.8846765,2065
18314,r3i1p1f1,2065,02,21,7.334351280428977,16.988953,5.436207,2065
18315,r3i1p1f1,2065,02,22,0.22224733879931702,11.9225025,1.9238099,2065
18316,r3i1p1f1,2065,02,23,0.1731402078417666,13.357744,2.239682,2065
18317,r3i1p1f1,2065,02,24,0.07123187651758957,14.326261,1.0391244,2065
18318,r3i1p1f1,2065,02,25,0.1064813822416578,15.542386,2.3645332,2065
18319,r3i1p1f1,2065,02,26,1.4602445013125278,14.405422,3.910198,2065
18320,r3i1p1f1,2065,02,27,0.0931550239373323,12.596669,1.1701963,2065
18321,r3i1p1f1,2065,02,28,0.0,15.034041,1.696137,2065
18322,r3i1p1f1,2065,03,01,0.0,16.47722,-0.60999787,2065
18323,r3i1p1f1,2065,03,02,0.0,20.956161,2.805763,2065
18324,r3i1p1f1,2065,03,03,0.0,22.159067,4.402538,2065
18325,r3i1p1f1,2065,03,04,0.04075545292421752,20.578096,7.15033,2065
18326,r3i1p1f1,2065,03,05,0.4512017873631438,18.561522,6.191316,2065
18327,r3i1p1f1,2065,03,06,1.2070851233651907,17.717793,5.681633,2065
18328,r3i1p1f1,2065,03,07,0.2291244124132914,20.938757,5.210347,2065
18329,r3i1p1f1,2065,03,08,0.0,23.516481,6.5930066,2065
18330,r3i1p1f1,2065,03,09,0.0,23.704702,6.816321,2065
18331,r3i1p1f1,2065,03,10,0.0,24.360403,8.003411,2065
18332,r3i1p1f1,2065,03,11,0.0,25.282522,9.523496,2065
18333,r3i1p1f1,2065,03,12,0.0,25.136356,8.562474,2065
18334,r3i1p1f1,2065,03,13,0.0,22.371138,7.152193,2065
18335,r3i1p1f1,2065,03,14,0.0,21.24642,3.9799058,2065
18336,r3i1p1f1,2065,03,15,0.0035329371475558164,20.489891,5.6538134,2065
18337,r3i1p1f1,2065,03,16,0.10442707195497034,21.25449,7.066861,2065
18338,r3i1p1f1,2065,03,17,0.015923639454713062,22.285114,5.066224,2065
18339,r3i1p1f1,2065,03,18,0.08629847343951097,24.11405,7.541495,2065
18340,r3i1p1f1,2065,03,19,0.0,24.243364,6.254881,2065
18341,r3i1p1f1,2065,03,20,1.8444420994494453,22.308796,5.4284425,2065
18342,r3i1p1f1,2065,03,21,25.997349837196065,13.79608,5.6668715,2065
18343,r3i1p1f1,2065,03,22,1.66446057036217,15.61397,0.7864034,2065
18344,r3i1p1f1,2065,03,23,17.69903887856565,14.741791,5.232764,2065
18345,r3i1p1f1,2065,03,24,46.3252139876766,13.747329,6.97409,2065
18346,r3i1p1f1,2065,03,25,38.34469336063855,13.624549,6.329831,2065
18347,r3i1p1f1,2065,03,26,1.879902458120644,14.7066345,1.2829195,2065
18348,r3i1p1f1,2065,03,27,0.0,16.820627,1.7838832,2065
18349,r3i1p1f1,2065,03,28,0.0,20.78772,3.714882,2065
18350,r3i1p1f1,2065,03,29,0.0,22.532408,5.073999,2065
18351,r3i1p1f1,2065,03,30,0.0,23.374645,7.3855,2065
18352,r3i1p1f1,2065,03,31,0.0,23.954977,9.081068,2065
18353,r3i1p1f1,2065,04,01,0.0,23.611715,8.346826,2065
18354,r3i1p1f1,2065,04,02,0.0,23.287886,8.333071,2065
18355,r3i1p1f1,2065,04,03,0.0,22.30679,6.896513,2065
18356,r3i1p1f1,2065,04,04,0.0025361812334846368,19.688978,3.198224,2065
18357,r3i1p1f1,2065,04,05,0.007334700644467816,17.748762,3.003172,2065
18358,r3i1p1f1,2065,04,06,0.0,21.079313,3.000876,2065
18359,r3i1p1f1,2065,04,07,0.0,22.751465,4.8694468,2065
18360,r3i1p1f1,2065,04,08,0.0,23.970762,5.499909,2065
18361,r3i1p1f1,2065,04,09,0.0,26.57823,8.21301,2065
18362,r3i1p1f1,2065,04,10,0.0,30.966646,11.058273,2065
18363,r3i1p1f1,2065,04,11,0.0,34.750233,15.158395,2065
18364,r3i1p1f1,2065,04,12,0.0,35.370243,15.976642,2065
18365,r3i1p1f1,2065,04,13,0.0,32.389786,12.917282,2065
18366,r3i1p1f1,2065,04,14,0.0,29.552546,10.286259,2065
18367,r3i1p1f1,2065,04,15,0.0,25.71234,7.482816,2065
18368,r3i1p1f1,2065,04,16,0.0,28.497965,8.351623,2065
18369,r3i1p1f1,2065,04,17,0.0,29.309668,8.919898,2065
18370,r3i1p1f1,2065,04,18,0.0,28.894773,10.024139,2065
18371,r3i1p1f1,2065,04,19,0.05745080115792172,26.349558,10.329923,2065
18372,r3i1p1f1,2065,04,20,0.03513131347118002,25.226622,8.2766485,2065
18373,r3i1p1f1,2065,04,21,0.12775812216480545,25.533808,7.398604,2065
18374,r3i1p1f1,2065,04,22,0.023260164608390452,25.732346,7.160179,2065
18375,r3i1p1f1,2065,04,23,0.016518139816594845,26.780977,8.412391,2065
18376,r3i1p1f1,2065,04,24,0.0,28.323412,9.443555,2065
18377,r3i1p1f1,2065,04,25,0.06991065717584481,30.957098,11.383236,2065
18378,r3i1p1f1,2065,04,26,0.03509207284823236,31.771177,13.084071,2065
18379,r3i1p1f1,2065,04,27,0.0,30.263542,10.799066,2065
18380,r3i1p1f1,2065,04,28,0.0,29.30247,9.5038,2065
18381,r3i1p1f1,2065,04,29,0.0008853979295853412,31.302153,11.612297,2065
18382,r3i1p1f1,2065,04,30,0.0,31.870764,12.994381,2065
18383,r3i1p1f1,2065,05,01,0.0,31.321243,12.362688,2065
18384,r3i1p1f1,2065,05,02,0.0,30.591764,11.900554,2065
18385,r3i1p1f1,2065,05,03,0.0,31.047619,11.942425,2065
18386,r3i1p1f1,2065,05,04,0.0,31.429619,12.489225,2065
18387,r3i1p1f1,2065,05,05,0.0,30.64912,12.499013,2065
18388,r3i1p1f1,2065,05,06,0.0,29.14442,10.361969,2065
18389,r3i1p1f1,2065,05,07,0.0,30.83117,11.504902,2065
18390,r3i1p1f1,2065,05,08,0.0,29.833979,10.8347225,2065
18391,r3i1p1f1,2065,05,09,0.015523155064632496,24.799726,8.479119,2065
18392,r3i1p1f1,2065,05,10,0.0,24.478973,6.490222,2065
18393,r3i1p1f1,2065,05,11,0.0,28.40642,9.363749,2065
18394,r3i1p1f1,2065,05,12,0.0,32.295986,12.455249,2065
18395,r3i1p1f1,2065,05,13,0.0,34.550022,15.016894,2065
18396,r3i1p1f1,2065,05,14,0.0,34.992577,14.786758,2065
18397,r3i1p1f1,2065,05,15,0.0,33.36193,13.639271,2065
18398,r3i1p1f1,2065,05,16,0.0,30.056555,10.797708,2065
18399,r3i1p1f1,2065,05,17,0.0,27.62927,8.208976,2065
18400,r3i1p1f1,2065,05,18,0.0,23.96408,5.1337767,2065
18401,r3i1p1f1,2065,05,19,0.0,24.831255,6.028346,2065
18402,r3i1p1f1,2065,05,20,0.0,23.85349,5.47574,2065
18403,r3i1p1f1,2065,05,21,0.0,21.413033,4.236689,2065
18404,r3i1p1f1,2065,05,22,0.0,23.65143,5.0897365,2065
18405,r3i1p1f1,2065,05,23,0.0027506505549271506,21.700998,6.2031198,2065
18406,r3i1p1f1,2065,05,24,0.06569121137241989,21.512426,7.0590034,2065
18407,r3i1p1f1,2065,05,25,0.0,28.470297,7.64536,2065
18408,r3i1p1f1,2065,05,26,0.0,34.120354,14.438366,2065
18409,r3i1p1f1,2065,05,27,0.0,37.340485,17.884537,2065
18410,r3i1p1f1,2065,05,28,0.0,36.123543,15.815036,2065
18411,r3i1p1f1,2065,05,29,0.0006160118871114471,32.68544,13.296787,2065
18412,r3i1p1f1,2065,05,30,0.00041895281438800424,25.048538,8.266152,2065
18413,r3i1p1f1,2065,05,31,0.0,22.118505,5.37127,2065
18414,r3i1p1f1,2065,06,01,0.008054242441148468,23.427332,6.6420712,2065
18415,r3i1p1f1,2065,06,02,0.0,28.545097,9.565215,2065
18416,r3i1p1f1,2065,06,03,0.0,31.70632,12.684261,2065
18417,r3i1p1f1,2065,06,04,0.0,30.563879,12.16105,2065
18418,r3i1p1f1,2065,06,05,0.0,29.116652,11.437566,2065
18419,r3i1p1f1,2065,06,06,0.0,29.177052,11.948867,2065
18420,r3i1p1f1,2065,06,07,0.0,35.378933,14.913619,2065
18421,r3i1p1f1,2065,06,08,0.0,37.68854,17.551119,2065
18422,r3i1p1f1,2065,06,09,0.0,37.01036,16.878523,2065
18423,r3i1p1f1,2065,06,10,0.0,38.68241,18.15107,2065
18424,r3i1p1f1,2065,06,11,0.0,38.704453,19.418325,2065
18425,r3i1p1f1,2065,06,12,0.0,37.041588,16.618315,2065
18426,r3i1p1f1,2065,06,13,0.0,32.012337,14.049372,2065
18427,r3i1p1f1,2065,06,14,0.0,31.959393,13.24438,2065
18428,r3i1p1f1,2065,06,15,0.0,32.752243,13.844571,2065
18429,r3i1p1f1,2065,06,16,0.0,33.28712,14.578844,2065
18430,r3i1p1f1,2065,06,17,0.0,36.824028,17.376554,2065
18431,r3i1p1f1,2065,06,18,0.0,35.662647,17.102768,2065
18432,r3i1p1f1,2065,06,19,0.0,34.53588,15.414913,2065
18433,r3i1p1f1,2065,06,20,0.0,30.014004,12.6455145,2065
18434,r3i1p1f1,2065,06,21,0.0,26.118074,11.520407,2065
18435,r3i1p1f1,2065,06,22,0.0,27.22065,8.277755,2065
18436,r3i1p1f1,2065,06,23,0.0,25.801298,10.385922,2065
18437,r3i1p1f1,2065,06,24,0.0,24.938097,8.314832,2065
18438,r3i1p1f1,2065,06,25,8.995515161388374,24.866306,9.71381,2065
18439,r3i1p1f1,2065,06,26,3.3207583230112947,26.275892,9.940276,2065
18440,r3i1p1f1,2065,06,27,0.4755856064553937,27.80471,11.268939,2065
18441,r3i1p1f1,2065,06,28,0.04294754172213178,30.785816,12.324046,2065
18442,r3i1p1f1,2065,06,29,0.2735902709008025,32.775806,13.939928,2065
18443,r3i1p1f1,2065,06,30,0.002419875200950738,34.231884,15.193063,2065
18444,r3i1p1f1,2065,07,01,0.0,32.836777,14.736752,2065
18445,r3i1p1f1,2065,07,02,0.04738915417957204,31.66595,14.308028,2065
18446,r3i1p1f1,2065,07,03,0.0,30.769226,12.9944105,2065
18447,r3i1p1f1,2065,07,04,8.492063815620813e-05,29.897621,12.505525,2065
18448,r3i1p1f1,2065,07,05,0.0,33.82372,15.39434,2065
18449,r3i1p1f1,2065,07,06,0.0,37.515778,19.75197,2065
18450,r3i1p1f1,2065,07,07,0.0,36.800674,19.10112,2065
18451,r3i1p1f1,2065,07,08,0.0,32.852615,15.366153,2065
18452,r3i1p1f1,2065,07,09,0.0,33.46022,16.75529,2065
18453,r3i1p1f1,2065,07,10,0.0,37.628113,19.063622,2065
18454,r3i1p1f1,2065,07,11,0.0,38.944992,19.635614,2065
18455,r3i1p1f1,2065,07,12,0.0,38.775696,19.279444,2065
18456,r3i1p1f1,2065,07,13,0.0,38.3582,19.597265,2065
18457,r3i1p1f1,2065,07,14,0.0,36.97718,18.768646,2065
18458,r3i1p1f1,2065,07,15,0.0,35.75119,17.846247,2065
18459,r3i1p1f1,2065,07,16,0.0,33.539078,16.477547,2065
18460,r3i1p1f1,2065,07,17,0.0,30.545553,14.09554,2065
18461,r3i1p1f1,2065,07,18,0.0,29.162773,13.180166,2065
18462,r3i1p1f1,2065,07,19,0.0,29.197226,14.3003845,2065
18463,r3i1p1f1,2065,07,20,0.0,32.063446,15.628782,2065
18464,r3i1p1f1,2065,07,21,0.0,34.128227,16.56069,2065
18465,r3i1p1f1,2065,07,22,0.0,34.254425,17.26628,2065
18466,r3i1p1f1,2065,07,23,0.0,34.484005,18.453165,2065
18467,r3i1p1f1,2065,07,24,0.0,35.51409,18.081726,2065
18468,r3i1p1f1,2065,07,25,0.0,36.47333,18.320389,2065
18469,r3i1p1f1,2065,07,26,0.0031490725726171427,37.69949,19.660938,2065
18470,r3i1p1f1,2065,07,27,0.0,40.04348,20.71516,2065
18471,r3i1p1f1,2065,07,28,0.0,42.815647,22.54861,2065
18472,r3i1p1f1,2065,07,29,0.0009978335759969373,43.444866,24.130136,2065
18473,r3i1p1f1,2065,07,30,0.09985758309167894,43.14077,22.718737,2065
18474,r3i1p1f1,2065,07,31,0.010449682101325103,40.46894,21.205809,2065
18475,r3i1p1f1,2065,08,01,0.0,38.173508,19.650864,2065
18476,r3i1p1f1,2065,08,02,0.0,36.074165,18.402763,2065
18477,r3i1p1f1,2065,08,03,0.0,36.390488,17.81918,2065
18478,r3i1p1f1,2065,08,04,0.04992386975297422,37.39163,17.749733,2065
18479,r3i1p1f1,2065,08,05,0.014796611468420562,36.631374,19.144669,2065
18480,r3i1p1f1,2065,08,06,0.8856111535935656,34.095127,20.591492,2065
18481,r3i1p1f1,2065,08,07,4.174578591954549,34.479504,20.124067,2065
18482,r3i1p1f1,2065,08,08,0.9063350736808692,35.490784,19.881268,2065
18483,r3i1p1f1,2065,08,09,0.4468453493565462,37.53519,20.219397,2065
18484,r3i1p1f1,2065,08,10,0.0,37.802288,20.120378,2065
18485,r3i1p1f1,2065,08,11,0.0,36.717155,19.52596,2065
18486,r3i1p1f1,2065,08,12,0.0,35.295116,16.970343,2065
18487,r3i1p1f1,2065,08,13,0.0,32.38045,15.323657,2065
18488,r3i1p1f1,2065,08,14,0.0,32.497105,15.371377,2065
18489,r3i1p1f1,2065,08,15,0.0,35.036602,17.404385,2065
18490,r3i1p1f1,2065,08,16,0.0,33.29011,20.377611,2065
18491,r3i1p1f1,2065,08,17,0.0,32.8716,18.476095,2065
18492,r3i1p1f1,2065,08,18,0.0,32.309517,17.38631,2065
18493,r3i1p1f1,2065,08,19,0.0,31.622538,15.876637,2065
18494,r3i1p1f1,2065,08,20,0.0,30.79555,14.13599,2065
18495,r3i1p1f1,2065,08,21,0.0,34.553688,15.939599,2065
18496,r3i1p1f1,2065,08,22,0.0,36.954,17.728273,2065
18497,r3i1p1f1,2065,08,23,0.15942645706783162,35.860245,19.039408,2065
18498,r3i1p1f1,2065,08,24,1.00905511270839,32.15533,18.213848,2065
18499,r3i1p1f1,2065,08,25,0.0,34.02282,16.642126,2065
18500,r3i1p1f1,2065,08,26,0.06189679323473352,35.641876,18.48573,2065
18501,r3i1p1f1,2065,08,27,0.2537775781684104,36.604176,19.123358,2065
18502,r3i1p1f1,2065,08,28,0.5597323237143979,35.968163,18.973562,2065
18503,r3i1p1f1,2065,08,29,0.0,35.804012,17.847464,2065
18504,r3i1p1f1,2065,08,30,0.24954570562289463,36.858463,17.798193,2065
18505,r3i1p1f1,2065,08,31,0.29149712571366265,36.864124,18.58442,2065
18506,r3i1p1f1,2065,09,01,0.0,36.1087,19.973776,2065
18507,r3i1p1f1,2065,09,02,2.5838124918553866e-05,35.15231,20.40909,2065
18508,r3i1p1f1,2065,09,03,0.0010752486008586306,34.54608,18.581446,2065
18509,r3i1p1f1,2065,09,04,0.0,34.880672,18.489628,2065
18510,r3i1p1f1,2065,09,05,0.0,35.060444,18.224182,2065
18511,r3i1p1f1,2065,09,06,0.0,35.28605,18.210957,2065
18512,r3i1p1f1,2065,09,07,0.0,35.09417,17.928339,2065
18513,r3i1p1f1,2065,09,08,0.0,34.57262,17.785694,2065
18514,r3i1p1f1,2065,09,09,0.0,33.795116,17.945868,2065
18515,r3i1p1f1,2065,09,10,0.004809201081198725,33.95446,18.262838,2065
18516,r3i1p1f1,2065,09,11,0.0,35.012424,18.311161,2065
18517,r3i1p1f1,2065,09,12,0.20566675657943106,34.093452,19.116676,2065
18518,r3i1p1f1,2065,09,13,0.03132839770042858,34.77234,17.650928,2065
18519,r3i1p1f1,2065,09,14,0.0,34.51763,18.177065,2065
18520,r3i1p1f1,2065,09,15,0.0,35.56277,18.042046,2065
18521,r3i1p1f1,2065,09,16,0.9354403744520934,36.36935,20.111927,2065
18522,r3i1p1f1,2065,09,17,0.3430632236709106,36.751038,18.816252,2065
18523,r3i1p1f1,2065,09,18,2.7102921753821922,36.10581,20.369017,2065
18524,r3i1p1f1,2065,09,19,0.04349086416616708,34.99657,18.441217,2065
18525,r3i1p1f1,2065,09,20,0.0,32.439133,15.58978,2065
18526,r3i1p1f1,2065,09,21,0.0,29.503717,13.352884,2065
18527,r3i1p1f1,2065,09,22,0.0,30.702875,15.729374,2065
18528,r3i1p1f1,2065,09,23,0.0,31.426344,14.869688,2065
18529,r3i1p1f1,2065,09,24,0.0,29.255243,13.791677,2065
18530,r3i1p1f1,2065,09,25,0.0,26.365257,11.06596,2065
18531,r3i1p1f1,2065,09,26,0.0,28.478455,12.397529,2065
18532,r3i1p1f1,2065,09,27,0.0,30.607428,12.105054,2065
18533,r3i1p1f1,2065,09,28,0.0,29.719501,11.804608,2065
18534,r3i1p1f1,2065,09,29,0.0,29.873632,12.995735,2065
18535,r3i1p1f1,2065,09,30,0.0,30.993683,12.606483,2065
18536,r3i1p1f1,2065,10,01,0.0,32.40693,13.783976,2065
18537,r3i1p1f1,2065,10,02,0.0,33.518932,14.896724,2065
18538,r3i1p1f1,2065,10,03,0.0,34.54289,15.542759,2065
18539,r3i1p1f1,2065,10,04,0.0,34.157272,15.368017,2065
18540,r3i1p1f1,2065,10,05,0.015515328504437948,35.118744,18.505457,2065
18541,r3i1p1f1,2065,10,06,0.0,36.225918,19.125645,2065
18542,r3i1p1f1,2065,10,07,0.0,36.891407,19.15228,2065
18543,r3i1p1f1,2065,10,08,0.00037640566006302834,35.996864,19.020782,2065
18544,r3i1p1f1,2065,10,09,0.0,33.521458,16.907955,2065
18545,r3i1p1f1,2065,10,10,0.0,30.72169,13.785576,2065
18546,r3i1p1f1,2065,10,11,0.0,31.02178,13.400457,2065
18547,r3i1p1f1,2065,10,12,0.0,30.258204,12.563822,2065
18548,r3i1p1f1,2065,10,13,0.0,28.884066,13.297986,2065
18549,r3i1p1f1,2065,10,14,0.0,25.805296,11.618391,2065
18550,r3i1p1f1,2065,10,15,0.0,25.194265,10.403564,2065
18551,r3i1p1f1,2065,10,16,0.0,25.125338,9.329618,2065
18552,r3i1p1f1,2065,10,17,0.0,24.382275,9.362522,2065
18553,r3i1p1f1,2065,10,18,0.0017459522066267461,22.642263,8.997546,2065
18554,r3i1p1f1,2065,10,19,0.0,21.050915,7.866254,2065
18555,r3i1p1f1,2065,10,20,0.0,20.531012,7.2540145,2065
18556,r3i1p1f1,2065,10,21,2.8701665275002597,21.951565,10.437649,2065
18557,r3i1p1f1,2065,10,22,0.3434785714842182,21.202337,9.3475065,2065
18558,r3i1p1f1,2065,10,23,0.0,22.16935,6.776524,2065
18559,r3i1p1f1,2065,10,24,0.0,22.848768,9.428556,2065
18560,r3i1p1f1,2065,10,25,0.0,26.9932,9.5713825,2065
18561,r3i1p1f1,2065,10,26,0.0,28.58677,11.404732,2065
18562,r3i1p1f1,2065,10,27,0.0,26.693003,11.32911,2065
18563,r3i1p1f1,2065,10,28,0.0,19.980043,5.675782,2065
18564,r3i1p1f1,2065,10,29,0.0,18.875282,5.8518414,2065
18565,r3i1p1f1,2065,10,30,0.0,18.310421,5.706791,2065
18566,r3i1p1f1,2065,10,31,0.0,19.023548,3.6720638,2065
18567,r3i1p1f1,2065,11,01,0.0,21.477709,5.8295193,2065
18568,r3i1p1f1,2065,11,02,0.0,23.519606,6.6529565,2065
18569,r3i1p1f1,2065,11,03,0.0,23.961563,7.444084,2065
18570,r3i1p1f1,2065,11,04,0.9098993751721344,23.424088,7.430212,2065
18571,r3i1p1f1,2065,11,05,2.2658785267853863,18.00886,8.1256075,2065
18572,r3i1p1f1,2065,11,06,0.390108977523844,18.987717,7.0354342,2065
18573,r3i1p1f1,2065,11,07,0.0,19.392998,4.4115396,2065
18574,r3i1p1f1,2065,11,08,0.0,22.982359,7.157816,2065
18575,r3i1p1f1,2065,11,09,0.0,26.318897,11.188615,2065
18576,r3i1p1f1,2065,11,10,0.0,27.158474,12.211531,2065
18577,r3i1p1f1,2065,11,11,0.0,29.992884,12.26888,2065
18578,r3i1p1f1,2065,11,12,0.0,28.093824,10.5378065,2065
18579,r3i1p1f1,2065,11,13,0.011180644091148155,21.70656,9.383473,2065
18580,r3i1p1f1,2065,11,14,0.0,18.709904,3.018695,2065
18581,r3i1p1f1,2065,11,15,0.0,20.284616,3.9144843,2065
18582,r3i1p1f1,2065,11,16,0.0,20.05432,3.525301,2065
18583,r3i1p1f1,2065,11,17,0.0,19.498827,2.0917447,2065
18584,r3i1p1f1,2065,11,18,0.004014671801335432,18.594334,1.8040268,2065
18585,r3i1p1f1,2065,11,19,4.329744193639657,14.607588,3.9092536,2065
18586,r3i1p1f1,2065,11,20,2.6307453661105353,10.1704445,2.3487835,2065
18587,r3i1p1f1,2065,11,21,0.42838123724240257,14.620888,2.0924706,2065
18588,r3i1p1f1,2065,11,22,0.0,15.744525,2.7045016,2065
18589,r3i1p1f1,2065,11,23,0.0,15.990688,3.378173,2065
18590,r3i1p1f1,2065,11,24,0.0,15.855463,2.0438726,2065
18591,r3i1p1f1,2065,11,25,0.0,17.381779,2.519284,2065
18592,r3i1p1f1,2065,11,26,0.0,17.202335,2.3464715,2065
18593,r3i1p1f1,2065,11,27,0.0,18.695059,2.442577,2065
18594,r3i1p1f1,2065,11,28,0.0,20.140121,2.5720575,2065
18595,r3i1p1f1,2065,11,29,2.6195275187850107,19.0002,8.374627,2065
18596,r3i1p1f1,2065,11,30,18.115582645160348,12.915529,4.6077085,2065
18597,r3i1p1f1,2065,12,01,2.7014805214158017,16.887217,6.369927,2065
18598,r3i1p1f1,2065,12,02,0.0,16.06063,4.205224,2065
18599,r3i1p1f1,2065,12,03,0.0,17.11109,4.1537976,2065
18600,r3i1p1f1,2065,12,04,0.0,19.107529,5.8088665,2065
18601,r3i1p1f1,2065,12,05,0.0,19.410286,7.2054687,2065
18602,r3i1p1f1,2065,12,06,0.0,18.527948,7.2059026,2065
18603,r3i1p1f1,2065,12,07,0.0,14.8375845,1.0470666,2065
18604,r3i1p1f1,2065,12,08,0.0,11.46149,-1.4641788,2065
18605,r3i1p1f1,2065,12,09,0.0,10.518035,-1.9034946,2065
18606,r3i1p1f1,2065,12,10,0.0,10.824842,-2.4043152,2065
18607,r3i1p1f1,2065,12,11,0.0,15.5386715,0.9939628,2065
18608,r3i1p1f1,2065,12,12,0.0,18.818512,4.4662247,2065
18609,r3i1p1f1,2065,12,13,0.0,18.43767,4.7064366,2065
18610,r3i1p1f1,2065,12,14,0.0,18.549673,4.563108,2065
18611,r3i1p1f1,2065,12,15,0.0,20.640259,5.360468,2065
18612,r3i1p1f1,2065,12,16,0.0,19.313429,6.9779787,2065
18613,r3i1p1f1,2065,12,17,0.006155649316497147,17.490078,5.2345386,2065
18614,r3i1p1f1,2065,12,18,0.0,16.879267,3.610761,2065
18615,r3i1p1f1,2065,12,19,0.0,18.059227,4.495372,2065
18616,r3i1p1f1,2065,12,20,0.0,17.30308,3.6367762,2065
18617,r3i1p1f1,2065,12,21,0.0,16.21931,3.8935125,2065
18618,r3i1p1f1,2065,12,22,0.0,17.02708,3.15342,2065
18619,r3i1p1f1,2065,12,23,0.0,19.508003,5.5964756,2065
18620,r3i1p1f1,2065,12,24,0.0,21.464067,7.255186,2065
18621,r3i1p1f1,2065,12,25,0.0032462642764475086,19.395586,5.7582397,2065
18622,r3i1p1f1,2065,12,26,0.0027539878095867057,16.060717,3.365216,2065
18623,r3i1p1f1,2065,12,27,0.0,19.189547,5.269479,2065
18624,r3i1p1f1,2065,12,28,0.0,19.456789,6.727271,2065
18625,r3i1p1f1,2065,12,29,0.0,20.019167,5.318763,2065
18626,r3i1p1f1,2065,12,30,0.0,19.198904,4.2103667,2065
18627,r3i1p1f1,2065,12,31,0.0,18.767231,5.511408,2065
18628,r3i1p1f1,2066,01,01,0.0,17.758951,1.599354,2066
18629,r3i1p1f1,2066,01,02,0.0009861581246227477,14.867263,1.7716404,2066
18630,r3i1p1f1,2066,01,03,0.0005169959110913403,10.533356,-4.3163404,2066
18631,r3i1p1f1,2066,01,04,4.346245118328873,10.178097,1.1162462,2066
18632,r3i1p1f1,2066,01,05,0.056809054790805516,6.6645894,-0.50025827,2066
18633,r3i1p1f1,2066,01,06,0.0,6.3252378,-5.556397,2066
18634,r3i1p1f1,2066,01,07,0.0,8.7550125,-6.707999,2066
18635,r3i1p1f1,2066,01,08,0.0,12.435269,-2.8653762,2066
18636,r3i1p1f1,2066,01,09,0.0,11.150135,-1.0222167,2066
18637,r3i1p1f1,2066,01,10,0.0,10.882018,-1.6447635,2066
18638,r3i1p1f1,2066,01,11,0.0,14.993498,0.97038484,2066
18639,r3i1p1f1,2066,01,12,0.0,15.188875,1.1356249,2066
18640,r3i1p1f1,2066,01,13,0.6436817536130989,15.112526,4.6205807,2066
18641,r3i1p1f1,2066,01,14,0.030607780877565376,15.864748,5.302011,2066
18642,r3i1p1f1,2066,01,15,0.9072773705076653,18.959986,6.767,2066
18643,r3i1p1f1,2066,01,16,0.0,19.267569,5.8849,2066
18644,r3i1p1f1,2066,01,17,0.0,18.133066,4.906837,2066
18645,r3i1p1f1,2066,01,18,0.0,19.889801,4.8710313,2066
18646,r3i1p1f1,2066,01,19,0.0,21.300354,5.6390305,2066
18647,r3i1p1f1,2066,01,20,0.0,21.707726,6.483192,2066
18648,r3i1p1f1,2066,01,21,0.0,20.812407,5.4778056,2066
18649,r3i1p1f1,2066,01,22,0.0,19.659657,4.1201916,2066
18650,r3i1p1f1,2066,01,23,0.03752913214350084,18.67287,4.352118,2066
18651,r3i1p1f1,2066,01,24,17.232596818061705,13.1398325,4.561915,2066
18652,r3i1p1f1,2066,01,25,32.84405139043029,16.872826,9.509919,2066
18653,r3i1p1f1,2066,01,26,27.921542927973803,17.08809,6.199493,2066
18654,r3i1p1f1,2066,01,27,0.08135049976441554,11.116596,2.2323658,2066
18655,r3i1p1f1,2066,01,28,0.0,12.348539,-0.76637983,2066
18656,r3i1p1f1,2066,01,29,0.005099130027123134,12.395889,0.31151932,2066
18657,r3i1p1f1,2066,01,30,0.009452240685663348,11.86785,1.8919389,2066
18658,r3i1p1f1,2066,01,31,0.006797901142183973,14.849411,0.98169523,2066
18659,r3i1p1f1,2066,02,01,0.07165407824052664,14.969649,0.9534812,2066
18660,r3i1p1f1,2066,02,02,7.496620539349158,12.864285,3.0727098,2066
18661,r3i1p1f1,2066,02,03,3.2647153725415454,11.5781355,4.6279955,2066
18662,r3i1p1f1,2066,02,04,9.469185229609138,10.476767,-1.5139165,2066
18663,r3i1p1f1,2066,02,05,0.9791908915609714,6.7235985,-3.3084052,2066
18664,r3i1p1f1,2066,02,06,0.0,6.8601193,-5.568688,2066
18665,r3i1p1f1,2066,02,07,0.0,8.649803,-2.3062642,2066
18666,r3i1p1f1,2066,02,08,0.0,8.191198,-5.8726068,2066
18667,r3i1p1f1,2066,02,09,0.0,9.957877,-5.4080763,2066
18668,r3i1p1f1,2066,02,10,3.516948388406683,10.661763,-0.27345458,2066
18669,r3i1p1f1,2066,02,11,7.191026487696283,11.552424,2.5349276,2066
18670,r3i1p1f1,2066,02,12,9.894844417694637,13.194138,3.415035,2066
18671,r3i1p1f1,2066,02,13,1.1135707897778269,12.707047,4.640312,2066
18672,r3i1p1f1,2066,02,14,17.208667511195845,16.816488,4.6661534,2066
18673,r3i1p1f1,2066,02,15,0.04606979267643482,15.858466,1.9653878,2066
18674,r3i1p1f1,2066,02,16,0.019693446537888976,14.717065,1.0434332,2066
18675,r3i1p1f1,2066,02,17,10.914775390954942,14.171102,4.6690335,2066
18676,r3i1p1f1,2066,02,18,1.045358709050795,14.940402,3.579105,2066
18677,r3i1p1f1,2066,02,19,0.031597165328672745,15.532762,2.3951514,2066
18678,r3i1p1f1,2066,02,20,0.8255160759356592,18.043331,4.5886936,2066
18679,r3i1p1f1,2066,02,21,14.949770512087554,18.441797,9.439443,2066
18680,r3i1p1f1,2066,02,22,2.4436819125069387,14.793059,5.65788,2066
18681,r3i1p1f1,2066,02,23,0.0029215188414761515,13.73578,1.7213138,2066
18682,r3i1p1f1,2066,02,24,0.055433723370669846,13.194495,-0.04735802,2066
18683,r3i1p1f1,2066,02,25,0.0002731905657459389,17.38156,3.2379143,2066
18684,r3i1p1f1,2066,02,26,8.836533272544164,18.44692,5.469256,2066
18685,r3i1p1f1,2066,02,27,6.949480372218893,12.027833,2.7469702,2066
18686,r3i1p1f1,2066,02,28,1.613119408427861,10.401973,-0.11219103,2066
18687,r3i1p1f1,2066,03,01,0.027739719946773468,12.545554,-1.2207898,2066
18688,r3i1p1f1,2066,03,02,0.0,15.098809,-1.3290286,2066
18689,r3i1p1f1,2066,03,03,0.0,16.636477,0.06720657,2066
18690,r3i1p1f1,2066,03,04,0.0,16.04965,1.4796901,2066
18691,r3i1p1f1,2066,03,05,1.0301433580697807,14.219153,2.3050938,2066
18692,r3i1p1f1,2066,03,06,0.04663169508190053,12.11724,-2.3107967,2066
18693,r3i1p1f1,2066,03,07,0.0,17.03642,-1.9453164,2066
18694,r3i1p1f1,2066,03,08,0.0,20.514439,4.148707,2066
18695,r3i1p1f1,2066,03,09,0.0,21.765179,6.829142,2066
18696,r3i1p1f1,2066,03,10,0.0,22.42216,5.0685678,2066
18697,r3i1p1f1,2066,03,11,0.002627803972273162,23.015854,8.762265,2066
18698,r3i1p1f1,2066,03,12,0.0,26.812119,7.6208367,2066
18699,r3i1p1f1,2066,03,13,10.659972040165016,24.30209,9.470327,2066
18700,r3i1p1f1,2066,03,14,4.921777414884039,13.839884,4.888201,2066
18701,r3i1p1f1,2066,03,15,0.4507896622875375,14.460852,3.5263093,2066
18702,r3i1p1f1,2066,03,16,0.0,19.643957,1.2529037,2066
18703,r3i1p1f1,2066,03,17,0.0,19.564121,4.000455,2066
18704,r3i1p1f1,2066,03,18,2.5757748420994284,17.887602,5.3720126,2066
18705,r3i1p1f1,2066,03,19,6.196345312072563,14.454454,5.282018,2066
18706,r3i1p1f1,2066,03,20,0.6692131903422925,16.399336,1.2121373,2066
18707,r3i1p1f1,2066,03,21,0.03817310853099281,19.472126,3.3144693,2066
18708,r3i1p1f1,2066,03,22,0.00450081267803343,21.884893,4.838421,2066
18709,r3i1p1f1,2066,03,23,0.001152344471351667,21.728224,4.4475923,2066
18710,r3i1p1f1,2066,03,24,9.55537703477603,17.796383,5.1612415,2066
18711,r3i1p1f1,2066,03,25,0.49645292084085557,16.876879,5.5343304,2066
18712,r3i1p1f1,2066,03,26,0.0,21.956509,3.2047286,2066
18713,r3i1p1f1,2066,03,27,0.0,23.081614,5.9386234,2066
18714,r3i1p1f1,2066,03,28,1.6689014914344156,20.714706,4.9453034,2066
18715,r3i1p1f1,2066,03,29,12.756629556630893,14.4002,5.262257,2066
18716,r3i1p1f1,2066,03,30,3.4357731104983307,11.522698,4.1389103,2066
18717,r3i1p1f1,2066,03,31,3.520600870757872,13.397522,2.446251,2066
18718,r3i1p1f1,2066,04,01,0.0,17.968828,-0.677391,2066
18719,r3i1p1f1,2066,04,02,0.0,18.109413,2.9757993,2066
18720,r3i1p1f1,2066,04,03,0.0,20.226551,3.6005125,2066
18721,r3i1p1f1,2066,04,04,14.781251500641122,17.718935,4.119377,2066
18722,r3i1p1f1,2066,04,05,5.904362729717942,10.193095,-0.6866934,2066
18723,r3i1p1f1,2066,04,06,0.601459937618832,11.447731,0.20637777,2066
18724,r3i1p1f1,2066,04,07,6.000637320316442,12.078746,1.6776184,2066
18725,r3i1p1f1,2066,04,08,0.002158272722171563,15.010171,-1.4545585,2066
18726,r3i1p1f1,2066,04,09,0.0,18.934992,1.9234816,2066
18727,r3i1p1f1,2066,04,10,0.0,22.86033,4.6282477,2066
18728,r3i1p1f1,2066,04,11,0.0,26.08306,7.7823896,2066
18729,r3i1p1f1,2066,04,12,0.002855621842723904,25.07783,7.748341,2066
18730,r3i1p1f1,2066,04,13,0.0,20.65767,4.535479,2066
18731,r3i1p1f1,2066,04,14,5.20461026492812,15.166667,2.2524686,2066
18732,r3i1p1f1,2066,04,15,0.27919136533234973,14.8664055,0.3884806,2066
18733,r3i1p1f1,2066,04,16,0.0,19.828943,3.2864764,2066
18734,r3i1p1f1,2066,04,17,0.0,23.838644,5.61905,2066
18735,r3i1p1f1,2066,04,18,0.0,26.380293,7.634759,2066
18736,r3i1p1f1,2066,04,19,0.0,26.607286,8.71033,2066
18737,r3i1p1f1,2066,04,20,0.0,25.664274,7.462556,2066
18738,r3i1p1f1,2066,04,21,0.0,25.13712,7.082233,2066
18739,r3i1p1f1,2066,04,22,0.0,23.956696,6.5324993,2066
18740,r3i1p1f1,2066,04,23,0.0,28.262678,9.288225,2066
18741,r3i1p1f1,2066,04,24,0.0,31.15454,11.316237,2066
18742,r3i1p1f1,2066,04,25,0.0,28.85374,10.552241,2066
18743,r3i1p1f1,2066,04,26,0.0,25.688126,6.826696,2066
18744,r3i1p1f1,2066,04,27,0.0,29.720276,10.195664,2066
18745,r3i1p1f1,2066,04,28,0.0,30.25027,10.008799,2066
18746,r3i1p1f1,2066,04,29,9.001456428219502,17.28372,2.7570527,2066
18747,r3i1p1f1,2066,04,30,0.39060338196577504,17.158775,3.2010036,2066
18748,r3i1p1f1,2066,05,01,0.0,24.789433,5.5561314,2066
18749,r3i1p1f1,2066,05,02,0.0,28.70216,9.956784,2066
18750,r3i1p1f1,2066,05,03,0.0,29.914051,11.065802,2066
18751,r3i1p1f1,2066,05,04,0.0,33.160023,13.638701,2066
18752,r3i1p1f1,2066,05,05,0.0,34.980156,15.886241,2066
18753,r3i1p1f1,2066,05,06,0.0,36.834126,17.1517,2066
18754,r3i1p1f1,2066,05,07,0.0,37.136925,17.239151,2066
18755,r3i1p1f1,2066,05,08,0.0,36.459335,16.163643,2066
18756,r3i1p1f1,2066,05,09,0.0,35.333992,15.013536,2066
18757,r3i1p1f1,2066,05,10,0.002559786909400965,31.008894,12.447767,2066
18758,r3i1p1f1,2066,05,11,0.0,29.745037,11.26492,2066
18759,r3i1p1f1,2066,05,12,0.0,31.090229,11.886669,2066
18760,r3i1p1f1,2066,05,13,0.0,31.163132,11.6430645,2066
18761,r3i1p1f1,2066,05,14,0.0,30.590845,12.178588,2066
18762,r3i1p1f1,2066,05,15,0.0,29.656033,10.8058815,2066
18763,r3i1p1f1,2066,05,16,0.0,27.788822,8.787679,2066
18764,r3i1p1f1,2066,05,17,0.0,21.70808,4.72024,2066
18765,r3i1p1f1,2066,05,18,0.0,24.736006,5.953773,2066
18766,r3i1p1f1,2066,05,19,0.0,29.08285,10.050111,2066
18767,r3i1p1f1,2066,05,20,0.0,32.37767,12.95836,2066
18768,r3i1p1f1,2066,05,21,0.0,33.35459,12.723243,2066
18769,r3i1p1f1,2066,05,22,0.0,32.303635,11.957344,2066
18770,r3i1p1f1,2066,05,23,0.0,31.711788,13.091158,2066
18771,r3i1p1f1,2066,05,24,0.0,30.351624,11.477614,2066
18772,r3i1p1f1,2066,05,25,0.0,26.37918,8.269613,2066
18773,r3i1p1f1,2066,05,26,0.0,25.04915,6.9235873,2066
18774,r3i1p1f1,2066,05,27,0.0,25.685913,10.733956,2066
18775,r3i1p1f1,2066,05,28,0.0,30.56021,11.726479,2066
18776,r3i1p1f1,2066,05,29,0.0,32.271477,12.917194,2066
18777,r3i1p1f1,2066,05,30,0.0,31.261105,12.621878,2066
18778,r3i1p1f1,2066,05,31,0.0,35.87016,16.585293,2066
18779,r3i1p1f1,2066,06,01,0.0,40.514893,18.808475,2066
18780,r3i1p1f1,2066,06,02,0.0,39.622974,18.920671,2066
18781,r3i1p1f1,2066,06,03,0.0,37.80771,17.52089,2066
18782,r3i1p1f1,2066,06,04,0.0,32.225414,14.6119175,2066
18783,r3i1p1f1,2066,06,05,0.0,29.189632,11.848181,2066
18784,r3i1p1f1,2066,06,06,0.0,28.683958,11.33184,2066
18785,r3i1p1f1,2066,06,07,0.0,32.5076,13.833498,2066
18786,r3i1p1f1,2066,06,08,0.0,35.421326,15.460643,2066
18787,r3i1p1f1,2066,06,09,0.0,35.099033,15.327282,2066
18788,r3i1p1f1,2066,06,10,0.0,34.737915,15.2493515,2066
18789,r3i1p1f1,2066,06,11,0.0,33.201458,14.788617,2066
18790,r3i1p1f1,2066,06,12,0.0,31.890541,13.427646,2066
18791,r3i1p1f1,2066,06,13,0.0,33.63941,14.628228,2066
18792,r3i1p1f1,2066,06,14,0.0,34.106407,15.693477,2066
18793,r3i1p1f1,2066,06,15,0.0,35.214863,16.45665,2066
18794,r3i1p1f1,2066,06,16,0.0,37.251633,17.42535,2066
18795,r3i1p1f1,2066,06,17,0.0,37.157646,17.122293,2066
18796,r3i1p1f1,2066,06,18,0.0,37.859577,17.805626,2066
18797,r3i1p1f1,2066,06,19,0.0,37.48265,17.559351,2066
18798,r3i1p1f1,2066,06,20,0.0,35.978153,16.682383,2066
18799,r3i1p1f1,2066,06,21,0.0,33.789513,15.110399,2066
18800,r3i1p1f1,2066,06,22,0.0,29.940292,12.996864,2066
18801,r3i1p1f1,2066,06,23,0.0,32.255,14.702968,2066
18802,r3i1p1f1,2066,06,24,0.0,33.33881,15.482713,2066
18803,r3i1p1f1,2066,06,25,0.0,31.837584,13.662074,2066
18804,r3i1p1f1,2066,06,26,0.0,29.886988,11.975468,2066
18805,r3i1p1f1,2066,06,27,0.0,33.18255,14.727842,2066
18806,r3i1p1f1,2066,06,28,0.0,34.9578,16.478584,2066
18807,r3i1p1f1,2066,06,29,0.0,37.508232,18.276619,2066
18808,r3i1p1f1,2066,06,30,0.0,38.423042,18.9358,2066
18809,r3i1p1f1,2066,07,01,0.0,37.573975,18.575455,2066
18810,r3i1p1f1,2066,07,02,0.0,36.283924,17.912432,2066
18811,r3i1p1f1,2066,07,03,0.0,34.991283,17.67078,2066
18812,r3i1p1f1,2066,07,04,0.0,33.98417,17.062963,2066
18813,r3i1p1f1,2066,07,05,0.0,35.752644,17.414188,2066
18814,r3i1p1f1,2066,07,06,0.0,36.893974,18.068954,2066
18815,r3i1p1f1,2066,07,07,0.0,37.802135,18.54675,2066
18816,r3i1p1f1,2066,07,08,0.0,38.675385,19.276228,2066
18817,r3i1p1f1,2066,07,09,0.0,39.54523,20.56764,2066
18818,r3i1p1f1,2066,07,10,0.0,40.95469,21.759054,2066
18819,r3i1p1f1,2066,07,11,0.0,41.035305,21.17016,2066
18820,r3i1p1f1,2066,07,12,0.0,39.65098,20.802523,2066
18821,r3i1p1f1,2066,07,13,0.43121730306390393,34.335373,19.184639,2066
18822,r3i1p1f1,2066,07,14,1.8064747126195333,32.431576,18.185108,2066
18823,r3i1p1f1,2066,07,15,0.9512547602097391,33.55337,19.261654,2066
18824,r3i1p1f1,2066,07,16,0.8748642357673044,32.652008,16.891275,2066
18825,r3i1p1f1,2066,07,17,0.06941996321433125,35.865734,17.951376,2066
18826,r3i1p1f1,2066,07,18,0.7143817659799065,35.172005,17.903704,2066
18827,r3i1p1f1,2066,07,19,6.563807129049647,32.113384,18.29491,2066
18828,r3i1p1f1,2066,07,20,0.2862123553605863,34.34713,18.313534,2066
18829,r3i1p1f1,2066,07,21,0.4327241257873759,34.56609,18.62821,2066
18830,r3i1p1f1,2066,07,22,7.38781162260707,30.696001,16.879156,2066
18831,r3i1p1f1,2066,07,23,0.0,33.245632,16.352999,2066
18832,r3i1p1f1,2066,07,24,0.0,36.429523,18.873209,2066
18833,r3i1p1f1,2066,07,25,0.00984173558236128,36.752026,19.391518,2066
18834,r3i1p1f1,2066,07,26,0.30238652046219533,35.07406,18.723352,2066
18835,r3i1p1f1,2066,07,27,0.002678483301265673,36.261627,19.439867,2066
18836,r3i1p1f1,2066,07,28,0.0,36.132996,19.391247,2066
18837,r3i1p1f1,2066,07,29,0.2029276307086658,35.965866,19.204842,2066
18838,r3i1p1f1,2066,07,30,0.17673683470947613,34.745384,18.64961,2066
18839,r3i1p1f1,2066,07,31,0.005056863142685456,34.18137,17.840513,2066
18840,r3i1p1f1,2066,08,01,0.3413333941672604,35.91897,19.061775,2066
18841,r3i1p1f1,2066,08,02,0.26498696495157975,35.80705,19.649454,2066
18842,r3i1p1f1,2066,08,03,0.012468656129909285,36.116234,19.35626,2066
18843,r3i1p1f1,2066,08,04,0.062318997004309276,35.74433,19.748909,2066
18844,r3i1p1f1,2066,08,05,1.002791929951689,34.46839,19.196793,2066
18845,r3i1p1f1,2066,08,06,1.0473795591811226,32.953045,17.622007,2066
18846,r3i1p1f1,2066,08,07,0.028238543027052372,34.438877,17.894007,2066
18847,r3i1p1f1,2066,08,08,0.0,34.043022,16.99192,2066
18848,r3i1p1f1,2066,08,09,0.0,33.59727,19.806711,2066
18849,r3i1p1f1,2066,08,10,0.0,35.98003,19.993828,2066
18850,r3i1p1f1,2066,08,11,0.0,35.497456,18.07248,2066
18851,r3i1p1f1,2066,08,12,0.0,34.889393,17.442966,2066
18852,r3i1p1f1,2066,08,13,0.0,35.131214,17.039915,2066
18853,r3i1p1f1,2066,08,14,0.28829522353286546,36.668655,19.940258,2066
18854,r3i1p1f1,2066,08,15,0.00015482258855957878,38.60254,21.186935,2066
18855,r3i1p1f1,2066,08,16,0.032126104113448295,38.288506,21.354591,2066
18856,r3i1p1f1,2066,08,17,0.10457202694383202,37.39109,20.883383,2066
18857,r3i1p1f1,2066,08,18,0.002239832061935555,37.285564,19.553425,2066
18858,r3i1p1f1,2066,08,19,0.0,36.384605,18.350088,2066
18859,r3i1p1f1,2066,08,20,0.20697771491320577,35.263992,17.188524,2066
18860,r3i1p1f1,2066,08,21,2.0907257190210107,35.016098,20.962122,2066
18861,r3i1p1f1,2066,08,22,1.0797114518187079,36.099922,19.380415,2066
18862,r3i1p1f1,2066,08,23,1.0051480224655913,37.95335,20.333931,2066
18863,r3i1p1f1,2066,08,24,1.5883694690731345,36.085278,20.715504,2066
18864,r3i1p1f1,2066,08,25,0.0022812906271693382,36.840305,20.066015,2066
18865,r3i1p1f1,2066,08,26,0.06844162033909622,38.82634,20.687616,2066
18866,r3i1p1f1,2066,08,27,0.0,39.968884,21.113857,2066
18867,r3i1p1f1,2066,08,28,0.0,39.403545,22.419584,2066
18868,r3i1p1f1,2066,08,29,0.5355264673584536,39.16009,21.133688,2066
18869,r3i1p1f1,2066,08,30,1.9394326119531387,37.402664,20.294079,2066
18870,r3i1p1f1,2066,08,31,1.4437715669489328,39.10722,21.358446,2066
18871,r3i1p1f1,2066,09,01,0.5523774199713388,37.541847,21.392033,2066
18872,r3i1p1f1,2066,09,02,7.820256542452239,35.15577,21.864986,2066
18873,r3i1p1f1,2066,09,03,0.8274885774969307,36.525322,21.132711,2066
18874,r3i1p1f1,2066,09,04,4.3275970384826055,37.123177,22.584326,2066
18875,r3i1p1f1,2066,09,05,1.9991586802544505,37.68743,22.18688,2066
18876,r3i1p1f1,2066,09,06,2.0191822849632115,36.605927,22.13799,2066
18877,r3i1p1f1,2066,09,07,0.303132757759489,33.978344,18.884455,2066
18878,r3i1p1f1,2066,09,08,2.982229292696998,30.788391,17.620815,2066
18879,r3i1p1f1,2066,09,09,1.14467793904513,30.585342,16.603212,2066
18880,r3i1p1f1,2066,09,10,0.8979303327170342,29.87452,15.847866,2066
18881,r3i1p1f1,2066,09,11,0.033757010912240454,27.886314,13.913571,2066
18882,r3i1p1f1,2066,09,12,0.8479045286301037,29.278198,14.984954,2066
18883,r3i1p1f1,2066,09,13,0.0,29.55183,15.072941,2066
18884,r3i1p1f1,2066,09,14,0.0,31.865952,15.933179,2066
18885,r3i1p1f1,2066,09,15,0.0,32.4425,15.714359,2066
18886,r3i1p1f1,2066,09,16,0.0,31.101414,14.138966,2066
18887,r3i1p1f1,2066,09,17,0.0,28.619616,15.581309,2066
18888,r3i1p1f1,2066,09,18,0.0,29.805998,14.623406,2066
18889,r3i1p1f1,2066,09,19,0.0,30.049755,14.567311,2066
18890,r3i1p1f1,2066,09,20,0.0,29.996794,13.1391115,2066
18891,r3i1p1f1,2066,09,21,0.0,28.83032,13.052302,2066
18892,r3i1p1f1,2066,09,22,0.0,25.010653,10.6220255,2066
18893,r3i1p1f1,2066,09,23,21.60868666248489,22.870258,10.464237,2066
18894,r3i1p1f1,2066,09,24,17.16083779121315,19.984064,8.64951,2066
18895,r3i1p1f1,2066,09,25,1.2443710223429993,20.06351,7.0125823,2066
18896,r3i1p1f1,2066,09,26,0.07388827160563476,19.521381,6.0940466,2066
18897,r3i1p1f1,2066,09,27,0.0,20.387655,6.806543,2066
18898,r3i1p1f1,2066,09,28,0.0,22.101181,7.8712068,2066
18899,r3i1p1f1,2066,09,29,0.0,21.462362,7.9004426,2066
18900,r3i1p1f1,2066,09,30,0.012113764554890098,20.50388,7.5333157,2066
18901,r3i1p1f1,2066,10,01,0.0,23.170258,9.5695095,2066
18902,r3i1p1f1,2066,10,02,0.0,25.924051,10.473186,2066
18903,r3i1p1f1,2066,10,03,0.0,27.031029,10.514989,2066
18904,r3i1p1f1,2066,10,04,0.0,28.412622,11.579661,2066
18905,r3i1p1f1,2066,10,05,0.0,28.515415,12.139039,2066
18906,r3i1p1f1,2066,10,06,0.0,26.502865,12.481928,2066
18907,r3i1p1f1,2066,10,07,0.0,25.84495,10.761582,2066
18908,r3i1p1f1,2066,10,08,0.0,27.357439,11.63344,2066
18909,r3i1p1f1,2066,10,09,0.0,25.828367,11.281807,2066
18910,r3i1p1f1,2066,10,10,0.0,25.253153,9.890402,2066
18911,r3i1p1f1,2066,10,11,0.0,30.100883,12.066242,2066
18912,r3i1p1f1,2066,10,12,0.0,31.099962,13.562472,2066
18913,r3i1p1f1,2066,10,13,0.0,29.450462,11.902389,2066
18914,r3i1p1f1,2066,10,14,0.0,25.405556,10.212092,2066
18915,r3i1p1f1,2066,10,15,10.29406619203297,21.22366,10.525064,2066
18916,r3i1p1f1,2066,10,16,0.7036773550942488,21.547104,9.424581,2066
18917,r3i1p1f1,2066,10,17,0.019058012615211985,23.137177,8.648537,2066
18918,r3i1p1f1,2066,10,18,0.0,25.20063,10.103018,2066
18919,r3i1p1f1,2066,10,19,0.0,23.842522,9.084646,2066
18920,r3i1p1f1,2066,10,20,0.0,22.077782,6.8582625,2066
18921,r3i1p1f1,2066,10,21,0.0,25.234848,9.32417,2066
18922,r3i1p1f1,2066,10,22,0.0,27.079622,10.930472,2066
18923,r3i1p1f1,2066,10,23,0.0,26.331596,11.550865,2066
18924,r3i1p1f1,2066,10,24,0.0,26.334394,11.3402815,2066
18925,r3i1p1f1,2066,10,25,0.0,24.943256,10.426079,2066
18926,r3i1p1f1,2066,10,26,0.0,23.346859,10.677848,2066
18927,r3i1p1f1,2066,10,27,0.0,21.49477,6.985598,2066
18928,r3i1p1f1,2066,10,28,0.0,22.116783,6.063883,2066
18929,r3i1p1f1,2066,10,29,0.0,25.683165,6.489815,2066
18930,r3i1p1f1,2066,10,30,0.0,25.477146,12.666854,2066
18931,r3i1p1f1,2066,10,31,0.0,26.277256,9.621489,2066
18932,r3i1p1f1,2066,11,01,0.0,26.941326,10.1333685,2066
18933,r3i1p1f1,2066,11,02,0.0,27.621616,11.318083,2066
18934,r3i1p1f1,2066,11,03,0.0,26.93688,12.293442,2066
18935,r3i1p1f1,2066,11,04,0.0,26.93453,11.615267,2066
18936,r3i1p1f1,2066,11,05,0.0,28.175817,10.29977,2066
18937,r3i1p1f1,2066,11,06,0.0,26.425505,8.685106,2066
18938,r3i1p1f1,2066,11,07,0.0,22.361353,8.461965,2066
18939,r3i1p1f1,2066,11,08,0.0,22.765375,7.6654253,2066
18940,r3i1p1f1,2066,11,09,0.0,21.886456,8.955416,2066
18941,r3i1p1f1,2066,11,10,0.0,21.497583,5.7875834,2066
18942,r3i1p1f1,2066,11,11,0.0,22.848299,5.6862617,2066
18943,r3i1p1f1,2066,11,12,0.0,22.731043,6.3073683,2066
18944,r3i1p1f1,2066,11,13,0.0,19.505447,5.1561217,2066
18945,r3i1p1f1,2066,11,14,0.0,17.401752,2.5151033,2066
18946,r3i1p1f1,2066,11,15,0.0,19.007864,2.8175378,2066
18947,r3i1p1f1,2066,11,16,0.0,21.950294,4.3938713,2066
18948,r3i1p1f1,2066,11,17,0.0,22.381361,4.6777396,2066
18949,r3i1p1f1,2066,11,18,0.0,21.147854,4.015666,2066
18950,r3i1p1f1,2066,11,19,0.08344756097964516,21.790611,2.6205869,2066
18951,r3i1p1f1,2066,11,20,9.411613245302402,19.078,7.3380823,2066
18952,r3i1p1f1,2066,11,21,0.500203297872786,12.765573,2.619634,2066
18953,r3i1p1f1,2066,11,22,11.739518117246917,11.764874,5.887846,2066
18954,r3i1p1f1,2066,11,23,38.10972095107321,12.659632,4.933026,2066
18955,r3i1p1f1,2066,11,24,1.3894357955453442,11.586993,0.34271294,2066
18956,r3i1p1f1,2066,11,25,0.0,11.458171,-1.1861751,2066
18957,r3i1p1f1,2066,11,26,0.009748994092329998,11.231101,1.1694278,2066
18958,r3i1p1f1,2066,11,27,1.3154410382546964,10.112766,0.48377097,2066
18959,r3i1p1f1,2066,11,28,0.005330384610164346,9.568258,-1.7558285,2066
18960,r3i1p1f1,2066,11,29,2.207456621054558,9.431849,-1.4755142,2066
18961,r3i1p1f1,2066,11,30,9.127523717629215,8.609838,-0.95499766,2066
18962,r3i1p1f1,2066,12,01,0.0847632497871845,9.284056,-1.0164227,2066
18963,r3i1p1f1,2066,12,02,0.3604778301070672,8.7177,1.9143267,2066
18964,r3i1p1f1,2066,12,03,0.0,10.118358,-2.9366138,2066
18965,r3i1p1f1,2066,12,04,0.0,10.9853735,-2.8572352,2066
18966,r3i1p1f1,2066,12,05,0.0,10.588321,-2.8620768,2066
18967,r3i1p1f1,2066,12,06,0.017083398045294663,9.446912,-2.270533,2066
18968,r3i1p1f1,2066,12,07,0.003381921785396778,5.0386715,-4.7894874,2066
18969,r3i1p1f1,2066,12,08,0.0,4.7654157,-8.815934,2066
18970,r3i1p1f1,2066,12,09,0.0,6.23107,-6.846413,2066
18971,r3i1p1f1,2066,12,10,0.0,7.5314455,-5.444197,2066
18972,r3i1p1f1,2066,12,11,0.0,9.269792,-4.7522464,2066
18973,r3i1p1f1,2066,12,12,0.0,9.750328,-3.1464546,2066
18974,r3i1p1f1,2066,12,13,0.0,10.609431,-3.9679394,2066
18975,r3i1p1f1,2066,12,14,0.0,10.475112,-3.6551085,2066
18976,r3i1p1f1,2066,12,15,0.0012647626201876185,9.986514,-1.5350065,2066
18977,r3i1p1f1,2066,12,16,0.0943926197369089,9.596234,-1.9089696,2066
18978,r3i1p1f1,2066,12,17,0.0,10.478025,-3.5163252,2066
18979,r3i1p1f1,2066,12,18,0.0,9.327964,-2.1141932,2066
18980,r3i1p1f1,2066,12,19,0.5450094991322134,8.948445,-1.0677248,2066
18981,r3i1p1f1,2066,12,20,0.0,14.167521,-0.5490408,2066
18982,r3i1p1f1,2066,12,21,0.0,17.51383,2.6333983,2066
18983,r3i1p1f1,2066,12,22,0.0,14.832108,2.670135,2066
18984,r3i1p1f1,2066,12,23,1.8384157645434904,9.961524,-1.4673424,2066
18985,r3i1p1f1,2066,12,24,6.9796543249584495,6.110297,-2.0267181,2066
18986,r3i1p1f1,2066,12,25,0.04285712214892335,4.351949,-6.056831,2066
18987,r3i1p1f1,2066,12,26,0.014204995194714602,6.3537993,-5.889492,2066
18988,r3i1p1f1,2066,12,27,0.0,7.4231944,-6.3355727,2066
18989,r3i1p1f1,2066,12,28,2.2761484837246826,8.187486,-3.2112641,2066
18990,r3i1p1f1,2066,12,29,20.59455024321902,7.614964,1.8585759,2066
18991,r3i1p1f1,2066,12,30,0.0,5.561888,-6.59753,2066
18992,r3i1p1f1,2066,12,31,0.0,7.275199,-5.5378795,2066
18993,r3i1p1f1,2067,01,01,0.0,10.282686,-3.2496963,2067
18994,r3i1p1f1,2067,01,02,0.0,11.02811,-2.8801804,2067
18995,r3i1p1f1,2067,01,03,0.0,12.9190645,-1.1501104,2067
18996,r3i1p1f1,2067,01,04,0.0,12.344096,-0.56202334,2067
18997,r3i1p1f1,2067,01,05,0.0,8.834058,-3.2180414,2067
18998,r3i1p1f1,2067,01,06,0.0,7.852081,-5.3254313,2067
18999,r3i1p1f1,2067,01,07,0.0,7.5351186,-5.410365,2067
19000,r3i1p1f1,2067,01,08,0.0,9.919763,-3.677423,2067
19001,r3i1p1f1,2067,01,09,0.0,15.777804,0.53538185,2067
19002,r3i1p1f1,2067,01,10,0.0,14.942107,2.550652,2067
19003,r3i1p1f1,2067,01,11,0.0,17.715233,4.591764,2067
19004,r3i1p1f1,2067,01,12,0.0,17.390768,3.5188162,2067
19005,r3i1p1f1,2067,01,13,0.0,15.64895,2.6539907,2067
19006,r3i1p1f1,2067,01,14,0.0005161730576109028,14.82071,3.0521462,2067
19007,r3i1p1f1,2067,01,15,0.0,13.860536,1.9176228,2067
19008,r3i1p1f1,2067,01,16,0.0,13.064807,0.9895764,2067
19009,r3i1p1f1,2067,01,17,0.0005314454690299251,14.329528,2.763793,2067
19010,r3i1p1f1,2067,01,18,0.0,14.67057,2.740102,2067
19011,r3i1p1f1,2067,01,19,0.0,13.794001,0.46146178,2067
19012,r3i1p1f1,2067,01,20,0.0,14.6582775,0.47382736,2067
19013,r3i1p1f1,2067,01,21,0.0,18.439514,3.6543052,2067
19014,r3i1p1f1,2067,01,22,0.0,20.675339,6.323069,2067
19015,r3i1p1f1,2067,01,23,0.0,21.80491,7.312252,2067
19016,r3i1p1f1,2067,01,24,0.0,21.30302,6.603165,2067
19017,r3i1p1f1,2067,01,25,0.0,22.50399,7.4978175,2067
19018,r3i1p1f1,2067,01,26,0.0,23.15543,8.499676,2067
19019,r3i1p1f1,2067,01,27,0.0,22.402332,7.638227,2067
19020,r3i1p1f1,2067,01,28,0.0,20.88595,6.1004715,2067
19021,r3i1p1f1,2067,01,29,0.0,9.714225,-3.1930938,2067
19022,r3i1p1f1,2067,01,30,0.0,6.308435,-7.3493943,2067
19023,r3i1p1f1,2067,01,31,0.0,9.940832,-4.984857,2067
19024,r3i1p1f1,2067,02,01,0.0,12.913763,-3.363569,2067
19025,r3i1p1f1,2067,02,02,0.0,13.188854,-1.8618301,2067
19026,r3i1p1f1,2067,02,03,0.0,11.975837,-3.5758152,2067
19027,r3i1p1f1,2067,02,04,0.0,9.830498,-6.1123333,2067
19028,r3i1p1f1,2067,02,05,0.0,13.561262,-1.9119296,2067
19029,r3i1p1f1,2067,02,06,0.010444964241425183,14.513168,-0.18503635,2067
19030,r3i1p1f1,2067,02,07,0.0,12.028897,-1.1420529,2067
19031,r3i1p1f1,2067,02,08,0.0,9.822599,-6.1778116,2067
19032,r3i1p1f1,2067,02,09,0.09356377316924575,7.5493145,-5.2292066,2067
19033,r3i1p1f1,2067,02,10,0.0,10.00503,-6.5916686,2067
19034,r3i1p1f1,2067,02,11,0.0,10.659579,-5.5556207,2067
19035,r3i1p1f1,2067,02,12,16.73499652734873,8.913998,-0.07368518,2067
19036,r3i1p1f1,2067,02,13,0.39428731166426034,7.914466,-5.406741,2067
19037,r3i1p1f1,2067,02,14,0.0,8.85425,-4.5567174,2067
19038,r3i1p1f1,2067,02,15,0.0017374656233710773,11.15482,-0.72401094,2067
19039,r3i1p1f1,2067,02,16,0.0,12.623865,-2.022386,2067
19040,r3i1p1f1,2067,02,17,0.0,13.8166685,-1.0553964,2067
19041,r3i1p1f1,2067,02,18,0.0,13.997338,0.016261794,2067
19042,r3i1p1f1,2067,02,19,0.0,15.8844385,1.0721837,2067
19043,r3i1p1f1,2067,02,20,0.0,17.36076,3.6736789,2067
19044,r3i1p1f1,2067,02,21,0.07676329061007092,17.05279,2.2634294,2067
19045,r3i1p1f1,2067,02,22,0.10554015009278594,14.203475,2.5865974,2067
19046,r3i1p1f1,2067,02,23,0.0,16.792927,1.385003,2067
19047,r3i1p1f1,2067,02,24,0.001288287217682933,17.082706,2.0820568,2067
19048,r3i1p1f1,2067,02,25,2.053701897548032,11.281296,-0.609992,2067
19049,r3i1p1f1,2067,02,26,0.2324076725816474,6.4861407,-4.1436257,2067
19050,r3i1p1f1,2067,02,27,0.25506610269296676,7.6214447,-4.7880707,2067
19051,r3i1p1f1,2067,02,28,0.0,10.2697115,-4.340203,2067
19052,r3i1p1f1,2067,03,01,0.0,13.646379,-4.337074,2067
19053,r3i1p1f1,2067,03,02,4.886648226106031e-05,18.083546,-0.90497357,2067
19054,r3i1p1f1,2067,03,03,0.04564042589966751,17.935146,-0.9140819,2067
19055,r3i1p1f1,2067,03,04,0.05308831886919286,14.973916,0.81678,2067
19056,r3i1p1f1,2067,03,05,0.0,14.7588415,-1.703193,2067
19057,r3i1p1f1,2067,03,06,0.0,18.991407,0.8954729,2067
19058,r3i1p1f1,2067,03,07,0.0,21.748285,4.0055366,2067
19059,r3i1p1f1,2067,03,08,0.0059797627413486635,21.049421,3.4438798,2067
19060,r3i1p1f1,2067,03,09,0.0,23.968092,4.9208336,2067
19061,r3i1p1f1,2067,03,10,0.0,24.733936,6.442127,2067
19062,r3i1p1f1,2067,03,11,0.00010422425420432718,25.615877,7.179984,2067
19063,r3i1p1f1,2067,03,12,0.0,25.049948,6.3751316,2067
19064,r3i1p1f1,2067,03,13,0.2249792359944105,21.350555,3.7577603,2067
19065,r3i1p1f1,2067,03,14,0.6940670752848029,12.141113,-1.3597676,2067
19066,r3i1p1f1,2067,03,15,0.15475319363317933,14.165488,-0.07812407,2067
19067,r3i1p1f1,2067,03,16,0.0,19.056917,0.005549856,2067
19068,r3i1p1f1,2067,03,17,0.0,21.116978,2.095702,2067
19069,r3i1p1f1,2067,03,18,0.29279801911880815,20.252584,0.9365242,2067
19070,r3i1p1f1,2067,03,19,0.13229704225633407,15.089371,-0.9219449,2067
19071,r3i1p1f1,2067,03,20,0.025265043187766532,14.80873,-0.9113929,2067
19072,r3i1p1f1,2067,03,21,0.04965029086330711,17.260893,-0.7786049,2067
19073,r3i1p1f1,2067,03,22,0.0,18.986185,-0.25418678,2067
19074,r3i1p1f1,2067,03,23,3.1722705391847272,16.522362,1.7604104,2067
19075,r3i1p1f1,2067,03,24,13.049042475459194,7.9812655,2.5085583,2067
19076,r3i1p1f1,2067,03,25,9.169627092776478,8.463246,-2.466007,2067
19077,r3i1p1f1,2067,03,26,0.06437284081612508,13.264052,-1.4655,2067
19078,r3i1p1f1,2067,03,27,0.0,16.382906,0.8580669,2067
19079,r3i1p1f1,2067,03,28,0.0,19.05688,0.49438,2067
19080,r3i1p1f1,2067,03,29,0.0,18.581034,2.5338256,2067
19081,r3i1p1f1,2067,03,30,0.6090992182836282,18.302307,5.529799,2067
19082,r3i1p1f1,2067,03,31,1.07317555787452,17.602676,3.6289399,2067
19083,r3i1p1f1,2067,04,01,0.5380465100835974,18.289183,6.32648,2067
19084,r3i1p1f1,2067,04,02,0.15503750514516002,19.075773,5.4771075,2067
19085,r3i1p1f1,2067,04,03,0.12853748424283784,18.619366,5.504397,2067
19086,r3i1p1f1,2067,04,04,0.008825248488309708,19.809559,4.8177934,2067
19087,r3i1p1f1,2067,04,05,0.0,23.672836,4.4166584,2067
19088,r3i1p1f1,2067,04,06,0.0,26.201756,7.535885,2067
19089,r3i1p1f1,2067,04,07,0.0,27.870579,10.04164,2067
19090,r3i1p1f1,2067,04,08,7.803894043194525e-05,26.513865,10.022875,2067
19091,r3i1p1f1,2067,04,09,0.0,23.555717,6.5862765,2067
19092,r3i1p1f1,2067,04,10,0.0,27.811943,8.568795,2067
19093,r3i1p1f1,2067,04,11,0.0,30.132702,10.274898,2067
19094,r3i1p1f1,2067,04,12,0.0,30.6951,12.088124,2067
19095,r3i1p1f1,2067,04,13,0.0,31.346008,11.259756,2067
19096,r3i1p1f1,2067,04,14,0.02216451280136508,31.118351,11.739634,2067
19097,r3i1p1f1,2067,04,15,0.019645886164984073,30.380472,12.375466,2067
19098,r3i1p1f1,2067,04,16,0.0,29.604685,9.980416,2067
19099,r3i1p1f1,2067,04,17,0.0,29.69824,9.009385,2067
19100,r3i1p1f1,2067,04,18,0.0,25.840685,7.3863277,2067
19101,r3i1p1f1,2067,04,19,0.23737908629548407,21.19774,5.1447406,2067
19102,r3i1p1f1,2067,04,20,0.07242013354367703,26.551249,7.0258126,2067
19103,r3i1p1f1,2067,04,21,0.17285752813277763,29.372139,9.367338,2067
19104,r3i1p1f1,2067,04,22,0.001147035156574213,31.530514,11.296455,2067
19105,r3i1p1f1,2067,04,23,0.0,29.664667,9.786224,2067
19106,r3i1p1f1,2067,04,24,0.0,26.180025,7.9825363,2067
19107,r3i1p1f1,2067,04,25,0.0,30.308908,9.9718,2067
19108,r3i1p1f1,2067,04,26,0.0,30.767757,10.5680275,2067
19109,r3i1p1f1,2067,04,27,0.0,29.235592,10.949452,2067
19110,r3i1p1f1,2067,04,28,0.0,30.401522,11.591256,2067
19111,r3i1p1f1,2067,04,29,0.0,32.198856,13.670851,2067
19112,r3i1p1f1,2067,04,30,0.0,34.026886,14.190994,2067
19113,r3i1p1f1,2067,05,01,0.0,33.95951,14.626219,2067
19114,r3i1p1f1,2067,05,02,0.36838136119926773,33.788506,15.184645,2067
19115,r3i1p1f1,2067,05,03,0.0,30.906317,12.392109,2067
19116,r3i1p1f1,2067,05,04,0.0,29.228167,11.04439,2067
19117,r3i1p1f1,2067,05,05,0.0,29.965488,10.896728,2067
19118,r3i1p1f1,2067,05,06,0.04490531840102366,27.956686,13.649299,2067
19119,r3i1p1f1,2067,05,07,0.2399806444417195,25.837076,11.516033,2067
19120,r3i1p1f1,2067,05,08,0.0009312636084911046,26.467524,8.131668,2067
19121,r3i1p1f1,2067,05,09,0.0,26.64468,9.158932,2067
19122,r3i1p1f1,2067,05,10,0.0,27.187984,8.504821,2067
19123,r3i1p1f1,2067,05,11,0.0,27.127363,8.53832,2067
19124,r3i1p1f1,2067,05,12,0.0,27.228504,8.445067,2067
19125,r3i1p1f1,2067,05,13,0.0,26.907259,7.954532,2067
19126,r3i1p1f1,2067,05,14,0.0,27.082317,8.101719,2067
19127,r3i1p1f1,2067,05,15,0.0,25.623327,7.4373965,2067
19128,r3i1p1f1,2067,05,16,0.0,25.633558,6.861612,2067
19129,r3i1p1f1,2067,05,17,0.0,25.38315,6.439442,2067
19130,r3i1p1f1,2067,05,18,0.03741313767298407,23.783972,8.472509,2067
19131,r3i1p1f1,2067,05,19,0.0,24.756124,6.464964,2067
19132,r3i1p1f1,2067,05,20,0.0,27.779934,8.874909,2067
19133,r3i1p1f1,2067,05,21,0.06046242623900374,28.250618,10.956509,2067
19134,r3i1p1f1,2067,05,22,0.0,28.643429,10.206775,2067
19135,r3i1p1f1,2067,05,23,0.0,31.268164,11.438842,2067
19136,r3i1p1f1,2067,05,24,0.0,30.774384,11.562715,2067
19137,r3i1p1f1,2067,05,25,0.0,30.73677,11.819948,2067
19138,r3i1p1f1,2067,05,26,0.0,30.601377,13.720537,2067
19139,r3i1p1f1,2067,05,27,0.0,32.150604,13.133996,2067
19140,r3i1p1f1,2067,05,28,0.0,31.010859,12.723278,2067
19141,r3i1p1f1,2067,05,29,0.0,30.651697,11.867947,2067
19142,r3i1p1f1,2067,05,30,0.0,30.349804,11.762142,2067
19143,r3i1p1f1,2067,05,31,0.0,27.91638,9.505772,2067
19144,r3i1p1f1,2067,06,01,0.0662507068464589,21.831402,7.1481953,2067
19145,r3i1p1f1,2067,06,02,0.22696279095808594,21.716713,7.1981716,2067
19146,r3i1p1f1,2067,06,03,0.039821894112692185,22.341455,5.6757436,2067
19147,r3i1p1f1,2067,06,04,0.0,23.093859,6.4835963,2067
19148,r3i1p1f1,2067,06,05,0.0,25.08553,7.4603167,2067
19149,r3i1p1f1,2067,06,06,0.0,29.769508,10.728364,2067
19150,r3i1p1f1,2067,06,07,0.0,31.150196,13.773001,2067
19151,r3i1p1f1,2067,06,08,0.0,29.911581,12.94522,2067
19152,r3i1p1f1,2067,06,09,0.0,30.970201,12.539731,2067
19153,r3i1p1f1,2067,06,10,0.0,30.684858,13.084819,2067
19154,r3i1p1f1,2067,06,11,0.0,30.481573,12.483999,2067
19155,r3i1p1f1,2067,06,12,0.0,29.663906,11.9197855,2067
19156,r3i1p1f1,2067,06,13,0.020278336014598608,25.701834,11.18571,2067
19157,r3i1p1f1,2067,06,14,0.08907656602263381,24.169006,9.440381,2067
19158,r3i1p1f1,2067,06,15,0.01734340436417948,28.93669,11.157061,2067
19159,r3i1p1f1,2067,06,16,0.0,32.994755,14.821276,2067
19160,r3i1p1f1,2067,06,17,0.0,32.757645,15.110487,2067
19161,r3i1p1f1,2067,06,18,0.0,32.37756,15.161587,2067
19162,r3i1p1f1,2067,06,19,0.0,34.642044,15.927262,2067
19163,r3i1p1f1,2067,06,20,0.0,37.48663,17.432125,2067
19164,r3i1p1f1,2067,06,21,0.0,37.946144,18.45126,2067
19165,r3i1p1f1,2067,06,22,0.0,38.657436,19.082346,2067
19166,r3i1p1f1,2067,06,23,0.0,38.502125,18.97456,2067
19167,r3i1p1f1,2067,06,24,0.0,37.48494,17.93105,2067
19168,r3i1p1f1,2067,06,25,0.0,38.558887,19.412077,2067
19169,r3i1p1f1,2067,06,26,0.0,38.07595,17.98159,2067
19170,r3i1p1f1,2067,06,27,0.0,36.51618,16.185612,2067
19171,r3i1p1f1,2067,06,28,0.0,35.9712,16.179567,2067
19172,r3i1p1f1,2067,06,29,0.0,33.859554,16.337032,2067
19173,r3i1p1f1,2067,06,30,0.0,34.93541,17.78769,2067
19174,r3i1p1f1,2067,07,01,0.0,37.599003,19.236237,2067
19175,r3i1p1f1,2067,07,02,0.0,38.18633,18.925909,2067
19176,r3i1p1f1,2067,07,03,0.0,37.063656,18.302368,2067
19177,r3i1p1f1,2067,07,04,0.0,36.099422,16.674526,2067
19178,r3i1p1f1,2067,07,05,0.0,35.860844,16.970291,2067
19179,r3i1p1f1,2067,07,06,0.0,36.864723,17.792337,2067
19180,r3i1p1f1,2067,07,07,0.0,37.293736,17.84998,2067
19181,r3i1p1f1,2067,07,08,0.0,35.517887,17.65166,2067
19182,r3i1p1f1,2067,07,09,0.0,34.333908,17.064762,2067
19183,r3i1p1f1,2067,07,10,0.0,36.136852,17.96453,2067
19184,r3i1p1f1,2067,07,11,0.0,41.27865,20.426516,2067
19185,r3i1p1f1,2067,07,12,0.5795395232262583,42.754196,23.261795,2067
19186,r3i1p1f1,2067,07,13,0.10049680551288254,41.68708,23.832846,2067
19187,r3i1p1f1,2067,07,14,0.028527433640909185,40.52925,21.910831,2067
19188,r3i1p1f1,2067,07,15,0.0,39.8386,21.364134,2067
19189,r3i1p1f1,2067,07,16,0.0,38.615917,21.582642,2067
19190,r3i1p1f1,2067,07,17,0.0024696550275566,35.59038,19.593897,2067
19191,r3i1p1f1,2067,07,18,0.0,34.6432,18.473244,2067
19192,r3i1p1f1,2067,07,19,0.040532024295041054,31.347706,17.451744,2067
19193,r3i1p1f1,2067,07,20,0.0,29.969122,15.708358,2067
19194,r3i1p1f1,2067,07,21,0.0,30.36696,14.373062,2067
19195,r3i1p1f1,2067,07,22,0.0,31.223963,14.474961,2067
19196,r3i1p1f1,2067,07,23,0.0,32.49604,15.355594,2067
19197,r3i1p1f1,2067,07,24,0.0,31.728897,15.915846,2067
19198,r3i1p1f1,2067,07,25,0.0005177042983246572,29.698698,15.216781,2067
19199,r3i1p1f1,2067,07,26,0.0,29.911816,13.899755,2067
19200,r3i1p1f1,2067,07,27,0.0,31.907976,14.601499,2067
19201,r3i1p1f1,2067,07,28,0.0,34.09417,16.782442,2067
19202,r3i1p1f1,2067,07,29,0.0,34.874844,17.60808,2067
19203,r3i1p1f1,2067,07,30,0.0,35.665936,17.640076,2067
19204,r3i1p1f1,2067,07,31,0.0,36.371136,17.23351,2067
19205,r3i1p1f1,2067,08,01,0.012531433127481829,36.9425,18.494448,2067
19206,r3i1p1f1,2067,08,02,0.0,38.08293,18.931707,2067
19207,r3i1p1f1,2067,08,03,0.0,37.94896,21.322542,2067
19208,r3i1p1f1,2067,08,04,0.0,37.88131,21.817036,2067
19209,r3i1p1f1,2067,08,05,0.0,36.75837,19.260157,2067
19210,r3i1p1f1,2067,08,06,0.0,34.94953,17.03482,2067
19211,r3i1p1f1,2067,08,07,0.0,31.91707,15.656829,2067
19212,r3i1p1f1,2067,08,08,0.0,27.90604,15.46498,2067
19213,r3i1p1f1,2067,08,09,0.0,28.804033,14.167132,2067
19214,r3i1p1f1,2067,08,10,0.0,30.637514,14.853078,2067
19215,r3i1p1f1,2067,08,11,0.0,34.734035,17.001953,2067
19216,r3i1p1f1,2067,08,12,0.042495686052875084,35.848175,17.860231,2067
19217,r3i1p1f1,2067,08,13,0.0,36.43581,18.045712,2067
19218,r3i1p1f1,2067,08,14,0.0,35.78727,18.5326,2067
19219,r3i1p1f1,2067,08,15,0.0,34.59491,18.499771,2067
19220,r3i1p1f1,2067,08,16,0.0,34.461544,17.850094,2067
19221,r3i1p1f1,2067,08,17,0.0,33.65055,16.94734,2067
19222,r3i1p1f1,2067,08,18,0.0,33.753654,16.612911,2067
19223,r3i1p1f1,2067,08,19,0.0,33.10854,15.390119,2067
19224,r3i1p1f1,2067,08,20,0.0,34.136105,14.578131,2067
19225,r3i1p1f1,2067,08,21,0.0,37.09766,17.3078,2067
19226,r3i1p1f1,2067,08,22,0.0,39.620705,21.156315,2067
19227,r3i1p1f1,2067,08,23,0.0,38.87011,21.176462,2067
19228,r3i1p1f1,2067,08,24,0.0,37.996685,19.9847,2067
19229,r3i1p1f1,2067,08,25,0.0,37.086014,17.879728,2067
19230,r3i1p1f1,2067,08,26,0.0,34.87994,15.26247,2067
19231,r3i1p1f1,2067,08,27,0.0,35.403328,15.76431,2067
19232,r3i1p1f1,2067,08,28,0.0,35.901093,17.943666,2067
19233,r3i1p1f1,2067,08,29,0.0,36.832718,19.745962,2067
19234,r3i1p1f1,2067,08,30,0.011557662960099564,36.18238,19.840849,2067
19235,r3i1p1f1,2067,08,31,0.022473201895605376,35.386276,19.724615,2067
19236,r3i1p1f1,2067,09,01,0.0,34.46198,19.210234,2067
19237,r3i1p1f1,2067,09,02,0.0,34.581238,17.70418,2067
19238,r3i1p1f1,2067,09,03,0.0,34.359985,17.699356,2067
19239,r3i1p1f1,2067,09,04,0.0017837405374104326,34.434895,19.682253,2067
19240,r3i1p1f1,2067,09,05,0.0,36.108418,18.483229,2067
19241,r3i1p1f1,2067,09,06,0.0,36.962234,18.456814,2067
19242,r3i1p1f1,2067,09,07,0.0,36.069252,17.589518,2067
19243,r3i1p1f1,2067,09,08,0.0,35.94179,17.272264,2067
19244,r3i1p1f1,2067,09,09,0.0,36.370632,17.448736,2067
19245,r3i1p1f1,2067,09,10,0.0,35.692066,18.42616,2067
19246,r3i1p1f1,2067,09,11,0.0,34.25957,16.975239,2067
19247,r3i1p1f1,2067,09,12,0.0,29.808224,13.727098,2067
19248,r3i1p1f1,2067,09,13,0.0,28.147121,11.978172,2067
19249,r3i1p1f1,2067,09,14,0.0,28.015211,11.916462,2067
19250,r3i1p1f1,2067,09,15,0.0,32.12429,14.860985,2067
19251,r3i1p1f1,2067,09,16,0.0,34.973816,16.38528,2067
19252,r3i1p1f1,2067,09,17,0.0,34.308804,16.461346,2067
19253,r3i1p1f1,2067,09,18,0.0,32.52352,14.516129,2067
19254,r3i1p1f1,2067,09,19,0.0,30.861872,13.653068,2067
19255,r3i1p1f1,2067,09,20,0.0,28.920889,14.059937,2067
19256,r3i1p1f1,2067,09,21,0.0,28.421907,11.064934,2067
19257,r3i1p1f1,2067,09,22,0.0,30.433811,12.484762,2067
19258,r3i1p1f1,2067,09,23,0.0,28.59881,13.031012,2067
19259,r3i1p1f1,2067,09,24,0.0,28.467245,13.806962,2067
19260,r3i1p1f1,2067,09,25,0.0,33.746582,15.843785,2067
19261,r3i1p1f1,2067,09,26,0.0,34.83568,16.593561,2067
19262,r3i1p1f1,2067,09,27,0.0,33.615604,15.616281,2067
19263,r3i1p1f1,2067,09,28,0.007807178630945132,30.385319,14.345064,2067
19264,r3i1p1f1,2067,09,29,0.0,29.544409,13.713398,2067
19265,r3i1p1f1,2067,09,30,0.0,29.75728,13.058888,2067
19266,r3i1p1f1,2067,10,01,0.0,29.548367,12.076895,2067
19267,r3i1p1f1,2067,10,02,0.0,27.481113,11.428071,2067
19268,r3i1p1f1,2067,10,03,0.0,22.84725,8.257715,2067
19269,r3i1p1f1,2067,10,04,0.0,26.507257,8.72274,2067
19270,r3i1p1f1,2067,10,05,0.0,28.588657,11.848097,2067
19271,r3i1p1f1,2067,10,06,0.0,31.065811,13.614815,2067
19272,r3i1p1f1,2067,10,07,0.0,33.1784,15.313485,2067
19273,r3i1p1f1,2067,10,08,0.0,33.29585,15.220637,2067
19274,r3i1p1f1,2067,10,09,0.0,32.055107,14.086368,2067
19275,r3i1p1f1,2067,10,10,0.0,31.11374,13.892883,2067
19276,r3i1p1f1,2067,10,11,0.0,30.944149,13.426709,2067
19277,r3i1p1f1,2067,10,12,0.0,29.786087,12.446761,2067
19278,r3i1p1f1,2067,10,13,0.0,29.56528,12.440723,2067
19279,r3i1p1f1,2067,10,14,0.0,28.704609,13.668432,2067
19280,r3i1p1f1,2067,10,15,0.0,28.075003,12.838666,2067
19281,r3i1p1f1,2067,10,16,0.0,31.434683,12.439158,2067
19282,r3i1p1f1,2067,10,17,0.0,33.68637,13.919541,2067
19283,r3i1p1f1,2067,10,18,0.0,30.322012,14.904328,2067
19284,r3i1p1f1,2067,10,19,0.0,28.95858,11.563435,2067
19285,r3i1p1f1,2067,10,20,0.0,28.922342,11.840273,2067
19286,r3i1p1f1,2067,10,21,0.0,29.297853,12.633891,2067
19287,r3i1p1f1,2067,10,22,0.0,27.849197,11.84223,2067
19288,r3i1p1f1,2067,10,23,0.0,26.860401,11.421275,2067
19289,r3i1p1f1,2067,10,24,0.0,29.033907,13.209746,2067
19290,r3i1p1f1,2067,10,25,0.0,31.48775,14.36844,2067
19291,r3i1p1f1,2067,10,26,0.0,30.86265,13.911065,2067
19292,r3i1p1f1,2067,10,27,0.8467333588068318,25.82911,13.959769,2067
19293,r3i1p1f1,2067,10,28,0.38088699530851844,18.329626,8.127301,2067
19294,r3i1p1f1,2067,10,29,0.0,19.149275,4.612675,2067
19295,r3i1p1f1,2067,10,30,0.0,24.761896,7.934611,2067
19296,r3i1p1f1,2067,10,31,0.0,27.318832,9.66619,2067
19297,r3i1p1f1,2067,11,01,0.0,26.121613,8.893546,2067
19298,r3i1p1f1,2067,11,02,0.0,26.413794,8.744623,2067
19299,r3i1p1f1,2067,11,03,0.0,27.364956,10.042254,2067
19300,r3i1p1f1,2067,11,04,0.09443284838308694,25.324667,10.716363,2067
19301,r3i1p1f1,2067,11,05,0.0,22.966263,6.579976,2067
19302,r3i1p1f1,2067,11,06,0.0,22.211576,7.255514,2067
19303,r3i1p1f1,2067,11,07,0.507468845173662,21.464891,8.64375,2067
19304,r3i1p1f1,2067,11,08,0.0,17.34882,4.1539183,2067
19305,r3i1p1f1,2067,11,09,0.0,20.89314,4.5573444,2067
19306,r3i1p1f1,2067,11,10,0.0,20.437353,4.636443,2067
19307,r3i1p1f1,2067,11,11,0.0041331116451395,16.752144,6.0015545,2067
19308,r3i1p1f1,2067,11,12,0.0,17.19545,1.8992406,2067
19309,r3i1p1f1,2067,11,13,0.0,18.947945,1.6999881,2067
19310,r3i1p1f1,2067,11,14,0.0,22.146296,5.899476,2067
19311,r3i1p1f1,2067,11,15,0.0,23.189165,7.303498,2067
19312,r3i1p1f1,2067,11,16,0.0,22.939274,7.1113834,2067
19313,r3i1p1f1,2067,11,17,0.0008707389010989132,20.905539,3.4376385,2067
19314,r3i1p1f1,2067,11,18,0.023713038583468227,17.168467,4.808869,2067
19315,r3i1p1f1,2067,11,19,0.0,15.717973,1.2781558,2067
19316,r3i1p1f1,2067,11,20,0.0,18.767841,1.2086557,2067
19317,r3i1p1f1,2067,11,21,0.0,20.469984,4.1420164,2067
19318,r3i1p1f1,2067,11,22,0.0,19.540686,6.7010407,2067
19319,r3i1p1f1,2067,11,23,0.0,19.95145,3.1454291,2067
19320,r3i1p1f1,2067,11,24,0.044973505735084254,21.272928,5.2498055,2067
19321,r3i1p1f1,2067,11,25,2.635469288156993,19.898556,9.958228,2067
19322,r3i1p1f1,2067,11,26,0.0,16.794956,1.791312,2067
19323,r3i1p1f1,2067,11,27,0.0,16.558353,2.9188726,2067
19324,r3i1p1f1,2067,11,28,0.0,17.418242,0.98867285,2067
19325,r3i1p1f1,2067,11,29,0.0,17.94788,1.2385049,2067
19326,r3i1p1f1,2067,11,30,0.0,18.844118,1.2249956,2067
19327,r3i1p1f1,2067,12,01,0.0,18.271683,5.1096425,2067
19328,r3i1p1f1,2067,12,02,0.0,19.28152,5.0809307,2067
19329,r3i1p1f1,2067,12,03,0.0,18.205309,3.7494988,2067
19330,r3i1p1f1,2067,12,04,1.6135410286987089,18.842136,4.6831164,2067
19331,r3i1p1f1,2067,12,05,3.056809266347362,17.479925,3.5947554,2067
19332,r3i1p1f1,2067,12,06,0.0485120598960114,11.38329,0.621668,2067
19333,r3i1p1f1,2067,12,07,5.8832693871036925,11.09657,3.6617012,2067
19334,r3i1p1f1,2067,12,08,0.17575119984526696,10.401285,-0.685198,2067
19335,r3i1p1f1,2067,12,09,0.0,12.143564,-1.6784029,2067
19336,r3i1p1f1,2067,12,10,0.0,15.941085,1.5382234,2067
19337,r3i1p1f1,2067,12,11,0.0,17.749622,3.9365356,2067
19338,r3i1p1f1,2067,12,12,0.0,20.097998,6.958931,2067
19339,r3i1p1f1,2067,12,13,0.02037243651240274,19.605154,8.583331,2067
19340,r3i1p1f1,2067,12,14,0.04098785251451111,13.727434,0.8702448,2067
19341,r3i1p1f1,2067,12,15,0.00269414984910382,7.013584,-5.1003456,2067
19342,r3i1p1f1,2067,12,16,0.0007864531609370853,10.849587,-2.5217366,2067
19343,r3i1p1f1,2067,12,17,6.003342029992883,10.880002,1.5554196,2067
19344,r3i1p1f1,2067,12,18,0.0007726171646605839,8.263732,-1.6713655,2067
19345,r3i1p1f1,2067,12,19,0.016566034632198738,10.453613,-2.607004,2067
19346,r3i1p1f1,2067,12,20,0.0,14.345962,-0.2367102,2067
19347,r3i1p1f1,2067,12,21,0.0,14.483174,0.55492556,2067
19348,r3i1p1f1,2067,12,22,0.0,16.587864,3.2935326,2067
19349,r3i1p1f1,2067,12,23,0.0,19.75503,4.5759916,2067
19350,r3i1p1f1,2067,12,24,0.0,18.446602,4.9428544,2067
19351,r3i1p1f1,2067,12,25,0.00028180214223649466,17.741856,6.9339056,2067
19352,r3i1p1f1,2067,12,26,2.5362182533676374,15.499406,5.97023,2067
19353,r3i1p1f1,2067,12,27,0.1477658883661868,14.886705,2.3546622,2067
19354,r3i1p1f1,2067,12,28,0.0013831103261150984,15.1867285,2.580881,2067
19355,r3i1p1f1,2067,12,29,0.0,17.10463,1.9399292,2067
19356,r3i1p1f1,2067,12,30,0.010675567872925912,16.306509,5.1548223,2067
19357,r3i1p1f1,2067,12,31,10.497795917385838,17.67551,6.779268,2067
19358,r3i1p1f1,2068,01,01,0.07754394164239233,15.08378,5.090628,2068
19359,r3i1p1f1,2068,01,02,19.128885235651538,17.244112,7.266392,2068
19360,r3i1p1f1,2068,01,03,31.919622548936484,17.68556,11.451013,2068
19361,r3i1p1f1,2068,01,04,17.44512963795084,17.190798,7.732332,2068
19362,r3i1p1f1,2068,01,05,0.0,15.298729,0.86378324,2068
19363,r3i1p1f1,2068,01,06,0.00768592099616812,16.46114,5.2551312,2068
19364,r3i1p1f1,2068,01,07,0.0,15.938917,3.399484,2068
19365,r3i1p1f1,2068,01,08,0.0,14.973539,1.0327413,2068
19366,r3i1p1f1,2068,01,09,0.0,14.133216,1.1218165,2068
19367,r3i1p1f1,2068,01,10,3.2547564622368417,11.817237,2.5588622,2068
19368,r3i1p1f1,2068,01,11,1.7279753960721074,10.978353,1.91266,2068
19369,r3i1p1f1,2068,01,12,0.0,13.037686,-1.6407245,2068
19370,r3i1p1f1,2068,01,13,1.1285965645107132,11.90303,0.5695992,2068
19371,r3i1p1f1,2068,01,14,8.599004073123595,11.04836,3.1439,2068
19372,r3i1p1f1,2068,01,15,0.0,10.561664,0.28462368,2068
19373,r3i1p1f1,2068,01,16,0.14386177540445438,10.394555,-0.80116236,2068
19374,r3i1p1f1,2068,01,17,0.26197153215131647,9.126757,0.37657252,2068
19375,r3i1p1f1,2068,01,18,0.07471759817263139,7.2586026,-2.219965,2068
19376,r3i1p1f1,2068,01,19,0.0035884695579156732,6.077171,-2.4200907,2068
19377,r3i1p1f1,2068,01,20,0.0,9.301137,-3.368011,2068
19378,r3i1p1f1,2068,01,21,0.0,11.431478,-2.544162,2068
19379,r3i1p1f1,2068,01,22,0.0,15.247456,0.72574663,2068
19380,r3i1p1f1,2068,01,23,0.0,16.663488,2.8677213,2068
19381,r3i1p1f1,2068,01,24,0.0,16.63667,2.6760907,2068
19382,r3i1p1f1,2068,01,25,0.0,15.997232,2.5384355,2068
19383,r3i1p1f1,2068,01,26,0.0,16.11136,2.3223696,2068
19384,r3i1p1f1,2068,01,27,0.0,15.6748085,1.8449639,2068
19385,r3i1p1f1,2068,01,28,0.0,14.520296,1.1713833,2068
19386,r3i1p1f1,2068,01,29,0.0,12.95305,0.27169257,2068
19387,r3i1p1f1,2068,01,30,0.008559405923182512,9.35475,-2.5092828,2068
19388,r3i1p1f1,2068,01,31,0.10344787746968602,8.524593,-2.796473,2068
19389,r3i1p1f1,2068,02,01,9.116898733502074,5.9160347,0.007685141,2068
19390,r3i1p1f1,2068,02,02,0.0,3.9890573,-7.5165844,2068
19391,r3i1p1f1,2068,02,03,0.0,4.166135,-8.436705,2068
19392,r3i1p1f1,2068,02,04,0.0,3.0252144,-9.074907,2068
19393,r3i1p1f1,2068,02,05,0.0,5.0416307,-7.522874,2068
19394,r3i1p1f1,2068,02,06,0.0,9.639477,-4.417883,2068
19395,r3i1p1f1,2068,02,07,0.0,15.65329,-0.11631197,2068
19396,r3i1p1f1,2068,02,08,0.0,19.236055,3.534034,2068
19397,r3i1p1f1,2068,02,09,0.0,20.334713,5.5703387,2068
19398,r3i1p1f1,2068,02,10,0.0,21.224518,5.865807,2068
19399,r3i1p1f1,2068,02,11,0.0,21.885632,6.604371,2068
19400,r3i1p1f1,2068,02,12,0.0,21.882563,5.5758314,2068
19401,r3i1p1f1,2068,02,13,0.3271504502398867,22.3425,8.5153475,2068
19402,r3i1p1f1,2068,02,14,0.25380875297824707,18.474594,4.075724,2068
19403,r3i1p1f1,2068,02,15,0.0,12.407014,-1.807364,2068
19404,r3i1p1f1,2068,02,16,0.7271401687775683,12.852622,0.82273155,2068
19405,r3i1p1f1,2068,02,17,8.991475434185388,12.9589405,2.9187863,2068
19406,r3i1p1f1,2068,02,18,0.0214442072804862,14.7610445,0.7023945,2068
19407,r3i1p1f1,2068,02,19,0.0,18.057188,3.3713562,2068
19408,r3i1p1f1,2068,02,20,0.0,20.384575,5.7877502,2068
19409,r3i1p1f1,2068,02,21,0.0,21.699999,6.6488056,2068
19410,r3i1p1f1,2068,02,22,0.0,20.96573,5.800416,2068
19411,r3i1p1f1,2068,02,23,0.0,21.630657,7.755101,2068
19412,r3i1p1f1,2068,02,24,0.0,21.535435,6.6678424,2068
19413,r3i1p1f1,2068,02,25,0.0005598975236132516,21.032673,5.106388,2068
19414,r3i1p1f1,2068,02,26,0.4452871500938493,17.60154,3.7022464,2068
19415,r3i1p1f1,2068,02,27,0.3811401040310915,13.56895,2.2616947,2068
19416,r3i1p1f1,2068,02,28,0.16176626649350068,16.602095,3.6663423,2068
19417,r3i1p1f1,2068,02,29,0.0,19.114067,5.0157285,2068
19418,r3i1p1f1,2068,03,01,0.5604947269129105,18.293354,0.43860438,2068
19419,r3i1p1f1,2068,03,02,6.5584800548712145,9.636178,0.16087629,2068
19420,r3i1p1f1,2068,03,03,1.9069003687345134,11.133084,0.26640686,2068
19421,r3i1p1f1,2068,03,04,3.640047794494118,10.717361,0.6999262,2068
19422,r3i1p1f1,2068,03,05,0.6839570161743971,13.677166,-1.3753011,2068
19423,r3i1p1f1,2068,03,06,1.0465928550123256,11.728903,0.7327472,2068
19424,r3i1p1f1,2068,03,07,0.6466483531023021,12.727471,0.6452967,2068
19425,r3i1p1f1,2068,03,08,1.166593859403623,14.063771,0.9886448,2068
19426,r3i1p1f1,2068,03,09,0.1791622353564228,15.249739,1.340282,2068
19427,r3i1p1f1,2068,03,10,0.0005994988323161097,17.626873,1.2318636,2068
19428,r3i1p1f1,2068,03,11,0.0,19.335989,4.076157,2068
19429,r3i1p1f1,2068,03,12,0.0683136185751099,20.194332,7.134212,2068
19430,r3i1p1f1,2068,03,13,0.0,20.900322,4.5173078,2068
19431,r3i1p1f1,2068,03,14,0.012680331428507061,20.747515,4.979788,2068
19432,r3i1p1f1,2068,03,15,0.0,21.723106,4.4345317,2068
19433,r3i1p1f1,2068,03,16,0.0,22.389019,5.427708,2068
19434,r3i1p1f1,2068,03,17,0.0,24.897482,6.6360016,2068
19435,r3i1p1f1,2068,03,18,0.0,24.188757,7.653544,2068
19436,r3i1p1f1,2068,03,19,0.1046520157317652,22.233116,6.3224387,2068
19437,r3i1p1f1,2068,03,20,0.1785499196078242,23.265665,5.502222,2068
19438,r3i1p1f1,2068,03,21,0.0,25.089836,7.7301993,2068
19439,r3i1p1f1,2068,03,22,0.0,25.695715,8.686108,2068
19440,r3i1p1f1,2068,03,23,0.0,25.760668,7.870159,2068
19441,r3i1p1f1,2068,03,24,0.0,24.695915,6.428299,2068
19442,r3i1p1f1,2068,03,25,1.3269758602131554,21.253103,3.6220934,2068
19443,r3i1p1f1,2068,03,26,8.857909655361613,15.645386,4.5746484,2068
19444,r3i1p1f1,2068,03,27,0.2531837112341732,19.16196,4.247139,2068
19445,r3i1p1f1,2068,03,28,0.0,21.85217,3.9224854,2068
19446,r3i1p1f1,2068,03,29,0.0036190156253834366,22.946728,4.48768,2068
19447,r3i1p1f1,2068,03,30,2.969605174942196,20.013844,4.5191216,2068
19448,r3i1p1f1,2068,03,31,7.501346805955549,15.115243,5.5586157,2068
19449,r3i1p1f1,2068,04,01,4.045110662796518,16.583858,5.6757207,2068
19450,r3i1p1f1,2068,04,02,18.201447653923285,14.425968,3.5794258,2068
19451,r3i1p1f1,2068,04,03,0.7113304289906051,14.509928,1.3443282,2068
19452,r3i1p1f1,2068,04,04,0.002420251966021059,18.036528,1.4333339,2068
19453,r3i1p1f1,2068,04,05,0.2752046213258423,18.03865,6.2669063,2068
19454,r3i1p1f1,2068,04,06,0.1950328289118867,18.930393,4.2353516,2068
19455,r3i1p1f1,2068,04,07,0.20832563693230358,17.739857,3.452973,2068
19456,r3i1p1f1,2068,04,08,1.4535111179905222,13.722183,2.6847477,2068
19457,r3i1p1f1,2068,04,09,0.19462001391688813,15.654172,2.4883811,2068
19458,r3i1p1f1,2068,04,10,0.0,18.787441,4.432543,2068
19459,r3i1p1f1,2068,04,11,0.0,21.194578,4.2895727,2068
19460,r3i1p1f1,2068,04,12,0.0,23.438787,5.4970646,2068
19461,r3i1p1f1,2068,04,13,0.0,23.361397,6.2333465,2068
19462,r3i1p1f1,2068,04,14,0.03621870875852465,23.466934,6.3030863,2068
19463,r3i1p1f1,2068,04,15,15.859034666741948,18.677843,5.068617,2068
19464,r3i1p1f1,2068,04,16,4.534934064498829,12.921713,1.8420601,2068
19465,r3i1p1f1,2068,04,17,1.371943726293411,15.83374,2.201564,2068
19466,r3i1p1f1,2068,04,18,0.07568397442810237,22.951607,5.1542454,2068
19467,r3i1p1f1,2068,04,19,0.0,24.501522,7.330337,2068
19468,r3i1p1f1,2068,04,20,0.0,25.849436,8.469287,2068
19469,r3i1p1f1,2068,04,21,0.0,25.055264,8.54723,2068
19470,r3i1p1f1,2068,04,22,0.0,23.089478,6.296515,2068
19471,r3i1p1f1,2068,04,23,0.0,20.916103,4.861153,2068
19472,r3i1p1f1,2068,04,24,0.0,21.752806,3.7218614,2068
19473,r3i1p1f1,2068,04,25,0.0,24.608246,6.3010097,2068
19474,r3i1p1f1,2068,04,26,0.0,28.512518,10.121541,2068
19475,r3i1p1f1,2068,04,27,0.0,30.12418,10.820308,2068
19476,r3i1p1f1,2068,04,28,0.0,29.009254,9.678492,2068
19477,r3i1p1f1,2068,04,29,0.21407785699204507,26.972876,8.066302,2068
19478,r3i1p1f1,2068,04,30,0.25336310858606204,22.403568,8.525993,2068
19479,r3i1p1f1,2068,05,01,0.0,27.089388,8.43614,2068
19480,r3i1p1f1,2068,05,02,0.0,27.928688,10.089745,2068
19481,r3i1p1f1,2068,05,03,0.0,27.064865,9.576341,2068
19482,r3i1p1f1,2068,05,04,0.003956324618422624,28.639164,10.503946,2068
19483,r3i1p1f1,2068,05,05,0.0,27.720156,11.415029,2068
19484,r3i1p1f1,2068,05,06,0.0,24.439857,7.265135,2068
19485,r3i1p1f1,2068,05,07,0.0,25.276861,8.092982,2068
19486,r3i1p1f1,2068,05,08,0.0,26.014841,8.477974,2068
19487,r3i1p1f1,2068,05,09,0.0,25.495377,7.609297,2068
19488,r3i1p1f1,2068,05,10,0.0,25.217688,9.415559,2068
19489,r3i1p1f1,2068,05,11,0.08085514817635571,21.368635,6.2326484,2068
19490,r3i1p1f1,2068,05,12,8.457895661979848,16.8241,5.1012654,2068
19491,r3i1p1f1,2068,05,13,0.0,24.48995,7.963122,2068
19492,r3i1p1f1,2068,05,14,0.0,28.899004,11.143401,2068
19493,r3i1p1f1,2068,05,15,0.0,30.093561,12.219094,2068
19494,r3i1p1f1,2068,05,16,0.0,30.02352,12.635114,2068
19495,r3i1p1f1,2068,05,17,0.0,31.714184,13.170665,2068
19496,r3i1p1f1,2068,05,18,0.0,32.210957,13.486284,2068
19497,r3i1p1f1,2068,05,19,0.008378761651163752,29.898941,12.73103,2068
19498,r3i1p1f1,2068,05,20,0.0,30.706987,11.53115,2068
19499,r3i1p1f1,2068,05,21,0.0,32.793144,13.716802,2068
19500,r3i1p1f1,2068,05,22,0.0,32.597717,13.039148,2068
19501,r3i1p1f1,2068,05,23,0.0,29.58604,10.706061,2068
19502,r3i1p1f1,2068,05,24,0.0,25.012024,7.7852774,2068
19503,r3i1p1f1,2068,05,25,0.0,27.740759,10.877526,2068
19504,r3i1p1f1,2068,05,26,0.0008971618742428043,30.96638,12.310763,2068
19505,r3i1p1f1,2068,05,27,0.0,31.185743,12.925996,2068
19506,r3i1p1f1,2068,05,28,0.0,32.14457,14.106771,2068
19507,r3i1p1f1,2068,05,29,0.0,34.938457,15.88381,2068
19508,r3i1p1f1,2068,05,30,0.0,36.452034,17.218315,2068
19509,r3i1p1f1,2068,05,31,0.0,37.206356,18.09079,2068
19510,r3i1p1f1,2068,06,01,0.0,34.874874,15.655566,2068
19511,r3i1p1f1,2068,06,02,0.0,32.800682,15.575803,2068
19512,r3i1p1f1,2068,06,03,0.0,30.836367,13.824203,2068
19513,r3i1p1f1,2068,06,04,0.0,28.230465,10.931348,2068
19514,r3i1p1f1,2068,06,05,0.0,32.661366,12.938856,2068
19515,r3i1p1f1,2068,06,06,0.0,36.087696,16.374401,2068
19516,r3i1p1f1,2068,06,07,0.0,37.786247,17.626232,2068
19517,r3i1p1f1,2068,06,08,0.0,39.614872,19.142912,2068
19518,r3i1p1f1,2068,06,09,0.0,39.747307,19.121166,2068
19519,r3i1p1f1,2068,06,10,0.0,38.63036,18.51389,2068
19520,r3i1p1f1,2068,06,11,0.0,33.447945,15.798311,2068
19521,r3i1p1f1,2068,06,12,0.0,27.42548,12.554324,2068
19522,r3i1p1f1,2068,06,13,0.0,28.971037,11.904305,2068
19523,r3i1p1f1,2068,06,14,0.0,30.007912,12.432893,2068
19524,r3i1p1f1,2068,06,15,0.0,30.886675,13.132426,2068
19525,r3i1p1f1,2068,06,16,0.0,32.953445,14.448041,2068
19526,r3i1p1f1,2068,06,17,0.0,34.69333,16.00544,2068
19527,r3i1p1f1,2068,06,18,0.0,34.469273,16.357662,2068
19528,r3i1p1f1,2068,06,19,0.0,35.58477,16.504255,2068
19529,r3i1p1f1,2068,06,20,0.0,35.37413,16.336538,2068
19530,r3i1p1f1,2068,06,21,0.0,37.272583,17.608519,2068
19531,r3i1p1f1,2068,06,22,0.0,37.865303,18.771814,2068
19532,r3i1p1f1,2068,06,23,0.0,38.409477,19.174265,2068
19533,r3i1p1f1,2068,06,24,0.0,38.433594,18.92071,2068
19534,r3i1p1f1,2068,06,25,0.0,38.366932,18.234985,2068
19535,r3i1p1f1,2068,06,26,0.0,37.61778,18.091152,2068
19536,r3i1p1f1,2068,06,27,0.0,38.48816,18.987265,2068
19537,r3i1p1f1,2068,06,28,0.0,40.6016,19.979044,2068
19538,r3i1p1f1,2068,06,29,4.512820957291599,37.096428,20.287819,2068
19539,r3i1p1f1,2068,06,30,0.7982510532339361,34.37983,19.494045,2068
19540,r3i1p1f1,2068,07,01,0.007956264625218782,34.684437,16.903463,2068
19541,r3i1p1f1,2068,07,02,0.0006416159202203606,36.022686,16.522537,2068
19542,r3i1p1f1,2068,07,03,0.0,35.21861,17.80792,2068
19543,r3i1p1f1,2068,07,04,0.0,34.39789,16.616503,2068
19544,r3i1p1f1,2068,07,05,0.0,35.979095,17.227139,2068
19545,r3i1p1f1,2068,07,06,0.009123454801738262,35.54631,18.369478,2068
19546,r3i1p1f1,2068,07,07,0.018986937361522436,32.499565,17.321978,2068
19547,r3i1p1f1,2068,07,08,0.8376673026401532,34.62435,17.061144,2068
19548,r3i1p1f1,2068,07,09,0.39184136048182455,34.999363,17.659958,2068
19549,r3i1p1f1,2068,07,10,0.0006218797837694486,34.827812,19.164139,2068
19550,r3i1p1f1,2068,07,11,0.0,36.062214,18.100449,2068
19551,r3i1p1f1,2068,07,12,0.06449569649510412,35.245594,18.210238,2068
19552,r3i1p1f1,2068,07,13,0.19067153264062875,33.57577,17.53606,2068
19553,r3i1p1f1,2068,07,14,0.18546433194194722,35.18091,18.01152,2068
19554,r3i1p1f1,2068,07,15,0.007621452664765952,36.861835,18.845938,2068
19555,r3i1p1f1,2068,07,16,0.053790626151374345,36.46923,18.951418,2068
19556,r3i1p1f1,2068,07,17,1.4002019041050295,33.87009,18.464499,2068
19557,r3i1p1f1,2068,07,18,0.30951269639472506,34.07728,17.494005,2068
19558,r3i1p1f1,2068,07,19,1.6233829015643344,32.081085,17.076113,2068
19559,r3i1p1f1,2068,07,20,0.0,30.595226,16.29445,2068
19560,r3i1p1f1,2068,07,21,0.0,30.827883,15.06024,2068
19561,r3i1p1f1,2068,07,22,0.0,30.081972,15.201923,2068
19562,r3i1p1f1,2068,07,23,0.015606963369822497,29.789186,16.339539,2068
19563,r3i1p1f1,2068,07,24,0.0011631627090867948,32.230747,15.896201,2068
19564,r3i1p1f1,2068,07,25,0.0,31.983334,15.234838,2068
19565,r3i1p1f1,2068,07,26,0.0,32.04491,15.404395,2068
19566,r3i1p1f1,2068,07,27,0.05333183047531003,31.328417,16.285723,2068
19567,r3i1p1f1,2068,07,28,0.005761124616996808,32.80891,16.735422,2068
19568,r3i1p1f1,2068,07,29,0.0,35.256474,17.983229,2068
19569,r3i1p1f1,2068,07,30,0.0,38.592678,18.512774,2068
19570,r3i1p1f1,2068,07,31,0.02725862851190014,39.826893,19.6953,2068
19571,r3i1p1f1,2068,08,01,0.2780825760970457,40.144737,23.686823,2068
19572,r3i1p1f1,2068,08,02,0.0,40.658234,21.446684,2068
19573,r3i1p1f1,2068,08,03,0.43649525333118316,40.540386,22.22016,2068
19574,r3i1p1f1,2068,08,04,0.835196094148242,38.63247,21.667418,2068
19575,r3i1p1f1,2068,08,05,2.5362519129835577,34.04781,20.923191,2068
19576,r3i1p1f1,2068,08,06,0.11095721680304092,35.479053,18.72727,2068
19577,r3i1p1f1,2068,08,07,0.06373099654658952,36.213505,18.484785,2068
19578,r3i1p1f1,2068,08,08,0.0,35.43739,17.982836,2068
19579,r3i1p1f1,2068,08,09,0.0,34.11161,16.861078,2068
19580,r3i1p1f1,2068,08,10,0.0,35.950512,17.882315,2068
19581,r3i1p1f1,2068,08,11,0.0,37.364655,20.270105,2068
19582,r3i1p1f1,2068,08,12,0.0,36.267033,18.95955,2068
19583,r3i1p1f1,2068,08,13,0.0,33.3204,16.039192,2068
19584,r3i1p1f1,2068,08,14,0.0,33.513462,16.186918,2068
19585,r3i1p1f1,2068,08,15,0.0,34.224052,17.633434,2068
19586,r3i1p1f1,2068,08,16,0.2768307681033162,35.335003,18.263144,2068
19587,r3i1p1f1,2068,08,17,0.0,35.893463,19.217335,2068
19588,r3i1p1f1,2068,08,18,0.9215604051397267,34.91211,18.848429,2068
19589,r3i1p1f1,2068,08,19,0.12676219787946055,33.832253,18.49608,2068
19590,r3i1p1f1,2068,08,20,0.0,33.38787,16.776031,2068
19591,r3i1p1f1,2068,08,21,0.0,33.057575,16.874428,2068
19592,r3i1p1f1,2068,08,22,0.10699165889739314,33.2725,18.020784,2068
19593,r3i1p1f1,2068,08,23,0.029457999176388097,35.453125,18.758453,2068
19594,r3i1p1f1,2068,08,24,0.0,37.004097,19.185946,2068
19595,r3i1p1f1,2068,08,25,0.9207850812482788,37.895763,19.911104,2068
19596,r3i1p1f1,2068,08,26,0.610711080239112,37.185677,20.774506,2068
19597,r3i1p1f1,2068,08,27,0.0,39.057568,19.979445,2068
19598,r3i1p1f1,2068,08,28,0.018636709869359478,40.691917,20.528343,2068
19599,r3i1p1f1,2068,08,29,0.2423982543934306,42.31345,21.774712,2068
19600,r3i1p1f1,2068,08,30,1.4374014582581092,41.55284,21.816381,2068
19601,r3i1p1f1,2068,08,31,0.7430914285897884,37.855637,21.91452,2068
19602,r3i1p1f1,2068,09,01,0.0656032718501537,36.120525,21.63248,2068
19603,r3i1p1f1,2068,09,02,1.26975957188761,35.758644,20.30446,2068
19604,r3i1p1f1,2068,09,03,0.0,35.52909,18.85848,2068
19605,r3i1p1f1,2068,09,04,0.0,35.519535,17.912727,2068
19606,r3i1p1f1,2068,09,05,0.0,34.904816,16.314466,2068
19607,r3i1p1f1,2068,09,06,0.0,33.158604,15.317403,2068
19608,r3i1p1f1,2068,09,07,0.0,30.958958,13.940443,2068
19609,r3i1p1f1,2068,09,08,0.0,27.99546,14.486148,2068
19610,r3i1p1f1,2068,09,09,2.5371744423826,23.906876,11.339875,2068
19611,r3i1p1f1,2068,09,10,0.40361432527071994,23.62664,10.063966,2068
19612,r3i1p1f1,2068,09,11,0.42302412366166897,26.442095,11.616257,2068
19613,r3i1p1f1,2068,09,12,0.07991094541163572,28.975397,13.477255,2068
19614,r3i1p1f1,2068,09,13,0.0032124792536099753,30.966228,14.456946,2068
19615,r3i1p1f1,2068,09,14,0.0,34.053898,15.847205,2068
19616,r3i1p1f1,2068,09,15,0.0,34.42185,17.376087,2068
19617,r3i1p1f1,2068,09,16,0.0,33.882835,16.813429,2068
19618,r3i1p1f1,2068,09,17,0.0,33.65033,17.189888,2068
19619,r3i1p1f1,2068,09,18,0.0,31.645935,15.050919,2068
19620,r3i1p1f1,2068,09,19,0.0,31.780499,14.9745035,2068
19621,r3i1p1f1,2068,09,20,0.0,33.620365,15.680848,2068
19622,r3i1p1f1,2068,09,21,0.21778073429948452,31.212666,14.816558,2068
19623,r3i1p1f1,2068,09,22,0.005186962521155224,30.126818,14.871904,2068
19624,r3i1p1f1,2068,09,23,0.0038314487513465187,32.808807,14.789949,2068
19625,r3i1p1f1,2068,09,24,0.657078086854502,32.77414,14.370683,2068
19626,r3i1p1f1,2068,09,25,3.4206159841789594,31.29141,16.809088,2068
19627,r3i1p1f1,2068,09,26,0.9675583541309496,31.435852,17.111412,2068
19628,r3i1p1f1,2068,09,27,0.9812553029036225,30.978424,16.556578,2068
19629,r3i1p1f1,2068,09,28,0.001512535055746522,27.450787,12.817076,2068
19630,r3i1p1f1,2068,09,29,0.0040603704242543745,24.576439,10.371164,2068
19631,r3i1p1f1,2068,09,30,2.170015465658115,23.09354,10.018385,2068
19632,r3i1p1f1,2068,10,01,0.002455677107663536,22.232634,7.991144,2068
19633,r3i1p1f1,2068,10,02,0.3083983903159874,20.991009,8.417109,2068
19634,r3i1p1f1,2068,10,03,0.011759445161177691,19.745117,7.6385856,2068
19635,r3i1p1f1,2068,10,04,0.0,26.508242,8.51824,2068
19636,r3i1p1f1,2068,10,05,0.0,30.463707,12.202431,2068
19637,r3i1p1f1,2068,10,06,0.0,29.290594,12.677948,2068
19638,r3i1p1f1,2068,10,07,0.0,29.044577,12.580285,2068
19639,r3i1p1f1,2068,10,08,0.0,28.969995,12.893997,2068
19640,r3i1p1f1,2068,10,09,0.0,28.86427,11.972366,2068
19641,r3i1p1f1,2068,10,10,0.0,26.151773,10.237383,2068
19642,r3i1p1f1,2068,10,11,0.0,27.980663,10.971395,2068
19643,r3i1p1f1,2068,10,12,0.0,31.160765,13.74714,2068
19644,r3i1p1f1,2068,10,13,0.0,31.851336,14.683867,2068
19645,r3i1p1f1,2068,10,14,0.0,30.630472,14.0548,2068
19646,r3i1p1f1,2068,10,15,0.0,31.21868,14.449497,2068
19647,r3i1p1f1,2068,10,16,0.0,31.399101,14.117409,2068
19648,r3i1p1f1,2068,10,17,0.0,30.922668,14.905506,2068
19649,r3i1p1f1,2068,10,18,0.0,32.634293,15.735948,2068
19650,r3i1p1f1,2068,10,19,0.0,34.68494,17.210434,2068
19651,r3i1p1f1,2068,10,20,0.0,35.295406,18.475323,2068
19652,r3i1p1f1,2068,10,21,0.0,33.60106,16.258266,2068
19653,r3i1p1f1,2068,10,22,0.0,28.996223,12.977925,2068
19654,r3i1p1f1,2068,10,23,0.0,25.167706,9.634121,2068
19655,r3i1p1f1,2068,10,24,0.0,23.979408,8.404147,2068
19656,r3i1p1f1,2068,10,25,0.0,25.907003,9.013969,2068
19657,r3i1p1f1,2068,10,26,0.0,26.621073,11.891614,2068
19658,r3i1p1f1,2068,10,27,0.0,25.273085,12.355884,2068
19659,r3i1p1f1,2068,10,28,0.0,23.269585,8.415689,2068
19660,r3i1p1f1,2068,10,29,0.0,24.209711,7.7796874,2068
19661,r3i1p1f1,2068,10,30,0.0,26.748411,9.348006,2068
19662,r3i1p1f1,2068,10,31,0.0,25.588247,12.384384,2068
19663,r3i1p1f1,2068,11,01,0.0,24.873741,9.414753,2068
19664,r3i1p1f1,2068,11,02,0.0,25.37309,8.451273,2068
19665,r3i1p1f1,2068,11,03,0.0,25.447632,9.5995245,2068
19666,r3i1p1f1,2068,11,04,0.0,26.102802,9.676342,2068
19667,r3i1p1f1,2068,11,05,0.0,24.846956,9.3393135,2068
19668,r3i1p1f1,2068,11,06,0.0,24.866877,9.013471,2068
19669,r3i1p1f1,2068,11,07,0.0,22.56551,7.3508577,2068
19670,r3i1p1f1,2068,11,08,0.0,24.63698,10.007198,2068
19671,r3i1p1f1,2068,11,09,0.0,29.30148,10.951314,2068
19672,r3i1p1f1,2068,11,10,0.0,29.222986,11.210124,2068
19673,r3i1p1f1,2068,11,11,0.0,26.636364,11.730831,2068
19674,r3i1p1f1,2068,11,12,0.0,26.40308,10.509033,2068
19675,r3i1p1f1,2068,11,13,0.0,24.767326,8.358783,2068
19676,r3i1p1f1,2068,11,14,0.0,22.677698,6.1489587,2068
19677,r3i1p1f1,2068,11,15,0.0,26.29055,9.264509,2068
19678,r3i1p1f1,2068,11,16,0.0,27.839296,11.713131,2068
19679,r3i1p1f1,2068,11,17,0.0,29.223314,13.024658,2068
19680,r3i1p1f1,2068,11,18,0.0,29.518263,14.069175,2068
19681,r3i1p1f1,2068,11,19,0.0,29.421528,11.658556,2068
19682,r3i1p1f1,2068,11,20,0.0,24.87949,8.7990675,2068
19683,r3i1p1f1,2068,11,21,0.0,23.973782,7.8606567,2068
19684,r3i1p1f1,2068,11,22,0.0,24.428795,8.148811,2068
19685,r3i1p1f1,2068,11,23,0.0,21.877104,5.777243,2068
19686,r3i1p1f1,2068,11,24,0.0,18.130758,1.6035801,2068
19687,r3i1p1f1,2068,11,25,0.0,17.544584,2.282272,2068
19688,r3i1p1f1,2068,11,26,0.0,19.901539,2.8196986,2068
19689,r3i1p1f1,2068,11,27,0.0,22.063145,5.821547,2068
19690,r3i1p1f1,2068,11,28,0.001489578938741364,20.659296,4.2179475,2068
19691,r3i1p1f1,2068,11,29,0.0,19.669933,3.3236482,2068
19692,r3i1p1f1,2068,11,30,0.0,18.646368,2.6331654,2068
19693,r3i1p1f1,2068,12,01,0.0,21.35966,6.880062,2068
19694,r3i1p1f1,2068,12,02,0.0,20.337374,7.796883,2068
19695,r3i1p1f1,2068,12,03,0.0,19.784395,5.0968676,2068
19696,r3i1p1f1,2068,12,04,0.0,22.144316,6.6185765,2068
19697,r3i1p1f1,2068,12,05,0.0,24.299831,8.267704,2068
19698,r3i1p1f1,2068,12,06,0.0,25.338223,9.698713,2068
19699,r3i1p1f1,2068,12,07,0.0,22.672628,8.525448,2068
19700,r3i1p1f1,2068,12,08,0.0,19.297607,5.239901,2068
19701,r3i1p1f1,2068,12,09,0.0,10.258786,-4.5962567,2068
19702,r3i1p1f1,2068,12,10,0.023904791612012283,11.343234,-3.5292974,2068
19703,r3i1p1f1,2068,12,11,0.4619542051218697,14.214927,3.6354687,2068
19704,r3i1p1f1,2068,12,12,0.0,13.114267,-0.52309054,2068
19705,r3i1p1f1,2068,12,13,0.3039957384317638,13.212808,1.407243,2068
19706,r3i1p1f1,2068,12,14,0.02802006643667648,16.691101,4.3734283,2068
19707,r3i1p1f1,2068,12,15,7.893989245010357,14.917931,2.8657773,2068
19708,r3i1p1f1,2068,12,16,8.881737300260173,13.165811,6.903579,2068
19709,r3i1p1f1,2068,12,17,0.0,10.340644,-2.4657729,2068
19710,r3i1p1f1,2068,12,18,0.002441442162362915,9.766555,-4.234317,2068
19711,r3i1p1f1,2068,12,19,0.0,10.178912,-3.9518282,2068
19712,r3i1p1f1,2068,12,20,0.0,10.658332,-3.2320158,2068
19713,r3i1p1f1,2068,12,21,0.0,12.138776,-1.5876349,2068
19714,r3i1p1f1,2068,12,22,0.0,14.863784,0.9615321,2068
19715,r3i1p1f1,2068,12,23,0.0,16.360868,1.2505118,2068
19716,r3i1p1f1,2068,12,24,0.0,16.024384,2.5925186,2068
19717,r3i1p1f1,2068,12,25,5.857798013563627,14.215466,3.7148192,2068
19718,r3i1p1f1,2068,12,26,18.336411359947913,10.322334,2.9281294,2068
19719,r3i1p1f1,2068,12,27,34.10999989278384,10.341821,2.3124268,2068
19720,r3i1p1f1,2068,12,28,16.448742778431388,10.305464,0.66776943,2068
19721,r3i1p1f1,2068,12,29,16.02269456850522,12.257539,2.268434,2068
19722,r3i1p1f1,2068,12,30,14.210099682082232,10.935528,2.4171908,2068
19723,r3i1p1f1,2068,12,31,2.34010553820333,9.835295,-1.8301855,2068
19724,r3i1p1f1,2069,01,01,1.0830023414304046,10.994692,0.2857086,2069
19725,r3i1p1f1,2069,01,02,0.016213299822993577,10.863443,0.32421726,2069
19726,r3i1p1f1,2069,01,03,5.334019601833654,9.856208,2.424938,2069
19727,r3i1p1f1,2069,01,04,0.971343620281969,7.7837763,-3.2369173,2069
19728,r3i1p1f1,2069,01,05,0.0003016273397158577,2.9877713,-5.565428,2069
19729,r3i1p1f1,2069,01,06,12.012572822153963,2.624919,-4.590234,2069
19730,r3i1p1f1,2069,01,07,17.644768127409574,11.088057,-2.1251,2069
19731,r3i1p1f1,2069,01,08,4.10179400907399,15.422611,2.8899684,2069
19732,r3i1p1f1,2069,01,09,0.002299497380480523,15.063268,5.673801,2069
19733,r3i1p1f1,2069,01,10,0.07650550571711254,13.79195,4.3331447,2069
19734,r3i1p1f1,2069,01,11,0.053115009152062354,13.3652725,4.147991,2069
19735,r3i1p1f1,2069,01,12,0.0,16.598875,2.418929,2069
19736,r3i1p1f1,2069,01,13,0.0,18.837973,5.632377,2069
19737,r3i1p1f1,2069,01,14,0.0,18.75727,5.5229077,2069
19738,r3i1p1f1,2069,01,15,0.0,18.085781,5.337372,2069
19739,r3i1p1f1,2069,01,16,0.04251015022666913,17.11094,5.754767,2069
19740,r3i1p1f1,2069,01,17,3.240744660466369,16.95808,4.7642817,2069
19741,r3i1p1f1,2069,01,18,9.46919757752877,18.538183,6.0735955,2069
19742,r3i1p1f1,2069,01,19,9.219114649020163,12.460496,4.7384343,2069
19743,r3i1p1f1,2069,01,20,10.397067795636096,9.237611,1.0079349,2069
19744,r3i1p1f1,2069,01,21,0.028155286188738308,7.9491777,-1.5188385,2069
19745,r3i1p1f1,2069,01,22,0.0,11.395484,-3.8044052,2069
19746,r3i1p1f1,2069,01,23,0.0,11.713552,0.08554175,2069
19747,r3i1p1f1,2069,01,24,0.16174589654397234,10.998791,0.10592185,2069
19748,r3i1p1f1,2069,01,25,9.581195572218624,10.2198105,0.26192918,2069
19749,r3i1p1f1,2069,01,26,3.0634207588068283,7.8332615,-1.2685083,2069
19750,r3i1p1f1,2069,01,27,0.18773616193412276,7.1057196,-4.1844006,2069
19751,r3i1p1f1,2069,01,28,0.4385088928669209,8.579273,-3.1684597,2069
19752,r3i1p1f1,2069,01,29,0.010262006899486578,9.106532,-0.6742653,2069
19753,r3i1p1f1,2069,01,30,15.807934421388905,9.491554,0.8285349,2069
19754,r3i1p1f1,2069,01,31,0.03768614946624659,11.273741,-3.5807564,2069
19755,r3i1p1f1,2069,02,01,6.5712422324037165,11.383611,0.99067456,2069
19756,r3i1p1f1,2069,02,02,17.571930663882746,10.854045,2.9365497,2069
19757,r3i1p1f1,2069,02,03,0.0007918546202056335,10.401268,-1.1279831,2069
19758,r3i1p1f1,2069,02,04,0.0,12.016273,-2.2164595,2069
19759,r3i1p1f1,2069,02,05,1.169088957500538,12.428607,1.3468438,2069
19760,r3i1p1f1,2069,02,06,0.0,12.039462,-0.75791496,2069
19761,r3i1p1f1,2069,02,07,0.0,13.540975,-0.6198425,2069
19762,r3i1p1f1,2069,02,08,0.0,17.60762,2.7153513,2069
19763,r3i1p1f1,2069,02,09,0.0,19.760891,4.9860697,2069
19764,r3i1p1f1,2069,02,10,0.0,21.08615,7.1418805,2069
19765,r3i1p1f1,2069,02,11,0.0,20.74487,6.512643,2069
19766,r3i1p1f1,2069,02,12,0.0,21.21901,6.812526,2069
19767,r3i1p1f1,2069,02,13,0.0,20.992811,6.8972898,2069
19768,r3i1p1f1,2069,02,14,0.0,20.65834,6.9202523,2069
19769,r3i1p1f1,2069,02,15,0.0,20.177032,6.343752,2069
19770,r3i1p1f1,2069,02,16,0.0,20.122772,6.3744984,2069
19771,r3i1p1f1,2069,02,17,0.0,19.19426,6.219603,2069
19772,r3i1p1f1,2069,02,18,0.0,18.763237,5.1013827,2069
19773,r3i1p1f1,2069,02,19,0.0,17.385344,4.2146397,2069
19774,r3i1p1f1,2069,02,20,0.0,18.384008,2.7653544,2069
19775,r3i1p1f1,2069,02,21,0.0,18.553783,5.2359757,2069
19776,r3i1p1f1,2069,02,22,0.0,20.66026,6.646924,2069
19777,r3i1p1f1,2069,02,23,0.0,23.688679,6.9323187,2069
19778,r3i1p1f1,2069,02,24,0.0,23.363201,7.121883,2069
19779,r3i1p1f1,2069,02,25,0.0,24.224411,7.87107,2069
19780,r3i1p1f1,2069,02,26,0.0,24.17008,7.887791,2069
19781,r3i1p1f1,2069,02,27,0.0,24.375648,8.728235,2069
19782,r3i1p1f1,2069,02,28,0.0,24.583162,9.152726,2069
19783,r3i1p1f1,2069,03,01,0.0,26.881546,7.332094,2069
19784,r3i1p1f1,2069,03,02,0.0,27.534178,7.5462236,2069
19785,r3i1p1f1,2069,03,03,0.0,25.683027,5.3100123,2069
19786,r3i1p1f1,2069,03,04,0.0,23.385479,4.239414,2069
19787,r3i1p1f1,2069,03,05,0.10035668271016082,19.819954,2.4511027,2069
19788,r3i1p1f1,2069,03,06,0.0,15.430869,-1.8814955,2069
19789,r3i1p1f1,2069,03,07,0.0,18.55301,-2.2974954,2069
19790,r3i1p1f1,2069,03,08,4.4487228258047695,15.762234,1.8865118,2069
19791,r3i1p1f1,2069,03,09,0.18322971335058383,18.607674,2.7731638,2069
19792,r3i1p1f1,2069,03,10,10.950323321396189,17.824781,3.6911073,2069
19793,r3i1p1f1,2069,03,11,13.899892138169063,12.650965,4.535775,2069
19794,r3i1p1f1,2069,03,12,3.360610859538638,13.509587,1.9885349,2069
19795,r3i1p1f1,2069,03,13,1.0288400203452595,13.980641,4.3778796,2069
19796,r3i1p1f1,2069,03,14,1.0529641318330643,14.094802,4.0296564,2069
19797,r3i1p1f1,2069,03,15,0.3353102482640569,13.293414,0.615606,2069
19798,r3i1p1f1,2069,03,16,3.933284481145992,11.799916,1.5781081,2069
19799,r3i1p1f1,2069,03,17,0.011253204605909008,17.082619,0.6602993,2069
19800,r3i1p1f1,2069,03,18,0.0,19.414747,2.4930072,2069
19801,r3i1p1f1,2069,03,19,0.0,18.990784,3.5513577,2069
19802,r3i1p1f1,2069,03,20,0.38963658460819384,17.05472,2.258134,2069
19803,r3i1p1f1,2069,03,21,0.0,13.136486,-1.7445002,2069
19804,r3i1p1f1,2069,03,22,0.06326649333156335,12.3354645,-1.1740396,2069
19805,r3i1p1f1,2069,03,23,5.63318782828212,10.275882,-1.8528036,2069
19806,r3i1p1f1,2069,03,24,0.26684425039671955,11.705047,0.6268093,2069
19807,r3i1p1f1,2069,03,25,0.013336832635104656,14.20162,-1.9757448,2069
19808,r3i1p1f1,2069,03,26,0.0,14.711322,-2.096533,2069
19809,r3i1p1f1,2069,03,27,0.156754103236105,13.757973,-0.48057374,2069
19810,r3i1p1f1,2069,03,28,0.41582121231124003,14.459708,-0.5811946,2069
19811,r3i1p1f1,2069,03,29,0.0,19.410114,0.22525768,2069
19812,r3i1p1f1,2069,03,30,0.0,21.244602,2.5752664,2069
19813,r3i1p1f1,2069,03,31,0.0,21.915424,3.8435557,2069
19814,r3i1p1f1,2069,04,01,0.0,22.327408,4.1245294,2069
19815,r3i1p1f1,2069,04,02,0.0,22.471111,3.7441907,2069
19816,r3i1p1f1,2069,04,03,3.5758875819870313,19.202568,2.690278,2069
19817,r3i1p1f1,2069,04,04,0.0342106110695044,17.184341,1.1624519,2069
19818,r3i1p1f1,2069,04,05,0.0,23.201164,4.907666,2069
19819,r3i1p1f1,2069,04,06,0.0,29.73918,9.553073,2069
19820,r3i1p1f1,2069,04,07,0.0,32.187042,12.33638,2069
19821,r3i1p1f1,2069,04,08,0.0,32.803932,12.925531,2069
19822,r3i1p1f1,2069,04,09,0.0,32.56619,12.534683,2069
19823,r3i1p1f1,2069,04,10,0.0,30.172941,11.237802,2069
19824,r3i1p1f1,2069,04,11,0.0,28.651426,9.078454,2069
19825,r3i1p1f1,2069,04,12,0.0,26.930851,7.9743633,2069
19826,r3i1p1f1,2069,04,13,0.0,23.921097,5.5977993,2069
19827,r3i1p1f1,2069,04,14,0.0,30.877739,10.258741,2069
19828,r3i1p1f1,2069,04,15,0.0,35.730663,14.361397,2069
19829,r3i1p1f1,2069,04,16,0.0,33.98903,12.7659235,2069
19830,r3i1p1f1,2069,04,17,0.0,29.083225,10.318535,2069
19831,r3i1p1f1,2069,04,18,0.0,27.554564,6.7584844,2069
19832,r3i1p1f1,2069,04,19,0.0,32.056995,11.814289,2069
19833,r3i1p1f1,2069,04,20,0.0,36.486053,15.995006,2069
19834,r3i1p1f1,2069,04,21,0.0,34.850784,14.304796,2069
19835,r3i1p1f1,2069,04,22,0.0,31.63291,11.72829,2069
19836,r3i1p1f1,2069,04,23,0.0,32.48641,11.609576,2069
19837,r3i1p1f1,2069,04,24,0.0,32.236008,13.2089405,2069
19838,r3i1p1f1,2069,04,25,0.0,28.96829,9.694314,2069
19839,r3i1p1f1,2069,04,26,0.0,29.879557,9.88173,2069
19840,r3i1p1f1,2069,04,27,0.0,33.49723,12.380068,2069
19841,r3i1p1f1,2069,04,28,0.0,33.35199,13.490893,2069
19842,r3i1p1f1,2069,04,29,0.0,30.11385,10.269475,2069
19843,r3i1p1f1,2069,04,30,0.0,22.548807,5.6339083,2069
19844,r3i1p1f1,2069,05,01,0.0,21.68107,4.6007285,2069
19845,r3i1p1f1,2069,05,02,0.023686597291309612,20.787777,5.523999,2069
19846,r3i1p1f1,2069,05,03,0.0,24.336061,4.9303126,2069
19847,r3i1p1f1,2069,05,04,0.0,28.885757,9.595017,2069
19848,r3i1p1f1,2069,05,05,0.0,31.6995,11.152046,2069
19849,r3i1p1f1,2069,05,06,0.0,33.230034,12.806586,2069
19850,r3i1p1f1,2069,05,07,0.0,33.034363,12.779856,2069
19851,r3i1p1f1,2069,05,08,0.0,32.752422,12.675305,2069
19852,r3i1p1f1,2069,05,09,0.0,32.2173,12.455778,2069
19853,r3i1p1f1,2069,05,10,0.0,30.909084,11.473306,2069
19854,r3i1p1f1,2069,05,11,0.0,31.291945,11.560411,2069
19855,r3i1p1f1,2069,05,12,0.0,30.614138,11.951063,2069
19856,r3i1p1f1,2069,05,13,0.0,28.418793,13.17262,2069
19857,r3i1p1f1,2069,05,14,0.0,30.94932,11.500397,2069
19858,r3i1p1f1,2069,05,15,0.0,28.845491,12.8391485,2069
19859,r3i1p1f1,2069,05,16,0.0,25.250605,6.6657205,2069
19860,r3i1p1f1,2069,05,17,0.0,30.534828,11.137779,2069
19861,r3i1p1f1,2069,05,18,0.0,34.47898,13.880195,2069
19862,r3i1p1f1,2069,05,19,0.0,33.33334,12.811987,2069
19863,r3i1p1f1,2069,05,20,0.0,29.524958,10.251961,2069
19864,r3i1p1f1,2069,05,21,0.0,27.27125,8.312437,2069
19865,r3i1p1f1,2069,05,22,0.0,29.33798,10.221952,2069
19866,r3i1p1f1,2069,05,23,0.0,28.903612,10.497469,2069
19867,r3i1p1f1,2069,05,24,0.0,32.14629,12.735303,2069
19868,r3i1p1f1,2069,05,25,0.0,32.894127,13.87338,2069
19869,r3i1p1f1,2069,05,26,0.0,33.48836,14.182069,2069
19870,r3i1p1f1,2069,05,27,0.0,32.784184,13.941363,2069
19871,r3i1p1f1,2069,05,28,0.0,30.733727,11.711754,2069
19872,r3i1p1f1,2069,05,29,0.0,28.887491,10.604716,2069
19873,r3i1p1f1,2069,05,30,0.0,28.933231,10.295982,2069
19874,r3i1p1f1,2069,05,31,0.0,29.158,10.442014,2069
19875,r3i1p1f1,2069,06,01,0.0,27.428202,9.513543,2069
19876,r3i1p1f1,2069,06,02,0.0,28.69639,10.518829,2069
19877,r3i1p1f1,2069,06,03,0.0,28.661879,10.749039,2069
19878,r3i1p1f1,2069,06,04,0.0,33.483353,13.96496,2069
19879,r3i1p1f1,2069,06,05,0.0,39.07043,17.567278,2069
19880,r3i1p1f1,2069,06,06,0.25650100507749757,39.204967,19.347303,2069
19881,r3i1p1f1,2069,06,07,0.002496426918007659,37.023045,18.7463,2069
19882,r3i1p1f1,2069,06,08,0.0,34.46282,15.7739725,2069
19883,r3i1p1f1,2069,06,09,0.0,34.62005,14.600492,2069
19884,r3i1p1f1,2069,06,10,0.0,33.92231,13.60848,2069
19885,r3i1p1f1,2069,06,11,0.0,27.514679,10.42826,2069
19886,r3i1p1f1,2069,06,12,0.0,24.64726,9.157353,2069
19887,r3i1p1f1,2069,06,13,0.0,32.11872,12.62282,2069
19888,r3i1p1f1,2069,06,14,0.0,36.925224,15.964606,2069
19889,r3i1p1f1,2069,06,15,0.0,36.002632,16.187843,2069
19890,r3i1p1f1,2069,06,16,0.0,30.244473,12.728361,2069
19891,r3i1p1f1,2069,06,17,0.0,33.24562,14.349811,2069
19892,r3i1p1f1,2069,06,18,0.0,35.231762,16.136581,2069
19893,r3i1p1f1,2069,06,19,0.0,34.10319,16.924173,2069
19894,r3i1p1f1,2069,06,20,0.0,35.488094,15.717012,2069
19895,r3i1p1f1,2069,06,21,0.0,34.827225,14.879486,2069
19896,r3i1p1f1,2069,06,22,0.0,33.867565,15.100003,2069
19897,r3i1p1f1,2069,06,23,0.0,33.144978,13.926363,2069
19898,r3i1p1f1,2069,06,24,0.0,30.836988,12.185347,2069
19899,r3i1p1f1,2069,06,25,0.0,27.912994,11.011368,2069
19900,r3i1p1f1,2069,06,26,0.0,30.61111,12.100552,2069
19901,r3i1p1f1,2069,06,27,0.0,29.68696,12.4295435,2069
19902,r3i1p1f1,2069,06,28,0.0,26.622877,11.058749,2069
19903,r3i1p1f1,2069,06,29,0.0,25.313377,9.159495,2069
19904,r3i1p1f1,2069,06,30,0.017393747217614542,26.63595,10.26829,2069
19905,r3i1p1f1,2069,07,01,0.00416940397840473,31.475958,13.299177,2069
19906,r3i1p1f1,2069,07,02,0.0,34.82464,16.171087,2069
19907,r3i1p1f1,2069,07,03,0.0,38.41837,18.800207,2069
19908,r3i1p1f1,2069,07,04,0.0,39.460423,19.406197,2069
19909,r3i1p1f1,2069,07,05,0.0,38.7977,18.699186,2069
19910,r3i1p1f1,2069,07,06,0.0,37.162712,18.206993,2069
19911,r3i1p1f1,2069,07,07,0.0,36.07889,16.948832,2069
19912,r3i1p1f1,2069,07,08,0.0,34.750954,16.661701,2069
19913,r3i1p1f1,2069,07,09,0.0,33.353455,16.200611,2069
19914,r3i1p1f1,2069,07,10,0.0,35.33442,16.942053,2069
19915,r3i1p1f1,2069,07,11,0.0,37.24249,17.36279,2069
19916,r3i1p1f1,2069,07,12,0.0,37.377216,20.001997,2069
19917,r3i1p1f1,2069,07,13,0.005254778785235954,36.95953,19.137817,2069
19918,r3i1p1f1,2069,07,14,0.11324701381840208,35.947727,19.27413,2069
19919,r3i1p1f1,2069,07,15,0.04211616060329658,35.5957,19.670073,2069
19920,r3i1p1f1,2069,07,16,0.0,34.64937,16.956764,2069
19921,r3i1p1f1,2069,07,17,0.0,30.546478,14.265616,2069
19922,r3i1p1f1,2069,07,18,0.0,32.043182,14.837823,2069
19923,r3i1p1f1,2069,07,19,0.0,35.248127,16.929426,2069
19924,r3i1p1f1,2069,07,20,0.02270729581747825,34.893604,17.280464,2069
19925,r3i1p1f1,2069,07,21,0.0,33.516296,16.460447,2069
19926,r3i1p1f1,2069,07,22,0.0,33.807213,16.891262,2069
19927,r3i1p1f1,2069,07,23,0.0,34.177395,16.89064,2069
19928,r3i1p1f1,2069,07,24,0.0,34.557255,17.009663,2069
19929,r3i1p1f1,2069,07,25,0.0,35.498093,17.634909,2069
19930,r3i1p1f1,2069,07,26,0.0,36.95691,17.533327,2069
19931,r3i1p1f1,2069,07,27,0.43603575568395725,36.200386,18.776817,2069
19932,r3i1p1f1,2069,07,28,0.3136645227487227,37.603523,19.780083,2069
19933,r3i1p1f1,2069,07,29,0.0,38.02267,19.742565,2069
19934,r3i1p1f1,2069,07,30,0.007631406364398021,38.375324,19.787426,2069
19935,r3i1p1f1,2069,07,31,0.005086594487004208,37.77916,20.008871,2069
19936,r3i1p1f1,2069,08,01,0.02759543792556294,38.60797,20.44698,2069
19937,r3i1p1f1,2069,08,02,0.35162978489869134,39.32027,20.894659,2069
19938,r3i1p1f1,2069,08,03,0.04212497225539251,39.63791,21.508915,2069
19939,r3i1p1f1,2069,08,04,0.845610362108952,39.320618,21.1381,2069
19940,r3i1p1f1,2069,08,05,0.2721126161420464,38.628246,19.560207,2069
19941,r3i1p1f1,2069,08,06,0.023169425160934527,37.80612,20.373768,2069
19942,r3i1p1f1,2069,08,07,0.0,37.199257,19.536564,2069
19943,r3i1p1f1,2069,08,08,0.0,36.506397,17.801529,2069
19944,r3i1p1f1,2069,08,09,0.0,37.175682,18.06519,2069
19945,r3i1p1f1,2069,08,10,0.0,36.57413,18.029482,2069
19946,r3i1p1f1,2069,08,11,0.0,33.90567,16.421015,2069
19947,r3i1p1f1,2069,08,12,0.0,33.818607,16.154362,2069
19948,r3i1p1f1,2069,08,13,0.0,35.78838,17.486353,2069
19949,r3i1p1f1,2069,08,14,0.0,37.402378,18.353125,2069
19950,r3i1p1f1,2069,08,15,0.0013850769028067589,38.372383,19.16781,2069
19951,r3i1p1f1,2069,08,16,0.0,39.085438,19.440615,2069
19952,r3i1p1f1,2069,08,17,0.06764624547389703,38.28688,20.298042,2069
19953,r3i1p1f1,2069,08,18,0.0,37.896606,20.884783,2069
19954,r3i1p1f1,2069,08,19,0.0,38.558395,20.04124,2069
19955,r3i1p1f1,2069,08,20,0.0,38.26757,19.85244,2069
19956,r3i1p1f1,2069,08,21,0.0,38.16548,19.051739,2069
19957,r3i1p1f1,2069,08,22,0.0,37.58087,18.585434,2069
19958,r3i1p1f1,2069,08,23,0.0,36.714157,17.638002,2069
19959,r3i1p1f1,2069,08,24,0.0,35.78031,18.885725,2069
19960,r3i1p1f1,2069,08,25,0.25844070774672384,33.048145,18.480608,2069
19961,r3i1p1f1,2069,08,26,0.1320354985981601,31.296644,15.590315,2069
19962,r3i1p1f1,2069,08,27,0.0,31.537003,14.452773,2069
19963,r3i1p1f1,2069,08,28,0.0,32.372776,12.917899,2069
19964,r3i1p1f1,2069,08,29,0.0,32.390953,14.324523,2069
19965,r3i1p1f1,2069,08,30,0.0,33.899517,15.063447,2069
19966,r3i1p1f1,2069,08,31,0.0,34.91607,16.224165,2069
19967,r3i1p1f1,2069,09,01,0.0,35.155296,18.600971,2069
19968,r3i1p1f1,2069,09,02,0.0005711441873713876,34.53948,17.280457,2069
19969,r3i1p1f1,2069,09,03,0.0,33.386177,15.717178,2069
19970,r3i1p1f1,2069,09,04,0.0,31.006636,15.839019,2069
19971,r3i1p1f1,2069,09,05,0.0,28.98402,12.754133,2069
19972,r3i1p1f1,2069,09,06,0.0,31.388527,14.431671,2069
19973,r3i1p1f1,2069,09,07,0.039867731940114136,34.784695,16.797512,2069
19974,r3i1p1f1,2069,09,08,0.09935250897163342,35.326584,18.227303,2069
19975,r3i1p1f1,2069,09,09,0.003034494478594173,36.40223,19.749466,2069
19976,r3i1p1f1,2069,09,10,0.09325756951566842,36.93943,21.522116,2069
19977,r3i1p1f1,2069,09,11,0.0,35.473656,18.691683,2069
19978,r3i1p1f1,2069,09,12,0.0,31.821234,14.878216,2069
19979,r3i1p1f1,2069,09,13,0.0,29.644234,13.679911,2069
19980,r3i1p1f1,2069,09,14,0.0,32.35781,15.74109,2069
19981,r3i1p1f1,2069,09,15,0.0,33.001865,16.81132,2069
19982,r3i1p1f1,2069,09,16,0.0,31.451122,16.3032,2069
19983,r3i1p1f1,2069,09,17,0.0,33.657955,16.913748,2069
19984,r3i1p1f1,2069,09,18,0.0,33.017166,16.179167,2069
19985,r3i1p1f1,2069,09,19,0.0,31.729994,15.084792,2069
19986,r3i1p1f1,2069,09,20,0.0,28.840206,13.101604,2069
19987,r3i1p1f1,2069,09,21,0.0,25.23477,9.505303,2069
19988,r3i1p1f1,2069,09,22,0.0,26.590656,10.058115,2069
19989,r3i1p1f1,2069,09,23,0.0,31.088602,13.382942,2069
19990,r3i1p1f1,2069,09,24,0.0,29.137398,13.373989,2069
19991,r3i1p1f1,2069,09,25,0.0,26.459255,13.583925,2069
19992,r3i1p1f1,2069,09,26,0.0,26.702482,13.128749,2069
19993,r3i1p1f1,2069,09,27,0.0,31.182825,14.778576,2069
19994,r3i1p1f1,2069,09,28,0.0,35.306614,17.558905,2069
19995,r3i1p1f1,2069,09,29,0.0,33.886955,17.218607,2069
19996,r3i1p1f1,2069,09,30,0.0,34.57852,18.576141,2069
19997,r3i1p1f1,2069,10,01,0.0,34.866432,18.037289,2069
19998,r3i1p1f1,2069,10,02,0.0,34.600983,16.836786,2069
19999,r3i1p1f1,2069,10,03,0.0,31.941912,15.0876665,2069
20000,r3i1p1f1,2069,10,04,0.0,28.881025,13.158461,2069
20001,r3i1p1f1,2069,10,05,0.0,25.292751,8.750828,2069
20002,r3i1p1f1,2069,10,06,0.0,29.27099,11.60048,2069
20003,r3i1p1f1,2069,10,07,0.0,32.55277,14.04978,2069
20004,r3i1p1f1,2069,10,08,0.0,33.902805,15.704902,2069
20005,r3i1p1f1,2069,10,09,0.013792440506883642,31.773033,18.296764,2069
20006,r3i1p1f1,2069,10,10,0.002421254152564374,29.957565,16.911547,2069
20007,r3i1p1f1,2069,10,11,0.0,30.432404,13.63334,2069
20008,r3i1p1f1,2069,10,12,0.0,32.038635,14.914313,2069
20009,r3i1p1f1,2069,10,13,0.0,34.35892,17.352377,2069
20010,r3i1p1f1,2069,10,14,0.0,33.355946,17.24194,2069
20011,r3i1p1f1,2069,10,15,0.0,28.62995,13.191192,2069
20012,r3i1p1f1,2069,10,16,0.0,25.262001,10.650004,2069
20013,r3i1p1f1,2069,10,17,0.0,24.654741,11.4948015,2069
20014,r3i1p1f1,2069,10,18,0.0,26.325357,11.589611,2069
20015,r3i1p1f1,2069,10,19,0.0,28.559631,13.15884,2069
20016,r3i1p1f1,2069,10,20,0.025455692205772113,30.120476,12.697006,2069
20017,r3i1p1f1,2069,10,21,28.89015650671464,29.322016,17.550909,2069
20018,r3i1p1f1,2069,10,22,15.858614550697068,19.246807,11.121161,2069
20019,r3i1p1f1,2069,10,23,0.0,19.487898,7.591998,2069
20020,r3i1p1f1,2069,10,24,0.004342738347159783,19.355476,7.761524,2069
20021,r3i1p1f1,2069,10,25,0.6618792491303104,19.244074,8.366269,2069
20022,r3i1p1f1,2069,10,26,0.027149364186422616,17.54286,5.6858716,2069
20023,r3i1p1f1,2069,10,27,0.0,17.896229,5.150137,2069
20024,r3i1p1f1,2069,10,28,0.18380595165471084,19.417795,6.7522044,2069
20025,r3i1p1f1,2069,10,29,2.1241506124421097,18.855322,7.5580626,2069
20026,r3i1p1f1,2069,10,30,6.715215567341686,15.724098,5.76769,2069
20027,r3i1p1f1,2069,10,31,0.0,17.251612,4.39044,2069
20028,r3i1p1f1,2069,11,01,0.0999413577593452,18.402369,5.9842825,2069
20029,r3i1p1f1,2069,11,02,3.230768746439439,18.543062,6.965974,2069
20030,r3i1p1f1,2069,11,03,0.0013259326233034672,13.274621,0.6541307,2069
20031,r3i1p1f1,2069,11,04,12.030465830374107,12.916874,4.4889083,2069
20032,r3i1p1f1,2069,11,05,1.0639386754133517,13.295656,4.018993,2069
20033,r3i1p1f1,2069,11,06,0.23788088620759398,14.912618,4.0338893,2069
20034,r3i1p1f1,2069,11,07,0.8944294690445531,16.656147,5.200745,2069
20035,r3i1p1f1,2069,11,08,3.170797726975941,19.522959,9.524095,2069
20036,r3i1p1f1,2069,11,09,0.252464246498703,15.982586,4.6976113,2069
20037,r3i1p1f1,2069,11,10,0.03297279284169869,12.254765,0.6486315,2069
20038,r3i1p1f1,2069,11,11,0.0,11.27265,-0.08725635,2069
20039,r3i1p1f1,2069,11,12,0.006345621377201469,12.932353,0.83315545,2069
20040,r3i1p1f1,2069,11,13,0.0,13.559143,1.2987416,2069
20041,r3i1p1f1,2069,11,14,0.0,13.215888,1.541098,2069
20042,r3i1p1f1,2069,11,15,0.00016059142636191663,14.585018,2.0162818,2069
20043,r3i1p1f1,2069,11,16,0.0,13.991232,2.2522993,2069
20044,r3i1p1f1,2069,11,17,0.0,12.731541,1.1563941,2069
20045,r3i1p1f1,2069,11,18,0.0,12.780201,0.950384,2069
20046,r3i1p1f1,2069,11,19,0.0,14.3909235,0.41957995,2069
20047,r3i1p1f1,2069,11,20,0.0,16.032372,3.8932216,2069
20048,r3i1p1f1,2069,11,21,0.15998007273579293,15.115851,2.3218508,2069
20049,r3i1p1f1,2069,11,22,0.984888830789094,13.000244,3.2148414,2069
20050,r3i1p1f1,2069,11,23,0.06981058917572779,8.603769,-2.83702,2069
20051,r3i1p1f1,2069,11,24,0.00011676458543110074,9.161081,-2.4837513,2069
20052,r3i1p1f1,2069,11,25,9.596607780754725,10.406293,-0.03995779,2069
20053,r3i1p1f1,2069,11,26,0.21786860076507297,10.796379,0.63549024,2069
20054,r3i1p1f1,2069,11,27,0.0012957661723097165,9.237494,-1.2721637,2069
20055,r3i1p1f1,2069,11,28,0.11737579583881819,8.228421,-4.078653,2069
20056,r3i1p1f1,2069,11,29,0.0,9.636204,-5.7341223,2069
20057,r3i1p1f1,2069,11,30,0.0,8.231941,-4.6142397,2069
20058,r3i1p1f1,2069,12,01,0.044147209727353504,7.7734833,-1.1759995,2069
20059,r3i1p1f1,2069,12,02,0.10714270533450569,9.290538,0.510354,2069
20060,r3i1p1f1,2069,12,03,6.106797263644308,9.394628,3.5215373,2069
20061,r3i1p1f1,2069,12,04,45.00256847682811,13.776463,4.9194155,2069
20062,r3i1p1f1,2069,12,05,12.996849774644117,11.021715,1.4345886,2069
20063,r3i1p1f1,2069,12,06,0.0033545277476536503,8.60125,-1.6672553,2069
20064,r3i1p1f1,2069,12,07,0.0,9.920623,-2.6623363,2069
20065,r3i1p1f1,2069,12,08,0.0019150677006550584,11.314198,-1.1775762,2069
20066,r3i1p1f1,2069,12,09,0.5202418328994871,11.101351,-0.61144596,2069
20067,r3i1p1f1,2069,12,10,0.0,9.975344,-2.131909,2069
20068,r3i1p1f1,2069,12,11,0.0,10.586216,-1.7267548,2069
20069,r3i1p1f1,2069,12,12,0.0,9.790735,-2.3496106,2069
20070,r3i1p1f1,2069,12,13,0.0010783209775884945,11.062493,0.05538301,2069
20071,r3i1p1f1,2069,12,14,0.0,11.640876,-0.81969714,2069
20072,r3i1p1f1,2069,12,15,0.0,13.993243,0.60017425,2069
20073,r3i1p1f1,2069,12,16,0.0,12.996791,0.14034595,2069
20074,r3i1p1f1,2069,12,17,0.0,12.137221,0.39503804,2069
20075,r3i1p1f1,2069,12,18,0.0,13.796559,0.6529413,2069
20076,r3i1p1f1,2069,12,19,0.0,15.647576,2.8615768,2069
20077,r3i1p1f1,2069,12,20,0.0,17.120111,4.40403,2069
20078,r3i1p1f1,2069,12,21,0.0,17.137262,4.3287163,2069
20079,r3i1p1f1,2069,12,22,0.0,15.89932,3.9234927,2069
20080,r3i1p1f1,2069,12,23,0.0,13.995328,2.4362338,2069
20081,r3i1p1f1,2069,12,24,0.0,16.636766,4.363933,2069
20082,r3i1p1f1,2069,12,25,15.067827501821519,15.256064,4.279044,2069
20083,r3i1p1f1,2069,12,26,2.2638791243208067,9.494938,2.0869124,2069
20084,r3i1p1f1,2069,12,27,0.0,10.092732,-1.0060177,2069
20085,r3i1p1f1,2069,12,28,2.3378464223677646,10.362234,0.30199614,2069
20086,r3i1p1f1,2069,12,29,13.462993050356586,10.365742,2.9641223,2069
20087,r3i1p1f1,2069,12,30,0.1231696287218118,12.551601,3.07897,2069
20088,r3i1p1f1,2069,12,31,16.666680178164054,14.969415,7.980218,2069
20089,r3i1p1f1,2070,01,01,0.42458543512497493,12.356802,2.0117736,2070
20090,r3i1p1f1,2070,01,02,0.0,12.879831,0.1872937,2070
20091,r3i1p1f1,2070,01,03,0.0,15.31947,2.5870275,2070
20092,r3i1p1f1,2070,01,04,7.641519289066888,14.176199,4.074138,2070
20093,r3i1p1f1,2070,01,05,0.0,9.012035,-1.8850024,2070
20094,r3i1p1f1,2070,01,06,0.007536631980628678,9.177407,-0.30433467,2070
20095,r3i1p1f1,2070,01,07,0.0744234801541924,11.007037,1.4811678,2070
20096,r3i1p1f1,2070,01,08,0.005015481658505671,12.359483,-0.37910146,2070
20097,r3i1p1f1,2070,01,09,0.307207285354018,11.345349,1.9065464,2070
20098,r3i1p1f1,2070,01,10,0.000728073628675757,11.356916,0.27571833,2070
20099,r3i1p1f1,2070,01,11,0.0,13.936937,0.9432632,2070
20100,r3i1p1f1,2070,01,12,0.0,14.064971,1.9860033,2070
20101,r3i1p1f1,2070,01,13,0.0,14.275461,1.7633585,2070
20102,r3i1p1f1,2070,01,14,0.0,13.501814,0.93777376,2070
20103,r3i1p1f1,2070,01,15,0.0,13.616757,0.04346958,2070
20104,r3i1p1f1,2070,01,16,0.0,13.698492,0.28076726,2070
20105,r3i1p1f1,2070,01,17,0.0,12.37167,0.24784432,2070
20106,r3i1p1f1,2070,01,18,0.0,9.433863,-0.33797896,2070
20107,r3i1p1f1,2070,01,19,0.0,12.465371,-0.36901447,2070
20108,r3i1p1f1,2070,01,20,0.0,15.881222,1.7276376,2070
20109,r3i1p1f1,2070,01,21,0.0,19.83531,4.3924794,2070
20110,r3i1p1f1,2070,01,22,0.0,18.119919,3.9775686,2070
20111,r3i1p1f1,2070,01,23,9.5304449860648,13.79043,2.3243003,2070
20112,r3i1p1f1,2070,01,24,2.4070993106645555,6.1857657,-0.41970438,2070
20113,r3i1p1f1,2070,01,25,0.11162058265075427,5.490327,-3.6485116,2070
20114,r3i1p1f1,2070,01,26,0.0,8.092254,-5.5589585,2070
20115,r3i1p1f1,2070,01,27,0.0,9.099116,-3.8785002,2070
20116,r3i1p1f1,2070,01,28,0.0,10.427974,-2.6165478,2070
20117,r3i1p1f1,2070,01,29,0.0,10.091679,-2.5768495,2070
20118,r3i1p1f1,2070,01,30,0.0,9.95484,-0.36854386,2070
20119,r3i1p1f1,2070,01,31,0.0,12.33048,-2.3291845,2070
20120,r3i1p1f1,2070,02,01,0.0,12.092668,-2.078158,2070
20121,r3i1p1f1,2070,02,02,0.0,13.699512,-0.48973644,2070
20122,r3i1p1f1,2070,02,03,0.0,14.251798,-0.043776687,2070
20123,r3i1p1f1,2070,02,04,0.0,14.930198,0.81223387,2070
20124,r3i1p1f1,2070,02,05,0.0006196636593703067,14.93313,0.6680235,2070
20125,r3i1p1f1,2070,02,06,0.00037921216889199883,14.566963,2.3625886,2070
20126,r3i1p1f1,2070,02,07,0.24338463897615353,14.899344,0.8144348,2070
20127,r3i1p1f1,2070,02,08,8.158133429014098,13.743978,3.6985624,2070
20128,r3i1p1f1,2070,02,09,3.230233821757545,10.923592,-0.28895152,2070
20129,r3i1p1f1,2070,02,10,7.267927033570948,10.430259,-3.1697145,2070
20130,r3i1p1f1,2070,02,11,16.31700795141197,8.622687,-1.047486,2070
20131,r3i1p1f1,2070,02,12,37.715783567982726,12.2036495,3.83115,2070
20132,r3i1p1f1,2070,02,13,3.1563972289200826,14.415777,2.7837758,2070
20133,r3i1p1f1,2070,02,14,0.9688366680634455,13.27161,2.6400888,2070
20134,r3i1p1f1,2070,02,15,10.119015614226567,17.3747,5.19309,2070
20135,r3i1p1f1,2070,02,16,7.957618959477589,18.384085,9.738591,2070
20136,r3i1p1f1,2070,02,17,0.3510347588400526,19.856895,7.7521544,2070
20137,r3i1p1f1,2070,02,18,1.4543417403244647,19.145588,8.840813,2070
20138,r3i1p1f1,2070,02,19,0.02641817936047587,15.290735,2.5157099,2070
20139,r3i1p1f1,2070,02,20,0.0,16.334469,0.562805,2070
20140,r3i1p1f1,2070,02,21,0.0,18.466484,2.1945307,2070
20141,r3i1p1f1,2070,02,22,15.046834660134857,17.74895,6.444165,2070
20142,r3i1p1f1,2070,02,23,0.14706453359808205,13.139094,1.7456381,2070
20143,r3i1p1f1,2070,02,24,0.0,12.810771,-1.867586,2070
20144,r3i1p1f1,2070,02,25,9.545760588097796,12.665165,3.533172,2070
20145,r3i1p1f1,2070,02,26,9.761875679250807,12.279395,0.7682765,2070
20146,r3i1p1f1,2070,02,27,4.096898658515949,11.662197,1.2636708,2070
20147,r3i1p1f1,2070,02,28,1.077748549006091,11.556912,-0.31850538,2070
20148,r3i1p1f1,2070,03,01,17.265597094744656,10.464525,2.0059428,2070
20149,r3i1p1f1,2070,03,02,0.8312463445277403,13.576536,0.38051516,2070
20150,r3i1p1f1,2070,03,03,7.333625687163228,12.023702,1.2345908,2070
20151,r3i1p1f1,2070,03,04,0.5837513947655238,15.850237,3.526089,2070
20152,r3i1p1f1,2070,03,05,0.00013619165684124738,16.843473,1.4018134,2070
20153,r3i1p1f1,2070,03,06,0.0,18.528082,1.0763481,2070
20154,r3i1p1f1,2070,03,07,0.0,20.093708,4.592391,2070
20155,r3i1p1f1,2070,03,08,0.14871637735709417,18.968447,6.6537576,2070
20156,r3i1p1f1,2070,03,09,0.0,18.571718,3.357079,2070
20157,r3i1p1f1,2070,03,10,0.0,18.876133,0.91033953,2070
20158,r3i1p1f1,2070,03,11,0.0,20.563251,3.3561203,2070
20159,r3i1p1f1,2070,03,12,0.0,21.498478,7.506113,2070
20160,r3i1p1f1,2070,03,13,0.0,23.525509,6.0152197,2070
20161,r3i1p1f1,2070,03,14,0.0,23.037233,7.3054786,2070
20162,r3i1p1f1,2070,03,15,0.0,25.768982,6.90947,2070
20163,r3i1p1f1,2070,03,16,6.1892928211697535,22.918133,5.1211705,2070
20164,r3i1p1f1,2070,03,17,12.174666657167219,12.594513,5.9176583,2070
20165,r3i1p1f1,2070,03,18,4.523845186279989,11.524941,-0.7151845,2070
20166,r3i1p1f1,2070,03,19,0.06938115029311809,16.316973,-0.26489553,2070
20167,r3i1p1f1,2070,03,20,2.0736380905818255,14.704346,4.8569074,2070
20168,r3i1p1f1,2070,03,21,0.6182397543241016,15.388768,0.7302957,2070
20169,r3i1p1f1,2070,03,22,0.1187992530310911,17.824036,2.0202613,2070
20170,r3i1p1f1,2070,03,23,9.291193378113817,15.568774,5.4305944,2070
20171,r3i1p1f1,2070,03,24,9.718032773755223,11.930957,4.080772,2070
20172,r3i1p1f1,2070,03,25,0.30848474853414565,17.469875,0.51969117,2070
20173,r3i1p1f1,2070,03,26,0.0,20.095205,4.222717,2070
20174,r3i1p1f1,2070,03,27,0.0,19.805752,6.236287,2070
20175,r3i1p1f1,2070,03,28,0.0,20.779516,6.037486,2070
20176,r3i1p1f1,2070,03,29,0.0,20.450617,5.002123,2070
20177,r3i1p1f1,2070,03,30,0.0,19.708647,3.5476694,2070
20178,r3i1p1f1,2070,03,31,0.0,21.175713,5.0042367,2070
20179,r3i1p1f1,2070,04,01,0.0,23.14094,5.448569,2070
20180,r3i1p1f1,2070,04,02,0.0,26.407084,8.094023,2070
20181,r3i1p1f1,2070,04,03,0.523774592180747,25.208553,8.657083,2070
20182,r3i1p1f1,2070,04,04,0.651776642845851,18.94853,7.286984,2070
20183,r3i1p1f1,2070,04,05,0.11582610293055151,24.360806,7.130628,2070
20184,r3i1p1f1,2070,04,06,0.0,26.689177,9.175429,2070
20185,r3i1p1f1,2070,04,07,0.0,28.470598,10.171889,2070
20186,r3i1p1f1,2070,04,08,0.0,29.864288,11.210619,2070
20187,r3i1p1f1,2070,04,09,0.0025486991260990953,28.240284,10.20777,2070
20188,r3i1p1f1,2070,04,10,0.0,25.379852,7.1997104,2070
20189,r3i1p1f1,2070,04,11,0.0,25.051323,6.784126,2070
20190,r3i1p1f1,2070,04,12,0.0,28.608053,9.470985,2070
20191,r3i1p1f1,2070,04,13,0.0,30.606256,11.281754,2070
20192,r3i1p1f1,2070,04,14,0.0,30.220657,10.8695,2070
20193,r3i1p1f1,2070,04,15,0.0,28.843023,9.239992,2070
20194,r3i1p1f1,2070,04,16,0.0,27.8031,7.8420773,2070
20195,r3i1p1f1,2070,04,17,0.0,26.422686,6.74286,2070
20196,r3i1p1f1,2070,04,18,6.827357268936766,22.0552,3.630913,2070
20197,r3i1p1f1,2070,04,19,1.1842603971374708,16.406675,4.7437744,2070
20198,r3i1p1f1,2070,04,20,0.04168907929548974,22.245033,6.1140466,2070
20199,r3i1p1f1,2070,04,21,0.0036423458015743754,24.429728,7.2960973,2070
20200,r3i1p1f1,2070,04,22,0.0,25.159428,8.029972,2070
20201,r3i1p1f1,2070,04,23,0.0,26.915522,9.089687,2070
20202,r3i1p1f1,2070,04,24,0.0,27.506037,9.860467,2070
20203,r3i1p1f1,2070,04,25,0.0,30.654762,10.992634,2070
20204,r3i1p1f1,2070,04,26,0.0,29.978205,10.615507,2070
20205,r3i1p1f1,2070,04,27,0.0036526580912653694,27.822393,9.598324,2070
20206,r3i1p1f1,2070,04,28,0.0,25.3705,8.0699005,2070
20207,r3i1p1f1,2070,04,29,0.0,27.9339,8.914205,2070
20208,r3i1p1f1,2070,04,30,1.3783767554041608,28.204338,10.223345,2070
20209,r3i1p1f1,2070,05,01,0.07102434506205926,21.639753,8.659214,2070
20210,r3i1p1f1,2070,05,02,0.08779523771601927,20.596893,3.9510772,2070
20211,r3i1p1f1,2070,05,03,0.0,24.498125,5.362505,2070
20212,r3i1p1f1,2070,05,04,0.0,24.067299,5.7531033,2070
20213,r3i1p1f1,2070,05,05,0.023595793926770883,22.980951,5.430317,2070
20214,r3i1p1f1,2070,05,06,0.2050964625077816,20.342924,4.7843013,2070
20215,r3i1p1f1,2070,05,07,0.0008702225221151656,23.429321,5.107947,2070
20216,r3i1p1f1,2070,05,08,0.0,24.13098,9.218342,2070
20217,r3i1p1f1,2070,05,09,0.0,24.05887,5.378665,2070
20218,r3i1p1f1,2070,05,10,0.0010184262117201631,23.245266,6.6153436,2070
20219,r3i1p1f1,2070,05,11,0.0,24.521126,6.6303105,2070
20220,r3i1p1f1,2070,05,12,0.0,24.884836,6.5539885,2070
20221,r3i1p1f1,2070,05,13,0.002878828284641107,22.817354,6.079356,2070
20222,r3i1p1f1,2070,05,14,0.0,25.672384,6.7988524,2070
20223,r3i1p1f1,2070,05,15,0.0,26.031015,7.476524,2070
20224,r3i1p1f1,2070,05,16,0.0,24.87923,7.136749,2070
20225,r3i1p1f1,2070,05,17,0.0,24.93988,7.0763364,2070
20226,r3i1p1f1,2070,05,18,0.0,27.317759,8.325965,2070
20227,r3i1p1f1,2070,05,19,0.0,26.25539,7.950755,2070
20228,r3i1p1f1,2070,05,20,0.0,30.415495,11.259518,2070
20229,r3i1p1f1,2070,05,21,0.0,34.15757,13.157693,2070
20230,r3i1p1f1,2070,05,22,0.0,33.435913,13.679568,2070
20231,r3i1p1f1,2070,05,23,0.0,30.893953,11.436271,2070
20232,r3i1p1f1,2070,05,24,0.21839984241082813,22.259533,6.783853,2070
20233,r3i1p1f1,2070,05,25,0.004600785570360269,23.522942,5.0053635,2070
20234,r3i1p1f1,2070,05,26,0.0,31.317413,11.164875,2070
20235,r3i1p1f1,2070,05,27,0.0,34.24284,15.002485,2070
20236,r3i1p1f1,2070,05,28,0.0,34.76737,15.8548155,2070
20237,r3i1p1f1,2070,05,29,0.0,34.718292,15.8541565,2070
20238,r3i1p1f1,2070,05,30,0.0,34.457767,15.348101,2070
20239,r3i1p1f1,2070,05,31,0.0,33.338417,15.525924,2070
20240,r3i1p1f1,2070,06,01,0.0,33.188396,12.876698,2070
20241,r3i1p1f1,2070,06,02,0.0,32.707184,12.966109,2070
20242,r3i1p1f1,2070,06,03,0.0,34.006237,14.373334,2070
20243,r3i1p1f1,2070,06,04,0.0,34.873737,15.067923,2070
20244,r3i1p1f1,2070,06,05,0.0,36.154766,16.042883,2070
20245,r3i1p1f1,2070,06,06,0.0,38.028023,17.064203,2070
20246,r3i1p1f1,2070,06,07,0.0,37.87598,18.312012,2070
20247,r3i1p1f1,2070,06,08,0.0,34.713554,17.968298,2070
20248,r3i1p1f1,2070,06,09,0.44136460437805386,33.428574,16.93627,2070
20249,r3i1p1f1,2070,06,10,0.0605592562174989,32.942398,17.134785,2070
20250,r3i1p1f1,2070,06,11,0.0,33.530357,15.569683,2070
20251,r3i1p1f1,2070,06,12,0.0,34.4474,17.314665,2070
20252,r3i1p1f1,2070,06,13,0.0,38.92627,18.8729,2070
20253,r3i1p1f1,2070,06,14,0.13604477554591457,38.515873,19.952522,2070
20254,r3i1p1f1,2070,06,15,0.2896437562903333,37.47033,19.723856,2070
20255,r3i1p1f1,2070,06,16,0.06852582174663742,37.93352,19.733648,2070
20256,r3i1p1f1,2070,06,17,0.009622339234876123,37.05262,18.71268,2070
20257,r3i1p1f1,2070,06,18,0.0,33.846832,14.948967,2070
20258,r3i1p1f1,2070,06,19,0.0,34.311966,14.667744,2070
20259,r3i1p1f1,2070,06,20,0.0,34.683884,15.243613,2070
20260,r3i1p1f1,2070,06,21,0.0,36.57502,16.823801,2070
20261,r3i1p1f1,2070,06,22,0.0,36.610004,16.814892,2070
20262,r3i1p1f1,2070,06,23,0.0,35.150295,15.749958,2070
20263,r3i1p1f1,2070,06,24,0.0,33.131077,15.21132,2070
20264,r3i1p1f1,2070,06,25,0.0,33.401527,15.592433,2070
20265,r3i1p1f1,2070,06,26,0.0,33.09935,15.630486,2070
20266,r3i1p1f1,2070,06,27,0.0,33.12801,15.102704,2070
20267,r3i1p1f1,2070,06,28,0.0,35.76171,16.39269,2070
20268,r3i1p1f1,2070,06,29,0.0,39.800602,19.495579,2070
20269,r3i1p1f1,2070,06,30,0.0,40.52396,20.320868,2070
20270,r3i1p1f1,2070,07,01,0.0,40.765873,20.420206,2070
20271,r3i1p1f1,2070,07,02,0.0,40.618828,20.586496,2070
20272,r3i1p1f1,2070,07,03,0.0,41.13303,20.580036,2070
20273,r3i1p1f1,2070,07,04,0.0,40.422356,22.106905,2070
20274,r3i1p1f1,2070,07,05,0.0,41.198956,20.2066,2070
20275,r3i1p1f1,2070,07,06,0.046782802859194235,41.818745,21.620848,2070
20276,r3i1p1f1,2070,07,07,0.16472810942848976,41.184357,21.515429,2070
20277,r3i1p1f1,2070,07,08,0.1276268229191897,37.47402,19.925629,2070
20278,r3i1p1f1,2070,07,09,1.2255402938656819,34.434925,18.234383,2070
20279,r3i1p1f1,2070,07,10,1.659943119020406,34.084934,17.585495,2070
20280,r3i1p1f1,2070,07,11,0.7194123483838087,33.906742,17.413422,2070
20281,r3i1p1f1,2070,07,12,0.0,33.009342,16.000435,2070
20282,r3i1p1f1,2070,07,13,0.0,31.365847,14.819199,2070
20283,r3i1p1f1,2070,07,14,0.0,32.312183,15.459161,2070
20284,r3i1p1f1,2070,07,15,0.0,34.799088,15.999285,2070
20285,r3i1p1f1,2070,07,16,0.0,34.89108,17.000881,2070
20286,r3i1p1f1,2070,07,17,0.0,35.430157,16.766249,2070
20287,r3i1p1f1,2070,07,18,0.0,35.596626,17.095844,2070
20288,r3i1p1f1,2070,07,19,0.0,35.797077,17.335026,2070
20289,r3i1p1f1,2070,07,20,0.0,36.65477,17.982647,2070
20290,r3i1p1f1,2070,07,21,0.0,38.057995,19.056393,2070
20291,r3i1p1f1,2070,07,22,0.0,37.7932,19.718431,2070
20292,r3i1p1f1,2070,07,23,0.0,36.423454,17.779394,2070
20293,r3i1p1f1,2070,07,24,0.0020145466039662788,33.711082,16.903023,2070
20294,r3i1p1f1,2070,07,25,0.027998795619968212,31.96043,15.841007,2070
20295,r3i1p1f1,2070,07,26,0.529213266748808,34.539238,17.881443,2070
20296,r3i1p1f1,2070,07,27,0.0,35.432014,17.928425,2070
20297,r3i1p1f1,2070,07,28,0.0,35.270897,17.295893,2070
20298,r3i1p1f1,2070,07,29,0.0,35.502064,18.152275,2070
20299,r3i1p1f1,2070,07,30,0.005713466583102038,36.637444,18.884323,2070
20300,r3i1p1f1,2070,07,31,0.0,36.30006,19.151474,2070
20301,r3i1p1f1,2070,08,01,0.0,36.369488,18.999271,2070
20302,r3i1p1f1,2070,08,02,0.0,35.72753,18.726938,2070
20303,r3i1p1f1,2070,08,03,0.0,33.850998,16.98334,2070
20304,r3i1p1f1,2070,08,04,0.0,33.991035,15.7883625,2070
20305,r3i1p1f1,2070,08,05,0.0,36.39848,16.977814,2070
20306,r3i1p1f1,2070,08,06,0.0,35.744736,16.636354,2070
20307,r3i1p1f1,2070,08,07,2.8180327441827324,33.054993,17.796965,2070
20308,r3i1p1f1,2070,08,08,0.37370538270338194,30.741575,17.260693,2070
20309,r3i1p1f1,2070,08,09,0.12477248267686898,34.150043,17.641441,2070
20310,r3i1p1f1,2070,08,10,0.0,36.749065,18.76202,2070
20311,r3i1p1f1,2070,08,11,0.0027281785327376742,36.998043,19.174026,2070
20312,r3i1p1f1,2070,08,12,0.0,36.15191,18.545057,2070
20313,r3i1p1f1,2070,08,13,0.0,36.97808,17.53071,2070
20314,r3i1p1f1,2070,08,14,0.1658692621453101,38.66589,19.774702,2070
20315,r3i1p1f1,2070,08,15,0.04336471517683205,38.607224,20.330233,2070
20316,r3i1p1f1,2070,08,16,0.054702246261788816,38.792675,20.83157,2070
20317,r3i1p1f1,2070,08,17,0.6205324106673343,38.53264,21.039299,2070
20318,r3i1p1f1,2070,08,18,0.008169931167106948,37.922012,19.397657,2070
20319,r3i1p1f1,2070,08,19,0.0,36.39774,17.997095,2070
20320,r3i1p1f1,2070,08,20,0.0,36.808044,17.756474,2070
20321,r3i1p1f1,2070,08,21,0.0,35.709312,16.955826,2070
20322,r3i1p1f1,2070,08,22,0.0,36.038857,16.700829,2070
20323,r3i1p1f1,2070,08,23,0.0,37.24985,17.796926,2070
20324,r3i1p1f1,2070,08,24,0.0,37.71085,17.885578,2070
20325,r3i1p1f1,2070,08,25,0.0,38.528564,19.556353,2070
20326,r3i1p1f1,2070,08,26,1.4056229531839066,36.89671,19.87664,2070
20327,r3i1p1f1,2070,08,27,2.788914749853024,28.831903,17.027542,2070
20328,r3i1p1f1,2070,08,28,10.41758571491686,26.04438,15.955626,2070
20329,r3i1p1f1,2070,08,29,0.4827373399960131,29.886097,16.68451,2070
20330,r3i1p1f1,2070,08,30,0.8595669179163506,34.08538,17.193213,2070
20331,r3i1p1f1,2070,08,31,0.4834260781111273,32.617115,17.634525,2070
20332,r3i1p1f1,2070,09,01,0.0,32.795322,17.182533,2070
20333,r3i1p1f1,2070,09,02,0.16048362102027927,32.39589,15.717035,2070
20334,r3i1p1f1,2070,09,03,0.0,32.096558,15.844688,2070
20335,r3i1p1f1,2070,09,04,0.06340687675577955,33.93817,18.534285,2070
20336,r3i1p1f1,2070,09,05,1.523343560418818,34.822155,17.946821,2070
20337,r3i1p1f1,2070,09,06,1.5626745656702428,34.681427,19.300245,2070
20338,r3i1p1f1,2070,09,07,0.014181120006304065,36.5741,20.213963,2070
20339,r3i1p1f1,2070,09,08,2.7797260191302042,34.119144,21.015669,2070
20340,r3i1p1f1,2070,09,09,0.27174300252282235,32.381905,19.110798,2070
20341,r3i1p1f1,2070,09,10,0.0012720690927270687,35.404488,20.26336,2070
20342,r3i1p1f1,2070,09,11,0.0,37.126675,21.265182,2070
20343,r3i1p1f1,2070,09,12,0.0,37.89086,20.492306,2070
20344,r3i1p1f1,2070,09,13,0.051576469038881245,37.991135,20.499352,2070
20345,r3i1p1f1,2070,09,14,0.06783739483745937,37.865707,19.802614,2070
20346,r3i1p1f1,2070,09,15,0.13483895445736407,37.353165,19.720757,2070
20347,r3i1p1f1,2070,09,16,0.0,36.216465,18.736933,2070
20348,r3i1p1f1,2070,09,17,0.0,35.579147,17.496458,2070
20349,r3i1p1f1,2070,09,18,0.0,32.825783,17.111574,2070
20350,r3i1p1f1,2070,09,19,0.0,28.81849,14.25318,2070
20351,r3i1p1f1,2070,09,20,0.0,26.430069,13.346325,2070
20352,r3i1p1f1,2070,09,21,0.0,29.442835,13.573013,2070
20353,r3i1p1f1,2070,09,22,0.0,31.566422,15.452192,2070
20354,r3i1p1f1,2070,09,23,0.0,32.91972,16.795311,2070
20355,r3i1p1f1,2070,09,24,0.0,34.60702,18.39839,2070
20356,r3i1p1f1,2070,09,25,0.0,33.600376,17.288158,2070
20357,r3i1p1f1,2070,09,26,0.0,28.999512,12.504271,2070
20358,r3i1p1f1,2070,09,27,0.0,26.202084,10.364997,2070
20359,r3i1p1f1,2070,09,28,0.0,27.271324,9.818684,2070
20360,r3i1p1f1,2070,09,29,0.005806180971293626,26.705595,10.957289,2070
20361,r3i1p1f1,2070,09,30,0.00044223390322065717,25.526638,10.94203,2070
20362,r3i1p1f1,2070,10,01,0.0,25.730576,9.049148,2070
20363,r3i1p1f1,2070,10,02,0.0,28.100582,10.764498,2070
20364,r3i1p1f1,2070,10,03,0.0,27.941288,10.990954,2070
20365,r3i1p1f1,2070,10,04,0.0,28.161995,11.320578,2070
20366,r3i1p1f1,2070,10,05,0.0,27.960339,10.7227335,2070
20367,r3i1p1f1,2070,10,06,0.0,26.24214,11.685377,2070
20368,r3i1p1f1,2070,10,07,0.0,22.604755,7.6820674,2070
20369,r3i1p1f1,2070,10,08,0.0,21.413248,5.7371154,2070
20370,r3i1p1f1,2070,10,09,0.0,26.47533,9.470792,2070
20371,r3i1p1f1,2070,10,10,0.0,26.235884,10.891462,2070
20372,r3i1p1f1,2070,10,11,0.0,22.358786,10.349433,2070
20373,r3i1p1f1,2070,10,12,0.0,23.140804,6.2354608,2070
20374,r3i1p1f1,2070,10,13,0.0,26.670689,9.296708,2070
20375,r3i1p1f1,2070,10,14,0.0,28.355534,11.036185,2070
20376,r3i1p1f1,2070,10,15,0.0,26.79194,11.29603,2070
20377,r3i1p1f1,2070,10,16,0.0,20.718607,8.0924835,2070
20378,r3i1p1f1,2070,10,17,0.0046255891070221405,23.1414,7.7893605,2070
20379,r3i1p1f1,2070,10,18,0.0,27.429996,10.376559,2070
20380,r3i1p1f1,2070,10,19,0.0,30.2646,12.214006,2070
20381,r3i1p1f1,2070,10,20,0.0,28.601866,11.765848,2070
20382,r3i1p1f1,2070,10,21,0.0,30.615004,17.063965,2070
20383,r3i1p1f1,2070,10,22,0.0,31.585384,16.582432,2070
20384,r3i1p1f1,2070,10,23,0.0,30.64126,14.267195,2070
20385,r3i1p1f1,2070,10,24,0.0,28.288734,11.935595,2070
20386,r3i1p1f1,2070,10,25,0.04784576920042816,25.788774,12.354981,2070
20387,r3i1p1f1,2070,10,26,0.0072385049971864755,22.463211,11.511485,2070
20388,r3i1p1f1,2070,10,27,0.0,21.11708,7.0315185,2070
20389,r3i1p1f1,2070,10,28,0.0,25.850183,9.034955,2070
20390,r3i1p1f1,2070,10,29,0.0,28.16002,13.001583,2070
20391,r3i1p1f1,2070,10,30,0.0,28.935493,13.212258,2070
20392,r3i1p1f1,2070,10,31,0.0,28.628202,12.705621,2070
20393,r3i1p1f1,2070,11,01,0.0,28.964653,12.359315,2070
20394,r3i1p1f1,2070,11,02,0.0,28.04562,10.575571,2070
20395,r3i1p1f1,2070,11,03,0.0,25.321638,8.426713,2070
20396,r3i1p1f1,2070,11,04,0.0,21.855675,8.897243,2070
20397,r3i1p1f1,2070,11,05,0.0,22.314604,6.3586664,2070
20398,r3i1p1f1,2070,11,06,0.0,23.931526,8.675983,2070
20399,r3i1p1f1,2070,11,07,0.0,26.098555,9.782474,2070
20400,r3i1p1f1,2070,11,08,0.0,25.469963,9.254282,2070
20401,r3i1p1f1,2070,11,09,0.0,24.372812,9.032321,2070
20402,r3i1p1f1,2070,11,10,0.15658538432338295,21.4672,8.926511,2070
20403,r3i1p1f1,2070,11,11,11.887031626145912,19.035965,10.194591,2070
20404,r3i1p1f1,2070,11,12,4.256796644208269,18.529173,9.655908,2070
20405,r3i1p1f1,2070,11,13,0.00035169220416609085,17.636845,6.3051095,2070
20406,r3i1p1f1,2070,11,14,0.0,17.531689,5.319113,2070
20407,r3i1p1f1,2070,11,15,0.0,18.92241,5.0999923,2070
20408,r3i1p1f1,2070,11,16,0.18909112091050978,19.281595,6.4115734,2070
20409,r3i1p1f1,2070,11,17,0.006555784339897483,12.67105,2.7562456,2070
20410,r3i1p1f1,2070,11,18,0.0,13.728166,1.406699,2070
20411,r3i1p1f1,2070,11,19,0.0,14.678383,1.5827154,2070
20412,r3i1p1f1,2070,11,20,2.800425485201038,14.476899,2.6293473,2070
20413,r3i1p1f1,2070,11,21,2.493946237176935,14.902862,4.032709,2070
20414,r3i1p1f1,2070,11,22,0.0,17.139544,2.9700556,2070
20415,r3i1p1f1,2070,11,23,0.026650919656579692,18.613153,4.479612,2070
20416,r3i1p1f1,2070,11,24,0.007197131177015377,17.40664,3.9660256,2070
20417,r3i1p1f1,2070,11,25,0.0,17.364649,4.99654,2070
20418,r3i1p1f1,2070,11,26,0.0,17.927551,5.8958316,2070
20419,r3i1p1f1,2070,11,27,0.0,16.997076,3.6395392,2070
20420,r3i1p1f1,2070,11,28,0.02857656124406,19.332836,6.2405148,2070
20421,r3i1p1f1,2070,11,29,0.01416769592844613,17.904238,4.844105,2070
20422,r3i1p1f1,2070,11,30,0.07743562269531663,14.174091,1.9453375,2070
20423,r3i1p1f1,2070,12,01,0.0,14.424166,1.6047535,2070
20424,r3i1p1f1,2070,12,02,0.0,16.544493,4.0299535,2070
20425,r3i1p1f1,2070,12,03,0.0,17.234064,4.768483,2070
20426,r3i1p1f1,2070,12,04,0.0,19.495432,5.647821,2070
20427,r3i1p1f1,2070,12,05,0.0,20.947817,6.6149454,2070
20428,r3i1p1f1,2070,12,06,0.0,19.977297,6.534731,2070
20429,r3i1p1f1,2070,12,07,0.0,21.158245,6.6764197,2070
20430,r3i1p1f1,2070,12,08,0.0,24.028976,8.817037,2070
20431,r3i1p1f1,2070,12,09,0.0,23.466301,8.499695,2070
20432,r3i1p1f1,2070,12,10,0.0,21.80431,7.1330886,2070
20433,r3i1p1f1,2070,12,11,0.0,21.386684,6.6538534,2070
20434,r3i1p1f1,2070,12,12,0.0,21.475666,6.781121,2070
20435,r3i1p1f1,2070,12,13,0.0,22.247862,8.962503,2070
20436,r3i1p1f1,2070,12,14,0.12708270397552318,19.593582,5.7845974,2070
20437,r3i1p1f1,2070,12,15,0.8876226708790372,9.322698,-1.5904194,2070
20438,r3i1p1f1,2070,12,16,0.0,9.531121,-2.6634955,2070
20439,r3i1p1f1,2070,12,17,0.0,10.875676,-3.5793688,2070
20440,r3i1p1f1,2070,12,18,0.0,10.821567,-2.979518,2070
20441,r3i1p1f1,2070,12,19,0.0,13.335482,-1.4577507,2070
20442,r3i1p1f1,2070,12,20,0.0,14.697036,0.24691156,2070
20443,r3i1p1f1,2070,12,21,0.0,13.314611,-1.085037,2070
20444,r3i1p1f1,2070,12,22,0.0,7.990606,-4.718704,2070
20445,r3i1p1f1,2070,12,23,0.0,4.8984413,-9.053232,2070
20446,r3i1p1f1,2070,12,24,0.0,-1.4199475,-15.836567,2070
20447,r3i1p1f1,2070,12,25,0.0,-2.4503734,-15.233773,2070
20448,r3i1p1f1,2070,12,26,0.6456909264907704,2.5779114,-10.912634,2070
20449,r3i1p1f1,2070,12,27,11.698670432398847,4.2656827,-5.439886,2070
20450,r3i1p1f1,2070,12,28,0.7081326937317168,3.660699,-5.43874,2070
20451,r3i1p1f1,2070,12,29,0.0647163338329516,2.9058,-7.2607465,2070
20452,r3i1p1f1,2070,12,30,0.00909422850258345,4.5735006,-9.595554,2070
20453,r3i1p1f1,2070,12,31,0.0,3.8684475,-9.820695,2070
20454,r3i1p1f1,2071,01,01,0.48267353654823225,5.61587,-1.5877364,2071
20455,r3i1p1f1,2071,01,02,0.0,5.6350026,-7.485251,2071
20456,r3i1p1f1,2071,01,03,0.0,5.523084,-8.35585,2071
20457,r3i1p1f1,2071,01,04,0.0,6.8283753,-6.349089,2071
20458,r3i1p1f1,2071,01,05,0.0,7.9117703,-5.51731,2071
20459,r3i1p1f1,2071,01,06,0.0,9.106826,-5.2084885,2071
20460,r3i1p1f1,2071,01,07,0.0,9.697955,-4.7162557,2071
20461,r3i1p1f1,2071,01,08,0.0,10.125705,-4.0042987,2071
20462,r3i1p1f1,2071,01,09,0.0,12.131343,-2.318255,2071
20463,r3i1p1f1,2071,01,10,0.0,12.356367,-2.9302719,2071
20464,r3i1p1f1,2071,01,11,0.0,13.906134,-1.0957545,2071
20465,r3i1p1f1,2071,01,12,0.0,14.891271,1.1070344,2071
20466,r3i1p1f1,2071,01,13,0.0,16.544584,0.36214405,2071
20467,r3i1p1f1,2071,01,14,0.0,17.785929,2.398759,2071
20468,r3i1p1f1,2071,01,15,0.0029024143022428634,17.401676,3.6282978,2071
20469,r3i1p1f1,2071,01,16,0.001519020923737888,15.376399,3.2495103,2071
20470,r3i1p1f1,2071,01,17,0.0,18.623182,3.4461944,2071
20471,r3i1p1f1,2071,01,18,0.0,20.073355,4.30004,2071
20472,r3i1p1f1,2071,01,19,0.0,19.254658,5.0871167,2071
20473,r3i1p1f1,2071,01,20,0.0,16.294727,3.981122,2071
20474,r3i1p1f1,2071,01,21,0.0,14.466352,-0.68942124,2071
20475,r3i1p1f1,2071,01,22,0.0,16.27702,2.2979467,2071
20476,r3i1p1f1,2071,01,23,0.002013423621643927,15.161472,2.2114587,2071
20477,r3i1p1f1,2071,01,24,0.3048061091778271,15.327786,4.197376,2071
20478,r3i1p1f1,2071,01,25,0.0,15.749306,1.684099,2071
20479,r3i1p1f1,2071,01,26,0.0,20.065361,5.0524025,2071
20480,r3i1p1f1,2071,01,27,0.0,23.176031,7.3313656,2071
20481,r3i1p1f1,2071,01,28,0.0,23.808523,8.119785,2071
20482,r3i1p1f1,2071,01,29,0.0,24.329329,6.947628,2071
20483,r3i1p1f1,2071,01,30,0.0,25.096987,8.024387,2071
20484,r3i1p1f1,2071,01,31,0.0,25.081276,8.615884,2071
20485,r3i1p1f1,2071,02,01,0.0,23.735472,7.7018123,2071
20486,r3i1p1f1,2071,02,02,0.0,23.478981,7.4999595,2071
20487,r3i1p1f1,2071,02,03,0.0,23.820492,7.891465,2071
20488,r3i1p1f1,2071,02,04,0.0,20.407257,4.8783956,2071
20489,r3i1p1f1,2071,02,05,0.0,23.633385,5.8959804,2071
20490,r3i1p1f1,2071,02,06,0.47761264638900297,21.71646,4.859112,2071
20491,r3i1p1f1,2071,02,07,0.26006352296738466,14.125297,2.0246766,2071
20492,r3i1p1f1,2071,02,08,0.0,17.935007,1.6480534,2071
20493,r3i1p1f1,2071,02,09,0.0,20.090637,3.842397,2071
20494,r3i1p1f1,2071,02,10,0.0,20.858025,2.731606,2071
20495,r3i1p1f1,2071,02,11,0.0,22.228086,3.515679,2071
20496,r3i1p1f1,2071,02,12,0.0,21.946733,4.060119,2071
20497,r3i1p1f1,2071,02,13,0.0,22.796436,6.003071,2071
20498,r3i1p1f1,2071,02,14,0.0,23.293697,5.251164,2071
20499,r3i1p1f1,2071,02,15,0.06613257028110445,22.145002,7.5738516,2071
20500,r3i1p1f1,2071,02,16,1.2506114014534184,19.307302,5.428982,2071
20501,r3i1p1f1,2071,02,17,0.0,20.129608,2.0332658,2071
20502,r3i1p1f1,2071,02,18,3.8322632668341887,20.221334,4.547699,2071
20503,r3i1p1f1,2071,02,19,11.769343789712751,11.556327,2.8570719,2071
20504,r3i1p1f1,2071,02,20,5.115110922894074,13.107322,1.6349648,2071
20505,r3i1p1f1,2071,02,21,0.19407934146356914,12.793741,0.28323838,2071
20506,r3i1p1f1,2071,02,22,0.0,12.65248,-0.066888034,2071
20507,r3i1p1f1,2071,02,23,0.0,16.28298,2.1770098,2071
20508,r3i1p1f1,2071,02,24,0.0,16.956022,1.4675145,2071
20509,r3i1p1f1,2071,02,25,0.0,16.028147,2.9077525,2071
20510,r3i1p1f1,2071,02,26,0.11451723100132465,15.207279,2.4058266,2071
20511,r3i1p1f1,2071,02,27,0.00531044658132349,14.765064,2.1018991,2071
20512,r3i1p1f1,2071,02,28,0.0,20.41817,4.7650247,2071
20513,r3i1p1f1,2071,03,01,0.0,22.403933,4.293893,2071
20514,r3i1p1f1,2071,03,02,0.0,22.943338,5.159964,2071
20515,r3i1p1f1,2071,03,03,0.00152261774267324,22.085693,4.9294834,2071
20516,r3i1p1f1,2071,03,04,0.0,21.07025,3.3259223,2071
20517,r3i1p1f1,2071,03,05,4.535172257846253,19.050636,4.6389117,2071
20518,r3i1p1f1,2071,03,06,0.7540301593689946,13.876819,2.4512959,2071
20519,r3i1p1f1,2071,03,07,0.0,15.505904,0.8408857,2071
20520,r3i1p1f1,2071,03,08,0.0,21.278446,2.9974146,2071
20521,r3i1p1f1,2071,03,09,0.0,22.712683,5.0877604,2071
20522,r3i1p1f1,2071,03,10,0.0,23.001715,6.0842304,2071
20523,r3i1p1f1,2071,03,11,0.002325911720452661,22.280233,6.575005,2071
20524,r3i1p1f1,2071,03,12,0.9819351233309962,19.541409,5.521217,2071
20525,r3i1p1f1,2071,03,13,0.0,16.475807,-0.354894,2071
20526,r3i1p1f1,2071,03,14,0.0,20.792967,2.7387981,2071
20527,r3i1p1f1,2071,03,15,0.0,24.554308,6.134094,2071
20528,r3i1p1f1,2071,03,16,0.15553821370386603,23.717474,5.650987,2071
20529,r3i1p1f1,2071,03,17,0.11216888804772845,17.813377,4.2400413,2071
20530,r3i1p1f1,2071,03,18,0.0032398792223609757,16.807737,2.1022885,2071
20531,r3i1p1f1,2071,03,19,0.006070415547583252,19.148232,2.5792723,2071
20532,r3i1p1f1,2071,03,20,0.0,19.378555,3.1471925,2071
20533,r3i1p1f1,2071,03,21,0.0035883976273577323,19.592295,3.1900015,2071
20534,r3i1p1f1,2071,03,22,0.0,20.29104,2.6360538,2071
20535,r3i1p1f1,2071,03,23,0.0,22.395662,3.638478,2071
20536,r3i1p1f1,2071,03,24,0.0,26.37031,7.6695848,2071
20537,r3i1p1f1,2071,03,25,0.0,29.036509,10.610246,2071
20538,r3i1p1f1,2071,03,26,0.0018378745792715838,27.489082,9.167568,2071
20539,r3i1p1f1,2071,03,27,0.0,23.360207,5.1663866,2071
20540,r3i1p1f1,2071,03,28,0.0,23.450258,4.733579,2071
20541,r3i1p1f1,2071,03,29,0.013647654017073695,22.612553,5.4846883,2071
20542,r3i1p1f1,2071,03,30,0.012362096222756063,21.786268,2.2490184,2071
20543,r3i1p1f1,2071,03,31,0.0,21.046862,3.4156177,2071
20544,r3i1p1f1,2071,04,01,7.867133066518528,17.795963,5.9115167,2071
20545,r3i1p1f1,2071,04,02,0.07123170350854652,17.594442,4.6868916,2071
20546,r3i1p1f1,2071,04,03,5.05762066247619e-06,23.764893,4.8122,2071
20547,r3i1p1f1,2071,04,04,0.0,26.941807,7.976738,2071
20548,r3i1p1f1,2071,04,05,0.0,26.80991,8.360573,2071
20549,r3i1p1f1,2071,04,06,0.0,26.03168,8.783489,2071
20550,r3i1p1f1,2071,04,07,0.04248597862897441,24.881163,7.403971,2071
20551,r3i1p1f1,2071,04,08,0.9175395103807894,21.856297,7.93138,2071
20552,r3i1p1f1,2071,04,09,0.04016273093646194,24.395714,7.0213594,2071
20553,r3i1p1f1,2071,04,10,0.0018807310742417801,26.331738,8.843679,2071
20554,r3i1p1f1,2071,04,11,0.0,27.29751,7.743772,2071
20555,r3i1p1f1,2071,04,12,0.0,27.714628,8.4766245,2071
20556,r3i1p1f1,2071,04,13,1.8057970869614854,27.079037,8.609676,2071
20557,r3i1p1f1,2071,04,14,20.687266268755316,19.92862,6.3046894,2071
20558,r3i1p1f1,2071,04,15,0.6649892429898804,14.374696,1.7956736,2071
20559,r3i1p1f1,2071,04,16,0.030549871558887942,18.666267,3.099713,2071
20560,r3i1p1f1,2071,04,17,0.0,22.711689,4.8317676,2071
20561,r3i1p1f1,2071,04,18,0.0,22.54698,5.6812587,2071
20562,r3i1p1f1,2071,04,19,0.345736026792193,20.591764,6.1304936,2071
20563,r3i1p1f1,2071,04,20,0.002879944174007202,19.933222,4.280927,2071
20564,r3i1p1f1,2071,04,21,0.0,21.971588,4.78655,2071
20565,r3i1p1f1,2071,04,22,0.004136448476470612,24.199184,7.4459105,2071
20566,r3i1p1f1,2071,04,23,0.18680725895640563,22.410437,6.3967648,2071
20567,r3i1p1f1,2071,04,24,0.0,21.190977,4.1154513,2071
20568,r3i1p1f1,2071,04,25,0.0,21.97952,3.9001727,2071
20569,r3i1p1f1,2071,04,26,0.0,21.590288,4.9919086,2071
20570,r3i1p1f1,2071,04,27,0.5458296209409045,18.050306,4.1024456,2071
20571,r3i1p1f1,2071,04,28,0.8141783442768042,19.513384,4.226302,2071
20572,r3i1p1f1,2071,04,29,0.0,24.787714,5.46144,2071
20573,r3i1p1f1,2071,04,30,0.11884867755174072,23.311935,7.738137,2071
20574,r3i1p1f1,2071,05,01,4.607872720865668,15.773837,6.561778,2071
20575,r3i1p1f1,2071,05,02,0.06263619880139065,21.42774,4.3138137,2071
20576,r3i1p1f1,2071,05,03,0.0,25.173615,7.0666995,2071
20577,r3i1p1f1,2071,05,04,0.0,27.866045,9.760319,2071
20578,r3i1p1f1,2071,05,05,0.0,28.968412,10.818475,2071
20579,r3i1p1f1,2071,05,06,0.13464793079589127,27.16122,9.516573,2071
20580,r3i1p1f1,2071,05,07,0.2538796042768588,24.504051,8.405233,2071
20581,r3i1p1f1,2071,05,08,0.0,27.280352,9.480476,2071
20582,r3i1p1f1,2071,05,09,0.0,28.08773,9.259724,2071
20583,r3i1p1f1,2071,05,10,0.0,29.89281,11.333357,2071
20584,r3i1p1f1,2071,05,11,0.0,31.756409,12.533788,2071
20585,r3i1p1f1,2071,05,12,0.0,30.865705,11.432339,2071
20586,r3i1p1f1,2071,05,13,0.0,26.330507,9.265772,2071
20587,r3i1p1f1,2071,05,14,0.0,25.3648,8.271813,2071
20588,r3i1p1f1,2071,05,15,0.0,31.904854,12.766366,2071
20589,r3i1p1f1,2071,05,16,0.0,36.946674,16.794641,2071
20590,r3i1p1f1,2071,05,17,0.0,36.953976,17.239882,2071
20591,r3i1p1f1,2071,05,18,0.0,35.791805,16.523293,2071
20592,r3i1p1f1,2071,05,19,0.0,34.180035,14.300463,2071
20593,r3i1p1f1,2071,05,20,0.0,33.074657,13.672559,2071
20594,r3i1p1f1,2071,05,21,0.0,32.686016,13.382446,2071
20595,r3i1p1f1,2071,05,22,0.0,32.609528,12.605895,2071
20596,r3i1p1f1,2071,05,23,0.0,27.33604,10.381694,2071
20597,r3i1p1f1,2071,05,24,0.0,25.176847,8.640412,2071
20598,r3i1p1f1,2071,05,25,0.0,23.198149,5.550838,2071
20599,r3i1p1f1,2071,05,26,0.0,27.080875,8.783631,2071
20600,r3i1p1f1,2071,05,27,0.0,29.035868,10.387349,2071
20601,r3i1p1f1,2071,05,28,0.0,28.982882,11.253593,2071
20602,r3i1p1f1,2071,05,29,0.0,30.177198,11.512277,2071
20603,r3i1p1f1,2071,05,30,0.0,32.56093,13.263237,2071
20604,r3i1p1f1,2071,05,31,0.0,31.19253,12.651848,2071
20605,r3i1p1f1,2071,06,01,0.0,26.980436,8.270023,2071
20606,r3i1p1f1,2071,06,02,0.08470748416033475,21.552578,8.044518,2071
20607,r3i1p1f1,2071,06,03,0.01577447889069321,22.21946,6.1424084,2071
20608,r3i1p1f1,2071,06,04,0.0,24.16393,6.9636874,2071
20609,r3i1p1f1,2071,06,05,0.0,26.230055,8.380148,2071
20610,r3i1p1f1,2071,06,06,0.0,28.365654,9.637769,2071
20611,r3i1p1f1,2071,06,07,0.0,28.822685,11.019528,2071
20612,r3i1p1f1,2071,06,08,0.0,29.32725,11.6973095,2071
20613,r3i1p1f1,2071,06,09,0.0,31.369677,13.548721,2071
20614,r3i1p1f1,2071,06,10,0.0,32.943672,14.375077,2071
20615,r3i1p1f1,2071,06,11,0.0,32.066467,14.114948,2071
20616,r3i1p1f1,2071,06,12,0.0,33.00624,12.791184,2071
20617,r3i1p1f1,2071,06,13,0.0,36.109562,16.086416,2071
20618,r3i1p1f1,2071,06,14,0.0,38.380936,18.938667,2071
20619,r3i1p1f1,2071,06,15,0.0,37.475056,18.585936,2071
20620,r3i1p1f1,2071,06,16,0.0,36.584686,16.550978,2071
20621,r3i1p1f1,2071,06,17,0.0,36.23048,16.398579,2071
20622,r3i1p1f1,2071,06,18,0.0,33.712402,14.535222,2071
20623,r3i1p1f1,2071,06,19,0.0,32.95226,14.966586,2071
20624,r3i1p1f1,2071,06,20,0.0,34.350323,14.277552,2071
20625,r3i1p1f1,2071,06,21,0.0,33.98778,14.474623,2071
20626,r3i1p1f1,2071,06,22,0.0,32.29051,14.972843,2071
20627,r3i1p1f1,2071,06,23,0.0,32.501072,13.876243,2071
20628,r3i1p1f1,2071,06,24,0.0,31.91238,13.959675,2071
20629,r3i1p1f1,2071,06,25,0.0,33.17631,14.403028,2071
20630,r3i1p1f1,2071,06,26,0.0,34.672558,15.940095,2071
20631,r3i1p1f1,2071,06,27,1.1948508420645148,33.116096,17.277254,2071
20632,r3i1p1f1,2071,06,28,0.0,31.793823,15.265723,2071
20633,r3i1p1f1,2071,06,29,0.03724488912143208,34.357365,16.338701,2071
20634,r3i1p1f1,2071,06,30,1.5540812794015988,34.932518,17.4811,2071
20635,r3i1p1f1,2071,07,01,0.9099506841139924,36.21823,18.70394,2071
20636,r3i1p1f1,2071,07,02,1.1582466816043686,34.476845,17.868223,2071
20637,r3i1p1f1,2071,07,03,0.15609120613644886,33.760788,17.21271,2071
20638,r3i1p1f1,2071,07,04,0.0,36.132748,17.69391,2071
20639,r3i1p1f1,2071,07,05,0.0,37.949055,18.802662,2071
20640,r3i1p1f1,2071,07,06,0.0,38.21855,19.168413,2071
20641,r3i1p1f1,2071,07,07,0.0,39.927364,19.928112,2071
20642,r3i1p1f1,2071,07,08,0.0,40.36029,20.68754,2071
20643,r3i1p1f1,2071,07,09,0.0,40.37014,20.443493,2071
20644,r3i1p1f1,2071,07,10,0.0,40.06882,20.98065,2071
20645,r3i1p1f1,2071,07,11,0.0,39.43185,20.235388,2071
20646,r3i1p1f1,2071,07,12,0.0,38.61544,19.01075,2071
20647,r3i1p1f1,2071,07,13,0.0,37.641155,18.877266,2071
20648,r3i1p1f1,2071,07,14,0.0,36.88787,18.632145,2071
20649,r3i1p1f1,2071,07,15,0.0,37.315865,19.578852,2071
20650,r3i1p1f1,2071,07,16,0.0,36.795567,18.978815,2071
20651,r3i1p1f1,2071,07,17,0.0,36.153904,17.737444,2071
20652,r3i1p1f1,2071,07,18,0.0,32.06885,15.745553,2071
20653,r3i1p1f1,2071,07,19,0.0,29.673058,13.884266,2071
20654,r3i1p1f1,2071,07,20,0.0,29.977175,13.834021,2071
20655,r3i1p1f1,2071,07,21,0.0,32.9259,15.692005,2071
20656,r3i1p1f1,2071,07,22,0.0,33.920624,16.75234,2071
20657,r3i1p1f1,2071,07,23,0.0,34.793247,17.446331,2071
20658,r3i1p1f1,2071,07,24,0.0,34.739506,17.440601,2071
20659,r3i1p1f1,2071,07,25,0.0,35.465446,17.788576,2071
20660,r3i1p1f1,2071,07,26,0.0,34.767944,18.410738,2071
20661,r3i1p1f1,2071,07,27,0.0,34.62361,18.451603,2071
20662,r3i1p1f1,2071,07,28,0.0,35.732147,17.12419,2071
20663,r3i1p1f1,2071,07,29,0.0,38.036827,19.072521,2071
20664,r3i1p1f1,2071,07,30,0.0,38.027225,20.23445,2071
20665,r3i1p1f1,2071,07,31,0.0,37.28116,19.546318,2071
20666,r3i1p1f1,2071,08,01,0.0,35.827606,18.24158,2071
20667,r3i1p1f1,2071,08,02,0.0,36.72534,18.72338,2071
20668,r3i1p1f1,2071,08,03,0.0,36.47988,18.613014,2071
20669,r3i1p1f1,2071,08,04,0.0,35.70899,17.994495,2071
20670,r3i1p1f1,2071,08,05,0.0,36.4556,17.720043,2071
20671,r3i1p1f1,2071,08,06,0.0,37.977955,18.833885,2071
20672,r3i1p1f1,2071,08,07,0.0,37.64147,19.204918,2071
20673,r3i1p1f1,2071,08,08,0.0,36.47223,18.075132,2071
20674,r3i1p1f1,2071,08,09,0.0,35.27982,17.603107,2071
20675,r3i1p1f1,2071,08,10,0.0,36.598892,18.691067,2071
20676,r3i1p1f1,2071,08,11,0.0,38.538383,19.13191,2071
20677,r3i1p1f1,2071,08,12,0.0,39.36253,20.050104,2071
20678,r3i1p1f1,2071,08,13,0.0,38.990746,20.296022,2071
20679,r3i1p1f1,2071,08,14,0.0,38.41205,19.683475,2071
20680,r3i1p1f1,2071,08,15,0.0,37.982613,17.983383,2071
20681,r3i1p1f1,2071,08,16,0.08864309053134287,36.228752,19.0181,2071
20682,r3i1p1f1,2071,08,17,0.01072114354676821,32.847836,17.72023,2071
20683,r3i1p1f1,2071,08,18,0.0,33.276623,16.852509,2071
20684,r3i1p1f1,2071,08,19,0.4568629845435322,31.245615,17.385307,2071
20685,r3i1p1f1,2071,08,20,1.1059109878877997,32.091797,17.371634,2071
20686,r3i1p1f1,2071,08,21,1.1058969935755047,31.866571,16.67936,2071
20687,r3i1p1f1,2071,08,22,0.0,31.032284,15.045556,2071
20688,r3i1p1f1,2071,08,23,0.0,30.124256,13.685675,2071
20689,r3i1p1f1,2071,08,24,0.0,28.883877,12.554486,2071
20690,r3i1p1f1,2071,08,25,0.0,30.292664,13.44349,2071
20691,r3i1p1f1,2071,08,26,0.0,30.323814,13.332925,2071
20692,r3i1p1f1,2071,08,27,0.0,33.244755,15.287819,2071
20693,r3i1p1f1,2071,08,28,0.1315095645611908,32.872463,18.778292,2071
20694,r3i1p1f1,2071,08,29,0.0,33.955402,16.674162,2071
20695,r3i1p1f1,2071,08,30,0.0,35.525574,16.329813,2071
20696,r3i1p1f1,2071,08,31,0.0015472408708636508,36.62916,17.12156,2071
20697,r3i1p1f1,2071,09,01,0.0,37.549553,20.556057,2071
20698,r3i1p1f1,2071,09,02,0.0060619636805671635,39.016518,21.22768,2071
20699,r3i1p1f1,2071,09,03,0.02050852590014763,39.4305,22.092169,2071
20700,r3i1p1f1,2071,09,04,0.335050580218773,39.77639,22.41896,2071
20701,r3i1p1f1,2071,09,05,0.004936130787951477,39.358036,23.67433,2071
20702,r3i1p1f1,2071,09,06,1.4407269601178996,38.201523,21.128746,2071
20703,r3i1p1f1,2071,09,07,0.030335927828370284,39.62003,21.244999,2071
20704,r3i1p1f1,2071,09,08,0.3369669212472879,39.363228,22.70018,2071
20705,r3i1p1f1,2071,09,09,0.0009505023869375387,36.6724,19.748396,2071
20706,r3i1p1f1,2071,09,10,0.012354852603466221,32.539738,18.20671,2071
20707,r3i1p1f1,2071,09,11,0.0,34.02105,17.645763,2071
20708,r3i1p1f1,2071,09,12,0.29829595187259134,35.748314,19.651062,2071
20709,r3i1p1f1,2071,09,13,1.4071513536526419,35.238537,18.891838,2071
20710,r3i1p1f1,2071,09,14,8.487597555839315,32.869076,17.049797,2071
20711,r3i1p1f1,2071,09,15,1.9385692720972219,26.924322,14.37631,2071
20712,r3i1p1f1,2071,09,16,0.0,28.321373,14.267941,2071
20713,r3i1p1f1,2071,09,17,0.005514445074368268,32.704433,16.248402,2071
20714,r3i1p1f1,2071,09,18,3.368344246456135,32.919197,18.582247,2071
20715,r3i1p1f1,2071,09,19,0.5824384767854072,32.265472,17.32458,2071
20716,r3i1p1f1,2071,09,20,0.0,30.08251,15.761607,2071
20717,r3i1p1f1,2071,09,21,0.0,29.073109,14.557458,2071
20718,r3i1p1f1,2071,09,22,0.0,27.959469,12.75545,2071
20719,r3i1p1f1,2071,09,23,0.0,25.738237,10.589114,2071
20720,r3i1p1f1,2071,09,24,0.0,23.033886,10.254089,2071
20721,r3i1p1f1,2071,09,25,0.0,27.215986,10.7291355,2071
20722,r3i1p1f1,2071,09,26,0.0,30.854015,13.137672,2071
20723,r3i1p1f1,2071,09,27,0.0,33.662876,15.613749,2071
20724,r3i1p1f1,2071,09,28,0.0,35.519077,17.318094,2071
20725,r3i1p1f1,2071,09,29,0.0,35.95981,18.685198,2071
20726,r3i1p1f1,2071,09,30,0.0,35.434868,18.368721,2071
20727,r3i1p1f1,2071,10,01,0.00325578642359963,32.146038,15.902392,2071
20728,r3i1p1f1,2071,10,02,0.00020523978905244306,27.445812,13.647192,2071
20729,r3i1p1f1,2071,10,03,0.0,21.439142,8.289557,2071
20730,r3i1p1f1,2071,10,04,0.0,20.17198,5.7775555,2071
20731,r3i1p1f1,2071,10,05,0.7860205645865239,20.585958,7.8659215,2071
20732,r3i1p1f1,2071,10,06,7.174975069176526,19.788534,10.649942,2071
20733,r3i1p1f1,2071,10,07,47.129158335455664,17.932095,10.652102,2071
20734,r3i1p1f1,2071,10,08,0.3008098318772075,15.737286,3.599635,2071
20735,r3i1p1f1,2071,10,09,0.0,17.577087,4.613548,2071
20736,r3i1p1f1,2071,10,10,0.0,17.790922,5.085955,2071
20737,r3i1p1f1,2071,10,11,0.0,18.81923,5.954453,2071
20738,r3i1p1f1,2071,10,12,0.0,18.71065,6.911895,2071
20739,r3i1p1f1,2071,10,13,0.0,18.37465,6.4496527,2071
20740,r3i1p1f1,2071,10,14,0.0,20.068537,7.2239504,2071
20741,r3i1p1f1,2071,10,15,0.0,20.727161,7.1278706,2071
20742,r3i1p1f1,2071,10,16,0.0,24.207716,9.656074,2071
20743,r3i1p1f1,2071,10,17,0.0,25.815884,11.806165,2071
20744,r3i1p1f1,2071,10,18,0.0,27.611507,13.434044,2071
20745,r3i1p1f1,2071,10,19,0.0,27.45839,13.9978,2071
20746,r3i1p1f1,2071,10,20,0.0,25.823225,13.179263,2071
20747,r3i1p1f1,2071,10,21,0.0,22.358572,9.351106,2071
20748,r3i1p1f1,2071,10,22,0.5237949615129214,21.73409,9.414581,2071
20749,r3i1p1f1,2071,10,23,0.0,19.584883,5.6376457,2071
20750,r3i1p1f1,2071,10,24,0.8567495547719883,20.655136,8.644276,2071
20751,r3i1p1f1,2071,10,25,14.007193781612429,16.342613,6.086047,2071
20752,r3i1p1f1,2071,10,26,0.18357104349309916,12.658365,1.2396754,2071
20753,r3i1p1f1,2071,10,27,0.029605351085069054,17.487429,5.6546035,2071
20754,r3i1p1f1,2071,10,28,0.0,19.454868,7.0566506,2071
20755,r3i1p1f1,2071,10,29,0.0,19.175629,6.4556956,2071
20756,r3i1p1f1,2071,10,30,0.0,18.867517,7.2812247,2071
20757,r3i1p1f1,2071,10,31,0.0,20.857391,7.989829,2071
20758,r3i1p1f1,2071,11,01,0.0,22.34069,8.563817,2071
20759,r3i1p1f1,2071,11,02,0.0,21.64481,8.931327,2071
20760,r3i1p1f1,2071,11,03,0.0,23.750267,9.591917,2071
20761,r3i1p1f1,2071,11,04,0.0,26.785637,10.980169,2071
20762,r3i1p1f1,2071,11,05,0.0,26.906569,11.344441,2071
20763,r3i1p1f1,2071,11,06,0.0,25.916267,11.621331,2071
20764,r3i1p1f1,2071,11,07,8.000724147886187,23.818722,12.709249,2071
20765,r3i1p1f1,2071,11,08,0.01450906955472998,14.531555,4.5818906,2071
20766,r3i1p1f1,2071,11,09,0.0,17.004541,4.37899,2071
20767,r3i1p1f1,2071,11,10,0.0,18.135931,4.3327956,2071
20768,r3i1p1f1,2071,11,11,0.0,19.260572,4.5022388,2071
20769,r3i1p1f1,2071,11,12,1.8315334998307222,19.705517,8.221078,2071
20770,r3i1p1f1,2071,11,13,1.9839201578592607,15.476927,5.6615252,2071
20771,r3i1p1f1,2071,11,14,0.1871792717976763,17.04243,6.2416377,2071
20772,r3i1p1f1,2071,11,15,0.004549863197925416,18.731663,6.5973325,2071
20773,r3i1p1f1,2071,11,16,0.0011748004136748161,19.052198,6.544746,2071
20774,r3i1p1f1,2071,11,17,0.00819600166075609,16.91939,5.405987,2071
20775,r3i1p1f1,2071,11,18,0.0,16.4582,3.5055494,2071
20776,r3i1p1f1,2071,11,19,0.0,16.816797,4.157305,2071
20777,r3i1p1f1,2071,11,20,0.0,16.617918,4.128251,2071
20778,r3i1p1f1,2071,11,21,0.0,17.655983,3.4316902,2071
20779,r3i1p1f1,2071,11,22,0.2921028185427889,17.59764,6.0140753,2071
20780,r3i1p1f1,2071,11,23,0.02776497325226735,16.112474,4.5260625,2071
20781,r3i1p1f1,2071,11,24,0.0,18.092,5.1920114,2071
20782,r3i1p1f1,2071,11,25,23.783846892748084,19.856539,9.265611,2071
20783,r3i1p1f1,2071,11,26,0.811341182444735,14.9704895,7.0007796,2071
20784,r3i1p1f1,2071,11,27,0.0,13.321918,3.239306,2071
20785,r3i1p1f1,2071,11,28,0.0,17.355751,4.4173403,2071
20786,r3i1p1f1,2071,11,29,0.0,18.437374,5.8658576,2071
20787,r3i1p1f1,2071,11,30,0.0,17.450666,6.1483903,2071
20788,r3i1p1f1,2071,12,01,0.0,18.558516,6.4389124,2071
20789,r3i1p1f1,2071,12,02,0.0,18.36933,6.607994,2071
20790,r3i1p1f1,2071,12,03,0.0,18.605827,5.911308,2071
20791,r3i1p1f1,2071,12,04,0.0,18.942259,6.5316887,2071
20792,r3i1p1f1,2071,12,05,0.0,19.418371,6.3830333,2071
20793,r3i1p1f1,2071,12,06,0.0,18.093006,5.7488623,2071
20794,r3i1p1f1,2071,12,07,0.09121112830612357,16.19443,5.293581,2071
20795,r3i1p1f1,2071,12,08,0.033293389907075005,10.991438,0.69802433,2071
20796,r3i1p1f1,2071,12,09,0.21671897132226592,9.380969,-0.60540074,2071
20797,r3i1p1f1,2071,12,10,0.0,9.1733885,-3.1505888,2071
20798,r3i1p1f1,2071,12,11,0.3143818572403468,9.849869,0.5420847,2071
20799,r3i1p1f1,2071,12,12,0.017885200528794623,14.420095,1.121542,2071
20800,r3i1p1f1,2071,12,13,0.0,15.071912,1.2554239,2071
20801,r3i1p1f1,2071,12,14,0.0,13.559387,2.0822597,2071
20802,r3i1p1f1,2071,12,15,3.1755930946581596,11.8371105,4.2710133,2071
20803,r3i1p1f1,2071,12,16,5.551716011706793,15.617421,6.421614,2071
20804,r3i1p1f1,2071,12,17,0.0,15.468794,3.127405,2071
20805,r3i1p1f1,2071,12,18,0.24241979741694222,16.651781,6.487328,2071
20806,r3i1p1f1,2071,12,19,0.02424915613312006,16.148891,3.2969086,2071
20807,r3i1p1f1,2071,12,20,0.0,14.464294,3.5697281,2071
20808,r3i1p1f1,2071,12,21,0.0,14.744713,1.4668242,2071
20809,r3i1p1f1,2071,12,22,0.0,13.17323,0.46169996,2071
20810,r3i1p1f1,2071,12,23,0.0,13.757917,-0.011752124,2071
20811,r3i1p1f1,2071,12,24,0.0,14.705186,0.58722126,2071
20812,r3i1p1f1,2071,12,25,0.0,13.371157,0.58787805,2071
20813,r3i1p1f1,2071,12,26,0.6303387666704304,15.012604,3.5374048,2071
20814,r3i1p1f1,2071,12,27,4.424221225386701,12.571269,3.8530974,2071
20815,r3i1p1f1,2071,12,28,0.0283438836534818,10.952987,0.949224,2071
20816,r3i1p1f1,2071,12,29,0.0,12.329003,-1.1715416,2071
20817,r3i1p1f1,2071,12,30,0.1551631939709654,11.071524,-1.3626444,2071
20818,r3i1p1f1,2071,12,31,4.378541426697418,10.354549,1.5455978,2071
20819,r3i1p1f1,2072,01,01,7.423446645384433,10.915525,3.3236346,2072
20820,r3i1p1f1,2072,01,02,0.016668980233865142,11.218896,2.8648221,2072
20821,r3i1p1f1,2072,01,03,0.012859422312238055,12.991085,-0.14923733,2072
20822,r3i1p1f1,2072,01,04,0.0,12.265316,0.42178065,2072
20823,r3i1p1f1,2072,01,05,0.0,12.638116,0.77156764,2072
20824,r3i1p1f1,2072,01,06,0.0,13.735532,0.26441285,2072
20825,r3i1p1f1,2072,01,07,0.0,14.943887,0.87372726,2072
20826,r3i1p1f1,2072,01,08,0.0,16.367302,2.649981,2072
20827,r3i1p1f1,2072,01,09,0.0,16.253607,4.6702075,2072
20828,r3i1p1f1,2072,01,10,0.018219515358478846,14.142953,2.623846,2072
20829,r3i1p1f1,2072,01,11,4.121200283159189,16.250164,7.759575,2072
20830,r3i1p1f1,2072,01,12,8.039493447475692,17.125992,7.9818497,2072
20831,r3i1p1f1,2072,01,13,0.005074512257785748,14.81855,3.8516853,2072
20832,r3i1p1f1,2072,01,14,0.0,16.147459,2.0962431,2072
20833,r3i1p1f1,2072,01,15,0.0,16.338459,4.0114417,2072
20834,r3i1p1f1,2072,01,16,0.0,17.38884,4.3831525,2072
20835,r3i1p1f1,2072,01,17,0.0,17.398605,3.6471033,2072
20836,r3i1p1f1,2072,01,18,0.0,15.501541,2.0806887,2072
20837,r3i1p1f1,2072,01,19,0.0,14.977959,1.9863613,2072
20838,r3i1p1f1,2072,01,20,0.0,15.755347,1.5312471,2072
20839,r3i1p1f1,2072,01,21,0.0,15.417424,2.3165095,2072
20840,r3i1p1f1,2072,01,22,0.0,15.061509,1.8133323,2072
20841,r3i1p1f1,2072,01,23,0.0,11.22017,0.011145965,2072
20842,r3i1p1f1,2072,01,24,0.0,11.265356,-2.4514644,2072
20843,r3i1p1f1,2072,01,25,0.0,12.480791,0.17833473,2072
20844,r3i1p1f1,2072,01,26,0.0,12.749718,-0.0024397348,2072
20845,r3i1p1f1,2072,01,27,0.0,14.146355,0.38853872,2072
20846,r3i1p1f1,2072,01,28,0.0,15.297335,1.8216966,2072
20847,r3i1p1f1,2072,01,29,0.0,14.612016,1.393132,2072
20848,r3i1p1f1,2072,01,30,0.0,16.302612,2.030972,2072
20849,r3i1p1f1,2072,01,31,0.0,17.8884,2.3799706,2072
20850,r3i1p1f1,2072,02,01,0.0,16.879288,1.707154,2072
20851,r3i1p1f1,2072,02,02,0.0,15.881448,2.0460086,2072
20852,r3i1p1f1,2072,02,03,0.0,16.55617,1.3551745,2072
20853,r3i1p1f1,2072,02,04,0.0,16.936426,1.8099703,2072
20854,r3i1p1f1,2072,02,05,0.05252952001738419,16.370377,3.1248264,2072
20855,r3i1p1f1,2072,02,06,0.0552811900089375,14.128339,-0.32838902,2072
20856,r3i1p1f1,2072,02,07,0.08815407499875591,14.110809,1.7717649,2072
20857,r3i1p1f1,2072,02,08,0.02097871277356083,12.94413,-1.1583557,2072
20858,r3i1p1f1,2072,02,09,0.0,14.818573,-0.5028479,2072
20859,r3i1p1f1,2072,02,10,0.0,17.0701,0.9717888,2072
20860,r3i1p1f1,2072,02,11,0.0,18.781298,3.5995052,2072
20861,r3i1p1f1,2072,02,12,0.0,20.79441,6.14234,2072
20862,r3i1p1f1,2072,02,13,0.0,21.767002,5.8702083,2072
20863,r3i1p1f1,2072,02,14,0.0,22.662918,5.4538636,2072
20864,r3i1p1f1,2072,02,15,0.013379003602577459,22.075195,5.213966,2072
20865,r3i1p1f1,2072,02,16,16.523679346387876,16.804317,5.182825,2072
20866,r3i1p1f1,2072,02,17,6.548397210786017,13.279236,1.8095341,2072
20867,r3i1p1f1,2072,02,18,0.7448292220286737,12.869802,3.508043,2072
20868,r3i1p1f1,2072,02,19,5.846372640834571,11.843896,4.55745,2072
20869,r3i1p1f1,2072,02,20,0.0,13.424346,1.4446168,2072
20870,r3i1p1f1,2072,02,21,0.0,18.669558,2.9797392,2072
20871,r3i1p1f1,2072,02,22,0.0048642715961305484,17.570637,4.742653,2072
20872,r3i1p1f1,2072,02,23,1.2338863347665183,18.488047,6.6845813,2072
20873,r3i1p1f1,2072,02,24,0.0,19.511854,4.86125,2072
20874,r3i1p1f1,2072,02,25,0.0,20.385607,5.5363426,2072
20875,r3i1p1f1,2072,02,26,0.0,20.635525,7.407004,2072
20876,r3i1p1f1,2072,02,27,0.0,19.570065,6.268994,2072
20877,r3i1p1f1,2072,02,28,0.0,19.763689,5.932954,2072
20878,r3i1p1f1,2072,02,29,0.0,19.787027,6.984655,2072
20879,r3i1p1f1,2072,03,01,0.0,21.785673,5.6325502,2072
20880,r3i1p1f1,2072,03,02,0.0,21.07511,5.3787866,2072
20881,r3i1p1f1,2072,03,03,0.0,20.885502,4.598602,2072
20882,r3i1p1f1,2072,03,04,0.6701639730042162,18.124588,6.571575,2072
20883,r3i1p1f1,2072,03,05,0.0,17.038136,-0.012316854,2072
20884,r3i1p1f1,2072,03,06,0.0,17.487778,0.6272229,2072
20885,r3i1p1f1,2072,03,07,0.0028915362765308764,17.963352,0.7543183,2072
20886,r3i1p1f1,2072,03,08,8.877300931922175,13.23948,2.2656634,2072
20887,r3i1p1f1,2072,03,09,0.3048705373095634,12.898839,-0.23732951,2072
20888,r3i1p1f1,2072,03,10,0.024045954853522056,15.235499,-1.0916469,2072
20889,r3i1p1f1,2072,03,11,0.0,18.06403,0.7438644,2072
20890,r3i1p1f1,2072,03,12,0.0,16.727936,0.04627199,2072
20891,r3i1p1f1,2072,03,13,0.3174068878369133,15.036416,3.2566867,2072
20892,r3i1p1f1,2072,03,14,0.028552285600171395,19.5236,2.0087142,2072
20893,r3i1p1f1,2072,03,15,0.0,19.937954,3.2029324,2072
20894,r3i1p1f1,2072,03,16,0.0,21.591051,4.394833,2072
20895,r3i1p1f1,2072,03,17,0.0,25.126968,7.100415,2072
20896,r3i1p1f1,2072,03,18,0.0,28.486889,10.107159,2072
20897,r3i1p1f1,2072,03,19,0.0,29.758057,11.06738,2072
20898,r3i1p1f1,2072,03,20,0.0,30.403059,10.89804,2072
20899,r3i1p1f1,2072,03,21,0.06359574498274566,27.002298,6.952181,2072
20900,r3i1p1f1,2072,03,22,3.42064561449702,17.240147,5.1876245,2072
20901,r3i1p1f1,2072,03,23,0.14696303157093513,20.841888,4.1833677,2072
20902,r3i1p1f1,2072,03,24,0.0007248020759134581,23.083761,5.505728,2072
20903,r3i1p1f1,2072,03,25,0.2622169125926589,23.24463,6.5271287,2072
20904,r3i1p1f1,2072,03,26,0.5268463720913683,19.965975,7.17656,2072
20905,r3i1p1f1,2072,03,27,0.07205982292582506,18.516333,5.1624975,2072
20906,r3i1p1f1,2072,03,28,0.0,21.608046,3.4507382,2072
20907,r3i1p1f1,2072,03,29,0.0,23.868708,4.8644915,2072
20908,r3i1p1f1,2072,03,30,0.9746956655484004,21.735483,4.2800136,2072
20909,r3i1p1f1,2072,03,31,2.513295778654455,18.049398,4.21312,2072
20910,r3i1p1f1,2072,04,01,1.3532917345004203,19.584856,3.1378648,2072
20911,r3i1p1f1,2072,04,02,13.221469660709387,15.314327,5.427019,2072
20912,r3i1p1f1,2072,04,03,0.502253886460301,15.2261505,2.0376759,2072
20913,r3i1p1f1,2072,04,04,0.3980102209364607,16.294718,3.374871,2072
20914,r3i1p1f1,2072,04,05,0.016021005263389794,19.295834,2.771221,2072
20915,r3i1p1f1,2072,04,06,0.26423068152022705,18.868586,3.095371,2072
20916,r3i1p1f1,2072,04,07,0.38319697786584694,15.836867,4.303564,2072
20917,r3i1p1f1,2072,04,08,0.0,18.729406,1.8905455,2072
20918,r3i1p1f1,2072,04,09,0.0,22.309444,5.61495,2072
20919,r3i1p1f1,2072,04,10,0.007625104242999276,21.566505,5.5617013,2072
20920,r3i1p1f1,2072,04,11,0.6097736286276565,19.402172,5.201979,2072
20921,r3i1p1f1,2072,04,12,0.2946873647372492,15.739829,2.2670028,2072
20922,r3i1p1f1,2072,04,13,0.0,19.768255,1.6214125,2072
20923,r3i1p1f1,2072,04,14,0.0,20.649733,3.4568534,2072
20924,r3i1p1f1,2072,04,15,0.0,20.64999,3.9557638,2072
20925,r3i1p1f1,2072,04,16,0.0,21.465897,5.347709,2072
20926,r3i1p1f1,2072,04,17,0.0,23.765549,5.4407234,2072
20927,r3i1p1f1,2072,04,18,0.0,24.813538,5.242579,2072
20928,r3i1p1f1,2072,04,19,0.0,27.023603,8.272289,2072
20929,r3i1p1f1,2072,04,20,0.0,27.875256,8.551205,2072
20930,r3i1p1f1,2072,04,21,0.0,28.870752,9.543444,2072
20931,r3i1p1f1,2072,04,22,0.0,30.144442,10.619721,2072
20932,r3i1p1f1,2072,04,23,0.0,31.425173,11.7903185,2072
20933,r3i1p1f1,2072,04,24,0.0,34.77073,13.780385,2072
20934,r3i1p1f1,2072,04,25,0.0,33.062447,13.183083,2072
20935,r3i1p1f1,2072,04,26,0.0,32.741512,12.5148115,2072
20936,r3i1p1f1,2072,04,27,0.0,31.205467,10.831261,2072
20937,r3i1p1f1,2072,04,28,0.24383514850562665,24.023369,7.8836517,2072
20938,r3i1p1f1,2072,04,29,0.0,24.646688,5.5722957,2072
20939,r3i1p1f1,2072,04,30,0.0,27.309563,8.190511,2072
20940,r3i1p1f1,2072,05,01,0.0,28.142221,9.161343,2072
20941,r3i1p1f1,2072,05,02,0.0,29.08688,10.062623,2072
20942,r3i1p1f1,2072,05,03,0.0,29.282482,11.189323,2072
20943,r3i1p1f1,2072,05,04,0.0,28.064009,9.656114,2072
20944,r3i1p1f1,2072,05,05,0.0,24.986593,7.350948,2072
20945,r3i1p1f1,2072,05,06,0.0,26.342186,7.891109,2072
20946,r3i1p1f1,2072,05,07,0.0,28.724571,9.879698,2072
20947,r3i1p1f1,2072,05,08,0.0,31.920925,12.185063,2072
20948,r3i1p1f1,2072,05,09,0.0,33.022335,12.735354,2072
20949,r3i1p1f1,2072,05,10,0.0,32.08222,12.692685,2072
20950,r3i1p1f1,2072,05,11,0.07019869052411112,25.3141,8.756014,2072
20951,r3i1p1f1,2072,05,12,0.06359386856660643,23.112764,6.939507,2072
20952,r3i1p1f1,2072,05,13,0.0,31.087297,10.923122,2072
20953,r3i1p1f1,2072,05,14,0.0,36.04259,15.145385,2072
20954,r3i1p1f1,2072,05,15,0.0,34.934944,15.262897,2072
20955,r3i1p1f1,2072,05,16,0.0,33.769432,13.534264,2072
20956,r3i1p1f1,2072,05,17,0.0,31.472525,11.248608,2072
20957,r3i1p1f1,2072,05,18,0.19648239184541375,25.053131,8.190104,2072
20958,r3i1p1f1,2072,05,19,6.253640438569136,19.035976,5.6164536,2072
20959,r3i1p1f1,2072,05,20,0.03567007877405338,19.764223,2.8478663,2072
20960,r3i1p1f1,2072,05,21,0.00019371848214756358,20.074234,2.8766122,2072
20961,r3i1p1f1,2072,05,22,0.06112870233747261,19.443277,3.494266,2072
20962,r3i1p1f1,2072,05,23,0.0,21.418308,4.200941,2072
20963,r3i1p1f1,2072,05,24,0.0,27.018105,7.197076,2072
20964,r3i1p1f1,2072,05,25,0.0,28.410202,8.849968,2072
20965,r3i1p1f1,2072,05,26,0.002218836382257216,26.686075,10.224574,2072
20966,r3i1p1f1,2072,05,27,0.006073635339624051,24.284445,7.1705832,2072
20967,r3i1p1f1,2072,05,28,0.0,23.195234,5.1714582,2072
20968,r3i1p1f1,2072,05,29,0.0,28.405521,8.9091,2072
20969,r3i1p1f1,2072,05,30,0.0,32.36173,13.539926,2072
20970,r3i1p1f1,2072,05,31,0.0,35.38189,16.695143,2072
20971,r3i1p1f1,2072,06,01,0.0,35.119404,15.116757,2072
20972,r3i1p1f1,2072,06,02,0.0,29.712658,11.8630085,2072
20973,r3i1p1f1,2072,06,03,0.010616359597241337,25.657019,9.792474,2072
20974,r3i1p1f1,2072,06,04,0.0,31.438622,13.134189,2072
20975,r3i1p1f1,2072,06,05,0.0,36.40278,15.506815,2072
20976,r3i1p1f1,2072,06,06,0.0,37.705814,16.982811,2072
20977,r3i1p1f1,2072,06,07,0.0,37.508335,17.123365,2072
20978,r3i1p1f1,2072,06,08,0.0,37.012383,16.73818,2072
20979,r3i1p1f1,2072,06,09,0.0,35.37684,17.14905,2072
20980,r3i1p1f1,2072,06,10,0.0,35.448288,15.680261,2072
20981,r3i1p1f1,2072,06,11,0.0,32.12923,12.969386,2072
20982,r3i1p1f1,2072,06,12,0.0,28.365435,11.377704,2072
20983,r3i1p1f1,2072,06,13,0.0,30.367838,12.277574,2072
20984,r3i1p1f1,2072,06,14,0.0,32.182663,12.9532175,2072
20985,r3i1p1f1,2072,06,15,0.0,30.795984,14.414033,2072
20986,r3i1p1f1,2072,06,16,0.0,32.858444,13.115245,2072
20987,r3i1p1f1,2072,06,17,0.0,36.51941,16.757956,2072
20988,r3i1p1f1,2072,06,18,0.0,40.612915,20.122782,2072
20989,r3i1p1f1,2072,06,19,0.0,40.638382,20.49974,2072
20990,r3i1p1f1,2072,06,20,0.0,35.25516,16.094559,2072
20991,r3i1p1f1,2072,06,21,0.0,31.613672,13.726101,2072
20992,r3i1p1f1,2072,06,22,0.0,32.76403,14.07567,2072
20993,r3i1p1f1,2072,06,23,0.0,35.624256,16.247831,2072
20994,r3i1p1f1,2072,06,24,0.0,34.10369,16.423563,2072
20995,r3i1p1f1,2072,06,25,0.0,33.37295,15.07926,2072
20996,r3i1p1f1,2072,06,26,0.0,32.284637,13.755659,2072
20997,r3i1p1f1,2072,06,27,0.0,29.25238,11.577133,2072
20998,r3i1p1f1,2072,06,28,0.0,27.807768,11.467884,2072
20999,r3i1p1f1,2072,06,29,0.003655131793383396,25.118008,9.997636,2072
21000,r3i1p1f1,2072,06,30,0.0,25.627306,8.542107,2072
21001,r3i1p1f1,2072,07,01,0.0,28.778753,11.176154,2072
21002,r3i1p1f1,2072,07,02,0.0,32.65666,14.655166,2072
21003,r3i1p1f1,2072,07,03,0.0,34.270855,16.053513,2072
21004,r3i1p1f1,2072,07,04,0.0,35.2216,16.19462,2072
21005,r3i1p1f1,2072,07,05,0.0,35.9019,16.667006,2072
21006,r3i1p1f1,2072,07,06,0.0,37.248947,17.227518,2072
21007,r3i1p1f1,2072,07,07,0.0,36.993027,18.771301,2072
21008,r3i1p1f1,2072,07,08,0.0,36.712692,17.457935,2072
21009,r3i1p1f1,2072,07,09,0.0,33.311447,16.163618,2072
21010,r3i1p1f1,2072,07,10,0.0,31.04086,14.635887,2072
21011,r3i1p1f1,2072,07,11,0.0,32.181225,15.550072,2072
21012,r3i1p1f1,2072,07,12,0.0,35.61532,17.419666,2072
21013,r3i1p1f1,2072,07,13,0.0014548878552335682,36.163868,18.207056,2072
21014,r3i1p1f1,2072,07,14,0.07626013917615637,38.233135,19.145622,2072
21015,r3i1p1f1,2072,07,15,0.08474140950552696,39.033012,20.79122,2072
21016,r3i1p1f1,2072,07,16,0.010618585453784996,38.38874,20.483274,2072
21017,r3i1p1f1,2072,07,17,0.0,37.877716,20.424454,2072
21018,r3i1p1f1,2072,07,18,0.0,38.754543,21.333902,2072
21019,r3i1p1f1,2072,07,19,0.0,38.24716,21.2689,2072
21020,r3i1p1f1,2072,07,20,0.0,38.999672,19.948692,2072
21021,r3i1p1f1,2072,07,21,0.0,39.628258,19.845552,2072
21022,r3i1p1f1,2072,07,22,0.0,39.883465,20.26731,2072
21023,r3i1p1f1,2072,07,23,0.0,39.232304,20.795036,2072
21024,r3i1p1f1,2072,07,24,0.0,37.61928,20.70815,2072
21025,r3i1p1f1,2072,07,25,0.1543769144954047,37.495586,20.645905,2072
21026,r3i1p1f1,2072,07,26,0.0,37.338886,21.06321,2072
21027,r3i1p1f1,2072,07,27,0.0,36.762486,20.590786,2072
21028,r3i1p1f1,2072,07,28,0.649802968370998,35.833496,20.772394,2072
21029,r3i1p1f1,2072,07,29,0.0,33.40816,18.263872,2072
21030,r3i1p1f1,2072,07,30,0.0,35.84422,17.367159,2072
21031,r3i1p1f1,2072,07,31,0.0,37.08411,18.346308,2072
21032,r3i1p1f1,2072,08,01,0.0,38.267223,18.986164,2072
21033,r3i1p1f1,2072,08,02,0.014892679411621595,39.051403,19.910471,2072
21034,r3i1p1f1,2072,08,03,0.3423062716407885,39.732635,19.699186,2072
21035,r3i1p1f1,2072,08,04,0.959393895020846,38.36572,20.807611,2072
21036,r3i1p1f1,2072,08,05,0.12501829335550693,38.703625,20.527094,2072
21037,r3i1p1f1,2072,08,06,0.15957504084905272,38.00751,21.481604,2072
21038,r3i1p1f1,2072,08,07,0.14403095132861796,36.7786,19.785656,2072
21039,r3i1p1f1,2072,08,08,0.0,36.12133,18.984123,2072
21040,r3i1p1f1,2072,08,09,0.0,35.3177,18.861279,2072
21041,r3i1p1f1,2072,08,10,0.25614052614621347,35.312088,19.957432,2072
21042,r3i1p1f1,2072,08,11,0.005508358074373312,36.88516,19.060848,2072
21043,r3i1p1f1,2072,08,12,0.0,37.527454,18.50671,2072
21044,r3i1p1f1,2072,08,13,0.0,38.24796,18.15449,2072
21045,r3i1p1f1,2072,08,14,0.004132775321715709,38.222088,19.843006,2072
21046,r3i1p1f1,2072,08,15,0.0,36.575783,17.314919,2072
21047,r3i1p1f1,2072,08,16,0.0,29.368929,14.819464,2072
21048,r3i1p1f1,2072,08,17,0.004012581581870715,28.469152,15.665208,2072
21049,r3i1p1f1,2072,08,18,0.13798537171996114,30.467154,16.286299,2072
21050,r3i1p1f1,2072,08,19,3.5134092269501336,33.45115,17.734571,2072
21051,r3i1p1f1,2072,08,20,4.126337652679385,34.098114,18.719297,2072
21052,r3i1p1f1,2072,08,21,3.4718227723702153,33.889004,18.873215,2072
21053,r3i1p1f1,2072,08,22,0.017872332510623066,32.055904,16.57416,2072
21054,r3i1p1f1,2072,08,23,0.0014225833795287392,32.172543,16.645967,2072
21055,r3i1p1f1,2072,08,24,0.0,31.103292,15.959077,2072
21056,r3i1p1f1,2072,08,25,0.0,33.05463,17.735434,2072
21057,r3i1p1f1,2072,08,26,0.001665046861903234,33.877754,16.552227,2072
21058,r3i1p1f1,2072,08,27,0.0,33.34678,16.269854,2072
21059,r3i1p1f1,2072,08,28,0.0,34.949394,16.597097,2072
21060,r3i1p1f1,2072,08,29,0.0,35.478302,18.085554,2072
21061,r3i1p1f1,2072,08,30,0.31791955364028446,34.942047,18.07768,2072
21062,r3i1p1f1,2072,08,31,0.02691393491466332,33.335045,16.215904,2072
21063,r3i1p1f1,2072,09,01,0.0,35.264267,18.074102,2072
21064,r3i1p1f1,2072,09,02,0.0,37.67473,19.270674,2072
21065,r3i1p1f1,2072,09,03,0.7575315480448118,37.907547,22.237465,2072
21066,r3i1p1f1,2072,09,04,0.41232644944543473,37.180767,19.705006,2072
21067,r3i1p1f1,2072,09,05,1.817403883382502,36.441574,21.709023,2072
21068,r3i1p1f1,2072,09,06,0.03679865015190885,37.981506,21.174208,2072
21069,r3i1p1f1,2072,09,07,0.01748241934172146,38.397396,21.101185,2072
21070,r3i1p1f1,2072,09,08,0.13605842050200215,37.18245,20.265547,2072
21071,r3i1p1f1,2072,09,09,0.006880309806685104,36.891953,19.947853,2072
21072,r3i1p1f1,2072,09,10,0.0026712631524512262,37.27217,20.269932,2072
21073,r3i1p1f1,2072,09,11,0.03793076038798035,37.387775,20.375715,2072
21074,r3i1p1f1,2072,09,12,0.0,36.39247,19.63463,2072
21075,r3i1p1f1,2072,09,13,0.0,35.230423,17.945677,2072
21076,r3i1p1f1,2072,09,14,0.0,34.75372,18.148365,2072
21077,r3i1p1f1,2072,09,15,0.0,34.355183,17.811258,2072
21078,r3i1p1f1,2072,09,16,0.0,36.19694,18.423498,2072
21079,r3i1p1f1,2072,09,17,0.0,37.850563,19.735647,2072
21080,r3i1p1f1,2072,09,18,0.0,38.42712,21.072664,2072
21081,r3i1p1f1,2072,09,19,0.0,38.312454,20.95156,2072
21082,r3i1p1f1,2072,09,20,0.08066764287253715,37.56761,20.791172,2072
21083,r3i1p1f1,2072,09,21,1.8056448205960476,34.446655,22.100285,2072
21084,r3i1p1f1,2072,09,22,0.02321745338759463,34.085175,18.944067,2072
21085,r3i1p1f1,2072,09,23,13.844978117814401,31.87834,17.923653,2072
21086,r3i1p1f1,2072,09,24,32.11127639734486,24.392365,13.78989,2072
21087,r3i1p1f1,2072,09,25,1.4623086609434253,20.049883,9.898213,2072
21088,r3i1p1f1,2072,09,26,0.0268468652873046,20.398468,8.202884,2072
21089,r3i1p1f1,2072,09,27,0.0,22.15194,9.962398,2072
21090,r3i1p1f1,2072,09,28,0.0007182900497520512,22.528255,10.449454,2072
21091,r3i1p1f1,2072,09,29,0.06679402041658195,21.743774,9.901486,2072
21092,r3i1p1f1,2072,09,30,0.0,20.166624,8.57791,2072
21093,r3i1p1f1,2072,10,01,0.0,20.800556,8.974539,2072
21094,r3i1p1f1,2072,10,02,0.0,23.622528,10.439716,2072
21095,r3i1p1f1,2072,10,03,0.0,24.918274,12.006583,2072
21096,r3i1p1f1,2072,10,04,0.0,24.229872,11.912378,2072
21097,r3i1p1f1,2072,10,05,0.0,27.44258,12.897895,2072
21098,r3i1p1f1,2072,10,06,0.0,31.671398,15.378288,2072
21099,r3i1p1f1,2072,10,07,0.0,33.31214,16.271223,2072
21100,r3i1p1f1,2072,10,08,0.0,35.377995,17.626928,2072
21101,r3i1p1f1,2072,10,09,0.0,36.051983,18.463373,2072
21102,r3i1p1f1,2072,10,10,0.0,33.632114,16.992168,2072
21103,r3i1p1f1,2072,10,11,0.0,28.309904,14.166595,2072
21104,r3i1p1f1,2072,10,12,0.0,29.346962,13.762958,2072
21105,r3i1p1f1,2072,10,13,0.0,31.12862,14.411669,2072
21106,r3i1p1f1,2072,10,14,0.0022666583853689108,32.48995,15.4038,2072
21107,r3i1p1f1,2072,10,15,0.0,33.994194,15.91471,2072
21108,r3i1p1f1,2072,10,16,0.0,33.732468,15.912409,2072
21109,r3i1p1f1,2072,10,17,0.0199109751547715,30.095234,14.591518,2072
21110,r3i1p1f1,2072,10,18,0.0,23.734274,11.539911,2072
21111,r3i1p1f1,2072,10,19,0.0,22.783993,9.661169,2072
21112,r3i1p1f1,2072,10,20,0.01593611547970354,24.055058,12.168229,2072
21113,r3i1p1f1,2072,10,21,0.0005451109874146906,25.572683,12.06577,2072
21114,r3i1p1f1,2072,10,22,0.0,25.90624,10.653824,2072
21115,r3i1p1f1,2072,10,23,0.0,25.688389,12.050902,2072
21116,r3i1p1f1,2072,10,24,0.017001195775457854,23.284779,11.393225,2072
21117,r3i1p1f1,2072,10,25,0.0,22.81338,6.782084,2072
21118,r3i1p1f1,2072,10,26,0.0,23.151924,9.006305,2072
21119,r3i1p1f1,2072,10,27,0.0,21.924116,8.707208,2072
21120,r3i1p1f1,2072,10,28,0.0,19.287909,6.8456287,2072
21121,r3i1p1f1,2072,10,29,0.0,17.704376,5.3835297,2072
21122,r3i1p1f1,2072,10,30,0.0,19.460234,3.8953779,2072
21123,r3i1p1f1,2072,10,31,0.0,24.146646,8.509822,2072
21124,r3i1p1f1,2072,11,01,0.0,26.781721,10.539831,2072
21125,r3i1p1f1,2072,11,02,0.0,27.433573,9.632862,2072
21126,r3i1p1f1,2072,11,03,1.274166355317103,26.084213,11.508753,2072
21127,r3i1p1f1,2072,11,04,5.524543035363339,15.588649,7.545969,2072
21128,r3i1p1f1,2072,11,05,2.813908245008144,15.838738,5.3997393,2072
21129,r3i1p1f1,2072,11,06,0.018176625510959915,16.483603,4.8414516,2072
21130,r3i1p1f1,2072,11,07,0.16610413834369506,17.526701,5.5449705,2072
21131,r3i1p1f1,2072,11,08,28.538039581454182,15.153321,7.9917045,2072
21132,r3i1p1f1,2072,11,09,0.0,14.799146,2.588469,2072
21133,r3i1p1f1,2072,11,10,1.323399126966692,15.938493,5.196734,2072
21134,r3i1p1f1,2072,11,11,13.84741894174085,13.774633,6.7113085,2072
21135,r3i1p1f1,2072,11,12,0.008964779818515208,11.798218,1.5450001,2072
21136,r3i1p1f1,2072,11,13,0.0,13.289106,1.0801334,2072
21137,r3i1p1f1,2072,11,14,0.0,16.082039,3.4361928,2072
21138,r3i1p1f1,2072,11,15,0.0,18.096893,5.055191,2072
21139,r3i1p1f1,2072,11,16,0.0,17.727003,5.8603473,2072
21140,r3i1p1f1,2072,11,17,0.14773538044017076,17.177437,6.813823,2072
21141,r3i1p1f1,2072,11,18,0.0,15.403093,3.3590856,2072
21142,r3i1p1f1,2072,11,19,0.0,14.762341,3.2343855,2072
21143,r3i1p1f1,2072,11,20,0.0,16.84796,5.0136867,2072
21144,r3i1p1f1,2072,11,21,0.0,19.67101,5.990423,2072
21145,r3i1p1f1,2072,11,22,0.0,20.34598,7.01815,2072
21146,r3i1p1f1,2072,11,23,0.0,20.546139,7.13206,2072
21147,r3i1p1f1,2072,11,24,0.0,18.867352,6.202272,2072
21148,r3i1p1f1,2072,11,25,0.0,16.589127,4.0764256,2072
21149,r3i1p1f1,2072,11,26,15.129598557279238,16.781656,6.7581387,2072
21150,r3i1p1f1,2072,11,27,14.227620180132693,15.967515,6.5673013,2072
21151,r3i1p1f1,2072,11,28,0.5887799622282865,13.549699,4.1837797,2072
21152,r3i1p1f1,2072,11,29,0.6426175557877204,14.860387,4.5984087,2072
21153,r3i1p1f1,2072,11,30,16.361993313727602,19.302002,8.116095,2072
21154,r3i1p1f1,2072,12,01,3.9048443169612614,18.699684,10.154163,2072
21155,r3i1p1f1,2072,12,02,0.1809825480714525,14.975768,4.802974,2072
21156,r3i1p1f1,2072,12,03,0.1865283330797948,12.151477,1.0105128,2072
21157,r3i1p1f1,2072,12,04,19.54822848150136,13.772133,5.2017164,2072
21158,r3i1p1f1,2072,12,05,5.5696962201038716,15.369602,7.256536,2072
21159,r3i1p1f1,2072,12,06,4.880076924711113,14.157874,4.3131537,2072
21160,r3i1p1f1,2072,12,07,1.620275499840318,12.774663,4.718677,2072
21161,r3i1p1f1,2072,12,08,0.00046728020110590893,12.537542,0.05698571,2072
21162,r3i1p1f1,2072,12,09,0.0,12.385624,-0.07149173,2072
21163,r3i1p1f1,2072,12,10,0.00016066775777179635,11.701764,1.098646,2072
21164,r3i1p1f1,2072,12,11,0.5782852583808673,11.440809,2.7348177,2072
21165,r3i1p1f1,2072,12,12,0.1346298934235661,11.085264,2.7048378,2072
21166,r3i1p1f1,2072,12,13,0.004381756580462961,16.121073,3.6001046,2072
21167,r3i1p1f1,2072,12,14,0.00106505188865192,16.714455,3.416926,2072
21168,r3i1p1f1,2072,12,15,0.0,15.342109,2.8382251,2072
21169,r3i1p1f1,2072,12,16,1.1130898290756512,14.109053,1.66679,2072
21170,r3i1p1f1,2072,12,17,13.262738177736262,11.184268,3.465778,2072
21171,r3i1p1f1,2072,12,18,7.971510617604839,12.633933,3.9423935,2072
21172,r3i1p1f1,2072,12,19,0.5757222776953836,12.314189,4.5236254,2072
21173,r3i1p1f1,2072,12,20,0.19817387652258758,13.114391,2.262333,2072
21174,r3i1p1f1,2072,12,21,0.00929462366030114,13.5731125,1.0253413,2072
21175,r3i1p1f1,2072,12,22,0.0,14.619848,2.8000982,2072
21176,r3i1p1f1,2072,12,23,0.0,14.32531,2.5898705,2072
21177,r3i1p1f1,2072,12,24,0.0,15.952443,5.028156,2072
21178,r3i1p1f1,2072,12,25,0.05314625124535241,15.790697,4.120713,2072
21179,r3i1p1f1,2072,12,26,0.06455469902985814,15.818701,3.1840112,2072
21180,r3i1p1f1,2072,12,27,0.0,16.3776,3.9103992,2072
21181,r3i1p1f1,2072,12,28,0.0,15.046559,3.8371115,2072
21182,r3i1p1f1,2072,12,29,0.025164432216005287,13.660989,5.2446127,2072
21183,r3i1p1f1,2072,12,30,0.0,14.094443,1.948734,2072
21184,r3i1p1f1,2072,12,31,0.0,16.24255,3.597322,2072
21185,r3i1p1f1,2073,01,01,0.0,19.20908,6.1990447,2073
21186,r3i1p1f1,2073,01,02,0.0,20.123966,6.609253,2073
21187,r3i1p1f1,2073,01,03,0.026413746661891117,18.114677,5.854578,2073
21188,r3i1p1f1,2073,01,04,0.4201061467370671,18.316008,5.993745,2073
21189,r3i1p1f1,2073,01,05,0.09736835385080088,20.391365,7.0337987,2073
21190,r3i1p1f1,2073,01,06,0.0,21.21398,7.804116,2073
21191,r3i1p1f1,2073,01,07,0.0,20.744701,7.521826,2073
21192,r3i1p1f1,2073,01,08,0.0,20.666368,7.3359647,2073
21193,r3i1p1f1,2073,01,09,0.00036651690165992034,20.14371,7.033802,2073
21194,r3i1p1f1,2073,01,10,0.16055127846288308,19.55779,8.5859,2073
21195,r3i1p1f1,2073,01,11,18.255832344761018,17.753845,7.1674557,2073
21196,r3i1p1f1,2073,01,12,0.0,9.521201,0.2860019,2073
21197,r3i1p1f1,2073,01,13,11.253673387990133,10.422465,3.4803002,2073
21198,r3i1p1f1,2073,01,14,0.025713396616717517,12.657283,0.82042867,2073
21199,r3i1p1f1,2073,01,15,2.1954252787746196,11.499472,1.2771832,2073
21200,r3i1p1f1,2073,01,16,41.280231204273704,12.170657,5.2760844,2073
21201,r3i1p1f1,2073,01,17,25.45779688287329,16.016642,5.725191,2073
21202,r3i1p1f1,2073,01,18,0.17150067370631872,13.286204,1.6341418,2073
21203,r3i1p1f1,2073,01,19,7.337687853842826,11.0019455,0.47227165,2073
21204,r3i1p1f1,2073,01,20,5.9226117745884315,12.881023,3.5529013,2073
21205,r3i1p1f1,2073,01,21,16.4759247757849,15.6561165,6.579712,2073
21206,r3i1p1f1,2073,01,22,2.6250333267605375,17.249264,7.82626,2073
21207,r3i1p1f1,2073,01,23,6.255822259144307,17.029545,5.5129824,2073
21208,r3i1p1f1,2073,01,24,41.92884226528942,15.794933,8.059867,2073
21209,r3i1p1f1,2073,01,25,27.783207170838125,16.987728,8.348808,2073
21210,r3i1p1f1,2073,01,26,31.801243402331956,15.36674,6.287526,2073
21211,r3i1p1f1,2073,01,27,17.645555850774116,11.131085,4.1607146,2073
21212,r3i1p1f1,2073,01,28,0.04044107742656982,12.132905,0.87573016,2073
21213,r3i1p1f1,2073,01,29,0.0,15.864555,2.417876,2073
21214,r3i1p1f1,2073,01,30,0.000378097614553884,16.959404,3.7713034,2073
21215,r3i1p1f1,2073,01,31,0.3468270258031398,17.085798,4.9159923,2073
21216,r3i1p1f1,2073,02,01,0.08429629104891016,17.587696,4.728936,2073
21217,r3i1p1f1,2073,02,02,0.006848426752240453,19.024633,5.6147313,2073
21218,r3i1p1f1,2073,02,03,3.2873418698396892,18.402563,7.9351096,2073
21219,r3i1p1f1,2073,02,04,0.5410210240546748,16.481144,5.1803894,2073
21220,r3i1p1f1,2073,02,05,6.436615121172949,18.36377,9.140725,2073
21221,r3i1p1f1,2073,02,06,10.042800668258652,17.841805,9.840846,2073
21222,r3i1p1f1,2073,02,07,11.725510819476657,14.073789,3.351382,2073
21223,r3i1p1f1,2073,02,08,0.0,16.542717,2.1207697,2073
21224,r3i1p1f1,2073,02,09,0.0,18.32402,3.3460608,2073
21225,r3i1p1f1,2073,02,10,0.0,18.411549,3.8307576,2073
21226,r3i1p1f1,2073,02,11,0.0,18.488338,4.674543,2073
21227,r3i1p1f1,2073,02,12,2.7321254248552878,18.546778,6.5622263,2073
21228,r3i1p1f1,2073,02,13,0.019009110284528244,14.800109,2.9451702,2073
21229,r3i1p1f1,2073,02,14,0.0,14.880917,0.91141444,2073
21230,r3i1p1f1,2073,02,15,0.5490532663481479,16.237589,3.7002788,2073
21231,r3i1p1f1,2073,02,16,4.631565433430131,16.441547,4.422372,2073
21232,r3i1p1f1,2073,02,17,1.7214636887034762,16.095654,3.1188512,2073
21233,r3i1p1f1,2073,02,18,3.0630332506872504,15.24597,4.462087,2073
21234,r3i1p1f1,2073,02,19,4.970366072696268,15.412875,3.5319748,2073
21235,r3i1p1f1,2073,02,20,0.5994877620788898,13.533531,3.3680618,2073
21236,r3i1p1f1,2073,02,21,0.16700285150970254,16.110487,2.900401,2073
21237,r3i1p1f1,2073,02,22,0.0,18.401176,3.1878052,2073
21238,r3i1p1f1,2073,02,23,0.0,18.810448,4.0167675,2073
21239,r3i1p1f1,2073,02,24,0.0,17.987078,4.695633,2073
21240,r3i1p1f1,2073,02,25,0.0,18.90524,3.6370778,2073
21241,r3i1p1f1,2073,02,26,0.0,21.11546,5.5755568,2073
21242,r3i1p1f1,2073,02,27,0.0,22.501715,6.80119,2073
21243,r3i1p1f1,2073,02,28,0.0,22.837633,8.506922,2073
21244,r3i1p1f1,2073,03,01,0.009449244799642738,21.239555,7.5280066,2073
21245,r3i1p1f1,2073,03,02,0.7177012677218018,20.12262,4.3075113,2073
21246,r3i1p1f1,2073,03,03,0.09090048923760398,17.586061,3.3479612,2073
21247,r3i1p1f1,2073,03,04,8.290808621664342,17.147099,5.070365,2073
21248,r3i1p1f1,2073,03,05,3.913147861711133,14.008584,4.4123554,2073
21249,r3i1p1f1,2073,03,06,0.00012527852408256325,14.220178,-0.67134583,2073
21250,r3i1p1f1,2073,03,07,0.7106822431529564,16.599072,5.3302445,2073
21251,r3i1p1f1,2073,03,08,4.465055418913835,17.65722,6.5161667,2073
21252,r3i1p1f1,2073,03,09,0.964023986635959,18.52544,7.6014237,2073
21253,r3i1p1f1,2073,03,10,0.0,19.454653,3.652231,2073
21254,r3i1p1f1,2073,03,11,0.0,18.514624,3.9707816,2073
21255,r3i1p1f1,2073,03,12,0.3854010616884228,16.636364,4.8770924,2073
21256,r3i1p1f1,2073,03,13,0.0,15.200886,0.6421514,2073
21257,r3i1p1f1,2073,03,14,0.0,18.261988,1.2528288,2073
21258,r3i1p1f1,2073,03,15,0.0,20.20489,2.927506,2073
21259,r3i1p1f1,2073,03,16,0.0,21.119175,3.9930108,2073
21260,r3i1p1f1,2073,03,17,0.0,21.792238,5.562358,2073
21261,r3i1p1f1,2073,03,18,0.0,22.775894,6.529501,2073
21262,r3i1p1f1,2073,03,19,0.0,24.389017,6.3035407,2073
21263,r3i1p1f1,2073,03,20,0.0,25.568811,7.7163405,2073
21264,r3i1p1f1,2073,03,21,0.0,26.684431,8.612389,2073
21265,r3i1p1f1,2073,03,22,0.0,26.169743,8.114882,2073
21266,r3i1p1f1,2073,03,23,0.005784604802487813,20.99281,4.4452677,2073
21267,r3i1p1f1,2073,03,24,0.001232980355394609,16.400404,3.4308054,2073
21268,r3i1p1f1,2073,03,25,0.003497867172964933,18.366497,0.78845465,2073
21269,r3i1p1f1,2073,03,26,0.0,21.938307,3.4264076,2073
21270,r3i1p1f1,2073,03,27,0.0,23.538141,4.2275114,2073
21271,r3i1p1f1,2073,03,28,0.0,22.962593,5.7536845,2073
21272,r3i1p1f1,2073,03,29,0.0,24.843967,7.021768,2073
21273,r3i1p1f1,2073,03,30,0.0,25.908068,6.954115,2073
21274,r3i1p1f1,2073,03,31,0.0,25.320364,7.893266,2073
21275,r3i1p1f1,2073,04,01,0.0,24.371176,6.2306547,2073
21276,r3i1p1f1,2073,04,02,0.0,27.86391,8.889235,2073
21277,r3i1p1f1,2073,04,03,0.0,33.03672,12.926601,2073
21278,r3i1p1f1,2073,04,04,0.0,36.72594,16.006226,2073
21279,r3i1p1f1,2073,04,05,0.0,36.195553,15.515717,2073
21280,r3i1p1f1,2073,04,06,0.0,31.967386,11.71096,2073
21281,r3i1p1f1,2073,04,07,0.0,28.655806,8.410243,2073
21282,r3i1p1f1,2073,04,08,4.183980026077321,22.53311,4.7452574,2073
21283,r3i1p1f1,2073,04,09,1.4145307781743186,16.39869,4.019757,2073
21284,r3i1p1f1,2073,04,10,0.0,21.62922,2.8924065,2073
21285,r3i1p1f1,2073,04,11,0.0,26.581371,6.7063885,2073
21286,r3i1p1f1,2073,04,12,0.0,27.844912,9.916277,2073
21287,r3i1p1f1,2073,04,13,0.0,26.947756,7.0969477,2073
21288,r3i1p1f1,2073,04,14,0.0,22.130484,4.6858263,2073
21289,r3i1p1f1,2073,04,15,0.003649109646423974,16.556875,-0.7290618,2073
21290,r3i1p1f1,2073,04,16,0.0,22.025911,2.1672657,2073
21291,r3i1p1f1,2073,04,17,0.0,26.22495,4.96507,2073
21292,r3i1p1f1,2073,04,18,0.0,24.668755,6.544564,2073
21293,r3i1p1f1,2073,04,19,0.0,22.08897,3.9362426,2073
21294,r3i1p1f1,2073,04,20,0.0,22.909767,3.6956632,2073
21295,r3i1p1f1,2073,04,21,0.0,25.538162,5.922322,2073
21296,r3i1p1f1,2073,04,22,0.0,25.791859,5.84541,2073
21297,r3i1p1f1,2073,04,23,0.0,29.733452,9.304644,2073
21298,r3i1p1f1,2073,04,24,0.0,33.403748,12.686586,2073
21299,r3i1p1f1,2073,04,25,0.0,33.811104,13.222801,2073
21300,r3i1p1f1,2073,04,26,0.0,32.45467,12.162175,2073
21301,r3i1p1f1,2073,04,27,0.0,28.681488,9.137992,2073
21302,r3i1p1f1,2073,04,28,0.0040442240953614764,22.833967,6.4938674,2073
21303,r3i1p1f1,2073,04,29,0.0,21.303371,5.2458787,2073
21304,r3i1p1f1,2073,04,30,0.0,27.635342,7.834141,2073
21305,r3i1p1f1,2073,05,01,0.0,31.447468,12.421423,2073
21306,r3i1p1f1,2073,05,02,0.0,32.9691,12.643531,2073
21307,r3i1p1f1,2073,05,03,0.0,33.09837,12.816085,2073
21308,r3i1p1f1,2073,05,04,0.0,30.57588,11.955872,2073
21309,r3i1p1f1,2073,05,05,0.0,27.286104,8.765739,2073
21310,r3i1p1f1,2073,05,06,0.0,26.00659,7.6065965,2073
21311,r3i1p1f1,2073,05,07,0.0,26.834728,7.272196,2073
21312,r3i1p1f1,2073,05,08,0.0,30.437576,10.121701,2073
21313,r3i1p1f1,2073,05,09,0.0,29.980244,10.152769,2073
21314,r3i1p1f1,2073,05,10,0.40746310816619813,21.789927,6.4218287,2073
21315,r3i1p1f1,2073,05,11,0.29247438270513987,18.3448,3.1997812,2073
21316,r3i1p1f1,2073,05,12,0.04174563492239086,25.390072,5.5869794,2073
21317,r3i1p1f1,2073,05,13,0.0,28.977978,9.786318,2073
21318,r3i1p1f1,2073,05,14,0.0,30.2848,9.946347,2073
21319,r3i1p1f1,2073,05,15,0.0,30.583197,10.033673,2073
21320,r3i1p1f1,2073,05,16,0.0,31.548172,13.2707815,2073
21321,r3i1p1f1,2073,05,17,0.0,35.51299,15.286641,2073
21322,r3i1p1f1,2073,05,18,0.0,35.29528,14.750384,2073
21323,r3i1p1f1,2073,05,19,0.0,32.03166,11.996233,2073
21324,r3i1p1f1,2073,05,20,0.0,27.597395,9.37028,2073
21325,r3i1p1f1,2073,05,21,0.0,29.523636,10.299033,2073
21326,r3i1p1f1,2073,05,22,0.0,29.8329,10.890443,2073
21327,r3i1p1f1,2073,05,23,0.0,27.85512,8.829394,2073
21328,r3i1p1f1,2073,05,24,0.0,27.669329,7.8415475,2073
21329,r3i1p1f1,2073,05,25,0.0,31.894444,12.279428,2073
21330,r3i1p1f1,2073,05,26,0.0,36.47824,16.461683,2073
21331,r3i1p1f1,2073,05,27,0.0,37.90539,16.886665,2073
21332,r3i1p1f1,2073,05,28,0.0,37.600822,17.061815,2073
21333,r3i1p1f1,2073,05,29,0.0,35.80609,15.530012,2073
21334,r3i1p1f1,2073,05,30,0.0,30.040987,10.719779,2073
21335,r3i1p1f1,2073,05,31,0.0,23.702185,6.7898893,2073
21336,r3i1p1f1,2073,06,01,0.03422465958547863,24.2521,6.5114856,2073
21337,r3i1p1f1,2073,06,02,0.0,33.33552,11.915783,2073
21338,r3i1p1f1,2073,06,03,0.0,37.488953,15.901431,2073
21339,r3i1p1f1,2073,06,04,0.0,37.849205,18.989697,2073
21340,r3i1p1f1,2073,06,05,0.0,37.263847,16.800743,2073
21341,r3i1p1f1,2073,06,06,0.0,36.27615,14.454338,2073
21342,r3i1p1f1,2073,06,07,0.0,29.890026,13.321298,2073
21343,r3i1p1f1,2073,06,08,0.002108449257458701,25.022997,8.589646,2073
21344,r3i1p1f1,2073,06,09,0.04059335283024914,23.418755,8.802271,2073
21345,r3i1p1f1,2073,06,10,0.009228076495205503,22.37347,6.5497065,2073
21346,r3i1p1f1,2073,06,11,0.0,23.392494,6.501295,2073
21347,r3i1p1f1,2073,06,12,0.0,24.468306,7.6838207,2073
21348,r3i1p1f1,2073,06,13,0.0,25.288006,7.33224,2073
21349,r3i1p1f1,2073,06,14,0.0,24.598742,8.288602,2073
21350,r3i1p1f1,2073,06,15,0.0,24.13334,7.9937963,2073
21351,r3i1p1f1,2073,06,16,0.0,26.49971,8.817421,2073
21352,r3i1p1f1,2073,06,17,0.0,28.05583,10.26785,2073
21353,r3i1p1f1,2073,06,18,0.0,26.26039,10.0986595,2073
21354,r3i1p1f1,2073,06,19,0.0,26.899693,9.744815,2073
21355,r3i1p1f1,2073,06,20,0.0,30.51585,12.039506,2073
21356,r3i1p1f1,2073,06,21,0.0,30.622671,13.530483,2073
21357,r3i1p1f1,2073,06,22,0.0,30.095602,12.805756,2073
21358,r3i1p1f1,2073,06,23,0.0,34.120365,16.342777,2073
21359,r3i1p1f1,2073,06,24,0.0,39.493786,19.332346,2073
21360,r3i1p1f1,2073,06,25,0.0,40.222965,20.191628,2073
21361,r3i1p1f1,2073,06,26,0.0,39.59133,21.072342,2073
21362,r3i1p1f1,2073,06,27,0.0,40.626347,20.844074,2073
21363,r3i1p1f1,2073,06,28,0.0,40.672558,20.43818,2073
21364,r3i1p1f1,2073,06,29,0.0,38.820873,18.931017,2073
21365,r3i1p1f1,2073,06,30,0.0,37.795376,17.198591,2073
21366,r3i1p1f1,2073,07,01,0.0,39.35022,18.658705,2073
21367,r3i1p1f1,2073,07,02,0.0024695633063939485,39.252617,19.105675,2073
21368,r3i1p1f1,2073,07,03,0.4020370150013178,38.291878,21.26967,2073
21369,r3i1p1f1,2073,07,04,0.0352060873565003,38.78007,19.75434,2073
21370,r3i1p1f1,2073,07,05,1.8176351046360761,38.321674,20.43438,2073
21371,r3i1p1f1,2073,07,06,7.0292216647087775,36.9283,20.419722,2073
21372,r3i1p1f1,2073,07,07,3.610695480709899,36.68194,19.51804,2073
21373,r3i1p1f1,2073,07,08,4.145809652341775,37.464916,20.26114,2073
21374,r3i1p1f1,2073,07,09,0.036967191135221525,39.65883,21.367733,2073
21375,r3i1p1f1,2073,07,10,0.4015563390655161,39.317886,21.217825,2073
21376,r3i1p1f1,2073,07,11,3.371190518501504,36.038174,19.53235,2073
21377,r3i1p1f1,2073,07,12,0.31510192477126664,34.870686,18.722462,2073
21378,r3i1p1f1,2073,07,13,0.0,34.54133,18.060993,2073
21379,r3i1p1f1,2073,07,14,0.0,33.477352,17.666138,2073
21380,r3i1p1f1,2073,07,15,0.0,32.79966,16.395554,2073
21381,r3i1p1f1,2073,07,16,0.0,36.2016,18.044765,2073
21382,r3i1p1f1,2073,07,17,0.0,36.79431,19.087769,2073
21383,r3i1p1f1,2073,07,18,0.0,36.12892,18.654448,2073
21384,r3i1p1f1,2073,07,19,0.0,34.644245,17.140545,2073
21385,r3i1p1f1,2073,07,20,0.0,34.57738,17.349728,2073
21386,r3i1p1f1,2073,07,21,0.0,34.82009,18.08646,2073
21387,r3i1p1f1,2073,07,22,0.0,34.27555,17.494995,2073
21388,r3i1p1f1,2073,07,23,0.0,32.41043,16.221622,2073
21389,r3i1p1f1,2073,07,24,0.0,31.939035,15.7209635,2073
21390,r3i1p1f1,2073,07,25,0.0,32.526108,15.283877,2073
21391,r3i1p1f1,2073,07,26,0.0,35.022087,16.617733,2073
21392,r3i1p1f1,2073,07,27,0.0,34.392937,17.088518,2073
21393,r3i1p1f1,2073,07,28,0.0,33.960274,16.960714,2073
21394,r3i1p1f1,2073,07,29,0.0,33.975124,17.045206,2073
21395,r3i1p1f1,2073,07,30,0.0,34.76657,17.59269,2073
21396,r3i1p1f1,2073,07,31,0.0,35.67124,17.273819,2073
21397,r3i1p1f1,2073,08,01,0.0,37.94208,18.785854,2073
21398,r3i1p1f1,2073,08,02,0.37704536888861295,38.659157,20.932842,2073
21399,r3i1p1f1,2073,08,03,0.10535778187631602,37.03151,20.578547,2073
21400,r3i1p1f1,2073,08,04,0.014686836211970358,35.02654,19.113081,2073
21401,r3i1p1f1,2073,08,05,0.0,35.916187,19.075089,2073
21402,r3i1p1f1,2073,08,06,0.0024329948549469313,37.99106,18.792084,2073
21403,r3i1p1f1,2073,08,07,0.23674377751762443,38.610992,19.991018,2073
21404,r3i1p1f1,2073,08,08,0.014588272469788508,37.407654,20.332169,2073
21405,r3i1p1f1,2073,08,09,0.02655986081773528,31.925476,18.233225,2073
21406,r3i1p1f1,2073,08,10,0.0,30.244556,16.397951,2073
21407,r3i1p1f1,2073,08,11,0.00355644885337714,33.976578,17.019485,2073
21408,r3i1p1f1,2073,08,12,0.04247940943583451,34.02721,17.708467,2073
21409,r3i1p1f1,2073,08,13,0.0,33.66213,18.267881,2073
21410,r3i1p1f1,2073,08,14,0.0,32.84821,17.250578,2073
21411,r3i1p1f1,2073,08,15,0.0,30.597504,15.27533,2073
21412,r3i1p1f1,2073,08,16,0.0,30.064127,14.832542,2073
21413,r3i1p1f1,2073,08,17,0.1420735520712862,32.0518,16.512434,2073
21414,r3i1p1f1,2073,08,18,0.00017721447599769542,32.486847,15.204944,2073
21415,r3i1p1f1,2073,08,19,0.00022487995341758835,31.988457,15.837533,2073
21416,r3i1p1f1,2073,08,20,0.036703366080694126,31.917957,15.610533,2073
21417,r3i1p1f1,2073,08,21,0.3359285318363232,32.052193,16.440266,2073
21418,r3i1p1f1,2073,08,22,0.002637009531485312,33.448967,16.533213,2073
21419,r3i1p1f1,2073,08,23,0.0,34.246,17.036686,2073
21420,r3i1p1f1,2073,08,24,0.09054311635653986,35.64287,19.27203,2073
21421,r3i1p1f1,2073,08,25,0.5825869568842322,35.47455,18.319075,2073
21422,r3i1p1f1,2073,08,26,1.0620417154606194,35.961334,20.098408,2073
21423,r3i1p1f1,2073,08,27,1.2820210119808149,37.347202,21.456467,2073
21424,r3i1p1f1,2073,08,28,0.016109939769552457,39.418316,21.060118,2073
21425,r3i1p1f1,2073,08,29,1.2261882279320464,39.62307,20.016224,2073
21426,r3i1p1f1,2073,08,30,1.4700216517226319,37.964245,19.138227,2073
21427,r3i1p1f1,2073,08,31,1.013280805755957,37.93352,21.045456,2073
21428,r3i1p1f1,2073,09,01,1.0597191870747888,36.760414,21.232445,2073
21429,r3i1p1f1,2073,09,02,0.08621874663014861,35.499653,19.531492,2073
21430,r3i1p1f1,2073,09,03,0.0,35.912132,19.676311,2073
21431,r3i1p1f1,2073,09,04,0.0,36.795025,19.329731,2073
21432,r3i1p1f1,2073,09,05,0.0009319669510604757,35.988567,18.556349,2073
21433,r3i1p1f1,2073,09,06,0.0019249999825137131,35.9632,18.670813,2073
21434,r3i1p1f1,2073,09,07,0.938218943924629,36.182034,20.762665,2073
21435,r3i1p1f1,2073,09,08,1.0353740357599732,34.737534,18.628353,2073
21436,r3i1p1f1,2073,09,09,0.0003923874023850217,31.382172,15.966264,2073
21437,r3i1p1f1,2073,09,10,0.0,30.226234,13.955424,2073
21438,r3i1p1f1,2073,09,11,0.0,31.339647,15.424377,2073
21439,r3i1p1f1,2073,09,12,0.013699631742907293,32.274887,16.112518,2073
21440,r3i1p1f1,2073,09,13,0.008409739027477124,31.480148,17.046576,2073
21441,r3i1p1f1,2073,09,14,0.0,33.31986,15.844331,2073
21442,r3i1p1f1,2073,09,15,0.015783461607718367,35.60177,19.115915,2073
21443,r3i1p1f1,2073,09,16,0.20351682683240419,32.35976,18.576206,2073
21444,r3i1p1f1,2073,09,17,0.4060676752873626,33.18842,17.3651,2073
21445,r3i1p1f1,2073,09,18,8.471159557051385,32.16315,18.45121,2073
21446,r3i1p1f1,2073,09,19,13.645058823294125,25.689318,13.716094,2073
21447,r3i1p1f1,2073,09,20,0.08657470371514192,24.66323,11.302198,2073
21448,r3i1p1f1,2073,09,21,0.0,26.745865,12.751743,2073
21449,r3i1p1f1,2073,09,22,0.0,28.320559,14.169361,2073
21450,r3i1p1f1,2073,09,23,0.0,29.232862,14.589764,2073
21451,r3i1p1f1,2073,09,24,0.0,29.48379,14.893462,2073
21452,r3i1p1f1,2073,09,25,0.0,31.840067,15.937542,2073
21453,r3i1p1f1,2073,09,26,0.0,34.044132,17.578636,2073
21454,r3i1p1f1,2073,09,27,0.0,33.26365,16.145853,2073
21455,r3i1p1f1,2073,09,28,0.0,32.078197,15.092115,2073
21456,r3i1p1f1,2073,09,29,0.0,27.83127,11.962205,2073
21457,r3i1p1f1,2073,09,30,0.0071547539185055275,25.000628,10.183376,2073
21458,r3i1p1f1,2073,10,01,2.994770674920415,24.923016,11.285718,2073
21459,r3i1p1f1,2073,10,02,4.3167425986867975,21.770721,10.630544,2073
21460,r3i1p1f1,2073,10,03,0.008276139093196076,19.524944,6.996399,2073
21461,r3i1p1f1,2073,10,04,0.0,19.951286,6.9249897,2073
21462,r3i1p1f1,2073,10,05,0.0,19.72043,6.9831634,2073
21463,r3i1p1f1,2073,10,06,0.0,21.279726,7.6097355,2073
21464,r3i1p1f1,2073,10,07,0.0,25.622746,11.062671,2073
21465,r3i1p1f1,2073,10,08,0.0,27.61371,11.010411,2073
21466,r3i1p1f1,2073,10,09,0.0,29.48609,12.602986,2073
21467,r3i1p1f1,2073,10,10,0.0,31.92971,14.028006,2073
21468,r3i1p1f1,2073,10,11,0.0,33.43978,15.317282,2073
21469,r3i1p1f1,2073,10,12,0.0,32.222775,14.641549,2073
21470,r3i1p1f1,2073,10,13,0.0,29.09973,14.83955,2073
21471,r3i1p1f1,2073,10,14,0.0,26.54228,11.785373,2073
21472,r3i1p1f1,2073,10,15,0.0,26.76539,10.90797,2073
21473,r3i1p1f1,2073,10,16,0.0,26.048002,10.696339,2073
21474,r3i1p1f1,2073,10,17,0.0,28.593868,12.696469,2073
21475,r3i1p1f1,2073,10,18,0.0,31.008488,13.964771,2073
21476,r3i1p1f1,2073,10,19,0.0,28.799845,13.099326,2073
21477,r3i1p1f1,2073,10,20,0.0,24.88664,12.348692,2073
21478,r3i1p1f1,2073,10,21,0.0,27.563538,11.288699,2073
21479,r3i1p1f1,2073,10,22,0.0,26.622984,11.652555,2073
21480,r3i1p1f1,2073,10,23,0.0,26.084587,10.774326,2073
21481,r3i1p1f1,2073,10,24,0.0,26.322702,9.914471,2073
21482,r3i1p1f1,2073,10,25,0.02310780997724964,25.645844,12.170173,2073
21483,r3i1p1f1,2073,10,26,0.056816324283841604,19.550245,8.670422,2073
21484,r3i1p1f1,2073,10,27,0.0,19.268736,5.192362,2073
21485,r3i1p1f1,2073,10,28,0.0,24.082724,6.9612412,2073
21486,r3i1p1f1,2073,10,29,0.0,25.657774,9.109246,2073
21487,r3i1p1f1,2073,10,30,0.0,26.299217,10.082041,2073
21488,r3i1p1f1,2073,10,31,0.0,27.165306,12.043089,2073
21489,r3i1p1f1,2073,11,01,0.007864767403313608,26.283993,11.49061,2073
21490,r3i1p1f1,2073,11,02,0.0,24.95279,10.013361,2073
21491,r3i1p1f1,2073,11,03,0.007501091229531801,22.778507,7.829499,2073
21492,r3i1p1f1,2073,11,04,0.0,22.866499,7.8181205,2073
21493,r3i1p1f1,2073,11,05,0.0,25.107319,8.787808,2073
21494,r3i1p1f1,2073,11,06,0.0,23.276024,8.842261,2073
21495,r3i1p1f1,2073,11,07,0.0,24.972004,7.1106434,2073
21496,r3i1p1f1,2073,11,08,0.0,25.865822,9.077655,2073
21497,r3i1p1f1,2073,11,09,0.5312318924398189,24.054142,9.099302,2073
21498,r3i1p1f1,2073,11,10,0.051766053762879564,12.642103,2.7131906,2073
21499,r3i1p1f1,2073,11,11,0.8580891660941151,16.531847,7.3141317,2073
21500,r3i1p1f1,2073,11,12,0.0,19.97097,2.998262,2073
21501,r3i1p1f1,2073,11,13,0.0,22.1066,5.3831444,2073
21502,r3i1p1f1,2073,11,14,0.0,23.225039,5.023574,2073
21503,r3i1p1f1,2073,11,15,0.04925510586073153,21.403862,5.1556845,2073
21504,r3i1p1f1,2073,11,16,12.173728173205879,20.415741,9.892058,2073
21505,r3i1p1f1,2073,11,17,7.028591375493775,14.085705,5.9007673,2073
21506,r3i1p1f1,2073,11,18,18.11145447955493,14.216463,6.554653,2073
21507,r3i1p1f1,2073,11,19,23.33165140778874,15.608256,8.444944,2073
21508,r3i1p1f1,2073,11,20,0.05546954063571651,12.908902,2.8774252,2073
21509,r3i1p1f1,2073,11,21,6.667012915305818,14.190958,4.661878,2073
21510,r3i1p1f1,2073,11,22,2.179498082344556,13.994823,4.7032022,2073
21511,r3i1p1f1,2073,11,23,0.0,12.706804,0.6490526,2073
21512,r3i1p1f1,2073,11,24,0.0,11.500186,-0.93506056,2073
21513,r3i1p1f1,2073,11,25,0.0,11.096486,-0.17411156,2073
21514,r3i1p1f1,2073,11,26,0.0,10.079989,-1.5511016,2073
21515,r3i1p1f1,2073,11,27,0.0,9.915475,-2.94138,2073
21516,r3i1p1f1,2073,11,28,0.0,9.897843,-2.8627412,2073
21517,r3i1p1f1,2073,11,29,0.0,9.5340805,-2.658528,2073
21518,r3i1p1f1,2073,11,30,0.0,10.7699175,-1.0592402,2073
21519,r3i1p1f1,2073,12,01,0.0,14.03834,0.89757675,2073
21520,r3i1p1f1,2073,12,02,1.8407519462043913,13.118502,3.500151,2073
21521,r3i1p1f1,2073,12,03,0.23860423979578738,17.25822,4.100994,2073
21522,r3i1p1f1,2073,12,04,6.29320318801161,16.328394,6.0599318,2073
21523,r3i1p1f1,2073,12,05,1.2744235026460073,12.231085,1.4255335,2073
21524,r3i1p1f1,2073,12,06,0.7236534153217331,11.776302,0.8152688,2073
21525,r3i1p1f1,2073,12,07,13.319670247358523,13.200378,4.6373363,2073
21526,r3i1p1f1,2073,12,08,39.59514009855797,15.902056,9.073657,2073
21527,r3i1p1f1,2073,12,09,20.806358934941905,15.249853,6.536854,2073
21528,r3i1p1f1,2073,12,10,0.3236049033776825,11.363352,0.76566344,2073
21529,r3i1p1f1,2073,12,11,7.727063679009338e-05,10.361918,-0.9673949,2073
21530,r3i1p1f1,2073,12,12,0.0,14.152057,1.5654186,2073
21531,r3i1p1f1,2073,12,13,0.0017222183862141912,16.526537,3.8362334,2073
21532,r3i1p1f1,2073,12,14,7.278859966164887,14.905706,7.5838313,2073
21533,r3i1p1f1,2073,12,15,0.0,12.629589,-0.23848835,2073
21534,r3i1p1f1,2073,12,16,0.0,12.005298,-0.7487454,2073
21535,r3i1p1f1,2073,12,17,0.0,12.724047,-0.5403444,2073
21536,r3i1p1f1,2073,12,18,0.0,14.324283,1.2026787,2073
21537,r3i1p1f1,2073,12,19,0.0,13.84931,1.2169907,2073
21538,r3i1p1f1,2073,12,20,0.0,15.885913,3.7965856,2073
21539,r3i1p1f1,2073,12,21,0.0,14.838964,2.8212473,2073
21540,r3i1p1f1,2073,12,22,0.0,13.698681,0.14831285,2073
21541,r3i1p1f1,2073,12,23,7.48948436002441,11.201672,3.4816022,2073
21542,r3i1p1f1,2073,12,24,3.9565597874267646,16.50883,9.505923,2073
21543,r3i1p1f1,2073,12,25,24.337903159222343,14.542229,6.699702,2073
21544,r3i1p1f1,2073,12,26,0.0,10.101792,-1.2510853,2073
21545,r3i1p1f1,2073,12,27,0.0,13.094616,-0.14918664,2073
21546,r3i1p1f1,2073,12,28,0.0,14.538304,1.9407247,2073
21547,r3i1p1f1,2073,12,29,0.0,16.741108,3.6177664,2073
21548,r3i1p1f1,2073,12,30,0.0,17.557533,5.231609,2073
21549,r3i1p1f1,2073,12,31,0.0,18.603989,5.4752045,2073
21550,r3i1p1f1,2074,01,01,0.0,17.166603,4.9959555,2074
21551,r3i1p1f1,2074,01,02,0.006866113840122566,17.401217,4.4077864,2074
21552,r3i1p1f1,2074,01,03,0.0006083548633438168,18.490173,5.6207533,2074
21553,r3i1p1f1,2074,01,04,0.01626838983528697,16.826532,5.156199,2074
21554,r3i1p1f1,2074,01,05,0.08772608224138491,14.589211,5.582831,2074
21555,r3i1p1f1,2074,01,06,0.0,16.562212,2.6656132,2074
21556,r3i1p1f1,2074,01,07,0.0,17.296015,4.2976975,2074
21557,r3i1p1f1,2074,01,08,0.0,18.083555,5.2823057,2074
21558,r3i1p1f1,2074,01,09,0.08250623380511322,20.990105,6.101503,2074
21559,r3i1p1f1,2074,01,10,4.1082813916207,19.209585,7.7662196,2074
21560,r3i1p1f1,2074,01,11,19.201387261180738,13.565594,7.873086,2074
21561,r3i1p1f1,2074,01,12,15.564357460296543,14.1363125,5.9613805,2074
21562,r3i1p1f1,2074,01,13,2.9903551931100525,14.738254,6.8682337,2074
21563,r3i1p1f1,2074,01,14,0.21572896677725745,14.827153,5.4035797,2074
21564,r3i1p1f1,2074,01,15,0.9882748419271813,13.625811,3.0442085,2074
21565,r3i1p1f1,2074,01,16,3.6770664428111175,11.560976,1.6430526,2074
21566,r3i1p1f1,2074,01,17,4.519216212184719,10.139166,1.5426649,2074
21567,r3i1p1f1,2074,01,18,10.595625850860552,10.063772,3.1337888,2074
21568,r3i1p1f1,2074,01,19,5.032051334516534,8.456696,1.2246461,2074
21569,r3i1p1f1,2074,01,20,1.714591426944301,8.109298,-2.0707102,2074
21570,r3i1p1f1,2074,01,21,0.15272973796747852,8.275817,-3.0821283,2074
21571,r3i1p1f1,2074,01,22,0.0,7.5145736,-2.4683652,2074
21572,r3i1p1f1,2074,01,23,0.0,9.182649,-4.001086,2074
21573,r3i1p1f1,2074,01,24,0.0,10.821907,-2.5194795,2074
21574,r3i1p1f1,2074,01,25,0.0,12.538971,-0.7946752,2074
21575,r3i1p1f1,2074,01,26,0.0,12.817998,-0.7079527,2074
21576,r3i1p1f1,2074,01,27,0.006641888017342849,12.420675,0.6256793,2074
21577,r3i1p1f1,2074,01,28,10.970779367873382,11.342089,1.1078533,2074
21578,r3i1p1f1,2074,01,29,0.016436485083514443,11.745744,0.097175926,2074
21579,r3i1p1f1,2074,01,30,11.87181322131492,11.8406,4.3134494,2074
21580,r3i1p1f1,2074,01,31,6.847000072906887,13.742809,3.4325805,2074
21581,r3i1p1f1,2074,02,01,0.0,13.065667,3.0057209,2074
21582,r3i1p1f1,2074,02,02,0.0,15.743338,0.8369962,2074
21583,r3i1p1f1,2074,02,03,0.0,16.684624,2.5694852,2074
21584,r3i1p1f1,2074,02,04,0.04012700760182325,15.409794,4.459014,2074
21585,r3i1p1f1,2074,02,05,0.0,16.395796,4.5076685,2074
21586,r3i1p1f1,2074,02,06,0.02218710527593044,17.340828,5.9964666,2074
21587,r3i1p1f1,2074,02,07,0.8283588717473102,18.786694,8.520421,2074
21588,r3i1p1f1,2074,02,08,9.49664400095654,19.355675,12.411228,2074
21589,r3i1p1f1,2074,02,09,0.0,17.07857,6.6780443,2074
21590,r3i1p1f1,2074,02,10,0.0,15.642429,1.6285537,2074
21591,r3i1p1f1,2074,02,11,0.0,13.647055,-1.2024883,2074
21592,r3i1p1f1,2074,02,12,0.0,16.721695,0.9596876,2074
21593,r3i1p1f1,2074,02,13,0.0,19.473587,3.759912,2074
21594,r3i1p1f1,2074,02,14,0.0,20.183033,5.4388003,2074
21595,r3i1p1f1,2074,02,15,0.0,19.516415,5.1926265,2074
21596,r3i1p1f1,2074,02,16,0.0,19.205725,5.0189185,2074
21597,r3i1p1f1,2074,02,17,0.0,19.57479,5.052235,2074
21598,r3i1p1f1,2074,02,18,0.0,18.919426,4.469649,2074
21599,r3i1p1f1,2074,02,19,0.0,20.077377,4.8751273,2074
21600,r3i1p1f1,2074,02,20,0.0,19.900536,7.6467085,2074
21601,r3i1p1f1,2074,02,21,0.236011282430616,18.463652,6.274419,2074
21602,r3i1p1f1,2074,02,22,0.0007494261036768104,18.153666,3.9537528,2074
21603,r3i1p1f1,2074,02,23,0.0,19.563843,4.615599,2074
21604,r3i1p1f1,2074,02,24,8.405488061082107,19.435246,6.802099,2074
21605,r3i1p1f1,2074,02,25,0.037041907087589636,10.812442,-1.6711833,2074
21606,r3i1p1f1,2074,02,26,4.286933314294649,13.167028,2.435123,2074
21607,r3i1p1f1,2074,02,27,1.4613806117752877,15.104796,3.6270003,2074
21608,r3i1p1f1,2074,02,28,0.0,17.11217,2.8003004,2074
21609,r3i1p1f1,2074,03,01,0.0,19.6719,0.8790203,2074
21610,r3i1p1f1,2074,03,02,0.0,22.017733,2.9226248,2074
21611,r3i1p1f1,2074,03,03,0.0009761458425077074,21.468225,4.827125,2074
21612,r3i1p1f1,2074,03,04,4.21969747331318,17.293837,3.4537642,2074
21613,r3i1p1f1,2074,03,05,13.896000324439779,12.368112,2.0549138,2074
21614,r3i1p1f1,2074,03,06,6.115745690692689,15.57261,5.4628625,2074
21615,r3i1p1f1,2074,03,07,10.191984584349642,15.274323,6.9414716,2074
21616,r3i1p1f1,2074,03,08,0.14583598178157417,16.366646,1.4846457,2074
21617,r3i1p1f1,2074,03,09,0.0,18.725992,1.6962352,2074
21618,r3i1p1f1,2074,03,10,2.630976878439965,17.410868,3.0897262,2074
21619,r3i1p1f1,2074,03,11,6.352757438614128,13.806881,5.146259,2074
21620,r3i1p1f1,2074,03,12,0.04338903083848753,12.870062,0.8748607,2074
21621,r3i1p1f1,2074,03,13,0.0,14.261268,0.14926057,2074
21622,r3i1p1f1,2074,03,14,0.0,18.38483,1.7446767,2074
21623,r3i1p1f1,2074,03,15,0.0,19.665596,3.12831,2074
21624,r3i1p1f1,2074,03,16,0.01403810593094959,21.001965,4.7317114,2074
21625,r3i1p1f1,2074,03,17,0.0,21.495872,5.022364,2074
21626,r3i1p1f1,2074,03,18,0.0,21.56322,5.1542683,2074
21627,r3i1p1f1,2074,03,19,0.008635684688201625,20.491982,5.5974283,2074
21628,r3i1p1f1,2074,03,20,0.029833680455340073,22.100712,5.413372,2074
21629,r3i1p1f1,2074,03,21,0.0,24.220303,5.0422463,2074
21630,r3i1p1f1,2074,03,22,0.0,23.66283,6.0723925,2074
21631,r3i1p1f1,2074,03,23,0.0,20.151999,5.2062984,2074
21632,r3i1p1f1,2074,03,24,0.027464060026845385,17.787354,1.3399031,2074
21633,r3i1p1f1,2074,03,25,0.0,19.963453,1.1540384,2074
21634,r3i1p1f1,2074,03,26,0.015499051849915166,20.05391,5.2432523,2074
21635,r3i1p1f1,2074,03,27,0.009892441342923452,18.653841,2.3628318,2074
21636,r3i1p1f1,2074,03,28,0.0,19.744911,1.957897,2074
21637,r3i1p1f1,2074,03,29,0.0,22.009281,2.9148939,2074
21638,r3i1p1f1,2074,03,30,0.0,23.253654,4.099271,2074
21639,r3i1p1f1,2074,03,31,0.3126565854715106,21.256699,2.6402762,2074
21640,r3i1p1f1,2074,04,01,0.061990574638801976,16.270859,3.1117864,2074
21641,r3i1p1f1,2074,04,02,0.0,22.146803,3.2991836,2074
21642,r3i1p1f1,2074,04,03,0.0,23.727974,4.727673,2074
21643,r3i1p1f1,2074,04,04,0.0,21.529716,3.8849914,2074
21644,r3i1p1f1,2074,04,05,0.0,22.14928,3.1433687,2074
21645,r3i1p1f1,2074,04,06,0.002395912522457145,21.910164,4.124538,2074
21646,r3i1p1f1,2074,04,07,0.0,21.005812,4.2980366,2074
21647,r3i1p1f1,2074,04,08,0.2067638118558424,19.300102,1.204765,2074
21648,r3i1p1f1,2074,04,09,0.23907745082397014,19.160198,1.3160542,2074
21649,r3i1p1f1,2074,04,10,0.0,25.29177,4.141863,2074
21650,r3i1p1f1,2074,04,11,0.0,27.343302,6.5603333,2074
21651,r3i1p1f1,2074,04,12,0.00821035043565754,25.951086,6.8219504,2074
21652,r3i1p1f1,2074,04,13,0.0,25.35255,7.7584963,2074
21653,r3i1p1f1,2074,04,14,0.0,28.50204,8.228682,2074
21654,r3i1p1f1,2074,04,15,0.0,28.854507,8.166056,2074
21655,r3i1p1f1,2074,04,16,0.0,28.878119,7.9831643,2074
21656,r3i1p1f1,2074,04,17,0.0,27.154636,6.438682,2074
21657,r3i1p1f1,2074,04,18,6.191767484873928,22.756735,7.446316,2074
21658,r3i1p1f1,2074,04,19,0.07505803070671391,18.791645,2.103439,2074
21659,r3i1p1f1,2074,04,20,0.0,23.0506,4.3172345,2074
21660,r3i1p1f1,2074,04,21,0.0,25.63626,6.659736,2074
21661,r3i1p1f1,2074,04,22,0.0,29.870388,10.328254,2074
21662,r3i1p1f1,2074,04,23,0.0,34.2747,13.9804325,2074
21663,r3i1p1f1,2074,04,24,0.0,34.38924,15.319834,2074
21664,r3i1p1f1,2074,04,25,0.17132073608632764,33.015526,13.519283,2074
21665,r3i1p1f1,2074,04,26,0.08146204111240381,22.89081,5.9885235,2074
21666,r3i1p1f1,2074,04,27,0.0,22.201588,5.138354,2074
21667,r3i1p1f1,2074,04,28,0.0,24.696669,7.940474,2074
21668,r3i1p1f1,2074,04,29,0.0,27.582283,7.894087,2074
21669,r3i1p1f1,2074,04,30,0.0,28.820185,9.641993,2074
21670,r3i1p1f1,2074,05,01,0.1691479216749554,27.190077,9.104874,2074
21671,r3i1p1f1,2074,05,02,0.025488893050792147,22.045527,4.869187,2074
21672,r3i1p1f1,2074,05,03,0.002730640311104556,27.843153,10.153234,2074
21673,r3i1p1f1,2074,05,04,0.0,30.677498,10.6321,2074
21674,r3i1p1f1,2074,05,05,0.0,31.896023,11.89698,2074
21675,r3i1p1f1,2074,05,06,0.0,29.703903,10.607063,2074
21676,r3i1p1f1,2074,05,07,0.0,22.830341,4.991669,2074
21677,r3i1p1f1,2074,05,08,0.0,24.415358,7.022215,2074
21678,r3i1p1f1,2074,05,09,0.0,30.990881,11.27093,2074
21679,r3i1p1f1,2074,05,10,0.0,33.531345,14.068055,2074
21680,r3i1p1f1,2074,05,11,0.0,34.751045,15.648948,2074
21681,r3i1p1f1,2074,05,12,0.0,33.139732,14.473053,2074
21682,r3i1p1f1,2074,05,13,0.0,32.990086,13.10202,2074
21683,r3i1p1f1,2074,05,14,0.0,33.164085,12.534434,2074
21684,r3i1p1f1,2074,05,15,0.0,34.39138,14.113524,2074
21685,r3i1p1f1,2074,05,16,0.0,32.793297,12.212782,2074
21686,r3i1p1f1,2074,05,17,0.0026003632008337954,28.749582,9.816989,2074
21687,r3i1p1f1,2074,05,18,0.0,23.60049,5.839668,2074
21688,r3i1p1f1,2074,05,19,0.0,30.438065,10.285236,2074
21689,r3i1p1f1,2074,05,20,0.0857180733036137,33.51641,12.587981,2074
21690,r3i1p1f1,2074,05,21,0.7883142914436052,32.164085,13.642337,2074
21691,r3i1p1f1,2074,05,22,0.6280784957220241,29.32677,10.502595,2074
21692,r3i1p1f1,2074,05,23,0.5878105412050376,28.710539,11.9638,2074
21693,r3i1p1f1,2074,05,24,0.2553340745031495,24.511791,7.472515,2074
21694,r3i1p1f1,2074,05,25,2.1373079331869755,19.112862,1.3958433,2074
21695,r3i1p1f1,2074,05,26,0.30353657761500497,15.936664,0.35202315,2074
21696,r3i1p1f1,2074,05,27,0.0024961730973287063,22.81935,4.6964393,2074
21697,r3i1p1f1,2074,05,28,0.01088575953899911,26.082687,8.358265,2074
21698,r3i1p1f1,2074,05,29,0.0,29.355703,10.535369,2074
21699,r3i1p1f1,2074,05,30,0.0,32.89106,13.543431,2074
21700,r3i1p1f1,2074,05,31,0.0,33.953365,14.603814,2074
21701,r3i1p1f1,2074,06,01,0.0,31.74844,13.823457,2074
21702,r3i1p1f1,2074,06,02,0.0,32.101677,12.889039,2074
21703,r3i1p1f1,2074,06,03,0.0,35.26334,15.426322,2074
21704,r3i1p1f1,2074,06,04,0.0,35.523556,16.925673,2074
21705,r3i1p1f1,2074,06,05,0.0,33.76965,15.995641,2074
21706,r3i1p1f1,2074,06,06,0.0,32.921562,14.906441,2074
21707,r3i1p1f1,2074,06,07,0.0,34.20306,15.0307255,2074
21708,r3i1p1f1,2074,06,08,0.0,35.11611,16.415989,2074
21709,r3i1p1f1,2074,06,09,0.0,35.563427,15.696563,2074
21710,r3i1p1f1,2074,06,10,0.0,38.35107,18.34092,2074
21711,r3i1p1f1,2074,06,11,0.0,38.635815,18.962515,2074
21712,r3i1p1f1,2074,06,12,0.0,39.346695,19.22157,2074
21713,r3i1p1f1,2074,06,13,0.0,40.439926,20.028069,2074
21714,r3i1p1f1,2074,06,14,0.03803990266257615,40.124104,20.444931,2074
21715,r3i1p1f1,2074,06,15,0.009467990250524246,38.219864,18.989841,2074
21716,r3i1p1f1,2074,06,16,0.0,35.522804,16.913258,2074
21717,r3i1p1f1,2074,06,17,0.0,34.342857,15.32002,2074
21718,r3i1p1f1,2074,06,18,0.0,33.05523,14.07203,2074
21719,r3i1p1f1,2074,06,19,0.0,30.452665,12.037786,2074
21720,r3i1p1f1,2074,06,20,0.0,28.967579,10.641161,2074
21721,r3i1p1f1,2074,06,21,0.0,26.990461,9.763089,2074
21722,r3i1p1f1,2074,06,22,0.8976661652069441,24.842758,10.182981,2074
21723,r3i1p1f1,2074,06,23,0.12260088055027706,28.703049,11.262943,2074
21724,r3i1p1f1,2074,06,24,0.0,28.807262,11.275738,2074
21725,r3i1p1f1,2074,06,25,0.0,27.496416,9.964768,2074
21726,r3i1p1f1,2074,06,26,0.08979164399065528,25.85225,10.792445,2074
21727,r3i1p1f1,2074,06,27,0.0,28.061413,11.539555,2074
21728,r3i1p1f1,2074,06,28,0.18510912011455125,32.598732,14.056914,2074
21729,r3i1p1f1,2074,06,29,0.0,35.360043,17.31835,2074
21730,r3i1p1f1,2074,06,30,0.01550111012131145,37.717327,19.139845,2074
21731,r3i1p1f1,2074,07,01,0.0023272358389063315,38.88889,19.430008,2074
21732,r3i1p1f1,2074,07,02,0.0,37.629383,19.768429,2074
21733,r3i1p1f1,2074,07,03,0.0,37.423298,18.541338,2074
21734,r3i1p1f1,2074,07,04,0.0,39.073055,19.67782,2074
21735,r3i1p1f1,2074,07,05,0.0,40.33262,19.781193,2074
21736,r3i1p1f1,2074,07,06,0.0,40.32012,21.022816,2074
21737,r3i1p1f1,2074,07,07,0.0,40.707123,20.553108,2074
21738,r3i1p1f1,2074,07,08,0.0,40.05393,19.996422,2074
21739,r3i1p1f1,2074,07,09,0.0,39.04097,19.455927,2074
21740,r3i1p1f1,2074,07,10,0.0,35.731983,17.291397,2074
21741,r3i1p1f1,2074,07,11,0.0,34.6352,16.763443,2074
21742,r3i1p1f1,2074,07,12,0.0,34.88342,17.604757,2074
21743,r3i1p1f1,2074,07,13,0.0,35.25026,18.420567,2074
21744,r3i1p1f1,2074,07,14,0.0,35.016884,18.91319,2074
21745,r3i1p1f1,2074,07,15,0.0,36.668312,18.58647,2074
21746,r3i1p1f1,2074,07,16,0.0,38.8322,19.105835,2074
21747,r3i1p1f1,2074,07,17,0.0,37.72376,18.293839,2074
21748,r3i1p1f1,2074,07,18,0.0,36.54146,17.53694,2074
21749,r3i1p1f1,2074,07,19,0.0,34.208298,17.494114,2074
21750,r3i1p1f1,2074,07,20,0.0,35.153603,18.187605,2074
21751,r3i1p1f1,2074,07,21,0.0,35.56995,18.737368,2074
21752,r3i1p1f1,2074,07,22,0.0,34.773945,18.059813,2074
21753,r3i1p1f1,2074,07,23,0.0,32.76051,16.814518,2074
21754,r3i1p1f1,2074,07,24,0.0,34.60691,17.643911,2074
21755,r3i1p1f1,2074,07,25,0.0,34.61641,17.582245,2074
21756,r3i1p1f1,2074,07,26,0.0,35.918327,17.61982,2074
21757,r3i1p1f1,2074,07,27,0.0,37.45423,18.3801,2074
21758,r3i1p1f1,2074,07,28,0.8035413225182062,36.59197,18.398264,2074
21759,r3i1p1f1,2074,07,29,1.8169337146724556,34.271507,18.656776,2074
21760,r3i1p1f1,2074,07,30,0.0,35.079456,17.243147,2074
21761,r3i1p1f1,2074,07,31,0.0,33.871048,16.501257,2074
21762,r3i1p1f1,2074,08,01,0.0,30.397043,14.672927,2074
21763,r3i1p1f1,2074,08,02,0.0,29.361279,14.711355,2074
21764,r3i1p1f1,2074,08,03,0.0,29.300253,14.509784,2074
21765,r3i1p1f1,2074,08,04,0.0,29.123587,14.254066,2074
21766,r3i1p1f1,2074,08,05,0.0,28.820492,13.7633915,2074
21767,r3i1p1f1,2074,08,06,0.0,29.543522,13.381755,2074
21768,r3i1p1f1,2074,08,07,0.0,28.940586,13.214105,2074
21769,r3i1p1f1,2074,08,08,0.0,28.778864,13.369588,2074
21770,r3i1p1f1,2074,08,09,0.0,35.08725,17.064342,2074
21771,r3i1p1f1,2074,08,10,0.0,36.691006,18.668613,2074
21772,r3i1p1f1,2074,08,11,0.0,36.32618,19.18702,2074
21773,r3i1p1f1,2074,08,12,0.0,34.892227,19.682426,2074
21774,r3i1p1f1,2074,08,13,0.0,37.075623,19.479311,2074
21775,r3i1p1f1,2074,08,14,0.0,38.72767,21.402357,2074
21776,r3i1p1f1,2074,08,15,0.0,39.68665,20.695932,2074
21777,r3i1p1f1,2074,08,16,0.0,39.110905,20.183277,2074
21778,r3i1p1f1,2074,08,17,0.0,37.26273,17.549446,2074
21779,r3i1p1f1,2074,08,18,0.0,35.80964,20.23249,2074
21780,r3i1p1f1,2074,08,19,0.0,33.94922,18.693262,2074
21781,r3i1p1f1,2074,08,20,0.0,35.41646,18.20542,2074
21782,r3i1p1f1,2074,08,21,0.06647363020227093,34.068954,20.020641,2074
21783,r3i1p1f1,2074,08,22,0.010009403142083267,35.208447,19.241154,2074
21784,r3i1p1f1,2074,08,23,0.006763622461056168,33.949783,18.797342,2074
21785,r3i1p1f1,2074,08,24,0.09186339555802106,33.905727,19.630173,2074
21786,r3i1p1f1,2074,08,25,0.0007643076330141137,35.661488,17.779058,2074
21787,r3i1p1f1,2074,08,26,0.31928976651105395,37.180202,19.324429,2074
21788,r3i1p1f1,2074,08,27,0.28530811541713774,38.56052,19.973284,2074
21789,r3i1p1f1,2074,08,28,0.6443972624997101,37.987923,21.29428,2074
21790,r3i1p1f1,2074,08,29,0.1602158502514199,37.203426,20.175537,2074
21791,r3i1p1f1,2074,08,30,0.058157954587262466,36.836197,19.890963,2074
21792,r3i1p1f1,2074,08,31,0.0,36.129276,16.864916,2074
21793,r3i1p1f1,2074,09,01,0.0,35.439667,18.172287,2074
21794,r3i1p1f1,2074,09,02,0.0,34.715244,17.726196,2074
21795,r3i1p1f1,2074,09,03,0.0,33.004173,16.968796,2074
21796,r3i1p1f1,2074,09,04,0.0,32.141495,16.497839,2074
21797,r3i1p1f1,2074,09,05,0.0,31.361904,15.476494,2074
21798,r3i1p1f1,2074,09,06,0.0,33.091206,16.581173,2074
21799,r3i1p1f1,2074,09,07,0.0,37.294464,18.954191,2074
21800,r3i1p1f1,2074,09,08,0.06842899771237915,37.055332,20.0752,2074
21801,r3i1p1f1,2074,09,09,0.8297448641673272,35.548283,21.507458,2074
21802,r3i1p1f1,2074,09,10,4.043268632283963,36.066544,20.111032,2074
21803,r3i1p1f1,2074,09,11,7.4443650348143136,34.37525,19.581852,2074
21804,r3i1p1f1,2074,09,12,4.4291536920118535,36.599373,21.920769,2074
21805,r3i1p1f1,2074,09,13,0.6808647880891592,33.777306,18.658163,2074
21806,r3i1p1f1,2074,09,14,0.7941278925996316,33.28636,18.177074,2074
21807,r3i1p1f1,2074,09,15,1.8382940796017824,33.459324,18.162054,2074
21808,r3i1p1f1,2074,09,16,0.16880264465175004,30.040867,16.330427,2074
21809,r3i1p1f1,2074,09,17,0.0,30.869473,17.227291,2074
21810,r3i1p1f1,2074,09,18,0.017222645061944302,34.287884,18.182177,2074
21811,r3i1p1f1,2074,09,19,0.0,33.412254,18.358667,2074
21812,r3i1p1f1,2074,09,20,0.03939778301697295,29.900126,16.60314,2074
21813,r3i1p1f1,2074,09,21,0.0,26.642921,11.245749,2074
21814,r3i1p1f1,2074,09,22,0.0,26.1851,10.151204,2074
21815,r3i1p1f1,2074,09,23,0.0,27.380432,10.406173,2074
21816,r3i1p1f1,2074,09,24,0.1481166282742792,27.185349,12.559143,2074
21817,r3i1p1f1,2074,09,25,1.0829285180829396,27.345089,14.537396,2074
21818,r3i1p1f1,2074,09,26,1.0326668417457603,27.574133,12.848032,2074
21819,r3i1p1f1,2074,09,27,16.98816072754787,27.688227,14.9614725,2074
21820,r3i1p1f1,2074,09,28,12.029971436160409,23.530815,12.468984,2074
21821,r3i1p1f1,2074,09,29,0.7486063880688479,22.158703,9.857505,2074
21822,r3i1p1f1,2074,09,30,0.0099287572965929,23.534027,10.471326,2074
21823,r3i1p1f1,2074,10,01,0.0,28.152002,12.993896,2074
21824,r3i1p1f1,2074,10,02,0.0,29.223053,14.762019,2074
21825,r3i1p1f1,2074,10,03,0.0,29.701,14.681147,2074
21826,r3i1p1f1,2074,10,04,0.0,27.466751,13.968796,2074
21827,r3i1p1f1,2074,10,05,0.0,29.546324,14.547957,2074
21828,r3i1p1f1,2074,10,06,0.0,30.02111,14.716973,2074
21829,r3i1p1f1,2074,10,07,0.0,30.138994,14.505452,2074
21830,r3i1p1f1,2074,10,08,0.0,30.821669,14.82507,2074
21831,r3i1p1f1,2074,10,09,0.0,31.486143,16.474028,2074
21832,r3i1p1f1,2074,10,10,0.5070122506836152,31.550278,18.57349,2074
21833,r3i1p1f1,2074,10,11,0.005087473016994243,26.941973,14.232531,2074
21834,r3i1p1f1,2074,10,12,0.0,27.945791,14.922648,2074
21835,r3i1p1f1,2074,10,13,0.0,30.730478,16.35625,2074
21836,r3i1p1f1,2074,10,14,0.0,32.59701,17.773056,2074
21837,r3i1p1f1,2074,10,15,0.0,33.46769,17.398716,2074
21838,r3i1p1f1,2074,10,16,0.0,33.12251,17.560123,2074
21839,r3i1p1f1,2074,10,17,0.0,31.55065,16.047724,2074
21840,r3i1p1f1,2074,10,18,0.0,29.242897,14.590286,2074
21841,r3i1p1f1,2074,10,19,0.0,30.322865,14.016911,2074
21842,r3i1p1f1,2074,10,20,0.0,32.31259,16.595327,2074
21843,r3i1p1f1,2074,10,21,0.0,31.042309,14.715895,2074
21844,r3i1p1f1,2074,10,22,0.0,28.85978,12.883479,2074
21845,r3i1p1f1,2074,10,23,0.0,27.391996,13.775058,2074
21846,r3i1p1f1,2074,10,24,0.01217929479466737,25.548105,11.299789,2074
21847,r3i1p1f1,2074,10,25,1.0811765407070748,23.505411,11.780407,2074
21848,r3i1p1f1,2074,10,26,2.1934662462847356,20.914562,10.068734,2074
21849,r3i1p1f1,2074,10,27,0.0,20.771954,6.3639507,2074
21850,r3i1p1f1,2074,10,28,0.0,22.356453,7.1526947,2074
21851,r3i1p1f1,2074,10,29,0.0,23.04981,6.873338,2074
21852,r3i1p1f1,2074,10,30,0.0005420594772493297,22.872208,8.341557,2074
21853,r3i1p1f1,2074,10,31,15.313611623036692,24.563227,13.224802,2074
21854,r3i1p1f1,2074,11,01,0.28038792920955474,16.759975,6.676774,2074
21855,r3i1p1f1,2074,11,02,0.0,17.109343,4.1894255,2074
21856,r3i1p1f1,2074,11,03,0.0,20.24617,6.3287377,2074
21857,r3i1p1f1,2074,11,04,0.0,24.41061,8.960963,2074
21858,r3i1p1f1,2074,11,05,0.0,23.168522,9.084687,2074
21859,r3i1p1f1,2074,11,06,0.022198133495597478,20.722696,7.576438,2074
21860,r3i1p1f1,2074,11,07,0.0,17.434958,4.7065034,2074
21861,r3i1p1f1,2074,11,08,9.274726829810817,19.23551,9.83285,2074
21862,r3i1p1f1,2074,11,09,0.0005305737211143203,17.379948,5.6057644,2074
21863,r3i1p1f1,2074,11,10,0.0,18.858585,5.814808,2074
21864,r3i1p1f1,2074,11,11,0.0,21.790102,7.3525105,2074
21865,r3i1p1f1,2074,11,12,0.0,22.348425,8.167803,2074
21866,r3i1p1f1,2074,11,13,0.0,22.488813,8.223728,2074
21867,r3i1p1f1,2074,11,14,0.0,20.765701,8.445757,2074
21868,r3i1p1f1,2074,11,15,0.0,21.480513,8.165552,2074
21869,r3i1p1f1,2074,11,16,0.0,24.248524,9.346884,2074
21870,r3i1p1f1,2074,11,17,0.0,22.167643,10.032804,2074
21871,r3i1p1f1,2074,11,18,0.0,23.526594,8.506589,2074
21872,r3i1p1f1,2074,11,19,0.0017909528189751325,21.320908,9.281409,2074
21873,r3i1p1f1,2074,11,20,0.0,20.48599,6.5621347,2074
21874,r3i1p1f1,2074,11,21,0.0,19.845882,7.5347686,2074
21875,r3i1p1f1,2074,11,22,4.576891855820467,18.408415,9.532979,2074
21876,r3i1p1f1,2074,11,23,0.02902691278987649,15.877406,5.1217055,2074
21877,r3i1p1f1,2074,11,24,0.0,18.438524,4.3403487,2074
21878,r3i1p1f1,2074,11,25,0.0,19.102728,5.34987,2074
21879,r3i1p1f1,2074,11,26,0.0,20.920128,4.7321362,2074
21880,r3i1p1f1,2074,11,27,0.0,19.29545,5.9987354,2074
21881,r3i1p1f1,2074,11,28,0.00919781062596788,18.046696,4.797005,2074
21882,r3i1p1f1,2074,11,29,2.6368895842471938,15.902708,5.1659856,2074
21883,r3i1p1f1,2074,11,30,0.0,11.788091,1.2715167,2074
21884,r3i1p1f1,2074,12,01,0.0,15.144528,1.9117362,2074
21885,r3i1p1f1,2074,12,02,0.0,18.500898,4.197434,2074
21886,r3i1p1f1,2074,12,03,0.0,18.735868,5.9862375,2074
21887,r3i1p1f1,2074,12,04,0.0,17.720829,5.238807,2074
21888,r3i1p1f1,2074,12,05,0.0,16.906174,3.9555674,2074
21889,r3i1p1f1,2074,12,06,0.0,17.800377,4.3077207,2074
21890,r3i1p1f1,2074,12,07,0.0,19.210152,4.816359,2074
21891,r3i1p1f1,2074,12,08,0.0,19.063885,5.3341208,2074
21892,r3i1p1f1,2074,12,09,0.0,19.227732,5.4494033,2074
21893,r3i1p1f1,2074,12,10,0.0,20.41001,6.136225,2074
21894,r3i1p1f1,2074,12,11,0.0,20.343742,6.6685653,2074
21895,r3i1p1f1,2074,12,12,0.0,20.459972,5.731657,2074
21896,r3i1p1f1,2074,12,13,0.0,22.180727,6.4143944,2074
21897,r3i1p1f1,2074,12,14,0.0,21.818293,8.209144,2074
21898,r3i1p1f1,2074,12,15,0.0,21.456114,6.872372,2074
21899,r3i1p1f1,2074,12,16,0.0,20.207676,6.449718,2074
21900,r3i1p1f1,2074,12,17,0.0,19.646881,4.810259,2074
21901,r3i1p1f1,2074,12,18,0.0,20.60822,5.0465236,2074
21902,r3i1p1f1,2074,12,19,0.1122615987222878,16.872488,5.2991633,2074
21903,r3i1p1f1,2074,12,20,0.0949598189011643,13.228298,0.69896674,2074
21904,r3i1p1f1,2074,12,21,0.0,15.07294,0.6740599,2074
21905,r3i1p1f1,2074,12,22,0.02996784157100289,14.339129,3.8497756,2074
21906,r3i1p1f1,2074,12,23,0.7690387214582491,18.147198,5.2148523,2074
21907,r3i1p1f1,2074,12,24,0.05821216996165193,18.186192,2.540059,2074
21908,r3i1p1f1,2074,12,25,1.5919813762902226,15.156973,3.515936,2074
21909,r3i1p1f1,2074,12,26,9.793108262687879,11.12624,4.75171,2074
21910,r3i1p1f1,2074,12,27,3.312833915935533,14.829114,3.736724,2074
21911,r3i1p1f1,2074,12,28,15.539101003073897,14.040502,5.4094753,2074
21912,r3i1p1f1,2074,12,29,5.030951486985556,12.290048,3.5257123,2074
21913,r3i1p1f1,2074,12,30,5.4980568353714645,14.750523,4.5718913,2074
21914,r3i1p1f1,2074,12,31,6.47888529710623,14.41189,6.7116356,2074
21915,r3i1p1f1,2075,01,01,0.68193777295752,12.7655735,5.170733,2075
21916,r3i1p1f1,2075,01,02,29.091240853533346,13.244214,4.907611,2075
21917,r3i1p1f1,2075,01,03,27.778389048145264,16.998024,6.3668256,2075
21918,r3i1p1f1,2075,01,04,38.69240877694789,15.0277605,6.7660623,2075
21919,r3i1p1f1,2075,01,05,1.169139701705166,13.321703,0.8968794,2075
21920,r3i1p1f1,2075,01,06,0.0,13.813692,0.45200494,2075
21921,r3i1p1f1,2075,01,07,6.163673959438738,13.577295,1.76277,2075
21922,r3i1p1f1,2075,01,08,1.5726262972800737,10.450128,1.6932282,2075
21923,r3i1p1f1,2075,01,09,0.0,12.505998,-1.8884542,2075
21924,r3i1p1f1,2075,01,10,0.0,12.4883995,3.0326371,2075
21925,r3i1p1f1,2075,01,11,0.0011882968035272577,14.146849,6.4743223,2075
21926,r3i1p1f1,2075,01,12,0.0038304730410207853,15.050905,1.8857569,2075
21927,r3i1p1f1,2075,01,13,0.33601964205996465,15.2729645,3.9993844,2075
21928,r3i1p1f1,2075,01,14,2.5443161965799708,15.126666,7.6312184,2075
21929,r3i1p1f1,2075,01,15,20.35346109677751,13.590008,5.1231394,2075
21930,r3i1p1f1,2075,01,16,0.0,10.429291,-1.4593203,2075
21931,r3i1p1f1,2075,01,17,0.0,13.253836,-0.10183601,2075
21932,r3i1p1f1,2075,01,18,0.0,15.621329,2.6493013,2075
21933,r3i1p1f1,2075,01,19,0.0,17.311584,3.0162652,2075
21934,r3i1p1f1,2075,01,20,0.0,16.679873,3.6102693,2075
21935,r3i1p1f1,2075,01,21,0.38874585157814046,17.627571,6.3132877,2075
21936,r3i1p1f1,2075,01,22,0.3303819462610136,17.765331,7.586476,2075
21937,r3i1p1f1,2075,01,23,5.598491532892337,13.718476,5.800381,2075
21938,r3i1p1f1,2075,01,24,0.014840066935655406,9.716779,-1.2078711,2075
21939,r3i1p1f1,2075,01,25,0.0,12.070518,-1.7595359,2075
21940,r3i1p1f1,2075,01,26,0.0,13.382576,-0.07428402,2075
21941,r3i1p1f1,2075,01,27,0.0,14.0548,0.8890469,2075
21942,r3i1p1f1,2075,01,28,0.028064965850772394,14.684452,0.7613453,2075
21943,r3i1p1f1,2075,01,29,0.003498387223137825,14.404966,2.7046037,2075
21944,r3i1p1f1,2075,01,30,0.0,14.137449,1.3797946,2075
21945,r3i1p1f1,2075,01,31,0.0,15.783907,2.5552619,2075
21946,r3i1p1f1,2075,02,01,0.0,16.333012,2.2845619,2075
21947,r3i1p1f1,2075,02,02,0.0,16.91466,1.9201424,2075
21948,r3i1p1f1,2075,02,03,0.0,16.529581,2.6265578,2075
21949,r3i1p1f1,2075,02,04,0.0,17.473007,2.9098034,2075
21950,r3i1p1f1,2075,02,05,0.0,18.782763,3.6613913,2075
21951,r3i1p1f1,2075,02,06,0.0,21.470407,5.138482,2075
21952,r3i1p1f1,2075,02,07,0.0,22.616594,6.273299,2075
21953,r3i1p1f1,2075,02,08,0.0,22.945988,7.18154,2075
21954,r3i1p1f1,2075,02,09,2.670388461282886,20.208126,7.5907907,2075
21955,r3i1p1f1,2075,02,10,0.0,16.971718,2.9137592,2075
21956,r3i1p1f1,2075,02,11,2.7071714208693374,18.28254,6.685504,2075
21957,r3i1p1f1,2075,02,12,2.7713368697633003,18.90695,6.1684003,2075
21958,r3i1p1f1,2075,02,13,14.487611324990267,19.292992,8.849944,2075
21959,r3i1p1f1,2075,02,14,12.311083635735981,15.962188,6.0533075,2075
21960,r3i1p1f1,2075,02,15,0.0,14.264003,0.7353249,2075
21961,r3i1p1f1,2075,02,16,0.0513457436041294,15.589236,2.5566783,2075
21962,r3i1p1f1,2075,02,17,28.829171261472354,16.54705,6.5167036,2075
21963,r3i1p1f1,2075,02,18,50.85412107457435,15.875633,5.73797,2075
21964,r3i1p1f1,2075,02,19,15.3101064431504,12.599108,1.1961198,2075
21965,r3i1p1f1,2075,02,20,8.689438497397836,10.53576,0.67501193,2075
21966,r3i1p1f1,2075,02,21,0.10581331404506328,11.67653,-2.130919,2075
21967,r3i1p1f1,2075,02,22,0.5352718222666502,11.505191,1.0803784,2075
21968,r3i1p1f1,2075,02,23,0.0,14.177658,-0.2995634,2075
21969,r3i1p1f1,2075,02,24,0.0,15.2644205,0.667907,2075
21970,r3i1p1f1,2075,02,25,0.0,13.917403,-0.19047159,2075
21971,r3i1p1f1,2075,02,26,0.0010388574534744928,13.766168,-0.81457174,2075
21972,r3i1p1f1,2075,02,27,0.0,16.427528,1.275155,2075
21973,r3i1p1f1,2075,02,28,4.120106175419371,15.408529,3.7086463,2075
21974,r3i1p1f1,2075,03,01,8.47883088068391,8.78797,0.35658452,2075
21975,r3i1p1f1,2075,03,02,5.0968251912601055,9.821064,0.5429809,2075
21976,r3i1p1f1,2075,03,03,0.645850592812711,11.790412,0.9219433,2075
21977,r3i1p1f1,2075,03,04,0.006241718823950963,15.189317,-1.5024937,2075
21978,r3i1p1f1,2075,03,05,0.0,17.205992,0.5150153,2075
21979,r3i1p1f1,2075,03,06,0.0,18.421793,1.6293495,2075
21980,r3i1p1f1,2075,03,07,0.0,18.856377,2.941713,2075
21981,r3i1p1f1,2075,03,08,0.0,18.60734,5.1513743,2075
21982,r3i1p1f1,2075,03,09,0.0,17.936646,4.739659,2075
21983,r3i1p1f1,2075,03,10,0.014629023154901171,19.82357,3.8318646,2075
21984,r3i1p1f1,2075,03,11,0.18144458915423567,18.818066,3.6701815,2075
21985,r3i1p1f1,2075,03,12,0.05653370463705593,18.6049,3.7380226,2075
21986,r3i1p1f1,2075,03,13,9.422776389034437,16.785097,7.3463497,2075
21987,r3i1p1f1,2075,03,14,18.348917919200343,16.180502,7.7738533,2075
21988,r3i1p1f1,2075,03,15,5.517839483845544,14.0168705,5.4656754,2075
21989,r3i1p1f1,2075,03,16,0.12113097655608064,12.878556,1.9466069,2075
21990,r3i1p1f1,2075,03,17,0.0,16.219376,-0.36471525,2075
21991,r3i1p1f1,2075,03,18,0.00022882567436406106,16.991688,1.3117173,2075
21992,r3i1p1f1,2075,03,19,0.0,17.53684,0.48572806,2075
21993,r3i1p1f1,2075,03,20,0.0,19.220242,3.1869082,2075
21994,r3i1p1f1,2075,03,21,0.0008795875681133828,19.525408,4.6605325,2075
21995,r3i1p1f1,2075,03,22,0.48321674546858767,17.945854,2.636594,2075
21996,r3i1p1f1,2075,03,23,2.6178441101028787,12.911586,0.70420784,2075
21997,r3i1p1f1,2075,03,24,10.073520904331941,13.376236,2.8919742,2075
21998,r3i1p1f1,2075,03,25,0.0007002192521185586,17.914293,1.2645825,2075
21999,r3i1p1f1,2075,03,26,0.0004081202628598972,19.482595,4.3545165,2075
22000,r3i1p1f1,2075,03,27,0.0,21.111448,5.114071,2075
22001,r3i1p1f1,2075,03,28,0.0,24.454012,6.7306957,2075
22002,r3i1p1f1,2075,03,29,0.0,26.19202,8.047205,2075
22003,r3i1p1f1,2075,03,30,0.0,27.026321,8.959662,2075
22004,r3i1p1f1,2075,03,31,0.0,28.591537,9.731806,2075
22005,r3i1p1f1,2075,04,01,0.0,31.04667,11.719998,2075
22006,r3i1p1f1,2075,04,02,0.0002535703330949852,31.117052,11.7162285,2075
22007,r3i1p1f1,2075,04,03,0.6616319149466245,26.828457,8.126785,2075
22008,r3i1p1f1,2075,04,04,5.7508304003700195,18.391632,6.938931,2075
22009,r3i1p1f1,2075,04,05,0.0,21.657158,6.0775566,2075
22010,r3i1p1f1,2075,04,06,0.001519697570157322,23.195353,5.336945,2075
22011,r3i1p1f1,2075,04,07,0.018275179335791054,22.205574,5.7703433,2075
22012,r3i1p1f1,2075,04,08,0.050462961670277626,22.55854,6.9407635,2075
22013,r3i1p1f1,2075,04,09,0.10153150065999592,22.358711,7.2802243,2075
22014,r3i1p1f1,2075,04,10,0.18612899614020012,24.386599,8.393503,2075
22015,r3i1p1f1,2075,04,11,0.0,24.849583,5.9208827,2075
22016,r3i1p1f1,2075,04,12,0.0,28.592539,8.904134,2075
22017,r3i1p1f1,2075,04,13,0.0,29.900576,10.007668,2075
22018,r3i1p1f1,2075,04,14,1.8528062906680685e-05,28.02884,6.963432,2075
22019,r3i1p1f1,2075,04,15,2.9317986240392435,22.373814,4.478472,2075
22020,r3i1p1f1,2075,04,16,3.264153143026664,21.322945,7.855631,2075
22021,r3i1p1f1,2075,04,17,0.0,22.411093,6.226888,2075
22022,r3i1p1f1,2075,04,18,0.32016729845605424,21.556112,6.0560904,2075
22023,r3i1p1f1,2075,04,19,0.0,21.898182,4.1108785,2075
22024,r3i1p1f1,2075,04,20,0.0,26.384504,7.414114,2075
22025,r3i1p1f1,2075,04,21,0.0,26.167418,7.292301,2075
22026,r3i1p1f1,2075,04,22,0.008232875190901033,25.123161,6.362095,2075
22027,r3i1p1f1,2075,04,23,0.0,25.175777,6.99871,2075
22028,r3i1p1f1,2075,04,24,0.0,25.114721,6.223882,2075
22029,r3i1p1f1,2075,04,25,0.0,23.89912,5.909076,2075
22030,r3i1p1f1,2075,04,26,0.0004934148058633913,20.865616,4.018581,2075
22031,r3i1p1f1,2075,04,27,0.0,24.00828,5.0933676,2075
22032,r3i1p1f1,2075,04,28,0.0,23.708456,5.3585353,2075
22033,r3i1p1f1,2075,04,29,0.006213469419118624,21.753475,5.7223597,2075
22034,r3i1p1f1,2075,04,30,0.0,22.420282,3.5378635,2075
22035,r3i1p1f1,2075,05,01,0.020834004570849975,21.213415,5.104016,2075
22036,r3i1p1f1,2075,05,02,0.0668573941441013,21.094652,5.628969,2075
22037,r3i1p1f1,2075,05,03,0.0,25.466063,7.067148,2075
22038,r3i1p1f1,2075,05,04,0.0,26.905233,7.6302643,2075
22039,r3i1p1f1,2075,05,05,0.0,29.508446,10.313757,2075
22040,r3i1p1f1,2075,05,06,0.0,30.885588,11.768011,2075
22041,r3i1p1f1,2075,05,07,0.0,29.994356,11.005789,2075
22042,r3i1p1f1,2075,05,08,0.0,30.306194,11.279657,2075
22043,r3i1p1f1,2075,05,09,0.0,29.224653,10.758415,2075
22044,r3i1p1f1,2075,05,10,0.0,25.312685,7.561369,2075
22045,r3i1p1f1,2075,05,11,0.003131369506291142,26.000183,6.399539,2075
22046,r3i1p1f1,2075,05,12,0.0,28.881432,9.114614,2075
22047,r3i1p1f1,2075,05,13,0.0,29.877926,10.66373,2075
22048,r3i1p1f1,2075,05,14,0.0,28.702736,9.210914,2075
22049,r3i1p1f1,2075,05,15,0.0,26.815662,9.284282,2075
22050,r3i1p1f1,2075,05,16,0.0,30.475052,11.044418,2075
22051,r3i1p1f1,2075,05,17,0.0,30.699242,10.739411,2075
22052,r3i1p1f1,2075,05,18,0.0,28.872803,9.055625,2075
22053,r3i1p1f1,2075,05,19,0.0,26.24444,7.0012484,2075
22054,r3i1p1f1,2075,05,20,0.0,27.081913,9.125,2075
22055,r3i1p1f1,2075,05,21,0.0,31.662876,11.929299,2075
22056,r3i1p1f1,2075,05,22,0.0,35.283527,15.869034,2075
22057,r3i1p1f1,2075,05,23,0.0,36.646034,16.509298,2075
22058,r3i1p1f1,2075,05,24,0.0,36.068672,16.489904,2075
22059,r3i1p1f1,2075,05,25,0.0,34.309105,15.13363,2075
22060,r3i1p1f1,2075,05,26,0.0,31.43995,12.781986,2075
22061,r3i1p1f1,2075,05,27,0.0,32.70105,13.729509,2075
22062,r3i1p1f1,2075,05,28,0.0,34.153095,14.159975,2075
22063,r3i1p1f1,2075,05,29,0.0,32.09793,13.9595785,2075
22064,r3i1p1f1,2075,05,30,0.0,31.555454,13.484914,2075
22065,r3i1p1f1,2075,05,31,0.0,35.62271,16.484684,2075
22066,r3i1p1f1,2075,06,01,0.0,34.96172,14.144564,2075
22067,r3i1p1f1,2075,06,02,0.0,35.28515,15.302296,2075
22068,r3i1p1f1,2075,06,03,0.0,35.814766,15.857548,2075
22069,r3i1p1f1,2075,06,04,0.0,37.65662,17.08141,2075
22070,r3i1p1f1,2075,06,05,0.0,37.085735,17.31925,2075
22071,r3i1p1f1,2075,06,06,0.023813126106026837,36.638367,18.31803,2075
22072,r3i1p1f1,2075,06,07,0.0,36.185143,16.78918,2075
22073,r3i1p1f1,2075,06,08,0.0,34.26082,15.077964,2075
22074,r3i1p1f1,2075,06,09,0.0,30.550442,12.00673,2075
22075,r3i1p1f1,2075,06,10,0.0,28.307571,10.706638,2075
22076,r3i1p1f1,2075,06,11,0.0,27.788664,10.676538,2075
22077,r3i1p1f1,2075,06,12,0.0,28.042215,11.229571,2075
22078,r3i1p1f1,2075,06,13,0.0,27.757761,11.148314,2075
22079,r3i1p1f1,2075,06,14,0.0,27.926817,10.870505,2075
22080,r3i1p1f1,2075,06,15,0.005522607111329721,27.882305,11.939573,2075
22081,r3i1p1f1,2075,06,16,0.0,32.29677,13.2373495,2075
22082,r3i1p1f1,2075,06,17,0.0,32.506187,13.694888,2075
22083,r3i1p1f1,2075,06,18,0.0,30.144602,14.788872,2075
22084,r3i1p1f1,2075,06,19,0.0,29.537584,13.321119,2075
22085,r3i1p1f1,2075,06,20,0.0,30.448408,13.196091,2075
22086,r3i1p1f1,2075,06,21,0.0,29.773958,12.047757,2075
22087,r3i1p1f1,2075,06,22,0.0,31.042852,12.630975,2075
22088,r3i1p1f1,2075,06,23,0.0,30.81021,13.1902075,2075
22089,r3i1p1f1,2075,06,24,0.0,28.94231,11.553019,2075
22090,r3i1p1f1,2075,06,25,0.0,27.192606,10.411358,2075
22091,r3i1p1f1,2075,06,26,0.0,25.649551,10.382737,2075
22092,r3i1p1f1,2075,06,27,0.0,28.939245,11.894367,2075
22093,r3i1p1f1,2075,06,28,0.0,30.858488,12.969332,2075
22094,r3i1p1f1,2075,06,29,0.0,32.222324,13.765236,2075
22095,r3i1p1f1,2075,06,30,0.004994379864497619,33.929817,15.043238,2075
22096,r3i1p1f1,2075,07,01,0.7517298427234037,33.17585,15.290072,2075
22097,r3i1p1f1,2075,07,02,0.5674299360830584,30.379883,13.55396,2075
22098,r3i1p1f1,2075,07,03,2.3514585082044834,31.340046,14.557127,2075
22099,r3i1p1f1,2075,07,04,0.5568082866926544,31.659266,15.162012,2075
22100,r3i1p1f1,2075,07,05,0.08162425133925601,33.489414,15.653781,2075
22101,r3i1p1f1,2075,07,06,0.0,34.26635,16.319056,2075
22102,r3i1p1f1,2075,07,07,0.001675153828480027,34.61386,17.056883,2075
22103,r3i1p1f1,2075,07,08,0.0,35.51797,17.297543,2075
22104,r3i1p1f1,2075,07,09,0.0,34.519672,17.236895,2075
22105,r3i1p1f1,2075,07,10,0.0,32.984203,16.043413,2075
22106,r3i1p1f1,2075,07,11,0.0,32.859467,15.589955,2075
22107,r3i1p1f1,2075,07,12,0.0,32.39956,15.677419,2075
22108,r3i1p1f1,2075,07,13,0.0,31.606474,15.637589,2075
22109,r3i1p1f1,2075,07,14,0.0,30.012497,15.44526,2075
22110,r3i1p1f1,2075,07,15,0.0,30.17741,14.163515,2075
22111,r3i1p1f1,2075,07,16,0.0,32.141468,16.524555,2075
22112,r3i1p1f1,2075,07,17,0.0,34.045975,17.520285,2075
22113,r3i1p1f1,2075,07,18,0.0,35.28434,17.957985,2075
22114,r3i1p1f1,2075,07,19,0.008353684697243752,35.410164,18.113068,2075
22115,r3i1p1f1,2075,07,20,0.034691225252269454,34.701096,18.188395,2075
22116,r3i1p1f1,2075,07,21,0.0,34.33263,17.303673,2075
22117,r3i1p1f1,2075,07,22,0.0,35.578964,17.767477,2075
22118,r3i1p1f1,2075,07,23,0.0,36.619633,19.439013,2075
22119,r3i1p1f1,2075,07,24,0.0,36.200253,19.148056,2075
22120,r3i1p1f1,2075,07,25,0.0,38.00486,19.626299,2075
22121,r3i1p1f1,2075,07,26,0.0,37.29134,20.408201,2075
22122,r3i1p1f1,2075,07,27,1.1621611150208495,36.910397,21.054108,2075
22123,r3i1p1f1,2075,07,28,0.0,38.04817,21.295622,2075
22124,r3i1p1f1,2075,07,29,0.0,39.677273,21.049715,2075
22125,r3i1p1f1,2075,07,30,0.0,38.894768,20.327803,2075
22126,r3i1p1f1,2075,07,31,0.012432170368618134,37.38686,19.693998,2075
22127,r3i1p1f1,2075,08,01,0.7119050255983673,35.86043,20.57393,2075
22128,r3i1p1f1,2075,08,02,0.05494775636841289,37.467815,21.362436,2075
22129,r3i1p1f1,2075,08,03,0.05604842503530425,38.31065,21.448349,2075
22130,r3i1p1f1,2075,08,04,0.009406787814276124,36.904793,20.239372,2075
22131,r3i1p1f1,2075,08,05,0.0,36.418453,19.254808,2075
22132,r3i1p1f1,2075,08,06,0.023133509376114518,36.165424,19.145254,2075
22133,r3i1p1f1,2075,08,07,0.0,34.155872,17.928946,2075
22134,r3i1p1f1,2075,08,08,0.0,33.690018,17.373335,2075
22135,r3i1p1f1,2075,08,09,0.0,32.80601,18.049057,2075
22136,r3i1p1f1,2075,08,10,0.0,33.921803,18.725157,2075
22137,r3i1p1f1,2075,08,11,0.050089377662957166,34.250042,18.699104,2075
22138,r3i1p1f1,2075,08,12,0.0,37.082134,19.356916,2075
22139,r3i1p1f1,2075,08,13,0.0,36.67915,19.327698,2075
22140,r3i1p1f1,2075,08,14,0.0,31.538616,16.703445,2075
22141,r3i1p1f1,2075,08,15,0.0,29.273281,15.357586,2075
22142,r3i1p1f1,2075,08,16,0.0,31.51391,16.04187,2075
22143,r3i1p1f1,2075,08,17,0.0,34.04137,17.477219,2075
22144,r3i1p1f1,2075,08,18,0.07951483573186013,36.304546,20.103584,2075
22145,r3i1p1f1,2075,08,19,0.16341351492993647,36.258743,20.081312,2075
22146,r3i1p1f1,2075,08,20,0.20132888240341068,32.77347,17.864874,2075
22147,r3i1p1f1,2075,08,21,0.39870567785604205,30.09462,15.279307,2075
22148,r3i1p1f1,2075,08,22,0.060697392495278495,31.118896,14.970921,2075
22149,r3i1p1f1,2075,08,23,0.01721323211148212,32.39145,15.09875,2075
22150,r3i1p1f1,2075,08,24,0.00891346819557701,31.274384,14.654872,2075
22151,r3i1p1f1,2075,08,25,0.0,31.587626,15.07788,2075
22152,r3i1p1f1,2075,08,26,0.0,31.407137,14.841783,2075
22153,r3i1p1f1,2075,08,27,0.0,29.457293,12.656945,2075
22154,r3i1p1f1,2075,08,28,0.0,26.983162,13.599346,2075
22155,r3i1p1f1,2075,08,29,0.0,24.878885,12.102384,2075
22156,r3i1p1f1,2075,08,30,0.020135961293073542,26.9332,15.382446,2075
22157,r3i1p1f1,2075,08,31,0.012380678601788752,31.464,14.914884,2075
22158,r3i1p1f1,2075,09,01,0.0,34.307472,17.805325,2075
22159,r3i1p1f1,2075,09,02,0.0,35.362263,18.669897,2075
22160,r3i1p1f1,2075,09,03,0.0,36.06551,19.112852,2075
22161,r3i1p1f1,2075,09,04,0.0,36.63898,18.58667,2075
22162,r3i1p1f1,2075,09,05,0.7483277927376824,36.205563,21.248766,2075
22163,r3i1p1f1,2075,09,06,2.3618871593586817,39.393917,22.370625,2075
22164,r3i1p1f1,2075,09,07,0.890771218445011,38.55275,21.25654,2075
22165,r3i1p1f1,2075,09,08,0.5211573069898419,38.860577,21.999546,2075
22166,r3i1p1f1,2075,09,09,0.3552939373625894,39.178642,22.223776,2075
22167,r3i1p1f1,2075,09,10,1.1933445531229319,39.351273,21.569536,2075
22168,r3i1p1f1,2075,09,11,1.5251067522860302,37.31695,23.517786,2075
22169,r3i1p1f1,2075,09,12,0.0003795005437551123,36.3921,19.595053,2075
22170,r3i1p1f1,2075,09,13,0.0,35.177303,18.01092,2075
22171,r3i1p1f1,2075,09,14,0.13740151257176572,33.116386,18.406862,2075
22172,r3i1p1f1,2075,09,15,0.002316910717071909,30.762878,15.247027,2075
22173,r3i1p1f1,2075,09,16,0.0,28.68962,13.398071,2075
22174,r3i1p1f1,2075,09,17,0.003012626530659018,28.45101,12.753148,2075
22175,r3i1p1f1,2075,09,18,0.0,30.673347,14.34039,2075
22176,r3i1p1f1,2075,09,19,0.0,30.936409,14.9767885,2075
22177,r3i1p1f1,2075,09,20,0.0,33.006298,16.277004,2075
22178,r3i1p1f1,2075,09,21,0.0,32.133728,17.119072,2075
22179,r3i1p1f1,2075,09,22,0.0,34.259514,18.383017,2075
22180,r3i1p1f1,2075,09,23,0.0,33.958004,17.33439,2075
22181,r3i1p1f1,2075,09,24,0.004413631201411287,31.831182,15.947969,2075
22182,r3i1p1f1,2075,09,25,0.6072378792971518,28.817513,15.134494,2075
22183,r3i1p1f1,2075,09,26,0.3749238631928275,22.40231,10.793471,2075
22184,r3i1p1f1,2075,09,27,0.0,24.89052,9.289586,2075
22185,r3i1p1f1,2075,09,28,0.0,26.878136,10.483999,2075
22186,r3i1p1f1,2075,09,29,0.0,28.018944,11.281168,2075
22187,r3i1p1f1,2075,09,30,0.0,27.574425,12.144751,2075
22188,r3i1p1f1,2075,10,01,0.0,27.690882,13.34892,2075
22189,r3i1p1f1,2075,10,02,0.0,30.764832,13.856793,2075
22190,r3i1p1f1,2075,10,03,0.0,32.564304,15.24341,2075
22191,r3i1p1f1,2075,10,04,0.0,32.638252,15.49858,2075
22192,r3i1p1f1,2075,10,05,0.0,31.982239,14.5716,2075
22193,r3i1p1f1,2075,10,06,0.0,33.736835,15.373857,2075
22194,r3i1p1f1,2075,10,07,0.0,34.753426,17.168154,2075
22195,r3i1p1f1,2075,10,08,0.0,33.83487,16.267567,2075
22196,r3i1p1f1,2075,10,09,0.0026273143929288244,28.17922,16.2984,2075
22197,r3i1p1f1,2075,10,10,0.0,30.137093,15.106461,2075
22198,r3i1p1f1,2075,10,11,0.0,28.662388,14.780443,2075
22199,r3i1p1f1,2075,10,12,0.0,29.022682,15.736676,2075
22200,r3i1p1f1,2075,10,13,0.0,32.146835,16.010292,2075
22201,r3i1p1f1,2075,10,14,0.0,33.00859,17.365458,2075
22202,r3i1p1f1,2075,10,15,0.0,32.219383,16.288372,2075
22203,r3i1p1f1,2075,10,16,0.0,29.464846,13.299621,2075
22204,r3i1p1f1,2075,10,17,0.2741447940846256,20.753328,7.207996,2075
22205,r3i1p1f1,2075,10,18,0.2536902652574016,17.64699,3.9415896,2075
22206,r3i1p1f1,2075,10,19,23.89198592078394,20.340137,10.336682,2075
22207,r3i1p1f1,2075,10,20,2.896343202955043,18.446947,7.729966,2075
22208,r3i1p1f1,2075,10,21,0.003321544447151775,17.684704,5.0184894,2075
22209,r3i1p1f1,2075,10,22,0.022371275152898197,18.700747,5.5287333,2075
22210,r3i1p1f1,2075,10,23,0.0,19.459698,6.395317,2075
22211,r3i1p1f1,2075,10,24,0.0,20.443575,7.341068,2075
22212,r3i1p1f1,2075,10,25,0.5155904117451758,22.10973,10.995423,2075
22213,r3i1p1f1,2075,10,26,1.4788422920797861,22.572569,10.766266,2075
22214,r3i1p1f1,2075,10,27,0.0,22.605598,9.169063,2075
22215,r3i1p1f1,2075,10,28,0.0005277490135719718,24.038275,10.083949,2075
22216,r3i1p1f1,2075,10,29,0.025352011315672742,23.876112,11.314157,2075
22217,r3i1p1f1,2075,10,30,0.010462440102745666,17.87535,6.9737296,2075
22218,r3i1p1f1,2075,10,31,2.737490544163985,17.618744,7.762308,2075
22219,r3i1p1f1,2075,11,01,0.0,18.089203,4.7116013,2075
22220,r3i1p1f1,2075,11,02,0.012321256903250645,18.702522,7.05731,2075
22221,r3i1p1f1,2075,11,03,0.0016255783879332189,18.191267,5.5943785,2075
22222,r3i1p1f1,2075,11,04,2.9731413711179453,17.524494,8.764467,2075
22223,r3i1p1f1,2075,11,05,0.0,16.206182,3.523035,2075
22224,r3i1p1f1,2075,11,06,0.0013397212112040231,18.58153,5.0842896,2075
22225,r3i1p1f1,2075,11,07,0.0,19.675516,5.56673,2075
22226,r3i1p1f1,2075,11,08,0.008485475704991117,18.517464,6.4790573,2075
22227,r3i1p1f1,2075,11,09,0.0,17.28618,4.091963,2075
22228,r3i1p1f1,2075,11,10,0.0,19.325415,5.3232203,2075
22229,r3i1p1f1,2075,11,11,0.9027801599784818,20.334827,7.0950975,2075
22230,r3i1p1f1,2075,11,12,0.12076572580939904,15.285366,4.3498783,2075
22231,r3i1p1f1,2075,11,13,0.06960598124406357,16.417772,5.5814595,2075
22232,r3i1p1f1,2075,11,14,0.0,17.988703,4.5956106,2075
22233,r3i1p1f1,2075,11,15,0.0,19.646255,4.208784,2075
22234,r3i1p1f1,2075,11,16,0.0,19.587746,4.4707317,2075
22235,r3i1p1f1,2075,11,17,0.0,20.192745,4.668028,2075
22236,r3i1p1f1,2075,11,18,0.12117580648588376,19.63947,7.482761,2075
22237,r3i1p1f1,2075,11,19,0.17718477149394335,19.135118,7.150524,2075
22238,r3i1p1f1,2075,11,20,18.967673074551964,20.404295,10.456597,2075
22239,r3i1p1f1,2075,11,21,7.864755270466323,14.329899,3.9337318,2075
22240,r3i1p1f1,2075,11,22,0.2900756727974636,12.99845,3.6173954,2075
22241,r3i1p1f1,2075,11,23,0.002528085517979255,16.162006,2.8028417,2075
22242,r3i1p1f1,2075,11,24,0.0,16.479822,3.5126343,2075
22243,r3i1p1f1,2075,11,25,0.008048720474383144,15.309584,4.854699,2075
22244,r3i1p1f1,2075,11,26,0.061218428750042665,16.282671,3.191759,2075
22245,r3i1p1f1,2075,11,27,0.0,16.849958,3.171123,2075
22246,r3i1p1f1,2075,11,28,0.0,16.935911,3.3486,2075
22247,r3i1p1f1,2075,11,29,0.0,16.527864,3.8536677,2075
22248,r3i1p1f1,2075,11,30,0.0,16.537876,4.207761,2075
22249,r3i1p1f1,2075,12,01,0.0,17.507818,4.169447,2075
22250,r3i1p1f1,2075,12,02,0.0,16.374393,3.167504,2075
22251,r3i1p1f1,2075,12,03,0.016638715731005504,16.268785,3.3719094,2075
22252,r3i1p1f1,2075,12,04,0.03458926681504994,16.979755,4.670981,2075
22253,r3i1p1f1,2075,12,05,0.0313385700949518,16.101915,6.26263,2075
22254,r3i1p1f1,2075,12,06,0.0,13.478988,1.2650884,2075
22255,r3i1p1f1,2075,12,07,0.0,16.078804,2.0883622,2075
22256,r3i1p1f1,2075,12,08,2.554746364088108e-05,14.915634,1.9328846,2075
22257,r3i1p1f1,2075,12,09,0.0,17.505707,3.6813157,2075
22258,r3i1p1f1,2075,12,10,0.0,19.524069,5.0552297,2075
22259,r3i1p1f1,2075,12,11,4.6754885731311475,18.605085,6.097925,2075
22260,r3i1p1f1,2075,12,12,0.7341923038587662,13.98434,5.1412315,2075
22261,r3i1p1f1,2075,12,13,0.0,12.90261,-0.87927425,2075
22262,r3i1p1f1,2075,12,14,0.0,11.18884,-3.1113088,2075
22263,r3i1p1f1,2075,12,15,0.0,8.600932,-4.3521585,2075
22264,r3i1p1f1,2075,12,16,0.0,11.045935,-2.7390199,2075
22265,r3i1p1f1,2075,12,17,0.0,15.1768675,1.0688707,2075
22266,r3i1p1f1,2075,12,18,0.0,19.486994,5.044619,2075
22267,r3i1p1f1,2075,12,19,0.0,20.055107,6.2782826,2075
22268,r3i1p1f1,2075,12,20,0.0,20.424702,6.3563666,2075
22269,r3i1p1f1,2075,12,21,0.0,19.653679,5.426014,2075
22270,r3i1p1f1,2075,12,22,0.0,18.003326,5.0386643,2075
22271,r3i1p1f1,2075,12,23,0.0,14.020841,1.5513871,2075
22272,r3i1p1f1,2075,12,24,0.0,12.957673,0.6257881,2075
22273,r3i1p1f1,2075,12,25,0.0,14.138704,1.6405295,2075
22274,r3i1p1f1,2075,12,26,0.0,14.094727,1.0721153,2075
22275,r3i1p1f1,2075,12,27,0.0,13.638212,1.3172446,2075
22276,r3i1p1f1,2075,12,28,0.0009276845252536463,14.593156,1.4909233,2075
22277,r3i1p1f1,2075,12,29,0.006170769038638382,15.890613,3.1763387,2075
22278,r3i1p1f1,2075,12,30,0.0017102234767552352,19.185646,4.628153,2075
22279,r3i1p1f1,2075,12,31,0.0,20.5299,5.996317,2075
22280,r3i1p1f1,2076,01,01,0.0,19.450287,5.754932,2076
22281,r3i1p1f1,2076,01,02,0.0063133951456014374,20.32789,7.344647,2076
22282,r3i1p1f1,2076,01,03,0.014120635588011337,19.223211,4.2026453,2076
22283,r3i1p1f1,2076,01,04,0.0,19.639524,5.3105707,2076
22284,r3i1p1f1,2076,01,05,0.0001799369078291806,21.143589,6.1168528,2076
22285,r3i1p1f1,2076,01,06,0.8949809559866977,20.83619,9.122566,2076
22286,r3i1p1f1,2076,01,07,0.0,21.685585,6.9163513,2076
22287,r3i1p1f1,2076,01,08,0.8054080601210912,21.309181,6.783522,2076
22288,r3i1p1f1,2076,01,09,0.021288625964988376,17.72987,7.366616,2076
22289,r3i1p1f1,2076,01,10,0.0,17.69471,2.2119281,2076
22290,r3i1p1f1,2076,01,11,1.7246039007008993,16.808485,3.8343146,2076
22291,r3i1p1f1,2076,01,12,7.793883841986413,11.738826,3.7691069,2076
22292,r3i1p1f1,2076,01,13,1.0665278258078836,10.433298,-1.1494126,2076
22293,r3i1p1f1,2076,01,14,0.14221532100539966,11.534033,-1.7781969,2076
22294,r3i1p1f1,2076,01,15,0.0,12.65314,-1.431202,2076
22295,r3i1p1f1,2076,01,16,0.0,14.010152,0.09191278,2076
22296,r3i1p1f1,2076,01,17,0.0,15.549904,0.82541275,2076
22297,r3i1p1f1,2076,01,18,0.0,17.187805,2.460646,2076
22298,r3i1p1f1,2076,01,19,0.0,17.130009,3.34645,2076
22299,r3i1p1f1,2076,01,20,0.0,18.190113,4.37897,2076
22300,r3i1p1f1,2076,01,21,0.0019504856953228061,17.422739,3.8376868,2076
22301,r3i1p1f1,2076,01,22,0.000878799156370488,19.303654,4.8972516,2076
22302,r3i1p1f1,2076,01,23,0.0,19.351017,3.7501187,2076
22303,r3i1p1f1,2076,01,24,0.0,19.345024,4.467022,2076
22304,r3i1p1f1,2076,01,25,1.505787061314274,17.13573,6.264956,2076
22305,r3i1p1f1,2076,01,26,5.846840757837499,13.185131,3.974866,2076
22306,r3i1p1f1,2076,01,27,0.00015860393459936887,15.984868,6.5082307,2076
22307,r3i1p1f1,2076,01,28,0.0,18.507933,3.430891,2076
22308,r3i1p1f1,2076,01,29,0.00069698469649831,18.064713,3.173646,2076
22309,r3i1p1f1,2076,01,30,0.0,18.151783,3.9819624,2076
22310,r3i1p1f1,2076,01,31,0.0020826981177158427,17.414791,3.9247627,2076
22311,r3i1p1f1,2076,02,01,0.0,13.479086,1.866981,2076
22312,r3i1p1f1,2076,02,02,0.0,13.783737,-1.0373087,2076
22313,r3i1p1f1,2076,02,03,0.0,14.443003,-0.9196603,2076
22314,r3i1p1f1,2076,02,04,0.0,14.487095,-0.35054588,2076
22315,r3i1p1f1,2076,02,05,0.0,15.856285,2.587677,2076
22316,r3i1p1f1,2076,02,06,0.0,18.871813,2.3297145,2076
22317,r3i1p1f1,2076,02,07,0.0,19.812582,2.7331176,2076
22318,r3i1p1f1,2076,02,08,0.0,19.792152,3.865836,2076
22319,r3i1p1f1,2076,02,09,0.0,18.638615,3.4715931,2076
22320,r3i1p1f1,2076,02,10,0.0,17.72965,3.593412,2076
22321,r3i1p1f1,2076,02,11,0.0,17.014317,0.3494844,2076
22322,r3i1p1f1,2076,02,12,0.0,18.841267,1.4670054,2076
22323,r3i1p1f1,2076,02,13,0.0,18.765726,1.4383701,2076
22324,r3i1p1f1,2076,02,14,0.0,15.256909,-0.49320978,2076
22325,r3i1p1f1,2076,02,15,4.232348350395279,13.611863,1.3390944,2076
22326,r3i1p1f1,2076,02,16,15.451859068248957,13.238976,3.466594,2076
22327,r3i1p1f1,2076,02,17,2.2977686703107434,13.075517,-0.1350159,2076
22328,r3i1p1f1,2076,02,18,27.175066887725595,12.513391,3.5975325,2076
22329,r3i1p1f1,2076,02,19,29.275592211263508,14.961901,6.4228163,2076
22330,r3i1p1f1,2076,02,20,2.166229597753982,16.856197,3.8778996,2076
22331,r3i1p1f1,2076,02,21,0.0017301162270913746,15.789564,1.0317761,2076
22332,r3i1p1f1,2076,02,22,27.071309765275203,15.108165,7.032266,2076
22333,r3i1p1f1,2076,02,23,4.879413686857416,12.547593,1.017943,2076
22334,r3i1p1f1,2076,02,24,0.0,11.598477,-2.810921,2076
22335,r3i1p1f1,2076,02,25,0.0,15.115678,-1.0378577,2076
22336,r3i1p1f1,2076,02,26,0.003190949403991302,17.497818,2.3480928,2076
22337,r3i1p1f1,2076,02,27,0.11891412009356028,16.136637,4.019961,2076
22338,r3i1p1f1,2076,02,28,1.1985615645894678,16.488281,5.870101,2076
22339,r3i1p1f1,2076,02,29,0.3376145962223139,16.056482,4.781334,2076
22340,r3i1p1f1,2076,03,01,0.27423824424190435,15.825961,3.5316837,2076
22341,r3i1p1f1,2076,03,02,0.004508441074215101,15.850969,0.12732588,2076
22342,r3i1p1f1,2076,03,03,0.0,18.104113,0.08195195,2076
22343,r3i1p1f1,2076,03,04,0.0,19.79971,2.750839,2076
22344,r3i1p1f1,2076,03,05,0.0,20.599577,3.4861097,2076
22345,r3i1p1f1,2076,03,06,0.0,21.909374,5.2458496,2076
22346,r3i1p1f1,2076,03,07,0.0,22.804676,9.173889,2076
22347,r3i1p1f1,2076,03,08,0.0,22.545017,6.92204,2076
22348,r3i1p1f1,2076,03,09,0.03363859994957844,22.306759,6.302479,2076
22349,r3i1p1f1,2076,03,10,0.0,24.497051,7.024636,2076
22350,r3i1p1f1,2076,03,11,0.0,25.846899,8.679321,2076
22351,r3i1p1f1,2076,03,12,0.0,27.06417,8.744404,2076
22352,r3i1p1f1,2076,03,13,0.0,26.035875,7.398934,2076
22353,r3i1p1f1,2076,03,14,0.0,20.141647,4.9376283,2076
22354,r3i1p1f1,2076,03,15,0.0,20.69367,4.2332973,2076
22355,r3i1p1f1,2076,03,16,0.0,23.102217,5.076947,2076
22356,r3i1p1f1,2076,03,17,0.0,25.332754,7.7369504,2076
22357,r3i1p1f1,2076,03,18,0.0,29.549555,10.4769945,2076
22358,r3i1p1f1,2076,03,19,0.0,29.633759,11.04793,2076
22359,r3i1p1f1,2076,03,20,0.0035763936907504544,27.862442,9.753314,2076
22360,r3i1p1f1,2076,03,21,0.08223411482724645,24.065485,6.0223465,2076
22361,r3i1p1f1,2076,03,22,0.06325239027236504,22.756878,5.491347,2076
22362,r3i1p1f1,2076,03,23,0.0,21.388823,4.5404644,2076
22363,r3i1p1f1,2076,03,24,0.0,26.231216,6.856043,2076
22364,r3i1p1f1,2076,03,25,0.0,26.624624,7.679445,2076
22365,r3i1p1f1,2076,03,26,0.0,25.006891,6.903614,2076
22366,r3i1p1f1,2076,03,27,0.0,26.969482,7.898333,2076
22367,r3i1p1f1,2076,03,28,0.0,26.670294,7.5210457,2076
22368,r3i1p1f1,2076,03,29,0.0,26.011553,6.543091,2076
22369,r3i1p1f1,2076,03,30,0.0,26.372486,5.958417,2076
22370,r3i1p1f1,2076,03,31,0.0,26.504532,5.1863527,2076
22371,r3i1p1f1,2076,04,01,1.0209010144877317,24.756899,5.10245,2076
22372,r3i1p1f1,2076,04,02,42.7683224941244,16.128689,7.845297,2076
22373,r3i1p1f1,2076,04,03,8.583385921131898,12.271083,3.974288,2076
22374,r3i1p1f1,2076,04,04,0.6246878084515849,16.603584,2.636226,2076
22375,r3i1p1f1,2076,04,05,1.9259318145233202,17.29158,2.0196831,2076
22376,r3i1p1f1,2076,04,06,49.31276170695624,15.684088,7.679306,2076
22377,r3i1p1f1,2076,04,07,7.070068084969094,15.40293,5.5576878,2076
22378,r3i1p1f1,2076,04,08,0.00047965569661535096,16.589046,0.28998882,2076
22379,r3i1p1f1,2076,04,09,0.0,18.467241,1.9675401,2076
22380,r3i1p1f1,2076,04,10,0.16166657470007936,18.014091,4.876355,2076
22381,r3i1p1f1,2076,04,11,0.05327493753143107,17.202837,1.9914095,2076
22382,r3i1p1f1,2076,04,12,1.622261501813062,15.871655,4.924384,2076
22383,r3i1p1f1,2076,04,13,0.0128112710213331,18.850025,2.992322,2076
22384,r3i1p1f1,2076,04,14,0.0,22.841284,4.8682065,2076
22385,r3i1p1f1,2076,04,15,0.0,25.576853,6.8464375,2076
22386,r3i1p1f1,2076,04,16,0.0,28.170122,9.929353,2076
22387,r3i1p1f1,2076,04,17,0.0,28.260962,9.188485,2076
22388,r3i1p1f1,2076,04,18,0.06150099104547046,23.242504,6.192645,2076
22389,r3i1p1f1,2076,04,19,0.00048238171130475223,19.238811,3.8256953,2076
22390,r3i1p1f1,2076,04,20,3.125861659444843,15.846721,4.200648,2076
22391,r3i1p1f1,2076,04,21,0.5588596193980045,19.011528,2.7617803,2076
22392,r3i1p1f1,2076,04,22,0.031215807936281304,22.804033,5.3829107,2076
22393,r3i1p1f1,2076,04,23,0.0,23.93943,5.753055,2076
22394,r3i1p1f1,2076,04,24,0.0,23.499207,7.4335217,2076
22395,r3i1p1f1,2076,04,25,0.0,25.214878,6.760245,2076
22396,r3i1p1f1,2076,04,26,0.0,28.528717,9.299555,2076
22397,r3i1p1f1,2076,04,27,0.0,28.471437,10.244385,2076
22398,r3i1p1f1,2076,04,28,0.0,28.525621,9.368582,2076
22399,r3i1p1f1,2076,04,29,0.0,28.73477,9.320163,2076
22400,r3i1p1f1,2076,04,30,0.0,27.643515,8.8748865,2076
22401,r3i1p1f1,2076,05,01,0.0,25.9389,7.589804,2076
22402,r3i1p1f1,2076,05,02,0.0,30.624306,10.613016,2076
22403,r3i1p1f1,2076,05,03,0.0,31.962059,12.849135,2076
22404,r3i1p1f1,2076,05,04,0.0,30.845343,12.467508,2076
22405,r3i1p1f1,2076,05,05,0.0,31.690557,12.603707,2076
22406,r3i1p1f1,2076,05,06,0.0,30.434385,11.191642,2076
22407,r3i1p1f1,2076,05,07,0.019605950104905234,24.26555,8.351081,2076
22408,r3i1p1f1,2076,05,08,0.0,27.57319,8.710644,2076
22409,r3i1p1f1,2076,05,09,0.0,31.35679,12.840683,2076
22410,r3i1p1f1,2076,05,10,0.0,33.371647,13.5743475,2076
22411,r3i1p1f1,2076,05,11,0.0,31.584824,12.590399,2076
22412,r3i1p1f1,2076,05,12,0.0,28.13345,10.339424,2076
22413,r3i1p1f1,2076,05,13,0.0,28.621078,10.581706,2076
22414,r3i1p1f1,2076,05,14,0.0,28.88801,10.25421,2076
22415,r3i1p1f1,2076,05,15,0.0,27.615053,9.405214,2076
22416,r3i1p1f1,2076,05,16,0.0,26.263107,7.8614006,2076
22417,r3i1p1f1,2076,05,17,0.0,26.53345,7.6749525,2076
22418,r3i1p1f1,2076,05,18,0.0,29.454535,9.601236,2076
22419,r3i1p1f1,2076,05,19,0.0,28.29494,9.2652645,2076
22420,r3i1p1f1,2076,05,20,0.0,26.355036,8.172382,2076
22421,r3i1p1f1,2076,05,21,0.09527138291697625,21.981339,4.107035,2076
22422,r3i1p1f1,2076,05,22,0.3169062254437449,19.790043,4.069612,2076
22423,r3i1p1f1,2076,05,23,0.0,22.493607,4.890731,2076
22424,r3i1p1f1,2076,05,24,0.0,27.183722,8.20549,2076
22425,r3i1p1f1,2076,05,25,0.0,31.89717,12.330661,2076
22426,r3i1p1f1,2076,05,26,0.0,31.762966,12.5631,2076
22427,r3i1p1f1,2076,05,27,0.0,29.66429,11.315051,2076
22428,r3i1p1f1,2076,05,28,0.0,26.357332,8.494231,2076
22429,r3i1p1f1,2076,05,29,0.0,23.460505,5.395512,2076
22430,r3i1p1f1,2076,05,30,0.0,24.60414,6.6630535,2076
22431,r3i1p1f1,2076,05,31,0.0,24.153566,6.5828686,2076
22432,r3i1p1f1,2076,06,01,0.0,22.72033,6.8344593,2076
22433,r3i1p1f1,2076,06,02,0.0,25.922396,7.260506,2076
22434,r3i1p1f1,2076,06,03,0.0,28.802738,10.284237,2076
22435,r3i1p1f1,2076,06,04,0.0,30.110538,11.703292,2076
22436,r3i1p1f1,2076,06,05,0.0,29.478773,11.329624,2076
22437,r3i1p1f1,2076,06,06,0.0,27.578768,10.559188,2076
22438,r3i1p1f1,2076,06,07,0.0,25.674244,9.381642,2076
22439,r3i1p1f1,2076,06,08,0.0,24.837152,8.029628,2076
22440,r3i1p1f1,2076,06,09,0.0,24.906649,7.563823,2076
22441,r3i1p1f1,2076,06,10,0.0,28.208622,9.967144,2076
22442,r3i1p1f1,2076,06,11,0.0,29.980316,11.573707,2076
22443,r3i1p1f1,2076,06,12,0.0,29.130842,10.819627,2076
22444,r3i1p1f1,2076,06,13,0.0,28.783354,11.237296,2076
22445,r3i1p1f1,2076,06,14,0.0,29.786037,12.288759,2076
22446,r3i1p1f1,2076,06,15,0.0,29.218979,12.177977,2076
22447,r3i1p1f1,2076,06,16,0.0,28.563671,12.211467,2076
22448,r3i1p1f1,2076,06,17,0.0,33.196617,14.596413,2076
22449,r3i1p1f1,2076,06,18,0.0,37.344208,17.186146,2076
22450,r3i1p1f1,2076,06,19,0.0,39.812023,19.246525,2076
22451,r3i1p1f1,2076,06,20,0.0,39.337296,20.603813,2076
22452,r3i1p1f1,2076,06,21,0.0,39.119446,19.279556,2076
22453,r3i1p1f1,2076,06,22,0.0,39.2538,18.653969,2076
22454,r3i1p1f1,2076,06,23,0.0,38.180214,17.883478,2076
22455,r3i1p1f1,2076,06,24,0.0,34.935078,15.145113,2076
22456,r3i1p1f1,2076,06,25,0.0,33.985405,14.765096,2076
22457,r3i1p1f1,2076,06,26,0.0,36.118744,16.448132,2076
22458,r3i1p1f1,2076,06,27,0.0,35.82005,17.095463,2076
22459,r3i1p1f1,2076,06,28,0.0,32.904793,14.578626,2076
22460,r3i1p1f1,2076,06,29,0.0,29.631819,12.933239,2076
22461,r3i1p1f1,2076,06,30,0.0,31.918224,13.900432,2076
22462,r3i1p1f1,2076,07,01,0.0,34.3222,16.259918,2076
22463,r3i1p1f1,2076,07,02,0.003101726302481962,34.23503,16.267738,2076
22464,r3i1p1f1,2076,07,03,0.0,34.91391,16.927044,2076
22465,r3i1p1f1,2076,07,04,0.0,34.69035,16.807676,2076
22466,r3i1p1f1,2076,07,05,0.0,34.073044,16.549133,2076
22467,r3i1p1f1,2076,07,06,0.0,35.543716,17.446554,2076
22468,r3i1p1f1,2076,07,07,0.0,36.386456,18.154377,2076
22469,r3i1p1f1,2076,07,08,0.0,35.684933,16.732557,2076
22470,r3i1p1f1,2076,07,09,0.0,34.461937,17.047535,2076
22471,r3i1p1f1,2076,07,10,0.0,33.84436,16.642212,2076
22472,r3i1p1f1,2076,07,11,0.0,34.68513,17.083595,2076
22473,r3i1p1f1,2076,07,12,0.0,35.930073,17.087337,2076
22474,r3i1p1f1,2076,07,13,0.0,35.631298,18.722885,2076
22475,r3i1p1f1,2076,07,14,0.0,35.491398,17.759062,2076
22476,r3i1p1f1,2076,07,15,0.0,37.730022,19.047451,2076
22477,r3i1p1f1,2076,07,16,0.0,38.491417,22.384964,2076
22478,r3i1p1f1,2076,07,17,0.0,41.188328,24.020906,2076
22479,r3i1p1f1,2076,07,18,0.0,40.08511,22.328058,2076
22480,r3i1p1f1,2076,07,19,0.0,38.517227,20.449327,2076
22481,r3i1p1f1,2076,07,20,0.0,39.005302,19.727571,2076
22482,r3i1p1f1,2076,07,21,0.0,40.654095,21.155272,2076
22483,r3i1p1f1,2076,07,22,0.0,43.03116,21.918028,2076
22484,r3i1p1f1,2076,07,23,0.47868268987671897,42.91765,22.726355,2076
22485,r3i1p1f1,2076,07,24,0.8402637716128745,38.72973,21.402704,2076
22486,r3i1p1f1,2076,07,25,0.0988497949914414,35.469234,19.267084,2076
22487,r3i1p1f1,2076,07,26,0.8593410636526779,35.103817,18.894196,2076
22488,r3i1p1f1,2076,07,27,0.17607576072667586,37.44815,19.84017,2076
22489,r3i1p1f1,2076,07,28,0.10766129565044222,37.544037,20.743414,2076
22490,r3i1p1f1,2076,07,29,0.010174300987273455,36.838005,19.993265,2076
22491,r3i1p1f1,2076,07,30,0.0,36.217697,18.20812,2076
22492,r3i1p1f1,2076,07,31,0.5443411366132116,36.827705,19.964415,2076
22493,r3i1p1f1,2076,08,01,0.0,37.60529,20.800564,2076
22494,r3i1p1f1,2076,08,02,0.0,39.12882,20.301647,2076
22495,r3i1p1f1,2076,08,03,0.0,38.630775,19.950401,2076
22496,r3i1p1f1,2076,08,04,0.024017454124987125,37.965466,19.41107,2076
22497,r3i1p1f1,2076,08,05,0.011521607141758344,37.699177,22.366846,2076
22498,r3i1p1f1,2076,08,06,0.11822874162162682,36.3384,19.93598,2076
22499,r3i1p1f1,2076,08,07,0.010490215341137215,37.485134,19.909428,2076
22500,r3i1p1f1,2076,08,08,0.19183214780324223,37.57675,20.368816,2076
22501,r3i1p1f1,2076,08,09,0.05813199200378166,37.518982,19.584488,2076
22502,r3i1p1f1,2076,08,10,2.6257100331134677,36.658314,19.948112,2076
22503,r3i1p1f1,2076,08,11,0.24004754784982651,37.066154,20.826494,2076
22504,r3i1p1f1,2076,08,12,0.004461148302211906,38.41485,20.844177,2076
22505,r3i1p1f1,2076,08,13,0.21367969672252057,38.212395,20.905746,2076
22506,r3i1p1f1,2076,08,14,0.11356045643686119,36.404152,19.922274,2076
22507,r3i1p1f1,2076,08,15,1.0252469998279896,36.352207,19.755928,2076
22508,r3i1p1f1,2076,08,16,0.35114496037942555,39.2063,20.497145,2076
22509,r3i1p1f1,2076,08,17,0.146548804618898,38.96715,21.711233,2076
22510,r3i1p1f1,2076,08,18,5.83149994801109,35.135075,18.584845,2076
22511,r3i1p1f1,2076,08,19,0.002474765871849024,32.266567,18.215103,2076
22512,r3i1p1f1,2076,08,20,1.0153527971829823,30.807636,17.083685,2076
22513,r3i1p1f1,2076,08,21,0.3475536335601205,30.970806,16.175644,2076
22514,r3i1p1f1,2076,08,22,0.906774666161227,31.098526,16.449324,2076
22515,r3i1p1f1,2076,08,23,0.195992905721527,27.632227,14.137018,2076
22516,r3i1p1f1,2076,08,24,1.5851004490986904,30.09707,15.505734,2076
22517,r3i1p1f1,2076,08,25,1.4123638494360917,32.793377,17.330137,2076
22518,r3i1p1f1,2076,08,26,0.0,32.39676,16.307215,2076
22519,r3i1p1f1,2076,08,27,0.0,32.15308,15.666724,2076
22520,r3i1p1f1,2076,08,28,0.0,33.908203,17.155304,2076
22521,r3i1p1f1,2076,08,29,0.0,34.3928,17.14883,2076
22522,r3i1p1f1,2076,08,30,0.0,36.75495,17.802826,2076
22523,r3i1p1f1,2076,08,31,0.0,37.834785,18.690863,2076
22524,r3i1p1f1,2076,09,01,0.0,36.78463,19.740646,2076
22525,r3i1p1f1,2076,09,02,0.0,36.012863,18.997839,2076
22526,r3i1p1f1,2076,09,03,0.0,37.174717,19.548233,2076
22527,r3i1p1f1,2076,09,04,0.0,37.031616,19.405962,2076
22528,r3i1p1f1,2076,09,05,0.0,36.91069,18.711493,2076
22529,r3i1p1f1,2076,09,06,0.0,38.661613,19.754696,2076
22530,r3i1p1f1,2076,09,07,0.0,38.65513,20.457165,2076
22531,r3i1p1f1,2076,09,08,0.013240772020777293,38.72324,22.264517,2076
22532,r3i1p1f1,2076,09,09,0.0,37.818707,21.331322,2076
22533,r3i1p1f1,2076,09,10,0.5381040484732666,34.925014,20.047142,2076
22534,r3i1p1f1,2076,09,11,2.2270519417273165,34.453453,19.089987,2076
22535,r3i1p1f1,2076,09,12,0.009039797545428331,33.290382,17.996809,2076
22536,r3i1p1f1,2076,09,13,0.0,31.876263,16.507025,2076
22537,r3i1p1f1,2076,09,14,1.0639990829407576e-05,27.8877,13.290913,2076
22538,r3i1p1f1,2076,09,15,0.0,27.157846,13.348358,2076
22539,r3i1p1f1,2076,09,16,0.0,28.694029,14.117187,2076
22540,r3i1p1f1,2076,09,17,0.0,27.726015,13.781283,2076
22541,r3i1p1f1,2076,09,18,0.0,31.146759,14.762326,2076
22542,r3i1p1f1,2076,09,19,0.0,33.677155,16.561531,2076
22543,r3i1p1f1,2076,09,20,0.0,34.464504,17.135386,2076
22544,r3i1p1f1,2076,09,21,0.03114488024342184,34.355934,17.411335,2076
22545,r3i1p1f1,2076,09,22,0.6562994142542734,35.414715,19.60815,2076
22546,r3i1p1f1,2076,09,23,0.010374625756715735,34.546936,20.085756,2076
22547,r3i1p1f1,2076,09,24,2.1165482451149065,34.100063,20.363047,2076
22548,r3i1p1f1,2076,09,25,3.609281596243157,34.11861,17.496082,2076
22549,r3i1p1f1,2076,09,26,0.31831863292223495,32.86531,18.250748,2076
22550,r3i1p1f1,2076,09,27,0.769822731169618,33.080345,18.909117,2076
22551,r3i1p1f1,2076,09,28,1.70441673715135,32.766968,18.172426,2076
22552,r3i1p1f1,2076,09,29,0.0,33.42443,18.949333,2076
22553,r3i1p1f1,2076,09,30,0.0,33.935085,19.092384,2076
22554,r3i1p1f1,2076,10,01,0.0,33.77844,18.197706,2076
22555,r3i1p1f1,2076,10,02,0.0,34.04266,17.063131,2076
22556,r3i1p1f1,2076,10,03,0.0,34.176876,17.069984,2076
22557,r3i1p1f1,2076,10,04,0.0,33.258015,16.453125,2076
22558,r3i1p1f1,2076,10,05,0.0,33.564964,16.26162,2076
22559,r3i1p1f1,2076,10,06,0.0,31.550266,15.335166,2076
22560,r3i1p1f1,2076,10,07,0.0,28.06536,14.023232,2076
22561,r3i1p1f1,2076,10,08,0.0,30.342018,13.59703,2076
22562,r3i1p1f1,2076,10,09,0.0,34.240692,17.129833,2076
22563,r3i1p1f1,2076,10,10,0.0,34.026283,17.24496,2076
22564,r3i1p1f1,2076,10,11,0.0,33.655663,16.393177,2076
22565,r3i1p1f1,2076,10,12,0.0,31.07616,14.571351,2076
22566,r3i1p1f1,2076,10,13,0.0,28.236506,12.855547,2076
22567,r3i1p1f1,2076,10,14,0.0,33.294895,14.773887,2076
22568,r3i1p1f1,2076,10,15,0.0,35.622913,17.667063,2076
22569,r3i1p1f1,2076,10,16,0.03728485426329302,34.63224,17.987782,2076
22570,r3i1p1f1,2076,10,17,0.0,30.518827,12.992472,2076
22571,r3i1p1f1,2076,10,18,0.016718642628719946,23.571022,10.0890875,2076
22572,r3i1p1f1,2076,10,19,0.0,23.106636,9.097161,2076
22573,r3i1p1f1,2076,10,20,0.0,27.100824,11.239637,2076
22574,r3i1p1f1,2076,10,21,0.0,29.573128,14.406173,2076
22575,r3i1p1f1,2076,10,22,0.0,28.66229,12.21653,2076
22576,r3i1p1f1,2076,10,23,0.05303738883743459,23.64964,9.337152,2076
22577,r3i1p1f1,2076,10,24,17.93988222808394,24.170609,12.583493,2076
22578,r3i1p1f1,2076,10,25,4.1314303887094015,20.04496,9.412856,2076
22579,r3i1p1f1,2076,10,26,0.01992713617999636,20.979633,7.971517,2076
22580,r3i1p1f1,2076,10,27,1.941126242585955,24.2148,10.048377,2076
22581,r3i1p1f1,2076,10,28,2.0430259103026898,25.021687,12.686771,2076
22582,r3i1p1f1,2076,10,29,1.261314194835546,23.77458,11.681287,2076
22583,r3i1p1f1,2076,10,30,5.603411300037282,19.979532,8.475847,2076
22584,r3i1p1f1,2076,10,31,10.511068345482327,15.944579,6.289372,2076
22585,r3i1p1f1,2076,11,01,5.219320380584219,20.252337,8.227666,2076
22586,r3i1p1f1,2076,11,02,0.0008333573350682855,21.905087,8.531214,2076
22587,r3i1p1f1,2076,11,03,0.0,22.106722,8.794474,2076
22588,r3i1p1f1,2076,11,04,0.0,22.414043,9.6499605,2076
22589,r3i1p1f1,2076,11,05,0.012188118259721457,20.834589,9.532148,2076
22590,r3i1p1f1,2076,11,06,0.029115416250671402,20.239553,8.32972,2076
22591,r3i1p1f1,2076,11,07,0.0025417753777494936,22.92829,9.785802,2076
22592,r3i1p1f1,2076,11,08,0.0,22.459707,9.384995,2076
22593,r3i1p1f1,2076,11,09,0.0,22.29985,8.8216715,2076
22594,r3i1p1f1,2076,11,10,0.0,24.979116,10.371099,2076
22595,r3i1p1f1,2076,11,11,0.0,25.031927,11.574288,2076
22596,r3i1p1f1,2076,11,12,0.0,24.602509,10.860841,2076
22597,r3i1p1f1,2076,11,13,0.0,25.284231,11.310322,2076
22598,r3i1p1f1,2076,11,14,6.421283813082427,26.39826,14.720886,2076
22599,r3i1p1f1,2076,11,15,0.036851953892354766,16.217377,5.4212847,2076
22600,r3i1p1f1,2076,11,16,0.0,15.201421,2.5683734,2076
22601,r3i1p1f1,2076,11,17,0.0,17.79797,4.4696426,2076
22602,r3i1p1f1,2076,11,18,0.0030185265561819756,16.936981,4.71513,2076
22603,r3i1p1f1,2076,11,19,0.0,18.333641,5.03311,2076
22604,r3i1p1f1,2076,11,20,0.0,17.970846,5.1183243,2076
22605,r3i1p1f1,2076,11,21,0.008675484422190382,16.593452,4.326288,2076
22606,r3i1p1f1,2076,11,22,0.003347931872695247,16.60874,6.190318,2076
22607,r3i1p1f1,2076,11,23,0.019270471706421988,18.662735,4.981513,2076
22608,r3i1p1f1,2076,11,24,0.0,20.45212,6.0913024,2076
22609,r3i1p1f1,2076,11,25,0.0,20.588028,5.4965043,2076
22610,r3i1p1f1,2076,11,26,0.03812814323089586,18.719023,4.4592514,2076
22611,r3i1p1f1,2076,11,27,0.29367477338052017,15.795008,4.4532495,2076
22612,r3i1p1f1,2076,11,28,0.08000751498250545,15.534578,3.210564,2076
22613,r3i1p1f1,2076,11,29,0.052940344352409185,16.31832,3.4896924,2076
22614,r3i1p1f1,2076,11,30,0.0,16.549732,4.2306824,2076
22615,r3i1p1f1,2076,12,01,0.0,16.979425,3.453626,2076
22616,r3i1p1f1,2076,12,02,0.0,17.546595,3.9501083,2076
22617,r3i1p1f1,2076,12,03,0.0,18.990631,4.3420167,2076
22618,r3i1p1f1,2076,12,04,0.0,18.218678,5.121001,2076
22619,r3i1p1f1,2076,12,05,0.0,18.900154,4.580945,2076
22620,r3i1p1f1,2076,12,06,0.0,21.209894,5.6415777,2076
22621,r3i1p1f1,2076,12,07,0.0,18.565556,6.462315,2076
22622,r3i1p1f1,2076,12,08,0.0,20.503141,5.7088265,2076
22623,r3i1p1f1,2076,12,09,0.0,21.113344,5.9589195,2076
22624,r3i1p1f1,2076,12,10,0.0,20.764246,6.5545483,2076
22625,r3i1p1f1,2076,12,11,0.0,21.724327,7.298698,2076
22626,r3i1p1f1,2076,12,12,0.0,22.864174,8.5753565,2076
22627,r3i1p1f1,2076,12,13,0.0,22.019167,7.1459928,2076
22628,r3i1p1f1,2076,12,14,0.0,21.100925,6.9798374,2076
22629,r3i1p1f1,2076,12,15,0.0,24.891506,8.719283,2076
22630,r3i1p1f1,2076,12,16,0.0,22.512177,7.1704617,2076
22631,r3i1p1f1,2076,12,17,5.5022292617923085,21.531012,9.000677,2076
22632,r3i1p1f1,2076,12,18,13.697084104376037,20.156563,9.666671,2076
22633,r3i1p1f1,2076,12,19,8.8640093860398,19.543688,10.196199,2076
22634,r3i1p1f1,2076,12,20,0.0004394027884259368,16.584024,3.3788002,2076
22635,r3i1p1f1,2076,12,21,15.56425522603659,15.743736,8.214036,2076
22636,r3i1p1f1,2076,12,22,1.1211842072298444,12.165722,3.8168938,2076
22637,r3i1p1f1,2076,12,23,0.0,9.978669,-1.7625777,2076
22638,r3i1p1f1,2076,12,24,0.0032880593260580845,11.901628,-0.9256324,2076
22639,r3i1p1f1,2076,12,25,0.45801107937250257,11.947048,1.0114087,2076
22640,r3i1p1f1,2076,12,26,0.009295522413043673,13.667526,1.3071961,2076
22641,r3i1p1f1,2076,12,27,0.0,15.073958,1.942403,2076
22642,r3i1p1f1,2076,12,28,0.0,15.595472,4.3307104,2076
22643,r3i1p1f1,2076,12,29,0.12079599495998329,14.728185,2.4607573,2076
22644,r3i1p1f1,2076,12,30,30.992576729993083,11.969962,4.9248176,2076
22645,r3i1p1f1,2076,12,31,8.549629549104958,13.796081,4.432653,2076
22646,r3i1p1f1,2077,01,01,0.0,14.624544,1.3073916,2077
22647,r3i1p1f1,2077,01,02,0.0,14.594927,2.1403692,2077
22648,r3i1p1f1,2077,01,03,1.3565496677961852,14.898592,5.9375405,2077
22649,r3i1p1f1,2077,01,04,0.0,14.491998,3.6922252,2077
22650,r3i1p1f1,2077,01,05,0.3035008604869786,13.465139,4.063788,2077
22651,r3i1p1f1,2077,01,06,0.0,12.819506,3.595157,2077
22652,r3i1p1f1,2077,01,07,0.0,14.457346,3.922928,2077
22653,r3i1p1f1,2077,01,08,1.534857408731279,15.253418,6.7064886,2077
22654,r3i1p1f1,2077,01,09,0.0,14.676026,1.5101131,2077
22655,r3i1p1f1,2077,01,10,0.0,14.36573,0.90765125,2077
22656,r3i1p1f1,2077,01,11,0.0,14.849432,1.0673071,2077
22657,r3i1p1f1,2077,01,12,0.0,15.929728,1.6085225,2077
22658,r3i1p1f1,2077,01,13,0.0,15.503018,1.3903269,2077
22659,r3i1p1f1,2077,01,14,0.0,15.544385,1.4150475,2077
22660,r3i1p1f1,2077,01,15,0.0,15.441096,0.60466206,2077
22661,r3i1p1f1,2077,01,16,1.7715503700416817,15.099762,3.984652,2077
22662,r3i1p1f1,2077,01,17,40.844316055264436,15.1477785,6.888452,2077
22663,r3i1p1f1,2077,01,18,2.1699435104975153,13.576943,5.6380715,2077
22664,r3i1p1f1,2077,01,19,0.0,11.538133,0.04516221,2077
22665,r3i1p1f1,2077,01,20,0.0,10.741612,-2.6371481,2077
22666,r3i1p1f1,2077,01,21,0.0,11.488561,-2.4689445,2077
22667,r3i1p1f1,2077,01,22,0.05275886318210696,11.4945755,-0.5092017,2077
22668,r3i1p1f1,2077,01,23,3.4906455117671804,11.758579,1.9684374,2077
22669,r3i1p1f1,2077,01,24,1.940302076129752,13.901001,1.5780894,2077
22670,r3i1p1f1,2077,01,25,19.773019561964084,13.098095,5.239592,2077
22671,r3i1p1f1,2077,01,26,22.693013655212283,12.040051,5.5380015,2077
22672,r3i1p1f1,2077,01,27,43.9013256955271,15.656215,5.484643,2077
22673,r3i1p1f1,2077,01,28,10.388014390673526,14.42607,6.4196544,2077
22674,r3i1p1f1,2077,01,29,6.24255120542936,15.710569,6.213685,2077
22675,r3i1p1f1,2077,01,30,39.07937058624212,16.161015,8.991386,2077
22676,r3i1p1f1,2077,01,31,26.14694603512555,15.196082,4.5566545,2077
22677,r3i1p1f1,2077,02,01,1.9253403775181859,10.287315,-0.49332303,2077
22678,r3i1p1f1,2077,02,02,0.008208004014015773,12.9757595,-1.1135813,2077
22679,r3i1p1f1,2077,02,03,0.000264347719084154,13.0123825,0.4581674,2077
22680,r3i1p1f1,2077,02,04,16.286731996021416,11.672359,3.5124872,2077
22681,r3i1p1f1,2077,02,05,0.006872337570794943,12.691383,-1.3007755,2077
22682,r3i1p1f1,2077,02,06,3.9730832061005374,12.406938,4.199916,2077
22683,r3i1p1f1,2077,02,07,18.41769364490932,12.384234,3.866011,2077
22684,r3i1p1f1,2077,02,08,0.006813780859043949,12.540748,-1.8579528,2077
22685,r3i1p1f1,2077,02,09,6.650883817313694,13.045698,1.7076589,2077
22686,r3i1p1f1,2077,02,10,12.995033472195217,11.960955,1.7952031,2077
22687,r3i1p1f1,2077,02,11,4.779584845439813,10.046196,1.33973,2077
22688,r3i1p1f1,2077,02,12,5.592811028907432,11.243918,1.0493464,2077
22689,r3i1p1f1,2077,02,13,0.0,11.522342,-1.4663199,2077
22690,r3i1p1f1,2077,02,14,0.0,13.855204,-0.07172748,2077
22691,r3i1p1f1,2077,02,15,0.0,16.945038,1.8239924,2077
22692,r3i1p1f1,2077,02,16,8.47295406415607e-05,18.702164,2.2907748,2077
22693,r3i1p1f1,2077,02,17,3.5154623966963934,18.753365,6.81494,2077
22694,r3i1p1f1,2077,02,18,8.912228432521564,17.78372,9.484276,2077
22695,r3i1p1f1,2077,02,19,3.0327228152444863,17.115442,4.6122785,2077
22696,r3i1p1f1,2077,02,20,0.0,17.700453,1.9127917,2077
22697,r3i1p1f1,2077,02,21,1.6477782915211665,17.874775,7.831399,2077
22698,r3i1p1f1,2077,02,22,16.26571211049519,13.271015,6.0269904,2077
22699,r3i1p1f1,2077,02,23,0.007888113966945446,10.33755,-0.4613165,2077
22700,r3i1p1f1,2077,02,24,0.0,15.136043,0.28009874,2077
22701,r3i1p1f1,2077,02,25,0.0,16.672588,2.681711,2077
22702,r3i1p1f1,2077,02,26,0.0,17.409504,2.8431883,2077
22703,r3i1p1f1,2077,02,27,0.0,20.103727,4.991495,2077
22704,r3i1p1f1,2077,02,28,0.0,22.267912,8.026402,2077
22705,r3i1p1f1,2077,03,01,0.0,23.749311,5.568706,2077
22706,r3i1p1f1,2077,03,02,0.005171100316202324,20.497927,5.672016,2077
22707,r3i1p1f1,2077,03,03,0.0,18.927294,4.9921074,2077
22708,r3i1p1f1,2077,03,04,0.0,20.958157,4.686916,2077
22709,r3i1p1f1,2077,03,05,0.0,22.346142,6.089135,2077
22710,r3i1p1f1,2077,03,06,0.0,23.691246,6.3062887,2077
22711,r3i1p1f1,2077,03,07,0.0,24.17804,7.690983,2077
22712,r3i1p1f1,2077,03,08,0.0,23.86273,6.9535737,2077
22713,r3i1p1f1,2077,03,09,0.0,22.117918,5.788399,2077
22714,r3i1p1f1,2077,03,10,0.0,21.064222,5.2446384,2077
22715,r3i1p1f1,2077,03,11,0.0,20.577394,3.0043309,2077
22716,r3i1p1f1,2077,03,12,0.0,18.191769,2.8442092,2077
22717,r3i1p1f1,2077,03,13,0.0,21.829666,3.632167,2077
22718,r3i1p1f1,2077,03,14,0.0,22.972748,5.8788486,2077
22719,r3i1p1f1,2077,03,15,0.008278759218448999,21.10165,3.8751512,2077
22720,r3i1p1f1,2077,03,16,0.26006401338346413,15.905178,2.1274102,2077
22721,r3i1p1f1,2077,03,17,0.10236135585783455,16.969566,-0.08312454,2077
22722,r3i1p1f1,2077,03,18,0.0,19.581902,1.5272852,2077
22723,r3i1p1f1,2077,03,19,0.0007770491116719892,20.742582,1.2481602,2077
22724,r3i1p1f1,2077,03,20,8.842058481452774,17.094187,4.9096146,2077
22725,r3i1p1f1,2077,03,21,14.172462164448612,11.324797,1.002837,2077
22726,r3i1p1f1,2077,03,22,6.686442867283018,10.532801,-0.039953135,2077
22727,r3i1p1f1,2077,03,23,0.4826141824250773,11.536437,1.417296,2077
22728,r3i1p1f1,2077,03,24,0.006528105092884013,14.817973,0.795048,2077
22729,r3i1p1f1,2077,03,25,1.8586472141251675,13.525282,0.15274386,2077
22730,r3i1p1f1,2077,03,26,0.2241966443464414,13.182126,0.9855457,2077
22731,r3i1p1f1,2077,03,27,0.009356133047152649,15.196366,-0.7608338,2077
22732,r3i1p1f1,2077,03,28,3.586261967632736,12.847133,2.0993466,2077
22733,r3i1p1f1,2077,03,29,32.09827312753381,8.674705,2.3377626,2077
22734,r3i1p1f1,2077,03,30,2.8146591629355857,13.274077,1.8978888,2077
22735,r3i1p1f1,2077,03,31,0.00718206968017374,20.187305,2.5179033,2077
22736,r3i1p1f1,2077,04,01,0.0,21.587252,5.4076953,2077
22737,r3i1p1f1,2077,04,02,0.0028160591594342172,20.537832,6.0080853,2077
22738,r3i1p1f1,2077,04,03,1.7504496054334595,18.308289,5.8713746,2077
22739,r3i1p1f1,2077,04,04,11.221972903559534,12.76354,5.161883,2077
22740,r3i1p1f1,2077,04,05,0.5182373933943878,12.876261,2.0157976,2077
22741,r3i1p1f1,2077,04,06,0.10087051099672505,13.326179,0.39948025,2077
22742,r3i1p1f1,2077,04,07,0.0,16.864223,-0.20048884,2077
22743,r3i1p1f1,2077,04,08,0.002563844688914039,17.800623,3.6718714,2077
22744,r3i1p1f1,2077,04,09,4.427468728353591,16.275526,2.7589288,2077
22745,r3i1p1f1,2077,04,10,0.44789705960283754,13.486869,1.6239672,2077
22746,r3i1p1f1,2077,04,11,2.3202961839651284,10.491454,-0.24538112,2077
22747,r3i1p1f1,2077,04,12,0.0,14.179188,-2.0864294,2077
22748,r3i1p1f1,2077,04,13,0.0,18.563047,2.3103995,2077
22749,r3i1p1f1,2077,04,14,0.0009420692610243956,21.143469,4.02971,2077
22750,r3i1p1f1,2077,04,15,0.26234313065232884,19.69771,4.862771,2077
22751,r3i1p1f1,2077,04,16,0.10925734305849553,14.738692,0.5108732,2077
22752,r3i1p1f1,2077,04,17,0.11411630889872895,11.787836,-0.3435049,2077
22753,r3i1p1f1,2077,04,18,0.18074967140533413,18.99121,0.5339014,2077
22754,r3i1p1f1,2077,04,19,0.0,22.654364,4.2458735,2077
22755,r3i1p1f1,2077,04,20,0.031853185695526365,20.331102,3.6821,2077
22756,r3i1p1f1,2077,04,21,0.0,17.05799,1.1321045,2077
22757,r3i1p1f1,2077,04,22,0.0,20.951368,2.8455071,2077
22758,r3i1p1f1,2077,04,23,0.0,23.735897,4.640162,2077
22759,r3i1p1f1,2077,04,24,0.07995685797085929,24.318634,9.087353,2077
22760,r3i1p1f1,2077,04,25,0.09497061966226972,27.652721,9.419038,2077
22761,r3i1p1f1,2077,04,26,0.0,30.071177,10.351681,2077
22762,r3i1p1f1,2077,04,27,0.0,32.370262,11.618172,2077
22763,r3i1p1f1,2077,04,28,0.0,31.743502,11.818857,2077
22764,r3i1p1f1,2077,04,29,0.0,23.259274,5.8522367,2077
22765,r3i1p1f1,2077,04,30,0.0,25.057484,6.265336,2077
22766,r3i1p1f1,2077,05,01,0.0,29.420578,10.891235,2077
22767,r3i1p1f1,2077,05,02,0.0,31.964012,13.669339,2077
22768,r3i1p1f1,2077,05,03,0.0,34.651173,15.352373,2077
22769,r3i1p1f1,2077,05,04,0.0,34.500656,14.918578,2077
22770,r3i1p1f1,2077,05,05,0.0,31.462809,11.813463,2077
22771,r3i1p1f1,2077,05,06,0.0,24.101318,6.7374954,2077
22772,r3i1p1f1,2077,05,07,0.0,22.02939,5.7722344,2077
22773,r3i1p1f1,2077,05,08,0.0,24.310108,6.7158175,2077
22774,r3i1p1f1,2077,05,09,0.0012419853980342548,27.305029,8.433218,2077
22775,r3i1p1f1,2077,05,10,0.0,29.595573,10.746021,2077
22776,r3i1p1f1,2077,05,11,0.0,29.517775,10.520442,2077
22777,r3i1p1f1,2077,05,12,0.0,29.814512,10.568889,2077
22778,r3i1p1f1,2077,05,13,0.0,31.972805,11.946153,2077
22779,r3i1p1f1,2077,05,14,0.0,31.468143,12.153728,2077
22780,r3i1p1f1,2077,05,15,0.0,30.60604,11.305486,2077
22781,r3i1p1f1,2077,05,16,0.0,31.959602,12.067892,2077
22782,r3i1p1f1,2077,05,17,0.0,31.831573,11.536697,2077
22783,r3i1p1f1,2077,05,18,0.0,29.61903,10.358551,2077
22784,r3i1p1f1,2077,05,19,0.0,28.57511,9.07231,2077
22785,r3i1p1f1,2077,05,20,0.018501579320538,27.871412,9.7944975,2077
22786,r3i1p1f1,2077,05,21,0.0,27.918383,9.994837,2077
22787,r3i1p1f1,2077,05,22,0.16018871064730003,24.03816,7.004544,2077
22788,r3i1p1f1,2077,05,23,0.06406227685422919,15.532191,-0.9365483,2077
22789,r3i1p1f1,2077,05,24,0.0,21.411356,2.9942548,2077
22790,r3i1p1f1,2077,05,25,0.0,29.898577,9.228137,2077
22791,r3i1p1f1,2077,05,26,0.0,31.187742,10.699864,2077
22792,r3i1p1f1,2077,05,27,0.0,29.175161,9.541316,2077
22793,r3i1p1f1,2077,05,28,0.0,26.584099,6.8122735,2077
22794,r3i1p1f1,2077,05,29,0.0,21.281645,4.112742,2077
22795,r3i1p1f1,2077,05,30,0.0,26.137661,7.1092863,2077
22796,r3i1p1f1,2077,05,31,0.0,30.02089,10.925019,2077
22797,r3i1p1f1,2077,06,01,0.0,27.591198,10.965245,2077
22798,r3i1p1f1,2077,06,02,0.7662276819767547,27.946856,12.418927,2077
22799,r3i1p1f1,2077,06,03,0.1470234007292399,25.790003,10.111963,2077
22800,r3i1p1f1,2077,06,04,0.0,24.298645,7.1231303,2077
22801,r3i1p1f1,2077,06,05,0.0,26.489885,8.031574,2077
22802,r3i1p1f1,2077,06,06,0.0,26.98014,8.947107,2077
22803,r3i1p1f1,2077,06,07,0.0,26.776102,9.218276,2077
22804,r3i1p1f1,2077,06,08,0.0,25.22798,8.794565,2077
22805,r3i1p1f1,2077,06,09,0.0,27.133354,9.380751,2077
22806,r3i1p1f1,2077,06,10,0.0,29.546595,10.680946,2077
22807,r3i1p1f1,2077,06,11,0.0,28.568796,10.654095,2077
22808,r3i1p1f1,2077,06,12,0.007654141712312897,24.096981,9.435963,2077
22809,r3i1p1f1,2077,06,13,0.0,30.393486,11.770027,2077
22810,r3i1p1f1,2077,06,14,0.0,35.69811,15.74016,2077
22811,r3i1p1f1,2077,06,15,0.0,36.264683,15.864785,2077
22812,r3i1p1f1,2077,06,16,0.0,34.65582,15.167526,2077
22813,r3i1p1f1,2077,06,17,0.0,32.60271,14.865418,2077
22814,r3i1p1f1,2077,06,18,0.0,31.940477,13.554502,2077
22815,r3i1p1f1,2077,06,19,0.0,33.521366,15.107161,2077
22816,r3i1p1f1,2077,06,20,0.0,33.258938,14.548253,2077
22817,r3i1p1f1,2077,06,21,0.0,32.731136,13.889722,2077
22818,r3i1p1f1,2077,06,22,0.0,36.995583,15.841316,2077
22819,r3i1p1f1,2077,06,23,0.0,35.80469,17.287254,2077
22820,r3i1p1f1,2077,06,24,0.0,28.925262,13.1333475,2077
22821,r3i1p1f1,2077,06,25,0.0,29.543196,11.811569,2077
22822,r3i1p1f1,2077,06,26,0.0,30.465797,12.628629,2077
22823,r3i1p1f1,2077,06,27,0.0,32.97901,14.497303,2077
22824,r3i1p1f1,2077,06,28,0.0,36.380795,16.228842,2077
22825,r3i1p1f1,2077,06,29,0.0,36.38309,17.057278,2077
22826,r3i1p1f1,2077,06,30,0.0,36.279728,16.583843,2077
22827,r3i1p1f1,2077,07,01,0.0,37.381264,17.455238,2077
22828,r3i1p1f1,2077,07,02,0.0,38.158825,18.286854,2077
22829,r3i1p1f1,2077,07,03,0.0,37.3305,17.654234,2077
22830,r3i1p1f1,2077,07,04,0.0,37.276016,16.99552,2077
22831,r3i1p1f1,2077,07,05,0.0,38.53971,18.781956,2077
22832,r3i1p1f1,2077,07,06,0.0,38.91729,18.913204,2077
22833,r3i1p1f1,2077,07,07,0.0,38.0866,18.127945,2077
22834,r3i1p1f1,2077,07,08,0.0,35.17356,17.245548,2077
22835,r3i1p1f1,2077,07,09,0.0,34.844177,17.646433,2077
22836,r3i1p1f1,2077,07,10,0.0,34.998413,17.050278,2077
22837,r3i1p1f1,2077,07,11,0.0,36.244015,17.828196,2077
22838,r3i1p1f1,2077,07,12,0.0,37.79545,19.480072,2077
22839,r3i1p1f1,2077,07,13,0.0,38.91476,20.028563,2077
22840,r3i1p1f1,2077,07,14,0.0,38.93877,19.678331,2077
22841,r3i1p1f1,2077,07,15,0.0,39.330288,20.184544,2077
22842,r3i1p1f1,2077,07,16,0.0,41.113262,20.663334,2077
22843,r3i1p1f1,2077,07,17,0.0,42.954704,22.723288,2077
22844,r3i1p1f1,2077,07,18,0.0,43.961536,23.999533,2077
22845,r3i1p1f1,2077,07,19,0.0,43.941914,21.883999,2077
22846,r3i1p1f1,2077,07,20,0.0,39.955112,19.84628,2077
22847,r3i1p1f1,2077,07,21,0.0,33.69805,18.233032,2077
22848,r3i1p1f1,2077,07,22,0.0,33.961243,17.906239,2077
22849,r3i1p1f1,2077,07,23,0.0,38.456253,19.695757,2077
22850,r3i1p1f1,2077,07,24,0.0,38.129025,19.86779,2077
22851,r3i1p1f1,2077,07,25,0.0,35.918903,17.96557,2077
22852,r3i1p1f1,2077,07,26,0.0,35.70674,18.045424,2077
22853,r3i1p1f1,2077,07,27,0.0,35.348866,18.144396,2077
22854,r3i1p1f1,2077,07,28,0.0,36.20941,17.855482,2077
22855,r3i1p1f1,2077,07,29,0.0,37.30885,19.409319,2077
22856,r3i1p1f1,2077,07,30,0.0,38.841034,19.901554,2077
22857,r3i1p1f1,2077,07,31,0.0,39.19571,20.35873,2077
22858,r3i1p1f1,2077,08,01,0.0,39.108727,19.848356,2077
22859,r3i1p1f1,2077,08,02,0.0,35.71397,19.032696,2077
22860,r3i1p1f1,2077,08,03,0.014922114329017473,35.624283,19.269873,2077
22861,r3i1p1f1,2077,08,04,0.20593555767625343,33.62791,17.65783,2077
22862,r3i1p1f1,2077,08,05,0.5549572455945027,30.998465,15.703181,2077
22863,r3i1p1f1,2077,08,06,0.6957554787037555,30.131636,15.607749,2077
22864,r3i1p1f1,2077,08,07,3.02032599551956,33.77276,16.982906,2077
22865,r3i1p1f1,2077,08,08,0.36153268044334697,35.44788,17.920427,2077
22866,r3i1p1f1,2077,08,09,0.0,36.135643,17.047613,2077
22867,r3i1p1f1,2077,08,10,0.0,37.004818,17.604475,2077
22868,r3i1p1f1,2077,08,11,0.0,36.617065,17.83059,2077
22869,r3i1p1f1,2077,08,12,0.0,37.105625,19.044931,2077
22870,r3i1p1f1,2077,08,13,0.0,35.936775,18.517368,2077
22871,r3i1p1f1,2077,08,14,0.0,34.84763,17.178564,2077
22872,r3i1p1f1,2077,08,15,0.0010115026750347831,34.760674,17.314102,2077
22873,r3i1p1f1,2077,08,16,0.0,33.56704,16.790964,2077
22874,r3i1p1f1,2077,08,17,0.0,32.216736,17.31518,2077
22875,r3i1p1f1,2077,08,18,0.0,35.542835,16.9093,2077
22876,r3i1p1f1,2077,08,19,0.0,35.069748,16.88045,2077
22877,r3i1p1f1,2077,08,20,0.0,33.832718,15.980848,2077
22878,r3i1p1f1,2077,08,21,0.0,32.949272,15.711837,2077
22879,r3i1p1f1,2077,08,22,0.002092434319131302,32.83548,15.661665,2077
22880,r3i1p1f1,2077,08,23,0.05361044435465539,33.58893,16.855602,2077
22881,r3i1p1f1,2077,08,24,0.8907725146722938,36.77731,20.314655,2077
22882,r3i1p1f1,2077,08,25,0.003546166542836352,38.209457,19.344963,2077
22883,r3i1p1f1,2077,08,26,0.0033914993224298637,39.78474,19.250038,2077
22884,r3i1p1f1,2077,08,27,1.1261287672007738,40.135033,19.946842,2077
22885,r3i1p1f1,2077,08,28,1.0419474368884976,38.444527,21.487314,2077
22886,r3i1p1f1,2077,08,29,0.30830580167027866,40.198227,20.732807,2077
22887,r3i1p1f1,2077,08,30,0.9314636032407483,40.475574,23.428724,2077
22888,r3i1p1f1,2077,08,31,0.8228888543045755,41.96555,22.694216,2077
22889,r3i1p1f1,2077,09,01,0.5561965525218208,39.710865,23.009909,2077
22890,r3i1p1f1,2077,09,02,0.027692159011635478,39.214935,22.236862,2077
22891,r3i1p1f1,2077,09,03,1.5106890519206044,38.146423,21.667803,2077
22892,r3i1p1f1,2077,09,04,1.030759697969188,36.987225,20.178045,2077
22893,r3i1p1f1,2077,09,05,3.9088188836478475,35.72378,20.898893,2077
22894,r3i1p1f1,2077,09,06,0.846935630146287,36.199417,21.67882,2077
22895,r3i1p1f1,2077,09,07,0.0,34.550358,18.857492,2077
22896,r3i1p1f1,2077,09,08,0.0,34.837135,19.045732,2077
22897,r3i1p1f1,2077,09,09,0.0,35.95279,18.839912,2077
22898,r3i1p1f1,2077,09,10,0.0,37.466175,19.451712,2077
22899,r3i1p1f1,2077,09,11,0.0,37.604076,20.515461,2077
22900,r3i1p1f1,2077,09,12,0.0,38.52918,21.237415,2077
22901,r3i1p1f1,2077,09,13,0.0,37.56346,20.210024,2077
22902,r3i1p1f1,2077,09,14,0.0,32.241096,14.946573,2077
22903,r3i1p1f1,2077,09,15,0.0,26.414062,10.699451,2077
22904,r3i1p1f1,2077,09,16,0.0,27.499113,11.339866,2077
22905,r3i1p1f1,2077,09,17,0.0072361471018556394,29.165142,12.449393,2077
22906,r3i1p1f1,2077,09,18,0.0,31.93423,15.130743,2077
22907,r3i1p1f1,2077,09,19,0.0,30.664162,15.399021,2077
22908,r3i1p1f1,2077,09,20,0.0,32.12872,15.132579,2077
22909,r3i1p1f1,2077,09,21,0.0,30.49725,14.211394,2077
22910,r3i1p1f1,2077,09,22,0.0,26.952065,11.897905,2077
22911,r3i1p1f1,2077,09,23,0.0,23.655064,10.418795,2077
22912,r3i1p1f1,2077,09,24,0.0,26.942497,10.468853,2077
22913,r3i1p1f1,2077,09,25,0.0,29.071634,11.909797,2077
22914,r3i1p1f1,2077,09,26,0.0,26.885374,11.734215,2077
22915,r3i1p1f1,2077,09,27,0.0,30.0662,13.154707,2077
22916,r3i1p1f1,2077,09,28,0.0,33.70404,17.460106,2077
22917,r3i1p1f1,2077,09,29,0.0,33.44011,16.7918,2077
22918,r3i1p1f1,2077,09,30,0.0,34.646942,16.529911,2077
22919,r3i1p1f1,2077,10,01,0.0,34.620514,16.432833,2077
22920,r3i1p1f1,2077,10,02,0.0,31.746717,14.081115,2077
22921,r3i1p1f1,2077,10,03,0.0,28.172632,11.672987,2077
22922,r3i1p1f1,2077,10,04,0.0,26.194057,11.128893,2077
22923,r3i1p1f1,2077,10,05,0.0,22.92134,9.712474,2077
22924,r3i1p1f1,2077,10,06,0.0,27.740702,11.061744,2077
22925,r3i1p1f1,2077,10,07,0.0,31.572016,14.570104,2077
22926,r3i1p1f1,2077,10,08,0.0,31.772558,14.514259,2077
22927,r3i1p1f1,2077,10,09,0.0,29.74469,12.770396,2077
22928,r3i1p1f1,2077,10,10,0.0,28.17487,11.369558,2077
22929,r3i1p1f1,2077,10,11,0.0,27.174225,10.28856,2077
22930,r3i1p1f1,2077,10,12,0.005019951477703272,24.40003,11.8612995,2077
22931,r3i1p1f1,2077,10,13,0.14712759709006853,22.843628,10.016403,2077
22932,r3i1p1f1,2077,10,14,0.005614807631707553,27.651897,12.339736,2077
22933,r3i1p1f1,2077,10,15,0.0,31.012594,15.309391,2077
22934,r3i1p1f1,2077,10,16,0.0,32.594067,15.915902,2077
22935,r3i1p1f1,2077,10,17,0.0,33.58473,17.015478,2077
22936,r3i1p1f1,2077,10,18,0.0,33.527008,16.443794,2077
22937,r3i1p1f1,2077,10,19,0.0,33.33462,17.216888,2077
22938,r3i1p1f1,2077,10,20,0.0,31.071648,15.144645,2077
22939,r3i1p1f1,2077,10,21,0.0,29.54152,12.656321,2077
22940,r3i1p1f1,2077,10,22,0.0,29.50921,12.903219,2077
22941,r3i1p1f1,2077,10,23,0.0,28.148344,11.982969,2077
22942,r3i1p1f1,2077,10,24,0.0,25.991777,11.814738,2077
22943,r3i1p1f1,2077,10,25,0.0,28.925165,14.194871,2077
22944,r3i1p1f1,2077,10,26,0.0,29.315592,13.891549,2077
22945,r3i1p1f1,2077,10,27,8.764013358078238,25.997007,14.723176,2077
22946,r3i1p1f1,2077,10,28,0.04509414279296338,20.053633,7.5228596,2077
22947,r3i1p1f1,2077,10,29,0.026413715379683046,21.909481,10.372328,2077
22948,r3i1p1f1,2077,10,30,0.0,20.813679,6.5864506,2077
22949,r3i1p1f1,2077,10,31,0.0,20.04355,7.073461,2077
22950,r3i1p1f1,2077,11,01,0.0,19.622683,5.5855646,2077
22951,r3i1p1f1,2077,11,02,24.25522397628976,23.369055,11.4918995,2077
22952,r3i1p1f1,2077,11,03,10.055025354240295,15.769585,7.514848,2077
22953,r3i1p1f1,2077,11,04,1.1795047442391287,14.514062,3.5178478,2077
22954,r3i1p1f1,2077,11,05,0.005349743038426492,13.3573475,3.3786466,2077
22955,r3i1p1f1,2077,11,06,0.0595563378142701,14.616529,2.5518847,2077
22956,r3i1p1f1,2077,11,07,0.05138236969342512,16.840687,4.2868314,2077
22957,r3i1p1f1,2077,11,08,0.009580685573658257,17.42811,4.6197333,2077
22958,r3i1p1f1,2077,11,09,0.0,18.254435,4.633557,2077
22959,r3i1p1f1,2077,11,10,0.0,17.937723,5.482666,2077
22960,r3i1p1f1,2077,11,11,0.4259167095623332,16.837515,4.286609,2077
22961,r3i1p1f1,2077,11,12,0.1562879295890911,18.683456,5.496829,2077
22962,r3i1p1f1,2077,11,13,0.0,19.878704,5.7940726,2077
22963,r3i1p1f1,2077,11,14,0.0,18.635197,5.458736,2077
22964,r3i1p1f1,2077,11,15,0.36156007671238377,16.028666,5.3134284,2077
22965,r3i1p1f1,2077,11,16,0.05214039655225916,15.482716,2.8550704,2077
22966,r3i1p1f1,2077,11,17,0.0,15.488778,2.8109133,2077
22967,r3i1p1f1,2077,11,18,0.044260330677471676,14.030376,2.9058955,2077
22968,r3i1p1f1,2077,11,19,0.0,11.945922,-1.333543,2077
22969,r3i1p1f1,2077,11,20,0.0,11.216242,-0.85957307,2077
22970,r3i1p1f1,2077,11,21,0.0,16.237972,3.162584,2077
22971,r3i1p1f1,2077,11,22,0.0,15.635139,2.1108418,2077
22972,r3i1p1f1,2077,11,23,0.7594655189468265,15.580601,2.8839574,2077
22973,r3i1p1f1,2077,11,24,11.325535210472122,13.677042,5.329917,2077
22974,r3i1p1f1,2077,11,25,5.347433126790252,14.743463,5.8978963,2077
22975,r3i1p1f1,2077,11,26,3.446229740514382,16.090492,7.5755925,2077
22976,r3i1p1f1,2077,11,27,0.010131893791505277,15.333053,5.2440395,2077
22977,r3i1p1f1,2077,11,28,4.166126610057703,14.852918,3.4346461,2077
22978,r3i1p1f1,2077,11,29,12.91478161188548,12.529054,3.284007,2077
22979,r3i1p1f1,2077,11,30,0.952515172222885,14.196379,2.2052517,2077
22980,r3i1p1f1,2077,12,01,0.4838310984104314,13.585272,5.3503585,2077
22981,r3i1p1f1,2077,12,02,3.729550620849874,14.358219,6.9710126,2077
22982,r3i1p1f1,2077,12,03,0.0,14.145782,-0.45820323,2077
22983,r3i1p1f1,2077,12,04,0.0,13.617292,1.1514722,2077
22984,r3i1p1f1,2077,12,05,14.534403798191057,12.120232,6.2985296,2077
22985,r3i1p1f1,2077,12,06,0.0009568904484198852,10.610327,1.1677333,2077
22986,r3i1p1f1,2077,12,07,0.0,13.942031,-0.19552918,2077
22987,r3i1p1f1,2077,12,08,0.0,17.3861,3.3052266,2077
22988,r3i1p1f1,2077,12,09,0.0,19.0264,5.6564627,2077
22989,r3i1p1f1,2077,12,10,0.0,18.74883,5.3548856,2077
22990,r3i1p1f1,2077,12,11,0.0,18.40407,5.22403,2077
22991,r3i1p1f1,2077,12,12,0.0,20.647205,6.7538686,2077
22992,r3i1p1f1,2077,12,13,1.34267246678009,19.7795,9.381019,2077
22993,r3i1p1f1,2077,12,14,0.003384053755629187,16.88831,3.9992175,2077
22994,r3i1p1f1,2077,12,15,1.3042634152407118,13.535989,4.002655,2077
22995,r3i1p1f1,2077,12,16,1.8880889525241923e-05,13.249393,5.139748,2077
22996,r3i1p1f1,2077,12,17,0.1079156997832773,13.117971,4.5283103,2077
22997,r3i1p1f1,2077,12,18,0.21816638175316644,16.921732,5.635955,2077
22998,r3i1p1f1,2077,12,19,20.434689734106403,15.469202,6.7758923,2077
22999,r3i1p1f1,2077,12,20,0.19423046705138736,12.137863,2.7511451,2077
23000,r3i1p1f1,2077,12,21,0.0,11.948164,0.9817991,2077
23001,r3i1p1f1,2077,12,22,0.0,14.366588,0.70541215,2077
23002,r3i1p1f1,2077,12,23,0.31257534950506827,12.437786,-0.30842662,2077
23003,r3i1p1f1,2077,12,24,4.504358796182329,11.3981285,4.229234,2077
23004,r3i1p1f1,2077,12,25,0.0,11.566395,-0.43424276,2077
23005,r3i1p1f1,2077,12,26,0.0,11.679027,-1.7422897,2077
23006,r3i1p1f1,2077,12,27,0.0,11.563021,-0.6842108,2077
23007,r3i1p1f1,2077,12,28,0.0,13.274295,-0.11267668,2077
23008,r3i1p1f1,2077,12,29,0.0,14.308965,1.6811768,2077
23009,r3i1p1f1,2077,12,30,0.0,15.438614,1.9521463,2077
23010,r3i1p1f1,2077,12,31,6.51734630577156,13.780091,3.431846,2077
23011,r3i1p1f1,2078,01,01,18.263952562412502,14.464192,3.1555328,2078
23012,r3i1p1f1,2078,01,02,50.86682263031517,14.986257,8.642179,2078
23013,r3i1p1f1,2078,01,03,13.71675012397728,13.757332,6.2944264,2078
23014,r3i1p1f1,2078,01,04,0.0,12.030093,-0.51495534,2078
23015,r3i1p1f1,2078,01,05,0.0,13.65646,0.89008534,2078
23016,r3i1p1f1,2078,01,06,6.13372346802366,12.671342,4.736377,2078
23017,r3i1p1f1,2078,01,07,0.0027073770197051945,11.630569,2.1463115,2078
23018,r3i1p1f1,2078,01,08,0.00054572680682847,12.828246,1.603252,2078
23019,r3i1p1f1,2078,01,09,0.0,13.073964,1.1496929,2078
23020,r3i1p1f1,2078,01,10,1.0752405339800326,12.371606,3.5089576,2078
23021,r3i1p1f1,2078,01,11,0.5930065236441007,14.137197,3.2563558,2078
23022,r3i1p1f1,2078,01,12,0.44714388294916274,17.669018,7.573606,2078
23023,r3i1p1f1,2078,01,13,0.15534890181063957,18.39817,9.099557,2078
23024,r3i1p1f1,2078,01,14,4.972598379719067,17.865763,8.176071,2078
23025,r3i1p1f1,2078,01,15,0.9935246021834305,13.625874,5.9113803,2078
23026,r3i1p1f1,2078,01,16,0.0,11.047326,-0.29605958,2078
23027,r3i1p1f1,2078,01,17,0.0,14.213869,1.6268371,2078
23028,r3i1p1f1,2078,01,18,0.0,17.2647,4.3063726,2078
23029,r3i1p1f1,2078,01,19,0.0,17.92864,5.0645657,2078
23030,r3i1p1f1,2078,01,20,4.610554573423129,17.266571,5.37258,2078
23031,r3i1p1f1,2078,01,21,0.6536012922372196,11.914406,2.6920235,2078
23032,r3i1p1f1,2078,01,22,0.0,13.5219345,1.9408867,2078
23033,r3i1p1f1,2078,01,23,0.13191973175287675,14.1075,2.2446344,2078
23034,r3i1p1f1,2078,01,24,18.15511027019194,12.4717045,6.29249,2078
23035,r3i1p1f1,2078,01,25,0.0,10.251649,1.3393087,2078
23036,r3i1p1f1,2078,01,26,0.0,9.913193,-3.0728846,2078
23037,r3i1p1f1,2078,01,27,0.0006082290466028181,13.203615,0.42506498,2078
23038,r3i1p1f1,2078,01,28,0.0,16.13537,2.2466118,2078
23039,r3i1p1f1,2078,01,29,0.0708608490820993,15.607627,4.8291955,2078
23040,r3i1p1f1,2078,01,30,0.364579671385758,13.679466,3.6126049,2078
23041,r3i1p1f1,2078,01,31,0.05945498680982079,14.208749,0.565837,2078
23042,r3i1p1f1,2078,02,01,20.25192942859686,12.310594,5.6633635,2078
23043,r3i1p1f1,2078,02,02,3.7306005431001363,12.068463,4.1945176,2078
23044,r3i1p1f1,2078,02,03,0.34536956104685407,12.758244,4.036354,2078
23045,r3i1p1f1,2078,02,04,0.19712042878712632,16.202362,3.530233,2078
23046,r3i1p1f1,2078,02,05,4.242112740481151,15.663878,6.2846665,2078
23047,r3i1p1f1,2078,02,06,1.859349565533414,14.1506405,3.2826333,2078
23048,r3i1p1f1,2078,02,07,1.7565503535856943,13.61823,5.0818534,2078
23049,r3i1p1f1,2078,02,08,0.0,12.800561,-0.8120317,2078
23050,r3i1p1f1,2078,02,09,0.0,14.00424,-0.44472793,2078
23051,r3i1p1f1,2078,02,10,0.0,14.146481,-0.28754598,2078
23052,r3i1p1f1,2078,02,11,0.0,13.5619545,-0.1396435,2078
23053,r3i1p1f1,2078,02,12,3.0367306623362094,11.286585,1.7872317,2078
23054,r3i1p1f1,2078,02,13,1.0846528353718123,10.409414,0.21881625,2078
23055,r3i1p1f1,2078,02,14,0.0,13.014952,-3.2729263,2078
23056,r3i1p1f1,2078,02,15,0.05649753506490511,11.978504,-1.0734433,2078
23057,r3i1p1f1,2078,02,16,13.165764223791264,12.058979,3.6790307,2078
23058,r3i1p1f1,2078,02,17,12.402872125056808,14.63523,5.357804,2078
23059,r3i1p1f1,2078,02,18,0.020606190029701047,17.29602,4.112419,2078
23060,r3i1p1f1,2078,02,19,0.0007972847246988254,18.409777,5.246679,2078
23061,r3i1p1f1,2078,02,20,7.484568796569489,16.836584,7.279624,2078
23062,r3i1p1f1,2078,02,21,1.5190498752858592,13.788475,2.8814394,2078
23063,r3i1p1f1,2078,02,22,0.8075794941341332,12.092449,2.13289,2078
23064,r3i1p1f1,2078,02,23,0.005454236436917475,14.733917,0.8726857,2078
23065,r3i1p1f1,2078,02,24,0.0,18.30767,2.9804537,2078
23066,r3i1p1f1,2078,02,25,0.017257002446885137,17.569855,3.000863,2078
23067,r3i1p1f1,2078,02,26,0.012034526055989167,15.064898,3.1141305,2078
23068,r3i1p1f1,2078,02,27,0.0,16.028793,1.655218,2078
23069,r3i1p1f1,2078,02,28,0.0,14.7277775,3.068172,2078
23070,r3i1p1f1,2078,03,01,0.0,12.411074,-3.3385255,2078
23071,r3i1p1f1,2078,03,02,0.0,15.8348,-2.6666102,2078
23072,r3i1p1f1,2078,03,03,3.1355443788875577,15.068747,2.271247,2078
23073,r3i1p1f1,2078,03,04,21.547056055604834,11.052522,4.2121663,2078
23074,r3i1p1f1,2078,03,05,1.3177353787851285,11.707194,0.6315741,2078
23075,r3i1p1f1,2078,03,06,0.5248944821307139,14.049623,4.069422,2078
23076,r3i1p1f1,2078,03,07,0.0,16.845728,0.30108085,2078
23077,r3i1p1f1,2078,03,08,0.06469639812800751,16.827114,3.0405009,2078
23078,r3i1p1f1,2078,03,09,0.0,17.685617,2.078818,2078
23079,r3i1p1f1,2078,03,10,0.0,19.011042,5.1000166,2078
23080,r3i1p1f1,2078,03,11,0.0,21.806452,3.7068813,2078
23081,r3i1p1f1,2078,03,12,0.0,21.912033,5.113393,2078
23082,r3i1p1f1,2078,03,13,1.3556734500013012,18.918213,6.632072,2078
23083,r3i1p1f1,2078,03,14,0.07244573533116085,18.132868,3.2178981,2078
23084,r3i1p1f1,2078,03,15,0.05085579988493313,20.40469,2.9382539,2078
23085,r3i1p1f1,2078,03,16,1.6832405071264391,18.089684,3.897178,2078
23086,r3i1p1f1,2078,03,17,5.885688465597482,15.964753,7.888318,2078
23087,r3i1p1f1,2078,03,18,0.3168831832469247,15.29006,3.7981148,2078
23088,r3i1p1f1,2078,03,19,1.500300047436295,14.356186,1.1779467,2078
23089,r3i1p1f1,2078,03,20,25.831526425429068,14.548781,6.500635,2078
23090,r3i1p1f1,2078,03,21,1.6880389983967778,15.563273,4.090347,2078
23091,r3i1p1f1,2078,03,22,2.6116088328953166,14.435549,0.9708433,2078
23092,r3i1p1f1,2078,03,23,25.78966516199712,13.952511,5.807538,2078
23093,r3i1p1f1,2078,03,24,10.353753482190907,11.723796,3.4840143,2078
23094,r3i1p1f1,2078,03,25,0.4040692820413052,15.849658,3.369273,2078
23095,r3i1p1f1,2078,03,26,0.0,19.801105,2.846829,2078
23096,r3i1p1f1,2078,03,27,0.0,21.42335,5.2064505,2078
23097,r3i1p1f1,2078,03,28,0.0,23.074144,6.5736084,2078
23098,r3i1p1f1,2078,03,29,0.0,24.8769,6.983591,2078
23099,r3i1p1f1,2078,03,30,0.00021001190003572088,25.441393,8.590409,2078
23100,r3i1p1f1,2078,03,31,0.33654250732731517,21.590376,5.694137,2078
23101,r3i1p1f1,2078,04,01,0.0005550347409690871,18.641222,3.256463,2078
23102,r3i1p1f1,2078,04,02,0.0,22.637802,5.109403,2078
23103,r3i1p1f1,2078,04,03,0.0,26.895008,8.220009,2078
23104,r3i1p1f1,2078,04,04,0.0,28.1892,10.281949,2078
23105,r3i1p1f1,2078,04,05,0.0,27.289738,9.245938,2078
23106,r3i1p1f1,2078,04,06,0.0,23.907654,8.324943,2078
23107,r3i1p1f1,2078,04,07,0.0,24.232489,5.0998673,2078
23108,r3i1p1f1,2078,04,08,0.0,24.73775,6.6793804,2078
23109,r3i1p1f1,2078,04,09,0.21661023850108244,22.567068,6.5195503,2078
23110,r3i1p1f1,2078,04,10,0.0,24.007936,4.5210032,2078
23111,r3i1p1f1,2078,04,11,0.04387960493190666,24.620464,5.6380796,2078
23112,r3i1p1f1,2078,04,12,0.09427227895326779,21.280981,5.4799166,2078
23113,r3i1p1f1,2078,04,13,0.0018222716629900265,21.02112,3.5889556,2078
23114,r3i1p1f1,2078,04,14,0.0031859447327323405,21.185707,4.408186,2078
23115,r3i1p1f1,2078,04,15,0.15427183487962326,21.431015,6.0427947,2078
23116,r3i1p1f1,2078,04,16,0.0,24.085701,5.3398986,2078
23117,r3i1p1f1,2078,04,17,0.0,30.007898,10.121551,2078
23118,r3i1p1f1,2078,04,18,0.0,32.285507,12.977085,2078
23119,r3i1p1f1,2078,04,19,0.0,31.236406,11.779413,2078
23120,r3i1p1f1,2078,04,20,0.0,29.490755,10.663098,2078
23121,r3i1p1f1,2078,04,21,0.0,31.868841,12.0150175,2078
23122,r3i1p1f1,2078,04,22,0.0,34.57769,14.361837,2078
23123,r3i1p1f1,2078,04,23,0.0,34.866333,15.156543,2078
23124,r3i1p1f1,2078,04,24,0.0,32.838413,13.210126,2078
23125,r3i1p1f1,2078,04,25,0.0,33.276875,13.257812,2078
23126,r3i1p1f1,2078,04,26,0.0,32.638947,13.141399,2078
23127,r3i1p1f1,2078,04,27,3.663861593161004e-05,29.278257,9.754357,2078
23128,r3i1p1f1,2078,04,28,0.28364408768814453,24.311668,8.666179,2078
23129,r3i1p1f1,2078,04,29,0.0,23.703325,5.954031,2078
23130,r3i1p1f1,2078,04,30,0.9295046768602333,22.016916,3.5508883,2078
23131,r3i1p1f1,2078,05,01,0.513572657207326,19.41677,3.5048978,2078
23132,r3i1p1f1,2078,05,02,0.45391467752668896,21.944366,4.9900365,2078
23133,r3i1p1f1,2078,05,03,0.0,24.08899,6.6764207,2078
23134,r3i1p1f1,2078,05,04,0.0,23.264702,7.065868,2078
23135,r3i1p1f1,2078,05,05,0.0018147241930957093,22.96931,7.8496914,2078
23136,r3i1p1f1,2078,05,06,0.0,23.778448,5.4698215,2078
23137,r3i1p1f1,2078,05,07,0.0,27.817165,8.20001,2078
23138,r3i1p1f1,2078,05,08,0.0,31.634098,11.858533,2078
23139,r3i1p1f1,2078,05,09,0.03888084476233361,30.991768,11.605731,2078
23140,r3i1p1f1,2078,05,10,0.006551619196464096,27.476336,9.793169,2078
23141,r3i1p1f1,2078,05,11,0.0,23.937714,6.691627,2078
23142,r3i1p1f1,2078,05,12,0.0,25.938034,7.1299777,2078
23143,r3i1p1f1,2078,05,13,0.0,28.105022,8.787293,2078
23144,r3i1p1f1,2078,05,14,0.0,28.487875,9.003243,2078
23145,r3i1p1f1,2078,05,15,0.004572839285229389,27.270052,9.056963,2078
23146,r3i1p1f1,2078,05,16,0.045784675145445035,22.687996,5.1148715,2078
23147,r3i1p1f1,2078,05,17,0.7312543436780812,19.05209,5.844013,2078
23148,r3i1p1f1,2078,05,18,0.037599818129048355,19.025064,1.9081182,2078
23149,r3i1p1f1,2078,05,19,0.0016494749125382496,25.470116,6.1769495,2078
23150,r3i1p1f1,2078,05,20,0.0,33.362583,11.760877,2078
23151,r3i1p1f1,2078,05,21,0.0,33.799767,12.567128,2078
23152,r3i1p1f1,2078,05,22,0.0,34.78558,13.663261,2078
23153,r3i1p1f1,2078,05,23,0.0,32.50654,13.063599,2078
23154,r3i1p1f1,2078,05,24,0.0,30.034954,10.118575,2078
23155,r3i1p1f1,2078,05,25,0.0,29.224766,9.640495,2078
23156,r3i1p1f1,2078,05,26,0.0,24.59086,6.5492125,2078
23157,r3i1p1f1,2078,05,27,0.0,25.701494,6.5926137,2078
23158,r3i1p1f1,2078,05,28,0.0,32.081806,11.816144,2078
23159,r3i1p1f1,2078,05,29,0.0,35.96275,15.749895,2078
23160,r3i1p1f1,2078,05,30,0.0,33.42309,14.154719,2078
23161,r3i1p1f1,2078,05,31,0.0,29.94401,12.893642,2078
23162,r3i1p1f1,2078,06,01,0.0,30.223734,10.975919,2078
23163,r3i1p1f1,2078,06,02,0.0,30.558228,13.100812,2078
23164,r3i1p1f1,2078,06,03,0.0,36.23263,15.138791,2078
23165,r3i1p1f1,2078,06,04,0.0,38.340576,17.392248,2078
23166,r3i1p1f1,2078,06,05,0.0,36.63901,17.33061,2078
23167,r3i1p1f1,2078,06,06,0.0,32.75645,14.6442375,2078
23168,r3i1p1f1,2078,06,07,0.0,30.127449,13.056268,2078
23169,r3i1p1f1,2078,06,08,0.0,29.727076,11.642837,2078
23170,r3i1p1f1,2078,06,09,0.0,29.442537,11.228453,2078
23171,r3i1p1f1,2078,06,10,0.0,31.102589,11.701519,2078
23172,r3i1p1f1,2078,06,11,0.0,32.952454,13.582721,2078
23173,r3i1p1f1,2078,06,12,0.0,34.496067,15.10498,2078
23174,r3i1p1f1,2078,06,13,0.0,35.26874,15.258011,2078
23175,r3i1p1f1,2078,06,14,0.0,35.37545,16.744183,2078
23176,r3i1p1f1,2078,06,15,0.0,35.771194,16.463047,2078
23177,r3i1p1f1,2078,06,16,0.0,35.466423,15.850605,2078
23178,r3i1p1f1,2078,06,17,0.0,35.760395,16.90932,2078
23179,r3i1p1f1,2078,06,18,0.0,36.096184,16.922142,2078
23180,r3i1p1f1,2078,06,19,0.0,36.36605,16.42478,2078
23181,r3i1p1f1,2078,06,20,0.0,37.481003,16.793392,2078
23182,r3i1p1f1,2078,06,21,0.0,37.0532,17.055037,2078
23183,r3i1p1f1,2078,06,22,0.0,34.06027,15.616779,2078
23184,r3i1p1f1,2078,06,23,0.0,31.559856,13.112433,2078
23185,r3i1p1f1,2078,06,24,0.0,31.796682,13.381719,2078
23186,r3i1p1f1,2078,06,25,0.0,33.077602,13.864277,2078
23187,r3i1p1f1,2078,06,26,0.0,36.968353,17.075964,2078
23188,r3i1p1f1,2078,06,27,0.0,40.33623,19.847988,2078
23189,r3i1p1f1,2078,06,28,0.0,40.177467,21.099463,2078
23190,r3i1p1f1,2078,06,29,0.0,38.150784,19.829742,2078
23191,r3i1p1f1,2078,06,30,0.0,39.45655,18.491808,2078
23192,r3i1p1f1,2078,07,01,0.0,38.940407,18.088207,2078
23193,r3i1p1f1,2078,07,02,0.0,38.072746,19.328672,2078
23194,r3i1p1f1,2078,07,03,0.0,36.78348,18.337734,2078
23195,r3i1p1f1,2078,07,04,0.0,35.432865,18.274372,2078
23196,r3i1p1f1,2078,07,05,0.0,34.574234,17.35003,2078
23197,r3i1p1f1,2078,07,06,0.0,34.54745,16.798004,2078
23198,r3i1p1f1,2078,07,07,0.0,35.425507,17.245153,2078
23199,r3i1p1f1,2078,07,08,0.0,36.464092,17.394041,2078
23200,r3i1p1f1,2078,07,09,0.0,37.636806,17.886757,2078
23201,r3i1p1f1,2078,07,10,0.0,38.329807,18.569223,2078
23202,r3i1p1f1,2078,07,11,0.0,37.09059,18.228554,2078
23203,r3i1p1f1,2078,07,12,0.0,35.784077,16.98608,2078
23204,r3i1p1f1,2078,07,13,0.0,32.780647,15.590418,2078
23205,r3i1p1f1,2078,07,14,0.0,30.414019,13.968275,2078
23206,r3i1p1f1,2078,07,15,0.0,30.715952,14.139245,2078
23207,r3i1p1f1,2078,07,16,0.0,32.228104,15.472019,2078
23208,r3i1p1f1,2078,07,17,0.0,34.100784,16.399258,2078
23209,r3i1p1f1,2078,07,18,0.0,34.719017,17.235361,2078
23210,r3i1p1f1,2078,07,19,0.09709788246034419,36.35875,17.752316,2078
23211,r3i1p1f1,2078,07,20,0.4668316354350695,38.064396,19.905949,2078
23212,r3i1p1f1,2078,07,21,2.4707425611400553,37.296127,20.971176,2078
23213,r3i1p1f1,2078,07,22,0.5377321785746255,33.402485,17.160614,2078
23214,r3i1p1f1,2078,07,23,1.2636944088995787,33.371902,17.270407,2078
23215,r3i1p1f1,2078,07,24,0.002142049601058137,33.329994,17.38832,2078
23216,r3i1p1f1,2078,07,25,0.0,32.671806,16.399832,2078
23217,r3i1p1f1,2078,07,26,0.0,34.03347,16.80915,2078
23218,r3i1p1f1,2078,07,27,0.0,35.97625,18.039186,2078
23219,r3i1p1f1,2078,07,28,0.0,36.829475,18.837595,2078
23220,r3i1p1f1,2078,07,29,0.0,36.478367,18.893993,2078
23221,r3i1p1f1,2078,07,30,0.0,36.546036,18.397808,2078
23222,r3i1p1f1,2078,07,31,0.0,36.817894,19.145418,2078
23223,r3i1p1f1,2078,08,01,0.0,36.624443,19.142115,2078
23224,r3i1p1f1,2078,08,02,0.0,36.86375,18.87855,2078
23225,r3i1p1f1,2078,08,03,0.11283423703968186,36.036766,19.414091,2078
23226,r3i1p1f1,2078,08,04,0.003339761187265994,33.75117,18.555195,2078
23227,r3i1p1f1,2078,08,05,0.0,35.636253,18.405787,2078
23228,r3i1p1f1,2078,08,06,0.0,35.707325,18.437298,2078
23229,r3i1p1f1,2078,08,07,0.0,34.089973,18.598475,2078
23230,r3i1p1f1,2078,08,08,0.026020527461007463,32.20657,16.7101,2078
23231,r3i1p1f1,2078,08,09,0.0,33.37245,15.544663,2078
23232,r3i1p1f1,2078,08,10,0.0,34.655148,16.308153,2078
23233,r3i1p1f1,2078,08,11,0.0,35.52779,17.327677,2078
23234,r3i1p1f1,2078,08,12,0.0,34.629982,16.358027,2078
23235,r3i1p1f1,2078,08,13,0.0,33.374805,14.844195,2078
23236,r3i1p1f1,2078,08,14,0.0,33.350727,15.1220255,2078
23237,r3i1p1f1,2078,08,15,0.7048175679114083,34.476093,15.252824,2078
23238,r3i1p1f1,2078,08,16,0.6139098779032903,35.23097,21.750196,2078
23239,r3i1p1f1,2078,08,17,0.0,34.918446,17.225702,2078
23240,r3i1p1f1,2078,08,18,0.0,36.09155,15.652525,2078
23241,r3i1p1f1,2078,08,19,0.0,37.0265,17.79851,2078
23242,r3i1p1f1,2078,08,20,3.13522342489071,35.04904,18.308636,2078
23243,r3i1p1f1,2078,08,21,4.147607434331418,29.065252,22.436834,2078
23244,r3i1p1f1,2078,08,22,0.1478500335272684,27.95509,13.094796,2078
23245,r3i1p1f1,2078,08,23,0.0,30.829191,14.7406845,2078
23246,r3i1p1f1,2078,08,24,0.0,32.185944,16.29966,2078
23247,r3i1p1f1,2078,08,25,0.008758701468733225,35.171913,18.123497,2078
23248,r3i1p1f1,2078,08,26,0.0,35.386314,19.824673,2078
23249,r3i1p1f1,2078,08,27,0.0,37.65738,19.474344,2078
23250,r3i1p1f1,2078,08,28,0.1396867757042249,39.33134,20.470255,2078
23251,r3i1p1f1,2078,08,29,0.04908530427862636,38.323177,18.924364,2078
23252,r3i1p1f1,2078,08,30,0.011576038342547801,37.069656,19.663282,2078
23253,r3i1p1f1,2078,08,31,1.400276516783792,34.646393,18.027428,2078
23254,r3i1p1f1,2078,09,01,0.0,32.61646,17.41099,2078
23255,r3i1p1f1,2078,09,02,0.011061796720958117,31.113184,16.086176,2078
23256,r3i1p1f1,2078,09,03,0.0,33.016834,16.093222,2078
23257,r3i1p1f1,2078,09,04,0.0,32.7112,16.289974,2078
23258,r3i1p1f1,2078,09,05,0.0,32.055164,15.802606,2078
23259,r3i1p1f1,2078,09,06,0.0,31.033533,15.312375,2078
23260,r3i1p1f1,2078,09,07,0.008075109852308577,27.319733,13.43173,2078
23261,r3i1p1f1,2078,09,08,0.0,29.369097,14.294487,2078
23262,r3i1p1f1,2078,09,09,0.0,34.78136,16.457092,2078
23263,r3i1p1f1,2078,09,10,0.0,35.30909,17.037086,2078
23264,r3i1p1f1,2078,09,11,0.0,36.428684,18.834356,2078
23265,r3i1p1f1,2078,09,12,0.0,36.484127,20.79557,2078
23266,r3i1p1f1,2078,09,13,0.0,37.191715,20.267378,2078
23267,r3i1p1f1,2078,09,14,0.044951308677396315,37.933247,20.315523,2078
23268,r3i1p1f1,2078,09,15,0.0011060283180664885,38.813015,20.18045,2078
23269,r3i1p1f1,2078,09,16,0.02614987583718065,37.89646,20.692127,2078
23270,r3i1p1f1,2078,09,17,0.02642058422983003,37.618034,20.891642,2078
23271,r3i1p1f1,2078,09,18,0.0005348388698290695,36.08585,19.080694,2078
23272,r3i1p1f1,2078,09,19,1.0309553230057866,34.77971,18.29014,2078
23273,r3i1p1f1,2078,09,20,6.248424450257958,33.22009,18.164032,2078
23274,r3i1p1f1,2078,09,21,3.8093588667018623,33.016315,19.641922,2078
23275,r3i1p1f1,2078,09,22,2.2345733147456786,29.793406,16.767645,2078
23276,r3i1p1f1,2078,09,23,0.1472821453970744,29.27515,14.480099,2078
23277,r3i1p1f1,2078,09,24,0.0,31.318066,15.693069,2078
23278,r3i1p1f1,2078,09,25,0.0,32.16015,16.255976,2078
23279,r3i1p1f1,2078,09,26,0.0,31.139112,14.977101,2078
23280,r3i1p1f1,2078,09,27,0.15827557507718942,31.787024,16.075796,2078
23281,r3i1p1f1,2078,09,28,0.38660609570797533,33.827652,18.32999,2078
23282,r3i1p1f1,2078,09,29,0.0018911534976778607,34.142532,17.226448,2078
23283,r3i1p1f1,2078,09,30,0.0,33.30287,16.582485,2078
23284,r3i1p1f1,2078,10,01,0.0,34.11798,17.0257,2078
23285,r3i1p1f1,2078,10,02,0.0,33.88358,16.333305,2078
23286,r3i1p1f1,2078,10,03,0.0,33.350925,16.553858,2078
23287,r3i1p1f1,2078,10,04,0.0,34.016148,17.684624,2078
23288,r3i1p1f1,2078,10,05,0.003916922441655488,35.253986,18.46931,2078
23289,r3i1p1f1,2078,10,06,0.0,35.701584,18.736582,2078
23290,r3i1p1f1,2078,10,07,0.0,36.089184,19.083864,2078
23291,r3i1p1f1,2078,10,08,0.0,34.688538,19.997755,2078
23292,r3i1p1f1,2078,10,09,0.0,33.486477,17.994736,2078
23293,r3i1p1f1,2078,10,10,0.010690143592937879,32.907673,16.082476,2078
23294,r3i1p1f1,2078,10,11,0.5490807885397578,34.08425,20.21262,2078
23295,r3i1p1f1,2078,10,12,0.0,32.60505,15.826392,2078
23296,r3i1p1f1,2078,10,13,0.0,28.277468,14.830019,2078
23297,r3i1p1f1,2078,10,14,0.0,25.320051,11.107876,2078
23298,r3i1p1f1,2078,10,15,0.0,28.822937,12.823883,2078
23299,r3i1p1f1,2078,10,16,0.0,27.76136,11.990939,2078
23300,r3i1p1f1,2078,10,17,0.0,25.335192,9.63754,2078
23301,r3i1p1f1,2078,10,18,0.0,26.754412,10.536682,2078
23302,r3i1p1f1,2078,10,19,0.0,29.201817,12.322857,2078
23303,r3i1p1f1,2078,10,20,0.0,30.535574,14.16864,2078
23304,r3i1p1f1,2078,10,21,0.0,31.872362,14.802883,2078
23305,r3i1p1f1,2078,10,22,0.0,32.691414,15.654209,2078
23306,r3i1p1f1,2078,10,23,0.0,32.309757,15.716112,2078
23307,r3i1p1f1,2078,10,24,0.0,30.11593,14.061983,2078
23308,r3i1p1f1,2078,10,25,0.0,27.318247,13.098253,2078
23309,r3i1p1f1,2078,10,26,0.0,29.558077,12.94224,2078
23310,r3i1p1f1,2078,10,27,0.0,33.655804,16.04631,2078
23311,r3i1p1f1,2078,10,28,0.0,33.18807,16.187855,2078
23312,r3i1p1f1,2078,10,29,0.0,32.23686,15.707183,2078
23313,r3i1p1f1,2078,10,30,0.0,31.515871,15.483484,2078
23314,r3i1p1f1,2078,10,31,0.0,30.81299,15.326093,2078
23315,r3i1p1f1,2078,11,01,0.0,28.54301,12.473179,2078
23316,r3i1p1f1,2078,11,02,0.0,22.954094,9.938918,2078
23317,r3i1p1f1,2078,11,03,0.0,20.509474,6.8961973,2078
23318,r3i1p1f1,2078,11,04,0.0,19.88998,6.543813,2078
23319,r3i1p1f1,2078,11,05,0.0,20.528885,6.285907,2078
23320,r3i1p1f1,2078,11,06,0.0,23.030891,7.5029163,2078
23321,r3i1p1f1,2078,11,07,0.0,25.410269,9.465926,2078
23322,r3i1p1f1,2078,11,08,0.0,26.505611,9.191917,2078
23323,r3i1p1f1,2078,11,09,0.0,24.7405,9.695428,2078
23324,r3i1p1f1,2078,11,10,0.2941233630818632,21.911942,8.956008,2078
23325,r3i1p1f1,2078,11,11,0.0,17.688055,2.8327003,2078
23326,r3i1p1f1,2078,11,12,0.0,18.147951,4.3068776,2078
23327,r3i1p1f1,2078,11,13,0.0060659125235609035,19.444939,5.636188,2078
23328,r3i1p1f1,2078,11,14,0.08700188759328077,19.122694,5.6043496,2078
23329,r3i1p1f1,2078,11,15,5.42987066487981,21.025656,10.185241,2078
23330,r3i1p1f1,2078,11,16,14.835716253080385,16.090141,8.029819,2078
23331,r3i1p1f1,2078,11,17,1.212282147349249,16.849337,4.925496,2078
23332,r3i1p1f1,2078,11,18,0.4489622556116735,18.094118,5.742227,2078
23333,r3i1p1f1,2078,11,19,10.71101343503952,19.594013,9.105983,2078
23334,r3i1p1f1,2078,11,20,0.4416282311543303,17.354425,5.4743505,2078
23335,r3i1p1f1,2078,11,21,0.32167267712352576,16.817965,4.0458603,2078
23336,r3i1p1f1,2078,11,22,6.933925028173359,17.241783,7.7088456,2078
23337,r3i1p1f1,2078,11,23,16.139971045741923,16.09918,5.12501,2078
23338,r3i1p1f1,2078,11,24,1.915753115799429,12.343077,1.1077362,2078
23339,r3i1p1f1,2078,11,25,0.00033757353032177144,13.467803,0.9015727,2078
23340,r3i1p1f1,2078,11,26,3.473214164339218,13.779286,4.160658,2078
23341,r3i1p1f1,2078,11,27,5.731717925157158,14.538084,3.8122878,2078
23342,r3i1p1f1,2078,11,28,2.327113572818834,13.710698,1.7292587,2078
23343,r3i1p1f1,2078,11,29,0.0,13.188326,0.0047681676,2078
23344,r3i1p1f1,2078,11,30,17.521962544073396,12.666749,3.0181713,2078
23345,r3i1p1f1,2078,12,01,0.12116853530284116,16.31184,8.565545,2078
23346,r3i1p1f1,2078,12,02,0.0,18.95436,4.5428915,2078
23347,r3i1p1f1,2078,12,03,0.8160246935602283,17.766628,7.4301047,2078
23348,r3i1p1f1,2078,12,04,0.47019948947253754,15.237661,6.580467,2078
23349,r3i1p1f1,2078,12,05,0.0,16.443035,2.1704156,2078
23350,r3i1p1f1,2078,12,06,0.0,15.950891,1.7254051,2078
23351,r3i1p1f1,2078,12,07,0.0,16.109095,2.2832606,2078
23352,r3i1p1f1,2078,12,08,0.0,19.095919,5.516357,2078
23353,r3i1p1f1,2078,12,09,0.0,19.556576,5.922936,2078
23354,r3i1p1f1,2078,12,10,0.0,19.88254,6.2540355,2078
23355,r3i1p1f1,2078,12,11,0.0,20.164587,6.377533,2078
23356,r3i1p1f1,2078,12,12,0.0005925639363175088,19.356432,8.379137,2078
23357,r3i1p1f1,2078,12,13,0.0,16.869162,5.0791354,2078
23358,r3i1p1f1,2078,12,14,0.0,17.688272,3.1888578,2078
23359,r3i1p1f1,2078,12,15,0.008277706215405047,18.567955,4.245659,2078
23360,r3i1p1f1,2078,12,16,7.140434534612171,17.485203,9.596591,2078
23361,r3i1p1f1,2078,12,17,0.0,11.000675,-1.7141085,2078
23362,r3i1p1f1,2078,12,18,0.0,11.23985,-2.7721045,2078
23363,r3i1p1f1,2078,12,19,0.0,12.385024,-2.5163436,2078
23364,r3i1p1f1,2078,12,20,5.126516803169524,10.29984,0.3584877,2078
23365,r3i1p1f1,2078,12,21,1.1769204091922347,10.068147,1.2276157,2078
23366,r3i1p1f1,2078,12,22,0.0002329616638069803,9.93838,-0.44935793,2078
23367,r3i1p1f1,2078,12,23,0.0,11.052349,-1.2826905,2078
23368,r3i1p1f1,2078,12,24,0.0,9.988451,-3.0104268,2078
23369,r3i1p1f1,2078,12,25,0.0,10.10489,-2.9924176,2078
23370,r3i1p1f1,2078,12,26,0.0,11.1152525,-2.2583504,2078
23371,r3i1p1f1,2078,12,27,0.0,11.689428,-1.1249969,2078
23372,r3i1p1f1,2078,12,28,0.0,14.22839,0.11975596,2078
23373,r3i1p1f1,2078,12,29,0.0,15.916897,1.9202805,2078
23374,r3i1p1f1,2078,12,30,0.0,15.678638,2.0610733,2078
23375,r3i1p1f1,2078,12,31,0.0,14.210952,1.6160575,2078
23376,r3i1p1f1,2079,01,01,0.039440206230872056,11.598067,2.0351017,2079
23377,r3i1p1f1,2079,01,02,0.027954373054495645,8.516039,-2.159549,2079
23378,r3i1p1f1,2079,01,03,0.0,9.936012,-2.9582589,2079
23379,r3i1p1f1,2079,01,04,0.0,10.964983,-2.6743095,2079
23380,r3i1p1f1,2079,01,05,0.0,11.618884,-2.0935357,2079
23381,r3i1p1f1,2079,01,06,0.0,16.611916,2.608502,2079
23382,r3i1p1f1,2079,01,07,0.0,17.972498,3.9608622,2079
23383,r3i1p1f1,2079,01,08,0.5973075924681105,16.56972,4.682099,2079
23384,r3i1p1f1,2079,01,09,0.09289173216447208,15.136823,3.1632776,2079
23385,r3i1p1f1,2079,01,10,4.886487858169527,11.986087,2.8381205,2079
23386,r3i1p1f1,2079,01,11,0.23327222514622423,8.144363,0.6258429,2079
23387,r3i1p1f1,2079,01,12,0.0,7.0122294,-2.377885,2079
23388,r3i1p1f1,2079,01,13,0.0,8.445035,-6.045502,2079
23389,r3i1p1f1,2079,01,14,0.0,10.023709,-3.890234,2079
23390,r3i1p1f1,2079,01,15,0.0,10.845847,-2.33035,2079
23391,r3i1p1f1,2079,01,16,0.0,14.448227,0.18842988,2079
23392,r3i1p1f1,2079,01,17,0.0,12.920332,-0.44281068,2079
23393,r3i1p1f1,2079,01,18,0.0,12.468168,0.16052271,2079
23394,r3i1p1f1,2079,01,19,0.0,12.230692,0.23259039,2079
23395,r3i1p1f1,2079,01,20,0.0,12.287263,-1.8197516,2079
23396,r3i1p1f1,2079,01,21,0.07087026987309483,10.947682,0.88277274,2079
23397,r3i1p1f1,2079,01,22,0.01857329559932237,9.334774,-1.4077088,2079
23398,r3i1p1f1,2079,01,23,0.0,11.133818,-2.565686,2079
23399,r3i1p1f1,2079,01,24,0.0,14.326271,-1.2164077,2079
23400,r3i1p1f1,2079,01,25,0.0,16.113264,1.3013545,2079
23401,r3i1p1f1,2079,01,26,0.0,16.601091,2.111202,2079
23402,r3i1p1f1,2079,01,27,0.0,17.581764,2.753912,2079
23403,r3i1p1f1,2079,01,28,0.0,17.32134,2.2416954,2079
23404,r3i1p1f1,2079,01,29,0.0,18.414885,3.2792113,2079
23405,r3i1p1f1,2079,01,30,0.0,18.41488,2.8105276,2079
23406,r3i1p1f1,2079,01,31,0.0,17.36011,1.6686682,2079
23407,r3i1p1f1,2079,02,01,0.8663308161924237,15.766509,2.6454794,2079
23408,r3i1p1f1,2079,02,02,12.139069277380424,14.9674,4.8154364,2079
23409,r3i1p1f1,2079,02,03,2.457307010085556,13.340537,3.3500187,2079
23410,r3i1p1f1,2079,02,04,0.8412323799811102,14.1119585,1.863985,2079
23411,r3i1p1f1,2079,02,05,0.07953875150357789,15.145824,1.3506333,2079
23412,r3i1p1f1,2079,02,06,0.0,16.53317,1.7682924,2079
23413,r3i1p1f1,2079,02,07,0.031064605844387024,16.670689,4.430833,2079
23414,r3i1p1f1,2079,02,08,4.465835716572738,12.6772995,4.487063,2079
23415,r3i1p1f1,2079,02,09,7.191868898675735,15.058149,3.621792,2079
23416,r3i1p1f1,2079,02,10,5.9583131105407094,15.19918,4.733543,2079
23417,r3i1p1f1,2079,02,11,3.9297543253104035,14.060884,4.2991543,2079
23418,r3i1p1f1,2079,02,12,0.02508280147925358,15.2984495,1.0691319,2079
23419,r3i1p1f1,2079,02,13,0.0,17.56184,3.0915291,2079
23420,r3i1p1f1,2079,02,14,0.0,17.50643,2.6684525,2079
23421,r3i1p1f1,2079,02,15,7.315539235818106,17.081966,5.5482054,2079
23422,r3i1p1f1,2079,02,16,9.96805280564524,15.615881,4.3842707,2079
23423,r3i1p1f1,2079,02,17,12.026133770400934,15.66835,5.7033453,2079
23424,r3i1p1f1,2079,02,18,24.366173243086617,14.40447,5.4986615,2079
23425,r3i1p1f1,2079,02,19,3.738101819957537,13.220742,2.7107232,2079
23426,r3i1p1f1,2079,02,20,1.3287488100947733,10.527997,-0.25273317,2079
23427,r3i1p1f1,2079,02,21,1.9324347139494917,14.826936,1.481501,2079
23428,r3i1p1f1,2079,02,22,0.0,18.34865,2.6808283,2079
23429,r3i1p1f1,2079,02,23,0.0,19.395348,4.1159077,2079
23430,r3i1p1f1,2079,02,24,0.012760342799469292,18.952038,3.7176216,2079
23431,r3i1p1f1,2079,02,25,7.132414598928252,16.983282,5.573021,2079
23432,r3i1p1f1,2079,02,26,1.6616252952504014,14.656356,2.890005,2079
23433,r3i1p1f1,2079,02,27,0.0,14.406015,1.8887691,2079
23434,r3i1p1f1,2079,02,28,0.0,16.014559,3.736107,2079
23435,r3i1p1f1,2079,03,01,14.759170756859186,13.835743,6.2137356,2079
23436,r3i1p1f1,2079,03,02,0.09847364047097719,13.694146,2.4399142,2079
23437,r3i1p1f1,2079,03,03,0.0363100542976595,16.019955,0.88134855,2079
23438,r3i1p1f1,2079,03,04,0.03965509224365109,20.262848,3.987026,2079
23439,r3i1p1f1,2079,03,05,0.0,22.028149,5.159419,2079
23440,r3i1p1f1,2079,03,06,0.0,21.573868,6.1571774,2079
23441,r3i1p1f1,2079,03,07,0.6972644907336596,21.363302,5.9428635,2079
23442,r3i1p1f1,2079,03,08,2.0592553511530487,15.201494,2.3151333,2079
23443,r3i1p1f1,2079,03,09,0.0056745822693108385,16.54028,-0.5575705,2079
23444,r3i1p1f1,2079,03,10,0.02962862020605385,21.436977,3.2220626,2079
23445,r3i1p1f1,2079,03,11,2.4932047646366025,18.310505,4.817142,2079
23446,r3i1p1f1,2079,03,12,0.1886218869678873,12.399965,2.4085302,2079
23447,r3i1p1f1,2079,03,13,4.448165159259533,12.593052,2.4101052,2079
23448,r3i1p1f1,2079,03,14,0.2896019985691413,16.509935,1.662178,2079
23449,r3i1p1f1,2079,03,15,2.0431139988927223,15.860497,4.528117,2079
23450,r3i1p1f1,2079,03,16,7.853392407092597,14.137382,2.3162806,2079
23451,r3i1p1f1,2079,03,17,1.227816445206179,14.474552,0.8989455,2079
23452,r3i1p1f1,2079,03,18,18.782669781130057,10.180444,3.534224,2079
23453,r3i1p1f1,2079,03,19,0.2733953829341441,13.728548,-0.34604037,2079
23454,r3i1p1f1,2079,03,20,0.03319647442725854,16.211102,-0.1961833,2079
23455,r3i1p1f1,2079,03,21,0.06178688477534293,17.152473,4.411421,2079
23456,r3i1p1f1,2079,03,22,0.04264967888351142,16.427248,3.7043319,2079
23457,r3i1p1f1,2079,03,23,0.0,18.316868,2.3543084,2079
23458,r3i1p1f1,2079,03,24,0.0,21.780725,5.365804,2079
23459,r3i1p1f1,2079,03,25,0.0,22.861616,5.6508718,2079
23460,r3i1p1f1,2079,03,26,0.0,24.831491,6.2407675,2079
23461,r3i1p1f1,2079,03,27,0.003749907694079659,24.489815,7.3906336,2079
23462,r3i1p1f1,2079,03,28,0.6299975889895436,24.188696,6.9589977,2079
23463,r3i1p1f1,2079,03,29,1.365124549338807,22.447151,5.9172697,2079
23464,r3i1p1f1,2079,03,30,0.5533697032170135,17.632463,6.4988203,2079
23465,r3i1p1f1,2079,03,31,0.22342438186376856,16.92522,6.8015633,2079
23466,r3i1p1f1,2079,04,01,1.298454049101565,16.39739,5.450997,2079
23467,r3i1p1f1,2079,04,02,1.3915456731223403,16.249355,2.3105378,2079
23468,r3i1p1f1,2079,04,03,0.0,18.890188,1.622408,2079
23469,r3i1p1f1,2079,04,04,0.0009409077888862653,20.339535,3.4370708,2079
23470,r3i1p1f1,2079,04,05,0.0,19.701609,4.5041203,2079
23471,r3i1p1f1,2079,04,06,0.0,20.928371,4.6540747,2079
23472,r3i1p1f1,2079,04,07,0.0,25.117191,5.5771914,2079
23473,r3i1p1f1,2079,04,08,0.0,27.02561,7.689506,2079
23474,r3i1p1f1,2079,04,09,0.24657446905455965,28.366983,10.322536,2079
23475,r3i1p1f1,2079,04,10,8.108569161829358,24.540384,7.818868,2079
23476,r3i1p1f1,2079,04,11,1.1301080521846443,14.637344,3.6150527,2079
23477,r3i1p1f1,2079,04,12,0.0,19.134882,2.2848005,2079
23478,r3i1p1f1,2079,04,13,0.0,24.501074,5.830114,2079
23479,r3i1p1f1,2079,04,14,0.0,25.485437,8.016708,2079
23480,r3i1p1f1,2079,04,15,0.021476566888106226,23.248018,7.3785152,2079
23481,r3i1p1f1,2079,04,16,0.0,22.959404,5.397505,2079
23482,r3i1p1f1,2079,04,17,0.0,27.459627,7.4532127,2079
23483,r3i1p1f1,2079,04,18,0.0,27.05917,8.486736,2079
23484,r3i1p1f1,2079,04,19,0.0,26.444757,7.517563,2079
23485,r3i1p1f1,2079,04,20,0.0,26.41728,7.4098816,2079
23486,r3i1p1f1,2079,04,21,0.0,24.649748,6.31067,2079
23487,r3i1p1f1,2079,04,22,0.0,22.580072,3.8183813,2079
23488,r3i1p1f1,2079,04,23,0.06041821431029926,19.225304,4.0687413,2079
23489,r3i1p1f1,2079,04,24,0.09842905753457946,20.417873,1.6852741,2079
23490,r3i1p1f1,2079,04,25,0.0,22.683474,4.026537,2079
23491,r3i1p1f1,2079,04,26,0.0,21.96157,3.7368052,2079
23492,r3i1p1f1,2079,04,27,0.0,23.128382,5.6173797,2079
23493,r3i1p1f1,2079,04,28,0.0,27.822063,9.178516,2079
23494,r3i1p1f1,2079,04,29,0.0,27.650211,9.345961,2079
23495,r3i1p1f1,2079,04,30,0.0,25.709042,8.350459,2079
23496,r3i1p1f1,2079,05,01,0.0,29.117996,10.053426,2079
23497,r3i1p1f1,2079,05,02,0.0,32.909805,13.65137,2079
23498,r3i1p1f1,2079,05,03,0.0,32.371758,13.378721,2079
23499,r3i1p1f1,2079,05,04,0.0,30.021444,11.864521,2079
23500,r3i1p1f1,2079,05,05,0.0,32.18672,13.124473,2079
23501,r3i1p1f1,2079,05,06,0.0,33.356567,13.866101,2079
23502,r3i1p1f1,2079,05,07,0.0,35.87829,15.825334,2079
23503,r3i1p1f1,2079,05,08,0.0,34.061756,15.324288,2079
23504,r3i1p1f1,2079,05,09,0.0,28.044228,9.195959,2079
23505,r3i1p1f1,2079,05,10,0.0,29.681383,11.204385,2079
23506,r3i1p1f1,2079,05,11,0.0,33.001755,14.002132,2079
23507,r3i1p1f1,2079,05,12,0.0,33.222527,14.188285,2079
23508,r3i1p1f1,2079,05,13,0.0,32.790638,13.116889,2079
23509,r3i1p1f1,2079,05,14,0.10629441803868042,31.057629,11.666222,2079
23510,r3i1p1f1,2079,05,15,0.003194106128913435,26.81082,8.255591,2079
23511,r3i1p1f1,2079,05,16,0.0,32.204277,12.879457,2079
23512,r3i1p1f1,2079,05,17,0.0,36.70081,16.751402,2079
23513,r3i1p1f1,2079,05,18,0.0,37.721626,18.26229,2079
23514,r3i1p1f1,2079,05,19,0.0,35.933887,16.553057,2079
23515,r3i1p1f1,2079,05,20,0.0,31.42568,12.283151,2079
23516,r3i1p1f1,2079,05,21,0.0,29.571527,10.012214,2079
23517,r3i1p1f1,2079,05,22,0.0,25.260788,7.225026,2079
23518,r3i1p1f1,2079,05,23,0.0,31.774426,11.962352,2079
23519,r3i1p1f1,2079,05,24,0.0,35.264057,14.750874,2079
23520,r3i1p1f1,2079,05,25,0.0,36.223255,15.774737,2079
23521,r3i1p1f1,2079,05,26,0.0,36.245605,16.57809,2079
23522,r3i1p1f1,2079,05,27,0.0,35.97587,16.294521,2079
23523,r3i1p1f1,2079,05,28,0.0,33.209305,14.394023,2079
23524,r3i1p1f1,2079,05,29,0.0,31.29867,11.441321,2079
23525,r3i1p1f1,2079,05,30,0.0,31.060886,12.389425,2079
23526,r3i1p1f1,2079,05,31,0.0,30.273891,11.905696,2079
23527,r3i1p1f1,2079,06,01,0.0,27.258745,8.954231,2079
23528,r3i1p1f1,2079,06,02,0.0,26.81885,7.7068095,2079
23529,r3i1p1f1,2079,06,03,0.0,27.62443,9.105126,2079
23530,r3i1p1f1,2079,06,04,0.0,31.089632,13.095876,2079
23531,r3i1p1f1,2079,06,05,0.0,36.857574,15.77466,2079
23532,r3i1p1f1,2079,06,06,0.0,36.259926,16.227812,2079
23533,r3i1p1f1,2079,06,07,0.0,32.708214,13.58628,2079
23534,r3i1p1f1,2079,06,08,0.0,29.430029,11.110266,2079
23535,r3i1p1f1,2079,06,09,0.0,28.047762,10.818516,2079
23536,r3i1p1f1,2079,06,10,0.0,26.821781,10.075351,2079
23537,r3i1p1f1,2079,06,11,0.0,27.342003,9.630121,2079
23538,r3i1p1f1,2079,06,12,0.0,29.48353,11.896174,2079
23539,r3i1p1f1,2079,06,13,0.0,29.038528,10.17832,2079
23540,r3i1p1f1,2079,06,14,0.004144203291313413,24.904661,8.078667,2079
23541,r3i1p1f1,2079,06,15,0.0,23.762468,7.4683266,2079
23542,r3i1p1f1,2079,06,16,0.0005301038530006101,25.12911,7.9362392,2079
23543,r3i1p1f1,2079,06,17,0.0,25.389029,7.9446454,2079
23544,r3i1p1f1,2079,06,18,0.0,26.49573,8.242087,2079
23545,r3i1p1f1,2079,06,19,0.0,26.835938,9.349795,2079
23546,r3i1p1f1,2079,06,20,0.0,27.66267,9.441046,2079
23547,r3i1p1f1,2079,06,21,0.0,29.409117,11.057961,2079
23548,r3i1p1f1,2079,06,22,0.0,30.19408,11.53034,2079
23549,r3i1p1f1,2079,06,23,0.0,29.796963,11.622325,2079
23550,r3i1p1f1,2079,06,24,0.0,32.519028,13.337548,2079
23551,r3i1p1f1,2079,06,25,0.0,32.42168,14.311706,2079
23552,r3i1p1f1,2079,06,26,0.0,33.705223,15.242003,2079
23553,r3i1p1f1,2079,06,27,0.0,36.137974,16.104486,2079
23554,r3i1p1f1,2079,06,28,0.0,36.456356,16.815435,2079
23555,r3i1p1f1,2079,06,29,0.0,39.93352,21.04551,2079
23556,r3i1p1f1,2079,06,30,0.0,40.28614,20.999836,2079
23557,r3i1p1f1,2079,07,01,0.0,39.26082,19.779615,2079
23558,r3i1p1f1,2079,07,02,0.0,39.626648,20.330414,2079
23559,r3i1p1f1,2079,07,03,0.0,41.290276,21.361757,2079
23560,r3i1p1f1,2079,07,04,0.0,41.16749,20.797037,2079
23561,r3i1p1f1,2079,07,05,0.0,37.556152,19.060965,2079
23562,r3i1p1f1,2079,07,06,0.0,35.282444,19.313179,2079
23563,r3i1p1f1,2079,07,07,0.02154592670690776,34.510494,19.116602,2079
23564,r3i1p1f1,2079,07,08,0.0,34.637585,17.397976,2079
23565,r3i1p1f1,2079,07,09,0.000452359056935441,37.005108,17.740871,2079
23566,r3i1p1f1,2079,07,10,0.0,37.197422,18.601875,2079
23567,r3i1p1f1,2079,07,11,0.0,38.193287,19.184595,2079
23568,r3i1p1f1,2079,07,12,0.0,37.498264,19.302809,2079
23569,r3i1p1f1,2079,07,13,0.0,36.501762,19.082613,2079
23570,r3i1p1f1,2079,07,14,0.0,38.208588,19.642618,2079
23571,r3i1p1f1,2079,07,15,0.0,40.3859,20.4638,2079
23572,r3i1p1f1,2079,07,16,0.0,39.96946,20.739807,2079
23573,r3i1p1f1,2079,07,17,0.0,38.937622,20.55223,2079
23574,r3i1p1f1,2079,07,18,0.010167730435954802,38.974293,21.178528,2079
23575,r3i1p1f1,2079,07,19,0.0,40.317745,21.813757,2079
23576,r3i1p1f1,2079,07,20,0.0,39.94459,20.762026,2079
23577,r3i1p1f1,2079,07,21,0.0,39.09893,19.946203,2079
23578,r3i1p1f1,2079,07,22,0.0,38.17253,19.774601,2079
23579,r3i1p1f1,2079,07,23,3.424669800676356,37.22165,20.047173,2079
23580,r3i1p1f1,2079,07,24,0.007675788876826338,35.55181,19.847214,2079
23581,r3i1p1f1,2079,07,25,0.1786923302852577,35.480873,19.83329,2079
23582,r3i1p1f1,2079,07,26,0.10402777935572279,37.55625,19.636772,2079
23583,r3i1p1f1,2079,07,27,2.452243039965238,38.091774,21.419367,2079
23584,r3i1p1f1,2079,07,28,0.37483663866155303,38.34708,21.528805,2079
23585,r3i1p1f1,2079,07,29,0.036142235035323676,37.840656,21.029518,2079
23586,r3i1p1f1,2079,07,30,0.35982843055866065,37.009624,20.237556,2079
23587,r3i1p1f1,2079,07,31,0.2755101431279344,36.754898,20.159712,2079
23588,r3i1p1f1,2079,08,01,0.27787259988006996,36.86686,20.055481,2079
23589,r3i1p1f1,2079,08,02,0.48374167271752166,36.574787,19.900263,2079
23590,r3i1p1f1,2079,08,03,0.3835129200579655,36.84455,19.558517,2079
23591,r3i1p1f1,2079,08,04,0.5016078994341308,37.257275,20.74922,2079
23592,r3i1p1f1,2079,08,05,2.4326313238171595,35.883614,20.71551,2079
23593,r3i1p1f1,2079,08,06,0.6804596591576807,35.710327,19.402796,2079
23594,r3i1p1f1,2079,08,07,0.9137483747635446,38.322006,21.099545,2079
23595,r3i1p1f1,2079,08,08,0.8951818891750228,37.0837,22.203146,2079
23596,r3i1p1f1,2079,08,09,1.7865729116293192,31.827707,17.106035,2079
23597,r3i1p1f1,2079,08,10,0.0012343097169474331,32.488438,16.908337,2079
23598,r3i1p1f1,2079,08,11,0.0,31.930124,16.311266,2079
23599,r3i1p1f1,2079,08,12,0.0,30.959406,15.91243,2079
23600,r3i1p1f1,2079,08,13,0.0,31.882845,15.729366,2079
23601,r3i1p1f1,2079,08,14,1.2317106862301994,30.64313,15.2305975,2079
23602,r3i1p1f1,2079,08,15,0.39420884927632427,34.039467,19.218174,2079
23603,r3i1p1f1,2079,08,16,0.45111892267607,33.978497,17.295029,2079
23604,r3i1p1f1,2079,08,17,0.002142193755417159,32.167416,15.197809,2079
23605,r3i1p1f1,2079,08,18,0.0,31.617699,14.599028,2079
23606,r3i1p1f1,2079,08,19,0.0,34.6928,18.660675,2079
23607,r3i1p1f1,2079,08,20,0.0,36.662212,18.642843,2079
23608,r3i1p1f1,2079,08,21,0.0,36.67705,18.074228,2079
23609,r3i1p1f1,2079,08,22,0.0,37.364735,18.536777,2079
23610,r3i1p1f1,2079,08,23,0.0,38.62873,21.807775,2079
23611,r3i1p1f1,2079,08,24,0.0,37.92693,19.112087,2079
23612,r3i1p1f1,2079,08,25,0.0,37.121803,18.189772,2079
23613,r3i1p1f1,2079,08,26,0.0,35.77388,17.853228,2079
23614,r3i1p1f1,2079,08,27,0.0,36.39377,17.39035,2079
23615,r3i1p1f1,2079,08,28,0.0,39.264824,18.86494,2079
23616,r3i1p1f1,2079,08,29,0.2117961906443463,41.30108,21.170298,2079
23617,r3i1p1f1,2079,08,30,0.004872415553439747,40.318325,22.908133,2079
23618,r3i1p1f1,2079,08,31,0.6045173340438245,38.30244,21.846895,2079
23619,r3i1p1f1,2079,09,01,0.8108500691984469,39.869537,23.478073,2079
23620,r3i1p1f1,2079,09,02,1.5803055156456223,40.955368,24.32449,2079
23621,r3i1p1f1,2079,09,03,3.797128792560243,39.398426,23.595264,2079
23622,r3i1p1f1,2079,09,04,13.587772194417388,32.9001,19.158401,2079
23623,r3i1p1f1,2079,09,05,11.950532521733106,32.549343,19.311615,2079
23624,r3i1p1f1,2079,09,06,0.0,30.911146,16.897327,2079
23625,r3i1p1f1,2079,09,07,0.009815905655021637,31.246279,17.570889,2079
23626,r3i1p1f1,2079,09,08,0.08459250601597225,31.282211,17.119608,2079
23627,r3i1p1f1,2079,09,09,0.3398023310618362,32.050766,17.834993,2079
23628,r3i1p1f1,2079,09,10,0.21105669327715243,32.862606,17.651243,2079
23629,r3i1p1f1,2079,09,11,0.0,31.19874,15.785308,2079
23630,r3i1p1f1,2079,09,12,0.0,33.527657,16.632622,2079
23631,r3i1p1f1,2079,09,13,0.0,35.051395,18.081352,2079
23632,r3i1p1f1,2079,09,14,0.0,35.67503,18.670849,2079
23633,r3i1p1f1,2079,09,15,0.0,36.43215,19.29765,2079
23634,r3i1p1f1,2079,09,16,0.0,37.581043,19.431011,2079
23635,r3i1p1f1,2079,09,17,0.0,38.266438,20.105614,2079
23636,r3i1p1f1,2079,09,18,0.0,37.493362,19.72148,2079
23637,r3i1p1f1,2079,09,19,0.0,37.145164,20.376347,2079
23638,r3i1p1f1,2079,09,20,0.0,37.68169,19.708021,2079
23639,r3i1p1f1,2079,09,21,0.0,36.647625,19.599396,2079
23640,r3i1p1f1,2079,09,22,0.0,33.87215,17.052998,2079
23641,r3i1p1f1,2079,09,23,0.0,29.68355,13.642103,2079
23642,r3i1p1f1,2079,09,24,0.0,33.256306,15.8972435,2079
23643,r3i1p1f1,2079,09,25,0.0,34.61714,16.349077,2079
23644,r3i1p1f1,2079,09,26,0.0,33.25695,16.244139,2079
23645,r3i1p1f1,2079,09,27,0.0,36.054386,17.514864,2079
23646,r3i1p1f1,2079,09,28,0.0,37.906425,20.838457,2079
23647,r3i1p1f1,2079,09,29,0.0,38.53524,21.967413,2079
23648,r3i1p1f1,2079,09,30,0.0,37.83832,21.926868,2079
23649,r3i1p1f1,2079,10,01,0.0,38.380527,21.04128,2079
23650,r3i1p1f1,2079,10,02,0.0,38.264515,20.518644,2079
23651,r3i1p1f1,2079,10,03,0.0,37.243137,19.166424,2079
23652,r3i1p1f1,2079,10,04,0.0,36.420006,18.4321,2079
23653,r3i1p1f1,2079,10,05,0.0,29.80714,15.138237,2079
23654,r3i1p1f1,2079,10,06,0.0,31.955029,15.370442,2079
23655,r3i1p1f1,2079,10,07,0.0,33.37355,16.619484,2079
23656,r3i1p1f1,2079,10,08,0.0,34.005997,15.913774,2079
23657,r3i1p1f1,2079,10,09,0.0,33.243122,14.940525,2079
23658,r3i1p1f1,2079,10,10,0.0,31.020798,13.517708,2079
23659,r3i1p1f1,2079,10,11,0.0,26.388506,10.937985,2079
23660,r3i1p1f1,2079,10,12,0.0,22.759815,9.886908,2079
23661,r3i1p1f1,2079,10,13,0.0,21.744802,7.7108374,2079
23662,r3i1p1f1,2079,10,14,0.0,25.185514,8.3404255,2079
23663,r3i1p1f1,2079,10,15,0.0,27.501444,11.08092,2079
23664,r3i1p1f1,2079,10,16,0.0,28.078114,11.721443,2079
23665,r3i1p1f1,2079,10,17,0.0,28.738434,12.335494,2079
23666,r3i1p1f1,2079,10,18,3.933486313502671e-05,27.33124,12.881324,2079
23667,r3i1p1f1,2079,10,19,0.0,21.012865,7.869809,2079
23668,r3i1p1f1,2079,10,20,0.0,20.330496,6.8014855,2079
23669,r3i1p1f1,2079,10,21,0.0,25.958834,9.313819,2079
23670,r3i1p1f1,2079,10,22,0.0,30.3269,12.986597,2079
23671,r3i1p1f1,2079,10,23,0.0,30.733915,14.378696,2079
23672,r3i1p1f1,2079,10,24,0.0,30.920654,14.462042,2079
23673,r3i1p1f1,2079,10,25,0.0,31.183838,15.272953,2079
23674,r3i1p1f1,2079,10,26,0.0,31.262188,15.299064,2079
23675,r3i1p1f1,2079,10,27,0.0,31.992687,18.125704,2079
23676,r3i1p1f1,2079,10,28,0.0,32.510853,16.217491,2079
23677,r3i1p1f1,2079,10,29,0.0,32.4484,15.7535305,2079
23678,r3i1p1f1,2079,10,30,0.0,32.11223,14.761946,2079
23679,r3i1p1f1,2079,10,31,0.0,30.451094,11.848767,2079
23680,r3i1p1f1,2079,11,01,0.0,26.1684,8.748604,2079
23681,r3i1p1f1,2079,11,02,0.0,24.27382,7.9661055,2079
23682,r3i1p1f1,2079,11,03,0.0016923086756529908,20.226004,5.9082484,2079
23683,r3i1p1f1,2079,11,04,0.0,17.429752,3.2070887,2079
23684,r3i1p1f1,2079,11,05,0.0,16.861874,0.9549366,2079
23685,r3i1p1f1,2079,11,06,0.0,16.449953,-0.36430946,2079
23686,r3i1p1f1,2079,11,07,0.0,18.600813,3.0408902,2079
23687,r3i1p1f1,2079,11,08,0.0,22.130808,5.3488936,2079
23688,r3i1p1f1,2079,11,09,0.0,21.394468,5.2983384,2079
23689,r3i1p1f1,2079,11,10,1.9006117631138433,22.580814,11.069493,2079
23690,r3i1p1f1,2079,11,11,1.2734406988646227,22.302507,10.607667,2079
23691,r3i1p1f1,2079,11,12,0.8752157559499183,20.476849,8.204033,2079
23692,r3i1p1f1,2079,11,13,0.0,18.545643,4.3571076,2079
23693,r3i1p1f1,2079,11,14,1.2046437328340152,22.533382,10.737281,2079
23694,r3i1p1f1,2079,11,15,0.7987352485523995,20.95188,10.164997,2079
23695,r3i1p1f1,2079,11,16,0.08389937963467232,21.68117,7.681066,2079
23696,r3i1p1f1,2079,11,17,0.01774015197015339,22.287727,8.180077,2079
23697,r3i1p1f1,2079,11,18,0.0005643639826413357,23.502838,8.821147,2079
23698,r3i1p1f1,2079,11,19,7.197215477609654,25.760939,14.134877,2079
23699,r3i1p1f1,2079,11,20,0.0026109039236237577,18.886251,7.5647535,2079
23700,r3i1p1f1,2079,11,21,0.0,17.044083,5.1320806,2079
23701,r3i1p1f1,2079,11,22,0.012523178480808961,18.353645,4.8371396,2079
23702,r3i1p1f1,2079,11,23,0.0,20.105228,5.6988497,2079
23703,r3i1p1f1,2079,11,24,0.0,21.749376,6.60545,2079
23704,r3i1p1f1,2079,11,25,0.04015379190219171,19.437683,6.1182094,2079
23705,r3i1p1f1,2079,11,26,0.0,16.561104,3.879859,2079
23706,r3i1p1f1,2079,11,27,0.0,16.710836,3.1493745,2079
23707,r3i1p1f1,2079,11,28,0.0,18.356224,1.7665114,2079
23708,r3i1p1f1,2079,11,29,0.0,18.054897,2.1766996,2079
23709,r3i1p1f1,2079,11,30,0.0,18.375305,3.0289717,2079
23710,r3i1p1f1,2079,12,01,0.0,18.75282,4.5012774,2079
23711,r3i1p1f1,2079,12,02,0.0,18.939737,4.594761,2079
23712,r3i1p1f1,2079,12,03,0.015256737416634816,17.986658,4.830571,2079
23713,r3i1p1f1,2079,12,04,1.0183940085048424,14.745683,5.662999,2079
23714,r3i1p1f1,2079,12,05,0.24263238402261667,17.004717,4.257368,2079
23715,r3i1p1f1,2079,12,06,0.006360078131723584,20.929523,5.435235,2079
23716,r3i1p1f1,2079,12,07,0.040489123286988615,19.84461,5.692435,2079
23717,r3i1p1f1,2079,12,08,6.793009257170607,18.813269,7.217091,2079
23718,r3i1p1f1,2079,12,09,0.03494387845311201,10.513369,0.8700423,2079
23719,r3i1p1f1,2079,12,10,0.0,14.56415,-0.3131305,2079
23720,r3i1p1f1,2079,12,11,0.0,16.769037,2.5628767,2079
23721,r3i1p1f1,2079,12,12,0.0,18.292252,3.98516,2079
23722,r3i1p1f1,2079,12,13,0.0,18.644955,4.7547836,2079
23723,r3i1p1f1,2079,12,14,0.0,17.772879,4.316542,2079
23724,r3i1p1f1,2079,12,15,0.0,15.923439,1.2411944,2079
23725,r3i1p1f1,2079,12,16,0.0,12.895688,-1.876748,2079
23726,r3i1p1f1,2079,12,17,0.0004947789492496557,16.385412,2.5427036,2079
23727,r3i1p1f1,2079,12,18,0.0,15.744925,1.3962836,2079
23728,r3i1p1f1,2079,12,19,0.0,15.300638,0.08648234,2079
23729,r3i1p1f1,2079,12,20,0.0,17.173302,2.1734717,2079
23730,r3i1p1f1,2079,12,21,0.0,19.085382,4.4860992,2079
23731,r3i1p1f1,2079,12,22,0.0,20.61593,6.096385,2079
23732,r3i1p1f1,2079,12,23,0.0,20.543968,5.757729,2079
23733,r3i1p1f1,2079,12,24,0.0,21.189236,6.425062,2079
23734,r3i1p1f1,2079,12,25,0.0,22.300713,6.8658485,2079
23735,r3i1p1f1,2079,12,26,0.0,20.952791,7.5356174,2079
23736,r3i1p1f1,2079,12,27,0.0,19.173044,5.4398856,2079
23737,r3i1p1f1,2079,12,28,0.0,19.006132,4.62666,2079
23738,r3i1p1f1,2079,12,29,0.0,18.616314,3.7747703,2079
23739,r3i1p1f1,2079,12,30,0.0,16.595152,1.2552614,2079
23740,r3i1p1f1,2079,12,31,0.0,11.397939,-3.2507577,2079
23741,r3i1p1f1,2080,01,01,0.0,12.675398,-0.66526455,2080
23742,r3i1p1f1,2080,01,02,0.2690614019614355,12.194132,2.0703497,2080
23743,r3i1p1f1,2080,01,03,0.0017095005817034028,9.023953,-3.7597582,2080
23744,r3i1p1f1,2080,01,04,0.0,10.961023,-6.0981717,2080
23745,r3i1p1f1,2080,01,05,0.10459781422413829,13.406754,1.18188,2080
23746,r3i1p1f1,2080,01,06,14.918227833798785,12.751018,1.5009444,2080
23747,r3i1p1f1,2080,01,07,24.995639215507474,9.855133,6.3511844,2080
23748,r3i1p1f1,2080,01,08,3.395262674859458,13.886258,3.1962073,2080
23749,r3i1p1f1,2080,01,09,0.19504352605260714,15.254031,6.5352273,2080
23750,r3i1p1f1,2080,01,10,0.027400426717411556,13.552995,1.2226179,2080
23751,r3i1p1f1,2080,01,11,0.04603158432997368,8.304959,-3.2571034,2080
23752,r3i1p1f1,2080,01,12,0.0,7.6583867,-4.4102902,2080
23753,r3i1p1f1,2080,01,13,0.0,9.443816,-3.3655298,2080
23754,r3i1p1f1,2080,01,14,0.000956093179852222,8.105333,-3.8257787,2080
23755,r3i1p1f1,2080,01,15,14.096943431354841,9.583803,-0.7908915,2080
23756,r3i1p1f1,2080,01,16,0.8424729885265473,10.78579,1.544913,2080
23757,r3i1p1f1,2080,01,17,0.0,9.661585,-0.6715736,2080
23758,r3i1p1f1,2080,01,18,0.0,10.127745,-1.9650264,2080
23759,r3i1p1f1,2080,01,19,0.0045259746680544185,10.0667,-3.0884905,2080
23760,r3i1p1f1,2080,01,20,5.73752197052465e-06,10.169325,-2.6382606,2080
23761,r3i1p1f1,2080,01,21,6.545489401958438,9.85391,1.6911708,2080
23762,r3i1p1f1,2080,01,22,0.5093380372898426,9.373963,-0.1679402,2080
23763,r3i1p1f1,2080,01,23,0.0,11.667366,-1.5979401,2080
23764,r3i1p1f1,2080,01,24,0.0,15.853415,0.25240824,2080
23765,r3i1p1f1,2080,01,25,0.0,16.75657,3.6483436,2080
23766,r3i1p1f1,2080,01,26,0.002179577427203626,16.058678,4.5031676,2080
23767,r3i1p1f1,2080,01,27,0.0,15.861432,2.7637603,2080
23768,r3i1p1f1,2080,01,28,0.0,15.910443,1.564363,2080
23769,r3i1p1f1,2080,01,29,0.0,20.957464,5.742054,2080
23770,r3i1p1f1,2080,01,30,0.0,21.733772,7.0491066,2080
23771,r3i1p1f1,2080,01,31,0.0,21.716625,7.3552804,2080
23772,r3i1p1f1,2080,02,01,0.05305731974217589,21.504704,7.549351,2080
23773,r3i1p1f1,2080,02,02,0.0,17.868738,3.3072345,2080
23774,r3i1p1f1,2080,02,03,0.0,16.962582,2.6473687,2080
23775,r3i1p1f1,2080,02,04,0.0,19.137598,4.0691185,2080
23776,r3i1p1f1,2080,02,05,0.0,20.08084,4.7156587,2080
23777,r3i1p1f1,2080,02,06,0.0,20.606817,4.8367515,2080
23778,r3i1p1f1,2080,02,07,0.0,19.927767,4.3148837,2080
23779,r3i1p1f1,2080,02,08,0.4235171679411134,18.421238,5.836282,2080
23780,r3i1p1f1,2080,02,09,0.1544640182631459,16.018118,3.7740788,2080
23781,r3i1p1f1,2080,02,10,0.3769475451642365,13.11711,2.3641477,2080
23782,r3i1p1f1,2080,02,11,0.11466631690079036,16.042849,3.9108105,2080
23783,r3i1p1f1,2080,02,12,0.0,17.223322,2.04488,2080
23784,r3i1p1f1,2080,02,13,1.324424212421725,16.046883,4.559088,2080
23785,r3i1p1f1,2080,02,14,0.1348642214681163,14.959495,4.178326,2080
23786,r3i1p1f1,2080,02,15,0.0,17.814642,1.0690049,2080
23787,r3i1p1f1,2080,02,16,0.0,18.208456,4.019569,2080
23788,r3i1p1f1,2080,02,17,0.12655041540738515,18.795404,5.7119794,2080
23789,r3i1p1f1,2080,02,18,0.0,19.819227,4.6708684,2080
23790,r3i1p1f1,2080,02,19,0.0,19.99859,3.0378397,2080
23791,r3i1p1f1,2080,02,20,0.0,21.353962,4.658884,2080
23792,r3i1p1f1,2080,02,21,0.0,21.269562,7.499744,2080
23793,r3i1p1f1,2080,02,22,0.000293414223327118,20.394392,5.4157505,2080
23794,r3i1p1f1,2080,02,23,0.0,20.43273,3.5007226,2080
23795,r3i1p1f1,2080,02,24,0.014834917268617022,19.240463,3.9603186,2080
23796,r3i1p1f1,2080,02,25,0.8860007064104689,16.999416,5.9046345,2080
23797,r3i1p1f1,2080,02,26,0.0,21.901232,4.744932,2080
23798,r3i1p1f1,2080,02,27,0.0013797272819801672,24.089106,7.0713453,2080
23799,r3i1p1f1,2080,02,28,0.0,23.803905,9.592488,2080
23800,r3i1p1f1,2080,02,29,0.11826043283111755,23.852297,9.380459,2080
23801,r3i1p1f1,2080,03,01,0.21563892903969012,23.468344,5.8235164,2080
23802,r3i1p1f1,2080,03,02,0.18174838702510565,15.121719,0.71377236,2080
23803,r3i1p1f1,2080,03,03,0.009403510202625484,16.238417,-2.873479,2080
23804,r3i1p1f1,2080,03,04,0.021962438018459634,19.680706,-0.22499982,2080
23805,r3i1p1f1,2080,03,05,13.488209167411021,16.553526,4.8815117,2080
23806,r3i1p1f1,2080,03,06,32.97336631352223,12.868908,6.4242845,2080
23807,r3i1p1f1,2080,03,07,7.130221051701739,12.983122,3.3282547,2080
23808,r3i1p1f1,2080,03,08,0.5388241885162698,16.217865,4.777788,2080
23809,r3i1p1f1,2080,03,09,0.005546115959684054,16.263939,2.7621715,2080
23810,r3i1p1f1,2080,03,10,0.0,17.838211,1.6309083,2080
23811,r3i1p1f1,2080,03,11,0.0,18.12634,3.385042,2080
23812,r3i1p1f1,2080,03,12,0.01880344280724592,17.671904,7.838485,2080
23813,r3i1p1f1,2080,03,13,0.19591428118005613,19.47404,6.657223,2080
23814,r3i1p1f1,2080,03,14,0.0,21.356499,5.3834987,2080
23815,r3i1p1f1,2080,03,15,0.7393446883296554,20.874184,8.420975,2080
23816,r3i1p1f1,2080,03,16,5.246151080420125,17.814447,7.878667,2080
23817,r3i1p1f1,2080,03,17,4.078044078247387,15.467489,5.5020027,2080
23818,r3i1p1f1,2080,03,18,0.0,17.410341,1.9894509,2080
23819,r3i1p1f1,2080,03,19,0.0,20.88053,5.660088,2080
23820,r3i1p1f1,2080,03,20,0.0,22.520657,6.316474,2080
23821,r3i1p1f1,2080,03,21,0.0,23.891293,6.726326,2080
23822,r3i1p1f1,2080,03,22,0.0056194014288132275,24.379086,10.3906555,2080
23823,r3i1p1f1,2080,03,23,0.14460167501855528,21.739473,7.2619834,2080
23824,r3i1p1f1,2080,03,24,0.0,16.184414,1.4986727,2080
23825,r3i1p1f1,2080,03,25,0.0,16.408895,2.015663,2080
23826,r3i1p1f1,2080,03,26,0.0,19.029585,1.4910718,2080
23827,r3i1p1f1,2080,03,27,0.0,21.042507,2.5514035,2080
23828,r3i1p1f1,2080,03,28,0.021630350506298288,20.799894,4.698548,2080
23829,r3i1p1f1,2080,03,29,13.875139347378122,14.954741,4.4408364,2080
23830,r3i1p1f1,2080,03,30,19.02662170785003,11.938694,4.047984,2080
23831,r3i1p1f1,2080,03,31,0.11202709567662554,14.1457,1.1094055,2080
23832,r3i1p1f1,2080,04,01,0.0,20.520454,1.5644963,2080
23833,r3i1p1f1,2080,04,02,0.9420924898550407,19.70872,8.564419,2080
23834,r3i1p1f1,2080,04,03,8.487005886929568,16.871431,8.850274,2080
23835,r3i1p1f1,2080,04,04,2.900529989238941,17.663124,8.560014,2080
23836,r3i1p1f1,2080,04,05,0.19698344851900457,22.39125,8.711573,2080
23837,r3i1p1f1,2080,04,06,0.0,25.427315,8.913921,2080
23838,r3i1p1f1,2080,04,07,0.0,25.888062,11.524585,2080
23839,r3i1p1f1,2080,04,08,0.0,24.8724,9.994853,2080
23840,r3i1p1f1,2080,04,09,0.002127204400797685,21.349173,8.498006,2080
23841,r3i1p1f1,2080,04,10,0.0,24.033112,7.1139464,2080
23842,r3i1p1f1,2080,04,11,0.0,25.849699,7.834636,2080
23843,r3i1p1f1,2080,04,12,0.0,27.882278,9.382362,2080
23844,r3i1p1f1,2080,04,13,0.0,28.754837,10.974241,2080
23845,r3i1p1f1,2080,04,14,0.0,26.60165,8.742166,2080
23846,r3i1p1f1,2080,04,15,0.0,24.882631,6.5184417,2080
23847,r3i1p1f1,2080,04,16,0.0,27.63715,9.358065,2080
23848,r3i1p1f1,2080,04,17,0.0,30.875912,12.720448,2080
23849,r3i1p1f1,2080,04,18,0.0,30.384266,10.852763,2080
23850,r3i1p1f1,2080,04,19,0.021823899546275657,24.189734,7.644943,2080
23851,r3i1p1f1,2080,04,20,0.0,23.29029,4.952257,2080
23852,r3i1p1f1,2080,04,21,0.0,25.40436,5.7869644,2080
23853,r3i1p1f1,2080,04,22,0.006037491976078882,25.945436,6.224199,2080
23854,r3i1p1f1,2080,04,23,0.0050911622273622816,23.231314,6.4558363,2080
23855,r3i1p1f1,2080,04,24,0.0,22.489035,4.586386,2080
23856,r3i1p1f1,2080,04,25,0.039516807552321224,21.769476,6.3280144,2080
23857,r3i1p1f1,2080,04,26,9.804008156363235,18.609308,8.261044,2080
23858,r3i1p1f1,2080,04,27,12.820355502891205,16.608673,9.513131,2080
23859,r3i1p1f1,2080,04,28,1.1625829451592533,16.657614,5.2928834,2080
23860,r3i1p1f1,2080,04,29,0.0,20.554375,3.3527634,2080
23861,r3i1p1f1,2080,04,30,0.0,22.413116,6.1172585,2080
23862,r3i1p1f1,2080,05,01,0.0,22.430305,7.3925023,2080
23863,r3i1p1f1,2080,05,02,0.44130096443096234,23.513617,8.059457,2080
23864,r3i1p1f1,2080,05,03,1.648754884872963,22.701656,7.6361303,2080
23865,r3i1p1f1,2080,05,04,0.011001058402612354,24.468264,9.316616,2080
23866,r3i1p1f1,2080,05,05,0.0,24.292538,9.125558,2080
23867,r3i1p1f1,2080,05,06,0.0,26.012167,9.224067,2080
23868,r3i1p1f1,2080,05,07,0.0,28.638367,9.931249,2080
23869,r3i1p1f1,2080,05,08,0.0037127450129694557,27.017927,9.8705015,2080
23870,r3i1p1f1,2080,05,09,5.38298450974804e-05,22.480822,6.743474,2080
23871,r3i1p1f1,2080,05,10,0.0,22.800371,5.1117516,2080
23872,r3i1p1f1,2080,05,11,0.02827822509337266,22.066132,4.882619,2080
23873,r3i1p1f1,2080,05,12,0.5031497870709934,19.159422,5.833876,2080
23874,r3i1p1f1,2080,05,13,0.015003031902861867,23.795906,5.5570307,2080
23875,r3i1p1f1,2080,05,14,0.0,28.027803,8.351671,2080
23876,r3i1p1f1,2080,05,15,0.03594137689960365,28.896034,10.763173,2080
23877,r3i1p1f1,2080,05,16,0.1198553823170104,27.587015,8.656754,2080
23878,r3i1p1f1,2080,05,17,0.0825858588822567,28.360357,10.504341,2080
23879,r3i1p1f1,2080,05,18,0.0,26.453342,7.6098685,2080
23880,r3i1p1f1,2080,05,19,0.0018442747695547896,24.114279,6.610691,2080
23881,r3i1p1f1,2080,05,20,0.0,27.452288,8.3600025,2080
23882,r3i1p1f1,2080,05,21,0.0,30.2695,11.138142,2080
23883,r3i1p1f1,2080,05,22,0.0,32.123714,12.367333,2080
23884,r3i1p1f1,2080,05,23,0.0,31.262087,12.4453745,2080
23885,r3i1p1f1,2080,05,24,0.0,30.06963,13.729253,2080
23886,r3i1p1f1,2080,05,25,0.0,29.433527,11.002995,2080
23887,r3i1p1f1,2080,05,26,0.0,29.233448,10.380469,2080
23888,r3i1p1f1,2080,05,27,0.0,27.497562,11.817227,2080
23889,r3i1p1f1,2080,05,28,0.0,25.260506,7.6748967,2080
23890,r3i1p1f1,2080,05,29,0.0,29.05699,10.505881,2080
23891,r3i1p1f1,2080,05,30,0.0,31.41606,12.452187,2080
23892,r3i1p1f1,2080,05,31,0.0,35.07196,14.6443615,2080
23893,r3i1p1f1,2080,06,01,0.0,37.39261,16.778374,2080
23894,r3i1p1f1,2080,06,02,0.0,37.192894,17.589502,2080
23895,r3i1p1f1,2080,06,03,0.0,36.18522,15.909087,2080
23896,r3i1p1f1,2080,06,04,0.0,35.46266,14.9416,2080
23897,r3i1p1f1,2080,06,05,0.0,29.537918,13.369923,2080
23898,r3i1p1f1,2080,06,06,0.09262558586091142,24.804384,10.351035,2080
23899,r3i1p1f1,2080,06,07,1.7521438284805326,25.305061,9.989659,2080
23900,r3i1p1f1,2080,06,08,0.47970599554294796,28.545189,12.368243,2080
23901,r3i1p1f1,2080,06,09,0.2184676489030773,30.340443,13.338022,2080
23902,r3i1p1f1,2080,06,10,0.0,31.90681,14.260409,2080
23903,r3i1p1f1,2080,06,11,0.0,32.572983,14.190082,2080
23904,r3i1p1f1,2080,06,12,0.0,34.123726,14.758695,2080
23905,r3i1p1f1,2080,06,13,0.0,32.473286,15.269609,2080
23906,r3i1p1f1,2080,06,14,0.0,31.335136,14.05427,2080
23907,r3i1p1f1,2080,06,15,0.0,33.808407,14.349665,2080
23908,r3i1p1f1,2080,06,16,0.0,33.81301,15.284077,2080
23909,r3i1p1f1,2080,06,17,0.0,33.39384,15.924981,2080
23910,r3i1p1f1,2080,06,18,0.0,31.272102,14.209956,2080
23911,r3i1p1f1,2080,06,19,0.0,29.200895,11.9837055,2080
23912,r3i1p1f1,2080,06,20,0.0,28.434298,11.567929,2080
23913,r3i1p1f1,2080,06,21,0.0,30.185045,12.755244,2080
23914,r3i1p1f1,2080,06,22,0.0,33.576767,14.6354,2080
23915,r3i1p1f1,2080,06,23,0.0,34.452667,15.856501,2080
23916,r3i1p1f1,2080,06,24,0.0,33.29553,14.93959,2080
23917,r3i1p1f1,2080,06,25,0.0,30.068508,12.5864105,2080
23918,r3i1p1f1,2080,06,26,0.0,28.955555,13.107234,2080
23919,r3i1p1f1,2080,06,27,0.0,31.419714,14.263296,2080
23920,r3i1p1f1,2080,06,28,0.0,35.406937,16.058472,2080
23921,r3i1p1f1,2080,06,29,0.0,36.45332,18.012695,2080
23922,r3i1p1f1,2080,06,30,0.0,37.315414,18.385817,2080
23923,r3i1p1f1,2080,07,01,0.0,37.82318,18.781523,2080
23924,r3i1p1f1,2080,07,02,0.0008737337493309469,36.543926,17.719275,2080
23925,r3i1p1f1,2080,07,03,0.0,34.554123,17.917286,2080
23926,r3i1p1f1,2080,07,04,0.0,33.670914,16.139969,2080
23927,r3i1p1f1,2080,07,05,0.0,34.082348,17.170675,2080
23928,r3i1p1f1,2080,07,06,0.0,32.83383,16.224485,2080
23929,r3i1p1f1,2080,07,07,0.0,32.076332,14.358238,2080
23930,r3i1p1f1,2080,07,08,0.0,31.602816,14.402692,2080
23931,r3i1p1f1,2080,07,09,0.0,30.476728,14.830608,2080
23932,r3i1p1f1,2080,07,10,0.0,31.694452,16.071299,2080
23933,r3i1p1f1,2080,07,11,0.0,32.817013,17.075989,2080
23934,r3i1p1f1,2080,07,12,0.0,34.318516,17.7657,2080
23935,r3i1p1f1,2080,07,13,0.0,35.692135,18.379257,2080
23936,r3i1p1f1,2080,07,14,0.0,37.06214,19.70928,2080
23937,r3i1p1f1,2080,07,15,0.0,39.28509,21.922,2080
23938,r3i1p1f1,2080,07,16,0.0,41.575714,23.238873,2080
23939,r3i1p1f1,2080,07,17,1.1856500502791747,41.16644,23.213577,2080
23940,r3i1p1f1,2080,07,18,2.066520810855736,38.04007,21.865116,2080
23941,r3i1p1f1,2080,07,19,2.1290937818098015,37.067173,21.081596,2080
23942,r3i1p1f1,2080,07,20,0.0,35.557106,18.857733,2080
23943,r3i1p1f1,2080,07,21,0.0,36.675842,20.234774,2080
23944,r3i1p1f1,2080,07,22,1.8993606900612852,35.634315,19.506756,2080
23945,r3i1p1f1,2080,07,23,0.007819144944237038,36.05031,19.606012,2080
23946,r3i1p1f1,2080,07,24,2.0980387404437573,35.95312,19.203474,2080
23947,r3i1p1f1,2080,07,25,1.170240816974194,35.755867,20.220778,2080
23948,r3i1p1f1,2080,07,26,2.406079590496533,35.405262,20.088116,2080
23949,r3i1p1f1,2080,07,27,0.0003463037269697948,35.106277,19.436228,2080
23950,r3i1p1f1,2080,07,28,0.7539371482650468,36.3346,20.111473,2080
23951,r3i1p1f1,2080,07,29,0.6366197637610391,36.003906,19.607285,2080
23952,r3i1p1f1,2080,07,30,0.12743431495354426,35.089027,18.725407,2080
23953,r3i1p1f1,2080,07,31,0.019698245124538626,34.888622,18.631279,2080
23954,r3i1p1f1,2080,08,01,0.0,35.125675,18.59989,2080
23955,r3i1p1f1,2080,08,02,0.0,36.086155,18.870543,2080
23956,r3i1p1f1,2080,08,03,0.0,36.562828,19.06441,2080
23957,r3i1p1f1,2080,08,04,0.004907194807222395,35.989117,19.003078,2080
23958,r3i1p1f1,2080,08,05,0.2764075923782498,36.59558,20.894249,2080
23959,r3i1p1f1,2080,08,06,0.005669369305850882,38.415203,21.320904,2080
23960,r3i1p1f1,2080,08,07,0.3953409224932054,38.12782,21.105293,2080
23961,r3i1p1f1,2080,08,08,0.006101328674986055,36.20593,19.498207,2080
23962,r3i1p1f1,2080,08,09,0.007168229838663881,31.606169,16.842901,2080
23963,r3i1p1f1,2080,08,10,0.010737789808913614,31.671886,16.903448,2080
23964,r3i1p1f1,2080,08,11,0.3265966616736753,36.14688,19.23495,2080
23965,r3i1p1f1,2080,08,12,1.550026936094968,35.672886,20.343403,2080
23966,r3i1p1f1,2080,08,13,2.1218283768349933,34.308487,19.763756,2080
23967,r3i1p1f1,2080,08,14,0.4956492563801338,34.3158,18.951525,2080
23968,r3i1p1f1,2080,08,15,0.020156089017153576,35.084118,17.978228,2080
23969,r3i1p1f1,2080,08,16,0.0,35.781685,18.7864,2080
23970,r3i1p1f1,2080,08,17,0.0,34.797604,18.702616,2080
23971,r3i1p1f1,2080,08,18,0.0,35.17694,18.123602,2080
23972,r3i1p1f1,2080,08,19,0.005267585881731727,36.342167,19.527029,2080
23973,r3i1p1f1,2080,08,20,0.0,35.72003,19.059036,2080
23974,r3i1p1f1,2080,08,21,0.0,34.289585,18.152868,2080
23975,r3i1p1f1,2080,08,22,0.0,33.0702,17.055223,2080
23976,r3i1p1f1,2080,08,23,0.0,33.319298,16.429869,2080
23977,r3i1p1f1,2080,08,24,0.0,35.6807,18.451616,2080
23978,r3i1p1f1,2080,08,25,0.002560736752594962,37.359024,20.257412,2080
23979,r3i1p1f1,2080,08,26,0.0,34.80197,19.924047,2080
23980,r3i1p1f1,2080,08,27,0.0007284694584086537,34.23958,19.335258,2080
23981,r3i1p1f1,2080,08,28,0.0,34.66847,19.152975,2080
23982,r3i1p1f1,2080,08,29,0.0,34.829174,18.320663,2080
23983,r3i1p1f1,2080,08,30,0.0,35.073463,17.821955,2080
23984,r3i1p1f1,2080,08,31,0.0,35.313396,17.673391,2080
23985,r3i1p1f1,2080,09,01,0.0,37.65525,20.330729,2080
23986,r3i1p1f1,2080,09,02,0.015535289068903887,37.010235,19.884302,2080
23987,r3i1p1f1,2080,09,03,0.0,33.507156,18.491533,2080
23988,r3i1p1f1,2080,09,04,0.0,33.324825,16.050455,2080
23989,r3i1p1f1,2080,09,05,0.0,31.45034,16.484488,2080
23990,r3i1p1f1,2080,09,06,0.4067693074863531,29.452991,15.699937,2080
23991,r3i1p1f1,2080,09,07,0.018615464981518347,29.950808,15.491421,2080
23992,r3i1p1f1,2080,09,08,0.17403711813544345,32.933773,17.281868,2080
23993,r3i1p1f1,2080,09,09,0.498548592889468,30.408674,15.073213,2080
23994,r3i1p1f1,2080,09,10,0.03682667092741185,29.43494,14.4387245,2080
23995,r3i1p1f1,2080,09,11,0.19011286059553226,34.081192,16.881134,2080
23996,r3i1p1f1,2080,09,12,12.771711355194832,35.281902,20.604486,2080
23997,r3i1p1f1,2080,09,13,16.173387326431993,32.62763,19.184883,2080
23998,r3i1p1f1,2080,09,14,11.548053320807274,29.4,16.685627,2080
23999,r3i1p1f1,2080,09,15,1.3484502766434823,27.263184,13.713866,2080
24000,r3i1p1f1,2080,09,16,0.46362394365132786,27.053928,13.915759,2080
24001,r3i1p1f1,2080,09,17,0.43791381921134115,29.299438,15.289177,2080
24002,r3i1p1f1,2080,09,18,0.0,29.344374,14.375472,2080
24003,r3i1p1f1,2080,09,19,0.0,28.711327,13.009831,2080
24004,r3i1p1f1,2080,09,20,40.13708095055666,30.014612,16.162638,2080
24005,r3i1p1f1,2080,09,21,7.740018100292384,21.267729,11.111152,2080
24006,r3i1p1f1,2080,09,22,0.12362979307936532,18.069239,5.193523,2080
24007,r3i1p1f1,2080,09,23,0.06782651766446758,19.950436,6.5819645,2080
24008,r3i1p1f1,2080,09,24,1.3093335507068278,20.953074,9.390753,2080
24009,r3i1p1f1,2080,09,25,0.006478908189544172,22.92101,9.026674,2080
24010,r3i1p1f1,2080,09,26,0.0,23.097939,8.693201,2080
24011,r3i1p1f1,2080,09,27,0.0,23.856775,9.315093,2080
24012,r3i1p1f1,2080,09,28,0.0,24.384935,9.976854,2080
24013,r3i1p1f1,2080,09,29,0.0,25.603882,11.075861,2080
24014,r3i1p1f1,2080,09,30,3.301997132825129e-05,26.99046,12.700121,2080
24015,r3i1p1f1,2080,10,01,0.0,27.088095,12.829207,2080
24016,r3i1p1f1,2080,10,02,0.0,27.57411,13.218407,2080
24017,r3i1p1f1,2080,10,03,0.0,30.166807,15.051483,2080
24018,r3i1p1f1,2080,10,04,0.0,32.64195,15.8059025,2080
24019,r3i1p1f1,2080,10,05,0.0,33.417297,16.152063,2080
24020,r3i1p1f1,2080,10,06,0.0,33.5799,16.32971,2080
24021,r3i1p1f1,2080,10,07,0.0,34.454693,17.318169,2080
24022,r3i1p1f1,2080,10,08,0.0,35.045288,17.849503,2080
24023,r3i1p1f1,2080,10,09,0.0,34.26243,17.399614,2080
24024,r3i1p1f1,2080,10,10,0.0,32.890083,16.073835,2080
24025,r3i1p1f1,2080,10,11,0.0,29.902868,13.3292265,2080
24026,r3i1p1f1,2080,10,12,0.0,30.277164,13.288277,2080
24027,r3i1p1f1,2080,10,13,0.0,33.098522,15.998671,2080
24028,r3i1p1f1,2080,10,14,0.0,35.454575,18.263762,2080
24029,r3i1p1f1,2080,10,15,0.0,35.95862,18.704594,2080
24030,r3i1p1f1,2080,10,16,0.0,34.72742,18.09615,2080
24031,r3i1p1f1,2080,10,17,0.0,33.24297,17.990267,2080
24032,r3i1p1f1,2080,10,18,0.0,32.143963,15.946314,2080
24033,r3i1p1f1,2080,10,19,0.0,33.2084,16.90227,2080
24034,r3i1p1f1,2080,10,20,0.0,32.643784,18.584812,2080
24035,r3i1p1f1,2080,10,21,0.003038456103020122,29.41412,13.566914,2080
24036,r3i1p1f1,2080,10,22,0.0,25.774408,11.526786,2080
24037,r3i1p1f1,2080,10,23,0.0,24.652494,9.070908,2080
24038,r3i1p1f1,2080,10,24,0.0,23.204409,6.72591,2080
24039,r3i1p1f1,2080,10,25,0.0,23.663668,9.052045,2080
24040,r3i1p1f1,2080,10,26,0.004262406110876437,22.887827,10.118396,2080
24041,r3i1p1f1,2080,10,27,0.0,24.756556,9.573586,2080
24042,r3i1p1f1,2080,10,28,0.0,27.319344,9.9164915,2080
24043,r3i1p1f1,2080,10,29,0.0,28.230148,10.713033,2080
24044,r3i1p1f1,2080,10,30,0.0,25.64417,13.491181,2080
24045,r3i1p1f1,2080,10,31,0.0,23.195461,10.426135,2080
24046,r3i1p1f1,2080,11,01,0.016919830231927335,22.576235,8.22363,2080
24047,r3i1p1f1,2080,11,02,0.0023839497677699633,23.811878,8.365519,2080
24048,r3i1p1f1,2080,11,03,19.170502721149894,27.233358,14.58685,2080
24049,r3i1p1f1,2080,11,04,0.0,20.531273,8.808429,2080
24050,r3i1p1f1,2080,11,05,0.03287938264761716,18.62461,6.743425,2080
24051,r3i1p1f1,2080,11,06,0.011212233071229562,17.381407,6.7226686,2080
24052,r3i1p1f1,2080,11,07,0.0,18.897326,5.3273935,2080
24053,r3i1p1f1,2080,11,08,0.0,19.82976,5.4977255,2080
24054,r3i1p1f1,2080,11,09,1.0169361132750856,22.255758,9.300384,2080
24055,r3i1p1f1,2080,11,10,0.08125376559539953,12.059236,0.18232438,2080
24056,r3i1p1f1,2080,11,11,0.0,17.046774,2.1604826,2080
24057,r3i1p1f1,2080,11,12,0.00012175045082006942,16.592674,4.041198,2080
24058,r3i1p1f1,2080,11,13,0.4073611035010165,15.571512,4.6372848,2080
24059,r3i1p1f1,2080,11,14,0.0,17.474344,4.0149436,2080
24060,r3i1p1f1,2080,11,15,0.1498423022822022,16.021149,3.3569765,2080
24061,r3i1p1f1,2080,11,16,7.287230834109792,14.807269,5.992812,2080
24062,r3i1p1f1,2080,11,17,31.561172569400473,18.70874,8.554666,2080
24063,r3i1p1f1,2080,11,18,1.5238573354316611,15.338457,3.7632272,2080
24064,r3i1p1f1,2080,11,19,0.0,14.215559,1.7263402,2080
24065,r3i1p1f1,2080,11,20,0.0,14.420441,2.0543616,2080
24066,r3i1p1f1,2080,11,21,0.0,13.62391,1.2014428,2080
24067,r3i1p1f1,2080,11,22,0.0,14.811532,1.1742591,2080
24068,r3i1p1f1,2080,11,23,0.0,13.963866,1.6874626,2080
24069,r3i1p1f1,2080,11,24,0.0,13.272183,0.7190829,2080
24070,r3i1p1f1,2080,11,25,0.009817382559765863,16.185488,6.264464,2080
24071,r3i1p1f1,2080,11,26,0.017775601134582594,16.529026,3.997727,2080
24072,r3i1p1f1,2080,11,27,1.2350780736321185,15.392521,5.489929,2080
24073,r3i1p1f1,2080,11,28,0.01278602708198102,12.492821,0.591918,2080
24074,r3i1p1f1,2080,11,29,0.03931838305575321,15.814561,1.5172246,2080
24075,r3i1p1f1,2080,11,30,0.0,15.582432,1.9218256,2080
24076,r3i1p1f1,2080,12,01,0.00015000890319546065,15.453951,1.774178,2080
24077,r3i1p1f1,2080,12,02,0.7044524150577754,12.606084,3.614812,2080
24078,r3i1p1f1,2080,12,03,0.0,8.560483,-3.357263,2080
24079,r3i1p1f1,2080,12,04,0.0,10.550482,-2.44333,2080
24080,r3i1p1f1,2080,12,05,0.0,13.814563,-0.13983567,2080
24081,r3i1p1f1,2080,12,06,0.0,16.038193,1.6735464,2080
24082,r3i1p1f1,2080,12,07,0.0,17.540197,3.5121567,2080
24083,r3i1p1f1,2080,12,08,0.0,17.271896,3.2265217,2080
24084,r3i1p1f1,2080,12,09,0.0,18.699303,5.0010133,2080
24085,r3i1p1f1,2080,12,10,0.0,17.791374,4.0473475,2080
24086,r3i1p1f1,2080,12,11,2.232846449367185,12.322395,0.41583407,2080
24087,r3i1p1f1,2080,12,12,0.016149409157426846,6.537656,-2.861641,2080
24088,r3i1p1f1,2080,12,13,0.0,7.744262,-6.37635,2080
24089,r3i1p1f1,2080,12,14,0.0,8.401761,-5.5932865,2080
24090,r3i1p1f1,2080,12,15,0.05122254229993842,6.7728534,-5.355701,2080
24091,r3i1p1f1,2080,12,16,0.0,2.4804883,-7.747016,2080
24092,r3i1p1f1,2080,12,17,0.0,8.2952585,-5.614921,2080
24093,r3i1p1f1,2080,12,18,0.0,13.246752,-1.6763238,2080
24094,r3i1p1f1,2080,12,19,0.0,14.329703,-0.3413752,2080
24095,r3i1p1f1,2080,12,20,0.0,11.938109,-1.7151811,2080
24096,r3i1p1f1,2080,12,21,0.0,13.202808,0.44846827,2080
24097,r3i1p1f1,2080,12,22,0.0,16.049603,1.874475,2080
24098,r3i1p1f1,2080,12,23,0.0,18.451452,3.1859443,2080
24099,r3i1p1f1,2080,12,24,0.001745893573432554,18.282846,4.197583,2080
24100,r3i1p1f1,2080,12,25,0.10992633768206829,15.836991,3.2123518,2080
24101,r3i1p1f1,2080,12,26,0.09389653283561171,14.8349905,4.5770245,2080
24102,r3i1p1f1,2080,12,27,3.880087893921331,13.086333,3.335302,2080
24103,r3i1p1f1,2080,12,28,0.17807557123777576,11.019774,1.3430715,2080
24104,r3i1p1f1,2080,12,29,0.0,12.759059,-2.0964344,2080
24105,r3i1p1f1,2080,12,30,6.439965300252163,12.595933,1.1191746,2080
24106,r3i1p1f1,2080,12,31,0.06518135430241907,8.790961,-0.72184867,2080
24107,r3i1p1f1,2081,01,01,0.0,9.661171,-3.9940763,2081
24108,r3i1p1f1,2081,01,02,0.0,12.490471,-1.6713133,2081
24109,r3i1p1f1,2081,01,03,0.0,15.588191,0.8351369,2081
24110,r3i1p1f1,2081,01,04,0.0,15.216578,0.9602867,2081
24111,r3i1p1f1,2081,01,05,0.0,15.556878,0.7560225,2081
24112,r3i1p1f1,2081,01,06,0.03275702652128089,16.005156,0.928052,2081
24113,r3i1p1f1,2081,01,07,0.007105586187346048,11.930752,0.8358172,2081
24114,r3i1p1f1,2081,01,08,0.0,8.009399,-2.5907984,2081
24115,r3i1p1f1,2081,01,09,0.8519750419377075,8.678568,-1.7981702,2081
24116,r3i1p1f1,2081,01,10,0.07465010002444174,8.394257,-2.2540448,2081
24117,r3i1p1f1,2081,01,11,0.7329787778033995,8.694911,-1.8218007,2081
24118,r3i1p1f1,2081,01,12,0.5454847426572638,8.269438,-0.7878536,2081
24119,r3i1p1f1,2081,01,13,0.12282005722116798,7.7434397,-2.1880262,2081
24120,r3i1p1f1,2081,01,14,0.0,7.8353157,-5.8141546,2081
24121,r3i1p1f1,2081,01,15,0.0,8.775158,-5.5297003,2081
24122,r3i1p1f1,2081,01,16,0.0,10.336574,-3.8366876,2081
24123,r3i1p1f1,2081,01,17,0.0,13.981051,0.5278049,2081
24124,r3i1p1f1,2081,01,18,0.0,14.284333,-0.88518804,2081
24125,r3i1p1f1,2081,01,19,0.013651959129536848,14.634452,-0.0063992245,2081
24126,r3i1p1f1,2081,01,20,0.5986028369807173,12.287831,1.5941808,2081
24127,r3i1p1f1,2081,01,21,0.0,15.131209,2.320592,2081
24128,r3i1p1f1,2081,01,22,0.24746826245532386,14.130268,3.866123,2081
24129,r3i1p1f1,2081,01,23,1.6081839036677124,11.850994,3.933008,2081
24130,r3i1p1f1,2081,01,24,0.018339253424941984,14.93265,4.03913,2081
24131,r3i1p1f1,2081,01,25,1.493493009215647,13.981448,4.383746,2081
24132,r3i1p1f1,2081,01,26,0.0021235961784523997,16.499533,2.9039714,2081
24133,r3i1p1f1,2081,01,27,7.564651572417158,14.422352,4.633109,2081
24134,r3i1p1f1,2081,01,28,6.673717294452769,13.4322605,1.9613465,2081
24135,r3i1p1f1,2081,01,29,0.0,16.34817,1.7554766,2081
24136,r3i1p1f1,2081,01,30,0.0,16.421206,3.3290954,2081
24137,r3i1p1f1,2081,01,31,0.027897459370279015,15.972803,4.9224524,2081
24138,r3i1p1f1,2081,02,01,0.16489418208727852,16.071882,4.8383822,2081
24139,r3i1p1f1,2081,02,02,0.17152210674932133,17.431442,5.24782,2081
24140,r3i1p1f1,2081,02,03,0.0,17.370436,3.258987,2081
24141,r3i1p1f1,2081,02,04,0.0009846408846153115,17.086315,4.2740073,2081
24142,r3i1p1f1,2081,02,05,4.318327520442395,15.457111,6.4066286,2081
24143,r3i1p1f1,2081,02,06,0.01937459955611716,13.346643,2.2673051,2081
24144,r3i1p1f1,2081,02,07,0.0045848812486369616,14.995351,1.0883696,2081
24145,r3i1p1f1,2081,02,08,0.0,16.207642,2.722811,2081
24146,r3i1p1f1,2081,02,09,0.0,17.5607,3.7946198,2081
24147,r3i1p1f1,2081,02,10,0.0,17.188545,4.4109917,2081
24148,r3i1p1f1,2081,02,11,0.021402810962172225,14.961586,3.100423,2081
24149,r3i1p1f1,2081,02,12,0.0,17.730885,4.5935664,2081
24150,r3i1p1f1,2081,02,13,0.0013183246394901564,17.4147,5.794894,2081
24151,r3i1p1f1,2081,02,14,13.401684306798305,14.924618,7.528923,2081
24152,r3i1p1f1,2081,02,15,0.0004052445927465504,15.049415,0.35217884,2081
24153,r3i1p1f1,2081,02,16,0.0,16.508417,2.0604992,2081
24154,r3i1p1f1,2081,02,17,0.0,18.352058,3.5640554,2081
24155,r3i1p1f1,2081,02,18,0.013004021036040009,17.529884,3.1004133,2081
24156,r3i1p1f1,2081,02,19,4.274181636474995,16.909754,8.340046,2081
24157,r3i1p1f1,2081,02,20,3.898100130774048,15.314769,8.918439,2081
24158,r3i1p1f1,2081,02,21,0.019126956769579203,13.890942,0.14892265,2081
24159,r3i1p1f1,2081,02,22,0.0,13.637466,-1.5600091,2081
24160,r3i1p1f1,2081,02,23,0.0,14.874701,1.8360131,2081
24161,r3i1p1f1,2081,02,24,0.0,16.5264,2.7040396,2081
24162,r3i1p1f1,2081,02,25,0.0,17.953875,3.6428242,2081
24163,r3i1p1f1,2081,02,26,0.0,18.678263,3.6687527,2081
24164,r3i1p1f1,2081,02,27,0.0,19.763483,5.0102806,2081
24165,r3i1p1f1,2081,02,28,0.0,19.433159,4.946708,2081
24166,r3i1p1f1,2081,03,01,15.981305207517863,15.656674,6.0639377,2081
24167,r3i1p1f1,2081,03,02,0.000912066704283158,14.349631,4.20149,2081
24168,r3i1p1f1,2081,03,03,0.2078841085397292,15.244511,2.973875,2081
24169,r3i1p1f1,2081,03,04,0.022025009666597754,17.724607,4.265455,2081
24170,r3i1p1f1,2081,03,05,0.7960261347348436,17.44849,5.6167307,2081
24171,r3i1p1f1,2081,03,06,2.900460994700497,15.786108,5.434965,2081
24172,r3i1p1f1,2081,03,07,0.0,18.991282,1.9049368,2081
24173,r3i1p1f1,2081,03,08,0.0,22.262548,5.711551,2081
24174,r3i1p1f1,2081,03,09,0.0,22.985521,6.3061037,2081
24175,r3i1p1f1,2081,03,10,0.30173485830649344,20.458595,6.275301,2081
24176,r3i1p1f1,2081,03,11,0.16779381109010888,18.300833,6.7812214,2081
24177,r3i1p1f1,2081,03,12,0.0038568195646582876,18.64129,4.0319614,2081
24178,r3i1p1f1,2081,03,13,0.19100854172200232,18.268892,3.4649346,2081
24179,r3i1p1f1,2081,03,14,0.04293815841347995,18.535776,3.5273907,2081
24180,r3i1p1f1,2081,03,15,0.016766767666646927,16.191145,1.0658062,2081
24181,r3i1p1f1,2081,03,16,13.725353248759568,13.24446,6.150522,2081
24182,r3i1p1f1,2081,03,17,0.3829444247769447,17.94051,7.044303,2081
24183,r3i1p1f1,2081,03,18,0.00022442181089541973,19.643673,5.2014737,2081
24184,r3i1p1f1,2081,03,19,13.732366493541948,17.794907,5.3223443,2081
24185,r3i1p1f1,2081,03,20,0.08316383452796744,17.471275,2.427221,2081
24186,r3i1p1f1,2081,03,21,0.1922238372097843,17.693811,5.856149,2081
24187,r3i1p1f1,2081,03,22,1.2766101181946534,16.338455,4.707403,2081
24188,r3i1p1f1,2081,03,23,1.7133200789508216,14.658181,4.0436854,2081
24189,r3i1p1f1,2081,03,24,0.27018597741103306,17.213037,3.9320965,2081
24190,r3i1p1f1,2081,03,25,0.0,22.5724,5.9829135,2081
24191,r3i1p1f1,2081,03,26,0.0,25.313334,7.781613,2081
24192,r3i1p1f1,2081,03,27,5.025045121325699,22.446955,7.2906117,2081
24193,r3i1p1f1,2081,03,28,0.20101526626879632,16.543047,3.503462,2081
24194,r3i1p1f1,2081,03,29,0.0733255434633148,17.72517,4.776081,2081
24195,r3i1p1f1,2081,03,30,0.1440016622048764,18.995941,4.6427093,2081
24196,r3i1p1f1,2081,03,31,0.057095133500600546,20.210947,4.2805953,2081
24197,r3i1p1f1,2081,04,01,0.2857505564696277,18.982265,3.2686622,2081
24198,r3i1p1f1,2081,04,02,17.36009624439193,13.307353,6.3434105,2081
24199,r3i1p1f1,2081,04,03,0.18716317127903245,15.9423685,2.747779,2081
24200,r3i1p1f1,2081,04,04,0.0,20.869614,2.876789,2081
24201,r3i1p1f1,2081,04,05,0.0,21.766006,7.027894,2081
24202,r3i1p1f1,2081,04,06,0.5440621614153233,19.961496,7.496982,2081
24203,r3i1p1f1,2081,04,07,0.0,18.688335,2.848096,2081
24204,r3i1p1f1,2081,04,08,0.32855656299392594,18.479918,6.278695,2081
24205,r3i1p1f1,2081,04,09,0.0,19.0191,3.484443,2081
24206,r3i1p1f1,2081,04,10,0.0,22.804626,4.4553742,2081
24207,r3i1p1f1,2081,04,11,0.0,26.208754,6.937732,2081
24208,r3i1p1f1,2081,04,12,0.0,29.825085,11.189524,2081
24209,r3i1p1f1,2081,04,13,0.0,32.06029,13.382607,2081
24210,r3i1p1f1,2081,04,14,0.0,33.480568,13.736989,2081
24211,r3i1p1f1,2081,04,15,0.7053446573913926,31.108,10.370424,2081
24212,r3i1p1f1,2081,04,16,1.3484328981380576,20.34257,6.3503423,2081
24213,r3i1p1f1,2081,04,17,0.1263232966434633,21.475536,6.5070953,2081
24214,r3i1p1f1,2081,04,18,0.016180335614163512,22.828087,6.9320235,2081
24215,r3i1p1f1,2081,04,19,0.0,21.831688,5.8946047,2081
24216,r3i1p1f1,2081,04,20,0.0,22.277718,4.8337965,2081
24217,r3i1p1f1,2081,04,21,0.0,23.732029,6.9306974,2081
24218,r3i1p1f1,2081,04,22,0.0,25.956118,7.0138216,2081
24219,r3i1p1f1,2081,04,23,0.0,25.596634,7.4879227,2081
24220,r3i1p1f1,2081,04,24,0.0,27.36574,8.566321,2081
24221,r3i1p1f1,2081,04,25,0.0030900319566309477,25.433895,7.861086,2081
24222,r3i1p1f1,2081,04,26,0.5959886983724904,22.109095,8.848341,2081
24223,r3i1p1f1,2081,04,27,0.0,28.612953,9.595904,2081
24224,r3i1p1f1,2081,04,28,0.0,32.955254,13.302925,2081
24225,r3i1p1f1,2081,04,29,0.0,33.880695,14.285368,2081
24226,r3i1p1f1,2081,04,30,0.0,32.83486,13.011061,2081
24227,r3i1p1f1,2081,05,01,0.0,30.448025,11.959814,2081
24228,r3i1p1f1,2081,05,02,0.0,30.461864,11.910315,2081
24229,r3i1p1f1,2081,05,03,0.0,30.515762,12.382818,2081
24230,r3i1p1f1,2081,05,04,0.0,33.104267,13.484998,2081
24231,r3i1p1f1,2081,05,05,0.0,33.718483,14.936787,2081
24232,r3i1p1f1,2081,05,06,0.0,34.921997,15.389042,2081
24233,r3i1p1f1,2081,05,07,0.0,34.319256,15.162275,2081
24234,r3i1p1f1,2081,05,08,0.0,32.822334,13.678193,2081
24235,r3i1p1f1,2081,05,09,0.0,31.412882,11.677053,2081
24236,r3i1p1f1,2081,05,10,0.1717029208959337,23.872993,8.887907,2081
24237,r3i1p1f1,2081,05,11,0.0,23.638464,7.091052,2081
24238,r3i1p1f1,2081,05,12,0.0,30.750711,10.242987,2081
24239,r3i1p1f1,2081,05,13,0.0,35.173912,14.48572,2081
24240,r3i1p1f1,2081,05,14,0.0,35.65635,16.018188,2081
24241,r3i1p1f1,2081,05,15,0.0,36.23755,16.256193,2081
24242,r3i1p1f1,2081,05,16,0.0,34.230698,14.479303,2081
24243,r3i1p1f1,2081,05,17,0.0,25.836542,8.143063,2081
24244,r3i1p1f1,2081,05,18,0.0,25.640545,7.019703,2081
24245,r3i1p1f1,2081,05,19,0.0,31.328781,11.607411,2081
24246,r3i1p1f1,2081,05,20,0.0,31.463373,12.25569,2081
24247,r3i1p1f1,2081,05,21,0.0,29.157398,10.301374,2081
24248,r3i1p1f1,2081,05,22,0.0,35.504356,15.019353,2081
24249,r3i1p1f1,2081,05,23,0.0,35.785908,15.762684,2081
24250,r3i1p1f1,2081,05,24,0.0,37.10452,17.33424,2081
24251,r3i1p1f1,2081,05,25,0.0,36.59627,15.7469,2081
24252,r3i1p1f1,2081,05,26,0.0,35.61041,15.5908985,2081
24253,r3i1p1f1,2081,05,27,0.0,33.996586,14.427741,2081
24254,r3i1p1f1,2081,05,28,0.0,32.58742,13.512351,2081
24255,r3i1p1f1,2081,05,29,0.0,32.495567,12.254284,2081
24256,r3i1p1f1,2081,05,30,0.0,33.51859,13.442024,2081
24257,r3i1p1f1,2081,05,31,0.0,32.1056,14.212812,2081
24258,r3i1p1f1,2081,06,01,0.0,27.816816,10.691313,2081
24259,r3i1p1f1,2081,06,02,0.0,28.277327,10.443324,2081
24260,r3i1p1f1,2081,06,03,0.03625808491382155,29.42418,11.234892,2081
24261,r3i1p1f1,2081,06,04,0.0,29.00453,10.72842,2081
24262,r3i1p1f1,2081,06,05,0.0,27.83412,11.284218,2081
24263,r3i1p1f1,2081,06,06,0.0,26.44054,8.678741,2081
24264,r3i1p1f1,2081,06,07,0.010095605105038196,25.78942,8.999683,2081
24265,r3i1p1f1,2081,06,08,1.187536447422727,25.463953,9.909606,2081
24266,r3i1p1f1,2081,06,09,0.28075225866235665,25.98876,9.976531,2081
24267,r3i1p1f1,2081,06,10,0.12166969296451884,30.283546,11.79696,2081
24268,r3i1p1f1,2081,06,11,0.0,32.2198,13.346238,2081
24269,r3i1p1f1,2081,06,12,0.0,31.28891,13.320108,2081
24270,r3i1p1f1,2081,06,13,0.0,30.452047,12.620894,2081
24271,r3i1p1f1,2081,06,14,0.0,30.228203,12.534875,2081
24272,r3i1p1f1,2081,06,15,0.0,30.618423,12.149259,2081
24273,r3i1p1f1,2081,06,16,0.0,29.391085,11.81592,2081
24274,r3i1p1f1,2081,06,17,0.0,31.258558,12.638345,2081
24275,r3i1p1f1,2081,06,18,0.0,34.26243,14.84485,2081
24276,r3i1p1f1,2081,06,19,0.0,36.044033,16.738085,2081
24277,r3i1p1f1,2081,06,20,0.0,35.370564,16.276615,2081
24278,r3i1p1f1,2081,06,21,0.0,36.854595,16.748783,2081
24279,r3i1p1f1,2081,06,22,0.0,38.904945,18.546013,2081
24280,r3i1p1f1,2081,06,23,0.0,38.837635,18.914984,2081
24281,r3i1p1f1,2081,06,24,0.0,38.64123,18.798517,2081
24282,r3i1p1f1,2081,06,25,0.0,40.02709,19.267899,2081
24283,r3i1p1f1,2081,06,26,0.0,41.18226,20.657393,2081
24284,r3i1p1f1,2081,06,27,0.0,41.18153,21.184975,2081
24285,r3i1p1f1,2081,06,28,0.0,40.62378,20.455788,2081
24286,r3i1p1f1,2081,06,29,0.5612881641784704,40.402702,21.064302,2081
24287,r3i1p1f1,2081,06,30,0.32289440341022174,40.416317,22.192753,2081
24288,r3i1p1f1,2081,07,01,0.0,39.809402,21.126894,2081
24289,r3i1p1f1,2081,07,02,0.0,38.56544,19.173414,2081
24290,r3i1p1f1,2081,07,03,0.0,37.850807,18.638807,2081
24291,r3i1p1f1,2081,07,04,0.0,36.90221,17.818844,2081
24292,r3i1p1f1,2081,07,05,0.0,35.719276,17.355303,2081
24293,r3i1p1f1,2081,07,06,0.0,34.472515,17.452593,2081
24294,r3i1p1f1,2081,07,07,0.0,35.122192,17.650349,2081
24295,r3i1p1f1,2081,07,08,0.0,36.744556,18.714804,2081
24296,r3i1p1f1,2081,07,09,0.0,35.44318,18.096113,2081
24297,r3i1p1f1,2081,07,10,0.0,34.92039,18.079027,2081
24298,r3i1p1f1,2081,07,11,0.0,37.690018,18.838055,2081
24299,r3i1p1f1,2081,07,12,0.0,38.25173,19.450298,2081
24300,r3i1p1f1,2081,07,13,0.0,37.697792,18.072649,2081
24301,r3i1p1f1,2081,07,14,0.0,35.111366,17.840221,2081
24302,r3i1p1f1,2081,07,15,0.0,35.86313,18.240374,2081
24303,r3i1p1f1,2081,07,16,0.0,36.49551,18.683876,2081
24304,r3i1p1f1,2081,07,17,0.0,36.186604,18.805048,2081
24305,r3i1p1f1,2081,07,18,0.0,35.16466,18.407843,2081
24306,r3i1p1f1,2081,07,19,0.0,34.055237,17.34944,2081
24307,r3i1p1f1,2081,07,20,0.0,35.78042,18.945915,2081
24308,r3i1p1f1,2081,07,21,0.0,37.04582,19.25732,2081
24309,r3i1p1f1,2081,07,22,0.0,36.177906,18.744825,2081
24310,r3i1p1f1,2081,07,23,0.0,34.795155,17.03733,2081
24311,r3i1p1f1,2081,07,24,0.0,34.727825,17.265495,2081
24312,r3i1p1f1,2081,07,25,0.07210565127686343,34.10376,16.960043,2081
24313,r3i1p1f1,2081,07,26,0.0,35.685154,17.813929,2081
24314,r3i1p1f1,2081,07,27,0.0,37.66095,20.644829,2081
24315,r3i1p1f1,2081,07,28,0.0,40.711845,21.225492,2081
24316,r3i1p1f1,2081,07,29,0.00748307966260296,41.070175,21.008434,2081
24317,r3i1p1f1,2081,07,30,0.014379062234762718,38.609226,21.00237,2081
24318,r3i1p1f1,2081,07,31,0.0,38.750546,21.886572,2081
24319,r3i1p1f1,2081,08,01,0.0,38.49943,21.088287,2081
24320,r3i1p1f1,2081,08,02,0.004412192766639319,37.954,20.990429,2081
24321,r3i1p1f1,2081,08,03,0.0,36.853874,20.156067,2081
24322,r3i1p1f1,2081,08,04,0.0,37.24439,18.796291,2081
24323,r3i1p1f1,2081,08,05,0.0,37.621853,18.11032,2081
24324,r3i1p1f1,2081,08,06,0.0,36.513134,18.952797,2081
24325,r3i1p1f1,2081,08,07,0.8138119219449547,37.983913,21.53024,2081
24326,r3i1p1f1,2081,08,08,0.481045349760362,40.451176,20.405693,2081
24327,r3i1p1f1,2081,08,09,0.0,40.223434,20.31095,2081
24328,r3i1p1f1,2081,08,10,0.0,39.600742,20.826622,2081
24329,r3i1p1f1,2081,08,11,0.001973489680412141,38.717655,20.557667,2081
24330,r3i1p1f1,2081,08,12,0.0,38.226604,19.947836,2081
24331,r3i1p1f1,2081,08,13,0.0,37.17559,18.151264,2081
24332,r3i1p1f1,2081,08,14,0.0,34.92217,17.338127,2081
24333,r3i1p1f1,2081,08,15,0.005090928206107382,34.35538,17.081594,2081
24334,r3i1p1f1,2081,08,16,0.0,33.701233,18.423105,2081
24335,r3i1p1f1,2081,08,17,0.0,35.95949,16.97324,2081
24336,r3i1p1f1,2081,08,18,0.0,38.74491,19.166035,2081
24337,r3i1p1f1,2081,08,19,0.023806060057584986,39.24739,19.469082,2081
24338,r3i1p1f1,2081,08,20,0.22087541331226626,38.309124,19.222494,2081
24339,r3i1p1f1,2081,08,21,0.3185725699018583,37.35367,21.04752,2081
24340,r3i1p1f1,2081,08,22,0.35169228195269225,38.74711,21.402102,2081
24341,r3i1p1f1,2081,08,23,0.6010001779544506,40.56767,22.246246,2081
24342,r3i1p1f1,2081,08,24,1.041442532922233,41.651222,23.772753,2081
24343,r3i1p1f1,2081,08,25,0.042687075628870814,40.532856,20.923468,2081
24344,r3i1p1f1,2081,08,26,0.2618283760613959,40.251816,23.02748,2081
24345,r3i1p1f1,2081,08,27,0.33579501898423064,40.08664,21.459581,2081
24346,r3i1p1f1,2081,08,28,0.009559569245373661,40.637093,21.195065,2081
24347,r3i1p1f1,2081,08,29,0.003598705886609175,39.849335,19.97432,2081
24348,r3i1p1f1,2081,08,30,0.38154060079250485,38.7535,21.429058,2081
24349,r3i1p1f1,2081,08,31,0.0,38.97462,21.41694,2081
24350,r3i1p1f1,2081,09,01,0.0,38.062943,21.316904,2081
24351,r3i1p1f1,2081,09,02,0.0,37.5966,20.421175,2081
24352,r3i1p1f1,2081,09,03,0.0,36.09476,19.285545,2081
24353,r3i1p1f1,2081,09,04,0.0,35.069824,18.237015,2081
24354,r3i1p1f1,2081,09,05,0.0,34.261707,17.30676,2081
24355,r3i1p1f1,2081,09,06,0.0,34.74139,17.025867,2081
24356,r3i1p1f1,2081,09,07,0.0,36.103806,18.763868,2081
24357,r3i1p1f1,2081,09,08,0.015757291094456432,38.320244,21.024803,2081
24358,r3i1p1f1,2081,09,09,0.06733273350894733,37.78637,20.415953,2081
24359,r3i1p1f1,2081,09,10,0.0,35.85948,19.563293,2081
24360,r3i1p1f1,2081,09,11,0.00968784463387265,35.72677,20.422865,2081
24361,r3i1p1f1,2081,09,12,0.16078903938388533,34.76635,20.483921,2081
24362,r3i1p1f1,2081,09,13,0.0,33.5556,17.563545,2081
24363,r3i1p1f1,2081,09,14,0.0,35.207207,17.95385,2081
24364,r3i1p1f1,2081,09,15,0.0,36.864803,19.2216,2081
24365,r3i1p1f1,2081,09,16,0.0,36.534195,18.956291,2081
24366,r3i1p1f1,2081,09,17,1.1290671416623588,35.129944,19.19063,2081
24367,r3i1p1f1,2081,09,18,0.3374293277694519,31.921415,17.5672,2081
24368,r3i1p1f1,2081,09,19,0.0,28.399841,14.097375,2081
24369,r3i1p1f1,2081,09,20,0.0,25.546034,12.124154,2081
24370,r3i1p1f1,2081,09,21,0.0,28.764908,14.920627,2081
24371,r3i1p1f1,2081,09,22,0.0,34.891766,18.224182,2081
24372,r3i1p1f1,2081,09,23,0.0,35.535408,18.966011,2081
24373,r3i1p1f1,2081,09,24,0.0019252540545439292,34.282055,18.005436,2081
24374,r3i1p1f1,2081,09,25,0.0021156886324399347,33.24401,16.85739,2081
24375,r3i1p1f1,2081,09,26,0.0,32.925617,16.485924,2081
24376,r3i1p1f1,2081,09,27,0.0,32.392612,16.038347,2081
24377,r3i1p1f1,2081,09,28,0.0,30.854181,15.324018,2081
24378,r3i1p1f1,2081,09,29,0.0,30.383362,13.283269,2081
24379,r3i1p1f1,2081,09,30,0.0,33.303818,15.9513645,2081
24380,r3i1p1f1,2081,10,01,0.0,34.88133,17.181196,2081
24381,r3i1p1f1,2081,10,02,0.0,34.494633,17.300669,2081
24382,r3i1p1f1,2081,10,03,0.0,35.309784,17.13251,2081
24383,r3i1p1f1,2081,10,04,0.0,35.747517,18.596758,2081
24384,r3i1p1f1,2081,10,05,0.0,35.549404,18.441986,2081
24385,r3i1p1f1,2081,10,06,0.0,35.73912,18.55924,2081
24386,r3i1p1f1,2081,10,07,0.0,35.513718,17.693676,2081
24387,r3i1p1f1,2081,10,08,0.0,28.845884,13.145181,2081
24388,r3i1p1f1,2081,10,09,0.0,23.386229,10.718796,2081
24389,r3i1p1f1,2081,10,10,0.0,28.576805,12.591016,2081
24390,r3i1p1f1,2081,10,11,0.0,31.775204,16.041506,2081
24391,r3i1p1f1,2081,10,12,0.0,31.550856,15.611192,2081
24392,r3i1p1f1,2081,10,13,0.0,32.294796,15.663479,2081
24393,r3i1p1f1,2081,10,14,0.0,32.3462,14.854886,2081
24394,r3i1p1f1,2081,10,15,0.0,31.825972,14.462744,2081
24395,r3i1p1f1,2081,10,16,0.0,30.095678,13.691186,2081
24396,r3i1p1f1,2081,10,17,0.0,26.720495,11.478057,2081
24397,r3i1p1f1,2081,10,18,0.0,25.064583,11.568669,2081
24398,r3i1p1f1,2081,10,19,0.01131364209647996,27.695353,11.604634,2081
24399,r3i1p1f1,2081,10,20,0.0,26.69403,10.018293,2081
24400,r3i1p1f1,2081,10,21,0.0008107338186219391,25.396278,9.894637,2081
24401,r3i1p1f1,2081,10,22,0.004394738097096596,21.984648,9.267336,2081
24402,r3i1p1f1,2081,10,23,0.0,21.7753,5.50003,2081
24403,r3i1p1f1,2081,10,24,0.0,21.947937,6.5768385,2081
24404,r3i1p1f1,2081,10,25,0.7550908820625906,23.225523,11.019542,2081
24405,r3i1p1f1,2081,10,26,0.0,20.249289,6.129317,2081
24406,r3i1p1f1,2081,10,27,0.0,20.64034,6.090972,2081
24407,r3i1p1f1,2081,10,28,0.0,20.752464,5.9314256,2081
24408,r3i1p1f1,2081,10,29,0.006147886188045959,19.335932,7.7856307,2081
24409,r3i1p1f1,2081,10,30,0.0,21.80226,8.508906,2081
24410,r3i1p1f1,2081,10,31,0.002862468333632657,22.318203,6.844555,2081
24411,r3i1p1f1,2081,11,01,0.0010215323841707273,21.101501,5.990177,2081
24412,r3i1p1f1,2081,11,02,0.0,20.02882,5.001718,2081
24413,r3i1p1f1,2081,11,03,26.057216572768414,21.152353,10.854005,2081
24414,r3i1p1f1,2081,11,04,5.921989150517744,13.690962,7.0276966,2081
24415,r3i1p1f1,2081,11,05,21.611490854323193,15.848795,6.76989,2081
24416,r3i1p1f1,2081,11,06,1.2263474495563114,15.972258,5.5485272,2081
24417,r3i1p1f1,2081,11,07,0.0,16.22943,3.761572,2081
24418,r3i1p1f1,2081,11,08,0.0,17.580296,4.760544,2081
24419,r3i1p1f1,2081,11,09,0.0,16.737514,4.599896,2081
24420,r3i1p1f1,2081,11,10,0.0,15.599612,3.1939056,2081
24421,r3i1p1f1,2081,11,11,0.0,14.854594,2.4290924,2081
24422,r3i1p1f1,2081,11,12,0.0,13.78266,1.7373194,2081
24423,r3i1p1f1,2081,11,13,0.0,15.8623495,2.59148,2081
24424,r3i1p1f1,2081,11,14,0.13962158855892168,16.746334,5.494038,2081
24425,r3i1p1f1,2081,11,15,4.288415226998578,16.76931,6.6325045,2081
24426,r3i1p1f1,2081,11,16,0.0,16.854189,4.9694815,2081
24427,r3i1p1f1,2081,11,17,0.0,16.212732,2.7191703,2081
24428,r3i1p1f1,2081,11,18,0.0,17.780025,3.5006106,2081
24429,r3i1p1f1,2081,11,19,0.0,19.213509,5.148309,2081
24430,r3i1p1f1,2081,11,20,0.0,18.648016,6.0033345,2081
24431,r3i1p1f1,2081,11,21,0.0,18.562275,6.414559,2081
24432,r3i1p1f1,2081,11,22,0.04291158116591925,18.733982,6.129952,2081
24433,r3i1p1f1,2081,11,23,0.0,19.253603,6.8948407,2081
24434,r3i1p1f1,2081,11,24,0.2241719284123092,19.198147,7.683441,2081
24435,r3i1p1f1,2081,11,25,0.0,18.168251,4.8943157,2081
24436,r3i1p1f1,2081,11,26,0.0,18.037027,4.73739,2081
24437,r3i1p1f1,2081,11,27,0.0,19.457363,5.087406,2081
24438,r3i1p1f1,2081,11,28,8.859958338877703,19.555853,6.964089,2081
24439,r3i1p1f1,2081,11,29,0.04141539123586633,9.575098,-2.0913656,2081
24440,r3i1p1f1,2081,11,30,0.0,11.033573,-2.1137762,2081
24441,r3i1p1f1,2081,12,01,11.070009142140131,11.559057,3.317893,2081
24442,r3i1p1f1,2081,12,02,0.36100442688621115,9.664433,-0.26023522,2081
24443,r3i1p1f1,2081,12,03,0.0056234666441345,10.502615,-0.9340725,2081
24444,r3i1p1f1,2081,12,04,1.747371576826536,12.934264,4.82583,2081
24445,r3i1p1f1,2081,12,05,0.0,11.730104,-1.9101944,2081
24446,r3i1p1f1,2081,12,06,0.0,12.0596075,-1.9370291,2081
24447,r3i1p1f1,2081,12,07,0.0,13.83182,-0.22397713,2081
24448,r3i1p1f1,2081,12,08,0.0,15.465646,1.6464067,2081
24449,r3i1p1f1,2081,12,09,0.0,17.585602,3.2612593,2081
24450,r3i1p1f1,2081,12,10,0.0,17.9026,4.3774576,2081
24451,r3i1p1f1,2081,12,11,0.0,19.941591,5.8594246,2081
24452,r3i1p1f1,2081,12,12,0.0,19.772099,5.9724064,2081
24453,r3i1p1f1,2081,12,13,0.0,18.56477,4.6377797,2081
24454,r3i1p1f1,2081,12,14,0.0,18.684603,4.9813724,2081
24455,r3i1p1f1,2081,12,15,0.0,17.356682,4.9363294,2081
24456,r3i1p1f1,2081,12,16,0.0,17.235909,2.7817817,2081
24457,r3i1p1f1,2081,12,17,12.139284254381808,15.701193,5.6676784,2081
24458,r3i1p1f1,2081,12,18,12.632361400315087,13.155,6.3508906,2081
24459,r3i1p1f1,2081,12,19,2.0286656889960466,14.64248,5.5920844,2081
24460,r3i1p1f1,2081,12,20,3.6376595504561644,15.847076,4.802554,2081
24461,r3i1p1f1,2081,12,21,2.850383890890677,13.762708,4.1623,2081
24462,r3i1p1f1,2081,12,22,8.01090690120349,11.629115,2.8916707,2081
24463,r3i1p1f1,2081,12,23,0.47876616545760375,10.279656,-0.022993512,2081
24464,r3i1p1f1,2081,12,24,0.08173845509053067,10.370269,-0.9536926,2081
24465,r3i1p1f1,2081,12,25,0.0,12.170585,-1.6309276,2081
24466,r3i1p1f1,2081,12,26,0.0,11.957039,-1.7733034,2081
24467,r3i1p1f1,2081,12,27,0.0,11.60954,-2.0018764,2081
24468,r3i1p1f1,2081,12,28,0.0,11.784846,-2.2703812,2081
24469,r3i1p1f1,2081,12,29,2.4875596403939144,10.644034,0.33971924,2081
24470,r3i1p1f1,2081,12,30,20.941863364053212,8.582196,0.23249015,2081
24471,r3i1p1f1,2081,12,31,0.14400696828626236,8.355664,-1.0997392,2081
24472,r3i1p1f1,2082,01,01,0.0,9.8158455,-1.3865297,2082
24473,r3i1p1f1,2082,01,02,0.0,11.582276,-0.63905555,2082
24474,r3i1p1f1,2082,01,03,0.0,13.30917,0.65244776,2082
24475,r3i1p1f1,2082,01,04,0.0,13.94585,1.3402128,2082
24476,r3i1p1f1,2082,01,05,0.0,15.714751,1.7747414,2082
24477,r3i1p1f1,2082,01,06,0.0,16.350925,2.2661214,2082
24478,r3i1p1f1,2082,01,07,0.0,16.815828,3.7244015,2082
24479,r3i1p1f1,2082,01,08,0.0,15.337879,5.7638836,2082
24480,r3i1p1f1,2082,01,09,0.0,15.795507,3.5856867,2082
24481,r3i1p1f1,2082,01,10,0.0,14.918156,2.5643694,2082
24482,r3i1p1f1,2082,01,11,0.0,17.148184,3.0314636,2082
24483,r3i1p1f1,2082,01,12,0.0,17.795126,3.813203,2082
24484,r3i1p1f1,2082,01,13,0.0,18.3282,4.778938,2082
24485,r3i1p1f1,2082,01,14,0.0,17.213991,5.1597986,2082
24486,r3i1p1f1,2082,01,15,0.0,16.744717,6.7249346,2082
24487,r3i1p1f1,2082,01,16,0.0,17.700579,5.9935174,2082
24488,r3i1p1f1,2082,01,17,0.02672746101752361,16.098557,3.7578852,2082
24489,r3i1p1f1,2082,01,18,0.0003996900473297997,16.273298,3.8127441,2082
24490,r3i1p1f1,2082,01,19,0.0,16.811262,4.0410686,2082
24491,r3i1p1f1,2082,01,20,0.0,16.211535,3.2434049,2082
24492,r3i1p1f1,2082,01,21,0.0,16.145922,3.2975059,2082
24493,r3i1p1f1,2082,01,22,0.0,15.246325,1.8700072,2082
24494,r3i1p1f1,2082,01,23,0.0,17.301508,2.3095143,2082
24495,r3i1p1f1,2082,01,24,0.0,17.54743,4.405317,2082
24496,r3i1p1f1,2082,01,25,0.0,17.537868,3.515771,2082
24497,r3i1p1f1,2082,01,26,0.0,19.18306,5.140996,2082
24498,r3i1p1f1,2082,01,27,0.0,20.104336,6.3484488,2082
24499,r3i1p1f1,2082,01,28,0.0,20.04476,6.1938515,2082
24500,r3i1p1f1,2082,01,29,0.0,19.589077,5.9396944,2082
24501,r3i1p1f1,2082,01,30,0.0,20.252834,5.7387505,2082
24502,r3i1p1f1,2082,01,31,0.0,21.353514,5.727512,2082
24503,r3i1p1f1,2082,02,01,0.0,23.536682,7.1040335,2082
24504,r3i1p1f1,2082,02,02,0.0,24.59845,8.898534,2082
24505,r3i1p1f1,2082,02,03,0.0,24.681211,9.31274,2082
24506,r3i1p1f1,2082,02,04,0.0,24.280483,8.7708645,2082
24507,r3i1p1f1,2082,02,05,0.0,23.838446,7.8231726,2082
24508,r3i1p1f1,2082,02,06,0.0024215870573905045,23.143803,6.410198,2082
24509,r3i1p1f1,2082,02,07,31.86622552301604,21.15739,10.717833,2082
24510,r3i1p1f1,2082,02,08,0.4795493575803641,15.447815,5.10951,2082
24511,r3i1p1f1,2082,02,09,1.0067040523046507,15.613322,5.2418923,2082
24512,r3i1p1f1,2082,02,10,3.103217250586843,14.025533,7.142794,2082
24513,r3i1p1f1,2082,02,11,14.87472510362171,15.8231535,4.9135547,2082
24514,r3i1p1f1,2082,02,12,0.025173198153039044,16.169277,5.4420385,2082
24515,r3i1p1f1,2082,02,13,0.0,18.111734,3.9697254,2082
24516,r3i1p1f1,2082,02,14,0.007050205255809212,20.137775,6.236059,2082
24517,r3i1p1f1,2082,02,15,0.5087609044582995,19.932085,7.6812787,2082
24518,r3i1p1f1,2082,02,16,0.18785286095656126,20.445614,7.9071198,2082
24519,r3i1p1f1,2082,02,17,0.2721033872049619,20.170938,7.3149514,2082
24520,r3i1p1f1,2082,02,18,0.0012275716554458168,15.387479,1.3948883,2082
24521,r3i1p1f1,2082,02,19,7.252369745827199,13.098383,4.190219,2082
24522,r3i1p1f1,2082,02,20,2.594931865520872,10.044868,2.4743152,2082
24523,r3i1p1f1,2082,02,21,2.587044276859877,9.240661,1.0510334,2082
24524,r3i1p1f1,2082,02,22,0.6317987414295754,9.639569,-0.8227488,2082
24525,r3i1p1f1,2082,02,23,0.0,12.626967,-2.8917296,2082
24526,r3i1p1f1,2082,02,24,0.4196976734976598,13.030363,0.5577145,2082
24527,r3i1p1f1,2082,02,25,8.280573706617746,12.732498,3.8785613,2082
24528,r3i1p1f1,2082,02,26,8.945196797457852,11.321533,3.4762323,2082
24529,r3i1p1f1,2082,02,27,0.07939274415327942,14.026592,1.2506522,2082
24530,r3i1p1f1,2082,02,28,0.029069249814545565,15.9050045,2.918467,2082
24531,r3i1p1f1,2082,03,01,0.0,17.76291,1.4168599,2082
24532,r3i1p1f1,2082,03,02,0.0,17.487537,2.2514443,2082
24533,r3i1p1f1,2082,03,03,0.9676482325594957,15.597573,3.3072705,2082
24534,r3i1p1f1,2082,03,04,17.014226648580834,14.654734,7.3456497,2082
24535,r3i1p1f1,2082,03,05,13.507071413812149,13.885725,4.017869,2082
24536,r3i1p1f1,2082,03,06,10.259895502309849,9.15573,-0.40399486,2082
24537,r3i1p1f1,2082,03,07,7.801600176903638,7.581328,-0.5615491,2082
24538,r3i1p1f1,2082,03,08,2.1400747216370237,11.842094,0.9174462,2082
24539,r3i1p1f1,2082,03,09,0.26379138779454725,12.754413,-1.283231,2082
24540,r3i1p1f1,2082,03,10,4.663979575202988,9.679886,2.4419317,2082
24541,r3i1p1f1,2082,03,11,0.7585556787869957,11.2867565,0.5434236,2082
24542,r3i1p1f1,2082,03,12,1.0239924833987253,10.414402,-3.4549031,2082
24543,r3i1p1f1,2082,03,13,0.08443851723065811,10.1852865,1.3020918,2082
24544,r3i1p1f1,2082,03,14,0.075919214358223,9.765113,-0.49073678,2082
24545,r3i1p1f1,2082,03,15,0.784676980128283,7.702456,-2.8550785,2082
24546,r3i1p1f1,2082,03,16,5.799437008707063,8.170227,0.25082004,2082
24547,r3i1p1f1,2082,03,17,1.070111312739865,12.983706,-0.51570326,2082
24548,r3i1p1f1,2082,03,18,0.0,14.226533,-1.3877232,2082
24549,r3i1p1f1,2082,03,19,1.116980818206326,11.9810295,1.9306121,2082
24550,r3i1p1f1,2082,03,20,15.681413990808352,13.274425,4.8191032,2082
24551,r3i1p1f1,2082,03,21,1.8047478311255514,17.351625,4.863687,2082
24552,r3i1p1f1,2082,03,22,0.2329314226892276,16.823128,3.289259,2082
24553,r3i1p1f1,2082,03,23,22.462971839131292,15.080352,6.9215884,2082
24554,r3i1p1f1,2082,03,24,0.07720183933005584,14.275208,1.746965,2082
24555,r3i1p1f1,2082,03,25,0.0,16.472288,0.33759394,2082
24556,r3i1p1f1,2082,03,26,0.0,17.501345,1.7523687,2082
24557,r3i1p1f1,2082,03,27,4.942306325238226,15.928835,2.6602857,2082
24558,r3i1p1f1,2082,03,28,5.794035794508201,9.23446,1.7682414,2082
24559,r3i1p1f1,2082,03,29,0.0007855758832936937,13.527155,-1.384452,2082
24560,r3i1p1f1,2082,03,30,0.0,15.716895,1.7569788,2082
24561,r3i1p1f1,2082,03,31,0.006690629738427974,17.317034,2.931446,2082
24562,r3i1p1f1,2082,04,01,0.0,21.708597,4.65777,2082
24563,r3i1p1f1,2082,04,02,0.0,23.399734,7.0169253,2082
24564,r3i1p1f1,2082,04,03,0.001261080615222454,23.341927,6.9476485,2082
24565,r3i1p1f1,2082,04,04,7.563227886759815,19.187714,4.5215635,2082
24566,r3i1p1f1,2082,04,05,0.6819735727439172,12.248616,2.855898,2082
24567,r3i1p1f1,2082,04,06,0.0006468656867968314,17.394258,2.2246103,2082
24568,r3i1p1f1,2082,04,07,0.0,22.810572,5.3409805,2082
24569,r3i1p1f1,2082,04,08,0.0,24.730043,8.544462,2082
24570,r3i1p1f1,2082,04,09,0.0,25.647774,7.936395,2082
24571,r3i1p1f1,2082,04,10,0.0,25.241982,9.017619,2082
24572,r3i1p1f1,2082,04,11,0.0,26.102304,9.180727,2082
24573,r3i1p1f1,2082,04,12,0.13060034119310635,26.049843,10.742807,2082
24574,r3i1p1f1,2082,04,13,0.0,28.358082,10.405766,2082
24575,r3i1p1f1,2082,04,14,0.0,29.05691,11.099618,2082
24576,r3i1p1f1,2082,04,15,0.0,28.56552,11.091401,2082
24577,r3i1p1f1,2082,04,16,0.0,26.531471,8.366658,2082
24578,r3i1p1f1,2082,04,17,0.03212492223776115,23.850456,7.9535055,2082
24579,r3i1p1f1,2082,04,18,0.047557673092479956,25.83747,6.745596,2082
24580,r3i1p1f1,2082,04,19,0.0,29.423264,10.067409,2082
24581,r3i1p1f1,2082,04,20,0.0,28.757568,10.388978,2082
24582,r3i1p1f1,2082,04,21,0.0,25.762999,8.033223,2082
24583,r3i1p1f1,2082,04,22,0.0,27.56319,8.487254,2082
24584,r3i1p1f1,2082,04,23,0.0,29.747517,10.580356,2082
24585,r3i1p1f1,2082,04,24,0.0,29.866785,12.240387,2082
24586,r3i1p1f1,2082,04,25,0.0,27.415924,10.186239,2082
24587,r3i1p1f1,2082,04,26,0.0,24.040358,6.794308,2082
24588,r3i1p1f1,2082,04,27,0.0005283524550384644,26.563349,7.7725153,2082
24589,r3i1p1f1,2082,04,28,0.0,27.887465,9.316896,2082
24590,r3i1p1f1,2082,04,29,0.0,26.92841,9.4589405,2082
24591,r3i1p1f1,2082,04,30,0.9071346193641975,27.928633,10.985588,2082
24592,r3i1p1f1,2082,05,01,2.206368633930555,24.406088,9.986271,2082
24593,r3i1p1f1,2082,05,02,0.0009099720045924187,23.955656,6.1418586,2082
24594,r3i1p1f1,2082,05,03,0.0,30.095118,10.935523,2082
24595,r3i1p1f1,2082,05,04,0.0,32.873672,13.345651,2082
24596,r3i1p1f1,2082,05,05,0.0,33.22021,13.738631,2082
24597,r3i1p1f1,2082,05,06,0.0,31.804594,12.231955,2082
24598,r3i1p1f1,2082,05,07,0.0,23.54251,6.370496,2082
24599,r3i1p1f1,2082,05,08,0.0,25.02068,7.731467,2082
24600,r3i1p1f1,2082,05,09,0.0,30.149698,10.793539,2082
24601,r3i1p1f1,2082,05,10,0.0,29.013103,10.425681,2082
24602,r3i1p1f1,2082,05,11,0.0002173537381388473,23.909464,6.7439604,2082
24603,r3i1p1f1,2082,05,12,0.0,19.626606,3.6316483,2082
24604,r3i1p1f1,2082,05,13,0.0,20.750622,1.9314295,2082
24605,r3i1p1f1,2082,05,14,0.0,26.885035,7.5613103,2082
24606,r3i1p1f1,2082,05,15,0.0,26.307327,7.3618555,2082
24607,r3i1p1f1,2082,05,16,0.0,23.700407,5.615894,2082
24608,r3i1p1f1,2082,05,17,0.0,23.751316,5.0863795,2082
24609,r3i1p1f1,2082,05,18,0.0,25.044273,5.659443,2082
24610,r3i1p1f1,2082,05,19,0.0,23.845938,4.619838,2082
24611,r3i1p1f1,2082,05,20,0.0,20.949484,4.2716327,2082
24612,r3i1p1f1,2082,05,21,0.0,22.176182,4.63783,2082
24613,r3i1p1f1,2082,05,22,0.0,24.998909,6.7351027,2082
24614,r3i1p1f1,2082,05,23,0.0,24.010668,6.0591187,2082
24615,r3i1p1f1,2082,05,24,0.034396028936360824,22.790068,5.137585,2082
24616,r3i1p1f1,2082,05,25,0.09748638724858845,26.32877,7.379713,2082
24617,r3i1p1f1,2082,05,26,0.0,33.176083,11.946864,2082
24618,r3i1p1f1,2082,05,27,0.0,31.93865,12.820647,2082
24619,r3i1p1f1,2082,05,28,0.0,31.23635,12.467918,2082
24620,r3i1p1f1,2082,05,29,0.0,32.637527,13.52217,2082
24621,r3i1p1f1,2082,05,30,0.0,32.749107,13.890133,2082
24622,r3i1p1f1,2082,05,31,0.0,33.395084,15.017435,2082
24623,r3i1p1f1,2082,06,01,0.0,33.387894,13.732204,2082
24624,r3i1p1f1,2082,06,02,0.0,33.931293,13.624801,2082
24625,r3i1p1f1,2082,06,03,0.0,33.723625,14.177844,2082
24626,r3i1p1f1,2082,06,04,0.0,32.430264,13.684704,2082
24627,r3i1p1f1,2082,06,05,0.0,30.03102,11.805689,2082
24628,r3i1p1f1,2082,06,06,0.0,28.748793,10.85678,2082
24629,r3i1p1f1,2082,06,07,0.0,29.913877,11.435706,2082
24630,r3i1p1f1,2082,06,08,0.0,31.761469,12.71639,2082
24631,r3i1p1f1,2082,06,09,0.0,31.883543,13.785891,2082
24632,r3i1p1f1,2082,06,10,0.0,30.940577,12.19392,2082
24633,r3i1p1f1,2082,06,11,0.0,31.859772,14.723841,2082
24634,r3i1p1f1,2082,06,12,0.0,32.152813,13.371203,2082
24635,r3i1p1f1,2082,06,13,0.0,30.736105,12.763486,2082
24636,r3i1p1f1,2082,06,14,0.0,29.41828,14.822276,2082
24637,r3i1p1f1,2082,06,15,0.0,33.907745,14.928322,2082
24638,r3i1p1f1,2082,06,16,0.0,34.390972,16.757875,2082
24639,r3i1p1f1,2082,06,17,0.0,35.04902,18.961784,2082
24640,r3i1p1f1,2082,06,18,0.0,35.629307,17.7164,2082
24641,r3i1p1f1,2082,06,19,0.0,36.770306,16.992872,2082
24642,r3i1p1f1,2082,06,20,0.0,37.651424,17.899015,2082
24643,r3i1p1f1,2082,06,21,0.0,38.48248,18.733736,2082
24644,r3i1p1f1,2082,06,22,0.0,37.99067,18.674404,2082
24645,r3i1p1f1,2082,06,23,0.0,38.024242,18.923843,2082
24646,r3i1p1f1,2082,06,24,0.0,39.737415,19.43628,2082
24647,r3i1p1f1,2082,06,25,0.0,38.57174,19.122116,2082
24648,r3i1p1f1,2082,06,26,0.0,36.5371,17.251455,2082
24649,r3i1p1f1,2082,06,27,0.0,36.129196,16.691275,2082
24650,r3i1p1f1,2082,06,28,0.0,33.21848,14.565226,2082
24651,r3i1p1f1,2082,06,29,0.0,32.195385,13.752077,2082
24652,r3i1p1f1,2082,06,30,0.0,33.770782,14.311242,2082
24653,r3i1p1f1,2082,07,01,0.0,33.34924,14.971405,2082
24654,r3i1p1f1,2082,07,02,0.0,33.284927,14.773977,2082
24655,r3i1p1f1,2082,07,03,0.0,34.614227,16.356249,2082
24656,r3i1p1f1,2082,07,04,0.0,34.596275,17.331835,2082
24657,r3i1p1f1,2082,07,05,0.0,33.832066,16.019558,2082
24658,r3i1p1f1,2082,07,06,0.0,34.314644,16.030767,2082
24659,r3i1p1f1,2082,07,07,0.0,34.25312,16.326834,2082
24660,r3i1p1f1,2082,07,08,0.0,34.062313,16.115639,2082
24661,r3i1p1f1,2082,07,09,0.0,33.39813,16.073208,2082
24662,r3i1p1f1,2082,07,10,0.0,35.41501,16.53242,2082
24663,r3i1p1f1,2082,07,11,0.06618211712603542,36.859005,18.493113,2082
24664,r3i1p1f1,2082,07,12,4.064448500368709,37.245945,20.108664,2082
24665,r3i1p1f1,2082,07,13,3.450180747775338,37.996887,19.98846,2082
24666,r3i1p1f1,2082,07,14,3.331177204668303,36.159798,19.830244,2082
24667,r3i1p1f1,2082,07,15,0.0,33.17967,17.55074,2082
24668,r3i1p1f1,2082,07,16,0.26885926291552925,36.078453,18.58846,2082
24669,r3i1p1f1,2082,07,17,1.85832224405286,38.282814,20.672075,2082
24670,r3i1p1f1,2082,07,18,0.7830824267743579,38.766174,21.179756,2082
24671,r3i1p1f1,2082,07,19,1.4438851090645501,40.363182,21.94564,2082
24672,r3i1p1f1,2082,07,20,3.529214912693781,41.336155,23.208284,2082
24673,r3i1p1f1,2082,07,21,1.413094522853736,39.521175,23.628864,2082
24674,r3i1p1f1,2082,07,22,0.8807702676153205,35.98424,19.977661,2082
24675,r3i1p1f1,2082,07,23,0.0,35.07523,18.788622,2082
24676,r3i1p1f1,2082,07,24,6.765833098735047,33.94185,18.052902,2082
24677,r3i1p1f1,2082,07,25,3.957260085136306,33.70329,18.352375,2082
24678,r3i1p1f1,2082,07,26,2.3626645671946322,33.240276,17.700161,2082
24679,r3i1p1f1,2082,07,27,0.3117286219353308,32.74277,16.125559,2082
24680,r3i1p1f1,2082,07,28,0.032119319181550636,34.439056,17.58839,2082
24681,r3i1p1f1,2082,07,29,0.3557286932267413,36.593452,18.819056,2082
24682,r3i1p1f1,2082,07,30,0.12943930251022914,37.43683,20.200554,2082
24683,r3i1p1f1,2082,07,31,0.03725996272723106,39.005127,23.561184,2082
24684,r3i1p1f1,2082,08,01,0.0,38.96172,21.811434,2082
24685,r3i1p1f1,2082,08,02,0.0,37.556896,20.617075,2082
24686,r3i1p1f1,2082,08,03,0.0037911570292304864,37.82388,20.16674,2082
24687,r3i1p1f1,2082,08,04,0.6189231675869616,37.885517,19.892624,2082
24688,r3i1p1f1,2082,08,05,0.022566326643396733,38.378174,19.706118,2082
24689,r3i1p1f1,2082,08,06,2.0096890787130124,37.686066,21.341604,2082
24690,r3i1p1f1,2082,08,07,0.12104338274873568,38.08131,20.808432,2082
24691,r3i1p1f1,2082,08,08,0.13297118690492093,38.78705,21.379665,2082
24692,r3i1p1f1,2082,08,09,3.1124797049525306,37.52473,21.738644,2082
24693,r3i1p1f1,2082,08,10,0.0,33.01703,18.729176,2082
24694,r3i1p1f1,2082,08,11,0.0,34.344753,18.824438,2082
24695,r3i1p1f1,2082,08,12,0.0,36.74454,19.280258,2082
24696,r3i1p1f1,2082,08,13,0.002455036790872162,37.47643,20.902792,2082
24697,r3i1p1f1,2082,08,14,0.0,36.95215,20.259684,2082
24698,r3i1p1f1,2082,08,15,0.0,35.990623,18.208067,2082
24699,r3i1p1f1,2082,08,16,0.0,35.293457,17.581615,2082
24700,r3i1p1f1,2082,08,17,0.0,34.219826,17.064102,2082
24701,r3i1p1f1,2082,08,18,0.0,33.035057,17.620462,2082
24702,r3i1p1f1,2082,08,19,0.0,32.181965,16.373236,2082
24703,r3i1p1f1,2082,08,20,0.0,31.47648,15.378046,2082
24704,r3i1p1f1,2082,08,21,0.0,30.512297,13.865498,2082
24705,r3i1p1f1,2082,08,22,0.12086675664635771,31.59807,15.565695,2082
24706,r3i1p1f1,2082,08,23,0.163179054780454,32.13318,15.94697,2082
24707,r3i1p1f1,2082,08,24,0.6904052821989877,33.91675,16.560772,2082
24708,r3i1p1f1,2082,08,25,0.017358695640172245,34.406406,17.200617,2082
24709,r3i1p1f1,2082,08,26,0.004335625492262117,35.24344,17.81054,2082
24710,r3i1p1f1,2082,08,27,0.0,38.11431,19.110453,2082
24711,r3i1p1f1,2082,08,28,0.015556536346786854,38.05764,18.671638,2082
24712,r3i1p1f1,2082,08,29,0.010408472453215809,37.165195,19.81412,2082
24713,r3i1p1f1,2082,08,30,1.7724980380223838,38.6092,23.12217,2082
24714,r3i1p1f1,2082,08,31,0.29265543809632427,40.60303,22.641333,2082
24715,r3i1p1f1,2082,09,01,0.24091205370936994,39.707603,23.13145,2082
24716,r3i1p1f1,2082,09,02,0.07752422083726604,39.102844,22.46198,2082
24717,r3i1p1f1,2082,09,03,0.0,38.96448,21.658327,2082
24718,r3i1p1f1,2082,09,04,0.0,39.456833,21.204798,2082
24719,r3i1p1f1,2082,09,05,0.0,39.48986,21.824919,2082
24720,r3i1p1f1,2082,09,06,0.0,38.821964,21.617214,2082
24721,r3i1p1f1,2082,09,07,0.0,36.79551,19.203537,2082
24722,r3i1p1f1,2082,09,08,0.0,35.171417,17.444984,2082
24723,r3i1p1f1,2082,09,09,0.0,34.1213,16.641722,2082
24724,r3i1p1f1,2082,09,10,0.0,31.998423,16.812319,2082
24725,r3i1p1f1,2082,09,11,0.0,32.290638,18.03407,2082
24726,r3i1p1f1,2082,09,12,0.0,33.944767,17.230658,2082
24727,r3i1p1f1,2082,09,13,0.0001512867377393625,34.767113,17.531326,2082
24728,r3i1p1f1,2082,09,14,0.0,36.51778,18.860743,2082
24729,r3i1p1f1,2082,09,15,0.004253332100977952,38.66948,19.883978,2082
24730,r3i1p1f1,2082,09,16,0.10285485051678155,36.317974,22.022514,2082
24731,r3i1p1f1,2082,09,17,0.0,35.50939,19.85303,2082
24732,r3i1p1f1,2082,09,18,0.04543202064903171,34.587807,20.247429,2082
24733,r3i1p1f1,2082,09,19,1.292819210876091,35.462135,19.246738,2082
24734,r3i1p1f1,2082,09,20,0.22120372410757805,37.279053,20.10934,2082
24735,r3i1p1f1,2082,09,21,1.0127396571756848,39.130383,22.052273,2082
24736,r3i1p1f1,2082,09,22,0.5212899307882639,38.946983,21.054075,2082
24737,r3i1p1f1,2082,09,23,0.314272902879483,39.510017,21.24733,2082
24738,r3i1p1f1,2082,09,24,1.0810107196360177,38.330997,20.716564,2082
24739,r3i1p1f1,2082,09,25,0.0594614350804036,38.971405,21.840439,2082
24740,r3i1p1f1,2082,09,26,0.011446709842967914,38.771393,20.756962,2082
24741,r3i1p1f1,2082,09,27,0.0,38.708767,20.410093,2082
24742,r3i1p1f1,2082,09,28,0.0,36.375362,17.51627,2082
24743,r3i1p1f1,2082,09,29,0.0,29.840452,13.631038,2082
24744,r3i1p1f1,2082,09,30,0.0,31.895596,13.921993,2082
24745,r3i1p1f1,2082,10,01,0.0,34.86186,16.957937,2082
24746,r3i1p1f1,2082,10,02,0.5014173995710515,34.825912,19.824535,2082
24747,r3i1p1f1,2082,10,03,0.04093404419219234,34.77239,20.197186,2082
24748,r3i1p1f1,2082,10,04,0.0,35.96276,19.361475,2082
24749,r3i1p1f1,2082,10,05,0.0,36.09242,19.455421,2082
24750,r3i1p1f1,2082,10,06,0.005115312312475659,33.137573,17.383957,2082
24751,r3i1p1f1,2082,10,07,0.1992845046537916,32.863163,17.281765,2082
24752,r3i1p1f1,2082,10,08,0.9275284301166362,31.926718,16.676695,2082
24753,r3i1p1f1,2082,10,09,0.04581273660402407,31.705633,15.151565,2082
24754,r3i1p1f1,2082,10,10,0.0,29.696472,14.139173,2082
24755,r3i1p1f1,2082,10,11,0.0,27.807997,13.55494,2082
24756,r3i1p1f1,2082,10,12,0.0,26.98343,12.5491705,2082
24757,r3i1p1f1,2082,10,13,0.1669293138396218,27.186722,13.3744,2082
24758,r3i1p1f1,2082,10,14,7.218739232586373,27.872738,15.085911,2082
24759,r3i1p1f1,2082,10,15,0.05606837957836405,22.496216,8.245501,2082
24760,r3i1p1f1,2082,10,16,0.01226119843054083,21.757092,8.08583,2082
24761,r3i1p1f1,2082,10,17,8.05868126279551,23.881752,11.3598795,2082
24762,r3i1p1f1,2082,10,18,0.00047124029758075875,18.27304,4.781954,2082
24763,r3i1p1f1,2082,10,19,0.10531037390275301,18.64847,6.701252,2082
24764,r3i1p1f1,2082,10,20,0.0,21.766092,6.541409,2082
24765,r3i1p1f1,2082,10,21,0.0,23.94156,8.679783,2082
24766,r3i1p1f1,2082,10,22,0.0,25.940134,9.881231,2082
24767,r3i1p1f1,2082,10,23,0.0,26.954222,10.669283,2082
24768,r3i1p1f1,2082,10,24,0.0,27.405672,10.9865675,2082
24769,r3i1p1f1,2082,10,25,0.0,28.512655,11.674695,2082
24770,r3i1p1f1,2082,10,26,0.0,26.428999,10.087314,2082
24771,r3i1p1f1,2082,10,27,0.0,24.297554,10.311453,2082
24772,r3i1p1f1,2082,10,28,0.23562053912676426,21.93773,8.576349,2082
24773,r3i1p1f1,2082,10,29,0.7471664643620015,20.713114,9.48165,2082
24774,r3i1p1f1,2082,10,30,0.06542544446402286,20.683887,7.0790653,2082
24775,r3i1p1f1,2082,10,31,0.8413547989077801,21.459433,7.4183397,2082
24776,r3i1p1f1,2082,11,01,0.025908994348631524,19.56925,6.019667,2082
24777,r3i1p1f1,2082,11,02,0.38362482991295,18.148596,5.095426,2082
24778,r3i1p1f1,2082,11,03,0.0,20.03958,6.021151,2082
24779,r3i1p1f1,2082,11,04,0.0,21.7918,6.2930093,2082
24780,r3i1p1f1,2082,11,05,0.0,21.155424,6.326823,2082
24781,r3i1p1f1,2082,11,06,0.0,20.96996,5.9511404,2082
24782,r3i1p1f1,2082,11,07,0.0,20.405222,6.2493005,2082
24783,r3i1p1f1,2082,11,08,0.35091156696194736,20.53416,6.7835927,2082
24784,r3i1p1f1,2082,11,09,0.5858385463855511,15.941332,4.1483426,2082
24785,r3i1p1f1,2082,11,10,0.2886129871143511,15.597243,2.6755478,2082
24786,r3i1p1f1,2082,11,11,0.0,16.307766,1.7218001,2082
24787,r3i1p1f1,2082,11,12,0.0,18.541208,2.7341204,2082
24788,r3i1p1f1,2082,11,13,0.0,19.802282,3.9036639,2082
24789,r3i1p1f1,2082,11,14,0.0,18.70017,4.6099024,2082
24790,r3i1p1f1,2082,11,15,2.6660415126962382,17.764874,4.6476736,2082
24791,r3i1p1f1,2082,11,16,1.6048689831300043,18.603994,7.244639,2082
24792,r3i1p1f1,2082,11,17,0.0,18.606703,6.080503,2082
24793,r3i1p1f1,2082,11,18,0.7519282351684138,18.719788,7.247459,2082
24794,r3i1p1f1,2082,11,19,0.0,17.56746,4.4637666,2082
24795,r3i1p1f1,2082,11,20,1.891444291435288,19.34196,7.8910294,2082
24796,r3i1p1f1,2082,11,21,0.03934126146890721,22.064007,10.541677,2082
24797,r3i1p1f1,2082,11,22,0.21200049966389767,21.317286,8.397474,2082
24798,r3i1p1f1,2082,11,23,0.16541735509649283,19.987606,9.083035,2082
24799,r3i1p1f1,2082,11,24,0.004356305933359898,18.036137,6.802512,2082
24800,r3i1p1f1,2082,11,25,0.0,16.375948,3.0767984,2082
24801,r3i1p1f1,2082,11,26,0.0,18.62507,3.6930823,2082
24802,r3i1p1f1,2082,11,27,0.0,18.662485,4.016622,2082
24803,r3i1p1f1,2082,11,28,0.0,16.558712,3.198176,2082
24804,r3i1p1f1,2082,11,29,0.0,13.770201,0.28334838,2082
24805,r3i1p1f1,2082,11,30,0.0,17.137323,1.9517977,2082
24806,r3i1p1f1,2082,12,01,0.0,17.544947,4.7708306,2082
24807,r3i1p1f1,2082,12,02,0.0,18.878126,4.9653487,2082
24808,r3i1p1f1,2082,12,03,0.0,19.843391,5.6957345,2082
24809,r3i1p1f1,2082,12,04,0.0,20.873156,5.917215,2082
24810,r3i1p1f1,2082,12,05,0.0,19.223503,6.558228,2082
24811,r3i1p1f1,2082,12,06,0.0,19.19256,5.1696243,2082
24812,r3i1p1f1,2082,12,07,0.000559266666117985,18.049036,4.1703477,2082
24813,r3i1p1f1,2082,12,08,0.0,18.471506,4.274588,2082
24814,r3i1p1f1,2082,12,09,0.0,17.606453,3.1825187,2082
24815,r3i1p1f1,2082,12,10,0.0,18.531326,3.7581747,2082
24816,r3i1p1f1,2082,12,11,0.0,18.202456,2.0785065,2082
24817,r3i1p1f1,2082,12,12,0.0008589236743070862,17.16753,4.1703215,2082
24818,r3i1p1f1,2082,12,13,0.03216246553027745,18.335182,4.023606,2082
24819,r3i1p1f1,2082,12,14,0.0,19.320183,4.4648676,2082
24820,r3i1p1f1,2082,12,15,0.0,18.80847,4.025414,2082
24821,r3i1p1f1,2082,12,16,0.0,18.955471,6.100308,2082
24822,r3i1p1f1,2082,12,17,0.0,22.25253,7.187337,2082
24823,r3i1p1f1,2082,12,18,0.0,21.964626,7.0329475,2082
24824,r3i1p1f1,2082,12,19,0.003917681143238125,19.656754,5.5832233,2082
24825,r3i1p1f1,2082,12,20,0.0,19.026556,4.136581,2082
24826,r3i1p1f1,2082,12,21,0.0,19.123117,4.073142,2082
24827,r3i1p1f1,2082,12,22,0.0,18.716642,4.272732,2082
24828,r3i1p1f1,2082,12,23,0.0,20.421648,6.086589,2082
24829,r3i1p1f1,2082,12,24,0.0,21.429493,5.897915,2082
24830,r3i1p1f1,2082,12,25,0.0,22.042439,7.829211,2082
24831,r3i1p1f1,2082,12,26,0.0,21.68651,5.6889606,2082
24832,r3i1p1f1,2082,12,27,0.0,21.605349,4.895237,2082
24833,r3i1p1f1,2082,12,28,4.677671853710446,21.509455,7.5554285,2082
24834,r3i1p1f1,2082,12,29,32.63886405560753,10.272321,4.779456,2082
24835,r3i1p1f1,2082,12,30,33.22258203163404,14.206503,3.6033099,2082
24836,r3i1p1f1,2082,12,31,15.273192950372698,13.938278,3.7576938,2082
24837,r3i1p1f1,2083,01,01,0.5160786041905698,13.086211,3.7249491,2083
24838,r3i1p1f1,2083,01,02,15.891477321670346,13.220373,3.6882186,2083
24839,r3i1p1f1,2083,01,03,6.579887544327049,11.853849,1.8686193,2083
24840,r3i1p1f1,2083,01,04,16.5890775773071,10.425021,2.9867907,2083
24841,r3i1p1f1,2083,01,05,3.057242306173121,9.426281,-0.46536726,2083
24842,r3i1p1f1,2083,01,06,9.753223628539479e-05,9.322857,-3.6245253,2083
24843,r3i1p1f1,2083,01,07,5.317913813505032,9.7919,0.20444655,2083
24844,r3i1p1f1,2083,01,08,4.489580565315168,8.610648,1.6416005,2083
24845,r3i1p1f1,2083,01,09,5.189549748857561,7.6520667,-1.5340075,2083
24846,r3i1p1f1,2083,01,10,1.6319970940050113,9.930059,-1.7441621,2083
24847,r3i1p1f1,2083,01,11,12.533679516855045,9.945389,3.218678,2083
24848,r3i1p1f1,2083,01,12,9.66213718536451,8.620754,-1.6047556,2083
24849,r3i1p1f1,2083,01,13,10.712377227772032,8.581575,0.3452629,2083
24850,r3i1p1f1,2083,01,14,13.749394408430707,11.694318,2.0079002,2083
24851,r3i1p1f1,2083,01,15,61.526812736198984,18.134792,5.092804,2083
24852,r3i1p1f1,2083,01,16,45.47337290091849,16.931295,7.6511803,2083
24853,r3i1p1f1,2083,01,17,14.42494962282746,11.103208,4.2997413,2083
24854,r3i1p1f1,2083,01,18,13.378762073314812,11.984636,4.152334,2083
24855,r3i1p1f1,2083,01,19,0.0,13.108836,-1.1449393,2083
24856,r3i1p1f1,2083,01,20,0.4375382407867897,12.311201,-0.3552615,2083
24857,r3i1p1f1,2083,01,21,54.19250186866107,11.021376,3.4199893,2083
24858,r3i1p1f1,2083,01,22,12.994414379539773,12.116769,4.702918,2083
24859,r3i1p1f1,2083,01,23,0.062203372211969865,10.527471,-1.9867659,2083
24860,r3i1p1f1,2083,01,24,3.4542898606201615,10.879113,0.58913946,2083
24861,r3i1p1f1,2083,01,25,0.05086303768841775,8.659629,-1.2593901,2083
24862,r3i1p1f1,2083,01,26,0.0,8.9526825,-3.300241,2083
24863,r3i1p1f1,2083,01,27,0.0,9.6067505,-0.18668334,2083
24864,r3i1p1f1,2083,01,28,0.0072586948640078345,10.680418,0.2922405,2083
24865,r3i1p1f1,2083,01,29,0.0,10.59162,-2.139729,2083
24866,r3i1p1f1,2083,01,30,0.0,12.458965,-1.9882418,2083
24867,r3i1p1f1,2083,01,31,0.0,13.176472,-0.72111624,2083
24868,r3i1p1f1,2083,02,01,0.08767720151698802,12.810897,-0.31457746,2083
24869,r3i1p1f1,2083,02,02,0.3045530149862922,11.267421,1.5149004,2083
24870,r3i1p1f1,2083,02,03,4.012391921007678,10.622046,1.6009165,2083
24871,r3i1p1f1,2083,02,04,0.06247994998154878,13.637723,1.8847327,2083
24872,r3i1p1f1,2083,02,05,0.00035043382509188217,14.059854,3.7881207,2083
24873,r3i1p1f1,2083,02,06,3.376135455003929,12.536693,4.165634,2083
24874,r3i1p1f1,2083,02,07,17.39566954602417,14.647027,4.7069955,2083
24875,r3i1p1f1,2083,02,08,0.005873224405204934,15.686415,3.6084297,2083
24876,r3i1p1f1,2083,02,09,0.13521783593177766,14.93696,4.1638684,2083
24877,r3i1p1f1,2083,02,10,12.336072796277938,13.320745,5.0546255,2083
24878,r3i1p1f1,2083,02,11,0.006594822160409283,15.011888,1.3224807,2083
24879,r3i1p1f1,2083,02,12,0.15441265662626724,14.349698,2.8596203,2083
24880,r3i1p1f1,2083,02,13,0.13897276061801345,12.515594,2.291084,2083
24881,r3i1p1f1,2083,02,14,0.0,15.892793,1.8275138,2083
24882,r3i1p1f1,2083,02,15,0.036063029403356435,14.832814,2.1527138,2083
24883,r3i1p1f1,2083,02,16,8.400626202546295,14.390478,4.526048,2083
24884,r3i1p1f1,2083,02,17,2.85085035214727,14.381874,5.7547717,2083
24885,r3i1p1f1,2083,02,18,0.2258011692461106,13.016131,2.29757,2083
24886,r3i1p1f1,2083,02,19,0.0049656795366018105,15.424697,2.17005,2083
24887,r3i1p1f1,2083,02,20,0.0,17.604237,2.8309367,2083
24888,r3i1p1f1,2083,02,21,0.0,18.351496,3.9617841,2083
24889,r3i1p1f1,2083,02,22,0.0,19.392315,4.235955,2083
24890,r3i1p1f1,2083,02,23,0.002667402396499793,19.177263,5.6978674,2083
24891,r3i1p1f1,2083,02,24,7.711649024640792,15.196326,5.2273083,2083
24892,r3i1p1f1,2083,02,25,0.010793505591044033,9.964434,-1.9506804,2083
24893,r3i1p1f1,2083,02,26,0.0,11.280931,-1.415213,2083
24894,r3i1p1f1,2083,02,27,0.0,14.286174,0.20960276,2083
24895,r3i1p1f1,2083,02,28,1.3811499016248325,13.362521,2.6421251,2083
24896,r3i1p1f1,2083,03,01,18.367651698239513,10.680549,0.5596238,2083
24897,r3i1p1f1,2083,03,02,7.698596377389493,12.049666,0.85534376,2083
24898,r3i1p1f1,2083,03,03,7.440792296093247,10.478817,3.3260102,2083
24899,r3i1p1f1,2083,03,04,11.087519177152982,10.423978,2.865073,2083
24900,r3i1p1f1,2083,03,05,0.3556503822608537,14.231649,-1.590049,2083
24901,r3i1p1f1,2083,03,06,0.004456023113258804,18.312723,-0.19171879,2083
24902,r3i1p1f1,2083,03,07,11.519713405478713,16.309713,6.4148874,2083
24903,r3i1p1f1,2083,03,08,11.739201634728957,9.348423,3.0974367,2083
24904,r3i1p1f1,2083,03,09,0.7462304249656881,11.075343,0.9647076,2083
24905,r3i1p1f1,2083,03,10,0.30155585836231086,13.581729,0.72401863,2083
24906,r3i1p1f1,2083,03,11,0.2025459373609203,15.625272,1.2031789,2083
24907,r3i1p1f1,2083,03,12,6.899784127804609,11.124644,4.69539,2083
24908,r3i1p1f1,2083,03,13,2.338416219272679,12.555122,2.0547457,2083
24909,r3i1p1f1,2083,03,14,0.4487130601128711,15.439948,1.073621,2083
24910,r3i1p1f1,2083,03,15,0.2839595350308104,15.714433,5.2136784,2083
24911,r3i1p1f1,2083,03,16,0.010295139421059779,17.733097,1.6164986,2083
24912,r3i1p1f1,2083,03,17,1.9586876653766288,15.405592,3.972221,2083
24913,r3i1p1f1,2083,03,18,0.08640580725141538,14.130222,5.0780873,2083
24914,r3i1p1f1,2083,03,19,0.0,16.106544,0.45701373,2083
24915,r3i1p1f1,2083,03,20,0.016777590466049194,16.02081,5.6326585,2083
24916,r3i1p1f1,2083,03,21,3.5229363729382808,14.933249,6.6072598,2083
24917,r3i1p1f1,2083,03,22,0.0,16.44495,1.5888064,2083
24918,r3i1p1f1,2083,03,23,0.0,20.68889,3.8805091,2083
24919,r3i1p1f1,2083,03,24,0.017848529488687884,20.424816,6.1685157,2083
24920,r3i1p1f1,2083,03,25,0.07223844235837036,20.259056,5.2650433,2083
24921,r3i1p1f1,2083,03,26,0.0,21.301695,6.5380707,2083
24922,r3i1p1f1,2083,03,27,0.44322886384923715,20.186258,7.1539764,2083
24923,r3i1p1f1,2083,03,28,0.0,18.867544,3.1046195,2083
24924,r3i1p1f1,2083,03,29,0.0,22.440771,4.398312,2083
24925,r3i1p1f1,2083,03,30,0.0,25.64993,7.677128,2083
24926,r3i1p1f1,2083,03,31,0.0,27.816635,9.127149,2083
24927,r3i1p1f1,2083,04,01,0.03309736799510023,27.646486,8.892572,2083
24928,r3i1p1f1,2083,04,02,4.972515888315353,21.51764,6.592974,2083
24929,r3i1p1f1,2083,04,03,7.8829481824978265,16.008392,6.2165976,2083
24930,r3i1p1f1,2083,04,04,1.9754291490462632,18.439447,5.6056013,2083
24931,r3i1p1f1,2083,04,05,6.954465819719851,18.298592,6.7330112,2083
24932,r3i1p1f1,2083,04,06,8.20056811673677,15.126943,5.991823,2083
24933,r3i1p1f1,2083,04,07,2.3410568804579133,17.368824,5.200177,2083
24934,r3i1p1f1,2083,04,08,0.7973889025423418,17.788746,7.4719567,2083
24935,r3i1p1f1,2083,04,09,1.6512547395648818,16.177153,5.626858,2083
24936,r3i1p1f1,2083,04,10,0.04603822815018551,15.371977,3.3687298,2083
24937,r3i1p1f1,2083,04,11,0.15966585774907743,14.352474,0.95282763,2083
24938,r3i1p1f1,2083,04,12,0.0,17.72499,0.9937922,2083
24939,r3i1p1f1,2083,04,13,0.0,22.338148,4.735481,2083
24940,r3i1p1f1,2083,04,14,0.0,23.82121,7.148414,2083
24941,r3i1p1f1,2083,04,15,0.23812088811334406,24.461472,8.576554,2083
24942,r3i1p1f1,2083,04,16,0.0,24.720665,7.965498,2083
24943,r3i1p1f1,2083,04,17,0.0,24.430346,7.4430003,2083
24944,r3i1p1f1,2083,04,18,0.0,23.972881,6.551197,2083
24945,r3i1p1f1,2083,04,19,0.012733805677712415,22.782785,6.859903,2083
24946,r3i1p1f1,2083,04,20,0.0,21.343021,4.8031235,2083
24947,r3i1p1f1,2083,04,21,0.01287668271371248,21.655556,6.8609076,2083
24948,r3i1p1f1,2083,04,22,0.0,23.65907,5.0675507,2083
24949,r3i1p1f1,2083,04,23,0.0017638089183023883,24.977606,9.107138,2083
24950,r3i1p1f1,2083,04,24,0.0,26.99289,8.481991,2083
24951,r3i1p1f1,2083,04,25,0.0530174351363464,24.723671,7.840291,2083
24952,r3i1p1f1,2083,04,26,0.0,31.782526,11.679429,2083
24953,r3i1p1f1,2083,04,27,0.0,31.958551,12.939081,2083
24954,r3i1p1f1,2083,04,28,0.05426566797254826,29.784214,10.261911,2083
24955,r3i1p1f1,2083,04,29,0.003621595502464157,24.92035,6.6119003,2083
24956,r3i1p1f1,2083,04,30,0.0,26.697042,8.921756,2083
24957,r3i1p1f1,2083,05,01,0.0,31.284678,11.708375,2083
24958,r3i1p1f1,2083,05,02,0.0,31.861563,13.314231,2083
24959,r3i1p1f1,2083,05,03,0.0,31.382149,12.632811,2083
24960,r3i1p1f1,2083,05,04,0.0,29.950684,11.921944,2083
24961,r3i1p1f1,2083,05,05,0.0,29.116632,11.263743,2083
24962,r3i1p1f1,2083,05,06,0.0,28.369385,9.706576,2083
24963,r3i1p1f1,2083,05,07,0.0,26.10835,8.579116,2083
24964,r3i1p1f1,2083,05,08,0.0,25.144793,7.899276,2083
24965,r3i1p1f1,2083,05,09,0.0,28.425245,9.350683,2083
24966,r3i1p1f1,2083,05,10,0.0,32.629124,13.195057,2083
24967,r3i1p1f1,2083,05,11,0.0,32.3978,12.908263,2083
24968,r3i1p1f1,2083,05,12,0.0,30.872797,11.555422,2083
24969,r3i1p1f1,2083,05,13,0.0,32.85038,13.467205,2083
24970,r3i1p1f1,2083,05,14,0.0,33.49218,14.190464,2083
24971,r3i1p1f1,2083,05,15,0.0,32.86278,13.636056,2083
24972,r3i1p1f1,2083,05,16,0.0,33.28938,14.201201,2083
24973,r3i1p1f1,2083,05,17,0.0,32.865803,14.077676,2083
24974,r3i1p1f1,2083,05,18,0.0,32.28114,13.352045,2083
24975,r3i1p1f1,2083,05,19,0.0,33.894836,13.971266,2083
24976,r3i1p1f1,2083,05,20,0.0,36.310993,16.664074,2083
24977,r3i1p1f1,2083,05,21,0.0,37.24264,16.839937,2083
24978,r3i1p1f1,2083,05,22,0.0,37.56286,18.0912,2083
24979,r3i1p1f1,2083,05,23,0.0,37.443176,17.500332,2083
24980,r3i1p1f1,2083,05,24,0.0,30.472092,11.155713,2083
24981,r3i1p1f1,2083,05,25,0.0,25.39617,7.8956447,2083
24982,r3i1p1f1,2083,05,26,0.0,26.593634,7.4959965,2083
24983,r3i1p1f1,2083,05,27,0.0,26.158302,7.6587157,2083
24984,r3i1p1f1,2083,05,28,0.0,25.613155,7.6188602,2083
24985,r3i1p1f1,2083,05,29,0.0,25.678213,7.9385433,2083
24986,r3i1p1f1,2083,05,30,0.0,24.334034,7.2321286,2083
24987,r3i1p1f1,2083,05,31,0.0,26.148579,7.918452,2083
24988,r3i1p1f1,2083,06,01,0.0,31.10458,11.766002,2083
24989,r3i1p1f1,2083,06,02,0.0,32.253952,12.729333,2083
24990,r3i1p1f1,2083,06,03,0.0,30.639538,12.77043,2083
24991,r3i1p1f1,2083,06,04,0.0,31.976908,13.447747,2083
24992,r3i1p1f1,2083,06,05,0.0,34.579884,14.468536,2083
24993,r3i1p1f1,2083,06,06,0.0,33.896587,14.955331,2083
24994,r3i1p1f1,2083,06,07,0.0,33.454582,14.686787,2083
24995,r3i1p1f1,2083,06,08,0.0,32.921494,12.638349,2083
24996,r3i1p1f1,2083,06,09,0.0,29.235863,10.664027,2083
24997,r3i1p1f1,2083,06,10,0.2161021525843711,26.308327,10.727228,2083
24998,r3i1p1f1,2083,06,11,0.053649780095315,26.061308,10.721386,2083
24999,r3i1p1f1,2083,06,12,0.016556045641967405,32.292446,13.826354,2083
25000,r3i1p1f1,2083,06,13,0.0,34.874622,16.185755,2083
25001,r3i1p1f1,2083,06,14,0.0,34.94716,16.396809,2083
25002,r3i1p1f1,2083,06,15,0.0,35.420628,16.687254,2083
25003,r3i1p1f1,2083,06,16,0.0,38.069298,18.108318,2083
25004,r3i1p1f1,2083,06,17,0.0,39.191223,19.668327,2083
25005,r3i1p1f1,2083,06,18,0.0,38.94648,18.940607,2083
25006,r3i1p1f1,2083,06,19,0.0,37.630028,17.509117,2083
25007,r3i1p1f1,2083,06,20,0.0,35.426796,16.73308,2083
25008,r3i1p1f1,2083,06,21,0.0,32.498695,13.694036,2083
25009,r3i1p1f1,2083,06,22,0.0,29.525385,11.670578,2083
25010,r3i1p1f1,2083,06,23,0.0,27.98012,11.161802,2083
25011,r3i1p1f1,2083,06,24,0.0,30.458344,13.087251,2083
25012,r3i1p1f1,2083,06,25,0.0,36.132946,16.057295,2083
25013,r3i1p1f1,2083,06,26,0.004858652872357969,39.168808,18.725725,2083
25014,r3i1p1f1,2083,06,27,0.0,38.504307,19.490906,2083
25015,r3i1p1f1,2083,06,28,0.0,37.300827,17.926195,2083
25016,r3i1p1f1,2083,06,29,0.16613596558189866,34.489933,16.528824,2083
25017,r3i1p1f1,2083,06,30,0.0,34.665577,16.595863,2083
25018,r3i1p1f1,2083,07,01,0.0,36.426228,18.10405,2083
25019,r3i1p1f1,2083,07,02,0.0,35.943005,17.684921,2083
25020,r3i1p1f1,2083,07,03,0.0,36.044853,17.195114,2083
25021,r3i1p1f1,2083,07,04,0.0,36.330807,17.404737,2083
25022,r3i1p1f1,2083,07,05,0.0,38.00987,18.216915,2083
25023,r3i1p1f1,2083,07,06,0.0,38.999573,20.07751,2083
25024,r3i1p1f1,2083,07,07,0.0,38.95195,19.644556,2083
25025,r3i1p1f1,2083,07,08,0.0,38.02193,18.75909,2083
25026,r3i1p1f1,2083,07,09,0.0,36.726948,19.063131,2083
25027,r3i1p1f1,2083,07,10,0.0,37.51556,18.992874,2083
25028,r3i1p1f1,2083,07,11,0.0,38.87438,19.957386,2083
25029,r3i1p1f1,2083,07,12,0.0,39.16016,20.231068,2083
25030,r3i1p1f1,2083,07,13,0.0,39.32066,21.528757,2083
25031,r3i1p1f1,2083,07,14,0.0,40.859707,22.579714,2083
25032,r3i1p1f1,2083,07,15,0.0,41.374313,23.393923,2083
25033,r3i1p1f1,2083,07,16,0.0,40.756252,21.86933,2083
25034,r3i1p1f1,2083,07,17,0.0,40.22564,20.084274,2083
25035,r3i1p1f1,2083,07,18,0.0,36.988613,17.538568,2083
25036,r3i1p1f1,2083,07,19,0.0,33.24173,17.525389,2083
25037,r3i1p1f1,2083,07,20,0.0,33.632206,17.761885,2083
25038,r3i1p1f1,2083,07,21,0.0,34.8752,18.072361,2083
25039,r3i1p1f1,2083,07,22,0.0,37.011337,18.991522,2083
25040,r3i1p1f1,2083,07,23,0.0,40.11806,22.456707,2083
25041,r3i1p1f1,2083,07,24,0.0,41.80503,21.206842,2083
25042,r3i1p1f1,2083,07,25,0.0,41.850822,22.138819,2083
25043,r3i1p1f1,2083,07,26,0.0,42.1712,22.609877,2083
25044,r3i1p1f1,2083,07,27,0.0,41.966217,22.331018,2083
25045,r3i1p1f1,2083,07,28,0.0,39.200653,21.978863,2083
25046,r3i1p1f1,2083,07,29,0.0,38.841217,21.733217,2083
25047,r3i1p1f1,2083,07,30,0.0,39.856396,21.232338,2083
25048,r3i1p1f1,2083,07,31,0.0,39.923107,21.835112,2083
25049,r3i1p1f1,2083,08,01,0.057710085168240985,39.74437,21.38645,2083
25050,r3i1p1f1,2083,08,02,0.004610703185652242,37.752785,20.30639,2083
25051,r3i1p1f1,2083,08,03,0.0,38.643127,19.559225,2083
25052,r3i1p1f1,2083,08,04,0.04469938923262596,39.70307,21.90081,2083
25053,r3i1p1f1,2083,08,05,1.032033577622232,38.943684,22.139431,2083
25054,r3i1p1f1,2083,08,06,0.5728026768139732,39.815285,22.926456,2083
25055,r3i1p1f1,2083,08,07,0.0,40.199158,22.079212,2083
25056,r3i1p1f1,2083,08,08,0.0,40.79529,21.342035,2083
25057,r3i1p1f1,2083,08,09,0.018762055339969018,41.30161,21.64625,2083
25058,r3i1p1f1,2083,08,10,0.5294388473857632,39.22334,22.14068,2083
25059,r3i1p1f1,2083,08,11,0.02413023848820365,39.536633,22.555698,2083
25060,r3i1p1f1,2083,08,12,0.033660759729558995,39.609783,21.47804,2083
25061,r3i1p1f1,2083,08,13,0.7524487880855855,38.15183,22.922724,2083
25062,r3i1p1f1,2083,08,14,0.0,35.50721,18.915987,2083
25063,r3i1p1f1,2083,08,15,0.0,37.396156,19.92607,2083
25064,r3i1p1f1,2083,08,16,0.01468709408954689,38.881374,19.605087,2083
25065,r3i1p1f1,2083,08,17,0.0,38.956932,21.03595,2083
25066,r3i1p1f1,2083,08,18,0.0,36.02835,19.6072,2083
25067,r3i1p1f1,2083,08,19,0.0,36.254658,19.997423,2083
25068,r3i1p1f1,2083,08,20,0.0,36.39254,18.95675,2083
25069,r3i1p1f1,2083,08,21,0.0,37.754642,19.205574,2083
25070,r3i1p1f1,2083,08,22,0.0,37.39203,19.602543,2083
25071,r3i1p1f1,2083,08,23,0.0,37.286736,19.342886,2083
25072,r3i1p1f1,2083,08,24,0.0,35.755325,18.192686,2083
25073,r3i1p1f1,2083,08,25,0.3023607106032697,33.676815,17.952751,2083
25074,r3i1p1f1,2083,08,26,0.013640982232931437,32.61979,17.019205,2083
25075,r3i1p1f1,2083,08,27,0.0,33.56806,17.376999,2083
25076,r3i1p1f1,2083,08,28,0.0,34.356243,16.14453,2083
25077,r3i1p1f1,2083,08,29,0.0,35.135883,17.421139,2083
25078,r3i1p1f1,2083,08,30,0.0,34.273655,16.915915,2083
25079,r3i1p1f1,2083,08,31,0.0,31.705566,16.036873,2083
25080,r3i1p1f1,2083,09,01,0.0,31.355185,16.330784,2083
25081,r3i1p1f1,2083,09,02,0.0,32.01314,18.621685,2083
25082,r3i1p1f1,2083,09,03,0.0,31.511343,15.669416,2083
25083,r3i1p1f1,2083,09,04,0.2723954323675681,30.3642,17.237282,2083
25084,r3i1p1f1,2083,09,05,0.004119115183129907,31.896027,16.985027,2083
25085,r3i1p1f1,2083,09,06,0.0,33.721146,17.020191,2083
25086,r3i1p1f1,2083,09,07,0.0,32.876812,19.335773,2083
25087,r3i1p1f1,2083,09,08,0.0,32.320747,15.104462,2083
25088,r3i1p1f1,2083,09,09,0.0,33.89166,16.623262,2083
25089,r3i1p1f1,2083,09,10,0.0,34.758793,17.665956,2083
25090,r3i1p1f1,2083,09,11,0.0,34.52728,19.187454,2083
25091,r3i1p1f1,2083,09,12,0.0,34.1733,18.335379,2083
25092,r3i1p1f1,2083,09,13,0.0,33.673492,18.948513,2083
25093,r3i1p1f1,2083,09,14,0.0,33.749237,17.361519,2083
25094,r3i1p1f1,2083,09,15,0.0,32.88512,16.701103,2083
25095,r3i1p1f1,2083,09,16,0.0,35.882084,19.098715,2083
25096,r3i1p1f1,2083,09,17,0.5258748747832159,39.285885,23.726385,2083
25097,r3i1p1f1,2083,09,18,2.684506895893719,39.890545,25.098898,2083
25098,r3i1p1f1,2083,09,19,0.9793600878112391,38.34239,20.763338,2083
25099,r3i1p1f1,2083,09,20,0.3630291623377354,38.967422,21.926252,2083
25100,r3i1p1f1,2083,09,21,0.009553959720175375,39.480145,22.35872,2083
25101,r3i1p1f1,2083,09,22,0.007812526697913805,38.582676,22.016148,2083
25102,r3i1p1f1,2083,09,23,0.0,36.688923,19.736084,2083
25103,r3i1p1f1,2083,09,24,0.006878827530961258,35.033493,18.363607,2083
25104,r3i1p1f1,2083,09,25,0.27777105146952,35.150936,17.739681,2083
25105,r3i1p1f1,2083,09,26,0.9219282156405053,36.507904,19.841745,2083
25106,r3i1p1f1,2083,09,27,3.83500990562783,36.477356,21.250647,2083
25107,r3i1p1f1,2083,09,28,1.2858103371576308,35.861977,21.000723,2083
25108,r3i1p1f1,2083,09,29,0.7438707504452808,33.791298,19.451168,2083
25109,r3i1p1f1,2083,09,30,3.8826708525983014,34.179977,20.567226,2083
25110,r3i1p1f1,2083,10,01,1.2690245370057793,29.530025,16.292603,2083
25111,r3i1p1f1,2083,10,02,2.6462169186610978,24.725578,12.592678,2083
25112,r3i1p1f1,2083,10,03,21.290957601943802,19.510063,10.486667,2083
25113,r3i1p1f1,2083,10,04,4.396945122023501,20.126087,9.406669,2083
25114,r3i1p1f1,2083,10,05,0.0,20.252266,6.4280767,2083
25115,r3i1p1f1,2083,10,06,0.0,22.48345,9.7775955,2083
25116,r3i1p1f1,2083,10,07,0.0,25.296759,11.802364,2083
25117,r3i1p1f1,2083,10,08,0.0,27.01647,13.38497,2083
25118,r3i1p1f1,2083,10,09,0.0,26.937256,13.816127,2083
25119,r3i1p1f1,2083,10,10,0.026196485736859773,23.898796,12.037726,2083
25120,r3i1p1f1,2083,10,11,5.007735594655528e-05,21.64888,9.26964,2083
25121,r3i1p1f1,2083,10,12,0.0,22.380106,9.066006,2083
25122,r3i1p1f1,2083,10,13,0.028627642481517272,21.624628,8.759123,2083
25123,r3i1p1f1,2083,10,14,0.0,21.16109,7.056768,2083
25124,r3i1p1f1,2083,10,15,0.0,21.58872,7.696482,2083
25125,r3i1p1f1,2083,10,16,0.0,25.016302,10.108234,2083
25126,r3i1p1f1,2083,10,17,0.0,28.837683,12.315536,2083
25127,r3i1p1f1,2083,10,18,0.0,29.105516,12.599963,2083
25128,r3i1p1f1,2083,10,19,0.0,27.835037,12.211046,2083
25129,r3i1p1f1,2083,10,20,0.0,27.437357,12.241906,2083
25130,r3i1p1f1,2083,10,21,0.0,30.261177,13.809012,2083
25131,r3i1p1f1,2083,10,22,0.0,31.81661,15.095111,2083
25132,r3i1p1f1,2083,10,23,0.0,31.63306,13.545812,2083
25133,r3i1p1f1,2083,10,24,0.0006947575831983352,29.759708,12.959994,2083
25134,r3i1p1f1,2083,10,25,0.09337262374394799,29.36073,16.271313,2083
25135,r3i1p1f1,2083,10,26,0.008465244159610434,27.00026,13.342641,2083
25136,r3i1p1f1,2083,10,27,0.0,24.129318,9.797877,2083
25137,r3i1p1f1,2083,10,28,0.0,20.117502,6.338069,2083
25138,r3i1p1f1,2083,10,29,0.0,20.725992,6.302133,2083
25139,r3i1p1f1,2083,10,30,0.005412933434964736,18.976978,6.569292,2083
25140,r3i1p1f1,2083,10,31,36.02456575095857,15.6821375,7.238546,2083
25141,r3i1p1f1,2083,11,01,0.025716149078410428,14.2121935,3.9850314,2083
25142,r3i1p1f1,2083,11,02,0.0,17.704391,4.7923765,2083
25143,r3i1p1f1,2083,11,03,0.0,18.15526,5.529192,2083
25144,r3i1p1f1,2083,11,04,0.0007116259648958503,18.249691,5.193744,2083
25145,r3i1p1f1,2083,11,05,0.8735644516006383,17.28522,6.1243887,2083
25146,r3i1p1f1,2083,11,06,0.0,18.023811,4.75932,2083
25147,r3i1p1f1,2083,11,07,0.0,18.38978,5.7612786,2083
25148,r3i1p1f1,2083,11,08,0.0,17.583141,5.306504,2083
25149,r3i1p1f1,2083,11,09,0.11127061988879701,17.95814,5.94661,2083
25150,r3i1p1f1,2083,11,10,0.01685534864946297,17.897274,7.9075723,2083
25151,r3i1p1f1,2083,11,11,0.04035336734831975,19.304224,5.8940845,2083
25152,r3i1p1f1,2083,11,12,0.011071275362293378,18.383776,6.0657997,2083
25153,r3i1p1f1,2083,11,13,0.11175064330349084,17.795048,6.9589553,2083
25154,r3i1p1f1,2083,11,14,0.022028874425979502,14.213765,3.7207606,2083
25155,r3i1p1f1,2083,11,15,0.0,17.712717,4.134547,2083
25156,r3i1p1f1,2083,11,16,0.0,18.706512,5.226913,2083
25157,r3i1p1f1,2083,11,17,0.0,18.14875,5.6415,2083
25158,r3i1p1f1,2083,11,18,0.002199913600854801,16.556376,5.068986,2083
25159,r3i1p1f1,2083,11,19,0.0,15.695561,3.33355,2083
25160,r3i1p1f1,2083,11,20,0.0,18.14667,3.578927,2083
25161,r3i1p1f1,2083,11,21,0.0,18.021461,4.8284388,2083
25162,r3i1p1f1,2083,11,22,0.0,18.084776,5.0730453,2083
25163,r3i1p1f1,2083,11,23,0.0,17.531073,4.224031,2083
25164,r3i1p1f1,2083,11,24,0.0,17.145622,2.1934743,2083
25165,r3i1p1f1,2083,11,25,0.0,16.762205,1.2822219,2083
25166,r3i1p1f1,2083,11,26,0.0,16.262455,2.2080703,2083
25167,r3i1p1f1,2083,11,27,0.0,18.00833,1.4600922,2083
25168,r3i1p1f1,2083,11,28,0.0,17.438725,2.0561404,2083
25169,r3i1p1f1,2083,11,29,1.1131958176190093,16.29516,5.952335,2083
25170,r3i1p1f1,2083,11,30,0.0,14.406359,0.92394245,2083
25171,r3i1p1f1,2083,12,01,0.0,16.904259,3.5221436,2083
25172,r3i1p1f1,2083,12,02,0.0,20.328897,7.1498384,2083
25173,r3i1p1f1,2083,12,03,0.0,18.45449,5.7200446,2083
25174,r3i1p1f1,2083,12,04,0.0,16.722876,2.9656215,2083
25175,r3i1p1f1,2083,12,05,0.0,17.455845,3.3958483,2083
25176,r3i1p1f1,2083,12,06,0.0,18.829945,2.7474895,2083
25177,r3i1p1f1,2083,12,07,0.0,21.192923,5.4518566,2083
25178,r3i1p1f1,2083,12,08,0.0,20.673967,6.703666,2083
25179,r3i1p1f1,2083,12,09,0.0,22.919844,7.7615275,2083
25180,r3i1p1f1,2083,12,10,0.009965516133392653,19.334421,4.861738,2083
25181,r3i1p1f1,2083,12,11,5.495301085793471,17.885427,7.171026,2083
25182,r3i1p1f1,2083,12,12,0.3131894127799376,12.926048,3.533201,2083
25183,r3i1p1f1,2083,12,13,0.0,13.300732,0.429401,2083
25184,r3i1p1f1,2083,12,14,0.01301717755709295,13.207109,0.9693471,2083
25185,r3i1p1f1,2083,12,15,0.0,14.323601,0.53271925,2083
25186,r3i1p1f1,2083,12,16,0.0,15.534394,2.0680761,2083
25187,r3i1p1f1,2083,12,17,0.0,17.02384,3.082872,2083
25188,r3i1p1f1,2083,12,18,0.0,16.750723,2.4421933,2083
25189,r3i1p1f1,2083,12,19,0.0,17.453339,3.322583,2083
25190,r3i1p1f1,2083,12,20,0.005246893181747785,15.194566,1.9832213,2083
25191,r3i1p1f1,2083,12,21,0.0,10.6821375,-2.0555017,2083
25192,r3i1p1f1,2083,12,22,0.0,12.600586,-2.0579367,2083
25193,r3i1p1f1,2083,12,23,0.0,12.408932,-1.8602705,2083
25194,r3i1p1f1,2083,12,24,0.0,14.148525,-0.9817918,2083
25195,r3i1p1f1,2083,12,25,0.0,15.052841,0.080735825,2083
25196,r3i1p1f1,2083,12,26,0.0,14.27196,-1.1255723,2083
25197,r3i1p1f1,2083,12,27,0.0,12.29357,-3.2606664,2083
25198,r3i1p1f1,2083,12,28,0.03973503420804098,10.496589,-3.293078,2083
25199,r3i1p1f1,2083,12,29,0.0034214214500741837,9.688126,-2.1842706,2083
25200,r3i1p1f1,2083,12,30,5.602896067829341,9.422356,-0.07604205,2083
25201,r3i1p1f1,2083,12,31,1.620934058799831,8.334366,-2.617519,2083
25202,r3i1p1f1,2084,01,01,0.0,10.970218,-1.0178359,2084
25203,r3i1p1f1,2084,01,02,0.0,13.399265,-0.7523004,2084
25204,r3i1p1f1,2084,01,03,0.0,13.884352,0.21181487,2084
25205,r3i1p1f1,2084,01,04,0.0,15.0973625,1.327556,2084
25206,r3i1p1f1,2084,01,05,0.0,16.6902,1.7773641,2084
25207,r3i1p1f1,2084,01,06,0.0,17.180277,2.3242908,2084
25208,r3i1p1f1,2084,01,07,0.0,17.596891,2.682639,2084
25209,r3i1p1f1,2084,01,08,0.0,17.628286,2.71191,2084
25210,r3i1p1f1,2084,01,09,0.0,18.366161,3.3916514,2084
25211,r3i1p1f1,2084,01,10,0.0,18.059427,2.925568,2084
25212,r3i1p1f1,2084,01,11,0.0,20.348726,6.572986,2084
25213,r3i1p1f1,2084,01,12,0.0,19.617563,5.526478,2084
25214,r3i1p1f1,2084,01,13,7.449548073691955,18.598305,7.2954984,2084
25215,r3i1p1f1,2084,01,14,2.8576316108713704,14.498971,2.9126492,2084
25216,r3i1p1f1,2084,01,15,0.0,16.11523,2.6009855,2084
25217,r3i1p1f1,2084,01,16,0.0,17.107557,5.2317405,2084
25218,r3i1p1f1,2084,01,17,2.0465070232923166,16.470552,4.7677875,2084
25219,r3i1p1f1,2084,01,18,3.506756509978228,16.835402,5.4656954,2084
25220,r3i1p1f1,2084,01,19,0.09766433116138531,12.2808275,3.6428573,2084
25221,r3i1p1f1,2084,01,20,0.0,13.22577,-0.75339705,2084
25222,r3i1p1f1,2084,01,21,0.0,15.802522,0.9026707,2084
25223,r3i1p1f1,2084,01,22,0.0,16.730703,2.5869617,2084
25224,r3i1p1f1,2084,01,23,0.0,16.052929,2.2884233,2084
25225,r3i1p1f1,2084,01,24,1.098069939724045,11.254891,3.768834,2084
25226,r3i1p1f1,2084,01,25,3.3134978343459256,10.837583,3.688239,2084
25227,r3i1p1f1,2084,01,26,0.2184520025250756,12.725168,2.4158666,2084
25228,r3i1p1f1,2084,01,27,0.0,14.450515,2.2402537,2084
25229,r3i1p1f1,2084,01,28,0.0,14.526676,0.45506164,2084
25230,r3i1p1f1,2084,01,29,0.0,13.776228,1.2579982,2084
25231,r3i1p1f1,2084,01,30,0.0,12.806809,-0.6290296,2084
25232,r3i1p1f1,2084,01,31,0.0,12.226466,-1.5281044,2084
25233,r3i1p1f1,2084,02,01,0.0,12.480869,-1.4774069,2084
25234,r3i1p1f1,2084,02,02,0.0,13.947687,-1.0816218,2084
25235,r3i1p1f1,2084,02,03,0.0,15.632614,0.48974067,2084
25236,r3i1p1f1,2084,02,04,6.4949356410017405,15.664038,5.5847726,2084
25237,r3i1p1f1,2084,02,05,5.62098852570781,16.70739,7.5169754,2084
25238,r3i1p1f1,2084,02,06,13.366142144152422,16.331434,9.09482,2084
25239,r3i1p1f1,2084,02,07,0.36663599564318167,14.219203,1.075644,2084
25240,r3i1p1f1,2084,02,08,0.0,11.795111,-2.6568959,2084
25241,r3i1p1f1,2084,02,09,0.29183287599566526,11.045368,1.1064785,2084
25242,r3i1p1f1,2084,02,10,0.0,10.799872,1.7604555,2084
25243,r3i1p1f1,2084,02,11,0.0,13.301401,-0.88471335,2084
25244,r3i1p1f1,2084,02,12,0.02152241188896093,13.824801,0.71748286,2084
25245,r3i1p1f1,2084,02,13,0.002619967810019399,15.809905,3.6545653,2084
25246,r3i1p1f1,2084,02,14,0.0,18.39622,3.5797708,2084
25247,r3i1p1f1,2084,02,15,0.0,19.61678,4.8809524,2084
25248,r3i1p1f1,2084,02,16,0.0,20.458338,5.437934,2084
25249,r3i1p1f1,2084,02,17,0.004534084748063999,20.912807,8.07794,2084
25250,r3i1p1f1,2084,02,18,0.0,22.660114,7.332529,2084
25251,r3i1p1f1,2084,02,19,1.759258752413602e-05,23.392395,9.331676,2084
25252,r3i1p1f1,2084,02,20,0.0032707674174823546,22.178644,9.45427,2084
25253,r3i1p1f1,2084,02,21,0.3886096140117119,21.429937,8.024169,2084
25254,r3i1p1f1,2084,02,22,6.025843232872086,18.708715,8.725143,2084
25255,r3i1p1f1,2084,02,23,0.2721065817460537,16.530933,4.564202,2084
25256,r3i1p1f1,2084,02,24,9.719462710709195,15.512964,5.900437,2084
25257,r3i1p1f1,2084,02,25,4.6195378075384665,19.347242,7.084903,2084
25258,r3i1p1f1,2084,02,26,30.342584196337018,17.963837,8.003432,2084
25259,r3i1p1f1,2084,02,27,1.5035495275895465,15.711237,3.4853773,2084
25260,r3i1p1f1,2084,02,28,0.13184218970502226,15.065269,4.6105623,2084
25261,r3i1p1f1,2084,02,29,0.06354076280276234,15.020237,3.841825,2084
25262,r3i1p1f1,2084,03,01,0.03037740305775184,14.844481,0.69510114,2084
25263,r3i1p1f1,2084,03,02,0.0,18.09411,1.1637111,2084
25264,r3i1p1f1,2084,03,03,0.0,21.057667,5.737521,2084
25265,r3i1p1f1,2084,03,04,0.0,25.663233,7.6353254,2084
25266,r3i1p1f1,2084,03,05,0.0,25.982233,8.620305,2084
25267,r3i1p1f1,2084,03,06,0.23936512980898525,26.003555,8.378811,2084
25268,r3i1p1f1,2084,03,07,2.180535416404327,16.401852,5.6186366,2084
25269,r3i1p1f1,2084,03,08,0.6136207739765461,12.479616,3.6770322,2084
25270,r3i1p1f1,2084,03,09,0.038641835933297196,14.104937,0.73027825,2084
25271,r3i1p1f1,2084,03,10,0.0,19.070265,0.18384342,2084
25272,r3i1p1f1,2084,03,11,0.0,18.51264,2.9047153,2084
25273,r3i1p1f1,2084,03,12,0.0,19.89247,5.3446755,2084
25274,r3i1p1f1,2084,03,13,0.17126713491134896,19.21119,5.136243,2084
25275,r3i1p1f1,2084,03,14,1.5044126247120762,16.617378,3.6120377,2084
25276,r3i1p1f1,2084,03,15,13.83272968079175,14.603877,6.0607767,2084
25277,r3i1p1f1,2084,03,16,0.6858872663691397,16.98777,4.0279727,2084
25278,r3i1p1f1,2084,03,17,0.05514469445739506,19.049345,4.065257,2084
25279,r3i1p1f1,2084,03,18,0.04281924729653066,18.68562,3.2614915,2084
25280,r3i1p1f1,2084,03,19,27.545795025853845,17.879185,7.5945463,2084
25281,r3i1p1f1,2084,03,20,20.826321733519293,13.524246,5.2816687,2084
25282,r3i1p1f1,2084,03,21,4.264582680728684,11.958571,4.401507,2084
25283,r3i1p1f1,2084,03,22,1.1283028515616464,13.640282,2.3794863,2084
25284,r3i1p1f1,2084,03,23,2.331166755871946,12.191121,3.3728034,2084
25285,r3i1p1f1,2084,03,24,0.150800306856223,13.172881,-0.27991152,2084
25286,r3i1p1f1,2084,03,25,0.0,15.938353,-0.37780666,2084
25287,r3i1p1f1,2084,03,26,0.8051255807279658,15.687176,1.2994653,2084
25288,r3i1p1f1,2084,03,27,0.01977304527827073,14.141279,2.0422418,2084
25289,r3i1p1f1,2084,03,28,2.6868438663344327,12.179356,3.1974576,2084
25290,r3i1p1f1,2084,03,29,0.2097280408523864,16.809132,1.6099266,2084
25291,r3i1p1f1,2084,03,30,0.0015183157908419769,19.877544,4.991064,2084
25292,r3i1p1f1,2084,03,31,0.0,21.716722,6.1021886,2084
25293,r3i1p1f1,2084,04,01,0.0,22.806923,7.6926594,2084
25294,r3i1p1f1,2084,04,02,0.005696873707331013,22.890913,7.6549296,2084
25295,r3i1p1f1,2084,04,03,0.7351988715405847,19.356089,6.6655774,2084
25296,r3i1p1f1,2084,04,04,0.005518783743327455,20.873207,4.359534,2084
25297,r3i1p1f1,2084,04,05,0.16261102315183962,20.64871,6.943683,2084
25298,r3i1p1f1,2084,04,06,0.00048255625491340953,19.939463,2.3579237,2084
25299,r3i1p1f1,2084,04,07,0.0,22.159224,3.8811677,2084
25300,r3i1p1f1,2084,04,08,0.0,26.262506,8.420489,2084
25301,r3i1p1f1,2084,04,09,0.0,26.93757,8.772426,2084
25302,r3i1p1f1,2084,04,10,1.5729362117538888,23.081173,4.627601,2084
25303,r3i1p1f1,2084,04,11,1.6174387659132414,14.603363,3.599453,2084
25304,r3i1p1f1,2084,04,12,0.9917491377696437,14.297239,3.2764952,2084
25305,r3i1p1f1,2084,04,13,0.0,22.721384,2.897854,2084
25306,r3i1p1f1,2084,04,14,0.0,26.004934,6.017402,2084
25307,r3i1p1f1,2084,04,15,0.13941502877666304,23.39939,7.4546666,2084
25308,r3i1p1f1,2084,04,16,8.70216650153235,13.576143,1.870834,2084
25309,r3i1p1f1,2084,04,17,0.3712787142230258,12.533836,1.2962338,2084
25310,r3i1p1f1,2084,04,18,0.04200657498035015,19.777662,5.614594,2084
25311,r3i1p1f1,2084,04,19,0.0,25.602242,7.3999543,2084
25312,r3i1p1f1,2084,04,20,0.0,27.939402,9.691458,2084
25313,r3i1p1f1,2084,04,21,0.02183454982900223,26.321419,8.734443,2084
25314,r3i1p1f1,2084,04,22,0.05004374648596047,21.10434,5.518768,2084
25315,r3i1p1f1,2084,04,23,0.0,23.466476,4.560472,2084
25316,r3i1p1f1,2084,04,24,0.0,24.65293,7.0369024,2084
25317,r3i1p1f1,2084,04,25,0.0,23.856306,6.0129704,2084
25318,r3i1p1f1,2084,04,26,0.0,23.038437,5.5324225,2084
25319,r3i1p1f1,2084,04,27,0.0,25.39009,6.875246,2084
25320,r3i1p1f1,2084,04,28,0.0,24.91049,8.116402,2084
25321,r3i1p1f1,2084,04,29,0.0,25.018726,7.061396,2084
25322,r3i1p1f1,2084,04,30,0.0,28.525629,9.986257,2084
25323,r3i1p1f1,2084,05,01,0.0,32.020157,12.906466,2084
25324,r3i1p1f1,2084,05,02,0.0,34.85198,15.797473,2084
25325,r3i1p1f1,2084,05,03,0.0,35.871628,16.764847,2084
25326,r3i1p1f1,2084,05,04,0.0,35.14742,15.504072,2084
25327,r3i1p1f1,2084,05,05,0.0,33.446495,13.920379,2084
25328,r3i1p1f1,2084,05,06,0.5407036992343792,25.266354,9.513097,2084
25329,r3i1p1f1,2084,05,07,0.3770326070584953,20.958067,7.457441,2084
25330,r3i1p1f1,2084,05,08,0.0690093154888459,23.596394,6.206975,2084
25331,r3i1p1f1,2084,05,09,0.9198956858866344,21.732838,6.866403,2084
25332,r3i1p1f1,2084,05,10,1.0477676663757656,20.786194,7.504523,2084
25333,r3i1p1f1,2084,05,11,0.0007898544374091381,25.368256,7.343998,2084
25334,r3i1p1f1,2084,05,12,0.0,28.207075,10.092947,2084
25335,r3i1p1f1,2084,05,13,0.0,31.062622,11.72319,2084
25336,r3i1p1f1,2084,05,14,0.0,34.00195,14.369629,2084
25337,r3i1p1f1,2084,05,15,0.0,35.673344,17.054504,2084
25338,r3i1p1f1,2084,05,16,0.0,36.30832,16.631844,2084
25339,r3i1p1f1,2084,05,17,0.0,35.649876,16.605562,2084
25340,r3i1p1f1,2084,05,18,0.0,34.082077,17.071215,2084
25341,r3i1p1f1,2084,05,19,0.0,35.034622,16.497261,2084
25342,r3i1p1f1,2084,05,20,0.0003993201111866669,35.984756,18.035204,2084
25343,r3i1p1f1,2084,05,21,0.0,37.28921,17.121346,2084
25344,r3i1p1f1,2084,05,22,0.0,36.257202,16.220304,2084
25345,r3i1p1f1,2084,05,23,0.0,32.853188,14.047108,2084
25346,r3i1p1f1,2084,05,24,0.0,31.566406,12.4606495,2084
25347,r3i1p1f1,2084,05,25,0.0,31.441881,11.223928,2084
25348,r3i1p1f1,2084,05,26,0.0,31.78712,11.75861,2084
25349,r3i1p1f1,2084,05,27,1.5675771429100265,30.248487,13.86206,2084
25350,r3i1p1f1,2084,05,28,4.6844751163423615,19.846626,9.187144,2084
25351,r3i1p1f1,2084,05,29,16.482079189137316,16.656752,5.5946107,2084
25352,r3i1p1f1,2084,05,30,8.70785968704502,16.821625,5.2608805,2084
25353,r3i1p1f1,2084,05,31,0.010707668861317816,20.181555,5.9371967,2084
25354,r3i1p1f1,2084,06,01,0.13417969724149303,20.760115,6.2811117,2084
25355,r3i1p1f1,2084,06,02,0.0,22.638807,6.172993,2084
25356,r3i1p1f1,2084,06,03,0.0,22.98446,7.5448084,2084
25357,r3i1p1f1,2084,06,04,0.0025883793590985465,22.59301,7.3854423,2084
25358,r3i1p1f1,2084,06,05,0.0,24.282896,7.995551,2084
25359,r3i1p1f1,2084,06,06,0.0,30.766607,12.740152,2084
25360,r3i1p1f1,2084,06,07,0.0,35.499153,16.067497,2084
25361,r3i1p1f1,2084,06,08,0.0,35.421207,16.563671,2084
25362,r3i1p1f1,2084,06,09,0.0,34.115665,14.424457,2084
25363,r3i1p1f1,2084,06,10,0.0,34.832497,15.279617,2084
25364,r3i1p1f1,2084,06,11,0.0,36.811546,16.47539,2084
25365,r3i1p1f1,2084,06,12,0.0,38.872505,19.002522,2084
25366,r3i1p1f1,2084,06,13,0.0,39.724518,19.461954,2084
25367,r3i1p1f1,2084,06,14,0.0,38.81926,19.435139,2084
25368,r3i1p1f1,2084,06,15,0.0,37.19314,20.100151,2084
25369,r3i1p1f1,2084,06,16,0.0,36.40583,18.666214,2084
25370,r3i1p1f1,2084,06,17,0.0,35.684296,16.595007,2084
25371,r3i1p1f1,2084,06,18,0.0,30.85477,12.556748,2084
25372,r3i1p1f1,2084,06,19,0.0,30.546625,12.710973,2084
25373,r3i1p1f1,2084,06,20,0.0,31.29281,13.454237,2084
25374,r3i1p1f1,2084,06,21,0.0,33.451584,14.751326,2084
25375,r3i1p1f1,2084,06,22,0.0,35.532845,16.771597,2084
25376,r3i1p1f1,2084,06,23,0.0,37.072556,17.48627,2084
25377,r3i1p1f1,2084,06,24,0.0,38.66631,18.5602,2084
25378,r3i1p1f1,2084,06,25,0.0,40.338547,20.153715,2084
25379,r3i1p1f1,2084,06,26,0.0,40.013885,20.294666,2084
25380,r3i1p1f1,2084,06,27,0.0,38.959328,19.160908,2084
25381,r3i1p1f1,2084,06,28,0.0,36.819965,17.972633,2084
25382,r3i1p1f1,2084,06,29,0.0,36.349926,17.541403,2084
25383,r3i1p1f1,2084,06,30,0.0,35.713314,16.734331,2084
25384,r3i1p1f1,2084,07,01,0.0,34.485542,16.981712,2084
25385,r3i1p1f1,2084,07,02,0.0011345890181308443,33.50127,17.566175,2084
25386,r3i1p1f1,2084,07,03,0.0,34.445568,16.16115,2084
25387,r3i1p1f1,2084,07,04,0.0,33.97997,15.613165,2084
25388,r3i1p1f1,2084,07,05,0.0,33.019913,15.10621,2084
25389,r3i1p1f1,2084,07,06,0.0,31.874838,15.474516,2084
25390,r3i1p1f1,2084,07,07,0.0,34.680622,17.210762,2084
25391,r3i1p1f1,2084,07,08,0.0,36.57409,18.287622,2084
25392,r3i1p1f1,2084,07,09,0.0,38.08297,19.28718,2084
25393,r3i1p1f1,2084,07,10,0.021567862678432102,39.26005,19.81059,2084
25394,r3i1p1f1,2084,07,11,0.46183331447978027,37.73936,21.877998,2084
25395,r3i1p1f1,2084,07,12,0.004308010826331487,36.590675,19.100193,2084
25396,r3i1p1f1,2084,07,13,0.0,35.92218,19.031307,2084
25397,r3i1p1f1,2084,07,14,0.0,37.896564,20.972221,2084
25398,r3i1p1f1,2084,07,15,0.0,38.69627,20.697622,2084
25399,r3i1p1f1,2084,07,16,0.34819375931736873,38.795666,20.392761,2084
25400,r3i1p1f1,2084,07,17,1.0214554051918006,38.63233,21.45281,2084
25401,r3i1p1f1,2084,07,18,5.431416816200826,37.057457,21.156347,2084
25402,r3i1p1f1,2084,07,19,0.36176393654331507,39.039932,22.02421,2084
25403,r3i1p1f1,2084,07,20,0.03535642032864306,39.498875,23.113129,2084
25404,r3i1p1f1,2084,07,21,0.0,37.956795,21.59725,2084
25405,r3i1p1f1,2084,07,22,0.0,36.859932,21.027567,2084
25406,r3i1p1f1,2084,07,23,0.1425673590821327,41.546703,23.025385,2084
25407,r3i1p1f1,2084,07,24,2.0662404796629827,41.77347,24.815392,2084
25408,r3i1p1f1,2084,07,25,0.7924817196820213,43.216434,24.49648,2084
25409,r3i1p1f1,2084,07,26,0.539973251747087,42.509415,23.831285,2084
25410,r3i1p1f1,2084,07,27,1.2548128132898868,41.16151,23.590158,2084
25411,r3i1p1f1,2084,07,28,0.1008937762482233,41.01734,23.062717,2084
25412,r3i1p1f1,2084,07,29,0.34535095806693955,43.03013,25.774723,2084
25413,r3i1p1f1,2084,07,30,0.06596492848598934,42.628193,25.61361,2084
25414,r3i1p1f1,2084,07,31,0.0,37.933445,21.920734,2084
25415,r3i1p1f1,2084,08,01,0.0002448638781171405,38.3128,19.952831,2084
25416,r3i1p1f1,2084,08,02,0.5990407770944082,39.821117,22.52031,2084
25417,r3i1p1f1,2084,08,03,0.05294289244127206,39.50365,23.329948,2084
25418,r3i1p1f1,2084,08,04,0.0,37.930298,20.430992,2084
25419,r3i1p1f1,2084,08,05,0.0,37.063988,20.524288,2084
25420,r3i1p1f1,2084,08,06,0.0,35.57951,19.779531,2084
25421,r3i1p1f1,2084,08,07,0.043665514694470345,38.216896,21.238619,2084
25422,r3i1p1f1,2084,08,08,0.9398715145785403,39.05524,22.24313,2084
25423,r3i1p1f1,2084,08,09,1.7621974487944196,38.505093,22.28578,2084
25424,r3i1p1f1,2084,08,10,0.004327165061664401,37.555454,21.860023,2084
25425,r3i1p1f1,2084,08,11,0.0,35.368202,19.925863,2084
25426,r3i1p1f1,2084,08,12,0.11798919888061585,33.023865,18.095928,2084
25427,r3i1p1f1,2084,08,13,0.005200543779541145,30.378233,16.998568,2084
25428,r3i1p1f1,2084,08,14,0.0,35.41429,18.258823,2084
25429,r3i1p1f1,2084,08,15,0.0,35.39419,18.489773,2084
25430,r3i1p1f1,2084,08,16,0.012989652724089947,34.592655,18.63532,2084
25431,r3i1p1f1,2084,08,17,0.04438730722265036,35.87368,19.948029,2084
25432,r3i1p1f1,2084,08,18,2.120300027086297,33.065323,18.143772,2084
25433,r3i1p1f1,2084,08,19,1.407514781004107,29.5144,15.907728,2084
25434,r3i1p1f1,2084,08,20,0.0,31.093174,15.010616,2084
25435,r3i1p1f1,2084,08,21,0.0,31.736189,16.514158,2084
25436,r3i1p1f1,2084,08,22,0.0,30.89356,16.1665,2084
25437,r3i1p1f1,2084,08,23,0.0002063402225206973,30.727287,15.170006,2084
25438,r3i1p1f1,2084,08,24,0.0,30.161982,15.126877,2084
25439,r3i1p1f1,2084,08,25,3.3666938319947803,31.96349,18.112272,2084
25440,r3i1p1f1,2084,08,26,2.9660055044675544,28.929676,15.975661,2084
25441,r3i1p1f1,2084,08,27,2.9401945549483517,25.74092,13.149174,2084
25442,r3i1p1f1,2084,08,28,1.3960884790911663,25.547857,15.767687,2084
25443,r3i1p1f1,2084,08,29,0.17235229642417174,29.088581,14.516116,2084
25444,r3i1p1f1,2084,08,30,0.3574274694564696,30.921991,14.872566,2084
25445,r3i1p1f1,2084,08,31,1.6412075135546427,32.846943,18.094515,2084
25446,r3i1p1f1,2084,09,01,1.866522326748633,31.434841,18.08658,2084
25447,r3i1p1f1,2084,09,02,0.3267683011433815,31.616709,17.356316,2084
25448,r3i1p1f1,2084,09,03,0.2497403223925644,31.245794,17.24974,2084
25449,r3i1p1f1,2084,09,04,0.06049711251045775,28.18728,14.598914,2084
25450,r3i1p1f1,2084,09,05,0.007658758761615239,28.037556,13.575832,2084
25451,r3i1p1f1,2084,09,06,0.0,28.58688,14.037632,2084
25452,r3i1p1f1,2084,09,07,0.0,30.170578,16.618866,2084
25453,r3i1p1f1,2084,09,08,0.0,32.840263,18.74169,2084
25454,r3i1p1f1,2084,09,09,0.25282384280713316,31.671257,18.457762,2084
25455,r3i1p1f1,2084,09,10,0.0,30.42843,15.955608,2084
25456,r3i1p1f1,2084,09,11,2.3972187447990025,32.661015,18.824997,2084
25457,r3i1p1f1,2084,09,12,0.0021348025819117374,33.396793,17.794691,2084
25458,r3i1p1f1,2084,09,13,2.1907507983710137,37.209217,20.179817,2084
25459,r3i1p1f1,2084,09,14,0.37394811543918244,37.90376,21.47888,2084
25460,r3i1p1f1,2084,09,15,0.3615907470879337,35.430534,21.13851,2084
25461,r3i1p1f1,2084,09,16,38.8645548358512,29.878185,16.607706,2084
25462,r3i1p1f1,2084,09,17,39.222958972307175,22.354603,13.473756,2084
25463,r3i1p1f1,2084,09,18,7.658040607963233,22.649744,11.831401,2084
25464,r3i1p1f1,2084,09,19,0.0,20.531483,7.045373,2084
25465,r3i1p1f1,2084,09,20,0.0,22.752615,8.965453,2084
25466,r3i1p1f1,2084,09,21,0.0,24.176193,11.337714,2084
25467,r3i1p1f1,2084,09,22,0.0,26.026192,12.801827,2084
25468,r3i1p1f1,2084,09,23,0.0,27.821716,14.609464,2084
25469,r3i1p1f1,2084,09,24,0.0,28.38241,15.511851,2084
25470,r3i1p1f1,2084,09,25,0.0,30.076473,16.160042,2084
25471,r3i1p1f1,2084,09,26,0.0,30.28313,15.971209,2084
25472,r3i1p1f1,2084,09,27,0.0,31.032513,16.57629,2084
25473,r3i1p1f1,2084,09,28,0.14396408495623758,30.537157,16.258886,2084
25474,r3i1p1f1,2084,09,29,0.0,26.67298,13.130636,2084
25475,r3i1p1f1,2084,09,30,0.0,24.828583,10.991935,2084
25476,r3i1p1f1,2084,10,01,0.0,25.224476,10.925945,2084
25477,r3i1p1f1,2084,10,02,0.0,26.964432,11.895159,2084
25478,r3i1p1f1,2084,10,03,0.0,28.542898,12.95194,2084
25479,r3i1p1f1,2084,10,04,0.0,30.640316,13.843769,2084
25480,r3i1p1f1,2084,10,05,0.0,31.55566,14.96599,2084
25481,r3i1p1f1,2084,10,06,0.0,29.896746,15.097005,2084
25482,r3i1p1f1,2084,10,07,0.0,24.840916,13.005896,2084
25483,r3i1p1f1,2084,10,08,0.0,24.465885,9.375865,2084
25484,r3i1p1f1,2084,10,09,0.0,26.942368,10.349033,2084
25485,r3i1p1f1,2084,10,10,0.0009676657271373904,25.855549,10.184605,2084
25486,r3i1p1f1,2084,10,11,0.004693836550965595,21.347197,7.8117003,2084
25487,r3i1p1f1,2084,10,12,0.0,23.225885,7.011259,2084
25488,r3i1p1f1,2084,10,13,0.0,24.980164,8.732483,2084
25489,r3i1p1f1,2084,10,14,0.0,23.354694,8.244377,2084
25490,r3i1p1f1,2084,10,15,0.5111352938459304,22.848951,10.812592,2084
25491,r3i1p1f1,2084,10,16,0.11085980261365573,22.25295,8.741408,2084
25492,r3i1p1f1,2084,10,17,0.0,24.993343,10.24443,2084
25493,r3i1p1f1,2084,10,18,0.7929863742835799,26.872805,12.879945,2084
25494,r3i1p1f1,2084,10,19,2.3117285570468527,25.282284,13.442346,2084
25495,r3i1p1f1,2084,10,20,0.05520462452709167,21.72572,8.79496,2084
25496,r3i1p1f1,2084,10,21,0.0,21.678164,7.6009874,2084
25497,r3i1p1f1,2084,10,22,0.0,21.335241,8.15339,2084
25498,r3i1p1f1,2084,10,23,0.0,22.92731,8.867831,2084
25499,r3i1p1f1,2084,10,24,0.0,25.153809,9.944066,2084
25500,r3i1p1f1,2084,10,25,0.0,24.471216,10.276596,2084
25501,r3i1p1f1,2084,10,26,0.0,23.487478,8.8605,2084
25502,r3i1p1f1,2084,10,27,0.0,22.202114,6.9873304,2084
25503,r3i1p1f1,2084,10,28,0.0,20.098465,5.375498,2084
25504,r3i1p1f1,2084,10,29,0.0,18.931698,5.4856734,2084
25505,r3i1p1f1,2084,10,30,0.14005076909652966,19.610353,5.1048164,2084
25506,r3i1p1f1,2084,10,31,0.15539037832984998,19.659063,4.6906385,2084
25507,r3i1p1f1,2084,11,01,21.514184389944244,20.466536,10.404431,2084
25508,r3i1p1f1,2084,11,02,0.019188855808214143,18.093185,5.625758,2084
25509,r3i1p1f1,2084,11,03,0.0,18.538551,5.566136,2084
25510,r3i1p1f1,2084,11,04,0.0,19.749228,5.968871,2084
25511,r3i1p1f1,2084,11,05,0.0,20.81298,7.55919,2084
25512,r3i1p1f1,2084,11,06,9.461263597089177,23.210922,10.380235,2084
25513,r3i1p1f1,2084,11,07,0.778364867759537,13.586322,2.7521727,2084
25514,r3i1p1f1,2084,11,08,0.0,13.486186,2.1589377,2084
25515,r3i1p1f1,2084,11,09,0.0,17.271082,4.9625697,2084
25516,r3i1p1f1,2084,11,10,0.0,19.927763,6.665163,2084
25517,r3i1p1f1,2084,11,11,0.0,21.193558,7.5761557,2084
25518,r3i1p1f1,2084,11,12,0.0,19.793005,7.6369863,2084
25519,r3i1p1f1,2084,11,13,0.28201426068390545,19.933208,7.878922,2084
25520,r3i1p1f1,2084,11,14,0.0,20.8786,7.128163,2084
25521,r3i1p1f1,2084,11,15,0.0,22.557404,8.682435,2084
25522,r3i1p1f1,2084,11,16,0.0,25.037645,10.24473,2084
25523,r3i1p1f1,2084,11,17,0.0,25.172752,10.72985,2084
25524,r3i1p1f1,2084,11,18,0.0,22.553827,9.402341,2084
25525,r3i1p1f1,2084,11,19,0.006536804898077566,18.21342,6.32492,2084
25526,r3i1p1f1,2084,11,20,0.0,18.879665,4.1140943,2084
25527,r3i1p1f1,2084,11,21,0.0,18.715647,5.6966476,2084
25528,r3i1p1f1,2084,11,22,0.0,18.03176,3.7151525,2084
25529,r3i1p1f1,2084,11,23,0.0,18.394308,4.008862,2084
25530,r3i1p1f1,2084,11,24,0.0,18.411612,3.4752436,2084
25531,r3i1p1f1,2084,11,25,0.0,18.720612,1.4647954,2084
25532,r3i1p1f1,2084,11,26,0.0,18.561794,2.7401032,2084
25533,r3i1p1f1,2084,11,27,0.0,19.48636,5.0606203,2084
25534,r3i1p1f1,2084,11,28,0.0,19.686502,3.2240899,2084
25535,r3i1p1f1,2084,11,29,0.0,17.8646,2.6578672,2084
25536,r3i1p1f1,2084,11,30,0.019638632568812958,17.880682,1.9707301,2084
25537,r3i1p1f1,2084,12,01,0.0,17.211689,3.764862,2084
25538,r3i1p1f1,2084,12,02,0.0,17.141693,3.3777235,2084
25539,r3i1p1f1,2084,12,03,0.0,19.269852,4.538001,2084
25540,r3i1p1f1,2084,12,04,0.0,20.445097,5.1876884,2084
25541,r3i1p1f1,2084,12,05,0.0,22.66386,7.450331,2084
25542,r3i1p1f1,2084,12,06,0.0,23.432856,8.284284,2084
25543,r3i1p1f1,2084,12,07,0.0,24.166271,7.811436,2084
25544,r3i1p1f1,2084,12,08,0.02438820103248652,19.950583,5.0521216,2084
25545,r3i1p1f1,2084,12,09,0.51563170379571,15.992894,4.214243,2084
25546,r3i1p1f1,2084,12,10,0.0,14.241933,0.015599407,2084
25547,r3i1p1f1,2084,12,11,0.0,14.54281,-0.11246071,2084
25548,r3i1p1f1,2084,12,12,0.0,15.285278,0.19856907,2084
25549,r3i1p1f1,2084,12,13,0.0,16.957212,1.429851,2084
25550,r3i1p1f1,2084,12,14,0.0,18.64235,3.277555,2084
25551,r3i1p1f1,2084,12,15,0.0,19.41313,4.797359,2084
25552,r3i1p1f1,2084,12,16,0.0,16.539139,2.2827387,2084
25553,r3i1p1f1,2084,12,17,0.0,13.583828,-1.177016,2084
25554,r3i1p1f1,2084,12,18,0.0,16.958284,0.017106647,2084
25555,r3i1p1f1,2084,12,19,0.0,18.701918,2.0452507,2084
25556,r3i1p1f1,2084,12,20,0.0,19.324995,2.409064,2084
25557,r3i1p1f1,2084,12,21,0.0,19.553661,2.3263037,2084
25558,r3i1p1f1,2084,12,22,0.0,19.391665,3.675607,2084
25559,r3i1p1f1,2084,12,23,0.0,21.402466,4.367827,2084
25560,r3i1p1f1,2084,12,24,0.0021583582345170507,18.984232,3.8926733,2084
25561,r3i1p1f1,2084,12,25,0.015101416925476356,17.0445,2.6127288,2084
25562,r3i1p1f1,2084,12,26,0.003171733588908065,17.544706,1.5193255,2084
25563,r3i1p1f1,2084,12,27,4.219019466158149,16.666862,6.684588,2084
25564,r3i1p1f1,2084,12,28,16.864161805210504,15.587194,8.417617,2084
25565,r3i1p1f1,2084,12,29,0.22541872092860463,14.964997,4.8916373,2084
25566,r3i1p1f1,2084,12,30,0.0,16.537525,1.9802722,2084
25567,r3i1p1f1,2084,12,31,0.0,17.172636,2.4073274,2084
25568,r3i1p1f1,2085,01,01,0.0,16.967289,3.5851974,2085
25569,r3i1p1f1,2085,01,02,4.096207967776343,16.039892,3.6774366,2085
25570,r3i1p1f1,2085,01,03,12.378612622986001,12.747949,4.660676,2085
25571,r3i1p1f1,2085,01,04,0.0,13.257856,-0.37585363,2085
25572,r3i1p1f1,2085,01,05,0.03168308881206692,13.368781,0.94257486,2085
25573,r3i1p1f1,2085,01,06,5.805587370527836,12.9445505,5.090032,2085
25574,r3i1p1f1,2085,01,07,0.48511913703116466,13.959789,3.283617,2085
25575,r3i1p1f1,2085,01,08,0.551958921166233,12.673527,0.004247663,2085
25576,r3i1p1f1,2085,01,09,40.5261886271888,15.108346,6.224976,2085
25577,r3i1p1f1,2085,01,10,15.365583051882851,16.031054,5.9884152,2085
25578,r3i1p1f1,2085,01,11,0.02627359449847559,14.699064,1.3891616,2085
25579,r3i1p1f1,2085,01,12,18.36953320056306,14.345679,5.6112847,2085
25580,r3i1p1f1,2085,01,13,12.482779978352923,15.870442,4.818188,2085
25581,r3i1p1f1,2085,01,14,0.14084817558713522,14.077711,3.091601,2085
25582,r3i1p1f1,2085,01,15,0.0,15.618622,1.1010431,2085
25583,r3i1p1f1,2085,01,16,0.0,16.188969,1.9701658,2085
25584,r3i1p1f1,2085,01,17,0.0,15.430475,1.4082582,2085
25585,r3i1p1f1,2085,01,18,5.220291464318681,13.536647,0.96511537,2085
25586,r3i1p1f1,2085,01,19,39.7942676218791,16.122322,6.771985,2085
25587,r3i1p1f1,2085,01,20,11.337440356784844,15.221773,4.785262,2085
25588,r3i1p1f1,2085,01,21,0.0,12.486039,-1.8507861,2085
25589,r3i1p1f1,2085,01,22,0.2934526607934844,12.534538,1.2950974,2085
25590,r3i1p1f1,2085,01,23,1.9997245438080977,14.745773,6.046472,2085
25591,r3i1p1f1,2085,01,24,0.012911061633283018,16.414576,5.4747624,2085
25592,r3i1p1f1,2085,01,25,0.04928609426397915,15.896121,4.6969748,2085
25593,r3i1p1f1,2085,01,26,12.260071078494134,12.97917,4.3539176,2085
25594,r3i1p1f1,2085,01,27,0.005382011983204971,11.791661,-0.20087117,2085
25595,r3i1p1f1,2085,01,28,0.0,14.300387,0.24499296,2085
25596,r3i1p1f1,2085,01,29,0.0,15.676734,1.7248516,2085
25597,r3i1p1f1,2085,01,30,0.0,17.617945,3.7868407,2085
25598,r3i1p1f1,2085,01,31,0.03785729532175923,16.988983,4.327517,2085
25599,r3i1p1f1,2085,02,01,0.0816038157834996,12.730455,2.197953,2085
25600,r3i1p1f1,2085,02,02,0.00540425613342615,10.56091,-1.9645574,2085
25601,r3i1p1f1,2085,02,03,0.0,10.794726,-3.0238686,2085
25602,r3i1p1f1,2085,02,04,0.0,13.083431,-1.7618072,2085
25603,r3i1p1f1,2085,02,05,0.0,13.398929,-0.28818876,2085
25604,r3i1p1f1,2085,02,06,0.0,11.79531,-3.1075566,2085
25605,r3i1p1f1,2085,02,07,0.0,14.499088,-1.2977036,2085
25606,r3i1p1f1,2085,02,08,0.0,16.45585,1.551321,2085
25607,r3i1p1f1,2085,02,09,0.0,17.887634,2.668197,2085
25608,r3i1p1f1,2085,02,10,0.0,17.342518,2.8614604,2085
25609,r3i1p1f1,2085,02,11,0.0,17.606499,3.3078387,2085
25610,r3i1p1f1,2085,02,12,0.0,18.142805,3.8225186,2085
25611,r3i1p1f1,2085,02,13,0.0,17.186192,1.784372,2085
25612,r3i1p1f1,2085,02,14,0.0,17.554665,2.8911865,2085
25613,r3i1p1f1,2085,02,15,0.0,21.035295,4.600911,2085
25614,r3i1p1f1,2085,02,16,0.008402372880647652,20.412405,5.185024,2085
25615,r3i1p1f1,2085,02,17,8.450201260755861,15.001098,5.7793016,2085
25616,r3i1p1f1,2085,02,18,0.2540752688990765,16.752024,4.5363364,2085
25617,r3i1p1f1,2085,02,19,10.086187432803634,16.883303,5.4076123,2085
25618,r3i1p1f1,2085,02,20,14.225019022966135,13.013882,3.7396386,2085
25619,r3i1p1f1,2085,02,21,5.011927905771617,11.533646,3.1415212,2085
25620,r3i1p1f1,2085,02,22,0.01948059880030059,13.645912,-0.78089875,2085
25621,r3i1p1f1,2085,02,23,0.0,14.578081,1.3531711,2085
25622,r3i1p1f1,2085,02,24,0.00017815026360563712,16.12846,3.0674424,2085
25623,r3i1p1f1,2085,02,25,0.022768465605622623,19.194998,6.2919474,2085
25624,r3i1p1f1,2085,02,26,2.214010767462555,19.311298,8.387534,2085
25625,r3i1p1f1,2085,02,27,20.183820732446762,17.807571,6.785931,2085
25626,r3i1p1f1,2085,02,28,0.853711055148751,15.195088,5.12638,2085
25627,r3i1p1f1,2085,03,01,0.0018333818650606906,15.687092,0.79902977,2085
25628,r3i1p1f1,2085,03,02,0.029714620270004325,16.495832,0.7535835,2085
25629,r3i1p1f1,2085,03,03,0.0,17.860523,2.3765137,2085
25630,r3i1p1f1,2085,03,04,0.0,18.313923,3.1978624,2085
25631,r3i1p1f1,2085,03,05,0.0,20.41425,4.245704,2085
25632,r3i1p1f1,2085,03,06,0.0,21.187902,5.5080085,2085
25633,r3i1p1f1,2085,03,07,0.0,22.412443,5.987122,2085
25634,r3i1p1f1,2085,03,08,0.0,23.471619,6.0966887,2085
25635,r3i1p1f1,2085,03,09,0.0,25.992884,8.582401,2085
25636,r3i1p1f1,2085,03,10,0.5175022592403834,25.48295,10.104338,2085
25637,r3i1p1f1,2085,03,11,1.4214787159763738,17.688086,7.8268256,2085
25638,r3i1p1f1,2085,03,12,2.482202008990994,15.545642,3.8223748,2085
25639,r3i1p1f1,2085,03,13,26.191679622508783,13.161836,6.686998,2085
25640,r3i1p1f1,2085,03,14,1.0492409972302443,16.384966,6.114891,2085
25641,r3i1p1f1,2085,03,15,0.0,18.864937,4.50355,2085
25642,r3i1p1f1,2085,03,16,0.0006578393742639685,20.417181,6.4797654,2085
25643,r3i1p1f1,2085,03,17,0.0,22.136724,6.9247966,2085
25644,r3i1p1f1,2085,03,18,0.0,23.636333,8.220431,2085
25645,r3i1p1f1,2085,03,19,0.21887963075958838,21.967487,7.9454465,2085
25646,r3i1p1f1,2085,03,20,0.16782606836248748,19.185059,6.4387293,2085
25647,r3i1p1f1,2085,03,21,0.0,21.378675,5.565634,2085
25648,r3i1p1f1,2085,03,22,0.0,22.584488,7.6039467,2085
25649,r3i1p1f1,2085,03,23,0.36995765043794754,21.539776,6.995865,2085
25650,r3i1p1f1,2085,03,24,0.06760608180753258,20.217325,6.056939,2085
25651,r3i1p1f1,2085,03,25,0.17166199003633775,20.173717,7.080621,2085
25652,r3i1p1f1,2085,03,26,0.0,22.245363,7.160563,2085
25653,r3i1p1f1,2085,03,27,0.2605048573935743,21.355492,6.6892385,2085
25654,r3i1p1f1,2085,03,28,3.0751833866297877,15.994167,5.599089,2085
25655,r3i1p1f1,2085,03,29,0.0,16.666777,2.1776183,2085
25656,r3i1p1f1,2085,03,30,0.017276343635537407,17.631496,3.059343,2085
25657,r3i1p1f1,2085,03,31,0.0,20.120497,3.0504887,2085
25658,r3i1p1f1,2085,04,01,0.0,22.81265,3.8733332,2085
25659,r3i1p1f1,2085,04,02,0.0,23.069223,8.307746,2085
25660,r3i1p1f1,2085,04,03,7.729715238186173,19.15514,7.487032,2085
25661,r3i1p1f1,2085,04,04,5.324245238758025,17.70616,6.3545313,2085
25662,r3i1p1f1,2085,04,05,0.550948550792534,19.914639,5.6188526,2085
25663,r3i1p1f1,2085,04,06,0.004861311167725503,21.175385,5.990496,2085
25664,r3i1p1f1,2085,04,07,0.0,23.424072,5.3606424,2085
25665,r3i1p1f1,2085,04,08,0.0,25.027721,6.284121,2085
25666,r3i1p1f1,2085,04,09,0.002686492819824101,25.966824,10.063032,2085
25667,r3i1p1f1,2085,04,10,7.9391267234071465,20.435564,7.893965,2085
25668,r3i1p1f1,2085,04,11,15.177377841946235,16.637691,7.9604387,2085
25669,r3i1p1f1,2085,04,12,1.5637202709694975,20.10274,6.0880938,2085
25670,r3i1p1f1,2085,04,13,0.04559994654493604,22.69988,6.004685,2085
25671,r3i1p1f1,2085,04,14,8.673410548755342,20.560335,4.910566,2085
25672,r3i1p1f1,2085,04,15,6.0786454084375166,14.454535,4.4032874,2085
25673,r3i1p1f1,2085,04,16,13.57519867191124,12.511185,4.497152,2085
25674,r3i1p1f1,2085,04,17,0.349978013445886,14.262127,2.9909086,2085
25675,r3i1p1f1,2085,04,18,0.0,18.412111,1.2599487,2085
25676,r3i1p1f1,2085,04,19,0.03431793980505035,18.692314,4.4382725,2085
25677,r3i1p1f1,2085,04,20,0.2417653875719142,17.046902,3.6935685,2085
25678,r3i1p1f1,2085,04,21,0.0,18.718206,2.8900769,2085
25679,r3i1p1f1,2085,04,22,0.0,19.961914,3.8864758,2085
25680,r3i1p1f1,2085,04,23,0.7390586239357204,18.076084,3.37304,2085
25681,r3i1p1f1,2085,04,24,11.303871401239576,12.928588,3.6402092,2085
25682,r3i1p1f1,2085,04,25,0.003055774546792787,18.262476,3.156993,2085
25683,r3i1p1f1,2085,04,26,0.0,22.6137,6.2078056,2085
25684,r3i1p1f1,2085,04,27,0.0,25.216078,8.016351,2085
25685,r3i1p1f1,2085,04,28,0.006057748563982772,24.831547,8.349284,2085
25686,r3i1p1f1,2085,04,29,1.0556365773217378,20.971071,8.054993,2085
25687,r3i1p1f1,2085,04,30,0.5065532026933259,20.43578,7.588995,2085
25688,r3i1p1f1,2085,05,01,0.0,23.36473,7.648549,2085
25689,r3i1p1f1,2085,05,02,0.0,25.245255,9.1019535,2085
25690,r3i1p1f1,2085,05,03,0.05927410858655066,25.197235,9.998758,2085
25691,r3i1p1f1,2085,05,04,0.013383753989315168,22.310297,8.81373,2085
25692,r3i1p1f1,2085,05,05,0.04261684219135063,22.188938,6.0516744,2085
25693,r3i1p1f1,2085,05,06,0.0008779627387411892,23.863977,7.3130198,2085
25694,r3i1p1f1,2085,05,07,0.07304628881463555,22.79141,6.554268,2085
25695,r3i1p1f1,2085,05,08,3.089328082376486,18.684952,4.5346417,2085
25696,r3i1p1f1,2085,05,09,0.3912069884564985,23.295448,8.570134,2085
25697,r3i1p1f1,2085,05,10,0.04949533057339123,24.404987,8.66008,2085
25698,r3i1p1f1,2085,05,11,0.0026203773802880087,25.218323,8.68433,2085
25699,r3i1p1f1,2085,05,12,0.0018721099971144488,26.677921,8.3034115,2085
25700,r3i1p1f1,2085,05,13,6.645307826247793,22.259918,5.0425305,2085
25701,r3i1p1f1,2085,05,14,6.165212550398737,13.992503,3.8484602,2085
25702,r3i1p1f1,2085,05,15,0.2102494554878142,17.733524,4.576722,2085
25703,r3i1p1f1,2085,05,16,0.04004751801954681,22.545992,8.089667,2085
25704,r3i1p1f1,2085,05,17,0.0,25.684034,8.220749,2085
25705,r3i1p1f1,2085,05,18,0.0045106482381622,27.336739,10.591952,2085
25706,r3i1p1f1,2085,05,19,2.8092532405775494,24.793581,8.413823,2085
25707,r3i1p1f1,2085,05,20,0.7555513315957907,19.538654,5.3604193,2085
25708,r3i1p1f1,2085,05,21,0.10434906573429929,21.900957,5.309705,2085
25709,r3i1p1f1,2085,05,22,0.0,23.343697,7.6133146,2085
25710,r3i1p1f1,2085,05,23,0.00412179326469248,28.580984,10.646894,2085
25711,r3i1p1f1,2085,05,24,0.0,29.68266,11.194256,2085
25712,r3i1p1f1,2085,05,25,0.030006610287466283,25.544018,10.375418,2085
25713,r3i1p1f1,2085,05,26,0.05275037529469101,21.15365,6.8883038,2085
25714,r3i1p1f1,2085,05,27,0.0031478983477096667,20.517122,4.975457,2085
25715,r3i1p1f1,2085,05,28,0.0,22.780539,6.1245413,2085
25716,r3i1p1f1,2085,05,29,0.0,26.55278,8.2790985,2085
25717,r3i1p1f1,2085,05,30,0.0,27.530165,11.337958,2085
25718,r3i1p1f1,2085,05,31,0.0,28.668354,10.873928,2085
25719,r3i1p1f1,2085,06,01,0.0,27.95369,9.262964,2085
25720,r3i1p1f1,2085,06,02,0.0,31.51504,11.97412,2085
25721,r3i1p1f1,2085,06,03,0.0,34.58737,14.777514,2085
25722,r3i1p1f1,2085,06,04,0.0,35.530514,15.587486,2085
25723,r3i1p1f1,2085,06,05,0.0,32.460026,12.064404,2085
25724,r3i1p1f1,2085,06,06,0.0,26.101986,9.971534,2085
25725,r3i1p1f1,2085,06,07,0.0,31.039358,13.689038,2085
25726,r3i1p1f1,2085,06,08,0.0,34.399796,15.715718,2085
25727,r3i1p1f1,2085,06,09,0.0,33.26,16.696644,2085
25728,r3i1p1f1,2085,06,10,0.0,34.49872,15.912342,2085
25729,r3i1p1f1,2085,06,11,0.0,33.85048,15.278546,2085
25730,r3i1p1f1,2085,06,12,0.0,29.247852,13.466774,2085
25731,r3i1p1f1,2085,06,13,0.0,30.5829,13.756665,2085
25732,r3i1p1f1,2085,06,14,0.0,34.034657,16.705984,2085
25733,r3i1p1f1,2085,06,15,0.0,36.864872,18.010326,2085
25734,r3i1p1f1,2085,06,16,0.0,39.285683,19.39596,2085
25735,r3i1p1f1,2085,06,17,0.0,39.13589,18.994375,2085
25736,r3i1p1f1,2085,06,18,0.002863133664835583,36.6737,18.465816,2085
25737,r3i1p1f1,2085,06,19,0.0,35.918324,17.356247,2085
25738,r3i1p1f1,2085,06,20,0.0,35.151493,16.351921,2085
25739,r3i1p1f1,2085,06,21,0.0,31.815498,14.171165,2085
25740,r3i1p1f1,2085,06,22,0.005960429552942514,27.568953,11.292158,2085
25741,r3i1p1f1,2085,06,23,0.0,27.655752,10.024868,2085
25742,r3i1p1f1,2085,06,24,0.0,30.71996,12.946605,2085
25743,r3i1p1f1,2085,06,25,3.198245174481292,28.377083,15.005536,2085
25744,r3i1p1f1,2085,06,26,2.4288343635668173,29.489021,13.118028,2085
25745,r3i1p1f1,2085,06,27,0.0,33.223995,15.062402,2085
25746,r3i1p1f1,2085,06,28,0.0,33.47923,15.142961,2085
25747,r3i1p1f1,2085,06,29,0.0,32.041595,14.29308,2085
25748,r3i1p1f1,2085,06,30,0.0,28.615088,13.142494,2085
25749,r3i1p1f1,2085,07,01,0.0,30.81331,14.512845,2085
25750,r3i1p1f1,2085,07,02,0.0,32.48346,15.788024,2085
25751,r3i1p1f1,2085,07,03,0.0,35.68734,17.606316,2085
25752,r3i1p1f1,2085,07,04,0.0,37.292656,17.827038,2085
25753,r3i1p1f1,2085,07,05,0.0,37.250904,17.678593,2085
25754,r3i1p1f1,2085,07,06,1.0742035767863414,37.726364,19.80074,2085
25755,r3i1p1f1,2085,07,07,0.08563419946850362,38.038334,20.195662,2085
25756,r3i1p1f1,2085,07,08,0.0,38.693657,21.267614,2085
25757,r3i1p1f1,2085,07,09,0.0,38.514977,21.66437,2085
25758,r3i1p1f1,2085,07,10,0.0,37.97303,20.006401,2085
25759,r3i1p1f1,2085,07,11,0.0,37.734955,19.328573,2085
25760,r3i1p1f1,2085,07,12,0.0,37.13306,18.18797,2085
25761,r3i1p1f1,2085,07,13,0.0,35.102448,16.949717,2085
25762,r3i1p1f1,2085,07,14,0.0,37.085415,18.323282,2085
25763,r3i1p1f1,2085,07,15,0.0,40.26393,21.624565,2085
25764,r3i1p1f1,2085,07,16,0.0,40.61308,23.329115,2085
25765,r3i1p1f1,2085,07,17,0.0,39.644775,21.355951,2085
25766,r3i1p1f1,2085,07,18,0.0,38.04345,18.963995,2085
25767,r3i1p1f1,2085,07,19,0.0,36.625134,18.675781,2085
25768,r3i1p1f1,2085,07,20,0.0,35.58451,18.700909,2085
25769,r3i1p1f1,2085,07,21,0.0,36.346916,18.212782,2085
25770,r3i1p1f1,2085,07,22,0.0,38.576263,20.032028,2085
25771,r3i1p1f1,2085,07,23,0.0,39.042557,20.665771,2085
25772,r3i1p1f1,2085,07,24,0.0,38.618107,20.478989,2085
25773,r3i1p1f1,2085,07,25,0.0,38.32486,20.112085,2085
25774,r3i1p1f1,2085,07,26,0.0,38.551888,20.525146,2085
25775,r3i1p1f1,2085,07,27,0.0,38.715057,19.929033,2085
25776,r3i1p1f1,2085,07,28,0.0,38.342594,20.825481,2085
25777,r3i1p1f1,2085,07,29,0.0,37.905838,20.048904,2085
25778,r3i1p1f1,2085,07,30,0.0,38.770992,20.13822,2085
25779,r3i1p1f1,2085,07,31,0.0,41.722588,21.905354,2085
25780,r3i1p1f1,2085,08,01,0.0,42.952526,23.318953,2085
25781,r3i1p1f1,2085,08,02,0.0,41.716988,21.75465,2085
25782,r3i1p1f1,2085,08,03,0.2257025228265885,34.3731,20.121462,2085
25783,r3i1p1f1,2085,08,04,0.0,37.14796,22.15671,2085
25784,r3i1p1f1,2085,08,05,0.41225707380693744,38.509842,22.278156,2085
25785,r3i1p1f1,2085,08,06,2.0921991221698453,37.18317,21.883204,2085
25786,r3i1p1f1,2085,08,07,1.1633357094868906,37.954,21.028967,2085
25787,r3i1p1f1,2085,08,08,3.2688762775135483,37.687565,21.893541,2085
25788,r3i1p1f1,2085,08,09,4.793602003920211,37.50245,22.787008,2085
25789,r3i1p1f1,2085,08,10,0.0,38.922764,22.810623,2085
25790,r3i1p1f1,2085,08,11,0.0,40.29432,23.257826,2085
25791,r3i1p1f1,2085,08,12,0.0,40.092793,22.117937,2085
25792,r3i1p1f1,2085,08,13,0.0,38.974846,21.10145,2085
25793,r3i1p1f1,2085,08,14,0.0,37.44814,19.98639,2085
25794,r3i1p1f1,2085,08,15,0.0,35.5111,17.52641,2085
25795,r3i1p1f1,2085,08,16,0.0,35.766975,16.873772,2085
25796,r3i1p1f1,2085,08,17,0.0,36.55722,17.556705,2085
25797,r3i1p1f1,2085,08,18,0.0,36.22549,17.665632,2085
25798,r3i1p1f1,2085,08,19,0.0,35.95961,18.613356,2085
25799,r3i1p1f1,2085,08,20,0.017396634158847683,35.361404,18.101877,2085
25800,r3i1p1f1,2085,08,21,0.0,35.537884,18.498207,2085
25801,r3i1p1f1,2085,08,22,0.0,33.88497,18.885038,2085
25802,r3i1p1f1,2085,08,23,0.0,34.152027,19.902185,2085
25803,r3i1p1f1,2085,08,24,0.0,37.29351,18.312729,2085
25804,r3i1p1f1,2085,08,25,0.0,37.53602,18.114544,2085
25805,r3i1p1f1,2085,08,26,0.0,36.55387,17.128162,2085
25806,r3i1p1f1,2085,08,27,0.0,34.326653,18.50761,2085
25807,r3i1p1f1,2085,08,28,0.4104614094698759,30.924877,15.794899,2085
25808,r3i1p1f1,2085,08,29,0.0,33.01914,16.116165,2085
25809,r3i1p1f1,2085,08,30,0.0,34.784622,17.155766,2085
25810,r3i1p1f1,2085,08,31,0.0,36.130604,18.194805,2085
25811,r3i1p1f1,2085,09,01,0.0,37.126637,20.943659,2085
25812,r3i1p1f1,2085,09,02,0.0,39.051888,22.5336,2085
25813,r3i1p1f1,2085,09,03,0.0,39.21796,22.240887,2085
25814,r3i1p1f1,2085,09,04,0.003015347333116965,37.80937,20.242981,2085
25815,r3i1p1f1,2085,09,05,0.0,36.18128,19.831059,2085
25816,r3i1p1f1,2085,09,06,0.0,35.837383,18.665443,2085
25817,r3i1p1f1,2085,09,07,0.0,34.897137,18.448812,2085
25818,r3i1p1f1,2085,09,08,0.0,31.990822,17.180593,2085
25819,r3i1p1f1,2085,09,09,0.0,34.564297,17.886156,2085
25820,r3i1p1f1,2085,09,10,0.0,35.240578,18.65362,2085
25821,r3i1p1f1,2085,09,11,0.0,35.813023,19.178547,2085
25822,r3i1p1f1,2085,09,12,0.0,36.08352,19.116592,2085
25823,r3i1p1f1,2085,09,13,0.0,36.383682,18.822437,2085
25824,r3i1p1f1,2085,09,14,0.0,36.32933,18.949242,2085
25825,r3i1p1f1,2085,09,15,0.0,36.05648,18.57851,2085
25826,r3i1p1f1,2085,09,16,0.004014928902809818,36.60613,19.391031,2085
25827,r3i1p1f1,2085,09,17,0.7085702105299182,35.06173,20.009285,2085
25828,r3i1p1f1,2085,09,18,1.1173276207701939,33.25753,18.644857,2085
25829,r3i1p1f1,2085,09,19,1.8007922250042225,34.092274,19.679268,2085
25830,r3i1p1f1,2085,09,20,10.847766765633203,34.680252,19.88541,2085
25831,r3i1p1f1,2085,09,21,0.21421306889599442,30.5111,16.67521,2085
25832,r3i1p1f1,2085,09,22,0.12748306702688392,29.236269,15.006489,2085
25833,r3i1p1f1,2085,09,23,0.36408816967388813,25.364706,12.128542,2085
25834,r3i1p1f1,2085,09,24,0.25670677295596706,23.811861,9.7328,2085
25835,r3i1p1f1,2085,09,25,0.23418398573994637,24.664186,10.132694,2085
25836,r3i1p1f1,2085,09,26,0.38899087070162885,24.010283,9.351743,2085
25837,r3i1p1f1,2085,09,27,0.0013893804597583685,25.539131,10.504414,2085
25838,r3i1p1f1,2085,09,28,0.01166445971290214,26.83103,11.969911,2085
25839,r3i1p1f1,2085,09,29,0.0,29.917614,14.619207,2085
25840,r3i1p1f1,2085,09,30,0.0,31.592558,15.3271885,2085
25841,r3i1p1f1,2085,10,01,0.0,27.887857,10.850962,2085
25842,r3i1p1f1,2085,10,02,0.03343301039862898,20.92887,7.276852,2085
25843,r3i1p1f1,2085,10,03,0.07514834728102539,18.361855,5.2729483,2085
25844,r3i1p1f1,2085,10,04,0.005683737849308686,19.883965,5.7305064,2085
25845,r3i1p1f1,2085,10,05,0.0,24.218992,7.915523,2085
25846,r3i1p1f1,2085,10,06,0.0,25.778866,11.531846,2085
25847,r3i1p1f1,2085,10,07,0.0,28.06458,11.829661,2085
25848,r3i1p1f1,2085,10,08,0.0,29.092081,12.156177,2085
25849,r3i1p1f1,2085,10,09,0.0,31.278479,13.678036,2085
25850,r3i1p1f1,2085,10,10,0.0,34.0168,16.772717,2085
25851,r3i1p1f1,2085,10,11,0.0,33.065186,16.726727,2085
25852,r3i1p1f1,2085,10,12,0.0,29.702,13.594028,2085
25853,r3i1p1f1,2085,10,13,0.0,28.488113,11.973048,2085
25854,r3i1p1f1,2085,10,14,0.0,32.050507,15.184573,2085
25855,r3i1p1f1,2085,10,15,0.0,30.983362,14.983095,2085
25856,r3i1p1f1,2085,10,16,0.0,26.962725,12.128681,2085
25857,r3i1p1f1,2085,10,17,0.005468195827923024,22.980968,7.2911544,2085
25858,r3i1p1f1,2085,10,18,5.5084412240176155,21.681206,8.693031,2085
25859,r3i1p1f1,2085,10,19,0.022026066770635996,17.644777,4.810805,2085
25860,r3i1p1f1,2085,10,20,0.0,20.762476,6.250476,2085
25861,r3i1p1f1,2085,10,21,0.0,22.774456,8.036101,2085
25862,r3i1p1f1,2085,10,22,0.0,23.44661,8.623813,2085
25863,r3i1p1f1,2085,10,23,0.0,23.710743,8.404741,2085
25864,r3i1p1f1,2085,10,24,0.0,27.210455,10.684263,2085
25865,r3i1p1f1,2085,10,25,0.0,28.84672,11.689118,2085
25866,r3i1p1f1,2085,10,26,0.0,29.221521,12.048111,2085
25867,r3i1p1f1,2085,10,27,0.0,29.538399,12.343547,2085
25868,r3i1p1f1,2085,10,28,0.0,28.902143,12.659461,2085
25869,r3i1p1f1,2085,10,29,0.0,28.361784,10.244966,2085
25870,r3i1p1f1,2085,10,30,14.354818280002236,26.89182,13.152471,2085
25871,r3i1p1f1,2085,10,31,0.6004235921357053,13.960196,3.6896613,2085
25872,r3i1p1f1,2085,11,01,0.0,17.031523,3.2653756,2085
25873,r3i1p1f1,2085,11,02,0.0,19.699633,5.689268,2085
25874,r3i1p1f1,2085,11,03,0.0,21.46485,7.4359155,2085
25875,r3i1p1f1,2085,11,04,0.0,19.961115,6.237092,2085
25876,r3i1p1f1,2085,11,05,0.5093186574655798,17.385527,6.7132397,2085
25877,r3i1p1f1,2085,11,06,0.0,18.929623,6.5558863,2085
25878,r3i1p1f1,2085,11,07,0.0,22.70259,8.193538,2085
25879,r3i1p1f1,2085,11,08,0.0,24.334295,10.505731,2085
25880,r3i1p1f1,2085,11,09,0.0,24.893452,10.740614,2085
25881,r3i1p1f1,2085,11,10,0.9058862811511834,26.485678,13.926681,2085
25882,r3i1p1f1,2085,11,11,0.05717081713638353,16.736628,5.407296,2085
25883,r3i1p1f1,2085,11,12,0.0,14.8543,1.4008404,2085
25884,r3i1p1f1,2085,11,13,0.0,17.475632,2.9103563,2085
25885,r3i1p1f1,2085,11,14,0.0,19.073988,4.9296823,2085
25886,r3i1p1f1,2085,11,15,0.0,19.07513,4.945928,2085
25887,r3i1p1f1,2085,11,16,0.0,21.14628,5.6270976,2085
25888,r3i1p1f1,2085,11,17,0.0,19.637983,4.7960854,2085
25889,r3i1p1f1,2085,11,18,0.0,19.091997,4.6044574,2085
25890,r3i1p1f1,2085,11,19,0.0,19.4848,4.489296,2085
25891,r3i1p1f1,2085,11,20,0.0,21.444086,4.7331862,2085
25892,r3i1p1f1,2085,11,21,0.0,22.13675,5.626484,2085
25893,r3i1p1f1,2085,11,22,0.0,22.578928,5.6847878,2085
25894,r3i1p1f1,2085,11,23,0.0,23.762962,6.667277,2085
25895,r3i1p1f1,2085,11,24,0.0,21.553682,5.272097,2085
25896,r3i1p1f1,2085,11,25,0.0,20.85818,4.2758923,2085
25897,r3i1p1f1,2085,11,26,0.0,21.216755,4.457119,2085
25898,r3i1p1f1,2085,11,27,0.0,22.906658,6.1436706,2085
25899,r3i1p1f1,2085,11,28,0.0,20.37858,3.1050267,2085
25900,r3i1p1f1,2085,11,29,0.0,17.3187,0.4400192,2085
25901,r3i1p1f1,2085,11,30,0.0,13.791361,-2.835023,2085
25902,r3i1p1f1,2085,12,01,0.0,15.408824,0.7374471,2085
25903,r3i1p1f1,2085,12,02,0.0,18.093933,3.7272053,2085
25904,r3i1p1f1,2085,12,03,0.9748533580507986,16.81171,3.8426127,2085
25905,r3i1p1f1,2085,12,04,11.05725701071964,11.592257,3.5669734,2085
25906,r3i1p1f1,2085,12,05,1.4495960434661272,9.311026,-0.1496679,2085
25907,r3i1p1f1,2085,12,06,0.005846498040200183,7.701461,-6.2208147,2085
25908,r3i1p1f1,2085,12,07,0.0,9.062958,-5.0061035,2085
25909,r3i1p1f1,2085,12,08,0.0,11.180174,-2.8829572,2085
25910,r3i1p1f1,2085,12,09,0.0,12.848708,-2.4696274,2085
25911,r3i1p1f1,2085,12,10,0.0,14.315008,-0.27733287,2085
25912,r3i1p1f1,2085,12,11,0.3350664961641142,11.175558,0.75726783,2085
25913,r3i1p1f1,2085,12,12,0.8834647805202401,13.307872,1.7690355,2085
25914,r3i1p1f1,2085,12,13,0.0,17.847767,2.3598037,2085
25915,r3i1p1f1,2085,12,14,0.19158895691499778,14.987551,3.2407079,2085
25916,r3i1p1f1,2085,12,15,5.653253050905098,16.244766,3.1131392,2085
25917,r3i1p1f1,2085,12,16,13.338114601027138,15.461306,7.5384016,2085
25918,r3i1p1f1,2085,12,17,27.371327032777835,16.5996,7.506348,2085
25919,r3i1p1f1,2085,12,18,0.23543710041739166,15.901057,6.3102913,2085
25920,r3i1p1f1,2085,12,19,0.0,14.99671,1.2368193,2085
25921,r3i1p1f1,2085,12,20,1.752102039435103,13.796839,4.133305,2085
25922,r3i1p1f1,2085,12,21,2.64302127081795,14.332755,5.133439,2085
25923,r3i1p1f1,2085,12,22,0.12836660945278267,13.850298,4.3182497,2085
25924,r3i1p1f1,2085,12,23,0.0,15.576442,1.4524465,2085
25925,r3i1p1f1,2085,12,24,0.0,14.735218,-0.1102122,2085
25926,r3i1p1f1,2085,12,25,0.0,14.442921,0.36403933,2085
25927,r3i1p1f1,2085,12,26,0.0,17.710333,2.9717934,2085
25928,r3i1p1f1,2085,12,27,0.0,17.879475,3.7575831,2085
25929,r3i1p1f1,2085,12,28,0.000508456335713466,17.58448,2.7184627,2085
25930,r3i1p1f1,2085,12,29,0.008957331528742516,17.512484,4.1443744,2085
25931,r3i1p1f1,2085,12,30,1.445300803074629,17.030653,5.3195434,2085
25932,r3i1p1f1,2085,12,31,0.04221452949533352,16.641985,5.63654,2085
25933,r3i1p1f1,2086,01,01,0.03390767936115012,16.434528,6.074809,2086
25934,r3i1p1f1,2086,01,02,6.24429546625117,15.267446,6.3092313,2086
25935,r3i1p1f1,2086,01,03,0.1726978853577927,14.910417,4.6270237,2086
25936,r3i1p1f1,2086,01,04,10.862810942723598,15.176284,6.9652963,2086
25937,r3i1p1f1,2086,01,05,16.22742198742785,13.902229,5.8899684,2086
25938,r3i1p1f1,2086,01,06,0.0,14.107718,2.712128,2086
25939,r3i1p1f1,2086,01,07,0.047108992518835956,15.910234,2.4578516,2086
25940,r3i1p1f1,2086,01,08,0.0,16.18299,2.2203352,2086
25941,r3i1p1f1,2086,01,09,0.0,17.850607,3.7383127,2086
25942,r3i1p1f1,2086,01,10,0.0,18.838755,5.729974,2086
25943,r3i1p1f1,2086,01,11,0.00831809395370356,17.888271,5.288377,2086
25944,r3i1p1f1,2086,01,12,0.026654238644175966,14.493304,5.0580907,2086
25945,r3i1p1f1,2086,01,13,0.0,16.613276,3.6346622,2086
25946,r3i1p1f1,2086,01,14,0.0,16.938047,3.4448035,2086
25947,r3i1p1f1,2086,01,15,0.0012809996295607452,15.786677,1.9031522,2086
25948,r3i1p1f1,2086,01,16,0.0009303795399539398,14.221461,3.7068448,2086
25949,r3i1p1f1,2086,01,17,0.0,12.21703,-0.8534278,2086
25950,r3i1p1f1,2086,01,18,0.0,13.7908745,0.051345978,2086
25951,r3i1p1f1,2086,01,19,0.0,14.565714,0.70443857,2086
25952,r3i1p1f1,2086,01,20,0.0,15.075954,1.3810136,2086
25953,r3i1p1f1,2086,01,21,0.0,17.3636,2.8308785,2086
25954,r3i1p1f1,2086,01,22,0.0,17.976713,3.621433,2086
25955,r3i1p1f1,2086,01,23,0.0,19.380985,5.318323,2086
25956,r3i1p1f1,2086,01,24,0.0,19.733614,5.8365097,2086
25957,r3i1p1f1,2086,01,25,0.0,20.361322,5.549025,2086
25958,r3i1p1f1,2086,01,26,0.0,20.055103,5.84168,2086
25959,r3i1p1f1,2086,01,27,0.0,19.450712,6.0512595,2086
25960,r3i1p1f1,2086,01,28,0.0,18.598425,5.786053,2086
25961,r3i1p1f1,2086,01,29,0.0,19.546438,5.180827,2086
25962,r3i1p1f1,2086,01,30,0.0,21.232405,6.443067,2086
25963,r3i1p1f1,2086,01,31,0.0,20.354467,5.990731,2086
25964,r3i1p1f1,2086,02,01,0.001410983139507924,19.382826,5.038249,2086
25965,r3i1p1f1,2086,02,02,0.0,21.339205,5.8561025,2086
25966,r3i1p1f1,2086,02,03,0.0,23.112055,6.0093017,2086
25967,r3i1p1f1,2086,02,04,0.1003492137191863,22.360947,9.481225,2086
25968,r3i1p1f1,2086,02,05,0.4015060567304097,18.782602,5.6938868,2086
25969,r3i1p1f1,2086,02,06,0.0,21.453794,4.6394763,2086
25970,r3i1p1f1,2086,02,07,2.8357683095231496,21.731264,8.434806,2086
25971,r3i1p1f1,2086,02,08,4.892931228590291,18.209467,7.180936,2086
25972,r3i1p1f1,2086,02,09,9.313220919475222,14.044751,6.971563,2086
25973,r3i1p1f1,2086,02,10,1.5792367049994716,14.606116,4.2660193,2086
25974,r3i1p1f1,2086,02,11,0.19721575292240948,15.789644,3.3311408,2086
25975,r3i1p1f1,2086,02,12,0.02626557077416113,17.495407,3.8999562,2086
25976,r3i1p1f1,2086,02,13,0.0,18.333033,4.5553303,2086
25977,r3i1p1f1,2086,02,14,0.0,20.80257,7.3238683,2086
25978,r3i1p1f1,2086,02,15,0.0,20.897186,6.1959844,2086
25979,r3i1p1f1,2086,02,16,0.0,21.798449,7.0030327,2086
25980,r3i1p1f1,2086,02,17,0.0,21.188265,6.2874017,2086
25981,r3i1p1f1,2086,02,18,0.013835348550911118,20.658583,9.62831,2086
25982,r3i1p1f1,2086,02,19,0.06046537200249573,18.315788,5.19923,2086
25983,r3i1p1f1,2086,02,20,0.0,20.827381,4.7310643,2086
25984,r3i1p1f1,2086,02,21,0.0,22.452967,7.618935,2086
25985,r3i1p1f1,2086,02,22,0.0,23.617933,6.667735,2086
25986,r3i1p1f1,2086,02,23,0.0,23.99481,7.695367,2086
25987,r3i1p1f1,2086,02,24,0.0,23.650372,7.4652057,2086
25988,r3i1p1f1,2086,02,25,0.0,23.045984,7.0777946,2086
25989,r3i1p1f1,2086,02,26,0.0,22.377163,4.9902954,2086
25990,r3i1p1f1,2086,02,27,3.149053112776363,21.169954,8.616377,2086
25991,r3i1p1f1,2086,02,28,9.64620657537704,15.315762,7.266294,2086
25992,r3i1p1f1,2086,03,01,1.9443048200407773e-06,16.781769,3.1666987,2086
25993,r3i1p1f1,2086,03,02,3.365549522514453,16.496239,4.146348,2086
25994,r3i1p1f1,2086,03,03,0.5163139491748386,15.14858,2.900835,2086
25995,r3i1p1f1,2086,03,04,0.0006292384690217053,16.028002,1.2934291,2086
25996,r3i1p1f1,2086,03,05,0.044978432843257025,16.999743,1.1899685,2086
25997,r3i1p1f1,2086,03,06,0.6284780701113932,16.647089,7.10611,2086
25998,r3i1p1f1,2086,03,07,0.017707118346482854,18.24436,4.4304447,2086
25999,r3i1p1f1,2086,03,08,0.0,21.407621,4.6331415,2086
26000,r3i1p1f1,2086,03,09,10.264275790863339,19.260845,4.97268,2086
26001,r3i1p1f1,2086,03,10,2.6886373165540465,8.911439,2.1629357,2086
26002,r3i1p1f1,2086,03,11,0.0028813394998327235,13.472057,3.115873,2086
26003,r3i1p1f1,2086,03,12,0.0,17.397982,1.8515701,2086
26004,r3i1p1f1,2086,03,13,0.008711829092741633,21.853374,3.444283,2086
26005,r3i1p1f1,2086,03,14,23.25891694838929,18.736814,5.315974,2086
26006,r3i1p1f1,2086,03,15,5.2427247319693295,10.169529,1.8075746,2086
26007,r3i1p1f1,2086,03,16,0.3525601061284595,12.607579,1.7373421,2086
26008,r3i1p1f1,2086,03,17,5.407553792452249,11.154458,2.216651,2086
26009,r3i1p1f1,2086,03,18,17.73018002885775,8.975123,2.3568382,2086
26010,r3i1p1f1,2086,03,19,1.8481403734602446,12.2754545,-0.3615891,2086
26011,r3i1p1f1,2086,03,20,0.014174217649269849,18.030903,1.3213446,2086
26012,r3i1p1f1,2086,03,21,0.05552059540412191,20.34462,5.6550593,2086
26013,r3i1p1f1,2086,03,22,0.0,20.49698,5.671187,2086
26014,r3i1p1f1,2086,03,23,0.004443503602294985,21.651733,6.0824804,2086
26015,r3i1p1f1,2086,03,24,0.0,23.023811,6.642119,2086
26016,r3i1p1f1,2086,03,25,0.002569646559563945,23.348492,8.639138,2086
26017,r3i1p1f1,2086,03,26,0.03910838346311004,22.978456,6.540925,2086
26018,r3i1p1f1,2086,03,27,3.330372129639727,20.80778,6.073802,2086
26019,r3i1p1f1,2086,03,28,0.9435357157618648,15.681562,3.3709216,2086
26020,r3i1p1f1,2086,03,29,0.20361555745308357,15.92618,5.7048306,2086
26021,r3i1p1f1,2086,03,30,0.0376257825833322,18.108103,3.3554971,2086
26022,r3i1p1f1,2086,03,31,0.0023150111188773403,21.40365,4.316389,2086
26023,r3i1p1f1,2086,04,01,0.0,23.310894,5.4217787,2086
26024,r3i1p1f1,2086,04,02,0.0,23.281864,7.274676,2086
26025,r3i1p1f1,2086,04,03,0.0,25.11846,6.879127,2086
26026,r3i1p1f1,2086,04,04,0.0,26.881275,8.509021,2086
26027,r3i1p1f1,2086,04,05,0.0,30.90193,11.008189,2086
26028,r3i1p1f1,2086,04,06,0.5046034575196134,29.490936,8.986598,2086
26029,r3i1p1f1,2086,04,07,7.072154186217548,18.605492,4.8319144,2086
26030,r3i1p1f1,2086,04,08,0.12142472327744172,16.298662,4.168358,2086
26031,r3i1p1f1,2086,04,09,0.03446321288003784,24.301003,5.737904,2086
26032,r3i1p1f1,2086,04,10,0.0,27.310991,9.5593,2086
26033,r3i1p1f1,2086,04,11,0.0,26.737328,8.979699,2086
26034,r3i1p1f1,2086,04,12,0.0,25.52412,6.767306,2086
26035,r3i1p1f1,2086,04,13,0.0,26.570124,7.9235506,2086
26036,r3i1p1f1,2086,04,14,0.0,31.152143,11.664707,2086
26037,r3i1p1f1,2086,04,15,0.0,31.106699,12.436336,2086
26038,r3i1p1f1,2086,04,16,0.0,28.307724,10.02846,2086
26039,r3i1p1f1,2086,04,17,0.0,26.358763,7.845091,2086
26040,r3i1p1f1,2086,04,18,0.0,25.904093,7.5319304,2086
26041,r3i1p1f1,2086,04,19,4.402468273617684,20.858912,4.0099835,2086
26042,r3i1p1f1,2086,04,20,11.44935246386343,16.96332,4.6012406,2086
26043,r3i1p1f1,2086,04,21,0.20508020524750986,19.127014,4.492915,2086
26044,r3i1p1f1,2086,04,22,0.0,24.956902,6.6942787,2086
26045,r3i1p1f1,2086,04,23,0.0,30.421068,12.00582,2086
26046,r3i1p1f1,2086,04,24,0.0,31.10312,13.439245,2086
26047,r3i1p1f1,2086,04,25,0.053177312035007744,28.273651,9.848459,2086
26048,r3i1p1f1,2086,04,26,0.0,19.482332,5.5239162,2086
26049,r3i1p1f1,2086,04,27,0.0,24.029287,5.259859,2086
26050,r3i1p1f1,2086,04,28,0.0,28.869839,9.468291,2086
26051,r3i1p1f1,2086,04,29,0.0,31.297874,12.290269,2086
26052,r3i1p1f1,2086,04,30,0.0,32.032677,13.1764765,2086
26053,r3i1p1f1,2086,05,01,0.0,32.72814,13.411892,2086
26054,r3i1p1f1,2086,05,02,0.0,35.228245,15.668031,2086
26055,r3i1p1f1,2086,05,03,0.0,35.71351,16.45618,2086
26056,r3i1p1f1,2086,05,04,0.0,33.35004,14.073829,2086
26057,r3i1p1f1,2086,05,05,1.1084292480782922,23.442183,7.8538833,2086
26058,r3i1p1f1,2086,05,06,0.01033105310687626,23.342073,7.2952986,2086
26059,r3i1p1f1,2086,05,07,0.0,27.223892,8.194095,2086
26060,r3i1p1f1,2086,05,08,0.0,29.254732,10.007673,2086
26061,r3i1p1f1,2086,05,09,0.0,28.43824,9.3026285,2086
26062,r3i1p1f1,2086,05,10,0.0,27.469017,8.4663,2086
26063,r3i1p1f1,2086,05,11,0.0,27.922344,8.598924,2086
26064,r3i1p1f1,2086,05,12,0.0,27.27796,7.807791,2086
26065,r3i1p1f1,2086,05,13,0.02592531865406217,23.612766,6.713041,2086
26066,r3i1p1f1,2086,05,14,0.006479560009514292,21.253624,4.8275833,2086
26067,r3i1p1f1,2086,05,15,0.0,23.232405,4.8050337,2086
26068,r3i1p1f1,2086,05,16,0.0,27.748251,8.133514,2086
26069,r3i1p1f1,2086,05,17,0.0,29.520647,9.264325,2086
26070,r3i1p1f1,2086,05,18,0.0,27.43104,8.979363,2086
26071,r3i1p1f1,2086,05,19,0.00414449076880842,24.882643,5.9470277,2086
26072,r3i1p1f1,2086,05,20,14.052354557045902,18.586945,5.0736485,2086
26073,r3i1p1f1,2086,05,21,3.910310559492218,14.740628,1.1706648,2086
26074,r3i1p1f1,2086,05,22,0.38464254644967505,19.476248,4.0241733,2086
26075,r3i1p1f1,2086,05,23,0.0,22.247866,6.275316,2086
26076,r3i1p1f1,2086,05,24,0.0,25.27423,8.845518,2086
26077,r3i1p1f1,2086,05,25,0.0,28.722073,11.02894,2086
26078,r3i1p1f1,2086,05,26,0.0,30.272598,11.886996,2086
26079,r3i1p1f1,2086,05,27,0.0,29.489174,12.504652,2086
26080,r3i1p1f1,2086,05,28,0.0,31.664825,12.915231,2086
26081,r3i1p1f1,2086,05,29,0.0,32.860317,13.785315,2086
26082,r3i1p1f1,2086,05,30,0.0,33.30352,14.607575,2086
26083,r3i1p1f1,2086,05,31,0.0,33.681446,15.152138,2086
26084,r3i1p1f1,2086,06,01,0.0,34.18529,14.66658,2086
26085,r3i1p1f1,2086,06,02,0.0,33.086014,14.391246,2086
26086,r3i1p1f1,2086,06,03,0.0,30.462408,12.603329,2086
26087,r3i1p1f1,2086,06,04,0.0,32.812897,13.763276,2086
26088,r3i1p1f1,2086,06,05,0.0,33.910122,14.827609,2086
26089,r3i1p1f1,2086,06,06,0.0,31.814878,13.092367,2086
26090,r3i1p1f1,2086,06,07,0.0,28.499313,12.528329,2086
26091,r3i1p1f1,2086,06,08,0.0,34.792164,14.832821,2086
26092,r3i1p1f1,2086,06,09,0.0,37.89605,18.24886,2086
26093,r3i1p1f1,2086,06,10,0.0,38.73147,18.91171,2086
26094,r3i1p1f1,2086,06,11,0.0,40.41703,19.85968,2086
26095,r3i1p1f1,2086,06,12,0.0,40.74953,19.513403,2086
26096,r3i1p1f1,2086,06,13,0.0,40.891956,20.244217,2086
26097,r3i1p1f1,2086,06,14,0.0,40.038784,20.076763,2086
26098,r3i1p1f1,2086,06,15,0.0,35.139782,17.082462,2086
26099,r3i1p1f1,2086,06,16,0.0,33.762165,16.276249,2086
26100,r3i1p1f1,2086,06,17,0.0,36.70197,16.770811,2086
26101,r3i1p1f1,2086,06,18,0.0,40.05289,19.754696,2086
26102,r3i1p1f1,2086,06,19,0.0,39.346394,18.719627,2086
26103,r3i1p1f1,2086,06,20,0.0,31.569227,13.910099,2086
26104,r3i1p1f1,2086,06,21,0.0,32.090736,13.540406,2086
26105,r3i1p1f1,2086,06,22,0.0,30.61814,13.96597,2086
26106,r3i1p1f1,2086,06,23,0.0,28.905285,11.820866,2086
26107,r3i1p1f1,2086,06,24,0.0,35.092678,14.970312,2086
26108,r3i1p1f1,2086,06,25,0.0,39.931713,20.097822,2086
26109,r3i1p1f1,2086,06,26,0.0,40.927498,22.800276,2086
26110,r3i1p1f1,2086,06,27,0.0,41.177254,20.93202,2086
26111,r3i1p1f1,2086,06,28,0.0,40.929955,21.446518,2086
26112,r3i1p1f1,2086,06,29,0.0,40.621647,21.668259,2086
26113,r3i1p1f1,2086,06,30,0.0,40.77767,21.92774,2086
26114,r3i1p1f1,2086,07,01,0.0,41.181843,21.14914,2086
26115,r3i1p1f1,2086,07,02,0.0,40.28273,21.234083,2086
26116,r3i1p1f1,2086,07,03,0.0,38.952362,19.506557,2086
26117,r3i1p1f1,2086,07,04,0.0,38.99842,19.393978,2086
26118,r3i1p1f1,2086,07,05,0.0,40.144936,20.367928,2086
26119,r3i1p1f1,2086,07,06,1.8978683308677953,40.08141,22.525898,2086
26120,r3i1p1f1,2086,07,07,0.3608848793726683,40.760185,22.157806,2086
26121,r3i1p1f1,2086,07,08,0.0,41.301006,21.276424,2086
26122,r3i1p1f1,2086,07,09,0.00420444345129936,40.852856,22.079853,2086
26123,r3i1p1f1,2086,07,10,0.004479018830214486,41.380978,22.16818,2086
26124,r3i1p1f1,2086,07,11,0.8108422520639248,41.5235,23.620848,2086
26125,r3i1p1f1,2086,07,12,6.140454578750051,39.44262,21.434786,2086
26126,r3i1p1f1,2086,07,13,2.3659849553333707,36.729874,19.983059,2086
26127,r3i1p1f1,2086,07,14,0.5217865374200328,36.281124,20.078405,2086
26128,r3i1p1f1,2086,07,15,0.0,32.0105,16.2168,2086
26129,r3i1p1f1,2086,07,16,0.0035997392732304324,32.847042,17.077372,2086
26130,r3i1p1f1,2086,07,17,0.0,32.35713,17.903353,2086
26131,r3i1p1f1,2086,07,18,0.0,32.010403,15.587293,2086
26132,r3i1p1f1,2086,07,19,0.0,34.355938,17.110956,2086
26133,r3i1p1f1,2086,07,20,0.0,37.402916,18.900154,2086
26134,r3i1p1f1,2086,07,21,0.006192929885759385,38.435905,20.578142,2086
26135,r3i1p1f1,2086,07,22,0.0,37.798733,19.454042,2086
26136,r3i1p1f1,2086,07,23,1.1600046711673988,36.205658,19.651712,2086
26137,r3i1p1f1,2086,07,24,10.052065257001425,34.907978,20.531431,2086
26138,r3i1p1f1,2086,07,25,14.917626923085084,32.271942,18.276638,2086
26139,r3i1p1f1,2086,07,26,0.0,34.63251,19.200037,2086
26140,r3i1p1f1,2086,07,27,0.0,35.37402,20.402231,2086
26141,r3i1p1f1,2086,07,28,0.0,34.879723,20.505463,2086
26142,r3i1p1f1,2086,07,29,0.0,35.213333,18.929764,2086
26143,r3i1p1f1,2086,07,30,0.0,36.1463,18.521263,2086
26144,r3i1p1f1,2086,07,31,0.0,36.050777,19.084436,2086
26145,r3i1p1f1,2086,08,01,0.00773235781569824,36.810917,19.327188,2086
26146,r3i1p1f1,2086,08,02,0.9058067325912073,37.574516,20.325153,2086
26147,r3i1p1f1,2086,08,03,0.0,37.928055,20.71074,2086
26148,r3i1p1f1,2086,08,04,0.030349501069973816,38.87541,20.216812,2086
26149,r3i1p1f1,2086,08,05,0.4145821463437945,38.26752,20.711996,2086
26150,r3i1p1f1,2086,08,06,2.1637311501884446,36.322117,20.134705,2086
26151,r3i1p1f1,2086,08,07,0.02527889710053745,35.513668,17.911804,2086
26152,r3i1p1f1,2086,08,08,0.0,35.518253,18.774761,2086
26153,r3i1p1f1,2086,08,09,0.02545990329412179,35.44242,19.309887,2086
26154,r3i1p1f1,2086,08,10,1.5534382778974813,33.537422,18.47539,2086
26155,r3i1p1f1,2086,08,11,3.1816978751378358,30.964348,18.271994,2086
26156,r3i1p1f1,2086,08,12,0.005034157145542629,31.846584,17.072542,2086
26157,r3i1p1f1,2086,08,13,0.0004802461163225499,34.54311,17.745451,2086
26158,r3i1p1f1,2086,08,14,0.0,35.188263,17.929117,2086
26159,r3i1p1f1,2086,08,15,0.0,34.187084,17.405048,2086
26160,r3i1p1f1,2086,08,16,0.0,32.981857,16.367897,2086
26161,r3i1p1f1,2086,08,17,0.0,33.797253,17.07215,2086
26162,r3i1p1f1,2086,08,18,0.0,36.270267,19.00575,2086
26163,r3i1p1f1,2086,08,19,0.06927317877963299,37.017014,19.66047,2086
26164,r3i1p1f1,2086,08,20,0.027721410998227922,38.4708,21.330446,2086
26165,r3i1p1f1,2086,08,21,3.318022034552335,38.498863,21.389566,2086
26166,r3i1p1f1,2086,08,22,0.8183818864265711,39.58323,23.389797,2086
26167,r3i1p1f1,2086,08,23,1.3538266926524087,40.263634,22.53467,2086
26168,r3i1p1f1,2086,08,24,0.16857157814118898,39.82639,22.79237,2086
26169,r3i1p1f1,2086,08,25,0.0,38.939682,20.67594,2086
26170,r3i1p1f1,2086,08,26,0.0,36.33924,17.401636,2086
26171,r3i1p1f1,2086,08,27,0.0,36.701088,17.493689,2086
26172,r3i1p1f1,2086,08,28,0.0,36.625946,17.011805,2086
26173,r3i1p1f1,2086,08,29,0.4077944445342644,35.82605,19.61396,2086
26174,r3i1p1f1,2086,08,30,0.3114942634111327,36.377594,19.783646,2086
26175,r3i1p1f1,2086,08,31,0.5089679780719576,37.628628,20.560051,2086
26176,r3i1p1f1,2086,09,01,0.0,34.795403,19.043056,2086
26177,r3i1p1f1,2086,09,02,0.0,33.51878,17.620565,2086
26178,r3i1p1f1,2086,09,03,0.0,36.05921,18.789215,2086
26179,r3i1p1f1,2086,09,04,0.0,36.603565,19.607214,2086
26180,r3i1p1f1,2086,09,05,0.0,36.661667,18.80412,2086
26181,r3i1p1f1,2086,09,06,0.0,36.609745,19.095284,2086
26182,r3i1p1f1,2086,09,07,0.0,35.479122,18.708025,2086
26183,r3i1p1f1,2086,09,08,0.0,34.52067,18.431814,2086
26184,r3i1p1f1,2086,09,09,0.0,35.931194,18.524727,2086
26185,r3i1p1f1,2086,09,10,0.0,37.671383,20.215338,2086
26186,r3i1p1f1,2086,09,11,0.0,37.484787,20.39555,2086
26187,r3i1p1f1,2086,09,12,0.0,36.109417,18.983068,2086
26188,r3i1p1f1,2086,09,13,0.0,35.37091,18.109732,2086
26189,r3i1p1f1,2086,09,14,0.0,35.66738,18.627642,2086
26190,r3i1p1f1,2086,09,15,0.0,37.367817,19.543615,2086
26191,r3i1p1f1,2086,09,16,0.0,36.988155,19.52717,2086
26192,r3i1p1f1,2086,09,17,0.010669318038377573,35.457176,18.916151,2086
26193,r3i1p1f1,2086,09,18,1.416699332379115,34.77312,19.568148,2086
26194,r3i1p1f1,2086,09,19,0.6505386444482473,34.916214,18.869877,2086
26195,r3i1p1f1,2086,09,20,1.0881871487733654,35.691772,19.686848,2086
26196,r3i1p1f1,2086,09,21,2.5393233377976823,33.824867,19.601973,2086
26197,r3i1p1f1,2086,09,22,0.0,31.674257,16.628984,2086
26198,r3i1p1f1,2086,09,23,0.0,33.6731,16.420584,2086
26199,r3i1p1f1,2086,09,24,0.0,34.69259,17.107643,2086
26200,r3i1p1f1,2086,09,25,0.06453130228196229,34.633945,19.360369,2086
26201,r3i1p1f1,2086,09,26,0.020243444561139877,33.699154,16.815022,2086
26202,r3i1p1f1,2086,09,27,0.33899579578163946,32.15543,17.012062,2086
26203,r3i1p1f1,2086,09,28,0.1514052118396979,32.57018,17.231606,2086
26204,r3i1p1f1,2086,09,29,2.124825237485559,33.67057,20.06566,2086
26205,r3i1p1f1,2086,09,30,0.002160481544155063,28.59133,14.785607,2086
26206,r3i1p1f1,2086,10,01,0.0,26.57369,12.812644,2086
26207,r3i1p1f1,2086,10,02,0.006621686748765183,31.656218,15.887696,2086
26208,r3i1p1f1,2086,10,03,0.20137893973063029,35.898205,20.570816,2086
26209,r3i1p1f1,2086,10,04,0.028451767213868374,36.175568,19.379095,2086
26210,r3i1p1f1,2086,10,05,0.0,35.01408,18.22071,2086
26211,r3i1p1f1,2086,10,06,0.0,31.522293,13.895831,2086
26212,r3i1p1f1,2086,10,07,0.0,29.61922,12.540683,2086
26213,r3i1p1f1,2086,10,08,0.0,28.62332,12.132066,2086
26214,r3i1p1f1,2086,10,09,0.0,26.749973,11.689322,2086
26215,r3i1p1f1,2086,10,10,0.0,24.75522,10.387134,2086
26216,r3i1p1f1,2086,10,11,0.0,27.606653,11.110568,2086
26217,r3i1p1f1,2086,10,12,0.0,27.367655,11.509884,2086
26218,r3i1p1f1,2086,10,13,0.0,29.727589,13.094497,2086
26219,r3i1p1f1,2086,10,14,0.0,32.101227,15.267917,2086
26220,r3i1p1f1,2086,10,15,0.0,34.051006,15.952908,2086
26221,r3i1p1f1,2086,10,16,0.0,33.672382,15.717677,2086
26222,r3i1p1f1,2086,10,17,0.0,31.135214,13.988046,2086
26223,r3i1p1f1,2086,10,18,0.0,27.368788,11.331462,2086
26224,r3i1p1f1,2086,10,19,0.0,26.451424,11.312798,2086
26225,r3i1p1f1,2086,10,20,0.0,26.589281,11.682744,2086
26226,r3i1p1f1,2086,10,21,0.23608804425472926,24.990204,10.756436,2086
26227,r3i1p1f1,2086,10,22,0.05622986504793957,23.477213,9.4650135,2086
26228,r3i1p1f1,2086,10,23,0.0,21.711094,8.649432,2086
26229,r3i1p1f1,2086,10,24,0.7360217223829364,23.557861,10.440686,2086
26230,r3i1p1f1,2086,10,25,0.739006723703245,20.28532,8.372686,2086
26231,r3i1p1f1,2086,10,26,0.0,24.819365,8.35669,2086
26232,r3i1p1f1,2086,10,27,0.0,28.1049,11.616326,2086
26233,r3i1p1f1,2086,10,28,6.9306629326241485,29.618862,16.629007,2086
26234,r3i1p1f1,2086,10,29,7.396674629727028,22.643185,12.907323,2086
26235,r3i1p1f1,2086,10,30,0.0035743905887515707,17.332815,6.328318,2086
26236,r3i1p1f1,2086,10,31,0.0034756859222949115,17.0397,4.631051,2086
26237,r3i1p1f1,2086,11,01,0.0,16.496037,4.436471,2086
26238,r3i1p1f1,2086,11,02,0.00461973532131224,17.923586,5.2824655,2086
26239,r3i1p1f1,2086,11,03,0.0,18.925367,5.1101556,2086
26240,r3i1p1f1,2086,11,04,0.0,18.537159,4.829309,2086
26241,r3i1p1f1,2086,11,05,0.01498274989761271,18.606205,5.783342,2086
26242,r3i1p1f1,2086,11,06,0.07462832872106721,19.367666,7.526679,2086
26243,r3i1p1f1,2086,11,07,0.05652594223713067,19.273088,8.096952,2086
26244,r3i1p1f1,2086,11,08,0.021318107672303802,17.048061,5.7451825,2086
26245,r3i1p1f1,2086,11,09,0.03807548758094058,16.233887,4.1704345,2086
26246,r3i1p1f1,2086,11,10,0.0,16.491594,3.547283,2086
26247,r3i1p1f1,2086,11,11,0.0,18.213173,3.735048,2086
26248,r3i1p1f1,2086,11,12,0.0,20.859772,4.6646457,2086
26249,r3i1p1f1,2086,11,13,0.0,19.955338,5.1454463,2086
26250,r3i1p1f1,2086,11,14,0.0,19.59723,4.866926,2086
26251,r3i1p1f1,2086,11,15,0.0,19.110256,5.1890807,2086
26252,r3i1p1f1,2086,11,16,0.0,21.117693,6.7685895,2086
26253,r3i1p1f1,2086,11,17,2.6564846727405187,19.769003,5.2342906,2086
26254,r3i1p1f1,2086,11,18,3.674576815196126,18.638367,8.781234,2086
26255,r3i1p1f1,2086,11,19,0.0,17.815142,5.593704,2086
26256,r3i1p1f1,2086,11,20,5.737987646789406,20.142015,7.9203386,2086
26257,r3i1p1f1,2086,11,21,0.0,14.459155,1.9473127,2086
26258,r3i1p1f1,2086,11,22,10.768804551445294,16.091148,5.7831044,2086
26259,r3i1p1f1,2086,11,23,16.706030763915887,17.211075,6.8270507,2086
26260,r3i1p1f1,2086,11,24,22.19491719798305,16.325596,7.24919,2086
26261,r3i1p1f1,2086,11,25,0.3600518316582593,11.209105,0.8645873,2086
26262,r3i1p1f1,2086,11,26,0.007211980162978623,12.757964,1.1310065,2086
26263,r3i1p1f1,2086,11,27,0.0,15.543007,2.3629708,2086
26264,r3i1p1f1,2086,11,28,0.0,14.412085,2.637819,2086
26265,r3i1p1f1,2086,11,29,0.0003395713230764324,15.656862,3.4393957,2086
26266,r3i1p1f1,2086,11,30,0.09224483798982075,15.619199,2.7482169,2086
26267,r3i1p1f1,2086,12,01,5.448756141619621,14.179904,4.4124527,2086
26268,r3i1p1f1,2086,12,02,3.1278836725003645,12.217209,4.191917,2086
26269,r3i1p1f1,2086,12,03,0.33532642535481666,8.569436,0.00063668366,2086
26270,r3i1p1f1,2086,12,04,0.0,8.128428,-0.8061449,2086
26271,r3i1p1f1,2086,12,05,0.0,13.546619,-0.39165774,2086
26272,r3i1p1f1,2086,12,06,0.0,13.45937,0.2401207,2086
26273,r3i1p1f1,2086,12,07,0.0,12.215141,-0.26744303,2086
26274,r3i1p1f1,2086,12,08,0.0,11.181596,-1.1822201,2086
26275,r3i1p1f1,2086,12,09,0.0,12.572566,0.32993856,2086
26276,r3i1p1f1,2086,12,10,0.0,10.935099,0.63561845,2086
26277,r3i1p1f1,2086,12,11,0.0,15.866125,2.2150617,2086
26278,r3i1p1f1,2086,12,12,0.0,17.28479,3.3017945,2086
26279,r3i1p1f1,2086,12,13,0.08094256475573909,15.359045,2.6203716,2086
26280,r3i1p1f1,2086,12,14,0.12452360771324796,14.112948,1.4056839,2086
26281,r3i1p1f1,2086,12,15,0.050593349536057125,12.995208,3.7845373,2086
26282,r3i1p1f1,2086,12,16,0.0,10.141691,1.3486376,2086
26283,r3i1p1f1,2086,12,17,0.0013924281070516868,7.9874406,-0.93868977,2086
26284,r3i1p1f1,2086,12,18,0.0,8.553228,-2.9259229,2086
26285,r3i1p1f1,2086,12,19,0.0,8.712067,-4.472643,2086
26286,r3i1p1f1,2086,12,20,0.0,10.486625,-2.3430665,2086
26287,r3i1p1f1,2086,12,21,0.0,18.163057,3.617229,2086
26288,r3i1p1f1,2086,12,22,0.0,19.688066,6.340516,2086
26289,r3i1p1f1,2086,12,23,0.0,19.147324,5.4916596,2086
26290,r3i1p1f1,2086,12,24,0.0,19.532078,5.1346765,2086
26291,r3i1p1f1,2086,12,25,0.0,18.336115,4.286816,2086
26292,r3i1p1f1,2086,12,26,0.0,16.930481,3.3613675,2086
26293,r3i1p1f1,2086,12,27,0.1745190068289627,16.918274,5.567831,2086
26294,r3i1p1f1,2086,12,28,15.306161104588572,15.795596,6.845734,2086
26295,r3i1p1f1,2086,12,29,67.77335693127085,11.247779,5.4898596,2086
26296,r3i1p1f1,2086,12,30,112.85540850291551,17.143137,8.156811,2086
26297,r3i1p1f1,2086,12,31,37.28886431428801,17.231438,6.693357,2086
26298,r3i1p1f1,2087,01,01,7.358232878702479,10.886476,1.7504671,2087
26299,r3i1p1f1,2087,01,02,16.369272342620235,11.443526,4.4360914,2087
26300,r3i1p1f1,2087,01,03,18.915368343013775,12.807249,6.3329625,2087
26301,r3i1p1f1,2087,01,04,38.87076329419897,13.41388,7.6623178,2087
26302,r3i1p1f1,2087,01,05,23.118657652287794,12.922082,6.472903,2087
26303,r3i1p1f1,2087,01,06,0.0,11.297879,-1.1632009,2087
26304,r3i1p1f1,2087,01,07,0.0,14.469482,0.73605245,2087
26305,r3i1p1f1,2087,01,08,0.0,15.4551325,3.146882,2087
26306,r3i1p1f1,2087,01,09,0.014016284857820156,14.628074,1.6300915,2087
26307,r3i1p1f1,2087,01,10,0.014279398742611662,13.584411,4.1879044,2087
26308,r3i1p1f1,2087,01,11,0.0006529089555304822,13.046968,1.9714087,2087
26309,r3i1p1f1,2087,01,12,5.011164899302512,11.744993,3.9227211,2087
26310,r3i1p1f1,2087,01,13,0.0,9.548485,-1.2682829,2087
26311,r3i1p1f1,2087,01,14,0.0,11.074582,-2.5113509,2087
26312,r3i1p1f1,2087,01,15,0.0,11.628863,-0.63239443,2087
26313,r3i1p1f1,2087,01,16,2.375149456102835,11.400334,-0.38171744,2087
26314,r3i1p1f1,2087,01,17,0.33433329854178184,10.486699,2.4449928,2087
26315,r3i1p1f1,2087,01,18,0.14420410222197516,10.669053,-0.45257884,2087
26316,r3i1p1f1,2087,01,19,9.707624964631218,11.000689,3.7525144,2087
26317,r3i1p1f1,2087,01,20,3.303507417653181,9.504939,3.0999508,2087
26318,r3i1p1f1,2087,01,21,33.37105030181357,11.485834,2.3029397,2087
26319,r3i1p1f1,2087,01,22,32.198149486375215,13.520815,5.2574816,2087
26320,r3i1p1f1,2087,01,23,15.078330951401961,12.674011,5.1757255,2087
26321,r3i1p1f1,2087,01,24,0.4476761047694846,10.69353,1.1508653,2087
26322,r3i1p1f1,2087,01,25,0.0,10.771667,-3.1009321,2087
26323,r3i1p1f1,2087,01,26,0.0,11.417326,-0.98014146,2087
26324,r3i1p1f1,2087,01,27,0.0,12.223163,-0.8975791,2087
26325,r3i1p1f1,2087,01,28,0.0,14.029707,-0.13621107,2087
26326,r3i1p1f1,2087,01,29,0.001742905735613242,12.626091,-1.2657399,2087
26327,r3i1p1f1,2087,01,30,6.562829946177579,9.42455,4.6834,2087
26328,r3i1p1f1,2087,01,31,9.710763230241563,15.318318,5.140023,2087
26329,r3i1p1f1,2087,02,01,0.14971342667305373,15.353586,3.6842127,2087
26330,r3i1p1f1,2087,02,02,0.0,15.879522,1.1141266,2087
26331,r3i1p1f1,2087,02,03,8.652689619780038e-05,16.228493,3.6164422,2087
26332,r3i1p1f1,2087,02,04,0.09766613726352455,17.123724,5.6712675,2087
26333,r3i1p1f1,2087,02,05,14.013590791959855,17.611094,8.9029045,2087
26334,r3i1p1f1,2087,02,06,0.31550720003658417,16.742397,6.38909,2087
26335,r3i1p1f1,2087,02,07,0.0,18.804953,5.6350145,2087
26336,r3i1p1f1,2087,02,08,0.053966205910414414,20.004606,6.2769446,2087
26337,r3i1p1f1,2087,02,09,0.0025408581617133072,18.211016,6.926326,2087
26338,r3i1p1f1,2087,02,10,0.0,17.805367,3.6481729,2087
26339,r3i1p1f1,2087,02,11,0.0004453233718364076,18.47844,4.440707,2087
26340,r3i1p1f1,2087,02,12,0.09131547725315392,17.46778,6.242203,2087
26341,r3i1p1f1,2087,02,13,0.0,18.523117,4.7149243,2087
26342,r3i1p1f1,2087,02,14,1.69612029746428,18.305473,4.653878,2087
26343,r3i1p1f1,2087,02,15,0.2966795010389901,13.492862,2.909104,2087
26344,r3i1p1f1,2087,02,16,0.0,15.839962,2.0963674,2087
26345,r3i1p1f1,2087,02,17,0.0,20.29151,4.840584,2087
26346,r3i1p1f1,2087,02,18,0.0,19.929174,5.486799,2087
26347,r3i1p1f1,2087,02,19,0.0,20.218004,4.830255,2087
26348,r3i1p1f1,2087,02,20,0.00028600466920937777,19.66839,4.4332404,2087
26349,r3i1p1f1,2087,02,21,0.0037062287843913177,17.999393,6.195234,2087
26350,r3i1p1f1,2087,02,22,0.014202665308513326,19.215351,3.9196188,2087
26351,r3i1p1f1,2087,02,23,0.13828611975468724,20.990984,5.312138,2087
26352,r3i1p1f1,2087,02,24,0.03471515655154221,20.59081,5.790921,2087
26353,r3i1p1f1,2087,02,25,0.0,21.141891,5.5136194,2087
26354,r3i1p1f1,2087,02,26,0.0008993219958166733,21.47618,4.7822995,2087
26355,r3i1p1f1,2087,02,27,7.44896626392636,18.477736,7.413059,2087
26356,r3i1p1f1,2087,02,28,7.5264159334906395,14.772196,7.0720935,2087
26357,r3i1p1f1,2087,03,01,4.289152628363506,15.526109,4.9598513,2087
26358,r3i1p1f1,2087,03,02,0.05248694008101169,15.461776,0.77973586,2087
26359,r3i1p1f1,2087,03,03,0.0002231867807550412,15.3025675,0.5639208,2087
26360,r3i1p1f1,2087,03,04,4.206882613081799,15.54731,3.9972734,2087
26361,r3i1p1f1,2087,03,05,5.343390673901233,14.41466,3.946974,2087
26362,r3i1p1f1,2087,03,06,0.7081336403715602,16.679285,6.1999516,2087
26363,r3i1p1f1,2087,03,07,3.134427853022344,16.744968,7.189558,2087
26364,r3i1p1f1,2087,03,08,0.024045867734953805,16.210651,1.8739456,2087
26365,r3i1p1f1,2087,03,09,0.0,18.644234,2.379652,2087
26366,r3i1p1f1,2087,03,10,3.182899077232419e-06,19.349407,6.2245,2087
26367,r3i1p1f1,2087,03,11,0.007175697397597656,21.237234,5.7444944,2087
26368,r3i1p1f1,2087,03,12,11.606134782645809,19.95415,5.9103756,2087
26369,r3i1p1f1,2087,03,13,10.448469665056054,10.869069,0.9295298,2087
26370,r3i1p1f1,2087,03,14,2.2371773308171243,11.727911,0.9879372,2087
26371,r3i1p1f1,2087,03,15,17.089824124017138,10.565362,2.529066,2087
26372,r3i1p1f1,2087,03,16,15.442222754696338,9.598173,0.5645065,2087
26373,r3i1p1f1,2087,03,17,0.18978774539804857,12.558305,-2.0819745,2087
26374,r3i1p1f1,2087,03,18,0.0,15.14979,1.1714107,2087
26375,r3i1p1f1,2087,03,19,0.0,17.803215,1.5102919,2087
26376,r3i1p1f1,2087,03,20,0.0,19.822405,4.8297677,2087
26377,r3i1p1f1,2087,03,21,0.0,21.571777,5.2406754,2087
26378,r3i1p1f1,2087,03,22,0.0,22.70492,7.602947,2087
26379,r3i1p1f1,2087,03,23,0.0,23.45895,7.8489594,2087
26380,r3i1p1f1,2087,03,24,0.0,25.344751,7.25426,2087
26381,r3i1p1f1,2087,03,25,0.0,24.717215,8.992773,2087
26382,r3i1p1f1,2087,03,26,0.012837071677274776,23.126799,7.5275464,2087
26383,r3i1p1f1,2087,03,27,0.0,25.292707,6.8913903,2087
26384,r3i1p1f1,2087,03,28,0.055997954843791595,25.726126,7.281794,2087
26385,r3i1p1f1,2087,03,29,8.609435666553647,21.240479,6.833919,2087
26386,r3i1p1f1,2087,03,30,0.021458306520909184,24.640207,6.855469,2087
26387,r3i1p1f1,2087,03,31,0.0,27.303328,8.760159,2087
26388,r3i1p1f1,2087,04,01,0.0,28.916273,10.621692,2087
26389,r3i1p1f1,2087,04,02,0.0,29.434853,11.652882,2087
26390,r3i1p1f1,2087,04,03,0.0,28.520763,10.055233,2087
26391,r3i1p1f1,2087,04,04,0.0,29.960732,10.483662,2087
26392,r3i1p1f1,2087,04,05,0.18860368027438226,29.200119,10.877373,2087
26393,r3i1p1f1,2087,04,06,0.0,23.431982,4.3994555,2087
26394,r3i1p1f1,2087,04,07,0.0,27.805548,8.314352,2087
26395,r3i1p1f1,2087,04,08,0.006561372345348707,26.654818,7.488343,2087
26396,r3i1p1f1,2087,04,09,1.3971220446469625,21.157867,6.799488,2087
26397,r3i1p1f1,2087,04,10,0.0,24.327698,6.6281853,2087
26398,r3i1p1f1,2087,04,11,0.0,25.97112,6.358029,2087
26399,r3i1p1f1,2087,04,12,0.04861749313435708,23.744768,7.2240033,2087
26400,r3i1p1f1,2087,04,13,0.0,26.598133,6.435533,2087
26401,r3i1p1f1,2087,04,14,0.0,29.284582,8.96332,2087
26402,r3i1p1f1,2087,04,15,0.0,30.064688,10.520642,2087
26403,r3i1p1f1,2087,04,16,0.1764000641202129,26.642595,7.982637,2087
26404,r3i1p1f1,2087,04,17,0.00015097086416613874,18.391867,2.978265,2087
26405,r3i1p1f1,2087,04,18,0.0,22.0348,3.452918,2087
26406,r3i1p1f1,2087,04,19,0.0,27.359764,7.184961,2087
26407,r3i1p1f1,2087,04,20,0.0,29.37562,9.390091,2087
26408,r3i1p1f1,2087,04,21,0.0,28.330008,9.89833,2087
26409,r3i1p1f1,2087,04,22,0.0,23.884073,6.1838098,2087
26410,r3i1p1f1,2087,04,23,0.1066432255924376,20.912294,4.2450213,2087
26411,r3i1p1f1,2087,04,24,0.0,22.093594,3.3777127,2087
26412,r3i1p1f1,2087,04,25,0.0,22.95444,3.9489753,2087
26413,r3i1p1f1,2087,04,26,0.0,24.758923,6.1945906,2087
26414,r3i1p1f1,2087,04,27,0.0,28.103312,8.176999,2087
26415,r3i1p1f1,2087,04,28,0.0,30.223759,10.842073,2087
26416,r3i1p1f1,2087,04,29,0.0,32.229195,12.584637,2087
26417,r3i1p1f1,2087,04,30,0.0,32.52755,12.597359,2087
26418,r3i1p1f1,2087,05,01,0.29122672177794756,29.429205,10.705617,2087
26419,r3i1p1f1,2087,05,02,6.1270080087375725,23.612816,7.0692506,2087
26420,r3i1p1f1,2087,05,03,0.32168537106454925,21.981253,8.748344,2087
26421,r3i1p1f1,2087,05,04,0.2733319889882819,24.022512,8.6687765,2087
26422,r3i1p1f1,2087,05,05,0.012017294467306894,25.267405,7.2011304,2087
26423,r3i1p1f1,2087,05,06,0.024040073203099328,27.567982,7.759167,2087
26424,r3i1p1f1,2087,05,07,0.007074557885943884,27.836697,9.274324,2087
26425,r3i1p1f1,2087,05,08,0.0,25.87562,8.5166645,2087
26426,r3i1p1f1,2087,05,09,0.0,25.801538,7.818137,2087
26427,r3i1p1f1,2087,05,10,0.0,26.552862,9.939,2087
26428,r3i1p1f1,2087,05,11,3.897002616583698,21.82363,6.479998,2087
26429,r3i1p1f1,2087,05,12,0.07412884636874933,25.96056,9.164801,2087
26430,r3i1p1f1,2087,05,13,0.0,28.72561,9.924191,2087
26431,r3i1p1f1,2087,05,14,0.0,30.955809,10.618484,2087
26432,r3i1p1f1,2087,05,15,0.0,29.14279,9.717276,2087
26433,r3i1p1f1,2087,05,16,0.0,27.913534,8.209095,2087
26434,r3i1p1f1,2087,05,17,0.0,26.973885,6.5195093,2087
26435,r3i1p1f1,2087,05,18,0.0,20.588633,4.4267864,2087
26436,r3i1p1f1,2087,05,19,0.0,22.502535,3.6708126,2087
26437,r3i1p1f1,2087,05,20,0.0,25.48121,5.087488,2087
26438,r3i1p1f1,2087,05,21,0.0,24.929373,7.023172,2087
26439,r3i1p1f1,2087,05,22,0.2747717793417079,20.464884,4.4841156,2087
26440,r3i1p1f1,2087,05,23,1.186077682082076,16.309965,0.12688068,2087
26441,r3i1p1f1,2087,05,24,0.03211908042430878,22.262503,3.0224323,2087
26442,r3i1p1f1,2087,05,25,0.0,28.062641,7.8957415,2087
26443,r3i1p1f1,2087,05,26,0.0,34.256824,12.74479,2087
26444,r3i1p1f1,2087,05,27,0.0,34.28229,13.624931,2087
26445,r3i1p1f1,2087,05,28,0.0,31.461885,12.1996565,2087
26446,r3i1p1f1,2087,05,29,0.02879674482066934,28.192362,10.726544,2087
26447,r3i1p1f1,2087,05,30,0.0,22.208225,5.1185822,2087
26448,r3i1p1f1,2087,05,31,0.0,27.676512,9.156001,2087
26449,r3i1p1f1,2087,06,01,0.0,33.495274,12.581713,2087
26450,r3i1p1f1,2087,06,02,0.0,37.249916,16.011723,2087
26451,r3i1p1f1,2087,06,03,0.0,39.3688,18.108103,2087
26452,r3i1p1f1,2087,06,04,0.0,37.998203,17.482151,2087
26453,r3i1p1f1,2087,06,05,0.0,33.857964,13.962357,2087
26454,r3i1p1f1,2087,06,06,0.0,30.556334,11.903425,2087
26455,r3i1p1f1,2087,06,07,0.0,29.219687,10.823574,2087
26456,r3i1p1f1,2087,06,08,0.0,29.574926,11.13086,2087
26457,r3i1p1f1,2087,06,09,0.0,30.969297,12.414133,2087
26458,r3i1p1f1,2087,06,10,0.0,31.2785,12.4129925,2087
26459,r3i1p1f1,2087,06,11,0.0,30.522675,12.5993,2087
26460,r3i1p1f1,2087,06,12,9.169931713999672e-05,29.238623,11.556486,2087
26461,r3i1p1f1,2087,06,13,0.0,26.761477,10.161684,2087
26462,r3i1p1f1,2087,06,14,0.0,30.781366,12.551527,2087
26463,r3i1p1f1,2087,06,15,0.03152093204500323,35.81205,16.765617,2087
26464,r3i1p1f1,2087,06,16,0.0,38.352528,18.615883,2087
26465,r3i1p1f1,2087,06,17,0.0,40.258972,19.653502,2087
26466,r3i1p1f1,2087,06,18,0.0,40.115734,19.783846,2087
26467,r3i1p1f1,2087,06,19,0.0,40.158886,19.807463,2087
26468,r3i1p1f1,2087,06,20,0.0,40.152378,20.287128,2087
26469,r3i1p1f1,2087,06,21,0.0,39.31195,19.170229,2087
26470,r3i1p1f1,2087,06,22,0.0,39.31586,19.079454,2087
26471,r3i1p1f1,2087,06,23,0.0,40.084553,19.852577,2087
26472,r3i1p1f1,2087,06,24,0.0,40.52003,20.01828,2087
26473,r3i1p1f1,2087,06,25,0.0,40.457775,21.276304,2087
26474,r3i1p1f1,2087,06,26,0.000285869869967979,40.167675,21.585707,2087
26475,r3i1p1f1,2087,06,27,0.0,39.067215,19.133656,2087
26476,r3i1p1f1,2087,06,28,0.0,34.094772,15.77473,2087
26477,r3i1p1f1,2087,06,29,0.0,33.111835,14.735911,2087
26478,r3i1p1f1,2087,06,30,0.0,33.520096,15.282105,2087
26479,r3i1p1f1,2087,07,01,0.0,32.307644,15.509807,2087
26480,r3i1p1f1,2087,07,02,0.0,33.92281,15.135829,2087
26481,r3i1p1f1,2087,07,03,0.0,36.068806,16.26586,2087
26482,r3i1p1f1,2087,07,04,0.0,36.761814,17.207705,2087
26483,r3i1p1f1,2087,07,05,0.0,36.46951,18.225925,2087
26484,r3i1p1f1,2087,07,06,0.0,36.397213,18.232992,2087
26485,r3i1p1f1,2087,07,07,0.0,35.498825,16.89471,2087
26486,r3i1p1f1,2087,07,08,0.0,35.288597,16.830435,2087
26487,r3i1p1f1,2087,07,09,0.0,35.217945,17.33643,2087
26488,r3i1p1f1,2087,07,10,0.0,34.59346,16.56091,2087
26489,r3i1p1f1,2087,07,11,0.0,32.82305,15.653141,2087
26490,r3i1p1f1,2087,07,12,0.0,32.920025,15.934222,2087
26491,r3i1p1f1,2087,07,13,0.0,31.621773,14.896731,2087
26492,r3i1p1f1,2087,07,14,0.0,31.193014,15.567729,2087
26493,r3i1p1f1,2087,07,15,0.0,33.587204,17.431734,2087
26494,r3i1p1f1,2087,07,16,0.0,35.744286,18.72063,2087
26495,r3i1p1f1,2087,07,17,0.0,35.408333,18.26994,2087
26496,r3i1p1f1,2087,07,18,0.0,33.84563,17.430017,2087
26497,r3i1p1f1,2087,07,19,0.0,34.48333,16.865149,2087
26498,r3i1p1f1,2087,07,20,0.011055955061844239,34.99667,18.268421,2087
26499,r3i1p1f1,2087,07,21,0.0,34.376186,18.031233,2087
26500,r3i1p1f1,2087,07,22,0.0,34.767773,18.10456,2087
26501,r3i1p1f1,2087,07,23,0.0,34.288597,17.517673,2087
26502,r3i1p1f1,2087,07,24,0.0,36.874916,19.164608,2087
26503,r3i1p1f1,2087,07,25,0.0,40.02935,19.838812,2087
26504,r3i1p1f1,2087,07,26,0.0,41.229076,21.179897,2087
26505,r3i1p1f1,2087,07,27,0.0,42.207977,22.722576,2087
26506,r3i1p1f1,2087,07,28,0.0,41.707424,23.110088,2087
26507,r3i1p1f1,2087,07,29,0.0,41.94224,22.987928,2087
26508,r3i1p1f1,2087,07,30,0.0,41.81352,21.945297,2087
26509,r3i1p1f1,2087,07,31,0.0,39.89224,21.143051,2087
26510,r3i1p1f1,2087,08,01,0.0,38.682552,20.624613,2087
26511,r3i1p1f1,2087,08,02,0.0,38.01638,19.860806,2087
26512,r3i1p1f1,2087,08,03,0.0,37.991302,19.869234,2087
26513,r3i1p1f1,2087,08,04,0.0,39.534546,19.94124,2087
26514,r3i1p1f1,2087,08,05,0.0,40.011623,20.498945,2087
26515,r3i1p1f1,2087,08,06,0.0,39.26826,21.196962,2087
26516,r3i1p1f1,2087,08,07,0.0,37.16599,21.044973,2087
26517,r3i1p1f1,2087,08,08,0.0,34.97097,19.751577,2087
26518,r3i1p1f1,2087,08,09,0.0,35.60856,20.262611,2087
26519,r3i1p1f1,2087,08,10,0.0,37.361706,20.48963,2087
26520,r3i1p1f1,2087,08,11,0.0,36.50968,20.537436,2087
26521,r3i1p1f1,2087,08,12,0.0,37.39739,19.32881,2087
26522,r3i1p1f1,2087,08,13,0.0,37.406185,20.011883,2087
26523,r3i1p1f1,2087,08,14,0.0,36.52452,19.85281,2087
26524,r3i1p1f1,2087,08,15,0.0,35.493885,18.2838,2087
26525,r3i1p1f1,2087,08,16,0.0,36.36631,18.919468,2087
26526,r3i1p1f1,2087,08,17,0.32883726300056104,37.135662,21.265152,2087
26527,r3i1p1f1,2087,08,18,0.0964736190331733,36.837173,21.396688,2087
26528,r3i1p1f1,2087,08,19,0.0,37.90415,20.782894,2087
26529,r3i1p1f1,2087,08,20,0.0023957275709218457,37.982796,20.342604,2087
26530,r3i1p1f1,2087,08,21,0.0,36.309967,19.390947,2087
26531,r3i1p1f1,2087,08,22,7.195452450435947e-05,33.3109,17.626835,2087
26532,r3i1p1f1,2087,08,23,0.048208996663699065,35.41893,19.008568,2087
26533,r3i1p1f1,2087,08,24,0.0,36.897778,20.030468,2087
26534,r3i1p1f1,2087,08,25,0.0,38.34431,20.222662,2087
26535,r3i1p1f1,2087,08,26,0.6355066449561325,38.33773,21.251629,2087
26536,r3i1p1f1,2087,08,27,0.24779626056304993,39.672543,20.95695,2087
26537,r3i1p1f1,2087,08,28,0.9343758542931799,38.276985,20.32335,2087
26538,r3i1p1f1,2087,08,29,0.0,36.464043,16.655996,2087
26539,r3i1p1f1,2087,08,30,0.0,39.481747,19.076735,2087
26540,r3i1p1f1,2087,08,31,0.061764739344432724,39.63507,20.121706,2087
26541,r3i1p1f1,2087,09,01,0.0,37.175358,20.607481,2087
26542,r3i1p1f1,2087,09,02,0.02342755188389371,36.253193,19.746737,2087
26543,r3i1p1f1,2087,09,03,0.15991357571417184,34.985435,19.006271,2087
26544,r3i1p1f1,2087,09,04,0.0,32.882942,16.249186,2087
26545,r3i1p1f1,2087,09,05,0.0,31.120434,16.661211,2087
26546,r3i1p1f1,2087,09,06,0.0,32.74234,16.251434,2087
26547,r3i1p1f1,2087,09,07,0.0,33.878864,18.39384,2087
26548,r3i1p1f1,2087,09,08,0.0,35.009235,18.685139,2087
26549,r3i1p1f1,2087,09,09,0.0,34.534267,18.465519,2087
26550,r3i1p1f1,2087,09,10,0.0,32.22868,17.48607,2087
26551,r3i1p1f1,2087,09,11,0.0,33.458454,17.534737,2087
26552,r3i1p1f1,2087,09,12,0.0,34.406925,18.879292,2087
26553,r3i1p1f1,2087,09,13,0.0,36.3304,19.65996,2087
26554,r3i1p1f1,2087,09,14,0.0,36.954483,19.44228,2087
26555,r3i1p1f1,2087,09,15,0.48341444642353576,37.689568,20.65509,2087
26556,r3i1p1f1,2087,09,16,0.2197221859894467,37.088116,20.491348,2087
26557,r3i1p1f1,2087,09,17,0.01311610644210525,36.869827,19.924067,2087
26558,r3i1p1f1,2087,09,18,0.6186172394275976,36.4471,19.545341,2087
26559,r3i1p1f1,2087,09,19,0.30013424359353713,36.163322,19.598665,2087
26560,r3i1p1f1,2087,09,20,1.187165575203394,36.171444,20.718353,2087
26561,r3i1p1f1,2087,09,21,3.869546375468472,37.793945,20.78924,2087
26562,r3i1p1f1,2087,09,22,4.250317007202036,34.883163,18.9807,2087
26563,r3i1p1f1,2087,09,23,1.5946903340844791,34.591957,20.094587,2087
26564,r3i1p1f1,2087,09,24,0.6315100204720334,31.757063,18.65069,2087
26565,r3i1p1f1,2087,09,25,0.08147192614022501,33.74887,18.29457,2087
26566,r3i1p1f1,2087,09,26,0.0,32.9989,17.711025,2087
26567,r3i1p1f1,2087,09,27,0.0,33.698254,16.925873,2087
26568,r3i1p1f1,2087,09,28,0.0,34.705994,17.604036,2087
26569,r3i1p1f1,2087,09,29,0.0,33.572834,16.62395,2087
26570,r3i1p1f1,2087,09,30,0.0,32.933037,17.618725,2087
26571,r3i1p1f1,2087,10,01,0.0,35.534386,18.815367,2087
26572,r3i1p1f1,2087,10,02,0.0,37.114014,19.881819,2087
26573,r3i1p1f1,2087,10,03,0.0,37.1271,19.013266,2087
26574,r3i1p1f1,2087,10,04,0.0,36.717777,18.924587,2087
26575,r3i1p1f1,2087,10,05,0.0,36.60637,18.946367,2087
26576,r3i1p1f1,2087,10,06,0.0,36.97827,19.552732,2087
26577,r3i1p1f1,2087,10,07,0.002186743076890707,36.903233,19.718395,2087
26578,r3i1p1f1,2087,10,08,0.0,34.403316,16.804916,2087
26579,r3i1p1f1,2087,10,09,0.0,32.741264,17.808407,2087
26580,r3i1p1f1,2087,10,10,0.0,34.632683,18.237782,2087
26581,r3i1p1f1,2087,10,11,0.0,35.325283,18.83528,2087
26582,r3i1p1f1,2087,10,12,0.0,36.66632,19.289965,2087
26583,r3i1p1f1,2087,10,13,0.0,34.253887,19.23771,2087
26584,r3i1p1f1,2087,10,14,0.0,29.364643,14.527809,2087
26585,r3i1p1f1,2087,10,15,0.0,26.388329,11.197363,2087
26586,r3i1p1f1,2087,10,16,0.0,28.693422,13.001663,2087
26587,r3i1p1f1,2087,10,17,0.0,32.400593,15.904575,2087
26588,r3i1p1f1,2087,10,18,0.0,31.187002,16.067944,2087
26589,r3i1p1f1,2087,10,19,0.0,28.641148,15.745744,2087
26590,r3i1p1f1,2087,10,20,0.0,25.217857,10.496326,2087
26591,r3i1p1f1,2087,10,21,0.0,25.792715,10.351184,2087
26592,r3i1p1f1,2087,10,22,0.0,27.50136,12.25924,2087
26593,r3i1p1f1,2087,10,23,0.0,29.168186,13.334047,2087
26594,r3i1p1f1,2087,10,24,0.0,30.737514,14.353697,2087
26595,r3i1p1f1,2087,10,25,0.0,31.477318,14.76019,2087
26596,r3i1p1f1,2087,10,26,0.0,31.416414,14.241621,2087
26597,r3i1p1f1,2087,10,27,0.0,29.45243,12.222174,2087
26598,r3i1p1f1,2087,10,28,0.0,24.960722,11.22154,2087
26599,r3i1p1f1,2087,10,29,0.0,23.166548,8.850626,2087
26600,r3i1p1f1,2087,10,30,0.0,23.450964,9.057044,2087
26601,r3i1p1f1,2087,10,31,0.0,23.084702,8.082156,2087
26602,r3i1p1f1,2087,11,01,0.0,25.088934,8.622976,2087
26603,r3i1p1f1,2087,11,02,0.0,26.395756,9.859357,2087
26604,r3i1p1f1,2087,11,03,0.0,27.126066,10.620188,2087
26605,r3i1p1f1,2087,11,04,0.0,27.188002,12.895462,2087
26606,r3i1p1f1,2087,11,05,0.0,25.370363,11.149238,2087
26607,r3i1p1f1,2087,11,06,0.0,24.992641,10.927523,2087
26608,r3i1p1f1,2087,11,07,0.0,30.941519,13.660274,2087
26609,r3i1p1f1,2087,11,08,0.0,29.31032,12.09898,2087
26610,r3i1p1f1,2087,11,09,0.30282730809493374,25.155739,12.164387,2087
26611,r3i1p1f1,2087,11,10,0.24442664059361877,18.649664,8.358735,2087
26612,r3i1p1f1,2087,11,11,0.0008975917179751294,16.595037,4.451249,2087
26613,r3i1p1f1,2087,11,12,0.0,19.651978,4.647824,2087
26614,r3i1p1f1,2087,11,13,0.0,19.435648,2.0227025,2087
26615,r3i1p1f1,2087,11,14,0.0,18.796661,6.9297934,2087
26616,r3i1p1f1,2087,11,15,1.6258277391181875,16.786707,7.836594,2087
26617,r3i1p1f1,2087,11,16,20.34437612052319,15.060503,5.193264,2087
26618,r3i1p1f1,2087,11,17,38.45434959826173,13.624039,6.1574583,2087
26619,r3i1p1f1,2087,11,18,48.596071805227304,16.25965,8.562289,2087
26620,r3i1p1f1,2087,11,19,0.02200256775584862,13.527531,2.0704021,2087
26621,r3i1p1f1,2087,11,20,0.0,13.305998,1.2142253,2087
26622,r3i1p1f1,2087,11,21,0.0,17.237968,4.0469637,2087
26623,r3i1p1f1,2087,11,22,0.0,18.600925,5.904404,2087
26624,r3i1p1f1,2087,11,23,0.00019548379152018407,17.138288,4.6672273,2087
26625,r3i1p1f1,2087,11,24,12.717003965983828,18.704645,9.19711,2087
26626,r3i1p1f1,2087,11,25,0.957103039120904,19.292065,8.847887,2087
26627,r3i1p1f1,2087,11,26,2.019459634683437,18.598074,8.55116,2087
26628,r3i1p1f1,2087,11,27,0.5671770678969607,13.715457,3.883165,2087
26629,r3i1p1f1,2087,11,28,0.0,15.597387,2.8291645,2087
26630,r3i1p1f1,2087,11,29,0.0,16.800613,3.7458785,2087
26631,r3i1p1f1,2087,11,30,0.0,15.2804575,2.5215318,2087
26632,r3i1p1f1,2087,12,01,0.0,16.070518,2.2015376,2087
26633,r3i1p1f1,2087,12,02,0.0033443417454360647,15.275771,4.578685,2087
26634,r3i1p1f1,2087,12,03,0.016399742213031983,16.337347,6.862148,2087
26635,r3i1p1f1,2087,12,04,0.0,16.93615,7.2495017,2087
26636,r3i1p1f1,2087,12,05,0.00025035338088249165,18.154766,3.5084064,2087
26637,r3i1p1f1,2087,12,06,5.572622335319906,17.170147,8.500714,2087
26638,r3i1p1f1,2087,12,07,1.7006866782762562,16.853931,9.14443,2087
26639,r3i1p1f1,2087,12,08,0.03278296470363895,14.754154,3.9080944,2087
26640,r3i1p1f1,2087,12,09,0.0,10.701193,-1.9318403,2087
26641,r3i1p1f1,2087,12,10,6.226363939422299,10.521843,2.6814792,2087
26642,r3i1p1f1,2087,12,11,29.046638975657213,11.31209,2.8701305,2087
26643,r3i1p1f1,2087,12,12,0.0098924424100639,12.16116,2.642749,2087
26644,r3i1p1f1,2087,12,13,36.55703409929133,13.32695,6.5057654,2087
26645,r3i1p1f1,2087,12,14,4.7473961994260065,16.188742,6.380803,2087
26646,r3i1p1f1,2087,12,15,0.0,17.77063,3.9699092,2087
26647,r3i1p1f1,2087,12,16,1.6853307781407652,16.865044,7.1222243,2087
26648,r3i1p1f1,2087,12,17,21.303226726198442,16.589703,8.62021,2087
26649,r3i1p1f1,2087,12,18,5.681845545320054,18.823627,11.802706,2087
26650,r3i1p1f1,2087,12,19,35.792002131898755,17.88935,11.486004,2087
26651,r3i1p1f1,2087,12,20,0.43764473976669693,14.411443,1.5232552,2087
26652,r3i1p1f1,2087,12,21,0.0006981859350520554,15.980823,4.772364,2087
26653,r3i1p1f1,2087,12,22,2.065129989418066,17.027563,8.209326,2087
26654,r3i1p1f1,2087,12,23,9.20346885356325,17.910471,10.652479,2087
26655,r3i1p1f1,2087,12,24,2.855320503190755,16.033842,7.653594,2087
26656,r3i1p1f1,2087,12,25,0.0,13.357084,2.7220876,2087
26657,r3i1p1f1,2087,12,26,0.0,13.572556,-0.39936113,2087
26658,r3i1p1f1,2087,12,27,0.0,12.767377,-0.40020785,2087
26659,r3i1p1f1,2087,12,28,13.691722035135061,10.683521,2.6415641,2087
26660,r3i1p1f1,2087,12,29,32.03716495608784,13.49681,5.125368,2087
26661,r3i1p1f1,2087,12,30,101.7642652911882,20.259037,11.045445,2087
26662,r3i1p1f1,2087,12,31,66.5686739874284,19.189983,13.383584,2087
26663,r3i1p1f1,2088,01,01,18.375615274185705,15.807343,3.578577,2088
26664,r3i1p1f1,2088,01,02,1.0254347607083631,9.58542,-0.49442267,2088
26665,r3i1p1f1,2088,01,03,0.0,10.481149,1.0100008,2088
26666,r3i1p1f1,2088,01,04,0.0009722706961452566,14.023536,2.4955611,2088
26667,r3i1p1f1,2088,01,05,0.0,15.776899,2.8356342,2088
26668,r3i1p1f1,2088,01,06,0.0,17.52669,4.3938,2088
26669,r3i1p1f1,2088,01,07,0.0,16.817894,3.2083638,2088
26670,r3i1p1f1,2088,01,08,0.009559912794043847,16.145767,5.44,2088
26671,r3i1p1f1,2088,01,09,0.9799784766266495,16.068176,6.579748,2088
26672,r3i1p1f1,2088,01,10,0.0,15.291847,3.7496133,2088
26673,r3i1p1f1,2088,01,11,0.0,15.533125,3.130644,2088
26674,r3i1p1f1,2088,01,12,0.0,15.619639,4.63442,2088
26675,r3i1p1f1,2088,01,13,0.12148423057100666,17.802088,7.064337,2088
26676,r3i1p1f1,2088,01,14,0.012497026951733102,19.17731,6.8909597,2088
26677,r3i1p1f1,2088,01,15,3.1819309166839407,17.606838,8.375494,2088
26678,r3i1p1f1,2088,01,16,10.266111555216467,14.824732,6.600859,2088
26679,r3i1p1f1,2088,01,17,4.389940827470376,14.464931,2.740672,2088
26680,r3i1p1f1,2088,01,18,2.7838004116203807,10.279598,0.5427949,2088
26681,r3i1p1f1,2088,01,19,1.6027390835684359,8.076845,0.43639532,2088
26682,r3i1p1f1,2088,01,20,0.4371284447486026,8.244799,-2.1561499,2088
26683,r3i1p1f1,2088,01,21,0.804436019909989,9.081916,-1.0519638,2088
26684,r3i1p1f1,2088,01,22,0.10950195931041945,10.157271,-2.2103558,2088
26685,r3i1p1f1,2088,01,23,0.12968403898853328,9.986143,1.4378558,2088
26686,r3i1p1f1,2088,01,24,7.592229588611217,14.932092,3.296679,2088
26687,r3i1p1f1,2088,01,25,0.01444704297517257,18.394207,6.5971637,2088
26688,r3i1p1f1,2088,01,26,9.227433726129785,18.20492,8.452431,2088
26689,r3i1p1f1,2088,01,27,29.99192178588022,15.657463,9.435996,2088
26690,r3i1p1f1,2088,01,28,8.918209616279965,12.542946,2.8296425,2088
26691,r3i1p1f1,2088,01,29,0.03353248078466012,9.441641,-0.9835245,2088
26692,r3i1p1f1,2088,01,30,0.0,12.320046,-0.35589838,2088
26693,r3i1p1f1,2088,01,31,0.0,16.277002,0.6301785,2088
26694,r3i1p1f1,2088,02,01,0.0,16.402283,3.4637642,2088
26695,r3i1p1f1,2088,02,02,0.0,17.924284,3.1633866,2088
26696,r3i1p1f1,2088,02,03,0.0,18.451601,3.8839142,2088
26697,r3i1p1f1,2088,02,04,0.0,18.616394,4.142863,2088
26698,r3i1p1f1,2088,02,05,0.004832528030612703,18.265703,4.9017205,2088
26699,r3i1p1f1,2088,02,06,0.0,16.57181,3.5939903,2088
26700,r3i1p1f1,2088,02,07,0.0,17.092327,4.1901603,2088
26701,r3i1p1f1,2088,02,08,0.0002225785173130024,16.699003,3.5556598,2088
26702,r3i1p1f1,2088,02,09,0.005324890922483147,11.405282,-0.98237234,2088
26703,r3i1p1f1,2088,02,10,0.018520083624135816,11.268226,-2.9937599,2088
26704,r3i1p1f1,2088,02,11,0.23406851089847888,11.226398,-2.7928429,2088
26705,r3i1p1f1,2088,02,12,0.1228324323925666,8.1430235,-4.764618,2088
26706,r3i1p1f1,2088,02,13,0.0,9.390446,-3.8229718,2088
26707,r3i1p1f1,2088,02,14,0.0,10.656631,-3.4197948,2088
26708,r3i1p1f1,2088,02,15,0.0018188199949994062,10.716628,-1.4205363,2088
26709,r3i1p1f1,2088,02,16,0.009571989313840415,10.65168,-2.5249732,2088
26710,r3i1p1f1,2088,02,17,0.0,11.833146,-3.0453384,2088
26711,r3i1p1f1,2088,02,18,0.0005550976757976142,12.690032,-0.15542978,2088
26712,r3i1p1f1,2088,02,19,0.001150759988266862,16.39985,0.9610782,2088
26713,r3i1p1f1,2088,02,20,0.0,20.133787,3.706714,2088
26714,r3i1p1f1,2088,02,21,0.0,21.621187,4.912873,2088
26715,r3i1p1f1,2088,02,22,0.0,22.014944,5.254859,2088
26716,r3i1p1f1,2088,02,23,0.0012289190834218805,21.722923,6.4815755,2088
26717,r3i1p1f1,2088,02,24,0.0,20.04027,4.326165,2088
26718,r3i1p1f1,2088,02,25,0.0,19.68507,4.024153,2088
26719,r3i1p1f1,2088,02,26,0.0,22.276031,5.485386,2088
26720,r3i1p1f1,2088,02,27,0.0,24.739117,6.9859066,2088
26721,r3i1p1f1,2088,02,28,0.0,24.454992,8.841494,2088
26722,r3i1p1f1,2088,02,29,0.0,24.516657,9.061984,2088
26723,r3i1p1f1,2088,03,01,0.0,28.145502,9.060427,2088
26724,r3i1p1f1,2088,03,02,0.0024846594808905415,25.291294,6.14356,2088
26725,r3i1p1f1,2088,03,03,0.031608325324751524,18.40697,-0.07111058,2088
26726,r3i1p1f1,2088,03,04,0.002208124338225885,16.461046,-1.4209611,2088
26727,r3i1p1f1,2088,03,05,0.0,16.847878,0.70838493,2088
26728,r3i1p1f1,2088,03,06,0.02690571840503253,18.166424,1.6529889,2088
26729,r3i1p1f1,2088,03,07,0.0,20.845829,3.869181,2088
26730,r3i1p1f1,2088,03,08,0.0,23.61298,4.17224,2088
26731,r3i1p1f1,2088,03,09,0.0,25.26894,6.1491995,2088
26732,r3i1p1f1,2088,03,10,0.0,25.025518,6.5574236,2088
26733,r3i1p1f1,2088,03,11,0.03127292057439318,24.871521,4.791942,2088
26734,r3i1p1f1,2088,03,12,0.21000911174103915,21.632977,4.791263,2088
26735,r3i1p1f1,2088,03,13,1.8352359564045346,17.529573,2.0135107,2088
26736,r3i1p1f1,2088,03,14,19.479345959253173,13.057887,5.972295,2088
26737,r3i1p1f1,2088,03,15,7.287041668292439,12.864315,1.7163224,2088
26738,r3i1p1f1,2088,03,16,0.16839802578033414,16.492287,3.0120099,2088
26739,r3i1p1f1,2088,03,17,0.0,17.889368,1.7749554,2088
26740,r3i1p1f1,2088,03,18,0.0036280686992650963,18.697487,3.922946,2088
26741,r3i1p1f1,2088,03,19,0.13743050006296748,17.855825,6.5891476,2088
26742,r3i1p1f1,2088,03,20,0.0,21.299055,3.5285609,2088
26743,r3i1p1f1,2088,03,21,0.0,22.405949,5.411843,2088
26744,r3i1p1f1,2088,03,22,0.0,23.00181,5.6783986,2088
26745,r3i1p1f1,2088,03,23,0.0,23.417679,6.183731,2088
26746,r3i1p1f1,2088,03,24,0.0,24.959705,7.091778,2088
26747,r3i1p1f1,2088,03,25,0.023937711799093944,22.220041,5.4395413,2088
26748,r3i1p1f1,2088,03,26,0.0,19.40965,1.8460872,2088
26749,r3i1p1f1,2088,03,27,0.0,23.595867,5.152879,2088
26750,r3i1p1f1,2088,03,28,0.0,28.059948,8.894027,2088
26751,r3i1p1f1,2088,03,29,0.0,30.81007,10.740511,2088
26752,r3i1p1f1,2088,03,30,0.0,29.868483,9.738762,2088
26753,r3i1p1f1,2088,03,31,0.0,26.200375,6.410418,2088
26754,r3i1p1f1,2088,04,01,0.0,27.234571,7.770058,2088
26755,r3i1p1f1,2088,04,02,0.001622890933614337,26.605556,7.380309,2088
26756,r3i1p1f1,2088,04,03,0.0,23.701788,5.6567473,2088
26757,r3i1p1f1,2088,04,04,0.018304166874396757,21.747917,3.1111145,2088
26758,r3i1p1f1,2088,04,05,0.14586696856261397,17.464176,3.2682023,2088
26759,r3i1p1f1,2088,04,06,0.1463486685304705,20.471453,2.0312665,2088
26760,r3i1p1f1,2088,04,07,0.0,23.311901,3.0526137,2088
26761,r3i1p1f1,2088,04,08,0.0,26.300543,5.966098,2088
26762,r3i1p1f1,2088,04,09,0.009925544956896567,26.60981,8.811637,2088
26763,r3i1p1f1,2088,04,10,0.02631067541325606,27.438803,8.262848,2088
26764,r3i1p1f1,2088,04,11,0.08073652219095631,28.123896,7.526219,2088
26765,r3i1p1f1,2088,04,12,0.0,26.216019,7.0381303,2088
26766,r3i1p1f1,2088,04,13,0.0,23.082941,6.8300157,2088
26767,r3i1p1f1,2088,04,14,0.00019637403910923186,17.420124,0.96000016,2088
26768,r3i1p1f1,2088,04,15,3.464675134678008,13.508668,2.3321726,2088
26769,r3i1p1f1,2088,04,16,0.0,23.00288,2.5097127,2088
26770,r3i1p1f1,2088,04,17,0.0,26.240086,5.4640665,2088
26771,r3i1p1f1,2088,04,18,0.0,27.014229,7.5902104,2088
26772,r3i1p1f1,2088,04,19,0.0,30.878086,10.603055,2088
26773,r3i1p1f1,2088,04,20,0.0,31.354692,10.305523,2088
26774,r3i1p1f1,2088,04,21,0.0,30.73923,10.021864,2088
26775,r3i1p1f1,2088,04,22,0.9719519700558632,23.82393,6.3760133,2088
26776,r3i1p1f1,2088,04,23,5.589811746330904,13.955473,3.771822,2088
26777,r3i1p1f1,2088,04,24,1.660971153813245,19.056955,5.8758874,2088
26778,r3i1p1f1,2088,04,25,0.0,20.96914,4.709793,2088
26779,r3i1p1f1,2088,04,26,0.02237818869726845,19.898697,3.9722252,2088
26780,r3i1p1f1,2088,04,27,0.0,20.61191,2.1417377,2088
26781,r3i1p1f1,2088,04,28,0.0,21.591421,2.8949244,2088
26782,r3i1p1f1,2088,04,29,0.0,23.029339,5.88791,2088
26783,r3i1p1f1,2088,04,30,0.13040897489356046,22.042076,4.2218704,2088
26784,r3i1p1f1,2088,05,01,1.7210676410898238,16.226967,3.1676097,2088
26785,r3i1p1f1,2088,05,02,0.01951753395560169,25.138382,5.9814997,2088
26786,r3i1p1f1,2088,05,03,0.0,26.125742,7.419179,2088
26787,r3i1p1f1,2088,05,04,0.001221421795586745,28.330545,10.875282,2088
26788,r3i1p1f1,2088,05,05,0.0,32.717705,12.265642,2088
26789,r3i1p1f1,2088,05,06,1.8485601079495002e-05,32.37491,11.840367,2088
26790,r3i1p1f1,2088,05,07,0.0,32.47335,12.212219,2088
26791,r3i1p1f1,2088,05,08,0.0,33.74729,13.561875,2088
26792,r3i1p1f1,2088,05,09,0.0,33.343315,13.402932,2088
26793,r3i1p1f1,2088,05,10,0.0,29.919872,11.404656,2088
26794,r3i1p1f1,2088,05,11,0.0,28.415571,9.927984,2088
26795,r3i1p1f1,2088,05,12,0.0,34.34721,13.854593,2088
26796,r3i1p1f1,2088,05,13,0.0,36.35301,16.654133,2088
26797,r3i1p1f1,2088,05,14,0.0,34.820744,15.279093,2088
26798,r3i1p1f1,2088,05,15,0.0,32.6665,13.5705805,2088
26799,r3i1p1f1,2088,05,16,0.0,31.71001,12.382811,2088
26800,r3i1p1f1,2088,05,17,0.0,35.2205,14.547,2088
26801,r3i1p1f1,2088,05,18,0.0,38.204323,17.331516,2088
26802,r3i1p1f1,2088,05,19,0.0,36.81856,16.003124,2088
26803,r3i1p1f1,2088,05,20,0.0,37.258682,18.447157,2088
26804,r3i1p1f1,2088,05,21,0.0,37.070293,17.949818,2088
26805,r3i1p1f1,2088,05,22,0.0,38.368725,18.503778,2088
26806,r3i1p1f1,2088,05,23,0.0,37.259323,17.008484,2088
26807,r3i1p1f1,2088,05,24,0.0,27.472475,9.471617,2088
26808,r3i1p1f1,2088,05,25,0.0,20.492798,3.498952,2088
26809,r3i1p1f1,2088,05,26,0.0,20.9422,5.060714,2088
26810,r3i1p1f1,2088,05,27,0.0,26.53132,8.159966,2088
26811,r3i1p1f1,2088,05,28,0.0,33.669647,13.972777,2088
26812,r3i1p1f1,2088,05,29,0.0,36.549343,16.692457,2088
26813,r3i1p1f1,2088,05,30,0.0,35.417362,15.716101,2088
26814,r3i1p1f1,2088,05,31,0.0,32.48076,14.036334,2088
26815,r3i1p1f1,2088,06,01,0.0,33.29442,14.607064,2088
26816,r3i1p1f1,2088,06,02,0.0,36.783386,16.607965,2088
26817,r3i1p1f1,2088,06,03,0.0,37.624607,17.464104,2088
26818,r3i1p1f1,2088,06,04,0.0,37.57476,17.890266,2088
26819,r3i1p1f1,2088,06,05,0.0,37.41626,18.676775,2088
26820,r3i1p1f1,2088,06,06,0.0,39.78364,20.603338,2088
26821,r3i1p1f1,2088,06,07,0.0,40.460773,20.133373,2088
26822,r3i1p1f1,2088,06,08,0.0,40.12454,19.630333,2088
26823,r3i1p1f1,2088,06,09,0.0,37.46288,18.047804,2088
26824,r3i1p1f1,2088,06,10,0.0,36.45071,17.156475,2088
26825,r3i1p1f1,2088,06,11,0.0,37.492065,18.859886,2088
26826,r3i1p1f1,2088,06,12,0.0,36.632378,18.741318,2088
26827,r3i1p1f1,2088,06,13,0.0,36.1239,17.89851,2088
26828,r3i1p1f1,2088,06,14,0.0,37.597595,18.335222,2088
26829,r3i1p1f1,2088,06,15,0.0,36.55305,17.018974,2088
26830,r3i1p1f1,2088,06,16,0.0,33.650265,14.062551,2088
26831,r3i1p1f1,2088,06,17,0.0,36.523823,16.281544,2088
26832,r3i1p1f1,2088,06,18,0.0010074873341981208,35.839005,17.64601,2088
26833,r3i1p1f1,2088,06,19,0.0,34.993496,15.309078,2088
26834,r3i1p1f1,2088,06,20,4.1800922136799,31.01405,13.428833,2088
26835,r3i1p1f1,2088,06,21,1.5436519363251908,30.253332,15.666797,2088
26836,r3i1p1f1,2088,06,22,0.0,32.716457,16.050003,2088
26837,r3i1p1f1,2088,06,23,0.0,35.44842,16.529566,2088
26838,r3i1p1f1,2088,06,24,0.0,36.778976,18.09014,2088
26839,r3i1p1f1,2088,06,25,0.0,37.019016,18.505627,2088
26840,r3i1p1f1,2088,06,26,0.0,36.465446,18.019575,2088
26841,r3i1p1f1,2088,06,27,0.0,38.588646,20.061153,2088
26842,r3i1p1f1,2088,06,28,0.0,40.57977,20.73997,2088
26843,r3i1p1f1,2088,06,29,0.07246874758769109,40.648605,22.457859,2088
26844,r3i1p1f1,2088,06,30,0.009678646394714826,40.014347,21.127956,2088
26845,r3i1p1f1,2088,07,01,0.0,37.028362,19.40927,2088
26846,r3i1p1f1,2088,07,02,0.0,33.52576,17.148254,2088
26847,r3i1p1f1,2088,07,03,0.0,37.434013,18.57526,2088
26848,r3i1p1f1,2088,07,04,0.0,37.687393,19.050228,2088
26849,r3i1p1f1,2088,07,05,0.0,38.03016,19.272034,2088
26850,r3i1p1f1,2088,07,06,0.0,38.432617,21.964603,2088
26851,r3i1p1f1,2088,07,07,0.001334675339008258,39.307804,21.123652,2088
26852,r3i1p1f1,2088,07,08,0.0,41.77865,22.632563,2088
26853,r3i1p1f1,2088,07,09,0.0,43.956264,23.620115,2088
26854,r3i1p1f1,2088,07,10,7.576928907997861,42.66801,24.500078,2088
26855,r3i1p1f1,2088,07,11,0.0,36.335045,19.65602,2088
26856,r3i1p1f1,2088,07,12,0.0,36.126484,19.12556,2088
26857,r3i1p1f1,2088,07,13,0.26408269469164114,34.946007,18.440075,2088
26858,r3i1p1f1,2088,07,14,4.097227158146614,34.903835,18.646763,2088
26859,r3i1p1f1,2088,07,15,4.111272572514611,36.26389,20.770567,2088
26860,r3i1p1f1,2088,07,16,0.0,37.596783,21.321058,2088
26861,r3i1p1f1,2088,07,17,0.0,39.271328,21.097738,2088
26862,r3i1p1f1,2088,07,18,0.0,40.56454,22.064169,2088
26863,r3i1p1f1,2088,07,19,0.0,39.57057,22.375288,2088
26864,r3i1p1f1,2088,07,20,0.0,37.50287,21.953627,2088
26865,r3i1p1f1,2088,07,21,0.0,37.23135,21.057684,2088
26866,r3i1p1f1,2088,07,22,0.0,36.727303,19.760988,2088
26867,r3i1p1f1,2088,07,23,0.0,36.407543,19.244864,2088
26868,r3i1p1f1,2088,07,24,0.0,38.208492,19.228619,2088
26869,r3i1p1f1,2088,07,25,0.0,38.967922,20.16416,2088
26870,r3i1p1f1,2088,07,26,0.0,38.927185,19.957832,2088
26871,r3i1p1f1,2088,07,27,0.0,38.471985,19.939558,2088
26872,r3i1p1f1,2088,07,28,0.0,37.31953,19.604347,2088
26873,r3i1p1f1,2088,07,29,0.0,36.62317,18.757925,2088
26874,r3i1p1f1,2088,07,30,0.0,36.608868,19.082497,2088
26875,r3i1p1f1,2088,07,31,6.52447113569713e-05,35.541035,18.682528,2088
26876,r3i1p1f1,2088,08,01,0.3343411846788403,33.951363,21.063852,2088
26877,r3i1p1f1,2088,08,02,0.02015964823041224,35.75233,21.623747,2088
26878,r3i1p1f1,2088,08,03,0.0,35.30967,20.432793,2088
26879,r3i1p1f1,2088,08,04,0.0,36.490753,19.892294,2088
26880,r3i1p1f1,2088,08,05,0.0,38.637814,20.983835,2088
26881,r3i1p1f1,2088,08,06,0.0,37.54449,20.805527,2088
26882,r3i1p1f1,2088,08,07,0.010358023353160896,37.781532,21.529297,2088
26883,r3i1p1f1,2088,08,08,0.0,38.676117,21.22406,2088
26884,r3i1p1f1,2088,08,09,0.14450924635942405,40.2789,21.707706,2088
26885,r3i1p1f1,2088,08,10,0.2929644879909712,39.252365,22.82748,2088
26886,r3i1p1f1,2088,08,11,0.012364321455331237,37.870266,21.35116,2088
26887,r3i1p1f1,2088,08,12,1.5956614157414262,36.56287,21.027403,2088
26888,r3i1p1f1,2088,08,13,0.0,36.932842,20.4814,2088
26889,r3i1p1f1,2088,08,14,0.3439100069403084,37.21361,20.52449,2088
26890,r3i1p1f1,2088,08,15,2.8194999608174176,37.005077,21.036743,2088
26891,r3i1p1f1,2088,08,16,1.3043270358960426,34.709213,19.244062,2088
26892,r3i1p1f1,2088,08,17,0.0,34.829723,17.211985,2088
26893,r3i1p1f1,2088,08,18,0.0,35.43473,17.687141,2088
26894,r3i1p1f1,2088,08,19,0.0,37.829174,20.27054,2088
26895,r3i1p1f1,2088,08,20,0.0,37.741062,20.501595,2088
26896,r3i1p1f1,2088,08,21,0.0,36.457623,18.361942,2088
26897,r3i1p1f1,2088,08,22,0.36075041876315617,36.54713,20.503096,2088
26898,r3i1p1f1,2088,08,23,1.8953364104461137,36.776703,20.566944,2088
26899,r3i1p1f1,2088,08,24,2.2391955082628447,35.338287,19.520435,2088
26900,r3i1p1f1,2088,08,25,1.1021888905419142,35.950054,21.481617,2088
26901,r3i1p1f1,2088,08,26,0.5202569699791969,36.90977,20.619858,2088
26902,r3i1p1f1,2088,08,27,0.8862407062737144,38.63771,20.517803,2088
26903,r3i1p1f1,2088,08,28,1.335068183975774,39.30439,21.56472,2088
26904,r3i1p1f1,2088,08,29,3.0050736568271974,40.84185,22.998905,2088
26905,r3i1p1f1,2088,08,30,0.17765968349770198,41.762543,22.42338,2088
26906,r3i1p1f1,2088,08,31,0.0028514320200139828,40.195217,22.780884,2088
26907,r3i1p1f1,2088,09,01,0.0,37.11937,23.077824,2088
26908,r3i1p1f1,2088,09,02,3.1155866207807943,34.87429,21.466354,2088
26909,r3i1p1f1,2088,09,03,0.0572131343087125,37.417023,20.839006,2088
26910,r3i1p1f1,2088,09,04,0.0010485968298532746,37.24774,20.339699,2088
26911,r3i1p1f1,2088,09,05,0.1634442885706173,36.78766,20.209515,2088
26912,r3i1p1f1,2088,09,06,0.0,36.44849,20.296637,2088
26913,r3i1p1f1,2088,09,07,0.0,36.985638,20.32572,2088
26914,r3i1p1f1,2088,09,08,0.0,37.519783,20.28512,2088
26915,r3i1p1f1,2088,09,09,0.0,36.70342,21.157288,2088
26916,r3i1p1f1,2088,09,10,0.19877951388039175,35.989456,22.083778,2088
26917,r3i1p1f1,2088,09,11,0.0,31.588713,17.627977,2088
26918,r3i1p1f1,2088,09,12,0.0,30.096777,16.010704,2088
26919,r3i1p1f1,2088,09,13,0.0,31.217718,16.28635,2088
26920,r3i1p1f1,2088,09,14,0.0,31.356846,17.043352,2088
26921,r3i1p1f1,2088,09,15,0.03710626822077867,33.930954,18.555422,2088
26922,r3i1p1f1,2088,09,16,0.0,33.363914,16.18184,2088
26923,r3i1p1f1,2088,09,17,0.0,33.35912,15.836437,2088
26924,r3i1p1f1,2088,09,18,7.5312562840179345,33.781345,18.011137,2088
26925,r3i1p1f1,2088,09,19,6.804455690002986,30.702301,17.903217,2088
26926,r3i1p1f1,2088,09,20,10.871476953679753,31.484821,18.48602,2088
26927,r3i1p1f1,2088,09,21,0.2421898532140238,25.785933,13.163711,2088
26928,r3i1p1f1,2088,09,22,0.0,25.191061,10.951433,2088
26929,r3i1p1f1,2088,09,23,0.0,27.90767,11.600828,2088
26930,r3i1p1f1,2088,09,24,0.0,26.740395,13.122434,2088
26931,r3i1p1f1,2088,09,25,0.5104524797672749,21.378319,8.511566,2088
26932,r3i1p1f1,2088,09,26,0.006351584469843091,21.692915,7.3104844,2088
26933,r3i1p1f1,2088,09,27,0.0,25.720549,10.635993,2088
26934,r3i1p1f1,2088,09,28,0.0,25.934498,11.773431,2088
26935,r3i1p1f1,2088,09,29,0.0,25.953135,11.878395,2088
26936,r3i1p1f1,2088,09,30,0.0,25.551003,10.214105,2088
26937,r3i1p1f1,2088,10,01,0.01048327048810086,22.126915,7.3683653,2088
26938,r3i1p1f1,2088,10,02,0.01807795946881401,20.133821,8.407094,2088
26939,r3i1p1f1,2088,10,03,0.0037965725200730517,24.981476,8.6156025,2088
26940,r3i1p1f1,2088,10,04,0.0,29.2383,11.449243,2088
26941,r3i1p1f1,2088,10,05,0.0,30.675411,13.482826,2088
26942,r3i1p1f1,2088,10,06,0.0,28.695745,13.670623,2088
26943,r3i1p1f1,2088,10,07,0.0,26.767796,11.203909,2088
26944,r3i1p1f1,2088,10,08,0.0,27.779505,11.725267,2088
26945,r3i1p1f1,2088,10,09,0.0,29.80787,13.099063,2088
26946,r3i1p1f1,2088,10,10,0.0,32.29881,15.456597,2088
26947,r3i1p1f1,2088,10,11,0.0,33.17592,18.168318,2088
26948,r3i1p1f1,2088,10,12,0.0,33.704853,18.091345,2088
26949,r3i1p1f1,2088,10,13,0.0,33.06903,16.170057,2088
26950,r3i1p1f1,2088,10,14,0.0,31.18332,14.178667,2088
26951,r3i1p1f1,2088,10,15,0.0,27.0943,15.713465,2088
26952,r3i1p1f1,2088,10,16,0.0,24.79726,9.9268465,2088
26953,r3i1p1f1,2088,10,17,0.0,23.052279,8.94853,2088
26954,r3i1p1f1,2088,10,18,0.0,22.823765,8.779181,2088
26955,r3i1p1f1,2088,10,19,0.0,22.199825,7.3026814,2088
26956,r3i1p1f1,2088,10,20,0.0,26.219595,9.48296,2088
26957,r3i1p1f1,2088,10,21,0.0,28.355886,11.564739,2088
26958,r3i1p1f1,2088,10,22,0.0,29.458519,13.579672,2088
26959,r3i1p1f1,2088,10,23,0.0,29.063148,14.297601,2088
26960,r3i1p1f1,2088,10,24,0.0,28.174967,12.015362,2088
26961,r3i1p1f1,2088,10,25,0.0,28.999619,12.705394,2088
26962,r3i1p1f1,2088,10,26,0.0,29.43329,15.677152,2088
26963,r3i1p1f1,2088,10,27,0.0,27.83585,14.458446,2088
26964,r3i1p1f1,2088,10,28,0.001059367645983443,23.762821,10.369864,2088
26965,r3i1p1f1,2088,10,29,0.0,25.309744,9.864315,2088
26966,r3i1p1f1,2088,10,30,0.0,24.739359,9.64458,2088
26967,r3i1p1f1,2088,10,31,0.0,23.328775,10.231486,2088
26968,r3i1p1f1,2088,11,01,0.0,25.20553,9.114697,2088
26969,r3i1p1f1,2088,11,02,0.00676250890440618,22.775385,7.051128,2088
26970,r3i1p1f1,2088,11,03,0.0,20.554361,5.162791,2088
26971,r3i1p1f1,2088,11,04,0.0,19.253757,4.277818,2088
26972,r3i1p1f1,2088,11,05,0.0,20.583525,4.2612586,2088
26973,r3i1p1f1,2088,11,06,0.0,24.538933,7.793273,2088
26974,r3i1p1f1,2088,11,07,0.13105093363926493,25.662428,11.731501,2088
26975,r3i1p1f1,2088,11,08,14.548230950966339,26.71301,13.565052,2088
26976,r3i1p1f1,2088,11,09,6.096907944160965,15.091323,3.7658246,2088
26977,r3i1p1f1,2088,11,10,2.840493031864278,14.083289,4.3809876,2088
26978,r3i1p1f1,2088,11,11,0.0388100892676889,17.93936,5.9802012,2088
26979,r3i1p1f1,2088,11,12,30.122953308649205,18.739212,9.565665,2088
26980,r3i1p1f1,2088,11,13,20.080714822150625,19.144676,10.374241,2088
26981,r3i1p1f1,2088,11,14,0.029437914133516395,16.7197,5.367169,2088
26982,r3i1p1f1,2088,11,15,0.0719813892492587,18.170956,5.4108057,2088
26983,r3i1p1f1,2088,11,16,8.28658088961547,19.30974,10.104747,2088
26984,r3i1p1f1,2088,11,17,0.0,18.408895,6.6905627,2088
26985,r3i1p1f1,2088,11,18,24.832558920968562,18.895866,10.21234,2088
26986,r3i1p1f1,2088,11,19,3.9071851304745935,16.99926,6.9161363,2088
26987,r3i1p1f1,2088,11,20,0.0,15.105819,2.458159,2088
26988,r3i1p1f1,2088,11,21,0.015540366708371563,17.135538,4.2333274,2088
26989,r3i1p1f1,2088,11,22,0.014112913543640665,16.386436,3.9690642,2088
26990,r3i1p1f1,2088,11,23,0.0,16.836496,4.695429,2088
26991,r3i1p1f1,2088,11,24,9.285617455713113e-05,17.208662,5.016451,2088
26992,r3i1p1f1,2088,11,25,0.0,18.547184,6.5440054,2088
26993,r3i1p1f1,2088,11,26,6.510580952904782,17.936726,9.304146,2088
26994,r3i1p1f1,2088,11,27,0.0,12.8690815,1.2391824,2088
26995,r3i1p1f1,2088,11,28,0.0,13.113554,0.3098698,2088
26996,r3i1p1f1,2088,11,29,0.0,13.326093,0.7290268,2088
26997,r3i1p1f1,2088,11,30,0.0,13.462744,0.073823795,2088
26998,r3i1p1f1,2088,12,01,0.0,13.5173435,0.3111948,2088
26999,r3i1p1f1,2088,12,02,0.0,14.088389,0.7559247,2088
27000,r3i1p1f1,2088,12,03,0.0,13.65137,0.2733846,2088
27001,r3i1p1f1,2088,12,04,0.0,14.651717,1.3953866,2088
27002,r3i1p1f1,2088,12,05,0.0,17.55722,3.897309,2088
27003,r3i1p1f1,2088,12,06,0.0,18.225876,4.791522,2088
27004,r3i1p1f1,2088,12,07,0.0,16.350494,3.0024955,2088
27005,r3i1p1f1,2088,12,08,0.0,13.99826,0.5911003,2088
27006,r3i1p1f1,2088,12,09,7.0119441072579605,11.870336,-0.4907711,2088
27007,r3i1p1f1,2088,12,10,1.3500869969103597,8.115351,0.3198497,2088
27008,r3i1p1f1,2088,12,11,0.0,8.208175,-2.9706085,2088
27009,r3i1p1f1,2088,12,12,0.0,9.842217,-4.7051296,2088
27010,r3i1p1f1,2088,12,13,0.0,9.846333,-2.1387079,2088
27011,r3i1p1f1,2088,12,14,0.0,9.417408,-3.0401883,2088
27012,r3i1p1f1,2088,12,15,0.0,7.444384,-5.409424,2088
27013,r3i1p1f1,2088,12,16,0.0,7.644668,-5.6866026,2088
27014,r3i1p1f1,2088,12,17,0.0,12.133955,-1.6328335,2088
27015,r3i1p1f1,2088,12,18,0.0,14.678155,0.36346263,2088
27016,r3i1p1f1,2088,12,19,0.0,14.478395,1.2264038,2088
27017,r3i1p1f1,2088,12,20,0.0,16.80072,2.702776,2088
27018,r3i1p1f1,2088,12,21,0.0,17.186272,3.2688236,2088
27019,r3i1p1f1,2088,12,22,0.0,16.592966,2.4360476,2088
27020,r3i1p1f1,2088,12,23,0.0,17.661572,4.5184555,2088
27021,r3i1p1f1,2088,12,24,0.0,17.854511,4.674555,2088
27022,r3i1p1f1,2088,12,25,0.0,18.29129,5.6287265,2088
27023,r3i1p1f1,2088,12,26,0.0,19.054039,3.9309804,2088
27024,r3i1p1f1,2088,12,27,0.0,17.20536,3.8810403,2088
27025,r3i1p1f1,2088,12,28,0.1324469649383294,14.837307,3.994447,2088
27026,r3i1p1f1,2088,12,29,0.0,15.207772,1.0624304,2088
27027,r3i1p1f1,2088,12,30,8.60340007806592e-05,16.75059,2.4140434,2088
27028,r3i1p1f1,2088,12,31,0.4492413321151451,15.405194,5.0730004,2088
27029,r3i1p1f1,2089,01,01,0.0,10.524042,-0.34262607,2089
27030,r3i1p1f1,2089,01,02,0.0,12.273201,-1.6373616,2089
27031,r3i1p1f1,2089,01,03,0.0,12.701355,-0.8215794,2089
27032,r3i1p1f1,2089,01,04,0.0,13.645895,0.28648657,2089
27033,r3i1p1f1,2089,01,05,0.0,15.289307,0.69127965,2089
27034,r3i1p1f1,2089,01,06,0.0,17.843721,2.3490982,2089
27035,r3i1p1f1,2089,01,07,0.0,18.34031,3.1589646,2089
27036,r3i1p1f1,2089,01,08,0.0,18.1866,2.7072046,2089
27037,r3i1p1f1,2089,01,09,0.029604473037938023,14.90866,2.5350053,2089
27038,r3i1p1f1,2089,01,10,0.010350757811190279,9.509019,-3.175485,2089
27039,r3i1p1f1,2089,01,11,0.0,8.07844,-6.21211,2089
27040,r3i1p1f1,2089,01,12,3.981412550219278e-06,11.22424,-4.8075757,2089
27041,r3i1p1f1,2089,01,13,0.1040464171158171,12.341407,2.5462248,2089
27042,r3i1p1f1,2089,01,14,0.0,16.007196,0.14513727,2089
27043,r3i1p1f1,2089,01,15,0.0,18.65655,2.1497338,2089
27044,r3i1p1f1,2089,01,16,0.0,21.111227,5.777552,2089
27045,r3i1p1f1,2089,01,17,0.1587476295544272,19.09635,5.3543186,2089
27046,r3i1p1f1,2089,01,18,0.09667817320295205,13.993765,0.8827887,2089
27047,r3i1p1f1,2089,01,19,0.5424926750823612,16.733002,2.7619708,2089
27048,r3i1p1f1,2089,01,20,1.1957279071282645,15.812868,3.731037,2089
27049,r3i1p1f1,2089,01,21,0.018963998092079815,11.804812,0.82290363,2089
27050,r3i1p1f1,2089,01,22,0.0,16.273037,0.93707746,2089
27051,r3i1p1f1,2089,01,23,0.0,17.373264,2.3164706,2089
27052,r3i1p1f1,2089,01,24,0.0,18.830675,2.644632,2089
27053,r3i1p1f1,2089,01,25,8.649505929488717,16.654182,4.743855,2089
27054,r3i1p1f1,2089,01,26,0.2086416381136973,10.792254,1.121917,2089
27055,r3i1p1f1,2089,01,27,0.0,13.519123,-0.32515997,2089
27056,r3i1p1f1,2089,01,28,0.0,16.439476,1.6189636,2089
27057,r3i1p1f1,2089,01,29,0.0,19.610212,3.6222174,2089
27058,r3i1p1f1,2089,01,30,0.0,21.044378,5.1202974,2089
27059,r3i1p1f1,2089,01,31,0.0,20.970016,6.4831457,2089
27060,r3i1p1f1,2089,02,01,0.0,20.406828,5.1796484,2089
27061,r3i1p1f1,2089,02,02,0.0,18.928154,4.785656,2089
27062,r3i1p1f1,2089,02,03,0.03821554851156455,17.236635,3.9915466,2089
27063,r3i1p1f1,2089,02,04,0.34893909865951916,13.266259,1.9232433,2089
27064,r3i1p1f1,2089,02,05,0.19627618905029853,15.977413,0.99179214,2089
27065,r3i1p1f1,2089,02,06,0.0,18.175655,2.4147582,2089
27066,r3i1p1f1,2089,02,07,0.0,18.248861,3.1200197,2089
27067,r3i1p1f1,2089,02,08,0.0,17.531937,2.0513883,2089
27068,r3i1p1f1,2089,02,09,0.0,18.229843,4.2949767,2089
27069,r3i1p1f1,2089,02,10,0.0,17.935747,2.4181309,2089
27070,r3i1p1f1,2089,02,11,0.0,19.992897,4.0134373,2089
27071,r3i1p1f1,2089,02,12,0.0,22.842028,5.9950447,2089
27072,r3i1p1f1,2089,02,13,2.5806034264634503,22.74696,6.052641,2089
27073,r3i1p1f1,2089,02,14,12.561790866671029,11.955894,2.1428587,2089
27074,r3i1p1f1,2089,02,15,0.020921492651916306,12.298248,-0.26411116,2089
27075,r3i1p1f1,2089,02,16,0.02048544882916648,15.037535,1.4077296,2089
27076,r3i1p1f1,2089,02,17,0.0,18.194044,2.3468142,2089
27077,r3i1p1f1,2089,02,18,0.015156788647414722,18.405502,4.4144406,2089
27078,r3i1p1f1,2089,02,19,0.9644391197396849,16.545393,4.2520084,2089
27079,r3i1p1f1,2089,02,20,0.010070974032824972,16.500725,2.498782,2089
27080,r3i1p1f1,2089,02,21,0.004307278764882181,17.198978,2.5105083,2089
27081,r3i1p1f1,2089,02,22,0.011393337282987142,16.345686,2.0769267,2089
27082,r3i1p1f1,2089,02,23,0.0,16.00749,0.78554237,2089
27083,r3i1p1f1,2089,02,24,0.0,14.499088,-0.7005857,2089
27084,r3i1p1f1,2089,02,25,1.021894994349471,12.506565,0.3887726,2089
27085,r3i1p1f1,2089,02,26,0.0,13.5385,-2.3037226,2089
27086,r3i1p1f1,2089,02,27,0.06917326231345985,15.489906,1.4157901,2089
27087,r3i1p1f1,2089,02,28,12.40010671032437,14.650002,4.3527493,2089
27088,r3i1p1f1,2089,03,01,0.2228204531776569,14.543463,1.5017225,2089
27089,r3i1p1f1,2089,03,02,0.0,15.307639,-1.0677952,2089
27090,r3i1p1f1,2089,03,03,0.24093006769500347,15.569474,1.0081851,2089
27091,r3i1p1f1,2089,03,04,1.4301014094415814,15.858465,3.500136,2089
27092,r3i1p1f1,2089,03,05,9.73151942124153,16.255713,5.1046095,2089
27093,r3i1p1f1,2089,03,06,7.887932111281605,15.569937,5.109021,2089
27094,r3i1p1f1,2089,03,07,0.5959740670192387,12.85542,4.3448486,2089
27095,r3i1p1f1,2089,03,08,0.0,14.514958,-1.8365642,2089
27096,r3i1p1f1,2089,03,09,0.004194202307244819,16.922966,0.55279684,2089
27097,r3i1p1f1,2089,03,10,0.6331450004781249,16.451994,7.196294,2089
27098,r3i1p1f1,2089,03,11,0.03483220418054385,14.660675,0.7951478,2089
27099,r3i1p1f1,2089,03,12,0.0,20.3468,1.8737435,2089
27100,r3i1p1f1,2089,03,13,0.0,21.958664,4.8494987,2089
27101,r3i1p1f1,2089,03,14,0.009992916940256802,22.652218,5.3588014,2089
27102,r3i1p1f1,2089,03,15,0.0625009519397722,16.807667,3.9216444,2089
27103,r3i1p1f1,2089,03,16,0.0,16.398066,-0.40002185,2089
27104,r3i1p1f1,2089,03,17,0.0,18.312181,1.053158,2089
27105,r3i1p1f1,2089,03,18,0.0,20.972044,6.608738,2089
27106,r3i1p1f1,2089,03,19,0.06994194767409653,20.151274,3.7694252,2089
27107,r3i1p1f1,2089,03,20,0.0,16.706076,0.10346099,2089
27108,r3i1p1f1,2089,03,21,1.4288909261730707,13.353699,-0.11902971,2089
27109,r3i1p1f1,2089,03,22,2.1288978624364643,11.68872,1.3387786,2089
27110,r3i1p1f1,2089,03,23,0.4268474329838875,15.728502,0.86658895,2089
27111,r3i1p1f1,2089,03,24,0.0,16.938313,-1.676722,2089
27112,r3i1p1f1,2089,03,25,0.0,18.341053,-0.48738962,2089
27113,r3i1p1f1,2089,03,26,0.0,20.68711,3.9504743,2089
27114,r3i1p1f1,2089,03,27,0.07190567526033026,23.508387,6.4065943,2089
27115,r3i1p1f1,2089,03,28,18.88667533943204,18.371138,5.456597,2089
27116,r3i1p1f1,2089,03,29,2.218291991019104,13.945263,4.5291157,2089
27117,r3i1p1f1,2089,03,30,0.007456378332404491,17.04291,1.2222428,2089
27118,r3i1p1f1,2089,03,31,0.12593578121209936,18.226398,2.5516546,2089
27119,r3i1p1f1,2089,04,01,20.325124204762027,15.227311,4.17732,2089
27120,r3i1p1f1,2089,04,02,1.0454704344308332,13.699324,1.0537666,2089
27121,r3i1p1f1,2089,04,03,0.0,19.1127,2.5909321,2089
27122,r3i1p1f1,2089,04,04,0.0,22.400146,6.6131067,2089
27123,r3i1p1f1,2089,04,05,0.0,21.161161,8.353119,2089
27124,r3i1p1f1,2089,04,06,0.0,20.384335,4.789025,2089
27125,r3i1p1f1,2089,04,07,0.0,21.521963,4.9551787,2089
27126,r3i1p1f1,2089,04,08,0.0,22.669495,5.547272,2089
27127,r3i1p1f1,2089,04,09,0.0,23.793396,7.468408,2089
27128,r3i1p1f1,2089,04,10,0.0,25.495626,7.869134,2089
27129,r3i1p1f1,2089,04,11,0.0,27.929893,10.072293,2089
27130,r3i1p1f1,2089,04,12,0.0,27.714096,9.353479,2089
27131,r3i1p1f1,2089,04,13,0.0,23.647764,5.297719,2089
27132,r3i1p1f1,2089,04,14,0.0,21.817875,3.6171155,2089
27133,r3i1p1f1,2089,04,15,0.0,20.49369,3.7627113,2089
27134,r3i1p1f1,2089,04,16,0.0021977452772923493,18.731825,2.2851465,2089
27135,r3i1p1f1,2089,04,17,0.0,21.215786,3.183023,2089
27136,r3i1p1f1,2089,04,18,0.0,24.003569,6.025453,2089
27137,r3i1p1f1,2089,04,19,0.0,28.490372,8.1769905,2089
27138,r3i1p1f1,2089,04,20,0.0,26.487974,7.4321127,2089
27139,r3i1p1f1,2089,04,21,0.0,22.413588,5.8086357,2089
27140,r3i1p1f1,2089,04,22,0.0,25.847843,6.2946997,2089
27141,r3i1p1f1,2089,04,23,0.0,30.192059,10.502236,2089
27142,r3i1p1f1,2089,04,24,0.0,34.30978,14.407214,2089
27143,r3i1p1f1,2089,04,25,0.0,34.95268,14.590475,2089
27144,r3i1p1f1,2089,04,26,0.0,32.791195,12.945506,2089
27145,r3i1p1f1,2089,04,27,0.0,32.303738,12.274521,2089
27146,r3i1p1f1,2089,04,28,0.0,33.14291,13.446552,2089
27147,r3i1p1f1,2089,04,29,0.0,32.70273,12.94784,2089
27148,r3i1p1f1,2089,04,30,0.0,32.98205,13.072459,2089
27149,r3i1p1f1,2089,05,01,0.0,32.548954,13.055532,2089
27150,r3i1p1f1,2089,05,02,0.0,31.737942,11.793999,2089
27151,r3i1p1f1,2089,05,03,0.037086081839251245,29.891098,11.880054,2089
27152,r3i1p1f1,2089,05,04,0.15320519111837988,23.297335,6.8380036,2089
27153,r3i1p1f1,2089,05,05,0.41897713624414545,20.851921,6.213967,2089
27154,r3i1p1f1,2089,05,06,0.4215355105781892,20.21189,5.561159,2089
27155,r3i1p1f1,2089,05,07,0.1562150387238062,19.176006,5.075228,2089
27156,r3i1p1f1,2089,05,08,0.0,25.389109,6.1855106,2089
27157,r3i1p1f1,2089,05,09,0.0,33.574585,13.289631,2089
27158,r3i1p1f1,2089,05,10,0.0,34.721127,14.796905,2089
27159,r3i1p1f1,2089,05,11,0.0,30.165962,11.47683,2089
27160,r3i1p1f1,2089,05,12,0.0,26.046654,7.933295,2089
27161,r3i1p1f1,2089,05,13,0.0,32.300903,12.242854,2089
27162,r3i1p1f1,2089,05,14,0.0,34.66377,14.973956,2089
27163,r3i1p1f1,2089,05,15,0.0,31.431387,12.688858,2089
27164,r3i1p1f1,2089,05,16,0.0,25.390198,7.7098913,2089
27165,r3i1p1f1,2089,05,17,0.0,29.631882,10.110646,2089
27166,r3i1p1f1,2089,05,18,0.0,31.690653,11.818803,2089
27167,r3i1p1f1,2089,05,19,0.0,29.611391,10.547856,2089
27168,r3i1p1f1,2089,05,20,0.0,29.227571,10.325756,2089
27169,r3i1p1f1,2089,05,21,0.0,28.755028,9.384338,2089
27170,r3i1p1f1,2089,05,22,0.0,25.91386,8.607396,2089
27171,r3i1p1f1,2089,05,23,0.0751556451150188,26.654964,7.2021303,2089
27172,r3i1p1f1,2089,05,24,0.10589290219782428,28.80296,9.722911,2089
27173,r3i1p1f1,2089,05,25,0.0,34.477005,14.693761,2089
27174,r3i1p1f1,2089,05,26,0.0,35.485523,15.855278,2089
27175,r3i1p1f1,2089,05,27,0.0,35.503277,15.492202,2089
27176,r3i1p1f1,2089,05,28,0.0,35.634598,15.188102,2089
27177,r3i1p1f1,2089,05,29,0.0,36.375126,16.336008,2089
27178,r3i1p1f1,2089,05,30,0.0,37.06115,17.479921,2089
27179,r3i1p1f1,2089,05,31,0.0,35.91565,16.673061,2089
27180,r3i1p1f1,2089,06,01,0.0,35.030354,15.114005,2089
27181,r3i1p1f1,2089,06,02,0.0,35.36022,15.58206,2089
27182,r3i1p1f1,2089,06,03,0.0,35.598892,16.07867,2089
27183,r3i1p1f1,2089,06,04,0.0,34.89615,16.152155,2089
27184,r3i1p1f1,2089,06,05,0.014984361531043594,33.471687,18.462831,2089
27185,r3i1p1f1,2089,06,06,0.0,33.793896,15.298078,2089
27186,r3i1p1f1,2089,06,07,0.0,34.70072,15.631004,2089
27187,r3i1p1f1,2089,06,08,0.0,38.781837,18.000624,2089
27188,r3i1p1f1,2089,06,09,0.0,39.90273,18.956459,2089
27189,r3i1p1f1,2089,06,10,0.012799572414775012,39.144478,18.864195,2089
27190,r3i1p1f1,2089,06,11,0.0,37.02104,17.479227,2089
27191,r3i1p1f1,2089,06,12,0.0,34.86745,16.873549,2089
27192,r3i1p1f1,2089,06,13,0.0,35.28365,16.673035,2089
27193,r3i1p1f1,2089,06,14,0.0,35.86134,17.314697,2089
27194,r3i1p1f1,2089,06,15,0.0,36.095734,18.691776,2089
27195,r3i1p1f1,2089,06,16,0.0,36.518997,18.551273,2089
27196,r3i1p1f1,2089,06,17,0.0,37.678444,19.56189,2089
27197,r3i1p1f1,2089,06,18,0.7660223990961006,36.959126,19.381313,2089
27198,r3i1p1f1,2089,06,19,0.046354940118776125,39.719738,19.889177,2089
27199,r3i1p1f1,2089,06,20,0.0,40.362183,20.874292,2089
27200,r3i1p1f1,2089,06,21,0.0,40.548576,20.964117,2089
27201,r3i1p1f1,2089,06,22,0.0,40.46242,21.325687,2089
27202,r3i1p1f1,2089,06,23,0.0,40.584988,21.989603,2089
27203,r3i1p1f1,2089,06,24,0.0,39.024242,20.425081,2089
27204,r3i1p1f1,2089,06,25,0.0,36.028446,17.341599,2089
27205,r3i1p1f1,2089,06,26,0.0,36.555088,17.563358,2089
27206,r3i1p1f1,2089,06,27,0.0,36.93593,18.376396,2089
27207,r3i1p1f1,2089,06,28,0.0,37.195,17.817308,2089
27208,r3i1p1f1,2089,06,29,0.0,36.66539,18.3914,2089
27209,r3i1p1f1,2089,06,30,0.0,34.705345,16.906927,2089
27210,r3i1p1f1,2089,07,01,0.0,35.02325,17.36169,2089
27211,r3i1p1f1,2089,07,02,0.0,37.829697,17.762415,2089
27212,r3i1p1f1,2089,07,03,0.0,39.124943,20.36349,2089
27213,r3i1p1f1,2089,07,04,0.0,38.35675,20.398415,2089
27214,r3i1p1f1,2089,07,05,0.0,38.501675,19.22679,2089
27215,r3i1p1f1,2089,07,06,0.0,39.22036,19.91541,2089
27216,r3i1p1f1,2089,07,07,0.0,40.372498,20.62179,2089
27217,r3i1p1f1,2089,07,08,0.0,40.064484,21.035128,2089
27218,r3i1p1f1,2089,07,09,0.0,39.16802,20.443312,2089
27219,r3i1p1f1,2089,07,10,0.0,38.49719,19.953571,2089
27220,r3i1p1f1,2089,07,11,0.0,37.432217,20.317217,2089
27221,r3i1p1f1,2089,07,12,0.0,37.498558,20.148369,2089
27222,r3i1p1f1,2089,07,13,0.0,37.068916,19.695097,2089
27223,r3i1p1f1,2089,07,14,0.0,34.95475,17.578966,2089
27224,r3i1p1f1,2089,07,15,0.0,34.645424,17.054285,2089
27225,r3i1p1f1,2089,07,16,0.0,36.292027,19.381807,2089
27226,r3i1p1f1,2089,07,17,0.0,38.21088,20.580692,2089
27227,r3i1p1f1,2089,07,18,0.0,38.768257,22.1697,2089
27228,r3i1p1f1,2089,07,19,0.0,40.107597,21.421753,2089
27229,r3i1p1f1,2089,07,20,0.0,40.571453,21.467411,2089
27230,r3i1p1f1,2089,07,21,0.0,41.318657,22.238995,2089
27231,r3i1p1f1,2089,07,22,0.0,41.679775,22.510386,2089
27232,r3i1p1f1,2089,07,23,0.0,40.71876,21.832045,2089
27233,r3i1p1f1,2089,07,24,0.0,39.896835,20.324795,2089
27234,r3i1p1f1,2089,07,25,0.0,37.561703,19.680403,2089
27235,r3i1p1f1,2089,07,26,0.0,37.59147,20.480106,2089
27236,r3i1p1f1,2089,07,27,0.0,38.990654,22.226557,2089
27237,r3i1p1f1,2089,07,28,0.0,40.123978,21.602455,2089
27238,r3i1p1f1,2089,07,29,0.0,40.24555,21.930023,2089
27239,r3i1p1f1,2089,07,30,0.4376063973970965,39.537548,21.611567,2089
27240,r3i1p1f1,2089,07,31,0.12848745504126066,36.254463,21.520967,2089
27241,r3i1p1f1,2089,08,01,0.007900790572448663,38.869854,22.602182,2089
27242,r3i1p1f1,2089,08,02,0.24949433455758757,38.272495,22.062145,2089
27243,r3i1p1f1,2089,08,03,0.12666080711465894,36.414696,20.289804,2089
27244,r3i1p1f1,2089,08,04,0.0,35.771774,19.795767,2089
27245,r3i1p1f1,2089,08,05,0.012945200909267773,35.2384,20.185242,2089
27246,r3i1p1f1,2089,08,06,0.00028360314459088397,36.13997,19.64987,2089
27247,r3i1p1f1,2089,08,07,0.005746591046000972,37.726902,20.700098,2089
27248,r3i1p1f1,2089,08,08,0.0,37.1335,21.014484,2089
27249,r3i1p1f1,2089,08,09,0.004354165161423611,36.112427,20.514917,2089
27250,r3i1p1f1,2089,08,10,0.0,36.049797,19.829098,2089
27251,r3i1p1f1,2089,08,11,0.0,35.698853,18.071707,2089
27252,r3i1p1f1,2089,08,12,0.0,34.88895,16.981054,2089
27253,r3i1p1f1,2089,08,13,0.0,36.140854,17.752745,2089
27254,r3i1p1f1,2089,08,14,0.0,35.636063,18.031155,2089
27255,r3i1p1f1,2089,08,15,0.004653556432899539,35.793697,18.28296,2089
27256,r3i1p1f1,2089,08,16,0.1585442497691309,35.75486,19.248587,2089
27257,r3i1p1f1,2089,08,17,0.6274800570099615,36.99849,21.146637,2089
27258,r3i1p1f1,2089,08,18,0.9396157767023947,36.280224,20.436525,2089
27259,r3i1p1f1,2089,08,19,0.19011567261645035,35.552803,19.169863,2089
27260,r3i1p1f1,2089,08,20,2.7507433191093504,35.244793,19.680157,2089
27261,r3i1p1f1,2089,08,21,2.7362056456772597,33.945496,20.353834,2089
27262,r3i1p1f1,2089,08,22,0.006726987304511677,34.0136,19.163074,2089
27263,r3i1p1f1,2089,08,23,0.0,35.208084,19.305658,2089
27264,r3i1p1f1,2089,08,24,0.0,36.18084,19.118708,2089
27265,r3i1p1f1,2089,08,25,0.0,36.56313,18.753971,2089
27266,r3i1p1f1,2089,08,26,0.0,36.85204,18.744438,2089
27267,r3i1p1f1,2089,08,27,0.0,37.290146,18.558155,2089
27268,r3i1p1f1,2089,08,28,0.006668043647413001,38.228764,19.200861,2089
27269,r3i1p1f1,2089,08,29,0.004089714987485698,38.463627,19.546679,2089
27270,r3i1p1f1,2089,08,30,0.5872257393903882,37.827625,21.246807,2089
27271,r3i1p1f1,2089,08,31,0.5710513642671603,38.789886,21.709204,2089
27272,r3i1p1f1,2089,09,01,1.7060577787439495,38.852665,23.293417,2089
27273,r3i1p1f1,2089,09,02,1.409627579220493,36.978546,22.278223,2089
27274,r3i1p1f1,2089,09,03,0.1272869412125808,37.687363,22.037823,2089
27275,r3i1p1f1,2089,09,04,0.002435603193148519,38.20681,21.36485,2089
27276,r3i1p1f1,2089,09,05,0.01721998563770092,36.7836,20.11098,2089
27277,r3i1p1f1,2089,09,06,0.0010753246324108632,35.49673,19.809221,2089
27278,r3i1p1f1,2089,09,07,0.0,33.99634,18.228643,2089
27279,r3i1p1f1,2089,09,08,0.0,35.203873,19.070936,2089
27280,r3i1p1f1,2089,09,09,0.0,35.715305,19.642008,2089
27281,r3i1p1f1,2089,09,10,0.0,35.543686,19.732306,2089
27282,r3i1p1f1,2089,09,11,0.002415162426504222,36.440395,19.645523,2089
27283,r3i1p1f1,2089,09,12,0.0,38.74826,20.017519,2089
27284,r3i1p1f1,2089,09,13,0.0,37.93109,20.593805,2089
27285,r3i1p1f1,2089,09,14,0.2211305380787411,34.97547,21.151274,2089
27286,r3i1p1f1,2089,09,15,1.1881068643902615,33.29147,19.398893,2089
27287,r3i1p1f1,2089,09,16,8.225439969918984,31.742456,19.333292,2089
27288,r3i1p1f1,2089,09,17,31.6630835356438,29.11108,16.803661,2089
27289,r3i1p1f1,2089,09,18,1.3520216803722591,29.848156,17.163017,2089
27290,r3i1p1f1,2089,09,19,0.0,29.63402,16.094933,2089
27291,r3i1p1f1,2089,09,20,0.0013703598894856193,30.096134,16.095865,2089
27292,r3i1p1f1,2089,09,21,0.0,29.125633,15.222854,2089
27293,r3i1p1f1,2089,09,22,0.0,28.269901,14.317843,2089
27294,r3i1p1f1,2089,09,23,0.0,28.091059,14.392427,2089
27295,r3i1p1f1,2089,09,24,0.0,30.742554,15.589166,2089
27296,r3i1p1f1,2089,09,25,0.0,29.847948,15.766152,2089
27297,r3i1p1f1,2089,09,26,0.0,29.788713,13.980035,2089
27298,r3i1p1f1,2089,09,27,0.0,30.58134,14.757572,2089
27299,r3i1p1f1,2089,09,28,0.0,30.993385,14.660329,2089
27300,r3i1p1f1,2089,09,29,0.0,31.866667,16.206089,2089
27301,r3i1p1f1,2089,09,30,0.0,34.249714,17.339222,2089
27302,r3i1p1f1,2089,10,01,0.0,37.592075,18.807291,2089
27303,r3i1p1f1,2089,10,02,0.0,38.85522,20.272432,2089
27304,r3i1p1f1,2089,10,03,0.0,38.867733,20.886768,2089
27305,r3i1p1f1,2089,10,04,0.0,39.28971,21.164938,2089
27306,r3i1p1f1,2089,10,05,0.0,39.322563,21.181044,2089
27307,r3i1p1f1,2089,10,06,0.0,40.35528,21.33378,2089
27308,r3i1p1f1,2089,10,07,0.0,38.511032,19.462053,2089
27309,r3i1p1f1,2089,10,08,0.0,32.254818,15.788437,2089
27310,r3i1p1f1,2089,10,09,0.0,29.603195,15.869357,2089
27311,r3i1p1f1,2089,10,10,0.0,29.32499,14.012765,2089
27312,r3i1p1f1,2089,10,11,0.0,28.684547,13.327518,2089
27313,r3i1p1f1,2089,10,12,0.0030966160049887767,28.405376,15.383375,2089
27314,r3i1p1f1,2089,10,13,0.06294123678923245,25.075348,13.6154585,2089
27315,r3i1p1f1,2089,10,14,0.0,18.378223,5.7856216,2089
27316,r3i1p1f1,2089,10,15,0.0,21.29055,5.3208323,2089
27317,r3i1p1f1,2089,10,16,0.0,27.343456,10.433631,2089
27318,r3i1p1f1,2089,10,17,0.0,28.499,11.896093,2089
27319,r3i1p1f1,2089,10,18,0.0,29.639702,12.79206,2089
27320,r3i1p1f1,2089,10,19,0.0,27.680378,11.088372,2089
27321,r3i1p1f1,2089,10,20,0.0,24.673485,9.557718,2089
27322,r3i1p1f1,2089,10,21,0.0,23.080784,9.021531,2089
27323,r3i1p1f1,2089,10,22,0.0,22.330011,8.432527,2089
27324,r3i1p1f1,2089,10,23,0.019551187541020972,20.668823,7.95074,2089
27325,r3i1p1f1,2089,10,24,0.0,22.043898,6.40254,2089
27326,r3i1p1f1,2089,10,25,0.0,24.331236,8.118409,2089
27327,r3i1p1f1,2089,10,26,0.0,26.590418,9.890683,2089
27328,r3i1p1f1,2089,10,27,0.0,28.28605,11.575126,2089
27329,r3i1p1f1,2089,10,28,0.0,27.446068,11.735271,2089
27330,r3i1p1f1,2089,10,29,0.0,25.056057,8.490107,2089
27331,r3i1p1f1,2089,10,30,0.0,21.397491,6.072396,2089
27332,r3i1p1f1,2089,10,31,0.0,20.131954,4.6250696,2089
27333,r3i1p1f1,2089,11,01,0.0,24.484053,7.773611,2089
27334,r3i1p1f1,2089,11,02,0.0,24.392357,8.992471,2089
27335,r3i1p1f1,2089,11,03,0.0,24.364359,8.454153,2089
27336,r3i1p1f1,2089,11,04,0.0,25.287258,9.049656,2089
27337,r3i1p1f1,2089,11,05,0.0,26.292358,8.86466,2089
27338,r3i1p1f1,2089,11,06,0.0,24.624107,7.9474587,2089
27339,r3i1p1f1,2089,11,07,0.0,22.475565,7.7785583,2089
27340,r3i1p1f1,2089,11,08,1.8047888718347442,22.785048,10.827758,2089
27341,r3i1p1f1,2089,11,09,0.013998980011268886,15.862655,3.3437347,2089
27342,r3i1p1f1,2089,11,10,0.0,15.5406885,1.2348125,2089
27343,r3i1p1f1,2089,11,11,0.0,17.627647,3.9941003,2089
27344,r3i1p1f1,2089,11,12,0.0,19.616537,5.614348,2089
27345,r3i1p1f1,2089,11,13,0.6863026768835632,19.262918,9.998799,2089
27346,r3i1p1f1,2089,11,14,0.0,17.624956,3.378941,2089
27347,r3i1p1f1,2089,11,15,0.0,19.087696,5.004262,2089
27348,r3i1p1f1,2089,11,16,0.0,24.62459,6.4353175,2089
27349,r3i1p1f1,2089,11,17,0.0,28.297142,9.689036,2089
27350,r3i1p1f1,2089,11,18,0.1759135583757377,25.315323,11.642934,2089
27351,r3i1p1f1,2089,11,19,0.0,15.881471,4.8473864,2089
27352,r3i1p1f1,2089,11,20,0.0,19.837303,2.02221,2089
27353,r3i1p1f1,2089,11,21,0.0,22.883673,5.677253,2089
27354,r3i1p1f1,2089,11,22,0.09722578014726892,20.774876,10.392555,2089
27355,r3i1p1f1,2089,11,23,0.0,16.905012,2.2458122,2089
27356,r3i1p1f1,2089,11,24,0.0,16.749186,-0.18703851,2089
27357,r3i1p1f1,2089,11,25,0.0004465475847775286,17.993214,4.2555985,2089
27358,r3i1p1f1,2089,11,26,0.16129460376456942,20.187666,7.2522078,2089
27359,r3i1p1f1,2089,11,27,10.263141862570508,21.523129,9.93265,2089
27360,r3i1p1f1,2089,11,28,6.077858501416399,12.091309,1.0299402,2089
27361,r3i1p1f1,2089,11,29,0.11335087954538528,11.341014,-1.5743895,2089
27362,r3i1p1f1,2089,11,30,0.0,12.767939,0.7192966,2089
27363,r3i1p1f1,2089,12,01,0.0,13.908473,0.07610787,2089
27364,r3i1p1f1,2089,12,02,0.0,13.624318,0.045962006,2089
27365,r3i1p1f1,2089,12,03,0.0,14.833081,1.0356724,2089
27366,r3i1p1f1,2089,12,04,0.0,13.069966,-0.48540965,2089
27367,r3i1p1f1,2089,12,05,0.0,15.715474,1.3141819,2089
27368,r3i1p1f1,2089,12,06,0.0,19.272482,4.492527,2089
27369,r3i1p1f1,2089,12,07,0.0,19.125181,5.2799606,2089
27370,r3i1p1f1,2089,12,08,0.0,17.989075,3.887024,2089
27371,r3i1p1f1,2089,12,09,0.0,17.651144,3.2841315,2089
27372,r3i1p1f1,2089,12,10,0.19514317726299685,15.139586,1.999973,2089
27373,r3i1p1f1,2089,12,11,0.08855606268325848,7.1970806,-1.852559,2089
27374,r3i1p1f1,2089,12,12,0.0,8.152306,-6.0339675,2089
27375,r3i1p1f1,2089,12,13,0.0,11.133494,-3.6566112,2089
27376,r3i1p1f1,2089,12,14,0.0,14.925994,-1.2766098,2089
27377,r3i1p1f1,2089,12,15,0.021246820890541352,12.67056,-1.2796737,2089
27378,r3i1p1f1,2089,12,16,8.995445789693328,10.759193,-1.2430593,2089
27379,r3i1p1f1,2089,12,17,0.0,4.070217,-5.2667146,2089
27380,r3i1p1f1,2089,12,18,0.0,6.0060062,-7.4824433,2089
27381,r3i1p1f1,2089,12,19,0.0,8.947451,-5.4089494,2089
27382,r3i1p1f1,2089,12,20,0.0,11.440802,-2.722511,2089
27383,r3i1p1f1,2089,12,21,0.0,16.235546,0.8192628,2089
27384,r3i1p1f1,2089,12,22,0.0,17.90203,3.033677,2089
27385,r3i1p1f1,2089,12,23,0.0,17.253313,2.449821,2089
27386,r3i1p1f1,2089,12,24,0.0,15.808246,1.1543924,2089
27387,r3i1p1f1,2089,12,25,5.684046616180984,11.809223,0.5482374,2089
27388,r3i1p1f1,2089,12,26,0.7781942250056256,5.834054,-2.5532272,2089
27389,r3i1p1f1,2089,12,27,0.0,6.9830394,-6.94461,2089
27390,r3i1p1f1,2089,12,28,0.0,8.90084,-4.842091,2089
27391,r3i1p1f1,2089,12,29,0.0,9.866467,-3.8060458,2089
27392,r3i1p1f1,2089,12,30,0.0,9.564606,-4.6657853,2089
27393,r3i1p1f1,2089,12,31,0.0,9.626917,-4.4978905,2089
27394,r3i1p1f1,2090,01,01,0.0,10.355098,-3.2344544,2090
27395,r3i1p1f1,2090,01,02,0.042454833138353104,10.111131,-1.3432665,2090
27396,r3i1p1f1,2090,01,03,0.0,10.057015,-4.8276577,2090
27397,r3i1p1f1,2090,01,04,0.0,12.640807,-0.7228373,2090
27398,r3i1p1f1,2090,01,05,0.0,12.719336,-1.5696106,2090
27399,r3i1p1f1,2090,01,06,0.0,12.26357,-2.5764217,2090
27400,r3i1p1f1,2090,01,07,0.0,11.071377,-2.9508023,2090
27401,r3i1p1f1,2090,01,08,0.0,9.579126,-3.2670472,2090
27402,r3i1p1f1,2090,01,09,0.0,10.471507,-2.8583581,2090
27403,r3i1p1f1,2090,01,10,0.0,11.987826,-5.108513,2090
27404,r3i1p1f1,2090,01,11,0.03247276458833684,11.248609,-4.548631,2090
27405,r3i1p1f1,2090,01,12,1.8650936750418623,9.433796,-0.103088506,2090
27406,r3i1p1f1,2090,01,13,2.1139945951444767,8.845405,0.081780836,2090
27407,r3i1p1f1,2090,01,14,2.9296751916759107,9.155763,0.51928455,2090
27408,r3i1p1f1,2090,01,15,1.5203275588977372,12.739125,2.1129932,2090
27409,r3i1p1f1,2090,01,16,0.15526411075508362,13.625922,1.4566675,2090
27410,r3i1p1f1,2090,01,17,0.0,12.648275,-0.4011336,2090
27411,r3i1p1f1,2090,01,18,0.0,11.6794815,-3.8665373,2090
27412,r3i1p1f1,2090,01,19,0.0,11.400515,-2.8851962,2090
27413,r3i1p1f1,2090,01,20,0.0,11.828848,-2.3809419,2090
27414,r3i1p1f1,2090,01,21,0.0,11.674361,-2.715945,2090
27415,r3i1p1f1,2090,01,22,0.0,11.236534,-2.426904,2090
27416,r3i1p1f1,2090,01,23,0.0,11.202667,-2.113904,2090
27417,r3i1p1f1,2090,01,24,0.0,13.128742,-1.2011533,2090
27418,r3i1p1f1,2090,01,25,0.0,14.582009,-0.6958665,2090
27419,r3i1p1f1,2090,01,26,0.13612114979464837,12.916279,-0.22502553,2090
27420,r3i1p1f1,2090,01,27,0.016898327100506955,6.922592,-2.7265081,2090
27421,r3i1p1f1,2090,01,28,0.0,7.8229218,-5.9294686,2090
27422,r3i1p1f1,2090,01,29,0.0,10.32258,-4.977336,2090
27423,r3i1p1f1,2090,01,30,0.0,9.976149,-5.31883,2090
27424,r3i1p1f1,2090,01,31,0.0,11.711432,-4.4736075,2090
27425,r3i1p1f1,2090,02,01,0.011050071197766529,14.534903,-0.9525518,2090
27426,r3i1p1f1,2090,02,02,2.6139316672583157,14.255758,2.8328168,2090
27427,r3i1p1f1,2090,02,03,12.21747830874654,11.147897,4.0642896,2090
27428,r3i1p1f1,2090,02,04,0.45032250208323327,8.464286,-3.0052652,2090
27429,r3i1p1f1,2090,02,05,0.0,12.550862,-2.6409585,2090
27430,r3i1p1f1,2090,02,06,0.0,15.820503,0.24101283,2090
27431,r3i1p1f1,2090,02,07,0.0,16.109238,1.8350899,2090
27432,r3i1p1f1,2090,02,08,0.0,17.239666,2.7178376,2090
27433,r3i1p1f1,2090,02,09,0.0,17.853996,2.1015933,2090
27434,r3i1p1f1,2090,02,10,0.0,17.563812,2.2743201,2090
27435,r3i1p1f1,2090,02,11,0.0,16.94381,1.7091471,2090
27436,r3i1p1f1,2090,02,12,0.020441141949766352,15.969583,2.0637455,2090
27437,r3i1p1f1,2090,02,13,0.0048419103647271795,11.560209,-3.406769,2090
27438,r3i1p1f1,2090,02,14,0.0,13.270493,-2.9787252,2090
27439,r3i1p1f1,2090,02,15,0.005881701186863762,13.31247,0.320365,2090
27440,r3i1p1f1,2090,02,16,0.0,12.472368,-4.1222634,2090
27441,r3i1p1f1,2090,02,17,6.039561858602665,12.256617,-1.4675549,2090
27442,r3i1p1f1,2090,02,18,7.8277141129012415,7.440914,-1.2927239,2090
27443,r3i1p1f1,2090,02,19,0.174461788392915,6.9204884,-4.8830295,2090
27444,r3i1p1f1,2090,02,20,0.0,9.741905,-3.5154855,2090
27445,r3i1p1f1,2090,02,21,0.0,12.740299,-3.0046556,2090
27446,r3i1p1f1,2090,02,22,0.0,14.538218,-0.73446816,2090
27447,r3i1p1f1,2090,02,23,0.0,15.568889,0.5929561,2090
27448,r3i1p1f1,2090,02,24,0.5302477595272869,15.209963,2.3084152,2090
27449,r3i1p1f1,2090,02,25,0.0,7.956557,-4.1967635,2090
27450,r3i1p1f1,2090,02,26,3.578035380353068,8.027161,0.21903262,2090
27451,r3i1p1f1,2090,02,27,1.3733454933103393,6.2863207,-4.816906,2090
27452,r3i1p1f1,2090,02,28,0.7324100778284695,9.398664,-2.2983685,2090
27453,r3i1p1f1,2090,03,01,0.48264377869517455,10.9543,-3.6873536,2090
27454,r3i1p1f1,2090,03,02,0.0,11.526816,-5.4462304,2090
27455,r3i1p1f1,2090,03,03,0.0,13.920249,-4.5946774,2090
27456,r3i1p1f1,2090,03,04,0.03531593473973882,13.448233,-1.8605042,2090
27457,r3i1p1f1,2090,03,05,0.042837606337288336,10.575189,-2.5520754,2090
27458,r3i1p1f1,2090,03,06,0.0,13.392269,-3.8540058,2090
27459,r3i1p1f1,2090,03,07,0.0,17.343637,0.49758565,2090
27460,r3i1p1f1,2090,03,08,0.0,21.854708,3.3831782,2090
27461,r3i1p1f1,2090,03,09,0.0,20.66294,4.7013183,2090
27462,r3i1p1f1,2090,03,10,0.0,21.786566,4.139458,2090
27463,r3i1p1f1,2090,03,11,0.0,23.189121,5.4157376,2090
27464,r3i1p1f1,2090,03,12,0.0,23.25939,7.5283523,2090
27465,r3i1p1f1,2090,03,13,0.0,24.989275,8.121059,2090
27466,r3i1p1f1,2090,03,14,0.0,26.207846,8.151427,2090
27467,r3i1p1f1,2090,03,15,0.0,26.05405,8.011813,2090
27468,r3i1p1f1,2090,03,16,0.0,24.923367,6.507609,2090
27469,r3i1p1f1,2090,03,17,0.0,24.965216,7.5446234,2090
27470,r3i1p1f1,2090,03,18,0.0,27.22949,9.584632,2090
27471,r3i1p1f1,2090,03,19,0.0,27.072195,8.941498,2090
27472,r3i1p1f1,2090,03,20,0.0,27.190592,8.075558,2090
27473,r3i1p1f1,2090,03,21,0.0,27.136517,7.638246,2090
27474,r3i1p1f1,2090,03,22,0.0,28.00672,9.653623,2090
27475,r3i1p1f1,2090,03,23,0.0,28.953571,9.950444,2090
27476,r3i1p1f1,2090,03,24,0.0,31.301193,11.576721,2090
27477,r3i1p1f1,2090,03,25,0.0,30.386633,9.886106,2090
27478,r3i1p1f1,2090,03,26,0.5486650501865314,22.03743,4.456958,2090
27479,r3i1p1f1,2090,03,27,0.0,15.541233,-1.2751812,2090
27480,r3i1p1f1,2090,03,28,1.556269877596192,12.999032,0.59868747,2090
27481,r3i1p1f1,2090,03,29,1.1728717278751764,14.406461,2.2664263,2090
27482,r3i1p1f1,2090,03,30,0.2342263579626116,16.1998,3.0487804,2090
27483,r3i1p1f1,2090,03,31,0.0,19.121527,0.54892254,2090
27484,r3i1p1f1,2090,04,01,0.13998692184789738,18.289644,0.9432955,2090
27485,r3i1p1f1,2090,04,02,0.3588185192821777,15.989326,2.7033567,2090
27486,r3i1p1f1,2090,04,03,0.0,21.242483,1.5237461,2090
27487,r3i1p1f1,2090,04,04,0.0,22.952133,4.0687485,2090
27488,r3i1p1f1,2090,04,05,1.7000231990696744,20.554592,1.677251,2090
27489,r3i1p1f1,2090,04,06,5.335369794357217,10.937419,0.067859314,2090
27490,r3i1p1f1,2090,04,07,0.0004978993710017565,16.104053,-0.24698313,2090
27491,r3i1p1f1,2090,04,08,0.1267325549005446,17.766924,3.0818856,2090
27492,r3i1p1f1,2090,04,09,0.0,21.425737,3.6762297,2090
27493,r3i1p1f1,2090,04,10,0.00016330351530941147,22.287647,5.149014,2090
27494,r3i1p1f1,2090,04,11,0.017022573791274972,21.064608,4.789231,2090
27495,r3i1p1f1,2090,04,12,0.1011135587539298,23.676733,5.168255,2090
27496,r3i1p1f1,2090,04,13,0.0,23.65378,5.1559205,2090
27497,r3i1p1f1,2090,04,14,0.0,23.703167,3.9538572,2090
27498,r3i1p1f1,2090,04,15,0.09373423902368151,21.867403,4.4891477,2090
27499,r3i1p1f1,2090,04,16,0.05516417461160128,17.475578,1.6319604,2090
27500,r3i1p1f1,2090,04,17,0.0017772820358390384,21.583544,2.2856824,2090
27501,r3i1p1f1,2090,04,18,0.0,21.036615,4.11378,2090
27502,r3i1p1f1,2090,04,19,0.14518401016423674,21.32694,4.033173,2090
27503,r3i1p1f1,2090,04,20,0.007793955490783308,21.499464,4.894991,2090
27504,r3i1p1f1,2090,04,21,0.0,23.857204,4.2225227,2090
27505,r3i1p1f1,2090,04,22,0.0,25.59196,7.34476,2090
27506,r3i1p1f1,2090,04,23,0.0,29.541836,9.041677,2090
27507,r3i1p1f1,2090,04,24,0.0,27.535534,9.96544,2090
27508,r3i1p1f1,2090,04,25,0.0,26.2123,6.948769,2090
27509,r3i1p1f1,2090,04,26,0.0,22.07412,2.7227962,2090
27510,r3i1p1f1,2090,04,27,2.826548148330017,18.952356,3.635812,2090
27511,r3i1p1f1,2090,04,28,1.4727176755982465,18.70956,4.0483656,2090
27512,r3i1p1f1,2090,04,29,0.0,22.944147,5.3539424,2090
27513,r3i1p1f1,2090,04,30,0.0,21.76027,5.631184,2090
27514,r3i1p1f1,2090,05,01,0.0,21.498417,5.1210814,2090
27515,r3i1p1f1,2090,05,02,0.0,24.119076,6.030682,2090
27516,r3i1p1f1,2090,05,03,0.0,29.542534,9.776762,2090
27517,r3i1p1f1,2090,05,04,0.0,32.384026,13.11399,2090
27518,r3i1p1f1,2090,05,05,0.0,33.456013,14.596232,2090
27519,r3i1p1f1,2090,05,06,0.0,33.47983,14.983449,2090
27520,r3i1p1f1,2090,05,07,0.0002611537065328748,33.104614,13.630701,2090
27521,r3i1p1f1,2090,05,08,0.0,34.92794,15.120533,2090
27522,r3i1p1f1,2090,05,09,0.0,35.582886,16.160185,2090
27523,r3i1p1f1,2090,05,10,0.0,35.423664,16.078901,2090
27524,r3i1p1f1,2090,05,11,0.0,33.497402,14.509761,2090
27525,r3i1p1f1,2090,05,12,0.0,32.666714,13.440411,2090
27526,r3i1p1f1,2090,05,13,0.0,31.157646,12.010355,2090
27527,r3i1p1f1,2090,05,14,0.0,31.425617,12.11516,2090
27528,r3i1p1f1,2090,05,15,0.0,32.676056,12.845391,2090
27529,r3i1p1f1,2090,05,16,0.0,34.558453,14.719169,2090
27530,r3i1p1f1,2090,05,17,0.0,35.558743,15.541718,2090
27531,r3i1p1f1,2090,05,18,0.0,35.807865,15.489683,2090
27532,r3i1p1f1,2090,05,19,0.0,34.497402,14.934245,2090
27533,r3i1p1f1,2090,05,20,0.0,30.816029,12.578914,2090
27534,r3i1p1f1,2090,05,21,0.0,31.610365,11.853561,2090
27535,r3i1p1f1,2090,05,22,0.0,31.236666,12.259757,2090
27536,r3i1p1f1,2090,05,23,0.0,29.477266,11.315,2090
27537,r3i1p1f1,2090,05,24,0.0,30.463081,11.585816,2090
27538,r3i1p1f1,2090,05,25,0.0,30.205135,11.767774,2090
27539,r3i1p1f1,2090,05,26,0.0,30.368181,11.881295,2090
27540,r3i1p1f1,2090,05,27,0.0,29.83906,12.408685,2090
27541,r3i1p1f1,2090,05,28,0.0,29.385012,10.393038,2090
27542,r3i1p1f1,2090,05,29,0.0,25.532927,7.3368835,2090
27543,r3i1p1f1,2090,05,30,0.0,24.49315,7.855282,2090
27544,r3i1p1f1,2090,05,31,0.0,23.626465,7.8187914,2090
27545,r3i1p1f1,2090,06,01,0.0,28.409616,9.07552,2090
27546,r3i1p1f1,2090,06,02,0.0,28.579763,10.387401,2090
27547,r3i1p1f1,2090,06,03,0.0,28.440548,9.880258,2090
27548,r3i1p1f1,2090,06,04,0.0,31.118946,12.487535,2090
27549,r3i1p1f1,2090,06,05,0.0,34.405937,14.49209,2090
27550,r3i1p1f1,2090,06,06,0.0,36.69791,17.05609,2090
27551,r3i1p1f1,2090,06,07,0.0,36.83697,18.030167,2090
27552,r3i1p1f1,2090,06,08,0.0,35.59772,16.361387,2090
27553,r3i1p1f1,2090,06,09,0.0,33.652397,15.66229,2090
27554,r3i1p1f1,2090,06,10,0.0,34.79962,14.965274,2090
27555,r3i1p1f1,2090,06,11,0.0,37.59425,17.198935,2090
27556,r3i1p1f1,2090,06,12,0.0,36.517365,16.923485,2090
27557,r3i1p1f1,2090,06,13,0.0,36.276474,16.867199,2090
27558,r3i1p1f1,2090,06,14,0.0,36.828854,17.103191,2090
27559,r3i1p1f1,2090,06,15,0.0,35.68082,15.783351,2090
27560,r3i1p1f1,2090,06,16,0.0,34.91962,15.479074,2090
27561,r3i1p1f1,2090,06,17,0.0,36.924507,18.011353,2090
27562,r3i1p1f1,2090,06,18,0.0,37.14188,18.17124,2090
27563,r3i1p1f1,2090,06,19,0.0,38.579155,18.564255,2090
27564,r3i1p1f1,2090,06,20,0.0,38.795113,20.227007,2090
27565,r3i1p1f1,2090,06,21,0.0,37.732563,19.205793,2090
27566,r3i1p1f1,2090,06,22,0.0,37.20962,18.50505,2090
27567,r3i1p1f1,2090,06,23,0.0,38.42073,18.875225,2090
27568,r3i1p1f1,2090,06,24,0.001575378030820778,39.585648,19.837994,2090
27569,r3i1p1f1,2090,06,25,0.004276966422118924,39.458508,19.277359,2090
27570,r3i1p1f1,2090,06,26,0.0,39.49297,19.03648,2090
27571,r3i1p1f1,2090,06,27,0.02897122829436381,39.01061,19.250648,2090
27572,r3i1p1f1,2090,06,28,0.11581633539511434,38.87593,20.683601,2090
27573,r3i1p1f1,2090,06,29,0.0,38.21085,21.411201,2090
27574,r3i1p1f1,2090,06,30,0.0,38.21457,19.646933,2090
27575,r3i1p1f1,2090,07,01,0.0,38.493587,19.91308,2090
27576,r3i1p1f1,2090,07,02,0.0,39.01409,19.391697,2090
27577,r3i1p1f1,2090,07,03,0.0,40.285976,19.809038,2090
27578,r3i1p1f1,2090,07,04,0.0,41.34978,21.288576,2090
27579,r3i1p1f1,2090,07,05,0.0,41.10113,20.761988,2090
27580,r3i1p1f1,2090,07,06,0.0,39.1365,19.7388,2090
27581,r3i1p1f1,2090,07,07,0.0,38.105392,19.687544,2090
27582,r3i1p1f1,2090,07,08,0.0,38.12215,19.722242,2090
27583,r3i1p1f1,2090,07,09,0.0,37.307255,20.995033,2090
27584,r3i1p1f1,2090,07,10,0.0,36.189816,19.48253,2090
27585,r3i1p1f1,2090,07,11,0.0,34.49554,18.064888,2090
27586,r3i1p1f1,2090,07,12,0.0,36.116016,19.300312,2090
27587,r3i1p1f1,2090,07,13,0.0,37.837173,19.744112,2090
27588,r3i1p1f1,2090,07,14,0.0,38.309467,19.96379,2090
27589,r3i1p1f1,2090,07,15,0.5298162184154728,38.80522,20.444357,2090
27590,r3i1p1f1,2090,07,16,1.771149470560803,39.09321,22.244661,2090
27591,r3i1p1f1,2090,07,17,12.614851432985178,38.540535,23.483774,2090
27592,r3i1p1f1,2090,07,18,0.5626542031214657,39.862682,21.975676,2090
27593,r3i1p1f1,2090,07,19,8.029835983867418,39.051743,22.259417,2090
27594,r3i1p1f1,2090,07,20,0.15934016143243449,39.99297,22.317774,2090
27595,r3i1p1f1,2090,07,21,0.0,40.72177,22.586735,2090
27596,r3i1p1f1,2090,07,22,4.92399712418498,38.50023,21.618248,2090
27597,r3i1p1f1,2090,07,23,0.7731874090545303,34.30302,19.977444,2090
27598,r3i1p1f1,2090,07,24,1.0904735417077036,35.614273,20.605537,2090
27599,r3i1p1f1,2090,07,25,0.8160062159312833,35.34483,19.966476,2090
27600,r3i1p1f1,2090,07,26,1.2163755581205447,34.867764,18.63418,2090
27601,r3i1p1f1,2090,07,27,0.0018710222546801422,34.77601,18.835564,2090
27602,r3i1p1f1,2090,07,28,0.0,33.263435,17.32396,2090
27603,r3i1p1f1,2090,07,29,0.0,34.300323,17.708786,2090
27604,r3i1p1f1,2090,07,30,0.0,37.346775,18.464352,2090
27605,r3i1p1f1,2090,07,31,0.0,37.386497,19.087393,2090
27606,r3i1p1f1,2090,08,01,0.0,36.974777,19.767193,2090
27607,r3i1p1f1,2090,08,02,0.0,38.11469,20.218742,2090
27608,r3i1p1f1,2090,08,03,0.0,39.672337,20.858467,2090
27609,r3i1p1f1,2090,08,04,3.33082537675485,37.27923,20.827906,2090
27610,r3i1p1f1,2090,08,05,0.9387638589903486,37.27919,21.521759,2090
27611,r3i1p1f1,2090,08,06,2.2743033754324475,36.51717,22.018574,2090
27612,r3i1p1f1,2090,08,07,3.5136375005119835,35.0078,21.432007,2090
27613,r3i1p1f1,2090,08,08,0.2532926945820112,36.38956,22.159151,2090
27614,r3i1p1f1,2090,08,09,0.6279345099182772,37.47003,21.48417,2090
27615,r3i1p1f1,2090,08,10,2.5750573205859286,37.498875,22.31311,2090
27616,r3i1p1f1,2090,08,11,1.4777767687767416,36.122635,22.267817,2090
27617,r3i1p1f1,2090,08,12,0.9490856079289436,38.948437,22.830019,2090
27618,r3i1p1f1,2090,08,13,0.05035478944509206,38.806847,23.2293,2090
27619,r3i1p1f1,2090,08,14,0.2595183556045275,38.318882,22.381159,2090
27620,r3i1p1f1,2090,08,15,0.03848521963156985,36.784252,20.915462,2090
27621,r3i1p1f1,2090,08,16,0.0,36.846516,20.623583,2090
27622,r3i1p1f1,2090,08,17,0.056314764925363386,37.31802,20.216515,2090
27623,r3i1p1f1,2090,08,18,0.0,38.600994,19.758497,2090
27624,r3i1p1f1,2090,08,19,0.0,38.285973,19.771011,2090
27625,r3i1p1f1,2090,08,20,0.0,37.509026,20.453756,2090
27626,r3i1p1f1,2090,08,21,0.0,36.147907,18.2729,2090
27627,r3i1p1f1,2090,08,22,0.5049736136799876,35.737583,19.841812,2090
27628,r3i1p1f1,2090,08,23,0.6737823426771105,34.960117,21.132936,2090
27629,r3i1p1f1,2090,08,24,0.8854525183039985,32.844685,17.964434,2090
27630,r3i1p1f1,2090,08,25,0.17741892462116526,30.577063,15.5375805,2090
27631,r3i1p1f1,2090,08,26,0.11947608086440155,30.472692,14.918476,2090
27632,r3i1p1f1,2090,08,27,0.0,34.437675,15.524249,2090
27633,r3i1p1f1,2090,08,28,0.010272631763765468,37.02842,18.854174,2090
27634,r3i1p1f1,2090,08,29,0.6227863160132653,37.570194,20.827995,2090
27635,r3i1p1f1,2090,08,30,0.009582388906203436,37.784893,20.854708,2090
27636,r3i1p1f1,2090,08,31,0.0,40.121788,19.283787,2090
27637,r3i1p1f1,2090,09,01,0.0,38.761803,22.67311,2090
27638,r3i1p1f1,2090,09,02,0.0,37.035824,21.635931,2090
27639,r3i1p1f1,2090,09,03,0.0,35.452393,21.419815,2090
27640,r3i1p1f1,2090,09,04,0.07075810534209295,36.057835,19.666359,2090
27641,r3i1p1f1,2090,09,05,0.0,34.84853,18.950647,2090
27642,r3i1p1f1,2090,09,06,0.0,33.97419,20.449316,2090
27643,r3i1p1f1,2090,09,07,0.0,33.474106,18.461971,2090
27644,r3i1p1f1,2090,09,08,0.0,35.67892,18.479485,2090
27645,r3i1p1f1,2090,09,09,0.0,34.321743,18.882029,2090
27646,r3i1p1f1,2090,09,10,0.0,32.192856,17.927526,2090
27647,r3i1p1f1,2090,09,11,0.0,30.943365,16.179558,2090
27648,r3i1p1f1,2090,09,12,0.0,31.087955,17.585152,2090
27649,r3i1p1f1,2090,09,13,0.0,31.557442,17.725512,2090
27650,r3i1p1f1,2090,09,14,0.0,32.313316,18.023554,2090
27651,r3i1p1f1,2090,09,15,0.0,33.187897,18.389868,2090
27652,r3i1p1f1,2090,09,16,0.0,33.132835,17.523396,2090
27653,r3i1p1f1,2090,09,17,0.0,33.59402,17.64192,2090
27654,r3i1p1f1,2090,09,18,0.0,35.369816,19.91311,2090
27655,r3i1p1f1,2090,09,19,0.39167238123340986,35.56494,19.574867,2090
27656,r3i1p1f1,2090,09,20,0.01425529665677018,36.258038,21.077772,2090
27657,r3i1p1f1,2090,09,21,0.0,35.01655,18.695824,2090
27658,r3i1p1f1,2090,09,22,0.03170633002865185,32.239983,19.41023,2090
27659,r3i1p1f1,2090,09,23,0.0,29.804966,15.788666,2090
27660,r3i1p1f1,2090,09,24,0.0,33.213993,16.706562,2090
27661,r3i1p1f1,2090,09,25,0.0,35.50716,17.523289,2090
27662,r3i1p1f1,2090,09,26,0.8085061894879882,34.993073,18.695074,2090
27663,r3i1p1f1,2090,09,27,4.09438935266046,33.8358,19.715899,2090
27664,r3i1p1f1,2090,09,28,6.069727910797872,33.309105,19.591698,2090
27665,r3i1p1f1,2090,09,29,3.3585818572310293,26.190453,15.046947,2090
27666,r3i1p1f1,2090,09,30,0.08577357226220722,26.382736,13.30037,2090
27667,r3i1p1f1,2090,10,01,0.0,30.411568,15.661288,2090
27668,r3i1p1f1,2090,10,02,0.0,32.588154,17.145716,2090
27669,r3i1p1f1,2090,10,03,0.0,31.087471,16.30803,2090
27670,r3i1p1f1,2090,10,04,0.16119329529112403,32.096794,16.621605,2090
27671,r3i1p1f1,2090,10,05,5.857983564097649,33.780937,18.73239,2090
27672,r3i1p1f1,2090,10,06,0.018460937613836548,23.11716,10.900961,2090
27673,r3i1p1f1,2090,10,07,0.29265358677962056,22.212841,9.71294,2090
27674,r3i1p1f1,2090,10,08,0.08327154343560599,19.58238,6.527254,2090
27675,r3i1p1f1,2090,10,09,0.19023086442426906,20.441845,8.370444,2090
27676,r3i1p1f1,2090,10,10,0.0,23.956078,8.731871,2090
27677,r3i1p1f1,2090,10,11,0.0,27.926432,11.960024,2090
27678,r3i1p1f1,2090,10,12,0.0,32.062702,13.877656,2090
27679,r3i1p1f1,2090,10,13,0.11615006937504266,31.2059,16.72513,2090
27680,r3i1p1f1,2090,10,14,0.0,28.710062,12.570411,2090
27681,r3i1p1f1,2090,10,15,0.0,24.39295,9.994947,2090
27682,r3i1p1f1,2090,10,16,0.0,23.2154,8.477305,2090
27683,r3i1p1f1,2090,10,17,1.4733088372381506,23.901667,9.566165,2090
27684,r3i1p1f1,2090,10,18,35.86127372402133,19.848625,11.647733,2090
27685,r3i1p1f1,2090,10,19,3.4831270568842725,15.771033,5.615878,2090
27686,r3i1p1f1,2090,10,20,0.16471858820295893,18.31732,5.5604835,2090
27687,r3i1p1f1,2090,10,21,0.0,19.192312,5.37929,2090
27688,r3i1p1f1,2090,10,22,0.0,19.005041,7.7288775,2090
27689,r3i1p1f1,2090,10,23,0.0,20.536346,7.3776016,2090
27690,r3i1p1f1,2090,10,24,0.0,21.186142,8.022367,2090
27691,r3i1p1f1,2090,10,25,0.0,20.177595,8.314914,2090
27692,r3i1p1f1,2090,10,26,0.0,19.715555,6.83997,2090
27693,r3i1p1f1,2090,10,27,0.0,21.278479,7.362521,2090
27694,r3i1p1f1,2090,10,28,0.0,22.822035,8.543566,2090
27695,r3i1p1f1,2090,10,29,0.0,23.654213,9.125789,2090
27696,r3i1p1f1,2090,10,30,0.0,24.214632,9.999071,2090
27697,r3i1p1f1,2090,10,31,0.0,25.102594,10.66505,2090
27698,r3i1p1f1,2090,11,01,0.0,26.317379,10.8231735,2090
27699,r3i1p1f1,2090,11,02,0.0,27.696417,12.394975,2090
27700,r3i1p1f1,2090,11,03,0.0,28.578749,12.386347,2090
27701,r3i1p1f1,2090,11,04,0.0,28.186687,12.6677065,2090
27702,r3i1p1f1,2090,11,05,0.0,28.144676,11.989397,2090
27703,r3i1p1f1,2090,11,06,0.0,27.718725,11.342673,2090
27704,r3i1p1f1,2090,11,07,0.0,27.093336,11.324676,2090
27705,r3i1p1f1,2090,11,08,0.0,26.940887,11.334066,2090
27706,r3i1p1f1,2090,11,09,0.0,27.700611,12.741129,2090
27707,r3i1p1f1,2090,11,10,0.03101820254717798,26.109428,11.942819,2090
27708,r3i1p1f1,2090,11,11,0.0,23.994217,10.099031,2090
27709,r3i1p1f1,2090,11,12,0.0,24.36861,10.252003,2090
27710,r3i1p1f1,2090,11,13,0.0,25.629532,9.890353,2090
27711,r3i1p1f1,2090,11,14,0.0,24.053907,9.012429,2090
27712,r3i1p1f1,2090,11,15,0.0,22.401377,9.274359,2090
27713,r3i1p1f1,2090,11,16,0.0431430183832135,19.74329,6.8477345,2090
27714,r3i1p1f1,2090,11,17,0.0,21.79006,4.275037,2090
27715,r3i1p1f1,2090,11,18,0.0,24.738537,7.3478246,2090
27716,r3i1p1f1,2090,11,19,0.0,25.047789,7.72969,2090
27717,r3i1p1f1,2090,11,20,0.0,24.212082,8.044359,2090
27718,r3i1p1f1,2090,11,21,0.0,25.223743,10.096232,2090
27719,r3i1p1f1,2090,11,22,0.0,22.049759,6.2339287,2090
27720,r3i1p1f1,2090,11,23,0.0,22.226856,5.3720636,2090
27721,r3i1p1f1,2090,11,24,0.0,20.004353,4.7087026,2090
27722,r3i1p1f1,2090,11,25,0.0,19.328949,4.154802,2090
27723,r3i1p1f1,2090,11,26,0.0,21.581987,5.3821025,2090
27724,r3i1p1f1,2090,11,27,0.0,22.286135,7.177805,2090
27725,r3i1p1f1,2090,11,28,0.0,26.170147,9.328919,2090
27726,r3i1p1f1,2090,11,29,0.0,27.43786,10.397955,2090
27727,r3i1p1f1,2090,11,30,0.0,26.709545,9.873597,2090
27728,r3i1p1f1,2090,12,01,0.0,24.368368,9.444968,2090
27729,r3i1p1f1,2090,12,02,0.0,23.560259,8.981971,2090
27730,r3i1p1f1,2090,12,03,0.11428855655884201,23.368628,9.516114,2090
27731,r3i1p1f1,2090,12,04,0.0,23.20893,8.433525,2090
27732,r3i1p1f1,2090,12,05,0.05723414060577687,16.709835,3.4995227,2090
27733,r3i1p1f1,2090,12,06,0.0,14.9711275,0.70606095,2090
27734,r3i1p1f1,2090,12,07,0.0,18.56931,3.459159,2090
27735,r3i1p1f1,2090,12,08,0.0,18.351635,3.811933,2090
27736,r3i1p1f1,2090,12,09,0.0,17.86309,2.5195873,2090
27737,r3i1p1f1,2090,12,10,0.0,18.069675,2.941296,2090
27738,r3i1p1f1,2090,12,11,0.0,18.239294,3.428591,2090
27739,r3i1p1f1,2090,12,12,0.0,20.69727,5.3373613,2090
27740,r3i1p1f1,2090,12,13,0.0,23.89463,8.756602,2090
27741,r3i1p1f1,2090,12,14,0.0,23.913029,8.387935,2090
27742,r3i1p1f1,2090,12,15,0.0,24.186117,8.837896,2090
27743,r3i1p1f1,2090,12,16,0.0,23.709526,8.156058,2090
27744,r3i1p1f1,2090,12,17,0.0,24.224373,8.920033,2090
27745,r3i1p1f1,2090,12,18,0.0,26.594086,9.3058815,2090
27746,r3i1p1f1,2090,12,19,0.0,24.90385,11.526687,2090
27747,r3i1p1f1,2090,12,20,0.0,23.501928,7.8204293,2090
27748,r3i1p1f1,2090,12,21,0.0,23.956009,7.9945235,2090
27749,r3i1p1f1,2090,12,22,0.0,24.020163,9.523014,2090
27750,r3i1p1f1,2090,12,23,0.0,22.526918,7.1288924,2090
27751,r3i1p1f1,2090,12,24,0.0,24.393143,7.1007633,2090
27752,r3i1p1f1,2090,12,25,4.649303079279365,22.728304,8.796995,2090
27753,r3i1p1f1,2090,12,26,33.696598832356166,10.724751,4.487686,2090
27754,r3i1p1f1,2090,12,27,6.643378142281577e-06,9.794411,-3.0947745,2090
27755,r3i1p1f1,2090,12,28,10.532693846248687,12.905627,4.1632233,2090
27756,r3i1p1f1,2090,12,29,0.7941462107563976,11.942417,2.5701914,2090
27757,r3i1p1f1,2090,12,30,4.69043549277227e-05,12.0591345,-2.3032537,2090
27758,r3i1p1f1,2090,12,31,0.0,14.451896,-0.44082534,2090
27759,r3i1p1f1,2091,01,01,0.9656741859406325,13.924581,1.9116557,2091
27760,r3i1p1f1,2091,01,02,18.773119267738586,12.707704,7.1092896,2091
27761,r3i1p1f1,2091,01,03,0.032104446684046925,11.245461,-1.2775941,2091
27762,r3i1p1f1,2091,01,04,0.04702097874762716,10.681404,1.0131502,2091
27763,r3i1p1f1,2091,01,05,1.1162872191650395,10.964347,-0.70682496,2091
27764,r3i1p1f1,2091,01,06,20.779596107721304,14.459205,4.9738073,2091
27765,r3i1p1f1,2091,01,07,1.112181657587798,15.772739,7.5595407,2091
27766,r3i1p1f1,2091,01,08,0.018751527256399364,18.945156,5.9920077,2091
27767,r3i1p1f1,2091,01,09,0.05397367776657285,22.33313,8.473778,2091
27768,r3i1p1f1,2091,01,10,3.688542846855881,20.709187,9.838919,2091
27769,r3i1p1f1,2091,01,11,0.45572706508347904,19.213362,10.616814,2091
27770,r3i1p1f1,2091,01,12,0.000869226712507732,14.482027,4.6837816,2091
27771,r3i1p1f1,2091,01,13,0.0,14.838444,2.9685273,2091
27772,r3i1p1f1,2091,01,14,0.0,19.236345,4.9498744,2091
27773,r3i1p1f1,2091,01,15,0.025838141163782864,22.024134,8.279253,2091
27774,r3i1p1f1,2091,01,16,0.006573572704148704,21.22135,10.660915,2091
27775,r3i1p1f1,2091,01,17,0.0,20.158312,5.9583697,2091
27776,r3i1p1f1,2091,01,18,0.0,19.949318,6.380092,2091
27777,r3i1p1f1,2091,01,19,0.0,20.654242,7.0627456,2091
27778,r3i1p1f1,2091,01,20,0.0,20.298092,7.620083,2091
27779,r3i1p1f1,2091,01,21,0.0,17.93034,6.069483,2091
27780,r3i1p1f1,2091,01,22,0.6532355919912471,16.738716,6.730807,2091
27781,r3i1p1f1,2091,01,23,0.03047891388908311,11.1189,0.48575294,2091
27782,r3i1p1f1,2091,01,24,0.012754848862779469,8.533232,-1.6681302,2091
27783,r3i1p1f1,2091,01,25,0.0,11.373959,-1.8545262,2091
27784,r3i1p1f1,2091,01,26,0.0,13.555664,0.58930725,2091
27785,r3i1p1f1,2091,01,27,0.0,16.46413,2.5098503,2091
27786,r3i1p1f1,2091,01,28,0.0,18.098867,4.180303,2091
27787,r3i1p1f1,2091,01,29,0.0,17.82989,3.4931462,2091
27788,r3i1p1f1,2091,01,30,0.0,18.138742,3.327245,2091
27789,r3i1p1f1,2091,01,31,0.0,19.329517,4.746229,2091
27790,r3i1p1f1,2091,02,01,0.0,20.065737,4.86328,2091
27791,r3i1p1f1,2091,02,02,0.0,20.392595,5.246239,2091
27792,r3i1p1f1,2091,02,03,0.0,21.48882,5.3638554,2091
27793,r3i1p1f1,2091,02,04,0.0,23.060423,5.913922,2091
27794,r3i1p1f1,2091,02,05,0.39158387904480507,22.734703,5.6672654,2091
27795,r3i1p1f1,2091,02,06,7.6424052588396485,14.838735,4.617381,2091
27796,r3i1p1f1,2091,02,07,2.673525008259193,10.991823,1.552698,2091
27797,r3i1p1f1,2091,02,08,0.001777544940440831,13.1135435,-0.41762766,2091
27798,r3i1p1f1,2091,02,09,0.20156926230287575,12.971268,0.29288527,2091
27799,r3i1p1f1,2091,02,10,0.011139344642288052,14.011728,0.7057687,2091
27800,r3i1p1f1,2091,02,11,0.0177710710737632,15.508808,0.3286067,2091
27801,r3i1p1f1,2091,02,12,0.0006310627654646382,17.028847,0.85728985,2091
27802,r3i1p1f1,2091,02,13,2.383169464121624,15.566694,2.8161814,2091
27803,r3i1p1f1,2091,02,14,0.02997921781074679,9.464019,-1.1537138,2091
27804,r3i1p1f1,2091,02,15,0.019168473796029997,13.272263,-1.9946347,2091
27805,r3i1p1f1,2091,02,16,13.369658150971219,12.659299,2.7990227,2091
27806,r3i1p1f1,2091,02,17,0.7596566176697238,10.641041,0.6004094,2091
27807,r3i1p1f1,2091,02,18,0.0,13.011364,1.0221353,2091
27808,r3i1p1f1,2091,02,19,0.0,16.676308,0.63760954,2091
27809,r3i1p1f1,2091,02,20,0.0005355945882690845,17.134766,1.9944116,2091
27810,r3i1p1f1,2091,02,21,5.658121693952236,15.121262,3.1965628,2091
27811,r3i1p1f1,2091,02,22,0.31388752523167623,7.9329667,-2.7724648,2091
27812,r3i1p1f1,2091,02,23,0.0,10.870903,-1.5064147,2091
27813,r3i1p1f1,2091,02,24,0.0,15.809808,-0.21071531,2091
27814,r3i1p1f1,2091,02,25,0.09847331140587233,15.562341,2.4941587,2091
27815,r3i1p1f1,2091,02,26,11.974199711942425,13.906797,6.6264825,2091
27816,r3i1p1f1,2091,02,27,8.367806098542518,11.870065,2.9237278,2091
27817,r3i1p1f1,2091,02,28,0.017851303180191968,11.48154,-0.8873712,2091
27818,r3i1p1f1,2091,03,01,0.0,14.899537,-2.2762036,2091
27819,r3i1p1f1,2091,03,02,0.0002860557111544591,18.183273,2.7639832,2091
27820,r3i1p1f1,2091,03,03,0.0017636613990885742,22.471426,4.665965,2091
27821,r3i1p1f1,2091,03,04,1.1845390335757986,21.644175,9.015355,2091
27822,r3i1p1f1,2091,03,05,3.2527968494369732,17.527323,9.625433,2091
27823,r3i1p1f1,2091,03,06,0.16376703166425807,16.133894,3.6798112,2091
27824,r3i1p1f1,2091,03,07,0.0,14.396212,-0.11192864,2091
27825,r3i1p1f1,2091,03,08,0.0,16.773405,1.017102,2091
27826,r3i1p1f1,2091,03,09,0.0,22.055325,4.0152035,2091
27827,r3i1p1f1,2091,03,10,0.0,25.443922,7.042448,2091
27828,r3i1p1f1,2091,03,11,3.2009896057559564,22.31794,7.310315,2091
27829,r3i1p1f1,2091,03,12,1.3679859801876857,17.188421,5.547699,2091
27830,r3i1p1f1,2091,03,13,0.1431385342951244,19.438482,5.3197646,2091
27831,r3i1p1f1,2091,03,14,0.11900272697210201,20.551048,5.9919157,2091
27832,r3i1p1f1,2091,03,15,0.1674919777222826,18.959656,6.5489616,2091
27833,r3i1p1f1,2091,03,16,0.06083572592946108,15.893874,2.1868021,2091
27834,r3i1p1f1,2091,03,17,0.4086772652943072,13.500158,0.18981755,2091
27835,r3i1p1f1,2091,03,18,4.365050744518433,11.483318,1.9651121,2091
27836,r3i1p1f1,2091,03,19,0.5992452271322801,15.689321,1.3822368,2091
27837,r3i1p1f1,2091,03,20,0.05895890224068849,16.315937,3.204957,2091
27838,r3i1p1f1,2091,03,21,10.083790785858142,14.063247,1.614907,2091
27839,r3i1p1f1,2091,03,22,2.0258007507571776,7.7429957,-0.46693844,2091
27840,r3i1p1f1,2091,03,23,0.29348784034179215,11.720497,-0.9407884,2091
27841,r3i1p1f1,2091,03,24,0.0,14.909204,-0.49199784,2091
27842,r3i1p1f1,2091,03,25,0.0,17.773003,1.5261868,2091
27843,r3i1p1f1,2091,03,26,0.0,18.48402,3.1880863,2091
27844,r3i1p1f1,2091,03,27,0.40082492068904685,17.166227,3.3642142,2091
27845,r3i1p1f1,2091,03,28,0.855430658427367,12.436258,1.5772388,2091
27846,r3i1p1f1,2091,03,29,0.0,16.9487,0.3351406,2091
27847,r3i1p1f1,2091,03,30,0.0,19.717981,3.4548082,2091
27848,r3i1p1f1,2091,03,31,0.0,20.539885,5.8372073,2091
27849,r3i1p1f1,2091,04,01,0.0,19.965992,3.5962186,2091
27850,r3i1p1f1,2091,04,02,0.06284962729764768,19.742075,8.816482,2091
27851,r3i1p1f1,2091,04,03,0.0,22.718168,5.9498987,2091
27852,r3i1p1f1,2091,04,04,0.0,29.599985,9.684964,2091
27853,r3i1p1f1,2091,04,05,0.0,31.589401,12.094177,2091
27854,r3i1p1f1,2091,04,06,0.0,32.310734,11.565858,2091
27855,r3i1p1f1,2091,04,07,3.357473982806286,26.281305,7.2020288,2091
27856,r3i1p1f1,2091,04,08,10.128925053244474,11.0341625,2.2415931,2091
27857,r3i1p1f1,2091,04,09,0.3944171380955154,11.681774,1.8186908,2091
27858,r3i1p1f1,2091,04,10,0.035986342025518585,13.135973,-0.19210015,2091
27859,r3i1p1f1,2091,04,11,0.0,15.84946,1.9599967,2091
27860,r3i1p1f1,2091,04,12,0.010530119179747999,19.442472,1.1875763,2091
27861,r3i1p1f1,2091,04,13,0.0,23.605417,4.7709103,2091
27862,r3i1p1f1,2091,04,14,0.0,26.62397,8.4052,2091
27863,r3i1p1f1,2091,04,15,0.0,26.250751,8.122834,2091
27864,r3i1p1f1,2091,04,16,0.0,24.839474,7.4100432,2091
27865,r3i1p1f1,2091,04,17,0.0,23.989656,6.903036,2091
27866,r3i1p1f1,2091,04,18,0.0,25.320415,9.154374,2091
27867,r3i1p1f1,2091,04,19,0.09756054652054004,24.681652,7.6757026,2091
27868,r3i1p1f1,2091,04,20,8.28867777117728,19.682796,7.28153,2091
27869,r3i1p1f1,2091,04,21,0.0,20.059372,3.215529,2091
27870,r3i1p1f1,2091,04,22,0.0,25.800602,6.6510777,2091
27871,r3i1p1f1,2091,04,23,0.0,26.807316,9.550277,2091
27872,r3i1p1f1,2091,04,24,0.0,32.449875,12.112585,2091
27873,r3i1p1f1,2091,04,25,0.0,31.497776,13.554627,2091
27874,r3i1p1f1,2091,04,26,0.0,28.335945,11.065737,2091
27875,r3i1p1f1,2091,04,27,7.406423030646913e-05,23.797451,6.4342847,2091
27876,r3i1p1f1,2091,04,28,0.1939467774443046,20.14732,4.6981606,2091
27877,r3i1p1f1,2091,04,29,0.0851761613960138,19.168299,3.5287187,2091
27878,r3i1p1f1,2091,04,30,0.0,24.045635,4.9474516,2091
27879,r3i1p1f1,2091,05,01,0.0,26.81143,7.4969783,2091
27880,r3i1p1f1,2091,05,02,0.0,30.087366,11.820394,2091
27881,r3i1p1f1,2091,05,03,0.0,33.922943,14.070384,2091
27882,r3i1p1f1,2091,05,04,0.0,35.67236,15.651015,2091
27883,r3i1p1f1,2091,05,05,0.0,34.18393,14.780449,2091
27884,r3i1p1f1,2091,05,06,0.0,29.962738,10.4199,2091
27885,r3i1p1f1,2091,05,07,0.0,29.10569,10.951172,2091
27886,r3i1p1f1,2091,05,08,0.0,29.980198,11.721721,2091
27887,r3i1p1f1,2091,05,09,0.0,29.462774,11.369102,2091
27888,r3i1p1f1,2091,05,10,0.0,28.043901,10.37879,2091
27889,r3i1p1f1,2091,05,11,0.0,25.791702,7.4959254,2091
27890,r3i1p1f1,2091,05,12,0.0,26.094809,7.342603,2091
27891,r3i1p1f1,2091,05,13,0.0,28.255495,9.18505,2091
27892,r3i1p1f1,2091,05,14,0.0,28.635448,9.136177,2091
27893,r3i1p1f1,2091,05,15,0.012722664149336968,27.477688,7.906499,2091
27894,r3i1p1f1,2091,05,16,0.009297112977065175,23.596664,7.0778165,2091
27895,r3i1p1f1,2091,05,17,0.0,25.420013,8.090604,2091
27896,r3i1p1f1,2091,05,18,0.0,28.133713,9.161544,2091
27897,r3i1p1f1,2091,05,19,0.0,27.159264,8.665439,2091
27898,r3i1p1f1,2091,05,20,5.822187328400711e-05,24.359343,7.3284817,2091
27899,r3i1p1f1,2091,05,21,0.0,26.932562,7.5915227,2091
27900,r3i1p1f1,2091,05,22,0.0,31.855015,12.700935,2091
27901,r3i1p1f1,2091,05,23,0.0403506283394315,33.367153,13.503857,2091
27902,r3i1p1f1,2091,05,24,0.0,33.30431,13.762368,2091
27903,r3i1p1f1,2091,05,25,0.0,34.041626,15.092004,2091
27904,r3i1p1f1,2091,05,26,0.02869390191115213,35.942398,15.386483,2091
27905,r3i1p1f1,2091,05,27,0.0,34.726574,15.265404,2091
27906,r3i1p1f1,2091,05,28,0.0,30.959045,12.817189,2091
27907,r3i1p1f1,2091,05,29,0.0,29.221525,10.679036,2091
27908,r3i1p1f1,2091,05,30,0.0,33.894478,14.2149725,2091
27909,r3i1p1f1,2091,05,31,0.0,33.97378,15.433873,2091
27910,r3i1p1f1,2091,06,01,0.010292039386871638,32.90266,15.033407,2091
27911,r3i1p1f1,2091,06,02,0.0,33.454494,13.895465,2091
27912,r3i1p1f1,2091,06,03,0.0,32.831726,13.114485,2091
27913,r3i1p1f1,2091,06,04,0.0,31.131748,13.277199,2091
27914,r3i1p1f1,2091,06,05,0.0,30.112465,11.692405,2091
27915,r3i1p1f1,2091,06,06,0.0,30.67017,11.775516,2091
27916,r3i1p1f1,2091,06,07,0.0,29.784077,11.827732,2091
27917,r3i1p1f1,2091,06,08,0.0,26.668892,11.230927,2091
27918,r3i1p1f1,2091,06,09,0.0,25.142155,9.855164,2091
27919,r3i1p1f1,2091,06,10,0.0,31.551867,12.27208,2091
27920,r3i1p1f1,2091,06,11,0.0,34.110683,15.476473,2091
27921,r3i1p1f1,2091,06,12,0.0,35.513382,16.388437,2091
27922,r3i1p1f1,2091,06,13,0.0,36.414444,17.48346,2091
27923,r3i1p1f1,2091,06,14,0.0,38.016148,18.114594,2091
27924,r3i1p1f1,2091,06,15,0.0,38.918293,19.260101,2091
27925,r3i1p1f1,2091,06,16,0.0,38.8036,19.255268,2091
27926,r3i1p1f1,2091,06,17,0.0,37.381054,17.996597,2091
27927,r3i1p1f1,2091,06,18,0.0,37.22268,17.975386,2091
27928,r3i1p1f1,2091,06,19,0.0,36.73504,18.833294,2091
27929,r3i1p1f1,2091,06,20,0.0,35.680187,16.210627,2091
27930,r3i1p1f1,2091,06,21,0.0,36.12219,17.037348,2091
27931,r3i1p1f1,2091,06,22,0.0,36.947098,18.718567,2091
27932,r3i1p1f1,2091,06,23,0.0,39.40654,20.796318,2091
27933,r3i1p1f1,2091,06,24,0.0,39.25581,21.209417,2091
27934,r3i1p1f1,2091,06,25,0.0,38.044746,19.562946,2091
27935,r3i1p1f1,2091,06,26,0.0,37.301018,18.770563,2091
27936,r3i1p1f1,2091,06,27,0.0,36.009743,17.202824,2091
27937,r3i1p1f1,2091,06,28,0.0,34.930885,15.86,2091
27938,r3i1p1f1,2091,06,29,0.0,34.664696,16.268843,2091
27939,r3i1p1f1,2091,06,30,0.0,33.49252,14.99932,2091
27940,r3i1p1f1,2091,07,01,0.0,30.36208,13.585013,2091
27941,r3i1p1f1,2091,07,02,0.0,34.928898,15.864495,2091
27942,r3i1p1f1,2091,07,03,0.0,37.50209,17.803703,2091
27943,r3i1p1f1,2091,07,04,0.0,37.152836,17.980507,2091
27944,r3i1p1f1,2091,07,05,0.0,35.589954,17.763025,2091
27945,r3i1p1f1,2091,07,06,1.1693481360204963,32.701206,18.52347,2091
27946,r3i1p1f1,2091,07,07,0.0,35.63306,18.18627,2091
27947,r3i1p1f1,2091,07,08,0.0,37.123764,19.034521,2091
27948,r3i1p1f1,2091,07,09,0.0,39.02493,19.084751,2091
27949,r3i1p1f1,2091,07,10,0.0,39.04861,19.066431,2091
27950,r3i1p1f1,2091,07,11,0.0,38.600212,21.363176,2091
27951,r3i1p1f1,2091,07,12,0.0,37.878105,19.4398,2091
27952,r3i1p1f1,2091,07,13,1.2458361047935218,37.5396,21.565994,2091
27953,r3i1p1f1,2091,07,14,0.0013657619428792686,38.06062,21.266426,2091
27954,r3i1p1f1,2091,07,15,0.0,37.076504,19.417053,2091
27955,r3i1p1f1,2091,07,16,0.0,36.262974,18.477175,2091
27956,r3i1p1f1,2091,07,17,0.0,36.20681,18.19906,2091
27957,r3i1p1f1,2091,07,18,0.0,36.215294,17.954098,2091
27958,r3i1p1f1,2091,07,19,0.0,35.370884,17.475834,2091
27959,r3i1p1f1,2091,07,20,0.0,33.079178,16.983797,2091
27960,r3i1p1f1,2091,07,21,0.0,33.13851,16.571236,2091
27961,r3i1p1f1,2091,07,22,0.0,35.83999,18.275494,2091
27962,r3i1p1f1,2091,07,23,0.0,37.70763,20.575378,2091
27963,r3i1p1f1,2091,07,24,1.105636862590803,40.612225,22.088167,2091
27964,r3i1p1f1,2091,07,25,0.0,43.24344,24.916615,2091
27965,r3i1p1f1,2091,07,26,0.02280890811093603,43.273296,26.112936,2091
27966,r3i1p1f1,2091,07,27,0.0,42.939415,24.997154,2091
27967,r3i1p1f1,2091,07,28,0.0,41.84817,23.062073,2091
27968,r3i1p1f1,2091,07,29,0.0,41.219154,22.282917,2091
27969,r3i1p1f1,2091,07,30,1.2832170018836306,39.899055,24.26504,2091
27970,r3i1p1f1,2091,07,31,0.08801788932142893,40.250793,21.505678,2091
27971,r3i1p1f1,2091,08,01,1.151073141072905e-05,38.61998,21.686182,2091
27972,r3i1p1f1,2091,08,02,0.011134267181412062,37.62722,21.435255,2091
27973,r3i1p1f1,2091,08,03,0.20532962093553084,36.226604,21.134521,2091
27974,r3i1p1f1,2091,08,04,0.015012467033970594,35.1559,19.488554,2091
27975,r3i1p1f1,2091,08,05,0.0,35.915165,18.085327,2091
27976,r3i1p1f1,2091,08,06,0.0,38.03243,19.94132,2091
27977,r3i1p1f1,2091,08,07,0.0,38.882,21.097225,2091
27978,r3i1p1f1,2091,08,08,0.2657610251547091,39.59195,22.003597,2091
27979,r3i1p1f1,2091,08,09,0.0,39.00835,21.912312,2091
27980,r3i1p1f1,2091,08,10,0.6849793896385976,38.261204,20.206154,2091
27981,r3i1p1f1,2091,08,11,0.9541740188411275,37.954624,22.218838,2091
27982,r3i1p1f1,2091,08,12,1.4677489404416657,38.727016,23.491846,2091
27983,r3i1p1f1,2091,08,13,0.8392343166633509,41.70502,22.578817,2091
27984,r3i1p1f1,2091,08,14,1.684303874252223,39.219772,21.825481,2091
27985,r3i1p1f1,2091,08,15,0.04931447175984045,36.115894,19.121946,2091
27986,r3i1p1f1,2091,08,16,1.0627379235434504,36.627075,19.356583,2091
27987,r3i1p1f1,2091,08,17,2.76071952591861,36.968918,20.978249,2091
27988,r3i1p1f1,2091,08,18,0.19665722012040066,33.653347,17.772306,2091
27989,r3i1p1f1,2091,08,19,0.0,32.476482,18.876455,2091
27990,r3i1p1f1,2091,08,20,0.008091321497252493,33.766655,17.028074,2091
27991,r3i1p1f1,2091,08,21,0.0,31.569445,17.26423,2091
27992,r3i1p1f1,2091,08,22,0.07284821406232589,32.38541,17.906696,2091
27993,r3i1p1f1,2091,08,23,0.004405329342592846,38.75315,19.888706,2091
27994,r3i1p1f1,2091,08,24,0.000152384040341007,43.254025,23.0242,2091
27995,r3i1p1f1,2091,08,25,0.03520770222442507,43.12306,22.96332,2091
27996,r3i1p1f1,2091,08,26,0.0,40.857132,22.009703,2091
27997,r3i1p1f1,2091,08,27,0.029809537597677925,40.59652,22.292719,2091
27998,r3i1p1f1,2091,08,28,0.011071421445883585,40.512375,22.32788,2091
27999,r3i1p1f1,2091,08,29,0.0,39.064636,20.85462,2091
28000,r3i1p1f1,2091,08,30,0.0,37.43351,19.221403,2091
28001,r3i1p1f1,2091,08,31,0.04140335948946041,35.00419,19.15377,2091
28002,r3i1p1f1,2091,09,01,0.7342612721682102,35.854168,20.34546,2091
28003,r3i1p1f1,2091,09,02,0.0,34.868668,18.898558,2091
28004,r3i1p1f1,2091,09,03,0.0,34.521557,17.62615,2091
28005,r3i1p1f1,2091,09,04,0.0,35.40939,18.377836,2091
28006,r3i1p1f1,2091,09,05,0.0,36.15465,19.571058,2091
28007,r3i1p1f1,2091,09,06,0.0,34.795967,17.806158,2091
28008,r3i1p1f1,2091,09,07,0.0,30.729094,14.615742,2091
28009,r3i1p1f1,2091,09,08,0.0,30.081528,14.4553175,2091
28010,r3i1p1f1,2091,09,09,0.0,30.179037,14.375449,2091
28011,r3i1p1f1,2091,09,10,0.0,30.463257,14.620534,2091
28012,r3i1p1f1,2091,09,11,0.0,31.500578,16.822178,2091
28013,r3i1p1f1,2091,09,12,0.0,36.34867,18.002222,2091
28014,r3i1p1f1,2091,09,13,0.0,36.707737,18.355534,2091
28015,r3i1p1f1,2091,09,14,0.0,36.65124,18.956268,2091
28016,r3i1p1f1,2091,09,15,0.0,36.834713,19.14498,2091
28017,r3i1p1f1,2091,09,16,0.0,37.134205,19.659506,2091
28018,r3i1p1f1,2091,09,17,1.3428341592379818,36.81346,21.70147,2091
28019,r3i1p1f1,2091,09,18,0.0,34.99038,19.472725,2091
28020,r3i1p1f1,2091,09,19,0.5888707895858467,36.37364,20.515867,2091
28021,r3i1p1f1,2091,09,20,1.5134076345235703,38.650387,22.861542,2091
28022,r3i1p1f1,2091,09,21,2.553768665013856,37.88751,22.24133,2091
28023,r3i1p1f1,2091,09,22,3.107232568361889,36.470497,21.26734,2091
28024,r3i1p1f1,2091,09,23,0.49816504183554294,36.828934,20.01994,2091
28025,r3i1p1f1,2091,09,24,0.2048529153971961,38.19157,21.296572,2091
28026,r3i1p1f1,2091,09,25,0.7897128304011168,37.32483,22.311798,2091
28027,r3i1p1f1,2091,09,26,0.5223340017079009,33.014725,18.842508,2091
28028,r3i1p1f1,2091,09,27,0.32365448961089976,30.672882,16.540852,2091
28029,r3i1p1f1,2091,09,28,0.003512847505396966,28.836369,14.359723,2091
28030,r3i1p1f1,2091,09,29,9.403012826982321e-05,27.715927,12.929098,2091
28031,r3i1p1f1,2091,09,30,0.005294769776589943,24.530685,9.929409,2091
28032,r3i1p1f1,2091,10,01,0.0,23.261686,7.452904,2091
28033,r3i1p1f1,2091,10,02,0.0,25.708542,9.095703,2091
28034,r3i1p1f1,2091,10,03,0.0,25.016094,9.264962,2091
28035,r3i1p1f1,2091,10,04,0.0,27.809595,10.807645,2091
28036,r3i1p1f1,2091,10,05,0.0,29.92829,12.643418,2091
28037,r3i1p1f1,2091,10,06,0.0,30.137787,14.302269,2091
28038,r3i1p1f1,2091,10,07,0.0,28.796047,15.546014,2091
28039,r3i1p1f1,2091,10,08,0.0,29.99525,14.594975,2091
28040,r3i1p1f1,2091,10,09,0.0,30.020391,14.316223,2091
28041,r3i1p1f1,2091,10,10,0.0,29.46988,13.451289,2091
28042,r3i1p1f1,2091,10,11,0.0,33.98637,16.746233,2091
28043,r3i1p1f1,2091,10,12,0.0,35.773308,18.645159,2091
28044,r3i1p1f1,2091,10,13,0.0,35.53106,17.111513,2091
28045,r3i1p1f1,2091,10,14,0.0,35.244877,17.456991,2091
28046,r3i1p1f1,2091,10,15,0.0,34.772003,17.461115,2091
28047,r3i1p1f1,2091,10,16,0.0,34.513958,18.133497,2091
28048,r3i1p1f1,2091,10,17,0.0,33.774235,17.078598,2091
28049,r3i1p1f1,2091,10,18,0.0,31.215109,14.056222,2091
28050,r3i1p1f1,2091,10,19,1.147654833546381,29.449123,16.171038,2091
28051,r3i1p1f1,2091,10,20,0.0,26.459133,12.386139,2091
28052,r3i1p1f1,2091,10,21,0.0,28.723534,12.042991,2091
28053,r3i1p1f1,2091,10,22,0.0,30.220564,13.740275,2091
28054,r3i1p1f1,2091,10,23,0.0,29.06672,12.035186,2091
28055,r3i1p1f1,2091,10,24,0.0,27.73034,10.618795,2091
28056,r3i1p1f1,2091,10,25,0.17569614279967605,26.968035,14.619569,2091
28057,r3i1p1f1,2091,10,26,1.8263762447625622,22.999996,11.824509,2091
28058,r3i1p1f1,2091,10,27,0.0,25.651575,11.402392,2091
28059,r3i1p1f1,2091,10,28,0.0,29.770336,13.607518,2091
28060,r3i1p1f1,2091,10,29,0.0,28.076544,13.504011,2091
28061,r3i1p1f1,2091,10,30,0.0,26.899672,11.504504,2091
28062,r3i1p1f1,2091,10,31,0.0,24.953142,9.383058,2091
28063,r3i1p1f1,2091,11,01,0.0,22.984512,8.785416,2091
28064,r3i1p1f1,2091,11,02,0.0,26.416586,10.373906,2091
28065,r3i1p1f1,2091,11,03,0.0,29.277784,12.524967,2091
28066,r3i1p1f1,2091,11,04,0.5225234797266736,28.854294,13.408242,2091
28067,r3i1p1f1,2091,11,05,1.00901913971029,23.467123,12.000392,2091
28068,r3i1p1f1,2091,11,06,0.038679137553227716,21.077265,8.607871,2091
28069,r3i1p1f1,2091,11,07,0.005332875368890889,20.397686,7.46959,2091
28070,r3i1p1f1,2091,11,08,0.7512080951291313,19.738977,7.962357,2091
28071,r3i1p1f1,2091,11,09,0.0,19.922338,5.6721835,2091
28072,r3i1p1f1,2091,11,10,0.022404663314139754,19.374756,4.4263997,2091
28073,r3i1p1f1,2091,11,11,0.0992304390202855,19.336895,5.5246615,2091
28074,r3i1p1f1,2091,11,12,0.03341449427270246,18.052185,4.350994,2091
28075,r3i1p1f1,2091,11,13,0.21449027536701495,18.317694,6.44856,2091
28076,r3i1p1f1,2091,11,14,10.49645943269063,17.835121,6.891261,2091
28077,r3i1p1f1,2091,11,15,0.8057872706217754,12.349448,1.9346242,2091
28078,r3i1p1f1,2091,11,16,0.0,16.886192,3.447031,2091
28079,r3i1p1f1,2091,11,17,0.0,18.608603,4.53757,2091
28080,r3i1p1f1,2091,11,18,0.0,19.623423,6.3094234,2091
28081,r3i1p1f1,2091,11,19,4.191185652936948,21.04102,9.538062,2091
28082,r3i1p1f1,2091,11,20,0.7713291693388865,14.193768,3.961585,2091
28083,r3i1p1f1,2091,11,21,0.0,16.719187,3.4317157,2091
28084,r3i1p1f1,2091,11,22,0.0,18.719126,4.694604,2091
28085,r3i1p1f1,2091,11,23,0.0,19.50754,4.2865067,2091
28086,r3i1p1f1,2091,11,24,0.06303133089031379,18.408655,4.762842,2091
28087,r3i1p1f1,2091,11,25,28.636803616223695,17.308702,7.1792088,2091
28088,r3i1p1f1,2091,11,26,28.494048280302774,17.105091,7.1091304,2091
28089,r3i1p1f1,2091,11,27,23.842283194738393,15.719396,8.111024,2091
28090,r3i1p1f1,2091,11,28,0.022308655655554805,12.561093,-0.277155,2091
28091,r3i1p1f1,2091,11,29,1.4993301707311206,10.504851,-2.7887871,2091
28092,r3i1p1f1,2091,11,30,20.007407051951194,10.69892,5.800925,2091
28093,r3i1p1f1,2091,12,01,8.065562151592035,11.206899,3.5123675,2091
28094,r3i1p1f1,2091,12,02,7.656676439472711,10.354559,3.042099,2091
28095,r3i1p1f1,2091,12,03,0.23663284100841725,7.226534,-3.0281444,2091
28096,r3i1p1f1,2091,12,04,0.0,6.3884354,-3.571207,2091
28097,r3i1p1f1,2091,12,05,0.25823752886825596,7.8664517,-2.310464,2091
28098,r3i1p1f1,2091,12,06,0.0,10.569308,-1.6977316,2091
28099,r3i1p1f1,2091,12,07,0.0,12.0014105,-0.3733638,2091
28100,r3i1p1f1,2091,12,08,0.0,12.38831,-1.5396866,2091
28101,r3i1p1f1,2091,12,09,0.0,11.688321,-1.3339766,2091
28102,r3i1p1f1,2091,12,10,5.7185159397406755,9.660985,0.51034325,2091
28103,r3i1p1f1,2091,12,11,0.0,5.6025267,-4.382179,2091
28104,r3i1p1f1,2091,12,12,0.0,4.9331994,-8.255258,2091
28105,r3i1p1f1,2091,12,13,0.0,7.8214364,-5.6986012,2091
28106,r3i1p1f1,2091,12,14,0.0,9.103077,-3.614544,2091
28107,r3i1p1f1,2091,12,15,0.0,13.10741,-0.21341436,2091
28108,r3i1p1f1,2091,12,16,0.0,15.767028,2.5544572,2091
28109,r3i1p1f1,2091,12,17,0.0,15.4265785,2.2344434,2091
28110,r3i1p1f1,2091,12,18,0.0,17.9875,4.247946,2091
28111,r3i1p1f1,2091,12,19,0.0,19.291107,5.522612,2091
28112,r3i1p1f1,2091,12,20,0.0,20.345356,6.614315,2091
28113,r3i1p1f1,2091,12,21,0.0,22.113756,8.484565,2091
28114,r3i1p1f1,2091,12,22,0.0,21.663092,8.36052,2091
28115,r3i1p1f1,2091,12,23,0.043051010014812964,18.659811,7.227403,2091
28116,r3i1p1f1,2091,12,24,0.015923065472055565,17.090883,5.9700775,2091
28117,r3i1p1f1,2091,12,25,0.0630746999443297,16.998306,4.394063,2091
28118,r3i1p1f1,2091,12,26,0.0,16.68511,3.8907516,2091
28119,r3i1p1f1,2091,12,27,0.0,19.621063,5.6272674,2091
28120,r3i1p1f1,2091,12,28,0.0,20.188166,6.4486585,2091
28121,r3i1p1f1,2091,12,29,0.0,19.360886,5.9413266,2091
28122,r3i1p1f1,2091,12,30,0.19093059226578948,17.114946,4.7294097,2091
28123,r3i1p1f1,2091,12,31,1.3979460354316111,15.989447,5.824236,2091
28124,r3i1p1f1,2092,01,01,11.089521937514787,13.867812,5.391986,2092
28125,r3i1p1f1,2092,01,02,0.0,9.690993,0.19945922,2092
28126,r3i1p1f1,2092,01,03,0.08390912463117715,12.275889,-0.6861066,2092
28127,r3i1p1f1,2092,01,04,0.07805600563380832,11.5619755,1.8789052,2092
28128,r3i1p1f1,2092,01,05,22.529057702980605,12.149372,3.800775,2092
28129,r3i1p1f1,2092,01,06,33.52588391735811,15.349735,7.7945585,2092
28130,r3i1p1f1,2092,01,07,15.689978973959196,13.8666525,3.6175752,2092
28131,r3i1p1f1,2092,01,08,3.768915430021783,8.960329,-0.322569,2092
28132,r3i1p1f1,2092,01,09,3.2874172986119063,7.4669323,0.49698582,2092
28133,r3i1p1f1,2092,01,10,0.0012087930702943015,5.3226905,-5.2273383,2092
28134,r3i1p1f1,2092,01,11,2.7131754840397524,5.9700027,-2.008423,2092
28135,r3i1p1f1,2092,01,12,1.219537131470464,6.1612577,-5.354413,2092
28136,r3i1p1f1,2092,01,13,0.0031117753436168036,7.257871,-4.301106,2092
28137,r3i1p1f1,2092,01,14,1.09951779112042,8.820379,1.0061142,2092
28138,r3i1p1f1,2092,01,15,0.03933276780034331,8.036855,-3.6504905,2092
28139,r3i1p1f1,2092,01,16,0.0,8.418294,-2.8620532,2092
28140,r3i1p1f1,2092,01,17,0.0,8.0122595,-3.5559227,2092
28141,r3i1p1f1,2092,01,18,0.0,7.8239074,-3.415147,2092
28142,r3i1p1f1,2092,01,19,0.0,8.754944,-3.7352238,2092
28143,r3i1p1f1,2092,01,20,0.9416681067082346,8.520991,-2.6481597,2092
28144,r3i1p1f1,2092,01,21,13.874331690955538,10.639496,1.2044107,2092
28145,r3i1p1f1,2092,01,22,4.728466706512721,12.594295,4.2252975,2092
28146,r3i1p1f1,2092,01,23,16.96823517146351,13.047172,5.8641257,2092
28147,r3i1p1f1,2092,01,24,4.434639304306874,11.788501,2.4068177,2092
28148,r3i1p1f1,2092,01,25,0.009384329755310759,11.81196,0.6914272,2092
28149,r3i1p1f1,2092,01,26,2.61517723711918,12.469526,2.32013,2092
28150,r3i1p1f1,2092,01,27,35.20825775761764,11.9412,6.2703648,2092
28151,r3i1p1f1,2092,01,28,3.163797677907772,12.466808,2.50415,2092
28152,r3i1p1f1,2092,01,29,0.01111197022537729,12.334443,1.6385868,2092
28153,r3i1p1f1,2092,01,30,0.008880300147487133,14.602418,0.7527689,2092
28154,r3i1p1f1,2092,01,31,7.662267332080553,13.882913,5.2986474,2092
28155,r3i1p1f1,2092,02,01,0.6976121303534566,13.436101,4.7562613,2092
28156,r3i1p1f1,2092,02,02,0.032152014325468124,15.157452,3.3656259,2092
28157,r3i1p1f1,2092,02,03,0.006522887552185266,16.454456,3.5231369,2092
28158,r3i1p1f1,2092,02,04,0.018449116207855033,17.291569,5.986107,2092
28159,r3i1p1f1,2092,02,05,16.48214144047939,16.538372,7.887528,2092
28160,r3i1p1f1,2092,02,06,12.996001335299242,13.4920225,5.40375,2092
28161,r3i1p1f1,2092,02,07,0.2399143836575921,10.482064,0.7505965,2092
28162,r3i1p1f1,2092,02,08,1.0266224030552125,10.235315,0.6093857,2092
28163,r3i1p1f1,2092,02,09,0.22162816450480188,11.033723,-2.4645672,2092
28164,r3i1p1f1,2092,02,10,0.005011042442426763,12.529791,-0.019380108,2092
28165,r3i1p1f1,2092,02,11,0.0,14.331675,0.05679982,2092
28166,r3i1p1f1,2092,02,12,0.0,14.148262,0.032160033,2092
28167,r3i1p1f1,2092,02,13,0.0,15.057325,1.5425369,2092
28168,r3i1p1f1,2092,02,14,0.0,17.636757,3.7810392,2092
28169,r3i1p1f1,2092,02,15,0.0,17.874414,4.5716486,2092
28170,r3i1p1f1,2092,02,16,0.0,18.041142,4.313298,2092
28171,r3i1p1f1,2092,02,17,0.0,18.183859,4.463682,2092
28172,r3i1p1f1,2092,02,18,0.0,21.31169,6.551195,2092
28173,r3i1p1f1,2092,02,19,0.0,22.109114,6.302921,2092
28174,r3i1p1f1,2092,02,20,0.12395569471085434,21.598972,7.3752203,2092
28175,r3i1p1f1,2092,02,21,0.05309319580908667,18.176203,6.2035785,2092
28176,r3i1p1f1,2092,02,22,11.415902296873604,15.043072,4.790733,2092
28177,r3i1p1f1,2092,02,23,19.1256142868753,18.032345,5.5596137,2092
28178,r3i1p1f1,2092,02,24,8.933407328930281,16.889866,8.501061,2092
28179,r3i1p1f1,2092,02,25,20.991074992458437,13.670684,6.4794703,2092
28180,r3i1p1f1,2092,02,26,4.188362843179317,12.549865,2.3280866,2092
28181,r3i1p1f1,2092,02,27,0.03589181030099897,11.788766,1.0194135,2092
28182,r3i1p1f1,2092,02,28,3.0909491018703097,11.82566,0.96503115,2092
28183,r3i1p1f1,2092,02,29,0.23922345014094995,11.419117,0.10510613,2092
28184,r3i1p1f1,2092,03,01,0.16734814490491495,12.529348,0.7560504,2092
28185,r3i1p1f1,2092,03,02,0.48308945127549424,11.134165,0.43518323,2092
28186,r3i1p1f1,2092,03,03,0.952795578362687,14.475528,5.204811,2092
28187,r3i1p1f1,2092,03,04,0.14415598447530184,14.7376175,1.4937952,2092
28188,r3i1p1f1,2092,03,05,1.3147580415788223,12.427135,4.3934126,2092
28189,r3i1p1f1,2092,03,06,0.34324700985907286,12.391363,1.3832842,2092
28190,r3i1p1f1,2092,03,07,0.006450957177245679,13.47552,-2.9916167,2092
28191,r3i1p1f1,2092,03,08,0.0,17.945005,1.6267666,2092
28192,r3i1p1f1,2092,03,09,0.0005487859898218603,21.947828,5.2275624,2092
28193,r3i1p1f1,2092,03,10,0.0,22.834045,7.4468102,2092
28194,r3i1p1f1,2092,03,11,0.0,24.780535,8.601444,2092
28195,r3i1p1f1,2092,03,12,0.0,24.596989,8.258324,2092
28196,r3i1p1f1,2092,03,13,0.0,25.493439,8.4457855,2092
28197,r3i1p1f1,2092,03,14,0.0,25.78635,8.651052,2092
28198,r3i1p1f1,2092,03,15,0.0,25.843302,9.438107,2092
28199,r3i1p1f1,2092,03,16,0.0,27.549105,10.298771,2092
28200,r3i1p1f1,2092,03,17,0.0,27.09187,9.60087,2092
28201,r3i1p1f1,2092,03,18,0.0,25.19599,7.637343,2092
28202,r3i1p1f1,2092,03,19,0.0,22.154171,6.7482314,2092
28203,r3i1p1f1,2092,03,20,0.0,24.13436,7.3727255,2092
28204,r3i1p1f1,2092,03,21,0.0,24.159697,7.751593,2092
28205,r3i1p1f1,2092,03,22,0.0,21.72334,4.8986154,2092
28206,r3i1p1f1,2092,03,23,0.0,20.721878,3.6224403,2092
28207,r3i1p1f1,2092,03,24,0.0,24.160395,5.382968,2092
28208,r3i1p1f1,2092,03,25,0.0,26.859865,7.37883,2092
28209,r3i1p1f1,2092,03,26,0.0,27.334126,8.245969,2092
28210,r3i1p1f1,2092,03,27,0.046485669974407014,25.547428,8.373868,2092
28211,r3i1p1f1,2092,03,28,0.0,22.263296,4.66002,2092
28212,r3i1p1f1,2092,03,29,0.0,24.573643,5.0237284,2092
28213,r3i1p1f1,2092,03,30,0.0,23.97413,5.2740703,2092
28214,r3i1p1f1,2092,03,31,0.0296494406040548,22.760223,3.932433,2092
28215,r3i1p1f1,2092,04,01,13.723212511446917,17.678095,4.487427,2092
28216,r3i1p1f1,2092,04,02,0.5554019104001231,12.552352,1.7628402,2092
28217,r3i1p1f1,2092,04,03,0.05363853618319175,16.687872,1.106651,2092
28218,r3i1p1f1,2092,04,04,0.0,17.887476,1.8375791,2092
28219,r3i1p1f1,2092,04,05,7.511989501268324,15.352775,3.5369623,2092
28220,r3i1p1f1,2092,04,06,6.4643199190240095,11.042211,-1.9281706,2092
28221,r3i1p1f1,2092,04,07,0.004077429978430949,15.373068,-0.03428118,2092
28222,r3i1p1f1,2092,04,08,0.700912996117867,15.779854,1.5175648,2092
28223,r3i1p1f1,2092,04,09,0.4379745588536907,16.365944,4.20365,2092
28224,r3i1p1f1,2092,04,10,6.791118472004503,17.387852,5.0211015,2092
28225,r3i1p1f1,2092,04,11,0.37331988940643374,17.40544,5.55494,2092
28226,r3i1p1f1,2092,04,12,0.0,19.929735,4.4150453,2092
28227,r3i1p1f1,2092,04,13,0.0,21.642094,5.468085,2092
28228,r3i1p1f1,2092,04,14,0.0,25.449575,6.4585304,2092
28229,r3i1p1f1,2092,04,15,0.0,26.22771,8.864311,2092
28230,r3i1p1f1,2092,04,16,0.022043898220131683,24.84502,8.814149,2092
28231,r3i1p1f1,2092,04,17,0.0021111277623497176,21.718208,7.3890676,2092
28232,r3i1p1f1,2092,04,18,0.0,23.446823,6.045512,2092
28233,r3i1p1f1,2092,04,19,0.0016635937693839271,23.962399,6.761619,2092
28234,r3i1p1f1,2092,04,20,0.08952391335862392,23.890898,7.750413,2092
28235,r3i1p1f1,2092,04,21,0.02100732514615326,24.813591,6.7079616,2092
28236,r3i1p1f1,2092,04,22,0.12122515977049868,24.51754,9.437383,2092
28237,r3i1p1f1,2092,04,23,0.0,25.836647,6.188489,2092
28238,r3i1p1f1,2092,04,24,0.0,26.04026,7.1900444,2092
28239,r3i1p1f1,2092,04,25,0.13863954865056174,24.613731,5.9217815,2092
28240,r3i1p1f1,2092,04,26,0.002242966985442873,24.772486,5.79069,2092
28241,r3i1p1f1,2092,04,27,0.0,27.348976,8.334637,2092
28242,r3i1p1f1,2092,04,28,0.0,31.068989,11.565574,2092
28243,r3i1p1f1,2092,04,29,0.0,31.018831,11.861436,2092
28244,r3i1p1f1,2092,04,30,0.0,30.868708,11.442786,2092
28245,r3i1p1f1,2092,05,01,0.0,30.282087,10.4442005,2092
28246,r3i1p1f1,2092,05,02,0.0,30.721563,10.886416,2092
28247,r3i1p1f1,2092,05,03,0.0,29.467855,10.599022,2092
28248,r3i1p1f1,2092,05,04,0.0,24.590878,10.911477,2092
28249,r3i1p1f1,2092,05,05,0.0,27.91379,8.455587,2092
28250,r3i1p1f1,2092,05,06,0.0,33.315132,12.908863,2092
28251,r3i1p1f1,2092,05,07,0.0,35.756443,15.443414,2092
28252,r3i1p1f1,2092,05,08,0.0,36.22938,16.378355,2092
28253,r3i1p1f1,2092,05,09,0.0,34.93096,15.070635,2092
28254,r3i1p1f1,2092,05,10,0.0,32.814426,12.979384,2092
28255,r3i1p1f1,2092,05,11,0.0,31.020668,11.693294,2092
28256,r3i1p1f1,2092,05,12,0.0,28.388044,8.586723,2092
28257,r3i1p1f1,2092,05,13,0.0,27.41756,8.698964,2092
28258,r3i1p1f1,2092,05,14,0.0,22.479704,4.920254,2092
28259,r3i1p1f1,2092,05,15,0.0,23.992863,4.628333,2092
28260,r3i1p1f1,2092,05,16,0.0,28.137732,8.348828,2092
28261,r3i1p1f1,2092,05,17,0.0,26.660156,7.716272,2092
28262,r3i1p1f1,2092,05,18,0.0,22.417473,5.8532624,2092
28263,r3i1p1f1,2092,05,19,0.0,25.282242,6.4889736,2092
28264,r3i1p1f1,2092,05,20,0.0,31.630941,10.576379,2092
28265,r3i1p1f1,2092,05,21,0.0,33.186314,12.877379,2092
28266,r3i1p1f1,2092,05,22,0.0,32.337566,11.86443,2092
28267,r3i1p1f1,2092,05,23,0.0,28.542858,8.906429,2092
28268,r3i1p1f1,2092,05,24,0.0,23.457872,5.796127,2092
28269,r3i1p1f1,2092,05,25,0.0,25.70848,6.9013014,2092
28270,r3i1p1f1,2092,05,26,0.0,32.716415,12.581522,2092
28271,r3i1p1f1,2092,05,27,0.0,36.020336,15.851929,2092
28272,r3i1p1f1,2092,05,28,0.0,37.120453,17.131264,2092
28273,r3i1p1f1,2092,05,29,0.0,36.63756,15.984314,2092
28274,r3i1p1f1,2092,05,30,0.0,33.883762,15.202408,2092
28275,r3i1p1f1,2092,05,31,0.0,31.622755,13.45315,2092
28276,r3i1p1f1,2092,06,01,0.0,30.574965,11.891708,2092
28277,r3i1p1f1,2092,06,02,0.0,33.92135,13.607513,2092
28278,r3i1p1f1,2092,06,03,0.0,34.26543,14.431722,2092
28279,r3i1p1f1,2092,06,04,0.0,34.856007,14.368878,2092
28280,r3i1p1f1,2092,06,05,0.0,33.692318,14.284785,2092
28281,r3i1p1f1,2092,06,06,0.05651522928735975,34.46026,16.166908,2092
28282,r3i1p1f1,2092,06,07,0.0,35.547657,16.480095,2092
28283,r3i1p1f1,2092,06,08,0.01891256357670169,35.195908,16.15009,2092
28284,r3i1p1f1,2092,06,09,0.024964091770181603,33.759342,15.423413,2092
28285,r3i1p1f1,2092,06,10,0.0,33.438118,14.5958805,2092
28286,r3i1p1f1,2092,06,11,0.0,35.513424,16.047142,2092
28287,r3i1p1f1,2092,06,12,0.0,35.12832,16.330618,2092
28288,r3i1p1f1,2092,06,13,0.0,33.40447,14.837773,2092
28289,r3i1p1f1,2092,06,14,0.0,28.744724,11.085062,2092
28290,r3i1p1f1,2092,06,15,0.0,31.728048,13.317716,2092
28291,r3i1p1f1,2092,06,16,0.0,35.80258,15.696188,2092
28292,r3i1p1f1,2092,06,17,0.0,34.964855,16.23659,2092
28293,r3i1p1f1,2092,06,18,0.0,32.829247,14.411558,2092
28294,r3i1p1f1,2092,06,19,0.0,33.664062,14.400097,2092
28295,r3i1p1f1,2092,06,20,0.0,33.12129,14.607684,2092
28296,r3i1p1f1,2092,06,21,0.0,32.20358,14.098251,2092
28297,r3i1p1f1,2092,06,22,0.0,31.640642,13.982161,2092
28298,r3i1p1f1,2092,06,23,0.0,32.31076,14.142875,2092
28299,r3i1p1f1,2092,06,24,0.0,36.188583,16.276785,2092
28300,r3i1p1f1,2092,06,25,0.0,36.98806,17.074503,2092
28301,r3i1p1f1,2092,06,26,0.0,35.918457,16.468391,2092
28302,r3i1p1f1,2092,06,27,0.0,33.478325,14.600236,2092
28303,r3i1p1f1,2092,06,28,0.0,31.868319,14.552313,2092
28304,r3i1p1f1,2092,06,29,0.0,32.236824,16.025635,2092
28305,r3i1p1f1,2092,06,30,0.0,31.447502,16.197538,2092
28306,r3i1p1f1,2092,07,01,0.0,34.67448,16.969992,2092
28307,r3i1p1f1,2092,07,02,0.0,37.482857,17.62371,2092
28308,r3i1p1f1,2092,07,03,1.9639314569036341,38.909653,20.287731,2092
28309,r3i1p1f1,2092,07,04,2.779360884825027,37.588467,20.885935,2092
28310,r3i1p1f1,2092,07,05,0.003992947767432214,36.038067,19.317375,2092
28311,r3i1p1f1,2092,07,06,0.002341594716364687,36.78927,19.4955,2092
28312,r3i1p1f1,2092,07,07,0.0,36.15615,19.230032,2092
28313,r3i1p1f1,2092,07,08,0.0,36.320683,19.27466,2092
28314,r3i1p1f1,2092,07,09,0.0,38.27079,20.028784,2092
28315,r3i1p1f1,2092,07,10,0.007714280773970214,38.428234,20.83012,2092
28316,r3i1p1f1,2092,07,11,0.006521824362800654,39.2579,21.005177,2092
28317,r3i1p1f1,2092,07,12,0.0,38.479225,20.540638,2092
28318,r3i1p1f1,2092,07,13,0.0,37.871647,19.120096,2092
28319,r3i1p1f1,2092,07,14,0.0,36.228485,18.294384,2092
28320,r3i1p1f1,2092,07,15,0.0,36.340412,18.558,2092
28321,r3i1p1f1,2092,07,16,0.0,38.28461,21.02093,2092
28322,r3i1p1f1,2092,07,17,1.482380895041305,38.084957,22.684,2092
28323,r3i1p1f1,2092,07,18,0.004671696488830176,39.579117,21.305433,2092
28324,r3i1p1f1,2092,07,19,0.11059883367234954,43.320286,22.737995,2092
28325,r3i1p1f1,2092,07,20,1.4807495883371413,42.1278,23.031618,2092
28326,r3i1p1f1,2092,07,21,1.6944369130523587,39.83572,23.29961,2092
28327,r3i1p1f1,2092,07,22,0.756082145495439,39.047714,22.203733,2092
28328,r3i1p1f1,2092,07,23,0.09972988574934954,38.41113,21.738026,2092
28329,r3i1p1f1,2092,07,24,2.6071457315662303,39.24305,22.724022,2092
28330,r3i1p1f1,2092,07,25,0.0,40.081635,21.91305,2092
28331,r3i1p1f1,2092,07,26,0.004566027500638456,40.552887,22.460737,2092
28332,r3i1p1f1,2092,07,27,0.1918587462789605,40.649837,23.253767,2092
28333,r3i1p1f1,2092,07,28,0.09193761140605519,41.433334,23.021252,2092
28334,r3i1p1f1,2092,07,29,1.0658537813155404,40.509094,23.122684,2092
28335,r3i1p1f1,2092,07,30,4.506440632914856,36.385002,21.715584,2092
28336,r3i1p1f1,2092,07,31,0.001743028335499041,36.73885,20.16869,2092
28337,r3i1p1f1,2092,08,01,4.74334669750974e-05,36.733273,20.280369,2092
28338,r3i1p1f1,2092,08,02,0.0,37.604034,20.950367,2092
28339,r3i1p1f1,2092,08,03,2.9511682999277995,37.520985,21.750002,2092
28340,r3i1p1f1,2092,08,04,0.24306955193451635,39.477127,22.399427,2092
28341,r3i1p1f1,2092,08,05,0.27968255927341734,37.672485,20.785168,2092
28342,r3i1p1f1,2092,08,06,0.0,37.0328,19.53924,2092
28343,r3i1p1f1,2092,08,07,0.4322025560064834,38.973736,21.270153,2092
28344,r3i1p1f1,2092,08,08,1.3039014252816825,40.485184,22.129799,2092
28345,r3i1p1f1,2092,08,09,2.081775751840641,41.2117,22.754086,2092
28346,r3i1p1f1,2092,08,10,1.372412437887044,39.85322,22.566423,2092
28347,r3i1p1f1,2092,08,11,0.5705918474775513,39.405907,22.588774,2092
28348,r3i1p1f1,2092,08,12,0.16212099404638688,38.994095,21.924026,2092
28349,r3i1p1f1,2092,08,13,0.432339037577163,38.500637,21.548464,2092
28350,r3i1p1f1,2092,08,14,0.323716083843134,38.74324,21.566172,2092
28351,r3i1p1f1,2092,08,15,0.2644554978046058,39.026466,21.800852,2092
28352,r3i1p1f1,2092,08,16,0.0028577225748449564,39.63599,22.036676,2092
28353,r3i1p1f1,2092,08,17,0.0,40.632317,21.535894,2092
28354,r3i1p1f1,2092,08,18,0.0,40.734608,21.282324,2092
28355,r3i1p1f1,2092,08,19,0.0,39.886265,21.091734,2092
28356,r3i1p1f1,2092,08,20,0.0,38.72385,21.907257,2092
28357,r3i1p1f1,2092,08,21,3.1303658867137996,38.246758,22.261393,2092
28358,r3i1p1f1,2092,08,22,3.7032847825519806,36.465557,22.040554,2092
28359,r3i1p1f1,2092,08,23,0.6505833115520407,38.006844,23.844652,2092
28360,r3i1p1f1,2092,08,24,0.9463302491018443,39.940655,23.543026,2092
28361,r3i1p1f1,2092,08,25,0.012203487990932032,39.260815,22.799046,2092
28362,r3i1p1f1,2092,08,26,0.0034752802104886732,37.835796,19.91973,2092
28363,r3i1p1f1,2092,08,27,0.0,34.395813,16.95448,2092
28364,r3i1p1f1,2092,08,28,0.01819390057900102,33.075493,17.306095,2092
28365,r3i1p1f1,2092,08,29,2.1027044719570163,32.74095,19.43396,2092
28366,r3i1p1f1,2092,08,30,0.01847050669532495,35.23357,21.128382,2092
28367,r3i1p1f1,2092,08,31,0.035589046381188164,37.550335,20.801294,2092
28368,r3i1p1f1,2092,09,01,0.0,37.862904,20.842999,2092
28369,r3i1p1f1,2092,09,02,0.0,37.768127,20.575478,2092
28370,r3i1p1f1,2092,09,03,0.0,37.462536,20.730892,2092
28371,r3i1p1f1,2092,09,04,7.847511865706606e-05,38.1534,21.130255,2092
28372,r3i1p1f1,2092,09,05,0.08524295394167755,37.85473,21.060034,2092
28373,r3i1p1f1,2092,09,06,0.0,37.49277,20.55058,2092
28374,r3i1p1f1,2092,09,07,0.0,37.217854,19.781918,2092
28375,r3i1p1f1,2092,09,08,0.0,36.983402,19.583776,2092
28376,r3i1p1f1,2092,09,09,0.0,36.72423,19.317371,2092
28377,r3i1p1f1,2092,09,10,0.0,36.394478,19.698652,2092
28378,r3i1p1f1,2092,09,11,0.0,36.925903,19.489237,2092
28379,r3i1p1f1,2092,09,12,0.0,36.66935,20.808865,2092
28380,r3i1p1f1,2092,09,13,0.0,35.188866,18.234467,2092
28381,r3i1p1f1,2092,09,14,0.0,33.632427,17.669718,2092
28382,r3i1p1f1,2092,09,15,0.0,35.884945,18.759956,2092
28383,r3i1p1f1,2092,09,16,0.0,37.67139,21.270864,2092
28384,r3i1p1f1,2092,09,17,0.0,38.031967,20.9928,2092
28385,r3i1p1f1,2092,09,18,0.0,37.680042,20.847504,2092
28386,r3i1p1f1,2092,09,19,0.0,36.265076,19.960629,2092
28387,r3i1p1f1,2092,09,20,0.0,33.970295,18.501833,2092
28388,r3i1p1f1,2092,09,21,0.0,33.847122,18.106802,2092
28389,r3i1p1f1,2092,09,22,0.0,35.223225,18.012745,2092
28390,r3i1p1f1,2092,09,23,0.1944124918240546,34.30244,17.928543,2092
28391,r3i1p1f1,2092,09,24,0.0,31.992916,16.42266,2092
28392,r3i1p1f1,2092,09,25,0.0,33.35796,17.688622,2092
28393,r3i1p1f1,2092,09,26,0.0,34.06516,18.57654,2092
28394,r3i1p1f1,2092,09,27,0.0,34.657448,18.18993,2092
28395,r3i1p1f1,2092,09,28,0.0,35.840313,18.981962,2092
28396,r3i1p1f1,2092,09,29,0.0,34.710236,18.371267,2092
28397,r3i1p1f1,2092,09,30,0.0,31.900488,16.37344,2092
28398,r3i1p1f1,2092,10,01,0.03384223608229535,29.642221,17.07583,2092
28399,r3i1p1f1,2092,10,02,0.0,32.254406,18.256804,2092
28400,r3i1p1f1,2092,10,03,0.0,34.889618,18.276087,2092
28401,r3i1p1f1,2092,10,04,0.0,34.966316,18.553316,2092
28402,r3i1p1f1,2092,10,05,0.0,34.39094,17.766975,2092
28403,r3i1p1f1,2092,10,06,0.0,34.42867,18.699217,2092
28404,r3i1p1f1,2092,10,07,0.0,36.030106,19.24149,2092
28405,r3i1p1f1,2092,10,08,0.0,37.04495,19.718729,2092
28406,r3i1p1f1,2092,10,09,0.0,36.68948,20.349154,2092
28407,r3i1p1f1,2092,10,10,0.005906874474462573,36.643173,21.549232,2092
28408,r3i1p1f1,2092,10,11,0.0,33.237095,17.105513,2092
28409,r3i1p1f1,2092,10,12,0.0,35.616856,18.138697,2092
28410,r3i1p1f1,2092,10,13,0.0,37.15896,20.371687,2092
28411,r3i1p1f1,2092,10,14,0.0,34.376705,17.301449,2092
28412,r3i1p1f1,2092,10,15,0.0,23.930613,10.206518,2092
28413,r3i1p1f1,2092,10,16,0.0,24.387556,9.29462,2092
28414,r3i1p1f1,2092,10,17,0.0,27.98145,12.035868,2092
28415,r3i1p1f1,2092,10,18,0.0,29.783655,13.626758,2092
28416,r3i1p1f1,2092,10,19,0.0,30.485718,13.764412,2092
28417,r3i1p1f1,2092,10,20,0.0,26.940695,11.085935,2092
28418,r3i1p1f1,2092,10,21,0.0,25.820385,12.09187,2092
28419,r3i1p1f1,2092,10,22,0.0,26.66873,12.551076,2092
28420,r3i1p1f1,2092,10,23,0.0,30.826181,14.443327,2092
28421,r3i1p1f1,2092,10,24,0.0,31.057457,15.10918,2092
28422,r3i1p1f1,2092,10,25,0.0,28.56571,12.3730135,2092
28423,r3i1p1f1,2092,10,26,0.0,29.034767,14.129329,2092
28424,r3i1p1f1,2092,10,27,0.0,28.434753,14.654705,2092
28425,r3i1p1f1,2092,10,28,0.0,27.893251,11.455719,2092
28426,r3i1p1f1,2092,10,29,0.0,26.662922,10.925286,2092
28427,r3i1p1f1,2092,10,30,2.253856607250901,24.033957,10.9831705,2092
28428,r3i1p1f1,2092,10,31,21.254917051961513,19.677942,12.801198,2092
28429,r3i1p1f1,2092,11,01,0.0,16.89511,4.327516,2092
28430,r3i1p1f1,2092,11,02,4.626823203222805,18.45136,7.5036263,2092
28431,r3i1p1f1,2092,11,03,7.151215850473928,15.249396,5.2889066,2092
28432,r3i1p1f1,2092,11,04,0.9319764631425531,12.180085,1.6879354,2092
28433,r3i1p1f1,2092,11,05,0.23448271506850055,12.704795,1.0377698,2092
28434,r3i1p1f1,2092,11,06,0.0,13.876373,0.81438607,2092
28435,r3i1p1f1,2092,11,07,0.0,15.973706,3.3952582,2092
28436,r3i1p1f1,2092,11,08,0.07947736287888167,15.160132,3.0261185,2092
28437,r3i1p1f1,2092,11,09,0.04561333931412788,15.236746,3.730003,2092
28438,r3i1p1f1,2092,11,10,0.016176748251768226,17.401989,4.5841613,2092
28439,r3i1p1f1,2092,11,11,0.040276265226015254,18.67387,5.3315954,2092
28440,r3i1p1f1,2092,11,12,0.0003571297874617757,18.231339,5.4251833,2092
28441,r3i1p1f1,2092,11,13,0.0007645099082186458,18.614344,5.5160904,2092
28442,r3i1p1f1,2092,11,14,0.0,20.037899,6.3410897,2092
28443,r3i1p1f1,2092,11,15,0.0,21.171799,7.239042,2092
28444,r3i1p1f1,2092,11,16,0.0,19.764765,7.300389,2092
28445,r3i1p1f1,2092,11,17,0.0,19.9898,6.3790684,2092
28446,r3i1p1f1,2092,11,18,0.17133917957173914,19.338488,6.626127,2092
28447,r3i1p1f1,2092,11,19,4.548296213789868,18.29121,10.227206,2092
28448,r3i1p1f1,2092,11,20,0.028989277824152712,15.852285,5.719298,2092
28449,r3i1p1f1,2092,11,21,0.0,15.113012,2.66233,2092
28450,r3i1p1f1,2092,11,22,0.0,17.129843,2.9239984,2092
28451,r3i1p1f1,2092,11,23,11.513254843629317,15.283824,4.245581,2092
28452,r3i1p1f1,2092,11,24,8.539320083851415,13.497445,3.1607907,2092
28453,r3i1p1f1,2092,11,25,0.1627566586818251,14.7867565,4.2714534,2092
28454,r3i1p1f1,2092,11,26,0.0,16.29167,3.6736953,2092
28455,r3i1p1f1,2092,11,27,8.318565727308712,17.006895,5.4406915,2092
28456,r3i1p1f1,2092,11,28,0.3040768262575732,13.330663,5.2033343,2092
28457,r3i1p1f1,2092,11,29,0.007008450147898684,11.488485,-0.15146978,2092
28458,r3i1p1f1,2092,11,30,0.20336125186242332,12.497897,4.1207843,2092
28459,r3i1p1f1,2092,12,01,0.00819198185733209,12.666463,0.6267177,2092
28460,r3i1p1f1,2092,12,02,0.0,14.849162,0.998216,2092
28461,r3i1p1f1,2092,12,03,0.0,11.488447,-1.2685419,2092
28462,r3i1p1f1,2092,12,04,0.0,12.04741,-1.0201534,2092
28463,r3i1p1f1,2092,12,05,0.0,15.606802,2.1294706,2092
28464,r3i1p1f1,2092,12,06,0.0,17.538847,4.249515,2092
28465,r3i1p1f1,2092,12,07,0.0,18.203789,4.6957693,2092
28466,r3i1p1f1,2092,12,08,1.2389361567704438,16.689121,5.6128206,2092
28467,r3i1p1f1,2092,12,09,0.0,15.795721,3.8755374,2092
28468,r3i1p1f1,2092,12,10,0.009785303987111107,14.881702,3.4848547,2092
28469,r3i1p1f1,2092,12,11,0.0,16.106224,2.5960398,2092
28470,r3i1p1f1,2092,12,12,0.0,14.450241,1.7664596,2092
28471,r3i1p1f1,2092,12,13,0.0,15.937486,2.4185648,2092
28472,r3i1p1f1,2092,12,14,0.0,16.741127,3.7140384,2092
28473,r3i1p1f1,2092,12,15,0.0,18.841476,4.8842406,2092
28474,r3i1p1f1,2092,12,16,0.0,19.877108,5.9978213,2092
28475,r3i1p1f1,2092,12,17,0.0,19.715778,6.9292727,2092
28476,r3i1p1f1,2092,12,18,0.02576281851912482,20.192991,7.396139,2092
28477,r3i1p1f1,2092,12,19,0.0,17.930882,7.1289587,2092
28478,r3i1p1f1,2092,12,20,0.016886741240424188,14.919034,2.153539,2092
28479,r3i1p1f1,2092,12,21,0.7790143948758751,13.4569025,4.4342985,2092
28480,r3i1p1f1,2092,12,22,0.0,16.190126,2.057019,2092
28481,r3i1p1f1,2092,12,23,2.268352356762934,14.407103,3.992717,2092
28482,r3i1p1f1,2092,12,24,0.07874215472618358,10.699385,1.9883273,2092
28483,r3i1p1f1,2092,12,25,0.0,14.868268,0.8455708,2092
28484,r3i1p1f1,2092,12,26,0.0,16.421116,2.2292483,2092
28485,r3i1p1f1,2092,12,27,0.0,15.985021,2.1347823,2092
28486,r3i1p1f1,2092,12,28,0.0,17.575035,4.8112817,2092
28487,r3i1p1f1,2092,12,29,0.00020224156535484573,16.765043,3.015223,2092
28488,r3i1p1f1,2092,12,30,0.1260771147281048,13.989588,2.0521297,2092
28489,r3i1p1f1,2092,12,31,0.0898324223993713,10.834158,-0.8019099,2092
28490,r3i1p1f1,2093,01,01,0.0572332426302389,12.186358,-0.107902646,2093
28491,r3i1p1f1,2093,01,02,0.0,12.935025,0.3932643,2093
28492,r3i1p1f1,2093,01,03,0.0,11.536702,-0.46707487,2093
28493,r3i1p1f1,2093,01,04,0.0019782757259566674,12.1623,1.9466413,2093
28494,r3i1p1f1,2093,01,05,0.03744219149790628,12.927892,2.1033244,2093
28495,r3i1p1f1,2093,01,06,0.0013014448587923791,14.971661,0.9223088,2093
28496,r3i1p1f1,2093,01,07,0.0,17.754005,5.2480106,2093
28497,r3i1p1f1,2093,01,08,0.016781313194466446,19.34235,7.640618,2093
28498,r3i1p1f1,2093,01,09,0.0,19.774786,4.671086,2093
28499,r3i1p1f1,2093,01,10,0.0,19.259043,6.1935534,2093
28500,r3i1p1f1,2093,01,11,0.09481794485261409,20.888227,10.029264,2093
28501,r3i1p1f1,2093,01,12,0.013628802879600587,22.07968,7.086019,2093
28502,r3i1p1f1,2093,01,13,1.1845065555743615,21.70756,10.054193,2093
28503,r3i1p1f1,2093,01,14,22.80117995292654,20.23508,12.049593,2093
28504,r3i1p1f1,2093,01,15,0.007104339187428581,15.671289,5.134091,2093
28505,r3i1p1f1,2093,01,16,0.0,15.52742,2.7424448,2093
28506,r3i1p1f1,2093,01,17,0.09785340561475922,15.902862,6.226233,2093
28507,r3i1p1f1,2093,01,18,0.0,14.832616,2.125436,2093
28508,r3i1p1f1,2093,01,19,0.0,17.031013,3.1591,2093
28509,r3i1p1f1,2093,01,20,0.0,17.524792,4.008593,2093
28510,r3i1p1f1,2093,01,21,0.0,18.551981,4.5785546,2093
28511,r3i1p1f1,2093,01,22,0.0,19.893951,5.9843144,2093
28512,r3i1p1f1,2093,01,23,0.0,20.993008,5.9434676,2093
28513,r3i1p1f1,2093,01,24,0.0,21.202536,5.942051,2093
28514,r3i1p1f1,2093,01,25,0.032346726233795794,19.69655,3.5594966,2093
28515,r3i1p1f1,2093,01,26,4.087036844875636,16.477907,5.9362535,2093
28516,r3i1p1f1,2093,01,27,14.382635936771377,14.242297,8.044176,2093
28517,r3i1p1f1,2093,01,28,17.181350820839835,17.735367,7.8222756,2093
28518,r3i1p1f1,2093,01,29,12.602689166045765,17.123281,8.915092,2093
28519,r3i1p1f1,2093,01,30,0.6044773234007703,14.677786,3.7270465,2093
28520,r3i1p1f1,2093,01,31,0.2422918199853498,11.657816,1.5952849,2093
28521,r3i1p1f1,2093,02,01,0.0,12.103258,-1.396432,2093
28522,r3i1p1f1,2093,02,02,0.0,13.7330475,0.70412564,2093
28523,r3i1p1f1,2093,02,03,9.554949482046526,12.342968,1.5023725,2093
28524,r3i1p1f1,2093,02,04,22.92666551134916,14.315031,1.8247423,2093
28525,r3i1p1f1,2093,02,05,3.696781787820686,16.285276,5.939012,2093
28526,r3i1p1f1,2093,02,06,6.203987996803328,16.276503,6.985187,2093
28527,r3i1p1f1,2093,02,07,8.402653632622402,17.304632,6.151952,2093
28528,r3i1p1f1,2093,02,08,3.281666281454267,17.729485,5.8863716,2093
28529,r3i1p1f1,2093,02,09,8.84630178102794,17.526062,8.998403,2093
28530,r3i1p1f1,2093,02,10,0.0,16.994936,4.3392425,2093
28531,r3i1p1f1,2093,02,11,0.0,17.323124,2.5442812,2093
28532,r3i1p1f1,2093,02,12,0.0,17.43659,2.6258755,2093
28533,r3i1p1f1,2093,02,13,0.08140003760424654,17.663887,4.241143,2093
28534,r3i1p1f1,2093,02,14,0.29391437283613936,17.891436,5.31004,2093
28535,r3i1p1f1,2093,02,15,13.46547957739059,17.361328,6.7669444,2093
28536,r3i1p1f1,2093,02,16,0.7531790427916955,12.744316,2.353505,2093
28537,r3i1p1f1,2093,02,17,0.33032026103131956,10.790895,0.5041725,2093
28538,r3i1p1f1,2093,02,18,10.900130615114533,11.939743,1.2087417,2093
28539,r3i1p1f1,2093,02,19,0.0,13.466102,-2.2121263,2093
28540,r3i1p1f1,2093,02,20,1.3210808664371143,13.050364,0.48331058,2093
28541,r3i1p1f1,2093,02,21,12.184221313527264,12.114934,5.1914263,2093
28542,r3i1p1f1,2093,02,22,0.0009614395358684388,11.981547,-0.22843288,2093
28543,r3i1p1f1,2093,02,23,0.0,17.823717,3.5115502,2093
28544,r3i1p1f1,2093,02,24,0.0,21.082235,5.2641206,2093
28545,r3i1p1f1,2093,02,25,0.0,21.852848,6.522537,2093
28546,r3i1p1f1,2093,02,26,0.0,23.18719,7.817377,2093
28547,r3i1p1f1,2093,02,27,0.0,23.117517,8.666937,2093
28548,r3i1p1f1,2093,02,28,0.0,22.797918,9.694534,2093
28549,r3i1p1f1,2093,03,01,0.0,24.561869,7.8054085,2093
28550,r3i1p1f1,2093,03,02,0.0,25.791582,7.78215,2093
28551,r3i1p1f1,2093,03,03,0.0,24.854265,8.875111,2093
28552,r3i1p1f1,2093,03,04,0.09724218560250213,22.638966,8.809177,2093
28553,r3i1p1f1,2093,03,05,0.009443924504783794,20.886925,6.6196775,2093
28554,r3i1p1f1,2093,03,06,2.8226710429843287,16.463617,6.2890396,2093
28555,r3i1p1f1,2093,03,07,0.0,20.105423,3.2861557,2093
28556,r3i1p1f1,2093,03,08,0.0,22.22527,5.6654253,2093
28557,r3i1p1f1,2093,03,09,0.0,23.151567,8.282446,2093
28558,r3i1p1f1,2093,03,10,1.4637572508047125,19.680634,5.2408314,2093
28559,r3i1p1f1,2093,03,11,2.3963337890894434,15.591383,4.461224,2093
28560,r3i1p1f1,2093,03,12,0.16924937705908,21.03736,6.291823,2093
28561,r3i1p1f1,2093,03,13,0.0,23.48326,7.4494405,2093
28562,r3i1p1f1,2093,03,14,0.00199902449050128,25.406893,8.550297,2093
28563,r3i1p1f1,2093,03,15,0.0,25.113012,8.589863,2093
28564,r3i1p1f1,2093,03,16,0.0,25.215563,7.6190586,2093
28565,r3i1p1f1,2093,03,17,0.8803799367589101,21.150124,5.4293337,2093
28566,r3i1p1f1,2093,03,18,1.580275198429621,16.921206,5.9048524,2093
28567,r3i1p1f1,2093,03,19,0.604924411355486,17.57863,5.4835825,2093
28568,r3i1p1f1,2093,03,20,0.0,19.149536,4.002456,2093
28569,r3i1p1f1,2093,03,21,0.012329604439649054,18.975235,5.9813666,2093
28570,r3i1p1f1,2093,03,22,0.07715456151896488,20.974327,4.4259615,2093
28571,r3i1p1f1,2093,03,23,0.0,21.965439,5.801513,2093
28572,r3i1p1f1,2093,03,24,0.0,24.522106,6.900159,2093
28573,r3i1p1f1,2093,03,25,0.0,25.672825,7.819769,2093
28574,r3i1p1f1,2093,03,26,0.18273605601665843,23.699394,9.96922,2093
28575,r3i1p1f1,2093,03,27,0.0,24.79623,6.50097,2093
28576,r3i1p1f1,2093,03,28,0.0,25.32445,7.0471787,2093
28577,r3i1p1f1,2093,03,29,0.8555806040892617,22.6344,5.5639443,2093
28578,r3i1p1f1,2093,03,30,1.7748638121479003,17.052643,3.818952,2093
28579,r3i1p1f1,2093,03,31,0.042623467258332916,22.965302,4.452502,2093
28580,r3i1p1f1,2093,04,01,0.09560362565521659,23.39247,5.4966474,2093
28581,r3i1p1f1,2093,04,02,0.17648603883792408,21.60567,6.561054,2093
28582,r3i1p1f1,2093,04,03,6.1245843938162245,18.399607,5.988403,2093
28583,r3i1p1f1,2093,04,04,0.009267660939120546,23.134409,4.959147,2093
28584,r3i1p1f1,2093,04,05,0.0,26.074436,7.9783196,2093
28585,r3i1p1f1,2093,04,06,0.0,27.404142,8.657387,2093
28586,r3i1p1f1,2093,04,07,0.0,28.37642,10.1671915,2093
28587,r3i1p1f1,2093,04,08,0.0,29.26431,11.134309,2093
28588,r3i1p1f1,2093,04,09,0.0,29.289902,11.073179,2093
28589,r3i1p1f1,2093,04,10,0.0,28.65632,9.80044,2093
28590,r3i1p1f1,2093,04,11,0.0,27.816849,9.605075,2093
28591,r3i1p1f1,2093,04,12,0.0,28.602186,10.4556875,2093
28592,r3i1p1f1,2093,04,13,0.0,27.597551,9.762295,2093
28593,r3i1p1f1,2093,04,14,0.0,29.07896,11.821169,2093
28594,r3i1p1f1,2093,04,15,0.0,33.22937,12.522392,2093
28595,r3i1p1f1,2093,04,16,0.0,33.10304,13.81138,2093
28596,r3i1p1f1,2093,04,17,0.26257412115531525,28.240692,12.867399,2093
28597,r3i1p1f1,2093,04,18,0.0,22.431658,5.8338165,2093
28598,r3i1p1f1,2093,04,19,0.0,25.408064,6.5189953,2093
28599,r3i1p1f1,2093,04,20,0.0,28.21452,9.629416,2093
28600,r3i1p1f1,2093,04,21,0.0,31.6899,12.002914,2093
28601,r3i1p1f1,2093,04,22,0.0,35.751297,15.804104,2093
28602,r3i1p1f1,2093,04,23,0.0,36.22925,17.322123,2093
28603,r3i1p1f1,2093,04,24,0.0,35.198128,15.576204,2093
28604,r3i1p1f1,2093,04,25,0.0,27.96012,9.165939,2093
28605,r3i1p1f1,2093,04,26,0.0,29.893778,10.65952,2093
28606,r3i1p1f1,2093,04,27,0.0,29.284754,10.2785425,2093
28607,r3i1p1f1,2093,04,28,0.0,28.241438,9.850915,2093
28608,r3i1p1f1,2093,04,29,0.2775390689737723,25.425,8.674322,2093
28609,r3i1p1f1,2093,04,30,0.3713092553345742,22.945745,8.313015,2093
28610,r3i1p1f1,2093,05,01,0.0,26.455486,8.213603,2093
28611,r3i1p1f1,2093,05,02,0.0,26.190794,8.21862,2093
28612,r3i1p1f1,2093,05,03,0.1372634589731178,22.694153,4.7752843,2093
28613,r3i1p1f1,2093,05,04,0.09768951567821205,21.55907,6.0382524,2093
28614,r3i1p1f1,2093,05,05,0.0,25.455725,6.4966507,2093
28615,r3i1p1f1,2093,05,06,0.0008764863014221191,25.71827,8.075903,2093
28616,r3i1p1f1,2093,05,07,0.0,29.092955,10.092841,2093
28617,r3i1p1f1,2093,05,08,0.0,30.472626,11.5634575,2093
28618,r3i1p1f1,2093,05,09,0.0,29.324862,9.539266,2093
28619,r3i1p1f1,2093,05,10,0.0020659710351151953,24.778591,7.4594417,2093
28620,r3i1p1f1,2093,05,11,0.0023386709102796335,23.976065,8.01136,2093
28621,r3i1p1f1,2093,05,12,0.0,26.997068,8.345197,2093
28622,r3i1p1f1,2093,05,13,0.0,31.1586,11.377154,2093
28623,r3i1p1f1,2093,05,14,0.0,32.881897,13.693276,2093
28624,r3i1p1f1,2093,05,15,0.0,31.465363,12.253625,2093
28625,r3i1p1f1,2093,05,16,0.0,27.85927,10.899745,2093
28626,r3i1p1f1,2093,05,17,0.0,28.04001,10.025803,2093
28627,r3i1p1f1,2093,05,18,0.0,27.969545,9.153977,2093
28628,r3i1p1f1,2093,05,19,0.0,27.062826,9.111326,2093
28629,r3i1p1f1,2093,05,20,0.0,29.69243,10.011308,2093
28630,r3i1p1f1,2093,05,21,0.0,29.012962,9.579718,2093
28631,r3i1p1f1,2093,05,22,0.02761265748245712,24.414587,7.860754,2093
28632,r3i1p1f1,2093,05,23,0.07774496428475797,21.089647,4.374946,2093
28633,r3i1p1f1,2093,05,24,0.011161442415675881,23.011475,5.814824,2093
28634,r3i1p1f1,2093,05,25,0.0,28.225315,9.121562,2093
28635,r3i1p1f1,2093,05,26,0.0,30.915113,11.435877,2093
28636,r3i1p1f1,2093,05,27,0.0,32.4044,13.628897,2093
28637,r3i1p1f1,2093,05,28,0.0,31.867281,12.6845255,2093
28638,r3i1p1f1,2093,05,29,0.0,28.468718,10.599099,2093
28639,r3i1p1f1,2093,05,30,0.0,24.542936,8.370429,2093
28640,r3i1p1f1,2093,05,31,0.0,28.448053,10.014117,2093
28641,r3i1p1f1,2093,06,01,0.0,33.79704,13.882338,2093
28642,r3i1p1f1,2093,06,02,0.0,33.82673,17.205397,2093
28643,r3i1p1f1,2093,06,03,0.0,32.54262,15.223205,2093
28644,r3i1p1f1,2093,06,04,0.0,30.809853,13.377672,2093
28645,r3i1p1f1,2093,06,05,0.0,29.071665,11.288475,2093
28646,r3i1p1f1,2093,06,06,0.0,27.389734,11.145973,2093
28647,r3i1p1f1,2093,06,07,0.0,34.06583,14.56896,2093
28648,r3i1p1f1,2093,06,08,0.0,36.9501,17.125116,2093
28649,r3i1p1f1,2093,06,09,0.0,37.022694,16.504524,2093
28650,r3i1p1f1,2093,06,10,0.0,35.532997,16.642279,2093
28651,r3i1p1f1,2093,06,11,0.0,33.38131,15.703106,2093
28652,r3i1p1f1,2093,06,12,0.0,36.016045,16.85716,2093
28653,r3i1p1f1,2093,06,13,0.0,37.579784,18.494694,2093
28654,r3i1p1f1,2093,06,14,0.0,36.493927,17.537485,2093
28655,r3i1p1f1,2093,06,15,0.0,33.318527,15.376917,2093
28656,r3i1p1f1,2093,06,16,0.0,31.68762,15.4819975,2093
28657,r3i1p1f1,2093,06,17,0.0,31.932755,16.077616,2093
28658,r3i1p1f1,2093,06,18,0.0,32.862293,16.498901,2093
28659,r3i1p1f1,2093,06,19,0.0,32.363617,15.34842,2093
28660,r3i1p1f1,2093,06,20,0.0,34.87481,16.226444,2093
28661,r3i1p1f1,2093,06,21,0.0,36.51518,17.15916,2093
28662,r3i1p1f1,2093,06,22,0.0,36.839897,17.708782,2093
28663,r3i1p1f1,2093,06,23,0.0,36.784466,17.4938,2093
28664,r3i1p1f1,2093,06,24,0.0,35.530273,16.291887,2093
28665,r3i1p1f1,2093,06,25,0.0,33.596725,16.059866,2093
28666,r3i1p1f1,2093,06,26,0.0,37.606075,18.363605,2093
28667,r3i1p1f1,2093,06,27,0.0,40.238533,20.251633,2093
28668,r3i1p1f1,2093,06,28,0.0,40.953556,21.494669,2093
28669,r3i1p1f1,2093,06,29,0.7342821439764133,40.292637,22.21887,2093
28670,r3i1p1f1,2093,06,30,0.39999651624715293,39.544895,21.918842,2093
28671,r3i1p1f1,2093,07,01,0.00219387256286361,40.51804,20.914293,2093
28672,r3i1p1f1,2093,07,02,0.0036095376267577662,39.906673,21.69649,2093
28673,r3i1p1f1,2093,07,03,0.0,38.64352,19.00827,2093
28674,r3i1p1f1,2093,07,04,0.0,36.684845,18.874395,2093
28675,r3i1p1f1,2093,07,05,0.0,39.374374,19.396402,2093
28676,r3i1p1f1,2093,07,06,0.0007315023773998926,38.96633,21.00368,2093
28677,r3i1p1f1,2093,07,07,0.5448181591567515,37.055958,21.941235,2093
28678,r3i1p1f1,2093,07,08,0.38178322067710035,38.185543,21.007675,2093
28679,r3i1p1f1,2093,07,09,0.38132596850063594,38.750607,21.465673,2093
28680,r3i1p1f1,2093,07,10,0.0,39.179638,21.695255,2093
28681,r3i1p1f1,2093,07,11,0.0,39.414585,21.386168,2093
28682,r3i1p1f1,2093,07,12,0.0,39.174576,21.46559,2093
28683,r3i1p1f1,2093,07,13,0.0,37.772133,19.519884,2093
28684,r3i1p1f1,2093,07,14,0.0,35.6378,18.771294,2093
28685,r3i1p1f1,2093,07,15,0.0,37.494663,18.178192,2093
28686,r3i1p1f1,2093,07,16,0.0,38.949413,20.20333,2093
28687,r3i1p1f1,2093,07,17,0.6059115435081449,38.5359,21.592152,2093
28688,r3i1p1f1,2093,07,18,1.504372441554689,37.704453,21.968351,2093
28689,r3i1p1f1,2093,07,19,3.8364180137410364,36.816036,21.12253,2093
28690,r3i1p1f1,2093,07,20,0.3913189670614277,37.568806,20.475863,2093
28691,r3i1p1f1,2093,07,21,0.0,37.59634,21.12421,2093
28692,r3i1p1f1,2093,07,22,0.0,36.708233,19.770622,2093
28693,r3i1p1f1,2093,07,23,0.0,35.18132,18.65346,2093
28694,r3i1p1f1,2093,07,24,0.0,37.38149,20.316793,2093
28695,r3i1p1f1,2093,07,25,0.0004938006697391921,38.88694,22.397532,2093
28696,r3i1p1f1,2093,07,26,0.0,37.32467,22.514442,2093
28697,r3i1p1f1,2093,07,27,0.0,36.66875,20.178118,2093
28698,r3i1p1f1,2093,07,28,0.0,36.62791,19.801332,2093
28699,r3i1p1f1,2093,07,29,0.0009275257418101484,37.605564,20.64668,2093
28700,r3i1p1f1,2093,07,30,0.00027339750279982883,37.423428,20.319231,2093
28701,r3i1p1f1,2093,07,31,0.009485984425709554,37.040672,20.1097,2093
28702,r3i1p1f1,2093,08,01,0.024153190209868957,36.06478,20.01547,2093
28703,r3i1p1f1,2093,08,02,0.5734623902720738,37.35446,20.545317,2093
28704,r3i1p1f1,2093,08,03,0.37358703847558267,37.589462,21.261171,2093
28705,r3i1p1f1,2093,08,04,0.7892605343929036,37.680042,21.964794,2093
28706,r3i1p1f1,2093,08,05,0.4348324124778931,38.484596,21.721914,2093
28707,r3i1p1f1,2093,08,06,0.49075671655097697,38.42951,22.126297,2093
28708,r3i1p1f1,2093,08,07,4.001851646394519,36.137012,20.492737,2093
28709,r3i1p1f1,2093,08,08,2.9284058324595788,33.44728,20.206203,2093
28710,r3i1p1f1,2093,08,09,0.13381459199026172,36.47971,20.52034,2093
28711,r3i1p1f1,2093,08,10,0.814974892736328,36.792213,21.49006,2093
28712,r3i1p1f1,2093,08,11,0.9794203421474914,34.988735,20.367094,2093
28713,r3i1p1f1,2093,08,12,0.0,34.458527,19.50234,2093
28714,r3i1p1f1,2093,08,13,0.0,33.602898,18.130838,2093
28715,r3i1p1f1,2093,08,14,0.0,30.251652,16.149706,2093
28716,r3i1p1f1,2093,08,15,0.0,29.613276,16.352402,2093
28717,r3i1p1f1,2093,08,16,0.0,29.687622,16.426855,2093
28718,r3i1p1f1,2093,08,17,0.002340503657857577,32.738533,16.413942,2093
28719,r3i1p1f1,2093,08,18,0.0,34.302876,17.513819,2093
28720,r3i1p1f1,2093,08,19,0.0,35.27222,18.271755,2093
28721,r3i1p1f1,2093,08,20,0.0,36.300396,17.836662,2093
28722,r3i1p1f1,2093,08,21,0.0,36.450134,18.179895,2093
28723,r3i1p1f1,2093,08,22,0.0,36.031357,18.02201,2093
28724,r3i1p1f1,2093,08,23,0.0,36.465347,18.766817,2093
28725,r3i1p1f1,2093,08,24,0.0,36.755962,19.766474,2093
28726,r3i1p1f1,2093,08,25,0.0,37.135082,19.35748,2093
28727,r3i1p1f1,2093,08,26,0.0,36.9538,18.853697,2093
28728,r3i1p1f1,2093,08,27,0.0,38.788803,19.947208,2093
28729,r3i1p1f1,2093,08,28,0.002030458188418186,38.649372,20.194975,2093
28730,r3i1p1f1,2093,08,29,0.014931080778214064,37.14866,19.647146,2093
28731,r3i1p1f1,2093,08,30,0.0,35.459953,17.861345,2093
28732,r3i1p1f1,2093,08,31,0.0,36.305035,16.875246,2093
28733,r3i1p1f1,2093,09,01,0.0,36.480667,19.509644,2093
28734,r3i1p1f1,2093,09,02,0.0,36.86596,19.459375,2093
28735,r3i1p1f1,2093,09,03,0.0021779508979031534,37.32611,20.63595,2093
28736,r3i1p1f1,2093,09,04,1.7114916471313557,36.085102,21.597504,2093
28737,r3i1p1f1,2093,09,05,0.0,35.828014,18.864931,2093
28738,r3i1p1f1,2093,09,06,0.09072119154910924,35.84397,19.409845,2093
28739,r3i1p1f1,2093,09,07,0.22948831793848623,32.474724,18.5722,2093
28740,r3i1p1f1,2093,09,08,1.1839714978652245,32.751247,18.287914,2093
28741,r3i1p1f1,2093,09,09,0.0002736145468202956,33.738396,17.36152,2093
28742,r3i1p1f1,2093,09,10,0.0012403873331619031,34.971165,18.16892,2093
28743,r3i1p1f1,2093,09,11,0.011638850793877447,34.429726,18.069475,2093
28744,r3i1p1f1,2093,09,12,0.0,33.261166,17.440748,2093
28745,r3i1p1f1,2093,09,13,0.0013004094415174966,33.47446,16.994652,2093
28746,r3i1p1f1,2093,09,14,0.025675750573899484,33.680542,16.626734,2093
28747,r3i1p1f1,2093,09,15,0.23394573599833882,31.681818,15.332839,2093
28748,r3i1p1f1,2093,09,16,0.00035005488439999294,28.615326,12.904427,2093
28749,r3i1p1f1,2093,09,17,0.0,28.714518,12.544791,2093
28750,r3i1p1f1,2093,09,18,0.5816772539037629,31.596785,18.536118,2093
28751,r3i1p1f1,2093,09,19,0.4570466652179069,31.622011,17.61581,2093
28752,r3i1p1f1,2093,09,20,3.91639458500184,33.004604,19.4838,2093
28753,r3i1p1f1,2093,09,21,0.21389554279625317,28.37614,15.027108,2093
28754,r3i1p1f1,2093,09,22,0.0,28.821556,14.391762,2093
28755,r3i1p1f1,2093,09,23,0.0,32.907894,16.569992,2093
28756,r3i1p1f1,2093,09,24,0.0,36.271904,19.315998,2093
28757,r3i1p1f1,2093,09,25,0.0,36.038666,20.288292,2093
28758,r3i1p1f1,2093,09,26,0.0,34.91569,18.105867,2093
28759,r3i1p1f1,2093,09,27,0.00895557808689773,34.23463,17.830772,2093
28760,r3i1p1f1,2093,09,28,0.0,34.15707,17.184256,2093
28761,r3i1p1f1,2093,09,29,0.0,32.67637,16.718634,2093
28762,r3i1p1f1,2093,09,30,0.0,29.490236,14.7914505,2093
28763,r3i1p1f1,2093,10,01,0.0,27.31523,13.745048,2093
28764,r3i1p1f1,2093,10,02,0.0,29.221037,13.234457,2093
28765,r3i1p1f1,2093,10,03,0.0,33.05485,15.814432,2093
28766,r3i1p1f1,2093,10,04,0.0,35.607708,17.628849,2093
28767,r3i1p1f1,2093,10,05,0.0,37.07818,19.225485,2093
28768,r3i1p1f1,2093,10,06,0.0,36.572037,19.499662,2093
28769,r3i1p1f1,2093,10,07,0.0,35.194958,18.22893,2093
28770,r3i1p1f1,2093,10,08,0.0,29.49504,13.038862,2093
28771,r3i1p1f1,2093,10,09,0.0,29.802753,13.295886,2093
28772,r3i1p1f1,2093,10,10,0.0,32.709396,15.593571,2093
28773,r3i1p1f1,2093,10,11,0.0,34.08938,17.236416,2093
28774,r3i1p1f1,2093,10,12,0.0,34.826347,18.108189,2093
28775,r3i1p1f1,2093,10,13,0.0,34.22991,16.950428,2093
28776,r3i1p1f1,2093,10,14,0.0,34.676857,16.848192,2093
28777,r3i1p1f1,2093,10,15,0.0,33.48649,16.6151,2093
28778,r3i1p1f1,2093,10,16,0.0,31.537643,15.166059,2093
28779,r3i1p1f1,2093,10,17,0.0,29.716688,12.9453335,2093
28780,r3i1p1f1,2093,10,18,0.0,27.27586,10.923155,2093
28781,r3i1p1f1,2093,10,19,0.0,23.450485,9.430012,2093
28782,r3i1p1f1,2093,10,20,0.0,20.292406,7.3806477,2093
28783,r3i1p1f1,2093,10,21,0.0,22.53273,7.0990644,2093
28784,r3i1p1f1,2093,10,22,0.0,26.069693,9.258162,2093
28785,r3i1p1f1,2093,10,23,0.0,27.119514,10.616801,2093
28786,r3i1p1f1,2093,10,24,0.0,27.522234,11.445979,2093
28787,r3i1p1f1,2093,10,25,0.0,27.176477,10.306905,2093
28788,r3i1p1f1,2093,10,26,0.0,25.998356,9.61723,2093
28789,r3i1p1f1,2093,10,27,0.0,23.826607,8.498079,2093
28790,r3i1p1f1,2093,10,28,0.0,19.217571,5.797818,2093
28791,r3i1p1f1,2093,10,29,0.0,22.49814,5.7465906,2093
28792,r3i1p1f1,2093,10,30,0.0,22.748495,7.406759,2093
28793,r3i1p1f1,2093,10,31,0.0,26.269255,10.648421,2093
28794,r3i1p1f1,2093,11,01,0.0,29.059492,10.2393675,2093
28795,r3i1p1f1,2093,11,02,0.0,29.759228,12.401089,2093
28796,r3i1p1f1,2093,11,03,0.0,30.05007,12.679475,2093
28797,r3i1p1f1,2093,11,04,0.0,29.405844,11.607296,2093
28798,r3i1p1f1,2093,11,05,0.0,28.238878,10.692173,2093
28799,r3i1p1f1,2093,11,06,0.0,25.27479,10.989894,2093
28800,r3i1p1f1,2093,11,07,0.0,17.521868,4.4920797,2093
28801,r3i1p1f1,2093,11,08,0.03160127466826728,15.380461,1.3258641,2093
28802,r3i1p1f1,2093,11,09,1.7016760976691854,15.721307,5.653604,2093
28803,r3i1p1f1,2093,11,10,0.0,19.506205,4.122058,2093
28804,r3i1p1f1,2093,11,11,0.0,20.484606,4.1688037,2093
28805,r3i1p1f1,2093,11,12,0.0,21.999954,4.7726307,2093
28806,r3i1p1f1,2093,11,13,0.0,22.71734,6.2274227,2093
28807,r3i1p1f1,2093,11,14,0.0,22.949635,6.8051023,2093
28808,r3i1p1f1,2093,11,15,0.0,21.946156,6.6585827,2093
28809,r3i1p1f1,2093,11,16,0.0,23.146666,6.331143,2093
28810,r3i1p1f1,2093,11,17,0.0,24.203907,7.274088,2093
28811,r3i1p1f1,2093,11,18,0.0,24.959595,7.7851696,2093
28812,r3i1p1f1,2093,11,19,0.0,25.068157,8.416756,2093
28813,r3i1p1f1,2093,11,20,0.0,25.034397,7.387878,2093
28814,r3i1p1f1,2093,11,21,0.0,25.546227,6.9862223,2093
28815,r3i1p1f1,2093,11,22,0.0,22.420383,5.6119633,2093
28816,r3i1p1f1,2093,11,23,3.870201885673038,22.478338,9.407163,2093
28817,r3i1p1f1,2093,11,24,1.1206753532502316,12.365001,3.274048,2093
28818,r3i1p1f1,2093,11,25,0.0,11.879032,-1.2708752,2093
28819,r3i1p1f1,2093,11,26,0.0,14.510264,-0.24243271,2093
28820,r3i1p1f1,2093,11,27,0.0,19.302526,2.7289984,2093
28821,r3i1p1f1,2093,11,28,0.0,19.831947,3.1220217,2093
28822,r3i1p1f1,2093,11,29,0.0,18.559753,2.1464288,2093
28823,r3i1p1f1,2093,11,30,0.0,17.676561,3.8968513,2093
28824,r3i1p1f1,2093,12,01,0.0,19.158434,4.616073,2093
28825,r3i1p1f1,2093,12,02,0.023463487565150543,18.77315,7.0528026,2093
28826,r3i1p1f1,2093,12,03,0.15482678293306945,14.871728,1.3667226,2093
28827,r3i1p1f1,2093,12,04,0.0,13.975478,-0.9477084,2093
28828,r3i1p1f1,2093,12,05,0.0,16.353071,0.99262995,2093
28829,r3i1p1f1,2093,12,06,0.0,17.275707,2.665084,2093
28830,r3i1p1f1,2093,12,07,0.0,19.306067,4.675898,2093
28831,r3i1p1f1,2093,12,08,0.0,20.366747,4.065626,2093
28832,r3i1p1f1,2093,12,09,0.0,20.256493,5.165988,2093
28833,r3i1p1f1,2093,12,10,0.0,20.885221,6.38636,2093
28834,r3i1p1f1,2093,12,11,0.0026622026537855468,20.048788,5.999908,2093
28835,r3i1p1f1,2093,12,12,0.0,17.358154,3.4891624,2093
28836,r3i1p1f1,2093,12,13,0.0,21.239555,3.7943866,2093
28837,r3i1p1f1,2093,12,14,0.0,22.161634,5.777062,2093
28838,r3i1p1f1,2093,12,15,0.0,21.217693,7.1141057,2093
28839,r3i1p1f1,2093,12,16,0.0,18.427675,4.3552017,2093
28840,r3i1p1f1,2093,12,17,0.0,17.751316,1.9935715,2093
28841,r3i1p1f1,2093,12,18,0.0,19.621607,4.961567,2093
28842,r3i1p1f1,2093,12,19,0.0,20.307245,4.872682,2093
28843,r3i1p1f1,2093,12,20,0.0,23.378199,7.714573,2093
28844,r3i1p1f1,2093,12,21,0.02759075385587163,20.611187,7.340233,2093
28845,r3i1p1f1,2093,12,22,0.0012594046871306614,21.367395,5.3775473,2093
28846,r3i1p1f1,2093,12,23,0.006974288178643099,20.737932,4.9135427,2093
28847,r3i1p1f1,2093,12,24,0.005844920568492715,19.24941,4.9692154,2093
28848,r3i1p1f1,2093,12,25,0.0,18.923643,3.3745198,2093
28849,r3i1p1f1,2093,12,26,2.7255090402821116,17.676159,2.7643948,2093
28850,r3i1p1f1,2093,12,27,21.347135821720947,12.1570215,4.9530697,2093
28851,r3i1p1f1,2093,12,28,0.008031963970455708,13.737193,0.9777484,2093
28852,r3i1p1f1,2093,12,29,0.0,16.72051,3.2769365,2093
28853,r3i1p1f1,2093,12,30,0.0,18.835423,4.7817926,2093
28854,r3i1p1f1,2093,12,31,0.0,19.407715,5.394794,2093
28855,r3i1p1f1,2094,01,01,0.0,19.236227,5.95699,2094
28856,r3i1p1f1,2094,01,02,0.0,20.497103,5.8591814,2094
28857,r3i1p1f1,2094,01,03,0.0,19.080313,7.0940967,2094
28858,r3i1p1f1,2094,01,04,0.044925007250364586,16.189585,5.246117,2094
28859,r3i1p1f1,2094,01,05,0.0,18.205732,5.759676,2094
28860,r3i1p1f1,2094,01,06,0.0,21.019342,6.3989496,2094
28861,r3i1p1f1,2094,01,07,0.0,22.698944,6.8409467,2094
28862,r3i1p1f1,2094,01,08,0.0,22.369514,6.649242,2094
28863,r3i1p1f1,2094,01,09,0.0034822424817265887,23.0704,7.6276927,2094
28864,r3i1p1f1,2094,01,10,2.4764879493311516,21.657787,8.254859,2094
28865,r3i1p1f1,2094,01,11,8.997693498103851,17.761719,8.878504,2094
28866,r3i1p1f1,2094,01,12,23.80195637722147,17.538397,9.792876,2094
28867,r3i1p1f1,2094,01,13,5.397186140977407,15.826356,6.791108,2094
28868,r3i1p1f1,2094,01,14,1.4755872072209693,15.784371,5.4065747,2094
28869,r3i1p1f1,2094,01,15,0.023641983862034976,13.8116455,4.1271563,2094
28870,r3i1p1f1,2094,01,16,0.10429414574790632,13.465023,0.47330445,2094
28871,r3i1p1f1,2094,01,17,4.652215210953727,12.155831,2.9890258,2094
28872,r3i1p1f1,2094,01,18,0.0,12.622589,0.31043854,2094
28873,r3i1p1f1,2094,01,19,0.0,13.450743,-0.039428353,2094
28874,r3i1p1f1,2094,01,20,0.08546950354629547,12.617184,2.4258559,2094
28875,r3i1p1f1,2094,01,21,0.0,12.081095,-0.20582047,2094
28876,r3i1p1f1,2094,01,22,0.0,12.923368,-0.05645386,2094
28877,r3i1p1f1,2094,01,23,0.0,13.620283,0.42082915,2094
28878,r3i1p1f1,2094,01,24,0.0,14.936635,0.8961243,2094
28879,r3i1p1f1,2094,01,25,0.0,16.578354,1.5544602,2094
28880,r3i1p1f1,2094,01,26,0.0,17.056778,3.0487106,2094
28881,r3i1p1f1,2094,01,27,9.844108972527355,15.423916,6.186581,2094
28882,r3i1p1f1,2094,01,28,6.448469929908959,10.406406,4.2971044,2094
28883,r3i1p1f1,2094,01,29,0.0,12.724513,0.779482,2094
28884,r3i1p1f1,2094,01,30,0.0,17.391012,3.298866,2094
28885,r3i1p1f1,2094,01,31,0.0,18.087202,4.675918,2094
28886,r3i1p1f1,2094,02,01,0.0,18.66183,6.16925,2094
28887,r3i1p1f1,2094,02,02,0.0,21.872225,7.855732,2094
28888,r3i1p1f1,2094,02,03,0.0,21.376057,8.199481,2094
28889,r3i1p1f1,2094,02,04,0.05157660764366896,20.606092,7.7326555,2094
28890,r3i1p1f1,2094,02,05,0.0,19.80464,5.407302,2094
28891,r3i1p1f1,2094,02,06,0.0,18.980356,5.099507,2094
28892,r3i1p1f1,2094,02,07,11.777629860391079,18.470676,8.349721,2094
28893,r3i1p1f1,2094,02,08,37.56055577686339,16.493595,8.529319,2094
28894,r3i1p1f1,2094,02,09,29.20051100836847,16.835121,10.208386,2094
28895,r3i1p1f1,2094,02,10,22.930064802528772,17.957829,9.906777,2094
28896,r3i1p1f1,2094,02,11,0.00312452176083091,15.84721,3.9466097,2094
28897,r3i1p1f1,2094,02,12,0.002691441173241897,10.822649,-0.38562354,2094
28898,r3i1p1f1,2094,02,13,0.0,11.353944,-1.4993875,2094
28899,r3i1p1f1,2094,02,14,0.0,15.639899,0.5570307,2094
28900,r3i1p1f1,2094,02,15,0.0,17.487698,2.9359844,2094
28901,r3i1p1f1,2094,02,16,0.0,19.252321,4.856236,2094
28902,r3i1p1f1,2094,02,17,0.0,19.189545,5.676884,2094
28903,r3i1p1f1,2094,02,18,0.0,18.485235,4.9061966,2094
28904,r3i1p1f1,2094,02,19,0.0,21.103876,6.5411434,2094
28905,r3i1p1f1,2094,02,20,0.0,20.596252,8.360731,2094
28906,r3i1p1f1,2094,02,21,0.011574596529967632,21.101793,6.6505136,2094
28907,r3i1p1f1,2094,02,22,0.0,21.135084,9.191865,2094
28908,r3i1p1f1,2094,02,23,0.001546635546467521,23.019487,9.041996,2094
28909,r3i1p1f1,2094,02,24,0.0,23.403357,8.560646,2094
28910,r3i1p1f1,2094,02,25,0.0,22.496233,8.102063,2094
28911,r3i1p1f1,2094,02,26,0.017108529640553927,23.656542,8.584008,2094
28912,r3i1p1f1,2094,02,27,4.221627447974849,23.349503,8.39723,2094
28913,r3i1p1f1,2094,02,28,17.576647269060867,15.68569,7.975384,2094
28914,r3i1p1f1,2094,03,01,7.406737146922034,11.7854185,3.8784668,2094
28915,r3i1p1f1,2094,03,02,0.19198535683134457,14.095614,4.259155,2094
28916,r3i1p1f1,2094,03,03,2.20506799000208,14.604961,3.404688,2094
28917,r3i1p1f1,2094,03,04,26.280804583344214,13.1020355,6.895372,2094
28918,r3i1p1f1,2094,03,05,11.54970287784994,12.537354,4.709481,2094
28919,r3i1p1f1,2094,03,06,1.93698778602938,13.982567,3.0895903,2094
28920,r3i1p1f1,2094,03,07,0.2276352891843117,16.304438,3.0729682,2094
28921,r3i1p1f1,2094,03,08,0.007978996830829463,17.388609,2.9908214,2094
28922,r3i1p1f1,2094,03,09,0.0,17.667147,3.359779,2094
28923,r3i1p1f1,2094,03,10,0.05184260708505683,17.883488,4.636749,2094
28924,r3i1p1f1,2094,03,11,0.07891687440557386,17.845894,4.527933,2094
28925,r3i1p1f1,2094,03,12,0.0003097756328343442,19.777605,3.8195348,2094
28926,r3i1p1f1,2094,03,13,0.20363556241411998,18.58469,7.842319,2094
28927,r3i1p1f1,2094,03,14,2.6267437542341985,15.804198,6.5776873,2094
28928,r3i1p1f1,2094,03,15,1.559979472671826,17.179722,3.8798444,2094
28929,r3i1p1f1,2094,03,16,0.40568261084772395,18.55285,4.1221027,2094
28930,r3i1p1f1,2094,03,17,10.08384199978812,17.007446,7.498108,2094
28931,r3i1p1f1,2094,03,18,15.49020348928576,16.282606,7.5646534,2094
28932,r3i1p1f1,2094,03,19,2.778949706832712,16.513838,5.0618,2094
28933,r3i1p1f1,2094,03,20,5.568664311255788,15.449594,5.9867516,2094
28934,r3i1p1f1,2094,03,21,2.8785943064408595,15.779025,5.017516,2094
28935,r3i1p1f1,2094,03,22,1.3285086932096006,16.36876,5.260943,2094
28936,r3i1p1f1,2094,03,23,0.7623282242380038,15.707451,5.254701,2094
28937,r3i1p1f1,2094,03,24,15.311047584224125,13.812095,5.8951616,2094
28938,r3i1p1f1,2094,03,25,5.062224763914304,13.15998,3.258698,2094
28939,r3i1p1f1,2094,03,26,0.3993360278686988,15.659714,0.853246,2094
28940,r3i1p1f1,2094,03,27,5.405159886963013,14.952841,4.1526594,2094
28941,r3i1p1f1,2094,03,28,0.621876339740111,17.85856,5.935044,2094
28942,r3i1p1f1,2094,03,29,20.630186533936385,17.337822,7.730593,2094
28943,r3i1p1f1,2094,03,30,4.826227667713696,16.621006,6.0776258,2094
28944,r3i1p1f1,2094,03,31,0.5039042322864657,18.423029,5.1870728,2094
28945,r3i1p1f1,2094,04,01,13.469979247545945,17.53182,7.5372868,2094
28946,r3i1p1f1,2094,04,02,0.5169021368915723,18.851776,6.481828,2094
28947,r3i1p1f1,2094,04,03,0.052811953624548165,19.490011,4.6064363,2094
28948,r3i1p1f1,2094,04,04,3.7226308389540805,17.309126,6.956157,2094
28949,r3i1p1f1,2094,04,05,10.23451488649836,17.321638,6.725284,2094
28950,r3i1p1f1,2094,04,06,0.1895165406663044,18.614676,5.635448,2094
28951,r3i1p1f1,2094,04,07,2.4491917170719546,15.437647,5.9271975,2094
28952,r3i1p1f1,2094,04,08,0.3533013570510472,15.117305,3.011642,2094
28953,r3i1p1f1,2094,04,09,0.003065719466769334,17.91362,0.7570144,2094
28954,r3i1p1f1,2094,04,10,2.2463213247983456,16.949816,3.9828231,2094
28955,r3i1p1f1,2094,04,11,14.007163335217312,11.0506,3.3859437,2094
28956,r3i1p1f1,2094,04,12,0.022424431967506694,17.115818,1.649187,2094
28957,r3i1p1f1,2094,04,13,0.0,20.924498,4.78767,2094
28958,r3i1p1f1,2094,04,14,1.2470530946528455,19.995365,6.8166866,2094
28959,r3i1p1f1,2094,04,15,29.71161217239128,14.411208,0.7696295,2094
28960,r3i1p1f1,2094,04,16,6.802221114400406,8.659971,0.8698467,2094
28961,r3i1p1f1,2094,04,17,0.359933864592952,12.446822,2.5356236,2094
28962,r3i1p1f1,2094,04,18,0.0,18.6545,4.219237,2094
28963,r3i1p1f1,2094,04,19,0.0,22.47455,6.7063503,2094
28964,r3i1p1f1,2094,04,20,0.0,24.791643,9.042989,2094
28965,r3i1p1f1,2094,04,21,0.0,27.128798,11.252425,2094
28966,r3i1p1f1,2094,04,22,0.0,28.426582,12.728788,2094
28967,r3i1p1f1,2094,04,23,0.0,27.884499,12.779112,2094
28968,r3i1p1f1,2094,04,24,0.0,27.605139,12.770118,2094
28969,r3i1p1f1,2094,04,25,0.0,28.572725,12.043411,2094
28970,r3i1p1f1,2094,04,26,0.010984656328494593,28.046314,12.751274,2094
28971,r3i1p1f1,2094,04,27,0.14470209805233136,25.699547,10.594143,2094
28972,r3i1p1f1,2094,04,28,0.0,24.74651,9.701743,2094
28973,r3i1p1f1,2094,04,29,0.0,24.80591,8.344789,2094
28974,r3i1p1f1,2094,04,30,0.0,26.845129,9.239717,2094
28975,r3i1p1f1,2094,05,01,0.0,29.086634,11.515112,2094
28976,r3i1p1f1,2094,05,02,0.0,30.969261,12.614342,2094
28977,r3i1p1f1,2094,05,03,0.0,30.075064,12.273024,2094
28978,r3i1p1f1,2094,05,04,0.0,28.984203,11.409177,2094
28979,r3i1p1f1,2094,05,05,0.0,26.510454,9.5471735,2094
28980,r3i1p1f1,2094,05,06,0.0,22.647274,9.069099,2094
28981,r3i1p1f1,2094,05,07,0.002070654352957552,22.60358,7.6459384,2094
28982,r3i1p1f1,2094,05,08,0.0,26.10067,9.569589,2094
28983,r3i1p1f1,2094,05,09,0.0,30.604374,11.689588,2094
28984,r3i1p1f1,2094,05,10,0.0,32.23876,13.678287,2094
28985,r3i1p1f1,2094,05,11,0.0,33.89439,14.886906,2094
28986,r3i1p1f1,2094,05,12,0.0,33.446808,15.375872,2094
28987,r3i1p1f1,2094,05,13,0.0,31.58797,14.324605,2094
28988,r3i1p1f1,2094,05,14,0.0,29.512514,12.432374,2094
28989,r3i1p1f1,2094,05,15,0.0,30.688251,12.335168,2094
28990,r3i1p1f1,2094,05,16,0.0,29.946022,12.014004,2094
28991,r3i1p1f1,2094,05,17,0.0,29.822355,11.801723,2094
28992,r3i1p1f1,2094,05,18,0.0,29.388947,11.185514,2094
28993,r3i1p1f1,2094,05,19,5.22910432734589,23.054651,8.508188,2094
28994,r3i1p1f1,2094,05,20,1.1553882092922514,17.794508,5.9701476,2094
28995,r3i1p1f1,2094,05,21,0.0010310191569398298,22.255854,7.7560363,2094
28996,r3i1p1f1,2094,05,22,0.0,27.202143,11.52135,2094
28997,r3i1p1f1,2094,05,23,0.000427258624271913,29.071272,13.175019,2094
28998,r3i1p1f1,2094,05,24,0.0,27.942217,10.413423,2094
28999,r3i1p1f1,2094,05,25,0.0,31.073786,12.240941,2094
29000,r3i1p1f1,2094,05,26,0.0,32.32935,13.915338,2094
29001,r3i1p1f1,2094,05,27,0.0,30.99655,12.825134,2094
29002,r3i1p1f1,2094,05,28,0.0,29.889246,12.418357,2094
29003,r3i1p1f1,2094,05,29,0.0,29.704823,12.27789,2094
29004,r3i1p1f1,2094,05,30,0.0019664292851688733,27.941713,11.636789,2094
29005,r3i1p1f1,2094,05,31,0.0,26.927721,11.256817,2094
29006,r3i1p1f1,2094,06,01,0.0,24.931679,8.684318,2094
29007,r3i1p1f1,2094,06,02,0.0,24.679377,8.782122,2094
29008,r3i1p1f1,2094,06,03,0.0,27.192429,11.085051,2094
29009,r3i1p1f1,2094,06,04,0.0,34.560112,14.9115,2094
29010,r3i1p1f1,2094,06,05,0.0,38.29641,17.60483,2094
29011,r3i1p1f1,2094,06,06,0.010054513466346896,36.21211,20.149162,2094
29012,r3i1p1f1,2094,06,07,0.9973993165245205,33.75513,18.76177,2094
29013,r3i1p1f1,2094,06,08,0.36043834314940876,32.659306,15.020141,2094
29014,r3i1p1f1,2094,06,09,0.3446346450117276,31.90477,13.715722,2094
29015,r3i1p1f1,2094,06,10,0.007867181751256188,31.936602,15.066376,2094
29016,r3i1p1f1,2094,06,11,0.039128995933534694,27.986753,12.2542305,2094
29017,r3i1p1f1,2094,06,12,0.0003416223493828015,25.741909,10.3763075,2094
29018,r3i1p1f1,2094,06,13,0.06578982827980354,26.066137,12.230564,2094
29019,r3i1p1f1,2094,06,14,0.008033851345041485,27.572191,11.976764,2094
29020,r3i1p1f1,2094,06,15,0.0,29.014654,14.041574,2094
29021,r3i1p1f1,2094,06,16,0.0,28.228153,11.223536,2094
29022,r3i1p1f1,2094,06,17,0.0,27.59891,12.492382,2094
29023,r3i1p1f1,2094,06,18,0.0,29.374239,12.174484,2094
29024,r3i1p1f1,2094,06,19,0.0,31.919207,13.699136,2094
29025,r3i1p1f1,2094,06,20,0.0,34.564007,15.379577,2094
29026,r3i1p1f1,2094,06,21,0.0,32.996056,16.871267,2094
29027,r3i1p1f1,2094,06,22,0.07903720603832026,32.481544,16.812452,2094
29028,r3i1p1f1,2094,06,23,0.4225588306012055,32.13991,16.535555,2094
29029,r3i1p1f1,2094,06,24,0.21974015704913516,28.853462,12.130199,2094
29030,r3i1p1f1,2094,06,25,0.003696445897786003,28.284243,12.003158,2094
29031,r3i1p1f1,2094,06,26,6.362545801411298e-05,30.272896,13.211245,2094
29032,r3i1p1f1,2094,06,27,0.0,30.671879,13.678755,2094
29033,r3i1p1f1,2094,06,28,0.0,30.346539,13.7393465,2094
29034,r3i1p1f1,2094,06,29,0.0,32.061863,14.580241,2094
29035,r3i1p1f1,2094,06,30,0.003383624633980534,31.891182,15.6820755,2094
29036,r3i1p1f1,2094,07,01,13.190030440001106,31.554811,15.755327,2094
29037,r3i1p1f1,2094,07,02,5.761191308607302,34.07728,20.021551,2094
29038,r3i1p1f1,2094,07,03,0.0,32.741497,16.136618,2094
29039,r3i1p1f1,2094,07,04,0.0,33.639473,16.2082,2094
29040,r3i1p1f1,2094,07,05,0.0,34.643562,16.982187,2094
29041,r3i1p1f1,2094,07,06,0.0,35.404186,18.576591,2094
29042,r3i1p1f1,2094,07,07,0.310742320434656,35.03037,18.562366,2094
29043,r3i1p1f1,2094,07,08,0.008144572339281722,35.690063,18.71584,2094
29044,r3i1p1f1,2094,07,09,1.01650902540617,35.27694,18.498356,2094
29045,r3i1p1f1,2094,07,10,0.00027433949677894515,33.688084,18.1503,2094
29046,r3i1p1f1,2094,07,11,0.0,36.585693,20.282383,2094
29047,r3i1p1f1,2094,07,12,0.0,39.223454,20.983572,2094
29048,r3i1p1f1,2094,07,13,0.010186892206106815,40.77821,21.96351,2094
29049,r3i1p1f1,2094,07,14,0.5736498029419277,43.181038,23.720045,2094
29050,r3i1p1f1,2094,07,15,0.4488534151768721,42.120293,23.800087,2094
29051,r3i1p1f1,2094,07,16,0.6737069532832582,38.009468,21.726849,2094
29052,r3i1p1f1,2094,07,17,0.34757594878707704,38.14364,22.504925,2094
29053,r3i1p1f1,2094,07,18,0.0,37.500347,21.90574,2094
29054,r3i1p1f1,2094,07,19,0.0,36.940643,20.57104,2094
29055,r3i1p1f1,2094,07,20,0.0,37.170986,20.509134,2094
29056,r3i1p1f1,2094,07,21,0.0,39.07434,21.00365,2094
29057,r3i1p1f1,2094,07,22,0.5774035873852854,38.860455,22.2379,2094
29058,r3i1p1f1,2094,07,23,7.087189728388859,35.789726,19.829254,2094
29059,r3i1p1f1,2094,07,24,0.0,35.027542,19.118696,2094
29060,r3i1p1f1,2094,07,25,1.441457043322523,36.856743,21.18878,2094
29061,r3i1p1f1,2094,07,26,2.434694463707715,36.665527,21.854662,2094
29062,r3i1p1f1,2094,07,27,0.002355227373879064,36.80008,20.455921,2094
29063,r3i1p1f1,2094,07,28,0.0,39.692425,23.047792,2094
29064,r3i1p1f1,2094,07,29,0.04638396245850758,41.10432,23.885897,2094
29065,r3i1p1f1,2094,07,30,0.6948034781750969,40.458675,23.44032,2094
29066,r3i1p1f1,2094,07,31,5.416300319881305,38.789707,23.15439,2094
29067,r3i1p1f1,2094,08,01,0.41125638023720856,38.490673,23.287308,2094
29068,r3i1p1f1,2094,08,02,0.003187277946959842,38.97771,22.957277,2094
29069,r3i1p1f1,2094,08,03,0.0,39.91432,22.909334,2094
29070,r3i1p1f1,2094,08,04,0.11627986766115735,39.953865,22.87281,2094
29071,r3i1p1f1,2094,08,05,3.033935305457183,38.56854,22.31169,2094
29072,r3i1p1f1,2094,08,06,3.292977688532009,38.34487,24.13228,2094
29073,r3i1p1f1,2094,08,07,0.17464113313701202,39.35147,23.982502,2094
29074,r3i1p1f1,2094,08,08,0.039733283796742784,40.40366,23.480024,2094
29075,r3i1p1f1,2094,08,09,0.0,40.832253,23.50444,2094
29076,r3i1p1f1,2094,08,10,0.07791711250320077,40.3624,23.338425,2094
29077,r3i1p1f1,2094,08,11,0.0,40.16134,22.051764,2094
29078,r3i1p1f1,2094,08,12,0.1740494760804612,38.795334,22.703331,2094
29079,r3i1p1f1,2094,08,13,0.16930385042073656,37.740856,21.284758,2094
29080,r3i1p1f1,2094,08,14,0.0,37.618652,20.11951,2094
29081,r3i1p1f1,2094,08,15,0.0,37.170425,20.732933,2094
29082,r3i1p1f1,2094,08,16,0.0,36.27821,20.965351,2094
29083,r3i1p1f1,2094,08,17,0.0,36.35796,19.189447,2094
29084,r3i1p1f1,2094,08,18,0.0,36.84086,19.046001,2094
29085,r3i1p1f1,2094,08,19,0.0,35.74993,18.2456,2094
29086,r3i1p1f1,2094,08,20,0.19194844388755772,33.223457,17.124146,2094
29087,r3i1p1f1,2094,08,21,0.00010742940834130754,32.654354,17.27471,2094
29088,r3i1p1f1,2094,08,22,0.0,29.658611,16.337353,2094
29089,r3i1p1f1,2094,08,23,1.830485910216918,30.680605,16.971472,2094
29090,r3i1p1f1,2094,08,24,1.963794046371759,31.057772,17.313776,2094
29091,r3i1p1f1,2094,08,25,1.3769157263086147,31.47276,17.819714,2094
29092,r3i1p1f1,2094,08,26,0.555372287373316,32.38097,17.769487,2094
29093,r3i1p1f1,2094,08,27,0.2510328611595359,32.462666,17.867002,2094
29094,r3i1p1f1,2094,08,28,0.0,31.831423,17.984066,2094
29095,r3i1p1f1,2094,08,29,0.0,31.756887,15.665951,2094
29096,r3i1p1f1,2094,08,30,0.0,31.267874,19.52291,2094
29097,r3i1p1f1,2094,08,31,0.001615056147178014,32.924267,16.650625,2094
29098,r3i1p1f1,2094,09,01,0.0,33.24005,18.378363,2094
29099,r3i1p1f1,2094,09,02,0.0,35.173813,19.629707,2094
29100,r3i1p1f1,2094,09,03,0.0,36.111763,19.130934,2094
29101,r3i1p1f1,2094,09,04,0.0,35.155952,19.194826,2094
29102,r3i1p1f1,2094,09,05,0.0,33.71533,19.343494,2094
29103,r3i1p1f1,2094,09,06,0.0,34.110664,19.422993,2094
29104,r3i1p1f1,2094,09,07,0.0,35.702812,20.461819,2094
29105,r3i1p1f1,2094,09,08,0.0,36.24332,20.557402,2094
29106,r3i1p1f1,2094,09,09,0.0,36.555573,20.778433,2094
29107,r3i1p1f1,2094,09,10,0.0,36.565044,20.517776,2094
29108,r3i1p1f1,2094,09,11,0.0,35.617012,20.646248,2094
29109,r3i1p1f1,2094,09,12,0.0,34.744858,20.018,2094
29110,r3i1p1f1,2094,09,13,0.0,29.271662,15.77996,2094
29111,r3i1p1f1,2094,09,14,0.0,26.266224,11.439603,2094
29112,r3i1p1f1,2094,09,15,0.0,26.790667,11.38185,2094
29113,r3i1p1f1,2094,09,16,0.0,31.072811,14.261025,2094
29114,r3i1p1f1,2094,09,17,0.0,34.447662,16.597652,2094
29115,r3i1p1f1,2094,09,18,0.0,36.097427,17.861382,2094
29116,r3i1p1f1,2094,09,19,0.0,37.427586,18.61119,2094
29117,r3i1p1f1,2094,09,20,0.0,38.14803,19.830812,2094
29118,r3i1p1f1,2094,09,21,0.0,36.93876,19.600231,2094
29119,r3i1p1f1,2094,09,22,0.0,35.497944,19.195059,2094
29120,r3i1p1f1,2094,09,23,0.0,33.29169,16.602173,2094
29121,r3i1p1f1,2094,09,24,0.0,30.802988,17.5594,2094
29122,r3i1p1f1,2094,09,25,0.08397960616672538,28.708324,15.520613,2094
29123,r3i1p1f1,2094,09,26,0.0,32.468575,15.677248,2094
29124,r3i1p1f1,2094,09,27,0.022608784949459896,31.181002,16.339272,2094
29125,r3i1p1f1,2094,09,28,0.0005233310388796257,27.631437,15.456345,2094
29126,r3i1p1f1,2094,09,29,0.0,29.45309,12.531821,2094
29127,r3i1p1f1,2094,09,30,0.0,32.389072,14.58813,2094
29128,r3i1p1f1,2094,10,01,0.0,33.23946,15.519189,2094
29129,r3i1p1f1,2094,10,02,0.0,32.857273,15.349925,2094
29130,r3i1p1f1,2094,10,03,0.0,31.59181,13.321809,2094
29131,r3i1p1f1,2094,10,04,0.5014930203535848,24.21531,10.710479,2094
29132,r3i1p1f1,2094,10,05,0.0,20.548496,4.8604364,2094
29133,r3i1p1f1,2094,10,06,0.0,23.204216,7.6180553,2094
29134,r3i1p1f1,2094,10,07,0.0,25.106556,8.51818,2094
29135,r3i1p1f1,2094,10,08,0.0,25.571903,9.071033,2094
29136,r3i1p1f1,2094,10,09,0.0,26.079638,9.19727,2094
29137,r3i1p1f1,2094,10,10,0.0,24.463234,7.9336724,2094
29138,r3i1p1f1,2094,10,11,0.0,23.438078,7.1989655,2094
29139,r3i1p1f1,2094,10,12,0.0,23.972054,7.348682,2094
29140,r3i1p1f1,2094,10,13,0.0,25.02847,8.121711,2094
29141,r3i1p1f1,2094,10,14,0.0,27.989187,11.162555,2094
29142,r3i1p1f1,2094,10,15,0.0,28.672665,11.874209,2094
29143,r3i1p1f1,2094,10,16,0.0,27.770823,10.33525,2094
29144,r3i1p1f1,2094,10,17,0.0,28.365705,10.689981,2094
29145,r3i1p1f1,2094,10,18,0.0,30.348618,11.479576,2094
29146,r3i1p1f1,2094,10,19,0.0,31.085526,12.054274,2094
29147,r3i1p1f1,2094,10,20,0.1344623923377543,29.721598,15.916653,2094
29148,r3i1p1f1,2094,10,21,17.683329857995197,30.145157,17.208025,2094
29149,r3i1p1f1,2094,10,22,0.27428992597957735,26.125685,12.891718,2094
29150,r3i1p1f1,2094,10,23,0.03071351904619598,28.371363,14.494049,2094
29151,r3i1p1f1,2094,10,24,1.6498745006714617,29.929665,16.980782,2094
29152,r3i1p1f1,2094,10,25,12.481027843670716,27.652113,15.098197,2094
29153,r3i1p1f1,2094,10,26,0.035828243302548246,19.344595,7.2844653,2094
29154,r3i1p1f1,2094,10,27,0.0,18.379917,6.5547657,2094
29155,r3i1p1f1,2094,10,28,0.0,19.678997,5.9240866,2094
29156,r3i1p1f1,2094,10,29,0.0,22.153246,7.642866,2094
29157,r3i1p1f1,2094,10,30,0.0,25.542402,10.081485,2094
29158,r3i1p1f1,2094,10,31,0.0,26.50231,11.769574,2094
29159,r3i1p1f1,2094,11,01,0.0,27.849335,12.313472,2094
29160,r3i1p1f1,2094,11,02,0.0,27.589243,12.202753,2094
29161,r3i1p1f1,2094,11,03,0.0,29.04659,12.891646,2094
29162,r3i1p1f1,2094,11,04,0.0,27.353407,13.02211,2094
29163,r3i1p1f1,2094,11,05,0.20610214171580138,19.742365,7.731234,2094
29164,r3i1p1f1,2094,11,06,0.0,18.822063,5.326844,2094
29165,r3i1p1f1,2094,11,07,0.0,21.562574,6.243513,2094
29166,r3i1p1f1,2094,11,08,0.0,21.615362,6.5357914,2094
29167,r3i1p1f1,2094,11,09,0.0,23.861069,6.889611,2094
29168,r3i1p1f1,2094,11,10,0.0,23.908575,7.238695,2094
29169,r3i1p1f1,2094,11,11,0.0,25.064398,7.48913,2094
29170,r3i1p1f1,2094,11,12,0.0,23.337135,8.429187,2094
29171,r3i1p1f1,2094,11,13,0.0,26.382084,7.962451,2094
29172,r3i1p1f1,2094,11,14,0.0,24.176674,9.803956,2094
29173,r3i1p1f1,2094,11,15,0.0,21.116026,5.6989655,2094
29174,r3i1p1f1,2094,11,16,0.0,20.118504,4.8695345,2094
29175,r3i1p1f1,2094,11,17,0.0,18.89329,3.1532068,2094
29176,r3i1p1f1,2094,11,18,0.0,18.720415,2.3884668,2094
29177,r3i1p1f1,2094,11,19,0.0,18.37327,2.5897944,2094
29178,r3i1p1f1,2094,11,20,0.0,18.751253,2.3497968,2094
29179,r3i1p1f1,2094,11,21,0.0,19.860828,2.6574585,2094
29180,r3i1p1f1,2094,11,22,0.0,18.785324,2.7936118,2094
29181,r3i1p1f1,2094,11,23,0.0,20.093468,3.8717208,2094
29182,r3i1p1f1,2094,11,24,0.0,22.905708,6.3952756,2094
29183,r3i1p1f1,2094,11,25,0.0,23.172829,6.5917506,2094
29184,r3i1p1f1,2094,11,26,0.0,21.964022,4.467525,2094
29185,r3i1p1f1,2094,11,27,0.0,23.97947,7.1667,2094
29186,r3i1p1f1,2094,11,28,0.0,25.464058,8.096325,2094
29187,r3i1p1f1,2094,11,29,0.0,26.571447,8.777048,2094
29188,r3i1p1f1,2094,11,30,0.0,25.695917,7.497669,2094
29189,r3i1p1f1,2094,12,01,0.0,21.532066,8.323739,2094
29190,r3i1p1f1,2094,12,02,0.0,20.891603,6.6210732,2094
29191,r3i1p1f1,2094,12,03,0.0058394180660164266,19.929024,6.200376,2094
29192,r3i1p1f1,2094,12,04,0.0,20.348295,5.1674438,2094
29193,r3i1p1f1,2094,12,05,0.0,20.960865,5.3335323,2094
29194,r3i1p1f1,2094,12,06,0.0,20.864754,4.9006467,2094
29195,r3i1p1f1,2094,12,07,0.0,18.408157,3.8480263,2094
29196,r3i1p1f1,2094,12,08,0.0,17.870914,4.6122746,2094
29197,r3i1p1f1,2094,12,09,0.0,17.413734,1.7772065,2094
29198,r3i1p1f1,2094,12,10,0.0,19.195562,3.7821956,2094
29199,r3i1p1f1,2094,12,11,0.0,21.82316,6.15872,2094
29200,r3i1p1f1,2094,12,12,0.0,21.498837,4.740731,2094
29201,r3i1p1f1,2094,12,13,0.0,22.547934,6.080096,2094
29202,r3i1p1f1,2094,12,14,0.0,22.563366,6.48887,2094
29203,r3i1p1f1,2094,12,15,0.0,23.885508,7.9981728,2094
29204,r3i1p1f1,2094,12,16,0.0,23.880543,6.9641848,2094
29205,r3i1p1f1,2094,12,17,0.0,20.605429,5.2173133,2094
29206,r3i1p1f1,2094,12,18,0.0,16.676798,2.77091,2094
29207,r3i1p1f1,2094,12,19,0.0,19.100248,3.7178824,2094
29208,r3i1p1f1,2094,12,20,0.0,19.86359,4.70016,2094
29209,r3i1p1f1,2094,12,21,0.0,21.373365,5.919293,2094
29210,r3i1p1f1,2094,12,22,0.0,22.425413,7.1895833,2094
29211,r3i1p1f1,2094,12,23,0.0,23.03655,7.9659004,2094
29212,r3i1p1f1,2094,12,24,0.0,22.871626,8.37222,2094
29213,r3i1p1f1,2094,12,25,0.0,21.640772,7.576535,2094
29214,r3i1p1f1,2094,12,26,0.0,23.577694,7.013088,2094
29215,r3i1p1f1,2094,12,27,0.0010272998031613304,21.11788,7.0552864,2094
29216,r3i1p1f1,2094,12,28,5.599883657828218,15.297653,4.8635406,2094
29217,r3i1p1f1,2094,12,29,0.0,15.422068,1.9106126,2094
29218,r3i1p1f1,2094,12,30,0.0,18.948181,3.7987242,2094
29219,r3i1p1f1,2094,12,31,0.30978879839632567,18.019482,3.811427,2094
29220,r3i1p1f1,2095,01,01,11.059661273413274,13.377895,5.4173274,2095
29221,r3i1p1f1,2095,01,02,2.3593772292819764,16.107908,6.637712,2095
29222,r3i1p1f1,2095,01,03,0.004225421298267038,18.65437,3.855036,2095
29223,r3i1p1f1,2095,01,04,0.0,17.459507,4.1528463,2095
29224,r3i1p1f1,2095,01,05,4.8111485456832845,15.518459,6.801982,2095
29225,r3i1p1f1,2095,01,06,4.0920048908016975,19.573177,7.9874544,2095
29226,r3i1p1f1,2095,01,07,24.191946992930642,18.724516,11.3023815,2095
29227,r3i1p1f1,2095,01,08,29.151164961627785,16.96541,10.062427,2095
29228,r3i1p1f1,2095,01,09,0.08483471006236483,16.280575,4.6307006,2095
29229,r3i1p1f1,2095,01,10,0.0,16.015001,3.875012,2095
29230,r3i1p1f1,2095,01,11,0.47438797918933534,15.376627,6.1820235,2095
29231,r3i1p1f1,2095,01,12,0.8149587033241198,16.476536,6.6022835,2095
29232,r3i1p1f1,2095,01,13,0.0,18.071342,4.7187495,2095
29233,r3i1p1f1,2095,01,14,0.0,18.675962,5.433088,2095
29234,r3i1p1f1,2095,01,15,0.001789446292505228,20.383738,7.3709264,2095
29235,r3i1p1f1,2095,01,16,0.0009492449559426556,20.729935,7.031912,2095
29236,r3i1p1f1,2095,01,17,0.0,20.451624,6.7624745,2095
29237,r3i1p1f1,2095,01,18,0.0,20.739916,7.3848352,2095
29238,r3i1p1f1,2095,01,19,0.3289404929091688,19.846264,6.632943,2095
29239,r3i1p1f1,2095,01,20,12.310116932909075,14.346182,7.668716,2095
29240,r3i1p1f1,2095,01,21,10.151439078591382,15.5821705,7.1185503,2095
29241,r3i1p1f1,2095,01,22,0.00020886438505840488,16.70313,4.861614,2095
29242,r3i1p1f1,2095,01,23,0.01006199172204078,17.838228,5.010825,2095
29243,r3i1p1f1,2095,01,24,1.5684395106015445,17.144539,6.95113,2095
29244,r3i1p1f1,2095,01,25,8.243701600698511,18.393976,8.421011,2095
29245,r3i1p1f1,2095,01,26,1.1598156064449292,18.139818,6.5983973,2095
29246,r3i1p1f1,2095,01,27,2.6179509981761493,16.397383,6.202962,2095
29247,r3i1p1f1,2095,01,28,0.0,17.374506,3.663759,2095
29248,r3i1p1f1,2095,01,29,3.3417137683886033,16.9374,6.437039,2095
29249,r3i1p1f1,2095,01,30,4.847507707751047,13.872152,5.907223,2095
29250,r3i1p1f1,2095,01,31,39.43820872299098,18.730299,8.971871,2095
29251,r3i1p1f1,2095,02,01,36.41932751215239,18.661762,11.504587,2095
29252,r3i1p1f1,2095,02,02,7.179628317288447,17.47287,6.837384,2095
29253,r3i1p1f1,2095,02,03,8.735961379680896,17.837503,7.2413545,2095
29254,r3i1p1f1,2095,02,04,13.715930501970103,16.810583,8.078873,2095
29255,r3i1p1f1,2095,02,05,9.62660630030741,15.882246,7.3622937,2095
29256,r3i1p1f1,2095,02,06,12.200744885957453,15.577999,7.5037704,2095
29257,r3i1p1f1,2095,02,07,0.0,15.308793,3.8743029,2095
29258,r3i1p1f1,2095,02,08,0.0,18.841187,4.7128606,2095
29259,r3i1p1f1,2095,02,09,0.0,20.482439,7.028874,2095
29260,r3i1p1f1,2095,02,10,0.37107332794589915,19.131983,6.91394,2095
29261,r3i1p1f1,2095,02,11,2.7153675873182004,17.822147,5.8605776,2095
29262,r3i1p1f1,2095,02,12,0.15444013876593532,16.144257,6.4465175,2095
29263,r3i1p1f1,2095,02,13,0.0,16.98606,6.0135217,2095
29264,r3i1p1f1,2095,02,14,0.33972783019910846,18.065792,6.874794,2095
29265,r3i1p1f1,2095,02,15,4.850768910866229,18.305561,9.056641,2095
29266,r3i1p1f1,2095,02,16,0.6834474337127652,16.683172,2.8830733,2095
29267,r3i1p1f1,2095,02,17,9.638738031737763,16.259468,8.188664,2095
29268,r3i1p1f1,2095,02,18,0.48834935502768395,17.624008,6.1240788,2095
29269,r3i1p1f1,2095,02,19,0.00011506049442246105,18.773373,4.5578156,2095
29270,r3i1p1f1,2095,02,20,0.1799349964251936,18.15545,6.442987,2095
29271,r3i1p1f1,2095,02,21,2.537952444127961,16.86313,9.733199,2095
29272,r3i1p1f1,2095,02,22,8.098855494013565,16.98366,8.150335,2095
29273,r3i1p1f1,2095,02,23,0.0,17.063429,4.984541,2095
29274,r3i1p1f1,2095,02,24,0.0,18.140827,4.0350924,2095
29275,r3i1p1f1,2095,02,25,0.0,19.851116,5.5749645,2095
29276,r3i1p1f1,2095,02,26,0.0,21.529964,7.3450794,2095
29277,r3i1p1f1,2095,02,27,0.0,22.184908,8.275305,2095
29278,r3i1p1f1,2095,02,28,0.006982940978394419,21.75504,8.444961,2095
29279,r3i1p1f1,2095,03,01,0.6604245689843443,18.920341,6.966266,2095
29280,r3i1p1f1,2095,03,02,0.6892395697396944,20.840096,6.5499387,2095
29281,r3i1p1f1,2095,03,03,37.71559967747607,18.596346,7.673335,2095
29282,r3i1p1f1,2095,03,04,42.38674992386884,14.0047455,7.4687324,2095
29283,r3i1p1f1,2095,03,05,32.644838469356976,13.005268,4.573205,2095
29284,r3i1p1f1,2095,03,06,24.739428567369362,16.054722,7.2704144,2095
29285,r3i1p1f1,2095,03,07,16.717382000757482,13.823748,7.107601,2095
29286,r3i1p1f1,2095,03,08,1.6331110180076256,16.00223,2.519927,2095
29287,r3i1p1f1,2095,03,09,0.3423815955782898,16.158312,4.0226035,2095
29288,r3i1p1f1,2095,03,10,0.0,19.091434,4.5782514,2095
29289,r3i1p1f1,2095,03,11,0.0,22.935848,6.1804256,2095
29290,r3i1p1f1,2095,03,12,0.0,22.293707,8.037262,2095
29291,r3i1p1f1,2095,03,13,0.8487014775842757,20.352945,9.218129,2095
29292,r3i1p1f1,2095,03,14,0.47720013600927347,23.476854,8.529238,2095
29293,r3i1p1f1,2095,03,15,0.01350239776691138,24.212122,8.096084,2095
29294,r3i1p1f1,2095,03,16,0.0018219672016460788,24.064,9.193407,2095
29295,r3i1p1f1,2095,03,17,0.001583469213184082,24.99491,9.836706,2095
29296,r3i1p1f1,2095,03,18,0.00249652135552782,24.386915,9.133347,2095
29297,r3i1p1f1,2095,03,19,0.00023322592658752745,22.885035,8.435923,2095
29298,r3i1p1f1,2095,03,20,0.021812680479894025,21.836502,8.9369545,2095
29299,r3i1p1f1,2095,03,21,2.0510078235758664,21.250778,8.759627,2095
29300,r3i1p1f1,2095,03,22,0.07735499428070564,22.224302,6.6865163,2095
29301,r3i1p1f1,2095,03,23,19.859159123117216,19.521492,6.727569,2095
29302,r3i1p1f1,2095,03,24,5.418921230817349,17.653702,7.0723467,2095
29303,r3i1p1f1,2095,03,25,2.5436135739409056,17.038288,6.371954,2095
29304,r3i1p1f1,2095,03,26,1.6111603843505278,17.295404,5.984468,2095
29305,r3i1p1f1,2095,03,27,0.6391805752465382,18.373108,7.536078,2095
29306,r3i1p1f1,2095,03,28,4.89993106770271,16.86628,5.7571306,2095
29307,r3i1p1f1,2095,03,29,1.8211539569132251,15.459242,5.3369193,2095
29308,r3i1p1f1,2095,03,30,0.0,18.5859,2.7637064,2095
29309,r3i1p1f1,2095,03,31,0.0,20.432074,4.608799,2095
29310,r3i1p1f1,2095,04,01,0.0,21.932394,6.056677,2095
29311,r3i1p1f1,2095,04,02,0.0019297375745902007,21.433113,7.177164,2095
29312,r3i1p1f1,2095,04,03,3.5434592670450606e-05,22.410093,5.904401,2095
29313,r3i1p1f1,2095,04,04,0.0,22.661444,7.9145327,2095
29314,r3i1p1f1,2095,04,05,21.18577574288021,17.19469,8.302833,2095
29315,r3i1p1f1,2095,04,06,2.4327054437735844,17.053787,7.4946365,2095
29316,r3i1p1f1,2095,04,07,0.0,21.098612,6.9086323,2095
29317,r3i1p1f1,2095,04,08,0.0,25.217194,8.894412,2095
29318,r3i1p1f1,2095,04,09,0.0,26.142351,10.512295,2095
29319,r3i1p1f1,2095,04,10,0.0,26.573057,11.2028,2095
29320,r3i1p1f1,2095,04,11,0.0,25.889305,10.634189,2095
29321,r3i1p1f1,2095,04,12,0.0,24.236029,8.1026745,2095
29322,r3i1p1f1,2095,04,13,0.0003860847121386817,21.622082,6.0276594,2095
29323,r3i1p1f1,2095,04,14,0.0,21.179655,3.7168517,2095
29324,r3i1p1f1,2095,04,15,0.0,25.211514,6.7321253,2095
29325,r3i1p1f1,2095,04,16,0.0,27.960249,9.819147,2095
29326,r3i1p1f1,2095,04,17,0.0,30.721004,11.672482,2095
29327,r3i1p1f1,2095,04,18,0.07771806812784096,29.626852,10.817635,2095
29328,r3i1p1f1,2095,04,19,0.002825840810229155,21.186966,3.6301622,2095
29329,r3i1p1f1,2095,04,20,0.2545040780806272,20.617743,4.873589,2095
29330,r3i1p1f1,2095,04,21,0.03920489541170272,22.341114,4.560571,2095
29331,r3i1p1f1,2095,04,22,0.0,26.500887,6.5777335,2095
29332,r3i1p1f1,2095,04,23,0.0,26.909592,8.37613,2095
29333,r3i1p1f1,2095,04,24,0.00035351302799288976,24.203945,6.947724,2095
29334,r3i1p1f1,2095,04,25,0.00022610832467872763,25.613914,6.926141,2095
29335,r3i1p1f1,2095,04,26,0.07369108025379704,24.282633,6.49985,2095
29336,r3i1p1f1,2095,04,27,0.3914630131266401,21.423578,6.336017,2095
29337,r3i1p1f1,2095,04,28,0.03707105522511428,21.528774,5.161716,2095
29338,r3i1p1f1,2095,04,29,0.0,22.503262,4.2175713,2095
29339,r3i1p1f1,2095,04,30,0.2914776303540831,21.19505,4.0261354,2095
29340,r3i1p1f1,2095,05,01,0.084563310224577,20.208115,4.117045,2095
29341,r3i1p1f1,2095,05,02,0.0002888531360605901,23.380997,4.8901186,2095
29342,r3i1p1f1,2095,05,03,0.0,26.336884,7.991649,2095
29343,r3i1p1f1,2095,05,04,0.0,29.590418,10.328905,2095
29344,r3i1p1f1,2095,05,05,0.0,31.641333,11.792763,2095
29345,r3i1p1f1,2095,05,06,0.0,31.956362,13.042687,2095
29346,r3i1p1f1,2095,05,07,0.0,32.53585,13.879459,2095
29347,r3i1p1f1,2095,05,08,0.0,30.69105,12.567696,2095
29348,r3i1p1f1,2095,05,09,0.0,28.222174,9.727552,2095
29349,r3i1p1f1,2095,05,10,0.0,31.537893,12.119613,2095
29350,r3i1p1f1,2095,05,11,0.0,34.176346,14.737449,2095
29351,r3i1p1f1,2095,05,12,0.0,34.44084,15.331234,2095
29352,r3i1p1f1,2095,05,13,0.0,33.234097,13.928008,2095
29353,r3i1p1f1,2095,05,14,0.0,30.583418,12.587392,2095
29354,r3i1p1f1,2095,05,15,0.0,35.055668,14.690973,2095
29355,r3i1p1f1,2095,05,16,0.0,37.12739,16.747849,2095
29356,r3i1p1f1,2095,05,17,0.0,36.8406,16.722754,2095
29357,r3i1p1f1,2095,05,18,0.0,36.646408,16.657541,2095
29358,r3i1p1f1,2095,05,19,0.0,36.767216,16.363012,2095
29359,r3i1p1f1,2095,05,20,0.0,35.27528,14.900856,2095
29360,r3i1p1f1,2095,05,21,0.0,33.43524,13.454672,2095
29361,r3i1p1f1,2095,05,22,0.0,32.671303,11.879686,2095
29362,r3i1p1f1,2095,05,23,0.0,31.025509,11.962868,2095
29363,r3i1p1f1,2095,05,24,0.0,29.876158,11.680311,2095
29364,r3i1p1f1,2095,05,25,0.0,29.160126,10.751398,2095
29365,r3i1p1f1,2095,05,26,0.0,26.619665,9.452623,2095
29366,r3i1p1f1,2095,05,27,0.0,27.96068,9.181839,2095
29367,r3i1p1f1,2095,05,28,0.0,26.670462,8.866619,2095
29368,r3i1p1f1,2095,05,29,0.0,25.821661,8.438354,2095
29369,r3i1p1f1,2095,05,30,0.0,31.03541,11.707975,2095
29370,r3i1p1f1,2095,05,31,0.0,34.328823,14.762372,2095
29371,r3i1p1f1,2095,06,01,0.0,33.548218,13.623027,2095
29372,r3i1p1f1,2095,06,02,0.0,34.843536,15.183821,2095
29373,r3i1p1f1,2095,06,03,0.0,35.25129,16.26617,2095
29374,r3i1p1f1,2095,06,04,0.0,35.35761,16.35154,2095
29375,r3i1p1f1,2095,06,05,0.0,36.405025,16.67757,2095
29376,r3i1p1f1,2095,06,06,0.0,35.277905,16.117975,2095
29377,r3i1p1f1,2095,06,07,0.008919765558940444,32.1706,14.192923,2095
29378,r3i1p1f1,2095,06,08,0.031693395946852186,30.026232,12.266098,2095
29379,r3i1p1f1,2095,06,09,0.017909171133810145,30.655903,12.786712,2095
29380,r3i1p1f1,2095,06,10,0.003253266666874741,32.324677,14.345721,2095
29381,r3i1p1f1,2095,06,11,0.0,31.277328,13.282908,2095
29382,r3i1p1f1,2095,06,12,0.0,29.715431,12.36965,2095
29383,r3i1p1f1,2095,06,13,0.0,29.177235,11.2054205,2095
29384,r3i1p1f1,2095,06,14,0.0,30.581148,12.427143,2095
29385,r3i1p1f1,2095,06,15,0.0,31.5362,12.712349,2095
29386,r3i1p1f1,2095,06,16,0.0,30.64336,13.209507,2095
29387,r3i1p1f1,2095,06,17,0.0,29.279034,11.57938,2095
29388,r3i1p1f1,2095,06,18,0.0014795286221091044,26.33441,10.88775,2095
29389,r3i1p1f1,2095,06,19,0.005899164402349429,30.473763,12.454152,2095
29390,r3i1p1f1,2095,06,20,0.0,35.338787,16.193249,2095
29391,r3i1p1f1,2095,06,21,0.0,38.189236,18.59079,2095
29392,r3i1p1f1,2095,06,22,0.0,39.29945,19.887312,2095
29393,r3i1p1f1,2095,06,23,0.0,38.40606,18.891685,2095
29394,r3i1p1f1,2095,06,24,0.0,36.59966,17.583828,2095
29395,r3i1p1f1,2095,06,25,0.0,35.90713,17.190474,2095
29396,r3i1p1f1,2095,06,26,0.0,37.48154,18.367367,2095
29397,r3i1p1f1,2095,06,27,0.0,36.947445,18.847776,2095
29398,r3i1p1f1,2095,06,28,0.0,35.18755,17.277311,2095
29399,r3i1p1f1,2095,06,29,0.0,34.249504,16.095236,2095
29400,r3i1p1f1,2095,06,30,0.0,33.944275,15.713889,2095
29401,r3i1p1f1,2095,07,01,0.0,35.210888,17.191702,2095
29402,r3i1p1f1,2095,07,02,0.0,36.21443,17.836142,2095
29403,r3i1p1f1,2095,07,03,0.0,37.61001,17.667192,2095
29404,r3i1p1f1,2095,07,04,0.0,38.543594,19.452753,2095
29405,r3i1p1f1,2095,07,05,0.0,39.059807,20.520967,2095
29406,r3i1p1f1,2095,07,06,0.0,38.0848,20.245935,2095
29407,r3i1p1f1,2095,07,07,0.0,37.331326,18.722399,2095
29408,r3i1p1f1,2095,07,08,0.0,36.56965,18.68697,2095
29409,r3i1p1f1,2095,07,09,0.0,34.820343,17.495342,2095
29410,r3i1p1f1,2095,07,10,0.0,33.25664,16.761915,2095
29411,r3i1p1f1,2095,07,11,0.0,34.224426,17.79126,2095
29412,r3i1p1f1,2095,07,12,0.0,36.194126,18.810226,2095
29413,r3i1p1f1,2095,07,13,0.0,35.961815,18.494987,2095
29414,r3i1p1f1,2095,07,14,0.0,36.71966,18.948841,2095
29415,r3i1p1f1,2095,07,15,0.0,38.950176,20.026958,2095
29416,r3i1p1f1,2095,07,16,0.0,40.890533,21.11849,2095
29417,r3i1p1f1,2095,07,17,0.0,41.651993,21.575508,2095
29418,r3i1p1f1,2095,07,18,0.0,40.94096,22.881104,2095
29419,r3i1p1f1,2095,07,19,0.0,36.97104,20.351727,2095
29420,r3i1p1f1,2095,07,20,0.0,36.196396,20.280043,2095
29421,r3i1p1f1,2095,07,21,0.0,35.288692,18.610813,2095
29422,r3i1p1f1,2095,07,22,0.0,34.972454,18.898514,2095
29423,r3i1p1f1,2095,07,23,0.0,36.579403,19.719872,2095
29424,r3i1p1f1,2095,07,24,0.0,37.06045,20.589516,2095
29425,r3i1p1f1,2095,07,25,0.0,35.995056,19.510452,2095
29426,r3i1p1f1,2095,07,26,0.0,36.0368,18.772852,2095
29427,r3i1p1f1,2095,07,27,0.0,36.603394,19.012766,2095
29428,r3i1p1f1,2095,07,28,0.0,39.49437,20.145327,2095
29429,r3i1p1f1,2095,07,29,0.0,39.188232,21.183857,2095
29430,r3i1p1f1,2095,07,30,0.0,39.81545,20.533018,2095
29431,r3i1p1f1,2095,07,31,0.0,40.490967,21.360666,2095
29432,r3i1p1f1,2095,08,01,0.0,39.879833,21.557657,2095
29433,r3i1p1f1,2095,08,02,0.0,39.28245,19.87954,2095
29434,r3i1p1f1,2095,08,03,0.0,35.786613,18.017166,2095
29435,r3i1p1f1,2095,08,04,0.0,32.022476,16.829187,2095
29436,r3i1p1f1,2095,08,05,0.0,30.790348,16.044113,2095
29437,r3i1p1f1,2095,08,06,0.0,33.566765,17.144913,2095
29438,r3i1p1f1,2095,08,07,0.09143162806250268,35.97645,18.86133,2095
29439,r3i1p1f1,2095,08,08,0.08303856535349041,34.760494,19.633411,2095
29440,r3i1p1f1,2095,08,09,0.0,35.232834,18.744339,2095
29441,r3i1p1f1,2095,08,10,0.0,35.362225,18.388079,2095
29442,r3i1p1f1,2095,08,11,0.0,34.409824,17.32437,2095
29443,r3i1p1f1,2095,08,12,0.0,33.444187,16.771069,2095
29444,r3i1p1f1,2095,08,13,0.0,34.48135,17.494827,2095
29445,r3i1p1f1,2095,08,14,0.0,35.235172,16.059996,2095
29446,r3i1p1f1,2095,08,15,0.8473529966197406,35.458847,19.432657,2095
29447,r3i1p1f1,2095,08,16,0.5909691077519683,35.5361,20.524794,2095
29448,r3i1p1f1,2095,08,17,0.7838167923849445,35.280518,21.46169,2095
29449,r3i1p1f1,2095,08,18,1.1855786402663921,36.431896,21.557423,2095
29450,r3i1p1f1,2095,08,19,1.631517617457906,36.9116,19.944931,2095
29451,r3i1p1f1,2095,08,20,0.18391198387799898,36.662453,20.193947,2095
29452,r3i1p1f1,2095,08,21,0.03768011351081496,36.5407,19.975683,2095
29453,r3i1p1f1,2095,08,22,0.0,36.506596,20.053995,2095
29454,r3i1p1f1,2095,08,23,0.06617781498017862,36.04638,20.330994,2095
29455,r3i1p1f1,2095,08,24,0.05883032324632178,36.470886,20.685682,2095
29456,r3i1p1f1,2095,08,25,0.0,37.680275,21.475702,2095
29457,r3i1p1f1,2095,08,26,0.0,38.2523,21.251045,2095
29458,r3i1p1f1,2095,08,27,0.010936050640532014,37.0626,19.241165,2095
29459,r3i1p1f1,2095,08,28,0.0,35.823627,18.813751,2095
29460,r3i1p1f1,2095,08,29,0.0,38.464622,20.617443,2095
29461,r3i1p1f1,2095,08,30,0.0018114744770255957,39.359005,19.941889,2095
29462,r3i1p1f1,2095,08,31,0.0,39.3678,20.501032,2095
29463,r3i1p1f1,2095,09,01,0.9976320839646315,37.281418,22.12234,2095
29464,r3i1p1f1,2095,09,02,0.0004454882053489035,36.31484,19.356928,2095
29465,r3i1p1f1,2095,09,03,0.003894607988045071,37.4262,20.248453,2095
29466,r3i1p1f1,2095,09,04,0.0014693079742066789,38.40968,20.641895,2095
29467,r3i1p1f1,2095,09,05,0.00853379585984812,36.775364,20.943827,2095
29468,r3i1p1f1,2095,09,06,2.375016090266978,35.191452,21.203289,2095
29469,r3i1p1f1,2095,09,07,0.2888270161047606,35.905598,20.594753,2095
29470,r3i1p1f1,2095,09,08,2.384657106194936,36.10386,22.314177,2095
29471,r3i1p1f1,2095,09,09,2.9343417278907893,35.726852,21.1101,2095
29472,r3i1p1f1,2095,09,10,11.1347869206899,35.140083,21.371025,2095
29473,r3i1p1f1,2095,09,11,1.6571548533719387,36.25283,21.990108,2095
29474,r3i1p1f1,2095,09,12,0.8659174667616643,35.53564,20.874628,2095
29475,r3i1p1f1,2095,09,13,0.022984139804700106,37.625202,23.310936,2095
29476,r3i1p1f1,2095,09,14,0.43693660915530264,38.04452,21.776915,2095
29477,r3i1p1f1,2095,09,15,3.708784588827367,38.303555,21.83292,2095
29478,r3i1p1f1,2095,09,16,0.4963996029409552,39.72817,22.321356,2095
29479,r3i1p1f1,2095,09,17,1.879325478617058,37.197586,21.795862,2095
29480,r3i1p1f1,2095,09,18,0.0,36.693687,21.307724,2095
29481,r3i1p1f1,2095,09,19,0.0,35.89603,20.542042,2095
29482,r3i1p1f1,2095,09,20,0.0,31.430609,17.57437,2095
29483,r3i1p1f1,2095,09,21,1.4460733090535625,25.010492,12.447919,2095
29484,r3i1p1f1,2095,09,22,4.919388440106228,24.814304,12.882635,2095
29485,r3i1p1f1,2095,09,23,0.0,27.174015,11.139293,2095
29486,r3i1p1f1,2095,09,24,0.0,28.583586,13.310173,2095
29487,r3i1p1f1,2095,09,25,0.0,26.134169,12.287952,2095
29488,r3i1p1f1,2095,09,26,0.048204265273825236,20.395359,6.8776727,2095
29489,r3i1p1f1,2095,09,27,0.0,23.634808,8.497385,2095
29490,r3i1p1f1,2095,09,28,0.0,27.541685,11.038808,2095
29491,r3i1p1f1,2095,09,29,0.0,29.243364,12.663437,2095
29492,r3i1p1f1,2095,09,30,0.0,33.077972,16.128496,2095
29493,r3i1p1f1,2095,10,01,0.0,35.0252,17.887634,2095
29494,r3i1p1f1,2095,10,02,0.0,35.275272,18.303785,2095
29495,r3i1p1f1,2095,10,03,0.0,35.92944,18.632471,2095
29496,r3i1p1f1,2095,10,04,0.0,35.91061,16.705364,2095
29497,r3i1p1f1,2095,10,05,0.0,31.267979,13.445362,2095
29498,r3i1p1f1,2095,10,06,1.9306612845640772,24.211424,11.887945,2095
29499,r3i1p1f1,2095,10,07,6.810086527505684,23.475151,12.412021,2095
29500,r3i1p1f1,2095,10,08,3.1782558117407516,25.033436,13.033598,2095
29501,r3i1p1f1,2095,10,09,1.289222675997845,25.391222,13.680524,2095
29502,r3i1p1f1,2095,10,10,0.0,27.691187,14.142252,2095
29503,r3i1p1f1,2095,10,11,0.0,28.883587,15.080594,2095
29504,r3i1p1f1,2095,10,12,0.0,27.122368,13.738314,2095
29505,r3i1p1f1,2095,10,13,0.0,25.233974,11.987572,2095
29506,r3i1p1f1,2095,10,14,0.0,26.604805,11.856986,2095
29507,r3i1p1f1,2095,10,15,0.0,27.116915,12.404289,2095
29508,r3i1p1f1,2095,10,16,0.0,29.331692,13.248042,2095
29509,r3i1p1f1,2095,10,17,0.0,31.788399,15.421105,2095
29510,r3i1p1f1,2095,10,18,0.0,31.754278,15.831464,2095
29511,r3i1p1f1,2095,10,19,0.0,30.83627,15.163983,2095
29512,r3i1p1f1,2095,10,20,0.0,29.092102,13.321508,2095
29513,r3i1p1f1,2095,10,21,0.0,25.537659,12.1375,2095
29514,r3i1p1f1,2095,10,22,1.8451066581376314,26.572212,15.757099,2095
29515,r3i1p1f1,2095,10,23,0.03279235597636381,29.780243,15.370935,2095
29516,r3i1p1f1,2095,10,24,0.0,32.66933,17.200739,2095
29517,r3i1p1f1,2095,10,25,0.0,34.880203,18.249542,2095
29518,r3i1p1f1,2095,10,26,0.0,36.214275,19.162663,2095
29519,r3i1p1f1,2095,10,27,0.0,34.609253,19.827957,2095
29520,r3i1p1f1,2095,10,28,0.0,30.87474,17.581675,2095
29521,r3i1p1f1,2095,10,29,0.0,29.226376,14.813081,2095
29522,r3i1p1f1,2095,10,30,0.0,27.784834,13.136751,2095
29523,r3i1p1f1,2095,10,31,0.0,24.906075,10.544365,2095
29524,r3i1p1f1,2095,11,01,0.0,24.218132,10.692344,2095
29525,r3i1p1f1,2095,11,02,0.0,24.3861,9.9754925,2095
29526,r3i1p1f1,2095,11,03,0.0,27.233158,10.572471,2095
29527,r3i1p1f1,2095,11,04,0.0,29.214762,11.960124,2095
29528,r3i1p1f1,2095,11,05,0.0,27.805437,11.650719,2095
29529,r3i1p1f1,2095,11,06,13.08724943595845,28.059628,16.059069,2095
29530,r3i1p1f1,2095,11,07,7.364253036158984,17.983732,10.345477,2095
29531,r3i1p1f1,2095,11,08,0.0,16.933434,5.2408056,2095
29532,r3i1p1f1,2095,11,09,0.0,18.775658,5.7174773,2095
29533,r3i1p1f1,2095,11,10,0.0,18.407545,5.989173,2095
29534,r3i1p1f1,2095,11,11,0.0,19.853683,6.5315413,2095
29535,r3i1p1f1,2095,11,12,0.0,21.009562,6.7377906,2095
29536,r3i1p1f1,2095,11,13,0.0,21.757425,7.2295294,2095
29537,r3i1p1f1,2095,11,14,0.0,21.734434,8.161951,2095
29538,r3i1p1f1,2095,11,15,2.119220197225028,24.29867,13.159263,2095
29539,r3i1p1f1,2095,11,16,3.9483794338477973,24.256489,13.093421,2095
29540,r3i1p1f1,2095,11,17,0.03970968145012827,19.496267,8.111206,2095
29541,r3i1p1f1,2095,11,18,0.0,18.670692,5.233431,2095
29542,r3i1p1f1,2095,11,19,0.005735798651144389,19.771547,6.9220285,2095
29543,r3i1p1f1,2095,11,20,5.678962156719838,20.16195,9.737277,2095
29544,r3i1p1f1,2095,11,21,0.0,16.924803,5.0976973,2095
29545,r3i1p1f1,2095,11,22,0.05873805857790461,17.467806,6.3008776,2095
29546,r3i1p1f1,2095,11,23,0.19399207169154772,18.163036,6.2184877,2095
29547,r3i1p1f1,2095,11,24,0.11745903889580707,17.73146,5.4579577,2095
29548,r3i1p1f1,2095,11,25,0.0033129543545797014,13.46654,2.8876233,2095
29549,r3i1p1f1,2095,11,26,0.0,16.146872,3.3275564,2095
29550,r3i1p1f1,2095,11,27,0.0,18.47082,4.476672,2095
29551,r3i1p1f1,2095,11,28,0.0,20.67504,3.7319646,2095
29552,r3i1p1f1,2095,11,29,0.0,20.257088,5.4406676,2095
29553,r3i1p1f1,2095,11,30,0.14887773935862986,18.548765,5.074394,2095
29554,r3i1p1f1,2095,12,01,23.10022871068654,20.06165,10.946115,2095
29555,r3i1p1f1,2095,12,02,1.4904316331208203,15.154765,5.520537,2095
29556,r3i1p1f1,2095,12,03,17.070983763165493,13.705088,5.6939435,2095
29557,r3i1p1f1,2095,12,04,0.5904266366048956,15.633021,5.838396,2095
29558,r3i1p1f1,2095,12,05,0.00018240423576736993,17.190428,7.3211036,2095
29559,r3i1p1f1,2095,12,06,1.8117397314927075,16.463037,6.1536307,2095
29560,r3i1p1f1,2095,12,07,25.490341319686692,14.015126,6.409841,2095
29561,r3i1p1f1,2095,12,08,0.0007338309660553932,12.38935,1.9436194,2095
29562,r3i1p1f1,2095,12,09,0.06748072057234822,15.083467,3.8115299,2095
29563,r3i1p1f1,2095,12,10,0.0,16.82545,5.403815,2095
29564,r3i1p1f1,2095,12,11,0.0,16.50792,3.7449963,2095
29565,r3i1p1f1,2095,12,12,0.0,17.019463,4.090705,2095
29566,r3i1p1f1,2095,12,13,0.0,16.698866,3.4436831,2095
29567,r3i1p1f1,2095,12,14,0.0,17.26984,3.7024648,2095
29568,r3i1p1f1,2095,12,15,0.09838408275451609,15.429865,5.7747126,2095
29569,r3i1p1f1,2095,12,16,0.0,13.223878,2.525701,2095
29570,r3i1p1f1,2095,12,17,0.0,18.180967,4.6129384,2095
29571,r3i1p1f1,2095,12,18,0.0,19.22373,5.4184837,2095
29572,r3i1p1f1,2095,12,19,0.0,19.366194,5.8940816,2095
29573,r3i1p1f1,2095,12,20,6.43523428728341,19.541843,6.250824,2095
29574,r3i1p1f1,2095,12,21,0.5247926695503654,13.813334,5.3678346,2095
29575,r3i1p1f1,2095,12,22,6.147403264760876,11.595989,3.7902396,2095
29576,r3i1p1f1,2095,12,23,0.08617222069336673,11.477999,4.5761967,2095
29577,r3i1p1f1,2095,12,24,5.36710627081034,15.67097,8.637799,2095
29578,r3i1p1f1,2095,12,25,0.0641685218535272,14.274437,4.029525,2095
29579,r3i1p1f1,2095,12,26,0.03402878225174253,13.94942,1.0685574,2095
29580,r3i1p1f1,2095,12,27,0.0,16.299284,2.8483744,2095
29581,r3i1p1f1,2095,12,28,0.0,16.64974,3.7392476,2095
29582,r3i1p1f1,2095,12,29,0.0,16.983538,4.2133765,2095
29583,r3i1p1f1,2095,12,30,0.0,17.7704,5.0720844,2095
29584,r3i1p1f1,2095,12,31,0.0,18.80302,5.304437,2095
29585,r3i1p1f1,2096,01,01,0.0,18.209663,6.0698724,2096
29586,r3i1p1f1,2096,01,02,0.0,18.388105,5.00773,2096
29587,r3i1p1f1,2096,01,03,0.03405217727325208,17.690123,4.537505,2096
29588,r3i1p1f1,2096,01,04,19.476472907910484,15.31374,7.977839,2096
29589,r3i1p1f1,2096,01,05,2.768888597469909,16.197342,7.728573,2096
29590,r3i1p1f1,2096,01,06,0.34732661364724854,16.570814,4.986124,2096
29591,r3i1p1f1,2096,01,07,12.948171362471784,14.2473955,8.093144,2096
29592,r3i1p1f1,2096,01,08,9.748859322943726,12.431296,4.393758,2096
29593,r3i1p1f1,2096,01,09,0.11779287856329161,11.89253,2.2280207,2096
29594,r3i1p1f1,2096,01,10,0.0,12.604958,2.1479552,2096
29595,r3i1p1f1,2096,01,11,0.0,14.348885,2.2642758,2096
29596,r3i1p1f1,2096,01,12,0.8149066926429998,12.782723,2.9089901,2096
29597,r3i1p1f1,2096,01,13,15.355531782617176,13.067189,6.199734,2096
29598,r3i1p1f1,2096,01,14,18.766469688540163,16.696558,6.395381,2096
29599,r3i1p1f1,2096,01,15,47.66494136693712,16.812037,10.771267,2096
29600,r3i1p1f1,2096,01,16,16.132254997554067,17.767574,9.466595,2096
29601,r3i1p1f1,2096,01,17,13.07807939388591,18.926105,10.035404,2096
29602,r3i1p1f1,2096,01,18,13.182594689568017,18.665764,10.136469,2096
29603,r3i1p1f1,2096,01,19,7.441102894817684,18.014803,9.820308,2096
29604,r3i1p1f1,2096,01,20,1.6376181007612358,16.79205,8.031306,2096
29605,r3i1p1f1,2096,01,21,29.630741872057445,16.425955,11.42773,2096
29606,r3i1p1f1,2096,01,22,39.252056069936685,17.856972,10.972282,2096
29607,r3i1p1f1,2096,01,23,5.878602269358866,16.325356,6.5225973,2096
29608,r3i1p1f1,2096,01,24,0.0004160092265175825,13.343432,2.2473774,2096
29609,r3i1p1f1,2096,01,25,0.0,15.077466,4.08916,2096
29610,r3i1p1f1,2096,01,26,0.0,15.972475,2.956277,2096
29611,r3i1p1f1,2096,01,27,0.0,15.895093,2.8887022,2096
29612,r3i1p1f1,2096,01,28,0.0,16.576445,5.28456,2096
29613,r3i1p1f1,2096,01,29,0.0,17.493233,4.2127323,2096
29614,r3i1p1f1,2096,01,30,0.0,18.737946,5.1533217,2096
29615,r3i1p1f1,2096,01,31,0.024131829828327296,18.800228,5.602347,2096
29616,r3i1p1f1,2096,02,01,9.014878954461011,17.18509,9.3845,2096
29617,r3i1p1f1,2096,02,02,2.13759831811992,17.751448,9.102677,2096
29618,r3i1p1f1,2096,02,03,0.20490558879277104,17.018217,5.8756375,2096
29619,r3i1p1f1,2096,02,04,13.19866345595184,17.024193,9.9699,2096
29620,r3i1p1f1,2096,02,05,2.3293913530836687,15.955056,5.624943,2096
29621,r3i1p1f1,2096,02,06,0.005060337158890131,15.997201,4.234334,2096
29622,r3i1p1f1,2096,02,07,4.380380054417676,15.149194,5.9470615,2096
29623,r3i1p1f1,2096,02,08,0.0019635763513206534,15.925623,2.8365195,2096
29624,r3i1p1f1,2096,02,09,0.0,17.18502,3.707523,2096
29625,r3i1p1f1,2096,02,10,3.304389650490493,16.428877,7.1421075,2096
29626,r3i1p1f1,2096,02,11,3.6558512332921413,15.798748,6.7413526,2096
29627,r3i1p1f1,2096,02,12,0.0,16.351908,2.6763794,2096
29628,r3i1p1f1,2096,02,13,0.0,17.684118,3.9352207,2096
29629,r3i1p1f1,2096,02,14,0.021122126085119264,16.779324,7.9686604,2096
29630,r3i1p1f1,2096,02,15,0.0029329786169303893,18.999758,5.862983,2096
29631,r3i1p1f1,2096,02,16,27.571535765962448,17.771196,9.51314,2096
29632,r3i1p1f1,2096,02,17,7.6888652187908795,13.382488,6.1012855,2096
29633,r3i1p1f1,2096,02,18,0.15001125953059466,16.57407,5.80839,2096
29634,r3i1p1f1,2096,02,19,0.0,17.73671,4.535041,2096
29635,r3i1p1f1,2096,02,20,10.215594219173937,16.418972,9.184742,2096
29636,r3i1p1f1,2096,02,21,24.434335617362663,16.33334,7.5616755,2096
29637,r3i1p1f1,2096,02,22,0.23851074183877438,16.628412,4.925687,2096
29638,r3i1p1f1,2096,02,23,0.0021224891745739364,19.032291,5.795235,2096
29639,r3i1p1f1,2096,02,24,0.0017140075347428633,17.738781,5.644809,2096
29640,r3i1p1f1,2096,02,25,0.8143289022149419,18.226976,6.3295593,2096
29641,r3i1p1f1,2096,02,26,15.544469134404084,18.216965,9.191624,2096
29642,r3i1p1f1,2096,02,27,8.518238330637388,17.240818,9.657513,2096
29643,r3i1p1f1,2096,02,28,41.41311441189222,16.093855,6.905512,2096
29644,r3i1p1f1,2096,02,29,24.894656463928353,15.925333,6.052739,2096
29645,r3i1p1f1,2096,03,01,2.089311671204886,14.365452,4.8027315,2096
29646,r3i1p1f1,2096,03,02,0.0,18.09715,1.4598615,2096
29647,r3i1p1f1,2096,03,03,0.0,20.07291,5.2607923,2096
29648,r3i1p1f1,2096,03,04,0.03286821284387825,19.631432,7.550028,2096
29649,r3i1p1f1,2096,03,05,0.0012547559824518182,20.97707,4.935685,2096
29650,r3i1p1f1,2096,03,06,0.1346373884098973,19.971304,9.620766,2096
29651,r3i1p1f1,2096,03,07,18.090074625162575,16.027277,8.222395,2096
29652,r3i1p1f1,2096,03,08,5.7930806741646705,14.037827,2.440447,2096
29653,r3i1p1f1,2096,03,09,13.051555031984622,13.910766,6.851326,2096
29654,r3i1p1f1,2096,03,10,15.955061763529944,16.56106,6.1611085,2096
29655,r3i1p1f1,2096,03,11,3.5471689826100015,16.580023,4.011135,2096
29656,r3i1p1f1,2096,03,12,0.7574014420099433,14.569399,3.1098688,2096
29657,r3i1p1f1,2096,03,13,0.0,15.650869,1.1695267,2096
29658,r3i1p1f1,2096,03,14,0.017346137267274957,16.9122,5.246536,2096
29659,r3i1p1f1,2096,03,15,0.010970370944547043,17.614021,4.1354337,2096
29660,r3i1p1f1,2096,03,16,0.0,20.272419,5.8322296,2096
29661,r3i1p1f1,2096,03,17,1.3682236614333692,21.213871,9.777031,2096
29662,r3i1p1f1,2096,03,18,27.132238637469445,18.1412,7.5635076,2096
29663,r3i1p1f1,2096,03,19,0.4074014784802068,15.78334,2.2019114,2096
29664,r3i1p1f1,2096,03,20,0.46043102069013525,17.039963,3.1006553,2096
29665,r3i1p1f1,2096,03,21,7.340865589353736,16.007645,5.277928,2096
29666,r3i1p1f1,2096,03,22,0.763696274564912,14.652229,3.2073452,2096
29667,r3i1p1f1,2096,03,23,0.05850411707687079,15.771069,4.243308,2096
29668,r3i1p1f1,2096,03,24,0.37535857939171063,18.314362,3.666992,2096
29669,r3i1p1f1,2096,03,25,0.22959937935714456,17.742258,3.7750306,2096
29670,r3i1p1f1,2096,03,26,0.36221727210156107,18.375582,4.1766543,2096
29671,r3i1p1f1,2096,03,27,0.8752344328174579,18.413588,5.979267,2096
29672,r3i1p1f1,2096,03,28,0.01009548540120401,20.168312,4.599677,2096
29673,r3i1p1f1,2096,03,29,0.4351578655667144,20.29632,6.477279,2096
29674,r3i1p1f1,2096,03,30,0.054379783166840556,18.90564,6.4895964,2096
29675,r3i1p1f1,2096,03,31,0.14815239637369593,19.976603,3.9098358,2096
29676,r3i1p1f1,2096,04,01,0.16954347037068201,20.488428,4.8907685,2096
29677,r3i1p1f1,2096,04,02,1.626509256954402,19.12097,3.4381738,2096
29678,r3i1p1f1,2096,04,03,2.8558352844486237,16.075827,5.01192,2096
29679,r3i1p1f1,2096,04,04,0.8444249969250339,18.964779,6.0259414,2096
29680,r3i1p1f1,2096,04,05,0.0031516966180678346,19.594326,4.0854177,2096
29681,r3i1p1f1,2096,04,06,0.0,20.398092,4.3412623,2096
29682,r3i1p1f1,2096,04,07,0.07301957499238955,20.516247,7.0164194,2096
29683,r3i1p1f1,2096,04,08,0.03866636949224454,20.758373,4.5434046,2096
29684,r3i1p1f1,2096,04,09,0.0,23.17009,4.6985617,2096
29685,r3i1p1f1,2096,04,10,0.0,26.253904,7.170974,2096
29686,r3i1p1f1,2096,04,11,0.0016047966809392992,26.573393,9.51477,2096
29687,r3i1p1f1,2096,04,12,0.000339457518280004,26.206177,8.262943,2096
29688,r3i1p1f1,2096,04,13,0.00034398095908038545,25.353907,7.123593,2096
29689,r3i1p1f1,2096,04,14,0.0,26.957005,7.227469,2096
29690,r3i1p1f1,2096,04,15,0.0,28.370365,8.75557,2096
29691,r3i1p1f1,2096,04,16,0.0015211846877002354,28.68785,11.711088,2096
29692,r3i1p1f1,2096,04,17,0.0,30.568241,11.6355915,2096
29693,r3i1p1f1,2096,04,18,1.8626513113849796,24.681215,6.1142974,2096
29694,r3i1p1f1,2096,04,19,0.8685856318290021,22.203915,5.1051493,2096
29695,r3i1p1f1,2096,04,20,0.014312333139859027,23.25865,8.747044,2096
29696,r3i1p1f1,2096,04,21,0.0,28.779959,9.4082365,2096
29697,r3i1p1f1,2096,04,22,0.0,29.534048,10.358614,2096
29698,r3i1p1f1,2096,04,23,0.0,28.687983,10.051305,2096
29699,r3i1p1f1,2096,04,24,0.0,27.52293,9.443092,2096
29700,r3i1p1f1,2096,04,25,0.0,23.692709,5.5151796,2096
29701,r3i1p1f1,2096,04,26,0.01773615022433329,19.682892,2.203724,2096
29702,r3i1p1f1,2096,04,27,0.0019750539495637922,18.84299,1.7192986,2096
29703,r3i1p1f1,2096,04,28,0.10350670074110509,22.703812,6.597122,2096
29704,r3i1p1f1,2096,04,29,0.0,26.585554,7.667331,2096
29705,r3i1p1f1,2096,04,30,0.0,27.873405,8.916364,2096
29706,r3i1p1f1,2096,05,01,0.0,27.998043,9.55569,2096
29707,r3i1p1f1,2096,05,02,0.0,27.813341,9.446123,2096
29708,r3i1p1f1,2096,05,03,0.0,30.9035,11.886555,2096
29709,r3i1p1f1,2096,05,04,0.0,34.459534,14.509149,2096
29710,r3i1p1f1,2096,05,05,0.0,35.209667,15.825867,2096
29711,r3i1p1f1,2096,05,06,0.0,33.239697,14.062511,2096
29712,r3i1p1f1,2096,05,07,0.04861484707472493,23.85509,6.435032,2096
29713,r3i1p1f1,2096,05,08,0.0,23.954744,5.3197217,2096
29714,r3i1p1f1,2096,05,09,0.0,28.349209,9.725599,2096
29715,r3i1p1f1,2096,05,10,0.0,31.200792,11.225891,2096
29716,r3i1p1f1,2096,05,11,0.0,29.51006,10.7060795,2096
29717,r3i1p1f1,2096,05,12,0.0,27.213892,9.176811,2096
29718,r3i1p1f1,2096,05,13,0.0,25.067232,8.712784,2096
29719,r3i1p1f1,2096,05,14,0.0,28.44396,9.186053,2096
29720,r3i1p1f1,2096,05,15,0.0,29.296467,9.885055,2096
29721,r3i1p1f1,2096,05,16,0.0,29.640078,10.611388,2096
29722,r3i1p1f1,2096,05,17,0.0,32.345272,12.83304,2096
29723,r3i1p1f1,2096,05,18,0.0,36.24508,15.519448,2096
29724,r3i1p1f1,2096,05,19,0.0,37.877785,17.561544,2096
29725,r3i1p1f1,2096,05,20,0.0,37.098164,16.227888,2096
29726,r3i1p1f1,2096,05,21,0.0,34.62101,15.371486,2096
29727,r3i1p1f1,2096,05,22,0.0,31.319536,12.950621,2096
29728,r3i1p1f1,2096,05,23,0.0,28.371107,10.100277,2096
29729,r3i1p1f1,2096,05,24,0.0,33.41965,13.6104355,2096
29730,r3i1p1f1,2096,05,25,0.0,36.11504,15.1827965,2096
29731,r3i1p1f1,2096,05,26,0.0,35.308384,15.719455,2096
29732,r3i1p1f1,2096,05,27,0.0,34.280155,15.63794,2096
29733,r3i1p1f1,2096,05,28,0.0,34.65229,15.631236,2096
29734,r3i1p1f1,2096,05,29,0.0,34.825882,15.353676,2096
29735,r3i1p1f1,2096,05,30,0.0,35.216614,16.279114,2096
29736,r3i1p1f1,2096,05,31,0.0,36.397045,17.046223,2096
29737,r3i1p1f1,2096,06,01,0.0,38.033092,18.164442,2096
29738,r3i1p1f1,2096,06,02,0.0,35.530273,16.857412,2096
29739,r3i1p1f1,2096,06,03,0.0,34.788498,14.351695,2096
29740,r3i1p1f1,2096,06,04,0.0,36.46783,15.79365,2096
29741,r3i1p1f1,2096,06,05,0.0,37.19941,17.644388,2096
29742,r3i1p1f1,2096,06,06,0.0,36.312366,17.411743,2096
29743,r3i1p1f1,2096,06,07,0.0,36.06635,16.138693,2096
29744,r3i1p1f1,2096,06,08,0.0,34.933254,16.358036,2096
29745,r3i1p1f1,2096,06,09,0.0,34.88379,16.051296,2096
29746,r3i1p1f1,2096,06,10,0.0,37.962986,17.83047,2096
29747,r3i1p1f1,2096,06,11,0.0,38.84386,20.208221,2096
29748,r3i1p1f1,2096,06,12,0.0,37.600163,18.497574,2096
29749,r3i1p1f1,2096,06,13,0.00021976976175651407,33.258976,16.17862,2096
29750,r3i1p1f1,2096,06,14,0.0,35.846577,16.574934,2096
29751,r3i1p1f1,2096,06,15,0.0,36.67148,17.42314,2096
29752,r3i1p1f1,2096,06,16,0.0,36.93465,17.548264,2096
29753,r3i1p1f1,2096,06,17,0.010171519331351825,38.039043,19.093645,2096
29754,r3i1p1f1,2096,06,18,0.3578212320324824,38.294247,22.047604,2096
29755,r3i1p1f1,2096,06,19,0.0,37.12659,18.232384,2096
29756,r3i1p1f1,2096,06,20,0.0,33.693115,15.784312,2096
29757,r3i1p1f1,2096,06,21,0.0,34.15662,15.187958,2096
29758,r3i1p1f1,2096,06,22,0.03170634595197484,33.31102,16.499744,2096
29759,r3i1p1f1,2096,06,23,0.0,33.408432,16.847157,2096
29760,r3i1p1f1,2096,06,24,0.0,36.034298,17.104404,2096
29761,r3i1p1f1,2096,06,25,3.6134992552659684,30.61713,14.766446,2096
29762,r3i1p1f1,2096,06,26,0.0,36.313553,16.796093,2096
29763,r3i1p1f1,2096,06,27,0.0,38.781937,19.829336,2096
29764,r3i1p1f1,2096,06,28,0.0,39.380978,20.89149,2096
29765,r3i1p1f1,2096,06,29,0.0,41.411217,20.631752,2096
29766,r3i1p1f1,2096,06,30,0.8878920815010188,39.53304,20.71594,2096
29767,r3i1p1f1,2096,07,01,1.6859299352963166,39.330357,21.736399,2096
29768,r3i1p1f1,2096,07,02,0.0,41.095642,21.465338,2096
29769,r3i1p1f1,2096,07,03,0.004090006343286597,41.067833,21.918024,2096
29770,r3i1p1f1,2096,07,04,0.0006418187121832461,40.639732,21.219887,2096
29771,r3i1p1f1,2096,07,05,0.0,38.893784,20.382471,2096
29772,r3i1p1f1,2096,07,06,0.6368178813621247,36.55296,20.829802,2096
29773,r3i1p1f1,2096,07,07,0.0,35.40975,18.956762,2096
29774,r3i1p1f1,2096,07,08,0.0,38.993305,19.978819,2096
29775,r3i1p1f1,2096,07,09,0.6278721916984951,41.14632,22.487005,2096
29776,r3i1p1f1,2096,07,10,8.373147634234611,40.065746,23.214695,2096
29777,r3i1p1f1,2096,07,11,3.074328739222079,39.478676,21.972523,2096
29778,r3i1p1f1,2096,07,12,2.3152014975885598,39.330963,21.46922,2096
29779,r3i1p1f1,2096,07,13,0.19284646102939654,37.16722,20.103626,2096
29780,r3i1p1f1,2096,07,14,0.010166223316142956,36.75159,19.87316,2096
29781,r3i1p1f1,2096,07,15,0.0,36.47326,20.558947,2096
29782,r3i1p1f1,2096,07,16,0.0,34.75032,17.885132,2096
29783,r3i1p1f1,2096,07,17,0.0,34.088573,17.488804,2096
29784,r3i1p1f1,2096,07,18,0.0,33.575455,18.191248,2096
29785,r3i1p1f1,2096,07,19,0.0,34.62538,17.828905,2096
29786,r3i1p1f1,2096,07,20,0.0,34.33672,17.82653,2096
29787,r3i1p1f1,2096,07,21,0.0,33.653603,17.926327,2096
29788,r3i1p1f1,2096,07,22,0.0,34.661655,18.366835,2096
29789,r3i1p1f1,2096,07,23,0.0,36.65628,20.048628,2096
29790,r3i1p1f1,2096,07,24,0.0,37.743946,20.737585,2096
29791,r3i1p1f1,2096,07,25,0.008895099092500679,38.611988,20.83196,2096
29792,r3i1p1f1,2096,07,26,0.4105744384948842,39.66793,23.335592,2096
29793,r3i1p1f1,2096,07,27,0.031804511769829936,39.73114,22.432245,2096
29794,r3i1p1f1,2096,07,28,0.05996727742692173,37.923462,20.975327,2096
29795,r3i1p1f1,2096,07,29,0.0,36.671585,20.007174,2096
29796,r3i1p1f1,2096,07,30,0.0,37.040833,20.404013,2096
29797,r3i1p1f1,2096,07,31,0.0,38.736954,21.418962,2096
29798,r3i1p1f1,2096,08,01,0.0,41.009953,22.69664,2096
29799,r3i1p1f1,2096,08,02,0.09880026756560034,40.75155,22.724052,2096
29800,r3i1p1f1,2096,08,03,0.09994686963953868,39.20394,21.648281,2096
29801,r3i1p1f1,2096,08,04,1.3503483007044643,36.4108,21.249716,2096
29802,r3i1p1f1,2096,08,05,0.4136687528190316,37.894085,21.848341,2096
29803,r3i1p1f1,2096,08,06,0.0,39.25927,21.588991,2096
29804,r3i1p1f1,2096,08,07,0.2544417601893656,38.86229,22.033201,2096
29805,r3i1p1f1,2096,08,08,0.06245158052699866,38.539192,21.365692,2096
29806,r3i1p1f1,2096,08,09,0.0,38.215736,21.356846,2096
29807,r3i1p1f1,2096,08,10,0.0,37.463974,21.403801,2096
29808,r3i1p1f1,2096,08,11,0.0,36.463173,20.919191,2096
29809,r3i1p1f1,2096,08,12,0.0,37.395584,20.329195,2096
29810,r3i1p1f1,2096,08,13,0.0,38.03799,20.566841,2096
29811,r3i1p1f1,2096,08,14,0.0,38.005863,19.312227,2096
29812,r3i1p1f1,2096,08,15,0.0,38.34326,19.251638,2096
29813,r3i1p1f1,2096,08,16,0.0,39.509697,20.425962,2096
29814,r3i1p1f1,2096,08,17,0.006865666461332391,39.38209,22.80578,2096
29815,r3i1p1f1,2096,08,18,0.39960905525896867,37.01854,22.97158,2096
29816,r3i1p1f1,2096,08,19,0.9391027985398206,38.06888,22.51686,2096
29817,r3i1p1f1,2096,08,20,0.015375083524056456,39.38054,21.533272,2096
29818,r3i1p1f1,2096,08,21,0.057966170627906016,38.492523,20.656818,2096
29819,r3i1p1f1,2096,08,22,0.03874938126307714,38.178207,21.269228,2096
29820,r3i1p1f1,2096,08,23,0.0736053117328662,39.451233,22.692652,2096
29821,r3i1p1f1,2096,08,24,0.003718366479557572,41.950752,22.522762,2096
29822,r3i1p1f1,2096,08,25,0.006114347470980702,42.003593,23.72172,2096
29823,r3i1p1f1,2096,08,26,0.010316685462991396,41.09947,22.241053,2096
29824,r3i1p1f1,2096,08,27,0.17022486366896014,39.843895,23.02001,2096
29825,r3i1p1f1,2096,08,28,0.011248888066885147,40.16442,22.243326,2096
29826,r3i1p1f1,2096,08,29,0.002058619689760786,39.95911,22.065954,2096
29827,r3i1p1f1,2096,08,30,0.0,39.8737,22.964794,2096
29828,r3i1p1f1,2096,08,31,0.0,39.836983,20.699442,2096
29829,r3i1p1f1,2096,09,01,0.0,39.809128,22.250961,2096
29830,r3i1p1f1,2096,09,02,0.0005719947953228698,39.579803,23.29519,2096
29831,r3i1p1f1,2096,09,03,1.7697176148684584,40.02935,23.002424,2096
29832,r3i1p1f1,2096,09,04,0.7933274402404838,38.09079,23.573479,2096
29833,r3i1p1f1,2096,09,05,0.035875547059042605,33.965214,20.736092,2096
29834,r3i1p1f1,2096,09,06,0.0,30.659525,16.036394,2096
29835,r3i1p1f1,2096,09,07,0.0,31.7455,15.544434,2096
29836,r3i1p1f1,2096,09,08,0.0,32.2506,15.989595,2096
29837,r3i1p1f1,2096,09,09,0.0,31.425869,15.835647,2096
29838,r3i1p1f1,2096,09,10,0.0,30.136349,16.096409,2096
29839,r3i1p1f1,2096,09,11,0.0,31.822874,15.44201,2096
29840,r3i1p1f1,2096,09,12,0.0,34.623676,17.26345,2096
29841,r3i1p1f1,2096,09,13,0.0,35.442272,18.36195,2096
29842,r3i1p1f1,2096,09,14,0.0,34.715034,18.053534,2096
29843,r3i1p1f1,2096,09,15,0.0,33.09608,17.503687,2096
29844,r3i1p1f1,2096,09,16,0.0,30.874355,16.298908,2096
29845,r3i1p1f1,2096,09,17,0.0,33.67443,16.65868,2096
29846,r3i1p1f1,2096,09,18,0.0,35.472607,19.784449,2096
29847,r3i1p1f1,2096,09,19,0.0,36.194298,20.520788,2096
29848,r3i1p1f1,2096,09,20,0.13730498664010543,34.319904,20.12744,2096
29849,r3i1p1f1,2096,09,21,0.12798086402295722,27.19499,14.593523,2096
29850,r3i1p1f1,2096,09,22,0.05478350032221484,23.465076,9.190913,2096
29851,r3i1p1f1,2096,09,23,0.0,26.64536,10.672487,2096
29852,r3i1p1f1,2096,09,24,0.0,31.537289,15.162532,2096
29853,r3i1p1f1,2096,09,25,0.0,34.72989,17.964254,2096
29854,r3i1p1f1,2096,09,26,0.0009247081735256044,34.261105,18.04704,2096
29855,r3i1p1f1,2096,09,27,0.0,30.536957,16.814112,2096
29856,r3i1p1f1,2096,09,28,0.0,31.759077,15.972028,2096
29857,r3i1p1f1,2096,09,29,0.0,35.603424,17.72266,2096
29858,r3i1p1f1,2096,09,30,0.0,36.90836,19.447512,2096
29859,r3i1p1f1,2096,10,01,0.0,36.825188,18.905596,2096
29860,r3i1p1f1,2096,10,02,0.0,35.35351,17.942842,2096
29861,r3i1p1f1,2096,10,03,0.0,32.70251,15.967266,2096
29862,r3i1p1f1,2096,10,04,0.0,32.98233,15.755061,2096
29863,r3i1p1f1,2096,10,05,0.0,32.996975,17.154192,2096
29864,r3i1p1f1,2096,10,06,0.0,32.395546,16.364594,2096
29865,r3i1p1f1,2096,10,07,0.0,31.43832,15.324332,2096
29866,r3i1p1f1,2096,10,08,0.0,33.29151,17.98226,2096
29867,r3i1p1f1,2096,10,09,0.0,34.57738,18.516636,2096
29868,r3i1p1f1,2096,10,10,0.0,34.731655,17.917385,2096
29869,r3i1p1f1,2096,10,11,0.0,34.407787,18.492683,2096
29870,r3i1p1f1,2096,10,12,0.0,32.85623,18.974365,2096
29871,r3i1p1f1,2096,10,13,0.0,34.168064,18.73385,2096
29872,r3i1p1f1,2096,10,14,0.0,35.965496,19.299646,2096
29873,r3i1p1f1,2096,10,15,0.0,36.681747,19.728662,2096
29874,r3i1p1f1,2096,10,16,0.0,36.56576,19.30725,2096
29875,r3i1p1f1,2096,10,17,0.0,35.319775,17.484228,2096
29876,r3i1p1f1,2096,10,18,0.0,34.79382,16.823204,2096
29877,r3i1p1f1,2096,10,19,0.0,33.43299,16.697998,2096
29878,r3i1p1f1,2096,10,20,0.0,32.484726,16.629494,2096
29879,r3i1p1f1,2096,10,21,0.0,31.300758,15.642254,2096
29880,r3i1p1f1,2096,10,22,0.024802657761469935,27.602598,12.78979,2096
29881,r3i1p1f1,2096,10,23,0.07823624513658808,21.1693,9.589218,2096
29882,r3i1p1f1,2096,10,24,0.0,20.678232,6.772401,2096
29883,r3i1p1f1,2096,10,25,0.006719403573890414,21.852385,9.879557,2096
29884,r3i1p1f1,2096,10,26,3.4358582911393527,23.38644,10.843478,2096
29885,r3i1p1f1,2096,10,27,29.81365910367458,24.53758,12.848837,2096
29886,r3i1p1f1,2096,10,28,12.079004679901779,22.259115,13.070267,2096
29887,r3i1p1f1,2096,10,29,30.356642165561702,22.676855,14.460463,2096
29888,r3i1p1f1,2096,10,30,15.305730864834693,24.110445,12.809883,2096
29889,r3i1p1f1,2096,10,31,28.335819079142944,24.178167,15.333212,2096
29890,r3i1p1f1,2096,11,01,38.129894537339695,22.59138,12.190816,2096
29891,r3i1p1f1,2096,11,02,1.5058906371254897,14.937856,3.2736082,2096
29892,r3i1p1f1,2096,11,03,8.732065669801985,15.169732,5.486564,2096
29893,r3i1p1f1,2096,11,04,1.226589978682155,16.613697,5.7079415,2096
29894,r3i1p1f1,2096,11,05,0.0,17.864536,5.18583,2096
29895,r3i1p1f1,2096,11,06,0.0,18.49723,5.660321,2096
29896,r3i1p1f1,2096,11,07,0.06880619843286695,17.083414,5.0951514,2096
29897,r3i1p1f1,2096,11,08,0.0,16.619238,4.021897,2096
29898,r3i1p1f1,2096,11,09,0.0,16.186989,4.5113444,2096
29899,r3i1p1f1,2096,11,10,0.0,17.114447,4.460928,2096
29900,r3i1p1f1,2096,11,11,0.0,15.0544405,4.08476,2096
29901,r3i1p1f1,2096,11,12,0.0,13.644657,2.462977,2096
29902,r3i1p1f1,2096,11,13,0.006313742875742416,13.205062,1.7464089,2096
29903,r3i1p1f1,2096,11,14,0.0,14.205786,2.384744,2096
29904,r3i1p1f1,2096,11,15,0.0,16.638254,3.8939004,2096
29905,r3i1p1f1,2096,11,16,0.0,18.273611,5.326148,2096
29906,r3i1p1f1,2096,11,17,0.0,18.563236,5.8813663,2096
29907,r3i1p1f1,2096,11,18,0.0,18.534561,5.886512,2096
29908,r3i1p1f1,2096,11,19,0.0,19.417051,6.45659,2096
29909,r3i1p1f1,2096,11,20,0.0,20.98889,6.725486,2096
29910,r3i1p1f1,2096,11,21,0.0,20.481405,7.5454493,2096
29911,r3i1p1f1,2096,11,22,0.0,19.611034,8.11877,2096
29912,r3i1p1f1,2096,11,23,0.06011907334719912,17.815691,6.6027513,2096
29913,r3i1p1f1,2096,11,24,0.005022622852155826,15.262756,4.2681985,2096
29914,r3i1p1f1,2096,11,25,0.016885058509863236,17.222832,4.135728,2096
29915,r3i1p1f1,2096,11,26,0.0,18.845482,4.0410666,2096
29916,r3i1p1f1,2096,11,27,0.0,20.03949,5.0409436,2096
29917,r3i1p1f1,2096,11,28,0.0,21.388443,4.574827,2096
29918,r3i1p1f1,2096,11,29,0.000140260972054393,20.914074,3.3291328,2096
29919,r3i1p1f1,2096,11,30,13.05094953076839,21.478287,9.406632,2096
29920,r3i1p1f1,2096,12,01,19.590022998304587,11.669972,5.7651453,2096
29921,r3i1p1f1,2096,12,02,0.00047554572009892473,10.322435,-1.0592107,2096
29922,r3i1p1f1,2096,12,03,5.538493833667031,11.072727,1.6784652,2096
29923,r3i1p1f1,2096,12,04,5.801783867748534,11.0584545,3.8346434,2096
29924,r3i1p1f1,2096,12,05,0.0,10.153923,-1.6279109,2096
29925,r3i1p1f1,2096,12,06,1.0014386888175604,10.049632,0.93784744,2096
29926,r3i1p1f1,2096,12,07,3.726884706728731,11.171763,2.9779794,2096
29927,r3i1p1f1,2096,12,08,0.5410394799938248,14.083871,5.0821023,2096
29928,r3i1p1f1,2096,12,09,10.195800598193632,13.28314,3.7712905,2096
29929,r3i1p1f1,2096,12,10,0.4330319414767666,11.938973,5.0663757,2096
29930,r3i1p1f1,2096,12,11,0.014647105223654458,12.864771,-0.671822,2096
29931,r3i1p1f1,2096,12,12,0.0,15.021784,1.124861,2096
29932,r3i1p1f1,2096,12,13,0.0,17.762568,3.8002932,2096
29933,r3i1p1f1,2096,12,14,0.0,18.237673,4.7494164,2096
29934,r3i1p1f1,2096,12,15,12.499143435125006,16.064089,5.6778893,2096
29935,r3i1p1f1,2096,12,16,6.228255952949191,11.516453,4.5989485,2096
29936,r3i1p1f1,2096,12,17,0.004986211032232721,7.5783067,-1.7712747,2096
29937,r3i1p1f1,2096,12,18,0.0009149514230419741,9.340244,-2.3321671,2096
29938,r3i1p1f1,2096,12,19,0.004219765295133446,9.823842,-1.5442121,2096
29939,r3i1p1f1,2096,12,20,8.097944770711226,10.306671,3.1134744,2096
29940,r3i1p1f1,2096,12,21,0.013432921339038083,10.635756,-0.1405319,2096
29941,r3i1p1f1,2096,12,22,0.9936015787382007,12.87602,1.3341072,2096
29942,r3i1p1f1,2096,12,23,0.9093395324717594,12.084213,4.3069367,2096
29943,r3i1p1f1,2096,12,24,12.941809632307427,13.369324,5.2087154,2096
29944,r3i1p1f1,2096,12,25,0.0015767701023088937,14.990678,6.0854335,2096
29945,r3i1p1f1,2096,12,26,0.0,16.837044,3.2111685,2096
29946,r3i1p1f1,2096,12,27,0.0,17.642813,3.375511,2096
29947,r3i1p1f1,2096,12,28,0.0,16.91687,4.069679,2096
29948,r3i1p1f1,2096,12,29,0.0013408003812373588,17.165104,3.5141914,2096
29949,r3i1p1f1,2096,12,30,11.831321396511274,16.92839,7.7652426,2096
29950,r3i1p1f1,2096,12,31,28.246386234653375,19.477688,9.951536,2096
29951,r3i1p1f1,2097,01,01,33.41874156714766,18.207876,9.516193,2097
29952,r3i1p1f1,2097,01,02,2.7526950100842775,13.775817,5.1900797,2097
29953,r3i1p1f1,2097,01,03,3.3130938312211637,12.528395,1.1723208,2097
29954,r3i1p1f1,2097,01,04,8.423710233350214,13.387384,6.308134,2097
29955,r3i1p1f1,2097,01,05,4.063761726036759,15.132344,6.0348296,2097
29956,r3i1p1f1,2097,01,06,0.3427839019004199,14.448628,4.546983,2097
29957,r3i1p1f1,2097,01,07,0.1715191134273351,13.721135,1.758678,2097
29958,r3i1p1f1,2097,01,08,0.7270662532474407,13.162954,2.9277942,2097
29959,r3i1p1f1,2097,01,09,13.525277683527465,14.125357,5.4621224,2097
29960,r3i1p1f1,2097,01,10,28.4937783458383,13.92768,7.695394,2097
29961,r3i1p1f1,2097,01,11,21.637579781253766,16.83331,8.802287,2097
29962,r3i1p1f1,2097,01,12,3.0799386695316984,15.540467,5.4073076,2097
29963,r3i1p1f1,2097,01,13,0.0,12.074893,0.61150306,2097
29964,r3i1p1f1,2097,01,14,0.0,11.532799,0.71544015,2097
29965,r3i1p1f1,2097,01,15,0.04585846015040509,15.476393,3.6145425,2097
29966,r3i1p1f1,2097,01,16,0.31028707974518044,13.668674,0.9062878,2097
29967,r3i1p1f1,2097,01,17,13.205888405892907,9.51319,3.348332,2097
29968,r3i1p1f1,2097,01,18,0.7871184745795979,11.2153225,2.9853234,2097
29969,r3i1p1f1,2097,01,19,0.0015093906161685784,11.794212,2.486818,2097
29970,r3i1p1f1,2097,01,20,0.0,11.838045,2.091132,2097
29971,r3i1p1f1,2097,01,21,0.0,11.897827,-1.5773023,2097
29972,r3i1p1f1,2097,01,22,0.0,13.4637785,-0.7563735,2097
29973,r3i1p1f1,2097,01,23,0.0,15.304671,1.8925413,2097
29974,r3i1p1f1,2097,01,24,0.0,15.896696,2.3980935,2097
29975,r3i1p1f1,2097,01,25,0.0,15.8155775,2.8416386,2097
29976,r3i1p1f1,2097,01,26,1.8848575754688655,14.876589,4.0841513,2097
29977,r3i1p1f1,2097,01,27,9.358933593501922,12.878599,5.805299,2097
29978,r3i1p1f1,2097,01,28,0.0057477212976664305,12.268433,0.7948275,2097
29979,r3i1p1f1,2097,01,29,0.0013681345312348144,13.202312,0.8240176,2097
29980,r3i1p1f1,2097,01,30,0.0,13.701516,1.4651649,2097
29981,r3i1p1f1,2097,01,31,0.0,16.184637,2.357149,2097
29982,r3i1p1f1,2097,02,01,0.0,18.38899,4.3470373,2097
29983,r3i1p1f1,2097,02,02,0.0,19.283632,5.1605377,2097
29984,r3i1p1f1,2097,02,03,0.0,18.69986,5.0489187,2097
29985,r3i1p1f1,2097,02,04,0.0,18.869774,5.7316184,2097
29986,r3i1p1f1,2097,02,05,0.0,19.828302,7.1950784,2097
29987,r3i1p1f1,2097,02,06,0.0,20.148504,5.3124213,2097
29988,r3i1p1f1,2097,02,07,4.133439695594434,20.394894,8.31529,2097
29989,r3i1p1f1,2097,02,08,6.339763531774004,16.340866,7.1588297,2097
29990,r3i1p1f1,2097,02,09,4.766271744858635,17.126884,6.8856044,2097
29991,r3i1p1f1,2097,02,10,7.975405098877673,16.419209,4.934629,2097
29992,r3i1p1f1,2097,02,11,13.754252059018407,12.821493,6.298912,2097
29993,r3i1p1f1,2097,02,12,58.741171998889044,16.212013,9.008668,2097
29994,r3i1p1f1,2097,02,13,4.7949579394028685,17.488043,5.095785,2097
29995,r3i1p1f1,2097,02,14,8.459592342110088,15.068885,4.364758,2097
29996,r3i1p1f1,2097,02,15,12.665161692663483,13.728232,6.283043,2097
29997,r3i1p1f1,2097,02,16,0.0579982759147628,15.808165,2.7569458,2097
29998,r3i1p1f1,2097,02,17,0.0,19.769436,5.4716406,2097
29999,r3i1p1f1,2097,02,18,0.00245182621063467,19.481787,7.0270786,2097
30000,r3i1p1f1,2097,02,19,0.14361144473448142,20.215782,5.870443,2097
30001,r3i1p1f1,2097,02,20,0.06351385191506283,19.105682,5.799638,2097
30002,r3i1p1f1,2097,02,21,0.619422484611057,15.690944,6.268976,2097
30003,r3i1p1f1,2097,02,22,10.322897217214852,14.401057,5.208401,2097
30004,r3i1p1f1,2097,02,23,0.007169533901932565,15.4116335,1.7907013,2097
30005,r3i1p1f1,2097,02,24,0.0,16.517239,2.1328335,2097
30006,r3i1p1f1,2097,02,25,0.14526601197296646,15.635136,6.1074533,2097
30007,r3i1p1f1,2097,02,26,0.0,16.978909,4.573385,2097
30008,r3i1p1f1,2097,02,27,0.0,21.07797,6.6300216,2097
30009,r3i1p1f1,2097,02,28,0.0,22.39028,8.614919,2097
30010,r3i1p1f1,2097,03,01,0.0,22.89488,8.237687,2097
30011,r3i1p1f1,2097,03,02,0.0023503104140135374,23.101938,8.265001,2097
30012,r3i1p1f1,2097,03,03,0.031510850610423156,21.791775,9.14886,2097
30013,r3i1p1f1,2097,03,04,0.007459386992691593,20.102413,7.246047,2097
30014,r3i1p1f1,2097,03,05,0.0013385389959721854,20.9066,4.859693,2097
30015,r3i1p1f1,2097,03,06,0.00019742597501273408,22.520853,6.181908,2097
30016,r3i1p1f1,2097,03,07,0.0,23.059013,6.7572556,2097
30017,r3i1p1f1,2097,03,08,0.0,23.205294,7.1402903,2097
30018,r3i1p1f1,2097,03,09,0.0,25.608425,7.517048,2097
30019,r3i1p1f1,2097,03,10,0.0,26.461489,8.549234,2097
30020,r3i1p1f1,2097,03,11,0.763868759469474,24.503124,10.253239,2097
30021,r3i1p1f1,2097,03,12,20.4126083440232,15.891041,5.1740074,2097
30022,r3i1p1f1,2097,03,13,5.8528543851911525,12.192887,4.5951324,2097
30023,r3i1p1f1,2097,03,14,0.01159031880833385,14.880391,4.983398,2097
30024,r3i1p1f1,2097,03,15,0.030567224594326974,18.616007,4.532181,2097
30025,r3i1p1f1,2097,03,16,0.16325033723357288,20.14376,7.255081,2097
30026,r3i1p1f1,2097,03,17,0.394751915000873,19.01929,9.925349,2097
30027,r3i1p1f1,2097,03,18,0.0,15.783086,2.4648724,2097
30028,r3i1p1f1,2097,03,19,0.0,17.07509,1.5038339,2097
30029,r3i1p1f1,2097,03,20,0.0,17.728329,2.6198664,2097
30030,r3i1p1f1,2097,03,21,0.018638896175561415,17.135921,4.332776,2097
30031,r3i1p1f1,2097,03,22,0.0,18.161745,2.6370158,2097
30032,r3i1p1f1,2097,03,23,0.0,20.413815,5.26321,2097
30033,r3i1p1f1,2097,03,24,0.0,22.267344,6.1647387,2097
30034,r3i1p1f1,2097,03,25,0.07947444656703297,21.932886,7.4998055,2097
30035,r3i1p1f1,2097,03,26,0.0,20.046478,2.876147,2097
30036,r3i1p1f1,2097,03,27,0.0,23.067102,6.08345,2097
30037,r3i1p1f1,2097,03,28,0.0,25.598701,7.3895884,2097
30038,r3i1p1f1,2097,03,29,0.0,24.8934,7.136454,2097
30039,r3i1p1f1,2097,03,30,0.003266872059391586,24.27507,6.8645415,2097
30040,r3i1p1f1,2097,03,31,0.0,25.547882,7.063241,2097
30041,r3i1p1f1,2097,04,01,0.0,28.060753,10.051972,2097
30042,r3i1p1f1,2097,04,02,0.01264268586413836,28.264832,9.081535,2097
30043,r3i1p1f1,2097,04,03,5.8240962903029425,20.22918,3.9663396,2097
30044,r3i1p1f1,2097,04,04,0.13609980949144246,17.640205,1.7478966,2097
30045,r3i1p1f1,2097,04,05,0.0,20.83994,2.3977692,2097
30046,r3i1p1f1,2097,04,06,0.0,26.46936,5.341454,2097
30047,r3i1p1f1,2097,04,07,1.5601802601679193,23.774172,3.6601808,2097
30048,r3i1p1f1,2097,04,08,21.73070830127196,21.1301,9.420542,2097
30049,r3i1p1f1,2097,04,09,9.146400842640134,19.702438,8.213561,2097
30050,r3i1p1f1,2097,04,10,0.2392799330989488,20.939209,7.5366716,2097
30051,r3i1p1f1,2097,04,11,0.6169346761828021,21.684183,7.7667036,2097
30052,r3i1p1f1,2097,04,12,10.20436655847086,19.151537,9.578603,2097
30053,r3i1p1f1,2097,04,13,0.33009960107489006,20.92787,6.019429,2097
30054,r3i1p1f1,2097,04,14,0.0008236259049171525,23.87574,8.106181,2097
30055,r3i1p1f1,2097,04,15,0.10424104335746079,23.502079,9.544381,2097
30056,r3i1p1f1,2097,04,16,0.44036936834317836,21.093555,7.78448,2097
30057,r3i1p1f1,2097,04,17,0.0,20.410862,5.1928205,2097
30058,r3i1p1f1,2097,04,18,0.0,22.490799,6.216035,2097
30059,r3i1p1f1,2097,04,19,0.9601810375991617,21.152462,6.9088874,2097
30060,r3i1p1f1,2097,04,20,29.759392842569277,18.655657,7.729349,2097
30061,r3i1p1f1,2097,04,21,4.377635861376555,17.625158,6.0968356,2097
30062,r3i1p1f1,2097,04,22,5.029510797146555,17.845846,7.785557,2097
30063,r3i1p1f1,2097,04,23,1.8895768041665812,16.507593,5.1996565,2097
30064,r3i1p1f1,2097,04,24,0.26616680048667174,15.971919,3.6410303,2097
30065,r3i1p1f1,2097,04,25,0.579537894958445,16.858185,3.8376496,2097
30066,r3i1p1f1,2097,04,26,0.0,20.901842,5.372731,2097
30067,r3i1p1f1,2097,04,27,0.0,23.048244,7.3100643,2097
30068,r3i1p1f1,2097,04,28,0.0999256884053025,23.635544,9.217588,2097
30069,r3i1p1f1,2097,04,29,0.0009396490923157244,23.285648,8.352721,2097
30070,r3i1p1f1,2097,04,30,0.0,22.349632,7.4948916,2097
30071,r3i1p1f1,2097,05,01,0.0,24.405092,7.6722064,2097
30072,r3i1p1f1,2097,05,02,0.0,29.397425,10.474327,2097
30073,r3i1p1f1,2097,05,03,0.0,32.275322,13.547475,2097
30074,r3i1p1f1,2097,05,04,0.0,34.17488,14.521203,2097
30075,r3i1p1f1,2097,05,05,0.0,32.346165,13.6765585,2097
30076,r3i1p1f1,2097,05,06,0.07401329893830487,32.15229,13.449573,2097
30077,r3i1p1f1,2097,05,07,0.22865757669382164,31.129528,12.856972,2097
30078,r3i1p1f1,2097,05,08,0.015018480370406794,25.563131,9.134767,2097
30079,r3i1p1f1,2097,05,09,0.08135802144710341,22.498821,6.2278976,2097
30080,r3i1p1f1,2097,05,10,0.0,24.329454,7.708036,2097
30081,r3i1p1f1,2097,05,11,0.0,26.262978,7.3418236,2097
30082,r3i1p1f1,2097,05,12,0.0,26.039455,7.7485085,2097
30083,r3i1p1f1,2097,05,13,0.0,25.673908,10.549218,2097
30084,r3i1p1f1,2097,05,14,0.0,29.613937,10.190304,2097
30085,r3i1p1f1,2097,05,15,0.0,34.56573,14.931205,2097
30086,r3i1p1f1,2097,05,16,0.0,36.76977,16.173014,2097
30087,r3i1p1f1,2097,05,17,0.0,35.563087,15.451553,2097
30088,r3i1p1f1,2097,05,18,0.0,32.657555,12.943324,2097
30089,r3i1p1f1,2097,05,19,0.0,37.16765,17.254541,2097
30090,r3i1p1f1,2097,05,20,0.0,38.092545,18.9283,2097
30091,r3i1p1f1,2097,05,21,0.0,36.86866,17.018019,2097
30092,r3i1p1f1,2097,05,22,0.0,31.299082,12.448057,2097
30093,r3i1p1f1,2097,05,23,0.0,28.65988,11.549603,2097
30094,r3i1p1f1,2097,05,24,0.0,29.092411,12.178628,2097
30095,r3i1p1f1,2097,05,25,0.0,32.404987,13.076863,2097
30096,r3i1p1f1,2097,05,26,0.0,32.86351,13.677043,2097
30097,r3i1p1f1,2097,05,27,0.0,32.594757,13.4825325,2097
30098,r3i1p1f1,2097,05,28,0.0,32.416977,13.83942,2097
30099,r3i1p1f1,2097,05,29,0.0,31.20182,12.955578,2097
30100,r3i1p1f1,2097,05,30,0.0,24.764212,8.394442,2097
30101,r3i1p1f1,2097,05,31,0.0,27.684355,9.821742,2097
30102,r3i1p1f1,2097,06,01,0.0,31.780226,12.618564,2097
30103,r3i1p1f1,2097,06,02,0.0,31.728128,13.7135515,2097
30104,r3i1p1f1,2097,06,03,0.0,28.105549,11.492903,2097
30105,r3i1p1f1,2097,06,04,0.0,26.970026,10.591384,2097
30106,r3i1p1f1,2097,06,05,0.0,33.61815,14.204611,2097
30107,r3i1p1f1,2097,06,06,0.0,37.483788,17.658943,2097
30108,r3i1p1f1,2097,06,07,0.0,37.59268,18.044287,2097
30109,r3i1p1f1,2097,06,08,0.0,36.618504,17.674957,2097
30110,r3i1p1f1,2097,06,09,0.0,33.987072,16.822702,2097
30111,r3i1p1f1,2097,06,10,0.0,34.69691,16.274906,2097
30112,r3i1p1f1,2097,06,11,0.0,34.014503,15.615358,2097
30113,r3i1p1f1,2097,06,12,0.0,33.027805,15.189778,2097
30114,r3i1p1f1,2097,06,13,0.0,36.388454,17.895834,2097
30115,r3i1p1f1,2097,06,14,0.0,35.58127,17.317266,2097
30116,r3i1p1f1,2097,06,15,0.0,34.21982,15.946209,2097
30117,r3i1p1f1,2097,06,16,0.0,35.334297,16.671347,2097
30118,r3i1p1f1,2097,06,17,0.0,36.543385,17.674805,2097
30119,r3i1p1f1,2097,06,18,0.0,35.199158,16.192158,2097
30120,r3i1p1f1,2097,06,19,0.0,34.21203,16.158094,2097
30121,r3i1p1f1,2097,06,20,0.0,35.365818,16.450314,2097
30122,r3i1p1f1,2097,06,21,0.0,34.509842,16.720842,2097
30123,r3i1p1f1,2097,06,22,0.0,35.471207,17.73817,2097
30124,r3i1p1f1,2097,06,23,0.0,38.471466,19.301643,2097
30125,r3i1p1f1,2097,06,24,0.0,39.61847,20.508062,2097
30126,r3i1p1f1,2097,06,25,0.0,39.899437,21.307533,2097
30127,r3i1p1f1,2097,06,26,0.002904989559090499,39.595825,20.943186,2097
30128,r3i1p1f1,2097,06,27,0.0,39.53846,20.526989,2097
30129,r3i1p1f1,2097,06,28,0.17198899895778264,37.639103,19.417171,2097
30130,r3i1p1f1,2097,06,29,0.7822264299069172,36.913498,21.151817,2097
30131,r3i1p1f1,2097,06,30,0.0,39.050182,20.442848,2097
30132,r3i1p1f1,2097,07,01,0.0,40.15404,20.748964,2097
30133,r3i1p1f1,2097,07,02,0.0,41.031242,23.13715,2097
30134,r3i1p1f1,2097,07,03,0.0,41.201107,21.93392,2097
30135,r3i1p1f1,2097,07,04,0.0,40.084076,21.566782,2097
30136,r3i1p1f1,2097,07,05,0.033014926002854765,37.51961,20.800056,2097
30137,r3i1p1f1,2097,07,06,0.0,37.493855,18.961649,2097
30138,r3i1p1f1,2097,07,07,0.0,38.602688,20.835026,2097
30139,r3i1p1f1,2097,07,08,0.0,38.535774,20.795862,2097
30140,r3i1p1f1,2097,07,09,0.0,37.980793,20.391928,2097
30141,r3i1p1f1,2097,07,10,0.0,37.030056,19.76793,2097
30142,r3i1p1f1,2097,07,11,0.0,37.021126,18.856976,2097
30143,r3i1p1f1,2097,07,12,0.0,36.84326,18.889877,2097
30144,r3i1p1f1,2097,07,13,0.0,38.008507,20.189249,2097
30145,r3i1p1f1,2097,07,14,0.06382646087634687,37.14002,20.146826,2097
30146,r3i1p1f1,2097,07,15,0.0,36.35914,20.153227,2097
30147,r3i1p1f1,2097,07,16,0.0,36.711777,19.801424,2097
30148,r3i1p1f1,2097,07,17,0.0,38.047985,20.482006,2097
30149,r3i1p1f1,2097,07,18,0.006223698140026748,38.934414,20.819387,2097
30150,r3i1p1f1,2097,07,19,0.03856209307824346,38.37802,22.822163,2097
30151,r3i1p1f1,2097,07,20,0.5099855187334911,36.06677,20.391794,2097
30152,r3i1p1f1,2097,07,21,2.2174941433177358,36.535217,20.218012,2097
30153,r3i1p1f1,2097,07,22,0.23306499539599332,36.97799,21.843515,2097
30154,r3i1p1f1,2097,07,23,0.06952536362928874,36.438206,19.716557,2097
30155,r3i1p1f1,2097,07,24,0.0,36.99328,19.741024,2097
30156,r3i1p1f1,2097,07,25,0.0,38.80354,20.296125,2097
30157,r3i1p1f1,2097,07,26,0.0,40.114758,21.614084,2097
30158,r3i1p1f1,2097,07,27,0.952460661056014,39.237923,23.245028,2097
30159,r3i1p1f1,2097,07,28,0.4205057203018276,37.38982,21.080181,2097
30160,r3i1p1f1,2097,07,29,0.8401823731776059,37.549507,21.915253,2097
30161,r3i1p1f1,2097,07,30,1.0127643528187147,37.114773,21.28796,2097
30162,r3i1p1f1,2097,07,31,0.0,37.14121,20.325068,2097
30163,r3i1p1f1,2097,08,01,0.0,36.683533,20.061546,2097
30164,r3i1p1f1,2097,08,02,0.0,37.25459,19.760063,2097
30165,r3i1p1f1,2097,08,03,0.00514832790941,38.29105,20.571892,2097
30166,r3i1p1f1,2097,08,04,2.1161379776238007,37.484547,22.280394,2097
30167,r3i1p1f1,2097,08,05,0.004938122345430946,35.66821,21.27376,2097
30168,r3i1p1f1,2097,08,06,0.8065575858971429,36.356865,20.411045,2097
30169,r3i1p1f1,2097,08,07,0.3930737483879608,37.14528,20.136621,2097
30170,r3i1p1f1,2097,08,08,1.233231617282427,37.787483,22.100094,2097
30171,r3i1p1f1,2097,08,09,0.03827762715941803,37.785557,21.29606,2097
30172,r3i1p1f1,2097,08,10,0.19195648996780315,38.95315,21.489935,2097
30173,r3i1p1f1,2097,08,11,0.9442669082746954,38.514645,22.069899,2097
30174,r3i1p1f1,2097,08,12,1.487240490975885,36.435425,21.437258,2097
30175,r3i1p1f1,2097,08,13,1.007205660164552,38.083828,23.39408,2097
30176,r3i1p1f1,2097,08,14,2.7070224961040146,40.93643,24.256344,2097
30177,r3i1p1f1,2097,08,15,1.7783760915221012,38.829865,23.514835,2097
30178,r3i1p1f1,2097,08,16,1.2562218394503526,40.21229,25.086199,2097
30179,r3i1p1f1,2097,08,17,0.07287350498231579,41.480915,23.583769,2097
30180,r3i1p1f1,2097,08,18,0.5335959998774342,40.4044,22.381607,2097
30181,r3i1p1f1,2097,08,19,0.14857138879244414,39.849762,22.643711,2097
30182,r3i1p1f1,2097,08,20,0.0,39.56602,21.69748,2097
30183,r3i1p1f1,2097,08,21,0.0,39.194603,21.59102,2097
30184,r3i1p1f1,2097,08,22,0.004946877262696173,38.874672,21.570183,2097
30185,r3i1p1f1,2097,08,23,0.7638976269200529,37.84498,20.888233,2097
30186,r3i1p1f1,2097,08,24,1.1005823342334637,33.202595,19.80908,2097
30187,r3i1p1f1,2097,08,25,0.05735776420668558,31.439997,17.212387,2097
30188,r3i1p1f1,2097,08,26,0.2397864635956163,34.808613,19.06793,2097
30189,r3i1p1f1,2097,08,27,0.0,35.748993,19.00924,2097
30190,r3i1p1f1,2097,08,28,0.0,36.64844,19.684748,2097
30191,r3i1p1f1,2097,08,29,0.0,37.848152,20.323242,2097
30192,r3i1p1f1,2097,08,30,0.0,38.990013,20.664892,2097
30193,r3i1p1f1,2097,08,31,1.8200388976644415,38.771206,21.460924,2097
30194,r3i1p1f1,2097,09,01,0.3494769288403349,37.72763,22.821756,2097
30195,r3i1p1f1,2097,09,02,0.4432183814898246,36.558792,21.405502,2097
30196,r3i1p1f1,2097,09,03,0.7547169207828119,35.05277,21.262459,2097
30197,r3i1p1f1,2097,09,04,0.0008352481668363466,34.152573,16.828524,2097
30198,r3i1p1f1,2097,09,05,0.07282940157562155,30.720589,16.686378,2097
30199,r3i1p1f1,2097,09,06,0.0,28.853903,14.6894,2097
30200,r3i1p1f1,2097,09,07,0.0,31.258158,16.621061,2097
30201,r3i1p1f1,2097,09,08,0.00010085680211583774,33.853207,18.871626,2097
30202,r3i1p1f1,2097,09,09,0.0,36.361588,19.626839,2097
30203,r3i1p1f1,2097,09,10,0.0,36.661293,20.38431,2097
30204,r3i1p1f1,2097,09,11,0.0,37.157917,20.414326,2097
30205,r3i1p1f1,2097,09,12,0.0017018677582117643,36.80044,22.433876,2097
30206,r3i1p1f1,2097,09,13,0.0,35.956955,19.582045,2097
30207,r3i1p1f1,2097,09,14,0.0,35.57259,19.264973,2097
30208,r3i1p1f1,2097,09,15,0.0,34.57536,18.24405,2097
30209,r3i1p1f1,2097,09,16,0.0,32.937347,18.95604,2097
30210,r3i1p1f1,2097,09,17,0.0,35.434013,19.473318,2097
30211,r3i1p1f1,2097,09,18,0.0,35.849384,19.113956,2097
30212,r3i1p1f1,2097,09,19,0.0,36.298985,19.20891,2097
30213,r3i1p1f1,2097,09,20,0.0,35.595337,19.267843,2097
30214,r3i1p1f1,2097,09,21,0.0,35.875957,19.246334,2097
30215,r3i1p1f1,2097,09,22,0.017431918884429968,36.24039,19.82917,2097
30216,r3i1p1f1,2097,09,23,0.564454624766244,35.95232,20.051826,2097
30217,r3i1p1f1,2097,09,24,0.9172029134810366,35.93519,20.064161,2097
30218,r3i1p1f1,2097,09,25,0.13704757553513805,34.61256,18.346876,2097
30219,r3i1p1f1,2097,09,26,0.0046113521150828365,33.257275,17.310009,2097
30220,r3i1p1f1,2097,09,27,0.0,30.7632,15.943762,2097
30221,r3i1p1f1,2097,09,28,0.0,29.203945,13.414288,2097
30222,r3i1p1f1,2097,09,29,0.0,28.765774,13.947924,2097
30223,r3i1p1f1,2097,09,30,0.0,29.616123,13.652732,2097
30224,r3i1p1f1,2097,10,01,0.0,31.043003,14.028187,2097
30225,r3i1p1f1,2097,10,02,0.0,32.456257,14.489559,2097
30226,r3i1p1f1,2097,10,03,0.004929261309426334,33.563564,16.106092,2097
30227,r3i1p1f1,2097,10,04,0.08179125172208648,33.226547,18.545097,2097
30228,r3i1p1f1,2097,10,05,0.44557444529015233,32.23898,17.308693,2097
30229,r3i1p1f1,2097,10,06,0.0,30.051981,14.167949,2097
30230,r3i1p1f1,2097,10,07,0.0,29.871784,14.023248,2097
30231,r3i1p1f1,2097,10,08,0.01388290320888204,29.376926,15.273597,2097
30232,r3i1p1f1,2097,10,09,0.0033592607360333204,23.505106,9.867686,2097
30233,r3i1p1f1,2097,10,10,0.0,19.275597,5.107579,2097
30234,r3i1p1f1,2097,10,11,0.0,20.921635,6.9843407,2097
30235,r3i1p1f1,2097,10,12,0.0008048990143420683,25.727837,12.306488,2097
30236,r3i1p1f1,2097,10,13,0.002279890629400446,24.73156,11.841233,2097
30237,r3i1p1f1,2097,10,14,0.0,24.947418,10.066392,2097
30238,r3i1p1f1,2097,10,15,0.0,25.54904,9.361699,2097
30239,r3i1p1f1,2097,10,16,0.0,24.550196,9.331939,2097
30240,r3i1p1f1,2097,10,17,0.0,21.384783,6.7697506,2097
30241,r3i1p1f1,2097,10,18,0.0,19.00748,5.618066,2097
30242,r3i1p1f1,2097,10,19,0.0,23.673801,7.6626773,2097
30243,r3i1p1f1,2097,10,20,0.0,28.497972,12.352956,2097
30244,r3i1p1f1,2097,10,21,0.0,30.576698,14.286439,2097
30245,r3i1p1f1,2097,10,22,0.0,29.043068,13.206506,2097
30246,r3i1p1f1,2097,10,23,0.02946078101310625,26.32443,10.534725,2097
30247,r3i1p1f1,2097,10,24,0.09477188450677149,22.459234,10.20417,2097
30248,r3i1p1f1,2097,10,25,0.0,24.109007,9.92893,2097
30249,r3i1p1f1,2097,10,26,0.0,29.111137,12.835174,2097
30250,r3i1p1f1,2097,10,27,0.0,29.098835,12.980183,2097
30251,r3i1p1f1,2097,10,28,0.0,29.610174,12.737242,2097
30252,r3i1p1f1,2097,10,29,0.0,29.784197,14.309477,2097
30253,r3i1p1f1,2097,10,30,0.0,31.108593,14.778851,2097
30254,r3i1p1f1,2097,10,31,0.0,30.85512,14.458558,2097
30255,r3i1p1f1,2097,11,01,0.0,29.852121,12.619354,2097
30256,r3i1p1f1,2097,11,02,0.0,26.509571,9.95625,2097
30257,r3i1p1f1,2097,11,03,0.0,25.470877,10.884796,2097
30258,r3i1p1f1,2097,11,04,0.0,27.409536,13.129602,2097
30259,r3i1p1f1,2097,11,05,0.0,27.75388,13.354214,2097
30260,r3i1p1f1,2097,11,06,0.0,28.67832,12.439247,2097
30261,r3i1p1f1,2097,11,07,0.0,26.100996,10.887431,2097
30262,r3i1p1f1,2097,11,08,0.01065976935823335,20.626556,8.6574335,2097
30263,r3i1p1f1,2097,11,09,0.0008053109261461279,18.373259,3.8572164,2097
30264,r3i1p1f1,2097,11,10,0.0,19.579355,5.101184,2097
30265,r3i1p1f1,2097,11,11,0.0,21.132034,5.692649,2097
30266,r3i1p1f1,2097,11,12,0.0,23.892185,7.4836736,2097
30267,r3i1p1f1,2097,11,13,0.0,26.641043,8.938376,2097
30268,r3i1p1f1,2097,11,14,0.0,25.750147,11.668983,2097
30269,r3i1p1f1,2097,11,15,0.010880486586371042,22.513046,10.988569,2097
30270,r3i1p1f1,2097,11,16,0.01014290133201884,19.074392,7.1419826,2097
30271,r3i1p1f1,2097,11,17,0.016643984603102912,20.525146,3.252964,2097
30272,r3i1p1f1,2097,11,18,0.0,19.595547,3.613023,2097
30273,r3i1p1f1,2097,11,19,0.0,15.857842,0.6984239,2097
30274,r3i1p1f1,2097,11,20,0.0,17.365639,-0.26746634,2097
30275,r3i1p1f1,2097,11,21,0.0,17.167982,0.9395066,2097
30276,r3i1p1f1,2097,11,22,0.17904213659648754,15.573283,4.949096,2097
30277,r3i1p1f1,2097,11,23,4.045505552816063,13.308247,3.9754727,2097
30278,r3i1p1f1,2097,11,24,1.5119529278606272,17.663746,6.6922154,2097
30279,r3i1p1f1,2097,11,25,0.0025181119219103657,19.988157,5.1688623,2097
30280,r3i1p1f1,2097,11,26,2.3421079463248655,20.791769,8.663387,2097
30281,r3i1p1f1,2097,11,27,12.330082562294786,16.626656,7.6789765,2097
30282,r3i1p1f1,2097,11,28,13.305781407130285,15.033984,3.4401839,2097
30283,r3i1p1f1,2097,11,29,1.6445982794296772,9.710567,1.857905,2097
30284,r3i1p1f1,2097,11,30,0.0,9.275574,-2.5521617,2097
30285,r3i1p1f1,2097,12,01,0.0,11.257294,-0.44747403,2097
30286,r3i1p1f1,2097,12,02,0.0,12.859398,0.11706069,2097
30287,r3i1p1f1,2097,12,03,0.004356329983707066,12.626515,-0.47769448,2097
30288,r3i1p1f1,2097,12,04,8.985026013951662,14.6932,5.23236,2097
30289,r3i1p1f1,2097,12,05,0.0,16.83671,6.17712,2097
30290,r3i1p1f1,2097,12,06,25.708717843363324,17.503723,10.104648,2097
30291,r3i1p1f1,2097,12,07,25.12930877697231,21.915386,12.496812,2097
30292,r3i1p1f1,2097,12,08,0.1928737776854012,18.969206,10.336257,2097
30293,r3i1p1f1,2097,12,09,9.366156684135962,20.980173,10.681375,2097
30294,r3i1p1f1,2097,12,10,7.503605181182966,22.031832,10.963328,2097
30295,r3i1p1f1,2097,12,11,0.0014539543983780525,21.883038,11.173937,2097
30296,r3i1p1f1,2097,12,12,0.0,21.27969,8.605844,2097
30297,r3i1p1f1,2097,12,13,0.012336546274265416,22.358377,8.577872,2097
30298,r3i1p1f1,2097,12,14,0.0,21.08864,9.92339,2097
30299,r3i1p1f1,2097,12,15,0.0871108046328917,21.248041,12.499897,2097
30300,r3i1p1f1,2097,12,16,45.399478493072266,21.857027,9.046502,2097
30301,r3i1p1f1,2097,12,17,0.0392901943335098,11.067408,-0.12189914,2097
30302,r3i1p1f1,2097,12,18,1.4325808436633176,9.538423,1.0757314,2097
30303,r3i1p1f1,2097,12,19,2.9286886323803407,6.82761,-1.5460021,2097
30304,r3i1p1f1,2097,12,20,0.0,7.3136835,-4.735786,2097
30305,r3i1p1f1,2097,12,21,0.029432673437633748,9.093556,-4.28644,2097
30306,r3i1p1f1,2097,12,22,0.0,11.070982,-2.770586,2097
30307,r3i1p1f1,2097,12,23,0.0,11.890686,-0.4401405,2097
30308,r3i1p1f1,2097,12,24,0.0,16.93789,3.1483471,2097
30309,r3i1p1f1,2097,12,25,2.4814520068599504,15.81727,5.2097163,2097
30310,r3i1p1f1,2097,12,26,1.681382149917309,13.50488,4.457465,2097
30311,r3i1p1f1,2097,12,27,0.06638448644149651,14.151359,5.31831,2097
30312,r3i1p1f1,2097,12,28,14.685352006147724,13.129346,2.6523006,2097
30313,r3i1p1f1,2097,12,29,0.29533505746781663,14.463285,3.8130698,2097
30314,r3i1p1f1,2097,12,30,0.12063227271331319,15.679058,3.7379322,2097
30315,r3i1p1f1,2097,12,31,8.40487432032343,15.833579,7.979997,2097
30316,r3i1p1f1,2098,01,01,5.390090952646047,19.489508,9.19943,2098
30317,r3i1p1f1,2098,01,02,0.09757935887495423,19.180052,10.2031,2098
30318,r3i1p1f1,2098,01,03,2.9344069692918615,18.153563,11.558975,2098
30319,r3i1p1f1,2098,01,04,0.23870001951901498,18.09633,9.558707,2098
30320,r3i1p1f1,2098,01,05,0.014234111722819789,17.855228,6.0072813,2098
30321,r3i1p1f1,2098,01,06,0.0,20.61291,8.007245,2098
30322,r3i1p1f1,2098,01,07,0.0,20.445734,6.908102,2098
30323,r3i1p1f1,2098,01,08,0.0,18.54792,8.27262,2098
30324,r3i1p1f1,2098,01,09,0.0,16.637506,5.688858,2098
30325,r3i1p1f1,2098,01,10,0.0,14.511273,5.245564,2098
30326,r3i1p1f1,2098,01,11,0.0,11.1421385,-0.7181604,2098
30327,r3i1p1f1,2098,01,12,0.0,12.537007,-0.48474228,2098
30328,r3i1p1f1,2098,01,13,0.0,15.763922,2.0381699,2098
30329,r3i1p1f1,2098,01,14,0.0,17.22941,3.5711098,2098
30330,r3i1p1f1,2098,01,15,0.0,18.555994,4.9876122,2098
30331,r3i1p1f1,2098,01,16,0.0,20.571669,7.0340004,2098
30332,r3i1p1f1,2098,01,17,0.0,21.627361,7.5998054,2098
30333,r3i1p1f1,2098,01,18,0.0,22.21826,8.3064785,2098
30334,r3i1p1f1,2098,01,19,0.0,22.689966,8.685645,2098
30335,r3i1p1f1,2098,01,20,0.0,22.694115,9.22395,2098
30336,r3i1p1f1,2098,01,21,0.0,21.201515,9.3123455,2098
30337,r3i1p1f1,2098,01,22,0.0,17.322565,5.1254053,2098
30338,r3i1p1f1,2098,01,23,0.0028499464348318393,16.963495,5.145277,2098
30339,r3i1p1f1,2098,01,24,0.0,16.438852,3.3898556,2098
30340,r3i1p1f1,2098,01,25,0.0,17.299223,3.7826056,2098
30341,r3i1p1f1,2098,01,26,0.0,17.057747,3.0391238,2098
30342,r3i1p1f1,2098,01,27,0.0,17.954529,3.250416,2098
30343,r3i1p1f1,2098,01,28,0.0,18.967873,4.5190988,2098
30344,r3i1p1f1,2098,01,29,1.8812604054713147,19.224195,6.9510603,2098
30345,r3i1p1f1,2098,01,30,18.07725761054881,11.958265,5.378104,2098
30346,r3i1p1f1,2098,01,31,4.404858081065455,13.7485285,4.270402,2098
30347,r3i1p1f1,2098,02,01,0.03890312710692259,13.531888,2.475481,2098
30348,r3i1p1f1,2098,02,02,0.03675322095770036,13.077557,1.4938178,2098
30349,r3i1p1f1,2098,02,03,3.7293831742819306,13.829637,5.206206,2098
30350,r3i1p1f1,2098,02,04,0.011077976148843652,15.336907,3.78592,2098
30351,r3i1p1f1,2098,02,05,0.0,17.789507,3.9257796,2098
30352,r3i1p1f1,2098,02,06,0.08551075301456325,17.330505,5.1797447,2098
30353,r3i1p1f1,2098,02,07,4.478786717804861,15.242365,6.610835,2098
30354,r3i1p1f1,2098,02,08,0.3612009445229584,15.386316,5.1997256,2098
30355,r3i1p1f1,2098,02,09,0.0,16.459677,3.0746799,2098
30356,r3i1p1f1,2098,02,10,2.064975835257263,15.603346,6.3751225,2098
30357,r3i1p1f1,2098,02,11,0.0,15.936406,2.5417583,2098
30358,r3i1p1f1,2098,02,12,0.0,16.34672,3.8593812,2098
30359,r3i1p1f1,2098,02,13,0.0,17.49566,2.8923147,2098
30360,r3i1p1f1,2098,02,14,0.0,18.739388,4.7492156,2098
30361,r3i1p1f1,2098,02,15,0.0,18.900349,4.665013,2098
30362,r3i1p1f1,2098,02,16,0.0,20.491278,5.1562853,2098
30363,r3i1p1f1,2098,02,17,0.013229492628438906,19.833076,7.005359,2098
30364,r3i1p1f1,2098,02,18,0.07145942427803564,17.592108,6.060824,2098
30365,r3i1p1f1,2098,02,19,0.0,15.247506,1.2951471,2098
30366,r3i1p1f1,2098,02,20,0.0,17.19589,1.8173219,2098
30367,r3i1p1f1,2098,02,21,0.0,21.23695,5.755304,2098
30368,r3i1p1f1,2098,02,22,0.035183234683768896,19.845688,6.585975,2098
30369,r3i1p1f1,2098,02,23,0.0,17.812132,4.457877,2098
30370,r3i1p1f1,2098,02,24,0.0,20.500624,4.646023,2098
30371,r3i1p1f1,2098,02,25,0.0,22.031797,5.223383,2098
30372,r3i1p1f1,2098,02,26,0.0016177019623490087,22.34574,8.851341,2098
30373,r3i1p1f1,2098,02,27,8.79872855146845,17.601599,7.357881,2098
30374,r3i1p1f1,2098,02,28,5.331845007524063,17.659489,7.3846765,2098
30375,r3i1p1f1,2098,03,01,20.92429433664124,17.727087,9.479397,2098
30376,r3i1p1f1,2098,03,02,0.0037576862395684602,20.137632,4.0223465,2098
30377,r3i1p1f1,2098,03,03,0.02798705601669622,20.149107,5.807085,2098
30378,r3i1p1f1,2098,03,04,9.885241149600144,16.719297,6.406911,2098
30379,r3i1p1f1,2098,03,05,5.531120186493684,15.869117,7.4308057,2098
30380,r3i1p1f1,2098,03,06,3.127927188129847,16.730356,6.1291666,2098
30381,r3i1p1f1,2098,03,07,0.38455536992103134,18.951094,6.66957,2098
30382,r3i1p1f1,2098,03,08,0.00878056285617993,20.20237,4.432472,2098
30383,r3i1p1f1,2098,03,09,9.6550401708267,16.941427,5.338469,2098
30384,r3i1p1f1,2098,03,10,0.986324768973921,14.986832,3.7995222,2098
30385,r3i1p1f1,2098,03,11,0.11085146214375555,15.789338,3.8542652,2098
30386,r3i1p1f1,2098,03,12,0.0,18.412615,2.081814,2098
30387,r3i1p1f1,2098,03,13,1.715869267860178,16.62354,5.772487,2098
30388,r3i1p1f1,2098,03,14,5.731433237493603,14.17508,3.9629993,2098
30389,r3i1p1f1,2098,03,15,0.0,18.15181,1.7511101,2098
30390,r3i1p1f1,2098,03,16,0.0,20.413216,4.9860973,2098
30391,r3i1p1f1,2098,03,17,0.0,21.451366,5.3885837,2098
30392,r3i1p1f1,2098,03,18,0.023272991842752548,20.666336,5.5413733,2098
30393,r3i1p1f1,2098,03,19,14.268012850453404,16.80359,5.3238287,2098
30394,r3i1p1f1,2098,03,20,0.0005939609907341726,15.853523,2.4048817,2098
30395,r3i1p1f1,2098,03,21,0.0,19.962708,3.917856,2098
30396,r3i1p1f1,2098,03,22,0.0,21.903002,7.631605,2098
30397,r3i1p1f1,2098,03,23,0.11649228901715657,21.069939,9.425141,2098
30398,r3i1p1f1,2098,03,24,0.11291201326292305,19.258999,8.109305,2098
30399,r3i1p1f1,2098,03,25,0.0,18.629515,3.8637915,2098
30400,r3i1p1f1,2098,03,26,0.0,19.779047,2.514207,2098
30401,r3i1p1f1,2098,03,27,0.0,21.736483,4.6218424,2098
30402,r3i1p1f1,2098,03,28,0.0,22.304808,6.468573,2098
30403,r3i1p1f1,2098,03,29,0.25735082817074284,21.477436,8.5183115,2098
30404,r3i1p1f1,2098,03,30,0.0288605342432151,18.53707,4.866257,2098
30405,r3i1p1f1,2098,03,31,0.0,20.862581,3.5115895,2098
30406,r3i1p1f1,2098,04,01,0.0,23.00393,4.3146253,2098
30407,r3i1p1f1,2098,04,02,0.0,26.415016,7.3085175,2098
30408,r3i1p1f1,2098,04,03,0.0,29.247513,9.705205,2098
30409,r3i1p1f1,2098,04,04,0.0,31.675407,13.509999,2098
30410,r3i1p1f1,2098,04,05,0.0,32.488533,12.237353,2098
30411,r3i1p1f1,2098,04,06,0.0,31.202852,9.550855,2098
30412,r3i1p1f1,2098,04,07,0.00011727212977623849,26.600252,5.523956,2098
30413,r3i1p1f1,2098,04,08,10.789042733994199,21.360495,8.287938,2098
30414,r3i1p1f1,2098,04,09,11.229759883350667,17.396343,8.480778,2098
30415,r3i1p1f1,2098,04,10,1.9238331298159512,21.959883,7.8477054,2098
30416,r3i1p1f1,2098,04,11,12.594651481194887,21.51491,8.923745,2098
30417,r3i1p1f1,2098,04,12,1.2323479518356566,19.60506,7.9039984,2098
30418,r3i1p1f1,2098,04,13,0.034288728061118025,19.234735,6.6098404,2098
30419,r3i1p1f1,2098,04,14,0.31149408493519964,18.62842,5.1698546,2098
30420,r3i1p1f1,2098,04,15,0.32736515302751673,17.140156,6.4142857,2098
30421,r3i1p1f1,2098,04,16,1.167731776755924e-05,18.28997,3.668059,2098
30422,r3i1p1f1,2098,04,17,0.0,21.408508,4.4764814,2098
30423,r3i1p1f1,2098,04,18,0.0,23.119637,6.7915735,2098
30424,r3i1p1f1,2098,04,19,0.040264433240129925,21.382015,5.8052573,2098
30425,r3i1p1f1,2098,04,20,0.0,17.73683,1.3311329,2098
30426,r3i1p1f1,2098,04,21,0.0,21.544579,4.321383,2098
30427,r3i1p1f1,2098,04,22,0.0,23.342653,6.4553847,2098
30428,r3i1p1f1,2098,04,23,0.0037713106862749114,22.767284,6.1737566,2098
30429,r3i1p1f1,2098,04,24,0.5068558014549622,19.872917,5.7792816,2098
30430,r3i1p1f1,2098,04,25,0.34780870486318954,18.862461,4.375258,2098
30431,r3i1p1f1,2098,04,26,0.0,21.031208,4.0182433,2098
30432,r3i1p1f1,2098,04,27,0.15530357534413325,21.157314,6.5749755,2098
30433,r3i1p1f1,2098,04,28,0.0,25.148825,5.57212,2098
30434,r3i1p1f1,2098,04,29,0.0,25.751919,7.0943847,2098
30435,r3i1p1f1,2098,04,30,0.02282812979749658,23.766327,7.9588094,2098
30436,r3i1p1f1,2098,05,01,0.0031805994468882227,23.193392,6.357485,2098
30437,r3i1p1f1,2098,05,02,0.0,26.317007,7.385451,2098
30438,r3i1p1f1,2098,05,03,0.0,29.681633,9.994489,2098
30439,r3i1p1f1,2098,05,04,0.0,31.194935,12.196647,2098
30440,r3i1p1f1,2098,05,05,0.057501937905423496,27.90201,10.764051,2098
30441,r3i1p1f1,2098,05,06,0.0,22.303104,6.459207,2098
30442,r3i1p1f1,2098,05,07,0.00595021534316016,25.415205,8.301808,2098
30443,r3i1p1f1,2098,05,08,0.0,29.02239,9.903237,2098
30444,r3i1p1f1,2098,05,09,0.0,29.535585,11.119689,2098
30445,r3i1p1f1,2098,05,10,0.0,29.022783,10.229004,2098
30446,r3i1p1f1,2098,05,11,0.0,30.526659,11.381669,2098
30447,r3i1p1f1,2098,05,12,0.0,31.791119,12.964086,2098
30448,r3i1p1f1,2098,05,13,0.0,33.54152,14.121014,2098
30449,r3i1p1f1,2098,05,14,0.0,33.39126,13.786011,2098
30450,r3i1p1f1,2098,05,15,0.0,31.772696,13.308868,2098
30451,r3i1p1f1,2098,05,16,0.0,30.212156,11.601531,2098
30452,r3i1p1f1,2098,05,17,0.0,30.489159,11.717896,2098
30453,r3i1p1f1,2098,05,18,0.0,30.100403,11.283261,2098
30454,r3i1p1f1,2098,05,19,0.0,30.407158,11.304921,2098
30455,r3i1p1f1,2098,05,20,0.0,30.32953,11.92671,2098
30456,r3i1p1f1,2098,05,21,0.0,28.770378,10.005915,2098
30457,r3i1p1f1,2098,05,22,0.0,28.343262,8.664254,2098
30458,r3i1p1f1,2098,05,23,0.0,26.89575,8.271578,2098
30459,r3i1p1f1,2098,05,24,0.0,25.277391,7.94644,2098
30460,r3i1p1f1,2098,05,25,0.28372732281268603,23.336468,7.512228,2098
30461,r3i1p1f1,2098,05,26,0.005131821548495667,23.010782,6.757,2098
30462,r3i1p1f1,2098,05,27,0.00017830956935402796,22.80685,6.212404,2098
30463,r3i1p1f1,2098,05,28,0.11993365183970485,21.632965,6.6250095,2098
30464,r3i1p1f1,2098,05,29,0.0,23.156614,5.815444,2098
30465,r3i1p1f1,2098,05,30,0.0,25.21837,6.851843,2098
30466,r3i1p1f1,2098,05,31,0.0,27.12763,8.894362,2098
30467,r3i1p1f1,2098,06,01,0.0,27.134892,9.44571,2098
30468,r3i1p1f1,2098,06,02,0.0,29.018032,10.88423,2098
30469,r3i1p1f1,2098,06,03,0.0,30.928938,12.298965,2098
30470,r3i1p1f1,2098,06,04,0.0,30.019596,11.855284,2098
30471,r3i1p1f1,2098,06,05,0.0,27.778591,10.424306,2098
30472,r3i1p1f1,2098,06,06,0.0,28.828035,11.027307,2098
30473,r3i1p1f1,2098,06,07,0.0,30.99482,13.272344,2098
30474,r3i1p1f1,2098,06,08,0.0,29.50677,12.051124,2098
30475,r3i1p1f1,2098,06,09,0.0,27.687798,12.077793,2098
30476,r3i1p1f1,2098,06,10,0.0,35.613426,15.45873,2098
30477,r3i1p1f1,2098,06,11,0.0,39.76893,20.276037,2098
30478,r3i1p1f1,2098,06,12,0.0,39.836807,19.821884,2098
30479,r3i1p1f1,2098,06,13,0.0,37.860672,17.954521,2098
30480,r3i1p1f1,2098,06,14,0.0,38.138203,18.218184,2098
30481,r3i1p1f1,2098,06,15,0.0,36.95528,17.781263,2098
30482,r3i1p1f1,2098,06,16,0.0,35.91662,16.83736,2098
30483,r3i1p1f1,2098,06,17,0.0,36.158485,16.412132,2098
30484,r3i1p1f1,2098,06,18,0.0,34.70207,15.358379,2098
30485,r3i1p1f1,2098,06,19,0.005110835049752936,32.317406,14.085936,2098
30486,r3i1p1f1,2098,06,20,0.0,28.230646,14.289739,2098
30487,r3i1p1f1,2098,06,21,0.0,31.878838,14.7324915,2098
30488,r3i1p1f1,2098,06,22,0.0,36.009186,17.384665,2098
30489,r3i1p1f1,2098,06,23,0.0,37.52504,18.230286,2098
30490,r3i1p1f1,2098,06,24,0.0,38.78765,19.744507,2098
30491,r3i1p1f1,2098,06,25,0.0,39.00323,19.80184,2098
30492,r3i1p1f1,2098,06,26,0.0,40.54237,20.523907,2098
30493,r3i1p1f1,2098,06,27,0.0,40.897778,20.574627,2098
30494,r3i1p1f1,2098,06,28,0.0,40.828114,20.308754,2098
30495,r3i1p1f1,2098,06,29,0.0,40.782528,20.535082,2098
30496,r3i1p1f1,2098,06,30,0.0,40.462536,21.622633,2098
30497,r3i1p1f1,2098,07,01,0.1309094073825911,37.374313,22.137064,2098
30498,r3i1p1f1,2098,07,02,0.0,35.99809,18.294746,2098
30499,r3i1p1f1,2098,07,03,0.0,34.90688,17.415455,2098
30500,r3i1p1f1,2098,07,04,0.0,35.877937,18.250376,2098
30501,r3i1p1f1,2098,07,05,0.0,36.500443,18.261728,2098
30502,r3i1p1f1,2098,07,06,0.0,41.179066,20.368025,2098
30503,r3i1p1f1,2098,07,07,0.0,41.95263,22.393383,2098
30504,r3i1p1f1,2098,07,08,0.0,41.425114,22.038086,2098
30505,r3i1p1f1,2098,07,09,0.0,36.496628,19.030851,2098
30506,r3i1p1f1,2098,07,10,0.0,36.34501,18.95108,2098
30507,r3i1p1f1,2098,07,11,0.0,38.29892,19.472422,2098
30508,r3i1p1f1,2098,07,12,0.0,38.70263,20.34135,2098
30509,r3i1p1f1,2098,07,13,0.0,37.88736,20.134829,2098
30510,r3i1p1f1,2098,07,14,0.0,36.700882,18.394182,2098
30511,r3i1p1f1,2098,07,15,0.0,34.722652,17.57051,2098
30512,r3i1p1f1,2098,07,16,0.0,35.248627,19.04023,2098
30513,r3i1p1f1,2098,07,17,0.0,35.192352,18.820372,2098
30514,r3i1p1f1,2098,07,18,0.0,34.44995,19.128595,2098
30515,r3i1p1f1,2098,07,19,0.0,33.39546,17.273663,2098
30516,r3i1p1f1,2098,07,20,0.0,30.539906,17.067875,2098
30517,r3i1p1f1,2098,07,21,0.0,34.78057,16.947086,2098
30518,r3i1p1f1,2098,07,22,0.0,39.912563,21.785065,2098
30519,r3i1p1f1,2098,07,23,0.0,42.32744,22.745848,2098
30520,r3i1p1f1,2098,07,24,0.0,44.40231,24.104897,2098
30521,r3i1p1f1,2098,07,25,0.013223126033236358,44.399837,25.09488,2098
30522,r3i1p1f1,2098,07,26,0.0009038065201655792,42.58513,23.80466,2098
30523,r3i1p1f1,2098,07,27,0.0,41.068,21.841492,2098
30524,r3i1p1f1,2098,07,28,0.0,36.36757,20.831198,2098
30525,r3i1p1f1,2098,07,29,0.18095344073089742,38.58794,22.002094,2098
30526,r3i1p1f1,2098,07,30,0.05134131742648385,38.113358,21.5762,2098
30527,r3i1p1f1,2098,07,31,0.0,34.62134,18.658602,2098
30528,r3i1p1f1,2098,08,01,0.0,33.425518,18.24428,2098
30529,r3i1p1f1,2098,08,02,0.008039094867523421,36.16881,19.16141,2098
30530,r3i1p1f1,2098,08,03,0.2810182276703982,37.885597,20.555677,2098
30531,r3i1p1f1,2098,08,04,0.27781290492302185,37.53676,20.700708,2098
30532,r3i1p1f1,2098,08,05,0.26072054633087566,36.785137,20.499886,2098
30533,r3i1p1f1,2098,08,06,0.11089257171878478,35.545044,19.921148,2098
30534,r3i1p1f1,2098,08,07,1.762392983631192,33.101627,19.387594,2098
30535,r3i1p1f1,2098,08,08,0.21650269736930955,36.573532,21.729097,2098
30536,r3i1p1f1,2098,08,09,1.1817112121664677,38.691727,21.844236,2098
30537,r3i1p1f1,2098,08,10,0.0012108404542121923,37.855556,20.542643,2098
30538,r3i1p1f1,2098,08,11,0.0,36.37997,22.233572,2098
30539,r3i1p1f1,2098,08,12,0.0,37.722492,21.417543,2098
30540,r3i1p1f1,2098,08,13,0.0,37.53969,20.890602,2098
30541,r3i1p1f1,2098,08,14,0.0,37.305176,19.769873,2098
30542,r3i1p1f1,2098,08,15,0.034671298997250924,37.8316,20.208136,2098
30543,r3i1p1f1,2098,08,16,0.008040186940254926,37.049217,20.262392,2098
30544,r3i1p1f1,2098,08,17,0.3904995845831846,37.958485,22.213156,2098
30545,r3i1p1f1,2098,08,18,0.0024834055379456418,36.912228,21.242758,2098
30546,r3i1p1f1,2098,08,19,0.04897883740892267,34.316097,19.035294,2098
30547,r3i1p1f1,2098,08,20,0.0,32.930687,17.670815,2098
30548,r3i1p1f1,2098,08,21,0.0001354582314943951,34.389294,18.467606,2098
30549,r3i1p1f1,2098,08,22,0.0,36.528206,18.967113,2098
30550,r3i1p1f1,2098,08,23,0.0,37.33208,19.33771,2098
30551,r3i1p1f1,2098,08,24,0.0,38.019897,19.159178,2098
30552,r3i1p1f1,2098,08,25,0.0,37.446465,18.896503,2098
30553,r3i1p1f1,2098,08,26,0.0,37.0488,18.67491,2098
30554,r3i1p1f1,2098,08,27,0.0,37.12152,18.73311,2098
30555,r3i1p1f1,2098,08,28,0.0,38.57217,20.161156,2098
30556,r3i1p1f1,2098,08,29,0.0,39.02142,20.38574,2098
30557,r3i1p1f1,2098,08,30,0.0,38.981396,20.395567,2098
30558,r3i1p1f1,2098,08,31,0.1322147941744223,38.761536,21.299726,2098
30559,r3i1p1f1,2098,09,01,0.0020725668229825906,38.35471,21.560074,2098
30560,r3i1p1f1,2098,09,02,0.0010285319788663676,36.58842,20.729176,2098
30561,r3i1p1f1,2098,09,03,0.0,35.03139,19.117613,2098
30562,r3i1p1f1,2098,09,04,0.0,36.257847,20.039425,2098
30563,r3i1p1f1,2098,09,05,0.0,37.85549,20.396175,2098
30564,r3i1p1f1,2098,09,06,0.3917329575073602,37.379704,20.063423,2098
30565,r3i1p1f1,2098,09,07,0.8435326409314505,36.000248,22.965061,2098
30566,r3i1p1f1,2098,09,08,1.2810810565045385,38.02604,23.611311,2098
30567,r3i1p1f1,2098,09,09,0.35360830445301183,38.667633,21.580637,2098
30568,r3i1p1f1,2098,09,10,2.0817694310354646,38.04249,22.805828,2098
30569,r3i1p1f1,2098,09,11,0.04638624409298328,38.76296,22.47733,2098
30570,r3i1p1f1,2098,09,12,0.2006251116417292,40.794712,23.667091,2098
30571,r3i1p1f1,2098,09,13,0.48873368246307963,40.427765,23.556969,2098
30572,r3i1p1f1,2098,09,14,0.0,33.358135,19.355118,2098
30573,r3i1p1f1,2098,09,15,0.3675038959552308,30.974028,17.72293,2098
30574,r3i1p1f1,2098,09,16,0.7844855582207497,34.41209,19.315731,2098
30575,r3i1p1f1,2098,09,17,0.11961009319885775,33.692986,18.164494,2098
30576,r3i1p1f1,2098,09,18,4.492180667926512,34.813545,19.363348,2098
30577,r3i1p1f1,2098,09,19,0.13246651589835176,31.75271,17.393528,2098
30578,r3i1p1f1,2098,09,20,0.11655362274420138,28.813065,15.253493,2098
30579,r3i1p1f1,2098,09,21,0.0,27.337206,13.08552,2098
30580,r3i1p1f1,2098,09,22,0.0,31.510866,16.088022,2098
30581,r3i1p1f1,2098,09,23,0.0,35.791172,18.97828,2098
30582,r3i1p1f1,2098,09,24,0.0,36.73261,19.596428,2098
30583,r3i1p1f1,2098,09,25,0.0,34.692818,18.564991,2098
30584,r3i1p1f1,2098,09,26,0.0,35.09114,18.168709,2098
30585,r3i1p1f1,2098,09,27,0.0,33.739296,16.4762,2098
30586,r3i1p1f1,2098,09,28,0.0,31.545988,14.567175,2098
30587,r3i1p1f1,2098,09,29,0.0,33.369255,16.913363,2098
30588,r3i1p1f1,2098,09,30,0.11828113331885658,31.527887,17.84807,2098
30589,r3i1p1f1,2098,10,01,0.3274226743736687,26.937534,15.162806,2098
30590,r3i1p1f1,2098,10,02,0.0,28.093508,13.871754,2098
30591,r3i1p1f1,2098,10,03,0.0,28.04061,12.547176,2098
30592,r3i1p1f1,2098,10,04,0.0,29.380018,14.0464,2098
30593,r3i1p1f1,2098,10,05,0.0,33.096127,16.292902,2098
30594,r3i1p1f1,2098,10,06,0.0,31.282885,15.137648,2098
30595,r3i1p1f1,2098,10,07,0.0,28.033344,11.877947,2098
30596,r3i1p1f1,2098,10,08,0.0,26.308187,11.962683,2098
30597,r3i1p1f1,2098,10,09,0.0,28.159925,11.156836,2098
30598,r3i1p1f1,2098,10,10,0.0,33.043457,14.595246,2098
30599,r3i1p1f1,2098,10,11,22.49290424030374,34.711132,21.12083,2098
30600,r3i1p1f1,2098,10,12,12.651330956463923,26.510574,15.682923,2098
30601,r3i1p1f1,2098,10,13,0.0,24.023666,11.254519,2098
30602,r3i1p1f1,2098,10,14,0.21705425550780175,27.247704,14.108144,2098
30603,r3i1p1f1,2098,10,15,0.7438615143297339,28.70672,15.240295,2098
30604,r3i1p1f1,2098,10,16,0.24694851953771638,28.859282,14.901124,2098
30605,r3i1p1f1,2098,10,17,0.0011865948732575457,26.486052,12.409037,2098
30606,r3i1p1f1,2098,10,18,0.0,25.6602,12.068543,2098
30607,r3i1p1f1,2098,10,19,0.0,26.12723,13.089252,2098
30608,r3i1p1f1,2098,10,20,0.0,24.203766,10.72692,2098
30609,r3i1p1f1,2098,10,21,0.0,21.958328,9.179583,2098
30610,r3i1p1f1,2098,10,22,0.0,26.20207,10.634552,2098
30611,r3i1p1f1,2098,10,23,0.0,27.506678,12.439517,2098
30612,r3i1p1f1,2098,10,24,0.0,30.538006,13.297994,2098
30613,r3i1p1f1,2098,10,25,0.0,32.031574,15.53978,2098
30614,r3i1p1f1,2098,10,26,0.0,30.966684,15.826335,2098
30615,r3i1p1f1,2098,10,27,0.0,28.793982,13.89964,2098
30616,r3i1p1f1,2098,10,28,0.0,25.595058,10.733123,2098
30617,r3i1p1f1,2098,10,29,0.0,26.76696,11.214997,2098
30618,r3i1p1f1,2098,10,30,0.0,28.759182,12.273777,2098
30619,r3i1p1f1,2098,10,31,0.0,28.53902,12.289285,2098
30620,r3i1p1f1,2098,11,01,0.0,26.070852,10.688273,2098
30621,r3i1p1f1,2098,11,02,0.0,22.903122,8.646226,2098
30622,r3i1p1f1,2098,11,03,0.0,20.777859,8.411322,2098
30623,r3i1p1f1,2098,11,04,0.0,21.88954,8.107631,2098
30624,r3i1p1f1,2098,11,05,0.0,23.253128,7.2634807,2098
30625,r3i1p1f1,2098,11,06,0.0,26.993048,10.265071,2098
30626,r3i1p1f1,2098,11,07,0.0,26.85412,11.480476,2098
30627,r3i1p1f1,2098,11,08,0.0,26.959631,8.692098,2098
30628,r3i1p1f1,2098,11,09,0.0,25.547045,10.051232,2098
30629,r3i1p1f1,2098,11,10,13.049167811272486,26.131212,12.762389,2098
30630,r3i1p1f1,2098,11,11,8.53898128966896,12.438205,4.358738,2098
30631,r3i1p1f1,2098,11,12,7.627740004276637,12.107912,3.997049,2098
30632,r3i1p1f1,2098,11,13,3.2047099129340495,12.907232,3.4088678,2098
30633,r3i1p1f1,2098,11,14,1.602392213459015,12.546003,3.484623,2098
30634,r3i1p1f1,2098,11,15,0.0062947258861227465,16.048473,4.1657214,2098
30635,r3i1p1f1,2098,11,16,0.0,17.728258,5.056624,2098
30636,r3i1p1f1,2098,11,17,0.0978350642077258,18.325897,6.108486,2098
30637,r3i1p1f1,2098,11,18,0.0,19.564224,6.94894,2098
30638,r3i1p1f1,2098,11,19,0.8638998914998273,19.788965,7.300133,2098
30639,r3i1p1f1,2098,11,20,1.4745559161322792,15.415448,6.873462,2098
30640,r3i1p1f1,2098,11,21,0.05146633913020857,11.962607,1.7683905,2098
30641,r3i1p1f1,2098,11,22,0.24503962529458725,14.874793,3.0753622,2098
30642,r3i1p1f1,2098,11,23,0.0,17.265882,4.052833,2098
30643,r3i1p1f1,2098,11,24,0.009868826794748506,18.263828,4.687136,2098
30644,r3i1p1f1,2098,11,25,0.0,18.858374,5.3606057,2098
30645,r3i1p1f1,2098,11,26,0.0,19.80936,6.041421,2098
30646,r3i1p1f1,2098,11,27,0.0,19.925663,5.6446595,2098
30647,r3i1p1f1,2098,11,28,0.08589510026054499,18.608301,5.8389153,2098
30648,r3i1p1f1,2098,11,29,29.057829801979207,13.624699,6.925122,2098
30649,r3i1p1f1,2098,11,30,0.0,11.515971,-0.8091166,2098
30650,r3i1p1f1,2098,12,01,3.9073481872721016,12.076149,4.6946893,2098
30651,r3i1p1f1,2098,12,02,0.18298904214382425,14.561097,6.1864614,2098
30652,r3i1p1f1,2098,12,03,0.0258476672708198,13.920556,5.227288,2098
30653,r3i1p1f1,2098,12,04,0.0,11.547703,-2.0510175,2098
30654,r3i1p1f1,2098,12,05,0.005515964630555545,14.969087,0.97128624,2098
30655,r3i1p1f1,2098,12,06,32.442507558585156,14.736016,6.387997,2098
30656,r3i1p1f1,2098,12,07,6.912054991271499,17.972286,8.02895,2098
30657,r3i1p1f1,2098,12,08,1.5476944347965675,14.977781,5.6623707,2098
30658,r3i1p1f1,2098,12,09,0.13010759280983952,9.793091,-1.6047548,2098
30659,r3i1p1f1,2098,12,10,1.2247459110711023,12.314061,3.9428027,2098
30660,r3i1p1f1,2098,12,11,0.0,13.475908,1.173416,2098
30661,r3i1p1f1,2098,12,12,0.0,16.0352,2.558703,2098
30662,r3i1p1f1,2098,12,13,0.0,15.177699,1.6235795,2098
30663,r3i1p1f1,2098,12,14,0.0,16.13329,2.4815094,2098
30664,r3i1p1f1,2098,12,15,0.0,15.602555,3.5548177,2098
30665,r3i1p1f1,2098,12,16,0.0,18.405046,4.0682764,2098
30666,r3i1p1f1,2098,12,17,4.51627014972115,16.159197,6.185782,2098
30667,r3i1p1f1,2098,12,18,0.011876002387880086,8.49113,-2.1810071,2098
30668,r3i1p1f1,2098,12,19,0.0,7.2691984,-2.9680643,2098
30669,r3i1p1f1,2098,12,20,0.0,6.837022,-2.6565442,2098
30670,r3i1p1f1,2098,12,21,12.299410911862541,8.682172,1.880679,2098
30671,r3i1p1f1,2098,12,22,17.363695738454364,15.100195,1.8325665,2098
30672,r3i1p1f1,2098,12,23,1.9028596867792658,16.384062,7.143212,2098
30673,r3i1p1f1,2098,12,24,1.1595247602362537,16.066565,6.4657803,2098
30674,r3i1p1f1,2098,12,25,14.19582384360679,17.6239,8.874288,2098
30675,r3i1p1f1,2098,12,26,1.6553807393051323,16.143013,7.262829,2098
30676,r3i1p1f1,2098,12,27,0.22937907089836893,14.443577,5.392405,2098
30677,r3i1p1f1,2098,12,28,0.0,14.937245,1.4081581,2098
30678,r3i1p1f1,2098,12,29,0.017646665457822095,14.451422,0.45891702,2098
30679,r3i1p1f1,2098,12,30,20.489088638304647,13.016965,6.1812954,2098
30680,r3i1p1f1,2098,12,31,5.039680952558586,14.473711,4.949227,2098
30681,r3i1p1f1,2099,01,01,0.6040509887024007,13.803513,3.932062,2099
30682,r3i1p1f1,2099,01,02,59.56155356099109,15.739148,6.6461024,2099
30683,r3i1p1f1,2099,01,03,20.58810969432119,14.734389,5.4126616,2099
30684,r3i1p1f1,2099,01,04,8.600122915704421,11.46982,4.1581535,2099
30685,r3i1p1f1,2099,01,05,0.0025945200071543118,13.265571,-0.34146243,2099
30686,r3i1p1f1,2099,01,06,0.0,13.640789,-0.66662985,2099
30687,r3i1p1f1,2099,01,07,9.472312770230928,12.191106,5.0664725,2099
30688,r3i1p1f1,2099,01,08,5.482781147167605,15.522636,5.4343643,2099
30689,r3i1p1f1,2099,01,09,0.00039025167511268097,14.471296,4.476647,2099
30690,r3i1p1f1,2099,01,10,0.0005269663718839487,13.2497635,4.266362,2099
30691,r3i1p1f1,2099,01,11,0.0,13.831056,0.604118,2099
30692,r3i1p1f1,2099,01,12,0.0,12.917376,-0.09083023,2099
30693,r3i1p1f1,2099,01,13,0.0,14.139218,0.7989969,2099
30694,r3i1p1f1,2099,01,14,0.0,17.629799,3.541096,2099
30695,r3i1p1f1,2099,01,15,0.0,16.99024,3.3446903,2099
30696,r3i1p1f1,2099,01,16,0.013542237869511486,15.606553,3.014852,2099
30697,r3i1p1f1,2099,01,17,0.7014853267680861,14.928721,3.3493655,2099
30698,r3i1p1f1,2099,01,18,1.3619472083477873,12.81363,4.3938394,2099
30699,r3i1p1f1,2099,01,19,0.0,13.965938,2.2763875,2099
30700,r3i1p1f1,2099,01,20,0.0,16.565159,3.115048,2099
30701,r3i1p1f1,2099,01,21,0.0,18.475988,4.6421666,2099
30702,r3i1p1f1,2099,01,22,0.0,17.433382,4.5732317,2099
30703,r3i1p1f1,2099,01,23,0.0,17.848688,5.986973,2099
30704,r3i1p1f1,2099,01,24,0.0,17.00789,4.561222,2099
30705,r3i1p1f1,2099,01,25,0.0,16.649948,3.152225,2099
30706,r3i1p1f1,2099,01,26,7.705311638934896,16.073326,6.7685037,2099
30707,r3i1p1f1,2099,01,27,4.151127920600684,16.993275,6.8577104,2099
30708,r3i1p1f1,2099,01,28,0.18031484094204975,18.724388,8.149569,2099
30709,r3i1p1f1,2099,01,29,2.4427116728453035,18.28861,10.154055,2099
30710,r3i1p1f1,2099,01,30,33.97973501673815,18.309666,10.799315,2099
30711,r3i1p1f1,2099,01,31,2.367073860584214,17.536886,6.865984,2099
30712,r3i1p1f1,2099,02,01,0.0,13.95682,3.3768,2099
30713,r3i1p1f1,2099,02,02,0.0,13.367425,1.0256425,2099
30714,r3i1p1f1,2099,02,03,0.0,14.638692,1.0139229,2099
30715,r3i1p1f1,2099,02,04,1.2147374487243598,13.753464,4.0460043,2099
30716,r3i1p1f1,2099,02,05,3.909039634957232,16.666908,5.7797327,2099
30717,r3i1p1f1,2099,02,06,0.0,16.35683,4.797886,2099
30718,r3i1p1f1,2099,02,07,0.004548901501535015,16.869953,5.5169992,2099
30719,r3i1p1f1,2099,02,08,0.14118596617966736,17.144667,3.4676483,2099
30720,r3i1p1f1,2099,02,09,0.0,18.09541,3.9871712,2099
30721,r3i1p1f1,2099,02,10,0.002133628520162099,18.26797,6.148522,2099
30722,r3i1p1f1,2099,02,11,24.650393090824682,16.603338,8.432077,2099
30723,r3i1p1f1,2099,02,12,24.567847324241566,16.348288,8.235795,2099
30724,r3i1p1f1,2099,02,13,0.0001037111823362383,17.02972,4.3805237,2099
30725,r3i1p1f1,2099,02,14,0.0,19.037756,4.830009,2099
30726,r3i1p1f1,2099,02,15,0.0,20.076508,5.5385323,2099
30727,r3i1p1f1,2099,02,16,0.0,21.215628,6.2465806,2099
30728,r3i1p1f1,2099,02,17,0.07079597410858807,21.119764,7.7985954,2099
30729,r3i1p1f1,2099,02,18,2.5507320874798594,19.523937,8.09348,2099
30730,r3i1p1f1,2099,02,19,0.6246993315598406,19.834185,8.039235,2099
30731,r3i1p1f1,2099,02,20,0.0,21.067802,6.166346,2099
30732,r3i1p1f1,2099,02,21,15.094023645395998,20.426016,10.661914,2099
30733,r3i1p1f1,2099,02,22,0.18292823558361057,15.818893,3.0669484,2099
30734,r3i1p1f1,2099,02,23,0.06299102768080599,15.992771,3.8639898,2099
30735,r3i1p1f1,2099,02,24,0.5710208513284504,17.53327,8.051517,2099
30736,r3i1p1f1,2099,02,25,0.06215931519391509,19.72764,9.0854025,2099
30737,r3i1p1f1,2099,02,26,0.0,21.53191,8.690614,2099
30738,r3i1p1f1,2099,02,27,0.0,23.318495,9.706036,2099
30739,r3i1p1f1,2099,02,28,0.0,23.650602,9.969539,2099
30740,r3i1p1f1,2099,03,01,0.0,24.08529,10.899677,2099
30741,r3i1p1f1,2099,03,02,0.0,22.634968,6.9423804,2099
30742,r3i1p1f1,2099,03,03,0.0,24.152369,7.611156,2099
30743,r3i1p1f1,2099,03,04,0.0,27.813107,9.544857,2099
30744,r3i1p1f1,2099,03,05,1.4033462382190698,25.68456,8.316078,2099
30745,r3i1p1f1,2099,03,06,9.736407241589129,19.856861,8.3768,2099
30746,r3i1p1f1,2099,03,07,51.65621166870661,15.864401,6.2872105,2099
30747,r3i1p1f1,2099,03,08,3.474576403733601,15.325098,3.567048,2099
30748,r3i1p1f1,2099,03,09,0.0,18.781591,3.6750846,2099
30749,r3i1p1f1,2099,03,10,0.026794016133256566,20.543037,5.532855,2099
30750,r3i1p1f1,2099,03,11,1.6976406537364572,21.385258,8.711931,2099
30751,r3i1p1f1,2099,03,12,22.977525381738264,18.779963,8.514782,2099
30752,r3i1p1f1,2099,03,13,19.052274080679513,13.221296,6.7161026,2099
30753,r3i1p1f1,2099,03,14,1.3795372194736253,14.48845,4.552198,2099
30754,r3i1p1f1,2099,03,15,0.41749886096802197,15.184796,4.4100685,2099
30755,r3i1p1f1,2099,03,16,0.08314604022554263,16.069124,2.4240685,2099
30756,r3i1p1f1,2099,03,17,0.0,17.529993,2.693312,2099
30757,r3i1p1f1,2099,03,18,0.0,19.260431,4.465,2099
30758,r3i1p1f1,2099,03,19,0.0,21.139137,5.550828,2099
30759,r3i1p1f1,2099,03,20,0.0,21.850834,7.128829,2099
30760,r3i1p1f1,2099,03,21,0.0,23.595339,7.001567,2099
30761,r3i1p1f1,2099,03,22,0.0,23.53794,7.9088745,2099
30762,r3i1p1f1,2099,03,23,0.0,23.501083,8.189543,2099
30763,r3i1p1f1,2099,03,24,0.0,22.33467,7.2680407,2099
30764,r3i1p1f1,2099,03,25,0.0,24.678375,8.176432,2099
30765,r3i1p1f1,2099,03,26,0.0,27.952179,9.7365675,2099
30766,r3i1p1f1,2099,03,27,0.0,27.736528,9.408471,2099
30767,r3i1p1f1,2099,03,28,5.728150693910059,22.642193,6.797242,2099
30768,r3i1p1f1,2099,03,29,0.07036020798488718,18.363907,3.443423,2099
30769,r3i1p1f1,2099,03,30,0.0,19.323994,3.22754,2099
30770,r3i1p1f1,2099,03,31,0.35825845501345943,17.801374,5.722778,2099
30771,r3i1p1f1,2099,04,01,0.0008490784040821546,20.82473,3.2249064,2099
30772,r3i1p1f1,2099,04,02,0.0,26.304668,6.1262445,2099
30773,r3i1p1f1,2099,04,03,1.9979200722115242,24.96109,10.410946,2099
30774,r3i1p1f1,2099,04,04,11.537368517456343,19.105705,8.64597,2099
30775,r3i1p1f1,2099,04,05,0.05588407215603211,18.652988,5.588152,2099
30776,r3i1p1f1,2099,04,06,0.0,23.979958,3.8849673,2099
30777,r3i1p1f1,2099,04,07,0.0,24.385498,7.7779846,2099
30778,r3i1p1f1,2099,04,08,1.501476861250756,22.702522,6.2291307,2099
30779,r3i1p1f1,2099,04,09,18.9474985265472,17.525702,8.5423765,2099
30780,r3i1p1f1,2099,04,10,6.662848218714344,16.892433,5.7274094,2099
30781,r3i1p1f1,2099,04,11,18.96047953530356,16.341616,7.546108,2099
30782,r3i1p1f1,2099,04,12,0.5858592331082256,20.546892,6.372829,2099
30783,r3i1p1f1,2099,04,13,0.0,23.28281,7.3396664,2099
30784,r3i1p1f1,2099,04,14,0.0,25.363218,9.607292,2099
30785,r3i1p1f1,2099,04,15,0.0,27.577337,10.561624,2099
30786,r3i1p1f1,2099,04,16,2.73557982374107,24.23707,11.652012,2099
30787,r3i1p1f1,2099,04,17,4.3008600485767134,21.351002,9.20748,2099
30788,r3i1p1f1,2099,04,18,0.10291891188403084,22.19457,7.2958074,2099
30789,r3i1p1f1,2099,04,19,0.0,25.297974,8.627837,2099
30790,r3i1p1f1,2099,04,20,0.0,26.75666,9.838562,2099
30791,r3i1p1f1,2099,04,21,0.0,27.830965,9.957462,2099
30792,r3i1p1f1,2099,04,22,0.005975284500781334,27.464256,9.919666,2099
30793,r3i1p1f1,2099,04,23,0.13217754118765393,24.454054,7.3619003,2099
30794,r3i1p1f1,2099,04,24,0.01716720370247706,22.218462,7.8908935,2099
30795,r3i1p1f1,2099,04,25,0.05964548184155402,22.399323,7.5679345,2099
30796,r3i1p1f1,2099,04,26,0.0,26.73343,8.067889,2099
30797,r3i1p1f1,2099,04,27,0.0,29.012125,9.670738,2099
30798,r3i1p1f1,2099,04,28,0.0,31.737198,12.639591,2099
30799,r3i1p1f1,2099,04,29,0.0,30.86445,12.330504,2099
30800,r3i1p1f1,2099,04,30,0.23411643436592192,21.547651,7.36512,2099
30801,r3i1p1f1,2099,05,01,0.0,23.961557,5.3955626,2099
30802,r3i1p1f1,2099,05,02,0.0,30.466698,10.866956,2099
30803,r3i1p1f1,2099,05,03,0.0,31.642376,12.142174,2099
30804,r3i1p1f1,2099,05,04,0.0,30.578217,11.29039,2099
30805,r3i1p1f1,2099,05,05,0.0008532155841363199,26.075796,9.751574,2099
30806,r3i1p1f1,2099,05,06,0.0,22.323107,6.9579425,2099
30807,r3i1p1f1,2099,05,07,0.0005418140261264688,24.173264,7.1669707,2099
30808,r3i1p1f1,2099,05,08,0.0,32.11118,12.367558,2099
30809,r3i1p1f1,2099,05,09,0.0,35.98892,16.263388,2099
30810,r3i1p1f1,2099,05,10,0.0,35.108746,16.078318,2099
30811,r3i1p1f1,2099,05,11,0.0002882783618670973,31.588804,11.737893,2099
30812,r3i1p1f1,2099,05,12,0.0,28.266068,9.4318695,2099
30813,r3i1p1f1,2099,05,13,0.002232606727347681,22.566484,7.235777,2099
30814,r3i1p1f1,2099,05,14,0.0,23.147177,6.3682566,2099
30815,r3i1p1f1,2099,05,15,0.0,24.960342,7.547909,2099
30816,r3i1p1f1,2099,05,16,0.0,28.283232,9.03185,2099
30817,r3i1p1f1,2099,05,17,0.0,29.395535,12.1590805,2099
30818,r3i1p1f1,2099,05,18,0.0,29.831467,10.997133,2099
30819,r3i1p1f1,2099,05,19,0.10868992898119331,30.367908,11.494539,2099
30820,r3i1p1f1,2099,05,20,0.04086149150900768,29.233158,11.344045,2099
30821,r3i1p1f1,2099,05,21,0.0,29.606615,10.672035,2099
30822,r3i1p1f1,2099,05,22,0.0,28.218136,11.683838,2099
30823,r3i1p1f1,2099,05,23,0.0,30.630184,11.472683,2099
30824,r3i1p1f1,2099,05,24,0.0,34.348015,14.11775,2099
30825,r3i1p1f1,2099,05,25,0.0,33.71098,14.730223,2099
30826,r3i1p1f1,2099,05,26,0.0,32.41707,15.705054,2099
30827,r3i1p1f1,2099,05,27,0.0,32.436615,13.647905,2099
30828,r3i1p1f1,2099,05,28,0.0,31.05726,12.403212,2099
30829,r3i1p1f1,2099,05,29,0.0,30.125246,12.195896,2099
30830,r3i1p1f1,2099,05,30,0.0,32.805767,14.425249,2099
30831,r3i1p1f1,2099,05,31,0.0,35.330452,16.65028,2099
30832,r3i1p1f1,2099,06,01,0.0,34.792213,15.61781,2099
30833,r3i1p1f1,2099,06,02,0.0,32.26268,13.295293,2099
30834,r3i1p1f1,2099,06,03,0.0,31.3534,12.13307,2099
30835,r3i1p1f1,2099,06,04,0.0,31.739506,12.411656,2099
30836,r3i1p1f1,2099,06,05,0.0,30.284943,12.581658,2099
30837,r3i1p1f1,2099,06,06,0.0022798586834334965,29.007025,12.043396,2099
30838,r3i1p1f1,2099,06,07,0.003038138436915522,30.357733,12.95812,2099
30839,r3i1p1f1,2099,06,08,0.043661405462912764,32.535557,14.153843,2099
30840,r3i1p1f1,2099,06,09,0.054576070114941984,32.44411,15.184345,2099
30841,r3i1p1f1,2099,06,10,0.0,34.07688,15.900294,2099
30842,r3i1p1f1,2099,06,11,0.0,34.384853,15.964676,2099
30843,r3i1p1f1,2099,06,12,0.0,32.957058,14.900189,2099
30844,r3i1p1f1,2099,06,13,0.0,31.951286,14.133536,2099
30845,r3i1p1f1,2099,06,14,0.0,35.435913,16.580074,2099
30846,r3i1p1f1,2099,06,15,0.0,36.07383,16.861055,2099
30847,r3i1p1f1,2099,06,16,0.0,34.320076,16.1887,2099
30848,r3i1p1f1,2099,06,17,0.0,34.35777,16.70752,2099
30849,r3i1p1f1,2099,06,18,0.0,38.724304,18.85356,2099
30850,r3i1p1f1,2099,06,19,0.0,39.481705,19.190147,2099
30851,r3i1p1f1,2099,06,20,0.0,39.447342,19.141308,2099
30852,r3i1p1f1,2099,06,21,0.0,39.19083,19.173895,2099
30853,r3i1p1f1,2099,06,22,0.0,38.202225,18.088581,2099
30854,r3i1p1f1,2099,06,23,0.0,37.061996,17.73915,2099
30855,r3i1p1f1,2099,06,24,0.06695956118743528,35.540638,17.79554,2099
30856,r3i1p1f1,2099,06,25,0.10740202876287654,36.636272,18.395205,2099
30857,r3i1p1f1,2099,06,26,0.0,39.730278,20.104681,2099
30858,r3i1p1f1,2099,06,27,0.0,39.396248,20.417894,2099
30859,r3i1p1f1,2099,06,28,0.0,37.60691,19.200903,2099
30860,r3i1p1f1,2099,06,29,0.0,35.177437,17.296345,2099
30861,r3i1p1f1,2099,06,30,0.0,36.05656,18.557442,2099
30862,r3i1p1f1,2099,07,01,0.0,38.46053,19.397371,2099
30863,r3i1p1f1,2099,07,02,0.0,40.335854,20.567827,2099
30864,r3i1p1f1,2099,07,03,0.0,41.100372,21.651472,2099
30865,r3i1p1f1,2099,07,04,0.0,42.525665,22.125229,2099
30866,r3i1p1f1,2099,07,05,0.0,42.473774,22.109083,2099
30867,r3i1p1f1,2099,07,06,0.0,41.96603,22.282497,2099
30868,r3i1p1f1,2099,07,07,0.0857397672282814,40.855457,24.303648,2099
30869,r3i1p1f1,2099,07,08,0.0,39.085175,20.438997,2099
30870,r3i1p1f1,2099,07,09,0.0,36.737263,19.07992,2099
30871,r3i1p1f1,2099,07,10,0.0,37.02024,19.35462,2099
30872,r3i1p1f1,2099,07,11,0.0,36.051117,18.750977,2099
30873,r3i1p1f1,2099,07,12,0.0,38.17936,19.663506,2099
30874,r3i1p1f1,2099,07,13,0.29742493724563357,39.28572,21.319891,2099
30875,r3i1p1f1,2099,07,14,0.8736872305400373,38.686737,23.560648,2099
30876,r3i1p1f1,2099,07,15,0.8768057829707466,38.06735,21.187016,2099
30877,r3i1p1f1,2099,07,16,0.013126460867307756,38.354916,21.673502,2099
30878,r3i1p1f1,2099,07,17,0.001289195938487396,38.951843,22.074074,2099
30879,r3i1p1f1,2099,07,18,0.0,37.848557,20.412273,2099
30880,r3i1p1f1,2099,07,19,0.0,36.00116,18.71195,2099
30881,r3i1p1f1,2099,07,20,0.0,38.45007,19.711073,2099
30882,r3i1p1f1,2099,07,21,0.0,41.70718,21.971516,2099
30883,r3i1p1f1,2099,07,22,0.0,44.776814,24.337776,2099
30884,r3i1p1f1,2099,07,23,0.19160935537498022,43.86182,26.546173,2099
30885,r3i1p1f1,2099,07,24,0.0,42.30775,23.068073,2099
30886,r3i1p1f1,2099,07,25,0.0,42.25271,23.354416,2099
30887,r3i1p1f1,2099,07,26,0.001796231090062947,39.300014,22.88764,2099
30888,r3i1p1f1,2099,07,27,0.0,37.84151,21.72199,2099
30889,r3i1p1f1,2099,07,28,0.0,38.019093,21.341969,2099
30890,r3i1p1f1,2099,07,29,0.40232203088552604,37.24582,19.78373,2099
30891,r3i1p1f1,2099,07,30,0.476212250950718,36.50573,20.670925,2099
30892,r3i1p1f1,2099,07,31,0.3821308001131525,35.4988,20.29943,2099
30893,r3i1p1f1,2099,08,01,0.31208249487187434,36.868546,20.46696,2099
30894,r3i1p1f1,2099,08,02,0.03304146967517833,36.894703,20.14972,2099
30895,r3i1p1f1,2099,08,03,0.011605826324684489,38.43341,21.569168,2099
30896,r3i1p1f1,2099,08,04,0.06318833991165528,38.543976,21.675564,2099
30897,r3i1p1f1,2099,08,05,0.044647540812134554,38.058777,21.623608,2099
30898,r3i1p1f1,2099,08,06,0.002596542339729653,36.784737,20.510399,2099
30899,r3i1p1f1,2099,08,07,0.0,37.052185,21.484549,2099
30900,r3i1p1f1,2099,08,08,0.0,37.334515,20.2147,2099
30901,r3i1p1f1,2099,08,09,0.0019529102031480181,37.821716,20.83066,2099
30902,r3i1p1f1,2099,08,10,0.0,38.123253,21.402855,2099
30903,r3i1p1f1,2099,08,11,0.0,38.067005,20.993238,2099
30904,r3i1p1f1,2099,08,12,0.29811654470959736,37.07475,20.141808,2099
30905,r3i1p1f1,2099,08,13,0.8405387746483249,33.314045,19.700947,2099
30906,r3i1p1f1,2099,08,14,1.1257359727107652,34.696835,20.589937,2099
30907,r3i1p1f1,2099,08,15,0.30372837306155515,35.826843,19.121456,2099
30908,r3i1p1f1,2099,08,16,0.003330447485275341,35.267925,18.61202,2099
30909,r3i1p1f1,2099,08,17,0.21648272454761106,33.771725,19.50975,2099
30910,r3i1p1f1,2099,08,18,0.228515775419179,35.248158,19.753792,2099
30911,r3i1p1f1,2099,08,19,0.5467488981913916,35.438766,18.409979,2099
30912,r3i1p1f1,2099,08,20,0.1781798697034405,31.230934,15.979209,2099
30913,r3i1p1f1,2099,08,21,0.012514385479417715,29.32251,13.800625,2099
30914,r3i1p1f1,2099,08,22,0.0,34.18108,16.90543,2099
30915,r3i1p1f1,2099,08,23,0.0,35.66428,17.487938,2099
30916,r3i1p1f1,2099,08,24,0.0,36.25051,18.093792,2099
30917,r3i1p1f1,2099,08,25,0.009804675051286309,35.67201,19.738136,2099
30918,r3i1p1f1,2099,08,26,0.0,35.116714,19.195387,2099
30919,r3i1p1f1,2099,08,27,0.0,36.15674,19.326395,2099
30920,r3i1p1f1,2099,08,28,0.0,38.43377,21.689318,2099
30921,r3i1p1f1,2099,08,29,0.0,38.61403,20.365057,2099
30922,r3i1p1f1,2099,08,30,0.0,38.413734,21.699831,2099
30923,r3i1p1f1,2099,08,31,0.0,39.8945,21.116915,2099
30924,r3i1p1f1,2099,09,01,0.0,39.638203,22.880548,2099
30925,r3i1p1f1,2099,09,02,0.00817866209245315,39.107918,22.635891,2099
30926,r3i1p1f1,2099,09,03,0.42849130779469496,38.816257,22.87696,2099
30927,r3i1p1f1,2099,09,04,0.0,39.974094,22.779959,2099
30928,r3i1p1f1,2099,09,05,0.0008302571421319789,39.818947,22.638885,2099
30929,r3i1p1f1,2099,09,06,0.0,40.24277,22.707159,2099
30930,r3i1p1f1,2099,09,07,0.0665265858123982,39.8054,23.07851,2099
30931,r3i1p1f1,2099,09,08,0.9344740490390299,36.590878,22.575993,2099
30932,r3i1p1f1,2099,09,09,0.004480675455521454,34.849083,20.021738,2099
30933,r3i1p1f1,2099,09,10,0.0,35.89161,19.220055,2099
30934,r3i1p1f1,2099,09,11,0.0,36.97086,19.80222,2099
30935,r3i1p1f1,2099,09,12,0.0,36.77566,20.223555,2099
30936,r3i1p1f1,2099,09,13,0.0,35.46528,19.068321,2099
30937,r3i1p1f1,2099,09,14,0.0,37.011047,20.452213,2099
30938,r3i1p1f1,2099,09,15,1.46466674826253,37.79749,21.18625,2099
30939,r3i1p1f1,2099,09,16,1.550262993003509,37.744305,23.113085,2099
30940,r3i1p1f1,2099,09,17,1.0687503210277955,38.23217,22.895493,2099
30941,r3i1p1f1,2099,09,18,0.5502158859709391,37.14079,21.743792,2099
30942,r3i1p1f1,2099,09,19,0.5900362566789034,37.306953,20.78173,2099
30943,r3i1p1f1,2099,09,20,0.06228744974853753,37.492188,20.268532,2099
30944,r3i1p1f1,2099,09,21,0.0,36.732708,20.0829,2099
30945,r3i1p1f1,2099,09,22,0.0,37.732155,21.448397,2099
30946,r3i1p1f1,2099,09,23,0.0,37.777557,20.901346,2099
30947,r3i1p1f1,2099,09,24,0.0,38.368504,20.507513,2099
30948,r3i1p1f1,2099,09,25,2.317806014400434,34.417667,19.363405,2099
30949,r3i1p1f1,2099,09,26,0.05523302586273834,26.254307,13.9493065,2099
30950,r3i1p1f1,2099,09,27,0.011447756533567426,24.812098,12.6777525,2099
30951,r3i1p1f1,2099,09,28,0.0,28.827263,14.551712,2099
30952,r3i1p1f1,2099,09,29,0.0,31.171583,15.225839,2099
30953,r3i1p1f1,2099,09,30,0.0,34.241375,17.177567,2099
30954,r3i1p1f1,2099,10,01,0.0,34.966103,18.056953,2099
30955,r3i1p1f1,2099,10,02,0.0,34.22409,17.690691,2099
30956,r3i1p1f1,2099,10,03,0.0,33.850273,16.968365,2099
30957,r3i1p1f1,2099,10,04,0.0,31.890488,16.155445,2099
30958,r3i1p1f1,2099,10,05,0.0,27.03209,12.932077,2099
30959,r3i1p1f1,2099,10,06,0.0,28.07983,11.813224,2099
30960,r3i1p1f1,2099,10,07,0.0,29.072384,13.509219,2099
30961,r3i1p1f1,2099,10,08,0.0,32.032993,15.776548,2099
30962,r3i1p1f1,2099,10,09,0.0,30.757538,13.670592,2099
30963,r3i1p1f1,2099,10,10,0.0,26.546299,11.17175,2099
30964,r3i1p1f1,2099,10,11,0.0,25.035624,10.413059,2099
30965,r3i1p1f1,2099,10,12,0.0017273080514066598,24.2838,9.731457,2099
30966,r3i1p1f1,2099,10,13,0.3785480447318564,23.742056,9.657288,2099
30967,r3i1p1f1,2099,10,14,0.06178056687173067,23.924162,10.534302,2099
30968,r3i1p1f1,2099,10,15,0.015677140538834712,21.444986,8.152606,2099
30969,r3i1p1f1,2099,10,16,0.0,22.157927,7.4134374,2099
30970,r3i1p1f1,2099,10,17,0.0,24.76042,9.411257,2099
30971,r3i1p1f1,2099,10,18,0.0,26.245846,12.118279,2099
30972,r3i1p1f1,2099,10,19,0.0,29.471268,12.975065,2099
30973,r3i1p1f1,2099,10,20,0.0,30.626978,15.054826,2099
30974,r3i1p1f1,2099,10,21,0.0003409460634539948,29.1317,15.4711685,2099
30975,r3i1p1f1,2099,10,22,0.0,28.433115,14.493797,2099
30976,r3i1p1f1,2099,10,23,0.0,27.905758,13.810075,2099
30977,r3i1p1f1,2099,10,24,0.0,28.74436,13.423038,2099
30978,r3i1p1f1,2099,10,25,0.0007145011543550274,26.899246,13.9845085,2099
30979,r3i1p1f1,2099,10,26,0.26551480388275883,24.371138,12.380254,2099
30980,r3i1p1f1,2099,10,27,0.0,28.350899,13.627217,2099
30981,r3i1p1f1,2099,10,28,0.0,29.981323,14.990954,2099
30982,r3i1p1f1,2099,10,29,0.0,28.111712,13.764513,2099
30983,r3i1p1f1,2099,10,30,0.0,25.584364,10.275086,2099
30984,r3i1p1f1,2099,10,31,0.0,23.336668,8.282701,2099
30985,r3i1p1f1,2099,11,01,0.0,22.955587,7.1068254,2099
30986,r3i1p1f1,2099,11,02,0.0,25.614447,8.198062,2099
30987,r3i1p1f1,2099,11,03,0.0,24.575571,9.604176,2099
30988,r3i1p1f1,2099,11,04,0.00409140108703551,20.782253,7.221633,2099
30989,r3i1p1f1,2099,11,05,0.0,20.495092,3.7786927,2099
30990,r3i1p1f1,2099,11,06,0.0,20.844824,5.1996994,2099
30991,r3i1p1f1,2099,11,07,0.0,20.718767,7.244926,2099
30992,r3i1p1f1,2099,11,08,14.611170352890799,20.502724,9.374134,2099
30993,r3i1p1f1,2099,11,09,4.159697556535706,15.513352,4.9224524,2099
30994,r3i1p1f1,2099,11,10,0.039305254458943666,15.937856,4.1796865,2099
30995,r3i1p1f1,2099,11,11,0.0,18.073814,4.5462627,2099
30996,r3i1p1f1,2099,11,12,0.0,19.90106,5.9668784,2099
30997,r3i1p1f1,2099,11,13,0.0,19.911549,6.4939876,2099
30998,r3i1p1f1,2099,11,14,0.05527602040798008,18.875572,5.934851,2099
30999,r3i1p1f1,2099,11,15,0.0,14.74719,2.953333,2099
31000,r3i1p1f1,2099,11,16,0.0,15.370049,2.0541768,2099
31001,r3i1p1f1,2099,11,17,0.0,16.885942,3.2357116,2099
31002,r3i1p1f1,2099,11,18,0.0,18.039656,3.6406069,2099
31003,r3i1p1f1,2099,11,19,0.0,17.670082,3.622552,2099
31004,r3i1p1f1,2099,11,20,0.0,17.899761,3.9401734,2099
31005,r3i1p1f1,2099,11,21,0.0,17.891085,3.7524219,2099
31006,r3i1p1f1,2099,11,22,0.0,18.644402,4.0107107,2099
31007,r3i1p1f1,2099,11,23,0.0,16.602903,2.4496627,2099
31008,r3i1p1f1,2099,11,24,0.0,18.154867,2.25882,2099
31009,r3i1p1f1,2099,11,25,0.0,19.449852,5.458753,2099
31010,r3i1p1f1,2099,11,26,0.0,20.05449,3.2492986,2099
31011,r3i1p1f1,2099,11,27,0.0,20.498182,4.2471995,2099
31012,r3i1p1f1,2099,11,28,0.04202171065337483,19.233429,4.601099,2099
31013,r3i1p1f1,2099,11,29,0.0,17.062231,3.669545,2099
31014,r3i1p1f1,2099,11,30,0.0,17.478811,0.079153515,2099
31015,r3i1p1f1,2099,12,01,0.0,18.615154,3.122329,2099
31016,r3i1p1f1,2099,12,02,0.0,18.724255,4.147147,2099
31017,r3i1p1f1,2099,12,03,0.0,19.829899,4.502247,2099
31018,r3i1p1f1,2099,12,04,0.0,18.679045,5.0295835,2099
31019,r3i1p1f1,2099,12,05,0.0,21.182316,5.4098897,2099
31020,r3i1p1f1,2099,12,06,0.0,18.559896,4.0898104,2099
31021,r3i1p1f1,2099,12,07,0.0,17.269743,4.302361,2099
31022,r3i1p1f1,2099,12,08,0.0,18.747051,3.4432626,2099
31023,r3i1p1f1,2099,12,09,0.0,17.875599,3.2278864,2099
31024,r3i1p1f1,2099,12,10,9.242885392983831,16.635296,5.484068,2099
31025,r3i1p1f1,2099,12,11,0.5706080658107953,13.321603,2.8551488,2099
31026,r3i1p1f1,2099,12,12,0.0,14.7760105,1.3344729,2099
31027,r3i1p1f1,2099,12,13,0.0,18.084202,4.5435185,2099
31028,r3i1p1f1,2099,12,14,0.0784873388516699,17.448078,6.448868,2099
31029,r3i1p1f1,2099,12,15,0.005074175247555655,15.871672,3.9878094,2099
31030,r3i1p1f1,2099,12,16,0.0,16.914114,2.2558203,2099
31031,r3i1p1f1,2099,12,17,0.0,16.577284,3.107833,2099
31032,r3i1p1f1,2099,12,18,0.0,17.136862,2.93089,2099
31033,r3i1p1f1,2099,12,19,0.0,17.655268,3.1587567,2099
31034,r3i1p1f1,2099,12,20,0.0,18.335855,4.147669,2099
31035,r3i1p1f1,2099,12,21,0.0,16.666042,3.4878867,2099
31036,r3i1p1f1,2099,12,22,0.0,16.503885,2.7399476,2099
31037,r3i1p1f1,2099,12,23,0.0,16.032608,1.9190109,2099
31038,r3i1p1f1,2099,12,24,0.0,14.139922,1.060452,2099
31039,r3i1p1f1,2099,12,25,0.0,13.959708,-0.6677869,2099
31040,r3i1p1f1,2099,12,26,0.0,14.651081,-0.34739035,2099
31041,r3i1p1f1,2099,12,27,0.004325184984764112,14.004456,-0.10127589,2099
31042,r3i1p1f1,2099,12,28,2.4362123266517743,14.425195,6.3689175,2099
31043,r3i1p1f1,2099,12,29,0.2292915324307449,15.263347,4.031927,2099
31044,r3i1p1f1,2099,12,30,0.0,19.103737,3.663163,2099
31045,r3i1p1f1,2099,12,31,0.0,18.277365,5.898644,2099
31046,r3i1p1f1,2100,01,01,0.0,18.396097,4.8151164,2100
31047,r3i1p1f1,2100,01,02,0.0,19.567486,5.3016167,2100
31048,r3i1p1f1,2100,01,03,0.0,19.442303,4.778857,2100
31049,r3i1p1f1,2100,01,04,0.0,20.78641,5.210523,2100
31050,r3i1p1f1,2100,01,05,0.0,19.872248,6.3768997,2100
31051,r3i1p1f1,2100,01,06,0.0,21.788853,7.0912247,2100
31052,r3i1p1f1,2100,01,07,0.0,20.870234,7.0967083,2100
31053,r3i1p1f1,2100,01,08,0.0,20.68349,6.141196,2100
31054,r3i1p1f1,2100,01,09,0.0,23.496391,8.74351,2100
31055,r3i1p1f1,2100,01,10,0.0,24.002024,8.584043,2100
31056,r3i1p1f1,2100,01,11,0.0,22.906242,7.500782,2100
31057,r3i1p1f1,2100,01,12,0.0,21.84564,8.727569,2100
31058,r3i1p1f1,2100,01,13,0.0,21.44789,7.9121547,2100
31059,r3i1p1f1,2100,01,14,0.005917869011957946,21.322361,6.462268,2100
31060,r3i1p1f1,2100,01,15,0.0,19.520815,5.774002,2100
31061,r3i1p1f1,2100,01,16,0.0,18.55256,3.79999,2100
31062,r3i1p1f1,2100,01,17,0.0,22.047018,7.2231436,2100
31063,r3i1p1f1,2100,01,18,0.0,21.977312,6.448007,2100
31064,r3i1p1f1,2100,01,19,0.0,21.785402,6.584746,2100
31065,r3i1p1f1,2100,01,20,0.0,20.529879,6.6315155,2100
31066,r3i1p1f1,2100,01,21,0.0,19.852785,5.1474733,2100
31067,r3i1p1f1,2100,01,22,0.0,19.70925,6.4969673,2100
31068,r3i1p1f1,2100,01,23,0.0005150718304018179,21.149551,7.1481156,2100
31069,r3i1p1f1,2100,01,24,0.0,22.522514,5.8409142,2100
31070,r3i1p1f1,2100,01,25,0.019759282705949358,20.543224,8.347041,2100
31071,r3i1p1f1,2100,01,26,13.289783419582598,15.808754,6.788672,2100
31072,r3i1p1f1,2100,01,27,0.01348746787588232,12.555354,2.7953775,2100
31073,r3i1p1f1,2100,01,28,36.77203838486369,12.979364,5.690665,2100
31074,r3i1p1f1,2100,01,29,4.546821013735263,15.006533,5.1438885,2100
31075,r3i1p1f1,2100,01,30,0.048942469492789256,14.252047,2.2402167,2100
31076,r3i1p1f1,2100,01,31,0.033304826896655315,15.501386,2.9662673,2100
31077,r3i1p1f1,2100,02,01,22.525818278738758,15.766795,6.543733,2100
31078,r3i1p1f1,2100,02,02,9.690419355037827,14.384975,6.8501825,2100
31079,r3i1p1f1,2100,02,03,0.08943248914764615,13.33548,2.5395164,2100
31080,r3i1p1f1,2100,02,04,0.0,16.266125,1.4086951,2100
31081,r3i1p1f1,2100,02,05,0.0,19.087503,3.6892471,2100
31082,r3i1p1f1,2100,02,06,0.0,18.471907,5.4047523,2100
31083,r3i1p1f1,2100,02,07,0.16426606544745015,16.55488,3.9160082,2100
31084,r3i1p1f1,2100,02,08,0.00974871671077739,11.511169,-0.18481582,2100
31085,r3i1p1f1,2100,02,09,0.0,13.141584,-0.43201634,2100
31086,r3i1p1f1,2100,02,10,0.0,15.292564,0.56003046,2100
31087,r3i1p1f1,2100,02,11,0.0016633227862643473,14.403558,2.0687487,2100
31088,r3i1p1f1,2100,02,12,0.0,16.025427,1.113408,2100
31089,r3i1p1f1,2100,02,13,0.0,18.179846,2.0824022,2100
31090,r3i1p1f1,2100,02,14,0.0,19.490551,4.755954,2100
31091,r3i1p1f1,2100,02,15,0.0,20.897156,5.2216935,2100
31092,r3i1p1f1,2100,02,16,0.10562640853591306,20.291082,5.963521,2100
31093,r3i1p1f1,2100,02,17,0.03343964859871476,15.0711775,2.078641,2100
31094,r3i1p1f1,2100,02,18,4.784507815609576,10.225444,-0.16491203,2100
31095,r3i1p1f1,2100,02,19,0.10526014373956996,11.406062,-1.4423323,2100
31096,r3i1p1f1,2100,02,20,0.0,14.967686,-1.352833,2100
31097,r3i1p1f1,2100,02,21,0.09274331028247175,14.200196,0.48795295,2100
31098,r3i1p1f1,2100,02,22,10.76964796389582,13.870873,0.6172859,2100
31099,r3i1p1f1,2100,02,23,4.702078920917936,14.378036,6.527061,2100
31100,r3i1p1f1,2100,02,24,53.78691543311685,17.970116,9.524527,2100
31101,r3i1p1f1,2100,02,25,15.136561317970822,17.577143,8.064296,2100
31102,r3i1p1f1,2100,02,26,20.383703316692845,15.910964,7.0147176,2100
31103,r3i1p1f1,2100,02,27,0.0553460157001003,12.867737,2.432399,2100
31104,r3i1p1f1,2100,02,28,0.0,11.930633,-0.51232046,2100
31105,r3i1p1f1,2100,03,01,0.00028528313674597126,15.512682,-1.9738928,2100
31106,r3i1p1f1,2100,03,02,1.8714529954200825,16.02767,4.4469976,2100
31107,r3i1p1f1,2100,03,03,0.0,18.840551,1.242305,2100
31108,r3i1p1f1,2100,03,04,0.013394423383005866,18.30308,3.6944706,2100
31109,r3i1p1f1,2100,03,05,11.673749965772334,14.819611,5.8463163,2100
31110,r3i1p1f1,2100,03,06,1.0893418377644124,15.827704,4.0535493,2100
31111,r3i1p1f1,2100,03,07,10.785628950636072,13.053288,5.5923223,2100
31112,r3i1p1f1,2100,03,08,6.253612121055277,12.60225,4.2702556,2100
31113,r3i1p1f1,2100,03,09,0.10605183843643207,18.598013,2.1758513,2100
31114,r3i1p1f1,2100,03,10,0.0,21.673714,5.340283,2100
31115,r3i1p1f1,2100,03,11,0.0,23.01231,6.411786,2100
31116,r3i1p1f1,2100,03,12,0.0,23.711061,6.6526203,2100
31117,r3i1p1f1,2100,03,13,0.0,22.849968,7.66606,2100
31118,r3i1p1f1,2100,03,14,0.0,23.68614,8.508451,2100
31119,r3i1p1f1,2100,03,15,0.7290311188582123,22.09589,8.309457,2100
31120,r3i1p1f1,2100,03,16,0.7806746083957533,19.146345,6.832601,2100
31121,r3i1p1f1,2100,03,17,0.0,21.604822,5.8874745,2100
31122,r3i1p1f1,2100,03,18,0.000497299591767263,23.529825,7.8794594,2100
31123,r3i1p1f1,2100,03,19,1.6546800689188372,22.689104,6.6673937,2100
31124,r3i1p1f1,2100,03,20,16.15428920631089,14.67517,6.935059,2100
31125,r3i1p1f1,2100,03,21,0.038519251141803,16.145636,1.8545963,2100
31126,r3i1p1f1,2100,03,22,0.058120842088211444,17.129656,3.151448,2100
31127,r3i1p1f1,2100,03,23,0.1662608683744276,18.417713,4.963281,2100
31128,r3i1p1f1,2100,03,24,0.0,19.419334,4.323574,2100
31129,r3i1p1f1,2100,03,25,8.01473145523744,16.347504,3.7259088,2100
31130,r3i1p1f1,2100,03,26,1.6699880123346564,11.300696,1.4483678,2100
31131,r3i1p1f1,2100,03,27,0.0,14.698472,-0.8029032,2100
31132,r3i1p1f1,2100,03,28,0.09631394141858134,17.936333,3.3949468,2100
31133,r3i1p1f1,2100,03,29,0.0,20.38958,3.7957115,2100
31134,r3i1p1f1,2100,03,30,0.004854271145163555,20.110983,5.0880547,2100
31135,r3i1p1f1,2100,03,31,1.168997807620723,16.876198,3.8049054,2100
31136,r3i1p1f1,2100,04,01,2.410142419827356,9.091749,2.396211,2100
31137,r3i1p1f1,2100,04,02,1.3772722110204059,16.522795,-1.1168872,2100
31138,r3i1p1f1,2100,04,03,0.0,20.656338,3.870142,2100
31139,r3i1p1f1,2100,04,04,0.0,22.772274,5.599635,2100
31140,r3i1p1f1,2100,04,05,0.0,24.695932,6.9544344,2100
31141,r3i1p1f1,2100,04,06,0.0,27.003147,9.136496,2100
31142,r3i1p1f1,2100,04,07,0.0,30.586533,12.654333,2100
31143,r3i1p1f1,2100,04,08,0.0,31.161476,13.334814,2100
31144,r3i1p1f1,2100,04,09,0.0,31.22559,12.7328,2100
31145,r3i1p1f1,2100,04,10,0.0,30.890533,12.47833,2100
31146,r3i1p1f1,2100,04,11,0.0,30.019463,10.880794,2100
31147,r3i1p1f1,2100,04,12,0.0,28.42735,9.560279,2100
31148,r3i1p1f1,2100,04,13,0.0,30.452406,11.240611,2100
31149,r3i1p1f1,2100,04,14,0.0,34.102726,14.173383,2100
31150,r3i1p1f1,2100,04,15,0.0,35.610844,15.929642,2100
31151,r3i1p1f1,2100,04,16,0.0,34.920483,14.683918,2100
31152,r3i1p1f1,2100,04,17,0.0,32.506626,12.106232,2100
31153,r3i1p1f1,2100,04,18,0.011359778312026086,26.811323,7.4989967,2100
31154,r3i1p1f1,2100,04,19,9.706320367925704,19.615372,7.98091,2100
31155,r3i1p1f1,2100,04,20,0.0,25.482513,9.268688,2100
31156,r3i1p1f1,2100,04,21,0.0,29.009604,11.427465,2100
31157,r3i1p1f1,2100,04,22,0.0,29.298658,11.632877,2100
31158,r3i1p1f1,2100,04,23,0.0,27.590225,9.816932,2100
31159,r3i1p1f1,2100,04,24,0.0,17.814524,2.4688108,2100
31160,r3i1p1f1,2100,04,25,0.01093872671789899,16.000969,1.7400663,2100
31161,r3i1p1f1,2100,04,26,0.0,21.124887,3.085789,2100
31162,r3i1p1f1,2100,04,27,0.0,22.638124,4.545459,2100
31163,r3i1p1f1,2100,04,28,0.0,23.327192,6.8275714,2100
31164,r3i1p1f1,2100,04,29,0.0,25.425718,6.5403547,2100
31165,r3i1p1f1,2100,04,30,0.0,25.366558,7.3610954,2100
31166,r3i1p1f1,2100,05,01,0.0,30.748867,11.342328,2100
31167,r3i1p1f1,2100,05,02,0.0,32.73826,12.444012,2100
31168,r3i1p1f1,2100,05,03,0.0,32.285675,11.827174,2100
31169,r3i1p1f1,2100,05,04,1.3107702123527292,23.170115,8.451498,2100
31170,r3i1p1f1,2100,05,05,0.002375789891547439,22.62313,6.8191013,2100
31171,r3i1p1f1,2100,05,06,0.0,25.755293,7.7568426,2100
31172,r3i1p1f1,2100,05,07,0.0,29.275387,10.305407,2100
31173,r3i1p1f1,2100,05,08,0.0,31.171524,12.483427,2100
31174,r3i1p1f1,2100,05,09,0.0,30.869244,12.297947,2100
31175,r3i1p1f1,2100,05,10,0.09600268802583659,28.92576,10.231293,2100
31176,r3i1p1f1,2100,05,11,0.2422253275378325,26.458956,10.73301,2100
31177,r3i1p1f1,2100,05,12,0.0,29.397097,11.03379,2100
31178,r3i1p1f1,2100,05,13,0.04043286573670974,31.90397,12.252013,2100
31179,r3i1p1f1,2100,05,14,0.0,29.36744,11.201411,2100
31180,r3i1p1f1,2100,05,15,0.0,28.99249,9.919383,2100
31181,r3i1p1f1,2100,05,16,0.0,33.0356,13.058128,2100
31182,r3i1p1f1,2100,05,17,0.0,31.506355,13.153404,2100
31183,r3i1p1f1,2100,05,18,0.0,28.756138,9.215677,2100
31184,r3i1p1f1,2100,05,19,0.0,27.009819,7.9047084,2100
31185,r3i1p1f1,2100,05,20,0.0,27.273867,7.6858754,2100
31186,r3i1p1f1,2100,05,21,0.0,26.651186,6.4343305,2100
31187,r3i1p1f1,2100,05,22,0.0,26.383396,6.7234254,2100
31188,r3i1p1f1,2100,05,23,0.0,24.757637,6.887625,2100
31189,r3i1p1f1,2100,05,24,0.03741521600838468,20.163439,4.7345223,2100
31190,r3i1p1f1,2100,05,25,0.0,26.764374,6.6065903,2100
31191,r3i1p1f1,2100,05,26,0.0,27.836838,9.228514,2100
31192,r3i1p1f1,2100,05,27,0.0,27.887869,10.906903,2100
31193,r3i1p1f1,2100,05,28,0.0,29.231615,10.884888,2100
31194,r3i1p1f1,2100,05,29,0.0,34.450363,15.054542,2100
31195,r3i1p1f1,2100,05,30,0.0,38.823425,18.656296,2100
31196,r3i1p1f1,2100,05,31,0.0,38.393818,18.45788,2100
31197,r3i1p1f1,2100,06,01,0.49024921467097365,38.753613,18.292988,2100
31198,r3i1p1f1,2100,06,02,0.6912732624826303,34.509335,16.10219,2100
31199,r3i1p1f1,2100,06,03,0.05455033676381307,34.999725,16.812737,2100
31200,r3i1p1f1,2100,06,04,0.013473013796928253,36.300713,17.238234,2100
31201,r3i1p1f1,2100,06,05,0.0,38.015728,18.061281,2100
31202,r3i1p1f1,2100,06,06,0.0,38.211967,18.27273,2100
31203,r3i1p1f1,2100,06,07,0.0,36.23906,16.7717,2100
31204,r3i1p1f1,2100,06,08,0.0,30.802778,13.191189,2100
31205,r3i1p1f1,2100,06,09,0.00024802831114467347,25.062315,12.156003,2100
31206,r3i1p1f1,2100,06,10,0.015964432069185106,26.483477,10.331102,2100
31207,r3i1p1f1,2100,06,11,0.00011297709230954449,29.96316,12.337277,2100
31208,r3i1p1f1,2100,06,12,0.0068428612201277056,31.547167,13.372799,2100
31209,r3i1p1f1,2100,06,13,0.0451104004517247,29.874207,13.432027,2100
31210,r3i1p1f1,2100,06,14,0.8366173624033929,28.435139,11.456469,2100
31211,r3i1p1f1,2100,06,15,0.03673635987621365,33.427673,15.069763,2100
31212,r3i1p1f1,2100,06,16,0.0,35.45557,17.528017,2100
31213,r3i1p1f1,2100,06,17,0.0,35.07974,16.388197,2100
31214,r3i1p1f1,2100,06,18,0.0,33.215706,14.772085,2100
31215,r3i1p1f1,2100,06,19,0.0,29.9305,13.345603,2100
31216,r3i1p1f1,2100,06,20,0.0,33.806973,15.313374,2100
31217,r3i1p1f1,2100,06,21,0.0,37.377396,18.527876,2100
31218,r3i1p1f1,2100,06,22,0.0,39.018482,19.795702,2100
31219,r3i1p1f1,2100,06,23,0.0,37.56362,18.225494,2100
31220,r3i1p1f1,2100,06,24,0.0,36.0825,17.409409,2100
31221,r3i1p1f1,2100,06,25,0.0,33.147263,15.248852,2100
31222,r3i1p1f1,2100,06,26,0.0,35.62671,16.589233,2100
31223,r3i1p1f1,2100,06,27,0.0,37.301003,18.331123,2100
31224,r3i1p1f1,2100,06,28,0.0,37.22426,18.106953,2100
31225,r3i1p1f1,2100,06,29,0.0,36.65257,17.779781,2100
31226,r3i1p1f1,2100,06,30,0.0,35.26229,17.052523,2100
31227,r3i1p1f1,2100,07,01,0.0,33.891434,15.675126,2100
31228,r3i1p1f1,2100,07,02,0.0,32.594555,14.994618,2100
31229,r3i1p1f1,2100,07,03,0.0,30.170713,14.197586,2100
31230,r3i1p1f1,2100,07,04,0.0,30.905489,14.748863,2100
31231,r3i1p1f1,2100,07,05,0.0,31.664265,15.502625,2100
31232,r3i1p1f1,2100,07,06,0.0,33.547523,17.070665,2100
31233,r3i1p1f1,2100,07,07,0.0,33.781662,18.804785,2100
31234,r3i1p1f1,2100,07,08,0.0,36.295616,18.250229,2100
31235,r3i1p1f1,2100,07,09,0.0,38.753746,21.105934,2100
31236,r3i1p1f1,2100,07,10,0.0,39.912632,22.499859,2100
31237,r3i1p1f1,2100,07,11,0.0,41.26464,23.938711,2100
31238,r3i1p1f1,2100,07,12,0.0018979690541913662,42.141476,23.514986,2100
31239,r3i1p1f1,2100,07,13,0.029536287836504704,42.49535,24.400719,2100
31240,r3i1p1f1,2100,07,14,0.0,41.512497,22.950624,2100
31241,r3i1p1f1,2100,07,15,0.0,39.696423,21.628517,2100
31242,r3i1p1f1,2100,07,16,0.0,42.94129,23.126347,2100
31243,r3i1p1f1,2100,07,17,0.0,43.99189,24.35074,2100
31244,r3i1p1f1,2100,07,18,0.8776898802710947,42.861595,24.063454,2100
31245,r3i1p1f1,2100,07,19,0.307334760573488,39.21703,22.07905,2100
31246,r3i1p1f1,2100,07,20,0.0,37.944763,21.13486,2100
31247,r3i1p1f1,2100,07,21,0.0,37.338543,20.322313,2100
31248,r3i1p1f1,2100,07,22,0.0,37.823788,20.40659,2100
31249,r3i1p1f1,2100,07,23,0.0,39.337173,21.290854,2100
31250,r3i1p1f1,2100,07,24,0.0,39.06769,20.98676,2100
31251,r3i1p1f1,2100,07,25,3.3828557674265043,35.260567,20.296303,2100
31252,r3i1p1f1,2100,07,26,0.0,34.879917,19.114882,2100
31253,r3i1p1f1,2100,07,27,0.003530329303237412,36.21381,19.559345,2100
31254,r3i1p1f1,2100,07,28,0.09989076256715634,35.669754,19.209747,2100
31255,r3i1p1f1,2100,07,29,0.9262456729563631,36.905445,19.348072,2100
31256,r3i1p1f1,2100,07,30,0.1298887171838997,38.049393,20.915813,2100
31257,r3i1p1f1,2100,07,31,0.001847783639801271,37.157753,22.721184,2100
31258,r3i1p1f1,2100,08,01,0.0,37.552567,21.041729,2100
31259,r3i1p1f1,2100,08,02,0.0,38.043358,20.29031,2100
31260,r3i1p1f1,2100,08,03,0.0,37.9758,19.820547,2100
31261,r3i1p1f1,2100,08,04,0.0,39.152035,20.749195,2100
31262,r3i1p1f1,2100,08,05,0.0,41.39692,22.58086,2100
31263,r3i1p1f1,2100,08,06,0.0,42.20989,23.389679,2100
31264,r3i1p1f1,2100,08,07,0.0,42.608513,23.438623,2100
31265,r3i1p1f1,2100,08,08,0.0,44.01459,24.360403,2100
31266,r3i1p1f1,2100,08,09,0.006678968184684037,44.221188,24.627274,2100
31267,r3i1p1f1,2100,08,10,0.0,44.017105,24.098541,2100
31268,r3i1p1f1,2100,08,11,0.0,43.114014,23.172134,2100
31269,r3i1p1f1,2100,08,12,0.0,41.25455,21.626154,2100
31270,r3i1p1f1,2100,08,13,0.03890615595137757,40.36254,22.129576,2100
31271,r3i1p1f1,2100,08,14,0.7647373782134365,38.6401,23.064186,2100
31272,r3i1p1f1,2100,08,15,0.0,42.185158,22.493687,2100
31273,r3i1p1f1,2100,08,16,0.004765679742294279,42.106426,21.875097,2100
31274,r3i1p1f1,2100,08,17,0.07884373059355174,40.33977,22.368624,2100
31275,r3i1p1f1,2100,08,18,0.7475535502872486,37.597267,22.347692,2100
31276,r3i1p1f1,2100,08,19,0.5507500799351626,35.643276,20.234663,2100
31277,r3i1p1f1,2100,08,20,0.07283646528693763,36.28355,20.22395,2100
31278,r3i1p1f1,2100,08,21,0.0040823943687207775,37.663628,21.592785,2100
31279,r3i1p1f1,2100,08,22,0.027137954514755896,39.588722,22.158909,2100
31280,r3i1p1f1,2100,08,23,0.2335238957135571,40.407333,23.088667,2100
31281,r3i1p1f1,2100,08,24,1.3945342068980222,41.1079,23.512316,2100
31282,r3i1p1f1,2100,08,25,0.23585649913222756,40.47678,22.003864,2100
31283,r3i1p1f1,2100,08,26,0.004755088593810797,40.141857,21.38067,2100
31284,r3i1p1f1,2100,08,27,0.21770115379529836,39.12977,20.241825,2100
31285,r3i1p1f1,2100,08,28,0.0,38.328365,21.191114,2100
31286,r3i1p1f1,2100,08,29,0.572383589319405,38.375576,20.838625,2100
31287,r3i1p1f1,2100,08,30,0.24205583810919162,38.101395,20.947449,2100
31288,r3i1p1f1,2100,08,31,0.002868066517156408,37.221912,20.431578,2100
31289,r3i1p1f1,2100,09,01,0.30704571194788016,36.44051,20.753975,2100
31290,r3i1p1f1,2100,09,02,0.0,36.2079,20.069069,2100
31291,r3i1p1f1,2100,09,03,0.0021014533845256224,37.07451,19.704456,2100
31292,r3i1p1f1,2100,09,04,2.071609578640412,36.28688,22.325924,2100
31293,r3i1p1f1,2100,09,05,0.47745989496682095,36.034477,22.137438,2100
31294,r3i1p1f1,2100,09,06,0.0,36.61637,20.54045,2100
31295,r3i1p1f1,2100,09,07,0.0,35.765312,21.31156,2100
31296,r3i1p1f1,2100,09,08,0.0,36.553055,19.186314,2100
31297,r3i1p1f1,2100,09,09,0.14153207604646345,37.435467,19.353458,2100
31298,r3i1p1f1,2100,09,10,6.773575026876312,35.09533,20.697512,2100
31299,r3i1p1f1,2100,09,11,0.9822144666616099,33.655014,21.114029,2100
31300,r3i1p1f1,2100,09,12,0.14995487329239646,34.636063,20.321602,2100
31301,r3i1p1f1,2100,09,13,0.0,35.947502,20.46203,2100
31302,r3i1p1f1,2100,09,14,0.0,37.443314,21.0952,2100
31303,r3i1p1f1,2100,09,15,0.0037400544952657638,36.477142,20.12009,2100
31304,r3i1p1f1,2100,09,16,0.02845962927853124,35.238472,18.029541,2100
31305,r3i1p1f1,2100,09,17,0.9247643394028824,36.655014,19.666437,2100
31306,r3i1p1f1,2100,09,18,0.8838025757700742,36.64976,21.75431,2100
31307,r3i1p1f1,2100,09,19,1.370205638425735,36.497887,22.39346,2100
31308,r3i1p1f1,2100,09,20,0.0,36.321957,21.061735,2100
31309,r3i1p1f1,2100,09,21,0.04921286106709334,35.617752,20.63006,2100
31310,r3i1p1f1,2100,09,22,0.09536712373973745,35.04411,20.05235,2100
31311,r3i1p1f1,2100,09,23,6.469970413219209,33.24771,19.691841,2100
31312,r3i1p1f1,2100,09,24,2.0570783343536085,33.06526,19.62466,2100
31313,r3i1p1f1,2100,09,25,0.0,35.32265,19.351189,2100
31314,r3i1p1f1,2100,09,26,0.0,36.33096,20.29486,2100
31315,r3i1p1f1,2100,09,27,0.0,35.65987,19.249924,2100
31316,r3i1p1f1,2100,09,28,0.0,33.771576,17.034876,2100
31317,r3i1p1f1,2100,09,29,0.0,32.302666,16.232916,2100
31318,r3i1p1f1,2100,09,30,0.0,32.053535,15.302486,2100
31319,r3i1p1f1,2100,10,01,0.0,34.329754,17.43799,2100
31320,r3i1p1f1,2100,10,02,0.0,34.65427,17.998901,2100
31321,r3i1p1f1,2100,10,03,0.0,34.14514,17.287256,2100
31322,r3i1p1f1,2100,10,04,0.0,33.016994,16.821869,2100
31323,r3i1p1f1,2100,10,05,0.0,32.148094,15.612994,2100
31324,r3i1p1f1,2100,10,06,0.0,34.01273,17.40837,2100
31325,r3i1p1f1,2100,10,07,0.0,32.585415,17.087791,2100
31326,r3i1p1f1,2100,10,08,0.0,28.726006,12.137188,2100
31327,r3i1p1f1,2100,10,09,0.0,25.354458,11.379926,2100
31328,r3i1p1f1,2100,10,10,0.0,27.556044,12.448371,2100
31329,r3i1p1f1,2100,10,11,0.0011905537085664091,28.498552,14.151238,2100
31330,r3i1p1f1,2100,10,12,0.0,29.805191,14.357633,2100
31331,r3i1p1f1,2100,10,13,0.0,33.217117,17.54278,2100
31332,r3i1p1f1,2100,10,14,0.0,34.296795,18.68314,2100
31333,r3i1p1f1,2100,10,15,0.0,35.742004,19.727348,2100
31334,r3i1p1f1,2100,10,16,0.06033523733177307,35.673058,20.77674,2100
31335,r3i1p1f1,2100,10,17,0.00098151200676732,34.183746,18.87984,2100
31336,r3i1p1f1,2100,10,18,0.0,30.471869,14.638331,2100
31337,r3i1p1f1,2100,10,19,0.0,29.024042,15.654293,2100
31338,r3i1p1f1,2100,10,20,0.0,26.0618,12.397513,2100
31339,r3i1p1f1,2100,10,21,0.0,26.820477,10.843609,2100
31340,r3i1p1f1,2100,10,22,0.0,28.218327,12.237991,2100
31341,r3i1p1f1,2100,10,23,0.0,29.929853,13.5929365,2100
31342,r3i1p1f1,2100,10,24,0.0,28.399012,12.251873,2100
31343,r3i1p1f1,2100,10,25,0.0,24.432686,10.017808,2100
31344,r3i1p1f1,2100,10,26,0.0,25.515856,11.369343,2100
31345,r3i1p1f1,2100,10,27,0.0,24.22446,11.955675,2100
31346,r3i1p1f1,2100,10,28,0.0,23.076982,7.6924796,2100
31347,r3i1p1f1,2100,10,29,0.0,27.794867,11.322443,2100
31348,r3i1p1f1,2100,10,30,0.0,30.789968,14.058756,2100
31349,r3i1p1f1,2100,10,31,0.0,30.208838,12.9201975,2100
31350,r3i1p1f1,2100,11,01,0.0,27.166054,10.297542,2100
31351,r3i1p1f1,2100,11,02,0.013097296232996141,24.514788,11.528679,2100
31352,r3i1p1f1,2100,11,03,8.114258894519564,23.258884,13.053863,2100
31353,r3i1p1f1,2100,11,04,51.50178334236526,19.096529,13.698052,2100
31354,r3i1p1f1,2100,11,05,6.151367665954075,20.908499,8.142542,2100
31355,r3i1p1f1,2100,11,06,56.376308559605,22.262718,13.400303,2100
31356,r3i1p1f1,2100,11,07,17.48212273767091,22.547556,14.134747,2100
31357,r3i1p1f1,2100,11,08,0.028667840896367015,17.021381,4.578978,2100
31358,r3i1p1f1,2100,11,09,0.0,16.009087,3.2265797,2100
31359,r3i1p1f1,2100,11,10,0.0,18.048212,5.070954,2100
31360,r3i1p1f1,2100,11,11,0.0,19.624035,6.495841,2100
31361,r3i1p1f1,2100,11,12,0.0,20.005484,7.026388,2100
31362,r3i1p1f1,2100,11,13,0.0,18.568169,7.2137284,2100
31363,r3i1p1f1,2100,11,14,0.0,17.81892,5.8612623,2100
31364,r3i1p1f1,2100,11,15,0.0,18.146965,3.731801,2100
31365,r3i1p1f1,2100,11,16,0.01653079259664413,19.464653,7.398755,2100
31366,r3i1p1f1,2100,11,17,0.0,23.245087,9.806083,2100
31367,r3i1p1f1,2100,11,18,0.0,22.500607,9.385514,2100
31368,r3i1p1f1,2100,11,19,0.0,20.26079,7.9304066,2100
31369,r3i1p1f1,2100,11,20,0.0,19.046886,6.56947,2100
31370,r3i1p1f1,2100,11,21,0.0,20.527937,7.80172,2100
31371,r3i1p1f1,2100,11,22,0.0,21.030907,7.9072084,2100
31372,r3i1p1f1,2100,11,23,0.0,19.965307,7.295464,2100
31373,r3i1p1f1,2100,11,24,0.0,19.060392,6.3465557,2100
31374,r3i1p1f1,2100,11,25,0.0,19.131342,5.670769,2100
31375,r3i1p1f1,2100,11,26,0.0,18.10292,4.2605925,2100
31376,r3i1p1f1,2100,11,27,12.095947333176754,18.762476,8.618674,2100
31377,r3i1p1f1,2100,11,28,11.209355912598602,17.186008,7.6199994,2100
31378,r3i1p1f1,2100,11,29,18.884208567553397,19.539118,9.77334,2100
31379,r3i1p1f1,2100,11,30,0.027337328973579024,15.78992,3.8637574,2100
31380,r3i1p1f1,2100,12,01,0.0,15.07427,0.6797675,2100
31381,r3i1p1f1,2100,12,02,0.0007865531370043755,15.293089,3.42883,2100
31382,r3i1p1f1,2100,12,03,0.7010140303353899,15.057199,5.146796,2100
31383,r3i1p1f1,2100,12,04,1.4122055527011044,13.418426,3.8559752,2100
31384,r3i1p1f1,2100,12,05,1.94217404226892,12.235506,2.8215177,2100
31385,r3i1p1f1,2100,12,06,0.003266849018859141,9.763102,1.551155,2100
31386,r3i1p1f1,2100,12,07,0.0,10.08571,-3.4591048,2100
31387,r3i1p1f1,2100,12,08,0.0,10.237678,-3.3081372,2100
31388,r3i1p1f1,2100,12,09,0.0,15.201966,1.0975922,2100
31389,r3i1p1f1,2100,12,10,0.0,13.884171,0.47631848,2100
31390,r3i1p1f1,2100,12,11,0.0,14.469885,1.8351207,2100
31391,r3i1p1f1,2100,12,12,0.0,18.591215,4.3427215,2100
31392,r3i1p1f1,2100,12,13,0.0,15.626547,2.6537461,2100
31393,r3i1p1f1,2100,12,14,0.0,11.773826,0.4662334,2100
31394,r3i1p1f1,2100,12,15,0.0,12.201375,-0.9738402,2100
31395,r3i1p1f1,2100,12,16,0.0,10.947951,-2.219432,2100
31396,r3i1p1f1,2100,12,17,0.0,10.923298,-2.5893364,2100
31397,r3i1p1f1,2100,12,18,0.0,11.852216,-1.7128271,2100
31398,r3i1p1f1,2100,12,19,0.0,11.1931505,-1.6664134,2100
31399,r3i1p1f1,2100,12,20,1.6761383163380246,11.541862,3.4741518,2100
31400,r3i1p1f1,2100,12,21,0.0,11.973004,-1.4807776,2100
31401,r3i1p1f1,2100,12,22,0.0,16.807304,2.3213983,2100
31402,r3i1p1f1,2100,12,23,0.0003640039005514347,16.63027,2.0463603,2100
31403,r3i1p1f1,2100,12,24,1.5573740014497162,15.105075,5.2919602,2100
31404,r3i1p1f1,2100,12,25,0.19039317317285828,16.070803,8.320958,2100
31405,r3i1p1f1,2100,12,26,0.023475852883138665,15.484591,3.5684295,2100
31406,r3i1p1f1,2100,12,27,0.0055894888337758,14.283196,2.3112092,2100
31407,r3i1p1f1,2100,12,28,0.0,11.641298,-1.7780663,2100
31408,r3i1p1f1,2100,12,29,0.0,11.289729,-3.0800624,2100
31409,r3i1p1f1,2100,12,30,8.863190294395088e-05,9.888926,-2.2265556,2100
31410,r3i1p1f1,2100,12,31,7.729446746014385,8.831136,-0.91284555,2100
