index,member_id,Year,Month,Day,Pr (mm),Tasmax (degC),Tasmin (degC),Year
0,r10i1p1f1,2015,01,01,3.180843347179593,13.325033,3.6652157,2015
1,r10i1p1f1,2015,01,02,0.0,13.684939,3.3297536,2015
2,r10i1p1f1,2015,01,03,0.0,15.227597,4.675204,2015
3,r10i1p1f1,2015,01,04,0.0,15.761247,5.7160354,2015
4,r10i1p1f1,2015,01,05,0.0,16.741108,5.754372,2015
5,r10i1p1f1,2015,01,06,0.0,18.577394,6.3468885,2015
6,r10i1p1f1,2015,01,07,0.0,17.610409,5.8222833,2015
7,r10i1p1f1,2015,01,08,0.0,14.620262,2.5593686,2015
8,r10i1p1f1,2015,01,09,13.820454424192002,11.824524,1.8006022,2015
9,r10i1p1f1,2015,01,10,0.0,9.080012,1.3280232,2015
10,r10i1p1f1,2015,01,11,13.654837655332429,6.095457,-0.5275198,2015
11,r10i1p1f1,2015,01,12,36.49300554319971,8.601628,1.9069287,2015
12,r10i1p1f1,2015,01,13,0.0,9.57986,0.8188059,2015
13,r10i1p1f1,2015,01,14,17.82058700612795,7.961326,0.0063101114,2015
14,r10i1p1f1,2015,01,15,0.0,9.953006,0.29513952,2015
15,r10i1p1f1,2015,01,16,0.42370267575805837,9.659677,-0.17681041,2015
16,r10i1p1f1,2015,01,17,2.8575398785936783,6.9610233,3.181562,2015
17,r10i1p1f1,2015,01,18,0.0,17.27041,6.3114576,2015
18,r10i1p1f1,2015,01,19,0.0,17.182453,3.9094331,2015
19,r10i1p1f1,2015,01,20,4.02030145381248,11.266294,6.698058,2015
20,r10i1p1f1,2015,01,21,9.781103067584091,10.175326,2.5733662,2015
21,r10i1p1f1,2015,01,22,4.75170020451371,9.04526,2.4834566,2015
22,r10i1p1f1,2015,01,23,0.0,15.128921,2.267396,2015
23,r10i1p1f1,2015,01,24,0.0,13.767101,2.2111657,2015
24,r10i1p1f1,2015,01,25,0.0,14.541511,1.5768659,2015
25,r10i1p1f1,2015,01,26,0.0,13.859412,1.5418904,2015
26,r10i1p1f1,2015,01,27,0.0,14.965795,2.0795968,2015
27,r10i1p1f1,2015,01,28,24.10262785637506,13.292207,4.3848677,2015
28,r10i1p1f1,2015,01,29,0.0,12.727875,1.8362875,2015
29,r10i1p1f1,2015,01,30,0.0,15.934132,3.1264434,2015
30,r10i1p1f1,2015,01,31,0.0,20.190609,5.7317085,2015
31,r10i1p1f1,2015,02,01,0.11016498647821113,18.994051,6.632081,2015
32,r10i1p1f1,2015,02,02,2.468188025599566,14.800937,3.969564,2015
33,r10i1p1f1,2015,02,03,12.749557429924607,14.506879,5.0996003,2015
34,r10i1p1f1,2015,02,04,29.183649593094167,10.297634,3.7475338,2015
35,r10i1p1f1,2015,02,05,0.0,12.612162,1.114871,2015
36,r10i1p1f1,2015,02,06,0.0,12.250119,0.027707553,2015
37,r10i1p1f1,2015,02,07,3.4552257846562977,11.532795,3.9587471,2015
38,r10i1p1f1,2015,02,08,0.0,12.133741,0.2741085,2015
39,r10i1p1f1,2015,02,09,25.825296599712026,9.77479,1.4185127,2015
40,r10i1p1f1,2015,02,10,0.0,11.031235,3.4281664,2015
41,r10i1p1f1,2015,02,11,1.634111628505994,9.348964,-1.0025567,2015
42,r10i1p1f1,2015,02,12,0.6453084841268719,12.050974,2.803891,2015
43,r10i1p1f1,2015,02,13,47.320250233047105,12.736235,8.264311,2015
44,r10i1p1f1,2015,02,14,7.375661941554618,15.094452,6.647833,2015
45,r10i1p1f1,2015,02,15,0.0,15.783139,6.093427,2015
46,r10i1p1f1,2015,02,16,0.23359585970746066,15.773418,6.2213783,2015
47,r10i1p1f1,2015,02,17,12.97961120228712,11.173088,6.5584354,2015
48,r10i1p1f1,2015,02,18,0.015399248403762038,13.827995,3.2324305,2015
49,r10i1p1f1,2015,02,19,2.5268816500484768,12.373498,1.8196795,2015
50,r10i1p1f1,2015,02,20,1.9415570110906724,8.31853,3.1394107,2015
51,r10i1p1f1,2015,02,21,34.61677744420931,7.0307455,-0.44546488,2015
52,r10i1p1f1,2015,02,22,3.0821341872021883,5.4588118,-0.86255425,2015
53,r10i1p1f1,2015,02,23,53.48850511823242,8.265573,-1.138484,2015
54,r10i1p1f1,2015,02,24,54.37817310050473,7.913355,3.728005,2015
55,r10i1p1f1,2015,02,25,5.184984757246831,7.840265,-2.2165487,2015
56,r10i1p1f1,2015,02,26,0.0,11.52047,-0.38466924,2015
57,r10i1p1f1,2015,02,27,8.774748792194785,10.390805,0.49255553,2015
58,r10i1p1f1,2015,02,28,0.1835951188312672,9.433464,1.2071654,2015
59,r10i1p1f1,2015,03,01,0.0,15.828717,0.381122,2015
60,r10i1p1f1,2015,03,02,0.0,17.463161,1.0374252,2015
61,r10i1p1f1,2015,03,03,0.0,15.871167,2.5023334,2015
62,r10i1p1f1,2015,03,04,2.78729726240894,10.233122,4.301763,2015
63,r10i1p1f1,2015,03,05,2.4968342624082367,10.00795,-0.059968445,2015
64,r10i1p1f1,2015,03,06,0.0,13.852574,2.179952,2015
65,r10i1p1f1,2015,03,07,56.76065004173372,11.154622,5.4245796,2015
66,r10i1p1f1,2015,03,08,1.684902649202214,12.605693,1.5459785,2015
67,r10i1p1f1,2015,03,09,0.048223624368179833,11.039335,-0.6093555,2015
68,r10i1p1f1,2015,03,10,0.0,16.794674,0.9019948,2015
69,r10i1p1f1,2015,03,11,0.0,19.457254,4.3083086,2015
70,r10i1p1f1,2015,03,12,0.0,18.366417,5.483193,2015
71,r10i1p1f1,2015,03,13,0.0,17.389362,3.1434984,2015
72,r10i1p1f1,2015,03,14,0.0,17.38729,2.72651,2015
73,r10i1p1f1,2015,03,15,0.0,19.055613,3.6741378,2015
74,r10i1p1f1,2015,03,16,0.0,17.708506,5.454096,2015
75,r10i1p1f1,2015,03,17,28.536336844186543,11.003192,4.5707154,2015
76,r10i1p1f1,2015,03,18,5.845284866077954,8.916031,-0.8201515,2015
77,r10i1p1f1,2015,03,19,0.0,10.827182,-1.9730064,2015
78,r10i1p1f1,2015,03,20,0.37113826294539887,9.717796,2.4898565,2015
79,r10i1p1f1,2015,03,21,0.0,14.325992,-0.47369203,2015
80,r10i1p1f1,2015,03,22,0.0,15.34066,-1.1163541,2015
81,r10i1p1f1,2015,03,23,0.0,16.261929,1.7177176,2015
82,r10i1p1f1,2015,03,24,0.0,16.172983,2.3608038,2015
83,r10i1p1f1,2015,03,25,2.5053524447876523,13.76275,3.6960344,2015
84,r10i1p1f1,2015,03,26,43.544461761331675,9.641864,2.666907,2015
85,r10i1p1f1,2015,03,27,16.694646818857443,10.295688,1.1471136,2015
86,r10i1p1f1,2015,03,28,3.3977384240355795,10.388357,1.2501065,2015
87,r10i1p1f1,2015,03,29,0.0,13.190632,-0.3913492,2015
88,r10i1p1f1,2015,03,30,6.994148247126998,10.710196,1.6311226,2015
89,r10i1p1f1,2015,03,31,0.0,14.80073,0.966313,2015
90,r10i1p1f1,2015,04,01,0.0,17.666998,1.3853956,2015
91,r10i1p1f1,2015,04,02,0.0,19.630259,3.7814705,2015
92,r10i1p1f1,2015,04,03,0.0,24.940058,7.9164476,2015
93,r10i1p1f1,2015,04,04,0.0,23.689112,7.3045197,2015
94,r10i1p1f1,2015,04,05,0.0,22.832834,8.376269,2015
95,r10i1p1f1,2015,04,06,2.8785684165708707,20.060242,5.590496,2015
96,r10i1p1f1,2015,04,07,10.784004525837526,11.256848,1.0616091,2015
97,r10i1p1f1,2015,04,08,9.46345143893268,8.681946,3.403106,2015
98,r10i1p1f1,2015,04,09,1.5484352015559317,10.489037,1.2376254,2015
99,r10i1p1f1,2015,04,10,0.0,14.590346,0.86260986,2015
100,r10i1p1f1,2015,04,11,0.0,18.672173,1.8347238,2015
101,r10i1p1f1,2015,04,12,0.0,18.000202,3.5450764,2015
102,r10i1p1f1,2015,04,13,6.324305362537224,13.935152,2.578765,2015
103,r10i1p1f1,2015,04,14,0.16315524274097315,14.020956,1.3482383,2015
104,r10i1p1f1,2015,04,15,22.292352428868117,10.158919,4.9584646,2015
105,r10i1p1f1,2015,04,16,9.925913103889846,7.853106,4.0134172,2015
106,r10i1p1f1,2015,04,17,38.38622999120209,8.122228,3.274977,2015
107,r10i1p1f1,2015,04,18,12.894485758596076,11.08567,1.6104078,2015
108,r10i1p1f1,2015,04,19,0.038414196751546115,17.435438,3.786259,2015
109,r10i1p1f1,2015,04,20,0.0,17.674093,5.40219,2015
110,r10i1p1f1,2015,04,21,0.005150449789270121,16.078588,2.5349712,2015
111,r10i1p1f1,2015,04,22,8.569572354731223,12.535782,-0.8370815,2015
112,r10i1p1f1,2015,04,23,0.0,16.838568,0.51132625,2015
113,r10i1p1f1,2015,04,24,0.0,15.80419,1.6724273,2015
114,r10i1p1f1,2015,04,25,0.0,18.744736,4.028594,2015
115,r10i1p1f1,2015,04,26,0.06699613454896423,18.130905,5.9357333,2015
116,r10i1p1f1,2015,04,27,31.33143254518999,14.149189,0.8896412,2015
117,r10i1p1f1,2015,04,28,25.941872489516083,4.9200993,1.9350735,2015
118,r10i1p1f1,2015,04,29,4.401625685865215,9.450238,1.147255,2015
119,r10i1p1f1,2015,04,30,0.0,12.806521,1.2742643,2015
120,r10i1p1f1,2015,05,01,0.0,15.112305,1.7414742,2015
121,r10i1p1f1,2015,05,02,0.0,17.347708,2.0459068,2015
122,r10i1p1f1,2015,05,03,0.0,18.374086,5.06789,2015
123,r10i1p1f1,2015,05,04,0.0,16.01021,3.5522637,2015
124,r10i1p1f1,2015,05,05,0.0,19.212448,2.324776,2015
125,r10i1p1f1,2015,05,06,0.0,21.176014,7.809482,2015
126,r10i1p1f1,2015,05,07,0.0,20.462204,6.4591312,2015
127,r10i1p1f1,2015,05,08,33.01230874709099,15.355541,1.9916328,2015
128,r10i1p1f1,2015,05,09,34.22701263549052,11.325965,2.0680668,2015
129,r10i1p1f1,2015,05,10,0.15155169330682838,14.756775,2.875312,2015
130,r10i1p1f1,2015,05,11,0.0,18.029541,1.3737934,2015
131,r10i1p1f1,2015,05,12,0.0,18.138882,4.604303,2015
132,r10i1p1f1,2015,05,13,0.0,18.627,4.470106,2015
133,r10i1p1f1,2015,05,14,0.0,22.944803,6.052939,2015
134,r10i1p1f1,2015,05,15,0.0,26.932043,10.374282,2015
135,r10i1p1f1,2015,05,16,0.0,27.951054,9.992695,2015
136,r10i1p1f1,2015,05,17,0.0,29.736273,13.458717,2015
137,r10i1p1f1,2015,05,18,0.0,29.614689,15.082902,2015
138,r10i1p1f1,2015,05,19,0.0,31.430761,14.524917,2015
139,r10i1p1f1,2015,05,20,0.0,29.822882,14.194998,2015
140,r10i1p1f1,2015,05,21,7.115798231184033,20.913689,5.8130317,2015
141,r10i1p1f1,2015,05,22,33.15746806267845,13.189527,6.6187096,2015
142,r10i1p1f1,2015,05,23,0.0,19.670425,4.5078387,2015
143,r10i1p1f1,2015,05,24,0.0,29.307692,8.362465,2015
144,r10i1p1f1,2015,05,25,0.0,34.818897,14.343121,2015
145,r10i1p1f1,2015,05,26,0.0,35.243053,17.630026,2015
146,r10i1p1f1,2015,05,27,0.0,33.981606,18.400003,2015
147,r10i1p1f1,2015,05,28,0.0,30.591028,15.078423,2015
148,r10i1p1f1,2015,05,29,0.0,31.291122,16.08278,2015
149,r10i1p1f1,2015,05,30,0.0,34.261715,18.147617,2015
150,r10i1p1f1,2015,05,31,0.0,34.86642,18.337904,2015
151,r10i1p1f1,2015,06,01,0.0,35.464806,17.743002,2015
152,r10i1p1f1,2015,06,02,0.0,32.453968,17.455824,2015
153,r10i1p1f1,2015,06,03,0.0,31.735657,13.390418,2015
154,r10i1p1f1,2015,06,04,0.0,33.52067,15.720252,2015
155,r10i1p1f1,2015,06,05,0.0,35.12497,17.62492,2015
156,r10i1p1f1,2015,06,06,0.0,34.095165,18.615252,2015
157,r10i1p1f1,2015,06,07,0.0,32.12155,16.219458,2015
158,r10i1p1f1,2015,06,08,0.0,32.849655,17.902239,2015
159,r10i1p1f1,2015,06,09,0.0,30.097174,17.298563,2015
160,r10i1p1f1,2015,06,10,0.0,36.11269,16.729296,2015
161,r10i1p1f1,2015,06,11,0.004716268454342897,31.716839,14.883951,2015
162,r10i1p1f1,2015,06,12,0.0,36.300232,18.068457,2015
163,r10i1p1f1,2015,06,13,0.0,36.88044,20.401981,2015
164,r10i1p1f1,2015,06,14,0.0,36.67705,21.833458,2015
165,r10i1p1f1,2015,06,15,0.0,37.346966,22.504742,2015
166,r10i1p1f1,2015,06,16,0.0,35.601547,19.594555,2015
167,r10i1p1f1,2015,06,17,0.0,28.1884,12.35053,2015
168,r10i1p1f1,2015,06,18,0.0,32.60063,15.202576,2015
169,r10i1p1f1,2015,06,19,0.0,33.371925,15.774292,2015
170,r10i1p1f1,2015,06,20,0.7197569574552625,32.983875,15.652631,2015
171,r10i1p1f1,2015,06,21,0.0,32.16413,17.194923,2015
172,r10i1p1f1,2015,06,22,0.0,31.380014,13.751434,2015
173,r10i1p1f1,2015,06,23,0.0,24.001966,7.016037,2015
174,r10i1p1f1,2015,06,24,0.0,24.306574,7.70673,2015
175,r10i1p1f1,2015,06,25,0.0,30.432703,14.009644,2015
176,r10i1p1f1,2015,06,26,0.0,34.164425,17.669546,2015
177,r10i1p1f1,2015,06,27,0.0,33.29437,15.517292,2015
178,r10i1p1f1,2015,06,28,0.0,31.980038,16.136034,2015
179,r10i1p1f1,2015,06,29,0.0,26.609306,11.174045,2015
180,r10i1p1f1,2015,06,30,0.7633570039232789,21.415907,6.467612,2015
181,r10i1p1f1,2015,07,01,26.38514478733812,12.948493,8.45274,2015
182,r10i1p1f1,2015,07,02,12.66771223576813,12.203835,9.338064,2015
183,r10i1p1f1,2015,07,03,0.0,22.117653,9.490476,2015
184,r10i1p1f1,2015,07,04,0.0,26.038218,10.172905,2015
185,r10i1p1f1,2015,07,05,0.0,30.251976,11.544851,2015
186,r10i1p1f1,2015,07,06,0.0,30.250788,13.444533,2015
187,r10i1p1f1,2015,07,07,0.0,29.256212,12.536502,2015
188,r10i1p1f1,2015,07,08,0.0,31.591469,13.982637,2015
189,r10i1p1f1,2015,07,09,0.0,32.254177,14.68173,2015
190,r10i1p1f1,2015,07,10,0.0,34.81933,17.601019,2015
191,r10i1p1f1,2015,07,11,0.0,35.37634,18.766644,2015
192,r10i1p1f1,2015,07,12,0.0,36.89603,19.820877,2015
193,r10i1p1f1,2015,07,13,0.0,36.28388,21.219543,2015
194,r10i1p1f1,2015,07,14,0.0,34.214306,20.243628,2015
195,r10i1p1f1,2015,07,15,0.0,30.772316,12.624649,2015
196,r10i1p1f1,2015,07,16,0.0,30.06498,15.42927,2015
197,r10i1p1f1,2015,07,17,0.0,27.82498,12.257953,2015
198,r10i1p1f1,2015,07,18,0.0,32.297333,14.205179,2015
199,r10i1p1f1,2015,07,19,0.0,34.097317,16.82676,2015
200,r10i1p1f1,2015,07,20,0.2816802535706206,33.663055,16.993446,2015
201,r10i1p1f1,2015,07,21,0.0,36.266254,19.478815,2015
202,r10i1p1f1,2015,07,22,0.0,35.757988,18.05217,2015
203,r10i1p1f1,2015,07,23,0.0,37.261402,21.31008,2015
204,r10i1p1f1,2015,07,24,0.013066434430105514,35.817055,19.262829,2015
205,r10i1p1f1,2015,07,25,0.9361841781008863,32.356388,17.306273,2015
206,r10i1p1f1,2015,07,26,3.5693840818614837,29.674728,13.956384,2015
207,r10i1p1f1,2015,07,27,0.07334214337190229,29.518847,14.282718,2015
208,r10i1p1f1,2015,07,28,0.0,32.381626,16.976639,2015
209,r10i1p1f1,2015,07,29,0.0,32.05394,16.13912,2015
210,r10i1p1f1,2015,07,30,0.0,28.76053,13.000693,2015
211,r10i1p1f1,2015,07,31,0.0,26.19492,10.490326,2015
212,r10i1p1f1,2015,08,01,0.0,29.834463,12.208767,2015
213,r10i1p1f1,2015,08,02,0.0,33.360657,15.010604,2015
214,r10i1p1f1,2015,08,03,0.0,34.288242,17.047897,2015
215,r10i1p1f1,2015,08,04,0.0,33.04153,17.009241,2015
216,r10i1p1f1,2015,08,05,0.0,30.416388,13.710306,2015
217,r10i1p1f1,2015,08,06,0.0,31.831562,13.822587,2015
218,r10i1p1f1,2015,08,07,0.0,32.46539,15.207945,2015
219,r10i1p1f1,2015,08,08,0.0,34.360954,16.111187,2015
220,r10i1p1f1,2015,08,09,0.0,35.608772,18.508018,2015
221,r10i1p1f1,2015,08,10,0.0,33.93537,21.583994,2015
222,r10i1p1f1,2015,08,11,0.0,35.831562,20.011612,2015
223,r10i1p1f1,2015,08,12,0.0,36.685787,19.930838,2015
224,r10i1p1f1,2015,08,13,0.0,37.536564,20.680412,2015
225,r10i1p1f1,2015,08,14,0.0,36.825626,21.472658,2015
226,r10i1p1f1,2015,08,15,0.0,34.88394,17.842875,2015
227,r10i1p1f1,2015,08,16,0.0,33.099865,17.118881,2015
228,r10i1p1f1,2015,08,17,0.0,31.915607,16.111076,2015
229,r10i1p1f1,2015,08,18,0.0,31.214275,15.9543295,2015
230,r10i1p1f1,2015,08,19,0.0,28.0698,13.557556,2015
231,r10i1p1f1,2015,08,20,0.0,27.068924,10.825757,2015
232,r10i1p1f1,2015,08,21,0.0,26.197695,8.050288,2015
233,r10i1p1f1,2015,08,22,0.0,29.401535,10.487633,2015
234,r10i1p1f1,2015,08,23,0.0,28.233253,10.715965,2015
235,r10i1p1f1,2015,08,24,0.0,25.811651,10.042732,2015
236,r10i1p1f1,2015,08,25,0.0,28.116436,10.885567,2015
237,r10i1p1f1,2015,08,26,0.0,28.492468,12.871851,2015
238,r10i1p1f1,2015,08,27,0.0,28.758583,12.995577,2015
239,r10i1p1f1,2015,08,28,0.0,28.361261,12.200434,2015
240,r10i1p1f1,2015,08,29,0.0,27.747751,9.133008,2015
241,r10i1p1f1,2015,08,30,0.0,26.7406,7.9306126,2015
242,r10i1p1f1,2015,08,31,0.0,23.976807,6.558425,2015
243,r10i1p1f1,2015,09,01,0.0,26.61215,8.12764,2015
244,r10i1p1f1,2015,09,02,0.0,27.731388,10.795749,2015
245,r10i1p1f1,2015,09,03,0.0,29.249498,11.751884,2015
246,r10i1p1f1,2015,09,04,0.0,30.61992,12.639876,2015
247,r10i1p1f1,2015,09,05,0.0,31.996916,13.617387,2015
248,r10i1p1f1,2015,09,06,0.0,32.134666,14.148598,2015
249,r10i1p1f1,2015,09,07,0.0,32.001644,14.5149355,2015
250,r10i1p1f1,2015,09,08,0.0,32.119183,15.068433,2015
251,r10i1p1f1,2015,09,09,0.0,30.725468,13.631118,2015
252,r10i1p1f1,2015,09,10,0.0,24.556606,9.688504,2015
253,r10i1p1f1,2015,09,11,0.2956176875063408,21.978888,5.5924215,2015
254,r10i1p1f1,2015,09,12,0.0,20.89743,4.111991,2015
255,r10i1p1f1,2015,09,13,0.0,20.078384,4.373159,2015
256,r10i1p1f1,2015,09,14,0.0,23.240381,4.6838284,2015
257,r10i1p1f1,2015,09,15,0.0,24.813574,6.856996,2015
258,r10i1p1f1,2015,09,16,0.0,23.7972,8.07178,2015
259,r10i1p1f1,2015,09,17,0.0,24.095146,7.180238,2015
260,r10i1p1f1,2015,09,18,0.0,28.027765,9.603197,2015
261,r10i1p1f1,2015,09,19,0.0,29.691708,12.026492,2015
262,r10i1p1f1,2015,09,20,0.0,28.863005,12.222229,2015
263,r10i1p1f1,2015,09,21,0.0,25.083412,7.3388095,2015
264,r10i1p1f1,2015,09,22,0.0,33.144936,14.751728,2015
265,r10i1p1f1,2015,09,23,0.0,32.98479,19.438004,2015
266,r10i1p1f1,2015,09,24,0.0,33.81763,17.077744,2015
267,r10i1p1f1,2015,09,25,0.0,30.885813,15.548852,2015
268,r10i1p1f1,2015,09,26,0.0,29.86369,13.95308,2015
269,r10i1p1f1,2015,09,27,0.0,32.10074,14.909144,2015
270,r10i1p1f1,2015,09,28,0.0,31.74498,14.911891,2015
271,r10i1p1f1,2015,09,29,0.0,33.653458,17.136045,2015
272,r10i1p1f1,2015,09,30,0.0,34.308968,18.587214,2015
273,r10i1p1f1,2015,10,01,0.0,33.827526,18.41828,2015
274,r10i1p1f1,2015,10,02,0.0,33.65697,17.118933,2015
275,r10i1p1f1,2015,10,03,0.0,31.957619,15.711484,2015
276,r10i1p1f1,2015,10,04,0.0,28.597782,12.580217,2015
277,r10i1p1f1,2015,10,05,0.0,27.266531,13.701794,2015
278,r10i1p1f1,2015,10,06,12.029551688656761,25.103136,10.59936,2015
279,r10i1p1f1,2015,10,07,2.2330554082337155,17.03884,6.8192787,2015
280,r10i1p1f1,2015,10,08,0.061432427508790216,20.253855,8.770989,2015
281,r10i1p1f1,2015,10,09,0.0,25.48733,7.508254,2015
282,r10i1p1f1,2015,10,10,0.0,26.400518,11.137988,2015
283,r10i1p1f1,2015,10,11,0.0,27.687613,14.69529,2015
284,r10i1p1f1,2015,10,12,0.0,27.522846,10.384609,2015
285,r10i1p1f1,2015,10,13,0.0,26.564623,10.8902025,2015
286,r10i1p1f1,2015,10,14,0.0,25.873774,12.180951,2015
287,r10i1p1f1,2015,10,15,0.0,29.32968,10.2491665,2015
288,r10i1p1f1,2015,10,16,0.0,27.39755,11.459247,2015
289,r10i1p1f1,2015,10,17,26.9039247044068,29.076044,14.85365,2015
290,r10i1p1f1,2015,10,18,15.473358433365846,15.023564,11.283746,2015
291,r10i1p1f1,2015,10,19,1.0157391018166986,17.764257,8.016457,2015
292,r10i1p1f1,2015,10,20,0.7560056622088794,20.112566,8.876717,2015
293,r10i1p1f1,2015,10,21,0.3665438639425127,22.460617,8.210677,2015
294,r10i1p1f1,2015,10,22,7.264046121532661,22.595177,11.347471,2015
295,r10i1p1f1,2015,10,23,0.0,20.469198,8.26861,2015
296,r10i1p1f1,2015,10,24,0.0,24.277395,5.722457,2015
297,r10i1p1f1,2015,10,25,0.0,25.672752,8.033256,2015
298,r10i1p1f1,2015,10,26,0.0,26.490818,8.429298,2015
299,r10i1p1f1,2015,10,27,0.0,25.45965,10.83191,2015
300,r10i1p1f1,2015,10,28,0.0,25.048101,13.579042,2015
301,r10i1p1f1,2015,10,29,0.0,24.379612,11.367966,2015
302,r10i1p1f1,2015,10,30,0.0,19.188154,10.4056425,2015
303,r10i1p1f1,2015,10,31,0.0,25.297352,6.8114285,2015
304,r10i1p1f1,2015,11,01,0.0,25.09806,8.056082,2015
305,r10i1p1f1,2015,11,02,0.0,26.177008,9.536442,2015
306,r10i1p1f1,2015,11,03,0.0,26.103317,10.69497,2015
307,r10i1p1f1,2015,11,04,0.0,25.326262,9.92226,2015
308,r10i1p1f1,2015,11,05,0.6285106308687797,24.266638,13.9126,2015
309,r10i1p1f1,2015,11,06,0.0,17.18306,5.4822693,2015
310,r10i1p1f1,2015,11,07,0.0,15.565324,3.4006014,2015
311,r10i1p1f1,2015,11,08,6.3814576402939185,13.7561455,1.3210205,2015
312,r10i1p1f1,2015,11,09,0.32854045497706946,7.923948,-1.1638345,2015
313,r10i1p1f1,2015,11,10,0.24971231551525738,8.79811,-0.6484955,2015
314,r10i1p1f1,2015,11,11,2.6240865862124148,8.293601,-0.764074,2015
315,r10i1p1f1,2015,11,12,0.0,12.776436,-3.9546661,2015
316,r10i1p1f1,2015,11,13,0.0,11.76639,-1.5596737,2015
317,r10i1p1f1,2015,11,14,0.0,14.862992,0.057294544,2015
318,r10i1p1f1,2015,11,15,0.0,14.509107,0.559852,2015
319,r10i1p1f1,2015,11,16,0.0,14.093452,0.67350084,2015
320,r10i1p1f1,2015,11,17,0.0,15.700256,-0.33870277,2015
321,r10i1p1f1,2015,11,18,0.0,15.079355,3.732607,2015
322,r10i1p1f1,2015,11,19,10.74442430227033,12.794845,3.202771,2015
323,r10i1p1f1,2015,11,20,3.9029107756840333,10.288555,4.5499525,2015
324,r10i1p1f1,2015,11,21,51.484653849988,10.782931,2.4626334,2015
325,r10i1p1f1,2015,11,22,19.087874285009764,7.317823,2.1301746,2015
326,r10i1p1f1,2015,11,23,74.80044460512306,9.59028,3.086074,2015
327,r10i1p1f1,2015,11,24,28.040593635370513,12.890118,5.154765,2015
328,r10i1p1f1,2015,11,25,53.698045572903204,13.9286995,8.41528,2015
329,r10i1p1f1,2015,11,26,33.65905250814792,16.524916,10.919264,2015
330,r10i1p1f1,2015,11,27,0.7272252060398674,16.194384,6.803555,2015
331,r10i1p1f1,2015,11,28,0.0,12.67682,3.1849256,2015
332,r10i1p1f1,2015,11,29,0.0,12.853949,2.3441427,2015
333,r10i1p1f1,2015,11,30,26.59019592224228,12.951932,6.544627,2015
334,r10i1p1f1,2015,12,01,0.0,11.124598,1.8363621,2015
335,r10i1p1f1,2015,12,02,0.0,11.078987,0.2655766,2015
336,r10i1p1f1,2015,12,03,0.4305833395751267,10.925797,1.751239,2015
337,r10i1p1f1,2015,12,04,0.0,10.079043,-0.27403882,2015
338,r10i1p1f1,2015,12,05,1.5466389327373595,9.67588,2.5466144,2015
339,r10i1p1f1,2015,12,06,26.114865545471396,11.545491,3.557002,2015
340,r10i1p1f1,2015,12,07,0.0,11.07948,-0.36384502,2015
341,r10i1p1f1,2015,12,08,15.159079011860548,8.771863,2.427908,2015
342,r10i1p1f1,2015,12,09,33.0802989241324,10.073814,5.1158447,2015
343,r10i1p1f1,2015,12,10,9.695540513501712,10.943082,7.0716615,2015
344,r10i1p1f1,2015,12,11,32.63858713264773,10.994657,5.1682005,2015
345,r10i1p1f1,2015,12,12,0.0,9.532368,3.3504505,2015
346,r10i1p1f1,2015,12,13,0.0,7.9731503,0.17952307,2015
347,r10i1p1f1,2015,12,14,0.0,9.028301,-0.48750064,2015
348,r10i1p1f1,2015,12,15,0.0,8.107074,-1.4919598,2015
349,r10i1p1f1,2015,12,16,0.2736588041587215,9.422583,2.5156386,2015
350,r10i1p1f1,2015,12,17,17.012805968988687,8.0103,2.4291542,2015
351,r10i1p1f1,2015,12,18,17.471293509649847,7.5055532,3.8015053,2015
352,r10i1p1f1,2015,12,19,11.834846005800308,6.6967916,1.9396551,2015
353,r10i1p1f1,2015,12,20,4.612883330130564,7.4310727,3.6591003,2015
354,r10i1p1f1,2015,12,21,0.0,9.826032,-0.82476604,2015
355,r10i1p1f1,2015,12,22,0.0,8.264648,0.8121093,2015
356,r10i1p1f1,2015,12,23,5.675173254597834,6.956923,2.7095928,2015
357,r10i1p1f1,2015,12,24,0.0,7.258398,-0.7965295,2015
358,r10i1p1f1,2015,12,25,0.0,13.013283,-0.4556148,2015
359,r10i1p1f1,2015,12,26,0.0,13.024756,3.2407868,2015
360,r10i1p1f1,2015,12,27,0.0,12.543297,1.2119404,2015
361,r10i1p1f1,2015,12,28,8.135603416265344,9.30644,0.03730533,2015
362,r10i1p1f1,2015,12,29,5.08839286387803,4.7522173,-0.15290973,2015
363,r10i1p1f1,2015,12,30,0.0,8.372027,-2.8240101,2015
364,r10i1p1f1,2015,12,31,0.0,9.859875,-2.8743813,2015
365,r10i1p1f1,2016,01,01,0.0,11.291684,0.47123197,2016
366,r10i1p1f1,2016,01,02,0.0,12.934179,2.6690435,2016
367,r10i1p1f1,2016,01,03,0.0,15.381834,2.6765523,2016
368,r10i1p1f1,2016,01,04,0.0,13.610297,3.150099,2016
369,r10i1p1f1,2016,01,05,0.0,14.269883,1.1054239,2016
370,r10i1p1f1,2016,01,06,17.732080213088345,6.6649337,-0.004926782,2016
371,r10i1p1f1,2016,01,07,6.54193153861917,3.9493814,-3.8252916,2016
372,r10i1p1f1,2016,01,08,3.9447080765297104,3.3962612,-5.5123506,2016
373,r10i1p1f1,2016,01,09,0.6191871890654224,4.4458547,-2.3799329,2016
374,r10i1p1f1,2016,01,10,0.0,5.3082824,-4.22039,2016
375,r10i1p1f1,2016,01,11,0.0,6.9384484,-4.8272877,2016
376,r10i1p1f1,2016,01,12,5.103931707287158,5.9868565,-4.2131395,2016
377,r10i1p1f1,2016,01,13,52.0944089175349,11.382774,2.872192,2016
378,r10i1p1f1,2016,01,14,47.15795120481696,12.564725,9.485664,2016
379,r10i1p1f1,2016,01,15,45.732559861713334,12.943399,7.331226,2016
380,r10i1p1f1,2016,01,16,0.23565173978568055,12.312127,3.6775618,2016
381,r10i1p1f1,2016,01,17,0.0,15.60179,2.2160335,2016
382,r10i1p1f1,2016,01,18,0.0,13.656238,3.9471548,2016
383,r10i1p1f1,2016,01,19,0.0,13.101438,3.870497,2016
384,r10i1p1f1,2016,01,20,0.0,15.301173,5.1148014,2016
385,r10i1p1f1,2016,01,21,0.0,18.115973,4.768185,2016
386,r10i1p1f1,2016,01,22,0.0,17.16473,4.0193086,2016
387,r10i1p1f1,2016,01,23,6.068595952398793,15.836262,5.995421,2016
388,r10i1p1f1,2016,01,24,0.0,13.364764,2.5945897,2016
389,r10i1p1f1,2016,01,25,0.0,16.772974,-0.47584894,2016
390,r10i1p1f1,2016,01,26,0.8109658527868496,12.794247,1.3351017,2016
391,r10i1p1f1,2016,01,27,23.021557433285604,7.79973,5.0957274,2016
392,r10i1p1f1,2016,01,28,0.0,12.88697,3.6734765,2016
393,r10i1p1f1,2016,01,29,0.0,18.109093,2.0918565,2016
394,r10i1p1f1,2016,01,30,0.0,17.354202,4.872189,2016
395,r10i1p1f1,2016,01,31,0.0,18.148859,4.2016907,2016
396,r10i1p1f1,2016,02,01,0.0,17.565258,2.7088897,2016
397,r10i1p1f1,2016,02,02,0.0,15.201287,1.9720513,2016
398,r10i1p1f1,2016,02,03,10.789396618967753,11.694699,1.5248504,2016
399,r10i1p1f1,2016,02,04,13.447471890953908,13.025993,2.3920803,2016
400,r10i1p1f1,2016,02,05,12.086644078111643,9.889011,5.1488776,2016
401,r10i1p1f1,2016,02,06,23.600162343293626,8.993319,3.125323,2016
402,r10i1p1f1,2016,02,07,0.0,13.553131,1.6889446,2016
403,r10i1p1f1,2016,02,08,0.0,12.355207,1.9006363,2016
404,r10i1p1f1,2016,02,09,19.351555414706173,12.134427,5.057724,2016
405,r10i1p1f1,2016,02,10,9.015837591677586,13.07456,7.0623355,2016
406,r10i1p1f1,2016,02,11,12.598988833824956,13.625737,9.355406,2016
407,r10i1p1f1,2016,02,12,15.109960459238593,12.06985,7.083996,2016
408,r10i1p1f1,2016,02,13,0.0,17.378614,3.5755317,2016
409,r10i1p1f1,2016,02,14,0.0,19.388496,5.586493,2016
410,r10i1p1f1,2016,02,15,0.0,18.30253,7.6475186,2016
411,r10i1p1f1,2016,02,16,2.136206129485548,14.807969,4.664281,2016
412,r10i1p1f1,2016,02,17,0.0,18.005602,1.4218433,2016
413,r10i1p1f1,2016,02,18,0.0,14.996264,2.9719062,2016
414,r10i1p1f1,2016,02,19,0.0,14.85261,1.768704,2016
415,r10i1p1f1,2016,02,20,0.0,15.061127,0.9412575,2016
416,r10i1p1f1,2016,02,21,0.0,14.025736,0.2609542,2016
417,r10i1p1f1,2016,02,22,0.588671112657386,8.746037,-2.426491,2016
418,r10i1p1f1,2016,02,23,20.066467345551292,4.7819114,-4.3500175,2016
419,r10i1p1f1,2016,02,24,0.0,5.6317916,-3.9322681,2016
420,r10i1p1f1,2016,02,25,0.0,8.065247,-6.004708,2016
421,r10i1p1f1,2016,02,26,0.0,8.637887,-4.2269835,2016
422,r10i1p1f1,2016,02,27,0.0,11.492577,-2.0157468,2016
423,r10i1p1f1,2016,02,28,0.0,11.623685,-0.86597544,2016
424,r10i1p1f1,2016,02,29,0.0,12.106423,-0.50651854,2016
425,r10i1p1f1,2016,03,01,0.0,13.086797,-1.0241823,2016
426,r10i1p1f1,2016,03,02,0.0,13.614242,-1.9904844,2016
427,r10i1p1f1,2016,03,03,0.0,14.376275,-0.27895394,2016
428,r10i1p1f1,2016,03,04,0.0,17.819128,2.3000686,2016
429,r10i1p1f1,2016,03,05,0.0,17.347021,1.8290455,2016
430,r10i1p1f1,2016,03,06,0.0,13.90148,1.3716497,2016
431,r10i1p1f1,2016,03,07,0.0,11.827482,-0.78396046,2016
432,r10i1p1f1,2016,03,08,0.0,15.296515,-0.3705346,2016
433,r10i1p1f1,2016,03,09,0.0,18.822891,2.5136895,2016
434,r10i1p1f1,2016,03,10,0.0,19.480223,5.4694967,2016
435,r10i1p1f1,2016,03,11,0.0,20.409584,4.8872457,2016
436,r10i1p1f1,2016,03,12,0.0,21.260044,5.377389,2016
437,r10i1p1f1,2016,03,13,0.0,21.850779,5.8195586,2016
438,r10i1p1f1,2016,03,14,0.0,21.235947,6.2459626,2016
439,r10i1p1f1,2016,03,15,0.16607077434759718,18.626966,5.9163876,2016
440,r10i1p1f1,2016,03,16,1.3339840619401482,18.06364,5.384592,2016
441,r10i1p1f1,2016,03,17,0.0,17.123865,4.668606,2016
442,r10i1p1f1,2016,03,18,0.0,17.808233,4.3771706,2016
443,r10i1p1f1,2016,03,19,0.002627151508549057,16.747389,5.0980024,2016
444,r10i1p1f1,2016,03,20,0.0,16.360308,7.344028,2016
445,r10i1p1f1,2016,03,21,0.25934512638119295,16.331062,5.990709,2016
446,r10i1p1f1,2016,03,22,0.8475476396429976,15.337881,5.4989796,2016
447,r10i1p1f1,2016,03,23,0.0,15.696078,4.8430667,2016
448,r10i1p1f1,2016,03,24,0.0,16.126125,1.0140413,2016
449,r10i1p1f1,2016,03,25,0.0,20.65351,2.966652,2016
450,r10i1p1f1,2016,03,26,0.0,21.435268,6.455587,2016
451,r10i1p1f1,2016,03,27,0.0,22.56084,7.4814515,2016
452,r10i1p1f1,2016,03,28,0.0,22.875793,6.3452687,2016
453,r10i1p1f1,2016,03,29,8.33622580288839,17.540838,3.66662,2016
454,r10i1p1f1,2016,03,30,0.0,13.369986,0.22133295,2016
455,r10i1p1f1,2016,03,31,0.0,19.703894,1.5472441,2016
456,r10i1p1f1,2016,04,01,0.0,24.329803,6.508242,2016
457,r10i1p1f1,2016,04,02,0.0,25.475155,7.6684523,2016
458,r10i1p1f1,2016,04,03,0.0,26.94902,9.7734785,2016
459,r10i1p1f1,2016,04,04,0.0,27.908695,10.558003,2016
460,r10i1p1f1,2016,04,05,0.0,27.584518,12.002641,2016
461,r10i1p1f1,2016,04,06,0.0,27.373938,12.188413,2016
462,r10i1p1f1,2016,04,07,0.0005336100242091465,24.666397,11.108727,2016
463,r10i1p1f1,2016,04,08,5.285511977289341,15.555335,2.0779502,2016
464,r10i1p1f1,2016,04,09,0.4698794486773151,12.297211,-1.0131962,2016
465,r10i1p1f1,2016,04,10,0.0,16.96054,0.322625,2016
466,r10i1p1f1,2016,04,11,0.0,18.540632,2.8490329,2016
467,r10i1p1f1,2016,04,12,0.0,17.9533,4.0938215,2016
468,r10i1p1f1,2016,04,13,13.005926366684818,11.62874,1.9661235,2016
469,r10i1p1f1,2016,04,14,0.0,14.63049,1.230501,2016
470,r10i1p1f1,2016,04,15,0.0,18.810795,2.5184007,2016
471,r10i1p1f1,2016,04,16,0.0,20.015453,4.3327966,2016
472,r10i1p1f1,2016,04,17,0.0,19.148891,6.023813,2016
473,r10i1p1f1,2016,04,18,0.0,18.088545,4.8139806,2016
474,r10i1p1f1,2016,04,19,0.0,13.829384,-0.39169273,2016
475,r10i1p1f1,2016,04,20,0.0,18.796564,1.6419472,2016
476,r10i1p1f1,2016,04,21,0.0,18.76946,4.6819186,2016
477,r10i1p1f1,2016,04,22,0.0,17.353222,4.21528,2016
478,r10i1p1f1,2016,04,23,0.05621597772819529,14.119282,0.45305735,2016
479,r10i1p1f1,2016,04,24,0.0,13.617596,-0.58177507,2016
480,r10i1p1f1,2016,04,25,0.0009606192227358023,14.663241,2.2597563,2016
481,r10i1p1f1,2016,04,26,0.07622490888216386,13.373506,1.5818669,2016
482,r10i1p1f1,2016,04,27,10.978001107440306,9.853105,-1.6298546,2016
483,r10i1p1f1,2016,04,28,0.0,12.474682,-3.8367956,2016
484,r10i1p1f1,2016,04,29,0.0,14.047563,0.72943157,2016
485,r10i1p1f1,2016,04,30,0.0,18.270615,2.070724,2016
486,r10i1p1f1,2016,05,01,0.0,21.347946,3.4808292,2016
487,r10i1p1f1,2016,05,02,0.0,23.577942,6.7610893,2016
488,r10i1p1f1,2016,05,03,0.0,24.550114,7.7892118,2016
489,r10i1p1f1,2016,05,04,0.0,21.80175,8.635821,2016
490,r10i1p1f1,2016,05,05,12.225273090160428,14.393409,6.1039085,2016
491,r10i1p1f1,2016,05,06,10.521530480151629,14.697503,3.9331067,2016
492,r10i1p1f1,2016,05,07,17.909890434269695,13.516761,4.916355,2016
493,r10i1p1f1,2016,05,08,0.0,15.809441,5.0538282,2016
494,r10i1p1f1,2016,05,09,0.0,17.461966,6.147077,2016
495,r10i1p1f1,2016,05,10,0.0,20.425697,6.8015656,2016
496,r10i1p1f1,2016,05,11,0.0,22.783014,6.6269374,2016
497,r10i1p1f1,2016,05,12,0.0,22.387356,9.217353,2016
498,r10i1p1f1,2016,05,13,0.0,19.69173,7.432724,2016
499,r10i1p1f1,2016,05,14,0.0,22.905123,4.722384,2016
500,r10i1p1f1,2016,05,15,0.0,26.737534,10.9748,2016
501,r10i1p1f1,2016,05,16,0.0,27.530527,11.63577,2016
502,r10i1p1f1,2016,05,17,0.0,27.49717,12.290957,2016
503,r10i1p1f1,2016,05,18,0.0,24.276764,8.798651,2016
504,r10i1p1f1,2016,05,19,0.0,24.28725,10.278349,2016
505,r10i1p1f1,2016,05,20,0.0,20.122381,7.2337937,2016
506,r10i1p1f1,2016,05,21,0.0,20.85871,3.2336514,2016
507,r10i1p1f1,2016,05,22,0.0,26.213123,8.991364,2016
508,r10i1p1f1,2016,05,23,0.0,29.888367,11.089694,2016
509,r10i1p1f1,2016,05,24,0.0,30.0855,15.624472,2016
510,r10i1p1f1,2016,05,25,0.0,28.544662,12.977772,2016
511,r10i1p1f1,2016,05,26,0.0,28.191326,13.393258,2016
512,r10i1p1f1,2016,05,27,0.0,27.455162,13.298972,2016
513,r10i1p1f1,2016,05,28,0.0,26.11415,12.017729,2016
514,r10i1p1f1,2016,05,29,0.0,28.995836,11.747662,2016
515,r10i1p1f1,2016,05,30,0.0,33.74971,14.823841,2016
516,r10i1p1f1,2016,05,31,0.0,33.073658,16.755808,2016
517,r10i1p1f1,2016,06,01,0.0,30.357367,12.570819,2016
518,r10i1p1f1,2016,06,02,0.0,26.122492,9.377658,2016
519,r10i1p1f1,2016,06,03,0.0,29.620535,10.676452,2016
520,r10i1p1f1,2016,06,04,0.0,28.76441,12.268832,2016
521,r10i1p1f1,2016,06,05,5.3143679708802285,19.607405,1.4881645,2016
522,r10i1p1f1,2016,06,06,0.0,20.289343,3.6733239,2016
523,r10i1p1f1,2016,06,07,0.0,26.924011,9.3750515,2016
524,r10i1p1f1,2016,06,08,0.0,31.409552,14.562349,2016
525,r10i1p1f1,2016,06,09,0.0,33.28386,15.781489,2016
526,r10i1p1f1,2016,06,10,0.0,32.732353,16.171831,2016
527,r10i1p1f1,2016,06,11,0.0,31.084126,16.767206,2016
528,r10i1p1f1,2016,06,12,0.0,28.604794,14.631706,2016
529,r10i1p1f1,2016,06,13,0.0,30.873901,13.099217,2016
530,r10i1p1f1,2016,06,14,0.0,30.766024,13.483508,2016
531,r10i1p1f1,2016,06,15,0.0,29.654903,14.629697,2016
532,r10i1p1f1,2016,06,16,0.0,28.747694,14.206092,2016
533,r10i1p1f1,2016,06,17,0.0,29.923876,12.876923,2016
534,r10i1p1f1,2016,06,18,0.0,30.14248,14.036471,2016
535,r10i1p1f1,2016,06,19,0.0,30.35953,14.685661,2016
536,r10i1p1f1,2016,06,20,0.0,34.089863,16.164192,2016
537,r10i1p1f1,2016,06,21,0.0,33.716423,18.414951,2016
538,r10i1p1f1,2016,06,22,0.0,32.39073,16.092813,2016
539,r10i1p1f1,2016,06,23,0.0,28.827702,10.587613,2016
540,r10i1p1f1,2016,06,24,0.0,30.029509,11.628693,2016
541,r10i1p1f1,2016,06,25,0.0,30.66624,15.051927,2016
542,r10i1p1f1,2016,06,26,0.0,30.756332,14.218414,2016
543,r10i1p1f1,2016,06,27,0.0,36.08342,17.641705,2016
544,r10i1p1f1,2016,06,28,0.0,37.43198,20.118097,2016
545,r10i1p1f1,2016,06,29,0.0,37.342617,20.110289,2016
546,r10i1p1f1,2016,06,30,0.0,35.84591,19.769232,2016
547,r10i1p1f1,2016,07,01,0.0,34.235626,18.12601,2016
548,r10i1p1f1,2016,07,02,0.0,33.104706,16.500355,2016
549,r10i1p1f1,2016,07,03,0.07297393543635017,32.11807,15.451164,2016
550,r10i1p1f1,2016,07,04,0.0,32.04768,15.873873,2016
551,r10i1p1f1,2016,07,05,0.0,32.112534,16.385048,2016
552,r10i1p1f1,2016,07,06,0.0,29.299494,12.453913,2016
553,r10i1p1f1,2016,07,07,0.0,27.550528,9.459109,2016
554,r10i1p1f1,2016,07,08,0.0,28.947077,12.203209,2016
555,r10i1p1f1,2016,07,09,0.0,28.512978,12.783635,2016
556,r10i1p1f1,2016,07,10,0.0,30.096853,12.732486,2016
557,r10i1p1f1,2016,07,11,0.04158453183854841,31.049654,13.649707,2016
558,r10i1p1f1,2016,07,12,0.0,33.16482,15.234176,2016
559,r10i1p1f1,2016,07,13,0.013295335865175156,32.255085,14.834358,2016
560,r10i1p1f1,2016,07,14,0.0,35.745007,18.405972,2016
561,r10i1p1f1,2016,07,15,0.0,34.884148,19.106724,2016
562,r10i1p1f1,2016,07,16,0.0,30.904587,16.376358,2016
563,r10i1p1f1,2016,07,17,0.0,31.611357,15.574935,2016
564,r10i1p1f1,2016,07,18,0.0,35.098133,15.8494215,2016
565,r10i1p1f1,2016,07,19,0.0,36.301632,18.488989,2016
566,r10i1p1f1,2016,07,20,2.682338675796066,35.020805,19.874277,2016
567,r10i1p1f1,2016,07,21,0.0,31.655521,15.594137,2016
568,r10i1p1f1,2016,07,22,0.0,33.125984,15.878122,2016
569,r10i1p1f1,2016,07,23,0.0,34.319393,15.97507,2016
570,r10i1p1f1,2016,07,24,0.0,33.36484,16.305593,2016
571,r10i1p1f1,2016,07,25,0.02973088424512657,30.11646,11.267499,2016
572,r10i1p1f1,2016,07,26,0.0,34.10289,15.615791,2016
573,r10i1p1f1,2016,07,27,0.0,34.04632,16.568417,2016
574,r10i1p1f1,2016,07,28,0.0,33.231644,14.629108,2016
575,r10i1p1f1,2016,07,29,0.0,31.312307,11.655481,2016
576,r10i1p1f1,2016,07,30,0.0,30.412125,11.57586,2016
577,r10i1p1f1,2016,07,31,0.0,30.848858,11.850459,2016
578,r10i1p1f1,2016,08,01,0.0,33.6549,15.202415,2016
579,r10i1p1f1,2016,08,02,0.0,34.85277,17.111938,2016
580,r10i1p1f1,2016,08,03,0.0,34.345264,16.201948,2016
581,r10i1p1f1,2016,08,04,0.0,38.492065,20.448515,2016
582,r10i1p1f1,2016,08,05,0.0,36.2354,18.36815,2016
583,r10i1p1f1,2016,08,06,0.08868171572478452,32.008537,16.058966,2016
584,r10i1p1f1,2016,08,07,0.0,31.919916,14.413891,2016
585,r10i1p1f1,2016,08,08,0.0,31.637394,13.270515,2016
586,r10i1p1f1,2016,08,09,0.0,36.237415,16.512547,2016
587,r10i1p1f1,2016,08,10,0.0,35.57567,18.154333,2016
588,r10i1p1f1,2016,08,11,0.0,36.795124,18.659103,2016
589,r10i1p1f1,2016,08,12,0.0,35.508358,19.451473,2016
590,r10i1p1f1,2016,08,13,0.0,34.71735,18.491531,2016
591,r10i1p1f1,2016,08,14,0.0,34.793636,17.726055,2016
592,r10i1p1f1,2016,08,15,0.0,34.60733,18.10194,2016
593,r10i1p1f1,2016,08,16,0.0,34.496082,17.307783,2016
594,r10i1p1f1,2016,08,17,0.0,36.461727,16.691242,2016
595,r10i1p1f1,2016,08,18,0.0,35.35769,16.612125,2016
596,r10i1p1f1,2016,08,19,0.0,31.348604,14.623199,2016
597,r10i1p1f1,2016,08,20,0.0,26.856422,10.696903,2016
598,r10i1p1f1,2016,08,21,0.0,27.37421,9.625246,2016
599,r10i1p1f1,2016,08,22,0.0,27.811478,10.906496,2016
600,r10i1p1f1,2016,08,23,0.0,27.89707,11.225976,2016
601,r10i1p1f1,2016,08,24,0.0,29.398958,11.148849,2016
602,r10i1p1f1,2016,08,25,0.0,32.621002,13.766897,2016
603,r10i1p1f1,2016,08,26,0.0,33.464127,15.41033,2016
604,r10i1p1f1,2016,08,27,0.0,33.064075,15.163487,2016
605,r10i1p1f1,2016,08,28,0.0,31.020296,13.969351,2016
606,r10i1p1f1,2016,08,29,0.0,27.537565,12.822929,2016
607,r10i1p1f1,2016,08,30,0.0,24.793995,8.44531,2016
608,r10i1p1f1,2016,08,31,0.0,29.321642,10.0997505,2016
609,r10i1p1f1,2016,09,01,0.0,28.833815,12.237112,2016
610,r10i1p1f1,2016,09,02,0.0,29.07206,13.178363,2016
611,r10i1p1f1,2016,09,03,0.0,28.176966,10.513471,2016
612,r10i1p1f1,2016,09,04,0.0,26.252905,8.962795,2016
613,r10i1p1f1,2016,09,05,0.0,27.062754,13.892392,2016
614,r10i1p1f1,2016,09,06,0.0,31.846289,15.191826,2016
615,r10i1p1f1,2016,09,07,0.0,32.843613,14.024412,2016
616,r10i1p1f1,2016,09,08,0.0,33.157692,16.929783,2016
617,r10i1p1f1,2016,09,09,0.0,32.550568,15.343224,2016
618,r10i1p1f1,2016,09,10,0.0,32.26733,15.260533,2016
619,r10i1p1f1,2016,09,11,0.0,31.48792,14.923404,2016
620,r10i1p1f1,2016,09,12,0.0,31.188736,14.078326,2016
621,r10i1p1f1,2016,09,13,0.0,34.382458,18.335278,2016
622,r10i1p1f1,2016,09,14,0.0,33.400036,16.190962,2016
623,r10i1p1f1,2016,09,15,0.0,25.693216,9.921913,2016
624,r10i1p1f1,2016,09,16,0.0,24.31147,8.040675,2016
625,r10i1p1f1,2016,09,17,0.0,29.280325,12.941658,2016
626,r10i1p1f1,2016,09,18,0.0,32.07394,13.735162,2016
627,r10i1p1f1,2016,09,19,0.0,33.433502,18.403269,2016
628,r10i1p1f1,2016,09,20,0.0,33.837677,18.27377,2016
629,r10i1p1f1,2016,09,21,0.0,33.442238,18.942337,2016
630,r10i1p1f1,2016,09,22,0.0,33.12611,15.452937,2016
631,r10i1p1f1,2016,09,23,0.0,33.482983,14.884665,2016
632,r10i1p1f1,2016,09,24,0.0,28.139559,13.1685915,2016
633,r10i1p1f1,2016,09,25,0.0,26.49331,10.836909,2016
634,r10i1p1f1,2016,09,26,0.0,27.531738,11.546522,2016
635,r10i1p1f1,2016,09,27,0.0,28.669739,11.48006,2016
636,r10i1p1f1,2016,09,28,0.0,27.699097,14.314476,2016
637,r10i1p1f1,2016,09,29,0.0,27.372202,11.49008,2016
638,r10i1p1f1,2016,09,30,0.0,34.083187,15.432216,2016
639,r10i1p1f1,2016,10,01,0.0,35.45894,18.079657,2016
640,r10i1p1f1,2016,10,02,0.0,37.766922,19.972881,2016
641,r10i1p1f1,2016,10,03,0.0,37.519527,19.843359,2016
642,r10i1p1f1,2016,10,04,0.0,37.200325,20.941263,2016
643,r10i1p1f1,2016,10,05,0.0,29.788832,12.837613,2016
644,r10i1p1f1,2016,10,06,0.0,27.349192,11.696952,2016
645,r10i1p1f1,2016,10,07,0.0,25.90907,8.998512,2016
646,r10i1p1f1,2016,10,08,0.022783036691084578,23.333601,8.588379,2016
647,r10i1p1f1,2016,10,09,0.0,23.940992,9.984058,2016
648,r10i1p1f1,2016,10,10,0.0,26.799118,9.039903,2016
649,r10i1p1f1,2016,10,11,0.0,28.18367,11.844684,2016
650,r10i1p1f1,2016,10,12,0.0,28.213703,11.883634,2016
651,r10i1p1f1,2016,10,13,0.0,28.14524,15.080085,2016
652,r10i1p1f1,2016,10,14,0.0,27.504892,13.405491,2016
653,r10i1p1f1,2016,10,15,0.0,26.807697,15.0783615,2016
654,r10i1p1f1,2016,10,16,0.9035786134614012,24.67268,12.278995,2016
655,r10i1p1f1,2016,10,17,0.0,24.785278,8.629214,2016
656,r10i1p1f1,2016,10,18,0.0,25.41055,11.177779,2016
657,r10i1p1f1,2016,10,19,0.0,25.347197,12.681989,2016
658,r10i1p1f1,2016,10,20,0.0,22.793901,9.667084,2016
659,r10i1p1f1,2016,10,21,0.0,20.76271,9.338005,2016
660,r10i1p1f1,2016,10,22,29.6588714338692,18.866402,8.6886215,2016
661,r10i1p1f1,2016,10,23,0.0,21.815998,8.412861,2016
662,r10i1p1f1,2016,10,24,0.0,23.523945,6.7729764,2016
663,r10i1p1f1,2016,10,25,0.0,24.48824,9.177635,2016
664,r10i1p1f1,2016,10,26,0.0,26.699417,12.219717,2016
665,r10i1p1f1,2016,10,27,0.0,26.24692,11.50394,2016
666,r10i1p1f1,2016,10,28,0.0,25.210447,11.922547,2016
667,r10i1p1f1,2016,10,29,0.0,23.345526,11.781925,2016
668,r10i1p1f1,2016,10,30,0.0,22.913885,12.16086,2016
669,r10i1p1f1,2016,10,31,4.151776381743395,23.51991,10.334883,2016
670,r10i1p1f1,2016,11,01,1.7479474800654173,16.87303,11.453028,2016
671,r10i1p1f1,2016,11,02,41.40589932733411,16.76324,10.562049,2016
672,r10i1p1f1,2016,11,03,30.82446593356221,15.376563,4.355615,2016
673,r10i1p1f1,2016,11,04,18.865107325683837,9.943573,3.5902069,2016
674,r10i1p1f1,2016,11,05,46.30116104748786,16.095922,6.6119523,2016
675,r10i1p1f1,2016,11,06,32.43782913961791,14.530414,4.0865993,2016
676,r10i1p1f1,2016,11,07,17.621847783448175,9.274605,2.6575427,2016
677,r10i1p1f1,2016,11,08,17.914352743077632,10.838027,4.3371215,2016
678,r10i1p1f1,2016,11,09,1.7401368184149952,12.700006,6.8675137,2016
679,r10i1p1f1,2016,11,10,35.98344569756208,12.865777,5.055818,2016
680,r10i1p1f1,2016,11,11,0.0052264487333343965,13.701567,1.2534186,2016
681,r10i1p1f1,2016,11,12,2.7985140420481147,11.749924,4.7046494,2016
682,r10i1p1f1,2016,11,13,0.0,11.566241,-0.8137498,2016
683,r10i1p1f1,2016,11,14,16.669422851593577,10.65014,2.6119857,2016
684,r10i1p1f1,2016,11,15,9.426631083126841,7.0265236,0.67683613,2016
685,r10i1p1f1,2016,11,16,0.0,8.592982,-3.6964955,2016
686,r10i1p1f1,2016,11,17,0.0,7.108016,-4.9068437,2016
687,r10i1p1f1,2016,11,18,9.537431175091402,5.966967,-1.7544993,2016
688,r10i1p1f1,2016,11,19,15.12337391583347,4.4121737,0.13962093,2016
689,r10i1p1f1,2016,11,20,5.539546990257804,5.9363475,-1.4481834,2016
690,r10i1p1f1,2016,11,21,0.0,9.587445,-3.0416622,2016
691,r10i1p1f1,2016,11,22,0.0,11.581154,-1.3653817,2016
692,r10i1p1f1,2016,11,23,0.0,14.8912945,1.2388309,2016
693,r10i1p1f1,2016,11,24,0.0,14.233772,2.8339453,2016
694,r10i1p1f1,2016,11,25,0.0008045573059988735,13.300061,5.209265,2016
695,r10i1p1f1,2016,11,26,0.0,13.576576,1.3490108,2016
696,r10i1p1f1,2016,11,27,0.0,12.359355,2.3084915,2016
697,r10i1p1f1,2016,11,28,0.0,14.580618,3.583789,2016
698,r10i1p1f1,2016,11,29,37.71164450353306,12.160197,4.390462,2016
699,r10i1p1f1,2016,11,30,60.56566487532109,11.945889,6.4664125,2016
700,r10i1p1f1,2016,12,01,19.326189773288974,8.824904,2.7752526,2016
701,r10i1p1f1,2016,12,02,4.4329511713984076,7.7663245,3.6344447,2016
702,r10i1p1f1,2016,12,03,0.0,10.810051,0.53716016,2016
703,r10i1p1f1,2016,12,04,0.0,11.582781,-0.54366404,2016
704,r10i1p1f1,2016,12,05,0.0,10.609032,0.86369824,2016
705,r10i1p1f1,2016,12,06,0.010306678335549995,9.310277,3.4171007,2016
706,r10i1p1f1,2016,12,07,8.697420813309451,7.906657,4.314653,2016
707,r10i1p1f1,2016,12,08,1.8027179466140584,7.4390965,3.6053832,2016
708,r10i1p1f1,2016,12,09,0.0,12.742364,-0.54172754,2016
709,r10i1p1f1,2016,12,10,0.0,12.626808,0.5662964,2016
710,r10i1p1f1,2016,12,11,0.0,10.593319,1.5643003,2016
711,r10i1p1f1,2016,12,12,3.463093028805911,8.221061,2.7271435,2016
712,r10i1p1f1,2016,12,13,25.91817153335892,9.600585,5.177587,2016
713,r10i1p1f1,2016,12,14,28.126361477495124,10.973058,5.8110576,2016
714,r10i1p1f1,2016,12,15,18.3095324570068,11.726342,4.957105,2016
715,r10i1p1f1,2016,12,16,54.27302883901192,14.14319,4.169329,2016
716,r10i1p1f1,2016,12,17,6.395208942407599,7.338617,4.3990006,2016
717,r10i1p1f1,2016,12,18,3.7454943345629115,9.544192,4.046181,2016
718,r10i1p1f1,2016,12,19,0.37861221946131035,10.100995,1.6267349,2016
719,r10i1p1f1,2016,12,20,1.1660949003463,11.82906,5.858666,2016
720,r10i1p1f1,2016,12,21,0.0,12.32218,2.3673573,2016
721,r10i1p1f1,2016,12,22,0.0,14.563226,2.5277572,2016
722,r10i1p1f1,2016,12,23,0.0,13.271147,3.3104954,2016
723,r10i1p1f1,2016,12,24,0.0,14.131287,1.6569178,2016
724,r10i1p1f1,2016,12,25,0.0,14.41112,3.1096687,2016
725,r10i1p1f1,2016,12,26,0.0,12.680296,1.8203832,2016
726,r10i1p1f1,2016,12,27,6.07912725988028,8.805158,4.1469398,2016
727,r10i1p1f1,2016,12,28,0.0,12.516961,1.4968948,2016
728,r10i1p1f1,2016,12,29,0.0,13.233582,1.7088709,2016
729,r10i1p1f1,2016,12,30,0.0,15.482337,1.3974304,2016
730,r10i1p1f1,2016,12,31,0.0,16.29281,3.1106436,2016
731,r10i1p1f1,2017,01,01,0.0,14.740368,5.68535,2017
732,r10i1p1f1,2017,01,02,0.0,14.719566,3.6071224,2017
733,r10i1p1f1,2017,01,03,0.0,13.26272,3.0593956,2017
734,r10i1p1f1,2017,01,04,0.0,13.100226,4.236281,2017
735,r10i1p1f1,2017,01,05,1.5633689117078717,11.000468,1.7617146,2017
736,r10i1p1f1,2017,01,06,9.132968336761175,8.164675,0.7826161,2017
737,r10i1p1f1,2017,01,07,0.0,9.048958,2.763258,2017
738,r10i1p1f1,2017,01,08,0.0,12.324663,3.6813805,2017
739,r10i1p1f1,2017,01,09,0.0,14.88505,4.1172366,2017
740,r10i1p1f1,2017,01,10,0.0,13.771031,3.4953847,2017
741,r10i1p1f1,2017,01,11,0.05517169564355802,18.365015,6.9318237,2017
742,r10i1p1f1,2017,01,12,0.0,17.112427,7.359024,2017
743,r10i1p1f1,2017,01,13,0.0,16.672165,5.8591013,2017
744,r10i1p1f1,2017,01,14,0.0,17.471508,6.374005,2017
745,r10i1p1f1,2017,01,15,31.52957923900287,14.574097,6.099194,2017
746,r10i1p1f1,2017,01,16,0.14626561035727623,10.304248,3.5536816,2017
747,r10i1p1f1,2017,01,17,0.0,13.365502,1.3718264,2017
748,r10i1p1f1,2017,01,18,0.0,11.6898155,1.2999306,2017
749,r10i1p1f1,2017,01,19,15.767641817097013,12.1517725,2.8093486,2017
750,r10i1p1f1,2017,01,20,2.646077343582108,15.688866,9.693749,2017
751,r10i1p1f1,2017,01,21,0.0,15.058347,8.594507,2017
752,r10i1p1f1,2017,01,22,0.0,17.703743,6.579983,2017
753,r10i1p1f1,2017,01,23,0.0,19.804968,5.9445786,2017
754,r10i1p1f1,2017,01,24,0.0,18.683746,8.589748,2017
755,r10i1p1f1,2017,01,25,1.0401390355462736,14.032538,5.53344,2017
756,r10i1p1f1,2017,01,26,0.0,11.456634,1.6920269,2017
757,r10i1p1f1,2017,01,27,0.0,12.372978,-0.42360005,2017
758,r10i1p1f1,2017,01,28,0.0,11.188967,0.5104595,2017
759,r10i1p1f1,2017,01,29,0.0,11.452989,-0.9479922,2017
760,r10i1p1f1,2017,01,30,0.0,12.607081,-0.40018743,2017
761,r10i1p1f1,2017,01,31,0.0,11.641029,-0.6079166,2017
762,r10i1p1f1,2017,02,01,0.0,11.214661,-1.2812418,2017
763,r10i1p1f1,2017,02,02,0.0,12.024696,-1.4676954,2017
764,r10i1p1f1,2017,02,03,0.0,10.991102,2.2571008,2017
765,r10i1p1f1,2017,02,04,9.90016648429446,9.08503,0.504303,2017
766,r10i1p1f1,2017,02,05,0.9410429492594343,8.01147,3.6708574,2017
767,r10i1p1f1,2017,02,06,2.2668926583145024,7.085212,-1.9288111,2017
768,r10i1p1f1,2017,02,07,1.1870976952482841,7.453943,0.48191953,2017
769,r10i1p1f1,2017,02,08,0.0036241603442919625,7.559363,2.5158918,2017
770,r10i1p1f1,2017,02,09,1.23426899674661,7.302773,-0.14639844,2017
771,r10i1p1f1,2017,02,10,0.0,12.340858,-1.635783,2017
772,r10i1p1f1,2017,02,11,3.1923906426527537,12.482607,0.796083,2017
773,r10i1p1f1,2017,02,12,7.0563127159211465,8.096576,0.36195976,2017
774,r10i1p1f1,2017,02,13,0.0,12.714034,0.5829054,2017
775,r10i1p1f1,2017,02,14,0.0,15.648029,1.8191504,2017
776,r10i1p1f1,2017,02,15,0.0,17.813456,3.2360754,2017
777,r10i1p1f1,2017,02,16,0.0,17.035862,4.268902,2017
778,r10i1p1f1,2017,02,17,24.342670461996214,8.885109,0.99801695,2017
779,r10i1p1f1,2017,02,18,1.6347784989001841,8.616519,1.1365576,2017
780,r10i1p1f1,2017,02,19,32.14320792865596,8.625864,1.4660317,2017
781,r10i1p1f1,2017,02,20,0.0,14.790786,0.35654008,2017
782,r10i1p1f1,2017,02,21,0.0,18.358534,2.9858303,2017
783,r10i1p1f1,2017,02,22,2.2995817494311748,18.954977,6.7970557,2017
784,r10i1p1f1,2017,02,23,0.18464839455239263,16.14336,2.8597791,2017
785,r10i1p1f1,2017,02,24,0.0,17.18479,4.16291,2017
786,r10i1p1f1,2017,02,25,0.0,15.81185,2.768193,2017
787,r10i1p1f1,2017,02,26,0.0,15.133264,1.7193836,2017
788,r10i1p1f1,2017,02,27,0.0,17.928635,4.790591,2017
789,r10i1p1f1,2017,02,28,0.0,20.765905,5.1925344,2017
790,r10i1p1f1,2017,03,01,0.0,21.65551,3.2339497,2017
791,r10i1p1f1,2017,03,02,0.0,16.53753,6.0254235,2017
792,r10i1p1f1,2017,03,03,4.261299266176809,14.122007,6.6367908,2017
793,r10i1p1f1,2017,03,04,0.0,16.3476,1.68471,2017
794,r10i1p1f1,2017,03,05,0.0,16.632269,3.6020348,2017
795,r10i1p1f1,2017,03,06,0.0,17.697134,3.7883453,2017
796,r10i1p1f1,2017,03,07,0.0,18.91945,4.314823,2017
797,r10i1p1f1,2017,03,08,0.0,19.303709,4.237462,2017
798,r10i1p1f1,2017,03,09,0.0,18.147387,6.3815804,2017
799,r10i1p1f1,2017,03,10,0.0,18.017256,4.8129888,2017
800,r10i1p1f1,2017,03,11,0.0,18.390335,4.3220224,2017
801,r10i1p1f1,2017,03,12,0.0,17.605818,5.65653,2017
802,r10i1p1f1,2017,03,13,5.435482592235386,14.611854,4.738982,2017
803,r10i1p1f1,2017,03,14,0.0,15.753373,4.1208696,2017
804,r10i1p1f1,2017,03,15,0.0,20.709032,3.938712,2017
805,r10i1p1f1,2017,03,16,0.0,18.91246,5.656602,2017
806,r10i1p1f1,2017,03,17,0.0,17.688412,7.1508074,2017
807,r10i1p1f1,2017,03,18,0.7293432109547308,12.290309,1.5453004,2017
808,r10i1p1f1,2017,03,19,1.414315104471155,10.495462,0.18497607,2017
809,r10i1p1f1,2017,03,20,0.0,12.478567,0.67481834,2017
810,r10i1p1f1,2017,03,21,0.0,15.619314,1.3938819,2017
811,r10i1p1f1,2017,03,22,0.0,18.293953,2.6624885,2017
812,r10i1p1f1,2017,03,23,0.0,21.679115,4.9545655,2017
813,r10i1p1f1,2017,03,24,0.0,22.644773,5.6390653,2017
814,r10i1p1f1,2017,03,25,0.0,22.852135,8.531165,2017
815,r10i1p1f1,2017,03,26,0.0,24.11463,6.8336196,2017
816,r10i1p1f1,2017,03,27,0.0,24.961988,10.750537,2017
817,r10i1p1f1,2017,03,28,0.0,28.889263,10.316068,2017
818,r10i1p1f1,2017,03,29,0.0,27.305805,11.182762,2017
819,r10i1p1f1,2017,03,30,0.0,25.466951,9.250047,2017
820,r10i1p1f1,2017,03,31,0.0,22.847296,8.060244,2017
821,r10i1p1f1,2017,04,01,0.0,19.31157,5.150781,2017
822,r10i1p1f1,2017,04,02,0.0,19.292074,3.4675438,2017
823,r10i1p1f1,2017,04,03,4.551568423142415,14.518662,3.9192305,2017
824,r10i1p1f1,2017,04,04,0.0,15.092754,3.2620971,2017
825,r10i1p1f1,2017,04,05,6.826963156804834,13.868959,2.2193506,2017
826,r10i1p1f1,2017,04,06,4.729312872318826,7.2246327,-0.5489203,2017
827,r10i1p1f1,2017,04,07,0.011976023196630672,14.176469,1.2184483,2017
828,r10i1p1f1,2017,04,08,0.0,17.838072,1.735354,2017
829,r10i1p1f1,2017,04,09,0.0,19.232462,3.6903446,2017
830,r10i1p1f1,2017,04,10,0.0,19.710838,6.9229374,2017
831,r10i1p1f1,2017,04,11,4.451411957109629,15.22813,3.6598036,2017
832,r10i1p1f1,2017,04,12,0.0,20.77695,7.2358575,2017
833,r10i1p1f1,2017,04,13,0.0,24.83938,8.341469,2017
834,r10i1p1f1,2017,04,14,0.0,23.9816,10.547769,2017
835,r10i1p1f1,2017,04,15,0.0,24.74156,8.710855,2017
836,r10i1p1f1,2017,04,16,0.0,24.711895,9.448708,2017
837,r10i1p1f1,2017,04,17,0.0,24.9376,8.250195,2017
838,r10i1p1f1,2017,04,18,0.0,25.254269,12.8214855,2017
839,r10i1p1f1,2017,04,19,0.0,27.217054,10.021477,2017
840,r10i1p1f1,2017,04,20,0.0,29.734106,13.320826,2017
841,r10i1p1f1,2017,04,21,0.0,32.090744,17.390657,2017
842,r10i1p1f1,2017,04,22,0.1185999684630109,27.784061,13.581988,2017
843,r10i1p1f1,2017,04,23,0.0,27.282888,13.920314,2017
844,r10i1p1f1,2017,04,24,1.1050832457553235,24.978025,10.62339,2017
845,r10i1p1f1,2017,04,25,0.0,28.242958,13.685495,2017
846,r10i1p1f1,2017,04,26,0.0,27.726868,12.603523,2017
847,r10i1p1f1,2017,04,27,0.0,28.764002,15.1697645,2017
848,r10i1p1f1,2017,04,28,0.0,27.794775,14.64066,2017
849,r10i1p1f1,2017,04,29,0.0,24.428797,10.112024,2017
850,r10i1p1f1,2017,04,30,0.0,17.702297,3.3470557,2017
851,r10i1p1f1,2017,05,01,0.0,19.067856,3.0367353,2017
852,r10i1p1f1,2017,05,02,0.0,18.840307,4.7525296,2017
853,r10i1p1f1,2017,05,03,0.07337349295420081,14.84849,3.7690437,2017
854,r10i1p1f1,2017,05,04,0.44316756340872654,13.475131,1.7373965,2017
855,r10i1p1f1,2017,05,05,0.0,19.669725,4.8354135,2017
856,r10i1p1f1,2017,05,06,0.0,20.377558,6.763274,2017
857,r10i1p1f1,2017,05,07,0.0,20.48107,7.578023,2017
858,r10i1p1f1,2017,05,08,0.0,26.904009,6.356054,2017
859,r10i1p1f1,2017,05,09,0.0,25.592016,10.572662,2017
860,r10i1p1f1,2017,05,10,0.0,22.256403,8.431912,2017
861,r10i1p1f1,2017,05,11,0.0,26.437159,11.224687,2017
862,r10i1p1f1,2017,05,12,0.0,32.469296,15.166797,2017
863,r10i1p1f1,2017,05,13,0.12498103500739059,31.171059,14.134923,2017
864,r10i1p1f1,2017,05,14,0.0,25.870253,16.823023,2017
865,r10i1p1f1,2017,05,15,0.0,24.893208,12.060645,2017
866,r10i1p1f1,2017,05,16,0.0,29.453375,11.863625,2017
867,r10i1p1f1,2017,05,17,0.0,33.573097,18.86844,2017
868,r10i1p1f1,2017,05,18,7.643226120930386,23.130106,6.60681,2017
869,r10i1p1f1,2017,05,19,0.0753786823464141,27.4714,12.976095,2017
870,r10i1p1f1,2017,05,20,0.012035125339599816,30.608553,15.094696,2017
871,r10i1p1f1,2017,05,21,0.0,30.284372,15.520776,2017
872,r10i1p1f1,2017,05,22,0.0,27.78065,13.090085,2017
873,r10i1p1f1,2017,05,23,0.0,24.128965,9.541819,2017
874,r10i1p1f1,2017,05,24,0.0,27.53563,10.980504,2017
875,r10i1p1f1,2017,05,25,1.6287959484256327,24.534225,9.765621,2017
876,r10i1p1f1,2017,05,26,49.37245186592918,19.716131,5.1857467,2017
877,r10i1p1f1,2017,05,27,5.750831305570165,18.540735,5.86314,2017
878,r10i1p1f1,2017,05,28,0.0,20.086914,6.883505,2017
879,r10i1p1f1,2017,05,29,0.0,19.953943,4.2452607,2017
880,r10i1p1f1,2017,05,30,0.0,22.459576,7.3106136,2017
881,r10i1p1f1,2017,05,31,0.0,27.114882,9.984338,2017
882,r10i1p1f1,2017,06,01,0.0,26.676281,9.366036,2017
883,r10i1p1f1,2017,06,02,0.0,25.688929,7.8007827,2017
884,r10i1p1f1,2017,06,03,0.0,22.153532,6.171964,2017
885,r10i1p1f1,2017,06,04,0.0,21.793425,6.083154,2017
886,r10i1p1f1,2017,06,05,0.0,21.45868,5.48517,2017
887,r10i1p1f1,2017,06,06,0.0,20.911566,5.8845153,2017
888,r10i1p1f1,2017,06,07,0.07258734936170329,19.695683,7.125515,2017
889,r10i1p1f1,2017,06,08,0.0,23.802752,6.345732,2017
890,r10i1p1f1,2017,06,09,0.0,25.623556,8.610838,2017
891,r10i1p1f1,2017,06,10,2.441440472868731,20.705248,4.9064,2017
892,r10i1p1f1,2017,06,11,0.0,30.658785,11.773804,2017
893,r10i1p1f1,2017,06,12,0.0,29.847286,13.759754,2017
894,r10i1p1f1,2017,06,13,0.0,29.545753,14.889052,2017
895,r10i1p1f1,2017,06,14,0.0,32.58845,14.51035,2017
896,r10i1p1f1,2017,06,15,0.0,32.342728,15.391187,2017
897,r10i1p1f1,2017,06,16,0.0,31.49723,13.76018,2017
898,r10i1p1f1,2017,06,17,0.0,25.564783,11.307821,2017
899,r10i1p1f1,2017,06,18,0.3337973175420254,16.102882,10.2239,2017
900,r10i1p1f1,2017,06,19,0.0,18.798994,4.849158,2017
901,r10i1p1f1,2017,06,20,0.0,23.915186,6.065647,2017
902,r10i1p1f1,2017,06,21,0.0,25.004295,7.355038,2017
903,r10i1p1f1,2017,06,22,0.0,26.684977,9.549562,2017
904,r10i1p1f1,2017,06,23,0.0,30.61951,12.717985,2017
905,r10i1p1f1,2017,06,24,0.0,30.65987,12.3374405,2017
906,r10i1p1f1,2017,06,25,0.0,29.173536,12.226855,2017
907,r10i1p1f1,2017,06,26,0.0,29.910433,10.95361,2017
908,r10i1p1f1,2017,06,27,0.0,29.407415,14.519625,2017
909,r10i1p1f1,2017,06,28,0.0,30.858229,12.943443,2017
910,r10i1p1f1,2017,06,29,0.0,30.226913,11.532562,2017
911,r10i1p1f1,2017,06,30,0.0,35.496143,17.336216,2017
912,r10i1p1f1,2017,07,01,0.0,33.85271,16.790869,2017
913,r10i1p1f1,2017,07,02,0.0,32.440094,15.025015,2017
914,r10i1p1f1,2017,07,03,0.0,33.696167,14.953294,2017
915,r10i1p1f1,2017,07,04,0.0,33.76137,15.212247,2017
916,r10i1p1f1,2017,07,05,0.0,32.432613,14.418044,2017
917,r10i1p1f1,2017,07,06,0.0,30.979591,14.182991,2017
918,r10i1p1f1,2017,07,07,0.0,29.552715,12.528828,2017
919,r10i1p1f1,2017,07,08,0.0,25.84056,10.309964,2017
920,r10i1p1f1,2017,07,09,0.0,30.7554,11.988423,2017
921,r10i1p1f1,2017,07,10,0.0,32.94579,14.968127,2017
922,r10i1p1f1,2017,07,11,0.0,35.785522,17.593193,2017
923,r10i1p1f1,2017,07,12,0.0,35.402313,19.834396,2017
924,r10i1p1f1,2017,07,13,0.0,35.078358,19.224936,2017
925,r10i1p1f1,2017,07,14,0.0,32.608494,15.803287,2017
926,r10i1p1f1,2017,07,15,0.0,31.32259,15.213076,2017
927,r10i1p1f1,2017,07,16,0.0,31.030828,13.59534,2017
928,r10i1p1f1,2017,07,17,0.0,31.0487,15.307425,2017
929,r10i1p1f1,2017,07,18,0.0,31.517803,14.564986,2017
930,r10i1p1f1,2017,07,19,0.0,30.648531,14.291305,2017
931,r10i1p1f1,2017,07,20,0.0,34.01869,14.970048,2017
932,r10i1p1f1,2017,07,21,0.0,36.0269,16.703804,2017
933,r10i1p1f1,2017,07,22,0.0,35.36901,16.659103,2017
934,r10i1p1f1,2017,07,23,0.0,34.51868,15.406642,2017
935,r10i1p1f1,2017,07,24,0.0,34.2459,16.278814,2017
936,r10i1p1f1,2017,07,25,0.0,35.005974,16.048016,2017
937,r10i1p1f1,2017,07,26,0.0,34.349224,16.082676,2017
938,r10i1p1f1,2017,07,27,0.0,32.814835,15.408672,2017
939,r10i1p1f1,2017,07,28,0.0,30.725348,12.668668,2017
940,r10i1p1f1,2017,07,29,0.0,33.036743,15.282264,2017
941,r10i1p1f1,2017,07,30,0.0,31.59233,13.985541,2017
942,r10i1p1f1,2017,07,31,0.0,30.555069,12.850019,2017
943,r10i1p1f1,2017,08,01,0.0,33.02249,14.793962,2017
944,r10i1p1f1,2017,08,02,0.0,33.14613,15.377246,2017
945,r10i1p1f1,2017,08,03,0.0,34.893593,16.483458,2017
946,r10i1p1f1,2017,08,04,0.0,37.97767,19.968782,2017
947,r10i1p1f1,2017,08,05,0.0,37.921978,20.439217,2017
948,r10i1p1f1,2017,08,06,0.0,36.9576,20.275963,2017
949,r10i1p1f1,2017,08,07,0.0,35.797913,18.975534,2017
950,r10i1p1f1,2017,08,08,0.0,35.205338,16.018507,2017
951,r10i1p1f1,2017,08,09,0.0,37.549965,18.591496,2017
952,r10i1p1f1,2017,08,10,0.0,38.68686,20.063805,2017
953,r10i1p1f1,2017,08,11,0.0,39.4194,21.259111,2017
954,r10i1p1f1,2017,08,12,0.0,39.789783,22.445621,2017
955,r10i1p1f1,2017,08,13,0.0,38.666973,20.363363,2017
956,r10i1p1f1,2017,08,14,0.0,36.088524,19.067795,2017
957,r10i1p1f1,2017,08,15,0.0,37.40559,19.153538,2017
958,r10i1p1f1,2017,08,16,0.0,38.43708,20.401709,2017
959,r10i1p1f1,2017,08,17,0.0,39.359016,20.409618,2017
960,r10i1p1f1,2017,08,18,0.0,37.150753,19.527685,2017
961,r10i1p1f1,2017,08,19,0.0,35.532776,21.876799,2017
962,r10i1p1f1,2017,08,20,0.049741162250651734,36.149105,20.8876,2017
963,r10i1p1f1,2017,08,21,0.0,35.46237,18.712238,2017
964,r10i1p1f1,2017,08,22,0.0,35.983368,18.975792,2017
965,r10i1p1f1,2017,08,23,0.0,35.133976,18.629854,2017
966,r10i1p1f1,2017,08,24,0.0,33.104744,15.343703,2017
967,r10i1p1f1,2017,08,25,0.0,32.2096,16.389559,2017
968,r10i1p1f1,2017,08,26,0.0,31.092924,15.758002,2017
969,r10i1p1f1,2017,08,27,0.0,29.896803,13.654708,2017
970,r10i1p1f1,2017,08,28,0.0,29.297316,11.144422,2017
971,r10i1p1f1,2017,08,29,0.0,33.176533,16.531298,2017
972,r10i1p1f1,2017,08,30,0.0,35.598145,17.63884,2017
973,r10i1p1f1,2017,08,31,0.0,34.978973,16.0186,2017
974,r10i1p1f1,2017,09,01,0.0,33.463585,16.343199,2017
975,r10i1p1f1,2017,09,02,0.0,32.64362,15.659431,2017
976,r10i1p1f1,2017,09,03,0.0,30.171547,14.690251,2017
977,r10i1p1f1,2017,09,04,0.0,26.905401,8.66377,2017
978,r10i1p1f1,2017,09,05,0.0,25.730824,8.337837,2017
979,r10i1p1f1,2017,09,06,0.0,25.923096,8.291603,2017
980,r10i1p1f1,2017,09,07,0.0,26.882996,8.401273,2017
981,r10i1p1f1,2017,09,08,0.0,26.867075,7.7860446,2017
982,r10i1p1f1,2017,09,09,0.0,31.260534,12.03884,2017
983,r10i1p1f1,2017,09,10,0.0,34.940693,15.899128,2017
984,r10i1p1f1,2017,09,11,0.0,36.39369,19.371584,2017
985,r10i1p1f1,2017,09,12,0.0,36.83682,18.776646,2017
986,r10i1p1f1,2017,09,13,0.0,36.338036,18.558836,2017
987,r10i1p1f1,2017,09,14,0.0,34.891144,17.412563,2017
988,r10i1p1f1,2017,09,15,0.0,33.63564,16.545795,2017
989,r10i1p1f1,2017,09,16,0.0,32.53986,16.570162,2017
990,r10i1p1f1,2017,09,17,0.0,30.384457,13.25216,2017
991,r10i1p1f1,2017,09,18,0.0,28.095177,13.043011,2017
992,r10i1p1f1,2017,09,19,0.0,26.901186,11.1559515,2017
993,r10i1p1f1,2017,09,20,0.0,23.88711,8.914909,2017
994,r10i1p1f1,2017,09,21,0.0,22.958284,8.184962,2017
995,r10i1p1f1,2017,09,22,0.0,25.272522,8.578497,2017
996,r10i1p1f1,2017,09,23,0.0,24.38553,10.162353,2017
997,r10i1p1f1,2017,09,24,0.0,23.658089,10.719046,2017
998,r10i1p1f1,2017,09,25,0.0,27.123934,11.311714,2017
999,r10i1p1f1,2017,09,26,0.0,30.017902,12.774647,2017
1000,r10i1p1f1,2017,09,27,0.0,29.465317,14.842461,2017
1001,r10i1p1f1,2017,09,28,0.0,27.678143,12.965916,2017
1002,r10i1p1f1,2017,09,29,0.0,21.02361,6.809927,2017
1003,r10i1p1f1,2017,09,30,0.0,17.148016,2.9515376,2017
1004,r10i1p1f1,2017,10,01,0.0,22.055637,4.5431094,2017
1005,r10i1p1f1,2017,10,02,0.0,25.636887,7.670706,2017
1006,r10i1p1f1,2017,10,03,0.0,26.916239,10.655093,2017
1007,r10i1p1f1,2017,10,04,0.0,28.213568,11.036232,2017
1008,r10i1p1f1,2017,10,05,0.0,32.27139,15.307387,2017
1009,r10i1p1f1,2017,10,06,0.0,32.11545,15.094977,2017
1010,r10i1p1f1,2017,10,07,0.0,30.872494,14.52597,2017
1011,r10i1p1f1,2017,10,08,0.0,28.062786,11.362934,2017
1012,r10i1p1f1,2017,10,09,0.0,27.491333,12.758629,2017
1013,r10i1p1f1,2017,10,10,0.0,24.674711,11.324472,2017
1014,r10i1p1f1,2017,10,11,0.0,28.142447,11.750861,2017
1015,r10i1p1f1,2017,10,12,0.0,32.231647,15.329848,2017
1016,r10i1p1f1,2017,10,13,0.0,33.480133,17.337133,2017
1017,r10i1p1f1,2017,10,14,0.0,32.18172,17.452595,2017
1018,r10i1p1f1,2017,10,15,0.0,32.052567,17.989304,2017
1019,r10i1p1f1,2017,10,16,0.0,33.37853,15.3844795,2017
1020,r10i1p1f1,2017,10,17,0.0,33.654736,17.093714,2017
1021,r10i1p1f1,2017,10,18,0.0,34.177967,17.151392,2017
1022,r10i1p1f1,2017,10,19,0.0,33.43334,15.970778,2017
1023,r10i1p1f1,2017,10,20,0.0,32.67471,16.528551,2017
1024,r10i1p1f1,2017,10,21,0.0,32.04682,14.999887,2017
1025,r10i1p1f1,2017,10,22,0.0,31.736704,14.836802,2017
1026,r10i1p1f1,2017,10,23,0.0,29.336872,13.650651,2017
1027,r10i1p1f1,2017,10,24,0.0,27.83405,13.437593,2017
1028,r10i1p1f1,2017,10,25,0.0,26.367098,12.462751,2017
1029,r10i1p1f1,2017,10,26,0.0,25.171171,10.750873,2017
1030,r10i1p1f1,2017,10,27,0.0,24.612968,9.109741,2017
1031,r10i1p1f1,2017,10,28,0.0,24.28318,8.25369,2017
1032,r10i1p1f1,2017,10,29,0.0,24.885872,9.164381,2017
1033,r10i1p1f1,2017,10,30,0.0,25.31357,8.817784,2017
1034,r10i1p1f1,2017,10,31,0.0,24.85095,10.290605,2017
1035,r10i1p1f1,2017,11,01,3.2211772821124454,24.218815,12.661523,2017
1036,r10i1p1f1,2017,11,02,0.13438062891701089,21.573973,6.2191925,2017
1037,r10i1p1f1,2017,11,03,0.0,21.122375,5.763775,2017
1038,r10i1p1f1,2017,11,04,3.488765872445679,18.717169,8.367871,2017
1039,r10i1p1f1,2017,11,05,0.0,18.981916,6.527304,2017
1040,r10i1p1f1,2017,11,06,0.25697834010938286,18.818304,7.586386,2017
1041,r10i1p1f1,2017,11,07,0.0,21.83282,8.4141445,2017
1042,r10i1p1f1,2017,11,08,0.0,24.13521,8.614469,2017
1043,r10i1p1f1,2017,11,09,0.0,23.666742,8.299291,2017
1044,r10i1p1f1,2017,11,10,0.0,23.798788,10.954662,2017
1045,r10i1p1f1,2017,11,11,0.0,23.352627,9.05977,2017
1046,r10i1p1f1,2017,11,12,0.0,21.281803,9.091762,2017
1047,r10i1p1f1,2017,11,13,0.0,23.987732,9.184552,2017
1048,r10i1p1f1,2017,11,14,0.0,23.139095,10.415338,2017
1049,r10i1p1f1,2017,11,15,0.0,20.080853,9.8167515,2017
1050,r10i1p1f1,2017,11,16,5.534960477722818,17.364622,8.072048,2017
1051,r10i1p1f1,2017,11,17,15.89061172110776,10.995508,2.1147964,2017
1052,r10i1p1f1,2017,11,18,8.738350656839382,7.9801826,3.7042418,2017
1053,r10i1p1f1,2017,11,19,13.108356891729942,7.685905,2.145937,2017
1054,r10i1p1f1,2017,11,20,39.405461200390405,12.426706,3.6480744,2017
1055,r10i1p1f1,2017,11,21,15.911137899609841,14.052065,2.704068,2017
1056,r10i1p1f1,2017,11,22,14.52995336677352,15.446082,10.848571,2017
1057,r10i1p1f1,2017,11,23,2.4982565340331733,17.209766,10.601168,2017
1058,r10i1p1f1,2017,11,24,0.668319289300263,15.657736,7.90749,2017
1059,r10i1p1f1,2017,11,25,4.687412924479424,12.6838455,4.687735,2017
1060,r10i1p1f1,2017,11,26,3.0123226293653715,10.530688,3.4535933,2017
1061,r10i1p1f1,2017,11,27,0.0,11.390124,1.3273873,2017
1062,r10i1p1f1,2017,11,28,3.59179262622523,11.500709,6.3317246,2017
1063,r10i1p1f1,2017,11,29,0.0,10.202692,-0.5700208,2017
1064,r10i1p1f1,2017,11,30,0.0,10.687633,-0.3496889,2017
1065,r10i1p1f1,2017,12,01,0.0,9.949771,0.62192357,2017
1066,r10i1p1f1,2017,12,02,0.0,13.716901,4.123348,2017
1067,r10i1p1f1,2017,12,03,12.305270529606403,11.1883545,3.1537495,2017
1068,r10i1p1f1,2017,12,04,8.731462462233857,10.307553,7.0970244,2017
1069,r10i1p1f1,2017,12,05,9.729405862129314,10.720468,3.75427,2017
1070,r10i1p1f1,2017,12,06,3.7687539752464785,7.8631754,3.4551954,2017
1071,r10i1p1f1,2017,12,07,42.12074407198662,10.689554,6.2579546,2017
1072,r10i1p1f1,2017,12,08,0.0,11.764329,-1.0826737,2017
1073,r10i1p1f1,2017,12,09,27.31697960162388,12.519466,1.9037733,2017
1074,r10i1p1f1,2017,12,10,84.55421102331265,13.144282,9.40081,2017
1075,r10i1p1f1,2017,12,11,31.113954322063364,13.6520195,6.5981507,2017
1076,r10i1p1f1,2017,12,12,26.924419557786006,11.26621,0.7429211,2017
1077,r10i1p1f1,2017,12,13,106.86760330572724,14.977981,8.6731615,2017
1078,r10i1p1f1,2017,12,14,16.383108452359203,10.463369,7.0150466,2017
1079,r10i1p1f1,2017,12,15,0.658239731159196,10.183995,1.888815,2017
1080,r10i1p1f1,2017,12,16,0.0,12.991752,-0.93969405,2017
1081,r10i1p1f1,2017,12,17,0.0,14.096982,4.055203,2017
1082,r10i1p1f1,2017,12,18,0.0,14.609168,3.4729164,2017
1083,r10i1p1f1,2017,12,19,0.0,16.602808,5.6174583,2017
1084,r10i1p1f1,2017,12,20,0.0,16.742168,6.4526205,2017
1085,r10i1p1f1,2017,12,21,0.0,19.05731,8.180609,2017
1086,r10i1p1f1,2017,12,22,11.31381656255383,17.345375,8.826306,2017
1087,r10i1p1f1,2017,12,23,8.097910825898381,12.551866,5.5241513,2017
1088,r10i1p1f1,2017,12,24,0.0,10.814494,1.5642442,2017
1089,r10i1p1f1,2017,12,25,28.707368828442046,8.903715,5.0774856,2017
1090,r10i1p1f1,2017,12,26,85.53644923775114,10.623473,4.968266,2017
1091,r10i1p1f1,2017,12,27,30.56539789387515,11.586729,2.181222,2017
1092,r10i1p1f1,2017,12,28,0.0,5.652342,-4.072928,2017
1093,r10i1p1f1,2017,12,29,0.0,6.334185,-3.159726,2017
1094,r10i1p1f1,2017,12,30,0.0,5.4545784,-3.968091,2017
1095,r10i1p1f1,2017,12,31,15.887697645628482,4.3169765,-0.18502547,2017
1096,r10i1p1f1,2018,01,01,0.0,11.817837,0.4700775,2018
1097,r10i1p1f1,2018,01,02,0.0,12.594602,1.2465814,2018
1098,r10i1p1f1,2018,01,03,0.0,11.725729,1.3714716,2018
1099,r10i1p1f1,2018,01,04,6.234740551620857,9.141998,2.440461,2018
1100,r10i1p1f1,2018,01,05,0.0,10.898715,1.348477,2018
1101,r10i1p1f1,2018,01,06,0.0,14.415881,1.4240476,2018
1102,r10i1p1f1,2018,01,07,20.229685689341032,11.0337925,3.6964705,2018
1103,r10i1p1f1,2018,01,08,18.909217916906957,11.492165,6.647116,2018
1104,r10i1p1f1,2018,01,09,0.0,14.430571,4.352747,2018
1105,r10i1p1f1,2018,01,10,23.446489732687997,12.920757,6.3588777,2018
1106,r10i1p1f1,2018,01,11,0.0,12.6396,4.6770053,2018
1107,r10i1p1f1,2018,01,12,3.2498532628730907,10.751562,0.6807056,2018
1108,r10i1p1f1,2018,01,13,0.22043200465185164,10.246407,3.631975,2018
1109,r10i1p1f1,2018,01,14,11.255571857519067,9.225751,3.5354192,2018
1110,r10i1p1f1,2018,01,15,22.147142246984387,11.23053,5.2818055,2018
1111,r10i1p1f1,2018,01,16,51.75220968330426,14.346747,7.7712593,2018
1112,r10i1p1f1,2018,01,17,82.8255593629652,14.038515,9.722841,2018
1113,r10i1p1f1,2018,01,18,64.2305641594392,11.9106865,7.258831,2018
1114,r10i1p1f1,2018,01,19,5.569313316822158,9.644703,0.96082324,2018
1115,r10i1p1f1,2018,01,20,0.0,11.931528,-0.4640238,2018
1116,r10i1p1f1,2018,01,21,0.0,12.216872,1.612804,2018
1117,r10i1p1f1,2018,01,22,34.724113311447006,8.94376,2.3606708,2018
1118,r10i1p1f1,2018,01,23,2.8554550659895255,9.454703,1.4195509,2018
1119,r10i1p1f1,2018,01,24,2.803637519264157,7.097473,0.76698583,2018
1120,r10i1p1f1,2018,01,25,3.6549218088207693,8.535894,1.2568486,2018
1121,r10i1p1f1,2018,01,26,0.0,12.511741,-0.074803606,2018
1122,r10i1p1f1,2018,01,27,0.0,11.5466,-0.63316464,2018
1123,r10i1p1f1,2018,01,28,0.0,13.770452,0.99701834,2018
1124,r10i1p1f1,2018,01,29,0.0,14.129807,0.4412663,2018
1125,r10i1p1f1,2018,01,30,0.0,13.492012,0.9732989,2018
1126,r10i1p1f1,2018,01,31,0.0,14.140226,1.6773027,2018
1127,r10i1p1f1,2018,02,01,0.0,13.82831,3.0086994,2018
1128,r10i1p1f1,2018,02,02,0.12978018756400975,11.128563,5.306306,2018
1129,r10i1p1f1,2018,02,03,0.0,11.111906,2.0504322,2018
1130,r10i1p1f1,2018,02,04,0.0,15.619362,3.5808873,2018
1131,r10i1p1f1,2018,02,05,0.0,14.297077,2.0956252,2018
1132,r10i1p1f1,2018,02,06,15.607643476534193,10.911386,4.242595,2018
1133,r10i1p1f1,2018,02,07,7.510800074114262,10.772743,4.33721,2018
1134,r10i1p1f1,2018,02,08,0.2625451247719244,12.387785,6.8196516,2018
1135,r10i1p1f1,2018,02,09,10.844270407228338,10.919351,5.2691255,2018
1136,r10i1p1f1,2018,02,10,22.15353142436422,9.500002,3.693435,2018
1137,r10i1p1f1,2018,02,11,0.0,14.967542,3.5146396,2018
1138,r10i1p1f1,2018,02,12,9.087166947823501,11.074793,2.83216,2018
1139,r10i1p1f1,2018,02,13,19.10754322797354,8.738773,0.0014120403,2018
1140,r10i1p1f1,2018,02,14,35.74045954676541,7.8521304,2.3786042,2018
1141,r10i1p1f1,2018,02,15,14.126442003524923,10.536858,2.5924582,2018
1142,r10i1p1f1,2018,02,16,6.377586186901777,7.5044312,0.5645212,2018
1143,r10i1p1f1,2018,02,17,0.07013010871512386,7.593567,0.8489378,2018
1144,r10i1p1f1,2018,02,18,0.0,12.402901,-1.3772416,2018
1145,r10i1p1f1,2018,02,19,0.0,13.984812,0.5196521,2018
1146,r10i1p1f1,2018,02,20,9.896490049217583,11.771224,1.8828876,2018
1147,r10i1p1f1,2018,02,21,0.8254573920638857,9.440507,-0.47137713,2018
1148,r10i1p1f1,2018,02,22,0.0,13.703503,1.1270987,2018
1149,r10i1p1f1,2018,02,23,0.0,15.662591,2.183882,2018
1150,r10i1p1f1,2018,02,24,0.0,17.309803,4.15394,2018
1151,r10i1p1f1,2018,02,25,0.0,17.85517,5.336253,2018
1152,r10i1p1f1,2018,02,26,0.050313973267628556,16.403849,4.3942375,2018
1153,r10i1p1f1,2018,02,27,1.1961897945208253,15.018278,3.4810855,2018
1154,r10i1p1f1,2018,02,28,0.009363841404832018,13.077515,4.071749,2018
1155,r10i1p1f1,2018,03,01,0.0,13.119005,2.4381397,2018
1156,r10i1p1f1,2018,03,02,0.0,16.439276,-0.3950131,2018
1157,r10i1p1f1,2018,03,03,0.0,19.227343,1.3948971,2018
1158,r10i1p1f1,2018,03,04,0.0,18.000628,1.9056083,2018
1159,r10i1p1f1,2018,03,05,7.031022737033996,14.38244,3.7850566,2018
1160,r10i1p1f1,2018,03,06,0.0,14.768353,0.37724385,2018
1161,r10i1p1f1,2018,03,07,36.989821146217814,13.942677,6.796927,2018
1162,r10i1p1f1,2018,03,08,7.915389477976102,13.65228,5.983898,2018
1163,r10i1p1f1,2018,03,09,0.0,18.95753,2.4976454,2018
1164,r10i1p1f1,2018,03,10,0.0,19.076942,5.798657,2018
1165,r10i1p1f1,2018,03,11,0.3896175235671475,16.035763,4.9364433,2018
1166,r10i1p1f1,2018,03,12,0.0,16.102497,4.352808,2018
1167,r10i1p1f1,2018,03,13,0.0,15.084749,4.901779,2018
1168,r10i1p1f1,2018,03,14,0.0,14.382113,3.8973236,2018
1169,r10i1p1f1,2018,03,15,0.0,15.127641,3.2078729,2018
1170,r10i1p1f1,2018,03,16,27.8251818436394,13.574209,3.6635613,2018
1171,r10i1p1f1,2018,03,17,0.0,14.4569,1.1351658,2018
1172,r10i1p1f1,2018,03,18,0.0,20.58638,2.9816544,2018
1173,r10i1p1f1,2018,03,19,0.9392108832176554,17.213507,6.29939,2018
1174,r10i1p1f1,2018,03,20,0.0,18.228624,6.9647145,2018
1175,r10i1p1f1,2018,03,21,0.0,23.539503,8.116861,2018
1176,r10i1p1f1,2018,03,22,0.0,23.039103,10.008598,2018
1177,r10i1p1f1,2018,03,23,0.0,21.617699,7.1755395,2018
1178,r10i1p1f1,2018,03,24,0.0,21.988031,10.378699,2018
1179,r10i1p1f1,2018,03,25,0.2182524595678172,19.181932,6.496652,2018
1180,r10i1p1f1,2018,03,26,0.0,14.532696,2.9978828,2018
1181,r10i1p1f1,2018,03,27,0.7124070025288107,13.328529,1.8720412,2018
1182,r10i1p1f1,2018,03,28,1.4738662772934301,10.953847,2.7409823,2018
1183,r10i1p1f1,2018,03,29,0.0,16.54912,1.5245223,2018
1184,r10i1p1f1,2018,03,30,8.048373871210252,13.664978,3.3853447,2018
1185,r10i1p1f1,2018,03,31,33.919993526835334,11.369208,2.377371,2018
1186,r10i1p1f1,2018,04,01,0.0,17.966084,2.0538032,2018
1187,r10i1p1f1,2018,04,02,0.10215809475324165,17.884893,5.7901773,2018
1188,r10i1p1f1,2018,04,03,0.0,14.570836,0.833678,2018
1189,r10i1p1f1,2018,04,04,0.0,20.653746,3.5919647,2018
1190,r10i1p1f1,2018,04,05,0.0,25.88471,9.772977,2018
1191,r10i1p1f1,2018,04,06,0.0,25.68902,9.80462,2018
1192,r10i1p1f1,2018,04,07,0.0,20.169336,7.087991,2018
1193,r10i1p1f1,2018,04,08,0.0,18.723839,2.7451887,2018
1194,r10i1p1f1,2018,04,09,0.0,17.28128,4.122636,2018
1195,r10i1p1f1,2018,04,10,0.0,20.953627,4.1775064,2018
1196,r10i1p1f1,2018,04,11,0.0,20.096325,6.146894,2018
1197,r10i1p1f1,2018,04,12,0.0,15.986072,1.5895187,2018
1198,r10i1p1f1,2018,04,13,0.1876315456420822,12.596849,-0.84975934,2018
1199,r10i1p1f1,2018,04,14,0.005121636781711315,12.197992,-2.795853,2018
1200,r10i1p1f1,2018,04,15,0.0,12.915464,-2.5811539,2018
1201,r10i1p1f1,2018,04,16,41.86142311112857,9.711709,2.3144002,2018
1202,r10i1p1f1,2018,04,17,19.859749112143426,8.315051,-3.7635157,2018
1203,r10i1p1f1,2018,04,18,13.036748060978042,5.1245914,-1.495445,2018
1204,r10i1p1f1,2018,04,19,18.874329986130377,7.2722683,0.13237019,2018
1205,r10i1p1f1,2018,04,20,0.0,12.14372,-3.510285,2018
1206,r10i1p1f1,2018,04,21,0.0,16.795929,1.0021609,2018
1207,r10i1p1f1,2018,04,22,0.0,15.971874,3.0746465,2018
1208,r10i1p1f1,2018,04,23,0.0,16.20208,4.101186,2018
1209,r10i1p1f1,2018,04,24,0.0,15.275271,3.6284425,2018
1210,r10i1p1f1,2018,04,25,0.0,19.943743,4.344476,2018
1211,r10i1p1f1,2018,04,26,0.0,24.521948,8.696674,2018
1212,r10i1p1f1,2018,04,27,0.0,24.477625,9.813407,2018
1213,r10i1p1f1,2018,04,28,0.0,23.238165,10.224017,2018
1214,r10i1p1f1,2018,04,29,0.0,20.92553,7.741095,2018
1215,r10i1p1f1,2018,04,30,0.0,18.89551,6.9431953,2018
1216,r10i1p1f1,2018,05,01,0.0,22.276215,5.920206,2018
1217,r10i1p1f1,2018,05,02,0.0,26.206392,8.335177,2018
1218,r10i1p1f1,2018,05,03,0.0,26.808168,10.998986,2018
1219,r10i1p1f1,2018,05,04,0.0,25.400467,10.293945,2018
1220,r10i1p1f1,2018,05,05,0.0,26.148966,7.7524014,2018
1221,r10i1p1f1,2018,05,06,0.0,28.098688,12.116291,2018
1222,r10i1p1f1,2018,05,07,0.0,28.578745,11.968626,2018
1223,r10i1p1f1,2018,05,08,0.0,19.535997,6.7677603,2018
1224,r10i1p1f1,2018,05,09,37.99080291462719,12.205027,1.1441805,2018
1225,r10i1p1f1,2018,05,10,19.590959914861934,6.150258,-0.58130485,2018
1226,r10i1p1f1,2018,05,11,1.0489016163929639,11.122194,1.3541758,2018
1227,r10i1p1f1,2018,05,12,0.0,18.613642,1.9570556,2018
1228,r10i1p1f1,2018,05,13,0.0,22.605797,5.7476506,2018
1229,r10i1p1f1,2018,05,14,0.0,22.477285,9.476873,2018
1230,r10i1p1f1,2018,05,15,0.0,22.248388,7.0729103,2018
1231,r10i1p1f1,2018,05,16,0.0,26.42011,10.448982,2018
1232,r10i1p1f1,2018,05,17,0.0,30.412199,12.913863,2018
1233,r10i1p1f1,2018,05,18,0.0,30.564026,14.011559,2018
1234,r10i1p1f1,2018,05,19,0.0,28.080496,15.880198,2018
1235,r10i1p1f1,2018,05,20,0.0,26.000597,9.429893,2018
1236,r10i1p1f1,2018,05,21,0.0,25.639814,10.566792,2018
1237,r10i1p1f1,2018,05,22,0.0,26.918419,9.338264,2018
1238,r10i1p1f1,2018,05,23,0.0,27.628399,14.256432,2018
1239,r10i1p1f1,2018,05,24,0.0,31.690992,14.399952,2018
1240,r10i1p1f1,2018,05,25,0.0,32.771206,15.559991,2018
1241,r10i1p1f1,2018,05,26,0.0,32.19063,15.95986,2018
1242,r10i1p1f1,2018,05,27,0.0,29.912855,14.9073515,2018
1243,r10i1p1f1,2018,05,28,11.434330154342158,24.35823,10.240253,2018
1244,r10i1p1f1,2018,05,29,0.03201764083266761,25.48962,7.622153,2018
1245,r10i1p1f1,2018,05,30,0.0,31.462215,15.353795,2018
1246,r10i1p1f1,2018,05,31,0.0,31.181149,15.659625,2018
1247,r10i1p1f1,2018,06,01,0.0,29.560204,12.182856,2018
1248,r10i1p1f1,2018,06,02,0.0,33.092648,14.671022,2018
1249,r10i1p1f1,2018,06,03,0.0,33.28014,14.263784,2018
1250,r10i1p1f1,2018,06,04,0.0,32.584908,16.31005,2018
1251,r10i1p1f1,2018,06,05,0.0,30.604797,15.716294,2018
1252,r10i1p1f1,2018,06,06,0.0,34.999046,17.114477,2018
1253,r10i1p1f1,2018,06,07,0.0,35.870186,17.71713,2018
1254,r10i1p1f1,2018,06,08,0.0,37.193615,19.919083,2018
1255,r10i1p1f1,2018,06,09,0.0,35.500996,18.776056,2018
1256,r10i1p1f1,2018,06,10,0.0,35.898983,20.27429,2018
1257,r10i1p1f1,2018,06,11,0.0,34.478535,18.937628,2018
1258,r10i1p1f1,2018,06,12,0.0,32.394913,14.722447,2018
1259,r10i1p1f1,2018,06,13,0.0,32.646587,14.903285,2018
1260,r10i1p1f1,2018,06,14,0.0,33.88388,18.093481,2018
1261,r10i1p1f1,2018,06,15,0.0,32.45564,17.285667,2018
1262,r10i1p1f1,2018,06,16,0.0,30.096777,14.876411,2018
1263,r10i1p1f1,2018,06,17,0.0,31.413368,14.647122,2018
1264,r10i1p1f1,2018,06,18,0.0,36.366764,19.96253,2018
1265,r10i1p1f1,2018,06,19,0.0,36.406998,19.743942,2018
1266,r10i1p1f1,2018,06,20,1.4448293549848084,34.620617,17.651413,2018
1267,r10i1p1f1,2018,06,21,0.0,32.31166,17.408401,2018
1268,r10i1p1f1,2018,06,22,0.0,33.32008,16.207148,2018
1269,r10i1p1f1,2018,06,23,0.0,34.201656,17.28079,2018
1270,r10i1p1f1,2018,06,24,0.0,33.752224,17.332533,2018
1271,r10i1p1f1,2018,06,25,0.0,37.981857,20.723028,2018
1272,r10i1p1f1,2018,06,26,0.0,34.47808,18.885246,2018
1273,r10i1p1f1,2018,06,27,0.0,33.55864,17.268822,2018
1274,r10i1p1f1,2018,06,28,0.0,34.874023,17.33929,2018
1275,r10i1p1f1,2018,06,29,0.0,38.95206,22.532366,2018
1276,r10i1p1f1,2018,06,30,0.08221439769074909,36.8672,20.527353,2018
1277,r10i1p1f1,2018,07,01,0.1146478582947901,35.830883,20.645874,2018
1278,r10i1p1f1,2018,07,02,0.0,36.625565,19.070593,2018
1279,r10i1p1f1,2018,07,03,0.0,36.625286,20.52434,2018
1280,r10i1p1f1,2018,07,04,0.004866677045356482,34.913975,17.877874,2018
1281,r10i1p1f1,2018,07,05,0.4482023979275446,29.487822,14.300174,2018
1282,r10i1p1f1,2018,07,06,0.0,31.95281,14.133071,2018
1283,r10i1p1f1,2018,07,07,0.0,37.392803,19.26112,2018
1284,r10i1p1f1,2018,07,08,0.45331712267637303,35.503056,19.169098,2018
1285,r10i1p1f1,2018,07,09,0.0,35.84726,19.590815,2018
1286,r10i1p1f1,2018,07,10,0.0,34.69752,17.990776,2018
1287,r10i1p1f1,2018,07,11,0.0,31.96804,14.512965,2018
1288,r10i1p1f1,2018,07,12,0.0,32.975964,14.733111,2018
1289,r10i1p1f1,2018,07,13,0.0,32.539394,16.233793,2018
1290,r10i1p1f1,2018,07,14,0.0,30.725206,14.294772,2018
1291,r10i1p1f1,2018,07,15,0.0,29.137037,11.868024,2018
1292,r10i1p1f1,2018,07,16,0.0,26.985474,10.815056,2018
1293,r10i1p1f1,2018,07,17,0.023433842316559383,23.352156,8.216057,2018
1294,r10i1p1f1,2018,07,18,0.14211601576933294,26.05343,10.178645,2018
1295,r10i1p1f1,2018,07,19,0.0,30.579298,11.8340225,2018
1296,r10i1p1f1,2018,07,20,0.0,30.97593,14.386648,2018
1297,r10i1p1f1,2018,07,21,0.0,29.798964,14.59725,2018
1298,r10i1p1f1,2018,07,22,0.0,31.454163,11.921154,2018
1299,r10i1p1f1,2018,07,23,0.0,37.156654,17.060644,2018
1300,r10i1p1f1,2018,07,24,0.0,40.975147,21.394531,2018
1301,r10i1p1f1,2018,07,25,0.0,39.481224,20.15057,2018
1302,r10i1p1f1,2018,07,26,0.0,37.679634,21.200476,2018
1303,r10i1p1f1,2018,07,27,0.0,35.5973,18.76553,2018
1304,r10i1p1f1,2018,07,28,0.0,34.385574,17.151417,2018
1305,r10i1p1f1,2018,07,29,0.0,36.895733,18.682201,2018
1306,r10i1p1f1,2018,07,30,0.0,35.60542,18.003403,2018
1307,r10i1p1f1,2018,07,31,0.0,34.944916,18.934408,2018
1308,r10i1p1f1,2018,08,01,0.0,34.393322,17.15238,2018
1309,r10i1p1f1,2018,08,02,0.0,32.012024,15.621129,2018
1310,r10i1p1f1,2018,08,03,0.1772649963880356,26.58597,8.820657,2018
1311,r10i1p1f1,2018,08,04,0.012941739834403913,22.849869,5.8061123,2018
1312,r10i1p1f1,2018,08,05,0.0,29.492357,10.015849,2018
1313,r10i1p1f1,2018,08,06,0.0,33.600304,14.9151535,2018
1314,r10i1p1f1,2018,08,07,0.0,32.897842,16.194687,2018
1315,r10i1p1f1,2018,08,08,0.0,29.967575,12.673653,2018
1316,r10i1p1f1,2018,08,09,0.0,32.916702,14.640921,2018
1317,r10i1p1f1,2018,08,10,0.0,34.409412,15.363375,2018
1318,r10i1p1f1,2018,08,11,0.0,35.18287,16.659752,2018
1319,r10i1p1f1,2018,08,12,0.0,33.79903,15.723269,2018
1320,r10i1p1f1,2018,08,13,0.0,33.030502,16.061947,2018
1321,r10i1p1f1,2018,08,14,0.0,32.064484,14.773886,2018
1322,r10i1p1f1,2018,08,15,0.0,31.308641,13.723203,2018
1323,r10i1p1f1,2018,08,16,0.0,35.632935,16.15774,2018
1324,r10i1p1f1,2018,08,17,0.0,34.97072,18.21197,2018
1325,r10i1p1f1,2018,08,18,0.0,34.100163,17.119928,2018
1326,r10i1p1f1,2018,08,19,0.0,33.10802,16.590387,2018
1327,r10i1p1f1,2018,08,20,0.0,31.635958,16.248117,2018
1328,r10i1p1f1,2018,08,21,0.0,26.905052,9.484235,2018
1329,r10i1p1f1,2018,08,22,0.0,31.005306,12.190222,2018
1330,r10i1p1f1,2018,08,23,0.0,30.230545,14.908341,2018
1331,r10i1p1f1,2018,08,24,0.0,25.437904,8.36629,2018
1332,r10i1p1f1,2018,08,25,0.0,30.410192,11.801375,2018
1333,r10i1p1f1,2018,08,26,0.0,30.316238,14.773328,2018
1334,r10i1p1f1,2018,08,27,0.0,26.932398,11.644905,2018
1335,r10i1p1f1,2018,08,28,0.0,26.279118,8.787427,2018
1336,r10i1p1f1,2018,08,29,0.0,26.655924,9.513783,2018
1337,r10i1p1f1,2018,08,30,0.0,25.59111,7.6098166,2018
1338,r10i1p1f1,2018,08,31,0.0,21.998194,6.722181,2018
1339,r10i1p1f1,2018,09,01,0.0,21.856148,6.0704947,2018
1340,r10i1p1f1,2018,09,02,0.0,23.48006,9.182792,2018
1341,r10i1p1f1,2018,09,03,0.0,26.308762,6.4302464,2018
1342,r10i1p1f1,2018,09,04,0.0,26.252493,9.67386,2018
1343,r10i1p1f1,2018,09,05,0.0,29.702623,12.088279,2018
1344,r10i1p1f1,2018,09,06,0.0,29.72351,14.818194,2018
1345,r10i1p1f1,2018,09,07,0.0,32.645687,13.711021,2018
1346,r10i1p1f1,2018,09,08,0.0,32.80019,16.83692,2018
1347,r10i1p1f1,2018,09,09,0.0,35.04484,16.895655,2018
1348,r10i1p1f1,2018,09,10,0.0,37.213696,17.81551,2018
1349,r10i1p1f1,2018,09,11,0.0,35.903423,18.656404,2018
1350,r10i1p1f1,2018,09,12,0.0,32.48657,15.039408,2018
1351,r10i1p1f1,2018,09,13,0.0,30.686853,14.687386,2018
1352,r10i1p1f1,2018,09,14,9.052102810064275,31.96144,19.180002,2018
1353,r10i1p1f1,2018,09,15,0.0,23.904562,8.25399,2018
1354,r10i1p1f1,2018,09,16,0.0,21.574009,7.260141,2018
1355,r10i1p1f1,2018,09,17,0.553594272217819,20.948624,5.983509,2018
1356,r10i1p1f1,2018,09,18,0.0,21.564295,4.9848056,2018
1357,r10i1p1f1,2018,09,19,0.0,25.713072,8.055496,2018
1358,r10i1p1f1,2018,09,20,0.0,29.936523,12.655774,2018
1359,r10i1p1f1,2018,09,21,0.0,31.922955,14.965194,2018
1360,r10i1p1f1,2018,09,22,0.0,30.86225,16.795431,2018
1361,r10i1p1f1,2018,09,23,0.0,25.679407,10.59213,2018
1362,r10i1p1f1,2018,09,24,0.0,29.533508,11.397901,2018
1363,r10i1p1f1,2018,09,25,0.0,30.686707,14.576869,2018
1364,r10i1p1f1,2018,09,26,0.0,30.16724,15.1131525,2018
1365,r10i1p1f1,2018,09,27,0.0,23.940203,9.245502,2018
1366,r10i1p1f1,2018,09,28,0.0,22.612408,8.018506,2018
1367,r10i1p1f1,2018,09,29,4.672300913850784,21.901201,9.164458,2018
1368,r10i1p1f1,2018,09,30,0.0,23.37291,5.521557,2018
1369,r10i1p1f1,2018,10,01,0.0,26.68692,11.844964,2018
1370,r10i1p1f1,2018,10,02,0.0,26.245615,10.510554,2018
1371,r10i1p1f1,2018,10,03,0.0,21.197367,8.968477,2018
1372,r10i1p1f1,2018,10,04,0.0,18.797918,6.0687337,2018
1373,r10i1p1f1,2018,10,05,0.0,19.205748,8.251258,2018
1374,r10i1p1f1,2018,10,06,0.0,23.541468,7.8072615,2018
1375,r10i1p1f1,2018,10,07,0.0,29.577425,11.851683,2018
1376,r10i1p1f1,2018,10,08,0.0,29.864254,13.24079,2018
1377,r10i1p1f1,2018,10,09,0.0,29.382032,16.68013,2018
1378,r10i1p1f1,2018,10,10,0.0,24.218693,11.595395,2018
1379,r10i1p1f1,2018,10,11,0.0,22.901648,8.610097,2018
1380,r10i1p1f1,2018,10,12,0.0,28.516098,11.15154,2018
1381,r10i1p1f1,2018,10,13,0.0,27.457966,12.384796,2018
1382,r10i1p1f1,2018,10,14,0.09615270169696917,26.80274,13.978849,2018
1383,r10i1p1f1,2018,10,15,0.0,23.65977,10.47393,2018
1384,r10i1p1f1,2018,10,16,0.0,24.458485,12.667825,2018
1385,r10i1p1f1,2018,10,17,0.0,27.524012,8.7923,2018
1386,r10i1p1f1,2018,10,18,0.0,30.261963,13.222907,2018
1387,r10i1p1f1,2018,10,19,0.0,33.113705,14.211942,2018
1388,r10i1p1f1,2018,10,20,0.0,32.79705,14.059593,2018
1389,r10i1p1f1,2018,10,21,0.0,28.315538,14.681099,2018
1390,r10i1p1f1,2018,10,22,0.0,26.09683,13.2977705,2018
1391,r10i1p1f1,2018,10,23,0.0,25.659124,12.248183,2018
1392,r10i1p1f1,2018,10,24,31.35402704049882,25.104666,11.175407,2018
1393,r10i1p1f1,2018,10,25,42.19257705936845,16.267002,10.3305435,2018
1394,r10i1p1f1,2018,10,26,23.344569142883348,15.642423,10.607119,2018
1395,r10i1p1f1,2018,10,27,59.7182502296116,15.407743,7.4014554,2018
1396,r10i1p1f1,2018,10,28,25.042196274980117,15.657779,9.017479,2018
1397,r10i1p1f1,2018,10,29,41.94029201692166,14.159412,7.091478,2018
1398,r10i1p1f1,2018,10,30,46.283148431317194,12.380084,5.2427826,2018
1399,r10i1p1f1,2018,10,31,26.930413831723854,11.808471,4.90146,2018
1400,r10i1p1f1,2018,11,01,13.657558698201013,12.606466,6.6663103,2018
1401,r10i1p1f1,2018,11,02,47.24390587377313,13.180721,7.9979696,2018
1402,r10i1p1f1,2018,11,03,3.593035286548672,13.616587,7.6310787,2018
1403,r10i1p1f1,2018,11,04,11.7148359136129,12.722046,6.9051175,2018
1404,r10i1p1f1,2018,11,05,31.53927518471487,13.267733,7.3333,2018
1405,r10i1p1f1,2018,11,06,1.6821953986053766,20.758106,9.020825,2018
1406,r10i1p1f1,2018,11,07,35.2617441976786,20.438478,11.349022,2018
1407,r10i1p1f1,2018,11,08,54.53124309914481,17.422983,8.711433,2018
1408,r10i1p1f1,2018,11,09,6.452077296528028,16.862614,10.674528,2018
1409,r10i1p1f1,2018,11,10,0.1540929523655091,18.777811,4.9295726,2018
1410,r10i1p1f1,2018,11,11,0.0,22.721886,5.0716195,2018
1411,r10i1p1f1,2018,11,12,0.0,21.907364,7.4791293,2018
1412,r10i1p1f1,2018,11,13,12.37718751730618,19.962194,8.812129,2018
1413,r10i1p1f1,2018,11,14,20.63044922312991,10.395139,4.7006483,2018
1414,r10i1p1f1,2018,11,15,57.095225452518974,11.145123,4.7298164,2018
1415,r10i1p1f1,2018,11,16,42.396602753892935,13.183774,3.3110068,2018
1416,r10i1p1f1,2018,11,17,19.638413286960905,6.940224,1.0373526,2018
1417,r10i1p1f1,2018,11,18,0.49218217866502145,8.097566,-3.3906913,2018
1418,r10i1p1f1,2018,11,19,0.0,9.095239,-3.2060745,2018
1419,r10i1p1f1,2018,11,20,0.058844727855581654,9.979898,-0.33270082,2018
1420,r10i1p1f1,2018,11,21,6.851306075067872,10.603383,2.404119,2018
1421,r10i1p1f1,2018,11,22,0.0,13.234301,-0.14546144,2018
1422,r10i1p1f1,2018,11,23,0.0,10.924522,-1.4165794,2018
1423,r10i1p1f1,2018,11,24,14.73058119973805,9.298713,2.1109722,2018
1424,r10i1p1f1,2018,11,25,1.6929443723424094,11.341213,1.1156425,2018
1425,r10i1p1f1,2018,11,26,0.0,13.46604,-1.6033504,2018
1426,r10i1p1f1,2018,11,27,0.039455699056576886,12.437082,0.5219895,2018
1427,r10i1p1f1,2018,11,28,0.5491790310962211,13.600694,0.7185848,2018
1428,r10i1p1f1,2018,11,29,0.25520162422540843,12.665713,2.8524804,2018
1429,r10i1p1f1,2018,11,30,0.0,10.842076,0.5429828,2018
1430,r10i1p1f1,2018,12,01,0.0,15.688965,2.8289242,2018
1431,r10i1p1f1,2018,12,02,0.0,17.490265,5.795078,2018
1432,r10i1p1f1,2018,12,03,0.0,19.274927,6.6489053,2018
1433,r10i1p1f1,2018,12,04,0.0,21.613243,7.454721,2018
1434,r10i1p1f1,2018,12,05,0.0,18.479393,7.8689737,2018
1435,r10i1p1f1,2018,12,06,0.0,20.28097,8.244952,2018
1436,r10i1p1f1,2018,12,07,0.0,20.686094,8.540934,2018
1437,r10i1p1f1,2018,12,08,0.0,19.22929,7.936456,2018
1438,r10i1p1f1,2018,12,09,0.0,17.455927,8.724383,2018
1439,r10i1p1f1,2018,12,10,3.5151124602886115,11.408041,3.5606022,2018
1440,r10i1p1f1,2018,12,11,11.562627132776758,8.075691,2.0878975,2018
1441,r10i1p1f1,2018,12,12,5.5365083451617565,6.453351,2.165714,2018
1442,r10i1p1f1,2018,12,13,15.614845433140689,7.7862163,3.0608103,2018
1443,r10i1p1f1,2018,12,14,0.019433735456244137,7.5304046,-1.3728338,2018
1444,r10i1p1f1,2018,12,15,0.0,7.943229,-1.2780296,2018
1445,r10i1p1f1,2018,12,16,0.0,8.722796,-3.38775,2018
1446,r10i1p1f1,2018,12,17,0.0,6.734942,-2.583253,2018
1447,r10i1p1f1,2018,12,18,0.0,7.1537747,-3.8634667,2018
1448,r10i1p1f1,2018,12,19,30.00482415327018,7.390253,1.2055057,2018
1449,r10i1p1f1,2018,12,20,50.70499819381726,9.939256,4.1482577,2018
1450,r10i1p1f1,2018,12,21,29.357492309339392,9.974112,2.5413222,2018
1451,r10i1p1f1,2018,12,22,3.0701801442391066,7.179651,0.8612649,2018
1452,r10i1p1f1,2018,12,23,0.0,10.584683,-3.0077636,2018
1453,r10i1p1f1,2018,12,24,0.0,11.728359,-0.36187884,2018
1454,r10i1p1f1,2018,12,25,0.0,12.912549,0.5375093,2018
1455,r10i1p1f1,2018,12,26,0.0,10.149486,-0.24775073,2018
1456,r10i1p1f1,2018,12,27,0.0,12.403447,0.90525776,2018
1457,r10i1p1f1,2018,12,28,0.0,12.1794615,2.4273694,2018
1458,r10i1p1f1,2018,12,29,0.0,13.696855,-0.42799115,2018
1459,r10i1p1f1,2018,12,30,0.0,15.526451,0.749681,2018
1460,r10i1p1f1,2018,12,31,0.0,14.02953,2.4556363,2018
1461,r10i1p1f1,2019,01,01,0.0,16.263638,1.8631905,2019
1462,r10i1p1f1,2019,01,02,0.0,17.491367,4.0335107,2019
1463,r10i1p1f1,2019,01,03,0.0,18.968449,5.354208,2019
1464,r10i1p1f1,2019,01,04,0.0,19.3171,6.528583,2019
1465,r10i1p1f1,2019,01,05,0.0,18.462776,7.000726,2019
1466,r10i1p1f1,2019,01,06,0.0,19.087538,6.35754,2019
1467,r10i1p1f1,2019,01,07,0.0,19.215994,6.5911417,2019
1468,r10i1p1f1,2019,01,08,0.0,17.994427,7.506809,2019
1469,r10i1p1f1,2019,01,09,0.0,18.341478,6.6863937,2019
1470,r10i1p1f1,2019,01,10,0.0,21.048641,7.0498223,2019
1471,r10i1p1f1,2019,01,11,0.0,20.101906,6.4942465,2019
1472,r10i1p1f1,2019,01,12,10.88080577074403,14.086034,3.800431,2019
1473,r10i1p1f1,2019,01,13,1.9256919408737878,6.697699,-0.27980262,2019
1474,r10i1p1f1,2019,01,14,0.0,9.223946,0.58969396,2019
1475,r10i1p1f1,2019,01,15,0.0,12.014956,0.9851271,2019
1476,r10i1p1f1,2019,01,16,0.0,15.948657,4.559295,2019
1477,r10i1p1f1,2019,01,17,0.0,18.844904,5.9853263,2019
1478,r10i1p1f1,2019,01,18,0.0,18.645235,7.868063,2019
1479,r10i1p1f1,2019,01,19,0.0,19.149252,5.776576,2019
1480,r10i1p1f1,2019,01,20,0.0,17.588902,4.519137,2019
1481,r10i1p1f1,2019,01,21,0.0,17.670782,3.6762638,2019
1482,r10i1p1f1,2019,01,22,0.0,16.471773,3.2188454,2019
1483,r10i1p1f1,2019,01,23,0.0,18.624794,3.4810967,2019
1484,r10i1p1f1,2019,01,24,0.0,19.415775,4.293894,2019
1485,r10i1p1f1,2019,01,25,0.0,17.396479,3.6454396,2019
1486,r10i1p1f1,2019,01,26,0.0,15.002338,4.4206886,2019
1487,r10i1p1f1,2019,01,27,17.45458355289884,9.743802,2.2666886,2019
1488,r10i1p1f1,2019,01,28,0.8932439365411794,8.876855,2.4688015,2019
1489,r10i1p1f1,2019,01,29,4.2189303127279825,10.128263,0.38394204,2019
1490,r10i1p1f1,2019,01,30,32.91140545426108,8.979927,3.942358,2019
1491,r10i1p1f1,2019,01,31,35.569887848932446,11.735019,0.20314227,2019
1492,r10i1p1f1,2019,02,01,0.0,8.004804,0.6086263,2019
1493,r10i1p1f1,2019,02,02,0.0,13.900785,1.9413123,2019
1494,r10i1p1f1,2019,02,03,0.0,13.115342,0.8466034,2019
1495,r10i1p1f1,2019,02,04,0.0,17.358286,2.720777,2019
1496,r10i1p1f1,2019,02,05,0.0,19.467157,5.504339,2019
1497,r10i1p1f1,2019,02,06,0.0,18.833937,5.945187,2019
1498,r10i1p1f1,2019,02,07,0.0,18.719015,4.9428115,2019
1499,r10i1p1f1,2019,02,08,0.0,18.906523,6.0466003,2019
1500,r10i1p1f1,2019,02,09,1.4354486418118253,19.19769,8.318118,2019
1501,r10i1p1f1,2019,02,10,26.80070965648874,10.225198,2.870726,2019
1502,r10i1p1f1,2019,02,11,0.451160576688524,10.2901745,1.8382767,2019
1503,r10i1p1f1,2019,02,12,12.678631133033042,7.377561,-0.75562227,2019
1504,r10i1p1f1,2019,02,13,2.2641246223333598,9.395839,-0.43890342,2019
1505,r10i1p1f1,2019,02,14,0.0,14.719348,2.029651,2019
1506,r10i1p1f1,2019,02,15,0.0,18.817167,5.1506667,2019
1507,r10i1p1f1,2019,02,16,3.4339121210091674,17.272356,4.565593,2019
1508,r10i1p1f1,2019,02,17,17.613333400195668,9.600161,2.9890416,2019
1509,r10i1p1f1,2019,02,18,21.81577351799014,7.391408,2.6395948,2019
1510,r10i1p1f1,2019,02,19,51.77170358855572,7.9578023,3.5427012,2019
1511,r10i1p1f1,2019,02,20,22.714316099422593,7.880546,-0.67243433,2019
1512,r10i1p1f1,2019,02,21,19.32330404877001,6.0103993,-0.40939912,2019
1513,r10i1p1f1,2019,02,22,2.5413316764809823,6.3310585,2.2441337,2019
1514,r10i1p1f1,2019,02,23,0.0,13.092231,0.7109014,2019
1515,r10i1p1f1,2019,02,24,0.0,18.447582,4.3782487,2019
1516,r10i1p1f1,2019,02,25,0.0,21.64899,6.3597097,2019
1517,r10i1p1f1,2019,02,26,0.0,21.613073,8.371431,2019
1518,r10i1p1f1,2019,02,27,0.0,21.85473,8.682437,2019
1519,r10i1p1f1,2019,02,28,0.0,22.259066,9.413654,2019
1520,r10i1p1f1,2019,03,01,0.0,21.740463,9.429366,2019
1521,r10i1p1f1,2019,03,02,0.0,15.796967,6.200517,2019
1522,r10i1p1f1,2019,03,03,0.0,16.409513,4.38364,2019
1523,r10i1p1f1,2019,03,04,0.0,16.257309,5.2325783,2019
1524,r10i1p1f1,2019,03,05,0.0,15.31821,1.2529805,2019
1525,r10i1p1f1,2019,03,06,0.0,15.045051,2.7258399,2019
1526,r10i1p1f1,2019,03,07,23.219601931295504,10.760568,3.023669,2019
1527,r10i1p1f1,2019,03,08,10.223780438029376,7.5686903,0.6631835,2019
1528,r10i1p1f1,2019,03,09,0.0,12.366791,0.20777974,2019
1529,r10i1p1f1,2019,03,10,0.0,12.019188,-0.9302316,2019
1530,r10i1p1f1,2019,03,11,13.528627637730862,10.028195,1.8690194,2019
1531,r10i1p1f1,2019,03,12,61.88103497138639,12.340305,0.922125,2019
1532,r10i1p1f1,2019,03,13,15.925013305738839,11.796845,4.726381,2019
1533,r10i1p1f1,2019,03,14,46.05755432704954,12.999219,7.0938077,2019
1534,r10i1p1f1,2019,03,15,3.343848597495181,13.226656,5.0612674,2019
1535,r10i1p1f1,2019,03,16,0.00982909389820538,13.870593,3.5969326,2019
1536,r10i1p1f1,2019,03,17,0.0,15.733232,1.5047792,2019
1537,r10i1p1f1,2019,03,18,0.0,16.60837,1.9932228,2019
1538,r10i1p1f1,2019,03,19,0.0,18.451239,3.418527,2019
1539,r10i1p1f1,2019,03,20,0.0,17.870655,2.7750974,2019
1540,r10i1p1f1,2019,03,21,0.0,20.656885,5.190244,2019
1541,r10i1p1f1,2019,03,22,0.0,22.159836,7.0000095,2019
1542,r10i1p1f1,2019,03,23,0.0,22.516523,8.198541,2019
1543,r10i1p1f1,2019,03,24,0.0,22.109493,7.1528416,2019
1544,r10i1p1f1,2019,03,25,0.0,21.986454,6.537389,2019
1545,r10i1p1f1,2019,03,26,0.0,25.323887,6.3007436,2019
1546,r10i1p1f1,2019,03,27,2.6527594788173077,21.7376,6.6986575,2019
1547,r10i1p1f1,2019,03,28,14.462528722115644,10.532067,5.071254,2019
1548,r10i1p1f1,2019,03,29,30.742945489730214,9.000949,3.6768982,2019
1549,r10i1p1f1,2019,03,30,26.672687667183038,8.754939,-0.19597043,2019
1550,r10i1p1f1,2019,03,31,66.28978053953401,11.639094,3.6194417,2019
1551,r10i1p1f1,2019,04,01,29.817254377657694,13.640334,3.1564908,2019
1552,r10i1p1f1,2019,04,02,29.679981124660884,13.997396,8.40445,2019
1553,r10i1p1f1,2019,04,03,48.28628908511937,13.0978565,2.296628,2019
1554,r10i1p1f1,2019,04,04,7.415766845291441,8.427604,2.4200504,2019
1555,r10i1p1f1,2019,04,05,1.0704539613351172,12.25737,2.3463318,2019
1556,r10i1p1f1,2019,04,06,18.117387233436794,11.1577635,4.584194,2019
1557,r10i1p1f1,2019,04,07,47.34482061865396,16.004557,4.2685533,2019
1558,r10i1p1f1,2019,04,08,7.662557063476446,16.520313,9.15297,2019
1559,r10i1p1f1,2019,04,09,13.444427250100201,16.138767,8.074618,2019
1560,r10i1p1f1,2019,04,10,2.0761539432561746,13.372686,4.483817,2019
1561,r10i1p1f1,2019,04,11,0.0,16.417389,3.0133688,2019
1562,r10i1p1f1,2019,04,12,0.0,15.82782,3.8480906,2019
1563,r10i1p1f1,2019,04,13,0.17100142839281993,15.141852,6.3636675,2019
1564,r10i1p1f1,2019,04,14,0.0,18.42638,2.8761792,2019
1565,r10i1p1f1,2019,04,15,0.0,20.097376,4.6648593,2019
1566,r10i1p1f1,2019,04,16,0.0,20.042505,5.5012374,2019
1567,r10i1p1f1,2019,04,17,0.0,22.107183,6.602499,2019
1568,r10i1p1f1,2019,04,18,0.0,20.994802,7.4249516,2019
1569,r10i1p1f1,2019,04,19,17.802350030672784,15.456169,4.737757,2019
1570,r10i1p1f1,2019,04,20,15.471583901058981,9.395832,5.6079745,2019
1571,r10i1p1f1,2019,04,21,3.8352761657087715,13.294008,3.0330765,2019
1572,r10i1p1f1,2019,04,22,0.0,18.412188,3.624568,2019
1573,r10i1p1f1,2019,04,23,0.0,19.646843,6.1964355,2019
1574,r10i1p1f1,2019,04,24,0.0,21.816437,7.152364,2019
1575,r10i1p1f1,2019,04,25,0.0,24.16651,9.182837,2019
1576,r10i1p1f1,2019,04,26,2.754494326793639,20.852774,7.214041,2019
1577,r10i1p1f1,2019,04,27,0.0,17.97054,4.449719,2019
1578,r10i1p1f1,2019,04,28,0.0,19.055918,2.7415652,2019
1579,r10i1p1f1,2019,04,29,0.0,20.031725,3.846858,2019
1580,r10i1p1f1,2019,04,30,0.009218995087155091,18.593525,7.168402,2019
1581,r10i1p1f1,2019,05,01,0.0,18.846317,5.2520576,2019
1582,r10i1p1f1,2019,05,02,0.0,21.746769,5.6454067,2019
1583,r10i1p1f1,2019,05,03,0.0,24.506731,10.646944,2019
1584,r10i1p1f1,2019,05,04,0.0,24.020864,10.547938,2019
1585,r10i1p1f1,2019,05,05,0.0,25.612314,11.959698,2019
1586,r10i1p1f1,2019,05,06,0.0,27.304617,10.017294,2019
1587,r10i1p1f1,2019,05,07,0.0,26.938057,10.9452095,2019
1588,r10i1p1f1,2019,05,08,0.0,27.022686,11.821976,2019
1589,r10i1p1f1,2019,05,09,0.0,28.534277,12.158348,2019
1590,r10i1p1f1,2019,05,10,0.0,27.125315,12.2854395,2019
1591,r10i1p1f1,2019,05,11,0.0,25.499506,9.729853,2019
1592,r10i1p1f1,2019,05,12,0.0,20.135698,4.3961983,2019
1593,r10i1p1f1,2019,05,13,0.0,19.977133,4.785486,2019
1594,r10i1p1f1,2019,05,14,0.0,19.774601,2.3464122,2019
1595,r10i1p1f1,2019,05,15,0.0,18.993162,2.1813614,2019
1596,r10i1p1f1,2019,05,16,0.0,17.98845,2.8110828,2019
1597,r10i1p1f1,2019,05,17,0.0,19.594631,1.6488814,2019
1598,r10i1p1f1,2019,05,18,0.0,25.67833,6.7906814,2019
1599,r10i1p1f1,2019,05,19,0.0,30.78036,11.979544,2019
1600,r10i1p1f1,2019,05,20,0.0,33.6196,13.927394,2019
1601,r10i1p1f1,2019,05,21,0.0,33.13927,16.575075,2019
1602,r10i1p1f1,2019,05,22,0.0,30.8913,15.929939,2019
1603,r10i1p1f1,2019,05,23,0.0,29.892115,14.504533,2019
1604,r10i1p1f1,2019,05,24,13.617377230586595,22.57769,6.602144,2019
1605,r10i1p1f1,2019,05,25,0.0,28.19087,14.396716,2019
1606,r10i1p1f1,2019,05,26,0.0,28.945543,11.956647,2019
1607,r10i1p1f1,2019,05,27,0.0,28.498947,12.641716,2019
1608,r10i1p1f1,2019,05,28,0.0,27.437738,10.749713,2019
1609,r10i1p1f1,2019,05,29,0.0,26.464712,10.867536,2019
1610,r10i1p1f1,2019,05,30,0.0,27.757536,9.991695,2019
1611,r10i1p1f1,2019,05,31,0.0,26.64058,10.528867,2019
1612,r10i1p1f1,2019,06,01,0.0,23.490578,9.267902,2019
1613,r10i1p1f1,2019,06,02,0.0,29.841585,13.208468,2019
1614,r10i1p1f1,2019,06,03,0.0,32.40291,15.732025,2019
1615,r10i1p1f1,2019,06,04,0.0,31.356253,13.444095,2019
1616,r10i1p1f1,2019,06,05,0.0,28.886738,13.442432,2019
1617,r10i1p1f1,2019,06,06,0.0,25.71891,8.686718,2019
1618,r10i1p1f1,2019,06,07,0.0,24.577553,8.606538,2019
1619,r10i1p1f1,2019,06,08,0.0,24.267368,8.573067,2019
1620,r10i1p1f1,2019,06,09,0.0,23.155485,8.551332,2019
1621,r10i1p1f1,2019,06,10,0.0,17.831799,4.7673793,2019
1622,r10i1p1f1,2019,06,11,0.0,23.988968,6.2608266,2019
1623,r10i1p1f1,2019,06,12,0.0,29.78872,12.37918,2019
1624,r10i1p1f1,2019,06,13,0.0,28.735718,11.212065,2019
1625,r10i1p1f1,2019,06,14,0.0,26.229774,10.759934,2019
1626,r10i1p1f1,2019,06,15,0.0,20.25979,9.361151,2019
1627,r10i1p1f1,2019,06,16,0.0,26.889019,8.657408,2019
1628,r10i1p1f1,2019,06,17,0.0,31.309278,12.717358,2019
1629,r10i1p1f1,2019,06,18,0.9026809016799425,32.98608,14.630176,2019
1630,r10i1p1f1,2019,06,19,2.5892630970032005,26.768799,12.184346,2019
1631,r10i1p1f1,2019,06,20,0.0,32.516064,15.37724,2019
1632,r10i1p1f1,2019,06,21,0.0,34.139347,16.77291,2019
1633,r10i1p1f1,2019,06,22,0.0,36.262894,19.354733,2019
1634,r10i1p1f1,2019,06,23,0.0,39.024574,20.006432,2019
1635,r10i1p1f1,2019,06,24,0.0,37.0181,20.300003,2019
1636,r10i1p1f1,2019,06,25,0.1525463035680954,34.28902,19.019852,2019
1637,r10i1p1f1,2019,06,26,0.0,36.311546,19.712503,2019
1638,r10i1p1f1,2019,06,27,0.04722907485158526,38.066315,19.156265,2019
1639,r10i1p1f1,2019,06,28,0.0,37.55911,19.921268,2019
1640,r10i1p1f1,2019,06,29,0.0,31.02863,14.874305,2019
1641,r10i1p1f1,2019,06,30,0.0,32.879272,17.528496,2019
1642,r10i1p1f1,2019,07,01,0.006004675202874702,33.006824,17.36903,2019
1643,r10i1p1f1,2019,07,02,0.0,35.08073,17.970554,2019
1644,r10i1p1f1,2019,07,03,0.021594006578820164,32.998672,17.75362,2019
1645,r10i1p1f1,2019,07,04,0.0,34.043747,20.097815,2019
1646,r10i1p1f1,2019,07,05,0.0,30.356028,14.928812,2019
1647,r10i1p1f1,2019,07,06,0.0,31.120728,14.18404,2019
1648,r10i1p1f1,2019,07,07,0.0,32.666107,14.555924,2019
1649,r10i1p1f1,2019,07,08,0.0,34.42858,15.888283,2019
1650,r10i1p1f1,2019,07,09,0.0,33.73167,17.462816,2019
1651,r10i1p1f1,2019,07,10,0.0,32.465076,15.437693,2019
1652,r10i1p1f1,2019,07,11,0.0,31.374304,14.064831,2019
1653,r10i1p1f1,2019,07,12,0.0,30.79779,13.674943,2019
1654,r10i1p1f1,2019,07,13,0.0,28.08243,12.745743,2019
1655,r10i1p1f1,2019,07,14,0.0,26.526728,10.9638,2019
1656,r10i1p1f1,2019,07,15,2.762313614769147,19.28539,10.468995,2019
1657,r10i1p1f1,2019,07,16,3.988187153989106,17.599089,4.420277,2019
1658,r10i1p1f1,2019,07,17,0.0,24.072542,5.7667494,2019
1659,r10i1p1f1,2019,07,18,0.0,26.090998,7.94845,2019
1660,r10i1p1f1,2019,07,19,0.0,25.23327,8.733306,2019
1661,r10i1p1f1,2019,07,20,0.0,27.95013,8.378202,2019
1662,r10i1p1f1,2019,07,21,0.0,31.320797,11.827115,2019
1663,r10i1p1f1,2019,07,22,0.0,35.480473,16.10573,2019
1664,r10i1p1f1,2019,07,23,0.0,35.99579,17.958126,2019
1665,r10i1p1f1,2019,07,24,0.0,35.447235,18.723993,2019
1666,r10i1p1f1,2019,07,25,0.0,34.298847,17.326433,2019
1667,r10i1p1f1,2019,07,26,0.0,33.42419,14.846179,2019
1668,r10i1p1f1,2019,07,27,0.0,35.488316,16.835312,2019
1669,r10i1p1f1,2019,07,28,0.0,37.05839,17.708937,2019
1670,r10i1p1f1,2019,07,29,0.0,37.8636,19.990711,2019
1671,r10i1p1f1,2019,07,30,0.0,37.828705,18.573294,2019
1672,r10i1p1f1,2019,07,31,0.0,36.854065,19.846165,2019
1673,r10i1p1f1,2019,08,01,0.0,37.041332,18.876297,2019
1674,r10i1p1f1,2019,08,02,0.0,37.69704,19.943811,2019
1675,r10i1p1f1,2019,08,03,0.0,37.96795,19.943117,2019
1676,r10i1p1f1,2019,08,04,0.0,37.68928,21.734243,2019
1677,r10i1p1f1,2019,08,05,0.0,36.323082,19.987757,2019
1678,r10i1p1f1,2019,08,06,0.0,33.886288,16.749178,2019
1679,r10i1p1f1,2019,08,07,0.0,36.550697,17.535368,2019
1680,r10i1p1f1,2019,08,08,0.0,38.257343,20.706823,2019
1681,r10i1p1f1,2019,08,09,0.0,39.650326,22.898113,2019
1682,r10i1p1f1,2019,08,10,0.0,38.23223,22.11637,2019
1683,r10i1p1f1,2019,08,11,2.0579432331511556,36.497406,21.421442,2019
1684,r10i1p1f1,2019,08,12,0.05765985920573401,34.686768,20.573305,2019
1685,r10i1p1f1,2019,08,13,0.0,34.508537,18.706356,2019
1686,r10i1p1f1,2019,08,14,0.0,35.119072,19.815744,2019
1687,r10i1p1f1,2019,08,15,0.0,36.38439,18.517122,2019
1688,r10i1p1f1,2019,08,16,0.0,37.129528,19.880686,2019
1689,r10i1p1f1,2019,08,17,0.0,37.09172,20.141602,2019
1690,r10i1p1f1,2019,08,18,0.0,37.27365,20.445782,2019
1691,r10i1p1f1,2019,08,19,0.0,35.87301,18.850601,2019
1692,r10i1p1f1,2019,08,20,0.0,34.395603,17.993845,2019
1693,r10i1p1f1,2019,08,21,0.0,31.059772,15.056395,2019
1694,r10i1p1f1,2019,08,22,0.0,33.067272,15.549483,2019
1695,r10i1p1f1,2019,08,23,0.0,32.358322,15.620808,2019
1696,r10i1p1f1,2019,08,24,0.0,30.174673,14.449428,2019
1697,r10i1p1f1,2019,08,25,0.0,28.214462,11.767138,2019
1698,r10i1p1f1,2019,08,26,0.0,33.62724,14.4382515,2019
1699,r10i1p1f1,2019,08,27,0.0,36.22319,17.951645,2019
1700,r10i1p1f1,2019,08,28,0.0,34.958824,17.295351,2019
1701,r10i1p1f1,2019,08,29,0.0,36.439705,18.853025,2019
1702,r10i1p1f1,2019,08,30,0.0,38.11536,20.401688,2019
1703,r10i1p1f1,2019,08,31,0.0,40.20458,18.504585,2019
1704,r10i1p1f1,2019,09,01,0.0,40.12963,22.568012,2019
1705,r10i1p1f1,2019,09,02,0.0,39.980335,22.789192,2019
1706,r10i1p1f1,2019,09,03,0.0,36.6808,20.491117,2019
1707,r10i1p1f1,2019,09,04,0.0,36.190044,20.977833,2019
1708,r10i1p1f1,2019,09,05,0.0,35.31711,19.687513,2019
1709,r10i1p1f1,2019,09,06,0.5513890634143823,27.911936,13.852349,2019
1710,r10i1p1f1,2019,09,07,0.0,24.42543,9.9346895,2019
1711,r10i1p1f1,2019,09,08,0.0,30.612732,11.439105,2019
1712,r10i1p1f1,2019,09,09,0.0,31.198673,13.896531,2019
1713,r10i1p1f1,2019,09,10,0.0,30.252802,13.470111,2019
1714,r10i1p1f1,2019,09,11,0.0,27.365433,10.387326,2019
1715,r10i1p1f1,2019,09,12,0.0,26.466627,9.442301,2019
1716,r10i1p1f1,2019,09,13,0.0,23.151047,8.70119,2019
1717,r10i1p1f1,2019,09,14,0.0,31.274588,13.280342,2019
1718,r10i1p1f1,2019,09,15,0.0,34.281715,15.212567,2019
1719,r10i1p1f1,2019,09,16,0.0,35.147408,18.13608,2019
1720,r10i1p1f1,2019,09,17,0.0,35.59608,20.222675,2019
1721,r10i1p1f1,2019,09,18,12.664121885973145,36.807636,22.563843,2019
1722,r10i1p1f1,2019,09,19,82.50599001828385,32.53138,19.94277,2019
1723,r10i1p1f1,2019,09,20,0.0,29.708838,15.299957,2019
1724,r10i1p1f1,2019,09,21,0.7798769797725407,30.777678,18.168808,2019
1725,r10i1p1f1,2019,09,22,0.0,27.760052,15.055774,2019
1726,r10i1p1f1,2019,09,23,0.0,26.214157,13.573216,2019
1727,r10i1p1f1,2019,09,24,0.0,25.664606,11.68179,2019
1728,r10i1p1f1,2019,09,25,0.0,28.522865,14.677397,2019
1729,r10i1p1f1,2019,09,26,0.0,30.457972,16.046066,2019
1730,r10i1p1f1,2019,09,27,0.0,30.346542,15.668537,2019
1731,r10i1p1f1,2019,09,28,0.0,32.720898,18.379559,2019
1732,r10i1p1f1,2019,09,29,0.0,31.596375,16.771759,2019
1733,r10i1p1f1,2019,09,30,0.0,26.985605,13.329325,2019
1734,r10i1p1f1,2019,10,01,0.0,25.322939,8.668603,2019
1735,r10i1p1f1,2019,10,02,0.0,26.400337,11.775398,2019
1736,r10i1p1f1,2019,10,03,0.0,25.300194,10.208891,2019
1737,r10i1p1f1,2019,10,04,2.1965936442556036,22.928703,9.954532,2019
1738,r10i1p1f1,2019,10,05,0.0,20.417902,7.352172,2019
1739,r10i1p1f1,2019,10,06,0.0,20.892729,7.4273834,2019
1740,r10i1p1f1,2019,10,07,0.0,20.791838,6.9241323,2019
1741,r10i1p1f1,2019,10,08,0.14758801925932188,18.505823,7.112199,2019
1742,r10i1p1f1,2019,10,09,0.0,22.518166,5.420896,2019
1743,r10i1p1f1,2019,10,10,0.0,24.780869,9.431878,2019
1744,r10i1p1f1,2019,10,11,0.0,26.996319,11.629789,2019
1745,r10i1p1f1,2019,10,12,0.0,26.512856,12.171338,2019
1746,r10i1p1f1,2019,10,13,0.0,26.593111,11.10235,2019
1747,r10i1p1f1,2019,10,14,0.0,25.718298,10.205886,2019
1748,r10i1p1f1,2019,10,15,0.0,24.838356,10.236111,2019
1749,r10i1p1f1,2019,10,16,0.0,21.630672,9.697164,2019
1750,r10i1p1f1,2019,10,17,0.0,23.944391,10.152685,2019
1751,r10i1p1f1,2019,10,18,0.0,25.689945,7.5724173,2019
1752,r10i1p1f1,2019,10,19,0.0,24.967758,11.22452,2019
1753,r10i1p1f1,2019,10,20,0.0,22.845316,9.732568,2019
1754,r10i1p1f1,2019,10,21,0.0,23.202593,8.319393,2019
1755,r10i1p1f1,2019,10,22,0.0,22.849258,8.51453,2019
1756,r10i1p1f1,2019,10,23,0.0,25.860117,7.9461637,2019
1757,r10i1p1f1,2019,10,24,0.0,26.425701,11.117485,2019
1758,r10i1p1f1,2019,10,25,0.0,27.03169,9.933097,2019
1759,r10i1p1f1,2019,10,26,0.0,25.241034,8.976832,2019
1760,r10i1p1f1,2019,10,27,0.013066089348668404,15.46004,4.049718,2019
1761,r10i1p1f1,2019,10,28,26.93493941425052,12.596752,4.9255195,2019
1762,r10i1p1f1,2019,10,29,46.67734605640075,12.570104,5.330616,2019
1763,r10i1p1f1,2019,10,30,1.500576018339703,12.126542,4.4568286,2019
1764,r10i1p1f1,2019,10,31,0.30868380528868566,14.808105,2.0156045,2019
1765,r10i1p1f1,2019,11,01,0.0,12.423742,0.302845,2019
1766,r10i1p1f1,2019,11,02,15.219004979247218,12.05968,3.375616,2019
1767,r10i1p1f1,2019,11,03,1.968701913205893,11.978803,0.79216146,2019
1768,r10i1p1f1,2019,11,04,0.0,11.50207,0.14456739,2019
1769,r10i1p1f1,2019,11,05,37.33100613983544,11.945024,4.1621222,2019
1770,r10i1p1f1,2019,11,06,39.946214232508,17.185064,7.9422865,2019
1771,r10i1p1f1,2019,11,07,21.512564075314195,16.28599,7.099579,2019
1772,r10i1p1f1,2019,11,08,1.1935838396072398,11.883278,3.3032675,2019
1773,r10i1p1f1,2019,11,09,0.0,15.593297,1.0054255,2019
1774,r10i1p1f1,2019,11,10,0.0,14.7993145,2.5236025,2019
1775,r10i1p1f1,2019,11,11,0.12289918674325331,13.709879,0.06064104,2019
1776,r10i1p1f1,2019,11,12,0.0,13.539233,-0.0422026,2019
1777,r10i1p1f1,2019,11,13,0.0,14.191671,1.6111788,2019
1778,r10i1p1f1,2019,11,14,17.318329313236877,13.445667,4.1225038,2019
1779,r10i1p1f1,2019,11,15,12.801716344390451,8.457561,1.3845466,2019
1780,r10i1p1f1,2019,11,16,0.0,9.7047825,-1.8916415,2019
1781,r10i1p1f1,2019,11,17,0.0,9.167254,-1.2025791,2019
1782,r10i1p1f1,2019,11,18,0.0,8.694045,-2.0551925,2019
1783,r10i1p1f1,2019,11,19,0.7437744034369212,7.918111,-3.3282745,2019
1784,r10i1p1f1,2019,11,20,2.580932463282998,5.9431787,0.5788315,2019
1785,r10i1p1f1,2019,11,21,32.53229794729697,8.420572,1.9417281,2019
1786,r10i1p1f1,2019,11,22,15.716382085596898,12.917477,4.3593936,2019
1787,r10i1p1f1,2019,11,23,0.0,17.594032,8.752466,2019
1788,r10i1p1f1,2019,11,24,0.0,17.177137,8.409803,2019
1789,r10i1p1f1,2019,11,25,0.0,20.558681,8.387928,2019
1790,r10i1p1f1,2019,11,26,0.0,18.27068,8.599102,2019
1791,r10i1p1f1,2019,11,27,0.0,16.462687,4.87124,2019
1792,r10i1p1f1,2019,11,28,0.0,13.021231,2.7482777,2019
1793,r10i1p1f1,2019,11,29,0.026389780568455246,11.618353,4.2509494,2019
1794,r10i1p1f1,2019,11,30,0.0,14.6858635,2.6994548,2019
1795,r10i1p1f1,2019,12,01,0.0,14.411328,3.6175256,2019
1796,r10i1p1f1,2019,12,02,0.0,15.24641,3.5070848,2019
1797,r10i1p1f1,2019,12,03,0.0,14.68118,4.250027,2019
1798,r10i1p1f1,2019,12,04,0.0,19.519367,6.123161,2019
1799,r10i1p1f1,2019,12,05,0.0,22.701548,8.820857,2019
1800,r10i1p1f1,2019,12,06,0.0,21.150574,9.002219,2019
1801,r10i1p1f1,2019,12,07,9.57733751018072,15.051518,6.393831,2019
1802,r10i1p1f1,2019,12,08,0.0,10.316184,0.08128979,2019
1803,r10i1p1f1,2019,12,09,0.0016140473378886543,9.65353,0.41283074,2019
1804,r10i1p1f1,2019,12,10,1.550705069185872,9.534477,1.0069205,2019
1805,r10i1p1f1,2019,12,11,0.0,10.518543,-0.80343026,2019
1806,r10i1p1f1,2019,12,12,0.0,8.354627,-1.5689938,2019
1807,r10i1p1f1,2019,12,13,0.0,11.23861,0.008280905,2019
1808,r10i1p1f1,2019,12,14,0.0,15.085666,0.6699395,2019
1809,r10i1p1f1,2019,12,15,0.0,15.258638,1.5748827,2019
1810,r10i1p1f1,2019,12,16,0.0,15.448165,1.522378,2019
1811,r10i1p1f1,2019,12,17,8.413473689793854,11.935993,1.771951,2019
1812,r10i1p1f1,2019,12,18,0.6499170730852424,10.497815,4.828948,2019
1813,r10i1p1f1,2019,12,19,0.0,15.851041,6.3935204,2019
1814,r10i1p1f1,2019,12,20,16.02635056678034,14.28395,8.686869,2019
1815,r10i1p1f1,2019,12,21,1.4357949152015768,11.881787,5.3746147,2019
1816,r10i1p1f1,2019,12,22,0.8912222328777525,11.66558,5.3466606,2019
1817,r10i1p1f1,2019,12,23,30.08338488764007,9.060102,4.0122576,2019
1818,r10i1p1f1,2019,12,24,5.993348452179099,7.4097104,2.5736303,2019
1819,r10i1p1f1,2019,12,25,9.377357856474669,8.566843,3.3353782,2019
1820,r10i1p1f1,2019,12,26,0.0,14.127565,2.183555,2019
1821,r10i1p1f1,2019,12,27,0.0,15.637392,4.231745,2019
1822,r10i1p1f1,2019,12,28,0.0,17.320898,6.5165744,2019
1823,r10i1p1f1,2019,12,29,0.0,19.777395,5.898743,2019
1824,r10i1p1f1,2019,12,30,0.05306670301299738,17.839737,7.0852757,2019
1825,r10i1p1f1,2019,12,31,1.1469683793907997,12.363999,5.872772,2019
1826,r10i1p1f1,2020,01,01,0.2947384864359935,13.298823,3.3055913,2020
1827,r10i1p1f1,2020,01,02,0.0,8.347164,-3.2215538,2020
1828,r10i1p1f1,2020,01,03,0.0,3.535019,-6.8204384,2020
1829,r10i1p1f1,2020,01,04,0.0,4.785052,-5.132668,2020
1830,r10i1p1f1,2020,01,05,55.971281784954236,9.209177,-2.0771925,2020
1831,r10i1p1f1,2020,01,06,76.94976591217136,17.251892,7.366463,2020
1832,r10i1p1f1,2020,01,07,7.279611692080691,13.0516615,7.917471,2020
1833,r10i1p1f1,2020,01,08,20.27265050679776,13.365437,7.3374977,2020
1834,r10i1p1f1,2020,01,09,15.332568189976309,15.545037,10.55758,2020
1835,r10i1p1f1,2020,01,10,0.0,15.194857,5.7149544,2020
1836,r10i1p1f1,2020,01,11,0.0,13.925875,2.7113514,2020
1837,r10i1p1f1,2020,01,12,24.159968370498206,10.350404,0.9652098,2020
1838,r10i1p1f1,2020,01,13,4.680518046925978,6.9871097,1.7710923,2020
1839,r10i1p1f1,2020,01,14,0.0,11.712837,-0.1659833,2020
1840,r10i1p1f1,2020,01,15,0.0,11.785083,-0.23618457,2020
1841,r10i1p1f1,2020,01,16,0.0,10.473128,-2.1976886,2020
1842,r10i1p1f1,2020,01,17,3.054820082869762,5.334561,-1.0973872,2020
1843,r10i1p1f1,2020,01,18,17.55626428654834,5.1632376,-0.7926391,2020
1844,r10i1p1f1,2020,01,19,13.358213344078028,4.830474,0.1237275,2020
1845,r10i1p1f1,2020,01,20,8.660589688894872,4.790546,-0.8287711,2020
1846,r10i1p1f1,2020,01,21,0.0,5.6834526,-2.549743,2020
1847,r10i1p1f1,2020,01,22,0.0,6.1235843,-4.1733937,2020
1848,r10i1p1f1,2020,01,23,0.5775593124781153,5.9001923,-2.3409932,2020
1849,r10i1p1f1,2020,01,24,9.298970322484628,4.369007,-0.5626345,2020
1850,r10i1p1f1,2020,01,25,1.0246069477848083,3.5054443,-3.7347138,2020
1851,r10i1p1f1,2020,01,26,0.0,4.8916044,-2.0313938,2020
1852,r10i1p1f1,2020,01,27,0.0,4.219249,-8.106438,2020
1853,r10i1p1f1,2020,01,28,14.477580765991373,3.4368339,-10.103874,2020
1854,r10i1p1f1,2020,01,29,9.760221757632712,3.206346,-1.7926944,2020
1855,r10i1p1f1,2020,01,30,0.0,5.438801,-3.664933,2020
1856,r10i1p1f1,2020,01,31,0.0,6.343319,-7.580226,2020
1857,r10i1p1f1,2020,02,01,10.955363514949568,4.88625,-0.4455205,2020
1858,r10i1p1f1,2020,02,02,1.4031319650377172,7.6710463,2.1528664,2020
1859,r10i1p1f1,2020,02,03,60.02043029048333,10.971217,2.2365088,2020
1860,r10i1p1f1,2020,02,04,21.98869613700816,12.882491,2.33072,2020
1861,r10i1p1f1,2020,02,05,1.8668907461400714,5.80794,-4.788669,2020
1862,r10i1p1f1,2020,02,06,0.0,6.1170936,-6.4262958,2020
1863,r10i1p1f1,2020,02,07,8.566221244856072,5.9833903,-1.4556638,2020
1864,r10i1p1f1,2020,02,08,8.260703435869226,6.913235,0.77980864,2020
1865,r10i1p1f1,2020,02,09,5.3641243821115685,11.528982,2.2604177,2020
1866,r10i1p1f1,2020,02,10,0.013890619179858876,12.59742,1.770517,2020
1867,r10i1p1f1,2020,02,11,19.295730148779082,11.232038,3.0501845,2020
1868,r10i1p1f1,2020,02,12,2.2853865254450954,11.425621,7.6462917,2020
1869,r10i1p1f1,2020,02,13,2.3823549408533786,12.528432,0.7130651,2020
1870,r10i1p1f1,2020,02,14,0.0,12.69727,-0.5259823,2020
1871,r10i1p1f1,2020,02,15,0.44775934619026786,11.629703,1.276267,2020
1872,r10i1p1f1,2020,02,16,0.5628262489584526,9.997761,2.0697677,2020
1873,r10i1p1f1,2020,02,17,4.141839955110826,7.7483063,3.85497,2020
1874,r10i1p1f1,2020,02,18,61.04625789754975,13.265967,4.0230174,2020
1875,r10i1p1f1,2020,02,19,37.67113064624075,12.481004,2.6096365,2020
1876,r10i1p1f1,2020,02,20,0.017795844283491055,9.158764,-0.14359123,2020
1877,r10i1p1f1,2020,02,21,5.488224337487305,5.7859144,-2.2614274,2020
1878,r10i1p1f1,2020,02,22,7.704629571679489,7.295782,-3.1315417,2020
1879,r10i1p1f1,2020,02,23,28.765194522412983,8.458164,0.021235818,2020
1880,r10i1p1f1,2020,02,24,9.29107681505277,8.286964,0.757669,2020
1881,r10i1p1f1,2020,02,25,39.17848067419408,9.3326645,2.1659691,2020
1882,r10i1p1f1,2020,02,26,35.96032089247417,9.085656,4.105539,2020
1883,r10i1p1f1,2020,02,27,3.6278317703889975,13.289846,5.1349697,2020
1884,r10i1p1f1,2020,02,28,8.350177478477187,14.292397,8.088517,2020
1885,r10i1p1f1,2020,02,29,16.83919635202313,11.773421,3.6661417,2020
1886,r10i1p1f1,2020,03,01,8.143742446554825,8.978472,0.17347336,2020
1887,r10i1p1f1,2020,03,02,0.024229777045547962,12.469205,1.864519,2020
1888,r10i1p1f1,2020,03,03,0.0,10.461005,-0.72846705,2020
1889,r10i1p1f1,2020,03,04,7.8947592921873655,6.731357,-0.01948447,2020
1890,r10i1p1f1,2020,03,05,0.0,14.031351,0.9009008,2020
1891,r10i1p1f1,2020,03,06,17.549648388337932,11.446639,1.6876192,2020
1892,r10i1p1f1,2020,03,07,10.276677252668856,10.6426935,4.510876,2020
1893,r10i1p1f1,2020,03,08,19.786537395434845,12.689658,4.4756093,2020
1894,r10i1p1f1,2020,03,09,0.9602335797545062,11.710789,0.594942,2020
1895,r10i1p1f1,2020,03,10,22.282945377580624,14.29153,4.4270535,2020
1896,r10i1p1f1,2020,03,11,0.0,17.905077,10.246078,2020
1897,r10i1p1f1,2020,03,12,13.644400483999084,16.517605,10.201718,2020
1898,r10i1p1f1,2020,03,13,73.59541302215995,16.528276,6.782829,2020
1899,r10i1p1f1,2020,03,14,4.592601017190502,11.540213,2.270421,2020
1900,r10i1p1f1,2020,03,15,0.0,15.867178,2.5502298,2020
1901,r10i1p1f1,2020,03,16,0.1592672620956654,15.4801655,2.3925467,2020
1902,r10i1p1f1,2020,03,17,14.161772483279684,9.328508,3.4668033,2020
1903,r10i1p1f1,2020,03,18,0.6641772075358618,10.341434,1.5775008,2020
1904,r10i1p1f1,2020,03,19,0.5095184580951402,10.021814,0.766568,2020
1905,r10i1p1f1,2020,03,20,0.0,10.971126,0.38913426,2020
1906,r10i1p1f1,2020,03,21,0.0,12.847181,1.589607,2020
1907,r10i1p1f1,2020,03,22,0.0,16.127657,-1.1239175,2020
1908,r10i1p1f1,2020,03,23,3.793003170554393,13.902975,3.5218782,2020
1909,r10i1p1f1,2020,03,24,0.0,13.714179,1.8327731,2020
1910,r10i1p1f1,2020,03,25,0.0,13.392166,3.6673684,2020
1911,r10i1p1f1,2020,03,26,14.839884445781967,10.538626,2.3224804,2020
1912,r10i1p1f1,2020,03,27,0.13144000000274422,11.437574,4.4909925,2020
1913,r10i1p1f1,2020,03,28,0.20540062537053783,14.159462,4.208408,2020
1914,r10i1p1f1,2020,03,29,0.0,20.95491,3.6333518,2020
1915,r10i1p1f1,2020,03,30,0.0,23.731722,7.8328257,2020
1916,r10i1p1f1,2020,03,31,0.0,23.688894,8.109358,2020
1917,r10i1p1f1,2020,04,01,0.0,23.21691,9.220713,2020
1918,r10i1p1f1,2020,04,02,0.0,18.90673,5.8269167,2020
1919,r10i1p1f1,2020,04,03,0.0,20.249695,5.192445,2020
1920,r10i1p1f1,2020,04,04,0.0,24.573895,7.527291,2020
1921,r10i1p1f1,2020,04,05,0.0,28.381948,8.842245,2020
1922,r10i1p1f1,2020,04,06,0.0,26.745546,10.7948675,2020
1923,r10i1p1f1,2020,04,07,0.0,24.335835,8.164898,2020
1924,r10i1p1f1,2020,04,08,0.0,25.448685,6.181823,2020
1925,r10i1p1f1,2020,04,09,0.0,25.591784,9.008134,2020
1926,r10i1p1f1,2020,04,10,0.0,26.684319,11.085945,2020
1927,r10i1p1f1,2020,04,11,0.0,26.595102,12.484056,2020
1928,r10i1p1f1,2020,04,12,4.591619920163219,21.25248,5.9823833,2020
1929,r10i1p1f1,2020,04,13,0.13117655707901577,18.293543,8.207145,2020
1930,r10i1p1f1,2020,04,14,0.0,19.3819,4.900752,2020
1931,r10i1p1f1,2020,04,15,0.0,18.291452,5.1482224,2020
1932,r10i1p1f1,2020,04,16,0.6388781190803696,15.593991,3.4387693,2020
1933,r10i1p1f1,2020,04,17,5.402678406895383,11.771666,0.67664194,2020
1934,r10i1p1f1,2020,04,18,0.0,16.22192,-0.9712994,2020
1935,r10i1p1f1,2020,04,19,0.0,16.00979,2.253423,2020
1936,r10i1p1f1,2020,04,20,0.7873672327855723,11.29433,2.0292077,2020
1937,r10i1p1f1,2020,04,21,10.291012071531057,9.675876,1.5368503,2020
1938,r10i1p1f1,2020,04,22,1.636210788311132,15.736849,4.181312,2020
1939,r10i1p1f1,2020,04,23,0.0,19.795803,6.6601987,2020
1940,r10i1p1f1,2020,04,24,0.0,19.270731,5.8628926,2020
1941,r10i1p1f1,2020,04,25,0.0,18.99454,6.5170627,2020
1942,r10i1p1f1,2020,04,26,20.845210795615504,15.925041,3.2674534,2020
1943,r10i1p1f1,2020,04,27,0.32256826470027017,14.459151,1.8728355,2020
1944,r10i1p1f1,2020,04,28,0.0,18.070826,2.3380873,2020
1945,r10i1p1f1,2020,04,29,0.0,16.801306,4.8482933,2020
1946,r10i1p1f1,2020,04,30,0.0,22.19219,4.6531687,2020
1947,r10i1p1f1,2020,05,01,0.0,24.567345,8.403982,2020
1948,r10i1p1f1,2020,05,02,0.0,25.399448,11.033506,2020
1949,r10i1p1f1,2020,05,03,0.0,24.837719,10.760516,2020
1950,r10i1p1f1,2020,05,04,1.9879202683449348,22.114296,8.434293,2020
1951,r10i1p1f1,2020,05,05,4.803582263890635,16.934546,7.059481,2020
1952,r10i1p1f1,2020,05,06,0.0,24.137957,9.855317,2020
1953,r10i1p1f1,2020,05,07,0.0,27.2436,10.794138,2020
1954,r10i1p1f1,2020,05,08,0.3678409844819965,24.710016,11.86889,2020
1955,r10i1p1f1,2020,05,09,0.10304442156139933,20.891394,8.075925,2020
1956,r10i1p1f1,2020,05,10,0.0,26.499422,8.547415,2020
1957,r10i1p1f1,2020,05,11,0.0,27.73732,11.612531,2020
1958,r10i1p1f1,2020,05,12,0.0,26.625093,12.958154,2020
1959,r10i1p1f1,2020,05,13,0.5999046804438541,17.601171,3.8647404,2020
1960,r10i1p1f1,2020,05,14,0.0,21.719759,3.9423475,2020
1961,r10i1p1f1,2020,05,15,0.0,22.893076,8.495523,2020
1962,r10i1p1f1,2020,05,16,0.0,22.270443,6.660862,2020
1963,r10i1p1f1,2020,05,17,0.0,21.780762,3.7897322,2020
1964,r10i1p1f1,2020,05,18,0.0,27.983084,8.862438,2020
1965,r10i1p1f1,2020,05,19,0.0,27.317974,11.074522,2020
1966,r10i1p1f1,2020,05,20,0.0,26.634396,10.627664,2020
1967,r10i1p1f1,2020,05,21,0.0,26.432087,11.112284,2020
1968,r10i1p1f1,2020,05,22,0.0,25.75843,7.380728,2020
1969,r10i1p1f1,2020,05,23,0.0,24.737309,8.619835,2020
1970,r10i1p1f1,2020,05,24,0.0,25.977837,9.30274,2020
1971,r10i1p1f1,2020,05,25,0.0,27.977636,12.962382,2020
1972,r10i1p1f1,2020,05,26,0.0,28.40555,13.811686,2020
1973,r10i1p1f1,2020,05,27,0.0,20.191792,3.643015,2020
1974,r10i1p1f1,2020,05,28,0.0,14.989695,-0.008003636,2020
1975,r10i1p1f1,2020,05,29,0.0,18.61147,2.0782185,2020
1976,r10i1p1f1,2020,05,30,0.29941019996553414,20.535158,6.269652,2020
1977,r10i1p1f1,2020,05,31,0.0,24.38365,9.614828,2020
1978,r10i1p1f1,2020,06,01,0.0,26.087044,7.0973673,2020
1979,r10i1p1f1,2020,06,02,0.0,25.816582,9.992561,2020
1980,r10i1p1f1,2020,06,03,0.0,20.81785,3.007191,2020
1981,r10i1p1f1,2020,06,04,0.0,22.394112,4.3432207,2020
1982,r10i1p1f1,2020,06,05,0.0,22.877136,4.7905035,2020
1983,r10i1p1f1,2020,06,06,0.0,23.908009,7.006878,2020
1984,r10i1p1f1,2020,06,07,0.0,27.06463,9.194425,2020
1985,r10i1p1f1,2020,06,08,0.0,28.613657,10.890282,2020
1986,r10i1p1f1,2020,06,09,0.0,33.55791,13.892923,2020
1987,r10i1p1f1,2020,06,10,0.0,32.47786,14.876474,2020
1988,r10i1p1f1,2020,06,11,0.0,34.461643,16.11372,2020
1989,r10i1p1f1,2020,06,12,0.0,35.868744,18.522491,2020
1990,r10i1p1f1,2020,06,13,0.0,37.999084,22.209354,2020
1991,r10i1p1f1,2020,06,14,0.0,37.469105,21.211706,2020
1992,r10i1p1f1,2020,06,15,0.0,37.189327,20.631693,2020
1993,r10i1p1f1,2020,06,16,0.0,37.973736,18.720026,2020
1994,r10i1p1f1,2020,06,17,0.7427990264898797,30.895319,13.832339,2020
1995,r10i1p1f1,2020,06,18,0.0,35.5954,21.457422,2020
1996,r10i1p1f1,2020,06,19,0.0,34.164173,18.652548,2020
1997,r10i1p1f1,2020,06,20,0.0,32.179832,17.29911,2020
1998,r10i1p1f1,2020,06,21,0.9392456968941444,26.293547,9.817739,2020
1999,r10i1p1f1,2020,06,22,0.3394771863608376,24.73082,10.584747,2020
2000,r10i1p1f1,2020,06,23,0.0,30.916813,16.351288,2020
2001,r10i1p1f1,2020,06,24,0.0,30.185278,11.844259,2020
2002,r10i1p1f1,2020,06,25,0.0,32.59163,17.8604,2020
2003,r10i1p1f1,2020,06,26,0.0,34.921215,17.835539,2020
2004,r10i1p1f1,2020,06,27,0.0,33.63822,17.692438,2020
2005,r10i1p1f1,2020,06,28,0.0,32.07839,15.99743,2020
2006,r10i1p1f1,2020,06,29,0.0,30.535667,14.798698,2020
2007,r10i1p1f1,2020,06,30,0.0,27.788916,11.958682,2020
2008,r10i1p1f1,2020,07,01,0.0,28.848375,10.966918,2020
2009,r10i1p1f1,2020,07,02,0.0,28.397894,12.042678,2020
2010,r10i1p1f1,2020,07,03,0.0,26.582628,12.662135,2020
2011,r10i1p1f1,2020,07,04,0.0,26.672806,10.837722,2020
2012,r10i1p1f1,2020,07,05,0.0,25.647274,9.640489,2020
2013,r10i1p1f1,2020,07,06,0.0,28.422155,9.67147,2020
2014,r10i1p1f1,2020,07,07,0.0,27.892244,10.74516,2020
2015,r10i1p1f1,2020,07,08,0.0,30.552933,12.283832,2020
2016,r10i1p1f1,2020,07,09,0.0,31.638803,13.6764555,2020
2017,r10i1p1f1,2020,07,10,0.0,31.715614,15.607476,2020
2018,r10i1p1f1,2020,07,11,0.0,28.498144,13.49335,2020
2019,r10i1p1f1,2020,07,12,0.0,28.582256,12.528552,2020
2020,r10i1p1f1,2020,07,13,0.0,33.382164,14.8505535,2020
2021,r10i1p1f1,2020,07,14,0.0,35.371803,17.876955,2020
2022,r10i1p1f1,2020,07,15,0.0,34.716877,17.417292,2020
2023,r10i1p1f1,2020,07,16,0.0,33.74817,17.035402,2020
2024,r10i1p1f1,2020,07,17,0.0,31.45712,14.943763,2020
2025,r10i1p1f1,2020,07,18,0.0,32.547832,14.27636,2020
2026,r10i1p1f1,2020,07,19,0.19582416701412417,33.90178,16.739927,2020
2027,r10i1p1f1,2020,07,20,0.31081031652559576,33.31816,17.689587,2020
2028,r10i1p1f1,2020,07,21,0.0,33.15341,17.322992,2020
2029,r10i1p1f1,2020,07,22,0.0,35.206493,15.818745,2020
2030,r10i1p1f1,2020,07,23,0.0,37.830334,18.69533,2020
2031,r10i1p1f1,2020,07,24,0.0,39.448853,21.319702,2020
2032,r10i1p1f1,2020,07,25,0.0,38.041412,21.526562,2020
2033,r10i1p1f1,2020,07,26,0.0,36.41042,19.284477,2020
2034,r10i1p1f1,2020,07,27,0.0,34.122795,17.087223,2020
2035,r10i1p1f1,2020,07,28,0.0,30.290287,12.7711935,2020
2036,r10i1p1f1,2020,07,29,0.0,29.782503,11.711571,2020
2037,r10i1p1f1,2020,07,30,0.0,32.327526,13.913455,2020
2038,r10i1p1f1,2020,07,31,0.0,31.123789,14.049614,2020
2039,r10i1p1f1,2020,08,01,0.0,29.342728,10.6548395,2020
2040,r10i1p1f1,2020,08,02,0.0,28.417252,12.287786,2020
2041,r10i1p1f1,2020,08,03,0.0,31.908594,13.129434,2020
2042,r10i1p1f1,2020,08,04,0.0,34.726433,16.810524,2020
2043,r10i1p1f1,2020,08,05,0.0,34.2024,16.545584,2020
2044,r10i1p1f1,2020,08,06,0.0,29.156183,12.689146,2020
2045,r10i1p1f1,2020,08,07,0.0,27.639803,10.563481,2020
2046,r10i1p1f1,2020,08,08,0.0,27.765955,10.654792,2020
2047,r10i1p1f1,2020,08,09,0.0,28.912125,10.425784,2020
2048,r10i1p1f1,2020,08,10,0.0,30.295914,12.658786,2020
2049,r10i1p1f1,2020,08,11,0.0,29.426481,11.504509,2020
2050,r10i1p1f1,2020,08,12,0.0,30.730555,11.786056,2020
2051,r10i1p1f1,2020,08,13,0.0,30.866905,13.762195,2020
2052,r10i1p1f1,2020,08,14,0.0,31.07164,13.374479,2020
2053,r10i1p1f1,2020,08,15,0.0,31.985172,14.668353,2020
2054,r10i1p1f1,2020,08,16,0.0,31.413681,14.029919,2020
2055,r10i1p1f1,2020,08,17,0.0,32.78344,14.535217,2020
2056,r10i1p1f1,2020,08,18,0.0,31.996855,15.977931,2020
2057,r10i1p1f1,2020,08,19,0.0,30.766432,14.20416,2020
2058,r10i1p1f1,2020,08,20,0.0,30.63707,13.907659,2020
2059,r10i1p1f1,2020,08,21,0.0,31.063532,12.99598,2020
2060,r10i1p1f1,2020,08,22,0.0,32.04347,14.388763,2020
2061,r10i1p1f1,2020,08,23,0.0,30.729263,13.692479,2020
2062,r10i1p1f1,2020,08,24,0.0,30.216656,11.560875,2020
2063,r10i1p1f1,2020,08,25,0.0,31.810396,14.876115,2020
2064,r10i1p1f1,2020,08,26,0.0,30.369099,13.878843,2020
2065,r10i1p1f1,2020,08,27,0.0,29.906048,13.211377,2020
2066,r10i1p1f1,2020,08,28,0.0,29.210623,12.523531,2020
2067,r10i1p1f1,2020,08,29,0.0,28.582891,9.445788,2020
2068,r10i1p1f1,2020,08,30,0.0,27.621004,9.184355,2020
2069,r10i1p1f1,2020,08,31,0.0,25.962183,6.2357335,2020
2070,r10i1p1f1,2020,09,01,0.0,31.223373,12.132191,2020
2071,r10i1p1f1,2020,09,02,0.0,30.83458,13.195441,2020
2072,r10i1p1f1,2020,09,03,0.0,29.868553,13.148163,2020
2073,r10i1p1f1,2020,09,04,0.0,28.024015,9.842826,2020
2074,r10i1p1f1,2020,09,05,0.0,29.32042,9.808165,2020
2075,r10i1p1f1,2020,09,06,0.0,31.374414,15.48534,2020
2076,r10i1p1f1,2020,09,07,0.0,33.244823,16.567743,2020
2077,r10i1p1f1,2020,09,08,0.0,34.215313,15.497841,2020
2078,r10i1p1f1,2020,09,09,0.0,36.068314,17.169092,2020
2079,r10i1p1f1,2020,09,10,0.0,35.796722,17.098251,2020
2080,r10i1p1f1,2020,09,11,0.0,34.85069,19.326534,2020
2081,r10i1p1f1,2020,09,12,0.0,36.08498,18.175694,2020
2082,r10i1p1f1,2020,09,13,0.0,36.75694,18.673067,2020
2083,r10i1p1f1,2020,09,14,0.0,37.423634,19.912878,2020
2084,r10i1p1f1,2020,09,15,0.0,36.885914,19.420639,2020
2085,r10i1p1f1,2020,09,16,0.0,37.61012,20.490986,2020
2086,r10i1p1f1,2020,09,17,0.0,36.741795,19.38758,2020
2087,r10i1p1f1,2020,09,18,0.0,32.433453,16.213533,2020
2088,r10i1p1f1,2020,09,19,0.0,32.625565,16.917036,2020
2089,r10i1p1f1,2020,09,20,0.0,35.203568,17.41626,2020
2090,r10i1p1f1,2020,09,21,0.0,34.94648,18.644207,2020
2091,r10i1p1f1,2020,09,22,0.0,34.08782,16.510252,2020
2092,r10i1p1f1,2020,09,23,0.0,26.773693,11.300129,2020
2093,r10i1p1f1,2020,09,24,0.0,26.667566,10.840705,2020
2094,r10i1p1f1,2020,09,25,0.0,26.317684,10.9052,2020
2095,r10i1p1f1,2020,09,26,0.0,26.102924,10.399651,2020
2096,r10i1p1f1,2020,09,27,0.0,24.635962,9.851211,2020
2097,r10i1p1f1,2020,09,28,0.0,21.550257,7.816298,2020
2098,r10i1p1f1,2020,09,29,0.0,23.78766,6.6036153,2020
2099,r10i1p1f1,2020,09,30,0.0,23.408974,8.454033,2020
2100,r10i1p1f1,2020,10,01,4.42174199783231,20.283178,8.817849,2020
2101,r10i1p1f1,2020,10,02,54.68189473398716,12.888668,2.9136002,2020
2102,r10i1p1f1,2020,10,03,0.03087229641479146,19.624647,4.2487016,2020
2103,r10i1p1f1,2020,10,04,0.0,22.075817,7.888925,2020
2104,r10i1p1f1,2020,10,05,0.0,25.56591,7.601605,2020
2105,r10i1p1f1,2020,10,06,0.0,25.096289,10.390712,2020
2106,r10i1p1f1,2020,10,07,0.0,23.247526,9.797503,2020
2107,r10i1p1f1,2020,10,08,0.0,23.14298,6.9946065,2020
2108,r10i1p1f1,2020,10,09,0.0,25.481747,8.48107,2020
2109,r10i1p1f1,2020,10,10,0.0,25.149496,10.4599285,2020
2110,r10i1p1f1,2020,10,11,0.0,25.070107,9.218313,2020
2111,r10i1p1f1,2020,10,12,0.0,26.077541,12.485582,2020
2112,r10i1p1f1,2020,10,13,0.0,25.45918,9.412279,2020
2113,r10i1p1f1,2020,10,14,0.0,25.74115,9.031714,2020
2114,r10i1p1f1,2020,10,15,0.0,26.348032,11.446822,2020
2115,r10i1p1f1,2020,10,16,0.0,29.654268,10.43944,2020
2116,r10i1p1f1,2020,10,17,0.0,28.498487,15.53342,2020
2117,r10i1p1f1,2020,10,18,0.0,29.553585,13.349691,2020
2118,r10i1p1f1,2020,10,19,0.0,28.654007,14.749062,2020
2119,r10i1p1f1,2020,10,20,0.0,23.983784,11.061514,2020
2120,r10i1p1f1,2020,10,21,3.002766467096463,23.43644,12.105656,2020
2121,r10i1p1f1,2020,10,22,0.5408507121357712,24.29921,11.282171,2020
2122,r10i1p1f1,2020,10,23,0.0,23.93891,10.118453,2020
2123,r10i1p1f1,2020,10,24,0.0,23.682644,11.49566,2020
2124,r10i1p1f1,2020,10,25,0.0,22.80426,11.544919,2020
2125,r10i1p1f1,2020,10,26,36.51210038438685,21.77777,10.013577,2020
2126,r10i1p1f1,2020,10,27,45.43826824152156,15.267407,10.375869,2020
2127,r10i1p1f1,2020,10,28,39.65735952002242,16.555603,6.460547,2020
2128,r10i1p1f1,2020,10,29,0.12401779148556095,16.65112,4.115839,2020
2129,r10i1p1f1,2020,10,30,0.0,17.581436,7.494999,2020
2130,r10i1p1f1,2020,10,31,0.0,20.400787,7.919023,2020
2131,r10i1p1f1,2020,11,01,0.9049301497893075,21.41944,11.059578,2020
2132,r10i1p1f1,2020,11,02,0.0,15.999721,4.0794606,2020
2133,r10i1p1f1,2020,11,03,2.95021043859953,13.795769,5.106772,2020
2134,r10i1p1f1,2020,11,04,0.0,12.743142,1.1778256,2020
2135,r10i1p1f1,2020,11,05,0.0,12.627904,0.36977848,2020
2136,r10i1p1f1,2020,11,06,4.377508296383176,13.309159,2.488723,2020
2137,r10i1p1f1,2020,11,07,2.0612644391995243,11.98394,0.61050576,2020
2138,r10i1p1f1,2020,11,08,37.590213614136076,11.748364,5.1244903,2020
2139,r10i1p1f1,2020,11,09,16.458072937721706,10.953867,4.980966,2020
2140,r10i1p1f1,2020,11,10,0.3863013445927783,15.74739,4.7394376,2020
2141,r10i1p1f1,2020,11,11,0.0,14.895492,3.4887784,2020
2142,r10i1p1f1,2020,11,12,0.21984617414522004,13.498058,7.734428,2020
2143,r10i1p1f1,2020,11,13,0.0,14.338615,1.5329226,2020
2144,r10i1p1f1,2020,11,14,9.718775217334041,13.03493,3.2218266,2020
2145,r10i1p1f1,2020,11,15,15.095383199341564,11.455949,4.0859513,2020
2146,r10i1p1f1,2020,11,16,14.910151885277102,8.994988,3.4747872,2020
2147,r10i1p1f1,2020,11,17,2.120402461074072,10.452919,-0.17504641,2020
2148,r10i1p1f1,2020,11,18,3.153778253353697,11.103729,2.6050868,2020
2149,r10i1p1f1,2020,11,19,0.0,11.249833,-0.36343464,2020
2150,r10i1p1f1,2020,11,20,3.9223070467989216,10.653527,4.0639963,2020
2151,r10i1p1f1,2020,11,21,0.0,10.894839,-0.40389752,2020
2152,r10i1p1f1,2020,11,22,0.0,11.225452,-2.5415795,2020
2153,r10i1p1f1,2020,11,23,0.0,11.162573,0.5931005,2020
2154,r10i1p1f1,2020,11,24,7.792185856899443,9.783618,0.39600953,2020
2155,r10i1p1f1,2020,11,25,11.327923504110291,6.725521,2.3339384,2020
2156,r10i1p1f1,2020,11,26,1.279618917514151,11.432249,1.9668846,2020
2157,r10i1p1f1,2020,11,27,0.0,11.609146,-0.012065887,2020
2158,r10i1p1f1,2020,11,28,0.0,15.810768,2.81053,2020
2159,r10i1p1f1,2020,11,29,14.179411859367974,15.082231,3.1022956,2020
2160,r10i1p1f1,2020,11,30,0.15079564605002815,10.631579,4.9440956,2020
2161,r10i1p1f1,2020,12,01,41.557969469699614,12.446089,5.0198965,2020
2162,r10i1p1f1,2020,12,02,73.15043051004116,14.80946,9.964429,2020
2163,r10i1p1f1,2020,12,03,4.607146798745912,14.23014,8.533748,2020
2164,r10i1p1f1,2020,12,04,0.0,18.138538,4.8551097,2020
2165,r10i1p1f1,2020,12,05,0.0,17.892527,8.682326,2020
2166,r10i1p1f1,2020,12,06,0.4205973933686006,14.6863,8.15365,2020
2167,r10i1p1f1,2020,12,07,0.0,12.314491,2.5360177,2020
2168,r10i1p1f1,2020,12,08,0.0,11.507821,1.5753517,2020
2169,r10i1p1f1,2020,12,09,0.0,15.214637,3.1963263,2020
2170,r10i1p1f1,2020,12,10,0.0,14.851304,5.19698,2020
2171,r10i1p1f1,2020,12,11,0.0,16.733007,3.240506,2020
2172,r10i1p1f1,2020,12,12,0.0,17.170967,6.929678,2020
2173,r10i1p1f1,2020,12,13,0.0,18.024467,5.8698974,2020
2174,r10i1p1f1,2020,12,14,0.0,17.11261,5.10186,2020
2175,r10i1p1f1,2020,12,15,0.0,18.580246,5.580156,2020
2176,r10i1p1f1,2020,12,16,0.0,17.12732,6.33024,2020
2177,r10i1p1f1,2020,12,17,0.0,14.961189,7.241578,2020
2178,r10i1p1f1,2020,12,18,13.358619487093835,11.926094,4.1906996,2020
2179,r10i1p1f1,2020,12,19,26.32915607429918,9.148748,-0.6538787,2020
2180,r10i1p1f1,2020,12,20,18.945840863900806,3.2954016,-3.2219112,2020
2181,r10i1p1f1,2020,12,21,0.49012227745104037,-1.4730213,-7.6735373,2020
2182,r10i1p1f1,2020,12,22,0.0,-2.0976722,-12.499469,2020
2183,r10i1p1f1,2020,12,23,0.0,0.8205197,-12.438946,2020
2184,r10i1p1f1,2020,12,24,0.0,-0.9250789,-13.522565,2020
2185,r10i1p1f1,2020,12,25,0.0,2.2043867,-8.15937,2020
2186,r10i1p1f1,2020,12,26,0.358955403848277,3.6448452,-4.2523966,2020
2187,r10i1p1f1,2020,12,27,0.00419343686141809,3.5797405,-1.9122989,2020
2188,r10i1p1f1,2020,12,28,7.5551205611861265,7.4391255,-1.0093448,2020
2189,r10i1p1f1,2020,12,29,0.8272347238923765,9.161009,4.351463,2020
2190,r10i1p1f1,2020,12,30,41.4501246499927,10.1855345,4.4290113,2020
2191,r10i1p1f1,2020,12,31,28.182517273020686,10.40744,3.7589552,2020
2192,r10i1p1f1,2021,01,01,25.49550065213177,10.768211,4.6849327,2021
2193,r10i1p1f1,2021,01,02,99.44848745853002,11.938772,6.6607513,2021
2194,r10i1p1f1,2021,01,03,136.50414103176445,12.740961,2.0645783,2021
2195,r10i1p1f1,2021,01,04,4.801315761418616,6.699499,2.9397821,2021
2196,r10i1p1f1,2021,01,05,0.0,7.7789106,2.3913019,2021
2197,r10i1p1f1,2021,01,06,0.0,8.285027,0.68650675,2021
2198,r10i1p1f1,2021,01,07,0.0,8.791689,-2.7957923,2021
2199,r10i1p1f1,2021,01,08,0.0,8.124982,-3.541042,2021
2200,r10i1p1f1,2021,01,09,2.6517814625788705,6.6980624,-0.7634436,2021
2201,r10i1p1f1,2021,01,10,0.0,12.409508,0.2736702,2021
2202,r10i1p1f1,2021,01,11,0.0,14.716858,1.4041789,2021
2203,r10i1p1f1,2021,01,12,0.0,17.143927,3.5480545,2021
2204,r10i1p1f1,2021,01,13,0.0,16.138733,2.3188825,2021
2205,r10i1p1f1,2021,01,14,0.0,13.145467,1.6348923,2021
2206,r10i1p1f1,2021,01,15,0.0,12.117215,-0.04366463,2021
2207,r10i1p1f1,2021,01,16,0.0,5.903033,-4.3591676,2021
2208,r10i1p1f1,2021,01,17,0.0,8.42544,-3.791703,2021
2209,r10i1p1f1,2021,01,18,0.0,9.243001,-2.7971659,2021
2210,r10i1p1f1,2021,01,19,0.0,7.8616977,-3.6451802,2021
2211,r10i1p1f1,2021,01,20,0.0,1.8822072,-10.051276,2021
2212,r10i1p1f1,2021,01,21,0.0,-0.22732423,-10.416875,2021
2213,r10i1p1f1,2021,01,22,0.0,3.1419096,-7.91614,2021
2214,r10i1p1f1,2021,01,23,0.0,6.3687987,-4.77204,2021
2215,r10i1p1f1,2021,01,24,0.0,11.06094,-1.4722404,2021
2216,r10i1p1f1,2021,01,25,0.0,12.9247675,-0.035821814,2021
2217,r10i1p1f1,2021,01,26,0.0,11.207547,-0.24512602,2021
2218,r10i1p1f1,2021,01,27,0.0,11.979589,0.18891244,2021
2219,r10i1p1f1,2021,01,28,0.0,13.897046,2.0537167,2021
2220,r10i1p1f1,2021,01,29,0.0,13.391599,0.9978798,2021
2221,r10i1p1f1,2021,01,30,0.0,14.569507,-0.17219944,2021
2222,r10i1p1f1,2021,01,31,0.0,12.452481,-0.31399417,2021
2223,r10i1p1f1,2021,02,01,0.0,8.203011,-3.4229841,2021
2224,r10i1p1f1,2021,02,02,0.0,14.239817,-0.20557484,2021
2225,r10i1p1f1,2021,02,03,0.0,17.357908,3.24712,2021
2226,r10i1p1f1,2021,02,04,0.0,18.241259,3.9771142,2021
2227,r10i1p1f1,2021,02,05,0.0,17.83248,6.3975277,2021
2228,r10i1p1f1,2021,02,06,0.0,15.78033,2.9838684,2021
2229,r10i1p1f1,2021,02,07,0.0,15.352934,2.9387841,2021
2230,r10i1p1f1,2021,02,08,0.21877386291778653,17.322964,5.0275474,2021
2231,r10i1p1f1,2021,02,09,0.0,20.217941,5.331135,2021
2232,r10i1p1f1,2021,02,10,0.0,22.384464,7.256175,2021
2233,r10i1p1f1,2021,02,11,0.0,21.367945,7.275644,2021
2234,r10i1p1f1,2021,02,12,0.0,19.505062,6.3882127,2021
2235,r10i1p1f1,2021,02,13,0.0,17.684162,4.8149657,2021
2236,r10i1p1f1,2021,02,14,0.0,18.294584,4.5919695,2021
2237,r10i1p1f1,2021,02,15,0.0,20.1305,7.318426,2021
2238,r10i1p1f1,2021,02,16,0.0,19.443617,6.7754707,2021
2239,r10i1p1f1,2021,02,17,0.0,17.538616,5.6734567,2021
2240,r10i1p1f1,2021,02,18,0.0,16.544508,3.9292667,2021
2241,r10i1p1f1,2021,02,19,0.0,21.33719,7.1727953,2021
2242,r10i1p1f1,2021,02,20,0.0,20.188665,7.0125084,2021
2243,r10i1p1f1,2021,02,21,0.0,19.051794,7.5292583,2021
2244,r10i1p1f1,2021,02,22,0.0,18.422518,6.1646805,2021
2245,r10i1p1f1,2021,02,23,0.0,19.901104,4.816681,2021
2246,r10i1p1f1,2021,02,24,0.0,21.831161,6.938447,2021
2247,r10i1p1f1,2021,02,25,0.0,21.902765,8.620453,2021
2248,r10i1p1f1,2021,02,26,0.0,22.05159,8.812532,2021
2249,r10i1p1f1,2021,02,27,0.0,23.281858,10.661914,2021
2250,r10i1p1f1,2021,02,28,0.0,24.605556,11.796237,2021
2251,r10i1p1f1,2021,03,01,0.0,26.142828,8.72422,2021
2252,r10i1p1f1,2021,03,02,0.0,23.917412,7.94352,2021
2253,r10i1p1f1,2021,03,03,0.0,21.950432,8.830851,2021
2254,r10i1p1f1,2021,03,04,26.912138633135903,15.831703,2.3335578,2021
2255,r10i1p1f1,2021,03,05,66.7962747344159,10.165982,3.8561177,2021
2256,r10i1p1f1,2021,03,06,67.93113569300131,11.420779,6.4509406,2021
2257,r10i1p1f1,2021,03,07,55.47356285540828,13.436071,7.158668,2021
2258,r10i1p1f1,2021,03,08,5.475788935904061,12.842794,5.786353,2021
2259,r10i1p1f1,2021,03,09,0.10960557124474833,13.237922,2.578118,2021
2260,r10i1p1f1,2021,03,10,29.707338374512467,11.0252075,3.1812873,2021
2261,r10i1p1f1,2021,03,11,25.887757065663067,11.862847,5.580894,2021
2262,r10i1p1f1,2021,03,12,30.67728345539715,9.827945,1.8545796,2021
2263,r10i1p1f1,2021,03,13,0.5331680392517132,10.469612,0.13266593,2021
2264,r10i1p1f1,2021,03,14,0.0,16.121582,-0.18128686,2021
2265,r10i1p1f1,2021,03,15,0.0,16.191198,2.5141354,2021
2266,r10i1p1f1,2021,03,16,11.973079351867598,11.253236,2.3122346,2021
2267,r10i1p1f1,2021,03,17,26.319851074061404,7.283163,1.270313,2021
2268,r10i1p1f1,2021,03,18,0.0,12.673267,-1.7480923,2021
2269,r10i1p1f1,2021,03,19,0.006841653329932964,12.238209,0.7542528,2021
2270,r10i1p1f1,2021,03,20,0.296873280887523,11.799007,2.1055841,2021
2271,r10i1p1f1,2021,03,21,0.0,14.622758,0.3835138,2021
2272,r10i1p1f1,2021,03,22,0.0,15.171286,-0.5902997,2021
2273,r10i1p1f1,2021,03,23,26.06681646613747,9.959008,2.0288908,2021
2274,r10i1p1f1,2021,03,24,49.74518260293591,10.784992,2.0583763,2021
2275,r10i1p1f1,2021,03,25,12.236285143904082,11.25513,5.383722,2021
2276,r10i1p1f1,2021,03,26,3.1779659101079902,9.624965,3.340743,2021
2277,r10i1p1f1,2021,03,27,4.442608042001283,10.296399,4.366825,2021
2278,r10i1p1f1,2021,03,28,29.372343276458867,9.41644,-2.038055,2021
2279,r10i1p1f1,2021,03,29,2.925606729887046,8.475987,-0.077188194,2021
2280,r10i1p1f1,2021,03,30,0.0,12.352628,1.6252471,2021
2281,r10i1p1f1,2021,03,31,0.0,16.464115,-1.1519309,2021
2282,r10i1p1f1,2021,04,01,0.0,20.096691,3.3928869,2021
2283,r10i1p1f1,2021,04,02,0.0,21.899656,5.372194,2021
2284,r10i1p1f1,2021,04,03,2.3094311210642395,17.165924,5.012908,2021
2285,r10i1p1f1,2021,04,04,15.304669444020348,12.427295,6.45467,2021
2286,r10i1p1f1,2021,04,05,1.3445115622169779,11.080585,4.7502785,2021
2287,r10i1p1f1,2021,04,06,0.26578851282369886,13.83251,4.500405,2021
2288,r10i1p1f1,2021,04,07,0.08259601019840614,13.231189,5.8410306,2021
2289,r10i1p1f1,2021,04,08,36.35317484333523,14.116483,4.4975634,2021
2290,r10i1p1f1,2021,04,09,0.0,15.081225,5.412304,2021
2291,r10i1p1f1,2021,04,10,1.386479029827713,14.935122,4.8328133,2021
2292,r10i1p1f1,2021,04,11,31.2113889131548,13.269673,4.57496,2021
2293,r10i1p1f1,2021,04,12,13.89276331273753,9.667011,3.7911265,2021
2294,r10i1p1f1,2021,04,13,0.04702794277890414,14.948796,2.979721,2021
2295,r10i1p1f1,2021,04,14,0.8804901104883213,15.425572,0.060761902,2021
2296,r10i1p1f1,2021,04,15,0.08626473897349665,18.306175,3.8529506,2021
2297,r10i1p1f1,2021,04,16,0.0,18.488674,6.0780945,2021
2298,r10i1p1f1,2021,04,17,0.0,17.405987,5.2095113,2021
2299,r10i1p1f1,2021,04,18,0.0,21.031872,4.8141704,2021
2300,r10i1p1f1,2021,04,19,0.0,23.375254,7.919224,2021
2301,r10i1p1f1,2021,04,20,0.0,26.605007,10.258674,2021
2302,r10i1p1f1,2021,04,21,0.0,28.41064,12.270441,2021
2303,r10i1p1f1,2021,04,22,0.0,28.824064,13.208017,2021
2304,r10i1p1f1,2021,04,23,0.0,26.287561,13.2472925,2021
2305,r10i1p1f1,2021,04,24,0.0,27.157185,13.024304,2021
2306,r10i1p1f1,2021,04,25,0.0,26.083746,12.502639,2021
2307,r10i1p1f1,2021,04,26,0.0,21.441309,10.838655,2021
2308,r10i1p1f1,2021,04,27,0.5826956502137124,19.835669,7.1392245,2021
2309,r10i1p1f1,2021,04,28,11.676726568265096,15.042061,6.1328354,2021
2310,r10i1p1f1,2021,04,29,0.0,17.162823,5.796394,2021
2311,r10i1p1f1,2021,04,30,0.0,23.807457,7.7026706,2021
2312,r10i1p1f1,2021,05,01,0.0,25.760893,10.607135,2021
2313,r10i1p1f1,2021,05,02,0.0,24.428583,9.772857,2021
2314,r10i1p1f1,2021,05,03,0.0,21.26868,10.3180895,2021
2315,r10i1p1f1,2021,05,04,0.0,17.215822,5.7574525,2021
2316,r10i1p1f1,2021,05,05,0.0,23.172997,7.455374,2021
2317,r10i1p1f1,2021,05,06,0.0,25.112656,10.724628,2021
2318,r10i1p1f1,2021,05,07,0.0,25.492966,10.197309,2021
2319,r10i1p1f1,2021,05,08,0.024185918358087196,26.515253,10.7661085,2021
2320,r10i1p1f1,2021,05,09,0.0,24.481579,10.94888,2021
2321,r10i1p1f1,2021,05,10,0.0,23.775572,9.86718,2021
2322,r10i1p1f1,2021,05,11,0.45112375866402116,15.709297,6.503808,2021
2323,r10i1p1f1,2021,05,12,5.360235882859629,13.737948,2.3040662,2021
2324,r10i1p1f1,2021,05,13,22.791490486308344,8.812131,2.1693375,2021
2325,r10i1p1f1,2021,05,14,0.09765792366172384,17.289734,0.6421868,2021
2326,r10i1p1f1,2021,05,15,0.01252541362047946,17.98974,1.8925,2021
2327,r10i1p1f1,2021,05,16,0.05933435566739239,17.58634,6.9792175,2021
2328,r10i1p1f1,2021,05,17,0.15935968710293405,16.976303,7.927733,2021
2329,r10i1p1f1,2021,05,18,0.0,18.629705,5.573241,2021
2330,r10i1p1f1,2021,05,19,0.0,23.340008,6.9979386,2021
2331,r10i1p1f1,2021,05,20,0.0,27.661274,10.418646,2021
2332,r10i1p1f1,2021,05,21,0.0,28.481056,10.799407,2021
2333,r10i1p1f1,2021,05,22,0.0,27.808914,11.267128,2021
2334,r10i1p1f1,2021,05,23,0.0,27.103704,10.60728,2021
2335,r10i1p1f1,2021,05,24,3.7553608109264083,21.449497,7.5706763,2021
2336,r10i1p1f1,2021,05,25,25.186284662509262,18.39823,6.4050374,2021
2337,r10i1p1f1,2021,05,26,0.0,25.000137,9.301557,2021
2338,r10i1p1f1,2021,05,27,0.0,29.280363,12.111822,2021
2339,r10i1p1f1,2021,05,28,0.0,29.925531,13.675246,2021
2340,r10i1p1f1,2021,05,29,0.0,29.613337,15.992284,2021
2341,r10i1p1f1,2021,05,30,0.0,25.917397,9.368512,2021
2342,r10i1p1f1,2021,05,31,0.0,30.10199,13.709569,2021
2343,r10i1p1f1,2021,06,01,0.0,29.372639,13.681981,2021
2344,r10i1p1f1,2021,06,02,0.0,20.865463,9.077319,2021
2345,r10i1p1f1,2021,06,03,0.0,21.968164,5.2498345,2021
2346,r10i1p1f1,2021,06,04,0.0,22.256916,5.332879,2021
2347,r10i1p1f1,2021,06,05,0.0,24.667358,6.4975123,2021
2348,r10i1p1f1,2021,06,06,0.0,24.280195,6.9394474,2021
2349,r10i1p1f1,2021,06,07,0.0,21.723597,5.676001,2021
2350,r10i1p1f1,2021,06,08,0.0,23.266586,5.791585,2021
2351,r10i1p1f1,2021,06,09,0.0,23.255888,6.144906,2021
2352,r10i1p1f1,2021,06,10,0.0,20.272772,4.588975,2021
2353,r10i1p1f1,2021,06,11,0.0,25.025932,6.3261185,2021
2354,r10i1p1f1,2021,06,12,0.0,30.594543,10.576174,2021
2355,r10i1p1f1,2021,06,13,0.0,31.761723,14.078412,2021
2356,r10i1p1f1,2021,06,14,0.0,35.129345,17.449,2021
2357,r10i1p1f1,2021,06,15,0.0,34.12146,16.663439,2021
2358,r10i1p1f1,2021,06,16,0.0,34.682648,19.082209,2021
2359,r10i1p1f1,2021,06,17,0.0,36.48336,20.564457,2021
2360,r10i1p1f1,2021,06,18,0.0,36.97997,18.07783,2021
2361,r10i1p1f1,2021,06,19,0.0,30.075232,14.817848,2021
2362,r10i1p1f1,2021,06,20,0.0,28.172903,14.056923,2021
2363,r10i1p1f1,2021,06,21,0.0,29.714392,12.120927,2021
2364,r10i1p1f1,2021,06,22,0.0,31.250746,14.584667,2021
2365,r10i1p1f1,2021,06,23,0.0,30.435595,14.750951,2021
2366,r10i1p1f1,2021,06,24,0.0,34.644356,17.828072,2021
2367,r10i1p1f1,2021,06,25,2.771410590934178,27.772354,11.252034,2021
2368,r10i1p1f1,2021,06,26,2.5847614876846294,31.135798,13.403999,2021
2369,r10i1p1f1,2021,06,27,0.0,36.3305,19.886538,2021
2370,r10i1p1f1,2021,06,28,1.4897196015908776,33.479115,18.349707,2021
2371,r10i1p1f1,2021,06,29,0.0,32.361732,19.618578,2021
2372,r10i1p1f1,2021,06,30,0.0,31.587387,15.537683,2021
2373,r10i1p1f1,2021,07,01,0.0,32.543903,16.933187,2021
2374,r10i1p1f1,2021,07,02,1.1779314625958872,33.09955,17.587706,2021
2375,r10i1p1f1,2021,07,03,0.0,30.670622,14.342746,2021
2376,r10i1p1f1,2021,07,04,0.0,32.65182,15.368187,2021
2377,r10i1p1f1,2021,07,05,0.0,33.229187,16.8593,2021
2378,r10i1p1f1,2021,07,06,0.0,31.876175,16.070215,2021
2379,r10i1p1f1,2021,07,07,0.0,29.591354,13.462123,2021
2380,r10i1p1f1,2021,07,08,0.0,27.2232,11.993828,2021
2381,r10i1p1f1,2021,07,09,0.0,33.127945,13.584269,2021
2382,r10i1p1f1,2021,07,10,0.0,36.612823,17.572788,2021
2383,r10i1p1f1,2021,07,11,0.0,36.213104,19.200994,2021
2384,r10i1p1f1,2021,07,12,0.0,37.253952,21.218887,2021
2385,r10i1p1f1,2021,07,13,0.0,36.783016,21.657465,2021
2386,r10i1p1f1,2021,07,14,0.0,34.67901,18.670366,2021
2387,r10i1p1f1,2021,07,15,0.0,33.207924,16.618917,2021
2388,r10i1p1f1,2021,07,16,0.0,30.803734,14.1026325,2021
2389,r10i1p1f1,2021,07,17,0.0,31.198849,13.564113,2021
2390,r10i1p1f1,2021,07,18,0.0,29.95343,13.78258,2021
2391,r10i1p1f1,2021,07,19,0.0,31.47968,13.810122,2021
2392,r10i1p1f1,2021,07,20,0.0,33.680378,15.922742,2021
2393,r10i1p1f1,2021,07,21,0.0,36.45169,17.161665,2021
2394,r10i1p1f1,2021,07,22,0.0,35.99466,18.745981,2021
2395,r10i1p1f1,2021,07,23,0.012291620623727795,35.48131,18.414223,2021
2396,r10i1p1f1,2021,07,24,0.0,34.25305,18.45175,2021
2397,r10i1p1f1,2021,07,25,0.0,32.898422,15.735023,2021
2398,r10i1p1f1,2021,07,26,0.0,34.035675,16.874662,2021
2399,r10i1p1f1,2021,07,27,0.05127106593901867,32.251717,16.55164,2021
2400,r10i1p1f1,2021,07,28,0.0,32.491894,15.248474,2021
2401,r10i1p1f1,2021,07,29,0.0,33.73738,15.750989,2021
2402,r10i1p1f1,2021,07,30,0.0,34.48306,16.246069,2021
2403,r10i1p1f1,2021,07,31,0.0,36.484947,17.053738,2021
2404,r10i1p1f1,2021,08,01,0.0,37.864376,19.3619,2021
2405,r10i1p1f1,2021,08,02,0.0,37.960983,19.25902,2021
2406,r10i1p1f1,2021,08,03,0.0,37.031273,20.231678,2021
2407,r10i1p1f1,2021,08,04,0.0,35.30403,18.374153,2021
2408,r10i1p1f1,2021,08,05,0.0,34.40962,18.672314,2021
2409,r10i1p1f1,2021,08,06,0.0,33.507645,16.56614,2021
2410,r10i1p1f1,2021,08,07,0.0,32.83569,16.974344,2021
2411,r10i1p1f1,2021,08,08,0.0,31.361038,15.055754,2021
2412,r10i1p1f1,2021,08,09,0.0,31.957083,15.753389,2021
2413,r10i1p1f1,2021,08,10,0.0,32.242855,14.920749,2021
2414,r10i1p1f1,2021,08,11,0.0,34.661148,15.497136,2021
2415,r10i1p1f1,2021,08,12,0.0,35.01987,16.73002,2021
2416,r10i1p1f1,2021,08,13,0.0,35.871597,16.807182,2021
2417,r10i1p1f1,2021,08,14,0.0,36.758507,17.101526,2021
2418,r10i1p1f1,2021,08,15,0.0,36.832123,18.85586,2021
2419,r10i1p1f1,2021,08,16,0.0,37.214912,19.390512,2021
2420,r10i1p1f1,2021,08,17,0.0,36.945858,20.058256,2021
2421,r10i1p1f1,2021,08,18,0.0,37.063236,20.009558,2021
2422,r10i1p1f1,2021,08,19,0.0,35.623848,18.442566,2021
2423,r10i1p1f1,2021,08,20,0.0,34.337242,16.577631,2021
2424,r10i1p1f1,2021,08,21,0.0,33.23691,16.755867,2021
2425,r10i1p1f1,2021,08,22,0.0,34.61315,17.23146,2021
2426,r10i1p1f1,2021,08,23,0.0,35.925488,19.601768,2021
2427,r10i1p1f1,2021,08,24,0.0,38.767883,19.79541,2021
2428,r10i1p1f1,2021,08,25,0.0,39.591248,21.66887,2021
2429,r10i1p1f1,2021,08,26,0.0,40.23373,24.11048,2021
2430,r10i1p1f1,2021,08,27,0.0,38.14029,23.191334,2021
2431,r10i1p1f1,2021,08,28,0.0,37.922657,20.04869,2021
2432,r10i1p1f1,2021,08,29,0.0,37.13995,21.990015,2021
2433,r10i1p1f1,2021,08,30,0.0,36.39763,19.92247,2021
2434,r10i1p1f1,2021,08,31,0.0,34.518604,17.562315,2021
2435,r10i1p1f1,2021,09,01,0.0,35.106907,19.412638,2021
2436,r10i1p1f1,2021,09,02,0.0,34.50962,19.605572,2021
2437,r10i1p1f1,2021,09,03,0.0,36.183735,19.767231,2021
2438,r10i1p1f1,2021,09,04,0.0,36.480705,20.816795,2021
2439,r10i1p1f1,2021,09,05,0.0,37.081043,18.826128,2021
2440,r10i1p1f1,2021,09,06,0.0,38.555767,21.11303,2021
2441,r10i1p1f1,2021,09,07,0.0,37.942257,22.451675,2021
2442,r10i1p1f1,2021,09,08,0.0,39.351795,22.599136,2021
2443,r10i1p1f1,2021,09,09,0.0,38.666943,20.669031,2021
2444,r10i1p1f1,2021,09,10,0.0,37.103092,19.804909,2021
2445,r10i1p1f1,2021,09,11,0.0,36.678318,21.446205,2021
2446,r10i1p1f1,2021,09,12,0.0,35.790844,21.170631,2021
2447,r10i1p1f1,2021,09,13,0.0,34.32506,20.74944,2021
2448,r10i1p1f1,2021,09,14,0.0,33.818363,17.58424,2021
2449,r10i1p1f1,2021,09,15,0.0,35.6598,20.435326,2021
2450,r10i1p1f1,2021,09,16,0.0,37.724724,20.553143,2021
2451,r10i1p1f1,2021,09,17,0.0,37.330914,21.930292,2021
2452,r10i1p1f1,2021,09,18,0.0,34.043266,20.219893,2021
2453,r10i1p1f1,2021,09,19,0.0,33.642292,17.152504,2021
2454,r10i1p1f1,2021,09,20,0.0,31.212866,17.385748,2021
2455,r10i1p1f1,2021,09,21,0.0,28.298105,12.429077,2021
2456,r10i1p1f1,2021,09,22,0.000534924855568725,17.773716,3.7703037,2021
2457,r10i1p1f1,2021,09,23,0.0,20.471096,6.0205297,2021
2458,r10i1p1f1,2021,09,24,1.2503789924554247,20.597666,6.5392947,2021
2459,r10i1p1f1,2021,09,25,0.0,21.023016,5.80607,2021
2460,r10i1p1f1,2021,09,26,0.0,25.338097,8.165439,2021
2461,r10i1p1f1,2021,09,27,0.0,29.169508,10.306307,2021
2462,r10i1p1f1,2021,09,28,0.0,31.852154,13.284518,2021
2463,r10i1p1f1,2021,09,29,0.0,32.822304,14.372451,2021
2464,r10i1p1f1,2021,09,30,0.0,34.38958,15.721123,2021
2465,r10i1p1f1,2021,10,01,0.0,34.3177,18.742273,2021
2466,r10i1p1f1,2021,10,02,0.0,32.091537,17.54086,2021
2467,r10i1p1f1,2021,10,03,0.0,27.817286,11.304015,2021
2468,r10i1p1f1,2021,10,04,0.0,29.37676,14.472654,2021
2469,r10i1p1f1,2021,10,05,0.0,28.66463,14.621216,2021
2470,r10i1p1f1,2021,10,06,0.0,26.106848,12.111359,2021
2471,r10i1p1f1,2021,10,07,0.0,29.87225,10.8778105,2021
2472,r10i1p1f1,2021,10,08,0.0,29.160198,14.0732,2021
2473,r10i1p1f1,2021,10,09,0.0,30.555777,14.238084,2021
2474,r10i1p1f1,2021,10,10,0.0,30.00023,13.051436,2021
2475,r10i1p1f1,2021,10,11,0.0,28.85817,14.630402,2021
2476,r10i1p1f1,2021,10,12,0.0,29.800219,15.567219,2021
2477,r10i1p1f1,2021,10,13,0.0,29.583956,14.95795,2021
2478,r10i1p1f1,2021,10,14,0.0,30.248985,15.116277,2021
2479,r10i1p1f1,2021,10,15,0.0,31.392218,12.9393015,2021
2480,r10i1p1f1,2021,10,16,0.0,31.913061,14.952463,2021
2481,r10i1p1f1,2021,10,17,0.0,32.63042,16.286715,2021
2482,r10i1p1f1,2021,10,18,0.0,31.392302,17.678335,2021
2483,r10i1p1f1,2021,10,19,0.19291378106285456,30.826014,16.70461,2021
2484,r10i1p1f1,2021,10,20,0.0,27.275162,13.181875,2021
2485,r10i1p1f1,2021,10,21,0.0,22.997564,9.797036,2021
2486,r10i1p1f1,2021,10,22,6.59622793778238,22.167885,9.983862,2021
2487,r10i1p1f1,2021,10,23,0.0,22.993343,5.249365,2021
2488,r10i1p1f1,2021,10,24,0.0,25.446518,7.73307,2021
2489,r10i1p1f1,2021,10,25,0.0,26.025629,11.233228,2021
2490,r10i1p1f1,2021,10,26,0.0,25.408653,12.376215,2021
2491,r10i1p1f1,2021,10,27,0.0,24.668308,11.289258,2021
2492,r10i1p1f1,2021,10,28,0.0,25.553589,10.145142,2021
2493,r10i1p1f1,2021,10,29,0.0,25.738123,10.622608,2021
2494,r10i1p1f1,2021,10,30,0.0,25.214865,10.4435425,2021
2495,r10i1p1f1,2021,10,31,0.0,24.033522,10.5117445,2021
2496,r10i1p1f1,2021,11,01,0.0,26.278494,8.705795,2021
2497,r10i1p1f1,2021,11,02,0.0,23.017273,8.746834,2021
2498,r10i1p1f1,2021,11,03,0.0,16.63572,4.986357,2021
2499,r10i1p1f1,2021,11,04,0.0,16.386976,5.054048,2021
2500,r10i1p1f1,2021,11,05,0.0,21.52257,8.255634,2021
2501,r10i1p1f1,2021,11,06,0.0,24.710888,10.216134,2021
2502,r10i1p1f1,2021,11,07,0.01350307618275493,23.220467,8.880334,2021
2503,r10i1p1f1,2021,11,08,0.0,20.476599,9.07105,2021
2504,r10i1p1f1,2021,11,09,0.0,21.3871,6.6245136,2021
2505,r10i1p1f1,2021,11,10,0.0,22.92244,8.508647,2021
2506,r10i1p1f1,2021,11,11,0.0,25.04619,7.6481147,2021
2507,r10i1p1f1,2021,11,12,0.0,25.479546,10.720294,2021
2508,r10i1p1f1,2021,11,13,0.0,25.702824,7.7014384,2021
2509,r10i1p1f1,2021,11,14,0.0,25.225214,8.039675,2021
2510,r10i1p1f1,2021,11,15,0.0,24.926746,8.988462,2021
2511,r10i1p1f1,2021,11,16,0.0,23.866444,9.403172,2021
2512,r10i1p1f1,2021,11,17,0.0,24.736677,8.95418,2021
2513,r10i1p1f1,2021,11,18,0.0,21.859015,6.9620547,2021
2514,r10i1p1f1,2021,11,19,0.0,20.233414,8.564991,2021
2515,r10i1p1f1,2021,11,20,6.326818925127124,18.605415,7.9501534,2021
2516,r10i1p1f1,2021,11,21,1.4482453311230576,9.96269,0.610987,2021
2517,r10i1p1f1,2021,11,22,0.654804619415173,10.150776,0.53434354,2021
2518,r10i1p1f1,2021,11,23,0.0,10.421175,-1.5153748,2021
2519,r10i1p1f1,2021,11,24,11.022368355502534,9.857663,3.1130402,2021
2520,r10i1p1f1,2021,11,25,30.95559516743953,12.060674,5.761808,2021
2521,r10i1p1f1,2021,11,26,4.663821260847774,11.132939,3.8607361,2021
2522,r10i1p1f1,2021,11,27,3.848017380594109,6.6068406,-0.47421828,2021
2523,r10i1p1f1,2021,11,28,34.42393893523044,11.214442,0.8886506,2021
2524,r10i1p1f1,2021,11,29,29.60075384287752,13.405937,5.7881083,2021
2525,r10i1p1f1,2021,11,30,21.21336258990739,13.342143,8.10567,2021
2526,r10i1p1f1,2021,12,01,49.870058562067385,14.142529,8.751705,2021
2527,r10i1p1f1,2021,12,02,0.0,12.263557,1.9002459,2021
2528,r10i1p1f1,2021,12,03,0.13323933939988675,11.37043,2.0860324,2021
2529,r10i1p1f1,2021,12,04,0.0,13.792564,2.7251596,2021
2530,r10i1p1f1,2021,12,05,0.0,12.743896,0.46585503,2021
2531,r10i1p1f1,2021,12,06,10.600802691279616,9.988182,3.5245948,2021
2532,r10i1p1f1,2021,12,07,2.331314495552904,8.696773,3.7075372,2021
2533,r10i1p1f1,2021,12,08,57.56746161251182,9.243772,3.9210887,2021
2534,r10i1p1f1,2021,12,09,22.239842064338614,8.719197,1.769457,2021
2535,r10i1p1f1,2021,12,10,0.0,12.028182,-0.0060095536,2021
2536,r10i1p1f1,2021,12,11,0.0,11.612603,1.9110686,2021
2537,r10i1p1f1,2021,12,12,0.0,11.74226,3.9666412,2021
2538,r10i1p1f1,2021,12,13,0.0,11.837692,1.8239998,2021
2539,r10i1p1f1,2021,12,14,0.0,13.096373,3.4915206,2021
2540,r10i1p1f1,2021,12,15,19.849002472811232,10.360827,4.6621976,2021
2541,r10i1p1f1,2021,12,16,0.0,10.579191,2.9497395,2021
2542,r10i1p1f1,2021,12,17,7.847976736689145,9.194568,1.7601016,2021
2543,r10i1p1f1,2021,12,18,0.0,12.220867,1.0082823,2021
2544,r10i1p1f1,2021,12,19,10.5494204199395,9.651171,1.7320445,2021
2545,r10i1p1f1,2021,12,20,0.15269607614946404,7.2416544,-0.18297999,2021
2546,r10i1p1f1,2021,12,21,14.673920591686558,7.810884,1.6092799,2021
2547,r10i1p1f1,2021,12,22,0.0,7.2606263,-2.8358033,2021
2548,r10i1p1f1,2021,12,23,0.0,9.744775,-0.44780993,2021
2549,r10i1p1f1,2021,12,24,0.0,14.750789,0.017578928,2021
2550,r10i1p1f1,2021,12,25,0.0,14.970369,2.264091,2021
2551,r10i1p1f1,2021,12,26,0.0,16.506859,5.6145678,2021
2552,r10i1p1f1,2021,12,27,0.0,17.980846,3.993817,2021
2553,r10i1p1f1,2021,12,28,0.0,15.719775,3.6675487,2021
2554,r10i1p1f1,2021,12,29,3.0421412954781677,14.884608,3.2843075,2021
2555,r10i1p1f1,2021,12,30,19.184035826995235,6.1658916,-0.4128115,2021
2556,r10i1p1f1,2021,12,31,13.491051771224624,3.814283,-1.9056655,2021
2557,r10i1p1f1,2022,01,01,24.210822354469105,4.9062905,-2.1666946,2022
2558,r10i1p1f1,2022,01,02,23.349584243719857,4.9697385,-0.321531,2022
2559,r10i1p1f1,2022,01,03,0.1595430517466555,7.4165354,-2.173147,2022
2560,r10i1p1f1,2022,01,04,20.576710128807463,6.7628136,-5.2810974,2022
2561,r10i1p1f1,2022,01,05,95.20218987385498,9.731938,3.2926593,2022
2562,r10i1p1f1,2022,01,06,45.915087231888286,11.923359,6.0299215,2022
2563,r10i1p1f1,2022,01,07,0.729069318687212,11.183825,2.7718232,2022
2564,r10i1p1f1,2022,01,08,0.0,12.783354,1.9757013,2022
2565,r10i1p1f1,2022,01,09,20.591214327080372,11.79357,4.493712,2022
2566,r10i1p1f1,2022,01,10,0.0,14.609357,2.685571,2022
2567,r10i1p1f1,2022,01,11,0.06319222794014709,13.422976,2.6504679,2022
2568,r10i1p1f1,2022,01,12,0.0,7.019563,-2.690822,2022
2569,r10i1p1f1,2022,01,13,0.0,7.725244,-3.2475262,2022
2570,r10i1p1f1,2022,01,14,10.217863743309863,4.437738,-2.6735678,2022
2571,r10i1p1f1,2022,01,15,0.0,4.621121,-0.56953573,2022
2572,r10i1p1f1,2022,01,16,0.0,6.9086337,-4.3264456,2022
2573,r10i1p1f1,2022,01,17,0.0,7.2097793,-3.894945,2022
2574,r10i1p1f1,2022,01,18,1.3871367251914835,8.799145,-0.6700658,2022
2575,r10i1p1f1,2022,01,19,21.93638018644905,9.460913,0.6835002,2022
2576,r10i1p1f1,2022,01,20,23.28531925051816,10.47256,5.044754,2022
2577,r10i1p1f1,2022,01,21,38.7224783278438,13.048984,5.9301076,2022
2578,r10i1p1f1,2022,01,22,9.299066749870116,10.0957155,5.167542,2022
2579,r10i1p1f1,2022,01,23,2.3852819916531813,10.737771,5.0744276,2022
2580,r10i1p1f1,2022,01,24,0.0,15.063817,3.3830438,2022
2581,r10i1p1f1,2022,01,25,0.0,14.69593,2.130974,2022
2582,r10i1p1f1,2022,01,26,0.0,15.991941,3.3718414,2022
2583,r10i1p1f1,2022,01,27,0.0,20.360146,7.1321983,2022
2584,r10i1p1f1,2022,01,28,0.0,23.243612,10.493248,2022
2585,r10i1p1f1,2022,01,29,0.0,22.312323,10.795479,2022
2586,r10i1p1f1,2022,01,30,0.24990450590753185,20.646317,10.298819,2022
2587,r10i1p1f1,2022,01,31,1.1380092980911478,15.792148,10.409564,2022
2588,r10i1p1f1,2022,02,01,0.0,17.564478,5.8656178,2022
2589,r10i1p1f1,2022,02,02,0.0,21.730188,6.239463,2022
2590,r10i1p1f1,2022,02,03,0.0,18.74901,7.1385155,2022
2591,r10i1p1f1,2022,02,04,0.0,15.49266,3.0088634,2022
2592,r10i1p1f1,2022,02,05,0.0,10.82059,-1.8435555,2022
2593,r10i1p1f1,2022,02,06,0.0,14.761439,1.1139809,2022
2594,r10i1p1f1,2022,02,07,0.0,15.435892,2.1187947,2022
2595,r10i1p1f1,2022,02,08,0.0,14.429037,1.7507252,2022
2596,r10i1p1f1,2022,02,09,9.837617865674762,11.592088,6.7700934,2022
2597,r10i1p1f1,2022,02,10,0.0,15.689731,3.5674407,2022
2598,r10i1p1f1,2022,02,11,23.396966746689653,13.797574,6.663408,2022
2599,r10i1p1f1,2022,02,12,6.9532314388868,13.9833,10.301262,2022
2600,r10i1p1f1,2022,02,13,3.9483819086327507,18.915674,7.423364,2022
2601,r10i1p1f1,2022,02,14,0.0,21.42478,8.311913,2022
2602,r10i1p1f1,2022,02,15,0.0,19.802156,8.340165,2022
2603,r10i1p1f1,2022,02,16,1.8042617903000446,18.929846,7.8128347,2022
2604,r10i1p1f1,2022,02,17,0.20425221425141085,22.623451,8.43146,2022
2605,r10i1p1f1,2022,02,18,0.009342285059239274,20.483421,8.007478,2022
2606,r10i1p1f1,2022,02,19,0.12061419511155691,18.537642,7.267224,2022
2607,r10i1p1f1,2022,02,20,0.7160580137631194,15.526261,8.069864,2022
2608,r10i1p1f1,2022,02,21,0.0024911343643907458,14.543349,6.862531,2022
2609,r10i1p1f1,2022,02,22,0.10717250529763221,13.889381,3.5192661,2022
2610,r10i1p1f1,2022,02,23,44.89282190334052,10.514825,5.4128556,2022
2611,r10i1p1f1,2022,02,24,10.550226310978791,9.08845,-0.6097041,2022
2612,r10i1p1f1,2022,02,25,0.0,9.784671,-0.21413964,2022
2613,r10i1p1f1,2022,02,26,0.0,10.229567,0.63724136,2022
2614,r10i1p1f1,2022,02,27,4.8387211776954295,8.78932,0.28237754,2022
2615,r10i1p1f1,2022,02,28,16.74428479684713,8.95148,0.89637357,2022
2616,r10i1p1f1,2022,03,01,3.386067692803121,8.650839,1.1859673,2022
2617,r10i1p1f1,2022,03,02,0.0,12.735939,1.5767467,2022
2618,r10i1p1f1,2022,03,03,0.0,14.430767,2.9745076,2022
2619,r10i1p1f1,2022,03,04,9.12013344809805,13.762446,3.921439,2022
2620,r10i1p1f1,2022,03,05,6.939196772375573,10.847109,5.1601877,2022
2621,r10i1p1f1,2022,03,06,4.057760382171469,14.97217,3.7865207,2022
2622,r10i1p1f1,2022,03,07,0.0,17.157368,3.2207763,2022
2623,r10i1p1f1,2022,03,08,0.0,17.31026,4.3048162,2022
2624,r10i1p1f1,2022,03,09,0.0,17.642736,1.9588073,2022
2625,r10i1p1f1,2022,03,10,4.305977426280917,15.896419,3.46016,2022
2626,r10i1p1f1,2022,03,11,0.47594851921052106,10.816151,3.331101,2022
2627,r10i1p1f1,2022,03,12,0.0,19.489174,1.276324,2022
2628,r10i1p1f1,2022,03,13,0.0,19.54042,6.9857883,2022
2629,r10i1p1f1,2022,03,14,0.34357718861046077,17.478159,5.3634195,2022
2630,r10i1p1f1,2022,03,15,0.0,19.857828,6.565747,2022
2631,r10i1p1f1,2022,03,16,0.0,21.99043,5.5941634,2022
2632,r10i1p1f1,2022,03,17,0.0,22.978527,8.608556,2022
2633,r10i1p1f1,2022,03,18,0.0,13.124428,-1.0566087,2022
2634,r10i1p1f1,2022,03,19,0.3418053812837522,10.2492485,0.7105974,2022
2635,r10i1p1f1,2022,03,20,0.0,12.447873,-3.973526,2022
2636,r10i1p1f1,2022,03,21,20.0588806451139,9.70713,-1.2669505,2022
2637,r10i1p1f1,2022,03,22,28.50751905873614,10.327688,2.5517502,2022
2638,r10i1p1f1,2022,03,23,54.70835989843564,11.023969,5.6860423,2022
2639,r10i1p1f1,2022,03,24,1.6751723920558441,12.807254,4.1130066,2022
2640,r10i1p1f1,2022,03,25,5.2438202649012196,12.923673,6.119798,2022
2641,r10i1p1f1,2022,03,26,66.81732596143296,14.078406,8.768439,2022
2642,r10i1p1f1,2022,03,27,74.5182841354491,13.798274,6.506494,2022
2643,r10i1p1f1,2022,03,28,0.0,13.227296,-0.23292582,2022
2644,r10i1p1f1,2022,03,29,0.0,16.657312,1.4056993,2022
2645,r10i1p1f1,2022,03,30,0.0,17.584463,3.4477034,2022
2646,r10i1p1f1,2022,03,31,0.0,18.733242,3.8804045,2022
2647,r10i1p1f1,2022,04,01,0.0,21.318256,3.7826056,2022
2648,r10i1p1f1,2022,04,02,0.0,23.019983,7.2924137,2022
2649,r10i1p1f1,2022,04,03,0.0,25.942959,10.526724,2022
2650,r10i1p1f1,2022,04,04,0.0,25.002937,11.029817,2022
2651,r10i1p1f1,2022,04,05,0.0,22.096008,9.332608,2022
2652,r10i1p1f1,2022,04,06,0.0,19.229498,7.2970977,2022
2653,r10i1p1f1,2022,04,07,0.0,24.104834,5.664229,2022
2654,r10i1p1f1,2022,04,08,0.0,26.57858,7.9860244,2022
2655,r10i1p1f1,2022,04,09,0.0,24.950266,9.617096,2022
2656,r10i1p1f1,2022,04,10,16.158157241788057,18.107311,6.029866,2022
2657,r10i1p1f1,2022,04,11,23.8484101076641,13.4249325,6.8909926,2022
2658,r10i1p1f1,2022,04,12,8.7404407367821,12.777959,7.7686543,2022
2659,r10i1p1f1,2022,04,13,31.53039658209309,14.135082,8.27763,2022
2660,r10i1p1f1,2022,04,14,58.588967581990325,15.115814,6.77981,2022
2661,r10i1p1f1,2022,04,15,33.313436236685924,12.04732,7.0977983,2022
2662,r10i1p1f1,2022,04,16,21.767584367128286,15.165999,4.4196954,2022
2663,r10i1p1f1,2022,04,17,0.0,15.257923,5.642502,2022
2664,r10i1p1f1,2022,04,18,2.0350623616075993,13.592541,5.2881536,2022
2665,r10i1p1f1,2022,04,19,0.4184919444744657,13.629557,-1.2632469,2022
2666,r10i1p1f1,2022,04,20,0.0,17.12938,1.5005027,2022
2667,r10i1p1f1,2022,04,21,0.0,19.150827,5.2527184,2022
2668,r10i1p1f1,2022,04,22,0.0,18.338621,4.6073966,2022
2669,r10i1p1f1,2022,04,23,0.0,17.35976,5.162936,2022
2670,r10i1p1f1,2022,04,24,0.0,18.600143,4.539931,2022
2671,r10i1p1f1,2022,04,25,0.0,17.974848,6.418098,2022
2672,r10i1p1f1,2022,04,26,0.0,20.798847,5.2266717,2022
2673,r10i1p1f1,2022,04,27,0.0,19.914547,8.382651,2022
2674,r10i1p1f1,2022,04,28,0.007940871700827157,15.744906,4.934363,2022
2675,r10i1p1f1,2022,04,29,0.0,21.383173,4.731894,2022
2676,r10i1p1f1,2022,04,30,0.0,21.024384,6.9619126,2022
2677,r10i1p1f1,2022,05,01,24.042288823923293,17.041426,1.8894547,2022
2678,r10i1p1f1,2022,05,02,2.310846619528954,9.699338,1.2143828,2022
2679,r10i1p1f1,2022,05,03,35.31677625295216,9.911343,2.8692522,2022
2680,r10i1p1f1,2022,05,04,63.64010226986322,11.657134,7.350984,2022
2681,r10i1p1f1,2022,05,05,13.827401645558941,12.445057,4.9316406,2022
2682,r10i1p1f1,2022,05,06,0.0,17.553732,2.9439526,2022
2683,r10i1p1f1,2022,05,07,0.0,19.585196,3.8078911,2022
2684,r10i1p1f1,2022,05,08,0.0,19.30749,6.4864244,2022
2685,r10i1p1f1,2022,05,09,0.0,17.038225,3.8435283,2022
2686,r10i1p1f1,2022,05,10,0.0,16.582167,2.1097214,2022
2687,r10i1p1f1,2022,05,11,0.0,21.167698,5.0232563,2022
2688,r10i1p1f1,2022,05,12,0.0,20.363579,5.243458,2022
2689,r10i1p1f1,2022,05,13,0.0,20.887518,4.8957744,2022
2690,r10i1p1f1,2022,05,14,0.0,20.772676,6.251314,2022
2691,r10i1p1f1,2022,05,15,0.0,20.57685,4.474626,2022
2692,r10i1p1f1,2022,05,16,0.0,25.6127,9.07049,2022
2693,r10i1p1f1,2022,05,17,0.0,28.593975,12.704606,2022
2694,r10i1p1f1,2022,05,18,0.0,31.518147,14.453676,2022
2695,r10i1p1f1,2022,05,19,0.0,32.965443,16.45097,2022
2696,r10i1p1f1,2022,05,20,0.0,32.5119,18.53256,2022
2697,r10i1p1f1,2022,05,21,0.0,31.498503,17.700777,2022
2698,r10i1p1f1,2022,05,22,0.0,33.381905,19.191633,2022
2699,r10i1p1f1,2022,05,23,0.0,34.858376,17.424707,2022
2700,r10i1p1f1,2022,05,24,0.0,33.673565,18.219357,2022
2701,r10i1p1f1,2022,05,25,0.0,32.565434,17.106623,2022
2702,r10i1p1f1,2022,05,26,0.0,31.503649,17.302132,2022
2703,r10i1p1f1,2022,05,27,0.0,30.27454,15.648149,2022
2704,r10i1p1f1,2022,05,28,0.0,20.921951,8.436745,2022
2705,r10i1p1f1,2022,05,29,0.0,23.4078,6.729418,2022
2706,r10i1p1f1,2022,05,30,0.0,24.7602,7.9587603,2022
2707,r10i1p1f1,2022,05,31,0.0,25.66767,8.313336,2022
2708,r10i1p1f1,2022,06,01,0.0,30.974747,14.79213,2022
2709,r10i1p1f1,2022,06,02,0.0,30.280848,14.0014105,2022
2710,r10i1p1f1,2022,06,03,0.0,31.04103,13.0762005,2022
2711,r10i1p1f1,2022,06,04,0.0,30.092321,14.409019,2022
2712,r10i1p1f1,2022,06,05,0.0,27.042435,12.561736,2022
2713,r10i1p1f1,2022,06,06,0.0,26.503101,13.421745,2022
2714,r10i1p1f1,2022,06,07,0.0,25.544611,11.133063,2022
2715,r10i1p1f1,2022,06,08,0.0,27.957077,10.839804,2022
2716,r10i1p1f1,2022,06,09,0.0,27.205782,11.674494,2022
2717,r10i1p1f1,2022,06,10,0.0,21.53901,6.596141,2022
2718,r10i1p1f1,2022,06,11,0.0,25.999817,7.158357,2022
2719,r10i1p1f1,2022,06,12,0.0,30.756756,12.390139,2022
2720,r10i1p1f1,2022,06,13,0.0,34.970695,17.596375,2022
2721,r10i1p1f1,2022,06,14,0.0,38.215115,21.349907,2022
2722,r10i1p1f1,2022,06,15,0.04680630071992422,34.075397,17.711782,2022
2723,r10i1p1f1,2022,06,16,0.8214014565683819,33.133938,20.037273,2022
2724,r10i1p1f1,2022,06,17,0.0,35.58292,18.937628,2022
2725,r10i1p1f1,2022,06,18,0.0,37.754387,22.835121,2022
2726,r10i1p1f1,2022,06,19,0.0,38.1008,19.803045,2022
2727,r10i1p1f1,2022,06,20,0.0,35.145317,18.77701,2022
2728,r10i1p1f1,2022,06,21,0.0,35.859997,19.722275,2022
2729,r10i1p1f1,2022,06,22,0.0,36.243134,19.806667,2022
2730,r10i1p1f1,2022,06,23,0.037062574541012416,34.351006,18.086857,2022
2731,r10i1p1f1,2022,06,24,0.0,34.65832,18.878647,2022
2732,r10i1p1f1,2022,06,25,0.0,33.142487,17.776056,2022
2733,r10i1p1f1,2022,06,26,0.0,33.88189,18.242247,2022
2734,r10i1p1f1,2022,06,27,0.10245640124163688,33.112717,18.053537,2022
2735,r10i1p1f1,2022,06,28,0.0,32.692406,20.702179,2022
2736,r10i1p1f1,2022,06,29,0.0,29.535292,14.402736,2022
2737,r10i1p1f1,2022,06,30,0.0,27.671669,11.167436,2022
2738,r10i1p1f1,2022,07,01,0.0,29.613188,12.0692215,2022
2739,r10i1p1f1,2022,07,02,0.0,33.22038,14.699414,2022
2740,r10i1p1f1,2022,07,03,0.0,34.029488,15.994579,2022
2741,r10i1p1f1,2022,07,04,0.0,33.3713,16.920507,2022
2742,r10i1p1f1,2022,07,05,0.0,32.4169,16.614408,2022
2743,r10i1p1f1,2022,07,06,0.0,30.418991,13.740908,2022
2744,r10i1p1f1,2022,07,07,0.0,31.631952,16.969442,2022
2745,r10i1p1f1,2022,07,08,0.0,30.29959,18.496168,2022
2746,r10i1p1f1,2022,07,09,0.0,31.068323,13.042257,2022
2747,r10i1p1f1,2022,07,10,0.0,31.080744,12.685814,2022
2748,r10i1p1f1,2022,07,11,0.0,31.40483,15.121265,2022
2749,r10i1p1f1,2022,07,12,0.0,30.11346,13.979144,2022
2750,r10i1p1f1,2022,07,13,0.0,29.912174,13.158401,2022
2751,r10i1p1f1,2022,07,14,0.0,32.886772,15.081363,2022
2752,r10i1p1f1,2022,07,15,0.0,32.831455,15.148547,2022
2753,r10i1p1f1,2022,07,16,0.0,32.169518,14.885479,2022
2754,r10i1p1f1,2022,07,17,0.0,34.31969,15.517287,2022
2755,r10i1p1f1,2022,07,18,0.0,35.465405,15.675542,2022
2756,r10i1p1f1,2022,07,19,0.0,36.382618,17.055704,2022
2757,r10i1p1f1,2022,07,20,0.0,38.221096,20.503931,2022
2758,r10i1p1f1,2022,07,21,0.0,37.88101,21.442625,2022
2759,r10i1p1f1,2022,07,22,0.0,36.92909,19.722115,2022
2760,r10i1p1f1,2022,07,23,0.0,36.036667,17.225256,2022
2761,r10i1p1f1,2022,07,24,0.0,32.908173,15.013354,2022
2762,r10i1p1f1,2022,07,25,0.0,32.584423,14.864896,2022
2763,r10i1p1f1,2022,07,26,0.0,32.02461,14.714333,2022
2764,r10i1p1f1,2022,07,27,0.0,33.648197,15.790485,2022
2765,r10i1p1f1,2022,07,28,0.0,33.28342,14.902668,2022
2766,r10i1p1f1,2022,07,29,0.0,36.04778,17.11369,2022
2767,r10i1p1f1,2022,07,30,0.0,35.71288,19.177917,2022
2768,r10i1p1f1,2022,07,31,0.0,35.391613,19.617891,2022
2769,r10i1p1f1,2022,08,01,0.0,35.208553,17.941496,2022
2770,r10i1p1f1,2022,08,02,0.0,34.96244,18.874731,2022
2771,r10i1p1f1,2022,08,03,0.0,36.17375,18.567415,2022
2772,r10i1p1f1,2022,08,04,0.0,37.54866,19.998167,2022
2773,r10i1p1f1,2022,08,05,0.0,38.767365,20.323534,2022
2774,r10i1p1f1,2022,08,06,0.0,38.995296,20.943792,2022
2775,r10i1p1f1,2022,08,07,0.0,36.932556,19.641733,2022
2776,r10i1p1f1,2022,08,08,0.0,34.068977,17.62598,2022
2777,r10i1p1f1,2022,08,09,0.0,32.013016,16.256702,2022
2778,r10i1p1f1,2022,08,10,0.0,34.461487,16.112041,2022
2779,r10i1p1f1,2022,08,11,0.0,35.279667,17.145885,2022
2780,r10i1p1f1,2022,08,12,0.0,37.536617,19.272396,2022
2781,r10i1p1f1,2022,08,13,0.0,38.1143,20.506817,2022
2782,r10i1p1f1,2022,08,14,0.0,37.184643,20.952965,2022
2783,r10i1p1f1,2022,08,15,0.0,34.1114,16.010607,2022
2784,r10i1p1f1,2022,08,16,0.0,28.56097,12.020157,2022
2785,r10i1p1f1,2022,08,17,0.0,26.145563,10.197579,2022
2786,r10i1p1f1,2022,08,18,0.0,28.957584,12.038478,2022
2787,r10i1p1f1,2022,08,19,0.0,32.401382,14.622899,2022
2788,r10i1p1f1,2022,08,20,0.0,33.567783,15.230305,2022
2789,r10i1p1f1,2022,08,21,0.0,32.713394,16.369184,2022
2790,r10i1p1f1,2022,08,22,0.0,30.358995,13.905614,2022
2791,r10i1p1f1,2022,08,23,0.0,33.355335,16.0312,2022
2792,r10i1p1f1,2022,08,24,0.0,33.437176,16.970167,2022
2793,r10i1p1f1,2022,08,25,0.0,32.750584,14.198641,2022
2794,r10i1p1f1,2022,08,26,0.0,27.835741,11.694191,2022
2795,r10i1p1f1,2022,08,27,0.0,23.425467,8.473309,2022
2796,r10i1p1f1,2022,08,28,0.0,28.015732,9.579423,2022
2797,r10i1p1f1,2022,08,29,0.0,32.75063,13.158725,2022
2798,r10i1p1f1,2022,08,30,0.0,31.97843,15.269984,2022
2799,r10i1p1f1,2022,08,31,0.0,29.503433,13.980084,2022
2800,r10i1p1f1,2022,09,01,0.0,30.366318,12.281798,2022
2801,r10i1p1f1,2022,09,02,0.0,30.264128,13.730049,2022
2802,r10i1p1f1,2022,09,03,0.0,31.065792,14.090531,2022
2803,r10i1p1f1,2022,09,04,0.0,30.211351,12.904671,2022
2804,r10i1p1f1,2022,09,05,0.0,25.223455,8.313641,2022
2805,r10i1p1f1,2022,09,06,0.0,26.186153,8.045654,2022
2806,r10i1p1f1,2022,09,07,0.0,28.45327,13.616378,2022
2807,r10i1p1f1,2022,09,08,0.0,31.005236,14.190489,2022
2808,r10i1p1f1,2022,09,09,0.0,31.259964,14.415102,2022
2809,r10i1p1f1,2022,09,10,4.487834668467066,34.09463,20.05014,2022
2810,r10i1p1f1,2022,09,11,32.470697443932295,23.193607,12.630592,2022
2811,r10i1p1f1,2022,09,12,31.1461412851809,32.773075,18.450785,2022
2812,r10i1p1f1,2022,09,13,0.0,27.83535,14.419828,2022
2813,r10i1p1f1,2022,09,14,0.0,26.20016,11.62001,2022
2814,r10i1p1f1,2022,09,15,0.0,27.792526,12.147456,2022
2815,r10i1p1f1,2022,09,16,0.0,27.364273,10.747627,2022
2816,r10i1p1f1,2022,09,17,0.0,24.928059,11.063947,2022
2817,r10i1p1f1,2022,09,18,0.0,25.055408,10.882973,2022
2818,r10i1p1f1,2022,09,19,0.0,27.539448,11.757072,2022
2819,r10i1p1f1,2022,09,20,0.0,30.65379,12.745689,2022
2820,r10i1p1f1,2022,09,21,0.0,32.485435,15.021266,2022
2821,r10i1p1f1,2022,09,22,0.0,32.629967,17.53346,2022
2822,r10i1p1f1,2022,09,23,0.0,31.65586,16.45154,2022
2823,r10i1p1f1,2022,09,24,0.0,31.070787,17.661392,2022
2824,r10i1p1f1,2022,09,25,0.0,30.074793,16.184744,2022
2825,r10i1p1f1,2022,09,26,0.0,29.884117,14.471316,2022
2826,r10i1p1f1,2022,09,27,0.0,28.513338,12.662675,2022
2827,r10i1p1f1,2022,09,28,0.0,27.923725,12.956352,2022
2828,r10i1p1f1,2022,09,29,0.0,27.618624,14.779172,2022
2829,r10i1p1f1,2022,09,30,0.0,24.494469,10.428546,2022
2830,r10i1p1f1,2022,10,01,0.8737584264054021,25.166414,11.136258,2022
2831,r10i1p1f1,2022,10,02,28.184992760591406,16.377106,6.495244,2022
2832,r10i1p1f1,2022,10,03,0.0,20.258837,7.182461,2022
2833,r10i1p1f1,2022,10,04,0.0,21.750494,8.88217,2022
2834,r10i1p1f1,2022,10,05,0.0,22.809534,7.1446486,2022
2835,r10i1p1f1,2022,10,06,0.0,22.744793,9.4112835,2022
2836,r10i1p1f1,2022,10,07,0.0,22.923946,7.080326,2022
2837,r10i1p1f1,2022,10,08,0.0,23.975355,9.778372,2022
2838,r10i1p1f1,2022,10,09,1.0093980196774952,23.143408,10.261141,2022
2839,r10i1p1f1,2022,10,10,0.0,24.616737,7.8341827,2022
2840,r10i1p1f1,2022,10,11,0.0,26.94351,11.799151,2022
2841,r10i1p1f1,2022,10,12,0.0,26.802866,13.267323,2022
2842,r10i1p1f1,2022,10,13,0.0,24.846472,11.769108,2022
2843,r10i1p1f1,2022,10,14,0.0,23.46134,8.643126,2022
2844,r10i1p1f1,2022,10,15,0.0,17.488863,6.468784,2022
2845,r10i1p1f1,2022,10,16,0.0,17.901922,6.4793773,2022
2846,r10i1p1f1,2022,10,17,0.0,21.666508,6.5362244,2022
2847,r10i1p1f1,2022,10,18,0.0,23.318274,7.238286,2022
2848,r10i1p1f1,2022,10,19,0.0,22.439386,9.715355,2022
2849,r10i1p1f1,2022,10,20,0.0,19.262812,5.3605504,2022
2850,r10i1p1f1,2022,10,21,0.0,18.59231,3.665757,2022
2851,r10i1p1f1,2022,10,22,0.0,22.089462,7.8074937,2022
2852,r10i1p1f1,2022,10,23,0.0,24.045044,9.395887,2022
2853,r10i1p1f1,2022,10,24,0.0,23.768703,7.6541348,2022
2854,r10i1p1f1,2022,10,25,0.0,23.783052,8.2977085,2022
2855,r10i1p1f1,2022,10,26,0.005529110881310005,24.948006,12.97362,2022
2856,r10i1p1f1,2022,10,27,1.8174617242015014,20.82617,10.846316,2022
2857,r10i1p1f1,2022,10,28,1.9204148030296078,20.86463,7.666492,2022
2858,r10i1p1f1,2022,10,29,0.0,21.024918,7.380194,2022
2859,r10i1p1f1,2022,10,30,0.0,20.149443,10.060939,2022
2860,r10i1p1f1,2022,10,31,1.178060169829558,19.899178,12.344978,2022
2861,r10i1p1f1,2022,11,01,38.34993411161888,19.283243,6.9923105,2022
2862,r10i1p1f1,2022,11,02,24.570799725264997,12.45446,4.840691,2022
2863,r10i1p1f1,2022,11,03,1.2226355480738436,12.953534,3.0290143,2022
2864,r10i1p1f1,2022,11,04,0.0,16.514511,6.057524,2022
2865,r10i1p1f1,2022,11,05,6.7169444015905215,16.514448,8.113384,2022
2866,r10i1p1f1,2022,11,06,0.1593983540595601,13.332878,2.2610903,2022
2867,r10i1p1f1,2022,11,07,0.0,11.41953,0.06174168,2022
2868,r10i1p1f1,2022,11,08,0.0,11.271786,-0.4859838,2022
2869,r10i1p1f1,2022,11,09,0.0,12.661193,0.031777233,2022
2870,r10i1p1f1,2022,11,10,0.0,13.442876,0.86403733,2022
2871,r10i1p1f1,2022,11,11,0.0,15.320423,1.0384569,2022
2872,r10i1p1f1,2022,11,12,0.0,14.751885,2.0309317,2022
2873,r10i1p1f1,2022,11,13,0.0,17.04747,0.9998113,2022
2874,r10i1p1f1,2022,11,14,0.0,19.589453,1.8883376,2022
2875,r10i1p1f1,2022,11,15,0.0,18.508204,3.2533448,2022
2876,r10i1p1f1,2022,11,16,0.0,19.442852,4.9085965,2022
2877,r10i1p1f1,2022,11,17,0.0,18.466257,5.1463685,2022
2878,r10i1p1f1,2022,11,18,0.0,18.341446,5.7678647,2022
2879,r10i1p1f1,2022,11,19,0.0,19.411026,7.6577935,2022
2880,r10i1p1f1,2022,11,20,1.8931701966769316,18.951025,8.014314,2022
2881,r10i1p1f1,2022,11,21,15.46812102874116,11.1491165,5.970939,2022
2882,r10i1p1f1,2022,11,22,44.800842942755764,10.670499,3.4230886,2022
2883,r10i1p1f1,2022,11,23,1.1223511252625797,9.409863,2.1419992,2022
2884,r10i1p1f1,2022,11,24,0.07322079894181929,13.936716,1.4080905,2022
2885,r10i1p1f1,2022,11,25,0.0,13.368219,1.610102,2022
2886,r10i1p1f1,2022,11,26,0.0,12.353958,-0.124035485,2022
2887,r10i1p1f1,2022,11,27,0.0,10.364886,-0.36761674,2022
2888,r10i1p1f1,2022,11,28,0.0,12.328605,-2.307662,2022
2889,r10i1p1f1,2022,11,29,0.0,11.59347,-1.1765915,2022
2890,r10i1p1f1,2022,11,30,0.0,13.643561,1.9681919,2022
2891,r10i1p1f1,2022,12,01,0.0,15.243919,0.8460561,2022
2892,r10i1p1f1,2022,12,02,0.6464631651301476,10.824599,0.9415207,2022
2893,r10i1p1f1,2022,12,03,0.0,9.116528,-1.5434242,2022
2894,r10i1p1f1,2022,12,04,0.0,13.3291645,1.3302574,2022
2895,r10i1p1f1,2022,12,05,0.0,13.925966,2.2495992,2022
2896,r10i1p1f1,2022,12,06,0.0,15.408257,2.1644595,2022
2897,r10i1p1f1,2022,12,07,0.0,12.925163,2.1451223,2022
2898,r10i1p1f1,2022,12,08,0.0,11.520215,-0.59023166,2022
2899,r10i1p1f1,2022,12,09,0.0,5.8235507,-7.598978,2022
2900,r10i1p1f1,2022,12,10,0.0,-4.384624,-13.24323,2022
2901,r10i1p1f1,2022,12,11,0.0,2.5052922,-8.947591,2022
2902,r10i1p1f1,2022,12,12,0.0,6.0019517,-5.4931035,2022
2903,r10i1p1f1,2022,12,13,0.0,8.305833,-4.155389,2022
2904,r10i1p1f1,2022,12,14,0.0,9.60926,0.2956814,2022
2905,r10i1p1f1,2022,12,15,0.0,10.707232,1.2394295,2022
2906,r10i1p1f1,2022,12,16,0.0,13.525454,-0.02894512,2022
2907,r10i1p1f1,2022,12,17,0.0,16.156946,3.3614569,2022
2908,r10i1p1f1,2022,12,18,0.0,16.747828,4.305239,2022
2909,r10i1p1f1,2022,12,19,0.0,19.325027,5.0225,2022
2910,r10i1p1f1,2022,12,20,0.0,19.230549,6.2818065,2022
2911,r10i1p1f1,2022,12,21,0.0,19.17733,6.1110063,2022
2912,r10i1p1f1,2022,12,22,0.0,19.40973,5.672937,2022
2913,r10i1p1f1,2022,12,23,0.0,18.185127,5.8670616,2022
2914,r10i1p1f1,2022,12,24,0.0,18.905556,5.2611074,2022
2915,r10i1p1f1,2022,12,25,0.7800431981338892,18.07433,3.321028,2022
2916,r10i1p1f1,2022,12,26,15.593148099938652,6.343529,2.3999298,2022
2917,r10i1p1f1,2022,12,27,0.6651680714017666,7.745257,0.79485744,2022
2918,r10i1p1f1,2022,12,28,0.0,8.689047,-3.665149,2022
2919,r10i1p1f1,2022,12,29,0.0,12.490723,-1.9679931,2022
2920,r10i1p1f1,2022,12,30,0.0,10.768113,-1.9926621,2022
2921,r10i1p1f1,2022,12,31,0.0,9.077131,-3.5150967,2022
2922,r10i1p1f1,2023,01,01,0.0,7.352418,-3.4775116,2023
2923,r10i1p1f1,2023,01,02,0.0,8.428113,-3.5904195,2023
2924,r10i1p1f1,2023,01,03,0.0,11.491249,-2.979124,2023
2925,r10i1p1f1,2023,01,04,0.0,11.380562,-1.3355933,2023
2926,r10i1p1f1,2023,01,05,0.0,8.783534,-2.8325493,2023
2927,r10i1p1f1,2023,01,06,0.0,9.829538,-2.8913054,2023
2928,r10i1p1f1,2023,01,07,0.0,8.231697,-3.4602268,2023
2929,r10i1p1f1,2023,01,08,0.0,11.508211,-1.6778823,2023
2930,r10i1p1f1,2023,01,09,0.0,11.117457,-0.12281197,2023
2931,r10i1p1f1,2023,01,10,0.0,12.337738,-0.68497103,2023
2932,r10i1p1f1,2023,01,11,0.0,14.724988,-0.033939764,2023
2933,r10i1p1f1,2023,01,12,0.0,13.413414,1.2166573,2023
2934,r10i1p1f1,2023,01,13,0.0,15.663043,5.1521683,2023
2935,r10i1p1f1,2023,01,14,0.0,15.774877,5.0381155,2023
2936,r10i1p1f1,2023,01,15,0.0,14.560063,4.0031343,2023
2937,r10i1p1f1,2023,01,16,0.0,16.40592,3.314576,2023
2938,r10i1p1f1,2023,01,17,0.0,13.435184,1.4915029,2023
2939,r10i1p1f1,2023,01,18,0.0,14.294544,3.0439816,2023
2940,r10i1p1f1,2023,01,19,0.0,13.031349,4.8772545,2023
2941,r10i1p1f1,2023,01,20,3.4972623557941436,10.752982,0.3115337,2023
2942,r10i1p1f1,2023,01,21,0.07597362497395616,12.22715,2.2678392,2023
2943,r10i1p1f1,2023,01,22,16.557370019405713,12.880439,6.492786,2023
2944,r10i1p1f1,2023,01,23,96.92821843966253,13.937942,10.36662,2023
2945,r10i1p1f1,2023,01,24,70.06080710868302,14.693453,4.640127,2023
2946,r10i1p1f1,2023,01,25,7.5901057377211005,10.572217,2.9178336,2023
2947,r10i1p1f1,2023,01,26,0.0,14.782607,3.0463874,2023
2948,r10i1p1f1,2023,01,27,0.0,16.956163,4.779434,2023
2949,r10i1p1f1,2023,01,28,0.0,16.250252,5.0036697,2023
2950,r10i1p1f1,2023,01,29,27.81575882813501,11.241647,4.2260637,2023
2951,r10i1p1f1,2023,01,30,0.29544953151918507,10.671301,3.8764465,2023
2952,r10i1p1f1,2023,01,31,0.4482684945287474,10.455299,3.7283995,2023
2953,r10i1p1f1,2023,02,01,6.548938456360606,7.186196,2.1511495,2023
2954,r10i1p1f1,2023,02,02,7.3297123056315625,7.877341,2.9014332,2023
2955,r10i1p1f1,2023,02,03,15.566086380414689,7.885024,2.6266384,2023
2956,r10i1p1f1,2023,02,04,12.170254941539545,6.905854,1.6559566,2023
2957,r10i1p1f1,2023,02,05,0.048713048071428934,10.172962,2.6305804,2023
2958,r10i1p1f1,2023,02,06,6.771224194840454,6.8446336,1.0596495,2023
2959,r10i1p1f1,2023,02,07,7.2103949110513845,9.962383,2.0033994,2023
2960,r10i1p1f1,2023,02,08,0.0,13.345119,0.273106,2023
2961,r10i1p1f1,2023,02,09,0.0,11.946342,1.5775837,2023
2962,r10i1p1f1,2023,02,10,2.415963859465065,8.797084,3.5929296,2023
2963,r10i1p1f1,2023,02,11,5.170929516321178,9.009679,2.2354374,2023
2964,r10i1p1f1,2023,02,12,1.359117566686875,9.353753,2.8074596,2023
2965,r10i1p1f1,2023,02,13,0.0,12.073331,-0.6323409,2023
2966,r10i1p1f1,2023,02,14,13.327979504155289,10.772587,1.3822318,2023
2967,r10i1p1f1,2023,02,15,20.07493496884739,9.313058,2.4868612,2023
2968,r10i1p1f1,2023,02,16,7.170927071848909,7.6842723,0.5096883,2023
2969,r10i1p1f1,2023,02,17,53.83076353586818,14.74242,2.4936175,2023
2970,r10i1p1f1,2023,02,18,73.15641869607039,13.718199,4.051734,2023
2971,r10i1p1f1,2023,02,19,0.0,15.450134,2.342316,2023
2972,r10i1p1f1,2023,02,20,0.0,15.807174,2.61744,2023
2973,r10i1p1f1,2023,02,21,0.0,17.770355,3.6241486,2023
2974,r10i1p1f1,2023,02,22,0.0,17.401999,5.7350073,2023
2975,r10i1p1f1,2023,02,23,0.0,17.953924,5.8916106,2023
2976,r10i1p1f1,2023,02,24,0.0,22.340506,8.787808,2023
2977,r10i1p1f1,2023,02,25,0.0,23.436745,9.963322,2023
2978,r10i1p1f1,2023,02,26,0.0,23.189255,9.979354,2023
2979,r10i1p1f1,2023,02,27,0.0,20.635986,8.41423,2023
2980,r10i1p1f1,2023,02,28,0.0,17.630116,6.0326805,2023
2981,r10i1p1f1,2023,03,01,0.0,19.4183,6.1506295,2023
2982,r10i1p1f1,2023,03,02,0.0,20.53369,6.3426704,2023
2983,r10i1p1f1,2023,03,03,0.0,20.56735,4.9117546,2023
2984,r10i1p1f1,2023,03,04,0.0,20.675095,6.176545,2023
2985,r10i1p1f1,2023,03,05,0.0,20.563757,6.7742367,2023
2986,r10i1p1f1,2023,03,06,0.0,18.234974,5.20032,2023
2987,r10i1p1f1,2023,03,07,4.632478830071226,14.623918,4.254663,2023
2988,r10i1p1f1,2023,03,08,0.0,18.610538,6.202038,2023
2989,r10i1p1f1,2023,03,09,0.0,21.050995,7.493739,2023
2990,r10i1p1f1,2023,03,10,0.0,22.332031,8.6100855,2023
2991,r10i1p1f1,2023,03,11,0.0,22.497673,6.2304473,2023
2992,r10i1p1f1,2023,03,12,0.0,23.048674,8.732953,2023
2993,r10i1p1f1,2023,03,13,0.0,24.335955,8.519415,2023
2994,r10i1p1f1,2023,03,14,0.0,23.96804,7.9495554,2023
2995,r10i1p1f1,2023,03,15,0.0,20.88958,8.503222,2023
2996,r10i1p1f1,2023,03,16,26.71955747064203,14.772228,3.264965,2023
2997,r10i1p1f1,2023,03,17,7.6609762756561395,13.187404,5.7297106,2023
2998,r10i1p1f1,2023,03,18,9.910769646261254,12.267642,5.9517155,2023
2999,r10i1p1f1,2023,03,19,0.0,16.153093,3.2203975,2023
3000,r10i1p1f1,2023,03,20,7.544868591570489,14.115003,3.7480276,2023
3001,r10i1p1f1,2023,03,21,0.95947832095063,14.033028,5.1963162,2023
3002,r10i1p1f1,2023,03,22,0.0,17.56158,3.112242,2023
3003,r10i1p1f1,2023,03,23,0.0,19.013657,4.4595704,2023
3004,r10i1p1f1,2023,03,24,21.50189970960032,17.118097,5.212091,2023
3005,r10i1p1f1,2023,03,25,0.0,18.40415,5.5591784,2023
3006,r10i1p1f1,2023,03,26,0.0,21.543753,6.6626377,2023
3007,r10i1p1f1,2023,03,27,0.0,23.42316,7.6304884,2023
3008,r10i1p1f1,2023,03,28,0.0,22.829609,9.458231,2023
3009,r10i1p1f1,2023,03,29,7.570521757167482,17.326235,8.359054,2023
3010,r10i1p1f1,2023,03,30,0.6211750424450944,17.412373,9.000254,2023
3011,r10i1p1f1,2023,03,31,0.0,19.65922,6.260672,2023
3012,r10i1p1f1,2023,04,01,0.0,19.306168,6.233794,2023
3013,r10i1p1f1,2023,04,02,0.0,17.788448,4.4364686,2023
3014,r10i1p1f1,2023,04,03,3.316933869028186,12.36298,6.2121925,2023
3015,r10i1p1f1,2023,04,04,16.279121800279857,12.178529,4.3280873,2023
3016,r10i1p1f1,2023,04,05,2.788692377740326,12.458205,0.3561863,2023
3017,r10i1p1f1,2023,04,06,0.0,13.885887,1.4004496,2023
3018,r10i1p1f1,2023,04,07,21.800154669970077,12.905786,2.943496,2023
3019,r10i1p1f1,2023,04,08,0.00313904789723701,13.947865,0.8643921,2023
3020,r10i1p1f1,2023,04,09,0.0,14.093764,0.46061444,2023
3021,r10i1p1f1,2023,04,10,0.0,16.703215,0.5124004,2023
3022,r10i1p1f1,2023,04,11,0.0,16.457167,3.8842628,2023
3023,r10i1p1f1,2023,04,12,1.7915238916860912,11.50044,4.3584304,2023
3024,r10i1p1f1,2023,04,13,40.170925267432864,9.544255,4.907258,2023
3025,r10i1p1f1,2023,04,14,23.92302790172643,8.097555,1.9826024,2023
3026,r10i1p1f1,2023,04,15,26.326446082308202,8.563301,2.9008107,2023
3027,r10i1p1f1,2023,04,16,2.0642212042251855,11.913248,1.7137067,2023
3028,r10i1p1f1,2023,04,17,0.0,14.0708685,0.45386022,2023
3029,r10i1p1f1,2023,04,18,0.0,17.968275,2.4268408,2023
3030,r10i1p1f1,2023,04,19,0.0,20.951302,3.8861742,2023
3031,r10i1p1f1,2023,04,20,0.0,23.106125,5.1505904,2023
3032,r10i1p1f1,2023,04,21,0.0,22.251816,8.241936,2023
3033,r10i1p1f1,2023,04,22,0.0,21.168543,8.470787,2023
3034,r10i1p1f1,2023,04,23,0.0,19.802736,7.993225,2023
3035,r10i1p1f1,2023,04,24,0.3669014316409103,15.390684,8.010749,2023
3036,r10i1p1f1,2023,04,25,4.953651791325491,15.031915,3.4504411,2023
3037,r10i1p1f1,2023,04,26,0.5467697831351727,12.339019,4.4128356,2023
3038,r10i1p1f1,2023,04,27,0.009378824401401767,15.744758,2.6477325,2023
3039,r10i1p1f1,2023,04,28,0.0,21.085884,5.2677855,2023
3040,r10i1p1f1,2023,04,29,0.0,25.063147,7.2810044,2023
3041,r10i1p1f1,2023,04,30,0.0,24.427872,10.052691,2023
3042,r10i1p1f1,2023,05,01,0.0,27.120333,11.059408,2023
3043,r10i1p1f1,2023,05,02,0.0,29.907978,13.667103,2023
3044,r10i1p1f1,2023,05,03,0.0,30.726112,13.955625,2023
3045,r10i1p1f1,2023,05,04,0.0,30.018776,14.2709,2023
3046,r10i1p1f1,2023,05,05,0.0,29.055435,13.976234,2023
3047,r10i1p1f1,2023,05,06,0.0,28.756498,13.607708,2023
3048,r10i1p1f1,2023,05,07,0.0,27.342615,11.211768,2023
3049,r10i1p1f1,2023,05,08,0.0,25.025108,11.42284,2023
3050,r10i1p1f1,2023,05,09,0.0,21.228891,8.3047905,2023
3051,r10i1p1f1,2023,05,10,0.0,20.761436,6.9640665,2023
3052,r10i1p1f1,2023,05,11,0.0035042784714421848,20.700792,8.767531,2023
3053,r10i1p1f1,2023,05,12,0.0,22.47949,7.6553392,2023
3054,r10i1p1f1,2023,05,13,0.0,26.738623,9.597896,2023
3055,r10i1p1f1,2023,05,14,0.0,29.490595,12.421891,2023
3056,r10i1p1f1,2023,05,15,0.0,28.960802,13.110193,2023
3057,r10i1p1f1,2023,05,16,0.0,26.369545,10.983936,2023
3058,r10i1p1f1,2023,05,17,0.0,24.213898,6.7863274,2023
3059,r10i1p1f1,2023,05,18,0.0,29.213415,10.374222,2023
3060,r10i1p1f1,2023,05,19,0.0,27.963022,9.553355,2023
3061,r10i1p1f1,2023,05,20,0.0,31.58933,12.16067,2023
3062,r10i1p1f1,2023,05,21,0.0,34.65805,15.132954,2023
3063,r10i1p1f1,2023,05,22,0.07192699635389115,33.042572,16.989496,2023
3064,r10i1p1f1,2023,05,23,0.04879557294005185,33.991497,17.164469,2023
3065,r10i1p1f1,2023,05,24,1.4583738329268894,30.704426,14.377164,2023
3066,r10i1p1f1,2023,05,25,0.0,32.859962,17.922846,2023
3067,r10i1p1f1,2023,05,26,0.0,31.725388,18.248415,2023
3068,r10i1p1f1,2023,05,27,0.0,28.25294,14.452102,2023
3069,r10i1p1f1,2023,05,28,0.0,24.483276,13.3662,2023
3070,r10i1p1f1,2023,05,29,0.0,26.921215,11.856422,2023
3071,r10i1p1f1,2023,05,30,0.009202209137009433,27.12579,10.578287,2023
3072,r10i1p1f1,2023,05,31,0.0,30.01269,14.653412,2023
3073,r10i1p1f1,2023,06,01,0.15580596040021383,29.393265,14.822296,2023
3074,r10i1p1f1,2023,06,02,0.0,29.035265,13.448026,2023
3075,r10i1p1f1,2023,06,03,0.0,27.505438,12.026109,2023
3076,r10i1p1f1,2023,06,04,0.0,21.42131,6.6869516,2023
3077,r10i1p1f1,2023,06,05,12.620694271141762,15.883005,3.7222178,2023
3078,r10i1p1f1,2023,06,06,13.63582553856663,12.40124,6.689294,2023
3079,r10i1p1f1,2023,06,07,9.254589584452333,13.916229,6.4358015,2023
3080,r10i1p1f1,2023,06,08,1.0315897443337905,20.891424,6.906447,2023
3081,r10i1p1f1,2023,06,09,13.168926900758187,19.534088,3.4115214,2023
3082,r10i1p1f1,2023,06,10,1.8895403960605588,20.437963,5.6853013,2023
3083,r10i1p1f1,2023,06,11,0.10802681475213735,22.227905,7.286696,2023
3084,r10i1p1f1,2023,06,12,1.4078698590478063,22.181635,8.100655,2023
3085,r10i1p1f1,2023,06,13,0.0,24.502226,11.294562,2023
3086,r10i1p1f1,2023,06,14,5.910345779404069,21.063347,7.1200624,2023
3087,r10i1p1f1,2023,06,15,6.366210008395444,20.728937,10.00178,2023
3088,r10i1p1f1,2023,06,16,0.0,28.383215,11.133847,2023
3089,r10i1p1f1,2023,06,17,0.0,27.996897,14.33241,2023
3090,r10i1p1f1,2023,06,18,0.0,27.928589,13.18209,2023
3091,r10i1p1f1,2023,06,19,0.0,30.112873,14.354094,2023
3092,r10i1p1f1,2023,06,20,0.0,31.016766,14.96348,2023
3093,r10i1p1f1,2023,06,21,0.0,30.226974,16.225473,2023
3094,r10i1p1f1,2023,06,22,0.0,28.241898,11.012505,2023
3095,r10i1p1f1,2023,06,23,0.0,32.35391,13.275357,2023
3096,r10i1p1f1,2023,06,24,0.0,34.248188,16.640635,2023
3097,r10i1p1f1,2023,06,25,0.0,32.421417,17.650446,2023
3098,r10i1p1f1,2023,06,26,0.0,33.034393,18.095009,2023
3099,r10i1p1f1,2023,06,27,0.0,32.389637,16.25423,2023
3100,r10i1p1f1,2023,06,28,0.0,34.52596,16.597248,2023
3101,r10i1p1f1,2023,06,29,0.0,33.696674,16.33585,2023
3102,r10i1p1f1,2023,06,30,0.0,37.51258,20.172396,2023
3103,r10i1p1f1,2023,07,01,0.0,36.250946,19.04526,2023
3104,r10i1p1f1,2023,07,02,0.0,35.304283,19.201904,2023
3105,r10i1p1f1,2023,07,03,0.0,35.64314,19.416643,2023
3106,r10i1p1f1,2023,07,04,0.0,36.850418,19.015831,2023
3107,r10i1p1f1,2023,07,05,0.0,36.032402,19.198614,2023
3108,r10i1p1f1,2023,07,06,0.0,34.79035,18.921452,2023
3109,r10i1p1f1,2023,07,07,0.0,34.500053,17.854334,2023
3110,r10i1p1f1,2023,07,08,0.0,35.41713,18.093462,2023
3111,r10i1p1f1,2023,07,09,0.0,36.05682,19.606188,2023
3112,r10i1p1f1,2023,07,10,0.0,33.66335,17.593843,2023
3113,r10i1p1f1,2023,07,11,0.0,32.09216,15.754028,2023
3114,r10i1p1f1,2023,07,12,0.0,33.006523,15.379439,2023
3115,r10i1p1f1,2023,07,13,0.0,35.375626,17.316557,2023
3116,r10i1p1f1,2023,07,14,0.0,36.60596,18.91432,2023
3117,r10i1p1f1,2023,07,15,0.0,35.69119,17.232918,2023
3118,r10i1p1f1,2023,07,16,0.0,31.197445,12.9141655,2023
3119,r10i1p1f1,2023,07,17,0.0,35.144524,16.890282,2023
3120,r10i1p1f1,2023,07,18,0.0,34.66371,17.5458,2023
3121,r10i1p1f1,2023,07,19,0.0,33.22307,17.006323,2023
3122,r10i1p1f1,2023,07,20,0.0,32.570267,16.378317,2023
3123,r10i1p1f1,2023,07,21,0.0,32.073788,14.776754,2023
3124,r10i1p1f1,2023,07,22,0.0,33.37713,15.434895,2023
3125,r10i1p1f1,2023,07,23,0.0,36.92543,17.609049,2023
3126,r10i1p1f1,2023,07,24,0.0,38.314667,19.760471,2023
3127,r10i1p1f1,2023,07,25,0.0,37.111824,20.441315,2023
3128,r10i1p1f1,2023,07,26,0.0,36.17107,19.793274,2023
3129,r10i1p1f1,2023,07,27,0.0,35.141525,19.553207,2023
3130,r10i1p1f1,2023,07,28,0.0,32.42575,15.69293,2023
3131,r10i1p1f1,2023,07,29,0.0,35.554924,16.174519,2023
3132,r10i1p1f1,2023,07,30,0.0,36.367947,19.159975,2023
3133,r10i1p1f1,2023,07,31,0.0,35.38107,18.91315,2023
3134,r10i1p1f1,2023,08,01,0.0,32.698727,16.363634,2023
3135,r10i1p1f1,2023,08,02,0.0,33.889465,15.797249,2023
3136,r10i1p1f1,2023,08,03,0.0,37.67455,18.835302,2023
3137,r10i1p1f1,2023,08,04,0.0,39.40709,21.472557,2023
3138,r10i1p1f1,2023,08,05,0.0,39.45977,22.56904,2023
3139,r10i1p1f1,2023,08,06,0.0,39.35924,22.792105,2023
3140,r10i1p1f1,2023,08,07,0.0,39.719635,22.184677,2023
3141,r10i1p1f1,2023,08,08,0.0,39.590572,22.443108,2023
3142,r10i1p1f1,2023,08,09,0.0,39.145893,21.884697,2023
3143,r10i1p1f1,2023,08,10,0.0,38.508488,21.68071,2023
3144,r10i1p1f1,2023,08,11,0.0,35.96492,19.778399,2023
3145,r10i1p1f1,2023,08,12,0.0,32.916965,15.772037,2023
3146,r10i1p1f1,2023,08,13,0.0,33.28128,17.463207,2023
3147,r10i1p1f1,2023,08,14,0.0,35.757607,18.089727,2023
3148,r10i1p1f1,2023,08,15,0.0,38.048824,20.584255,2023
3149,r10i1p1f1,2023,08,16,0.0,37.611317,19.609201,2023
3150,r10i1p1f1,2023,08,17,0.0,34.232693,17.675594,2023
3151,r10i1p1f1,2023,08,18,0.0,33.13093,16.564276,2023
3152,r10i1p1f1,2023,08,19,0.0,34.860806,17.43885,2023
3153,r10i1p1f1,2023,08,20,0.0,33.900574,16.9975,2023
3154,r10i1p1f1,2023,08,21,0.0,32.998642,16.190247,2023
3155,r10i1p1f1,2023,08,22,0.0,32.17091,14.167915,2023
3156,r10i1p1f1,2023,08,23,0.0,31.459589,16.311827,2023
3157,r10i1p1f1,2023,08,24,0.0,31.483398,14.268579,2023
3158,r10i1p1f1,2023,08,25,0.0,25.480295,9.677365,2023
3159,r10i1p1f1,2023,08,26,0.0,25.206171,8.330051,2023
3160,r10i1p1f1,2023,08,27,0.0,31.320816,13.21624,2023
3161,r10i1p1f1,2023,08,28,0.0,32.367443,15.689247,2023
3162,r10i1p1f1,2023,08,29,0.0,32.7164,15.037945,2023
3163,r10i1p1f1,2023,08,30,0.0,31.815388,16.62895,2023
3164,r10i1p1f1,2023,08,31,0.0,30.457584,13.307985,2023
3165,r10i1p1f1,2023,09,01,0.0,33.305042,14.507662,2023
3166,r10i1p1f1,2023,09,02,0.0,32.522106,18.730093,2023
3167,r10i1p1f1,2023,09,03,0.3915075558265208,31.966314,20.390938,2023
3168,r10i1p1f1,2023,09,04,0.0,30.326603,13.078324,2023
3169,r10i1p1f1,2023,09,05,0.0,30.595839,15.235795,2023
3170,r10i1p1f1,2023,09,06,0.0,30.138647,15.654557,2023
3171,r10i1p1f1,2023,09,07,0.0,28.643118,13.540982,2023
3172,r10i1p1f1,2023,09,08,0.0,29.395737,12.303764,2023
3173,r10i1p1f1,2023,09,09,0.0,28.663507,12.823187,2023
3174,r10i1p1f1,2023,09,10,0.0,26.498274,12.295344,2023
3175,r10i1p1f1,2023,09,11,0.0,28.712402,11.232018,2023
3176,r10i1p1f1,2023,09,12,0.0,28.307735,14.007501,2023
3177,r10i1p1f1,2023,09,13,0.0,25.691961,8.417264,2023
3178,r10i1p1f1,2023,09,14,0.0,24.71615,6.624552,2023
3179,r10i1p1f1,2023,09,15,0.0,30.895096,12.37298,2023
3180,r10i1p1f1,2023,09,16,0.0,33.658764,15.765572,2023
3181,r10i1p1f1,2023,09,17,0.0,32.727512,16.895435,2023
3182,r10i1p1f1,2023,09,18,0.0,28.744822,13.359323,2023
3183,r10i1p1f1,2023,09,19,0.0,31.250874,14.007705,2023
3184,r10i1p1f1,2023,09,20,0.0,31.666433,16.139593,2023
3185,r10i1p1f1,2023,09,21,0.0,35.462616,18.443949,2023
3186,r10i1p1f1,2023,09,22,0.0,37.07871,19.918955,2023
3187,r10i1p1f1,2023,09,23,0.0,35.024635,20.980268,2023
3188,r10i1p1f1,2023,09,24,0.0,35.4464,16.542799,2023
3189,r10i1p1f1,2023,09,25,0.0,26.018488,10.619419,2023
3190,r10i1p1f1,2023,09,26,0.0,30.889572,13.801389,2023
3191,r10i1p1f1,2023,09,27,0.0,30.120358,15.074664,2023
3192,r10i1p1f1,2023,09,28,0.0,29.30572,15.411774,2023
3193,r10i1p1f1,2023,09,29,0.0,27.29349,12.184234,2023
3194,r10i1p1f1,2023,09,30,0.0,26.016222,12.321246,2023
3195,r10i1p1f1,2023,10,01,0.0,28.77025,11.313988,2023
3196,r10i1p1f1,2023,10,02,0.0,33.253956,13.607347,2023
3197,r10i1p1f1,2023,10,03,0.0,32.604126,15.420523,2023
3198,r10i1p1f1,2023,10,04,0.0,24.173574,10.773209,2023
3199,r10i1p1f1,2023,10,05,0.0,23.88134,10.625447,2023
3200,r10i1p1f1,2023,10,06,0.0,27.352821,11.179136,2023
3201,r10i1p1f1,2023,10,07,0.0,28.340479,11.581597,2023
3202,r10i1p1f1,2023,10,08,0.0,27.543303,11.059201,2023
3203,r10i1p1f1,2023,10,09,0.0,25.52646,7.4227586,2023
3204,r10i1p1f1,2023,10,10,0.0,20.235987,7.0653744,2023
3205,r10i1p1f1,2023,10,11,0.0,19.42769,4.331409,2023
3206,r10i1p1f1,2023,10,12,0.0,17.25975,4.3461165,2023
3207,r10i1p1f1,2023,10,13,0.0,19.340017,5.5499845,2023
3208,r10i1p1f1,2023,10,14,0.02067712358487035,19.280828,4.214636,2023
3209,r10i1p1f1,2023,10,15,0.0,20.598726,6.046574,2023
3210,r10i1p1f1,2023,10,16,0.0,26.265038,6.055068,2023
3211,r10i1p1f1,2023,10,17,0.0,29.400648,11.927256,2023
3212,r10i1p1f1,2023,10,18,0.0,28.911667,9.713228,2023
3213,r10i1p1f1,2023,10,19,0.0,23.580288,8.172503,2023
3214,r10i1p1f1,2023,10,20,0.0,22.130562,6.9392514,2023
3215,r10i1p1f1,2023,10,21,0.0,25.526789,7.004515,2023
3216,r10i1p1f1,2023,10,22,0.0,26.701044,8.887902,2023
3217,r10i1p1f1,2023,10,23,0.0,26.27148,11.477755,2023
3218,r10i1p1f1,2023,10,24,0.0,25.778692,13.234932,2023
3219,r10i1p1f1,2023,10,25,1.3478031123285243,21.062601,9.118737,2023
3220,r10i1p1f1,2023,10,26,0.0,23.578857,7.642114,2023
3221,r10i1p1f1,2023,10,27,0.0,23.405085,10.05965,2023
3222,r10i1p1f1,2023,10,28,0.0,24.296978,8.123683,2023
3223,r10i1p1f1,2023,10,29,0.0,25.241758,7.941533,2023
3224,r10i1p1f1,2023,10,30,0.0,25.1422,8.823119,2023
3225,r10i1p1f1,2023,10,31,0.0,24.469604,9.138985,2023
3226,r10i1p1f1,2023,11,01,0.0,24.729536,8.982347,2023
3227,r10i1p1f1,2023,11,02,0.20675466780391472,22.3979,11.084489,2023
3228,r10i1p1f1,2023,11,03,0.0,21.069399,8.951831,2023
3229,r10i1p1f1,2023,11,04,0.0,22.89953,8.446482,2023
3230,r10i1p1f1,2023,11,05,0.0,27.02753,6.544976,2023
3231,r10i1p1f1,2023,11,06,0.0,25.776867,6.5450125,2023
3232,r10i1p1f1,2023,11,07,0.0,25.470247,9.455159,2023
3233,r10i1p1f1,2023,11,08,0.0,25.439123,7.7498465,2023
3234,r10i1p1f1,2023,11,09,0.0,25.123507,8.540537,2023
3235,r10i1p1f1,2023,11,10,0.0,26.564436,8.200687,2023
3236,r10i1p1f1,2023,11,11,0.0,24.66653,11.888666,2023
3237,r10i1p1f1,2023,11,12,0.0,23.967169,6.1230226,2023
3238,r10i1p1f1,2023,11,13,0.0,20.835213,2.6417167,2023
3239,r10i1p1f1,2023,11,14,0.0,18.891558,5.5871124,2023
3240,r10i1p1f1,2023,11,15,0.0,22.42275,7.013903,2023
3241,r10i1p1f1,2023,11,16,0.0,22.617182,6.810701,2023
3242,r10i1p1f1,2023,11,17,0.0,23.203478,5.582433,2023
3243,r10i1p1f1,2023,11,18,0.0,23.976974,3.9965563,2023
3244,r10i1p1f1,2023,11,19,0.04632569249033144,21.66322,7.787243,2023
3245,r10i1p1f1,2023,11,20,0.8726259661910406,22.841146,6.8188286,2023
3246,r10i1p1f1,2023,11,21,1.0628171339416632,15.015108,2.1100311,2023
3247,r10i1p1f1,2023,11,22,21.29581141964177,6.4803987,0.5346736,2023
3248,r10i1p1f1,2023,11,23,3.6152555382279004,6.0669026,-2.6129448,2023
3249,r10i1p1f1,2023,11,24,0.265023145460107,7.421389,-4.740685,2023
3250,r10i1p1f1,2023,11,25,21.45914356224239,4.5184903,-4.654331,2023
3251,r10i1p1f1,2023,11,26,0.06634287580805233,5.824377,-4.8146176,2023
3252,r10i1p1f1,2023,11,27,0.0,9.421684,-3.6992075,2023
3253,r10i1p1f1,2023,11,28,0.0,10.112877,-4.152312,2023
3254,r10i1p1f1,2023,11,29,0.0,15.769153,-0.34568587,2023
3255,r10i1p1f1,2023,11,30,0.0,19.128155,0.71707314,2023
3256,r10i1p1f1,2023,12,01,0.0,19.80833,5.944371,2023
3257,r10i1p1f1,2023,12,02,0.0,18.355085,5.4428353,2023
3258,r10i1p1f1,2023,12,03,0.0,16.71439,6.1041317,2023
3259,r10i1p1f1,2023,12,04,0.0,17.041937,4.661424,2023
3260,r10i1p1f1,2023,12,05,0.0,17.26709,3.8289835,2023
3261,r10i1p1f1,2023,12,06,0.0,18.511536,4.718675,2023
3262,r10i1p1f1,2023,12,07,0.0,18.006382,3.7556193,2023
3263,r10i1p1f1,2023,12,08,0.0,18.756353,3.5308661,2023
3264,r10i1p1f1,2023,12,09,0.0,19.944479,5.986059,2023
3265,r10i1p1f1,2023,12,10,0.0,21.857397,6.8786893,2023
3266,r10i1p1f1,2023,12,11,0.0,19.416967,6.5863376,2023
3267,r10i1p1f1,2023,12,12,0.0,19.865652,6.912525,2023
3268,r10i1p1f1,2023,12,13,0.0,20.283592,8.017728,2023
3269,r10i1p1f1,2023,12,14,0.0,21.107777,7.021475,2023
3270,r10i1p1f1,2023,12,15,0.0,20.377548,5.5933347,2023
3271,r10i1p1f1,2023,12,16,0.0,20.528067,4.976538,2023
3272,r10i1p1f1,2023,12,17,0.0,18.47088,6.0299315,2023
3273,r10i1p1f1,2023,12,18,0.0,17.691721,3.3781369,2023
3274,r10i1p1f1,2023,12,19,0.0,19.252623,4.2231674,2023
3275,r10i1p1f1,2023,12,20,0.0,19.34882,5.7564073,2023
3276,r10i1p1f1,2023,12,21,0.0,18.04155,5.209975,2023
3277,r10i1p1f1,2023,12,22,0.0,18.019897,4.0185127,2023
3278,r10i1p1f1,2023,12,23,0.0,16.762115,5.9204826,2023
3279,r10i1p1f1,2023,12,24,0.0,13.512932,6.771995,2023
3280,r10i1p1f1,2023,12,25,6.485665849648189,11.739158,2.8209102,2023
3281,r10i1p1f1,2023,12,26,10.419153294615649,10.4668045,4.241469,2023
3282,r10i1p1f1,2023,12,27,34.453681164641715,12.266038,7.932553,2023
3283,r10i1p1f1,2023,12,28,36.16182297517202,11.514874,5.6624436,2023
3284,r10i1p1f1,2023,12,29,0.0,11.587724,2.532268,2023
3285,r10i1p1f1,2023,12,30,0.4619745738493389,11.786858,3.0387013,2023
3286,r10i1p1f1,2023,12,31,12.888890364679115,10.549398,1.4747071,2023
3287,r10i1p1f1,2024,01,01,22.658860955179033,7.96981,2.253486,2024
3288,r10i1p1f1,2024,01,02,0.593354199851379,9.866589,3.8452253,2024
3289,r10i1p1f1,2024,01,03,0.4652230360845447,9.104149,2.881463,2024
3290,r10i1p1f1,2024,01,04,7.300049789773766,7.714398,2.166104,2024
3291,r10i1p1f1,2024,01,05,31.317878552822787,9.820018,2.9807835,2024
3292,r10i1p1f1,2024,01,06,4.068830433765183,11.366685,5.245264,2024
3293,r10i1p1f1,2024,01,07,0.7558032433507833,10.3974285,4.6753583,2024
3294,r10i1p1f1,2024,01,08,9.872096234673672,7.142645,2.3707433,2024
3295,r10i1p1f1,2024,01,09,12.761308375660231,6.9529514,1.6190655,2024
3296,r10i1p1f1,2024,01,10,0.01675987866148812,9.974101,-0.86220247,2024
3297,r10i1p1f1,2024,01,11,0.0,8.360919,-1.3208594,2024
3298,r10i1p1f1,2024,01,12,0.0,10.721494,-2.1402647,2024
3299,r10i1p1f1,2024,01,13,6.015729318038977,9.455869,-0.22590315,2024
3300,r10i1p1f1,2024,01,14,29.249004714840435,13.933362,2.6377802,2024
3301,r10i1p1f1,2024,01,15,12.971717268220871,13.648418,9.8807125,2024
3302,r10i1p1f1,2024,01,16,17.756839642319584,15.741335,10.412708,2024
3303,r10i1p1f1,2024,01,17,41.97316707087386,14.280844,11.040643,2024
3304,r10i1p1f1,2024,01,18,64.31123447408409,14.564944,9.564987,2024
3305,r10i1p1f1,2024,01,19,37.81314476295129,13.07328,5.544069,2024
3306,r10i1p1f1,2024,01,20,19.474083244322653,8.227468,3.1870596,2024
3307,r10i1p1f1,2024,01,21,27.188967951836897,10.060338,3.8951714,2024
3308,r10i1p1f1,2024,01,22,4.819162203009335,8.827991,4.3856964,2024
3309,r10i1p1f1,2024,01,23,0.0,11.9536085,4.134665,2024
3310,r10i1p1f1,2024,01,24,13.19077431827808,9.448489,3.415131,2024
3311,r10i1p1f1,2024,01,25,9.576548433912984,9.739105,5.0215325,2024
3312,r10i1p1f1,2024,01,26,0.0,10.7645235,2.7956433,2024
3313,r10i1p1f1,2024,01,27,0.05012796519670366,9.780705,1.1808683,2024
3314,r10i1p1f1,2024,01,28,0.0,10.025217,0.07262621,2024
3315,r10i1p1f1,2024,01,29,43.2892761199343,10.831024,-0.48437822,2024
3316,r10i1p1f1,2024,01,30,12.273572932549301,12.204815,4.9151053,2024
3317,r10i1p1f1,2024,01,31,0.0,14.764174,2.4927034,2024
3318,r10i1p1f1,2024,02,01,36.10530081327612,11.471752,6.9688835,2024
3319,r10i1p1f1,2024,02,02,13.824630576479985,10.294015,3.4951189,2024
3320,r10i1p1f1,2024,02,03,0.0,11.226552,-0.7550304,2024
3321,r10i1p1f1,2024,02,04,0.2561366754985341,11.011848,0.6729192,2024
3322,r10i1p1f1,2024,02,05,21.179090501544508,6.756817,1.1797088,2024
3323,r10i1p1f1,2024,02,06,6.091684575374912,8.485493,2.2362692,2024
3324,r10i1p1f1,2024,02,07,0.0,10.707196,3.3462741,2024
3325,r10i1p1f1,2024,02,08,0.0,12.747513,1.4864827,2024
3326,r10i1p1f1,2024,02,09,12.462488364728511,9.362695,2.8126721,2024
3327,r10i1p1f1,2024,02,10,2.7161239573232656,7.482923,3.4178326,2024
3328,r10i1p1f1,2024,02,11,0.0,13.058171,1.7181963,2024
3329,r10i1p1f1,2024,02,12,0.0,13.989425,3.4261158,2024
3330,r10i1p1f1,2024,02,13,0.0,15.805158,4.2787223,2024
3331,r10i1p1f1,2024,02,14,0.0,14.341479,4.0137424,2024
3332,r10i1p1f1,2024,02,15,5.627738251687812,11.394785,2.9532244,2024
3333,r10i1p1f1,2024,02,16,0.0,14.572211,1.846682,2024
3334,r10i1p1f1,2024,02,17,0.0,16.624702,4.0455346,2024
3335,r10i1p1f1,2024,02,18,3.2641527963182613,15.470253,4.627288,2024
3336,r10i1p1f1,2024,02,19,0.0007179587962462776,12.139389,3.592453,2024
3337,r10i1p1f1,2024,02,20,0.0,15.1394415,1.7109126,2024
3338,r10i1p1f1,2024,02,21,0.0,15.55399,2.75552,2024
3339,r10i1p1f1,2024,02,22,0.0,17.679222,4.8970275,2024
3340,r10i1p1f1,2024,02,23,0.0,17.50179,6.4531674,2024
3341,r10i1p1f1,2024,02,24,2.0866749808814538,11.719037,3.8365872,2024
3342,r10i1p1f1,2024,02,25,1.9469395271447578,18.442917,7.083856,2024
3343,r10i1p1f1,2024,02,26,0.0,20.461542,7.3640714,2024
3344,r10i1p1f1,2024,02,27,0.0,19.540607,7.5967712,2024
3345,r10i1p1f1,2024,02,28,0.0,21.02065,8.619457,2024
3346,r10i1p1f1,2024,02,29,0.0,21.484337,8.362437,2024
3347,r10i1p1f1,2024,03,01,0.0,23.237028,6.029322,2024
3348,r10i1p1f1,2024,03,02,0.0,21.596958,8.78054,2024
3349,r10i1p1f1,2024,03,03,0.0,22.084673,7.8913255,2024
3350,r10i1p1f1,2024,03,04,0.0,22.77745,6.6367226,2024
3351,r10i1p1f1,2024,03,05,0.0,19.722254,10.162285,2024
3352,r10i1p1f1,2024,03,06,22.134455128137855,17.128014,3.648349,2024
3353,r10i1p1f1,2024,03,07,8.8986207313275,10.881826,6.7011223,2024
3354,r10i1p1f1,2024,03,08,40.638805495722124,15.771658,6.117544,2024
3355,r10i1p1f1,2024,03,09,0.0,17.958277,5.621771,2024
3356,r10i1p1f1,2024,03,10,0.0,19.44786,4.989965,2024
3357,r10i1p1f1,2024,03,11,0.0,19.354921,6.9044075,2024
3358,r10i1p1f1,2024,03,12,6.747019858956168,17.786749,5.744158,2024
3359,r10i1p1f1,2024,03,13,11.926046998766987,17.825964,5.8293777,2024
3360,r10i1p1f1,2024,03,14,17.97514211947074,13.783232,3.5167975,2024
3361,r10i1p1f1,2024,03,15,0.02508100170464451,12.679278,5.990322,2024
3362,r10i1p1f1,2024,03,16,0.0,17.611452,3.8767138,2024
3363,r10i1p1f1,2024,03,17,10.87697630872227,14.325202,6.037158,2024
3364,r10i1p1f1,2024,03,18,0.2676220227792663,13.55204,7.2685194,2024
3365,r10i1p1f1,2024,03,19,0.0,17.02463,2.1780348,2024
3366,r10i1p1f1,2024,03,20,0.0,19.797632,1.5617712,2024
3367,r10i1p1f1,2024,03,21,0.044910100711460565,16.722847,3.3917599,2024
3368,r10i1p1f1,2024,03,22,4.684311948241023,9.705976,6.0137644,2024
3369,r10i1p1f1,2024,03,23,6.407038356495545,10.267006,3.71568,2024
3370,r10i1p1f1,2024,03,24,55.832545494195074,8.994245,1.7761738,2024
3371,r10i1p1f1,2024,03,25,1.1449513575826131,10.731553,1.3476815,2024
3372,r10i1p1f1,2024,03,26,0.0,16.128752,1.6676296,2024
3373,r10i1p1f1,2024,03,27,0.10840508307171005,15.637951,3.5608602,2024
3374,r10i1p1f1,2024,03,28,0.10728522737688188,15.008468,3.1028314,2024
3375,r10i1p1f1,2024,03,29,0.0,18.26817,3.1810656,2024
3376,r10i1p1f1,2024,03,30,0.0,19.66144,4.5212555,2024
3377,r10i1p1f1,2024,03,31,0.0047794363222477074,19.204576,4.263821,2024
3378,r10i1p1f1,2024,04,01,1.376840991494981,15.710233,3.4181414,2024
3379,r10i1p1f1,2024,04,02,0.0,15.915137,2.5991461,2024
3380,r10i1p1f1,2024,04,03,0.0,19.953152,2.2518494,2024
3381,r10i1p1f1,2024,04,04,0.0,19.96059,7.0957828,2024
3382,r10i1p1f1,2024,04,05,0.0,22.451038,6.119757,2024
3383,r10i1p1f1,2024,04,06,0.0,25.693897,7.3764205,2024
3384,r10i1p1f1,2024,04,07,0.0,26.99021,10.325005,2024
3385,r10i1p1f1,2024,04,08,0.0,26.181824,10.629163,2024
3386,r10i1p1f1,2024,04,09,0.0,24.32535,11.05586,2024
3387,r10i1p1f1,2024,04,10,0.0,22.903732,5.9358454,2024
3388,r10i1p1f1,2024,04,11,0.0,25.07271,7.286795,2024
3389,r10i1p1f1,2024,04,12,0.1582884887954462,20.443731,4.8694267,2024
3390,r10i1p1f1,2024,04,13,1.6772433401408642,11.688072,2.1750572,2024
3391,r10i1p1f1,2024,04,14,0.0,17.481571,3.7269897,2024
3392,r10i1p1f1,2024,04,15,0.0,17.009846,4.032363,2024
3393,r10i1p1f1,2024,04,16,0.0,16.477268,3.8120341,2024
3394,r10i1p1f1,2024,04,17,0.0,18.274536,2.3120532,2024
3395,r10i1p1f1,2024,04,18,0.0,18.18044,4.491341,2024
3396,r10i1p1f1,2024,04,19,15.309747475303562,14.702171,2.4459753,2024
3397,r10i1p1f1,2024,04,20,0.8622267100989982,12.00112,0.9477617,2024
3398,r10i1p1f1,2024,04,21,17.56122395929292,9.162307,3.0177333,2024
3399,r10i1p1f1,2024,04,22,4.339798973217656,13.565017,-0.12669252,2024
3400,r10i1p1f1,2024,04,23,0.09612482868090554,17.779099,2.9109776,2024
3401,r10i1p1f1,2024,04,24,0.2520272451587708,15.830165,1.9371513,2024
3402,r10i1p1f1,2024,04,25,0.7496603861670194,11.695382,0.102082305,2024
3403,r10i1p1f1,2024,04,26,0.0,14.725729,0.64764184,2024
3404,r10i1p1f1,2024,04,27,0.0,18.707834,4.1660976,2024
3405,r10i1p1f1,2024,04,28,0.0,21.496746,6.0056777,2024
3406,r10i1p1f1,2024,04,29,0.0,22.890665,7.527859,2024
3407,r10i1p1f1,2024,04,30,0.0,24.212847,7.7870812,2024
3408,r10i1p1f1,2024,05,01,0.0,25.364794,8.688801,2024
3409,r10i1p1f1,2024,05,02,0.0,23.875416,7.15924,2024
3410,r10i1p1f1,2024,05,03,0.0,23.758514,8.374448,2024
3411,r10i1p1f1,2024,05,04,0.0,23.101862,9.5400095,2024
3412,r10i1p1f1,2024,05,05,0.0,24.331772,7.778485,2024
3413,r10i1p1f1,2024,05,06,0.0,23.949768,9.783532,2024
3414,r10i1p1f1,2024,05,07,0.0,22.270136,8.018696,2024
3415,r10i1p1f1,2024,05,08,0.0,27.795729,9.872147,2024
3416,r10i1p1f1,2024,05,09,0.0,28.264742,12.1173935,2024
3417,r10i1p1f1,2024,05,10,0.0,27.435438,12.519705,2024
3418,r10i1p1f1,2024,05,11,0.015440238004023405,25.850843,9.187016,2024
3419,r10i1p1f1,2024,05,12,4.07868506549915,13.971705,6.787094,2024
3420,r10i1p1f1,2024,05,13,7.616130708016786,12.458146,4.8373246,2024
3421,r10i1p1f1,2024,05,14,0.012478975481587296,17.345503,2.6493733,2024
3422,r10i1p1f1,2024,05,15,0.0,25.2828,7.4970655,2024
3423,r10i1p1f1,2024,05,16,0.0,27.769335,10.139952,2024
3424,r10i1p1f1,2024,05,17,0.0,27.619883,13.125908,2024
3425,r10i1p1f1,2024,05,18,0.0,26.345608,9.308922,2024
3426,r10i1p1f1,2024,05,19,0.0,22.789997,7.515944,2024
3427,r10i1p1f1,2024,05,20,0.0,24.388456,7.3920593,2024
3428,r10i1p1f1,2024,05,21,0.0,29.465614,14.56216,2024
3429,r10i1p1f1,2024,05,22,0.0,31.903324,14.058253,2024
3430,r10i1p1f1,2024,05,23,0.0,30.65516,15.5262375,2024
3431,r10i1p1f1,2024,05,24,0.0,30.90944,15.059196,2024
3432,r10i1p1f1,2024,05,25,0.0,29.89293,14.757334,2024
3433,r10i1p1f1,2024,05,26,0.0,23.793951,10.644888,2024
3434,r10i1p1f1,2024,05,27,0.10063628613256458,21.375677,7.7261906,2024
3435,r10i1p1f1,2024,05,28,0.0,22.257841,5.849005,2024
3436,r10i1p1f1,2024,05,29,0.0,28.430218,11.942226,2024
3437,r10i1p1f1,2024,05,30,0.0,30.087088,14.099281,2024
3438,r10i1p1f1,2024,05,31,0.0,29.81456,15.167445,2024
3439,r10i1p1f1,2024,06,01,0.0,27.82074,13.954331,2024
3440,r10i1p1f1,2024,06,02,0.0,26.110048,12.877222,2024
3441,r10i1p1f1,2024,06,03,0.0726289694141183,18.076797,6.1356916,2024
3442,r10i1p1f1,2024,06,04,0.0,23.214876,8.423709,2024
3443,r10i1p1f1,2024,06,05,0.0,22.869473,8.590409,2024
3444,r10i1p1f1,2024,06,06,10.295608338109512,17.058279,6.958826,2024
3445,r10i1p1f1,2024,06,07,0.0,21.617342,7.7311463,2024
3446,r10i1p1f1,2024,06,08,0.0,21.54054,9.523218,2024
3447,r10i1p1f1,2024,06,09,7.734076546828299,12.642376,4.6828437,2024
3448,r10i1p1f1,2024,06,10,6.165117048950426,11.36602,4.7686067,2024
3449,r10i1p1f1,2024,06,11,0.0,18.239344,3.7120996,2024
3450,r10i1p1f1,2024,06,12,0.0,19.05808,3.2509925,2024
3451,r10i1p1f1,2024,06,13,0.0,17.329554,5.927646,2024
3452,r10i1p1f1,2024,06,14,0.3268544520850762,14.931195,3.3900316,2024
3453,r10i1p1f1,2024,06,15,0.0,19.236755,3.2764854,2024
3454,r10i1p1f1,2024,06,16,0.0,22.338867,5.1450486,2024
3455,r10i1p1f1,2024,06,17,0.0,25.371668,9.337475,2024
3456,r10i1p1f1,2024,06,18,0.0,24.979507,8.635584,2024
3457,r10i1p1f1,2024,06,19,0.0,24.831427,6.6380205,2024
3458,r10i1p1f1,2024,06,20,0.0,31.490765,12.555743,2024
3459,r10i1p1f1,2024,06,21,0.0,33.39899,15.797667,2024
3460,r10i1p1f1,2024,06,22,0.0,31.695288,14.531264,2024
3461,r10i1p1f1,2024,06,23,0.0,31.296213,15.197334,2024
3462,r10i1p1f1,2024,06,24,0.0,32.91076,16.380875,2024
3463,r10i1p1f1,2024,06,25,0.0,33.200733,17.396322,2024
3464,r10i1p1f1,2024,06,26,0.0,32.33679,16.418713,2024
3465,r10i1p1f1,2024,06,27,0.0,28.08491,14.397472,2024
3466,r10i1p1f1,2024,06,28,0.12449117394249984,24.550425,12.646651,2024
3467,r10i1p1f1,2024,06,29,0.0,30.470331,13.000072,2024
3468,r10i1p1f1,2024,06,30,0.0,31.169786,13.524459,2024
3469,r10i1p1f1,2024,07,01,0.0,33.192364,15.685524,2024
3470,r10i1p1f1,2024,07,02,0.0,33.672783,16.582773,2024
3471,r10i1p1f1,2024,07,03,0.0,33.732853,17.262207,2024
3472,r10i1p1f1,2024,07,04,0.47834332544880453,33.89894,18.857487,2024
3473,r10i1p1f1,2024,07,05,0.0,34.183914,18.412186,2024
3474,r10i1p1f1,2024,07,06,0.0,33.764557,18.165136,2024
3475,r10i1p1f1,2024,07,07,0.0,32.861485,17.64298,2024
3476,r10i1p1f1,2024,07,08,0.0,26.576872,13.091313,2024
3477,r10i1p1f1,2024,07,09,0.0,30.415075,12.82919,2024
3478,r10i1p1f1,2024,07,10,0.0,29.843592,13.988315,2024
3479,r10i1p1f1,2024,07,11,0.0,31.327345,13.342977,2024
3480,r10i1p1f1,2024,07,12,0.0,32.192352,14.571352,2024
3481,r10i1p1f1,2024,07,13,0.0,31.224102,14.659093,2024
3482,r10i1p1f1,2024,07,14,0.0,30.872845,13.627824,2024
3483,r10i1p1f1,2024,07,15,0.0,32.4062,13.882671,2024
3484,r10i1p1f1,2024,07,16,0.0,35.99293,19.259039,2024
3485,r10i1p1f1,2024,07,17,0.0,36.487522,19.194834,2024
3486,r10i1p1f1,2024,07,18,0.0,35.28915,19.03843,2024
3487,r10i1p1f1,2024,07,19,0.0,33.54966,18.575804,2024
3488,r10i1p1f1,2024,07,20,0.0,32.112793,16.76342,2024
3489,r10i1p1f1,2024,07,21,0.0,30.72967,15.40656,2024
3490,r10i1p1f1,2024,07,22,0.0,31.951693,14.673166,2024
3491,r10i1p1f1,2024,07,23,0.0,33.78269,15.414532,2024
3492,r10i1p1f1,2024,07,24,0.0038533408817449143,35.63084,19.19794,2024
3493,r10i1p1f1,2024,07,25,0.0,35.13268,18.367691,2024
3494,r10i1p1f1,2024,07,26,0.0,33.38092,18.036377,2024
3495,r10i1p1f1,2024,07,27,0.02346565158739778,31.523138,15.654045,2024
3496,r10i1p1f1,2024,07,28,0.0,33.332314,17.326126,2024
3497,r10i1p1f1,2024,07,29,0.0,33.648506,16.604752,2024
3498,r10i1p1f1,2024,07,30,0.0,34.991467,16.514128,2024
3499,r10i1p1f1,2024,07,31,0.0,34.87796,16.525793,2024
3500,r10i1p1f1,2024,08,01,0.0,33.79878,16.526937,2024
3501,r10i1p1f1,2024,08,02,0.0,32.243107,15.473403,2024
3502,r10i1p1f1,2024,08,03,0.0,35.979424,16.699057,2024
3503,r10i1p1f1,2024,08,04,0.0,35.918404,18.218468,2024
3504,r10i1p1f1,2024,08,05,0.0,35.860626,19.01968,2024
3505,r10i1p1f1,2024,08,06,0.0,37.887115,19.713055,2024
3506,r10i1p1f1,2024,08,07,0.0,36.564537,19.479357,2024
3507,r10i1p1f1,2024,08,08,0.0,36.670345,18.954906,2024
3508,r10i1p1f1,2024,08,09,0.2602104665512391,36.03128,18.858063,2024
3509,r10i1p1f1,2024,08,10,0.0,36.65896,19.197672,2024
3510,r10i1p1f1,2024,08,11,0.0,35.340534,18.969122,2024
3511,r10i1p1f1,2024,08,12,0.0,32.3721,17.00585,2024
3512,r10i1p1f1,2024,08,13,0.0,31.824224,16.395235,2024
3513,r10i1p1f1,2024,08,14,0.0,33.940723,17.060385,2024
3514,r10i1p1f1,2024,08,15,0.0,33.716114,17.169453,2024
3515,r10i1p1f1,2024,08,16,0.0,33.16764,17.44059,2024
3516,r10i1p1f1,2024,08,17,0.0,31.741144,16.424,2024
3517,r10i1p1f1,2024,08,18,0.0,27.912655,11.998837,2024
3518,r10i1p1f1,2024,08,19,0.0,27.456,9.100994,2024
3519,r10i1p1f1,2024,08,20,0.0,32.325253,14.89506,2024
3520,r10i1p1f1,2024,08,21,0.0,33.135616,15.355323,2024
3521,r10i1p1f1,2024,08,22,0.0,36.58263,17.773674,2024
3522,r10i1p1f1,2024,08,23,0.0,36.731174,17.651915,2024
3523,r10i1p1f1,2024,08,24,0.0,35.0318,18.562687,2024
3524,r10i1p1f1,2024,08,25,0.0,34.75551,17.20304,2024
3525,r10i1p1f1,2024,08,26,0.0,30.025846,12.922274,2024
3526,r10i1p1f1,2024,08,27,0.0,33.293556,16.90685,2024
3527,r10i1p1f1,2024,08,28,0.0,35.114613,15.620286,2024
3528,r10i1p1f1,2024,08,29,0.0,36.80222,17.836208,2024
3529,r10i1p1f1,2024,08,30,0.0,35.768383,19.02818,2024
3530,r10i1p1f1,2024,08,31,0.0,36.110905,18.029007,2024
3531,r10i1p1f1,2024,09,01,0.0,35.217148,18.537985,2024
3532,r10i1p1f1,2024,09,02,0.0,33.10647,17.313059,2024
3533,r10i1p1f1,2024,09,03,0.0,32.196728,15.018783,2024
3534,r10i1p1f1,2024,09,04,0.0,31.185013,14.843718,2024
3535,r10i1p1f1,2024,09,05,0.0,27.272943,9.863737,2024
3536,r10i1p1f1,2024,09,06,0.0,28.245428,9.575403,2024
3537,r10i1p1f1,2024,09,07,0.0,27.13669,10.358524,2024
3538,r10i1p1f1,2024,09,08,0.0,28.9338,11.418094,2024
3539,r10i1p1f1,2024,09,09,0.0,30.085102,13.124859,2024
3540,r10i1p1f1,2024,09,10,0.0,29.15264,13.977351,2024
3541,r10i1p1f1,2024,09,11,0.0,28.963303,13.075681,2024
3542,r10i1p1f1,2024,09,12,0.0,27.988586,11.7502165,2024
3543,r10i1p1f1,2024,09,13,0.0,32.732388,13.236939,2024
3544,r10i1p1f1,2024,09,14,0.0,37.08092,19.737656,2024
3545,r10i1p1f1,2024,09,15,0.0,37.79935,19.065182,2024
3546,r10i1p1f1,2024,09,16,0.0,36.723133,22.360945,2024
3547,r10i1p1f1,2024,09,17,0.0,33.95096,20.026306,2024
3548,r10i1p1f1,2024,09,18,0.0,32.412186,18.366844,2024
3549,r10i1p1f1,2024,09,19,0.0,34.5125,17.500927,2024
3550,r10i1p1f1,2024,09,20,0.0,34.461216,18.982004,2024
3551,r10i1p1f1,2024,09,21,0.0,34.02029,17.195692,2024
3552,r10i1p1f1,2024,09,22,0.0,36.51029,19.300055,2024
3553,r10i1p1f1,2024,09,23,0.0,36.713226,19.815445,2024
3554,r10i1p1f1,2024,09,24,0.0,36.660004,22.721592,2024
3555,r10i1p1f1,2024,09,25,0.0,37.69121,22.116022,2024
3556,r10i1p1f1,2024,09,26,0.0,37.304733,21.736837,2024
3557,r10i1p1f1,2024,09,27,0.0,40.297928,21.44888,2024
3558,r10i1p1f1,2024,09,28,0.0,40.38851,23.414263,2024
3559,r10i1p1f1,2024,09,29,0.0,37.89842,21.25393,2024
3560,r10i1p1f1,2024,09,30,0.0,34.824024,19.227541,2024
3561,r10i1p1f1,2024,10,01,0.0,33.498077,18.581114,2024
3562,r10i1p1f1,2024,10,02,0.0,32.362343,16.121326,2024
3563,r10i1p1f1,2024,10,03,0.0,27.984108,12.020139,2024
3564,r10i1p1f1,2024,10,04,0.0,25.492987,11.615298,2024
3565,r10i1p1f1,2024,10,05,10.137615455766392,22.567528,12.146226,2024
3566,r10i1p1f1,2024,10,06,3.84870158829328,21.609985,10.5717125,2024
3567,r10i1p1f1,2024,10,07,0.0,24.455265,10.485466,2024
3568,r10i1p1f1,2024,10,08,0.0,26.652884,12.2176895,2024
3569,r10i1p1f1,2024,10,09,0.0,27.910166,12.410225,2024
3570,r10i1p1f1,2024,10,10,0.0,27.78795,13.735413,2024
3571,r10i1p1f1,2024,10,11,0.0,28.766226,12.043563,2024
3572,r10i1p1f1,2024,10,12,0.0,28.83942,11.45724,2024
3573,r10i1p1f1,2024,10,13,0.0,26.715105,10.185132,2024
3574,r10i1p1f1,2024,10,14,0.0,24.325504,9.794487,2024
3575,r10i1p1f1,2024,10,15,0.0,23.92072,10.211554,2024
3576,r10i1p1f1,2024,10,16,0.0,26.869558,10.1027,2024
3577,r10i1p1f1,2024,10,17,0.0,29.774649,10.466412,2024
3578,r10i1p1f1,2024,10,18,0.0,28.395695,12.663123,2024
3579,r10i1p1f1,2024,10,19,0.0,24.08403,12.575489,2024
3580,r10i1p1f1,2024,10,20,53.13351640391997,25.743004,11.938729,2024
3581,r10i1p1f1,2024,10,21,12.406250674140258,13.644351,6.8595486,2024
3582,r10i1p1f1,2024,10,22,0.5285204664304681,13.597626,6.137086,2024
3583,r10i1p1f1,2024,10,23,11.628199192100988,17.088648,6.7698727,2024
3584,r10i1p1f1,2024,10,24,0.028251517668602327,19.611547,5.670409,2024
3585,r10i1p1f1,2024,10,25,0.0,21.781456,4.5281935,2024
3586,r10i1p1f1,2024,10,26,0.0,21.516806,8.338679,2024
3587,r10i1p1f1,2024,10,27,0.0,22.214977,9.631241,2024
3588,r10i1p1f1,2024,10,28,0.0,24.448576,10.68714,2024
3589,r10i1p1f1,2024,10,29,0.4222958695328615,16.873022,6.5898476,2024
3590,r10i1p1f1,2024,10,30,0.0,17.591467,4.298824,2024
3591,r10i1p1f1,2024,10,31,0.0,18.867495,4.8417125,2024
3592,r10i1p1f1,2024,11,01,0.0,18.659098,5.823004,2024
3593,r10i1p1f1,2024,11,02,0.0,18.167273,5.4386625,2024
3594,r10i1p1f1,2024,11,03,0.43289861610949293,18.580551,7.3970056,2024
3595,r10i1p1f1,2024,11,04,0.12458901512792708,16.71628,4.5727634,2024
3596,r10i1p1f1,2024,11,05,0.0,13.948947,0.66039616,2024
3597,r10i1p1f1,2024,11,06,2.929640228352295,13.578226,3.424563,2024
3598,r10i1p1f1,2024,11,07,15.149644928935327,9.241188,0.87266743,2024
3599,r10i1p1f1,2024,11,08,7.124994778400594,10.417122,2.3533807,2024
3600,r10i1p1f1,2024,11,09,23.275980415239342,12.006883,5.9006505,2024
3601,r10i1p1f1,2024,11,10,0.41923520139119463,15.602208,5.4605703,2024
3602,r10i1p1f1,2024,11,11,0.0,17.521988,-0.57011575,2024
3603,r10i1p1f1,2024,11,12,0.0,16.929266,3.0343826,2024
3604,r10i1p1f1,2024,11,13,0.0,15.75601,2.3787968,2024
3605,r10i1p1f1,2024,11,14,0.0,15.054254,3.3390822,2024
3606,r10i1p1f1,2024,11,15,0.8040457628986156,14.5111885,5.281144,2024
3607,r10i1p1f1,2024,11,16,0.08890627326955407,12.660126,1.3629484,2024
3608,r10i1p1f1,2024,11,17,0.0,7.861145,-5.1015663,2024
3609,r10i1p1f1,2024,11,18,0.0,8.099561,-5.4090385,2024
3610,r10i1p1f1,2024,11,19,0.0,7.6299477,-6.523495,2024
3611,r10i1p1f1,2024,11,20,0.0,6.4942183,-4.3456054,2024
3612,r10i1p1f1,2024,11,21,0.0,8.067913,-2.8628232,2024
3613,r10i1p1f1,2024,11,22,0.0,9.625951,-3.8011558,2024
3614,r10i1p1f1,2024,11,23,0.0,12.537861,-2.1044137,2024
3615,r10i1p1f1,2024,11,24,0.0,11.851642,-1.6176637,2024
3616,r10i1p1f1,2024,11,25,0.0,15.904262,3.8529928,2024
3617,r10i1p1f1,2024,11,26,0.0,16.454063,3.2812622,2024
3618,r10i1p1f1,2024,11,27,0.0,20.101948,1.9946653,2024
3619,r10i1p1f1,2024,11,28,0.0,17.130295,2.511408,2024
3620,r10i1p1f1,2024,11,29,0.0,14.929202,0.82291853,2024
3621,r10i1p1f1,2024,11,30,2.520127320480912,13.745152,3.4195926,2024
3622,r10i1p1f1,2024,12,01,13.98255223194658,9.113157,3.589341,2024
3623,r10i1p1f1,2024,12,02,1.8142735259157474,12.459481,6.41362,2024
3624,r10i1p1f1,2024,12,03,5.556749810152962,11.324674,5.3597364,2024
3625,r10i1p1f1,2024,12,04,10.5709074897229,11.567334,6.671543,2024
3626,r10i1p1f1,2024,12,05,0.0,13.455196,4.231719,2024
3627,r10i1p1f1,2024,12,06,23.940005995284178,10.965699,4.5449934,2024
3628,r10i1p1f1,2024,12,07,0.0,11.893459,1.4462603,2024
3629,r10i1p1f1,2024,12,08,0.0,9.529048,1.7233738,2024
3630,r10i1p1f1,2024,12,09,70.16843502183053,12.8354645,4.643564,2024
3631,r10i1p1f1,2024,12,10,8.278026378741886,14.155026,0.7280882,2024
3632,r10i1p1f1,2024,12,11,0.0,3.479578,-5.997893,2024
3633,r10i1p1f1,2024,12,12,0.0,2.6497505,-7.6584835,2024
3634,r10i1p1f1,2024,12,13,0.0,6.4006605,-6.14432,2024
3635,r10i1p1f1,2024,12,14,0.0,9.082958,-4.1961565,2024
3636,r10i1p1f1,2024,12,15,0.0,9.400887,-0.9379889,2024
3637,r10i1p1f1,2024,12,16,0.0,7.5936337,-1.9149222,2024
3638,r10i1p1f1,2024,12,17,0.0,10.30883,-1.8297222,2024
3639,r10i1p1f1,2024,12,18,0.0,10.223584,-2.5620632,2024
3640,r10i1p1f1,2024,12,19,0.0,11.144588,0.046975788,2024
3641,r10i1p1f1,2024,12,20,0.0,12.620091,0.1348381,2024
3642,r10i1p1f1,2024,12,21,0.0,13.596325,-0.847651,2024
3643,r10i1p1f1,2024,12,22,0.0,14.640948,0.7050488,2024
3644,r10i1p1f1,2024,12,23,0.0,14.185371,0.36076415,2024
3645,r10i1p1f1,2024,12,24,0.0,14.701047,1.1595383,2024
3646,r10i1p1f1,2024,12,25,0.0,14.923786,1.2004541,2024
3647,r10i1p1f1,2024,12,26,0.0,13.567099,0.66499853,2024
3648,r10i1p1f1,2024,12,27,0.0,10.4081955,-1.8444668,2024
3649,r10i1p1f1,2024,12,28,0.0,9.11764,-0.33939642,2024
3650,r10i1p1f1,2024,12,29,0.0,14.961421,2.9322453,2024
3651,r10i1p1f1,2024,12,30,0.0,16.351664,3.8984704,2024
3652,r10i1p1f1,2024,12,31,0.0,17.864193,4.6920977,2024
3653,r10i1p1f1,2025,01,01,0.0,17.081167,4.9879255,2025
3654,r10i1p1f1,2025,01,02,0.0,17.220078,3.6807668,2025
3655,r10i1p1f1,2025,01,03,0.0,13.158353,2.326901,2025
3656,r10i1p1f1,2025,01,04,0.0,15.056319,3.0760744,2025
3657,r10i1p1f1,2025,01,05,2.1123117800542737,15.714964,5.325648,2025
3658,r10i1p1f1,2025,01,06,0.0,10.785025,2.4841912,2025
3659,r10i1p1f1,2025,01,07,0.0,12.198382,1.9010681,2025
3660,r10i1p1f1,2025,01,08,0.0,13.160399,1.6791557,2025
3661,r10i1p1f1,2025,01,09,0.0,18.094742,5.4224253,2025
3662,r10i1p1f1,2025,01,10,0.0,18.899872,6.8484864,2025
3663,r10i1p1f1,2025,01,11,0.0,17.657486,4.8831487,2025
3664,r10i1p1f1,2025,01,12,0.0,15.591665,5.081149,2025
3665,r10i1p1f1,2025,01,13,0.019105978916693283,11.35942,3.86753,2025
3666,r10i1p1f1,2025,01,14,0.0,10.588374,1.1738962,2025
3667,r10i1p1f1,2025,01,15,0.013139436698924999,11.336952,4.427969,2025
3668,r10i1p1f1,2025,01,16,0.0,15.1782675,2.9248886,2025
3669,r10i1p1f1,2025,01,17,0.0,14.805984,3.2052398,2025
3670,r10i1p1f1,2025,01,18,0.0,14.133409,5.749989,2025
3671,r10i1p1f1,2025,01,19,1.5695595790846615,13.967425,3.1593254,2025
3672,r10i1p1f1,2025,01,20,0.2959537919309696,10.768789,7.2114,2025
3673,r10i1p1f1,2025,01,21,2.5536461880236807,17.484673,7.2208557,2025
3674,r10i1p1f1,2025,01,22,0.0,18.97599,7.774393,2025
3675,r10i1p1f1,2025,01,23,0.0,19.546402,8.328709,2025
3676,r10i1p1f1,2025,01,24,0.0,21.124783,8.37257,2025
3677,r10i1p1f1,2025,01,25,0.0,20.959702,8.14439,2025
3678,r10i1p1f1,2025,01,26,0.0,20.89554,7.8450074,2025
3679,r10i1p1f1,2025,01,27,0.0,21.206589,8.107292,2025
3680,r10i1p1f1,2025,01,28,0.0,20.761805,8.371289,2025
3681,r10i1p1f1,2025,01,29,0.0,20.031471,7.368351,2025
3682,r10i1p1f1,2025,01,30,0.0,18.586472,5.6298127,2025
3683,r10i1p1f1,2025,01,31,0.0,14.89036,3.9367452,2025
3684,r10i1p1f1,2025,02,01,0.0,19.672049,5.5230575,2025
3685,r10i1p1f1,2025,02,02,0.0,16.987982,4.416788,2025
3686,r10i1p1f1,2025,02,03,0.0,15.896503,3.3594258,2025
3687,r10i1p1f1,2025,02,04,5.640438243235143,14.220401,4.030076,2025
3688,r10i1p1f1,2025,02,05,0.0,13.386198,1.7097381,2025
3689,r10i1p1f1,2025,02,06,0.0,15.864303,0.7198685,2025
3690,r10i1p1f1,2025,02,07,0.0,14.447598,1.9739635,2025
3691,r10i1p1f1,2025,02,08,0.0,13.125495,2.965429,2025
3692,r10i1p1f1,2025,02,09,17.061090322003064,11.295337,7.4107223,2025
3693,r10i1p1f1,2025,02,10,0.0,16.601,4.0644746,2025
3694,r10i1p1f1,2025,02,11,0.0,16.619549,5.0801635,2025
3695,r10i1p1f1,2025,02,12,0.0,12.969999,3.2032545,2025
3696,r10i1p1f1,2025,02,13,0.0,15.099506,2.118844,2025
3697,r10i1p1f1,2025,02,14,0.0,17.72502,4.4678364,2025
3698,r10i1p1f1,2025,02,15,2.344689719192454,17.77345,5.7305694,2025
3699,r10i1p1f1,2025,02,16,17.388230555929784,10.357737,5.6220894,2025
3700,r10i1p1f1,2025,02,17,40.530159429487725,12.621134,3.4001212,2025
3701,r10i1p1f1,2025,02,18,10.008887216329304,10.806747,1.7956458,2025
3702,r10i1p1f1,2025,02,19,7.527127492970689,8.36143,2.9496427,2025
3703,r10i1p1f1,2025,02,20,43.36775963464262,12.972623,2.7646012,2025
3704,r10i1p1f1,2025,02,21,4.287175046910737,12.09768,3.5350647,2025
3705,r10i1p1f1,2025,02,22,15.673677309103752,8.138268,3.1101158,2025
3706,r10i1p1f1,2025,02,23,0.0,10.934162,1.3060764,2025
3707,r10i1p1f1,2025,02,24,0.0,14.574282,1.1344004,2025
3708,r10i1p1f1,2025,02,25,0.0,17.331234,3.6260834,2025
3709,r10i1p1f1,2025,02,26,0.0,17.347723,5.2429614,2025
3710,r10i1p1f1,2025,02,27,0.0,14.880787,3.4394383,2025
3711,r10i1p1f1,2025,02,28,0.0,13.82019,1.9135222,2025
3712,r10i1p1f1,2025,03,01,8.619446138886575,13.096656,3.5441406,2025
3713,r10i1p1f1,2025,03,02,1.0258360924509409,11.796231,4.873845,2025
3714,r10i1p1f1,2025,03,03,0.0,13.0249405,1.1050031,2025
3715,r10i1p1f1,2025,03,04,26.147992221951043,11.5201,1.5819441,2025
3716,r10i1p1f1,2025,03,05,27.486395196511264,9.335743,3.2043214,2025
3717,r10i1p1f1,2025,03,06,18.044932199930038,9.315712,2.5239766,2025
3718,r10i1p1f1,2025,03,07,0.28063817916709494,11.666093,1.3403907,2025
3719,r10i1p1f1,2025,03,08,0.003972362958991557,10.572461,1.9481289,2025
3720,r10i1p1f1,2025,03,09,0.5444740103580683,9.866371,0.09572039,2025
3721,r10i1p1f1,2025,03,10,0.0,11.0592985,-2.3681688,2025
3722,r10i1p1f1,2025,03,11,0.8374304605814885,11.227481,2.2999375,2025
3723,r10i1p1f1,2025,03,12,0.0,15.018865,1.7382879,2025
3724,r10i1p1f1,2025,03,13,0.0,21.142817,4.0253077,2025
3725,r10i1p1f1,2025,03,14,0.0,24.5248,8.426016,2025
3726,r10i1p1f1,2025,03,15,2.791154221411393,20.945587,5.35414,2025
3727,r10i1p1f1,2025,03,16,0.0,18.436459,4.3086867,2025
3728,r10i1p1f1,2025,03,17,4.4656888311118035,16.800194,4.896508,2025
3729,r10i1p1f1,2025,03,18,1.9827944481939515,10.270184,0.5056086,2025
3730,r10i1p1f1,2025,03,19,0.0,15.497563,0.3629253,2025
3731,r10i1p1f1,2025,03,20,0.0,18.872122,4.0412374,2025
3732,r10i1p1f1,2025,03,21,0.0,19.409672,3.5637255,2025
3733,r10i1p1f1,2025,03,22,0.0,18.720284,5.6415935,2025
3734,r10i1p1f1,2025,03,23,0.0,21.158234,5.9876485,2025
3735,r10i1p1f1,2025,03,24,0.0,24.970175,6.992941,2025
3736,r10i1p1f1,2025,03,25,0.0,23.81462,8.619252,2025
3737,r10i1p1f1,2025,03,26,0.0,23.126066,7.8255324,2025
3738,r10i1p1f1,2025,03,27,0.0,22.367752,9.6477585,2025
3739,r10i1p1f1,2025,03,28,0.0,24.798456,8.034298,2025
3740,r10i1p1f1,2025,03,29,0.0,27.063326,8.423857,2025
3741,r10i1p1f1,2025,03,30,0.0,25.026505,10.193779,2025
3742,r10i1p1f1,2025,03,31,15.065152474715816,18.43059,6.2375875,2025
3743,r10i1p1f1,2025,04,01,22.99583202417891,14.272484,10.034762,2025
3744,r10i1p1f1,2025,04,02,65.28883797030798,14.619098,11.204872,2025
3745,r10i1p1f1,2025,04,03,59.655952114783425,14.371274,4.5328016,2025
3746,r10i1p1f1,2025,04,04,1.8146614986490979,11.867821,2.630888,2025
3747,r10i1p1f1,2025,04,05,48.03828677885529,12.899994,3.4076738,2025
3748,r10i1p1f1,2025,04,06,0.9599528062787948,14.576491,5.307182,2025
3749,r10i1p1f1,2025,04,07,36.063328653721044,14.138592,4.6889844,2025
3750,r10i1p1f1,2025,04,08,0.0,16.988749,5.613914,2025
3751,r10i1p1f1,2025,04,09,0.0,18.874033,4.832609,2025
3752,r10i1p1f1,2025,04,10,0.0,19.721733,5.822178,2025
3753,r10i1p1f1,2025,04,11,0.0,21.628433,7.0153136,2025
3754,r10i1p1f1,2025,04,12,0.0,18.395428,5.283494,2025
3755,r10i1p1f1,2025,04,13,0.0,13.339227,-0.3598109,2025
3756,r10i1p1f1,2025,04,14,0.0,20.343899,5.942557,2025
3757,r10i1p1f1,2025,04,15,0.0,22.669502,9.831332,2025
3758,r10i1p1f1,2025,04,16,0.0,25.196915,9.0047035,2025
3759,r10i1p1f1,2025,04,17,0.0,23.84748,9.60096,2025
3760,r10i1p1f1,2025,04,18,0.0,23.090363,10.139197,2025
3761,r10i1p1f1,2025,04,19,0.0,25.090458,8.39001,2025
3762,r10i1p1f1,2025,04,20,0.0,27.65449,10.226193,2025
3763,r10i1p1f1,2025,04,21,0.0,30.63571,13.557174,2025
3764,r10i1p1f1,2025,04,22,0.0,31.498375,16.705185,2025
3765,r10i1p1f1,2025,04,23,0.0,32.169346,16.174932,2025
3766,r10i1p1f1,2025,04,24,0.0013807855985329585,29.792963,14.730931,2025
3767,r10i1p1f1,2025,04,25,0.10418168218812322,32.309395,16.805515,2025
3768,r10i1p1f1,2025,04,26,0.15758448608769532,27.911757,14.182758,2025
3769,r10i1p1f1,2025,04,27,0.0,26.049341,12.737872,2025
3770,r10i1p1f1,2025,04,28,1.4615240312519076,21.564545,7.536425,2025
3771,r10i1p1f1,2025,04,29,11.718761559055972,14.849886,7.7763352,2025
3772,r10i1p1f1,2025,04,30,0.013989045452801389,16.792673,7.496515,2025
3773,r10i1p1f1,2025,05,01,0.0,16.010778,6.877876,2025
3774,r10i1p1f1,2025,05,02,0.0,17.014406,7.606505,2025
3775,r10i1p1f1,2025,05,03,0.0,16.329731,3.9285045,2025
3776,r10i1p1f1,2025,05,04,0.0,17.490366,2.7694528,2025
3777,r10i1p1f1,2025,05,05,0.0,24.002363,8.942973,2025
3778,r10i1p1f1,2025,05,06,0.0,28.329727,13.601816,2025
3779,r10i1p1f1,2025,05,07,0.0,28.459948,13.72668,2025
3780,r10i1p1f1,2025,05,08,0.0,28.00986,13.832542,2025
3781,r10i1p1f1,2025,05,09,0.0,28.495996,12.202219,2025
3782,r10i1p1f1,2025,05,10,0.0,29.696308,13.883709,2025
3783,r10i1p1f1,2025,05,11,0.0,29.323166,15.31255,2025
3784,r10i1p1f1,2025,05,12,0.0,30.135273,15.078485,2025
3785,r10i1p1f1,2025,05,13,0.0,29.597042,14.879981,2025
3786,r10i1p1f1,2025,05,14,0.0,28.299599,13.405978,2025
3787,r10i1p1f1,2025,05,15,0.0,27.425955,12.857743,2025
3788,r10i1p1f1,2025,05,16,0.0,27.900606,11.445175,2025
3789,r10i1p1f1,2025,05,17,0.0,29.233131,12.1278,2025
3790,r10i1p1f1,2025,05,18,0.0,31.488602,15.647628,2025
3791,r10i1p1f1,2025,05,19,0.0,31.024044,15.048096,2025
3792,r10i1p1f1,2025,05,20,0.0,23.344316,6.389942,2025
3793,r10i1p1f1,2025,05,21,4.4939132733289675,14.916018,2.324425,2025
3794,r10i1p1f1,2025,05,22,0.0,16.081524,3.6746833,2025
3795,r10i1p1f1,2025,05,23,0.0,22.471834,5.174572,2025
3796,r10i1p1f1,2025,05,24,0.0,27.469835,10.343781,2025
3797,r10i1p1f1,2025,05,25,0.0,28.874315,13.40905,2025
3798,r10i1p1f1,2025,05,26,0.0,28.670307,12.617571,2025
3799,r10i1p1f1,2025,05,27,0.0,28.739206,14.171582,2025
3800,r10i1p1f1,2025,05,28,0.0,29.728357,14.268437,2025
3801,r10i1p1f1,2025,05,29,0.0,29.40466,13.81068,2025
3802,r10i1p1f1,2025,05,30,0.0,26.298168,12.8766365,2025
3803,r10i1p1f1,2025,05,31,0.0,24.748182,10.782085,2025
3804,r10i1p1f1,2025,06,01,23.350184874633623,16.692703,3.8440504,2025
3805,r10i1p1f1,2025,06,02,12.754549156211157,14.882056,3.3739262,2025
3806,r10i1p1f1,2025,06,03,0.0,24.767744,5.6295896,2025
3807,r10i1p1f1,2025,06,04,0.11611753790547434,21.134964,9.386528,2025
3808,r10i1p1f1,2025,06,05,14.186463109217584,16.47775,3.9275348,2025
3809,r10i1p1f1,2025,06,06,0.0,21.658003,4.5852885,2025
3810,r10i1p1f1,2025,06,07,0.0,23.115145,7.6250153,2025
3811,r10i1p1f1,2025,06,08,0.0,28.918583,12.385427,2025
3812,r10i1p1f1,2025,06,09,0.0,31.951265,14.723414,2025
3813,r10i1p1f1,2025,06,10,0.0,34.253292,16.575811,2025
3814,r10i1p1f1,2025,06,11,0.0,36.163105,19.370756,2025
3815,r10i1p1f1,2025,06,12,0.0,33.09366,18.440304,2025
3816,r10i1p1f1,2025,06,13,0.0,35.436695,21.024872,2025
3817,r10i1p1f1,2025,06,14,0.0,35.79302,20.087439,2025
3818,r10i1p1f1,2025,06,15,0.0,35.276535,17.944021,2025
3819,r10i1p1f1,2025,06,16,0.0,37.67223,20.61478,2025
3820,r10i1p1f1,2025,06,17,0.0,37.338757,21.390648,2025
3821,r10i1p1f1,2025,06,18,0.0,34.557167,19.927673,2025
3822,r10i1p1f1,2025,06,19,0.0,32.994427,18.74086,2025
3823,r10i1p1f1,2025,06,20,0.0,28.475033,14.054678,2025
3824,r10i1p1f1,2025,06,21,0.0,29.939703,15.331088,2025
3825,r10i1p1f1,2025,06,22,0.0,29.263464,14.372516,2025
3826,r10i1p1f1,2025,06,23,0.0,31.305256,12.929426,2025
3827,r10i1p1f1,2025,06,24,0.0,32.583813,15.320251,2025
3828,r10i1p1f1,2025,06,25,0.0,31.914352,16.125813,2025
3829,r10i1p1f1,2025,06,26,0.0,34.284298,15.163572,2025
3830,r10i1p1f1,2025,06,27,0.0,36.004887,18.66729,2025
3831,r10i1p1f1,2025,06,28,0.0,34.869305,18.199753,2025
3832,r10i1p1f1,2025,06,29,0.0,33.451897,17.517614,2025
3833,r10i1p1f1,2025,06,30,0.0,30.907316,15.223999,2025
3834,r10i1p1f1,2025,07,01,0.0,32.31616,15.195939,2025
3835,r10i1p1f1,2025,07,02,0.0,35.809597,18.515837,2025
3836,r10i1p1f1,2025,07,03,0.0,38.682137,21.92469,2025
3837,r10i1p1f1,2025,07,04,0.0,39.343914,21.993189,2025
3838,r10i1p1f1,2025,07,05,0.0,38.48265,21.653963,2025
3839,r10i1p1f1,2025,07,06,0.0,38.1249,22.515114,2025
3840,r10i1p1f1,2025,07,07,0.0,33.666447,17.89729,2025
3841,r10i1p1f1,2025,07,08,0.0,29.773718,14.667861,2025
3842,r10i1p1f1,2025,07,09,0.0,31.330791,14.291481,2025
3843,r10i1p1f1,2025,07,10,0.0,32.463837,15.3955765,2025
3844,r10i1p1f1,2025,07,11,0.0,31.511887,14.586726,2025
3845,r10i1p1f1,2025,07,12,0.0,35.54735,15.818353,2025
3846,r10i1p1f1,2025,07,13,0.0,37.437634,20.389786,2025
3847,r10i1p1f1,2025,07,14,0.0,37.181976,20.490505,2025
3848,r10i1p1f1,2025,07,15,0.0,38.87579,20.81558,2025
3849,r10i1p1f1,2025,07,16,0.0,38.771862,21.164963,2025
3850,r10i1p1f1,2025,07,17,0.0,38.67278,21.430056,2025
3851,r10i1p1f1,2025,07,18,0.0,36.88559,17.881638,2025
3852,r10i1p1f1,2025,07,19,0.0009736093416952491,34.55627,18.039862,2025
3853,r10i1p1f1,2025,07,20,0.0,36.428223,18.054733,2025
3854,r10i1p1f1,2025,07,21,0.0,35.818188,16.754488,2025
3855,r10i1p1f1,2025,07,22,0.0,34.302944,17.297625,2025
3856,r10i1p1f1,2025,07,23,0.0,30.03851,13.382718,2025
3857,r10i1p1f1,2025,07,24,0.0,32.689037,13.223845,2025
3858,r10i1p1f1,2025,07,25,0.0,32.95975,15.314411,2025
3859,r10i1p1f1,2025,07,26,0.0,31.758541,15.181732,2025
3860,r10i1p1f1,2025,07,27,0.0,33.59986,14.353365,2025
3861,r10i1p1f1,2025,07,28,0.0,37.999794,18.660059,2025
3862,r10i1p1f1,2025,07,29,0.0,37.105556,19.763945,2025
3863,r10i1p1f1,2025,07,30,0.0,36.28973,18.619318,2025
3864,r10i1p1f1,2025,07,31,0.0,36.495132,18.941864,2025
3865,r10i1p1f1,2025,08,01,0.0,36.83316,17.24556,2025
3866,r10i1p1f1,2025,08,02,0.0,37.102802,18.525497,2025
3867,r10i1p1f1,2025,08,03,0.0,36.28471,18.131124,2025
3868,r10i1p1f1,2025,08,04,0.0,33.878277,16.877977,2025
3869,r10i1p1f1,2025,08,05,0.0,33.01991,15.839208,2025
3870,r10i1p1f1,2025,08,06,0.0,33.11954,15.883876,2025
3871,r10i1p1f1,2025,08,07,0.0,32.825325,15.282421,2025
3872,r10i1p1f1,2025,08,08,0.0,33.713303,15.380029,2025
3873,r10i1p1f1,2025,08,09,0.0,35.323696,15.170767,2025
3874,r10i1p1f1,2025,08,10,0.0,35.060333,15.614004,2025
3875,r10i1p1f1,2025,08,11,0.0,33.933014,17.061134,2025
3876,r10i1p1f1,2025,08,12,0.0,32.74567,16.440414,2025
3877,r10i1p1f1,2025,08,13,0.0,33.212967,15.840032,2025
3878,r10i1p1f1,2025,08,14,0.0,32.880497,15.806645,2025
3879,r10i1p1f1,2025,08,15,0.0,32.710968,15.942794,2025
3880,r10i1p1f1,2025,08,16,0.0,32.224594,15.434786,2025
3881,r10i1p1f1,2025,08,17,0.0,33.137646,15.669046,2025
3882,r10i1p1f1,2025,08,18,0.0,32.397293,16.039911,2025
3883,r10i1p1f1,2025,08,19,0.0,30.395874,14.197803,2025
3884,r10i1p1f1,2025,08,20,0.0,29.52593,11.445621,2025
3885,r10i1p1f1,2025,08,21,0.0,28.979492,11.667798,2025
3886,r10i1p1f1,2025,08,22,0.0,28.393269,12.760999,2025
3887,r10i1p1f1,2025,08,23,0.0,26.994703,10.599168,2025
3888,r10i1p1f1,2025,08,24,0.0,28.576693,11.385191,2025
3889,r10i1p1f1,2025,08,25,0.0,30.47291,13.885988,2025
3890,r10i1p1f1,2025,08,26,0.0,31.675186,15.390805,2025
3891,r10i1p1f1,2025,08,27,0.0,31.211317,15.625117,2025
3892,r10i1p1f1,2025,08,28,0.0,30.414875,11.179769,2025
3893,r10i1p1f1,2025,08,29,0.0,30.92072,13.237528,2025
3894,r10i1p1f1,2025,08,30,0.0,30.046364,13.44313,2025
3895,r10i1p1f1,2025,08,31,0.0,29.039316,10.675728,2025
3896,r10i1p1f1,2025,09,01,0.0,29.78609,13.137851,2025
3897,r10i1p1f1,2025,09,02,0.0,36.701946,17.716578,2025
3898,r10i1p1f1,2025,09,03,0.0,38.216843,21.288294,2025
3899,r10i1p1f1,2025,09,04,0.0,38.018944,21.13064,2025
3900,r10i1p1f1,2025,09,05,0.0,37.111748,19.744802,2025
3901,r10i1p1f1,2025,09,06,0.0,34.913822,17.367985,2025
3902,r10i1p1f1,2025,09,07,0.0,36.91378,19.062319,2025
3903,r10i1p1f1,2025,09,08,0.0,36.722046,19.628864,2025
3904,r10i1p1f1,2025,09,09,0.0,35.934353,21.629944,2025
3905,r10i1p1f1,2025,09,10,0.0,33.520424,17.721584,2025
3906,r10i1p1f1,2025,09,11,0.0,32.591175,17.278599,2025
3907,r10i1p1f1,2025,09,12,0.0,33.371616,16.766542,2025
3908,r10i1p1f1,2025,09,13,0.0,36.674236,18.477917,2025
3909,r10i1p1f1,2025,09,14,0.0,36.528717,20.367195,2025
3910,r10i1p1f1,2025,09,15,0.0,36.1976,18.84881,2025
3911,r10i1p1f1,2025,09,16,0.0,35.485687,18.712599,2025
3912,r10i1p1f1,2025,09,17,0.0,33.053314,16.2172,2025
3913,r10i1p1f1,2025,09,18,0.0,28.872047,13.39575,2025
3914,r10i1p1f1,2025,09,19,0.0,22.564907,7.129147,2025
3915,r10i1p1f1,2025,09,20,0.0,19.699389,4.2481737,2025
3916,r10i1p1f1,2025,09,21,0.0,19.827286,5.894881,2025
3917,r10i1p1f1,2025,09,22,0.0,21.497156,5.8168197,2025
3918,r10i1p1f1,2025,09,23,0.0,20.841194,6.353476,2025
3919,r10i1p1f1,2025,09,24,0.0,20.523062,5.0301094,2025
3920,r10i1p1f1,2025,09,25,0.0,24.34722,7.3902245,2025
3921,r10i1p1f1,2025,09,26,0.0,31.648014,14.508923,2025
3922,r10i1p1f1,2025,09,27,0.0,33.40746,16.462645,2025
3923,r10i1p1f1,2025,09,28,0.0,33.214638,17.363,2025
3924,r10i1p1f1,2025,09,29,0.0,33.254253,17.585968,2025
3925,r10i1p1f1,2025,09,30,0.0,32.12838,16.430805,2025
3926,r10i1p1f1,2025,10,01,0.0,32.13253,16.698702,2025
3927,r10i1p1f1,2025,10,02,0.0,33.578808,16.536228,2025
3928,r10i1p1f1,2025,10,03,0.0,32.878914,17.240612,2025
3929,r10i1p1f1,2025,10,04,0.0,34.262463,17.574738,2025
3930,r10i1p1f1,2025,10,05,0.0,33.493427,16.680435,2025
3931,r10i1p1f1,2025,10,06,0.0,28.849646,13.761188,2025
3932,r10i1p1f1,2025,10,07,0.0,25.290829,11.902127,2025
3933,r10i1p1f1,2025,10,08,0.0,24.825363,9.530031,2025
3934,r10i1p1f1,2025,10,09,0.0,25.15417,8.588997,2025
3935,r10i1p1f1,2025,10,10,0.0,23.043503,9.17046,2025
3936,r10i1p1f1,2025,10,11,0.03174616610617944,21.310898,4.6252303,2025
3937,r10i1p1f1,2025,10,12,0.017976796135898393,16.659662,3.3848825,2025
3938,r10i1p1f1,2025,10,13,0.0,18.441788,4.5695786,2025
3939,r10i1p1f1,2025,10,14,5.610585151436298,18.880468,7.86261,2025
3940,r10i1p1f1,2025,10,15,7.755114216668421,18.679886,7.8514957,2025
3941,r10i1p1f1,2025,10,16,0.0,19.807913,4.8443017,2025
3942,r10i1p1f1,2025,10,17,0.0,19.875277,4.2965055,2025
3943,r10i1p1f1,2025,10,18,0.0,22.565294,7.972844,2025
3944,r10i1p1f1,2025,10,19,0.0,23.368483,6.1969624,2025
3945,r10i1p1f1,2025,10,20,0.0,23.73018,7.982057,2025
3946,r10i1p1f1,2025,10,21,0.0,23.75521,9.334749,2025
3947,r10i1p1f1,2025,10,22,0.0,23.356256,7.420935,2025
3948,r10i1p1f1,2025,10,23,0.0,22.587843,8.356734,2025
3949,r10i1p1f1,2025,10,24,30.854005314023723,18.673712,8.130499,2025
3950,r10i1p1f1,2025,10,25,92.45751807833777,16.474546,11.633625,2025
3951,r10i1p1f1,2025,10,26,2.1501022739022644,17.7935,6.7219534,2025
3952,r10i1p1f1,2025,10,27,0.0,16.655815,5.642073,2025
3953,r10i1p1f1,2025,10,28,0.0,19.764063,9.132576,2025
3954,r10i1p1f1,2025,10,29,0.0,20.449295,7.202268,2025
3955,r10i1p1f1,2025,10,30,0.0,19.056133,5.6318398,2025
3956,r10i1p1f1,2025,10,31,0.0,19.134193,8.197156,2025
3957,r10i1p1f1,2025,11,01,0.0,21.84026,8.203282,2025
3958,r10i1p1f1,2025,11,02,0.0,21.100885,9.649852,2025
3959,r10i1p1f1,2025,11,03,0.0,22.764051,9.698464,2025
3960,r10i1p1f1,2025,11,04,1.0410208137416608,23.298225,12.195589,2025
3961,r10i1p1f1,2025,11,05,3.785289005176501,17.051128,11.882045,2025
3962,r10i1p1f1,2025,11,06,18.073372977577446,15.940096,7.9870896,2025
3963,r10i1p1f1,2025,11,07,7.82345556305556,12.959318,7.0868697,2025
3964,r10i1p1f1,2025,11,08,12.981275019027587,13.964691,7.1520176,2025
3965,r10i1p1f1,2025,11,09,0.0,16.785515,1.8486559,2025
3966,r10i1p1f1,2025,11,10,0.6127044328698168,16.385788,5.700848,2025
3967,r10i1p1f1,2025,11,11,1.4776877664476877,12.528378,2.9212348,2025
3968,r10i1p1f1,2025,11,12,0.0,14.494387,0.5152977,2025
3969,r10i1p1f1,2025,11,13,0.0,15.168587,0.92025834,2025
3970,r10i1p1f1,2025,11,14,0.0,14.72428,3.8890758,2025
3971,r10i1p1f1,2025,11,15,0.0,17.35006,5.515349,2025
3972,r10i1p1f1,2025,11,16,0.0,19.453863,7.021474,2025
3973,r10i1p1f1,2025,11,17,0.0,19.656303,4.4854794,2025
3974,r10i1p1f1,2025,11,18,0.0,19.717611,4.104224,2025
3975,r10i1p1f1,2025,11,19,0.0,21.124826,7.8274503,2025
3976,r10i1p1f1,2025,11,20,0.0,23.61756,6.2957125,2025
3977,r10i1p1f1,2025,11,21,0.0,24.43186,7.157886,2025
3978,r10i1p1f1,2025,11,22,0.0,24.371801,7.431088,2025
3979,r10i1p1f1,2025,11,23,0.0,23.720318,7.942362,2025
3980,r10i1p1f1,2025,11,24,0.0,22.282784,6.766246,2025
3981,r10i1p1f1,2025,11,25,0.0,20.701345,10.817442,2025
3982,r10i1p1f1,2025,11,26,27.9509140431305,16.9354,8.787753,2025
3983,r10i1p1f1,2025,11,27,42.65565087553114,11.266447,2.6818423,2025
3984,r10i1p1f1,2025,11,28,21.249974068824056,10.374655,3.9178536,2025
3985,r10i1p1f1,2025,11,29,0.0,13.5097,-0.80706024,2025
3986,r10i1p1f1,2025,11,30,0.0,13.267874,0.8673678,2025
3987,r10i1p1f1,2025,12,01,13.597765861164877,7.8146605,2.7131197,2025
3988,r10i1p1f1,2025,12,02,53.37411124737149,8.055362,1.3691494,2025
3989,r10i1p1f1,2025,12,03,5.464930876367266,5.979391,0.7854472,2025
3990,r10i1p1f1,2025,12,04,0.0,8.460286,1.7986313,2025
3991,r10i1p1f1,2025,12,05,17.424373083907227,8.719983,0.9858146,2025
3992,r10i1p1f1,2025,12,06,21.6344718770798,11.425292,5.908062,2025
3993,r10i1p1f1,2025,12,07,0.0,14.504827,3.2083886,2025
3994,r10i1p1f1,2025,12,08,0.0,16.693993,4.2947106,2025
3995,r10i1p1f1,2025,12,09,0.0,16.973793,6.566504,2025
3996,r10i1p1f1,2025,12,10,0.0,16.364248,6.0744042,2025
3997,r10i1p1f1,2025,12,11,0.0,15.250784,4.9490204,2025
3998,r10i1p1f1,2025,12,12,0.0,17.721386,4.9339895,2025
3999,r10i1p1f1,2025,12,13,0.0,16.982077,6.4041824,2025
4000,r10i1p1f1,2025,12,14,0.0,16.624548,9.271391,2025
4001,r10i1p1f1,2025,12,15,0.0,17.851212,6.5900774,2025
4002,r10i1p1f1,2025,12,16,0.0,16.989264,5.0043964,2025
4003,r10i1p1f1,2025,12,17,0.0,17.396719,7.6750593,2025
4004,r10i1p1f1,2025,12,18,0.0,14.976842,7.473142,2025
4005,r10i1p1f1,2025,12,19,0.0,16.602676,4.505596,2025
4006,r10i1p1f1,2025,12,20,0.0,16.974274,5.0891547,2025
4007,r10i1p1f1,2025,12,21,1.1365374293458637,17.659266,7.630911,2025
4008,r10i1p1f1,2025,12,22,20.945720119695913,10.636232,3.9249725,2025
4009,r10i1p1f1,2025,12,23,2.1073970614691606,9.884549,3.7824526,2025
4010,r10i1p1f1,2025,12,24,0.0,14.239931,1.5577302,2025
4011,r10i1p1f1,2025,12,25,0.0,12.777687,1.8187722,2025
4012,r10i1p1f1,2025,12,26,0.0,12.731688,3.985439,2025
4013,r10i1p1f1,2025,12,27,0.0,13.170569,-2.3385534,2025
4014,r10i1p1f1,2025,12,28,0.0,5.9959016,-3.7662072,2025
4015,r10i1p1f1,2025,12,29,1.4478352067947908,4.5755134,-2.5308323,2025
4016,r10i1p1f1,2025,12,30,0.5683231796386903,2.906453,-3.897,2025
4017,r10i1p1f1,2025,12,31,14.748676674743797,8.612548,-1.4072207,2025
4018,r10i1p1f1,2026,01,01,25.655604410291602,13.796846,5.3275065,2026
4019,r10i1p1f1,2026,01,02,15.3947465638722,11.776978,5.17699,2026
4020,r10i1p1f1,2026,01,03,0.0,13.968207,1.7546941,2026
4021,r10i1p1f1,2026,01,04,5.900659580756359,12.044268,3.920366,2026
4022,r10i1p1f1,2026,01,05,0.009878508526047594,11.166814,5.846352,2026
4023,r10i1p1f1,2026,01,06,0.020101120144557314,10.964017,5.0863767,2026
4024,r10i1p1f1,2026,01,07,0.0,13.220561,2.4000144,2026
4025,r10i1p1f1,2026,01,08,6.782806916606588,11.36005,4.171503,2026
4026,r10i1p1f1,2026,01,09,0.0,10.831775,6.1458015,2026
4027,r10i1p1f1,2026,01,10,28.883841790038307,10.2204275,3.197643,2026
4028,r10i1p1f1,2026,01,11,89.18491492391024,13.133285,6.538207,2026
4029,r10i1p1f1,2026,01,12,8.930690916818811,11.371967,5.8297057,2026
4030,r10i1p1f1,2026,01,13,0.0,13.278919,2.190448,2026
4031,r10i1p1f1,2026,01,14,33.731713202953536,11.73366,7.1097517,2026
4032,r10i1p1f1,2026,01,15,1.06034021202121,12.384795,6.2367845,2026
4033,r10i1p1f1,2026,01,16,0.0,13.91761,2.74006,2026
4034,r10i1p1f1,2026,01,17,0.0,15.277189,5.746069,2026
4035,r10i1p1f1,2026,01,18,0.0,16.886694,4.846775,2026
4036,r10i1p1f1,2026,01,19,0.0,14.762575,5.289343,2026
4037,r10i1p1f1,2026,01,20,0.0,14.181659,2.8451147,2026
4038,r10i1p1f1,2026,01,21,0.0,13.720822,2.502308,2026
4039,r10i1p1f1,2026,01,22,0.0,13.198108,1.2144719,2026
4040,r10i1p1f1,2026,01,23,0.0,12.036458,1.9367268,2026
4041,r10i1p1f1,2026,01,24,3.5354564206380403,9.318048,3.232071,2026
4042,r10i1p1f1,2026,01,25,63.41871591958854,16.891417,6.202114,2026
4043,r10i1p1f1,2026,01,26,53.685523713686145,14.514618,5.9647875,2026
4044,r10i1p1f1,2026,01,27,11.76644579213883,12.052522,1.9389683,2026
4045,r10i1p1f1,2026,01,28,15.621491164998396,7.9780917,1.040122,2026
4046,r10i1p1f1,2026,01,29,8.339648657649951,10.806587,4.0753207,2026
4047,r10i1p1f1,2026,01,30,6.883192877433574,11.116473,4.0102043,2026
4048,r10i1p1f1,2026,01,31,0.0,16.562809,1.933312,2026
4049,r10i1p1f1,2026,02,01,7.231888930025314,14.836189,4.297924,2026
4050,r10i1p1f1,2026,02,02,0.16221353462721086,12.529869,5.8312516,2026
4051,r10i1p1f1,2026,02,03,0.0,13.951055,1.1940023,2026
4052,r10i1p1f1,2026,02,04,0.0,13.916791,-1.0847954,2026
4053,r10i1p1f1,2026,02,05,0.0,12.585304,1.6579124,2026
4054,r10i1p1f1,2026,02,06,0.0,13.369511,0.111527294,2026
4055,r10i1p1f1,2026,02,07,0.0,14.4602,1.4924091,2026
4056,r10i1p1f1,2026,02,08,0.0,13.721911,1.7289605,2026
4057,r10i1p1f1,2026,02,09,3.6207374874624962,11.1790495,2.0251594,2026
4058,r10i1p1f1,2026,02,10,8.600482910984091,10.101803,2.7484477,2026
4059,r10i1p1f1,2026,02,11,0.0,15.094452,4.3912516,2026
4060,r10i1p1f1,2026,02,12,23.295283494333393,14.993567,3.9628215,2026
4061,r10i1p1f1,2026,02,13,6.2531675870750885,11.646058,4.790035,2026
4062,r10i1p1f1,2026,02,14,10.713140234522717,10.235562,3.616949,2026
4063,r10i1p1f1,2026,02,15,0.13304326490278504,13.128543,1.633554,2026
4064,r10i1p1f1,2026,02,16,0.0,11.883462,0.34659335,2026
4065,r10i1p1f1,2026,02,17,4.277723022594153,13.645304,3.1456852,2026
4066,r10i1p1f1,2026,02,18,0.0,19.423212,4.3735323,2026
4067,r10i1p1f1,2026,02,19,0.0,18.296888,5.082855,2026
4068,r10i1p1f1,2026,02,20,0.0,19.563353,5.5084863,2026
4069,r10i1p1f1,2026,02,21,0.0,20.949177,6.6026707,2026
4070,r10i1p1f1,2026,02,22,0.0,20.5789,7.178992,2026
4071,r10i1p1f1,2026,02,23,0.0,19.21961,6.469809,2026
4072,r10i1p1f1,2026,02,24,5.310088518270181,12.175157,4.7715187,2026
4073,r10i1p1f1,2026,02,25,0.12715848349551762,11.077065,1.602215,2026
4074,r10i1p1f1,2026,02,26,0.0,11.059912,0.6552431,2026
4075,r10i1p1f1,2026,02,27,7.218590533921088,8.370003,1.3791689,2026
4076,r10i1p1f1,2026,02,28,0.0,11.388967,0.19505028,2026
4077,r10i1p1f1,2026,03,01,0.0,11.774733,-1.426548,2026
4078,r10i1p1f1,2026,03,02,0.0,15.68268,0.05051422,2026
4079,r10i1p1f1,2026,03,03,0.0,18.777767,0.913155,2026
4080,r10i1p1f1,2026,03,04,0.0,21.297867,3.0248413,2026
4081,r10i1p1f1,2026,03,05,0.0,22.121227,8.105735,2026
4082,r10i1p1f1,2026,03,06,0.0,24.196066,8.181174,2026
4083,r10i1p1f1,2026,03,07,0.0,25.343174,9.134311,2026
4084,r10i1p1f1,2026,03,08,0.0,25.76229,9.870481,2026
4085,r10i1p1f1,2026,03,09,0.0,26.369377,10.271266,2026
4086,r10i1p1f1,2026,03,10,0.0,25.539656,9.963727,2026
4087,r10i1p1f1,2026,03,11,1.6616030255997765,20.07292,8.771935,2026
4088,r10i1p1f1,2026,03,12,4.041754326930172,13.347684,7.002626,2026
4089,r10i1p1f1,2026,03,13,0.0,18.338364,4.7156157,2026
4090,r10i1p1f1,2026,03,14,0.0,21.645203,4.0231276,2026
4091,r10i1p1f1,2026,03,15,4.868421685339279,17.969973,7.374388,2026
4092,r10i1p1f1,2026,03,16,0.0,19.503279,8.38663,2026
4093,r10i1p1f1,2026,03,17,0.0,18.626125,6.9858584,2026
4094,r10i1p1f1,2026,03,18,37.24466217559223,13.959092,6.045095,2026
4095,r10i1p1f1,2026,03,19,0.0,15.576703,3.336671,2026
4096,r10i1p1f1,2026,03,20,27.384663340145426,13.362103,4.939777,2026
4097,r10i1p1f1,2026,03,21,24.39324195377259,12.355101,4.156202,2026
4098,r10i1p1f1,2026,03,22,0.0,14.384888,2.6090598,2026
4099,r10i1p1f1,2026,03,23,6.180355891611773,11.155274,3.2069175,2026
4100,r10i1p1f1,2026,03,24,36.60952602972669,9.236771,3.491394,2026
4101,r10i1p1f1,2026,03,25,2.4747416669182902,9.119264,1.9645671,2026
4102,r10i1p1f1,2026,03,26,0.0,13.918415,-1.6274546,2026
4103,r10i1p1f1,2026,03,27,17.021478666298975,10.234847,1.4962451,2026
4104,r10i1p1f1,2026,03,28,16.69982743470954,9.662309,2.7748787,2026
4105,r10i1p1f1,2026,03,29,0.17060131435037443,15.799077,5.3093004,2026
4106,r10i1p1f1,2026,03,30,0.0,19.232056,5.8185306,2026
4107,r10i1p1f1,2026,03,31,0.0,20.248318,6.0857735,2026
4108,r10i1p1f1,2026,04,01,0.3947577210935474,18.342566,9.125403,2026
4109,r10i1p1f1,2026,04,02,0.0,20.23198,4.3543515,2026
4110,r10i1p1f1,2026,04,03,0.0,23.175104,6.359295,2026
4111,r10i1p1f1,2026,04,04,0.0,22.992588,10.629281,2026
4112,r10i1p1f1,2026,04,05,0.0,22.248705,8.440363,2026
4113,r10i1p1f1,2026,04,06,0.0,23.272882,7.1618667,2026
4114,r10i1p1f1,2026,04,07,0.0,24.1333,10.772774,2026
4115,r10i1p1f1,2026,04,08,9.723492894677053,19.284298,6.2034187,2026
4116,r10i1p1f1,2026,04,09,0.0,20.773869,4.9201255,2026
4117,r10i1p1f1,2026,04,10,14.783022581066593,17.88624,6.100519,2026
4118,r10i1p1f1,2026,04,11,0.0,17.816107,5.4925194,2026
4119,r10i1p1f1,2026,04,12,22.291746727454377,15.814716,5.1575985,2026
4120,r10i1p1f1,2026,04,13,1.6428642953374755,14.10898,1.4343543,2026
4121,r10i1p1f1,2026,04,14,0.16601922118417478,13.947716,2.438455,2026
4122,r10i1p1f1,2026,04,15,6.975046035413949,10.403125,0.5886359,2026
4123,r10i1p1f1,2026,04,16,0.42148287582581123,13.720823,4.0975,2026
4124,r10i1p1f1,2026,04,17,0.0,14.722569,2.0017376,2026
4125,r10i1p1f1,2026,04,18,0.0,18.793991,3.4920409,2026
4126,r10i1p1f1,2026,04,19,0.0,23.370766,7.445277,2026
4127,r10i1p1f1,2026,04,20,0.0,23.163532,7.9847436,2026
4128,r10i1p1f1,2026,04,21,74.52226509830277,17.47377,2.8575296,2026
4129,r10i1p1f1,2026,04,22,8.704444279838322,9.736837,1.0705963,2026
4130,r10i1p1f1,2026,04,23,0.0,15.440256,2.466273,2026
4131,r10i1p1f1,2026,04,24,0.0,21.099085,4.357842,2026
4132,r10i1p1f1,2026,04,25,0.0,25.498188,7.604901,2026
4133,r10i1p1f1,2026,04,26,0.0,26.767403,11.119338,2026
4134,r10i1p1f1,2026,04,27,0.0,27.873098,12.3764925,2026
4135,r10i1p1f1,2026,04,28,0.0,29.263126,13.930908,2026
4136,r10i1p1f1,2026,04,29,0.0,28.01745,14.439456,2026
4137,r10i1p1f1,2026,04,30,0.0,26.331417,13.527039,2026
4138,r10i1p1f1,2026,05,01,0.0,24.541641,11.211767,2026
4139,r10i1p1f1,2026,05,02,1.3618591957310855,18.076689,4.968474,2026
4140,r10i1p1f1,2026,05,03,0.0,19.591347,5.6803474,2026
4141,r10i1p1f1,2026,05,04,0.0,19.77356,6.4654765,2026
4142,r10i1p1f1,2026,05,05,5.151470948733635,14.843046,6.9034586,2026
4143,r10i1p1f1,2026,05,06,0.0,20.205156,7.3060036,2026
4144,r10i1p1f1,2026,05,07,0.0,20.149626,10.594159,2026
4145,r10i1p1f1,2026,05,08,21.722609669239702,16.139769,4.4237814,2026
4146,r10i1p1f1,2026,05,09,5.091697906027548,14.94908,4.792123,2026
4147,r10i1p1f1,2026,05,10,0.0,20.36172,5.769922,2026
4148,r10i1p1f1,2026,05,11,0.0,24.879602,8.4891405,2026
4149,r10i1p1f1,2026,05,12,0.0,24.506802,9.457865,2026
4150,r10i1p1f1,2026,05,13,0.0,22.070648,8.051628,2026
4151,r10i1p1f1,2026,05,14,0.0,23.950647,9.312004,2026
4152,r10i1p1f1,2026,05,15,0.0,26.981012,10.576906,2026
4153,r10i1p1f1,2026,05,16,0.0,26.929499,12.0120945,2026
4154,r10i1p1f1,2026,05,17,6.761847514596746,20.899069,6.371751,2026
4155,r10i1p1f1,2026,05,18,1.2334644393113674,15.725011,3.2518222,2026
4156,r10i1p1f1,2026,05,19,0.0,22.376852,5.2121444,2026
4157,r10i1p1f1,2026,05,20,0.0,27.831722,11.443688,2026
4158,r10i1p1f1,2026,05,21,0.0,31.320318,13.020615,2026
4159,r10i1p1f1,2026,05,22,0.0,30.387873,15.805972,2026
4160,r10i1p1f1,2026,05,23,0.0,28.661358,12.900357,2026
4161,r10i1p1f1,2026,05,24,0.0,29.916597,15.191728,2026
4162,r10i1p1f1,2026,05,25,0.0,32.468098,17.002043,2026
4163,r10i1p1f1,2026,05,26,0.0,31.99268,15.9906845,2026
4164,r10i1p1f1,2026,05,27,0.0,31.437912,16.364689,2026
4165,r10i1p1f1,2026,05,28,0.0,31.30913,16.017578,2026
4166,r10i1p1f1,2026,05,29,0.0,30.37518,14.991401,2026
4167,r10i1p1f1,2026,05,30,0.0,29.07827,13.440834,2026
4168,r10i1p1f1,2026,05,31,0.0,28.142324,11.953852,2026
4169,r10i1p1f1,2026,06,01,0.0,27.34167,9.935333,2026
4170,r10i1p1f1,2026,06,02,0.0,29.241661,10.392751,2026
4171,r10i1p1f1,2026,06,03,0.0,28.972939,15.990028,2026
4172,r10i1p1f1,2026,06,04,0.0,28.171717,15.789833,2026
4173,r10i1p1f1,2026,06,05,0.0,26.14445,9.357864,2026
4174,r10i1p1f1,2026,06,06,0.0,28.559063,11.062467,2026
4175,r10i1p1f1,2026,06,07,0.0,27.41455,11.036745,2026
4176,r10i1p1f1,2026,06,08,0.4762990384913217,19.587849,9.137613,2026
4177,r10i1p1f1,2026,06,09,0.0012535476104714785,24.833572,5.9702406,2026
4178,r10i1p1f1,2026,06,10,0.0,28.467754,12.725639,2026
4179,r10i1p1f1,2026,06,11,0.0,27.01925,12.272565,2026
4180,r10i1p1f1,2026,06,12,0.0,31.456276,14.614295,2026
4181,r10i1p1f1,2026,06,13,0.0,30.258825,14.054678,2026
4182,r10i1p1f1,2026,06,14,0.0,29.946552,14.042819,2026
4183,r10i1p1f1,2026,06,15,0.0,29.655014,14.687542,2026
4184,r10i1p1f1,2026,06,16,0.0,29.895042,13.0668545,2026
4185,r10i1p1f1,2026,06,17,0.0,30.847528,13.122704,2026
4186,r10i1p1f1,2026,06,18,0.0,29.8008,13.043433,2026
4187,r10i1p1f1,2026,06,19,0.0,29.380985,15.54645,2026
4188,r10i1p1f1,2026,06,20,0.0,29.404028,11.018635,2026
4189,r10i1p1f1,2026,06,21,0.0,30.241623,13.665077,2026
4190,r10i1p1f1,2026,06,22,0.0,28.914217,14.35422,2026
4191,r10i1p1f1,2026,06,23,0.0,28.45317,13.732872,2026
4192,r10i1p1f1,2026,06,24,0.0,28.913315,10.144349,2026
4193,r10i1p1f1,2026,06,25,0.0,28.644756,12.016277,2026
4194,r10i1p1f1,2026,06,26,0.0,28.445936,12.059711,2026
4195,r10i1p1f1,2026,06,27,0.0,29.61995,13.238797,2026
4196,r10i1p1f1,2026,06,28,0.0,30.208744,11.813573,2026
4197,r10i1p1f1,2026,06,29,0.0,34.79015,16.834047,2026
4198,r10i1p1f1,2026,06,30,0.0,33.900898,17.026497,2026
4199,r10i1p1f1,2026,07,01,0.0,33.085,17.157394,2026
4200,r10i1p1f1,2026,07,02,0.0,32.4263,16.580568,2026
4201,r10i1p1f1,2026,07,03,0.0,31.6387,16.093197,2026
4202,r10i1p1f1,2026,07,04,0.0,34.669586,16.001583,2026
4203,r10i1p1f1,2026,07,05,0.0,33.67116,17.793087,2026
4204,r10i1p1f1,2026,07,06,0.0,33.021168,15.666555,2026
4205,r10i1p1f1,2026,07,07,0.0,33.824875,16.921806,2026
4206,r10i1p1f1,2026,07,08,0.0,33.200836,16.092022,2026
4207,r10i1p1f1,2026,07,09,0.0,33.60671,16.530914,2026
4208,r10i1p1f1,2026,07,10,0.0,33.336487,18.181158,2026
4209,r10i1p1f1,2026,07,11,0.0,32.52075,16.916906,2026
4210,r10i1p1f1,2026,07,12,0.0,28.204584,11.922521,2026
4211,r10i1p1f1,2026,07,13,0.0,31.246069,13.10511,2026
4212,r10i1p1f1,2026,07,14,0.0,30.488897,14.000066,2026
4213,r10i1p1f1,2026,07,15,0.0,29.948744,14.337827,2026
4214,r10i1p1f1,2026,07,16,0.0,30.396278,13.975593,2026
4215,r10i1p1f1,2026,07,17,0.0,32.62625,14.600628,2026
4216,r10i1p1f1,2026,07,18,0.0,32.078747,14.007526,2026
4217,r10i1p1f1,2026,07,19,0.0,32.68427,14.76975,2026
4218,r10i1p1f1,2026,07,20,0.0,34.421455,16.72382,2026
4219,r10i1p1f1,2026,07,21,0.0,34.164047,18.615242,2026
4220,r10i1p1f1,2026,07,22,0.0,33.182972,17.13118,2026
4221,r10i1p1f1,2026,07,23,0.0,33.706673,16.724966,2026
4222,r10i1p1f1,2026,07,24,0.0,33.40002,16.573946,2026
4223,r10i1p1f1,2026,07,25,0.0,34.28175,16.760483,2026
4224,r10i1p1f1,2026,07,26,0.0,34.52662,18.154888,2026
4225,r10i1p1f1,2026,07,27,0.0,35.152046,18.138332,2026
4226,r10i1p1f1,2026,07,28,0.0,37.425037,19.789232,2026
4227,r10i1p1f1,2026,07,29,0.0,36.61973,19.279985,2026
4228,r10i1p1f1,2026,07,30,0.0,36.128246,18.582788,2026
4229,r10i1p1f1,2026,07,31,0.0,36.410103,18.086432,2026
4230,r10i1p1f1,2026,08,01,0.0,35.847836,18.66535,2026
4231,r10i1p1f1,2026,08,02,0.0,36.27396,19.64104,2026
4232,r10i1p1f1,2026,08,03,0.0,36.02804,18.19766,2026
4233,r10i1p1f1,2026,08,04,0.0,37.67904,21.740057,2026
4234,r10i1p1f1,2026,08,05,0.0,38.61302,21.327312,2026
4235,r10i1p1f1,2026,08,06,0.0,38.508125,19.994768,2026
4236,r10i1p1f1,2026,08,07,0.0,38.96137,21.437233,2026
4237,r10i1p1f1,2026,08,08,0.0,38.243435,20.717768,2026
4238,r10i1p1f1,2026,08,09,0.0,36.643883,19.107592,2026
4239,r10i1p1f1,2026,08,10,0.0,39.159195,21.086496,2026
4240,r10i1p1f1,2026,08,11,0.0,38.809193,21.527632,2026
4241,r10i1p1f1,2026,08,12,0.0,39.61451,21.78344,2026
4242,r10i1p1f1,2026,08,13,0.0,39.046753,22.669394,2026
4243,r10i1p1f1,2026,08,14,0.0,37.41504,20.58821,2026
4244,r10i1p1f1,2026,08,15,0.0,35.642704,18.207731,2026
4245,r10i1p1f1,2026,08,16,0.0,34.309074,15.946766,2026
4246,r10i1p1f1,2026,08,17,0.0,34.434525,16.128778,2026
4247,r10i1p1f1,2026,08,18,0.0,33.669262,15.614574,2026
4248,r10i1p1f1,2026,08,19,0.0,31.289982,14.321546,2026
4249,r10i1p1f1,2026,08,20,0.0,29.203459,11.682843,2026
4250,r10i1p1f1,2026,08,21,0.0,27.677546,10.340675,2026
4251,r10i1p1f1,2026,08,22,0.0,28.551813,10.300189,2026
4252,r10i1p1f1,2026,08,23,0.0,32.32347,13.461964,2026
4253,r10i1p1f1,2026,08,24,0.0,32.044956,15.073832,2026
4254,r10i1p1f1,2026,08,25,0.0,29.398893,13.371299,2026
4255,r10i1p1f1,2026,08,26,0.0,31.36997,13.427798,2026
4256,r10i1p1f1,2026,08,27,0.0,31.09098,13.805539,2026
4257,r10i1p1f1,2026,08,28,0.0,30.44884,12.469778,2026
4258,r10i1p1f1,2026,08,29,0.0,29.330359,11.317501,2026
4259,r10i1p1f1,2026,08,30,0.0,29.18596,11.955978,2026
4260,r10i1p1f1,2026,08,31,0.0,27.729488,11.441497,2026
4261,r10i1p1f1,2026,09,01,0.0,28.595247,11.666635,2026
4262,r10i1p1f1,2026,09,02,0.0,28.266033,11.243784,2026
4263,r10i1p1f1,2026,09,03,0.0,28.275423,12.496617,2026
4264,r10i1p1f1,2026,09,04,0.0,28.68319,10.1922865,2026
4265,r10i1p1f1,2026,09,05,0.0,33.815807,15.493563,2026
4266,r10i1p1f1,2026,09,06,0.0,34.082916,18.09576,2026
4267,r10i1p1f1,2026,09,07,0.0,33.11971,17.605385,2026
4268,r10i1p1f1,2026,09,08,0.0,34.654778,17.545273,2026
4269,r10i1p1f1,2026,09,09,0.0,38.00887,20.05758,2026
4270,r10i1p1f1,2026,09,10,0.0,37.0393,19.69162,2026
4271,r10i1p1f1,2026,09,11,0.0013664717950010335,36.08796,22.431643,2026
4272,r10i1p1f1,2026,09,12,0.0,31.880291,19.236204,2026
4273,r10i1p1f1,2026,09,13,0.18211914594327314,31.97893,18.385403,2026
4274,r10i1p1f1,2026,09,14,0.0,32.83518,17.640924,2026
4275,r10i1p1f1,2026,09,15,0.0,34.203632,18.468033,2026
4276,r10i1p1f1,2026,09,16,0.0,34.892532,19.456537,2026
4277,r10i1p1f1,2026,09,17,0.0,33.506542,17.4747,2026
4278,r10i1p1f1,2026,09,18,0.0,32.227627,17.150974,2026
4279,r10i1p1f1,2026,09,19,0.0,30.99051,15.625887,2026
4280,r10i1p1f1,2026,09,20,0.0,27.470087,12.816554,2026
4281,r10i1p1f1,2026,09,21,0.0,21.708158,8.465979,2026
4282,r10i1p1f1,2026,09,22,20.486689211994463,22.4443,9.634825,2026
4283,r10i1p1f1,2026,09,23,12.892833962580067,21.353354,10.483955,2026
4284,r10i1p1f1,2026,09,24,3.156478968728487e-05,22.76512,8.223682,2026
4285,r10i1p1f1,2026,09,25,0.0,23.349665,9.95552,2026
4286,r10i1p1f1,2026,09,26,0.0,28.559233,10.577535,2026
4287,r10i1p1f1,2026,09,27,0.0,29.246935,10.491138,2026
4288,r10i1p1f1,2026,09,28,0.0,29.834965,12.295392,2026
4289,r10i1p1f1,2026,09,29,0.0,29.088333,12.854918,2026
4290,r10i1p1f1,2026,09,30,0.0,25.454779,11.146134,2026
4291,r10i1p1f1,2026,10,01,0.0,22.039566,7.2599826,2026
4292,r10i1p1f1,2026,10,02,0.0,21.820465,6.557987,2026
4293,r10i1p1f1,2026,10,03,0.0,19.351263,5.4217796,2026
4294,r10i1p1f1,2026,10,04,0.0,23.212181,7.951008,2026
4295,r10i1p1f1,2026,10,05,0.0,27.620916,8.973809,2026
4296,r10i1p1f1,2026,10,06,0.0,30.087666,10.885266,2026
4297,r10i1p1f1,2026,10,07,0.0,29.375046,13.8614435,2026
4298,r10i1p1f1,2026,10,08,0.0,27.592087,12.453611,2026
4299,r10i1p1f1,2026,10,09,0.0,27.766409,10.282228,2026
4300,r10i1p1f1,2026,10,10,0.0,30.535978,12.089442,2026
4301,r10i1p1f1,2026,10,11,0.0,30.083979,14.901802,2026
4302,r10i1p1f1,2026,10,12,0.0,28.852951,14.462379,2026
4303,r10i1p1f1,2026,10,13,0.0,24.965525,10.327734,2026
4304,r10i1p1f1,2026,10,14,0.0,26.574509,11.075763,2026
4305,r10i1p1f1,2026,10,15,0.0,26.708313,12.781782,2026
4306,r10i1p1f1,2026,10,16,0.0,24.984907,11.177515,2026
4307,r10i1p1f1,2026,10,17,0.0,23.433226,11.5583,2026
4308,r10i1p1f1,2026,10,18,0.0,24.28962,9.60581,2026
4309,r10i1p1f1,2026,10,19,0.02195727490623923,23.302546,7.6839566,2026
4310,r10i1p1f1,2026,10,20,0.440914739312192,19.36943,8.525344,2026
4311,r10i1p1f1,2026,10,21,1.5458106429401883,22.85207,8.7407255,2026
4312,r10i1p1f1,2026,10,22,0.0,22.960379,7.9851966,2026
4313,r10i1p1f1,2026,10,23,0.11772049934064087,22.178797,9.59673,2026
4314,r10i1p1f1,2026,10,24,55.0533573786532,18.093393,12.182771,2026
4315,r10i1p1f1,2026,10,25,15.213512036777837,17.855244,12.968166,2026
4316,r10i1p1f1,2026,10,26,0.18264711821565902,21.352118,8.882658,2026
4317,r10i1p1f1,2026,10,27,0.0,24.764908,6.562425,2026
4318,r10i1p1f1,2026,10,28,0.0,26.04245,11.351913,2026
4319,r10i1p1f1,2026,10,29,0.0,24.721039,11.188699,2026
4320,r10i1p1f1,2026,10,30,0.0,23.05565,10.194684,2026
4321,r10i1p1f1,2026,10,31,0.0,25.283691,8.516651,2026
4322,r10i1p1f1,2026,11,01,0.0,24.861578,10.910508,2026
4323,r10i1p1f1,2026,11,02,0.0,24.135593,10.861462,2026
4324,r10i1p1f1,2026,11,03,4.1313349575686615,20.41782,9.409682,2026
4325,r10i1p1f1,2026,11,04,1.5677983356765348,13.868603,4.8148675,2026
4326,r10i1p1f1,2026,11,05,0.0,15.497995,5.080992,2026
4327,r10i1p1f1,2026,11,06,0.0,19.763292,5.8456182,2026
4328,r10i1p1f1,2026,11,07,0.0,18.321882,6.243772,2026
4329,r10i1p1f1,2026,11,08,0.0,17.939276,4.5377297,2026
4330,r10i1p1f1,2026,11,09,0.0,17.438234,4.609625,2026
4331,r10i1p1f1,2026,11,10,0.0,17.428734,3.6910272,2026
4332,r10i1p1f1,2026,11,11,14.822942092838563,17.450695,8.610967,2026
4333,r10i1p1f1,2026,11,12,19.307094714971946,11.317024,5.5803413,2026
4334,r10i1p1f1,2026,11,13,0.4315344431933897,16.55891,4.4848175,2026
4335,r10i1p1f1,2026,11,14,0.0,17.402136,4.1550775,2026
4336,r10i1p1f1,2026,11,15,10.89272189856274,17.542261,7.1763773,2026
4337,r10i1p1f1,2026,11,16,24.230447935559297,10.609168,6.012725,2026
4338,r10i1p1f1,2026,11,17,4.238690058637554,10.118788,1.6531038,2026
4339,r10i1p1f1,2026,11,18,0.0,11.794964,-0.763286,2026
4340,r10i1p1f1,2026,11,19,0.0,13.031808,0.3863672,2026
4341,r10i1p1f1,2026,11,20,3.614599622166057,11.499091,3.5664222,2026
4342,r10i1p1f1,2026,11,21,7.003572722054455,10.133852,4.880519,2026
4343,r10i1p1f1,2026,11,22,5.920202924675036,11.41242,0.4965527,2026
4344,r10i1p1f1,2026,11,23,41.5088883699163,11.92506,2.2808633,2026
4345,r10i1p1f1,2026,11,24,36.3225271367762,13.31984,8.426399,2026
4346,r10i1p1f1,2026,11,25,34.896199537845526,12.050154,6.5869584,2026
4347,r10i1p1f1,2026,11,26,40.941748795050536,12.540488,6.142467,2026
4348,r10i1p1f1,2026,11,27,20.53715228823038,11.632907,6.557312,2026
4349,r10i1p1f1,2026,11,28,6.291150353966882,12.024389,4.340622,2026
4350,r10i1p1f1,2026,11,29,1.0222753667987585,12.390025,2.3297377,2026
4351,r10i1p1f1,2026,11,30,0.01545955997962186,16.983927,6.069254,2026
4352,r10i1p1f1,2026,12,01,18.03326785386736,16.286497,8.531275,2026
4353,r10i1p1f1,2026,12,02,1.402006381120277,12.433602,1.4577223,2026
4354,r10i1p1f1,2026,12,03,98.79183668496185,12.51778,5.1551075,2026
4355,r10i1p1f1,2026,12,04,55.99897267039571,10.654085,4.3787346,2026
4356,r10i1p1f1,2026,12,05,3.3548375332381846,8.978461,4.083975,2026
4357,r10i1p1f1,2026,12,06,0.0,12.242713,1.4935905,2026
4358,r10i1p1f1,2026,12,07,0.0,14.739229,3.5100932,2026
4359,r10i1p1f1,2026,12,08,0.0,14.489716,4.977552,2026
4360,r10i1p1f1,2026,12,09,0.0,19.967915,4.890204,2026
4361,r10i1p1f1,2026,12,10,0.0,17.696077,7.209369,2026
4362,r10i1p1f1,2026,12,11,26.90738930342425,12.43796,7.196554,2026
4363,r10i1p1f1,2026,12,12,56.34138919168005,12.259208,4.461951,2026
4364,r10i1p1f1,2026,12,13,32.89726538075085,12.055062,4.48357,2026
4365,r10i1p1f1,2026,12,14,30.322809185906266,12.237515,6.2029676,2026
4366,r10i1p1f1,2026,12,15,1.4645283483380473,9.471135,4.2551904,2026
4367,r10i1p1f1,2026,12,16,0.0,11.556121,0.9764651,2026
4368,r10i1p1f1,2026,12,17,0.0,10.842892,0.47434837,2026
4369,r10i1p1f1,2026,12,18,0.0,11.213384,0.2560772,2026
4370,r10i1p1f1,2026,12,19,0.0,12.479897,0.794026,2026
4371,r10i1p1f1,2026,12,20,12.614596713683568,9.2736,3.0048757,2026
4372,r10i1p1f1,2026,12,21,14.735854829900505,8.689972,3.2479675,2026
4373,r10i1p1f1,2026,12,22,0.0,11.947284,-0.37475666,2026
4374,r10i1p1f1,2026,12,23,0.0,9.524604,-0.24851708,2026
4375,r10i1p1f1,2026,12,24,0.0,9.341712,-0.5070831,2026
4376,r10i1p1f1,2026,12,25,0.0,11.126272,-0.6635248,2026
4377,r10i1p1f1,2026,12,26,0.0,13.073845,-0.35107222,2026
4378,r10i1p1f1,2026,12,27,0.0,15.683627,2.3989127,2026
4379,r10i1p1f1,2026,12,28,0.0,15.215196,2.1322052,2026
4380,r10i1p1f1,2026,12,29,0.0,15.578282,1.8974007,2026
4381,r10i1p1f1,2026,12,30,0.0,14.379285,1.2671005,2026
4382,r10i1p1f1,2026,12,31,9.166262214114939,12.080092,4.6667337,2026
4383,r10i1p1f1,2027,01,01,0.0,10.193724,1.8164685,2027
4384,r10i1p1f1,2027,01,02,17.61567302287164,10.322488,3.3190937,2027
4385,r10i1p1f1,2027,01,03,0.08133406754495809,12.710324,4.1535645,2027
4386,r10i1p1f1,2027,01,04,0.0,14.31586,2.8103697,2027
4387,r10i1p1f1,2027,01,05,2.7332618613256368,11.685103,4.3559895,2027
4388,r10i1p1f1,2027,01,06,8.908285666496484,10.414775,4.584887,2027
4389,r10i1p1f1,2027,01,07,0.0,13.660622,2.8825054,2027
4390,r10i1p1f1,2027,01,08,0.0,15.2620735,4.132395,2027
4391,r10i1p1f1,2027,01,09,0.0,15.503657,4.2348456,2027
4392,r10i1p1f1,2027,01,10,0.0,14.912612,5.063119,2027
4393,r10i1p1f1,2027,01,11,8.612785062149143,12.623789,3.9057071,2027
4394,r10i1p1f1,2027,01,12,4.2924417517928015,15.579179,4.955123,2027
4395,r10i1p1f1,2027,01,13,0.0,16.515358,3.966865,2027
4396,r10i1p1f1,2027,01,14,0.0,15.124932,3.7317328,2027
4397,r10i1p1f1,2027,01,15,4.490216259895725,12.052972,5.4837537,2027
4398,r10i1p1f1,2027,01,16,41.260245956456,12.540391,5.2788053,2027
4399,r10i1p1f1,2027,01,17,82.49107454290711,14.75426,11.026851,2027
4400,r10i1p1f1,2027,01,18,25.05416613314178,14.823825,4.5932217,2027
4401,r10i1p1f1,2027,01,19,0.1873281208334351,10.76655,2.6856365,2027
4402,r10i1p1f1,2027,01,20,0.0,11.5105095,3.5799148,2027
4403,r10i1p1f1,2027,01,21,8.127112741012274,8.848228,5.112952,2027
4404,r10i1p1f1,2027,01,22,0.0,15.2841,3.5435722,2027
4405,r10i1p1f1,2027,01,23,13.87287878667274,12.383793,3.193388,2027
4406,r10i1p1f1,2027,01,24,4.739110448649865,6.660175,1.191793,2027
4407,r10i1p1f1,2027,01,25,0.0,10.900502,-0.19435842,2027
4408,r10i1p1f1,2027,01,26,0.0,10.685931,-1.6209285,2027
4409,r10i1p1f1,2027,01,27,0.0,12.835409,-0.84220046,2027
4410,r10i1p1f1,2027,01,28,0.14251642002914436,13.9017,3.8012688,2027
4411,r10i1p1f1,2027,01,29,4.5275262079712775,10.686739,4.7511716,2027
4412,r10i1p1f1,2027,01,30,18.72650217724425,10.774876,4.5210733,2027
4413,r10i1p1f1,2027,01,31,18.00576877476966,11.694935,4.636685,2027
4414,r10i1p1f1,2027,02,01,0.4228324788575839,11.116251,6.7534013,2027
4415,r10i1p1f1,2027,02,02,29.63255859121043,11.373785,4.6262674,2027
4416,r10i1p1f1,2027,02,03,80.41940757906751,15.270802,8.158455,2027
4417,r10i1p1f1,2027,02,04,40.72775451411297,15.346142,9.073857,2027
4418,r10i1p1f1,2027,02,05,85.19349363877585,15.035342,6.2288527,2027
4419,r10i1p1f1,2027,02,06,0.0,14.955475,6.1165113,2027
4420,r10i1p1f1,2027,02,07,17.830915449150396,13.415795,2.9009762,2027
4421,r10i1p1f1,2027,02,08,0.3346940262609247,10.285629,4.165023,2027
4422,r10i1p1f1,2027,02,09,36.38539538920955,8.255964,2.5608983,2027
4423,r10i1p1f1,2027,02,10,2.4806980468431568,8.458051,1.1164287,2027
4424,r10i1p1f1,2027,02,11,0.43545846206861344,8.70706,0.45333663,2027
4425,r10i1p1f1,2027,02,12,0.0,11.385627,-0.29902348,2027
4426,r10i1p1f1,2027,02,13,1.4648857613313961,8.298988,-3.8656287,2027
4427,r10i1p1f1,2027,02,14,36.740367179797765,9.632668,0.16517459,2027
4428,r10i1p1f1,2027,02,15,6.965839442062516,6.7174916,-1.0867134,2027
4429,r10i1p1f1,2027,02,16,8.05124594756451,5.136586,1.4863648,2027
4430,r10i1p1f1,2027,02,17,0.0,10.29969,-0.98106164,2027
4431,r10i1p1f1,2027,02,18,24.723916334455442,7.677948,-0.53538555,2027
4432,r10i1p1f1,2027,02,19,56.15980259363393,9.731352,2.7655823,2027
4433,r10i1p1f1,2027,02,20,18.560167647267104,9.10864,0.40103492,2027
4434,r10i1p1f1,2027,02,21,8.515635519568988,9.022251,0.88009185,2027
4435,r10i1p1f1,2027,02,22,0.0,13.237746,0.62378573,2027
4436,r10i1p1f1,2027,02,23,0.0,13.265638,0.035206243,2027
4437,r10i1p1f1,2027,02,24,8.50741412066686,9.284326,-0.33680987,2027
4438,r10i1p1f1,2027,02,25,21.505828660539056,6.87117,0.9413131,2027
4439,r10i1p1f1,2027,02,26,1.3398333973447352,6.925852,-0.30843955,2027
4440,r10i1p1f1,2027,02,27,0.0,7.9025126,-3.5817366,2027
4441,r10i1p1f1,2027,02,28,0.0,9.246511,-4.237603,2027
4442,r10i1p1f1,2027,03,01,37.064978594916234,7.665524,-2.293395,2027
4443,r10i1p1f1,2027,03,02,0.9819366611473493,10.6423855,2.0931106,2027
4444,r10i1p1f1,2027,03,03,0.0,15.238274,0.5336948,2027
4445,r10i1p1f1,2027,03,04,0.0,15.449003,-0.33106974,2027
4446,r10i1p1f1,2027,03,05,0.0,15.523874,3.1838112,2027
4447,r10i1p1f1,2027,03,06,12.933969479299298,9.659398,3.1638317,2027
4448,r10i1p1f1,2027,03,07,0.0,13.225906,3.8317373,2027
4449,r10i1p1f1,2027,03,08,13.104493400284188,11.549446,2.3472247,2027
4450,r10i1p1f1,2027,03,09,3.266851043003714,8.497936,0.3492524,2027
4451,r10i1p1f1,2027,03,10,0.0,14.202235,1.144992,2027
4452,r10i1p1f1,2027,03,11,0.0,17.353796,2.7418234,2027
4453,r10i1p1f1,2027,03,12,16.620297631016,14.550058,5.000073,2027
4454,r10i1p1f1,2027,03,13,12.908093636399013,9.354881,4.266011,2027
4455,r10i1p1f1,2027,03,14,0.0,14.146731,2.941327,2027
4456,r10i1p1f1,2027,03,15,0.0,17.43529,1.3314549,2027
4457,r10i1p1f1,2027,03,16,0.4294999153683564,15.43409,5.543824,2027
4458,r10i1p1f1,2027,03,17,2.246048087839594,14.033145,3.62295,2027
4459,r10i1p1f1,2027,03,18,1.3078834592282587,13.084177,2.9355602,2027
4460,r10i1p1f1,2027,03,19,0.014765365210079932,16.54758,3.0850887,2027
4461,r10i1p1f1,2027,03,20,0.0,16.122915,3.075573,2027
4462,r10i1p1f1,2027,03,21,0.0,17.315378,6.4745164,2027
4463,r10i1p1f1,2027,03,22,0.0,17.346384,3.0219235,2027
4464,r10i1p1f1,2027,03,23,6.653492158794076,14.379803,3.6937978,2027
4465,r10i1p1f1,2027,03,24,1.072255158032931,10.864692,-0.18667944,2027
4466,r10i1p1f1,2027,03,25,0.0,13.283771,-1.5718883,2027
4467,r10i1p1f1,2027,03,26,0.0,17.05091,1.1928703,2027
4468,r10i1p1f1,2027,03,27,0.0,18.196135,3.853579,2027
4469,r10i1p1f1,2027,03,28,0.0,20.978714,6.222731,2027
4470,r10i1p1f1,2027,03,29,0.0,24.298515,4.648052,2027
4471,r10i1p1f1,2027,03,30,0.0,25.988287,7.777446,2027
4472,r10i1p1f1,2027,03,31,0.0,27.911015,9.975708,2027
4473,r10i1p1f1,2027,04,01,0.0,30.352331,11.230136,2027
4474,r10i1p1f1,2027,04,02,0.0,30.172165,13.323721,2027
4475,r10i1p1f1,2027,04,03,0.0,24.676962,9.510269,2027
4476,r10i1p1f1,2027,04,04,0.0,30.91543,11.618864,2027
4477,r10i1p1f1,2027,04,05,0.0,30.393072,15.284893,2027
4478,r10i1p1f1,2027,04,06,0.0,30.398521,15.304746,2027
4479,r10i1p1f1,2027,04,07,0.0,32.9085,14.027203,2027
4480,r10i1p1f1,2027,04,08,0.0,32.415295,18.461649,2027
4481,r10i1p1f1,2027,04,09,0.0,27.46351,14.51254,2027
4482,r10i1p1f1,2027,04,10,0.032608867695671506,23.808464,9.160563,2027
4483,r10i1p1f1,2027,04,11,4.956846163144005,15.294384,9.269916,2027
4484,r10i1p1f1,2027,04,12,1.840032026135113,14.19962,5.6433444,2027
4485,r10i1p1f1,2027,04,13,0.0004490557180839747,18.267027,7.3521633,2027
4486,r10i1p1f1,2027,04,14,0.0,21.873507,9.142099,2027
4487,r10i1p1f1,2027,04,15,10.00259331347862,17.913218,6.5011744,2027
4488,r10i1p1f1,2027,04,16,14.818192104499566,12.684125,2.4653625,2027
4489,r10i1p1f1,2027,04,17,3.3180969607129605,9.7023735,1.9218944,2027
4490,r10i1p1f1,2027,04,18,15.239751126615662,12.302494,1.8079611,2027
4491,r10i1p1f1,2027,04,19,0.0,20.077457,4.917513,2027
4492,r10i1p1f1,2027,04,20,0.0,22.758512,7.128696,2027
4493,r10i1p1f1,2027,04,21,0.0,22.44366,9.154212,2027
4494,r10i1p1f1,2027,04,22,0.0,19.692486,6.2104783,2027
4495,r10i1p1f1,2027,04,23,0.13334766524502284,13.913253,2.9720135,2027
4496,r10i1p1f1,2027,04,24,0.0,15.509131,3.3141422,2027
4497,r10i1p1f1,2027,04,25,0.0,19.075739,5.0691757,2027
4498,r10i1p1f1,2027,04,26,0.0,23.104279,7.3179755,2027
4499,r10i1p1f1,2027,04,27,0.0,22.976639,8.591706,2027
4500,r10i1p1f1,2027,04,28,0.0,21.522669,8.666474,2027
4501,r10i1p1f1,2027,04,29,0.0,19.660984,9.807987,2027
4502,r10i1p1f1,2027,04,30,0.039655804544293606,22.03202,7.286647,2027
4503,r10i1p1f1,2027,05,01,0.0,21.14887,7.6275434,2027
4504,r10i1p1f1,2027,05,02,0.0,18.036358,7.1304097,2027
4505,r10i1p1f1,2027,05,03,0.0,17.773575,4.147853,2027
4506,r10i1p1f1,2027,05,04,0.7626276281012236,13.101962,1.6142393,2027
4507,r10i1p1f1,2027,05,05,0.006108197339926846,16.518742,1.6788876,2027
4508,r10i1p1f1,2027,05,06,0.0,18.924597,2.7463684,2027
4509,r10i1p1f1,2027,05,07,0.0,20.325428,7.1899323,2027
4510,r10i1p1f1,2027,05,08,0.0,19.6406,7.9542775,2027
4511,r10i1p1f1,2027,05,09,0.0,21.85137,7.3734813,2027
4512,r10i1p1f1,2027,05,10,0.0,22.574823,6.820829,2027
4513,r10i1p1f1,2027,05,11,0.0,22.205475,6.9512973,2027
4514,r10i1p1f1,2027,05,12,0.0,25.904455,9.782119,2027
4515,r10i1p1f1,2027,05,13,0.0,26.058308,10.310003,2027
4516,r10i1p1f1,2027,05,14,0.0,31.364374,12.927422,2027
4517,r10i1p1f1,2027,05,15,0.0,30.316124,14.622237,2027
4518,r10i1p1f1,2027,05,16,0.0,29.711206,14.4151325,2027
4519,r10i1p1f1,2027,05,17,0.0,28.103981,13.984532,2027
4520,r10i1p1f1,2027,05,18,16.712562450342567,19.216242,4.2911158,2027
4521,r10i1p1f1,2027,05,19,0.0,22.220453,6.1136727,2027
4522,r10i1p1f1,2027,05,20,0.0,24.056364,7.676185,2027
4523,r10i1p1f1,2027,05,21,0.0,24.16034,7.6762295,2027
4524,r10i1p1f1,2027,05,22,0.0,26.125757,8.397073,2027
4525,r10i1p1f1,2027,05,23,0.0,25.695253,8.958544,2027
4526,r10i1p1f1,2027,05,24,0.4435521648127561,22.744999,7.652285,2027
4527,r10i1p1f1,2027,05,25,0.00944832457829953,23.758736,7.0120463,2027
4528,r10i1p1f1,2027,05,26,0.01650079294019011,24.019058,8.3905525,2027
4529,r10i1p1f1,2027,05,27,0.14906575325815202,18.48065,4.6289754,2027
4530,r10i1p1f1,2027,05,28,0.0,19.847902,4.8787804,2027
4531,r10i1p1f1,2027,05,29,0.0,23.659319,7.4895067,2027
4532,r10i1p1f1,2027,05,30,0.0,28.396063,11.35492,2027
4533,r10i1p1f1,2027,05,31,0.0,30.337774,12.4214115,2027
4534,r10i1p1f1,2027,06,01,0.0,32.85605,14.080515,2027
4535,r10i1p1f1,2027,06,02,0.0,34.630974,15.849211,2027
4536,r10i1p1f1,2027,06,03,0.0,36.08502,16.417377,2027
4537,r10i1p1f1,2027,06,04,0.0010150299706430431,35.86909,17.177555,2027
4538,r10i1p1f1,2027,06,05,0.0,34.89338,16.085136,2027
4539,r10i1p1f1,2027,06,06,0.0,32.742584,17.368465,2027
4540,r10i1p1f1,2027,06,07,0.0,32.03028,14.528339,2027
4541,r10i1p1f1,2027,06,08,0.002437822384212938,30.707464,14.817725,2027
4542,r10i1p1f1,2027,06,09,0.0,30.201628,17.705948,2027
4543,r10i1p1f1,2027,06,10,0.0,29.940449,14.800291,2027
4544,r10i1p1f1,2027,06,11,0.0,32.953884,14.866049,2027
4545,r10i1p1f1,2027,06,12,0.0,33.846767,16.110035,2027
4546,r10i1p1f1,2027,06,13,0.0,33.414925,14.936169,2027
4547,r10i1p1f1,2027,06,14,0.0,33.07654,15.93219,2027
4548,r10i1p1f1,2027,06,15,0.0,34.287136,18.58378,2027
4549,r10i1p1f1,2027,06,16,0.0,35.707897,18.237524,2027
4550,r10i1p1f1,2027,06,17,0.0,36.675953,19.706944,2027
4551,r10i1p1f1,2027,06,18,0.002857211228202734,32.43006,17.575626,2027
4552,r10i1p1f1,2027,06,19,0.032225746652233954,31.625141,16.352858,2027
4553,r10i1p1f1,2027,06,20,0.0,32.123096,17.405102,2027
4554,r10i1p1f1,2027,06,21,0.0,30.314163,15.781166,2027
4555,r10i1p1f1,2027,06,22,0.0,32.38185,15.603294,2027
4556,r10i1p1f1,2027,06,23,0.0,34.094276,17.205866,2027
4557,r10i1p1f1,2027,06,24,0.0,34.15334,18.710546,2027
4558,r10i1p1f1,2027,06,25,0.0,33.40403,17.21204,2027
4559,r10i1p1f1,2027,06,26,0.0,29.416368,13.506041,2027
4560,r10i1p1f1,2027,06,27,0.0,31.92227,15.094384,2027
4561,r10i1p1f1,2027,06,28,0.0,32.68088,16.85002,2027
4562,r10i1p1f1,2027,06,29,0.0,32.45047,16.058496,2027
4563,r10i1p1f1,2027,06,30,0.0,30.772223,15.364453,2027
4564,r10i1p1f1,2027,07,01,0.0,26.715433,9.836957,2027
4565,r10i1p1f1,2027,07,02,0.0,30.190332,12.424363,2027
4566,r10i1p1f1,2027,07,03,0.0,33.529316,14.7049885,2027
4567,r10i1p1f1,2027,07,04,0.0,33.22209,17.192953,2027
4568,r10i1p1f1,2027,07,05,0.0,32.98021,16.892115,2027
4569,r10i1p1f1,2027,07,06,0.0,29.620577,11.471959,2027
4570,r10i1p1f1,2027,07,07,0.03399869856366422,22.186895,12.333882,2027
4571,r10i1p1f1,2027,07,08,0.0,21.183268,7.497067,2027
4572,r10i1p1f1,2027,07,09,0.0,26.656912,6.454125,2027
4573,r10i1p1f1,2027,07,10,0.0,27.619226,10.252585,2027
4574,r10i1p1f1,2027,07,11,0.0,27.107769,9.3348255,2027
4575,r10i1p1f1,2027,07,12,0.0,31.183176,12.254945,2027
4576,r10i1p1f1,2027,07,13,0.0,34.301594,16.93104,2027
4577,r10i1p1f1,2027,07,14,0.0,32.992935,15.407578,2027
4578,r10i1p1f1,2027,07,15,0.0,31.85599,14.612309,2027
4579,r10i1p1f1,2027,07,16,0.0,29.49884,12.096888,2027
4580,r10i1p1f1,2027,07,17,0.0,25.462357,8.951181,2027
4581,r10i1p1f1,2027,07,18,0.0,27.181213,8.473933,2027
4582,r10i1p1f1,2027,07,19,0.0,28.483845,10.633071,2027
4583,r10i1p1f1,2027,07,20,0.0,31.960379,13.476697,2027
4584,r10i1p1f1,2027,07,21,0.0,33.90731,16.253868,2027
4585,r10i1p1f1,2027,07,22,0.0,33.037136,15.855973,2027
4586,r10i1p1f1,2027,07,23,0.0,31.296932,12.896813,2027
4587,r10i1p1f1,2027,07,24,0.0,33.85674,15.775407,2027
4588,r10i1p1f1,2027,07,25,0.0,36.079376,18.923203,2027
4589,r10i1p1f1,2027,07,26,0.0,35.252964,18.854393,2027
4590,r10i1p1f1,2027,07,27,0.0,34.57174,17.160864,2027
4591,r10i1p1f1,2027,07,28,0.0,35.20218,18.414814,2027
4592,r10i1p1f1,2027,07,29,0.0,36.38005,20.898493,2027
4593,r10i1p1f1,2027,07,30,0.0,38.699226,19.871744,2027
4594,r10i1p1f1,2027,07,31,0.0,40.486923,22.321566,2027
4595,r10i1p1f1,2027,08,01,0.0,40.246323,21.905926,2027
4596,r10i1p1f1,2027,08,02,0.0,39.536533,23.319845,2027
4597,r10i1p1f1,2027,08,03,0.0,39.159534,22.075315,2027
4598,r10i1p1f1,2027,08,04,0.0,37.135956,19.333887,2027
4599,r10i1p1f1,2027,08,05,0.0,32.434498,16.982447,2027
4600,r10i1p1f1,2027,08,06,0.0,32.226036,16.187338,2027
4601,r10i1p1f1,2027,08,07,0.0,33.691376,16.186962,2027
4602,r10i1p1f1,2027,08,08,0.0,33.363235,17.385483,2027
4603,r10i1p1f1,2027,08,09,0.0,32.24811,16.36817,2027
4604,r10i1p1f1,2027,08,10,0.0,31.817251,14.785712,2027
4605,r10i1p1f1,2027,08,11,0.0,33.24611,15.9555645,2027
4606,r10i1p1f1,2027,08,12,0.0,33.29483,15.681831,2027
4607,r10i1p1f1,2027,08,13,0.0,33.559845,16.676643,2027
4608,r10i1p1f1,2027,08,14,0.0,32.64399,16.945234,2027
4609,r10i1p1f1,2027,08,15,0.0,28.99239,13.46889,2027
4610,r10i1p1f1,2027,08,16,0.0,30.91541,14.167169,2027
4611,r10i1p1f1,2027,08,17,0.0,33.12447,15.868148,2027
4612,r10i1p1f1,2027,08,18,0.0,35.06843,16.52651,2027
4613,r10i1p1f1,2027,08,19,0.0,37.069073,19.210392,2027
4614,r10i1p1f1,2027,08,20,0.0,38.470535,21.388502,2027
4615,r10i1p1f1,2027,08,21,0.0,37.733448,21.898375,2027
4616,r10i1p1f1,2027,08,22,0.0,30.703707,16.818153,2027
4617,r10i1p1f1,2027,08,23,0.0,29.721106,13.372864,2027
4618,r10i1p1f1,2027,08,24,0.0,32.735264,14.503406,2027
4619,r10i1p1f1,2027,08,25,0.0,37.601635,18.062748,2027
4620,r10i1p1f1,2027,08,26,0.0,39.901955,20.962072,2027
4621,r10i1p1f1,2027,08,27,0.0,39.079945,21.935387,2027
4622,r10i1p1f1,2027,08,28,0.0,35.574356,17.988241,2027
4623,r10i1p1f1,2027,08,29,0.0,34.30341,17.287933,2027
4624,r10i1p1f1,2027,08,30,0.0,32.377026,17.032076,2027
4625,r10i1p1f1,2027,08,31,0.0,33.21593,16.363293,2027
4626,r10i1p1f1,2027,09,01,0.0,32.516388,16.118647,2027
4627,r10i1p1f1,2027,09,02,0.0,31.22306,15.390407,2027
4628,r10i1p1f1,2027,09,03,0.0,30.508898,15.098438,2027
4629,r10i1p1f1,2027,09,04,0.0,28.093914,13.092222,2027
4630,r10i1p1f1,2027,09,05,0.0,24.30781,8.543668,2027
4631,r10i1p1f1,2027,09,06,0.0,23.09192,8.202716,2027
4632,r10i1p1f1,2027,09,07,0.0,24.077864,7.961074,2027
4633,r10i1p1f1,2027,09,08,0.0,26.534918,9.47479,2027
4634,r10i1p1f1,2027,09,09,0.0,29.908077,11.558458,2027
4635,r10i1p1f1,2027,09,10,0.0,30.74276,14.163931,2027
4636,r10i1p1f1,2027,09,11,0.0,30.288076,14.664353,2027
4637,r10i1p1f1,2027,09,12,0.0,31.273869,15.015623,2027
4638,r10i1p1f1,2027,09,13,0.0,32.97241,15.756059,2027
4639,r10i1p1f1,2027,09,14,0.0,36.979874,19.056692,2027
4640,r10i1p1f1,2027,09,15,0.0,36.6628,19.917103,2027
4641,r10i1p1f1,2027,09,16,0.0,35.41313,18.75368,2027
4642,r10i1p1f1,2027,09,17,0.0,31.674875,15.797559,2027
4643,r10i1p1f1,2027,09,18,0.0,30.209806,13.18936,2027
4644,r10i1p1f1,2027,09,19,0.0,30.4536,14.196063,2027
4645,r10i1p1f1,2027,09,20,0.0,31.55009,14.882223,2027
4646,r10i1p1f1,2027,09,21,0.0,34.498158,18.964968,2027
4647,r10i1p1f1,2027,09,22,0.0,37.14755,20.192282,2027
4648,r10i1p1f1,2027,09,23,0.0,37.086662,20.426737,2027
4649,r10i1p1f1,2027,09,24,0.0,37.105957,21.839117,2027
4650,r10i1p1f1,2027,09,25,0.0,34.629784,19.720333,2027
4651,r10i1p1f1,2027,09,26,0.0,30.762423,15.252276,2027
4652,r10i1p1f1,2027,09,27,0.0,28.09313,13.072822,2027
4653,r10i1p1f1,2027,09,28,0.0,31.938978,15.788666,2027
4654,r10i1p1f1,2027,09,29,0.0,35.384716,18.346914,2027
4655,r10i1p1f1,2027,09,30,88.21122669737395,35.316456,17.457233,2027
4656,r10i1p1f1,2027,10,01,3.205419006716463,18.690096,11.732725,2027
4657,r10i1p1f1,2027,10,02,0.0380729481740242,21.852364,7.9610176,2027
4658,r10i1p1f1,2027,10,03,0.0,26.670458,12.876399,2027
4659,r10i1p1f1,2027,10,04,0.0,30.425024,14.838034,2027
4660,r10i1p1f1,2027,10,05,0.0,30.302011,17.094711,2027
4661,r10i1p1f1,2027,10,06,62.569343184354935,32.36072,20.40476,2027
4662,r10i1p1f1,2027,10,07,5.57134319336623,24.14948,11.034001,2027
4663,r10i1p1f1,2027,10,08,0.0,27.132269,13.758355,2027
4664,r10i1p1f1,2027,10,09,0.0,30.127527,14.947791,2027
4665,r10i1p1f1,2027,10,10,0.0,30.865343,16.93279,2027
4666,r10i1p1f1,2027,10,11,0.0,31.478243,17.577291,2027
4667,r10i1p1f1,2027,10,12,0.0,30.377338,16.336174,2027
4668,r10i1p1f1,2027,10,13,0.0,28.758287,12.663124,2027
4669,r10i1p1f1,2027,10,14,0.0,22.702927,7.906376,2027
4670,r10i1p1f1,2027,10,15,0.0,19.603395,8.00646,2027
4671,r10i1p1f1,2027,10,16,0.0,20.940523,7.169407,2027
4672,r10i1p1f1,2027,10,17,0.0,20.830978,6.1812205,2027
4673,r10i1p1f1,2027,10,18,0.0,20.199186,8.3417225,2027
4674,r10i1p1f1,2027,10,19,0.4528858170200884,23.761658,10.641374,2027
4675,r10i1p1f1,2027,10,20,0.0,25.379889,8.432396,2027
4676,r10i1p1f1,2027,10,21,0.0,26.901236,12.662086,2027
4677,r10i1p1f1,2027,10,22,0.0,27.704243,12.322986,2027
4678,r10i1p1f1,2027,10,23,0.0,28.547993,10.845894,2027
4679,r10i1p1f1,2027,10,24,0.0,28.609497,11.872944,2027
4680,r10i1p1f1,2027,10,25,0.0,27.911512,12.962837,2027
4681,r10i1p1f1,2027,10,26,0.0,27.607718,12.031587,2027
4682,r10i1p1f1,2027,10,27,0.0,30.202534,10.857053,2027
4683,r10i1p1f1,2027,10,28,0.0,29.891846,13.4049835,2027
4684,r10i1p1f1,2027,10,29,0.0,31.125511,12.949038,2027
4685,r10i1p1f1,2027,10,30,0.0,29.822294,15.949925,2027
4686,r10i1p1f1,2027,10,31,0.0,28.52124,13.197242,2027
4687,r10i1p1f1,2027,11,01,0.0,27.705576,12.738375,2027
4688,r10i1p1f1,2027,11,02,0.0,25.894672,14.669271,2027
4689,r10i1p1f1,2027,11,03,0.0,29.833134,9.690492,2027
4690,r10i1p1f1,2027,11,04,0.0,30.546982,16.778204,2027
4691,r10i1p1f1,2027,11,05,0.0,33.389664,13.709644,2027
4692,r10i1p1f1,2027,11,06,0.0,33.31565,12.586765,2027
4693,r10i1p1f1,2027,11,07,0.0,32.086594,13.142394,2027
4694,r10i1p1f1,2027,11,08,0.0,24.392416,12.436398,2027
4695,r10i1p1f1,2027,11,09,0.3991380938522956,20.323925,9.819612,2027
4696,r10i1p1f1,2027,11,10,0.0,19.150364,5.5813394,2027
4697,r10i1p1f1,2027,11,11,0.0,18.1377,3.2706127,2027
4698,r10i1p1f1,2027,11,12,0.0,19.453594,5.563162,2027
4699,r10i1p1f1,2027,11,13,0.0,18.66692,2.946755,2027
4700,r10i1p1f1,2027,11,14,0.0,18.895937,3.6187534,2027
4701,r10i1p1f1,2027,11,15,0.0,18.764647,3.4403117,2027
4702,r10i1p1f1,2027,11,16,0.0,18.213722,3.3443422,2027
4703,r10i1p1f1,2027,11,17,0.0,19.59076,3.9453928,2027
4704,r10i1p1f1,2027,11,18,10.433969139423999,21.214394,4.417642,2027
4705,r10i1p1f1,2027,11,19,1.3310495566704623,11.339231,0.36791772,2027
4706,r10i1p1f1,2027,11,20,0.0,17.533148,2.026904,2027
4707,r10i1p1f1,2027,11,21,0.0,20.971384,3.2060535,2027
4708,r10i1p1f1,2027,11,22,0.0,20.672796,6.1526713,2027
4709,r10i1p1f1,2027,11,23,0.0,23.625856,7.097431,2027
4710,r10i1p1f1,2027,11,24,0.0,23.49757,5.596742,2027
4711,r10i1p1f1,2027,11,25,0.0,25.84188,7.6037526,2027
4712,r10i1p1f1,2027,11,26,0.0,23.986357,9.193921,2027
4713,r10i1p1f1,2027,11,27,0.0,24.100317,11.720734,2027
4714,r10i1p1f1,2027,11,28,44.568489746215114,22.88942,10.472368,2027
4715,r10i1p1f1,2027,11,29,32.93899435482576,13.307894,5.7559648,2027
4716,r10i1p1f1,2027,11,30,46.80324435405629,9.55399,1.889027,2027
4717,r10i1p1f1,2027,12,01,2.46100376339918,6.2039676,0.25072962,2027
4718,r10i1p1f1,2027,12,02,0.0,7.463468,-3.7950394,2027
4719,r10i1p1f1,2027,12,03,0.6472601242469529,6.707605,2.0410724,2027
4720,r10i1p1f1,2027,12,04,0.0,9.792419,-0.799312,2027
4721,r10i1p1f1,2027,12,05,0.0,9.084018,-3.0298119,2027
4722,r10i1p1f1,2027,12,06,19.446659573402844,7.384632,1.9298228,2027
4723,r10i1p1f1,2027,12,07,0.5971874787710955,7.724121,0.62446976,2027
4724,r10i1p1f1,2027,12,08,0.0,10.59703,1.1067593,2027
4725,r10i1p1f1,2027,12,09,0.0,16.796091,1.1208004,2027
4726,r10i1p1f1,2027,12,10,0.0,15.182767,2.4878573,2027
4727,r10i1p1f1,2027,12,11,0.0,14.261463,3.662387,2027
4728,r10i1p1f1,2027,12,12,0.0,11.781952,0.9741245,2027
4729,r10i1p1f1,2027,12,13,0.0,15.194887,3.8955543,2027
4730,r10i1p1f1,2027,12,14,0.0,16.166937,4.2875533,2027
4731,r10i1p1f1,2027,12,15,0.0,14.554793,3.8628292,2027
4732,r10i1p1f1,2027,12,16,0.0,16.357073,3.926981,2027
4733,r10i1p1f1,2027,12,17,0.0,15.5937805,2.7368035,2027
4734,r10i1p1f1,2027,12,18,0.0,12.97382,5.107043,2027
4735,r10i1p1f1,2027,12,19,0.0,13.04946,6.797503,2027
4736,r10i1p1f1,2027,12,20,33.83515985609081,11.113354,2.765866,2027
4737,r10i1p1f1,2027,12,21,21.052776881965418,11.230552,2.4294357,2027
4738,r10i1p1f1,2027,12,22,0.0,6.334794,-3.6850657,2027
4739,r10i1p1f1,2027,12,23,0.0,7.386972,-4.118346,2027
4740,r10i1p1f1,2027,12,24,0.0,8.729166,-2.7576842,2027
4741,r10i1p1f1,2027,12,25,0.0,9.455274,-0.3559442,2027
4742,r10i1p1f1,2027,12,26,0.006382099979275249,8.987267,-0.5590682,2027
4743,r10i1p1f1,2027,12,27,5.14930645149434,9.983293,1.848844,2027
4744,r10i1p1f1,2027,12,28,0.0,12.545119,2.268956,2027
4745,r10i1p1f1,2027,12,29,0.0,16.683935,4.5797353,2027
4746,r10i1p1f1,2027,12,30,0.0,19.001835,5.2441278,2027
4747,r10i1p1f1,2027,12,31,0.0,17.3485,7.8523664,2027
4748,r10i1p1f1,2028,01,01,0.0,14.698387,4.7501187,2028
4749,r10i1p1f1,2028,01,02,0.0,15.789933,5.3167014,2028
4750,r10i1p1f1,2028,01,03,5.773100248724835,14.804909,5.1922383,2028
4751,r10i1p1f1,2028,01,04,12.008549168010513,9.273208,5.4160366,2028
4752,r10i1p1f1,2028,01,05,1.8479538560289879,10.354818,5.8713756,2028
4753,r10i1p1f1,2028,01,06,41.86453731626419,10.593123,5.334746,2028
4754,r10i1p1f1,2028,01,07,31.979388387346837,11.458902,2.7399898,2028
4755,r10i1p1f1,2028,01,08,57.87057990612658,12.57155,2.8406372,2028
4756,r10i1p1f1,2028,01,09,30.7079478044455,5.966333,1.9270612,2028
4757,r10i1p1f1,2028,01,10,0.0,8.52367,-0.4883411,2028
4758,r10i1p1f1,2028,01,11,20.806172499310616,7.6309557,-0.34741712,2028
4759,r10i1p1f1,2028,01,12,0.0,10.872279,1.8747426,2028
4760,r10i1p1f1,2028,01,13,0.0,10.857901,-1.124853,2028
4761,r10i1p1f1,2028,01,14,0.0,10.343788,0.34479442,2028
4762,r10i1p1f1,2028,01,15,0.0,8.973719,-0.5493654,2028
4763,r10i1p1f1,2028,01,16,3.9783457201338024,6.9612627,-1.8413723,2028
4764,r10i1p1f1,2028,01,17,0.5743363575770912,7.2185493,0.69293517,2028
4765,r10i1p1f1,2028,01,18,0.0,13.122863,0.25998768,2028
4766,r10i1p1f1,2028,01,19,0.0,12.973921,0.32923588,2028
4767,r10i1p1f1,2028,01,20,0.0,15.615777,2.4479756,2028
4768,r10i1p1f1,2028,01,21,0.0,17.3924,3.9083035,2028
4769,r10i1p1f1,2028,01,22,0.0,18.48734,4.695944,2028
4770,r10i1p1f1,2028,01,23,0.0,18.925867,5.666627,2028
4771,r10i1p1f1,2028,01,24,0.0,21.018545,7.4508247,2028
4772,r10i1p1f1,2028,01,25,0.0,19.528563,7.6551723,2028
4773,r10i1p1f1,2028,01,26,0.0,16.285622,6.5110435,2028
4774,r10i1p1f1,2028,01,27,0.0,17.02669,5.2788873,2028
4775,r10i1p1f1,2028,01,28,0.0,16.287218,5.351289,2028
4776,r10i1p1f1,2028,01,29,0.0,16.811369,2.9783742,2028
4777,r10i1p1f1,2028,01,30,0.0,16.921162,4.8007646,2028
4778,r10i1p1f1,2028,01,31,0.0,16.065058,5.8265696,2028
4779,r10i1p1f1,2028,02,01,0.0,17.68436,6.621627,2028
4780,r10i1p1f1,2028,02,02,0.0,18.999321,8.452299,2028
4781,r10i1p1f1,2028,02,03,0.0,21.92956,7.2850246,2028
4782,r10i1p1f1,2028,02,04,0.0,21.570513,9.040973,2028
4783,r10i1p1f1,2028,02,05,0.0,22.429506,10.380245,2028
4784,r10i1p1f1,2028,02,06,0.0,22.094854,11.611093,2028
4785,r10i1p1f1,2028,02,07,0.0,20.175167,10.359722,2028
4786,r10i1p1f1,2028,02,08,0.0,19.264214,8.131026,2028
4787,r10i1p1f1,2028,02,09,10.588725194592323,17.655575,8.421552,2028
4788,r10i1p1f1,2028,02,10,13.635007401401372,13.639385,8.418711,2028
4789,r10i1p1f1,2028,02,11,3.1091843870806195,11.152214,0.5656397,2028
4790,r10i1p1f1,2028,02,12,0.0,15.680587,1.549419,2028
4791,r10i1p1f1,2028,02,13,0.0,14.343205,2.7371664,2028
4792,r10i1p1f1,2028,02,14,17.991191877272765,12.896823,2.9721198,2028
4793,r10i1p1f1,2028,02,15,1.0682122191993633,10.651755,1.003481,2028
4794,r10i1p1f1,2028,02,16,0.0,10.936051,-1.2605627,2028
4795,r10i1p1f1,2028,02,17,17.43932633574954,9.112504,1.9893332,2028
4796,r10i1p1f1,2028,02,18,5.519526979792556,7.293733,-0.8999684,2028
4797,r10i1p1f1,2028,02,19,0.0,11.231259,0.41076478,2028
4798,r10i1p1f1,2028,02,20,0.0,12.940243,0.6439827,2028
4799,r10i1p1f1,2028,02,21,0.0,12.336064,1.2207876,2028
4800,r10i1p1f1,2028,02,22,0.0032241214572231434,6.5615373,0.46590182,2028
4801,r10i1p1f1,2028,02,23,25.51320587027524,5.638378,0.20703447,2028
4802,r10i1p1f1,2028,02,24,3.5205387019734764,6.1483965,-1.254052,2028
4803,r10i1p1f1,2028,02,25,0.0,8.576753,-0.71766204,2028
4804,r10i1p1f1,2028,02,26,8.951809260753706,7.3134623,0.81381065,2028
4805,r10i1p1f1,2028,02,27,35.99890569335242,7.2731323,1.8787323,2028
4806,r10i1p1f1,2028,02,28,2.495487851315135,6.7472157,1.249222,2028
4807,r10i1p1f1,2028,02,29,0.0,10.062762,-0.84754944,2028
4808,r10i1p1f1,2028,03,01,0.0,12.135907,-2.628856,2028
4809,r10i1p1f1,2028,03,02,0.0,11.0626955,-1.5381931,2028
4810,r10i1p1f1,2028,03,03,0.0,11.215228,-0.18003102,2028
4811,r10i1p1f1,2028,03,04,0.0,12.677406,-0.9288567,2028
4812,r10i1p1f1,2028,03,05,0.0,12.626447,-0.6213913,2028
4813,r10i1p1f1,2028,03,06,0.0,14.982258,-0.49032313,2028
4814,r10i1p1f1,2028,03,07,0.0,13.855023,3.9241445,2028
4815,r10i1p1f1,2028,03,08,20.808806177381868,11.499937,4.597095,2028
4816,r10i1p1f1,2028,03,09,45.33897225169073,13.659112,8.223169,2028
4817,r10i1p1f1,2028,03,10,12.561313123239271,13.705457,7.9208794,2028
4818,r10i1p1f1,2028,03,11,18.926301692753395,11.481426,5.4818015,2028
4819,r10i1p1f1,2028,03,12,10.607132179651863,10.047838,4.5376616,2028
4820,r10i1p1f1,2028,03,13,0.27082865545755913,10.380772,2.668942,2028
4821,r10i1p1f1,2028,03,14,0.07522807381495736,12.197543,0.7709457,2028
4822,r10i1p1f1,2028,03,15,10.91429629695516,9.148996,3.1745389,2028
4823,r10i1p1f1,2028,03,16,15.783866608475556,11.520553,3.046022,2028
4824,r10i1p1f1,2028,03,17,0.0,12.096173,-1.9126549,2028
4825,r10i1p1f1,2028,03,18,0.0,14.099452,-1.0979767,2028
4826,r10i1p1f1,2028,03,19,0.0,13.705181,-0.4417329,2028
4827,r10i1p1f1,2028,03,20,2.5801322941333638,11.935065,1.7119118,2028
4828,r10i1p1f1,2028,03,21,0.3799973008418471,12.702224,3.6395586,2028
4829,r10i1p1f1,2028,03,22,0.0,18.6477,2.8188,2028
4830,r10i1p1f1,2028,03,23,0.0,19.82274,4.782481,2028
4831,r10i1p1f1,2028,03,24,0.0,19.417961,6.1074033,2028
4832,r10i1p1f1,2028,03,25,0.0398278839910697,16.524921,5.961837,2028
4833,r10i1p1f1,2028,03,26,0.0,16.853662,7.835969,2028
4834,r10i1p1f1,2028,03,27,0.0,17.50174,5.6262865,2028
4835,r10i1p1f1,2028,03,28,2.432662544977479,14.894508,4.7308455,2028
4836,r10i1p1f1,2028,03,29,0.0,16.221878,4.1434584,2028
4837,r10i1p1f1,2028,03,30,0.0,19.07823,3.0754578,2028
4838,r10i1p1f1,2028,03,31,0.0,22.27678,3.5408072,2028
4839,r10i1p1f1,2028,04,01,0.0,21.404251,6.0309696,2028
4840,r10i1p1f1,2028,04,02,0.33129997707539205,17.173986,2.5352879,2028
4841,r10i1p1f1,2028,04,03,0.49281037615736223,16.877663,3.5758073,2028
4842,r10i1p1f1,2028,04,04,0.0,19.504602,4.221108,2028
4843,r10i1p1f1,2028,04,05,0.0,20.239212,5.48549,2028
4844,r10i1p1f1,2028,04,06,0.0,21.980984,7.6652865,2028
4845,r10i1p1f1,2028,04,07,0.0,27.519611,9.963446,2028
4846,r10i1p1f1,2028,04,08,0.0,26.641008,9.906311,2028
4847,r10i1p1f1,2028,04,09,0.0,25.917057,8.204309,2028
4848,r10i1p1f1,2028,04,10,0.0,23.349491,7.7116427,2028
4849,r10i1p1f1,2028,04,11,0.0,23.669334,8.656023,2028
4850,r10i1p1f1,2028,04,12,0.0,24.474005,7.325863,2028
4851,r10i1p1f1,2028,04,13,0.0,23.081251,6.8307533,2028
4852,r10i1p1f1,2028,04,14,0.0,25.026169,8.903638,2028
4853,r10i1p1f1,2028,04,15,0.0,30.191908,9.683536,2028
4854,r10i1p1f1,2028,04,16,0.0,28.405437,11.22502,2028
4855,r10i1p1f1,2028,04,17,0.0,26.246244,9.96499,2028
4856,r10i1p1f1,2028,04,18,0.0,26.178244,9.573698,2028
4857,r10i1p1f1,2028,04,19,0.0,27.423674,11.785817,2028
4858,r10i1p1f1,2028,04,20,0.0,26.567743,10.854471,2028
4859,r10i1p1f1,2028,04,21,0.0,24.394989,10.363807,2028
4860,r10i1p1f1,2028,04,22,0.0,28.70398,10.227133,2028
4861,r10i1p1f1,2028,04,23,0.0,31.498837,13.404417,2028
4862,r10i1p1f1,2028,04,24,0.0,30.029495,14.441209,2028
4863,r10i1p1f1,2028,04,25,0.0,28.255062,12.9223585,2028
4864,r10i1p1f1,2028,04,26,0.0,21.25864,6.682049,2028
4865,r10i1p1f1,2028,04,27,0.0,25.229513,9.637842,2028
4866,r10i1p1f1,2028,04,28,0.0,26.038992,10.5180435,2028
4867,r10i1p1f1,2028,04,29,0.0,24.914648,10.190597,2028
4868,r10i1p1f1,2028,04,30,0.0,21.89082,9.002037,2028
4869,r10i1p1f1,2028,05,01,0.0,19.450087,6.561088,2028
4870,r10i1p1f1,2028,05,02,0.0,21.55435,5.5156703,2028
4871,r10i1p1f1,2028,05,03,0.0,24.376404,8.27713,2028
4872,r10i1p1f1,2028,05,04,0.0,25.995127,9.9845295,2028
4873,r10i1p1f1,2028,05,05,0.0,25.160496,11.282883,2028
4874,r10i1p1f1,2028,05,06,0.0,25.587976,9.242225,2028
4875,r10i1p1f1,2028,05,07,0.0,25.120646,10.952154,2028
4876,r10i1p1f1,2028,05,08,0.0,26.31545,10.573545,2028
4877,r10i1p1f1,2028,05,09,0.0,26.016478,10.868259,2028
4878,r10i1p1f1,2028,05,10,0.0,23.09827,10.467894,2028
4879,r10i1p1f1,2028,05,11,0.012768303972016407,21.854645,9.48545,2028
4880,r10i1p1f1,2028,05,12,0.0,22.781185,10.204095,2028
4881,r10i1p1f1,2028,05,13,0.0,26.682108,9.268161,2028
4882,r10i1p1f1,2028,05,14,0.0,29.10277,12.514785,2028
4883,r10i1p1f1,2028,05,15,0.0,27.779245,13.385129,2028
4884,r10i1p1f1,2028,05,16,0.0,23.523645,8.685237,2028
4885,r10i1p1f1,2028,05,17,0.0,25.712317,8.468403,2028
4886,r10i1p1f1,2028,05,18,0.0,25.027346,8.491506,2028
4887,r10i1p1f1,2028,05,19,0.0,23.001371,6.396926,2028
4888,r10i1p1f1,2028,05,20,0.0,27.452383,11.734971,2028
4889,r10i1p1f1,2028,05,21,0.0,26.988878,11.543995,2028
4890,r10i1p1f1,2028,05,22,0.0,25.940405,10.413368,2028
4891,r10i1p1f1,2028,05,23,0.0,26.253325,10.478167,2028
4892,r10i1p1f1,2028,05,24,0.0,29.761856,14.686922,2028
4893,r10i1p1f1,2028,05,25,0.0,32.670372,15.631871,2028
4894,r10i1p1f1,2028,05,26,0.0,35.68183,17.248484,2028
4895,r10i1p1f1,2028,05,27,0.0,36.46308,18.222874,2028
4896,r10i1p1f1,2028,05,28,0.0,36.80758,20.612698,2028
4897,r10i1p1f1,2028,05,29,0.0,34.860287,18.919695,2028
4898,r10i1p1f1,2028,05,30,0.0,31.057907,14.922913,2028
4899,r10i1p1f1,2028,05,31,0.0,28.249628,13.023388,2028
4900,r10i1p1f1,2028,06,01,0.0,23.852713,7.4439635,2028
4901,r10i1p1f1,2028,06,02,0.0,22.917435,8.16463,2028
4902,r10i1p1f1,2028,06,03,0.0,21.640999,6.1512218,2028
4903,r10i1p1f1,2028,06,04,0.0,20.669075,5.060015,2028
4904,r10i1p1f1,2028,06,05,0.0,18.948797,7.167809,2028
4905,r10i1p1f1,2028,06,06,0.0,22.382679,5.5464463,2028
4906,r10i1p1f1,2028,06,07,0.0,25.844141,6.8571944,2028
4907,r10i1p1f1,2028,06,08,0.0,24.853224,11.835647,2028
4908,r10i1p1f1,2028,06,09,0.11794577948852461,19.636978,8.101937,2028
4909,r10i1p1f1,2028,06,10,0.0028023798557497734,23.33573,6.2715445,2028
4910,r10i1p1f1,2028,06,11,0.0,23.817469,9.313136,2028
4911,r10i1p1f1,2028,06,12,0.21303284631453848,26.218172,8.008331,2028
4912,r10i1p1f1,2028,06,13,0.0,32.872463,14.432014,2028
4913,r10i1p1f1,2028,06,14,0.007090588099488646,27.607567,12.129385,2028
4914,r10i1p1f1,2028,06,15,0.0,29.59198,15.308457,2028
4915,r10i1p1f1,2028,06,16,0.0,29.048382,11.875821,2028
4916,r10i1p1f1,2028,06,17,0.0,33.283154,16.388227,2028
4917,r10i1p1f1,2028,06,18,0.0,34.585888,17.60326,2028
4918,r10i1p1f1,2028,06,19,0.0,33.622784,16.981663,2028
4919,r10i1p1f1,2028,06,20,0.0,34.608276,16.273188,2028
4920,r10i1p1f1,2028,06,21,0.0,36.25823,18.63957,2028
4921,r10i1p1f1,2028,06,22,0.0,35.53528,18.255295,2028
4922,r10i1p1f1,2028,06,23,0.0,36.30065,19.64724,2028
4923,r10i1p1f1,2028,06,24,0.0,35.50461,18.551735,2028
4924,r10i1p1f1,2028,06,25,0.0,36.17528,19.74793,2028
4925,r10i1p1f1,2028,06,26,0.0,35.380657,19.50649,2028
4926,r10i1p1f1,2028,06,27,0.0,32.8751,19.570349,2028
4927,r10i1p1f1,2028,06,28,0.806543546155138,30.79743,14.255268,2028
4928,r10i1p1f1,2028,06,29,0.0,29.182974,13.971433,2028
4929,r10i1p1f1,2028,06,30,0.0,33.39581,15.176166,2028
4930,r10i1p1f1,2028,07,01,0.0,33.584156,16.302189,2028
4931,r10i1p1f1,2028,07,02,0.0,33.54083,16.198637,2028
4932,r10i1p1f1,2028,07,03,0.0,32.878387,15.543689,2028
4933,r10i1p1f1,2028,07,04,0.0,29.17271,12.338422,2028
4934,r10i1p1f1,2028,07,05,0.0,28.371681,10.856201,2028
4935,r10i1p1f1,2028,07,06,0.0,31.23798,13.036259,2028
4936,r10i1p1f1,2028,07,07,0.0,32.233017,14.878087,2028
4937,r10i1p1f1,2028,07,08,0.0,32.62427,16.6107,2028
4938,r10i1p1f1,2028,07,09,0.0,33.815407,16.347052,2028
4939,r10i1p1f1,2028,07,10,0.0,32.85947,15.351731,2028
4940,r10i1p1f1,2028,07,11,0.0,30.752666,14.460848,2028
4941,r10i1p1f1,2028,07,12,0.0,30.021156,13.567939,2028
4942,r10i1p1f1,2028,07,13,0.0,31.603323,14.2106,2028
4943,r10i1p1f1,2028,07,14,0.0,34.170834,16.067133,2028
4944,r10i1p1f1,2028,07,15,0.0,34.338497,16.60574,2028
4945,r10i1p1f1,2028,07,16,0.0,36.2027,17.075863,2028
4946,r10i1p1f1,2028,07,17,0.0,37.614857,18.584158,2028
4947,r10i1p1f1,2028,07,18,0.0,38.16723,19.217812,2028
4948,r10i1p1f1,2028,07,19,0.0,37.3648,20.035944,2028
4949,r10i1p1f1,2028,07,20,0.0,35.879444,18.641466,2028
4950,r10i1p1f1,2028,07,21,0.0,33.654987,16.746565,2028
4951,r10i1p1f1,2028,07,22,0.0,31.86122,14.467675,2028
4952,r10i1p1f1,2028,07,23,0.0,36.444874,16.640009,2028
4953,r10i1p1f1,2028,07,24,0.0,37.58365,18.962479,2028
4954,r10i1p1f1,2028,07,25,0.0,39.82122,21.226368,2028
4955,r10i1p1f1,2028,07,26,0.0,40.639088,23.431221,2028
4956,r10i1p1f1,2028,07,27,0.0,40.703358,23.374851,2028
4957,r10i1p1f1,2028,07,28,0.0,39.959232,23.764418,2028
4958,r10i1p1f1,2028,07,29,0.0,40.93808,21.420652,2028
4959,r10i1p1f1,2028,07,30,0.0,41.36205,21.023441,2028
4960,r10i1p1f1,2028,07,31,0.0,41.5979,21.795303,2028
4961,r10i1p1f1,2028,08,01,0.0,39.02904,22.248388,2028
4962,r10i1p1f1,2028,08,02,0.0,38.36873,21.824284,2028
4963,r10i1p1f1,2028,08,03,0.0,36.639763,19.366848,2028
4964,r10i1p1f1,2028,08,04,0.0,36.689365,19.59112,2028
4965,r10i1p1f1,2028,08,05,0.0,36.508286,19.479048,2028
4966,r10i1p1f1,2028,08,06,0.0,35.521236,19.084303,2028
4967,r10i1p1f1,2028,08,07,0.0,36.34873,17.342434,2028
4968,r10i1p1f1,2028,08,08,0.0,36.163105,22.31228,2028
4969,r10i1p1f1,2028,08,09,0.0,37.120846,19.726603,2028
4970,r10i1p1f1,2028,08,10,0.0,37.29666,19.682047,2028
4971,r10i1p1f1,2028,08,11,0.0,36.04933,18.788355,2028
4972,r10i1p1f1,2028,08,12,0.0,34.730694,17.248537,2028
4973,r10i1p1f1,2028,08,13,0.0,34.40795,19.854122,2028
4974,r10i1p1f1,2028,08,14,0.0,35.082836,16.246197,2028
4975,r10i1p1f1,2028,08,15,0.0,37.376392,19.197063,2028
4976,r10i1p1f1,2028,08,16,0.0,36.897198,18.923803,2028
4977,r10i1p1f1,2028,08,17,0.0,32.966827,16.871225,2028
4978,r10i1p1f1,2028,08,18,0.0,29.173632,10.576367,2028
4979,r10i1p1f1,2028,08,19,0.0,35.98461,18.162703,2028
4980,r10i1p1f1,2028,08,20,0.0,35.960415,19.250605,2028
4981,r10i1p1f1,2028,08,21,0.0,35.075306,18.132093,2028
4982,r10i1p1f1,2028,08,22,0.0,35.462906,17.775137,2028
4983,r10i1p1f1,2028,08,23,0.0,35.495228,20.997318,2028
4984,r10i1p1f1,2028,08,24,0.0,34.498444,19.738451,2028
4985,r10i1p1f1,2028,08,25,5.40760645538189,30.305077,18.147211,2028
4986,r10i1p1f1,2028,08,26,0.0,35.23001,19.63052,2028
4987,r10i1p1f1,2028,08,27,0.0,36.228317,20.14716,2028
4988,r10i1p1f1,2028,08,28,0.0,35.52233,19.210194,2028
4989,r10i1p1f1,2028,08,29,0.0,35.186752,17.339066,2028
4990,r10i1p1f1,2028,08,30,0.0,37.857025,16.820549,2028
4991,r10i1p1f1,2028,08,31,0.0,35.912884,17.032627,2028
4992,r10i1p1f1,2028,09,01,0.0,35.33933,19.145117,2028
4993,r10i1p1f1,2028,09,02,0.0,34.295242,19.34646,2028
4994,r10i1p1f1,2028,09,03,0.0,34.1044,19.707659,2028
4995,r10i1p1f1,2028,09,04,0.0,35.016632,19.068756,2028
4996,r10i1p1f1,2028,09,05,0.0,36.12952,19.774385,2028
4997,r10i1p1f1,2028,09,06,0.0,35.361664,20.150238,2028
4998,r10i1p1f1,2028,09,07,0.0,30.54063,15.01665,2028
4999,r10i1p1f1,2028,09,08,0.0,30.560528,13.177975,2028
5000,r10i1p1f1,2028,09,09,0.0,30.472252,13.676557,2028
5001,r10i1p1f1,2028,09,10,0.0,32.853054,14.47583,2028
5002,r10i1p1f1,2028,09,11,0.0,33.825703,16.208183,2028
5003,r10i1p1f1,2028,09,12,0.0,33.195198,16.324928,2028
5004,r10i1p1f1,2028,09,13,0.0,29.336487,15.118161,2028
5005,r10i1p1f1,2028,09,14,0.0,28.970392,14.794175,2028
5006,r10i1p1f1,2028,09,15,0.0,29.700525,10.363089,2028
5007,r10i1p1f1,2028,09,16,0.0,32.62489,17.663145,2028
5008,r10i1p1f1,2028,09,17,0.0,33.294537,16.058254,2028
5009,r10i1p1f1,2028,09,18,0.0,26.98038,12.964301,2028
5010,r10i1p1f1,2028,09,19,0.0,31.816853,13.903327,2028
5011,r10i1p1f1,2028,09,20,0.0,34.128998,16.66889,2028
5012,r10i1p1f1,2028,09,21,0.0,34.643673,18.444181,2028
5013,r10i1p1f1,2028,09,22,0.0,34.26889,18.02954,2028
5014,r10i1p1f1,2028,09,23,0.0,36.49492,18.204023,2028
5015,r10i1p1f1,2028,09,24,0.0,35.40166,19.743622,2028
5016,r10i1p1f1,2028,09,25,0.0,35.93751,20.268585,2028
5017,r10i1p1f1,2028,09,26,0.0,35.970135,20.270275,2028
5018,r10i1p1f1,2028,09,27,0.0,36.04923,18.93283,2028
5019,r10i1p1f1,2028,09,28,0.0,34.02709,17.735813,2028
5020,r10i1p1f1,2028,09,29,0.0,30.194044,16.92321,2028
5021,r10i1p1f1,2028,09,30,0.0,29.449556,14.909039,2028
5022,r10i1p1f1,2028,10,01,0.0,31.500338,15.299024,2028
5023,r10i1p1f1,2028,10,02,0.0,32.658398,17.104162,2028
5024,r10i1p1f1,2028,10,03,0.0,32.772793,17.750912,2028
5025,r10i1p1f1,2028,10,04,0.0,29.464622,15.79091,2028
5026,r10i1p1f1,2028,10,05,0.0,21.573387,8.078005,2028
5027,r10i1p1f1,2028,10,06,0.42453227647695857,15.095947,4.576049,2028
5028,r10i1p1f1,2028,10,07,5.817792946063013,15.832381,4.932245,2028
5029,r10i1p1f1,2028,10,08,18.112694407127012,13.073226,2.4100256,2028
5030,r10i1p1f1,2028,10,09,0.0,16.929047,3.3684676,2028
5031,r10i1p1f1,2028,10,10,0.0,21.598135,6.139931,2028
5032,r10i1p1f1,2028,10,11,0.0,25.631132,8.6230135,2028
5033,r10i1p1f1,2028,10,12,0.0,28.246094,11.029992,2028
5034,r10i1p1f1,2028,10,13,0.0,28.884476,13.16025,2028
5035,r10i1p1f1,2028,10,14,0.11429592867132574,30.556078,17.962837,2028
5036,r10i1p1f1,2028,10,15,0.7950058996500861,24.391308,18.341982,2028
5037,r10i1p1f1,2028,10,16,0.0,23.686396,9.7259655,2028
5038,r10i1p1f1,2028,10,17,0.0,26.938454,8.824897,2028
5039,r10i1p1f1,2028,10,18,0.0,24.218454,10.674093,2028
5040,r10i1p1f1,2028,10,19,0.0,21.675688,9.065681,2028
5041,r10i1p1f1,2028,10,20,0.0,23.027042,10.371004,2028
5042,r10i1p1f1,2028,10,21,0.0,22.260931,10.186247,2028
5043,r10i1p1f1,2028,10,22,0.0,22.692122,10.0346775,2028
5044,r10i1p1f1,2028,10,23,0.0,24.67503,9.537985,2028
5045,r10i1p1f1,2028,10,24,0.0,23.653994,10.298018,2028
5046,r10i1p1f1,2028,10,25,0.0,21.551792,8.914745,2028
5047,r10i1p1f1,2028,10,26,0.006430878145118568,20.3384,8.369197,2028
5048,r10i1p1f1,2028,10,27,0.0,18.356003,4.2405763,2028
5049,r10i1p1f1,2028,10,28,0.0,18.27774,5.537834,2028
5050,r10i1p1f1,2028,10,29,0.0,18.365685,4.8339477,2028
5051,r10i1p1f1,2028,10,30,0.0,18.709568,9.885105,2028
5052,r10i1p1f1,2028,10,31,0.0,20.88588,9.114681,2028
5053,r10i1p1f1,2028,11,01,0.12562700315979064,19.265295,6.366413,2028
5054,r10i1p1f1,2028,11,02,3.163663165402173,14.486229,6.769711,2028
5055,r10i1p1f1,2028,11,03,12.466104303281387,12.926862,6.063642,2028
5056,r10i1p1f1,2028,11,04,36.431882320290526,10.135982,4.814674,2028
5057,r10i1p1f1,2028,11,05,123.4515920624529,12.12428,5.6921096,2028
5058,r10i1p1f1,2028,11,06,22.13833022672732,11.652532,5.59671,2028
5059,r10i1p1f1,2028,11,07,0.8222320495418133,12.147728,4.7548027,2028
5060,r10i1p1f1,2028,11,08,0.023975605826739122,9.876463,0.8964139,2028
5061,r10i1p1f1,2028,11,09,0.0,14.117746,0.19503725,2028
5062,r10i1p1f1,2028,11,10,0.0,16.498611,3.2629163,2028
5063,r10i1p1f1,2028,11,11,0.37032262949459865,16.9266,6.121998,2028
5064,r10i1p1f1,2028,11,12,1.3077311789904917,15.77656,8.141413,2028
5065,r10i1p1f1,2028,11,13,0.0,11.220598,-0.13791436,2028
5066,r10i1p1f1,2028,11,14,0.0,15.288415,0.6018882,2028
5067,r10i1p1f1,2028,11,15,14.139522459376359,15.382935,2.9661007,2028
5068,r10i1p1f1,2028,11,16,11.76533787574475,7.8593574,1.8697644,2028
5069,r10i1p1f1,2028,11,17,23.989247188039467,10.656302,2.4455302,2028
5070,r10i1p1f1,2028,11,18,3.3445009835160913,11.790943,6.129576,2028
5071,r10i1p1f1,2028,11,19,2.1884844737207074,14.806486,4.632897,2028
5072,r10i1p1f1,2028,11,20,0.0,18.34026,4.2913804,2028
5073,r10i1p1f1,2028,11,21,0.0,20.611452,6.5883064,2028
5074,r10i1p1f1,2028,11,22,0.0,19.0785,6.9644814,2028
5075,r10i1p1f1,2028,11,23,0.0,19.505186,6.524381,2028
5076,r10i1p1f1,2028,11,24,3.7075652109036272,16.940945,7.95149,2028
5077,r10i1p1f1,2028,11,25,1.46242440659032,13.423279,3.877928,2028
5078,r10i1p1f1,2028,11,26,0.0,13.999643,2.4728684,2028
5079,r10i1p1f1,2028,11,27,0.0,13.246029,4.897084,2028
5080,r10i1p1f1,2028,11,28,48.998953572682744,11.53209,3.895248,2028
5081,r10i1p1f1,2028,11,29,31.172666199640126,6.117758,0.59778756,2028
5082,r10i1p1f1,2028,11,30,0.09162860289124135,6.319957,-5.7248416,2028
5083,r10i1p1f1,2028,12,01,28.906278098982416,5.991347,1.1613226,2028
5084,r10i1p1f1,2028,12,02,4.697610168314943,3.8631303,-2.069563,2028
5085,r10i1p1f1,2028,12,03,0.8211380828709623,2.874925,-7.253552,2028
5086,r10i1p1f1,2028,12,04,13.407626702744318,3.8999782,-1.40867,2028
5087,r10i1p1f1,2028,12,05,0.0,6.1695275,2.7312894,2028
5088,r10i1p1f1,2028,12,06,2.2732983941750717,10.4520645,1.6711231,2028
5089,r10i1p1f1,2028,12,07,0.0,11.120925,-0.7020274,2028
5090,r10i1p1f1,2028,12,08,20.995335540991572,7.1773705,1.2004001,2028
5091,r10i1p1f1,2028,12,09,6.087882631982211,3.3845022,-3.9708838,2028
5092,r10i1p1f1,2028,12,10,35.79550507649975,3.7928667,-1.2121834,2028
5093,r10i1p1f1,2028,12,11,24.818966115555284,3.6634514,-0.16719899,2028
5094,r10i1p1f1,2028,12,12,11.201506274799039,3.5869045,-1.792992,2028
5095,r10i1p1f1,2028,12,13,0.0,2.270067,-9.762707,2028
5096,r10i1p1f1,2028,12,14,13.438988369613837,3.268701,-2.6134303,2028
5097,r10i1p1f1,2028,12,15,12.892993532372394,3.422108,0.1051447,2028
5098,r10i1p1f1,2028,12,16,0.005329053084623362,5.4192424,-2.3188202,2028
5099,r10i1p1f1,2028,12,17,0.0,5.7771006,-2.5581546,2028
5100,r10i1p1f1,2028,12,18,6.242563184624535,6.886519,0.49970427,2028
5101,r10i1p1f1,2028,12,19,0.0,9.184232,-2.3555884,2028
5102,r10i1p1f1,2028,12,20,0.0,8.406042,-4.032535,2028
5103,r10i1p1f1,2028,12,21,0.0,6.8519616,-5.506141,2028
5104,r10i1p1f1,2028,12,22,0.0,5.5611196,-5.8060226,2028
5105,r10i1p1f1,2028,12,23,0.14534603359559123,3.5740185,-2.3415697,2028
5106,r10i1p1f1,2028,12,24,14.867317935108746,4.684865,-0.8055024,2028
5107,r10i1p1f1,2028,12,25,19.994895133238874,5.014545,0.9889673,2028
5108,r10i1p1f1,2028,12,26,27.802872206206974,6.608126,-0.23385459,2028
5109,r10i1p1f1,2028,12,27,18.947112346052705,4.503608,-0.9135999,2028
5110,r10i1p1f1,2028,12,28,61.37742704074634,10.795533,0.25722703,2028
5111,r10i1p1f1,2028,12,29,62.569141174715604,12.637157,6.762274,2028
5112,r10i1p1f1,2028,12,30,63.5569827134819,13.574134,9.198883,2028
5113,r10i1p1f1,2028,12,31,90.6908658247343,13.642546,9.000226,2028
5114,r10i1p1f1,2029,01,01,87.09728323033471,13.100592,6.3497133,2029
5115,r10i1p1f1,2029,01,02,5.007541486166271,9.490757,3.0613954,2029
5116,r10i1p1f1,2029,01,03,0.0,10.680832,1.6291096,2029
5117,r10i1p1f1,2029,01,04,0.0,12.588332,-0.06500103,2029
5118,r10i1p1f1,2029,01,05,0.0,12.370373,2.4192753,2029
5119,r10i1p1f1,2029,01,06,0.11396421500813558,11.13319,3.3832157,2029
5120,r10i1p1f1,2029,01,07,0.0,10.722998,2.3215938,2029
5121,r10i1p1f1,2029,01,08,0.0,10.113251,-1.284572,2029
5122,r10i1p1f1,2029,01,09,0.0,6.3201385,-3.1001663,2029
5123,r10i1p1f1,2029,01,10,0.0,9.489886,-2.2599652,2029
5124,r10i1p1f1,2029,01,11,0.0,12.189294,-0.22459151,2029
5125,r10i1p1f1,2029,01,12,0.0,15.279742,2.707698,2029
5126,r10i1p1f1,2029,01,13,0.0,20.747198,6.2692156,2029
5127,r10i1p1f1,2029,01,14,0.0,18.27677,6.1701736,2029
5128,r10i1p1f1,2029,01,15,0.0,17.378408,6.158085,2029
5129,r10i1p1f1,2029,01,16,0.0,17.071268,5.150764,2029
5130,r10i1p1f1,2029,01,17,0.0,15.70379,2.658006,2029
5131,r10i1p1f1,2029,01,18,0.0,13.067233,5.629567,2029
5132,r10i1p1f1,2029,01,19,5.765256913161322,10.59476,2.8767853,2029
5133,r10i1p1f1,2029,01,20,42.039713760114914,14.723459,6.624996,2029
5134,r10i1p1f1,2029,01,21,52.634339684951364,17.724451,12.378914,2029
5135,r10i1p1f1,2029,01,22,45.71301138861791,16.940895,12.936005,2029
5136,r10i1p1f1,2029,01,23,110.38455995853599,16.464828,10.832987,2029
5137,r10i1p1f1,2029,01,24,45.711068262186785,14.261925,5.863024,2029
5138,r10i1p1f1,2029,01,25,0.0,13.769595,1.2918476,2029
5139,r10i1p1f1,2029,01,26,0.0,13.277695,0.9946861,2029
5140,r10i1p1f1,2029,01,27,0.0,16.11461,3.2596545,2029
5141,r10i1p1f1,2029,01,28,0.0,14.562589,3.633907,2029
5142,r10i1p1f1,2029,01,29,0.0,13.151615,1.9484805,2029
5143,r10i1p1f1,2029,01,30,0.0,15.764351,3.5156345,2029
5144,r10i1p1f1,2029,01,31,0.0,19.77816,6.9733195,2029
5145,r10i1p1f1,2029,02,01,0.0,19.900917,6.786499,2029
5146,r10i1p1f1,2029,02,02,0.0,19.698685,5.723036,2029
5147,r10i1p1f1,2029,02,03,0.0,18.12709,6.1417775,2029
5148,r10i1p1f1,2029,02,04,0.0,18.358492,5.550976,2029
5149,r10i1p1f1,2029,02,05,0.0,20.123922,6.278624,2029
5150,r10i1p1f1,2029,02,06,0.0,17.584707,8.276023,2029
5151,r10i1p1f1,2029,02,07,0.0,15.67342,6.7736244,2029
5152,r10i1p1f1,2029,02,08,0.0,18.33317,5.059898,2029
5153,r10i1p1f1,2029,02,09,0.0,19.034838,8.827351,2029
5154,r10i1p1f1,2029,02,10,0.0,19.173216,6.0772953,2029
5155,r10i1p1f1,2029,02,11,13.621466491627201,15.186244,4.6833405,2029
5156,r10i1p1f1,2029,02,12,3.68411065685091,8.259242,3.01883,2029
5157,r10i1p1f1,2029,02,13,13.6169806945346,10.440721,1.8485322,2029
5158,r10i1p1f1,2029,02,14,22.07647472601629,10.630819,4.826654,2029
5159,r10i1p1f1,2029,02,15,10.218537197004864,10.094904,3.4935157,2029
5160,r10i1p1f1,2029,02,16,1.1680391263852423,11.199578,1.3618875,2029
5161,r10i1p1f1,2029,02,17,1.5503467256035277,8.150007,1.1798208,2029
5162,r10i1p1f1,2029,02,18,0.0,9.66368,-0.7336476,2029
5163,r10i1p1f1,2029,02,19,0.0,15.356445,1.2494131,2029
5164,r10i1p1f1,2029,02,20,0.0,14.474668,3.6610754,2029
5165,r10i1p1f1,2029,02,21,15.350663976201567,10.167956,4.822943,2029
5166,r10i1p1f1,2029,02,22,2.703903999516019,14.114418,2.2445,2029
5167,r10i1p1f1,2029,02,23,0.0,17.633865,3.6171348,2029
5168,r10i1p1f1,2029,02,24,0.0,17.65607,5.0906773,2029
5169,r10i1p1f1,2029,02,25,0.0,16.901821,5.709764,2029
5170,r10i1p1f1,2029,02,26,0.0,17.406073,4.593229,2029
5171,r10i1p1f1,2029,02,27,45.56716448676429,17.114326,5.437155,2029
5172,r10i1p1f1,2029,02,28,3.9942601638789426,10.161418,1.902106,2029
5173,r10i1p1f1,2029,03,01,0.0,19.499226,0.9678999,2029
5174,r10i1p1f1,2029,03,02,0.0,20.723011,6.1128273,2029
5175,r10i1p1f1,2029,03,03,0.0,21.8222,5.938796,2029
5176,r10i1p1f1,2029,03,04,0.0,22.073519,6.492219,2029
5177,r10i1p1f1,2029,03,05,0.0,22.635134,7.0336185,2029
5178,r10i1p1f1,2029,03,06,0.0,19.909784,9.297823,2029
5179,r10i1p1f1,2029,03,07,0.0,22.077137,6.720735,2029
5180,r10i1p1f1,2029,03,08,0.0,22.394024,5.9085956,2029
5181,r10i1p1f1,2029,03,09,0.0,21.15708,9.208552,2029
5182,r10i1p1f1,2029,03,10,1.4323297858960646,19.096846,9.305233,2029
5183,r10i1p1f1,2029,03,11,0.0,20.861927,7.6555624,2029
5184,r10i1p1f1,2029,03,12,0.0,23.827877,9.3580065,2029
5185,r10i1p1f1,2029,03,13,0.0,24.717392,8.143068,2029
5186,r10i1p1f1,2029,03,14,0.0,26.813562,11.076569,2029
5187,r10i1p1f1,2029,03,15,0.0,26.366135,10.994009,2029
5188,r10i1p1f1,2029,03,16,0.31217389561405934,24.964815,11.112482,2029
5189,r10i1p1f1,2029,03,17,1.050725837454162,17.081293,5.523308,2029
5190,r10i1p1f1,2029,03,18,0.0,19.851725,7.2968364,2029
5191,r10i1p1f1,2029,03,19,0.0,24.921288,8.675878,2029
5192,r10i1p1f1,2029,03,20,0.0,26.68953,10.971315,2029
5193,r10i1p1f1,2029,03,21,0.0,26.057302,10.634686,2029
5194,r10i1p1f1,2029,03,22,0.0,23.519775,7.5352936,2029
5195,r10i1p1f1,2029,03,23,0.07575374063315776,18.92629,5.406817,2029
5196,r10i1p1f1,2029,03,24,0.0,19.187464,5.0910935,2029
5197,r10i1p1f1,2029,03,25,0.0,19.932995,6.5905905,2029
5198,r10i1p1f1,2029,03,26,0.0,21.647026,7.1440897,2029
5199,r10i1p1f1,2029,03,27,0.0,22.457804,6.2604485,2029
5200,r10i1p1f1,2029,03,28,0.04988753416431504,20.00585,6.3322573,2029
5201,r10i1p1f1,2029,03,29,0.0,21.715893,5.1414604,2029
5202,r10i1p1f1,2029,03,30,0.0,21.50966,6.138892,2029
5203,r10i1p1f1,2029,03,31,0.0,19.375065,5.625299,2029
5204,r10i1p1f1,2029,04,01,8.43667266231741,14.962537,3.9997237,2029
5205,r10i1p1f1,2029,04,02,12.43681129907552,14.199587,3.2418067,2029
5206,r10i1p1f1,2029,04,03,16.116583292253047,12.653257,6.161686,2029
5207,r10i1p1f1,2029,04,04,0.08138599131550443,18.98992,4.421542,2029
5208,r10i1p1f1,2029,04,05,0.0,19.07832,5.769243,2029
5209,r10i1p1f1,2029,04,06,0.0,18.983528,8.619714,2029
5210,r10i1p1f1,2029,04,07,0.0,22.0133,6.5680404,2029
5211,r10i1p1f1,2029,04,08,0.0,24.309393,7.8567796,2029
5212,r10i1p1f1,2029,04,09,0.0,22.740177,8.208013,2029
5213,r10i1p1f1,2029,04,10,6.195520912048155,15.681084,8.502877,2029
5214,r10i1p1f1,2029,04,11,1.6015193336371387,16.83621,5.89911,2029
5215,r10i1p1f1,2029,04,12,9.652360382805407,17.240221,4.4151216,2029
5216,r10i1p1f1,2029,04,13,1.015800067754849,19.770788,2.8319747,2029
5217,r10i1p1f1,2029,04,14,0.3826544121693587,18.090448,6.5794444,2029
5218,r10i1p1f1,2029,04,15,0.3697373639457318,17.433302,9.308132,2029
5219,r10i1p1f1,2029,04,16,4.102568462593282,14.752393,3.3235161,2029
5220,r10i1p1f1,2029,04,17,1.3045169763628157,15.222447,1.5593729,2029
5221,r10i1p1f1,2029,04,18,0.0,17.596544,2.9611793,2029
5222,r10i1p1f1,2029,04,19,0.1326242489276889,15.978151,5.0547953,2029
5223,r10i1p1f1,2029,04,20,0.0,16.626732,3.587468,2029
5224,r10i1p1f1,2029,04,21,0.0,21.128456,3.5992973,2029
5225,r10i1p1f1,2029,04,22,0.0,22.819487,7.7885685,2029
5226,r10i1p1f1,2029,04,23,0.19046630079269802,21.08979,9.05163,2029
5227,r10i1p1f1,2029,04,24,8.386694967032925,13.030011,8.440716,2029
5228,r10i1p1f1,2029,04,25,1.2913496821894161,14.343726,3.636008,2029
5229,r10i1p1f1,2029,04,26,6.103689124689768,12.641292,5.879435,2029
5230,r10i1p1f1,2029,04,27,29.817156429329003,11.720579,3.2910285,2029
5231,r10i1p1f1,2029,04,28,0.42540180169644853,13.041497,2.2384982,2029
5232,r10i1p1f1,2029,04,29,0.14256145877880044,13.229837,-0.030706506,2029
5233,r10i1p1f1,2029,04,30,7.507361431941574,13.218541,4.889172,2029
5234,r10i1p1f1,2029,05,01,4.61186946122325,13.061779,2.4317482,2029
5235,r10i1p1f1,2029,05,02,0.004212183701288029,13.033895,4.84208,2029
5236,r10i1p1f1,2029,05,03,0.0,17.533623,3.0155709,2029
5237,r10i1p1f1,2029,05,04,0.0,18.796785,4.7241783,2029
5238,r10i1p1f1,2029,05,05,0.0,23.554842,7.98686,2029
5239,r10i1p1f1,2029,05,06,0.0,24.156265,9.831153,2029
5240,r10i1p1f1,2029,05,07,0.0,24.266638,9.054558,2029
5241,r10i1p1f1,2029,05,08,0.0,22.927063,9.980823,2029
5242,r10i1p1f1,2029,05,09,0.0,21.077337,8.640012,2029
5243,r10i1p1f1,2029,05,10,0.0,24.177662,7.193221,2029
5244,r10i1p1f1,2029,05,11,0.0,24.994669,10.362316,2029
5245,r10i1p1f1,2029,05,12,0.0,24.45275,11.032799,2029
5246,r10i1p1f1,2029,05,13,0.0,23.355549,7.415043,2029
5247,r10i1p1f1,2029,05,14,0.0,25.38134,10.851534,2029
5248,r10i1p1f1,2029,05,15,0.0,27.034954,12.4392805,2029
5249,r10i1p1f1,2029,05,16,0.0,29.578876,13.222342,2029
5250,r10i1p1f1,2029,05,17,0.0,29.05986,13.122347,2029
5251,r10i1p1f1,2029,05,18,0.0,27.95072,13.069753,2029
5252,r10i1p1f1,2029,05,19,0.0,24.484995,8.125571,2029
5253,r10i1p1f1,2029,05,20,0.0,23.188387,6.814636,2029
5254,r10i1p1f1,2029,05,21,0.0,23.248175,7.031737,2029
5255,r10i1p1f1,2029,05,22,0.0,25.60681,10.1289,2029
5256,r10i1p1f1,2029,05,23,0.0,27.617441,10.387815,2029
5257,r10i1p1f1,2029,05,24,0.0,27.524073,11.169132,2029
5258,r10i1p1f1,2029,05,25,0.0,31.120878,14.820505,2029
5259,r10i1p1f1,2029,05,26,0.0,33.73753,15.75969,2029
5260,r10i1p1f1,2029,05,27,0.0,35.042164,18.71516,2029
5261,r10i1p1f1,2029,05,28,0.0,35.682022,18.356773,2029
5262,r10i1p1f1,2029,05,29,1.3996435665160931,32.009026,16.55858,2029
5263,r10i1p1f1,2029,05,30,0.0,32.614788,19.01856,2029
5264,r10i1p1f1,2029,05,31,0.0,31.94945,16.574783,2029
5265,r10i1p1f1,2029,06,01,0.0,30.744766,14.09436,2029
5266,r10i1p1f1,2029,06,02,0.0,31.951265,14.512205,2029
5267,r10i1p1f1,2029,06,03,0.0,32.07235,15.554837,2029
5268,r10i1p1f1,2029,06,04,0.0,31.57406,16.930017,2029
5269,r10i1p1f1,2029,06,05,0.0,30.7384,16.66507,2029
5270,r10i1p1f1,2029,06,06,0.0,27.261236,13.564665,2029
5271,r10i1p1f1,2029,06,07,0.0,25.986446,12.808177,2029
5272,r10i1p1f1,2029,06,08,11.51786857322134,21.236933,5.693145,2029
5273,r10i1p1f1,2029,06,09,4.6699708558758415,19.129055,11.237332,2029
5274,r10i1p1f1,2029,06,10,11.5507203452269,19.890512,7.039084,2029
5275,r10i1p1f1,2029,06,11,0.0,30.907528,13.599377,2029
5276,r10i1p1f1,2029,06,12,0.2934112881073241,26.405731,11.089927,2029
5277,r10i1p1f1,2029,06,13,0.0,29.055298,16.112886,2029
5278,r10i1p1f1,2029,06,14,0.0,26.50638,13.838905,2029
5279,r10i1p1f1,2029,06,15,0.0,23.27905,9.471253,2029
5280,r10i1p1f1,2029,06,16,0.0,25.348219,8.46887,2029
5281,r10i1p1f1,2029,06,17,0.0,25.179165,9.178073,2029
5282,r10i1p1f1,2029,06,18,0.0,22.919485,6.500008,2029
5283,r10i1p1f1,2029,06,19,0.0,21.440355,10.524264,2029
5284,r10i1p1f1,2029,06,20,0.0,26.292702,7.013024,2029
5285,r10i1p1f1,2029,06,21,0.0,26.677702,10.366958,2029
5286,r10i1p1f1,2029,06,22,0.0,26.741741,11.777941,2029
5287,r10i1p1f1,2029,06,23,0.0,25.026688,10.678525,2029
5288,r10i1p1f1,2029,06,24,0.0,31.366173,12.716137,2029
5289,r10i1p1f1,2029,06,25,0.0,35.283104,18.73159,2029
5290,r10i1p1f1,2029,06,26,0.0,34.637325,18.159443,2029
5291,r10i1p1f1,2029,06,27,0.0,31.93698,16.513199,2029
5292,r10i1p1f1,2029,06,28,0.0,27.833406,10.812157,2029
5293,r10i1p1f1,2029,06,29,0.0,28.555285,10.817767,2029
5294,r10i1p1f1,2029,06,30,0.0,33.703087,16.796778,2029
5295,r10i1p1f1,2029,07,01,0.0,33.77354,17.592577,2029
5296,r10i1p1f1,2029,07,02,0.0,32.965073,15.801382,2029
5297,r10i1p1f1,2029,07,03,0.0,31.882671,16.353819,2029
5298,r10i1p1f1,2029,07,04,0.0,32.81546,15.941739,2029
5299,r10i1p1f1,2029,07,05,0.0,33.76995,15.5440445,2029
5300,r10i1p1f1,2029,07,06,0.17258865256352643,34.21193,17.024025,2029
5301,r10i1p1f1,2029,07,07,0.0,35.95447,18.244017,2029
5302,r10i1p1f1,2029,07,08,0.0,38.115524,19.994795,2029
5303,r10i1p1f1,2029,07,09,0.38170907462603954,37.322067,20.752243,2029
5304,r10i1p1f1,2029,07,10,0.0,38.2175,23.1829,2029
5305,r10i1p1f1,2029,07,11,0.0,37.875664,22.627516,2029
5306,r10i1p1f1,2029,07,12,0.0,35.332787,20.33352,2029
5307,r10i1p1f1,2029,07,13,0.0,34.904613,19.462612,2029
5308,r10i1p1f1,2029,07,14,0.0,33.855988,17.967632,2029
5309,r10i1p1f1,2029,07,15,0.0,32.54339,16.303228,2029
5310,r10i1p1f1,2029,07,16,0.0,29.652235,13.3910475,2029
5311,r10i1p1f1,2029,07,17,0.0,31.013432,13.373216,2029
5312,r10i1p1f1,2029,07,18,0.0,31.39573,14.291511,2029
5313,r10i1p1f1,2029,07,19,0.0,31.680796,13.50836,2029
5314,r10i1p1f1,2029,07,20,0.0,32.966602,14.555902,2029
5315,r10i1p1f1,2029,07,21,0.0,32.152653,14.401311,2029
5316,r10i1p1f1,2029,07,22,0.0,32.26905,14.130191,2029
5317,r10i1p1f1,2029,07,23,0.0,31.301495,14.07093,2029
5318,r10i1p1f1,2029,07,24,0.0,29.510967,12.555765,2029
5319,r10i1p1f1,2029,07,25,0.0,34.10147,15.591072,2029
5320,r10i1p1f1,2029,07,26,0.0,36.220448,16.974218,2029
5321,r10i1p1f1,2029,07,27,0.0,35.47473,17.421686,2029
5322,r10i1p1f1,2029,07,28,0.0,33.82783,16.432333,2029
5323,r10i1p1f1,2029,07,29,0.0,33.539825,15.895058,2029
5324,r10i1p1f1,2029,07,30,0.0,35.964222,18.431713,2029
5325,r10i1p1f1,2029,07,31,0.0,35.151966,17.611242,2029
5326,r10i1p1f1,2029,08,01,0.0,32.014927,18.128635,2029
5327,r10i1p1f1,2029,08,02,0.0,31.891659,15.3490715,2029
5328,r10i1p1f1,2029,08,03,0.0,32.681915,15.476778,2029
5329,r10i1p1f1,2029,08,04,0.0,32.963142,15.153262,2029
5330,r10i1p1f1,2029,08,05,0.0,33.20834,15.3790655,2029
5331,r10i1p1f1,2029,08,06,0.0,33.724598,16.310534,2029
5332,r10i1p1f1,2029,08,07,0.0,34.818954,16.421001,2029
5333,r10i1p1f1,2029,08,08,0.0,35.21063,16.81934,2029
5334,r10i1p1f1,2029,08,09,0.0,34.273758,16.033794,2029
5335,r10i1p1f1,2029,08,10,0.0,31.055578,12.926932,2029
5336,r10i1p1f1,2029,08,11,0.0,28.581957,9.164894,2029
5337,r10i1p1f1,2029,08,12,0.0,36.59479,17.117498,2029
5338,r10i1p1f1,2029,08,13,0.0,35.35994,17.237421,2029
5339,r10i1p1f1,2029,08,14,0.0,33.93808,15.763439,2029
5340,r10i1p1f1,2029,08,15,0.0,32.548347,15.598152,2029
5341,r10i1p1f1,2029,08,16,0.0,32.85505,13.666006,2029
5342,r10i1p1f1,2029,08,17,0.0,37.069176,18.077524,2029
5343,r10i1p1f1,2029,08,18,0.0,35.90023,18.459103,2029
5344,r10i1p1f1,2029,08,19,0.0,32.425404,16.26351,2029
5345,r10i1p1f1,2029,08,20,0.0,28.580477,12.706669,2029
5346,r10i1p1f1,2029,08,21,0.0,29.943363,10.682508,2029
5347,r10i1p1f1,2029,08,22,0.0,35.54046,17.288374,2029
5348,r10i1p1f1,2029,08,23,0.0,34.589,15.912294,2029
5349,r10i1p1f1,2029,08,24,0.0,32.982513,16.676216,2029
5350,r10i1p1f1,2029,08,25,0.0,29.043045,13.113848,2029
5351,r10i1p1f1,2029,08,26,0.0,26.232813,10.691755,2029
5352,r10i1p1f1,2029,08,27,0.0,25.311846,9.276731,2029
5353,r10i1p1f1,2029,08,28,0.0,30.433416,11.810577,2029
5354,r10i1p1f1,2029,08,29,0.0,32.017014,14.134371,2029
5355,r10i1p1f1,2029,08,30,0.0,31.11706,12.787081,2029
5356,r10i1p1f1,2029,08,31,0.0,29.836746,11.5408745,2029
5357,r10i1p1f1,2029,09,01,0.0,31.334839,13.893811,2029
5358,r10i1p1f1,2029,09,02,0.0,33.784576,16.490784,2029
5359,r10i1p1f1,2029,09,03,0.0,33.13887,16.39924,2029
5360,r10i1p1f1,2029,09,04,0.0,28.392109,11.961743,2029
5361,r10i1p1f1,2029,09,05,0.0,26.110073,10.590651,2029
5362,r10i1p1f1,2029,09,06,0.0,24.919939,9.653268,2029
5363,r10i1p1f1,2029,09,07,0.0,27.17096,8.632466,2029
5364,r10i1p1f1,2029,09,08,0.0,32.167755,13.9156,2029
5365,r10i1p1f1,2029,09,09,0.0,36.08012,16.465744,2029
5366,r10i1p1f1,2029,09,10,0.0,38.554924,20.378798,2029
5367,r10i1p1f1,2029,09,11,0.0,38.69859,20.084646,2029
5368,r10i1p1f1,2029,09,12,0.0,38.457684,19.857304,2029
5369,r10i1p1f1,2029,09,13,0.0,38.826283,21.759535,2029
5370,r10i1p1f1,2029,09,14,0.0,38.162384,20.64286,2029
5371,r10i1p1f1,2029,09,15,0.0,35.544117,19.107252,2029
5372,r10i1p1f1,2029,09,16,0.0,33.539772,18.32028,2029
5373,r10i1p1f1,2029,09,17,0.0,31.850794,18.771055,2029
5374,r10i1p1f1,2029,09,18,0.0,29.249456,14.9138775,2029
5375,r10i1p1f1,2029,09,19,0.0,28.33113,11.730344,2029
5376,r10i1p1f1,2029,09,20,0.0,32.880196,16.300028,2029
5377,r10i1p1f1,2029,09,21,0.0,36.355175,19.12075,2029
5378,r10i1p1f1,2029,09,22,0.0,36.689686,19.601427,2029
5379,r10i1p1f1,2029,09,23,0.0,36.01398,19.939983,2029
5380,r10i1p1f1,2029,09,24,0.0,35.294754,17.88497,2029
5381,r10i1p1f1,2029,09,25,0.0,33.421364,16.188744,2029
5382,r10i1p1f1,2029,09,26,0.0,33.35548,18.507387,2029
5383,r10i1p1f1,2029,09,27,0.0,32.92992,16.645706,2029
5384,r10i1p1f1,2029,09,28,0.0,27.633896,12.238629,2029
5385,r10i1p1f1,2029,09,29,0.0,25.461428,8.634751,2029
5386,r10i1p1f1,2029,09,30,0.0,24.748938,10.440844,2029
5387,r10i1p1f1,2029,10,01,0.0,20.82302,8.161645,2029
5388,r10i1p1f1,2029,10,02,0.0,29.395594,11.647766,2029
5389,r10i1p1f1,2029,10,03,0.0,34.112823,17.183258,2029
5390,r10i1p1f1,2029,10,04,0.0,33.10697,18.952007,2029
5391,r10i1p1f1,2029,10,05,0.0,27.88579,13.918598,2029
5392,r10i1p1f1,2029,10,06,0.0,24.122404,10.387795,2029
5393,r10i1p1f1,2029,10,07,0.0,22.303394,6.6167226,2029
5394,r10i1p1f1,2029,10,08,0.0,28.393385,11.862798,2029
5395,r10i1p1f1,2029,10,09,0.0,31.246483,15.546933,2029
5396,r10i1p1f1,2029,10,10,0.0,30.86391,13.179367,2029
5397,r10i1p1f1,2029,10,11,0.0,30.123201,13.981089,2029
5398,r10i1p1f1,2029,10,12,0.0,27.598019,13.068589,2029
5399,r10i1p1f1,2029,10,13,0.0,27.125553,14.239112,2029
5400,r10i1p1f1,2029,10,14,0.07181285801906549,25.385515,13.333226,2029
5401,r10i1p1f1,2029,10,15,9.64232376235917,30.852625,18.375694,2029
5402,r10i1p1f1,2029,10,16,6.552860029018791,18.326368,6.583233,2029
5403,r10i1p1f1,2029,10,17,0.020112689452090354,18.930037,7.4121094,2029
5404,r10i1p1f1,2029,10,18,0.030776927117489992,19.791153,8.060731,2029
5405,r10i1p1f1,2029,10,19,6.576945940966987,19.288183,9.899881,2029
5406,r10i1p1f1,2029,10,20,0.0,17.2108,8.020151,2029
5407,r10i1p1f1,2029,10,21,0.0,18.880548,6.726294,2029
5408,r10i1p1f1,2029,10,22,0.0,18.866314,6.656424,2029
5409,r10i1p1f1,2029,10,23,1.1494129981991519,18.68377,7.8682394,2029
5410,r10i1p1f1,2029,10,24,49.13020867572509,18.37646,12.110628,2029
5411,r10i1p1f1,2029,10,25,0.006693558400097811,19.456774,6.2428784,2029
5412,r10i1p1f1,2029,10,26,0.0,20.777855,7.8031454,2029
5413,r10i1p1f1,2029,10,27,0.0,21.340292,9.747618,2029
5414,r10i1p1f1,2029,10,28,0.0,21.200403,8.850413,2029
5415,r10i1p1f1,2029,10,29,0.02957448080116209,18.737696,6.543935,2029
5416,r10i1p1f1,2029,10,30,16.019084089509164,19.442318,11.460484,2029
5417,r10i1p1f1,2029,10,31,34.77179885743872,18.59056,11.488289,2029
5418,r10i1p1f1,2029,11,01,12.909380561139091,17.120481,6.272584,2029
5419,r10i1p1f1,2029,11,02,1.7867585194356874,12.3314905,4.52246,2029
5420,r10i1p1f1,2029,11,03,0.05740486825695706,13.752223,3.4402232,2029
5421,r10i1p1f1,2029,11,04,24.618592421757057,12.9874735,3.786935,2029
5422,r10i1p1f1,2029,11,05,9.23574809249227,15.418224,8.016262,2029
5423,r10i1p1f1,2029,11,06,28.544891431106645,18.273901,10.195788,2029
5424,r10i1p1f1,2029,11,07,2.32765573911437,22.069386,12.29868,2029
5425,r10i1p1f1,2029,11,08,3.3674130858344142,21.07694,11.099787,2029
5426,r10i1p1f1,2029,11,09,0.22728405517562733,18.86102,5.7008405,2029
5427,r10i1p1f1,2029,11,10,0.0,20.13253,8.146252,2029
5428,r10i1p1f1,2029,11,11,0.0,18.718102,9.16891,2029
5429,r10i1p1f1,2029,11,12,0.0,20.46733,8.06087,2029
5430,r10i1p1f1,2029,11,13,0.0,24.153643,6.136938,2029
5431,r10i1p1f1,2029,11,14,0.0,24.288889,6.228511,2029
5432,r10i1p1f1,2029,11,15,0.0,26.190619,9.880915,2029
5433,r10i1p1f1,2029,11,16,0.0,24.533604,8.922924,2029
5434,r10i1p1f1,2029,11,17,0.0,23.514063,6.563226,2029
5435,r10i1p1f1,2029,11,18,0.0,23.911768,5.8877525,2029
5436,r10i1p1f1,2029,11,19,0.0,20.957405,9.038717,2029
5437,r10i1p1f1,2029,11,20,0.0,21.278507,6.651905,2029
5438,r10i1p1f1,2029,11,21,12.260494481789033,15.037802,9.5085,2029
5439,r10i1p1f1,2029,11,22,36.8591430710359,11.893133,6.9429073,2029
5440,r10i1p1f1,2029,11,23,6.300152629122941,11.552009,0.7675105,2029
5441,r10i1p1f1,2029,11,24,0.0,11.221591,-0.7510834,2029
5442,r10i1p1f1,2029,11,25,0.0,15.952606,2.644877,2029
5443,r10i1p1f1,2029,11,26,0.0,16.148636,0.6813782,2029
5444,r10i1p1f1,2029,11,27,19.808372738464783,14.097464,5.05093,2029
5445,r10i1p1f1,2029,11,28,5.249610550603585,13.3711815,6.7654076,2029
5446,r10i1p1f1,2029,11,29,0.0,12.792938,2.9406552,2029
5447,r10i1p1f1,2029,11,30,43.79875038744343,13.507972,6.89193,2029
5448,r10i1p1f1,2029,12,01,12.179665053324578,12.426483,5.9464455,2029
5449,r10i1p1f1,2029,12,02,0.27870098432398854,12.044697,3.358131,2029
5450,r10i1p1f1,2029,12,03,0.0,16.138874,3.93741,2029
5451,r10i1p1f1,2029,12,04,16.690760135871212,13.589675,7.6993623,2029
5452,r10i1p1f1,2029,12,05,0.06473524692027192,14.848254,5.2758775,2029
5453,r10i1p1f1,2029,12,06,0.0,17.517775,4.615828,2029
5454,r10i1p1f1,2029,12,07,0.0,16.016748,5.786014,2029
5455,r10i1p1f1,2029,12,08,2.5115845252003055,11.137273,5.55601,2029
5456,r10i1p1f1,2029,12,09,0.0,11.51105,2.197158,2029
5457,r10i1p1f1,2029,12,10,0.1620671298573035,11.074944,4.715921,2029
5458,r10i1p1f1,2029,12,11,33.23552709464964,11.895157,1.9286966,2029
5459,r10i1p1f1,2029,12,12,0.0,10.513212,0.82932323,2029
5460,r10i1p1f1,2029,12,13,2.4947310922470933,9.1633215,3.769328,2029
5461,r10i1p1f1,2029,12,14,5.420449402989011,8.574369,2.2529728,2029
5462,r10i1p1f1,2029,12,15,33.983139238185494,10.029983,3.935489,2029
5463,r10i1p1f1,2029,12,16,14.405045855566737,9.499745,3.1707711,2029
5464,r10i1p1f1,2029,12,17,44.19084417688856,12.91926,3.3880792,2029
5465,r10i1p1f1,2029,12,18,2.1166045026934386,8.439354,0.7754942,2029
5466,r10i1p1f1,2029,12,19,0.0,10.194216,0.5343967,2029
5467,r10i1p1f1,2029,12,20,0.0,11.616861,-0.10826673,2029
5468,r10i1p1f1,2029,12,21,0.0,13.954651,4.2309356,2029
5469,r10i1p1f1,2029,12,22,0.0,13.623993,1.7357035,2029
5470,r10i1p1f1,2029,12,23,12.199446967937739,9.492463,1.7948124,2029
5471,r10i1p1f1,2029,12,24,35.06119922354915,8.546235,3.2459226,2029
5472,r10i1p1f1,2029,12,25,10.02277681383547,8.767528,3.982173,2029
5473,r10i1p1f1,2029,12,26,1.2354795936732301,9.99134,-0.5896217,2029
5474,r10i1p1f1,2029,12,27,5.7579539906376,10.137129,4.242194,2029
5475,r10i1p1f1,2029,12,28,14.27132133218325,10.271319,5.830369,2029
5476,r10i1p1f1,2029,12,29,0.026661390419528624,14.245096,3.797393,2029
5477,r10i1p1f1,2029,12,30,0.0,14.042513,4.3943434,2029
5478,r10i1p1f1,2029,12,31,17.761302703844482,11.161154,4.8214507,2029
5479,r10i1p1f1,2030,01,01,0.0,9.911757,1.3128486,2030
5480,r10i1p1f1,2030,01,02,0.0,11.173746,-0.0070573906,2030
5481,r10i1p1f1,2030,01,03,0.0,12.982837,0.44451663,2030
5482,r10i1p1f1,2030,01,04,0.0,13.384473,2.459077,2030
5483,r10i1p1f1,2030,01,05,0.0,14.517655,3.5592246,2030
5484,r10i1p1f1,2030,01,06,0.0,15.841384,5.356527,2030
5485,r10i1p1f1,2030,01,07,14.811510250499277,12.749884,3.3246908,2030
5486,r10i1p1f1,2030,01,08,1.031416937501873,8.16201,1.0301021,2030
5487,r10i1p1f1,2030,01,09,0.0,10.175967,0.5727979,2030
5488,r10i1p1f1,2030,01,10,0.0,12.470212,0.22521591,2030
5489,r10i1p1f1,2030,01,11,0.0,12.312362,2.1475031,2030
5490,r10i1p1f1,2030,01,12,0.0,10.773346,4.3319736,2030
5491,r10i1p1f1,2030,01,13,42.95264948098185,11.193188,4.7130322,2030
5492,r10i1p1f1,2030,01,14,12.133259386724891,10.060601,3.8523312,2030
5493,r10i1p1f1,2030,01,15,33.91569942958947,14.250232,4.9650693,2030
5494,r10i1p1f1,2030,01,16,96.89297950704042,14.108156,8.680224,2030
5495,r10i1p1f1,2030,01,17,65.60353659105634,11.727089,2.2072566,2030
5496,r10i1p1f1,2030,01,18,7.8781331692880485,7.086783,3.3349452,2030
5497,r10i1p1f1,2030,01,19,80.15392324764673,11.471358,3.2561004,2030
5498,r10i1p1f1,2030,01,20,53.82952212362158,12.107405,4.572889,2030
5499,r10i1p1f1,2030,01,21,0.0,11.961926,0.9721718,2030
5500,r10i1p1f1,2030,01,22,0.0,12.164779,0.05916756,2030
5501,r10i1p1f1,2030,01,23,9.368629726936648,10.699338,0.7382375,2030
5502,r10i1p1f1,2030,01,24,28.019567690544616,8.538123,2.9015014,2030
5503,r10i1p1f1,2030,01,25,8.345051075048104,7.8185577,1.543177,2030
5504,r10i1p1f1,2030,01,26,0.0,8.498093,2.9795463,2030
5505,r10i1p1f1,2030,01,27,0.0,12.307558,-3.1258678,2030
5506,r10i1p1f1,2030,01,28,6.952562814005528,8.33271,0.12669313,2030
5507,r10i1p1f1,2030,01,29,5.390663474635834,11.279098,1.9948088,2030
5508,r10i1p1f1,2030,01,30,0.0,19.250307,6.9690847,2030
5509,r10i1p1f1,2030,01,31,0.0,20.08991,5.87656,2030
5510,r10i1p1f1,2030,02,01,0.0,19.498102,6.125296,2030
5511,r10i1p1f1,2030,02,02,0.0,19.580921,6.5604105,2030
5512,r10i1p1f1,2030,02,03,0.0,20.132689,7.6521926,2030
5513,r10i1p1f1,2030,02,04,0.0,19.61897,5.558033,2030
5514,r10i1p1f1,2030,02,05,1.6822114488987656,17.090715,6.0315037,2030
5515,r10i1p1f1,2030,02,06,3.5236935647461856,12.867993,4.8013716,2030
5516,r10i1p1f1,2030,02,07,0.0,13.049182,1.4302617,2030
5517,r10i1p1f1,2030,02,08,13.167418943990732,9.892045,0.1755867,2030
5518,r10i1p1f1,2030,02,09,0.0,12.577411,1.2488497,2030
5519,r10i1p1f1,2030,02,10,0.0,16.299623,2.3941252,2030
5520,r10i1p1f1,2030,02,11,7.42212806978243,15.092203,5.5515323,2030
5521,r10i1p1f1,2030,02,12,12.37796151920185,10.696219,1.653563,2030
5522,r10i1p1f1,2030,02,13,0.0,10.571851,-1.5280517,2030
5523,r10i1p1f1,2030,02,14,0.2189440638678781,10.189743,1.0564382,2030
5524,r10i1p1f1,2030,02,15,0.0,15.5277,2.327639,2030
5525,r10i1p1f1,2030,02,16,0.0,14.604595,2.627549,2030
5526,r10i1p1f1,2030,02,17,0.05651459026634448,13.584351,1.0391916,2030
5527,r10i1p1f1,2030,02,18,0.0,15.329893,0.65359455,2030
5528,r10i1p1f1,2030,02,19,0.0,12.947306,0.9936487,2030
5529,r10i1p1f1,2030,02,20,0.018912538508917158,12.0471525,3.6392903,2030
5530,r10i1p1f1,2030,02,21,8.392193974922472,10.749982,3.8421743,2030
5531,r10i1p1f1,2030,02,22,17.632559934281744,11.253294,2.238424,2030
5532,r10i1p1f1,2030,02,23,25.667631247472997,11.829933,5.797245,2030
5533,r10i1p1f1,2030,02,24,27.576349398096728,10.904636,3.7833028,2030
5534,r10i1p1f1,2030,02,25,1.0333992486410257,10.814624,3.531581,2030
5535,r10i1p1f1,2030,02,26,0.0,14.419525,2.1915185,2030
5536,r10i1p1f1,2030,02,27,0.0,14.496392,2.7717173,2030
5537,r10i1p1f1,2030,02,28,3.9747171283364113,12.595384,3.612084,2030
5538,r10i1p1f1,2030,03,01,0.0,15.983527,2.8249078,2030
5539,r10i1p1f1,2030,03,02,0.0,14.60056,2.0383024,2030
5540,r10i1p1f1,2030,03,03,0.0,14.490678,2.1321151,2030
5541,r10i1p1f1,2030,03,04,0.02675764151622149,14.45979,2.513648,2030
5542,r10i1p1f1,2030,03,05,0.0,17.064249,2.8023815,2030
5543,r10i1p1f1,2030,03,06,2.3383196089190803,14.700719,3.0704155,2030
5544,r10i1p1f1,2030,03,07,2.881468602780794,12.217439,3.2247567,2030
5545,r10i1p1f1,2030,03,08,0.3590033930442204,13.016376,1.4756505,2030
5546,r10i1p1f1,2030,03,09,0.8835604557086634,12.144043,1.1711255,2030
5547,r10i1p1f1,2030,03,10,0.0,15.063896,3.102114,2030
5548,r10i1p1f1,2030,03,11,0.0,15.263402,1.670422,2030
5549,r10i1p1f1,2030,03,12,0.0,13.286767,1.7133915,2030
5550,r10i1p1f1,2030,03,13,0.0,12.6702,-0.6295164,2030
5551,r10i1p1f1,2030,03,14,0.0,18.467257,1.0671037,2030
5552,r10i1p1f1,2030,03,15,0.0,17.761992,2.0028403,2030
5553,r10i1p1f1,2030,03,16,4.8363400971682395,15.318122,4.111798,2030
5554,r10i1p1f1,2030,03,17,21.85256549285106,11.673502,3.5932307,2030
5555,r10i1p1f1,2030,03,18,0.0,15.319514,3.798085,2030
5556,r10i1p1f1,2030,03,19,33.78654919613741,13.242226,4.9497814,2030
5557,r10i1p1f1,2030,03,20,36.616618095860375,14.47359,5.273277,2030
5558,r10i1p1f1,2030,03,21,26.43929906710247,12.7280445,5.4144835,2030
5559,r10i1p1f1,2030,03,22,0.454813121790434,12.431985,0.73984104,2030
5560,r10i1p1f1,2030,03,23,4.671671545343327,13.422474,3.861932,2030
5561,r10i1p1f1,2030,03,24,0.0,15.91602,2.0635922,2030
5562,r10i1p1f1,2030,03,25,0.0,15.575066,2.6385376,2030
5563,r10i1p1f1,2030,03,26,0.0,18.2733,2.5771995,2030
5564,r10i1p1f1,2030,03,27,0.0,21.20246,3.1293025,2030
5565,r10i1p1f1,2030,03,28,0.0,22.362919,6.0328584,2030
5566,r10i1p1f1,2030,03,29,0.0,23.60112,9.966998,2030
5567,r10i1p1f1,2030,03,30,0.0,23.934889,9.4301605,2030
5568,r10i1p1f1,2030,03,31,0.0,25.864164,9.029144,2030
5569,r10i1p1f1,2030,04,01,0.0,27.329317,8.588766,2030
5570,r10i1p1f1,2030,04,02,0.0,26.625294,10.253346,2030
5571,r10i1p1f1,2030,04,03,3.1245525672985472,22.302158,8.768759,2030
5572,r10i1p1f1,2030,04,04,21.652279737693455,13.864225,5.9115224,2030
5573,r10i1p1f1,2030,04,05,10.216008105750294,11.089418,3.2378013,2030
5574,r10i1p1f1,2030,04,06,1.1753905154029398,12.946798,5.321194,2030
5575,r10i1p1f1,2030,04,07,9.52260361147254,12.123848,4.9989705,2030
5576,r10i1p1f1,2030,04,08,12.860447314405496,12.806242,5.3765597,2030
5577,r10i1p1f1,2030,04,09,0.0,14.789729,4.2988267,2030
5578,r10i1p1f1,2030,04,10,0.0,16.365341,1.8842263,2030
5579,r10i1p1f1,2030,04,11,0.0,16.062395,3.4243052,2030
5580,r10i1p1f1,2030,04,12,0.0,19.187443,1.6907631,2030
5581,r10i1p1f1,2030,04,13,0.1091599321721572,18.20328,3.9972363,2030
5582,r10i1p1f1,2030,04,14,0.8489938126163715,12.741277,6.0612636,2030
5583,r10i1p1f1,2030,04,15,40.799476058026286,12.708371,6.635292,2030
5584,r10i1p1f1,2030,04,16,1.6438915037425479,10.655479,3.7044685,2030
5585,r10i1p1f1,2030,04,17,8.590036139924594,10.451045,1.6019293,2030
5586,r10i1p1f1,2030,04,18,35.80053963631048,8.0222,1.4507934,2030
5587,r10i1p1f1,2030,04,19,2.74604050423477,9.976804,1.9320163,2030
5588,r10i1p1f1,2030,04,20,0.35112808707493204,11.672046,2.8965962,2030
5589,r10i1p1f1,2030,04,21,0.0,17.782541,3.9167721,2030
5590,r10i1p1f1,2030,04,22,0.0,20.36676,4.9794345,2030
5591,r10i1p1f1,2030,04,23,0.0,26.032434,9.353399,2030
5592,r10i1p1f1,2030,04,24,0.0,28.222519,12.332964,2030
5593,r10i1p1f1,2030,04,25,0.0,30.138504,14.463651,2030
5594,r10i1p1f1,2030,04,26,0.07712539533809161,31.04549,14.900313,2030
5595,r10i1p1f1,2030,04,27,0.0,30.245798,15.7905855,2030
5596,r10i1p1f1,2030,04,28,0.0,28.865717,15.69073,2030
5597,r10i1p1f1,2030,04,29,0.0,24.440142,11.275934,2030
5598,r10i1p1f1,2030,04,30,0.0,21.953793,8.537689,2030
5599,r10i1p1f1,2030,05,01,6.089196038556111,15.982004,4.219655,2030
5600,r10i1p1f1,2030,05,02,0.0,19.729362,3.8755767,2030
5601,r10i1p1f1,2030,05,03,0.0,22.747694,6.2588453,2030
5602,r10i1p1f1,2030,05,04,0.0,23.800531,9.453084,2030
5603,r10i1p1f1,2030,05,05,0.0,24.904531,9.275821,2030
5604,r10i1p1f1,2030,05,06,0.020240010091679562,23.825884,8.633116,2030
5605,r10i1p1f1,2030,05,07,0.0,21.199476,8.563327,2030
5606,r10i1p1f1,2030,05,08,0.0,23.959064,9.442413,2030
5607,r10i1p1f1,2030,05,09,0.0,26.280788,9.373874,2030
5608,r10i1p1f1,2030,05,10,0.0,26.426037,11.48222,2030
5609,r10i1p1f1,2030,05,11,0.0,27.411926,13.767538,2030
5610,r10i1p1f1,2030,05,12,0.0,26.512058,10.482504,2030
5611,r10i1p1f1,2030,05,13,0.0,27.814938,12.984711,2030
5612,r10i1p1f1,2030,05,14,42.53758270367,21.68955,6.5549126,2030
5613,r10i1p1f1,2030,05,15,39.39584491033058,13.891306,10.710562,2030
5614,r10i1p1f1,2030,05,16,16.372087789932266,18.859678,6.8823056,2030
5615,r10i1p1f1,2030,05,17,8.09553518085618,17.422766,6.201792,2030
5616,r10i1p1f1,2030,05,18,4.485177639109775,18.080273,8.421511,2030
5617,r10i1p1f1,2030,05,19,0.0,21.661263,9.361309,2030
5618,r10i1p1f1,2030,05,20,0.0,20.421236,8.786838,2030
5619,r10i1p1f1,2030,05,21,0.0,18.210487,5.2962704,2030
5620,r10i1p1f1,2030,05,22,0.0,20.536158,5.4610095,2030
5621,r10i1p1f1,2030,05,23,0.0,21.2422,7.3408365,2030
5622,r10i1p1f1,2030,05,24,0.0,21.077936,8.918947,2030
5623,r10i1p1f1,2030,05,25,0.0,20.691881,7.341588,2030
5624,r10i1p1f1,2030,05,26,0.0,24.19477,9.436047,2030
5625,r10i1p1f1,2030,05,27,0.13875694265535507,23.379187,9.36224,2030
5626,r10i1p1f1,2030,05,28,0.0,20.903217,8.047612,2030
5627,r10i1p1f1,2030,05,29,0.0,21.90949,8.003842,2030
5628,r10i1p1f1,2030,05,30,11.444502023253957,18.998426,5.0854897,2030
5629,r10i1p1f1,2030,05,31,0.0,20.271053,6.0805664,2030
5630,r10i1p1f1,2030,06,01,0.0,24.277351,5.713711,2030
5631,r10i1p1f1,2030,06,02,0.0,29.639221,11.091785,2030
5632,r10i1p1f1,2030,06,03,0.0,34.585415,18.012117,2030
5633,r10i1p1f1,2030,06,04,0.0,36.03781,16.897852,2030
5634,r10i1p1f1,2030,06,05,0.0,34.57343,16.853476,2030
5635,r10i1p1f1,2030,06,06,0.0,29.901142,15.792583,2030
5636,r10i1p1f1,2030,06,07,0.0,30.135925,12.141258,2030
5637,r10i1p1f1,2030,06,08,0.0,29.367891,12.770818,2030
5638,r10i1p1f1,2030,06,09,0.0,32.713737,15.380681,2030
5639,r10i1p1f1,2030,06,10,0.0,33.812805,16.286068,2030
5640,r10i1p1f1,2030,06,11,0.0,32.69802,16.487549,2030
5641,r10i1p1f1,2030,06,12,0.0,31.201284,16.49677,2030
5642,r10i1p1f1,2030,06,13,0.0,30.197725,14.746918,2030
5643,r10i1p1f1,2030,06,14,0.0,32.046764,14.711169,2030
5644,r10i1p1f1,2030,06,15,0.0,36.235092,20.4298,2030
5645,r10i1p1f1,2030,06,16,0.0,35.854626,21.079954,2030
5646,r10i1p1f1,2030,06,17,0.0,30.771118,12.580258,2030
5647,r10i1p1f1,2030,06,18,0.0,27.383009,12.467485,2030
5648,r10i1p1f1,2030,06,19,0.0,32.502617,18.064909,2030
5649,r10i1p1f1,2030,06,20,0.0,30.225464,13.43077,2030
5650,r10i1p1f1,2030,06,21,0.0,30.368464,14.181398,2030
5651,r10i1p1f1,2030,06,22,0.0,29.751429,15.038642,2030
5652,r10i1p1f1,2030,06,23,0.0,30.898096,13.134653,2030
5653,r10i1p1f1,2030,06,24,0.0,32.2554,15.476485,2030
5654,r10i1p1f1,2030,06,25,0.0,32.43313,16.341547,2030
5655,r10i1p1f1,2030,06,26,0.0,33.763317,16.764673,2030
5656,r10i1p1f1,2030,06,27,0.0,33.913376,17.976505,2030
5657,r10i1p1f1,2030,06,28,0.0,32.91579,18.182947,2030
5658,r10i1p1f1,2030,06,29,0.0,30.277845,13.89432,2030
5659,r10i1p1f1,2030,06,30,0.0,25.859718,10.51288,2030
5660,r10i1p1f1,2030,07,01,0.0,29.4367,9.830796,2030
5661,r10i1p1f1,2030,07,02,0.0,29.756187,11.594078,2030
5662,r10i1p1f1,2030,07,03,0.0,32.92751,15.064601,2030
5663,r10i1p1f1,2030,07,04,0.0,33.71401,16.386522,2030
5664,r10i1p1f1,2030,07,05,0.0,32.773083,15.466778,2030
5665,r10i1p1f1,2030,07,06,0.0,34.789055,18.851707,2030
5666,r10i1p1f1,2030,07,07,0.0,33.499916,16.132122,2030
5667,r10i1p1f1,2030,07,08,0.0,32.23865,16.034323,2030
5668,r10i1p1f1,2030,07,09,0.0,32.179737,15.641603,2030
5669,r10i1p1f1,2030,07,10,0.0,31.493078,15.511855,2030
5670,r10i1p1f1,2030,07,11,0.0,30.762741,13.36681,2030
5671,r10i1p1f1,2030,07,12,0.0,31.094454,13.550293,2030
5672,r10i1p1f1,2030,07,13,0.0,30.13586,12.536781,2030
5673,r10i1p1f1,2030,07,14,0.0,31.309973,12.562319,2030
5674,r10i1p1f1,2030,07,15,0.0,32.054035,13.579264,2030
5675,r10i1p1f1,2030,07,16,0.0,31.859047,15.130397,2030
5676,r10i1p1f1,2030,07,17,0.0,30.90916,14.086011,2030
5677,r10i1p1f1,2030,07,18,0.0,28.49662,13.106029,2030
5678,r10i1p1f1,2030,07,19,0.0,29.495102,10.780185,2030
5679,r10i1p1f1,2030,07,20,0.0,30.379215,12.865024,2030
5680,r10i1p1f1,2030,07,21,0.0,33.365105,15.304354,2030
5681,r10i1p1f1,2030,07,22,0.0,35.9059,17.391327,2030
5682,r10i1p1f1,2030,07,23,0.0,35.18351,18.829361,2030
5683,r10i1p1f1,2030,07,24,0.0,34.111134,17.131964,2030
5684,r10i1p1f1,2030,07,25,0.0,29.598108,13.30664,2030
5685,r10i1p1f1,2030,07,26,0.0,31.28862,14.094219,2030
5686,r10i1p1f1,2030,07,27,0.0,34.128654,17.476679,2030
5687,r10i1p1f1,2030,07,28,0.0,36.267593,18.865656,2030
5688,r10i1p1f1,2030,07,29,0.0,35.747753,17.031153,2030
5689,r10i1p1f1,2030,07,30,0.0,34.66797,18.379726,2030
5690,r10i1p1f1,2030,07,31,0.0,31.414545,14.450726,2030
5691,r10i1p1f1,2030,08,01,0.0,34.02414,14.734363,2030
5692,r10i1p1f1,2030,08,02,0.0026834120609763837,36.69201,17.753572,2030
5693,r10i1p1f1,2030,08,03,0.0,36.02828,19.548857,2030
5694,r10i1p1f1,2030,08,04,0.0,35.380848,18.527527,2030
5695,r10i1p1f1,2030,08,05,0.0,34.255646,17.226269,2030
5696,r10i1p1f1,2030,08,06,0.0,31.858038,14.96212,2030
5697,r10i1p1f1,2030,08,07,0.0,31.775333,15.636876,2030
5698,r10i1p1f1,2030,08,08,0.0,34.51631,15.932983,2030
5699,r10i1p1f1,2030,08,09,0.0,36.101406,17.795034,2030
5700,r10i1p1f1,2030,08,10,0.0,37.435123,19.580023,2030
5701,r10i1p1f1,2030,08,11,0.0,36.322517,18.695826,2030
5702,r10i1p1f1,2030,08,12,0.0,35.226807,17.339727,2030
5703,r10i1p1f1,2030,08,13,0.0,34.648212,17.681541,2030
5704,r10i1p1f1,2030,08,14,0.0,34.114655,17.474432,2030
5705,r10i1p1f1,2030,08,15,0.0,33.169308,17.532648,2030
5706,r10i1p1f1,2030,08,16,0.0,38.034893,20.06265,2030
5707,r10i1p1f1,2030,08,17,0.0,38.31738,20.707153,2030
5708,r10i1p1f1,2030,08,18,0.0,37.072002,18.795898,2030
5709,r10i1p1f1,2030,08,19,0.0,36.18536,19.21843,2030
5710,r10i1p1f1,2030,08,20,0.0,34.438484,17.237488,2030
5711,r10i1p1f1,2030,08,21,0.0,34.740063,16.69105,2030
5712,r10i1p1f1,2030,08,22,0.0,36.322495,18.355808,2030
5713,r10i1p1f1,2030,08,23,0.0,35.156525,19.445368,2030
5714,r10i1p1f1,2030,08,24,0.0,33.231136,18.356735,2030
5715,r10i1p1f1,2030,08,25,0.0,35.47443,16.720613,2030
5716,r10i1p1f1,2030,08,26,0.0,36.72809,18.75897,2030
5717,r10i1p1f1,2030,08,27,0.0,35.017483,19.328215,2030
5718,r10i1p1f1,2030,08,28,0.0,32.316864,16.82467,2030
5719,r10i1p1f1,2030,08,29,0.0,36.334415,16.161814,2030
5720,r10i1p1f1,2030,08,30,0.0,34.822533,16.471676,2030
5721,r10i1p1f1,2030,08,31,0.0,32.69683,22.03685,2030
5722,r10i1p1f1,2030,09,01,0.0,36.23371,19.927109,2030
5723,r10i1p1f1,2030,09,02,0.0,38.193115,20.720617,2030
5724,r10i1p1f1,2030,09,03,0.0,40.671947,22.336294,2030
5725,r10i1p1f1,2030,09,04,0.0,38.590393,23.752743,2030
5726,r10i1p1f1,2030,09,05,0.0,38.031624,21.154245,2030
5727,r10i1p1f1,2030,09,06,0.0,38.359657,21.777725,2030
5728,r10i1p1f1,2030,09,07,0.0,39.65102,22.535671,2030
5729,r10i1p1f1,2030,09,08,0.0,39.51479,22.295534,2030
5730,r10i1p1f1,2030,09,09,0.0,36.765465,20.479366,2030
5731,r10i1p1f1,2030,09,10,0.0,35.56086,19.989838,2030
5732,r10i1p1f1,2030,09,11,0.0,33.993286,18.44599,2030
5733,r10i1p1f1,2030,09,12,0.0,32.88899,16.995066,2030
5734,r10i1p1f1,2030,09,13,0.0,32.257042,16.617268,2030
5735,r10i1p1f1,2030,09,14,0.0,33.047882,17.157606,2030
5736,r10i1p1f1,2030,09,15,0.0,33.37173,17.441622,2030
5737,r10i1p1f1,2030,09,16,0.0,32.083263,17.113169,2030
5738,r10i1p1f1,2030,09,17,0.0,25.67967,11.918281,2030
5739,r10i1p1f1,2030,09,18,40.16914862586418,22.703318,9.020142,2030
5740,r10i1p1f1,2030,09,19,16.243830606560408,18.758747,5.6984215,2030
5741,r10i1p1f1,2030,09,20,0.0,21.65513,7.9221992,2030
5742,r10i1p1f1,2030,09,21,0.0,24.729744,9.301828,2030
5743,r10i1p1f1,2030,09,22,0.0,27.565369,12.455264,2030
5744,r10i1p1f1,2030,09,23,0.0,28.391827,12.669746,2030
5745,r10i1p1f1,2030,09,24,0.0,28.314444,13.91317,2030
5746,r10i1p1f1,2030,09,25,0.0,28.60636,13.5520935,2030
5747,r10i1p1f1,2030,09,26,0.0,29.342276,13.248988,2030
5748,r10i1p1f1,2030,09,27,0.0,34.627472,15.262056,2030
5749,r10i1p1f1,2030,09,28,0.0,35.196262,18.11411,2030
5750,r10i1p1f1,2030,09,29,0.0,34.64766,17.73365,2030
5751,r10i1p1f1,2030,09,30,0.0,32.908985,14.828428,2030
5752,r10i1p1f1,2030,10,01,0.0,25.90767,10.980647,2030
5753,r10i1p1f1,2030,10,02,0.015333548129235982,22.205023,11.000657,2030
5754,r10i1p1f1,2030,10,03,1.127723383124727,15.081611,6.8812675,2030
5755,r10i1p1f1,2030,10,04,0.4452410879402554,17.49054,5.1160526,2030
5756,r10i1p1f1,2030,10,05,0.0,22.715635,5.6834197,2030
5757,r10i1p1f1,2030,10,06,0.0,23.48746,8.25727,2030
5758,r10i1p1f1,2030,10,07,0.0,22.339422,9.463578,2030
5759,r10i1p1f1,2030,10,08,0.0,23.608364,7.573079,2030
5760,r10i1p1f1,2030,10,09,0.0,27.63278,10.0865555,2030
5761,r10i1p1f1,2030,10,10,0.0,27.25945,13.029009,2030
5762,r10i1p1f1,2030,10,11,0.0,27.803194,13.650106,2030
5763,r10i1p1f1,2030,10,12,0.0,30.640593,12.041598,2030
5764,r10i1p1f1,2030,10,13,0.0,31.458979,14.647477,2030
5765,r10i1p1f1,2030,10,14,0.0,31.608158,16.302912,2030
5766,r10i1p1f1,2030,10,15,0.0,30.17247,16.634895,2030
5767,r10i1p1f1,2030,10,16,12.169414351075446,27.888287,15.222654,2030
5768,r10i1p1f1,2030,10,17,21.176843025176296,15.392652,6.0498867,2030
5769,r10i1p1f1,2030,10,18,0.0,20.11239,6.2310953,2030
5770,r10i1p1f1,2030,10,19,0.0,22.262663,8.46301,2030
5771,r10i1p1f1,2030,10,20,0.0,23.855051,9.835463,2030
5772,r10i1p1f1,2030,10,21,0.0,26.757093,12.603942,2030
5773,r10i1p1f1,2030,10,22,0.0,26.760103,12.046607,2030
5774,r10i1p1f1,2030,10,23,0.0,25.850769,11.829401,2030
5775,r10i1p1f1,2030,10,24,0.0,23.980265,9.221734,2030
5776,r10i1p1f1,2030,10,25,0.0,21.74192,8.837746,2030
5777,r10i1p1f1,2030,10,26,0.0,24.122625,10.480229,2030
5778,r10i1p1f1,2030,10,27,0.0,27.604559,10.299451,2030
5779,r10i1p1f1,2030,10,28,0.0,27.271387,13.85711,2030
5780,r10i1p1f1,2030,10,29,0.0,26.143988,12.388969,2030
5781,r10i1p1f1,2030,10,30,0.0,23.027298,8.337192,2030
5782,r10i1p1f1,2030,10,31,0.0,24.989079,10.954663,2030
5783,r10i1p1f1,2030,11,01,0.0,26.169733,9.711274,2030
5784,r10i1p1f1,2030,11,02,0.0,27.005371,11.236712,2030
5785,r10i1p1f1,2030,11,03,0.0,29.006718,10.172757,2030
5786,r10i1p1f1,2030,11,04,0.0,25.022253,8.334331,2030
5787,r10i1p1f1,2030,11,05,0.0334891930594351,15.272949,2.7461622,2030
5788,r10i1p1f1,2030,11,06,0.0,13.872244,3.0342185,2030
5789,r10i1p1f1,2030,11,07,0.0,15.891925,1.005019,2030
5790,r10i1p1f1,2030,11,08,25.84045884217822,13.109856,3.7466788,2030
5791,r10i1p1f1,2030,11,09,1.9879812843005071,16.755087,9.848634,2030
5792,r10i1p1f1,2030,11,10,0.6523575639053697,18.629333,6.470361,2030
5793,r10i1p1f1,2030,11,11,0.0,21.186747,3.5242627,2030
5794,r10i1p1f1,2030,11,12,0.0,17.200617,5.5920296,2030
5795,r10i1p1f1,2030,11,13,0.0,16.319738,5.8021603,2030
5796,r10i1p1f1,2030,11,14,7.921367474926611,15.502592,9.619569,2030
5797,r10i1p1f1,2030,11,15,0.025810186956445443,22.168367,10.024047,2030
5798,r10i1p1f1,2030,11,16,0.0,24.255934,6.198114,2030
5799,r10i1p1f1,2030,11,17,0.0,23.672316,9.251166,2030
5800,r10i1p1f1,2030,11,18,0.0,22.508486,10.92688,2030
5801,r10i1p1f1,2030,11,19,0.0,20.900532,7.4980702,2030
5802,r10i1p1f1,2030,11,20,0.0,20.104362,8.830943,2030
5803,r10i1p1f1,2030,11,21,28.951638924129504,16.600836,5.4219193,2030
5804,r10i1p1f1,2030,11,22,0.0,14.011029,1.649836,2030
5805,r10i1p1f1,2030,11,23,0.0,13.999519,2.7875435,2030
5806,r10i1p1f1,2030,11,24,14.7576603703017,11.648196,3.5073812,2030
5807,r10i1p1f1,2030,11,25,4.07241905324171,8.674098,2.3766046,2030
5808,r10i1p1f1,2030,11,26,4.58435769140028,8.107211,1.7273905,2030
5809,r10i1p1f1,2030,11,27,39.91681334783176,10.989876,3.3241386,2030
5810,r10i1p1f1,2030,11,28,44.19709680644844,11.9923,4.701755,2030
5811,r10i1p1f1,2030,11,29,52.00641828154116,13.837807,6.382795,2030
5812,r10i1p1f1,2030,11,30,12.123231111304209,12.444235,5.9586525,2030
5813,r10i1p1f1,2030,12,01,19.78694315950729,10.204006,4.1714606,2030
5814,r10i1p1f1,2030,12,02,3.8623680454149603,11.015313,4.359609,2030
5815,r10i1p1f1,2030,12,03,0.5719401940184884,11.434028,2.0680034,2030
5816,r10i1p1f1,2030,12,04,11.261476988262363,11.196552,5.5360355,2030
5817,r10i1p1f1,2030,12,05,0.8059644472890987,11.144783,3.8391755,2030
5818,r10i1p1f1,2030,12,06,0.0,11.578658,1.3340794,2030
5819,r10i1p1f1,2030,12,07,0.0,12.851382,1.5854254,2030
5820,r10i1p1f1,2030,12,08,0.0,15.668633,2.246351,2030
5821,r10i1p1f1,2030,12,09,0.0,18.616322,2.6259072,2030
5822,r10i1p1f1,2030,12,10,0.0,15.523928,3.5161445,2030
5823,r10i1p1f1,2030,12,11,0.0,14.299143,1.8432595,2030
5824,r10i1p1f1,2030,12,12,0.0,12.310162,-0.5368044,2030
5825,r10i1p1f1,2030,12,13,0.0,13.695146,0.070215926,2030
5826,r10i1p1f1,2030,12,14,0.0,13.98041,0.403081,2030
5827,r10i1p1f1,2030,12,15,0.0,15.096811,1.4622345,2030
5828,r10i1p1f1,2030,12,16,0.0,14.793028,1.7012086,2030
5829,r10i1p1f1,2030,12,17,0.0,14.719203,2.3985558,2030
5830,r10i1p1f1,2030,12,18,0.0,17.77442,4.082811,2030
5831,r10i1p1f1,2030,12,19,0.0,14.869976,5.100404,2030
5832,r10i1p1f1,2030,12,20,0.0,13.1064825,2.9931188,2030
5833,r10i1p1f1,2030,12,21,0.0,14.388388,3.8963313,2030
5834,r10i1p1f1,2030,12,22,0.0,14.876447,2.3151608,2030
5835,r10i1p1f1,2030,12,23,0.0,15.110593,1.6331309,2030
5836,r10i1p1f1,2030,12,24,0.0,13.535614,2.9095156,2030
5837,r10i1p1f1,2030,12,25,0.0,11.414661,0.13079774,2030
5838,r10i1p1f1,2030,12,26,0.0,12.849068,-0.8898247,2030
5839,r10i1p1f1,2030,12,27,0.0,15.98008,1.8694264,2030
5840,r10i1p1f1,2030,12,28,0.0,16.24426,2.1452656,2030
5841,r10i1p1f1,2030,12,29,0.0,15.709658,4.448736,2030
5842,r10i1p1f1,2030,12,30,0.0,16.157232,3.3006358,2030
5843,r10i1p1f1,2030,12,31,0.0,19.008781,5.6883054,2030
5844,r10i1p1f1,2031,01,01,0.0,17.655338,6.953084,2031
5845,r10i1p1f1,2031,01,02,0.0,19.127922,6.7654934,2031
5846,r10i1p1f1,2031,01,03,0.0,20.210443,9.841617,2031
5847,r10i1p1f1,2031,01,04,0.0,20.583603,9.015657,2031
5848,r10i1p1f1,2031,01,05,0.0,20.345654,8.24357,2031
5849,r10i1p1f1,2031,01,06,1.0601966383044208,19.519712,8.081281,2031
5850,r10i1p1f1,2031,01,07,16.986975001667528,9.578639,3.7922475,2031
5851,r10i1p1f1,2031,01,08,0.0,12.595391,2.8686848,2031
5852,r10i1p1f1,2031,01,09,0.0,11.722198,1.4529214,2031
5853,r10i1p1f1,2031,01,10,10.685519345555038,11.346029,6.1970763,2031
5854,r10i1p1f1,2031,01,11,11.043054981105103,10.021237,1.1651908,2031
5855,r10i1p1f1,2031,01,12,0.0,8.613329,-1.0675057,2031
5856,r10i1p1f1,2031,01,13,0.0,9.9064865,-1.2139114,2031
5857,r10i1p1f1,2031,01,14,0.0,9.903603,-1.7793427,2031
5858,r10i1p1f1,2031,01,15,0.0,8.473456,-2.3570554,2031
5859,r10i1p1f1,2031,01,16,0.0,8.483046,-2.1404283,2031
5860,r10i1p1f1,2031,01,17,0.3169803483232451,5.8518467,-2.4343581,2031
5861,r10i1p1f1,2031,01,18,0.020422288698203995,5.4801717,-1.3435402,2031
5862,r10i1p1f1,2031,01,19,0.0,8.890343,-2.3729937,2031
5863,r10i1p1f1,2031,01,20,0.0,10.891182,-4.5723877,2031
5864,r10i1p1f1,2031,01,21,0.41608308862350896,7.55334,-2.6087742,2031
5865,r10i1p1f1,2031,01,22,36.39408310363682,10.011307,-0.40618476,2031
5866,r10i1p1f1,2031,01,23,88.43606901110003,13.573268,6.9841437,2031
5867,r10i1p1f1,2031,01,24,36.139558633103185,11.131631,7.0802226,2031
5868,r10i1p1f1,2031,01,25,10.250632167873462,10.936303,5.869003,2031
5869,r10i1p1f1,2031,01,26,12.824315161101127,14.4941435,6.6225424,2031
5870,r10i1p1f1,2031,01,27,0.0,14.658177,2.9945421,2031
5871,r10i1p1f1,2031,01,28,0.0,14.631904,3.9632785,2031
5872,r10i1p1f1,2031,01,29,10.003171826093947,13.446766,3.7323616,2031
5873,r10i1p1f1,2031,01,30,0.6383172549249139,10.597206,2.7907202,2031
5874,r10i1p1f1,2031,01,31,0.21549402024328101,11.064791,3.0888329,2031
5875,r10i1p1f1,2031,02,01,46.86539674784351,12.768348,4.0780897,2031
5876,r10i1p1f1,2031,02,02,69.74445333777878,13.595966,6.2166643,2031
5877,r10i1p1f1,2031,02,03,18.707436423191165,10.443669,-0.07435789,2031
5878,r10i1p1f1,2031,02,04,2.963638711336994,8.363579,0.32382444,2031
5879,r10i1p1f1,2031,02,05,21.81957244327733,6.9804406,1.92686,2031
5880,r10i1p1f1,2031,02,06,1.6629319132765599,7.8373003,2.030665,2031
5881,r10i1p1f1,2031,02,07,0.0,10.322444,0.115966596,2031
5882,r10i1p1f1,2031,02,08,0.0,13.754387,2.5758128,2031
5883,r10i1p1f1,2031,02,09,0.0,17.147665,4.139591,2031
5884,r10i1p1f1,2031,02,10,0.0,19.590948,5.0915184,2031
5885,r10i1p1f1,2031,02,11,0.0,20.921122,6.952012,2031
5886,r10i1p1f1,2031,02,12,1.220691290047015,20.143095,7.4996552,2031
5887,r10i1p1f1,2031,02,13,26.6328905742787,11.719555,4.4164157,2031
5888,r10i1p1f1,2031,02,14,15.772391277086603,11.029449,3.5154636,2031
5889,r10i1p1f1,2031,02,15,14.438460045111194,13.162882,2.626478,2031
5890,r10i1p1f1,2031,02,16,0.5630798331026199,14.842587,7.5863857,2031
5891,r10i1p1f1,2031,02,17,48.589344448287434,15.305805,4.2938633,2031
5892,r10i1p1f1,2031,02,18,16.857036131765007,9.068517,2.6796691,2031
5893,r10i1p1f1,2031,02,19,89.67248278694521,11.114673,3.9068186,2031
5894,r10i1p1f1,2031,02,20,5.891657867036166,9.489861,-0.16421087,2031
5895,r10i1p1f1,2031,02,21,0.0,9.91532,0.5944573,2031
5896,r10i1p1f1,2031,02,22,23.398036870333414,11.304227,1.5033983,2031
5897,r10i1p1f1,2031,02,23,24.17092558860436,11.127738,1.4121557,2031
5898,r10i1p1f1,2031,02,24,65.36707399829633,11.79553,-0.06811303,2031
5899,r10i1p1f1,2031,02,25,2.1651437846517902,7.292694,-1.896082,2031
5900,r10i1p1f1,2031,02,26,0.0,11.060866,0.06138711,2031
5901,r10i1p1f1,2031,02,27,0.0,9.786017,-1.5036707,2031
5902,r10i1p1f1,2031,02,28,0.0,9.788835,-0.78217155,2031
5903,r10i1p1f1,2031,03,01,0.0,11.897186,-1.2017242,2031
5904,r10i1p1f1,2031,03,02,0.0,10.112805,-2.6827402,2031
5905,r10i1p1f1,2031,03,03,0.0,11.506691,-2.720424,2031
5906,r10i1p1f1,2031,03,04,0.0,14.833611,-1.2623616,2031
5907,r10i1p1f1,2031,03,05,0.2253280606964836,14.004653,1.1872759,2031
5908,r10i1p1f1,2031,03,06,39.60387548921924,8.285255,3.313307,2031
5909,r10i1p1f1,2031,03,07,26.042433887548547,8.204001,2.1984353,2031
5910,r10i1p1f1,2031,03,08,42.20143191418365,7.934414,2.601805,2031
5911,r10i1p1f1,2031,03,09,0.0,10.730525,2.053394,2031
5912,r10i1p1f1,2031,03,10,0.0,13.75484,0.6644839,2031
5913,r10i1p1f1,2031,03,11,0.0,18.696453,3.218953,2031
5914,r10i1p1f1,2031,03,12,0.0,19.94192,4.8830605,2031
5915,r10i1p1f1,2031,03,13,0.0,19.340973,6.903126,2031
5916,r10i1p1f1,2031,03,14,0.0,20.891222,7.624972,2031
5917,r10i1p1f1,2031,03,15,0.0,23.252588,8.2503195,2031
5918,r10i1p1f1,2031,03,16,0.0,23.232534,7.523007,2031
5919,r10i1p1f1,2031,03,17,0.0,24.016188,11.23083,2031
5920,r10i1p1f1,2031,03,18,0.0,23.978888,7.8348694,2031
5921,r10i1p1f1,2031,03,19,0.0,24.981825,9.040906,2031
5922,r10i1p1f1,2031,03,20,0.0,24.73195,9.774142,2031
5923,r10i1p1f1,2031,03,21,0.0,23.95299,9.853564,2031
5924,r10i1p1f1,2031,03,22,0.0,23.828123,8.332278,2031
5925,r10i1p1f1,2031,03,23,0.0,23.213669,6.7071853,2031
5926,r10i1p1f1,2031,03,24,0.0,25.049402,10.867544,2031
5927,r10i1p1f1,2031,03,25,0.0,26.553558,11.107624,2031
5928,r10i1p1f1,2031,03,26,0.0,25.41909,10.351268,2031
5929,r10i1p1f1,2031,03,27,0.0,23.572765,9.263202,2031
5930,r10i1p1f1,2031,03,28,0.0,28.623512,11.102658,2031
5931,r10i1p1f1,2031,03,29,0.0,27.50964,11.748784,2031
5932,r10i1p1f1,2031,03,30,0.0,25.91709,9.399066,2031
5933,r10i1p1f1,2031,03,31,0.0,15.597245,1.4320315,2031
5934,r10i1p1f1,2031,04,01,0.0,16.20644,3.1499588,2031
5935,r10i1p1f1,2031,04,02,0.0,18.519964,1.6991396,2031
5936,r10i1p1f1,2031,04,03,0.0,18.067322,3.8280165,2031
5937,r10i1p1f1,2031,04,04,0.027195344361979023,14.992276,5.9186025,2031
5938,r10i1p1f1,2031,04,05,0.0,17.156414,7.6198006,2031
5939,r10i1p1f1,2031,04,06,0.0,21.470688,5.282156,2031
5940,r10i1p1f1,2031,04,07,1.422212434681569,16.804928,3.387223,2031
5941,r10i1p1f1,2031,04,08,1.9179033369507998,18.173162,8.540073,2031
5942,r10i1p1f1,2031,04,09,41.40897738551231,16.10107,3.0072713,2031
5943,r10i1p1f1,2031,04,10,21.590220627044083,7.9779296,1.710035,2031
5944,r10i1p1f1,2031,04,11,16.45680115313888,12.501139,3.5022142,2031
5945,r10i1p1f1,2031,04,12,12.078508926175633,11.257016,3.0638218,2031
5946,r10i1p1f1,2031,04,13,0.08266737129480661,10.591087,0.7660816,2031
5947,r10i1p1f1,2031,04,14,0.0,13.479131,-0.17978808,2031
5948,r10i1p1f1,2031,04,15,0.0,13.051933,-0.5220933,2031
5949,r10i1p1f1,2031,04,16,0.0,14.789628,-0.642084,2031
5950,r10i1p1f1,2031,04,17,0.0,17.08486,1.3215673,2031
5951,r10i1p1f1,2031,04,18,13.12391814035915,13.833215,3.9093997,2031
5952,r10i1p1f1,2031,04,19,5.82139033603629,15.977112,7.509646,2031
5953,r10i1p1f1,2031,04,20,0.0,18.282705,8.917087,2031
5954,r10i1p1f1,2031,04,21,0.0,19.054255,6.0720377,2031
5955,r10i1p1f1,2031,04,22,0.01518460374331641,16.769882,3.8278737,2031
5956,r10i1p1f1,2031,04,23,0.0,19.786612,4.1605678,2031
5957,r10i1p1f1,2031,04,24,0.0,24.581535,9.973114,2031
5958,r10i1p1f1,2031,04,25,0.0,26.621904,9.594253,2031
5959,r10i1p1f1,2031,04,26,0.0,24.105639,9.175274,2031
5960,r10i1p1f1,2031,04,27,0.0,25.300117,9.947272,2031
5961,r10i1p1f1,2031,04,28,0.0,25.76388,10.928241,2031
5962,r10i1p1f1,2031,04,29,0.0,24.499313,11.42697,2031
5963,r10i1p1f1,2031,04,30,0.0,25.147472,8.588321,2031
5964,r10i1p1f1,2031,05,01,0.0,24.8959,8.873792,2031
5965,r10i1p1f1,2031,05,02,0.0,18.424416,5.634215,2031
5966,r10i1p1f1,2031,05,03,0.0897037515594428,18.970015,6.282502,2031
5967,r10i1p1f1,2031,05,04,0.0,23.301357,7.3571663,2031
5968,r10i1p1f1,2031,05,05,0.0,26.268103,10.920224,2031
5969,r10i1p1f1,2031,05,06,0.0,26.00144,12.2811985,2031
5970,r10i1p1f1,2031,05,07,0.0,22.972473,10.426829,2031
5971,r10i1p1f1,2031,05,08,0.044331831074822206,20.499605,7.4781027,2031
5972,r10i1p1f1,2031,05,09,0.012804049142208609,20.385534,6.9819045,2031
5973,r10i1p1f1,2031,05,10,0.0,20.123974,6.5554967,2031
5974,r10i1p1f1,2031,05,11,2.0983274193081582,18.470285,3.8782396,2031
5975,r10i1p1f1,2031,05,12,0.034226300515097376,17.452684,5.0093513,2031
5976,r10i1p1f1,2031,05,13,0.0,19.011795,4.135057,2031
5977,r10i1p1f1,2031,05,14,0.0,21.809446,6.104051,2031
5978,r10i1p1f1,2031,05,15,0.0,26.516485,9.430357,2031
5979,r10i1p1f1,2031,05,16,0.0,30.078651,13.014859,2031
5980,r10i1p1f1,2031,05,17,0.0,29.82702,14.178754,2031
5981,r10i1p1f1,2031,05,18,0.0,27.787521,12.406243,2031
5982,r10i1p1f1,2031,05,19,0.23944844503280124,18.939306,4.720203,2031
5983,r10i1p1f1,2031,05,20,5.646383074369958,14.430695,0.8198072,2031
5984,r10i1p1f1,2031,05,21,0.0,20.109617,3.83771,2031
5985,r10i1p1f1,2031,05,22,0.0,25.638885,7.9215674,2031
5986,r10i1p1f1,2031,05,23,0.0,25.44984,9.437277,2031
5987,r10i1p1f1,2031,05,24,0.14614972477303176,21.999765,9.076905,2031
5988,r10i1p1f1,2031,05,25,0.002017725040858702,20.148859,5.7118154,2031
5989,r10i1p1f1,2031,05,26,0.0,24.452515,7.115199,2031
5990,r10i1p1f1,2031,05,27,0.0,27.168756,12.393111,2031
5991,r10i1p1f1,2031,05,28,0.0,30.485731,15.403134,2031
5992,r10i1p1f1,2031,05,29,0.0,31.112328,15.784412,2031
5993,r10i1p1f1,2031,05,30,0.0,29.002844,12.687533,2031
5994,r10i1p1f1,2031,05,31,0.0,17.700562,4.1553664,2031
5995,r10i1p1f1,2031,06,01,0.0,17.490248,0.40781844,2031
5996,r10i1p1f1,2031,06,02,0.0,20.44644,2.4359093,2031
5997,r10i1p1f1,2031,06,03,0.0,24.009508,5.55248,2031
5998,r10i1p1f1,2031,06,04,0.0,28.608084,8.925536,2031
5999,r10i1p1f1,2031,06,05,0.0,29.767838,12.023154,2031
6000,r10i1p1f1,2031,06,06,0.0,29.503729,12.184026,2031
6001,r10i1p1f1,2031,06,07,0.0,29.334791,15.530224,2031
6002,r10i1p1f1,2031,06,08,0.0,27.9559,12.776493,2031
6003,r10i1p1f1,2031,06,09,0.36351303757436126,20.11792,11.339728,2031
6004,r10i1p1f1,2031,06,10,0.0,20.782646,8.192236,2031
6005,r10i1p1f1,2031,06,11,0.0,27.987146,10.240423,2031
6006,r10i1p1f1,2031,06,12,0.0,31.029137,13.790942,2031
6007,r10i1p1f1,2031,06,13,0.0,32.113514,16.767881,2031
6008,r10i1p1f1,2031,06,14,0.0,35.797802,18.979225,2031
6009,r10i1p1f1,2031,06,15,0.0,34.16704,18.949026,2031
6010,r10i1p1f1,2031,06,16,0.0,31.79572,19.011005,2031
6011,r10i1p1f1,2031,06,17,0.0,34.566555,16.692327,2031
6012,r10i1p1f1,2031,06,18,0.0,37.31324,21.278418,2031
6013,r10i1p1f1,2031,06,19,0.0,37.92926,22.729548,2031
6014,r10i1p1f1,2031,06,20,0.0,38.00836,21.588285,2031
6015,r10i1p1f1,2031,06,21,0.0,36.31194,19.578625,2031
6016,r10i1p1f1,2031,06,22,0.0,34.196278,18.711075,2031
6017,r10i1p1f1,2031,06,23,0.0,32.910072,18.208563,2031
6018,r10i1p1f1,2031,06,24,0.0,32.069668,16.140026,2031
6019,r10i1p1f1,2031,06,25,0.0,28.483282,13.662997,2031
6020,r10i1p1f1,2031,06,26,0.0,27.902061,13.392038,2031
6021,r10i1p1f1,2031,06,27,0.0,25.192907,9.925635,2031
6022,r10i1p1f1,2031,06,28,0.0,26.782776,9.762327,2031
6023,r10i1p1f1,2031,06,29,0.0,31.49891,14.455788,2031
6024,r10i1p1f1,2031,06,30,0.0,31.730707,15.894651,2031
6025,r10i1p1f1,2031,07,01,0.0,30.983994,16.03298,2031
6026,r10i1p1f1,2031,07,02,0.0,30.295397,15.643627,2031
6027,r10i1p1f1,2031,07,03,0.0,33.427155,15.702566,2031
6028,r10i1p1f1,2031,07,04,0.0,35.844532,18.004461,2031
6029,r10i1p1f1,2031,07,05,0.0,36.333336,18.59944,2031
6030,r10i1p1f1,2031,07,06,0.06065738158021735,34.97096,20.130041,2031
6031,r10i1p1f1,2031,07,07,0.0,32.441944,18.391287,2031
6032,r10i1p1f1,2031,07,08,0.0,32.024254,15.6702175,2031
6033,r10i1p1f1,2031,07,09,0.0,31.187912,12.769902,2031
6034,r10i1p1f1,2031,07,10,0.0,35.194603,19.460596,2031
6035,r10i1p1f1,2031,07,11,0.0,34.839256,16.774399,2031
6036,r10i1p1f1,2031,07,12,0.0,31.380184,15.405912,2031
6037,r10i1p1f1,2031,07,13,0.0,33.224785,15.368951,2031
6038,r10i1p1f1,2031,07,14,0.0,34.711025,17.391912,2031
6039,r10i1p1f1,2031,07,15,0.0,36.00378,19.241173,2031
6040,r10i1p1f1,2031,07,16,0.0,38.083813,20.577168,2031
6041,r10i1p1f1,2031,07,17,0.0,38.681164,22.178162,2031
6042,r10i1p1f1,2031,07,18,0.0,38.404305,19.115454,2031
6043,r10i1p1f1,2031,07,19,0.0,38.83157,20.144499,2031
6044,r10i1p1f1,2031,07,20,0.0,38.053627,20.531677,2031
6045,r10i1p1f1,2031,07,21,0.0,37.30004,20.425322,2031
6046,r10i1p1f1,2031,07,22,0.0,35.120472,18.563673,2031
6047,r10i1p1f1,2031,07,23,0.0,33.668633,17.01081,2031
6048,r10i1p1f1,2031,07,24,0.0,33.94741,19.545511,2031
6049,r10i1p1f1,2031,07,25,0.0,34.838673,16.87739,2031
6050,r10i1p1f1,2031,07,26,0.0,36.413734,17.488235,2031
6051,r10i1p1f1,2031,07,27,0.0,37.913082,19.24329,2031
6052,r10i1p1f1,2031,07,28,0.0,39.386627,21.169672,2031
6053,r10i1p1f1,2031,07,29,0.0,38.658203,20.75237,2031
6054,r10i1p1f1,2031,07,30,0.0,37.02881,19.346468,2031
6055,r10i1p1f1,2031,07,31,0.0,35.065353,18.080917,2031
6056,r10i1p1f1,2031,08,01,0.0,33.88913,17.225702,2031
6057,r10i1p1f1,2031,08,02,0.0,32.50089,15.88682,2031
6058,r10i1p1f1,2031,08,03,0.0,31.136217,14.141351,2031
6059,r10i1p1f1,2031,08,04,0.0,27.816904,11.432863,2031
6060,r10i1p1f1,2031,08,05,0.0,27.352442,9.352211,2031
6061,r10i1p1f1,2031,08,06,0.0,29.62515,11.084268,2031
6062,r10i1p1f1,2031,08,07,0.0,30.835516,11.460328,2031
6063,r10i1p1f1,2031,08,08,0.0,31.809805,12.577415,2031
6064,r10i1p1f1,2031,08,09,0.0,33.957294,15.97779,2031
6065,r10i1p1f1,2031,08,10,0.0,33.279007,16.367384,2031
6066,r10i1p1f1,2031,08,11,0.0,34.81132,16.976038,2031
6067,r10i1p1f1,2031,08,12,0.0,35.716846,16.649557,2031
6068,r10i1p1f1,2031,08,13,0.0,38.13522,18.98961,2031
6069,r10i1p1f1,2031,08,14,0.0,37.302574,21.00638,2031
6070,r10i1p1f1,2031,08,15,0.0,36.139908,18.827398,2031
6071,r10i1p1f1,2031,08,16,0.0,34.32818,14.922532,2031
6072,r10i1p1f1,2031,08,17,0.0,34.60495,16.839106,2031
6073,r10i1p1f1,2031,08,18,0.0,33.178898,16.828527,2031
6074,r10i1p1f1,2031,08,19,0.0,26.155941,10.611869,2031
6075,r10i1p1f1,2031,08,20,0.0,29.867981,12.01046,2031
6076,r10i1p1f1,2031,08,21,0.0,33.202557,15.655478,2031
6077,r10i1p1f1,2031,08,22,0.0,33.52911,15.860065,2031
6078,r10i1p1f1,2031,08,23,0.0,32.233482,13.637881,2031
6079,r10i1p1f1,2031,08,24,0.0,29.360773,12.325984,2031
6080,r10i1p1f1,2031,08,25,0.0,29.770935,13.000024,2031
6081,r10i1p1f1,2031,08,26,0.0,28.902987,10.620186,2031
6082,r10i1p1f1,2031,08,27,0.0,25.64635,7.2825127,2031
6083,r10i1p1f1,2031,08,28,0.0,28.107868,10.434039,2031
6084,r10i1p1f1,2031,08,29,0.0,31.619333,12.518244,2031
6085,r10i1p1f1,2031,08,30,0.0,34.22359,14.29731,2031
6086,r10i1p1f1,2031,08,31,0.0,33.997482,15.111748,2031
6087,r10i1p1f1,2031,09,01,0.0,32.86438,18.947268,2031
6088,r10i1p1f1,2031,09,02,0.0,30.505945,12.329816,2031
6089,r10i1p1f1,2031,09,03,0.0,32.36391,15.079506,2031
6090,r10i1p1f1,2031,09,04,0.0,32.827503,16.811495,2031
6091,r10i1p1f1,2031,09,05,0.0,34.718483,17.990757,2031
6092,r10i1p1f1,2031,09,06,0.0,35.60214,17.20485,2031
6093,r10i1p1f1,2031,09,07,0.0,34.887295,18.303156,2031
6094,r10i1p1f1,2031,09,08,0.0,33.532204,16.181719,2031
6095,r10i1p1f1,2031,09,09,0.0,32.212086,15.880134,2031
6096,r10i1p1f1,2031,09,10,0.0,30.785334,14.95556,2031
6097,r10i1p1f1,2031,09,11,0.0,30.54498,13.104561,2031
6098,r10i1p1f1,2031,09,12,0.0,31.354357,14.765718,2031
6099,r10i1p1f1,2031,09,13,0.0,30.778128,14.070892,2031
6100,r10i1p1f1,2031,09,14,0.0,30.478294,15.157123,2031
6101,r10i1p1f1,2031,09,15,0.0,28.58639,12.785182,2031
6102,r10i1p1f1,2031,09,16,0.0,31.874775,13.236039,2031
6103,r10i1p1f1,2031,09,17,0.0,34.24648,16.901846,2031
6104,r10i1p1f1,2031,09,18,0.0,34.255302,16.0035,2031
6105,r10i1p1f1,2031,09,19,0.0,35.595337,16.633053,2031
6106,r10i1p1f1,2031,09,20,0.0,33.578495,16.434017,2031
6107,r10i1p1f1,2031,09,21,0.0,35.439693,18.227524,2031
6108,r10i1p1f1,2031,09,22,0.0,36.564102,18.266333,2031
6109,r10i1p1f1,2031,09,23,0.0,34.937668,18.441893,2031
6110,r10i1p1f1,2031,09,24,0.0,33.721764,18.561666,2031
6111,r10i1p1f1,2031,09,25,0.0,33.45748,18.055044,2031
6112,r10i1p1f1,2031,09,26,0.0,32.60208,18.152458,2031
6113,r10i1p1f1,2031,09,27,0.0,32.16986,16.9376,2031
6114,r10i1p1f1,2031,09,28,0.0,33.683807,17.728699,2031
6115,r10i1p1f1,2031,09,29,0.0,36.230316,21.471487,2031
6116,r10i1p1f1,2031,09,30,0.0,37.658432,20.66325,2031
6117,r10i1p1f1,2031,10,01,0.0,35.793976,19.058544,2031
6118,r10i1p1f1,2031,10,02,0.0,28.934898,14.70914,2031
6119,r10i1p1f1,2031,10,03,0.0,22.444038,8.414475,2031
6120,r10i1p1f1,2031,10,04,0.14944909902456666,19.525112,5.7336287,2031
6121,r10i1p1f1,2031,10,05,6.985376692644326,11.996519,1.2217231,2031
6122,r10i1p1f1,2031,10,06,0.0,20.94249,3.9850416,2031
6123,r10i1p1f1,2031,10,07,0.0,25.761213,7.837481,2031
6124,r10i1p1f1,2031,10,08,0.0,25.133097,10.390231,2031
6125,r10i1p1f1,2031,10,09,0.0,24.450148,7.3788323,2031
6126,r10i1p1f1,2031,10,10,0.0,30.260103,12.494367,2031
6127,r10i1p1f1,2031,10,11,0.0,30.13296,12.230922,2031
6128,r10i1p1f1,2031,10,12,0.0,31.472143,17.74302,2031
6129,r10i1p1f1,2031,10,13,0.0,31.385578,14.283404,2031
6130,r10i1p1f1,2031,10,14,0.0,30.358305,13.083416,2031
6131,r10i1p1f1,2031,10,15,2.888563991195712,28.472033,13.741778,2031
6132,r10i1p1f1,2031,10,16,11.527552195260988,18.305664,7.4977384,2031
6133,r10i1p1f1,2031,10,17,17.56592006116223,15.655133,4.4925737,2031
6134,r10i1p1f1,2031,10,18,0.0,12.482708,2.6771348,2031
6135,r10i1p1f1,2031,10,19,0.3394389624202775,12.497745,2.6534817,2031
6136,r10i1p1f1,2031,10,20,7.407750076967396,13.43194,3.8364418,2031
6137,r10i1p1f1,2031,10,21,0.0,17.785803,2.171214,2031
6138,r10i1p1f1,2031,10,22,0.0,18.889425,5.2502503,2031
6139,r10i1p1f1,2031,10,23,0.0,18.154846,4.9392996,2031
6140,r10i1p1f1,2031,10,24,0.8027520619610808,17.063848,8.787933,2031
6141,r10i1p1f1,2031,10,25,0.0,21.379889,6.9393053,2031
6142,r10i1p1f1,2031,10,26,8.724992434987431,20.75329,10.230967,2031
6143,r10i1p1f1,2031,10,27,29.52023313693261,18.007309,8.86807,2031
6144,r10i1p1f1,2031,10,28,1.7339363429384416,16.34458,4.872809,2031
6145,r10i1p1f1,2031,10,29,0.0,18.246447,3.4834,2031
6146,r10i1p1f1,2031,10,30,0.0,17.864733,3.6920705,2031
6147,r10i1p1f1,2031,10,31,0.0,18.662256,3.6073802,2031
6148,r10i1p1f1,2031,11,01,0.0,18.428282,7.2701497,2031
6149,r10i1p1f1,2031,11,02,0.0,15.205125,3.6991863,2031
6150,r10i1p1f1,2031,11,03,0.0,14.57858,1.151429,2031
6151,r10i1p1f1,2031,11,04,0.0,15.327268,2.567559,2031
6152,r10i1p1f1,2031,11,05,0.0,15.973109,2.2394361,2031
6153,r10i1p1f1,2031,11,06,0.0,16.544968,2.0502415,2031
6154,r10i1p1f1,2031,11,07,0.0,18.744919,2.7156544,2031
6155,r10i1p1f1,2031,11,08,0.0,18.55925,6.8537917,2031
6156,r10i1p1f1,2031,11,09,0.0,24.017488,10.448341,2031
6157,r10i1p1f1,2031,11,10,0.0,24.817017,6.5936036,2031
6158,r10i1p1f1,2031,11,11,0.0,24.840466,5.9669023,2031
6159,r10i1p1f1,2031,11,12,0.0,22.964987,10.968697,2031
6160,r10i1p1f1,2031,11,13,0.0,20.939743,9.738498,2031
6161,r10i1p1f1,2031,11,14,0.019998557514841912,20.420008,9.98134,2031
6162,r10i1p1f1,2031,11,15,9.593588465194395,20.315027,7.505477,2031
6163,r10i1p1f1,2031,11,16,27.945193936006707,10.635748,1.9131194,2031
6164,r10i1p1f1,2031,11,17,25.386797011321363,8.194286,2.378224,2031
6165,r10i1p1f1,2031,11,18,2.180494348462353,7.517253,0.7756149,2031
6166,r10i1p1f1,2031,11,19,0.5786909167095713,10.005648,-1.166159,2031
6167,r10i1p1f1,2031,11,20,10.675266693272677,7.83792,1.9135634,2031
6168,r10i1p1f1,2031,11,21,19.86285773393894,6.2097955,0.80251455,2031
6169,r10i1p1f1,2031,11,22,14.687589348575688,7.965851,-0.21803947,2031
6170,r10i1p1f1,2031,11,23,0.0,8.794469,0.43590203,2031
6171,r10i1p1f1,2031,11,24,28.32437668571641,8.402855,1.8367243,2031
6172,r10i1p1f1,2031,11,25,3.1967232809716064,7.966099,1.7443302,2031
6173,r10i1p1f1,2031,11,26,0.0,9.063482,-1.1226285,2031
6174,r10i1p1f1,2031,11,27,0.0,10.650641,-2.6023417,2031
6175,r10i1p1f1,2031,11,28,0.0,10.370148,-1.5611664,2031
6176,r10i1p1f1,2031,11,29,0.0,9.193021,-1.1411244,2031
6177,r10i1p1f1,2031,11,30,0.0,9.457722,-2.65932,2031
6178,r10i1p1f1,2031,12,01,0.0,8.1904545,-2.8060539,2031
6179,r10i1p1f1,2031,12,02,18.789723788933387,5.4146047,0.93673086,2031
6180,r10i1p1f1,2031,12,03,5.575023746285679,4.8094597,-0.2581221,2031
6181,r10i1p1f1,2031,12,04,0.03506306774828485,6.9877534,-4.4588428,2031
6182,r10i1p1f1,2031,12,05,0.6613123155961818,6.4418797,-2.0429986,2031
6183,r10i1p1f1,2031,12,06,0.0,8.43591,-2.8885188,2031
6184,r10i1p1f1,2031,12,07,0.0,12.236188,-0.28850275,2031
6185,r10i1p1f1,2031,12,08,0.0,14.487485,1.3929408,2031
6186,r10i1p1f1,2031,12,09,0.0,12.555824,1.6651154,2031
6187,r10i1p1f1,2031,12,10,0.0,10.643585,-1.8274873,2031
6188,r10i1p1f1,2031,12,11,0.0,4.5662127,-6.2648735,2031
6189,r10i1p1f1,2031,12,12,0.0,5.99721,-4.143767,2031
6190,r10i1p1f1,2031,12,13,0.0,7.821375,-1.8160664,2031
6191,r10i1p1f1,2031,12,14,0.0,16.354568,4.3093224,2031
6192,r10i1p1f1,2031,12,15,0.0,15.988124,5.852263,2031
6193,r10i1p1f1,2031,12,16,0.0,17.40158,7.5215654,2031
6194,r10i1p1f1,2031,12,17,0.31412629530103386,15.728544,6.9786296,2031
6195,r10i1p1f1,2031,12,18,0.0,14.805702,6.2167635,2031
6196,r10i1p1f1,2031,12,19,0.40133805586696036,12.672605,7.0107493,2031
6197,r10i1p1f1,2031,12,20,0.0,10.660382,-0.02468591,2031
6198,r10i1p1f1,2031,12,21,0.0,9.569395,0.13484272,2031
6199,r10i1p1f1,2031,12,22,0.0,15.899137,1.5205721,2031
6200,r10i1p1f1,2031,12,23,0.0,16.268135,1.966967,2031
6201,r10i1p1f1,2031,12,24,0.0,14.104332,2.6551814,2031
6202,r10i1p1f1,2031,12,25,3.516692010759327,9.286963,1.0711565,2031
6203,r10i1p1f1,2031,12,26,0.28098257257385595,8.880672,3.6952317,2031
6204,r10i1p1f1,2031,12,27,0.0,12.997779,3.5775235,2031
6205,r10i1p1f1,2031,12,28,2.8882539656383175,11.316338,1.618192,2031
6206,r10i1p1f1,2031,12,29,0.0,5.896666,-0.052489832,2031
6207,r10i1p1f1,2031,12,30,0.0,6.444983,-2.3164222,2031
6208,r10i1p1f1,2031,12,31,0.0,6.94285,-3.438565,2031
6209,r10i1p1f1,2032,01,01,0.0,10.174142,-1.1532502,2032
6210,r10i1p1f1,2032,01,02,0.0,10.374737,-0.28439814,2032
6211,r10i1p1f1,2032,01,03,0.0,12.363197,0.20554411,2032
6212,r10i1p1f1,2032,01,04,0.0,11.575636,0.87712216,2032
6213,r10i1p1f1,2032,01,05,0.0,10.443554,0.5593306,2032
6214,r10i1p1f1,2032,01,06,0.0,8.506688,-0.6268913,2032
6215,r10i1p1f1,2032,01,07,0.0,11.413719,-0.16122979,2032
6216,r10i1p1f1,2032,01,08,0.0,11.140199,-0.24471664,2032
6217,r10i1p1f1,2032,01,09,0.0,8.28786,-2.2676337,2032
6218,r10i1p1f1,2032,01,10,0.0,9.487491,-2.0387573,2032
6219,r10i1p1f1,2032,01,11,0.0,11.0923195,-1.0498105,2032
6220,r10i1p1f1,2032,01,12,0.0,15.373111,2.0694306,2032
6221,r10i1p1f1,2032,01,13,0.0,16.556747,3.6991377,2032
6222,r10i1p1f1,2032,01,14,0.0,14.4318285,2.5577857,2032
6223,r10i1p1f1,2032,01,15,12.633313191039825,7.6957526,-2.1960084,2032
6224,r10i1p1f1,2032,01,16,3.0845555787987236,5.1388726,-2.4947205,2032
6225,r10i1p1f1,2032,01,17,15.499600377944788,5.4805107,-0.43977657,2032
6226,r10i1p1f1,2032,01,18,3.307936109980035,6.7901964,3.3653123,2032
6227,r10i1p1f1,2032,01,19,0.0,14.316387,0.86314213,2032
6228,r10i1p1f1,2032,01,20,1.1749638948410728,13.110639,2.9246125,2032
6229,r10i1p1f1,2032,01,21,28.23031388198663,12.622836,1.7851853,2032
6230,r10i1p1f1,2032,01,22,24.447850862174835,13.529151,7.711359,2032
6231,r10i1p1f1,2032,01,23,9.208148192747581,12.458342,9.544349,2032
6232,r10i1p1f1,2032,01,24,16.686720729921944,12.342346,7.421909,2032
6233,r10i1p1f1,2032,01,25,0.016195984445451023,17.07571,8.805011,2032
6234,r10i1p1f1,2032,01,26,24.044508788900107,16.784296,11.655492,2032
6235,r10i1p1f1,2032,01,27,29.143931456890545,14.8731575,6.3358445,2032
6236,r10i1p1f1,2032,01,28,0.0,17.80101,4.6026917,2032
6237,r10i1p1f1,2032,01,29,0.0,18.022457,6.632744,2032
6238,r10i1p1f1,2032,01,30,0.0,16.195835,9.489272,2032
6239,r10i1p1f1,2032,01,31,3.247497366828611,17.160473,10.617379,2032
6240,r10i1p1f1,2032,02,01,0.0,16.86056,4.7723546,2032
6241,r10i1p1f1,2032,02,02,0.0,16.433607,4.290507,2032
6242,r10i1p1f1,2032,02,03,0.0,15.479224,2.7303774,2032
6243,r10i1p1f1,2032,02,04,0.0,13.349474,1.043923,2032
6244,r10i1p1f1,2032,02,05,0.0,16.726889,4.004389,2032
6245,r10i1p1f1,2032,02,06,0.0,16.887909,2.129427,2032
6246,r10i1p1f1,2032,02,07,0.713926291925753,11.871584,2.3298018,2032
6247,r10i1p1f1,2032,02,08,1.2863230006395927,9.258352,3.2332523,2032
6248,r10i1p1f1,2032,02,09,17.297314117374633,7.8791213,1.8079388,2032
6249,r10i1p1f1,2032,02,10,0.0009978412316214464,7.257206,-3.659016,2032
6250,r10i1p1f1,2032,02,11,0.48360414236269306,4.73199,-4.574519,2032
6251,r10i1p1f1,2032,02,12,0.0,5.9001865,-4.6895275,2032
6252,r10i1p1f1,2032,02,13,23.23411710600148,4.26434,-3.8547316,2032
6253,r10i1p1f1,2032,02,14,1.4117366176199204,6.5904956,-2.6904862,2032
6254,r10i1p1f1,2032,02,15,2.618760816183471,5.18246,-4.6450467,2032
6255,r10i1p1f1,2032,02,16,33.89775493843971,6.096063,-1.4873959,2032
6256,r10i1p1f1,2032,02,17,21.484110803392372,9.729159,-0.021174982,2032
6257,r10i1p1f1,2032,02,18,1.1528252306561626,10.207025,1.7782454,2032
6258,r10i1p1f1,2032,02,19,0.0,10.775076,-1.30156,2032
6259,r10i1p1f1,2032,02,20,0.0,10.557598,0.57429343,2032
6260,r10i1p1f1,2032,02,21,5.401095503221816,6.402579,1.151788,2032
6261,r10i1p1f1,2032,02,22,8.254317055846178,8.782407,0.8761328,2032
6262,r10i1p1f1,2032,02,23,0.3453264039777082,14.601199,4.664045,2032
6263,r10i1p1f1,2032,02,24,0.0,16.043814,2.7424626,2032
6264,r10i1p1f1,2032,02,25,10.724766487730545,14.194217,4.254445,2032
6265,r10i1p1f1,2032,02,26,1.16407784015265,9.706869,2.669441,2032
6266,r10i1p1f1,2032,02,27,0.0,13.251122,1.4654148,2032
6267,r10i1p1f1,2032,02,28,0.0,14.483899,3.8277788,2032
6268,r10i1p1f1,2032,02,29,0.0,18.549042,6.383165,2032
6269,r10i1p1f1,2032,03,01,0.0,20.379637,4.0151153,2032
6270,r10i1p1f1,2032,03,02,0.0,20.914667,5.936778,2032
6271,r10i1p1f1,2032,03,03,0.0,22.2134,8.798706,2032
6272,r10i1p1f1,2032,03,04,0.0,21.834291,8.309986,2032
6273,r10i1p1f1,2032,03,05,4.12394079137716,17.156296,6.790403,2032
6274,r10i1p1f1,2032,03,06,7.757770769890875,11.187089,5.8508677,2032
6275,r10i1p1f1,2032,03,07,11.06728200680472,10.207082,5.6219587,2032
6276,r10i1p1f1,2032,03,08,3.297382625781833,10.691975,2.2570782,2032
6277,r10i1p1f1,2032,03,09,0.0,13.2889595,3.590882,2032
6278,r10i1p1f1,2032,03,10,0.0,13.585472,2.1057026,2032
6279,r10i1p1f1,2032,03,11,13.274691584554507,11.655023,2.0072448,2032
6280,r10i1p1f1,2032,03,12,3.955467218278691,9.525968,3.6650789,2032
6281,r10i1p1f1,2032,03,13,0.0,11.398155,-0.7483334,2032
6282,r10i1p1f1,2032,03,14,0.0,14.990622,-1.1675969,2032
6283,r10i1p1f1,2032,03,15,0.0,16.065329,3.624193,2032
6284,r10i1p1f1,2032,03,16,0.0,17.46633,5.5366983,2032
6285,r10i1p1f1,2032,03,17,16.34830212830198,15.878625,10.276273,2032
6286,r10i1p1f1,2032,03,18,9.115515757002868,14.69559,9.124677,2032
6287,r10i1p1f1,2032,03,19,0.43964796978367593,16.492115,3.6060317,2032
6288,r10i1p1f1,2032,03,20,0.0,16.291607,5.774541,2032
6289,r10i1p1f1,2032,03,21,0.0,20.405033,5.9770384,2032
6290,r10i1p1f1,2032,03,22,0.0,20.390448,5.5787826,2032
6291,r10i1p1f1,2032,03,23,1.624800567500834,16.42062,4.835278,2032
6292,r10i1p1f1,2032,03,24,0.48726239319876186,14.24955,2.9858496,2032
6293,r10i1p1f1,2032,03,25,0.0,20.73661,4.5210066,2032
6294,r10i1p1f1,2032,03,26,4.112055147044502,17.984606,4.536209,2032
6295,r10i1p1f1,2032,03,27,1.9918009653960518,10.059543,3.8491251,2032
6296,r10i1p1f1,2032,03,28,11.53020678087303,10.028127,4.075937,2032
6297,r10i1p1f1,2032,03,29,0.1748961893865367,15.642398,3.5601788,2032
6298,r10i1p1f1,2032,03,30,15.641485147276207,13.382381,5.111011,2032
6299,r10i1p1f1,2032,03,31,9.993936104767368,11.61371,2.7437606,2032
6300,r10i1p1f1,2032,04,01,15.136978149990012,10.842247,3.2314165,2032
6301,r10i1p1f1,2032,04,02,13.09676338584579,8.527957,1.1761681,2032
6302,r10i1p1f1,2032,04,03,0.0,16.36146,2.653214,2032
6303,r10i1p1f1,2032,04,04,0.0,18.33178,3.0203924,2032
6304,r10i1p1f1,2032,04,05,0.0,19.270014,5.0576267,2032
6305,r10i1p1f1,2032,04,06,0.0,22.140074,9.084437,2032
6306,r10i1p1f1,2032,04,07,0.0,24.816545,8.125356,2032
6307,r10i1p1f1,2032,04,08,0.0,25.307407,11.542712,2032
6308,r10i1p1f1,2032,04,09,0.0,25.523151,10.491199,2032
6309,r10i1p1f1,2032,04,10,0.0,25.188179,11.519748,2032
6310,r10i1p1f1,2032,04,11,0.0,28.639652,9.324945,2032
6311,r10i1p1f1,2032,04,12,0.0,26.23446,11.020542,2032
6312,r10i1p1f1,2032,04,13,0.0,28.937378,10.9252205,2032
6313,r10i1p1f1,2032,04,14,0.0,28.035751,12.909628,2032
6314,r10i1p1f1,2032,04,15,0.0,25.664728,11.574353,2032
6315,r10i1p1f1,2032,04,16,0.0,19.65957,6.152312,2032
6316,r10i1p1f1,2032,04,17,0.0,17.531298,5.2853456,2032
6317,r10i1p1f1,2032,04,18,0.0,16.577562,5.034934,2032
6318,r10i1p1f1,2032,04,19,0.0,18.473467,2.9882731,2032
6319,r10i1p1f1,2032,04,20,1.3337416341528296,17.256445,4.84818,2032
6320,r10i1p1f1,2032,04,21,0.0,19.692171,6.750791,2032
6321,r10i1p1f1,2032,04,22,0.0,20.399273,5.6063695,2032
6322,r10i1p1f1,2032,04,23,5.056034261647973,16.333084,6.2152357,2032
6323,r10i1p1f1,2032,04,24,0.0,14.549403,5.31657,2032
6324,r10i1p1f1,2032,04,25,4.92604974613067,10.651897,-0.060632203,2032
6325,r10i1p1f1,2032,04,26,0.0,16.371067,1.718606,2032
6326,r10i1p1f1,2032,04,27,0.0,20.939411,4.649213,2032
6327,r10i1p1f1,2032,04,28,0.0,26.04523,8.970573,2032
6328,r10i1p1f1,2032,04,29,0.0,28.02385,11.536959,2032
6329,r10i1p1f1,2032,04,30,0.0,26.76433,11.045611,2032
6330,r10i1p1f1,2032,05,01,0.0,23.090708,8.958911,2032
6331,r10i1p1f1,2032,05,02,0.0,20.133917,6.5711036,2032
6332,r10i1p1f1,2032,05,03,0.0,23.005886,6.342282,2032
6333,r10i1p1f1,2032,05,04,0.0,22.49737,9.392081,2032
6334,r10i1p1f1,2032,05,05,5.9309471370637,18.062017,6.9518094,2032
6335,r10i1p1f1,2032,05,06,11.116314519121692,12.746866,5.557292,2032
6336,r10i1p1f1,2032,05,07,0.0,17.734713,5.2736893,2032
6337,r10i1p1f1,2032,05,08,0.09250755813953124,17.647223,6.25491,2032
6338,r10i1p1f1,2032,05,09,0.0,21.219172,5.3650756,2032
6339,r10i1p1f1,2032,05,10,0.0,23.413767,6.397343,2032
6340,r10i1p1f1,2032,05,11,0.0,25.413979,8.931302,2032
6341,r10i1p1f1,2032,05,12,0.0,27.494379,9.687629,2032
6342,r10i1p1f1,2032,05,13,0.0,26.96935,11.190362,2032
6343,r10i1p1f1,2032,05,14,0.0,26.106823,11.00765,2032
6344,r10i1p1f1,2032,05,15,0.0,25.859291,8.76038,2032
6345,r10i1p1f1,2032,05,16,0.0,26.080227,10.480101,2032
6346,r10i1p1f1,2032,05,17,0.0008921475048402116,23.596474,6.60682,2032
6347,r10i1p1f1,2032,05,18,54.634981442512455,16.663895,7.316288,2032
6348,r10i1p1f1,2032,05,19,1.5554907963297937,13.124939,3.9019282,2032
6349,r10i1p1f1,2032,05,20,0.0,20.814169,3.0163217,2032
6350,r10i1p1f1,2032,05,21,0.0,23.371664,7.0108995,2032
6351,r10i1p1f1,2032,05,22,0.0,22.600819,8.300457,2032
6352,r10i1p1f1,2032,05,23,0.0,25.746908,9.475252,2032
6353,r10i1p1f1,2032,05,24,0.0,28.665804,12.035914,2032
6354,r10i1p1f1,2032,05,25,0.0,28.379799,12.924405,2032
6355,r10i1p1f1,2032,05,26,0.0,26.304737,11.062686,2032
6356,r10i1p1f1,2032,05,27,0.0,26.752768,9.900131,2032
6357,r10i1p1f1,2032,05,28,0.0,29.575182,11.436489,2032
6358,r10i1p1f1,2032,05,29,0.0,31.675184,16.014421,2032
6359,r10i1p1f1,2032,05,30,0.0,33.653366,17.242264,2032
6360,r10i1p1f1,2032,05,31,0.0,35.1208,19.52761,2032
6361,r10i1p1f1,2032,06,01,0.0,34.21891,16.739243,2032
6362,r10i1p1f1,2032,06,02,0.0,34.219345,20.574366,2032
6363,r10i1p1f1,2032,06,03,0.0,34.038525,17.785463,2032
6364,r10i1p1f1,2032,06,04,0.0,35.77405,18.383186,2032
6365,r10i1p1f1,2032,06,05,0.0,34.896984,17.714655,2032
6366,r10i1p1f1,2032,06,06,0.0,31.8657,13.8639345,2032
6367,r10i1p1f1,2032,06,07,0.0,27.56557,11.652593,2032
6368,r10i1p1f1,2032,06,08,0.0,25.3322,9.765506,2032
6369,r10i1p1f1,2032,06,09,0.0,26.128168,9.628174,2032
6370,r10i1p1f1,2032,06,10,0.0,29.106562,13.197252,2032
6371,r10i1p1f1,2032,06,11,0.0,32.997932,17.238062,2032
6372,r10i1p1f1,2032,06,12,0.0,34.36344,16.706512,2032
6373,r10i1p1f1,2032,06,13,0.0,38.20196,19.433903,2032
6374,r10i1p1f1,2032,06,14,2.1332986805957357,29.0769,12.781932,2032
6375,r10i1p1f1,2032,06,15,0.43863563448547593,28.248451,11.412608,2032
6376,r10i1p1f1,2032,06,16,0.0,30.12246,16.974798,2032
6377,r10i1p1f1,2032,06,17,0.0,29.138657,15.583951,2032
6378,r10i1p1f1,2032,06,18,0.006423370685201678,23.415901,11.917422,2032
6379,r10i1p1f1,2032,06,19,0.0,25.531412,9.814319,2032
6380,r10i1p1f1,2032,06,20,0.0,28.646484,11.287808,2032
6381,r10i1p1f1,2032,06,21,0.0,33.274406,15.197679,2032
6382,r10i1p1f1,2032,06,22,0.0,32.1019,15.069261,2032
6383,r10i1p1f1,2032,06,23,0.0,24.36295,9.262148,2032
6384,r10i1p1f1,2032,06,24,0.0,23.49616,8.137871,2032
6385,r10i1p1f1,2032,06,25,0.0,22.855757,7.349937,2032
6386,r10i1p1f1,2032,06,26,0.0,23.768728,6.750203,2032
6387,r10i1p1f1,2032,06,27,0.0,24.748344,6.7575603,2032
6388,r10i1p1f1,2032,06,28,0.0,25.700478,7.8614316,2032
6389,r10i1p1f1,2032,06,29,0.0,26.674192,8.616052,2032
6390,r10i1p1f1,2032,06,30,0.0,28.574825,9.804419,2032
6391,r10i1p1f1,2032,07,01,0.0,31.089863,12.703184,2032
6392,r10i1p1f1,2032,07,02,0.0,33.050213,15.219213,2032
6393,r10i1p1f1,2032,07,03,0.0,32.51472,15.095576,2032
6394,r10i1p1f1,2032,07,04,0.0,34.18121,18.252401,2032
6395,r10i1p1f1,2032,07,05,0.0,38.375538,20.58348,2032
6396,r10i1p1f1,2032,07,06,0.0,38.669353,20.059433,2032
6397,r10i1p1f1,2032,07,07,0.0,37.019215,19.76554,2032
6398,r10i1p1f1,2032,07,08,0.0,35.740345,19.900015,2032
6399,r10i1p1f1,2032,07,09,0.0,36.036076,19.862665,2032
6400,r10i1p1f1,2032,07,10,0.0,35.005215,18.048126,2032
6401,r10i1p1f1,2032,07,11,0.0,35.010944,17.362701,2032
6402,r10i1p1f1,2032,07,12,0.0,34.436745,17.994734,2032
6403,r10i1p1f1,2032,07,13,0.0,33.446667,15.872009,2032
6404,r10i1p1f1,2032,07,14,0.0,32.62938,13.954717,2032
6405,r10i1p1f1,2032,07,15,0.0,31.994967,16.631882,2032
6406,r10i1p1f1,2032,07,16,0.0,32.09424,16.517859,2032
6407,r10i1p1f1,2032,07,17,0.0,31.180204,13.622183,2032
6408,r10i1p1f1,2032,07,18,0.03124809552805106,29.60678,12.663363,2032
6409,r10i1p1f1,2032,07,19,0.0,32.21747,16.235144,2032
6410,r10i1p1f1,2032,07,20,0.0,31.057562,14.330528,2032
6411,r10i1p1f1,2032,07,21,0.0,32.16769,13.366568,2032
6412,r10i1p1f1,2032,07,22,0.0,35.667656,16.531084,2032
6413,r10i1p1f1,2032,07,23,0.0,36.674137,18.787296,2032
6414,r10i1p1f1,2032,07,24,0.0,36.03475,19.753893,2032
6415,r10i1p1f1,2032,07,25,0.0,36.233894,18.698923,2032
6416,r10i1p1f1,2032,07,26,0.0,37.4653,19.203968,2032
6417,r10i1p1f1,2032,07,27,0.0,36.69019,20.194199,2032
6418,r10i1p1f1,2032,07,28,0.0,35.325974,18.357975,2032
6419,r10i1p1f1,2032,07,29,0.0,34.647694,19.204212,2032
6420,r10i1p1f1,2032,07,30,0.0,36.4782,19.36579,2032
6421,r10i1p1f1,2032,07,31,0.0,38.07465,19.727472,2032
6422,r10i1p1f1,2032,08,01,0.0,37.66148,18.556705,2032
6423,r10i1p1f1,2032,08,02,0.0,36.103516,19.692755,2032
6424,r10i1p1f1,2032,08,03,0.0,34.104813,17.385149,2032
6425,r10i1p1f1,2032,08,04,0.0,32.3619,13.832313,2032
6426,r10i1p1f1,2032,08,05,0.0,34.637863,15.378956,2032
6427,r10i1p1f1,2032,08,06,0.0,32.92131,15.856087,2032
6428,r10i1p1f1,2032,08,07,0.0,34.36177,16.2116,2032
6429,r10i1p1f1,2032,08,08,0.0,36.836376,17.801994,2032
6430,r10i1p1f1,2032,08,09,0.0,35.81926,18.331081,2032
6431,r10i1p1f1,2032,08,10,0.0,36.210644,16.166239,2032
6432,r10i1p1f1,2032,08,11,0.0,35.5459,18.70625,2032
6433,r10i1p1f1,2032,08,12,0.0,33.223274,16.353306,2032
6434,r10i1p1f1,2032,08,13,0.0,33.062057,15.717809,2032
6435,r10i1p1f1,2032,08,14,0.0,32.348705,15.446911,2032
6436,r10i1p1f1,2032,08,15,0.0,32.383617,15.445272,2032
6437,r10i1p1f1,2032,08,16,0.0,31.533014,15.46125,2032
6438,r10i1p1f1,2032,08,17,0.0,30.80301,15.4980755,2032
6439,r10i1p1f1,2032,08,18,0.0,33.333916,15.843132,2032
6440,r10i1p1f1,2032,08,19,0.0,32.868988,15.4362135,2032
6441,r10i1p1f1,2032,08,20,0.0,31.478233,14.278539,2032
6442,r10i1p1f1,2032,08,21,0.0,28.898563,10.759629,2032
6443,r10i1p1f1,2032,08,22,0.0,25.588646,9.292863,2032
6444,r10i1p1f1,2032,08,23,0.0,27.237953,9.802819,2032
6445,r10i1p1f1,2032,08,24,0.0,28.804903,10.93418,2032
6446,r10i1p1f1,2032,08,25,0.0,33.22358,13.626561,2032
6447,r10i1p1f1,2032,08,26,0.0,32.939274,15.447476,2032
6448,r10i1p1f1,2032,08,27,0.0,30.639488,14.14536,2032
6449,r10i1p1f1,2032,08,28,0.0,26.840296,10.505569,2032
6450,r10i1p1f1,2032,08,29,0.03167103412268166,23.434494,7.085569,2032
6451,r10i1p1f1,2032,08,30,0.08630088101965253,23.089209,7.39235,2032
6452,r10i1p1f1,2032,08,31,0.0,29.76963,10.253653,2032
6453,r10i1p1f1,2032,09,01,0.0,33.187073,13.884369,2032
6454,r10i1p1f1,2032,09,02,0.0,36.321274,17.839352,2032
6455,r10i1p1f1,2032,09,03,0.0,37.234135,19.597427,2032
6456,r10i1p1f1,2032,09,04,0.0,35.868626,18.30465,2032
6457,r10i1p1f1,2032,09,05,0.0,34.13698,16.204237,2032
6458,r10i1p1f1,2032,09,06,0.0,32.39471,14.506049,2032
6459,r10i1p1f1,2032,09,07,0.0,28.941544,12.422676,2032
6460,r10i1p1f1,2032,09,08,0.0,26.091711,8.196795,2032
6461,r10i1p1f1,2032,09,09,0.10433571306796359,25.750645,9.125549,2032
6462,r10i1p1f1,2032,09,10,0.0,27.970638,11.050297,2032
6463,r10i1p1f1,2032,09,11,0.0,29.30729,13.226221,2032
6464,r10i1p1f1,2032,09,12,0.0,28.233557,12.310885,2032
6465,r10i1p1f1,2032,09,13,0.0,27.481043,12.381161,2032
6466,r10i1p1f1,2032,09,14,0.0,26.785706,11.81062,2032
6467,r10i1p1f1,2032,09,15,0.0,28.26554,10.841378,2032
6468,r10i1p1f1,2032,09,16,0.0,36.017994,17.250786,2032
6469,r10i1p1f1,2032,09,17,0.0,35.022755,18.819836,2032
6470,r10i1p1f1,2032,09,18,0.0,34.736988,17.947674,2032
6471,r10i1p1f1,2032,09,19,0.0,33.504364,17.576117,2032
6472,r10i1p1f1,2032,09,20,0.0,30.13732,14.844682,2032
6473,r10i1p1f1,2032,09,21,0.0,25.156483,10.072912,2032
6474,r10i1p1f1,2032,09,22,0.0,24.927107,10.424657,2032
6475,r10i1p1f1,2032,09,23,0.0,24.5841,8.390567,2032
6476,r10i1p1f1,2032,09,24,0.0,24.532042,10.124165,2032
6477,r10i1p1f1,2032,09,25,0.0,27.335096,10.550931,2032
6478,r10i1p1f1,2032,09,26,0.0,27.330553,11.874813,2032
6479,r10i1p1f1,2032,09,27,0.0,26.126886,10.625848,2032
6480,r10i1p1f1,2032,09,28,0.0,28.447474,10.362046,2032
6481,r10i1p1f1,2032,09,29,0.0,29.989132,15.609201,2032
6482,r10i1p1f1,2032,09,30,0.0,32.624256,13.684659,2032
6483,r10i1p1f1,2032,10,01,0.0,31.8322,13.903577,2032
6484,r10i1p1f1,2032,10,02,0.0,31.642511,19.3514,2032
6485,r10i1p1f1,2032,10,03,0.0,29.50532,12.408933,2032
6486,r10i1p1f1,2032,10,04,0.0,27.894987,11.706127,2032
6487,r10i1p1f1,2032,10,05,0.0,27.719122,12.061592,2032
6488,r10i1p1f1,2032,10,06,0.0,26.877972,11.102717,2032
6489,r10i1p1f1,2032,10,07,0.0,26.924133,12.429428,2032
6490,r10i1p1f1,2032,10,08,0.0,25.244446,10.244336,2032
6491,r10i1p1f1,2032,10,09,0.0,23.910368,8.092484,2032
6492,r10i1p1f1,2032,10,10,0.0,20.36156,6.6317363,2032
6493,r10i1p1f1,2032,10,11,0.0,22.07582,8.571707,2032
6494,r10i1p1f1,2032,10,12,0.0,24.965908,6.768647,2032
6495,r10i1p1f1,2032,10,13,0.0,28.24833,11.800934,2032
6496,r10i1p1f1,2032,10,14,0.0,31.450716,13.451898,2032
6497,r10i1p1f1,2032,10,15,0.0,30.10243,13.438138,2032
6498,r10i1p1f1,2032,10,16,0.0,27.78486,13.93821,2032
6499,r10i1p1f1,2032,10,17,0.0,25.807144,12.326615,2032
6500,r10i1p1f1,2032,10,18,0.5286513430244093,24.227797,11.011442,2032
6501,r10i1p1f1,2032,10,19,0.0,26.529406,10.9394455,2032
6502,r10i1p1f1,2032,10,20,0.0,28.291428,12.895729,2032
6503,r10i1p1f1,2032,10,21,0.0,27.103159,12.068152,2032
6504,r10i1p1f1,2032,10,22,48.00704737059086,19.920109,6.728845,2032
6505,r10i1p1f1,2032,10,23,0.6585725865031571,13.754636,4.357174,2032
6506,r10i1p1f1,2032,10,24,1.1057381536494704,13.456736,7.2885275,2032
6507,r10i1p1f1,2032,10,25,7.506771406789133,14.605469,9.851775,2032
6508,r10i1p1f1,2032,10,26,16.568454916092666,15.533776,6.0693216,2032
6509,r10i1p1f1,2032,10,27,0.0,15.565406,6.181838,2032
6510,r10i1p1f1,2032,10,28,0.0,17.259323,3.7908204,2032
6511,r10i1p1f1,2032,10,29,0.0,17.630259,4.090475,2032
6512,r10i1p1f1,2032,10,30,11.09263118874208,17.86001,5.0180397,2032
6513,r10i1p1f1,2032,10,31,9.315534564269145,13.374045,6.739145,2032
6514,r10i1p1f1,2032,11,01,2.00657685093718,13.14372,7.0946608,2032
6515,r10i1p1f1,2032,11,02,1.7237476878826303,14.314444,6.7877817,2032
6516,r10i1p1f1,2032,11,03,2.3409184733138413,13.270697,2.1264782,2032
6517,r10i1p1f1,2032,11,04,0.16399441242595603,12.327492,0.8806745,2032
6518,r10i1p1f1,2032,11,05,0.0,14.692202,3.5350153,2032
6519,r10i1p1f1,2032,11,06,0.054169444736448656,16.602549,5.3630924,2032
6520,r10i1p1f1,2032,11,07,0.2205664967493105,15.4814005,2.6036158,2032
6521,r10i1p1f1,2032,11,08,0.0,16.18364,3.1629758,2032
6522,r10i1p1f1,2032,11,09,0.0,16.769434,3.106891,2032
6523,r10i1p1f1,2032,11,10,0.0,18.01716,4.0551085,2032
6524,r10i1p1f1,2032,11,11,0.0,21.040194,3.6577358,2032
6525,r10i1p1f1,2032,11,12,0.0,19.366266,6.857479,2032
6526,r10i1p1f1,2032,11,13,0.0,18.354435,6.2146626,2032
6527,r10i1p1f1,2032,11,14,0.0,22.946932,7.8955126,2032
6528,r10i1p1f1,2032,11,15,0.0,25.72056,5.89154,2032
6529,r10i1p1f1,2032,11,16,0.0,25.424181,8.239517,2032
6530,r10i1p1f1,2032,11,17,0.0,23.627466,8.568814,2032
6531,r10i1p1f1,2032,11,18,0.0,23.284765,9.067778,2032
6532,r10i1p1f1,2032,11,19,0.19194010554823954,22.384592,7.2959676,2032
6533,r10i1p1f1,2032,11,20,0.0,15.066978,2.8673713,2032
6534,r10i1p1f1,2032,11,21,0.0,16.811527,3.6009457,2032
6535,r10i1p1f1,2032,11,22,0.0,15.829808,5.238487,2032
6536,r10i1p1f1,2032,11,23,24.259278723988437,14.545253,7.1099997,2032
6537,r10i1p1f1,2032,11,24,42.0887215320315,11.244397,7.2970467,2032
6538,r10i1p1f1,2032,11,25,0.0009695705318192363,16.714575,6.495852,2032
6539,r10i1p1f1,2032,11,26,55.33017190357082,14.996779,5.4055824,2032
6540,r10i1p1f1,2032,11,27,34.789183600131715,9.252231,6.0745454,2032
6541,r10i1p1f1,2032,11,28,8.689634189489114,10.7436285,5.3214126,2032
6542,r10i1p1f1,2032,11,29,11.677420553659383,10.784482,3.905581,2032
6543,r10i1p1f1,2032,11,30,2.41596304729587,8.826137,1.2868875,2032
6544,r10i1p1f1,2032,12,01,0.0,11.7294,0.9345976,2032
6545,r10i1p1f1,2032,12,02,0.0,12.78469,1.8264337,2032
6546,r10i1p1f1,2032,12,03,0.0,12.910803,0.86813474,2032
6547,r10i1p1f1,2032,12,04,0.0,12.596692,2.4815278,2032
6548,r10i1p1f1,2032,12,05,0.0013216407081161282,8.646828,-0.42628217,2032
6549,r10i1p1f1,2032,12,06,0.0,12.33241,0.7730673,2032
6550,r10i1p1f1,2032,12,07,0.0,10.970913,4.6459904,2032
6551,r10i1p1f1,2032,12,08,16.496318620997236,10.049536,2.6902015,2032
6552,r10i1p1f1,2032,12,09,99.65465789182896,12.161777,6.855559,2032
6553,r10i1p1f1,2032,12,10,83.64907799129325,12.157489,6.7731194,2032
6554,r10i1p1f1,2032,12,11,58.36165165835011,11.601673,0.8298324,2032
6555,r10i1p1f1,2032,12,12,5.273812273949979,6.784398,-0.2759494,2032
6556,r10i1p1f1,2032,12,13,25.416094550440135,6.7737546,0.5099917,2032
6557,r10i1p1f1,2032,12,14,0.636502221172314,6.5326157,-0.35842252,2032
6558,r10i1p1f1,2032,12,15,1.111948444495762,6.360726,-0.72865194,2032
6559,r10i1p1f1,2032,12,16,12.03644783435218,5.6758256,1.4218786,2032
6560,r10i1p1f1,2032,12,17,10.488310322015375,9.061161,1.9976745,2032
6561,r10i1p1f1,2032,12,18,0.11614373100823477,5.6734223,-3.5103173,2032
6562,r10i1p1f1,2032,12,19,15.843466690000097,5.136477,-1.2263095,2032
6563,r10i1p1f1,2032,12,20,0.0,5.8619547,-3.1777065,2032
6564,r10i1p1f1,2032,12,21,0.0,4.890465,-5.9995213,2032
6565,r10i1p1f1,2032,12,22,0.0,6.2335663,-5.7975044,2032
6566,r10i1p1f1,2032,12,23,0.0,5.6329794,-4.190295,2032
6567,r10i1p1f1,2032,12,24,0.0,7.257855,0.979957,2032
6568,r10i1p1f1,2032,12,25,0.5145392761685224,8.384387,3.8316963,2032
6569,r10i1p1f1,2032,12,26,0.002424692875616816,9.998057,-0.13530551,2032
6570,r10i1p1f1,2032,12,27,0.0,11.76704,-0.6188943,2032
6571,r10i1p1f1,2032,12,28,0.0,11.210148,0.912986,2032
6572,r10i1p1f1,2032,12,29,0.5828099120411647,9.345104,1.808067,2032
6573,r10i1p1f1,2032,12,30,0.0,12.611589,-0.6030695,2032
6574,r10i1p1f1,2032,12,31,0.0,17.227976,3.8992646,2032
6575,r10i1p1f1,2033,01,01,0.0,18.202784,4.8542376,2033
6576,r10i1p1f1,2033,01,02,0.0,19.685032,6.909701,2033
6577,r10i1p1f1,2033,01,03,0.0,17.61405,4.6781535,2033
6578,r10i1p1f1,2033,01,04,4.572109525188831,11.392423,3.0650153,2033
6579,r10i1p1f1,2033,01,05,0.11717114927322607,8.11938,-1.7059423,2033
6580,r10i1p1f1,2033,01,06,0.0,8.132838,-3.0937774,2033
6581,r10i1p1f1,2033,01,07,0.0,12.607497,0.10142698,2033
6582,r10i1p1f1,2033,01,08,0.0,14.581714,4.257331,2033
6583,r10i1p1f1,2033,01,09,0.0,14.530571,2.591842,2033
6584,r10i1p1f1,2033,01,10,4.573595202296737,12.841052,2.3256235,2033
6585,r10i1p1f1,2033,01,11,0.8137877397400105,8.543317,4.303107,2033
6586,r10i1p1f1,2033,01,12,0.0,9.67684,-0.87328,2033
6587,r10i1p1f1,2033,01,13,2.8884634337217854,7.1220036,2.415774,2033
6588,r10i1p1f1,2033,01,14,10.84657249073069,7.7614603,4.2918725,2033
6589,r10i1p1f1,2033,01,15,45.58597537995267,8.428178,0.1757925,2033
6590,r10i1p1f1,2033,01,16,0.0,6.028508,1.4972587,2033
6591,r10i1p1f1,2033,01,17,0.6434785876069183,5.6846557,-0.6878034,2033
6592,r10i1p1f1,2033,01,18,33.18391386327628,6.42312,0.8304028,2033
6593,r10i1p1f1,2033,01,19,20.291346691297612,4.944499,0.26133427,2033
6594,r10i1p1f1,2033,01,20,6.9024525928446225,5.2158413,-0.19957593,2033
6595,r10i1p1f1,2033,01,21,4.170412175440823,4.8380136,-2.307599,2033
6596,r10i1p1f1,2033,01,22,0.0,6.894647,-3.581649,2033
6597,r10i1p1f1,2033,01,23,0.19011018450424003,6.6161656,-0.63882726,2033
6598,r10i1p1f1,2033,01,24,3.1791825931338136,7.351531,3.110853,2033
6599,r10i1p1f1,2033,01,25,37.174572472423804,8.434269,2.6802084,2033
6600,r10i1p1f1,2033,01,26,13.437751928349348,8.645333,-3.712909,2033
6601,r10i1p1f1,2033,01,27,20.004674285193783,7.881844,-2.1205235,2033
6602,r10i1p1f1,2033,01,28,39.63401485954436,8.114041,3.705956,2033
6603,r10i1p1f1,2033,01,29,0.0,11.674872,-0.6718228,2033
6604,r10i1p1f1,2033,01,30,0.0,7.825881,-2.2179391,2033
6605,r10i1p1f1,2033,01,31,24.832093242960248,9.691424,-0.010575746,2033
6606,r10i1p1f1,2033,02,01,0.0,8.808959,-3.182831,2033
6607,r10i1p1f1,2033,02,02,0.0,8.427614,-4.4514914,2033
6608,r10i1p1f1,2033,02,03,0.0,9.209917,-3.4618306,2033
6609,r10i1p1f1,2033,02,04,0.009088313651629602,7.1619687,-0.37850732,2033
6610,r10i1p1f1,2033,02,05,37.71771930164265,9.1415825,-0.59066933,2033
6611,r10i1p1f1,2033,02,06,6.160886261223871,8.38385,-1.1894598,2033
6612,r10i1p1f1,2033,02,07,16.451672686717327,5.996089,-0.895754,2033
6613,r10i1p1f1,2033,02,08,4.603833781660988,9.182054,-0.2247694,2033
6614,r10i1p1f1,2033,02,09,0.0,7.56109,-3.9135075,2033
6615,r10i1p1f1,2033,02,10,0.0,7.325868,-3.7717085,2033
6616,r10i1p1f1,2033,02,11,25.118491575305693,8.797725,-2.2112336,2033
6617,r10i1p1f1,2033,02,12,47.69592298084478,11.243688,4.060188,2033
6618,r10i1p1f1,2033,02,13,23.56585182500758,10.755509,5.9681,2033
6619,r10i1p1f1,2033,02,14,12.988076598450885,14.170469,5.5571256,2033
6620,r10i1p1f1,2033,02,15,0.0,18.104254,4.2924533,2033
6621,r10i1p1f1,2033,02,16,13.947455679666938,18.211376,7.7500706,2033
6622,r10i1p1f1,2033,02,17,15.371872113686742,14.312089,8.311786,2033
6623,r10i1p1f1,2033,02,18,5.0393962364116875,13.088007,7.4931417,2033
6624,r10i1p1f1,2033,02,19,53.51479031715395,13.808284,8.612067,2033
6625,r10i1p1f1,2033,02,20,5.590959344944598,14.996039,7.7596855,2033
6626,r10i1p1f1,2033,02,21,18.669717693486938,15.17396,7.3745847,2033
6627,r10i1p1f1,2033,02,22,0.0,14.339505,5.3850484,2033
6628,r10i1p1f1,2033,02,23,41.56599537634879,9.7818575,2.1019754,2033
6629,r10i1p1f1,2033,02,24,65.34525581059586,8.252055,3.1846154,2033
6630,r10i1p1f1,2033,02,25,28.39996300937951,7.174043,0.30425382,2033
6631,r10i1p1f1,2033,02,26,0.0,9.290845,-0.4159568,2033
6632,r10i1p1f1,2033,02,27,1.5511812398232763,8.266006,-0.39017707,2033
6633,r10i1p1f1,2033,02,28,0.0069872864849840925,8.742943,-0.36145902,2033
6634,r10i1p1f1,2033,03,01,0.0,11.997378,-2.1565108,2033
6635,r10i1p1f1,2033,03,02,0.0,11.534353,0.6516495,2033
6636,r10i1p1f1,2033,03,03,0.0,10.31881,-1.7448778,2033
6637,r10i1p1f1,2033,03,04,0.0,11.127268,-3.7458107,2033
6638,r10i1p1f1,2033,03,05,0.0,10.493113,-1.9554573,2033
6639,r10i1p1f1,2033,03,06,0.0,11.33735,-1.6449256,2033
6640,r10i1p1f1,2033,03,07,0.0,16.50145,0.7901545,2033
6641,r10i1p1f1,2033,03,08,0.0,20.56729,5.577755,2033
6642,r10i1p1f1,2033,03,09,0.0,21.653923,5.8888583,2033
6643,r10i1p1f1,2033,03,10,0.0,20.34581,5.2957387,2033
6644,r10i1p1f1,2033,03,11,1.3865018179977167,15.951779,7.031515,2033
6645,r10i1p1f1,2033,03,12,2.3581461313178327,17.32384,5.6490655,2033
6646,r10i1p1f1,2033,03,13,0.10519299009358388,19.305923,5.8610263,2033
6647,r10i1p1f1,2033,03,14,0.9727424692085295,18.10447,9.733736,2033
6648,r10i1p1f1,2033,03,15,6.566928090883027,16.503077,9.557686,2033
6649,r10i1p1f1,2033,03,16,1.1102708249501647,17.582287,9.0787735,2033
6650,r10i1p1f1,2033,03,17,23.030866817479318,17.097174,9.984041,2033
6651,r10i1p1f1,2033,03,18,19.39711114598475,16.920961,7.6479373,2033
6652,r10i1p1f1,2033,03,19,0.553098902451223,16.904144,5.7917624,2033
6653,r10i1p1f1,2033,03,20,0.0,15.987952,7.058486,2033
6654,r10i1p1f1,2033,03,21,0.0,20.196692,6.361506,2033
6655,r10i1p1f1,2033,03,22,8.510173995148905,16.73197,4.8151894,2033
6656,r10i1p1f1,2033,03,23,4.1671157241389185,9.862721,4.9502754,2033
6657,r10i1p1f1,2033,03,24,0.36980508708247245,13.085337,5.0122385,2033
6658,r10i1p1f1,2033,03,25,0.0,19.825674,3.371876,2033
6659,r10i1p1f1,2033,03,26,0.0,19.798481,5.6595793,2033
6660,r10i1p1f1,2033,03,27,2.839994609185899,16.860569,5.3602405,2033
6661,r10i1p1f1,2033,03,28,0.012322733527980745,12.190422,3.3064718,2033
6662,r10i1p1f1,2033,03,29,1.048768809725911,11.31268,4.701554,2033
6663,r10i1p1f1,2033,03,30,0.0,18.509233,1.6444482,2033
6664,r10i1p1f1,2033,03,31,0.0,18.302027,3.7514625,2033
6665,r10i1p1f1,2033,04,01,0.0,17.191856,5.837404,2033
6666,r10i1p1f1,2033,04,02,0.02191865887174285,17.390615,4.1350718,2033
6667,r10i1p1f1,2033,04,03,0.006983463835671213,17.228355,4.473654,2033
6668,r10i1p1f1,2033,04,04,0.0,19.05962,7.3264,2033
6669,r10i1p1f1,2033,04,05,0.0,18.44305,5.2637477,2033
6670,r10i1p1f1,2033,04,06,0.0,16.162804,3.3058,2033
6671,r10i1p1f1,2033,04,07,0.0,15.853191,1.2189208,2033
6672,r10i1p1f1,2033,04,08,0.0,19.744669,4.57027,2033
6673,r10i1p1f1,2033,04,09,0.0,21.648827,4.7559595,2033
6674,r10i1p1f1,2033,04,10,0.0,21.899633,4.7722435,2033
6675,r10i1p1f1,2033,04,11,0.0,22.401176,5.566527,2033
6676,r10i1p1f1,2033,04,12,0.0,21.310387,8.134478,2033
6677,r10i1p1f1,2033,04,13,0.0,24.853516,7.617131,2033
6678,r10i1p1f1,2033,04,14,0.0,23.880617,7.7714715,2033
6679,r10i1p1f1,2033,04,15,0.0,23.46797,7.371723,2033
6680,r10i1p1f1,2033,04,16,0.13773351408752588,21.113533,6.8582788,2033
6681,r10i1p1f1,2033,04,17,0.6623218473338822,14.956531,8.904813,2033
6682,r10i1p1f1,2033,04,18,0.0,22.929205,7.8356466,2033
6683,r10i1p1f1,2033,04,19,0.0,24.510445,9.76181,2033
6684,r10i1p1f1,2033,04,20,0.0,24.245264,9.8884535,2033
6685,r10i1p1f1,2033,04,21,0.0,27.434889,9.703777,2033
6686,r10i1p1f1,2033,04,22,0.0,26.086582,10.573358,2033
6687,r10i1p1f1,2033,04,23,0.0,22.238985,7.2638187,2033
6688,r10i1p1f1,2033,04,24,0.0,24.760986,11.360364,2033
6689,r10i1p1f1,2033,04,25,0.0,27.630785,9.10378,2033
6690,r10i1p1f1,2033,04,26,0.0,29.71444,13.053017,2033
6691,r10i1p1f1,2033,04,27,0.0,29.726498,16.091852,2033
6692,r10i1p1f1,2033,04,28,0.0,30.619427,15.616422,2033
6693,r10i1p1f1,2033,04,29,0.0,30.349472,16.663101,2033
6694,r10i1p1f1,2033,04,30,0.0,28.274963,12.83094,2033
6695,r10i1p1f1,2033,05,01,0.0,26.42049,10.201323,2033
6696,r10i1p1f1,2033,05,02,0.0,27.72655,14.226224,2033
6697,r10i1p1f1,2033,05,03,0.0,26.697405,13.834193,2033
6698,r10i1p1f1,2033,05,04,0.0,22.8648,8.325097,2033
6699,r10i1p1f1,2033,05,05,0.0,23.935635,8.131005,2033
6700,r10i1p1f1,2033,05,06,0.0,25.004185,8.107303,2033
6701,r10i1p1f1,2033,05,07,0.0,24.804823,8.945409,2033
6702,r10i1p1f1,2033,05,08,0.0,23.89888,9.688783,2033
6703,r10i1p1f1,2033,05,09,1.118418982902145,17.864622,3.6531749,2033
6704,r10i1p1f1,2033,05,10,0.17538114977804453,16.542303,1.6837066,2033
6705,r10i1p1f1,2033,05,11,0.0,23.986242,5.995681,2033
6706,r10i1p1f1,2033,05,12,0.0,29.336634,9.564833,2033
6707,r10i1p1f1,2033,05,13,0.0,27.577223,11.442557,2033
6708,r10i1p1f1,2033,05,14,0.0,26.71922,8.862763,2033
6709,r10i1p1f1,2033,05,15,0.0,22.666378,6.9868517,2033
6710,r10i1p1f1,2033,05,16,0.0,22.947197,7.9189596,2033
6711,r10i1p1f1,2033,05,17,0.0,26.1684,9.939201,2033
6712,r10i1p1f1,2033,05,18,0.0,26.941828,10.035926,2033
6713,r10i1p1f1,2033,05,19,0.0,27.46734,10.351081,2033
6714,r10i1p1f1,2033,05,20,0.0,26.713968,12.09848,2033
6715,r10i1p1f1,2033,05,21,0.0,25.789444,9.801329,2033
6716,r10i1p1f1,2033,05,22,0.0,25.951653,8.897927,2033
6717,r10i1p1f1,2033,05,23,0.0,25.145487,8.9920225,2033
6718,r10i1p1f1,2033,05,24,0.0,24.29359,7.9069953,2033
6719,r10i1p1f1,2033,05,25,0.0,26.18899,8.670754,2033
6720,r10i1p1f1,2033,05,26,0.0,24.842463,8.38571,2033
6721,r10i1p1f1,2033,05,27,0.0,27.657385,9.86753,2033
6722,r10i1p1f1,2033,05,28,0.0,28.421326,11.626549,2033
6723,r10i1p1f1,2033,05,29,0.0,28.91741,13.420674,2033
6724,r10i1p1f1,2033,05,30,0.0,28.567904,12.979062,2033
6725,r10i1p1f1,2033,05,31,0.0,29.625135,13.649822,2033
6726,r10i1p1f1,2033,06,01,0.0,29.340528,12.097701,2033
6727,r10i1p1f1,2033,06,02,0.0,31.697096,12.868985,2033
6728,r10i1p1f1,2033,06,03,0.0,31.509079,12.499286,2033
6729,r10i1p1f1,2033,06,04,0.0,30.27131,13.540123,2033
6730,r10i1p1f1,2033,06,05,0.0,31.01738,14.476905,2033
6731,r10i1p1f1,2033,06,06,0.0,32.008923,18.804956,2033
6732,r10i1p1f1,2033,06,07,0.0,37.647984,20.135178,2033
6733,r10i1p1f1,2033,06,08,0.0,38.663155,19.865122,2033
6734,r10i1p1f1,2033,06,09,0.0,37.407944,20.404444,2033
6735,r10i1p1f1,2033,06,10,0.0004677928161886245,35.51755,18.835043,2033
6736,r10i1p1f1,2033,06,11,0.0,35.07476,19.351566,2033
6737,r10i1p1f1,2033,06,12,0.0,29.66239,13.970056,2033
6738,r10i1p1f1,2033,06,13,0.0,31.080431,14.582456,2033
6739,r10i1p1f1,2033,06,14,0.0,33.81941,16.77674,2033
6740,r10i1p1f1,2033,06,15,0.0,33.155235,15.2911005,2033
6741,r10i1p1f1,2033,06,16,0.0,31.534218,14.686369,2033
6742,r10i1p1f1,2033,06,17,0.0,25.912376,11.56591,2033
6743,r10i1p1f1,2033,06,18,0.0,27.30701,10.446734,2033
6744,r10i1p1f1,2033,06,19,0.0,27.25801,10.423373,2033
6745,r10i1p1f1,2033,06,20,0.0,30.98397,13.663356,2033
6746,r10i1p1f1,2033,06,21,0.0,31.53816,14.548144,2033
6747,r10i1p1f1,2033,06,22,0.0,36.629787,18.674805,2033
6748,r10i1p1f1,2033,06,23,0.0,36.198845,19.545832,2033
6749,r10i1p1f1,2033,06,24,0.0,34.540733,17.89358,2033
6750,r10i1p1f1,2033,06,25,0.0,33.287296,15.776687,2033
6751,r10i1p1f1,2033,06,26,0.0,31.869,13.5638,2033
6752,r10i1p1f1,2033,06,27,0.0,35.040302,18.254345,2033
6753,r10i1p1f1,2033,06,28,0.0,33.538857,16.297043,2033
6754,r10i1p1f1,2033,06,29,0.18583225994581498,29.068863,12.678566,2033
6755,r10i1p1f1,2033,06,30,0.0,33.57126,14.975194,2033
6756,r10i1p1f1,2033,07,01,0.0,36.570866,18.631344,2033
6757,r10i1p1f1,2033,07,02,0.0,35.594368,17.895502,2033
6758,r10i1p1f1,2033,07,03,0.0,36.01726,18.164688,2033
6759,r10i1p1f1,2033,07,04,0.0,34.981647,16.086603,2033
6760,r10i1p1f1,2033,07,05,0.0,33.501007,15.934549,2033
6761,r10i1p1f1,2033,07,06,0.0,36.43605,18.974482,2033
6762,r10i1p1f1,2033,07,07,0.0,36.496174,17.715746,2033
6763,r10i1p1f1,2033,07,08,0.0,36.695145,18.955364,2033
6764,r10i1p1f1,2033,07,09,0.0,37.301033,19.877827,2033
6765,r10i1p1f1,2033,07,10,0.0,36.216957,18.820322,2033
6766,r10i1p1f1,2033,07,11,0.0,35.194374,17.62661,2033
6767,r10i1p1f1,2033,07,12,0.0,35.18609,17.597052,2033
6768,r10i1p1f1,2033,07,13,0.0,34.278736,16.856247,2033
6769,r10i1p1f1,2033,07,14,0.0,36.612053,18.767681,2033
6770,r10i1p1f1,2033,07,15,0.0,35.87625,19.882648,2033
6771,r10i1p1f1,2033,07,16,0.0,34.516216,17.90051,2033
6772,r10i1p1f1,2033,07,17,0.0,33.789104,17.185776,2033
6773,r10i1p1f1,2033,07,18,0.0,36.88164,18.261435,2033
6774,r10i1p1f1,2033,07,19,0.0,38.649864,18.651184,2033
6775,r10i1p1f1,2033,07,20,0.0,37.530655,18.481369,2033
6776,r10i1p1f1,2033,07,21,0.0,39.366444,23.977718,2033
6777,r10i1p1f1,2033,07,22,0.0,40.151447,21.897795,2033
6778,r10i1p1f1,2033,07,23,0.0,40.690964,21.460741,2033
6779,r10i1p1f1,2033,07,24,0.0,39.66496,21.209333,2033
6780,r10i1p1f1,2033,07,25,0.0,38.195282,20.762808,2033
6781,r10i1p1f1,2033,07,26,0.0,37.429855,20.62407,2033
6782,r10i1p1f1,2033,07,27,0.0,37.56676,20.872297,2033
6783,r10i1p1f1,2033,07,28,0.0,38.048084,21.96074,2033
6784,r10i1p1f1,2033,07,29,0.0,37.321064,21.531214,2033
6785,r10i1p1f1,2033,07,30,0.0,34.8302,17.920202,2033
6786,r10i1p1f1,2033,07,31,0.0,32.900692,15.828528,2033
6787,r10i1p1f1,2033,08,01,0.0,34.75874,15.55568,2033
6788,r10i1p1f1,2033,08,02,0.0,37.36916,18.335052,2033
6789,r10i1p1f1,2033,08,03,0.0,37.104237,18.790287,2033
6790,r10i1p1f1,2033,08,04,0.0,36.56418,18.724703,2033
6791,r10i1p1f1,2033,08,05,0.0,35.207756,17.069408,2033
6792,r10i1p1f1,2033,08,06,0.0,34.114193,17.094658,2033
6793,r10i1p1f1,2033,08,07,0.0,38.174747,18.874895,2033
6794,r10i1p1f1,2033,08,08,0.0,41.49716,22.612572,2033
6795,r10i1p1f1,2033,08,09,0.0,40.263676,23.017939,2033
6796,r10i1p1f1,2033,08,10,0.0,37.492523,21.06991,2033
6797,r10i1p1f1,2033,08,11,0.0,34.41086,20.495335,2033
6798,r10i1p1f1,2033,08,12,0.0,33.748463,19.055315,2033
6799,r10i1p1f1,2033,08,13,0.0,35.917572,21.460608,2033
6800,r10i1p1f1,2033,08,14,0.0,36.570526,19.56502,2033
6801,r10i1p1f1,2033,08,15,0.0,35.6894,19.650164,2033
6802,r10i1p1f1,2033,08,16,0.0,34.752136,16.831434,2033
6803,r10i1p1f1,2033,08,17,0.0,36.040462,18.780302,2033
6804,r10i1p1f1,2033,08,18,0.0,34.953876,17.971403,2033
6805,r10i1p1f1,2033,08,19,0.0,33.156204,17.728888,2033
6806,r10i1p1f1,2033,08,20,0.0,36.74729,17.652594,2033
6807,r10i1p1f1,2033,08,21,0.0,35.046783,17.924196,2033
6808,r10i1p1f1,2033,08,22,0.0,30.833206,15.738178,2033
6809,r10i1p1f1,2033,08,23,0.0,28.564083,11.603802,2033
6810,r10i1p1f1,2033,08,24,1.7402110980990408,23.705032,8.285693,2033
6811,r10i1p1f1,2033,08,25,0.06571803962862377,25.720987,11.669915,2033
6812,r10i1p1f1,2033,08,26,0.0,29.437006,13.883127,2033
6813,r10i1p1f1,2033,08,27,0.0,32.228424,15.054265,2033
6814,r10i1p1f1,2033,08,28,0.0,35.871468,16.928265,2033
6815,r10i1p1f1,2033,08,29,0.0,37.6962,20.58013,2033
6816,r10i1p1f1,2033,08,30,0.0,38.97054,20.78949,2033
6817,r10i1p1f1,2033,08,31,0.0,37.442036,20.6505,2033
6818,r10i1p1f1,2033,09,01,0.0,34.73319,18.587093,2033
6819,r10i1p1f1,2033,09,02,0.0,32.291008,16.395317,2033
6820,r10i1p1f1,2033,09,03,0.0,35.668015,20.242079,2033
6821,r10i1p1f1,2033,09,04,0.0,36.600555,18.55129,2033
6822,r10i1p1f1,2033,09,05,0.0,35.99893,19.093092,2033
6823,r10i1p1f1,2033,09,06,0.0,34.017532,17.54531,2033
6824,r10i1p1f1,2033,09,07,0.0,37.910477,20.634188,2033
6825,r10i1p1f1,2033,09,08,0.0,37.497574,19.451277,2033
6826,r10i1p1f1,2033,09,09,0.0,36.027348,18.48473,2033
6827,r10i1p1f1,2033,09,10,0.0,37.210663,19.478622,2033
6828,r10i1p1f1,2033,09,11,0.0,36.303257,21.129114,2033
6829,r10i1p1f1,2033,09,12,0.0,33.772614,21.36381,2033
6830,r10i1p1f1,2033,09,13,0.0,33.000935,17.192675,2033
6831,r10i1p1f1,2033,09,14,0.0,32.334774,17.43203,2033
6832,r10i1p1f1,2033,09,15,0.0,28.276724,13.758599,2033
6833,r10i1p1f1,2033,09,16,0.0,33.075066,15.991173,2033
6834,r10i1p1f1,2033,09,17,0.0,32.389187,16.642569,2033
6835,r10i1p1f1,2033,09,18,0.0,32.078854,14.704942,2033
6836,r10i1p1f1,2033,09,19,0.0,30.829002,14.172453,2033
6837,r10i1p1f1,2033,09,20,0.0,27.848473,12.584122,2033
6838,r10i1p1f1,2033,09,21,0.0,34.704243,15.06001,2033
6839,r10i1p1f1,2033,09,22,0.0,37.356518,19.172354,2033
6840,r10i1p1f1,2033,09,23,0.0,38.134705,20.346119,2033
6841,r10i1p1f1,2033,09,24,0.0,39.387142,21.8226,2033
6842,r10i1p1f1,2033,09,25,0.0,38.986115,22.276707,2033
6843,r10i1p1f1,2033,09,26,0.0,36.937473,19.36836,2033
6844,r10i1p1f1,2033,09,27,0.0,33.195557,17.228743,2033
6845,r10i1p1f1,2033,09,28,0.0,31.765776,15.518393,2033
6846,r10i1p1f1,2033,09,29,0.0,28.14648,13.780219,2033
6847,r10i1p1f1,2033,09,30,0.0,25.688103,11.29479,2033
6848,r10i1p1f1,2033,10,01,0.0,23.941542,8.889935,2033
6849,r10i1p1f1,2033,10,02,0.0,31.145996,13.187531,2033
6850,r10i1p1f1,2033,10,03,0.0,35.38818,17.817469,2033
6851,r10i1p1f1,2033,10,04,0.0,33.8202,18.48047,2033
6852,r10i1p1f1,2033,10,05,0.0,29.705826,15.211313,2033
6853,r10i1p1f1,2033,10,06,0.0,23.145153,10.48537,2033
6854,r10i1p1f1,2033,10,07,0.0,25.954214,10.36666,2033
6855,r10i1p1f1,2033,10,08,0.0,30.522291,14.501031,2033
6856,r10i1p1f1,2033,10,09,0.0,32.23165,14.240356,2033
6857,r10i1p1f1,2033,10,10,0.0,30.623539,13.8402195,2033
6858,r10i1p1f1,2033,10,11,0.0,28.766342,11.20073,2033
6859,r10i1p1f1,2033,10,12,0.0,29.916815,13.07608,2033
6860,r10i1p1f1,2033,10,13,0.0,32.040436,15.443524,2033
6861,r10i1p1f1,2033,10,14,0.0,32.222553,16.830393,2033
6862,r10i1p1f1,2033,10,15,0.0,31.151268,14.573235,2033
6863,r10i1p1f1,2033,10,16,0.0,26.169806,12.569354,2033
6864,r10i1p1f1,2033,10,17,0.544827256137643,23.26607,10.685952,2033
6865,r10i1p1f1,2033,10,18,0.0,22.952093,8.81893,2033
6866,r10i1p1f1,2033,10,19,0.0,24.418165,10.703557,2033
6867,r10i1p1f1,2033,10,20,0.0,23.627071,8.684102,2033
6868,r10i1p1f1,2033,10,21,0.16389229714198,24.317148,10.658369,2033
6869,r10i1p1f1,2033,10,22,0.0,25.050737,9.516074,2033
6870,r10i1p1f1,2033,10,23,0.0,24.423561,9.784289,2033
6871,r10i1p1f1,2033,10,24,0.0,20.502558,8.273454,2033
6872,r10i1p1f1,2033,10,25,0.0,22.574148,10.335584,2033
6873,r10i1p1f1,2033,10,26,0.08740246936979115,25.104723,6.6919136,2033
6874,r10i1p1f1,2033,10,27,0.0,25.675093,10.29676,2033
6875,r10i1p1f1,2033,10,28,0.0,25.428421,9.083445,2033
6876,r10i1p1f1,2033,10,29,0.0,24.802544,7.1608253,2033
6877,r10i1p1f1,2033,10,30,0.0,23.29322,8.591994,2033
6878,r10i1p1f1,2033,10,31,0.0,23.541824,8.53312,2033
6879,r10i1p1f1,2033,11,01,0.0,23.881817,9.518865,2033
6880,r10i1p1f1,2033,11,02,0.0,25.800331,9.418012,2033
6881,r10i1p1f1,2033,11,03,0.0,23.891981,7.3975663,2033
6882,r10i1p1f1,2033,11,04,0.0,22.898018,9.1954,2033
6883,r10i1p1f1,2033,11,05,1.7783754067127837,21.264782,9.1812725,2033
6884,r10i1p1f1,2033,11,06,0.0,18.655268,5.4626784,2033
6885,r10i1p1f1,2033,11,07,0.030391873779559608,18.523392,3.6701443,2033
6886,r10i1p1f1,2033,11,08,22.398307734616345,16.50211,3.4570208,2033
6887,r10i1p1f1,2033,11,09,10.872937956886936,7.7300134,1.7226677,2033
6888,r10i1p1f1,2033,11,10,0.0,12.125615,-1.0951811,2033
6889,r10i1p1f1,2033,11,11,0.0,12.358117,-1.1492386,2033
6890,r10i1p1f1,2033,11,12,11.955421112361364,11.389316,0.060840406,2033
6891,r10i1p1f1,2033,11,13,0.10590003171512906,10.198795,-1.8274375,2033
6892,r10i1p1f1,2033,11,14,31.00887174613921,10.704092,1.3179042,2033
6893,r10i1p1f1,2033,11,15,3.6144510880005423,8.595093,0.57123005,2033
6894,r10i1p1f1,2033,11,16,1.6665337628135029,8.493429,-1.8422872,2033
6895,r10i1p1f1,2033,11,17,0.0,11.825728,-2.008281,2033
6896,r10i1p1f1,2033,11,18,0.0,12.594978,-1.0283264,2033
6897,r10i1p1f1,2033,11,19,0.0,12.990854,-1.0475183,2033
6898,r10i1p1f1,2033,11,20,0.0,12.793728,-2.0696328,2033
6899,r10i1p1f1,2033,11,21,0.0,15.714933,-0.8552933,2033
6900,r10i1p1f1,2033,11,22,0.0,15.726821,1.0204643,2033
6901,r10i1p1f1,2033,11,23,0.0,13.098259,0.043600786,2033
6902,r10i1p1f1,2033,11,24,0.0,18.360516,0.060219012,2033
6903,r10i1p1f1,2033,11,25,0.0,17.270243,1.4194809,2033
6904,r10i1p1f1,2033,11,26,0.0,15.798695,0.62317455,2033
6905,r10i1p1f1,2033,11,27,12.462969828553277,14.688706,2.9757025,2033
6906,r10i1p1f1,2033,11,28,1.8060771657091161,8.876381,3.488168,2033
6907,r10i1p1f1,2033,11,29,28.142748266384984,12.521688,2.8621006,2033
6908,r10i1p1f1,2033,11,30,15.140142191605838,12.593451,6.8602448,2033
6909,r10i1p1f1,2033,12,01,4.185439207503805,11.341543,1.9751854,2033
6910,r10i1p1f1,2033,12,02,0.0,10.476988,0.6833231,2033
6911,r10i1p1f1,2033,12,03,0.0,12.903877,0.4499564,2033
6912,r10i1p1f1,2033,12,04,0.0,12.622324,2.546949,2033
6913,r10i1p1f1,2033,12,05,0.0,10.92052,-1.1127769,2033
6914,r10i1p1f1,2033,12,06,0.0,11.609967,1.520031,2033
6915,r10i1p1f1,2033,12,07,0.0,13.614354,2.109435,2033
6916,r10i1p1f1,2033,12,08,0.0,12.198215,1.7120034,2033
6917,r10i1p1f1,2033,12,09,0.0,12.760568,1.8761098,2033
6918,r10i1p1f1,2033,12,10,0.0,11.876367,2.242162,2033
6919,r10i1p1f1,2033,12,11,0.0,10.670901,-0.1884065,2033
6920,r10i1p1f1,2033,12,12,0.0,12.221947,2.5535712,2033
6921,r10i1p1f1,2033,12,13,0.0,14.412702,2.3462784,2033
6922,r10i1p1f1,2033,12,14,0.0,16.263014,3.5450327,2033
6923,r10i1p1f1,2033,12,15,0.0,15.841367,4.18285,2033
6924,r10i1p1f1,2033,12,16,0.0,18.05536,4.028718,2033
6925,r10i1p1f1,2033,12,17,0.0,20.60004,8.405832,2033
6926,r10i1p1f1,2033,12,18,0.0,20.072014,9.8623495,2033
6927,r10i1p1f1,2033,12,19,0.0,22.1784,9.392175,2033
6928,r10i1p1f1,2033,12,20,0.0,20.374125,7.361057,2033
6929,r10i1p1f1,2033,12,21,0.0,7.749012,-2.3496299,2033
6930,r10i1p1f1,2033,12,22,0.0,5.3839884,-5.5112233,2033
6931,r10i1p1f1,2033,12,23,0.0,13.813077,0.56500506,2033
6932,r10i1p1f1,2033,12,24,0.0,14.9712715,4.1248355,2033
6933,r10i1p1f1,2033,12,25,0.0,15.814434,3.4057155,2033
6934,r10i1p1f1,2033,12,26,0.0,15.54914,2.7577674,2033
6935,r10i1p1f1,2033,12,27,0.0,15.484248,1.929745,2033
6936,r10i1p1f1,2033,12,28,0.0,14.25673,2.1757874,2033
6937,r10i1p1f1,2033,12,29,0.0,15.710285,2.6857574,2033
6938,r10i1p1f1,2033,12,30,0.0,19.489555,6.1372237,2033
6939,r10i1p1f1,2033,12,31,0.0,21.346811,7.384078,2033
6940,r10i1p1f1,2034,01,01,0.0,20.40213,8.002261,2034
6941,r10i1p1f1,2034,01,02,0.0,14.894294,4.0391936,2034
6942,r10i1p1f1,2034,01,03,0.0,14.224861,3.4996812,2034
6943,r10i1p1f1,2034,01,04,0.0,17.621746,4.974759,2034
6944,r10i1p1f1,2034,01,05,0.0,15.997936,5.2662845,2034
6945,r10i1p1f1,2034,01,06,0.0,16.5713,3.075027,2034
6946,r10i1p1f1,2034,01,07,0.0,17.024405,4.363598,2034
6947,r10i1p1f1,2034,01,08,0.0,19.523956,7.2073045,2034
6948,r10i1p1f1,2034,01,09,0.0,19.401955,7.859762,2034
6949,r10i1p1f1,2034,01,10,0.0,19.804264,4.816796,2034
6950,r10i1p1f1,2034,01,11,0.0,10.576024,-0.6776651,2034
6951,r10i1p1f1,2034,01,12,0.0,10.808764,0.5050864,2034
6952,r10i1p1f1,2034,01,13,0.0,12.086697,0.12697239,2034
6953,r10i1p1f1,2034,01,14,0.0,10.775742,-0.003487838,2034
6954,r10i1p1f1,2034,01,15,0.0,9.289417,-2.48493,2034
6955,r10i1p1f1,2034,01,16,17.340413317556102,5.9474645,-3.1848454,2034
6956,r10i1p1f1,2034,01,17,85.9991885746192,6.1468906,2.548483,2034
6957,r10i1p1f1,2034,01,18,46.91127476398833,5.710954,1.5943093,2034
6958,r10i1p1f1,2034,01,19,12.989269775808728,4.6313553,-0.10324197,2034
6959,r10i1p1f1,2034,01,20,0.8120214758372114,6.18418,0.043509033,2034
6960,r10i1p1f1,2034,01,21,26.73063971420848,5.1163588,2.0155118,2034
6961,r10i1p1f1,2034,01,22,0.6995572215983932,9.089094,-1.3698467,2034
6962,r10i1p1f1,2034,01,23,0.0,9.710233,-3.4349225,2034
6963,r10i1p1f1,2034,01,24,7.368346843730634,7.170328,1.5032531,2034
6964,r10i1p1f1,2034,01,25,28.29509170290916,7.345194,2.8164334,2034
6965,r10i1p1f1,2034,01,26,1.39880452853073,6.9061046,-2.1955082,2034
6966,r10i1p1f1,2034,01,27,0.0,5.9815793,-1.8954039,2034
6967,r10i1p1f1,2034,01,28,2.781997296781475,4.944617,-1.0539109,2034
6968,r10i1p1f1,2034,01,29,0.3160017546226874,5.460089,-0.27807638,2034
6969,r10i1p1f1,2034,01,30,0.0,4.907856,-2.90482,2034
6970,r10i1p1f1,2034,01,31,0.0,6.2331634,-3.8291879,2034
6971,r10i1p1f1,2034,02,01,0.0,9.169925,-3.5483582,2034
6972,r10i1p1f1,2034,02,02,0.0,8.459013,-2.753186,2034
6973,r10i1p1f1,2034,02,03,15.202117587307983,4.3052063,-0.16527879,2034
6974,r10i1p1f1,2034,02,04,30.170658312578638,5.408702,0.16025382,2034
6975,r10i1p1f1,2034,02,05,81.11322761550055,10.342966,0.9234302,2034
6976,r10i1p1f1,2034,02,06,41.38143734951308,10.879139,0.72352904,2034
6977,r10i1p1f1,2034,02,07,0.0,8.916479,-5.9688616,2034
6978,r10i1p1f1,2034,02,08,0.0,7.7508554,-2.0786552,2034
6979,r10i1p1f1,2034,02,09,0.0,6.6337814,-5.011191,2034
6980,r10i1p1f1,2034,02,10,0.0,5.7059984,-6.727754,2034
6981,r10i1p1f1,2034,02,11,0.0,6.053507,-6.681774,2034
6982,r10i1p1f1,2034,02,12,0.0,6.314988,-4.750616,2034
6983,r10i1p1f1,2034,02,13,2.153782562776254,3.767799,-2.7130644,2034
6984,r10i1p1f1,2034,02,14,0.0,10.742807,-1.9897314,2034
6985,r10i1p1f1,2034,02,15,2.319114958553607,9.120479,-2.7489014,2034
6986,r10i1p1f1,2034,02,16,70.58265805305717,12.09247,4.5508585,2034
6987,r10i1p1f1,2034,02,17,7.339980791852883,12.9030485,8.584778,2034
6988,r10i1p1f1,2034,02,18,0.0,18.7103,5.1416135,2034
6989,r10i1p1f1,2034,02,19,0.0,17.893753,4.8653564,2034
6990,r10i1p1f1,2034,02,20,43.281823692622744,13.612655,8.413089,2034
6991,r10i1p1f1,2034,02,21,41.18556592883052,11.457982,4.6383114,2034
6992,r10i1p1f1,2034,02,22,6.301860808602406,11.764015,0.8790247,2034
6993,r10i1p1f1,2034,02,23,0.0,14.529142,0.9422987,2034
6994,r10i1p1f1,2034,02,24,5.496457992596429,14.423515,3.2093403,2034
6995,r10i1p1f1,2034,02,25,0.009581122384061976,9.63549,4.489501,2034
6996,r10i1p1f1,2034,02,26,0.1016607972480032,9.926626,3.5738807,2034
6997,r10i1p1f1,2034,02,27,0.0,11.155474,0.49702594,2034
6998,r10i1p1f1,2034,02,28,5.18436197811465,10.065178,-0.6602743,2034
6999,r10i1p1f1,2034,03,01,0.002678454116353111,12.115959,3.7218916,2034
7000,r10i1p1f1,2034,03,02,0.0,15.111452,2.5142279,2034
7001,r10i1p1f1,2034,03,03,13.573178165135783,13.721703,5.819955,2034
7002,r10i1p1f1,2034,03,04,3.872517919003976,11.780053,-0.09310411,2034
7003,r10i1p1f1,2034,03,05,0.0,12.984215,0.042103216,2034
7004,r10i1p1f1,2034,03,06,0.0,13.642113,-0.07961574,2034
7005,r10i1p1f1,2034,03,07,1.27784664910953,13.457007,3.2554524,2034
7006,r10i1p1f1,2034,03,08,0.0,14.784766,0.8111747,2034
7007,r10i1p1f1,2034,03,09,0.0,16.986895,1.5024601,2034
7008,r10i1p1f1,2034,03,10,0.0,18.076218,2.7299552,2034
7009,r10i1p1f1,2034,03,11,0.0,16.928095,4.5054026,2034
7010,r10i1p1f1,2034,03,12,0.0,20.264694,6.7133846,2034
7011,r10i1p1f1,2034,03,13,0.0,20.56163,7.4025044,2034
7012,r10i1p1f1,2034,03,14,1.4114942188801873,18.3778,6.799873,2034
7013,r10i1p1f1,2034,03,15,0.0,20.40283,6.841137,2034
7014,r10i1p1f1,2034,03,16,0.0,20.838491,5.5107565,2034
7015,r10i1p1f1,2034,03,17,0.0,20.24662,7.006478,2034
7016,r10i1p1f1,2034,03,18,0.0,24.811918,7.737487,2034
7017,r10i1p1f1,2034,03,19,0.0,23.964178,8.117878,2034
7018,r10i1p1f1,2034,03,20,0.0,21.301922,11.18361,2034
7019,r10i1p1f1,2034,03,21,0.0,22.541515,8.910054,2034
7020,r10i1p1f1,2034,03,22,0.0,25.188532,8.823263,2034
7021,r10i1p1f1,2034,03,23,0.0,24.984953,10.340836,2034
7022,r10i1p1f1,2034,03,24,12.247005151737923,20.305899,8.137571,2034
7023,r10i1p1f1,2034,03,25,0.0,20.551905,6.756937,2034
7024,r10i1p1f1,2034,03,26,0.0,20.970371,7.525494,2034
7025,r10i1p1f1,2034,03,27,0.0,17.033674,6.1364737,2034
7026,r10i1p1f1,2034,03,28,0.0,18.985514,4.7732234,2034
7027,r10i1p1f1,2034,03,29,0.0,18.818586,3.416629,2034
7028,r10i1p1f1,2034,03,30,0.0,15.253434,0.23533992,2034
7029,r10i1p1f1,2034,03,31,1.677399637087786,14.178412,3.0634563,2034
7030,r10i1p1f1,2034,04,01,2.06943042900859,11.645944,1.8060188,2034
7031,r10i1p1f1,2034,04,02,0.9082236439242383,13.337476,2.6300085,2034
7032,r10i1p1f1,2034,04,03,0.0,12.895854,5.0823436,2034
7033,r10i1p1f1,2034,04,04,0.5677430650441813,18.737268,2.6465652,2034
7034,r10i1p1f1,2034,04,05,0.0,17.39653,6.602943,2034
7035,r10i1p1f1,2034,04,06,22.286999436695815,12.265836,3.1616583,2034
7036,r10i1p1f1,2034,04,07,0.0,15.003617,1.0400051,2034
7037,r10i1p1f1,2034,04,08,0.0,14.157943,4.1885304,2034
7038,r10i1p1f1,2034,04,09,3.223652689034919,11.211055,3.0962303,2034
7039,r10i1p1f1,2034,04,10,0.0,10.563753,-0.39936006,2034
7040,r10i1p1f1,2034,04,11,0.0,15.10741,-1.729959,2034
7041,r10i1p1f1,2034,04,12,0.0,14.593694,3.359747,2034
7042,r10i1p1f1,2034,04,13,0.4742147429600376,15.079548,4.0308824,2034
7043,r10i1p1f1,2034,04,14,13.19878756522054,13.653999,8.997779,2034
7044,r10i1p1f1,2034,04,15,6.704000676310036,17.178694,5.6599083,2034
7045,r10i1p1f1,2034,04,16,0.0,19.058586,5.7251225,2034
7046,r10i1p1f1,2034,04,17,0.0,15.155461,3.4964721,2034
7047,r10i1p1f1,2034,04,18,0.0,13.747003,2.6718476,2034
7048,r10i1p1f1,2034,04,19,0.0,17.100945,3.8452308,2034
7049,r10i1p1f1,2034,04,20,0.02693408023333177,20.431509,4.101863,2034
7050,r10i1p1f1,2034,04,21,0.0,20.575735,6.6811137,2034
7051,r10i1p1f1,2034,04,22,0.0,19.599966,7.063898,2034
7052,r10i1p1f1,2034,04,23,34.036287366976275,11.651054,3.3889282,2034
7053,r10i1p1f1,2034,04,24,32.79534870342008,9.335504,4.47058,2034
7054,r10i1p1f1,2034,04,25,6.020395325188139,13.429193,3.4891605,2034
7055,r10i1p1f1,2034,04,26,0.0,16.055803,4.5576286,2034
7056,r10i1p1f1,2034,04,27,0.0,16.138617,3.2764616,2034
7057,r10i1p1f1,2034,04,28,15.322274834110623,11.5747,4.3970146,2034
7058,r10i1p1f1,2034,04,29,1.0807912337895687,10.489212,5.0610504,2034
7059,r10i1p1f1,2034,04,30,0.0,21.334452,5.1153483,2034
7060,r10i1p1f1,2034,05,01,0.0,25.651772,10.731447,2034
7061,r10i1p1f1,2034,05,02,0.0,27.226492,11.091748,2034
7062,r10i1p1f1,2034,05,03,0.0,28.993353,12.474591,2034
7063,r10i1p1f1,2034,05,04,0.0,28.602219,13.802783,2034
7064,r10i1p1f1,2034,05,05,0.0,27.265368,13.386435,2034
7065,r10i1p1f1,2034,05,06,0.0,20.61245,7.8373976,2034
7066,r10i1p1f1,2034,05,07,0.8054886345929079,17.977327,5.843224,2034
7067,r10i1p1f1,2034,05,08,0.2894337085380309,18.26389,3.6746469,2034
7068,r10i1p1f1,2034,05,09,0.0,26.679695,9.388741,2034
7069,r10i1p1f1,2034,05,10,0.0,30.556335,15.722298,2034
7070,r10i1p1f1,2034,05,11,0.0,32.257748,14.692261,2034
7071,r10i1p1f1,2034,05,12,0.0,30.759708,16.218805,2034
7072,r10i1p1f1,2034,05,13,0.0,30.504433,14.730934,2034
7073,r10i1p1f1,2034,05,14,0.0,31.948092,15.21016,2034
7074,r10i1p1f1,2034,05,15,0.0,34.213905,16.764122,2034
7075,r10i1p1f1,2034,05,16,0.0,31.543106,17.585114,2034
7076,r10i1p1f1,2034,05,17,0.0,29.076044,13.850422,2034
7077,r10i1p1f1,2034,05,18,0.0,28.89288,13.993519,2034
7078,r10i1p1f1,2034,05,19,0.0,27.56329,11.960477,2034
7079,r10i1p1f1,2034,05,20,0.0,22.551395,6.372552,2034
7080,r10i1p1f1,2034,05,21,0.0,25.75542,8.4305725,2034
7081,r10i1p1f1,2034,05,22,0.0,25.42004,6.9831815,2034
7082,r10i1p1f1,2034,05,23,0.0,25.297071,9.521655,2034
7083,r10i1p1f1,2034,05,24,0.0,24.785307,9.503439,2034
7084,r10i1p1f1,2034,05,25,0.0,27.254807,10.346025,2034
7085,r10i1p1f1,2034,05,26,0.0,28.672367,13.1366415,2034
7086,r10i1p1f1,2034,05,27,0.0,31.767456,14.034706,2034
7087,r10i1p1f1,2034,05,28,0.44660856609353733,29.297203,14.419745,2034
7088,r10i1p1f1,2034,05,29,12.261778241602434,18.858543,3.743248,2034
7089,r10i1p1f1,2034,05,30,1.8178725531518132,15.812884,2.7260125,2034
7090,r10i1p1f1,2034,05,31,0.0,20.728155,5.206714,2034
7091,r10i1p1f1,2034,06,01,0.0,24.862148,5.611759,2034
7092,r10i1p1f1,2034,06,02,0.0,31.038366,10.9227,2034
7093,r10i1p1f1,2034,06,03,0.0,30.976032,13.859762,2034
7094,r10i1p1f1,2034,06,04,0.0,29.554035,13.237536,2034
7095,r10i1p1f1,2034,06,05,0.0,29.153385,12.857448,2034
7096,r10i1p1f1,2034,06,06,0.0,28.59443,11.40439,2034
7097,r10i1p1f1,2034,06,07,0.0,26.774002,13.10018,2034
7098,r10i1p1f1,2034,06,08,0.0,22.025032,7.38604,2034
7099,r10i1p1f1,2034,06,09,0.0,21.42358,6.241273,2034
7100,r10i1p1f1,2034,06,10,0.0,24.353577,6.7896104,2034
7101,r10i1p1f1,2034,06,11,0.0,26.546951,7.805841,2034
7102,r10i1p1f1,2034,06,12,0.0,26.656641,9.3356905,2034
7103,r10i1p1f1,2034,06,13,0.0,28.119375,11.202741,2034
7104,r10i1p1f1,2034,06,14,0.0,26.931484,10.06173,2034
7105,r10i1p1f1,2034,06,15,0.0,26.303036,11.61041,2034
7106,r10i1p1f1,2034,06,16,0.0,28.362207,10.856106,2034
7107,r10i1p1f1,2034,06,17,0.0,27.51409,10.715377,2034
7108,r10i1p1f1,2034,06,18,0.0,27.514624,11.938131,2034
7109,r10i1p1f1,2034,06,19,0.0,27.092228,12.185216,2034
7110,r10i1p1f1,2034,06,20,0.0,25.98596,13.319996,2034
7111,r10i1p1f1,2034,06,21,0.0,26.858395,9.366382,2034
7112,r10i1p1f1,2034,06,22,0.0,30.050562,12.345473,2034
7113,r10i1p1f1,2034,06,23,0.0,30.569965,12.782431,2034
7114,r10i1p1f1,2034,06,24,0.0,31.17026,14.182852,2034
7115,r10i1p1f1,2034,06,25,0.0,29.212833,15.55377,2034
7116,r10i1p1f1,2034,06,26,0.0,32.645393,14.540563,2034
7117,r10i1p1f1,2034,06,27,0.0,36.477184,18.851843,2034
7118,r10i1p1f1,2034,06,28,0.0,38.53053,19.811987,2034
7119,r10i1p1f1,2034,06,29,0.0,38.304695,21.013405,2034
7120,r10i1p1f1,2034,06,30,0.0,40.328247,23.616047,2034
7121,r10i1p1f1,2034,07,01,0.0,39.783623,21.483063,2034
7122,r10i1p1f1,2034,07,02,0.0,37.383766,21.278877,2034
7123,r10i1p1f1,2034,07,03,0.0,31.099276,17.234013,2034
7124,r10i1p1f1,2034,07,04,0.0,29.341257,13.051145,2034
7125,r10i1p1f1,2034,07,05,0.0,27.755896,11.849486,2034
7126,r10i1p1f1,2034,07,06,0.0,27.440588,11.663117,2034
7127,r10i1p1f1,2034,07,07,0.0,27.709013,13.228412,2034
7128,r10i1p1f1,2034,07,08,0.0,34.97412,16.141224,2034
7129,r10i1p1f1,2034,07,09,0.0,41.13063,21.755358,2034
7130,r10i1p1f1,2034,07,10,0.0,41.38767,25.979948,2034
7131,r10i1p1f1,2034,07,11,0.0,39.21581,21.853508,2034
7132,r10i1p1f1,2034,07,12,0.0,36.822495,19.52686,2034
7133,r10i1p1f1,2034,07,13,0.0,34.637234,17.750666,2034
7134,r10i1p1f1,2034,07,14,0.0,33.847897,17.308989,2034
7135,r10i1p1f1,2034,07,15,0.0,30.962069,13.697247,2034
7136,r10i1p1f1,2034,07,16,0.0,26.17241,10.495069,2034
7137,r10i1p1f1,2034,07,17,0.0,29.910198,10.822753,2034
7138,r10i1p1f1,2034,07,18,0.0,35.039818,17.079613,2034
7139,r10i1p1f1,2034,07,19,0.0,35.949352,18.438639,2034
7140,r10i1p1f1,2034,07,20,0.0,34.6586,18.72927,2034
7141,r10i1p1f1,2034,07,21,0.0,32.501522,15.673612,2034
7142,r10i1p1f1,2034,07,22,0.0,35.32815,15.900808,2034
7143,r10i1p1f1,2034,07,23,0.0,36.533268,19.473902,2034
7144,r10i1p1f1,2034,07,24,0.0,35.79021,19.016155,2034
7145,r10i1p1f1,2034,07,25,0.0,36.076183,17.824516,2034
7146,r10i1p1f1,2034,07,26,0.0,36.10742,17.558952,2034
7147,r10i1p1f1,2034,07,27,0.0,37.29601,19.039282,2034
7148,r10i1p1f1,2034,07,28,0.0,37.254517,18.50522,2034
7149,r10i1p1f1,2034,07,29,0.0,38.83948,22.1588,2034
7150,r10i1p1f1,2034,07,30,0.0,37.79972,21.440552,2034
7151,r10i1p1f1,2034,07,31,0.0,34.882687,20.234558,2034
7152,r10i1p1f1,2034,08,01,0.0,37.080666,18.368502,2034
7153,r10i1p1f1,2034,08,02,0.0,36.3115,20.063719,2034
7154,r10i1p1f1,2034,08,03,0.0,34.125763,16.239243,2034
7155,r10i1p1f1,2034,08,04,0.0,31.664618,14.120766,2034
7156,r10i1p1f1,2034,08,05,0.0,30.008133,13.737221,2034
7157,r10i1p1f1,2034,08,06,0.0,31.709854,13.386525,2034
7158,r10i1p1f1,2034,08,07,0.0,35.877754,17.075274,2034
7159,r10i1p1f1,2034,08,08,0.0,36.397816,17.937872,2034
7160,r10i1p1f1,2034,08,09,0.0,35.483776,17.910553,2034
7161,r10i1p1f1,2034,08,10,0.0,34.376747,16.021593,2034
7162,r10i1p1f1,2034,08,11,0.0,33.322742,15.500587,2034
7163,r10i1p1f1,2034,08,12,0.0,32.114876,15.165961,2034
7164,r10i1p1f1,2034,08,13,0.0,34.072247,15.133782,2034
7165,r10i1p1f1,2034,08,14,0.0,32.582405,16.592413,2034
7166,r10i1p1f1,2034,08,15,0.0,31.855719,13.85172,2034
7167,r10i1p1f1,2034,08,16,0.0,34.887646,15.860119,2034
7168,r10i1p1f1,2034,08,17,0.0,36.726986,18.648132,2034
7169,r10i1p1f1,2034,08,18,0.0,35.986107,18.200247,2034
7170,r10i1p1f1,2034,08,19,0.0,34.673466,17.720877,2034
7171,r10i1p1f1,2034,08,20,0.0,34.929626,16.734974,2034
7172,r10i1p1f1,2034,08,21,0.0,36.89021,18.534557,2034
7173,r10i1p1f1,2034,08,22,0.0,35.382584,17.563133,2034
7174,r10i1p1f1,2034,08,23,0.0,35.710846,16.750025,2034
7175,r10i1p1f1,2034,08,24,0.0,39.74546,19.554174,2034
7176,r10i1p1f1,2034,08,25,0.0,40.186157,22.366705,2034
7177,r10i1p1f1,2034,08,26,0.0,41.66828,23.414759,2034
7178,r10i1p1f1,2034,08,27,0.0,41.08467,22.486862,2034
7179,r10i1p1f1,2034,08,28,0.0,38.61753,21.415163,2034
7180,r10i1p1f1,2034,08,29,0.0,36.17994,18.747568,2034
7181,r10i1p1f1,2034,08,30,0.0,31.140335,13.700899,2034
7182,r10i1p1f1,2034,08,31,0.0,31.317678,15.531822,2034
7183,r10i1p1f1,2034,09,01,0.0,30.53533,16.57284,2034
7184,r10i1p1f1,2034,09,02,0.0,30.05579,14.741847,2034
7185,r10i1p1f1,2034,09,03,0.0,33.40026,15.888446,2034
7186,r10i1p1f1,2034,09,04,0.0,36.117203,19.476397,2034
7187,r10i1p1f1,2034,09,05,0.0,37.90546,20.114973,2034
7188,r10i1p1f1,2034,09,06,0.0,37.81649,20.772709,2034
7189,r10i1p1f1,2034,09,07,0.0,36.35451,20.369593,2034
7190,r10i1p1f1,2034,09,08,0.0,34.932423,22.39581,2034
7191,r10i1p1f1,2034,09,09,0.0,30.709759,15.907135,2034
7192,r10i1p1f1,2034,09,10,0.0,29.420448,14.965501,2034
7193,r10i1p1f1,2034,09,11,0.05781009034475765,28.297855,14.1308565,2034
7194,r10i1p1f1,2034,09,12,0.0,29.52594,11.643477,2034
7195,r10i1p1f1,2034,09,13,0.0,28.763155,12.950992,2034
7196,r10i1p1f1,2034,09,14,0.0,26.130283,10.664406,2034
7197,r10i1p1f1,2034,09,15,0.0,26.59486,9.409139,2034
7198,r10i1p1f1,2034,09,16,0.0,31.173044,11.951038,2034
7199,r10i1p1f1,2034,09,17,0.0,31.70182,15.282164,2034
7200,r10i1p1f1,2034,09,18,0.0,30.221159,14.266174,2034
7201,r10i1p1f1,2034,09,19,0.8179020841985699,22.425175,6.4848914,2034
7202,r10i1p1f1,2034,09,20,0.0,20.338684,6.063478,2034
7203,r10i1p1f1,2034,09,21,0.0,23.47359,8.311198,2034
7204,r10i1p1f1,2034,09,22,0.0,25.539948,7.3307376,2034
7205,r10i1p1f1,2034,09,23,0.0,28.368113,11.982158,2034
7206,r10i1p1f1,2034,09,24,0.0,29.969864,13.168066,2034
7207,r10i1p1f1,2034,09,25,0.0,28.341148,12.304398,2034
7208,r10i1p1f1,2034,09,26,0.0,28.330267,12.627719,2034
7209,r10i1p1f1,2034,09,27,0.0,27.353783,10.758526,2034
7210,r10i1p1f1,2034,09,28,0.0,23.8859,9.256119,2034
7211,r10i1p1f1,2034,09,29,0.0,28.923388,11.886243,2034
7212,r10i1p1f1,2034,09,30,0.0,30.096817,15.125629,2034
7213,r10i1p1f1,2034,10,01,0.0,29.371643,16.045496,2034
7214,r10i1p1f1,2034,10,02,0.0,27.645033,14.101171,2034
7215,r10i1p1f1,2034,10,03,0.0,26.811731,12.846111,2034
7216,r10i1p1f1,2034,10,04,0.0,33.886013,15.758404,2034
7217,r10i1p1f1,2034,10,05,0.0,32.793793,17.396746,2034
7218,r10i1p1f1,2034,10,06,0.0,31.981857,16.924452,2034
7219,r10i1p1f1,2034,10,07,0.0,27.152552,13.336026,2034
7220,r10i1p1f1,2034,10,08,0.0,23.419235,10.243674,2034
7221,r10i1p1f1,2034,10,09,0.0,23.063927,9.519933,2034
7222,r10i1p1f1,2034,10,10,0.0,24.538795,11.347271,2034
7223,r10i1p1f1,2034,10,11,0.0,26.032495,12.5361185,2034
7224,r10i1p1f1,2034,10,12,0.0,26.933418,11.945203,2034
7225,r10i1p1f1,2034,10,13,0.0,29.460144,12.084043,2034
7226,r10i1p1f1,2034,10,14,0.0,30.5635,13.800823,2034
7227,r10i1p1f1,2034,10,15,0.0,28.779129,14.756752,2034
7228,r10i1p1f1,2034,10,16,0.0035710213571866533,25.347204,12.285988,2034
7229,r10i1p1f1,2034,10,17,0.0,22.486517,9.882376,2034
7230,r10i1p1f1,2034,10,18,0.0,23.820107,10.119241,2034
7231,r10i1p1f1,2034,10,19,0.0,26.97337,10.479943,2034
7232,r10i1p1f1,2034,10,20,0.0,26.281202,11.106299,2034
7233,r10i1p1f1,2034,10,21,0.0,25.451178,11.217481,2034
7234,r10i1p1f1,2034,10,22,0.0,24.617502,11.880321,2034
7235,r10i1p1f1,2034,10,23,0.0,23.53526,7.7461996,2034
7236,r10i1p1f1,2034,10,24,0.0,23.2005,9.647092,2034
7237,r10i1p1f1,2034,10,25,0.0,22.68768,7.6913514,2034
7238,r10i1p1f1,2034,10,26,0.0,22.730482,10.704318,2034
7239,r10i1p1f1,2034,10,27,0.0,26.9027,9.9306,2034
7240,r10i1p1f1,2034,10,28,0.0,26.973858,13.268729,2034
7241,r10i1p1f1,2034,10,29,0.0,27.61471,13.98295,2034
7242,r10i1p1f1,2034,10,30,0.0,26.703064,11.044501,2034
7243,r10i1p1f1,2034,10,31,0.0,20.033392,7.908787,2034
7244,r10i1p1f1,2034,11,01,0.0,23.298935,7.2197804,2034
7245,r10i1p1f1,2034,11,02,0.0,23.657326,6.0462556,2034
7246,r10i1p1f1,2034,11,03,8.919516192461169,23.735437,9.496707,2034
7247,r10i1p1f1,2034,11,04,12.339034614667884,18.808853,12.015244,2034
7248,r10i1p1f1,2034,11,05,7.2057673426139734,17.27388,9.116643,2034
7249,r10i1p1f1,2034,11,06,14.208096951571,14.938007,9.090259,2034
7250,r10i1p1f1,2034,11,07,12.08911438765139,16.896439,10.761324,2034
7251,r10i1p1f1,2034,11,08,0.5708487266354879,16.663385,5.2040625,2034
7252,r10i1p1f1,2034,11,09,0.0,20.233868,4.0510955,2034
7253,r10i1p1f1,2034,11,10,0.0,19.823362,8.514356,2034
7254,r10i1p1f1,2034,11,11,0.0,23.110657,7.756264,2034
7255,r10i1p1f1,2034,11,12,0.0,22.85985,9.045873,2034
7256,r10i1p1f1,2034,11,13,0.0,22.459948,10.210142,2034
7257,r10i1p1f1,2034,11,14,0.0,21.480722,8.568477,2034
7258,r10i1p1f1,2034,11,15,0.0,19.554716,6.735403,2034
7259,r10i1p1f1,2034,11,16,0.0,12.554249,1.220664,2034
7260,r10i1p1f1,2034,11,17,0.15695312996932012,10.440095,-1.4647657,2034
7261,r10i1p1f1,2034,11,18,2.304772296778729,8.334434,-1.0418386,2034
7262,r10i1p1f1,2034,11,19,0.0,15.330998,1.0410467,2034
7263,r10i1p1f1,2034,11,20,0.1577347804492409,16.049353,7.195331,2034
7264,r10i1p1f1,2034,11,21,4.476050667807086,13.194526,6.8111153,2034
7265,r10i1p1f1,2034,11,22,7.0056865580753716,12.889669,6.717273,2034
7266,r10i1p1f1,2034,11,23,0.559798283939017,15.457001,3.5540137,2034
7267,r10i1p1f1,2034,11,24,0.0,15.776308,0.7037323,2034
7268,r10i1p1f1,2034,11,25,0.0,15.419621,4.760025,2034
7269,r10i1p1f1,2034,11,26,19.07176259555854,12.51773,5.647475,2034
7270,r10i1p1f1,2034,11,27,29.748383137140127,10.423459,5.573165,2034
7271,r10i1p1f1,2034,11,28,5.138603304572155,11.141865,5.3824377,2034
7272,r10i1p1f1,2034,11,29,11.036428145751799,10.777621,3.7348802,2034
7273,r10i1p1f1,2034,11,30,13.7482686570844,7.6882854,2.0007522,2034
7274,r10i1p1f1,2034,12,01,0.0,9.92403,3.0320797,2034
7275,r10i1p1f1,2034,12,02,0.042370205176810394,9.133197,-0.5426672,2034
7276,r10i1p1f1,2034,12,03,0.0,7.9357796,-2.182902,2034
7277,r10i1p1f1,2034,12,04,0.0,11.24743,-1.460434,2034
7278,r10i1p1f1,2034,12,05,0.0,13.908362,-0.22907639,2034
7279,r10i1p1f1,2034,12,06,0.0,12.311386,0.36278796,2034
7280,r10i1p1f1,2034,12,07,3.732918072675698,9.693068,0.716103,2034
7281,r10i1p1f1,2034,12,08,0.5713178998743579,6.160377,-3.592122,2034
7282,r10i1p1f1,2034,12,09,2.578113593058094,8.879004,1.5110359,2034
7283,r10i1p1f1,2034,12,10,11.052237708262462,8.184043,2.6161745,2034
7284,r10i1p1f1,2034,12,11,0.0,7.328299,-1.8099691,2034
7285,r10i1p1f1,2034,12,12,0.440301267233161,6.877997,-3.2851164,2034
7286,r10i1p1f1,2034,12,13,0.9571408271815591,5.148021,-0.61530626,2034
7287,r10i1p1f1,2034,12,14,0.0,9.753802,-2.57783,2034
7288,r10i1p1f1,2034,12,15,0.0,9.1525955,-1.288413,2034
7289,r10i1p1f1,2034,12,16,0.0,10.51936,2.4124546,2034
7290,r10i1p1f1,2034,12,17,0.0,9.875715,2.244337,2034
7291,r10i1p1f1,2034,12,18,0.0,13.213344,3.1911194,2034
7292,r10i1p1f1,2034,12,19,0.0,16.616684,1.3408238,2034
7293,r10i1p1f1,2034,12,20,0.0,14.092452,3.0871775,2034
7294,r10i1p1f1,2034,12,21,0.0,13.556647,5.247712,2034
7295,r10i1p1f1,2034,12,22,0.030272218665279644,10.467611,1.2129737,2034
7296,r10i1p1f1,2034,12,23,0.0,10.235095,-0.7949144,2034
7297,r10i1p1f1,2034,12,24,0.0,10.693255,-0.43379775,2034
7298,r10i1p1f1,2034,12,25,0.37007482069863107,10.577064,5.15818,2034
7299,r10i1p1f1,2034,12,26,0.0,10.205986,-1.4715356,2034
7300,r10i1p1f1,2034,12,27,0.0,3.8204732,-5.8302426,2034
7301,r10i1p1f1,2034,12,28,0.0,10.175972,-2.5244615,2034
7302,r10i1p1f1,2034,12,29,0.0,12.906079,0.35596466,2034
7303,r10i1p1f1,2034,12,30,0.0,13.883548,1.6577336,2034
7304,r10i1p1f1,2034,12,31,0.0,14.661253,2.7580929,2034
7305,r10i1p1f1,2035,01,01,0.0,14.348025,1.454826,2035
7306,r10i1p1f1,2035,01,02,0.0,13.2545595,1.6973786,2035
7307,r10i1p1f1,2035,01,03,0.0,12.37828,2.508248,2035
7308,r10i1p1f1,2035,01,04,0.0,13.952378,3.3953464,2035
7309,r10i1p1f1,2035,01,05,1.610912081363686,11.87712,3.945485,2035
7310,r10i1p1f1,2035,01,06,0.0,14.562746,3.7409608,2035
7311,r10i1p1f1,2035,01,07,0.0,14.260562,3.6942806,2035
7312,r10i1p1f1,2035,01,08,0.0,17.52216,6.302199,2035
7313,r10i1p1f1,2035,01,09,0.0,16.895899,5.8372393,2035
7314,r10i1p1f1,2035,01,10,0.0,15.272482,4.376637,2035
7315,r10i1p1f1,2035,01,11,0.0,13.831179,3.9030392,2035
7316,r10i1p1f1,2035,01,12,18.408413029790513,11.615088,3.7096171,2035
7317,r10i1p1f1,2035,01,13,22.133901250459818,9.325806,1.6920049,2035
7318,r10i1p1f1,2035,01,14,27.434500254610995,6.6429,2.0765164,2035
7319,r10i1p1f1,2035,01,15,28.39229546217738,7.595425,2.48035,2035
7320,r10i1p1f1,2035,01,16,7.130265565712379,6.5538883,-1.131123,2035
7321,r10i1p1f1,2035,01,17,0.18487498064611205,6.741301,-1.6236956,2035
7322,r10i1p1f1,2035,01,18,0.0,6.1755033,-4.539139,2035
7323,r10i1p1f1,2035,01,19,0.0,7.3561544,-4.3900332,2035
7324,r10i1p1f1,2035,01,20,0.0,11.27144,-1.3071171,2035
7325,r10i1p1f1,2035,01,21,0.0,15.981792,1.571814,2035
7326,r10i1p1f1,2035,01,22,0.0,15.548194,2.0888941,2035
7327,r10i1p1f1,2035,01,23,0.0,14.633792,2.4380665,2035
7328,r10i1p1f1,2035,01,24,0.0,15.139841,3.5103142,2035
7329,r10i1p1f1,2035,01,25,0.0,16.889908,4.387583,2035
7330,r10i1p1f1,2035,01,26,0.0,17.634766,4.667882,2035
7331,r10i1p1f1,2035,01,27,0.0,15.926589,6.354073,2035
7332,r10i1p1f1,2035,01,28,4.629735912787606,12.549837,4.85223,2035
7333,r10i1p1f1,2035,01,29,0.7699745156155826,11.9668665,3.9339607,2035
7334,r10i1p1f1,2035,01,30,0.0,12.091234,1.3214127,2035
7335,r10i1p1f1,2035,01,31,19.276621771094046,9.38352,1.9397603,2035
7336,r10i1p1f1,2035,02,01,0.0,15.439122,1.1799784,2035
7337,r10i1p1f1,2035,02,02,0.0,15.278929,3.624771,2035
7338,r10i1p1f1,2035,02,03,0.0,16.69408,2.6371853,2035
7339,r10i1p1f1,2035,02,04,0.0,15.632069,2.6782029,2035
7340,r10i1p1f1,2035,02,05,0.0,17.656815,3.6207874,2035
7341,r10i1p1f1,2035,02,06,0.0,16.14585,3.6328552,2035
7342,r10i1p1f1,2035,02,07,0.0,16.866081,4.4525414,2035
7343,r10i1p1f1,2035,02,08,0.0,18.573177,4.977492,2035
7344,r10i1p1f1,2035,02,09,0.0,20.805077,4.254444,2035
7345,r10i1p1f1,2035,02,10,0.0,18.746735,5.444357,2035
7346,r10i1p1f1,2035,02,11,0.0,15.801923,3.6506853,2035
7347,r10i1p1f1,2035,02,12,4.848008507695723,11.9195795,1.1143992,2035
7348,r10i1p1f1,2035,02,13,3.099670113303881,8.086811,2.9872825,2035
7349,r10i1p1f1,2035,02,14,6.6222384498120705,7.825306,1.3883092,2035
7350,r10i1p1f1,2035,02,15,0.37484100847857343,13.087418,2.2975311,2035
7351,r10i1p1f1,2035,02,16,0.0,15.949566,2.2092395,2035
7352,r10i1p1f1,2035,02,17,0.0,16.074013,2.7547634,2035
7353,r10i1p1f1,2035,02,18,0.0,15.697719,3.8037727,2035
7354,r10i1p1f1,2035,02,19,14.466176486741077,10.7435465,1.1681751,2035
7355,r10i1p1f1,2035,02,20,14.242980519070683,12.459535,4.52264,2035
7356,r10i1p1f1,2035,02,21,19.39737334583984,12.610749,8.796045,2035
7357,r10i1p1f1,2035,02,22,0.0,18.40303,6.323185,2035
7358,r10i1p1f1,2035,02,23,0.0,17.144281,4.4928107,2035
7359,r10i1p1f1,2035,02,24,19.06295288308205,13.07256,7.0986447,2035
7360,r10i1p1f1,2035,02,25,0.22436078385764727,16.832733,4.83543,2035
7361,r10i1p1f1,2035,02,26,0.0,16.240307,3.6945207,2035
7362,r10i1p1f1,2035,02,27,6.412474824901437,9.632581,3.5184278,2035
7363,r10i1p1f1,2035,02,28,0.009891714159350255,15.947866,4.905417,2035
7364,r10i1p1f1,2035,03,01,0.0,16.658554,2.8055263,2035
7365,r10i1p1f1,2035,03,02,8.994084484009747,14.395782,7.789267,2035
7366,r10i1p1f1,2035,03,03,0.0,19.473108,3.8212943,2035
7367,r10i1p1f1,2035,03,04,0.0,17.985163,4.112399,2035
7368,r10i1p1f1,2035,03,05,13.596227175347801,11.244966,6.676423,2035
7369,r10i1p1f1,2035,03,06,0.4972244410294623,15.427274,3.8229148,2035
7370,r10i1p1f1,2035,03,07,0.16821422669205563,15.00193,6.486455,2035
7371,r10i1p1f1,2035,03,08,0.0,16.65052,5.044416,2035
7372,r10i1p1f1,2035,03,09,13.890290407978586,15.434094,8.167766,2035
7373,r10i1p1f1,2035,03,10,14.475380222766512,12.203529,4.9667287,2035
7374,r10i1p1f1,2035,03,11,0.0,18.098383,3.3120244,2035
7375,r10i1p1f1,2035,03,12,0.0,18.55654,5.671251,2035
7376,r10i1p1f1,2035,03,13,10.275548262009243,10.16478,2.2527454,2035
7377,r10i1p1f1,2035,03,14,0.9748190267409403,14.5644045,1.5089097,2035
7378,r10i1p1f1,2035,03,15,0.0,14.029112,1.2578262,2035
7379,r10i1p1f1,2035,03,16,0.012953292178664063,15.535227,2.6764324,2035
7380,r10i1p1f1,2035,03,17,0.10743408439386833,14.546552,3.2375295,2035
7381,r10i1p1f1,2035,03,18,2.2203208716798657,12.441345,4.3540883,2035
7382,r10i1p1f1,2035,03,19,6.44767845478782,8.330376,1.983683,2035
7383,r10i1p1f1,2035,03,20,2.38100417914929,9.676643,0.7177935,2035
7384,r10i1p1f1,2035,03,21,0.0,11.794533,0.05349149,2035
7385,r10i1p1f1,2035,03,22,0.0,15.541419,-1.1247996,2035
7386,r10i1p1f1,2035,03,23,0.14554347255374236,13.930739,3.5380385,2035
7387,r10i1p1f1,2035,03,24,0.0,12.405203,-0.66457367,2035
7388,r10i1p1f1,2035,03,25,0.0,20.021929,1.7887849,2035
7389,r10i1p1f1,2035,03,26,0.0,19.16141,4.583539,2035
7390,r10i1p1f1,2035,03,27,0.0,18.040728,4.9275827,2035
7391,r10i1p1f1,2035,03,28,15.085326546594795,14.689986,6.2124057,2035
7392,r10i1p1f1,2035,03,29,5.194872478809106,8.925682,1.4329787,2035
7393,r10i1p1f1,2035,03,30,10.979886164290962,10.026782,2.6379335,2035
7394,r10i1p1f1,2035,03,31,29.270802397207405,10.822451,4.9732385,2035
7395,r10i1p1f1,2035,04,01,14.143993718071693,9.580447,2.804039,2035
7396,r10i1p1f1,2035,04,02,0.0,14.884097,1.174834,2035
7397,r10i1p1f1,2035,04,03,0.0,14.45184,2.6466382,2035
7398,r10i1p1f1,2035,04,04,0.10005834897607488,10.003258,0.23173563,2035
7399,r10i1p1f1,2035,04,05,0.0,14.963745,-0.6573043,2035
7400,r10i1p1f1,2035,04,06,0.0,15.067157,0.7275724,2035
7401,r10i1p1f1,2035,04,07,0.09216387292518018,12.952153,2.730254,2035
7402,r10i1p1f1,2035,04,08,0.0,17.623985,0.22596219,2035
7403,r10i1p1f1,2035,04,09,0.0,18.34253,5.444332,2035
7404,r10i1p1f1,2035,04,10,4.309794475451973,15.959757,2.391065,2035
7405,r10i1p1f1,2035,04,11,0.0,10.83571,-0.10114389,2035
7406,r10i1p1f1,2035,04,12,2.3115020476947583,10.145129,-3.6305726,2035
7407,r10i1p1f1,2035,04,13,40.65507032792084,8.380373,2.3889096,2035
7408,r10i1p1f1,2035,04,14,3.175478901922409,14.028584,0.44086576,2035
7409,r10i1p1f1,2035,04,15,0.0,20.169394,3.8741078,2035
7410,r10i1p1f1,2035,04,16,0.0,23.236778,7.587541,2035
7411,r10i1p1f1,2035,04,17,0.0,21.466867,7.922733,2035
7412,r10i1p1f1,2035,04,18,0.0,15.216351,0.8800577,2035
7413,r10i1p1f1,2035,04,19,0.0,17.468452,1.923283,2035
7414,r10i1p1f1,2035,04,20,0.0,20.106253,5.2067943,2035
7415,r10i1p1f1,2035,04,21,0.0,20.41168,6.7379904,2035
7416,r10i1p1f1,2035,04,22,4.027536082296472,17.025652,4.450113,2035
7417,r10i1p1f1,2035,04,23,0.061306597375445755,13.087754,-0.06892696,2035
7418,r10i1p1f1,2035,04,24,0.0,18.304049,1.9318179,2035
7419,r10i1p1f1,2035,04,25,0.0,24.460854,7.0006065,2035
7420,r10i1p1f1,2035,04,26,0.0,24.175943,10.627832,2035
7421,r10i1p1f1,2035,04,27,0.0,19.598742,6.3304024,2035
7422,r10i1p1f1,2035,04,28,0.0,20.588078,4.941924,2035
7423,r10i1p1f1,2035,04,29,0.0,28.009066,9.051824,2035
7424,r10i1p1f1,2035,04,30,0.0,31.521414,12.858558,2035
7425,r10i1p1f1,2035,05,01,0.0,30.643988,14.731058,2035
7426,r10i1p1f1,2035,05,02,0.05193491551357223,26.866095,10.84852,2035
7427,r10i1p1f1,2035,05,03,0.0,14.969664,1.358902,2035
7428,r10i1p1f1,2035,05,04,0.0,22.097311,5.2316036,2035
7429,r10i1p1f1,2035,05,05,0.0,26.145208,9.812625,2035
7430,r10i1p1f1,2035,05,06,0.0,24.87249,9.059105,2035
7431,r10i1p1f1,2035,05,07,5.942059224616969,18.251724,3.689034,2035
7432,r10i1p1f1,2035,05,08,3.0702426931575726,14.413654,4.377195,2035
7433,r10i1p1f1,2035,05,09,1.9197996609890604,13.5583725,8.351496,2035
7434,r10i1p1f1,2035,05,10,0.0,17.825106,6.0750422,2035
7435,r10i1p1f1,2035,05,11,0.0,23.2479,5.2533226,2035
7436,r10i1p1f1,2035,05,12,0.0,25.295069,9.196533,2035
7437,r10i1p1f1,2035,05,13,0.0,25.273598,11.676853,2035
7438,r10i1p1f1,2035,05,14,0.1113711621943175,18.836176,8.258861,2035
7439,r10i1p1f1,2035,05,15,0.0,21.39349,5.321489,2035
7440,r10i1p1f1,2035,05,16,0.0,21.082216,6.77961,2035
7441,r10i1p1f1,2035,05,17,0.5040015573453466,18.56321,4.150625,2035
7442,r10i1p1f1,2035,05,18,0.0,19.42105,2.3385792,2035
7443,r10i1p1f1,2035,05,19,0.0,22.01848,7.487687,2035
7444,r10i1p1f1,2035,05,20,0.0,26.765617,9.25398,2035
7445,r10i1p1f1,2035,05,21,0.0,30.87128,14.2250185,2035
7446,r10i1p1f1,2035,05,22,0.0,33.63412,16.991446,2035
7447,r10i1p1f1,2035,05,23,0.0,34.44815,16.132198,2035
7448,r10i1p1f1,2035,05,24,0.0,35.325146,20.960436,2035
7449,r10i1p1f1,2035,05,25,0.0,36.50683,19.008356,2035
7450,r10i1p1f1,2035,05,26,0.0,33.126312,17.815607,2035
7451,r10i1p1f1,2035,05,27,0.0,32.334858,18.424335,2035
7452,r10i1p1f1,2035,05,28,0.03862388264343807,26.785639,14.90784,2035
7453,r10i1p1f1,2035,05,29,4.41147851854716,21.825912,6.7469707,2035
7454,r10i1p1f1,2035,05,30,3.7921216825117496,21.94574,7.122189,2035
7455,r10i1p1f1,2035,05,31,0.0,27.899466,13.471784,2035
7456,r10i1p1f1,2035,06,01,0.0,27.025404,11.3477335,2035
7457,r10i1p1f1,2035,06,02,1.2966537365795567,23.180008,10.182059,2035
7458,r10i1p1f1,2035,06,03,6.929223177499615,18.506699,9.19092,2035
7459,r10i1p1f1,2035,06,04,0.0,24.92484,9.9549,2035
7460,r10i1p1f1,2035,06,05,0.003563043513790226,25.5652,12.062882,2035
7461,r10i1p1f1,2035,06,06,15.545197645137945,21.368185,7.4138184,2035
7462,r10i1p1f1,2035,06,07,0.0,20.836107,6.817823,2035
7463,r10i1p1f1,2035,06,08,0.0,22.653696,7.1942973,2035
7464,r10i1p1f1,2035,06,09,0.0,26.806076,9.022308,2035
7465,r10i1p1f1,2035,06,10,0.0,30.696283,12.185361,2035
7466,r10i1p1f1,2035,06,11,0.0,32.44709,14.783952,2035
7467,r10i1p1f1,2035,06,12,1.7129411649014066,25.846807,11.012099,2035
7468,r10i1p1f1,2035,06,13,0.0,32.8319,15.260794,2035
7469,r10i1p1f1,2035,06,14,0.0,30.058842,14.783297,2035
7470,r10i1p1f1,2035,06,15,0.0,31.140882,15.620833,2035
7471,r10i1p1f1,2035,06,16,0.0,28.748732,13.187307,2035
7472,r10i1p1f1,2035,06,17,0.0,34.39739,14.317145,2035
7473,r10i1p1f1,2035,06,18,0.0,38.384796,21.0875,2035
7474,r10i1p1f1,2035,06,19,0.0,37.48156,19.691866,2035
7475,r10i1p1f1,2035,06,20,0.0,34.468502,16.830957,2035
7476,r10i1p1f1,2035,06,21,0.0,31.40278,14.927101,2035
7477,r10i1p1f1,2035,06,22,0.0,29.59357,12.648767,2035
7478,r10i1p1f1,2035,06,23,0.0,32.84652,14.493683,2035
7479,r10i1p1f1,2035,06,24,0.0,35.158024,17.16492,2035
7480,r10i1p1f1,2035,06,25,0.0,32.80329,17.11781,2035
7481,r10i1p1f1,2035,06,26,1.3261825211022944,25.206308,9.652542,2035
7482,r10i1p1f1,2035,06,27,0.0,35.389748,18.060125,2035
7483,r10i1p1f1,2035,06,28,1.0804550565521105,33.538483,17.536827,2035
7484,r10i1p1f1,2035,06,29,0.0,35.437878,17.982552,2035
7485,r10i1p1f1,2035,06,30,0.0,35.878654,18.386093,2035
7486,r10i1p1f1,2035,07,01,0.0,38.072815,20.36123,2035
7487,r10i1p1f1,2035,07,02,0.0,39.135956,24.594894,2035
7488,r10i1p1f1,2035,07,03,0.0,38.731617,20.37923,2035
7489,r10i1p1f1,2035,07,04,0.0,35.566383,16.947058,2035
7490,r10i1p1f1,2035,07,05,0.0,33.339996,15.751479,2035
7491,r10i1p1f1,2035,07,06,0.0,34.17934,17.56982,2035
7492,r10i1p1f1,2035,07,07,0.0,36.329433,18.958939,2035
7493,r10i1p1f1,2035,07,08,0.0,37.056313,19.7516,2035
7494,r10i1p1f1,2035,07,09,0.0,36.946667,20.303596,2035
7495,r10i1p1f1,2035,07,10,0.0,35.874462,19.092787,2035
7496,r10i1p1f1,2035,07,11,0.0,36.407745,18.957151,2035
7497,r10i1p1f1,2035,07,12,0.0,37.958588,20.14349,2035
7498,r10i1p1f1,2035,07,13,0.0,39.703266,22.395823,2035
7499,r10i1p1f1,2035,07,14,0.0,39.279015,22.877558,2035
7500,r10i1p1f1,2035,07,15,0.0,37.959225,20.571661,2035
7501,r10i1p1f1,2035,07,16,0.0,36.48274,19.979347,2035
7502,r10i1p1f1,2035,07,17,0.0,35.800873,17.681936,2035
7503,r10i1p1f1,2035,07,18,0.0,35.362255,20.683014,2035
7504,r10i1p1f1,2035,07,19,0.0,37.034008,20.616796,2035
7505,r10i1p1f1,2035,07,20,0.0,36.2387,19.862698,2035
7506,r10i1p1f1,2035,07,21,0.0,36.842213,19.382652,2035
7507,r10i1p1f1,2035,07,22,0.0,38.186687,20.096811,2035
7508,r10i1p1f1,2035,07,23,0.0,39.715714,22.146378,2035
7509,r10i1p1f1,2035,07,24,0.0,39.80301,23.446262,2035
7510,r10i1p1f1,2035,07,25,0.0,38.382324,21.05765,2035
7511,r10i1p1f1,2035,07,26,0.0,36.7177,20.948383,2035
7512,r10i1p1f1,2035,07,27,0.0,34.96784,19.13888,2035
7513,r10i1p1f1,2035,07,28,0.0,35.49042,18.372515,2035
7514,r10i1p1f1,2035,07,29,0.0,34.164906,16.322603,2035
7515,r10i1p1f1,2035,07,30,0.0,29.181238,12.378362,2035
7516,r10i1p1f1,2035,07,31,0.0,33.80453,16.21785,2035
7517,r10i1p1f1,2035,08,01,0.0,37.226494,20.538244,2035
7518,r10i1p1f1,2035,08,02,0.0,37.11963,19.782282,2035
7519,r10i1p1f1,2035,08,03,0.0,35.903748,19.419971,2035
7520,r10i1p1f1,2035,08,04,0.0,32.70013,15.912143,2035
7521,r10i1p1f1,2035,08,05,0.0,29.552423,13.154879,2035
7522,r10i1p1f1,2035,08,06,0.0,30.570309,13.824959,2035
7523,r10i1p1f1,2035,08,07,0.0,34.67288,16.224634,2035
7524,r10i1p1f1,2035,08,08,0.0,38.5521,19.903645,2035
7525,r10i1p1f1,2035,08,09,0.0,39.100834,21.910076,2035
7526,r10i1p1f1,2035,08,10,0.0,38.09848,21.298325,2035
7527,r10i1p1f1,2035,08,11,0.0,36.857403,19.264652,2035
7528,r10i1p1f1,2035,08,12,5.5187269853807885,32.96636,19.743286,2035
7529,r10i1p1f1,2035,08,13,1.9552507242984145,28.337238,16.04747,2035
7530,r10i1p1f1,2035,08,14,0.0,36.733036,20.066751,2035
7531,r10i1p1f1,2035,08,15,0.0,36.84834,20.530516,2035
7532,r10i1p1f1,2035,08,16,0.0,37.5054,21.02666,2035
7533,r10i1p1f1,2035,08,17,0.0,36.70232,19.654417,2035
7534,r10i1p1f1,2035,08,18,0.0,37.115326,19.110518,2035
7535,r10i1p1f1,2035,08,19,0.0,39.085556,20.848207,2035
7536,r10i1p1f1,2035,08,20,0.0,38.92923,19.974463,2035
7537,r10i1p1f1,2035,08,21,0.0,36.16843,19.028315,2035
7538,r10i1p1f1,2035,08,22,0.0,32.779495,16.987135,2035
7539,r10i1p1f1,2035,08,23,0.0,30.411888,14.798023,2035
7540,r10i1p1f1,2035,08,24,0.0,27.640076,10.645026,2035
7541,r10i1p1f1,2035,08,25,0.0,26.04616,7.545214,2035
7542,r10i1p1f1,2035,08,26,0.0,26.698431,8.449015,2035
7543,r10i1p1f1,2035,08,27,0.0,31.67832,12.429625,2035
7544,r10i1p1f1,2035,08,28,0.0,34.176693,15.371455,2035
7545,r10i1p1f1,2035,08,29,0.0,35.118298,15.944063,2035
7546,r10i1p1f1,2035,08,30,0.0,33.795197,15.5733595,2035
7547,r10i1p1f1,2035,08,31,0.0,34.094593,16.335625,2035
7548,r10i1p1f1,2035,09,01,0.0,29.889774,12.015606,2035
7549,r10i1p1f1,2035,09,02,0.0,28.90962,11.881206,2035
7550,r10i1p1f1,2035,09,03,0.0,31.73139,13.847974,2035
7551,r10i1p1f1,2035,09,04,0.0,32.603237,15.923807,2035
7552,r10i1p1f1,2035,09,05,0.0,31.987751,14.475798,2035
7553,r10i1p1f1,2035,09,06,0.0,30.163843,13.306838,2035
7554,r10i1p1f1,2035,09,07,0.0,29.762445,12.867006,2035
7555,r10i1p1f1,2035,09,08,0.0,29.911108,11.79416,2035
7556,r10i1p1f1,2035,09,09,0.0,29.370695,12.281955,2035
7557,r10i1p1f1,2035,09,10,0.0,28.086407,12.235893,2035
7558,r10i1p1f1,2035,09,11,0.0,28.307518,10.647209,2035
7559,r10i1p1f1,2035,09,12,0.0,30.18821,14.201461,2035
7560,r10i1p1f1,2035,09,13,0.0,30.098291,13.471518,2035
7561,r10i1p1f1,2035,09,14,0.0,27.076696,11.605652,2035
7562,r10i1p1f1,2035,09,15,0.0,24.509249,8.546111,2035
7563,r10i1p1f1,2035,09,16,0.0,30.608755,10.846551,2035
7564,r10i1p1f1,2035,09,17,0.0,30.404734,13.257347,2035
7565,r10i1p1f1,2035,09,18,0.0,26.333288,9.202684,2035
7566,r10i1p1f1,2035,09,19,0.10383418560099687,21.68006,6.2323384,2035
7567,r10i1p1f1,2035,09,20,0.0,23.473589,7.1525207,2035
7568,r10i1p1f1,2035,09,21,0.0,30.36515,12.245209,2035
7569,r10i1p1f1,2035,09,22,0.0,32.572166,15.96548,2035
7570,r10i1p1f1,2035,09,23,0.0,31.000296,13.644714,2035
7571,r10i1p1f1,2035,09,24,0.0,29.37669,11.747316,2035
7572,r10i1p1f1,2035,09,25,0.0,34.96457,17.743597,2035
7573,r10i1p1f1,2035,09,26,0.0,37.862938,19.418596,2035
7574,r10i1p1f1,2035,09,27,0.0,38.053936,21.244888,2035
7575,r10i1p1f1,2035,09,28,0.0,37.13051,21.071829,2035
7576,r10i1p1f1,2035,09,29,0.0,29.718895,15.170492,2035
7577,r10i1p1f1,2035,09,30,0.0,25.321156,11.916987,2035
7578,r10i1p1f1,2035,10,01,0.0,24.012491,9.800572,2035
7579,r10i1p1f1,2035,10,02,1.3850400569074401,22.662443,9.324736,2035
7580,r10i1p1f1,2035,10,03,12.337509306120122,20.453266,4.898815,2035
7581,r10i1p1f1,2035,10,04,0.0,25.088871,8.323921,2035
7582,r10i1p1f1,2035,10,05,0.0,29.359648,11.594165,2035
7583,r10i1p1f1,2035,10,06,0.0,33.05159,16.211933,2035
7584,r10i1p1f1,2035,10,07,0.0,32.448627,15.47632,2035
7585,r10i1p1f1,2035,10,08,0.0,31.850248,16.221737,2035
7586,r10i1p1f1,2035,10,09,0.0,29.726273,15.088891,2035
7587,r10i1p1f1,2035,10,10,0.0,24.735685,10.785632,2035
7588,r10i1p1f1,2035,10,11,0.0,23.400354,7.1657166,2035
7589,r10i1p1f1,2035,10,12,0.0,14.64962,2.5568101,2035
7590,r10i1p1f1,2035,10,13,0.0,15.100156,1.1927857,2035
7591,r10i1p1f1,2035,10,14,0.0,15.452465,1.5905557,2035
7592,r10i1p1f1,2035,10,15,0.0,16.604712,2.9757698,2035
7593,r10i1p1f1,2035,10,16,0.0,23.404211,8.159728,2035
7594,r10i1p1f1,2035,10,17,0.0,24.894318,8.119173,2035
7595,r10i1p1f1,2035,10,18,0.0,24.440962,8.506971,2035
7596,r10i1p1f1,2035,10,19,0.0,22.528591,6.961588,2035
7597,r10i1p1f1,2035,10,20,0.0,24.692947,8.695034,2035
7598,r10i1p1f1,2035,10,21,0.0,26.374079,10.290966,2035
7599,r10i1p1f1,2035,10,22,0.0,29.558992,10.531144,2035
7600,r10i1p1f1,2035,10,23,0.0,29.655888,13.312321,2035
7601,r10i1p1f1,2035,10,24,0.0,27.991741,13.506023,2035
7602,r10i1p1f1,2035,10,25,0.0,27.105667,12.567254,2035
7603,r10i1p1f1,2035,10,26,0.0,26.803608,12.063052,2035
7604,r10i1p1f1,2035,10,27,0.0,26.297388,12.214994,2035
7605,r10i1p1f1,2035,10,28,0.0,24.787844,11.807195,2035
7606,r10i1p1f1,2035,10,29,0.0,22.003647,5.353231,2035
7607,r10i1p1f1,2035,10,30,0.016819792456676384,21.157734,7.771727,2035
7608,r10i1p1f1,2035,10,31,0.0,24.891294,7.7850976,2035
7609,r10i1p1f1,2035,11,01,0.0,26.080605,11.227693,2035
7610,r10i1p1f1,2035,11,02,0.0,25.465633,10.745867,2035
7611,r10i1p1f1,2035,11,03,0.0,24.034142,7.973593,2035
7612,r10i1p1f1,2035,11,04,0.0,23.06442,9.697752,2035
7613,r10i1p1f1,2035,11,05,0.0058554290807191324,24.458958,8.016955,2035
7614,r10i1p1f1,2035,11,06,0.0,25.891666,7.1972256,2035
7615,r10i1p1f1,2035,11,07,0.3863942926009737,26.037123,10.910945,2035
7616,r10i1p1f1,2035,11,08,0.0,21.932777,7.040129,2035
7617,r10i1p1f1,2035,11,09,0.0,24.7658,8.544807,2035
7618,r10i1p1f1,2035,11,10,0.0,30.313227,10.937798,2035
7619,r10i1p1f1,2035,11,11,0.0,30.491217,13.491946,2035
7620,r10i1p1f1,2035,11,12,0.0,28.817194,12.393166,2035
7621,r10i1p1f1,2035,11,13,0.0,28.031912,11.003263,2035
7622,r10i1p1f1,2035,11,14,0.0,22.032728,11.181463,2035
7623,r10i1p1f1,2035,11,15,0.08409082388664645,16.426386,0.5861997,2035
7624,r10i1p1f1,2035,11,16,13.535928169240881,7.5025215,0.73950195,2035
7625,r10i1p1f1,2035,11,17,4.1325657939093,6.3542833,0.53149176,2035
7626,r10i1p1f1,2035,11,18,0.0,12.91864,-1.1863647,2035
7627,r10i1p1f1,2035,11,19,0.0,15.0671835,0.37545115,2035
7628,r10i1p1f1,2035,11,20,0.07764064111693426,12.714663,-0.6230067,2035
7629,r10i1p1f1,2035,11,21,21.453150251947687,6.867578,0.26734442,2035
7630,r10i1p1f1,2035,11,22,0.6044857065717224,10.6147585,-2.0552905,2035
7631,r10i1p1f1,2035,11,23,3.3991599954166114,9.392801,-0.43787083,2035
7632,r10i1p1f1,2035,11,24,1.623230500081263,12.883,1.2359746,2035
7633,r10i1p1f1,2035,11,25,0.0,15.628558,0.6213997,2035
7634,r10i1p1f1,2035,11,26,0.0,13.334377,-0.56568485,2035
7635,r10i1p1f1,2035,11,27,0.0,15.411504,0.23940758,2035
7636,r10i1p1f1,2035,11,28,0.0,18.099463,0.24204154,2035
7637,r10i1p1f1,2035,11,29,0.0,15.328845,2.918766,2035
7638,r10i1p1f1,2035,11,30,0.0,13.257254,5.0966654,2035
7639,r10i1p1f1,2035,12,01,0.0,15.501126,3.8797638,2035
7640,r10i1p1f1,2035,12,02,0.0,14.123808,1.7689232,2035
7641,r10i1p1f1,2035,12,03,0.0,11.776076,2.3362088,2035
7642,r10i1p1f1,2035,12,04,2.105692617787051,10.903295,-1.8730627,2035
7643,r10i1p1f1,2035,12,05,27.12470768172735,5.5843463,0.87486506,2035
7644,r10i1p1f1,2035,12,06,0.7654663133675249,5.6436453,0.0011106792,2035
7645,r10i1p1f1,2035,12,07,0.0,7.393455,-6.2718143,2035
7646,r10i1p1f1,2035,12,08,8.597456693084832,5.6460743,0.36997083,2035
7647,r10i1p1f1,2035,12,09,73.14337075283555,10.479704,1.1394252,2035
7648,r10i1p1f1,2035,12,10,47.36626545046946,13.396382,4.164786,2035
7649,r10i1p1f1,2035,12,11,57.42927373809691,17.1772,3.719941,2035
7650,r10i1p1f1,2035,12,12,14.38924774924281,7.176929,1.0717014,2035
7651,r10i1p1f1,2035,12,13,35.71545821829013,9.452538,2.8681061,2035
7652,r10i1p1f1,2035,12,14,80.33469350346805,13.748134,3.7529056,2035
7653,r10i1p1f1,2035,12,15,27.02098163825117,9.36876,-0.32777184,2035
7654,r10i1p1f1,2035,12,16,2.929581634299738,3.8837585,-2.6437473,2035
7655,r10i1p1f1,2035,12,17,0.0,5.017126,-5.3859735,2035
7656,r10i1p1f1,2035,12,18,7.898734841269049,3.8811004,-2.8514857,2035
7657,r10i1p1f1,2035,12,19,1.7369876597608949,9.126297,-0.3195835,2035
7658,r10i1p1f1,2035,12,20,23.705371024123835,12.48981,6.2429237,2035
7659,r10i1p1f1,2035,12,21,6.502798866935528,8.669751,-0.4521119,2035
7660,r10i1p1f1,2035,12,22,12.728209533164964,4.6889014,-0.42038286,2035
7661,r10i1p1f1,2035,12,23,4.689261243469159,3.9783688,-1.3467957,2035
7662,r10i1p1f1,2035,12,24,0.0,3.049783,-1.4441563,2035
7663,r10i1p1f1,2035,12,25,0.0,2.6236346,-9.178444,2035
7664,r10i1p1f1,2035,12,26,0.0,4.9539275,-7.879059,2035
7665,r10i1p1f1,2035,12,27,20.143555318875435,4.1046147,-5.1716166,2035
7666,r10i1p1f1,2035,12,28,23.217813393076586,3.688022,-0.40465525,2035
7667,r10i1p1f1,2035,12,29,5.6110294050780025,4.6767297,-0.9472251,2035
7668,r10i1p1f1,2035,12,30,0.0,4.1595087,-7.458895,2035
7669,r10i1p1f1,2035,12,31,0.0,4.3424277,-7.737026,2035
7670,r10i1p1f1,2036,01,01,0.0,7.1518555,-4.0558,2036
7671,r10i1p1f1,2036,01,02,0.0,9.794955,-2.1814587,2036
7672,r10i1p1f1,2036,01,03,0.0,10.240885,-2.4089043,2036
7673,r10i1p1f1,2036,01,04,0.0,10.143994,-1.5185667,2036
7674,r10i1p1f1,2036,01,05,0.0,13.303065,5.506939,2036
7675,r10i1p1f1,2036,01,06,0.0,17.514591,4.0202107,2036
7676,r10i1p1f1,2036,01,07,0.0,14.579252,3.309649,2036
7677,r10i1p1f1,2036,01,08,0.0,13.197823,5.9816003,2036
7678,r10i1p1f1,2036,01,09,0.0,14.665511,3.6220732,2036
7679,r10i1p1f1,2036,01,10,0.0,18.513252,4.4279604,2036
7680,r10i1p1f1,2036,01,11,0.0,15.850933,4.9025044,2036
7681,r10i1p1f1,2036,01,12,0.0,14.466408,3.1396103,2036
7682,r10i1p1f1,2036,01,13,0.0,14.898396,5.0374894,2036
7683,r10i1p1f1,2036,01,14,0.0,18.134544,5.3323655,2036
7684,r10i1p1f1,2036,01,15,0.0,19.635288,7.1321573,2036
7685,r10i1p1f1,2036,01,16,0.0,19.360834,6.8068223,2036
7686,r10i1p1f1,2036,01,17,0.0,19.070198,6.2231984,2036
7687,r10i1p1f1,2036,01,18,0.0,19.817541,6.906316,2036
7688,r10i1p1f1,2036,01,19,0.0,19.20419,6.6515856,2036
7689,r10i1p1f1,2036,01,20,0.0,19.104956,6.9566193,2036
7690,r10i1p1f1,2036,01,21,0.0,17.50495,5.1364117,2036
7691,r10i1p1f1,2036,01,22,0.0,14.735101,5.42888,2036
7692,r10i1p1f1,2036,01,23,0.0,16.606613,4.234036,2036
7693,r10i1p1f1,2036,01,24,0.0,16.618114,5.4488525,2036
7694,r10i1p1f1,2036,01,25,0.0,16.218845,6.9394484,2036
7695,r10i1p1f1,2036,01,26,0.0,15.774579,8.653166,2036
7696,r10i1p1f1,2036,01,27,0.0,18.419357,8.517559,2036
7697,r10i1p1f1,2036,01,28,0.0,18.79329,7.9569798,2036
7698,r10i1p1f1,2036,01,29,0.0,17.401564,6.167271,2036
7699,r10i1p1f1,2036,01,30,22.129818246895937,16.076473,8.8794985,2036
7700,r10i1p1f1,2036,01,31,0.3581499563097168,14.427789,5.087518,2036
7701,r10i1p1f1,2036,02,01,71.81547112873216,15.038999,6.5943604,2036
7702,r10i1p1f1,2036,02,02,8.785202921631265,15.119082,9.883061,2036
7703,r10i1p1f1,2036,02,03,19.949003026397946,16.029306,9.427133,2036
7704,r10i1p1f1,2036,02,04,57.911370697088145,15.335022,12.595253,2036
7705,r10i1p1f1,2036,02,05,1.4283618547779042,16.320452,10.355323,2036
7706,r10i1p1f1,2036,02,06,24.058045146184188,17.311325,6.9133406,2036
7707,r10i1p1f1,2036,02,07,0.0,11.923169,3.9861486,2036
7708,r10i1p1f1,2036,02,08,0.0,12.220804,0.2901059,2036
7709,r10i1p1f1,2036,02,09,0.1649730211188159,11.079426,2.3851106,2036
7710,r10i1p1f1,2036,02,10,0.23566517547327462,9.521396,2.0025454,2036
7711,r10i1p1f1,2036,02,11,0.0,9.473113,-0.79596347,2036
7712,r10i1p1f1,2036,02,12,0.0,10.304925,-1.7085075,2036
7713,r10i1p1f1,2036,02,13,0.0,10.829002,-0.8980265,2036
7714,r10i1p1f1,2036,02,14,0.0,12.479973,-0.55447507,2036
7715,r10i1p1f1,2036,02,15,0.0,15.708965,0.37750927,2036
7716,r10i1p1f1,2036,02,16,0.0,14.359831,0.5736106,2036
7717,r10i1p1f1,2036,02,17,0.0,12.559418,0.37179404,2036
7718,r10i1p1f1,2036,02,18,0.0,14.5326605,1.9633173,2036
7719,r10i1p1f1,2036,02,19,0.0,16.11041,2.5853555,2036
7720,r10i1p1f1,2036,02,20,0.0,15.4137335,2.385018,2036
7721,r10i1p1f1,2036,02,21,0.0,14.219132,1.5098644,2036
7722,r10i1p1f1,2036,02,22,0.0,14.074428,0.2973418,2036
7723,r10i1p1f1,2036,02,23,16.305697006158113,9.922732,-1.0529466,2036
7724,r10i1p1f1,2036,02,24,9.484156082697538,9.082052,3.5753703,2036
7725,r10i1p1f1,2036,02,25,4.668680357798094,9.999798,-0.49639893,2036
7726,r10i1p1f1,2036,02,26,0.0,13.667331,-0.08025099,2036
7727,r10i1p1f1,2036,02,27,0.0,15.890458,1.4813375,2036
7728,r10i1p1f1,2036,02,28,0.0,16.520674,3.015384,2036
7729,r10i1p1f1,2036,02,29,0.0,16.030937,2.4005752,2036
7730,r10i1p1f1,2036,03,01,0.0,14.999854,0.29185385,2036
7731,r10i1p1f1,2036,03,02,2.4803497676513966,9.427948,0.25929922,2036
7732,r10i1p1f1,2036,03,03,11.538673124653686,4.877275,0.6676316,2036
7733,r10i1p1f1,2036,03,04,2.740114227947886,5.9508023,-1.817751,2036
7734,r10i1p1f1,2036,03,05,29.984748170337344,9.126643,-0.5628672,2036
7735,r10i1p1f1,2036,03,06,0.0,12.702029,-2.678615,2036
7736,r10i1p1f1,2036,03,07,0.0,12.848875,0.009688528,2036
7737,r10i1p1f1,2036,03,08,0.0,13.898964,-0.14526708,2036
7738,r10i1p1f1,2036,03,09,0.0,13.779043,-0.8921868,2036
7739,r10i1p1f1,2036,03,10,1.7682630996971151,13.384467,1.6418622,2036
7740,r10i1p1f1,2036,03,11,1.1066569815068903,8.423669,3.0766175,2036
7741,r10i1p1f1,2036,03,12,0.0,13.813584,-1.0192297,2036
7742,r10i1p1f1,2036,03,13,0.0,16.248571,1.4535033,2036
7743,r10i1p1f1,2036,03,14,0.0,15.768559,3.5366428,2036
7744,r10i1p1f1,2036,03,15,4.363156605655891,13.733899,6.7161727,2036
7745,r10i1p1f1,2036,03,16,5.934572743066575,11.838876,6.183308,2036
7746,r10i1p1f1,2036,03,17,0.8933699716635601,17.887344,4.5297713,2036
7747,r10i1p1f1,2036,03,18,21.273869052253616,16.54432,5.218086,2036
7748,r10i1p1f1,2036,03,19,15.910783061285896,12.9010105,5.914888,2036
7749,r10i1p1f1,2036,03,20,0.0,19.201998,1.9948598,2036
7750,r10i1p1f1,2036,03,21,0.0,21.468338,6.104517,2036
7751,r10i1p1f1,2036,03,22,0.0,22.376104,6.6361194,2036
7752,r10i1p1f1,2036,03,23,0.0,22.152386,8.64695,2036
7753,r10i1p1f1,2036,03,24,2.090180117695514,17.038668,5.356938,2036
7754,r10i1p1f1,2036,03,25,0.0,18.363775,5.266282,2036
7755,r10i1p1f1,2036,03,26,0.3283728847236489,15.464942,7.5910363,2036
7756,r10i1p1f1,2036,03,27,33.573677729030976,15.3406725,9.926247,2036
7757,r10i1p1f1,2036,03,28,31.912939112915314,14.701538,8.346948,2036
7758,r10i1p1f1,2036,03,29,2.0187769236204796,12.411246,1.8986878,2036
7759,r10i1p1f1,2036,03,30,0.0,14.457712,0.7035735,2036
7760,r10i1p1f1,2036,03,31,0.0,15.84907,-0.28567848,2036
7761,r10i1p1f1,2036,04,01,0.0,19.322443,2.6563852,2036
7762,r10i1p1f1,2036,04,02,0.0,22.546936,4.510201,2036
7763,r10i1p1f1,2036,04,03,0.0,23.729036,6.270218,2036
7764,r10i1p1f1,2036,04,04,1.6359085312663075,20.75264,6.1140804,2036
7765,r10i1p1f1,2036,04,05,7.31947268527859,10.847681,4.228622,2036
7766,r10i1p1f1,2036,04,06,0.9042209086290217,13.228976,3.4202518,2036
7767,r10i1p1f1,2036,04,07,0.0,18.022375,0.9802776,2036
7768,r10i1p1f1,2036,04,08,0.0,17.376453,4.9468102,2036
7769,r10i1p1f1,2036,04,09,0.0,19.6581,4.133344,2036
7770,r10i1p1f1,2036,04,10,12.735551629540216,16.884537,3.962734,2036
7771,r10i1p1f1,2036,04,11,1.2137886228294137,13.042734,0.7958687,2036
7772,r10i1p1f1,2036,04,12,0.0,20.301626,3.6350057,2036
7773,r10i1p1f1,2036,04,13,0.0,20.385157,7.615449,2036
7774,r10i1p1f1,2036,04,14,0.0,19.546442,8.428283,2036
7775,r10i1p1f1,2036,04,15,0.0,18.800714,5.9473386,2036
7776,r10i1p1f1,2036,04,16,6.584449215963679,16.03488,3.4300103,2036
7777,r10i1p1f1,2036,04,17,0.05054495281671591,15.587325,6.8505907,2036
7778,r10i1p1f1,2036,04,18,2.692965898792241,15.25734,9.320508,2036
7779,r10i1p1f1,2036,04,19,4.662306667466366,15.565725,10.075243,2036
7780,r10i1p1f1,2036,04,20,0.0,19.600395,4.932953,2036
7781,r10i1p1f1,2036,04,21,0.0,23.56999,7.6442122,2036
7782,r10i1p1f1,2036,04,22,0.0,26.529837,10.199658,2036
7783,r10i1p1f1,2036,04,23,0.0,24.04824,11.485722,2036
7784,r10i1p1f1,2036,04,24,0.0,19.571375,5.1489863,2036
7785,r10i1p1f1,2036,04,25,0.0,24.49418,8.069232,2036
7786,r10i1p1f1,2036,04,26,0.0,24.498878,9.221347,2036
7787,r10i1p1f1,2036,04,27,0.0,22.920012,9.453953,2036
7788,r10i1p1f1,2036,04,28,0.0,25.126953,10.819193,2036
7789,r10i1p1f1,2036,04,29,0.0,26.653429,11.737871,2036
7790,r10i1p1f1,2036,04,30,0.0,25.983109,9.860034,2036
7791,r10i1p1f1,2036,05,01,0.0,27.745235,9.800397,2036
7792,r10i1p1f1,2036,05,02,0.0,28.144789,14.705686,2036
7793,r10i1p1f1,2036,05,03,0.2603590392314608,22.3053,10.907103,2036
7794,r10i1p1f1,2036,05,04,0.2620496880569446,21.027918,5.598035,2036
7795,r10i1p1f1,2036,05,05,0.0,29.456646,13.38555,2036
7796,r10i1p1f1,2036,05,06,0.0,30.580036,14.577764,2036
7797,r10i1p1f1,2036,05,07,0.0,30.0701,15.516017,2036
7798,r10i1p1f1,2036,05,08,0.0,27.370686,10.40406,2036
7799,r10i1p1f1,2036,05,09,0.0,24.863964,10.175128,2036
7800,r10i1p1f1,2036,05,10,0.0,29.669449,13.926506,2036
7801,r10i1p1f1,2036,05,11,0.0,31.814945,15.488654,2036
7802,r10i1p1f1,2036,05,12,0.0,32.02056,15.538001,2036
7803,r10i1p1f1,2036,05,13,0.0,31.632652,16.295513,2036
7804,r10i1p1f1,2036,05,14,0.0,30.450918,15.266473,2036
7805,r10i1p1f1,2036,05,15,0.0,32.708828,16.044569,2036
7806,r10i1p1f1,2036,05,16,0.0,33.8862,17.281393,2036
7807,r10i1p1f1,2036,05,17,0.0,34.500175,18.12169,2036
7808,r10i1p1f1,2036,05,18,0.0,33.556534,15.404283,2036
7809,r10i1p1f1,2036,05,19,0.0,24.44987,8.720492,2036
7810,r10i1p1f1,2036,05,20,0.0,23.054747,6.773725,2036
7811,r10i1p1f1,2036,05,21,0.0,23.025871,8.988852,2036
7812,r10i1p1f1,2036,05,22,0.0,22.692598,5.639916,2036
7813,r10i1p1f1,2036,05,23,0.0,23.97389,8.943779,2036
7814,r10i1p1f1,2036,05,24,0.0,21.978874,8.477531,2036
7815,r10i1p1f1,2036,05,25,0.0,22.329079,8.759319,2036
7816,r10i1p1f1,2036,05,26,0.0,22.050362,9.304344,2036
7817,r10i1p1f1,2036,05,27,0.0,21.911728,6.223167,2036
7818,r10i1p1f1,2036,05,28,0.0,24.273767,8.67137,2036
7819,r10i1p1f1,2036,05,29,0.0,25.546059,10.658702,2036
7820,r10i1p1f1,2036,05,30,0.0,24.55979,9.569508,2036
7821,r10i1p1f1,2036,05,31,0.0,24.291702,10.156851,2036
7822,r10i1p1f1,2036,06,01,0.0,23.632421,6.5062594,2036
7823,r10i1p1f1,2036,06,02,0.0,20.157354,4.7372174,2036
7824,r10i1p1f1,2036,06,03,0.0,20.675093,4.3669066,2036
7825,r10i1p1f1,2036,06,04,0.0,20.48575,3.3370175,2036
7826,r10i1p1f1,2036,06,05,0.0,26.615808,7.7882113,2036
7827,r10i1p1f1,2036,06,06,0.0,25.98774,8.054169,2036
7828,r10i1p1f1,2036,06,07,0.0,23.266506,9.876055,2036
7829,r10i1p1f1,2036,06,08,0.0,25.820946,10.537125,2036
7830,r10i1p1f1,2036,06,09,0.0,25.830683,8.953113,2036
7831,r10i1p1f1,2036,06,10,1.094418604428651,21.950085,10.53645,2036
7832,r10i1p1f1,2036,06,11,8.166762194377952,17.051123,10.355954,2036
7833,r10i1p1f1,2036,06,12,8.743157342963203,17.939196,6.8139763,2036
7834,r10i1p1f1,2036,06,13,0.3649151072175683,23.673166,7.903176,2036
7835,r10i1p1f1,2036,06,14,0.0,23.653296,10.447076,2036
7836,r10i1p1f1,2036,06,15,0.0,23.585182,12.625956,2036
7837,r10i1p1f1,2036,06,16,0.014823148644369977,23.77127,12.410225,2036
7838,r10i1p1f1,2036,06,17,0.0,27.65104,11.693751,2036
7839,r10i1p1f1,2036,06,18,0.0,29.878714,11.891882,2036
7840,r10i1p1f1,2036,06,19,0.0,30.399405,14.208735,2036
7841,r10i1p1f1,2036,06,20,0.0,30.546198,12.726519,2036
7842,r10i1p1f1,2036,06,21,0.0,32.178783,14.742627,2036
7843,r10i1p1f1,2036,06,22,0.0,32.29755,14.942395,2036
7844,r10i1p1f1,2036,06,23,0.0,31.365896,14.998998,2036
7845,r10i1p1f1,2036,06,24,0.0,28.863329,11.519348,2036
7846,r10i1p1f1,2036,06,25,0.0,31.145283,13.342273,2036
7847,r10i1p1f1,2036,06,26,0.0,30.448689,15.698916,2036
7848,r10i1p1f1,2036,06,27,0.0,28.69723,12.787906,2036
7849,r10i1p1f1,2036,06,28,0.0,28.108309,10.683938,2036
7850,r10i1p1f1,2036,06,29,0.0,32.122707,15.103869,2036
7851,r10i1p1f1,2036,06,30,0.0,33.75742,17.480347,2036
7852,r10i1p1f1,2036,07,01,0.0,32.72522,16.71258,2036
7853,r10i1p1f1,2036,07,02,0.0,36.80417,17.580906,2036
7854,r10i1p1f1,2036,07,03,0.0,36.79573,21.101591,2036
7855,r10i1p1f1,2036,07,04,0.0,35.95973,20.728386,2036
7856,r10i1p1f1,2036,07,05,0.0,34.232063,18.866705,2036
7857,r10i1p1f1,2036,07,06,0.0,31.450394,16.785301,2036
7858,r10i1p1f1,2036,07,07,0.0,29.71785,14.249554,2036
7859,r10i1p1f1,2036,07,08,0.0,35.89678,17.369514,2036
7860,r10i1p1f1,2036,07,09,0.0,35.992676,19.4887,2036
7861,r10i1p1f1,2036,07,10,0.0,35.99915,20.472363,2036
7862,r10i1p1f1,2036,07,11,0.0,36.430145,20.454517,2036
7863,r10i1p1f1,2036,07,12,0.0,36.240417,20.334904,2036
7864,r10i1p1f1,2036,07,13,0.0,36.676434,19.51752,2036
7865,r10i1p1f1,2036,07,14,0.0,37.33896,21.130367,2036
7866,r10i1p1f1,2036,07,15,0.0,36.913464,19.861652,2036
7867,r10i1p1f1,2036,07,16,0.0,36.30641,19.445524,2036
7868,r10i1p1f1,2036,07,17,0.0,35.751266,20.03501,2036
7869,r10i1p1f1,2036,07,18,0.0,35.496998,18.506453,2036
7870,r10i1p1f1,2036,07,19,0.0,35.56086,21.308558,2036
7871,r10i1p1f1,2036,07,20,0.0,38.95775,21.668411,2036
7872,r10i1p1f1,2036,07,21,0.0,39.060226,23.481043,2036
7873,r10i1p1f1,2036,07,22,0.0,39.373966,22.103588,2036
7874,r10i1p1f1,2036,07,23,0.0,38.88066,22.094374,2036
7875,r10i1p1f1,2036,07,24,0.0,36.356922,22.319838,2036
7876,r10i1p1f1,2036,07,25,0.0,36.250282,20.149702,2036
7877,r10i1p1f1,2036,07,26,0.0,35.537193,19.120918,2036
7878,r10i1p1f1,2036,07,27,0.0,35.82253,18.475937,2036
7879,r10i1p1f1,2036,07,28,0.0,35.18039,19.583952,2036
7880,r10i1p1f1,2036,07,29,0.0,34.166363,16.65603,2036
7881,r10i1p1f1,2036,07,30,0.0,34.54864,16.449677,2036
7882,r10i1p1f1,2036,07,31,0.0,36.88088,18.3344,2036
7883,r10i1p1f1,2036,08,01,0.0,37.39329,20.874743,2036
7884,r10i1p1f1,2036,08,02,0.0,36.8915,16.894382,2036
7885,r10i1p1f1,2036,08,03,0.0,30.151691,13.012077,2036
7886,r10i1p1f1,2036,08,04,0.0,28.870386,11.972619,2036
7887,r10i1p1f1,2036,08,05,0.0,32.03857,13.624014,2036
7888,r10i1p1f1,2036,08,06,0.0,31.285547,14.492383,2036
7889,r10i1p1f1,2036,08,07,0.0,27.702026,11.923083,2036
7890,r10i1p1f1,2036,08,08,0.0,26.352674,10.222203,2036
7891,r10i1p1f1,2036,08,09,0.0,26.055922,9.8696785,2036
7892,r10i1p1f1,2036,08,10,0.0,28.666275,9.720672,2036
7893,r10i1p1f1,2036,08,11,0.0,32.521023,13.8221035,2036
7894,r10i1p1f1,2036,08,12,0.0,31.752497,15.0815,2036
7895,r10i1p1f1,2036,08,13,0.0,32.4628,15.408797,2036
7896,r10i1p1f1,2036,08,14,0.0,35.72784,16.774572,2036
7897,r10i1p1f1,2036,08,15,0.0,36.079086,18.809107,2036
7898,r10i1p1f1,2036,08,16,0.0,36.680294,20.09352,2036
7899,r10i1p1f1,2036,08,17,0.0,35.60786,19.559189,2036
7900,r10i1p1f1,2036,08,18,0.0,33.90152,17.66431,2036
7901,r10i1p1f1,2036,08,19,0.0,35.442238,17.396084,2036
7902,r10i1p1f1,2036,08,20,0.0,34.80955,17.323053,2036
7903,r10i1p1f1,2036,08,21,0.0,33.252834,16.274677,2036
7904,r10i1p1f1,2036,08,22,0.0,33.426525,16.637995,2036
7905,r10i1p1f1,2036,08,23,0.0,34.80958,17.245703,2036
7906,r10i1p1f1,2036,08,24,0.0,33.861492,15.170694,2036
7907,r10i1p1f1,2036,08,25,0.0,33.2277,15.694294,2036
7908,r10i1p1f1,2036,08,26,0.0,31.58214,14.943345,2036
7909,r10i1p1f1,2036,08,27,0.0,32.08336,13.130938,2036
7910,r10i1p1f1,2036,08,28,0.0,33.147457,14.938937,2036
7911,r10i1p1f1,2036,08,29,0.0,33.69472,16.851866,2036
7912,r10i1p1f1,2036,08,30,0.0,32.90998,15.202263,2036
7913,r10i1p1f1,2036,08,31,0.0,30.479713,12.953575,2036
7914,r10i1p1f1,2036,09,01,0.0,33.332897,17.798872,2036
7915,r10i1p1f1,2036,09,02,0.0,36.198975,20.201614,2036
7916,r10i1p1f1,2036,09,03,0.0,36.612904,18.738716,2036
7917,r10i1p1f1,2036,09,04,0.0,34.33833,17.470787,2036
7918,r10i1p1f1,2036,09,05,0.0,32.862408,17.425653,2036
7919,r10i1p1f1,2036,09,06,0.0,28.961866,13.877605,2036
7920,r10i1p1f1,2036,09,07,0.0,28.107483,13.143613,2036
7921,r10i1p1f1,2036,09,08,0.0,26.566208,11.866018,2036
7922,r10i1p1f1,2036,09,09,1.219847062527965,23.112686,9.501882,2036
7923,r10i1p1f1,2036,09,10,0.3312904645243084,23.474014,4.773136,2036
7924,r10i1p1f1,2036,09,11,0.0,28.25971,10.995803,2036
7925,r10i1p1f1,2036,09,12,0.0,33.78847,16.09418,2036
7926,r10i1p1f1,2036,09,13,0.0,35.435925,16.81041,2036
7927,r10i1p1f1,2036,09,14,0.0,34.612896,19.292822,2036
7928,r10i1p1f1,2036,09,15,0.0,31.123034,18.63153,2036
7929,r10i1p1f1,2036,09,16,0.0,31.518442,15.178237,2036
7930,r10i1p1f1,2036,09,17,0.0,30.076458,13.136697,2036
7931,r10i1p1f1,2036,09,18,0.0,28.117315,11.661481,2036
7932,r10i1p1f1,2036,09,19,0.0,26.793474,11.160428,2036
7933,r10i1p1f1,2036,09,20,0.0,25.562365,8.401545,2036
7934,r10i1p1f1,2036,09,21,0.0,26.857372,10.110706,2036
7935,r10i1p1f1,2036,09,22,0.0,30.736261,13.386053,2036
7936,r10i1p1f1,2036,09,23,0.0,29.77238,15.006866,2036
7937,r10i1p1f1,2036,09,24,0.0,28.565424,15.12664,2036
7938,r10i1p1f1,2036,09,25,0.0,29.385767,15.197528,2036
7939,r10i1p1f1,2036,09,26,0.0,27.737347,11.41451,2036
7940,r10i1p1f1,2036,09,27,0.0,32.276264,16.180609,2036
7941,r10i1p1f1,2036,09,28,0.0,34.717175,18.218613,2036
7942,r10i1p1f1,2036,09,29,0.0,34.397995,19.321201,2036
7943,r10i1p1f1,2036,09,30,0.0,33.821686,18.612768,2036
7944,r10i1p1f1,2036,10,01,0.0,33.761105,16.526705,2036
7945,r10i1p1f1,2036,10,02,0.0,32.228504,16.846428,2036
7946,r10i1p1f1,2036,10,03,0.0,30.033766,14.9261875,2036
7947,r10i1p1f1,2036,10,04,0.0,30.002775,13.651576,2036
7948,r10i1p1f1,2036,10,05,0.0,30.875544,14.618885,2036
7949,r10i1p1f1,2036,10,06,0.0,29.787584,14.603366,2036
7950,r10i1p1f1,2036,10,07,0.0,27.497051,11.727609,2036
7951,r10i1p1f1,2036,10,08,0.0,26.459227,12.272137,2036
7952,r10i1p1f1,2036,10,09,0.0,23.002584,9.553759,2036
7953,r10i1p1f1,2036,10,10,0.0,19.426193,7.402001,2036
7954,r10i1p1f1,2036,10,11,0.0,16.481068,5.941513,2036
7955,r10i1p1f1,2036,10,12,11.061673814631495,17.877975,7.693753,2036
7956,r10i1p1f1,2036,10,13,0.9526783560431795,17.696754,5.0992928,2036
7957,r10i1p1f1,2036,10,14,0.8955907572750508,22.46527,6.6683617,2036
7958,r10i1p1f1,2036,10,15,0.12146024225665697,21.894024,7.4404874,2036
7959,r10i1p1f1,2036,10,16,0.0,21.348644,8.112943,2036
7960,r10i1p1f1,2036,10,17,0.0,24.164633,8.582099,2036
7961,r10i1p1f1,2036,10,18,0.0,26.053888,10.544351,2036
7962,r10i1p1f1,2036,10,19,0.0,27.861357,11.6223345,2036
7963,r10i1p1f1,2036,10,20,0.0,30.448082,13.013884,2036
7964,r10i1p1f1,2036,10,21,0.0,30.711084,15.759439,2036
7965,r10i1p1f1,2036,10,22,0.0,30.402775,16.359991,2036
7966,r10i1p1f1,2036,10,23,0.0,27.46211,13.361508,2036
7967,r10i1p1f1,2036,10,24,0.0,29.53017,14.633606,2036
7968,r10i1p1f1,2036,10,25,0.0,28.680363,12.91856,2036
7969,r10i1p1f1,2036,10,26,0.0,31.575787,13.912532,2036
7970,r10i1p1f1,2036,10,27,0.0,31.719662,14.071989,2036
7971,r10i1p1f1,2036,10,28,0.0,31.820072,14.276788,2036
7972,r10i1p1f1,2036,10,29,0.0,31.203516,15.782245,2036
7973,r10i1p1f1,2036,10,30,0.0,28.089956,13.186815,2036
7974,r10i1p1f1,2036,10,31,0.0,27.46783,11.813684,2036
7975,r10i1p1f1,2036,11,01,0.0,25.689257,11.882409,2036
7976,r10i1p1f1,2036,11,02,0.3736538096889394,21.837986,8.761462,2036
7977,r10i1p1f1,2036,11,03,0.0,18.610315,4.16585,2036
7978,r10i1p1f1,2036,11,04,0.0,19.821308,6.081307,2036
7979,r10i1p1f1,2036,11,05,0.0,21.972668,7.9655304,2036
7980,r10i1p1f1,2036,11,06,3.379726356441001,23.18316,11.544166,2036
7981,r10i1p1f1,2036,11,07,10.728047126031015,18.243011,11.19493,2036
7982,r10i1p1f1,2036,11,08,11.882625902485175,16.637663,10.667635,2036
7983,r10i1p1f1,2036,11,09,47.53872471015998,17.220724,8.928889,2036
7984,r10i1p1f1,2036,11,10,1.8516286074121748,11.7598915,4.9813175,2036
7985,r10i1p1f1,2036,11,11,12.37341965710297,12.568564,6.917463,2036
7986,r10i1p1f1,2036,11,12,26.84135158112775,13.166227,8.686515,2036
7987,r10i1p1f1,2036,11,13,2.7834593254067985,14.018045,2.8146353,2036
7988,r10i1p1f1,2036,11,14,0.0,14.169105,2.618793,2036
7989,r10i1p1f1,2036,11,15,0.0,16.172625,1.3613622,2036
7990,r10i1p1f1,2036,11,16,0.0,16.796673,-0.17394759,2036
7991,r10i1p1f1,2036,11,17,5.823211930213515,15.82713,5.523787,2036
7992,r10i1p1f1,2036,11,18,46.14169313664254,12.841789,7.3943725,2036
7993,r10i1p1f1,2036,11,19,53.090316256949386,11.262732,3.6996372,2036
7994,r10i1p1f1,2036,11,20,19.22912818240308,7.683507,2.0605633,2036
7995,r10i1p1f1,2036,11,21,0.3744445157798581,10.774814,4.9376388,2036
7996,r10i1p1f1,2036,11,22,0.4285146137757884,12.602907,5.736589,2036
7997,r10i1p1f1,2036,11,23,0.0,14.564206,3.9172485,2036
7998,r10i1p1f1,2036,11,24,12.438136288753748,13.010059,5.7687917,2036
7999,r10i1p1f1,2036,11,25,20.821572314966225,12.496557,5.473547,2036
8000,r10i1p1f1,2036,11,26,25.304889771780978,8.885659,4.695384,2036
8001,r10i1p1f1,2036,11,27,0.5206157771968528,12.497841,0.56226146,2036
8002,r10i1p1f1,2036,11,28,2.2705446474087934,10.291064,3.2537937,2036
8003,r10i1p1f1,2036,11,29,13.750552906467897,11.369708,4.890827,2036
8004,r10i1p1f1,2036,11,30,4.462166045548082,10.315827,4.5132027,2036
8005,r10i1p1f1,2036,12,01,15.896518791544766,7.839145,3.6306922,2036
8006,r10i1p1f1,2036,12,02,8.323529872380899,7.3358717,2.37248,2036
8007,r10i1p1f1,2036,12,03,9.558823287768877,7.152054,1.2658832,2036
8008,r10i1p1f1,2036,12,04,3.971704149156913,10.695257,4.7655416,2036
8009,r10i1p1f1,2036,12,05,1.4158022738947214,13.047705,6.0683928,2036
8010,r10i1p1f1,2036,12,06,0.0,16.37522,5.7003794,2036
8011,r10i1p1f1,2036,12,07,0.0,19.181849,5.020516,2036
8012,r10i1p1f1,2036,12,08,0.0,18.798622,5.8099275,2036
8013,r10i1p1f1,2036,12,09,0.0,16.536915,6.562554,2036
8014,r10i1p1f1,2036,12,10,31.543821462822194,13.604352,9.342792,2036
8015,r10i1p1f1,2036,12,11,59.52197814017142,14.654198,7.837778,2036
8016,r10i1p1f1,2036,12,12,0.0,11.534933,1.3903594,2036
8017,r10i1p1f1,2036,12,13,8.457603026564405,10.847755,6.4365964,2036
8018,r10i1p1f1,2036,12,14,0.0,14.181068,3.4950514,2036
8019,r10i1p1f1,2036,12,15,0.0,15.119025,4.395799,2036
8020,r10i1p1f1,2036,12,16,15.943494928682124,10.562181,4.2676415,2036
8021,r10i1p1f1,2036,12,17,2.169421736868428,9.785706,5.063305,2036
8022,r10i1p1f1,2036,12,18,0.0,10.484952,0.8273,2036
8023,r10i1p1f1,2036,12,19,0.0,11.875388,0.086004354,2036
8024,r10i1p1f1,2036,12,20,0.0,9.8895645,2.7620485,2036
8025,r10i1p1f1,2036,12,21,0.0,8.426496,2.289932,2036
8026,r10i1p1f1,2036,12,22,0.0,9.344276,-1.6569796,2036
8027,r10i1p1f1,2036,12,23,0.0,9.13748,2.2693148,2036
8028,r10i1p1f1,2036,12,24,40.3197291392931,9.346647,2.3919237,2036
8029,r10i1p1f1,2036,12,25,7.500503887805328,10.41353,2.1582046,2036
8030,r10i1p1f1,2036,12,26,0.0,12.485986,1.5651755,2036
8031,r10i1p1f1,2036,12,27,3.669404893279486,10.821529,1.0325816,2036
8032,r10i1p1f1,2036,12,28,53.792011549108125,11.427086,3.1616309,2036
8033,r10i1p1f1,2036,12,29,4.549076702785801,11.326544,0.24994278,2036
8034,r10i1p1f1,2036,12,30,0.0,7.3385806,-3.8437443,2036
8035,r10i1p1f1,2036,12,31,0.0,9.344948,-2.332851,2036
8036,r10i1p1f1,2037,01,01,0.0,9.629019,1.4321239,2037
8037,r10i1p1f1,2037,01,02,0.0,10.340045,0.24162051,2037
8038,r10i1p1f1,2037,01,03,0.0,13.053092,0.3528575,2037
8039,r10i1p1f1,2037,01,04,0.0,13.801925,0.8511872,2037
8040,r10i1p1f1,2037,01,05,0.0,13.577649,1.4792304,2037
8041,r10i1p1f1,2037,01,06,0.0,15.67673,3.730929,2037
8042,r10i1p1f1,2037,01,07,0.0,17.077444,3.9526637,2037
8043,r10i1p1f1,2037,01,08,0.0,15.664159,4.677011,2037
8044,r10i1p1f1,2037,01,09,0.0,16.748112,4.4654703,2037
8045,r10i1p1f1,2037,01,10,0.0,17.376827,4.7644134,2037
8046,r10i1p1f1,2037,01,11,0.0,16.905005,4.4823446,2037
8047,r10i1p1f1,2037,01,12,0.0,13.601851,3.6230042,2037
8048,r10i1p1f1,2037,01,13,3.5380202831124494,10.765597,4.0920115,2037
8049,r10i1p1f1,2037,01,14,0.7997328329302514,10.171403,0.7347946,2037
8050,r10i1p1f1,2037,01,15,0.0,11.977577,0.80131793,2037
8051,r10i1p1f1,2037,01,16,0.0,16.23318,3.1166523,2037
8052,r10i1p1f1,2037,01,17,0.0,18.15244,5.6563406,2037
8053,r10i1p1f1,2037,01,18,0.0,17.830957,4.826844,2037
8054,r10i1p1f1,2037,01,19,0.0,19.498743,6.2348037,2037
8055,r10i1p1f1,2037,01,20,0.0,21.465439,8.149827,2037
8056,r10i1p1f1,2037,01,21,0.0,22.474503,7.988787,2037
8057,r10i1p1f1,2037,01,22,0.0,23.060669,7.846257,2037
8058,r10i1p1f1,2037,01,23,0.0,20.76233,7.5214562,2037
8059,r10i1p1f1,2037,01,24,0.0,19.254562,9.1248665,2037
8060,r10i1p1f1,2037,01,25,0.0,19.87499,6.1412435,2037
8061,r10i1p1f1,2037,01,26,0.0,18.888916,8.580141,2037
8062,r10i1p1f1,2037,01,27,4.415642441745149,17.16642,6.0656505,2037
8063,r10i1p1f1,2037,01,28,0.1949688770824459,14.93351,4.1519747,2037
8064,r10i1p1f1,2037,01,29,0.0,19.181696,4.7562294,2037
8065,r10i1p1f1,2037,01,30,0.0,17.837332,4.9682136,2037
8066,r10i1p1f1,2037,01,31,0.0,18.993895,5.388411,2037
8067,r10i1p1f1,2037,02,01,0.0,19.696884,5.76156,2037
8068,r10i1p1f1,2037,02,02,0.0,19.345873,6.06259,2037
8069,r10i1p1f1,2037,02,03,0.0,19.684496,6.0050826,2037
8070,r10i1p1f1,2037,02,04,0.0,18.908043,5.5680857,2037
8071,r10i1p1f1,2037,02,05,0.0,19.256166,6.243506,2037
8072,r10i1p1f1,2037,02,06,35.94980362502515,12.440167,3.642524,2037
8073,r10i1p1f1,2037,02,07,59.61937596807011,10.755755,3.1768208,2037
8074,r10i1p1f1,2037,02,08,0.019344418299289446,10.395073,1.7020966,2037
8075,r10i1p1f1,2037,02,09,0.0,10.231542,-1.3943758,2037
8076,r10i1p1f1,2037,02,10,13.713644660617176,6.261505,2.0460763,2037
8077,r10i1p1f1,2037,02,11,4.522260121877097,6.9121037,0.6996831,2037
8078,r10i1p1f1,2037,02,12,34.77033777591331,9.66175,1.8092495,2037
8079,r10i1p1f1,2037,02,13,0.0,13.329654,2.563329,2037
8080,r10i1p1f1,2037,02,14,0.0,15.683044,3.7019749,2037
8081,r10i1p1f1,2037,02,15,0.0,19.114635,5.4836183,2037
8082,r10i1p1f1,2037,02,16,0.0,19.003376,5.407649,2037
8083,r10i1p1f1,2037,02,17,0.0,18.32396,5.484117,2037
8084,r10i1p1f1,2037,02,18,0.0,14.793046,5.26065,2037
8085,r10i1p1f1,2037,02,19,11.662621282065581,11.242631,1.3779658,2037
8086,r10i1p1f1,2037,02,20,7.195452726629906,7.2574296,1.4980704,2037
8087,r10i1p1f1,2037,02,21,0.0,14.0490885,0.08859514,2037
8088,r10i1p1f1,2037,02,22,0.0,13.726008,3.5759149,2037
8089,r10i1p1f1,2037,02,23,0.0,12.801013,4.633471,2037
8090,r10i1p1f1,2037,02,24,0.40304614235537883,12.549281,3.9660516,2037
8091,r10i1p1f1,2037,02,25,0.0,19.919195,4.410445,2037
8092,r10i1p1f1,2037,02,26,0.0,20.337635,4.82145,2037
8093,r10i1p1f1,2037,02,27,0.0,19.386724,8.247807,2037
8094,r10i1p1f1,2037,02,28,0.0,19.298578,6.978856,2037
8095,r10i1p1f1,2037,03,01,0.0,24.538155,4.24618,2037
8096,r10i1p1f1,2037,03,02,0.0,24.787106,7.4417152,2037
8097,r10i1p1f1,2037,03,03,0.0,22.511127,6.718542,2037
8098,r10i1p1f1,2037,03,04,0.0,20.501064,6.0832067,2037
8099,r10i1p1f1,2037,03,05,0.0,18.652477,3.7943292,2037
8100,r10i1p1f1,2037,03,06,0.0,17.193415,4.125408,2037
8101,r10i1p1f1,2037,03,07,0.0,19.692749,6.470153,2037
8102,r10i1p1f1,2037,03,08,0.0,23.445566,8.240683,2037
8103,r10i1p1f1,2037,03,09,0.0,24.604658,9.19477,2037
8104,r10i1p1f1,2037,03,10,0.0,23.22844,9.848548,2037
8105,r10i1p1f1,2037,03,11,0.0,23.3275,6.1672115,2037
8106,r10i1p1f1,2037,03,12,0.0,22.005804,6.7639947,2037
8107,r10i1p1f1,2037,03,13,0.0,21.306082,5.799727,2037
8108,r10i1p1f1,2037,03,14,0.0,20.11042,6.218672,2037
8109,r10i1p1f1,2037,03,15,0.0,21.846624,7.87271,2037
8110,r10i1p1f1,2037,03,16,0.0,21.359818,5.8177633,2037
8111,r10i1p1f1,2037,03,17,4.072404509997796,12.067351,-1.054963,2037
8112,r10i1p1f1,2037,03,18,0.0,12.590147,-1.6820532,2037
8113,r10i1p1f1,2037,03,19,0.0,16.20207,2.0357943,2037
8114,r10i1p1f1,2037,03,20,0.0,23.663532,5.2298207,2037
8115,r10i1p1f1,2037,03,21,0.0,25.585207,11.007012,2037
8116,r10i1p1f1,2037,03,22,0.0,25.993727,12.881822,2037
8117,r10i1p1f1,2037,03,23,0.0,27.62498,11.590477,2037
8118,r10i1p1f1,2037,03,24,0.0,28.849483,11.125356,2037
8119,r10i1p1f1,2037,03,25,0.0,29.471807,11.447766,2037
8120,r10i1p1f1,2037,03,26,0.0,28.92318,13.63128,2037
8121,r10i1p1f1,2037,03,27,0.0,27.31698,14.5021105,2037
8122,r10i1p1f1,2037,03,28,0.0,25.389051,14.495125,2037
8123,r10i1p1f1,2037,03,29,0.0011324244137779858,20.550598,5.55896,2037
8124,r10i1p1f1,2037,03,30,0.0,19.039633,4.145355,2037
8125,r10i1p1f1,2037,03,31,0.0,21.853214,4.459435,2037
8126,r10i1p1f1,2037,04,01,0.039924639914763825,20.068317,4.2230525,2037
8127,r10i1p1f1,2037,04,02,0.0,17.860184,3.0215292,2037
8128,r10i1p1f1,2037,04,03,0.0,19.335716,3.5381718,2037
8129,r10i1p1f1,2037,04,04,0.0,20.406706,4.5980043,2037
8130,r10i1p1f1,2037,04,05,0.0,19.909676,4.641927,2037
8131,r10i1p1f1,2037,04,06,0.0,20.714499,4.6628757,2037
8132,r10i1p1f1,2037,04,07,0.0,22.723001,8.518292,2037
8133,r10i1p1f1,2037,04,08,0.0,22.814795,6.392544,2037
8134,r10i1p1f1,2037,04,09,0.0,23.842129,8.554871,2037
8135,r10i1p1f1,2037,04,10,0.0,27.022833,10.814055,2037
8136,r10i1p1f1,2037,04,11,0.0,27.21069,13.635261,2037
8137,r10i1p1f1,2037,04,12,0.004062950422753363,26.598557,12.431733,2037
8138,r10i1p1f1,2037,04,13,0.0,22.307922,8.001651,2037
8139,r10i1p1f1,2037,04,14,0.0,20.897272,7.4550443,2037
8140,r10i1p1f1,2037,04,15,0.0,20.039268,4.970543,2037
8141,r10i1p1f1,2037,04,16,0.0,19.836117,7.6775174,2037
8142,r10i1p1f1,2037,04,17,0.0,19.407812,5.691926,2037
8143,r10i1p1f1,2037,04,18,5.599721542421321,16.93451,4.551968,2037
8144,r10i1p1f1,2037,04,19,13.181491705166225,11.885681,4.5492096,2037
8145,r10i1p1f1,2037,04,20,9.58149810511187,12.072209,5.108491,2037
8146,r10i1p1f1,2037,04,21,5.922472642123466,15.395932,5.2271085,2037
8147,r10i1p1f1,2037,04,22,0.0,20.0298,6.4989905,2037
8148,r10i1p1f1,2037,04,23,17.223590302915238,16.283943,3.817745,2037
8149,r10i1p1f1,2037,04,24,0.0,18.541376,3.6070244,2037
8150,r10i1p1f1,2037,04,25,0.0,22.778465,6.289959,2037
8151,r10i1p1f1,2037,04,26,0.0,21.628641,10.218006,2037
8152,r10i1p1f1,2037,04,27,0.0,22.010826,7.716609,2037
8153,r10i1p1f1,2037,04,28,0.0,21.452589,8.680458,2037
8154,r10i1p1f1,2037,04,29,0.0,18.689447,5.9248805,2037
8155,r10i1p1f1,2037,04,30,0.0,23.78371,9.959729,2037
8156,r10i1p1f1,2037,05,01,0.0,28.64703,14.183383,2037
8157,r10i1p1f1,2037,05,02,0.0,32.065723,17.639273,2037
8158,r10i1p1f1,2037,05,03,0.0,32.458866,15.4747505,2037
8159,r10i1p1f1,2037,05,04,0.0,30.200006,15.24841,2037
8160,r10i1p1f1,2037,05,05,0.0,28.886093,14.857014,2037
8161,r10i1p1f1,2037,05,06,0.0,26.990742,12.90048,2037
8162,r10i1p1f1,2037,05,07,0.0,26.123453,11.764783,2037
8163,r10i1p1f1,2037,05,08,0.0,23.360188,9.397611,2037
8164,r10i1p1f1,2037,05,09,0.0,28.228083,11.609142,2037
8165,r10i1p1f1,2037,05,10,0.0,30.796627,16.192795,2037
8166,r10i1p1f1,2037,05,11,0.0,30.601707,14.689674,2037
8167,r10i1p1f1,2037,05,12,0.0,29.188805,16.20559,2037
8168,r10i1p1f1,2037,05,13,0.0,29.863712,14.597309,2037
8169,r10i1p1f1,2037,05,14,0.0,29.70121,14.281715,2037
8170,r10i1p1f1,2037,05,15,1.533769206358365,27.663944,12.321847,2037
8171,r10i1p1f1,2037,05,16,0.0,30.885633,15.371357,2037
8172,r10i1p1f1,2037,05,17,0.0,30.427721,15.485771,2037
8173,r10i1p1f1,2037,05,18,0.0,29.438284,13.974459,2037
8174,r10i1p1f1,2037,05,19,0.0,25.665358,9.935058,2037
8175,r10i1p1f1,2037,05,20,0.0,23.717981,8.854988,2037
8176,r10i1p1f1,2037,05,21,0.0,26.752487,9.1537,2037
8177,r10i1p1f1,2037,05,22,0.0,28.753103,13.568345,2037
8178,r10i1p1f1,2037,05,23,0.0,31.361675,14.631746,2037
8179,r10i1p1f1,2037,05,24,0.0,29.202946,13.127539,2037
8180,r10i1p1f1,2037,05,25,0.0,30.692867,14.144358,2037
8181,r10i1p1f1,2037,05,26,0.0,31.00974,15.74754,2037
8182,r10i1p1f1,2037,05,27,0.0,27.533676,12.550094,2037
8183,r10i1p1f1,2037,05,28,0.0,24.016165,8.515869,2037
8184,r10i1p1f1,2037,05,29,0.0,21.375725,8.11447,2037
8185,r10i1p1f1,2037,05,30,15.418707238399962,15.775424,5.059777,2037
8186,r10i1p1f1,2037,05,31,0.4121585188458036,14.657949,6.5169997,2037
8187,r10i1p1f1,2037,06,01,0.17097543329184287,23.404814,4.681847,2037
8188,r10i1p1f1,2037,06,02,0.2238705602633816,26.191757,7.078448,2037
8189,r10i1p1f1,2037,06,03,0.0,30.254513,12.536305,2037
8190,r10i1p1f1,2037,06,04,0.0,29.024057,11.845508,2037
8191,r10i1p1f1,2037,06,05,0.0,26.54444,12.337476,2037
8192,r10i1p1f1,2037,06,06,0.0,28.77569,9.021301,2037
8193,r10i1p1f1,2037,06,07,0.0,33.81234,15.834821,2037
8194,r10i1p1f1,2037,06,08,0.0,36.641083,20.971018,2037
8195,r10i1p1f1,2037,06,09,0.0,34.543777,17.320507,2037
8196,r10i1p1f1,2037,06,10,0.0,35.53381,18.900589,2037
8197,r10i1p1f1,2037,06,11,0.0,36.200024,18.336176,2037
8198,r10i1p1f1,2037,06,12,0.0,36.25346,19.647835,2037
8199,r10i1p1f1,2037,06,13,0.0,39.9752,22.847977,2037
8200,r10i1p1f1,2037,06,14,0.0,39.243378,21.10962,2037
8201,r10i1p1f1,2037,06,15,0.0,36.431843,19.350235,2037
8202,r10i1p1f1,2037,06,16,0.0,31.034292,14.1826105,2037
8203,r10i1p1f1,2037,06,17,0.0,31.914171,13.287368,2037
8204,r10i1p1f1,2037,06,18,0.0,30.9789,14.0327635,2037
8205,r10i1p1f1,2037,06,19,0.0,30.920725,12.877803,2037
8206,r10i1p1f1,2037,06,20,0.0,30.06718,13.026838,2037
8207,r10i1p1f1,2037,06,21,0.0,27.701378,10.774864,2037
8208,r10i1p1f1,2037,06,22,0.0,33.314125,13.157332,2037
8209,r10i1p1f1,2037,06,23,0.0,32.18491,14.026907,2037
8210,r10i1p1f1,2037,06,24,0.0,31.010809,13.236724,2037
8211,r10i1p1f1,2037,06,25,0.0,31.788208,12.529343,2037
8212,r10i1p1f1,2037,06,26,0.0,35.11702,16.304117,2037
8213,r10i1p1f1,2037,06,27,0.0,34.473564,16.811872,2037
8214,r10i1p1f1,2037,06,28,0.0,33.69624,16.862247,2037
8215,r10i1p1f1,2037,06,29,0.0,30.561121,13.204536,2037
8216,r10i1p1f1,2037,06,30,0.0,33.20396,15.13251,2037
8217,r10i1p1f1,2037,07,01,0.0,36.330696,16.864216,2037
8218,r10i1p1f1,2037,07,02,0.0,39.657757,21.411757,2037
8219,r10i1p1f1,2037,07,03,0.0,40.60149,22.46628,2037
8220,r10i1p1f1,2037,07,04,0.0,40.50983,21.319275,2037
8221,r10i1p1f1,2037,07,05,0.0,40.03946,22.039152,2037
8222,r10i1p1f1,2037,07,06,0.0,38.858936,20.89793,2037
8223,r10i1p1f1,2037,07,07,0.0,35.78549,18.59698,2037
8224,r10i1p1f1,2037,07,08,0.0,37.66928,18.826624,2037
8225,r10i1p1f1,2037,07,09,0.0,38.96389,20.255915,2037
8226,r10i1p1f1,2037,07,10,0.0,39.13199,20.30292,2037
8227,r10i1p1f1,2037,07,11,0.0,38.61869,20.707676,2037
8228,r10i1p1f1,2037,07,12,0.0,37.481647,19.798105,2037
8229,r10i1p1f1,2037,07,13,0.0,35.848644,19.044048,2037
8230,r10i1p1f1,2037,07,14,0.0,35.123302,18.980698,2037
8231,r10i1p1f1,2037,07,15,0.0,36.337727,17.831535,2037
8232,r10i1p1f1,2037,07,16,0.0,38.7513,20.015255,2037
8233,r10i1p1f1,2037,07,17,0.0,38.99351,21.723404,2037
8234,r10i1p1f1,2037,07,18,0.0,38.91197,19.171856,2037
8235,r10i1p1f1,2037,07,19,0.0,39.96371,20.240095,2037
8236,r10i1p1f1,2037,07,20,0.0,40.948437,20.503792,2037
8237,r10i1p1f1,2037,07,21,0.0,40.588684,22.100872,2037
8238,r10i1p1f1,2037,07,22,0.0,39.87896,19.491156,2037
8239,r10i1p1f1,2037,07,23,0.0,39.052258,22.389355,2037
8240,r10i1p1f1,2037,07,24,0.0,38.776276,19.34672,2037
8241,r10i1p1f1,2037,07,25,0.0,36.645267,19.576685,2037
8242,r10i1p1f1,2037,07,26,0.0,35.2651,18.202295,2037
8243,r10i1p1f1,2037,07,27,0.0,33.283154,14.274318,2037
8244,r10i1p1f1,2037,07,28,0.0,37.952065,17.746418,2037
8245,r10i1p1f1,2037,07,29,0.0,37.243122,19.95056,2037
8246,r10i1p1f1,2037,07,30,0.0,31.531012,14.431927,2037
8247,r10i1p1f1,2037,07,31,0.0,31.921865,12.950618,2037
8248,r10i1p1f1,2037,08,01,0.0,31.825684,13.560518,2037
8249,r10i1p1f1,2037,08,02,0.0,34.085537,14.2767515,2037
8250,r10i1p1f1,2037,08,03,0.0,34.789806,17.198177,2037
8251,r10i1p1f1,2037,08,04,0.0,33.73512,16.152052,2037
8252,r10i1p1f1,2037,08,05,0.0,35.870422,16.77993,2037
8253,r10i1p1f1,2037,08,06,0.0,35.4568,17.773968,2037
8254,r10i1p1f1,2037,08,07,0.0,32.597836,15.723842,2037
8255,r10i1p1f1,2037,08,08,0.0,31.139034,13.169744,2037
8256,r10i1p1f1,2037,08,09,0.0,30.675451,12.821377,2037
8257,r10i1p1f1,2037,08,10,0.0,32.042667,13.681934,2037
8258,r10i1p1f1,2037,08,11,0.0,33.145905,15.365098,2037
8259,r10i1p1f1,2037,08,12,0.0,34.65296,17.259623,2037
8260,r10i1p1f1,2037,08,13,0.0,36.95844,17.886255,2037
8261,r10i1p1f1,2037,08,14,0.0,38.959396,19.991753,2037
8262,r10i1p1f1,2037,08,15,0.0,39.872597,21.733494,2037
8263,r10i1p1f1,2037,08,16,0.0,39.09073,21.659525,2037
8264,r10i1p1f1,2037,08,17,0.0,36.517757,19.143055,2037
8265,r10i1p1f1,2037,08,18,0.0,35.660786,16.645086,2037
8266,r10i1p1f1,2037,08,19,0.0,34.866863,18.124903,2037
8267,r10i1p1f1,2037,08,20,0.0,34.405205,16.455011,2037
8268,r10i1p1f1,2037,08,21,0.0,33.79022,15.8133545,2037
8269,r10i1p1f1,2037,08,22,0.0,33.18961,15.900008,2037
8270,r10i1p1f1,2037,08,23,0.0,34.21196,16.511185,2037
8271,r10i1p1f1,2037,08,24,0.0,33.703476,15.172274,2037
8272,r10i1p1f1,2037,08,25,0.0,32.072,14.944664,2037
8273,r10i1p1f1,2037,08,26,0.0,30.226257,13.608389,2037
8274,r10i1p1f1,2037,08,27,0.0,30.614653,13.631268,2037
8275,r10i1p1f1,2037,08,28,0.0,29.845266,12.501168,2037
8276,r10i1p1f1,2037,08,29,0.0,30.253296,12.25853,2037
8277,r10i1p1f1,2037,08,30,0.0,34.115288,15.3785515,2037
8278,r10i1p1f1,2037,08,31,0.0,36.33353,15.938721,2037
8279,r10i1p1f1,2037,09,01,0.0,36.468307,18.513168,2037
8280,r10i1p1f1,2037,09,02,0.0,34.564644,17.369177,2037
8281,r10i1p1f1,2037,09,03,0.0,31.99815,14.78621,2037
8282,r10i1p1f1,2037,09,04,0.0,35.117638,16.030256,2037
8283,r10i1p1f1,2037,09,05,0.0,38.669125,19.424448,2037
8284,r10i1p1f1,2037,09,06,0.0,40.181282,21.966995,2037
8285,r10i1p1f1,2037,09,07,0.0,39.851494,22.270037,2037
8286,r10i1p1f1,2037,09,08,0.0,39.02214,22.122581,2037
8287,r10i1p1f1,2037,09,09,0.0,35.582626,20.95962,2037
8288,r10i1p1f1,2037,09,10,0.0,29.445187,13.932807,2037
8289,r10i1p1f1,2037,09,11,0.0,24.322994,9.713437,2037
8290,r10i1p1f1,2037,09,12,0.0,22.15759,7.258467,2037
8291,r10i1p1f1,2037,09,13,0.0,17.547884,4.287577,2037
8292,r10i1p1f1,2037,09,14,0.0,22.378141,5.310608,2037
8293,r10i1p1f1,2037,09,15,0.0,24.430666,6.49083,2037
8294,r10i1p1f1,2037,09,16,0.0,24.449358,7.221871,2037
8295,r10i1p1f1,2037,09,17,0.0,23.150095,7.2929125,2037
8296,r10i1p1f1,2037,09,18,0.0,27.827662,8.9210205,2037
8297,r10i1p1f1,2037,09,19,0.0,31.519672,13.168107,2037
8298,r10i1p1f1,2037,09,20,0.0,30.308477,13.78998,2037
8299,r10i1p1f1,2037,09,21,0.0,26.768406,13.3195505,2037
8300,r10i1p1f1,2037,09,22,0.0,28.006052,11.910545,2037
8301,r10i1p1f1,2037,09,23,0.0,31.498724,13.935524,2037
8302,r10i1p1f1,2037,09,24,0.0,31.728355,18.716722,2037
8303,r10i1p1f1,2037,09,25,0.0,31.942858,17.683203,2037
8304,r10i1p1f1,2037,09,26,0.0,33.07067,16.601852,2037
8305,r10i1p1f1,2037,09,27,0.0,32.783844,16.45347,2037
8306,r10i1p1f1,2037,09,28,0.0,32.479706,14.539989,2037
8307,r10i1p1f1,2037,09,29,0.0,21.966188,9.352951,2037
8308,r10i1p1f1,2037,09,30,0.0,26.088984,9.974641,2037
8309,r10i1p1f1,2037,10,01,0.0,26.36061,10.061784,2037
8310,r10i1p1f1,2037,10,02,0.0,21.547571,7.2197328,2037
8311,r10i1p1f1,2037,10,03,0.0,25.996002,8.406975,2037
8312,r10i1p1f1,2037,10,04,0.0,25.935354,11.747382,2037
8313,r10i1p1f1,2037,10,05,0.0,24.48139,9.787482,2037
8314,r10i1p1f1,2037,10,06,0.0,24.13158,8.602763,2037
8315,r10i1p1f1,2037,10,07,0.0,23.435825,9.618125,2037
8316,r10i1p1f1,2037,10,08,0.0,22.951647,8.994928,2037
8317,r10i1p1f1,2037,10,09,8.468719683538726,18.935993,6.2962966,2037
8318,r10i1p1f1,2037,10,10,0.0,19.199043,3.414545,2037
8319,r10i1p1f1,2037,10,11,0.0,22.833393,8.804334,2037
8320,r10i1p1f1,2037,10,12,0.0,25.28569,10.160994,2037
8321,r10i1p1f1,2037,10,13,0.0,27.24028,9.422527,2037
8322,r10i1p1f1,2037,10,14,0.0,26.796991,13.24113,2037
8323,r10i1p1f1,2037,10,15,0.0,23.102728,10.59742,2037
8324,r10i1p1f1,2037,10,16,0.009056905554117341,20.48554,9.664024,2037
8325,r10i1p1f1,2037,10,17,0.0,26.108782,9.599844,2037
8326,r10i1p1f1,2037,10,18,0.0,25.665953,12.856487,2037
8327,r10i1p1f1,2037,10,19,0.0,27.112013,12.763199,2037
8328,r10i1p1f1,2037,10,20,0.0,27.015047,12.623174,2037
8329,r10i1p1f1,2037,10,21,2.1926918708710503,22.990257,10.940955,2037
8330,r10i1p1f1,2037,10,22,12.529174916639214,17.145428,8.1948,2037
8331,r10i1p1f1,2037,10,23,0.020290600322799657,17.028141,4.213657,2037
8332,r10i1p1f1,2037,10,24,0.4725847547984143,18.420425,4.0675826,2037
8333,r10i1p1f1,2037,10,25,0.0,22.821661,7.348453,2037
8334,r10i1p1f1,2037,10,26,0.0,23.595652,6.6059384,2037
8335,r10i1p1f1,2037,10,27,0.0,26.881208,9.597613,2037
8336,r10i1p1f1,2037,10,28,0.0,29.073214,13.166008,2037
8337,r10i1p1f1,2037,10,29,0.0,28.292688,13.260797,2037
8338,r10i1p1f1,2037,10,30,0.0,28.75498,12.831782,2037
8339,r10i1p1f1,2037,10,31,0.0,29.365543,13.792008,2037
8340,r10i1p1f1,2037,11,01,0.0,30.434439,14.222473,2037
8341,r10i1p1f1,2037,11,02,0.5166923082709362,24.769243,11.126378,2037
8342,r10i1p1f1,2037,11,03,0.0,25.484726,8.015751,2037
8343,r10i1p1f1,2037,11,04,0.0,26.550798,11.3247175,2037
8344,r10i1p1f1,2037,11,05,0.0,26.575424,10.782481,2037
8345,r10i1p1f1,2037,11,06,0.0,26.44125,10.023725,2037
8346,r10i1p1f1,2037,11,07,0.0,24.389046,9.480637,2037
8347,r10i1p1f1,2037,11,08,0.0,25.916664,9.406586,2037
8348,r10i1p1f1,2037,11,09,0.0,26.856491,11.625431,2037
8349,r10i1p1f1,2037,11,10,0.0,26.111578,8.458785,2037
8350,r10i1p1f1,2037,11,11,0.0,22.294903,9.696402,2037
8351,r10i1p1f1,2037,11,12,1.8895929122855275,21.372437,9.772822,2037
8352,r10i1p1f1,2037,11,13,22.428772193885187,13.341368,6.2693715,2037
8353,r10i1p1f1,2037,11,14,2.326024889800082,11.332294,4.5688076,2037
8354,r10i1p1f1,2037,11,15,2.819734366013156,10.400191,4.1563563,2037
8355,r10i1p1f1,2037,11,16,0.3343666840129644,13.658809,-1.130561,2037
8356,r10i1p1f1,2037,11,17,0.029821189213850487,17.537617,3.1823251,2037
8357,r10i1p1f1,2037,11,18,0.0,16.1374,3.3866088,2037
8358,r10i1p1f1,2037,11,19,2.5299896685330743,16.058292,3.741949,2037
8359,r10i1p1f1,2037,11,20,15.052857612394483,7.9749355,0.09352413,2037
8360,r10i1p1f1,2037,11,21,0.8295155543524552,6.059196,-3.4771318,2037
8361,r10i1p1f1,2037,11,22,0.0,10.503345,-1.8054641,2037
8362,r10i1p1f1,2037,11,23,0.0,14.480084,0.81354886,2037
8363,r10i1p1f1,2037,11,24,0.0,15.149456,2.602514,2037
8364,r10i1p1f1,2037,11,25,0.0,15.469921,-0.07596207,2037
8365,r10i1p1f1,2037,11,26,0.0,14.848851,2.363379,2037
8366,r10i1p1f1,2037,11,27,0.0,13.636284,1.4914601,2037
8367,r10i1p1f1,2037,11,28,0.0,13.693225,3.0418377,2037
8368,r10i1p1f1,2037,11,29,0.0,18.32986,3.1192684,2037
8369,r10i1p1f1,2037,11,30,0.03790700303445766,17.849253,4.033998,2037
8370,r10i1p1f1,2037,12,01,0.08914687031584005,13.855154,7.216054,2037
8371,r10i1p1f1,2037,12,02,12.480355065475267,13.091347,6.5732026,2037
8372,r10i1p1f1,2037,12,03,26.850965093992848,12.177579,7.149166,2037
8373,r10i1p1f1,2037,12,04,0.0,15.223877,4.494338,2037
8374,r10i1p1f1,2037,12,05,26.074995302540053,13.782121,4.298033,2037
8375,r10i1p1f1,2037,12,06,2.8201642115355323,15.092647,8.44701,2037
8376,r10i1p1f1,2037,12,07,0.0,14.578181,3.139803,2037
8377,r10i1p1f1,2037,12,08,0.0,15.72216,-0.32803607,2037
8378,r10i1p1f1,2037,12,09,0.0,13.368821,2.5544174,2037
8379,r10i1p1f1,2037,12,10,0.06405693927358937,10.190616,1.8334785,2037
8380,r10i1p1f1,2037,12,11,0.0,16.18329,3.5924273,2037
8381,r10i1p1f1,2037,12,12,0.0,19.208296,4.5516024,2037
8382,r10i1p1f1,2037,12,13,0.0,18.70182,8.062925,2037
8383,r10i1p1f1,2037,12,14,0.0,17.357126,6.9298496,2037
8384,r10i1p1f1,2037,12,15,0.0,16.628193,5.665152,2037
8385,r10i1p1f1,2037,12,16,25.467965148977544,12.302722,5.110537,2037
8386,r10i1p1f1,2037,12,17,8.394004223287324,8.158026,-1.0339358,2037
8387,r10i1p1f1,2037,12,18,0.0,6.833383,-2.5957122,2037
8388,r10i1p1f1,2037,12,19,0.0,6.718833,-1.4905947,2037
8389,r10i1p1f1,2037,12,20,17.883981904014945,7.7092237,0.7494238,2037
8390,r10i1p1f1,2037,12,21,0.0,9.263277,-0.23801723,2037
8391,r10i1p1f1,2037,12,22,0.0,11.039846,-1.4141852,2037
8392,r10i1p1f1,2037,12,23,3.3340622200261065,11.422236,-0.2453051,2037
8393,r10i1p1f1,2037,12,24,76.23660792351554,11.3638735,5.5386906,2037
8394,r10i1p1f1,2037,12,25,74.82546736535274,11.744841,8.300791,2037
8395,r10i1p1f1,2037,12,26,25.240112306537892,11.85565,4.4460793,2037
8396,r10i1p1f1,2037,12,27,27.450483533443492,10.152138,1.6389608,2037
8397,r10i1p1f1,2037,12,28,43.68832752247966,13.096351,7.279595,2037
8398,r10i1p1f1,2037,12,29,73.2057470840549,11.732474,5.47703,2037
8399,r10i1p1f1,2037,12,30,3.2209318700169156,9.1515875,2.4008098,2037
8400,r10i1p1f1,2037,12,31,42.61388988203467,8.354258,3.3630836,2037
8401,r10i1p1f1,2038,01,01,5.247113500596649,10.451615,5.5611434,2038
8402,r10i1p1f1,2038,01,02,50.300183318138714,14.155476,4.6204343,2038
8403,r10i1p1f1,2038,01,03,52.40093802812656,14.3171625,10.473645,2038
8404,r10i1p1f1,2038,01,04,39.36463930815654,12.983345,7.2646956,2038
8405,r10i1p1f1,2038,01,05,82.7469945382817,15.350703,7.7837186,2038
8406,r10i1p1f1,2038,01,06,52.12742350536006,14.927462,8.390294,2038
8407,r10i1p1f1,2038,01,07,5.439190448721906,10.21358,3.441337,2038
8408,r10i1p1f1,2038,01,08,1.386965388380639,8.592659,2.4668663,2038
8409,r10i1p1f1,2038,01,09,9.00057196229586,7.2578416,2.4976203,2038
8410,r10i1p1f1,2038,01,10,0.023416252339589654,7.1857743,1.1497468,2038
8411,r10i1p1f1,2038,01,11,0.0,9.786991,-2.5086243,2038
8412,r10i1p1f1,2038,01,12,24.33141963464502,6.8655105,-0.2870644,2038
8413,r10i1p1f1,2038,01,13,27.04137196323197,7.926484,1.977265,2038
8414,r10i1p1f1,2038,01,14,0.5933366143979487,9.381803,4.451326,2038
8415,r10i1p1f1,2038,01,15,0.0,13.175791,1.9641829,2038
8416,r10i1p1f1,2038,01,16,0.0,13.380487,1.8111904,2038
8417,r10i1p1f1,2038,01,17,0.0,11.968865,5.2597203,2038
8418,r10i1p1f1,2038,01,18,0.0,14.364537,2.4104698,2038
8419,r10i1p1f1,2038,01,19,0.25023405002062454,13.985798,6.0397587,2038
8420,r10i1p1f1,2038,01,20,0.0,16.233763,6.2742124,2038
8421,r10i1p1f1,2038,01,21,18.0809489931562,14.557063,7.183496,2038
8422,r10i1p1f1,2038,01,22,0.0,20.86768,9.611107,2038
8423,r10i1p1f1,2038,01,23,0.0,20.153282,10.164948,2038
8424,r10i1p1f1,2038,01,24,0.0,21.03388,9.908938,2038
8425,r10i1p1f1,2038,01,25,0.0,20.151602,8.364387,2038
8426,r10i1p1f1,2038,01,26,0.9797369144208508,19.531288,9.185596,2038
8427,r10i1p1f1,2038,01,27,0.27994235366158565,16.382353,8.307622,2038
8428,r10i1p1f1,2038,01,28,16.55892156138036,13.975326,5.717298,2038
8429,r10i1p1f1,2038,01,29,0.0,13.039008,5.002979,2038
8430,r10i1p1f1,2038,01,30,15.698173188138753,10.915769,2.8117173,2038
8431,r10i1p1f1,2038,01,31,0.0,13.419177,2.585241,2038
8432,r10i1p1f1,2038,02,01,0.4173529782795078,15.852725,3.7024126,2038
8433,r10i1p1f1,2038,02,02,0.003684942711557644,16.688837,5.577187,2038
8434,r10i1p1f1,2038,02,03,22.895157859219534,11.0939,6.539629,2038
8435,r10i1p1f1,2038,02,04,2.2627792865502045,10.664594,5.3325925,2038
8436,r10i1p1f1,2038,02,05,11.956277100436733,10.997024,5.2362647,2038
8437,r10i1p1f1,2038,02,06,1.193820233445302,10.557162,1.5746729,2038
8438,r10i1p1f1,2038,02,07,0.6870579115145933,9.263534,2.1323564,2038
8439,r10i1p1f1,2038,02,08,0.26322999426491533,9.599738,0.89728284,2038
8440,r10i1p1f1,2038,02,09,25.991773992887158,9.457624,1.1544701,2038
8441,r10i1p1f1,2038,02,10,0.7479899774017739,9.24303,2.3285117,2038
8442,r10i1p1f1,2038,02,11,0.42852224453446597,10.394401,2.2443132,2038
8443,r10i1p1f1,2038,02,12,44.52845284678532,11.83416,2.6394355,2038
8444,r10i1p1f1,2038,02,13,42.34309584380274,12.519624,8.255045,2038
8445,r10i1p1f1,2038,02,14,15.161711509158762,11.806603,5.926521,2038
8446,r10i1p1f1,2038,02,15,19.134107684888143,13.872674,6.525446,2038
8447,r10i1p1f1,2038,02,16,30.81454210485773,13.619041,4.0200453,2038
8448,r10i1p1f1,2038,02,17,0.5071862948003208,9.985523,2.6303077,2038
8449,r10i1p1f1,2038,02,18,11.464209987561366,11.208626,0.98980856,2038
8450,r10i1p1f1,2038,02,19,11.172958380254721,13.283396,4.688793,2038
8451,r10i1p1f1,2038,02,20,31.718665106516134,13.246242,8.385405,2038
8452,r10i1p1f1,2038,02,21,4.0348300919935065,12.5021105,2.425732,2038
8453,r10i1p1f1,2038,02,22,2.0563959630779114,10.897843,2.3986714,2038
8454,r10i1p1f1,2038,02,23,0.7000274499851481,9.314973,1.8982946,2038
8455,r10i1p1f1,2038,02,24,22.49196520439766,13.019154,2.966766,2038
8456,r10i1p1f1,2038,02,25,13.600655901398952,12.273942,4.110974,2038
8457,r10i1p1f1,2038,02,26,14.687756182913864,8.907965,2.7187867,2038
8458,r10i1p1f1,2038,02,27,11.513406219953476,9.464202,3.3982198,2038
8459,r10i1p1f1,2038,02,28,6.913636224309908,13.317807,2.9568682,2038
8460,r10i1p1f1,2038,03,01,0.0,13.680976,1.5001719,2038
8461,r10i1p1f1,2038,03,02,15.149974242606396,11.730225,4.700832,2038
8462,r10i1p1f1,2038,03,03,2.4306261231949495,9.693321,4.018496,2038
8463,r10i1p1f1,2038,03,04,25.678474954206887,9.024687,3.3879788,2038
8464,r10i1p1f1,2038,03,05,19.678930748609435,8.778855,7.3617716,2038
8465,r10i1p1f1,2038,03,06,2.1718106184332435,8.932807,2.459594,2038
8466,r10i1p1f1,2038,03,07,0.0,13.3691635,3.7411616,2038
8467,r10i1p1f1,2038,03,08,0.010294249846322745,10.541407,1.2711067,2038
8468,r10i1p1f1,2038,03,09,32.15106994152608,8.105879,3.5930645,2038
8469,r10i1p1f1,2038,03,10,2.199466629001204,8.543786,3.34369,2038
8470,r10i1p1f1,2038,03,11,0.0,16.73205,2.257927,2038
8471,r10i1p1f1,2038,03,12,0.0,15.76208,2.351445,2038
8472,r10i1p1f1,2038,03,13,0.0,21.208979,3.560794,2038
8473,r10i1p1f1,2038,03,14,0.0,21.343466,5.9826508,2038
8474,r10i1p1f1,2038,03,15,0.0,18.78801,6.936319,2038
8475,r10i1p1f1,2038,03,16,0.0,16.938164,5.276697,2038
8476,r10i1p1f1,2038,03,17,3.6240002146146972,14.985842,6.8240604,2038
8477,r10i1p1f1,2038,03,18,4.569858397096476,13.215009,3.6924317,2038
8478,r10i1p1f1,2038,03,19,3.154407422114577,11.879941,4.0105953,2038
8479,r10i1p1f1,2038,03,20,13.685375771264694,12.352986,3.5560555,2038
8480,r10i1p1f1,2038,03,21,0.10204985860343042,13.798955,0.11621435,2038
8481,r10i1p1f1,2038,03,22,4.182984347789898,11.761771,4.689973,2038
8482,r10i1p1f1,2038,03,23,1.7132706440370864,14.958101,7.344966,2038
8483,r10i1p1f1,2038,03,24,12.725301531118978,14.129815,5.103546,2038
8484,r10i1p1f1,2038,03,25,20.59381719752166,11.329595,4.310522,2038
8485,r10i1p1f1,2038,03,26,0.0,12.358563,4.8885803,2038
8486,r10i1p1f1,2038,03,27,0.0,17.022276,4.1807046,2038
8487,r10i1p1f1,2038,03,28,0.0,21.475021,4.643578,2038
8488,r10i1p1f1,2038,03,29,0.0,21.1571,7.3526893,2038
8489,r10i1p1f1,2038,03,30,4.519625367203461,17.647516,5.8363853,2038
8490,r10i1p1f1,2038,03,31,0.0,18.920097,2.2811642,2038
8491,r10i1p1f1,2038,04,01,0.0,18.492754,3.847221,2038
8492,r10i1p1f1,2038,04,02,20.642186040947166,14.309766,6.0661454,2038
8493,r10i1p1f1,2038,04,03,0.029652277957163613,13.372581,2.2132132,2038
8494,r10i1p1f1,2038,04,04,15.836649672641407,13.3553505,4.4709,2038
8495,r10i1p1f1,2038,04,05,4.787442599449844,13.474741,4.38874,2038
8496,r10i1p1f1,2038,04,06,5.839516641935916,15.000954,3.6707575,2038
8497,r10i1p1f1,2038,04,07,2.09087701136923,15.362236,5.427903,2038
8498,r10i1p1f1,2038,04,08,0.06883326915206119,17.159939,8.296577,2038
8499,r10i1p1f1,2038,04,09,0.0,25.223719,5.8414373,2038
8500,r10i1p1f1,2038,04,10,0.0,24.974445,8.470792,2038
8501,r10i1p1f1,2038,04,11,0.0,24.215746,7.216421,2038
8502,r10i1p1f1,2038,04,12,0.0,24.125301,9.336366,2038
8503,r10i1p1f1,2038,04,13,0.0,21.972418,8.078689,2038
8504,r10i1p1f1,2038,04,14,0.0,23.351418,9.878214,2038
8505,r10i1p1f1,2038,04,15,0.0,27.04219,12.748188,2038
8506,r10i1p1f1,2038,04,16,0.0,29.602655,14.423812,2038
8507,r10i1p1f1,2038,04,17,0.0,29.716354,10.9790325,2038
8508,r10i1p1f1,2038,04,18,0.0,31.190313,12.149478,2038
8509,r10i1p1f1,2038,04,19,0.0,28.601599,13.577212,2038
8510,r10i1p1f1,2038,04,20,0.0,25.427797,10.929471,2038
8511,r10i1p1f1,2038,04,21,0.0,22.133286,7.770286,2038
8512,r10i1p1f1,2038,04,22,0.0,18.17103,6.81952,2038
8513,r10i1p1f1,2038,04,23,0.0,20.608152,4.0752316,2038
8514,r10i1p1f1,2038,04,24,7.322961687628106,17.457666,3.0231786,2038
8515,r10i1p1f1,2038,04,25,32.90513106621802,11.661023,4.6211853,2038
8516,r10i1p1f1,2038,04,26,54.8299860227608,12.082928,6.6170654,2038
8517,r10i1p1f1,2038,04,27,35.307876681786425,10.03363,0.47312686,2038
8518,r10i1p1f1,2038,04,28,10.15089090356732,8.438637,0.8434627,2038
8519,r10i1p1f1,2038,04,29,1.3828427507274013,10.450383,0.9585174,2038
8520,r10i1p1f1,2038,04,30,1.1193226952232898,14.764583,-1.122302,2038
8521,r10i1p1f1,2038,05,01,0.3755614010036592,18.184542,2.2336407,2038
8522,r10i1p1f1,2038,05,02,0.0,17.904364,2.8204708,2038
8523,r10i1p1f1,2038,05,03,0.0,18.742598,3.916096,2038
8524,r10i1p1f1,2038,05,04,0.0,20.94951,5.6443434,2038
8525,r10i1p1f1,2038,05,05,0.0,20.643059,7.506293,2038
8526,r10i1p1f1,2038,05,06,28.377036317741794,13.108469,2.024455,2038
8527,r10i1p1f1,2038,05,07,0.45304111368319644,14.897962,3.6067188,2038
8528,r10i1p1f1,2038,05,08,0.0,19.862373,4.433336,2038
8529,r10i1p1f1,2038,05,09,0.0,21.407846,4.974736,2038
8530,r10i1p1f1,2038,05,10,0.0,20.802898,9.715116,2038
8531,r10i1p1f1,2038,05,11,0.0,19.48112,9.249762,2038
8532,r10i1p1f1,2038,05,12,0.0,18.96905,5.1067047,2038
8533,r10i1p1f1,2038,05,13,0.0,19.644156,4.150993,2038
8534,r10i1p1f1,2038,05,14,0.0,19.47817,4.452247,2038
8535,r10i1p1f1,2038,05,15,18.0395539421098,15.524997,4.1198235,2038
8536,r10i1p1f1,2038,05,16,48.08085176505541,13.890444,8.334445,2038
8537,r10i1p1f1,2038,05,17,3.918955440949982,13.397419,6.673269,2038
8538,r10i1p1f1,2038,05,18,6.086697013071037,15.3529215,2.5054717,2038
8539,r10i1p1f1,2038,05,19,0.0,17.203756,4.4891877,2038
8540,r10i1p1f1,2038,05,20,0.0,22.975346,5.450804,2038
8541,r10i1p1f1,2038,05,21,0.0,27.487366,8.341558,2038
8542,r10i1p1f1,2038,05,22,0.0,27.474564,12.031451,2038
8543,r10i1p1f1,2038,05,23,0.0,26.82101,11.011498,2038
8544,r10i1p1f1,2038,05,24,0.0,26.133041,10.909467,2038
8545,r10i1p1f1,2038,05,25,0.0,23.356714,9.168337,2038
8546,r10i1p1f1,2038,05,26,0.0,22.914932,9.665116,2038
8547,r10i1p1f1,2038,05,27,0.0,25.053959,8.369109,2038
8548,r10i1p1f1,2038,05,28,0.0,29.725775,11.538844,2038
8549,r10i1p1f1,2038,05,29,0.0,32.603405,18.324001,2038
8550,r10i1p1f1,2038,05,30,0.0,34.829315,21.23012,2038
8551,r10i1p1f1,2038,05,31,0.0023026157290778906,32.84854,16.427612,2038
8552,r10i1p1f1,2038,06,01,11.884187229263357,24.64503,9.394721,2038
8553,r10i1p1f1,2038,06,02,9.464792146747257,24.188955,8.780905,2038
8554,r10i1p1f1,2038,06,03,3.940493087135397,24.127155,11.322343,2038
8555,r10i1p1f1,2038,06,04,12.787988234011113,21.682428,9.570045,2038
8556,r10i1p1f1,2038,06,05,0.6513488422043385,25.798498,12.211971,2038
8557,r10i1p1f1,2038,06,06,0.0,26.890287,14.729428,2038
8558,r10i1p1f1,2038,06,07,0.0,27.12853,13.876699,2038
8559,r10i1p1f1,2038,06,08,0.0,25.915146,11.168607,2038
8560,r10i1p1f1,2038,06,09,0.0,27.359398,11.621704,2038
8561,r10i1p1f1,2038,06,10,0.0,27.222975,14.589667,2038
8562,r10i1p1f1,2038,06,11,0.0,27.521748,10.480472,2038
8563,r10i1p1f1,2038,06,12,0.0,27.329166,13.72075,2038
8564,r10i1p1f1,2038,06,13,0.0,27.714619,14.237011,2038
8565,r10i1p1f1,2038,06,14,0.0,28.417297,12.781998,2038
8566,r10i1p1f1,2038,06,15,0.0,33.56838,16.522955,2038
8567,r10i1p1f1,2038,06,16,0.0,34.668682,18.28684,2038
8568,r10i1p1f1,2038,06,17,0.0,33.575436,15.135307,2038
8569,r10i1p1f1,2038,06,18,0.0,34.3114,18.724957,2038
8570,r10i1p1f1,2038,06,19,0.0,37.06931,20.96669,2038
8571,r10i1p1f1,2038,06,20,0.10385016267766907,37.267982,20.567959,2038
8572,r10i1p1f1,2038,06,21,0.0,36.722282,20.076796,2038
8573,r10i1p1f1,2038,06,22,0.0,35.66341,19.327295,2038
8574,r10i1p1f1,2038,06,23,0.0,31.738873,14.285351,2038
8575,r10i1p1f1,2038,06,24,0.0,27.225365,10.400634,2038
8576,r10i1p1f1,2038,06,25,0.0,29.842585,13.2950945,2038
8577,r10i1p1f1,2038,06,26,0.0,29.033382,14.55379,2038
8578,r10i1p1f1,2038,06,27,0.0,26.358389,13.106807,2038
8579,r10i1p1f1,2038,06,28,0.0,28.756151,10.9413185,2038
8580,r10i1p1f1,2038,06,29,0.0,32.417362,14.728666,2038
8581,r10i1p1f1,2038,06,30,0.0,32.083485,16.009785,2038
8582,r10i1p1f1,2038,07,01,0.0,30.677002,18.14232,2038
8583,r10i1p1f1,2038,07,02,0.0,30.39401,15.355405,2038
8584,r10i1p1f1,2038,07,03,0.0,29.271704,14.738638,2038
8585,r10i1p1f1,2038,07,04,0.0,26.36361,12.17192,2038
8586,r10i1p1f1,2038,07,05,0.0,26.136637,10.920865,2038
8587,r10i1p1f1,2038,07,06,0.0,25.623169,11.648357,2038
8588,r10i1p1f1,2038,07,07,0.0,27.04275,10.650958,2038
8589,r10i1p1f1,2038,07,08,0.0,26.44285,11.442127,2038
8590,r10i1p1f1,2038,07,09,0.0,28.591919,9.897275,2038
8591,r10i1p1f1,2038,07,10,0.0,34.42874,17.410994,2038
8592,r10i1p1f1,2038,07,11,0.0,35.115444,18.628067,2038
8593,r10i1p1f1,2038,07,12,0.0,36.294037,19.997938,2038
8594,r10i1p1f1,2038,07,13,0.0,35.607983,20.440964,2038
8595,r10i1p1f1,2038,07,14,0.0,33.823105,18.910475,2038
8596,r10i1p1f1,2038,07,15,0.0,33.342213,17.426544,2038
8597,r10i1p1f1,2038,07,16,0.0,34.286575,17.985079,2038
8598,r10i1p1f1,2038,07,17,0.0,33.50599,16.571257,2038
8599,r10i1p1f1,2038,07,18,0.0,32.664993,14.802071,2038
8600,r10i1p1f1,2038,07,19,0.0,31.592972,14.83596,2038
8601,r10i1p1f1,2038,07,20,0.0,31.666523,15.986326,2038
8602,r10i1p1f1,2038,07,21,0.0,30.559101,13.884218,2038
8603,r10i1p1f1,2038,07,22,0.0,30.728233,13.646067,2038
8604,r10i1p1f1,2038,07,23,0.12499831350635902,31.683773,13.80412,2038
8605,r10i1p1f1,2038,07,24,0.0,36.392895,17.610203,2038
8606,r10i1p1f1,2038,07,25,0.0016818221076008693,35.119827,18.6422,2038
8607,r10i1p1f1,2038,07,26,0.0,31.199087,16.1132,2038
8608,r10i1p1f1,2038,07,27,0.0,30.606253,13.792096,2038
8609,r10i1p1f1,2038,07,28,0.0,32.63443,14.533839,2038
8610,r10i1p1f1,2038,07,29,0.0,33.359226,15.848997,2038
8611,r10i1p1f1,2038,07,30,0.0,32.459373,15.767255,2038
8612,r10i1p1f1,2038,07,31,0.0,33.97719,15.202624,2038
8613,r10i1p1f1,2038,08,01,0.0,35.936897,16.755436,2038
8614,r10i1p1f1,2038,08,02,0.0,34.92725,17.379114,2038
8615,r10i1p1f1,2038,08,03,0.0,33.321175,16.409475,2038
8616,r10i1p1f1,2038,08,04,0.0,31.839272,14.953257,2038
8617,r10i1p1f1,2038,08,05,0.0,33.503483,16.568192,2038
8618,r10i1p1f1,2038,08,06,0.0,34.215633,17.33429,2038
8619,r10i1p1f1,2038,08,07,0.0,34.122463,18.141424,2038
8620,r10i1p1f1,2038,08,08,0.0,34.25329,17.837173,2038
8621,r10i1p1f1,2038,08,09,0.0,35.7671,17.16646,2038
8622,r10i1p1f1,2038,08,10,0.0,37.88051,18.946848,2038
8623,r10i1p1f1,2038,08,11,0.0,39.56677,21.233278,2038
8624,r10i1p1f1,2038,08,12,0.0,38.69358,22.341549,2038
8625,r10i1p1f1,2038,08,13,0.0,36.755016,20.608694,2038
8626,r10i1p1f1,2038,08,14,0.0,35.822586,18.833044,2038
8627,r10i1p1f1,2038,08,15,0.0,35.98914,18.933706,2038
8628,r10i1p1f1,2038,08,16,0.0,35.20284,19.057623,2038
8629,r10i1p1f1,2038,08,17,0.0,37.354065,20.46326,2038
8630,r10i1p1f1,2038,08,18,0.0,38.170406,21.647795,2038
8631,r10i1p1f1,2038,08,19,0.0,37.687218,21.766325,2038
8632,r10i1p1f1,2038,08,20,0.0,38.314526,20.470963,2038
8633,r10i1p1f1,2038,08,21,0.0,37.042763,20.915268,2038
8634,r10i1p1f1,2038,08,22,0.0,34.0779,18.903648,2038
8635,r10i1p1f1,2038,08,23,0.0,32.16396,16.410065,2038
8636,r10i1p1f1,2038,08,24,0.0,32.400387,16.354618,2038
8637,r10i1p1f1,2038,08,25,0.0,33.137703,16.879501,2038
8638,r10i1p1f1,2038,08,26,0.0,34.62577,18.649902,2038
8639,r10i1p1f1,2038,08,27,0.0,33.799713,17.691742,2038
8640,r10i1p1f1,2038,08,28,0.0,34.31444,17.503742,2038
8641,r10i1p1f1,2038,08,29,0.0,33.246876,16.014206,2038
8642,r10i1p1f1,2038,08,30,0.0,34.861137,16.985285,2038
8643,r10i1p1f1,2038,08,31,0.0,35.141026,18.509039,2038
8644,r10i1p1f1,2038,09,01,0.0,34.312252,18.225765,2038
8645,r10i1p1f1,2038,09,02,0.0,31.247475,16.07871,2038
8646,r10i1p1f1,2038,09,03,0.0,29.527208,14.612302,2038
8647,r10i1p1f1,2038,09,04,0.0,28.35944,12.560652,2038
8648,r10i1p1f1,2038,09,05,0.0,28.238623,12.168988,2038
8649,r10i1p1f1,2038,09,06,0.0,27.637733,11.57876,2038
8650,r10i1p1f1,2038,09,07,0.0,24.840946,9.760689,2038
8651,r10i1p1f1,2038,09,08,0.0,28.726614,11.198718,2038
8652,r10i1p1f1,2038,09,09,0.0,27.632235,11.636892,2038
8653,r10i1p1f1,2038,09,10,0.0,27.679468,13.092064,2038
8654,r10i1p1f1,2038,09,11,0.0,29.117111,13.5578375,2038
8655,r10i1p1f1,2038,09,12,0.0,28.312979,14.34102,2038
8656,r10i1p1f1,2038,09,13,0.0,27.27749,12.439587,2038
8657,r10i1p1f1,2038,09,14,0.0,26.464937,11.85513,2038
8658,r10i1p1f1,2038,09,15,0.0,25.173733,9.905254,2038
8659,r10i1p1f1,2038,09,16,0.0,23.806757,7.677756,2038
8660,r10i1p1f1,2038,09,17,0.0,18.569815,3.1029975,2038
8661,r10i1p1f1,2038,09,18,0.0,24.312616,7.786058,2038
8662,r10i1p1f1,2038,09,19,0.0,27.35706,9.423481,2038
8663,r10i1p1f1,2038,09,20,0.0,29.40238,12.438622,2038
8664,r10i1p1f1,2038,09,21,0.0,31.890894,14.538007,2038
8665,r10i1p1f1,2038,09,22,0.0,30.2975,14.4002075,2038
8666,r10i1p1f1,2038,09,23,11.68563844371659,34.351315,19.886469,2038
8667,r10i1p1f1,2038,09,24,0.0,30.813265,12.939507,2038
8668,r10i1p1f1,2038,09,25,0.0,28.032185,12.1351385,2038
8669,r10i1p1f1,2038,09,26,0.0,27.059778,10.116964,2038
8670,r10i1p1f1,2038,09,27,0.0,23.655775,8.915045,2038
8671,r10i1p1f1,2038,09,28,0.0,23.241083,8.72503,2038
8672,r10i1p1f1,2038,09,29,0.0,24.576391,8.790901,2038
8673,r10i1p1f1,2038,09,30,0.0,27.357904,10.967262,2038
8674,r10i1p1f1,2038,10,01,0.0,27.599613,12.979932,2038
8675,r10i1p1f1,2038,10,02,0.0,26.193699,10.627281,2038
8676,r10i1p1f1,2038,10,03,0.0,24.227375,9.594345,2038
8677,r10i1p1f1,2038,10,04,0.0,22.032902,6.228822,2038
8678,r10i1p1f1,2038,10,05,0.0,27.581472,9.705321,2038
8679,r10i1p1f1,2038,10,06,0.0,27.853703,10.443616,2038
8680,r10i1p1f1,2038,10,07,0.0,28.150583,11.671869,2038
8681,r10i1p1f1,2038,10,08,0.0,29.046371,12.792198,2038
8682,r10i1p1f1,2038,10,09,0.0,27.635798,12.495621,2038
8683,r10i1p1f1,2038,10,10,0.0,27.128431,12.913518,2038
8684,r10i1p1f1,2038,10,11,0.0,25.876003,10.421827,2038
8685,r10i1p1f1,2038,10,12,0.0,26.814667,10.101385,2038
8686,r10i1p1f1,2038,10,13,0.0,27.89362,10.823645,2038
8687,r10i1p1f1,2038,10,14,0.0,27.14639,11.344112,2038
8688,r10i1p1f1,2038,10,15,0.28731265882877205,23.851957,10.653602,2038
8689,r10i1p1f1,2038,10,16,27.735947735766928,17.677599,8.537691,2038
8690,r10i1p1f1,2038,10,17,0.0,22.492968,6.4416046,2038
8691,r10i1p1f1,2038,10,18,0.0,22.889524,9.714804,2038
8692,r10i1p1f1,2038,10,19,0.0,21.60712,9.531724,2038
8693,r10i1p1f1,2038,10,20,0.0,22.909285,8.66467,2038
8694,r10i1p1f1,2038,10,21,0.0,22.07431,7.8415866,2038
8695,r10i1p1f1,2038,10,22,20.603279371885275,21.376543,8.200668,2038
8696,r10i1p1f1,2038,10,23,0.3310825221822262,18.071724,4.365469,2038
8697,r10i1p1f1,2038,10,24,0.7983202659775807,15.6439,5.7004476,2038
8698,r10i1p1f1,2038,10,25,0.0,18.765007,4.141481,2038
8699,r10i1p1f1,2038,10,26,0.0,22.986807,7.248887,2038
8700,r10i1p1f1,2038,10,27,0.0,23.903852,7.512389,2038
8701,r10i1p1f1,2038,10,28,0.0,24.387215,10.319632,2038
8702,r10i1p1f1,2038,10,29,0.0,24.317926,10.530745,2038
8703,r10i1p1f1,2038,10,30,0.0,21.865028,10.678678,2038
8704,r10i1p1f1,2038,10,31,0.0,20.331835,6.2739844,2038
8705,r10i1p1f1,2038,11,01,0.0,22.977348,8.421841,2038
8706,r10i1p1f1,2038,11,02,0.0,21.727448,11.578602,2038
8707,r10i1p1f1,2038,11,03,34.19917430851216,18.742678,8.129369,2038
8708,r10i1p1f1,2038,11,04,11.6229226710091,12.608342,7.6685157,2038
8709,r10i1p1f1,2038,11,05,7.677854579416913,13.844715,8.026645,2038
8710,r10i1p1f1,2038,11,06,4.533031115945625,19.102112,5.4965916,2038
8711,r10i1p1f1,2038,11,07,0.26887027901179145,19.35988,3.7420027,2038
8712,r10i1p1f1,2038,11,08,0.0,16.338598,3.4848938,2038
8713,r10i1p1f1,2038,11,09,27.449560867879836,15.902212,6.491459,2038
8714,r10i1p1f1,2038,11,10,0.4771198150449077,15.58799,2.296094,2038
8715,r10i1p1f1,2038,11,11,27.75487861700209,12.842348,3.9725165,2038
8716,r10i1p1f1,2038,11,12,10.943093830907234,12.506935,3.0984042,2038
8717,r10i1p1f1,2038,11,13,0.0,13.812343,2.2671697,2038
8718,r10i1p1f1,2038,11,14,10.629464188700934,12.644093,2.751182,2038
8719,r10i1p1f1,2038,11,15,11.406809926082037,9.647881,3.6494036,2038
8720,r10i1p1f1,2038,11,16,65.62211971705486,13.023634,3.3119552,2038
8721,r10i1p1f1,2038,11,17,11.99273187774356,8.860763,1.4194753,2038
8722,r10i1p1f1,2038,11,18,0.0,10.313385,-1.3672318,2038
8723,r10i1p1f1,2038,11,19,4.047392726007322,10.371432,2.050741,2038
8724,r10i1p1f1,2038,11,20,0.0,13.341686,0.78196657,2038
8725,r10i1p1f1,2038,11,21,0.8046119763333225,12.5375395,2.4989746,2038
8726,r10i1p1f1,2038,11,22,0.9935688856211001,14.6546,5.611118,2038
8727,r10i1p1f1,2038,11,23,3.2759920237080413,14.264501,3.3708022,2038
8728,r10i1p1f1,2038,11,24,0.0,13.626388,3.3078,2038
8729,r10i1p1f1,2038,11,25,0.07112291938315857,14.632469,2.8248167,2038
8730,r10i1p1f1,2038,11,26,0.0,16.490833,4.8545227,2038
8731,r10i1p1f1,2038,11,27,0.0,19.008884,5.1973586,2038
8732,r10i1p1f1,2038,11,28,0.37721602746291627,17.19023,5.17969,2038
8733,r10i1p1f1,2038,11,29,0.0,10.695744,0.46315905,2038
8734,r10i1p1f1,2038,11,30,0.0,10.145542,-0.97565097,2038
8735,r10i1p1f1,2038,12,01,0.0,12.401695,2.2657528,2038
8736,r10i1p1f1,2038,12,02,0.0,11.756965,1.6535406,2038
8737,r10i1p1f1,2038,12,03,0.0011846714235281596,9.299438,-0.60785997,2038
8738,r10i1p1f1,2038,12,04,0.0,11.011851,-0.4812375,2038
8739,r10i1p1f1,2038,12,05,0.0,14.701592,2.8074625,2038
8740,r10i1p1f1,2038,12,06,0.0,16.975964,4.94164,2038
8741,r10i1p1f1,2038,12,07,0.0,16.195854,5.258673,2038
8742,r10i1p1f1,2038,12,08,0.0,17.351582,5.072749,2038
8743,r10i1p1f1,2038,12,09,0.0,15.187121,6.748621,2038
8744,r10i1p1f1,2038,12,10,0.0,17.921936,3.5457401,2038
8745,r10i1p1f1,2038,12,11,0.0,19.941736,6.655095,2038
8746,r10i1p1f1,2038,12,12,0.0,18.453444,6.750759,2038
8747,r10i1p1f1,2038,12,13,0.0,16.331198,4.4417553,2038
8748,r10i1p1f1,2038,12,14,0.0,11.346972,0.5836015,2038
8749,r10i1p1f1,2038,12,15,0.0,7.663722,-2.906442,2038
8750,r10i1p1f1,2038,12,16,0.0,10.257174,-2.3135264,2038
8751,r10i1p1f1,2038,12,17,0.0,17.53932,2.9815598,2038
8752,r10i1p1f1,2038,12,18,0.0,15.203,2.246711,2038
8753,r10i1p1f1,2038,12,19,0.0,15.1875,3.4669776,2038
8754,r10i1p1f1,2038,12,20,0.0,14.330219,4.601925,2038
8755,r10i1p1f1,2038,12,21,2.136873236840505,10.082532,2.2363145,2038
8756,r10i1p1f1,2038,12,22,0.11694014523240376,10.721955,0.15933649,2038
8757,r10i1p1f1,2038,12,23,0.29030299989053193,5.677099,-3.08931,2038
8758,r10i1p1f1,2038,12,24,0.0,7.884903,-4.776683,2038
8759,r10i1p1f1,2038,12,25,0.14906196279059114,5.626948,-4.4385085,2038
8760,r10i1p1f1,2038,12,26,15.734218635660861,4.111537,-2.7213142,2038
8761,r10i1p1f1,2038,12,27,0.0,3.863755,-2.6659553,2038
8762,r10i1p1f1,2038,12,28,13.359192968499357,6.696455,-2.2602146,2038
8763,r10i1p1f1,2038,12,29,13.188499111320676,6.964624,2.0734303,2038
8764,r10i1p1f1,2038,12,30,35.07419768598323,6.9920173,1.1424896,2038
8765,r10i1p1f1,2038,12,31,18.2528452681206,5.3233433,0.5697246,2038
8766,r10i1p1f1,2039,01,01,19.50862809746085,5.835306,0.84084684,2039
8767,r10i1p1f1,2039,01,02,0.08448411539766791,8.39288,1.9046727,2039
8768,r10i1p1f1,2039,01,03,0.0,9.871081,-0.8193536,2039
8769,r10i1p1f1,2039,01,04,0.10924854753427912,7.903374,2.7605677,2039
8770,r10i1p1f1,2039,01,05,19.928408562095445,6.546884,2.0718758,2039
8771,r10i1p1f1,2039,01,06,3.318650116886458,9.42127,2.10184,2039
8772,r10i1p1f1,2039,01,07,0.0,14.526915,1.2282578,2039
8773,r10i1p1f1,2039,01,08,0.0,15.654544,3.988535,2039
8774,r10i1p1f1,2039,01,09,0.0,16.042177,4.150583,2039
8775,r10i1p1f1,2039,01,10,0.0,16.912294,5.029068,2039
8776,r10i1p1f1,2039,01,11,0.0,15.846149,4.230577,2039
8777,r10i1p1f1,2039,01,12,0.0,14.559039,2.8087628,2039
8778,r10i1p1f1,2039,01,13,0.0,16.095871,4.3209524,2039
8779,r10i1p1f1,2039,01,14,0.0,17.915155,5.2396746,2039
8780,r10i1p1f1,2039,01,15,0.0,17.786392,5.0888352,2039
8781,r10i1p1f1,2039,01,16,0.0,16.805845,5.6328516,2039
8782,r10i1p1f1,2039,01,17,0.0,16.307022,4.2575884,2039
8783,r10i1p1f1,2039,01,18,0.0,19.679052,6.6426644,2039
8784,r10i1p1f1,2039,01,19,0.0,17.817902,4.4762177,2039
8785,r10i1p1f1,2039,01,20,0.0,18.347445,4.3248396,2039
8786,r10i1p1f1,2039,01,21,0.0,17.724638,4.377648,2039
8787,r10i1p1f1,2039,01,22,0.0,19.149315,5.094741,2039
8788,r10i1p1f1,2039,01,23,0.0,19.893957,6.247246,2039
8789,r10i1p1f1,2039,01,24,0.0,18.924719,5.971132,2039
8790,r10i1p1f1,2039,01,25,56.55278758341937,11.650347,3.8615499,2039
8791,r10i1p1f1,2039,01,26,19.934925126481655,9.625256,3.354596,2039
8792,r10i1p1f1,2039,01,27,5.958396027620582,7.7514253,2.6812146,2039
8793,r10i1p1f1,2039,01,28,5.646663799799219,10.749105,4.7486596,2039
8794,r10i1p1f1,2039,01,29,0.0,17.387537,4.9677596,2039
8795,r10i1p1f1,2039,01,30,0.0,17.976553,4.088717,2039
8796,r10i1p1f1,2039,01,31,0.0,17.90267,4.487826,2039
8797,r10i1p1f1,2039,02,01,0.0,16.884016,5.4536443,2039
8798,r10i1p1f1,2039,02,02,0.0,16.257135,3.4482574,2039
8799,r10i1p1f1,2039,02,03,0.0,17.615282,4.5573006,2039
8800,r10i1p1f1,2039,02,04,0.0,19.07495,5.636425,2039
8801,r10i1p1f1,2039,02,05,0.0,18.802252,6.030352,2039
8802,r10i1p1f1,2039,02,06,0.0,17.853855,5.3651733,2039
8803,r10i1p1f1,2039,02,07,0.3228374432135177,13.53457,5.219649,2039
8804,r10i1p1f1,2039,02,08,19.68712936657922,10.561455,5.387993,2039
8805,r10i1p1f1,2039,02,09,0.09761620060185362,12.843311,3.0001876,2039
8806,r10i1p1f1,2039,02,10,0.0,21.550047,4.395531,2039
8807,r10i1p1f1,2039,02,11,0.0,21.931482,7.7002354,2039
8808,r10i1p1f1,2039,02,12,0.0,20.756638,8.018241,2039
8809,r10i1p1f1,2039,02,13,0.0,19.305872,6.5934486,2039
8810,r10i1p1f1,2039,02,14,0.0,18.28804,4.5035152,2039
8811,r10i1p1f1,2039,02,15,0.0,17.79297,4.5348268,2039
8812,r10i1p1f1,2039,02,16,0.0,14.971484,1.6549134,2039
8813,r10i1p1f1,2039,02,17,0.0,14.716482,1.7292008,2039
8814,r10i1p1f1,2039,02,18,0.0,14.985623,2.0891538,2039
8815,r10i1p1f1,2039,02,19,0.0,19.29863,5.950049,2039
8816,r10i1p1f1,2039,02,20,0.0,20.35095,4.7228436,2039
8817,r10i1p1f1,2039,02,21,0.0,18.688133,7.0682454,2039
8818,r10i1p1f1,2039,02,22,0.0,15.264115,7.286495,2039
8819,r10i1p1f1,2039,02,23,0.0,17.269812,4.295635,2039
8820,r10i1p1f1,2039,02,24,0.02090090282236863,16.142357,4.707861,2039
8821,r10i1p1f1,2039,02,25,0.0,12.443017,1.5597214,2039
8822,r10i1p1f1,2039,02,26,0.0,16.496386,2.7558222,2039
8823,r10i1p1f1,2039,02,27,0.0,15.278144,4.7896996,2039
8824,r10i1p1f1,2039,02,28,0.0,22.090328,7.1267,2039
8825,r10i1p1f1,2039,03,01,0.0,25.126047,5.3696017,2039
8826,r10i1p1f1,2039,03,02,0.0,25.350416,8.122025,2039
8827,r10i1p1f1,2039,03,03,0.0,26.18997,8.778851,2039
8828,r10i1p1f1,2039,03,04,0.0,24.290714,8.731241,2039
8829,r10i1p1f1,2039,03,05,7.820053283419264,19.898645,7.294519,2039
8830,r10i1p1f1,2039,03,06,7.049694111858691,13.946784,7.2774644,2039
8831,r10i1p1f1,2039,03,07,23.713641907057823,9.850713,4.31118,2039
8832,r10i1p1f1,2039,03,08,0.3105883571080133,14.781649,2.4672153,2039
8833,r10i1p1f1,2039,03,09,1.5829362085433356,14.745654,6.29798,2039
8834,r10i1p1f1,2039,03,10,30.48894219039204,13.957165,4.0159893,2039
8835,r10i1p1f1,2039,03,11,0.0,14.518343,3.4618819,2039
8836,r10i1p1f1,2039,03,12,0.0,19.255587,2.1004612,2039
8837,r10i1p1f1,2039,03,13,16.673812192350038,16.681347,3.7106547,2039
8838,r10i1p1f1,2039,03,14,6.909475076214508,8.479746,2.9826875,2039
8839,r10i1p1f1,2039,03,15,0.12609380037726,13.963106,2.1657348,2039
8840,r10i1p1f1,2039,03,16,0.0,14.193632,1.0802,2039
8841,r10i1p1f1,2039,03,17,0.5351785758552738,12.989695,6.462814,2039
8842,r10i1p1f1,2039,03,18,0.0,15.888167,0.78738606,2039
8843,r10i1p1f1,2039,03,19,0.0,18.972092,2.0069149,2039
8844,r10i1p1f1,2039,03,20,0.0,20.228542,7.3133965,2039
8845,r10i1p1f1,2039,03,21,0.0,19.913599,6.923894,2039
8846,r10i1p1f1,2039,03,22,0.0,20.19007,4.199206,2039
8847,r10i1p1f1,2039,03,23,0.0,21.284645,4.852202,2039
8848,r10i1p1f1,2039,03,24,0.022596902865763314,21.470585,8.882585,2039
8849,r10i1p1f1,2039,03,25,0.0,25.859945,7.551712,2039
8850,r10i1p1f1,2039,03,26,0.0,24.452105,9.193942,2039
8851,r10i1p1f1,2039,03,27,0.10103591667326614,22.91939,9.098652,2039
8852,r10i1p1f1,2039,03,28,0.0,20.138016,8.317783,2039
8853,r10i1p1f1,2039,03,29,0.0,21.03039,5.486263,2039
8854,r10i1p1f1,2039,03,30,0.0,20.755518,7.3805428,2039
8855,r10i1p1f1,2039,03,31,0.0,26.866442,8.487849,2039
8856,r10i1p1f1,2039,04,01,0.0,29.512934,11.007937,2039
8857,r10i1p1f1,2039,04,02,0.0,30.236732,11.593632,2039
8858,r10i1p1f1,2039,04,03,0.0,29.360802,11.759598,2039
8859,r10i1p1f1,2039,04,04,0.0,27.15634,12.395881,2039
8860,r10i1p1f1,2039,04,05,10.934634854033662,19.620338,9.763689,2039
8861,r10i1p1f1,2039,04,06,0.0,26.171032,7.72864,2039
8862,r10i1p1f1,2039,04,07,0.0,27.491318,11.24704,2039
8863,r10i1p1f1,2039,04,08,0.0,27.122808,12.520201,2039
8864,r10i1p1f1,2039,04,09,0.0,26.266556,11.813829,2039
8865,r10i1p1f1,2039,04,10,17.304629107667623,20.165785,5.1847744,2039
8866,r10i1p1f1,2039,04,11,37.89995769467695,11.746088,4.8507667,2039
8867,r10i1p1f1,2039,04,12,35.009760961647295,9.461865,3.9366813,2039
8868,r10i1p1f1,2039,04,13,12.565500516135025,13.070828,4.022826,2039
8869,r10i1p1f1,2039,04,14,1.3313746882646995,17.798864,5.571237,2039
8870,r10i1p1f1,2039,04,15,6.565605546242487,16.356226,5.613008,2039
8871,r10i1p1f1,2039,04,16,0.06126753829257244,16.363129,3.9890032,2039
8872,r10i1p1f1,2039,04,17,0.0,19.792412,4.021567,2039
8873,r10i1p1f1,2039,04,18,0.0,23.961016,7.0798097,2039
8874,r10i1p1f1,2039,04,19,0.0,25.164217,9.336424,2039
8875,r10i1p1f1,2039,04,20,0.0,26.128754,10.444733,2039
8876,r10i1p1f1,2039,04,21,0.4680996866418833,20.930132,7.326178,2039
8877,r10i1p1f1,2039,04,22,0.0,23.114315,11.006014,2039
8878,r10i1p1f1,2039,04,23,0.027731134085977254,23.84721,8.818528,2039
8879,r10i1p1f1,2039,04,24,0.0,23.24555,10.282661,2039
8880,r10i1p1f1,2039,04,25,0.059324309370966055,20.299881,8.06615,2039
8881,r10i1p1f1,2039,04,26,0.0,16.715826,5.2967625,2039
8882,r10i1p1f1,2039,04,27,0.0,16.553421,3.7355828,2039
8883,r10i1p1f1,2039,04,28,0.6922200600169354,15.357133,4.1632633,2039
8884,r10i1p1f1,2039,04,29,11.322004086220037,10.253146,0.11111912,2039
8885,r10i1p1f1,2039,04,30,0.0,15.066709,0.2619874,2039
8886,r10i1p1f1,2039,05,01,0.0,14.939681,0.16791956,2039
8887,r10i1p1f1,2039,05,02,13.563939070605844,16.119383,2.7537162,2039
8888,r10i1p1f1,2039,05,03,0.0,21.787575,5.2851176,2039
8889,r10i1p1f1,2039,05,04,0.0,22.375576,8.665103,2039
8890,r10i1p1f1,2039,05,05,0.0,21.197578,8.322583,2039
8891,r10i1p1f1,2039,05,06,13.609151888062785,16.179794,3.4703796,2039
8892,r10i1p1f1,2039,05,07,2.746570920575514,10.794278,0.040989924,2039
8893,r10i1p1f1,2039,05,08,0.9988427799582592,11.360923,0.23590489,2039
8894,r10i1p1f1,2039,05,09,4.343558655895514,9.092003,0.5266842,2039
8895,r10i1p1f1,2039,05,10,0.5422615723570121,14.02682,0.8885715,2039
8896,r10i1p1f1,2039,05,11,0.0,18.451996,2.7122414,2039
8897,r10i1p1f1,2039,05,12,0.0,21.485804,5.8201566,2039
8898,r10i1p1f1,2039,05,13,0.6798870531431596,19.1682,4.7967,2039
8899,r10i1p1f1,2039,05,14,0.0,24.338018,9.230408,2039
8900,r10i1p1f1,2039,05,15,0.0,25.093138,9.2588415,2039
8901,r10i1p1f1,2039,05,16,0.0,24.541998,8.569846,2039
8902,r10i1p1f1,2039,05,17,0.0,21.501371,7.109801,2039
8903,r10i1p1f1,2039,05,18,0.0,16.132132,0.51715267,2039
8904,r10i1p1f1,2039,05,19,0.0,20.129772,3.9066563,2039
8905,r10i1p1f1,2039,05,20,0.36222058728239254,20.345165,6.300487,2039
8906,r10i1p1f1,2039,05,21,66.88079391422339,15.959217,7.1149387,2039
8907,r10i1p1f1,2039,05,22,13.927522433789962,15.17388,7.3694973,2039
8908,r10i1p1f1,2039,05,23,0.12401425123435299,16.424522,4.8206773,2039
8909,r10i1p1f1,2039,05,24,5.324529558109996,14.891435,1.9995561,2039
8910,r10i1p1f1,2039,05,25,0.0,17.882967,2.7487977,2039
8911,r10i1p1f1,2039,05,26,0.0,23.856539,6.8812222,2039
8912,r10i1p1f1,2039,05,27,0.0,27.758018,10.445674,2039
8913,r10i1p1f1,2039,05,28,0.0,30.957172,12.830859,2039
8914,r10i1p1f1,2039,05,29,0.0,32.03633,14.800875,2039
8915,r10i1p1f1,2039,05,30,0.0,31.156176,16.33413,2039
8916,r10i1p1f1,2039,05,31,0.0,27.65332,13.157892,2039
8917,r10i1p1f1,2039,06,01,0.0,27.28949,10.017591,2039
8918,r10i1p1f1,2039,06,02,0.0,26.99714,12.878078,2039
8919,r10i1p1f1,2039,06,03,0.0,25.634153,9.136467,2039
8920,r10i1p1f1,2039,06,04,1.6280324364240522,18.8985,6.3375435,2039
8921,r10i1p1f1,2039,06,05,0.0,23.065887,4.9069343,2039
8922,r10i1p1f1,2039,06,06,0.0,28.572655,8.740612,2039
8923,r10i1p1f1,2039,06,07,0.0,32.16648,16.486052,2039
8924,r10i1p1f1,2039,06,08,0.0,35.77476,18.380219,2039
8925,r10i1p1f1,2039,06,09,0.0,35.76579,18.120678,2039
8926,r10i1p1f1,2039,06,10,0.0,34.675564,18.029442,2039
8927,r10i1p1f1,2039,06,11,0.0,33.283962,18.52108,2039
8928,r10i1p1f1,2039,06,12,0.0,31.665602,14.7918215,2039
8929,r10i1p1f1,2039,06,13,0.0,30.205664,11.689242,2039
8930,r10i1p1f1,2039,06,14,0.0,29.633018,14.041671,2039
8931,r10i1p1f1,2039,06,15,0.0,27.266672,12.824101,2039
8932,r10i1p1f1,2039,06,16,0.0,21.796013,9.386177,2039
8933,r10i1p1f1,2039,06,17,0.0,28.108746,9.158361,2039
8934,r10i1p1f1,2039,06,18,0.0,28.16302,12.096423,2039
8935,r10i1p1f1,2039,06,19,0.0,27.157644,11.381641,2039
8936,r10i1p1f1,2039,06,20,0.0,25.86259,9.049297,2039
8937,r10i1p1f1,2039,06,21,0.0,31.18581,14.558737,2039
8938,r10i1p1f1,2039,06,22,0.0,36.111774,19.450348,2039
8939,r10i1p1f1,2039,06,23,0.0,36.234066,18.526007,2039
8940,r10i1p1f1,2039,06,24,0.0,33.980835,18.081419,2039
8941,r10i1p1f1,2039,06,25,0.0,31.842648,17.976795,2039
8942,r10i1p1f1,2039,06,26,0.0,31.593094,15.307831,2039
8943,r10i1p1f1,2039,06,27,0.0,34.08653,15.470051,2039
8944,r10i1p1f1,2039,06,28,0.0,35.047092,18.13298,2039
8945,r10i1p1f1,2039,06,29,0.17338668970440171,36.031155,18.524897,2039
8946,r10i1p1f1,2039,06,30,0.0,33.15047,17.90477,2039
8947,r10i1p1f1,2039,07,01,0.0,29.591068,12.702066,2039
8948,r10i1p1f1,2039,07,02,0.0,28.98706,11.151821,2039
8949,r10i1p1f1,2039,07,03,0.0,32.103714,13.887238,2039
8950,r10i1p1f1,2039,07,04,0.0,31.104643,14.313438,2039
8951,r10i1p1f1,2039,07,05,0.0,31.51862,13.589933,2039
8952,r10i1p1f1,2039,07,06,0.0,35.189342,16.625452,2039
8953,r10i1p1f1,2039,07,07,0.0,35.93669,18.632784,2039
8954,r10i1p1f1,2039,07,08,0.0,35.615562,19.683205,2039
8955,r10i1p1f1,2039,07,09,0.0,34.377567,17.611149,2039
8956,r10i1p1f1,2039,07,10,0.0,33.250603,16.372581,2039
8957,r10i1p1f1,2039,07,11,0.0,35.750896,18.02419,2039
8958,r10i1p1f1,2039,07,12,0.0,35.172184,17.951965,2039
8959,r10i1p1f1,2039,07,13,0.0,31.331558,13.821322,2039
8960,r10i1p1f1,2039,07,14,0.0,33.24293,15.23877,2039
8961,r10i1p1f1,2039,07,15,0.0,33.03531,15.855372,2039
8962,r10i1p1f1,2039,07,16,0.0,34.572983,16.161474,2039
8963,r10i1p1f1,2039,07,17,0.0,34.29408,16.922617,2039
8964,r10i1p1f1,2039,07,18,0.0,31.456835,14.778193,2039
8965,r10i1p1f1,2039,07,19,0.0,32.068676,13.202704,2039
8966,r10i1p1f1,2039,07,20,0.0,32.069782,14.687047,2039
8967,r10i1p1f1,2039,07,21,0.0,35.892185,15.454405,2039
8968,r10i1p1f1,2039,07,22,0.0,36.627403,18.339182,2039
8969,r10i1p1f1,2039,07,23,0.0,38.40994,18.705688,2039
8970,r10i1p1f1,2039,07,24,0.0,37.999805,20.850063,2039
8971,r10i1p1f1,2039,07,25,0.0,37.306507,20.900562,2039
8972,r10i1p1f1,2039,07,26,0.0,37.933838,20.266882,2039
8973,r10i1p1f1,2039,07,27,0.0,39.776333,21.684586,2039
8974,r10i1p1f1,2039,07,28,0.0,40.493114,23.046024,2039
8975,r10i1p1f1,2039,07,29,0.0,39.38425,23.286682,2039
8976,r10i1p1f1,2039,07,30,0.0,36.52823,20.433632,2039
8977,r10i1p1f1,2039,07,31,0.0,35.884975,18.733688,2039
8978,r10i1p1f1,2039,08,01,0.0,37.50632,18.9299,2039
8979,r10i1p1f1,2039,08,02,0.0,38.73509,20.716362,2039
8980,r10i1p1f1,2039,08,03,0.0,38.264965,21.154171,2039
8981,r10i1p1f1,2039,08,04,0.0,39.20154,21.060389,2039
8982,r10i1p1f1,2039,08,05,0.0,41.06035,20.626104,2039
8983,r10i1p1f1,2039,08,06,0.0,41.25546,22.996323,2039
8984,r10i1p1f1,2039,08,07,0.0,40.99304,23.498123,2039
8985,r10i1p1f1,2039,08,08,0.0,40.30263,21.544815,2039
8986,r10i1p1f1,2039,08,09,0.0,38.177143,20.185793,2039
8987,r10i1p1f1,2039,08,10,0.0,37.13904,19.73938,2039
8988,r10i1p1f1,2039,08,11,0.0,37.942974,20.584177,2039
8989,r10i1p1f1,2039,08,12,0.0,37.596355,20.954458,2039
8990,r10i1p1f1,2039,08,13,0.0,38.831684,20.101109,2039
8991,r10i1p1f1,2039,08,14,0.0,39.104748,21.01686,2039
8992,r10i1p1f1,2039,08,15,0.0,38.252724,20.179375,2039
8993,r10i1p1f1,2039,08,16,0.0,37.337658,19.631224,2039
8994,r10i1p1f1,2039,08,17,0.0,34.425564,17.216805,2039
8995,r10i1p1f1,2039,08,18,0.0,33.023396,15.919262,2039
8996,r10i1p1f1,2039,08,19,0.0,33.486736,16.839703,2039
8997,r10i1p1f1,2039,08,20,0.0,33.02476,16.444345,2039
8998,r10i1p1f1,2039,08,21,0.0,37.91049,18.574842,2039
8999,r10i1p1f1,2039,08,22,0.0,40.00909,21.303278,2039
9000,r10i1p1f1,2039,08,23,0.0,41.423634,20.199133,2039
9001,r10i1p1f1,2039,08,24,0.0,38.47199,23.444853,2039
9002,r10i1p1f1,2039,08,25,0.0,35.29718,25.514313,2039
9003,r10i1p1f1,2039,08,26,0.0,38.13218,22.024143,2039
9004,r10i1p1f1,2039,08,27,0.0,38.55986,22.354263,2039
9005,r10i1p1f1,2039,08,28,0.004574260964617631,38.04353,21.157991,2039
9006,r10i1p1f1,2039,08,29,0.0,37.302624,22.826984,2039
9007,r10i1p1f1,2039,08,30,0.0,36.583958,19.95199,2039
9008,r10i1p1f1,2039,08,31,0.0,33.931793,15.500302,2039
9009,r10i1p1f1,2039,09,01,0.0,31.82382,16.208185,2039
9010,r10i1p1f1,2039,09,02,0.0,32.2914,15.619427,2039
9011,r10i1p1f1,2039,09,03,0.0,37.22212,19.082216,2039
9012,r10i1p1f1,2039,09,04,0.0,37.950523,19.96829,2039
9013,r10i1p1f1,2039,09,05,0.0,37.538685,21.761234,2039
9014,r10i1p1f1,2039,09,06,0.0,36.523083,19.808144,2039
9015,r10i1p1f1,2039,09,07,0.0,36.676857,20.185768,2039
9016,r10i1p1f1,2039,09,08,0.0,35.81406,18.52829,2039
9017,r10i1p1f1,2039,09,09,0.0,30.93327,11.545489,2039
9018,r10i1p1f1,2039,09,10,0.0,23.967697,10.437114,2039
9019,r10i1p1f1,2039,09,11,0.0,25.753057,9.7207,2039
9020,r10i1p1f1,2039,09,12,0.0,25.710617,9.354172,2039
9021,r10i1p1f1,2039,09,13,0.0,25.914078,9.587507,2039
9022,r10i1p1f1,2039,09,14,0.0,28.707253,11.810797,2039
9023,r10i1p1f1,2039,09,15,0.0,29.543053,11.750065,2039
9024,r10i1p1f1,2039,09,16,0.0,29.319307,12.320218,2039
9025,r10i1p1f1,2039,09,17,0.0,29.772913,15.258805,2039
9026,r10i1p1f1,2039,09,18,0.0,29.093088,12.563153,2039
9027,r10i1p1f1,2039,09,19,0.0,27.795362,11.886243,2039
9028,r10i1p1f1,2039,09,20,0.0,28.56365,14.928141,2039
9029,r10i1p1f1,2039,09,21,0.0,28.92751,11.005423,2039
9030,r10i1p1f1,2039,09,22,0.0,25.12907,10.72106,2039
9031,r10i1p1f1,2039,09,23,0.0,23.74856,8.420011,2039
9032,r10i1p1f1,2039,09,24,0.0,23.914637,7.9919753,2039
9033,r10i1p1f1,2039,09,25,0.0,26.561678,10.715083,2039
9034,r10i1p1f1,2039,09,26,0.0,25.745438,9.090726,2039
9035,r10i1p1f1,2039,09,27,0.0,25.80105,9.997097,2039
9036,r10i1p1f1,2039,09,28,0.0,28.3974,13.696785,2039
9037,r10i1p1f1,2039,09,29,0.0,27.999174,12.759406,2039
9038,r10i1p1f1,2039,09,30,0.0,26.66685,11.926174,2039
9039,r10i1p1f1,2039,10,01,5.503148221606879,22.90381,9.966433,2039
9040,r10i1p1f1,2039,10,02,0.5660594742245825,25.361944,8.789256,2039
9041,r10i1p1f1,2039,10,03,0.0,24.641342,7.6665053,2039
9042,r10i1p1f1,2039,10,04,0.0,25.601105,8.895445,2039
9043,r10i1p1f1,2039,10,05,0.0,31.873253,15.422929,2039
9044,r10i1p1f1,2039,10,06,0.0,31.093384,14.03109,2039
9045,r10i1p1f1,2039,10,07,0.0,27.402273,13.112406,2039
9046,r10i1p1f1,2039,10,08,0.0,23.508423,12.193118,2039
9047,r10i1p1f1,2039,10,09,0.0,23.968422,7.7276363,2039
9048,r10i1p1f1,2039,10,10,0.0,23.559347,9.922082,2039
9049,r10i1p1f1,2039,10,11,51.922601510733855,20.451624,5.560643,2039
9050,r10i1p1f1,2039,10,12,6.225768722728581,14.247709,3.2817414,2039
9051,r10i1p1f1,2039,10,13,0.0,20.101246,7.200032,2039
9052,r10i1p1f1,2039,10,14,0.0,21.411888,9.121112,2039
9053,r10i1p1f1,2039,10,15,0.48734766185254175,20.26845,9.752052,2039
9054,r10i1p1f1,2039,10,16,0.0,20.967884,8.232562,2039
9055,r10i1p1f1,2039,10,17,0.0,22.980896,9.786649,2039
9056,r10i1p1f1,2039,10,18,0.0,25.749619,9.257446,2039
9057,r10i1p1f1,2039,10,19,0.0,26.929737,12.028203,2039
9058,r10i1p1f1,2039,10,20,0.0,25.840307,13.002972,2039
9059,r10i1p1f1,2039,10,21,0.0,25.557032,13.519507,2039
9060,r10i1p1f1,2039,10,22,0.0,27.26764,13.648471,2039
9061,r10i1p1f1,2039,10,23,0.0,27.100338,14.57701,2039
9062,r10i1p1f1,2039,10,24,0.0,24.678026,11.577195,2039
9063,r10i1p1f1,2039,10,25,0.0,22.30217,7.730215,2039
9064,r10i1p1f1,2039,10,26,0.0,24.708433,10.226767,2039
9065,r10i1p1f1,2039,10,27,0.0,26.762852,10.257733,2039
9066,r10i1p1f1,2039,10,28,2.478628971438842,29.424381,16.39879,2039
9067,r10i1p1f1,2039,10,29,1.9648863328927149,20.841963,14.04727,2039
9068,r10i1p1f1,2039,10,30,0.0,22.026623,11.664446,2039
9069,r10i1p1f1,2039,10,31,0.0,23.626963,9.095314,2039
9070,r10i1p1f1,2039,11,01,0.0,23.19243,8.29037,2039
9071,r10i1p1f1,2039,11,02,0.2558585173071486,21.265106,10.375997,2039
9072,r10i1p1f1,2039,11,03,0.0,25.472076,8.628318,2039
9073,r10i1p1f1,2039,11,04,0.0,25.311073,10.673417,2039
9074,r10i1p1f1,2039,11,05,0.0,25.085312,12.009279,2039
9075,r10i1p1f1,2039,11,06,3.5855082608050957,24.269705,13.133295,2039
9076,r10i1p1f1,2039,11,07,0.0,23.906567,8.741837,2039
9077,r10i1p1f1,2039,11,08,0.0,23.193161,10.469358,2039
9078,r10i1p1f1,2039,11,09,0.0,23.123316,8.387555,2039
9079,r10i1p1f1,2039,11,10,0.0,23.907225,9.71482,2039
9080,r10i1p1f1,2039,11,11,0.0,26.111326,9.741183,2039
9081,r10i1p1f1,2039,11,12,0.0,25.608728,10.515553,2039
9082,r10i1p1f1,2039,11,13,0.0,28.350355,10.767977,2039
9083,r10i1p1f1,2039,11,14,0.0,26.660631,12.41889,2039
9084,r10i1p1f1,2039,11,15,0.0,26.087463,12.032222,2039
9085,r10i1p1f1,2039,11,16,11.920469423976579,25.106451,10.534007,2039
9086,r10i1p1f1,2039,11,17,49.67535891490498,15.394604,9.047891,2039
9087,r10i1p1f1,2039,11,18,11.103402927255956,12.562073,6.9430785,2039
9088,r10i1p1f1,2039,11,19,10.889154307599375,11.779671,6.2311435,2039
9089,r10i1p1f1,2039,11,20,24.477969962907466,15.099994,7.389861,2039
9090,r10i1p1f1,2039,11,21,31.70094738169083,15.824426,10.706858,2039
9091,r10i1p1f1,2039,11,22,3.033565398034529,18.36375,10.448024,2039
9092,r10i1p1f1,2039,11,23,0.0,17.709122,11.467105,2039
9093,r10i1p1f1,2039,11,24,23.901004768221785,17.600592,9.975672,2039
9094,r10i1p1f1,2039,11,25,52.165184279683196,17.385303,11.0812,2039
9095,r10i1p1f1,2039,11,26,46.470673966197005,16.095816,5.1218786,2039
9096,r10i1p1f1,2039,11,27,46.70253108090133,10.279132,3.4711998,2039
9097,r10i1p1f1,2039,11,28,3.82032745207509,11.213815,2.1924222,2039
9098,r10i1p1f1,2039,11,29,0.0,14.847358,2.782393,2039
9099,r10i1p1f1,2039,11,30,0.0,19.089056,1.059708,2039
9100,r10i1p1f1,2039,12,01,0.0,18.996473,6.36018,2039
9101,r10i1p1f1,2039,12,02,0.0,17.926172,5.6415315,2039
9102,r10i1p1f1,2039,12,03,0.0,15.133397,6.848736,2039
9103,r10i1p1f1,2039,12,04,0.0,12.052666,0.97897863,2039
9104,r10i1p1f1,2039,12,05,0.0,10.768399,0.033942774,2039
9105,r10i1p1f1,2039,12,06,9.55709781958017,8.370597,-1.4234211,2039
9106,r10i1p1f1,2039,12,07,0.0,4.4688053,-4.911045,2039
9107,r10i1p1f1,2039,12,08,0.0,9.000281,-2.972813,2039
9108,r10i1p1f1,2039,12,09,0.0,13.526874,0.57188654,2039
9109,r10i1p1f1,2039,12,10,0.0,18.03776,5.850306,2039
9110,r10i1p1f1,2039,12,11,3.550606756049858,16.698183,5.6457734,2039
9111,r10i1p1f1,2039,12,12,0.38230486237999256,8.040851,-2.2594569,2039
9112,r10i1p1f1,2039,12,13,84.24185310416904,7.608214,1.0736859,2039
9113,r10i1p1f1,2039,12,14,12.067751578203906,7.2981825,-0.83719075,2039
9114,r10i1p1f1,2039,12,15,0.00896131566964629,5.9032545,-4.4817867,2039
9115,r10i1p1f1,2039,12,16,0.0021068646004239687,5.1242747,-4.8061614,2039
9116,r10i1p1f1,2039,12,17,22.650816052766075,5.810958,0.8335782,2039
9117,r10i1p1f1,2039,12,18,0.041482571970463095,3.810285,-2.6228938,2039
9118,r10i1p1f1,2039,12,19,0.0,7.9360924,-4.3853126,2039
9119,r10i1p1f1,2039,12,20,0.0,12.025623,-1.1218221,2039
9120,r10i1p1f1,2039,12,21,0.3013521609875026,8.624871,-0.9512086,2039
9121,r10i1p1f1,2039,12,22,1.6063462784969536,5.3678684,-0.101992354,2039
9122,r10i1p1f1,2039,12,23,0.0,4.207617,-6.2358713,2039
9123,r10i1p1f1,2039,12,24,0.0,5.658029,-5.108761,2039
9124,r10i1p1f1,2039,12,25,0.0,6.643418,-4.4198866,2039
9125,r10i1p1f1,2039,12,26,2.6967224394196054,5.894812,-2.7406282,2039
9126,r10i1p1f1,2039,12,27,6.605535620091311,4.40148,-1.7072204,2039
9127,r10i1p1f1,2039,12,28,0.006423964561307864,5.011633,-2.7525778,2039
9128,r10i1p1f1,2039,12,29,0.0,6.5189323,-5.940408,2039
9129,r10i1p1f1,2039,12,30,0.0,10.820627,-2.7286909,2039
9130,r10i1p1f1,2039,12,31,0.0,13.089558,0.26384634,2039
9131,r10i1p1f1,2040,01,01,0.0,13.674914,3.0396206,2040
9132,r10i1p1f1,2040,01,02,0.0,12.502956,1.8612128,2040
9133,r10i1p1f1,2040,01,03,0.0006282352315840973,11.028416,3.304449,2040
9134,r10i1p1f1,2040,01,04,0.0,11.425964,1.1556808,2040
9135,r10i1p1f1,2040,01,05,0.0,11.921859,0.15051009,2040
9136,r10i1p1f1,2040,01,06,0.0,11.745291,1.1967858,2040
9137,r10i1p1f1,2040,01,07,0.0,13.71452,2.2711709,2040
9138,r10i1p1f1,2040,01,08,0.0,13.738875,3.8702714,2040
9139,r10i1p1f1,2040,01,09,0.0,13.061847,3.600333,2040
9140,r10i1p1f1,2040,01,10,0.0,14.092298,2.6453414,2040
9141,r10i1p1f1,2040,01,11,0.5129312093375024,12.3984,6.062541,2040
9142,r10i1p1f1,2040,01,12,0.0,14.4310465,2.9277198,2040
9143,r10i1p1f1,2040,01,13,0.0,19.587662,4.8064814,2040
9144,r10i1p1f1,2040,01,14,0.7976679240288688,16.65461,6.556993,2040
9145,r10i1p1f1,2040,01,15,14.553235884676198,11.569943,5.124292,2040
9146,r10i1p1f1,2040,01,16,35.98636848098403,12.9476385,4.9316335,2040
9147,r10i1p1f1,2040,01,17,16.467650799926272,11.956298,6.443226,2040
9148,r10i1p1f1,2040,01,18,58.96987761033846,15.058296,7.7865353,2040
9149,r10i1p1f1,2040,01,19,0.2677369524386557,12.225678,7.5934157,2040
9150,r10i1p1f1,2040,01,20,23.544090868611086,14.530525,4.7551856,2040
9151,r10i1p1f1,2040,01,21,121.10797190107405,14.972727,11.64479,2040
9152,r10i1p1f1,2040,01,22,17.885076465240434,15.239368,5.3663025,2040
9153,r10i1p1f1,2040,01,23,0.0,12.530236,2.1165383,2040
9154,r10i1p1f1,2040,01,24,0.0,14.043157,2.710937,2040
9155,r10i1p1f1,2040,01,25,0.01840662724757031,14.802089,5.0695906,2040
9156,r10i1p1f1,2040,01,26,23.345939145656303,11.4449215,5.0676155,2040
9157,r10i1p1f1,2040,01,27,1.6730410169800867,9.439125,2.4659722,2040
9158,r10i1p1f1,2040,01,28,17.05246298002557,8.370747,1.4972804,2040
9159,r10i1p1f1,2040,01,29,14.055829667670064,9.053967,4.133023,2040
9160,r10i1p1f1,2040,01,30,9.675514616231483,9.041768,2.6771896,2040
9161,r10i1p1f1,2040,01,31,0.0,10.666637,3.8168962,2040
9162,r10i1p1f1,2040,02,01,9.443849965464324,7.744604,2.7064369,2040
9163,r10i1p1f1,2040,02,02,11.20102006151635,9.114295,2.4712174,2040
9164,r10i1p1f1,2040,02,03,0.0,10.963555,3.0490673,2040
9165,r10i1p1f1,2040,02,04,5.05863175915836,9.517033,1.7987515,2040
9166,r10i1p1f1,2040,02,05,7.510619504242449,8.900445,3.8286836,2040
9167,r10i1p1f1,2040,02,06,0.0,11.2015505,1.1132879,2040
9168,r10i1p1f1,2040,02,07,0.0,14.029365,1.4636592,2040
9169,r10i1p1f1,2040,02,08,0.0,14.352724,4.0606604,2040
9170,r10i1p1f1,2040,02,09,0.0,16.549803,4.86005,2040
9171,r10i1p1f1,2040,02,10,7.331964102884644,16.352854,5.568002,2040
9172,r10i1p1f1,2040,02,11,17.103683257990173,9.3271265,3.8718784,2040
9173,r10i1p1f1,2040,02,12,14.954024274668068,7.3007026,1.5783498,2040
9174,r10i1p1f1,2040,02,13,0.0,10.165118,2.428086,2040
9175,r10i1p1f1,2040,02,14,0.0,12.122772,0.2243297,2040
9176,r10i1p1f1,2040,02,15,0.0,12.6805935,2.8040962,2040
9177,r10i1p1f1,2040,02,16,10.04347666381172,10.122124,0.46321386,2040
9178,r10i1p1f1,2040,02,17,11.361956374266333,7.366805,-1.0687622,2040
9179,r10i1p1f1,2040,02,18,0.0,11.25996,-1.0509748,2040
9180,r10i1p1f1,2040,02,19,0.0,14.216184,1.2420548,2040
9181,r10i1p1f1,2040,02,20,0.0,16.0298,4.1358094,2040
9182,r10i1p1f1,2040,02,21,0.0,15.651059,4.398651,2040
9183,r10i1p1f1,2040,02,22,0.0,18.590197,5.48293,2040
9184,r10i1p1f1,2040,02,23,0.0,19.91299,6.5257835,2040
9185,r10i1p1f1,2040,02,24,0.0,19.659847,8.268183,2040
9186,r10i1p1f1,2040,02,25,0.0,19.008133,7.91953,2040
9187,r10i1p1f1,2040,02,26,0.0,17.158302,6.223471,2040
9188,r10i1p1f1,2040,02,27,9.491935009780144,10.717107,5.647697,2040
9189,r10i1p1f1,2040,02,28,3.137293309344769,10.146783,3.2493372,2040
9190,r10i1p1f1,2040,02,29,30.169449672470556,11.149735,3.0236976,2040
9191,r10i1p1f1,2040,03,01,13.245859788539269,9.496915,0.27378583,2040
9192,r10i1p1f1,2040,03,02,0.06400177555023172,11.395699,-0.44895574,2040
9193,r10i1p1f1,2040,03,03,0.017024640164651685,11.056972,2.78451,2040
9194,r10i1p1f1,2040,03,04,3.6257139262536504,11.555291,3.915296,2040
9195,r10i1p1f1,2040,03,05,15.763200952450893,11.30749,2.7052767,2040
9196,r10i1p1f1,2040,03,06,0.0,11.134834,0.03609627,2040
9197,r10i1p1f1,2040,03,07,0.1155780505110957,10.522647,0.22152469,2040
9198,r10i1p1f1,2040,03,08,0.0,13.981773,-0.031603564,2040
9199,r10i1p1f1,2040,03,09,0.0,14.283717,1.5061437,2040
9200,r10i1p1f1,2040,03,10,0.0,13.3523655,0.58032006,2040
9201,r10i1p1f1,2040,03,11,1.6292541810320185,10.658769,3.179036,2040
9202,r10i1p1f1,2040,03,12,0.0,17.83992,6.4088545,2040
9203,r10i1p1f1,2040,03,13,59.25573806437713,14.876301,9.259735,2040
9204,r10i1p1f1,2040,03,14,22.336088119482156,12.27486,6.4077196,2040
9205,r10i1p1f1,2040,03,15,1.1720493314980653,14.05026,4.2521453,2040
9206,r10i1p1f1,2040,03,16,0.0,18.249172,2.7160473,2040
9207,r10i1p1f1,2040,03,17,0.0,17.146791,4.4889584,2040
9208,r10i1p1f1,2040,03,18,6.896354803910454,12.723164,4.870254,2040
9209,r10i1p1f1,2040,03,19,28.54009566041273,11.036969,4.733509,2040
9210,r10i1p1f1,2040,03,20,6.429257923924811,11.003526,4.4648633,2040
9211,r10i1p1f1,2040,03,21,1.858441568803851,9.8866415,3.0956695,2040
9212,r10i1p1f1,2040,03,22,0.2692453652152357,12.650644,1.4697812,2040
9213,r10i1p1f1,2040,03,23,0.0014736261928610954,12.321804,2.1825128,2040
9214,r10i1p1f1,2040,03,24,0.0,17.220928,1.3224344,2040
9215,r10i1p1f1,2040,03,25,0.0,20.521519,5.3730254,2040
9216,r10i1p1f1,2040,03,26,0.0,21.524746,7.159985,2040
9217,r10i1p1f1,2040,03,27,0.0,22.051407,7.690134,2040
9218,r10i1p1f1,2040,03,28,0.07623317584435235,19.731785,7.6690497,2040
9219,r10i1p1f1,2040,03,29,2.2929981447041907,11.981158,0.9677479,2040
9220,r10i1p1f1,2040,03,30,0.0,14.5444765,1.2730715,2040
9221,r10i1p1f1,2040,03,31,0.0,14.527138,-0.4505021,2040
9222,r10i1p1f1,2040,04,01,8.99359519730512,10.516864,2.7938914,2040
9223,r10i1p1f1,2040,04,02,2.339072115084587,13.996203,1.486862,2040
9224,r10i1p1f1,2040,04,03,0.0,18.18343,2.2615733,2040
9225,r10i1p1f1,2040,04,04,0.0,21.176321,6.043789,2040
9226,r10i1p1f1,2040,04,05,0.0,23.102537,6.950327,2040
9227,r10i1p1f1,2040,04,06,0.0,23.418787,8.11098,2040
9228,r10i1p1f1,2040,04,07,0.0,24.788715,7.6190114,2040
9229,r10i1p1f1,2040,04,08,0.0,25.856535,6.8185005,2040
9230,r10i1p1f1,2040,04,09,0.0,24.499908,10.064799,2040
9231,r10i1p1f1,2040,04,10,0.0,24.277899,9.147403,2040
9232,r10i1p1f1,2040,04,11,0.0,20.179762,3.3048453,2040
9233,r10i1p1f1,2040,04,12,0.0,24.177286,8.021198,2040
9234,r10i1p1f1,2040,04,13,0.0,27.509724,11.451241,2040
9235,r10i1p1f1,2040,04,14,0.0,26.69781,10.319698,2040
9236,r10i1p1f1,2040,04,15,0.0,25.167957,9.202407,2040
9237,r10i1p1f1,2040,04,16,0.0,24.39958,9.951691,2040
9238,r10i1p1f1,2040,04,17,0.0,26.608742,11.806039,2040
9239,r10i1p1f1,2040,04,18,0.0,28.6745,9.942584,2040
9240,r10i1p1f1,2040,04,19,0.0,30.699411,13.949693,2040
9241,r10i1p1f1,2040,04,20,0.0,30.707407,15.222394,2040
9242,r10i1p1f1,2040,04,21,0.0,28.757095,14.018966,2040
9243,r10i1p1f1,2040,04,22,0.0,26.302526,11.380076,2040
9244,r10i1p1f1,2040,04,23,0.0,25.647675,10.35265,2040
9245,r10i1p1f1,2040,04,24,0.0,23.272268,10.905664,2040
9246,r10i1p1f1,2040,04,25,0.0,20.800903,6.375229,2040
9247,r10i1p1f1,2040,04,26,0.0,23.712662,6.0249023,2040
9248,r10i1p1f1,2040,04,27,0.0,24.182087,9.103365,2040
9249,r10i1p1f1,2040,04,28,0.0,22.414946,6.881545,2040
9250,r10i1p1f1,2040,04,29,0.0,22.883636,8.950198,2040
9251,r10i1p1f1,2040,04,30,0.0,21.504248,6.036729,2040
9252,r10i1p1f1,2040,05,01,0.0,20.76384,4.188512,2040
9253,r10i1p1f1,2040,05,02,0.0,25.873312,9.392679,2040
9254,r10i1p1f1,2040,05,03,0.0,28.296486,13.60688,2040
9255,r10i1p1f1,2040,05,04,0.0,31.560762,14.009212,2040
9256,r10i1p1f1,2040,05,05,0.0,31.861164,15.430054,2040
9257,r10i1p1f1,2040,05,06,0.0,33.11315,17.037369,2040
9258,r10i1p1f1,2040,05,07,0.0,33.182907,16.508696,2040
9259,r10i1p1f1,2040,05,08,0.0,32.312206,16.244467,2040
9260,r10i1p1f1,2040,05,09,0.0,32.348175,16.54482,2040
9261,r10i1p1f1,2040,05,10,0.0,33.192886,15.686676,2040
9262,r10i1p1f1,2040,05,11,0.1165088018368758,32.96797,17.477507,2040
9263,r10i1p1f1,2040,05,12,0.0,32.833855,16.678093,2040
9264,r10i1p1f1,2040,05,13,0.0,31.995577,16.316988,2040
9265,r10i1p1f1,2040,05,14,0.0,31.314552,16.747278,2040
9266,r10i1p1f1,2040,05,15,0.0,28.37947,14.611743,2040
9267,r10i1p1f1,2040,05,16,0.0,24.72486,9.435743,2040
9268,r10i1p1f1,2040,05,17,0.0,20.22429,4.7586517,2040
9269,r10i1p1f1,2040,05,18,0.0,19.381176,3.9765642,2040
9270,r10i1p1f1,2040,05,19,2.6894156583813653,16.848455,3.58665,2040
9271,r10i1p1f1,2040,05,20,1.431489994999873,16.613226,3.929053,2040
9272,r10i1p1f1,2040,05,21,0.06906356383727766,18.919394,3.2261565,2040
9273,r10i1p1f1,2040,05,22,0.0,19.453392,5.12993,2040
9274,r10i1p1f1,2040,05,23,0.0,18.172655,3.8890514,2040
9275,r10i1p1f1,2040,05,24,0.0,21.255524,5.4129148,2040
9276,r10i1p1f1,2040,05,25,0.0,26.54629,8.222038,2040
9277,r10i1p1f1,2040,05,26,0.0,26.56338,10.65049,2040
9278,r10i1p1f1,2040,05,27,0.0,26.598236,11.473596,2040
9279,r10i1p1f1,2040,05,28,0.0,26.576666,11.22965,2040
9280,r10i1p1f1,2040,05,29,0.0,25.45534,9.991709,2040
9281,r10i1p1f1,2040,05,30,0.0,24.191576,9.140772,2040
9282,r10i1p1f1,2040,05,31,0.4866885301357558,20.091393,5.444029,2040
9283,r10i1p1f1,2040,06,01,0.0,24.919956,5.827876,2040
9284,r10i1p1f1,2040,06,02,3.4718702455321413,21.573547,7.7573466,2040
9285,r10i1p1f1,2040,06,03,0.4643861208023736,18.69206,8.406105,2040
9286,r10i1p1f1,2040,06,04,0.24493836152894227,22.403019,3.827648,2040
9287,r10i1p1f1,2040,06,05,0.0,25.408398,8.117738,2040
9288,r10i1p1f1,2040,06,06,0.0,28.032597,9.80468,2040
9289,r10i1p1f1,2040,06,07,0.0,29.369648,13.609544,2040
9290,r10i1p1f1,2040,06,08,0.0,28.59045,13.6613035,2040
9291,r10i1p1f1,2040,06,09,0.0,27.133902,11.659863,2040
9292,r10i1p1f1,2040,06,10,0.0,29.737696,14.317428,2040
9293,r10i1p1f1,2040,06,11,0.0,34.431625,18.152428,2040
9294,r10i1p1f1,2040,06,12,0.0,36.90765,17.923107,2040
9295,r10i1p1f1,2040,06,13,0.0,37.37755,21.778708,2040
9296,r10i1p1f1,2040,06,14,1.1711025078751078,30.390966,13.931934,2040
9297,r10i1p1f1,2040,06,15,1.5553757136091775,26.91655,11.340313,2040
9298,r10i1p1f1,2040,06,16,0.0,33.481476,17.034918,2040
9299,r10i1p1f1,2040,06,17,0.0,33.951183,18.84502,2040
9300,r10i1p1f1,2040,06,18,0.0,36.582527,19.833834,2040
9301,r10i1p1f1,2040,06,19,0.0,38.144035,22.186712,2040
9302,r10i1p1f1,2040,06,20,0.0,39.889618,23.90804,2040
9303,r10i1p1f1,2040,06,21,0.0,38.905003,21.025799,2040
9304,r10i1p1f1,2040,06,22,0.21204155943307437,31.903822,15.204452,2040
9305,r10i1p1f1,2040,06,23,0.0,36.605602,20.625961,2040
9306,r10i1p1f1,2040,06,24,0.0,34.186993,17.71853,2040
9307,r10i1p1f1,2040,06,25,0.0,35.773487,18.652344,2040
9308,r10i1p1f1,2040,06,26,0.0,34.812195,18.50137,2040
9309,r10i1p1f1,2040,06,27,0.0,32.741886,15.2682705,2040
9310,r10i1p1f1,2040,06,28,0.0,32.90815,15.661415,2040
9311,r10i1p1f1,2040,06,29,0.0,32.576527,16.68496,2040
9312,r10i1p1f1,2040,06,30,0.0,30.985521,15.497002,2040
9313,r10i1p1f1,2040,07,01,0.0,28.996088,10.474515,2040
9314,r10i1p1f1,2040,07,02,0.0,29.85571,10.302222,2040
9315,r10i1p1f1,2040,07,03,0.0,33.339607,15.5757065,2040
9316,r10i1p1f1,2040,07,04,0.0,35.259045,17.478392,2040
9317,r10i1p1f1,2040,07,05,0.0,37.50479,21.049757,2040
9318,r10i1p1f1,2040,07,06,0.0,35.282955,17.228418,2040
9319,r10i1p1f1,2040,07,07,0.0,30.333197,13.808266,2040
9320,r10i1p1f1,2040,07,08,0.0,28.884577,11.581875,2040
9321,r10i1p1f1,2040,07,09,0.0,31.039923,12.752708,2040
9322,r10i1p1f1,2040,07,10,0.0,37.32956,18.376436,2040
9323,r10i1p1f1,2040,07,11,0.0,36.68401,19.03637,2040
9324,r10i1p1f1,2040,07,12,0.0,36.27358,18.493225,2040
9325,r10i1p1f1,2040,07,13,0.0,35.148388,16.887568,2040
9326,r10i1p1f1,2040,07,14,0.0,36.450756,19.322262,2040
9327,r10i1p1f1,2040,07,15,0.0,39.261242,21.83733,2040
9328,r10i1p1f1,2040,07,16,0.0,39.2689,21.08599,2040
9329,r10i1p1f1,2040,07,17,0.0,38.77355,21.213282,2040
9330,r10i1p1f1,2040,07,18,0.0,37.40217,19.636457,2040
9331,r10i1p1f1,2040,07,19,0.0,35.574326,18.737139,2040
9332,r10i1p1f1,2040,07,20,0.0,34.795597,19.004723,2040
9333,r10i1p1f1,2040,07,21,0.0,32.71026,16.414251,2040
9334,r10i1p1f1,2040,07,22,0.0,31.721817,15.251646,2040
9335,r10i1p1f1,2040,07,23,0.0,32.525578,16.238083,2040
9336,r10i1p1f1,2040,07,24,0.0,33.700832,15.807322,2040
9337,r10i1p1f1,2040,07,25,0.0,37.056442,18.329721,2040
9338,r10i1p1f1,2040,07,26,0.0,37.57263,19.824743,2040
9339,r10i1p1f1,2040,07,27,0.0,36.63183,19.499868,2040
9340,r10i1p1f1,2040,07,28,0.0,34.915924,18.177298,2040
9341,r10i1p1f1,2040,07,29,0.0,35.06006,17.645838,2040
9342,r10i1p1f1,2040,07,30,0.0,35.660877,17.402956,2040
9343,r10i1p1f1,2040,07,31,0.0,35.17287,18.636488,2040
9344,r10i1p1f1,2040,08,01,0.0,33.599316,16.6019,2040
9345,r10i1p1f1,2040,08,02,0.0,32.297108,15.300725,2040
9346,r10i1p1f1,2040,08,03,0.0,31.533026,13.058185,2040
9347,r10i1p1f1,2040,08,04,0.0,26.6459,11.235452,2040
9348,r10i1p1f1,2040,08,05,0.0,29.922035,10.80397,2040
9349,r10i1p1f1,2040,08,06,0.0,31.174381,14.545645,2040
9350,r10i1p1f1,2040,08,07,0.0,32.067318,15.042875,2040
9351,r10i1p1f1,2040,08,08,0.0,31.123825,14.126285,2040
9352,r10i1p1f1,2040,08,09,0.0,29.501114,13.2952585,2040
9353,r10i1p1f1,2040,08,10,0.0,30.16758,13.822045,2040
9354,r10i1p1f1,2040,08,11,0.0,30.355742,12.543704,2040
9355,r10i1p1f1,2040,08,12,0.0,32.67073,14.334816,2040
9356,r10i1p1f1,2040,08,13,0.0,34.605736,15.500408,2040
9357,r10i1p1f1,2040,08,14,0.0,37.39182,19.421543,2040
9358,r10i1p1f1,2040,08,15,0.0,36.3122,19.294443,2040
9359,r10i1p1f1,2040,08,16,0.0,35.10034,17.797659,2040
9360,r10i1p1f1,2040,08,17,0.0,36.814167,18.05387,2040
9361,r10i1p1f1,2040,08,18,0.0,35.380135,19.038279,2040
9362,r10i1p1f1,2040,08,19,0.0,36.530006,20.074438,2040
9363,r10i1p1f1,2040,08,20,0.0,36.163868,18.332525,2040
9364,r10i1p1f1,2040,08,21,0.0,34.911156,17.21886,2040
9365,r10i1p1f1,2040,08,22,0.0,33.56367,15.358457,2040
9366,r10i1p1f1,2040,08,23,0.0,34.602745,16.725567,2040
9367,r10i1p1f1,2040,08,24,0.0,35.765972,17.611427,2040
9368,r10i1p1f1,2040,08,25,0.0,35.405746,17.63551,2040
9369,r10i1p1f1,2040,08,26,0.0,33.684338,19.334467,2040
9370,r10i1p1f1,2040,08,27,0.0,26.875757,14.281844,2040
9371,r10i1p1f1,2040,08,28,0.0,23.05332,7.721479,2040
9372,r10i1p1f1,2040,08,29,0.0,25.180578,7.784897,2040
9373,r10i1p1f1,2040,08,30,0.0,28.508131,10.188071,2040
9374,r10i1p1f1,2040,08,31,0.0,34.09045,14.033643,2040
9375,r10i1p1f1,2040,09,01,0.0,34.747326,18.022884,2040
9376,r10i1p1f1,2040,09,02,0.0,33.783115,17.959455,2040
9377,r10i1p1f1,2040,09,03,0.0,33.54483,17.33881,2040
9378,r10i1p1f1,2040,09,04,0.0,31.929968,15.891788,2040
9379,r10i1p1f1,2040,09,05,0.0,30.862638,15.045399,2040
9380,r10i1p1f1,2040,09,06,0.0,30.954342,16.30912,2040
9381,r10i1p1f1,2040,09,07,0.0,31.125916,14.093163,2040
9382,r10i1p1f1,2040,09,08,0.0,29.609106,12.741763,2040
9383,r10i1p1f1,2040,09,09,0.0,33.91348,16.280926,2040
9384,r10i1p1f1,2040,09,10,0.0,33.085274,16.809507,2040
9385,r10i1p1f1,2040,09,11,0.0,32.90416,15.834134,2040
9386,r10i1p1f1,2040,09,12,0.0,32.82901,17.409607,2040
9387,r10i1p1f1,2040,09,13,0.0,31.045998,15.238058,2040
9388,r10i1p1f1,2040,09,14,0.0,27.574938,12.377444,2040
9389,r10i1p1f1,2040,09,15,0.0,27.149902,11.3313465,2040
9390,r10i1p1f1,2040,09,16,0.0,26.655493,10.161385,2040
9391,r10i1p1f1,2040,09,17,0.0,26.145672,8.936677,2040
9392,r10i1p1f1,2040,09,18,0.0,28.761671,12.753438,2040
9393,r10i1p1f1,2040,09,19,0.0,28.311762,10.980152,2040
9394,r10i1p1f1,2040,09,20,0.0,25.116388,8.236188,2040
9395,r10i1p1f1,2040,09,21,0.0,25.149443,9.97957,2040
9396,r10i1p1f1,2040,09,22,0.0,26.85076,9.347496,2040
9397,r10i1p1f1,2040,09,23,0.0,28.309904,10.587942,2040
9398,r10i1p1f1,2040,09,24,0.0,28.419495,12.042293,2040
9399,r10i1p1f1,2040,09,25,0.0,27.526804,9.61376,2040
9400,r10i1p1f1,2040,09,26,0.0,22.556679,7.5271616,2040
9401,r10i1p1f1,2040,09,27,0.0,28.7934,11.147041,2040
9402,r10i1p1f1,2040,09,28,0.0,27.701082,12.143231,2040
9403,r10i1p1f1,2040,09,29,0.0,28.752348,11.929568,2040
9404,r10i1p1f1,2040,09,30,0.0,31.834957,17.69844,2040
9405,r10i1p1f1,2040,10,01,0.0,31.689386,16.836487,2040
9406,r10i1p1f1,2040,10,02,0.0,29.14421,12.397127,2040
9407,r10i1p1f1,2040,10,03,0.0,25.36114,11.472016,2040
9408,r10i1p1f1,2040,10,04,0.0,27.246742,10.247137,2040
9409,r10i1p1f1,2040,10,05,0.0,25.883791,8.048164,2040
9410,r10i1p1f1,2040,10,06,0.0,23.559599,6.982519,2040
9411,r10i1p1f1,2040,10,07,0.0,24.183468,10.772314,2040
9412,r10i1p1f1,2040,10,08,0.0,24.217913,8.17699,2040
9413,r10i1p1f1,2040,10,09,0.0,25.641245,10.013209,2040
9414,r10i1p1f1,2040,10,10,0.020490642739452215,23.06402,13.137279,2040
9415,r10i1p1f1,2040,10,11,0.3552608082791745,20.218248,6.9193316,2040
9416,r10i1p1f1,2040,10,12,0.0,20.45212,5.228588,2040
9417,r10i1p1f1,2040,10,13,0.0,24.131773,9.278033,2040
9418,r10i1p1f1,2040,10,14,0.0,26.47228,9.025305,2040
9419,r10i1p1f1,2040,10,15,0.0,27.663706,10.660699,2040
9420,r10i1p1f1,2040,10,16,0.0,27.185566,11.58944,2040
9421,r10i1p1f1,2040,10,17,0.0,25.661398,12.278482,2040
9422,r10i1p1f1,2040,10,18,0.0,23.907574,11.927503,2040
9423,r10i1p1f1,2040,10,19,1.559426898693585,21.487425,7.024011,2040
9424,r10i1p1f1,2040,10,20,25.049946495939942,12.518793,4.5655813,2040
9425,r10i1p1f1,2040,10,21,0.41880494099563004,13.252083,3.6496663,2040
9426,r10i1p1f1,2040,10,22,0.0,17.013283,2.9754815,2040
9427,r10i1p1f1,2040,10,23,0.0,17.543829,3.0676067,2040
9428,r10i1p1f1,2040,10,24,0.0,17.134861,4.865746,2040
9429,r10i1p1f1,2040,10,25,0.0,18.688591,5.2258677,2040
9430,r10i1p1f1,2040,10,26,0.0,21.898401,4.659055,2040
9431,r10i1p1f1,2040,10,27,0.0,23.347673,7.2127395,2040
9432,r10i1p1f1,2040,10,28,0.0,23.63629,7.763826,2040
9433,r10i1p1f1,2040,10,29,0.0,23.177109,6.970896,2040
9434,r10i1p1f1,2040,10,30,0.0,24.6605,9.201724,2040
9435,r10i1p1f1,2040,10,31,0.0,25.059868,12.147938,2040
9436,r10i1p1f1,2040,11,01,0.0,24.341625,10.291258,2040
9437,r10i1p1f1,2040,11,02,0.0,23.935932,6.5372343,2040
9438,r10i1p1f1,2040,11,03,0.0,24.183666,6.1562185,2040
9439,r10i1p1f1,2040,11,04,0.0,23.312109,11.680568,2040
9440,r10i1p1f1,2040,11,05,0.0,21.842756,13.424314,2040
9441,r10i1p1f1,2040,11,06,0.0,19.393057,6.7864156,2040
9442,r10i1p1f1,2040,11,07,0.0,21.163855,6.605185,2040
9443,r10i1p1f1,2040,11,08,4.980233393747001,19.939054,4.2052593,2040
9444,r10i1p1f1,2040,11,09,5.988084767082718,15.290795,4.2513113,2040
9445,r10i1p1f1,2040,11,10,24.46197381757788,11.796869,4.595027,2040
9446,r10i1p1f1,2040,11,11,0.36782102998634064,11.473086,1.9361677,2040
9447,r10i1p1f1,2040,11,12,6.417953693476432,12.385882,7.1775923,2040
9448,r10i1p1f1,2040,11,13,0.8594874885794094,15.579029,5.1766696,2040
9449,r10i1p1f1,2040,11,14,0.016018840056188453,15.529443,2.7931163,2040
9450,r10i1p1f1,2040,11,15,0.0518521012030473,13.834299,3.7184007,2040
9451,r10i1p1f1,2040,11,16,0.0,14.788358,2.0205114,2040
9452,r10i1p1f1,2040,11,17,0.0,15.195399,3.4062588,2040
9453,r10i1p1f1,2040,11,18,8.516459490936924,13.669324,4.999887,2040
9454,r10i1p1f1,2040,11,19,1.44747519956773,14.052509,2.3198643,2040
9455,r10i1p1f1,2040,11,20,0.0,13.827601,1.2460744,2040
9456,r10i1p1f1,2040,11,21,11.616883612479892,12.501862,5.555916,2040
9457,r10i1p1f1,2040,11,22,3.3021245327530013,9.489402,0.007982355,2040
9458,r10i1p1f1,2040,11,23,0.0,13.305842,0.029488211,2040
9459,r10i1p1f1,2040,11,24,0.0,13.46475,2.6293545,2040
9460,r10i1p1f1,2040,11,25,0.0,17.016472,3.8224535,2040
9461,r10i1p1f1,2040,11,26,0.13354661774715887,14.427791,2.4795792,2040
9462,r10i1p1f1,2040,11,27,0.055628065714891387,11.769348,0.504464,2040
9463,r10i1p1f1,2040,11,28,17.84712769455693,9.68319,2.2627125,2040
9464,r10i1p1f1,2040,11,29,25.54842607596105,10.054592,0.60170466,2040
9465,r10i1p1f1,2040,11,30,54.957182186435126,11.592436,5.7816925,2040
9466,r10i1p1f1,2040,12,01,20.68430386777771,11.316335,4.446032,2040
9467,r10i1p1f1,2040,12,02,15.706263309402857,13.044221,7.895278,2040
9468,r10i1p1f1,2040,12,03,7.83067391632932,13.182671,8.867882,2040
9469,r10i1p1f1,2040,12,04,0.009834762022364885,12.5461445,1.3517046,2040
9470,r10i1p1f1,2040,12,05,0.0,11.843242,-0.87887913,2040
9471,r10i1p1f1,2040,12,06,17.886115637405677,9.746895,3.0992365,2040
9472,r10i1p1f1,2040,12,07,4.517274276708792,9.149342,0.20028587,2040
9473,r10i1p1f1,2040,12,08,0.0,10.04845,-1.8008598,2040
9474,r10i1p1f1,2040,12,09,25.617394247398664,7.6159577,1.3754059,2040
9475,r10i1p1f1,2040,12,10,3.119323784540029,4.672214,-0.7451917,2040
9476,r10i1p1f1,2040,12,11,34.19903705760493,4.828589,-0.5034772,2040
9477,r10i1p1f1,2040,12,12,1.0036660939022113,4.5767317,-1.4147686,2040
9478,r10i1p1f1,2040,12,13,0.0,5.0533004,-6.088042,2040
9479,r10i1p1f1,2040,12,14,0.0,4.7575774,-5.1539493,2040
9480,r10i1p1f1,2040,12,15,0.0,3.0282104,-5.6263556,2040
9481,r10i1p1f1,2040,12,16,0.0,6.0237236,-5.6027083,2040
9482,r10i1p1f1,2040,12,17,0.0,8.447711,-3.5227387,2040
9483,r10i1p1f1,2040,12,18,0.0,9.817949,-2.4863398,2040
9484,r10i1p1f1,2040,12,19,0.0,9.373562,-0.7595143,2040
9485,r10i1p1f1,2040,12,20,0.0,7.7665405,-1.3861964,2040
9486,r10i1p1f1,2040,12,21,0.0,9.009113,-2.8088703,2040
9487,r10i1p1f1,2040,12,22,0.0,7.848237,-1.2327584,2040
9488,r10i1p1f1,2040,12,23,6.981583224296628,6.8107557,-0.8869249,2040
9489,r10i1p1f1,2040,12,24,0.06253659014060088,8.782148,2.5271451,2040
9490,r10i1p1f1,2040,12,25,0.0,10.583575,-0.9799827,2040
9491,r10i1p1f1,2040,12,26,0.0,11.022201,3.7180815,2040
9492,r10i1p1f1,2040,12,27,0.0,17.496466,5.5993724,2040
9493,r10i1p1f1,2040,12,28,0.0,16.832834,5.868104,2040
9494,r10i1p1f1,2040,12,29,0.0,14.862353,6.8796997,2040
9495,r10i1p1f1,2040,12,30,0.0,17.486921,7.141666,2040
9496,r10i1p1f1,2040,12,31,0.0,17.24584,8.012472,2040
9497,r10i1p1f1,2041,01,01,0.0,18.052444,5.9261417,2041
9498,r10i1p1f1,2041,01,02,0.0,14.836222,8.402469,2041
9499,r10i1p1f1,2041,01,03,58.0133204029775,12.403195,4.2572317,2041
9500,r10i1p1f1,2041,01,04,16.948616148223856,6.4926186,-2.9243677,2041
9501,r10i1p1f1,2041,01,05,0.0,8.466881,-2.7114182,2041
9502,r10i1p1f1,2041,01,06,0.0,9.518655,-1.2014817,2041
9503,r10i1p1f1,2041,01,07,1.1098907576835795,6.5818415,1.3631729,2041
9504,r10i1p1f1,2041,01,08,7.926084189660431,5.1852965,1.12463,2041
9505,r10i1p1f1,2041,01,09,1.905781458481215,4.2432175,-0.014016402,2041
9506,r10i1p1f1,2041,01,10,0.16681195515359018,10.483519,0.34446114,2041
9507,r10i1p1f1,2041,01,11,0.0,11.029979,0.85632086,2041
9508,r10i1p1f1,2041,01,12,0.0,11.270338,0.6764384,2041
9509,r10i1p1f1,2041,01,13,0.0,9.66946,4.5436015,2041
9510,r10i1p1f1,2041,01,14,0.12128065334668224,9.26208,4.3687425,2041
9511,r10i1p1f1,2041,01,15,0.0,15.428149,3.8981488,2041
9512,r10i1p1f1,2041,01,16,0.0,15.713574,6.429198,2041
9513,r10i1p1f1,2041,01,17,0.0,15.428001,2.0570824,2041
9514,r10i1p1f1,2041,01,18,9.159491907599946,9.547039,4.058384,2041
9515,r10i1p1f1,2041,01,19,28.853350607249396,8.618708,3.1434627,2041
9516,r10i1p1f1,2041,01,20,36.15822028154262,8.54974,0.7959053,2041
9517,r10i1p1f1,2041,01,21,1.3654594902044137,5.6980195,1.6822383,2041
9518,r10i1p1f1,2041,01,22,21.77748168530678,9.81649,0.41851947,2041
9519,r10i1p1f1,2041,01,23,0.7246556549561272,10.794594,5.0540934,2041
9520,r10i1p1f1,2041,01,24,8.462181701485717,13.813766,4.4663377,2041
9521,r10i1p1f1,2041,01,25,0.0,16.34651,5.9969,2041
9522,r10i1p1f1,2041,01,26,14.28182527199265,15.456265,7.566398,2041
9523,r10i1p1f1,2041,01,27,0.0,12.967304,6.712648,2041
9524,r10i1p1f1,2041,01,28,0.0,13.629828,5.762977,2041
9525,r10i1p1f1,2041,01,29,0.0,14.221431,6.730296,2041
9526,r10i1p1f1,2041,01,30,0.0,15.910962,4.4682045,2041
9527,r10i1p1f1,2041,01,31,0.0,18.109451,4.7625637,2041
9528,r10i1p1f1,2041,02,01,0.0,18.0885,5.0108805,2041
9529,r10i1p1f1,2041,02,02,0.0,16.91202,5.350112,2041
9530,r10i1p1f1,2041,02,03,0.7998892379251438,13.897209,5.8760986,2041
9531,r10i1p1f1,2041,02,04,0.0,14.21711,3.4346495,2041
9532,r10i1p1f1,2041,02,05,0.0,18.72782,6.2779055,2041
9533,r10i1p1f1,2041,02,06,0.0,21.346622,6.2858567,2041
9534,r10i1p1f1,2041,02,07,0.0,20.57789,7.047705,2041
9535,r10i1p1f1,2041,02,08,0.0,21.108454,7.980165,2041
9536,r10i1p1f1,2041,02,09,0.0,20.505243,8.045553,2041
9537,r10i1p1f1,2041,02,10,0.0,19.083305,6.6687527,2041
9538,r10i1p1f1,2041,02,11,0.0,17.025654,6.121306,2041
9539,r10i1p1f1,2041,02,12,0.0,16.704638,4.993979,2041
9540,r10i1p1f1,2041,02,13,0.9260407116208195,10.995446,-0.5481403,2041
9541,r10i1p1f1,2041,02,14,1.0826186729613447,8.778391,1.1720406,2041
9542,r10i1p1f1,2041,02,15,11.670426049156385,10.095752,2.368081,2041
9543,r10i1p1f1,2041,02,16,0.0,14.346065,3.2202268,2041
9544,r10i1p1f1,2041,02,17,0.0,17.834417,4.0901337,2041
9545,r10i1p1f1,2041,02,18,0.0,18.915634,6.8546977,2041
9546,r10i1p1f1,2041,02,19,0.0,21.039513,7.1132956,2041
9547,r10i1p1f1,2041,02,20,0.0,22.032051,6.9481716,2041
9548,r10i1p1f1,2041,02,21,0.0,21.291845,8.091768,2041
9549,r10i1p1f1,2041,02,22,0.0,20.60651,7.682014,2041
9550,r10i1p1f1,2041,02,23,0.0,22.68801,7.3776116,2041
9551,r10i1p1f1,2041,02,24,0.0,22.34882,9.208275,2041
9552,r10i1p1f1,2041,02,25,0.0,20.481987,9.442439,2041
9553,r10i1p1f1,2041,02,26,15.455741620175296,16.77576,6.103917,2041
9554,r10i1p1f1,2041,02,27,0.0,15.132364,1.9944934,2041
9555,r10i1p1f1,2041,02,28,32.663195873733216,11.576724,2.0040638,2041
9556,r10i1p1f1,2041,03,01,42.91865831734245,10.937049,0.29741427,2041
9557,r10i1p1f1,2041,03,02,0.5410998675571184,10.56754,0.3732374,2041
9558,r10i1p1f1,2041,03,03,0.0,11.210675,-0.99120754,2041
9559,r10i1p1f1,2041,03,04,0.0,14.233747,-2.8211946,2041
9560,r10i1p1f1,2041,03,05,0.0,14.79557,-0.34267768,2041
9561,r10i1p1f1,2041,03,06,0.0,16.434464,2.859954,2041
9562,r10i1p1f1,2041,03,07,0.0,15.063348,1.2412773,2041
9563,r10i1p1f1,2041,03,08,0.0,14.136799,1.2742324,2041
9564,r10i1p1f1,2041,03,09,11.4419890011624,10.294784,1.0282792,2041
9565,r10i1p1f1,2041,03,10,0.10963495266734849,12.986468,2.1194127,2041
9566,r10i1p1f1,2041,03,11,0.0,18.64163,1.4534296,2041
9567,r10i1p1f1,2041,03,12,0.0,17.751059,4.547649,2041
9568,r10i1p1f1,2041,03,13,0.0,20.586119,5.4263473,2041
9569,r10i1p1f1,2041,03,14,0.0,20.652908,6.2607613,2041
9570,r10i1p1f1,2041,03,15,0.6264611723102127,17.282679,8.872173,2041
9571,r10i1p1f1,2041,03,16,0.0,16.743944,6.3388968,2041
9572,r10i1p1f1,2041,03,17,26.63739591616353,14.594153,4.042849,2041
9573,r10i1p1f1,2041,03,18,85.03591242540432,14.098599,8.257209,2041
9574,r10i1p1f1,2041,03,19,8.665156683778868,11.213708,2.8991926,2041
9575,r10i1p1f1,2041,03,20,22.603272608983772,9.504882,3.1275856,2041
9576,r10i1p1f1,2041,03,21,3.1443928561202483,13.138618,2.4208782,2041
9577,r10i1p1f1,2041,03,22,1.1916265459675695,11.299498,2.0122325,2041
9578,r10i1p1f1,2041,03,23,33.54563594513916,10.597576,5.58332,2041
9579,r10i1p1f1,2041,03,24,6.8548372784215115,10.300026,3.8952847,2041
9580,r10i1p1f1,2041,03,25,0.0,15.913011,0.9909953,2041
9581,r10i1p1f1,2041,03,26,0.0,15.702799,1.7446809,2041
9582,r10i1p1f1,2041,03,27,0.0,19.148188,3.2807689,2041
9583,r10i1p1f1,2041,03,28,4.5616913555644905,16.834726,3.2803445,2041
9584,r10i1p1f1,2041,03,29,3.509216892598488,10.070032,-1.938166,2041
9585,r10i1p1f1,2041,03,30,0.1741921712987517,15.489549,-0.74397177,2041
9586,r10i1p1f1,2041,03,31,0.0,15.49677,4.8304634,2041
9587,r10i1p1f1,2041,04,01,0.8826642544016451,11.926828,3.2198951,2041
9588,r10i1p1f1,2041,04,02,0.0,18.136967,1.5723287,2041
9589,r10i1p1f1,2041,04,03,0.0,17.935507,2.7176297,2041
9590,r10i1p1f1,2041,04,04,0.0,19.644842,4.6446958,2041
9591,r10i1p1f1,2041,04,05,0.0,20.7545,4.521693,2041
9592,r10i1p1f1,2041,04,06,0.0,21.33266,7.0138664,2041
9593,r10i1p1f1,2041,04,07,0.0,15.495532,3.158715,2041
9594,r10i1p1f1,2041,04,08,0.0,19.154945,2.2919564,2041
9595,r10i1p1f1,2041,04,09,0.0,19.081415,3.98744,2041
9596,r10i1p1f1,2041,04,10,1.175459473789057,19.662178,4.955638,2041
9597,r10i1p1f1,2041,04,11,0.0,21.693354,6.222049,2041
9598,r10i1p1f1,2041,04,12,0.0,25.805159,6.800961,2041
9599,r10i1p1f1,2041,04,13,0.0,26.016949,8.560203,2041
9600,r10i1p1f1,2041,04,14,0.0,24.010498,11.006031,2041
9601,r10i1p1f1,2041,04,15,0.0,25.176838,9.107155,2041
9602,r10i1p1f1,2041,04,16,0.0,25.153812,9.741617,2041
9603,r10i1p1f1,2041,04,17,0.0,23.376078,9.209394,2041
9604,r10i1p1f1,2041,04,18,0.0,25.425451,9.957122,2041
9605,r10i1p1f1,2041,04,19,0.3211873561260865,22.160864,7.098591,2041
9606,r10i1p1f1,2041,04,20,0.0,14.737472,3.3175366,2041
9607,r10i1p1f1,2041,04,21,0.0,18.622015,3.2240696,2041
9608,r10i1p1f1,2041,04,22,0.0,21.395512,4.3697853,2041
9609,r10i1p1f1,2041,04,23,0.0,22.345507,7.870162,2041
9610,r10i1p1f1,2041,04,24,0.0,20.530334,6.8588715,2041
9611,r10i1p1f1,2041,04,25,0.0,25.035744,8.587268,2041
9612,r10i1p1f1,2041,04,26,0.0,24.629597,9.429426,2041
9613,r10i1p1f1,2041,04,27,0.0,18.077492,5.380723,2041
9614,r10i1p1f1,2041,04,28,0.0,16.981659,1.1751724,2041
9615,r10i1p1f1,2041,04,29,0.0,20.127367,4.8265557,2041
9616,r10i1p1f1,2041,04,30,1.0338849086302186,17.376673,4.5935426,2041
9617,r10i1p1f1,2041,05,01,0.3208938380626741,21.276976,4.108596,2041
9618,r10i1p1f1,2041,05,02,0.0,25.66937,9.048718,2041
9619,r10i1p1f1,2041,05,03,0.0,28.587486,13.866091,2041
9620,r10i1p1f1,2041,05,04,0.0,31.375671,12.652655,2041
9621,r10i1p1f1,2041,05,05,0.0,32.882256,15.225255,2041
9622,r10i1p1f1,2041,05,06,0.0,31.174618,15.365695,2041
9623,r10i1p1f1,2041,05,07,0.0,29.482946,13.287821,2041
9624,r10i1p1f1,2041,05,08,0.0,26.333923,11.153632,2041
9625,r10i1p1f1,2041,05,09,0.0,23.28065,7.2561855,2041
9626,r10i1p1f1,2041,05,10,0.0,25.454786,9.239732,2041
9627,r10i1p1f1,2041,05,11,0.0,24.66469,8.817027,2041
9628,r10i1p1f1,2041,05,12,0.0,22.643478,8.266026,2041
9629,r10i1p1f1,2041,05,13,0.0,21.12324,7.6372256,2041
9630,r10i1p1f1,2041,05,14,0.0,20.023642,4.821659,2041
9631,r10i1p1f1,2041,05,15,0.0,19.00834,3.4484587,2041
9632,r10i1p1f1,2041,05,16,0.0,24.579851,5.5342264,2041
9633,r10i1p1f1,2041,05,17,0.0,26.453915,8.694163,2041
9634,r10i1p1f1,2041,05,18,0.45667300837521907,24.859566,9.811888,2041
9635,r10i1p1f1,2041,05,19,0.0,23.959478,6.5400047,2041
9636,r10i1p1f1,2041,05,20,0.0,26.088852,10.06829,2041
9637,r10i1p1f1,2041,05,21,0.0,23.828354,9.106927,2041
9638,r10i1p1f1,2041,05,22,0.0,28.606497,10.83676,2041
9639,r10i1p1f1,2041,05,23,0.0,31.286922,14.984051,2041
9640,r10i1p1f1,2041,05,24,0.0,31.589941,15.733866,2041
9641,r10i1p1f1,2041,05,25,0.0,30.484999,14.459412,2041
9642,r10i1p1f1,2041,05,26,0.0,29.25274,14.221518,2041
9643,r10i1p1f1,2041,05,27,0.0,28.959387,14.023877,2041
9644,r10i1p1f1,2041,05,28,0.0,28.19612,13.140984,2041
9645,r10i1p1f1,2041,05,29,0.0,27.779808,12.524213,2041
9646,r10i1p1f1,2041,05,30,0.0,26.641977,11.644411,2041
9647,r10i1p1f1,2041,05,31,0.0,19.379896,5.7450705,2041
9648,r10i1p1f1,2041,06,01,0.019975041959696682,19.82969,3.499168,2041
9649,r10i1p1f1,2041,06,02,0.0,24.016129,4.4126024,2041
9650,r10i1p1f1,2041,06,03,0.0,26.145514,8.9158,2041
9651,r10i1p1f1,2041,06,04,0.0,27.940928,10.898491,2041
9652,r10i1p1f1,2041,06,05,0.0,29.87856,11.839423,2041
9653,r10i1p1f1,2041,06,06,0.0,29.977299,12.272916,2041
9654,r10i1p1f1,2041,06,07,0.0,29.268995,12.299993,2041
9655,r10i1p1f1,2041,06,08,0.0,24.943989,12.351447,2041
9656,r10i1p1f1,2041,06,09,0.0,21.73359,5.5345664,2041
9657,r10i1p1f1,2041,06,10,0.0,26.393085,9.687312,2041
9658,r10i1p1f1,2041,06,11,0.0,31.53503,14.634416,2041
9659,r10i1p1f1,2041,06,12,0.0,33.22026,16.444874,2041
9660,r10i1p1f1,2041,06,13,0.0,36.879837,16.742155,2041
9661,r10i1p1f1,2041,06,14,0.0,36.866516,21.32203,2041
9662,r10i1p1f1,2041,06,15,0.0,32.880733,19.585032,2041
9663,r10i1p1f1,2041,06,16,0.0,32.69817,14.086998,2041
9664,r10i1p1f1,2041,06,17,0.0,32.244766,17.644133,2041
9665,r10i1p1f1,2041,06,18,0.0,29.874216,14.996214,2041
9666,r10i1p1f1,2041,06,19,0.011973057208754318,30.81272,13.436995,2041
9667,r10i1p1f1,2041,06,20,0.0,31.040504,14.744367,2041
9668,r10i1p1f1,2041,06,21,0.11398953648542949,27.543428,12.543145,2041
9669,r10i1p1f1,2041,06,22,0.0,27.271128,12.270937,2041
9670,r10i1p1f1,2041,06,23,3.258906476055831,25.645735,9.820033,2041
9671,r10i1p1f1,2041,06,24,0.2522757724220451,31.68159,14.260376,2041
9672,r10i1p1f1,2041,06,25,0.0,36.22529,19.082378,2041
9673,r10i1p1f1,2041,06,26,0.0,37.73648,21.000536,2041
9674,r10i1p1f1,2041,06,27,0.3301447628760606,36.383972,20.330873,2041
9675,r10i1p1f1,2041,06,28,0.0,34.149544,16.911047,2041
9676,r10i1p1f1,2041,06,29,0.0,30.95797,14.16921,2041
9677,r10i1p1f1,2041,06,30,0.0,32.166252,16.212246,2041
9678,r10i1p1f1,2041,07,01,0.0,30.672678,13.958987,2041
9679,r10i1p1f1,2041,07,02,0.0,35.43641,16.741306,2041
9680,r10i1p1f1,2041,07,03,0.0,38.512596,20.04741,2041
9681,r10i1p1f1,2041,07,04,0.0,38.899105,20.194454,2041
9682,r10i1p1f1,2041,07,05,0.45825544017900127,37.69742,20.109987,2041
9683,r10i1p1f1,2041,07,06,1.4271465601555782,37.057617,21.032969,2041
9684,r10i1p1f1,2041,07,07,0.1389132496833075,37.766335,22.56692,2041
9685,r10i1p1f1,2041,07,08,0.0,36.265373,20.883726,2041
9686,r10i1p1f1,2041,07,09,0.0,32.265972,17.493633,2041
9687,r10i1p1f1,2041,07,10,0.0,33.568005,15.447597,2041
9688,r10i1p1f1,2041,07,11,0.0,37.64777,19.364721,2041
9689,r10i1p1f1,2041,07,12,0.0,39.782803,22.355604,2041
9690,r10i1p1f1,2041,07,13,0.0,39.797447,24.053865,2041
9691,r10i1p1f1,2041,07,14,0.0,38.72159,21.135427,2041
9692,r10i1p1f1,2041,07,15,0.0,34.66029,17.077736,2041
9693,r10i1p1f1,2041,07,16,0.0,29.007,13.5581455,2041
9694,r10i1p1f1,2041,07,17,0.0,26.947458,11.16792,2041
9695,r10i1p1f1,2041,07,18,0.0,32.702488,13.86012,2041
9696,r10i1p1f1,2041,07,19,0.0,37.505024,17.305914,2041
9697,r10i1p1f1,2041,07,20,0.0,39.15082,19.227636,2041
9698,r10i1p1f1,2041,07,21,0.0,38.27781,19.368029,2041
9699,r10i1p1f1,2041,07,22,0.0,37.495155,18.796045,2041
9700,r10i1p1f1,2041,07,23,0.0,35.177006,18.599634,2041
9701,r10i1p1f1,2041,07,24,0.0,34.097015,17.806908,2041
9702,r10i1p1f1,2041,07,25,0.0,32.86498,16.229515,2041
9703,r10i1p1f1,2041,07,26,0.0,35.671825,18.20345,2041
9704,r10i1p1f1,2041,07,27,0.0,36.51376,18.8596,2041
9705,r10i1p1f1,2041,07,28,0.0,37.600636,19.652601,2041
9706,r10i1p1f1,2041,07,29,0.0,38.315014,19.905344,2041
9707,r10i1p1f1,2041,07,30,0.0,37.68648,19.967,2041
9708,r10i1p1f1,2041,07,31,0.0,37.61968,18.462578,2041
9709,r10i1p1f1,2041,08,01,0.0,37.118645,20.333702,2041
9710,r10i1p1f1,2041,08,02,0.0,36.233974,18.587505,2041
9711,r10i1p1f1,2041,08,03,0.0,33.376015,16.788986,2041
9712,r10i1p1f1,2041,08,04,0.0,28.722872,13.570737,2041
9713,r10i1p1f1,2041,08,05,0.0,28.947018,11.569222,2041
9714,r10i1p1f1,2041,08,06,0.0,32.182285,13.852592,2041
9715,r10i1p1f1,2041,08,07,0.0,36.823864,16.796537,2041
9716,r10i1p1f1,2041,08,08,0.0,36.762207,18.738636,2041
9717,r10i1p1f1,2041,08,09,0.0,36.391026,17.365234,2041
9718,r10i1p1f1,2041,08,10,0.0,39.38671,20.226242,2041
9719,r10i1p1f1,2041,08,11,0.0,39.52228,21.980932,2041
9720,r10i1p1f1,2041,08,12,0.0,38.48235,20.804586,2041
9721,r10i1p1f1,2041,08,13,0.0,37.25707,20.658958,2041
9722,r10i1p1f1,2041,08,14,0.0,36.70833,19.493544,2041
9723,r10i1p1f1,2041,08,15,0.0,35.45932,18.845789,2041
9724,r10i1p1f1,2041,08,16,0.0,34.130035,18.101028,2041
9725,r10i1p1f1,2041,08,17,0.0,32.876846,17.11021,2041
9726,r10i1p1f1,2041,08,18,0.0,32.75805,17.509668,2041
9727,r10i1p1f1,2041,08,19,0.0,33.523045,16.689772,2041
9728,r10i1p1f1,2041,08,20,0.0,34.43607,15.8138,2041
9729,r10i1p1f1,2041,08,21,0.0,33.838444,15.23757,2041
9730,r10i1p1f1,2041,08,22,0.0,34.32307,16.187368,2041
9731,r10i1p1f1,2041,08,23,0.0,36.291637,17.96573,2041
9732,r10i1p1f1,2041,08,24,0.0,37.264847,18.349117,2041
9733,r10i1p1f1,2041,08,25,0.0,35.431473,19.019838,2041
9734,r10i1p1f1,2041,08,26,0.0,38.26714,18.453342,2041
9735,r10i1p1f1,2041,08,27,0.0,38.25659,19.859194,2041
9736,r10i1p1f1,2041,08,28,0.0,38.12955,19.117151,2041
9737,r10i1p1f1,2041,08,29,0.0,36.226936,19.0523,2041
9738,r10i1p1f1,2041,08,30,0.0,37.284786,19.573252,2041
9739,r10i1p1f1,2041,08,31,0.0,38.79007,18.84033,2041
9740,r10i1p1f1,2041,09,01,0.0,38.42861,20.858658,2041
9741,r10i1p1f1,2041,09,02,0.0,37.31273,21.48024,2041
9742,r10i1p1f1,2041,09,03,0.0,38.169308,19.82346,2041
9743,r10i1p1f1,2041,09,04,0.0,34.97533,19.684326,2041
9744,r10i1p1f1,2041,09,05,0.0,34.309437,19.80499,2041
9745,r10i1p1f1,2041,09,06,0.0,33.59492,16.105495,2041
9746,r10i1p1f1,2041,09,07,0.0,32.450905,16.030035,2041
9747,r10i1p1f1,2041,09,08,0.0,33.57242,16.756199,2041
9748,r10i1p1f1,2041,09,09,0.0,37.122566,18.873611,2041
9749,r10i1p1f1,2041,09,10,0.0,37.789326,20.804249,2041
9750,r10i1p1f1,2041,09,11,0.0,37.753513,22.011333,2041
9751,r10i1p1f1,2041,09,12,0.0,36.54369,19.27063,2041
9752,r10i1p1f1,2041,09,13,0.0,33.85613,17.483477,2041
9753,r10i1p1f1,2041,09,14,0.0,35.668182,18.065687,2041
9754,r10i1p1f1,2041,09,15,0.0,36.987,19.737074,2041
9755,r10i1p1f1,2041,09,16,0.0,35.383003,19.718258,2041
9756,r10i1p1f1,2041,09,17,0.0,36.885044,19.393875,2041
9757,r10i1p1f1,2041,09,18,0.0,40.331234,21.702255,2041
9758,r10i1p1f1,2041,09,19,0.0,40.87542,22.61026,2041
9759,r10i1p1f1,2041,09,20,0.0,41.065674,23.492315,2041
9760,r10i1p1f1,2041,09,21,0.0,40.462498,23.273687,2041
9761,r10i1p1f1,2041,09,22,0.0,39.799324,22.60913,2041
9762,r10i1p1f1,2041,09,23,0.0,39.850426,23.729355,2041
9763,r10i1p1f1,2041,09,24,0.0,37.063713,20.82558,2041
9764,r10i1p1f1,2041,09,25,0.0,33.769238,17.965876,2041
9765,r10i1p1f1,2041,09,26,0.0,33.1915,15.995255,2041
9766,r10i1p1f1,2041,09,27,0.0,31.901583,17.609278,2041
9767,r10i1p1f1,2041,09,28,0.0,31.589136,17.351526,2041
9768,r10i1p1f1,2041,09,29,0.0,31.939938,15.096535,2041
9769,r10i1p1f1,2041,09,30,0.0,32.846424,15.775712,2041
9770,r10i1p1f1,2041,10,01,0.0,31.634672,16.049881,2041
9771,r10i1p1f1,2041,10,02,0.0,28.70371,14.144803,2041
9772,r10i1p1f1,2041,10,03,0.0,26.959763,10.957571,2041
9773,r10i1p1f1,2041,10,04,0.0,25.291021,10.384751,2041
9774,r10i1p1f1,2041,10,05,0.0,23.259527,9.309714,2041
9775,r10i1p1f1,2041,10,06,0.0,20.90442,9.943357,2041
9776,r10i1p1f1,2041,10,07,0.2966100696013248,20.692776,9.998244,2041
9777,r10i1p1f1,2041,10,08,0.942357022732291,20.255009,9.428161,2041
9778,r10i1p1f1,2041,10,09,0.0,22.387999,6.480901,2041
9779,r10i1p1f1,2041,10,10,0.0,24.498362,9.490674,2041
9780,r10i1p1f1,2041,10,11,0.0,28.763813,12.047923,2041
9781,r10i1p1f1,2041,10,12,0.0,29.784777,13.52452,2041
9782,r10i1p1f1,2041,10,13,0.0,28.100101,11.812879,2041
9783,r10i1p1f1,2041,10,14,0.0,26.790375,11.418619,2041
9784,r10i1p1f1,2041,10,15,0.0,25.693966,12.057691,2041
9785,r10i1p1f1,2041,10,16,0.0,25.467512,12.021155,2041
9786,r10i1p1f1,2041,10,17,0.0,22.923958,10.27078,2041
9787,r10i1p1f1,2041,10,18,2.567614604844206,23.23862,10.348813,2041
9788,r10i1p1f1,2041,10,19,1.1267525648068648,23.537287,8.578925,2041
9789,r10i1p1f1,2041,10,20,0.0,23.451483,8.524718,2041
9790,r10i1p1f1,2041,10,21,0.0,24.276682,12.271029,2041
9791,r10i1p1f1,2041,10,22,26.60374426509646,21.013647,10.630627,2041
9792,r10i1p1f1,2041,10,23,1.1218621290984294,15.984577,7.575833,2041
9793,r10i1p1f1,2041,10,24,0.0,15.789556,3.9245117,2041
9794,r10i1p1f1,2041,10,25,0.0,16.3223,4.889881,2041
9795,r10i1p1f1,2041,10,26,0.0,17.850464,5.213427,2041
9796,r10i1p1f1,2041,10,27,0.0,17.784334,4.8405576,2041
9797,r10i1p1f1,2041,10,28,0.012090870854751157,17.183325,8.914566,2041
9798,r10i1p1f1,2041,10,29,21.632172802377394,16.12934,9.98338,2041
9799,r10i1p1f1,2041,10,30,3.8847664959528054,12.795371,6.5952554,2041
9800,r10i1p1f1,2041,10,31,1.38713441947881,15.662081,5.016687,2041
9801,r10i1p1f1,2041,11,01,0.0,16.485596,3.5280385,2041
9802,r10i1p1f1,2041,11,02,0.0,18.00192,5.050995,2041
9803,r10i1p1f1,2041,11,03,0.0,21.118856,5.112814,2041
9804,r10i1p1f1,2041,11,04,0.0,22.339588,6.549089,2041
9805,r10i1p1f1,2041,11,05,43.05921327567806,14.226921,5.3296013,2041
9806,r10i1p1f1,2041,11,06,32.05817111118353,8.831872,4.001497,2041
9807,r10i1p1f1,2041,11,07,2.9001812877954523,10.074174,2.2226543,2041
9808,r10i1p1f1,2041,11,08,1.245274641345723,14.392825,1.4451268,2041
9809,r10i1p1f1,2041,11,09,0.0,16.858341,2.81578,2041
9810,r10i1p1f1,2041,11,10,0.0,17.552008,4.466638,2041
9811,r10i1p1f1,2041,11,11,0.0,17.073978,6.2337565,2041
9812,r10i1p1f1,2041,11,12,0.0,20.404812,4.7792697,2041
9813,r10i1p1f1,2041,11,13,0.0,19.259638,8.116534,2041
9814,r10i1p1f1,2041,11,14,0.0,17.049667,5.0151544,2041
9815,r10i1p1f1,2041,11,15,0.0,15.959818,2.6565905,2041
9816,r10i1p1f1,2041,11,16,0.0,16.96155,5.2908998,2041
9817,r10i1p1f1,2041,11,17,13.407710370129758,17.368292,6.3928514,2041
9818,r10i1p1f1,2041,11,18,19.45530181876261,9.581588,4.4000764,2041
9819,r10i1p1f1,2041,11,19,1.189030436989924,12.629491,1.24617,2041
9820,r10i1p1f1,2041,11,20,2.717756535792815,11.499814,4.5545254,2041
9821,r10i1p1f1,2041,11,21,4.021745193638612,13.863692,3.7366984,2041
9822,r10i1p1f1,2041,11,22,0.0,17.328594,3.039504,2041
9823,r10i1p1f1,2041,11,23,0.0,21.083044,3.2749665,2041
9824,r10i1p1f1,2041,11,24,0.0,19.762114,7.646706,2041
9825,r10i1p1f1,2041,11,25,0.0,19.044798,6.975508,2041
9826,r10i1p1f1,2041,11,26,0.38080266485370595,16.371351,5.9678183,2041
9827,r10i1p1f1,2041,11,27,0.0,16.91163,3.009448,2041
9828,r10i1p1f1,2041,11,28,0.0,16.537867,5.0347047,2041
9829,r10i1p1f1,2041,11,29,0.0,16.86088,6.4947586,2041
9830,r10i1p1f1,2041,11,30,0.0802520128720636,15.675713,8.703021,2041
9831,r10i1p1f1,2041,12,01,0.34670757483438236,16.471083,8.335269,2041
9832,r10i1p1f1,2041,12,02,21.533130254829302,14.55884,8.764611,2041
9833,r10i1p1f1,2041,12,03,10.962586291210947,11.57077,7.3923903,2041
9834,r10i1p1f1,2041,12,04,0.0,15.091642,7.182341,2041
9835,r10i1p1f1,2041,12,05,0.002709587715798989,16.325232,4.2683334,2041
9836,r10i1p1f1,2041,12,06,17.239099562376442,11.6958685,5.5111027,2041
9837,r10i1p1f1,2041,12,07,7.502265944448912,9.026111,4.797951,2041
9838,r10i1p1f1,2041,12,08,8.7039685167072,10.937055,5.9103684,2041
9839,r10i1p1f1,2041,12,09,0.0,15.066587,4.866136,2041
9840,r10i1p1f1,2041,12,10,0.0,16.518684,2.5508196,2041
9841,r10i1p1f1,2041,12,11,0.0,13.65437,2.7119088,2041
9842,r10i1p1f1,2041,12,12,14.877087419613657,9.834658,4.958483,2041
9843,r10i1p1f1,2041,12,13,5.4301334812599205,11.322679,6.752716,2041
9844,r10i1p1f1,2041,12,14,40.490690153092146,12.767224,7.840419,2041
9845,r10i1p1f1,2041,12,15,45.33800750842171,13.355107,4.3604183,2041
9846,r10i1p1f1,2041,12,16,6.996500994658786,7.10911,-1.6599543,2041
9847,r10i1p1f1,2041,12,17,0.0,6.8916025,-4.0409636,2041
9848,r10i1p1f1,2041,12,18,0.0,7.5681295,-1.4596434,2041
9849,r10i1p1f1,2041,12,19,0.0,13.599288,1.7466521,2041
9850,r10i1p1f1,2041,12,20,0.0,14.549528,2.0342228,2041
9851,r10i1p1f1,2041,12,21,0.0,15.240136,2.6787302,2041
9852,r10i1p1f1,2041,12,22,0.0,13.777519,2.2486055,2041
9853,r10i1p1f1,2041,12,23,0.0,11.553119,1.3950635,2041
9854,r10i1p1f1,2041,12,24,0.0,10.617669,1.3622439,2041
9855,r10i1p1f1,2041,12,25,0.0,10.06561,0.42342478,2041
9856,r10i1p1f1,2041,12,26,0.0,13.458733,0.21198052,2041
9857,r10i1p1f1,2041,12,27,0.0,11.14066,0.88641155,2041
9858,r10i1p1f1,2041,12,28,0.0,12.113984,1.4771668,2041
9859,r10i1p1f1,2041,12,29,0.0,14.333877,1.1404921,2041
9860,r10i1p1f1,2041,12,30,0.0,12.845856,4.557752,2041
9861,r10i1p1f1,2041,12,31,4.392396388740101,7.8206496,4.0587006,2041
9862,r10i1p1f1,2042,01,01,21.05504842046158,7.618529,2.9140654,2042
9863,r10i1p1f1,2042,01,02,10.78153586441706,8.381407,1.8978486,2042
9864,r10i1p1f1,2042,01,03,0.0,6.5177407,-3.7259822,2042
9865,r10i1p1f1,2042,01,04,0.04041194272423653,7.890653,-1.9021149,2042
9866,r10i1p1f1,2042,01,05,0.0,7.319391,-3.417629,2042
9867,r10i1p1f1,2042,01,06,0.0,7.8898244,-0.76392126,2042
9868,r10i1p1f1,2042,01,07,0.0,9.501428,-1.554608,2042
9869,r10i1p1f1,2042,01,08,26.67047993178896,8.364833,1.3305523,2042
9870,r10i1p1f1,2042,01,09,17.93639543068007,12.078488,6.930521,2042
9871,r10i1p1f1,2042,01,10,24.22068032664308,13.705406,9.571043,2042
9872,r10i1p1f1,2042,01,11,49.703770307640205,13.889078,9.077599,2042
9873,r10i1p1f1,2042,01,12,2.9743508030414407,12.396403,8.232859,2042
9874,r10i1p1f1,2042,01,13,41.00115868526413,12.944049,7.053314,2042
9875,r10i1p1f1,2042,01,14,35.38823741469778,14.59547,5.920591,2042
9876,r10i1p1f1,2042,01,15,9.353768835947113,9.537042,5.1052446,2042
9877,r10i1p1f1,2042,01,16,0.0,10.893221,6.5779376,2042
9878,r10i1p1f1,2042,01,17,0.0,13.879594,2.6427372,2042
9879,r10i1p1f1,2042,01,18,0.0,18.440607,7.942471,2042
9880,r10i1p1f1,2042,01,19,0.2450543600724287,16.939842,7.0157456,2042
9881,r10i1p1f1,2042,01,20,0.0,13.379445,2.9193542,2042
9882,r10i1p1f1,2042,01,21,0.0,18.463408,4.1479726,2042
9883,r10i1p1f1,2042,01,22,0.0,16.950012,5.6762166,2042
9884,r10i1p1f1,2042,01,23,4.1877083627409055,13.755658,6.0702972,2042
9885,r10i1p1f1,2042,01,24,71.49784314862795,16.608616,7.6573205,2042
9886,r10i1p1f1,2042,01,25,44.05084933509658,18.08617,10.700778,2042
9887,r10i1p1f1,2042,01,26,9.197918411561396,13.686882,6.8461375,2042
9888,r10i1p1f1,2042,01,27,8.19117193746742,13.106291,7.3536506,2042
9889,r10i1p1f1,2042,01,28,21.27853393704802,16.605917,9.723218,2042
9890,r10i1p1f1,2042,01,29,0.0,14.286003,5.314181,2042
9891,r10i1p1f1,2042,01,30,10.98738584501246,9.521385,4.8387227,2042
9892,r10i1p1f1,2042,01,31,0.0,10.014297,2.170922,2042
9893,r10i1p1f1,2042,02,01,3.9429051445375465,7.663767,1.6986666,2042
9894,r10i1p1f1,2042,02,02,0.0,8.243652,-1.0578011,2042
9895,r10i1p1f1,2042,02,03,0.0,11.7877865,-0.5505644,2042
9896,r10i1p1f1,2042,02,04,0.0,16.13876,3.114211,2042
9897,r10i1p1f1,2042,02,05,0.0,19.896212,4.665689,2042
9898,r10i1p1f1,2042,02,06,0.0,20.600855,5.5563927,2042
9899,r10i1p1f1,2042,02,07,0.0,18.597073,7.8017,2042
9900,r10i1p1f1,2042,02,08,0.0,20.69508,7.479604,2042
9901,r10i1p1f1,2042,02,09,0.0,21.843445,8.151057,2042
9902,r10i1p1f1,2042,02,10,0.0,22.59895,8.020639,2042
9903,r10i1p1f1,2042,02,11,0.0,21.547861,8.8474455,2042
9904,r10i1p1f1,2042,02,12,0.03225482603164365,17.563387,8.846832,2042
9905,r10i1p1f1,2042,02,13,0.0,14.91987,3.670443,2042
9906,r10i1p1f1,2042,02,14,0.0,14.766468,2.0561223,2042
9907,r10i1p1f1,2042,02,15,0.0,17.711416,4.3186355,2042
9908,r10i1p1f1,2042,02,16,0.0,17.642351,3.813903,2042
9909,r10i1p1f1,2042,02,17,12.719394867542034,14.591083,3.0201483,2042
9910,r10i1p1f1,2042,02,18,0.0,9.135517,-1.2070265,2042
9911,r10i1p1f1,2042,02,19,0.0,7.1797132,-0.5136556,2042
9912,r10i1p1f1,2042,02,20,29.69028692827315,8.030037,0.5091864,2042
9913,r10i1p1f1,2042,02,21,0.07975576935151414,9.698654,-0.20047599,2042
9914,r10i1p1f1,2042,02,22,0.0,10.979308,-1.3256314,2042
9915,r10i1p1f1,2042,02,23,0.0,11.843926,-0.55387115,2042
9916,r10i1p1f1,2042,02,24,0.0,11.846529,-0.38634673,2042
9917,r10i1p1f1,2042,02,25,54.053619454345224,10.053943,0.3844719,2042
9918,r10i1p1f1,2042,02,26,38.533734526763986,10.243576,-1.3733926,2042
9919,r10i1p1f1,2042,02,27,5.01468328254161,5.240879,-3.4056149,2042
9920,r10i1p1f1,2042,02,28,9.532806773648574,3.8557057,-1.9260964,2042
9921,r10i1p1f1,2042,03,01,38.04403997155053,3.72913,-1.213678,2042
9922,r10i1p1f1,2042,03,02,13.970752265518776,5.361357,-2.7180037,2042
9923,r10i1p1f1,2042,03,03,43.5266305747638,4.506512,-2.2061462,2042
9924,r10i1p1f1,2042,03,04,13.0176124707137,4.9409676,-3.4503267,2042
9925,r10i1p1f1,2042,03,05,26.895293323813302,4.9987884,-3.2788324,2042
9926,r10i1p1f1,2042,03,06,1.575259364950685,9.247403,1.9963983,2042
9927,r10i1p1f1,2042,03,07,0.0,13.140177,-1.7595843,2042
9928,r10i1p1f1,2042,03,08,0.0,19.576948,1.5257217,2042
9929,r10i1p1f1,2042,03,09,0.0,18.233889,2.830975,2042
9930,r10i1p1f1,2042,03,10,0.0,17.32045,4.9959116,2042
9931,r10i1p1f1,2042,03,11,0.067479727926854,17.27273,4.9191475,2042
9932,r10i1p1f1,2042,03,12,1.0022500902873857,12.795752,2.3851585,2042
9933,r10i1p1f1,2042,03,13,0.0,10.332203,-0.73395115,2042
9934,r10i1p1f1,2042,03,14,1.0597874668112701,9.531318,1.4628372,2042
9935,r10i1p1f1,2042,03,15,1.847517209171201,11.293933,-0.09035191,2042
9936,r10i1p1f1,2042,03,16,0.03218206218566353,12.155202,-1.281579,2042
9937,r10i1p1f1,2042,03,17,0.0,13.291507,-2.9725306,2042
9938,r10i1p1f1,2042,03,18,0.05049883080860845,11.863171,-1.2991925,2042
9939,r10i1p1f1,2042,03,19,0.0,10.367122,-1.2330515,2042
9940,r10i1p1f1,2042,03,20,10.429973926128648,14.099626,-1.0614392,2042
9941,r10i1p1f1,2042,03,21,0.0,13.204517,-0.39694715,2042
9942,r10i1p1f1,2042,03,22,0.0,18.072058,1.0131824,2042
9943,r10i1p1f1,2042,03,23,0.0,20.03541,4.8583617,2042
9944,r10i1p1f1,2042,03,24,0.0,23.160048,8.499525,2042
9945,r10i1p1f1,2042,03,25,0.0,24.617615,8.835177,2042
9946,r10i1p1f1,2042,03,26,0.0,23.763525,8.728769,2042
9947,r10i1p1f1,2042,03,27,0.0,17.978657,6.1726813,2042
9948,r10i1p1f1,2042,03,28,0.0,22.540607,5.848024,2042
9949,r10i1p1f1,2042,03,29,0.0,23.728863,7.5737386,2042
9950,r10i1p1f1,2042,03,30,0.0,23.410751,9.154441,2042
9951,r10i1p1f1,2042,03,31,0.0,22.192411,6.6367726,2042
9952,r10i1p1f1,2042,04,01,18.174189488758874,14.701615,1.670652,2042
9953,r10i1p1f1,2042,04,02,6.80826641810678,12.41615,3.2397866,2042
9954,r10i1p1f1,2042,04,03,0.6053478749005368,18.840097,4.8983893,2042
9955,r10i1p1f1,2042,04,04,0.0,19.214008,7.1080875,2042
9956,r10i1p1f1,2042,04,05,0.0,22.1928,6.498845,2042
9957,r10i1p1f1,2042,04,06,0.0,23.450642,7.2264957,2042
9958,r10i1p1f1,2042,04,07,0.0,23.152607,9.383679,2042
9959,r10i1p1f1,2042,04,08,0.0,27.615953,9.21849,2042
9960,r10i1p1f1,2042,04,09,0.0,28.635485,12.2134285,2042
9961,r10i1p1f1,2042,04,10,0.0,27.252634,15.272803,2042
9962,r10i1p1f1,2042,04,11,0.0,22.076843,7.684335,2042
9963,r10i1p1f1,2042,04,12,0.41411597946870116,18.984682,3.7998521,2042
9964,r10i1p1f1,2042,04,13,3.1287900651142606,16.516985,3.5257874,2042
9965,r10i1p1f1,2042,04,14,0.0,24.321976,7.585292,2042
9966,r10i1p1f1,2042,04,15,0.0,24.195562,9.869777,2042
9967,r10i1p1f1,2042,04,16,0.0,20.77959,7.8920426,2042
9968,r10i1p1f1,2042,04,17,0.0,22.917475,7.177031,2042
9969,r10i1p1f1,2042,04,18,0.0,24.869614,9.544344,2042
9970,r10i1p1f1,2042,04,19,0.0,28.476553,9.441752,2042
9971,r10i1p1f1,2042,04,20,0.0,27.97265,11.315845,2042
9972,r10i1p1f1,2042,04,21,0.0,26.924946,11.584039,2042
9973,r10i1p1f1,2042,04,22,0.0,25.23533,9.951652,2042
9974,r10i1p1f1,2042,04,23,0.0,20.212015,4.496882,2042
9975,r10i1p1f1,2042,04,24,0.0,17.812136,4.565563,2042
9976,r10i1p1f1,2042,04,25,0.0,18.593546,2.9471111,2042
9977,r10i1p1f1,2042,04,26,0.0,20.303146,5.352517,2042
9978,r10i1p1f1,2042,04,27,0.0,22.156296,7.044469,2042
9979,r10i1p1f1,2042,04,28,0.239787615253973,18.825064,4.0893707,2042
9980,r10i1p1f1,2042,04,29,49.71452467266078,11.82608,3.9825187,2042
9981,r10i1p1f1,2042,04,30,8.885941543925775,10.979247,2.26318,2042
9982,r10i1p1f1,2042,05,01,0.0,14.973722,1.668067,2042
9983,r10i1p1f1,2042,05,02,0.0,14.959292,1.8930176,2042
9984,r10i1p1f1,2042,05,03,0.0,19.169714,2.7949858,2042
9985,r10i1p1f1,2042,05,04,0.0,19.074749,5.2909737,2042
9986,r10i1p1f1,2042,05,05,0.0,17.342663,6.4962883,2042
9987,r10i1p1f1,2042,05,06,0.0,15.830945,5.1246433,2042
9988,r10i1p1f1,2042,05,07,0.19811291253733398,14.660506,1.9069878,2042
9989,r10i1p1f1,2042,05,08,0.0,16.000467,0.65475786,2042
9990,r10i1p1f1,2042,05,09,0.0,15.607987,0.33000243,2042
9991,r10i1p1f1,2042,05,10,0.5791880971197603,14.15059,1.8785403,2042
9992,r10i1p1f1,2042,05,11,0.0,17.03151,1.824997,2042
9993,r10i1p1f1,2042,05,12,0.0,20.659004,3.712938,2042
9994,r10i1p1f1,2042,05,13,0.0,25.760582,7.313743,2042
9995,r10i1p1f1,2042,05,14,0.27995790920900426,21.938108,6.5363016,2042
9996,r10i1p1f1,2042,05,15,1.6549669097529611,19.250135,6.6918845,2042
9997,r10i1p1f1,2042,05,16,1.383821487371805,18.7606,5.769058,2042
9998,r10i1p1f1,2042,05,17,3.0192720723071513,16.46012,0.7412842,2042
9999,r10i1p1f1,2042,05,18,0.0,23.867205,7.8955326,2042
10000,r10i1p1f1,2042,05,19,0.0,28.275255,12.188406,2042
10001,r10i1p1f1,2042,05,20,0.0,28.165297,12.68983,2042
10002,r10i1p1f1,2042,05,21,0.0,27.6645,11.15667,2042
10003,r10i1p1f1,2042,05,22,0.0,26.794397,10.390764,2042
10004,r10i1p1f1,2042,05,23,0.0,27.24021,12.1970005,2042
10005,r10i1p1f1,2042,05,24,0.0,26.52268,12.274782,2042
10006,r10i1p1f1,2042,05,25,0.0,26.172613,12.208202,2042
10007,r10i1p1f1,2042,05,26,0.0,25.341455,9.963975,2042
10008,r10i1p1f1,2042,05,27,0.0,28.887127,11.347659,2042
10009,r10i1p1f1,2042,05,28,0.0,30.818317,14.339375,2042
10010,r10i1p1f1,2042,05,29,0.0,29.423038,13.806502,2042
10011,r10i1p1f1,2042,05,30,0.0,22.022383,8.878426,2042
10012,r10i1p1f1,2042,05,31,0.0,16.710533,5.6469026,2042
10013,r10i1p1f1,2042,06,01,0.027136933318902982,16.442244,6.8399673,2042
10014,r10i1p1f1,2042,06,02,0.0,23.390652,4.465919,2042
10015,r10i1p1f1,2042,06,03,0.0,27.106815,11.7563715,2042
10016,r10i1p1f1,2042,06,04,0.0,29.544376,15.269011,2042
10017,r10i1p1f1,2042,06,05,0.0,32.525597,14.094419,2042
10018,r10i1p1f1,2042,06,06,0.0,31.517948,17.565067,2042
10019,r10i1p1f1,2042,06,07,0.0,31.187077,17.560707,2042
10020,r10i1p1f1,2042,06,08,0.0,32.27031,14.875653,2042
10021,r10i1p1f1,2042,06,09,0.0,32.730976,16.268812,2042
10022,r10i1p1f1,2042,06,10,0.0,31.465929,15.363819,2042
10023,r10i1p1f1,2042,06,11,0.0,27.846262,13.367514,2042
10024,r10i1p1f1,2042,06,12,0.0,28.314537,12.381976,2042
10025,r10i1p1f1,2042,06,13,0.0,31.01486,14.530076,2042
10026,r10i1p1f1,2042,06,14,0.0,35.75711,18.767332,2042
10027,r10i1p1f1,2042,06,15,0.0,38.146454,22.12175,2042
10028,r10i1p1f1,2042,06,16,0.0,37.58169,20.866114,2042
10029,r10i1p1f1,2042,06,17,0.0,34.26282,19.564384,2042
10030,r10i1p1f1,2042,06,18,0.0,31.65138,17.01178,2042
10031,r10i1p1f1,2042,06,19,0.0,30.862638,14.429978,2042
10032,r10i1p1f1,2042,06,20,0.0,33.323578,16.270998,2042
10033,r10i1p1f1,2042,06,21,0.0,31.942387,15.775442,2042
10034,r10i1p1f1,2042,06,22,0.0,31.604576,16.076427,2042
10035,r10i1p1f1,2042,06,23,0.0,35.269997,17.471704,2042
10036,r10i1p1f1,2042,06,24,0.0,34.269756,17.936733,2042
10037,r10i1p1f1,2042,06,25,0.0,31.720835,15.742021,2042
10038,r10i1p1f1,2042,06,26,0.0,37.745106,18.209303,2042
10039,r10i1p1f1,2042,06,27,0.0,35.05325,19.04832,2042
10040,r10i1p1f1,2042,06,28,0.18175615788143323,35.014088,20.123251,2042
10041,r10i1p1f1,2042,06,29,0.0,36.824314,20.582397,2042
10042,r10i1p1f1,2042,06,30,0.0,37.034996,20.60955,2042
10043,r10i1p1f1,2042,07,01,0.0,37.55415,20.38316,2042
10044,r10i1p1f1,2042,07,02,0.0,39.117676,20.807617,2042
10045,r10i1p1f1,2042,07,03,0.05663023377660705,37.985157,21.576265,2042
10046,r10i1p1f1,2042,07,04,0.09133336775688038,34.238453,18.319899,2042
10047,r10i1p1f1,2042,07,05,0.6738909232617037,32.50426,17.143179,2042
10048,r10i1p1f1,2042,07,06,0.0,32.48197,19.40078,2042
10049,r10i1p1f1,2042,07,07,0.0,32.778793,16.911816,2042
10050,r10i1p1f1,2042,07,08,0.0,30.592957,14.628334,2042
10051,r10i1p1f1,2042,07,09,0.0,29.265465,12.653403,2042
10052,r10i1p1f1,2042,07,10,0.0,30.300217,14.040651,2042
10053,r10i1p1f1,2042,07,11,0.0,29.151922,13.387881,2042
10054,r10i1p1f1,2042,07,12,0.0,30.140173,13.819662,2042
10055,r10i1p1f1,2042,07,13,0.0,28.944115,13.185236,2042
10056,r10i1p1f1,2042,07,14,0.0,26.708332,10.090094,2042
10057,r10i1p1f1,2042,07,15,0.0,31.607399,12.850736,2042
10058,r10i1p1f1,2042,07,16,0.0,34.816986,16.646494,2042
10059,r10i1p1f1,2042,07,17,0.0,35.661137,17.970472,2042
10060,r10i1p1f1,2042,07,18,0.0,36.62832,17.654688,2042
10061,r10i1p1f1,2042,07,19,0.0,37.62299,18.146917,2042
10062,r10i1p1f1,2042,07,20,0.0,37.815014,19.064196,2042
10063,r10i1p1f1,2042,07,21,0.0,38.11621,22.248383,2042
10064,r10i1p1f1,2042,07,22,0.0,37.321304,19.915117,2042
10065,r10i1p1f1,2042,07,23,0.0,37.319336,19.301933,2042
10066,r10i1p1f1,2042,07,24,0.0,39.1788,19.401888,2042
10067,r10i1p1f1,2042,07,25,0.0,40.00288,22.069382,2042
10068,r10i1p1f1,2042,07,26,0.0,39.55377,21.509054,2042
10069,r10i1p1f1,2042,07,27,0.0,36.80555,18.653019,2042
10070,r10i1p1f1,2042,07,28,0.0,38.909367,19.804907,2042
10071,r10i1p1f1,2042,07,29,0.0,38.52194,20.305914,2042
10072,r10i1p1f1,2042,07,30,0.0,37.76135,20.138176,2042
10073,r10i1p1f1,2042,07,31,0.0,34.356068,17.51427,2042
10074,r10i1p1f1,2042,08,01,0.0,32.501846,15.43485,2042
10075,r10i1p1f1,2042,08,02,0.0,32.839153,15.849565,2042
10076,r10i1p1f1,2042,08,03,0.0,33.404453,14.586053,2042
10077,r10i1p1f1,2042,08,04,0.0,33.049915,15.189421,2042
10078,r10i1p1f1,2042,08,05,0.0,32.302258,15.139661,2042
10079,r10i1p1f1,2042,08,06,0.0,31.761715,13.7504,2042
10080,r10i1p1f1,2042,08,07,0.0,31.854675,13.468484,2042
10081,r10i1p1f1,2042,08,08,0.0,31.136995,13.040956,2042
10082,r10i1p1f1,2042,08,09,0.0,32.125168,15.292941,2042
10083,r10i1p1f1,2042,08,10,0.0,34.328465,16.06084,2042
10084,r10i1p1f1,2042,08,11,0.0,33.450897,16.776442,2042
10085,r10i1p1f1,2042,08,12,0.0,33.310356,14.541915,2042
10086,r10i1p1f1,2042,08,13,0.0,34.055088,16.130272,2042
10087,r10i1p1f1,2042,08,14,0.0,32.811333,15.487173,2042
10088,r10i1p1f1,2042,08,15,0.0,30.864548,13.489312,2042
10089,r10i1p1f1,2042,08,16,0.0,29.312927,11.192608,2042
10090,r10i1p1f1,2042,08,17,0.0,31.212284,13.873087,2042
10091,r10i1p1f1,2042,08,18,0.0,34.18159,14.718973,2042
10092,r10i1p1f1,2042,08,19,0.0,34.83869,17.452904,2042
10093,r10i1p1f1,2042,08,20,0.0,34.92615,17.589771,2042
10094,r10i1p1f1,2042,08,21,0.0,37.750496,20.966928,2042
10095,r10i1p1f1,2042,08,22,0.0,36.93556,19.644943,2042
10096,r10i1p1f1,2042,08,23,0.0,34.59677,17.507492,2042
10097,r10i1p1f1,2042,08,24,0.0,33.437946,17.520658,2042
10098,r10i1p1f1,2042,08,25,0.0,36.257713,17.85704,2042
10099,r10i1p1f1,2042,08,26,0.0,36.0208,18.031897,2042
10100,r10i1p1f1,2042,08,27,0.0,34.04292,17.007961,2042
10101,r10i1p1f1,2042,08,28,0.0,30.932013,17.362473,2042
10102,r10i1p1f1,2042,08,29,0.0,29.602648,13.469851,2042
10103,r10i1p1f1,2042,08,30,0.0,30.113426,12.074298,2042
10104,r10i1p1f1,2042,08,31,0.0,32.52881,14.506648,2042
10105,r10i1p1f1,2042,09,01,0.0,31.553766,14.53791,2042
10106,r10i1p1f1,2042,09,02,0.0,28.835176,11.161827,2042
10107,r10i1p1f1,2042,09,03,0.0,28.115614,10.324737,2042
10108,r10i1p1f1,2042,09,04,0.0,36.92803,17.468325,2042
10109,r10i1p1f1,2042,09,05,0.0,37.399162,19.502884,2042
10110,r10i1p1f1,2042,09,06,0.0,36.59349,19.37627,2042
10111,r10i1p1f1,2042,09,07,0.0,37.517406,20.242579,2042
10112,r10i1p1f1,2042,09,08,0.0,37.542934,18.507774,2042
10113,r10i1p1f1,2042,09,09,0.0,34.30125,16.92262,2042
10114,r10i1p1f1,2042,09,10,0.0,29.263014,14.641839,2042
10115,r10i1p1f1,2042,09,11,0.0,30.546907,12.3712435,2042
10116,r10i1p1f1,2042,09,12,0.0,35.244,20.034924,2042
10117,r10i1p1f1,2042,09,13,0.0,36.191105,18.663366,2042
10118,r10i1p1f1,2042,09,14,0.0,37.994205,20.832293,2042
10119,r10i1p1f1,2042,09,15,0.0,38.83137,21.352211,2042
10120,r10i1p1f1,2042,09,16,0.0,38.281612,20.538488,2042
10121,r10i1p1f1,2042,09,17,0.0,34.169342,18.762403,2042
10122,r10i1p1f1,2042,09,18,0.0,31.979239,16.186863,2042
10123,r10i1p1f1,2042,09,19,0.0,29.095581,13.145665,2042
10124,r10i1p1f1,2042,09,20,0.0,25.12317,8.396745,2042
10125,r10i1p1f1,2042,09,21,0.0,21.140976,6.2956905,2042
10126,r10i1p1f1,2042,09,22,0.0,23.022566,6.3086996,2042
10127,r10i1p1f1,2042,09,23,0.0,22.692457,5.972087,2042
10128,r10i1p1f1,2042,09,24,0.0,22.159492,5.69137,2042
10129,r10i1p1f1,2042,09,25,0.0,18.185804,5.49507,2042
10130,r10i1p1f1,2042,09,26,0.0,21.978716,5.37396,2042
10131,r10i1p1f1,2042,09,27,0.0,23.612823,9.02042,2042
10132,r10i1p1f1,2042,09,28,0.0,26.786299,9.0796995,2042
10133,r10i1p1f1,2042,09,29,0.0,25.891842,9.858844,2042
10134,r10i1p1f1,2042,09,30,0.0,24.35675,8.370735,2042
10135,r10i1p1f1,2042,10,01,0.0,22.086145,7.377647,2042
10136,r10i1p1f1,2042,10,02,0.0,23.397701,8.704503,2042
10137,r10i1p1f1,2042,10,03,0.0,23.038025,6.911512,2042
10138,r10i1p1f1,2042,10,04,0.6506874805441648,22.101564,10.3328285,2042
10139,r10i1p1f1,2042,10,05,0.0,22.1005,7.992199,2042
10140,r10i1p1f1,2042,10,06,0.16724453066432798,22.515211,9.663478,2042
10141,r10i1p1f1,2042,10,07,0.0,24.970428,9.962379,2042
10142,r10i1p1f1,2042,10,08,0.0,28.71369,10.071153,2042
10143,r10i1p1f1,2042,10,09,0.0,28.960848,13.388603,2042
10144,r10i1p1f1,2042,10,10,0.0,29.924006,13.356331,2042
10145,r10i1p1f1,2042,10,11,0.0,28.609095,11.275613,2042
10146,r10i1p1f1,2042,10,12,0.0,23.692379,9.575615,2042
10147,r10i1p1f1,2042,10,13,0.0,20.823694,6.921533,2042
10148,r10i1p1f1,2042,10,14,0.0,24.308872,5.866354,2042
10149,r10i1p1f1,2042,10,15,0.0,26.958939,9.779633,2042
10150,r10i1p1f1,2042,10,16,0.0,25.905176,10.643244,2042
10151,r10i1p1f1,2042,10,17,0.0,23.99443,9.367149,2042
10152,r10i1p1f1,2042,10,18,6.289922627430363,22.200382,10.3924,2042
10153,r10i1p1f1,2042,10,19,0.007750307294803574,16.80446,4.214623,2042
10154,r10i1p1f1,2042,10,20,0.0,20.438541,5.1402035,2042
10155,r10i1p1f1,2042,10,21,0.0,21.288317,10.327126,2042
10156,r10i1p1f1,2042,10,22,0.0,23.993422,7.419909,2042
10157,r10i1p1f1,2042,10,23,0.0,27.954378,7.7367215,2042
10158,r10i1p1f1,2042,10,24,0.0,26.62228,8.336861,2042
10159,r10i1p1f1,2042,10,25,0.0,24.274061,7.092467,2042
10160,r10i1p1f1,2042,10,26,0.0,25.732733,9.610645,2042
10161,r10i1p1f1,2042,10,27,0.0,26.96468,10.732331,2042
10162,r10i1p1f1,2042,10,28,0.0,28.37031,13.478762,2042
10163,r10i1p1f1,2042,10,29,0.22911684588842418,29.910292,15.495268,2042
10164,r10i1p1f1,2042,10,30,0.01369803982781473,18.59836,8.945097,2042
10165,r10i1p1f1,2042,10,31,20.067351866562507,18.028486,6.844689,2042
10166,r10i1p1f1,2042,11,01,0.0,18.39711,3.481325,2042
10167,r10i1p1f1,2042,11,02,0.0,17.776585,7.4512634,2042
10168,r10i1p1f1,2042,11,03,1.9190561004782132,15.849306,8.997607,2042
10169,r10i1p1f1,2042,11,04,1.3828889850485306,15.138266,6.9598684,2042
10170,r10i1p1f1,2042,11,05,1.8820199396271307,14.466534,8.562518,2042
10171,r10i1p1f1,2042,11,06,0.0,23.519499,9.570617,2042
10172,r10i1p1f1,2042,11,07,0.0,21.74732,9.276091,2042
10173,r10i1p1f1,2042,11,08,0.0,21.792658,9.495257,2042
10174,r10i1p1f1,2042,11,09,0.0,21.870829,11.48056,2042
10175,r10i1p1f1,2042,11,10,0.0,22.307817,9.778007,2042
10176,r10i1p1f1,2042,11,11,31.67461088221324,19.901194,9.531555,2042
10177,r10i1p1f1,2042,11,12,2.2347115791262695,16.621088,9.3619175,2042
10178,r10i1p1f1,2042,11,13,5.266689142215335,15.9916315,9.818986,2042
10179,r10i1p1f1,2042,11,14,49.374391166738384,17.505629,9.328741,2042
10180,r10i1p1f1,2042,11,15,0.7845684964530321,12.769581,1.1125358,2042
10181,r10i1p1f1,2042,11,16,0.0,16.210682,1.7244925,2042
10182,r10i1p1f1,2042,11,17,0.0,15.463022,5.046579,2042
10183,r10i1p1f1,2042,11,18,0.0,20.021082,2.9169896,2042
10184,r10i1p1f1,2042,11,19,0.0,22.722027,6.186453,2042
10185,r10i1p1f1,2042,11,20,0.0,21.810785,9.322101,2042
10186,r10i1p1f1,2042,11,21,0.0,21.76737,10.44249,2042
10187,r10i1p1f1,2042,11,22,0.0,20.895147,8.606357,2042
10188,r10i1p1f1,2042,11,23,0.0,20.432833,9.435931,2042
10189,r10i1p1f1,2042,11,24,0.0,19.92188,6.9576406,2042
10190,r10i1p1f1,2042,11,25,0.0,17.619087,5.2468853,2042
10191,r10i1p1f1,2042,11,26,0.0,17.77436,3.1734786,2042
10192,r10i1p1f1,2042,11,27,0.0,16.46907,3.3478558,2042
10193,r10i1p1f1,2042,11,28,0.0,13.199699,1.6784931,2042
10194,r10i1p1f1,2042,11,29,0.0,16.47571,2.9534938,2042
10195,r10i1p1f1,2042,11,30,0.0,16.950342,3.3513768,2042
10196,r10i1p1f1,2042,12,01,0.0,15.994324,2.5155292,2042
10197,r10i1p1f1,2042,12,02,0.0,14.487934,1.7801837,2042
10198,r10i1p1f1,2042,12,03,0.0,15.929241,2.8942447,2042
10199,r10i1p1f1,2042,12,04,0.0,14.712253,4.908196,2042
10200,r10i1p1f1,2042,12,05,30.17580940290109,11.321953,6.2146406,2042
10201,r10i1p1f1,2042,12,06,33.30741416185016,10.065645,0.74178976,2042
10202,r10i1p1f1,2042,12,07,0.7632160315647765,5.768921,-2.8684087,2042
10203,r10i1p1f1,2042,12,08,0.0,10.131792,-0.41492343,2042
10204,r10i1p1f1,2042,12,09,0.0,11.806493,1.2265041,2042
10205,r10i1p1f1,2042,12,10,0.0,10.8477,0.56269634,2042
10206,r10i1p1f1,2042,12,11,23.846470738614077,6.938615,3.852641,2042
10207,r10i1p1f1,2042,12,12,0.18641102613783964,6.894284,-5.6827254,2042
10208,r10i1p1f1,2042,12,13,0.0,0.9642149,-9.67328,2042
10209,r10i1p1f1,2042,12,14,0.0,5.9700975,-5.6277556,2042
10210,r10i1p1f1,2042,12,15,0.0,8.500956,-3.6921785,2042
10211,r10i1p1f1,2042,12,16,0.0,9.059253,-2.818154,2042
10212,r10i1p1f1,2042,12,17,0.0,8.150937,-1.4090738,2042
10213,r10i1p1f1,2042,12,18,0.2565852917062952,6.0999303,1.8605957,2042
10214,r10i1p1f1,2042,12,19,20.005847595166415,7.758916,1.521537,2042
10215,r10i1p1f1,2042,12,20,4.310168595168905,8.176088,3.7190812,2042
10216,r10i1p1f1,2042,12,21,20.61469966705006,7.6063247,4.1957784,2042
10217,r10i1p1f1,2042,12,22,0.0,13.5894165,-0.5020238,2042
10218,r10i1p1f1,2042,12,23,0.0,13.241177,1.8419623,2042
10219,r10i1p1f1,2042,12,24,0.07981428117258665,10.945775,5.771015,2042
10220,r10i1p1f1,2042,12,25,0.0,16.902954,4.402189,2042
10221,r10i1p1f1,2042,12,26,0.0,16.706547,5.1166954,2042
10222,r10i1p1f1,2042,12,27,0.0,16.499268,5.7076206,2042
10223,r10i1p1f1,2042,12,28,0.0,18.219107,5.113414,2042
10224,r10i1p1f1,2042,12,29,0.0,20.974878,5.093772,2042
10225,r10i1p1f1,2042,12,30,0.0,17.977373,7.101972,2042
10226,r10i1p1f1,2042,12,31,0.0,18.472643,3.946657,2042
10227,r10i1p1f1,2043,01,01,0.0,19.197456,6.5760264,2043
10228,r10i1p1f1,2043,01,02,0.0,21.525915,7.895604,2043
10229,r10i1p1f1,2043,01,03,0.0,18.83034,8.214909,2043
10230,r10i1p1f1,2043,01,04,0.0,15.369812,5.3147197,2043
10231,r10i1p1f1,2043,01,05,0.0,9.454064,-0.62017983,2043
10232,r10i1p1f1,2043,01,06,0.0,13.032851,0.46510336,2043
10233,r10i1p1f1,2043,01,07,0.0,12.041832,-0.9853241,2043
10234,r10i1p1f1,2043,01,08,0.0,11.050179,0.5741115,2043
10235,r10i1p1f1,2043,01,09,0.0,14.224173,2.818048,2043
10236,r10i1p1f1,2043,01,10,0.0,16.208065,4.7089086,2043
10237,r10i1p1f1,2043,01,11,0.0,13.800468,1.6715692,2043
10238,r10i1p1f1,2043,01,12,0.0,9.933449,-1.6305565,2043
10239,r10i1p1f1,2043,01,13,0.8685355083511431,4.505709,-1.8129604,2043
10240,r10i1p1f1,2043,01,14,4.032301293024207,2.825617,-2.3144898,2043
10241,r10i1p1f1,2043,01,15,1.9945500509780494,2.998539,-2.9103324,2043
10242,r10i1p1f1,2043,01,16,6.342942136938004,3.6742,-3.82364,2043
10243,r10i1p1f1,2043,01,17,32.01067589918813,4.5421495,-1.0420142,2043
10244,r10i1p1f1,2043,01,18,7.067482365126029,3.7447734,-0.69101936,2043
10245,r10i1p1f1,2043,01,19,0.0,5.717838,-6.526684,2043
10246,r10i1p1f1,2043,01,20,15.206910026608966,4.998345,-1.6603458,2043
10247,r10i1p1f1,2043,01,21,11.081002323771827,11.680185,1.0756358,2043
10248,r10i1p1f1,2043,01,22,71.89437260814502,15.101036,8.597742,2043
10249,r10i1p1f1,2043,01,23,59.5882663993459,14.978091,11.796077,2043
10250,r10i1p1f1,2043,01,24,0.0,18.412762,9.526963,2043
10251,r10i1p1f1,2043,01,25,0.0,21.888432,7.929024,2043
10252,r10i1p1f1,2043,01,26,0.0,21.713337,9.072517,2043
10253,r10i1p1f1,2043,01,27,0.38983276042352755,19.601477,10.685027,2043
10254,r10i1p1f1,2043,01,28,27.515559190406318,15.645654,10.077209,2043
10255,r10i1p1f1,2043,01,29,3.1521862171709807,13.8674555,9.225984,2043
10256,r10i1p1f1,2043,01,30,0.0,14.876113,6.0814557,2043
10257,r10i1p1f1,2043,01,31,0.0,18.722525,5.947615,2043
10258,r10i1p1f1,2043,02,01,0.0,17.950727,5.631199,2043
10259,r10i1p1f1,2043,02,02,0.0,17.668379,6.633418,2043
10260,r10i1p1f1,2043,02,03,0.0,19.308496,6.1414795,2043
10261,r10i1p1f1,2043,02,04,0.0,19.218157,4.8600197,2043
10262,r10i1p1f1,2043,02,05,0.0,17.6083,4.916154,2043
10263,r10i1p1f1,2043,02,06,0.02449370062765267,12.676146,5.353143,2043
10264,r10i1p1f1,2043,02,07,13.863168531066837,12.719688,4.7528133,2043
10265,r10i1p1f1,2043,02,08,5.383256088335704,8.446073,2.8216121,2043
10266,r10i1p1f1,2043,02,09,0.0,13.3231325,-0.39291602,2043
10267,r10i1p1f1,2043,02,10,0.0,13.629494,2.1191487,2043
10268,r10i1p1f1,2043,02,11,0.0,15.415347,2.7966475,2043
10269,r10i1p1f1,2043,02,12,0.0,13.873111,2.1060297,2043
10270,r10i1p1f1,2043,02,13,0.0,13.6163845,0.7228996,2043
10271,r10i1p1f1,2043,02,14,0.0,11.964642,-0.40317315,2043
10272,r10i1p1f1,2043,02,15,0.20924419631180508,11.148433,0.72834516,2043
10273,r10i1p1f1,2043,02,16,0.0,8.9012785,0.6090134,2043
10274,r10i1p1f1,2043,02,17,0.0,11.884846,1.1772983,2043
10275,r10i1p1f1,2043,02,18,0.0,14.3124275,0.5986384,2043
10276,r10i1p1f1,2043,02,19,0.0,13.433276,0.816808,2043
10277,r10i1p1f1,2043,02,20,0.0,12.324266,0.48158485,2043
10278,r10i1p1f1,2043,02,21,0.0,14.23773,1.995694,2043
10279,r10i1p1f1,2043,02,22,0.0,16.555113,4.0190034,2043
10280,r10i1p1f1,2043,02,23,0.0,16.749453,3.1784172,2043
10281,r10i1p1f1,2043,02,24,0.0,16.610064,1.1974821,2043
10282,r10i1p1f1,2043,02,25,0.5551405765800155,10.792273,1.688736,2043
10283,r10i1p1f1,2043,02,26,0.40449222540725094,10.98712,1.6401358,2043
10284,r10i1p1f1,2043,02,27,0.0,16.07548,4.576922,2043
10285,r10i1p1f1,2043,02,28,0.0,18.863401,5.9338145,2043
10286,r10i1p1f1,2043,03,01,28.08122415965619,16.837084,5.5276203,2043
10287,r10i1p1f1,2043,03,02,11.339518920220527,10.532288,4.9425807,2043
10288,r10i1p1f1,2043,03,03,0.0,15.267851,4.607993,2043
10289,r10i1p1f1,2043,03,04,0.0,17.533978,1.5334673,2043
10290,r10i1p1f1,2043,03,05,0.0,15.3198805,3.3929272,2043
10291,r10i1p1f1,2043,03,06,0.0,20.69755,5.1041245,2043
10292,r10i1p1f1,2043,03,07,0.0,21.970875,6.7499437,2043
10293,r10i1p1f1,2043,03,08,0.0,22.579554,7.517976,2043
10294,r10i1p1f1,2043,03,09,0.0,23.747187,8.717393,2043
10295,r10i1p1f1,2043,03,10,0.0,23.402023,8.750383,2043
10296,r10i1p1f1,2043,03,11,0.0,20.751566,7.80321,2043
10297,r10i1p1f1,2043,03,12,0.0,18.17372,4.336209,2043
10298,r10i1p1f1,2043,03,13,0.0,20.554895,6.0129614,2043
10299,r10i1p1f1,2043,03,14,0.0,21.914135,6.34271,2043
10300,r10i1p1f1,2043,03,15,0.0,23.647623,7.261049,2043
10301,r10i1p1f1,2043,03,16,0.0,21.355606,8.06912,2043
10302,r10i1p1f1,2043,03,17,0.6712485449378093,17.83496,7.423935,2043
10303,r10i1p1f1,2043,03,18,0.0,17.23436,4.5802093,2043
10304,r10i1p1f1,2043,03,19,0.27467193786163224,17.735216,4.582713,2043
10305,r10i1p1f1,2043,03,20,7.8306536537160065,12.591376,5.6845317,2043
10306,r10i1p1f1,2043,03,21,0.0,12.085694,0.7747056,2043
10307,r10i1p1f1,2043,03,22,0.08797025059864513,11.317146,1.2923855,2043
10308,r10i1p1f1,2043,03,23,8.859268897389196,12.854959,-0.299004,2043
10309,r10i1p1f1,2043,03,24,0.0,14.962242,-0.1088297,2043
10310,r10i1p1f1,2043,03,25,0.0,18.733255,2.2192075,2043
10311,r10i1p1f1,2043,03,26,0.0,20.213995,4.4300838,2043
10312,r10i1p1f1,2043,03,27,0.0,21.11014,6.9716525,2043
10313,r10i1p1f1,2043,03,28,0.0,20.116222,7.0237417,2043
10314,r10i1p1f1,2043,03,29,0.0,17.928541,9.247667,2043
10315,r10i1p1f1,2043,03,30,13.348712927453514,15.4016905,6.7453203,2043
10316,r10i1p1f1,2043,03,31,1.0111202358613904,14.997439,4.813077,2043
10317,r10i1p1f1,2043,04,01,0.0,17.722086,2.7815237,2043
10318,r10i1p1f1,2043,04,02,0.0,18.44027,3.349477,2043
10319,r10i1p1f1,2043,04,03,0.0,22.067324,3.902249,2043
10320,r10i1p1f1,2043,04,04,0.0,23.97511,8.285949,2043
10321,r10i1p1f1,2043,04,05,0.0,26.68906,8.378061,2043
10322,r10i1p1f1,2043,04,06,0.0,26.912382,9.942914,2043
10323,r10i1p1f1,2043,04,07,0.0,25.336563,10.48811,2043
10324,r10i1p1f1,2043,04,08,6.576529775338713,19.61698,6.312517,2043
10325,r10i1p1f1,2043,04,09,0.7633751714916128,15.660886,5.2475166,2043
10326,r10i1p1f1,2043,04,10,0.7324669436983593,14.125665,0.7331119,2043
10327,r10i1p1f1,2043,04,11,0.0,13.538821,1.1859089,2043
10328,r10i1p1f1,2043,04,12,0.0,16.376839,0.48584646,2043
10329,r10i1p1f1,2043,04,13,0.0,16.32312,4.3812547,2043
10330,r10i1p1f1,2043,04,14,14.88057036507311,13.425387,3.3369205,2043
10331,r10i1p1f1,2043,04,15,3.6155657732897932,12.690157,3.3885734,2043
10332,r10i1p1f1,2043,04,16,0.0,18.463987,1.7855893,2043
10333,r10i1p1f1,2043,04,17,0.0,21.876972,5.660966,2043
10334,r10i1p1f1,2043,04,18,0.0,21.670109,8.1599045,2043
10335,r10i1p1f1,2043,04,19,0.3450095063702687,19.515219,7.7364182,2043
10336,r10i1p1f1,2043,04,20,0.0,19.473478,5.4355197,2043
10337,r10i1p1f1,2043,04,21,0.0,21.282263,5.992948,2043
10338,r10i1p1f1,2043,04,22,0.23312597152318248,18.67475,6.654329,2043
10339,r10i1p1f1,2043,04,23,0.0,17.558344,4.1705513,2043
10340,r10i1p1f1,2043,04,24,0.0,21.751276,5.524563,2043
10341,r10i1p1f1,2043,04,25,0.0,27.47753,9.617831,2043
10342,r10i1p1f1,2043,04,26,0.0,27.996197,13.408505,2043
10343,r10i1p1f1,2043,04,27,9.575446127871002,20.997276,4.1548567,2043
10344,r10i1p1f1,2043,04,28,2.991132388811629,12.44169,0.99045485,2043
10345,r10i1p1f1,2043,04,29,0.0,14.870857,1.5721447,2043
10346,r10i1p1f1,2043,04,30,0.0,20.407183,4.9023094,2043
10347,r10i1p1f1,2043,05,01,0.0,25.425793,7.7860355,2043
10348,r10i1p1f1,2043,05,02,0.11878951814220559,25.842213,11.268949,2043
10349,r10i1p1f1,2043,05,03,0.0,22.462963,8.906486,2043
10350,r10i1p1f1,2043,05,04,0.0,22.869411,7.1871786,2043
10351,r10i1p1f1,2043,05,05,0.0,22.224064,7.0033994,2043
10352,r10i1p1f1,2043,05,06,0.0,21.89631,6.844039,2043
10353,r10i1p1f1,2043,05,07,0.0,21.344881,6.2900567,2043
10354,r10i1p1f1,2043,05,08,0.004329167083932062,19.246778,7.649914,2043
10355,r10i1p1f1,2043,05,09,0.07263054476903849,17.058796,5.052845,2043
10356,r10i1p1f1,2043,05,10,0.0,16.607285,4.141211,2043
10357,r10i1p1f1,2043,05,11,0.9402957192210842,14.65497,2.1438968,2043
10358,r10i1p1f1,2043,05,12,0.3182415555461136,18.10702,2.1774676,2043
10359,r10i1p1f1,2043,05,13,0.0,23.876123,6.0816283,2043
10360,r10i1p1f1,2043,05,14,0.0,25.909042,8.831911,2043
10361,r10i1p1f1,2043,05,15,0.0,29.645212,11.847118,2043
10362,r10i1p1f1,2043,05,16,0.0,32.51202,13.767099,2043
10363,r10i1p1f1,2043,05,17,0.0,31.570711,16.035126,2043
10364,r10i1p1f1,2043,05,18,0.0,24.501442,8.961389,2043
10365,r10i1p1f1,2043,05,19,0.0,27.445562,11.154213,2043
10366,r10i1p1f1,2043,05,20,0.0,31.514324,16.23992,2043
10367,r10i1p1f1,2043,05,21,0.0,31.119844,15.207039,2043
10368,r10i1p1f1,2043,05,22,0.0,29.716232,14.703642,2043
10369,r10i1p1f1,2043,05,23,0.0,26.857922,10.136785,2043
10370,r10i1p1f1,2043,05,24,0.0,27.641403,11.224266,2043
10371,r10i1p1f1,2043,05,25,0.0,32.2173,13.278049,2043
10372,r10i1p1f1,2043,05,26,0.0,30.597672,14.28056,2043
10373,r10i1p1f1,2043,05,27,0.0,27.05257,9.699535,2043
10374,r10i1p1f1,2043,05,28,0.0,22.664076,6.9014244,2043
10375,r10i1p1f1,2043,05,29,0.0,28.550875,8.909848,2043
10376,r10i1p1f1,2043,05,30,0.0,31.322186,16.296911,2043
10377,r10i1p1f1,2043,05,31,0.0,30.505926,14.6759405,2043
10378,r10i1p1f1,2043,06,01,0.0,32.344387,11.279889,2043
10379,r10i1p1f1,2043,06,02,0.0,37.64757,18.33243,2043
10380,r10i1p1f1,2043,06,03,0.0,35.69522,19.027494,2043
10381,r10i1p1f1,2043,06,04,0.0,32.84047,15.359422,2043
10382,r10i1p1f1,2043,06,05,0.0,28.710829,12.110748,2043
10383,r10i1p1f1,2043,06,06,0.0,26.797142,10.637012,2043
10384,r10i1p1f1,2043,06,07,0.0,26.129385,12.701456,2043
10385,r10i1p1f1,2043,06,08,3.1676030860532927,18.397606,0.493669,2043
10386,r10i1p1f1,2043,06,09,0.0,23.223663,4.9389367,2043
10387,r10i1p1f1,2043,06,10,0.0,27.0157,8.669724,2043
10388,r10i1p1f1,2043,06,11,0.0,31.859196,12.240888,2043
10389,r10i1p1f1,2043,06,12,0.0,33.855606,16.039618,2043
10390,r10i1p1f1,2043,06,13,0.0,33.596508,17.242823,2043
10391,r10i1p1f1,2043,06,14,0.0,34.965782,17.97753,2043
10392,r10i1p1f1,2043,06,15,0.0,34.70567,18.094492,2043
10393,r10i1p1f1,2043,06,16,0.0,34.127636,16.954584,2043
10394,r10i1p1f1,2043,06,17,0.0,33.45621,16.24561,2043
10395,r10i1p1f1,2043,06,18,0.0,31.714808,17.04035,2043
10396,r10i1p1f1,2043,06,19,0.0,33.01612,14.12749,2043
10397,r10i1p1f1,2043,06,20,0.0,34.668884,16.270937,2043
10398,r10i1p1f1,2043,06,21,0.0,35.91106,17.238623,2043
10399,r10i1p1f1,2043,06,22,0.0,36.831726,18.425333,2043
10400,r10i1p1f1,2043,06,23,0.0,38.674225,20.094217,2043
10401,r10i1p1f1,2043,06,24,0.0,38.43781,21.98027,2043
10402,r10i1p1f1,2043,06,25,0.0,37.784252,21.471155,2043
10403,r10i1p1f1,2043,06,26,0.0,35.47989,18.386095,2043
10404,r10i1p1f1,2043,06,27,0.0,29.653992,12.969106,2043
10405,r10i1p1f1,2043,06,28,0.0,32.56291,15.11141,2043
10406,r10i1p1f1,2043,06,29,0.0,38.973774,19.737734,2043
10407,r10i1p1f1,2043,06,30,0.0,38.695404,22.433561,2043
10408,r10i1p1f1,2043,07,01,0.0,36.760204,19.274298,2043
10409,r10i1p1f1,2043,07,02,0.0,33.071747,16.852983,2043
10410,r10i1p1f1,2043,07,03,0.0,34.679848,16.224964,2043
10411,r10i1p1f1,2043,07,04,0.0,36.8178,18.652943,2043
10412,r10i1p1f1,2043,07,05,0.0,36.488796,19.107853,2043
10413,r10i1p1f1,2043,07,06,0.0,33.71368,17.052586,2043
10414,r10i1p1f1,2043,07,07,0.0,34.60074,16.936144,2043
10415,r10i1p1f1,2043,07,08,0.0,35.48123,18.158922,2043
10416,r10i1p1f1,2043,07,09,0.0,35.251343,18.0847,2043
10417,r10i1p1f1,2043,07,10,0.0,36.672455,17.884222,2043
10418,r10i1p1f1,2043,07,11,0.0,38.702442,20.937822,2043
10419,r10i1p1f1,2043,07,12,0.0,37.39865,21.77212,2043
10420,r10i1p1f1,2043,07,13,0.0,32.69945,16.433908,2043
10421,r10i1p1f1,2043,07,14,0.0,33.30988,16.421707,2043
10422,r10i1p1f1,2043,07,15,0.0,36.208282,17.607141,2043
10423,r10i1p1f1,2043,07,16,0.0,36.57729,18.29544,2043
10424,r10i1p1f1,2043,07,17,0.0,36.742218,18.953234,2043
10425,r10i1p1f1,2043,07,18,0.0,36.12115,16.740295,2043
10426,r10i1p1f1,2043,07,19,0.0,37.84075,17.1824,2043
10427,r10i1p1f1,2043,07,20,0.0,40.351555,21.113884,2043
10428,r10i1p1f1,2043,07,21,0.0,41.736637,22.14102,2043
10429,r10i1p1f1,2043,07,22,0.0,40.744884,21.92046,2043
10430,r10i1p1f1,2043,07,23,0.0,37.332233,18.789572,2043
10431,r10i1p1f1,2043,07,24,0.0,35.82106,17.917982,2043
10432,r10i1p1f1,2043,07,25,0.0,36.46178,19.583748,2043
10433,r10i1p1f1,2043,07,26,0.0,36.163418,19.87839,2043
10434,r10i1p1f1,2043,07,27,0.0,35.324013,18.301775,2043
10435,r10i1p1f1,2043,07,28,0.0,33.393215,16.153816,2043
10436,r10i1p1f1,2043,07,29,0.0,37.105347,17.827204,2043
10437,r10i1p1f1,2043,07,30,0.0,36.47185,19.754974,2043
10438,r10i1p1f1,2043,07,31,0.0,33.598125,14.965921,2043
10439,r10i1p1f1,2043,08,01,0.0,31.358206,13.172083,2043
10440,r10i1p1f1,2043,08,02,0.0,32.408142,13.899557,2043
10441,r10i1p1f1,2043,08,03,0.0,33.836967,15.353432,2043
10442,r10i1p1f1,2043,08,04,0.0,33.21069,16.891209,2043
10443,r10i1p1f1,2043,08,05,0.0,31.88493,15.373467,2043
10444,r10i1p1f1,2043,08,06,0.0,31.679674,14.869683,2043
10445,r10i1p1f1,2043,08,07,0.0,34.825512,15.059802,2043
10446,r10i1p1f1,2043,08,08,0.0,38.19088,17.858097,2043
10447,r10i1p1f1,2043,08,09,0.0,39.04589,20.882288,2043
10448,r10i1p1f1,2043,08,10,0.0,37.651604,20.127323,2043
10449,r10i1p1f1,2043,08,11,0.0,36.265717,20.209684,2043
10450,r10i1p1f1,2043,08,12,0.0,35.749313,19.206717,2043
10451,r10i1p1f1,2043,08,13,0.0,34.69095,19.159681,2043
10452,r10i1p1f1,2043,08,14,0.0,34.44151,15.655182,2043
10453,r10i1p1f1,2043,08,15,0.0,34.322258,15.855722,2043
10454,r10i1p1f1,2043,08,16,0.0,34.532658,16.458197,2043
10455,r10i1p1f1,2043,08,17,0.0,33.650314,17.001162,2043
10456,r10i1p1f1,2043,08,18,0.0,32.26539,15.325869,2043
10457,r10i1p1f1,2043,08,19,0.0,28.08969,10.837224,2043
10458,r10i1p1f1,2043,08,20,0.0,28.380447,9.64797,2043
10459,r10i1p1f1,2043,08,21,0.0,31.93405,15.039372,2043
10460,r10i1p1f1,2043,08,22,0.0,33.54235,15.333395,2043
10461,r10i1p1f1,2043,08,23,0.0,33.559826,16.210146,2043
10462,r10i1p1f1,2043,08,24,0.0,33.387947,14.337426,2043
10463,r10i1p1f1,2043,08,25,0.0,33.48445,15.668049,2043
10464,r10i1p1f1,2043,08,26,0.0,32.166992,16.086607,2043
10465,r10i1p1f1,2043,08,27,0.0,32.02538,15.275034,2043
10466,r10i1p1f1,2043,08,28,0.0,34.5464,18.458418,2043
10467,r10i1p1f1,2043,08,29,0.0,37.376118,16.8994,2043
10468,r10i1p1f1,2043,08,30,0.0,37.235214,19.390684,2043
10469,r10i1p1f1,2043,08,31,0.0,36.09079,17.924557,2043
10470,r10i1p1f1,2043,09,01,0.0,34.639473,19.527979,2043
10471,r10i1p1f1,2043,09,02,0.0,38.859352,20.959993,2043
10472,r10i1p1f1,2043,09,03,0.0,39.580334,22.968302,2043
10473,r10i1p1f1,2043,09,04,0.0,38.5722,22.24637,2043
10474,r10i1p1f1,2043,09,05,0.0,37.38309,21.679586,2043
10475,r10i1p1f1,2043,09,06,0.0,35.002026,18.2012,2043
10476,r10i1p1f1,2043,09,07,0.0,30.953466,13.165635,2043
10477,r10i1p1f1,2043,09,08,0.0,25.444086,7.8265157,2043
10478,r10i1p1f1,2043,09,09,0.0,21.960045,9.099776,2043
10479,r10i1p1f1,2043,09,10,0.0,25.515701,7.470945,2043
10480,r10i1p1f1,2043,09,11,0.0,29.690872,13.004224,2043
10481,r10i1p1f1,2043,09,12,0.0,30.844528,13.070117,2043
10482,r10i1p1f1,2043,09,13,0.0,30.042059,14.461376,2043
10483,r10i1p1f1,2043,09,14,0.0,27.060316,10.313412,2043
10484,r10i1p1f1,2043,09,15,0.0,27.27971,8.89323,2043
10485,r10i1p1f1,2043,09,16,0.0,31.863178,12.999017,2043
10486,r10i1p1f1,2043,09,17,0.0,30.134193,13.926671,2043
10487,r10i1p1f1,2043,09,18,0.0,25.062332,10.22168,2043
10488,r10i1p1f1,2043,09,19,0.0,24.744186,9.83952,2043
10489,r10i1p1f1,2043,09,20,0.0,21.924576,7.633639,2043
10490,r10i1p1f1,2043,09,21,0.0,21.749338,7.537477,2043
10491,r10i1p1f1,2043,09,22,0.0,17.617826,3.3560328,2043
10492,r10i1p1f1,2043,09,23,1.3991384565351357,20.326553,7.4095235,2043
10493,r10i1p1f1,2043,09,24,0.0,24.205666,6.3802,2043
10494,r10i1p1f1,2043,09,25,0.0,23.947105,8.955162,2043
10495,r10i1p1f1,2043,09,26,0.0,30.413551,11.720082,2043
10496,r10i1p1f1,2043,09,27,0.0,32.8245,16.153702,2043
10497,r10i1p1f1,2043,09,28,0.0,31.42478,16.838741,2043
10498,r10i1p1f1,2043,09,29,1.6718663899143251,29.621714,17.802694,2043
10499,r10i1p1f1,2043,09,30,0.0,31.42564,16.129328,2043
10500,r10i1p1f1,2043,10,01,0.0,31.327242,18.519718,2043
10501,r10i1p1f1,2043,10,02,0.0,29.004456,12.744364,2043
10502,r10i1p1f1,2043,10,03,0.0,28.421871,12.614468,2043
10503,r10i1p1f1,2043,10,04,0.0,33.263927,14.255633,2043
10504,r10i1p1f1,2043,10,05,0.0,36.286915,18.55928,2043
10505,r10i1p1f1,2043,10,06,0.0,35.23737,19.914625,2043
10506,r10i1p1f1,2043,10,07,0.0,34.4844,18.866867,2043
10507,r10i1p1f1,2043,10,08,0.0,32.3732,16.671413,2043
10508,r10i1p1f1,2043,10,09,0.0,32.857666,17.460913,2043
10509,r10i1p1f1,2043,10,10,0.0,32.811646,17.342531,2043
10510,r10i1p1f1,2043,10,11,0.0,34.12096,18.097399,2043
10511,r10i1p1f1,2043,10,12,0.0,34.87601,19.676233,2043
10512,r10i1p1f1,2043,10,13,0.0,36.135303,19.91353,2043
10513,r10i1p1f1,2043,10,14,0.0,36.735855,20.387987,2043
10514,r10i1p1f1,2043,10,15,0.0,36.01512,20.757484,2043
10515,r10i1p1f1,2043,10,16,0.0,34.190155,19.834785,2043
10516,r10i1p1f1,2043,10,17,0.0,32.56752,18.12965,2043
10517,r10i1p1f1,2043,10,18,0.0,28.02858,13.975109,2043
10518,r10i1p1f1,2043,10,19,0.0,24.471481,11.382464,2043
10519,r10i1p1f1,2043,10,20,0.0,25.277735,10.379616,2043
10520,r10i1p1f1,2043,10,21,0.0,24.689173,8.082615,2043
10521,r10i1p1f1,2043,10,22,0.0,24.980888,10.609709,2043
10522,r10i1p1f1,2043,10,23,0.0,25.32587,11.383602,2043
10523,r10i1p1f1,2043,10,24,14.848163608602542,21.755733,9.515958,2043
10524,r10i1p1f1,2043,10,25,16.665992393666926,14.149076,7.719209,2043
10525,r10i1p1f1,2043,10,26,1.094598761785978,17.204779,5.6096706,2043
10526,r10i1p1f1,2043,10,27,0.0,18.057705,4.5307193,2043
10527,r10i1p1f1,2043,10,28,0.0,22.797712,9.447486,2043
10528,r10i1p1f1,2043,10,29,0.0,22.414928,9.178659,2043
10529,r10i1p1f1,2043,10,30,0.0,22.072569,12.370563,2043
10530,r10i1p1f1,2043,10,31,0.0,21.760254,7.9230337,2043
10531,r10i1p1f1,2043,11,01,0.0,19.908068,5.130836,2043
10532,r10i1p1f1,2043,11,02,0.0,18.871525,6.648037,2043
10533,r10i1p1f1,2043,11,03,0.0,22.901434,7.1724267,2043
10534,r10i1p1f1,2043,11,04,0.0,22.2826,9.50813,2043
10535,r10i1p1f1,2043,11,05,0.0,19.937002,9.766775,2043
10536,r10i1p1f1,2043,11,06,0.3403768837822434,15.782024,4.1997,2043
10537,r10i1p1f1,2043,11,07,4.280614235846626,12.468461,2.5409539,2043
10538,r10i1p1f1,2043,11,08,24.959288761448605,10.8424015,4.1346602,2043
10539,r10i1p1f1,2043,11,09,12.73906151978544,13.400652,6.093985,2043
10540,r10i1p1f1,2043,11,10,7.229021094941632,14.388588,9.017763,2043
10541,r10i1p1f1,2043,11,11,7.236807864032208,13.3965225,5.766929,2043
10542,r10i1p1f1,2043,11,12,19.646839885114645,9.305255,3.2020245,2043
10543,r10i1p1f1,2043,11,13,36.67695878263514,9.481559,4.0409827,2043
10544,r10i1p1f1,2043,11,14,3.1863804400401072,11.35933,4.705626,2043
10545,r10i1p1f1,2043,11,15,0.0322630692129391,13.830594,3.0067909,2043
10546,r10i1p1f1,2043,11,16,0.0,15.459704,1.069576,2043
10547,r10i1p1f1,2043,11,17,0.771975978386763,14.960811,4.69083,2043
10548,r10i1p1f1,2043,11,18,5.075546758129541,12.198507,7.5688667,2043
10549,r10i1p1f1,2043,11,19,0.16670908602176687,17.270697,6.2024803,2043
10550,r10i1p1f1,2043,11,20,1.5841785117979605,16.184002,6.155332,2043
10551,r10i1p1f1,2043,11,21,0.5248607126161101,15.799272,4.245042,2043
10552,r10i1p1f1,2043,11,22,2.511282576099467,14.609218,3.3521867,2043
10553,r10i1p1f1,2043,11,23,0.18069321509804132,14.085215,8.094993,2043
10554,r10i1p1f1,2043,11,24,15.30686595483291,13.171622,7.4063897,2043
10555,r10i1p1f1,2043,11,25,0.0,14.508887,1.8512608,2043
10556,r10i1p1f1,2043,11,26,0.0,14.312176,3.4067688,2043
10557,r10i1p1f1,2043,11,27,0.0,15.225182,1.8486493,2043
10558,r10i1p1f1,2043,11,28,0.0,12.817233,1.9763914,2043
10559,r10i1p1f1,2043,11,29,0.0,17.409025,-0.5172101,2043
10560,r10i1p1f1,2043,11,30,0.0,19.804827,2.2488332,2043
10561,r10i1p1f1,2043,12,01,0.0,19.171625,7.741683,2043
10562,r10i1p1f1,2043,12,02,0.0,18.427908,8.0883255,2043
10563,r10i1p1f1,2043,12,03,4.889495143614017,12.404341,4.4891586,2043
10564,r10i1p1f1,2043,12,04,3.154725098657333,9.540455,5.2200904,2043
10565,r10i1p1f1,2043,12,05,25.545553894143698,9.050565,4.080812,2043
10566,r10i1p1f1,2043,12,06,12.403379737071717,14.072449,4.0984635,2043
10567,r10i1p1f1,2043,12,07,0.0,13.597923,3.410924,2043
10568,r10i1p1f1,2043,12,08,0.0,14.842767,2.0480351,2043
10569,r10i1p1f1,2043,12,09,0.0,15.651318,2.81794,2043
10570,r10i1p1f1,2043,12,10,0.0,16.22514,3.4535248,2043
10571,r10i1p1f1,2043,12,11,0.0,16.920221,3.1128554,2043
10572,r10i1p1f1,2043,12,12,0.0,16.709326,4.829863,2043
10573,r10i1p1f1,2043,12,13,0.0,18.171421,5.444918,2043
10574,r10i1p1f1,2043,12,14,0.0,18.722107,6.112373,2043
10575,r10i1p1f1,2043,12,15,0.0,17.84946,7.8277926,2043
10576,r10i1p1f1,2043,12,16,0.0,16.483564,6.538913,2043
10577,r10i1p1f1,2043,12,17,0.0,15.348086,5.505433,2043
10578,r10i1p1f1,2043,12,18,0.0,17.425512,5.6448965,2043
10579,r10i1p1f1,2043,12,19,0.0,21.044079,7.7327046,2043
10580,r10i1p1f1,2043,12,20,0.0,21.099571,7.4924636,2043
10581,r10i1p1f1,2043,12,21,0.0,19.74922,8.302169,2043
10582,r10i1p1f1,2043,12,22,0.0,17.912958,7.882753,2043
10583,r10i1p1f1,2043,12,23,0.010126437260432317,15.792889,5.7401314,2043
10584,r10i1p1f1,2043,12,24,8.227144076380156,11.194782,4.360509,2043
10585,r10i1p1f1,2043,12,25,0.0,15.007398,2.7141638,2043
10586,r10i1p1f1,2043,12,26,0.0,14.172476,1.733833,2043
10587,r10i1p1f1,2043,12,27,0.0,12.971291,2.2067108,2043
10588,r10i1p1f1,2043,12,28,0.0,11.584269,3.1833816,2043
10589,r10i1p1f1,2043,12,29,0.0,15.564913,0.94067544,2043
10590,r10i1p1f1,2043,12,30,0.0,12.71625,0.8434256,2043
10591,r10i1p1f1,2043,12,31,0.0,7.6665883,-1.9594909,2043
10592,r10i1p1f1,2044,01,01,0.0,8.918095,-1.4169455,2044
10593,r10i1p1f1,2044,01,02,0.0,13.516216,0.6608134,2044
10594,r10i1p1f1,2044,01,03,0.0,16.357584,2.9271843,2044
10595,r10i1p1f1,2044,01,04,0.0,18.968477,6.015166,2044
10596,r10i1p1f1,2044,01,05,0.0,17.09132,5.1940856,2044
10597,r10i1p1f1,2044,01,06,0.0,12.533262,0.9019821,2044
10598,r10i1p1f1,2044,01,07,0.0,8.418485,-2.2844543,2044
10599,r10i1p1f1,2044,01,08,0.0,7.7263055,-3.3778481,2044
10600,r10i1p1f1,2044,01,09,22.354100001546996,6.2000184,-4.0283904,2044
10601,r10i1p1f1,2044,01,10,0.2671213155592436,3.740864,-2.8528767,2044
10602,r10i1p1f1,2044,01,11,0.0,4.555298,-5.608991,2044
10603,r10i1p1f1,2044,01,12,0.0,5.244198,-6.600342,2044
10604,r10i1p1f1,2044,01,13,0.0,4.3280735,-5.341788,2044
10605,r10i1p1f1,2044,01,14,3.022282577110577,3.697154,-1.1247473,2044
10606,r10i1p1f1,2044,01,15,0.0,5.834782,-6.405346,2044
10607,r10i1p1f1,2044,01,16,30.209120370962314,9.967318,-2.4632347,2044
10608,r10i1p1f1,2044,01,17,41.77385374848535,11.795347,3.8197093,2044
10609,r10i1p1f1,2044,01,18,53.48548697136147,12.657387,7.532716,2044
10610,r10i1p1f1,2044,01,19,67.90749071913429,14.990636,2.2532036,2044
10611,r10i1p1f1,2044,01,20,11.58880618930102,5.4378858,0.151475,2044
10612,r10i1p1f1,2044,01,21,11.863856464046158,10.18007,2.4496627,2044
10613,r10i1p1f1,2044,01,22,0.0,9.740723,-0.6967185,2044
10614,r10i1p1f1,2044,01,23,34.25611227622109,13.983039,2.0730371,2044
10615,r10i1p1f1,2044,01,24,30.038391723371063,14.163166,5.6751895,2044
10616,r10i1p1f1,2044,01,25,14.472616554198076,9.606981,-0.8204773,2044
10617,r10i1p1f1,2044,01,26,0.0,12.805626,-2.174189,2044
10618,r10i1p1f1,2044,01,27,0.0,11.942523,1.3444701,2044
10619,r10i1p1f1,2044,01,28,0.0,17.377203,3.8622935,2044
10620,r10i1p1f1,2044,01,29,0.0,19.160437,6.087552,2044
10621,r10i1p1f1,2044,01,30,0.0,18.202223,6.6767564,2044
10622,r10i1p1f1,2044,01,31,25.018247335806098,14.488335,6.135403,2044
10623,r10i1p1f1,2044,02,01,21.772703611733096,10.466001,2.5551937,2044
10624,r10i1p1f1,2044,02,02,0.0,9.357536,-0.41693696,2044
10625,r10i1p1f1,2044,02,03,0.0,9.682727,-2.0145235,2044
10626,r10i1p1f1,2044,02,04,0.0,10.273489,-2.0076213,2044
10627,r10i1p1f1,2044,02,05,13.215944753717753,8.342557,-2.1383758,2044
10628,r10i1p1f1,2044,02,06,0.0,7.5281596,-4.6085343,2044
10629,r10i1p1f1,2044,02,07,0.12048964733702106,8.646107,-0.7188414,2044
10630,r10i1p1f1,2044,02,08,0.0,6.950106,-5.034422,2044
10631,r10i1p1f1,2044,02,09,0.0,7.949579,-3.6524763,2044
10632,r10i1p1f1,2044,02,10,0.0,10.332788,-2.6761265,2044
10633,r10i1p1f1,2044,02,11,0.0,10.015055,-3.837795,2044
10634,r10i1p1f1,2044,02,12,0.0,9.154054,0.08143053,2044
10635,r10i1p1f1,2044,02,13,20.339651983905288,5.443678,0.17912392,2044
10636,r10i1p1f1,2044,02,14,9.186638861980388,6.4800715,1.244819,2044
10637,r10i1p1f1,2044,02,15,1.5726585991184325,9.561937,1.5700724,2044
10638,r10i1p1f1,2044,02,16,2.4398605339229107,7.8735666,-0.6250789,2044
10639,r10i1p1f1,2044,02,17,0.01564038678847474,8.020365,-0.95305294,2044
10640,r10i1p1f1,2044,02,18,0.0,12.3005905,-1.708415,2044
10641,r10i1p1f1,2044,02,19,0.0,12.720996,-1.2661537,2044
10642,r10i1p1f1,2044,02,20,0.0,11.616092,0.78847605,2044
10643,r10i1p1f1,2044,02,21,24.767673599509227,8.399615,2.4887955,2044
10644,r10i1p1f1,2044,02,22,0.0,12.136878,1.3496335,2044
10645,r10i1p1f1,2044,02,23,0.0,15.930145,1.3383094,2044
10646,r10i1p1f1,2044,02,24,0.0,17.208723,4.180392,2044
10647,r10i1p1f1,2044,02,25,0.0,18.982065,4.9323554,2044
10648,r10i1p1f1,2044,02,26,0.0,19.54758,4.755629,2044
10649,r10i1p1f1,2044,02,27,0.0,18.09221,6.1197433,2044
10650,r10i1p1f1,2044,02,28,0.0023251200792928054,14.978255,4.9544997,2044
10651,r10i1p1f1,2044,02,29,2.685509084810627,10.479553,3.1564753,2044
10652,r10i1p1f1,2044,03,01,0.0,15.0814705,1.1167282,2044
10653,r10i1p1f1,2044,03,02,0.0,16.59325,3.6704564,2044
10654,r10i1p1f1,2044,03,03,0.0,16.790356,2.123834,2044
10655,r10i1p1f1,2044,03,04,0.0,16.175653,1.1656556,2044
10656,r10i1p1f1,2044,03,05,0.0,12.548735,-0.6421009,2044
10657,r10i1p1f1,2044,03,06,0.0,13.2552595,-0.23803811,2044
10658,r10i1p1f1,2044,03,07,0.0,13.144587,3.2273376,2044
10659,r10i1p1f1,2044,03,08,0.0,11.883378,-0.50040495,2044
10660,r10i1p1f1,2044,03,09,0.0,15.132827,2.6054206,2044
10661,r10i1p1f1,2044,03,10,0.0,19.39955,4.5035024,2044
10662,r10i1p1f1,2044,03,11,0.0,22.440512,5.090986,2044
10663,r10i1p1f1,2044,03,12,0.0,22.751318,6.8970222,2044
10664,r10i1p1f1,2044,03,13,0.0,22.922548,8.009982,2044
10665,r10i1p1f1,2044,03,14,0.0,22.913769,7.33984,2044
10666,r10i1p1f1,2044,03,15,0.0,20.58345,6.0462604,2044
10667,r10i1p1f1,2044,03,16,2.165553566144234,14.155617,3.6577373,2044
10668,r10i1p1f1,2044,03,17,3.5213226523601886,9.611534,1.7638558,2044
10669,r10i1p1f1,2044,03,18,0.49902689611132556,10.364494,3.7141006,2044
10670,r10i1p1f1,2044,03,19,13.737046527584377,10.627244,4.19741,2044
10671,r10i1p1f1,2044,03,20,8.413578361394588,9.54409,2.1248164,2044
10672,r10i1p1f1,2044,03,21,10.161758837861463,8.027923,-0.3116152,2044
10673,r10i1p1f1,2044,03,22,20.266401990298426,5.8608303,0.9745411,2044
10674,r10i1p1f1,2044,03,23,62.09034775812669,10.052492,2.720447,2044
10675,r10i1p1f1,2044,03,24,26.354188181453775,9.200699,-0.8448265,2044
10676,r10i1p1f1,2044,03,25,17.845948996661097,6.7146606,0.5177614,2044
10677,r10i1p1f1,2044,03,26,4.9843399254026926,6.0123353,-2.5246105,2044
10678,r10i1p1f1,2044,03,27,0.3662954236604396,7.619986,-0.39127532,2044
10679,r10i1p1f1,2044,03,28,0.0,11.524961,-3.227325,2044
10680,r10i1p1f1,2044,03,29,0.17856786683080972,11.480496,-1.8019447,2044
10681,r10i1p1f1,2044,03,30,0.14211566008988916,11.181992,-0.76182616,2044
10682,r10i1p1f1,2044,03,31,0.0,14.813997,0.7900545,2044
10683,r10i1p1f1,2044,04,01,0.0,16.513586,2.6921515,2044
10684,r10i1p1f1,2044,04,02,0.0,15.635484,2.08845,2044
10685,r10i1p1f1,2044,04,03,4.731197095028811,13.620127,2.5030367,2044
10686,r10i1p1f1,2044,04,04,19.503410437181103,7.4804945,3.203595,2044
10687,r10i1p1f1,2044,04,05,0.8125398285121839,12.832695,-1.1520668,2044
10688,r10i1p1f1,2044,04,06,0.0492681334052529,19.670483,3.597882,2044
10689,r10i1p1f1,2044,04,07,0.0,21.830029,4.6567755,2044
10690,r10i1p1f1,2044,04,08,0.0,21.782446,8.171097,2044
10691,r10i1p1f1,2044,04,09,0.0,22.444494,7.951551,2044
10692,r10i1p1f1,2044,04,10,0.0,27.353296,9.001274,2044
10693,r10i1p1f1,2044,04,11,0.0,30.571491,14.812176,2044
10694,r10i1p1f1,2044,04,12,0.0,31.58622,12.853575,2044
10695,r10i1p1f1,2044,04,13,0.0,28.799139,12.080894,2044
10696,r10i1p1f1,2044,04,14,0.0,22.107138,7.783179,2044
10697,r10i1p1f1,2044,04,15,0.0,23.393093,6.3536086,2044
10698,r10i1p1f1,2044,04,16,0.0,26.834318,11.359123,2044
10699,r10i1p1f1,2044,04,17,0.0,26.068201,11.326072,2044
10700,r10i1p1f1,2044,04,18,0.0,27.174513,11.28921,2044
10701,r10i1p1f1,2044,04,19,0.0,26.22976,10.275139,2044
10702,r10i1p1f1,2044,04,20,0.0,21.457577,10.508409,2044
10703,r10i1p1f1,2044,04,21,10.079942296579247,16.364685,3.0300636,2044
10704,r10i1p1f1,2044,04,22,4.646922779839339,14.23764,8.430285,2044
10705,r10i1p1f1,2044,04,23,0.0,16.886757,4.6010437,2044
10706,r10i1p1f1,2044,04,24,0.0,20.476603,4.456667,2044
10707,r10i1p1f1,2044,04,25,0.2387485879712346,19.31319,6.426291,2044
10708,r10i1p1f1,2044,04,26,0.57191707382069,15.393829,7.4157906,2044
10709,r10i1p1f1,2044,04,27,0.0,21.95225,6.3514686,2044
10710,r10i1p1f1,2044,04,28,0.0,20.864374,6.9092326,2044
10711,r10i1p1f1,2044,04,29,0.0,19.190527,7.5459642,2044
10712,r10i1p1f1,2044,04,30,5.491020201895337,16.5964,2.507176,2044
10713,r10i1p1f1,2044,05,01,0.07377389650317032,17.250134,3.6533926,2044
10714,r10i1p1f1,2044,05,02,0.0,18.588243,4.970989,2044
10715,r10i1p1f1,2044,05,03,0.0,16.943308,7.6353197,2044
10716,r10i1p1f1,2044,05,04,0.294925994124864,16.694138,6.980851,2044
10717,r10i1p1f1,2044,05,05,0.0,17.613865,5.124879,2044
10718,r10i1p1f1,2044,05,06,14.528212406366947,16.447096,8.801839,2044
10719,r10i1p1f1,2044,05,07,1.1736142657020154,13.721229,4.0776467,2044
10720,r10i1p1f1,2044,05,08,0.8071958957292449,15.654989,2.6674163,2044
10721,r10i1p1f1,2044,05,09,0.0,18.299635,2.0718722,2044
10722,r10i1p1f1,2044,05,10,0.0,20.521544,3.3534586,2044
10723,r10i1p1f1,2044,05,11,0.0,20.519236,8.622696,2044
10724,r10i1p1f1,2044,05,12,0.0,23.370304,7.8710265,2044
10725,r10i1p1f1,2044,05,13,0.0,28.18583,11.552182,2044
10726,r10i1p1f1,2044,05,14,0.0,30.6453,12.698703,2044
10727,r10i1p1f1,2044,05,15,0.0,31.083754,15.169082,2044
10728,r10i1p1f1,2044,05,16,0.0,29.572462,14.382169,2044
10729,r10i1p1f1,2044,05,17,10.246473251821666,21.617254,10.038455,2044
10730,r10i1p1f1,2044,05,18,0.0,30.73885,11.054427,2044
10731,r10i1p1f1,2044,05,19,0.0,29.454313,15.234086,2044
10732,r10i1p1f1,2044,05,20,0.0,28.18018,13.773397,2044
10733,r10i1p1f1,2044,05,21,0.0,25.625298,8.99254,2044
10734,r10i1p1f1,2044,05,22,0.0,26.878416,9.622652,2044
10735,r10i1p1f1,2044,05,23,0.0,27.467928,12.999811,2044
10736,r10i1p1f1,2044,05,24,0.0,24.226843,10.400377,2044
10737,r10i1p1f1,2044,05,25,60.43524269909157,13.773238,8.5261965,2044
10738,r10i1p1f1,2044,05,26,28.225048506895913,11.712171,3.2943456,2044
10739,r10i1p1f1,2044,05,27,0.0,20.690897,4.40302,2044
10740,r10i1p1f1,2044,05,28,0.0,25.129652,7.7470512,2044
10741,r10i1p1f1,2044,05,29,0.0,24.448359,10.535223,2044
10742,r10i1p1f1,2044,05,30,0.0,19.807335,5.6313057,2044
10743,r10i1p1f1,2044,05,31,0.0,25.777357,10.010731,2044
10744,r10i1p1f1,2044,06,01,0.0,30.185251,11.151773,2044
10745,r10i1p1f1,2044,06,02,0.01209126789226981,31.189936,12.570956,2044
10746,r10i1p1f1,2044,06,03,0.8480911474622955,27.241379,12.454251,2044
10747,r10i1p1f1,2044,06,04,0.0,30.436964,12.33328,2044
10748,r10i1p1f1,2044,06,05,1.6492939207206578,33.614655,17.112392,2044
10749,r10i1p1f1,2044,06,06,0.10091479244262078,33.334427,16.881187,2044
10750,r10i1p1f1,2044,06,07,0.0067226268220409975,32.278393,17.791782,2044
10751,r10i1p1f1,2044,06,08,0.0,30.787867,15.705351,2044
10752,r10i1p1f1,2044,06,09,0.0,30.621191,13.334291,2044
10753,r10i1p1f1,2044,06,10,0.0,34.421574,17.017458,2044
10754,r10i1p1f1,2044,06,11,0.0,34.282967,18.09994,2044
10755,r10i1p1f1,2044,06,12,0.0,32.637035,15.365851,2044
10756,r10i1p1f1,2044,06,13,0.0,30.25991,12.574466,2044
10757,r10i1p1f1,2044,06,14,0.0,33.607285,16.849371,2044
10758,r10i1p1f1,2044,06,15,0.0,33.366085,16.125298,2044
10759,r10i1p1f1,2044,06,16,0.0,30.34801,14.0323515,2044
10760,r10i1p1f1,2044,06,17,0.0,26.689116,11.8071,2044
10761,r10i1p1f1,2044,06,18,0.0,29.073988,12.454789,2044
10762,r10i1p1f1,2044,06,19,0.0,28.544176,12.084717,2044
10763,r10i1p1f1,2044,06,20,0.0,32.156727,16.05866,2044
10764,r10i1p1f1,2044,06,21,0.0,33.187023,18.31997,2044
10765,r10i1p1f1,2044,06,22,0.0,32.66812,17.037138,2044
10766,r10i1p1f1,2044,06,23,0.0,27.35807,9.44122,2044
10767,r10i1p1f1,2044,06,24,0.051936453000005135,23.720362,9.787116,2044
10768,r10i1p1f1,2044,06,25,0.0,24.850328,8.222728,2044
10769,r10i1p1f1,2044,06,26,0.0,26.652939,8.7675905,2044
10770,r10i1p1f1,2044,06,27,0.0,28.450186,9.788155,2044
10771,r10i1p1f1,2044,06,28,0.0,28.0378,11.125193,2044
10772,r10i1p1f1,2044,06,29,0.0,28.005394,10.655017,2044
10773,r10i1p1f1,2044,06,30,0.0,27.383469,11.628128,2044
10774,r10i1p1f1,2044,07,01,0.0,29.310904,11.008864,2044
10775,r10i1p1f1,2044,07,02,0.0,28.518211,12.062468,2044
10776,r10i1p1f1,2044,07,03,0.0,27.00602,10.843764,2044
10777,r10i1p1f1,2044,07,04,0.0,31.071022,12.17079,2044
10778,r10i1p1f1,2044,07,05,0.0,34.817516,16.792171,2044
10779,r10i1p1f1,2044,07,06,0.0,34.811493,18.108408,2044
10780,r10i1p1f1,2044,07,07,0.1877702581049035,32.165936,17.868036,2044
10781,r10i1p1f1,2044,07,08,0.0,31.215097,17.421547,2044
10782,r10i1p1f1,2044,07,09,0.0,29.629934,14.072498,2044
10783,r10i1p1f1,2044,07,10,0.0,32.664185,15.683714,2044
10784,r10i1p1f1,2044,07,11,0.0,34.443382,17.218727,2044
10785,r10i1p1f1,2044,07,12,0.0,35.027557,17.581095,2044
10786,r10i1p1f1,2044,07,13,0.0,33.72629,17.181414,2044
10787,r10i1p1f1,2044,07,14,0.0,34.911816,18.105587,2044
10788,r10i1p1f1,2044,07,15,0.0,34.739117,17.33349,2044
10789,r10i1p1f1,2044,07,16,0.0,34.51845,17.528479,2044
10790,r10i1p1f1,2044,07,17,0.0,36.518322,18.782747,2044
10791,r10i1p1f1,2044,07,18,0.0,36.474518,19.286781,2044
10792,r10i1p1f1,2044,07,19,0.0,36.015854,20.64541,2044
10793,r10i1p1f1,2044,07,20,0.0,33.61715,17.886496,2044
10794,r10i1p1f1,2044,07,21,0.0,33.81532,18.414078,2044
10795,r10i1p1f1,2044,07,22,0.0,32.824738,17.382065,2044
10796,r10i1p1f1,2044,07,23,0.0,29.83406,15.187683,2044
10797,r10i1p1f1,2044,07,24,0.0,31.016691,11.789892,2044
10798,r10i1p1f1,2044,07,25,0.0,33.792187,15.5336275,2044
10799,r10i1p1f1,2044,07,26,0.0,36.178516,17.840286,2044
10800,r10i1p1f1,2044,07,27,0.0,37.337612,19.483223,2044
10801,r10i1p1f1,2044,07,28,0.0,37.555653,20.598568,2044
10802,r10i1p1f1,2044,07,29,0.0,36.78562,18.357912,2044
10803,r10i1p1f1,2044,07,30,0.0,36.73104,19.570826,2044
10804,r10i1p1f1,2044,07,31,0.0,36.71584,20.878622,2044
10805,r10i1p1f1,2044,08,01,0.0,35.221493,18.335398,2044
10806,r10i1p1f1,2044,08,02,0.0,32.72715,13.842253,2044
10807,r10i1p1f1,2044,08,03,0.0,29.037573,11.921146,2044
10808,r10i1p1f1,2044,08,04,0.0,27.216444,9.83802,2044
10809,r10i1p1f1,2044,08,05,0.0,26.931337,9.161247,2044
10810,r10i1p1f1,2044,08,06,0.0,32.034374,12.668248,2044
10811,r10i1p1f1,2044,08,07,0.0,34.18967,16.617924,2044
10812,r10i1p1f1,2044,08,08,0.0,37.19032,17.732292,2044
10813,r10i1p1f1,2044,08,09,0.0,35.88323,19.502861,2044
10814,r10i1p1f1,2044,08,10,0.0,34.328117,17.518225,2044
10815,r10i1p1f1,2044,08,11,0.0,34.00595,17.391003,2044
10816,r10i1p1f1,2044,08,12,0.0,33.044586,16.025978,2044
10817,r10i1p1f1,2044,08,13,0.0,27.38486,10.864455,2044
10818,r10i1p1f1,2044,08,14,0.0,27.241348,9.759438,2044
10819,r10i1p1f1,2044,08,15,0.0,27.604406,10.633042,2044
10820,r10i1p1f1,2044,08,16,0.0,32.03639,13.229926,2044
10821,r10i1p1f1,2044,08,17,0.0,31.481684,14.688528,2044
10822,r10i1p1f1,2044,08,18,0.0,29.850891,13.723426,2044
10823,r10i1p1f1,2044,08,19,0.0,32.13742,15.217928,2044
10824,r10i1p1f1,2044,08,20,0.0,32.180687,16.761675,2044
10825,r10i1p1f1,2044,08,21,0.0,33.091873,16.258566,2044
10826,r10i1p1f1,2044,08,22,0.0,32.43847,16.475798,2044
10827,r10i1p1f1,2044,08,23,0.0,32.137077,16.433573,2044
10828,r10i1p1f1,2044,08,24,0.0,32.041317,14.617027,2044
10829,r10i1p1f1,2044,08,25,0.0,33.47719,15.646919,2044
10830,r10i1p1f1,2044,08,26,0.0,32.96707,16.868382,2044
10831,r10i1p1f1,2044,08,27,0.0,32.41825,15.535013,2044
10832,r10i1p1f1,2044,08,28,0.0,33.811543,16.469448,2044
10833,r10i1p1f1,2044,08,29,0.0,33.13323,16.206213,2044
10834,r10i1p1f1,2044,08,30,0.0,32.212967,14.325076,2044
10835,r10i1p1f1,2044,08,31,0.0,26.556189,10.227457,2044
10836,r10i1p1f1,2044,09,01,0.0,28.878464,12.316252,2044
10837,r10i1p1f1,2044,09,02,0.0,32.597454,15.814679,2044
10838,r10i1p1f1,2044,09,03,0.0,33.20928,15.160088,2044
10839,r10i1p1f1,2044,09,04,0.0,36.029285,18.694828,2044
10840,r10i1p1f1,2044,09,05,0.0,37.60139,20.097992,2044
10841,r10i1p1f1,2044,09,06,0.0,38.873024,20.385187,2044
10842,r10i1p1f1,2044,09,07,0.0,38.521046,23.30529,2044
10843,r10i1p1f1,2044,09,08,0.0,30.933372,18.101463,2044
10844,r10i1p1f1,2044,09,09,0.0,31.16301,14.056237,2044
10845,r10i1p1f1,2044,09,10,0.0,37.4378,18.10135,2044
10846,r10i1p1f1,2044,09,11,0.0,40.910378,22.766796,2044
10847,r10i1p1f1,2044,09,12,0.0,39.58893,23.73362,2044
10848,r10i1p1f1,2044,09,13,0.0,37.724316,21.722748,2044
10849,r10i1p1f1,2044,09,14,0.0,39.565784,23.300314,2044
10850,r10i1p1f1,2044,09,15,0.0,39.7966,23.94465,2044
10851,r10i1p1f1,2044,09,16,0.0,38.047028,23.409271,2044
10852,r10i1p1f1,2044,09,17,0.0,35.971146,21.439354,2044
10853,r10i1p1f1,2044,09,18,0.0,32.68822,19.584326,2044
10854,r10i1p1f1,2044,09,19,0.0,32.500725,18.190123,2044
10855,r10i1p1f1,2044,09,20,0.0,36.467632,20.15418,2044
10856,r10i1p1f1,2044,09,21,0.0,36.107704,19.94726,2044
10857,r10i1p1f1,2044,09,22,0.0,38.292492,21.774076,2044
10858,r10i1p1f1,2044,09,23,0.0,39.22761,23.853994,2044
10859,r10i1p1f1,2044,09,24,0.0,38.833603,22.521814,2044
10860,r10i1p1f1,2044,09,25,0.0,36.0333,21.592762,2044
10861,r10i1p1f1,2044,09,26,0.0,26.927141,14.867011,2044
10862,r10i1p1f1,2044,09,27,0.0,31.222437,16.076021,2044
10863,r10i1p1f1,2044,09,28,0.0,31.449976,16.617033,2044
10864,r10i1p1f1,2044,09,29,0.0,25.827278,11.462553,2044
10865,r10i1p1f1,2044,09,30,6.790157377652481,18.845293,7.0968385,2044
10866,r10i1p1f1,2044,10,01,0.7018478518866208,21.623917,8.4771,2044
10867,r10i1p1f1,2044,10,02,3.6419018493156248,24.269234,9.722043,2044
10868,r10i1p1f1,2044,10,03,0.0,26.796783,10.36579,2044
10869,r10i1p1f1,2044,10,04,0.0,29.282217,13.26952,2044
10870,r10i1p1f1,2044,10,05,0.0,28.424288,13.211002,2044
10871,r10i1p1f1,2044,10,06,0.0,27.65394,13.481386,2044
10872,r10i1p1f1,2044,10,07,0.0,24.538645,12.273133,2044
10873,r10i1p1f1,2044,10,08,0.0,27.822687,11.228747,2044
10874,r10i1p1f1,2044,10,09,0.0,27.931839,10.845874,2044
10875,r10i1p1f1,2044,10,10,0.0,27.128687,13.367326,2044
10876,r10i1p1f1,2044,10,11,1.2342018470008043,22.253082,12.438531,2044
10877,r10i1p1f1,2044,10,12,0.0,25.157354,8.854688,2044
10878,r10i1p1f1,2044,10,13,0.0,27.866287,13.973717,2044
10879,r10i1p1f1,2044,10,14,0.0,29.33772,14.826744,2044
10880,r10i1p1f1,2044,10,15,0.0,30.220993,14.503998,2044
10881,r10i1p1f1,2044,10,16,0.0,30.713903,15.184256,2044
10882,r10i1p1f1,2044,10,17,0.0,31.234276,17.595436,2044
10883,r10i1p1f1,2044,10,18,0.0,30.47222,16.910093,2044
10884,r10i1p1f1,2044,10,19,0.0,30.337881,16.756964,2044
10885,r10i1p1f1,2044,10,20,0.0,28.97503,14.428981,2044
10886,r10i1p1f1,2044,10,21,0.0,24.078995,12.610246,2044
10887,r10i1p1f1,2044,10,22,0.0,24.070223,12.509705,2044
10888,r10i1p1f1,2044,10,23,1.4216385693567932,22.338665,11.956998,2044
10889,r10i1p1f1,2044,10,24,3.5422261242944697,22.48495,11.263314,2044
10890,r10i1p1f1,2044,10,25,0.0,24.257809,8.097498,2044
10891,r10i1p1f1,2044,10,26,0.0,23.919771,10.714394,2044
10892,r10i1p1f1,2044,10,27,0.0,22.604086,9.233211,2044
10893,r10i1p1f1,2044,10,28,0.0,19.659042,9.301819,2044
10894,r10i1p1f1,2044,10,29,0.8285482854621238,18.59975,8.470213,2044
10895,r10i1p1f1,2044,10,30,0.0008786586979687471,22.139124,6.466862,2044
10896,r10i1p1f1,2044,10,31,0.0,25.16449,9.58124,2044
10897,r10i1p1f1,2044,11,01,0.0,25.140345,10.36559,2044
10898,r10i1p1f1,2044,11,02,24.442042310807953,22.866253,9.100091,2044
10899,r10i1p1f1,2044,11,03,4.232695760240284,14.474161,7.417385,2044
10900,r10i1p1f1,2044,11,04,1.6234950143083744,14.942306,7.3420987,2044
10901,r10i1p1f1,2044,11,05,0.0,16.666018,4.2737794,2044
10902,r10i1p1f1,2044,11,06,0.0,18.961073,3.6404848,2044
10903,r10i1p1f1,2044,11,07,0.0,18.868446,6.361899,2044
10904,r10i1p1f1,2044,11,08,0.0,24.907434,7.545836,2044
10905,r10i1p1f1,2044,11,09,0.0,26.718052,10.062165,2044
10906,r10i1p1f1,2044,11,10,0.0,25.18244,10.099484,2044
10907,r10i1p1f1,2044,11,11,0.0,19.952557,8.062315,2044
10908,r10i1p1f1,2044,11,12,0.0,20.78406,6.957656,2044
10909,r10i1p1f1,2044,11,13,0.0,26.240295,7.658452,2044
10910,r10i1p1f1,2044,11,14,0.0,27.44956,8.290586,2044
10911,r10i1p1f1,2044,11,15,0.0,21.158167,9.305809,2044
10912,r10i1p1f1,2044,11,16,0.0,23.450878,7.6305623,2044
10913,r10i1p1f1,2044,11,17,0.0,21.7581,6.4268026,2044
10914,r10i1p1f1,2044,11,18,2.1673778853016157,13.188806,1.2669951,2044
10915,r10i1p1f1,2044,11,19,0.0,16.968504,-0.47504786,2044
10916,r10i1p1f1,2044,11,20,0.08987194140852232,20.002245,2.627663,2044
10917,r10i1p1f1,2044,11,21,0.0,23.584948,5.0926466,2044
10918,r10i1p1f1,2044,11,22,0.0,21.491629,6.6782775,2044
10919,r10i1p1f1,2044,11,23,0.0,20.742416,8.499904,2044
10920,r10i1p1f1,2044,11,24,5.979702960758004,20.302221,9.916563,2044
10921,r10i1p1f1,2044,11,25,1.2049548947528053,19.327114,4.8998775,2044
10922,r10i1p1f1,2044,11,26,0.01965507359799583,19.598577,6.58938,2044
10923,r10i1p1f1,2044,11,27,0.0,18.156155,2.4428434,2044
10924,r10i1p1f1,2044,11,28,0.0,15.957817,1.7411268,2044
10925,r10i1p1f1,2044,11,29,0.0,17.409626,2.9961135,2044
10926,r10i1p1f1,2044,11,30,0.0,20.581844,3.1816194,2044
10927,r10i1p1f1,2044,12,01,0.0,24.102533,8.009301,2044
10928,r10i1p1f1,2044,12,02,0.0,19.887718,7.6366296,2044
10929,r10i1p1f1,2044,12,03,0.0,19.786217,7.7237887,2044
10930,r10i1p1f1,2044,12,04,18.1161601889854,13.706707,3.6517544,2044
10931,r10i1p1f1,2044,12,05,28.28469161942944,12.282962,5.823533,2044
10932,r10i1p1f1,2044,12,06,25.104301195901108,14.142241,9.153021,2044
10933,r10i1p1f1,2044,12,07,0.14922809232901177,13.25772,3.2742755,2044
10934,r10i1p1f1,2044,12,08,41.908019732095696,11.426017,3.8307161,2044
10935,r10i1p1f1,2044,12,09,19.218472950620036,10.451596,6.2107954,2044
10936,r10i1p1f1,2044,12,10,0.0016625287757003541,11.632469,6.453789,2044
10937,r10i1p1f1,2044,12,11,0.0,13.662372,5.521457,2044
10938,r10i1p1f1,2044,12,12,0.0,15.40313,2.0701606,2044
10939,r10i1p1f1,2044,12,13,0.0,16.257168,5.804049,2044
10940,r10i1p1f1,2044,12,14,0.0,16.909067,6.724657,2044
10941,r10i1p1f1,2044,12,15,0.0,17.07398,5.564327,2044
10942,r10i1p1f1,2044,12,16,0.0,19.012568,6.7426186,2044
10943,r10i1p1f1,2044,12,17,0.0,18.312243,8.135061,2044
10944,r10i1p1f1,2044,12,18,0.0,16.551514,5.922578,2044
10945,r10i1p1f1,2044,12,19,0.0,15.92641,5.263378,2044
10946,r10i1p1f1,2044,12,20,0.41479333833529763,14.338679,5.674867,2044
10947,r10i1p1f1,2044,12,21,0.0,10.489896,-1.4308164,2044
10948,r10i1p1f1,2044,12,22,0.0,5.7650275,-4.44787,2044
10949,r10i1p1f1,2044,12,23,0.0,5.0066233,-5.9697204,2044
10950,r10i1p1f1,2044,12,24,0.0,2.7785592,-7.6084228,2044
10951,r10i1p1f1,2044,12,25,0.18555603705384496,-3.2119923,-11.471648,2044
10952,r10i1p1f1,2044,12,26,0.0,2.6706595,-8.615455,2044
10953,r10i1p1f1,2044,12,27,0.0,3.5230613,-7.103546,2044
10954,r10i1p1f1,2044,12,28,0.0,4.026561,-4.6730614,2044
10955,r10i1p1f1,2044,12,29,0.0,5.002809,-6.166234,2044
10956,r10i1p1f1,2044,12,30,6.672239840171594,2.9142034,-2.1663747,2044
10957,r10i1p1f1,2044,12,31,0.0,3.2010405,-7.7466826,2044
10958,r10i1p1f1,2045,01,01,0.0,6.322707,-5.4071794,2045
10959,r10i1p1f1,2045,01,02,0.0,5.9899426,-5.9054832,2045
10960,r10i1p1f1,2045,01,03,0.0,6.676929,-5.5982394,2045
10961,r10i1p1f1,2045,01,04,0.0,8.621509,-3.640635,2045
10962,r10i1p1f1,2045,01,05,0.0,10.944242,-1.7977504,2045
10963,r10i1p1f1,2045,01,06,0.0,9.330788,-1.37391,2045
10964,r10i1p1f1,2045,01,07,0.04212933019133695,8.278244,-0.99213994,2045
10965,r10i1p1f1,2045,01,08,0.00896564744332289,9.692757,3.6773689,2045
10966,r10i1p1f1,2045,01,09,0.018545399938088132,13.290166,4.8853364,2045
10967,r10i1p1f1,2045,01,10,0.06064513160924291,12.968529,4.8962207,2045
10968,r10i1p1f1,2045,01,11,0.0,17.655008,5.937769,2045
10969,r10i1p1f1,2045,01,12,0.0,16.237085,4.1509957,2045
10970,r10i1p1f1,2045,01,13,1.061530331724881,15.453448,6.412603,2045
10971,r10i1p1f1,2045,01,14,0.0,12.761307,5.8784356,2045
10972,r10i1p1f1,2045,01,15,1.3585461909889618,13.5673685,6.264779,2045
10973,r10i1p1f1,2045,01,16,32.20314817414251,12.117448,4.389444,2045
10974,r10i1p1f1,2045,01,17,0.0,12.779986,2.2495573,2045
10975,r10i1p1f1,2045,01,18,4.832753837363749,8.076781,2.885585,2045
10976,r10i1p1f1,2045,01,19,0.0,9.486259,-0.31383896,2045
10977,r10i1p1f1,2045,01,20,1.4509148712979942,8.978242,1.2471765,2045
10978,r10i1p1f1,2045,01,21,35.20277302565151,8.28124,4.292299,2045
10979,r10i1p1f1,2045,01,22,2.931978468893105,8.5142765,-0.9488154,2045
10980,r10i1p1f1,2045,01,23,0.0,7.80351,-2.9103189,2045
10981,r10i1p1f1,2045,01,24,0.0,9.675636,-2.4489822,2045
10982,r10i1p1f1,2045,01,25,12.973106757884747,7.5147085,1.9766843,2045
10983,r10i1p1f1,2045,01,26,5.719021478077928,8.89558,3.5566595,2045
10984,r10i1p1f1,2045,01,27,41.491675188789436,8.309277,0.9661042,2045
10985,r10i1p1f1,2045,01,28,0.0399237494237145,9.381026,-0.29027778,2045
10986,r10i1p1f1,2045,01,29,0.0,9.227958,-1.07863,2045
10987,r10i1p1f1,2045,01,30,0.0,11.002408,-0.052324396,2045
10988,r10i1p1f1,2045,01,31,0.0,13.602786,-0.118320666,2045
10989,r10i1p1f1,2045,02,01,0.0,13.299207,3.3726237,2045
10990,r10i1p1f1,2045,02,02,1.7580953652357398,12.479827,5.228592,2045
10991,r10i1p1f1,2045,02,03,2.210743536883647,9.976921,4.765766,2045
10992,r10i1p1f1,2045,02,04,0.0,17.112158,1.7967641,2045
10993,r10i1p1f1,2045,02,05,0.0,14.521634,2.3263772,2045
10994,r10i1p1f1,2045,02,06,7.194169782604532,9.680775,5.2308903,2045
10995,r10i1p1f1,2045,02,07,5.288385138452979,10.671959,5.58655,2045
10996,r10i1p1f1,2045,02,08,0.7468076001882046,11.469044,2.4824247,2045
10997,r10i1p1f1,2045,02,09,0.02253117713017242,8.099002,2.001741,2045
10998,r10i1p1f1,2045,02,10,0.3687252498486104,13.916565,2.1589048,2045
10999,r10i1p1f1,2045,02,11,0.0,19.327835,5.604432,2045
11000,r10i1p1f1,2045,02,12,0.0,20.0374,6.825165,2045
11001,r10i1p1f1,2045,02,13,0.0,15.313972,3.7867103,2045
11002,r10i1p1f1,2045,02,14,0.0,18.211779,5.26587,2045
11003,r10i1p1f1,2045,02,15,0.0,18.717896,4.909959,2045
11004,r10i1p1f1,2045,02,16,1.2388446721735435,17.317924,6.8739357,2045
11005,r10i1p1f1,2045,02,17,2.1370374906286758,11.597908,6.748468,2045
11006,r10i1p1f1,2045,02,18,1.6535306223934305,9.448069,4.556896,2045
11007,r10i1p1f1,2045,02,19,0.21705663144817472,10.453882,1.3906995,2045
11008,r10i1p1f1,2045,02,20,0.0,9.651748,-1.3072956,2045
11009,r10i1p1f1,2045,02,21,8.221575445531926,8.454787,1.0589608,2045
11010,r10i1p1f1,2045,02,22,32.11056522850413,10.432092,4.152661,2045
11011,r10i1p1f1,2045,02,23,5.423002558956413,14.395627,4.364203,2045
11012,r10i1p1f1,2045,02,24,37.12766515305511,10.786809,2.8470101,2045
11013,r10i1p1f1,2045,02,25,44.29841777861216,8.131406,3.5474813,2045
11014,r10i1p1f1,2045,02,26,0.0,12.809097,1.898928,2045
11015,r10i1p1f1,2045,02,27,0.0,12.703548,0.16095392,2045
11016,r10i1p1f1,2045,02,28,0.023807197878436694,12.1681185,4.9094434,2045
11017,r10i1p1f1,2045,03,01,0.0,14.357859,6.5130897,2045
11018,r10i1p1f1,2045,03,02,1.6510478981935623,15.7705,3.657227,2045
11019,r10i1p1f1,2045,03,03,0.0,18.649038,2.060618,2045
11020,r10i1p1f1,2045,03,04,0.0,17.858194,2.7093923,2045
11021,r10i1p1f1,2045,03,05,0.0,12.598552,-0.07476526,2045
11022,r10i1p1f1,2045,03,06,0.0,12.453727,-1.004021,2045
11023,r10i1p1f1,2045,03,07,0.0,10.800143,-1.1435735,2045
11024,r10i1p1f1,2045,03,08,5.146507952706184,8.631805,1.122105,2045
11025,r10i1p1f1,2045,03,09,0.0865897777705533,12.943901,5.476587,2045
11026,r10i1p1f1,2045,03,10,18.139621836981906,12.52492,6.9528384,2045
11027,r10i1p1f1,2045,03,11,28.64629845288092,11.895029,5.9518137,2045
11028,r10i1p1f1,2045,03,12,0.27777901124959736,11.328292,3.750259,2045
11029,r10i1p1f1,2045,03,13,1.3147797348785006,11.788007,4.2374477,2045
11030,r10i1p1f1,2045,03,14,0.0,12.269811,-0.630862,2045
11031,r10i1p1f1,2045,03,15,0.0,11.85463,-0.4408182,2045
11032,r10i1p1f1,2045,03,16,0.0,12.646483,0.6141422,2045
11033,r10i1p1f1,2045,03,17,0.0,13.064989,-0.081054084,2045
11034,r10i1p1f1,2045,03,18,0.0,12.703507,-0.63927156,2045
11035,r10i1p1f1,2045,03,19,0.0,13.1682005,-1.1396766,2045
11036,r10i1p1f1,2045,03,20,0.0,16.218592,0.39392632,2045
11037,r10i1p1f1,2045,03,21,0.0,20.77613,2.8114393,2045
11038,r10i1p1f1,2045,03,22,0.0,22.197926,4.531993,2045
11039,r10i1p1f1,2045,03,23,0.0,23.684359,6.3838015,2045
11040,r10i1p1f1,2045,03,24,0.0,23.108019,9.606955,2045
11041,r10i1p1f1,2045,03,25,0.0,26.261192,8.345142,2045
11042,r10i1p1f1,2045,03,26,0.0,29.191269,11.589765,2045
11043,r10i1p1f1,2045,03,27,0.0,30.177584,13.498797,2045
11044,r10i1p1f1,2045,03,28,0.0,30.550318,13.218471,2045
11045,r10i1p1f1,2045,03,29,0.0,28.903296,16.322027,2045
11046,r10i1p1f1,2045,03,30,0.0,24.37103,9.486412,2045
11047,r10i1p1f1,2045,03,31,0.0,24.940773,9.115622,2045
11048,r10i1p1f1,2045,04,01,0.0,26.258886,9.006303,2045
11049,r10i1p1f1,2045,04,02,0.0,29.024382,8.606346,2045
11050,r10i1p1f1,2045,04,03,0.0,27.512348,11.227065,2045
11051,r10i1p1f1,2045,04,04,0.0,26.61571,10.769359,2045
11052,r10i1p1f1,2045,04,05,0.0,22.76441,8.590789,2045
11053,r10i1p1f1,2045,04,06,2.323783040327199,18.082657,5.027155,2045
11054,r10i1p1f1,2045,04,07,22.587705669483466,12.151046,4.651575,2045
11055,r10i1p1f1,2045,04,08,0.49142239864809917,10.944558,4.185938,2045
11056,r10i1p1f1,2045,04,09,0.0,14.32973,4.596565,2045
11057,r10i1p1f1,2045,04,10,0.0,19.926466,3.136843,2045
11058,r10i1p1f1,2045,04,11,0.0,22.568375,5.029493,2045
11059,r10i1p1f1,2045,04,12,0.0,25.238474,8.799835,2045
11060,r10i1p1f1,2045,04,13,4.661352339711525,20.892712,7.350085,2045
11061,r10i1p1f1,2045,04,14,11.534372966898923,13.304437,4.527759,2045
11062,r10i1p1f1,2045,04,15,10.03463999517599,9.613462,0.64398015,2045
11063,r10i1p1f1,2045,04,16,0.2271277686974683,10.778479,-1.1575155,2045
11064,r10i1p1f1,2045,04,17,0.1718162558135143,10.048969,0.78969735,2045
11065,r10i1p1f1,2045,04,18,0.012217115861284057,11.581518,0.44034335,2045
11066,r10i1p1f1,2045,04,19,0.0,16.08449,0.62244076,2045
11067,r10i1p1f1,2045,04,20,0.0,21.447378,3.3665628,2045
11068,r10i1p1f1,2045,04,21,0.0,25.807152,8.907742,2045
11069,r10i1p1f1,2045,04,22,0.0,26.134655,12.458006,2045
11070,r10i1p1f1,2045,04,23,0.0,24.791319,9.272847,2045
11071,r10i1p1f1,2045,04,24,0.0,18.26744,2.799273,2045
11072,r10i1p1f1,2045,04,25,0.0,17.58234,2.9107802,2045
11073,r10i1p1f1,2045,04,26,0.0,18.78038,2.1884148,2045
11074,r10i1p1f1,2045,04,27,0.0,21.791964,5.3042855,2045
11075,r10i1p1f1,2045,04,28,0.0,23.754513,7.5912347,2045
11076,r10i1p1f1,2045,04,29,0.0,23.601858,10.257739,2045
11077,r10i1p1f1,2045,04,30,0.0,26.450012,11.363714,2045
11078,r10i1p1f1,2045,05,01,0.0,29.008032,13.675499,2045
11079,r10i1p1f1,2045,05,02,0.0,30.541134,13.237248,2045
11080,r10i1p1f1,2045,05,03,0.0,30.015152,15.262428,2045
11081,r10i1p1f1,2045,05,04,0.0,28.150507,14.281957,2045
11082,r10i1p1f1,2045,05,05,0.0,28.398798,11.793912,2045
11083,r10i1p1f1,2045,05,06,0.0,28.25763,12.314298,2045
11084,r10i1p1f1,2045,05,07,0.0,24.447893,11.123551,2045
11085,r10i1p1f1,2045,05,08,0.0,24.241888,7.680175,2045
11086,r10i1p1f1,2045,05,09,0.0,27.476364,10.7142105,2045
11087,r10i1p1f1,2045,05,10,0.0,28.122503,12.648917,2045
11088,r10i1p1f1,2045,05,11,0.0,27.142511,10.195564,2045
11089,r10i1p1f1,2045,05,12,0.0,24.258257,10.181134,2045
11090,r10i1p1f1,2045,05,13,0.0,20.214777,4.463652,2045
11091,r10i1p1f1,2045,05,14,1.0554270291131136,16.816116,6.1798387,2045
11092,r10i1p1f1,2045,05,15,0.004695398782036807,19.344612,5.2586226,2045
11093,r10i1p1f1,2045,05,16,0.0,18.683516,7.608572,2045
11094,r10i1p1f1,2045,05,17,0.0,24.493128,9.137835,2045
11095,r10i1p1f1,2045,05,18,0.0,24.854004,8.632552,2045
11096,r10i1p1f1,2045,05,19,0.0,28.032875,10.114251,2045
11097,r10i1p1f1,2045,05,20,0.0,28.873667,12.21479,2045
11098,r10i1p1f1,2045,05,21,0.0,28.3823,11.149779,2045
11099,r10i1p1f1,2045,05,22,0.0,29.785833,12.463417,2045
11100,r10i1p1f1,2045,05,23,0.0,30.015131,12.660031,2045
11101,r10i1p1f1,2045,05,24,0.0,29.473106,15.1079035,2045
11102,r10i1p1f1,2045,05,25,0.0,28.278519,10.196111,2045
11103,r10i1p1f1,2045,05,26,0.0,28.49917,12.778079,2045
11104,r10i1p1f1,2045,05,27,0.0,26.227453,11.009439,2045
11105,r10i1p1f1,2045,05,28,0.0,31.353619,13.624411,2045
11106,r10i1p1f1,2045,05,29,0.0,32.43506,16.153637,2045
11107,r10i1p1f1,2045,05,30,0.0,31.57691,13.79576,2045
11108,r10i1p1f1,2045,05,31,0.0,27.994879,12.659635,2045
11109,r10i1p1f1,2045,06,01,0.0,26.860418,9.19272,2045
11110,r10i1p1f1,2045,06,02,0.0,23.030884,8.612201,2045
11111,r10i1p1f1,2045,06,03,0.3714876244262804,19.33457,5.952843,2045
11112,r10i1p1f1,2045,06,04,0.0,23.356413,4.5564003,2045
11113,r10i1p1f1,2045,06,05,0.0,32.949974,14.083808,2045
11114,r10i1p1f1,2045,06,06,0.0,37.7031,20.063047,2045
11115,r10i1p1f1,2045,06,07,0.0,38.88744,20.629398,2045
11116,r10i1p1f1,2045,06,08,0.0,38.58219,20.6109,2045
11117,r10i1p1f1,2045,06,09,0.0,37.35544,21.340149,2045
11118,r10i1p1f1,2045,06,10,0.0,33.126984,20.90536,2045
11119,r10i1p1f1,2045,06,11,0.0,31.574678,14.552783,2045
11120,r10i1p1f1,2045,06,12,0.0,31.031794,15.487311,2045
11121,r10i1p1f1,2045,06,13,0.0,29.62523,13.36326,2045
11122,r10i1p1f1,2045,06,14,0.0,34.438053,15.832507,2045
11123,r10i1p1f1,2045,06,15,0.0,35.877907,19.0278,2045
11124,r10i1p1f1,2045,06,16,0.0,39.391777,21.015446,2045
11125,r10i1p1f1,2045,06,17,0.0,41.07613,25.404503,2045
11126,r10i1p1f1,2045,06,18,0.0,40.915257,22.974075,2045
11127,r10i1p1f1,2045,06,19,0.0,36.25169,19.35344,2045
11128,r10i1p1f1,2045,06,20,0.0,28.765001,13.876203,2045
11129,r10i1p1f1,2045,06,21,0.0,27.640978,13.18622,2045
11130,r10i1p1f1,2045,06,22,0.0,29.45972,12.0973,2045
11131,r10i1p1f1,2045,06,23,0.0,32.216873,13.327092,2045
11132,r10i1p1f1,2045,06,24,0.0,38.356155,20.081635,2045
11133,r10i1p1f1,2045,06,25,0.0,37.269978,18.485306,2045
11134,r10i1p1f1,2045,06,26,0.0,33.393017,16.41359,2045
11135,r10i1p1f1,2045,06,27,0.0,36.975952,19.405207,2045
11136,r10i1p1f1,2045,06,28,0.0,36.138603,18.660484,2045
11137,r10i1p1f1,2045,06,29,0.0,30.629227,14.956069,2045
11138,r10i1p1f1,2045,06,30,0.0,27.695932,10.462486,2045
11139,r10i1p1f1,2045,07,01,0.0,30.80449,12.4890995,2045
11140,r10i1p1f1,2045,07,02,0.0,38.06145,18.419678,2045
11141,r10i1p1f1,2045,07,03,0.0,37.62451,20.016842,2045
11142,r10i1p1f1,2045,07,04,0.0,36.889553,19.817327,2045
11143,r10i1p1f1,2045,07,05,0.0,36.956394,18.119272,2045
11144,r10i1p1f1,2045,07,06,0.0,36.65581,18.568419,2045
11145,r10i1p1f1,2045,07,07,0.0,35.052498,17.614117,2045
11146,r10i1p1f1,2045,07,08,0.0,34.84604,17.317184,2045
11147,r10i1p1f1,2045,07,09,0.0,34.104424,16.513592,2045
11148,r10i1p1f1,2045,07,10,0.0,37.34642,17.95852,2045
11149,r10i1p1f1,2045,07,11,0.0,38.669872,20.811823,2045
11150,r10i1p1f1,2045,07,12,0.0,38.241585,21.220087,2045
11151,r10i1p1f1,2045,07,13,0.0,37.80366,20.217024,2045
11152,r10i1p1f1,2045,07,14,0.0,35.42607,17.010836,2045
11153,r10i1p1f1,2045,07,15,0.0,36.178085,17.696861,2045
11154,r10i1p1f1,2045,07,16,0.0,37.21461,19.124094,2045
11155,r10i1p1f1,2045,07,17,0.0,36.5419,19.901905,2045
11156,r10i1p1f1,2045,07,18,0.0,33.159283,15.327139,2045
11157,r10i1p1f1,2045,07,19,0.0,29.14755,12.723967,2045
11158,r10i1p1f1,2045,07,20,0.0,32.81373,13.924162,2045
11159,r10i1p1f1,2045,07,21,0.0,39.149155,19.142445,2045
11160,r10i1p1f1,2045,07,22,0.0,41.504723,22.636127,2045
11161,r10i1p1f1,2045,07,23,0.0,41.8773,23.253603,2045
11162,r10i1p1f1,2045,07,24,0.0,41.634644,23.149286,2045
11163,r10i1p1f1,2045,07,25,0.0,39.601215,20.883844,2045
11164,r10i1p1f1,2045,07,26,0.0,37.374317,19.355783,2045
11165,r10i1p1f1,2045,07,27,0.0,33.221066,15.029731,2045
11166,r10i1p1f1,2045,07,28,0.0,35.18686,16.291191,2045
11167,r10i1p1f1,2045,07,29,0.0,37.598106,18.252592,2045
11168,r10i1p1f1,2045,07,30,0.0,37.7537,19.725315,2045
11169,r10i1p1f1,2045,07,31,0.0,39.5775,20.02013,2045
11170,r10i1p1f1,2045,08,01,0.0,39.972263,21.315943,2045
11171,r10i1p1f1,2045,08,02,0.0,40.05568,23.140335,2045
11172,r10i1p1f1,2045,08,03,0.0,40.027195,20.90786,2045
11173,r10i1p1f1,2045,08,04,0.0,40.73799,21.395128,2045
11174,r10i1p1f1,2045,08,05,0.0,40.823826,22.015976,2045
11175,r10i1p1f1,2045,08,06,0.0,39.928318,22.359348,2045
11176,r10i1p1f1,2045,08,07,0.0,40.39273,23.202995,2045
11177,r10i1p1f1,2045,08,08,0.0,34.11385,18.537165,2045
11178,r10i1p1f1,2045,08,09,0.0,26.250322,15.068952,2045
11179,r10i1p1f1,2045,08,10,3.103027444984419,27.438438,13.400516,2045
11180,r10i1p1f1,2045,08,11,0.0,29.6059,14.091927,2045
11181,r10i1p1f1,2045,08,12,0.0,28.010643,11.798101,2045
11182,r10i1p1f1,2045,08,13,0.0,24.529747,8.15719,2045
11183,r10i1p1f1,2045,08,14,0.0,25.287985,7.056144,2045
11184,r10i1p1f1,2045,08,15,0.0,31.75878,12.071286,2045
11185,r10i1p1f1,2045,08,16,0.0,37.888042,19.892227,2045
11186,r10i1p1f1,2045,08,17,0.0,37.059353,21.062914,2045
11187,r10i1p1f1,2045,08,18,0.0,37.993587,19.776037,2045
11188,r10i1p1f1,2045,08,19,0.0,41.33767,21.556961,2045
11189,r10i1p1f1,2045,08,20,0.0,39.65492,23.0452,2045
11190,r10i1p1f1,2045,08,21,0.0,36.653027,27.296406,2045
11191,r10i1p1f1,2045,08,22,0.0,35.734646,20.895845,2045
11192,r10i1p1f1,2045,08,23,0.0,34.641083,17.240454,2045
11193,r10i1p1f1,2045,08,24,0.0,32.908234,15.616432,2045
11194,r10i1p1f1,2045,08,25,0.0,32.621124,13.963013,2045
11195,r10i1p1f1,2045,08,26,0.0,32.027233,14.746468,2045
11196,r10i1p1f1,2045,08,27,0.0,31.757957,14.1711235,2045
11197,r10i1p1f1,2045,08,28,0.0,31.529005,12.9686,2045
11198,r10i1p1f1,2045,08,29,0.0,32.50922,14.348488,2045
11199,r10i1p1f1,2045,08,30,0.0,32.092434,14.631865,2045
11200,r10i1p1f1,2045,08,31,0.0,33.403004,15.471156,2045
11201,r10i1p1f1,2045,09,01,0.0,36.52803,19.182898,2045
11202,r10i1p1f1,2045,09,02,0.0,37.516994,19.054558,2045
11203,r10i1p1f1,2045,09,03,0.0,37.915062,19.74109,2045
11204,r10i1p1f1,2045,09,04,0.0,37.852264,19.554337,2045
11205,r10i1p1f1,2045,09,05,0.0,37.958057,20.528776,2045
11206,r10i1p1f1,2045,09,06,0.0,37.818817,19.910992,2045
11207,r10i1p1f1,2045,09,07,0.0,37.358753,20.366644,2045
11208,r10i1p1f1,2045,09,08,0.0,34.020985,14.507822,2045
11209,r10i1p1f1,2045,09,09,0.0,28.685345,10.599619,2045
11210,r10i1p1f1,2045,09,10,0.0,32.651073,14.474536,2045
11211,r10i1p1f1,2045,09,11,0.0,31.155094,14.544159,2045
11212,r10i1p1f1,2045,09,12,0.0,29.448265,10.703366,2045
11213,r10i1p1f1,2045,09,13,0.0,25.679342,11.05373,2045
11214,r10i1p1f1,2045,09,14,5.183781585257844,22.240372,7.088122,2045
11215,r10i1p1f1,2045,09,15,0.0,22.078062,4.6584287,2045
11216,r10i1p1f1,2045,09,16,0.0,26.624247,8.069575,2045
11217,r10i1p1f1,2045,09,17,0.0,29.09054,11.448201,2045
11218,r10i1p1f1,2045,09,18,0.0,27.807886,10.146627,2045
11219,r10i1p1f1,2045,09,19,0.0,23.606033,5.2854376,2045
11220,r10i1p1f1,2045,09,20,0.0,14.927659,1.9137207,2045
11221,r10i1p1f1,2045,09,21,0.0018201620246384807,14.408036,0.6689459,2045
11222,r10i1p1f1,2045,09,22,0.0,23.468569,4.33036,2045
11223,r10i1p1f1,2045,09,23,0.0,28.161932,8.022272,2045
11224,r10i1p1f1,2045,09,24,0.0,29.463251,11.597486,2045
11225,r10i1p1f1,2045,09,25,0.0,29.135433,11.788502,2045
11226,r10i1p1f1,2045,09,26,0.0,29.73844,13.508596,2045
11227,r10i1p1f1,2045,09,27,0.0,30.697844,13.316601,2045
11228,r10i1p1f1,2045,09,28,0.0,31.767906,13.470288,2045
11229,r10i1p1f1,2045,09,29,0.0,30.208853,17.163439,2045
11230,r10i1p1f1,2045,09,30,0.0,32.42398,18.633034,2045
11231,r10i1p1f1,2045,10,01,0.0,30.767208,12.730582,2045
11232,r10i1p1f1,2045,10,02,0.0,28.696398,14.346938,2045
11233,r10i1p1f1,2045,10,03,0.0,27.144325,11.77534,2045
11234,r10i1p1f1,2045,10,04,0.0,27.786438,11.766833,2045
11235,r10i1p1f1,2045,10,05,0.0,26.932907,11.514562,2045
11236,r10i1p1f1,2045,10,06,0.0,23.087221,6.6739597,2045
11237,r10i1p1f1,2045,10,07,0.0,20.040073,6.5155044,2045
11238,r10i1p1f1,2045,10,08,0.0,23.375744,10.100985,2045
11239,r10i1p1f1,2045,10,09,0.0,22.648483,8.1775875,2045
11240,r10i1p1f1,2045,10,10,0.0,20.806246,6.3706994,2045
11241,r10i1p1f1,2045,10,11,0.0,23.103678,5.00437,2045
11242,r10i1p1f1,2045,10,12,0.0,24.44017,7.687075,2045
11243,r10i1p1f1,2045,10,13,0.0,24.560492,9.266012,2045
11244,r10i1p1f1,2045,10,14,0.0,23.948257,7.6766243,2045
11245,r10i1p1f1,2045,10,15,0.0,21.832697,7.3658943,2045
11246,r10i1p1f1,2045,10,16,0.0,20.209463,4.8202724,2045
11247,r10i1p1f1,2045,10,17,0.0,17.476725,4.8350434,2045
11248,r10i1p1f1,2045,10,18,0.0,20.354504,3.216678,2045
11249,r10i1p1f1,2045,10,19,0.0,19.843336,4.2836328,2045
11250,r10i1p1f1,2045,10,20,0.0,18.138596,4.0790863,2045
11251,r10i1p1f1,2045,10,21,0.0,18.036804,5.9187636,2045
11252,r10i1p1f1,2045,10,22,0.0,21.336887,4.5693245,2045
11253,r10i1p1f1,2045,10,23,0.0,24.009174,4.3359237,2045
11254,r10i1p1f1,2045,10,24,0.0,23.051996,10.838363,2045
11255,r10i1p1f1,2045,10,25,0.10835985194238387,22.894426,11.510684,2045
11256,r10i1p1f1,2045,10,26,0.0,25.180779,9.345588,2045
11257,r10i1p1f1,2045,10,27,0.0,24.113943,9.019466,2045
11258,r10i1p1f1,2045,10,28,0.0,20.437252,6.288235,2045
11259,r10i1p1f1,2045,10,29,0.0,21.925219,5.6620765,2045
11260,r10i1p1f1,2045,10,30,0.0,24.089157,8.879718,2045
11261,r10i1p1f1,2045,10,31,0.0,24.520605,8.414501,2045
11262,r10i1p1f1,2045,11,01,0.0,24.959509,6.8817444,2045
11263,r10i1p1f1,2045,11,02,0.0,25.258991,10.022691,2045
11264,r10i1p1f1,2045,11,03,0.0,25.692255,7.4678392,2045
11265,r10i1p1f1,2045,11,04,0.0,23.182646,8.745428,2045
11266,r10i1p1f1,2045,11,05,0.0,24.94494,7.67249,2045
11267,r10i1p1f1,2045,11,06,0.0,25.211538,9.492324,2045
11268,r10i1p1f1,2045,11,07,0.0,24.246405,8.795178,2045
11269,r10i1p1f1,2045,11,08,0.0,27.617868,8.729998,2045
11270,r10i1p1f1,2045,11,09,0.0,26.99132,10.919989,2045
11271,r10i1p1f1,2045,11,10,0.0,26.205542,12.530118,2045
11272,r10i1p1f1,2045,11,11,0.0,25.539331,13.578301,2045
11273,r10i1p1f1,2045,11,12,0.0,22.43821,6.468124,2045
11274,r10i1p1f1,2045,11,13,0.0,24.021765,6.7382493,2045
11275,r10i1p1f1,2045,11,14,0.0,23.175861,6.3589363,2045
11276,r10i1p1f1,2045,11,15,0.0,23.056885,9.99456,2045
11277,r10i1p1f1,2045,11,16,0.0,25.503172,6.645394,2045
11278,r10i1p1f1,2045,11,17,0.0,23.45961,7.71675,2045
11279,r10i1p1f1,2045,11,18,0.0,23.913181,10.746357,2045
11280,r10i1p1f1,2045,11,19,0.0,20.906137,9.931423,2045
11281,r10i1p1f1,2045,11,20,0.0,19.731766,7.2450423,2045
11282,r10i1p1f1,2045,11,21,0.0,19.885635,8.783335,2045
11283,r10i1p1f1,2045,11,22,2.742243992902092,19.655832,8.474536,2045
11284,r10i1p1f1,2045,11,23,5.834003322472295,13.121478,5.956119,2045
11285,r10i1p1f1,2045,11,24,20.310348588483112,12.45827,6.192237,2045
11286,r10i1p1f1,2045,11,25,21.620387223389884,9.655511,3.5575707,2045
11287,r10i1p1f1,2045,11,26,0.0,12.20386,0.019203387,2045
11288,r10i1p1f1,2045,11,27,13.27330248313956,11.09242,1.8952681,2045
11289,r10i1p1f1,2045,11,28,2.398206153918038,7.737367,0.32097968,2045
11290,r10i1p1f1,2045,11,29,0.0,10.50354,-1.4966971,2045
11291,r10i1p1f1,2045,11,30,14.050775655088824,8.529193,1.5115726,2045
11292,r10i1p1f1,2045,12,01,0.11756900884823776,11.452339,5.951944,2045
11293,r10i1p1f1,2045,12,02,0.8297227707149241,13.7157755,6.2532234,2045
11294,r10i1p1f1,2045,12,03,0.4033670401105682,14.163382,9.085984,2045
11295,r10i1p1f1,2045,12,04,0.0,12.539439,2.91827,2045
11296,r10i1p1f1,2045,12,05,0.0,13.239194,2.5878873,2045
11297,r10i1p1f1,2045,12,06,0.0,16.776628,3.8132243,2045
11298,r10i1p1f1,2045,12,07,0.0,18.183958,5.42995,2045
11299,r10i1p1f1,2045,12,08,0.0,16.831863,5.7128363,2045
11300,r10i1p1f1,2045,12,09,14.755015554500892,11.090992,6.2676096,2045
11301,r10i1p1f1,2045,12,10,54.88257019284279,10.037603,1.4629405,2045
11302,r10i1p1f1,2045,12,11,11.624779636162872,4.0888486,0.90686375,2045
11303,r10i1p1f1,2045,12,12,0.0,7.7761183,-2.3711488,2045
11304,r10i1p1f1,2045,12,13,0.0,8.958488,-3.3567924,2045
11305,r10i1p1f1,2045,12,14,0.0,7.08484,-3.5653129,2045
11306,r10i1p1f1,2045,12,15,35.99243688513525,8.29319,-0.51011515,2045
11307,r10i1p1f1,2045,12,16,5.05795155117276,7.9412546,-0.90283483,2045
11308,r10i1p1f1,2045,12,17,1.143422847402881,3.952195,-0.01226124,2045
11309,r10i1p1f1,2045,12,18,13.586978012129915,8.705964,0.6327033,2045
11310,r10i1p1f1,2045,12,19,0.39966288168216124,8.930317,-1.1988778,2045
11311,r10i1p1f1,2045,12,20,0.0,1.0292971,-8.411232,2045
11312,r10i1p1f1,2045,12,21,0.0,-1.386574,-9.586087,2045
11313,r10i1p1f1,2045,12,22,0.0,-0.28983888,-10.867809,2045
11314,r10i1p1f1,2045,12,23,0.031844996783547685,2.68587,-5.3247876,2045
11315,r10i1p1f1,2045,12,24,0.0,7.365663,-1.7123592,2045
11316,r10i1p1f1,2045,12,25,0.35553356998494373,5.9952273,-3.084807,2045
11317,r10i1p1f1,2045,12,26,38.724040438874475,7.6558757,0.30756158,2045
11318,r10i1p1f1,2045,12,27,7.282814419522765,7.892557,2.516231,2045
11319,r10i1p1f1,2045,12,28,0.07049246668023108,8.8888445,0.2333368,2045
11320,r10i1p1f1,2045,12,29,0.28324028416088703,7.911279,2.4445744,2045
11321,r10i1p1f1,2045,12,30,30.176026962918083,6.610939,1.6977577,2045
11322,r10i1p1f1,2045,12,31,8.83869937872652,8.92915,0.7558708,2045
11323,r10i1p1f1,2046,01,01,0.0,5.7692804,-1.6413723,2046
11324,r10i1p1f1,2046,01,02,1.9634315281013857,2.96336,-1.0291505,2046
11325,r10i1p1f1,2046,01,03,33.13359291458159,7.9347167,-2.081236,2046
11326,r10i1p1f1,2046,01,04,33.342509027754296,7.5322723,3.6096978,2046
11327,r10i1p1f1,2046,01,05,68.91468030976523,12.261106,2.54152,2046
11328,r10i1p1f1,2046,01,06,59.13795858842174,11.76633,8.82997,2046
11329,r10i1p1f1,2046,01,07,0.0,13.98602,7.881006,2046
11330,r10i1p1f1,2046,01,08,17.5550992026968,13.56484,9.944441,2046
11331,r10i1p1f1,2046,01,09,22.080239340644574,14.684186,11.215162,2046
11332,r10i1p1f1,2046,01,10,11.446932473949058,15.382998,12.19395,2046
11333,r10i1p1f1,2046,01,11,4.433085799686715,19.250063,10.712354,2046
11334,r10i1p1f1,2046,01,12,0.0,18.492954,8.561953,2046
11335,r10i1p1f1,2046,01,13,0.0,18.301125,8.444468,2046
11336,r10i1p1f1,2046,01,14,0.0,15.267555,11.332171,2046
11337,r10i1p1f1,2046,01,15,0.0,19.85294,7.4837704,2046
11338,r10i1p1f1,2046,01,16,0.0,18.618643,5.9490557,2046
11339,r10i1p1f1,2046,01,17,0.0,18.899887,7.9902916,2046
11340,r10i1p1f1,2046,01,18,0.0,16.780994,5.892315,2046
11341,r10i1p1f1,2046,01,19,0.0,13.968543,5.673504,2046
11342,r10i1p1f1,2046,01,20,0.0,13.4879055,2.910456,2046
11343,r10i1p1f1,2046,01,21,0.0,15.046253,3.2060387,2046
11344,r10i1p1f1,2046,01,22,0.0,17.90265,4.276169,2046
11345,r10i1p1f1,2046,01,23,0.0,17.91005,5.9160333,2046
11346,r10i1p1f1,2046,01,24,0.0,15.687592,3.2514887,2046
11347,r10i1p1f1,2046,01,25,0.0,12.403481,1.0169696,2046
11348,r10i1p1f1,2046,01,26,0.0,10.632266,-0.1783383,2046
11349,r10i1p1f1,2046,01,27,0.0,10.899461,-0.97709036,2046
11350,r10i1p1f1,2046,01,28,0.0,10.696425,0.35388404,2046
11351,r10i1p1f1,2046,01,29,25.518716850293504,10.738254,1.7967438,2046
11352,r10i1p1f1,2046,01,30,0.0,11.198921,-0.6189549,2046
11353,r10i1p1f1,2046,01,31,0.0,13.200004,2.0342183,2046
11354,r10i1p1f1,2046,02,01,1.7205061222033404,10.518405,5.216644,2046
11355,r10i1p1f1,2046,02,02,0.0,16.782255,5.823419,2046
11356,r10i1p1f1,2046,02,03,0.0,16.476118,3.4063866,2046
11357,r10i1p1f1,2046,02,04,1.0551992943634871,13.50491,8.350408,2046
11358,r10i1p1f1,2046,02,05,1.1590478902163388,19.377783,8.01806,2046
11359,r10i1p1f1,2046,02,06,1.5732468750827953,19.71013,7.9027886,2046
11360,r10i1p1f1,2046,02,07,0.0,16.928677,7.0394254,2046
11361,r10i1p1f1,2046,02,08,22.8732579893212,15.205716,8.126709,2046
11362,r10i1p1f1,2046,02,09,0.7944543306573331,12.2344885,4.210075,2046
11363,r10i1p1f1,2046,02,10,25.58319521393921,12.051533,4.5559654,2046
11364,r10i1p1f1,2046,02,11,56.10338521655649,13.673281,8.119972,2046
11365,r10i1p1f1,2046,02,12,0.14981383126628076,15.062484,4.0778694,2046
11366,r10i1p1f1,2046,02,13,0.0,14.646693,1.512962,2046
11367,r10i1p1f1,2046,02,14,15.234273019029244,12.4263935,4.321949,2046
11368,r10i1p1f1,2046,02,15,5.5269503727016085,11.848534,-0.63326806,2046
11369,r10i1p1f1,2046,02,16,23.933140513499414,9.455455,0.8791771,2046
11370,r10i1p1f1,2046,02,17,0.0,12.1113405,0.2174002,2046
11371,r10i1p1f1,2046,02,18,0.0,11.272493,-0.6788816,2046
11372,r10i1p1f1,2046,02,19,0.0,14.594134,1.4572355,2046
11373,r10i1p1f1,2046,02,20,0.0,15.734576,2.1469607,2046
11374,r10i1p1f1,2046,02,21,0.0,16.305954,3.2338994,2046
11375,r10i1p1f1,2046,02,22,0.0,15.859359,3.0535831,2046
11376,r10i1p1f1,2046,02,23,15.595039475010708,14.164337,3.5216112,2046
11377,r10i1p1f1,2046,02,24,5.846519554018558,8.2992735,-1.7019812,2046
11378,r10i1p1f1,2046,02,25,0.0,10.145112,-1.1137898,2046
11379,r10i1p1f1,2046,02,26,0.0,10.848977,-1.775381,2046
11380,r10i1p1f1,2046,02,27,0.0,12.787552,-1.234224,2046
11381,r10i1p1f1,2046,02,28,0.0,12.199517,-0.26820153,2046
11382,r10i1p1f1,2046,03,01,0.0,12.323287,-2.4866009,2046
11383,r10i1p1f1,2046,03,02,0.0,13.031221,0.426756,2046
11384,r10i1p1f1,2046,03,03,2.0099764879217363,13.250917,-0.092840895,2046
11385,r10i1p1f1,2046,03,04,0.27051199425554123,15.7059555,2.8248203,2046
11386,r10i1p1f1,2046,03,05,0.0,19.044558,4.170897,2046
11387,r10i1p1f1,2046,03,06,0.0,18.977312,5.5725284,2046
11388,r10i1p1f1,2046,03,07,0.0,17.941446,3.5568166,2046
11389,r10i1p1f1,2046,03,08,0.0,16.79634,5.2907176,2046
11390,r10i1p1f1,2046,03,09,0.0,18.577305,2.9802992,2046
11391,r10i1p1f1,2046,03,10,0.0,21.703268,5.9958825,2046
11392,r10i1p1f1,2046,03,11,0.0,22.486889,8.625236,2046
11393,r10i1p1f1,2046,03,12,0.0,24.366142,8.791694,2046
11394,r10i1p1f1,2046,03,13,0.0,24.941345,8.411231,2046
11395,r10i1p1f1,2046,03,14,0.0,27.276098,9.067137,2046
11396,r10i1p1f1,2046,03,15,0.0,25.38602,9.086069,2046
11397,r10i1p1f1,2046,03,16,2.992611694514237,18.90461,5.109684,2046
11398,r10i1p1f1,2046,03,17,23.256636169351527,11.702676,4.304123,2046
11399,r10i1p1f1,2046,03,18,0.0,14.732316,1.1034992,2046
11400,r10i1p1f1,2046,03,19,0.0,14.521153,-0.7116127,2046
11401,r10i1p1f1,2046,03,20,23.492231399531622,9.165415,1.7410833,2046
11402,r10i1p1f1,2046,03,21,11.591316339074279,8.968072,1.790495,2046
11403,r10i1p1f1,2046,03,22,0.0,15.842121,-0.67665744,2046
11404,r10i1p1f1,2046,03,23,0.0,18.705683,1.1563355,2046
11405,r10i1p1f1,2046,03,24,0.0,22.017948,4.9000664,2046
11406,r10i1p1f1,2046,03,25,0.0,23.859444,6.027729,2046
11407,r10i1p1f1,2046,03,26,0.0,27.027084,8.007834,2046
11408,r10i1p1f1,2046,03,27,0.0,26.354128,10.0098915,2046
11409,r10i1p1f1,2046,03,28,0.0,22.82369,6.7516694,2046
11410,r10i1p1f1,2046,03,29,0.0,26.613693,9.007399,2046
11411,r10i1p1f1,2046,03,30,0.0,29.007343,9.026649,2046
11412,r10i1p1f1,2046,03,31,0.0,28.645758,13.055423,2046
11413,r10i1p1f1,2046,04,01,0.0,27.34244,13.517236,2046
11414,r10i1p1f1,2046,04,02,6.929357243835081,19.114365,4.7435265,2046
11415,r10i1p1f1,2046,04,03,0.06304077250517462,19.695843,6.051125,2046
11416,r10i1p1f1,2046,04,04,0.0,18.151573,5.8833427,2046
11417,r10i1p1f1,2046,04,05,2.214518105948197,15.925818,6.5909534,2046
11418,r10i1p1f1,2046,04,06,0.03349638322537143,18.233694,2.1461852,2046
11419,r10i1p1f1,2046,04,07,0.0,21.879467,5.681472,2046
11420,r10i1p1f1,2046,04,08,0.0,24.500536,7.647792,2046
11421,r10i1p1f1,2046,04,09,0.0,25.033716,7.581874,2046
11422,r10i1p1f1,2046,04,10,0.0,26.089483,11.248082,2046
11423,r10i1p1f1,2046,04,11,0.0,25.896408,7.9528365,2046
11424,r10i1p1f1,2046,04,12,0.0,27.009583,8.84148,2046
11425,r10i1p1f1,2046,04,13,0.0,27.803955,11.516009,2046
11426,r10i1p1f1,2046,04,14,0.0,27.431541,13.246611,2046
11427,r10i1p1f1,2046,04,15,0.0,28.43663,12.642619,2046
11428,r10i1p1f1,2046,04,16,0.0,28.718866,13.165913,2046
11429,r10i1p1f1,2046,04,17,0.0,27.633053,14.947156,2046
11430,r10i1p1f1,2046,04,18,0.0,24.27265,10.90834,2046
11431,r10i1p1f1,2046,04,19,0.0,20.05441,7.155332,2046
11432,r10i1p1f1,2046,04,20,0.0,21.213844,7.196392,2046
11433,r10i1p1f1,2046,04,21,0.0,23.914703,7.9189696,2046
11434,r10i1p1f1,2046,04,22,0.0,24.759274,11.191058,2046
11435,r10i1p1f1,2046,04,23,0.0,24.340368,9.713372,2046
11436,r10i1p1f1,2046,04,24,2.488789905275649,16.078743,3.7243605,2046
11437,r10i1p1f1,2046,04,25,0.5580233390853544,14.597462,2.824645,2046
11438,r10i1p1f1,2046,04,26,0.37366314711442483,15.696366,2.2909732,2046
11439,r10i1p1f1,2046,04,27,0.0,18.714678,4.134918,2046
11440,r10i1p1f1,2046,04,28,0.0,20.521076,5.703948,2046
11441,r10i1p1f1,2046,04,29,0.0,22.145912,6.4325533,2046
11442,r10i1p1f1,2046,04,30,0.0,21.385258,7.534281,2046
11443,r10i1p1f1,2046,05,01,0.6404045239402254,19.683804,8.459148,2046
11444,r10i1p1f1,2046,05,02,0.0,19.420328,8.396172,2046
11445,r10i1p1f1,2046,05,03,0.11007066305553867,19.00028,7.7865224,2046
11446,r10i1p1f1,2046,05,04,57.93690202929275,16.442856,5.8853292,2046
11447,r10i1p1f1,2046,05,05,14.655400458171865,11.320475,2.511132,2046
11448,r10i1p1f1,2046,05,06,0.0,17.46286,4.0538516,2046
11449,r10i1p1f1,2046,05,07,0.0,17.339048,4.707073,2046
11450,r10i1p1f1,2046,05,08,14.143875223051413,14.555248,1.1995522,2046
11451,r10i1p1f1,2046,05,09,0.5968985430531335,7.74538,1.904944,2046
11452,r10i1p1f1,2046,05,10,0.1436057659367706,13.82335,2.6459188,2046
11453,r10i1p1f1,2046,05,11,0.0,17.812645,3.975414,2046
11454,r10i1p1f1,2046,05,12,0.0,20.271408,5.783137,2046
11455,r10i1p1f1,2046,05,13,2.4281468533636623,17.781382,6.87594,2046
11456,r10i1p1f1,2046,05,14,1.4909794646116912,14.91792,5.5389395,2046
11457,r10i1p1f1,2046,05,15,37.24696746641329,14.411893,5.225367,2046
11458,r10i1p1f1,2046,05,16,4.678574624784615,12.406608,2.9980814,2046
11459,r10i1p1f1,2046,05,17,19.311451474870985,10.775318,2.966759,2046
11460,r10i1p1f1,2046,05,18,0.05140797745154582,17.93282,1.6917015,2046
11461,r10i1p1f1,2046,05,19,0.0,24.258814,7.2309937,2046
11462,r10i1p1f1,2046,05,20,0.0,25.340837,9.348191,2046
11463,r10i1p1f1,2046,05,21,0.0,25.03566,10.873652,2046
11464,r10i1p1f1,2046,05,22,6.2704963487703935,18.177486,8.241665,2046
11465,r10i1p1f1,2046,05,23,4.202209948023569,17.887154,6.079977,2046
11466,r10i1p1f1,2046,05,24,0.0,24.47162,9.14098,2046
11467,r10i1p1f1,2046,05,25,0.7747735013101407,22.034412,8.985855,2046
11468,r10i1p1f1,2046,05,26,0.9955700341678446,19.448574,7.8232117,2046
11469,r10i1p1f1,2046,05,27,0.4551682397175826,20.594065,10.25186,2046
11470,r10i1p1f1,2046,05,28,0.0,23.62964,8.303682,2046
11471,r10i1p1f1,2046,05,29,0.0,26.559448,10.611657,2046
11472,r10i1p1f1,2046,05,30,0.0,29.009737,13.386897,2046
11473,r10i1p1f1,2046,05,31,0.0,28.103502,13.599027,2046
11474,r10i1p1f1,2046,06,01,0.0,25.925625,11.117475,2046
11475,r10i1p1f1,2046,06,02,0.0,26.862555,11.65648,2046
11476,r10i1p1f1,2046,06,03,0.0,34.389835,14.785321,2046
11477,r10i1p1f1,2046,06,04,0.0,37.181232,20.015005,2046
11478,r10i1p1f1,2046,06,05,1.0685597956915827,32.916355,15.751981,2046
11479,r10i1p1f1,2046,06,06,1.3430456437354703,26.851976,15.096768,2046
11480,r10i1p1f1,2046,06,07,0.015907714657116327,24.087566,12.092003,2046
11481,r10i1p1f1,2046,06,08,0.0,22.544281,10.046763,2046
11482,r10i1p1f1,2046,06,09,0.0,26.14818,8.822042,2046
11483,r10i1p1f1,2046,06,10,0.0,29.71167,12.011475,2046
11484,r10i1p1f1,2046,06,11,0.0,31.750225,14.237699,2046
11485,r10i1p1f1,2046,06,12,0.0,31.800001,18.405264,2046
11486,r10i1p1f1,2046,06,13,0.0,30.368587,14.759444,2046
11487,r10i1p1f1,2046,06,14,0.0,27.21654,15.784884,2046
11488,r10i1p1f1,2046,06,15,0.0,27.008865,12.812076,2046
11489,r10i1p1f1,2046,06,16,0.0,28.27868,12.419562,2046
11490,r10i1p1f1,2046,06,17,0.0,32.801792,14.208276,2046
11491,r10i1p1f1,2046,06,18,0.0,35.16719,18.55851,2046
11492,r10i1p1f1,2046,06,19,0.0,33.624218,17.354832,2046
11493,r10i1p1f1,2046,06,20,0.0,32.509632,16.972977,2046
11494,r10i1p1f1,2046,06,21,0.0,33.26894,18.755075,2046
11495,r10i1p1f1,2046,06,22,0.0,35.099598,19.337223,2046
11496,r10i1p1f1,2046,06,23,0.0,36.96202,19.893171,2046
11497,r10i1p1f1,2046,06,24,0.0,36.46241,21.864649,2046
11498,r10i1p1f1,2046,06,25,0.0,35.35497,19.80005,2046
11499,r10i1p1f1,2046,06,26,0.0,34.35631,18.852907,2046
11500,r10i1p1f1,2046,06,27,0.0,29.661255,16.344631,2046
11501,r10i1p1f1,2046,06,28,0.0,27.126245,12.189873,2046
11502,r10i1p1f1,2046,06,29,0.0,26.898232,12.095624,2046
11503,r10i1p1f1,2046,06,30,0.0,25.38266,10.455083,2046
11504,r10i1p1f1,2046,07,01,0.0,25.436846,8.295966,2046
11505,r10i1p1f1,2046,07,02,0.0,27.792702,10.493655,2046
11506,r10i1p1f1,2046,07,03,0.0,30.937613,14.267676,2046
11507,r10i1p1f1,2046,07,04,0.0,32.61988,15.818979,2046
11508,r10i1p1f1,2046,07,05,0.0,31.756563,15.688944,2046
11509,r10i1p1f1,2046,07,06,0.0,33.46688,15.665311,2046
11510,r10i1p1f1,2046,07,07,0.0,34.227688,17.468317,2046
11511,r10i1p1f1,2046,07,08,0.0,37.0206,18.13302,2046
11512,r10i1p1f1,2046,07,09,0.0,36.507202,20.10296,2046
11513,r10i1p1f1,2046,07,10,0.0,33.785286,17.728104,2046
11514,r10i1p1f1,2046,07,11,0.0,32.672718,17.69018,2046
11515,r10i1p1f1,2046,07,12,0.0,30.685165,15.970102,2046
11516,r10i1p1f1,2046,07,13,0.0,26.846228,10.5550585,2046
11517,r10i1p1f1,2046,07,14,0.0,29.108267,10.001791,2046
11518,r10i1p1f1,2046,07,15,0.0,29.993328,12.359067,2046
11519,r10i1p1f1,2046,07,16,0.0,31.41157,14.09982,2046
11520,r10i1p1f1,2046,07,17,0.0,32.813663,14.32265,2046
11521,r10i1p1f1,2046,07,18,0.0,31.643593,14.594767,2046
11522,r10i1p1f1,2046,07,19,0.0,27.325764,11.914436,2046
11523,r10i1p1f1,2046,07,20,0.0,24.796585,8.7328825,2046
11524,r10i1p1f1,2046,07,21,0.0,24.10357,7.9825296,2046
11525,r10i1p1f1,2046,07,22,0.0,27.85,8.415148,2046
11526,r10i1p1f1,2046,07,23,0.0,31.43387,13.065635,2046
11527,r10i1p1f1,2046,07,24,0.0,32.53051,16.591843,2046
11528,r10i1p1f1,2046,07,25,0.0,33.367893,16.065228,2046
11529,r10i1p1f1,2046,07,26,0.0,34.020588,16.754807,2046
11530,r10i1p1f1,2046,07,27,0.0,32.74079,16.207518,2046
11531,r10i1p1f1,2046,07,28,0.0,34.297497,15.883333,2046
11532,r10i1p1f1,2046,07,29,0.0,34.85345,17.013378,2046
11533,r10i1p1f1,2046,07,30,0.0,33.975376,17.503529,2046
11534,r10i1p1f1,2046,07,31,0.0,32.758797,15.89521,2046
11535,r10i1p1f1,2046,08,01,0.0,31.90536,14.9522705,2046
11536,r10i1p1f1,2046,08,02,0.0,30.697308,13.790063,2046
11537,r10i1p1f1,2046,08,03,0.0,32.020576,14.168266,2046
11538,r10i1p1f1,2046,08,04,0.0,31.187677,16.044691,2046
11539,r10i1p1f1,2046,08,05,0.0,32.848145,17.629414,2046
11540,r10i1p1f1,2046,08,06,0.0,32.10605,16.392473,2046
11541,r10i1p1f1,2046,08,07,0.0,30.056053,12.793199,2046
11542,r10i1p1f1,2046,08,08,0.0,33.61502,14.193287,2046
11543,r10i1p1f1,2046,08,09,0.0,33.13634,16.979233,2046
11544,r10i1p1f1,2046,08,10,0.0,33.841537,16.662523,2046
11545,r10i1p1f1,2046,08,11,0.0,33.872696,16.764044,2046
11546,r10i1p1f1,2046,08,12,0.0,32.47441,16.668385,2046
11547,r10i1p1f1,2046,08,13,0.0,33.097675,16.774029,2046
11548,r10i1p1f1,2046,08,14,0.0,34.874866,16.791235,2046
11549,r10i1p1f1,2046,08,15,0.0,38.163055,19.006088,2046
11550,r10i1p1f1,2046,08,16,0.0,38.086033,22.588678,2046
11551,r10i1p1f1,2046,08,17,0.0,38.036396,21.366175,2046
11552,r10i1p1f1,2046,08,18,0.0,38.53353,22.924591,2046
11553,r10i1p1f1,2046,08,19,0.0,37.33676,21.902033,2046
11554,r10i1p1f1,2046,08,20,0.0,36.7958,18.776024,2046
11555,r10i1p1f1,2046,08,21,0.0,34.745346,17.505476,2046
11556,r10i1p1f1,2046,08,22,0.0,35.245438,18.900421,2046
11557,r10i1p1f1,2046,08,23,0.0,37.018353,19.365473,2046
11558,r10i1p1f1,2046,08,24,0.12003688123417976,37.26521,20.203928,2046
11559,r10i1p1f1,2046,08,25,0.0,36.46635,19.96156,2046
11560,r10i1p1f1,2046,08,26,0.0,35.38449,20.219246,2046
11561,r10i1p1f1,2046,08,27,0.0,34.48711,18.005018,2046
11562,r10i1p1f1,2046,08,28,0.0,34.02353,17.725441,2046
11563,r10i1p1f1,2046,08,29,0.0,32.21104,14.805089,2046
11564,r10i1p1f1,2046,08,30,0.0,30.13939,13.365465,2046
11565,r10i1p1f1,2046,08,31,0.0,34.168682,17.532303,2046
11566,r10i1p1f1,2046,09,01,0.0,36.7691,19.15269,2046
11567,r10i1p1f1,2046,09,02,0.0,36.633698,19.121109,2046
11568,r10i1p1f1,2046,09,03,0.0,35.57579,18.388487,2046
11569,r10i1p1f1,2046,09,04,0.0,32.838238,15.895845,2046
11570,r10i1p1f1,2046,09,05,0.0,35.077686,16.710978,2046
11571,r10i1p1f1,2046,09,06,0.0,35.28509,17.461422,2046
11572,r10i1p1f1,2046,09,07,0.0,36.325695,21.305353,2046
11573,r10i1p1f1,2046,09,08,0.0,36.733814,21.279873,2046
11574,r10i1p1f1,2046,09,09,0.0,36.651783,19.447376,2046
11575,r10i1p1f1,2046,09,10,0.0,35.948658,19.285593,2046
11576,r10i1p1f1,2046,09,11,0.0,33.690395,19.509768,2046
11577,r10i1p1f1,2046,09,12,0.0,34.554893,17.939556,2046
11578,r10i1p1f1,2046,09,13,0.0,38.313198,20.55504,2046
11579,r10i1p1f1,2046,09,14,0.0,39.71021,22.464401,2046
11580,r10i1p1f1,2046,09,15,0.0,39.337055,21.683783,2046
11581,r10i1p1f1,2046,09,16,0.0,38.360474,22.318743,2046
11582,r10i1p1f1,2046,09,17,0.0,34.526295,18.758184,2046
11583,r10i1p1f1,2046,09,18,0.0,34.75913,17.661331,2046
11584,r10i1p1f1,2046,09,19,0.0,34.05915,18.151361,2046
11585,r10i1p1f1,2046,09,20,0.0,31.43042,16.617321,2046
11586,r10i1p1f1,2046,09,21,0.0,27.628748,11.303932,2046
11587,r10i1p1f1,2046,09,22,0.0,21.775885,7.9896417,2046
11588,r10i1p1f1,2046,09,23,0.0,19.08482,4.6826396,2046
11589,r10i1p1f1,2046,09,24,0.0,19.302362,5.879032,2046
11590,r10i1p1f1,2046,09,25,0.0,20.844934,7.379593,2046
11591,r10i1p1f1,2046,09,26,0.0,23.036316,8.913409,2046
11592,r10i1p1f1,2046,09,27,0.0,24.798693,7.7591844,2046
11593,r10i1p1f1,2046,09,28,0.0,26.045221,10.827573,2046
11594,r10i1p1f1,2046,09,29,0.0,26.344498,10.256393,2046
11595,r10i1p1f1,2046,09,30,0.0,26.528322,12.937243,2046
11596,r10i1p1f1,2046,10,01,0.0,27.305538,10.888531,2046
11597,r10i1p1f1,2046,10,02,0.0,26.895424,11.384619,2046
11598,r10i1p1f1,2046,10,03,49.92743722487878,26.925852,10.7832365,2046
11599,r10i1p1f1,2046,10,04,63.65977109495648,11.200119,4.2208524,2046
11600,r10i1p1f1,2046,10,05,0.6332414378496316,13.866396,1.7380418,2046
11601,r10i1p1f1,2046,10,06,0.0,18.69621,2.5122943,2046
11602,r10i1p1f1,2046,10,07,0.005888305244489426,18.292809,5.1768255,2046
11603,r10i1p1f1,2046,10,08,0.0,20.64829,6.776111,2046
11604,r10i1p1f1,2046,10,09,0.0,25.91804,9.860373,2046
11605,r10i1p1f1,2046,10,10,0.0,31.120602,12.2012205,2046
11606,r10i1p1f1,2046,10,11,0.0,31.964725,14.574235,2046
11607,r10i1p1f1,2046,10,12,0.0,30.685602,15.569153,2046
11608,r10i1p1f1,2046,10,13,0.0,28.40224,16.027584,2046
11609,r10i1p1f1,2046,10,14,0.0,27.318668,14.660759,2046
11610,r10i1p1f1,2046,10,15,0.8283546188450648,25.398167,11.502484,2046
11611,r10i1p1f1,2046,10,16,0.0,22.204636,11.345207,2046
11612,r10i1p1f1,2046,10,17,0.0,22.84394,9.111587,2046
11613,r10i1p1f1,2046,10,18,1.6174743133361564,23.41346,11.376427,2046
11614,r10i1p1f1,2046,10,19,2.525073758867716,20.14361,10.696153,2046
11615,r10i1p1f1,2046,10,20,2.4176032463784445,18.826231,7.4913235,2046
11616,r10i1p1f1,2046,10,21,0.0,19.728195,9.386124,2046
11617,r10i1p1f1,2046,10,22,0.0,18.988909,5.772826,2046
11618,r10i1p1f1,2046,10,23,0.0,22.968298,6.5266266,2046
11619,r10i1p1f1,2046,10,24,0.0,26.432133,10.509305,2046
11620,r10i1p1f1,2046,10,25,0.0,27.992987,12.112895,2046
11621,r10i1p1f1,2046,10,26,0.0,27.712055,11.074486,2046
11622,r10i1p1f1,2046,10,27,0.0,24.18016,11.738713,2046
11623,r10i1p1f1,2046,10,28,0.0,25.732016,13.079449,2046
11624,r10i1p1f1,2046,10,29,0.0,26.688643,13.283964,2046
11625,r10i1p1f1,2046,10,30,0.0,26.857782,14.0883665,2046
11626,r10i1p1f1,2046,10,31,0.0,25.640182,9.711003,2046
11627,r10i1p1f1,2046,11,01,0.0,24.885395,12.404189,2046
11628,r10i1p1f1,2046,11,02,0.0,24.74209,10.486615,2046
11629,r10i1p1f1,2046,11,03,0.0,27.161453,11.668724,2046
11630,r10i1p1f1,2046,11,04,0.0,29.752384,11.691878,2046
11631,r10i1p1f1,2046,11,05,0.0,28.697485,15.184747,2046
11632,r10i1p1f1,2046,11,06,9.130755834331993,25.668707,12.14331,2046
11633,r10i1p1f1,2046,11,07,4.012322553458752,17.607882,12.358331,2046
11634,r10i1p1f1,2046,11,08,0.0,19.270422,6.2868276,2046
11635,r10i1p1f1,2046,11,09,0.0,18.253275,5.5856338,2046
11636,r10i1p1f1,2046,11,10,0.0,17.643728,5.7098937,2046
11637,r10i1p1f1,2046,11,11,0.0,17.599388,6.195053,2046
11638,r10i1p1f1,2046,11,12,0.0,19.333807,5.4640007,2046
11639,r10i1p1f1,2046,11,13,0.0,20.450699,3.0965116,2046
11640,r10i1p1f1,2046,11,14,0.0,19.692305,3.709806,2046
11641,r10i1p1f1,2046,11,15,2.235620557008875,19.82812,7.434851,2046
11642,r10i1p1f1,2046,11,16,9.62003142087365,13.820728,8.8040085,2046
11643,r10i1p1f1,2046,11,17,0.20674083973158544,19.336775,6.5918517,2046
11644,r10i1p1f1,2046,11,18,0.430685701715112,18.317259,9.960391,2046
11645,r10i1p1f1,2046,11,19,17.11326221411582,13.9658575,8.939093,2046
11646,r10i1p1f1,2046,11,20,0.33184528180610967,13.615544,6.3971066,2046
11647,r10i1p1f1,2046,11,21,0.0,14.426347,2.0144691,2046
11648,r10i1p1f1,2046,11,22,0.0,13.68972,4.5097847,2046
11649,r10i1p1f1,2046,11,23,2.377538478585369,13.576327,2.7670853,2046
11650,r10i1p1f1,2046,11,24,31.142613511704106,11.1192045,3.4077027,2046
11651,r10i1p1f1,2046,11,25,40.93566053902338,9.271052,5.146225,2046
11652,r10i1p1f1,2046,11,26,6.741736293291692,12.591931,5.665774,2046
11653,r10i1p1f1,2046,11,27,0.0,14.135691,2.4019475,2046
11654,r10i1p1f1,2046,11,28,0.0,14.724724,1.3682327,2046
11655,r10i1p1f1,2046,11,29,0.0,16.560528,3.2043662,2046
11656,r10i1p1f1,2046,11,30,0.055570135459435586,14.614937,5.369436,2046
11657,r10i1p1f1,2046,12,01,0.0,16.434158,4.120874,2046
11658,r10i1p1f1,2046,12,02,0.0,17.695063,5.93272,2046
11659,r10i1p1f1,2046,12,03,0.0,16.812502,5.4020796,2046
11660,r10i1p1f1,2046,12,04,0.783515031680269,15.626221,6.6457915,2046
11661,r10i1p1f1,2046,12,05,1.5196693379374138,12.749875,2.9874141,2046
11662,r10i1p1f1,2046,12,06,0.0,14.448027,3.7500787,2046
11663,r10i1p1f1,2046,12,07,0.0,15.012225,3.9503214,2046
11664,r10i1p1f1,2046,12,08,0.0,15.118568,3.560805,2046
11665,r10i1p1f1,2046,12,09,0.0,13.844837,3.1005325,2046
11666,r10i1p1f1,2046,12,10,0.0,13.348594,2.1506338,2046
11667,r10i1p1f1,2046,12,11,0.0002983447769254685,11.95529,4.3685293,2046
11668,r10i1p1f1,2046,12,12,0.0,11.687174,1.6901984,2046
11669,r10i1p1f1,2046,12,13,0.0,10.222458,-1.6600271,2046
11670,r10i1p1f1,2046,12,14,0.0,9.559792,-1.8056016,2046
11671,r10i1p1f1,2046,12,15,0.0,7.585275,-3.3252587,2046
11672,r10i1p1f1,2046,12,16,0.0,6.057462,-4.275231,2046
11673,r10i1p1f1,2046,12,17,0.0,9.697101,-2.1619968,2046
11674,r10i1p1f1,2046,12,18,0.0,11.785288,1.1207666,2046
11675,r10i1p1f1,2046,12,19,0.0,10.09498,-0.353043,2046
11676,r10i1p1f1,2046,12,20,0.0,10.60819,-1.0934044,2046
11677,r10i1p1f1,2046,12,21,0.0,8.591307,-2.1581752,2046
11678,r10i1p1f1,2046,12,22,0.0,12.348397,0.12812786,2046
11679,r10i1p1f1,2046,12,23,0.0,15.657585,2.8922727,2046
11680,r10i1p1f1,2046,12,24,0.0,18.64036,4.669802,2046
11681,r10i1p1f1,2046,12,25,0.0,18.702143,6.5621157,2046
11682,r10i1p1f1,2046,12,26,0.0,17.036375,7.7430115,2046
11683,r10i1p1f1,2046,12,27,0.0,17.679276,5.094566,2046
11684,r10i1p1f1,2046,12,28,0.0,16.508656,8.5770645,2046
11685,r10i1p1f1,2046,12,29,1.1679337568669947,17.682173,6.3072786,2046
11686,r10i1p1f1,2046,12,30,15.887496773594696,16.805079,6.3385377,2046
11687,r10i1p1f1,2046,12,31,6.267175937184795,12.282584,6.501561,2046
11688,r10i1p1f1,2047,01,01,0.06446740884484825,10.826019,1.1705296,2047
11689,r10i1p1f1,2047,01,02,0.0,8.560078,3.141648,2047
11690,r10i1p1f1,2047,01,03,1.0086393687360167,7.5538573,0.6816663,2047
11691,r10i1p1f1,2047,01,04,26.238927478430252,11.935368,1.0851519,2047
11692,r10i1p1f1,2047,01,05,55.930014648229665,15.551638,9.769575,2047
11693,r10i1p1f1,2047,01,06,77.53673209318598,15.992244,7.7400265,2047
11694,r10i1p1f1,2047,01,07,8.449146824817657,11.419054,4.215761,2047
11695,r10i1p1f1,2047,01,08,0.0,10.414599,-0.8251375,2047
11696,r10i1p1f1,2047,01,09,33.34501817252634,7.6999803,1.9194611,2047
11697,r10i1p1f1,2047,01,10,7.990577153740512,7.8836894,3.1760523,2047
11698,r10i1p1f1,2047,01,11,0.0,13.615786,0.45376447,2047
11699,r10i1p1f1,2047,01,12,0.0,13.955385,2.365558,2047
11700,r10i1p1f1,2047,01,13,0.0,18.641714,5.8399034,2047
11701,r10i1p1f1,2047,01,14,0.0,16.998428,6.130532,2047
11702,r10i1p1f1,2047,01,15,1.2626260136944198,14.646682,5.9561644,2047
11703,r10i1p1f1,2047,01,16,0.0,15.524223,2.7656527,2047
11704,r10i1p1f1,2047,01,17,0.0,16.139524,5.872181,2047
11705,r10i1p1f1,2047,01,18,0.0,14.841571,5.9956946,2047
11706,r10i1p1f1,2047,01,19,0.0,12.147766,4.208795,2047
11707,r10i1p1f1,2047,01,20,0.0,15.37354,2.5613098,2047
11708,r10i1p1f1,2047,01,21,0.0,15.008712,2.272095,2047
11709,r10i1p1f1,2047,01,22,0.0,14.600353,2.0570033,2047
11710,r10i1p1f1,2047,01,23,0.0,16.064814,3.2791712,2047
11711,r10i1p1f1,2047,01,24,0.0,16.538712,2.5807228,2047
11712,r10i1p1f1,2047,01,25,0.0,15.530617,2.2559834,2047
11713,r10i1p1f1,2047,01,26,0.0,14.8594265,4.7429442,2047
11714,r10i1p1f1,2047,01,27,0.0,15.77664,5.912222,2047
11715,r10i1p1f1,2047,01,28,0.0,17.025183,4.53664,2047
11716,r10i1p1f1,2047,01,29,0.0,19.008799,5.937942,2047
11717,r10i1p1f1,2047,01,30,0.0,18.45846,5.9388556,2047
11718,r10i1p1f1,2047,01,31,0.0,16.56886,4.132863,2047
11719,r10i1p1f1,2047,02,01,0.0,18.78018,3.862716,2047
11720,r10i1p1f1,2047,02,02,4.118799797594731,18.106237,5.9094796,2047
11721,r10i1p1f1,2047,02,03,1.7471523881849145,12.103428,3.4536254,2047
11722,r10i1p1f1,2047,02,04,54.37595345398509,13.6417465,7.1566033,2047
11723,r10i1p1f1,2047,02,05,2.592912387483107,13.75615,5.657575,2047
11724,r10i1p1f1,2047,02,06,13.878523233334386,12.231611,2.8193185,2047
11725,r10i1p1f1,2047,02,07,17.619601651217398,10.179028,3.958847,2047
11726,r10i1p1f1,2047,02,08,39.036797455168866,10.406842,2.1218247,2047
11727,r10i1p1f1,2047,02,09,0.1382392800463238,10.248455,0.15610625,2047
11728,r10i1p1f1,2047,02,10,0.0,10.473116,-1.203697,2047
11729,r10i1p1f1,2047,02,11,0.0,17.595037,2.9733884,2047
11730,r10i1p1f1,2047,02,12,0.0,16.696207,3.102062,2047
11731,r10i1p1f1,2047,02,13,4.527919191203086,16.77917,6.3070207,2047
11732,r10i1p1f1,2047,02,14,1.4742305174063643,13.102852,1.863945,2047
11733,r10i1p1f1,2047,02,15,0.0,16.19575,2.1775544,2047
11734,r10i1p1f1,2047,02,16,0.11693906798379765,15.743919,4.266189,2047
11735,r10i1p1f1,2047,02,17,0.0,15.044665,2.2597282,2047
11736,r10i1p1f1,2047,02,18,24.57659771377956,10.170452,1.2090101,2047
11737,r10i1p1f1,2047,02,19,0.0,10.930022,1.7721827,2047
11738,r10i1p1f1,2047,02,20,4.853543442310949,10.173565,1.6666206,2047
11739,r10i1p1f1,2047,02,21,29.561079587591323,10.539571,3.9447756,2047
11740,r10i1p1f1,2047,02,22,0.0,12.483954,1.0835607,2047
11741,r10i1p1f1,2047,02,23,0.0,14.68943,1.4513494,2047
11742,r10i1p1f1,2047,02,24,0.0,16.043907,2.80995,2047
11743,r10i1p1f1,2047,02,25,0.02175398962878573,17.376266,5.9627237,2047
11744,r10i1p1f1,2047,02,26,0.0,20.808176,6.5123863,2047
11745,r10i1p1f1,2047,02,27,0.0,23.090508,8.879727,2047
11746,r10i1p1f1,2047,02,28,0.0,24.418928,7.660513,2047
11747,r10i1p1f1,2047,03,01,0.0,23.569159,7.572194,2047
11748,r10i1p1f1,2047,03,02,0.0,21.952698,7.9865055,2047
11749,r10i1p1f1,2047,03,03,0.0,16.345495,0.6207641,2047
11750,r10i1p1f1,2047,03,04,0.0,13.672662,-0.39721417,2047
11751,r10i1p1f1,2047,03,05,0.0,16.995317,2.20424,2047
11752,r10i1p1f1,2047,03,06,0.0,19.360813,4.5657654,2047
11753,r10i1p1f1,2047,03,07,0.0,18.339148,3.7271817,2047
11754,r10i1p1f1,2047,03,08,0.0,18.291435,3.7330792,2047
11755,r10i1p1f1,2047,03,09,0.09820118678984918,17.54932,4.316802,2047
11756,r10i1p1f1,2047,03,10,10.828847286039059,13.105186,3.75839,2047
11757,r10i1p1f1,2047,03,11,33.19220944938838,11.5396385,3.9425476,2047
11758,r10i1p1f1,2047,03,12,23.189619022703386,13.763871,4.6896143,2047
11759,r10i1p1f1,2047,03,13,21.31341126981792,13.863911,6.913221,2047
11760,r10i1p1f1,2047,03,14,9.74024672820968,10.299272,5.275705,2047
11761,r10i1p1f1,2047,03,15,1.8116553050372444,10.091743,4.7364516,2047
11762,r10i1p1f1,2047,03,16,0.0,16.245302,2.7943866,2047
11763,r10i1p1f1,2047,03,17,0.0,17.440603,3.44646,2047
11764,r10i1p1f1,2047,03,18,0.0,15.822801,8.133194,2047
11765,r10i1p1f1,2047,03,19,6.447379013537246,12.716835,5.4984965,2047
11766,r10i1p1f1,2047,03,20,2.81168083973075,12.069786,4.509919,2047
11767,r10i1p1f1,2047,03,21,13.843442267879206,14.040725,8.607571,2047
11768,r10i1p1f1,2047,03,22,0.0,23.153494,8.659634,2047
11769,r10i1p1f1,2047,03,23,0.0,21.749954,10.749763,2047
11770,r10i1p1f1,2047,03,24,8.94832690981658,17.189083,8.83521,2047
11771,r10i1p1f1,2047,03,25,0.0,13.924326,4.9735847,2047
11772,r10i1p1f1,2047,03,26,0.0,13.286208,0.7785733,2047
11773,r10i1p1f1,2047,03,27,0.0,15.862404,1.3340075,2047
11774,r10i1p1f1,2047,03,28,0.0,20.55055,3.3305628,2047
11775,r10i1p1f1,2047,03,29,0.0,22.971277,5.8665,2047
11776,r10i1p1f1,2047,03,30,0.0,21.803442,7.0151863,2047
11777,r10i1p1f1,2047,03,31,0.0,22.048454,4.7846794,2047
11778,r10i1p1f1,2047,04,01,0.0,21.564383,4.9373145,2047
11779,r10i1p1f1,2047,04,02,0.0,15.578122,2.531647,2047
11780,r10i1p1f1,2047,04,03,3.7720671471010734,9.760143,1.9295402,2047
11781,r10i1p1f1,2047,04,04,0.0,15.23132,-1.7253201,2047
11782,r10i1p1f1,2047,04,05,0.2817149015563222,15.253465,3.6846724,2047
11783,r10i1p1f1,2047,04,06,0.6609301650458196,13.27387,0.84830654,2047
11784,r10i1p1f1,2047,04,07,0.04212988684517577,13.905118,-0.7585891,2047
11785,r10i1p1f1,2047,04,08,0.0,15.41927,0.50532293,2047
11786,r10i1p1f1,2047,04,09,0.0,15.51279,3.6989934,2047
11787,r10i1p1f1,2047,04,10,0.0,13.370613,1.33571,2047
11788,r10i1p1f1,2047,04,11,0.0,15.975278,1.2744805,2047
11789,r10i1p1f1,2047,04,12,0.0,20.754004,0.58522576,2047
11790,r10i1p1f1,2047,04,13,1.4998956036929725,18.695091,5.4387326,2047
11791,r10i1p1f1,2047,04,14,19.847994543440443,9.926333,3.6898122,2047
11792,r10i1p1f1,2047,04,15,0.0,13.906504,3.1669407,2047
11793,r10i1p1f1,2047,04,16,0.541710583346637,14.04687,1.6577157,2047
11794,r10i1p1f1,2047,04,17,10.136695649855124,12.534996,3.4904408,2047
11795,r10i1p1f1,2047,04,18,5.535313461395593,12.732938,1.1354141,2047
11796,r10i1p1f1,2047,04,19,9.506689021164723,14.508702,3.559679,2047
11797,r10i1p1f1,2047,04,20,0.0,17.21021,2.469324,2047
11798,r10i1p1f1,2047,04,21,0.0,17.51533,6.6624775,2047
11799,r10i1p1f1,2047,04,22,0.03000568655184715,13.817465,5.6899214,2047
11800,r10i1p1f1,2047,04,23,5.902916796821955,12.69893,0.90973866,2047
11801,r10i1p1f1,2047,04,24,0.0,17.202927,3.1017551,2047
11802,r10i1p1f1,2047,04,25,0.0,21.952682,7.5040016,2047
11803,r10i1p1f1,2047,04,26,0.10517172015265953,20.967705,5.986215,2047
11804,r10i1p1f1,2047,04,27,0.3623753342062149,20.532242,7.9819374,2047
11805,r10i1p1f1,2047,04,28,0.0,26.729956,11.425865,2047
11806,r10i1p1f1,2047,04,29,0.0,26.960974,12.625562,2047
11807,r10i1p1f1,2047,04,30,0.0,26.047482,11.893992,2047
11808,r10i1p1f1,2047,05,01,0.0,23.495008,9.4078,2047
11809,r10i1p1f1,2047,05,02,0.0,22.57577,7.754082,2047
11810,r10i1p1f1,2047,05,03,15.052621722478714,17.446484,2.650588,2047
11811,r10i1p1f1,2047,05,04,0.05747081506438247,14.260958,4.473333,2047
11812,r10i1p1f1,2047,05,05,0.0,19.284775,3.4815426,2047
11813,r10i1p1f1,2047,05,06,0.0,19.172235,7.125453,2047
11814,r10i1p1f1,2047,05,07,0.0,19.602325,7.3568325,2047
11815,r10i1p1f1,2047,05,08,0.0,22.923525,6.5919895,2047
11816,r10i1p1f1,2047,05,09,0.0,26.538048,9.036794,2047
11817,r10i1p1f1,2047,05,10,0.0,26.989239,12.093479,2047
11818,r10i1p1f1,2047,05,11,0.07599572828008891,23.878706,8.810105,2047
11819,r10i1p1f1,2047,05,12,0.0,20.912918,4.6623616,2047
11820,r10i1p1f1,2047,05,13,0.0,27.089178,10.326449,2047
11821,r10i1p1f1,2047,05,14,0.0,27.642372,11.197563,2047
11822,r10i1p1f1,2047,05,15,0.0,24.509254,9.422358,2047
11823,r10i1p1f1,2047,05,16,0.0,19.467892,3.4629714,2047
11824,r10i1p1f1,2047,05,17,0.0,22.849127,5.7778516,2047
11825,r10i1p1f1,2047,05,18,0.0,25.062134,8.2773,2047
11826,r10i1p1f1,2047,05,19,0.0,27.107319,9.450142,2047
11827,r10i1p1f1,2047,05,20,0.0,25.656885,11.039947,2047
11828,r10i1p1f1,2047,05,21,0.0,29.855732,12.561225,2047
11829,r10i1p1f1,2047,05,22,0.0,29.019033,10.941657,2047
11830,r10i1p1f1,2047,05,23,0.0,26.774878,11.817996,2047
11831,r10i1p1f1,2047,05,24,0.06621140837523853,21.79911,8.570721,2047
11832,r10i1p1f1,2047,05,25,0.0,27.69483,8.672732,2047
11833,r10i1p1f1,2047,05,26,0.0,27.136667,12.3648615,2047
11834,r10i1p1f1,2047,05,27,0.0,26.212488,9.607577,2047
11835,r10i1p1f1,2047,05,28,0.0,29.841675,11.624591,2047
11836,r10i1p1f1,2047,05,29,0.0,29.546698,13.321668,2047
11837,r10i1p1f1,2047,05,30,0.0,30.922617,14.651797,2047
11838,r10i1p1f1,2047,05,31,0.0,29.59612,13.386062,2047
11839,r10i1p1f1,2047,06,01,0.0,27.463774,10.158048,2047
11840,r10i1p1f1,2047,06,02,0.0,29.3457,14.498829,2047
11841,r10i1p1f1,2047,06,03,0.0,34.97405,17.839529,2047
11842,r10i1p1f1,2047,06,04,0.0,37.141563,18.120317,2047
11843,r10i1p1f1,2047,06,05,0.0,34.183582,17.64715,2047
11844,r10i1p1f1,2047,06,06,0.0,32.825615,16.560337,2047
11845,r10i1p1f1,2047,06,07,0.0,33.729473,15.532708,2047
11846,r10i1p1f1,2047,06,08,0.0,32.065838,15.129498,2047
11847,r10i1p1f1,2047,06,09,0.0,29.022253,15.727582,2047
11848,r10i1p1f1,2047,06,10,0.0,35.528442,16.23205,2047
11849,r10i1p1f1,2047,06,11,0.0,35.68069,20.449121,2047
11850,r10i1p1f1,2047,06,12,0.0,33.771908,16.305914,2047
11851,r10i1p1f1,2047,06,13,0.0,32.306133,16.0176,2047
11852,r10i1p1f1,2047,06,14,0.0,29.722,12.847649,2047
11853,r10i1p1f1,2047,06,15,0.0,29.073448,12.966887,2047
11854,r10i1p1f1,2047,06,16,0.0,28.527578,12.338673,2047
11855,r10i1p1f1,2047,06,17,0.0,30.277222,12.758953,2047
11856,r10i1p1f1,2047,06,18,0.0,35.404957,16.583353,2047
11857,r10i1p1f1,2047,06,19,0.0,37.021923,19.802862,2047
11858,r10i1p1f1,2047,06,20,0.0,38.88245,22.035297,2047
11859,r10i1p1f1,2047,06,21,0.0,37.66122,20.220356,2047
11860,r10i1p1f1,2047,06,22,0.0,33.57472,17.436754,2047
11861,r10i1p1f1,2047,06,23,0.0,34.33899,16.852875,2047
11862,r10i1p1f1,2047,06,24,0.0,34.54402,17.502914,2047
11863,r10i1p1f1,2047,06,25,0.0,34.421497,17.936773,2047
11864,r10i1p1f1,2047,06,26,0.0,31.40705,14.954475,2047
11865,r10i1p1f1,2047,06,27,0.0,35.750664,17.633837,2047
11866,r10i1p1f1,2047,06,28,0.0,35.611515,19.034094,2047
11867,r10i1p1f1,2047,06,29,0.0,34.619534,19.159662,2047
11868,r10i1p1f1,2047,06,30,0.0,34.242794,17.81944,2047
11869,r10i1p1f1,2047,07,01,0.0,32.94109,16.437553,2047
11870,r10i1p1f1,2047,07,02,0.0,33.763397,15.864269,2047
11871,r10i1p1f1,2047,07,03,0.0,33.12074,17.880865,2047
11872,r10i1p1f1,2047,07,04,0.0,33.49434,16.289286,2047
11873,r10i1p1f1,2047,07,05,0.0,34.282227,16.252329,2047
11874,r10i1p1f1,2047,07,06,0.0,38.70403,18.327694,2047
11875,r10i1p1f1,2047,07,07,0.0,40.380665,22.755072,2047
11876,r10i1p1f1,2047,07,08,0.15327981952731007,38.24617,21.49228,2047
11877,r10i1p1f1,2047,07,09,0.48163835803949806,37.938587,20.497522,2047
11878,r10i1p1f1,2047,07,10,0.0,39.944748,21.326544,2047
11879,r10i1p1f1,2047,07,11,0.0,40.952076,22.933155,2047
11880,r10i1p1f1,2047,07,12,0.5473556170344589,39.171535,22.345713,2047
11881,r10i1p1f1,2047,07,13,0.0,37.374783,21.714178,2047
11882,r10i1p1f1,2047,07,14,0.0,34.72894,19.641909,2047
11883,r10i1p1f1,2047,07,15,0.06352814920989515,34.06045,18.384413,2047
11884,r10i1p1f1,2047,07,16,0.0,34.639435,17.362886,2047
11885,r10i1p1f1,2047,07,17,0.0,36.741505,18.6206,2047
11886,r10i1p1f1,2047,07,18,0.24056544406400798,36.380375,21.068108,2047
11887,r10i1p1f1,2047,07,19,0.0,37.43443,20.201086,2047
11888,r10i1p1f1,2047,07,20,0.0,37.463367,20.179323,2047
11889,r10i1p1f1,2047,07,21,0.0,36.98083,19.831823,2047
11890,r10i1p1f1,2047,07,22,0.0,34.670773,19.080807,2047
11891,r10i1p1f1,2047,07,23,0.0,36.90675,18.708494,2047
11892,r10i1p1f1,2047,07,24,0.0,38.764923,19.856224,2047
11893,r10i1p1f1,2047,07,25,0.0,39.73196,21.006035,2047
11894,r10i1p1f1,2047,07,26,0.0,39.19036,21.74391,2047
11895,r10i1p1f1,2047,07,27,0.0,36.034454,18.375757,2047
11896,r10i1p1f1,2047,07,28,0.0,32.82197,14.63231,2047
11897,r10i1p1f1,2047,07,29,0.0,34.050865,15.622624,2047
11898,r10i1p1f1,2047,07,30,0.0,34.064404,16.998014,2047
11899,r10i1p1f1,2047,07,31,0.0,33.97342,16.761702,2047
11900,r10i1p1f1,2047,08,01,0.0,35.291718,17.54097,2047
11901,r10i1p1f1,2047,08,02,0.0,34.364502,18.081955,2047
11902,r10i1p1f1,2047,08,03,0.0,36.213085,18.418451,2047
11903,r10i1p1f1,2047,08,04,0.0,37.61711,19.307276,2047
11904,r10i1p1f1,2047,08,05,0.0,38.08784,20.748922,2047
11905,r10i1p1f1,2047,08,06,0.0,39.02295,20.866709,2047
11906,r10i1p1f1,2047,08,07,0.0,39.9134,21.45062,2047
11907,r10i1p1f1,2047,08,08,0.0,39.200928,21.135967,2047
11908,r10i1p1f1,2047,08,09,0.0,38.53185,20.089808,2047
11909,r10i1p1f1,2047,08,10,0.0,35.058475,18.61346,2047
11910,r10i1p1f1,2047,08,11,0.0,33.92928,16.940256,2047
11911,r10i1p1f1,2047,08,12,0.0,31.935932,14.6956835,2047
11912,r10i1p1f1,2047,08,13,0.0,33.09653,16.085167,2047
11913,r10i1p1f1,2047,08,14,0.0,33.59158,16.269445,2047
11914,r10i1p1f1,2047,08,15,0.0,32.98357,15.931952,2047
11915,r10i1p1f1,2047,08,16,0.0,31.88223,14.497514,2047
11916,r10i1p1f1,2047,08,17,0.0,28.076956,10.20711,2047
11917,r10i1p1f1,2047,08,18,0.0,24.12592,9.7057495,2047
11918,r10i1p1f1,2047,08,19,0.9852759935029098,20.899384,8.157219,2047
11919,r10i1p1f1,2047,08,20,0.0,23.46787,4.784601,2047
11920,r10i1p1f1,2047,08,21,0.0,29.752771,10.679963,2047
11921,r10i1p1f1,2047,08,22,0.0,32.96851,15.737724,2047
11922,r10i1p1f1,2047,08,23,0.0,31.585835,15.573003,2047
11923,r10i1p1f1,2047,08,24,0.0,29.906132,12.969393,2047
11924,r10i1p1f1,2047,08,25,0.0,31.135704,13.807976,2047
11925,r10i1p1f1,2047,08,26,0.0,31.743647,14.956276,2047
11926,r10i1p1f1,2047,08,27,0.0,33.473537,15.322442,2047
11927,r10i1p1f1,2047,08,28,0.0,35.684704,17.745447,2047
11928,r10i1p1f1,2047,08,29,0.0,36.010643,19.46092,2047
11929,r10i1p1f1,2047,08,30,0.0,35.65388,19.947206,2047
11930,r10i1p1f1,2047,08,31,0.0,33.15108,22.034239,2047
11931,r10i1p1f1,2047,09,01,0.0,32.660625,17.014437,2047
11932,r10i1p1f1,2047,09,02,0.0,35.461002,17.351252,2047
11933,r10i1p1f1,2047,09,03,0.0,35.9063,19.18994,2047
11934,r10i1p1f1,2047,09,04,0.0,33.05417,19.342623,2047
11935,r10i1p1f1,2047,09,05,0.0,31.06867,16.801254,2047
11936,r10i1p1f1,2047,09,06,0.4145244070011693,30.970667,18.238943,2047
11937,r10i1p1f1,2047,09,07,0.0,28.65503,15.003033,2047
11938,r10i1p1f1,2047,09,08,0.0,29.228136,10.910857,2047
11939,r10i1p1f1,2047,09,09,0.0,34.29408,16.62287,2047
11940,r10i1p1f1,2047,09,10,0.0,33.628674,17.325964,2047
11941,r10i1p1f1,2047,09,11,0.0,29.425175,13.833851,2047
11942,r10i1p1f1,2047,09,12,0.0,29.786259,14.841678,2047
11943,r10i1p1f1,2047,09,13,0.0,31.800758,15.439608,2047
11944,r10i1p1f1,2047,09,14,0.0,33.321022,15.971954,2047
11945,r10i1p1f1,2047,09,15,0.0,31.95954,16.48932,2047
11946,r10i1p1f1,2047,09,16,0.0,29.271944,12.744444,2047
11947,r10i1p1f1,2047,09,17,0.0,29.15355,12.458952,2047
11948,r10i1p1f1,2047,09,18,0.0,26.332018,14.237856,2047
11949,r10i1p1f1,2047,09,19,0.0,32.193096,17.422482,2047
11950,r10i1p1f1,2047,09,20,0.0,31.634325,16.189425,2047
11951,r10i1p1f1,2047,09,21,0.0,26.476002,9.650057,2047
11952,r10i1p1f1,2047,09,22,0.0,30.837172,13.316723,2047
11953,r10i1p1f1,2047,09,23,0.0,34.431087,17.142496,2047
11954,r10i1p1f1,2047,09,24,0.0,34.187176,18.58607,2047
11955,r10i1p1f1,2047,09,25,0.0,32.701645,18.04187,2047
11956,r10i1p1f1,2047,09,26,0.0,31.47231,14.804395,2047
11957,r10i1p1f1,2047,09,27,0.0,28.266617,11.466901,2047
11958,r10i1p1f1,2047,09,28,0.0,34.431095,16.561659,2047
11959,r10i1p1f1,2047,09,29,0.0,33.32915,18.666946,2047
11960,r10i1p1f1,2047,09,30,0.0,30.360811,15.610146,2047
11961,r10i1p1f1,2047,10,01,0.0,28.367765,14.460022,2047
11962,r10i1p1f1,2047,10,02,0.0,29.330425,14.329797,2047
11963,r10i1p1f1,2047,10,03,0.0,29.669632,13.851431,2047
11964,r10i1p1f1,2047,10,04,0.0,31.342857,13.711328,2047
11965,r10i1p1f1,2047,10,05,0.0,33.04029,14.649367,2047
11966,r10i1p1f1,2047,10,06,0.0,33.413605,16.066656,2047
11967,r10i1p1f1,2047,10,07,0.0,33.113632,16.79512,2047
11968,r10i1p1f1,2047,10,08,0.0,32.95354,17.607946,2047
11969,r10i1p1f1,2047,10,09,0.0,26.160969,12.806392,2047
11970,r10i1p1f1,2047,10,10,0.0,25.575325,10.503299,2047
11971,r10i1p1f1,2047,10,11,0.0,24.599651,10.420297,2047
11972,r10i1p1f1,2047,10,12,0.0,23.764511,8.983786,2047
11973,r10i1p1f1,2047,10,13,0.0,30.30697,10.998358,2047
11974,r10i1p1f1,2047,10,14,0.0,33.399826,16.271603,2047
11975,r10i1p1f1,2047,10,15,0.0,33.029354,16.01626,2047
11976,r10i1p1f1,2047,10,16,0.0,30.915321,15.679588,2047
11977,r10i1p1f1,2047,10,17,0.0,28.332312,13.583226,2047
11978,r10i1p1f1,2047,10,18,0.0,31.22806,15.992729,2047
11979,r10i1p1f1,2047,10,19,0.0,31.106516,16.69298,2047
11980,r10i1p1f1,2047,10,20,0.0,30.122375,15.166957,2047
11981,r10i1p1f1,2047,10,21,0.0,24.897217,12.244367,2047
11982,r10i1p1f1,2047,10,22,0.0,22.823088,9.927401,2047
11983,r10i1p1f1,2047,10,23,0.0,23.897348,7.9697714,2047
11984,r10i1p1f1,2047,10,24,0.0,24.453964,11.050159,2047
11985,r10i1p1f1,2047,10,25,0.0,24.249832,10.069519,2047
11986,r10i1p1f1,2047,10,26,0.0,23.442125,11.015455,2047
11987,r10i1p1f1,2047,10,27,0.0,24.46413,11.597578,2047
11988,r10i1p1f1,2047,10,28,0.0,23.998901,11.4666395,2047
11989,r10i1p1f1,2047,10,29,0.0,27.25549,9.85195,2047
11990,r10i1p1f1,2047,10,30,0.0,32.37131,13.642362,2047
11991,r10i1p1f1,2047,10,31,0.0,31.735743,16.018698,2047
11992,r10i1p1f1,2047,11,01,0.0,30.653353,14.963609,2047
11993,r10i1p1f1,2047,11,02,0.0,28.205786,12.426659,2047
11994,r10i1p1f1,2047,11,03,0.0,27.444904,13.216521,2047
11995,r10i1p1f1,2047,11,04,0.0,26.088196,13.400619,2047
11996,r10i1p1f1,2047,11,05,3.9441400528391424,27.436941,9.771209,2047
11997,r10i1p1f1,2047,11,06,0.27877061296940636,19.952875,6.893261,2047
11998,r10i1p1f1,2047,11,07,0.0,19.2519,8.122639,2047
11999,r10i1p1f1,2047,11,08,16.29565743688114,16.238285,8.695743,2047
12000,r10i1p1f1,2047,11,09,0.6704384899481547,15.254446,6.045414,2047
12001,r10i1p1f1,2047,11,10,0.24879177814766176,16.782654,4.1687126,2047
12002,r10i1p1f1,2047,11,11,0.0,15.245429,3.1406677,2047
12003,r10i1p1f1,2047,11,12,0.0,13.976656,0.17754504,2047
12004,r10i1p1f1,2047,11,13,0.0,16.466234,0.5120609,2047
12005,r10i1p1f1,2047,11,14,0.0,16.134928,2.9191675,2047
12006,r10i1p1f1,2047,11,15,15.312945430540774,16.662464,4.752936,2047
12007,r10i1p1f1,2047,11,16,24.873027678787412,13.518109,5.0684705,2047
12008,r10i1p1f1,2047,11,17,0.5334160744831408,10.90789,1.5498083,2047
12009,r10i1p1f1,2047,11,18,0.0,13.812039,-1.7927405,2047
12010,r10i1p1f1,2047,11,19,0.0,15.49818,-0.010855826,2047
12011,r10i1p1f1,2047,11,20,0.0,15.480196,1.5097369,2047
12012,r10i1p1f1,2047,11,21,4.6223589815398505,11.379402,4.335443,2047
12013,r10i1p1f1,2047,11,22,35.0083279539831,12.0591,5.8736343,2047
12014,r10i1p1f1,2047,11,23,74.99072860779339,12.690422,8.390766,2047
12015,r10i1p1f1,2047,11,24,44.56173102616479,13.895726,3.124225,2047
12016,r10i1p1f1,2047,11,25,1.2163861439914494,9.61837,0.5066295,2047
12017,r10i1p1f1,2047,11,26,0.07394452389378689,11.358926,3.0105603,2047
12018,r10i1p1f1,2047,11,27,0.0,14.420889,3.2717664,2047
12019,r10i1p1f1,2047,11,28,0.0,14.267636,-0.27708074,2047
12020,r10i1p1f1,2047,11,29,5.116379955334675,13.66499,3.6572917,2047
12021,r10i1p1f1,2047,11,30,0.24651658068969004,10.70798,1.4397733,2047
12022,r10i1p1f1,2047,12,01,31.050772141162795,4.9405437,0.58426905,2047
12023,r10i1p1f1,2047,12,02,27.616532423876617,4.774448,0.6004446,2047
12024,r10i1p1f1,2047,12,03,0.22420142589621,6.1185317,-4.4148006,2047
12025,r10i1p1f1,2047,12,04,0.0004822806790559154,5.7968035,-4.9517326,2047
12026,r10i1p1f1,2047,12,05,35.717780374934115,5.5440745,0.40951216,2047
12027,r10i1p1f1,2047,12,06,5.619351688796757,7.9532104,2.1420324,2047
12028,r10i1p1f1,2047,12,07,0.0,9.302452,-3.733027,2047
12029,r10i1p1f1,2047,12,08,0.0,6.8656983,-2.5114968,2047
12030,r10i1p1f1,2047,12,09,15.050108726235953,8.805794,1.4579598,2047
12031,r10i1p1f1,2047,12,10,14.985645426235063,8.812463,2.2791286,2047
12032,r10i1p1f1,2047,12,11,2.3168735614346683,5.617687,0.24118142,2047
12033,r10i1p1f1,2047,12,12,0.0,8.106235,-2.8517995,2047
12034,r10i1p1f1,2047,12,13,0.0,13.7242155,1.5195805,2047
12035,r10i1p1f1,2047,12,14,0.0,15.0085,4.6676564,2047
12036,r10i1p1f1,2047,12,15,0.0,15.894507,7.206302,2047
12037,r10i1p1f1,2047,12,16,0.0,16.06246,5.599659,2047
12038,r10i1p1f1,2047,12,17,0.0,15.714346,4.6729126,2047
12039,r10i1p1f1,2047,12,18,0.0,16.573072,5.5090647,2047
12040,r10i1p1f1,2047,12,19,11.486098740409178,14.334203,7.483874,2047
12041,r10i1p1f1,2047,12,20,0.23486363582043468,10.715358,5.296948,2047
12042,r10i1p1f1,2047,12,21,0.0,16.039757,6.1837482,2047
12043,r10i1p1f1,2047,12,22,3.953709151009159,14.6265545,7.464382,2047
12044,r10i1p1f1,2047,12,23,0.0,12.098473,5.489515,2047
12045,r10i1p1f1,2047,12,24,0.5538867866370741,10.212949,2.4876585,2047
12046,r10i1p1f1,2047,12,25,44.094466983561254,10.199791,4.926907,2047
12047,r10i1p1f1,2047,12,26,88.87619206522542,11.214106,7.074612,2047
12048,r10i1p1f1,2047,12,27,62.04031166730841,10.8408,3.8511128,2047
12049,r10i1p1f1,2047,12,28,54.72801703573695,13.077792,3.8525984,2047
12050,r10i1p1f1,2047,12,29,18.031314909029263,7.548091,3.4160542,2047
12051,r10i1p1f1,2047,12,30,0.0,11.755383,-0.0654592,2047
12052,r10i1p1f1,2047,12,31,23.365118894971122,8.762844,3.8393002,2047
12053,r10i1p1f1,2048,01,01,83.77329089776858,13.252387,3.8065703,2048
12054,r10i1p1f1,2048,01,02,4.299653653529994,7.509551,1.9454604,2048
12055,r10i1p1f1,2048,01,03,0.0,7.6199074,1.8601954,2048
12056,r10i1p1f1,2048,01,04,0.0,7.5171475,-1.9822326,2048
12057,r10i1p1f1,2048,01,05,0.0,7.0299716,-1.816296,2048
12058,r10i1p1f1,2048,01,06,0.0,7.8154635,-2.3644545,2048
12059,r10i1p1f1,2048,01,07,0.0,9.483407,-2.333674,2048
12060,r10i1p1f1,2048,01,08,5.206341612488598,7.2803955,-1.7527659,2048
12061,r10i1p1f1,2048,01,09,3.569991042757848,6.11886,1.5683972,2048
12062,r10i1p1f1,2048,01,10,0.04274142368941332,8.98952,0.32827035,2048
12063,r10i1p1f1,2048,01,11,5.89398566130273,5.1299424,0.081193626,2048
12064,r10i1p1f1,2048,01,12,27.347084897031124,9.286539,0.25914583,2048
12065,r10i1p1f1,2048,01,13,11.226090775399873,8.741705,2.679582,2048
12066,r10i1p1f1,2048,01,14,0.0,8.985059,1.9025825,2048
12067,r10i1p1f1,2048,01,15,0.7517018933570123,6.369761,-0.13677175,2048
12068,r10i1p1f1,2048,01,16,0.5526937546140911,8.952807,1.2221477,2048
12069,r10i1p1f1,2048,01,17,0.0,10.101799,-0.613831,2048
12070,r10i1p1f1,2048,01,18,70.16747014621566,9.442477,0.92632395,2048
12071,r10i1p1f1,2048,01,19,25.34047130642361,9.164202,-0.049506336,2048
12072,r10i1p1f1,2048,01,20,0.9818026560089109,5.9857974,-2.4840324,2048
12073,r10i1p1f1,2048,01,21,0.0,5.6936655,-2.5702963,2048
12074,r10i1p1f1,2048,01,22,0.0,6.7362227,-1.4880432,2048
12075,r10i1p1f1,2048,01,23,0.6495581165309934,5.9405794,-2.072291,2048
12076,r10i1p1f1,2048,01,24,0.0,6.5685787,-4.5486546,2048
12077,r10i1p1f1,2048,01,25,0.0,6.1263475,-4.257552,2048
12078,r10i1p1f1,2048,01,26,0.0,9.264195,-0.16027711,2048
12079,r10i1p1f1,2048,01,27,0.0,11.841,-0.6253728,2048
12080,r10i1p1f1,2048,01,28,0.0,10.639019,-0.7157954,2048
12081,r10i1p1f1,2048,01,29,0.0,10.269137,-1.2734114,2048
12082,r10i1p1f1,2048,01,30,0.0,11.322613,-0.42006463,2048
12083,r10i1p1f1,2048,01,31,0.0,14.307572,0.86647433,2048
12084,r10i1p1f1,2048,02,01,0.0,12.987591,-0.059324566,2048
12085,r10i1p1f1,2048,02,02,0.0,13.760104,0.8012993,2048
12086,r10i1p1f1,2048,02,03,0.0,14.204353,2.162727,2048
12087,r10i1p1f1,2048,02,04,0.0,15.593628,2.089205,2048
12088,r10i1p1f1,2048,02,05,0.0,14.566348,2.7340505,2048
12089,r10i1p1f1,2048,02,06,0.04289194246092321,11.084655,5.487812,2048
12090,r10i1p1f1,2048,02,07,0.0,13.343551,1.9607203,2048
12091,r10i1p1f1,2048,02,08,0.0,14.649269,1.4017892,2048
12092,r10i1p1f1,2048,02,09,0.0,18.797482,3.2862046,2048
12093,r10i1p1f1,2048,02,10,0.0,16.822453,4.71014,2048
12094,r10i1p1f1,2048,02,11,0.0,15.224351,2.4593945,2048
12095,r10i1p1f1,2048,02,12,0.0,15.164541,1.5215143,2048
12096,r10i1p1f1,2048,02,13,0.0,13.190505,1.1887896,2048
12097,r10i1p1f1,2048,02,14,15.979528858626605,7.5164795,0.37389052,2048
12098,r10i1p1f1,2048,02,15,41.41453989769185,8.184594,1.4311851,2048
12099,r10i1p1f1,2048,02,16,0.0,9.6152935,0.26504195,2048
12100,r10i1p1f1,2048,02,17,9.247715992607578,7.2683635,-1.3009787,2048
12101,r10i1p1f1,2048,02,18,0.0,6.99633,-3.501436,2048
12102,r10i1p1f1,2048,02,19,0.0,9.524367,-3.6827986,2048
12103,r10i1p1f1,2048,02,20,0.0,9.784558,-1.6029551,2048
12104,r10i1p1f1,2048,02,21,19.35006133770864,8.385576,-0.58171904,2048
12105,r10i1p1f1,2048,02,22,0.19555055026246823,9.18426,0.5558598,2048
12106,r10i1p1f1,2048,02,23,0.0,12.830469,-0.80431086,2048
12107,r10i1p1f1,2048,02,24,0.0,13.106334,-0.5808158,2048
12108,r10i1p1f1,2048,02,25,0.0,12.338829,-0.18362789,2048
12109,r10i1p1f1,2048,02,26,0.0,14.795094,1.0260321,2048
12110,r10i1p1f1,2048,02,27,0.0,15.36225,1.8410976,2048
12111,r10i1p1f1,2048,02,28,0.0,15.850955,2.031718,2048
12112,r10i1p1f1,2048,02,29,0.0,17.76728,4.151292,2048
12113,r10i1p1f1,2048,03,01,0.0,19.43487,3.2689042,2048
12114,r10i1p1f1,2048,03,02,0.0,20.680819,4.2365136,2048
12115,r10i1p1f1,2048,03,03,0.0,22.6202,8.6007,2048
12116,r10i1p1f1,2048,03,04,0.0,21.682827,8.540283,2048
12117,r10i1p1f1,2048,03,05,0.0,20.250557,5.894447,2048
12118,r10i1p1f1,2048,03,06,0.0,18.611275,7.0194488,2048
12119,r10i1p1f1,2048,03,07,0.0,22.45728,4.516542,2048
12120,r10i1p1f1,2048,03,08,0.0,22.05121,6.27342,2048
12121,r10i1p1f1,2048,03,09,0.0,21.360304,6.790566,2048
12122,r10i1p1f1,2048,03,10,0.0,17.320623,4.0341377,2048
12123,r10i1p1f1,2048,03,11,0.0,19.664598,3.561209,2048
12124,r10i1p1f1,2048,03,12,20.328584765727435,17.769016,3.8184998,2048
12125,r10i1p1f1,2048,03,13,0.0,12.056987,-1.3381242,2048
12126,r10i1p1f1,2048,03,14,0.0,18.137108,3.480309,2048
12127,r10i1p1f1,2048,03,15,0.0,24.704262,8.673995,2048
12128,r10i1p1f1,2048,03,16,0.0,26.648096,8.783251,2048
12129,r10i1p1f1,2048,03,17,0.0,28.26331,10.775728,2048
12130,r10i1p1f1,2048,03,18,0.0,27.949614,11.201068,2048
12131,r10i1p1f1,2048,03,19,0.0,29.361864,10.844693,2048
12132,r10i1p1f1,2048,03,20,0.0,31.095318,12.801411,2048
12133,r10i1p1f1,2048,03,21,0.0,31.995426,13.808682,2048
12134,r10i1p1f1,2048,03,22,0.0,32.343906,13.932823,2048
12135,r10i1p1f1,2048,03,23,0.0,31.586706,13.711902,2048
12136,r10i1p1f1,2048,03,24,0.0,30.282368,14.563443,2048
12137,r10i1p1f1,2048,03,25,0.0,26.487932,10.785475,2048
12138,r10i1p1f1,2048,03,26,0.0,25.734257,8.696536,2048
12139,r10i1p1f1,2048,03,27,0.0,19.89387,3.9706292,2048
12140,r10i1p1f1,2048,03,28,0.0,19.80686,3.5937746,2048
12141,r10i1p1f1,2048,03,29,0.0,20.385357,3.9703197,2048
12142,r10i1p1f1,2048,03,30,0.0,18.980007,2.4947135,2048
12143,r10i1p1f1,2048,03,31,0.0,20.08692,2.8729427,2048
12144,r10i1p1f1,2048,04,01,0.0,19.263844,3.6724184,2048
12145,r10i1p1f1,2048,04,02,0.0,22.851364,5.405927,2048
12146,r10i1p1f1,2048,04,03,0.0,25.74044,6.618347,2048
12147,r10i1p1f1,2048,04,04,0.0,24.832489,10.246771,2048
12148,r10i1p1f1,2048,04,05,0.0,21.524593,9.244854,2048
12149,r10i1p1f1,2048,04,06,0.0,21.802238,5.92322,2048
12150,r10i1p1f1,2048,04,07,1.6566139344688149,18.656326,4.8816385,2048
12151,r10i1p1f1,2048,04,08,3.1312462498374916,12.179236,4.8112855,2048
12152,r10i1p1f1,2048,04,09,0.23992087226361036,16.292498,0.22522214,2048
12153,r10i1p1f1,2048,04,10,0.0,18.550076,2.8646393,2048
12154,r10i1p1f1,2048,04,11,0.0,19.295593,4.5632854,2048
12155,r10i1p1f1,2048,04,12,0.8749354047100305,17.79747,5.858083,2048
12156,r10i1p1f1,2048,04,13,9.498944303930713,11.567317,3.6991377,2048
12157,r10i1p1f1,2048,04,14,2.281519648970157,13.738476,2.1919057,2048
12158,r10i1p1f1,2048,04,15,0.0,18.874916,2.325596,2048
12159,r10i1p1f1,2048,04,16,0.0,18.747015,5.3860006,2048
12160,r10i1p1f1,2048,04,17,0.0,19.830698,4.7386856,2048
12161,r10i1p1f1,2048,04,18,0.0,25.398335,8.292773,2048
12162,r10i1p1f1,2048,04,19,0.0,28.238821,10.919568,2048
12163,r10i1p1f1,2048,04,20,0.0,27.515451,12.602083,2048
12164,r10i1p1f1,2048,04,21,0.0,25.306759,11.554742,2048
12165,r10i1p1f1,2048,04,22,0.0,27.266241,11.854169,2048
12166,r10i1p1f1,2048,04,23,0.0,27.539444,12.793895,2048
12167,r10i1p1f1,2048,04,24,0.0,27.190332,9.960015,2048
12168,r10i1p1f1,2048,04,25,0.0,26.627903,12.802068,2048
12169,r10i1p1f1,2048,04,26,0.0,25.544233,12.7268915,2048
12170,r10i1p1f1,2048,04,27,0.0,24.886213,11.492211,2048
12171,r10i1p1f1,2048,04,28,0.0,27.68379,12.270024,2048
12172,r10i1p1f1,2048,04,29,0.0,31.455065,14.126958,2048
12173,r10i1p1f1,2048,04,30,0.0,30.97443,15.802063,2048
12174,r10i1p1f1,2048,05,01,0.0,29.651161,14.435345,2048
12175,r10i1p1f1,2048,05,02,0.0,28.482756,14.183547,2048
12176,r10i1p1f1,2048,05,03,0.0,22.485235,8.357759,2048
12177,r10i1p1f1,2048,05,04,0.0,26.54047,9.751034,2048
12178,r10i1p1f1,2048,05,05,0.0,25.685732,10.212912,2048
12179,r10i1p1f1,2048,05,06,0.0,20.434265,8.217257,2048
12180,r10i1p1f1,2048,05,07,0.0,19.984924,6.8492455,2048
12181,r10i1p1f1,2048,05,08,0.2659132867752066,18.155146,8.961387,2048
12182,r10i1p1f1,2048,05,09,0.0,23.715155,7.47575,2048
12183,r10i1p1f1,2048,05,10,0.0,27.362318,12.96035,2048
12184,r10i1p1f1,2048,05,11,0.0,25.700148,11.180601,2048
12185,r10i1p1f1,2048,05,12,26.74100700900645,18.991058,5.41477,2048
12186,r10i1p1f1,2048,05,13,10.491593672371604,12.3342285,4.2358084,2048
12187,r10i1p1f1,2048,05,14,11.842292968159247,11.725795,5.4009666,2048
12188,r10i1p1f1,2048,05,15,2.627609624318881,16.40112,3.321935,2048
12189,r10i1p1f1,2048,05,16,0.5004144570672284,16.759232,5.7561164,2048
12190,r10i1p1f1,2048,05,17,9.153096445343659,14.218549,5.3049927,2048
12191,r10i1p1f1,2048,05,18,7.113482395346326,13.0475645,2.9019186,2048
12192,r10i1p1f1,2048,05,19,0.6416425978470311,15.699977,2.188171,2048
12193,r10i1p1f1,2048,05,20,0.7067100621306485,15.892449,6.1375155,2048
12194,r10i1p1f1,2048,05,21,0.3419988853765014,16.287752,5.9515233,2048
12195,r10i1p1f1,2048,05,22,0.0,18.9245,4.263566,2048
12196,r10i1p1f1,2048,05,23,0.0,24.443316,7.011706,2048
12197,r10i1p1f1,2048,05,24,0.0,27.712576,11.130097,2048
12198,r10i1p1f1,2048,05,25,0.0,27.275179,12.835238,2048
12199,r10i1p1f1,2048,05,26,0.0,25.43232,9.194853,2048
12200,r10i1p1f1,2048,05,27,0.0,29.891443,12.079976,2048
12201,r10i1p1f1,2048,05,28,0.0,30.516123,13.389602,2048
12202,r10i1p1f1,2048,05,29,0.0,29.547035,14.258535,2048
12203,r10i1p1f1,2048,05,30,0.0,29.814978,12.618559,2048
12204,r10i1p1f1,2048,05,31,0.0,29.760231,14.343721,2048
12205,r10i1p1f1,2048,06,01,0.0,27.418747,13.7365465,2048
12206,r10i1p1f1,2048,06,02,0.0,24.269485,17.95352,2048
12207,r10i1p1f1,2048,06,03,5.015966341852618,17.009033,10.466076,2048
12208,r10i1p1f1,2048,06,04,2.6444448539031757,19.096313,8.667823,2048
12209,r10i1p1f1,2048,06,05,0.0,25.258564,8.338601,2048
12210,r10i1p1f1,2048,06,06,0.0,27.822636,10.537773,2048
12211,r10i1p1f1,2048,06,07,0.0,26.93741,10.688799,2048
12212,r10i1p1f1,2048,06,08,0.0,26.464056,11.191014,2048
12213,r10i1p1f1,2048,06,09,0.0,24.565298,12.239171,2048
12214,r10i1p1f1,2048,06,10,0.0,22.03546,8.689829,2048
12215,r10i1p1f1,2048,06,11,0.0,21.727573,6.417872,2048
12216,r10i1p1f1,2048,06,12,0.0,26.968403,9.44962,2048
12217,r10i1p1f1,2048,06,13,0.0,26.339691,10.279324,2048
12218,r10i1p1f1,2048,06,14,0.0,24.461517,9.826262,2048
12219,r10i1p1f1,2048,06,15,0.0,28.455317,11.105782,2048
12220,r10i1p1f1,2048,06,16,0.0,34.55105,16.324678,2048
12221,r10i1p1f1,2048,06,17,0.0,32.550556,15.838393,2048
12222,r10i1p1f1,2048,06,18,0.0,29.399572,13.80372,2048
12223,r10i1p1f1,2048,06,19,0.0,26.655828,10.390124,2048
12224,r10i1p1f1,2048,06,20,0.0,27.53857,10.455599,2048
12225,r10i1p1f1,2048,06,21,0.0,32.843243,16.753984,2048
12226,r10i1p1f1,2048,06,22,0.0,37.547363,21.31139,2048
12227,r10i1p1f1,2048,06,23,0.0,37.306038,21.25552,2048
12228,r10i1p1f1,2048,06,24,0.0,34.733963,18.23712,2048
12229,r10i1p1f1,2048,06,25,0.0,32.549488,15.95944,2048
12230,r10i1p1f1,2048,06,26,0.0,30.694384,14.682385,2048
12231,r10i1p1f1,2048,06,27,0.0,28.967182,12.73354,2048
12232,r10i1p1f1,2048,06,28,0.0,35.840443,18.422915,2048
12233,r10i1p1f1,2048,06,29,0.0,36.389874,19.101873,2048
12234,r10i1p1f1,2048,06,30,0.0,35.606823,18.756435,2048
12235,r10i1p1f1,2048,07,01,0.0,33.78949,18.047657,2048
12236,r10i1p1f1,2048,07,02,0.0,33.7741,16.436865,2048
12237,r10i1p1f1,2048,07,03,0.0,32.89936,16.557182,2048
12238,r10i1p1f1,2048,07,04,0.0,32.328228,16.884806,2048
12239,r10i1p1f1,2048,07,05,0.0,31.291723,15.860695,2048
12240,r10i1p1f1,2048,07,06,0.0,33.462753,16.984797,2048
12241,r10i1p1f1,2048,07,07,0.0,33.106773,17.61782,2048
12242,r10i1p1f1,2048,07,08,0.0,32.772724,15.169122,2048
12243,r10i1p1f1,2048,07,09,0.0,34.038902,16.822388,2048
12244,r10i1p1f1,2048,07,10,0.0,33.178154,16.376198,2048
12245,r10i1p1f1,2048,07,11,0.0,32.472862,16.04296,2048
12246,r10i1p1f1,2048,07,12,0.0,34.512337,16.752172,2048
12247,r10i1p1f1,2048,07,13,0.0,37.980553,20.536335,2048
12248,r10i1p1f1,2048,07,14,0.0,38.33222,21.283096,2048
12249,r10i1p1f1,2048,07,15,0.0,38.258904,21.686363,2048
12250,r10i1p1f1,2048,07,16,0.0,37.546707,20.14787,2048
12251,r10i1p1f1,2048,07,17,0.0,36.450157,19.197735,2048
12252,r10i1p1f1,2048,07,18,0.0,37.43269,19.585125,2048
12253,r10i1p1f1,2048,07,19,0.0,36.55466,18.919325,2048
12254,r10i1p1f1,2048,07,20,0.0,33.284077,17.034498,2048
12255,r10i1p1f1,2048,07,21,0.0,32.312687,16.425644,2048
12256,r10i1p1f1,2048,07,22,0.0,33.16855,15.178494,2048
12257,r10i1p1f1,2048,07,23,0.0,34.69967,17.233988,2048
12258,r10i1p1f1,2048,07,24,0.0,34.02829,16.736933,2048
12259,r10i1p1f1,2048,07,25,0.0,33.778988,15.471265,2048
12260,r10i1p1f1,2048,07,26,0.0,36.676437,17.738792,2048
12261,r10i1p1f1,2048,07,27,0.0,36.2194,19.469284,2048
12262,r10i1p1f1,2048,07,28,0.0,39.417046,22.292664,2048
12263,r10i1p1f1,2048,07,29,0.0,40.965538,22.444145,2048
12264,r10i1p1f1,2048,07,30,0.0,41.07114,24.21939,2048
12265,r10i1p1f1,2048,07,31,0.0,38.65732,22.489145,2048
12266,r10i1p1f1,2048,08,01,0.0,39.88738,23.386784,2048
12267,r10i1p1f1,2048,08,02,0.0,41.585026,24.07097,2048
12268,r10i1p1f1,2048,08,03,0.0,40.117065,23.742544,2048
12269,r10i1p1f1,2048,08,04,0.0,40.316513,22.611162,2048
12270,r10i1p1f1,2048,08,05,0.0,37.08114,20.961876,2048
12271,r10i1p1f1,2048,08,06,0.0,37.02711,19.400473,2048
12272,r10i1p1f1,2048,08,07,0.0,37.118084,18.645147,2048
12273,r10i1p1f1,2048,08,08,0.0,37.194103,18.849174,2048
12274,r10i1p1f1,2048,08,09,0.0,37.43286,22.120123,2048
12275,r10i1p1f1,2048,08,10,0.005938106570331576,36.183773,23.827744,2048
12276,r10i1p1f1,2048,08,11,0.0,38.01373,21.816921,2048
12277,r10i1p1f1,2048,08,12,0.0,37.230686,22.043613,2048
12278,r10i1p1f1,2048,08,13,0.0,35.01416,20.18875,2048
12279,r10i1p1f1,2048,08,14,0.0,37.000713,18.54928,2048
12280,r10i1p1f1,2048,08,15,0.0,35.238335,17.998396,2048
12281,r10i1p1f1,2048,08,16,0.0,36.237,16.624525,2048
12282,r10i1p1f1,2048,08,17,0.0,37.531708,17.639109,2048
12283,r10i1p1f1,2048,08,18,0.0,39.161957,19.026993,2048
12284,r10i1p1f1,2048,08,19,0.0,38.46525,20.57756,2048
12285,r10i1p1f1,2048,08,20,0.0,38.210815,22.585556,2048
12286,r10i1p1f1,2048,08,21,0.0,38.565956,21.29683,2048
12287,r10i1p1f1,2048,08,22,0.0,38.456226,21.595444,2048
12288,r10i1p1f1,2048,08,23,0.0,37.924667,22.469799,2048
12289,r10i1p1f1,2048,08,24,0.0,37.061665,21.551523,2048
12290,r10i1p1f1,2048,08,25,0.0,35.659092,19.556215,2048
12291,r10i1p1f1,2048,08,26,0.0,34.487724,17.731472,2048
12292,r10i1p1f1,2048,08,27,0.0,27.666569,20.914854,2048
12293,r10i1p1f1,2048,08,28,0.0,31.273663,15.662964,2048
12294,r10i1p1f1,2048,08,29,0.0,30.518326,11.907388,2048
12295,r10i1p1f1,2048,08,30,0.0,31.49468,12.462633,2048
12296,r10i1p1f1,2048,08,31,0.0,34.22238,15.315634,2048
12297,r10i1p1f1,2048,09,01,0.0,35.190804,17.99677,2048
12298,r10i1p1f1,2048,09,02,0.0,36.8529,18.7685,2048
12299,r10i1p1f1,2048,09,03,0.0,35.65703,18.539553,2048
12300,r10i1p1f1,2048,09,04,0.0,35.14695,17.112768,2048
12301,r10i1p1f1,2048,09,05,0.0,35.520855,17.989853,2048
12302,r10i1p1f1,2048,09,06,0.0,39.840343,20.60087,2048
12303,r10i1p1f1,2048,09,07,0.0,40.641113,22.433975,2048
12304,r10i1p1f1,2048,09,08,0.0,39.688038,23.086569,2048
12305,r10i1p1f1,2048,09,09,3.798999458759729,36.702816,22.825901,2048
12306,r10i1p1f1,2048,09,10,0.03804470044734013,32.297813,17.738825,2048
12307,r10i1p1f1,2048,09,11,0.0,36.05078,19.774399,2048
12308,r10i1p1f1,2048,09,12,0.0,37.22071,22.184422,2048
12309,r10i1p1f1,2048,09,13,0.0,37.924755,22.429626,2048
12310,r10i1p1f1,2048,09,14,0.0,36.43333,21.49196,2048
12311,r10i1p1f1,2048,09,15,0.0,34.0197,18.767721,2048
12312,r10i1p1f1,2048,09,16,0.0,33.648335,17.249449,2048
12313,r10i1p1f1,2048,09,17,0.0,32.795414,14.30073,2048
12314,r10i1p1f1,2048,09,18,0.0,28.35338,13.224328,2048
12315,r10i1p1f1,2048,09,19,0.0,29.174786,13.008308,2048
12316,r10i1p1f1,2048,09,20,0.0,33.727108,16.284597,2048
12317,r10i1p1f1,2048,09,21,0.0,35.137096,17.838963,2048
12318,r10i1p1f1,2048,09,22,0.0,36.3514,20.009645,2048
12319,r10i1p1f1,2048,09,23,0.0,36.1806,20.699873,2048
12320,r10i1p1f1,2048,09,24,0.0,34.87635,17.82906,2048
12321,r10i1p1f1,2048,09,25,0.0,27.747238,13.5582695,2048
12322,r10i1p1f1,2048,09,26,0.0,24.641706,10.184822,2048
12323,r10i1p1f1,2048,09,27,0.16166950304666802,22.979387,10.335995,2048
12324,r10i1p1f1,2048,09,28,0.0,23.89244,6.8832917,2048
12325,r10i1p1f1,2048,09,29,0.0,28.819027,11.306925,2048
12326,r10i1p1f1,2048,09,30,0.0,32.102978,16.37042,2048
12327,r10i1p1f1,2048,10,01,0.0,31.853155,16.633808,2048
12328,r10i1p1f1,2048,10,02,0.0,31.674454,15.832603,2048
12329,r10i1p1f1,2048,10,03,0.0,31.162357,16.125267,2048
12330,r10i1p1f1,2048,10,04,0.0,30.241243,16.644344,2048
12331,r10i1p1f1,2048,10,05,0.0,22.550604,7.5938616,2048
12332,r10i1p1f1,2048,10,06,0.0,30.148014,12.008046,2048
12333,r10i1p1f1,2048,10,07,0.0,32.455524,17.560919,2048
12334,r10i1p1f1,2048,10,08,0.0,32.953804,16.349213,2048
12335,r10i1p1f1,2048,10,09,0.0,32.485992,16.624008,2048
12336,r10i1p1f1,2048,10,10,0.0,33.37429,17.463045,2048
12337,r10i1p1f1,2048,10,11,0.0,33.436222,15.449909,2048
12338,r10i1p1f1,2048,10,12,0.0,31.994,16.968702,2048
12339,r10i1p1f1,2048,10,13,0.0,30.651062,14.300547,2048
12340,r10i1p1f1,2048,10,14,0.0,29.807938,15.865927,2048
12341,r10i1p1f1,2048,10,15,0.0,29.52036,14.8156595,2048
12342,r10i1p1f1,2048,10,16,0.0,29.658833,11.238626,2048
12343,r10i1p1f1,2048,10,17,0.0,28.362337,13.928673,2048
12344,r10i1p1f1,2048,10,18,0.0,28.168203,13.37897,2048
12345,r10i1p1f1,2048,10,19,0.0,25.842514,8.307718,2048
12346,r10i1p1f1,2048,10,20,0.0,29.949661,11.8235855,2048
12347,r10i1p1f1,2048,10,21,0.0,29.265202,12.114243,2048
12348,r10i1p1f1,2048,10,22,0.0,29.891565,13.355847,2048
12349,r10i1p1f1,2048,10,23,0.0,30.842361,16.64645,2048
12350,r10i1p1f1,2048,10,24,0.0,29.846563,15.003946,2048
12351,r10i1p1f1,2048,10,25,0.0,28.52125,14.989887,2048
12352,r10i1p1f1,2048,10,26,0.0,29.682318,15.408457,2048
12353,r10i1p1f1,2048,10,27,0.0,30.933191,16.53273,2048
12354,r10i1p1f1,2048,10,28,0.0,29.974491,17.592754,2048
12355,r10i1p1f1,2048,10,29,0.0,29.37333,17.202723,2048
12356,r10i1p1f1,2048,10,30,0.0,28.161907,16.707495,2048
12357,r10i1p1f1,2048,10,31,3.450828331254965,26.972267,15.527631,2048
12358,r10i1p1f1,2048,11,01,2.443790756105476,21.87055,13.096515,2048
12359,r10i1p1f1,2048,11,02,0.0,22.377504,10.062131,2048
12360,r10i1p1f1,2048,11,03,0.0,21.332037,5.59544,2048
12361,r10i1p1f1,2048,11,04,0.0,16.729742,4.640641,2048
12362,r10i1p1f1,2048,11,05,0.0,18.125704,3.2759287,2048
12363,r10i1p1f1,2048,11,06,0.0,17.975134,2.5883975,2048
12364,r10i1p1f1,2048,11,07,0.0,17.247652,3.033641,2048
12365,r10i1p1f1,2048,11,08,0.0,16.317408,2.8949697,2048
12366,r10i1p1f1,2048,11,09,7.428965756614496,16.97403,5.206263,2048
12367,r10i1p1f1,2048,11,10,0.46916949518881185,11.596225,6.317639,2048
12368,r10i1p1f1,2048,11,11,28.877138837216126,16.410887,8.449424,2048
12369,r10i1p1f1,2048,11,12,41.42966724221448,16.643156,12.400677,2048
12370,r10i1p1f1,2048,11,13,16.197424888263125,19.354279,14.289273,2048
12371,r10i1p1f1,2048,11,14,0.21054529155614882,22.738966,11.083119,2048
12372,r10i1p1f1,2048,11,15,0.6122212955616353,21.056725,9.337341,2048
12373,r10i1p1f1,2048,11,16,0.0,21.3819,8.939132,2048
12374,r10i1p1f1,2048,11,17,0.010140836591170611,16.806746,4.9317966,2048
12375,r10i1p1f1,2048,11,18,0.0,15.172095,3.0138216,2048
12376,r10i1p1f1,2048,11,19,0.0,16.13326,2.455939,2048
12377,r10i1p1f1,2048,11,20,0.0,15.808075,4.9559445,2048
12378,r10i1p1f1,2048,11,21,45.0826930697076,10.964596,4.5164914,2048
12379,r10i1p1f1,2048,11,22,11.89752126749801,7.58346,2.5022373,2048
12380,r10i1p1f1,2048,11,23,2.9559296912913466,13.709709,1.2640651,2048
12381,r10i1p1f1,2048,11,24,0.0,13.598313,2.1303575,2048
12382,r10i1p1f1,2048,11,25,2.553709828407591,13.346108,3.7583244,2048
12383,r10i1p1f1,2048,11,26,3.0359217726694814,9.194741,2.4293697,2048
12384,r10i1p1f1,2048,11,27,7.122608365008139,8.661252,1.18672,2048
12385,r10i1p1f1,2048,11,28,0.0,11.537538,-0.7690697,2048
12386,r10i1p1f1,2048,11,29,1.4119668138535322,9.748805,3.1765153,2048
12387,r10i1p1f1,2048,11,30,0.058604218372094785,12.440641,5.311762,2048
12388,r10i1p1f1,2048,12,01,0.0,14.751105,4.118699,2048
12389,r10i1p1f1,2048,12,02,0.0,14.250918,3.5603004,2048
12390,r10i1p1f1,2048,12,03,0.0,17.081673,5.198844,2048
12391,r10i1p1f1,2048,12,04,0.0,15.748545,4.404156,2048
12392,r10i1p1f1,2048,12,05,0.0,15.388733,3.1614392,2048
12393,r10i1p1f1,2048,12,06,0.0,14.217343,7.44071,2048
12394,r10i1p1f1,2048,12,07,29.861687106925896,12.123379,7.2492256,2048
12395,r10i1p1f1,2048,12,08,36.72532210475765,11.740552,6.604773,2048
12396,r10i1p1f1,2048,12,09,29.58781123865935,10.0590515,1.095043,2048
12397,r10i1p1f1,2048,12,10,0.0,7.513138,-1.5453905,2048
12398,r10i1p1f1,2048,12,11,0.0,13.590996,2.4899466,2048
12399,r10i1p1f1,2048,12,12,0.0,16.25556,4.3445344,2048
12400,r10i1p1f1,2048,12,13,0.0,17.093784,6.788122,2048
12401,r10i1p1f1,2048,12,14,0.0,15.540515,6.1962376,2048
12402,r10i1p1f1,2048,12,15,0.0,14.890933,5.373023,2048
12403,r10i1p1f1,2048,12,16,0.09365129799334682,14.07565,3.3636436,2048
12404,r10i1p1f1,2048,12,17,2.7184490704233837,6.2475433,1.2185968,2048
12405,r10i1p1f1,2048,12,18,0.0,6.091973,-2.9498742,2048
12406,r10i1p1f1,2048,12,19,0.0,5.722687,-4.048537,2048
12407,r10i1p1f1,2048,12,20,0.0,8.455352,-2.3774436,2048
12408,r10i1p1f1,2048,12,21,0.0,9.788605,0.7313881,2048
12409,r10i1p1f1,2048,12,22,0.0,7.408384,-1.015242,2048
12410,r10i1p1f1,2048,12,23,8.053435806964684,3.6541038,-0.19526692,2048
12411,r10i1p1f1,2048,12,24,0.009763258046740176,4.0652456,-1.2920893,2048
12412,r10i1p1f1,2048,12,25,0.0,5.964556,-4.012588,2048
12413,r10i1p1f1,2048,12,26,0.0,4.72955,-6.10559,2048
12414,r10i1p1f1,2048,12,27,0.693560841322874,4.7952237,-2.3862913,2048
12415,r10i1p1f1,2048,12,28,23.928148461518024,4.5460715,-0.7217293,2048
12416,r10i1p1f1,2048,12,29,0.42182953688289243,7.738575,1.8432494,2048
12417,r10i1p1f1,2048,12,30,0.0,11.477715,-0.64393437,2048
12418,r10i1p1f1,2048,12,31,0.0,13.829114,2.823009,2048
12419,r10i1p1f1,2049,01,01,0.034343558993561216,12.088707,4.3793063,2049
12420,r10i1p1f1,2049,01,02,0.0,12.266813,3.9404585,2049
12421,r10i1p1f1,2049,01,03,0.0,14.319606,2.67776,2049
12422,r10i1p1f1,2049,01,04,0.0,18.283266,5.6353626,2049
12423,r10i1p1f1,2049,01,05,0.0,17.668198,6.379589,2049
12424,r10i1p1f1,2049,01,06,0.0,15.024508,5.560255,2049
12425,r10i1p1f1,2049,01,07,5.255627168241373,11.211583,7.506079,2049
12426,r10i1p1f1,2049,01,08,7.461675066013796,12.728903,8.845422,2049
12427,r10i1p1f1,2049,01,09,0.0,16.972273,5.666418,2049
12428,r10i1p1f1,2049,01,10,16.341576941378758,14.682763,8.098696,2049
12429,r10i1p1f1,2049,01,11,35.22129736528242,12.245978,2.847719,2049
12430,r10i1p1f1,2049,01,12,0.0,9.148257,-0.42562082,2049
12431,r10i1p1f1,2049,01,13,0.0,10.30991,-4.0423427,2049
12432,r10i1p1f1,2049,01,14,0.14652908391182887,5.58586,-3.347948,2049
12433,r10i1p1f1,2049,01,15,23.606309600750375,8.39586,-0.5928754,2049
12434,r10i1p1f1,2049,01,16,0.0,13.446423,0.7013026,2049
12435,r10i1p1f1,2049,01,17,0.0,14.889677,2.976744,2049
12436,r10i1p1f1,2049,01,18,0.0,13.600962,4.0776763,2049
12437,r10i1p1f1,2049,01,19,0.0,12.012529,6.669899,2049
12438,r10i1p1f1,2049,01,20,11.449814525870973,10.455659,4.509952,2049
12439,r10i1p1f1,2049,01,21,0.0,14.795789,1.5521134,2049
12440,r10i1p1f1,2049,01,22,38.841241654498795,11.642494,5.225092,2049
12441,r10i1p1f1,2049,01,23,0.0,12.8139715,0.51646906,2049
12442,r10i1p1f1,2049,01,24,0.0,12.801824,2.1735914,2049
12443,r10i1p1f1,2049,01,25,0.0,13.438794,4.059704,2049
12444,r10i1p1f1,2049,01,26,0.0,15.029774,2.6677911,2049
12445,r10i1p1f1,2049,01,27,0.0,14.173324,2.0082989,2049
12446,r10i1p1f1,2049,01,28,0.1534996400215804,12.776649,4.0026307,2049
12447,r10i1p1f1,2049,01,29,0.0,10.642163,-0.26713422,2049
12448,r10i1p1f1,2049,01,30,0.0,14.189807,1.8914616,2049
12449,r10i1p1f1,2049,01,31,0.0,18.803238,5.7493186,2049
12450,r10i1p1f1,2049,02,01,0.0,21.316133,8.436041,2049
12451,r10i1p1f1,2049,02,02,0.0,22.27091,9.749113,2049
12452,r10i1p1f1,2049,02,03,0.0,21.582142,8.19296,2049
12453,r10i1p1f1,2049,02,04,0.0,20.989883,7.1628194,2049
12454,r10i1p1f1,2049,02,05,0.0,19.725492,7.9025526,2049
12455,r10i1p1f1,2049,02,06,0.0,22.987574,8.733814,2049
12456,r10i1p1f1,2049,02,07,0.0,22.187408,7.8661385,2049
12457,r10i1p1f1,2049,02,08,0.0,24.168707,9.264184,2049
12458,r10i1p1f1,2049,02,09,0.0,23.130436,8.968707,2049
12459,r10i1p1f1,2049,02,10,0.040909178450850674,17.681314,4.678768,2049
12460,r10i1p1f1,2049,02,11,0.0,11.391711,-0.8594124,2049
12461,r10i1p1f1,2049,02,12,0.0,14.845973,0.14609066,2049
12462,r10i1p1f1,2049,02,13,0.0,15.440314,2.3021793,2049
12463,r10i1p1f1,2049,02,14,0.0,17.120802,4.0975695,2049
12464,r10i1p1f1,2049,02,15,0.0,21.13562,6.755731,2049
12465,r10i1p1f1,2049,02,16,0.0,21.820215,7.5777225,2049
12466,r10i1p1f1,2049,02,17,0.0,23.096186,8.305798,2049
12467,r10i1p1f1,2049,02,18,0.0,23.064215,9.102577,2049
12468,r10i1p1f1,2049,02,19,0.0,22.607016,8.749908,2049
12469,r10i1p1f1,2049,02,20,0.0,25.87766,10.781645,2049
12470,r10i1p1f1,2049,02,21,0.0,24.595997,11.586486,2049
12471,r10i1p1f1,2049,02,22,0.0,20.437323,8.304578,2049
12472,r10i1p1f1,2049,02,23,17.13924702933965,18.482443,7.4305077,2049
12473,r10i1p1f1,2049,02,24,1.0280079091324679,12.668131,0.5342463,2049
12474,r10i1p1f1,2049,02,25,0.0,12.2513,0.24793063,2049
12475,r10i1p1f1,2049,02,26,0.0,12.664864,-0.17512211,2049
12476,r10i1p1f1,2049,02,27,0.0,12.425122,-0.26955494,2049
12477,r10i1p1f1,2049,02,28,39.096048141609096,7.739529,0.73902833,2049
12478,r10i1p1f1,2049,03,01,12.944647846789417,9.004662,-0.34119415,2049
12479,r10i1p1f1,2049,03,02,27.16667119744479,9.944987,2.984042,2049
12480,r10i1p1f1,2049,03,03,1.8357894456422148,12.39506,3.7968593,2049
12481,r10i1p1f1,2049,03,04,0.0,18.253662,2.0878642,2049
12482,r10i1p1f1,2049,03,05,0.0,17.626902,3.985642,2049
12483,r10i1p1f1,2049,03,06,0.0,14.948618,3.3845427,2049
12484,r10i1p1f1,2049,03,07,0.0,13.898823,1.0776459,2049
12485,r10i1p1f1,2049,03,08,0.0,16.403143,1.8817271,2049
12486,r10i1p1f1,2049,03,09,0.0,19.035297,3.188567,2049
12487,r10i1p1f1,2049,03,10,0.0,21.640682,5.6046114,2049
12488,r10i1p1f1,2049,03,11,0.0,26.41622,8.510965,2049
12489,r10i1p1f1,2049,03,12,0.0,28.314072,11.09879,2049
12490,r10i1p1f1,2049,03,13,0.0,28.439074,11.850167,2049
12491,r10i1p1f1,2049,03,14,0.0,27.171171,7.5114784,2049
12492,r10i1p1f1,2049,03,15,0.0,12.6231365,0.89069706,2049
12493,r10i1p1f1,2049,03,16,0.0,14.401996,-0.72012347,2049
12494,r10i1p1f1,2049,03,17,0.0,15.55646,0.1362905,2049
12495,r10i1p1f1,2049,03,18,0.0,19.15171,2.924092,2049
12496,r10i1p1f1,2049,03,19,0.0,22.446373,4.2133975,2049
12497,r10i1p1f1,2049,03,20,0.0,26.129265,7.7998238,2049
12498,r10i1p1f1,2049,03,21,0.0,27.372135,9.271916,2049
12499,r10i1p1f1,2049,03,22,0.0,27.559448,9.513947,2049
12500,r10i1p1f1,2049,03,23,0.0,27.105942,11.266355,2049
12501,r10i1p1f1,2049,03,24,0.0,27.175077,10.86172,2049
12502,r10i1p1f1,2049,03,25,0.35532222169230837,23.482368,9.101247,2049
12503,r10i1p1f1,2049,03,26,0.0,23.216835,6.4512663,2049
12504,r10i1p1f1,2049,03,27,0.0,21.739075,6.70392,2049
12505,r10i1p1f1,2049,03,28,26.960706508160865,16.660532,4.98936,2049
12506,r10i1p1f1,2049,03,29,0.3132761808477593,17.89414,6.266474,2049
12507,r10i1p1f1,2049,03,30,1.020757746523247,17.88494,4.5278115,2049
12508,r10i1p1f1,2049,03,31,0.9944922517517721,14.461759,2.5253155,2049
12509,r10i1p1f1,2049,04,01,0.0,20.208725,3.2846382,2049
12510,r10i1p1f1,2049,04,02,0.0,19.966253,5.6877594,2049
12511,r10i1p1f1,2049,04,03,0.0,16.968761,6.7029243,2049
12512,r10i1p1f1,2049,04,04,0.022052423293261153,15.605514,6.463078,2049
12513,r10i1p1f1,2049,04,05,28.06219678176077,14.876808,4.3809037,2049
12514,r10i1p1f1,2049,04,06,0.339246522813291,10.306536,1.9934924,2049
12515,r10i1p1f1,2049,04,07,0.0,12.372226,-2.342858,2049
12516,r10i1p1f1,2049,04,08,0.0,13.004972,3.7988522,2049
12517,r10i1p1f1,2049,04,09,0.1562341264616407,14.341052,3.0129533,2049
12518,r10i1p1f1,2049,04,10,3.8950691112452325,13.630345,4.649919,2049
12519,r10i1p1f1,2049,04,11,0.0,19.180052,3.907277,2049
12520,r10i1p1f1,2049,04,12,0.0,23.312017,6.486585,2049
12521,r10i1p1f1,2049,04,13,0.0,22.969519,9.462934,2049
12522,r10i1p1f1,2049,04,14,0.0,21.047075,5.6350765,2049
12523,r10i1p1f1,2049,04,15,0.0,24.570578,7.615326,2049
12524,r10i1p1f1,2049,04,16,0.0,24.174011,10.496964,2049
12525,r10i1p1f1,2049,04,17,0.0,23.211828,10.842417,2049
12526,r10i1p1f1,2049,04,18,14.49820510685018,17.94076,4.116382,2049
12527,r10i1p1f1,2049,04,19,1.4851188778074604,10.104493,-0.88175946,2049
12528,r10i1p1f1,2049,04,20,0.0,16.02528,1.0481418,2049
12529,r10i1p1f1,2049,04,21,0.0,18.658865,4.2626495,2049
12530,r10i1p1f1,2049,04,22,0.0,18.698435,5.245637,2049
12531,r10i1p1f1,2049,04,23,0.10549850626375701,16.809095,4.3753295,2049
12532,r10i1p1f1,2049,04,24,16.55711402326185,11.305207,2.1848664,2049
12533,r10i1p1f1,2049,04,25,0.6636015000319611,14.615477,1.9754249,2049
12534,r10i1p1f1,2049,04,26,0.2907549619665492,13.507261,3.0235918,2049
12535,r10i1p1f1,2049,04,27,0.0,13.212369,3.321222,2049
12536,r10i1p1f1,2049,04,28,16.24482251277904,10.562205,2.9587579,2049
12537,r10i1p1f1,2049,04,29,25.701914684491623,15.061867,3.2454903,2049
12538,r10i1p1f1,2049,04,30,0.0,17.361792,6.148188,2049
12539,r10i1p1f1,2049,05,01,0.0,19.841845,6.5798726,2049
12540,r10i1p1f1,2049,05,02,0.0,24.392868,10.17841,2049
12541,r10i1p1f1,2049,05,03,0.0,26.828045,11.110791,2049
12542,r10i1p1f1,2049,05,04,0.0,26.643303,13.144678,2049
12543,r10i1p1f1,2049,05,05,0.0,24.991743,10.768175,2049
12544,r10i1p1f1,2049,05,06,0.0,21.954884,8.213327,2049
12545,r10i1p1f1,2049,05,07,1.5243375044950593,16.27313,2.5172672,2049
12546,r10i1p1f1,2049,05,08,0.009627169075237793,19.83812,4.4256406,2049
12547,r10i1p1f1,2049,05,09,0.0,23.641779,10.638202,2049
12548,r10i1p1f1,2049,05,10,0.0,26.419073,9.964424,2049
12549,r10i1p1f1,2049,05,11,0.03558300699009315,25.750366,11.65119,2049
12550,r10i1p1f1,2049,05,12,0.0,25.74975,10.468788,2049
12551,r10i1p1f1,2049,05,13,0.0,26.92469,11.506829,2049
12552,r10i1p1f1,2049,05,14,0.0,26.558117,11.716087,2049
12553,r10i1p1f1,2049,05,15,22.486025291513407,18.366957,4.201706,2049
12554,r10i1p1f1,2049,05,16,15.382173121830228,10.509764,1.7620906,2049
12555,r10i1p1f1,2049,05,17,1.1215037691990322,15.758969,2.1345227,2049
12556,r10i1p1f1,2049,05,18,0.0,21.047777,3.766861,2049
12557,r10i1p1f1,2049,05,19,0.0,20.716589,6.0735664,2049
12558,r10i1p1f1,2049,05,20,0.05728520790829574,17.956394,5.90759,2049
12559,r10i1p1f1,2049,05,21,0.0,25.28393,6.221411,2049
12560,r10i1p1f1,2049,05,22,0.0,25.782537,11.018994,2049
12561,r10i1p1f1,2049,05,23,0.0,26.186308,10.1537,2049
12562,r10i1p1f1,2049,05,24,0.0,27.550364,10.9689665,2049
12563,r10i1p1f1,2049,05,25,0.0,29.673925,12.325505,2049
12564,r10i1p1f1,2049,05,26,0.0,29.218445,14.176459,2049
12565,r10i1p1f1,2049,05,27,0.0,27.488184,14.322782,2049
12566,r10i1p1f1,2049,05,28,0.0,24.589306,10.56236,2049
12567,r10i1p1f1,2049,05,29,0.0,25.839699,10.126307,2049
12568,r10i1p1f1,2049,05,30,0.0,26.62147,11.350365,2049
12569,r10i1p1f1,2049,05,31,0.0,30.023222,12.983365,2049
12570,r10i1p1f1,2049,06,01,0.0,33.699097,14.272808,2049
12571,r10i1p1f1,2049,06,02,0.0,34.176117,16.252762,2049
12572,r10i1p1f1,2049,06,03,0.0,33.073853,17.53691,2049
12573,r10i1p1f1,2049,06,04,0.0,28.348343,10.981424,2049
12574,r10i1p1f1,2049,06,05,0.0,27.914486,12.728579,2049
12575,r10i1p1f1,2049,06,06,0.0,24.54402,8.536811,2049
12576,r10i1p1f1,2049,06,07,0.0,28.555073,12.382991,2049
12577,r10i1p1f1,2049,06,08,0.0,33.206303,13.902851,2049
12578,r10i1p1f1,2049,06,09,0.0,32.279995,14.499977,2049
12579,r10i1p1f1,2049,06,10,0.0,30.972418,15.453301,2049
12580,r10i1p1f1,2049,06,11,0.0,25.073746,6.8949656,2049
12581,r10i1p1f1,2049,06,12,0.0,20.545975,5.335669,2049
12582,r10i1p1f1,2049,06,13,0.8535835975444092,19.46502,6.0726085,2049
12583,r10i1p1f1,2049,06,14,12.500545473793816,10.8246355,8.611441,2049
12584,r10i1p1f1,2049,06,15,0.0,19.292822,4.793435,2049
12585,r10i1p1f1,2049,06,16,4.698567275849392,16.298649,5.7634983,2049
12586,r10i1p1f1,2049,06,17,2.005334747235266,17.983345,3.2464862,2049
12587,r10i1p1f1,2049,06,18,0.0,25.643375,6.179572,2049
12588,r10i1p1f1,2049,06,19,0.0,25.015835,10.48504,2049
12589,r10i1p1f1,2049,06,20,0.0,23.410822,8.634107,2049
12590,r10i1p1f1,2049,06,21,0.0,30.672941,11.731557,2049
12591,r10i1p1f1,2049,06,22,0.0,31.531208,14.902118,2049
12592,r10i1p1f1,2049,06,23,0.0,33.883717,16.331503,2049
12593,r10i1p1f1,2049,06,24,0.0,36.400826,17.984533,2049
12594,r10i1p1f1,2049,06,25,0.0,37.047882,19.358486,2049
12595,r10i1p1f1,2049,06,26,0.0,36.343433,19.69801,2049
12596,r10i1p1f1,2049,06,27,0.0,35.3998,17.698309,2049
12597,r10i1p1f1,2049,06,28,0.0,35.806736,18.808668,2049
12598,r10i1p1f1,2049,06,29,0.0,38.290966,20.78412,2049
12599,r10i1p1f1,2049,06,30,0.0,38.50188,22.42167,2049
12600,r10i1p1f1,2049,07,01,0.0,37.21629,20.791199,2049
12601,r10i1p1f1,2049,07,02,0.005530786917293689,35.27309,20.409494,2049
12602,r10i1p1f1,2049,07,03,0.0,33.83514,20.708284,2049
12603,r10i1p1f1,2049,07,04,0.0,32.799023,17.060171,2049
12604,r10i1p1f1,2049,07,05,0.0,31.243855,16.52687,2049
12605,r10i1p1f1,2049,07,06,0.005640162999043241,30.230066,14.595799,2049
12606,r10i1p1f1,2049,07,07,0.0,32.153095,15.77431,2049
12607,r10i1p1f1,2049,07,08,0.0,33.840286,16.071676,2049
12608,r10i1p1f1,2049,07,09,0.0,34.333687,17.149942,2049
12609,r10i1p1f1,2049,07,10,0.0,33.50823,16.299269,2049
12610,r10i1p1f1,2049,07,11,0.0,34.720055,16.62021,2049
12611,r10i1p1f1,2049,07,12,0.0,35.84362,17.374378,2049
12612,r10i1p1f1,2049,07,13,0.0,37.982,18.296926,2049
12613,r10i1p1f1,2049,07,14,0.0,40.513664,22.468122,2049
12614,r10i1p1f1,2049,07,15,0.0,42.12799,22.822662,2049
12615,r10i1p1f1,2049,07,16,0.0,42.849842,25.005821,2049
12616,r10i1p1f1,2049,07,17,0.0,41.86272,23.946438,2049
12617,r10i1p1f1,2049,07,18,0.0,40.194473,22.595425,2049
12618,r10i1p1f1,2049,07,19,0.0,37.549877,21.851501,2049
12619,r10i1p1f1,2049,07,20,0.0,36.74342,19.049938,2049
12620,r10i1p1f1,2049,07,21,0.0,32.49811,15.886648,2049
12621,r10i1p1f1,2049,07,22,0.0,31.123083,14.306662,2049
12622,r10i1p1f1,2049,07,23,0.0,33.623302,15.94892,2049
12623,r10i1p1f1,2049,07,24,0.0,35.27747,17.638641,2049
12624,r10i1p1f1,2049,07,25,0.0,37.43572,18.924423,2049
12625,r10i1p1f1,2049,07,26,0.0,38.16149,20.32569,2049
12626,r10i1p1f1,2049,07,27,0.0,38.840622,21.920172,2049
12627,r10i1p1f1,2049,07,28,0.0,39.03493,23.27567,2049
12628,r10i1p1f1,2049,07,29,0.0,40.109047,23.02541,2049
12629,r10i1p1f1,2049,07,30,0.0,41.066902,23.887283,2049
12630,r10i1p1f1,2049,07,31,0.0,41.26607,24.613373,2049
12631,r10i1p1f1,2049,08,01,0.0,41.696045,23.076462,2049
12632,r10i1p1f1,2049,08,02,0.0,40.35624,22.907877,2049
12633,r10i1p1f1,2049,08,03,0.0,39.14637,23.64178,2049
12634,r10i1p1f1,2049,08,04,0.03116266835652488,38.637413,26.294115,2049
12635,r10i1p1f1,2049,08,05,0.0,39.626995,24.246475,2049
12636,r10i1p1f1,2049,08,06,0.0,39.897964,24.369837,2049
12637,r10i1p1f1,2049,08,07,0.0,39.707996,24.543312,2049
12638,r10i1p1f1,2049,08,08,0.0,38.705635,22.696413,2049
12639,r10i1p1f1,2049,08,09,0.0,37.6621,20.793234,2049
12640,r10i1p1f1,2049,08,10,0.0,39.999332,22.111206,2049
12641,r10i1p1f1,2049,08,11,0.0,42.212948,24.160988,2049
12642,r10i1p1f1,2049,08,12,0.0,42.56027,25.152645,2049
12643,r10i1p1f1,2049,08,13,0.0,41.45898,24.755484,2049
12644,r10i1p1f1,2049,08,14,0.0,41.279778,23.395393,2049
12645,r10i1p1f1,2049,08,15,0.0,38.777504,21.747004,2049
12646,r10i1p1f1,2049,08,16,0.0,34.890533,19.265945,2049
12647,r10i1p1f1,2049,08,17,0.0,31.57872,16.777311,2049
12648,r10i1p1f1,2049,08,18,0.0,29.182129,12.703821,2049
12649,r10i1p1f1,2049,08,19,0.0,35.159462,17.365849,2049
12650,r10i1p1f1,2049,08,20,0.0,34.281307,17.938942,2049
12651,r10i1p1f1,2049,08,21,0.0,31.859259,16.516455,2049
12652,r10i1p1f1,2049,08,22,0.0,31.099333,15.661605,2049
12653,r10i1p1f1,2049,08,23,0.0,29.403185,13.893437,2049
12654,r10i1p1f1,2049,08,24,0.0,31.262264,14.611875,2049
12655,r10i1p1f1,2049,08,25,0.0,30.574007,13.154086,2049
12656,r10i1p1f1,2049,08,26,0.0,32.595325,14.595398,2049
12657,r10i1p1f1,2049,08,27,0.0,37.108353,19.116064,2049
12658,r10i1p1f1,2049,08,28,0.0,36.90352,18.97097,2049
12659,r10i1p1f1,2049,08,29,0.0,35.936974,17.753017,2049
12660,r10i1p1f1,2049,08,30,0.0,33.68209,15.185404,2049
12661,r10i1p1f1,2049,08,31,0.0,31.834335,16.069214,2049
12662,r10i1p1f1,2049,09,01,0.0,32.30246,16.328436,2049
12663,r10i1p1f1,2049,09,02,0.0,36.024853,18.780348,2049
12664,r10i1p1f1,2049,09,03,0.0,35.412743,18.724499,2049
12665,r10i1p1f1,2049,09,04,0.0,35.025074,18.799843,2049
12666,r10i1p1f1,2049,09,05,0.0,39.57368,20.959225,2049
12667,r10i1p1f1,2049,09,06,0.0,40.078163,21.35481,2049
12668,r10i1p1f1,2049,09,07,0.0,39.66461,22.534073,2049
12669,r10i1p1f1,2049,09,08,0.0,38.32399,22.6209,2049
12670,r10i1p1f1,2049,09,09,0.0,39.06587,21.524681,2049
12671,r10i1p1f1,2049,09,10,0.0,40.09685,23.156519,2049
12672,r10i1p1f1,2049,09,11,0.0,38.98557,21.239836,2049
12673,r10i1p1f1,2049,09,12,0.0,36.58976,20.71437,2049
12674,r10i1p1f1,2049,09,13,0.0,34.945644,21.828598,2049
12675,r10i1p1f1,2049,09,14,0.1637972082071907,28.355074,15.741995,2049
12676,r10i1p1f1,2049,09,15,0.0,30.662434,17.0819,2049
12677,r10i1p1f1,2049,09,16,0.0,33.705086,18.268827,2049
12678,r10i1p1f1,2049,09,17,0.0,34.9279,19.749853,2049
12679,r10i1p1f1,2049,09,18,1.0308090001672099,34.12968,20.315521,2049
12680,r10i1p1f1,2049,09,19,0.0,35.740456,20.928783,2049
12681,r10i1p1f1,2049,09,20,0.0,35.395145,20.064825,2049
12682,r10i1p1f1,2049,09,21,0.0804843042475879,33.976105,20.054611,2049
12683,r10i1p1f1,2049,09,22,0.1314759231095913,28.330599,16.25769,2049
12684,r10i1p1f1,2049,09,23,0.028309988583953925,26.934656,13.477389,2049
12685,r10i1p1f1,2049,09,24,0.004221807272953906,27.9599,15.143573,2049
12686,r10i1p1f1,2049,09,25,0.0,22.54117,9.607181,2049
12687,r10i1p1f1,2049,09,26,0.0,24.431458,8.752262,2049
12688,r10i1p1f1,2049,09,27,0.0,25.534512,11.338075,2049
12689,r10i1p1f1,2049,09,28,0.0,25.300997,12.935681,2049
12690,r10i1p1f1,2049,09,29,2.6318499657607295,20.500948,8.804239,2049
12691,r10i1p1f1,2049,09,30,4.336363125816876,20.422195,8.994045,2049
12692,r10i1p1f1,2049,10,01,2.9415839158996517,20.597538,8.378773,2049
12693,r10i1p1f1,2049,10,02,0.0,22.415668,8.384073,2049
12694,r10i1p1f1,2049,10,03,0.0,21.364723,8.777811,2049
12695,r10i1p1f1,2049,10,04,0.0,21.648846,8.387668,2049
12696,r10i1p1f1,2049,10,05,0.0,20.97742,7.540161,2049
12697,r10i1p1f1,2049,10,06,0.0,25.321054,8.060611,2049
12698,r10i1p1f1,2049,10,07,0.0,23.841747,9.83659,2049
12699,r10i1p1f1,2049,10,08,0.0,25.787323,9.7623625,2049
12700,r10i1p1f1,2049,10,09,0.0,24.590143,8.990597,2049
12701,r10i1p1f1,2049,10,10,0.05776498477596186,22.125519,12.297414,2049
12702,r10i1p1f1,2049,10,11,4.787011235763011,20.89624,13.028369,2049
12703,r10i1p1f1,2049,10,12,0.0,23.40086,10.364443,2049
12704,r10i1p1f1,2049,10,13,0.3174077028616969,22.656885,9.967525,2049
12705,r10i1p1f1,2049,10,14,11.624090734709936,19.266947,10.286992,2049
12706,r10i1p1f1,2049,10,15,0.0,22.166119,6.962208,2049
12707,r10i1p1f1,2049,10,16,0.0,24.282835,8.840976,2049
12708,r10i1p1f1,2049,10,17,0.0,23.388313,8.415517,2049
12709,r10i1p1f1,2049,10,18,0.0,21.659946,7.474682,2049
12710,r10i1p1f1,2049,10,19,0.04572300246141631,21.031174,8.607852,2049
12711,r10i1p1f1,2049,10,20,0.0,21.43246,9.125206,2049
12712,r10i1p1f1,2049,10,21,0.0,20.063112,6.604265,2049
12713,r10i1p1f1,2049,10,22,0.0,22.028328,8.882502,2049
12714,r10i1p1f1,2049,10,23,0.0,22.321335,9.846905,2049
12715,r10i1p1f1,2049,10,24,0.0,26.433273,9.067487,2049
12716,r10i1p1f1,2049,10,25,0.0,27.298649,9.005432,2049
12717,r10i1p1f1,2049,10,26,0.0,26.809088,12.909932,2049
12718,r10i1p1f1,2049,10,27,0.0,25.698242,12.6506815,2049
12719,r10i1p1f1,2049,10,28,0.0,24.768637,10.816224,2049
12720,r10i1p1f1,2049,10,29,25.05726864634964,24.076065,12.175407,2049
12721,r10i1p1f1,2049,10,30,0.0,22.401201,11.948819,2049
12722,r10i1p1f1,2049,10,31,0.0,25.661625,10.237117,2049
12723,r10i1p1f1,2049,11,01,0.0,28.25177,10.96432,2049
12724,r10i1p1f1,2049,11,02,0.0,28.158524,14.231107,2049
12725,r10i1p1f1,2049,11,03,0.0,27.027197,11.741031,2049
12726,r10i1p1f1,2049,11,04,0.0,27.00499,12.905005,2049
12727,r10i1p1f1,2049,11,05,0.0,27.776766,11.328928,2049
12728,r10i1p1f1,2049,11,06,0.0,26.35404,12.534633,2049
12729,r10i1p1f1,2049,11,07,0.0,24.531378,11.799939,2049
12730,r10i1p1f1,2049,11,08,0.0,22.023457,10.881338,2049
12731,r10i1p1f1,2049,11,09,0.0,22.30469,9.459348,2049
12732,r10i1p1f1,2049,11,10,0.0,20.793116,9.592018,2049
12733,r10i1p1f1,2049,11,11,0.0,21.625763,6.9531136,2049
12734,r10i1p1f1,2049,11,12,0.21858285284619533,24.053928,6.412336,2049
12735,r10i1p1f1,2049,11,13,0.0,23.883533,8.518886,2049
12736,r10i1p1f1,2049,11,14,0.0,24.093569,10.132606,2049
12737,r10i1p1f1,2049,11,15,0.0,24.347069,7.6599298,2049
12738,r10i1p1f1,2049,11,16,0.0,23.198935,9.764113,2049
12739,r10i1p1f1,2049,11,17,9.768614865051381,22.786829,10.68919,2049
12740,r10i1p1f1,2049,11,18,8.429123683029166,14.45894,9.571892,2049
12741,r10i1p1f1,2049,11,19,0.3556091439505556,19.58461,8.734902,2049
12742,r10i1p1f1,2049,11,20,0.0,16.670242,5.113318,2049
12743,r10i1p1f1,2049,11,21,0.0,16.675869,3.394169,2049
12744,r10i1p1f1,2049,11,22,10.963669220348637,11.899356,4.9669724,2049
12745,r10i1p1f1,2049,11,23,19.42537572582583,8.680993,-1.4009575,2049
12746,r10i1p1f1,2049,11,24,1.2548649207306688,5.9616385,-2.6977828,2049
12747,r10i1p1f1,2049,11,25,0.0,6.877087,-5.1333222,2049
12748,r10i1p1f1,2049,11,26,6.046745986187537,4.6745334,-0.21720706,2049
12749,r10i1p1f1,2049,11,27,4.72809849545803,5.5690007,0.4861641,2049
12750,r10i1p1f1,2049,11,28,12.608665674174278,5.576573,0.1954934,2049
12751,r10i1p1f1,2049,11,29,1.9594903205032959,9.897678,-2.604527,2049
12752,r10i1p1f1,2049,11,30,0.0,9.223366,-4.7361226,2049
12753,r10i1p1f1,2049,12,01,0.0,7.2805033,-1.3665786,2049
12754,r10i1p1f1,2049,12,02,0.0,7.6961107,-3.0003645,2049
12755,r10i1p1f1,2049,12,03,0.0,10.003225,-3.0875795,2049
12756,r10i1p1f1,2049,12,04,0.0,12.897737,-1.4423513,2049
12757,r10i1p1f1,2049,12,05,0.0,11.07993,-0.37511063,2049
12758,r10i1p1f1,2049,12,06,0.0,10.612149,1.8057795,2049
12759,r10i1p1f1,2049,12,07,0.0,9.565071,-1.9002539,2049
12760,r10i1p1f1,2049,12,08,27.134517858442116,8.420047,2.0598087,2049
12761,r10i1p1f1,2049,12,09,42.449088731633594,9.75958,2.5093603,2049
12762,r10i1p1f1,2049,12,10,23.213326662325446,9.160368,5.4670224,2049
12763,r10i1p1f1,2049,12,11,0.6149836318830861,9.499062,4.3843784,2049
12764,r10i1p1f1,2049,12,12,21.001956770257827,8.421084,3.3062878,2049
12765,r10i1p1f1,2049,12,13,17.410598193926393,11.454364,5.3248277,2049
12766,r10i1p1f1,2049,12,14,1.7871473904147264,10.870139,5.143395,2049
12767,r10i1p1f1,2049,12,15,10.659188392195286,12.341368,6.566819,2049
12768,r10i1p1f1,2049,12,16,36.942682986754285,15.577277,10.434886,2049
12769,r10i1p1f1,2049,12,17,10.16125127812541,13.275668,5.5902896,2049
12770,r10i1p1f1,2049,12,18,0.0,12.781421,4.3192782,2049
12771,r10i1p1f1,2049,12,19,24.12640424966077,12.546555,7.467029,2049
12772,r10i1p1f1,2049,12,20,7.355877065961785,12.894146,3.728555,2049
12773,r10i1p1f1,2049,12,21,0.0,9.97799,0.1358749,2049
12774,r10i1p1f1,2049,12,22,0.0,14.420359,2.2138457,2049
12775,r10i1p1f1,2049,12,23,0.0,12.877428,2.7168167,2049
12776,r10i1p1f1,2049,12,24,0.0,17.331163,5.658386,2049
12777,r10i1p1f1,2049,12,25,0.0,17.194519,5.6098595,2049
12778,r10i1p1f1,2049,12,26,7.295087083414393,14.459851,6.1529684,2049
12779,r10i1p1f1,2049,12,27,0.0,14.585078,4.2377324,2049
12780,r10i1p1f1,2049,12,28,16.07990333263603,13.071805,7.3115797,2049
12781,r10i1p1f1,2049,12,29,0.0,12.703982,7.5683336,2049
12782,r10i1p1f1,2049,12,30,0.0,13.77825,7.8938036,2049
12783,r10i1p1f1,2049,12,31,28.50823626565551,12.425545,5.798786,2049
12784,r10i1p1f1,2050,01,01,0.0,13.555824,2.1996522,2050
12785,r10i1p1f1,2050,01,02,0.0,17.096571,3.7449718,2050
12786,r10i1p1f1,2050,01,03,0.0,19.139755,6.8764873,2050
12787,r10i1p1f1,2050,01,04,0.0,18.16579,6.413391,2050
12788,r10i1p1f1,2050,01,05,0.0,16.507788,5.5655546,2050
12789,r10i1p1f1,2050,01,06,0.0,16.137884,8.476297,2050
12790,r10i1p1f1,2050,01,07,18.131187914313113,15.280372,4.1839004,2050
12791,r10i1p1f1,2050,01,08,0.012877454910745942,9.607008,-1.9752271,2050
12792,r10i1p1f1,2050,01,09,0.0,8.091754,-1.6161822,2050
12793,r10i1p1f1,2050,01,10,0.0,9.427249,2.724922,2050
12794,r10i1p1f1,2050,01,11,0.3020674803146425,8.442121,3.9710088,2050
12795,r10i1p1f1,2050,01,12,0.007203288594993003,7.953078,1.0119767,2050
12796,r10i1p1f1,2050,01,13,12.108961033855417,6.552413,-0.023206009,2050
12797,r10i1p1f1,2050,01,14,16.676967610807257,8.074992,2.6023266,2050
12798,r10i1p1f1,2050,01,15,83.3267863754085,14.229795,4.6109176,2050
12799,r10i1p1f1,2050,01,16,3.791204920684035,13.655105,0.2581187,2050
12800,r10i1p1f1,2050,01,17,21.762671528267674,7.404161,1.3649447,2050
12801,r10i1p1f1,2050,01,18,54.473097971946885,14.397883,3.2723272,2050
12802,r10i1p1f1,2050,01,19,42.83755707223654,13.440003,7.3785634,2050
12803,r10i1p1f1,2050,01,20,66.27217946929466,16.190351,10.484596,2050
12804,r10i1p1f1,2050,01,21,8.02055052490208,12.016996,4.186021,2050
12805,r10i1p1f1,2050,01,22,54.360927205140655,16.856007,7.2713976,2050
12806,r10i1p1f1,2050,01,23,8.212339091556045,16.074081,12.309626,2050
12807,r10i1p1f1,2050,01,24,103.45377800863628,16.489496,11.75586,2050
12808,r10i1p1f1,2050,01,25,6.047024570560959,15.998784,9.318946,2050
12809,r10i1p1f1,2050,01,26,75.48888946491245,13.9389105,6.2078347,2050
12810,r10i1p1f1,2050,01,27,0.5131866568406526,9.176592,-2.1135027,2050
12811,r10i1p1f1,2050,01,28,12.076953624751983,8.315244,-1.8831655,2050
12812,r10i1p1f1,2050,01,29,8.81018856583212,6.8097725,2.7831156,2050
12813,r10i1p1f1,2050,01,30,0.0,9.613032,-1.0965737,2050
12814,r10i1p1f1,2050,01,31,0.0,10.050433,0.8810971,2050
12815,r10i1p1f1,2050,02,01,0.0,14.132848,3.9594104,2050
12816,r10i1p1f1,2050,02,02,0.0,20.005173,6.921788,2050
12817,r10i1p1f1,2050,02,03,0.0,20.677494,8.726394,2050
12818,r10i1p1f1,2050,02,04,0.0,19.345402,7.595769,2050
12819,r10i1p1f1,2050,02,05,0.0,17.308332,8.014419,2050
12820,r10i1p1f1,2050,02,06,0.0,14.4737425,2.858417,2050
12821,r10i1p1f1,2050,02,07,0.0,16.677006,5.5293627,2050
12822,r10i1p1f1,2050,02,08,17.136615729357704,13.310855,7.6192837,2050
12823,r10i1p1f1,2050,02,09,2.655034295716369,11.593611,5.9918776,2050
12824,r10i1p1f1,2050,02,10,5.143678430192123,9.97819,5.2197385,2050
12825,r10i1p1f1,2050,02,11,0.0,14.609992,2.3444493,2050
12826,r10i1p1f1,2050,02,12,0.0,14.0379,1.060948,2050
12827,r10i1p1f1,2050,02,13,1.03549153248043,8.792657,-2.2762787,2050
12828,r10i1p1f1,2050,02,14,1.775492698813028,5.8961525,-0.939165,2050
12829,r10i1p1f1,2050,02,15,3.976916486393939,5.0021687,-3.1971226,2050
12830,r10i1p1f1,2050,02,16,0.0,5.003013,-6.4499497,2050
12831,r10i1p1f1,2050,02,17,3.136792166831009,6.0807548,-1.8861413,2050
12832,r10i1p1f1,2050,02,18,0.815496915387676,7.192275,-2.7466629,2050
12833,r10i1p1f1,2050,02,19,31.857715396051248,6.1206756,-0.7331782,2050
12834,r10i1p1f1,2050,02,20,0.0,7.077587,-5.5844445,2050
12835,r10i1p1f1,2050,02,21,14.461608244394148,10.12787,-3.0110946,2050
12836,r10i1p1f1,2050,02,22,20.752180872583075,10.0911255,1.9061912,2050
12837,r10i1p1f1,2050,02,23,0.36955384440309563,10.571903,3.3345015,2050
12838,r10i1p1f1,2050,02,24,0.0,17.52094,2.216887,2050
12839,r10i1p1f1,2050,02,25,0.0,20.639805,6.909818,2050
12840,r10i1p1f1,2050,02,26,0.0,19.696402,6.8714657,2050
12841,r10i1p1f1,2050,02,27,0.0,17.697542,7.923598,2050
12842,r10i1p1f1,2050,02,28,0.0,21.910564,8.215539,2050
12843,r10i1p1f1,2050,03,01,0.0,24.419928,8.490053,2050
12844,r10i1p1f1,2050,03,02,0.0,24.489323,10.713869,2050
12845,r10i1p1f1,2050,03,03,0.0,24.033197,11.137952,2050
12846,r10i1p1f1,2050,03,04,1.1418880336063204,17.5742,4.460548,2050
12847,r10i1p1f1,2050,03,05,0.0,15.753249,4.5053315,2050
12848,r10i1p1f1,2050,03,06,0.0,17.199236,2.4823294,2050
12849,r10i1p1f1,2050,03,07,27.23654398578219,15.100126,4.865375,2050
12850,r10i1p1f1,2050,03,08,4.67082113265956,9.270707,-3.2314606,2050
12851,r10i1p1f1,2050,03,09,4.553613017215914,8.862765,0.031939458,2050
12852,r10i1p1f1,2050,03,10,6.974348155639937,5.045044,-2.383306,2050
12853,r10i1p1f1,2050,03,11,0.0,10.700649,-2.5677507,2050
12854,r10i1p1f1,2050,03,12,0.0,15.605334,-0.24370916,2050
12855,r10i1p1f1,2050,03,13,0.0,14.378747,1.5149883,2050
12856,r10i1p1f1,2050,03,14,0.08308847055367981,13.7736225,4.4345093,2050
12857,r10i1p1f1,2050,03,15,6.3397415456404955,12.03963,3.2750766,2050
12858,r10i1p1f1,2050,03,16,23.137890075572376,9.07635,2.6372683,2050
12859,r10i1p1f1,2050,03,17,0.8465702893341873,9.660466,-0.32636905,2050
12860,r10i1p1f1,2050,03,18,1.505539216213947,7.826874,-3.9281158,2050
12861,r10i1p1f1,2050,03,19,0.0,13.26711,-0.68572074,2050
12862,r10i1p1f1,2050,03,20,0.0,14.8846855,2.2973356,2050
12863,r10i1p1f1,2050,03,21,0.0,18.396235,4.4040165,2050
12864,r10i1p1f1,2050,03,22,0.0,20.512032,4.181105,2050
12865,r10i1p1f1,2050,03,23,0.0,21.939617,5.9797444,2050
12866,r10i1p1f1,2050,03,24,0.0,24.340073,6.6185865,2050
12867,r10i1p1f1,2050,03,25,0.0,25.017653,7.1631045,2050
12868,r10i1p1f1,2050,03,26,0.0,23.20303,9.9713,2050
12869,r10i1p1f1,2050,03,27,0.0,24.11674,9.246876,2050
12870,r10i1p1f1,2050,03,28,0.0,23.338608,7.2462654,2050
12871,r10i1p1f1,2050,03,29,21.24843302973252,17.142082,6.9802713,2050
12872,r10i1p1f1,2050,03,30,31.57393570811684,12.084529,4.7460904,2050
12873,r10i1p1f1,2050,03,31,1.5693898209567698,11.658511,3.3562486,2050
12874,r10i1p1f1,2050,04,01,2.7440086487714375,13.7978,5.4198976,2050
12875,r10i1p1f1,2050,04,02,0.0,18.007372,2.8341317,2050
12876,r10i1p1f1,2050,04,03,28.227375870521524,15.389515,2.6900442,2050
12877,r10i1p1f1,2050,04,04,1.658945224332791,11.957176,3.7763014,2050
12878,r10i1p1f1,2050,04,05,0.0,18.434956,1.353638,2050
12879,r10i1p1f1,2050,04,06,0.0,20.180506,4.8197856,2050
12880,r10i1p1f1,2050,04,07,0.0,23.2438,5.4574523,2050
12881,r10i1p1f1,2050,04,08,6.446669321380078,18.343115,5.165831,2050
12882,r10i1p1f1,2050,04,09,0.1466571396265767,16.85064,5.2621346,2050
12883,r10i1p1f1,2050,04,10,0.0,20.007727,4.4446807,2050
12884,r10i1p1f1,2050,04,11,0.0,19.17119,5.6463966,2050
12885,r10i1p1f1,2050,04,12,0.0,14.083416,1.5916756,2050
12886,r10i1p1f1,2050,04,13,0.0,18.825922,3.7369344,2050
12887,r10i1p1f1,2050,04,14,2.8925607817846437,17.624537,5.461861,2050
12888,r10i1p1f1,2050,04,15,0.0,20.214888,5.398986,2050
12889,r10i1p1f1,2050,04,16,0.0,23.3743,7.798558,2050
12890,r10i1p1f1,2050,04,17,0.06890674383995295,18.965933,5.258284,2050
12891,r10i1p1f1,2050,04,18,0.0,18.4914,3.792082,2050
12892,r10i1p1f1,2050,04,19,0.0,21.361778,6.4835267,2050
12893,r10i1p1f1,2050,04,20,0.0,21.063654,6.483972,2050
12894,r10i1p1f1,2050,04,21,0.0,22.264307,4.59504,2050
12895,r10i1p1f1,2050,04,22,0.0,24.617826,8.082711,2050
12896,r10i1p1f1,2050,04,23,0.0,23.716675,9.0120125,2050
12897,r10i1p1f1,2050,04,24,0.0,21.403362,6.5460114,2050
12898,r10i1p1f1,2050,04,25,0.0,24.050304,7.267896,2050
12899,r10i1p1f1,2050,04,26,0.0,28.460436,13.024554,2050
12900,r10i1p1f1,2050,04,27,0.0,28.052729,12.788154,2050
12901,r10i1p1f1,2050,04,28,0.1908364037358536,21.82704,7.6774983,2050
12902,r10i1p1f1,2050,04,29,11.535568737149573,11.134544,-2.4737,2050
12903,r10i1p1f1,2050,04,30,0.07357061898035586,12.265668,-0.18858759,2050
12904,r10i1p1f1,2050,05,01,0.0,16.121893,0.488063,2050
12905,r10i1p1f1,2050,05,02,0.0,19.438046,2.4438887,2050
12906,r10i1p1f1,2050,05,03,0.0,23.25981,6.576746,2050
12907,r10i1p1f1,2050,05,04,0.0,27.283167,8.765056,2050
12908,r10i1p1f1,2050,05,05,0.0,27.549799,11.53521,2050
12909,r10i1p1f1,2050,05,06,0.0,27.073084,10.48855,2050
12910,r10i1p1f1,2050,05,07,0.0,30.951168,15.551716,2050
12911,r10i1p1f1,2050,05,08,0.0,30.792028,16.227928,2050
12912,r10i1p1f1,2050,05,09,0.0,28.317078,13.998951,2050
12913,r10i1p1f1,2050,05,10,0.0,31.179518,15.944705,2050
12914,r10i1p1f1,2050,05,11,0.0,30.764877,15.185208,2050
12915,r10i1p1f1,2050,05,12,0.0,29.169176,13.951536,2050
12916,r10i1p1f1,2050,05,13,0.0,28.012878,12.209901,2050
12917,r10i1p1f1,2050,05,14,0.0,21.893885,6.996508,2050
12918,r10i1p1f1,2050,05,15,0.0,25.539762,9.310554,2050
12919,r10i1p1f1,2050,05,16,0.0,29.219948,10.941974,2050
12920,r10i1p1f1,2050,05,17,0.0,28.8726,11.955069,2050
12921,r10i1p1f1,2050,05,18,0.0,25.896246,10.1836195,2050
12922,r10i1p1f1,2050,05,19,0.15978688163733368,18.52512,5.079064,2050
12923,r10i1p1f1,2050,05,20,0.0,21.07325,4.870995,2050
12924,r10i1p1f1,2050,05,21,0.0,27.880733,8.981063,2050
12925,r10i1p1f1,2050,05,22,0.0,28.64022,12.412191,2050
12926,r10i1p1f1,2050,05,23,0.0,26.84109,12.952202,2050
12927,r10i1p1f1,2050,05,24,0.0,29.7222,12.895625,2050
12928,r10i1p1f1,2050,05,25,0.0,32.781467,17.504498,2050
12929,r10i1p1f1,2050,05,26,0.0,34.66027,19.241615,2050
12930,r10i1p1f1,2050,05,27,0.0,34.88985,17.907928,2050
12931,r10i1p1f1,2050,05,28,0.0,34.7714,17.196156,2050
12932,r10i1p1f1,2050,05,29,0.0,36.014797,19.25447,2050
12933,r10i1p1f1,2050,05,30,0.0,35.844105,19.522234,2050
12934,r10i1p1f1,2050,05,31,0.0,31.913692,18.255993,2050
12935,r10i1p1f1,2050,06,01,4.761359677056469e-05,33.223717,18.38772,2050
12936,r10i1p1f1,2050,06,02,0.0,27.614573,14.339646,2050
12937,r10i1p1f1,2050,06,03,0.4405549035111203,27.531458,12.622593,2050
12938,r10i1p1f1,2050,06,04,0.64325573359479,31.321354,14.767859,2050
12939,r10i1p1f1,2050,06,05,0.0,30.611126,16.497375,2050
12940,r10i1p1f1,2050,06,06,0.0,31.365099,14.735131,2050
12941,r10i1p1f1,2050,06,07,0.0,28.962126,15.159872,2050
12942,r10i1p1f1,2050,06,08,0.0,26.93144,12.200787,2050
12943,r10i1p1f1,2050,06,09,0.0,28.8275,12.499184,2050
12944,r10i1p1f1,2050,06,10,0.0,29.701666,13.158623,2050
12945,r10i1p1f1,2050,06,11,0.0,34.855057,17.25574,2050
12946,r10i1p1f1,2050,06,12,0.0,36.45657,21.037714,2050
12947,r10i1p1f1,2050,06,13,0.0,36.266567,21.884102,2050
12948,r10i1p1f1,2050,06,14,0.0,37.053383,20.524782,2050
12949,r10i1p1f1,2050,06,15,0.0,35.248768,18.275946,2050
12950,r10i1p1f1,2050,06,16,0.0,34.02154,17.543116,2050
12951,r10i1p1f1,2050,06,17,0.0,35.44119,17.579168,2050
12952,r10i1p1f1,2050,06,18,0.0,36.634964,18.692144,2050
12953,r10i1p1f1,2050,06,19,0.0,35.83153,19.72116,2050
12954,r10i1p1f1,2050,06,20,0.0,37.640736,19.32848,2050
12955,r10i1p1f1,2050,06,21,0.0,37.103523,19.44359,2050
12956,r10i1p1f1,2050,06,22,0.0,35.698402,18.524353,2050
12957,r10i1p1f1,2050,06,23,0.0,33.059864,16.053612,2050
12958,r10i1p1f1,2050,06,24,0.0,31.448692,15.372944,2050
12959,r10i1p1f1,2050,06,25,0.0,30.255976,13.612652,2050
12960,r10i1p1f1,2050,06,26,0.0,27.882883,11.24099,2050
12961,r10i1p1f1,2050,06,27,0.0,28.90341,10.926443,2050
12962,r10i1p1f1,2050,06,28,0.0,35.028427,17.526577,2050
12963,r10i1p1f1,2050,06,29,0.0,34.10874,16.248194,2050
12964,r10i1p1f1,2050,06,30,0.0,32.915962,16.046097,2050
12965,r10i1p1f1,2050,07,01,0.0,35.48536,16.59349,2050
12966,r10i1p1f1,2050,07,02,0.0,36.31479,17.35521,2050
12967,r10i1p1f1,2050,07,03,0.0,35.273083,17.140835,2050
12968,r10i1p1f1,2050,07,04,0.0,33.962303,16.992039,2050
12969,r10i1p1f1,2050,07,05,0.0,36.0361,17.408127,2050
12970,r10i1p1f1,2050,07,06,0.0,39.21597,20.43294,2050
12971,r10i1p1f1,2050,07,07,0.0,37.980797,19.380884,2050
12972,r10i1p1f1,2050,07,08,0.0,37.16678,19.293285,2050
12973,r10i1p1f1,2050,07,09,0.0,36.35215,18.569181,2050
12974,r10i1p1f1,2050,07,10,0.0,33.87464,17.225914,2050
12975,r10i1p1f1,2050,07,11,0.0,32.945324,16.25232,2050
12976,r10i1p1f1,2050,07,12,0.0,34.05924,16.97505,2050
12977,r10i1p1f1,2050,07,13,1.6937519104670316,32.936493,15.425937,2050
12978,r10i1p1f1,2050,07,14,0.0,33.965267,17.92756,2050
12979,r10i1p1f1,2050,07,15,0.0,33.512917,16.216915,2050
12980,r10i1p1f1,2050,07,16,0.0,34.63029,17.015797,2050
12981,r10i1p1f1,2050,07,17,0.0,34.267548,16.75172,2050
12982,r10i1p1f1,2050,07,18,0.0,33.82499,17.143568,2050
12983,r10i1p1f1,2050,07,19,0.0,32.995174,17.237997,2050
12984,r10i1p1f1,2050,07,20,0.0,32.587517,17.344217,2050
12985,r10i1p1f1,2050,07,21,0.0,32.42575,15.549096,2050
12986,r10i1p1f1,2050,07,22,0.0,32.206112,16.81508,2050
12987,r10i1p1f1,2050,07,23,0.0,32.08531,15.987001,2050
12988,r10i1p1f1,2050,07,24,0.0,32.1421,15.973917,2050
12989,r10i1p1f1,2050,07,25,0.0,31.149298,14.825623,2050
12990,r10i1p1f1,2050,07,26,0.0,30.450445,13.908794,2050
12991,r10i1p1f1,2050,07,27,0.0,34.224083,15.979889,2050
12992,r10i1p1f1,2050,07,28,0.0,35.515575,17.316446,2050
12993,r10i1p1f1,2050,07,29,0.0,36.147762,18.745213,2050
12994,r10i1p1f1,2050,07,30,0.0,35.313442,17.26019,2050
12995,r10i1p1f1,2050,07,31,0.0,34.066013,17.757765,2050
12996,r10i1p1f1,2050,08,01,0.0,32.728203,16.610235,2050
12997,r10i1p1f1,2050,08,02,0.0,33.392082,16.206863,2050
12998,r10i1p1f1,2050,08,03,0.0,34.896343,17.5527,2050
12999,r10i1p1f1,2050,08,04,0.0,36.9527,18.642628,2050
13000,r10i1p1f1,2050,08,05,0.0,39.538322,20.95176,2050
13001,r10i1p1f1,2050,08,06,0.0,38.854298,24.535734,2050
13002,r10i1p1f1,2050,08,07,0.012107262998477765,38.73821,22.127403,2050
13003,r10i1p1f1,2050,08,08,0.005567955289926,34.407246,21.369488,2050
13004,r10i1p1f1,2050,08,09,8.52772954410619,35.968685,22.12751,2050
13005,r10i1p1f1,2050,08,10,0.1263806139736277,32.370094,18.349586,2050
13006,r10i1p1f1,2050,08,11,0.7157120870703549,30.898006,15.031238,2050
13007,r10i1p1f1,2050,08,12,0.8101481153772738,30.940645,16.033804,2050
13008,r10i1p1f1,2050,08,13,0.0,31.850933,15.5721855,2050
13009,r10i1p1f1,2050,08,14,0.0,31.395452,15.123079,2050
13010,r10i1p1f1,2050,08,15,0.0,30.189909,13.604121,2050
13011,r10i1p1f1,2050,08,16,0.0,27.964783,11.156039,2050
13012,r10i1p1f1,2050,08,17,0.0,22.844042,7.0658383,2050
13013,r10i1p1f1,2050,08,18,0.0,24.877422,7.300152,2050
13014,r10i1p1f1,2050,08,19,0.0,30.45011,11.648621,2050
13015,r10i1p1f1,2050,08,20,0.0,32.78099,14.322702,2050
13016,r10i1p1f1,2050,08,21,0.0,31.549007,13.761263,2050
13017,r10i1p1f1,2050,08,22,0.0,28.041214,11.426931,2050
13018,r10i1p1f1,2050,08,23,0.0,28.162987,11.20654,2050
13019,r10i1p1f1,2050,08,24,0.0,30.114325,12.639752,2050
13020,r10i1p1f1,2050,08,25,0.0,29.682552,12.578485,2050
13021,r10i1p1f1,2050,08,26,0.0,27.847567,11.1291685,2050
13022,r10i1p1f1,2050,08,27,0.0,28.765743,10.341626,2050
13023,r10i1p1f1,2050,08,28,0.0,29.80595,11.071831,2050
13024,r10i1p1f1,2050,08,29,0.0,31.651464,14.388969,2050
13025,r10i1p1f1,2050,08,30,0.0,31.199553,11.937152,2050
13026,r10i1p1f1,2050,08,31,0.0,27.78089,9.828984,2050
13027,r10i1p1f1,2050,09,01,0.0,27.806097,11.559064,2050
13028,r10i1p1f1,2050,09,02,0.0,25.260757,9.547989,2050
13029,r10i1p1f1,2050,09,03,0.0,23.975336,8.096392,2050
13030,r10i1p1f1,2050,09,04,0.0,26.63224,10.220161,2050
13031,r10i1p1f1,2050,09,05,0.0,27.044392,9.722622,2050
13032,r10i1p1f1,2050,09,06,0.0,31.545519,11.779906,2050
13033,r10i1p1f1,2050,09,07,0.0,31.08631,12.97803,2050
13034,r10i1p1f1,2050,09,08,77.32771066581144,31.160828,14.850243,2050
13035,r10i1p1f1,2050,09,09,3.4303612340552623,19.686892,6.4763255,2050
13036,r10i1p1f1,2050,09,10,0.0,23.68714,6.333107,2050
13037,r10i1p1f1,2050,09,11,0.0,25.209661,7.6988845,2050
13038,r10i1p1f1,2050,09,12,0.0,27.707474,10.129105,2050
13039,r10i1p1f1,2050,09,13,0.0,26.98821,9.072004,2050
13040,r10i1p1f1,2050,09,14,0.0,26.517878,9.90905,2050
13041,r10i1p1f1,2050,09,15,0.0,27.779564,9.570218,2050
13042,r10i1p1f1,2050,09,16,0.0,30.818153,13.414355,2050
13043,r10i1p1f1,2050,09,17,0.0,29.600073,11.392771,2050
13044,r10i1p1f1,2050,09,18,0.0,28.260029,11.051735,2050
13045,r10i1p1f1,2050,09,19,0.0,33.169506,14.429276,2050
13046,r10i1p1f1,2050,09,20,0.0,35.36221,18.22419,2050
13047,r10i1p1f1,2050,09,21,0.0,37.420174,19.804071,2050
13048,r10i1p1f1,2050,09,22,0.0,37.00169,20.164742,2050
13049,r10i1p1f1,2050,09,23,0.0,36.31414,20.034948,2050
13050,r10i1p1f1,2050,09,24,0.0,34.820534,18.798775,2050
13051,r10i1p1f1,2050,09,25,0.0,31.370863,16.313267,2050
13052,r10i1p1f1,2050,09,26,0.0,30.265236,14.945876,2050
13053,r10i1p1f1,2050,09,27,0.0,29.215172,14.134213,2050
13054,r10i1p1f1,2050,09,28,0.0,34.654167,16.77694,2050
13055,r10i1p1f1,2050,09,29,0.0,36.096622,18.389896,2050
13056,r10i1p1f1,2050,09,30,0.0,36.26795,20.736645,2050
13057,r10i1p1f1,2050,10,01,0.0,35.292957,18.47159,2050
13058,r10i1p1f1,2050,10,02,0.0,29.438318,14.253995,2050
13059,r10i1p1f1,2050,10,03,0.0,27.957087,12.733854,2050
13060,r10i1p1f1,2050,10,04,0.0,29.524338,16.378637,2050
13061,r10i1p1f1,2050,10,05,0.0,31.693707,15.136945,2050
13062,r10i1p1f1,2050,10,06,0.0,30.902624,16.828455,2050
13063,r10i1p1f1,2050,10,07,0.0,30.851435,16.825193,2050
13064,r10i1p1f1,2050,10,08,0.0,31.416119,14.551312,2050
13065,r10i1p1f1,2050,10,09,0.0,33.195007,14.29864,2050
13066,r10i1p1f1,2050,10,10,0.0,34.481785,16.805862,2050
13067,r10i1p1f1,2050,10,11,0.0,33.66809,18.272682,2050
13068,r10i1p1f1,2050,10,12,0.0,31.117779,15.694791,2050
13069,r10i1p1f1,2050,10,13,0.0,33.07521,15.342844,2050
13070,r10i1p1f1,2050,10,14,0.0,34.88162,18.113285,2050
13071,r10i1p1f1,2050,10,15,0.0,34.375977,19.41467,2050
13072,r10i1p1f1,2050,10,16,0.0,33.52782,17.10882,2050
13073,r10i1p1f1,2050,10,17,0.0,30.567633,14.236856,2050
13074,r10i1p1f1,2050,10,18,0.0,27.85747,13.76952,2050
13075,r10i1p1f1,2050,10,19,0.18956101835101435,30.199543,17.427362,2050
13076,r10i1p1f1,2050,10,20,0.011412189402156065,33.020214,18.813206,2050
13077,r10i1p1f1,2050,10,21,0.0,28.05756,11.477159,2050
13078,r10i1p1f1,2050,10,22,0.0,23.473164,10.765281,2050
13079,r10i1p1f1,2050,10,23,0.0,25.436089,11.26839,2050
13080,r10i1p1f1,2050,10,24,0.0,27.579035,11.141223,2050
13081,r10i1p1f1,2050,10,25,0.0,22.604248,9.731445,2050
13082,r10i1p1f1,2050,10,26,0.0,22.686356,8.20264,2050
13083,r10i1p1f1,2050,10,27,0.0,22.64041,8.120655,2050
13084,r10i1p1f1,2050,10,28,0.0,20.192635,5.7821937,2050
13085,r10i1p1f1,2050,10,29,0.0,17.030838,4.382436,2050
13086,r10i1p1f1,2050,10,30,0.0,21.192844,5.8172326,2050
13087,r10i1p1f1,2050,10,31,0.0,25.576744,7.738041,2050
13088,r10i1p1f1,2050,11,01,0.0,28.472845,9.405552,2050
13089,r10i1p1f1,2050,11,02,0.0,28.557714,8.625198,2050
13090,r10i1p1f1,2050,11,03,0.0,26.22572,12.564005,2050
13091,r10i1p1f1,2050,11,04,0.0,27.513014,12.386113,2050
13092,r10i1p1f1,2050,11,05,0.0,25.48318,12.846046,2050
13093,r10i1p1f1,2050,11,06,0.0,27.54858,7.627048,2050
13094,r10i1p1f1,2050,11,07,0.0,27.322243,8.8345995,2050
13095,r10i1p1f1,2050,11,08,0.0,25.186058,9.462587,2050
13096,r10i1p1f1,2050,11,09,0.0,28.29318,8.122002,2050
13097,r10i1p1f1,2050,11,10,0.0,27.505207,7.575356,2050
13098,r10i1p1f1,2050,11,11,0.0,24.832897,11.704839,2050
13099,r10i1p1f1,2050,11,12,1.2618872492662616,23.567226,12.212892,2050
13100,r10i1p1f1,2050,11,13,1.7481234908556966,16.892818,9.355264,2050
13101,r10i1p1f1,2050,11,14,25.614812188340647,15.494565,8.870643,2050
13102,r10i1p1f1,2050,11,15,11.954129402492024,11.945842,7.2111197,2050
13103,r10i1p1f1,2050,11,16,3.565555761451833,13.783116,6.753081,2050
13104,r10i1p1f1,2050,11,17,0.4911180717810662,18.755594,8.695702,2050
13105,r10i1p1f1,2050,11,18,0.0,20.934355,7.46328,2050
13106,r10i1p1f1,2050,11,19,0.0,20.349957,8.161868,2050
13107,r10i1p1f1,2050,11,20,0.0,21.364342,8.678107,2050
13108,r10i1p1f1,2050,11,21,6.961529471070542,22.6178,13.220952,2050
13109,r10i1p1f1,2050,11,22,0.8164632575986425,17.41971,12.728111,2050
13110,r10i1p1f1,2050,11,23,1.967454093414146,15.49549,6.0664725,2050
13111,r10i1p1f1,2050,11,24,2.0563507207043585,11.503354,6.1122403,2050
13112,r10i1p1f1,2050,11,25,0.0,14.652806,0.042242754,2050
13113,r10i1p1f1,2050,11,26,0.0,14.492495,2.0004013,2050
13114,r10i1p1f1,2050,11,27,0.0,13.903785,2.663768,2050
13115,r10i1p1f1,2050,11,28,20.04221092563392,12.479358,6.7149034,2050
13116,r10i1p1f1,2050,11,29,32.89042728628326,11.960833,6.835304,2050
13117,r10i1p1f1,2050,11,30,1.903236861373539,13.235705,2.0718873,2050
13118,r10i1p1f1,2050,12,01,0.0,13.577233,3.1986713,2050
13119,r10i1p1f1,2050,12,02,0.005711006602532028,14.005077,6.282954,2050
13120,r10i1p1f1,2050,12,03,8.059274471662846,13.224022,7.0671043,2050
13121,r10i1p1f1,2050,12,04,12.40654330720549,13.637406,9.944481,2050
13122,r10i1p1f1,2050,12,05,12.521597839450374,15.3279085,7.511522,2050
13123,r10i1p1f1,2050,12,06,1.0342662276530603,10.714509,0.7920139,2050
13124,r10i1p1f1,2050,12,07,0.0,9.070351,1.5415711,2050
13125,r10i1p1f1,2050,12,08,4.840485738570447,12.0919075,4.6752925,2050
13126,r10i1p1f1,2050,12,09,2.129614479570974,11.753034,7.4563537,2050
13127,r10i1p1f1,2050,12,10,0.02871830415882103,13.293579,3.6193855,2050
13128,r10i1p1f1,2050,12,11,0.0,9.23479,-1.2556359,2050
13129,r10i1p1f1,2050,12,12,0.0,9.240451,-1.6187309,2050
13130,r10i1p1f1,2050,12,13,0.0,11.588482,1.0232321,2050
13131,r10i1p1f1,2050,12,14,0.0,14.6220255,3.0743034,2050
13132,r10i1p1f1,2050,12,15,0.0,16.441431,4.894552,2050
13133,r10i1p1f1,2050,12,16,0.0,15.91972,4.499269,2050
13134,r10i1p1f1,2050,12,17,0.0,13.998371,2.3378425,2050
13135,r10i1p1f1,2050,12,18,0.0,13.808841,2.6148956,2050
13136,r10i1p1f1,2050,12,19,0.0,12.612443,1.1551164,2050
13137,r10i1p1f1,2050,12,20,0.0,13.336876,1.3839856,2050
13138,r10i1p1f1,2050,12,21,0.0,13.039065,3.0417671,2050
13139,r10i1p1f1,2050,12,22,0.0,15.673751,6.7986236,2050
13140,r10i1p1f1,2050,12,23,0.0,15.289994,4.2491074,2050
13141,r10i1p1f1,2050,12,24,0.0,13.709221,4.3914685,2050
13142,r10i1p1f1,2050,12,25,30.65132914588934,10.093713,4.7805896,2050
13143,r10i1p1f1,2050,12,26,69.90077101233366,11.480537,5.5702076,2050
13144,r10i1p1f1,2050,12,27,3.9698742290822433,8.89212,-0.5060702,2050
13145,r10i1p1f1,2050,12,28,0.0,7.411883,-2.4995182,2050
13146,r10i1p1f1,2050,12,29,0.0,6.984489,-1.9433889,2050
13147,r10i1p1f1,2050,12,30,0.0,5.4042206,-4.63274,2050
13148,r10i1p1f1,2050,12,31,0.0,6.206128,-4.135308,2050
13149,r10i1p1f1,2051,01,01,0.0,9.579224,-1.5482424,2051
13150,r10i1p1f1,2051,01,02,0.0,12.775561,0.13793644,2051
13151,r10i1p1f1,2051,01,03,0.0,13.29943,1.7551801,2051
13152,r10i1p1f1,2051,01,04,0.0,14.648863,3.8779478,2051
13153,r10i1p1f1,2051,01,05,0.0,18.040472,7.5985928,2051
13154,r10i1p1f1,2051,01,06,0.0,18.118885,3.451167,2051
13155,r10i1p1f1,2051,01,07,0.0,14.98602,3.4331737,2051
13156,r10i1p1f1,2051,01,08,0.0,17.304512,5.8409543,2051
13157,r10i1p1f1,2051,01,09,0.0,16.310896,3.3249524,2051
13158,r10i1p1f1,2051,01,10,0.0,15.632371,3.3730638,2051
13159,r10i1p1f1,2051,01,11,0.0,13.298968,2.0037034,2051
13160,r10i1p1f1,2051,01,12,0.0,13.46106,-0.23793592,2051
13161,r10i1p1f1,2051,01,13,0.0,10.408892,-1.6081326,2051
13162,r10i1p1f1,2051,01,14,0.0,11.094996,-2.1148968,2051
13163,r10i1p1f1,2051,01,15,0.0,16.296764,2.6193767,2051
13164,r10i1p1f1,2051,01,16,0.0,15.033588,2.2585287,2051
13165,r10i1p1f1,2051,01,17,0.0,14.939929,2.019165,2051
13166,r10i1p1f1,2051,01,18,28.684945108895924,12.17176,2.2106268,2051
13167,r10i1p1f1,2051,01,19,22.96313907396612,8.4386215,3.070109,2051
13168,r10i1p1f1,2051,01,20,43.03745016866168,10.479622,6.1182466,2051
13169,r10i1p1f1,2051,01,21,66.24454044687904,11.733635,3.0285194,2051
13170,r10i1p1f1,2051,01,22,68.88268634823984,14.672376,7.55343,2051
13171,r10i1p1f1,2051,01,23,0.0,14.323758,1.8349441,2051
13172,r10i1p1f1,2051,01,24,6.266237544696196,13.137393,3.0606475,2051
13173,r10i1p1f1,2051,01,25,18.289129091824993,8.229423,5.1243834,2051
13174,r10i1p1f1,2051,01,26,0.14436950043186939,13.965316,3.427471,2051
13175,r10i1p1f1,2051,01,27,0.0,15.286705,1.9742281,2051
13176,r10i1p1f1,2051,01,28,0.0,15.222139,2.7628942,2051
13177,r10i1p1f1,2051,01,29,0.0,16.322653,4.005979,2051
13178,r10i1p1f1,2051,01,30,0.0,16.13886,5.6558957,2051
13179,r10i1p1f1,2051,01,31,0.0,17.768654,3.399985,2051
13180,r10i1p1f1,2051,02,01,0.0,16.705114,4.1019764,2051
13181,r10i1p1f1,2051,02,02,0.0,18.272682,5.0954623,2051
13182,r10i1p1f1,2051,02,03,0.0,18.249907,5.473172,2051
13183,r10i1p1f1,2051,02,04,0.0,19.516005,6.113891,2051
13184,r10i1p1f1,2051,02,05,0.0,19.452766,6.5096483,2051
13185,r10i1p1f1,2051,02,06,0.0,18.280146,5.058439,2051
13186,r10i1p1f1,2051,02,07,0.0,20.019316,4.7819333,2051
13187,r10i1p1f1,2051,02,08,0.0,19.065933,5.084672,2051
13188,r10i1p1f1,2051,02,09,0.0,18.144712,5.002102,2051
13189,r10i1p1f1,2051,02,10,0.0,19.16793,5.4334235,2051
13190,r10i1p1f1,2051,02,11,0.0,18.619606,6.438648,2051
13191,r10i1p1f1,2051,02,12,0.0,18.284344,3.5025775,2051
13192,r10i1p1f1,2051,02,13,0.0,14.6451645,2.753123,2051
13193,r10i1p1f1,2051,02,14,34.52524337243583,9.179516,1.9214222,2051
13194,r10i1p1f1,2051,02,15,1.1785465238589448,9.812549,2.221849,2051
13195,r10i1p1f1,2051,02,16,0.0,11.774168,3.418828,2051
13196,r10i1p1f1,2051,02,17,5.831360150784205,10.1720705,3.5557668,2051
13197,r10i1p1f1,2051,02,18,8.214800888182301,13.657056,3.8505688,2051
13198,r10i1p1f1,2051,02,19,0.0,14.86543,0.7409094,2051
13199,r10i1p1f1,2051,02,20,0.0,13.098022,0.11206757,2051
13200,r10i1p1f1,2051,02,21,0.0,14.779395,2.6296535,2051
13201,r10i1p1f1,2051,02,22,0.0,17.230255,3.904804,2051
13202,r10i1p1f1,2051,02,23,0.0,18.736546,5.0868974,2051
13203,r10i1p1f1,2051,02,24,0.0,19.033142,5.4964447,2051
13204,r10i1p1f1,2051,02,25,8.05895972844155,19.902908,7.1002197,2051
13205,r10i1p1f1,2051,02,26,0.0,13.244672,4.174518,2051
13206,r10i1p1f1,2051,02,27,4.183259554242556,12.873573,2.2986486,2051
13207,r10i1p1f1,2051,02,28,11.049386292334498,8.23448,1.0981927,2051
13208,r10i1p1f1,2051,03,01,15.311329980000952,9.029196,3.3566973,2051
13209,r10i1p1f1,2051,03,02,17.239703783171105,8.575383,2.3246675,2051
13210,r10i1p1f1,2051,03,03,3.0553497271715684,8.844419,0.77484393,2051
13211,r10i1p1f1,2051,03,04,1.085547815187295,10.881163,3.5404441,2051
13212,r10i1p1f1,2051,03,05,0.0,14.011998,1.3671722,2051
13213,r10i1p1f1,2051,03,06,0.0,15.307026,0.3176922,2051
13214,r10i1p1f1,2051,03,07,6.044064924234542,14.599423,1.8304335,2051
13215,r10i1p1f1,2051,03,08,2.0703775268549705,10.987438,5.312491,2051
13216,r10i1p1f1,2051,03,09,3.873759826190412,15.380082,3.9864442,2051
13217,r10i1p1f1,2051,03,10,17.652496106242516,14.76509,5.9234457,2051
13218,r10i1p1f1,2051,03,11,16.89889292297027,13.1143,7.6647916,2051
13219,r10i1p1f1,2051,03,12,0.0,16.5734,3.86864,2051
13220,r10i1p1f1,2051,03,13,0.8362946978198388,21.073656,7.517775,2051
13221,r10i1p1f1,2051,03,14,0.0,22.492498,7.18626,2051
13222,r10i1p1f1,2051,03,15,0.6575206734659763,20.29669,7.870325,2051
13223,r10i1p1f1,2051,03,16,50.44088479572613,15.552283,8.311517,2051
13224,r10i1p1f1,2051,03,17,18.801899994937948,11.650739,3.485823,2051
13225,r10i1p1f1,2051,03,18,4.029315384417187,9.973292,3.6004333,2051
13226,r10i1p1f1,2051,03,19,0.0,15.46684,2.5313716,2051
13227,r10i1p1f1,2051,03,20,0.0,21.02094,6.428006,2051
13228,r10i1p1f1,2051,03,21,17.25062407265221,18.185665,7.2992263,2051
13229,r10i1p1f1,2051,03,22,11.38707917761119,13.576198,8.465981,2051
13230,r10i1p1f1,2051,03,23,0.0,14.328167,5.601133,2051
13231,r10i1p1f1,2051,03,24,0.0,16.19556,1.3848734,2051
13232,r10i1p1f1,2051,03,25,10.855429626443717,15.035961,5.958464,2051
13233,r10i1p1f1,2051,03,26,16.313957812197163,13.195804,6.961434,2051
13234,r10i1p1f1,2051,03,27,21.470221792007674,14.328115,5.0310435,2051
13235,r10i1p1f1,2051,03,28,1.378670506551316,15.426868,5.1915965,2051
13236,r10i1p1f1,2051,03,29,10.469463490727847,16.135735,4.6111207,2051
13237,r10i1p1f1,2051,03,30,48.6748374122391,14.661706,8.126643,2051
13238,r10i1p1f1,2051,03,31,7.6710285837371455,12.30245,5.3717103,2051
13239,r10i1p1f1,2051,04,01,9.107480756230009,10.434999,1.7375841,2051
13240,r10i1p1f1,2051,04,02,0.0,14.230629,2.3098562,2051
13241,r10i1p1f1,2051,04,03,0.0,15.007648,2.5524015,2051
13242,r10i1p1f1,2051,04,04,0.0,18.291002,2.663735,2051
13243,r10i1p1f1,2051,04,05,0.0,17.732367,3.449201,2051
13244,r10i1p1f1,2051,04,06,0.6627348167584339,14.979468,3.1143093,2051
13245,r10i1p1f1,2051,04,07,0.3552330702261411,15.88624,1.6834664,2051
13246,r10i1p1f1,2051,04,08,0.0,20.020535,4.7420244,2051
13247,r10i1p1f1,2051,04,09,0.0,22.385717,5.6859035,2051
13248,r10i1p1f1,2051,04,10,0.0,21.187147,5.90445,2051
13249,r10i1p1f1,2051,04,11,0.0,19.363173,7.1391377,2051
13250,r10i1p1f1,2051,04,12,0.0,18.18125,4.70891,2051
13251,r10i1p1f1,2051,04,13,0.0,22.131924,5.8179812,2051
13252,r10i1p1f1,2051,04,14,0.0,23.54248,8.164589,2051
13253,r10i1p1f1,2051,04,15,0.0,23.374107,9.282295,2051
13254,r10i1p1f1,2051,04,16,0.0,24.176022,7.9126306,2051
13255,r10i1p1f1,2051,04,17,0.0,24.510292,9.896944,2051
13256,r10i1p1f1,2051,04,18,1.384307542072125,22.414974,8.244859,2051
13257,r10i1p1f1,2051,04,19,0.0,29.091787,9.937381,2051
13258,r10i1p1f1,2051,04,20,0.0,28.277607,11.758381,2051
13259,r10i1p1f1,2051,04,21,0.0,27.122778,13.866773,2051
13260,r10i1p1f1,2051,04,22,0.0,29.381113,11.920145,2051
13261,r10i1p1f1,2051,04,23,0.0,31.681654,16.789328,2051
13262,r10i1p1f1,2051,04,24,0.14617223584393382,23.568924,9.118629,2051
13263,r10i1p1f1,2051,04,25,0.5921445842097072,24.844633,9.881793,2051
13264,r10i1p1f1,2051,04,26,0.0,25.582449,11.9660845,2051
13265,r10i1p1f1,2051,04,27,1.3473509287283185,19.115631,6.0981455,2051
13266,r10i1p1f1,2051,04,28,1.594254902815201,19.247547,5.4918013,2051
13267,r10i1p1f1,2051,04,29,0.0,20.362947,6.390518,2051
13268,r10i1p1f1,2051,04,30,0.0,19.659088,5.4644113,2051
13269,r10i1p1f1,2051,05,01,5.100293548850076,17.861343,4.7704916,2051
13270,r10i1p1f1,2051,05,02,0.030506813556329643,23.756556,8.414631,2051
13271,r10i1p1f1,2051,05,03,0.0,25.948822,11.698576,2051
13272,r10i1p1f1,2051,05,04,0.0,30.494577,13.2376795,2051
13273,r10i1p1f1,2051,05,05,0.0,30.842266,15.802314,2051
13274,r10i1p1f1,2051,05,06,0.0,31.14494,17.725126,2051
13275,r10i1p1f1,2051,05,07,0.0,32.64674,17.19957,2051
13276,r10i1p1f1,2051,05,08,0.0,31.246107,16.609175,2051
13277,r10i1p1f1,2051,05,09,0.0,34.459248,17.346292,2051
13278,r10i1p1f1,2051,05,10,0.0,33.430904,18.709105,2051
13279,r10i1p1f1,2051,05,11,0.0,33.99137,16.98091,2051
13280,r10i1p1f1,2051,05,12,0.0,32.28421,15.698541,2051
13281,r10i1p1f1,2051,05,13,0.0,30.05748,13.817324,2051
13282,r10i1p1f1,2051,05,14,0.0,29.653193,14.452465,2051
13283,r10i1p1f1,2051,05,15,0.0,25.152956,11.197071,2051
13284,r10i1p1f1,2051,05,16,0.0,24.169922,8.598043,2051
13285,r10i1p1f1,2051,05,17,0.0,24.220863,8.687991,2051
13286,r10i1p1f1,2051,05,18,0.0,23.60275,8.156382,2051
13287,r10i1p1f1,2051,05,19,0.4939665124478971,20.793602,6.5987687,2051
13288,r10i1p1f1,2051,05,20,0.0,21.751389,5.714608,2051
13289,r10i1p1f1,2051,05,21,0.0,26.890783,11.582942,2051
13290,r10i1p1f1,2051,05,22,0.0,30.112947,14.1441555,2051
13291,r10i1p1f1,2051,05,23,0.0,31.95844,15.338059,2051
13292,r10i1p1f1,2051,05,24,0.0,31.604877,16.288036,2051
13293,r10i1p1f1,2051,05,25,0.0,31.707106,14.129554,2051
13294,r10i1p1f1,2051,05,26,0.0,35.456177,19.153337,2051
13295,r10i1p1f1,2051,05,27,0.0,34.975513,20.532173,2051
13296,r10i1p1f1,2051,05,28,0.0,34.52654,19.09083,2051
13297,r10i1p1f1,2051,05,29,0.0,34.580105,17.692486,2051
13298,r10i1p1f1,2051,05,30,0.0,35.64865,19.763985,2051
13299,r10i1p1f1,2051,05,31,0.0,36.702496,22.11322,2051
13300,r10i1p1f1,2051,06,01,0.0,37.3052,21.466042,2051
13301,r10i1p1f1,2051,06,02,0.0,36.049774,20.151312,2051
13302,r10i1p1f1,2051,06,03,0.0,31.792557,16.43892,2051
13303,r10i1p1f1,2051,06,04,0.0,35.915745,18.344955,2051
13304,r10i1p1f1,2051,06,05,0.0,35.59091,18.751429,2051
13305,r10i1p1f1,2051,06,06,0.0,35.26892,21.078796,2051
13306,r10i1p1f1,2051,06,07,0.0,31.315607,15.827338,2051
13307,r10i1p1f1,2051,06,08,0.014747912102489193,28.310312,16.342505,2051
13308,r10i1p1f1,2051,06,09,0.0,31.946402,15.432463,2051
13309,r10i1p1f1,2051,06,10,0.0,34.657753,17.389502,2051
13310,r10i1p1f1,2051,06,11,0.0,35.47144,18.668125,2051
13311,r10i1p1f1,2051,06,12,0.0,39.840076,22.02157,2051
13312,r10i1p1f1,2051,06,13,0.0,34.502,18.986639,2051
13313,r10i1p1f1,2051,06,14,0.0,37.37167,23.094185,2051
13314,r10i1p1f1,2051,06,15,0.0,36.32834,20.418325,2051
13315,r10i1p1f1,2051,06,16,0.0,36.879997,19.578976,2051
13316,r10i1p1f1,2051,06,17,0.0,35.217056,17.960855,2051
13317,r10i1p1f1,2051,06,18,0.0,29.809904,15.276013,2051
13318,r10i1p1f1,2051,06,19,0.02281890422301857,25.560604,11.774225,2051
13319,r10i1p1f1,2051,06,20,0.0,25.075058,10.45457,2051
13320,r10i1p1f1,2051,06,21,0.0,28.127075,12.076647,2051
13321,r10i1p1f1,2051,06,22,0.0,31.446617,12.986001,2051
13322,r10i1p1f1,2051,06,23,0.0,36.62442,15.839558,2051
13323,r10i1p1f1,2051,06,24,0.0,37.66771,19.551342,2051
13324,r10i1p1f1,2051,06,25,1.5759376451330211,30.18695,13.082438,2051
13325,r10i1p1f1,2051,06,26,0.0,37.254547,18.954552,2051
13326,r10i1p1f1,2051,06,27,0.0,36.26447,18.565016,2051
13327,r10i1p1f1,2051,06,28,0.0,35.188747,18.937544,2051
13328,r10i1p1f1,2051,06,29,0.0,34.676178,18.02472,2051
13329,r10i1p1f1,2051,06,30,0.0,32.22822,15.830324,2051
13330,r10i1p1f1,2051,07,01,0.0,29.98445,14.942254,2051
13331,r10i1p1f1,2051,07,02,0.0,32.25429,14.897247,2051
13332,r10i1p1f1,2051,07,03,0.0,31.768213,15.322155,2051
13333,r10i1p1f1,2051,07,04,0.0,31.693356,15.788006,2051
13334,r10i1p1f1,2051,07,05,0.0,31.176367,14.401091,2051
13335,r10i1p1f1,2051,07,06,0.13206039270938308,26.027864,12.485847,2051
13336,r10i1p1f1,2051,07,07,0.22090557454487825,19.128107,13.507501,2051
13337,r10i1p1f1,2051,07,08,0.0,28.655437,8.744637,2051
13338,r10i1p1f1,2051,07,09,0.0,29.190298,12.334315,2051
13339,r10i1p1f1,2051,07,10,0.0,28.648127,13.672528,2051
13340,r10i1p1f1,2051,07,11,0.0,30.614445,12.27802,2051
13341,r10i1p1f1,2051,07,12,0.0,34.180813,15.814141,2051
13342,r10i1p1f1,2051,07,13,0.0,34.777515,16.92951,2051
13343,r10i1p1f1,2051,07,14,0.0,35.241802,18.41232,2051
13344,r10i1p1f1,2051,07,15,0.0,36.41554,19.121088,2051
13345,r10i1p1f1,2051,07,16,0.0,37.937687,20.779383,2051
13346,r10i1p1f1,2051,07,17,0.0,38.230736,21.02923,2051
13347,r10i1p1f1,2051,07,18,0.0,37.36054,20.098085,2051
13348,r10i1p1f1,2051,07,19,0.0,33.693645,17.105413,2051
13349,r10i1p1f1,2051,07,20,0.0,31.338802,15.598642,2051
13350,r10i1p1f1,2051,07,21,0.0,31.142645,13.146919,2051
13351,r10i1p1f1,2051,07,22,0.0,32.73505,14.605053,2051
13352,r10i1p1f1,2051,07,23,0.0,34.219105,16.170027,2051
13353,r10i1p1f1,2051,07,24,0.0,36.536987,17.950596,2051
13354,r10i1p1f1,2051,07,25,0.0,39.42931,20.426046,2051
13355,r10i1p1f1,2051,07,26,0.0,39.22688,21.609743,2051
13356,r10i1p1f1,2051,07,27,0.0,38.50452,21.47408,2051
13357,r10i1p1f1,2051,07,28,0.0,38.92611,22.505348,2051
13358,r10i1p1f1,2051,07,29,0.0,38.261333,21.93367,2051
13359,r10i1p1f1,2051,07,30,0.0,39.211212,21.34544,2051
13360,r10i1p1f1,2051,07,31,0.0,38.595955,22.728941,2051
13361,r10i1p1f1,2051,08,01,0.0,38.188892,22.567844,2051
13362,r10i1p1f1,2051,08,02,0.0,39.577892,21.012108,2051
13363,r10i1p1f1,2051,08,03,0.0,39.192535,20.615795,2051
13364,r10i1p1f1,2051,08,04,0.0,38.731594,20.792944,2051
13365,r10i1p1f1,2051,08,05,0.0,38.141552,21.481058,2051
13366,r10i1p1f1,2051,08,06,0.0,38.0537,20.730099,2051
13367,r10i1p1f1,2051,08,07,0.0,39.56391,20.386297,2051
13368,r10i1p1f1,2051,08,08,0.0,39.004997,21.208664,2051
13369,r10i1p1f1,2051,08,09,0.0,38.23002,20.69729,2051
13370,r10i1p1f1,2051,08,10,0.0,37.42314,20.873438,2051
13371,r10i1p1f1,2051,08,11,0.0,34.420937,18.322575,2051
13372,r10i1p1f1,2051,08,12,0.0,32.5319,16.66026,2051
13373,r10i1p1f1,2051,08,13,0.0,29.680523,12.7462435,2051
13374,r10i1p1f1,2051,08,14,0.0,26.225563,10.45419,2051
13375,r10i1p1f1,2051,08,15,0.0,25.412558,9.8382015,2051
13376,r10i1p1f1,2051,08,16,0.0,26.62659,10.256107,2051
13377,r10i1p1f1,2051,08,17,0.0,29.392649,11.4196615,2051
13378,r10i1p1f1,2051,08,18,0.0,29.984888,13.614065,2051
13379,r10i1p1f1,2051,08,19,0.0,29.376593,13.341576,2051
13380,r10i1p1f1,2051,08,20,0.0,30.440092,12.168968,2051
13381,r10i1p1f1,2051,08,21,0.0,30.096422,12.772928,2051
13382,r10i1p1f1,2051,08,22,0.0,29.239422,12.780565,2051
13383,r10i1p1f1,2051,08,23,0.0,28.451735,11.959492,2051
13384,r10i1p1f1,2051,08,24,0.0,27.694342,11.979818,2051
13385,r10i1p1f1,2051,08,25,0.0,25.589806,10.785443,2051
13386,r10i1p1f1,2051,08,26,0.0,31.788406,12.919891,2051
13387,r10i1p1f1,2051,08,27,0.0,35.602398,16.830225,2051
13388,r10i1p1f1,2051,08,28,0.0,34.558353,17.830172,2051
13389,r10i1p1f1,2051,08,29,0.0,33.1234,16.90949,2051
13390,r10i1p1f1,2051,08,30,0.0,34.077595,17.043865,2051
13391,r10i1p1f1,2051,08,31,0.0,36.463947,16.828588,2051
13392,r10i1p1f1,2051,09,01,0.0,36.10432,20.072412,2051
13393,r10i1p1f1,2051,09,02,0.0,37.329994,19.426563,2051
13394,r10i1p1f1,2051,09,03,0.0,39.221367,20.93033,2051
13395,r10i1p1f1,2051,09,04,0.0,41.56913,23.51831,2051
13396,r10i1p1f1,2051,09,05,0.0,41.013622,23.190018,2051
13397,r10i1p1f1,2051,09,06,0.0,41.60094,25.188599,2051
13398,r10i1p1f1,2051,09,07,0.0,39.4766,21.77123,2051
13399,r10i1p1f1,2051,09,08,0.0,39.14799,21.167662,2051
13400,r10i1p1f1,2051,09,09,0.0,39.217453,22.251501,2051
13401,r10i1p1f1,2051,09,10,0.0,39.050304,21.569492,2051
13402,r10i1p1f1,2051,09,11,0.0,37.38081,18.859306,2051
13403,r10i1p1f1,2051,09,12,0.0,30.883165,14.268146,2051
13404,r10i1p1f1,2051,09,13,0.0,26.99006,11.311043,2051
13405,r10i1p1f1,2051,09,14,0.0,25.376348,10.221908,2051
13406,r10i1p1f1,2051,09,15,0.0,32.45365,12.864093,2051
13407,r10i1p1f1,2051,09,16,0.0,37.100067,18.575682,2051
13408,r10i1p1f1,2051,09,17,0.0,37.08007,19.201593,2051
13409,r10i1p1f1,2051,09,18,0.0,36.301216,19.065893,2051
13410,r10i1p1f1,2051,09,19,0.0,31.42467,14.929965,2051
13411,r10i1p1f1,2051,09,20,0.0,25.585909,12.265532,2051
13412,r10i1p1f1,2051,09,21,0.0,29.788683,13.526088,2051
13413,r10i1p1f1,2051,09,22,51.42440443221284,32.85312,20.938248,2051
13414,r10i1p1f1,2051,09,23,80.13082645024713,21.745968,10.828529,2051
13415,r10i1p1f1,2051,09,24,1.3190853031741618,19.200909,8.051444,2051
13416,r10i1p1f1,2051,09,25,0.0,26.264168,9.910362,2051
13417,r10i1p1f1,2051,09,26,0.0,26.896011,12.724037,2051
13418,r10i1p1f1,2051,09,27,0.0,26.795233,13.188632,2051
13419,r10i1p1f1,2051,09,28,0.0,25.793644,12.518158,2051
13420,r10i1p1f1,2051,09,29,0.0,28.135948,13.228195,2051
13421,r10i1p1f1,2051,09,30,0.0,28.697025,14.506299,2051
13422,r10i1p1f1,2051,10,01,0.0,31.27584,15.801225,2051
13423,r10i1p1f1,2051,10,02,0.0,33.594822,18.166956,2051
13424,r10i1p1f1,2051,10,03,0.0,34.60821,17.551706,2051
13425,r10i1p1f1,2051,10,04,0.0,33.65152,18.040789,2051
13426,r10i1p1f1,2051,10,05,0.0,31.079205,17.9315,2051
13427,r10i1p1f1,2051,10,06,0.0,29.376244,15.672585,2051
13428,r10i1p1f1,2051,10,07,32.93903433154092,26.419989,11.642173,2051
13429,r10i1p1f1,2051,10,08,47.664186622224456,18.03896,11.653665,2051
13430,r10i1p1f1,2051,10,09,67.40280347508623,16.726027,10.648582,2051
13431,r10i1p1f1,2051,10,10,1.8697742856602417,18.648546,6.0632052,2051
13432,r10i1p1f1,2051,10,11,0.0,21.548208,7.396436,2051
13433,r10i1p1f1,2051,10,12,0.0,23.92448,11.0645895,2051
13434,r10i1p1f1,2051,10,13,0.0,24.0964,10.620018,2051
13435,r10i1p1f1,2051,10,14,0.0,23.773018,10.924032,2051
13436,r10i1p1f1,2051,10,15,0.0,23.885416,11.206887,2051
13437,r10i1p1f1,2051,10,16,0.0,24.353434,10.725406,2051
13438,r10i1p1f1,2051,10,17,0.0,25.378654,12.936729,2051
13439,r10i1p1f1,2051,10,18,0.0,25.60291,12.330604,2051
13440,r10i1p1f1,2051,10,19,0.0,26.006033,9.6690645,2051
13441,r10i1p1f1,2051,10,20,0.0,28.244484,10.150072,2051
13442,r10i1p1f1,2051,10,21,0.0,28.383245,13.87293,2051
13443,r10i1p1f1,2051,10,22,0.0,24.572296,10.360558,2051
13444,r10i1p1f1,2051,10,23,0.0,23.197323,9.178063,2051
13445,r10i1p1f1,2051,10,24,0.0,22.80049,10.024242,2051
13446,r10i1p1f1,2051,10,25,0.0,20.126043,10.608166,2051
13447,r10i1p1f1,2051,10,26,58.96472561013836,18.96493,12.226288,2051
13448,r10i1p1f1,2051,10,27,0.5659568682011994,18.890095,8.308143,2051
13449,r10i1p1f1,2051,10,28,0.0,22.626823,8.191155,2051
13450,r10i1p1f1,2051,10,29,0.0,24.814342,9.07268,2051
13451,r10i1p1f1,2051,10,30,0.0,26.246178,11.84169,2051
13452,r10i1p1f1,2051,10,31,0.0,25.784903,13.373807,2051
13453,r10i1p1f1,2051,11,01,0.0,25.521753,12.839556,2051
13454,r10i1p1f1,2051,11,02,0.0,25.157013,10.796025,2051
13455,r10i1p1f1,2051,11,03,13.27853746418106,23.34117,13.1115465,2051
13456,r10i1p1f1,2051,11,04,31.79312419930571,18.393251,11.750054,2051
13457,r10i1p1f1,2051,11,05,4.625169916701117,18.832905,14.672774,2051
13458,r10i1p1f1,2051,11,06,4.893574544889577,18.827042,13.543521,2051
13459,r10i1p1f1,2051,11,07,6.156955911865225,20.552248,12.533618,2051
13460,r10i1p1f1,2051,11,08,0.0,19.849186,7.960242,2051
13461,r10i1p1f1,2051,11,09,0.0,19.307497,9.698163,2051
13462,r10i1p1f1,2051,11,10,0.0,21.13494,6.674583,2051
13463,r10i1p1f1,2051,11,11,15.882793136284148,22.686834,11.769149,2051
13464,r10i1p1f1,2051,11,12,0.0,17.250383,5.9757633,2051
13465,r10i1p1f1,2051,11,13,0.0,16.568182,3.9876685,2051
13466,r10i1p1f1,2051,11,14,0.0,17.374266,5.7989244,2051
13467,r10i1p1f1,2051,11,15,0.0,19.818138,2.4460409,2051
13468,r10i1p1f1,2051,11,16,0.0,18.981136,9.940809,2051
13469,r10i1p1f1,2051,11,17,3.054264282816707,16.855288,10.331861,2051
13470,r10i1p1f1,2051,11,18,10.745571754140608,15.770667,10.736859,2051
13471,r10i1p1f1,2051,11,19,0.0,14.0670185,6.8541036,2051
13472,r10i1p1f1,2051,11,20,0.26420805457555135,16.056055,6.230908,2051
13473,r10i1p1f1,2051,11,21,19.77172079067187,14.682587,4.2380457,2051
13474,r10i1p1f1,2051,11,22,9.19598780413875,10.677799,4.7963,2051
13475,r10i1p1f1,2051,11,23,4.673973068120655,10.155245,3.2318032,2051
13476,r10i1p1f1,2051,11,24,0.4615556517699971,10.592415,2.283386,2051
13477,r10i1p1f1,2051,11,25,0.006019042771903945,12.336698,0.30601743,2051
13478,r10i1p1f1,2051,11,26,0.0,13.029959,0.10074836,2051
13479,r10i1p1f1,2051,11,27,3.3599338792986315,9.049267,-1.8675605,2051
13480,r10i1p1f1,2051,11,28,0.12465004788521726,9.539928,-1.9809253,2051
13481,r10i1p1f1,2051,11,29,0.0,9.862345,-3.2113743,2051
13482,r10i1p1f1,2051,11,30,0.0,10.82607,-4.049697,2051
13483,r10i1p1f1,2051,12,01,0.0,11.382627,0.27884653,2051
13484,r10i1p1f1,2051,12,02,0.0,11.1768875,2.213658,2051
13485,r10i1p1f1,2051,12,03,0.0,10.888115,1.6942514,2051
13486,r10i1p1f1,2051,12,04,0.0,14.018834,1.8976094,2051
13487,r10i1p1f1,2051,12,05,0.0,11.664966,0.19412914,2051
13488,r10i1p1f1,2051,12,06,0.18610676292346875,7.861301,-1.2222683,2051
13489,r10i1p1f1,2051,12,07,0.0,11.025858,-0.73381,2051
13490,r10i1p1f1,2051,12,08,0.0,11.385621,-0.41789246,2051
13491,r10i1p1f1,2051,12,09,0.0,12.310564,0.57067126,2051
13492,r10i1p1f1,2051,12,10,0.0,12.150546,0.9867584,2051
13493,r10i1p1f1,2051,12,11,0.0,17.604103,5.97304,2051
13494,r10i1p1f1,2051,12,12,0.0,16.364237,8.066779,2051
13495,r10i1p1f1,2051,12,13,21.915033960555633,12.998931,4.1091805,2051
13496,r10i1p1f1,2051,12,14,95.37224931470854,17.407356,6.9100327,2051
13497,r10i1p1f1,2051,12,15,65.84911425536694,16.710373,11.251299,2051
13498,r10i1p1f1,2051,12,16,17.96894566451604,13.056519,7.043862,2051
13499,r10i1p1f1,2051,12,17,0.0,13.191272,3.6576815,2051
13500,r10i1p1f1,2051,12,18,0.0,11.819599,4.591768,2051
13501,r10i1p1f1,2051,12,19,35.540470540964684,11.023789,3.8964431,2051
13502,r10i1p1f1,2051,12,20,0.0,10.677757,0.27552995,2051
13503,r10i1p1f1,2051,12,21,0.0,12.029561,2.502119,2051
13504,r10i1p1f1,2051,12,22,0.0,12.901675,2.0595765,2051
13505,r10i1p1f1,2051,12,23,0.0,14.2187195,2.691876,2051
13506,r10i1p1f1,2051,12,24,0.0,16.098116,4.449186,2051
13507,r10i1p1f1,2051,12,25,0.0,19.418425,7.4074836,2051
13508,r10i1p1f1,2051,12,26,0.0,18.272346,8.056766,2051
13509,r10i1p1f1,2051,12,27,29.49167066314993,12.419613,6.349577,2051
13510,r10i1p1f1,2051,12,28,0.0,14.253685,2.1646638,2051
13511,r10i1p1f1,2051,12,29,0.0,14.110329,4.3168526,2051
13512,r10i1p1f1,2051,12,30,0.8066766255835415,10.642648,3.2485225,2051
13513,r10i1p1f1,2051,12,31,0.0,13.180326,1.1285728,2051
13514,r10i1p1f1,2052,01,01,0.0,12.996421,1.8325412,2052
13515,r10i1p1f1,2052,01,02,0.0,12.63085,1.2484598,2052
13516,r10i1p1f1,2052,01,03,0.0,13.489427,0.30410185,2052
13517,r10i1p1f1,2052,01,04,0.0,15.478142,2.510463,2052
13518,r10i1p1f1,2052,01,05,0.0,16.229385,3.1994445,2052
13519,r10i1p1f1,2052,01,06,0.0,14.909973,3.3925176,2052
13520,r10i1p1f1,2052,01,07,0.0,14.260119,1.5936643,2052
13521,r10i1p1f1,2052,01,08,0.0,14.376518,2.2609577,2052
13522,r10i1p1f1,2052,01,09,3.5952837794531276,9.512618,2.205081,2052
13523,r10i1p1f1,2052,01,10,0.0694039335557088,11.5463915,3.7455082,2052
13524,r10i1p1f1,2052,01,11,0.0,12.472046,0.56473583,2052
13525,r10i1p1f1,2052,01,12,0.0,14.683199,2.115635,2052
13526,r10i1p1f1,2052,01,13,0.0,15.269769,4.4629784,2052
13527,r10i1p1f1,2052,01,14,0.0,17.322533,6.179686,2052
13528,r10i1p1f1,2052,01,15,0.0,19.15901,5.960732,2052
13529,r10i1p1f1,2052,01,16,0.0,17.862032,4.9140177,2052
13530,r10i1p1f1,2052,01,17,0.0,15.914727,2.7299964,2052
13531,r10i1p1f1,2052,01,18,0.0,14.603814,2.2996616,2052
13532,r10i1p1f1,2052,01,19,0.0,16.461962,2.958451,2052
13533,r10i1p1f1,2052,01,20,0.0,15.7668085,4.5762296,2052
13534,r10i1p1f1,2052,01,21,0.1969814906368284,13.298065,5.2542458,2052
13535,r10i1p1f1,2052,01,22,0.0,15.647029,4.7663364,2052
13536,r10i1p1f1,2052,01,23,0.0,17.738047,4.9514194,2052
13537,r10i1p1f1,2052,01,24,0.0,18.68318,5.4725695,2052
13538,r10i1p1f1,2052,01,25,0.0,18.59227,5.3841805,2052
13539,r10i1p1f1,2052,01,26,0.0,20.165106,6.756758,2052
13540,r10i1p1f1,2052,01,27,0.0,21.11214,7.681982,2052
13541,r10i1p1f1,2052,01,28,0.0,19.80883,7.821896,2052
13542,r10i1p1f1,2052,01,29,0.0,17.439045,8.162085,2052
13543,r10i1p1f1,2052,01,30,0.0,18.98518,5.838887,2052
13544,r10i1p1f1,2052,01,31,0.0,20.317709,6.208574,2052
13545,r10i1p1f1,2052,02,01,0.0,19.277285,6.6030436,2052
13546,r10i1p1f1,2052,02,02,9.168959083188767,13.219377,4.961168,2052
13547,r10i1p1f1,2052,02,03,0.14189576230771644,16.285355,2.909397,2052
13548,r10i1p1f1,2052,02,04,0.0,15.891831,3.5186849,2052
13549,r10i1p1f1,2052,02,05,0.0,18.40677,4.784492,2052
13550,r10i1p1f1,2052,02,06,0.0,18.836637,5.6674247,2052
13551,r10i1p1f1,2052,02,07,0.0,17.003637,5.1463094,2052
13552,r10i1p1f1,2052,02,08,0.0,14.1303425,1.1942623,2052
13553,r10i1p1f1,2052,02,09,0.037613860392507616,11.272226,0.59401983,2052
13554,r10i1p1f1,2052,02,10,0.0,12.464414,0.3841629,2052
13555,r10i1p1f1,2052,02,11,0.0,12.805057,0.35824865,2052
13556,r10i1p1f1,2052,02,12,0.0,12.890768,1.5940588,2052
13557,r10i1p1f1,2052,02,13,0.0,16.750874,2.8481843,2052
13558,r10i1p1f1,2052,02,14,0.05554575726531957,17.03315,5.9384313,2052
13559,r10i1p1f1,2052,02,15,35.07045033007958,11.892163,2.0547357,2052
13560,r10i1p1f1,2052,02,16,34.85114475418078,12.023038,6.323391,2052
13561,r10i1p1f1,2052,02,17,91.91544698918925,11.621683,2.8482966,2052
13562,r10i1p1f1,2052,02,18,9.262402592656528,8.174449,3.7708929,2052
13563,r10i1p1f1,2052,02,19,0.0,13.729201,2.4346778,2052
13564,r10i1p1f1,2052,02,20,0.0,13.4968,0.017721076,2052
13565,r10i1p1f1,2052,02,21,0.0,13.860051,0.4029031,2052
13566,r10i1p1f1,2052,02,22,0.0,15.043152,1.9872147,2052
13567,r10i1p1f1,2052,02,23,0.0,16.287954,3.1382637,2052
13568,r10i1p1f1,2052,02,24,0.0,17.86486,4.635507,2052
13569,r10i1p1f1,2052,02,25,0.0,19.539892,5.596802,2052
13570,r10i1p1f1,2052,02,26,0.0,19.12845,6.680871,2052
13571,r10i1p1f1,2052,02,27,0.0,19.02457,6.0265794,2052
13572,r10i1p1f1,2052,02,28,0.0,21.080069,7.211251,2052
13573,r10i1p1f1,2052,02,29,0.0,20.67983,8.076164,2052
13574,r10i1p1f1,2052,03,01,0.0,21.25954,7.003533,2052
13575,r10i1p1f1,2052,03,02,0.0,21.534357,7.750776,2052
13576,r10i1p1f1,2052,03,03,0.0,23.964186,10.762479,2052
13577,r10i1p1f1,2052,03,04,0.0,25.08461,8.791083,2052
13578,r10i1p1f1,2052,03,05,0.0,23.34924,9.174905,2052
13579,r10i1p1f1,2052,03,06,0.0,23.858635,11.942009,2052
13580,r10i1p1f1,2052,03,07,0.3101778216707891,17.183157,7.3701644,2052
13581,r10i1p1f1,2052,03,08,0.0,18.019094,4.1223006,2052
13582,r10i1p1f1,2052,03,09,0.0,20.13296,6.5375,2052
13583,r10i1p1f1,2052,03,10,0.0,20.600424,7.3032484,2052
13584,r10i1p1f1,2052,03,11,0.0,23.924902,9.81491,2052
13585,r10i1p1f1,2052,03,12,0.0,23.63656,9.070261,2052
13586,r10i1p1f1,2052,03,13,0.0,18.957771,5.8350773,2052
13587,r10i1p1f1,2052,03,14,0.0,20.536646,5.860251,2052
13588,r10i1p1f1,2052,03,15,0.0,21.053843,5.597216,2052
13589,r10i1p1f1,2052,03,16,0.0,20.206179,4.768139,2052
13590,r10i1p1f1,2052,03,17,0.23599666302815372,14.918518,3.6684072,2052
13591,r10i1p1f1,2052,03,18,46.09858062743258,12.255775,4.2761455,2052
13592,r10i1p1f1,2052,03,19,18.46060234606021,9.872095,4.2321153,2052
13593,r10i1p1f1,2052,03,20,7.394207028463777,10.714459,5.3723054,2052
13594,r10i1p1f1,2052,03,21,4.3714539732670685,14.450801,5.9571037,2052
13595,r10i1p1f1,2052,03,22,0.6819990764525803,14.792922,5.92674,2052
13596,r10i1p1f1,2052,03,23,0.024165396998317813,15.881643,7.1739693,2052
13597,r10i1p1f1,2052,03,24,15.176631926825442,14.977642,9.232562,2052
13598,r10i1p1f1,2052,03,25,25.377761526148166,14.882215,9.658987,2052
13599,r10i1p1f1,2052,03,26,1.0794359712929833,15.233514,6.2915626,2052
13600,r10i1p1f1,2052,03,27,0.0,13.799192,1.7230979,2052
13601,r10i1p1f1,2052,03,28,0.0,14.88027,1.4348396,2052
13602,r10i1p1f1,2052,03,29,0.0,14.95923,0.5678434,2052
13603,r10i1p1f1,2052,03,30,0.0,13.957481,0.88103825,2052
13604,r10i1p1f1,2052,03,31,0.0,13.120374,-1.2985271,2052
13605,r10i1p1f1,2052,04,01,3.394558556364676,11.332337,1.8056669,2052
13606,r10i1p1f1,2052,04,02,1.2904171379264688,9.842405,-1.8329064,2052
13607,r10i1p1f1,2052,04,03,21.973376911697223,12.258012,1.4076239,2052
13608,r10i1p1f1,2052,04,04,0.0,16.4709,0.88830304,2052
13609,r10i1p1f1,2052,04,05,0.0,18.607271,4.136625,2052
13610,r10i1p1f1,2052,04,06,0.12270844769629644,17.383856,4.641865,2052
13611,r10i1p1f1,2052,04,07,3.21471327892811,16.55046,1.083347,2052
13612,r10i1p1f1,2052,04,08,0.19023168470563465,17.654173,3.8775454,2052
13613,r10i1p1f1,2052,04,09,0.0,20.87961,5.1397433,2052
13614,r10i1p1f1,2052,04,10,0.0,23.016024,5.8533463,2052
13615,r10i1p1f1,2052,04,11,0.0,23.619013,6.620035,2052
13616,r10i1p1f1,2052,04,12,0.0,22.45492,7.589589,2052
13617,r10i1p1f1,2052,04,13,0.0,15.174909,1.0028534,2052
13618,r10i1p1f1,2052,04,14,0.0,17.884378,2.582799,2052
13619,r10i1p1f1,2052,04,15,0.0,17.728203,3.7463543,2052
13620,r10i1p1f1,2052,04,16,17.50667387448055,13.653004,3.763598,2052
13621,r10i1p1f1,2052,04,17,6.528052417630342,12.834552,2.5057461,2052
13622,r10i1p1f1,2052,04,18,0.2465220415711213,16.320152,1.8973087,2052
13623,r10i1p1f1,2052,04,19,0.0,16.294117,2.7600439,2052
13624,r10i1p1f1,2052,04,20,0.0,19.064924,3.4053128,2052
13625,r10i1p1f1,2052,04,21,0.0,21.465237,6.123412,2052
13626,r10i1p1f1,2052,04,22,6.407196446056524,17.828842,4.254074,2052
13627,r10i1p1f1,2052,04,23,0.38446255256483136,13.55526,3.7151458,2052
13628,r10i1p1f1,2052,04,24,41.72423086619299,9.543175,1.924533,2052
13629,r10i1p1f1,2052,04,25,27.712148537638743,8.353725,-0.15282018,2052
13630,r10i1p1f1,2052,04,26,0.39896658585779443,13.451335,0.19659504,2052
13631,r10i1p1f1,2052,04,27,0.0,17.742573,2.3623319,2052
13632,r10i1p1f1,2052,04,28,0.0,20.392235,6.513816,2052
13633,r10i1p1f1,2052,04,29,0.0,24.736973,7.4200253,2052
13634,r10i1p1f1,2052,04,30,0.0,23.952162,9.063104,2052
13635,r10i1p1f1,2052,05,01,0.0,25.998089,9.364239,2052
13636,r10i1p1f1,2052,05,02,0.0,25.757015,11.614274,2052
13637,r10i1p1f1,2052,05,03,0.0,21.49586,8.670252,2052
13638,r10i1p1f1,2052,05,04,0.0,22.446405,6.5201535,2052
13639,r10i1p1f1,2052,05,05,0.0,22.119633,7.256514,2052
13640,r10i1p1f1,2052,05,06,9.810218738316747,13.0201,7.7657256,2052
13641,r10i1p1f1,2052,05,07,1.1010227448291756,14.263386,2.7665257,2052
13642,r10i1p1f1,2052,05,08,0.0,19.99204,3.4052758,2052
13643,r10i1p1f1,2052,05,09,0.0,25.395329,10.169225,2052
13644,r10i1p1f1,2052,05,10,0.0,29.769457,13.772072,2052
13645,r10i1p1f1,2052,05,11,0.0,28.667105,12.193665,2052
13646,r10i1p1f1,2052,05,12,0.2648479591172011,27.150555,11.849908,2052
13647,r10i1p1f1,2052,05,13,0.0,27.017206,11.578493,2052
13648,r10i1p1f1,2052,05,14,0.0,26.584335,9.834226,2052
13649,r10i1p1f1,2052,05,15,0.0,27.368383,10.002521,2052
13650,r10i1p1f1,2052,05,16,0.0,27.034662,9.553701,2052
13651,r10i1p1f1,2052,05,17,0.0,25.41239,8.390112,2052
13652,r10i1p1f1,2052,05,18,0.0,24.139116,8.263736,2052
13653,r10i1p1f1,2052,05,19,0.5648020244878257,17.4441,4.0598884,2052
13654,r10i1p1f1,2052,05,20,0.0,19.369766,3.7272258,2052
13655,r10i1p1f1,2052,05,21,0.0,22.46403,6.3191133,2052
13656,r10i1p1f1,2052,05,22,0.0,28.32936,10.073178,2052
13657,r10i1p1f1,2052,05,23,0.0,29.132809,14.06644,2052
13658,r10i1p1f1,2052,05,24,0.0,30.651865,14.624406,2052
13659,r10i1p1f1,2052,05,25,0.0,32.504333,14.807208,2052
13660,r10i1p1f1,2052,05,26,0.0,32.40382,16.199615,2052
13661,r10i1p1f1,2052,05,27,0.0,29.862844,14.65422,2052
13662,r10i1p1f1,2052,05,28,0.0,27.425787,12.740051,2052
13663,r10i1p1f1,2052,05,29,0.0,25.2234,11.679033,2052
13664,r10i1p1f1,2052,05,30,0.2615365466286484,22.852398,8.920547,2052
13665,r10i1p1f1,2052,05,31,0.0,23.970762,9.776156,2052
13666,r10i1p1f1,2052,06,01,0.0,27.550903,8.841392,2052
13667,r10i1p1f1,2052,06,02,0.0,29.999315,14.283839,2052
13668,r10i1p1f1,2052,06,03,0.0,29.342543,11.663783,2052
13669,r10i1p1f1,2052,06,04,0.0,23.001522,9.051128,2052
13670,r10i1p1f1,2052,06,05,0.0,19.782404,5.1219354,2052
13671,r10i1p1f1,2052,06,06,0.0,23.497265,7.0764933,2052
13672,r10i1p1f1,2052,06,07,0.0,23.365725,9.765185,2052
13673,r10i1p1f1,2052,06,08,0.0,26.462542,7.4741607,2052
13674,r10i1p1f1,2052,06,09,0.0,27.34466,10.540174,2052
13675,r10i1p1f1,2052,06,10,0.0,26.748714,12.156938,2052
13676,r10i1p1f1,2052,06,11,0.0,27.792833,10.199967,2052
13677,r10i1p1f1,2052,06,12,0.0,27.245163,11.686398,2052
13678,r10i1p1f1,2052,06,13,0.0,26.729252,12.273015,2052
13679,r10i1p1f1,2052,06,14,0.0,27.81903,11.052126,2052
13680,r10i1p1f1,2052,06,15,0.0,31.361534,13.525546,2052
13681,r10i1p1f1,2052,06,16,0.0,33.477394,16.480145,2052
13682,r10i1p1f1,2052,06,17,0.0,32.394726,17.30568,2052
13683,r10i1p1f1,2052,06,18,0.0,27.17665,12.931928,2052
13684,r10i1p1f1,2052,06,19,0.0,26.070627,12.795055,2052
13685,r10i1p1f1,2052,06,20,0.0,27.408472,13.618561,2052
13686,r10i1p1f1,2052,06,21,0.0,30.048645,12.7515745,2052
13687,r10i1p1f1,2052,06,22,0.0,32.047806,13.72442,2052
13688,r10i1p1f1,2052,06,23,0.0,31.867779,16.22265,2052
13689,r10i1p1f1,2052,06,24,0.0,33.285553,15.560428,2052
13690,r10i1p1f1,2052,06,25,0.0,34.038055,17.56463,2052
13691,r10i1p1f1,2052,06,26,0.0,32.6208,16.64496,2052
13692,r10i1p1f1,2052,06,27,0.0,31.142328,15.2811775,2052
13693,r10i1p1f1,2052,06,28,0.0,33.407265,15.045875,2052
13694,r10i1p1f1,2052,06,29,0.0,32.852856,15.290961,2052
13695,r10i1p1f1,2052,06,30,0.0,32.358276,14.900943,2052
13696,r10i1p1f1,2052,07,01,0.0,31.507755,12.650633,2052
13697,r10i1p1f1,2052,07,02,0.0,30.517569,12.723651,2052
13698,r10i1p1f1,2052,07,03,0.0,32.018017,13.522252,2052
13699,r10i1p1f1,2052,07,04,0.0,34.94842,17.235014,2052
13700,r10i1p1f1,2052,07,05,0.0,35.705433,17.774279,2052
13701,r10i1p1f1,2052,07,06,0.0,34.873928,17.55157,2052
13702,r10i1p1f1,2052,07,07,0.0,36.144604,18.5599,2052
13703,r10i1p1f1,2052,07,08,0.0,35.496384,19.946766,2052
13704,r10i1p1f1,2052,07,09,0.0,31.172499,15.109497,2052
13705,r10i1p1f1,2052,07,10,0.0,29.809175,13.787726,2052
13706,r10i1p1f1,2052,07,11,0.0,34.626698,15.965257,2052
13707,r10i1p1f1,2052,07,12,0.0,35.087616,17.776615,2052
13708,r10i1p1f1,2052,07,13,0.0,34.47614,19.224266,2052
13709,r10i1p1f1,2052,07,14,0.0,33.670456,16.623957,2052
13710,r10i1p1f1,2052,07,15,0.0,32.591293,16.04748,2052
13711,r10i1p1f1,2052,07,16,0.0,33.42003,15.822226,2052
13712,r10i1p1f1,2052,07,17,0.0,33.025463,16.878967,2052
13713,r10i1p1f1,2052,07,18,0.0,32.16778,14.6597805,2052
13714,r10i1p1f1,2052,07,19,0.0,33.325203,15.227313,2052
13715,r10i1p1f1,2052,07,20,0.0,34.947517,16.677874,2052
13716,r10i1p1f1,2052,07,21,0.0,36.84862,19.7293,2052
13717,r10i1p1f1,2052,07,22,0.0,36.49578,19.484278,2052
13718,r10i1p1f1,2052,07,23,0.0,34.432835,18.56775,2052
13719,r10i1p1f1,2052,07,24,0.0,32.496002,16.166061,2052
13720,r10i1p1f1,2052,07,25,0.0,36.07865,16.799294,2052
13721,r10i1p1f1,2052,07,26,0.0,37.950775,19.612123,2052
13722,r10i1p1f1,2052,07,27,0.0,37.430927,19.693344,2052
13723,r10i1p1f1,2052,07,28,0.0,35.84056,19.152786,2052
13724,r10i1p1f1,2052,07,29,0.0,36.630527,18.66461,2052
13725,r10i1p1f1,2052,07,30,0.0,39.29651,20.346422,2052
13726,r10i1p1f1,2052,07,31,0.0,38.883095,21.30114,2052
13727,r10i1p1f1,2052,08,01,0.0,37.403904,18.34201,2052
13728,r10i1p1f1,2052,08,02,0.0,40.780758,20.96144,2052
13729,r10i1p1f1,2052,08,03,0.0,40.153084,24.755835,2052
13730,r10i1p1f1,2052,08,04,0.0,39.030956,22.36996,2052
13731,r10i1p1f1,2052,08,05,0.0,39.668457,21.881989,2052
13732,r10i1p1f1,2052,08,06,0.0,39.2856,21.50337,2052
13733,r10i1p1f1,2052,08,07,0.0,36.31748,20.099361,2052
13734,r10i1p1f1,2052,08,08,0.0,29.32005,12.420119,2052
13735,r10i1p1f1,2052,08,09,0.0,30.3369,11.928067,2052
13736,r10i1p1f1,2052,08,10,0.0,36.950912,17.784487,2052
13737,r10i1p1f1,2052,08,11,0.0,35.832832,18.676378,2052
13738,r10i1p1f1,2052,08,12,0.0,37.55304,18.531733,2052
13739,r10i1p1f1,2052,08,13,0.0,35.890385,19.852869,2052
13740,r10i1p1f1,2052,08,14,0.0,36.811493,19.971975,2052
13741,r10i1p1f1,2052,08,15,0.0,37.171375,21.003609,2052
13742,r10i1p1f1,2052,08,16,0.0,36.327774,20.88769,2052
13743,r10i1p1f1,2052,08,17,0.0,33.708153,18.959206,2052
13744,r10i1p1f1,2052,08,18,0.0,31.242891,16.382027,2052
13745,r10i1p1f1,2052,08,19,0.0,34.03569,16.026306,2052
13746,r10i1p1f1,2052,08,20,0.0,36.88539,18.800518,2052
13747,r10i1p1f1,2052,08,21,0.11971493873524626,36.276375,21.35661,2052
13748,r10i1p1f1,2052,08,22,0.0,34.72125,17.715902,2052
13749,r10i1p1f1,2052,08,23,0.0,32.772175,15.516029,2052
13750,r10i1p1f1,2052,08,24,0.0,30.11296,14.646374,2052
13751,r10i1p1f1,2052,08,25,0.0,30.050837,14.132562,2052
13752,r10i1p1f1,2052,08,26,0.0,29.14165,12.187137,2052
13753,r10i1p1f1,2052,08,27,0.0,30.466032,13.1608925,2052
13754,r10i1p1f1,2052,08,28,0.0,30.384094,14.960374,2052
13755,r10i1p1f1,2052,08,29,0.0,32.351532,14.507266,2052
13756,r10i1p1f1,2052,08,30,0.0,34.12318,16.057512,2052
13757,r10i1p1f1,2052,08,31,0.0,34.554382,16.293818,2052
13758,r10i1p1f1,2052,09,01,0.0,33.20076,16.155725,2052
13759,r10i1p1f1,2052,09,02,0.0,35.20916,17.991205,2052
13760,r10i1p1f1,2052,09,03,0.0,36.688953,19.144772,2052
13761,r10i1p1f1,2052,09,04,0.0,37.051155,20.642492,2052
13762,r10i1p1f1,2052,09,05,0.0,37.4533,19.61495,2052
13763,r10i1p1f1,2052,09,06,0.0,35.3672,17.977636,2052
13764,r10i1p1f1,2052,09,07,0.0,35.784294,18.734827,2052
13765,r10i1p1f1,2052,09,08,0.0,35.66576,19.305485,2052
13766,r10i1p1f1,2052,09,09,0.0,32.80237,17.401676,2052
13767,r10i1p1f1,2052,09,10,0.0,33.33672,16.818201,2052
13768,r10i1p1f1,2052,09,11,0.0,32.42207,16.176725,2052
13769,r10i1p1f1,2052,09,12,0.0,28.864405,14.750735,2052
13770,r10i1p1f1,2052,09,13,0.0,28.913692,13.557204,2052
13771,r10i1p1f1,2052,09,14,0.0,28.127419,12.974335,2052
13772,r10i1p1f1,2052,09,15,0.0,25.728552,8.32352,2052
13773,r10i1p1f1,2052,09,16,0.0,25.785397,12.140632,2052
13774,r10i1p1f1,2052,09,17,0.0013269795186045628,23.904743,10.042958,2052
13775,r10i1p1f1,2052,09,18,0.0,28.105986,9.838353,2052
13776,r10i1p1f1,2052,09,19,0.0,32.715244,15.252988,2052
13777,r10i1p1f1,2052,09,20,0.0,31.288143,16.18014,2052
13778,r10i1p1f1,2052,09,21,0.0,29.651312,15.530379,2052
13779,r10i1p1f1,2052,09,22,0.0,25.290321,11.544864,2052
13780,r10i1p1f1,2052,09,23,0.24496883745422038,21.644209,9.570023,2052
13781,r10i1p1f1,2052,09,24,0.0,21.218874,7.525097,2052
13782,r10i1p1f1,2052,09,25,0.0,25.086746,10.180087,2052
13783,r10i1p1f1,2052,09,26,0.0,24.779528,9.417116,2052
13784,r10i1p1f1,2052,09,27,0.0,27.18572,10.528506,2052
13785,r10i1p1f1,2052,09,28,0.0,25.72128,10.264757,2052
13786,r10i1p1f1,2052,09,29,0.0,26.85706,9.512795,2052
13787,r10i1p1f1,2052,09,30,0.0,27.038372,12.396251,2052
13788,r10i1p1f1,2052,10,01,0.0,25.323309,10.046699,2052
13789,r10i1p1f1,2052,10,02,0.0,24.484993,10.541232,2052
13790,r10i1p1f1,2052,10,03,0.0,22.617107,8.999672,2052
13791,r10i1p1f1,2052,10,04,0.0,23.120848,7.350801,2052
13792,r10i1p1f1,2052,10,05,0.0,26.84684,9.660777,2052
13793,r10i1p1f1,2052,10,06,0.0,28.604004,12.15818,2052
13794,r10i1p1f1,2052,10,07,0.2791186829151564,33.181076,19.077915,2052
13795,r10i1p1f1,2052,10,08,5.648496500170471,21.149414,8.407504,2052
13796,r10i1p1f1,2052,10,09,0.0,21.236622,4.9130974,2052
13797,r10i1p1f1,2052,10,10,0.0,25.48992,8.00719,2052
13798,r10i1p1f1,2052,10,11,0.0,25.695953,9.509588,2052
13799,r10i1p1f1,2052,10,12,0.0,25.675762,12.335339,2052
13800,r10i1p1f1,2052,10,13,0.0,23.173462,12.007639,2052
13801,r10i1p1f1,2052,10,14,0.13438829993518944,20.632256,9.409163,2052
13802,r10i1p1f1,2052,10,15,0.03083430230234578,22.532362,8.968738,2052
13803,r10i1p1f1,2052,10,16,0.0,27.249357,11.704511,2052
13804,r10i1p1f1,2052,10,17,0.0,24.198608,11.068291,2052
13805,r10i1p1f1,2052,10,18,0.0,24.23099,11.009439,2052
13806,r10i1p1f1,2052,10,19,0.0,26.82101,9.477282,2052
13807,r10i1p1f1,2052,10,20,0.0,25.832903,14.42175,2052
13808,r10i1p1f1,2052,10,21,0.0,25.66708,14.037412,2052
13809,r10i1p1f1,2052,10,22,0.0,24.107294,11.937667,2052
13810,r10i1p1f1,2052,10,23,0.0,24.550045,11.991617,2052
13811,r10i1p1f1,2052,10,24,1.3273280277213704,29.618027,16.774279,2052
13812,r10i1p1f1,2052,10,25,20.498165197357977,19.097586,12.301445,2052
13813,r10i1p1f1,2052,10,26,21.60898019486156,15.285553,8.559589,2052
13814,r10i1p1f1,2052,10,27,3.677046790979052,13.70343,8.531105,2052
13815,r10i1p1f1,2052,10,28,22.601952331024222,13.546511,8.715452,2052
13816,r10i1p1f1,2052,10,29,1.3820806176945073,18.739914,5.473662,2052
13817,r10i1p1f1,2052,10,30,2.2648100725195706,17.65633,8.73481,2052
13818,r10i1p1f1,2052,10,31,2.191552758081104,20.601227,10.959985,2052
13819,r10i1p1f1,2052,11,01,0.0,21.345905,9.075181,2052
13820,r10i1p1f1,2052,11,02,0.03069717960514888,20.953781,8.219426,2052
13821,r10i1p1f1,2052,11,03,0.0,22.419277,11.490172,2052
13822,r10i1p1f1,2052,11,04,0.0,24.034359,8.796191,2052
13823,r10i1p1f1,2052,11,05,0.0,24.740229,10.755198,2052
13824,r10i1p1f1,2052,11,06,0.0,24.473581,11.362383,2052
13825,r10i1p1f1,2052,11,07,0.0,25.327625,11.899545,2052
13826,r10i1p1f1,2052,11,08,0.0,27.496525,10.48145,2052
13827,r10i1p1f1,2052,11,09,0.0,26.668577,14.114682,2052
13828,r10i1p1f1,2052,11,10,0.0,27.227873,15.559847,2052
13829,r10i1p1f1,2052,11,11,0.0,24.332243,10.853983,2052
13830,r10i1p1f1,2052,11,12,0.0,25.007092,12.137268,2052
13831,r10i1p1f1,2052,11,13,0.0,23.972416,11.378812,2052
13832,r10i1p1f1,2052,11,14,8.741191911088352,23.567678,11.694634,2052
13833,r10i1p1f1,2052,11,15,7.144585072522827,14.243808,3.7797217,2052
13834,r10i1p1f1,2052,11,16,0.0,14.589038,2.4048247,2052
13835,r10i1p1f1,2052,11,17,0.0,15.713428,2.7275522,2052
13836,r10i1p1f1,2052,11,18,0.0,16.048656,3.456584,2052
13837,r10i1p1f1,2052,11,19,0.0,18.835274,7.1672196,2052
13838,r10i1p1f1,2052,11,20,0.05585012755833113,18.481766,7.9298363,2052
13839,r10i1p1f1,2052,11,21,4.103928764054313,16.353964,5.8209295,2052
13840,r10i1p1f1,2052,11,22,9.193821167297612,14.609126,7.4898496,2052
13841,r10i1p1f1,2052,11,23,0.7726334482197815,14.683061,3.2745059,2052
13842,r10i1p1f1,2052,11,24,0.464436789161482,15.91542,5.379722,2052
13843,r10i1p1f1,2052,11,25,0.0,16.983484,4.883781,2052
13844,r10i1p1f1,2052,11,26,4.383127358137005,15.4176235,5.4052987,2052
13845,r10i1p1f1,2052,11,27,33.553755176284255,10.535598,4.742305,2052
13846,r10i1p1f1,2052,11,28,10.233025046430779,11.802153,7.1217155,2052
13847,r10i1p1f1,2052,11,29,0.2589853124223545,12.445011,6.479013,2052
13848,r10i1p1f1,2052,11,30,0.0,13.973098,1.9131743,2052
13849,r10i1p1f1,2052,12,01,0.0,17.421768,5.9339967,2052
13850,r10i1p1f1,2052,12,02,4.235647900043803,15.229656,9.099729,2052
13851,r10i1p1f1,2052,12,03,6.663504580113735,14.299191,8.653992,2052
13852,r10i1p1f1,2052,12,04,40.173626975401454,15.534518,9.099872,2052
13853,r10i1p1f1,2052,12,05,80.89737798650994,15.104764,8.800311,2052
13854,r10i1p1f1,2052,12,06,12.301964597741302,11.7284,5.745907,2052
13855,r10i1p1f1,2052,12,07,59.53249230576483,15.463919,5.6855197,2052
13856,r10i1p1f1,2052,12,08,82.3530011393718,16.221626,8.598882,2052
13857,r10i1p1f1,2052,12,09,36.70899740260977,15.467607,5.6872,2052
13858,r10i1p1f1,2052,12,10,24.192046985799127,14.227081,3.9858177,2052
13859,r10i1p1f1,2052,12,11,0.0,13.634409,1.4187759,2052
13860,r10i1p1f1,2052,12,12,0.0,12.481267,3.749254,2052
13861,r10i1p1f1,2052,12,13,0.0,11.273102,6.2701836,2052
13862,r10i1p1f1,2052,12,14,0.0,16.396858,4.484356,2052
13863,r10i1p1f1,2052,12,15,0.0,16.516935,5.7117214,2052
13864,r10i1p1f1,2052,12,16,0.054599920517112446,17.097834,5.418226,2052
13865,r10i1p1f1,2052,12,17,4.300454770878116,10.920215,5.7765493,2052
13866,r10i1p1f1,2052,12,18,0.0,15.79612,2.377002,2052
13867,r10i1p1f1,2052,12,19,3.701008961505929,12.404326,3.396363,2052
13868,r10i1p1f1,2052,12,20,16.062461033978156,9.698449,4.309194,2052
13869,r10i1p1f1,2052,12,21,0.0,11.314381,0.6135455,2052
13870,r10i1p1f1,2052,12,22,50.57614323634066,8.980542,3.4283135,2052
13871,r10i1p1f1,2052,12,23,20.965264907786867,9.572305,2.755275,2052
13872,r10i1p1f1,2052,12,24,0.0,12.222489,-0.31659055,2052
13873,r10i1p1f1,2052,12,25,0.0,13.06615,0.76678324,2052
13874,r10i1p1f1,2052,12,26,0.0,11.575259,0.23061772,2052
13875,r10i1p1f1,2052,12,27,0.0,12.83215,0.5272765,2052
13876,r10i1p1f1,2052,12,28,0.0,15.311536,1.7567606,2052
13877,r10i1p1f1,2052,12,29,0.0,16.648788,4.8100605,2052
13878,r10i1p1f1,2052,12,30,0.0,14.885709,5.5089455,2052
13879,r10i1p1f1,2052,12,31,0.41023113510738385,11.866633,6.939775,2052
13880,r10i1p1f1,2053,01,01,28.82255132748182,11.214078,2.5177605,2053
13881,r10i1p1f1,2053,01,02,0.0,11.4411,1.1049036,2053
13882,r10i1p1f1,2053,01,03,21.124649916371133,8.962647,3.613087,2053
13883,r10i1p1f1,2053,01,04,0.0,12.317935,-0.6579813,2053
13884,r10i1p1f1,2053,01,05,26.935883561198256,9.984585,2.6022904,2053
13885,r10i1p1f1,2053,01,06,16.464889259230787,8.634263,5.291678,2053
13886,r10i1p1f1,2053,01,07,0.5785593416165188,9.674004,4.4302897,2053
13887,r10i1p1f1,2053,01,08,0.7294543610394038,11.33597,4.890591,2053
13888,r10i1p1f1,2053,01,09,0.0,16.1871,5.874558,2053
13889,r10i1p1f1,2053,01,10,0.0,20.61134,7.224303,2053
13890,r10i1p1f1,2053,01,11,0.0,21.975082,8.491794,2053
13891,r10i1p1f1,2053,01,12,0.0,21.205786,9.041583,2053
13892,r10i1p1f1,2053,01,13,0.0,21.28585,10.117495,2053
13893,r10i1p1f1,2053,01,14,0.0,21.592352,8.966212,2053
13894,r10i1p1f1,2053,01,15,0.0,20.389755,8.965427,2053
13895,r10i1p1f1,2053,01,16,0.0,17.56049,6.392211,2053
13896,r10i1p1f1,2053,01,17,0.0,20.36588,7.52409,2053
13897,r10i1p1f1,2053,01,18,0.0,22.613205,9.597069,2053
13898,r10i1p1f1,2053,01,19,0.0,23.79262,10.929683,2053
13899,r10i1p1f1,2053,01,20,0.0,22.766869,11.298781,2053
13900,r10i1p1f1,2053,01,21,0.0,18.62659,10.961667,2053
13901,r10i1p1f1,2053,01,22,17.299351176265382,14.545036,7.0177116,2053
13902,r10i1p1f1,2053,01,23,15.324040106344526,11.552729,2.4071288,2053
13903,r10i1p1f1,2053,01,24,0.0703945204517559,10.39071,-0.6914968,2053
13904,r10i1p1f1,2053,01,25,0.30331638380103915,10.060669,0.46834284,2053
13905,r10i1p1f1,2053,01,26,0.0,13.283409,1.02441,2053
13906,r10i1p1f1,2053,01,27,17.413397585531992,11.32664,1.4301356,2053
13907,r10i1p1f1,2053,01,28,0.0,12.171684,1.0231751,2053
13908,r10i1p1f1,2053,01,29,0.0,15.928929,1.9402941,2053
13909,r10i1p1f1,2053,01,30,0.0,16.120604,2.8092582,2053
13910,r10i1p1f1,2053,01,31,0.0,17.11246,4.3480005,2053
13911,r10i1p1f1,2053,02,01,0.0,16.56569,4.9532065,2053
13912,r10i1p1f1,2053,02,02,0.0,13.78523,3.1305258,2053
13913,r10i1p1f1,2053,02,03,0.0,13.896012,1.4868648,2053
13914,r10i1p1f1,2053,02,04,15.47097018858614,11.666631,4.976822,2053
13915,r10i1p1f1,2053,02,05,15.884595657668175,10.758285,4.2483916,2053
13916,r10i1p1f1,2053,02,06,0.0,17.021286,3.7352517,2053
13917,r10i1p1f1,2053,02,07,1.384106586158994,15.84713,4.2239823,2053
13918,r10i1p1f1,2053,02,08,9.566460926879174,13.88532,3.9265049,2053
13919,r10i1p1f1,2053,02,09,0.0,15.224211,3.0373044,2053
13920,r10i1p1f1,2053,02,10,0.0,15.801999,2.3587306,2053
13921,r10i1p1f1,2053,02,11,0.0,16.52761,3.795831,2053
13922,r10i1p1f1,2053,02,12,0.020333505771256904,14.365469,4.29774,2053
13923,r10i1p1f1,2053,02,13,0.0,12.006868,3.6291227,2053
13924,r10i1p1f1,2053,02,14,0.0,11.682965,5.3024163,2053
13925,r10i1p1f1,2053,02,15,0.0,12.604901,0.46917623,2053
13926,r10i1p1f1,2053,02,16,0.0,15.854755,1.9232858,2053
13927,r10i1p1f1,2053,02,17,0.0,18.399023,4.714523,2053
13928,r10i1p1f1,2053,02,18,0.0,21.54287,6.9322267,2053
13929,r10i1p1f1,2053,02,19,0.0,21.863346,8.365805,2053
13930,r10i1p1f1,2053,02,20,0.0,19.581205,7.3399105,2053
13931,r10i1p1f1,2053,02,21,0.0,20.618057,6.3504567,2053
13932,r10i1p1f1,2053,02,22,10.8998344452151,21.727919,7.5958977,2053
13933,r10i1p1f1,2053,02,23,22.605374889558572,7.3080034,1.0930744,2053
13934,r10i1p1f1,2053,02,24,63.52155368260451,13.274877,4.240234,2053
13935,r10i1p1f1,2053,02,25,40.18924562076695,12.4733095,6.777355,2053
13936,r10i1p1f1,2053,02,26,5.914950415305946,16.043015,8.134892,2053
13937,r10i1p1f1,2053,02,27,0.0,15.952399,4.2613277,2053
13938,r10i1p1f1,2053,02,28,1.8912549156036556,19.106497,8.619067,2053
13939,r10i1p1f1,2053,03,01,5.9847541558203945,17.37461,9.3265505,2053
13940,r10i1p1f1,2053,03,02,22.887013271438743,16.57109,3.3687756,2053
13941,r10i1p1f1,2053,03,03,18.776156233185535,7.975735,0.68437135,2053
13942,r10i1p1f1,2053,03,04,0.0,12.157178,0.37931442,2053
13943,r10i1p1f1,2053,03,05,0.0,15.927548,1.6998281,2053
13944,r10i1p1f1,2053,03,06,0.0,17.408073,3.3061657,2053
13945,r10i1p1f1,2053,03,07,0.0,18.529278,4.3029714,2053
13946,r10i1p1f1,2053,03,08,0.0,18.696175,4.8948197,2053
13947,r10i1p1f1,2053,03,09,0.0,18.280888,5.4203453,2053
13948,r10i1p1f1,2053,03,10,0.0,18.255455,6.1357093,2053
13949,r10i1p1f1,2053,03,11,0.0,19.832838,7.9326363,2053
13950,r10i1p1f1,2053,03,12,0.1755079091756335,19.712858,6.668527,2053
13951,r10i1p1f1,2053,03,13,1.0987564428145753,17.135767,5.846132,2053
13952,r10i1p1f1,2053,03,14,30.23602527100593,12.734186,3.2249415,2053
13953,r10i1p1f1,2053,03,15,36.2239275011234,8.491676,4.219692,2053
13954,r10i1p1f1,2053,03,16,10.710029556713906,10.227556,2.5102036,2053
13955,r10i1p1f1,2053,03,17,1.6003749174985267,13.875323,6.7237306,2053
13956,r10i1p1f1,2053,03,18,46.064147101960295,12.84081,7.9495687,2053
13957,r10i1p1f1,2053,03,19,4.126869015356916,12.503522,6.500086,2053
13958,r10i1p1f1,2053,03,20,0.11291409664887683,16.880562,2.465193,2053
13959,r10i1p1f1,2053,03,21,0.0,18.451233,4.065359,2053
13960,r10i1p1f1,2053,03,22,0.0,20.453289,3.291061,2053
13961,r10i1p1f1,2053,03,23,0.0,19.948948,7.9265924,2053
13962,r10i1p1f1,2053,03,24,7.441069794846331,13.899571,6.00978,2053
13963,r10i1p1f1,2053,03,25,0.0,12.29555,-1.0530096,2053
13964,r10i1p1f1,2053,03,26,0.0,14.820188,0.487645,2053
13965,r10i1p1f1,2053,03,27,1.9328144753073597,13.620779,3.6936588,2053
13966,r10i1p1f1,2053,03,28,0.0,18.924274,2.3936143,2053
13967,r10i1p1f1,2053,03,29,0.0,20.952145,6.4328117,2053
13968,r10i1p1f1,2053,03,30,0.0,20.991072,7.706959,2053
13969,r10i1p1f1,2053,03,31,0.0,22.04037,3.7123606,2053
13970,r10i1p1f1,2053,04,01,0.0,19.648983,3.490897,2053
13971,r10i1p1f1,2053,04,02,0.0,21.691778,4.870144,2053
13972,r10i1p1f1,2053,04,03,0.0,24.615562,7.474092,2053
13973,r10i1p1f1,2053,04,04,0.0,25.50477,9.921852,2053
13974,r10i1p1f1,2053,04,05,0.0,25.61002,10.006437,2053
13975,r10i1p1f1,2053,04,06,0.0,26.449924,9.346744,2053
13976,r10i1p1f1,2053,04,07,0.0,26.645235,10.790328,2053
13977,r10i1p1f1,2053,04,08,0.0,28.045456,8.189941,2053
13978,r10i1p1f1,2053,04,09,0.0,27.769714,10.568181,2053
13979,r10i1p1f1,2053,04,10,0.0,24.888258,12.206477,2053
13980,r10i1p1f1,2053,04,11,10.373432119147191,19.467299,3.5939772,2053
13981,r10i1p1f1,2053,04,12,2.925804369141061,12.8095045,1.1365424,2053
13982,r10i1p1f1,2053,04,13,0.0,14.93485,2.6824477,2053
13983,r10i1p1f1,2053,04,14,0.0,17.156916,3.8224688,2053
13984,r10i1p1f1,2053,04,15,0.06688586009228234,19.70344,5.793314,2053
13985,r10i1p1f1,2053,04,16,0.0,20.310858,4.7981954,2053
13986,r10i1p1f1,2053,04,17,6.710803695252827,17.1605,5.222333,2053
13987,r10i1p1f1,2053,04,18,19.661450365368324,10.786694,4.8771863,2053
13988,r10i1p1f1,2053,04,19,14.396643427071945,13.385125,3.1802819,2053
13989,r10i1p1f1,2053,04,20,0.004877127713897559,15.255294,1.6683496,2053
13990,r10i1p1f1,2053,04,21,0.0,17.295782,2.9758403,2053
13991,r10i1p1f1,2053,04,22,0.0,20.360374,5.303374,2053
13992,r10i1p1f1,2053,04,23,0.0,22.678246,8.74691,2053
13993,r10i1p1f1,2053,04,24,0.0,25.947002,8.774008,2053
13994,r10i1p1f1,2053,04,25,0.0,25.977112,12.13132,2053
13995,r10i1p1f1,2053,04,26,0.0,25.026953,10.233344,2053
13996,r10i1p1f1,2053,04,27,0.03524261258606107,24.608738,10.867891,2053
13997,r10i1p1f1,2053,04,28,0.0,21.442642,7.421281,2053
13998,r10i1p1f1,2053,04,29,0.0,26.059792,8.852262,2053
13999,r10i1p1f1,2053,04,30,0.0,27.756033,12.974857,2053
14000,r10i1p1f1,2053,05,01,0.0,30.83659,14.954654,2053
14001,r10i1p1f1,2053,05,02,0.0,34.29215,15.793587,2053
14002,r10i1p1f1,2053,05,03,0.0,33.759037,19.1,2053
14003,r10i1p1f1,2053,05,04,0.0,29.523926,14.848468,2053
14004,r10i1p1f1,2053,05,05,0.0,27.571632,13.070074,2053
14005,r10i1p1f1,2053,05,06,0.0,21.67365,7.307662,2053
14006,r10i1p1f1,2053,05,07,0.0,21.553328,4.854834,2053
14007,r10i1p1f1,2053,05,08,0.0,21.48491,8.700916,2053
14008,r10i1p1f1,2053,05,09,0.0007383132374104063,20.497646,6.096369,2053
14009,r10i1p1f1,2053,05,10,0.0,24.818172,8.1127205,2053
14010,r10i1p1f1,2053,05,11,0.0,24.937809,9.459696,2053
14011,r10i1p1f1,2053,05,12,0.0,28.598543,11.082934,2053
14012,r10i1p1f1,2053,05,13,0.0,28.748991,13.385951,2053
14013,r10i1p1f1,2053,05,14,0.0,25.463121,9.497995,2053
14014,r10i1p1f1,2053,05,15,0.0,25.11146,10.967933,2053
14015,r10i1p1f1,2053,05,16,0.0,27.613,10.847423,2053
14016,r10i1p1f1,2053,05,17,0.0,31.198622,13.57232,2053
14017,r10i1p1f1,2053,05,18,0.08402003023595746,29.404297,13.330021,2053
14018,r10i1p1f1,2053,05,19,0.0,23.803997,7.1881104,2053
14019,r10i1p1f1,2053,05,20,0.0,28.649805,10.265127,2053
14020,r10i1p1f1,2053,05,21,0.0,28.512537,11.926789,2053
14021,r10i1p1f1,2053,05,22,0.0,26.762436,10.125235,2053
14022,r10i1p1f1,2053,05,23,0.0,24.41427,8.146411,2053
14023,r10i1p1f1,2053,05,24,0.0,22.662926,6.9725943,2053
14024,r10i1p1f1,2053,05,25,0.0,22.163103,6.332022,2053
14025,r10i1p1f1,2053,05,26,0.0,26.402172,8.648826,2053
14026,r10i1p1f1,2053,05,27,0.0,29.62577,13.286358,2053
14027,r10i1p1f1,2053,05,28,0.0,31.4007,14.349118,2053
14028,r10i1p1f1,2053,05,29,0.0,34.305523,17.001116,2053
14029,r10i1p1f1,2053,05,30,0.0,34.035168,18.204983,2053
14030,r10i1p1f1,2053,05,31,0.0,33.156975,17.000797,2053
14031,r10i1p1f1,2053,06,01,0.0,27.191872,11.387765,2053
14032,r10i1p1f1,2053,06,02,0.0,25.359228,10.650876,2053
14033,r10i1p1f1,2053,06,03,0.0,27.245342,9.298004,2053
14034,r10i1p1f1,2053,06,04,0.0,26.838928,9.748009,2053
14035,r10i1p1f1,2053,06,05,0.0,25.951372,8.803252,2053
14036,r10i1p1f1,2053,06,06,0.0,23.427511,8.06322,2053
14037,r10i1p1f1,2053,06,07,0.0,25.015718,8.4976425,2053
14038,r10i1p1f1,2053,06,08,0.0,27.029333,8.6101885,2053
14039,r10i1p1f1,2053,06,09,0.0,28.091248,11.43963,2053
14040,r10i1p1f1,2053,06,10,0.0,25.355324,9.936867,2053
14041,r10i1p1f1,2053,06,11,0.0,24.585102,8.10491,2053
14042,r10i1p1f1,2053,06,12,0.027100985914186918,25.25857,11.001935,2053
14043,r10i1p1f1,2053,06,13,0.0,23.13788,7.473952,2053
14044,r10i1p1f1,2053,06,14,0.0,24.319023,6.296962,2053
14045,r10i1p1f1,2053,06,15,0.0,26.586494,8.713032,2053
14046,r10i1p1f1,2053,06,16,0.0,25.88232,9.504578,2053
14047,r10i1p1f1,2053,06,17,0.0,24.30705,8.348121,2053
14048,r10i1p1f1,2053,06,18,0.0,30.594263,11.705271,2053
14049,r10i1p1f1,2053,06,19,0.0,34.78259,15.228767,2053
14050,r10i1p1f1,2053,06,20,0.0,33.054974,15.564376,2053
14051,r10i1p1f1,2053,06,21,0.0,28.80906,14.148092,2053
14052,r10i1p1f1,2053,06,22,0.0,32.269104,14.15374,2053
14053,r10i1p1f1,2053,06,23,0.0,36.838394,18.131748,2053
14054,r10i1p1f1,2053,06,24,0.0,37.60072,19.820246,2053
14055,r10i1p1f1,2053,06,25,0.0,39.40453,22.309406,2053
14056,r10i1p1f1,2053,06,26,0.0,39.905933,22.047085,2053
14057,r10i1p1f1,2053,06,27,0.0,39.026722,21.621706,2053
14058,r10i1p1f1,2053,06,28,0.0,36.91505,20.171137,2053
14059,r10i1p1f1,2053,06,29,0.0,30.625635,14.079474,2053
14060,r10i1p1f1,2053,06,30,0.0,31.087685,14.80291,2053
14061,r10i1p1f1,2053,07,01,0.0,35.146717,17.934963,2053
14062,r10i1p1f1,2053,07,02,0.0,38.271317,19.595434,2053
14063,r10i1p1f1,2053,07,03,0.0,37.188465,18.652979,2053
14064,r10i1p1f1,2053,07,04,0.0,34.31698,17.184792,2053
14065,r10i1p1f1,2053,07,05,0.0,29.971838,13.645924,2053
14066,r10i1p1f1,2053,07,06,0.0,32.091652,13.394101,2053
14067,r10i1p1f1,2053,07,07,0.0,33.619656,15.538293,2053
14068,r10i1p1f1,2053,07,08,0.0,33.797157,16.113337,2053
14069,r10i1p1f1,2053,07,09,0.0,32.943504,15.709445,2053
14070,r10i1p1f1,2053,07,10,0.0,32.293686,15.692084,2053
14071,r10i1p1f1,2053,07,11,0.0,31.737276,16.169672,2053
14072,r10i1p1f1,2053,07,12,0.0,32.41386,14.971471,2053
14073,r10i1p1f1,2053,07,13,0.0,31.451233,15.238272,2053
14074,r10i1p1f1,2053,07,14,0.0,31.491718,13.910985,2053
14075,r10i1p1f1,2053,07,15,0.0,34.575253,16.25118,2053
14076,r10i1p1f1,2053,07,16,0.0,36.566822,18.13769,2053
14077,r10i1p1f1,2053,07,17,0.0,36.210255,18.946972,2053
14078,r10i1p1f1,2053,07,18,0.0,36.73064,19.46089,2053
14079,r10i1p1f1,2053,07,19,0.0,39.01607,21.568342,2053
14080,r10i1p1f1,2053,07,20,0.0,39.28175,20.753065,2053
14081,r10i1p1f1,2053,07,21,0.0,38.79982,22.067589,2053
14082,r10i1p1f1,2053,07,22,0.0,37.64802,21.429403,2053
14083,r10i1p1f1,2053,07,23,0.0,37.713722,20.09995,2053
14084,r10i1p1f1,2053,07,24,0.0,37.77714,19.788643,2053
14085,r10i1p1f1,2053,07,25,0.0,38.169098,19.776926,2053
14086,r10i1p1f1,2053,07,26,0.0030701768800530486,34.88993,22.633512,2053
14087,r10i1p1f1,2053,07,27,0.0,37.607544,21.524017,2053
14088,r10i1p1f1,2053,07,28,0.0,39.57758,21.740723,2053
14089,r10i1p1f1,2053,07,29,0.0,38.287075,22.72774,2053
14090,r10i1p1f1,2053,07,30,0.0,36.69303,24.748732,2053
14091,r10i1p1f1,2053,07,31,0.0,32.996582,15.015545,2053
14092,r10i1p1f1,2053,08,01,0.0,31.56515,13.63816,2053
14093,r10i1p1f1,2053,08,02,0.0,30.728111,14.028086,2053
14094,r10i1p1f1,2053,08,03,0.0,33.7744,15.484117,2053
14095,r10i1p1f1,2053,08,04,0.0,36.01122,17.170204,2053
14096,r10i1p1f1,2053,08,05,0.0,35.293312,18.009258,2053
14097,r10i1p1f1,2053,08,06,0.0,34.398495,16.751602,2053
14098,r10i1p1f1,2053,08,07,0.0,33.96718,16.933205,2053
14099,r10i1p1f1,2053,08,08,0.0,34.76605,17.142075,2053
14100,r10i1p1f1,2053,08,09,0.0,33.84405,22.10425,2053
14101,r10i1p1f1,2053,08,10,0.0,35.302357,18.767054,2053
14102,r10i1p1f1,2053,08,11,0.0,36.05069,18.588806,2053
14103,r10i1p1f1,2053,08,12,0.0,35.038162,19.557955,2053
14104,r10i1p1f1,2053,08,13,0.0,33.68685,17.35755,2053
14105,r10i1p1f1,2053,08,14,0.0,33.04066,15.451606,2053
14106,r10i1p1f1,2053,08,15,0.0,33.58919,16.001009,2053
14107,r10i1p1f1,2053,08,16,0.0,35.48198,17.481241,2053
14108,r10i1p1f1,2053,08,17,0.0,38.487053,19.88089,2053
14109,r10i1p1f1,2053,08,18,0.0,37.145123,20.607897,2053
14110,r10i1p1f1,2053,08,19,0.0,36.477406,17.834732,2053
14111,r10i1p1f1,2053,08,20,0.0,28.235994,12.211368,2053
14112,r10i1p1f1,2053,08,21,0.0,26.887846,11.301949,2053
14113,r10i1p1f1,2053,08,22,0.0,31.302458,12.915131,2053
14114,r10i1p1f1,2053,08,23,0.0,33.34339,15.80684,2053
14115,r10i1p1f1,2053,08,24,0.0,35.797184,18.332422,2053
14116,r10i1p1f1,2053,08,25,0.0,37.567535,19.732956,2053
14117,r10i1p1f1,2053,08,26,0.0,37.256542,21.662428,2053
14118,r10i1p1f1,2053,08,27,0.0,36.30902,23.015629,2053
14119,r10i1p1f1,2053,08,28,0.0,35.3143,21.370754,2053
14120,r10i1p1f1,2053,08,29,0.0,33.579952,20.09139,2053
14121,r10i1p1f1,2053,08,30,0.0,35.642014,19.576036,2053
14122,r10i1p1f1,2053,08,31,0.0,34.27384,18.796932,2053
14123,r10i1p1f1,2053,09,01,0.0,33.600548,13.97448,2053
14124,r10i1p1f1,2053,09,02,0.0,29.161442,12.374063,2053
14125,r10i1p1f1,2053,09,03,0.0,32.687534,16.317041,2053
14126,r10i1p1f1,2053,09,04,0.0,32.445694,16.85694,2053
14127,r10i1p1f1,2053,09,05,0.0,31.701502,15.121091,2053
14128,r10i1p1f1,2053,09,06,0.0,30.93234,16.154861,2053
14129,r10i1p1f1,2053,09,07,0.0,29.32436,13.0617695,2053
14130,r10i1p1f1,2053,09,08,0.0,29.014084,10.501997,2053
14131,r10i1p1f1,2053,09,09,0.0,36.6059,17.987726,2053
14132,r10i1p1f1,2053,09,10,0.0,35.88284,19.197,2053
14133,r10i1p1f1,2053,09,11,0.0,30.615154,15.683523,2053
14134,r10i1p1f1,2053,09,12,0.0,27.788813,13.479494,2053
14135,r10i1p1f1,2053,09,13,0.0,29.508265,12.030472,2053
14136,r10i1p1f1,2053,09,14,0.0,34.185947,16.155716,2053
14137,r10i1p1f1,2053,09,15,0.0,36.700916,19.705238,2053
14138,r10i1p1f1,2053,09,16,0.0,37.873825,21.076431,2053
14139,r10i1p1f1,2053,09,17,0.0,36.61498,21.346638,2053
14140,r10i1p1f1,2053,09,18,0.0,37.284565,20.903795,2053
14141,r10i1p1f1,2053,09,19,0.0,36.199535,20.010544,2053
14142,r10i1p1f1,2053,09,20,0.0,33.991207,17.238533,2053
14143,r10i1p1f1,2053,09,21,0.0,28.63944,12.261474,2053
14144,r10i1p1f1,2053,09,22,0.0,27.858398,12.188084,2053
14145,r10i1p1f1,2053,09,23,0.0,33.950733,16.047735,2053
14146,r10i1p1f1,2053,09,24,0.0,38.182636,20.068405,2053
14147,r10i1p1f1,2053,09,25,0.0,39.685463,23.575817,2053
14148,r10i1p1f1,2053,09,26,18.234565090020432,38.223206,18.90417,2053
14149,r10i1p1f1,2053,09,27,53.21149109850491,22.947605,15.371422,2053
14150,r10i1p1f1,2053,09,28,119.14927392315708,21.392012,9.902329,2053
14151,r10i1p1f1,2053,09,29,7.562623182725235,12.715329,4.3818183,2053
14152,r10i1p1f1,2053,09,30,1.8360675416308943,14.006294,1.6074305,2053
14153,r10i1p1f1,2053,10,01,0.0,19.23023,4.927445,2053
14154,r10i1p1f1,2053,10,02,0.0,19.9691,6.7151275,2053
14155,r10i1p1f1,2053,10,03,0.0,19.265724,5.5751915,2053
14156,r10i1p1f1,2053,10,04,0.0,20.196417,7.025561,2053
14157,r10i1p1f1,2053,10,05,0.0,23.125769,10.176553,2053
14158,r10i1p1f1,2053,10,06,0.0,23.368677,10.523134,2053
14159,r10i1p1f1,2053,10,07,0.0,24.131897,7.4516106,2053
14160,r10i1p1f1,2053,10,08,0.0,27.33783,11.776419,2053
14161,r10i1p1f1,2053,10,09,0.0,28.479383,11.4874325,2053
14162,r10i1p1f1,2053,10,10,0.0,27.946651,14.492748,2053
14163,r10i1p1f1,2053,10,11,0.0,29.808565,14.527346,2053
14164,r10i1p1f1,2053,10,12,0.0,28.565529,13.07239,2053
14165,r10i1p1f1,2053,10,13,0.0,27.736238,12.788094,2053
14166,r10i1p1f1,2053,10,14,0.0,29.950092,12.236741,2053
14167,r10i1p1f1,2053,10,15,0.0,30.537573,13.064172,2053
14168,r10i1p1f1,2053,10,16,0.0,30.133043,15.217877,2053
14169,r10i1p1f1,2053,10,17,0.0,30.934584,14.513196,2053
14170,r10i1p1f1,2053,10,18,0.0,31.18026,14.960097,2053
14171,r10i1p1f1,2053,10,19,0.0,29.448124,13.297081,2053
14172,r10i1p1f1,2053,10,20,0.0,26.187138,9.280855,2053
14173,r10i1p1f1,2053,10,21,0.04167631128726307,22.901052,9.065261,2053
14174,r10i1p1f1,2053,10,22,0.0,22.725107,11.01304,2053
14175,r10i1p1f1,2053,10,23,0.0,24.258797,12.117763,2053
14176,r10i1p1f1,2053,10,24,0.0,22.547144,8.793454,2053
14177,r10i1p1f1,2053,10,25,1.9261775854829466,21.508713,12.639288,2053
14178,r10i1p1f1,2053,10,26,0.0,22.0722,6.5264645,2053
14179,r10i1p1f1,2053,10,27,0.0,21.06333,7.6672306,2053
14180,r10i1p1f1,2053,10,28,0.0,21.120031,6.870988,2053
14181,r10i1p1f1,2053,10,29,0.0,21.475143,8.847298,2053
14182,r10i1p1f1,2053,10,30,0.0,23.33468,8.806634,2053
14183,r10i1p1f1,2053,10,31,0.0,25.116936,9.869487,2053
14184,r10i1p1f1,2053,11,01,0.0,24.932796,10.044476,2053
14185,r10i1p1f1,2053,11,02,0.010136287202936058,25.333673,12.308448,2053
14186,r10i1p1f1,2053,11,03,0.0,26.618828,12.261229,2053
14187,r10i1p1f1,2053,11,04,0.0,28.618685,13.368676,2053
14188,r10i1p1f1,2053,11,05,0.0,27.627588,10.559932,2053
14189,r10i1p1f1,2053,11,06,0.0,26.177637,11.618572,2053
14190,r10i1p1f1,2053,11,07,0.0,27.201736,11.19216,2053
14191,r10i1p1f1,2053,11,08,0.0,28.105648,9.087223,2053
14192,r10i1p1f1,2053,11,09,0.0,27.9178,9.709725,2053
14193,r10i1p1f1,2053,11,10,0.0,28.395103,9.809262,2053
14194,r10i1p1f1,2053,11,11,0.0,27.892363,11.414717,2053
14195,r10i1p1f1,2053,11,12,0.0,27.140448,10.557528,2053
14196,r10i1p1f1,2053,11,13,0.0,22.610888,10.941447,2053
14197,r10i1p1f1,2053,11,14,0.0,21.885973,6.6239777,2053
14198,r10i1p1f1,2053,11,15,0.1181947994460212,22.423555,10.9200735,2053
14199,r10i1p1f1,2053,11,16,11.520469761939909,14.976514,6.357387,2053
14200,r10i1p1f1,2053,11,17,0.7718063063030537,13.155871,2.4644532,2053
14201,r10i1p1f1,2053,11,18,0.0,15.788698,2.3486931,2053
14202,r10i1p1f1,2053,11,19,0.0,16.773588,1.1361102,2053
14203,r10i1p1f1,2053,11,20,0.0,18.72731,7.5521383,2053
14204,r10i1p1f1,2053,11,21,0.0,21.769655,7.0774736,2053
14205,r10i1p1f1,2053,11,22,0.0,21.756172,7.2388268,2053
14206,r10i1p1f1,2053,11,23,0.0,22.592089,11.5961485,2053
14207,r10i1p1f1,2053,11,24,0.0,25.986124,8.015334,2053
14208,r10i1p1f1,2053,11,25,0.0,24.563423,8.101717,2053
14209,r10i1p1f1,2053,11,26,0.0,24.959862,8.785662,2053
14210,r10i1p1f1,2053,11,27,0.0,23.49714,11.162161,2053
14211,r10i1p1f1,2053,11,28,0.025180896447732505,21.573755,14.233514,2053
14212,r10i1p1f1,2053,11,29,27.497919491725042,18.034504,9.157472,2053
14213,r10i1p1f1,2053,11,30,1.7366075965008732,12.107535,4.1675687,2053
14214,r10i1p1f1,2053,12,01,0.04662188247924572,11.741993,-0.16718835,2053
14215,r10i1p1f1,2053,12,02,62.128327043702534,11.112339,1.2744962,2053
14216,r10i1p1f1,2053,12,03,123.70258402814598,10.901935,4.8419204,2053
14217,r10i1p1f1,2053,12,04,5.380791969065812,8.622839,3.2384422,2053
14218,r10i1p1f1,2053,12,05,54.60087608509256,10.735983,1.0394678,2053
14219,r10i1p1f1,2053,12,06,38.748507114972824,11.403128,5.7706685,2053
14220,r10i1p1f1,2053,12,07,17.084833211112326,9.76002,2.750742,2053
14221,r10i1p1f1,2053,12,08,24.646825999585225,9.184363,3.796504,2053
14222,r10i1p1f1,2053,12,09,7.107534260993768,8.340446,2.3747947,2053
14223,r10i1p1f1,2053,12,10,6.622482602037245,8.838428,3.852242,2053
14224,r10i1p1f1,2053,12,11,0.011508768358525183,9.716471,2.4718685,2053
14225,r10i1p1f1,2053,12,12,43.16255094201647,15.075183,5.17633,2053
14226,r10i1p1f1,2053,12,13,55.050170796886576,14.961606,4.136566,2053
14227,r10i1p1f1,2053,12,14,14.028371131893149,5.945225,2.1701498,2053
14228,r10i1p1f1,2053,12,15,3.194061778092299,5.726785,1.467717,2053
14229,r10i1p1f1,2053,12,16,0.0,10.416583,-0.49416652,2053
14230,r10i1p1f1,2053,12,17,0.061073926539584614,10.038011,1.8553057,2053
14231,r10i1p1f1,2053,12,18,0.0,7.718469,3.670004,2053
14232,r10i1p1f1,2053,12,19,3.440578149859089,11.610537,3.6115746,2053
14233,r10i1p1f1,2053,12,20,73.34424247229963,12.9125185,6.8886228,2053
14234,r10i1p1f1,2053,12,21,0.23074436019095101,12.380249,4.965886,2053
14235,r10i1p1f1,2053,12,22,0.020064445063900694,10.790927,5.982341,2053
14236,r10i1p1f1,2053,12,23,0.0,15.078585,3.8566062,2053
14237,r10i1p1f1,2053,12,24,0.0,13.531894,2.6404407,2053
14238,r10i1p1f1,2053,12,25,0.0,16.223993,4.539505,2053
14239,r10i1p1f1,2053,12,26,0.0,16.457651,5.33766,2053
14240,r10i1p1f1,2053,12,27,0.0,15.466866,4.8883758,2053
14241,r10i1p1f1,2053,12,28,0.0020047827906398055,11.139175,3.081527,2053
14242,r10i1p1f1,2053,12,29,6.757853360843575,7.9071174,-1.3407596,2053
14243,r10i1p1f1,2053,12,30,7.639838993858767,8.806803,3.4589913,2053
14244,r10i1p1f1,2053,12,31,0.4648106252524916,10.650559,5.9669847,2053
14245,r10i1p1f1,2054,01,01,0.0,13.66099,2.673386,2054
14246,r10i1p1f1,2054,01,02,0.0,12.836205,3.647575,2054
14247,r10i1p1f1,2054,01,03,0.0,9.894839,1.3493122,2054
14248,r10i1p1f1,2054,01,04,0.0,12.162075,0.4691947,2054
14249,r10i1p1f1,2054,01,05,0.0,14.070789,3.0928333,2054
14250,r10i1p1f1,2054,01,06,0.0,13.984936,4.1687346,2054
14251,r10i1p1f1,2054,01,07,0.0,11.405083,-0.2522286,2054
14252,r10i1p1f1,2054,01,08,22.903506747618515,7.7897453,-0.49264145,2054
14253,r10i1p1f1,2054,01,09,60.293274357498284,10.570623,1.410139,2054
14254,r10i1p1f1,2054,01,10,4.548414563109155,5.2898192,0.24584901,2054
14255,r10i1p1f1,2054,01,11,0.0,7.2815037,-0.9031368,2054
14256,r10i1p1f1,2054,01,12,0.013409264307770891,6.562438,-2.7250013,2054
14257,r10i1p1f1,2054,01,13,9.08075716649699,3.9186442,-0.52463675,2054
14258,r10i1p1f1,2054,01,14,16.014815511746413,3.8133833,-3.505561,2054
14259,r10i1p1f1,2054,01,15,70.04042283852438,5.772357,-1.3707135,2054
14260,r10i1p1f1,2054,01,16,21.12884570547306,4.1425734,-2.1212852,2054
14261,r10i1p1f1,2054,01,17,5.726701215960355,2.3338325,-2.4194353,2054
14262,r10i1p1f1,2054,01,18,0.0,3.7277956,-6.2149277,2054
14263,r10i1p1f1,2054,01,19,1.2794022630451334,3.6794682,-5.637444,2054
14264,r10i1p1f1,2054,01,20,29.993397173606546,3.8576741,0.10384991,2054
14265,r10i1p1f1,2054,01,21,0.02417672497502185,5.8208237,-5.87603,2054
14266,r10i1p1f1,2054,01,22,0.0,6.2854004,-3.50438,2054
14267,r10i1p1f1,2054,01,23,7.128099031749451,4.4663153,-2.9365928,2054
14268,r10i1p1f1,2054,01,24,0.6371233439782181,4.4333644,-4.883207,2054
14269,r10i1p1f1,2054,01,25,0.0,7.2766232,-3.0115485,2054
14270,r10i1p1f1,2054,01,26,0.0,10.166389,-2.1798759,2054
14271,r10i1p1f1,2054,01,27,0.0,10.450555,-1.0482993,2054
14272,r10i1p1f1,2054,01,28,0.0,12.474582,0.34282243,2054
14273,r10i1p1f1,2054,01,29,0.0,13.563549,-0.78884286,2054
14274,r10i1p1f1,2054,01,30,0.0,12.770004,-1.1596607,2054
14275,r10i1p1f1,2054,01,31,0.0,11.569115,-2.1424143,2054
14276,r10i1p1f1,2054,02,01,0.0,11.922863,-0.19680043,2054
14277,r10i1p1f1,2054,02,02,2.0507220219051785,9.887949,3.358554,2054
14278,r10i1p1f1,2054,02,03,16.56892568265137,9.355719,4.3928757,2054
14279,r10i1p1f1,2054,02,04,0.2237062906428228,10.592985,2.5976493,2054
14280,r10i1p1f1,2054,02,05,29.92329384708826,7.2272,1.8365033,2054
14281,r10i1p1f1,2054,02,06,11.103192376398702,6.854206,2.051619,2054
14282,r10i1p1f1,2054,02,07,5.034229929419541,8.066097,-1.6776731,2054
14283,r10i1p1f1,2054,02,08,0.0,10.609435,0.5046148,2054
14284,r10i1p1f1,2054,02,09,8.385536829270055,8.509316,-2.1447606,2054
14285,r10i1p1f1,2054,02,10,3.7891221142696225,2.977817,-2.1366498,2054
14286,r10i1p1f1,2054,02,11,6.326178196008857,4.356874,-2.2968895,2054
14287,r10i1p1f1,2054,02,12,14.246800284691792,7.5144362,-1.3902267,2054
14288,r10i1p1f1,2054,02,13,0.8085211294039589,14.579909,2.674985,2054
14289,r10i1p1f1,2054,02,14,0.0,15.635119,1.5453846,2054
14290,r10i1p1f1,2054,02,15,0.17212529504544555,15.850161,4.9414635,2054
14291,r10i1p1f1,2054,02,16,0.0,17.708084,5.8391924,2054
14292,r10i1p1f1,2054,02,17,0.0,16.604513,3.8246531,2054
14293,r10i1p1f1,2054,02,18,0.0,19.141577,5.3878736,2054
14294,r10i1p1f1,2054,02,19,0.0,17.865263,4.719129,2054
14295,r10i1p1f1,2054,02,20,0.0,18.250416,5.1958714,2054
14296,r10i1p1f1,2054,02,21,0.0,17.703278,3.211252,2054
14297,r10i1p1f1,2054,02,22,0.0,14.94151,2.952552,2054
14298,r10i1p1f1,2054,02,23,2.044570713166506,10.884071,2.0868015,2054
14299,r10i1p1f1,2054,02,24,0.0,12.745654,1.9133072,2054
14300,r10i1p1f1,2054,02,25,0.0,15.183228,1.5842476,2054
14301,r10i1p1f1,2054,02,26,0.0,16.208729,4.0321326,2054
14302,r10i1p1f1,2054,02,27,0.0,14.77301,4.040401,2054
14303,r10i1p1f1,2054,02,28,11.050856354765864,14.252,3.4068878,2054
14304,r10i1p1f1,2054,03,01,0.14101380136133612,11.406057,0.2082108,2054
14305,r10i1p1f1,2054,03,02,0.009202633832740647,11.116031,2.087495,2054
14306,r10i1p1f1,2054,03,03,0.0,13.149227,1.5154537,2054
14307,r10i1p1f1,2054,03,04,0.0,14.758209,-0.13728814,2054
14308,r10i1p1f1,2054,03,05,0.0,13.190488,1.1601301,2054
14309,r10i1p1f1,2054,03,06,0.0,13.2350445,-0.62473017,2054
14310,r10i1p1f1,2054,03,07,0.0,13.608212,-1.1459483,2054
14311,r10i1p1f1,2054,03,08,0.0,16.984732,0.5107384,2054
14312,r10i1p1f1,2054,03,09,0.0,16.331457,3.2034729,2054
14313,r10i1p1f1,2054,03,10,0.0,13.698367,-0.052958038,2054
14314,r10i1p1f1,2054,03,11,0.0,13.439461,1.8126367,2054
14315,r10i1p1f1,2054,03,12,0.0,20.05253,2.2507148,2054
14316,r10i1p1f1,2054,03,13,0.0,19.946424,5.393533,2054
14317,r10i1p1f1,2054,03,14,0.0,18.753338,7.767411,2054
14318,r10i1p1f1,2054,03,15,3.8974028858894214,16.202291,2.379331,2054
14319,r10i1p1f1,2054,03,16,50.91126053716595,7.9313083,1.9457427,2054
14320,r10i1p1f1,2054,03,17,17.327165852628625,6.727258,-0.7925766,2054
14321,r10i1p1f1,2054,03,18,4.54809247521074,6.9534655,-1.6496,2054
14322,r10i1p1f1,2054,03,19,10.981157414062181,5.0007563,-0.39632395,2054
14323,r10i1p1f1,2054,03,20,0.14603124968863612,11.261432,-2.0936592,2054
14324,r10i1p1f1,2054,03,21,0.0,16.143105,-2.4931285,2054
14325,r10i1p1f1,2054,03,22,0.0,15.579545,1.8714248,2054
14326,r10i1p1f1,2054,03,23,0.0,16.95818,1.7219082,2054
14327,r10i1p1f1,2054,03,24,0.0,19.831,3.3750417,2054
14328,r10i1p1f1,2054,03,25,0.0,21.861746,3.029821,2054
14329,r10i1p1f1,2054,03,26,0.0,25.580502,10.461594,2054
14330,r10i1p1f1,2054,03,27,0.0,26.8906,11.308099,2054
14331,r10i1p1f1,2054,03,28,0.0,26.533676,9.302042,2054
14332,r10i1p1f1,2054,03,29,0.0,26.236155,9.426243,2054
14333,r10i1p1f1,2054,03,30,0.0,25.53534,11.496331,2054
14334,r10i1p1f1,2054,03,31,0.0,26.451307,9.292274,2054
14335,r10i1p1f1,2054,04,01,0.16565147035228284,25.731516,9.717867,2054
14336,r10i1p1f1,2054,04,02,3.690117941780619,16.759033,5.0375977,2054
14337,r10i1p1f1,2054,04,03,0.0,16.82251,4.0170255,2054
14338,r10i1p1f1,2054,04,04,0.0,16.794456,1.319345,2054
14339,r10i1p1f1,2054,04,05,0.0,21.498865,2.6268406,2054
14340,r10i1p1f1,2054,04,06,0.0,23.411901,6.4937553,2054
14341,r10i1p1f1,2054,04,07,0.0,22.8325,10.074313,2054
14342,r10i1p1f1,2054,04,08,4.997870675178044,17.379578,6.0383544,2054
14343,r10i1p1f1,2054,04,09,0.46493855043081567,19.784336,5.97785,2054
14344,r10i1p1f1,2054,04,10,0.0,21.05793,6.9918647,2054
14345,r10i1p1f1,2054,04,11,0.0,20.364985,6.604285,2054
14346,r10i1p1f1,2054,04,12,0.0,19.756329,6.0627766,2054
14347,r10i1p1f1,2054,04,13,0.0,21.175243,3.9728281,2054
14348,r10i1p1f1,2054,04,14,0.0,20.940378,7.4605346,2054
14349,r10i1p1f1,2054,04,15,0.0,20.897512,6.7801785,2054
14350,r10i1p1f1,2054,04,16,0.0,20.994633,6.703045,2054
14351,r10i1p1f1,2054,04,17,1.3111627789816052,18.278494,8.023517,2054
14352,r10i1p1f1,2054,04,18,2.0897228348698453,20.322248,5.5774817,2054
14353,r10i1p1f1,2054,04,19,0.0,25.191097,8.262298,2054
14354,r10i1p1f1,2054,04,20,0.0,29.830923,12.978272,2054
14355,r10i1p1f1,2054,04,21,0.0,30.339615,14.911009,2054
14356,r10i1p1f1,2054,04,22,0.0,29.439672,13.906081,2054
14357,r10i1p1f1,2054,04,23,0.0,26.21148,11.004481,2054
14358,r10i1p1f1,2054,04,24,0.0,28.354662,11.869816,2054
14359,r10i1p1f1,2054,04,25,0.0,31.593985,14.703263,2054
14360,r10i1p1f1,2054,04,26,0.0,32.69282,15.598492,2054
14361,r10i1p1f1,2054,04,27,5.623342740306581,22.332573,7.522589,2054
14362,r10i1p1f1,2054,04,28,0.0,26.074121,14.1794,2054
14363,r10i1p1f1,2054,04,29,0.0,23.517462,8.996804,2054
14364,r10i1p1f1,2054,04,30,0.0,27.689026,10.771637,2054
14365,r10i1p1f1,2054,05,01,0.0,26.671988,11.712706,2054
14366,r10i1p1f1,2054,05,02,0.0,25.479805,12.145359,2054
14367,r10i1p1f1,2054,05,03,0.0,28.792374,13.914453,2054
14368,r10i1p1f1,2054,05,04,0.0,29.945312,12.648338,2054
14369,r10i1p1f1,2054,05,05,0.0,28.229158,13.312103,2054
14370,r10i1p1f1,2054,05,06,0.0,28.193148,12.167063,2054
14371,r10i1p1f1,2054,05,07,0.0,27.024456,13.020666,2054
14372,r10i1p1f1,2054,05,08,0.0,24.083967,10.016774,2054
14373,r10i1p1f1,2054,05,09,0.0,23.612717,10.544674,2054
14374,r10i1p1f1,2054,05,10,0.0,20.863714,8.151663,2054
14375,r10i1p1f1,2054,05,11,0.0,19.43666,4.841722,2054
14376,r10i1p1f1,2054,05,12,0.0,18.369696,5.639226,2054
14377,r10i1p1f1,2054,05,13,1.0047126349778217,16.653955,3.3037791,2054
14378,r10i1p1f1,2054,05,14,0.0,20.701504,3.554383,2054
14379,r10i1p1f1,2054,05,15,0.0,26.152758,8.279549,2054
14380,r10i1p1f1,2054,05,16,0.0,25.379536,12.526496,2054
14381,r10i1p1f1,2054,05,17,0.0,29.346233,12.407163,2054
14382,r10i1p1f1,2054,05,18,0.0,31.612276,14.005141,2054
14383,r10i1p1f1,2054,05,19,0.0,33.15069,15.7168455,2054
14384,r10i1p1f1,2054,05,20,0.0,32.37106,16.796272,2054
14385,r10i1p1f1,2054,05,21,0.0,30.470633,14.353628,2054
14386,r10i1p1f1,2054,05,22,0.0,26.929409,11.329916,2054
14387,r10i1p1f1,2054,05,23,0.0,24.009867,9.959338,2054
14388,r10i1p1f1,2054,05,24,0.0,27.331839,10.4341,2054
14389,r10i1p1f1,2054,05,25,3.4838203249053454,20.602869,6.330796,2054
14390,r10i1p1f1,2054,05,26,0.028380124091965723,18.29213,2.4577591,2054
14391,r10i1p1f1,2054,05,27,0.24238178731665308,22.62326,8.407875,2054
14392,r10i1p1f1,2054,05,28,0.0,23.03385,8.806407,2054
14393,r10i1p1f1,2054,05,29,0.0,21.911322,8.517597,2054
14394,r10i1p1f1,2054,05,30,0.0,19.022192,4.4615645,2054
14395,r10i1p1f1,2054,05,31,0.0,23.562784,7.382631,2054
14396,r10i1p1f1,2054,06,01,0.0,22.602911,7.285018,2054
14397,r10i1p1f1,2054,06,02,0.0,21.043127,6.766444,2054
14398,r10i1p1f1,2054,06,03,0.0,20.129566,7.09988,2054
14399,r10i1p1f1,2054,06,04,34.40957054446795,15.806793,6.657613,2054
14400,r10i1p1f1,2054,06,05,1.390135378523526,15.682725,5.5287366,2054
14401,r10i1p1f1,2054,06,06,3.843981074303309,12.763357,5.349711,2054
14402,r10i1p1f1,2054,06,07,1.4655057878898285,15.631991,2.0385075,2054
14403,r10i1p1f1,2054,06,08,0.0,23.811537,6.5634966,2054
14404,r10i1p1f1,2054,06,09,0.0,30.19057,11.72248,2054
14405,r10i1p1f1,2054,06,10,0.0,34.462635,16.222973,2054
14406,r10i1p1f1,2054,06,11,0.0,38.092724,19.696838,2054
14407,r10i1p1f1,2054,06,12,0.0,37.94697,20.95657,2054
14408,r10i1p1f1,2054,06,13,0.0,36.94349,19.696035,2054
14409,r10i1p1f1,2054,06,14,0.0,36.009846,19.58236,2054
14410,r10i1p1f1,2054,06,15,0.0,36.779213,19.711786,2054
14411,r10i1p1f1,2054,06,16,0.0,36.039345,18.972666,2054
14412,r10i1p1f1,2054,06,17,0.0,32.804943,15.186352,2054
14413,r10i1p1f1,2054,06,18,0.0,29.469858,15.024263,2054
14414,r10i1p1f1,2054,06,19,0.0,29.11077,14.450752,2054
14415,r10i1p1f1,2054,06,20,0.0,29.189566,16.054693,2054
14416,r10i1p1f1,2054,06,21,0.0,28.24647,13.706193,2054
14417,r10i1p1f1,2054,06,22,0.0,29.723822,12.187965,2054
14418,r10i1p1f1,2054,06,23,0.0,31.285475,14.484738,2054
14419,r10i1p1f1,2054,06,24,0.0,31.2145,14.891602,2054
14420,r10i1p1f1,2054,06,25,0.0,34.48501,16.404373,2054
14421,r10i1p1f1,2054,06,26,0.0,36.191334,18.55695,2054
14422,r10i1p1f1,2054,06,27,0.0,35.182404,18.413115,2054
14423,r10i1p1f1,2054,06,28,0.0,33.92987,18.642412,2054
14424,r10i1p1f1,2054,06,29,0.0,35.599903,18.978992,2054
14425,r10i1p1f1,2054,06,30,0.0,36.868332,20.358248,2054
14426,r10i1p1f1,2054,07,01,0.0,35.326447,19.176722,2054
14427,r10i1p1f1,2054,07,02,0.0,34.801823,18.377443,2054
14428,r10i1p1f1,2054,07,03,0.0,34.42039,17.419722,2054
14429,r10i1p1f1,2054,07,04,0.0,33.58415,17.251389,2054
14430,r10i1p1f1,2054,07,05,0.0,31.200525,15.942704,2054
14431,r10i1p1f1,2054,07,06,0.0,35.993504,17.491695,2054
14432,r10i1p1f1,2054,07,07,0.0,39.88129,21.658218,2054
14433,r10i1p1f1,2054,07,08,0.0,39.69056,21.838842,2054
14434,r10i1p1f1,2054,07,09,0.0,41.53908,23.280012,2054
14435,r10i1p1f1,2054,07,10,0.0026826036398568632,41.32347,24.536636,2054
14436,r10i1p1f1,2054,07,11,0.022465927012442415,38.845917,22.627108,2054
14437,r10i1p1f1,2054,07,12,0.0,37.71302,22.944029,2054
14438,r10i1p1f1,2054,07,13,0.0,38.02402,20.119644,2054
14439,r10i1p1f1,2054,07,14,0.021529104385894914,37.484413,21.67491,2054
14440,r10i1p1f1,2054,07,15,0.0,36.457806,19.964088,2054
14441,r10i1p1f1,2054,07,16,0.0,36.089684,18.887007,2054
14442,r10i1p1f1,2054,07,17,0.0,35.353077,18.07812,2054
14443,r10i1p1f1,2054,07,18,0.0,35.649662,17.83846,2054
14444,r10i1p1f1,2054,07,19,0.0,38.164932,19.78236,2054
14445,r10i1p1f1,2054,07,20,0.0,37.24963,19.064524,2054
14446,r10i1p1f1,2054,07,21,0.0,37.388046,18.648138,2054
14447,r10i1p1f1,2054,07,22,0.0,37.145374,18.545404,2054
14448,r10i1p1f1,2054,07,23,0.0,36.010468,17.72847,2054
14449,r10i1p1f1,2054,07,24,0.0,35.17512,17.239809,2054
14450,r10i1p1f1,2054,07,25,0.0,36.998253,18.2391,2054
14451,r10i1p1f1,2054,07,26,0.0,36.071117,19.087637,2054
14452,r10i1p1f1,2054,07,27,0.0,34.91349,19.084389,2054
14453,r10i1p1f1,2054,07,28,0.0,34.645355,16.474915,2054
14454,r10i1p1f1,2054,07,29,0.0,37.19032,17.944494,2054
14455,r10i1p1f1,2054,07,30,0.0,38.035824,19.220636,2054
14456,r10i1p1f1,2054,07,31,0.0,37.65843,20.148872,2054
14457,r10i1p1f1,2054,08,01,0.0,35.181892,18.56399,2054
14458,r10i1p1f1,2054,08,02,0.0,33.58227,21.62603,2054
14459,r10i1p1f1,2054,08,03,0.0,34.548275,19.199219,2054
14460,r10i1p1f1,2054,08,04,0.0,34.501812,18.800734,2054
14461,r10i1p1f1,2054,08,05,0.0,34.128223,16.925068,2054
14462,r10i1p1f1,2054,08,06,0.0,33.754616,16.06347,2054
14463,r10i1p1f1,2054,08,07,0.0,34.275833,17.050268,2054
14464,r10i1p1f1,2054,08,08,0.0,34.164894,16.367188,2054
14465,r10i1p1f1,2054,08,09,0.0,35.094097,17.371517,2054
14466,r10i1p1f1,2054,08,10,0.0,35.976463,18.84993,2054
14467,r10i1p1f1,2054,08,11,0.0,35.793636,17.823866,2054
14468,r10i1p1f1,2054,08,12,0.0,40.467136,22.614822,2054
14469,r10i1p1f1,2054,08,13,0.0,42.08962,24.007479,2054
14470,r10i1p1f1,2054,08,14,0.0,42.27613,24.316422,2054
14471,r10i1p1f1,2054,08,15,0.0,40.915062,22.590887,2054
14472,r10i1p1f1,2054,08,16,0.0,36.676727,19.455927,2054
14473,r10i1p1f1,2054,08,17,0.0,36.901966,20.760319,2054
14474,r10i1p1f1,2054,08,18,0.0,36.715607,17.432505,2054
14475,r10i1p1f1,2054,08,19,0.0,35.128273,17.313217,2054
14476,r10i1p1f1,2054,08,20,0.0,35.934765,17.748182,2054
14477,r10i1p1f1,2054,08,21,0.0,34.86021,17.363724,2054
14478,r10i1p1f1,2054,08,22,0.0,33.772785,16.349707,2054
14479,r10i1p1f1,2054,08,23,0.0,33.26134,18.044155,2054
14480,r10i1p1f1,2054,08,24,0.0,32.977856,15.700198,2054
14481,r10i1p1f1,2054,08,25,0.0,31.602718,14.17298,2054
14482,r10i1p1f1,2054,08,26,0.0,30.083197,11.17193,2054
14483,r10i1p1f1,2054,08,27,0.0,32.955795,14.063794,2054
14484,r10i1p1f1,2054,08,28,0.0,34.295013,17.045038,2054
14485,r10i1p1f1,2054,08,29,0.0,35.647743,17.267351,2054
14486,r10i1p1f1,2054,08,30,0.0,36.14672,18.470171,2054
14487,r10i1p1f1,2054,08,31,0.0,37.44818,20.283915,2054
14488,r10i1p1f1,2054,09,01,0.0,40.010773,22.150381,2054
14489,r10i1p1f1,2054,09,02,0.0,38.942844,22.485535,2054
14490,r10i1p1f1,2054,09,03,0.0,38.954723,22.231802,2054
14491,r10i1p1f1,2054,09,04,0.0,39.897945,22.68953,2054
14492,r10i1p1f1,2054,09,05,0.0,39.23469,22.558727,2054
14493,r10i1p1f1,2054,09,06,0.0,39.653126,23.145374,2054
14494,r10i1p1f1,2054,09,07,0.0,38.989017,25.106785,2054
14495,r10i1p1f1,2054,09,08,0.0,37.06396,21.973522,2054
14496,r10i1p1f1,2054,09,09,0.0,34.101273,18.575994,2054
14497,r10i1p1f1,2054,09,10,0.0,28.5521,12.180584,2054
14498,r10i1p1f1,2054,09,11,0.0,30.00762,14.4363,2054
14499,r10i1p1f1,2054,09,12,0.0,31.943533,16.321314,2054
14500,r10i1p1f1,2054,09,13,0.0,33.807507,15.805489,2054
14501,r10i1p1f1,2054,09,14,0.0,32.787487,15.69373,2054
14502,r10i1p1f1,2054,09,15,0.0,32.377625,17.286701,2054
14503,r10i1p1f1,2054,09,16,0.0,36.166656,21.818287,2054
14504,r10i1p1f1,2054,09,17,0.0,38.036366,19.317614,2054
14505,r10i1p1f1,2054,09,18,0.0,38.31062,20.503048,2054
14506,r10i1p1f1,2054,09,19,0.0,37.16811,21.029448,2054
14507,r10i1p1f1,2054,09,20,0.0,32.765343,17.555721,2054
14508,r10i1p1f1,2054,09,21,0.0,32.95611,18.821602,2054
14509,r10i1p1f1,2054,09,22,0.0,34.836895,18.842972,2054
14510,r10i1p1f1,2054,09,23,0.0,33.94128,17.536217,2054
14511,r10i1p1f1,2054,09,24,0.0,32.316357,16.56443,2054
14512,r10i1p1f1,2054,09,25,0.0,31.908777,13.945351,2054
14513,r10i1p1f1,2054,09,26,0.0,28.53115,14.145118,2054
14514,r10i1p1f1,2054,09,27,0.0,28.658033,12.1078,2054
14515,r10i1p1f1,2054,09,28,0.0,33.283714,15.334022,2054
14516,r10i1p1f1,2054,09,29,0.0,35.532417,17.554401,2054
14517,r10i1p1f1,2054,09,30,0.0,33.971996,16.964413,2054
14518,r10i1p1f1,2054,10,01,0.0,32.294395,17.15945,2054
14519,r10i1p1f1,2054,10,02,0.0,29.443834,12.738685,2054
14520,r10i1p1f1,2054,10,03,0.0,22.908516,8.124484,2054
14521,r10i1p1f1,2054,10,04,0.0,22.624578,9.594609,2054
14522,r10i1p1f1,2054,10,05,0.0,25.029972,8.505682,2054
14523,r10i1p1f1,2054,10,06,0.0,26.926529,9.916767,2054
14524,r10i1p1f1,2054,10,07,0.0,28.94776,11.535478,2054
14525,r10i1p1f1,2054,10,08,0.0,28.220556,11.72412,2054
14526,r10i1p1f1,2054,10,09,0.0,27.231972,11.168373,2054
14527,r10i1p1f1,2054,10,10,0.0,19.520636,6.377691,2054
14528,r10i1p1f1,2054,10,11,0.0,22.035475,8.55564,2054
14529,r10i1p1f1,2054,10,12,0.0,23.168756,9.036037,2054
14530,r10i1p1f1,2054,10,13,0.0,23.912283,9.409931,2054
14531,r10i1p1f1,2054,10,14,0.0,26.022308,10.373543,2054
14532,r10i1p1f1,2054,10,15,0.0,31.056274,12.030691,2054
14533,r10i1p1f1,2054,10,16,0.0,30.53,18.32116,2054
14534,r10i1p1f1,2054,10,17,0.0,31.29625,18.273077,2054
14535,r10i1p1f1,2054,10,18,0.0,29.894974,15.079888,2054
14536,r10i1p1f1,2054,10,19,0.0,25.202932,10.832937,2054
14537,r10i1p1f1,2054,10,20,0.0,29.207619,11.752231,2054
14538,r10i1p1f1,2054,10,21,0.0,30.243649,13.506763,2054
14539,r10i1p1f1,2054,10,22,0.0,30.614456,14.764575,2054
14540,r10i1p1f1,2054,10,23,0.0,28.748554,16.086573,2054
14541,r10i1p1f1,2054,10,24,33.48908533715937,22.10349,12.148059,2054
14542,r10i1p1f1,2054,10,25,51.23141934194504,17.522858,8.163022,2054
14543,r10i1p1f1,2054,10,26,15.801022179872042,14.788658,8.571313,2054
14544,r10i1p1f1,2054,10,27,1.6777288140833422,18.346645,6.917627,2054
14545,r10i1p1f1,2054,10,28,0.0,20.15944,7.1162148,2054
14546,r10i1p1f1,2054,10,29,0.0,20.0044,8.088682,2054
14547,r10i1p1f1,2054,10,30,0.0,19.884117,8.430761,2054
14548,r10i1p1f1,2054,10,31,0.0,20.288599,10.013161,2054
14549,r10i1p1f1,2054,11,01,2.2948283848515865,20.664616,11.664514,2054
14550,r10i1p1f1,2054,11,02,30.960884133176144,15.903536,7.8308296,2054
14551,r10i1p1f1,2054,11,03,1.7886479111295652,14.354215,2.8770256,2054
14552,r10i1p1f1,2054,11,04,0.0,17.284973,1.6623837,2054
14553,r10i1p1f1,2054,11,05,5.121133372258076,17.78703,6.415611,2054
14554,r10i1p1f1,2054,11,06,14.064870900581713,14.118223,9.410893,2054
14555,r10i1p1f1,2054,11,07,2.4128797439444547,15.651632,9.11963,2054
14556,r10i1p1f1,2054,11,08,0.0,15.276161,7.6319137,2054
14557,r10i1p1f1,2054,11,09,5.853393768560828,14.520186,8.416406,2054
14558,r10i1p1f1,2054,11,10,34.97349897914223,14.004704,9.840013,2054
14559,r10i1p1f1,2054,11,11,50.38260017601332,14.472354,9.789642,2054
14560,r10i1p1f1,2054,11,12,12.532639050378316,18.616138,9.188225,2054
14561,r10i1p1f1,2054,11,13,0.0,17.466242,5.343439,2054
14562,r10i1p1f1,2054,11,14,0.0,15.315915,2.5698173,2054
14563,r10i1p1f1,2054,11,15,24.677701903458097,13.764412,7.950497,2054
14564,r10i1p1f1,2054,11,16,12.420437633102809,11.686908,6.0191393,2054
14565,r10i1p1f1,2054,11,17,48.933258710894734,11.041549,3.5168273,2054
14566,r10i1p1f1,2054,11,18,10.796704654900456,7.197459,1.9052949,2054
14567,r10i1p1f1,2054,11,19,26.119381297183665,10.919228,2.1163304,2054
14568,r10i1p1f1,2054,11,20,0.9761087925222742,9.427156,3.3856964,2054
14569,r10i1p1f1,2054,11,21,0.190078476819173,10.970222,-1.286177,2054
14570,r10i1p1f1,2054,11,22,0.0,12.673668,-0.9571184,2054
14571,r10i1p1f1,2054,11,23,0.0,12.841357,4.9265885,2054
14572,r10i1p1f1,2054,11,24,0.0,12.516844,0.27788344,2054
14573,r10i1p1f1,2054,11,25,0.04705959773242572,11.931697,2.425842,2054
14574,r10i1p1f1,2054,11,26,5.015985788160929,10.342923,2.7937233,2054
14575,r10i1p1f1,2054,11,27,21.16204616475826,10.153501,3.3554475,2054
14576,r10i1p1f1,2054,11,28,17.10951236432026,6.160004,1.5348908,2054
14577,r10i1p1f1,2054,11,29,17.523409245768562,4.747081,0.89318424,2054
14578,r10i1p1f1,2054,11,30,12.801433251986868,5.8171105,2.0181649,2054
14579,r10i1p1f1,2054,12,01,0.0,9.785629,2.382701,2054
14580,r10i1p1f1,2054,12,02,0.0,12.617761,0.7009247,2054
14581,r10i1p1f1,2054,12,03,0.0,11.860729,3.9738774,2054
14582,r10i1p1f1,2054,12,04,17.51098482927773,10.630766,5.1041975,2054
14583,r10i1p1f1,2054,12,05,12.696969401392716,11.320187,6.041416,2054
14584,r10i1p1f1,2054,12,06,31.147289149597974,10.204013,5.9475827,2054
14585,r10i1p1f1,2054,12,07,0.0,11.239824,4.165025,2054
14586,r10i1p1f1,2054,12,08,0.0,14.350109,3.9189136,2054
14587,r10i1p1f1,2054,12,09,5.21614697124613,12.012705,2.330541,2054
14588,r10i1p1f1,2054,12,10,18.964392220823356,10.293989,6.4416413,2054
14589,r10i1p1f1,2054,12,11,0.14627310612061256,11.700093,2.5100758,2054
14590,r10i1p1f1,2054,12,12,0.0,15.049732,3.0939076,2054
14591,r10i1p1f1,2054,12,13,0.0,17.223059,5.0174646,2054
14592,r10i1p1f1,2054,12,14,0.0,17.275843,7.6206217,2054
14593,r10i1p1f1,2054,12,15,0.0,15.342303,9.049768,2054
14594,r10i1p1f1,2054,12,16,0.0,18.354347,6.800632,2054
14595,r10i1p1f1,2054,12,17,0.0,17.143646,5.612307,2054
14596,r10i1p1f1,2054,12,18,0.0,15.178474,7.8435283,2054
14597,r10i1p1f1,2054,12,19,0.0,15.088822,3.5808153,2054
14598,r10i1p1f1,2054,12,20,0.0,14.541756,3.181111,2054
14599,r10i1p1f1,2054,12,21,0.0,13.8678055,1.1387033,2054
14600,r10i1p1f1,2054,12,22,0.0,13.321236,2.6939573,2054
14601,r10i1p1f1,2054,12,23,0.0,12.802279,1.7365878,2054
14602,r10i1p1f1,2054,12,24,0.0,11.448996,-0.47052523,2054
14603,r10i1p1f1,2054,12,25,0.0,6.8801036,-4.114279,2054
14604,r10i1p1f1,2054,12,26,0.0,6.919213,-4.8100166,2054
14605,r10i1p1f1,2054,12,27,0.0,10.308497,-2.4316385,2054
14606,r10i1p1f1,2054,12,28,0.0,13.377212,0.5307479,2054
14607,r10i1p1f1,2054,12,29,3.024899641901644,11.289101,-0.7572268,2054
14608,r10i1p1f1,2054,12,30,8.77851356346678,5.4216604,0.2135867,2054
14609,r10i1p1f1,2054,12,31,0.0,7.3618507,-4.8668966,2054
14610,r10i1p1f1,2055,01,01,0.0,10.415286,-1.8850576,2055
14611,r10i1p1f1,2055,01,02,0.0,9.918652,-0.26314506,2055
14612,r10i1p1f1,2055,01,03,25.406831292907317,8.425268,-0.49791756,2055
14613,r10i1p1f1,2055,01,04,0.0,10.218484,3.0426173,2055
14614,r10i1p1f1,2055,01,05,15.34760276109936,9.270165,0.23310551,2055
14615,r10i1p1f1,2055,01,06,0.0,8.940826,-1.9372659,2055
14616,r10i1p1f1,2055,01,07,0.0,8.175286,-1.7107183,2055
14617,r10i1p1f1,2055,01,08,0.09367764231156846,8.710778,-0.05965805,2055
14618,r10i1p1f1,2055,01,09,8.236545969281762,8.6491585,2.5829234,2055
14619,r10i1p1f1,2055,01,10,0.0,7.8901777,-2.1560993,2055
14620,r10i1p1f1,2055,01,11,0.0,12.982556,0.4568618,2055
14621,r10i1p1f1,2055,01,12,0.0,15.3375435,2.4857953,2055
14622,r10i1p1f1,2055,01,13,0.0,14.316756,3.2172081,2055
14623,r10i1p1f1,2055,01,14,0.0,15.4980135,2.8404598,2055
14624,r10i1p1f1,2055,01,15,0.0,15.854753,3.183796,2055
14625,r10i1p1f1,2055,01,16,0.0,15.900606,4.149104,2055
14626,r10i1p1f1,2055,01,17,0.0,19.509705,5.9903927,2055
14627,r10i1p1f1,2055,01,18,0.0,19.18102,6.234699,2055
14628,r10i1p1f1,2055,01,19,0.0,17.121298,6.0337586,2055
14629,r10i1p1f1,2055,01,20,0.0,14.051483,1.7343565,2055
14630,r10i1p1f1,2055,01,21,0.0,16.114864,1.7278019,2055
14631,r10i1p1f1,2055,01,22,0.0,18.462242,4.4733505,2055
14632,r10i1p1f1,2055,01,23,0.0,17.381079,4.751634,2055
14633,r10i1p1f1,2055,01,24,0.0,15.608258,3.1698442,2055
14634,r10i1p1f1,2055,01,25,0.005732276915032823,15.794471,4.2939477,2055
14635,r10i1p1f1,2055,01,26,0.5226612578194603,14.049349,4.0684133,2055
14636,r10i1p1f1,2055,01,27,3.3356155228854107,10.044191,3.920115,2055
14637,r10i1p1f1,2055,01,28,0.12047611652585481,10.434743,3.6814246,2055
14638,r10i1p1f1,2055,01,29,0.0,10.082817,1.1940255,2055
14639,r10i1p1f1,2055,01,30,5.577079126286614,7.448185,1.4439542,2055
14640,r10i1p1f1,2055,01,31,5.777980831905887,11.393201,1.8986021,2055
14641,r10i1p1f1,2055,02,01,0.0,13.428962,1.7947667,2055
14642,r10i1p1f1,2055,02,02,14.434735326549822,11.377542,6.205731,2055
14643,r10i1p1f1,2055,02,03,0.0,14.78399,3.012317,2055
14644,r10i1p1f1,2055,02,04,0.0,14.663556,2.3663557,2055
14645,r10i1p1f1,2055,02,05,0.032542125779256914,16.651783,5.2238183,2055
14646,r10i1p1f1,2055,02,06,0.0,16.667765,4.136624,2055
14647,r10i1p1f1,2055,02,07,0.0,20.380407,7.1578274,2055
14648,r10i1p1f1,2055,02,08,0.0,20.453594,7.428084,2055
14649,r10i1p1f1,2055,02,09,0.0,15.442752,8.410068,2055
14650,r10i1p1f1,2055,02,10,0.0,19.498606,7.040476,2055
14651,r10i1p1f1,2055,02,11,0.0,19.326607,5.695782,2055
14652,r10i1p1f1,2055,02,12,0.0,19.117788,6.296634,2055
14653,r10i1p1f1,2055,02,13,0.0,19.663956,6.384632,2055
14654,r10i1p1f1,2055,02,14,0.0,19.624186,6.092482,2055
14655,r10i1p1f1,2055,02,15,0.0,18.987066,6.2357345,2055
14656,r10i1p1f1,2055,02,16,0.0,15.876526,3.7390602,2055
14657,r10i1p1f1,2055,02,17,0.0,18.40847,5.0725307,2055
14658,r10i1p1f1,2055,02,18,0.0,21.747053,7.4100246,2055
14659,r10i1p1f1,2055,02,19,0.0,21.667543,8.333827,2055
14660,r10i1p1f1,2055,02,20,0.0,21.767365,8.136536,2055
14661,r10i1p1f1,2055,02,21,0.0,24.28507,7.363847,2055
14662,r10i1p1f1,2055,02,22,0.0,23.63077,10.2652235,2055
14663,r10i1p1f1,2055,02,23,0.0,23.506613,9.058322,2055
14664,r10i1p1f1,2055,02,24,0.0,23.444986,8.852176,2055
14665,r10i1p1f1,2055,02,25,0.0,23.440374,7.2774224,2055
14666,r10i1p1f1,2055,02,26,0.15635063997778112,20.987982,6.767941,2055
14667,r10i1p1f1,2055,02,27,8.024775412770012,10.465521,4.3315616,2055
14668,r10i1p1f1,2055,02,28,35.4984663371732,11.103906,5.0889626,2055
14669,r10i1p1f1,2055,03,01,24.070887601824086,12.000273,6.6501694,2055
14670,r10i1p1f1,2055,03,02,0.0,16.991884,3.3805518,2055
14671,r10i1p1f1,2055,03,03,0.0,19.921331,4.116192,2055
14672,r10i1p1f1,2055,03,04,0.0,19.35791,5.8257713,2055
14673,r10i1p1f1,2055,03,05,1.1162861653342828,18.024174,9.62611,2055
14674,r10i1p1f1,2055,03,06,16.633685610002814,16.686172,8.136317,2055
14675,r10i1p1f1,2055,03,07,0.0,19.601395,4.373554,2055
14676,r10i1p1f1,2055,03,08,0.0,19.732813,4.7087083,2055
14677,r10i1p1f1,2055,03,09,4.67244591745839,18.016373,7.487659,2055
14678,r10i1p1f1,2055,03,10,2.4781742912972207,11.295401,4.6035075,2055
14679,r10i1p1f1,2055,03,11,0.9259572238845163,16.126215,2.503718,2055
14680,r10i1p1f1,2055,03,12,0.0,19.020126,4.5882688,2055
14681,r10i1p1f1,2055,03,13,0.0,18.58652,5.62813,2055
14682,r10i1p1f1,2055,03,14,0.0,19.837967,6.83946,2055
14683,r10i1p1f1,2055,03,15,0.0,20.472906,5.937136,2055
14684,r10i1p1f1,2055,03,16,2.887359937956621,17.26362,7.421932,2055
14685,r10i1p1f1,2055,03,17,0.5773599130502829,14.354678,8.512932,2055
14686,r10i1p1f1,2055,03,18,0.0,14.598797,5.239723,2055
14687,r10i1p1f1,2055,03,19,0.0,15.235136,4.5918865,2055
14688,r10i1p1f1,2055,03,20,0.0,17.372526,3.5705895,2055
14689,r10i1p1f1,2055,03,21,0.0,15.134743,6.373557,2055
14690,r10i1p1f1,2055,03,22,0.7707434654931651,14.993787,6.0030847,2055
14691,r10i1p1f1,2055,03,23,0.9900553501139304,20.537605,6.388948,2055
14692,r10i1p1f1,2055,03,24,0.0,22.241287,9.571103,2055
14693,r10i1p1f1,2055,03,25,7.797148643907062,19.469957,5.631315,2055
14694,r10i1p1f1,2055,03,26,0.4130748695484056,16.591274,5.5436544,2055
14695,r10i1p1f1,2055,03,27,0.0,22.172241,4.7563415,2055
14696,r10i1p1f1,2055,03,28,0.0,22.164074,8.380355,2055
14697,r10i1p1f1,2055,03,29,20.56168171693571,17.872015,6.3301716,2055
14698,r10i1p1f1,2055,03,30,1.6624038744435223,16.75375,7.583811,2055
14699,r10i1p1f1,2055,03,31,2.2525888081202683,19.392075,6.787673,2055
14700,r10i1p1f1,2055,04,01,2.665891285177598,17.759058,6.0142274,2055
14701,r10i1p1f1,2055,04,02,0.5490430227406538,17.705673,9.145886,2055
14702,r10i1p1f1,2055,04,03,0.371289463931278,19.223188,5.5097623,2055
14703,r10i1p1f1,2055,04,04,7.419717284851925,17.662424,4.0590196,2055
14704,r10i1p1f1,2055,04,05,0.29843368670538584,18.868162,9.159086,2055
14705,r10i1p1f1,2055,04,06,0.4563953915868823,16.049236,6.882358,2055
14706,r10i1p1f1,2055,04,07,19.620415570036705,11.643883,1.0405587,2055
14707,r10i1p1f1,2055,04,08,0.040317189306829516,18.15679,4.0211086,2055
14708,r10i1p1f1,2055,04,09,0.01324055554409585,20.486317,4.552798,2055
14709,r10i1p1f1,2055,04,10,0.0,23.068611,6.726235,2055
14710,r10i1p1f1,2055,04,11,0.29169415757726375,19.395739,8.941098,2055
14711,r10i1p1f1,2055,04,12,0.0,18.101189,10.520256,2055
14712,r10i1p1f1,2055,04,13,0.0,17.227907,5.782078,2055
14713,r10i1p1f1,2055,04,14,0.8342639281756036,14.524655,4.8136835,2055
14714,r10i1p1f1,2055,04,15,1.0038589138419316,12.145352,5.7876,2055
14715,r10i1p1f1,2055,04,16,14.755113994990671,13.208846,6.582773,2055
14716,r10i1p1f1,2055,04,17,1.6427418411216135,15.271801,6.334651,2055
14717,r10i1p1f1,2055,04,18,0.0,16.983381,5.6428175,2055
14718,r10i1p1f1,2055,04,19,15.362933306115385,15.67265,3.8872166,2055
14719,r10i1p1f1,2055,04,20,40.47440935667653,13.58756,5.338238,2055
14720,r10i1p1f1,2055,04,21,8.044729509837405,12.53894,4.1956954,2055
14721,r10i1p1f1,2055,04,22,40.3234854202693,10.913405,4.3629947,2055
14722,r10i1p1f1,2055,04,23,56.04850202553759,11.367483,2.2503593,2055
14723,r10i1p1f1,2055,04,24,55.98956589207151,8.989185,3.1418467,2055
14724,r10i1p1f1,2055,04,25,9.476405557497378,13.992702,2.3537054,2055
14725,r10i1p1f1,2055,04,26,0.0,14.466931,1.3789157,2055
14726,r10i1p1f1,2055,04,27,0.3100191339686525,14.245227,7.1702414,2055
14727,r10i1p1f1,2055,04,28,3.440632899678588,11.2567,4.8919196,2055
14728,r10i1p1f1,2055,04,29,2.8010461214235924,10.765196,4.409437,2055
14729,r10i1p1f1,2055,04,30,0.0,17.98004,3.366887,2055
14730,r10i1p1f1,2055,05,01,0.0,22.34046,7.1673665,2055
14731,r10i1p1f1,2055,05,02,0.0,27.214584,11.62102,2055
14732,r10i1p1f1,2055,05,03,0.0,30.362263,14.859779,2055
14733,r10i1p1f1,2055,05,04,0.0,29.46789,12.464023,2055
14734,r10i1p1f1,2055,05,05,0.0,30.091366,14.866762,2055
14735,r10i1p1f1,2055,05,06,0.0,32.293934,16.674387,2055
14736,r10i1p1f1,2055,05,07,0.0,31.933886,17.226477,2055
14737,r10i1p1f1,2055,05,08,0.0,30.183022,15.678472,2055
14738,r10i1p1f1,2055,05,09,0.0,28.587877,13.718133,2055
14739,r10i1p1f1,2055,05,10,0.0,25.977232,12.052724,2055
14740,r10i1p1f1,2055,05,11,0.0,27.472132,10.625254,2055
14741,r10i1p1f1,2055,05,12,0.0,26.621323,14.404787,2055
14742,r10i1p1f1,2055,05,13,0.0,24.153738,9.261686,2055
14743,r10i1p1f1,2055,05,14,0.0,24.806124,8.036756,2055
14744,r10i1p1f1,2055,05,15,0.0,29.299442,11.50026,2055
14745,r10i1p1f1,2055,05,16,0.0,32.36336,14.831067,2055
14746,r10i1p1f1,2055,05,17,0.0,31.79982,15.180744,2055
14747,r10i1p1f1,2055,05,18,0.0,30.789467,14.842914,2055
14748,r10i1p1f1,2055,05,19,0.0,30.193674,15.195502,2055
14749,r10i1p1f1,2055,05,20,0.0,27.842844,12.531684,2055
14750,r10i1p1f1,2055,05,21,0.0,29.349712,13.385155,2055
14751,r10i1p1f1,2055,05,22,0.0,28.298138,14.120212,2055
14752,r10i1p1f1,2055,05,23,0.0,23.877954,10.141762,2055
14753,r10i1p1f1,2055,05,24,0.0,31.244719,11.855396,2055
14754,r10i1p1f1,2055,05,25,0.0,32.92272,16.48368,2055
14755,r10i1p1f1,2055,05,26,0.0,32.039913,17.854986,2055
14756,r10i1p1f1,2055,05,27,0.0,29.328661,13.504385,2055
14757,r10i1p1f1,2055,05,28,0.0,29.624,12.728181,2055
14758,r10i1p1f1,2055,05,29,0.0,30.045218,13.971917,2055
14759,r10i1p1f1,2055,05,30,0.0,29.551918,14.80584,2055
14760,r10i1p1f1,2055,05,31,0.0,22.99962,8.772627,2055
14761,r10i1p1f1,2055,06,01,0.0,21.534042,5.5882745,2055
14762,r10i1p1f1,2055,06,02,0.0,25.525671,7.956164,2055
14763,r10i1p1f1,2055,06,03,0.0,30.85915,13.737288,2055
14764,r10i1p1f1,2055,06,04,0.0,34.62242,14.252467,2055
14765,r10i1p1f1,2055,06,05,0.0,34.809795,16.823048,2055
14766,r10i1p1f1,2055,06,06,0.0,34.682407,17.431025,2055
14767,r10i1p1f1,2055,06,07,0.0,37.15685,18.992529,2055
14768,r10i1p1f1,2055,06,08,0.0,36.292145,19.774323,2055
14769,r10i1p1f1,2055,06,09,0.0,32.444477,17.48564,2055
14770,r10i1p1f1,2055,06,10,0.0,32.542164,16.731943,2055
14771,r10i1p1f1,2055,06,11,0.0,34.665188,16.030422,2055
14772,r10i1p1f1,2055,06,12,0.0,40.32535,21.497232,2055
14773,r10i1p1f1,2055,06,13,0.0,41.404194,23.018747,2055
14774,r10i1p1f1,2055,06,14,0.23240445289526465,35.679474,20.248117,2055
14775,r10i1p1f1,2055,06,15,0.0,38.458218,21.131271,2055
14776,r10i1p1f1,2055,06,16,0.03843440017111501,39.744835,22.126352,2055
14777,r10i1p1f1,2055,06,17,0.0,41.42176,24.766527,2055
14778,r10i1p1f1,2055,06,18,0.0,41.449924,22.878515,2055
14779,r10i1p1f1,2055,06,19,0.0,41.842113,23.567232,2055
14780,r10i1p1f1,2055,06,20,0.9242576303413922,36.634148,21.258148,2055
14781,r10i1p1f1,2055,06,21,0.43007786842185614,37.265068,22.628574,2055
14782,r10i1p1f1,2055,06,22,0.01699295661589866,37.369484,22.328379,2055
14783,r10i1p1f1,2055,06,23,0.09626275113987504,35.219456,20.79466,2055
14784,r10i1p1f1,2055,06,24,6.367080762337489,25.28385,13.860232,2055
14785,r10i1p1f1,2055,06,25,0.0229723110805935,26.95243,15.291215,2055
14786,r10i1p1f1,2055,06,26,0.0,28.430128,15.718046,2055
14787,r10i1p1f1,2055,06,27,0.0,29.856054,14.420285,2055
14788,r10i1p1f1,2055,06,28,0.0,26.297352,11.164592,2055
14789,r10i1p1f1,2055,06,29,0.0,26.198776,10.666013,2055
14790,r10i1p1f1,2055,06,30,0.0,25.661715,10.89094,2055
14791,r10i1p1f1,2055,07,01,0.0,27.810656,10.571942,2055
14792,r10i1p1f1,2055,07,02,0.0,32.895096,14.219903,2055
14793,r10i1p1f1,2055,07,03,0.0,33.40546,16.05789,2055
14794,r10i1p1f1,2055,07,04,0.0,33.994038,16.805979,2055
14795,r10i1p1f1,2055,07,05,0.0,35.605114,16.78448,2055
14796,r10i1p1f1,2055,07,06,0.020474918787122556,37.779144,18.768963,2055
14797,r10i1p1f1,2055,07,07,0.0,36.566864,20.912613,2055
14798,r10i1p1f1,2055,07,08,0.0,36.870728,19.412815,2055
14799,r10i1p1f1,2055,07,09,0.0,37.75865,19.952946,2055
14800,r10i1p1f1,2055,07,10,0.0,37.408665,20.62833,2055
14801,r10i1p1f1,2055,07,11,0.0,37.412777,20.08403,2055
14802,r10i1p1f1,2055,07,12,0.0,37.894653,20.209253,2055
14803,r10i1p1f1,2055,07,13,0.0,38.707123,20.347624,2055
14804,r10i1p1f1,2055,07,14,0.4519119665737411,36.602478,21.24751,2055
14805,r10i1p1f1,2055,07,15,0.0,37.430447,23.284264,2055
14806,r10i1p1f1,2055,07,16,2.4063947937676,35.45472,20.476019,2055
14807,r10i1p1f1,2055,07,17,8.329936772535898,28.310562,16.118473,2055
14808,r10i1p1f1,2055,07,18,0.0,24.642338,18.097773,2055
14809,r10i1p1f1,2055,07,19,0.041950936271237686,31.308758,15.387294,2055
14810,r10i1p1f1,2055,07,20,4.145388297896908,30.126034,15.127151,2055
14811,r10i1p1f1,2055,07,21,1.268334405368047,31.717125,16.388569,2055
14812,r10i1p1f1,2055,07,22,0.0,37.51704,20.951378,2055
14813,r10i1p1f1,2055,07,23,0.0,39.800686,22.657385,2055
14814,r10i1p1f1,2055,07,24,0.0,42.177982,24.489475,2055
14815,r10i1p1f1,2055,07,25,0.0,41.927307,25.078285,2055
14816,r10i1p1f1,2055,07,26,0.0,39.80394,22.829386,2055
14817,r10i1p1f1,2055,07,27,0.0,36.607,20.199957,2055
14818,r10i1p1f1,2055,07,28,0.0,34.870827,18.76476,2055
14819,r10i1p1f1,2055,07,29,0.0,36.416664,19.446863,2055
14820,r10i1p1f1,2055,07,30,0.0,39.436035,20.3779,2055
14821,r10i1p1f1,2055,07,31,0.0,40.018097,22.719322,2055
14822,r10i1p1f1,2055,08,01,0.0,38.565548,22.063726,2055
14823,r10i1p1f1,2055,08,02,0.0,36.163605,19.922672,2055
14824,r10i1p1f1,2055,08,03,0.0,33.52052,17.403484,2055
14825,r10i1p1f1,2055,08,04,0.0,34.039295,16.313904,2055
14826,r10i1p1f1,2055,08,05,0.0,37.608406,18.79276,2055
14827,r10i1p1f1,2055,08,06,0.0,37.29491,18.745653,2055
14828,r10i1p1f1,2055,08,07,0.0,36.710827,18.62555,2055
14829,r10i1p1f1,2055,08,08,0.0,36.030895,18.062983,2055
14830,r10i1p1f1,2055,08,09,0.0,35.651974,18.370653,2055
14831,r10i1p1f1,2055,08,10,0.0,37.78144,20.106127,2055
14832,r10i1p1f1,2055,08,11,0.0,37.3405,20.33776,2055
14833,r10i1p1f1,2055,08,12,0.0,34.633717,17.098215,2055
14834,r10i1p1f1,2055,08,13,0.0,34.42442,16.240402,2055
14835,r10i1p1f1,2055,08,14,0.0,36.442585,16.771671,2055
14836,r10i1p1f1,2055,08,15,0.0,36.58271,20.60503,2055
14837,r10i1p1f1,2055,08,16,0.0,36.680866,20.804398,2055
14838,r10i1p1f1,2055,08,17,0.0,31.495184,15.248932,2055
14839,r10i1p1f1,2055,08,18,0.0,31.034035,14.81117,2055
14840,r10i1p1f1,2055,08,19,0.0,31.260553,14.633,2055
14841,r10i1p1f1,2055,08,20,0.0,33.280586,15.816446,2055
14842,r10i1p1f1,2055,08,21,0.0,33.241936,16.264015,2055
14843,r10i1p1f1,2055,08,22,0.0,34.360943,16.54328,2055
14844,r10i1p1f1,2055,08,23,0.0,37.232597,19.444677,2055
14845,r10i1p1f1,2055,08,24,0.0,36.39566,20.35627,2055
14846,r10i1p1f1,2055,08,25,0.0,34.56882,17.125307,2055
14847,r10i1p1f1,2055,08,26,0.0,32.825924,17.410982,2055
14848,r10i1p1f1,2055,08,27,0.0,31.89573,16.69841,2055
14849,r10i1p1f1,2055,08,28,0.0,27.896343,12.693703,2055
14850,r10i1p1f1,2055,08,29,0.0,27.74662,11.675064,2055
14851,r10i1p1f1,2055,08,30,0.0,26.972876,12.307778,2055
14852,r10i1p1f1,2055,08,31,0.0,29.755371,11.603941,2055
14853,r10i1p1f1,2055,09,01,0.0,32.93767,15.788409,2055
14854,r10i1p1f1,2055,09,02,0.0,34.34509,17.003351,2055
14855,r10i1p1f1,2055,09,03,0.0,34.209827,17.480425,2055
14856,r10i1p1f1,2055,09,04,0.0,33.366344,16.544186,2055
14857,r10i1p1f1,2055,09,05,0.0,31.218037,15.540328,2055
14858,r10i1p1f1,2055,09,06,0.0,29.13553,13.718452,2055
14859,r10i1p1f1,2055,09,07,0.0,26.940159,11.422957,2055
14860,r10i1p1f1,2055,09,08,0.0,26.80686,11.199641,2055
14861,r10i1p1f1,2055,09,09,0.0,26.180792,9.440173,2055
14862,r10i1p1f1,2055,09,10,0.0,25.878353,9.043501,2055
14863,r10i1p1f1,2055,09,11,0.0,24.939764,8.386708,2055
14864,r10i1p1f1,2055,09,12,0.0,19.678822,4.2653546,2055
14865,r10i1p1f1,2055,09,13,39.389360888545575,14.075613,2.0070033,2055
14866,r10i1p1f1,2055,09,14,33.88169780797924,16.32183,3.2908833,2055
14867,r10i1p1f1,2055,09,15,0.0,19.647564,4.239439,2055
14868,r10i1p1f1,2055,09,16,0.0,22.47554,6.3834634,2055
14869,r10i1p1f1,2055,09,17,0.0,24.004267,8.18082,2055
14870,r10i1p1f1,2055,09,18,0.0,23.335419,8.408002,2055
14871,r10i1p1f1,2055,09,19,0.0,23.404413,6.083995,2055
14872,r10i1p1f1,2055,09,20,0.0,28.230154,12.021897,2055
14873,r10i1p1f1,2055,09,21,0.0,28.022142,12.082916,2055
14874,r10i1p1f1,2055,09,22,0.0,25.369368,10.756632,2055
14875,r10i1p1f1,2055,09,23,0.0,23.437893,6.1972346,2055
14876,r10i1p1f1,2055,09,24,0.0,24.599384,7.773896,2055
14877,r10i1p1f1,2055,09,25,0.0,24.967802,11.501254,2055
14878,r10i1p1f1,2055,09,26,0.0,23.885572,9.70302,2055
14879,r10i1p1f1,2055,09,27,0.0,23.444874,8.512114,2055
14880,r10i1p1f1,2055,09,28,0.0,28.85759,11.637546,2055
14881,r10i1p1f1,2055,09,29,0.0,33.022533,17.136482,2055
14882,r10i1p1f1,2055,09,30,0.0,35.496246,17.226496,2055
14883,r10i1p1f1,2055,10,01,0.0,36.370552,21.445856,2055
14884,r10i1p1f1,2055,10,02,0.0,35.21885,20.578817,2055
14885,r10i1p1f1,2055,10,03,0.0,35.04667,17.822607,2055
14886,r10i1p1f1,2055,10,04,0.0,26.173536,12.511494,2055
14887,r10i1p1f1,2055,10,05,0.0,24.816475,12.502177,2055
14888,r10i1p1f1,2055,10,06,0.0,24.359695,11.17604,2055
14889,r10i1p1f1,2055,10,07,0.0,26.712482,12.788692,2055
14890,r10i1p1f1,2055,10,08,0.0,26.009796,12.567747,2055
14891,r10i1p1f1,2055,10,09,0.0,24.718142,11.649747,2055
14892,r10i1p1f1,2055,10,10,0.0,26.210505,12.10646,2055
14893,r10i1p1f1,2055,10,11,0.0,30.062288,11.601087,2055
14894,r10i1p1f1,2055,10,12,0.0,29.101469,13.397508,2055
14895,r10i1p1f1,2055,10,13,0.0,27.602972,13.624774,2055
14896,r10i1p1f1,2055,10,14,0.0,27.71906,10.581726,2055
14897,r10i1p1f1,2055,10,15,0.0,27.163588,9.260708,2055
14898,r10i1p1f1,2055,10,16,0.0,24.551336,10.661191,2055
14899,r10i1p1f1,2055,10,17,0.0,26.159184,10.01369,2055
14900,r10i1p1f1,2055,10,18,0.0,29.962572,10.899407,2055
14901,r10i1p1f1,2055,10,19,0.0,32.134567,13.05395,2055
14902,r10i1p1f1,2055,10,20,0.0,32.36507,12.748634,2055
14903,r10i1p1f1,2055,10,21,0.0,31.085026,14.426441,2055
14904,r10i1p1f1,2055,10,22,0.0,30.284058,12.029666,2055
14905,r10i1p1f1,2055,10,23,0.0,29.012384,14.846138,2055
14906,r10i1p1f1,2055,10,24,0.0,28.421757,12.285964,2055
14907,r10i1p1f1,2055,10,25,41.7319159161324,27.371437,14.046035,2055
14908,r10i1p1f1,2055,10,26,8.051832301412345,18.795425,10.258283,2055
14909,r10i1p1f1,2055,10,27,0.0,19.99932,6.2338305,2055
14910,r10i1p1f1,2055,10,28,0.0,24.048512,9.694439,2055
14911,r10i1p1f1,2055,10,29,0.0,24.147774,6.1529555,2055
14912,r10i1p1f1,2055,10,30,0.0,25.216976,9.542011,2055
14913,r10i1p1f1,2055,10,31,0.0,26.483986,9.471924,2055
14914,r10i1p1f1,2055,11,01,0.0,27.76362,13.770078,2055
14915,r10i1p1f1,2055,11,02,0.0,30.797081,11.468208,2055
14916,r10i1p1f1,2055,11,03,0.0,30.913118,10.7554455,2055
14917,r10i1p1f1,2055,11,04,0.0,29.635887,11.325221,2055
14918,r10i1p1f1,2055,11,05,0.0,27.411959,15.148195,2055
14919,r10i1p1f1,2055,11,06,16.10693959626492,24.249872,12.810419,2055
14920,r10i1p1f1,2055,11,07,20.95143500743066,19.48858,14.188947,2055
14921,r10i1p1f1,2055,11,08,0.845113788797167,17.12585,5.27781,2055
14922,r10i1p1f1,2055,11,09,0.3331597766143539,18.350883,4.167273,2055
14923,r10i1p1f1,2055,11,10,0.0,19.198471,7.0881257,2055
14924,r10i1p1f1,2055,11,11,0.0,21.098461,7.9846916,2055
14925,r10i1p1f1,2055,11,12,0.0,20.551056,8.017229,2055
14926,r10i1p1f1,2055,11,13,0.0,19.472807,7.277393,2055
14927,r10i1p1f1,2055,11,14,0.6538236482715307,20.542557,8.285541,2055
14928,r10i1p1f1,2055,11,15,1.9489307205443958,19.660597,8.361809,2055
14929,r10i1p1f1,2055,11,16,0.0,19.90447,6.3075013,2055
14930,r10i1p1f1,2055,11,17,0.023132273322277654,19.706736,7.129897,2055
14931,r10i1p1f1,2055,11,18,18.155068364515166,15.157485,4.993084,2055
14932,r10i1p1f1,2055,11,19,0.0,13.227494,1.3296955,2055
14933,r10i1p1f1,2055,11,20,3.4265490532465934,12.680968,0.73278886,2055
14934,r10i1p1f1,2055,11,21,2.772219378460393,10.673039,3.89659,2055
14935,r10i1p1f1,2055,11,22,1.922774260650553,10.35723,1.6964871,2055
14936,r10i1p1f1,2055,11,23,21.766298246802762,14.136364,7.2038865,2055
14937,r10i1p1f1,2055,11,24,0.07501523068640381,13.863194,4.743216,2055
14938,r10i1p1f1,2055,11,25,0.0,14.256479,2.1861744,2055
14939,r10i1p1f1,2055,11,26,0.0,16.37086,1.0893649,2055
14940,r10i1p1f1,2055,11,27,0.0,17.094976,5.543448,2055
14941,r10i1p1f1,2055,11,28,0.0803326817970772,16.05899,6.5760994,2055
14942,r10i1p1f1,2055,11,29,0.05128998939079266,14.766083,6.888159,2055
14943,r10i1p1f1,2055,11,30,0.0,14.943282,4.0447145,2055
14944,r10i1p1f1,2055,12,01,0.0,15.807361,3.574356,2055
14945,r10i1p1f1,2055,12,02,0.0,16.291174,5.471549,2055
14946,r10i1p1f1,2055,12,03,22.474200211428595,12.024253,6.2668924,2055
14947,r10i1p1f1,2055,12,04,24.784928047723184,9.962039,2.354001,2055
14948,r10i1p1f1,2055,12,05,0.0,7.6934605,-0.777733,2055
14949,r10i1p1f1,2055,12,06,2.487908493486956,7.253663,1.3611808,2055
14950,r10i1p1f1,2055,12,07,0.0,11.114311,-0.5403067,2055
14951,r10i1p1f1,2055,12,08,0.0,10.65376,-1.8934265,2055
14952,r10i1p1f1,2055,12,09,0.08099674216856856,9.977703,-0.2731508,2055
14953,r10i1p1f1,2055,12,10,33.6719249525279,7.1641116,1.7682327,2055
14954,r10i1p1f1,2055,12,11,0.13942163645161168,10.059633,1.3309664,2055
14955,r10i1p1f1,2055,12,12,0.0,10.659121,-1.1714334,2055
14956,r10i1p1f1,2055,12,13,0.0,12.83687,1.5056692,2055
14957,r10i1p1f1,2055,12,14,0.0,12.527627,4.1938796,2055
14958,r10i1p1f1,2055,12,15,6.31321808750248,13.277662,7.0303664,2055
14959,r10i1p1f1,2055,12,16,0.0,14.390076,3.7666838,2055
14960,r10i1p1f1,2055,12,17,0.0,10.8909235,0.6275322,2055
14961,r10i1p1f1,2055,12,18,9.27879819546912,5.936622,-0.2627399,2055
14962,r10i1p1f1,2055,12,19,0.0,10.378062,-1.262308,2055
14963,r10i1p1f1,2055,12,20,0.0,10.094887,1.2420927,2055
14964,r10i1p1f1,2055,12,21,0.0,14.20038,1.7022119,2055
14965,r10i1p1f1,2055,12,22,0.0,14.358652,2.8368776,2055
14966,r10i1p1f1,2055,12,23,0.0,17.65848,6.0485444,2055
14967,r10i1p1f1,2055,12,24,0.0,19.17189,7.230099,2055
14968,r10i1p1f1,2055,12,25,0.0,19.09943,7.6039686,2055
14969,r10i1p1f1,2055,12,26,0.0,20.755407,7.360658,2055
14970,r10i1p1f1,2055,12,27,0.0,19.97805,7.8868546,2055
14971,r10i1p1f1,2055,12,28,0.0,14.748543,2.8805299,2055
14972,r10i1p1f1,2055,12,29,0.0,13.066411,2.0216687,2055
14973,r10i1p1f1,2055,12,30,6.4282628698397035,10.787316,1.2113982,2055
14974,r10i1p1f1,2055,12,31,0.0,6.542005,-2.8929899,2055
14975,r10i1p1f1,2056,01,01,16.4217593299997,6.430795,-2.529401,2056
14976,r10i1p1f1,2056,01,02,6.639515113645182,6.662789,-1.1545364,2056
14977,r10i1p1f1,2056,01,03,3.1805230071768165,4.091973,-0.56114435,2056
14978,r10i1p1f1,2056,01,04,0.0,5.8390384,-6.012326,2056
14979,r10i1p1f1,2056,01,05,0.0,9.7710285,-2.7248566,2056
14980,r10i1p1f1,2056,01,06,0.1738175790658141,8.791154,-2.0989196,2056
14981,r10i1p1f1,2056,01,07,31.158602344926056,7.0722947,0.32419485,2056
14982,r10i1p1f1,2056,01,08,5.973018772611364,4.7946568,-0.75779486,2056
14983,r10i1p1f1,2056,01,09,60.543160639874834,7.9137034,0.7849858,2056
14984,r10i1p1f1,2056,01,10,18.328163091025903,8.165443,-0.8332162,2056
14985,r10i1p1f1,2056,01,11,43.00325800064265,7.3476305,0.12691458,2056
14986,r10i1p1f1,2056,01,12,0.9008817496865767,4.1629553,-2.7636445,2056
14987,r10i1p1f1,2056,01,13,36.161443068167976,7.324131,-1.3544517,2056
14988,r10i1p1f1,2056,01,14,10.040175025431765,6.8999906,0.4456237,2056
14989,r10i1p1f1,2056,01,15,3.5553265747071956,6.612863,1.6323136,2056
14990,r10i1p1f1,2056,01,16,0.0,8.860821,-2.7673855,2056
14991,r10i1p1f1,2056,01,17,0.0,8.563766,-4.1157136,2056
14992,r10i1p1f1,2056,01,18,4.756954552507715,5.7425313,-0.35620156,2056
14993,r10i1p1f1,2056,01,19,2.260401402485226,4.767828,-3.8952415,2056
14994,r10i1p1f1,2056,01,20,7.000826011330662,7.013059,0.09594967,2056
14995,r10i1p1f1,2056,01,21,0.0,8.451869,-2.2279468,2056
14996,r10i1p1f1,2056,01,22,0.0,10.379656,-3.0936487,2056
14997,r10i1p1f1,2056,01,23,0.0,12.176708,-2.4144826,2056
14998,r10i1p1f1,2056,01,24,0.0,11.0613785,0.7426585,2056
14999,r10i1p1f1,2056,01,25,0.0,10.747575,2.361799,2056
15000,r10i1p1f1,2056,01,26,0.043488768496421186,8.508967,2.8421257,2056
15001,r10i1p1f1,2056,01,27,10.135208031179468,8.979332,3.3502321,2056
15002,r10i1p1f1,2056,01,28,1.4304551980019728,7.7333727,1.6204966,2056
15003,r10i1p1f1,2056,01,29,1.7682899668072518,6.1670084,-4.8457713,2056
15004,r10i1p1f1,2056,01,30,39.81036136882674,6.266963,-3.6354928,2056
15005,r10i1p1f1,2056,01,31,0.10780110008597962,5.440877,0.069825225,2056
15006,r10i1p1f1,2056,02,01,0.13928294344000997,5.7083635,-3.4894285,2056
15007,r10i1p1f1,2056,02,02,8.402166737467173,4.835369,-5.5106225,2056
15008,r10i1p1f1,2056,02,03,1.7998922202542944,4.4659367,-2.4812365,2056
15009,r10i1p1f1,2056,02,04,0.0,2.0193958,-9.682115,2056
15010,r10i1p1f1,2056,02,05,0.0,3.8049605,-7.962987,2056
15011,r10i1p1f1,2056,02,06,0.0,7.3313303,-5.4067326,2056
15012,r10i1p1f1,2056,02,07,0.0,7.680746,-3.3985748,2056
15013,r10i1p1f1,2056,02,08,0.0,6.0396333,-3.0697398,2056
15014,r10i1p1f1,2056,02,09,0.0,2.3059063,-9.6777525,2056
15015,r10i1p1f1,2056,02,10,0.0,2.4778416,-9.965536,2056
15016,r10i1p1f1,2056,02,11,0.0,4.3108497,-7.870412,2056
15017,r10i1p1f1,2056,02,12,0.0,5.6936374,-6.690593,2056
15018,r10i1p1f1,2056,02,13,0.0,8.709262,-4.9333487,2056
15019,r10i1p1f1,2056,02,14,0.0,9.376458,-2.0712733,2056
15020,r10i1p1f1,2056,02,15,0.0,6.710994,-6.108835,2056
15021,r10i1p1f1,2056,02,16,5.141896342281957,4.44107,-4.391248,2056
15022,r10i1p1f1,2056,02,17,2.3870640519051354,0.39531827,-10.012316,2056
15023,r10i1p1f1,2056,02,18,1.65630726754252,1.1309007,-8.945163,2056
15024,r10i1p1f1,2056,02,19,0.20643450900120355,3.1980433,-8.069647,2056
15025,r10i1p1f1,2056,02,20,2.438613279072773,4.6097918,-3.0156868,2056
15026,r10i1p1f1,2056,02,21,0.0,8.631574,-6.593197,2056
15027,r10i1p1f1,2056,02,22,0.0,8.404039,-4.8969846,2056
15028,r10i1p1f1,2056,02,23,0.0,8.766053,-2.7018394,2056
15029,r10i1p1f1,2056,02,24,43.06467781884988,7.0670257,0.9125661,2056
15030,r10i1p1f1,2056,02,25,61.27449018378301,7.192444,1.6874775,2056
15031,r10i1p1f1,2056,02,26,14.940808842603522,7.1015916,2.2902482,2056
15032,r10i1p1f1,2056,02,27,0.0,11.694575,-0.048709266,2056
15033,r10i1p1f1,2056,02,28,0.0,11.613204,-1.3754493,2056
15034,r10i1p1f1,2056,02,29,16.72120001396826,7.6568155,1.9110962,2056
15035,r10i1p1f1,2056,03,01,0.0,10.276429,-1.6700873,2056
15036,r10i1p1f1,2056,03,02,0.0,9.334591,-3.5898902,2056
15037,r10i1p1f1,2056,03,03,0.0,10.922333,-1.800148,2056
15038,r10i1p1f1,2056,03,04,0.0,13.217985,-3.2262228,2056
15039,r10i1p1f1,2056,03,05,0.0,11.836607,-1.893893,2056
15040,r10i1p1f1,2056,03,06,21.5899488755416,8.1977415,0.64113235,2056
15041,r10i1p1f1,2056,03,07,37.58872087714017,10.0240755,3.4741838,2056
15042,r10i1p1f1,2056,03,08,50.3869588621647,11.243287,6.2875204,2056
15043,r10i1p1f1,2056,03,09,7.120914754686007,9.711709,2.230065,2056
15044,r10i1p1f1,2056,03,10,46.70378425538442,13.781731,2.240966,2056
15045,r10i1p1f1,2056,03,11,48.82725636860797,14.064716,2.41853,2056
15046,r10i1p1f1,2056,03,12,0.4542450283081148,9.278693,0.88230455,2056
15047,r10i1p1f1,2056,03,13,2.382388762711535,10.905786,-0.7716233,2056
15048,r10i1p1f1,2056,03,14,0.0,11.343717,-1.7663482,2056
15049,r10i1p1f1,2056,03,15,0.0,11.001052,-1.3425913,2056
15050,r10i1p1f1,2056,03,16,0.0,11.495704,-3.603106,2056
15051,r10i1p1f1,2056,03,17,0.0,12.162166,-4.2809463,2056
15052,r10i1p1f1,2056,03,18,0.0,12.458437,-2.974315,2056
15053,r10i1p1f1,2056,03,19,2.94020869725955,12.221775,3.9874132,2056
15054,r10i1p1f1,2056,03,20,4.515509615798931,11.232737,6.2911353,2056
15055,r10i1p1f1,2056,03,21,1.7651718479053096,12.480201,5.4841084,2056
15056,r10i1p1f1,2056,03,22,3.8345777000071584,11.518092,5.024393,2056
15057,r10i1p1f1,2056,03,23,0.4500769688260526,10.335818,2.587675,2056
15058,r10i1p1f1,2056,03,24,0.0,14.553894,-1.7865107,2056
15059,r10i1p1f1,2056,03,25,0.0,20.147442,3.5566118,2056
15060,r10i1p1f1,2056,03,26,0.0,22.640957,6.2950816,2056
15061,r10i1p1f1,2056,03,27,0.0,23.955957,6.334796,2056
15062,r10i1p1f1,2056,03,28,0.0,23.067186,8.455689,2056
15063,r10i1p1f1,2056,03,29,6.410027266955646,16.806982,4.4386115,2056
15064,r10i1p1f1,2056,03,30,0.0,17.381296,4.2511253,2056
15065,r10i1p1f1,2056,03,31,0.39738354512098195,17.736193,4.178193,2056
15066,r10i1p1f1,2056,04,01,0.9864316876820866,16.3315,7.4114623,2056
15067,r10i1p1f1,2056,04,02,7.227357084722922,14.990098,6.7261724,2056
15068,r10i1p1f1,2056,04,03,0.38322612500020403,13.788934,6.2236905,2056
15069,r10i1p1f1,2056,04,04,0.0,17.632227,2.6667998,2056
15070,r10i1p1f1,2056,04,05,0.0,21.76119,4.9219303,2056
15071,r10i1p1f1,2056,04,06,0.0,27.692026,9.165506,2056
15072,r10i1p1f1,2056,04,07,0.0,32.896152,13.270454,2056
15073,r10i1p1f1,2056,04,08,0.0,33.709217,14.599013,2056
15074,r10i1p1f1,2056,04,09,0.0,33.030956,15.555499,2056
15075,r10i1p1f1,2056,04,10,0.0,29.525587,13.478082,2056
15076,r10i1p1f1,2056,04,11,0.010153994404199215,26.574518,11.613758,2056
15077,r10i1p1f1,2056,04,12,0.0,23.46331,10.915432,2056
15078,r10i1p1f1,2056,04,13,0.0,21.668087,8.760596,2056
15079,r10i1p1f1,2056,04,14,1.1550145406401593,18.55751,4.439888,2056
15080,r10i1p1f1,2056,04,15,8.925949540006465,9.683743,0.050536506,2056
15081,r10i1p1f1,2056,04,16,14.851191048632915,8.071969,1.8813511,2056
15082,r10i1p1f1,2056,04,17,16.203005752054434,9.051245,-1.2344695,2056
15083,r10i1p1f1,2056,04,18,18.631529727472778,8.56774,2.8123665,2056
15084,r10i1p1f1,2056,04,19,7.813759032126798,9.837342,0.4852787,2056
15085,r10i1p1f1,2056,04,20,0.0,14.232737,1.8676995,2056
15086,r10i1p1f1,2056,04,21,0.576319489738652,16.27896,3.3099506,2056
15087,r10i1p1f1,2056,04,22,19.53122716697276,16.217463,2.7560694,2056
15088,r10i1p1f1,2056,04,23,30.650267991778062,6.035941,-2.9109936,2056
15089,r10i1p1f1,2056,04,24,20.760702011160134,8.327914,-0.8733404,2056
15090,r10i1p1f1,2056,04,25,0.0,10.3324585,0.14256588,2056
15091,r10i1p1f1,2056,04,26,0.0,12.167752,-1.3844775,2056
15092,r10i1p1f1,2056,04,27,0.0,17.812628,0.9970344,2056
15093,r10i1p1f1,2056,04,28,10.224636483747561,17.488237,4.7652636,2056
15094,r10i1p1f1,2056,04,29,0.6463498257816307,16.4249,5.3902845,2056
15095,r10i1p1f1,2056,04,30,0.0,18.858295,4.5627074,2056
15096,r10i1p1f1,2056,05,01,0.0,17.804243,7.3639183,2056
15097,r10i1p1f1,2056,05,02,0.0,18.090723,7.6037526,2056
15098,r10i1p1f1,2056,05,03,0.48241351188679754,17.245575,6.5935173,2056
15099,r10i1p1f1,2056,05,04,0.0,18.632837,3.8510725,2056
15100,r10i1p1f1,2056,05,05,0.0,21.562387,6.132595,2056
15101,r10i1p1f1,2056,05,06,0.0894180949552193,20.771317,9.359675,2056
15102,r10i1p1f1,2056,05,07,23.197969825981232,16.655005,9.391256,2056
15103,r10i1p1f1,2056,05,08,0.7052078107096206,22.57398,7.22818,2056
15104,r10i1p1f1,2056,05,09,0.0,25.7432,9.55071,2056
15105,r10i1p1f1,2056,05,10,0.0,25.350304,10.044808,2056
15106,r10i1p1f1,2056,05,11,0.0,24.21319,9.547091,2056
15107,r10i1p1f1,2056,05,12,0.0,23.849625,9.166684,2056
15108,r10i1p1f1,2056,05,13,0.0,29.110455,13.371454,2056
15109,r10i1p1f1,2056,05,14,0.0,31.816156,16.45964,2056
15110,r10i1p1f1,2056,05,15,0.0,32.706486,15.40083,2056
15111,r10i1p1f1,2056,05,16,0.0,33.229935,16.107508,2056
15112,r10i1p1f1,2056,05,17,0.0,31.987413,16.622992,2056
15113,r10i1p1f1,2056,05,18,0.0,30.635624,15.844166,2056
15114,r10i1p1f1,2056,05,19,0.0,31.37345,14.321822,2056
15115,r10i1p1f1,2056,05,20,0.0,31.837805,15.794581,2056
15116,r10i1p1f1,2056,05,21,0.0,31.313595,14.150464,2056
15117,r10i1p1f1,2056,05,22,0.0,30.24903,13.565014,2056
15118,r10i1p1f1,2056,05,23,0.0,29.236303,13.937293,2056
15119,r10i1p1f1,2056,05,24,0.0,30.196932,12.65271,2056
15120,r10i1p1f1,2056,05,25,0.0,33.29856,15.657849,2056
15121,r10i1p1f1,2056,05,26,0.0010823505123737146,32.47537,16.7239,2056
15122,r10i1p1f1,2056,05,27,0.0,31.822943,16.168253,2056
15123,r10i1p1f1,2056,05,28,0.0,30.463171,14.752401,2056
15124,r10i1p1f1,2056,05,29,0.0,24.769924,8.846893,2056
15125,r10i1p1f1,2056,05,30,0.0,25.38655,9.0913925,2056
15126,r10i1p1f1,2056,05,31,0.0,28.79746,12.602697,2056
15127,r10i1p1f1,2056,06,01,0.0,29.468567,13.040461,2056
15128,r10i1p1f1,2056,06,02,0.0,29.869349,15.073367,2056
15129,r10i1p1f1,2056,06,03,0.0,31.879873,14.197085,2056
15130,r10i1p1f1,2056,06,04,0.0,34.294006,15.5262575,2056
15131,r10i1p1f1,2056,06,05,1.0310045048275864,29.954412,14.151135,2056
15132,r10i1p1f1,2056,06,06,0.0,28.94867,13.861401,2056
15133,r10i1p1f1,2056,06,07,0.0,29.31657,13.54906,2056
15134,r10i1p1f1,2056,06,08,0.023525367606979625,27.904804,11.848572,2056
15135,r10i1p1f1,2056,06,09,0.0,31.177393,17.254023,2056
15136,r10i1p1f1,2056,06,10,0.0,29.432306,13.478832,2056
15137,r10i1p1f1,2056,06,11,0.0,26.026709,9.750495,2056
15138,r10i1p1f1,2056,06,12,0.0,30.04688,12.42071,2056
15139,r10i1p1f1,2056,06,13,0.0,29.353807,12.513344,2056
15140,r10i1p1f1,2056,06,14,0.0,28.841019,12.598326,2056
15141,r10i1p1f1,2056,06,15,0.0,30.433588,12.474391,2056
15142,r10i1p1f1,2056,06,16,0.0,29.419752,13.736422,2056
15143,r10i1p1f1,2056,06,17,0.0,28.475624,12.38521,2056
15144,r10i1p1f1,2056,06,18,0.0,24.539165,9.514663,2056
15145,r10i1p1f1,2056,06,19,0.0,24.114422,9.771472,2056
15146,r10i1p1f1,2056,06,20,0.0,25.39953,9.359436,2056
15147,r10i1p1f1,2056,06,21,0.0,26.097488,9.346678,2056
15148,r10i1p1f1,2056,06,22,0.0,26.766666,11.761732,2056
15149,r10i1p1f1,2056,06,23,0.0,26.1674,9.63976,2056
15150,r10i1p1f1,2056,06,24,0.0,27.630163,10.193611,2056
15151,r10i1p1f1,2056,06,25,0.0,32.981083,15.043002,2056
15152,r10i1p1f1,2056,06,26,0.0,37.909103,20.672857,2056
15153,r10i1p1f1,2056,06,27,0.0,37.935574,19.337692,2056
15154,r10i1p1f1,2056,06,28,0.0,36.145527,19.43329,2056
15155,r10i1p1f1,2056,06,29,0.0,32.423523,16.70051,2056
15156,r10i1p1f1,2056,06,30,0.0,34.951794,17.211147,2056
15157,r10i1p1f1,2056,07,01,0.0,36.800915,19.78215,2056
15158,r10i1p1f1,2056,07,02,0.0,35.523422,19.222486,2056
15159,r10i1p1f1,2056,07,03,0.0,34.838604,18.032362,2056
15160,r10i1p1f1,2056,07,04,0.0,36.842136,22.049477,2056
15161,r10i1p1f1,2056,07,05,0.0,39.753674,22.372866,2056
15162,r10i1p1f1,2056,07,06,0.0,39.76283,21.901403,2056
15163,r10i1p1f1,2056,07,07,0.0,37.96446,21.018652,2056
15164,r10i1p1f1,2056,07,08,0.0,37.309017,19.98147,2056
15165,r10i1p1f1,2056,07,09,0.0,35.196285,20.008427,2056
15166,r10i1p1f1,2056,07,10,0.0,37.202675,20.117615,2056
15167,r10i1p1f1,2056,07,11,0.0,36.56764,18.62618,2056
15168,r10i1p1f1,2056,07,12,0.0,32.110683,16.154135,2056
15169,r10i1p1f1,2056,07,13,0.0,30.455439,14.642474,2056
15170,r10i1p1f1,2056,07,14,0.0,27.989233,11.812336,2056
15171,r10i1p1f1,2056,07,15,0.0,29.24339,12.383867,2056
15172,r10i1p1f1,2056,07,16,0.0,29.34205,12.778782,2056
15173,r10i1p1f1,2056,07,17,0.0,30.730343,13.824099,2056
15174,r10i1p1f1,2056,07,18,0.0,33.611813,15.5010195,2056
15175,r10i1p1f1,2056,07,19,0.0,33.09303,16.775537,2056
15176,r10i1p1f1,2056,07,20,0.0,33.153564,15.901402,2056
15177,r10i1p1f1,2056,07,21,0.0,35.62841,17.592539,2056
15178,r10i1p1f1,2056,07,22,0.0,35.7913,18.690998,2056
15179,r10i1p1f1,2056,07,23,0.0,35.808228,17.59928,2056
15180,r10i1p1f1,2056,07,24,0.0,36.237164,17.537348,2056
15181,r10i1p1f1,2056,07,25,0.0,36.7582,18.43887,2056
15182,r10i1p1f1,2056,07,26,0.0,36.474586,19.038944,2056
15183,r10i1p1f1,2056,07,27,0.0,36.023853,18.895718,2056
15184,r10i1p1f1,2056,07,28,0.0,35.037647,17.673956,2056
15185,r10i1p1f1,2056,07,29,0.0,32.845776,16.383284,2056
15186,r10i1p1f1,2056,07,30,0.0,34.295563,16.652334,2056
15187,r10i1p1f1,2056,07,31,0.0,37.03147,18.755531,2056
15188,r10i1p1f1,2056,08,01,0.0,37.350822,19.866522,2056
15189,r10i1p1f1,2056,08,02,0.0,37.61343,19.50175,2056
15190,r10i1p1f1,2056,08,03,0.0,38.06496,19.916824,2056
15191,r10i1p1f1,2056,08,04,0.0,37.427704,19.850227,2056
15192,r10i1p1f1,2056,08,05,0.0,36.515522,18.643244,2056
15193,r10i1p1f1,2056,08,06,0.0,35.26414,18.010708,2056
15194,r10i1p1f1,2056,08,07,0.0,34.73949,19.245476,2056
15195,r10i1p1f1,2056,08,08,0.0,32.99005,16.00047,2056
15196,r10i1p1f1,2056,08,09,0.0,33.200188,15.182479,2056
15197,r10i1p1f1,2056,08,10,0.0,35.459576,18.463263,2056
15198,r10i1p1f1,2056,08,11,0.0,33.710167,16.857798,2056
15199,r10i1p1f1,2056,08,12,0.0,34.0425,16.15807,2056
15200,r10i1p1f1,2056,08,13,0.0,33.39735,15.998077,2056
15201,r10i1p1f1,2056,08,14,0.0,30.744474,15.212766,2056
15202,r10i1p1f1,2056,08,15,0.0,29.854975,13.304223,2056
15203,r10i1p1f1,2056,08,16,0.0,30.398687,12.484907,2056
15204,r10i1p1f1,2056,08,17,0.0,34.20348,15.956914,2056
15205,r10i1p1f1,2056,08,18,0.0,33.490646,17.66259,2056
15206,r10i1p1f1,2056,08,19,0.0,30.771925,14.730067,2056
15207,r10i1p1f1,2056,08,20,0.0,28.915607,11.784573,2056
15208,r10i1p1f1,2056,08,21,0.0,32.143444,13.720558,2056
15209,r10i1p1f1,2056,08,22,0.0,32.709095,16.482168,2056
15210,r10i1p1f1,2056,08,23,0.0,31.701788,16.271317,2056
15211,r10i1p1f1,2056,08,24,0.0,34.563244,16.172913,2056
15212,r10i1p1f1,2056,08,25,4.7199786423585754,31.71984,18.79765,2056
15213,r10i1p1f1,2056,08,26,0.0,32.718727,16.44048,2056
15214,r10i1p1f1,2056,08,27,0.0,35.44936,17.900915,2056
15215,r10i1p1f1,2056,08,28,0.0,36.063747,18.12962,2056
15216,r10i1p1f1,2056,08,29,0.0,36.276604,18.763502,2056
15217,r10i1p1f1,2056,08,30,0.0,37.11309,20.59834,2056
15218,r10i1p1f1,2056,08,31,0.0,35.90886,19.37653,2056
15219,r10i1p1f1,2056,09,01,0.0,31.10822,15.272909,2056
15220,r10i1p1f1,2056,09,02,0.0,31.813757,14.559981,2056
15221,r10i1p1f1,2056,09,03,0.0,33.148964,15.901889,2056
15222,r10i1p1f1,2056,09,04,0.0,32.335888,16.421255,2056
15223,r10i1p1f1,2056,09,05,0.0,33.09373,15.586682,2056
15224,r10i1p1f1,2056,09,06,0.0,35.78296,18.718985,2056
15225,r10i1p1f1,2056,09,07,0.0,35.393536,18.690083,2056
15226,r10i1p1f1,2056,09,08,0.0,34.694324,16.729652,2056
15227,r10i1p1f1,2056,09,09,0.0,37.32038,19.08243,2056
15228,r10i1p1f1,2056,09,10,0.0,36.954235,20.480717,2056
15229,r10i1p1f1,2056,09,11,0.0,37.197823,20.048203,2056
15230,r10i1p1f1,2056,09,12,0.0,39.592083,21.162064,2056
15231,r10i1p1f1,2056,09,13,0.0,39.382603,21.969189,2056
15232,r10i1p1f1,2056,09,14,0.0,37.706696,21.387913,2056
15233,r10i1p1f1,2056,09,15,0.0,38.594536,21.296307,2056
15234,r10i1p1f1,2056,09,16,0.0,36.847385,19.18364,2056
15235,r10i1p1f1,2056,09,17,0.0,34.804543,19.479656,2056
15236,r10i1p1f1,2056,09,18,0.0,32.982685,15.808833,2056
15237,r10i1p1f1,2056,09,19,0.0,32.873047,18.074217,2056
15238,r10i1p1f1,2056,09,20,0.0,32.84321,16.833778,2056
15239,r10i1p1f1,2056,09,21,0.0,31.972021,16.67052,2056
15240,r10i1p1f1,2056,09,22,0.0,28.643198,14.161851,2056
15241,r10i1p1f1,2056,09,23,0.0,30.140549,13.283025,2056
15242,r10i1p1f1,2056,09,24,0.0,32.754612,15.637824,2056
15243,r10i1p1f1,2056,09,25,0.0,32.1893,14.867962,2056
15244,r10i1p1f1,2056,09,26,0.0,34.422646,18.859781,2056
15245,r10i1p1f1,2056,09,27,0.0,37.838207,20.244757,2056
15246,r10i1p1f1,2056,09,28,0.0,37.79189,24.766018,2056
15247,r10i1p1f1,2056,09,29,0.0,37.140095,23.271921,2056
15248,r10i1p1f1,2056,09,30,0.0,36.312344,22.333153,2056
15249,r10i1p1f1,2056,10,01,0.0,34.81013,20.560753,2056
15250,r10i1p1f1,2056,10,02,0.0,31.133738,18.41667,2056
15251,r10i1p1f1,2056,10,03,0.0,30.246418,16.129532,2056
15252,r10i1p1f1,2056,10,04,0.0,29.202276,16.21955,2056
15253,r10i1p1f1,2056,10,05,0.0,29.679861,14.729373,2056
15254,r10i1p1f1,2056,10,06,0.0,29.678862,12.51902,2056
15255,r10i1p1f1,2056,10,07,0.0,29.430735,12.986515,2056
15256,r10i1p1f1,2056,10,08,0.0,34.115818,16.679977,2056
15257,r10i1p1f1,2056,10,09,0.0,33.736767,18.700397,2056
15258,r10i1p1f1,2056,10,10,0.0,32.306854,18.142633,2056
15259,r10i1p1f1,2056,10,11,0.0,28.171303,13.820171,2056
15260,r10i1p1f1,2056,10,12,0.0,32.181736,14.214301,2056
15261,r10i1p1f1,2056,10,13,0.0,34.854034,15.241615,2056
15262,r10i1p1f1,2056,10,14,0.0,28.722862,12.628338,2056
15263,r10i1p1f1,2056,10,15,0.0,25.533035,12.820885,2056
15264,r10i1p1f1,2056,10,16,0.0,28.693275,12.471345,2056
15265,r10i1p1f1,2056,10,17,0.0,28.031002,13.556432,2056
15266,r10i1p1f1,2056,10,18,0.0,22.452814,9.195233,2056
15267,r10i1p1f1,2056,10,19,0.0,27.16265,11.361751,2056
15268,r10i1p1f1,2056,10,20,0.0,26.072033,10.475756,2056
15269,r10i1p1f1,2056,10,21,0.0,27.269535,12.667173,2056
15270,r10i1p1f1,2056,10,22,0.0,28.44835,11.021984,2056
15271,r10i1p1f1,2056,10,23,0.0,27.159813,11.530144,2056
15272,r10i1p1f1,2056,10,24,0.0,24.548647,10.179047,2056
15273,r10i1p1f1,2056,10,25,0.0,20.486612,8.756386,2056
15274,r10i1p1f1,2056,10,26,31.831490894240375,19.795927,6.671514,2056
15275,r10i1p1f1,2056,10,27,0.061874237469869274,15.727821,2.4428842,2056
15276,r10i1p1f1,2056,10,28,0.08641074654836925,15.082446,3.0183878,2056
15277,r10i1p1f1,2056,10,29,0.0,15.35434,4.2674837,2056
15278,r10i1p1f1,2056,10,30,0.0,17.721735,4.504425,2056
15279,r10i1p1f1,2056,10,31,0.0,18.178976,4.2977157,2056
15280,r10i1p1f1,2056,11,01,0.0,18.345825,6.038909,2056
15281,r10i1p1f1,2056,11,02,0.0,19.836744,6.409432,2056
15282,r10i1p1f1,2056,11,03,0.0,21.951235,7.672259,2056
15283,r10i1p1f1,2056,11,04,0.0,21.189005,11.479318,2056
15284,r10i1p1f1,2056,11,05,21.88509007744295,20.54212,9.200872,2056
15285,r10i1p1f1,2056,11,06,2.166386628727866,14.567704,7.444349,2056
15286,r10i1p1f1,2056,11,07,1.642561358424868,15.053865,4.740806,2056
15287,r10i1p1f1,2056,11,08,0.0,18.713984,5.4724555,2056
15288,r10i1p1f1,2056,11,09,0.0,20.775238,5.301914,2056
15289,r10i1p1f1,2056,11,10,0.0,24.723791,6.003473,2056
15290,r10i1p1f1,2056,11,11,0.0,23.919317,7.5321236,2056
15291,r10i1p1f1,2056,11,12,0.0,25.136467,10.759169,2056
15292,r10i1p1f1,2056,11,13,0.0,24.826565,12.107038,2056
15293,r10i1p1f1,2056,11,14,0.0,23.003317,10.264534,2056
15294,r10i1p1f1,2056,11,15,0.061031015081282114,19.10886,6.9411526,2056
15295,r10i1p1f1,2056,11,16,0.0,17.411776,5.402468,2056
15296,r10i1p1f1,2056,11,17,0.0,16.98384,3.390233,2056
15297,r10i1p1f1,2056,11,18,5.8424414759429055,14.964304,5.590987,2056
15298,r10i1p1f1,2056,11,19,18.432389311821776,9.783298,2.5079007,2056
15299,r10i1p1f1,2056,11,20,6.64997595510948,7.326942,1.9659414,2056
15300,r10i1p1f1,2056,11,21,0.0,9.759051,-0.30293393,2056
15301,r10i1p1f1,2056,11,22,0.0,13.968376,-2.4336412,2056
15302,r10i1p1f1,2056,11,23,0.0,16.194002,1.935367,2056
15303,r10i1p1f1,2056,11,24,3.0254849884218666,14.49688,4.7503734,2056
15304,r10i1p1f1,2056,11,25,0.0,14.140226,5.1710134,2056
15305,r10i1p1f1,2056,11,26,1.400455445170672,12.707773,8.040834,2056
15306,r10i1p1f1,2056,11,27,0.0,16.278059,3.1019835,2056
15307,r10i1p1f1,2056,11,28,10.103111879020856,14.525867,8.071017,2056
15308,r10i1p1f1,2056,11,29,28.801248465529888,14.817007,8.727986,2056
15309,r10i1p1f1,2056,11,30,31.057587157824617,14.83322,13.195028,2056
15310,r10i1p1f1,2056,12,01,26.91699713989357,13.27406,6.9648027,2056
15311,r10i1p1f1,2056,12,02,1.5511499768667578,11.898578,6.8016815,2056
15312,r10i1p1f1,2056,12,03,11.035703076662397,10.842046,6.312176,2056
15313,r10i1p1f1,2056,12,04,0.008489353345602899,10.242514,5.5985117,2056
15314,r10i1p1f1,2056,12,05,0.3868321549338074,11.081352,2.9288824,2056
15315,r10i1p1f1,2056,12,06,24.458943767852983,11.121204,5.344974,2056
15316,r10i1p1f1,2056,12,07,23.264116830786836,10.801199,6.087986,2056
15317,r10i1p1f1,2056,12,08,12.958512772265271,12.599147,6.5943136,2056
15318,r10i1p1f1,2056,12,09,0.0,15.445514,9.426999,2056
15319,r10i1p1f1,2056,12,10,22.76135006962393,13.14973,7.364651,2056
15320,r10i1p1f1,2056,12,11,10.924974087500136,10.749496,5.170897,2056
15321,r10i1p1f1,2056,12,12,19.19725148549524,11.0344515,6.3908124,2056
15322,r10i1p1f1,2056,12,13,0.0,11.278194,5.124594,2056
15323,r10i1p1f1,2056,12,14,18.21925404947251,9.623086,3.8017166,2056
15324,r10i1p1f1,2056,12,15,0.0,13.25327,3.1647651,2056
15325,r10i1p1f1,2056,12,16,0.0,15.310921,4.365677,2056
15326,r10i1p1f1,2056,12,17,0.0,17.641424,6.286421,2056
15327,r10i1p1f1,2056,12,18,0.0,16.889359,6.791092,2056
15328,r10i1p1f1,2056,12,19,0.0,16.266272,6.619564,2056
15329,r10i1p1f1,2056,12,20,0.20341489456481404,10.22391,4.921884,2056
15330,r10i1p1f1,2056,12,21,0.0,12.487236,0.35968378,2056
15331,r10i1p1f1,2056,12,22,0.0,12.1151,2.0190232,2056
15332,r10i1p1f1,2056,12,23,49.63542528658811,10.095369,4.7906437,2056
15333,r10i1p1f1,2056,12,24,46.14502780513201,9.205087,0.5697668,2056
15334,r10i1p1f1,2056,12,25,1.1239783430794072,4.924762,-1.5751011,2056
15335,r10i1p1f1,2056,12,26,0.0,5.2009406,-5.2980027,2056
15336,r10i1p1f1,2056,12,27,8.904726120454143,5.7823906,0.5414517,2056
15337,r10i1p1f1,2056,12,28,0.0,11.189198,-1.6259408,2056
15338,r10i1p1f1,2056,12,29,0.0,11.253237,-0.28970116,2056
15339,r10i1p1f1,2056,12,30,0.0,11.021422,3.1180222,2056
15340,r10i1p1f1,2056,12,31,0.0,16.66339,4.4461884,2056
15341,r10i1p1f1,2057,01,01,0.0,16.920984,5.0388064,2057
15342,r10i1p1f1,2057,01,02,0.0,16.809187,6.423744,2057
15343,r10i1p1f1,2057,01,03,0.0,17.489822,5.874884,2057
15344,r10i1p1f1,2057,01,04,0.0,17.445599,5.6399198,2057
15345,r10i1p1f1,2057,01,05,0.0,17.50744,5.9091444,2057
15346,r10i1p1f1,2057,01,06,0.0,15.51128,4.5830803,2057
15347,r10i1p1f1,2057,01,07,0.0,14.692238,7.0633607,2057
15348,r10i1p1f1,2057,01,08,0.0,17.274326,7.0908346,2057
15349,r10i1p1f1,2057,01,09,0.0,17.999434,4.555941,2057
15350,r10i1p1f1,2057,01,10,0.0,15.644917,3.4877226,2057
15351,r10i1p1f1,2057,01,11,0.0,14.13836,2.3923085,2057
15352,r10i1p1f1,2057,01,12,0.0,13.687028,2.5984402,2057
15353,r10i1p1f1,2057,01,13,0.0,13.174608,1.7568992,2057
15354,r10i1p1f1,2057,01,14,5.032345829232853,11.03107,3.9188392,2057
15355,r10i1p1f1,2057,01,15,81.78870008498626,12.465388,4.8835425,2057
15356,r10i1p1f1,2057,01,16,105.34941646956692,16.893805,10.267948,2057
15357,r10i1p1f1,2057,01,17,15.30235255122534,11.942507,7.0568733,2057
15358,r10i1p1f1,2057,01,18,0.028103064151333745,12.231311,3.1184824,2057
15359,r10i1p1f1,2057,01,19,0.0,11.702747,0.7215223,2057
15360,r10i1p1f1,2057,01,20,0.0,15.057958,2.837514,2057
15361,r10i1p1f1,2057,01,21,0.0,14.754479,6.062258,2057
15362,r10i1p1f1,2057,01,22,0.0,17.139082,6.7806783,2057
15363,r10i1p1f1,2057,01,23,0.0,17.883965,6.3752837,2057
15364,r10i1p1f1,2057,01,24,0.0,20.564886,8.360331,2057
15365,r10i1p1f1,2057,01,25,0.0,20.557745,9.179987,2057
15366,r10i1p1f1,2057,01,26,3.8200645404733797,18.717928,7.7152824,2057
15367,r10i1p1f1,2057,01,27,19.356709606884245,12.068788,5.897606,2057
15368,r10i1p1f1,2057,01,28,11.964854190285367,12.695604,5.32022,2057
15369,r10i1p1f1,2057,01,29,23.886414218424378,14.509006,8.475818,2057
15370,r10i1p1f1,2057,01,30,3.1930512929217287,14.119772,5.710115,2057
15371,r10i1p1f1,2057,01,31,27.8395713435633,12.983416,7.8408413,2057
15372,r10i1p1f1,2057,02,01,0.08572897303039147,13.757875,6.3650575,2057
15373,r10i1p1f1,2057,02,02,70.21605039971243,14.925004,6.584753,2057
15374,r10i1p1f1,2057,02,03,0.6279742607746716,18.526377,8.281795,2057
15375,r10i1p1f1,2057,02,04,44.42297837415122,18.322351,9.528721,2057
15376,r10i1p1f1,2057,02,05,5.6352207809571775,17.17365,9.482297,2057
15377,r10i1p1f1,2057,02,06,0.0,16.140284,4.923036,2057
15378,r10i1p1f1,2057,02,07,5.6964820410939865,15.312223,8.341046,2057
15379,r10i1p1f1,2057,02,08,28.018664471547755,11.750073,5.791922,2057
15380,r10i1p1f1,2057,02,09,8.10186394132631,11.485779,1.7480123,2057
15381,r10i1p1f1,2057,02,10,0.0,10.459897,3.1598449,2057
15382,r10i1p1f1,2057,02,11,6.50673669228318,7.770246,-0.5992801,2057
15383,r10i1p1f1,2057,02,12,1.9143195295710986,7.8989854,0.36231795,2057
15384,r10i1p1f1,2057,02,13,0.14477725822201282,9.613055,2.874815,2057
15385,r10i1p1f1,2057,02,14,37.45026475425173,11.099226,2.5269217,2057
15386,r10i1p1f1,2057,02,15,22.89260832828739,12.475141,3.814266,2057
15387,r10i1p1f1,2057,02,16,20.719658586466196,10.42449,3.849839,2057
15388,r10i1p1f1,2057,02,17,0.0,12.941562,1.7420791,2057
15389,r10i1p1f1,2057,02,18,0.0,14.824935,3.405963,2057
15390,r10i1p1f1,2057,02,19,0.0,16.72213,2.6788263,2057
15391,r10i1p1f1,2057,02,20,14.52300766066305,16.68134,5.32127,2057
15392,r10i1p1f1,2057,02,21,0.0,17.295404,3.7566013,2057
15393,r10i1p1f1,2057,02,22,0.0,15.826134,2.228827,2057
15394,r10i1p1f1,2057,02,23,5.489046636955065,14.069036,3.0731792,2057
15395,r10i1p1f1,2057,02,24,0.011411709810042674,10.989436,2.2624314,2057
15396,r10i1p1f1,2057,02,25,47.052182179973705,10.859515,2.6846218,2057
15397,r10i1p1f1,2057,02,26,0.0,12.52101,1.9871985,2057
15398,r10i1p1f1,2057,02,27,0.26261004757926504,13.585097,3.3725667,2057
15399,r10i1p1f1,2057,02,28,0.0,17.5357,4.602052,2057
15400,r10i1p1f1,2057,03,01,0.0,17.695044,1.939783,2057
15401,r10i1p1f1,2057,03,02,0.0,14.728554,0.9663447,2057
15402,r10i1p1f1,2057,03,03,0.0,14.1503525,0.4865831,2057
15403,r10i1p1f1,2057,03,04,0.0,17.278616,1.4866554,2057
15404,r10i1p1f1,2057,03,05,0.0,18.771437,4.1527853,2057
15405,r10i1p1f1,2057,03,06,0.0,20.535526,6.00117,2057
15406,r10i1p1f1,2057,03,07,0.0,22.765453,6.822094,2057
15407,r10i1p1f1,2057,03,08,0.0,23.368378,7.019018,2057
15408,r10i1p1f1,2057,03,09,0.0,22.101212,8.149259,2057
15409,r10i1p1f1,2057,03,10,0.0,21.95264,8.215503,2057
15410,r10i1p1f1,2057,03,11,0.0,21.28938,5.150945,2057
15411,r10i1p1f1,2057,03,12,0.0,18.53873,2.7933187,2057
15412,r10i1p1f1,2057,03,13,2.852529590544643,16.169058,4.113448,2057
15413,r10i1p1f1,2057,03,14,0.0,15.74658,6.5961857,2057
15414,r10i1p1f1,2057,03,15,0.5379595733278333,15.8595705,4.51896,2057
15415,r10i1p1f1,2057,03,16,3.5335946741677042,13.002372,6.8489156,2057
15416,r10i1p1f1,2057,03,17,0.0,15.936504,4.658505,2057
15417,r10i1p1f1,2057,03,18,0.0,17.878262,3.5981517,2057
15418,r10i1p1f1,2057,03,19,0.0,17.832743,3.1491523,2057
15419,r10i1p1f1,2057,03,20,0.0,16.580568,3.556856,2057
15420,r10i1p1f1,2057,03,21,0.0,17.530003,2.7260325,2057
15421,r10i1p1f1,2057,03,22,0.0,18.000992,1.2287809,2057
15422,r10i1p1f1,2057,03,23,0.23932222196745406,15.9696045,1.7035892,2057
15423,r10i1p1f1,2057,03,24,0.9195643353909064,12.62411,6.1789107,2057
15424,r10i1p1f1,2057,03,25,24.55642658659551,12.370594,6.5429497,2057
15425,r10i1p1f1,2057,03,26,9.463336634086629,11.536842,4.2095084,2057
15426,r10i1p1f1,2057,03,27,1.9568047406975988,12.23368,4.1633515,2057
15427,r10i1p1f1,2057,03,28,0.0,17.613062,2.076718,2057
15428,r10i1p1f1,2057,03,29,0.0,19.207,5.0912337,2057
15429,r10i1p1f1,2057,03,30,0.0,21.032606,5.3040147,2057
15430,r10i1p1f1,2057,03,31,0.0,19.165344,5.5912375,2057
15431,r10i1p1f1,2057,04,01,0.15700825100985208,20.659658,3.5439212,2057
15432,r10i1p1f1,2057,04,02,0.0,23.751389,6.181737,2057
15433,r10i1p1f1,2057,04,03,0.0,25.387547,7.298713,2057
15434,r10i1p1f1,2057,04,04,0.0,21.974695,8.290316,2057
15435,r10i1p1f1,2057,04,05,8.75245371383866,16.61822,6.5090923,2057
15436,r10i1p1f1,2057,04,06,0.24086256409263065,19.54621,4.0327244,2057
15437,r10i1p1f1,2057,04,07,0.031688504225856284,19.029234,7.9392147,2057
15438,r10i1p1f1,2057,04,08,0.0058539010129415574,16.012333,8.591466,2057
15439,r10i1p1f1,2057,04,09,0.07575205994439066,15.576344,6.277382,2057
15440,r10i1p1f1,2057,04,10,0.0,18.462662,5.0942335,2057
15441,r10i1p1f1,2057,04,11,0.0,18.470589,7.7987638,2057
15442,r10i1p1f1,2057,04,12,0.0,24.695482,9.178817,2057
15443,r10i1p1f1,2057,04,13,0.0,23.662222,12.737491,2057
15444,r10i1p1f1,2057,04,14,0.0,20.54458,9.967796,2057
15445,r10i1p1f1,2057,04,15,0.0,22.454603,7.2822714,2057
15446,r10i1p1f1,2057,04,16,0.0,23.046415,8.788729,2057
15447,r10i1p1f1,2057,04,17,0.0,21.263727,7.334072,2057
15448,r10i1p1f1,2057,04,18,0.0,21.486723,7.577289,2057
15449,r10i1p1f1,2057,04,19,32.15232493576447,17.832819,2.9247959,2057
15450,r10i1p1f1,2057,04,20,3.0292316745831878,11.483139,2.210885,2057
15451,r10i1p1f1,2057,04,21,0.0,14.076576,3.9651747,2057
15452,r10i1p1f1,2057,04,22,0.0,19.922441,4.4504457,2057
15453,r10i1p1f1,2057,04,23,0.0,24.291143,8.553407,2057
15454,r10i1p1f1,2057,04,24,0.0,25.324085,10.1417,2057
15455,r10i1p1f1,2057,04,25,0.0,26.414322,11.044544,2057
15456,r10i1p1f1,2057,04,26,0.0,25.57243,11.210213,2057
15457,r10i1p1f1,2057,04,27,1.0877296387135222,18.422,5.3393717,2057
15458,r10i1p1f1,2057,04,28,1.5210534630712478,12.883291,6.1793303,2057
15459,r10i1p1f1,2057,04,29,0.0,16.753601,2.8249319,2057
15460,r10i1p1f1,2057,04,30,0.0,21.068783,4.5770683,2057
15461,r10i1p1f1,2057,05,01,0.0,25.140606,8.598908,2057
15462,r10i1p1f1,2057,05,02,0.08176350420399103,24.712366,11.423917,2057
15463,r10i1p1f1,2057,05,03,0.0,24.257338,9.072264,2057
15464,r10i1p1f1,2057,05,04,0.0,27.998907,11.307762,2057
15465,r10i1p1f1,2057,05,05,0.0,28.22646,12.387657,2057
15466,r10i1p1f1,2057,05,06,0.0,21.256128,7.0652876,2057
15467,r10i1p1f1,2057,05,07,0.0,26.364504,9.338254,2057
15468,r10i1p1f1,2057,05,08,0.0,28.718037,11.037733,2057
15469,r10i1p1f1,2057,05,09,0.0,30.06866,14.228006,2057
15470,r10i1p1f1,2057,05,10,0.0,28.620865,15.5867405,2057
15471,r10i1p1f1,2057,05,11,0.0,28.019396,12.419104,2057
15472,r10i1p1f1,2057,05,12,0.0,31.05329,13.530992,2057
15473,r10i1p1f1,2057,05,13,0.0,30.782597,15.821157,2057
15474,r10i1p1f1,2057,05,14,0.0,29.505365,13.821515,2057
15475,r10i1p1f1,2057,05,15,0.0,28.327387,12.198314,2057
15476,r10i1p1f1,2057,05,16,0.0,26.095093,10.846784,2057
15477,r10i1p1f1,2057,05,17,1.732013334625854,21.173338,6.9456224,2057
15478,r10i1p1f1,2057,05,18,0.0,27.595675,9.3300705,2057
15479,r10i1p1f1,2057,05,19,0.0,29.496906,14.572245,2057
15480,r10i1p1f1,2057,05,20,0.0,26.030706,13.438707,2057
15481,r10i1p1f1,2057,05,21,0.4207034163444309,20.66951,6.8227973,2057
15482,r10i1p1f1,2057,05,22,0.0,21.84003,7.7554483,2057
15483,r10i1p1f1,2057,05,23,0.0,23.941586,8.653752,2057
15484,r10i1p1f1,2057,05,24,0.0,23.549545,10.163939,2057
15485,r10i1p1f1,2057,05,25,0.0,25.23575,8.650074,2057
15486,r10i1p1f1,2057,05,26,0.0,24.63307,8.926146,2057
15487,r10i1p1f1,2057,05,27,0.0,21.882942,7.250832,2057
15488,r10i1p1f1,2057,05,28,0.0,24.21085,8.1737385,2057
15489,r10i1p1f1,2057,05,29,0.0,25.552294,8.91748,2057
15490,r10i1p1f1,2057,05,30,0.0,26.61361,9.773315,2057
15491,r10i1p1f1,2057,05,31,0.0,25.578537,11.496648,2057
15492,r10i1p1f1,2057,06,01,0.0,22.841215,10.014726,2057
15493,r10i1p1f1,2057,06,02,0.0,24.298944,6.679957,2057
15494,r10i1p1f1,2057,06,03,0.0,23.485737,9.176552,2057
15495,r10i1p1f1,2057,06,04,0.0,23.934092,7.934582,2057
15496,r10i1p1f1,2057,06,05,0.0,21.25978,8.555449,2057
15497,r10i1p1f1,2057,06,06,0.0,24.802456,6.5120864,2057
15498,r10i1p1f1,2057,06,07,0.0,29.244972,10.947002,2057
15499,r10i1p1f1,2057,06,08,0.0,29.365623,12.096328,2057
15500,r10i1p1f1,2057,06,09,0.0,28.249065,11.802523,2057
15501,r10i1p1f1,2057,06,10,0.0,23.11233,9.047733,2057
15502,r10i1p1f1,2057,06,11,0.0,26.374968,9.028501,2057
15503,r10i1p1f1,2057,06,12,0.9177425486421654,21.145805,6.855745,2057
15504,r10i1p1f1,2057,06,13,10.461194148430614,17.901236,3.7163343,2057
15505,r10i1p1f1,2057,06,14,3.753043879422828,19.278975,7.095628,2057
15506,r10i1p1f1,2057,06,15,0.0024107429262106676,24.167974,9.98569,2057
15507,r10i1p1f1,2057,06,16,0.10046099768691133,27.515991,10.324211,2057
15508,r10i1p1f1,2057,06,17,0.8116582894504781,31.872055,15.307378,2057
15509,r10i1p1f1,2057,06,18,0.0,30.567055,15.276651,2057
15510,r10i1p1f1,2057,06,19,0.0,33.585384,19.779669,2057
15511,r10i1p1f1,2057,06,20,0.0,31.667212,17.316387,2057
15512,r10i1p1f1,2057,06,21,0.0,32.51876,16.291458,2057
15513,r10i1p1f1,2057,06,22,0.0,35.569233,18.880154,2057
15514,r10i1p1f1,2057,06,23,0.0,37.080273,21.999811,2057
15515,r10i1p1f1,2057,06,24,0.47519345420799874,33.779083,17.697342,2057
15516,r10i1p1f1,2057,06,25,0.0,31.592901,16.627548,2057
15517,r10i1p1f1,2057,06,26,0.0,27.350544,12.442617,2057
15518,r10i1p1f1,2057,06,27,0.0,23.80252,9.909688,2057
15519,r10i1p1f1,2057,06,28,0.0,22.407953,8.509068,2057
15520,r10i1p1f1,2057,06,29,0.0,22.291199,8.84805,2057
15521,r10i1p1f1,2057,06,30,0.0,26.622782,8.426748,2057
15522,r10i1p1f1,2057,07,01,0.0,28.466629,10.150822,2057
15523,r10i1p1f1,2057,07,02,0.0,34.524902,17.387838,2057
15524,r10i1p1f1,2057,07,03,0.0,36.66255,19.312767,2057
15525,r10i1p1f1,2057,07,04,0.0,35.824738,18.488876,2057
15526,r10i1p1f1,2057,07,05,0.04250012484829456,35.037445,17.774208,2057
15527,r10i1p1f1,2057,07,06,0.0,35.125652,18.621058,2057
15528,r10i1p1f1,2057,07,07,1.8273134592546787,35.162525,18.025341,2057
15529,r10i1p1f1,2057,07,08,0.0,38.637844,21.647274,2057
15530,r10i1p1f1,2057,07,09,0.0030367412029207977,37.244904,20.484266,2057
15531,r10i1p1f1,2057,07,10,0.0,38.738506,20.71848,2057
15532,r10i1p1f1,2057,07,11,0.0,38.17718,21.123856,2057
15533,r10i1p1f1,2057,07,12,0.0,37.12332,19.913452,2057
15534,r10i1p1f1,2057,07,13,0.0,34.10243,17.178766,2057
15535,r10i1p1f1,2057,07,14,0.0,33.216465,16.882425,2057
15536,r10i1p1f1,2057,07,15,0.0,32.58372,16.939545,2057
15537,r10i1p1f1,2057,07,16,0.0,32.08011,16.213394,2057
15538,r10i1p1f1,2057,07,17,0.0,31.199453,14.9938,2057
15539,r10i1p1f1,2057,07,18,0.0,31.203487,13.735955,2057
15540,r10i1p1f1,2057,07,19,0.0,30.249252,14.070923,2057
15541,r10i1p1f1,2057,07,20,0.0,27.473501,12.426716,2057
15542,r10i1p1f1,2057,07,21,0.0,27.47616,11.326859,2057
15543,r10i1p1f1,2057,07,22,0.0,32.377773,13.556816,2057
15544,r10i1p1f1,2057,07,23,0.0,36.805756,18.824718,2057
15545,r10i1p1f1,2057,07,24,0.0,36.941326,20.15674,2057
15546,r10i1p1f1,2057,07,25,0.0,36.3573,19.054506,2057
15547,r10i1p1f1,2057,07,26,0.0,36.166492,19.238785,2057
15548,r10i1p1f1,2057,07,27,0.0,37.23194,21.42337,2057
15549,r10i1p1f1,2057,07,28,0.0,38.694794,22.363081,2057
15550,r10i1p1f1,2057,07,29,0.0,38.39169,23.266243,2057
15551,r10i1p1f1,2057,07,30,0.0,37.711754,20.444563,2057
15552,r10i1p1f1,2057,07,31,0.0,35.749138,18.66366,2057
15553,r10i1p1f1,2057,08,01,0.0,34.65032,17.642178,2057
15554,r10i1p1f1,2057,08,02,0.0,36.793846,18.43347,2057
15555,r10i1p1f1,2057,08,03,0.0,35.44886,18.499405,2057
15556,r10i1p1f1,2057,08,04,0.0,34.694378,17.090496,2057
15557,r10i1p1f1,2057,08,05,0.0,34.66905,16.22255,2057
15558,r10i1p1f1,2057,08,06,0.0,33.803925,16.370792,2057
15559,r10i1p1f1,2057,08,07,0.0,29.892279,12.953707,2057
15560,r10i1p1f1,2057,08,08,0.0,34.875237,16.534855,2057
15561,r10i1p1f1,2057,08,09,0.0,33.70995,16.2962,2057
15562,r10i1p1f1,2057,08,10,0.0,33.848793,15.752091,2057
15563,r10i1p1f1,2057,08,11,0.0,36.003166,19.101913,2057
15564,r10i1p1f1,2057,08,12,0.0,34.685127,17.785378,2057
15565,r10i1p1f1,2057,08,13,0.0,33.80437,17.00621,2057
15566,r10i1p1f1,2057,08,14,0.0,33.54854,17.434336,2057
15567,r10i1p1f1,2057,08,15,0.0,32.692898,17.309353,2057
15568,r10i1p1f1,2057,08,16,0.0,30.075909,13.64342,2057
15569,r10i1p1f1,2057,08,17,0.0,29.196241,12.533933,2057
15570,r10i1p1f1,2057,08,18,0.0,28.455322,11.576404,2057
15571,r10i1p1f1,2057,08,19,0.0,28.842012,10.714752,2057
15572,r10i1p1f1,2057,08,20,0.0,28.21198,10.022116,2057
15573,r10i1p1f1,2057,08,21,0.0,32.766376,14.374001,2057
15574,r10i1p1f1,2057,08,22,0.0,35.84016,18.056389,2057
15575,r10i1p1f1,2057,08,23,0.0,38.235302,20.646875,2057
15576,r10i1p1f1,2057,08,24,0.0,38.204926,21.657734,2057
15577,r10i1p1f1,2057,08,25,0.0,37.06605,21.080627,2057
15578,r10i1p1f1,2057,08,26,0.0,36.20838,20.267752,2057
15579,r10i1p1f1,2057,08,27,0.0,36.234013,19.542416,2057
15580,r10i1p1f1,2057,08,28,0.0,36.05359,18.521082,2057
15581,r10i1p1f1,2057,08,29,0.0,35.5737,18.943834,2057
15582,r10i1p1f1,2057,08,30,0.0,33.66104,17.408888,2057
15583,r10i1p1f1,2057,08,31,0.0,31.768824,12.750289,2057
15584,r10i1p1f1,2057,09,01,0.0,30.206707,13.910473,2057
15585,r10i1p1f1,2057,09,02,0.0,33.184586,15.312153,2057
15586,r10i1p1f1,2057,09,03,0.0,33.556324,16.531715,2057
15587,r10i1p1f1,2057,09,04,0.0,32.824913,16.698324,2057
15588,r10i1p1f1,2057,09,05,0.0,34.536327,17.192102,2057
15589,r10i1p1f1,2057,09,06,0.0,36.85751,19.856222,2057
15590,r10i1p1f1,2057,09,07,0.0,36.839573,18.880465,2057
15591,r10i1p1f1,2057,09,08,0.0,37.629208,20.182886,2057
15592,r10i1p1f1,2057,09,09,0.0,37.127495,20.15754,2057
15593,r10i1p1f1,2057,09,10,0.0,35.084896,18.796585,2057
15594,r10i1p1f1,2057,09,11,0.0,32.695385,17.147537,2057
15595,r10i1p1f1,2057,09,12,0.0,28.65057,13.28871,2057
15596,r10i1p1f1,2057,09,13,0.0,26.178457,9.401472,2057
15597,r10i1p1f1,2057,09,14,0.0,24.1374,7.1683173,2057
15598,r10i1p1f1,2057,09,15,0.0,28.298996,9.876407,2057
15599,r10i1p1f1,2057,09,16,0.0,29.130503,11.572034,2057
15600,r10i1p1f1,2057,09,17,0.0,31.130114,14.355731,2057
15601,r10i1p1f1,2057,09,18,0.0,30.301317,17.109081,2057
15602,r10i1p1f1,2057,09,19,0.0,30.362158,11.861227,2057
15603,r10i1p1f1,2057,09,20,0.0,34.200203,16.944435,2057
15604,r10i1p1f1,2057,09,21,0.0,33.724533,18.424736,2057
15605,r10i1p1f1,2057,09,22,0.0,33.27966,17.410677,2057
15606,r10i1p1f1,2057,09,23,0.0,29.645544,13.411712,2057
15607,r10i1p1f1,2057,09,24,0.0,32.317116,14.114903,2057
15608,r10i1p1f1,2057,09,25,0.0,37.270435,19.018446,2057
15609,r10i1p1f1,2057,09,26,0.0,38.258274,20.2027,2057
15610,r10i1p1f1,2057,09,27,0.0,37.47881,21.501125,2057
15611,r10i1p1f1,2057,09,28,0.0,37.080215,21.21373,2057
15612,r10i1p1f1,2057,09,29,0.0,35.410465,21.282526,2057
15613,r10i1p1f1,2057,09,30,0.0,25.761808,11.418225,2057
15614,r10i1p1f1,2057,10,01,0.0,27.17909,12.71753,2057
15615,r10i1p1f1,2057,10,02,0.0,27.084093,13.318349,2057
15616,r10i1p1f1,2057,10,03,0.0,31.472637,13.553761,2057
15617,r10i1p1f1,2057,10,04,0.0,35.011543,18.557919,2057
15618,r10i1p1f1,2057,10,05,0.0,34.07378,18.667221,2057
15619,r10i1p1f1,2057,10,06,0.0,32.099354,16.922989,2057
15620,r10i1p1f1,2057,10,07,0.0,27.121765,10.461918,2057
15621,r10i1p1f1,2057,10,08,0.0,26.17871,10.776096,2057
15622,r10i1p1f1,2057,10,09,0.0,27.897955,11.554039,2057
15623,r10i1p1f1,2057,10,10,0.0,27.910494,13.705107,2057
15624,r10i1p1f1,2057,10,11,0.0734569690585455,23.267584,6.8044915,2057
15625,r10i1p1f1,2057,10,12,0.0,17.665655,5.1974373,2057
15626,r10i1p1f1,2057,10,13,0.0,17.92302,5.0308676,2057
15627,r10i1p1f1,2057,10,14,0.0,18.404356,6.32413,2057
15628,r10i1p1f1,2057,10,15,0.0,19.623304,5.4595394,2057
15629,r10i1p1f1,2057,10,16,0.0,20.312546,7.3732815,2057
15630,r10i1p1f1,2057,10,17,0.0,21.005228,8.955605,2057
15631,r10i1p1f1,2057,10,18,0.0,23.008673,10.517829,2057
15632,r10i1p1f1,2057,10,19,0.0,22.618841,8.220877,2057
15633,r10i1p1f1,2057,10,20,0.0,22.953556,9.505864,2057
15634,r10i1p1f1,2057,10,21,0.0,21.639963,8.975225,2057
15635,r10i1p1f1,2057,10,22,0.0,24.260944,9.510676,2057
15636,r10i1p1f1,2057,10,23,0.0,24.256788,8.8572645,2057
15637,r10i1p1f1,2057,10,24,0.4614957246303675,22.021221,9.3090315,2057
15638,r10i1p1f1,2057,10,25,11.749168281369892,17.058208,6.621319,2057
15639,r10i1p1f1,2057,10,26,0.0,20.950212,5.162964,2057
15640,r10i1p1f1,2057,10,27,0.0,21.20643,6.3896365,2057
15641,r10i1p1f1,2057,10,28,0.0,20.795832,7.861259,2057
15642,r10i1p1f1,2057,10,29,0.0,18.964554,5.502061,2057
15643,r10i1p1f1,2057,10,30,0.0,16.730478,2.9976559,2057
15644,r10i1p1f1,2057,10,31,0.0,15.918988,2.7883816,2057
15645,r10i1p1f1,2057,11,01,0.0,20.735062,3.0708737,2057
15646,r10i1p1f1,2057,11,02,0.0,19.972591,5.093193,2057
15647,r10i1p1f1,2057,11,03,0.0,19.302586,5.0418735,2057
15648,r10i1p1f1,2057,11,04,0.0,18.313667,5.378315,2057
15649,r10i1p1f1,2057,11,05,0.0,17.52552,4.5302677,2057
15650,r10i1p1f1,2057,11,06,0.0,18.457035,1.5236987,2057
15651,r10i1p1f1,2057,11,07,0.0,22.162796,5.6697183,2057
15652,r10i1p1f1,2057,11,08,0.0,23.456427,7.8752337,2057
15653,r10i1p1f1,2057,11,09,0.0,23.587376,6.7093263,2057
15654,r10i1p1f1,2057,11,10,0.0,22.79428,4.771348,2057
15655,r10i1p1f1,2057,11,11,0.0,19.389763,7.3629904,2057
15656,r10i1p1f1,2057,11,12,0.0,22.734694,8.021747,2057
15657,r10i1p1f1,2057,11,13,0.0,22.931877,10.422252,2057
15658,r10i1p1f1,2057,11,14,0.0,23.074297,6.9372125,2057
15659,r10i1p1f1,2057,11,15,0.0,23.083769,10.657869,2057
15660,r10i1p1f1,2057,11,16,0.0,19.87872,9.974513,2057
15661,r10i1p1f1,2057,11,17,0.4013329185478429,22.169193,10.717521,2057
15662,r10i1p1f1,2057,11,18,0.0,23.859148,11.23937,2057
15663,r10i1p1f1,2057,11,19,0.0,23.337858,11.290236,2057
15664,r10i1p1f1,2057,11,20,0.0,21.293568,6.761983,2057
15665,r10i1p1f1,2057,11,21,0.0,22.27045,7.532482,2057
15666,r10i1p1f1,2057,11,22,0.0,22.978674,9.638117,2057
15667,r10i1p1f1,2057,11,23,0.0,27.345276,9.224019,2057
15668,r10i1p1f1,2057,11,24,0.0,26.3338,10.103021,2057
15669,r10i1p1f1,2057,11,25,0.0,24.861376,11.5829735,2057
15670,r10i1p1f1,2057,11,26,0.0,25.05027,11.463902,2057
15671,r10i1p1f1,2057,11,27,0.0,25.082027,11.691502,2057
15672,r10i1p1f1,2057,11,28,0.0,24.56563,12.3251705,2057
15673,r10i1p1f1,2057,11,29,0.0,26.864233,10.3604765,2057
15674,r10i1p1f1,2057,11,30,0.0,25.518202,13.107068,2057
15675,r10i1p1f1,2057,12,01,0.0019451608606782668,22.208338,11.155398,2057
15676,r10i1p1f1,2057,12,02,0.0,19.556965,7.720696,2057
15677,r10i1p1f1,2057,12,03,0.0,18.638693,8.516106,2057
15678,r10i1p1f1,2057,12,04,0.0,17.308233,8.047467,2057
15679,r10i1p1f1,2057,12,05,0.0,18.145838,6.1261377,2057
15680,r10i1p1f1,2057,12,06,31.112528312185436,11.330981,2.0466797,2057
15681,r10i1p1f1,2057,12,07,0.0,5.9698625,0.9964001,2057
15682,r10i1p1f1,2057,12,08,0.06980729407778678,8.295788,-1.9836189,2057
15683,r10i1p1f1,2057,12,09,76.37685469388471,11.5158615,1.3904222,2057
15684,r10i1p1f1,2057,12,10,47.11328436816601,11.422467,7.5766816,2057
15685,r10i1p1f1,2057,12,11,16.820593098083535,10.157504,3.4877267,2057
15686,r10i1p1f1,2057,12,12,16.337277422089276,11.084598,4.2576585,2057
15687,r10i1p1f1,2057,12,13,0.03502740429260149,11.053505,6.0808764,2057
15688,r10i1p1f1,2057,12,14,29.792516884749364,9.83501,2.5164804,2057
15689,r10i1p1f1,2057,12,15,1.6801588915864398,5.76485,-3.6539845,2057
15690,r10i1p1f1,2057,12,16,0.0,8.74511,-0.8924619,2057
15691,r10i1p1f1,2057,12,17,0.0,13.092934,0.96596223,2057
15692,r10i1p1f1,2057,12,18,0.0,14.450679,4.0490603,2057
15693,r10i1p1f1,2057,12,19,0.0,16.792435,4.261112,2057
15694,r10i1p1f1,2057,12,20,0.0,17.069603,6.5192294,2057
15695,r10i1p1f1,2057,12,21,0.0,15.929253,5.712333,2057
15696,r10i1p1f1,2057,12,22,0.49174818835270245,15.352229,7.7525353,2057
15697,r10i1p1f1,2057,12,23,0.0,16.924015,5.702081,2057
15698,r10i1p1f1,2057,12,24,0.0,15.094384,3.6828196,2057
15699,r10i1p1f1,2057,12,25,0.0,13.94384,4.2496786,2057
15700,r10i1p1f1,2057,12,26,20.579186455947102,11.734352,6.519736,2057
15701,r10i1p1f1,2057,12,27,0.0,17.907965,5.406981,2057
15702,r10i1p1f1,2057,12,28,0.0,17.24371,5.939947,2057
15703,r10i1p1f1,2057,12,29,0.0,17.941679,4.8903794,2057
15704,r10i1p1f1,2057,12,30,0.0,19.399946,5.7867203,2057
15705,r10i1p1f1,2057,12,31,0.0,18.915167,6.8376136,2057
15706,r10i1p1f1,2058,01,01,0.0,17.452564,5.9134583,2058
15707,r10i1p1f1,2058,01,02,0.0,14.3044,4.8127146,2058
15708,r10i1p1f1,2058,01,03,6.6258862201242374,12.229993,5.7412734,2058
15709,r10i1p1f1,2058,01,04,12.097949898002538,11.36163,7.753349,2058
15710,r10i1p1f1,2058,01,05,0.0,14.794962,4.4567757,2058
15711,r10i1p1f1,2058,01,06,0.0,14.799034,2.3928907,2058
15712,r10i1p1f1,2058,01,07,0.0,14.228858,6.873951,2058
15713,r10i1p1f1,2058,01,08,0.0,17.747704,7.235793,2058
15714,r10i1p1f1,2058,01,09,0.0,19.87749,7.3159213,2058
15715,r10i1p1f1,2058,01,10,0.00960225390467952,18.532698,8.54816,2058
15716,r10i1p1f1,2058,01,11,0.0,15.230304,6.536015,2058
15717,r10i1p1f1,2058,01,12,0.05870114635184252,14.554924,7.1668,2058
15718,r10i1p1f1,2058,01,13,1.1997257338263903,15.579674,6.4120684,2058
15719,r10i1p1f1,2058,01,14,48.19495713852934,12.1651325,5.43277,2058
15720,r10i1p1f1,2058,01,15,14.57695221569769,8.253619,3.2287617,2058
15721,r10i1p1f1,2058,01,16,0.0,10.197861,2.1709838,2058
15722,r10i1p1f1,2058,01,17,16.283430900167378,7.289118,2.3885467,2058
15723,r10i1p1f1,2058,01,18,0.05235341205709693,8.90974,2.6538224,2058
15724,r10i1p1f1,2058,01,19,0.0,10.704661,-1.2966166,2058
15725,r10i1p1f1,2058,01,20,0.0,12.188501,0.97045475,2058
15726,r10i1p1f1,2058,01,21,0.0,15.890468,2.794321,2058
15727,r10i1p1f1,2058,01,22,0.0,19.825708,6.300652,2058
15728,r10i1p1f1,2058,01,23,0.0,21.521172,7.7123704,2058
15729,r10i1p1f1,2058,01,24,0.0,20.963873,7.6806087,2058
15730,r10i1p1f1,2058,01,25,0.0,19.182928,7.9332404,2058
15731,r10i1p1f1,2058,01,26,0.0,17.838507,5.9298406,2058
15732,r10i1p1f1,2058,01,27,0.0,17.952215,5.711184,2058
15733,r10i1p1f1,2058,01,28,0.0,16.75377,4.154666,2058
15734,r10i1p1f1,2058,01,29,0.0,14.823793,4.62048,2058
15735,r10i1p1f1,2058,01,30,0.16661469888181032,14.520113,3.1950033,2058
15736,r10i1p1f1,2058,01,31,0.0,10.112621,0.3343586,2058
15737,r10i1p1f1,2058,02,01,0.0,11.420479,0.13916297,2058
15738,r10i1p1f1,2058,02,02,0.0,14.672894,1.286284,2058
15739,r10i1p1f1,2058,02,03,0.0,19.280766,5.4112663,2058
15740,r10i1p1f1,2058,02,04,0.0,20.14333,6.321052,2058
15741,r10i1p1f1,2058,02,05,0.0,21.45891,7.1262803,2058
15742,r10i1p1f1,2058,02,06,0.0,20.979755,7.938141,2058
15743,r10i1p1f1,2058,02,07,0.0,19.835276,7.936724,2058
15744,r10i1p1f1,2058,02,08,0.5196704249197195,15.659975,7.157495,2058
15745,r10i1p1f1,2058,02,09,0.023880587717653008,12.110011,6.723756,2058
15746,r10i1p1f1,2058,02,10,0.0,15.417523,3.1636589,2058
15747,r10i1p1f1,2058,02,11,0.0,17.94838,5.3065753,2058
15748,r10i1p1f1,2058,02,12,0.0,17.820349,5.0727067,2058
15749,r10i1p1f1,2058,02,13,0.0,16.606602,5.287294,2058
15750,r10i1p1f1,2058,02,14,0.0,18.433397,4.431707,2058
15751,r10i1p1f1,2058,02,15,0.0,17.358032,4.0967836,2058
15752,r10i1p1f1,2058,02,16,0.794064222490258,15.023562,4.7852516,2058
15753,r10i1p1f1,2058,02,17,0.23308801062644066,11.440584,4.2150154,2058
15754,r10i1p1f1,2058,02,18,0.0,14.663701,1.4251733,2058
15755,r10i1p1f1,2058,02,19,0.0,15.786639,2.6329963,2058
15756,r10i1p1f1,2058,02,20,2.8510812504081464,14.848218,4.395476,2058
15757,r10i1p1f1,2058,02,21,0.0,15.261783,2.153714,2058
15758,r10i1p1f1,2058,02,22,0.0,18.833323,4.410198,2058
15759,r10i1p1f1,2058,02,23,0.0,18.647882,7.2061534,2058
15760,r10i1p1f1,2058,02,24,0.0,19.318953,5.3520713,2058
15761,r10i1p1f1,2058,02,25,0.0,20.886961,7.271355,2058
15762,r10i1p1f1,2058,02,26,0.0,22.349838,9.11293,2058
15763,r10i1p1f1,2058,02,27,0.0,22.6491,10.674035,2058
15764,r10i1p1f1,2058,02,28,0.0,22.8075,9.914879,2058
15765,r10i1p1f1,2058,03,01,0.0,22.19997,6.925333,2058
15766,r10i1p1f1,2058,03,02,0.0,19.577892,3.372516,2058
15767,r10i1p1f1,2058,03,03,0.0,19.851091,6.3773265,2058
15768,r10i1p1f1,2058,03,04,0.0,20.020882,4.4398637,2058
15769,r10i1p1f1,2058,03,05,0.0,18.831617,5.9542885,2058
15770,r10i1p1f1,2058,03,06,9.203194371136641,14.202909,5.5901675,2058
15771,r10i1p1f1,2058,03,07,0.0,15.681643,5.7481284,2058
15772,r10i1p1f1,2058,03,08,2.8999463480814534,14.04612,6.8352146,2058
15773,r10i1p1f1,2058,03,09,56.10702467751444,14.655067,8.971192,2058
15774,r10i1p1f1,2058,03,10,15.767041353166476,15.414952,7.535426,2058
15775,r10i1p1f1,2058,03,11,51.078493120516406,14.530318,4.7897105,2058
15776,r10i1p1f1,2058,03,12,10.380914100680553,8.90644,1.4648937,2058
15777,r10i1p1f1,2058,03,13,0.37388486639668517,12.043401,1.4015597,2058
15778,r10i1p1f1,2058,03,14,0.0,17.373877,1.5108627,2058
15779,r10i1p1f1,2058,03,15,0.0,19.910227,6.1205997,2058
15780,r10i1p1f1,2058,03,16,4.687903982343606,17.402473,5.397767,2058
15781,r10i1p1f1,2058,03,17,1.5544893013707464,11.633019,-0.5124893,2058
15782,r10i1p1f1,2058,03,18,0.0,14.188021,0.6516091,2058
15783,r10i1p1f1,2058,03,19,0.0,19.57868,3.3561084,2058
15784,r10i1p1f1,2058,03,20,0.0,22.349813,5.1927543,2058
15785,r10i1p1f1,2058,03,21,0.0,22.313585,7.2112083,2058
15786,r10i1p1f1,2058,03,22,0.0,24.27009,8.293164,2058
15787,r10i1p1f1,2058,03,23,0.0,19.835577,6.289216,2058
15788,r10i1p1f1,2058,03,24,0.0,24.476313,4.9427104,2058
15789,r10i1p1f1,2058,03,25,0.0,24.071508,9.123008,2058
15790,r10i1p1f1,2058,03,26,3.4054809485161583,20.331522,6.5921197,2058
15791,r10i1p1f1,2058,03,27,0.1746270752367931,19.735693,8.327327,2058
15792,r10i1p1f1,2058,03,28,0.0,20.05562,5.7199516,2058
15793,r10i1p1f1,2058,03,29,0.0,21.483135,5.802841,2058
15794,r10i1p1f1,2058,03,30,0.0,24.06157,8.471509,2058
15795,r10i1p1f1,2058,03,31,0.0,27.708239,7.5852556,2058
15796,r10i1p1f1,2058,04,01,0.008600118283203827,25.473673,11.090202,2058
15797,r10i1p1f1,2058,04,02,0.0,20.274296,10.152304,2058
15798,r10i1p1f1,2058,04,03,9.134327385331027,17.399414,9.552589,2058
15799,r10i1p1f1,2058,04,04,12.870377342685396,16.866852,8.980344,2058
15800,r10i1p1f1,2058,04,05,0.7778370558011566,17.60838,7.2020073,2058
15801,r10i1p1f1,2058,04,06,0.0,16.985458,7.462298,2058
15802,r10i1p1f1,2058,04,07,0.19981993838499826,16.703894,7.0464387,2058
15803,r10i1p1f1,2058,04,08,0.0,18.612368,7.2082424,2058
15804,r10i1p1f1,2058,04,09,0.3395340698692675,15.340574,6.9571877,2058
15805,r10i1p1f1,2058,04,10,0.28148137518990934,14.325891,4.4618397,2058
15806,r10i1p1f1,2058,04,11,3.8054223318555924,12.729579,3.6380446,2058
15807,r10i1p1f1,2058,04,12,14.018852281457695,11.545163,4.9954457,2058
15808,r10i1p1f1,2058,04,13,0.40039986680839273,17.23303,3.8888328,2058
15809,r10i1p1f1,2058,04,14,0.0,18.326504,3.7536538,2058
15810,r10i1p1f1,2058,04,15,4.482174006467463,15.32948,6.4544325,2058
15811,r10i1p1f1,2058,04,16,0.0,15.603461,7.687715,2058
15812,r10i1p1f1,2058,04,17,45.93814593850096,13.608809,4.776597,2058
15813,r10i1p1f1,2058,04,18,2.8606127375448858,9.689405,-1.5376033,2058
15814,r10i1p1f1,2058,04,19,0.0,13.471332,-0.9907301,2058
15815,r10i1p1f1,2058,04,20,0.0,18.382605,4.1577034,2058
15816,r10i1p1f1,2058,04,21,0.0,24.564722,7.9037566,2058
15817,r10i1p1f1,2058,04,22,0.0,29.83488,10.519984,2058
15818,r10i1p1f1,2058,04,23,0.0,29.982681,14.295638,2058
15819,r10i1p1f1,2058,04,24,0.0,29.226862,15.904475,2058
15820,r10i1p1f1,2058,04,25,0.0,27.995827,12.968722,2058
15821,r10i1p1f1,2058,04,26,0.0,26.76006,12.14642,2058
15822,r10i1p1f1,2058,04,27,0.0,29.167461,12.932015,2058
15823,r10i1p1f1,2058,04,28,0.0,29.303158,14.605764,2058
15824,r10i1p1f1,2058,04,29,0.0,30.267105,16.675722,2058
15825,r10i1p1f1,2058,04,30,0.0,28.419054,13.724257,2058
15826,r10i1p1f1,2058,05,01,0.0,21.532211,6.9543176,2058
15827,r10i1p1f1,2058,05,02,0.0,20.275303,5.9946804,2058
15828,r10i1p1f1,2058,05,03,0.0,19.577957,4.485913,2058
15829,r10i1p1f1,2058,05,04,0.0,23.86856,7.9575057,2058
15830,r10i1p1f1,2058,05,05,0.0,24.095488,9.258238,2058
15831,r10i1p1f1,2058,05,06,0.0,22.601763,7.899245,2058
15832,r10i1p1f1,2058,05,07,0.08354661314163088,22.093746,9.095394,2058
15833,r10i1p1f1,2058,05,08,0.0,27.405668,10.410778,2058
15834,r10i1p1f1,2058,05,09,0.0,28.646988,12.481817,2058
15835,r10i1p1f1,2058,05,10,0.0,28.09938,13.566127,2058
15836,r10i1p1f1,2058,05,11,0.0,24.477472,12.148498,2058
15837,r10i1p1f1,2058,05,12,0.0,23.451515,9.941529,2058
15838,r10i1p1f1,2058,05,13,0.0,22.328577,10.852746,2058
15839,r10i1p1f1,2058,05,14,0.0,19.12046,12.157811,2058
15840,r10i1p1f1,2058,05,15,1.4324821131140197,17.558302,4.9463644,2058
15841,r10i1p1f1,2058,05,16,0.45783367285797505,16.923637,4.979257,2058
15842,r10i1p1f1,2058,05,17,0.0,25.706589,7.4492164,2058
15843,r10i1p1f1,2058,05,18,0.0,32.2574,14.669788,2058
15844,r10i1p1f1,2058,05,19,0.0,34.18816,16.891068,2058
15845,r10i1p1f1,2058,05,20,0.0,30.39378,15.688544,2058
15846,r10i1p1f1,2058,05,21,0.0,30.786146,17.556032,2058
15847,r10i1p1f1,2058,05,22,0.0,30.199743,15.144284,2058
15848,r10i1p1f1,2058,05,23,0.0,33.583675,16.900421,2058
15849,r10i1p1f1,2058,05,24,0.0,33.509426,16.319183,2058
15850,r10i1p1f1,2058,05,25,0.0,30.3937,15.298208,2058
15851,r10i1p1f1,2058,05,26,0.0,27.575819,12.479062,2058
15852,r10i1p1f1,2058,05,27,0.0,29.327917,12.179257,2058
15853,r10i1p1f1,2058,05,28,0.0,28.625341,15.88269,2058
15854,r10i1p1f1,2058,05,29,0.0,28.478233,15.929,2058
15855,r10i1p1f1,2058,05,30,0.0,30.215162,15.048202,2058
15856,r10i1p1f1,2058,05,31,0.0,32.980095,16.987862,2058
15857,r10i1p1f1,2058,06,01,0.0,32.96607,16.279236,2058
15858,r10i1p1f1,2058,06,02,0.0,31.963638,16.001043,2058
15859,r10i1p1f1,2058,06,03,0.0,32.109318,16.057358,2058
15860,r10i1p1f1,2058,06,04,0.0,32.396915,15.230084,2058
15861,r10i1p1f1,2058,06,05,0.0,32.31312,16.482473,2058
15862,r10i1p1f1,2058,06,06,0.0,29.92705,14.926674,2058
15863,r10i1p1f1,2058,06,07,0.017113410974975284,31.343145,14.620629,2058
15864,r10i1p1f1,2058,06,08,0.0,33.396458,16.829203,2058
15865,r10i1p1f1,2058,06,09,0.0,32.88093,16.783663,2058
15866,r10i1p1f1,2058,06,10,0.0,27.063553,10.325749,2058
15867,r10i1p1f1,2058,06,11,0.0,20.912565,6.3570657,2058
15868,r10i1p1f1,2058,06,12,0.0,24.402199,9.314264,2058
15869,r10i1p1f1,2058,06,13,0.0,26.805483,9.3612585,2058
15870,r10i1p1f1,2058,06,14,0.0,30.168673,12.941881,2058
15871,r10i1p1f1,2058,06,15,0.0,32.333725,14.690875,2058
15872,r10i1p1f1,2058,06,16,0.0,32.17128,15.997882,2058
15873,r10i1p1f1,2058,06,17,0.0,31.786383,15.466113,2058
15874,r10i1p1f1,2058,06,18,0.0,30.712702,13.914931,2058
15875,r10i1p1f1,2058,06,19,0.0,30.719961,12.05622,2058
15876,r10i1p1f1,2058,06,20,0.0,32.043854,14.906452,2058
15877,r10i1p1f1,2058,06,21,0.0,31.540209,14.703896,2058
15878,r10i1p1f1,2058,06,22,0.0,34.3221,16.291727,2058
15879,r10i1p1f1,2058,06,23,0.0,34.593437,16.918829,2058
15880,r10i1p1f1,2058,06,24,0.0,33.686348,15.440557,2058
15881,r10i1p1f1,2058,06,25,0.0,32.62331,16.552933,2058
15882,r10i1p1f1,2058,06,26,0.0,30.623358,13.081567,2058
15883,r10i1p1f1,2058,06,27,0.0,34.10404,15.909039,2058
15884,r10i1p1f1,2058,06,28,0.0,37.152916,18.050623,2058
15885,r10i1p1f1,2058,06,29,0.0,40.13878,21.374655,2058
15886,r10i1p1f1,2058,06,30,0.0,39.293655,21.856506,2058
15887,r10i1p1f1,2058,07,01,0.0,37.75381,20.44818,2058
15888,r10i1p1f1,2058,07,02,0.0,35.3052,19.225204,2058
15889,r10i1p1f1,2058,07,03,0.0,30.17642,13.332095,2058
15890,r10i1p1f1,2058,07,04,0.0,25.543482,10.084292,2058
15891,r10i1p1f1,2058,07,05,0.0,32.104866,12.216017,2058
15892,r10i1p1f1,2058,07,06,0.0,36.234997,17.856184,2058
15893,r10i1p1f1,2058,07,07,0.0,35.38003,18.306772,2058
15894,r10i1p1f1,2058,07,08,0.0,37.297752,18.617275,2058
15895,r10i1p1f1,2058,07,09,0.0,36.821033,19.98876,2058
15896,r10i1p1f1,2058,07,10,0.0,36.27065,19.741552,2058
15897,r10i1p1f1,2058,07,11,0.0,35.143345,19.292213,2058
15898,r10i1p1f1,2058,07,12,0.0,34.1953,18.159555,2058
15899,r10i1p1f1,2058,07,13,0.0,35.3966,18.233131,2058
15900,r10i1p1f1,2058,07,14,0.0,36.71361,18.59043,2058
15901,r10i1p1f1,2058,07,15,0.0,37.008724,19.364487,2058
15902,r10i1p1f1,2058,07,16,0.0,37.525124,20.104803,2058
15903,r10i1p1f1,2058,07,17,0.0,38.68461,19.643637,2058
15904,r10i1p1f1,2058,07,18,0.0,39.76737,21.227533,2058
15905,r10i1p1f1,2058,07,19,0.0,39.64159,22.298843,2058
15906,r10i1p1f1,2058,07,20,0.0,37.882374,20.99064,2058
15907,r10i1p1f1,2058,07,21,0.0,36.508278,19.174149,2058
15908,r10i1p1f1,2058,07,22,0.0,36.526264,18.801836,2058
15909,r10i1p1f1,2058,07,23,0.0,37.42995,18.82927,2058
15910,r10i1p1f1,2058,07,24,0.0,39.70216,21.149939,2058
15911,r10i1p1f1,2058,07,25,0.0,39.877575,22.89733,2058
15912,r10i1p1f1,2058,07,26,0.0,39.11528,21.96043,2058
15913,r10i1p1f1,2058,07,27,0.0,36.3286,20.103022,2058
15914,r10i1p1f1,2058,07,28,0.0,35.541607,18.745865,2058
15915,r10i1p1f1,2058,07,29,0.0,34.55101,17.359663,2058
15916,r10i1p1f1,2058,07,30,0.0,34.268494,17.128645,2058
15917,r10i1p1f1,2058,07,31,0.0,36.20199,19.199793,2058
15918,r10i1p1f1,2058,08,01,0.0,35.746883,18.484901,2058
15919,r10i1p1f1,2058,08,02,0.0,36.289013,17.60842,2058
15920,r10i1p1f1,2058,08,03,0.0,35.63433,17.280588,2058
15921,r10i1p1f1,2058,08,04,0.0,35.164093,17.99587,2058
15922,r10i1p1f1,2058,08,05,0.0,34.908466,18.065847,2058
15923,r10i1p1f1,2058,08,06,0.0,36.119366,19.761744,2058
15924,r10i1p1f1,2058,08,07,0.0,35.165844,23.534956,2058
15925,r10i1p1f1,2058,08,08,0.0,35.82765,18.797016,2058
15926,r10i1p1f1,2058,08,09,0.0,37.82826,19.38842,2058
15927,r10i1p1f1,2058,08,10,0.0,36.70873,20.655237,2058
15928,r10i1p1f1,2058,08,11,0.0,36.014988,19.030176,2058
15929,r10i1p1f1,2058,08,12,0.0,34.93888,17.717485,2058
15930,r10i1p1f1,2058,08,13,0.0,33.716114,17.060051,2058
15931,r10i1p1f1,2058,08,14,0.0,33.465115,16.728636,2058
15932,r10i1p1f1,2058,08,15,0.0,32.386345,15.350515,2058
15933,r10i1p1f1,2058,08,16,0.0,31.132376,14.0183525,2058
15934,r10i1p1f1,2058,08,17,0.0,31.566107,13.531558,2058
15935,r10i1p1f1,2058,08,18,0.0,34.31027,17.597406,2058
15936,r10i1p1f1,2058,08,19,0.0,37.846867,21.097134,2058
15937,r10i1p1f1,2058,08,20,0.0,38.17349,21.621353,2058
15938,r10i1p1f1,2058,08,21,0.0,39.52582,22.39349,2058
15939,r10i1p1f1,2058,08,22,0.0,39.436047,23.081594,2058
15940,r10i1p1f1,2058,08,23,0.0,38.64825,23.365667,2058
15941,r10i1p1f1,2058,08,24,0.0,38.1238,22.532532,2058
15942,r10i1p1f1,2058,08,25,0.0,38.735943,21.966135,2058
15943,r10i1p1f1,2058,08,26,0.0,37.477425,21.037254,2058
15944,r10i1p1f1,2058,08,27,0.0,37.097702,19.972813,2058
15945,r10i1p1f1,2058,08,28,0.0,36.145,19.367043,2058
15946,r10i1p1f1,2058,08,29,0.0,37.053383,19.151932,2058
15947,r10i1p1f1,2058,08,30,0.0,39.437904,21.813385,2058
15948,r10i1p1f1,2058,08,31,0.0,38.518646,23.014215,2058
15949,r10i1p1f1,2058,09,01,0.0,38.46677,21.80037,2058
15950,r10i1p1f1,2058,09,02,0.0,36.458405,20.732452,2058
15951,r10i1p1f1,2058,09,03,0.0,34.04726,18.57734,2058
15952,r10i1p1f1,2058,09,04,0.0,32.195526,16.057697,2058
15953,r10i1p1f1,2058,09,05,0.0,33.470894,13.609077,2058
15954,r10i1p1f1,2058,09,06,0.0,36.90979,20.128536,2058
15955,r10i1p1f1,2058,09,07,0.0,37.120106,19.97882,2058
15956,r10i1p1f1,2058,09,08,0.0,38.157677,20.380667,2058
15957,r10i1p1f1,2058,09,09,0.0,37.784424,19.434195,2058
15958,r10i1p1f1,2058,09,10,0.0,35.22066,18.770136,2058
15959,r10i1p1f1,2058,09,11,0.0,33.539036,16.074379,2058
15960,r10i1p1f1,2058,09,12,0.0,37.68918,18.369478,2058
15961,r10i1p1f1,2058,09,13,0.0,38.983696,21.038593,2058
15962,r10i1p1f1,2058,09,14,0.0,39.350918,22.228563,2058
15963,r10i1p1f1,2058,09,15,0.0,37.719284,22.015368,2058
15964,r10i1p1f1,2058,09,16,0.0,34.431183,20.29918,2058
15965,r10i1p1f1,2058,09,17,0.0,30.088009,15.227311,2058
15966,r10i1p1f1,2058,09,18,0.0,34.15937,16.8203,2058
15967,r10i1p1f1,2058,09,19,0.0,35.893677,19.26126,2058
15968,r10i1p1f1,2058,09,20,0.0,34.99814,18.597225,2058
15969,r10i1p1f1,2058,09,21,0.0,28.56659,9.13116,2058
15970,r10i1p1f1,2058,09,22,0.0,19.052267,5.3779726,2058
15971,r10i1p1f1,2058,09,23,0.0,23.025955,6.585405,2058
15972,r10i1p1f1,2058,09,24,0.0,26.504658,9.90532,2058
15973,r10i1p1f1,2058,09,25,0.0,25.982878,10.757901,2058
15974,r10i1p1f1,2058,09,26,0.0,22.804964,9.024919,2058
15975,r10i1p1f1,2058,09,27,0.0,22.17605,9.125891,2058
15976,r10i1p1f1,2058,09,28,0.0,23.085255,7.617096,2058
15977,r10i1p1f1,2058,09,29,0.0,28.222633,9.336304,2058
15978,r10i1p1f1,2058,09,30,0.0,28.199642,12.505653,2058
15979,r10i1p1f1,2058,10,01,0.0,27.693937,10.071499,2058
15980,r10i1p1f1,2058,10,02,0.0,24.920334,10.023585,2058
15981,r10i1p1f1,2058,10,03,0.0,25.316963,8.297141,2058
15982,r10i1p1f1,2058,10,04,0.0,23.300316,9.396217,2058
15983,r10i1p1f1,2058,10,05,0.0,23.694555,8.183713,2058
15984,r10i1p1f1,2058,10,06,0.0,29.348402,9.655603,2058
15985,r10i1p1f1,2058,10,07,0.0,31.204525,17.037539,2058
15986,r10i1p1f1,2058,10,08,0.0,32.506268,18.063265,2058
15987,r10i1p1f1,2058,10,09,0.0,31.254023,15.252698,2058
15988,r10i1p1f1,2058,10,10,0.0,32.1992,16.071705,2058
15989,r10i1p1f1,2058,10,11,0.0,31.542984,16.164373,2058
15990,r10i1p1f1,2058,10,12,0.0,29.44181,13.670988,2058
15991,r10i1p1f1,2058,10,13,0.0,28.941471,12.435248,2058
15992,r10i1p1f1,2058,10,14,0.0,28.026453,13.449319,2058
15993,r10i1p1f1,2058,10,15,0.0,25.43187,10.524716,2058
15994,r10i1p1f1,2058,10,16,0.0,22.783937,8.479203,2058
15995,r10i1p1f1,2058,10,17,0.0,25.65714,8.262697,2058
15996,r10i1p1f1,2058,10,18,0.0,27.288935,11.196554,2058
15997,r10i1p1f1,2058,10,19,0.0,28.098202,13.715518,2058
15998,r10i1p1f1,2058,10,20,0.02386650581013926,22.130804,9.025867,2058
15999,r10i1p1f1,2058,10,21,0.0,22.081263,8.5827055,2058
16000,r10i1p1f1,2058,10,22,0.0,25.322382,9.559149,2058
16001,r10i1p1f1,2058,10,23,0.0,29.30489,12.259601,2058
16002,r10i1p1f1,2058,10,24,0.0,28.083847,11.866711,2058
16003,r10i1p1f1,2058,10,25,0.0,30.730139,12.42777,2058
16004,r10i1p1f1,2058,10,26,0.0,29.387169,14.281954,2058
16005,r10i1p1f1,2058,10,27,0.0,28.358585,13.359343,2058
16006,r10i1p1f1,2058,10,28,0.0,28.944788,10.760219,2058
16007,r10i1p1f1,2058,10,29,0.0,28.445698,12.445587,2058
16008,r10i1p1f1,2058,10,30,0.0,31.205175,15.217212,2058
16009,r10i1p1f1,2058,10,31,0.0,30.818375,15.55473,2058
16010,r10i1p1f1,2058,11,01,0.0,25.808514,13.35104,2058
16011,r10i1p1f1,2058,11,02,0.0,23.716759,11.04144,2058
16012,r10i1p1f1,2058,11,03,1.3278561928257802,22.92305,14.933112,2058
16013,r10i1p1f1,2058,11,04,0.0,22.306337,7.45511,2058
16014,r10i1p1f1,2058,11,05,0.0,23.30212,10.223737,2058
16015,r10i1p1f1,2058,11,06,0.0,24.88708,9.5047035,2058
16016,r10i1p1f1,2058,11,07,0.0,28.285349,10.506255,2058
16017,r10i1p1f1,2058,11,08,0.0,26.473425,14.162973,2058
16018,r10i1p1f1,2058,11,09,2.341664468167437,22.063324,10.100805,2058
16019,r10i1p1f1,2058,11,10,0.0,24.209753,8.334598,2058
16020,r10i1p1f1,2058,11,11,0.0,27.371489,9.793996,2058
16021,r10i1p1f1,2058,11,12,0.0,25.393389,9.237164,2058
16022,r10i1p1f1,2058,11,13,0.0,25.079147,11.276154,2058
16023,r10i1p1f1,2058,11,14,0.0,25.141586,11.088095,2058
16024,r10i1p1f1,2058,11,15,0.0,26.384613,13.365015,2058
16025,r10i1p1f1,2058,11,16,0.0,28.936152,10.129123,2058
16026,r10i1p1f1,2058,11,17,0.0,26.09151,13.647891,2058
16027,r10i1p1f1,2058,11,18,0.0,25.587923,13.525734,2058
16028,r10i1p1f1,2058,11,19,1.7295404628564364,22.45683,10.769005,2058
16029,r10i1p1f1,2058,11,20,22.282949438943575,15.673399,10.845202,2058
16030,r10i1p1f1,2058,11,21,15.60500075758778,14.779647,9.102614,2058
16031,r10i1p1f1,2058,11,22,29.435120642454805,15.3327055,9.16582,2058
16032,r10i1p1f1,2058,11,23,26.944808927395282,12.455303,6.018021,2058
16033,r10i1p1f1,2058,11,24,36.748306383378804,14.150318,8.269388,2058
16034,r10i1p1f1,2058,11,25,2.0644745916438536,17.465836,9.330872,2058
16035,r10i1p1f1,2058,11,26,9.401414624421465,15.019189,9.160854,2058
16036,r10i1p1f1,2058,11,27,2.577232377591013,15.67984,4.565419,2058
16037,r10i1p1f1,2058,11,28,10.671500512982771,10.183759,2.5630388,2058
16038,r10i1p1f1,2058,11,29,0.19963724387133353,11.744911,1.2770615,2058
16039,r10i1p1f1,2058,11,30,0.23080041098039242,10.0914,4.678345,2058
16040,r10i1p1f1,2058,12,01,2.2208225786303766,11.220104,5.1084304,2058
16041,r10i1p1f1,2058,12,02,10.087343570931376,12.760061,8.29568,2058
16042,r10i1p1f1,2058,12,03,0.0,15.637207,5.7971687,2058
16043,r10i1p1f1,2058,12,04,0.0,18.495325,7.1337233,2058
16044,r10i1p1f1,2058,12,05,0.0,21.096184,8.669091,2058
16045,r10i1p1f1,2058,12,06,0.0,21.715948,9.638604,2058
16046,r10i1p1f1,2058,12,07,0.0,19.189188,9.945389,2058
16047,r10i1p1f1,2058,12,08,0.0,17.05687,10.800105,2058
16048,r10i1p1f1,2058,12,09,0.0,17.10539,7.533563,2058
16049,r10i1p1f1,2058,12,10,0.0,16.802069,9.392189,2058
16050,r10i1p1f1,2058,12,11,38.71271092365006,13.375517,9.0289545,2058
16051,r10i1p1f1,2058,12,12,23.17698854787618,12.8505125,2.518324,2058
16052,r10i1p1f1,2058,12,13,0.6034614850274298,8.111163,2.1350045,2058
16053,r10i1p1f1,2058,12,14,11.628586438095418,6.993021,1.104072,2058
16054,r10i1p1f1,2058,12,15,32.61521002675995,8.608867,0.5570159,2058
16055,r10i1p1f1,2058,12,16,0.0,6.8787594,-0.40977135,2058
16056,r10i1p1f1,2058,12,17,20.495725023379475,7.38033,0.8952245,2058
16057,r10i1p1f1,2058,12,18,77.0124872607228,13.263639,4.6222258,2058
16058,r10i1p1f1,2058,12,19,25.51907310047873,14.569735,9.238024,2058
16059,r10i1p1f1,2058,12,20,25.23862806707544,11.539279,3.7457,2058
16060,r10i1p1f1,2058,12,21,0.47274548468474104,8.222841,2.592713,2058
16061,r10i1p1f1,2058,12,22,36.23238712163201,11.388824,2.1750793,2058
16062,r10i1p1f1,2058,12,23,36.32692625871737,11.171863,1.7716596,2058
16063,r10i1p1f1,2058,12,24,37.689031521164765,4.729302,0.45913595,2058
16064,r10i1p1f1,2058,12,25,3.643771033373349,5.2302384,-0.8639328,2058
16065,r10i1p1f1,2058,12,26,5.346292790751536,5.7260146,0.54795474,2058
16066,r10i1p1f1,2058,12,27,35.22905858025249,8.966267,1.4376955,2058
16067,r10i1p1f1,2058,12,28,137.01242409572987,11.920159,6.3235593,2058
16068,r10i1p1f1,2058,12,29,28.831074011816924,12.270534,2.3785045,2058
16069,r10i1p1f1,2058,12,30,0.0,6.4306755,-1.2558104,2058
16070,r10i1p1f1,2058,12,31,0.0,6.8649807,-3.0921211,2058
16071,r10i1p1f1,2059,01,01,10.112676541795832,5.534181,-2.4916966,2059
16072,r10i1p1f1,2059,01,02,0.09361141498007591,9.473496,1.3981969,2059
16073,r10i1p1f1,2059,01,03,0.0,12.939237,-0.08697028,2059
16074,r10i1p1f1,2059,01,04,0.0,12.1095295,1.2093377,2059
16075,r10i1p1f1,2059,01,05,0.0,13.614619,1.8218542,2059
16076,r10i1p1f1,2059,01,06,0.0,12.848322,3.3678412,2059
16077,r10i1p1f1,2059,01,07,0.0,14.763683,3.0589254,2059
16078,r10i1p1f1,2059,01,08,0.0,18.957125,7.014137,2059
16079,r10i1p1f1,2059,01,09,0.0,19.864515,8.142459,2059
16080,r10i1p1f1,2059,01,10,0.0,19.880821,9.025609,2059
16081,r10i1p1f1,2059,01,11,0.0,24.172832,10.728037,2059
16082,r10i1p1f1,2059,01,12,0.0,22.722788,9.938828,2059
16083,r10i1p1f1,2059,01,13,0.0,21.551004,9.399996,2059
16084,r10i1p1f1,2059,01,14,0.0,19.5014,7.5595703,2059
16085,r10i1p1f1,2059,01,15,0.0,14.78966,2.1523004,2059
16086,r10i1p1f1,2059,01,16,0.0,7.6599336,-2.1842263,2059
16087,r10i1p1f1,2059,01,17,0.0,9.464568,-2.726039,2059
16088,r10i1p1f1,2059,01,18,0.0,11.387296,-0.36760852,2059
16089,r10i1p1f1,2059,01,19,0.0,14.38127,2.5876937,2059
16090,r10i1p1f1,2059,01,20,0.0,13.81354,1.6930014,2059
16091,r10i1p1f1,2059,01,21,0.0,13.243828,0.7864069,2059
16092,r10i1p1f1,2059,01,22,0.0,7.9859924,-3.5754147,2059
16093,r10i1p1f1,2059,01,23,0.0,12.400374,-0.7046236,2059
16094,r10i1p1f1,2059,01,24,0.0,15.290238,1.5096184,2059
16095,r10i1p1f1,2059,01,25,0.0,15.64191,2.5686219,2059
16096,r10i1p1f1,2059,01,26,0.0,16.022518,2.993147,2059
16097,r10i1p1f1,2059,01,27,0.0,17.47724,4.2115326,2059
16098,r10i1p1f1,2059,01,28,0.0,15.438573,3.7322693,2059
16099,r10i1p1f1,2059,01,29,0.0,15.174795,2.5138037,2059
16100,r10i1p1f1,2059,01,30,0.0,17.567469,3.945102,2059
16101,r10i1p1f1,2059,01,31,0.0,20.872438,6.072175,2059
16102,r10i1p1f1,2059,02,01,0.0,20.920076,6.6843486,2059
16103,r10i1p1f1,2059,02,02,0.0,19.42838,5.626068,2059
16104,r10i1p1f1,2059,02,03,0.0,16.9768,7.197891,2059
16105,r10i1p1f1,2059,02,04,0.0,14.499454,6.530235,2059
16106,r10i1p1f1,2059,02,05,0.0,19.028202,5.311073,2059
16107,r10i1p1f1,2059,02,06,0.06890572210163794,19.2676,6.942713,2059
16108,r10i1p1f1,2059,02,07,21.85908619511266,11.512352,4.9341254,2059
16109,r10i1p1f1,2059,02,08,24.27651108285461,11.191067,6.199971,2059
16110,r10i1p1f1,2059,02,09,26.592495952316217,13.773315,6.6835594,2059
16111,r10i1p1f1,2059,02,10,28.898276022855978,13.191934,7.534695,2059
16112,r10i1p1f1,2059,02,11,64.154723541517,14.393251,9.322553,2059
16113,r10i1p1f1,2059,02,12,60.90258090499494,13.290339,5.559603,2059
16114,r10i1p1f1,2059,02,13,11.875792679998803,9.469358,1.5770336,2059
16115,r10i1p1f1,2059,02,14,1.3265408346031013,7.2671266,1.3278817,2059
16116,r10i1p1f1,2059,02,15,0.0,9.67156,-1.2462498,2059
16117,r10i1p1f1,2059,02,16,0.0,10.617328,-2.338392,2059
16118,r10i1p1f1,2059,02,17,3.663693435163096,8.79895,-1.6185365,2059
16119,r10i1p1f1,2059,02,18,1.7949340897781727,7.904329,0.10264406,2059
16120,r10i1p1f1,2059,02,19,0.0,12.553725,1.6174108,2059
16121,r10i1p1f1,2059,02,20,0.0,14.32389,0.7107193,2059
16122,r10i1p1f1,2059,02,21,0.0,14.063714,4.3974657,2059
16123,r10i1p1f1,2059,02,22,0.0,15.769351,2.278677,2059
16124,r10i1p1f1,2059,02,23,0.0,15.441514,1.7508129,2059
16125,r10i1p1f1,2059,02,24,0.0,16.621914,4.6738615,2059
16126,r10i1p1f1,2059,02,25,0.0,18.946253,4.956997,2059
16127,r10i1p1f1,2059,02,26,0.0,19.259415,5.0297313,2059
16128,r10i1p1f1,2059,02,27,0.09917827027445462,15.606056,5.224186,2059
16129,r10i1p1f1,2059,02,28,15.89318192487362,15.274318,8.558547,2059
16130,r10i1p1f1,2059,03,01,0.0,16.326443,-0.13642843,2059
16131,r10i1p1f1,2059,03,02,0.5680515741819123,15.66598,2.9099352,2059
16132,r10i1p1f1,2059,03,03,2.5812389739210055,15.44962,3.885711,2059
16133,r10i1p1f1,2059,03,04,0.0,18.081963,3.7892954,2059
16134,r10i1p1f1,2059,03,05,0.0,16.667538,3.7270448,2059
16135,r10i1p1f1,2059,03,06,0.5887021238622743,12.910807,5.037716,2059
16136,r10i1p1f1,2059,03,07,0.057358302231142785,13.56746,2.5757308,2059
16137,r10i1p1f1,2059,03,08,0.0,15.06708,2.071058,2059
16138,r10i1p1f1,2059,03,09,0.0,22.492517,4.1596413,2059
16139,r10i1p1f1,2059,03,10,0.0,22.99736,9.770592,2059
16140,r10i1p1f1,2059,03,11,0.0,22.388443,10.962119,2059
16141,r10i1p1f1,2059,03,12,1.887026380018142,18.988693,5.6816416,2059
16142,r10i1p1f1,2059,03,13,0.03487532845419513,11.766075,1.4587928,2059
16143,r10i1p1f1,2059,03,14,0.0,13.139366,1.1823229,2059
16144,r10i1p1f1,2059,03,15,0.0,17.229067,3.242301,2059
16145,r10i1p1f1,2059,03,16,0.0,21.865845,5.401801,2059
16146,r10i1p1f1,2059,03,17,0.0,24.282654,7.548131,2059
16147,r10i1p1f1,2059,03,18,0.0,24.54437,8.8476925,2059
16148,r10i1p1f1,2059,03,19,0.0,26.796186,10.546381,2059
16149,r10i1p1f1,2059,03,20,0.0,26.143307,9.867592,2059
16150,r10i1p1f1,2059,03,21,0.0,29.963966,12.21802,2059
16151,r10i1p1f1,2059,03,22,0.0,31.056585,14.683404,2059
16152,r10i1p1f1,2059,03,23,0.30714773679152896,27.34677,11.298545,2059
16153,r10i1p1f1,2059,03,24,3.5054341137622127,19.209372,8.464513,2059
16154,r10i1p1f1,2059,03,25,0.0,19.997135,6.0567145,2059
16155,r10i1p1f1,2059,03,26,0.0,19.612984,4.660263,2059
16156,r10i1p1f1,2059,03,27,4.446868423175195,15.380601,3.2027853,2059
16157,r10i1p1f1,2059,03,28,0.0,12.218222,-0.8231314,2059
16158,r10i1p1f1,2059,03,29,0.0,14.860481,-0.21310586,2059
16159,r10i1p1f1,2059,03,30,0.0,18.568466,2.3507252,2059
16160,r10i1p1f1,2059,03,31,0.0,17.84128,2.709514,2059
16161,r10i1p1f1,2059,04,01,0.0,20.137192,5.640962,2059
16162,r10i1p1f1,2059,04,02,0.0,25.143501,8.226176,2059
16163,r10i1p1f1,2059,04,03,0.0,27.753778,12.0483885,2059
16164,r10i1p1f1,2059,04,04,0.0,29.354694,11.184269,2059
16165,r10i1p1f1,2059,04,05,0.0,29.990906,12.843447,2059
16166,r10i1p1f1,2059,04,06,0.0,25.192606,12.038643,2059
16167,r10i1p1f1,2059,04,07,0.0,22.82476,7.8504357,2059
16168,r10i1p1f1,2059,04,08,4.177525097417712,19.110373,5.2529736,2059
16169,r10i1p1f1,2059,04,09,8.239673467936594,14.026827,4.835252,2059
16170,r10i1p1f1,2059,04,10,0.0,16.936563,2.8232632,2059
16171,r10i1p1f1,2059,04,11,0.0,19.809866,4.624447,2059
16172,r10i1p1f1,2059,04,12,0.0,21.002335,6.4936233,2059
16173,r10i1p1f1,2059,04,13,0.0,21.393469,6.629981,2059
16174,r10i1p1f1,2059,04,14,22.350018340052646,16.792013,3.1345778,2059
16175,r10i1p1f1,2059,04,15,38.38288556220696,8.029813,0.65432036,2059
16176,r10i1p1f1,2059,04,16,0.47341222208687167,11.277273,-1.3627008,2059
16177,r10i1p1f1,2059,04,17,0.0,12.786004,1.0942298,2059
16178,r10i1p1f1,2059,04,18,24.895049997537985,9.333275,2.7631447,2059
16179,r10i1p1f1,2059,04,19,27.353013957556534,10.206157,1.8683647,2059
16180,r10i1p1f1,2059,04,20,0.5207140346771523,14.735898,1.05689,2059
16181,r10i1p1f1,2059,04,21,8.125591140215922,14.550892,4.891739,2059
16182,r10i1p1f1,2059,04,22,15.148022856967719,12.295018,4.8670206,2059
16183,r10i1p1f1,2059,04,23,0.7726849034808861,15.303168,4.3950033,2059
16184,r10i1p1f1,2059,04,24,3.4933996108616396,14.831262,5.1660624,2059
16185,r10i1p1f1,2059,04,25,5.077860510554226,10.426824,-0.7781758,2059
16186,r10i1p1f1,2059,04,26,0.22311753828513534,11.53768,-0.53915745,2059
16187,r10i1p1f1,2059,04,27,0.0,14.301901,1.3527093,2059
16188,r10i1p1f1,2059,04,28,0.0,17.82057,2.9457085,2059
16189,r10i1p1f1,2059,04,29,0.0,20.828932,5.6166244,2059
16190,r10i1p1f1,2059,04,30,0.0,22.483253,7.5378056,2059
16191,r10i1p1f1,2059,05,01,0.0,24.452045,9.773514,2059
16192,r10i1p1f1,2059,05,02,0.0,25.413954,10.353124,2059
16193,r10i1p1f1,2059,05,03,0.0,27.684923,11.4176235,2059
16194,r10i1p1f1,2059,05,04,0.0,28.47258,13.137851,2059
16195,r10i1p1f1,2059,05,05,0.27108500056017776,23.27301,10.087266,2059
16196,r10i1p1f1,2059,05,06,8.183488286464891,20.077038,6.5292635,2059
16197,r10i1p1f1,2059,05,07,0.024486447843006125,19.852688,7.9077935,2059
16198,r10i1p1f1,2059,05,08,0.0,24.885246,9.318411,2059
16199,r10i1p1f1,2059,05,09,6.227033420088302,20.095358,6.715039,2059
16200,r10i1p1f1,2059,05,10,0.022114174776346005,27.914728,12.806112,2059
16201,r10i1p1f1,2059,05,11,0.0,26.005598,11.825551,2059
16202,r10i1p1f1,2059,05,12,0.0,25.676556,12.191389,2059
16203,r10i1p1f1,2059,05,13,29.906905366653135,18.509624,5.427626,2059
16204,r10i1p1f1,2059,05,14,1.1068703083310538,13.624941,3.517599,2059
16205,r10i1p1f1,2059,05,15,0.0,18.208069,3.9211483,2059
16206,r10i1p1f1,2059,05,16,0.0,19.954002,4.5788713,2059
16207,r10i1p1f1,2059,05,17,0.0,18.262648,5.495095,2059
16208,r10i1p1f1,2059,05,18,0.0,22.023289,4.8731136,2059
16209,r10i1p1f1,2059,05,19,0.0,25.830807,8.860298,2059
16210,r10i1p1f1,2059,05,20,0.0,28.607595,12.490403,2059
16211,r10i1p1f1,2059,05,21,0.0,28.208937,12.066238,2059
16212,r10i1p1f1,2059,05,22,0.0,27.878418,13.381225,2059
16213,r10i1p1f1,2059,05,23,0.0,31.25738,14.412839,2059
16214,r10i1p1f1,2059,05,24,0.0,33.350735,16.933199,2059
16215,r10i1p1f1,2059,05,25,0.0,34.701195,17.634605,2059
16216,r10i1p1f1,2059,05,26,0.0,33.408283,16.079575,2059
16217,r10i1p1f1,2059,05,27,0.6673164283615494,27.260408,12.097107,2059
16218,r10i1p1f1,2059,05,28,0.0,25.459715,10.5899515,2059
16219,r10i1p1f1,2059,05,29,0.0,26.042555,10.262005,2059
16220,r10i1p1f1,2059,05,30,0.0,26.359669,11.586732,2059
16221,r10i1p1f1,2059,05,31,0.002738494942222085,25.227692,11.105893,2059
16222,r10i1p1f1,2059,06,01,1.3238947169922635,21.30011,8.027498,2059
16223,r10i1p1f1,2059,06,02,0.0,26.643188,11.3104105,2059
16224,r10i1p1f1,2059,06,03,0.0,27.584675,8.728127,2059
16225,r10i1p1f1,2059,06,04,0.0,29.023325,11.798147,2059
16226,r10i1p1f1,2059,06,05,0.0,31.796133,14.523022,2059
16227,r10i1p1f1,2059,06,06,0.0,31.183529,14.721079,2059
16228,r10i1p1f1,2059,06,07,0.0,28.430923,13.393794,2059
16229,r10i1p1f1,2059,06,08,0.0,26.605486,12.346983,2059
16230,r10i1p1f1,2059,06,09,0.0,28.502548,10.178631,2059
16231,r10i1p1f1,2059,06,10,0.0,30.61591,13.684352,2059
16232,r10i1p1f1,2059,06,11,0.0,29.781311,13.437906,2059
16233,r10i1p1f1,2059,06,12,0.0,27.647095,10.933261,2059
16234,r10i1p1f1,2059,06,13,0.0,30.544012,13.425038,2059
16235,r10i1p1f1,2059,06,14,0.0,30.242435,13.99245,2059
16236,r10i1p1f1,2059,06,15,0.0,27.5447,10.713759,2059
16237,r10i1p1f1,2059,06,16,0.0,30.693905,12.909879,2059
16238,r10i1p1f1,2059,06,17,0.0,31.799355,17.962862,2059
16239,r10i1p1f1,2059,06,18,0.0,36.126724,21.703314,2059
16240,r10i1p1f1,2059,06,19,0.0,38.42762,22.017075,2059
16241,r10i1p1f1,2059,06,20,0.0,37.050434,21.084986,2059
16242,r10i1p1f1,2059,06,21,0.0,37.171024,21.916632,2059
16243,r10i1p1f1,2059,06,22,0.0,38.50038,22.657915,2059
16244,r10i1p1f1,2059,06,23,0.0,38.1276,20.362293,2059
16245,r10i1p1f1,2059,06,24,0.0,37.21396,19.816877,2059
16246,r10i1p1f1,2059,06,25,0.0,38.489246,20.768793,2059
16247,r10i1p1f1,2059,06,26,0.0,37.680367,21.346434,2059
16248,r10i1p1f1,2059,06,27,0.0,35.839428,18.628113,2059
16249,r10i1p1f1,2059,06,28,0.0,31.970196,16.15953,2059
16250,r10i1p1f1,2059,06,29,0.0,31.719868,16.041113,2059
16251,r10i1p1f1,2059,06,30,0.0,30.863127,14.965796,2059
16252,r10i1p1f1,2059,07,01,0.0,32.803844,14.893264,2059
16253,r10i1p1f1,2059,07,02,0.0,31.648361,14.649482,2059
16254,r10i1p1f1,2059,07,03,0.0,33.811634,16.32666,2059
16255,r10i1p1f1,2059,07,04,0.0,33.513844,15.99696,2059
16256,r10i1p1f1,2059,07,05,0.0,32.93737,17.120543,2059
16257,r10i1p1f1,2059,07,06,0.0,33.997124,16.823193,2059
16258,r10i1p1f1,2059,07,07,0.0,36.631954,17.98997,2059
16259,r10i1p1f1,2059,07,08,0.0014279980381328833,35.255547,19.820961,2059
16260,r10i1p1f1,2059,07,09,0.0,35.61238,18.579414,2059
16261,r10i1p1f1,2059,07,10,0.0,35.542297,18.598083,2059
16262,r10i1p1f1,2059,07,11,0.0,35.465485,21.45254,2059
16263,r10i1p1f1,2059,07,12,0.0,34.923794,17.777172,2059
16264,r10i1p1f1,2059,07,13,0.0,35.00409,17.479105,2059
16265,r10i1p1f1,2059,07,14,0.0,36.06294,18.322767,2059
16266,r10i1p1f1,2059,07,15,0.0,36.944897,19.987062,2059
16267,r10i1p1f1,2059,07,16,0.0,38.16597,21.035606,2059
16268,r10i1p1f1,2059,07,17,0.0,38.41527,21.356422,2059
16269,r10i1p1f1,2059,07,18,0.0,39.731247,22.233206,2059
16270,r10i1p1f1,2059,07,19,0.0,40.11745,22.214737,2059
16271,r10i1p1f1,2059,07,20,0.0,40.33249,23.277868,2059
16272,r10i1p1f1,2059,07,21,0.0,40.719616,22.393383,2059
16273,r10i1p1f1,2059,07,22,0.0,41.42492,23.083244,2059
16274,r10i1p1f1,2059,07,23,0.0,41.834152,23.457512,2059
16275,r10i1p1f1,2059,07,24,0.0,41.643093,23.06539,2059
16276,r10i1p1f1,2059,07,25,0.0,42.42878,24.823477,2059
16277,r10i1p1f1,2059,07,26,0.0,41.543015,23.939693,2059
16278,r10i1p1f1,2059,07,27,0.0,41.331043,23.958097,2059
16279,r10i1p1f1,2059,07,28,0.0,41.671066,27.187998,2059
16280,r10i1p1f1,2059,07,29,0.0,41.984882,23.345068,2059
16281,r10i1p1f1,2059,07,30,0.007265584453738197,39.088757,22.391838,2059
16282,r10i1p1f1,2059,07,31,0.0,40.45442,21.290615,2059
16283,r10i1p1f1,2059,08,01,0.0,39.454803,22.917265,2059
16284,r10i1p1f1,2059,08,02,0.0,38.518875,21.711039,2059
16285,r10i1p1f1,2059,08,03,0.0,34.0017,16.904593,2059
16286,r10i1p1f1,2059,08,04,0.0,35.40698,17.658667,2059
16287,r10i1p1f1,2059,08,05,0.0,35.502777,19.050386,2059
16288,r10i1p1f1,2059,08,06,0.0,35.473114,17.912928,2059
16289,r10i1p1f1,2059,08,07,0.0,37.119637,19.066792,2059
16290,r10i1p1f1,2059,08,08,0.0,38.811337,21.083572,2059
16291,r10i1p1f1,2059,08,09,0.0,38.005608,20.935097,2059
16292,r10i1p1f1,2059,08,10,0.0,38.11839,21.181625,2059
16293,r10i1p1f1,2059,08,11,0.0,39.291645,22.363037,2059
16294,r10i1p1f1,2059,08,12,0.0,38.63372,22.248337,2059
16295,r10i1p1f1,2059,08,13,0.0,34.03529,18.068216,2059
16296,r10i1p1f1,2059,08,14,0.0,32.28889,16.790215,2059
16297,r10i1p1f1,2059,08,15,0.0,31.433908,13.949526,2059
16298,r10i1p1f1,2059,08,16,0.0,35.482513,17.393555,2059
16299,r10i1p1f1,2059,08,17,0.0,34.73324,16.663553,2059
16300,r10i1p1f1,2059,08,18,0.0,33.77731,16.329462,2059
16301,r10i1p1f1,2059,08,19,0.0,33.0101,17.31891,2059
16302,r10i1p1f1,2059,08,20,0.0,32.36573,16.012108,2059
16303,r10i1p1f1,2059,08,21,0.0,30.262465,14.063357,2059
16304,r10i1p1f1,2059,08,22,0.0,30.60338,14.691796,2059
16305,r10i1p1f1,2059,08,23,0.0,32.580376,15.391086,2059
16306,r10i1p1f1,2059,08,24,0.0,34.53023,16.926882,2059
16307,r10i1p1f1,2059,08,25,0.0,33.11762,14.99096,2059
16308,r10i1p1f1,2059,08,26,0.0,29.867968,11.376077,2059
16309,r10i1p1f1,2059,08,27,0.0,33.619488,15.025966,2059
16310,r10i1p1f1,2059,08,28,0.0,36.65599,19.192081,2059
16311,r10i1p1f1,2059,08,29,0.0,35.672382,16.533241,2059
16312,r10i1p1f1,2059,08,30,0.0,31.100702,11.637361,2059
16313,r10i1p1f1,2059,08,31,0.0,30.62502,13.370805,2059
16314,r10i1p1f1,2059,09,01,0.0,31.980906,15.800652,2059
16315,r10i1p1f1,2059,09,02,0.0,32.76806,15.519625,2059
16316,r10i1p1f1,2059,09,03,0.0,32.87503,14.935868,2059
16317,r10i1p1f1,2059,09,04,0.0,36.159687,17.968348,2059
16318,r10i1p1f1,2059,09,05,0.0,37.713123,19.353691,2059
16319,r10i1p1f1,2059,09,06,0.0,36.740284,18.661907,2059
16320,r10i1p1f1,2059,09,07,0.0,32.3583,16.587847,2059
16321,r10i1p1f1,2059,09,08,0.0,30.89517,10.937143,2059
16322,r10i1p1f1,2059,09,09,0.0,32.62193,15.144879,2059
16323,r10i1p1f1,2059,09,10,0.0,34.697678,17.82359,2059
16324,r10i1p1f1,2059,09,11,0.0,34.79054,18.11931,2059
16325,r10i1p1f1,2059,09,12,0.0,34.274536,16.6488,2059
16326,r10i1p1f1,2059,09,13,0.0,36.01788,18.857756,2059
16327,r10i1p1f1,2059,09,14,0.0,37.898224,20.931568,2059
16328,r10i1p1f1,2059,09,15,0.0,39.448048,21.536474,2059
16329,r10i1p1f1,2059,09,16,0.0,40.17001,22.554358,2059
16330,r10i1p1f1,2059,09,17,0.0,40.82727,23.734442,2059
16331,r10i1p1f1,2059,09,18,0.0,40.744408,22.316448,2059
16332,r10i1p1f1,2059,09,19,0.0,32.74771,19.348408,2059
16333,r10i1p1f1,2059,09,20,0.0,25.903986,12.280471,2059
16334,r10i1p1f1,2059,09,21,0.0,24.676292,10.840363,2059
16335,r10i1p1f1,2059,09,22,0.0,29.725,14.127149,2059
16336,r10i1p1f1,2059,09,23,0.0,31.159042,16.03229,2059
16337,r10i1p1f1,2059,09,24,0.0,33.12572,15.728661,2059
16338,r10i1p1f1,2059,09,25,0.0,31.935612,18.828783,2059
16339,r10i1p1f1,2059,09,26,0.0,30.552355,13.93984,2059
16340,r10i1p1f1,2059,09,27,0.0,32.362743,18.43327,2059
16341,r10i1p1f1,2059,09,28,0.0,33.34053,18.467903,2059
16342,r10i1p1f1,2059,09,29,0.0,31.207317,17.217995,2059
16343,r10i1p1f1,2059,09,30,0.0,28.65239,13.9232,2059
16344,r10i1p1f1,2059,10,01,27.066606691866916,24.923468,9.559834,2059
16345,r10i1p1f1,2059,10,02,0.0,20.580708,7.0377913,2059
16346,r10i1p1f1,2059,10,03,0.0,22.981401,9.236883,2059
16347,r10i1p1f1,2059,10,04,0.0,24.342365,11.318569,2059
16348,r10i1p1f1,2059,10,05,0.0,27.28081,13.303199,2059
16349,r10i1p1f1,2059,10,06,0.0,29.692236,13.495786,2059
16350,r10i1p1f1,2059,10,07,0.0,28.807022,13.950562,2059
16351,r10i1p1f1,2059,10,08,0.0,29.808805,13.794845,2059
16352,r10i1p1f1,2059,10,09,0.0,22.692764,11.098825,2059
16353,r10i1p1f1,2059,10,10,0.0,22.630798,10.338364,2059
16354,r10i1p1f1,2059,10,11,23.233140497100784,22.87969,10.737378,2059
16355,r10i1p1f1,2059,10,12,4.429966180682162,16.90832,5.4004097,2059
16356,r10i1p1f1,2059,10,13,0.0,21.939768,7.5107117,2059
16357,r10i1p1f1,2059,10,14,0.0,25.511555,10.144663,2059
16358,r10i1p1f1,2059,10,15,0.0,26.216824,12.74903,2059
16359,r10i1p1f1,2059,10,16,0.0,25.997137,9.417734,2059
16360,r10i1p1f1,2059,10,17,0.0,26.486654,11.84223,2059
16361,r10i1p1f1,2059,10,18,0.0,26.772577,12.491824,2059
16362,r10i1p1f1,2059,10,19,0.0,24.966894,11.60154,2059
16363,r10i1p1f1,2059,10,20,0.0,26.457788,10.413995,2059
16364,r10i1p1f1,2059,10,21,0.4401202651129217,22.715399,10.549289,2059
16365,r10i1p1f1,2059,10,22,0.0,24.878147,10.358774,2059
16366,r10i1p1f1,2059,10,23,0.0,24.600454,8.545224,2059
16367,r10i1p1f1,2059,10,24,0.0,25.143057,14.668955,2059
16368,r10i1p1f1,2059,10,25,7.137282007055259,24.027784,13.13892,2059
16369,r10i1p1f1,2059,10,26,0.0,30.381159,13.768283,2059
16370,r10i1p1f1,2059,10,27,0.0,29.41556,15.701479,2059
16371,r10i1p1f1,2059,10,28,0.0,28.538395,13.003405,2059
16372,r10i1p1f1,2059,10,29,0.0,26.064512,13.407334,2059
16373,r10i1p1f1,2059,10,30,0.0,24.33657,11.11762,2059
16374,r10i1p1f1,2059,10,31,0.0,20.643988,7.927204,2059
16375,r10i1p1f1,2059,11,01,0.0,23.079987,7.432677,2059
16376,r10i1p1f1,2059,11,02,0.0,22.980492,11.87236,2059
16377,r10i1p1f1,2059,11,03,1.0836263673019475,22.690472,10.033193,2059
16378,r10i1p1f1,2059,11,04,0.0,23.857172,7.5324416,2059
16379,r10i1p1f1,2059,11,05,0.0,23.146595,8.181677,2059
16380,r10i1p1f1,2059,11,06,0.5214194400052389,21.927069,9.018442,2059
16381,r10i1p1f1,2059,11,07,12.330137492934131,15.723035,6.9485283,2059
16382,r10i1p1f1,2059,11,08,14.18114400585182,14.871122,6.1685405,2059
16383,r10i1p1f1,2059,11,09,2.6575916580907832,15.772898,8.53229,2059
16384,r10i1p1f1,2059,11,10,16.600813676517358,13.374829,4.8681073,2059
16385,r10i1p1f1,2059,11,11,0.17380439204364512,11.654675,-0.0070142243,2059
16386,r10i1p1f1,2059,11,12,0.9817145453445463,11.463249,0.73363274,2059
16387,r10i1p1f1,2059,11,13,9.330181047890187,12.966107,2.0349548,2059
16388,r10i1p1f1,2059,11,14,0.0,17.521128,1.175161,2059
16389,r10i1p1f1,2059,11,15,0.0,16.698683,4.5155826,2059
16390,r10i1p1f1,2059,11,16,0.0,16.475496,6.0852394,2059
16391,r10i1p1f1,2059,11,17,20.204462530627527,15.466479,5.715039,2059
16392,r10i1p1f1,2059,11,18,37.881367661879935,16.893782,7.1543508,2059
16393,r10i1p1f1,2059,11,19,38.12167687819486,16.069326,10.124284,2059
16394,r10i1p1f1,2059,11,20,3.1601635767425535,14.7697525,6.273332,2059
16395,r10i1p1f1,2059,11,21,0.0,16.552368,5.8494425,2059
16396,r10i1p1f1,2059,11,22,22.44565620816215,14.149665,5.7103357,2059
16397,r10i1p1f1,2059,11,23,9.891740375199955,12.233452,6.8144073,2059
16398,r10i1p1f1,2059,11,24,1.633971699275686,13.513322,4.9611263,2059
16399,r10i1p1f1,2059,11,25,0.0003831823373969344,13.095649,2.4789553,2059
16400,r10i1p1f1,2059,11,26,1.0741860662547926,14.995732,1.2095276,2059
16401,r10i1p1f1,2059,11,27,0.0007820663971582881,13.859489,-1.210752,2059
16402,r10i1p1f1,2059,11,28,4.091021055194831,9.924385,2.9631362,2059
16403,r10i1p1f1,2059,11,29,10.675598771731051,11.854597,4.9099507,2059
16404,r10i1p1f1,2059,11,30,0.7396333142663168,15.97368,3.8324234,2059
16405,r10i1p1f1,2059,12,01,0.0,15.838056,4.631128,2059
16406,r10i1p1f1,2059,12,02,0.0,13.35208,2.198342,2059
16407,r10i1p1f1,2059,12,03,0.0,10.028338,0.19037427,2059
16408,r10i1p1f1,2059,12,04,0.0,12.754829,1.623414,2059
16409,r10i1p1f1,2059,12,05,0.0,16.985332,4.723843,2059
16410,r10i1p1f1,2059,12,06,0.0,18.337622,5.9218817,2059
16411,r10i1p1f1,2059,12,07,0.0,20.117243,8.29601,2059
16412,r10i1p1f1,2059,12,08,0.0,21.212412,8.558162,2059
16413,r10i1p1f1,2059,12,09,0.0,20.17827,8.97512,2059
16414,r10i1p1f1,2059,12,10,0.0,18.322365,7.9321146,2059
16415,r10i1p1f1,2059,12,11,0.0,16.255482,7.8571873,2059
16416,r10i1p1f1,2059,12,12,0.2952190429679927,11.843909,6.1989827,2059
16417,r10i1p1f1,2059,12,13,20.725156563505728,9.106448,-0.7768141,2059
16418,r10i1p1f1,2059,12,14,0.0,11.041275,-1.0858357,2059
16419,r10i1p1f1,2059,12,15,0.0,14.911502,3.279108,2059
16420,r10i1p1f1,2059,12,16,0.0,18.135199,4.633414,2059
16421,r10i1p1f1,2059,12,17,0.0,19.050781,7.24717,2059
16422,r10i1p1f1,2059,12,18,0.0,19.179276,7.9258976,2059
16423,r10i1p1f1,2059,12,19,0.0,17.461199,8.834213,2059
16424,r10i1p1f1,2059,12,20,0.0,17.231684,5.4474697,2059
16425,r10i1p1f1,2059,12,21,0.0,16.454332,6.8103204,2059
16426,r10i1p1f1,2059,12,22,22.900293514708448,11.933067,4.315416,2059
16427,r10i1p1f1,2059,12,23,0.7184590495614286,9.914686,4.3610053,2059
16428,r10i1p1f1,2059,12,24,3.0197046249740147,10.801431,6.034917,2059
16429,r10i1p1f1,2059,12,25,27.7874624108479,11.015441,6.042251,2059
16430,r10i1p1f1,2059,12,26,0.0,15.639383,4.6124334,2059
16431,r10i1p1f1,2059,12,27,27.324862202543667,13.012238,4.447158,2059
16432,r10i1p1f1,2059,12,28,7.995791828742719,9.646966,2.043579,2059
16433,r10i1p1f1,2059,12,29,0.0,9.936382,-1.5774437,2059
16434,r10i1p1f1,2059,12,30,1.5438245333203475,8.245669,1.2418375,2059
16435,r10i1p1f1,2059,12,31,0.0,8.0807,-1.3680745,2059
16436,r10i1p1f1,2060,01,01,0.0,11.669358,-0.99629474,2060
16437,r10i1p1f1,2060,01,02,0.0,10.087232,-1.0961444,2060
16438,r10i1p1f1,2060,01,03,0.0,10.344624,-0.9747658,2060
16439,r10i1p1f1,2060,01,04,0.0,11.742948,-0.91395044,2060
16440,r10i1p1f1,2060,01,05,0.0,12.204457,0.11804681,2060
16441,r10i1p1f1,2060,01,06,0.0,11.792259,0.29232368,2060
16442,r10i1p1f1,2060,01,07,0.0,8.570052,-1.258619,2060
16443,r10i1p1f1,2060,01,08,0.8590793791163857,5.3038673,-0.5292758,2060
16444,r10i1p1f1,2060,01,09,0.024049002378564853,5.7656236,-3.6020973,2060
16445,r10i1p1f1,2060,01,10,0.8102406354545996,4.3432612,-4.8545203,2060
16446,r10i1p1f1,2060,01,11,9.757955339783189,7.2070537,-3.4353662,2060
16447,r10i1p1f1,2060,01,12,0.0,11.69109,1.300518,2060
16448,r10i1p1f1,2060,01,13,0.0,14.536822,1.4979166,2060
16449,r10i1p1f1,2060,01,14,0.0,17.914623,5.689503,2060
16450,r10i1p1f1,2060,01,15,0.0,19.99681,6.5662327,2060
16451,r10i1p1f1,2060,01,16,0.0,17.609646,5.3869095,2060
16452,r10i1p1f1,2060,01,17,0.0,14.903539,6.2461667,2060
16453,r10i1p1f1,2060,01,18,0.0,14.217877,5.015051,2060
16454,r10i1p1f1,2060,01,19,0.0,15.539901,4.0673585,2060
16455,r10i1p1f1,2060,01,20,0.0,14.599007,3.3982408,2060
16456,r10i1p1f1,2060,01,21,0.0,14.06445,2.494485,2060
16457,r10i1p1f1,2060,01,22,0.0,14.699455,1.7796416,2060
16458,r10i1p1f1,2060,01,23,0.0,14.389085,3.4906328,2060
16459,r10i1p1f1,2060,01,24,11.077131543999329,8.985415,1.289711,2060
16460,r10i1p1f1,2060,01,25,52.74639987680865,11.504376,3.7213383,2060
16461,r10i1p1f1,2060,01,26,24.32686157362217,7.904386,3.496564,2060
16462,r10i1p1f1,2060,01,27,7.904482642793721,8.428678,2.3797388,2060
16463,r10i1p1f1,2060,01,28,35.749001155521626,9.169246,2.6654272,2060
16464,r10i1p1f1,2060,01,29,28.933251525220264,8.783485,2.9199564,2060
16465,r10i1p1f1,2060,01,30,69.48857557727024,14.079918,4.012516,2060
16466,r10i1p1f1,2060,01,31,4.6350530640522365,11.347839,5.249638,2060
16467,r10i1p1f1,2060,02,01,91.89503267652502,15.069749,4.853424,2060
16468,r10i1p1f1,2060,02,02,63.56111048922972,11.793178,6.5735497,2060
16469,r10i1p1f1,2060,02,03,58.635658631713966,14.715152,7.9795723,2060
16470,r10i1p1f1,2060,02,04,9.713951710622688,14.117971,5.50709,2060
16471,r10i1p1f1,2060,02,05,0.0,12.895199,4.252,2060
16472,r10i1p1f1,2060,02,06,0.0,12.801365,1.1658081,2060
16473,r10i1p1f1,2060,02,07,0.0,16.142418,3.1602032,2060
16474,r10i1p1f1,2060,02,08,0.0,15.069378,4.6279407,2060
16475,r10i1p1f1,2060,02,09,32.88978871760743,9.2757225,3.7309313,2060
16476,r10i1p1f1,2060,02,10,0.40892768193579715,10.595474,3.6760423,2060
16477,r10i1p1f1,2060,02,11,17.81627123311505,8.891553,1.5360574,2060
16478,r10i1p1f1,2060,02,12,8.064635989285307,7.86049,3.7777774,2060
16479,r10i1p1f1,2060,02,13,0.7585250246225578,11.736901,3.9249861,2060
16480,r10i1p1f1,2060,02,14,0.0,13.272311,1.5808548,2060
16481,r10i1p1f1,2060,02,15,0.0,12.768005,2.8923361,2060
16482,r10i1p1f1,2060,02,16,5.936497014351373,10.290418,2.9601994,2060
16483,r10i1p1f1,2060,02,17,4.174525823916491,9.470102,4.0925813,2060
16484,r10i1p1f1,2060,02,18,0.0,12.106648,5.4160275,2060
16485,r10i1p1f1,2060,02,19,16.466740525241843,9.672938,4.7948527,2060
16486,r10i1p1f1,2060,02,20,22.868789373406845,8.198645,-0.6233918,2060
16487,r10i1p1f1,2060,02,21,1.7869293332607508,8.573413,1.6750383,2060
16488,r10i1p1f1,2060,02,22,0.0,9.614932,2.5104604,2060
16489,r10i1p1f1,2060,02,23,0.0,13.87997,0.17961743,2060
16490,r10i1p1f1,2060,02,24,0.0,13.279747,0.8190338,2060
16491,r10i1p1f1,2060,02,25,1.6482320319865769,10.95234,2.9548578,2060
16492,r10i1p1f1,2060,02,26,8.150538412653413,11.419396,6.375885,2060
16493,r10i1p1f1,2060,02,27,4.979226571221692,14.796687,5.4441514,2060
16494,r10i1p1f1,2060,02,28,58.655897106387116,13.833838,8.760112,2060
16495,r10i1p1f1,2060,02,29,71.31224521435797,12.611346,2.6396327,2060
16496,r10i1p1f1,2060,03,01,5.153885544649184,11.367391,0.88632846,2060
16497,r10i1p1f1,2060,03,02,51.44264192050813,10.906598,2.976229,2060
16498,r10i1p1f1,2060,03,03,5.2581397415978195,13.059726,5.1581373,2060
16499,r10i1p1f1,2060,03,04,0.0,18.518513,2.9899898,2060
16500,r10i1p1f1,2060,03,05,3.8388294942753993,15.75819,6.918329,2060
16501,r10i1p1f1,2060,03,06,5.611676296872534,12.803796,5.1141124,2060
16502,r10i1p1f1,2060,03,07,0.9376871366480612,14.57485,6.3721194,2060
16503,r10i1p1f1,2060,03,08,31.706768448011164,13.369662,3.6118453,2060
16504,r10i1p1f1,2060,03,09,9.246478996110932,9.254453,2.9259126,2060
16505,r10i1p1f1,2060,03,10,5.276085073350451,9.027557,3.8964531,2060
16506,r10i1p1f1,2060,03,11,3.0494369961065546,10.533081,2.8862975,2060
16507,r10i1p1f1,2060,03,12,15.771801157327564,10.08997,1.8018779,2060
16508,r10i1p1f1,2060,03,13,12.441342392565659,9.1626835,3.754564,2060
16509,r10i1p1f1,2060,03,14,33.37573889676653,9.778574,4.4642873,2060
16510,r10i1p1f1,2060,03,15,6.347162255573686,8.305485,3.9945812,2060
16511,r10i1p1f1,2060,03,16,22.894441909585638,12.099806,3.601285,2060
16512,r10i1p1f1,2060,03,17,87.8706209153231,14.884486,7.4648194,2060
16513,r10i1p1f1,2060,03,18,96.57795260243707,15.981234,8.845421,2060
16514,r10i1p1f1,2060,03,19,16.10678107489979,12.122154,3.4070828,2060
16515,r10i1p1f1,2060,03,20,5.478884388545387,11.15091,4.2197127,2060
16516,r10i1p1f1,2060,03,21,40.33289833613181,10.442645,1.6067095,2060
16517,r10i1p1f1,2060,03,22,19.567277802477626,9.18477,1.413053,2060
16518,r10i1p1f1,2060,03,23,10.63650643696555,8.53013,1.7450794,2060
16519,r10i1p1f1,2060,03,24,10.274312715888588,5.2632117,0.73202294,2060
16520,r10i1p1f1,2060,03,25,4.482758118643017,6.7334433,1.1162895,2060
16521,r10i1p1f1,2060,03,26,3.6787826035977464,7.5976458,1.9893793,2060
16522,r10i1p1f1,2060,03,27,0.06344286666238699,11.482718,-1.0885084,2060
16523,r10i1p1f1,2060,03,28,0.311112493095846,13.922649,0.5734831,2060
16524,r10i1p1f1,2060,03,29,1.0023257778907704,13.466688,0.7923773,2060
16525,r10i1p1f1,2060,03,30,0.23155259468215886,12.612098,-0.28804457,2060
16526,r10i1p1f1,2060,03,31,0.0,13.88748,0.4369551,2060
16527,r10i1p1f1,2060,04,01,0.0,15.906496,3.520986,2060
16528,r10i1p1f1,2060,04,02,0.0,16.35776,2.603284,2060
16529,r10i1p1f1,2060,04,03,0.0,16.06173,1.8812449,2060
16530,r10i1p1f1,2060,04,04,0.0,15.932103,0.9502698,2060
16531,r10i1p1f1,2060,04,05,0.0,21.037321,4.4322133,2060
16532,r10i1p1f1,2060,04,06,0.0,22.637522,5.268295,2060
16533,r10i1p1f1,2060,04,07,0.0,26.282373,7.86923,2060
16534,r10i1p1f1,2060,04,08,0.0,27.134052,10.551556,2060
16535,r10i1p1f1,2060,04,09,0.0,28.74822,12.81095,2060
16536,r10i1p1f1,2060,04,10,0.0,28.016136,13.574064,2060
16537,r10i1p1f1,2060,04,11,0.0350577025074017,24.072048,10.86459,2060
16538,r10i1p1f1,2060,04,12,10.875649871511422,15.926709,7.6106896,2060
16539,r10i1p1f1,2060,04,13,0.0,20.1642,4.816266,2060
16540,r10i1p1f1,2060,04,14,0.0,21.321108,6.3724074,2060
16541,r10i1p1f1,2060,04,15,5.0244989647916025,17.99031,5.6748424,2060
16542,r10i1p1f1,2060,04,16,3.1317643157523745,14.941486,3.440699,2060
16543,r10i1p1f1,2060,04,17,0.21349319477418535,16.680668,4.925828,2060
16544,r10i1p1f1,2060,04,18,0.0,19.888884,3.8596597,2060
16545,r10i1p1f1,2060,04,19,0.0,21.946692,7.3151326,2060
16546,r10i1p1f1,2060,04,20,0.0,21.604145,8.612374,2060
16547,r10i1p1f1,2060,04,21,20.1777457953492,13.240358,4.4239726,2060
16548,r10i1p1f1,2060,04,22,0.05205814913527942,13.349379,1.2724744,2060
16549,r10i1p1f1,2060,04,23,0.0,19.158764,2.2743406,2060
16550,r10i1p1f1,2060,04,24,0.0,19.093603,6.4169245,2060
16551,r10i1p1f1,2060,04,25,0.0,16.997517,6.264788,2060
16552,r10i1p1f1,2060,04,26,0.0,18.847061,3.5176945,2060
16553,r10i1p1f1,2060,04,27,0.0,21.717709,7.291414,2060
16554,r10i1p1f1,2060,04,28,0.0,25.397684,8.678014,2060
16555,r10i1p1f1,2060,04,29,0.0,25.70491,11.993651,2060
16556,r10i1p1f1,2060,04,30,0.0,24.600409,11.255014,2060
16557,r10i1p1f1,2060,05,01,8.935780620384705,14.786197,1.3555365,2060
16558,r10i1p1f1,2060,05,02,19.387995696007764,11.138567,3.4927552,2060
16559,r10i1p1f1,2060,05,03,0.11531053032740601,20.808527,4.827542,2060
16560,r10i1p1f1,2060,05,04,0.0,24.330324,8.560962,2060
16561,r10i1p1f1,2060,05,05,0.0,27.245062,9.822402,2060
16562,r10i1p1f1,2060,05,06,0.0,26.801336,11.8265085,2060
16563,r10i1p1f1,2060,05,07,0.0,24.377588,9.89972,2060
16564,r10i1p1f1,2060,05,08,12.14306387050065,20.280945,3.478596,2060
16565,r10i1p1f1,2060,05,09,1.3102434669762213,16.57868,4.0348234,2060
16566,r10i1p1f1,2060,05,10,0.0,16.104284,5.7021317,2060
16567,r10i1p1f1,2060,05,11,11.539375412164526,12.399756,1.2475419,2060
16568,r10i1p1f1,2060,05,12,2.1044909203426774,12.87104,3.2152195,2060
16569,r10i1p1f1,2060,05,13,0.0,16.706549,2.301118,2060
16570,r10i1p1f1,2060,05,14,0.0,25.205997,5.890644,2060
16571,r10i1p1f1,2060,05,15,0.0,26.35502,8.225946,2060
16572,r10i1p1f1,2060,05,16,0.0,25.641697,8.835853,2060
16573,r10i1p1f1,2060,05,17,0.0,26.840828,8.080846,2060
16574,r10i1p1f1,2060,05,18,0.0,25.67387,10.939749,2060
16575,r10i1p1f1,2060,05,19,0.0,23.560074,8.27341,2060
16576,r10i1p1f1,2060,05,20,0.0,28.009464,10.92344,2060
16577,r10i1p1f1,2060,05,21,0.0,30.521208,11.466734,2060
16578,r10i1p1f1,2060,05,22,0.0,31.183466,13.900083,2060
16579,r10i1p1f1,2060,05,23,0.0,31.030283,13.655147,2060
16580,r10i1p1f1,2060,05,24,0.0,27.329622,12.792303,2060
16581,r10i1p1f1,2060,05,25,0.0,32.533302,15.6055975,2060
16582,r10i1p1f1,2060,05,26,0.0,35.88311,17.909784,2060
16583,r10i1p1f1,2060,05,27,0.0,36.004395,19.692543,2060
16584,r10i1p1f1,2060,05,28,0.0,34.474514,18.295795,2060
16585,r10i1p1f1,2060,05,29,0.0,33.838627,17.470886,2060
16586,r10i1p1f1,2060,05,30,0.0,33.3037,16.228146,2060
16587,r10i1p1f1,2060,05,31,0.0,31.743954,16.184074,2060
16588,r10i1p1f1,2060,06,01,0.0,31.280296,12.920095,2060
16589,r10i1p1f1,2060,06,02,1.780233052546153,21.13594,10.33984,2060
16590,r10i1p1f1,2060,06,03,3.811427467845581,20.851578,14.447494,2060
16591,r10i1p1f1,2060,06,04,0.0,24.166992,11.639859,2060
16592,r10i1p1f1,2060,06,05,0.0,25.694504,9.095223,2060
16593,r10i1p1f1,2060,06,06,0.0,30.937223,14.635034,2060
16594,r10i1p1f1,2060,06,07,0.0,30.852812,12.422755,2060
16595,r10i1p1f1,2060,06,08,0.0,29.098131,12.6306715,2060
16596,r10i1p1f1,2060,06,09,0.0,32.285408,14.263691,2060
16597,r10i1p1f1,2060,06,10,0.27340028426758517,25.317373,9.522773,2060
16598,r10i1p1f1,2060,06,11,0.028940064476046246,32.85239,14.825961,2060
16599,r10i1p1f1,2060,06,12,0.22990173826991323,29.49777,14.105,2060
16600,r10i1p1f1,2060,06,13,0.0,32.65017,15.443489,2060
16601,r10i1p1f1,2060,06,14,0.0,31.532843,15.592377,2060
16602,r10i1p1f1,2060,06,15,0.0,31.678358,15.44962,2060
16603,r10i1p1f1,2060,06,16,0.0,31.263666,15.249287,2060
16604,r10i1p1f1,2060,06,17,0.0,30.604446,15.889301,2060
16605,r10i1p1f1,2060,06,18,0.0,30.144962,14.024677,2060
16606,r10i1p1f1,2060,06,19,0.0,33.399715,17.943338,2060
16607,r10i1p1f1,2060,06,20,0.0,33.58219,18.461342,2060
16608,r10i1p1f1,2060,06,21,0.0,31.827438,17.518482,2060
16609,r10i1p1f1,2060,06,22,0.0,31.176468,14.223379,2060
16610,r10i1p1f1,2060,06,23,0.0,30.940992,14.442411,2060
16611,r10i1p1f1,2060,06,24,0.0,31.91947,14.880145,2060
16612,r10i1p1f1,2060,06,25,0.0,32.091915,16.083874,2060
16613,r10i1p1f1,2060,06,26,0.0,29.646202,18.515198,2060
16614,r10i1p1f1,2060,06,27,0.0,31.833685,13.20535,2060
16615,r10i1p1f1,2060,06,28,0.0,33.52433,14.15364,2060
16616,r10i1p1f1,2060,06,29,0.0,32.947132,16.123283,2060
16617,r10i1p1f1,2060,06,30,0.0,32.725143,16.73244,2060
16618,r10i1p1f1,2060,07,01,0.0,30.757755,14.44525,2060
16619,r10i1p1f1,2060,07,02,0.0,29.615356,10.171359,2060
16620,r10i1p1f1,2060,07,03,0.0,31.77264,13.570456,2060
16621,r10i1p1f1,2060,07,04,0.0,31.856356,15.009438,2060
16622,r10i1p1f1,2060,07,05,0.0,32.64182,16.205765,2060
16623,r10i1p1f1,2060,07,06,0.0,33.119785,16.805117,2060
16624,r10i1p1f1,2060,07,07,0.0,35.53339,17.560316,2060
16625,r10i1p1f1,2060,07,08,0.0,34.417313,17.589096,2060
16626,r10i1p1f1,2060,07,09,0.0,34.81324,18.222422,2060
16627,r10i1p1f1,2060,07,10,0.0,33.59453,17.164194,2060
16628,r10i1p1f1,2060,07,11,0.0,35.37996,17.134811,2060
16629,r10i1p1f1,2060,07,12,0.08928869898035803,36.08542,18.495598,2060
16630,r10i1p1f1,2060,07,13,0.0,34.654884,18.412212,2060
16631,r10i1p1f1,2060,07,14,0.0,32.427017,17.658361,2060
16632,r10i1p1f1,2060,07,15,0.0,31.90296,15.997974,2060
16633,r10i1p1f1,2060,07,16,0.0,29.843683,17.436024,2060
16634,r10i1p1f1,2060,07,17,0.0,29.360445,12.8133335,2060
16635,r10i1p1f1,2060,07,18,0.0,28.821707,12.930275,2060
16636,r10i1p1f1,2060,07,19,0.0,31.40418,13.559962,2060
16637,r10i1p1f1,2060,07,20,0.0,32.27012,14.930303,2060
16638,r10i1p1f1,2060,07,21,0.0,32.459705,14.458682,2060
16639,r10i1p1f1,2060,07,22,0.0,34.93905,16.262316,2060
16640,r10i1p1f1,2060,07,23,0.0,35.032402,17.94667,2060
16641,r10i1p1f1,2060,07,24,0.0,33.590214,15.977006,2060
16642,r10i1p1f1,2060,07,25,0.0,31.771019,15.378195,2060
16643,r10i1p1f1,2060,07,26,0.0,31.869719,14.564249,2060
16644,r10i1p1f1,2060,07,27,0.0,32.446556,16.704086,2060
16645,r10i1p1f1,2060,07,28,0.0,34.154823,15.106903,2060
16646,r10i1p1f1,2060,07,29,0.0,35.222755,18.349672,2060
16647,r10i1p1f1,2060,07,30,0.0,35.51433,18.969244,2060
16648,r10i1p1f1,2060,07,31,0.0,36.654285,19.288568,2060
16649,r10i1p1f1,2060,08,01,0.0,37.24177,19.785376,2060
16650,r10i1p1f1,2060,08,02,0.0,37.976044,19.504873,2060
16651,r10i1p1f1,2060,08,03,0.0,37.196705,18.6151,2060
16652,r10i1p1f1,2060,08,04,0.0,37.479424,19.18835,2060
16653,r10i1p1f1,2060,08,05,0.0,36.76914,19.301054,2060
16654,r10i1p1f1,2060,08,06,0.0,35.260082,18.207092,2060
16655,r10i1p1f1,2060,08,07,0.0,34.8824,18.378149,2060
16656,r10i1p1f1,2060,08,08,0.0,33.86736,17.47787,2060
16657,r10i1p1f1,2060,08,09,0.0,33.872097,16.409714,2060
16658,r10i1p1f1,2060,08,10,0.0,34.67332,15.986415,2060
16659,r10i1p1f1,2060,08,11,0.0,33.52683,16.466675,2060
16660,r10i1p1f1,2060,08,12,0.0,31.174524,14.264796,2060
16661,r10i1p1f1,2060,08,13,9.385719548816652,30.252258,14.120509,2060
16662,r10i1p1f1,2060,08,14,0.05656979812652265,29.967321,15.4978895,2060
16663,r10i1p1f1,2060,08,15,0.3116677743635496,30.933369,14.814301,2060
16664,r10i1p1f1,2060,08,16,0.0,32.851208,16.43971,2060
16665,r10i1p1f1,2060,08,17,0.0,32.398563,17.749378,2060
16666,r10i1p1f1,2060,08,18,0.0,35.72799,18.570967,2060
16667,r10i1p1f1,2060,08,19,0.0,34.586246,19.067408,2060
16668,r10i1p1f1,2060,08,20,0.0,33.924877,16.45881,2060
16669,r10i1p1f1,2060,08,21,0.0,37.533897,20.525772,2060
16670,r10i1p1f1,2060,08,22,0.0,39.938995,22.512499,2060
16671,r10i1p1f1,2060,08,23,0.0,38.55399,21.09616,2060
16672,r10i1p1f1,2060,08,24,0.0,36.162025,19.850084,2060
16673,r10i1p1f1,2060,08,25,0.0,34.274555,16.859573,2060
16674,r10i1p1f1,2060,08,26,0.0,30.063833,15.048001,2060
16675,r10i1p1f1,2060,08,27,0.0,30.823622,13.335691,2060
16676,r10i1p1f1,2060,08,28,0.0,30.444397,14.976107,2060
16677,r10i1p1f1,2060,08,29,0.0,30.551697,12.481906,2060
16678,r10i1p1f1,2060,08,30,0.0,30.308453,13.122838,2060
16679,r10i1p1f1,2060,08,31,0.0,29.42403,12.278195,2060
16680,r10i1p1f1,2060,09,01,0.0,27.29242,12.613121,2060
16681,r10i1p1f1,2060,09,02,0.0,28.42787,11.933586,2060
16682,r10i1p1f1,2060,09,03,0.0,31.012667,13.56286,2060
16683,r10i1p1f1,2060,09,04,0.0,33.59387,16.3378,2060
16684,r10i1p1f1,2060,09,05,0.0,35.418125,19.21729,2060
16685,r10i1p1f1,2060,09,06,0.0,37.075535,19.35252,2060
16686,r10i1p1f1,2060,09,07,0.0,38.853565,20.35028,2060
16687,r10i1p1f1,2060,09,08,0.0,38.159294,21.201777,2060
16688,r10i1p1f1,2060,09,09,0.0,36.035275,20.83393,2060
16689,r10i1p1f1,2060,09,10,0.0,37.247337,21.412052,2060
16690,r10i1p1f1,2060,09,11,0.0,38.780975,23.230877,2060
16691,r10i1p1f1,2060,09,12,0.0,38.19495,22.014793,2060
16692,r10i1p1f1,2060,09,13,0.0,36.764618,22.132826,2060
16693,r10i1p1f1,2060,09,14,0.0,34.76547,20.735216,2060
16694,r10i1p1f1,2060,09,15,0.0,29.851883,14.341489,2060
16695,r10i1p1f1,2060,09,16,0.0,34.655647,17.18145,2060
16696,r10i1p1f1,2060,09,17,0.0,36.10674,19.58892,2060
16697,r10i1p1f1,2060,09,18,0.0,36.859066,20.006,2060
16698,r10i1p1f1,2060,09,19,0.0,35.89096,19.51114,2060
16699,r10i1p1f1,2060,09,20,0.0,32.629463,19.15588,2060
16700,r10i1p1f1,2060,09,21,0.0,30.312449,14.007772,2060
16701,r10i1p1f1,2060,09,22,0.0,32.677624,16.526014,2060
16702,r10i1p1f1,2060,09,23,0.0,33.585564,18.113882,2060
16703,r10i1p1f1,2060,09,24,0.0,33.758114,20.44956,2060
16704,r10i1p1f1,2060,09,25,0.0,35.77496,18.71822,2060
16705,r10i1p1f1,2060,09,26,0.0,34.391117,19.42499,2060
16706,r10i1p1f1,2060,09,27,0.0,34.197903,20.34952,2060
16707,r10i1p1f1,2060,09,28,4.173373377218588,28.838655,17.778585,2060
16708,r10i1p1f1,2060,09,29,106.05420809190132,24.713865,14.399793,2060
16709,r10i1p1f1,2060,09,30,67.43760722150144,21.586054,14.039572,2060
16710,r10i1p1f1,2060,10,01,101.51617539507386,21.38305,15.950132,2060
16711,r10i1p1f1,2060,10,02,74.52132507889091,22.488075,14.982899,2060
16712,r10i1p1f1,2060,10,03,3.4518478194322118,27.164268,14.783267,2060
16713,r10i1p1f1,2060,10,04,1.158748606255693,28.344845,15.695406,2060
16714,r10i1p1f1,2060,10,05,2.099881140336373,29.410683,17.527409,2060
16715,r10i1p1f1,2060,10,06,5.4590026563477965,24.481161,16.819143,2060
16716,r10i1p1f1,2060,10,07,0.30469736093915634,31.377039,19.264292,2060
16717,r10i1p1f1,2060,10,08,0.0,26.106613,12.765284,2060
16718,r10i1p1f1,2060,10,09,0.03986693079576454,23.68628,11.734996,2060
16719,r10i1p1f1,2060,10,10,0.40343319752106543,23.030127,10.271701,2060
16720,r10i1p1f1,2060,10,11,0.0003725187232368243,22.111261,9.933834,2060
16721,r10i1p1f1,2060,10,12,4.713789289522346,21.330503,9.392851,2060
16722,r10i1p1f1,2060,10,13,0.25250756207242375,15.543994,4.328259,2060
16723,r10i1p1f1,2060,10,14,0.05906550824492067,18.373468,5.499592,2060
16724,r10i1p1f1,2060,10,15,0.0,22.757885,6.8986573,2060
16725,r10i1p1f1,2060,10,16,0.0,24.71517,9.6582,2060
16726,r10i1p1f1,2060,10,17,0.0,25.237503,11.42107,2060
16727,r10i1p1f1,2060,10,18,0.0,25.40565,12.280403,2060
16728,r10i1p1f1,2060,10,19,0.0,25.003393,11.1844,2060
16729,r10i1p1f1,2060,10,20,0.0,26.531301,10.827603,2060
16730,r10i1p1f1,2060,10,21,0.0,26.217278,13.90696,2060
16731,r10i1p1f1,2060,10,22,0.0,25.130161,11.657712,2060
16732,r10i1p1f1,2060,10,23,0.0,24.041956,12.045987,2060
16733,r10i1p1f1,2060,10,24,0.06101251975020492,24.944235,11.127862,2060
16734,r10i1p1f1,2060,10,25,0.0,23.469574,10.87361,2060
16735,r10i1p1f1,2060,10,26,0.2992135079406772,21.917181,9.57435,2060
16736,r10i1p1f1,2060,10,27,0.0,21.487017,8.917491,2060
16737,r10i1p1f1,2060,10,28,0.0,23.120224,10.311801,2060
16738,r10i1p1f1,2060,10,29,0.0,23.95442,10.311792,2060
16739,r10i1p1f1,2060,10,30,0.0,25.242682,9.51527,2060
16740,r10i1p1f1,2060,10,31,0.0,24.396235,11.995878,2060
16741,r10i1p1f1,2060,11,01,0.0,22.297924,11.0232725,2060
16742,r10i1p1f1,2060,11,02,0.0,22.06293,6.751553,2060
16743,r10i1p1f1,2060,11,03,0.0,25.241402,9.178003,2060
16744,r10i1p1f1,2060,11,04,0.0,30.385302,10.194613,2060
16745,r10i1p1f1,2060,11,05,0.0,26.765692,13.074718,2060
16746,r10i1p1f1,2060,11,06,0.0,25.76357,13.036048,2060
16747,r10i1p1f1,2060,11,07,0.0,22.97887,7.5799093,2060
16748,r10i1p1f1,2060,11,08,7.003393019151286,23.222376,10.751402,2060
16749,r10i1p1f1,2060,11,09,12.795452889871452,15.347746,9.251852,2060
16750,r10i1p1f1,2060,11,10,2.6808523492371408,19.96733,7.1514387,2060
16751,r10i1p1f1,2060,11,11,0.0,19.203644,8.951996,2060
16752,r10i1p1f1,2060,11,12,0.0,19.367548,6.9497695,2060
16753,r10i1p1f1,2060,11,13,33.21595534522969,19.447159,8.565897,2060
16754,r10i1p1f1,2060,11,14,18.287808139728824,12.457817,5.9486604,2060
16755,r10i1p1f1,2060,11,15,17.713486706213047,12.551803,6.3198714,2060
16756,r10i1p1f1,2060,11,16,43.266635220865474,12.949256,6.196762,2060
16757,r10i1p1f1,2060,11,17,19.8374963513695,13.379931,5.8334684,2060
16758,r10i1p1f1,2060,11,18,1.195272319395563,13.476527,7.5130754,2060
16759,r10i1p1f1,2060,11,19,8.506664514090133,12.932048,5.574309,2060
16760,r10i1p1f1,2060,11,20,0.0467831769032943,14.3748045,0.7317268,2060
16761,r10i1p1f1,2060,11,21,0.0,16.541065,0.34023246,2060
16762,r10i1p1f1,2060,11,22,0.0,19.57167,3.8352227,2060
16763,r10i1p1f1,2060,11,23,0.0,18.653917,5.6195464,2060
16764,r10i1p1f1,2060,11,24,0.0,20.021166,5.5039887,2060
16765,r10i1p1f1,2060,11,25,0.0,21.127016,9.003246,2060
16766,r10i1p1f1,2060,11,26,0.0,19.698214,9.073773,2060
16767,r10i1p1f1,2060,11,27,0.0,19.290945,6.0189304,2060
16768,r10i1p1f1,2060,11,28,0.0,20.2063,5.070543,2060
16769,r10i1p1f1,2060,11,29,0.0,20.503197,5.410309,2060
16770,r10i1p1f1,2060,11,30,0.0,19.064596,4.497226,2060
16771,r10i1p1f1,2060,12,01,0.0,18.74297,6.572181,2060
16772,r10i1p1f1,2060,12,02,0.0,19.077417,7.5128584,2060
16773,r10i1p1f1,2060,12,03,0.0,15.869741,6.670516,2060
16774,r10i1p1f1,2060,12,04,0.0,12.620245,1.5664227,2060
16775,r10i1p1f1,2060,12,05,0.0,11.66811,2.1661081,2060
16776,r10i1p1f1,2060,12,06,0.0,13.998773,2.6139107,2060
16777,r10i1p1f1,2060,12,07,0.0,16.804724,5.801355,2060
16778,r10i1p1f1,2060,12,08,0.0,17.107409,4.768772,2060
16779,r10i1p1f1,2060,12,09,0.0,16.335154,3.72541,2060
16780,r10i1p1f1,2060,12,10,0.0,13.85741,2.237424,2060
16781,r10i1p1f1,2060,12,11,0.0,13.9313545,1.692796,2060
16782,r10i1p1f1,2060,12,12,0.0,14.58866,0.5364334,2060
16783,r10i1p1f1,2060,12,13,0.0,12.935995,1.4224724,2060
16784,r10i1p1f1,2060,12,14,0.1396932113421874,10.850877,2.1183503,2060
16785,r10i1p1f1,2060,12,15,3.8161807494505315,8.697014,4.033823,2060
16786,r10i1p1f1,2060,12,16,38.187005456328684,8.870534,3.2174304,2060
16787,r10i1p1f1,2060,12,17,5.50548569624784,7.7877197,2.9358912,2060
16788,r10i1p1f1,2060,12,18,13.587356019247396,8.26902,2.7167351,2060
16789,r10i1p1f1,2060,12,19,0.0,9.169136,-1.9450951,2060
16790,r10i1p1f1,2060,12,20,1.4545224717721794,7.948032,2.018347,2060
16791,r10i1p1f1,2060,12,21,0.0,11.345449,2.446653,2060
16792,r10i1p1f1,2060,12,22,20.268966554890778,10.747173,5.109745,2060
16793,r10i1p1f1,2060,12,23,6.405973150068396,10.792911,5.9337196,2060
16794,r10i1p1f1,2060,12,24,0.0,16.694239,4.5871396,2060
16795,r10i1p1f1,2060,12,25,11.441309016510402,12.794049,7.1907268,2060
16796,r10i1p1f1,2060,12,26,0.0,14.157076,1.8781824,2060
16797,r10i1p1f1,2060,12,27,2.684414675576064,11.82511,2.5635133,2060
16798,r10i1p1f1,2060,12,28,15.843944293048576,10.656137,3.024376,2060
16799,r10i1p1f1,2060,12,29,0.0,15.990265,4.132961,2060
16800,r10i1p1f1,2060,12,30,0.0,15.973741,4.982369,2060
16801,r10i1p1f1,2060,12,31,0.0,18.354164,6.8547378,2060
16802,r10i1p1f1,2061,01,01,0.0,18.032284,6.4643745,2061
16803,r10i1p1f1,2061,01,02,11.37662845323671,11.472654,3.0489388,2061
16804,r10i1p1f1,2061,01,03,0.0,12.78902,0.8499649,2061
16805,r10i1p1f1,2061,01,04,0.0,12.306582,1.7325195,2061
16806,r10i1p1f1,2061,01,05,5.582306120696127,8.602653,4.403177,2061
16807,r10i1p1f1,2061,01,06,0.0,14.288741,1.7010912,2061
16808,r10i1p1f1,2061,01,07,3.3441286533113606,11.005427,1.3634222,2061
16809,r10i1p1f1,2061,01,08,24.554482533743506,7.95553,3.1057315,2061
16810,r10i1p1f1,2061,01,09,26.796326717962266,7.713676,1.6922419,2061
16811,r10i1p1f1,2061,01,10,0.7390732664804857,9.015477,2.5072489,2061
16812,r10i1p1f1,2061,01,11,7.2103172971956635,7.6943536,2.8612936,2061
16813,r10i1p1f1,2061,01,12,0.0,13.331582,1.9937469,2061
16814,r10i1p1f1,2061,01,13,0.0,14.467978,2.2965517,2061
16815,r10i1p1f1,2061,01,14,0.0,16.117737,3.2705758,2061
16816,r10i1p1f1,2061,01,15,0.0,18.628906,6.594685,2061
16817,r10i1p1f1,2061,01,16,0.0,19.070133,6.3164887,2061
16818,r10i1p1f1,2061,01,17,0.0,20.619215,8.292651,2061
16819,r10i1p1f1,2061,01,18,0.0,19.34345,8.226508,2061
16820,r10i1p1f1,2061,01,19,0.0,18.343985,7.4249268,2061
16821,r10i1p1f1,2061,01,20,7.882536384127697,16.224127,7.4796286,2061
16822,r10i1p1f1,2061,01,21,0.0,16.008902,5.2461076,2061
16823,r10i1p1f1,2061,01,22,0.0,17.951006,3.9399245,2061
16824,r10i1p1f1,2061,01,23,0.0,15.750268,4.261297,2061
16825,r10i1p1f1,2061,01,24,17.023115114333404,11.745404,5.7226963,2061
16826,r10i1p1f1,2061,01,25,37.39270684140808,13.939277,6.7248673,2061
16827,r10i1p1f1,2061,01,26,0.0,13.965332,3.5948415,2061
16828,r10i1p1f1,2061,01,27,25.58478461302768,11.662748,4.9510884,2061
16829,r10i1p1f1,2061,01,28,11.149745238454718,12.7579975,6.6171174,2061
16830,r10i1p1f1,2061,01,29,0.0,14.127493,3.6470811,2061
16831,r10i1p1f1,2061,01,30,0.0,11.336417,-1.698101,2061
16832,r10i1p1f1,2061,01,31,0.0,11.621186,-0.9676261,2061
16833,r10i1p1f1,2061,02,01,0.0,13.02048,1.9321556,2061
16834,r10i1p1f1,2061,02,02,0.0,13.65434,2.7557213,2061
16835,r10i1p1f1,2061,02,03,1.4929150479115618,12.857709,6.1729007,2061
16836,r10i1p1f1,2061,02,04,0.47157794300035577,12.1667,7.030688,2061
16837,r10i1p1f1,2061,02,05,0.0,12.922269,5.321057,2061
16838,r10i1p1f1,2061,02,06,0.0,11.426934,4.806192,2061
16839,r10i1p1f1,2061,02,07,0.0,14.474362,0.031834453,2061
16840,r10i1p1f1,2061,02,08,0.0,12.747854,2.55843,2061
16841,r10i1p1f1,2061,02,09,4.122002917421541,8.767442,4.5313253,2061
16842,r10i1p1f1,2061,02,10,11.390512352763357,8.98526,2.828633,2061
16843,r10i1p1f1,2061,02,11,4.477792079016677,11.571078,4.4960957,2061
16844,r10i1p1f1,2061,02,12,36.38288411863246,13.798284,4.199641,2061
16845,r10i1p1f1,2061,02,13,19.900587766805028,14.863335,8.414654,2061
16846,r10i1p1f1,2061,02,14,9.48476939554798,14.243392,8.447723,2061
16847,r10i1p1f1,2061,02,15,24.20656835801262,13.259532,8.305395,2061
16848,r10i1p1f1,2061,02,16,54.383980543475204,15.595022,10.426215,2061
16849,r10i1p1f1,2061,02,17,15.328472219622007,15.323958,5.900777,2061
16850,r10i1p1f1,2061,02,18,39.32256731848037,16.271194,8.940931,2061
16851,r10i1p1f1,2061,02,19,58.959670114870136,14.604947,3.332711,2061
16852,r10i1p1f1,2061,02,20,3.8189809718364573,7.3444495,-0.16985904,2061
16853,r10i1p1f1,2061,02,21,3.2316734656026376,8.880927,0.30511877,2061
16854,r10i1p1f1,2061,02,22,0.0,14.581247,1.3624352,2061
16855,r10i1p1f1,2061,02,23,0.0,15.597239,2.2199197,2061
16856,r10i1p1f1,2061,02,24,0.0,13.729825,1.2553849,2061
16857,r10i1p1f1,2061,02,25,0.0,12.89547,3.1521552,2061
16858,r10i1p1f1,2061,02,26,0.0,15.329212,2.1555603,2061
16859,r10i1p1f1,2061,02,27,0.0,15.462839,4.0974526,2061
16860,r10i1p1f1,2061,02,28,10.242147339618226,13.359235,3.513369,2061
16861,r10i1p1f1,2061,03,01,51.82345678392602,12.086289,8.376753,2061
16862,r10i1p1f1,2061,03,02,8.727377772682207,11.893527,1.7267808,2061
16863,r10i1p1f1,2061,03,03,0.0,15.396985,0.3815882,2061
16864,r10i1p1f1,2061,03,04,0.0,17.5852,2.597305,2061
16865,r10i1p1f1,2061,03,05,0.0,18.74326,4.333032,2061
16866,r10i1p1f1,2061,03,06,0.0,19.122496,4.368356,2061
16867,r10i1p1f1,2061,03,07,0.0,18.33747,5.3308644,2061
16868,r10i1p1f1,2061,03,08,0.005551380718316068,18.366423,4.7769847,2061
16869,r10i1p1f1,2061,03,09,0.0,16.928225,4.677547,2061
16870,r10i1p1f1,2061,03,10,0.0,16.384954,4.9595304,2061
16871,r10i1p1f1,2061,03,11,0.0,18.937542,5.3734927,2061
16872,r10i1p1f1,2061,03,12,0.0,19.81648,5.339348,2061
16873,r10i1p1f1,2061,03,13,0.0,20.751638,6.503687,2061
16874,r10i1p1f1,2061,03,14,2.15749844415098,18.63519,5.5449557,2061
16875,r10i1p1f1,2061,03,15,0.0,21.373209,8.015787,2061
16876,r10i1p1f1,2061,03,16,0.0,22.113972,9.358572,2061
16877,r10i1p1f1,2061,03,17,0.0,21.63755,9.174613,2061
16878,r10i1p1f1,2061,03,18,0.0,19.37455,8.590856,2061
16879,r10i1p1f1,2061,03,19,0.0,23.664701,6.7118025,2061
16880,r10i1p1f1,2061,03,20,0.0,27.246832,10.585269,2061
16881,r10i1p1f1,2061,03,21,0.0,27.367155,13.178211,2061
16882,r10i1p1f1,2061,03,22,0.0,26.382347,12.247875,2061
16883,r10i1p1f1,2061,03,23,0.0,23.715765,7.726985,2061
16884,r10i1p1f1,2061,03,24,0.0,23.685406,8.857325,2061
16885,r10i1p1f1,2061,03,25,0.0,20.336027,6.654631,2061
16886,r10i1p1f1,2061,03,26,0.0,22.038965,4.792148,2061
16887,r10i1p1f1,2061,03,27,3.0435911785293444,19.194027,5.157261,2061
16888,r10i1p1f1,2061,03,28,10.33553164189997,14.674323,7.393843,2061
16889,r10i1p1f1,2061,03,29,33.38638920900657,14.580218,7.998405,2061
16890,r10i1p1f1,2061,03,30,23.393796658523282,13.809014,6.317278,2061
16891,r10i1p1f1,2061,03,31,8.54816440914874,13.897578,6.0822654,2061
16892,r10i1p1f1,2061,04,01,41.222595996958646,14.414851,7.965641,2061
16893,r10i1p1f1,2061,04,02,5.436516340935333,12.53195,1.6036626,2061
16894,r10i1p1f1,2061,04,03,5.435653171030265,11.241669,-1.9736003,2061
16895,r10i1p1f1,2061,04,04,0.0,13.291072,-0.34130016,2061
16896,r10i1p1f1,2061,04,05,0.0,18.736084,2.9286704,2061
16897,r10i1p1f1,2061,04,06,0.0,20.226507,5.0926423,2061
16898,r10i1p1f1,2061,04,07,0.0,22.118023,4.606827,2061
16899,r10i1p1f1,2061,04,08,0.0,24.621572,7.4170976,2061
16900,r10i1p1f1,2061,04,09,0.0,26.287683,11.119864,2061
16901,r10i1p1f1,2061,04,10,0.0,27.665228,10.2754,2061
16902,r10i1p1f1,2061,04,11,0.0,26.645193,12.515578,2061
16903,r10i1p1f1,2061,04,12,0.0,29.01603,10.237663,2061
16904,r10i1p1f1,2061,04,13,0.0,30.635412,13.77373,2061
16905,r10i1p1f1,2061,04,14,0.0,32.339634,15.436151,2061
16906,r10i1p1f1,2061,04,15,0.0,31.901321,15.169048,2061
16907,r10i1p1f1,2061,04,16,0.0,28.224047,13.493178,2061
16908,r10i1p1f1,2061,04,17,0.0,27.464901,10.163045,2061
16909,r10i1p1f1,2061,04,18,0.0,20.297438,4.8276944,2061
16910,r10i1p1f1,2061,04,19,0.0,20.021818,5.687338,2061
16911,r10i1p1f1,2061,04,20,0.0,22.516506,6.2546372,2061
16912,r10i1p1f1,2061,04,21,0.0,28.799696,9.510789,2061
16913,r10i1p1f1,2061,04,22,0.0,30.873741,14.228355,2061
16914,r10i1p1f1,2061,04,23,0.0,29.06336,14.862248,2061
16915,r10i1p1f1,2061,04,24,0.0,25.043753,8.411675,2061
16916,r10i1p1f1,2061,04,25,0.0,25.22396,10.003848,2061
16917,r10i1p1f1,2061,04,26,0.0,23.224415,10.270702,2061
16918,r10i1p1f1,2061,04,27,0.47402505078935064,19.719799,5.891427,2061
16919,r10i1p1f1,2061,04,28,0.0,15.059671,3.6216323,2061
16920,r10i1p1f1,2061,04,29,14.695874986002883,12.658083,2.7514906,2061
16921,r10i1p1f1,2061,04,30,0.0,15.598286,1.8559506,2061
16922,r10i1p1f1,2061,05,01,0.0,20.10966,4.9858704,2061
16923,r10i1p1f1,2061,05,02,0.0,25.197905,9.3527,2061
16924,r10i1p1f1,2061,05,03,0.0,29.491224,12.6039505,2061
16925,r10i1p1f1,2061,05,04,0.0,30.127386,14.419772,2061
16926,r10i1p1f1,2061,05,05,0.0,31.545753,15.794178,2061
16927,r10i1p1f1,2061,05,06,0.0,31.076962,17.526707,2061
16928,r10i1p1f1,2061,05,07,0.0,30.239618,14.889101,2061
16929,r10i1p1f1,2061,05,08,0.0,29.612774,13.657086,2061
16930,r10i1p1f1,2061,05,09,0.0,28.738798,12.411126,2061
16931,r10i1p1f1,2061,05,10,0.0,31.565994,13.634149,2061
16932,r10i1p1f1,2061,05,11,0.0,30.097586,14.895003,2061
16933,r10i1p1f1,2061,05,12,0.0,26.968641,11.718722,2061
16934,r10i1p1f1,2061,05,13,0.0,24.624483,8.991083,2061
16935,r10i1p1f1,2061,05,14,0.0,23.540861,7.6164517,2061
16936,r10i1p1f1,2061,05,15,13.245061220981082,19.027824,2.1965406,2061
16937,r10i1p1f1,2061,05,16,0.02110530127825577,17.678204,2.781525,2061
16938,r10i1p1f1,2061,05,17,0.0,21.419914,3.859351,2061
16939,r10i1p1f1,2061,05,18,0.0,22.78081,6.1464353,2061
16940,r10i1p1f1,2061,05,19,0.0,21.834562,6.3013105,2061
16941,r10i1p1f1,2061,05,20,0.0,22.476274,7.0300455,2061
16942,r10i1p1f1,2061,05,21,0.006772300523487884,20.909117,8.210367,2061
16943,r10i1p1f1,2061,05,22,0.0,20.447426,7.1123214,2061
16944,r10i1p1f1,2061,05,23,0.0,20.556608,5.311624,2061
16945,r10i1p1f1,2061,05,24,0.0,24.354582,6.344426,2061
16946,r10i1p1f1,2061,05,25,0.0,28.78356,11.1326065,2061
16947,r10i1p1f1,2061,05,26,0.0,31.084887,14.783356,2061
16948,r10i1p1f1,2061,05,27,0.0,31.681152,14.099931,2061
16949,r10i1p1f1,2061,05,28,0.0,33.973972,18.094002,2061
16950,r10i1p1f1,2061,05,29,0.0,33.390144,16.682257,2061
16951,r10i1p1f1,2061,05,30,0.0,29.103779,14.741105,2061
16952,r10i1p1f1,2061,05,31,0.0,28.468988,11.991684,2061
16953,r10i1p1f1,2061,06,01,0.0,28.389418,11.018072,2061
16954,r10i1p1f1,2061,06,02,0.0,27.154245,9.689259,2061
16955,r10i1p1f1,2061,06,03,1.1193917329005911,18.80138,3.7452576,2061
16956,r10i1p1f1,2061,06,04,0.0,20.380686,3.6942797,2061
16957,r10i1p1f1,2061,06,05,0.0,24.22263,6.9329343,2061
16958,r10i1p1f1,2061,06,06,0.0,25.208643,7.1655364,2061
16959,r10i1p1f1,2061,06,07,0.0,25.836344,11.382459,2061
16960,r10i1p1f1,2061,06,08,0.0,25.711365,9.1249485,2061
16961,r10i1p1f1,2061,06,09,0.0,28.357586,10.852561,2061
16962,r10i1p1f1,2061,06,10,0.0,27.964651,12.697924,2061
16963,r10i1p1f1,2061,06,11,0.0,31.359976,13.762562,2061
16964,r10i1p1f1,2061,06,12,0.0,38.00581,19.140425,2061
16965,r10i1p1f1,2061,06,13,0.0,38.68879,20.43662,2061
16966,r10i1p1f1,2061,06,14,0.5118504967341371,33.33603,17.68543,2061
16967,r10i1p1f1,2061,06,15,0.0,33.66592,20.064695,2061
16968,r10i1p1f1,2061,06,16,0.0,32.870144,19.604948,2061
16969,r10i1p1f1,2061,06,17,0.0,31.862951,18.015985,2061
16970,r10i1p1f1,2061,06,18,0.0,32.403023,16.626104,2061
16971,r10i1p1f1,2061,06,19,0.0,34.77768,17.559809,2061
16972,r10i1p1f1,2061,06,20,0.0,36.854076,19.45125,2061
16973,r10i1p1f1,2061,06,21,0.0,35.29247,19.857092,2061
16974,r10i1p1f1,2061,06,22,0.0,33.550373,18.07728,2061
16975,r10i1p1f1,2061,06,23,0.02356430700992381,31.316523,16.595669,2061
16976,r10i1p1f1,2061,06,24,0.0,28.815397,14.458946,2061
16977,r10i1p1f1,2061,06,25,0.0,29.574736,14.484765,2061
16978,r10i1p1f1,2061,06,26,0.0,29.825436,13.95979,2061
16979,r10i1p1f1,2061,06,27,0.0,29.24167,12.495037,2061
16980,r10i1p1f1,2061,06,28,0.0,29.00384,13.12728,2061
16981,r10i1p1f1,2061,06,29,0.0,28.081182,13.623512,2061
16982,r10i1p1f1,2061,06,30,0.0,27.813288,11.86921,2061
16983,r10i1p1f1,2061,07,01,0.0,27.640018,10.935266,2061
16984,r10i1p1f1,2061,07,02,0.0,28.017925,12.628398,2061
16985,r10i1p1f1,2061,07,03,0.0,28.355446,12.44106,2061
16986,r10i1p1f1,2061,07,04,0.0,34.46489,16.028978,2061
16987,r10i1p1f1,2061,07,05,0.0,37.1733,18.290766,2061
16988,r10i1p1f1,2061,07,06,0.0,35.980423,18.584639,2061
16989,r10i1p1f1,2061,07,07,0.0,31.872183,16.003317,2061
16990,r10i1p1f1,2061,07,08,0.0,31.86348,15.967976,2061
16991,r10i1p1f1,2061,07,09,0.0,35.118587,16.814417,2061
16992,r10i1p1f1,2061,07,10,0.0,37.651062,18.706999,2061
16993,r10i1p1f1,2061,07,11,0.0,36.957058,19.148209,2061
16994,r10i1p1f1,2061,07,12,0.0,35.64166,17.954449,2061
16995,r10i1p1f1,2061,07,13,0.0,35.803394,18.498835,2061
16996,r10i1p1f1,2061,07,14,0.0,34.973896,18.069637,2061
16997,r10i1p1f1,2061,07,15,0.0,33.58078,16.874292,2061
16998,r10i1p1f1,2061,07,16,0.0,33.664356,18.609636,2061
16999,r10i1p1f1,2061,07,17,0.0,32.512085,15.037351,2061
17000,r10i1p1f1,2061,07,18,0.0,29.57004,13.996535,2061
17001,r10i1p1f1,2061,07,19,0.0,30.34562,12.362369,2061
17002,r10i1p1f1,2061,07,20,0.0,29.156305,12.674625,2061
17003,r10i1p1f1,2061,07,21,0.0,27.626352,11.070229,2061
17004,r10i1p1f1,2061,07,22,0.0,33.156906,14.529529,2061
17005,r10i1p1f1,2061,07,23,0.0,34.881195,16.802261,2061
17006,r10i1p1f1,2061,07,24,0.0,38.64923,19.950363,2061
17007,r10i1p1f1,2061,07,25,0.0,40.878643,21.350632,2061
17008,r10i1p1f1,2061,07,26,0.0,38.73632,22.025833,2061
17009,r10i1p1f1,2061,07,27,0.0,38.28867,21.857939,2061
17010,r10i1p1f1,2061,07,28,0.0,38.121048,21.150753,2061
17011,r10i1p1f1,2061,07,29,0.0,38.56914,20.652563,2061
17012,r10i1p1f1,2061,07,30,0.0,37.500217,23.849316,2061
17013,r10i1p1f1,2061,07,31,0.0,36.496937,22.062511,2061
17014,r10i1p1f1,2061,08,01,0.0,37.56138,19.828379,2061
17015,r10i1p1f1,2061,08,02,0.0,37.570736,20.193172,2061
17016,r10i1p1f1,2061,08,03,0.0,35.219433,17.223577,2061
17017,r10i1p1f1,2061,08,04,0.0,37.007042,18.041641,2061
17018,r10i1p1f1,2061,08,05,0.0,38.633034,20.299858,2061
17019,r10i1p1f1,2061,08,06,0.0,38.557953,20.354267,2061
17020,r10i1p1f1,2061,08,07,0.0,38.123528,20.686377,2061
17021,r10i1p1f1,2061,08,08,0.0,36.928417,19.955963,2061
17022,r10i1p1f1,2061,08,09,0.0,36.35202,18.70306,2061
17023,r10i1p1f1,2061,08,10,0.0,36.353832,20.345606,2061
17024,r10i1p1f1,2061,08,11,0.0,35.662796,18.605402,2061
17025,r10i1p1f1,2061,08,12,0.0,35.56315,17.995712,2061
17026,r10i1p1f1,2061,08,13,0.0,35.74371,19.661768,2061
17027,r10i1p1f1,2061,08,14,0.0,34.880886,20.324718,2061
17028,r10i1p1f1,2061,08,15,0.0,33.10445,16.694717,2061
17029,r10i1p1f1,2061,08,16,0.0,30.985779,14.759441,2061
17030,r10i1p1f1,2061,08,17,0.0,31.480492,16.025396,2061
17031,r10i1p1f1,2061,08,18,0.0,31.251757,15.673703,2061
17032,r10i1p1f1,2061,08,19,0.0,32.635426,15.995013,2061
17033,r10i1p1f1,2061,08,20,0.0,35.142345,17.517128,2061
17034,r10i1p1f1,2061,08,21,0.0,33.93893,16.266552,2061
17035,r10i1p1f1,2061,08,22,0.0,32.191338,14.256066,2061
17036,r10i1p1f1,2061,08,23,0.0,35.12432,17.661877,2061
17037,r10i1p1f1,2061,08,24,0.0,35.688763,19.143568,2061
17038,r10i1p1f1,2061,08,25,0.0,33.903507,16.477772,2061
17039,r10i1p1f1,2061,08,26,0.0,33.86743,17.180817,2061
17040,r10i1p1f1,2061,08,27,0.0,33.533073,17.454472,2061
17041,r10i1p1f1,2061,08,28,0.0,33.42025,18.138693,2061
17042,r10i1p1f1,2061,08,29,0.0,32.771023,16.477587,2061
17043,r10i1p1f1,2061,08,30,0.0,34.513626,16.710783,2061
17044,r10i1p1f1,2061,08,31,0.0,38.094116,20.171303,2061
17045,r10i1p1f1,2061,09,01,0.0,38.54658,23.17904,2061
17046,r10i1p1f1,2061,09,02,0.0,37.56147,20.619118,2061
17047,r10i1p1f1,2061,09,03,0.0,37.34411,17.816889,2061
17048,r10i1p1f1,2061,09,04,0.0,36.951656,22.348736,2061
17049,r10i1p1f1,2061,09,05,0.0,36.184708,20.492653,2061
17050,r10i1p1f1,2061,09,06,0.0,29.656054,14.523635,2061
17051,r10i1p1f1,2061,09,07,0.0,27.686806,12.495306,2061
17052,r10i1p1f1,2061,09,08,0.0,27.08038,11.764242,2061
17053,r10i1p1f1,2061,09,09,0.0,36.075626,18.42148,2061
17054,r10i1p1f1,2061,09,10,0.0,37.478546,20.658031,2061
17055,r10i1p1f1,2061,09,11,0.0,36.505383,19.025455,2061
17056,r10i1p1f1,2061,09,12,0.0,28.592249,14.680762,2061
17057,r10i1p1f1,2061,09,13,0.0,27.797203,15.330907,2061
17058,r10i1p1f1,2061,09,14,0.0,31.818468,15.601687,2061
17059,r10i1p1f1,2061,09,15,0.0,36.001476,20.30704,2061
17060,r10i1p1f1,2061,09,16,0.0,39.844616,21.878656,2061
17061,r10i1p1f1,2061,09,17,0.0,39.529823,25.901272,2061
17062,r10i1p1f1,2061,09,18,0.0,39.744884,27.784372,2061
17063,r10i1p1f1,2061,09,19,0.0,40.650497,24.597275,2061
17064,r10i1p1f1,2061,09,20,0.0,40.10963,23.249989,2061
17065,r10i1p1f1,2061,09,21,0.0,38.5287,22.927767,2061
17066,r10i1p1f1,2061,09,22,0.0,36.426216,21.715876,2061
17067,r10i1p1f1,2061,09,23,0.0,34.987484,19.102016,2061
17068,r10i1p1f1,2061,09,24,0.0,28.943998,14.52735,2061
17069,r10i1p1f1,2061,09,25,0.0,28.005564,14.404668,2061
17070,r10i1p1f1,2061,09,26,0.0,27.384235,13.281938,2061
17071,r10i1p1f1,2061,09,27,0.0,22.649212,8.931143,2061
17072,r10i1p1f1,2061,09,28,9.677915820563948,15.78483,2.9860063,2061
17073,r10i1p1f1,2061,09,29,2.6438008677395803,15.53116,2.6104956,2061
17074,r10i1p1f1,2061,09,30,0.0,22.678844,7.063864,2061
17075,r10i1p1f1,2061,10,01,0.0,23.828163,6.933425,2061
17076,r10i1p1f1,2061,10,02,20.87468417065745,24.677996,10.209187,2061
17077,r10i1p1f1,2061,10,03,2.911987160091724,15.439479,3.9069335,2061
17078,r10i1p1f1,2061,10,04,0.016393823898397386,21.372852,4.8520846,2061
17079,r10i1p1f1,2061,10,05,0.0,23.463432,10.339429,2061
17080,r10i1p1f1,2061,10,06,0.0,25.255163,10.55432,2061
17081,r10i1p1f1,2061,10,07,0.0,26.187313,9.855189,2061
17082,r10i1p1f1,2061,10,08,0.0,25.761612,11.661138,2061
17083,r10i1p1f1,2061,10,09,0.0,25.089417,13.218224,2061
17084,r10i1p1f1,2061,10,10,0.0,25.983511,10.589138,2061
17085,r10i1p1f1,2061,10,11,0.0,25.749296,12.558576,2061
17086,r10i1p1f1,2061,10,12,0.0,21.88884,8.861321,2061
17087,r10i1p1f1,2061,10,13,0.0,22.36673,8.659431,2061
17088,r10i1p1f1,2061,10,14,0.0,26.259647,8.519025,2061
17089,r10i1p1f1,2061,10,15,0.0,27.107986,12.530499,2061
17090,r10i1p1f1,2061,10,16,1.2816330608003275,23.755335,11.385858,2061
17091,r10i1p1f1,2061,10,17,49.675551668348675,20.920885,9.748065,2061
17092,r10i1p1f1,2061,10,18,21.232902350924345,13.656258,7.315317,2061
17093,r10i1p1f1,2061,10,19,0.0,19.47568,5.6964955,2061
17094,r10i1p1f1,2061,10,20,0.0,24.296364,6.7855377,2061
17095,r10i1p1f1,2061,10,21,0.0,25.466114,9.469682,2061
17096,r10i1p1f1,2061,10,22,0.0,25.370647,11.544683,2061
17097,r10i1p1f1,2061,10,23,0.0,24.317322,10.687057,2061
17098,r10i1p1f1,2061,10,24,0.0,22.43228,6.3038177,2061
17099,r10i1p1f1,2061,10,25,0.0,18.379065,5.643063,2061
17100,r10i1p1f1,2061,10,26,0.0,18.801706,5.4436913,2061
17101,r10i1p1f1,2061,10,27,0.0,18.949743,6.0145454,2061
17102,r10i1p1f1,2061,10,28,0.0,18.950533,6.417482,2061
17103,r10i1p1f1,2061,10,29,0.0,21.459713,6.5234914,2061
17104,r10i1p1f1,2061,10,30,0.0,21.894762,8.193449,2061
17105,r10i1p1f1,2061,10,31,0.0,21.905466,8.059343,2061
17106,r10i1p1f1,2061,11,01,0.0,21.455528,9.4084,2061
17107,r10i1p1f1,2061,11,02,6.499380932750921,21.782297,8.736718,2061
17108,r10i1p1f1,2061,11,03,13.692815605042453,17.031782,6.157439,2061
17109,r10i1p1f1,2061,11,04,0.0,17.810055,3.811356,2061
17110,r10i1p1f1,2061,11,05,0.0,18.254269,3.848353,2061
17111,r10i1p1f1,2061,11,06,0.0,19.126593,7.186366,2061
17112,r10i1p1f1,2061,11,07,0.0,20.551332,9.171618,2061
17113,r10i1p1f1,2061,11,08,0.0,20.271574,7.6433043,2061
17114,r10i1p1f1,2061,11,09,0.0,19.123804,7.341838,2061
17115,r10i1p1f1,2061,11,10,0.016431326883704106,18.276909,6.8314095,2061
17116,r10i1p1f1,2061,11,11,0.6630953204277926,20.730745,12.288715,2061
17117,r10i1p1f1,2061,11,12,0.0,22.165094,9.213864,2061
17118,r10i1p1f1,2061,11,13,0.18729272562364044,20.978672,8.743127,2061
17119,r10i1p1f1,2061,11,14,0.0,19.182163,8.357292,2061
17120,r10i1p1f1,2061,11,15,0.0050257143524695975,21.21307,9.600868,2061
17121,r10i1p1f1,2061,11,16,0.0,21.709003,12.033867,2061
17122,r10i1p1f1,2061,11,17,10.283490374613871,21.635231,12.918364,2061
17123,r10i1p1f1,2061,11,18,28.554943309322162,17.398005,12.38842,2061
17124,r10i1p1f1,2061,11,19,12.151162432947833,16.41125,9.530338,2061
17125,r10i1p1f1,2061,11,20,25.440332206198946,14.745959,8.1165695,2061
17126,r10i1p1f1,2061,11,21,20.55710860157361,11.334619,6.7409267,2061
17127,r10i1p1f1,2061,11,22,13.43105198200072,10.318939,5.5893717,2061
17128,r10i1p1f1,2061,11,23,1.4980522658956226,14.338965,2.416011,2061
17129,r10i1p1f1,2061,11,24,0.0,14.817575,-0.58903223,2061
17130,r10i1p1f1,2061,11,25,0.0,15.501948,1.5714287,2061
17131,r10i1p1f1,2061,11,26,0.0,15.029828,2.7702997,2061
17132,r10i1p1f1,2061,11,27,0.4246572144390819,13.037082,1.3005395,2061
17133,r10i1p1f1,2061,11,28,0.0,13.835324,0.08626034,2061
17134,r10i1p1f1,2061,11,29,0.0,16.419836,1.8667175,2061
17135,r10i1p1f1,2061,11,30,0.0,14.559904,3.9094055,2061
17136,r10i1p1f1,2061,12,01,0.0,14.414156,3.1436682,2061
17137,r10i1p1f1,2061,12,02,0.6450675358600596,11.823493,2.9113069,2061
17138,r10i1p1f1,2061,12,03,23.118342561855044,14.181949,4.739923,2061
17139,r10i1p1f1,2061,12,04,26.932602062649828,13.086036,7.4137,2061
17140,r10i1p1f1,2061,12,05,0.0,13.435252,1.6675779,2061
17141,r10i1p1f1,2061,12,06,16.528687782977755,11.284213,1.8089309,2061
17142,r10i1p1f1,2061,12,07,2.5296556930961263,9.693576,4.19329,2061
17143,r10i1p1f1,2061,12,08,0.0,13.789319,1.5506305,2061
17144,r10i1p1f1,2061,12,09,0.0,14.071977,5.09836,2061
17145,r10i1p1f1,2061,12,10,13.172994427096503,10.374337,5.6952605,2061
17146,r10i1p1f1,2061,12,11,44.93265920042943,10.221528,4.32928,2061
17147,r10i1p1f1,2061,12,12,29.317747368967456,9.016259,2.2663355,2061
17148,r10i1p1f1,2061,12,13,2.04412889325364,9.942721,3.6444607,2061
17149,r10i1p1f1,2061,12,14,0.0,16.262949,2.5217834,2061
17150,r10i1p1f1,2061,12,15,0.0,15.289351,3.8152,2061
17151,r10i1p1f1,2061,12,16,0.0,14.598121,6.604725,2061
17152,r10i1p1f1,2061,12,17,56.717415286326094,12.853648,4.2989526,2061
17153,r10i1p1f1,2061,12,18,0.7191500402433647,11.289387,3.0274832,2061
17154,r10i1p1f1,2061,12,19,0.0,8.097781,-0.5494939,2061
17155,r10i1p1f1,2061,12,20,0.0,10.187053,-0.89559597,2061
17156,r10i1p1f1,2061,12,21,0.0,10.200036,-2.1585312,2061
17157,r10i1p1f1,2061,12,22,0.0,7.1133614,-4.1922245,2061
17158,r10i1p1f1,2061,12,23,0.0,6.9072957,0.18129931,2061
17159,r10i1p1f1,2061,12,24,0.0,10.208203,3.251033,2061
17160,r10i1p1f1,2061,12,25,0.0,13.384576,0.92547405,2061
17161,r10i1p1f1,2061,12,26,0.0,14.410185,3.120224,2061
17162,r10i1p1f1,2061,12,27,0.0,11.754265,4.796356,2061
17163,r10i1p1f1,2061,12,28,0.0,15.524057,3.120272,2061
17164,r10i1p1f1,2061,12,29,0.05784314811248087,15.229903,4.13112,2061
17165,r10i1p1f1,2061,12,30,0.2060176596722541,13.346912,8.245839,2061
17166,r10i1p1f1,2061,12,31,20.32672175402312,11.952311,4.255096,2061
17167,r10i1p1f1,2062,01,01,0.9897187609758954,10.366083,3.7836673,2062
17168,r10i1p1f1,2062,01,02,0.0,11.036673,3.7172527,2062
17169,r10i1p1f1,2062,01,03,18.24989589145652,9.161288,2.2095864,2062
17170,r10i1p1f1,2062,01,04,49.46040752539901,12.778314,5.508101,2062
17171,r10i1p1f1,2062,01,05,48.728449074061295,12.555206,6.6106577,2062
17172,r10i1p1f1,2062,01,06,13.687547779485804,10.535865,0.93173015,2062
17173,r10i1p1f1,2062,01,07,0.0,11.272149,0.37517488,2062
17174,r10i1p1f1,2062,01,08,0.0,14.1189575,2.3419917,2062
17175,r10i1p1f1,2062,01,09,0.0,12.397938,0.8125317,2062
17176,r10i1p1f1,2062,01,10,0.0,7.5303755,-3.35014,2062
17177,r10i1p1f1,2062,01,11,25.594529642502923,7.6722646,-4.473929,2062
17178,r10i1p1f1,2062,01,12,21.020495572290535,9.864667,2.1824992,2062
17179,r10i1p1f1,2062,01,13,35.176563065339764,15.437314,5.9554386,2062
17180,r10i1p1f1,2062,01,14,89.75370862325163,17.225924,13.211393,2062
17181,r10i1p1f1,2062,01,15,25.06104363978681,15.659405,5.97662,2062
17182,r10i1p1f1,2062,01,16,14.01490565821357,10.21159,4.8309608,2062
17183,r10i1p1f1,2062,01,17,71.66000480187665,13.909755,7.4342666,2062
17184,r10i1p1f1,2062,01,18,0.2957234925768142,13.7638645,9.225446,2062
17185,r10i1p1f1,2062,01,19,0.0,17.331228,3.8758576,2062
17186,r10i1p1f1,2062,01,20,0.6788498236442377,15.819495,4.370631,2062
17187,r10i1p1f1,2062,01,21,22.954141896709764,11.307395,6.800505,2062
17188,r10i1p1f1,2062,01,22,11.109012981059527,9.159712,3.628659,2062
17189,r10i1p1f1,2062,01,23,13.761031868067986,7.96019,3.6563327,2062
17190,r10i1p1f1,2062,01,24,62.69389487937779,12.047998,2.5389345,2062
17191,r10i1p1f1,2062,01,25,5.116759458709758,10.27761,1.3162179,2062
17192,r10i1p1f1,2062,01,26,0.0,9.954414,1.193732,2062
17193,r10i1p1f1,2062,01,27,14.290224007211355,7.415381,-0.69192505,2062
17194,r10i1p1f1,2062,01,28,0.0,11.991694,0.8664095,2062
17195,r10i1p1f1,2062,01,29,0.0,15.053016,2.0915215,2062
17196,r10i1p1f1,2062,01,30,0.0,15.829169,2.8048391,2062
17197,r10i1p1f1,2062,01,31,0.0,18.70753,6.2523212,2062
17198,r10i1p1f1,2062,02,01,0.0,20.987028,7.0225945,2062
17199,r10i1p1f1,2062,02,02,0.0,19.738846,7.8849134,2062
17200,r10i1p1f1,2062,02,03,0.0,16.656961,4.043466,2062
17201,r10i1p1f1,2062,02,04,0.0,17.991083,7.224819,2062
17202,r10i1p1f1,2062,02,05,0.0,16.66729,5.5237193,2062
17203,r10i1p1f1,2062,02,06,0.0,13.282066,6.4623046,2062
17204,r10i1p1f1,2062,02,07,0.0,15.155704,3.7994533,2062
17205,r10i1p1f1,2062,02,08,0.0,15.339592,3.2559354,2062
17206,r10i1p1f1,2062,02,09,3.116507327946525,16.32696,5.0048637,2062
17207,r10i1p1f1,2062,02,10,0.0,15.433544,3.9246538,2062
17208,r10i1p1f1,2062,02,11,0.0,16.91623,3.8641686,2062
17209,r10i1p1f1,2062,02,12,0.0,15.788137,3.406372,2062
17210,r10i1p1f1,2062,02,13,0.0,15.943437,2.7353058,2062
17211,r10i1p1f1,2062,02,14,0.0,14.04729,2.9731655,2062
17212,r10i1p1f1,2062,02,15,7.804855394428351,10.238515,2.2224133,2062
17213,r10i1p1f1,2062,02,16,0.0,14.362114,1.8178371,2062
17214,r10i1p1f1,2062,02,17,4.609950443447911,13.12962,3.046235,2062
17215,r10i1p1f1,2062,02,18,0.0,16.50133,2.6495266,2062
17216,r10i1p1f1,2062,02,19,0.0,19.358435,5.1203737,2062
17217,r10i1p1f1,2062,02,20,0.0,19.730515,6.1086335,2062
17218,r10i1p1f1,2062,02,21,0.0,18.75594,6.531091,2062
17219,r10i1p1f1,2062,02,22,0.0,18.958096,6.50678,2062
17220,r10i1p1f1,2062,02,23,3.7507976872228412,19.903107,7.7199707,2062
17221,r10i1p1f1,2062,02,24,0.0,12.3494215,2.6777952,2062
17222,r10i1p1f1,2062,02,25,0.0,13.167918,2.5025456,2062
17223,r10i1p1f1,2062,02,26,31.313386106385703,11.58712,2.1977737,2062
17224,r10i1p1f1,2062,02,27,32.111275615476956,8.567455,-0.07656941,2062
17225,r10i1p1f1,2062,02,28,10.602000462485625,10.092496,-0.35333532,2062
17226,r10i1p1f1,2062,03,01,2.482987118319694,8.385744,-1.4857925,2062
17227,r10i1p1f1,2062,03,02,0.0,11.380766,-1.9278705,2062
17228,r10i1p1f1,2062,03,03,0.0,13.497089,0.032273743,2062
17229,r10i1p1f1,2062,03,04,0.0,13.187955,-0.19288273,2062
17230,r10i1p1f1,2062,03,05,0.0,14.170018,0.95077574,2062
17231,r10i1p1f1,2062,03,06,0.0,13.694853,1.7852468,2062
17232,r10i1p1f1,2062,03,07,0.0,17.520432,3.645523,2062
17233,r10i1p1f1,2062,03,08,0.0,18.261599,3.956482,2062
17234,r10i1p1f1,2062,03,09,0.0,19.270844,4.3096585,2062
17235,r10i1p1f1,2062,03,10,0.0,23.542059,6.625796,2062
17236,r10i1p1f1,2062,03,11,0.0,24.501198,9.945423,2062
17237,r10i1p1f1,2062,03,12,0.0,23.383377,10.74038,2062
17238,r10i1p1f1,2062,03,13,0.0,25.136429,9.054657,2062
17239,r10i1p1f1,2062,03,14,0.0,25.208786,9.877103,2062
17240,r10i1p1f1,2062,03,15,25.019817892155658,21.10527,7.0036364,2062
17241,r10i1p1f1,2062,03,16,42.6484733718864,12.728887,8.547146,2062
17242,r10i1p1f1,2062,03,17,20.605650612292504,12.065569,2.9913726,2062
17243,r10i1p1f1,2062,03,18,30.880026797316724,10.248739,3.5337799,2062
17244,r10i1p1f1,2062,03,19,1.540057977576668,10.570052,1.9599633,2062
17245,r10i1p1f1,2062,03,20,0.11367187312556014,13.554227,1.2327749,2062
17246,r10i1p1f1,2062,03,21,8.387034804266142,11.660246,-2.0416818,2062
17247,r10i1p1f1,2062,03,22,16.680344981509016,8.463994,3.0433543,2062
17248,r10i1p1f1,2062,03,23,0.5800129472013874,9.678398,4.2729125,2062
17249,r10i1p1f1,2062,03,24,3.8113618937131832,11.531303,4.3494544,2062
17250,r10i1p1f1,2062,03,25,18.29089521603524,11.087862,3.4017487,2062
17251,r10i1p1f1,2062,03,26,17.170664339363086,10.382491,1.6244357,2062
17252,r10i1p1f1,2062,03,27,17.61079851881062,12.790487,3.779598,2062
17253,r10i1p1f1,2062,03,28,0.0,18.120686,2.7732852,2062
17254,r10i1p1f1,2062,03,29,0.0,18.708242,4.7743363,2062
17255,r10i1p1f1,2062,03,30,0.0,17.783289,6.8837185,2062
17256,r10i1p1f1,2062,03,31,0.0,20.739933,5.3662486,2062
17257,r10i1p1f1,2062,04,01,0.0,21.040922,6.62388,2062
17258,r10i1p1f1,2062,04,02,0.0032022910497624636,18.578215,7.4145217,2062
17259,r10i1p1f1,2062,04,03,0.0,16.551592,4.829181,2062
17260,r10i1p1f1,2062,04,04,0.0,21.034935,6.0165324,2062
17261,r10i1p1f1,2062,04,05,0.0,26.397604,9.812248,2062
17262,r10i1p1f1,2062,04,06,0.0,27.821884,11.2536545,2062
17263,r10i1p1f1,2062,04,07,0.0,31.547617,12.672814,2062
17264,r10i1p1f1,2062,04,08,0.0,30.573063,14.995277,2062
17265,r10i1p1f1,2062,04,09,0.0,27.555683,12.451851,2062
17266,r10i1p1f1,2062,04,10,0.0,22.674366,8.176155,2062
17267,r10i1p1f1,2062,04,11,0.0,19.9552,4.0432343,2062
17268,r10i1p1f1,2062,04,12,0.0,20.858494,4.4996266,2062
17269,r10i1p1f1,2062,04,13,0.0,20.203638,7.9001865,2062
17270,r10i1p1f1,2062,04,14,0.3767192254791122,20.996273,3.6852963,2062
17271,r10i1p1f1,2062,04,15,0.0,25.081303,8.442569,2062
17272,r10i1p1f1,2062,04,16,0.0,28.115341,13.763428,2062
17273,r10i1p1f1,2062,04,17,0.0,28.466398,12.30867,2062
17274,r10i1p1f1,2062,04,18,0.0,28.019072,13.099937,2062
17275,r10i1p1f1,2062,04,19,0.0,26.365137,13.291812,2062
17276,r10i1p1f1,2062,04,20,0.0,25.794203,10.494118,2062
17277,r10i1p1f1,2062,04,21,0.0,23.901691,10.790947,2062
17278,r10i1p1f1,2062,04,22,0.0,23.025555,7.1025963,2062
17279,r10i1p1f1,2062,04,23,0.0,23.280157,8.9777155,2062
17280,r10i1p1f1,2062,04,24,0.0,26.92364,12.386679,2062
17281,r10i1p1f1,2062,04,25,0.0,26.508123,12.378454,2062
17282,r10i1p1f1,2062,04,26,0.0,26.655432,11.48595,2062
17283,r10i1p1f1,2062,04,27,0.0,27.135338,13.121226,2062
17284,r10i1p1f1,2062,04,28,0.0,26.767828,12.933621,2062
17285,r10i1p1f1,2062,04,29,0.0,24.072096,10.665449,2062
17286,r10i1p1f1,2062,04,30,0.0,27.79188,11.093386,2062
17287,r10i1p1f1,2062,05,01,0.0,28.939816,14.078459,2062
17288,r10i1p1f1,2062,05,02,0.0,29.209726,14.19212,2062
17289,r10i1p1f1,2062,05,03,0.0,29.250158,14.923385,2062
17290,r10i1p1f1,2062,05,04,0.0,29.599619,15.401649,2062
17291,r10i1p1f1,2062,05,05,0.0,28.393211,14.380631,2062
17292,r10i1p1f1,2062,05,06,0.0,25.466276,10.283267,2062
17293,r10i1p1f1,2062,05,07,0.0,27.371723,12.133288,2062
17294,r10i1p1f1,2062,05,08,0.0,27.788626,12.615626,2062
17295,r10i1p1f1,2062,05,09,0.0,27.704126,11.781314,2062
17296,r10i1p1f1,2062,05,10,0.0,26.951218,12.523991,2062
17297,r10i1p1f1,2062,05,11,0.0,28.235647,12.07785,2062
17298,r10i1p1f1,2062,05,12,0.0,29.982855,15.520609,2062
17299,r10i1p1f1,2062,05,13,0.0,32.348076,15.048271,2062
17300,r10i1p1f1,2062,05,14,0.0,32.602905,17.476393,2062
17301,r10i1p1f1,2062,05,15,0.0,32.30027,16.93711,2062
17302,r10i1p1f1,2062,05,16,0.0,31.25132,15.531846,2062
17303,r10i1p1f1,2062,05,17,0.0,29.760906,15.479561,2062
17304,r10i1p1f1,2062,05,18,0.0,25.112135,11.009438,2062
17305,r10i1p1f1,2062,05,19,0.0,22.863043,7.8077545,2062
17306,r10i1p1f1,2062,05,20,0.0,22.661818,8.319169,2062
17307,r10i1p1f1,2062,05,21,0.0,20.938437,7.892387,2062
17308,r10i1p1f1,2062,05,22,6.265825396100186,16.874796,7.3075385,2062
17309,r10i1p1f1,2062,05,23,0.8798344670020398,21.12958,6.812251,2062
17310,r10i1p1f1,2062,05,24,0.0,23.897457,8.941122,2062
17311,r10i1p1f1,2062,05,25,0.0,19.51403,5.57772,2062
17312,r10i1p1f1,2062,05,26,0.0,20.17302,7.8957686,2062
17313,r10i1p1f1,2062,05,27,0.010587642736936687,17.77111,4.5421944,2062
17314,r10i1p1f1,2062,05,28,22.647475205380225,14.757443,4.2172565,2062
17315,r10i1p1f1,2062,05,29,0.45074954372658366,14.104694,2.9771373,2062
17316,r10i1p1f1,2062,05,30,0.0,20.109152,5.436289,2062
17317,r10i1p1f1,2062,05,31,0.0,22.63449,6.1276536,2062
17318,r10i1p1f1,2062,06,01,0.0,24.560055,9.777751,2062
17319,r10i1p1f1,2062,06,02,2.004911121256507,20.517107,11.067725,2062
17320,r10i1p1f1,2062,06,03,1.2355717586567487,19.615074,3.872708,2062
17321,r10i1p1f1,2062,06,04,0.0,25.68176,6.5328918,2062
17322,r10i1p1f1,2062,06,05,0.0,30.324575,14.524382,2062
17323,r10i1p1f1,2062,06,06,0.0,33.47881,16.542496,2062
17324,r10i1p1f1,2062,06,07,0.0,35.77793,18.275808,2062
17325,r10i1p1f1,2062,06,08,0.0,38.426018,19.710781,2062
17326,r10i1p1f1,2062,06,09,0.0,37.78647,20.290823,2062
17327,r10i1p1f1,2062,06,10,0.0,35.14579,19.284313,2062
17328,r10i1p1f1,2062,06,11,0.0,32.932053,16.822227,2062
17329,r10i1p1f1,2062,06,12,0.0,32.024097,15.247038,2062
17330,r10i1p1f1,2062,06,13,0.0,30.205938,14.029088,2062
17331,r10i1p1f1,2062,06,14,0.0,29.5017,13.797462,2062
17332,r10i1p1f1,2062,06,15,0.0,28.867643,12.945301,2062
17333,r10i1p1f1,2062,06,16,0.0,28.852219,11.831372,2062
17334,r10i1p1f1,2062,06,17,0.0,29.208439,12.698749,2062
17335,r10i1p1f1,2062,06,18,0.0,34.453255,15.108143,2062
17336,r10i1p1f1,2062,06,19,0.0,38.000397,19.291035,2062
17337,r10i1p1f1,2062,06,20,0.0,31.095697,17.303364,2062
17338,r10i1p1f1,2062,06,21,0.0,33.571217,17.189198,2062
17339,r10i1p1f1,2062,06,22,0.0,37.113358,18.664488,2062
17340,r10i1p1f1,2062,06,23,0.0,36.588203,20.29421,2062
17341,r10i1p1f1,2062,06,24,0.0,35.795067,20.177568,2062
17342,r10i1p1f1,2062,06,25,0.0,33.902336,17.401794,2062
17343,r10i1p1f1,2062,06,26,0.0,37.389282,17.186613,2062
17344,r10i1p1f1,2062,06,27,0.0,39.496254,23.124334,2062
17345,r10i1p1f1,2062,06,28,0.0,40.340656,24.181208,2062
17346,r10i1p1f1,2062,06,29,0.0,39.506756,22.638018,2062
17347,r10i1p1f1,2062,06,30,0.0,38.659145,22.205616,2062
17348,r10i1p1f1,2062,07,01,0.0,35.380417,17.320072,2062
17349,r10i1p1f1,2062,07,02,0.0,34.099407,17.797375,2062
17350,r10i1p1f1,2062,07,03,0.0,37.34728,18.556103,2062
17351,r10i1p1f1,2062,07,04,2.339026252210667,35.958546,18.413094,2062
17352,r10i1p1f1,2062,07,05,0.4884129043710728,33.34069,22.796112,2062
17353,r10i1p1f1,2062,07,06,1.2168041239467704,32.22679,18.956547,2062
17354,r10i1p1f1,2062,07,07,0.0,34.95182,20.597223,2062
17355,r10i1p1f1,2062,07,08,0.0,34.867645,20.504526,2062
17356,r10i1p1f1,2062,07,09,0.0,30.19017,14.707619,2062
17357,r10i1p1f1,2062,07,10,0.0,30.955627,13.676638,2062
17358,r10i1p1f1,2062,07,11,0.0,36.64713,18.085606,2062
17359,r10i1p1f1,2062,07,12,0.0,38.418995,19.918463,2062
17360,r10i1p1f1,2062,07,13,0.0,37.77937,20.583067,2062
17361,r10i1p1f1,2062,07,14,0.0,35.693127,18.548477,2062
17362,r10i1p1f1,2062,07,15,0.0,32.50323,16.425999,2062
17363,r10i1p1f1,2062,07,16,0.0,32.22397,15.44208,2062
17364,r10i1p1f1,2062,07,17,0.0,32.01053,15.69724,2062
17365,r10i1p1f1,2062,07,18,0.0,30.746536,14.478577,2062
17366,r10i1p1f1,2062,07,19,0.0,31.433388,13.295946,2062
17367,r10i1p1f1,2062,07,20,0.0,35.57825,17.410517,2062
17368,r10i1p1f1,2062,07,21,0.0,37.519897,19.202501,2062
17369,r10i1p1f1,2062,07,22,0.0,36.643257,19.572844,2062
17370,r10i1p1f1,2062,07,23,0.0,37.798088,19.74143,2062
17371,r10i1p1f1,2062,07,24,0.0,38.630512,20.431164,2062
17372,r10i1p1f1,2062,07,25,0.0,37.601772,19.30897,2062
17373,r10i1p1f1,2062,07,26,0.0,34.83632,17.532236,2062
17374,r10i1p1f1,2062,07,27,0.0,35.466106,17.032722,2062
17375,r10i1p1f1,2062,07,28,0.0,38.124924,19.386703,2062
17376,r10i1p1f1,2062,07,29,0.0,39.452564,19.99971,2062
17377,r10i1p1f1,2062,07,30,0.0,36.332565,23.223455,2062
17378,r10i1p1f1,2062,07,31,0.0,37.496807,22.896774,2062
17379,r10i1p1f1,2062,08,01,0.0,37.608753,21.167608,2062
17380,r10i1p1f1,2062,08,02,0.0,37.768604,20.621395,2062
17381,r10i1p1f1,2062,08,03,0.0,33.31518,15.893823,2062
17382,r10i1p1f1,2062,08,04,0.0,35.00955,16.957617,2062
17383,r10i1p1f1,2062,08,05,0.0,35.619274,18.245316,2062
17384,r10i1p1f1,2062,08,06,0.0,36.92791,19.422806,2062
17385,r10i1p1f1,2062,08,07,0.0,37.524456,19.913189,2062
17386,r10i1p1f1,2062,08,08,0.0,36.5971,19.12953,2062
17387,r10i1p1f1,2062,08,09,0.0,35.49664,18.755518,2062
17388,r10i1p1f1,2062,08,10,0.0,34.289738,17.844711,2062
17389,r10i1p1f1,2062,08,11,0.0,31.869513,15.204095,2062
17390,r10i1p1f1,2062,08,12,0.0,32.97159,15.207285,2062
17391,r10i1p1f1,2062,08,13,0.0,32.914436,15.701914,2062
17392,r10i1p1f1,2062,08,14,0.0,31.824303,15.075658,2062
17393,r10i1p1f1,2062,08,15,0.0,27.03187,10.864347,2062
17394,r10i1p1f1,2062,08,16,0.0,26.459505,10.775845,2062
17395,r10i1p1f1,2062,08,17,0.0,31.316767,14.495032,2062
17396,r10i1p1f1,2062,08,18,0.0,32.593887,17.072256,2062
17397,r10i1p1f1,2062,08,19,0.0,34.474937,16.861202,2062
17398,r10i1p1f1,2062,08,20,0.0,38.786163,21.13423,2062
17399,r10i1p1f1,2062,08,21,0.0,37.609337,20.825659,2062
17400,r10i1p1f1,2062,08,22,0.0,35.78781,18.182583,2062
17401,r10i1p1f1,2062,08,23,0.0,34.650143,19.088861,2062
17402,r10i1p1f1,2062,08,24,16.84243505194325,28.034363,17.029648,2062
17403,r10i1p1f1,2062,08,25,15.215218181440019,27.713722,12.966541,2062
17404,r10i1p1f1,2062,08,26,0.0,34.803486,17.15154,2062
17405,r10i1p1f1,2062,08,27,0.0,37.84666,20.258661,2062
17406,r10i1p1f1,2062,08,28,0.0,38.026012,21.796198,2062
17407,r10i1p1f1,2062,08,29,0.0,35.78529,20.30773,2062
17408,r10i1p1f1,2062,08,30,0.0,34.724216,19.495625,2062
17409,r10i1p1f1,2062,08,31,0.0,33.829426,17.990662,2062
17410,r10i1p1f1,2062,09,01,0.0,34.983593,17.58095,2062
17411,r10i1p1f1,2062,09,02,0.0,34.228077,16.979206,2062
17412,r10i1p1f1,2062,09,03,0.0,30.812157,15.161661,2062
17413,r10i1p1f1,2062,09,04,0.0,30.203424,14.813645,2062
17414,r10i1p1f1,2062,09,05,0.0,32.50397,15.020726,2062
17415,r10i1p1f1,2062,09,06,0.0,35.392773,17.943539,2062
17416,r10i1p1f1,2062,09,07,0.0,35.110626,19.191738,2062
17417,r10i1p1f1,2062,09,08,0.0,35.83705,19.073092,2062
17418,r10i1p1f1,2062,09,09,0.0,37.30655,20.693382,2062
17419,r10i1p1f1,2062,09,10,0.0,36.433945,20.717709,2062
17420,r10i1p1f1,2062,09,11,0.0,34.922638,19.133554,2062
17421,r10i1p1f1,2062,09,12,0.0,29.636776,14.907021,2062
17422,r10i1p1f1,2062,09,13,0.0,27.818998,13.138437,2062
17423,r10i1p1f1,2062,09,14,0.0,25.935013,11.494763,2062
17424,r10i1p1f1,2062,09,15,0.073711842976895,24.42775,8.609628,2062
17425,r10i1p1f1,2062,09,16,0.0,22.319654,7.447877,2062
17426,r10i1p1f1,2062,09,17,0.0,26.370129,9.039264,2062
17427,r10i1p1f1,2062,09,18,0.0,27.20673,11.907921,2062
17428,r10i1p1f1,2062,09,19,0.0,30.107859,14.20914,2062
17429,r10i1p1f1,2062,09,20,0.0,31.951271,17.133896,2062
17430,r10i1p1f1,2062,09,21,0.0,31.462265,16.398176,2062
17431,r10i1p1f1,2062,09,22,0.0,31.151194,15.806023,2062
17432,r10i1p1f1,2062,09,23,0.0,32.33806,15.513221,2062
17433,r10i1p1f1,2062,09,24,0.0,32.38272,15.606156,2062
17434,r10i1p1f1,2062,09,25,0.0,32.190487,18.883629,2062
17435,r10i1p1f1,2062,09,26,0.0,29.678534,16.2245,2062
17436,r10i1p1f1,2062,09,27,0.0,27.975042,14.573475,2062
17437,r10i1p1f1,2062,09,28,0.0,29.451576,15.389056,2062
17438,r10i1p1f1,2062,09,29,0.0,28.691965,14.054307,2062
17439,r10i1p1f1,2062,09,30,0.0,27.747381,13.45031,2062
17440,r10i1p1f1,2062,10,01,0.7173512466435664,27.977995,13.13989,2062
17441,r10i1p1f1,2062,10,02,0.0,23.985954,8.019647,2062
17442,r10i1p1f1,2062,10,03,0.0,23.897568,10.764255,2062
17443,r10i1p1f1,2062,10,04,0.0,27.242165,9.940785,2062
17444,r10i1p1f1,2062,10,05,0.0,29.373837,13.887625,2062
17445,r10i1p1f1,2062,10,06,0.0,28.062748,11.078423,2062
17446,r10i1p1f1,2062,10,07,0.0,27.549156,11.69423,2062
17447,r10i1p1f1,2062,10,08,0.0,30.924913,14.957782,2062
17448,r10i1p1f1,2062,10,09,0.0,31.213425,15.15567,2062
17449,r10i1p1f1,2062,10,10,0.0,30.228104,17.391779,2062
17450,r10i1p1f1,2062,10,11,27.549180333689467,23.248718,9.864716,2062
17451,r10i1p1f1,2062,10,12,0.9000256216399736,18.697813,5.673107,2062
17452,r10i1p1f1,2062,10,13,0.0,23.699568,8.867699,2062
17453,r10i1p1f1,2062,10,14,0.0,27.360878,8.864148,2062
17454,r10i1p1f1,2062,10,15,0.0,30.767672,16.128637,2062
17455,r10i1p1f1,2062,10,16,0.0,30.553017,16.53493,2062
17456,r10i1p1f1,2062,10,17,0.0,30.635841,17.183203,2062
17457,r10i1p1f1,2062,10,18,0.0,30.46106,12.602635,2062
17458,r10i1p1f1,2062,10,19,0.0,30.387812,13.556213,2062
17459,r10i1p1f1,2062,10,20,0.0,32.159992,13.620232,2062
17460,r10i1p1f1,2062,10,21,0.0,33.469208,14.597393,2062
17461,r10i1p1f1,2062,10,22,0.0,32.562897,16.155355,2062
17462,r10i1p1f1,2062,10,23,0.0,31.656446,15.380414,2062
17463,r10i1p1f1,2062,10,24,0.0,28.50069,12.484552,2062
17464,r10i1p1f1,2062,10,25,0.0,24.992294,10.295249,2062
17465,r10i1p1f1,2062,10,26,0.0,29.329603,11.987622,2062
17466,r10i1p1f1,2062,10,27,0.0,29.505203,11.683508,2062
17467,r10i1p1f1,2062,10,28,4.972876570536755,33.66903,19.744623,2062
17468,r10i1p1f1,2062,10,29,0.5813808415041422,23.674759,13.166786,2062
17469,r10i1p1f1,2062,10,30,0.0,24.828411,8.124472,2062
17470,r10i1p1f1,2062,10,31,0.0,25.176102,11.459297,2062
17471,r10i1p1f1,2062,11,01,0.04847070577900587,22.103657,9.553754,2062
17472,r10i1p1f1,2062,11,02,0.0,23.562698,7.064189,2062
17473,r10i1p1f1,2062,11,03,0.0,26.674454,9.465874,2062
17474,r10i1p1f1,2062,11,04,0.0,25.154917,12.04428,2062
17475,r10i1p1f1,2062,11,05,0.0,24.204245,11.289289,2062
17476,r10i1p1f1,2062,11,06,0.0,24.80573,9.362873,2062
17477,r10i1p1f1,2062,11,07,0.0,24.520906,6.341135,2062
17478,r10i1p1f1,2062,11,08,0.0,25.714554,9.290696,2062
17479,r10i1p1f1,2062,11,09,0.0,24.583271,13.65276,2062
17480,r10i1p1f1,2062,11,10,0.0,22.127518,7.709909,2062
17481,r10i1p1f1,2062,11,11,0.0,23.366434,10.745502,2062
17482,r10i1p1f1,2062,11,12,0.0,23.71852,7.183662,2062
17483,r10i1p1f1,2062,11,13,0.0,21.09654,12.395663,2062
17484,r10i1p1f1,2062,11,14,0.4008026202714781,23.35079,10.734633,2062
17485,r10i1p1f1,2062,11,15,0.0,24.540918,7.883198,2062
17486,r10i1p1f1,2062,11,16,0.0,26.253342,10.68571,2062
17487,r10i1p1f1,2062,11,17,0.0,27.460176,12.914088,2062
17488,r10i1p1f1,2062,11,18,0.0,27.86532,11.983768,2062
17489,r10i1p1f1,2062,11,19,0.0,21.264402,9.221677,2062
17490,r10i1p1f1,2062,11,20,0.22538485903312808,19.818382,8.463875,2062
17491,r10i1p1f1,2062,11,21,5.442088643346659,16.44728,11.484581,2062
17492,r10i1p1f1,2062,11,22,0.0,22.063623,7.4190826,2062
17493,r10i1p1f1,2062,11,23,0.0,22.065075,9.526714,2062
17494,r10i1p1f1,2062,11,24,0.0,23.455889,10.095177,2062
17495,r10i1p1f1,2062,11,25,0.0,24.580042,9.174122,2062
17496,r10i1p1f1,2062,11,26,0.0,23.507067,8.939542,2062
17497,r10i1p1f1,2062,11,27,0.0,21.1077,10.16209,2062
17498,r10i1p1f1,2062,11,28,0.0,24.018738,9.881808,2062
17499,r10i1p1f1,2062,11,29,0.0,23.54909,9.129718,2062
17500,r10i1p1f1,2062,11,30,0.0,22.391132,7.122621,2062
17501,r10i1p1f1,2062,12,01,0.0,20.080856,8.1360445,2062
17502,r10i1p1f1,2062,12,02,1.4465062735110366,12.40081,1.571314,2062
17503,r10i1p1f1,2062,12,03,0.0,15.498373,3.9805114,2062
17504,r10i1p1f1,2062,12,04,0.0,18.267838,6.677306,2062
17505,r10i1p1f1,2062,12,05,0.0,18.045652,8.0827875,2062
17506,r10i1p1f1,2062,12,06,5.3939246650124435,14.696488,3.63268,2062
17507,r10i1p1f1,2062,12,07,0.0,14.957836,3.7196944,2062
17508,r10i1p1f1,2062,12,08,0.0,14.813756,3.436772,2062
17509,r10i1p1f1,2062,12,09,0.0,12.921539,1.0848294,2062
17510,r10i1p1f1,2062,12,10,0.0,16.542463,4.7749877,2062
17511,r10i1p1f1,2062,12,11,0.0,16.665,4.2350216,2062
17512,r10i1p1f1,2062,12,12,0.0,15.851468,4.4426675,2062
17513,r10i1p1f1,2062,12,13,16.09662416242492,9.990956,4.064164,2062
17514,r10i1p1f1,2062,12,14,0.0,8.550633,-1.6783106,2062
17515,r10i1p1f1,2062,12,15,0.6980666130893473,8.031531,-1.365711,2062
17516,r10i1p1f1,2062,12,16,0.0,10.340097,-0.5929716,2062
17517,r10i1p1f1,2062,12,17,0.0,12.965428,1.6861508,2062
17518,r10i1p1f1,2062,12,18,0.0,12.936982,1.1266286,2062
17519,r10i1p1f1,2062,12,19,0.0,14.775855,4.116787,2062
17520,r10i1p1f1,2062,12,20,0.010598385109149507,13.736936,2.8676536,2062
17521,r10i1p1f1,2062,12,21,20.442582579256083,10.238289,4.6233716,2062
17522,r10i1p1f1,2062,12,22,0.0,10.700786,0.15938187,2062
17523,r10i1p1f1,2062,12,23,0.0,13.131211,2.1886022,2062
17524,r10i1p1f1,2062,12,24,0.0,11.331343,3.8434124,2062
17525,r10i1p1f1,2062,12,25,0.0,10.805391,2.3495944,2062
17526,r10i1p1f1,2062,12,26,5.0099791910677025,9.184658,0.8872801,2062
17527,r10i1p1f1,2062,12,27,17.983208745212515,6.922651,1.9634587,2062
17528,r10i1p1f1,2062,12,28,51.28616493464889,10.831551,1.3608541,2062
17529,r10i1p1f1,2062,12,29,70.77636628099226,11.937925,7.236055,2062
17530,r10i1p1f1,2062,12,30,10.331607878814745,11.2102375,1.1411155,2062
17531,r10i1p1f1,2062,12,31,0.0,6.219501,-3.1293297,2062
17532,r10i1p1f1,2063,01,01,0.0,10.734558,-1.1861367,2063
17533,r10i1p1f1,2063,01,02,0.0,10.937124,-1.2251693,2063
17534,r10i1p1f1,2063,01,03,0.0,10.760872,0.4450778,2063
17535,r10i1p1f1,2063,01,04,0.0,12.721194,0.89816546,2063
17536,r10i1p1f1,2063,01,05,0.0,13.347271,0.6574038,2063
17537,r10i1p1f1,2063,01,06,0.0,12.4349575,0.42375585,2063
17538,r10i1p1f1,2063,01,07,0.0,12.180781,1.1016006,2063
17539,r10i1p1f1,2063,01,08,0.0,14.241603,2.4912605,2063
17540,r10i1p1f1,2063,01,09,0.0,15.338539,2.4239566,2063
17541,r10i1p1f1,2063,01,10,0.0,15.894857,2.2084475,2063
17542,r10i1p1f1,2063,01,11,0.0,13.899959,2.414884,2063
17543,r10i1p1f1,2063,01,12,0.0,13.413127,3.1344967,2063
17544,r10i1p1f1,2063,01,13,0.0,14.915744,4.409079,2063
17545,r10i1p1f1,2063,01,14,0.0,15.4431715,3.930471,2063
17546,r10i1p1f1,2063,01,15,16.106517437851597,12.922592,5.774948,2063
17547,r10i1p1f1,2063,01,16,6.2771214669881275,11.66846,1.2495228,2063
17548,r10i1p1f1,2063,01,17,2.4100237325527765,8.898598,4.285946,2063
17549,r10i1p1f1,2063,01,18,1.1813784814750619,9.048133,4.2232265,2063
17550,r10i1p1f1,2063,01,19,0.7730155558671994,9.416833,0.5035324,2063
17551,r10i1p1f1,2063,01,20,0.0,12.7332325,-2.4702392,2063
17552,r10i1p1f1,2063,01,21,0.0,13.346124,0.5118099,2063
17553,r10i1p1f1,2063,01,22,0.5975733455383497,10.294481,3.1891274,2063
17554,r10i1p1f1,2063,01,23,4.298609320329361,8.904937,0.04855608,2063
17555,r10i1p1f1,2063,01,24,5.843336988121002,11.338001,2.1882343,2063
17556,r10i1p1f1,2063,01,25,19.274543862832758,10.922788,6.5396776,2063
17557,r10i1p1f1,2063,01,26,0.9097762293501881,11.741595,4.6104417,2063
17558,r10i1p1f1,2063,01,27,0.0,12.780296,4.0126023,2063
17559,r10i1p1f1,2063,01,28,0.03256789942066749,13.679944,8.054732,2063
17560,r10i1p1f1,2063,01,29,10.385771522047243,13.080788,5.913347,2063
17561,r10i1p1f1,2063,01,30,79.70607458785372,12.825464,6.805049,2063
17562,r10i1p1f1,2063,01,31,21.529090224373107,10.268688,5.702734,2063
17563,r10i1p1f1,2063,02,01,7.505375044964143,8.906919,3.004443,2063
17564,r10i1p1f1,2063,02,02,0.0,11.236065,-0.41955787,2063
17565,r10i1p1f1,2063,02,03,7.282242243481481,8.30643,-0.5146248,2063
17566,r10i1p1f1,2063,02,04,5.806268138267593,7.0939956,2.444732,2063
17567,r10i1p1f1,2063,02,05,0.0,9.290387,2.5157373,2063
17568,r10i1p1f1,2063,02,06,0.0,9.424087,3.2899125,2063
17569,r10i1p1f1,2063,02,07,0.6274623338844034,8.274389,1.7727772,2063
17570,r10i1p1f1,2063,02,08,0.0,12.773805,2.3085527,2063
17571,r10i1p1f1,2063,02,09,9.080995751796046,10.762331,4.0070252,2063
17572,r10i1p1f1,2063,02,10,12.447846998264524,7.9634256,3.8107939,2063
17573,r10i1p1f1,2063,02,11,40.80009357957782,8.29779,4.619694,2063
17574,r10i1p1f1,2063,02,12,0.0,13.415459,1.5881197,2063
17575,r10i1p1f1,2063,02,13,0.0,17.23893,3.7885714,2063
17576,r10i1p1f1,2063,02,14,0.0,17.091251,5.654263,2063
17577,r10i1p1f1,2063,02,15,0.0,18.251896,4.406926,2063
17578,r10i1p1f1,2063,02,16,14.233510169249616,17.67945,7.321575,2063
17579,r10i1p1f1,2063,02,17,14.76633331162463,11.553304,5.6378574,2063
17580,r10i1p1f1,2063,02,18,0.0,14.23414,4.090635,2063
17581,r10i1p1f1,2063,02,19,14.83624646337519,13.3646,5.3645806,2063
17582,r10i1p1f1,2063,02,20,0.5101845549640864,12.70739,5.34183,2063
17583,r10i1p1f1,2063,02,21,0.0,15.647515,3.19771,2063
17584,r10i1p1f1,2063,02,22,1.2361821982195627,15.040868,2.6622083,2063
17585,r10i1p1f1,2063,02,23,0.0,10.921305,-0.0135722915,2063
17586,r10i1p1f1,2063,02,24,0.0,12.854508,0.5180064,2063
17587,r10i1p1f1,2063,02,25,0.0,12.960389,2.022179,2063
17588,r10i1p1f1,2063,02,26,0.0,15.744359,2.6794808,2063
17589,r10i1p1f1,2063,02,27,0.0,15.495268,2.990508,2063
17590,r10i1p1f1,2063,02,28,0.0,14.9958515,1.0533797,2063
17591,r10i1p1f1,2063,03,01,0.0,14.703662,0.8507054,2063
17592,r10i1p1f1,2063,03,02,0.0,14.580623,-0.64256144,2063
17593,r10i1p1f1,2063,03,03,0.0,15.683406,0.95719266,2063
17594,r10i1p1f1,2063,03,04,0.0,19.188875,4.511949,2063
17595,r10i1p1f1,2063,03,05,0.09040083208865805,18.995132,5.601695,2063
17596,r10i1p1f1,2063,03,06,33.921517865536245,11.925802,4.7548323,2063
17597,r10i1p1f1,2063,03,07,2.0644604794286256,14.421589,5.881903,2063
17598,r10i1p1f1,2063,03,08,11.97994129753696,14.256939,7.7748427,2063
17599,r10i1p1f1,2063,03,09,2.449656399709822,16.63889,5.4972153,2063
17600,r10i1p1f1,2063,03,10,3.0638245287431536,16.18713,4.3951173,2063
17601,r10i1p1f1,2063,03,11,2.7870510201146796,15.103116,3.560933,2063
17602,r10i1p1f1,2063,03,12,4.483383420617764,9.766136,5.331186,2063
17603,r10i1p1f1,2063,03,13,1.6228881697315956,11.052177,5.7744613,2063
17604,r10i1p1f1,2063,03,14,47.33326914291339,14.350762,6.358438,2063
17605,r10i1p1f1,2063,03,15,0.0,20.737295,4.132261,2063
17606,r10i1p1f1,2063,03,16,0.0,21.975147,7.281804,2063
17607,r10i1p1f1,2063,03,17,0.0,24.415106,8.164223,2063
17608,r10i1p1f1,2063,03,18,0.0,22.824194,9.428088,2063
17609,r10i1p1f1,2063,03,19,1.4579586335266388,22.001638,10.602432,2063
17610,r10i1p1f1,2063,03,20,12.0376348808924,12.419409,1.6562567,2063
17611,r10i1p1f1,2063,03,21,0.0,15.012845,1.0874244,2063
17612,r10i1p1f1,2063,03,22,0.0,14.937988,3.2403266,2063
17613,r10i1p1f1,2063,03,23,0.2817887262369224,15.050958,6.5702643,2063
17614,r10i1p1f1,2063,03,24,5.429709642513252,13.135445,6.9852037,2063
17615,r10i1p1f1,2063,03,25,1.4038064397601902,15.418241,3.558886,2063
17616,r10i1p1f1,2063,03,26,0.0,21.26621,4.047287,2063
17617,r10i1p1f1,2063,03,27,0.0,21.63326,6.733727,2063
17618,r10i1p1f1,2063,03,28,5.175112557959724,19.795837,6.1560597,2063
17619,r10i1p1f1,2063,03,29,1.3379917152274414,13.184867,7.102619,2063
17620,r10i1p1f1,2063,03,30,0.0,17.585464,4.2937503,2063
17621,r10i1p1f1,2063,03,31,0.7878405447459763,17.26947,7.575644,2063
17622,r10i1p1f1,2063,04,01,0.0,16.160624,6.734376,2063
17623,r10i1p1f1,2063,04,02,0.0,15.692111,3.0127392,2063
17624,r10i1p1f1,2063,04,03,0.0,17.217232,3.1731706,2063
17625,r10i1p1f1,2063,04,04,0.9051637931215258,16.41005,4.9668345,2063
17626,r10i1p1f1,2063,04,05,0.0,22.65067,4.8907204,2063
17627,r10i1p1f1,2063,04,06,0.0,22.74633,6.5759664,2063
17628,r10i1p1f1,2063,04,07,0.0,21.896887,7.1835055,2063
17629,r10i1p1f1,2063,04,08,0.0,25.212046,8.521449,2063
17630,r10i1p1f1,2063,04,09,0.211815729352039,22.719742,10.22384,2063
17631,r10i1p1f1,2063,04,10,0.0,23.02555,9.08614,2063
17632,r10i1p1f1,2063,04,11,0.9198405464913824,22.157145,9.310815,2063
17633,r10i1p1f1,2063,04,12,0.019031347753633254,16.761347,9.468109,2063
17634,r10i1p1f1,2063,04,13,6.93790416606996,16.016457,7.2324514,2063
17635,r10i1p1f1,2063,04,14,0.0,18.926598,5.391552,2063
17636,r10i1p1f1,2063,04,15,5.626510001390048,17.633928,6.5036564,2063
17637,r10i1p1f1,2063,04,16,12.516089349963679,12.9558735,4.692672,2063
17638,r10i1p1f1,2063,04,17,10.485683492841321,10.839943,4.491979,2063
17639,r10i1p1f1,2063,04,18,1.6373777148385813,12.83254,3.476731,2063
17640,r10i1p1f1,2063,04,19,0.0,14.237201,4.394386,2063
17641,r10i1p1f1,2063,04,20,1.0641821552314326,14.013736,1.5114092,2063
17642,r10i1p1f1,2063,04,21,33.08597323132409,10.313204,4.998182,2063
17643,r10i1p1f1,2063,04,22,49.81891305743422,13.905616,6.4990907,2063
17644,r10i1p1f1,2063,04,23,11.836639877659955,12.191455,1.7557425,2063
17645,r10i1p1f1,2063,04,24,0.17596038512573087,10.233035,0.4079331,2063
17646,r10i1p1f1,2063,04,25,22.713274161306845,13.506335,1.5381594,2063
17647,r10i1p1f1,2063,04,26,0.0,16.602028,1.6993322,2063
17648,r10i1p1f1,2063,04,27,0.0,16.792475,3.2871737,2063
17649,r10i1p1f1,2063,04,28,14.72406401704862,14.191917,1.127337,2063
17650,r10i1p1f1,2063,04,29,0.19199631672946502,11.108829,3.329275,2063
17651,r10i1p1f1,2063,04,30,2.8883727975168862,14.339672,2.379886,2063
17652,r10i1p1f1,2063,05,01,3.565634551944784,14.193995,2.9423196,2063
17653,r10i1p1f1,2063,05,02,5.90655579004593,12.170657,2.6314454,2063
17654,r10i1p1f1,2063,05,03,0.0,17.339956,2.7178698,2063
17655,r10i1p1f1,2063,05,04,0.0,22.63084,6.8611298,2063
17656,r10i1p1f1,2063,05,05,0.0,26.042292,8.856148,2063
17657,r10i1p1f1,2063,05,06,0.0,27.549564,12.244863,2063
17658,r10i1p1f1,2063,05,07,0.0,26.672546,13.85102,2063
17659,r10i1p1f1,2063,05,08,0.0,25.737604,10.612355,2063
17660,r10i1p1f1,2063,05,09,0.0,26.624464,10.178091,2063
17661,r10i1p1f1,2063,05,10,0.0,25.486557,9.040523,2063
17662,r10i1p1f1,2063,05,11,0.0,26.187485,8.475027,2063
17663,r10i1p1f1,2063,05,12,0.0,31.479464,14.880549,2063
17664,r10i1p1f1,2063,05,13,0.0,36.69948,17.178528,2063
17665,r10i1p1f1,2063,05,14,0.0,36.662823,17.825394,2063
17666,r10i1p1f1,2063,05,15,0.0,36.134403,20.689571,2063
17667,r10i1p1f1,2063,05,16,0.0,35.768658,17.270657,2063
17668,r10i1p1f1,2063,05,17,0.0,35.206905,18.63319,2063
17669,r10i1p1f1,2063,05,18,0.0,33.845364,18.503582,2063
17670,r10i1p1f1,2063,05,19,21.679405460906167,20.932642,5.255266,2063
17671,r10i1p1f1,2063,05,20,4.453964243265019,13.294222,3.774227,2063
17672,r10i1p1f1,2063,05,21,0.0,19.74035,4.4621964,2063
17673,r10i1p1f1,2063,05,22,0.0,24.698977,7.96542,2063
17674,r10i1p1f1,2063,05,23,0.0,30.405836,13.741112,2063
17675,r10i1p1f1,2063,05,24,0.0,24.28565,8.2240715,2063
17676,r10i1p1f1,2063,05,25,0.0,28.167625,12.879648,2063
17677,r10i1p1f1,2063,05,26,0.0,29.662941,13.031202,2063
17678,r10i1p1f1,2063,05,27,0.0,28.596338,15.060206,2063
17679,r10i1p1f1,2063,05,28,0.0,25.997736,11.304051,2063
17680,r10i1p1f1,2063,05,29,0.0,25.561386,11.266646,2063
17681,r10i1p1f1,2063,05,30,0.0,32.726864,14.144973,2063
17682,r10i1p1f1,2063,05,31,0.0,34.227898,17.835566,2063
17683,r10i1p1f1,2063,06,01,0.0,32.477688,14.622058,2063
17684,r10i1p1f1,2063,06,02,0.0,29.751587,13.494458,2063
17685,r10i1p1f1,2063,06,03,0.050904878700844404,25.922106,12.824128,2063
17686,r10i1p1f1,2063,06,04,0.0,23.558504,8.183613,2063
17687,r10i1p1f1,2063,06,05,0.0,26.284525,8.243784,2063
17688,r10i1p1f1,2063,06,06,0.0,26.050995,8.632323,2063
17689,r10i1p1f1,2063,06,07,0.0,24.909454,9.489994,2063
17690,r10i1p1f1,2063,06,08,0.0,21.284754,6.7280717,2063
17691,r10i1p1f1,2063,06,09,0.0,23.92112,5.8499346,2063
17692,r10i1p1f1,2063,06,10,0.0,24.563145,8.037159,2063
17693,r10i1p1f1,2063,06,11,0.0,27.934246,11.865912,2063
17694,r10i1p1f1,2063,06,12,0.0,30.202852,13.916354,2063
17695,r10i1p1f1,2063,06,13,0.0,28.328283,12.491924,2063
17696,r10i1p1f1,2063,06,14,0.0,24.48202,11.934204,2063
17697,r10i1p1f1,2063,06,15,0.0,24.50002,10.971882,2063
17698,r10i1p1f1,2063,06,16,0.0,24.569036,9.111795,2063
17699,r10i1p1f1,2063,06,17,1.0316175538910581,19.877777,13.3293915,2063
17700,r10i1p1f1,2063,06,18,0.0,21.178879,8.145778,2063
17701,r10i1p1f1,2063,06,19,0.0,23.148088,4.8381443,2063
17702,r10i1p1f1,2063,06,20,0.0,27.736923,9.471035,2063
17703,r10i1p1f1,2063,06,21,0.0,31.168442,15.148317,2063
17704,r10i1p1f1,2063,06,22,0.0,30.337364,13.5575485,2063
17705,r10i1p1f1,2063,06,23,0.0,30.089008,12.203429,2063
17706,r10i1p1f1,2063,06,24,0.0,29.818283,14.67586,2063
17707,r10i1p1f1,2063,06,25,0.0,32.199745,16.086016,2063
17708,r10i1p1f1,2063,06,26,0.0,33.407196,16.625372,2063
17709,r10i1p1f1,2063,06,27,0.0,32.660793,17.027409,2063
17710,r10i1p1f1,2063,06,28,0.0,34.70333,17.307571,2063
17711,r10i1p1f1,2063,06,29,0.0,33.593803,16.817932,2063
17712,r10i1p1f1,2063,06,30,0.0,31.515879,15.925474,2063
17713,r10i1p1f1,2063,07,01,0.0,28.693995,10.563618,2063
17714,r10i1p1f1,2063,07,02,0.0,30.838295,12.174125,2063
17715,r10i1p1f1,2063,07,03,0.0,33.445427,15.171755,2063
17716,r10i1p1f1,2063,07,04,0.0,32.92271,16.331106,2063
17717,r10i1p1f1,2063,07,05,0.0,31.885645,16.615118,2063
17718,r10i1p1f1,2063,07,06,0.0,32.660213,15.07963,2063
17719,r10i1p1f1,2063,07,07,0.0,35.81015,17.95164,2063
17720,r10i1p1f1,2063,07,08,0.0,38.383125,20.961489,2063
17721,r10i1p1f1,2063,07,09,0.0,37.70135,20.278143,2063
17722,r10i1p1f1,2063,07,10,0.0,36.019474,19.79732,2063
17723,r10i1p1f1,2063,07,11,0.0,37.703693,20.481928,2063
17724,r10i1p1f1,2063,07,12,0.0,39.84329,22.461954,2063
17725,r10i1p1f1,2063,07,13,1.1734490463966627,38.581696,20.92966,2063
17726,r10i1p1f1,2063,07,14,1.3687293708818815,37.778492,22.822308,2063
17727,r10i1p1f1,2063,07,15,0.0,36.53061,22.795095,2063
17728,r10i1p1f1,2063,07,16,0.03840952949279821,36.21935,22.455744,2063
17729,r10i1p1f1,2063,07,17,0.0,35.191273,18.5319,2063
17730,r10i1p1f1,2063,07,18,0.0,30.944157,15.434455,2063
17731,r10i1p1f1,2063,07,19,0.0,30.785404,15.232629,2063
17732,r10i1p1f1,2063,07,20,0.0,31.393278,14.988175,2063
17733,r10i1p1f1,2063,07,21,0.0,33.997547,17.225456,2063
17734,r10i1p1f1,2063,07,22,0.0,32.772038,17.531582,2063
17735,r10i1p1f1,2063,07,23,0.0,33.132904,16.970037,2063
17736,r10i1p1f1,2063,07,24,0.0,32.40496,16.657928,2063
17737,r10i1p1f1,2063,07,25,0.0,32.82055,15.101866,2063
17738,r10i1p1f1,2063,07,26,0.0,33.675995,16.123032,2063
17739,r10i1p1f1,2063,07,27,0.0,37.975124,20.400993,2063
17740,r10i1p1f1,2063,07,28,0.0,37.68045,20.628326,2063
17741,r10i1p1f1,2063,07,29,0.0,36.158497,20.711935,2063
17742,r10i1p1f1,2063,07,30,0.0,35.994965,20.224237,2063
17743,r10i1p1f1,2063,07,31,0.0009557626215514335,35.405174,18.881306,2063
17744,r10i1p1f1,2063,08,01,0.0,34.414803,19.963348,2063
17745,r10i1p1f1,2063,08,02,0.0,36.784855,19.67357,2063
17746,r10i1p1f1,2063,08,03,0.0,37.497322,20.970024,2063
17747,r10i1p1f1,2063,08,04,0.0,38.6339,21.236006,2063
17748,r10i1p1f1,2063,08,05,0.0,41.461533,22.112816,2063
17749,r10i1p1f1,2063,08,06,0.0,40.082447,22.114391,2063
17750,r10i1p1f1,2063,08,07,0.0,38.810436,22.508299,2063
17751,r10i1p1f1,2063,08,08,0.0,37.230694,19.881302,2063
17752,r10i1p1f1,2063,08,09,0.0,36.02184,20.450098,2063
17753,r10i1p1f1,2063,08,10,0.0,33.49638,18.163788,2063
17754,r10i1p1f1,2063,08,11,0.0,28.699223,12.158697,2063
17755,r10i1p1f1,2063,08,12,0.0,33.7835,15.638876,2063
17756,r10i1p1f1,2063,08,13,0.0,33.13432,15.9981,2063
17757,r10i1p1f1,2063,08,14,0.0,31.130865,12.644659,2063
17758,r10i1p1f1,2063,08,15,0.0,35.585968,17.314342,2063
17759,r10i1p1f1,2063,08,16,0.0,35.5286,19.201479,2063
17760,r10i1p1f1,2063,08,17,0.0,35.803455,18.60838,2063
17761,r10i1p1f1,2063,08,18,0.0,35.685795,19.575356,2063
17762,r10i1p1f1,2063,08,19,0.0,34.73006,17.015753,2063
17763,r10i1p1f1,2063,08,20,0.0,32.45904,17.227371,2063
17764,r10i1p1f1,2063,08,21,0.0,31.567236,14.556087,2063
17765,r10i1p1f1,2063,08,22,0.0,31.25538,14.47352,2063
17766,r10i1p1f1,2063,08,23,0.0,30.116722,14.542087,2063
17767,r10i1p1f1,2063,08,24,0.0,29.561148,14.327062,2063
17768,r10i1p1f1,2063,08,25,0.0,31.513536,13.752355,2063
17769,r10i1p1f1,2063,08,26,0.0,33.272144,16.428612,2063
17770,r10i1p1f1,2063,08,27,0.0,33.27743,16.00044,2063
17771,r10i1p1f1,2063,08,28,0.0,35.476685,17.919846,2063
17772,r10i1p1f1,2063,08,29,0.0,37.31984,19.193184,2063
17773,r10i1p1f1,2063,08,30,0.0,37.797146,20.162415,2063
17774,r10i1p1f1,2063,08,31,0.0,36.51745,20.95487,2063
17775,r10i1p1f1,2063,09,01,0.0,40.157406,25.648666,2063
17776,r10i1p1f1,2063,09,02,0.0,39.546314,24.404781,2063
17777,r10i1p1f1,2063,09,03,0.0,37.487152,22.357122,2063
17778,r10i1p1f1,2063,09,04,0.0,37.32428,21.826754,2063
17779,r10i1p1f1,2063,09,05,0.0,36.62843,19.816755,2063
17780,r10i1p1f1,2063,09,06,0.0,33.225723,17.634966,2063
17781,r10i1p1f1,2063,09,07,0.0,32.647396,15.265752,2063
17782,r10i1p1f1,2063,09,08,0.0,32.17876,18.45973,2063
17783,r10i1p1f1,2063,09,09,0.0,34.735706,18.798887,2063
17784,r10i1p1f1,2063,09,10,0.0,36.32022,19.478292,2063
17785,r10i1p1f1,2063,09,11,0.0,36.613815,19.668041,2063
17786,r10i1p1f1,2063,09,12,0.0,36.360992,19.234491,2063
17787,r10i1p1f1,2063,09,13,0.0,36.421757,19.608685,2063
17788,r10i1p1f1,2063,09,14,0.0,36.19269,19.039919,2063
17789,r10i1p1f1,2063,09,15,0.0,34.533184,16.607458,2063
17790,r10i1p1f1,2063,09,16,0.0,31.843102,16.577274,2063
17791,r10i1p1f1,2063,09,17,0.0,31.190088,14.20737,2063
17792,r10i1p1f1,2063,09,18,0.0,29.750757,14.78232,2063
17793,r10i1p1f1,2063,09,19,0.0,28.68949,14.844588,2063
17794,r10i1p1f1,2063,09,20,0.0,28.025673,13.384928,2063
17795,r10i1p1f1,2063,09,21,0.0,25.42718,10.583351,2063
17796,r10i1p1f1,2063,09,22,0.17148946401568155,22.932064,9.745667,2063
17797,r10i1p1f1,2063,09,23,0.0,24.627144,11.580896,2063
17798,r10i1p1f1,2063,09,24,0.0,27.35292,10.702246,2063
17799,r10i1p1f1,2063,09,25,0.0,30.814814,13.15421,2063
17800,r10i1p1f1,2063,09,26,0.0,33.34703,15.743117,2063
17801,r10i1p1f1,2063,09,27,0.0,32.906616,17.426933,2063
17802,r10i1p1f1,2063,09,28,0.0,30.703764,15.284785,2063
17803,r10i1p1f1,2063,09,29,0.0,25.205154,10.37924,2063
17804,r10i1p1f1,2063,09,30,35.33743214640325,24.790512,11.07609,2063
17805,r10i1p1f1,2063,10,01,5.438899640824059,20.450377,7.6310353,2063
17806,r10i1p1f1,2063,10,02,0.0,24.35779,9.553096,2063
17807,r10i1p1f1,2063,10,03,0.0,28.882902,14.072639,2063
17808,r10i1p1f1,2063,10,04,0.0,32.27502,15.389709,2063
17809,r10i1p1f1,2063,10,05,0.0,32.48141,17.813879,2063
17810,r10i1p1f1,2063,10,06,0.0,31.064184,15.461177,2063
17811,r10i1p1f1,2063,10,07,0.0,29.371065,12.695632,2063
17812,r10i1p1f1,2063,10,08,0.0,32.500347,17.998772,2063
17813,r10i1p1f1,2063,10,09,0.0,35.207504,19.845116,2063
17814,r10i1p1f1,2063,10,10,0.0,35.026047,18.403322,2063
17815,r10i1p1f1,2063,10,11,0.0,32.833282,19.76877,2063
17816,r10i1p1f1,2063,10,12,0.0,25.08597,11.359072,2063
17817,r10i1p1f1,2063,10,13,0.0,25.40178,10.200641,2063
17818,r10i1p1f1,2063,10,14,0.0,27.54275,11.110605,2063
17819,r10i1p1f1,2063,10,15,0.0,26.790358,12.567308,2063
17820,r10i1p1f1,2063,10,16,0.0,25.849388,12.218357,2063
17821,r10i1p1f1,2063,10,17,0.0,26.170252,10.235252,2063
17822,r10i1p1f1,2063,10,18,0.0,25.718836,11.48972,2063
17823,r10i1p1f1,2063,10,19,0.0,23.763151,12.234371,2063
17824,r10i1p1f1,2063,10,20,0.0,25.532608,7.573206,2063
17825,r10i1p1f1,2063,10,21,0.0,25.006256,9.812324,2063
17826,r10i1p1f1,2063,10,22,0.0,24.37337,12.407059,2063
17827,r10i1p1f1,2063,10,23,0.9310721289933243,25.043879,12.408057,2063
17828,r10i1p1f1,2063,10,24,0.0,22.822638,10.082083,2063
17829,r10i1p1f1,2063,10,25,0.0,24.389647,8.993074,2063
17830,r10i1p1f1,2063,10,26,0.0,24.30698,11.080181,2063
17831,r10i1p1f1,2063,10,27,0.0,23.778814,10.9587555,2063
17832,r10i1p1f1,2063,10,28,0.0,23.089855,10.322982,2063
17833,r10i1p1f1,2063,10,29,0.0,22.850008,8.597786,2063
17834,r10i1p1f1,2063,10,30,0.0,24.13106,10.783349,2063
17835,r10i1p1f1,2063,10,31,0.0,25.311584,12.303609,2063
17836,r10i1p1f1,2063,11,01,0.0,24.079756,10.939232,2063
17837,r10i1p1f1,2063,11,02,0.0,27.164669,10.94669,2063
17838,r10i1p1f1,2063,11,03,0.0,28.71253,11.286218,2063
17839,r10i1p1f1,2063,11,04,0.0,32.62332,14.522851,2063
17840,r10i1p1f1,2063,11,05,0.0,31.5085,15.58836,2063
17841,r10i1p1f1,2063,11,06,0.0,27.649338,13.671729,2063
17842,r10i1p1f1,2063,11,07,0.0,28.079882,15.515968,2063
17843,r10i1p1f1,2063,11,08,0.0,26.439032,10.366033,2063
17844,r10i1p1f1,2063,11,09,9.462348175580509,25.106888,6.3747134,2063
17845,r10i1p1f1,2063,11,10,0.20703196413179334,15.29114,3.3284593,2063
17846,r10i1p1f1,2063,11,11,5.197071347088479,14.606147,3.4526384,2063
17847,r10i1p1f1,2063,11,12,0.03852685976629513,16.846739,1.148081,2063
17848,r10i1p1f1,2063,11,13,0.0,16.47383,3.6137373,2063
17849,r10i1p1f1,2063,11,14,3.10939894527684,18.597239,6.4698296,2063
17850,r10i1p1f1,2063,11,15,1.603154488714752,18.81172,6.4291396,2063
17851,r10i1p1f1,2063,11,16,0.0,14.942526,2.557668,2063
17852,r10i1p1f1,2063,11,17,0.009003769604245654,17.227085,4.7592454,2063
17853,r10i1p1f1,2063,11,18,0.0,15.961597,3.5526545,2063
17854,r10i1p1f1,2063,11,19,0.0,16.656273,3.6929204,2063
17855,r10i1p1f1,2063,11,20,5.272651128938091,15.510397,3.0695226,2063
17856,r10i1p1f1,2063,11,21,0.513722622013359,9.144233,0.89783555,2063
17857,r10i1p1f1,2063,11,22,0.0273347055649777,9.870315,-3.6004035,2063
17858,r10i1p1f1,2063,11,23,0.0,12.032138,-2.1796882,2063
17859,r10i1p1f1,2063,11,24,2.927539352401111,9.766477,-0.5573522,2063
17860,r10i1p1f1,2063,11,25,11.744762711963343,10.585661,3.4118223,2063
17861,r10i1p1f1,2063,11,26,1.8892019984114565,12.178404,7.22419,2063
17862,r10i1p1f1,2063,11,27,15.856599229109156,12.930814,7.142208,2063
17863,r10i1p1f1,2063,11,28,14.430427819982134,12.85048,8.639585,2063
17864,r10i1p1f1,2063,11,29,12.674309531116466,14.148651,6.222647,2063
17865,r10i1p1f1,2063,11,30,16.81248667760213,13.784893,7.2938,2063
17866,r10i1p1f1,2063,12,01,51.34733928441021,13.557042,6.0614486,2063
17867,r10i1p1f1,2063,12,02,0.0,10.554703,2.1676204,2063
17868,r10i1p1f1,2063,12,03,0.0,8.433266,1.7484432,2063
17869,r10i1p1f1,2063,12,04,0.0,9.860379,-0.28607017,2063
17870,r10i1p1f1,2063,12,05,0.0,8.896914,-1.6849037,2063
17871,r10i1p1f1,2063,12,06,30.368089577869366,10.55337,0.9848882,2063
17872,r10i1p1f1,2063,12,07,27.26095007643667,11.761409,6.5634804,2063
17873,r10i1p1f1,2063,12,08,30.129043860822428,11.690958,6.7236032,2063
17874,r10i1p1f1,2063,12,09,14.415943387250177,10.360652,1.3101407,2063
17875,r10i1p1f1,2063,12,10,0.0,8.919317,-1.8971702,2063
17876,r10i1p1f1,2063,12,11,11.449773166762162,9.17584,3.0926123,2063
17877,r10i1p1f1,2063,12,12,28.272522932322893,13.153688,6.554747,2063
17878,r10i1p1f1,2063,12,13,19.575249574508664,15.160044,5.4198704,2063
17879,r10i1p1f1,2063,12,14,10.262787862340797,8.707238,-0.6076688,2063
17880,r10i1p1f1,2063,12,15,10.852795679028006,5.680838,1.9130024,2063
17881,r10i1p1f1,2063,12,16,0.0,5.737821,-1.4554306,2063
17882,r10i1p1f1,2063,12,17,0.0,-1.6736946,-11.441788,2063
17883,r10i1p1f1,2063,12,18,0.0,7.2888985,-3.8802361,2063
17884,r10i1p1f1,2063,12,19,0.0,10.0466585,-1.7805866,2063
17885,r10i1p1f1,2063,12,20,0.0,8.593963,-2.3559666,2063
17886,r10i1p1f1,2063,12,21,2.4272538888429778,10.874361,2.2527688,2063
17887,r10i1p1f1,2063,12,22,0.0,10.1370535,-0.07162275,2063
17888,r10i1p1f1,2063,12,23,0.09402974757760699,9.097243,1.8481973,2063
17889,r10i1p1f1,2063,12,24,13.70279058127811,6.303347,1.6812521,2063
17890,r10i1p1f1,2063,12,25,0.0,8.946942,1.8504838,2063
17891,r10i1p1f1,2063,12,26,0.0,11.878512,0.3618431,2063
17892,r10i1p1f1,2063,12,27,0.0,10.900929,1.878148,2063
17893,r10i1p1f1,2063,12,28,0.0,13.635986,1.7174251,2063
17894,r10i1p1f1,2063,12,29,0.0,13.8548,2.772846,2063
17895,r10i1p1f1,2063,12,30,0.0,16.824163,5.504902,2063
17896,r10i1p1f1,2063,12,31,0.0,17.254744,5.5891356,2063
17897,r10i1p1f1,2064,01,01,0.0,16.013155,5.283729,2064
17898,r10i1p1f1,2064,01,02,0.0,15.389536,5.796455,2064
17899,r10i1p1f1,2064,01,03,0.0,14.6543455,3.3564997,2064
17900,r10i1p1f1,2064,01,04,0.0,15.570406,4.258611,2064
17901,r10i1p1f1,2064,01,05,0.48933132468990054,8.727997,4.7507,2064
17902,r10i1p1f1,2064,01,06,27.337930328519036,9.437275,4.6254563,2064
17903,r10i1p1f1,2064,01,07,8.370510563882386,10.354367,6.7748203,2064
17904,r10i1p1f1,2064,01,08,12.06702092163859,8.461719,2.028023,2064
17905,r10i1p1f1,2064,01,09,0.0,11.372282,0.8611183,2064
17906,r10i1p1f1,2064,01,10,0.0,11.957506,1.3707534,2064
17907,r10i1p1f1,2064,01,11,0.0,14.948825,3.780777,2064
17908,r10i1p1f1,2064,01,12,0.0,13.863116,2.6875105,2064
17909,r10i1p1f1,2064,01,13,5.2572778176047565,10.564908,2.9756293,2064
17910,r10i1p1f1,2064,01,14,0.10378886122213628,7.8105597,4.4365788,2064
17911,r10i1p1f1,2064,01,15,0.0,14.202036,1.453007,2064
17912,r10i1p1f1,2064,01,16,0.0,14.430953,2.5754213,2064
17913,r10i1p1f1,2064,01,17,0.0,16.33304,4.0885057,2064
17914,r10i1p1f1,2064,01,18,0.0,15.572256,4.3479886,2064
17915,r10i1p1f1,2064,01,19,0.0,16.959185,5.805065,2064
17916,r10i1p1f1,2064,01,20,0.0,14.590006,6.6433563,2064
17917,r10i1p1f1,2064,01,21,23.553565490721283,11.252556,6.261763,2064
17918,r10i1p1f1,2064,01,22,55.5788435820049,16.960358,8.734112,2064
17919,r10i1p1f1,2064,01,23,31.727645848073543,16.529394,5.807056,2064
17920,r10i1p1f1,2064,01,24,0.0,13.892006,2.3746474,2064
17921,r10i1p1f1,2064,01,25,7.610891086599287,11.633289,3.649468,2064
17922,r10i1p1f1,2064,01,26,70.37036874221246,15.0747795,6.6271133,2064
17923,r10i1p1f1,2064,01,27,117.08405307849478,14.797262,10.930434,2064
17924,r10i1p1f1,2064,01,28,3.0792847257663722,13.413659,6.1583138,2064
17925,r10i1p1f1,2064,01,29,0.3221946508039022,11.875329,3.7364814,2064
17926,r10i1p1f1,2064,01,30,20.055385738899197,8.638494,2.977335,2064
17927,r10i1p1f1,2064,01,31,2.013524868188573,9.639348,4.2478304,2064
17928,r10i1p1f1,2064,02,01,0.0,14.360541,3.2086897,2064
17929,r10i1p1f1,2064,02,02,32.581368434598275,11.301541,2.8132472,2064
17930,r10i1p1f1,2064,02,03,4.236960252245281,8.365837,3.2665222,2064
17931,r10i1p1f1,2064,02,04,31.960688462009113,15.584027,3.547939,2064
17932,r10i1p1f1,2064,02,05,22.815808447041107,11.635324,4.7565117,2064
17933,r10i1p1f1,2064,02,06,0.28186606738783765,11.585665,2.5824955,2064
17934,r10i1p1f1,2064,02,07,0.0,13.968534,1.1625947,2064
17935,r10i1p1f1,2064,02,08,0.15929079488973671,14.682976,3.3415606,2064
17936,r10i1p1f1,2064,02,09,0.0,9.685633,-0.31928372,2064
17937,r10i1p1f1,2064,02,10,6.956880327159428,10.200279,2.9574137,2064
17938,r10i1p1f1,2064,02,11,3.031938685690923,9.188228,3.6743898,2064
17939,r10i1p1f1,2064,02,12,13.81221521327174,12.510213,4.6880817,2064
17940,r10i1p1f1,2064,02,13,17.216111106589732,14.95648,9.490877,2064
17941,r10i1p1f1,2064,02,14,55.8908914479329,13.384229,8.061052,2064
17942,r10i1p1f1,2064,02,15,3.7109134091703084,12.786704,4.6122856,2064
17943,r10i1p1f1,2064,02,16,0.0,14.400572,1.8626677,2064
17944,r10i1p1f1,2064,02,17,0.0,17.668194,4.19202,2064
17945,r10i1p1f1,2064,02,18,10.754767083103376,17.800682,6.936527,2064
17946,r10i1p1f1,2064,02,19,0.000385930064495417,13.024483,2.1602125,2064
17947,r10i1p1f1,2064,02,20,0.0,13.178282,0.6798917,2064
17948,r10i1p1f1,2064,02,21,0.0,13.404239,1.4143502,2064
17949,r10i1p1f1,2064,02,22,14.071289688275245,11.409623,2.2358978,2064
17950,r10i1p1f1,2064,02,23,58.50154334483178,11.657611,2.6545877,2064
17951,r10i1p1f1,2064,02,24,35.28042262922482,8.39899,2.4520953,2064
17952,r10i1p1f1,2064,02,25,7.711422648141084,7.4830995,1.2697334,2064
17953,r10i1p1f1,2064,02,26,0.0,14.240913,1.8741381,2064
17954,r10i1p1f1,2064,02,27,0.0,18.157751,5.484167,2064
17955,r10i1p1f1,2064,02,28,5.342947666940745,15.658813,5.328218,2064
17956,r10i1p1f1,2064,02,29,0.0,18.801315,4.0005198,2064
17957,r10i1p1f1,2064,03,01,0.0,18.0976,2.784914,2064
17958,r10i1p1f1,2064,03,02,0.24250783251198682,16.850275,3.8698518,2064
17959,r10i1p1f1,2064,03,03,4.511401613863678,10.85203,4.4435263,2064
17960,r10i1p1f1,2064,03,04,2.203938045309578,11.444789,2.4325976,2064
17961,r10i1p1f1,2064,03,05,0.4293331979313639,11.420084,2.2533617,2064
17962,r10i1p1f1,2064,03,06,0.01612004436394368,9.65385,0.8939705,2064
17963,r10i1p1f1,2064,03,07,0.0,13.450152,-0.6636429,2064
17964,r10i1p1f1,2064,03,08,0.0,17.235338,0.6179135,2064
17965,r10i1p1f1,2064,03,09,0.0,19.535717,2.2722638,2064
17966,r10i1p1f1,2064,03,10,0.0,16.856815,3.4241722,2064
17967,r10i1p1f1,2064,03,11,0.0,19.914513,4.28058,2064
17968,r10i1p1f1,2064,03,12,0.0,22.375626,6.3989472,2064
17969,r10i1p1f1,2064,03,13,0.0,24.775,8.339837,2064
17970,r10i1p1f1,2064,03,14,0.0,23.14317,7.473419,2064
17971,r10i1p1f1,2064,03,15,0.0,20.070091,8.290061,2064
17972,r10i1p1f1,2064,03,16,0.0,19.579277,6.1440578,2064
17973,r10i1p1f1,2064,03,17,0.0,18.394547,4.1208086,2064
17974,r10i1p1f1,2064,03,18,0.20787114309003205,13.383466,5.287646,2064
17975,r10i1p1f1,2064,03,19,0.0,13.409636,1.1878415,2064
17976,r10i1p1f1,2064,03,20,0.0,13.506619,0.48825976,2064
17977,r10i1p1f1,2064,03,21,0.0,12.829571,-0.056295294,2064
17978,r10i1p1f1,2064,03,22,0.29053051957816933,15.728464,1.6323887,2064
17979,r10i1p1f1,2064,03,23,0.0,17.280119,1.3686762,2064
17980,r10i1p1f1,2064,03,24,0.0,19.778294,1.9281684,2064
17981,r10i1p1f1,2064,03,25,0.0,19.860043,4.7510815,2064
17982,r10i1p1f1,2064,03,26,0.0,19.422213,5.1979737,2064
17983,r10i1p1f1,2064,03,27,0.0,18.439638,2.125032,2064
17984,r10i1p1f1,2064,03,28,0.0,15.568188,2.4252365,2064
17985,r10i1p1f1,2064,03,29,4.595840460005045,12.778558,3.275719,2064
17986,r10i1p1f1,2064,03,30,0.0,20.951538,1.4641167,2064
17987,r10i1p1f1,2064,03,31,0.0,24.678167,5.926007,2064
17988,r10i1p1f1,2064,04,01,0.0,27.385263,8.290778,2064
17989,r10i1p1f1,2064,04,02,0.0,27.43679,9.954267,2064
17990,r10i1p1f1,2064,04,03,0.0,25.931442,12.486365,2064
17991,r10i1p1f1,2064,04,04,0.0,27.487555,9.415823,2064
17992,r10i1p1f1,2064,04,05,0.0,28.298645,12.829482,2064
17993,r10i1p1f1,2064,04,06,0.867400220860011,25.298233,10.136477,2064
17994,r10i1p1f1,2064,04,07,0.3670726046996271,20.533018,6.5779862,2064
17995,r10i1p1f1,2064,04,08,0.0,19.797218,6.301643,2064
17996,r10i1p1f1,2064,04,09,0.0,22.88141,5.4120507,2064
17997,r10i1p1f1,2064,04,10,0.0,22.613659,6.196604,2064
17998,r10i1p1f1,2064,04,11,0.21222986959784115,20.626776,7.0338335,2064
17999,r10i1p1f1,2064,04,12,0.0,20.109362,5.2008934,2064
18000,r10i1p1f1,2064,04,13,0.0,21.778395,4.8709764,2064
18001,r10i1p1f1,2064,04,14,0.0,19.627295,5.923675,2064
18002,r10i1p1f1,2064,04,15,0.0,21.580881,4.8630795,2064
18003,r10i1p1f1,2064,04,16,0.0,22.885876,5.8808885,2064
18004,r10i1p1f1,2064,04,17,0.0,25.62635,8.438487,2064
18005,r10i1p1f1,2064,04,18,0.0,25.241459,10.777499,2064
18006,r10i1p1f1,2064,04,19,0.0,22.96955,7.354469,2064
18007,r10i1p1f1,2064,04,20,0.0,21.868296,7.9909782,2064
18008,r10i1p1f1,2064,04,21,0.0,25.33879,8.776324,2064
18009,r10i1p1f1,2064,04,22,0.0,23.582674,10.718235,2064
18010,r10i1p1f1,2064,04,23,0.0,18.461302,5.564405,2064
18011,r10i1p1f1,2064,04,24,0.0,23.344034,7.291491,2064
18012,r10i1p1f1,2064,04,25,0.0,27.326609,9.810636,2064
18013,r10i1p1f1,2064,04,26,0.0,26.015808,12.624348,2064
18014,r10i1p1f1,2064,04,27,0.0,20.89878,7.1723037,2064
18015,r10i1p1f1,2064,04,28,0.0,26.714321,11.105702,2064
18016,r10i1p1f1,2064,04,29,0.0,28.6233,12.411056,2064
18017,r10i1p1f1,2064,04,30,0.0,28.63994,13.574632,2064
18018,r10i1p1f1,2064,05,01,0.0,28.25442,13.281787,2064
18019,r10i1p1f1,2064,05,02,0.0,21.566545,8.225074,2064
18020,r10i1p1f1,2064,05,03,0.0,25.084394,8.203061,2064
18021,r10i1p1f1,2064,05,04,0.0,24.142635,10.068747,2064
18022,r10i1p1f1,2064,05,05,0.0,19.228643,4.913506,2064
18023,r10i1p1f1,2064,05,06,0.0,21.96298,6.8043075,2064
18024,r10i1p1f1,2064,05,07,0.0,20.683792,5.774066,2064
18025,r10i1p1f1,2064,05,08,0.0,19.564156,4.615889,2064
18026,r10i1p1f1,2064,05,09,0.0,21.256939,4.7252336,2064
18027,r10i1p1f1,2064,05,10,0.0,21.783155,5.4334483,2064
18028,r10i1p1f1,2064,05,11,0.0,22.513605,7.3756104,2064
18029,r10i1p1f1,2064,05,12,3.095483400619215,19.133627,5.8552155,2064
18030,r10i1p1f1,2064,05,13,0.0,20.15081,4.0523314,2064
18031,r10i1p1f1,2064,05,14,0.0,21.227411,7.259438,2064
18032,r10i1p1f1,2064,05,15,7.79440422196498,18.158442,4.4905524,2064
18033,r10i1p1f1,2064,05,16,0.0,18.40616,5.262881,2064
18034,r10i1p1f1,2064,05,17,10.20411325149134,18.187555,7.7241845,2064
18035,r10i1p1f1,2064,05,18,11.636813281917345,17.418175,7.8273587,2064
18036,r10i1p1f1,2064,05,19,7.9674567663412175,14.923169,8.470379,2064
18037,r10i1p1f1,2064,05,20,0.0,25.65043,6.8715587,2064
18038,r10i1p1f1,2064,05,21,0.0,28.07603,11.141676,2064
18039,r10i1p1f1,2064,05,22,0.0,30.314806,14.306005,2064
18040,r10i1p1f1,2064,05,23,0.0,32.94785,16.475464,2064
18041,r10i1p1f1,2064,05,24,0.0,33.419174,18.315027,2064
18042,r10i1p1f1,2064,05,25,0.0,33.379055,18.515553,2064
18043,r10i1p1f1,2064,05,26,0.0,32.95149,19.00992,2064
18044,r10i1p1f1,2064,05,27,0.0,31.39555,15.816629,2064
18045,r10i1p1f1,2064,05,28,7.899286366706579,20.501083,5.207349,2064
18046,r10i1p1f1,2064,05,29,3.7747272861978622,16.539955,6.184091,2064
18047,r10i1p1f1,2064,05,30,0.31469787724003445,16.141022,8.202264,2064
18048,r10i1p1f1,2064,05,31,0.4584050623203726,21.71743,7.1684875,2064
18049,r10i1p1f1,2064,06,01,0.0,24.883856,8.227812,2064
18050,r10i1p1f1,2064,06,02,0.0,24.141464,12.123902,2064
18051,r10i1p1f1,2064,06,03,0.6903139444100241,18.270144,9.720093,2064
18052,r10i1p1f1,2064,06,04,0.5984832916845718,19.166739,3.7716477,2064
18053,r10i1p1f1,2064,06,05,0.0,22.896378,7.4639716,2064
18054,r10i1p1f1,2064,06,06,0.0,29.237595,10.770024,2064
18055,r10i1p1f1,2064,06,07,0.0,28.314398,16.448084,2064
18056,r10i1p1f1,2064,06,08,1.8221106803857285,21.951353,9.109554,2064
18057,r10i1p1f1,2064,06,09,0.33549634693515956,19.91948,7.348189,2064
18058,r10i1p1f1,2064,06,10,0.0,23.552246,9.528589,2064
18059,r10i1p1f1,2064,06,11,0.0,30.616272,13.757777,2064
18060,r10i1p1f1,2064,06,12,0.0,35.42833,18.89777,2064
18061,r10i1p1f1,2064,06,13,0.0,36.716045,19.694036,2064
18062,r10i1p1f1,2064,06,14,0.0,36.31215,20.246103,2064
18063,r10i1p1f1,2064,06,15,0.0,34.233654,18.839573,2064
18064,r10i1p1f1,2064,06,16,0.0,33.880795,18.174158,2064
18065,r10i1p1f1,2064,06,17,0.0,32.179546,17.128326,2064
18066,r10i1p1f1,2064,06,18,0.0,30.968544,16.724934,2064
18067,r10i1p1f1,2064,06,19,0.0,26.004032,10.986839,2064
18068,r10i1p1f1,2064,06,20,0.0,28.392723,13.645271,2064
18069,r10i1p1f1,2064,06,21,0.0,31.467594,14.506913,2064
18070,r10i1p1f1,2064,06,22,0.0,34.46792,19.252136,2064
18071,r10i1p1f1,2064,06,23,0.0,34.318073,18.926905,2064
18072,r10i1p1f1,2064,06,24,0.0,32.251926,17.517157,2064
18073,r10i1p1f1,2064,06,25,0.0,33.066124,15.893431,2064
18074,r10i1p1f1,2064,06,26,0.0,31.603868,17.001925,2064
18075,r10i1p1f1,2064,06,27,0.2329514622895084,33.600372,17.52682,2064
18076,r10i1p1f1,2064,06,28,0.0,39.073925,23.191895,2064
18077,r10i1p1f1,2064,06,29,0.0,40.971954,25.136086,2064
18078,r10i1p1f1,2064,06,30,0.0,39.754894,24.034945,2064
18079,r10i1p1f1,2064,07,01,0.0,39.378475,23.231222,2064
18080,r10i1p1f1,2064,07,02,0.0,39.969078,22.380444,2064
18081,r10i1p1f1,2064,07,03,0.0,38.40455,19.740788,2064
18082,r10i1p1f1,2064,07,04,0.0,32.464954,16.161716,2064
18083,r10i1p1f1,2064,07,05,0.0,33.694855,16.97923,2064
18084,r10i1p1f1,2064,07,06,0.28963935271205726,34.432117,17.18126,2064
18085,r10i1p1f1,2064,07,07,0.0,34.474945,19.307463,2064
18086,r10i1p1f1,2064,07,08,0.0,33.4888,18.546942,2064
18087,r10i1p1f1,2064,07,09,0.0,30.992386,15.515754,2064
18088,r10i1p1f1,2064,07,10,0.0,28.590511,13.669994,2064
18089,r10i1p1f1,2064,07,11,0.0,29.060585,13.946876,2064
18090,r10i1p1f1,2064,07,12,0.0,28.858019,13.088427,2064
18091,r10i1p1f1,2064,07,13,0.0,30.986628,13.941785,2064
18092,r10i1p1f1,2064,07,14,0.0,31.711605,14.592137,2064
18093,r10i1p1f1,2064,07,15,0.0,32.63316,17.134882,2064
18094,r10i1p1f1,2064,07,16,0.0,34.438076,17.638447,2064
18095,r10i1p1f1,2064,07,17,0.0,36.215927,18.640188,2064
18096,r10i1p1f1,2064,07,18,0.0,38.550346,21.128632,2064
18097,r10i1p1f1,2064,07,19,0.0,39.639294,22.278357,2064
18098,r10i1p1f1,2064,07,20,0.01651734082291736,38.991833,23.43103,2064
18099,r10i1p1f1,2064,07,21,0.0,37.473915,22.650621,2064
18100,r10i1p1f1,2064,07,22,0.0,36.43916,20.135073,2064
18101,r10i1p1f1,2064,07,23,0.0,37.54524,20.33053,2064
18102,r10i1p1f1,2064,07,24,1.5732651844317795,36.590584,19.347246,2064
18103,r10i1p1f1,2064,07,25,0.0,36.50992,20.29038,2064
18104,r10i1p1f1,2064,07,26,0.0,34.060192,18.090376,2064
18105,r10i1p1f1,2064,07,27,0.0,33.686054,17.666681,2064
18106,r10i1p1f1,2064,07,28,0.0,33.099922,17.777697,2064
18107,r10i1p1f1,2064,07,29,0.0,31.54673,15.528923,2064
18108,r10i1p1f1,2064,07,30,0.0,31.44505,15.328752,2064
18109,r10i1p1f1,2064,07,31,0.0,32.210438,15.872714,2064
18110,r10i1p1f1,2064,08,01,0.0,33.198593,17.014608,2064
18111,r10i1p1f1,2064,08,02,0.0,32.61209,15.218165,2064
18112,r10i1p1f1,2064,08,03,0.0,33.949818,15.080284,2064
18113,r10i1p1f1,2064,08,04,0.0,37.200726,18.75762,2064
18114,r10i1p1f1,2064,08,05,0.0,40.079353,21.501669,2064
18115,r10i1p1f1,2064,08,06,0.0,39.32857,20.581131,2064
18116,r10i1p1f1,2064,08,07,0.0,35.796387,19.398289,2064
18117,r10i1p1f1,2064,08,08,0.0,34.06441,18.760197,2064
18118,r10i1p1f1,2064,08,09,0.0,33.08485,15.795699,2064
18119,r10i1p1f1,2064,08,10,0.0,33.94638,16.25948,2064
18120,r10i1p1f1,2064,08,11,0.0,32.865387,16.780045,2064
18121,r10i1p1f1,2064,08,12,0.0,31.457369,13.703909,2064
18122,r10i1p1f1,2064,08,13,0.0,30.754427,13.499683,2064
18123,r10i1p1f1,2064,08,14,0.0,30.861383,14.868573,2064
18124,r10i1p1f1,2064,08,15,0.0,29.326609,13.512618,2064
18125,r10i1p1f1,2064,08,16,0.0,27.581427,11.984998,2064
18126,r10i1p1f1,2064,08,17,0.0,29.25586,11.747899,2064
18127,r10i1p1f1,2064,08,18,0.0,32.5232,15.535917,2064
18128,r10i1p1f1,2064,08,19,0.0,33.62976,16.692236,2064
18129,r10i1p1f1,2064,08,20,0.0,36.276535,17.780682,2064
18130,r10i1p1f1,2064,08,21,0.0,35.371063,18.948864,2064
18131,r10i1p1f1,2064,08,22,0.0,33.516098,16.796515,2064
18132,r10i1p1f1,2064,08,23,0.0,29.51732,13.419698,2064
18133,r10i1p1f1,2064,08,24,0.0,28.210533,12.313383,2064
18134,r10i1p1f1,2064,08,25,0.0,30.677942,12.978779,2064
18135,r10i1p1f1,2064,08,26,0.0,30.39408,12.553242,2064
18136,r10i1p1f1,2064,08,27,0.0,30.636803,12.098513,2064
18137,r10i1p1f1,2064,08,28,0.0,30.817589,12.647947,2064
18138,r10i1p1f1,2064,08,29,0.0,30.856192,13.741988,2064
18139,r10i1p1f1,2064,08,30,0.0,33.74723,14.993622,2064
18140,r10i1p1f1,2064,08,31,0.0,34.142647,16.499958,2064
18141,r10i1p1f1,2064,09,01,0.0,32.751984,15.39104,2064
18142,r10i1p1f1,2064,09,02,0.0,28.138746,9.81586,2064
18143,r10i1p1f1,2064,09,03,0.0,29.964453,12.352489,2064
18144,r10i1p1f1,2064,09,04,0.0,33.359592,16.070932,2064
18145,r10i1p1f1,2064,09,05,0.0,32.509125,13.8811455,2064
18146,r10i1p1f1,2064,09,06,0.0,26.370934,11.610618,2064
18147,r10i1p1f1,2064,09,07,0.0,28.336454,11.252102,2064
18148,r10i1p1f1,2064,09,08,0.0,34.447697,16.053171,2064
18149,r10i1p1f1,2064,09,09,0.0,35.81007,17.564142,2064
18150,r10i1p1f1,2064,09,10,0.0,34.6852,17.479437,2064
18151,r10i1p1f1,2064,09,11,0.0,34.55953,17.387356,2064
18152,r10i1p1f1,2064,09,12,0.0,33.34616,16.146435,2064
18153,r10i1p1f1,2064,09,13,0.0,32.069805,14.8965225,2064
18154,r10i1p1f1,2064,09,14,0.0,32.180103,14.923755,2064
18155,r10i1p1f1,2064,09,15,0.0,31.844168,16.05005,2064
18156,r10i1p1f1,2064,09,16,0.0,31.452492,15.467529,2064
18157,r10i1p1f1,2064,09,17,0.0,29.734299,13.572681,2064
18158,r10i1p1f1,2064,09,18,0.0,32.1456,14.924422,2064
18159,r10i1p1f1,2064,09,19,0.0,33.663925,17.034513,2064
18160,r10i1p1f1,2064,09,20,0.0,34.388947,18.109612,2064
18161,r10i1p1f1,2064,09,21,0.0,37.7842,19.94838,2064
18162,r10i1p1f1,2064,09,22,0.0,36.660267,20.55918,2064
18163,r10i1p1f1,2064,09,23,0.0,34.723278,19.677345,2064
18164,r10i1p1f1,2064,09,24,0.0,32.31672,17.573277,2064
18165,r10i1p1f1,2064,09,25,0.0,26.465897,13.392348,2064
18166,r10i1p1f1,2064,09,26,0.0,33.8592,16.870493,2064
18167,r10i1p1f1,2064,09,27,0.0,37.546497,21.347376,2064
18168,r10i1p1f1,2064,09,28,0.0,35.808483,19.549316,2064
18169,r10i1p1f1,2064,09,29,0.0,34.745216,19.24021,2064
18170,r10i1p1f1,2064,09,30,0.0,33.5827,17.167475,2064
18171,r10i1p1f1,2064,10,01,0.0,34.30602,18.120691,2064
18172,r10i1p1f1,2064,10,02,0.0,33.078285,18.14298,2064
18173,r10i1p1f1,2064,10,03,0.0,28.401772,14.461368,2064
18174,r10i1p1f1,2064,10,04,0.0,22.702034,11.26918,2064
18175,r10i1p1f1,2064,10,05,47.809354895970934,21.987783,12.098389,2064
18176,r10i1p1f1,2064,10,06,20.72405699704847,15.954557,7.915566,2064
18177,r10i1p1f1,2064,10,07,0.0,18.768497,6.13376,2064
18178,r10i1p1f1,2064,10,08,0.0,23.226448,6.063174,2064
18179,r10i1p1f1,2064,10,09,0.0,26.2496,10.166666,2064
18180,r10i1p1f1,2064,10,10,0.0,29.374592,16.422537,2064
18181,r10i1p1f1,2064,10,11,0.0,31.232624,16.626492,2064
18182,r10i1p1f1,2064,10,12,0.0,30.674706,15.330221,2064
18183,r10i1p1f1,2064,10,13,0.0,30.657955,14.6935215,2064
18184,r10i1p1f1,2064,10,14,0.0,27.422289,13.845199,2064
18185,r10i1p1f1,2064,10,15,0.0,26.860485,14.929376,2064
18186,r10i1p1f1,2064,10,16,1.8662002827735897,24.281256,11.838382,2064
18187,r10i1p1f1,2064,10,17,0.011440514093632564,18.052547,6.2479625,2064
18188,r10i1p1f1,2064,10,18,0.0,20.873713,6.341662,2064
18189,r10i1p1f1,2064,10,19,0.0,22.883413,9.435679,2064
18190,r10i1p1f1,2064,10,20,0.0,24.033218,8.696688,2064
18191,r10i1p1f1,2064,10,21,0.0,24.905848,9.863904,2064
18192,r10i1p1f1,2064,10,22,0.0,24.167505,12.996417,2064
18193,r10i1p1f1,2064,10,23,0.0,27.45052,13.615176,2064
18194,r10i1p1f1,2064,10,24,0.0,26.682436,11.0844145,2064
18195,r10i1p1f1,2064,10,25,0.0,28.981064,12.052974,2064
18196,r10i1p1f1,2064,10,26,0.0,28.937233,11.90937,2064
18197,r10i1p1f1,2064,10,27,0.0,28.976437,15.158038,2064
18198,r10i1p1f1,2064,10,28,0.0,29.12423,13.599892,2064
18199,r10i1p1f1,2064,10,29,0.0,31.305754,13.435173,2064
18200,r10i1p1f1,2064,10,30,0.0,27.230919,8.4650755,2064
18201,r10i1p1f1,2064,10,31,0.0,20.560776,10.006844,2064
18202,r10i1p1f1,2064,11,01,0.4232273720892983,22.382874,12.35518,2064
18203,r10i1p1f1,2064,11,02,0.0,18.823294,8.424967,2064
18204,r10i1p1f1,2064,11,03,1.3390394308723779,22.051401,11.94424,2064
18205,r10i1p1f1,2064,11,04,20.82199876221191,16.753077,10.980661,2064
18206,r10i1p1f1,2064,11,05,0.0,19.96573,5.695114,2064
18207,r10i1p1f1,2064,11,06,0.0,20.43193,8.7829,2064
18208,r10i1p1f1,2064,11,07,2.000552430726992,17.46765,9.687212,2064
18209,r10i1p1f1,2064,11,08,0.0,16.99403,4.7990427,2064
18210,r10i1p1f1,2064,11,09,0.0,15.90014,5.6306925,2064
18211,r10i1p1f1,2064,11,10,0.0,17.625797,4.5451236,2064
18212,r10i1p1f1,2064,11,11,0.026788205295097692,16.569078,7.585356,2064
18213,r10i1p1f1,2064,11,12,0.0,18.45493,6.119717,2064
18214,r10i1p1f1,2064,11,13,0.0,19.423052,3.4795098,2064
18215,r10i1p1f1,2064,11,14,0.0,19.15921,10.11911,2064
18216,r10i1p1f1,2064,11,15,14.660272548989221,17.917257,6.827498,2064
18217,r10i1p1f1,2064,11,16,0.0,14.754928,3.6602294,2064
18218,r10i1p1f1,2064,11,17,0.0,17.2963,3.8167298,2064
18219,r10i1p1f1,2064,11,18,0.0,16.446983,4.7860737,2064
18220,r10i1p1f1,2064,11,19,0.0,14.876092,3.6716695,2064
18221,r10i1p1f1,2064,11,20,0.0,19.608631,7.0802484,2064
18222,r10i1p1f1,2064,11,21,0.0,18.571524,6.7526565,2064
18223,r10i1p1f1,2064,11,22,0.0,17.074274,4.2287354,2064
18224,r10i1p1f1,2064,11,23,0.014336743046633751,16.339678,4.3532457,2064
18225,r10i1p1f1,2064,11,24,0.8151407117302848,14.602717,6.0630093,2064
18226,r10i1p1f1,2064,11,25,0.0,14.655546,2.714985,2064
18227,r10i1p1f1,2064,11,26,0.0,15.59348,1.3200804,2064
18228,r10i1p1f1,2064,11,27,17.075541019470332,15.304119,4.8462205,2064
18229,r10i1p1f1,2064,11,28,32.7758299750521,11.714478,5.356769,2064
18230,r10i1p1f1,2064,11,29,0.035098664126340544,11.262761,4.8085165,2064
18231,r10i1p1f1,2064,11,30,28.145322823088225,10.17036,2.8428624,2064
18232,r10i1p1f1,2064,12,01,4.352865409004823,8.024086,2.428383,2064
18233,r10i1p1f1,2064,12,02,0.0,11.080805,0.21284284,2064
18234,r10i1p1f1,2064,12,03,0.0,11.641332,0.4449975,2064
18235,r10i1p1f1,2064,12,04,12.712936990005561,8.963393,1.9762559,2064
18236,r10i1p1f1,2064,12,05,0.0,12.299938,1.4010578,2064
18237,r10i1p1f1,2064,12,06,0.0,11.435494,1.3479658,2064
18238,r10i1p1f1,2064,12,07,0.0,13.211653,4.8753886,2064
18239,r10i1p1f1,2064,12,08,0.0,15.174072,4.5238357,2064
18240,r10i1p1f1,2064,12,09,9.763270691971565,11.835767,5.4793453,2064
18241,r10i1p1f1,2064,12,10,63.70873129681537,9.740602,2.3854644,2064
18242,r10i1p1f1,2064,12,11,6.1195277303915265,6.4698067,1.8678821,2064
18243,r10i1p1f1,2064,12,12,0.0,8.692428,-1.8098725,2064
18244,r10i1p1f1,2064,12,13,1.8102236444184727,9.054406,1.2908217,2064
18245,r10i1p1f1,2064,12,14,0.0,11.820796,1.4099029,2064
18246,r10i1p1f1,2064,12,15,0.0,12.523673,1.0992564,2064
18247,r10i1p1f1,2064,12,16,0.0,11.979083,4.0151153,2064
18248,r10i1p1f1,2064,12,17,0.0,14.224031,4.8371897,2064
18249,r10i1p1f1,2064,12,18,0.0,13.214696,2.0896595,2064
18250,r10i1p1f1,2064,12,19,1.2521387037084328,11.033913,4.521711,2064
18251,r10i1p1f1,2064,12,20,0.014974701690861318,11.49497,3.748213,2064
18252,r10i1p1f1,2064,12,21,0.0,11.391329,2.5127263,2064
18253,r10i1p1f1,2064,12,22,0.0,11.642693,1.4574238,2064
18254,r10i1p1f1,2064,12,23,0.08803817772476905,9.35076,1.6798943,2064
18255,r10i1p1f1,2064,12,24,4.825801863501654,8.83429,5.075776,2064
18256,r10i1p1f1,2064,12,25,0.611221015883769,11.786038,4.586421,2064
18257,r10i1p1f1,2064,12,26,0.0,14.050431,4.721605,2064
18258,r10i1p1f1,2064,12,27,0.0,15.313202,2.934958,2064
18259,r10i1p1f1,2064,12,28,0.0,13.674441,1.9067539,2064
18260,r10i1p1f1,2064,12,29,0.0,13.182231,0.71670735,2064
18261,r10i1p1f1,2064,12,30,0.0,12.696495,0.42055953,2064
18262,r10i1p1f1,2064,12,31,0.0,10.655907,-0.47335654,2064
18263,r10i1p1f1,2065,01,01,0.0,10.790901,0.78587323,2065
18264,r10i1p1f1,2065,01,02,0.0,12.715655,1.456755,2065
18265,r10i1p1f1,2065,01,03,0.0,13.102898,2.2229383,2065
18266,r10i1p1f1,2065,01,04,0.0,12.866275,1.7719309,2065
18267,r10i1p1f1,2065,01,05,0.0,11.216207,1.2318394,2065
18268,r10i1p1f1,2065,01,06,0.0,9.202927,-4.681502,2065
18269,r10i1p1f1,2065,01,07,0.0,6.4586825,-5.728843,2065
18270,r10i1p1f1,2065,01,08,0.0,6.897844,-1.4184242,2065
18271,r10i1p1f1,2065,01,09,0.0,7.183589,1.5583626,2065
18272,r10i1p1f1,2065,01,10,0.0,9.814752,-2.1870914,2065
18273,r10i1p1f1,2065,01,11,0.0,9.125398,-2.4205425,2065
18274,r10i1p1f1,2065,01,12,7.537869792806879,7.1865964,-0.49772865,2065
18275,r10i1p1f1,2065,01,13,0.0,9.998214,2.3995686,2065
18276,r10i1p1f1,2065,01,14,0.0,15.139003,2.8328776,2065
18277,r10i1p1f1,2065,01,15,0.0,17.585869,4.5333533,2065
18278,r10i1p1f1,2065,01,16,0.0,18.536789,6.270779,2065
18279,r10i1p1f1,2065,01,17,0.0,18.398256,5.428303,2065
18280,r10i1p1f1,2065,01,18,0.0,17.549553,7.085331,2065
18281,r10i1p1f1,2065,01,19,0.0,15.679706,5.830273,2065
18282,r10i1p1f1,2065,01,20,40.465626415281896,12.792854,3.7217367,2065
18283,r10i1p1f1,2065,01,21,0.12583997129958766,10.12392,4.0633736,2065
18284,r10i1p1f1,2065,01,22,4.766171395941025,8.825422,0.87208337,2065
18285,r10i1p1f1,2065,01,23,0.0,14.722043,2.6097333,2065
18286,r10i1p1f1,2065,01,24,0.3089413559791865,14.45552,6.720735,2065
18287,r10i1p1f1,2065,01,25,0.0,19.240374,6.7411227,2065
18288,r10i1p1f1,2065,01,26,0.0,18.945776,7.4164743,2065
18289,r10i1p1f1,2065,01,27,0.0,16.959124,4.9759808,2065
18290,r10i1p1f1,2065,01,28,0.0,16.016386,5.085867,2065
18291,r10i1p1f1,2065,01,29,0.0,16.480253,3.6983378,2065
18292,r10i1p1f1,2065,01,30,0.0,18.547392,5.117511,2065
18293,r10i1p1f1,2065,01,31,0.0,17.466858,5.1086316,2065
18294,r10i1p1f1,2065,02,01,0.0,17.333372,5.567933,2065
18295,r10i1p1f1,2065,02,02,0.0,18.945732,6.4478855,2065
18296,r10i1p1f1,2065,02,03,0.0,20.151556,8.021374,2065
18297,r10i1p1f1,2065,02,04,0.0,21.467981,8.788587,2065
18298,r10i1p1f1,2065,02,05,0.0,22.871504,7.722791,2065
18299,r10i1p1f1,2065,02,06,0.0,22.28767,8.344078,2065
18300,r10i1p1f1,2065,02,07,0.0,21.042854,5.8333583,2065
18301,r10i1p1f1,2065,02,08,0.0,22.585222,6.9440002,2065
18302,r10i1p1f1,2065,02,09,0.0,21.678885,8.588268,2065
18303,r10i1p1f1,2065,02,10,19.00890806573443,16.622372,4.4144545,2065
18304,r10i1p1f1,2065,02,11,15.091999411417515,7.276001,2.8557303,2065
18305,r10i1p1f1,2065,02,12,0.0,13.549652,-0.20088437,2065
18306,r10i1p1f1,2065,02,13,0.6540132455771336,12.499196,2.6843836,2065
18307,r10i1p1f1,2065,02,14,0.0,12.197056,-0.21736325,2065
18308,r10i1p1f1,2065,02,15,0.0,13.612899,0.051724084,2065
18309,r10i1p1f1,2065,02,16,0.0,14.460681,0.8131834,2065
18310,r10i1p1f1,2065,02,17,0.0,14.6549635,1.3409125,2065
18311,r10i1p1f1,2065,02,18,0.0,13.811255,1.6537663,2065
18312,r10i1p1f1,2065,02,19,0.0,13.552034,1.4234681,2065
18313,r10i1p1f1,2065,02,20,0.0,16.467249,3.6400106,2065
18314,r10i1p1f1,2065,02,21,0.0,20.374765,6.508231,2065
18315,r10i1p1f1,2065,02,22,0.0,22.979967,10.0255785,2065
18316,r10i1p1f1,2065,02,23,0.0,23.481928,8.865024,2065
18317,r10i1p1f1,2065,02,24,0.0,23.455978,9.516974,2065
18318,r10i1p1f1,2065,02,25,0.0,23.09049,8.486753,2065
18319,r10i1p1f1,2065,02,26,0.0,22.30829,9.350264,2065
18320,r10i1p1f1,2065,02,27,0.0,20.610703,7.0193233,2065
18321,r10i1p1f1,2065,02,28,0.0,19.594704,5.9266977,2065
18322,r10i1p1f1,2065,03,01,0.0,19.028471,3.4614468,2065
18323,r10i1p1f1,2065,03,02,1.020183866464657,14.782416,1.5551324,2065
18324,r10i1p1f1,2065,03,03,10.76616221704937,11.464169,2.76979,2065
18325,r10i1p1f1,2065,03,04,0.0,16.419273,2.1128058,2065
18326,r10i1p1f1,2065,03,05,0.0,16.047049,4.4526978,2065
18327,r10i1p1f1,2065,03,06,5.541117045140709,13.8104925,4.8537507,2065
18328,r10i1p1f1,2065,03,07,22.979256923702593,10.284576,3.982909,2065
18329,r10i1p1f1,2065,03,08,0.0,14.836952,1.8368946,2065
18330,r10i1p1f1,2065,03,09,0.0,21.513899,4.470201,2065
18331,r10i1p1f1,2065,03,10,0.0,22.695745,7.307611,2065
18332,r10i1p1f1,2065,03,11,0.0,24.260872,9.176052,2065
18333,r10i1p1f1,2065,03,12,0.0,27.824965,10.952029,2065
18334,r10i1p1f1,2065,03,13,0.0,28.012943,11.710754,2065
18335,r10i1p1f1,2065,03,14,0.0,30.55163,11.934382,2065
18336,r10i1p1f1,2065,03,15,0.0,31.004644,13.799943,2065
18337,r10i1p1f1,2065,03,16,0.0,31.997507,14.128456,2065
18338,r10i1p1f1,2065,03,17,0.0,32.867195,14.204047,2065
18339,r10i1p1f1,2065,03,18,0.0,33.156242,15.440155,2065
18340,r10i1p1f1,2065,03,19,0.0,33.058224,17.012253,2065
18341,r10i1p1f1,2065,03,20,0.0,32.21825,15.683547,2065
18342,r10i1p1f1,2065,03,21,0.0,31.339867,13.697571,2065
18343,r10i1p1f1,2065,03,22,0.0,27.645023,14.53049,2065
18344,r10i1p1f1,2065,03,23,0.0,22.464027,8.194063,2065
18345,r10i1p1f1,2065,03,24,0.0,14.9539795,7.3922634,2065
18346,r10i1p1f1,2065,03,25,7.424337195583289,13.384886,6.2747145,2065
18347,r10i1p1f1,2065,03,26,19.511165382267023,11.454086,4.9990325,2065
18348,r10i1p1f1,2065,03,27,9.834014220809637,10.363811,4.204141,2065
18349,r10i1p1f1,2065,03,28,0.0,15.327433,2.8484936,2065
18350,r10i1p1f1,2065,03,29,0.0,16.68956,4.75833,2065
18351,r10i1p1f1,2065,03,30,0.0,24.108198,6.6123414,2065
18352,r10i1p1f1,2065,03,31,0.0,23.323837,9.910286,2065
18353,r10i1p1f1,2065,04,01,2.3768574941019134,17.510199,6.058606,2065
18354,r10i1p1f1,2065,04,02,0.0,16.420565,6.3379016,2065
18355,r10i1p1f1,2065,04,03,1.0699242409732266,16.181192,6.8225603,2065
18356,r10i1p1f1,2065,04,04,4.053460130327087,14.594424,9.341368,2065
18357,r10i1p1f1,2065,04,05,0.37529735076245024,19.356176,8.264,2065
18358,r10i1p1f1,2065,04,06,0.0,21.608162,10.543431,2065
18359,r10i1p1f1,2065,04,07,26.19450054342834,17.445196,2.4987938,2065
18360,r10i1p1f1,2065,04,08,0.0,15.714142,2.9581473,2065
18361,r10i1p1f1,2065,04,09,0.0,20.305511,2.4675822,2065
18362,r10i1p1f1,2065,04,10,0.0,19.88986,5.643776,2065
18363,r10i1p1f1,2065,04,11,0.0,16.493387,10.804066,2065
18364,r10i1p1f1,2065,04,12,31.703438676317763,14.256477,4.0845613,2065
18365,r10i1p1f1,2065,04,13,0.11806921356765088,14.505639,2.6782818,2065
18366,r10i1p1f1,2065,04,14,0.0,17.214575,2.7652187,2065
18367,r10i1p1f1,2065,04,15,0.0,20.199194,4.270914,2065
18368,r10i1p1f1,2065,04,16,0.0,20.202917,7.206198,2065
18369,r10i1p1f1,2065,04,17,0.0,18.541649,7.1954803,2065
18370,r10i1p1f1,2065,04,18,0.0,22.820541,8.589607,2065
18371,r10i1p1f1,2065,04,19,0.0,29.755564,12.049498,2065
18372,r10i1p1f1,2065,04,20,0.0,30.061176,13.996951,2065
18373,r10i1p1f1,2065,04,21,0.0,28.364601,13.733816,2065
18374,r10i1p1f1,2065,04,22,0.0,25.105835,8.949293,2065
18375,r10i1p1f1,2065,04,23,0.0,30.702557,15.661166,2065
18376,r10i1p1f1,2065,04,24,0.0,31.543402,16.628454,2065
18377,r10i1p1f1,2065,04,25,0.0,30.405146,16.28477,2065
18378,r10i1p1f1,2065,04,26,0.0,28.077581,13.703226,2065
18379,r10i1p1f1,2065,04,27,0.0,24.527245,11.514886,2065
18380,r10i1p1f1,2065,04,28,0.0,25.498083,12.541762,2065
18381,r10i1p1f1,2065,04,29,0.0,29.773579,11.629758,2065
18382,r10i1p1f1,2065,04,30,0.0,31.111029,14.1527405,2065
18383,r10i1p1f1,2065,05,01,0.0,31.684927,16.107616,2065
18384,r10i1p1f1,2065,05,02,0.0,30.910368,17.794579,2065
18385,r10i1p1f1,2065,05,03,0.0,28.057838,14.018538,2065
18386,r10i1p1f1,2065,05,04,0.03033281373781823,21.322975,7.898177,2065
18387,r10i1p1f1,2065,05,05,0.08214804021056472,23.6621,9.710744,2065
18388,r10i1p1f1,2065,05,06,0.0,25.66087,10.509606,2065
18389,r10i1p1f1,2065,05,07,0.0,28.974003,13.10476,2065
18390,r10i1p1f1,2065,05,08,0.0,29.469074,15.162483,2065
18391,r10i1p1f1,2065,05,09,0.0,27.865658,12.86937,2065
18392,r10i1p1f1,2065,05,10,0.0,28.577398,14.196663,2065
18393,r10i1p1f1,2065,05,11,0.7252931640090011,26.026976,10.960303,2065
18394,r10i1p1f1,2065,05,12,0.0,18.700796,6.0924797,2065
18395,r10i1p1f1,2065,05,13,0.0,18.050129,3.656034,2065
18396,r10i1p1f1,2065,05,14,0.0,19.60068,4.374224,2065
18397,r10i1p1f1,2065,05,15,0.0,24.835878,7.7059364,2065
18398,r10i1p1f1,2065,05,16,0.0,29.55808,13.022708,2065
18399,r10i1p1f1,2065,05,17,0.0,32.125843,16.781712,2065
18400,r10i1p1f1,2065,05,18,0.0,33.90168,16.58755,2065
18401,r10i1p1f1,2065,05,19,0.0,33.991985,17.600271,2065
18402,r10i1p1f1,2065,05,20,0.2982536255378938,29.460388,14.3419,2065
18403,r10i1p1f1,2065,05,21,0.0,33.53651,17.659853,2065
18404,r10i1p1f1,2065,05,22,0.0,35.237034,17.934402,2065
18405,r10i1p1f1,2065,05,23,0.0,33.932285,16.941648,2065
18406,r10i1p1f1,2065,05,24,0.0,33.0716,16.17679,2065
18407,r10i1p1f1,2065,05,25,0.0,32.180077,17.328505,2065
18408,r10i1p1f1,2065,05,26,0.0,27.481709,13.186439,2065
18409,r10i1p1f1,2065,05,27,0.0,23.99819,9.422114,2065
18410,r10i1p1f1,2065,05,28,0.0,23.696524,7.9668427,2065
18411,r10i1p1f1,2065,05,29,0.0,23.743843,8.0305605,2065
18412,r10i1p1f1,2065,05,30,0.0,28.515568,10.290076,2065
18413,r10i1p1f1,2065,05,31,0.0,34.3228,15.577465,2065
18414,r10i1p1f1,2065,06,01,0.0,37.27749,18.096458,2065
18415,r10i1p1f1,2065,06,02,0.0,39.11771,19.81446,2065
18416,r10i1p1f1,2065,06,03,0.0,40.501606,21.744833,2065
18417,r10i1p1f1,2065,06,04,0.0,40.46385,21.115116,2065
18418,r10i1p1f1,2065,06,05,0.0,39.79257,20.268,2065
18419,r10i1p1f1,2065,06,06,0.0,38.445248,22.045967,2065
18420,r10i1p1f1,2065,06,07,0.0,36.14958,17.457571,2065
18421,r10i1p1f1,2065,06,08,0.0,30.591434,13.178401,2065
18422,r10i1p1f1,2065,06,09,0.0,32.09117,15.742735,2065
18423,r10i1p1f1,2065,06,10,0.0,30.514765,16.915016,2065
18424,r10i1p1f1,2065,06,11,0.0,27.845318,12.099539,2065
18425,r10i1p1f1,2065,06,12,0.0,27.46204,11.180733,2065
18426,r10i1p1f1,2065,06,13,0.0,23.302467,7.0250583,2065
18427,r10i1p1f1,2065,06,14,0.0,21.82651,6.358072,2065
18428,r10i1p1f1,2065,06,15,0.0,25.92568,9.317695,2065
18429,r10i1p1f1,2065,06,16,0.0,30.871546,10.84359,2065
18430,r10i1p1f1,2065,06,17,0.0,33.32477,14.350454,2065
18431,r10i1p1f1,2065,06,18,0.0,32.251274,15.524663,2065
18432,r10i1p1f1,2065,06,19,0.0,33.13039,15.097229,2065
18433,r10i1p1f1,2065,06,20,0.0,36.65617,17.5146,2065
18434,r10i1p1f1,2065,06,21,0.0,40.190536,22.041475,2065
18435,r10i1p1f1,2065,06,22,0.0,41.266476,22.831646,2065
18436,r10i1p1f1,2065,06,23,0.0,42.109684,23.028187,2065
18437,r10i1p1f1,2065,06,24,0.0,42.773968,24.477228,2065
18438,r10i1p1f1,2065,06,25,0.0,42.50912,24.887209,2065
18439,r10i1p1f1,2065,06,26,0.0,41.83392,22.965551,2065
18440,r10i1p1f1,2065,06,27,0.0,39.993416,21.754269,2065
18441,r10i1p1f1,2065,06,28,0.0,36.96372,21.109247,2065
18442,r10i1p1f1,2065,06,29,0.0,36.747124,20.046473,2065
18443,r10i1p1f1,2065,06,30,0.0,32.9916,17.379204,2065
18444,r10i1p1f1,2065,07,01,0.0,31.459732,16.184341,2065
18445,r10i1p1f1,2065,07,02,0.0,34.97703,17.362616,2065
18446,r10i1p1f1,2065,07,03,0.0,37.12719,18.730366,2065
18447,r10i1p1f1,2065,07,04,0.0,36.32521,18.839848,2065
18448,r10i1p1f1,2065,07,05,0.0,33.299065,15.562683,2065
18449,r10i1p1f1,2065,07,06,0.0,35.37406,16.9414,2065
18450,r10i1p1f1,2065,07,07,0.0,37.105232,18.24122,2065
18451,r10i1p1f1,2065,07,08,0.0,36.37971,18.426054,2065
18452,r10i1p1f1,2065,07,09,0.0,33.64483,16.199581,2065
18453,r10i1p1f1,2065,07,10,0.0,33.779224,16.241074,2065
18454,r10i1p1f1,2065,07,11,0.0,37.163486,18.090714,2065
18455,r10i1p1f1,2065,07,12,0.0,39.58741,20.660164,2065
18456,r10i1p1f1,2065,07,13,0.0,39.971603,21.071693,2065
18457,r10i1p1f1,2065,07,14,0.0,39.02728,20.156862,2065
18458,r10i1p1f1,2065,07,15,0.0,37.84624,19.682722,2065
18459,r10i1p1f1,2065,07,16,0.0,37.59824,18.813005,2065
18460,r10i1p1f1,2065,07,17,0.0,37.625755,19.319315,2065
18461,r10i1p1f1,2065,07,18,0.0,37.53712,19.163492,2065
18462,r10i1p1f1,2065,07,19,0.0,36.97291,18.94415,2065
18463,r10i1p1f1,2065,07,20,0.0,37.300243,18.826696,2065
18464,r10i1p1f1,2065,07,21,0.0,41.294186,22.685293,2065
18465,r10i1p1f1,2065,07,22,0.0,44.08623,25.13262,2065
18466,r10i1p1f1,2065,07,23,0.0,43.689877,24.941076,2065
18467,r10i1p1f1,2065,07,24,0.0,43.58679,24.965784,2065
18468,r10i1p1f1,2065,07,25,0.0,41.94154,25.404877,2065
18469,r10i1p1f1,2065,07,26,0.0,40.18593,21.34167,2065
18470,r10i1p1f1,2065,07,27,0.0,35.46357,18.137712,2065
18471,r10i1p1f1,2065,07,28,0.0,34.15434,16.525318,2065
18472,r10i1p1f1,2065,07,29,0.0,33.89577,16.390213,2065
18473,r10i1p1f1,2065,07,30,0.0,34.567055,16.85114,2065
18474,r10i1p1f1,2065,07,31,0.0,36.418606,18.70082,2065
18475,r10i1p1f1,2065,08,01,0.0,38.33063,19.625208,2065
18476,r10i1p1f1,2065,08,02,0.0,41.573437,22.27537,2065
18477,r10i1p1f1,2065,08,03,0.0,41.61813,21.703547,2065
18478,r10i1p1f1,2065,08,04,0.0,38.758324,19.81103,2065
18479,r10i1p1f1,2065,08,05,0.0,33.344532,15.326228,2065
18480,r10i1p1f1,2065,08,06,0.0,32.37075,15.128411,2065
18481,r10i1p1f1,2065,08,07,0.0,34.89605,16.372492,2065
18482,r10i1p1f1,2065,08,08,0.0,37.7821,18.588072,2065
18483,r10i1p1f1,2065,08,09,0.0,37.309704,19.660172,2065
18484,r10i1p1f1,2065,08,10,0.0,36.342236,18.281702,2065
18485,r10i1p1f1,2065,08,11,0.0,39.64457,20.220825,2065
18486,r10i1p1f1,2065,08,12,0.0,39.986946,21.33698,2065
18487,r10i1p1f1,2065,08,13,0.0,39.687645,21.53569,2065
18488,r10i1p1f1,2065,08,14,0.0,39.051094,20.584759,2065
18489,r10i1p1f1,2065,08,15,0.0,37.24233,19.323057,2065
18490,r10i1p1f1,2065,08,16,0.0,38.911762,20.468277,2065
18491,r10i1p1f1,2065,08,17,0.0,38.202694,20.524084,2065
18492,r10i1p1f1,2065,08,18,0.0,38.006596,20.543798,2065
18493,r10i1p1f1,2065,08,19,0.0,37.502758,20.51647,2065
18494,r10i1p1f1,2065,08,20,0.0,34.760555,16.81315,2065
18495,r10i1p1f1,2065,08,21,0.0,35.218613,16.774963,2065
18496,r10i1p1f1,2065,08,22,0.0,35.79382,19.026213,2065
18497,r10i1p1f1,2065,08,23,0.0,35.579845,19.384295,2065
18498,r10i1p1f1,2065,08,24,0.0,31.596474,14.25682,2065
18499,r10i1p1f1,2065,08,25,0.0,19.940735,6.6118164,2065
18500,r10i1p1f1,2065,08,26,0.0,24.197243,6.4860873,2065
18501,r10i1p1f1,2065,08,27,0.0,28.089745,11.525091,2065
18502,r10i1p1f1,2065,08,28,0.0,29.197186,11.711978,2065
18503,r10i1p1f1,2065,08,29,0.0,34.04526,15.563683,2065
18504,r10i1p1f1,2065,08,30,0.0,33.171265,16.903303,2065
18505,r10i1p1f1,2065,08,31,0.0,32.250866,15.051735,2065
18506,r10i1p1f1,2065,09,01,0.0,33.330765,15.9155245,2065
18507,r10i1p1f1,2065,09,02,0.0,36.558464,18.92312,2065
18508,r10i1p1f1,2065,09,03,0.0,37.098625,19.750008,2065
18509,r10i1p1f1,2065,09,04,0.0,37.33574,18.996696,2065
18510,r10i1p1f1,2065,09,05,0.0,36.40682,19.564661,2065
18511,r10i1p1f1,2065,09,06,0.0,33.553513,15.822777,2065
18512,r10i1p1f1,2065,09,07,0.0,33.52026,15.881131,2065
18513,r10i1p1f1,2065,09,08,0.0,34.05494,16.397856,2065
18514,r10i1p1f1,2065,09,09,0.0,33.370705,16.532173,2065
18515,r10i1p1f1,2065,09,10,0.0,33.196297,15.9320965,2065
18516,r10i1p1f1,2065,09,11,0.0,32.210583,16.198784,2065
18517,r10i1p1f1,2065,09,12,0.0,37.133186,18.978207,2065
18518,r10i1p1f1,2065,09,13,0.0,38.83888,23.927814,2065
18519,r10i1p1f1,2065,09,14,0.0,39.319904,21.948313,2065
18520,r10i1p1f1,2065,09,15,0.0,37.94112,20.431509,2065
18521,r10i1p1f1,2065,09,16,0.0,33.28307,20.60098,2065
18522,r10i1p1f1,2065,09,17,0.0766346417788698,29.091755,17.109383,2065
18523,r10i1p1f1,2065,09,18,0.0,32.757328,16.974016,2065
18524,r10i1p1f1,2065,09,19,0.0,32.484188,14.504073,2065
18525,r10i1p1f1,2065,09,20,0.0,30.046217,16.722672,2065
18526,r10i1p1f1,2065,09,21,0.0,26.122238,12.722359,2065
18527,r10i1p1f1,2065,09,22,0.0,31.294264,13.240375,2065
18528,r10i1p1f1,2065,09,23,0.0,31.051195,16.59226,2065
18529,r10i1p1f1,2065,09,24,0.0,29.38684,14.256038,2065
18530,r10i1p1f1,2065,09,25,0.0,27.60366,12.57588,2065
18531,r10i1p1f1,2065,09,26,0.0,24.89379,9.34717,2065
18532,r10i1p1f1,2065,09,27,0.0,26.538162,9.178372,2065
18533,r10i1p1f1,2065,09,28,0.0,32.352116,15.725088,2065
18534,r10i1p1f1,2065,09,29,0.0,35.37963,17.443842,2065
18535,r10i1p1f1,2065,09,30,0.0,37.02079,20.170368,2065
18536,r10i1p1f1,2065,10,01,0.0,36.46731,19.887215,2065
18537,r10i1p1f1,2065,10,02,0.0,36.219124,18.647669,2065
18538,r10i1p1f1,2065,10,03,0.0,35.22696,19.196024,2065
18539,r10i1p1f1,2065,10,04,0.0,33.82852,17.613413,2065
18540,r10i1p1f1,2065,10,05,0.0,30.313593,15.983718,2065
18541,r10i1p1f1,2065,10,06,0.0,28.001154,14.237711,2065
18542,r10i1p1f1,2065,10,07,0.0,34.315098,16.561874,2065
18543,r10i1p1f1,2065,10,08,0.0,35.61908,18.639801,2065
18544,r10i1p1f1,2065,10,09,0.0,35.151123,19.178566,2065
18545,r10i1p1f1,2065,10,10,0.0,32.99402,20.493795,2065
18546,r10i1p1f1,2065,10,11,0.0,28.84397,14.720947,2065
18547,r10i1p1f1,2065,10,12,0.0,28.3469,9.878063,2065
18548,r10i1p1f1,2065,10,13,0.0,28.457678,12.80977,2065
18549,r10i1p1f1,2065,10,14,0.0,30.232193,14.251958,2065
18550,r10i1p1f1,2065,10,15,0.0,32.235672,17.450384,2065
18551,r10i1p1f1,2065,10,16,0.0,33.6126,14.8912115,2065
18552,r10i1p1f1,2065,10,17,0.0,31.089346,17.140532,2065
18553,r10i1p1f1,2065,10,18,0.0,30.527685,15.967012,2065
18554,r10i1p1f1,2065,10,19,0.0,30.667128,13.950425,2065
18555,r10i1p1f1,2065,10,20,0.0,30.525038,12.465358,2065
18556,r10i1p1f1,2065,10,21,0.0,28.970919,16.356775,2065
18557,r10i1p1f1,2065,10,22,0.0,27.590773,16.437506,2065
18558,r10i1p1f1,2065,10,23,1.1292745057672666,25.048857,9.929784,2065
18559,r10i1p1f1,2065,10,24,0.0,25.217623,10.323036,2065
18560,r10i1p1f1,2065,10,25,0.0,28.08915,12.190154,2065
18561,r10i1p1f1,2065,10,26,0.0,26.65415,14.260498,2065
18562,r10i1p1f1,2065,10,27,3.712648328713074,25.630024,11.515858,2065
18563,r10i1p1f1,2065,10,28,8.700881194190993,18.936184,10.314585,2065
18564,r10i1p1f1,2065,10,29,0.0353132972840716,18.291641,7.293348,2065
18565,r10i1p1f1,2065,10,30,0.0,18.972416,7.0289516,2065
18566,r10i1p1f1,2065,10,31,0.0,19.03689,5.4763346,2065
18567,r10i1p1f1,2065,11,01,6.9936864981795415,18.888727,8.1816025,2065
18568,r10i1p1f1,2065,11,02,42.03196174318069,16.814629,10.073361,2065
18569,r10i1p1f1,2065,11,03,54.25016071867982,17.597145,8.424964,2065
18570,r10i1p1f1,2065,11,04,9.913686485493887,12.225116,5.298104,2065
18571,r10i1p1f1,2065,11,05,3.106501043567421,11.507282,5.5402317,2065
18572,r10i1p1f1,2065,11,06,0.0,12.901577,0.93554145,2065
18573,r10i1p1f1,2065,11,07,0.0,12.101496,0.2654949,2065
18574,r10i1p1f1,2065,11,08,0.0,15.109359,0.6089082,2065
18575,r10i1p1f1,2065,11,09,0.0,15.704421,1.167663,2065
18576,r10i1p1f1,2065,11,10,0.0,13.921014,2.747418,2065
18577,r10i1p1f1,2065,11,11,0.638997923277585,14.132254,4.6762075,2065
18578,r10i1p1f1,2065,11,12,4.195146633441925,14.751799,7.0069237,2065
18579,r10i1p1f1,2065,11,13,3.0937475218276007,20.534513,8.344365,2065
18580,r10i1p1f1,2065,11,14,0.0,18.033768,6.3806787,2065
18581,r10i1p1f1,2065,11,15,24.82666703045221,18.289423,12.4864235,2065
18582,r10i1p1f1,2065,11,16,12.590533068922875,15.367653,9.220093,2065
18583,r10i1p1f1,2065,11,17,1.6068794812733693,12.578712,5.205048,2065
18584,r10i1p1f1,2065,11,18,0.24291170367704532,14.154604,1.8434936,2065
18585,r10i1p1f1,2065,11,19,0.8543079707842002,13.718091,4.465535,2065
18586,r10i1p1f1,2065,11,20,0.0,14.574675,2.3501027,2065
18587,r10i1p1f1,2065,11,21,0.0,13.941078,1.4526943,2065
18588,r10i1p1f1,2065,11,22,0.0,14.84717,-0.06925141,2065
18589,r10i1p1f1,2065,11,23,0.0,14.844699,3.6533082,2065
18590,r10i1p1f1,2065,11,24,0.0,17.107502,4.097461,2065
18591,r10i1p1f1,2065,11,25,0.0,17.15657,5.2942367,2065
18592,r10i1p1f1,2065,11,26,28.773909495947393,15.51508,6.7279963,2065
18593,r10i1p1f1,2065,11,27,52.404491795153405,14.686276,8.663446,2065
18594,r10i1p1f1,2065,11,28,34.32836840633842,13.160567,8.056979,2065
18595,r10i1p1f1,2065,11,29,0.910284263993258,16.456003,7.3737807,2065
18596,r10i1p1f1,2065,11,30,0.0,16.883307,2.6358674,2065
18597,r10i1p1f1,2065,12,01,0.0,17.017721,4.730349,2065
18598,r10i1p1f1,2065,12,02,0.0,17.213882,5.2818227,2065
18599,r10i1p1f1,2065,12,03,0.0,16.661491,4.6781363,2065
18600,r10i1p1f1,2065,12,04,0.0,18.629858,6.5606723,2065
18601,r10i1p1f1,2065,12,05,0.0,19.878977,8.240175,2065
18602,r10i1p1f1,2065,12,06,0.0,18.122396,8.485528,2065
18603,r10i1p1f1,2065,12,07,0.0,18.851587,8.728946,2065
18604,r10i1p1f1,2065,12,08,0.0,17.85808,5.8219666,2065
18605,r10i1p1f1,2065,12,09,0.0,17.220554,5.5679684,2065
18606,r10i1p1f1,2065,12,10,0.0,14.868856,3.9338474,2065
18607,r10i1p1f1,2065,12,11,0.0,11.882525,-0.07151955,2065
18608,r10i1p1f1,2065,12,12,0.0,7.4127927,-3.2974267,2065
18609,r10i1p1f1,2065,12,13,0.14806618442219732,5.6008973,-0.9313523,2065
18610,r10i1p1f1,2065,12,14,30.99597135197224,9.14898,2.4521902,2065
18611,r10i1p1f1,2065,12,15,23.234875517970835,9.07017,2.0116687,2065
18612,r10i1p1f1,2065,12,16,15.594238859193865,10.02523,2.874499,2065
18613,r10i1p1f1,2065,12,17,0.0,10.8026705,6.175731,2065
18614,r10i1p1f1,2065,12,18,9.207859648832757,10.781056,5.2909017,2065
18615,r10i1p1f1,2065,12,19,42.47861290473099,11.430621,5.016954,2065
18616,r10i1p1f1,2065,12,20,44.405342133005,9.931221,5.033475,2065
18617,r10i1p1f1,2065,12,21,21.613173142663744,10.89673,7.270213,2065
18618,r10i1p1f1,2065,12,22,0.0,15.125474,4.690062,2065
18619,r10i1p1f1,2065,12,23,0.0,15.836352,3.6415539,2065
18620,r10i1p1f1,2065,12,24,0.0,17.915394,6.340889,2065
18621,r10i1p1f1,2065,12,25,0.0,16.46067,4.452995,2065
18622,r10i1p1f1,2065,12,26,0.0,15.161276,4.62922,2065
18623,r10i1p1f1,2065,12,27,0.0,14.768954,6.13547,2065
18624,r10i1p1f1,2065,12,28,0.0,20.699102,8.756005,2065
18625,r10i1p1f1,2065,12,29,0.0,19.416101,7.8854747,2065
18626,r10i1p1f1,2065,12,30,0.0,20.072454,8.144742,2065
18627,r10i1p1f1,2065,12,31,0.0,19.361403,7.022652,2065
18628,r10i1p1f1,2066,01,01,0.0,18.18966,6.966074,2066
18629,r10i1p1f1,2066,01,02,9.223325761482364,17.243275,8.579595,2066
18630,r10i1p1f1,2066,01,03,0.0,15.072714,5.626734,2066
18631,r10i1p1f1,2066,01,04,1.2416392395858853,13.52939,8.443413,2066
18632,r10i1p1f1,2066,01,05,1.2049041059383039,12.30639,7.2491093,2066
18633,r10i1p1f1,2066,01,06,11.30182207669254,10.904275,3.7976637,2066
18634,r10i1p1f1,2066,01,07,0.08642412511012242,10.5390215,5.0475254,2066
18635,r10i1p1f1,2066,01,08,0.0,11.330099,3.43606,2066
18636,r10i1p1f1,2066,01,09,70.62836393689443,9.365781,2.6540554,2066
18637,r10i1p1f1,2066,01,10,3.1119882164076493,10.757654,3.1810462,2066
18638,r10i1p1f1,2066,01,11,26.54743428666782,9.160268,0.3628849,2066
18639,r10i1p1f1,2066,01,12,13.11233897331955,7.4825044,2.095733,2066
18640,r10i1p1f1,2066,01,13,22.04952787854525,9.773378,-0.5283253,2066
18641,r10i1p1f1,2066,01,14,0.003673974659154498,6.5358605,1.1524115,2066
18642,r10i1p1f1,2066,01,15,22.751593257233157,4.9110293,-1.5118675,2066
18643,r10i1p1f1,2066,01,16,65.90580507549213,11.88211,0.9460028,2066
18644,r10i1p1f1,2066,01,17,1.7258063266413763,8.296772,3.9897244,2066
18645,r10i1p1f1,2066,01,18,0.0,6.206086,1.815313,2066
18646,r10i1p1f1,2066,01,19,0.0,11.827132,-0.07860345,2066
18647,r10i1p1f1,2066,01,20,0.0,10.765988,-1.4348567,2066
18648,r10i1p1f1,2066,01,21,1.9612729778624558,8.158142,2.2245286,2066
18649,r10i1p1f1,2066,01,22,42.758885461003764,6.855593,3.8312232,2066
18650,r10i1p1f1,2066,01,23,0.0,9.909678,0.66484493,2066
18651,r10i1p1f1,2066,01,24,0.0,13.194226,2.0366306,2066
18652,r10i1p1f1,2066,01,25,0.0,13.353398,2.2172344,2066
18653,r10i1p1f1,2066,01,26,0.17849553585524278,11.382716,2.3786173,2066
18654,r10i1p1f1,2066,01,27,0.0,14.016599,1.4683677,2066
18655,r10i1p1f1,2066,01,28,0.0,14.195685,1.0042044,2066
18656,r10i1p1f1,2066,01,29,0.0,16.68158,3.2202685,2066
18657,r10i1p1f1,2066,01,30,0.0,16.568138,4.95512,2066
18658,r10i1p1f1,2066,01,31,0.0,13.490588,2.2478275,2066
18659,r10i1p1f1,2066,02,01,1.2279009176716882,11.969165,4.3357625,2066
18660,r10i1p1f1,2066,02,02,20.20272046027362,10.478706,3.2885628,2066
18661,r10i1p1f1,2066,02,03,1.68464964634902,11.764449,2.1216366,2066
18662,r10i1p1f1,2066,02,04,0.0,13.239032,3.0559998,2066
18663,r10i1p1f1,2066,02,05,16.5481312975508,10.034497,4.701195,2066
18664,r10i1p1f1,2066,02,06,5.578644782609014,9.403829,2.205674,2066
18665,r10i1p1f1,2066,02,07,0.0,11.210616,-0.30994055,2066
18666,r10i1p1f1,2066,02,08,0.0,14.855542,2.1077943,2066
18667,r10i1p1f1,2066,02,09,0.0,12.636642,1.3813679,2066
18668,r10i1p1f1,2066,02,10,0.0,12.374579,1.121314,2066
18669,r10i1p1f1,2066,02,11,0.0,11.304873,-0.11157106,2066
18670,r10i1p1f1,2066,02,12,0.0,10.9978695,-1.1974931,2066
18671,r10i1p1f1,2066,02,13,0.1782008923352183,10.619004,0.25792012,2066
18672,r10i1p1f1,2066,02,14,0.0,7.6966715,-1.4445897,2066
18673,r10i1p1f1,2066,02,15,0.9076826404333062,5.650293,-0.83221817,2066
18674,r10i1p1f1,2066,02,16,0.0,8.411457,-2.3836792,2066
18675,r10i1p1f1,2066,02,17,0.0,8.8786955,-3.251985,2066
18676,r10i1p1f1,2066,02,18,1.5081001092432034,9.013751,-1.1795628,2066
18677,r10i1p1f1,2066,02,19,0.0,6.9334626,-6.037456,2066
18678,r10i1p1f1,2066,02,20,1.88370866161868,5.2225733,-5.4536953,2066
18679,r10i1p1f1,2066,02,21,12.918675850500891,5.4061265,-1.2408863,2066
18680,r10i1p1f1,2066,02,22,10.324653317940445,8.957008,-0.16148476,2066
18681,r10i1p1f1,2066,02,23,4.475802732093526,10.447896,5.414339,2066
18682,r10i1p1f1,2066,02,24,21.560801646142192,9.881487,3.4750724,2066
18683,r10i1p1f1,2066,02,25,0.37390636380702125,10.602382,4.4156227,2066
18684,r10i1p1f1,2066,02,26,0.0,15.272723,1.8446054,2066
18685,r10i1p1f1,2066,02,27,0.0,15.291316,4.6181893,2066
18686,r10i1p1f1,2066,02,28,13.72847498798939,11.768078,2.6913815,2066
18687,r10i1p1f1,2066,03,01,14.186082879620555,9.014085,1.8901349,2066
18688,r10i1p1f1,2066,03,02,31.128878180721873,10.757383,2.4809496,2066
18689,r10i1p1f1,2066,03,03,0.814444070630615,10.657272,4.8013225,2066
18690,r10i1p1f1,2066,03,04,0.15870091471673445,14.845597,3.0240872,2066
18691,r10i1p1f1,2066,03,05,0.0,14.117568,2.7236202,2066
18692,r10i1p1f1,2066,03,06,0.0,12.05475,0.04308078,2066
18693,r10i1p1f1,2066,03,07,0.38275268102312876,11.385843,-0.5956082,2066
18694,r10i1p1f1,2066,03,08,0.0,12.643694,0.0917509,2066
18695,r10i1p1f1,2066,03,09,6.395184561628604,11.457083,1.5927294,2066
18696,r10i1p1f1,2066,03,10,7.590375874707733,13.746407,5.6478157,2066
18697,r10i1p1f1,2066,03,11,27.85491224877708,13.356197,7.0138,2066
18698,r10i1p1f1,2066,03,12,34.86208265806597,11.397349,5.402796,2066
18699,r10i1p1f1,2066,03,13,15.076943461271616,10.221946,4.0761957,2066
18700,r10i1p1f1,2066,03,14,0.0,17.357292,2.3332493,2066
18701,r10i1p1f1,2066,03,15,0.0,17.781088,6.745229,2066
18702,r10i1p1f1,2066,03,16,0.0,24.479488,9.531603,2066
18703,r10i1p1f1,2066,03,17,0.4948221363137188,21.221943,8.736133,2066
18704,r10i1p1f1,2066,03,18,4.246556520344089,16.67778,9.254404,2066
18705,r10i1p1f1,2066,03,19,0.0,16.427305,2.8810596,2066
18706,r10i1p1f1,2066,03,20,0.0,21.070541,6.775622,2066
18707,r10i1p1f1,2066,03,21,0.0,22.052515,6.5862336,2066
18708,r10i1p1f1,2066,03,22,0.0,23.904438,8.429557,2066
18709,r10i1p1f1,2066,03,23,0.0,23.514563,8.306654,2066
18710,r10i1p1f1,2066,03,24,0.0,21.804224,6.4076777,2066
18711,r10i1p1f1,2066,03,25,0.0,22.092442,8.046312,2066
18712,r10i1p1f1,2066,03,26,0.0,21.02381,8.39448,2066
18713,r10i1p1f1,2066,03,27,0.0,19.522114,6.2092795,2066
18714,r10i1p1f1,2066,03,28,0.037145176956025684,20.792353,5.949093,2066
18715,r10i1p1f1,2066,03,29,0.0,24.381262,7.7299614,2066
18716,r10i1p1f1,2066,03,30,0.0,28.40632,8.879424,2066
18717,r10i1p1f1,2066,03,31,0.0,27.456923,11.492035,2066
18718,r10i1p1f1,2066,04,01,0.0,26.656586,12.228554,2066
18719,r10i1p1f1,2066,04,02,0.0,18.205683,2.8820753,2066
18720,r10i1p1f1,2066,04,03,0.0,13.928242,1.8156469,2066
18721,r10i1p1f1,2066,04,04,0.06466244843690411,14.915668,0.82201123,2066
18722,r10i1p1f1,2066,04,05,5.794151938952334,14.109652,0.31725252,2066
18723,r10i1p1f1,2066,04,06,54.56595450125047,13.117444,3.9727566,2066
18724,r10i1p1f1,2066,04,07,10.484764756294776,13.597624,6.2378926,2066
18725,r10i1p1f1,2066,04,08,1.7123379036140824,11.122909,4.522112,2066
18726,r10i1p1f1,2066,04,09,0.0,15.898829,2.21632,2066
18727,r10i1p1f1,2066,04,10,9.751707281324535,15.260771,5.3076596,2066
18728,r10i1p1f1,2066,04,11,35.89533250518511,13.882831,6.3680916,2066
18729,r10i1p1f1,2066,04,12,0.12657109013832124,13.694776,1.7911911,2066
18730,r10i1p1f1,2066,04,13,0.0,16.170517,1.4687992,2066
18731,r10i1p1f1,2066,04,14,0.0,17.279068,4.133875,2066
18732,r10i1p1f1,2066,04,15,0.0,18.788803,3.0109327,2066
18733,r10i1p1f1,2066,04,16,0.0,20.354815,5.0739503,2066
18734,r10i1p1f1,2066,04,17,0.0,19.622385,6.442121,2066
18735,r10i1p1f1,2066,04,18,0.0,24.348404,8.309741,2066
18736,r10i1p1f1,2066,04,19,0.0,27.163626,11.350949,2066
18737,r10i1p1f1,2066,04,20,0.0,27.343975,14.38607,2066
18738,r10i1p1f1,2066,04,21,0.0,24.701815,11.649233,2066
18739,r10i1p1f1,2066,04,22,0.0,26.474031,10.979097,2066
18740,r10i1p1f1,2066,04,23,0.0,26.387363,10.611817,2066
18741,r10i1p1f1,2066,04,24,0.0,30.045588,11.805144,2066
18742,r10i1p1f1,2066,04,25,0.0,28.827341,14.097471,2066
18743,r10i1p1f1,2066,04,26,0.0,26.675734,13.4565325,2066
18744,r10i1p1f1,2066,04,27,0.0,22.909044,10.29872,2066
18745,r10i1p1f1,2066,04,28,0.0,22.353718,9.640347,2066
18746,r10i1p1f1,2066,04,29,0.0,23.181734,8.880878,2066
18747,r10i1p1f1,2066,04,30,0.0,27.916273,10.680091,2066
18748,r10i1p1f1,2066,05,01,0.0,29.12762,13.037728,2066
18749,r10i1p1f1,2066,05,02,0.0,27.45506,13.326127,2066
18750,r10i1p1f1,2066,05,03,0.0,23.500713,8.937648,2066
18751,r10i1p1f1,2066,05,04,0.0,23.963835,7.6758776,2066
18752,r10i1p1f1,2066,05,05,0.0,23.448187,7.848344,2066
18753,r10i1p1f1,2066,05,06,0.5243574909543799,21.69973,7.637985,2066
18754,r10i1p1f1,2066,05,07,2.4350909170415864,12.506218,7.206869,2066
18755,r10i1p1f1,2066,05,08,7.213369513039269,11.7027445,4.251632,2066
18756,r10i1p1f1,2066,05,09,0.0,20.164,6.056381,2066
18757,r10i1p1f1,2066,05,10,0.0,23.05661,6.9241543,2066
18758,r10i1p1f1,2066,05,11,0.0,22.650629,8.440669,2066
18759,r10i1p1f1,2066,05,12,0.0,21.129257,7.028547,2066
18760,r10i1p1f1,2066,05,13,0.0,20.678476,7.170429,2066
18761,r10i1p1f1,2066,05,14,0.0,16.862574,2.6076005,2066
18762,r10i1p1f1,2066,05,15,0.0,19.387964,3.1170409,2066
18763,r10i1p1f1,2066,05,16,0.0,23.998837,6.913384,2066
18764,r10i1p1f1,2066,05,17,0.0,28.144333,10.954107,2066
18765,r10i1p1f1,2066,05,18,0.0,31.381386,12.906924,2066
18766,r10i1p1f1,2066,05,19,0.0,32.249245,15.883953,2066
18767,r10i1p1f1,2066,05,20,0.0,31.65607,15.656978,2066
18768,r10i1p1f1,2066,05,21,0.0,28.836329,14.96897,2066
18769,r10i1p1f1,2066,05,22,0.0,24.192764,9.235025,2066
18770,r10i1p1f1,2066,05,23,0.11285581989030011,18.097826,3.6585395,2066
18771,r10i1p1f1,2066,05,24,0.0,24.545485,5.7537384,2066
18772,r10i1p1f1,2066,05,25,0.0,29.178255,10.868262,2066
18773,r10i1p1f1,2066,05,26,0.0,31.72222,14.186488,2066
18774,r10i1p1f1,2066,05,27,0.0,31.40697,14.918631,2066
18775,r10i1p1f1,2066,05,28,0.0,30.105211,14.436883,2066
18776,r10i1p1f1,2066,05,29,0.0,24.017603,10.008385,2066
18777,r10i1p1f1,2066,05,30,0.0,27.97521,11.3156,2066
18778,r10i1p1f1,2066,05,31,0.0,30.519423,13.313732,2066
18779,r10i1p1f1,2066,06,01,0.0,29.241098,14.261362,2066
18780,r10i1p1f1,2066,06,02,0.0,25.483358,8.426837,2066
18781,r10i1p1f1,2066,06,03,0.0,29.622478,13.0908575,2066
18782,r10i1p1f1,2066,06,04,0.0,29.042496,12.548764,2066
18783,r10i1p1f1,2066,06,05,0.0,25.664545,11.277205,2066
18784,r10i1p1f1,2066,06,06,0.0,21.661182,7.6478987,2066
18785,r10i1p1f1,2066,06,07,0.0,25.63754,8.548582,2066
18786,r10i1p1f1,2066,06,08,0.0,30.411964,12.487194,2066
18787,r10i1p1f1,2066,06,09,0.0,31.288599,14.868267,2066
18788,r10i1p1f1,2066,06,10,0.0,32.049686,15.33375,2066
18789,r10i1p1f1,2066,06,11,0.0,31.702631,15.679932,2066
18790,r10i1p1f1,2066,06,12,0.0,33.282066,18.113804,2066
18791,r10i1p1f1,2066,06,13,0.0,32.33772,15.319439,2066
18792,r10i1p1f1,2066,06,14,0.0,31.50162,16.945847,2066
18793,r10i1p1f1,2066,06,15,0.0,30.36878,14.503177,2066
18794,r10i1p1f1,2066,06,16,0.0,28.491835,11.139127,2066
18795,r10i1p1f1,2066,06,17,0.0,29.476942,12.166255,2066
18796,r10i1p1f1,2066,06,18,0.0,31.993977,16.552963,2066
18797,r10i1p1f1,2066,06,19,0.0,35.532806,19.5354,2066
18798,r10i1p1f1,2066,06,20,0.0,35.795948,18.546837,2066
18799,r10i1p1f1,2066,06,21,0.0,33.74698,17.262787,2066
18800,r10i1p1f1,2066,06,22,0.0,30.623526,13.864279,2066
18801,r10i1p1f1,2066,06,23,0.0,29.94319,15.353835,2066
18802,r10i1p1f1,2066,06,24,0.0,29.708614,13.110502,2066
18803,r10i1p1f1,2066,06,25,0.0,28.036123,13.809241,2066
18804,r10i1p1f1,2066,06,26,0.0,27.089657,10.872813,2066
18805,r10i1p1f1,2066,06,27,0.0,26.4609,9.920543,2066
18806,r10i1p1f1,2066,06,28,0.0,28.801125,10.582507,2066
18807,r10i1p1f1,2066,06,29,0.0,27.816664,12.12963,2066
18808,r10i1p1f1,2066,06,30,0.0,28.16936,12.055005,2066
18809,r10i1p1f1,2066,07,01,0.0,27.314829,11.743191,2066
18810,r10i1p1f1,2066,07,02,0.0,29.666674,11.343123,2066
18811,r10i1p1f1,2066,07,03,0.0,32.622005,14.888296,2066
18812,r10i1p1f1,2066,07,04,0.0,35.597973,18.201138,2066
18813,r10i1p1f1,2066,07,05,0.0,34.65874,18.596294,2066
18814,r10i1p1f1,2066,07,06,0.0,32.524616,16.771395,2066
18815,r10i1p1f1,2066,07,07,0.0,32.168705,15.273065,2066
18816,r10i1p1f1,2066,07,08,0.0,34.416504,15.568061,2066
18817,r10i1p1f1,2066,07,09,0.0,33.922157,17.201525,2066
18818,r10i1p1f1,2066,07,10,0.0,31.153528,14.819305,2066
18819,r10i1p1f1,2066,07,11,0.0,32.78152,16.060534,2066
18820,r10i1p1f1,2066,07,12,0.0,31.729078,15.582534,2066
18821,r10i1p1f1,2066,07,13,0.0,31.260334,15.220858,2066
18822,r10i1p1f1,2066,07,14,0.0,32.263092,15.766494,2066
18823,r10i1p1f1,2066,07,15,0.0,33.838493,15.572348,2066
18824,r10i1p1f1,2066,07,16,0.0,34.720684,17.273441,2066
18825,r10i1p1f1,2066,07,17,0.0,35.13347,18.04925,2066
18826,r10i1p1f1,2066,07,18,0.0,34.181236,17.748947,2066
18827,r10i1p1f1,2066,07,19,0.0,35.053577,17.563526,2066
18828,r10i1p1f1,2066,07,20,0.0,35.972626,18.901814,2066
18829,r10i1p1f1,2066,07,21,0.0,36.591076,19.296347,2066
18830,r10i1p1f1,2066,07,22,0.0,37.597282,20.538517,2066
18831,r10i1p1f1,2066,07,23,0.0,36.95529,20.223497,2066
18832,r10i1p1f1,2066,07,24,0.0,35.83347,19.4723,2066
18833,r10i1p1f1,2066,07,25,0.0,34.4402,17.373327,2066
18834,r10i1p1f1,2066,07,26,0.0,33.095818,15.870634,2066
18835,r10i1p1f1,2066,07,27,0.0,33.038177,16.780655,2066
18836,r10i1p1f1,2066,07,28,0.0,35.234047,16.837234,2066
18837,r10i1p1f1,2066,07,29,0.0,36.24362,18.015173,2066
18838,r10i1p1f1,2066,07,30,0.0,36.81487,19.095942,2066
18839,r10i1p1f1,2066,07,31,0.0,37.722435,20.518112,2066
18840,r10i1p1f1,2066,08,01,0.0,38.555115,19.060059,2066
18841,r10i1p1f1,2066,08,02,0.0,39.549355,21.195866,2066
18842,r10i1p1f1,2066,08,03,0.0,38.703476,22.09343,2066
18843,r10i1p1f1,2066,08,04,0.0,39.99895,21.474005,2066
18844,r10i1p1f1,2066,08,05,0.0,41.76692,22.7604,2066
18845,r10i1p1f1,2066,08,06,0.0,41.152004,23.943932,2066
18846,r10i1p1f1,2066,08,07,0.0,39.978725,23.817818,2066
18847,r10i1p1f1,2066,08,08,0.0,38.83674,23.886276,2066
18848,r10i1p1f1,2066,08,09,0.0,38.638752,22.006054,2066
18849,r10i1p1f1,2066,08,10,0.0,38.201263,21.784857,2066
18850,r10i1p1f1,2066,08,11,0.0,36.93219,20.549744,2066
18851,r10i1p1f1,2066,08,12,0.0,38.12135,20.971157,2066
18852,r10i1p1f1,2066,08,13,0.0,37.14993,21.150278,2066
18853,r10i1p1f1,2066,08,14,0.0,36.220818,19.750982,2066
18854,r10i1p1f1,2066,08,15,0.0,32.493603,16.447994,2066
18855,r10i1p1f1,2066,08,16,0.0,30.967394,15.215675,2066
18856,r10i1p1f1,2066,08,17,0.0,34.8872,16.561771,2066
18857,r10i1p1f1,2066,08,18,0.0,35.866516,18.615526,2066
18858,r10i1p1f1,2066,08,19,0.0,37.708797,19.574444,2066
18859,r10i1p1f1,2066,08,20,0.0,36.739895,20.200312,2066
18860,r10i1p1f1,2066,08,21,0.0,35.747128,19.533075,2066
18861,r10i1p1f1,2066,08,22,0.0,33.556026,18.549906,2066
18862,r10i1p1f1,2066,08,23,0.0,34.353985,19.139866,2066
18863,r10i1p1f1,2066,08,24,0.0,37.32722,20.054312,2066
18864,r10i1p1f1,2066,08,25,0.0,37.373333,21.311518,2066
18865,r10i1p1f1,2066,08,26,0.0,38.044216,21.784151,2066
18866,r10i1p1f1,2066,08,27,0.0,36.696556,22.674807,2066
18867,r10i1p1f1,2066,08,28,0.0,32.299095,19.200237,2066
18868,r10i1p1f1,2066,08,29,0.0894120116347614,30.795507,17.7067,2066
18869,r10i1p1f1,2066,08,30,0.0,29.955431,14.724776,2066
18870,r10i1p1f1,2066,08,31,0.0,32.04852,14.667,2066
18871,r10i1p1f1,2066,09,01,0.0,33.330135,18.697716,2066
18872,r10i1p1f1,2066,09,02,0.0,36.887264,19.938848,2066
18873,r10i1p1f1,2066,09,03,0.0,38.8697,21.080193,2066
18874,r10i1p1f1,2066,09,04,0.0,38.340176,22.282986,2066
18875,r10i1p1f1,2066,09,05,0.0,35.094585,18.916376,2066
18876,r10i1p1f1,2066,09,06,0.0,33.799694,19.11546,2066
18877,r10i1p1f1,2066,09,07,0.0,32.363537,17.380234,2066
18878,r10i1p1f1,2066,09,08,0.0,28.614052,13.2768545,2066
18879,r10i1p1f1,2066,09,09,0.0,31.052969,13.084946,2066
18880,r10i1p1f1,2066,09,10,0.0,31.203363,17.410486,2066
18881,r10i1p1f1,2066,09,11,0.0,32.07417,18.043839,2066
18882,r10i1p1f1,2066,09,12,0.0,30.975088,17.686792,2066
18883,r10i1p1f1,2066,09,13,0.0,34.940647,17.46062,2066
18884,r10i1p1f1,2066,09,14,0.0,36.523815,19.475424,2066
18885,r10i1p1f1,2066,09,15,0.0,36.35198,17.964663,2066
18886,r10i1p1f1,2066,09,16,0.0,30.581219,15.360781,2066
18887,r10i1p1f1,2066,09,17,0.0,28.941664,15.034935,2066
18888,r10i1p1f1,2066,09,18,0.0,29.482862,13.84122,2066
18889,r10i1p1f1,2066,09,19,0.0,31.826246,15.424035,2066
18890,r10i1p1f1,2066,09,20,0.0,34.06665,17.821867,2066
18891,r10i1p1f1,2066,09,21,0.0,33.80149,17.431473,2066
18892,r10i1p1f1,2066,09,22,0.0,32.414417,17.785381,2066
18893,r10i1p1f1,2066,09,23,0.0,28.474009,14.858955,2066
18894,r10i1p1f1,2066,09,24,0.0,32.26133,14.526191,2066
18895,r10i1p1f1,2066,09,25,0.0,31.71599,16.035257,2066
18896,r10i1p1f1,2066,09,26,0.0,28.85129,15.086151,2066
18897,r10i1p1f1,2066,09,27,0.0,28.385546,13.76763,2066
18898,r10i1p1f1,2066,09,28,0.0,26.385466,12.417742,2066
18899,r10i1p1f1,2066,09,29,0.0,23.741182,10.74487,2066
18900,r10i1p1f1,2066,09,30,0.0,26.423624,9.875719,2066
18901,r10i1p1f1,2066,10,01,0.0,29.12386,12.998772,2066
18902,r10i1p1f1,2066,10,02,0.0,30.883926,13.489695,2066
18903,r10i1p1f1,2066,10,03,0.0,30.469051,13.580965,2066
18904,r10i1p1f1,2066,10,04,0.0,28.785128,13.103077,2066
18905,r10i1p1f1,2066,10,05,0.0,22.72194,9.288603,2066
18906,r10i1p1f1,2066,10,06,0.0,25.1478,10.764804,2066
18907,r10i1p1f1,2066,10,07,0.0,26.207565,10.880491,2066
18908,r10i1p1f1,2066,10,08,0.0,28.702839,12.160618,2066
18909,r10i1p1f1,2066,10,09,0.0,29.204689,11.670802,2066
18910,r10i1p1f1,2066,10,10,0.0,29.156147,14.889268,2066
18911,r10i1p1f1,2066,10,11,0.0,28.837887,13.805404,2066
18912,r10i1p1f1,2066,10,12,0.0,27.852962,12.292355,2066
18913,r10i1p1f1,2066,10,13,0.0,29.169743,13.731957,2066
18914,r10i1p1f1,2066,10,14,0.0,29.894281,12.907232,2066
18915,r10i1p1f1,2066,10,15,0.0,28.681524,14.4784565,2066
18916,r10i1p1f1,2066,10,16,0.0,27.735834,13.800972,2066
18917,r10i1p1f1,2066,10,17,0.0,28.202698,14.710905,2066
18918,r10i1p1f1,2066,10,18,0.0,26.836105,11.3860855,2066
18919,r10i1p1f1,2066,10,19,0.0,25.12541,9.312021,2066
18920,r10i1p1f1,2066,10,20,0.0,25.52682,12.371728,2066
18921,r10i1p1f1,2066,10,21,0.0,25.952003,10.32408,2066
18922,r10i1p1f1,2066,10,22,0.0,25.39655,9.969648,2066
18923,r10i1p1f1,2066,10,23,0.0,27.83399,8.307834,2066
18924,r10i1p1f1,2066,10,24,0.0,27.819763,15.315388,2066
18925,r10i1p1f1,2066,10,25,0.0,26.278082,13.468717,2066
18926,r10i1p1f1,2066,10,26,4.1714056468041045,27.47854,13.604138,2066
18927,r10i1p1f1,2066,10,27,0.0,23.136362,7.323292,2066
18928,r10i1p1f1,2066,10,28,0.0,23.433136,10.990394,2066
18929,r10i1p1f1,2066,10,29,0.0,28.460363,11.453941,2066
18930,r10i1p1f1,2066,10,30,0.0,28.954674,14.248079,2066
18931,r10i1p1f1,2066,10,31,0.0,29.477543,13.86811,2066
18932,r10i1p1f1,2066,11,01,0.0,29.016434,11.870373,2066
18933,r10i1p1f1,2066,11,02,0.0,26.95829,11.246982,2066
18934,r10i1p1f1,2066,11,03,0.0,25.192316,12.594659,2066
18935,r10i1p1f1,2066,11,04,0.6994998856067756,20.7348,9.393003,2066
18936,r10i1p1f1,2066,11,05,0.008475065164690787,20.963688,5.9970913,2066
18937,r10i1p1f1,2066,11,06,0.4710228492656729,20.063318,6.2129846,2066
18938,r10i1p1f1,2066,11,07,0.0,18.105494,5.675933,2066
18939,r10i1p1f1,2066,11,08,6.637722602853931,18.406742,7.0752625,2066
18940,r10i1p1f1,2066,11,09,0.0,16.946009,4.8209453,2066
18941,r10i1p1f1,2066,11,10,0.0,18.907032,5.713554,2066
18942,r10i1p1f1,2066,11,11,0.0,23.629969,5.826608,2066
18943,r10i1p1f1,2066,11,12,0.0,21.304955,6.2753053,2066
18944,r10i1p1f1,2066,11,13,0.0,19.552343,7.0630736,2066
18945,r10i1p1f1,2066,11,14,0.0,17.453701,5.19062,2066
18946,r10i1p1f1,2066,11,15,0.0,18.36416,6.3013167,2066
18947,r10i1p1f1,2066,11,16,0.0,23.177998,7.075869,2066
18948,r10i1p1f1,2066,11,17,0.0,23.859064,8.391939,2066
18949,r10i1p1f1,2066,11,18,0.10218474124389774,23.40229,12.269998,2066
18950,r10i1p1f1,2066,11,19,0.0,19.892338,5.6842327,2066
18951,r10i1p1f1,2066,11,20,0.4910573963187696,19.3549,4.465083,2066
18952,r10i1p1f1,2066,11,21,0.0,11.798643,2.7242095,2066
18953,r10i1p1f1,2066,11,22,0.0,16.478539,5.5691247,2066
18954,r10i1p1f1,2066,11,23,0.0,19.138298,5.2539263,2066
18955,r10i1p1f1,2066,11,24,0.0,21.916468,7.4751987,2066
18956,r10i1p1f1,2066,11,25,0.0,23.9408,8.316395,2066
18957,r10i1p1f1,2066,11,26,0.3422058746572906,24.321772,8.002143,2066
18958,r10i1p1f1,2066,11,27,0.0,17.686337,4.7359433,2066
18959,r10i1p1f1,2066,11,28,0.0,20.01348,5.3068285,2066
18960,r10i1p1f1,2066,11,29,0.0,22.717152,6.264479,2066
18961,r10i1p1f1,2066,11,30,0.0,22.837805,7.6881595,2066
18962,r10i1p1f1,2066,12,01,0.0,22.2415,11.634367,2066
18963,r10i1p1f1,2066,12,02,0.0,20.788527,9.273924,2066
18964,r10i1p1f1,2066,12,03,0.0,21.53581,9.073402,2066
18965,r10i1p1f1,2066,12,04,0.0,25.98408,10.535255,2066
18966,r10i1p1f1,2066,12,05,0.0,24.35154,8.976484,2066
18967,r10i1p1f1,2066,12,06,0.0,22.840157,11.145071,2066
18968,r10i1p1f1,2066,12,07,3.0375558117252934,21.396704,9.283804,2066
18969,r10i1p1f1,2066,12,08,0.0,17.407795,6.0707755,2066
18970,r10i1p1f1,2066,12,09,0.0,16.858034,6.074576,2066
18971,r10i1p1f1,2066,12,10,0.0,15.878322,5.45039,2066
18972,r10i1p1f1,2066,12,11,0.0,15.778499,4.1052113,2066
18973,r10i1p1f1,2066,12,12,0.0,18.206306,5.8120923,2066
18974,r10i1p1f1,2066,12,13,0.0,18.753958,6.7262826,2066
18975,r10i1p1f1,2066,12,14,0.0,16.678576,5.344264,2066
18976,r10i1p1f1,2066,12,15,5.371854091017188,16.186707,5.142381,2066
18977,r10i1p1f1,2066,12,16,0.7291932287396201,6.8486986,-1.0845222,2066
18978,r10i1p1f1,2066,12,17,0.0,6.476017,-4.399441,2066
18979,r10i1p1f1,2066,12,18,0.07846008742681558,12.272858,1.332338,2066
18980,r10i1p1f1,2066,12,19,0.0,18.225895,4.0224595,2066
18981,r10i1p1f1,2066,12,20,0.0,19.944923,7.2873445,2066
18982,r10i1p1f1,2066,12,21,0.0,17.593956,5.7388387,2066
18983,r10i1p1f1,2066,12,22,0.0,14.344333,3.7695954,2066
18984,r10i1p1f1,2066,12,23,0.0,16.945559,5.455713,2066
18985,r10i1p1f1,2066,12,24,0.0,19.100746,7.7317576,2066
18986,r10i1p1f1,2066,12,25,0.0,18.272455,6.6980534,2066
18987,r10i1p1f1,2066,12,26,0.0,18.941174,6.679643,2066
18988,r10i1p1f1,2066,12,27,0.0,19.500177,6.7611938,2066
18989,r10i1p1f1,2066,12,28,0.0,21.312891,7.284949,2066
18990,r10i1p1f1,2066,12,29,0.0,20.743805,8.431986,2066
18991,r10i1p1f1,2066,12,30,2.7897206457198895,16.470049,8.090196,2066
18992,r10i1p1f1,2066,12,31,0.0,14.309512,3.8730574,2066
18993,r10i1p1f1,2067,01,01,0.0,15.936408,5.0055118,2067
18994,r10i1p1f1,2067,01,02,0.0,19.125141,5.230164,2067
18995,r10i1p1f1,2067,01,03,0.0,18.077602,6.144041,2067
18996,r10i1p1f1,2067,01,04,0.0,16.649113,5.9864717,2067
18997,r10i1p1f1,2067,01,05,0.0,19.345663,5.7863536,2067
18998,r10i1p1f1,2067,01,06,0.0,19.508272,8.691098,2067
18999,r10i1p1f1,2067,01,07,0.011422560811823993,18.130466,8.478688,2067
19000,r10i1p1f1,2067,01,08,0.0,14.251375,8.951061,2067
19001,r10i1p1f1,2067,01,09,0.0,18.258387,7.6931925,2067
19002,r10i1p1f1,2067,01,10,27.650282738767075,17.541204,7.6696706,2067
19003,r10i1p1f1,2067,01,11,11.170352959054167,14.657168,6.7120705,2067
19004,r10i1p1f1,2067,01,12,0.0,11.269647,1.214702,2067
19005,r10i1p1f1,2067,01,13,0.0,11.730351,1.0417401,2067
19006,r10i1p1f1,2067,01,14,0.0,12.007004,6.115085,2067
19007,r10i1p1f1,2067,01,15,3.3410903283526605,11.306819,5.7359705,2067
19008,r10i1p1f1,2067,01,16,8.936799283726845,13.025675,7.1072354,2067
19009,r10i1p1f1,2067,01,17,25.532572309939976,15.791405,9.754046,2067
19010,r10i1p1f1,2067,01,18,49.969075136744465,15.321149,8.417122,2067
19011,r10i1p1f1,2067,01,19,23.723680872506904,11.430192,7.23794,2067
19012,r10i1p1f1,2067,01,20,61.72013639374391,16.4926,6.858265,2067
19013,r10i1p1f1,2067,01,21,12.24575979806679,15.820489,10.303111,2067
19014,r10i1p1f1,2067,01,22,67.01108559745511,17.135847,10.86575,2067
19015,r10i1p1f1,2067,01,23,5.302217875520766,20.104324,12.786572,2067
19016,r10i1p1f1,2067,01,24,51.02536435557627,18.26055,11.914334,2067
19017,r10i1p1f1,2067,01,25,0.5884161413536946,14.467818,4.769341,2067
19018,r10i1p1f1,2067,01,26,0.0,13.87007,2.024044,2067
19019,r10i1p1f1,2067,01,27,22.158185651182738,11.713923,5.203762,2067
19020,r10i1p1f1,2067,01,28,9.631475108682551,13.443136,6.9941597,2067
19021,r10i1p1f1,2067,01,29,2.917488726818288,11.420375,5.4738655,2067
19022,r10i1p1f1,2067,01,30,6.924557066955266,13.42333,6.114926,2067
19023,r10i1p1f1,2067,01,31,73.38897111445763,12.64078,7.8592544,2067
19024,r10i1p1f1,2067,02,01,7.277082829846461,11.10245,-0.9539538,2067
19025,r10i1p1f1,2067,02,02,1.2425105159967356,9.210666,2.0219488,2067
19026,r10i1p1f1,2067,02,03,0.0,16.048962,2.6799157,2067
19027,r10i1p1f1,2067,02,04,8.102917775058335,15.646234,6.32759,2067
19028,r10i1p1f1,2067,02,05,3.9287539016976027,11.696221,6.3417835,2067
19029,r10i1p1f1,2067,02,06,0.0,16.819422,3.3688138,2067
19030,r10i1p1f1,2067,02,07,0.053416563634144903,15.677505,5.283985,2067
19031,r10i1p1f1,2067,02,08,0.12328833533836969,14.03232,8.445229,2067
19032,r10i1p1f1,2067,02,09,0.0,17.092047,5.607694,2067
19033,r10i1p1f1,2067,02,10,9.32104264004585,17.73239,9.152301,2067
19034,r10i1p1f1,2067,02,11,0.0,17.85813,6.900097,2067
19035,r10i1p1f1,2067,02,12,0.0,17.231918,6.4212093,2067
19036,r10i1p1f1,2067,02,13,27.582117129043723,15.568189,6.5646605,2067
19037,r10i1p1f1,2067,02,14,0.0,12.186991,5.775285,2067
19038,r10i1p1f1,2067,02,15,6.994849680787459,10.830997,4.6875906,2067
19039,r10i1p1f1,2067,02,16,27.17057692168869,11.176816,4.109816,2067
19040,r10i1p1f1,2067,02,17,3.876157828180064,9.765621,2.3287861,2067
19041,r10i1p1f1,2067,02,18,0.0,14.844689,2.772994,2067
19042,r10i1p1f1,2067,02,19,0.0,15.2363825,3.0117168,2067
19043,r10i1p1f1,2067,02,20,0.0,17.301947,4.2728815,2067
19044,r10i1p1f1,2067,02,21,0.0,16.907534,4.775656,2067
19045,r10i1p1f1,2067,02,22,26.60226916318367,16.992735,8.922261,2067
19046,r10i1p1f1,2067,02,23,0.0,17.450464,3.8947313,2067
19047,r10i1p1f1,2067,02,24,0.0,20.50085,6.7779903,2067
19048,r10i1p1f1,2067,02,25,0.0,17.810186,8.396629,2067
19049,r10i1p1f1,2067,02,26,0.0,18.09635,7.947869,2067
19050,r10i1p1f1,2067,02,27,0.0,15.7793,3.1796424,2067
19051,r10i1p1f1,2067,02,28,0.0,15.353821,3.2499468,2067
19052,r10i1p1f1,2067,03,01,0.0,11.467365,-0.55660427,2067
19053,r10i1p1f1,2067,03,02,0.0,13.482328,-0.085947335,2067
19054,r10i1p1f1,2067,03,03,0.0,13.978684,-0.53616834,2067
19055,r10i1p1f1,2067,03,04,0.0,12.523132,0.37372106,2067
19056,r10i1p1f1,2067,03,05,0.0,17.327847,2.5432801,2067
19057,r10i1p1f1,2067,03,06,0.0,16.914062,4.721666,2067
19058,r10i1p1f1,2067,03,07,0.0,16.82443,3.4694438,2067
19059,r10i1p1f1,2067,03,08,0.0,19.478975,5.540807,2067
19060,r10i1p1f1,2067,03,09,0.0,19.558325,5.534773,2067
19061,r10i1p1f1,2067,03,10,0.26025818032825265,15.185009,6.1173143,2067
19062,r10i1p1f1,2067,03,11,7.146673023817129,9.974399,2.8697374,2067
19063,r10i1p1f1,2067,03,12,0.31603220541001065,11.866101,1.3049766,2067
19064,r10i1p1f1,2067,03,13,0.0,13.346722,-1.1129383,2067
19065,r10i1p1f1,2067,03,14,14.549454869503327,7.7135196,2.7846825,2067
19066,r10i1p1f1,2067,03,15,0.3774615470894404,10.636389,-0.0013343409,2067
19067,r10i1p1f1,2067,03,16,0.0,13.993843,-1.0652131,2067
19068,r10i1p1f1,2067,03,17,0.0,17.92904,2.6820426,2067
19069,r10i1p1f1,2067,03,18,0.0,18.34909,6.30889,2067
19070,r10i1p1f1,2067,03,19,0.0,21.618109,5.07405,2067
19071,r10i1p1f1,2067,03,20,0.0,21.976498,6.377136,2067
19072,r10i1p1f1,2067,03,21,7.218551205235264,16.108908,5.7470374,2067
19073,r10i1p1f1,2067,03,22,32.1493303712678,11.731831,5.6896696,2067
19074,r10i1p1f1,2067,03,23,1.8009422650050653,10.948633,4.5382876,2067
19075,r10i1p1f1,2067,03,24,4.097337076343951,12.051523,1.1726016,2067
19076,r10i1p1f1,2067,03,25,0.0,15.673343,0.2750977,2067
19077,r10i1p1f1,2067,03,26,0.0,15.73333,1.0286891,2067
19078,r10i1p1f1,2067,03,27,0.0,14.521928,2.4347596,2067
19079,r10i1p1f1,2067,03,28,0.0,16.385391,1.9462328,2067
19080,r10i1p1f1,2067,03,29,0.0,21.035124,4.426266,2067
19081,r10i1p1f1,2067,03,30,0.0,23.68657,5.7701697,2067
19082,r10i1p1f1,2067,03,31,0.0,23.060137,5.844331,2067
19083,r10i1p1f1,2067,04,01,0.0,23.54692,8.424267,2067
19084,r10i1p1f1,2067,04,02,0.0,24.52078,6.4344444,2067
19085,r10i1p1f1,2067,04,03,0.0,26.33524,8.318409,2067
19086,r10i1p1f1,2067,04,04,0.0,25.379051,9.432845,2067
19087,r10i1p1f1,2067,04,05,0.0,27.300062,7.969116,2067
19088,r10i1p1f1,2067,04,06,0.0,27.598698,11.246066,2067
19089,r10i1p1f1,2067,04,07,0.0,26.326334,11.627408,2067
19090,r10i1p1f1,2067,04,08,0.0,24.566607,8.961295,2067
19091,r10i1p1f1,2067,04,09,0.0,25.88241,9.334094,2067
19092,r10i1p1f1,2067,04,10,0.17030450243940945,26.1719,10.6521635,2067
19093,r10i1p1f1,2067,04,11,0.06540322745162316,22.147362,10.999269,2067
19094,r10i1p1f1,2067,04,12,0.0,20.302404,10.1553135,2067
19095,r10i1p1f1,2067,04,13,3.4386234462688567,17.901983,5.539903,2067
19096,r10i1p1f1,2067,04,14,0.0,21.3682,6.003907,2067
19097,r10i1p1f1,2067,04,15,19.704907916725222,18.922348,8.077593,2067
19098,r10i1p1f1,2067,04,16,0.0,17.832432,4.7606153,2067
19099,r10i1p1f1,2067,04,17,0.0,16.75564,5.623732,2067
19100,r10i1p1f1,2067,04,18,50.21153982839008,13.802906,4.509547,2067
19101,r10i1p1f1,2067,04,19,0.6308251155898784,12.670171,3.7684138,2067
19102,r10i1p1f1,2067,04,20,0.9101687802285596,17.117218,5.7148867,2067
19103,r10i1p1f1,2067,04,21,0.0,17.590927,5.107988,2067
19104,r10i1p1f1,2067,04,22,45.97150489847225,14.241715,5.4265985,2067
19105,r10i1p1f1,2067,04,23,0.0,16.345207,1.8043829,2067
19106,r10i1p1f1,2067,04,24,0.0,23.216476,8.248146,2067
19107,r10i1p1f1,2067,04,25,0.0,28.442091,13.081656,2067
19108,r10i1p1f1,2067,04,26,0.020857667607886373,23.797377,8.199271,2067
19109,r10i1p1f1,2067,04,27,3.178886335291808,23.002146,8.615926,2067
19110,r10i1p1f1,2067,04,28,0.0701718170411799,26.559933,11.935362,2067
19111,r10i1p1f1,2067,04,29,0.0,23.726639,10.827919,2067
19112,r10i1p1f1,2067,04,30,0.0,22.383085,8.544699,2067
19113,r10i1p1f1,2067,05,01,0.0,18.952831,5.2171655,2067
19114,r10i1p1f1,2067,05,02,0.08112072992892201,18.47753,6.097895,2067
19115,r10i1p1f1,2067,05,03,0.0,18.226606,3.5900452,2067
19116,r10i1p1f1,2067,05,04,0.0,24.12136,6.1964035,2067
19117,r10i1p1f1,2067,05,05,0.0,29.131226,11.888778,2067
19118,r10i1p1f1,2067,05,06,0.0,29.566444,14.016989,2067
19119,r10i1p1f1,2067,05,07,0.0,30.089285,15.446907,2067
19120,r10i1p1f1,2067,05,08,0.0,30.75788,14.9011135,2067
19121,r10i1p1f1,2067,05,09,0.0,31.158926,15.65444,2067
19122,r10i1p1f1,2067,05,10,0.0,31.168856,16.237097,2067
19123,r10i1p1f1,2067,05,11,0.0,31.705933,14.501921,2067
19124,r10i1p1f1,2067,05,12,0.0,31.83629,14.551655,2067
19125,r10i1p1f1,2067,05,13,1.5065950280251472,27.305866,10.768229,2067
19126,r10i1p1f1,2067,05,14,0.0,29.457157,14.843252,2067
19127,r10i1p1f1,2067,05,15,0.904092417879024,23.464779,11.063658,2067
19128,r10i1p1f1,2067,05,16,0.0,26.062664,9.150431,2067
19129,r10i1p1f1,2067,05,17,0.0,30.14863,13.0903845,2067
19130,r10i1p1f1,2067,05,18,0.0,30.040167,15.370268,2067
19131,r10i1p1f1,2067,05,19,0.0,29.929956,14.627454,2067
19132,r10i1p1f1,2067,05,20,0.0,28.133043,12.871025,2067
19133,r10i1p1f1,2067,05,21,0.0,27.32296,11.6452875,2067
19134,r10i1p1f1,2067,05,22,0.0,26.46873,11.14655,2067
19135,r10i1p1f1,2067,05,23,0.0,21.820288,5.6250925,2067
19136,r10i1p1f1,2067,05,24,0.0,27.635874,10.104621,2067
19137,r10i1p1f1,2067,05,25,0.0,32.499744,16.426977,2067
19138,r10i1p1f1,2067,05,26,0.0,33.846638,17.37124,2067
19139,r10i1p1f1,2067,05,27,0.0,34.628735,18.229399,2067
19140,r10i1p1f1,2067,05,28,0.0,34.530846,19.652363,2067
19141,r10i1p1f1,2067,05,29,0.018169143624235357,27.30782,12.684294,2067
19142,r10i1p1f1,2067,05,30,0.0,30.86909,16.530806,2067
19143,r10i1p1f1,2067,05,31,0.0,31.037094,17.471237,2067
19144,r10i1p1f1,2067,06,01,0.0,31.10762,15.398334,2067
19145,r10i1p1f1,2067,06,02,0.0,30.553076,16.15734,2067
19146,r10i1p1f1,2067,06,03,0.0,35.070606,16.088326,2067
19147,r10i1p1f1,2067,06,04,0.0,35.06021,18.658148,2067
19148,r10i1p1f1,2067,06,05,0.0,32.285263,17.23053,2067
19149,r10i1p1f1,2067,06,06,0.0,27.263874,12.311589,2067
19150,r10i1p1f1,2067,06,07,0.0,26.105637,11.769658,2067
19151,r10i1p1f1,2067,06,08,0.08722031600068715,23.454126,8.340502,2067
19152,r10i1p1f1,2067,06,09,0.0,23.20466,6.6460404,2067
19153,r10i1p1f1,2067,06,10,0.0,31.335186,14.407156,2067
19154,r10i1p1f1,2067,06,11,0.0,36.644955,17.301394,2067
19155,r10i1p1f1,2067,06,12,0.0,36.539543,20.003954,2067
19156,r10i1p1f1,2067,06,13,0.0,36.438137,21.220118,2067
19157,r10i1p1f1,2067,06,14,0.0,39.46726,23.086866,2067
19158,r10i1p1f1,2067,06,15,0.0,39.4472,21.252157,2067
19159,r10i1p1f1,2067,06,16,0.0,34.65335,19.73479,2067
19160,r10i1p1f1,2067,06,17,0.0,32.833893,17.652102,2067
19161,r10i1p1f1,2067,06,18,0.0,35.04622,19.133936,2067
19162,r10i1p1f1,2067,06,19,0.0,33.920975,20.622194,2067
19163,r10i1p1f1,2067,06,20,0.0,36.150177,18.327742,2067
19164,r10i1p1f1,2067,06,21,0.0,34.648155,18.1235,2067
19165,r10i1p1f1,2067,06,22,0.0,31.72936,16.75681,2067
19166,r10i1p1f1,2067,06,23,0.0,32.893703,15.150269,2067
19167,r10i1p1f1,2067,06,24,0.0,36.853348,22.197992,2067
19168,r10i1p1f1,2067,06,25,0.0,39.54673,24.778297,2067
19169,r10i1p1f1,2067,06,26,0.0,39.537727,23.372524,2067
19170,r10i1p1f1,2067,06,27,0.4097552879676713,38.735947,21.463945,2067
19171,r10i1p1f1,2067,06,28,0.0,39.55337,23.398817,2067
19172,r10i1p1f1,2067,06,29,0.0,39.25671,22.568983,2067
19173,r10i1p1f1,2067,06,30,0.0,37.442726,21.62473,2067
19174,r10i1p1f1,2067,07,01,0.0,36.914833,21.356712,2067
19175,r10i1p1f1,2067,07,02,0.0,34.92038,18.718283,2067
19176,r10i1p1f1,2067,07,03,0.0,33.55901,19.43581,2067
19177,r10i1p1f1,2067,07,04,0.0,31.910992,17.538935,2067
19178,r10i1p1f1,2067,07,05,0.0,31.965675,17.574675,2067
19179,r10i1p1f1,2067,07,06,0.0,32.115322,15.604971,2067
19180,r10i1p1f1,2067,07,07,0.0,31.02671,16.345112,2067
19181,r10i1p1f1,2067,07,08,0.0,32.20196,15.021252,2067
19182,r10i1p1f1,2067,07,09,0.0,32.975452,17.519732,2067
19183,r10i1p1f1,2067,07,10,0.0,31.620821,16.94393,2067
19184,r10i1p1f1,2067,07,11,0.0,30.41308,13.564643,2067
19185,r10i1p1f1,2067,07,12,0.0,37.145676,18.22252,2067
19186,r10i1p1f1,2067,07,13,0.0,39.177612,22.17991,2067
19187,r10i1p1f1,2067,07,14,0.0,39.568188,22.672518,2067
19188,r10i1p1f1,2067,07,15,0.00013159877701247367,39.989605,23.122967,2067
19189,r10i1p1f1,2067,07,16,0.0,39.973988,22.958801,2067
19190,r10i1p1f1,2067,07,17,0.02921329013540679,37.786583,21.182205,2067
19191,r10i1p1f1,2067,07,18,0.0,37.40445,22.77846,2067
19192,r10i1p1f1,2067,07,19,0.0,37.97036,20.893082,2067
19193,r10i1p1f1,2067,07,20,0.0,38.383846,21.709816,2067
19194,r10i1p1f1,2067,07,21,0.0,39.511677,21.659338,2067
19195,r10i1p1f1,2067,07,22,0.0,40.13788,22.209908,2067
19196,r10i1p1f1,2067,07,23,0.018425695323362322,38.868984,21.205862,2067
19197,r10i1p1f1,2067,07,24,0.0,37.363865,23.139,2067
19198,r10i1p1f1,2067,07,25,0.0,36.7258,19.712648,2067
19199,r10i1p1f1,2067,07,26,0.0,34.79893,17.658178,2067
19200,r10i1p1f1,2067,07,27,0.0,34.226032,17.914062,2067
19201,r10i1p1f1,2067,07,28,0.0,34.114243,16.68651,2067
19202,r10i1p1f1,2067,07,29,0.0,36.48126,17.930592,2067
19203,r10i1p1f1,2067,07,30,0.0,36.82006,18.200294,2067
19204,r10i1p1f1,2067,07,31,0.0,36.31034,19.302082,2067
19205,r10i1p1f1,2067,08,01,0.0,35.427025,18.160536,2067
19206,r10i1p1f1,2067,08,02,0.0,34.85266,16.555544,2067
19207,r10i1p1f1,2067,08,03,0.0,35.17733,17.220594,2067
19208,r10i1p1f1,2067,08,04,0.0,36.9692,18.62939,2067
19209,r10i1p1f1,2067,08,05,0.0,40.061092,20.5251,2067
19210,r10i1p1f1,2067,08,06,0.0,39.58604,21.739212,2067
19211,r10i1p1f1,2067,08,07,0.0,40.198963,20.43814,2067
19212,r10i1p1f1,2067,08,08,0.0,41.152866,22.029984,2067
19213,r10i1p1f1,2067,08,09,0.0,41.439922,22.861261,2067
19214,r10i1p1f1,2067,08,10,0.0,41.35092,26.922888,2067
19215,r10i1p1f1,2067,08,11,0.0,39.040714,24.201897,2067
19216,r10i1p1f1,2067,08,12,0.025398897735995934,40.079445,22.60579,2067
19217,r10i1p1f1,2067,08,13,0.0,38.55863,23.10501,2067
19218,r10i1p1f1,2067,08,14,0.0,36.230877,19.629953,2067
19219,r10i1p1f1,2067,08,15,0.0,30.715609,14.2618265,2067
19220,r10i1p1f1,2067,08,16,0.0,27.457533,11.348504,2067
19221,r10i1p1f1,2067,08,17,0.0,26.170612,12.330243,2067
19222,r10i1p1f1,2067,08,18,0.0,26.474127,10.397659,2067
19223,r10i1p1f1,2067,08,19,0.0,26.29881,10.890282,2067
19224,r10i1p1f1,2067,08,20,0.0,25.398039,9.374369,2067
19225,r10i1p1f1,2067,08,21,0.0,24.222937,8.582646,2067
19226,r10i1p1f1,2067,08,22,0.0,26.783283,8.850368,2067
19227,r10i1p1f1,2067,08,23,0.0,28.027706,10.761693,2067
19228,r10i1p1f1,2067,08,24,0.0,27.6412,10.441268,2067
19229,r10i1p1f1,2067,08,25,0.0,24.442202,9.232789,2067
19230,r10i1p1f1,2067,08,26,0.0,22.204336,7.5451164,2067
19231,r10i1p1f1,2067,08,27,0.0,26.246595,8.636154,2067
19232,r10i1p1f1,2067,08,28,0.0,25.495447,10.49603,2067
19233,r10i1p1f1,2067,08,29,0.0,28.38005,10.436638,2067
19234,r10i1p1f1,2067,08,30,0.0,35.410576,17.049253,2067
19235,r10i1p1f1,2067,08,31,0.0,35.6953,19.360004,2067
19236,r10i1p1f1,2067,09,01,0.0,34.991158,18.424372,2067
19237,r10i1p1f1,2067,09,02,0.0,30.702856,14.925635,2067
19238,r10i1p1f1,2067,09,03,0.0,29.774662,14.31704,2067
19239,r10i1p1f1,2067,09,04,0.0,30.093525,12.727531,2067
19240,r10i1p1f1,2067,09,05,0.0,31.005692,13.285805,2067
19241,r10i1p1f1,2067,09,06,0.0,30.25637,12.23864,2067
19242,r10i1p1f1,2067,09,07,0.0,33.98555,15.896621,2067
19243,r10i1p1f1,2067,09,08,0.0,36.31111,19.390783,2067
19244,r10i1p1f1,2067,09,09,0.0,37.279346,19.383362,2067
19245,r10i1p1f1,2067,09,10,0.0,36.14131,19.4677,2067
19246,r10i1p1f1,2067,09,11,0.0,36.90466,20.296543,2067
19247,r10i1p1f1,2067,09,12,0.0,38.267464,20.903091,2067
19248,r10i1p1f1,2067,09,13,0.0,38.103386,21.656927,2067
19249,r10i1p1f1,2067,09,14,0.0,35.443733,23.083807,2067
19250,r10i1p1f1,2067,09,15,5.489330503271623,32.62568,19.654934,2067
19251,r10i1p1f1,2067,09,16,0.33888012671683865,33.52509,20.11214,2067
19252,r10i1p1f1,2067,09,17,0.004613691769344242,36.403023,19.985144,2067
19253,r10i1p1f1,2067,09,18,0.0,34.548176,21.296568,2067
19254,r10i1p1f1,2067,09,19,0.08971508961717757,31.550116,19.212946,2067
19255,r10i1p1f1,2067,09,20,50.5520423475996,28.84658,17.359713,2067
19256,r10i1p1f1,2067,09,21,91.3555221485072,19.561335,10.805284,2067
19257,r10i1p1f1,2067,09,22,3.9929807775527144,24.04331,10.615808,2067
19258,r10i1p1f1,2067,09,23,0.741233414627411,22.440655,9.946292,2067
19259,r10i1p1f1,2067,09,24,0.07240263075800613,24.272068,10.458905,2067
19260,r10i1p1f1,2067,09,25,0.0,25.100111,11.523717,2067
19261,r10i1p1f1,2067,09,26,0.0,24.27532,11.1058855,2067
19262,r10i1p1f1,2067,09,27,0.014001060749011996,23.330683,10.219008,2067
19263,r10i1p1f1,2067,09,28,0.0,24.81293,8.904061,2067
19264,r10i1p1f1,2067,09,29,0.0,28.072575,14.198519,2067
19265,r10i1p1f1,2067,09,30,0.0,31.59706,16.98191,2067
19266,r10i1p1f1,2067,10,01,0.0,32.492188,16.002642,2067
19267,r10i1p1f1,2067,10,02,0.0,32.637386,17.094149,2067
19268,r10i1p1f1,2067,10,03,0.0,33.200607,18.36695,2067
19269,r10i1p1f1,2067,10,04,0.0,31.063063,14.608943,2067
19270,r10i1p1f1,2067,10,05,0.0,29.413082,15.37819,2067
19271,r10i1p1f1,2067,10,06,0.0,29.0381,16.155134,2067
19272,r10i1p1f1,2067,10,07,0.0,28.378563,14.385648,2067
19273,r10i1p1f1,2067,10,08,0.0,27.701345,11.402905,2067
19274,r10i1p1f1,2067,10,09,0.0,30.013893,14.190486,2067
19275,r10i1p1f1,2067,10,10,0.059906055541528315,23.23551,13.335872,2067
19276,r10i1p1f1,2067,10,11,0.0,21.945854,8.139228,2067
19277,r10i1p1f1,2067,10,12,0.0,24.90797,8.343671,2067
19278,r10i1p1f1,2067,10,13,0.0,23.96646,10.3623705,2067
19279,r10i1p1f1,2067,10,14,0.0,23.493208,10.728381,2067
19280,r10i1p1f1,2067,10,15,0.0,23.169815,11.259412,2067
19281,r10i1p1f1,2067,10,16,0.0,23.692068,9.103832,2067
19282,r10i1p1f1,2067,10,17,0.0,23.433147,9.289376,2067
19283,r10i1p1f1,2067,10,18,11.94575351967758,24.428478,11.755912,2067
19284,r10i1p1f1,2067,10,19,3.175471443462117,19.664476,7.7707357,2067
19285,r10i1p1f1,2067,10,20,0.0,20.870787,8.534695,2067
19286,r10i1p1f1,2067,10,21,25.881750744118012,22.860806,10.551522,2067
19287,r10i1p1f1,2067,10,22,0.2746253608500793,20.419552,6.9884715,2067
19288,r10i1p1f1,2067,10,23,0.0,20.487785,7.2698092,2067
19289,r10i1p1f1,2067,10,24,0.0,21.636652,9.5848255,2067
19290,r10i1p1f1,2067,10,25,0.0,22.23108,10.634547,2067
19291,r10i1p1f1,2067,10,26,0.0,22.68381,10.536792,2067
19292,r10i1p1f1,2067,10,27,0.005770072331008697,22.313156,9.667776,2067
19293,r10i1p1f1,2067,10,28,1.5006186633615328,19.49659,8.015954,2067
19294,r10i1p1f1,2067,10,29,2.4796741762609025,17.350122,7.4489174,2067
19295,r10i1p1f1,2067,10,30,0.0,18.055923,4.909608,2067
19296,r10i1p1f1,2067,10,31,0.436471369670723,18.511267,8.85776,2067
19297,r10i1p1f1,2067,11,01,16.52638657006288,18.679367,11.017872,2067
19298,r10i1p1f1,2067,11,02,0.2730351057140835,14.607518,6.731729,2067
19299,r10i1p1f1,2067,11,03,0.0,17.686506,2.926813,2067
19300,r10i1p1f1,2067,11,04,0.13023750777249102,16.88375,5.45028,2067
19301,r10i1p1f1,2067,11,05,0.0,18.838026,2.082238,2067
19302,r10i1p1f1,2067,11,06,0.0,20.534836,4.8099203,2067
19303,r10i1p1f1,2067,11,07,0.0,21.08982,8.937801,2067
19304,r10i1p1f1,2067,11,08,0.0,21.377323,7.515776,2067
19305,r10i1p1f1,2067,11,09,11.50603064835243,23.465528,11.470691,2067
19306,r10i1p1f1,2067,11,10,28.417073010381213,14.479422,8.020608,2067
19307,r10i1p1f1,2067,11,11,0.4233129131247743,15.762708,3.8867412,2067
19308,r10i1p1f1,2067,11,12,0.706318826325969,20.752335,6.8268723,2067
19309,r10i1p1f1,2067,11,13,0.0,20.088709,7.509512,2067
19310,r10i1p1f1,2067,11,14,0.058304276171838865,22.351364,6.2866836,2067
19311,r10i1p1f1,2067,11,15,0.0,23.932907,9.988147,2067
19312,r10i1p1f1,2067,11,16,0.0,23.748009,10.031032,2067
19313,r10i1p1f1,2067,11,17,7.681180031259397,23.794817,12.448354,2067
19314,r10i1p1f1,2067,11,18,18.5830933318357,14.191096,8.386985,2067
19315,r10i1p1f1,2067,11,19,0.026928504777108748,14.163968,2.4217854,2067
19316,r10i1p1f1,2067,11,20,0.007888536320502968,16.652046,2.4268854,2067
19317,r10i1p1f1,2067,11,21,0.0,16.283411,6.9690294,2067
19318,r10i1p1f1,2067,11,22,6.0569445441758845,14.932427,9.593295,2067
19319,r10i1p1f1,2067,11,23,0.0,17.072784,5.711022,2067
19320,r10i1p1f1,2067,11,24,0.0,18.38719,6.1185336,2067
19321,r10i1p1f1,2067,11,25,0.0,19.94491,4.9099054,2067
19322,r10i1p1f1,2067,11,26,0.0,18.988266,7.282286,2067
19323,r10i1p1f1,2067,11,27,0.0,21.724876,6.06076,2067
19324,r10i1p1f1,2067,11,28,0.0,21.588266,7.277216,2067
19325,r10i1p1f1,2067,11,29,0.0,20.913746,9.4677105,2067
19326,r10i1p1f1,2067,11,30,0.0,20.875782,11.670961,2067
19327,r10i1p1f1,2067,12,01,0.05093773303853691,20.786337,11.649984,2067
19328,r10i1p1f1,2067,12,02,0.0,18.642391,8.563358,2067
19329,r10i1p1f1,2067,12,03,10.810481540408402,13.929922,9.217184,2067
19330,r10i1p1f1,2067,12,04,0.0,18.42073,7.227074,2067
19331,r10i1p1f1,2067,12,05,0.0,19.027197,6.610302,2067
19332,r10i1p1f1,2067,12,06,0.0,17.035591,6.672418,2067
19333,r10i1p1f1,2067,12,07,5.178148853787877,13.661457,8.332733,2067
19334,r10i1p1f1,2067,12,08,1.9198117720550631,13.741136,8.251697,2067
19335,r10i1p1f1,2067,12,09,18.464815344257083,12.686537,5.74209,2067
19336,r10i1p1f1,2067,12,10,16.29490255068767,11.853337,6.4121847,2067
19337,r10i1p1f1,2067,12,11,1.961494701490545,11.244739,6.1345143,2067
19338,r10i1p1f1,2067,12,12,0.0,13.938486,2.1378107,2067
19339,r10i1p1f1,2067,12,13,0.0,14.742953,6.0878234,2067
19340,r10i1p1f1,2067,12,14,0.0,17.421932,4.570566,2067
19341,r10i1p1f1,2067,12,15,0.0,17.932953,4.531537,2067
19342,r10i1p1f1,2067,12,16,0.0,17.384914,6.5104017,2067
19343,r10i1p1f1,2067,12,17,0.0,17.950819,6.3258204,2067
19344,r10i1p1f1,2067,12,18,0.0,17.316666,5.8269196,2067
19345,r10i1p1f1,2067,12,19,0.0,16.539406,6.9295363,2067
19346,r10i1p1f1,2067,12,20,0.0,17.928223,7.361011,2067
19347,r10i1p1f1,2067,12,21,0.0,18.090004,6.826694,2067
19348,r10i1p1f1,2067,12,22,0.5886459846219863,16.74966,7.4915304,2067
19349,r10i1p1f1,2067,12,23,0.0,15.428883,6.3563476,2067
19350,r10i1p1f1,2067,12,24,0.0,15.617051,3.5002,2067
19351,r10i1p1f1,2067,12,25,7.822396905421077,13.339185,5.068648,2067
19352,r10i1p1f1,2067,12,26,51.475325652006035,13.994443,6.8585486,2067
19353,r10i1p1f1,2067,12,27,64.42763604787423,13.760259,8.42522,2067
19354,r10i1p1f1,2067,12,28,32.525094383929265,14.5053835,6.190004,2067
19355,r10i1p1f1,2067,12,29,130.09516722890302,17.514961,12.65006,2067
19356,r10i1p1f1,2067,12,30,14.03882205065058,14.9941635,7.1000304,2067
19357,r10i1p1f1,2067,12,31,0.0,12.067791,1.8025814,2067
19358,r10i1p1f1,2068,01,01,0.0,14.4375,0.9535605,2068
19359,r10i1p1f1,2068,01,02,0.0,12.903729,1.6482582,2068
19360,r10i1p1f1,2068,01,03,0.0,10.823718,4.908892,2068
19361,r10i1p1f1,2068,01,04,11.737777506564989,9.695572,2.3747501,2068
19362,r10i1p1f1,2068,01,05,10.84206492946817,10.764234,6.2719183,2068
19363,r10i1p1f1,2068,01,06,7.816348048646959,10.953656,2.783329,2068
19364,r10i1p1f1,2068,01,07,77.47052658324768,13.574775,4.4710298,2068
19365,r10i1p1f1,2068,01,08,53.48497806852193,8.187919,3.986663,2068
19366,r10i1p1f1,2068,01,09,25.812242361778196,10.754308,2.141483,2068
19367,r10i1p1f1,2068,01,10,105.78285756422893,12.503995,7.797713,2068
19368,r10i1p1f1,2068,01,11,7.094510426156232,11.618959,3.9675999,2068
19369,r10i1p1f1,2068,01,12,0.0,13.174262,5.8616204,2068
19370,r10i1p1f1,2068,01,13,0.0,12.239354,5.407383,2068
19371,r10i1p1f1,2068,01,14,0.0,16.721033,5.009026,2068
19372,r10i1p1f1,2068,01,15,27.639954270929785,13.749502,4.974892,2068
19373,r10i1p1f1,2068,01,16,0.8593917361706286,12.539852,4.785951,2068
19374,r10i1p1f1,2068,01,17,0.0,13.214381,3.2155583,2068
19375,r10i1p1f1,2068,01,18,0.0,15.43339,3.6045163,2068
19376,r10i1p1f1,2068,01,19,0.0,17.035582,4.9120092,2068
19377,r10i1p1f1,2068,01,20,0.0,16.162138,4.447994,2068
19378,r10i1p1f1,2068,01,21,0.0,19.565561,6.440937,2068
19379,r10i1p1f1,2068,01,22,0.0,17.976702,6.160829,2068
19380,r10i1p1f1,2068,01,23,0.0,18.063635,5.0496216,2068
19381,r10i1p1f1,2068,01,24,6.970521526129328,15.072242,7.6700225,2068
19382,r10i1p1f1,2068,01,25,0.0,11.608868,4.094141,2068
19383,r10i1p1f1,2068,01,26,0.0,11.90816,1.6315514,2068
19384,r10i1p1f1,2068,01,27,0.0,16.365807,4.443916,2068
19385,r10i1p1f1,2068,01,28,0.0,19.416845,6.5112553,2068
19386,r10i1p1f1,2068,01,29,0.0,19.616749,5.4832144,2068
19387,r10i1p1f1,2068,01,30,0.0,18.992609,4.4051023,2068
19388,r10i1p1f1,2068,01,31,0.15350822285606563,14.4204035,3.7917633,2068
19389,r10i1p1f1,2068,02,01,0.12258791979739296,14.940333,6.2837343,2068
19390,r10i1p1f1,2068,02,02,10.547456490396717,12.710504,6.956429,2068
19391,r10i1p1f1,2068,02,03,76.50310673542614,12.878447,5.082416,2068
19392,r10i1p1f1,2068,02,04,10.984338321500935,10.1893215,3.8105845,2068
19393,r10i1p1f1,2068,02,05,2.3662240567318804,10.572274,3.2308438,2068
19394,r10i1p1f1,2068,02,06,2.0428760301193076,10.530291,4.9936333,2068
19395,r10i1p1f1,2068,02,07,42.82935808204409,11.522995,7.2466583,2068
19396,r10i1p1f1,2068,02,08,0.6577484829832476,12.574272,2.9940538,2068
19397,r10i1p1f1,2068,02,09,0.0,16.025269,2.6171868,2068
19398,r10i1p1f1,2068,02,10,0.0,15.430319,2.3503778,2068
19399,r10i1p1f1,2068,02,11,0.0,15.626651,0.90480244,2068
19400,r10i1p1f1,2068,02,12,0.03666241190282898,13.120229,2.0784056,2068
19401,r10i1p1f1,2068,02,13,0.0,12.956182,3.100112,2068
19402,r10i1p1f1,2068,02,14,4.472395933829064,10.490335,2.380124,2068
19403,r10i1p1f1,2068,02,15,0.0,12.138077,2.9306924,2068
19404,r10i1p1f1,2068,02,16,9.887449552479666,9.802662,0.73387647,2068
19405,r10i1p1f1,2068,02,17,1.665408313503672,9.787437,3.466331,2068
19406,r10i1p1f1,2068,02,18,0.0,12.225588,2.139952,2068
19407,r10i1p1f1,2068,02,19,0.0,14.5770235,3.1295414,2068
19408,r10i1p1f1,2068,02,20,23.91537452380075,12.743074,2.606331,2068
19409,r10i1p1f1,2068,02,21,58.11014203844886,14.414785,4.8394403,2068
19410,r10i1p1f1,2068,02,22,59.2096621498441,14.312568,7.621692,2068
19411,r10i1p1f1,2068,02,23,74.6798073027381,15.18114,6.5785995,2068
19412,r10i1p1f1,2068,02,24,2.9280713259379954,10.979677,1.0930521,2068
19413,r10i1p1f1,2068,02,25,0.0,14.697219,3.425876,2068
19414,r10i1p1f1,2068,02,26,20.5631715175083,12.7574415,4.066133,2068
19415,r10i1p1f1,2068,02,27,0.0,13.621235,2.9644637,2068
19416,r10i1p1f1,2068,02,28,61.56430975534022,12.872134,5.0801835,2068
19417,r10i1p1f1,2068,02,29,23.163830468087998,13.385712,4.2318115,2068
19418,r10i1p1f1,2068,03,01,0.0,14.710152,3.1286397,2068
19419,r10i1p1f1,2068,03,02,0.0,15.8880825,1.712885,2068
19420,r10i1p1f1,2068,03,03,1.3548018729005362,15.757761,5.6318874,2068
19421,r10i1p1f1,2068,03,04,0.0,19.358973,4.204707,2068
19422,r10i1p1f1,2068,03,05,9.604374744690416,19.246567,6.5911937,2068
19423,r10i1p1f1,2068,03,06,16.90315330407956,11.760163,4.70377,2068
19424,r10i1p1f1,2068,03,07,31.66406477164281,13.2251835,5.270026,2068
19425,r10i1p1f1,2068,03,08,5.199904970772638,11.641193,5.4947934,2068
19426,r10i1p1f1,2068,03,09,13.999414377107506,11.396006,4.3239474,2068
19427,r10i1p1f1,2068,03,10,0.10650602702968938,14.97776,3.2491758,2068
19428,r10i1p1f1,2068,03,11,0.0,15.363182,-0.19617824,2068
19429,r10i1p1f1,2068,03,12,0.0,15.477989,2.6138477,2068
19430,r10i1p1f1,2068,03,13,19.535086971346143,12.750887,8.133421,2068
19431,r10i1p1f1,2068,03,14,5.943060218303224,15.439,8.088764,2068
19432,r10i1p1f1,2068,03,15,22.38566576638014,14.504153,7.994677,2068
19433,r10i1p1f1,2068,03,16,37.37982885918188,12.438713,7.264471,2068
19434,r10i1p1f1,2068,03,17,6.583467398013454,10.144061,2.022617,2068
19435,r10i1p1f1,2068,03,18,0.7120714709296743,12.66242,3.283766,2068
19436,r10i1p1f1,2068,03,19,0.0,14.831703,4.3846607,2068
19437,r10i1p1f1,2068,03,20,0.0,16.000463,3.7791538,2068
19438,r10i1p1f1,2068,03,21,10.91676904455342,14.737396,3.1368053,2068
19439,r10i1p1f1,2068,03,22,22.548917680519242,8.905903,2.2341988,2068
19440,r10i1p1f1,2068,03,23,0.023223442545522152,13.763529,2.819275,2068
19441,r10i1p1f1,2068,03,24,0.0,17.966022,1.5010382,2068
19442,r10i1p1f1,2068,03,25,0.0,21.08808,5.5728703,2068
19443,r10i1p1f1,2068,03,26,0.0,20.788813,8.207806,2068
19444,r10i1p1f1,2068,03,27,0.0,20.477293,7.695493,2068
19445,r10i1p1f1,2068,03,28,0.0,16.502869,6.311138,2068
19446,r10i1p1f1,2068,03,29,0.0,19.693253,4.0665903,2068
19447,r10i1p1f1,2068,03,30,0.0,19.135757,5.5137877,2068
19448,r10i1p1f1,2068,03,31,0.0,23.184828,5.6787477,2068
19449,r10i1p1f1,2068,04,01,0.0,26.620539,10.832764,2068
19450,r10i1p1f1,2068,04,02,0.0,28.068233,10.290123,2068
19451,r10i1p1f1,2068,04,03,0.0,27.060917,10.602778,2068
19452,r10i1p1f1,2068,04,04,0.8415473538566163,22.393944,7.547525,2068
19453,r10i1p1f1,2068,04,05,9.38038134474099,14.999646,8.261961,2068
19454,r10i1p1f1,2068,04,06,2.138735544940573,13.512856,6.2595644,2068
19455,r10i1p1f1,2068,04,07,0.0,21.03266,6.0715055,2068
19456,r10i1p1f1,2068,04,08,0.0,20.449463,7.2249274,2068
19457,r10i1p1f1,2068,04,09,0.0,21.782133,7.111536,2068
19458,r10i1p1f1,2068,04,10,0.0,20.767166,7.027212,2068
19459,r10i1p1f1,2068,04,11,0.0,19.371922,5.4508023,2068
19460,r10i1p1f1,2068,04,12,0.0,18.900553,6.4142776,2068
19461,r10i1p1f1,2068,04,13,9.333468844239466,14.888879,7.6290145,2068
19462,r10i1p1f1,2068,04,14,0.03512225425526451,15.252716,4.827604,2068
19463,r10i1p1f1,2068,04,15,2.2998184490766587,14.040041,1.0426451,2068
19464,r10i1p1f1,2068,04,16,0.0,17.467695,2.0317113,2068
19465,r10i1p1f1,2068,04,17,10.64651177829977,17.59597,4.5989404,2068
19466,r10i1p1f1,2068,04,18,4.950190938897274,17.561214,3.7129235,2068
19467,r10i1p1f1,2068,04,19,0.0,21.432724,5.8887625,2068
19468,r10i1p1f1,2068,04,20,0.0,24.769262,10.46611,2068
19469,r10i1p1f1,2068,04,21,0.0,25.180649,10.032962,2068
19470,r10i1p1f1,2068,04,22,0.0,27.46258,12.601895,2068
19471,r10i1p1f1,2068,04,23,0.0,27.346195,11.709816,2068
19472,r10i1p1f1,2068,04,24,0.0,22.414104,9.435251,2068
19473,r10i1p1f1,2068,04,25,0.0,22.403107,8.546614,2068
19474,r10i1p1f1,2068,04,26,0.0,24.428858,7.5927596,2068
19475,r10i1p1f1,2068,04,27,0.0,24.109077,9.756492,2068
19476,r10i1p1f1,2068,04,28,0.0,24.821112,8.734254,2068
19477,r10i1p1f1,2068,04,29,0.0,24.595514,10.413286,2068
19478,r10i1p1f1,2068,04,30,2.841214325697269,20.642223,6.335359,2068
19479,r10i1p1f1,2068,05,01,6.752556621856791,14.682153,2.8597941,2068
19480,r10i1p1f1,2068,05,02,0.0,17.982077,5.883225,2068
19481,r10i1p1f1,2068,05,03,0.0,18.394669,6.5134263,2068
19482,r10i1p1f1,2068,05,04,0.9760028728123871,17.484854,5.802238,2068
19483,r10i1p1f1,2068,05,05,0.0,16.83111,4.1849246,2068
19484,r10i1p1f1,2068,05,06,13.208943929700917,16.172092,3.2350776,2068
19485,r10i1p1f1,2068,05,07,0.0,20.371,6.373881,2068
19486,r10i1p1f1,2068,05,08,0.0,21.901268,6.245779,2068
19487,r10i1p1f1,2068,05,09,16.360326012516836,19.414145,5.496614,2068
19488,r10i1p1f1,2068,05,10,15.339915927075996,12.945695,4.166904,2068
19489,r10i1p1f1,2068,05,11,0.0010142234235612896,17.410982,3.4414918,2068
19490,r10i1p1f1,2068,05,12,4.933675168065651,16.648191,6.537188,2068
19491,r10i1p1f1,2068,05,13,0.060832212502167464,16.443832,7.966738,2068
19492,r10i1p1f1,2068,05,14,0.7277370119577666,16.667093,4.4596043,2068
19493,r10i1p1f1,2068,05,15,0.0,17.140785,4.67738,2068
19494,r10i1p1f1,2068,05,16,0.0,20.764673,3.428938,2068
19495,r10i1p1f1,2068,05,17,0.0,21.31278,9.053851,2068
19496,r10i1p1f1,2068,05,18,0.0,22.166409,6.948971,2068
19497,r10i1p1f1,2068,05,19,0.0,23.571882,7.257283,2068
19498,r10i1p1f1,2068,05,20,2.391590049692719,20.674246,6.140298,2068
19499,r10i1p1f1,2068,05,21,45.79976491360484,18.0389,6.8172727,2068
19500,r10i1p1f1,2068,05,22,0.440283430400182,20.864508,7.3220224,2068
19501,r10i1p1f1,2068,05,23,0.4637241134715671,20.164341,7.613535,2068
19502,r10i1p1f1,2068,05,24,56.258001494356186,15.323273,9.729852,2068
19503,r10i1p1f1,2068,05,25,19.191104430693056,17.184036,9.951396,2068
19504,r10i1p1f1,2068,05,26,0.0,21.526907,7.038713,2068
19505,r10i1p1f1,2068,05,27,0.0,23.928732,7.824518,2068
19506,r10i1p1f1,2068,05,28,0.0,22.538872,8.889317,2068
19507,r10i1p1f1,2068,05,29,0.0,22.641516,6.881746,2068
19508,r10i1p1f1,2068,05,30,0.0,27.922338,11.710864,2068
19509,r10i1p1f1,2068,05,31,0.0,30.082037,12.598035,2068
19510,r10i1p1f1,2068,06,01,0.0,28.92726,11.868279,2068
19511,r10i1p1f1,2068,06,02,0.0,26.172295,9.238822,2068
19512,r10i1p1f1,2068,06,03,0.0,22.422703,5.047867,2068
19513,r10i1p1f1,2068,06,04,0.0,27.38356,8.856246,2068
19514,r10i1p1f1,2068,06,05,0.0,26.486504,8.397338,2068
19515,r10i1p1f1,2068,06,06,0.0,25.168633,10.862073,2068
19516,r10i1p1f1,2068,06,07,0.0,26.41894,9.448753,2068
19517,r10i1p1f1,2068,06,08,0.0,25.870876,10.858483,2068
19518,r10i1p1f1,2068,06,09,1.0027828999682242,16.754564,10.878243,2068
19519,r10i1p1f1,2068,06,10,0.5075986604616015,15.7264595,9.544764,2068
19520,r10i1p1f1,2068,06,11,2.2655085075903596,16.929756,3.2447379,2068
19521,r10i1p1f1,2068,06,12,0.6752436523177159,21.061884,4.4630094,2068
19522,r10i1p1f1,2068,06,13,0.0,23.02924,7.5967617,2068
19523,r10i1p1f1,2068,06,14,0.9814091539594397,20.125034,8.9884615,2068
19524,r10i1p1f1,2068,06,15,0.0,23.517773,7.847661,2068
19525,r10i1p1f1,2068,06,16,0.0,28.931053,11.53877,2068
19526,r10i1p1f1,2068,06,17,0.0,33.819843,15.483448,2068
19527,r10i1p1f1,2068,06,18,0.0,33.83249,18.432123,2068
19528,r10i1p1f1,2068,06,19,0.0,31.754208,17.027145,2068
19529,r10i1p1f1,2068,06,20,0.0,30.600012,16.311832,2068
19530,r10i1p1f1,2068,06,21,0.0,29.884855,16.21844,2068
19531,r10i1p1f1,2068,06,22,0.0,27.621506,12.834094,2068
19532,r10i1p1f1,2068,06,23,0.0,29.74798,12.057773,2068
19533,r10i1p1f1,2068,06,24,0.0,30.688534,13.475196,2068
19534,r10i1p1f1,2068,06,25,0.0,33.27121,14.8581,2068
19535,r10i1p1f1,2068,06,26,0.0,36.780445,20.794724,2068
19536,r10i1p1f1,2068,06,27,0.0,39.093685,21.115282,2068
19537,r10i1p1f1,2068,06,28,0.0,38.437786,23.223726,2068
19538,r10i1p1f1,2068,06,29,0.0,37.356598,22.75447,2068
19539,r10i1p1f1,2068,06,30,0.0,36.703697,23.439777,2068
19540,r10i1p1f1,2068,07,01,0.0,37.12306,21.755386,2068
19541,r10i1p1f1,2068,07,02,0.0,36.22568,20.62258,2068
19542,r10i1p1f1,2068,07,03,0.0,35.625336,20.650122,2068
19543,r10i1p1f1,2068,07,04,0.0,34.551514,19.545073,2068
19544,r10i1p1f1,2068,07,05,0.4497840171097778,34.48417,18.33074,2068
19545,r10i1p1f1,2068,07,06,0.0,34.466156,18.913622,2068
19546,r10i1p1f1,2068,07,07,0.0,33.741173,20.771214,2068
19547,r10i1p1f1,2068,07,08,0.1646643539156924,33.775726,19.169176,2068
19548,r10i1p1f1,2068,07,09,0.0,33.25455,18.222086,2068
19549,r10i1p1f1,2068,07,10,0.0,30.612118,16.453524,2068
19550,r10i1p1f1,2068,07,11,0.0,30.494469,15.598882,2068
19551,r10i1p1f1,2068,07,12,0.0,33.21498,16.687536,2068
19552,r10i1p1f1,2068,07,13,0.0,34.855515,18.130905,2068
19553,r10i1p1f1,2068,07,14,0.0,33.680058,18.791262,2068
19554,r10i1p1f1,2068,07,15,0.0,31.759832,16.926292,2068
19555,r10i1p1f1,2068,07,16,0.0,29.750158,14.430218,2068
19556,r10i1p1f1,2068,07,17,0.0,33.632946,16.011621,2068
19557,r10i1p1f1,2068,07,18,0.0,32.75224,17.25356,2068
19558,r10i1p1f1,2068,07,19,0.0,32.486828,14.380021,2068
19559,r10i1p1f1,2068,07,20,0.0,34.82073,18.34838,2068
19560,r10i1p1f1,2068,07,21,0.0,34.5913,18.80071,2068
19561,r10i1p1f1,2068,07,22,0.11634177001389234,36.850555,18.92217,2068
19562,r10i1p1f1,2068,07,23,0.004520472219538581,36.93365,19.746637,2068
19563,r10i1p1f1,2068,07,24,0.15138950163873233,35.41037,19.469187,2068
19564,r10i1p1f1,2068,07,25,0.0,33.204613,17.963171,2068
19565,r10i1p1f1,2068,07,26,0.0,33.92121,16.581192,2068
19566,r10i1p1f1,2068,07,27,0.0,34.95224,18.268803,2068
19567,r10i1p1f1,2068,07,28,0.0,34.432034,17.89603,2068
19568,r10i1p1f1,2068,07,29,0.0,34.060535,16.26688,2068
19569,r10i1p1f1,2068,07,30,0.0,38.671906,20.246912,2068
19570,r10i1p1f1,2068,07,31,0.09905209505967305,37.704422,20.716204,2068
19571,r10i1p1f1,2068,08,01,0.0,34.85936,20.244627,2068
19572,r10i1p1f1,2068,08,02,0.0,32.99526,16.811075,2068
19573,r10i1p1f1,2068,08,03,0.0,31.164526,14.072062,2068
19574,r10i1p1f1,2068,08,04,0.0,31.629084,14.155513,2068
19575,r10i1p1f1,2068,08,05,0.0,31.095812,14.873035,2068
19576,r10i1p1f1,2068,08,06,0.0,31.737665,15.04413,2068
19577,r10i1p1f1,2068,08,07,0.0,31.870409,15.486302,2068
19578,r10i1p1f1,2068,08,08,0.0,31.279692,16.274183,2068
19579,r10i1p1f1,2068,08,09,0.0,31.745142,14.4651165,2068
19580,r10i1p1f1,2068,08,10,0.0,30.977331,14.923404,2068
19581,r10i1p1f1,2068,08,11,0.0,32.739532,14.897864,2068
19582,r10i1p1f1,2068,08,12,0.0,36.104015,18.069157,2068
19583,r10i1p1f1,2068,08,13,0.0,35.47455,19.539686,2068
19584,r10i1p1f1,2068,08,14,0.0,33.36958,17.238977,2068
19585,r10i1p1f1,2068,08,15,0.0,27.98214,12.743771,2068
19586,r10i1p1f1,2068,08,16,0.0,28.20352,11.364418,2068
19587,r10i1p1f1,2068,08,17,0.0,28.183311,12.162483,2068
19588,r10i1p1f1,2068,08,18,0.0,31.014296,12.94028,2068
19589,r10i1p1f1,2068,08,19,0.0,32.42134,15.570179,2068
19590,r10i1p1f1,2068,08,20,0.0,31.968378,15.041041,2068
19591,r10i1p1f1,2068,08,21,0.0,29.673086,12.519827,2068
19592,r10i1p1f1,2068,08,22,0.0,30.311453,12.969431,2068
19593,r10i1p1f1,2068,08,23,0.0,29.595606,12.309212,2068
19594,r10i1p1f1,2068,08,24,0.0,30.138239,13.835645,2068
19595,r10i1p1f1,2068,08,25,0.0,33.942196,16.885368,2068
19596,r10i1p1f1,2068,08,26,0.0,35.121693,16.884083,2068
19597,r10i1p1f1,2068,08,27,0.0,34.595875,18.16598,2068
19598,r10i1p1f1,2068,08,28,0.0,34.337116,16.71426,2068
19599,r10i1p1f1,2068,08,29,0.0,33.94761,17.534126,2068
19600,r10i1p1f1,2068,08,30,0.0,32.50127,16.226978,2068
19601,r10i1p1f1,2068,08,31,0.0,32.989574,13.897519,2068
19602,r10i1p1f1,2068,09,01,0.0,36.92122,18.625412,2068
19603,r10i1p1f1,2068,09,02,0.0,36.491364,19.47853,2068
19604,r10i1p1f1,2068,09,03,0.0,34.676037,19.770304,2068
19605,r10i1p1f1,2068,09,04,0.0,35.007637,17.00029,2068
19606,r10i1p1f1,2068,09,05,0.0,39.50259,20.165426,2068
19607,r10i1p1f1,2068,09,06,0.0,40.30093,21.78657,2068
19608,r10i1p1f1,2068,09,07,0.0,39.665348,22.058947,2068
19609,r10i1p1f1,2068,09,08,0.0,37.38301,20.707647,2068
19610,r10i1p1f1,2068,09,09,0.0,31.268545,12.8856535,2068
19611,r10i1p1f1,2068,09,10,0.0,28.545343,11.656069,2068
19612,r10i1p1f1,2068,09,11,0.0,31.883757,15.730511,2068
19613,r10i1p1f1,2068,09,12,0.0,30.896387,15.26063,2068
19614,r10i1p1f1,2068,09,13,1.7134320394976192,30.65193,17.268162,2068
19615,r10i1p1f1,2068,09,14,0.0,31.17788,13.214134,2068
19616,r10i1p1f1,2068,09,15,0.0,31.211779,14.816622,2068
19617,r10i1p1f1,2068,09,16,0.0,31.309599,16.083223,2068
19618,r10i1p1f1,2068,09,17,0.0,33.82933,18.813892,2068
19619,r10i1p1f1,2068,09,18,0.0,33.503437,18.688469,2068
19620,r10i1p1f1,2068,09,19,0.0,28.616879,15.7169,2068
19621,r10i1p1f1,2068,09,20,0.0,24.0493,10.159203,2068
19622,r10i1p1f1,2068,09,21,0.0,27.67541,10.269757,2068
19623,r10i1p1f1,2068,09,22,0.0,31.690638,16.858223,2068
19624,r10i1p1f1,2068,09,23,0.0,32.471756,15.651663,2068
19625,r10i1p1f1,2068,09,24,0.0,34.111458,17.355791,2068
19626,r10i1p1f1,2068,09,25,0.0,32.731945,17.963312,2068
19627,r10i1p1f1,2068,09,26,0.0,25.760635,12.783577,2068
19628,r10i1p1f1,2068,09,27,0.0,27.759775,10.403636,2068
19629,r10i1p1f1,2068,09,28,0.0,27.80929,12.597052,2068
19630,r10i1p1f1,2068,09,29,0.0,28.61061,13.014708,2068
19631,r10i1p1f1,2068,09,30,0.0,28.407007,14.3186245,2068
19632,r10i1p1f1,2068,10,01,0.0,29.375835,11.311509,2068
19633,r10i1p1f1,2068,10,02,0.0,30.118168,15.113758,2068
19634,r10i1p1f1,2068,10,03,0.0,31.235144,15.921832,2068
19635,r10i1p1f1,2068,10,04,0.0,32.998363,16.221123,2068
19636,r10i1p1f1,2068,10,05,0.0,33.906784,16.179676,2068
19637,r10i1p1f1,2068,10,06,0.0,32.500317,15.47463,2068
19638,r10i1p1f1,2068,10,07,0.0,28.798058,14.791756,2068
19639,r10i1p1f1,2068,10,08,0.0,31.66725,13.924887,2068
19640,r10i1p1f1,2068,10,09,0.0,32.203957,16.461369,2068
19641,r10i1p1f1,2068,10,10,0.02438860135857555,30.820782,18.508108,2068
19642,r10i1p1f1,2068,10,11,0.8453896438607588,33.11674,21.016047,2068
19643,r10i1p1f1,2068,10,12,0.0,31.734543,15.796382,2068
19644,r10i1p1f1,2068,10,13,0.0,28.440838,15.726839,2068
19645,r10i1p1f1,2068,10,14,12.605611061888723,32.3934,18.677336,2068
19646,r10i1p1f1,2068,10,15,0.01744791143329693,26.071726,12.308342,2068
19647,r10i1p1f1,2068,10,16,0.0,24.877565,10.625388,2068
19648,r10i1p1f1,2068,10,17,0.0,24.123863,10.633462,2068
19649,r10i1p1f1,2068,10,18,0.0,29.021189,13.1415825,2068
19650,r10i1p1f1,2068,10,19,0.0,30.716187,13.322868,2068
19651,r10i1p1f1,2068,10,20,0.0,31.345434,15.098427,2068
19652,r10i1p1f1,2068,10,21,0.0,30.835083,17.021309,2068
19653,r10i1p1f1,2068,10,22,0.0,34.153595,18.567635,2068
19654,r10i1p1f1,2068,10,23,0.0,33.728912,17.607164,2068
19655,r10i1p1f1,2068,10,24,0.0,28.4301,17.460707,2068
19656,r10i1p1f1,2068,10,25,1.352227414616592,27.703382,18.539984,2068
19657,r10i1p1f1,2068,10,26,1.9762503729333203,26.045437,17.532705,2068
19658,r10i1p1f1,2068,10,27,26.945529513269367,24.704315,14.194186,2068
19659,r10i1p1f1,2068,10,28,21.567520290217974,19.340101,12.583976,2068
19660,r10i1p1f1,2068,10,29,48.798102540527715,17.249859,8.4260235,2068
19661,r10i1p1f1,2068,10,30,4.214989395347258,14.649716,7.8309007,2068
19662,r10i1p1f1,2068,10,31,0.0,16.670326,5.38759,2068
19663,r10i1p1f1,2068,11,01,0.24238384753037903,18.37792,7.631379,2068
19664,r10i1p1f1,2068,11,02,0.0,19.227583,7.166357,2068
19665,r10i1p1f1,2068,11,03,0.0,22.200455,8.829194,2068
19666,r10i1p1f1,2068,11,04,0.0,20.748041,9.81902,2068
19667,r10i1p1f1,2068,11,05,0.0,23.536392,7.1552877,2068
19668,r10i1p1f1,2068,11,06,0.0,24.50681,10.290437,2068
19669,r10i1p1f1,2068,11,07,0.0,23.244287,11.404247,2068
19670,r10i1p1f1,2068,11,08,0.0,21.022789,10.349151,2068
19671,r10i1p1f1,2068,11,09,0.0,22.410097,6.371114,2068
19672,r10i1p1f1,2068,11,10,0.0,22.562904,10.767476,2068
19673,r10i1p1f1,2068,11,11,0.0,23.228472,7.467142,2068
19674,r10i1p1f1,2068,11,12,9.887046961088537,23.412308,10.56593,2068
19675,r10i1p1f1,2068,11,13,19.699877418277442,15.520103,8.546094,2068
19676,r10i1p1f1,2068,11,14,4.982749666777109,14.721079,9.474122,2068
19677,r10i1p1f1,2068,11,15,0.13256169742434346,20.62148,7.7665467,2068
19678,r10i1p1f1,2068,11,16,2.6855700596666123,19.02217,8.400966,2068
19679,r10i1p1f1,2068,11,17,5.904921793511389,16.353199,5.83824,2068
19680,r10i1p1f1,2068,11,18,0.30680925746022886,14.402938,7.686798,2068
19681,r10i1p1f1,2068,11,19,0.0,16.793007,7.464027,2068
19682,r10i1p1f1,2068,11,20,0.004875596017191248,16.737036,8.099551,2068
19683,r10i1p1f1,2068,11,21,20.454845794378535,16.415182,9.390449,2068
19684,r10i1p1f1,2068,11,22,1.1557105012702538,12.291984,5.809184,2068
19685,r10i1p1f1,2068,11,23,0.0,14.551819,2.9244854,2068
19686,r10i1p1f1,2068,11,24,1.0347862086124031,15.082857,3.6169505,2068
19687,r10i1p1f1,2068,11,25,0.0,17.895649,4.35298,2068
19688,r10i1p1f1,2068,11,26,0.0,16.583704,4.2428274,2068
19689,r10i1p1f1,2068,11,27,0.0,16.868484,1.5142499,2068
19690,r10i1p1f1,2068,11,28,0.0,15.702707,3.5579898,2068
19691,r10i1p1f1,2068,11,29,0.0,12.847935,6.156413,2068
19692,r10i1p1f1,2068,11,30,0.6273251841105919,11.388462,1.6973501,2068
19693,r10i1p1f1,2068,12,01,0.0,12.330509,1.3068578,2068
19694,r10i1p1f1,2068,12,02,0.0,12.962372,1.3957102,2068
19695,r10i1p1f1,2068,12,03,0.0,14.9764595,2.500021,2068
19696,r10i1p1f1,2068,12,04,0.0,15.603478,3.738947,2068
19697,r10i1p1f1,2068,12,05,0.0,17.052385,4.9591956,2068
19698,r10i1p1f1,2068,12,06,0.0,16.140804,4.4191666,2068
19699,r10i1p1f1,2068,12,07,0.0,14.729166,4.4614296,2068
19700,r10i1p1f1,2068,12,08,0.0,16.921492,4.7689285,2068
19701,r10i1p1f1,2068,12,09,0.0,16.756361,4.551197,2068
19702,r10i1p1f1,2068,12,10,0.0,17.028502,5.392783,2068
19703,r10i1p1f1,2068,12,11,0.731900821703771,15.103361,5.211422,2068
19704,r10i1p1f1,2068,12,12,0.0,17.76089,5.5999765,2068
19705,r10i1p1f1,2068,12,13,6.0969420872616436,16.51935,5.8562975,2068
19706,r10i1p1f1,2068,12,14,0.008225442041676663,9.91791,3.075872,2068
19707,r10i1p1f1,2068,12,15,0.0,12.955584,0.13114427,2068
19708,r10i1p1f1,2068,12,16,0.0,11.878095,2.1563027,2068
19709,r10i1p1f1,2068,12,17,3.599418000339938,8.77987,2.4813492,2068
19710,r10i1p1f1,2068,12,18,0.0,7.4814568,-2.2285047,2068
19711,r10i1p1f1,2068,12,19,0.0,7.3143873,-1.7870054,2068
19712,r10i1p1f1,2068,12,20,0.0,13.348773,1.3296181,2068
19713,r10i1p1f1,2068,12,21,0.0,13.782041,1.761295,2068
19714,r10i1p1f1,2068,12,22,0.0,13.878622,1.2475522,2068
19715,r10i1p1f1,2068,12,23,0.0,12.6386595,2.5795932,2068
19716,r10i1p1f1,2068,12,24,0.0,10.505815,1.0521866,2068
19717,r10i1p1f1,2068,12,25,0.0,11.989362,0.15589623,2068
19718,r10i1p1f1,2068,12,26,0.0,12.833874,1.3348068,2068
19719,r10i1p1f1,2068,12,27,0.0,15.3717375,3.8464873,2068
19720,r10i1p1f1,2068,12,28,0.0,17.332336,5.4819784,2068
19721,r10i1p1f1,2068,12,29,0.0,18.23963,4.9260674,2068
19722,r10i1p1f1,2068,12,30,0.0,17.819593,6.1659617,2068
19723,r10i1p1f1,2068,12,31,0.0,18.858208,5.3934236,2068
19724,r10i1p1f1,2069,01,01,0.0,20.566813,6.9640317,2069
19725,r10i1p1f1,2069,01,02,0.0,20.481726,8.924417,2069
19726,r10i1p1f1,2069,01,03,0.0,19.578716,7.4645934,2069
19727,r10i1p1f1,2069,01,04,0.0,16.018566,6.5323467,2069
19728,r10i1p1f1,2069,01,05,0.0,15.052246,4.2483754,2069
19729,r10i1p1f1,2069,01,06,0.0,15.085046,2.886874,2069
19730,r10i1p1f1,2069,01,07,0.17372711183126835,10.180743,4.1165113,2069
19731,r10i1p1f1,2069,01,08,0.0,9.354822,-1.7943999,2069
19732,r10i1p1f1,2069,01,09,0.0,6.248506,-5.2007613,2069
19733,r10i1p1f1,2069,01,10,0.0,8.113659,-3.9763687,2069
19734,r10i1p1f1,2069,01,11,0.0,12.520857,-2.41594,2069
19735,r10i1p1f1,2069,01,12,0.0,14.259024,0.7773781,2069
19736,r10i1p1f1,2069,01,13,0.05631400386176354,13.133354,3.2304437,2069
19737,r10i1p1f1,2069,01,14,23.097395569723297,12.529949,4.086763,2069
19738,r10i1p1f1,2069,01,15,5.887314027141225,9.6199255,3.9002721,2069
19739,r10i1p1f1,2069,01,16,68.21585458972932,14.483106,3.838167,2069
19740,r10i1p1f1,2069,01,17,9.712137162827467,15.117507,6.5372667,2069
19741,r10i1p1f1,2069,01,18,2.447691964564575,9.696116,4.665235,2069
19742,r10i1p1f1,2069,01,19,0.0,15.354809,3.7364936,2069
19743,r10i1p1f1,2069,01,20,10.914212189106221,12.19866,3.5768907,2069
19744,r10i1p1f1,2069,01,21,14.880331551141449,9.535293,3.9638906,2069
19745,r10i1p1f1,2069,01,22,0.0,12.802016,4.831306,2069
19746,r10i1p1f1,2069,01,23,0.0,11.987961,1.6081978,2069
19747,r10i1p1f1,2069,01,24,0.0,14.7603855,3.0454617,2069
19748,r10i1p1f1,2069,01,25,0.0,15.469445,2.8314514,2069
19749,r10i1p1f1,2069,01,26,0.0,14.771301,3.2131236,2069
19750,r10i1p1f1,2069,01,27,20.352640094413225,9.498868,5.467684,2069
19751,r10i1p1f1,2069,01,28,0.0,16.997723,5.5260735,2069
19752,r10i1p1f1,2069,01,29,0.0,18.48438,4.359285,2069
19753,r10i1p1f1,2069,01,30,0.0,16.220234,4.5261574,2069
19754,r10i1p1f1,2069,01,31,0.0,16.002857,3.9177165,2069
19755,r10i1p1f1,2069,02,01,0.0,15.421313,3.6529276,2069
19756,r10i1p1f1,2069,02,02,0.0,14.661914,4.3751125,2069
19757,r10i1p1f1,2069,02,03,0.0,15.696275,1.7987312,2069
19758,r10i1p1f1,2069,02,04,0.0,13.469581,0.62799513,2069
19759,r10i1p1f1,2069,02,05,0.0,14.741591,0.8675758,2069
19760,r10i1p1f1,2069,02,06,0.0,16.53297,1.6176274,2069
19761,r10i1p1f1,2069,02,07,0.0,14.293654,1.8729224,2069
19762,r10i1p1f1,2069,02,08,0.0,15.669291,1.9743379,2069
19763,r10i1p1f1,2069,02,09,0.0,17.70834,4.4143867,2069
19764,r10i1p1f1,2069,02,10,0.0,20.627539,5.9411407,2069
19765,r10i1p1f1,2069,02,11,0.0,20.981005,6.9811997,2069
19766,r10i1p1f1,2069,02,12,0.07143572032586426,20.800562,7.837807,2069
19767,r10i1p1f1,2069,02,13,0.0,17.084463,5.19371,2069
19768,r10i1p1f1,2069,02,14,8.508791194119686,15.554446,6.9427443,2069
19769,r10i1p1f1,2069,02,15,10.998238533686258,11.548181,6.636031,2069
19770,r10i1p1f1,2069,02,16,0.5974822178670461,14.115511,5.264983,2069
19771,r10i1p1f1,2069,02,17,3.0876390944333827,13.942596,3.5315464,2069
19772,r10i1p1f1,2069,02,18,0.2200458897038372,13.908123,3.2640572,2069
19773,r10i1p1f1,2069,02,19,9.138361378542246,10.661849,3.3456118,2069
19774,r10i1p1f1,2069,02,20,1.3651607979873486,11.46477,5.3215356,2069
19775,r10i1p1f1,2069,02,21,0.022347372539929654,15.233112,1.8591001,2069
19776,r10i1p1f1,2069,02,22,0.0,16.23143,1.4480201,2069
19777,r10i1p1f1,2069,02,23,0.0,14.507101,4.033375,2069
19778,r10i1p1f1,2069,02,24,0.0,13.767078,3.0368977,2069
19779,r10i1p1f1,2069,02,25,12.659424036208197,12.240048,3.63921,2069
19780,r10i1p1f1,2069,02,26,0.0,17.562668,5.97922,2069
19781,r10i1p1f1,2069,02,27,0.0,18.496119,6.292539,2069
19782,r10i1p1f1,2069,02,28,0.0,19.882845,7.836165,2069
19783,r10i1p1f1,2069,03,01,0.0,20.195145,7.977899,2069
19784,r10i1p1f1,2069,03,02,0.0,20.340023,7.830037,2069
19785,r10i1p1f1,2069,03,03,29.020812140630657,18.308178,4.058409,2069
19786,r10i1p1f1,2069,03,04,27.914872035954,10.327319,4.667736,2069
19787,r10i1p1f1,2069,03,05,4.458128595706512,10.011995,2.36149,2069
19788,r10i1p1f1,2069,03,06,60.45779699435163,11.022093,3.4065216,2069
19789,r10i1p1f1,2069,03,07,21.25598264024838,10.746899,3.3796957,2069
19790,r10i1p1f1,2069,03,08,0.09100626751827995,12.869391,1.4237354,2069
19791,r10i1p1f1,2069,03,09,0.0,15.24061,2.168689,2069
19792,r10i1p1f1,2069,03,10,0.0,16.56723,2.7291021,2069
19793,r10i1p1f1,2069,03,11,0.0,15.992258,3.6731052,2069
19794,r10i1p1f1,2069,03,12,0.0,15.321752,2.0986211,2069
19795,r10i1p1f1,2069,03,13,0.0,21.280943,4.8384786,2069
19796,r10i1p1f1,2069,03,14,0.0,20.498606,5.2092476,2069
19797,r10i1p1f1,2069,03,15,0.0,20.004725,6.178919,2069
19798,r10i1p1f1,2069,03,16,0.0,22.148134,6.2052555,2069
19799,r10i1p1f1,2069,03,17,1.0280191185924388,20.066067,6.18777,2069
19800,r10i1p1f1,2069,03,18,0.23432878389078388,23.011465,7.5161614,2069
19801,r10i1p1f1,2069,03,19,0.0,23.432678,9.587781,2069
19802,r10i1p1f1,2069,03,20,0.0,24.092,6.765503,2069
19803,r10i1p1f1,2069,03,21,13.380767329669508,17.424435,5.5431013,2069
19804,r10i1p1f1,2069,03,22,60.67375291359464,11.126934,6.8154106,2069
19805,r10i1p1f1,2069,03,23,24.02050669219247,12.386017,6.1962137,2069
19806,r10i1p1f1,2069,03,24,6.2777945195098015,12.6233425,4.598538,2069
19807,r10i1p1f1,2069,03,25,0.6914297887593229,14.255287,4.9234304,2069
19808,r10i1p1f1,2069,03,26,7.974890550337333,9.986559,3.6504893,2069
19809,r10i1p1f1,2069,03,27,0.0,14.127104,1.5846783,2069
19810,r10i1p1f1,2069,03,28,0.0,16.248062,0.9548649,2069
19811,r10i1p1f1,2069,03,29,0.0,21.820412,5.5721493,2069
19812,r10i1p1f1,2069,03,30,0.0,27.13909,8.520784,2069
19813,r10i1p1f1,2069,03,31,0.0,26.346674,11.19192,2069
19814,r10i1p1f1,2069,04,01,0.0,24.27638,11.836535,2069
19815,r10i1p1f1,2069,04,02,0.0,21.190016,10.106783,2069
19816,r10i1p1f1,2069,04,03,0.0,22.05316,7.82476,2069
19817,r10i1p1f1,2069,04,04,0.0,25.730085,9.851622,2069
19818,r10i1p1f1,2069,04,05,0.9194679308997796,21.25411,6.5492506,2069
19819,r10i1p1f1,2069,04,06,13.518621598996106,14.007754,6.695311,2069
19820,r10i1p1f1,2069,04,07,0.0060473270423244685,15.360835,1.7742695,2069
19821,r10i1p1f1,2069,04,08,0.0,17.412561,2.7706552,2069
19822,r10i1p1f1,2069,04,09,0.0,20.151037,4.5335093,2069
19823,r10i1p1f1,2069,04,10,0.0,18.262842,5.9632154,2069
19824,r10i1p1f1,2069,04,11,0.0,20.381077,5.2356524,2069
19825,r10i1p1f1,2069,04,12,0.0,23.663385,5.978804,2069
19826,r10i1p1f1,2069,04,13,0.0,25.859207,10.610746,2069
19827,r10i1p1f1,2069,04,14,0.0,25.912373,11.314673,2069
19828,r10i1p1f1,2069,04,15,0.0,23.69688,10.145991,2069
19829,r10i1p1f1,2069,04,16,0.0,27.923452,10.718496,2069
19830,r10i1p1f1,2069,04,17,0.0,27.008253,11.297762,2069
19831,r10i1p1f1,2069,04,18,0.0,24.18652,10.187138,2069
19832,r10i1p1f1,2069,04,19,0.0,21.422873,9.817805,2069
19833,r10i1p1f1,2069,04,20,0.0,20.806194,5.3451066,2069
19834,r10i1p1f1,2069,04,21,0.0,20.350273,6.709622,2069
19835,r10i1p1f1,2069,04,22,33.543161160655714,15.036867,2.4732668,2069
19836,r10i1p1f1,2069,04,23,5.6537974271793106,9.428065,1.0877651,2069
19837,r10i1p1f1,2069,04,24,0.0,16.698694,1.7402294,2069
19838,r10i1p1f1,2069,04,25,0.0,20.601347,4.109045,2069
19839,r10i1p1f1,2069,04,26,0.0,22.659443,8.421079,2069
19840,r10i1p1f1,2069,04,27,0.0,27.591454,13.187906,2069
19841,r10i1p1f1,2069,04,28,8.81387195733719,20.99483,6.5672135,2069
19842,r10i1p1f1,2069,04,29,32.87793416989428,13.686988,6.9279995,2069
19843,r10i1p1f1,2069,04,30,11.246298313716053,13.077248,6.506944,2069
19844,r10i1p1f1,2069,05,01,0.0,18.197638,5.9451413,2069
19845,r10i1p1f1,2069,05,02,0.0,18.236792,5.4237537,2069
19846,r10i1p1f1,2069,05,03,0.0,18.309507,6.219054,2069
19847,r10i1p1f1,2069,05,04,0.0,20.650755,6.0447974,2069
19848,r10i1p1f1,2069,05,05,0.0,20.679928,9.134564,2069
19849,r10i1p1f1,2069,05,06,3.516497088601586,17.245779,7.7454834,2069
19850,r10i1p1f1,2069,05,07,1.3527252076432648,17.721888,4.744205,2069
19851,r10i1p1f1,2069,05,08,34.264372931303164,14.82862,2.9051762,2069
19852,r10i1p1f1,2069,05,09,0.1540286072141546,18.020617,5.547592,2069
19853,r10i1p1f1,2069,05,10,0.0,19.295801,5.1049747,2069
19854,r10i1p1f1,2069,05,11,0.5029229191725455,19.205177,8.075489,2069
19855,r10i1p1f1,2069,05,12,3.572955727596357,14.432765,5.941533,2069
19856,r10i1p1f1,2069,05,13,0.8077878705271838,17.253277,4.615084,2069
19857,r10i1p1f1,2069,05,14,0.0,22.054087,5.6291857,2069
19858,r10i1p1f1,2069,05,15,0.0,22.771677,8.138077,2069
19859,r10i1p1f1,2069,05,16,1.0354837978459392,18.695337,4.99821,2069
19860,r10i1p1f1,2069,05,17,29.673771201449103,11.991624,4.8231006,2069
19861,r10i1p1f1,2069,05,18,0.6678165344031808,15.353177,6.5423784,2069
19862,r10i1p1f1,2069,05,19,0.0,19.119375,6.7566895,2069
19863,r10i1p1f1,2069,05,20,0.0,19.14723,4.4986653,2069
19864,r10i1p1f1,2069,05,21,0.0,17.782814,2.9758594,2069
19865,r10i1p1f1,2069,05,22,0.0,21.678093,5.6036925,2069
19866,r10i1p1f1,2069,05,23,0.0,24.30343,7.518052,2069
19867,r10i1p1f1,2069,05,24,0.0,23.53334,8.42217,2069
19868,r10i1p1f1,2069,05,25,0.0,23.682484,6.673243,2069
19869,r10i1p1f1,2069,05,26,0.0,27.779673,10.724271,2069
19870,r10i1p1f1,2069,05,27,0.0,30.179415,13.401629,2069
19871,r10i1p1f1,2069,05,28,0.0,31.14653,13.462618,2069
19872,r10i1p1f1,2069,05,29,0.0,32.500378,15.488521,2069
19873,r10i1p1f1,2069,05,30,0.0,32.03376,15.807636,2069
19874,r10i1p1f1,2069,05,31,0.0,32.878517,16.166006,2069
19875,r10i1p1f1,2069,06,01,0.0,31.7092,15.570921,2069
19876,r10i1p1f1,2069,06,02,0.0,29.827534,14.437136,2069
19877,r10i1p1f1,2069,06,03,0.0,27.347887,12.493827,2069
19878,r10i1p1f1,2069,06,04,0.0,27.79949,11.41014,2069
19879,r10i1p1f1,2069,06,05,0.0,27.134323,9.979134,2069
19880,r10i1p1f1,2069,06,06,0.0,25.939117,9.361476,2069
19881,r10i1p1f1,2069,06,07,0.0,25.06432,9.770781,2069
19882,r10i1p1f1,2069,06,08,9.948867700854622,18.817707,10.319114,2069
19883,r10i1p1f1,2069,06,09,3.3006716230662088,14.107408,7.9531417,2069
19884,r10i1p1f1,2069,06,10,3.091644161807045,16.69993,3.8433163,2069
19885,r10i1p1f1,2069,06,11,0.0,21.158041,3.0006008,2069
19886,r10i1p1f1,2069,06,12,0.0,27.81328,9.867729,2069
19887,r10i1p1f1,2069,06,13,0.0,30.924044,12.698541,2069
19888,r10i1p1f1,2069,06,14,0.0,30.186932,13.348411,2069
19889,r10i1p1f1,2069,06,15,0.0,32.305576,15.280755,2069
19890,r10i1p1f1,2069,06,16,0.0,36.072315,18.889986,2069
19891,r10i1p1f1,2069,06,17,0.0,34.7034,18.715914,2069
19892,r10i1p1f1,2069,06,18,0.0,29.531237,13.377103,2069
19893,r10i1p1f1,2069,06,19,0.0,23.503685,8.423515,2069
19894,r10i1p1f1,2069,06,20,0.0,29.60913,11.158965,2069
19895,r10i1p1f1,2069,06,21,0.0,32.903004,14.99122,2069
19896,r10i1p1f1,2069,06,22,0.0,34.186676,17.44901,2069
19897,r10i1p1f1,2069,06,23,0.0,30.569073,15.526081,2069
19898,r10i1p1f1,2069,06,24,12.736514414504391,24.060974,10.685714,2069
19899,r10i1p1f1,2069,06,25,0.0,32.372185,14.303433,2069
19900,r10i1p1f1,2069,06,26,0.0,32.47405,17.07111,2069
19901,r10i1p1f1,2069,06,27,0.0,32.897717,17.361834,2069
19902,r10i1p1f1,2069,06,28,0.0,32.088013,17.867315,2069
19903,r10i1p1f1,2069,06,29,0.0,29.741371,15.518804,2069
19904,r10i1p1f1,2069,06,30,0.0,28.709425,13.178071,2069
19905,r10i1p1f1,2069,07,01,0.0,28.230158,12.726603,2069
19906,r10i1p1f1,2069,07,02,0.0,30.26632,12.552498,2069
19907,r10i1p1f1,2069,07,03,0.0,32.809284,16.053865,2069
19908,r10i1p1f1,2069,07,04,0.7103664762804616,29.486578,13.881073,2069
19909,r10i1p1f1,2069,07,05,0.0,33.624863,17.945082,2069
19910,r10i1p1f1,2069,07,06,0.0,33.540455,17.382042,2069
19911,r10i1p1f1,2069,07,07,0.0,32.44403,16.82241,2069
19912,r10i1p1f1,2069,07,08,0.0,31.994783,16.068995,2069
19913,r10i1p1f1,2069,07,09,0.0,33.06129,16.016527,2069
19914,r10i1p1f1,2069,07,10,0.0,35.100452,18.027857,2069
19915,r10i1p1f1,2069,07,11,0.0,35.6002,18.33139,2069
19916,r10i1p1f1,2069,07,12,0.0,33.066486,18.68618,2069
19917,r10i1p1f1,2069,07,13,0.3357427920778527,33.285145,19.018923,2069
19918,r10i1p1f1,2069,07,14,0.0,34.059875,18.116343,2069
19919,r10i1p1f1,2069,07,15,0.0,34.85389,18.394299,2069
19920,r10i1p1f1,2069,07,16,0.0,34.31435,18.03583,2069
19921,r10i1p1f1,2069,07,17,0.0,33.581432,16.84472,2069
19922,r10i1p1f1,2069,07,18,0.0,33.18166,16.950115,2069
19923,r10i1p1f1,2069,07,19,0.0,31.848402,16.195332,2069
19924,r10i1p1f1,2069,07,20,0.0,33.15638,15.323724,2069
19925,r10i1p1f1,2069,07,21,0.0,34.632496,16.846992,2069
19926,r10i1p1f1,2069,07,22,0.0,35.72963,18.620052,2069
19927,r10i1p1f1,2069,07,23,0.0,35.29275,18.517115,2069
19928,r10i1p1f1,2069,07,24,0.0,37.945717,19.796041,2069
19929,r10i1p1f1,2069,07,25,0.0,37.491478,20.20955,2069
19930,r10i1p1f1,2069,07,26,0.0,34.674103,17.347649,2069
19931,r10i1p1f1,2069,07,27,0.0,35.25603,18.17116,2069
19932,r10i1p1f1,2069,07,28,0.0,36.54571,18.73736,2069
19933,r10i1p1f1,2069,07,29,0.0,38.913612,20.961796,2069
19934,r10i1p1f1,2069,07,30,0.0,39.117767,21.606623,2069
19935,r10i1p1f1,2069,07,31,0.03418662338749288,38.087364,21.181364,2069
19936,r10i1p1f1,2069,08,01,0.0,37.393585,20.852177,2069
19937,r10i1p1f1,2069,08,02,0.0,36.07713,18.242538,2069
19938,r10i1p1f1,2069,08,03,0.0,34.925713,17.808956,2069
19939,r10i1p1f1,2069,08,04,0.0,33.996166,17.739168,2069
19940,r10i1p1f1,2069,08,05,0.0,32.504833,16.389698,2069
19941,r10i1p1f1,2069,08,06,0.0,34.45112,16.97238,2069
19942,r10i1p1f1,2069,08,07,0.0,33.9174,17.046984,2069
19943,r10i1p1f1,2069,08,08,0.0,34.890823,17.844057,2069
19944,r10i1p1f1,2069,08,09,0.0,34.309673,17.414476,2069
19945,r10i1p1f1,2069,08,10,0.0,34.70478,16.861814,2069
19946,r10i1p1f1,2069,08,11,0.0,33.605907,16.957468,2069
19947,r10i1p1f1,2069,08,12,0.0,32.322327,15.730522,2069
19948,r10i1p1f1,2069,08,13,0.0,31.866163,14.837712,2069
19949,r10i1p1f1,2069,08,14,0.0,30.7152,14.082527,2069
19950,r10i1p1f1,2069,08,15,0.0,29.700064,14.396229,2069
19951,r10i1p1f1,2069,08,16,0.0,30.493877,14.264193,2069
19952,r10i1p1f1,2069,08,17,0.0,32.241238,14.977501,2069
19953,r10i1p1f1,2069,08,18,0.0,34.465733,16.651514,2069
19954,r10i1p1f1,2069,08,19,0.0,39.160362,20.816797,2069
19955,r10i1p1f1,2069,08,20,0.0,38.608124,21.638874,2069
19956,r10i1p1f1,2069,08,21,0.0,37.280666,20.533789,2069
19957,r10i1p1f1,2069,08,22,0.0,36.071274,19.563574,2069
19958,r10i1p1f1,2069,08,23,1.287462897778967,32.456573,18.909681,2069
19959,r10i1p1f1,2069,08,24,0.3141551171214168,30.030249,19.310583,2069
19960,r10i1p1f1,2069,08,25,0.0,30.269361,16.766376,2069
19961,r10i1p1f1,2069,08,26,0.0,30.785429,14.671659,2069
19962,r10i1p1f1,2069,08,27,0.0,32.88231,16.807154,2069
19963,r10i1p1f1,2069,08,28,0.0,33.191296,17.339956,2069
19964,r10i1p1f1,2069,08,29,0.0,31.236897,15.551441,2069
19965,r10i1p1f1,2069,08,30,0.0,31.148052,12.837612,2069
19966,r10i1p1f1,2069,08,31,0.0,30.873236,12.358649,2069
19967,r10i1p1f1,2069,09,01,0.0,34.337845,16.219595,2069
19968,r10i1p1f1,2069,09,02,0.0,36.411404,18.37329,2069
19969,r10i1p1f1,2069,09,03,0.0,37.39085,19.706396,2069
19970,r10i1p1f1,2069,09,04,0.0,37.54979,19.686142,2069
19971,r10i1p1f1,2069,09,05,0.0,38.493774,20.907217,2069
19972,r10i1p1f1,2069,09,06,0.0,38.130432,21.202358,2069
19973,r10i1p1f1,2069,09,07,0.0,37.522274,21.760597,2069
19974,r10i1p1f1,2069,09,08,0.0,34.993126,20.537964,2069
19975,r10i1p1f1,2069,09,09,0.0,32.51215,18.132032,2069
19976,r10i1p1f1,2069,09,10,0.0,31.654484,16.953424,2069
19977,r10i1p1f1,2069,09,11,0.0,31.007877,16.999628,2069
19978,r10i1p1f1,2069,09,12,0.0,28.600733,12.969607,2069
19979,r10i1p1f1,2069,09,13,0.0,32.813446,17.856762,2069
19980,r10i1p1f1,2069,09,14,0.0,33.34704,17.433893,2069
19981,r10i1p1f1,2069,09,15,0.0,33.742893,16.810501,2069
19982,r10i1p1f1,2069,09,16,0.0,35.751472,20.693913,2069
19983,r10i1p1f1,2069,09,17,0.0,34.595272,18.662495,2069
19984,r10i1p1f1,2069,09,18,0.0,31.609606,15.242261,2069
19985,r10i1p1f1,2069,09,19,0.0,34.477226,18.078373,2069
19986,r10i1p1f1,2069,09,20,0.0,32.5534,18.219353,2069
19987,r10i1p1f1,2069,09,21,0.0,24.308897,11.162806,2069
19988,r10i1p1f1,2069,09,22,0.0,29.289846,12.241839,2069
19989,r10i1p1f1,2069,09,23,0.0,30.97053,15.2655945,2069
19990,r10i1p1f1,2069,09,24,0.0,34.2217,17.590557,2069
19991,r10i1p1f1,2069,09,25,0.0,33.22718,17.902512,2069
19992,r10i1p1f1,2069,09,26,0.0,34.000404,19.110271,2069
19993,r10i1p1f1,2069,09,27,0.0,32.440292,17.179502,2069
19994,r10i1p1f1,2069,09,28,0.0,31.46903,15.169742,2069
19995,r10i1p1f1,2069,09,29,0.0,31.753733,15.6136875,2069
19996,r10i1p1f1,2069,09,30,0.0,29.766565,13.667127,2069
19997,r10i1p1f1,2069,10,01,0.0,29.178772,14.012054,2069
19998,r10i1p1f1,2069,10,02,0.0,27.916988,12.502392,2069
19999,r10i1p1f1,2069,10,03,0.0,33.539314,17.98969,2069
20000,r10i1p1f1,2069,10,04,0.0,33.086723,18.579712,2069
20001,r10i1p1f1,2069,10,05,0.0,32.277725,17.944387,2069
20002,r10i1p1f1,2069,10,06,0.0,30.378498,16.044464,2069
20003,r10i1p1f1,2069,10,07,0.0,30.764315,16.459118,2069
20004,r10i1p1f1,2069,10,08,0.0,29.064857,15.360908,2069
20005,r10i1p1f1,2069,10,09,11.233552694389608,34.553764,19.086855,2069
20006,r10i1p1f1,2069,10,10,1.1165556068590377,22.231531,10.065234,2069
20007,r10i1p1f1,2069,10,11,0.0,25.78729,10.792132,2069
20008,r10i1p1f1,2069,10,12,0.0,28.514093,12.522576,2069
20009,r10i1p1f1,2069,10,13,0.0,27.405188,12.698559,2069
20010,r10i1p1f1,2069,10,14,0.0,27.284822,12.385575,2069
20011,r10i1p1f1,2069,10,15,0.0,29.010267,12.013139,2069
20012,r10i1p1f1,2069,10,16,0.0,28.04195,12.353063,2069
20013,r10i1p1f1,2069,10,17,0.0,25.55489,12.499502,2069
20014,r10i1p1f1,2069,10,18,0.0,23.432575,10.420131,2069
20015,r10i1p1f1,2069,10,19,0.0,23.546757,9.650878,2069
20016,r10i1p1f1,2069,10,20,0.0,26.83989,12.289044,2069
20017,r10i1p1f1,2069,10,21,0.0,28.667397,13.923528,2069
20018,r10i1p1f1,2069,10,22,0.0,30.160048,13.195722,2069
20019,r10i1p1f1,2069,10,23,0.0,29.484276,15.4971695,2069
20020,r10i1p1f1,2069,10,24,0.0,27.643517,13.134028,2069
20021,r10i1p1f1,2069,10,25,0.0,24.00302,11.512535,2069
20022,r10i1p1f1,2069,10,26,0.0,23.464165,8.702045,2069
20023,r10i1p1f1,2069,10,27,0.0,28.518885,9.229582,2069
20024,r10i1p1f1,2069,10,28,0.0,27.478458,10.580208,2069
20025,r10i1p1f1,2069,10,29,0.0,27.894762,15.224799,2069
20026,r10i1p1f1,2069,10,30,0.0,29.473717,11.229681,2069
20027,r10i1p1f1,2069,10,31,0.0,32.211372,13.21124,2069
20028,r10i1p1f1,2069,11,01,0.0,31.065454,15.153393,2069
20029,r10i1p1f1,2069,11,02,0.0,28.526432,14.245282,2069
20030,r10i1p1f1,2069,11,03,0.013159077099388876,26.632153,15.111061,2069
20031,r10i1p1f1,2069,11,04,1.1303397331319407,24.885658,12.574622,2069
20032,r10i1p1f1,2069,11,05,0.0,27.519516,9.883831,2069
20033,r10i1p1f1,2069,11,06,0.0,26.910297,14.426995,2069
20034,r10i1p1f1,2069,11,07,0.0,23.176628,11.326734,2069
20035,r10i1p1f1,2069,11,08,0.0,19.281103,4.8556833,2069
20036,r10i1p1f1,2069,11,09,0.37436002681464453,16.12747,6.154738,2069
20037,r10i1p1f1,2069,11,10,0.5227965962388369,16.827133,3.4822364,2069
20038,r10i1p1f1,2069,11,11,0.0,17.578485,3.715271,2069
20039,r10i1p1f1,2069,11,12,0.0,18.031265,5.7571797,2069
20040,r10i1p1f1,2069,11,13,0.06289579128908947,17.330074,8.488753,2069
20041,r10i1p1f1,2069,11,14,1.144972002661186,17.989193,4.962783,2069
20042,r10i1p1f1,2069,11,15,0.0,17.67915,5.3734937,2069
20043,r10i1p1f1,2069,11,16,0.015779016470524335,18.343084,6.178217,2069
20044,r10i1p1f1,2069,11,17,0.08444321613895131,15.648454,3.713873,2069
20045,r10i1p1f1,2069,11,18,0.0,17.55782,2.3115478,2069
20046,r10i1p1f1,2069,11,19,5.388417837668002,17.814472,6.0537796,2069
20047,r10i1p1f1,2069,11,20,0.0,15.794562,3.174494,2069
20048,r10i1p1f1,2069,11,21,0.0,20.303568,3.454689,2069
20049,r10i1p1f1,2069,11,22,0.0,19.99259,5.6439157,2069
20050,r10i1p1f1,2069,11,23,0.0,18.900429,6.8213363,2069
20051,r10i1p1f1,2069,11,24,0.0,20.13971,3.3600643,2069
20052,r10i1p1f1,2069,11,25,0.0,22.921412,6.976728,2069
20053,r10i1p1f1,2069,11,26,0.0,23.108967,5.028118,2069
20054,r10i1p1f1,2069,11,27,0.0,23.51365,6.0078087,2069
20055,r10i1p1f1,2069,11,28,0.0,22.527098,9.506366,2069
20056,r10i1p1f1,2069,11,29,0.0,24.343042,8.497131,2069
20057,r10i1p1f1,2069,11,30,0.0,23.050598,9.956074,2069
20058,r10i1p1f1,2069,12,01,0.0,22.22992,9.490988,2069
20059,r10i1p1f1,2069,12,02,0.0,21.441422,10.174324,2069
20060,r10i1p1f1,2069,12,03,26.193296647091444,14.8363695,6.760502,2069
20061,r10i1p1f1,2069,12,04,0.24374758319792914,11.593141,3.2303202,2069
20062,r10i1p1f1,2069,12,05,7.461157564313525,10.6968,5.623047,2069
20063,r10i1p1f1,2069,12,06,2.2529830676687292,10.706504,5.2893386,2069
20064,r10i1p1f1,2069,12,07,2.3007917108005036,9.429341,3.1250606,2069
20065,r10i1p1f1,2069,12,08,8.318673293749606,8.969085,2.6132553,2069
20066,r10i1p1f1,2069,12,09,6.084522350436983,10.115972,4.333791,2069
20067,r10i1p1f1,2069,12,10,0.0,12.5864725,0.6691756,2069
20068,r10i1p1f1,2069,12,11,0.0,13.331012,2.4002259,2069
20069,r10i1p1f1,2069,12,12,0.14781115478100268,10.251007,4.343892,2069
20070,r10i1p1f1,2069,12,13,8.699560429886333,8.075216,3.1698964,2069
20071,r10i1p1f1,2069,12,14,0.0,11.23055,1.7574471,2069
20072,r10i1p1f1,2069,12,15,0.0,12.557716,0.23866473,2069
20073,r10i1p1f1,2069,12,16,0.0,9.696604,-0.8743967,2069
20074,r10i1p1f1,2069,12,17,3.5456820843855414,7.895447,2.8862808,2069
20075,r10i1p1f1,2069,12,18,30.785435805477103,7.7251906,3.5680268,2069
20076,r10i1p1f1,2069,12,19,21.154978652913613,8.061925,4.1792946,2069
20077,r10i1p1f1,2069,12,20,17.192135630006977,7.0530763,3.1684966,2069
20078,r10i1p1f1,2069,12,21,14.836036780003557,5.631497,1.3381422,2069
20079,r10i1p1f1,2069,12,22,0.0,8.931399,-1.6965481,2069
20080,r10i1p1f1,2069,12,23,0.0,10.066779,1.2398632,2069
20081,r10i1p1f1,2069,12,24,0.0,13.025003,1.5202575,2069
20082,r10i1p1f1,2069,12,25,0.0,13.715496,2.5371518,2069
20083,r10i1p1f1,2069,12,26,0.0,13.016624,2.8856766,2069
20084,r10i1p1f1,2069,12,27,6.589733091555229,11.575908,1.0632054,2069
20085,r10i1p1f1,2069,12,28,0.6579107800175016,6.5683565,-2.4968357,2069
20086,r10i1p1f1,2069,12,29,0.0,5.1806755,-5.3319864,2069
20087,r10i1p1f1,2069,12,30,17.230724804501637,4.55944,-0.695087,2069
20088,r10i1p1f1,2069,12,31,0.0,6.735235,-2.3495913,2069
20089,r10i1p1f1,2070,01,01,0.0,8.954555,-3.0785384,2070
20090,r10i1p1f1,2070,01,02,0.0,8.221811,-3.0132987,2070
20091,r10i1p1f1,2070,01,03,28.19430595386381,3.756785,-0.9225279,2070
20092,r10i1p1f1,2070,01,04,17.963602137139166,2.6427557,-2.7852626,2070
20093,r10i1p1f1,2070,01,05,18.273628544442257,3.593649,-1.073746,2070
20094,r10i1p1f1,2070,01,06,0.0,2.0887344,-6.9482636,2070
20095,r10i1p1f1,2070,01,07,0.0,5.8056426,-7.306602,2070
20096,r10i1p1f1,2070,01,08,0.0,6.4389334,-4.6704597,2070
20097,r10i1p1f1,2070,01,09,0.0,5.44458,-4.0339694,2070
20098,r10i1p1f1,2070,01,10,33.24316958713002,5.3895173,-0.6144124,2070
20099,r10i1p1f1,2070,01,11,5.020409203059803,7.945497,1.0966612,2070
20100,r10i1p1f1,2070,01,12,0.0,9.839138,2.3266318,2070
20101,r10i1p1f1,2070,01,13,0.0,13.232433,4.414405,2070
20102,r10i1p1f1,2070,01,14,8.672890509363864,12.053378,3.7707632,2070
20103,r10i1p1f1,2070,01,15,26.870087066077087,11.994384,5.053075,2070
20104,r10i1p1f1,2070,01,16,17.3386885989825,12.208899,6.3702865,2070
20105,r10i1p1f1,2070,01,17,1.478091124901862,9.609917,1.375568,2070
20106,r10i1p1f1,2070,01,18,100.02698516840802,14.150378,4.0903344,2070
20107,r10i1p1f1,2070,01,19,4.909741474770463,13.240379,2.8842504,2070
20108,r10i1p1f1,2070,01,20,0.0,12.31826,0.40861773,2070
20109,r10i1p1f1,2070,01,21,0.0,12.007294,4.6149607,2070
20110,r10i1p1f1,2070,01,22,49.80311262678649,9.710536,0.8495821,2070
20111,r10i1p1f1,2070,01,23,5.129728597105561,9.6346655,2.0855634,2070
20112,r10i1p1f1,2070,01,24,15.410345741991861,8.792926,-0.5345814,2070
20113,r10i1p1f1,2070,01,25,0.0,8.526721,-0.4676351,2070
20114,r10i1p1f1,2070,01,26,11.109527610441498,4.991668,-1.7257116,2070
20115,r10i1p1f1,2070,01,27,1.8178132072870012,7.0379953,-2.2210732,2070
20116,r10i1p1f1,2070,01,28,0.0,5.727168,0.48855993,2070
20117,r10i1p1f1,2070,01,29,10.957747078512176,7.094149,-0.17077376,2070
20118,r10i1p1f1,2070,01,30,0.0,9.858441,0.1914195,2070
20119,r10i1p1f1,2070,01,31,0.0,11.710836,-1.5146364,2070
20120,r10i1p1f1,2070,02,01,0.0,11.440161,0.1237817,2070
20121,r10i1p1f1,2070,02,02,0.0,11.91111,1.9920528,2070
20122,r10i1p1f1,2070,02,03,0.399049451736669,8.127169,3.0321183,2070
20123,r10i1p1f1,2070,02,04,0.0,13.173551,3.0239692,2070
20124,r10i1p1f1,2070,02,05,0.0,12.517792,-0.078819275,2070
20125,r10i1p1f1,2070,02,06,0.0,12.09727,5.1257505,2070
20126,r10i1p1f1,2070,02,07,0.0,15.58905,2.8156657,2070
20127,r10i1p1f1,2070,02,08,0.0,15.275459,2.8931682,2070
20128,r10i1p1f1,2070,02,09,33.18302678220023,11.047803,7.5295553,2070
20129,r10i1p1f1,2070,02,10,5.2986443644074726,11.436835,2.3793726,2070
20130,r10i1p1f1,2070,02,11,0.0,12.4886465,1.1880267,2070
20131,r10i1p1f1,2070,02,12,0.0,14.481708,1.4785256,2070
20132,r10i1p1f1,2070,02,13,0.0,15.598006,1.9598467,2070
20133,r10i1p1f1,2070,02,14,0.0,18.205013,5.571604,2070
20134,r10i1p1f1,2070,02,15,0.0,17.190441,6.6901326,2070
20135,r10i1p1f1,2070,02,16,0.0,16.843834,4.1739335,2070
20136,r10i1p1f1,2070,02,17,0.0,11.138368,-0.19590318,2070
20137,r10i1p1f1,2070,02,18,0.0,11.610482,0.68707293,2070
20138,r10i1p1f1,2070,02,19,0.0,16.317112,3.6449885,2070
20139,r10i1p1f1,2070,02,20,0.0,15.66945,5.585704,2070
20140,r10i1p1f1,2070,02,21,0.0,17.735506,6.649206,2070
20141,r10i1p1f1,2070,02,22,6.501386557953849,17.81758,6.867879,2070
20142,r10i1p1f1,2070,02,23,0.24132611890165304,16.637863,5.806833,2070
20143,r10i1p1f1,2070,02,24,0.0,20.468838,7.078739,2070
20144,r10i1p1f1,2070,02,25,0.0,19.639149,6.5939565,2070
20145,r10i1p1f1,2070,02,26,0.0,20.496191,7.5363793,2070
20146,r10i1p1f1,2070,02,27,0.0,21.442614,9.761487,2070
20147,r10i1p1f1,2070,02,28,0.0,20.90862,7.613115,2070
20148,r10i1p1f1,2070,03,01,1.7683656862046566,18.816933,6.2588534,2070
20149,r10i1p1f1,2070,03,02,2.9129805780126174,15.507294,7.577761,2070
20150,r10i1p1f1,2070,03,03,0.0,21.942152,8.750842,2070
20151,r10i1p1f1,2070,03,04,0.0,19.845873,8.6538925,2070
20152,r10i1p1f1,2070,03,05,0.0,19.250427,8.228839,2070
20153,r10i1p1f1,2070,03,06,4.546602216080493,16.985437,4.1392155,2070
20154,r10i1p1f1,2070,03,07,0.46222092218828803,14.935622,4.3523192,2070
20155,r10i1p1f1,2070,03,08,11.379689240799818,13.513662,6.5935307,2070
20156,r10i1p1f1,2070,03,09,30.058778776928147,11.555678,5.9382915,2070
20157,r10i1p1f1,2070,03,10,18.48405190715934,10.937065,5.3836174,2070
20158,r10i1p1f1,2070,03,11,12.382038527912778,9.217642,2.9732537,2070
20159,r10i1p1f1,2070,03,12,9.192585374579433,8.032825,4.939344,2070
20160,r10i1p1f1,2070,03,13,22.85078492545596,10.382149,5.132933,2070
20161,r10i1p1f1,2070,03,14,0.3059869422893251,18.596525,7.0652256,2070
20162,r10i1p1f1,2070,03,15,0.0,19.747328,5.3082266,2070
20163,r10i1p1f1,2070,03,16,0.0,20.373404,6.733022,2070
20164,r10i1p1f1,2070,03,17,0.0,18.757929,11.569486,2070
20165,r10i1p1f1,2070,03,18,0.0,22.833296,6.2075057,2070
20166,r10i1p1f1,2070,03,19,0.0,25.820967,8.93151,2070
20167,r10i1p1f1,2070,03,20,0.0,23.7853,10.487894,2070
20168,r10i1p1f1,2070,03,21,0.0,22.705051,9.7154665,2070
20169,r10i1p1f1,2070,03,22,1.1962854167809143,19.962193,9.959131,2070
20170,r10i1p1f1,2070,03,23,0.0,19.68583,6.3496623,2070
20171,r10i1p1f1,2070,03,24,0.0,17.80165,5.747605,2070
20172,r10i1p1f1,2070,03,25,0.04665666358625075,17.8185,7.8749375,2070
20173,r10i1p1f1,2070,03,26,0.0,19.772194,6.6019044,2070
20174,r10i1p1f1,2070,03,27,0.0,21.404907,7.8875027,2070
20175,r10i1p1f1,2070,03,28,26.344077674806805,18.570295,4.98506,2070
20176,r10i1p1f1,2070,03,29,2.654259338836901,13.742831,3.6297066,2070
20177,r10i1p1f1,2070,03,30,0.0,17.518204,2.7945068,2070
20178,r10i1p1f1,2070,03,31,0.0,18.183722,5.5646734,2070
20179,r10i1p1f1,2070,04,01,0.0,21.266296,4.3382783,2070
20180,r10i1p1f1,2070,04,02,0.0,23.834673,6.305405,2070
20181,r10i1p1f1,2070,04,03,0.0,24.070185,9.026427,2070
20182,r10i1p1f1,2070,04,04,0.0,24.903671,9.744031,2070
20183,r10i1p1f1,2070,04,05,0.0,24.555788,10.002367,2070
20184,r10i1p1f1,2070,04,06,0.0,23.827461,10.9789295,2070
20185,r10i1p1f1,2070,04,07,0.019893817156308183,18.851803,5.374413,2070
20186,r10i1p1f1,2070,04,08,0.010122728119648329,21.564285,6.8662295,2070
20187,r10i1p1f1,2070,04,09,0.0,26.517073,11.318042,2070
20188,r10i1p1f1,2070,04,10,0.0,27.117435,12.559286,2070
20189,r10i1p1f1,2070,04,11,0.0,27.086027,12.944587,2070
20190,r10i1p1f1,2070,04,12,0.0,28.49407,12.899372,2070
20191,r10i1p1f1,2070,04,13,0.0,28.507038,11.7975025,2070
20192,r10i1p1f1,2070,04,14,0.0,27.792625,12.786772,2070
20193,r10i1p1f1,2070,04,15,0.0,27.135052,11.0231695,2070
20194,r10i1p1f1,2070,04,16,0.0,24.570768,10.75144,2070
20195,r10i1p1f1,2070,04,17,0.0,23.729603,10.629051,2070
20196,r10i1p1f1,2070,04,18,0.0,18.709763,5.1312075,2070
20197,r10i1p1f1,2070,04,19,0.0,19.212341,4.690921,2070
20198,r10i1p1f1,2070,04,20,0.0,18.815752,5.2203484,2070
20199,r10i1p1f1,2070,04,21,0.0,15.270017,3.2672074,2070
20200,r10i1p1f1,2070,04,22,0.0,16.189049,3.4996178,2070
20201,r10i1p1f1,2070,04,23,9.84407353443155,13.692463,3.2856407,2070
20202,r10i1p1f1,2070,04,24,1.3510688671502928,15.807148,4.8023996,2070
20203,r10i1p1f1,2070,04,25,0.0,15.6187105,3.3762712,2070
20204,r10i1p1f1,2070,04,26,0.39327026337511933,13.229252,1.5422935,2070
20205,r10i1p1f1,2070,04,27,0.0,17.791096,2.7372375,2070
20206,r10i1p1f1,2070,04,28,0.0,19.994238,4.7632103,2070
20207,r10i1p1f1,2070,04,29,0.0,24.410608,7.6389217,2070
20208,r10i1p1f1,2070,04,30,0.0,24.47449,8.349938,2070
20209,r10i1p1f1,2070,05,01,0.0,21.54421,7.0760756,2070
20210,r10i1p1f1,2070,05,02,0.0,25.252562,10.126456,2070
20211,r10i1p1f1,2070,05,03,0.0,25.001747,9.814467,2070
20212,r10i1p1f1,2070,05,04,0.169121056119605,22.512835,8.77778,2070
20213,r10i1p1f1,2070,05,05,0.0,18.22474,7.2912374,2070
20214,r10i1p1f1,2070,05,06,0.0,22.040882,7.263182,2070
20215,r10i1p1f1,2070,05,07,0.0,20.879616,7.158207,2070
20216,r10i1p1f1,2070,05,08,0.0,19.625961,7.6267557,2070
20217,r10i1p1f1,2070,05,09,0.0,21.31269,6.6540637,2070
20218,r10i1p1f1,2070,05,10,0.0,21.505875,6.906851,2070
20219,r10i1p1f1,2070,05,11,0.0,27.244606,9.565657,2070
20220,r10i1p1f1,2070,05,12,0.0,28.950392,11.088527,2070
20221,r10i1p1f1,2070,05,13,0.0,29.623802,12.999504,2070
20222,r10i1p1f1,2070,05,14,0.0,29.160908,13.386613,2070
20223,r10i1p1f1,2070,05,15,1.6416608348759167,21.227158,5.154113,2070
20224,r10i1p1f1,2070,05,16,0.0,15.269417,1.6567909,2070
20225,r10i1p1f1,2070,05,17,0.0,19.63025,2.7433784,2070
20226,r10i1p1f1,2070,05,18,0.0,21.27979,7.789612,2070
20227,r10i1p1f1,2070,05,19,0.0,27.275734,10.997329,2070
20228,r10i1p1f1,2070,05,20,0.0,30.95782,15.069021,2070
20229,r10i1p1f1,2070,05,21,0.0,32.76489,14.244179,2070
20230,r10i1p1f1,2070,05,22,0.0,31.709736,15.153266,2070
20231,r10i1p1f1,2070,05,23,0.0,31.43073,13.841024,2070
20232,r10i1p1f1,2070,05,24,0.0,33.54601,16.489628,2070
20233,r10i1p1f1,2070,05,25,0.0,33.489197,17.447699,2070
20234,r10i1p1f1,2070,05,26,0.0,32.80654,16.662155,2070
20235,r10i1p1f1,2070,05,27,0.0,34.018772,18.34534,2070
20236,r10i1p1f1,2070,05,28,0.0,33.220676,18.056433,2070
20237,r10i1p1f1,2070,05,29,0.0,34.265755,17.067068,2070
20238,r10i1p1f1,2070,05,30,0.0,36.516464,22.601381,2070
20239,r10i1p1f1,2070,05,31,0.0,38.682007,23.584486,2070
20240,r10i1p1f1,2070,06,01,0.23018919110702546,36.534534,18.425625,2070
20241,r10i1p1f1,2070,06,02,0.0,36.23776,18.596247,2070
20242,r10i1p1f1,2070,06,03,0.0,36.414574,19.038574,2070
20243,r10i1p1f1,2070,06,04,0.0,37.216248,19.634819,2070
20244,r10i1p1f1,2070,06,05,0.0,35.769176,19.243172,2070
20245,r10i1p1f1,2070,06,06,0.0,32.77308,17.173199,2070
20246,r10i1p1f1,2070,06,07,0.0,31.296034,14.59597,2070
20247,r10i1p1f1,2070,06,08,0.0,31.822952,14.240833,2070
20248,r10i1p1f1,2070,06,09,0.0,33.511097,16.229504,2070
20249,r10i1p1f1,2070,06,10,0.0,35.0301,16.655046,2070
20250,r10i1p1f1,2070,06,11,0.0,33.965508,17.751106,2070
20251,r10i1p1f1,2070,06,12,0.0,31.903812,15.126142,2070
20252,r10i1p1f1,2070,06,13,0.0,30.780254,14.119258,2070
20253,r10i1p1f1,2070,06,14,0.0,32.119026,15.468268,2070
20254,r10i1p1f1,2070,06,15,0.0,32.850624,14.837473,2070
20255,r10i1p1f1,2070,06,16,0.0,34.25102,16.64089,2070
20256,r10i1p1f1,2070,06,17,0.0,33.102856,18.69592,2070
20257,r10i1p1f1,2070,06,18,0.0,33.43431,14.800769,2070
20258,r10i1p1f1,2070,06,19,0.0,31.884653,14.596053,2070
20259,r10i1p1f1,2070,06,20,0.0,27.744934,13.111111,2070
20260,r10i1p1f1,2070,06,21,0.0,32.172344,14.20971,2070
20261,r10i1p1f1,2070,06,22,0.0,32.795097,14.991478,2070
20262,r10i1p1f1,2070,06,23,0.0,34.014984,15.244801,2070
20263,r10i1p1f1,2070,06,24,0.0,41.05786,22.91943,2070
20264,r10i1p1f1,2070,06,25,0.0,40.39275,22.705353,2070
20265,r10i1p1f1,2070,06,26,0.0,40.824406,23.293642,2070
20266,r10i1p1f1,2070,06,27,0.0,39.561485,22.20291,2070
20267,r10i1p1f1,2070,06,28,0.0,40.76813,22.7782,2070
20268,r10i1p1f1,2070,06,29,0.0,40.60512,23.979822,2070
20269,r10i1p1f1,2070,06,30,0.0,40.0701,22.7808,2070
20270,r10i1p1f1,2070,07,01,0.0,39.4031,20.977242,2070
20271,r10i1p1f1,2070,07,02,0.0,39.1136,21.374365,2070
20272,r10i1p1f1,2070,07,03,0.0,38.65057,19.31147,2070
20273,r10i1p1f1,2070,07,04,0.0,36.844288,18.430576,2070
20274,r10i1p1f1,2070,07,05,0.0,36.03467,18.806612,2070
20275,r10i1p1f1,2070,07,06,0.0,33.934143,16.593729,2070
20276,r10i1p1f1,2070,07,07,0.0,30.652325,13.571199,2070
20277,r10i1p1f1,2070,07,08,0.0,28.467182,12.59322,2070
20278,r10i1p1f1,2070,07,09,0.0,32.895214,13.896146,2070
20279,r10i1p1f1,2070,07,10,0.0,35.517914,16.969946,2070
20280,r10i1p1f1,2070,07,11,0.0,34.858932,17.512844,2070
20281,r10i1p1f1,2070,07,12,0.0,35.003967,17.00911,2070
20282,r10i1p1f1,2070,07,13,0.0,34.189003,16.21406,2070
20283,r10i1p1f1,2070,07,14,0.0,33.235096,15.804972,2070
20284,r10i1p1f1,2070,07,15,0.0,33.78285,15.994953,2070
20285,r10i1p1f1,2070,07,16,0.0,34.931587,17.010258,2070
20286,r10i1p1f1,2070,07,17,0.0,36.324623,17.791922,2070
20287,r10i1p1f1,2070,07,18,0.0,37.67992,19.669407,2070
20288,r10i1p1f1,2070,07,19,0.0,37.00222,19.675531,2070
20289,r10i1p1f1,2070,07,20,0.0,36.459114,19.211227,2070
20290,r10i1p1f1,2070,07,21,0.0,37.460194,19.102362,2070
20291,r10i1p1f1,2070,07,22,0.0,36.81087,18.74495,2070
20292,r10i1p1f1,2070,07,23,0.0,36.263603,18.260452,2070
20293,r10i1p1f1,2070,07,24,0.0,37.28821,18.559721,2070
20294,r10i1p1f1,2070,07,25,0.0,40.075287,21.239653,2070
20295,r10i1p1f1,2070,07,26,0.0,40.192722,22.386713,2070
20296,r10i1p1f1,2070,07,27,0.0,39.334305,21.49854,2070
20297,r10i1p1f1,2070,07,28,0.0,38.328526,21.246405,2070
20298,r10i1p1f1,2070,07,29,0.0,37.27072,18.773382,2070
20299,r10i1p1f1,2070,07,30,0.0,36.405975,18.930807,2070
20300,r10i1p1f1,2070,07,31,0.0,34.771614,17.045969,2070
20301,r10i1p1f1,2070,08,01,0.0,37.269352,18.258936,2070
20302,r10i1p1f1,2070,08,02,0.0,37.477577,20.202858,2070
20303,r10i1p1f1,2070,08,03,0.0,37.71476,19.333366,2070
20304,r10i1p1f1,2070,08,04,0.0,37.237434,19.67789,2070
20305,r10i1p1f1,2070,08,05,0.0,36.109043,18.997103,2070
20306,r10i1p1f1,2070,08,06,0.0,35.464638,18.398096,2070
20307,r10i1p1f1,2070,08,07,0.0,36.24868,18.228704,2070
20308,r10i1p1f1,2070,08,08,0.0,35.616627,18.293894,2070
20309,r10i1p1f1,2070,08,09,0.0,34.521786,17.607277,2070
20310,r10i1p1f1,2070,08,10,0.0,33.402473,16.504332,2070
20311,r10i1p1f1,2070,08,11,0.0,32.966038,15.337088,2070
20312,r10i1p1f1,2070,08,12,0.0,32.523663,14.907156,2070
20313,r10i1p1f1,2070,08,13,0.0,35.67092,16.849375,2070
20314,r10i1p1f1,2070,08,14,0.0,40.061943,20.785843,2070
20315,r10i1p1f1,2070,08,15,0.0,40.66613,22.70027,2070
20316,r10i1p1f1,2070,08,16,0.0,39.910587,22.07187,2070
20317,r10i1p1f1,2070,08,17,0.0,38.185257,20.914566,2070
20318,r10i1p1f1,2070,08,18,0.0,36.35066,20.10125,2070
20319,r10i1p1f1,2070,08,19,0.0,35.178944,17.693415,2070
20320,r10i1p1f1,2070,08,20,0.0,32.72294,16.476755,2070
20321,r10i1p1f1,2070,08,21,0.0,29.703787,13.400783,2070
20322,r10i1p1f1,2070,08,22,0.0,29.445477,12.725359,2070
20323,r10i1p1f1,2070,08,23,0.0,32.776157,14.17496,2070
20324,r10i1p1f1,2070,08,24,0.0,35.299294,17.423315,2070
20325,r10i1p1f1,2070,08,25,0.0,34.75904,17.619793,2070
20326,r10i1p1f1,2070,08,26,0.0,33.877434,16.452702,2070
20327,r10i1p1f1,2070,08,27,0.0,34.092117,17.408463,2070
20328,r10i1p1f1,2070,08,28,0.0,33.647053,17.577002,2070
20329,r10i1p1f1,2070,08,29,0.0,35.411633,19.80324,2070
20330,r10i1p1f1,2070,08,30,0.0,36.085514,19.79519,2070
20331,r10i1p1f1,2070,08,31,0.0,36.8316,20.688349,2070
20332,r10i1p1f1,2070,09,01,0.0,36.415203,21.432972,2070
20333,r10i1p1f1,2070,09,02,0.0,38.172962,20.792366,2070
20334,r10i1p1f1,2070,09,03,0.0,39.385365,22.581486,2070
20335,r10i1p1f1,2070,09,04,0.0,37.989395,22.379032,2070
20336,r10i1p1f1,2070,09,05,0.0,35.284847,19.820335,2070
20337,r10i1p1f1,2070,09,06,0.0,35.149025,21.236984,2070
20338,r10i1p1f1,2070,09,07,0.0,34.24075,16.194038,2070
20339,r10i1p1f1,2070,09,08,0.0,31.315035,16.281275,2070
20340,r10i1p1f1,2070,09,09,0.0,32.064217,15.89428,2070
20341,r10i1p1f1,2070,09,10,0.0,34.788868,17.031704,2070
20342,r10i1p1f1,2070,09,11,0.0,35.04594,17.797626,2070
20343,r10i1p1f1,2070,09,12,0.0,33.800266,17.695225,2070
20344,r10i1p1f1,2070,09,13,0.0,28.797523,11.468693,2070
20345,r10i1p1f1,2070,09,14,0.0,26.988329,11.294326,2070
20346,r10i1p1f1,2070,09,15,0.0,32.829712,15.2662,2070
20347,r10i1p1f1,2070,09,16,0.0,31.882462,16.031366,2070
20348,r10i1p1f1,2070,09,17,0.0,32.34077,15.68904,2070
20349,r10i1p1f1,2070,09,18,0.0,34.420773,17.138556,2070
20350,r10i1p1f1,2070,09,19,0.0,36.799282,20.420258,2070
20351,r10i1p1f1,2070,09,20,0.0,36.845997,20.414824,2070
20352,r10i1p1f1,2070,09,21,0.0,36.978542,19.5555,2070
20353,r10i1p1f1,2070,09,22,0.0,36.12467,19.140501,2070
20354,r10i1p1f1,2070,09,23,0.0,35.8648,19.73081,2070
20355,r10i1p1f1,2070,09,24,0.0,35.456696,19.676445,2070
20356,r10i1p1f1,2070,09,25,0.0,34.968746,19.493488,2070
20357,r10i1p1f1,2070,09,26,0.0,32.426533,17.212801,2070
20358,r10i1p1f1,2070,09,27,0.0,33.35898,18.058334,2070
20359,r10i1p1f1,2070,09,28,0.0,33.524525,17.778463,2070
20360,r10i1p1f1,2070,09,29,0.0,29.863295,15.778898,2070
20361,r10i1p1f1,2070,09,30,0.0,28.297379,13.985917,2070
20362,r10i1p1f1,2070,10,01,0.0,26.545195,12.305202,2070
20363,r10i1p1f1,2070,10,02,0.0,30.367887,12.706458,2070
20364,r10i1p1f1,2070,10,03,0.0,31.155672,16.081305,2070
20365,r10i1p1f1,2070,10,04,0.0,29.873821,15.669816,2070
20366,r10i1p1f1,2070,10,05,0.0,28.225468,11.226269,2070
20367,r10i1p1f1,2070,10,06,0.0,30.206299,13.458911,2070
20368,r10i1p1f1,2070,10,07,0.0,33.629375,16.415634,2070
20369,r10i1p1f1,2070,10,08,0.0,35.380257,21.575373,2070
20370,r10i1p1f1,2070,10,09,0.0,34.67329,21.122055,2070
20371,r10i1p1f1,2070,10,10,0.0,33.337128,18.35825,2070
20372,r10i1p1f1,2070,10,11,0.0,32.84917,16.824127,2070
20373,r10i1p1f1,2070,10,12,0.0,31.76196,17.246183,2070
20374,r10i1p1f1,2070,10,13,0.0,26.63342,13.506116,2070
20375,r10i1p1f1,2070,10,14,0.0,27.686163,11.754963,2070
20376,r10i1p1f1,2070,10,15,0.0,28.278833,12.182513,2070
20377,r10i1p1f1,2070,10,16,0.0,28.204819,11.9595375,2070
20378,r10i1p1f1,2070,10,17,0.0,29.257889,12.910816,2070
20379,r10i1p1f1,2070,10,18,0.0,30.04796,12.255786,2070
20380,r10i1p1f1,2070,10,19,0.0,29.88593,15.177895,2070
20381,r10i1p1f1,2070,10,20,0.0,33.125675,17.600718,2070
20382,r10i1p1f1,2070,10,21,0.0,29.994211,14.498777,2070
20383,r10i1p1f1,2070,10,22,0.0,29.074232,14.86778,2070
20384,r10i1p1f1,2070,10,23,0.0,29.305384,15.209932,2070
20385,r10i1p1f1,2070,10,24,0.0,28.633217,11.938652,2070
20386,r10i1p1f1,2070,10,25,0.0,26.700674,11.273585,2070
20387,r10i1p1f1,2070,10,26,0.0,27.062195,14.94617,2070
20388,r10i1p1f1,2070,10,27,0.0,24.941278,10.279417,2070
20389,r10i1p1f1,2070,10,28,0.0,25.52983,8.594728,2070
20390,r10i1p1f1,2070,10,29,0.3625691378865189,25.535572,12.080932,2070
20391,r10i1p1f1,2070,10,30,0.5324121057296188,18.612835,13.514827,2070
20392,r10i1p1f1,2070,10,31,4.919529411180472,23.770252,14.367742,2070
20393,r10i1p1f1,2070,11,01,0.0,25.279295,7.949187,2070
20394,r10i1p1f1,2070,11,02,0.0,24.12235,11.381467,2070
20395,r10i1p1f1,2070,11,03,0.016844557817301774,27.554588,15.663931,2070
20396,r10i1p1f1,2070,11,04,0.8706935832953221,27.665024,17.076265,2070
20397,r10i1p1f1,2070,11,05,1.1582680187051377,21.78667,10.209922,2070
20398,r10i1p1f1,2070,11,06,0.09590891833412522,20.540016,7.88154,2070
20399,r10i1p1f1,2070,11,07,34.68165959501149,16.357483,7.8977013,2070
20400,r10i1p1f1,2070,11,08,48.9123984920106,19.561626,13.823106,2070
20401,r10i1p1f1,2070,11,09,2.5015358555959355,17.270655,9.83728,2070
20402,r10i1p1f1,2070,11,10,1.116382437368501,14.460565,5.3939385,2070
20403,r10i1p1f1,2070,11,11,4.6940073131305615,14.142524,8.095919,2070
20404,r10i1p1f1,2070,11,12,16.637182189151645,13.81033,8.86119,2070
20405,r10i1p1f1,2070,11,13,22.086858499939186,14.665744,7.354073,2070
20406,r10i1p1f1,2070,11,14,2.8206742610276896,14.047911,4.916773,2070
20407,r10i1p1f1,2070,11,15,0.0,13.687139,1.9865599,2070
20408,r10i1p1f1,2070,11,16,0.017416482947546205,13.426079,3.883028,2070
20409,r10i1p1f1,2070,11,17,0.0,17.03385,2.4324598,2070
20410,r10i1p1f1,2070,11,18,0.0,17.194012,5.717192,2070
20411,r10i1p1f1,2070,11,19,18.498430740835733,10.834749,2.3979409,2070
20412,r10i1p1f1,2070,11,20,0.009628649855872745,12.810551,0.6053274,2070
20413,r10i1p1f1,2070,11,21,0.7705722492669578,13.061769,1.6594737,2070
20414,r10i1p1f1,2070,11,22,0.0,13.621839,2.158284,2070
20415,r10i1p1f1,2070,11,23,0.0,12.041186,2.6406956,2070
20416,r10i1p1f1,2070,11,24,0.0,14.570865,1.9031434,2070
20417,r10i1p1f1,2070,11,25,0.0,15.952635,2.1234093,2070
20418,r10i1p1f1,2070,11,26,0.0,17.71959,2.230509,2070
20419,r10i1p1f1,2070,11,27,0.0,20.151043,3.9629676,2070
20420,r10i1p1f1,2070,11,28,0.0,18.620323,6.205858,2070
20421,r10i1p1f1,2070,11,29,0.0,18.158106,8.494117,2070
20422,r10i1p1f1,2070,11,30,0.0,18.61877,8.167471,2070
20423,r10i1p1f1,2070,12,01,0.0,16.933083,8.273238,2070
20424,r10i1p1f1,2070,12,02,41.03639468146292,12.858713,5.8584785,2070
20425,r10i1p1f1,2070,12,03,84.76973804277613,13.31068,10.059489,2070
20426,r10i1p1f1,2070,12,04,38.64420339017861,12.8352375,8.5601225,2070
20427,r10i1p1f1,2070,12,05,0.598094057012962,14.03838,5.9270115,2070
20428,r10i1p1f1,2070,12,06,0.0,12.754781,2.175062,2070
20429,r10i1p1f1,2070,12,07,0.0,11.817086,5.4419494,2070
20430,r10i1p1f1,2070,12,08,0.0,11.194443,4.805615,2070
20431,r10i1p1f1,2070,12,09,8.854340831519375,9.93308,3.7746487,2070
20432,r10i1p1f1,2070,12,10,47.799138326540984,12.423361,4.843777,2070
20433,r10i1p1f1,2070,12,11,0.0,11.018481,1.9027158,2070
20434,r10i1p1f1,2070,12,12,38.78352085287732,11.390977,3.4213579,2070
20435,r10i1p1f1,2070,12,13,0.5299823068765507,12.521222,6.6615963,2070
20436,r10i1p1f1,2070,12,14,0.0,12.262455,6.115026,2070
20437,r10i1p1f1,2070,12,15,21.6277098525193,12.885763,4.3801312,2070
20438,r10i1p1f1,2070,12,16,9.489369211166233,10.833987,6.8811684,2070
20439,r10i1p1f1,2070,12,17,4.107163616768766,10.159916,0.2279125,2070
20440,r10i1p1f1,2070,12,18,0.0,10.6443815,-0.2744757,2070
20441,r10i1p1f1,2070,12,19,0.0,14.575803,2.951062,2070
20442,r10i1p1f1,2070,12,20,0.0,14.77247,5.3499885,2070
20443,r10i1p1f1,2070,12,21,0.0,18.142561,6.7053833,2070
20444,r10i1p1f1,2070,12,22,0.0,17.130468,5.266645,2070
20445,r10i1p1f1,2070,12,23,0.0,9.595222,-0.3702523,2070
20446,r10i1p1f1,2070,12,24,0.0,12.394145,0.34026217,2070
20447,r10i1p1f1,2070,12,25,0.0,13.269997,0.9794488,2070
20448,r10i1p1f1,2070,12,26,0.0,11.895842,0.21291251,2070
20449,r10i1p1f1,2070,12,27,0.0,11.605014,0.958632,2070
20450,r10i1p1f1,2070,12,28,0.0,11.613729,2.4356065,2070
20451,r10i1p1f1,2070,12,29,0.33827724249883767,10.615181,1.2178621,2070
20452,r10i1p1f1,2070,12,30,23.18198998400476,10.939172,3.5454552,2070
20453,r10i1p1f1,2070,12,31,16.355305845316156,9.779931,5.5686445,2070
20454,r10i1p1f1,2071,01,01,10.577207295921797,7.8056755,1.3747835,2071
20455,r10i1p1f1,2071,01,02,32.552914517490485,8.646642,3.3982503,2071
20456,r10i1p1f1,2071,01,03,37.34026177093926,8.8632965,1.3327316,2071
20457,r10i1p1f1,2071,01,04,0.05537850110709099,9.772421,0.8006124,2071
20458,r10i1p1f1,2071,01,05,5.01757733657685,6.3568916,-2.6461425,2071
20459,r10i1p1f1,2071,01,06,1.6257655993716693,6.4734483,1.9115477,2071
20460,r10i1p1f1,2071,01,07,5.047319688705294,6.232072,-0.6801535,2071
20461,r10i1p1f1,2071,01,08,8.639089918563657,4.883734,-2.5666018,2071
20462,r10i1p1f1,2071,01,09,17.15831361055423,6.721861,0.4587818,2071
20463,r10i1p1f1,2071,01,10,81.18736270913168,11.682501,1.161916,2071
20464,r10i1p1f1,2071,01,11,3.400820794277742,6.6790385,2.3511817,2071
20465,r10i1p1f1,2071,01,12,15.10342872884633,6.0052104,1.7599843,2071
20466,r10i1p1f1,2071,01,13,1.963625818579155,6.362104,-1.9155555,2071
20467,r10i1p1f1,2071,01,14,45.6711413669645,6.1252403,-0.61374485,2071
20468,r10i1p1f1,2071,01,15,6.990863524571236,6.571598,1.241758,2071
20469,r10i1p1f1,2071,01,16,22.70240182651354,8.396173,1.9554235,2071
20470,r10i1p1f1,2071,01,17,5.258140196665887,6.399128,-0.84098333,2071
20471,r10i1p1f1,2071,01,18,9.5227577023539,5.8786087,-2.0591757,2071
20472,r10i1p1f1,2071,01,19,37.21271902659761,6.6673856,-2.2236443,2071
20473,r10i1p1f1,2071,01,20,0.0,7.513606,-4.496885,2071
20474,r10i1p1f1,2071,01,21,0.0,10.095401,2.1632798,2071
20475,r10i1p1f1,2071,01,22,0.6570112957032698,7.0502763,-0.20794678,2071
20476,r10i1p1f1,2071,01,23,3.9718476562484284,6.002406,2.548478,2071
20477,r10i1p1f1,2071,01,24,0.0,12.654292,0.3029538,2071
20478,r10i1p1f1,2071,01,25,1.7634469562740138,11.2758,0.5809254,2071
20479,r10i1p1f1,2071,01,26,20.37031318973995,7.5127635,4.143767,2071
20480,r10i1p1f1,2071,01,27,20.252161863333498,9.306626,3.2765687,2071
20481,r10i1p1f1,2071,01,28,9.725705857731795,9.969748,3.9075089,2071
20482,r10i1p1f1,2071,01,29,36.016318336202715,9.06122,3.1604197,2071
20483,r10i1p1f1,2071,01,30,24.131554694797256,8.434042,1.6918541,2071
20484,r10i1p1f1,2071,01,31,7.252444521485526,5.268945,1.3771139,2071
20485,r10i1p1f1,2071,02,01,8.370520092782835,7.116703,1.2946246,2071
20486,r10i1p1f1,2071,02,02,20.309275602860573,7.4051704,3.4834676,2071
20487,r10i1p1f1,2071,02,03,36.915310422007586,8.493126,1.7827785,2071
20488,r10i1p1f1,2071,02,04,0.0,8.211118,-0.45402947,2071
20489,r10i1p1f1,2071,02,05,0.0,11.928928,-0.9667178,2071
20490,r10i1p1f1,2071,02,06,0.0,12.649268,-0.8305178,2071
20491,r10i1p1f1,2071,02,07,0.0,12.593986,0.9054411,2071
20492,r10i1p1f1,2071,02,08,1.7654441690950762,9.175473,4.326482,2071
20493,r10i1p1f1,2071,02,09,13.224929639354263,11.1356325,0.3434107,2071
20494,r10i1p1f1,2071,02,10,49.019662214222514,13.284141,8.590888,2071
20495,r10i1p1f1,2071,02,11,58.81501725372417,14.52655,4.9315124,2071
20496,r10i1p1f1,2071,02,12,25.131021831245896,12.053802,4.9290786,2071
20497,r10i1p1f1,2071,02,13,20.697036418469477,10.766101,2.5936778,2071
20498,r10i1p1f1,2071,02,14,2.694366162751593,7.9296966,-0.4747228,2071
20499,r10i1p1f1,2071,02,15,0.0,10.427505,-1.5913596,2071
20500,r10i1p1f1,2071,02,16,30.240901230871188,9.718804,0.5195945,2071
20501,r10i1p1f1,2071,02,17,7.018714990638393,11.486488,5.2119613,2071
20502,r10i1p1f1,2071,02,18,21.910283497632726,11.425362,0.75184554,2071
20503,r10i1p1f1,2071,02,19,0.0,12.318541,1.3186774,2071
20504,r10i1p1f1,2071,02,20,0.0,13.016541,0.74374974,2071
20505,r10i1p1f1,2071,02,21,0.0,13.768309,-0.7155461,2071
20506,r10i1p1f1,2071,02,22,0.0,14.149069,0.7622917,2071
20507,r10i1p1f1,2071,02,23,0.0,14.189651,2.1037705,2071
20508,r10i1p1f1,2071,02,24,0.0,17.033474,3.068268,2071
20509,r10i1p1f1,2071,02,25,0.0,17.61649,4.304089,2071
20510,r10i1p1f1,2071,02,26,0.9111414737473847,13.846747,3.8376617,2071
20511,r10i1p1f1,2071,02,27,5.136756896325479,9.481143,3.5032647,2071
20512,r10i1p1f1,2071,02,28,15.65008292650179,10.417018,2.2413788,2071
20513,r10i1p1f1,2071,03,01,44.14202666038794,9.0054035,4.631697,2071
20514,r10i1p1f1,2071,03,02,13.666193964385648,9.504549,3.9664073,2071
20515,r10i1p1f1,2071,03,03,1.1567871324778505,14.218062,4.910135,2071
20516,r10i1p1f1,2071,03,04,7.9029526545797895,12.805296,1.0886385,2071
20517,r10i1p1f1,2071,03,05,4.014611684258278,12.068151,5.229763,2071
20518,r10i1p1f1,2071,03,06,29.215550225987833,11.748116,7.6520176,2071
20519,r10i1p1f1,2071,03,07,11.710657656198906,12.520383,6.968467,2071
20520,r10i1p1f1,2071,03,08,0.0,13.674146,0.07920637,2071
20521,r10i1p1f1,2071,03,09,0.0,12.642361,-0.018235257,2071
20522,r10i1p1f1,2071,03,10,0.0,12.103328,-0.6824385,2071
20523,r10i1p1f1,2071,03,11,0.0,19.649208,3.5339034,2071
20524,r10i1p1f1,2071,03,12,0.0,21.37595,4.9341207,2071
20525,r10i1p1f1,2071,03,13,0.0,21.011904,5.3813286,2071
20526,r10i1p1f1,2071,03,14,0.0284694695533529,17.776493,5.2049866,2071
20527,r10i1p1f1,2071,03,15,0.0,22.702518,7.7993574,2071
20528,r10i1p1f1,2071,03,16,0.0,22.102945,8.592578,2071
20529,r10i1p1f1,2071,03,17,0.22583388145473068,19.636023,6.219568,2071
20530,r10i1p1f1,2071,03,18,0.0,23.894367,7.523441,2071
20531,r10i1p1f1,2071,03,19,0.0,25.630766,8.056134,2071
20532,r10i1p1f1,2071,03,20,0.0,25.950872,9.516698,2071
20533,r10i1p1f1,2071,03,21,0.0,26.127361,9.4128275,2071
20534,r10i1p1f1,2071,03,22,0.0,25.46081,10.364373,2071
20535,r10i1p1f1,2071,03,23,18.377074490356456,18.339132,5.2068877,2071
20536,r10i1p1f1,2071,03,24,35.97665639735121,10.707212,2.1142507,2071
20537,r10i1p1f1,2071,03,25,26.09575876420805,7.8484273,2.6205816,2071
20538,r10i1p1f1,2071,03,26,0.6077396826137709,11.75488,0.26325166,2071
20539,r10i1p1f1,2071,03,27,0.0,12.937909,3.2231803,2071
20540,r10i1p1f1,2071,03,28,4.205882552761116,16.319357,1.1564466,2071
20541,r10i1p1f1,2071,03,29,0.0,17.594883,2.692064,2071
20542,r10i1p1f1,2071,03,30,3.791190799874082,15.695977,3.0354013,2071
20543,r10i1p1f1,2071,03,31,0.009771621166452716,11.935169,0.28006384,2071
20544,r10i1p1f1,2071,04,01,11.438424212208606,7.277874,-0.26391783,2071
20545,r10i1p1f1,2071,04,02,0.6991234083503323,12.931817,-0.453177,2071
20546,r10i1p1f1,2071,04,03,6.604032173938896,12.374618,-1.455918,2071
20547,r10i1p1f1,2071,04,04,0.02177521620835346,17.074865,0.58610094,2071
20548,r10i1p1f1,2071,04,05,0.0,19.879238,4.259315,2071
20549,r10i1p1f1,2071,04,06,0.0,21.07786,8.14491,2071
20550,r10i1p1f1,2071,04,07,0.0,20.306128,4.957877,2071
20551,r10i1p1f1,2071,04,08,0.0,20.134764,5.947267,2071
20552,r10i1p1f1,2071,04,09,0.691038037578102,16.903906,5.1775346,2071
20553,r10i1p1f1,2071,04,10,6.45649211928685,12.7604475,5.518818,2071
20554,r10i1p1f1,2071,04,11,0.0,20.275331,4.0502343,2071
20555,r10i1p1f1,2071,04,12,0.0,19.064972,5.7615027,2071
20556,r10i1p1f1,2071,04,13,0.0,20.272089,5.7939854,2071
20557,r10i1p1f1,2071,04,14,0.0,24.02912,7.07999,2071
20558,r10i1p1f1,2071,04,15,0.0,22.977737,8.586179,2071
20559,r10i1p1f1,2071,04,16,0.0,20.837137,6.69863,2071
20560,r10i1p1f1,2071,04,17,0.0,22.99689,6.2648807,2071
20561,r10i1p1f1,2071,04,18,0.0,26.059078,9.043419,2071
20562,r10i1p1f1,2071,04,19,0.0,24.91314,11.509832,2071
20563,r10i1p1f1,2071,04,20,0.0,27.010338,10.832098,2071
20564,r10i1p1f1,2071,04,21,0.0,25.256657,11.59321,2071
20565,r10i1p1f1,2071,04,22,0.0,21.079071,6.9710965,2071
20566,r10i1p1f1,2071,04,23,0.0,21.226782,4.5407763,2071
20567,r10i1p1f1,2071,04,24,0.0,21.337074,7.721345,2071
20568,r10i1p1f1,2071,04,25,0.0,23.473242,7.4769545,2071
20569,r10i1p1f1,2071,04,26,0.0,25.105804,9.540752,2071
20570,r10i1p1f1,2071,04,27,0.37804992929235787,22.602858,9.415395,2071
20571,r10i1p1f1,2071,04,28,0.0,23.781733,8.9498,2071
20572,r10i1p1f1,2071,04,29,3.1748044716598662,20.15272,6.4204464,2071
20573,r10i1p1f1,2071,04,30,1.2875931897054358,15.972907,2.8936737,2071
20574,r10i1p1f1,2071,05,01,0.0,16.697973,2.408154,2071
20575,r10i1p1f1,2071,05,02,0.0,20.434385,4.2150693,2071
20576,r10i1p1f1,2071,05,03,0.0,19.896738,4.841311,2071
20577,r10i1p1f1,2071,05,04,0.0,18.492825,3.2638938,2071
20578,r10i1p1f1,2071,05,05,0.0,23.295649,7.050232,2071
20579,r10i1p1f1,2071,05,06,0.0,26.938166,10.711034,2071
20580,r10i1p1f1,2071,05,07,0.0,29.958801,12.001496,2071
20581,r10i1p1f1,2071,05,08,0.0,29.721521,13.518651,2071
20582,r10i1p1f1,2071,05,09,0.0,27.765743,13.072416,2071
20583,r10i1p1f1,2071,05,10,0.0,27.880295,10.177575,2071
20584,r10i1p1f1,2071,05,11,0.0,27.648685,11.412923,2071
20585,r10i1p1f1,2071,05,12,0.0,25.475288,10.193318,2071
20586,r10i1p1f1,2071,05,13,0.08881502918173187,19.9973,3.8614812,2071
20587,r10i1p1f1,2071,05,14,0.0,23.949541,7.4124804,2071
20588,r10i1p1f1,2071,05,15,0.0,24.093294,9.736648,2071
20589,r10i1p1f1,2071,05,16,0.0,22.602795,6.61668,2071
20590,r10i1p1f1,2071,05,17,0.0,22.193993,5.3436337,2071
20591,r10i1p1f1,2071,05,18,0.0,22.778337,4.590249,2071
20592,r10i1p1f1,2071,05,19,0.0,24.415976,6.5365205,2071
20593,r10i1p1f1,2071,05,20,0.0,30.024115,10.536467,2071
20594,r10i1p1f1,2071,05,21,0.0,36.25816,16.70033,2071
20595,r10i1p1f1,2071,05,22,0.0,35.903572,18.759523,2071
20596,r10i1p1f1,2071,05,23,0.0,34.982956,19.220526,2071
20597,r10i1p1f1,2071,05,24,0.0,32.723003,17.793373,2071
20598,r10i1p1f1,2071,05,25,0.0,31.71176,15.151827,2071
20599,r10i1p1f1,2071,05,26,0.0,25.325891,9.304148,2071
20600,r10i1p1f1,2071,05,27,0.0,26.034872,8.568352,2071
20601,r10i1p1f1,2071,05,28,0.0,27.88898,10.607552,2071
20602,r10i1p1f1,2071,05,29,0.0,28.099173,11.60602,2071
20603,r10i1p1f1,2071,05,30,0.0,32.062687,15.8977785,2071
20604,r10i1p1f1,2071,05,31,0.0,32.143757,14.958412,2071
20605,r10i1p1f1,2071,06,01,0.0,27.543653,10.760577,2071
20606,r10i1p1f1,2071,06,02,0.0,21.302572,3.2357895,2071
20607,r10i1p1f1,2071,06,03,0.0,19.177881,4.233995,2071
20608,r10i1p1f1,2071,06,04,0.0,22.988674,4.710932,2071
20609,r10i1p1f1,2071,06,05,0.0,26.585709,7.974121,2071
20610,r10i1p1f1,2071,06,06,0.8667178757605143,22.219172,8.71477,2071
20611,r10i1p1f1,2071,06,07,0.42013353748571763,25.45026,9.218015,2071
20612,r10i1p1f1,2071,06,08,0.0,29.97193,12.129608,2071
20613,r10i1p1f1,2071,06,09,0.001902379292579625,27.075434,11.913405,2071
20614,r10i1p1f1,2071,06,10,0.0,31.571867,13.963987,2071
20615,r10i1p1f1,2071,06,11,0.0,36.93867,18.900984,2071
20616,r10i1p1f1,2071,06,12,0.0,40.27564,21.688251,2071
20617,r10i1p1f1,2071,06,13,0.0,41.688038,23.715796,2071
20618,r10i1p1f1,2071,06,14,0.0011540447351427773,37.25305,22.413069,2071
20619,r10i1p1f1,2071,06,15,0.0,37.389526,21.616472,2071
20620,r10i1p1f1,2071,06,16,0.0,36.122913,18.98062,2071
20621,r10i1p1f1,2071,06,17,0.0,34.036983,19.115026,2071
20622,r10i1p1f1,2071,06,18,0.0,29.335732,15.443054,2071
20623,r10i1p1f1,2071,06,19,0.0,30.100399,14.282532,2071
20624,r10i1p1f1,2071,06,20,0.0,32.09201,15.486256,2071
20625,r10i1p1f1,2071,06,21,0.0,36.616615,19.516216,2071
20626,r10i1p1f1,2071,06,22,0.0,40.2142,21.923637,2071
20627,r10i1p1f1,2071,06,23,0.0,39.63349,23.280157,2071
20628,r10i1p1f1,2071,06,24,0.0,37.44459,21.593613,2071
20629,r10i1p1f1,2071,06,25,0.0,30.136967,12.953514,2071
20630,r10i1p1f1,2071,06,26,0.0,34.1892,18.578445,2071
20631,r10i1p1f1,2071,06,27,0.0,33.971096,16.748638,2071
20632,r10i1p1f1,2071,06,28,0.0,30.254976,14.94944,2071
20633,r10i1p1f1,2071,06,29,0.0,31.008522,14.144977,2071
20634,r10i1p1f1,2071,06,30,0.0,30.788034,14.122981,2071
20635,r10i1p1f1,2071,07,01,0.0,31.43608,13.934964,2071
20636,r10i1p1f1,2071,07,02,0.0,38.19657,20.880194,2071
20637,r10i1p1f1,2071,07,03,0.0,37.959442,21.396906,2071
20638,r10i1p1f1,2071,07,04,0.030739204061989624,36.558258,20.86554,2071
20639,r10i1p1f1,2071,07,05,0.0,36.741062,22.360426,2071
20640,r10i1p1f1,2071,07,06,0.0,39.016582,21.598127,2071
20641,r10i1p1f1,2071,07,07,0.0,38.484055,21.902231,2071
20642,r10i1p1f1,2071,07,08,0.0,39.152782,21.576902,2071
20643,r10i1p1f1,2071,07,09,0.0,39.545986,21.929161,2071
20644,r10i1p1f1,2071,07,10,0.0,38.559853,19.831158,2071
20645,r10i1p1f1,2071,07,11,0.0,37.24568,19.298914,2071
20646,r10i1p1f1,2071,07,12,0.0,39.089855,21.18158,2071
20647,r10i1p1f1,2071,07,13,0.0,38.23181,20.734726,2071
20648,r10i1p1f1,2071,07,14,0.0,34.047646,17.169163,2071
20649,r10i1p1f1,2071,07,15,0.0,31.112005,14.932023,2071
20650,r10i1p1f1,2071,07,16,0.07614054370845368,28.58119,12.410443,2071
20651,r10i1p1f1,2071,07,17,0.0,35.517406,18.213034,2071
20652,r10i1p1f1,2071,07,18,0.0,38.72566,21.018084,2071
20653,r10i1p1f1,2071,07,19,0.0,38.072193,22.094873,2071
20654,r10i1p1f1,2071,07,20,0.0,37.08008,20.25278,2071
20655,r10i1p1f1,2071,07,21,0.0,35.20445,18.361221,2071
20656,r10i1p1f1,2071,07,22,0.0,33.448833,17.173775,2071
20657,r10i1p1f1,2071,07,23,0.0,32.169434,14.743744,2071
20658,r10i1p1f1,2071,07,24,0.0,33.574585,15.624187,2071
20659,r10i1p1f1,2071,07,25,0.0,33.96714,16.123775,2071
20660,r10i1p1f1,2071,07,26,0.0,34.92566,16.655687,2071
20661,r10i1p1f1,2071,07,27,0.0,37.579506,18.822556,2071
20662,r10i1p1f1,2071,07,28,0.0,38.531845,21.410658,2071
20663,r10i1p1f1,2071,07,29,0.0,37.6821,20.386515,2071
20664,r10i1p1f1,2071,07,30,0.0,37.14998,19.682018,2071
20665,r10i1p1f1,2071,07,31,0.0,35.880314,18.670786,2071
20666,r10i1p1f1,2071,08,01,0.0,35.17302,17.82345,2071
20667,r10i1p1f1,2071,08,02,0.0,36.632156,19.386,2071
20668,r10i1p1f1,2071,08,03,0.0,38.284412,21.285841,2071
20669,r10i1p1f1,2071,08,04,0.0,38.843826,21.010332,2071
20670,r10i1p1f1,2071,08,05,0.0,40.878162,22.079935,2071
20671,r10i1p1f1,2071,08,06,0.0,40.644505,25.373787,2071
20672,r10i1p1f1,2071,08,07,0.0,42.1816,25.669865,2071
20673,r10i1p1f1,2071,08,08,0.0,41.488403,25.086172,2071
20674,r10i1p1f1,2071,08,09,0.0,40.376083,24.1584,2071
20675,r10i1p1f1,2071,08,10,0.0,38.591896,20.98583,2071
20676,r10i1p1f1,2071,08,11,0.0,34.398354,17.741758,2071
20677,r10i1p1f1,2071,08,12,0.0,35.830505,17.754444,2071
20678,r10i1p1f1,2071,08,13,0.0,35.207653,18.347462,2071
20679,r10i1p1f1,2071,08,14,0.0,39.272045,20.94614,2071
20680,r10i1p1f1,2071,08,15,0.0,41.87732,24.591232,2071
20681,r10i1p1f1,2071,08,16,0.0,41.481606,25.717712,2071
20682,r10i1p1f1,2071,08,17,0.0,41.190662,24.261515,2071
20683,r10i1p1f1,2071,08,18,0.0,40.197083,23.361933,2071
20684,r10i1p1f1,2071,08,19,0.0,37.375885,20.775946,2071
20685,r10i1p1f1,2071,08,20,0.0,32.92781,17.569403,2071
20686,r10i1p1f1,2071,08,21,0.0,29.092796,13.167599,2071
20687,r10i1p1f1,2071,08,22,0.0,33.741016,15.088628,2071
20688,r10i1p1f1,2071,08,23,0.0,38.167557,20.246881,2071
20689,r10i1p1f1,2071,08,24,0.0,38.76975,21.877518,2071
20690,r10i1p1f1,2071,08,25,0.0,37.899094,20.435328,2071
20691,r10i1p1f1,2071,08,26,0.6177226976636743,35.4021,18.522352,2071
20692,r10i1p1f1,2071,08,27,0.0,33.03651,20.752544,2071
20693,r10i1p1f1,2071,08,28,0.0,31.304707,23.069447,2071
20694,r10i1p1f1,2071,08,29,0.0,34.429665,18.016579,2071
20695,r10i1p1f1,2071,08,30,0.0,33.119354,17.335697,2071
20696,r10i1p1f1,2071,08,31,0.0,33.631073,19.064356,2071
20697,r10i1p1f1,2071,09,01,0.0,36.221188,19.797733,2071
20698,r10i1p1f1,2071,09,02,0.0,38.838554,21.58936,2071
20699,r10i1p1f1,2071,09,03,0.0,37.083755,21.168043,2071
20700,r10i1p1f1,2071,09,04,0.0,32.865223,18.62845,2071
20701,r10i1p1f1,2071,09,05,0.0,26.3018,11.982185,2071
20702,r10i1p1f1,2071,09,06,0.0,25.069452,9.91351,2071
20703,r10i1p1f1,2071,09,07,0.0,21.901758,8.724713,2071
20704,r10i1p1f1,2071,09,08,0.0,27.000483,7.978269,2071
20705,r10i1p1f1,2071,09,09,0.0,31.968592,12.907508,2071
20706,r10i1p1f1,2071,09,10,0.0,38.18047,19.981382,2071
20707,r10i1p1f1,2071,09,11,0.0,39.29849,22.467861,2071
20708,r10i1p1f1,2071,09,12,0.0,39.407017,21.647964,2071
20709,r10i1p1f1,2071,09,13,0.0,38.53244,21.848557,2071
20710,r10i1p1f1,2071,09,14,0.0,36.621403,18.64181,2071
20711,r10i1p1f1,2071,09,15,0.0,36.14024,19.160313,2071
20712,r10i1p1f1,2071,09,16,0.0,35.095078,21.485205,2071
20713,r10i1p1f1,2071,09,17,0.005629355810972476,32.916714,18.877789,2071
20714,r10i1p1f1,2071,09,18,0.0,27.873644,15.1868925,2071
20715,r10i1p1f1,2071,09,19,0.0,31.616451,12.959971,2071
20716,r10i1p1f1,2071,09,20,0.0,35.920467,18.831348,2071
20717,r10i1p1f1,2071,09,21,0.0,34.891266,16.93999,2071
20718,r10i1p1f1,2071,09,22,0.0,26.181566,11.203654,2071
20719,r10i1p1f1,2071,09,23,0.0,27.28515,9.255604,2071
20720,r10i1p1f1,2071,09,24,0.0,26.613062,10.695068,2071
20721,r10i1p1f1,2071,09,25,0.0,26.192755,10.753997,2071
20722,r10i1p1f1,2071,09,26,0.0,21.311207,8.386359,2071
20723,r10i1p1f1,2071,09,27,0.0,20.430927,5.2819114,2071
20724,r10i1p1f1,2071,09,28,0.0,30.43016,10.858517,2071
20725,r10i1p1f1,2071,09,29,0.0,35.107487,19.387354,2071
20726,r10i1p1f1,2071,09,30,0.24677968092299507,34.1959,19.474333,2071
20727,r10i1p1f1,2071,10,01,0.0,24.155043,9.723077,2071
20728,r10i1p1f1,2071,10,02,0.0,23.657385,8.803323,2071
20729,r10i1p1f1,2071,10,03,0.0,26.857254,10.7645645,2071
20730,r10i1p1f1,2071,10,04,0.0,27.201345,10.873887,2071
20731,r10i1p1f1,2071,10,05,0.0,29.382366,13.6206665,2071
20732,r10i1p1f1,2071,10,06,0.0,34.864635,15.873031,2071
20733,r10i1p1f1,2071,10,07,0.0,36.582386,19.295115,2071
20734,r10i1p1f1,2071,10,08,0.0,37.04184,19.9337,2071
20735,r10i1p1f1,2071,10,09,0.0,36.395348,20.63278,2071
20736,r10i1p1f1,2071,10,10,0.0,35.659534,20.995275,2071
20737,r10i1p1f1,2071,10,11,0.0,32.881393,18.920797,2071
20738,r10i1p1f1,2071,10,12,0.0,30.749554,17.653637,2071
20739,r10i1p1f1,2071,10,13,0.0,31.160381,16.290165,2071
20740,r10i1p1f1,2071,10,14,0.0,30.9174,15.825564,2071
20741,r10i1p1f1,2071,10,15,0.0,25.820686,14.352011,2071
20742,r10i1p1f1,2071,10,16,0.0,24.643179,9.965399,2071
20743,r10i1p1f1,2071,10,17,0.0,27.43602,10.869007,2071
20744,r10i1p1f1,2071,10,18,0.0,27.29687,10.703534,2071
20745,r10i1p1f1,2071,10,19,0.0,26.262665,12.343458,2071
20746,r10i1p1f1,2071,10,20,69.49256165198197,20.855509,10.341708,2071
20747,r10i1p1f1,2071,10,21,0.0,18.475655,6.411549,2071
20748,r10i1p1f1,2071,10,22,0.0,18.679739,6.9375796,2071
20749,r10i1p1f1,2071,10,23,0.0,20.952356,8.275008,2071
20750,r10i1p1f1,2071,10,24,0.0,22.952185,10.088889,2071
20751,r10i1p1f1,2071,10,25,0.0,25.82434,10.338012,2071
20752,r10i1p1f1,2071,10,26,0.0,25.926903,9.969638,2071
20753,r10i1p1f1,2071,10,27,0.0,24.629456,10.824826,2071
20754,r10i1p1f1,2071,10,28,0.0,24.174356,11.4936905,2071
20755,r10i1p1f1,2071,10,29,0.0,24.480202,12.135293,2071
20756,r10i1p1f1,2071,10,30,0.0,26.80396,11.663032,2071
20757,r10i1p1f1,2071,10,31,0.0,25.752981,12.648063,2071
20758,r10i1p1f1,2071,11,01,0.0,23.972477,8.87789,2071
20759,r10i1p1f1,2071,11,02,0.0,25.325266,8.548813,2071
20760,r10i1p1f1,2071,11,03,0.0,28.330505,8.858825,2071
20761,r10i1p1f1,2071,11,04,0.0,27.550997,10.950184,2071
20762,r10i1p1f1,2071,11,05,0.0,25.400257,9.284522,2071
20763,r10i1p1f1,2071,11,06,0.0,25.10639,9.523181,2071
20764,r10i1p1f1,2071,11,07,5.437976288215539,25.866186,10.776106,2071
20765,r10i1p1f1,2071,11,08,0.9726734994489418,17.288376,5.7079735,2071
20766,r10i1p1f1,2071,11,09,0.0,20.374018,5.6677513,2071
20767,r10i1p1f1,2071,11,10,0.0,25.691534,9.108516,2071
20768,r10i1p1f1,2071,11,11,0.0,29.357872,9.216658,2071
20769,r10i1p1f1,2071,11,12,0.0,27.47211,13.463656,2071
20770,r10i1p1f1,2071,11,13,0.0,26.053116,14.006258,2071
20771,r10i1p1f1,2071,11,14,0.0,23.341375,8.813528,2071
20772,r10i1p1f1,2071,11,15,5.587528328166962,21.333393,10.688845,2071
20773,r10i1p1f1,2071,11,16,0.05835493946619863,18.2507,5.75084,2071
20774,r10i1p1f1,2071,11,17,36.810256213586975,13.886333,2.5899956,2071
20775,r10i1p1f1,2071,11,18,52.72893608229137,12.544733,4.580437,2071
20776,r10i1p1f1,2071,11,19,1.1332243129369377,11.37135,4.006628,2071
20777,r10i1p1f1,2071,11,20,0.0,16.554598,1.5790555,2071
20778,r10i1p1f1,2071,11,21,0.0,16.710564,6.620898,2071
20779,r10i1p1f1,2071,11,22,4.780933615094048,14.807218,8.479368,2071
20780,r10i1p1f1,2071,11,23,0.08576611878532658,14.039192,5.086549,2071
20781,r10i1p1f1,2071,11,24,0.0,14.758862,1.9862806,2071
20782,r10i1p1f1,2071,11,25,0.0,16.49159,1.9857515,2071
20783,r10i1p1f1,2071,11,26,0.0,15.674352,5.317671,2071
20784,r10i1p1f1,2071,11,27,8.124856637349646,12.393553,6.9238114,2071
20785,r10i1p1f1,2071,11,28,0.0,15.407959,8.742279,2071
20786,r10i1p1f1,2071,11,29,1.3287503722399139,16.791649,7.5464315,2071
20787,r10i1p1f1,2071,11,30,0.006851958889791077,17.01423,4.8374314,2071
20788,r10i1p1f1,2071,12,01,0.0,13.744448,3.3754184,2071
20789,r10i1p1f1,2071,12,02,25.749393679985875,11.633935,5.0501995,2071
20790,r10i1p1f1,2071,12,03,83.60909437760711,13.562216,4.992428,2071
20791,r10i1p1f1,2071,12,04,30.2826260091694,9.004015,3.6008244,2071
20792,r10i1p1f1,2071,12,05,0.0,11.502457,-0.23574588,2071
20793,r10i1p1f1,2071,12,06,30.657418336608988,9.645712,3.4972534,2071
20794,r10i1p1f1,2071,12,07,36.093167760286875,10.908557,5.1207795,2071
20795,r10i1p1f1,2071,12,08,1.0180845308432733,10.401639,1.5820144,2071
20796,r10i1p1f1,2071,12,09,0.009371784223108798,11.2157955,2.644135,2071
20797,r10i1p1f1,2071,12,10,48.402100032514056,9.709166,3.0020633,2071
20798,r10i1p1f1,2071,12,11,3.510729665255272,7.1229496,2.099654,2071
20799,r10i1p1f1,2071,12,12,0.0,7.0774393,0.5181905,2071
20800,r10i1p1f1,2071,12,13,0.0,8.311997,-2.3597589,2071
20801,r10i1p1f1,2071,12,14,0.0,10.530597,-1.9385109,2071
20802,r10i1p1f1,2071,12,15,0.0,13.015874,1.8965454,2071
20803,r10i1p1f1,2071,12,16,0.0,12.64264,2.8461983,2071
20804,r10i1p1f1,2071,12,17,0.0,14.5364685,2.44884,2071
20805,r10i1p1f1,2071,12,18,0.06726828318589564,12.251498,3.1580622,2071
20806,r10i1p1f1,2071,12,19,6.745743362913153,9.610178,6.1961703,2071
20807,r10i1p1f1,2071,12,20,0.0,13.810971,3.4645145,2071
20808,r10i1p1f1,2071,12,21,0.0,13.033702,1.0723411,2071
20809,r10i1p1f1,2071,12,22,0.0,11.207146,1.7762257,2071
20810,r10i1p1f1,2071,12,23,0.0,9.607648,0.93988115,2071
20811,r10i1p1f1,2071,12,24,0.0,8.0638,-2.4167256,2071
20812,r10i1p1f1,2071,12,25,0.0,7.1460266,-4.2671914,2071
20813,r10i1p1f1,2071,12,26,1.747175679970257,6.9098625,-1.6602405,2071
20814,r10i1p1f1,2071,12,27,1.8327019277373773,8.705064,2.5029647,2071
20815,r10i1p1f1,2071,12,28,0.0,9.502453,3.1690018,2071
20816,r10i1p1f1,2071,12,29,1.3456854806702865,7.8816705,3.0319834,2071
20817,r10i1p1f1,2071,12,30,22.924576461695036,10.022438,5.087894,2071
20818,r10i1p1f1,2071,12,31,0.0,17.037994,7.734015,2071
20819,r10i1p1f1,2072,01,01,0.0,18.967453,7.420253,2072
20820,r10i1p1f1,2072,01,02,0.0,16.5499,6.5522933,2072
20821,r10i1p1f1,2072,01,03,30.434951597616372,10.836252,7.232323,2072
20822,r10i1p1f1,2072,01,04,14.369551021665853,11.325452,5.077236,2072
20823,r10i1p1f1,2072,01,05,0.0,12.155804,5.1581383,2072
20824,r10i1p1f1,2072,01,06,24.868804820825492,11.459748,4.2477865,2072
20825,r10i1p1f1,2072,01,07,3.0947176062335005,10.234603,4.991339,2072
20826,r10i1p1f1,2072,01,08,2.7785628410799146,8.582354,2.2782433,2072
20827,r10i1p1f1,2072,01,09,0.0,12.447298,2.111966,2072
20828,r10i1p1f1,2072,01,10,0.0,17.857906,6.1652164,2072
20829,r10i1p1f1,2072,01,11,0.0,17.605005,6.9237976,2072
20830,r10i1p1f1,2072,01,12,0.0,21.617723,8.536893,2072
20831,r10i1p1f1,2072,01,13,0.0,20.870003,8.36318,2072
20832,r10i1p1f1,2072,01,14,0.0,19.22898,8.372886,2072
20833,r10i1p1f1,2072,01,15,11.643165949422645,13.660774,2.7852075,2072
20834,r10i1p1f1,2072,01,16,0.05940896896247164,7.7319756,-0.45535842,2072
20835,r10i1p1f1,2072,01,17,7.43822275563664,4.663438,-5.2752886,2072
20836,r10i1p1f1,2072,01,18,0.0,6.2010274,-4.8630476,2072
20837,r10i1p1f1,2072,01,19,0.0,-1.8288883,-12.476854,2072
20838,r10i1p1f1,2072,01,20,0.0,2.950458,-7.769085,2072
20839,r10i1p1f1,2072,01,21,51.676635899409455,4.7963867,-3.9194722,2072
20840,r10i1p1f1,2072,01,22,23.70230966633627,6.3193254,-0.14380866,2072
20841,r10i1p1f1,2072,01,23,19.168447389567614,5.736309,0.42479947,2072
20842,r10i1p1f1,2072,01,24,0.9781542756651393,6.4283333,1.7955185,2072
20843,r10i1p1f1,2072,01,25,54.28356045771292,6.2933364,1.4052159,2072
20844,r10i1p1f1,2072,01,26,50.078917295047034,7.5062113,0.31246245,2072
20845,r10i1p1f1,2072,01,27,10.01528275251315,6.363118,-1.2069224,2072
20846,r10i1p1f1,2072,01,28,38.24897163124804,6.923102,0.8563951,2072
20847,r10i1p1f1,2072,01,29,0.008133494511160902,9.209924,1.3029894,2072
20848,r10i1p1f1,2072,01,30,0.0,9.576526,-1.937897,2072
20849,r10i1p1f1,2072,01,31,13.621177108143456,7.5801578,2.358056,2072
20850,r10i1p1f1,2072,02,01,0.0,12.588225,0.8378029,2072
20851,r10i1p1f1,2072,02,02,4.912917601215764,10.967615,4.155881,2072
20852,r10i1p1f1,2072,02,03,6.9237470587196235,12.065331,5.8286686,2072
20853,r10i1p1f1,2072,02,04,0.0,15.927365,4.6995616,2072
20854,r10i1p1f1,2072,02,05,0.0,14.938733,7.4027195,2072
20855,r10i1p1f1,2072,02,06,0.0,17.931189,5.2644706,2072
20856,r10i1p1f1,2072,02,07,0.0,18.554718,5.856546,2072
20857,r10i1p1f1,2072,02,08,0.0,17.26969,4.965151,2072
20858,r10i1p1f1,2072,02,09,0.7598883455461634,12.359825,1.0813851,2072
20859,r10i1p1f1,2072,02,10,0.0,9.967038,-1.1588267,2072
20860,r10i1p1f1,2072,02,11,24.280179742613416,7.955956,-1.4192985,2072
20861,r10i1p1f1,2072,02,12,77.61925773106907,12.974589,5.0933743,2072
20862,r10i1p1f1,2072,02,13,11.045592658296012,9.478766,4.2713695,2072
20863,r10i1p1f1,2072,02,14,23.916015350627468,9.323216,2.8282623,2072
20864,r10i1p1f1,2072,02,15,14.384086567550089,8.067168,1.0836037,2072
20865,r10i1p1f1,2072,02,16,1.5175487761888162,12.071808,1.3063302,2072
20866,r10i1p1f1,2072,02,17,0.0,12.176487,3.5738606,2072
20867,r10i1p1f1,2072,02,18,29.159353113745485,8.547979,3.4718227,2072
20868,r10i1p1f1,2072,02,19,26.58530234797294,12.503341,3.8121924,2072
20869,r10i1p1f1,2072,02,20,0.0,13.297521,1.672336,2072
20870,r10i1p1f1,2072,02,21,0.0,13.975943,1.8968312,2072
20871,r10i1p1f1,2072,02,22,0.0,17.529922,3.4081326,2072
20872,r10i1p1f1,2072,02,23,0.0,19.940086,5.049032,2072
20873,r10i1p1f1,2072,02,24,0.0,22.082373,7.40032,2072
20874,r10i1p1f1,2072,02,25,0.0,21.398659,7.209847,2072
20875,r10i1p1f1,2072,02,26,0.0,21.454962,7.425321,2072
20876,r10i1p1f1,2072,02,27,18.28883973005424,16.402584,6.263027,2072
20877,r10i1p1f1,2072,02,28,17.317425237093918,12.023313,7.4969025,2072
20878,r10i1p1f1,2072,02,29,8.82121807604371,10.5323305,4.842723,2072
20879,r10i1p1f1,2072,03,01,52.945593901830236,12.555582,4.9825277,2072
20880,r10i1p1f1,2072,03,02,0.03781508776647139,13.311138,5.2291956,2072
20881,r10i1p1f1,2072,03,03,38.601331543606264,14.6624775,6.5496697,2072
20882,r10i1p1f1,2072,03,04,75.43699264121977,14.815742,6.3191996,2072
20883,r10i1p1f1,2072,03,05,12.127867711311218,10.911331,4.744107,2072
20884,r10i1p1f1,2072,03,06,13.910043285087388,11.3953085,4.4174194,2072
20885,r10i1p1f1,2072,03,07,91.24684477421015,15.208755,5.367434,2072
20886,r10i1p1f1,2072,03,08,10.29113031685196,15.369722,8.205468,2072
20887,r10i1p1f1,2072,03,09,7.204588907600402,11.128797,-3.5864532,2072
20888,r10i1p1f1,2072,03,10,0.0,9.853046,-2.511142,2072
20889,r10i1p1f1,2072,03,11,0.6976742711015648,8.651788,1.6205999,2072
20890,r10i1p1f1,2072,03,12,0.0,10.319526,-2.6154015,2072
20891,r10i1p1f1,2072,03,13,0.0,9.765991,-5.086038,2072
20892,r10i1p1f1,2072,03,14,0.0,15.1457,0.08664522,2072
20893,r10i1p1f1,2072,03,15,22.610332316559692,14.194191,1.77803,2072
20894,r10i1p1f1,2072,03,16,0.35590038689980774,13.6075325,2.1705575,2072
20895,r10i1p1f1,2072,03,17,0.0,16.160326,1.932042,2072
20896,r10i1p1f1,2072,03,18,47.77514070064124,14.522013,4.050129,2072
20897,r10i1p1f1,2072,03,19,5.710156481358067,10.16476,2.479574,2072
20898,r10i1p1f1,2072,03,20,1.674689541830862,12.589735,2.5597389,2072
20899,r10i1p1f1,2072,03,21,7.9808596904561115,11.547173,-0.14159976,2072
20900,r10i1p1f1,2072,03,22,12.058678232815032,11.478375,4.1166344,2072
20901,r10i1p1f1,2072,03,23,0.0,18.60832,3.9613068,2072
20902,r10i1p1f1,2072,03,24,0.0,18.458954,6.098993,2072
20903,r10i1p1f1,2072,03,25,0.0,17.965357,8.585153,2072
20904,r10i1p1f1,2072,03,26,0.0,18.724297,8.181262,2072
20905,r10i1p1f1,2072,03,27,1.1230545383592758,14.922911,2.3385339,2072
20906,r10i1p1f1,2072,03,28,0.0,20.507692,2.8941307,2072
20907,r10i1p1f1,2072,03,29,0.0,23.246166,8.372763,2072
20908,r10i1p1f1,2072,03,30,0.0,25.138842,10.717944,2072
20909,r10i1p1f1,2072,03,31,3.579009509600215,20.72561,5.6399875,2072
20910,r10i1p1f1,2072,04,01,2.0555864824808325,14.419776,9.112397,2072
20911,r10i1p1f1,2072,04,02,0.0,21.83878,4.850594,2072
20912,r10i1p1f1,2072,04,03,0.0,23.947073,6.062082,2072
20913,r10i1p1f1,2072,04,04,0.0,23.537714,9.928979,2072
20914,r10i1p1f1,2072,04,05,0.0,29.39261,10.295685,2072
20915,r10i1p1f1,2072,04,06,0.0,30.029894,12.379244,2072
20916,r10i1p1f1,2072,04,07,0.0,28.501982,13.819237,2072
20917,r10i1p1f1,2072,04,08,0.0,27.893835,12.412559,2072
20918,r10i1p1f1,2072,04,09,0.14759307130972096,20.456692,8.359154,2072
20919,r10i1p1f1,2072,04,10,0.0,22.390799,6.4582624,2072
20920,r10i1p1f1,2072,04,11,0.0,22.432016,10.064222,2072
20921,r10i1p1f1,2072,04,12,14.190379104739373,18.630096,4.705982,2072
20922,r10i1p1f1,2072,04,13,0.05007981234556562,13.3893,6.0383573,2072
20923,r10i1p1f1,2072,04,14,0.0,16.574093,2.4829817,2072
20924,r10i1p1f1,2072,04,15,0.0,20.860632,5.5037518,2072
20925,r10i1p1f1,2072,04,16,0.0,24.23578,6.533505,2072
20926,r10i1p1f1,2072,04,17,0.0,24.999079,10.142569,2072
20927,r10i1p1f1,2072,04,18,0.0,25.446102,9.99774,2072
20928,r10i1p1f1,2072,04,19,0.0,26.48518,12.050627,2072
20929,r10i1p1f1,2072,04,20,0.0,26.664383,11.023073,2072
20930,r10i1p1f1,2072,04,21,0.0,25.093596,10.076228,2072
20931,r10i1p1f1,2072,04,22,12.873315866990628,14.167905,1.0273936,2072
20932,r10i1p1f1,2072,04,23,1.2958393989935615,10.3265705,0.3948545,2072
20933,r10i1p1f1,2072,04,24,0.5601473026648531,12.955859,2.1111584,2072
20934,r10i1p1f1,2072,04,25,0.0,15.125636,2.8186524,2072
20935,r10i1p1f1,2072,04,26,0.0,14.350931,0.94233423,2072
20936,r10i1p1f1,2072,04,27,0.0,18.75099,3.6827705,2072
20937,r10i1p1f1,2072,04,28,0.0,19.96906,4.530481,2072
20938,r10i1p1f1,2072,04,29,0.0,22.056753,8.589862,2072
20939,r10i1p1f1,2072,04,30,0.0,28.432993,10.475959,2072
20940,r10i1p1f1,2072,05,01,0.0,29.026897,13.21641,2072
20941,r10i1p1f1,2072,05,02,0.0,31.771215,15.986408,2072
20942,r10i1p1f1,2072,05,03,0.0,31.581196,16.335413,2072
20943,r10i1p1f1,2072,05,04,0.0,30.035057,15.749122,2072
20944,r10i1p1f1,2072,05,05,0.0,28.01184,13.054907,2072
20945,r10i1p1f1,2072,05,06,0.0,24.137154,8.882403,2072
20946,r10i1p1f1,2072,05,07,0.01599899309152725,17.962526,5.6081886,2072
20947,r10i1p1f1,2072,05,08,6.288296175319518,17.515877,5.068884,2072
20948,r10i1p1f1,2072,05,09,0.19365302524468125,17.674038,5.8265452,2072
20949,r10i1p1f1,2072,05,10,0.0,22.628159,6.3327637,2072
20950,r10i1p1f1,2072,05,11,0.0,24.787388,8.646065,2072
20951,r10i1p1f1,2072,05,12,0.0,24.966791,9.0571785,2072
20952,r10i1p1f1,2072,05,13,0.0,25.483068,9.102933,2072
20953,r10i1p1f1,2072,05,14,0.0,28.913359,12.015711,2072
20954,r10i1p1f1,2072,05,15,0.0,28.99779,12.077573,2072
20955,r10i1p1f1,2072,05,16,0.0,29.035635,13.589811,2072
20956,r10i1p1f1,2072,05,17,0.0,28.81635,13.682943,2072
20957,r10i1p1f1,2072,05,18,0.0,28.44013,13.803155,2072
20958,r10i1p1f1,2072,05,19,0.0,30.257118,12.733345,2072
20959,r10i1p1f1,2072,05,20,0.0,30.485506,13.885225,2072
20960,r10i1p1f1,2072,05,21,0.0,30.235605,13.314312,2072
20961,r10i1p1f1,2072,05,22,0.0,30.841938,14.851532,2072
20962,r10i1p1f1,2072,05,23,0.0,30.096188,15.420073,2072
20963,r10i1p1f1,2072,05,24,0.0,29.097754,12.736603,2072
20964,r10i1p1f1,2072,05,25,0.0,31.219229,13.961907,2072
20965,r10i1p1f1,2072,05,26,0.0,33.063313,16.34249,2072
20966,r10i1p1f1,2072,05,27,0.0,34.064198,18.320433,2072
20967,r10i1p1f1,2072,05,28,0.0,35.355465,18.682985,2072
20968,r10i1p1f1,2072,05,29,0.0,34.489475,19.759352,2072
20969,r10i1p1f1,2072,05,30,0.0,33.467964,18.428669,2072
20970,r10i1p1f1,2072,05,31,0.0,34.499386,17.71258,2072
20971,r10i1p1f1,2072,06,01,0.0,34.245422,17.121386,2072
20972,r10i1p1f1,2072,06,02,0.0,34.520004,17.60381,2072
20973,r10i1p1f1,2072,06,03,0.0,33.24561,16.66709,2072
20974,r10i1p1f1,2072,06,04,0.0,30.183468,15.069598,2072
20975,r10i1p1f1,2072,06,05,0.0,35.315144,16.769089,2072
20976,r10i1p1f1,2072,06,06,0.0,36.424088,20.290716,2072
20977,r10i1p1f1,2072,06,07,0.0,35.451176,18.774498,2072
20978,r10i1p1f1,2072,06,08,0.0,28.813614,12.408171,2072
20979,r10i1p1f1,2072,06,09,0.0,29.800196,12.457139,2072
20980,r10i1p1f1,2072,06,10,0.0,29.303598,12.731039,2072
20981,r10i1p1f1,2072,06,11,0.0,33.54835,13.950669,2072
20982,r10i1p1f1,2072,06,12,0.0,32.896408,15.114145,2072
20983,r10i1p1f1,2072,06,13,0.0,25.157825,13.543245,2072
20984,r10i1p1f1,2072,06,14,0.0,20.403915,9.3633995,2072
20985,r10i1p1f1,2072,06,15,0.0,18.232046,5.6226053,2072
20986,r10i1p1f1,2072,06,16,0.03173236149163322,23.725685,8.027493,2072
20987,r10i1p1f1,2072,06,17,0.0,32.256786,12.732593,2072
20988,r10i1p1f1,2072,06,18,0.0,31.364305,13.9988985,2072
20989,r10i1p1f1,2072,06,19,0.0,28.95876,11.560169,2072
20990,r10i1p1f1,2072,06,20,0.0,29.051504,11.5336075,2072
20991,r10i1p1f1,2072,06,21,0.0,28.229528,11.48709,2072
20992,r10i1p1f1,2072,06,22,0.0,24.031109,10.027543,2072
20993,r10i1p1f1,2072,06,23,0.0,24.276491,8.915712,2072
20994,r10i1p1f1,2072,06,24,0.0,28.396439,10.293312,2072
20995,r10i1p1f1,2072,06,25,0.0,30.622074,12.435327,2072
20996,r10i1p1f1,2072,06,26,0.0,33.58195,15.032374,2072
20997,r10i1p1f1,2072,06,27,0.0,32.68777,15.391953,2072
20998,r10i1p1f1,2072,06,28,0.0,30.632887,13.1270685,2072
20999,r10i1p1f1,2072,06,29,0.0,34.013935,15.318608,2072
21000,r10i1p1f1,2072,06,30,0.0,33.164978,16.335077,2072
21001,r10i1p1f1,2072,07,01,0.0,34.632504,16.309086,2072
21002,r10i1p1f1,2072,07,02,0.0,38.30525,17.789392,2072
21003,r10i1p1f1,2072,07,03,0.0,40.09883,20.308075,2072
21004,r10i1p1f1,2072,07,04,0.32750190408765584,36.83015,20.587204,2072
21005,r10i1p1f1,2072,07,05,0.0,37.851826,21.597876,2072
21006,r10i1p1f1,2072,07,06,0.0,40.15874,22.762203,2072
21007,r10i1p1f1,2072,07,07,0.0,43.229027,24.318058,2072
21008,r10i1p1f1,2072,07,08,0.0,42.507885,25.17539,2072
21009,r10i1p1f1,2072,07,09,0.0,38.120304,22.124968,2072
21010,r10i1p1f1,2072,07,10,0.0,33.10803,18.429762,2072
21011,r10i1p1f1,2072,07,11,0.0,32.016712,16.087112,2072
21012,r10i1p1f1,2072,07,12,0.0,33.45947,16.365286,2072
21013,r10i1p1f1,2072,07,13,0.0,34.31333,17.512798,2072
21014,r10i1p1f1,2072,07,14,0.0,35.556873,18.153942,2072
21015,r10i1p1f1,2072,07,15,0.0,39.394047,20.652357,2072
21016,r10i1p1f1,2072,07,16,0.0,41.43536,23.062782,2072
21017,r10i1p1f1,2072,07,17,0.0,40.76918,22.124336,2072
21018,r10i1p1f1,2072,07,18,0.0,37.663677,19.876305,2072
21019,r10i1p1f1,2072,07,19,0.0,28.879925,12.251894,2072
21020,r10i1p1f1,2072,07,20,0.0,28.480371,12.479607,2072
21021,r10i1p1f1,2072,07,21,0.0,27.932283,12.270836,2072
21022,r10i1p1f1,2072,07,22,0.0016718416286733515,26.58704,11.240349,2072
21023,r10i1p1f1,2072,07,23,0.0,29.084219,11.355091,2072
21024,r10i1p1f1,2072,07,24,0.0,34.704315,16.446974,2072
21025,r10i1p1f1,2072,07,25,0.0,36.8644,19.833004,2072
21026,r10i1p1f1,2072,07,26,0.0,36.634964,19.529646,2072
21027,r10i1p1f1,2072,07,27,0.0,35.990067,18.982515,2072
21028,r10i1p1f1,2072,07,28,0.0,34.473633,17.85067,2072
21029,r10i1p1f1,2072,07,29,0.0,35.44132,18.680021,2072
21030,r10i1p1f1,2072,07,30,0.0,36.746708,18.743902,2072
21031,r10i1p1f1,2072,07,31,0.0,41.379375,22.372751,2072
21032,r10i1p1f1,2072,08,01,0.0,43.784294,25.219023,2072
21033,r10i1p1f1,2072,08,02,0.0,43.032078,25.321167,2072
21034,r10i1p1f1,2072,08,03,0.0,42.312904,25.331596,2072
21035,r10i1p1f1,2072,08,04,0.0,40.70473,24.282843,2072
21036,r10i1p1f1,2072,08,05,0.0,39.82136,22.261467,2072
21037,r10i1p1f1,2072,08,06,0.0,39.2685,22.860962,2072
21038,r10i1p1f1,2072,08,07,0.0,38.42814,22.70687,2072
21039,r10i1p1f1,2072,08,08,0.0,33.669655,16.718262,2072
21040,r10i1p1f1,2072,08,09,0.0,30.593124,14.257075,2072
21041,r10i1p1f1,2072,08,10,0.0,29.635357,13.177927,2072
21042,r10i1p1f1,2072,08,11,0.0,30.677853,12.41676,2072
21043,r10i1p1f1,2072,08,12,0.0,32.60663,14.8048725,2072
21044,r10i1p1f1,2072,08,13,0.0,31.172848,14.370697,2072
21045,r10i1p1f1,2072,08,14,0.0,28.255339,12.205371,2072
21046,r10i1p1f1,2072,08,15,0.0,28.415312,10.044911,2072
21047,r10i1p1f1,2072,08,16,0.0,35.78041,16.622,2072
21048,r10i1p1f1,2072,08,17,0.0,39.390087,19.971401,2072
21049,r10i1p1f1,2072,08,18,0.0,37.40123,21.547367,2072
21050,r10i1p1f1,2072,08,19,0.0,37.351734,20.841461,2072
21051,r10i1p1f1,2072,08,20,0.0,38.014748,20.747147,2072
21052,r10i1p1f1,2072,08,21,0.0,37.6909,20.847013,2072
21053,r10i1p1f1,2072,08,22,0.0,37.0074,20.408604,2072
21054,r10i1p1f1,2072,08,23,0.0,37.120045,19.727055,2072
21055,r10i1p1f1,2072,08,24,0.0,35.25477,21.500937,2072
21056,r10i1p1f1,2072,08,25,0.0,36.843822,20.125624,2072
21057,r10i1p1f1,2072,08,26,0.0,36.419735,18.11173,2072
21058,r10i1p1f1,2072,08,27,0.0,35.637867,18.278187,2072
21059,r10i1p1f1,2072,08,28,0.0,36.74612,19.177517,2072
21060,r10i1p1f1,2072,08,29,0.0,36.283375,18.610865,2072
21061,r10i1p1f1,2072,08,30,0.0,35.785023,18.504385,2072
21062,r10i1p1f1,2072,08,31,0.0,34.84753,16.8372,2072
21063,r10i1p1f1,2072,09,01,0.0,33.998894,20.711817,2072
21064,r10i1p1f1,2072,09,02,0.0,29.5716,13.273097,2072
21065,r10i1p1f1,2072,09,03,0.0,29.032862,12.5284605,2072
21066,r10i1p1f1,2072,09,04,0.39464447365971683,27.957355,14.281828,2072
21067,r10i1p1f1,2072,09,05,0.0,26.511368,11.75753,2072
21068,r10i1p1f1,2072,09,06,0.0,27.993202,11.67848,2072
21069,r10i1p1f1,2072,09,07,0.0,27.369108,12.180562,2072
21070,r10i1p1f1,2072,09,08,0.0,29.97838,12.374002,2072
21071,r10i1p1f1,2072,09,09,0.0,34.464024,16.888977,2072
21072,r10i1p1f1,2072,09,10,0.0,35.89348,19.808527,2072
21073,r10i1p1f1,2072,09,11,0.0,35.236656,19.573591,2072
21074,r10i1p1f1,2072,09,12,0.0,38.13332,20.488722,2072
21075,r10i1p1f1,2072,09,13,0.0,38.416656,21.805822,2072
21076,r10i1p1f1,2072,09,14,0.0,37.616013,22.242964,2072
21077,r10i1p1f1,2072,09,15,0.0,33.576523,15.540039,2072
21078,r10i1p1f1,2072,09,16,0.0,24.268602,9.492342,2072
21079,r10i1p1f1,2072,09,17,2.3046669372768904,23.184675,9.192201,2072
21080,r10i1p1f1,2072,09,18,6.587045917331125,22.84587,9.480687,2072
21081,r10i1p1f1,2072,09,19,0.0,25.14129,7.2834578,2072
21082,r10i1p1f1,2072,09,20,0.0,29.332195,10.643937,2072
21083,r10i1p1f1,2072,09,21,0.0,35.582268,17.256336,2072
21084,r10i1p1f1,2072,09,22,0.0,37.571728,20.220749,2072
21085,r10i1p1f1,2072,09,23,0.0,37.843315,20.620937,2072
21086,r10i1p1f1,2072,09,24,0.0,37.281525,23.20741,2072
21087,r10i1p1f1,2072,09,25,0.0,33.78394,20.506214,2072
21088,r10i1p1f1,2072,09,26,0.0,31.688688,15.553952,2072
21089,r10i1p1f1,2072,09,27,0.0,34.35664,17.764753,2072
21090,r10i1p1f1,2072,09,28,0.0,33.27841,17.848516,2072
21091,r10i1p1f1,2072,09,29,0.0,31.06328,17.159235,2072
21092,r10i1p1f1,2072,09,30,0.0,28.898851,15.342445,2072
21093,r10i1p1f1,2072,10,01,0.0,28.065298,14.743665,2072
21094,r10i1p1f1,2072,10,02,0.0,31.464706,13.856666,2072
21095,r10i1p1f1,2072,10,03,0.0,34.469482,16.849096,2072
21096,r10i1p1f1,2072,10,04,0.0,33.416943,17.673923,2072
21097,r10i1p1f1,2072,10,05,0.0,30.202124,15.236682,2072
21098,r10i1p1f1,2072,10,06,0.0,24.636559,11.238885,2072
21099,r10i1p1f1,2072,10,07,0.0,28.635422,10.519545,2072
21100,r10i1p1f1,2072,10,08,0.0,31.921795,14.423955,2072
21101,r10i1p1f1,2072,10,09,0.0,30.291424,15.75639,2072
21102,r10i1p1f1,2072,10,10,0.0,31.666151,12.841717,2072
21103,r10i1p1f1,2072,10,11,0.0,29.173166,12.566275,2072
21104,r10i1p1f1,2072,10,12,0.0,30.464262,14.931624,2072
21105,r10i1p1f1,2072,10,13,0.0,33.538418,18.60862,2072
21106,r10i1p1f1,2072,10,14,0.0,34.247696,15.924538,2072
21107,r10i1p1f1,2072,10,15,0.0,33.097347,17.428205,2072
21108,r10i1p1f1,2072,10,16,0.0,28.673498,11.306464,2072
21109,r10i1p1f1,2072,10,17,0.0,25.195591,11.717894,2072
21110,r10i1p1f1,2072,10,18,0.0,24.9701,11.181908,2072
21111,r10i1p1f1,2072,10,19,0.0,27.540705,9.337924,2072
21112,r10i1p1f1,2072,10,20,0.0,27.664444,15.26669,2072
21113,r10i1p1f1,2072,10,21,0.0,27.058283,12.6783085,2072
21114,r10i1p1f1,2072,10,22,0.0,24.802214,9.152375,2072
21115,r10i1p1f1,2072,10,23,0.0,25.189672,11.474314,2072
21116,r10i1p1f1,2072,10,24,0.0,24.365646,11.538506,2072
21117,r10i1p1f1,2072,10,25,0.0,27.45068,9.472657,2072
21118,r10i1p1f1,2072,10,26,0.0,27.053932,14.664755,2072
21119,r10i1p1f1,2072,10,27,0.8309291144158986,27.239733,13.045055,2072
21120,r10i1p1f1,2072,10,28,0.0,24.2385,8.454322,2072
21121,r10i1p1f1,2072,10,29,0.0,23.492529,10.140619,2072
21122,r10i1p1f1,2072,10,30,0.0,25.746317,9.192173,2072
21123,r10i1p1f1,2072,10,31,0.0,29.60227,11.668931,2072
21124,r10i1p1f1,2072,11,01,0.0,28.770756,12.689047,2072
21125,r10i1p1f1,2072,11,02,0.0,27.177345,11.556417,2072
21126,r10i1p1f1,2072,11,03,0.0,29.010109,14.459726,2072
21127,r10i1p1f1,2072,11,04,0.0,28.632042,14.198056,2072
21128,r10i1p1f1,2072,11,05,0.0,25.249714,14.015376,2072
21129,r10i1p1f1,2072,11,06,0.0,24.938421,11.12778,2072
21130,r10i1p1f1,2072,11,07,0.8885734589153129,19.55979,7.690911,2072
21131,r10i1p1f1,2072,11,08,0.0,21.856936,8.447999,2072
21132,r10i1p1f1,2072,11,09,0.0,25.948236,7.4879947,2072
21133,r10i1p1f1,2072,11,10,0.0,28.980013,8.555878,2072
21134,r10i1p1f1,2072,11,11,0.0,27.585394,12.905469,2072
21135,r10i1p1f1,2072,11,12,0.0,27.294771,13.5422125,2072
21136,r10i1p1f1,2072,11,13,0.0,26.227175,12.759618,2072
21137,r10i1p1f1,2072,11,14,0.0,24.730316,13.547375,2072
21138,r10i1p1f1,2072,11,15,0.11757097749260108,23.11041,13.1625185,2072
21139,r10i1p1f1,2072,11,16,0.1736798029110344,20.676947,8.045024,2072
21140,r10i1p1f1,2072,11,17,0.0,23.77246,6.8100667,2072
21141,r10i1p1f1,2072,11,18,0.0,22.922668,9.4414215,2072
21142,r10i1p1f1,2072,11,19,0.0,22.5101,9.908393,2072
21143,r10i1p1f1,2072,11,20,0.04319090053286345,21.656677,10.662919,2072
21144,r10i1p1f1,2072,11,21,9.450768556186967,14.57455,6.9630923,2072
21145,r10i1p1f1,2072,11,22,9.609776619263835,11.352547,2.0790417,2072
21146,r10i1p1f1,2072,11,23,0.0,12.613035,-0.27750117,2072
21147,r10i1p1f1,2072,11,24,0.0,12.588262,-1.2021033,2072
21148,r10i1p1f1,2072,11,25,0.6538931836027921,13.504062,3.9819329,2072
21149,r10i1p1f1,2072,11,26,7.679264948704881,9.765099,4.5590878,2072
21150,r10i1p1f1,2072,11,27,0.013373394966421122,13.353787,5.998852,2072
21151,r10i1p1f1,2072,11,28,0.0,14.187716,1.7527249,2072
21152,r10i1p1f1,2072,11,29,30.13553203108083,13.431528,6.9736085,2072
21153,r10i1p1f1,2072,11,30,1.7071643072612412,13.055593,6.9738655,2072
21154,r10i1p1f1,2072,12,01,21.026409598638757,13.338133,7.5717506,2072
21155,r10i1p1f1,2072,12,02,19.993908192057127,11.666981,4.888836,2072
21156,r10i1p1f1,2072,12,03,8.383737643156277,8.296988,0.17282306,2072
21157,r10i1p1f1,2072,12,04,21.02949139662087,6.6040535,-1.1634481,2072
21158,r10i1p1f1,2072,12,05,5.610054655868991,6.395646,1.7677087,2072
21159,r10i1p1f1,2072,12,06,0.0,5.605422,-3.402502,2072
21160,r10i1p1f1,2072,12,07,5.426495641021527,10.476304,2.0697715,2072
21161,r10i1p1f1,2072,12,08,0.0,11.589991,0.71679485,2072
21162,r10i1p1f1,2072,12,09,0.0004431864741299681,10.974219,4.5026317,2072
21163,r10i1p1f1,2072,12,10,0.0,12.5360365,2.4821897,2072
21164,r10i1p1f1,2072,12,11,0.0,14.138826,5.1498084,2072
21165,r10i1p1f1,2072,12,12,0.0,14.250674,4.258688,2072
21166,r10i1p1f1,2072,12,13,0.0,10.471377,1.462182,2072
21167,r10i1p1f1,2072,12,14,0.0,11.707773,0.06647471,2072
21168,r10i1p1f1,2072,12,15,0.0,13.0570755,0.74832636,2072
21169,r10i1p1f1,2072,12,16,0.02569670711971795,12.255776,2.3208277,2072
21170,r10i1p1f1,2072,12,17,2.0607913797233013,12.255313,6.25577,2072
21171,r10i1p1f1,2072,12,18,0.0,12.7926,1.9137863,2072
21172,r10i1p1f1,2072,12,19,0.14820846550528108,8.564106,-0.75418013,2072
21173,r10i1p1f1,2072,12,20,0.0,10.379739,-0.924525,2072
21174,r10i1p1f1,2072,12,21,0.0,10.661318,-1.1351202,2072
21175,r10i1p1f1,2072,12,22,0.0,11.426856,1.6790059,2072
21176,r10i1p1f1,2072,12,23,0.0,12.886533,1.1955651,2072
21177,r10i1p1f1,2072,12,24,4.494768709532525,10.937508,1.8456451,2072
21178,r10i1p1f1,2072,12,25,4.503098225292265,5.1747775,-2.8427513,2072
21179,r10i1p1f1,2072,12,26,3.01534316673305,5.7959423,-0.4315063,2072
21180,r10i1p1f1,2072,12,27,0.0,7.6769753,-2.9258022,2072
21181,r10i1p1f1,2072,12,28,0.0,11.870611,1.2953116,2072
21182,r10i1p1f1,2072,12,29,0.0,15.864347,2.3900797,2072
21183,r10i1p1f1,2072,12,30,0.0,16.311031,3.1524756,2072
21184,r10i1p1f1,2072,12,31,0.0,17.93359,5.3954744,2072
21185,r10i1p1f1,2073,01,01,0.0,15.983394,3.9481957,2073
21186,r10i1p1f1,2073,01,02,0.0,13.943833,5.0588336,2073
21187,r10i1p1f1,2073,01,03,8.09628952784375,10.186592,6.561197,2073
21188,r10i1p1f1,2073,01,04,3.5336854998604394,15.158852,7.33401,2073
21189,r10i1p1f1,2073,01,05,0.007658499606278431,16.258905,7.6926,2073
21190,r10i1p1f1,2073,01,06,0.0,14.869021,6.3179703,2073
21191,r10i1p1f1,2073,01,07,9.035137931316154,11.845949,5.747524,2073
21192,r10i1p1f1,2073,01,08,0.0,15.9244995,7.7788167,2073
21193,r10i1p1f1,2073,01,09,0.0,15.864915,6.217834,2073
21194,r10i1p1f1,2073,01,10,0.0,15.978604,8.510159,2073
21195,r10i1p1f1,2073,01,11,30.916432064872136,15.718016,9.467463,2073
21196,r10i1p1f1,2073,01,12,12.637825381304873,20.740652,11.032206,2073
21197,r10i1p1f1,2073,01,13,4.095442359539447,18.467407,9.075661,2073
21198,r10i1p1f1,2073,01,14,5.288405230528856,11.064981,8.0724325,2073
21199,r10i1p1f1,2073,01,15,0.0,16.157343,5.421956,2073
21200,r10i1p1f1,2073,01,16,0.0,17.418217,5.21612,2073
21201,r10i1p1f1,2073,01,17,0.31555160209168925,15.719582,5.5817127,2073
21202,r10i1p1f1,2073,01,18,16.401324139779287,9.50782,2.3684185,2073
21203,r10i1p1f1,2073,01,19,0.4494951913946017,7.12234,2.1822927,2073
21204,r10i1p1f1,2073,01,20,70.22665571850284,10.010483,0.7874627,2073
21205,r10i1p1f1,2073,01,21,9.086035262168336,7.33319,3.3983734,2073
21206,r10i1p1f1,2073,01,22,13.283187178058142,7.751026,0.22666751,2073
21207,r10i1p1f1,2073,01,23,0.0,12.464165,1.0083152,2073
21208,r10i1p1f1,2073,01,24,0.0,11.957741,0.38767362,2073
21209,r10i1p1f1,2073,01,25,0.0,12.503073,1.1173704,2073
21210,r10i1p1f1,2073,01,26,0.0,12.27314,1.8458079,2073
21211,r10i1p1f1,2073,01,27,0.0,11.826594,1.5601244,2073
21212,r10i1p1f1,2073,01,28,2.2562529740657498,9.886301,1.9325933,2073
21213,r10i1p1f1,2073,01,29,78.56077572796494,15.696509,7.4627275,2073
21214,r10i1p1f1,2073,01,30,31.744497062295284,15.802614,9.844799,2073
21215,r10i1p1f1,2073,01,31,2.5549229289840456,14.496627,5.0507774,2073
21216,r10i1p1f1,2073,02,01,27.553625327939365,13.094907,4.479717,2073
21217,r10i1p1f1,2073,02,02,20.122274745824,15.701625,9.549182,2073
21218,r10i1p1f1,2073,02,03,3.101427344494081,14.762912,9.615572,2073
21219,r10i1p1f1,2073,02,04,66.36916685138682,17.627914,9.503164,2073
21220,r10i1p1f1,2073,02,05,8.794452832396354,15.688253,9.93146,2073
21221,r10i1p1f1,2073,02,06,6.278031116131674,14.444387,10.475205,2073
21222,r10i1p1f1,2073,02,07,5.822925952308747,14.464985,4.175434,2073
21223,r10i1p1f1,2073,02,08,0.0,13.48606,1.2855861,2073
21224,r10i1p1f1,2073,02,09,8.453051530101986,11.622936,0.9999036,2073
21225,r10i1p1f1,2073,02,10,3.2548588039198396,5.3207736,-2.670491,2073
21226,r10i1p1f1,2073,02,11,0.5295119166763279,4.683313,-4.2955194,2073
21227,r10i1p1f1,2073,02,12,0.524940864177456,6.478332,-3.4032228,2073
21228,r10i1p1f1,2073,02,13,24.318526916536747,6.325506,-0.79175645,2073
21229,r10i1p1f1,2073,02,14,17.58595201842438,6.192633,2.253978,2073
21230,r10i1p1f1,2073,02,15,1.533256062183634,8.957291,1.9159968,2073
21231,r10i1p1f1,2073,02,16,0.0,11.388709,3.3818977,2073
21232,r10i1p1f1,2073,02,17,0.0,14.014732,1.0931824,2073
21233,r10i1p1f1,2073,02,18,0.0,16.054426,1.4669133,2073
21234,r10i1p1f1,2073,02,19,0.0,17.04981,3.3208656,2073
21235,r10i1p1f1,2073,02,20,0.0,18.67612,5.3021994,2073
21236,r10i1p1f1,2073,02,21,0.0,19.42478,5.6576633,2073
21237,r10i1p1f1,2073,02,22,0.0,15.718869,6.34083,2073
21238,r10i1p1f1,2073,02,23,39.257742456883484,10.015449,4.930448,2073
21239,r10i1p1f1,2073,02,24,1.6790731235077099,10.194875,5.5556245,2073
21240,r10i1p1f1,2073,02,25,52.74038838136843,11.05715,4.433167,2073
21241,r10i1p1f1,2073,02,26,0.9205797497997992,10.206058,1.1495526,2073
21242,r10i1p1f1,2073,02,27,0.0,13.927068,0.7204417,2073
21243,r10i1p1f1,2073,02,28,0.0,15.298279,2.4955397,2073
21244,r10i1p1f1,2073,03,01,0.0,19.709873,3.3495972,2073
21245,r10i1p1f1,2073,03,02,0.0,22.91569,4.9772973,2073
21246,r10i1p1f1,2073,03,03,0.0,21.992472,8.496081,2073
21247,r10i1p1f1,2073,03,04,0.0,20.242788,7.3017015,2073
21248,r10i1p1f1,2073,03,05,0.0,21.496868,7.164125,2073
21249,r10i1p1f1,2073,03,06,0.0,21.94412,8.784192,2073
21250,r10i1p1f1,2073,03,07,0.1542755605361148,19.923365,7.0308757,2073
21251,r10i1p1f1,2073,03,08,10.677531609307104,11.000281,4.9751625,2073
21252,r10i1p1f1,2073,03,09,0.023293485159420493,16.348846,2.674239,2073
21253,r10i1p1f1,2073,03,10,0.7489616202962536,14.616265,7.0201626,2073
21254,r10i1p1f1,2073,03,11,5.87116499677665,11.403851,4.834613,2073
21255,r10i1p1f1,2073,03,12,1.791249117813047,13.282686,4.8735394,2073
21256,r10i1p1f1,2073,03,13,10.734503488569509,13.928279,5.739244,2073
21257,r10i1p1f1,2073,03,14,0.0,20.502663,4.844627,2073
21258,r10i1p1f1,2073,03,15,0.1284296615363258,18.234137,7.8279934,2073
21259,r10i1p1f1,2073,03,16,0.009183836587716973,15.291941,5.791571,2073
21260,r10i1p1f1,2073,03,17,0.0,16.943296,2.4569795,2073
21261,r10i1p1f1,2073,03,18,13.282726003212462,15.300446,3.819961,2073
21262,r10i1p1f1,2073,03,19,18.129735589326103,9.034852,2.0809896,2073
21263,r10i1p1f1,2073,03,20,3.995356352415432,7.031495,0.43044844,2073
21264,r10i1p1f1,2073,03,21,0.10747400525139328,9.566449,-0.5600899,2073
21265,r10i1p1f1,2073,03,22,0.0,12.367022,-0.29579887,2073
21266,r10i1p1f1,2073,03,23,0.0,13.834437,0.05299297,2073
21267,r10i1p1f1,2073,03,24,0.0,18.228163,4.5930843,2073
21268,r10i1p1f1,2073,03,25,0.0,21.117369,5.5186696,2073
21269,r10i1p1f1,2073,03,26,0.0,23.56458,8.760019,2073
21270,r10i1p1f1,2073,03,27,0.0,25.761866,9.225736,2073
21271,r10i1p1f1,2073,03,28,0.0,27.106962,11.267496,2073
21272,r10i1p1f1,2073,03,29,0.0,26.585304,12.083829,2073
21273,r10i1p1f1,2073,03,30,0.0,22.54778,9.23627,2073
21274,r10i1p1f1,2073,03,31,0.0,17.30281,4.413384,2073
21275,r10i1p1f1,2073,04,01,0.0,17.041498,2.4232419,2073
21276,r10i1p1f1,2073,04,02,0.0,18.615189,6.922381,2073
21277,r10i1p1f1,2073,04,03,23.717747767161775,17.684393,4.6839294,2073
21278,r10i1p1f1,2073,04,04,37.300759523886406,12.76775,8.103323,2073
21279,r10i1p1f1,2073,04,05,0.2380031711613571,15.062611,3.5924418,2073
21280,r10i1p1f1,2073,04,06,0.0,19.299623,3.2958503,2073
21281,r10i1p1f1,2073,04,07,0.0,21.050776,5.3038154,2073
21282,r10i1p1f1,2073,04,08,0.02764282425663336,18.78625,5.9214134,2073
21283,r10i1p1f1,2073,04,09,6.811940103905631,13.037823,4.74751,2073
21284,r10i1p1f1,2073,04,10,0.13089935199738983,13.497223,3.4220357,2073
21285,r10i1p1f1,2073,04,11,0.0,12.544288,2.251161,2073
21286,r10i1p1f1,2073,04,12,0.04364800790881418,12.69631,3.751183,2073
21287,r10i1p1f1,2073,04,13,0.0,18.16334,2.0085316,2073
21288,r10i1p1f1,2073,04,14,0.0,19.128649,4.9868245,2073
21289,r10i1p1f1,2073,04,15,0.0,23.808928,7.1461544,2073
21290,r10i1p1f1,2073,04,16,0.0,23.869244,9.499354,2073
21291,r10i1p1f1,2073,04,17,0.0,24.387001,10.952129,2073
21292,r10i1p1f1,2073,04,18,0.0,24.731066,8.956271,2073
21293,r10i1p1f1,2073,04,19,0.0,27.291327,10.65868,2073
21294,r10i1p1f1,2073,04,20,0.0,26.969454,12.768922,2073
21295,r10i1p1f1,2073,04,21,0.0,24.360218,9.720684,2073
21296,r10i1p1f1,2073,04,22,0.0,23.206568,9.456946,2073
21297,r10i1p1f1,2073,04,23,0.4534579353054668,19.58177,5.9213986,2073
21298,r10i1p1f1,2073,04,24,0.0,21.414429,7.6047378,2073
21299,r10i1p1f1,2073,04,25,0.0,21.965046,7.2067275,2073
21300,r10i1p1f1,2073,04,26,0.008926722741881875,21.413294,9.070712,2073
21301,r10i1p1f1,2073,04,27,3.148108475258931,15.217314,4.107172,2073
21302,r10i1p1f1,2073,04,28,0.0,16.00097,5.410246,2073
21303,r10i1p1f1,2073,04,29,0.0,19.265406,5.7008095,2073
21304,r10i1p1f1,2073,04,30,0.0,19.793688,5.693591,2073
21305,r10i1p1f1,2073,05,01,0.0,19.535141,4.991205,2073
21306,r10i1p1f1,2073,05,02,15.366278096993675,15.390453,2.1196601,2073
21307,r10i1p1f1,2073,05,03,2.9757133583236857,9.867961,0.6409513,2073
21308,r10i1p1f1,2073,05,04,0.0,15.9956875,2.1305304,2073
21309,r10i1p1f1,2073,05,05,0.0,17.473955,4.527009,2073
21310,r10i1p1f1,2073,05,06,0.21068562183053904,18.959435,5.5295424,2073
21311,r10i1p1f1,2073,05,07,0.7363783361956608,18.45626,5.647929,2073
21312,r10i1p1f1,2073,05,08,9.98821809036216,18.005182,6.887673,2073
21313,r10i1p1f1,2073,05,09,0.0,24.066278,9.191193,2073
21314,r10i1p1f1,2073,05,10,0.0,26.342413,11.322773,2073
21315,r10i1p1f1,2073,05,11,0.0,25.944424,11.585234,2073
21316,r10i1p1f1,2073,05,12,0.0,22.600803,9.335683,2073
21317,r10i1p1f1,2073,05,13,0.0,22.102951,6.767639,2073
21318,r10i1p1f1,2073,05,14,0.0,24.803055,9.820195,2073
21319,r10i1p1f1,2073,05,15,2.118509240721036,21.058167,8.606943,2073
21320,r10i1p1f1,2073,05,16,21.893248602894968,18.192368,5.696569,2073
21321,r10i1p1f1,2073,05,17,1.1512760337489836,19.935328,8.431493,2073
21322,r10i1p1f1,2073,05,18,4.923758653536711,21.000113,6.653791,2073
21323,r10i1p1f1,2073,05,19,14.438894850823807,20.351252,6.31019,2073
21324,r10i1p1f1,2073,05,20,2.3128819861312877,20.564959,8.6599245,2073
21325,r10i1p1f1,2073,05,21,0.0,24.085983,12.554974,2073
21326,r10i1p1f1,2073,05,22,0.0,23.931963,10.553439,2073
21327,r10i1p1f1,2073,05,23,0.0,23.378006,9.872675,2073
21328,r10i1p1f1,2073,05,24,0.0,23.622168,8.349637,2073
21329,r10i1p1f1,2073,05,25,0.10568591302923155,25.815441,10.74219,2073
21330,r10i1p1f1,2073,05,26,4.443362822731663,19.99557,12.067594,2073
21331,r10i1p1f1,2073,05,27,0.0,26.338633,9.301681,2073
21332,r10i1p1f1,2073,05,28,0.0,29.64516,14.937298,2073
21333,r10i1p1f1,2073,05,29,0.0,30.480173,15.290473,2073
21334,r10i1p1f1,2073,05,30,0.0,33.04572,16.54167,2073
21335,r10i1p1f1,2073,05,31,0.0,32.52948,18.073729,2073
21336,r10i1p1f1,2073,06,01,0.0,29.354303,13.30985,2073
21337,r10i1p1f1,2073,06,02,0.0,29.830242,13.396241,2073
21338,r10i1p1f1,2073,06,03,0.6613627419459303,23.62497,7.223621,2073
21339,r10i1p1f1,2073,06,04,0.0,29.200623,12.152368,2073
21340,r10i1p1f1,2073,06,05,0.5896635039933148,23.149338,7.4317064,2073
21341,r10i1p1f1,2073,06,06,0.4956067150200589,24.814152,9.195479,2073
21342,r10i1p1f1,2073,06,07,0.5345529012054996,23.65093,8.873202,2073
21343,r10i1p1f1,2073,06,08,0.0,31.992258,14.423166,2073
21344,r10i1p1f1,2073,06,09,0.0,32.867985,18.189604,2073
21345,r10i1p1f1,2073,06,10,0.0,31.497728,15.73026,2073
21346,r10i1p1f1,2073,06,11,0.0,31.644466,14.823618,2073
21347,r10i1p1f1,2073,06,12,0.0,30.926508,14.9555435,2073
21348,r10i1p1f1,2073,06,13,0.0,30.28442,16.016476,2073
21349,r10i1p1f1,2073,06,14,0.0,29.87295,14.064707,2073
21350,r10i1p1f1,2073,06,15,0.0014634223924459594,28.006079,13.019791,2073
21351,r10i1p1f1,2073,06,16,2.898117467774634,24.746668,12.710166,2073
21352,r10i1p1f1,2073,06,17,0.0,27.988028,11.73246,2073
21353,r10i1p1f1,2073,06,18,0.0,29.270178,14.235157,2073
21354,r10i1p1f1,2073,06,19,0.0,35.73502,18.641422,2073
21355,r10i1p1f1,2073,06,20,0.0,39.507915,22.78092,2073
21356,r10i1p1f1,2073,06,21,0.0,39.783764,23.118315,2073
21357,r10i1p1f1,2073,06,22,0.0,37.1823,20.361248,2073
21358,r10i1p1f1,2073,06,23,0.0,31.067225,15.689735,2073
21359,r10i1p1f1,2073,06,24,0.0,32.85949,15.923166,2073
21360,r10i1p1f1,2073,06,25,0.0,33.019432,17.14295,2073
21361,r10i1p1f1,2073,06,26,0.0,32.870712,17.060347,2073
21362,r10i1p1f1,2073,06,27,0.0,33.572014,17.855566,2073
21363,r10i1p1f1,2073,06,28,0.0,34.06123,18.453566,2073
21364,r10i1p1f1,2073,06,29,0.0,34.061337,17.54353,2073
21365,r10i1p1f1,2073,06,30,0.0,30.708582,14.900877,2073
21366,r10i1p1f1,2073,07,01,0.0,30.997696,12.7906885,2073
21367,r10i1p1f1,2073,07,02,0.0,32.51189,14.717642,2073
21368,r10i1p1f1,2073,07,03,0.0,31.531446,13.955335,2073
21369,r10i1p1f1,2073,07,04,0.0,35.87571,17.5973,2073
21370,r10i1p1f1,2073,07,05,0.0,36.329197,20.855213,2073
21371,r10i1p1f1,2073,07,06,0.0,35.610817,18.285543,2073
21372,r10i1p1f1,2073,07,07,0.0,34.239693,17.049608,2073
21373,r10i1p1f1,2073,07,08,0.0,34.290527,18.748224,2073
21374,r10i1p1f1,2073,07,09,0.0,34.44638,21.027468,2073
21375,r10i1p1f1,2073,07,10,0.0,33.29845,15.888243,2073
21376,r10i1p1f1,2073,07,11,0.0,34.999676,18.310326,2073
21377,r10i1p1f1,2073,07,12,0.0,35.058903,17.989038,2073
21378,r10i1p1f1,2073,07,13,0.0,34.661106,17.597857,2073
21379,r10i1p1f1,2073,07,14,0.0,33.828033,16.501015,2073
21380,r10i1p1f1,2073,07,15,0.0,32.58713,16.520552,2073
21381,r10i1p1f1,2073,07,16,0.0,35.76077,18.091469,2073
21382,r10i1p1f1,2073,07,17,0.0,35.82498,18.532452,2073
21383,r10i1p1f1,2073,07,18,0.0,35.883698,18.157557,2073
21384,r10i1p1f1,2073,07,19,0.0,36.26241,18.487785,2073
21385,r10i1p1f1,2073,07,20,0.0,35.46355,18.381271,2073
21386,r10i1p1f1,2073,07,21,0.0,34.017746,17.368002,2073
21387,r10i1p1f1,2073,07,22,0.0,34.54309,17.532175,2073
21388,r10i1p1f1,2073,07,23,0.0,36.3407,18.965443,2073
21389,r10i1p1f1,2073,07,24,0.0,35.870857,18.49202,2073
21390,r10i1p1f1,2073,07,25,0.0,37.66644,19.705532,2073
21391,r10i1p1f1,2073,07,26,0.0,38.663746,21.280474,2073
21392,r10i1p1f1,2073,07,27,0.0,38.624706,21.432241,2073
21393,r10i1p1f1,2073,07,28,0.0,37.539925,22.179749,2073
21394,r10i1p1f1,2073,07,29,0.0,35.533566,19.250385,2073
21395,r10i1p1f1,2073,07,30,0.0,33.951687,17.115784,2073
21396,r10i1p1f1,2073,07,31,0.0,32.677208,15.0180855,2073
21397,r10i1p1f1,2073,08,01,0.0,31.510555,14.535168,2073
21398,r10i1p1f1,2073,08,02,0.0,36.80771,18.18614,2073
21399,r10i1p1f1,2073,08,03,0.0,39.441437,21.649368,2073
21400,r10i1p1f1,2073,08,04,0.024915132043564592,38.776493,24.331875,2073
21401,r10i1p1f1,2073,08,05,0.0,35.730473,18.559488,2073
21402,r10i1p1f1,2073,08,06,0.0,35.547268,18.323378,2073
21403,r10i1p1f1,2073,08,07,0.0,37.3937,19.079199,2073
21404,r10i1p1f1,2073,08,08,0.0,38.562218,20.463032,2073
21405,r10i1p1f1,2073,08,09,0.0,38.63342,20.303152,2073
21406,r10i1p1f1,2073,08,10,0.0,39.23057,24.037592,2073
21407,r10i1p1f1,2073,08,11,0.0,38.22567,22.474268,2073
21408,r10i1p1f1,2073,08,12,0.0,36.94154,21.84249,2073
21409,r10i1p1f1,2073,08,13,0.0,35.56575,22.74785,2073
21410,r10i1p1f1,2073,08,14,0.0,36.354298,21.47067,2073
21411,r10i1p1f1,2073,08,15,0.0,34.816273,19.791054,2073
21412,r10i1p1f1,2073,08,16,0.0,33.244926,18.30349,2073
21413,r10i1p1f1,2073,08,17,0.0,34.102646,19.341763,2073
21414,r10i1p1f1,2073,08,18,0.0,33.10623,17.753445,2073
21415,r10i1p1f1,2073,08,19,0.0,31.697351,14.875699,2073
21416,r10i1p1f1,2073,08,20,0.0,29.90926,12.324373,2073
21417,r10i1p1f1,2073,08,21,0.0,30.566364,12.376923,2073
21418,r10i1p1f1,2073,08,22,0.0,32.216618,14.612592,2073
21419,r10i1p1f1,2073,08,23,0.0,33.26788,14.827939,2073
21420,r10i1p1f1,2073,08,24,0.0,35.30077,18.488073,2073
21421,r10i1p1f1,2073,08,25,0.0,34.484932,16.678923,2073
21422,r10i1p1f1,2073,08,26,0.0,31.2764,13.672647,2073
21423,r10i1p1f1,2073,08,27,0.0,28.208458,11.809751,2073
21424,r10i1p1f1,2073,08,28,0.0,32.47361,13.474362,2073
21425,r10i1p1f1,2073,08,29,0.0,33.83183,15.096698,2073
21426,r10i1p1f1,2073,08,30,0.0,33.099438,15.441526,2073
21427,r10i1p1f1,2073,08,31,0.0,33.148697,15.911224,2073
21428,r10i1p1f1,2073,09,01,0.0,33.752205,19.630064,2073
21429,r10i1p1f1,2073,09,02,0.0,34.60269,17.113874,2073
21430,r10i1p1f1,2073,09,03,0.0,35.58994,17.978333,2073
21431,r10i1p1f1,2073,09,04,0.0,34.68718,17.821379,2073
21432,r10i1p1f1,2073,09,05,0.0,32.228687,15.320559,2073
21433,r10i1p1f1,2073,09,06,0.0,33.759277,16.157516,2073
21434,r10i1p1f1,2073,09,07,0.0,32.708748,16.722492,2073
21435,r10i1p1f1,2073,09,08,0.0,33.176884,16.331253,2073
21436,r10i1p1f1,2073,09,09,0.0,34.548016,16.581923,2073
21437,r10i1p1f1,2073,09,10,0.0,34.310772,19.53558,2073
21438,r10i1p1f1,2073,09,11,0.0,39.347363,21.136639,2073
21439,r10i1p1f1,2073,09,12,0.0,39.968678,23.609644,2073
21440,r10i1p1f1,2073,09,13,0.0,38.875366,23.449377,2073
21441,r10i1p1f1,2073,09,14,0.0,37.387302,22.67298,2073
21442,r10i1p1f1,2073,09,15,0.0,34.53818,20.558311,2073
21443,r10i1p1f1,2073,09,16,0.0,37.03107,19.299877,2073
21444,r10i1p1f1,2073,09,17,0.0,36.751755,20.841833,2073
21445,r10i1p1f1,2073,09,18,0.0,36.386417,20.078695,2073
21446,r10i1p1f1,2073,09,19,0.0,36.018333,19.94078,2073
21447,r10i1p1f1,2073,09,20,0.0,36.99288,20.85994,2073
21448,r10i1p1f1,2073,09,21,0.0,36.38268,21.286652,2073
21449,r10i1p1f1,2073,09,22,0.0,36.383316,20.576962,2073
21450,r10i1p1f1,2073,09,23,0.0,37.08166,20.774128,2073
21451,r10i1p1f1,2073,09,24,0.0,35.75132,18.73086,2073
21452,r10i1p1f1,2073,09,25,0.0,31.935072,17.726389,2073
21453,r10i1p1f1,2073,09,26,0.0,33.536907,17.895004,2073
21454,r10i1p1f1,2073,09,27,0.0,34.498196,17.598656,2073
21455,r10i1p1f1,2073,09,28,0.0,33.37918,17.841955,2073
21456,r10i1p1f1,2073,09,29,0.0,29.715065,15.194786,2073
21457,r10i1p1f1,2073,09,30,0.0,32.500397,16.582418,2073
21458,r10i1p1f1,2073,10,01,0.0,32.911896,16.453764,2073
21459,r10i1p1f1,2073,10,02,0.0,32.03177,16.592129,2073
21460,r10i1p1f1,2073,10,03,0.0,25.206884,10.9077635,2073
21461,r10i1p1f1,2073,10,04,0.0,25.416857,11.783292,2073
21462,r10i1p1f1,2073,10,05,0.0,25.45392,11.111704,2073
21463,r10i1p1f1,2073,10,06,0.0,27.149878,13.162714,2073
21464,r10i1p1f1,2073,10,07,0.0,32.68158,14.716998,2073
21465,r10i1p1f1,2073,10,08,0.0,32.461853,17.741352,2073
21466,r10i1p1f1,2073,10,09,0.0,29.819008,15.356884,2073
21467,r10i1p1f1,2073,10,10,0.0,25.745337,13.086047,2073
21468,r10i1p1f1,2073,10,11,0.0,23.33713,11.253547,2073
21469,r10i1p1f1,2073,10,12,29.30048943013198,22.71957,10.427042,2073
21470,r10i1p1f1,2073,10,13,3.1179056248447523,15.507458,5.339182,2073
21471,r10i1p1f1,2073,10,14,0.0,16.910097,3.5468974,2073
21472,r10i1p1f1,2073,10,15,0.0,19.259806,4.629788,2073
21473,r10i1p1f1,2073,10,16,0.0,20.555456,6.9320974,2073
21474,r10i1p1f1,2073,10,17,0.0,21.41415,7.0430636,2073
21475,r10i1p1f1,2073,10,18,0.037320879499403464,20.805183,5.636856,2073
21476,r10i1p1f1,2073,10,19,0.0,17.838823,6.004609,2073
21477,r10i1p1f1,2073,10,20,0.0,19.451279,5.309546,2073
21478,r10i1p1f1,2073,10,21,0.0,22.157341,4.4292035,2073
21479,r10i1p1f1,2073,10,22,0.0,21.982489,7.698007,2073
21480,r10i1p1f1,2073,10,23,0.0,20.988144,7.077084,2073
21481,r10i1p1f1,2073,10,24,0.0,18.374086,6.7882915,2073
21482,r10i1p1f1,2073,10,25,0.0,22.500536,5.6492715,2073
21483,r10i1p1f1,2073,10,26,0.0,22.4264,5.68331,2073
21484,r10i1p1f1,2073,10,27,0.0,25.496283,9.025912,2073
21485,r10i1p1f1,2073,10,28,0.0,24.798542,10.717053,2073
21486,r10i1p1f1,2073,10,29,0.0,24.186523,10.191382,2073
21487,r10i1p1f1,2073,10,30,0.0,22.38493,9.63795,2073
21488,r10i1p1f1,2073,10,31,0.0,24.532913,10.139615,2073
21489,r10i1p1f1,2073,11,01,0.0,28.447943,10.493561,2073
21490,r10i1p1f1,2073,11,02,0.0,27.727638,12.348129,2073
21491,r10i1p1f1,2073,11,03,0.0,26.473698,14.438687,2073
21492,r10i1p1f1,2073,11,04,0.0,24.033308,13.34661,2073
21493,r10i1p1f1,2073,11,05,3.81734766804967,23.049109,12.61881,2073
21494,r10i1p1f1,2073,11,06,0.19592637961882006,18.285662,12.908381,2073
21495,r10i1p1f1,2073,11,07,0.021217112187418695,20.61466,11.4667635,2073
21496,r10i1p1f1,2073,11,08,0.1470646484928071,20.973959,6.6231575,2073
21497,r10i1p1f1,2073,11,09,0.0,19.61606,8.507088,2073
21498,r10i1p1f1,2073,11,10,0.009741405861668204,19.253489,10.66488,2073
21499,r10i1p1f1,2073,11,11,12.21127198184963,18.481897,11.140596,2073
21500,r10i1p1f1,2073,11,12,6.650020493620296,19.591936,12.423539,2073
21501,r10i1p1f1,2073,11,13,5.487181809114286,18.71255,8.01295,2073
21502,r10i1p1f1,2073,11,14,38.080758729177575,15.759676,11.678865,2073
21503,r10i1p1f1,2073,11,15,47.89484175547075,16.999046,12.1920595,2073
21504,r10i1p1f1,2073,11,16,3.2990104489774814,14.676812,8.043772,2073
21505,r10i1p1f1,2073,11,17,0.0,17.862452,4.1543603,2073
21506,r10i1p1f1,2073,11,18,0.0,20.725735,7.053771,2073
21507,r10i1p1f1,2073,11,19,0.0,19.730639,7.7704434,2073
21508,r10i1p1f1,2073,11,20,0.0,17.603073,11.460647,2073
21509,r10i1p1f1,2073,11,21,0.0,18.55218,8.089487,2073
21510,r10i1p1f1,2073,11,22,0.0,21.355526,4.4430285,2073
21511,r10i1p1f1,2073,11,23,0.0,20.844316,9.057269,2073
21512,r10i1p1f1,2073,11,24,0.0,20.810806,8.353653,2073
21513,r10i1p1f1,2073,11,25,0.0,21.842878,7.532356,2073
21514,r10i1p1f1,2073,11,26,0.0,23.947176,12.352962,2073
21515,r10i1p1f1,2073,11,27,0.0,24.575804,9.699575,2073
21516,r10i1p1f1,2073,11,28,13.020771041690177,20.257137,8.935295,2073
21517,r10i1p1f1,2073,11,29,7.576121364438318,12.621037,6.5355425,2073
21518,r10i1p1f1,2073,11,30,3.1536369313902184,21.584887,7.0933013,2073
21519,r10i1p1f1,2073,12,01,0.0,20.212954,9.619234,2073
21520,r10i1p1f1,2073,12,02,0.0,19.991322,10.114153,2073
21521,r10i1p1f1,2073,12,03,26.443552182631958,21.112555,12.461126,2073
21522,r10i1p1f1,2073,12,04,1.7000013885416065,17.227951,8.904996,2073
21523,r10i1p1f1,2073,12,05,0.0,19.210098,7.9843783,2073
21524,r10i1p1f1,2073,12,06,0.0,20.36012,7.7467766,2073
21525,r10i1p1f1,2073,12,07,0.0,17.869726,6.1976504,2073
21526,r10i1p1f1,2073,12,08,0.0,17.525236,6.195555,2073
21527,r10i1p1f1,2073,12,09,4.046133332303725,12.415042,7.5209904,2073
21528,r10i1p1f1,2073,12,10,26.025196644293732,10.109579,6.016188,2073
21529,r10i1p1f1,2073,12,11,42.63101971009746,12.687277,7.2663894,2073
21530,r10i1p1f1,2073,12,12,29.120128255300713,11.290047,6.4305687,2073
21531,r10i1p1f1,2073,12,13,11.452433763770387,10.867307,6.3904223,2073
21532,r10i1p1f1,2073,12,14,9.558193836997624,9.102282,0.39370888,2073
21533,r10i1p1f1,2073,12,15,0.0,2.4513683,-3.262454,2073
21534,r10i1p1f1,2073,12,16,0.0,6.257689,-5.5129256,2073
21535,r10i1p1f1,2073,12,17,0.0,6.751089,-4.3335314,2073
21536,r10i1p1f1,2073,12,18,0.0,7.656818,-3.3564022,2073
21537,r10i1p1f1,2073,12,19,0.0,6.792323,-2.205262,2073
21538,r10i1p1f1,2073,12,20,0.0,5.904136,-3.6852875,2073
21539,r10i1p1f1,2073,12,21,0.0,4.0284834,-5.6742463,2073
21540,r10i1p1f1,2073,12,22,0.0,5.53915,-4.4437346,2073
21541,r10i1p1f1,2073,12,23,3.54610090126028,5.582685,-3.205815,2073
21542,r10i1p1f1,2073,12,24,8.565378535178368,7.3295817,1.4056631,2073
21543,r10i1p1f1,2073,12,25,3.800598080181915,5.5784965,-0.38846287,2073
21544,r10i1p1f1,2073,12,26,22.669170844969095,6.0773835,1.25836,2073
21545,r10i1p1f1,2073,12,27,53.219382186101654,7.4147925,3.8069606,2073
21546,r10i1p1f1,2073,12,28,25.065838497501222,7.0529246,0.28576317,2073
21547,r10i1p1f1,2073,12,29,34.60492367816378,8.703718,2.0614333,2073
21548,r10i1p1f1,2073,12,30,1.2407740930556381,9.888324,4.3648505,2073
21549,r10i1p1f1,2073,12,31,0.0,12.22597,2.033448,2073
21550,r10i1p1f1,2074,01,01,0.0,11.729968,4.0208454,2074
21551,r10i1p1f1,2074,01,02,0.0,12.783858,3.2763052,2074
21552,r10i1p1f1,2074,01,03,0.0,11.69878,7.38668,2074
21553,r10i1p1f1,2074,01,04,0.37289031145184326,10.39332,5.1392236,2074
21554,r10i1p1f1,2074,01,05,0.0,15.4398,2.6655395,2074
21555,r10i1p1f1,2074,01,06,0.0,14.86184,2.940148,2074
21556,r10i1p1f1,2074,01,07,0.0,14.13938,2.9632957,2074
21557,r10i1p1f1,2074,01,08,0.0,15.301056,3.661239,2074
21558,r10i1p1f1,2074,01,09,0.0,15.570707,4.2920804,2074
21559,r10i1p1f1,2074,01,10,0.0,15.88432,4.31279,2074
21560,r10i1p1f1,2074,01,11,0.0,16.917187,5.308377,2074
21561,r10i1p1f1,2074,01,12,0.4870635992789941,16.94428,5.4380174,2074
21562,r10i1p1f1,2074,01,13,11.094108569484792,10.30354,6.10998,2074
21563,r10i1p1f1,2074,01,14,0.0,12.659345,1.3951918,2074
21564,r10i1p1f1,2074,01,15,23.97839583006173,8.96529,2.847016,2074
21565,r10i1p1f1,2074,01,16,0.0,11.7810335,5.603576,2074
21566,r10i1p1f1,2074,01,17,0.0,14.624997,3.6998005,2074
21567,r10i1p1f1,2074,01,18,0.0,15.486682,3.431667,2074
21568,r10i1p1f1,2074,01,19,0.0,16.759571,4.3750424,2074
21569,r10i1p1f1,2074,01,20,0.0,17.227148,6.046167,2074
21570,r10i1p1f1,2074,01,21,0.0,17.330618,5.0017734,2074
21571,r10i1p1f1,2074,01,22,20.598002270746388,15.180606,6.020666,2074
21572,r10i1p1f1,2074,01,23,2.4060394831538265,15.463835,7.43783,2074
21573,r10i1p1f1,2074,01,24,0.27281263767295777,14.765582,5.3311143,2074
21574,r10i1p1f1,2074,01,25,7.827992183018451,13.920992,9.272411,2074
21575,r10i1p1f1,2074,01,26,0.0,16.357159,5.182014,2074
21576,r10i1p1f1,2074,01,27,0.0,16.50089,3.060489,2074
21577,r10i1p1f1,2074,01,28,0.0,15.84941,4.042086,2074
21578,r10i1p1f1,2074,01,29,0.0,14.107861,2.459147,2074
21579,r10i1p1f1,2074,01,30,0.3422378005708245,12.790239,5.4331055,2074
21580,r10i1p1f1,2074,01,31,6.450930557567565,14.356269,9.777165,2074
21581,r10i1p1f1,2074,02,01,56.598773494509885,14.789621,9.659291,2074
21582,r10i1p1f1,2074,02,02,10.538197022297505,11.833404,2.8236458,2074
21583,r10i1p1f1,2074,02,03,0.0,12.788122,0.738837,2074
21584,r10i1p1f1,2074,02,04,0.0,11.526619,0.40493754,2074
21585,r10i1p1f1,2074,02,05,0.0,12.2490835,1.6407655,2074
21586,r10i1p1f1,2074,02,06,5.635835732621337,9.773919,1.864433,2074
21587,r10i1p1f1,2074,02,07,6.569485108660669,8.054455,1.5012579,2074
21588,r10i1p1f1,2074,02,08,4.009851317110396,7.0308475,2.7004638,2074
21589,r10i1p1f1,2074,02,09,4.099441676202045,8.258704,1.1239196,2074
21590,r10i1p1f1,2074,02,10,0.0,12.483551,-0.11922917,2074
21591,r10i1p1f1,2074,02,11,0.0,17.412323,3.989917,2074
21592,r10i1p1f1,2074,02,12,0.0,15.916842,4.796936,2074
21593,r10i1p1f1,2074,02,13,0.6079513671992525,13.879573,7.3152843,2074
21594,r10i1p1f1,2074,02,14,0.0,19.738018,4.867026,2074
21595,r10i1p1f1,2074,02,15,0.0,19.420446,5.8082314,2074
21596,r10i1p1f1,2074,02,16,0.0,18.311003,6.55246,2074
21597,r10i1p1f1,2074,02,17,3.143329392935955,11.907519,2.4172323,2074
21598,r10i1p1f1,2074,02,18,0.0,13.607823,2.187045,2074
21599,r10i1p1f1,2074,02,19,0.0,13.287277,3.5351322,2074
21600,r10i1p1f1,2074,02,20,28.148506104480475,11.1544485,2.605056,2074
21601,r10i1p1f1,2074,02,21,0.0,16.312796,2.343866,2074
21602,r10i1p1f1,2074,02,22,0.0,16.47721,2.847653,2074
21603,r10i1p1f1,2074,02,23,0.0,15.454167,5.783649,2074
21604,r10i1p1f1,2074,02,24,0.0,15.589254,2.9764786,2074
21605,r10i1p1f1,2074,02,25,0.0,16.26146,3.550938,2074
21606,r10i1p1f1,2074,02,26,0.0,14.643698,2.8464303,2074
21607,r10i1p1f1,2074,02,27,0.0,19.02221,5.608922,2074
21608,r10i1p1f1,2074,02,28,0.0,22.070755,6.5052233,2074
21609,r10i1p1f1,2074,03,01,0.0,21.147324,5.4596324,2074
21610,r10i1p1f1,2074,03,02,0.0,20.945238,6.400991,2074
21611,r10i1p1f1,2074,03,03,3.796038735507816,16.762476,3.324756,2074
21612,r10i1p1f1,2074,03,04,0.32246904693717005,15.780935,5.65149,2074
21613,r10i1p1f1,2074,03,05,0.0,17.724895,4.6690936,2074
21614,r10i1p1f1,2074,03,06,0.0,19.776213,6.454863,2074
21615,r10i1p1f1,2074,03,07,0.0,19.20786,4.373686,2074
21616,r10i1p1f1,2074,03,08,0.0,19.650064,4.461681,2074
21617,r10i1p1f1,2074,03,09,0.0,18.365454,5.5363994,2074
21618,r10i1p1f1,2074,03,10,0.0,23.120302,9.614596,2074
21619,r10i1p1f1,2074,03,11,0.010454576103687654,21.445152,9.217865,2074
21620,r10i1p1f1,2074,03,12,3.502809882909213,20.434734,7.0914903,2074
21621,r10i1p1f1,2074,03,13,0.01507374652551095,17.091515,4.688385,2074
21622,r10i1p1f1,2074,03,14,0.04513548334982356,16.170326,3.5244975,2074
21623,r10i1p1f1,2074,03,15,0.7624112204882151,14.93997,7.623866,2074
21624,r10i1p1f1,2074,03,16,7.770741504837612,14.016115,8.960347,2074
21625,r10i1p1f1,2074,03,17,7.771671068411179,12.056641,5.838122,2074
21626,r10i1p1f1,2074,03,18,3.338770083227198,14.940765,3.9417162,2074
21627,r10i1p1f1,2074,03,19,0.08140341960825026,17.275454,6.0982184,2074
21628,r10i1p1f1,2074,03,20,0.0,22.381731,5.8513465,2074
21629,r10i1p1f1,2074,03,21,0.0,24.032057,8.528074,2074
21630,r10i1p1f1,2074,03,22,0.0,25.403429,8.733457,2074
21631,r10i1p1f1,2074,03,23,0.0,23.252678,8.564507,2074
21632,r10i1p1f1,2074,03,24,0.0,18.033518,5.782276,2074
21633,r10i1p1f1,2074,03,25,0.0,21.244339,6.9840827,2074
21634,r10i1p1f1,2074,03,26,0.0,23.558317,7.63201,2074
21635,r10i1p1f1,2074,03,27,0.0,25.70845,8.805285,2074
21636,r10i1p1f1,2074,03,28,0.0,25.960754,10.949944,2074
21637,r10i1p1f1,2074,03,29,0.0,28.235329,9.917297,2074
21638,r10i1p1f1,2074,03,30,0.0,28.334839,12.213116,2074
21639,r10i1p1f1,2074,03,31,0.01541469112118265,24.71009,8.934021,2074
21640,r10i1p1f1,2074,04,01,0.0,23.85113,7.485389,2074
21641,r10i1p1f1,2074,04,02,0.0,24.10992,8.38465,2074
21642,r10i1p1f1,2074,04,03,0.8050388996653773,22.458784,8.824381,2074
21643,r10i1p1f1,2074,04,04,0.0,23.27392,7.8522677,2074
21644,r10i1p1f1,2074,04,05,0.0,29.634817,11.887456,2074
21645,r10i1p1f1,2074,04,06,0.0,32.343132,12.911198,2074
21646,r10i1p1f1,2074,04,07,0.0,31.123789,14.553364,2074
21647,r10i1p1f1,2074,04,08,0.0,30.184875,13.520352,2074
21648,r10i1p1f1,2074,04,09,0.0,29.887936,14.810218,2074
21649,r10i1p1f1,2074,04,10,0.0,29.034002,14.234976,2074
21650,r10i1p1f1,2074,04,11,0.0,30.209332,15.988746,2074
21651,r10i1p1f1,2074,04,12,0.0,30.650131,10.926726,2074
21652,r10i1p1f1,2074,04,13,0.0,29.998304,13.06122,2074
21653,r10i1p1f1,2074,04,14,0.0,31.379004,15.570052,2074
21654,r10i1p1f1,2074,04,15,0.0,31.70255,15.588184,2074
21655,r10i1p1f1,2074,04,16,0.0,30.961298,16.209803,2074
21656,r10i1p1f1,2074,04,17,0.0,28.931505,14.32038,2074
21657,r10i1p1f1,2074,04,18,0.0,24.679785,10.430652,2074
21658,r10i1p1f1,2074,04,19,0.0,20.014288,6.5126314,2074
21659,r10i1p1f1,2074,04,20,0.0,18.524847,5.3527884,2074
21660,r10i1p1f1,2074,04,21,0.0,18.662052,4.7835402,2074
21661,r10i1p1f1,2074,04,22,0.0,20.081587,5.299147,2074
21662,r10i1p1f1,2074,04,23,26.80191092658788,17.118372,3.9176981,2074
21663,r10i1p1f1,2074,04,24,44.90612304898126,8.089664,2.8735778,2074
21664,r10i1p1f1,2074,04,25,4.196534283446932,14.639642,3.755908,2074
21665,r10i1p1f1,2074,04,26,0.0,16.633554,3.8972442,2074
21666,r10i1p1f1,2074,04,27,0.12668531907317965,17.740137,4.071799,2074
21667,r10i1p1f1,2074,04,28,0.0,19.293804,4.447324,2074
21668,r10i1p1f1,2074,04,29,0.0,20.245018,6.5286517,2074
21669,r10i1p1f1,2074,04,30,0.0,18.216679,7.958733,2074
21670,r10i1p1f1,2074,05,01,0.0,17.873257,5.2505045,2074
21671,r10i1p1f1,2074,05,02,0.1176253126973997,16.427465,2.8953278,2074
21672,r10i1p1f1,2074,05,03,0.0,20.33457,5.1852264,2074
21673,r10i1p1f1,2074,05,04,0.0,20.252497,7.490663,2074
21674,r10i1p1f1,2074,05,05,0.0,21.457912,5.303519,2074
21675,r10i1p1f1,2074,05,06,0.0,21.871572,6.6980405,2074
21676,r10i1p1f1,2074,05,07,0.4266565134074833,19.41683,7.300856,2074
21677,r10i1p1f1,2074,05,08,1.0348625213689382,18.129915,7.9334707,2074
21678,r10i1p1f1,2074,05,09,2.7993401608048436,19.67009,4.8876863,2074
21679,r10i1p1f1,2074,05,10,1.331204389929266,19.15714,5.242812,2074
21680,r10i1p1f1,2074,05,11,0.07490180358122177,20.183222,7.9750566,2074
21681,r10i1p1f1,2074,05,12,0.0,23.260893,6.552306,2074
21682,r10i1p1f1,2074,05,13,0.0,27.15333,10.965314,2074
21683,r10i1p1f1,2074,05,14,5.925132646677268,21.263891,6.7591367,2074
21684,r10i1p1f1,2074,05,15,0.0,24.72742,9.420429,2074
21685,r10i1p1f1,2074,05,16,0.0,28.906458,11.049771,2074
21686,r10i1p1f1,2074,05,17,0.0,29.836946,15.378721,2074
21687,r10i1p1f1,2074,05,18,0.0,30.009386,14.513829,2074
21688,r10i1p1f1,2074,05,19,0.0,29.250729,13.058484,2074
21689,r10i1p1f1,2074,05,20,0.0,28.418432,12.324253,2074
21690,r10i1p1f1,2074,05,21,0.0,29.001156,11.883839,2074
21691,r10i1p1f1,2074,05,22,0.0,32.656055,15.578829,2074
21692,r10i1p1f1,2074,05,23,0.0,38.159172,22.240973,2074
21693,r10i1p1f1,2074,05,24,0.0,36.450516,19.36659,2074
21694,r10i1p1f1,2074,05,25,0.0,32.95049,18.207556,2074
21695,r10i1p1f1,2074,05,26,0.0,32.10766,15.821838,2074
21696,r10i1p1f1,2074,05,27,0.0,32.4895,15.71098,2074
21697,r10i1p1f1,2074,05,28,0.0,32.56159,17.305637,2074
21698,r10i1p1f1,2074,05,29,0.0,32.07126,16.309174,2074
21699,r10i1p1f1,2074,05,30,0.0,32.13374,16.982944,2074
21700,r10i1p1f1,2074,05,31,0.0,32.265575,16.684748,2074
21701,r10i1p1f1,2074,06,01,0.00738425227322487,32.954758,15.36038,2074
21702,r10i1p1f1,2074,06,02,0.0,34.163925,17.552017,2074
21703,r10i1p1f1,2074,06,03,0.0,34.30721,19.242529,2074
21704,r10i1p1f1,2074,06,04,0.0,32.95791,17.165842,2074
21705,r10i1p1f1,2074,06,05,0.0,28.319448,12.745657,2074
21706,r10i1p1f1,2074,06,06,0.0,26.802855,12.301281,2074
21707,r10i1p1f1,2074,06,07,0.0,24.421179,9.485324,2074
21708,r10i1p1f1,2074,06,08,0.0,23.29408,7.5195184,2074
21709,r10i1p1f1,2074,06,09,0.0,30.330608,12.005777,2074
21710,r10i1p1f1,2074,06,10,0.0,33.839924,16.640034,2074
21711,r10i1p1f1,2074,06,11,0.0,37.252125,18.56471,2074
21712,r10i1p1f1,2074,06,12,0.0025433472537291606,36.58422,20.716234,2074
21713,r10i1p1f1,2074,06,13,0.0,36.15386,19.266203,2074
21714,r10i1p1f1,2074,06,14,0.0,34.069756,20.441532,2074
21715,r10i1p1f1,2074,06,15,0.0,29.58868,14.981286,2074
21716,r10i1p1f1,2074,06,16,0.0,29.632704,13.7595825,2074
21717,r10i1p1f1,2074,06,17,0.0,31.083805,14.544173,2074
21718,r10i1p1f1,2074,06,18,0.0,30.87606,14.849466,2074
21719,r10i1p1f1,2074,06,19,0.0,32.65279,14.914008,2074
21720,r10i1p1f1,2074,06,20,0.0,31.909452,14.034808,2074
21721,r10i1p1f1,2074,06,21,0.0,30.144423,12.681027,2074
21722,r10i1p1f1,2074,06,22,0.0,32.104317,14.122022,2074
21723,r10i1p1f1,2074,06,23,0.0,33.031384,16.151663,2074
21724,r10i1p1f1,2074,06,24,0.0,32.344227,16.21965,2074
21725,r10i1p1f1,2074,06,25,0.2539311580604638,28.18413,12.455437,2074
21726,r10i1p1f1,2074,06,26,9.755400011482905,18.7203,3.967,2074
21727,r10i1p1f1,2074,06,27,0.8207078637688506,19.921999,3.6031005,2074
21728,r10i1p1f1,2074,06,28,0.0,30.156128,10.890522,2074
21729,r10i1p1f1,2074,06,29,0.0,33.5033,16.37758,2074
21730,r10i1p1f1,2074,06,30,0.0,35.616886,16.546583,2074
21731,r10i1p1f1,2074,07,01,0.0,34.74012,17.025269,2074
21732,r10i1p1f1,2074,07,02,0.0,32.876213,15.385348,2074
21733,r10i1p1f1,2074,07,03,0.01930089487072301,31.049547,15.157982,2074
21734,r10i1p1f1,2074,07,04,0.013989038990602191,28.013016,11.560494,2074
21735,r10i1p1f1,2074,07,05,0.10729574984045605,25.170597,9.378584,2074
21736,r10i1p1f1,2074,07,06,0.0,34.940502,17.59944,2074
21737,r10i1p1f1,2074,07,07,0.0,39.10603,21.62654,2074
21738,r10i1p1f1,2074,07,08,0.0,38.109283,21.36882,2074
21739,r10i1p1f1,2074,07,09,0.0,36.314316,18.861008,2074
21740,r10i1p1f1,2074,07,10,0.0,34.690643,17.485624,2074
21741,r10i1p1f1,2074,07,11,0.0,36.124428,17.796377,2074
21742,r10i1p1f1,2074,07,12,0.0,38.98329,20.695097,2074
21743,r10i1p1f1,2074,07,13,0.0,38.22745,20.78859,2074
21744,r10i1p1f1,2074,07,14,0.0,36.609394,19.914942,2074
21745,r10i1p1f1,2074,07,15,0.0,36.04255,18.968134,2074
21746,r10i1p1f1,2074,07,16,0.0,35.4511,18.052813,2074
21747,r10i1p1f1,2074,07,17,0.0,35.74236,18.254642,2074
21748,r10i1p1f1,2074,07,18,0.0,35.401665,18.344728,2074
21749,r10i1p1f1,2074,07,19,0.0,35.000187,17.331314,2074
21750,r10i1p1f1,2074,07,20,0.0,34.375538,16.56332,2074
21751,r10i1p1f1,2074,07,21,0.0,32.81568,16.456627,2074
21752,r10i1p1f1,2074,07,22,0.0,33.9182,15.465814,2074
21753,r10i1p1f1,2074,07,23,0.0,37.32545,18.422958,2074
21754,r10i1p1f1,2074,07,24,0.0,37.174847,18.578398,2074
21755,r10i1p1f1,2074,07,25,0.0,38.70784,20.03686,2074
21756,r10i1p1f1,2074,07,26,0.0,39.38178,20.508621,2074
21757,r10i1p1f1,2074,07,27,0.0,38.96516,20.753595,2074
21758,r10i1p1f1,2074,07,28,0.0,38.648895,20.949581,2074
21759,r10i1p1f1,2074,07,29,0.0,38.612556,21.603285,2074
21760,r10i1p1f1,2074,07,30,0.0,37.682545,20.429598,2074
21761,r10i1p1f1,2074,07,31,0.0,36.884464,20.905704,2074
21762,r10i1p1f1,2074,08,01,0.0,34.721012,17.860409,2074
21763,r10i1p1f1,2074,08,02,0.0,37.13304,18.75919,2074
21764,r10i1p1f1,2074,08,03,0.0,39.442623,20.150173,2074
21765,r10i1p1f1,2074,08,04,0.0,39.834736,21.638817,2074
21766,r10i1p1f1,2074,08,05,0.0,40.38517,21.967035,2074
21767,r10i1p1f1,2074,08,06,0.0,39.20366,21.032564,2074
21768,r10i1p1f1,2074,08,07,0.0,38.52361,22.692108,2074
21769,r10i1p1f1,2074,08,08,0.0,39.455128,24.203577,2074
21770,r10i1p1f1,2074,08,09,0.0,39.18626,22.274364,2074
21771,r10i1p1f1,2074,08,10,0.0,38.596516,19.970856,2074
21772,r10i1p1f1,2074,08,11,0.0,38.59736,20.08944,2074
21773,r10i1p1f1,2074,08,12,0.0,37.423676,20.714943,2074
21774,r10i1p1f1,2074,08,13,0.0,35.14402,17.39667,2074
21775,r10i1p1f1,2074,08,14,0.0,33.745296,20.390165,2074
21776,r10i1p1f1,2074,08,15,0.0,31.66733,14.085327,2074
21777,r10i1p1f1,2074,08,16,0.0,29.984549,13.228885,2074
21778,r10i1p1f1,2074,08,17,0.0,36.135143,16.690794,2074
21779,r10i1p1f1,2074,08,18,0.0,40.75755,22.265131,2074
21780,r10i1p1f1,2074,08,19,0.0,39.603012,22.473495,2074
21781,r10i1p1f1,2074,08,20,0.0,33.616695,17.774256,2074
21782,r10i1p1f1,2074,08,21,0.0,32.34227,15.102269,2074
21783,r10i1p1f1,2074,08,22,0.0,35.187393,17.130308,2074
21784,r10i1p1f1,2074,08,23,0.0,35.776848,18.019953,2074
21785,r10i1p1f1,2074,08,24,0.0,34.824677,19.899355,2074
21786,r10i1p1f1,2074,08,25,0.0,33.802685,21.766006,2074
21787,r10i1p1f1,2074,08,26,0.0,36.576164,18.56232,2074
21788,r10i1p1f1,2074,08,27,0.0,36.553127,17.949337,2074
21789,r10i1p1f1,2074,08,28,0.0,38.394375,20.263233,2074
21790,r10i1p1f1,2074,08,29,0.0,39.353565,21.49708,2074
21791,r10i1p1f1,2074,08,30,0.0,38.76772,22.182848,2074
21792,r10i1p1f1,2074,08,31,0.0,37.918667,21.415203,2074
21793,r10i1p1f1,2074,09,01,0.0,37.44591,22.533731,2074
21794,r10i1p1f1,2074,09,02,0.0,37.884415,24.791397,2074
21795,r10i1p1f1,2074,09,03,0.0,38.963474,22.761944,2074
21796,r10i1p1f1,2074,09,04,0.0,36.512764,24.234964,2074
21797,r10i1p1f1,2074,09,05,0.0,35.958565,20.418083,2074
21798,r10i1p1f1,2074,09,06,0.0,35.343983,17.707914,2074
21799,r10i1p1f1,2074,09,07,0.0,33.693367,18.085815,2074
21800,r10i1p1f1,2074,09,08,0.0,31.62355,17.147362,2074
21801,r10i1p1f1,2074,09,09,0.0,31.130487,15.472322,2074
21802,r10i1p1f1,2074,09,10,0.0,30.062426,15.029572,2074
21803,r10i1p1f1,2074,09,11,0.0,29.576542,14.529116,2074
21804,r10i1p1f1,2074,09,12,0.0,29.866356,14.48465,2074
21805,r10i1p1f1,2074,09,13,0.0,32.707367,15.439652,2074
21806,r10i1p1f1,2074,09,14,0.0,34.332573,17.027258,2074
21807,r10i1p1f1,2074,09,15,0.0,33.385723,18.914825,2074
21808,r10i1p1f1,2074,09,16,0.0,34.881596,21.973848,2074
21809,r10i1p1f1,2074,09,17,0.0,27.96691,13.586207,2074
21810,r10i1p1f1,2074,09,18,0.0,23.26092,9.04399,2074
21811,r10i1p1f1,2074,09,19,0.0,19.615774,6.612029,2074
21812,r10i1p1f1,2074,09,20,0.0,28.014479,10.368171,2074
21813,r10i1p1f1,2074,09,21,0.0,33.09549,16.666977,2074
21814,r10i1p1f1,2074,09,22,0.0,36.23905,20.926348,2074
21815,r10i1p1f1,2074,09,23,0.0,36.264954,20.837307,2074
21816,r10i1p1f1,2074,09,24,0.0,36.88429,23.443958,2074
21817,r10i1p1f1,2074,09,25,0.0016251532734282879,36.02637,23.444103,2074
21818,r10i1p1f1,2074,09,26,0.0,35.56236,21.039654,2074
21819,r10i1p1f1,2074,09,27,0.0,33.195995,19.487947,2074
21820,r10i1p1f1,2074,09,28,0.08020780522584621,27.642176,13.990033,2074
21821,r10i1p1f1,2074,09,29,0.0,29.386642,15.266831,2074
21822,r10i1p1f1,2074,09,30,0.0,29.767305,15.328041,2074
21823,r10i1p1f1,2074,10,01,0.0,30.346622,14.771054,2074
21824,r10i1p1f1,2074,10,02,0.0,34.948044,19.415604,2074
21825,r10i1p1f1,2074,10,03,0.0,35.53919,18.556503,2074
21826,r10i1p1f1,2074,10,04,0.0,34.3046,18.041424,2074
21827,r10i1p1f1,2074,10,05,0.0,28.532278,10.420127,2074
21828,r10i1p1f1,2074,10,06,0.05178999009857714,17.189837,4.2066946,2074
21829,r10i1p1f1,2074,10,07,1.3630199337455906,18.050428,5.142866,2074
21830,r10i1p1f1,2074,10,08,42.44409265964733,10.908994,4.8102665,2074
21831,r10i1p1f1,2074,10,09,1.8824191396561218,13.008277,2.5975137,2074
21832,r10i1p1f1,2074,10,10,10.085346515897024,14.259865,5.464851,2074
21833,r10i1p1f1,2074,10,11,1.881029477548461,15.894623,3.6721466,2074
21834,r10i1p1f1,2074,10,12,0.0,15.040021,3.3052983,2074
21835,r10i1p1f1,2074,10,13,0.0,17.70005,5.225492,2074
21836,r10i1p1f1,2074,10,14,0.0,20.81882,7.7364736,2074
21837,r10i1p1f1,2074,10,15,0.0,23.624802,8.636299,2074
21838,r10i1p1f1,2074,10,16,0.0,26.202036,11.245003,2074
21839,r10i1p1f1,2074,10,17,0.0,26.16001,11.954795,2074
21840,r10i1p1f1,2074,10,18,0.0,25.691742,11.229888,2074
21841,r10i1p1f1,2074,10,19,0.0,23.182684,9.949846,2074
21842,r10i1p1f1,2074,10,20,0.0,26.217897,13.576059,2074
21843,r10i1p1f1,2074,10,21,0.0,26.949007,13.422171,2074
21844,r10i1p1f1,2074,10,22,1.0071228399905714,25.552513,13.916634,2074
21845,r10i1p1f1,2074,10,23,0.0,27.374403,13.881998,2074
21846,r10i1p1f1,2074,10,24,0.0,30.976778,15.954813,2074
21847,r10i1p1f1,2074,10,25,0.0,31.131126,15.850034,2074
21848,r10i1p1f1,2074,10,26,0.0,26.380964,13.116438,2074
21849,r10i1p1f1,2074,10,27,0.0,25.249908,11.165913,2074
21850,r10i1p1f1,2074,10,28,0.0,25.00814,9.834114,2074
21851,r10i1p1f1,2074,10,29,0.0,25.763798,8.790611,2074
21852,r10i1p1f1,2074,10,30,0.0,25.649576,13.580696,2074
21853,r10i1p1f1,2074,10,31,0.0,25.18556,12.9470415,2074
21854,r10i1p1f1,2074,11,01,0.0,24.184292,6.3369584,2074
21855,r10i1p1f1,2074,11,02,0.0,22.397312,9.868218,2074
21856,r10i1p1f1,2074,11,03,0.27259393544610294,22.691618,11.697833,2074
21857,r10i1p1f1,2074,11,04,3.0687561645256785,19.274439,9.97955,2074
21858,r10i1p1f1,2074,11,05,0.13731103191802455,19.115776,6.3017964,2074
21859,r10i1p1f1,2074,11,06,22.836105683267018,18.872805,7.863608,2074
21860,r10i1p1f1,2074,11,07,9.023693027579851,11.338757,4.2460055,2074
21861,r10i1p1f1,2074,11,08,0.0,16.11477,1.7510259,2074
21862,r10i1p1f1,2074,11,09,0.0,17.905909,4.2688794,2074
21863,r10i1p1f1,2074,11,10,0.0,20.105795,4.149906,2074
21864,r10i1p1f1,2074,11,11,0.0,19.480692,6.7322364,2074
21865,r10i1p1f1,2074,11,12,0.0,17.80934,4.5533123,2074
21866,r10i1p1f1,2074,11,13,0.1674060034450744,11.97007,-0.23931563,2074
21867,r10i1p1f1,2074,11,14,0.0,13.885048,-0.5998796,2074
21868,r10i1p1f1,2074,11,15,0.0,16.993011,2.5405514,2074
21869,r10i1p1f1,2074,11,16,0.0,17.746252,5.631599,2074
21870,r10i1p1f1,2074,11,17,0.0,18.055649,3.1741655,2074
21871,r10i1p1f1,2074,11,18,0.0,20.95406,2.531459,2074
21872,r10i1p1f1,2074,11,19,0.0,22.222107,3.6713326,2074
21873,r10i1p1f1,2074,11,20,0.0,21.65013,4.08806,2074
21874,r10i1p1f1,2074,11,21,0.0,18.98613,8.624554,2074
21875,r10i1p1f1,2074,11,22,0.024245907147097137,16.021338,3.4081304,2074
21876,r10i1p1f1,2074,11,23,3.1698078576243316,14.864507,2.155004,2074
21877,r10i1p1f1,2074,11,24,1.351914229108412,10.281491,3.473915,2074
21878,r10i1p1f1,2074,11,25,0.0,9.086154,-3.1867836,2074
21879,r10i1p1f1,2074,11,26,26.828183010863874,8.740222,1.398822,2074
21880,r10i1p1f1,2074,11,27,16.310418148273847,9.961106,1.3227371,2074
21881,r10i1p1f1,2074,11,28,0.0,12.22136,-1.5915569,2074
21882,r10i1p1f1,2074,11,29,0.0,13.323694,-0.04745624,2074
21883,r10i1p1f1,2074,11,30,0.1288838212770459,13.036107,2.1793072,2074
21884,r10i1p1f1,2074,12,01,0.0,17.261347,4.368385,2074
21885,r10i1p1f1,2074,12,02,0.0,16.053782,4.6424937,2074
21886,r10i1p1f1,2074,12,03,22.01514153643266,11.613495,3.490469,2074
21887,r10i1p1f1,2074,12,04,17.025575847410916,6.661261,0.9883501,2074
21888,r10i1p1f1,2074,12,05,3.6247883124085427,9.226778,-0.28779623,2074
21889,r10i1p1f1,2074,12,06,0.05335096016336281,9.74919,5.004039,2074
21890,r10i1p1f1,2074,12,07,6.06197184150867,9.910455,5.0285807,2074
21891,r10i1p1f1,2074,12,08,95.05314440466464,10.235861,5.528769,2074
21892,r10i1p1f1,2074,12,09,1.1328926614683759,8.6360855,0.073490344,2074
21893,r10i1p1f1,2074,12,10,8.272777359994315e-05,10.106043,0.8924464,2074
21894,r10i1p1f1,2074,12,11,0.0,12.160165,0.772525,2074
21895,r10i1p1f1,2074,12,12,0.0,17.431372,4.6243234,2074
21896,r10i1p1f1,2074,12,13,0.0,17.949888,6.4000525,2074
21897,r10i1p1f1,2074,12,14,0.0,17.842484,6.165072,2074
21898,r10i1p1f1,2074,12,15,0.0,17.996925,7.130871,2074
21899,r10i1p1f1,2074,12,16,0.0,16.02569,5.1227255,2074
21900,r10i1p1f1,2074,12,17,0.0,15.207231,4.4943743,2074
21901,r10i1p1f1,2074,12,18,0.0,14.185671,3.1441748,2074
21902,r10i1p1f1,2074,12,19,0.0,13.083914,1.2994121,2074
21903,r10i1p1f1,2074,12,20,0.0,12.2571745,2.4082856,2074
21904,r10i1p1f1,2074,12,21,0.0,14.075068,2.2893112,2074
21905,r10i1p1f1,2074,12,22,0.0,13.546907,1.963496,2074
21906,r10i1p1f1,2074,12,23,0.0,12.64629,2.4350963,2074
21907,r10i1p1f1,2074,12,24,0.0,13.464336,2.3393729,2074
21908,r10i1p1f1,2074,12,25,0.0,15.4021,3.4129727,2074
21909,r10i1p1f1,2074,12,26,0.0,16.648544,4.4468093,2074
21910,r10i1p1f1,2074,12,27,0.0,17.428532,5.4770904,2074
21911,r10i1p1f1,2074,12,28,0.4668216646151498,10.662151,4.1756153,2074
21912,r10i1p1f1,2074,12,29,28.95062461734357,12.287442,5.1223626,2074
21913,r10i1p1f1,2074,12,30,0.2112544894197,13.180991,2.7304285,2074
21914,r10i1p1f1,2074,12,31,0.4826890698830922,7.511348,2.275164,2074
21915,r10i1p1f1,2075,01,01,0.0,7.952603,3.0667922,2075
21916,r10i1p1f1,2075,01,02,7.940602638891984,10.000106,-0.0090572955,2075
21917,r10i1p1f1,2075,01,03,0.18003155323640385,11.077855,3.7346995,2075
21918,r10i1p1f1,2075,01,04,0.0,8.475435,-1.0963918,2075
21919,r10i1p1f1,2075,01,05,0.0,6.380397,-3.0598044,2075
21920,r10i1p1f1,2075,01,06,0.0,8.89241,-3.0391269,2075
21921,r10i1p1f1,2075,01,07,4.323011976712702,9.168617,-0.5588638,2075
21922,r10i1p1f1,2075,01,08,3.4952261017056836,10.591565,3.8193417,2075
21923,r10i1p1f1,2075,01,09,0.2939035279440891,14.276508,8.259614,2075
21924,r10i1p1f1,2075,01,10,1.2931882556011642,13.105607,3.6948202,2075
21925,r10i1p1f1,2075,01,11,0.06942852209440868,17.456314,8.407156,2075
21926,r10i1p1f1,2075,01,12,15.181318075874037,17.172386,10.92084,2075
21927,r10i1p1f1,2075,01,13,0.0,18.766666,8.009769,2075
21928,r10i1p1f1,2075,01,14,0.0,17.50587,6.4610763,2075
21929,r10i1p1f1,2075,01,15,0.0,18.74762,8.054469,2075
21930,r10i1p1f1,2075,01,16,0.0,20.12298,7.6905847,2075
21931,r10i1p1f1,2075,01,17,0.0,19.596504,8.595516,2075
21932,r10i1p1f1,2075,01,18,0.0,16.759315,6.632847,2075
21933,r10i1p1f1,2075,01,19,0.0,15.043945,4.9733853,2075
21934,r10i1p1f1,2075,01,20,0.0,14.4333315,5.8222313,2075
21935,r10i1p1f1,2075,01,21,0.0,18.683306,5.742721,2075
21936,r10i1p1f1,2075,01,22,0.0,18.773174,6.8377366,2075
21937,r10i1p1f1,2075,01,23,0.9399895455867648,15.290611,6.9803452,2075
21938,r10i1p1f1,2075,01,24,17.5207964431856,12.177822,7.493577,2075
21939,r10i1p1f1,2075,01,25,2.1725282870767457,13.931679,5.004984,2075
21940,r10i1p1f1,2075,01,26,28.57912964720622,13.179394,3.744131,2075
21941,r10i1p1f1,2075,01,27,26.015125986151887,12.461662,6.8910103,2075
21942,r10i1p1f1,2075,01,28,0.3845015671231522,13.754043,1.6494534,2075
21943,r10i1p1f1,2075,01,29,23.701860418383916,11.396594,6.281862,2075
21944,r10i1p1f1,2075,01,30,5.820365591506216,9.218839,3.7975981,2075
21945,r10i1p1f1,2075,01,31,25.786991486950825,12.222862,4.533717,2075
21946,r10i1p1f1,2075,02,01,7.963346628132154,17.834213,9.380867,2075
21947,r10i1p1f1,2075,02,02,31.619193617830444,14.548032,4.801654,2075
21948,r10i1p1f1,2075,02,03,0.8784689366525287,10.968552,4.8732567,2075
21949,r10i1p1f1,2075,02,04,0.0,12.921124,1.1347297,2075
21950,r10i1p1f1,2075,02,05,0.0,14.04365,1.509402,2075
21951,r10i1p1f1,2075,02,06,0.0,16.044743,5.3117914,2075
21952,r10i1p1f1,2075,02,07,0.0,18.411718,6.8746176,2075
21953,r10i1p1f1,2075,02,08,0.0,18.223341,4.965641,2075
21954,r10i1p1f1,2075,02,09,0.0,16.963854,5.63735,2075
21955,r10i1p1f1,2075,02,10,14.828682888305353,12.056567,7.091466,2075
21956,r10i1p1f1,2075,02,11,1.529149912120805,12.299049,1.7470052,2075
21957,r10i1p1f1,2075,02,12,12.78267066089412,9.922464,4.004249,2075
21958,r10i1p1f1,2075,02,13,78.85299535823594,15.77544,4.909325,2075
21959,r10i1p1f1,2075,02,14,35.053840993388896,11.44963,6.2858977,2075
21960,r10i1p1f1,2075,02,15,40.47247824890196,15.52368,6.5906324,2075
21961,r10i1p1f1,2075,02,16,6.90812857633079,12.611892,5.4087543,2075
21962,r10i1p1f1,2075,02,17,0.7060578481334807,10.387549,4.4590607,2075
21963,r10i1p1f1,2075,02,18,0.0,15.678833,1.7086776,2075
21964,r10i1p1f1,2075,02,19,0.7521244663082957,15.701554,3.9370775,2075
21965,r10i1p1f1,2075,02,20,18.880262950858054,8.86859,3.3135993,2075
21966,r10i1p1f1,2075,02,21,54.9642066238448,10.688504,3.7842207,2075
21967,r10i1p1f1,2075,02,22,40.69144226500372,10.731068,3.831456,2075
21968,r10i1p1f1,2075,02,23,7.732705547842718,8.57258,1.9189303,2075
21969,r10i1p1f1,2075,02,24,4.5758282760384885,7.1875973,0.8130666,2075
21970,r10i1p1f1,2075,02,25,0.0,10.97055,-1.3999989,2075
21971,r10i1p1f1,2075,02,26,0.0,12.717548,-0.44711062,2075
21972,r10i1p1f1,2075,02,27,0.0,13.592444,1.7980362,2075
21973,r10i1p1f1,2075,02,28,0.0,16.675076,3.3300638,2075
21974,r10i1p1f1,2075,03,01,0.0,19.088854,3.806333,2075
21975,r10i1p1f1,2075,03,02,0.0,18.550879,6.3811584,2075
21976,r10i1p1f1,2075,03,03,0.12190905646620147,17.16957,5.4463224,2075
21977,r10i1p1f1,2075,03,04,0.0,20.600418,4.527483,2075
21978,r10i1p1f1,2075,03,05,0.0,20.966406,6.3972754,2075
21979,r10i1p1f1,2075,03,06,13.072631916944182,18.649439,6.2983713,2075
21980,r10i1p1f1,2075,03,07,12.899602381098942,12.528516,2.5941408,2075
21981,r10i1p1f1,2075,03,08,7.854356309690047,7.3645487,1.0675802,2075
21982,r10i1p1f1,2075,03,09,23.45023251645647,9.567688,3.4631813,2075
21983,r10i1p1f1,2075,03,10,0.06632647054606136,12.643566,2.5009537,2075
21984,r10i1p1f1,2075,03,11,0.0,13.594473,0.64673877,2075
21985,r10i1p1f1,2075,03,12,0.0,16.38916,2.2635126,2075
21986,r10i1p1f1,2075,03,13,0.0,16.939676,2.971426,2075
21987,r10i1p1f1,2075,03,14,0.0,20.38418,6.459079,2075
21988,r10i1p1f1,2075,03,15,0.0,20.197464,7.0721154,2075
21989,r10i1p1f1,2075,03,16,0.0,19.707443,8.1980715,2075
21990,r10i1p1f1,2075,03,17,0.0,19.3525,6.4727654,2075
21991,r10i1p1f1,2075,03,18,0.0,20.396753,5.3761935,2075
21992,r10i1p1f1,2075,03,19,0.0,21.28417,7.393434,2075
21993,r10i1p1f1,2075,03,20,0.0,20.40943,7.555994,2075
21994,r10i1p1f1,2075,03,21,0.0,25.72406,12.237624,2075
21995,r10i1p1f1,2075,03,22,0.0,26.658249,12.2675705,2075
21996,r10i1p1f1,2075,03,23,0.0,26.509811,10.646984,2075
21997,r10i1p1f1,2075,03,24,0.0,23.605963,10.501987,2075
21998,r10i1p1f1,2075,03,25,0.0,22.200865,8.135672,2075
21999,r10i1p1f1,2075,03,26,0.0,25.22973,8.111476,2075
22000,r10i1p1f1,2075,03,27,0.0,25.67642,9.987953,2075
22001,r10i1p1f1,2075,03,28,0.0,25.055668,9.392951,2075
22002,r10i1p1f1,2075,03,29,0.25107125167515304,23.7199,9.225723,2075
22003,r10i1p1f1,2075,03,30,0.0,19.180748,4.135428,2075
22004,r10i1p1f1,2075,03,31,0.0,26.14831,7.0025377,2075
22005,r10i1p1f1,2075,04,01,0.0,26.202448,10.721678,2075
22006,r10i1p1f1,2075,04,02,0.0,21.182775,5.657121,2075
22007,r10i1p1f1,2075,04,03,0.0,23.640581,6.551995,2075
22008,r10i1p1f1,2075,04,04,0.0,23.671156,8.638503,2075
22009,r10i1p1f1,2075,04,05,2.840496197591404,19.475088,6.547458,2075
22010,r10i1p1f1,2075,04,06,8.579323650213299,13.457216,2.3194525,2075
22011,r10i1p1f1,2075,04,07,0.012375458869715467,14.784591,3.3251522,2075
22012,r10i1p1f1,2075,04,08,1.9705807619510252,15.124409,5.064628,2075
22013,r10i1p1f1,2075,04,09,0.0,21.24334,9.241329,2075
22014,r10i1p1f1,2075,04,10,0.0,24.82291,9.378314,2075
22015,r10i1p1f1,2075,04,11,0.0,26.915468,11.899198,2075
22016,r10i1p1f1,2075,04,12,0.0,25.164284,11.819027,2075
22017,r10i1p1f1,2075,04,13,0.0,28.57573,11.461652,2075
22018,r10i1p1f1,2075,04,14,0.0,28.065866,13.537593,2075
22019,r10i1p1f1,2075,04,15,0.0,23.176296,9.588924,2075
22020,r10i1p1f1,2075,04,16,0.0,28.209251,11.642973,2075
22021,r10i1p1f1,2075,04,17,0.0,28.033894,12.541827,2075
22022,r10i1p1f1,2075,04,18,0.0,26.642935,11.655571,2075
22023,r10i1p1f1,2075,04,19,0.0032113747369964443,25.695715,13.122714,2075
22024,r10i1p1f1,2075,04,20,12.957602261322839,17.42276,4.937168,2075
22025,r10i1p1f1,2075,04,21,0.0,22.93041,7.8070173,2075
22026,r10i1p1f1,2075,04,22,0.4565085203323274,21.1862,7.8848863,2075
22027,r10i1p1f1,2075,04,23,6.323483157546817,12.839221,4.1155014,2075
22028,r10i1p1f1,2075,04,24,16.27276983069207,8.9271,1.6796972,2075
22029,r10i1p1f1,2075,04,25,0.8944137955136524,15.876228,3.0241184,2075
22030,r10i1p1f1,2075,04,26,0.0,19.467976,4.9731464,2075
22031,r10i1p1f1,2075,04,27,0.0,23.820576,8.116331,2075
22032,r10i1p1f1,2075,04,28,0.0,23.326359,10.63091,2075
22033,r10i1p1f1,2075,04,29,1.6642686908462085,19.528406,6.150353,2075
22034,r10i1p1f1,2075,04,30,0.0,19.588722,5.659547,2075
22035,r10i1p1f1,2075,05,01,0.0,21.515137,6.1509004,2075
22036,r10i1p1f1,2075,05,02,0.0,25.99347,9.850546,2075
22037,r10i1p1f1,2075,05,03,0.0,25.517773,9.701274,2075
22038,r10i1p1f1,2075,05,04,0.0,27.229769,12.4898405,2075
22039,r10i1p1f1,2075,05,05,0.0,32.17941,14.815127,2075
22040,r10i1p1f1,2075,05,06,0.0,32.819714,17.279903,2075
22041,r10i1p1f1,2075,05,07,0.0,32.506153,17.63269,2075
22042,r10i1p1f1,2075,05,08,0.0,29.342627,14.453475,2075
22043,r10i1p1f1,2075,05,09,0.0,26.635443,11.277806,2075
22044,r10i1p1f1,2075,05,10,0.0,25.788946,12.103114,2075
22045,r10i1p1f1,2075,05,11,0.0,23.217966,9.00928,2075
22046,r10i1p1f1,2075,05,12,0.0,22.963825,9.341449,2075
22047,r10i1p1f1,2075,05,13,0.0,22.724882,6.749378,2075
22048,r10i1p1f1,2075,05,14,0.0,19.081837,5.7401896,2075
22049,r10i1p1f1,2075,05,15,0.31312659373150764,17.718002,5.7741017,2075
22050,r10i1p1f1,2075,05,16,0.0,19.951044,4.5177717,2075
22051,r10i1p1f1,2075,05,17,0.0,22.15766,6.316952,2075
22052,r10i1p1f1,2075,05,18,14.045847027783134,18.35883,4.07803,2075
22053,r10i1p1f1,2075,05,19,15.194046829894528,10.677661,3.1740725,2075
22054,r10i1p1f1,2075,05,20,0.5691598629279102,15.503479,5.7394423,2075
22055,r10i1p1f1,2075,05,21,0.0,20.629942,7.4223847,2075
22056,r10i1p1f1,2075,05,22,0.0,22.585506,8.370327,2075
22057,r10i1p1f1,2075,05,23,0.0,22.871393,10.026045,2075
22058,r10i1p1f1,2075,05,24,0.0,23.59186,10.789733,2075
22059,r10i1p1f1,2075,05,25,0.509267701760875,20.31147,5.6089907,2075
22060,r10i1p1f1,2075,05,26,0.0,25.27095,7.7250857,2075
22061,r10i1p1f1,2075,05,27,0.0,27.119545,12.136283,2075
22062,r10i1p1f1,2075,05,28,0.0,27.596994,12.7995,2075
22063,r10i1p1f1,2075,05,29,0.0,27.522821,13.2491255,2075
22064,r10i1p1f1,2075,05,30,0.0,26.941666,11.665715,2075
22065,r10i1p1f1,2075,05,31,0.0,25.783512,12.406995,2075
22066,r10i1p1f1,2075,06,01,0.0,26.686739,8.710574,2075
22067,r10i1p1f1,2075,06,02,0.0,30.571266,14.107184,2075
22068,r10i1p1f1,2075,06,03,0.0,31.475788,13.379888,2075
22069,r10i1p1f1,2075,06,04,0.0,30.352388,12.945293,2075
22070,r10i1p1f1,2075,06,05,0.0,27.91164,12.632886,2075
22071,r10i1p1f1,2075,06,06,0.0,29.516943,11.290813,2075
22072,r10i1p1f1,2075,06,07,0.0,29.04887,12.859325,2075
22073,r10i1p1f1,2075,06,08,0.0,27.162382,13.441781,2075
22074,r10i1p1f1,2075,06,09,0.0,26.238775,11.070797,2075
22075,r10i1p1f1,2075,06,10,0.0,25.436865,14.226398,2075
22076,r10i1p1f1,2075,06,11,0.12137973930010341,23.468235,9.319084,2075
22077,r10i1p1f1,2075,06,12,0.0,26.365381,15.981519,2075
22078,r10i1p1f1,2075,06,13,0.0,31.165106,12.070274,2075
22079,r10i1p1f1,2075,06,14,0.0,35.271767,15.939636,2075
22080,r10i1p1f1,2075,06,15,0.0,35.20391,18.257788,2075
22081,r10i1p1f1,2075,06,16,0.0,34.291878,17.848057,2075
22082,r10i1p1f1,2075,06,17,0.0,30.54869,13.674151,2075
22083,r10i1p1f1,2075,06,18,0.0,29.349003,13.229431,2075
22084,r10i1p1f1,2075,06,19,0.0,27.63085,12.367877,2075
22085,r10i1p1f1,2075,06,20,0.0,25.793034,9.01845,2075
22086,r10i1p1f1,2075,06,21,0.0,30.530981,13.142657,2075
22087,r10i1p1f1,2075,06,22,0.0,31.104872,13.62581,2075
22088,r10i1p1f1,2075,06,23,0.0,32.92392,14.51659,2075
22089,r10i1p1f1,2075,06,24,0.0,32.959633,16.032324,2075
22090,r10i1p1f1,2075,06,25,0.0,32.214706,16.887152,2075
22091,r10i1p1f1,2075,06,26,0.0,31.653738,14.234154,2075
22092,r10i1p1f1,2075,06,27,0.0,32.082035,15.043103,2075
22093,r10i1p1f1,2075,06,28,0.0,35.93639,19.390854,2075
22094,r10i1p1f1,2075,06,29,0.0,34.666092,18.713263,2075
22095,r10i1p1f1,2075,06,30,0.0,34.456787,18.564577,2075
22096,r10i1p1f1,2075,07,01,0.0,33.094986,16.36713,2075
22097,r10i1p1f1,2075,07,02,0.0,31.830675,18.743645,2075
22098,r10i1p1f1,2075,07,03,0.8404166903921194,26.346403,10.294476,2075
22099,r10i1p1f1,2075,07,04,0.0,26.325106,9.611253,2075
22100,r10i1p1f1,2075,07,05,0.0,28.565617,11.18073,2075
22101,r10i1p1f1,2075,07,06,0.0,29.143866,11.908508,2075
22102,r10i1p1f1,2075,07,07,0.0,28.871191,12.065606,2075
22103,r10i1p1f1,2075,07,08,0.0,30.325375,13.316153,2075
22104,r10i1p1f1,2075,07,09,0.0,33.784065,15.476931,2075
22105,r10i1p1f1,2075,07,10,0.0,35.012547,17.489517,2075
22106,r10i1p1f1,2075,07,11,0.0,35.767918,17.826797,2075
22107,r10i1p1f1,2075,07,12,0.0,35.996956,18.84827,2075
22108,r10i1p1f1,2075,07,13,0.0,36.662582,19.913319,2075
22109,r10i1p1f1,2075,07,14,0.0,32.954857,17.127293,2075
22110,r10i1p1f1,2075,07,15,0.0,32.611805,15.6775255,2075
22111,r10i1p1f1,2075,07,16,0.0,34.89458,16.412193,2075
22112,r10i1p1f1,2075,07,17,0.0,35.003273,17.768013,2075
22113,r10i1p1f1,2075,07,18,0.0,34.614582,17.91228,2075
22114,r10i1p1f1,2075,07,19,0.0,33.4937,16.622042,2075
22115,r10i1p1f1,2075,07,20,0.0,31.727667,14.81949,2075
22116,r10i1p1f1,2075,07,21,0.0,34.38146,16.239662,2075
22117,r10i1p1f1,2075,07,22,0.0,36.380707,18.906704,2075
22118,r10i1p1f1,2075,07,23,0.0,38.51297,18.768524,2075
22119,r10i1p1f1,2075,07,24,0.29932094329476394,38.949436,21.051558,2075
22120,r10i1p1f1,2075,07,25,0.0,39.042984,23.118137,2075
22121,r10i1p1f1,2075,07,26,0.0,38.371143,22.92667,2075
22122,r10i1p1f1,2075,07,27,0.0,38.489872,20.917318,2075
22123,r10i1p1f1,2075,07,28,0.0,37.908382,20.246172,2075
22124,r10i1p1f1,2075,07,29,0.0,39.060913,21.011585,2075
22125,r10i1p1f1,2075,07,30,0.0,38.69396,22.719406,2075
22126,r10i1p1f1,2075,07,31,0.0,37.001595,19.616268,2075
22127,r10i1p1f1,2075,08,01,0.0,36.649246,20.929243,2075
22128,r10i1p1f1,2075,08,02,0.0,39.908558,20.607594,2075
22129,r10i1p1f1,2075,08,03,0.0,40.63738,21.185389,2075
22130,r10i1p1f1,2075,08,04,0.0,39.0193,21.72788,2075
22131,r10i1p1f1,2075,08,05,0.0,37.716496,20.735369,2075
22132,r10i1p1f1,2075,08,06,0.0,37.037575,19.181046,2075
22133,r10i1p1f1,2075,08,07,0.0,38.18593,20.543179,2075
22134,r10i1p1f1,2075,08,08,0.0,35.42042,19.481245,2075
22135,r10i1p1f1,2075,08,09,0.9850351372255031,33.449123,17.987848,2075
22136,r10i1p1f1,2075,08,10,0.1980559381057614,31.140917,16.743128,2075
22137,r10i1p1f1,2075,08,11,0.0,32.52481,16.304651,2075
22138,r10i1p1f1,2075,08,12,0.0,34.708656,17.097721,2075
22139,r10i1p1f1,2075,08,13,0.1075741921101182,35.96659,17.92334,2075
22140,r10i1p1f1,2075,08,14,0.04198075272908777,38.015656,19.725029,2075
22141,r10i1p1f1,2075,08,15,0.0,37.394073,20.583876,2075
22142,r10i1p1f1,2075,08,16,0.0,36.460625,20.758951,2075
22143,r10i1p1f1,2075,08,17,0.0,39.235466,20.121569,2075
22144,r10i1p1f1,2075,08,18,0.0,40.58652,23.370947,2075
22145,r10i1p1f1,2075,08,19,0.0,41.01107,23.873192,2075
22146,r10i1p1f1,2075,08,20,0.0,39.840412,23.258827,2075
22147,r10i1p1f1,2075,08,21,0.0,36.485012,20.225098,2075
22148,r10i1p1f1,2075,08,22,0.0,34.707325,17.341135,2075
22149,r10i1p1f1,2075,08,23,0.0,33.95806,17.619955,2075
22150,r10i1p1f1,2075,08,24,0.0,34.66289,17.739428,2075
22151,r10i1p1f1,2075,08,25,0.0,33.56892,16.051882,2075
22152,r10i1p1f1,2075,08,26,0.0,31.877579,13.40719,2075
22153,r10i1p1f1,2075,08,27,0.0,35.0165,17.218681,2075
22154,r10i1p1f1,2075,08,28,0.0,34.117115,18.617786,2075
22155,r10i1p1f1,2075,08,29,0.0,32.645145,15.522715,2075
22156,r10i1p1f1,2075,08,30,0.0,36.1527,18.21688,2075
22157,r10i1p1f1,2075,08,31,0.0,35.33238,19.549036,2075
22158,r10i1p1f1,2075,09,01,0.03552122736413079,31.256264,19.01174,2075
22159,r10i1p1f1,2075,09,02,0.0,32.466152,18.333818,2075
22160,r10i1p1f1,2075,09,03,0.0,31.414139,17.402054,2075
22161,r10i1p1f1,2075,09,04,0.0,29.867949,16.183697,2075
22162,r10i1p1f1,2075,09,05,0.0,31.258287,12.645459,2075
22163,r10i1p1f1,2075,09,06,0.0,32.66568,14.732576,2075
22164,r10i1p1f1,2075,09,07,0.0,32.038986,14.770723,2075
22165,r10i1p1f1,2075,09,08,0.0,35.350372,17.30505,2075
22166,r10i1p1f1,2075,09,09,0.0,34.239124,18.070309,2075
22167,r10i1p1f1,2075,09,10,0.0,32.141228,16.347326,2075
22168,r10i1p1f1,2075,09,11,0.0,34.72986,16.904007,2075
22169,r10i1p1f1,2075,09,12,0.0,36.081715,18.406048,2075
22170,r10i1p1f1,2075,09,13,0.0,37.71874,20.449787,2075
22171,r10i1p1f1,2075,09,14,0.0,38.82193,23.434198,2075
22172,r10i1p1f1,2075,09,15,0.0,37.44182,20.777256,2075
22173,r10i1p1f1,2075,09,16,0.0,35.296497,18.111446,2075
22174,r10i1p1f1,2075,09,17,0.0,28.79393,14.163637,2075
22175,r10i1p1f1,2075,09,18,0.0,26.41611,13.370814,2075
22176,r10i1p1f1,2075,09,19,0.0,25.673243,12.251028,2075
22177,r10i1p1f1,2075,09,20,0.0,23.51381,11.195064,2075
22178,r10i1p1f1,2075,09,21,0.10856547078458932,24.542435,11.133542,2075
22179,r10i1p1f1,2075,09,22,0.0,29.687866,13.403799,2075
22180,r10i1p1f1,2075,09,23,0.0,32.42338,17.767803,2075
22181,r10i1p1f1,2075,09,24,0.0,32.434174,15.773482,2075
22182,r10i1p1f1,2075,09,25,0.0,29.422144,14.029588,2075
22183,r10i1p1f1,2075,09,26,0.0,28.263597,13.535337,2075
22184,r10i1p1f1,2075,09,27,0.0,29.808138,13.595832,2075
22185,r10i1p1f1,2075,09,28,0.0,29.437346,15.597043,2075
22186,r10i1p1f1,2075,09,29,0.0,27.159815,13.09232,2075
22187,r10i1p1f1,2075,09,30,0.0,30.158884,13.667375,2075
22188,r10i1p1f1,2075,10,01,0.0,32.770927,17.442768,2075
22189,r10i1p1f1,2075,10,02,0.0,32.079433,17.144829,2075
22190,r10i1p1f1,2075,10,03,0.0,29.394405,15.557152,2075
22191,r10i1p1f1,2075,10,04,0.0,26.954279,10.56984,2075
22192,r10i1p1f1,2075,10,05,0.0,26.837938,11.353454,2075
22193,r10i1p1f1,2075,10,06,0.0,23.782276,9.996828,2075
22194,r10i1p1f1,2075,10,07,0.0,24.078417,11.171354,2075
22195,r10i1p1f1,2075,10,08,0.0,26.096376,12.928699,2075
22196,r10i1p1f1,2075,10,09,0.0,29.24299,11.199323,2075
22197,r10i1p1f1,2075,10,10,0.0,28.58573,13.441329,2075
22198,r10i1p1f1,2075,10,11,0.0,28.753244,12.910639,2075
22199,r10i1p1f1,2075,10,12,0.0,32.50351,15.031351,2075
22200,r10i1p1f1,2075,10,13,0.0,33.37041,15.5947695,2075
22201,r10i1p1f1,2075,10,14,0.0,33.093353,16.996103,2075
22202,r10i1p1f1,2075,10,15,0.0,32.34714,16.612253,2075
22203,r10i1p1f1,2075,10,16,0.0,29.638653,14.418194,2075
22204,r10i1p1f1,2075,10,17,0.0,25.11045,12.02833,2075
22205,r10i1p1f1,2075,10,18,0.0,25.427088,8.944993,2075
22206,r10i1p1f1,2075,10,19,0.0,28.757915,11.2754135,2075
22207,r10i1p1f1,2075,10,20,0.0,29.645077,12.741335,2075
22208,r10i1p1f1,2075,10,21,0.0,29.04063,12.556277,2075
22209,r10i1p1f1,2075,10,22,0.0,29.28034,15.994631,2075
22210,r10i1p1f1,2075,10,23,0.0,29.160545,15.751516,2075
22211,r10i1p1f1,2075,10,24,0.0,30.621296,14.901592,2075
22212,r10i1p1f1,2075,10,25,0.0,31.031452,13.337533,2075
22213,r10i1p1f1,2075,10,26,0.0,29.365719,14.36445,2075
22214,r10i1p1f1,2075,10,27,0.0,28.362822,13.073217,2075
22215,r10i1p1f1,2075,10,28,0.0,25.719952,9.52134,2075
22216,r10i1p1f1,2075,10,29,0.0,25.325962,12.312081,2075
22217,r10i1p1f1,2075,10,30,1.8198426777464767,22.494637,9.401953,2075
22218,r10i1p1f1,2075,10,31,17.064299795464123,15.710496,5.528459,2075
22219,r10i1p1f1,2075,11,01,1.084780470132261,14.155132,2.6934633,2075
22220,r10i1p1f1,2075,11,02,8.159771548583338,13.142872,5.0446715,2075
22221,r10i1p1f1,2075,11,03,0.21353889415446534,14.754843,2.8309588,2075
22222,r10i1p1f1,2075,11,04,0.0,17.230154,2.6395183,2075
22223,r10i1p1f1,2075,11,05,0.0,20.300735,1.9664844,2075
22224,r10i1p1f1,2075,11,06,0.0,20.658398,3.8381066,2075
22225,r10i1p1f1,2075,11,07,0.0,22.138054,5.5434036,2075
22226,r10i1p1f1,2075,11,08,0.18890688113874363,22.380568,9.9638605,2075
22227,r10i1p1f1,2075,11,09,6.69392638731695,18.925062,8.407137,2075
22228,r10i1p1f1,2075,11,10,7.515307322089364,18.531898,8.124458,2075
22229,r10i1p1f1,2075,11,11,0.0,20.60442,5.936493,2075
22230,r10i1p1f1,2075,11,12,0.0,22.578115,7.3008127,2075
22231,r10i1p1f1,2075,11,13,0.0,23.295628,9.648083,2075
22232,r10i1p1f1,2075,11,14,0.0,22.514376,8.534497,2075
22233,r10i1p1f1,2075,11,15,0.0,18.737015,7.3347297,2075
22234,r10i1p1f1,2075,11,16,6.1079030369000975,18.276339,13.123606,2075
22235,r10i1p1f1,2075,11,17,0.0,20.623795,12.585968,2075
22236,r10i1p1f1,2075,11,18,0.6896196523197623,19.901272,11.418394,2075
22237,r10i1p1f1,2075,11,19,3.326099467286488,16.091967,5.2328377,2075
22238,r10i1p1f1,2075,11,20,7.0836907895634225,11.554145,5.223461,2075
22239,r10i1p1f1,2075,11,21,0.109344694007967,12.80381,-1.0798942,2075
22240,r10i1p1f1,2075,11,22,0.0,13.984354,0.8403856,2075
22241,r10i1p1f1,2075,11,23,0.0,12.641282,-1.4340855,2075
22242,r10i1p1f1,2075,11,24,5.462678784696388,10.311736,4.2252135,2075
22243,r10i1p1f1,2075,11,25,0.04289021417805902,12.200005,0.32171088,2075
22244,r10i1p1f1,2075,11,26,0.0,13.977974,1.025444,2075
22245,r10i1p1f1,2075,11,27,0.0,17.554686,1.3565102,2075
22246,r10i1p1f1,2075,11,28,0.0,16.900795,4.83087,2075
22247,r10i1p1f1,2075,11,29,0.0,20.82662,6.932892,2075
22248,r10i1p1f1,2075,11,30,0.0,21.433435,4.4771843,2075
22249,r10i1p1f1,2075,12,01,0.0,20.88854,9.413786,2075
22250,r10i1p1f1,2075,12,02,0.0,22.285833,8.941835,2075
22251,r10i1p1f1,2075,12,03,0.0,21.28805,9.769127,2075
22252,r10i1p1f1,2075,12,04,0.0,21.040186,8.645053,2075
22253,r10i1p1f1,2075,12,05,0.0,23.774014,9.660224,2075
22254,r10i1p1f1,2075,12,06,0.0,24.356125,10.93638,2075
22255,r10i1p1f1,2075,12,07,0.0,23.587114,10.792763,2075
22256,r10i1p1f1,2075,12,08,0.0,21.342016,9.697566,2075
22257,r10i1p1f1,2075,12,09,0.0,19.787542,5.8865533,2075
22258,r10i1p1f1,2075,12,10,0.0,14.450705,3.158914,2075
22259,r10i1p1f1,2075,12,11,17.162675605351595,11.141595,1.1117598,2075
22260,r10i1p1f1,2075,12,12,12.207083860534782,9.728284,3.1065233,2075
22261,r10i1p1f1,2075,12,13,0.0,9.725095,-0.4267094,2075
22262,r10i1p1f1,2075,12,14,0.0,9.259592,-1.4508454,2075
22263,r10i1p1f1,2075,12,15,23.09438591780092,12.000104,1.5448128,2075
22264,r10i1p1f1,2075,12,16,93.93962078825815,17.665945,9.47436,2075
22265,r10i1p1f1,2075,12,17,92.83163070029237,17.063427,12.775031,2075
22266,r10i1p1f1,2075,12,18,1.66039315709225,17.537966,8.746535,2075
22267,r10i1p1f1,2075,12,19,0.0,13.503965,7.1188774,2075
22268,r10i1p1f1,2075,12,20,37.73068025230283,12.1073,7.2610073,2075
22269,r10i1p1f1,2075,12,21,42.040363354853504,15.157823,9.845525,2075
22270,r10i1p1f1,2075,12,22,8.055708636608248,14.002962,3.4315507,2075
22271,r10i1p1f1,2075,12,23,0.5044444011613641,8.5631,3.1061387,2075
22272,r10i1p1f1,2075,12,24,0.0,8.899354,-0.56855214,2075
22273,r10i1p1f1,2075,12,25,0.0,4.716269,-6.041032,2075
22274,r10i1p1f1,2075,12,26,0.0,5.599321,-4.1773124,2075
22275,r10i1p1f1,2075,12,27,0.0,10.080391,-2.7785985,2075
22276,r10i1p1f1,2075,12,28,0.0,8.3047495,-1.8831456,2075
22277,r10i1p1f1,2075,12,29,0.0,11.003603,-1.5291752,2075
22278,r10i1p1f1,2075,12,30,0.0,11.983979,1.098891,2075
22279,r10i1p1f1,2075,12,31,0.0,12.765984,0.21080941,2075
22280,r10i1p1f1,2076,01,01,0.0,11.228716,-1.3871173,2076
22281,r10i1p1f1,2076,01,02,0.0,10.144296,0.97805566,2076
22282,r10i1p1f1,2076,01,03,5.203782795893187,7.3579783,1.5663913,2076
22283,r10i1p1f1,2076,01,04,0.0,14.201841,2.3268044,2076
22284,r10i1p1f1,2076,01,05,0.0,12.051593,0.32291391,2076
22285,r10i1p1f1,2076,01,06,0.0,10.4892,3.3399484,2076
22286,r10i1p1f1,2076,01,07,0.0,8.610301,-1.767965,2076
22287,r10i1p1f1,2076,01,08,0.0,9.929278,-0.56596357,2076
22288,r10i1p1f1,2076,01,09,0.0,11.077617,-1.9478748,2076
22289,r10i1p1f1,2076,01,10,0.0,10.364678,-0.15261559,2076
22290,r10i1p1f1,2076,01,11,0.0,12.225822,0.5106143,2076
22291,r10i1p1f1,2076,01,12,0.0,13.610286,0.5827665,2076
22292,r10i1p1f1,2076,01,13,0.0,13.704343,4.1906395,2076
22293,r10i1p1f1,2076,01,14,0.0,12.5651245,3.828774,2076
22294,r10i1p1f1,2076,01,15,20.314327359358828,9.748732,5.2664323,2076
22295,r10i1p1f1,2076,01,16,1.8624786452595512,11.601551,5.2971134,2076
22296,r10i1p1f1,2076,01,17,0.0,13.594463,2.8944206,2076
22297,r10i1p1f1,2076,01,18,2.1522239847591234,10.15124,3.9324718,2076
22298,r10i1p1f1,2076,01,19,7.865268592247862,11.934524,3.7089539,2076
22299,r10i1p1f1,2076,01,20,0.0,18.632828,5.2970924,2076
22300,r10i1p1f1,2076,01,21,0.0,19.950575,9.998589,2076
22301,r10i1p1f1,2076,01,22,0.0,19.978971,8.381995,2076
22302,r10i1p1f1,2076,01,23,0.0,19.636889,7.5242677,2076
22303,r10i1p1f1,2076,01,24,17.74332243382416,16.244497,6.687933,2076
22304,r10i1p1f1,2076,01,25,0.0,11.989296,6.4487634,2076
22305,r10i1p1f1,2076,01,26,24.625336964259315,10.345337,3.3852868,2076
22306,r10i1p1f1,2076,01,27,34.34231169399266,9.847069,5.337417,2076
22307,r10i1p1f1,2076,01,28,0.08643206418032366,12.663403,3.7160668,2076
22308,r10i1p1f1,2076,01,29,1.5197301597685222,10.498837,2.503868,2076
22309,r10i1p1f1,2076,01,30,0.0,16.347288,4.5908475,2076
22310,r10i1p1f1,2076,01,31,84.40877776838055,17.662367,10.059549,2076
22311,r10i1p1f1,2076,02,01,47.45291009618852,15.579036,5.7178307,2076
22312,r10i1p1f1,2076,02,02,7.425805203552284,11.240621,4.9420514,2076
22313,r10i1p1f1,2076,02,03,1.6353521721037778,11.480731,5.1829023,2076
22314,r10i1p1f1,2076,02,04,17.990233503147273,13.053969,7.4157186,2076
22315,r10i1p1f1,2076,02,05,12.433262441252163,17.31794,10.530803,2076
22316,r10i1p1f1,2076,02,06,3.7667098340438985,17.315317,7.812987,2076
22317,r10i1p1f1,2076,02,07,0.0,16.148188,5.52438,2076
22318,r10i1p1f1,2076,02,08,15.437736252007246,16.15988,6.72998,2076
22319,r10i1p1f1,2076,02,09,1.4641068264513466,14.450693,9.955818,2076
22320,r10i1p1f1,2076,02,10,7.854325496890325,13.546776,6.827956,2076
22321,r10i1p1f1,2076,02,11,0.0,14.238532,3.7507713,2076
22322,r10i1p1f1,2076,02,12,0.0,18.200281,6.3843746,2076
22323,r10i1p1f1,2076,02,13,0.0,20.35348,7.0563602,2076
22324,r10i1p1f1,2076,02,14,0.0,19.716364,8.395435,2076
22325,r10i1p1f1,2076,02,15,22.26643725237074,18.918936,7.519177,2076
22326,r10i1p1f1,2076,02,16,1.4602744521748958,12.337431,4.0849385,2076
22327,r10i1p1f1,2076,02,17,3.510406819987111,11.209481,3.3838277,2076
22328,r10i1p1f1,2076,02,18,0.0,12.960564,4.775838,2076
22329,r10i1p1f1,2076,02,19,0.0,17.381447,4.8321347,2076
22330,r10i1p1f1,2076,02,20,0.0,20.762405,5.729232,2076
22331,r10i1p1f1,2076,02,21,0.0,20.162714,8.841571,2076
22332,r10i1p1f1,2076,02,22,0.0,16.368113,3.9444644,2076
22333,r10i1p1f1,2076,02,23,0.0,14.790389,2.2364612,2076
22334,r10i1p1f1,2076,02,24,0.0,16.07722,4.111335,2076
22335,r10i1p1f1,2076,02,25,0.0,16.435297,3.8363125,2076
22336,r10i1p1f1,2076,02,26,0.0,16.164555,2.48539,2076
22337,r10i1p1f1,2076,02,27,0.0,14.418964,3.1845737,2076
22338,r10i1p1f1,2076,02,28,11.88488500460823,12.770275,4.4553165,2076
22339,r10i1p1f1,2076,02,29,84.97845886311934,13.77548,7.1273875,2076
22340,r10i1p1f1,2076,03,01,43.01557995250302,10.74604,3.233853,2076
22341,r10i1p1f1,2076,03,02,2.898387968631548,11.676096,1.1687174,2076
22342,r10i1p1f1,2076,03,03,0.6405657253086056,12.3747,1.1588264,2076
22343,r10i1p1f1,2076,03,04,3.218493530462901,17.668257,3.7066264,2076
22344,r10i1p1f1,2076,03,05,9.269701139495929,17.82503,6.1197944,2076
22345,r10i1p1f1,2076,03,06,30.84055805444031,14.894398,2.8200066,2076
22346,r10i1p1f1,2076,03,07,11.761324872273498,9.331801,3.580276,2076
22347,r10i1p1f1,2076,03,08,0.0,13.074619,1.6719226,2076
22348,r10i1p1f1,2076,03,09,0.0,14.367539,1.7155838,2076
22349,r10i1p1f1,2076,03,10,3.578937653563978,9.859668,4.093398,2076
22350,r10i1p1f1,2076,03,11,5.511778620980055,14.202844,6.0291405,2076
22351,r10i1p1f1,2076,03,12,29.001811736471655,11.251403,6.1592064,2076
22352,r10i1p1f1,2076,03,13,2.4365317150161565,13.083639,5.4345727,2076
22353,r10i1p1f1,2076,03,14,0.0,17.393385,2.9429467,2076
22354,r10i1p1f1,2076,03,15,31.28902189905363,14.737676,6.65544,2076
22355,r10i1p1f1,2076,03,16,7.799267041723636,12.430985,3.9490573,2076
22356,r10i1p1f1,2076,03,17,38.692676716508636,11.009495,4.463441,2076
22357,r10i1p1f1,2076,03,18,4.710914356876042,10.5486145,2.7792804,2076
22358,r10i1p1f1,2076,03,19,2.376759033320827,11.573807,2.465363,2076
22359,r10i1p1f1,2076,03,20,6.65610964362809,10.494746,4.6405067,2076
22360,r10i1p1f1,2076,03,21,16.1108042064466,10.492457,3.1264536,2076
22361,r10i1p1f1,2076,03,22,8.53890487823695,10.674226,2.5406153,2076
22362,r10i1p1f1,2076,03,23,1.496155381863374,10.798424,1.5448546,2076
22363,r10i1p1f1,2076,03,24,0.0,12.751293,0.4283327,2076
22364,r10i1p1f1,2076,03,25,1.6307296786898835,13.67338,2.5236945,2076
22365,r10i1p1f1,2076,03,26,8.325441331774192,13.93034,0.6785188,2076
22366,r10i1p1f1,2076,03,27,0.9828256699620397,15.784541,3.9333415,2076
22367,r10i1p1f1,2076,03,28,2.9484837783935576,14.603671,3.3945847,2076
22368,r10i1p1f1,2076,03,29,7.786639815573213,16.821709,8.839853,2076
22369,r10i1p1f1,2076,03,30,0.0,21.985653,9.069386,2076
22370,r10i1p1f1,2076,03,31,0.0,28.337744,9.27369,2076
22371,r10i1p1f1,2076,04,01,0.0,27.754663,14.358185,2076
22372,r10i1p1f1,2076,04,02,0.0,29.903114,12.094098,2076
22373,r10i1p1f1,2076,04,03,0.0,29.78258,15.147048,2076
22374,r10i1p1f1,2076,04,04,9.475068372098336,18.559996,5.227654,2076
22375,r10i1p1f1,2076,04,05,0.0,18.771254,4.5731387,2076
22376,r10i1p1f1,2076,04,06,0.40758912920002904,18.136152,6.6513686,2076
22377,r10i1p1f1,2076,04,07,0.0,19.763172,6.453218,2076
22378,r10i1p1f1,2076,04,08,41.5887140037835,17.80505,6.149537,2076
22379,r10i1p1f1,2076,04,09,11.257467798522589,11.532495,3.5168529,2076
22380,r10i1p1f1,2076,04,10,0.015102926198252183,16.78904,6.000735,2076
22381,r10i1p1f1,2076,04,11,0.0,17.443274,4.9332976,2076
22382,r10i1p1f1,2076,04,12,0.0,20.497478,4.571351,2076
22383,r10i1p1f1,2076,04,13,0.0,22.986536,6.6768317,2076
22384,r10i1p1f1,2076,04,14,0.0,22.591938,8.352385,2076
22385,r10i1p1f1,2076,04,15,0.0,21.594498,8.420267,2076
22386,r10i1p1f1,2076,04,16,0.0,17.590483,3.9738564,2076
22387,r10i1p1f1,2076,04,17,0.0,20.575638,5.077381,2076
22388,r10i1p1f1,2076,04,18,0.0,25.038177,9.515883,2076
22389,r10i1p1f1,2076,04,19,0.0,28.442694,13.405383,2076
22390,r10i1p1f1,2076,04,20,0.0,29.935411,13.832926,2076
22391,r10i1p1f1,2076,04,21,0.0,29.5422,14.754402,2076
22392,r10i1p1f1,2076,04,22,1.8522030833178418,23.87316,7.7382636,2076
22393,r10i1p1f1,2076,04,23,22.929035457721177,13.272336,4.528604,2076
22394,r10i1p1f1,2076,04,24,4.929770789251626,15.853358,5.451875,2076
22395,r10i1p1f1,2076,04,25,0.0,22.328253,5.5475454,2076
22396,r10i1p1f1,2076,04,26,0.0,24.232704,10.177308,2076
22397,r10i1p1f1,2076,04,27,0.0,23.8187,9.761352,2076
22398,r10i1p1f1,2076,04,28,0.0,21.016644,8.123651,2076
22399,r10i1p1f1,2076,04,29,0.0,18.45034,6.074979,2076
22400,r10i1p1f1,2076,04,30,0.0,21.544693,6.290356,2076
22401,r10i1p1f1,2076,05,01,0.0,20.836159,6.64895,2076
22402,r10i1p1f1,2076,05,02,0.0,18.085243,6.6063294,2076
22403,r10i1p1f1,2076,05,03,10.016421658771211,14.028727,1.4537187,2076
22404,r10i1p1f1,2076,05,04,0.3651737843663221,10.362857,3.1204448,2076
22405,r10i1p1f1,2076,05,05,0.0,20.57693,2.943909,2076
22406,r10i1p1f1,2076,05,06,0.0,24.696402,7.195914,2076
22407,r10i1p1f1,2076,05,07,0.0,24.6148,9.653485,2076
22408,r10i1p1f1,2076,05,08,3.80214185149127,20.59536,6.982532,2076
22409,r10i1p1f1,2076,05,09,2.187778556004847,15.979025,10.76661,2076
22410,r10i1p1f1,2076,05,10,6.472126658819003,14.601006,7.857309,2076
22411,r10i1p1f1,2076,05,11,0.006155295657088955,15.451387,2.9425268,2076
22412,r10i1p1f1,2076,05,12,7.420916327043271,9.025027,3.4378316,2076
22413,r10i1p1f1,2076,05,13,5.780638655079728,12.912641,2.2970722,2076
22414,r10i1p1f1,2076,05,14,4.122955242088497,18.404577,1.9805601,2076
22415,r10i1p1f1,2076,05,15,0.11593876620521003,21.127916,5.9918504,2076
22416,r10i1p1f1,2076,05,16,0.0,24.61811,8.911496,2076
22417,r10i1p1f1,2076,05,17,0.0,29.162752,11.157966,2076
22418,r10i1p1f1,2076,05,18,0.0,29.08537,14.74511,2076
22419,r10i1p1f1,2076,05,19,0.0,28.764048,13.707799,2076
22420,r10i1p1f1,2076,05,20,0.0,27.344656,10.815182,2076
22421,r10i1p1f1,2076,05,21,0.0,30.500526,13.235942,2076
22422,r10i1p1f1,2076,05,22,0.0,29.752804,14.255355,2076
22423,r10i1p1f1,2076,05,23,0.0,27.411541,10.961964,2076
22424,r10i1p1f1,2076,05,24,0.0,23.697365,9.3545065,2076
22425,r10i1p1f1,2076,05,25,0.6736263923621185,21.401876,9.97979,2076
22426,r10i1p1f1,2076,05,26,8.145381198234023,20.58461,8.94982,2076
22427,r10i1p1f1,2076,05,27,0.2018488194919069,27.021423,12.253911,2076
22428,r10i1p1f1,2076,05,28,0.0,28.181551,14.67229,2076
22429,r10i1p1f1,2076,05,29,0.0,27.33404,13.122385,2076
22430,r10i1p1f1,2076,05,30,0.0,28.963861,12.220003,2076
22431,r10i1p1f1,2076,05,31,0.0,30.242008,15.456055,2076
22432,r10i1p1f1,2076,06,01,0.0,31.447433,17.281673,2076
22433,r10i1p1f1,2076,06,02,0.0,36.015934,16.682528,2076
22434,r10i1p1f1,2076,06,03,0.0,34.764744,18.83354,2076
22435,r10i1p1f1,2076,06,04,0.0,31.53948,19.16363,2076
22436,r10i1p1f1,2076,06,05,0.0,32.11817,18.520874,2076
22437,r10i1p1f1,2076,06,06,0.0,33.956524,17.582918,2076
22438,r10i1p1f1,2076,06,07,0.0,32.864513,17.118717,2076
22439,r10i1p1f1,2076,06,08,0.0,31.691736,16.390457,2076
22440,r10i1p1f1,2076,06,09,0.0,31.255873,14.884292,2076
22441,r10i1p1f1,2076,06,10,0.0,30.230736,14.271261,2076
22442,r10i1p1f1,2076,06,11,0.0,27.26965,11.523816,2076
22443,r10i1p1f1,2076,06,12,3.1804796581387733,22.343784,6.6032705,2076
22444,r10i1p1f1,2076,06,13,15.29269082104867,16.69586,11.292169,2076
22445,r10i1p1f1,2076,06,14,0.7634370054646704,22.44523,10.433872,2076
22446,r10i1p1f1,2076,06,15,0.6907280012934567,29.61499,10.848385,2076
22447,r10i1p1f1,2076,06,16,0.0,33.28254,16.341415,2076
22448,r10i1p1f1,2076,06,17,0.0,36.06247,18.406052,2076
22449,r10i1p1f1,2076,06,18,0.0,36.416653,20.295546,2076
22450,r10i1p1f1,2076,06,19,0.0,34.698647,18.233068,2076
22451,r10i1p1f1,2076,06,20,0.0,39.1283,23.339865,2076
22452,r10i1p1f1,2076,06,21,0.0,39.339966,22.705309,2076
22453,r10i1p1f1,2076,06,22,0.18173951539210975,35.345108,20.181776,2076
22454,r10i1p1f1,2076,06,23,0.0,37.80542,22.491556,2076
22455,r10i1p1f1,2076,06,24,0.0,37.09899,20.895613,2076
22456,r10i1p1f1,2076,06,25,0.0,31.19864,15.365003,2076
22457,r10i1p1f1,2076,06,26,0.0,32.60258,15.06286,2076
22458,r10i1p1f1,2076,06,27,0.0,32.27784,18.375809,2076
22459,r10i1p1f1,2076,06,28,0.0,30.329857,14.421913,2076
22460,r10i1p1f1,2076,06,29,3.8190228455948128,20.551231,7.8873076,2076
22461,r10i1p1f1,2076,06,30,0.0,27.53742,10.6942425,2076
22462,r10i1p1f1,2076,07,01,0.0,32.019993,14.262146,2076
22463,r10i1p1f1,2076,07,02,0.0,31.62475,13.841412,2076
22464,r10i1p1f1,2076,07,03,0.0,30.977718,13.935143,2076
22465,r10i1p1f1,2076,07,04,0.0,33.689148,15.278196,2076
22466,r10i1p1f1,2076,07,05,0.0,31.731441,17.591646,2076
22467,r10i1p1f1,2076,07,06,0.0,31.06163,16.054083,2076
22468,r10i1p1f1,2076,07,07,0.0,33.498928,18.539562,2076
22469,r10i1p1f1,2076,07,08,0.0,33.32031,16.841488,2076
22470,r10i1p1f1,2076,07,09,0.0,32.478962,16.321291,2076
22471,r10i1p1f1,2076,07,10,0.0,30.629736,15.224246,2076
22472,r10i1p1f1,2076,07,11,0.0,29.330318,13.725846,2076
22473,r10i1p1f1,2076,07,12,0.0,28.805984,12.94225,2076
22474,r10i1p1f1,2076,07,13,0.0,29.42733,12.425272,2076
22475,r10i1p1f1,2076,07,14,0.0,32.451427,15.554871,2076
22476,r10i1p1f1,2076,07,15,0.0,35.212955,17.919142,2076
22477,r10i1p1f1,2076,07,16,0.0,35.122448,18.522831,2076
22478,r10i1p1f1,2076,07,17,0.0,35.506176,17.458166,2076
22479,r10i1p1f1,2076,07,18,0.0,37.37082,19.915443,2076
22480,r10i1p1f1,2076,07,19,0.0,37.634148,18.86648,2076
22481,r10i1p1f1,2076,07,20,0.0,40.49148,23.025719,2076
22482,r10i1p1f1,2076,07,21,0.0,39.58196,22.037714,2076
22483,r10i1p1f1,2076,07,22,0.0,37.580784,19.407495,2076
22484,r10i1p1f1,2076,07,23,0.0,37.787193,20.265385,2076
22485,r10i1p1f1,2076,07,24,0.0,37.514168,20.769754,2076
22486,r10i1p1f1,2076,07,25,0.0,36.451103,19.097109,2076
22487,r10i1p1f1,2076,07,26,0.0,35.241405,17.996567,2076
22488,r10i1p1f1,2076,07,27,0.0,35.43285,16.797369,2076
22489,r10i1p1f1,2076,07,28,0.0,35.040348,17.838785,2076
22490,r10i1p1f1,2076,07,29,0.0,31.352137,14.044373,2076
22491,r10i1p1f1,2076,07,30,0.0,31.030066,14.004991,2076
22492,r10i1p1f1,2076,07,31,0.0,32.02691,15.371012,2076
22493,r10i1p1f1,2076,08,01,0.0,32.565292,15.573723,2076
22494,r10i1p1f1,2076,08,02,0.0,33.656914,16.112278,2076
22495,r10i1p1f1,2076,08,03,0.0,32.83093,15.610379,2076
22496,r10i1p1f1,2076,08,04,0.0,29.693867,13.451829,2076
22497,r10i1p1f1,2076,08,05,0.0,32.79074,13.055765,2076
22498,r10i1p1f1,2076,08,06,0.0,38.413692,19.360144,2076
22499,r10i1p1f1,2076,08,07,0.0,38.577682,20.85528,2076
22500,r10i1p1f1,2076,08,08,0.0,37.031483,20.045752,2076
22501,r10i1p1f1,2076,08,09,0.0,34.151943,18.374731,2076
22502,r10i1p1f1,2076,08,10,0.0,34.786922,17.299734,2076
22503,r10i1p1f1,2076,08,11,0.0,35.592655,17.752804,2076
22504,r10i1p1f1,2076,08,12,0.0,39.952137,21.642675,2076
22505,r10i1p1f1,2076,08,13,0.0,39.613693,22.873215,2076
22506,r10i1p1f1,2076,08,14,0.0,39.038403,22.709307,2076
22507,r10i1p1f1,2076,08,15,0.0,36.761154,21.06241,2076
22508,r10i1p1f1,2076,08,16,0.0,34.76192,20.177874,2076
22509,r10i1p1f1,2076,08,17,0.561255672026786,34.00564,17.998379,2076
22510,r10i1p1f1,2076,08,18,0.0,34.133217,18.045393,2076
22511,r10i1p1f1,2076,08,19,0.0,33.439,15.697765,2076
22512,r10i1p1f1,2076,08,20,0.0,32.700085,16.391403,2076
22513,r10i1p1f1,2076,08,21,0.0,33.569508,13.991584,2076
22514,r10i1p1f1,2076,08,22,0.0,35.82552,16.788033,2076
22515,r10i1p1f1,2076,08,23,0.0,38.97981,21.483423,2076
22516,r10i1p1f1,2076,08,24,0.009070973555786191,38.504383,23.181053,2076
22517,r10i1p1f1,2076,08,25,0.0,37.87493,22.790644,2076
22518,r10i1p1f1,2076,08,26,0.0,36.12769,19.910631,2076
22519,r10i1p1f1,2076,08,27,0.0,27.825323,12.475689,2076
22520,r10i1p1f1,2076,08,28,0.0,25.78653,9.477778,2076
22521,r10i1p1f1,2076,08,29,0.0,25.719143,7.497822,2076
22522,r10i1p1f1,2076,08,30,0.0,28.732853,10.403142,2076
22523,r10i1p1f1,2076,08,31,0.0,31.332201,12.950202,2076
22524,r10i1p1f1,2076,09,01,0.0,30.537743,13.439558,2076
22525,r10i1p1f1,2076,09,02,0.0,28.639118,13.111223,2076
22526,r10i1p1f1,2076,09,03,0.0,28.466469,13.554294,2076
22527,r10i1p1f1,2076,09,04,0.0,31.352947,12.948799,2076
22528,r10i1p1f1,2076,09,05,0.0,30.900452,12.407259,2076
22529,r10i1p1f1,2076,09,06,0.0,32.849934,14.996068,2076
22530,r10i1p1f1,2076,09,07,0.0,34.246838,16.703781,2076
22531,r10i1p1f1,2076,09,08,0.0,37.40119,19.313417,2076
22532,r10i1p1f1,2076,09,09,0.0,39.781227,21.842031,2076
22533,r10i1p1f1,2076,09,10,0.0,39.715363,23.042572,2076
22534,r10i1p1f1,2076,09,11,0.0,36.576942,21.821882,2076
22535,r10i1p1f1,2076,09,12,0.0,37.20458,21.793785,2076
22536,r10i1p1f1,2076,09,13,0.0,40.285397,22.830368,2076
22537,r10i1p1f1,2076,09,14,0.0,39.93425,23.170223,2076
22538,r10i1p1f1,2076,09,15,0.5857402828927374,38.04341,23.210749,2076
22539,r10i1p1f1,2076,09,16,91.59151923131982,25.49192,13.156412,2076
22540,r10i1p1f1,2076,09,17,0.0,29.760164,13.561871,2076
22541,r10i1p1f1,2076,09,18,0.0,31.475267,18.418604,2076
22542,r10i1p1f1,2076,09,19,13.269502711045789,34.88696,21.680819,2076
22543,r10i1p1f1,2076,09,20,0.0,32.00634,18.371517,2076
22544,r10i1p1f1,2076,09,21,0.0,31.453955,17.121113,2076
22545,r10i1p1f1,2076,09,22,0.0,25.788792,11.823607,2076
22546,r10i1p1f1,2076,09,23,0.0,25.867954,11.032336,2076
22547,r10i1p1f1,2076,09,24,0.0,27.809355,10.608384,2076
22548,r10i1p1f1,2076,09,25,0.0,31.73931,14.603365,2076
22549,r10i1p1f1,2076,09,26,0.0,33.629223,17.637615,2076
22550,r10i1p1f1,2076,09,27,0.0,33.18445,17.460695,2076
22551,r10i1p1f1,2076,09,28,0.0,33.63857,17.873178,2076
22552,r10i1p1f1,2076,09,29,0.0,32.824722,17.707697,2076
22553,r10i1p1f1,2076,09,30,0.0,24.858028,12.564762,2076
22554,r10i1p1f1,2076,10,01,0.9289802706533872,25.569769,13.472775,2076
22555,r10i1p1f1,2076,10,02,0.0,22.693804,7.962902,2076
22556,r10i1p1f1,2076,10,03,0.0,27.577631,10.836691,2076
22557,r10i1p1f1,2076,10,04,0.0,28.012272,11.647971,2076
22558,r10i1p1f1,2076,10,05,0.0,27.403028,10.820477,2076
22559,r10i1p1f1,2076,10,06,0.0,29.395733,13.0028,2076
22560,r10i1p1f1,2076,10,07,0.0,30.964872,14.754829,2076
22561,r10i1p1f1,2076,10,08,0.0,33.797348,16.789461,2076
22562,r10i1p1f1,2076,10,09,0.0,32.851284,16.724215,2076
22563,r10i1p1f1,2076,10,10,0.0,28.42534,14.326933,2076
22564,r10i1p1f1,2076,10,11,0.0,27.931622,13.329719,2076
22565,r10i1p1f1,2076,10,12,0.0,27.378504,13.824815,2076
22566,r10i1p1f1,2076,10,13,0.0,27.40771,13.336249,2076
22567,r10i1p1f1,2076,10,14,0.0,29.506372,15.325115,2076
22568,r10i1p1f1,2076,10,15,0.0,31.968502,16.97186,2076
22569,r10i1p1f1,2076,10,16,0.0,29.72599,14.565808,2076
22570,r10i1p1f1,2076,10,17,0.0,28.779902,14.891992,2076
22571,r10i1p1f1,2076,10,18,0.0,29.126282,14.918307,2076
22572,r10i1p1f1,2076,10,19,0.0,28.24016,14.065453,2076
22573,r10i1p1f1,2076,10,20,0.0,27.457087,13.941439,2076
22574,r10i1p1f1,2076,10,21,0.1914375445171333,22.213217,9.686735,2076
22575,r10i1p1f1,2076,10,22,0.0,22.294502,10.092424,2076
22576,r10i1p1f1,2076,10,23,0.0,27.154312,11.91944,2076
22577,r10i1p1f1,2076,10,24,0.0,27.31004,14.633878,2076
22578,r10i1p1f1,2076,10,25,0.22486013233566682,28.106403,15.351511,2076
22579,r10i1p1f1,2076,10,26,9.431049500677833,25.576912,12.529929,2076
22580,r10i1p1f1,2076,10,27,2.4483213114236655,22.498217,10.1908865,2076
22581,r10i1p1f1,2076,10,28,0.0,24.103727,9.016739,2076
22582,r10i1p1f1,2076,10,29,0.0,26.433134,9.769866,2076
22583,r10i1p1f1,2076,10,30,0.0,26.236834,13.020538,2076
22584,r10i1p1f1,2076,10,31,5.358797042285197,23.241856,13.612141,2076
22585,r10i1p1f1,2076,11,01,0.0,24.295235,10.846677,2076
22586,r10i1p1f1,2076,11,02,0.0,24.14006,11.020748,2076
22587,r10i1p1f1,2076,11,03,0.17491463250304437,25.92288,13.172672,2076
22588,r10i1p1f1,2076,11,04,0.18062190466528255,21.787315,12.271441,2076
22589,r10i1p1f1,2076,11,05,0.19097132695893188,19.953985,8.466429,2076
22590,r10i1p1f1,2076,11,06,0.8337851200562191,19.400248,6.4415474,2076
22591,r10i1p1f1,2076,11,07,0.0,19.63907,8.4621,2076
22592,r10i1p1f1,2076,11,08,21.30501546688672,19.459085,8.1173,2076
22593,r10i1p1f1,2076,11,09,0.6110545681143489,14.861285,7.0260224,2076
22594,r10i1p1f1,2076,11,10,17.739426771999877,13.863192,7.927164,2076
22595,r10i1p1f1,2076,11,11,11.486545623713601,12.932489,6.262485,2076
22596,r10i1p1f1,2076,11,12,0.03550836807239408,17.45105,3.3557198,2076
22597,r10i1p1f1,2076,11,13,0.0,19.161097,2.4802403,2076
22598,r10i1p1f1,2076,11,14,0.0,21.114616,5.063414,2076
22599,r10i1p1f1,2076,11,15,0.2198212603640346,22.035246,10.013233,2076
22600,r10i1p1f1,2076,11,16,30.196505058005354,14.910025,8.644826,2076
22601,r10i1p1f1,2076,11,17,52.84248027631915,13.99919,8.023183,2076
22602,r10i1p1f1,2076,11,18,39.953653119185844,15.627705,8.934113,2076
22603,r10i1p1f1,2076,11,19,4.068513316202657,12.655551,6.2009315,2076
22604,r10i1p1f1,2076,11,20,8.281700322511728,15.791022,7.0506263,2076
22605,r10i1p1f1,2076,11,21,5.733171857374193,16.300646,11.326231,2076
22606,r10i1p1f1,2076,11,22,0.0,16.832664,4.435894,2076
22607,r10i1p1f1,2076,11,23,0.0,18.687037,2.895348,2076
22608,r10i1p1f1,2076,11,24,0.0,20.140581,6.574697,2076
22609,r10i1p1f1,2076,11,25,0.0,21.914768,7.9043274,2076
22610,r10i1p1f1,2076,11,26,0.0,20.80217,9.117539,2076
22611,r10i1p1f1,2076,11,27,0.0,19.472862,6.595992,2076
22612,r10i1p1f1,2076,11,28,0.0,19.297522,7.6625533,2076
22613,r10i1p1f1,2076,11,29,0.0,15.152729,3.2623205,2076
22614,r10i1p1f1,2076,11,30,0.0,14.5585,3.261355,2076
22615,r10i1p1f1,2076,12,01,0.0,17.237978,5.491545,2076
22616,r10i1p1f1,2076,12,02,0.0,15.687842,5.799811,2076
22617,r10i1p1f1,2076,12,03,0.0,17.609137,6.9843655,2076
22618,r10i1p1f1,2076,12,04,8.98522823749533,17.689548,6.7292585,2076
22619,r10i1p1f1,2076,12,05,37.996242733941855,12.85538,6.894062,2076
22620,r10i1p1f1,2076,12,06,40.003524859218345,15.50993,9.044248,2076
22621,r10i1p1f1,2076,12,07,0.0,16.224646,3.2393355,2076
22622,r10i1p1f1,2076,12,08,12.927711620010852,12.559091,4.196276,2076
22623,r10i1p1f1,2076,12,09,4.056921449649197,12.193967,4.9914613,2076
22624,r10i1p1f1,2076,12,10,31.585647305780043,12.567099,8.230135,2076
22625,r10i1p1f1,2076,12,11,0.0,15.473193,4.595106,2076
22626,r10i1p1f1,2076,12,12,0.0,17.762558,5.540133,2076
22627,r10i1p1f1,2076,12,13,0.0,21.255396,7.932331,2076
22628,r10i1p1f1,2076,12,14,0.0,22.003782,9.339741,2076
22629,r10i1p1f1,2076,12,15,0.0,22.142563,9.665522,2076
22630,r10i1p1f1,2076,12,16,0.0,20.51576,9.218869,2076
22631,r10i1p1f1,2076,12,17,0.0,21.002731,10.894313,2076
22632,r10i1p1f1,2076,12,18,0.973987069064127,19.943052,9.72574,2076
22633,r10i1p1f1,2076,12,19,3.365367988872573,13.035081,9.415436,2076
22634,r10i1p1f1,2076,12,20,0.0,17.883265,6.008896,2076
22635,r10i1p1f1,2076,12,21,0.0,16.798374,7.2408104,2076
22636,r10i1p1f1,2076,12,22,23.397909677709993,13.787067,7.1295495,2076
22637,r10i1p1f1,2076,12,23,38.52559794383859,12.200378,5.0818577,2076
22638,r10i1p1f1,2076,12,24,13.085569454798181,8.530262,2.8882082,2076
22639,r10i1p1f1,2076,12,25,36.55758696289635,7.6597056,1.8249642,2076
22640,r10i1p1f1,2076,12,26,0.5454954271140435,7.45122,0.76428545,2076
22641,r10i1p1f1,2076,12,27,0.0,11.044466,-1.2923954,2076
22642,r10i1p1f1,2076,12,28,0.003208898211233035,10.643561,-1.7180402,2076
22643,r10i1p1f1,2076,12,29,19.320024795965047,7.100918,2.119933,2076
22644,r10i1p1f1,2076,12,30,23.30833305053315,6.7646403,2.732703,2076
22645,r10i1p1f1,2076,12,31,2.8368963499145283,7.4877334,1.0733492,2076
22646,r10i1p1f1,2077,01,01,5.448194785157955,8.155606,0.7907825,2077
22647,r10i1p1f1,2077,01,02,69.00385427472524,12.775505,1.5171521,2077
22648,r10i1p1f1,2077,01,03,50.46101650039322,16.482084,11.460588,2077
22649,r10i1p1f1,2077,01,04,41.82190656245343,17.330774,7.2317786,2077
22650,r10i1p1f1,2077,01,05,38.176332492271044,12.884256,7.3420644,2077
22651,r10i1p1f1,2077,01,06,9.773627180938524,11.127453,4.9676127,2077
22652,r10i1p1f1,2077,01,07,38.855928047498885,11.072879,5.4248834,2077
22653,r10i1p1f1,2077,01,08,62.38858947977669,18.369127,9.922028,2077
22654,r10i1p1f1,2077,01,09,2.4381509097703487,16.729717,5.4705477,2077
22655,r10i1p1f1,2077,01,10,0.0,11.5406275,1.3656663,2077
22656,r10i1p1f1,2077,01,11,0.0,13.993211,0.9718433,2077
22657,r10i1p1f1,2077,01,12,0.0,14.490411,2.2799969,2077
22658,r10i1p1f1,2077,01,13,0.0,19.145731,8.290486,2077
22659,r10i1p1f1,2077,01,14,0.0,20.020859,10.434439,2077
22660,r10i1p1f1,2077,01,15,0.00808008521026319,16.85125,10.799298,2077
22661,r10i1p1f1,2077,01,16,37.408813483106265,12.702827,3.3151417,2077
22662,r10i1p1f1,2077,01,17,0.0,11.898783,1.8826545,2077
22663,r10i1p1f1,2077,01,18,0.0,13.708104,0.6533133,2077
22664,r10i1p1f1,2077,01,19,28.596770201999647,8.595561,3.2131805,2077
22665,r10i1p1f1,2077,01,20,17.506198031735135,8.46635,2.5635543,2077
22666,r10i1p1f1,2077,01,21,7.98023179074191,10.228778,0.43118325,2077
22667,r10i1p1f1,2077,01,22,0.0,13.099101,0.51320004,2077
22668,r10i1p1f1,2077,01,23,0.0,14.203215,0.7082391,2077
22669,r10i1p1f1,2077,01,24,0.0,17.539528,1.7276913,2077
22670,r10i1p1f1,2077,01,25,0.0,14.1590605,3.1383967,2077
22671,r10i1p1f1,2077,01,26,1.855440294735002,11.707386,6.0794144,2077
22672,r10i1p1f1,2077,01,27,0.0,15.023827,5.6765685,2077
22673,r10i1p1f1,2077,01,28,0.0,16.224066,4.457028,2077
22674,r10i1p1f1,2077,01,29,5.202445785490502,15.745345,7.3331285,2077
22675,r10i1p1f1,2077,01,30,0.0,18.09946,6.5017185,2077
22676,r10i1p1f1,2077,01,31,0.0,16.63209,6.7686872,2077
22677,r10i1p1f1,2077,02,01,1.5198917969799273,16.462095,8.410116,2077
22678,r10i1p1f1,2077,02,02,0.0,16.519854,4.809358,2077
22679,r10i1p1f1,2077,02,03,9.252249113418848,17.995857,8.874957,2077
22680,r10i1p1f1,2077,02,04,0.0,18.758644,5.962068,2077
22681,r10i1p1f1,2077,02,05,12.116706131583717,14.13336,9.390841,2077
22682,r10i1p1f1,2077,02,06,34.45764105142045,15.018386,6.8441973,2077
22683,r10i1p1f1,2077,02,07,14.852136663792312,13.451541,3.4768624,2077
22684,r10i1p1f1,2077,02,08,5.164564990938839,13.398984,4.254063,2077
22685,r10i1p1f1,2077,02,09,20.04822511762062,9.200696,3.7262428,2077
22686,r10i1p1f1,2077,02,10,5.6270890974127195,8.528563,4.051133,2077
22687,r10i1p1f1,2077,02,11,0.06507695625259657,13.365551,3.9304738,2077
22688,r10i1p1f1,2077,02,12,0.8352777448683475,15.177688,4.9998546,2077
22689,r10i1p1f1,2077,02,13,18.38242950493862,13.464064,5.7554893,2077
22690,r10i1p1f1,2077,02,14,0.28491430145047497,12.440715,4.1367188,2077
22691,r10i1p1f1,2077,02,15,0.0,13.352218,3.6849518,2077
22692,r10i1p1f1,2077,02,16,0.0,14.916811,1.3807869,2077
22693,r10i1p1f1,2077,02,17,28.267827235762716,12.601871,4.450476,2077
22694,r10i1p1f1,2077,02,18,44.43829132957801,13.952818,5.5519414,2077
22695,r10i1p1f1,2077,02,19,11.322326427953636,13.646067,5.4147115,2077
22696,r10i1p1f1,2077,02,20,49.52623718969622,14.936199,3.8670967,2077
22697,r10i1p1f1,2077,02,21,11.018203202136073,8.879005,4.1515,2077
22698,r10i1p1f1,2077,02,22,41.216035853568954,14.915408,3.7361457,2077
22699,r10i1p1f1,2077,02,23,10.91871790734953,14.377583,4.806842,2077
22700,r10i1p1f1,2077,02,24,8.309923391253074,16.124304,8.677056,2077
22701,r10i1p1f1,2077,02,25,34.232031466825376,15.452338,4.640576,2077
22702,r10i1p1f1,2077,02,26,0.0,12.1572895,2.4024851,2077
22703,r10i1p1f1,2077,02,27,0.0,15.794088,3.4965267,2077
22704,r10i1p1f1,2077,02,28,0.0,17.784966,3.4158447,2077
22705,r10i1p1f1,2077,03,01,0.0,19.040602,3.1418867,2077
22706,r10i1p1f1,2077,03,02,0.0,18.361094,3.6457527,2077
22707,r10i1p1f1,2077,03,03,0.0,16.42278,2.650412,2077
22708,r10i1p1f1,2077,03,04,1.7750109286153977,13.054372,5.391041,2077
22709,r10i1p1f1,2077,03,05,0.0,15.580956,3.0898764,2077
22710,r10i1p1f1,2077,03,06,0.0,15.692127,1.0727581,2077
22711,r10i1p1f1,2077,03,07,3.313708504049971,13.721018,2.9130743,2077
22712,r10i1p1f1,2077,03,08,0.0,14.754125,0.6409157,2077
22713,r10i1p1f1,2077,03,09,0.0,15.036613,2.003194,2077
22714,r10i1p1f1,2077,03,10,14.541135328794265,11.843923,3.8950195,2077
22715,r10i1p1f1,2077,03,11,14.326219356275702,11.550544,3.1779096,2077
22716,r10i1p1f1,2077,03,12,1.3508452396452317,13.86453,3.6965268,2077
22717,r10i1p1f1,2077,03,13,0.0,12.967462,0.12308201,2077
22718,r10i1p1f1,2077,03,14,0.0,15.355077,1.5318339,2077
22719,r10i1p1f1,2077,03,15,0.0,16.716585,3.238855,2077
22720,r10i1p1f1,2077,03,16,0.0,16.399446,1.8380473,2077
22721,r10i1p1f1,2077,03,17,0.0,17.188143,5.3452644,2077
22722,r10i1p1f1,2077,03,18,0.0,20.722662,6.5541916,2077
22723,r10i1p1f1,2077,03,19,0.0,22.239502,8.207444,2077
22724,r10i1p1f1,2077,03,20,0.0,23.467497,9.586707,2077
22725,r10i1p1f1,2077,03,21,0.0,23.0314,9.054441,2077
22726,r10i1p1f1,2077,03,22,2.302988821822127,20.40937,8.225258,2077
22727,r10i1p1f1,2077,03,23,0.0,23.113808,9.233083,2077
22728,r10i1p1f1,2077,03,24,0.0,25.1817,9.969469,2077
22729,r10i1p1f1,2077,03,25,0.08648819716893884,24.916933,10.081294,2077
22730,r10i1p1f1,2077,03,26,0.0,21.377487,7.5424967,2077
22731,r10i1p1f1,2077,03,27,0.0,20.912992,6.328586,2077
22732,r10i1p1f1,2077,03,28,0.0,21.70771,6.9593024,2077
22733,r10i1p1f1,2077,03,29,0.0,23.873285,7.572239,2077
22734,r10i1p1f1,2077,03,30,0.0,22.83916,5.8292565,2077
22735,r10i1p1f1,2077,03,31,2.9560539916928974,20.366205,6.3753605,2077
22736,r10i1p1f1,2077,04,01,44.7344122050134,17.924349,9.351588,2077
22737,r10i1p1f1,2077,04,02,41.221537743082365,16.744473,11.26663,2077
22738,r10i1p1f1,2077,04,03,0.37016518137151205,21.411097,3.58837,2077
22739,r10i1p1f1,2077,04,04,0.0,20.44448,7.109957,2077
22740,r10i1p1f1,2077,04,05,14.155716962168777,17.477354,9.398379,2077
22741,r10i1p1f1,2077,04,06,0.4284501359231734,16.96394,4.80736,2077
22742,r10i1p1f1,2077,04,07,0.0,18.524298,5.4535074,2077
22743,r10i1p1f1,2077,04,08,0.0,22.302994,6.1830635,2077
22744,r10i1p1f1,2077,04,09,0.0,25.596884,8.054047,2077
22745,r10i1p1f1,2077,04,10,0.0,26.273268,9.853807,2077
22746,r10i1p1f1,2077,04,11,0.0,28.032907,12.164428,2077
22747,r10i1p1f1,2077,04,12,0.0,26.31381,13.074134,2077
22748,r10i1p1f1,2077,04,13,0.0,22.437988,7.959908,2077
22749,r10i1p1f1,2077,04,14,0.0,25.782532,9.395001,2077
22750,r10i1p1f1,2077,04,15,0.0,27.739721,11.128308,2077
22751,r10i1p1f1,2077,04,16,0.0,30.822914,12.951443,2077
22752,r10i1p1f1,2077,04,17,0.0,30.515001,15.168489,2077
22753,r10i1p1f1,2077,04,18,9.876012078204536,21.206066,7.5122786,2077
22754,r10i1p1f1,2077,04,19,18.76724542709876,15.138498,7.388924,2077
22755,r10i1p1f1,2077,04,20,0.0,18.335382,5.4249372,2077
22756,r10i1p1f1,2077,04,21,0.0,17.197842,6.2176867,2077
22757,r10i1p1f1,2077,04,22,4.909654775062671,15.609891,6.088543,2077
22758,r10i1p1f1,2077,04,23,6.327332772582993,19.58269,6.737711,2077
22759,r10i1p1f1,2077,04,24,0.0,20.973753,7.1017823,2077
22760,r10i1p1f1,2077,04,25,2.175083437472686,19.50032,7.286432,2077
22761,r10i1p1f1,2077,04,26,1.7280628207702733,15.139592,5.0366025,2077
22762,r10i1p1f1,2077,04,27,0.0,18.48955,5.6155057,2077
22763,r10i1p1f1,2077,04,28,0.0,16.705156,4.171922,2077
22764,r10i1p1f1,2077,04,29,0.0,19.047915,5.876036,2077
22765,r10i1p1f1,2077,04,30,1.3151251449184393,17.899649,4.4206147,2077
22766,r10i1p1f1,2077,05,01,16.54629045377461,16.241083,7.9448304,2077
22767,r10i1p1f1,2077,05,02,6.545715831031741,17.549353,7.7613463,2077
22768,r10i1p1f1,2077,05,03,0.0,21.1677,6.9482045,2077
22769,r10i1p1f1,2077,05,04,12.671337204339675,19.937304,9.1601925,2077
22770,r10i1p1f1,2077,05,05,3.7788568575161947,19.036064,7.8376527,2077
22771,r10i1p1f1,2077,05,06,0.0,18.566092,7.2474494,2077
22772,r10i1p1f1,2077,05,07,0.0,22.310339,6.994697,2077
22773,r10i1p1f1,2077,05,08,0.0,21.327694,9.125082,2077
22774,r10i1p1f1,2077,05,09,4.815228516312537,18.86764,4.7036524,2077
22775,r10i1p1f1,2077,05,10,19.45127226017097,17.268871,7.336278,2077
22776,r10i1p1f1,2077,05,11,0.23692366498595985,22.027016,6.641558,2077
22777,r10i1p1f1,2077,05,12,0.0,26.048264,9.316249,2077
22778,r10i1p1f1,2077,05,13,0.0,25.96743,10.443703,2077
22779,r10i1p1f1,2077,05,14,0.0,21.84723,8.722365,2077
22780,r10i1p1f1,2077,05,15,0.0,23.152494,7.9720187,2077
22781,r10i1p1f1,2077,05,16,0.0,23.160208,10.724853,2077
22782,r10i1p1f1,2077,05,17,0.0,26.586115,8.705829,2077
22783,r10i1p1f1,2077,05,18,0.0,26.339409,11.123518,2077
22784,r10i1p1f1,2077,05,19,0.0,22.494722,9.588601,2077
22785,r10i1p1f1,2077,05,20,0.4625030165052043,21.016943,7.4333305,2077
22786,r10i1p1f1,2077,05,21,0.0,26.794025,10.808942,2077
22787,r10i1p1f1,2077,05,22,0.02796196448750714,25.23731,10.81352,2077
22788,r10i1p1f1,2077,05,23,0.0,24.865402,9.950324,2077
22789,r10i1p1f1,2077,05,24,0.0,25.084772,9.040051,2077
22790,r10i1p1f1,2077,05,25,0.0,23.820103,8.636839,2077
22791,r10i1p1f1,2077,05,26,0.015448013810800819,18.672213,4.9979506,2077
22792,r10i1p1f1,2077,05,27,9.260492853565282,15.0372715,4.84742,2077
22793,r10i1p1f1,2077,05,28,20.671732152435364,15.07286,3.099868,2077
22794,r10i1p1f1,2077,05,29,0.021850296817367627,21.518324,5.8808446,2077
22795,r10i1p1f1,2077,05,30,1.779668597201204,22.8087,7.18741,2077
22796,r10i1p1f1,2077,05,31,0.00218965868426542,26.893505,10.74205,2077
22797,r10i1p1f1,2077,06,01,0.0,25.309298,10.653125,2077
22798,r10i1p1f1,2077,06,02,0.0,27.560114,11.450716,2077
22799,r10i1p1f1,2077,06,03,4.034958239600727,21.400723,7.6638722,2077
22800,r10i1p1f1,2077,06,04,0.06557959773808282,23.681114,10.82708,2077
22801,r10i1p1f1,2077,06,05,0.0,28.379047,12.258102,2077
22802,r10i1p1f1,2077,06,06,0.0,28.951693,13.875476,2077
22803,r10i1p1f1,2077,06,07,0.0,26.543869,12.628559,2077
22804,r10i1p1f1,2077,06,08,0.0,20.489067,9.097872,2077
22805,r10i1p1f1,2077,06,09,1.240311501954382,18.609507,6.785312,2077
22806,r10i1p1f1,2077,06,10,0.0,25.971987,8.436516,2077
22807,r10i1p1f1,2077,06,11,0.0,31.117554,15.250197,2077
22808,r10i1p1f1,2077,06,12,0.0,34.918793,17.564161,2077
22809,r10i1p1f1,2077,06,13,0.0,36.88226,20.208874,2077
22810,r10i1p1f1,2077,06,14,0.0,37.094677,21.17425,2077
22811,r10i1p1f1,2077,06,15,0.0,34.900555,19.974573,2077
22812,r10i1p1f1,2077,06,16,0.0,33.85162,19.102472,2077
22813,r10i1p1f1,2077,06,17,0.0,36.40865,20.873726,2077
22814,r10i1p1f1,2077,06,18,0.0,37.106743,22.327408,2077
22815,r10i1p1f1,2077,06,19,0.0,36.02144,20.909082,2077
22816,r10i1p1f1,2077,06,20,0.0,34.819054,20.081732,2077
22817,r10i1p1f1,2077,06,21,0.0,32.868275,18.588707,2077
22818,r10i1p1f1,2077,06,22,0.0,30.320145,17.216991,2077
22819,r10i1p1f1,2077,06,23,0.0,29.811651,16.00167,2077
22820,r10i1p1f1,2077,06,24,0.0,29.762577,16.18633,2077
22821,r10i1p1f1,2077,06,25,0.0,34.41676,17.785486,2077
22822,r10i1p1f1,2077,06,26,0.0,36.711704,21.60968,2077
22823,r10i1p1f1,2077,06,27,0.0,36.971096,21.710665,2077
22824,r10i1p1f1,2077,06,28,0.0,35.6398,20.130987,2077
22825,r10i1p1f1,2077,06,29,0.0,33.602814,19.154543,2077
22826,r10i1p1f1,2077,06,30,0.0,30.53102,15.001147,2077
22827,r10i1p1f1,2077,07,01,0.0,28.26902,13.378338,2077
22828,r10i1p1f1,2077,07,02,0.0,29.289078,13.745228,2077
22829,r10i1p1f1,2077,07,03,0.0,29.817839,13.924376,2077
22830,r10i1p1f1,2077,07,04,0.0,29.622658,13.488044,2077
22831,r10i1p1f1,2077,07,05,0.0,31.39731,14.188131,2077
22832,r10i1p1f1,2077,07,06,0.0,31.89956,15.339292,2077
22833,r10i1p1f1,2077,07,07,0.0,31.15995,14.948845,2077
22834,r10i1p1f1,2077,07,08,0.8950019290511447,28.961502,12.814566,2077
22835,r10i1p1f1,2077,07,09,0.7421616233362951,29.557734,14.568292,2077
22836,r10i1p1f1,2077,07,10,0.2512058138228512,29.919838,15.131335,2077
22837,r10i1p1f1,2077,07,11,0.0,31.336079,16.450504,2077
22838,r10i1p1f1,2077,07,12,0.0,35.042507,17.944864,2077
22839,r10i1p1f1,2077,07,13,0.0,36.67754,19.867579,2077
22840,r10i1p1f1,2077,07,14,0.050795672187201775,35.286938,17.769987,2077
22841,r10i1p1f1,2077,07,15,0.4765458724322295,34.549667,18.06039,2077
22842,r10i1p1f1,2077,07,16,1.022411084743094,34.330585,19.228653,2077
22843,r10i1p1f1,2077,07,17,0.051870267155831436,33.139584,19.70362,2077
22844,r10i1p1f1,2077,07,18,0.0,32.598362,17.907936,2077
22845,r10i1p1f1,2077,07,19,0.19918114611707433,33.674828,18.87273,2077
22846,r10i1p1f1,2077,07,20,0.0879295077251491,33.289738,18.236946,2077
22847,r10i1p1f1,2077,07,21,0.0,34.48911,18.754017,2077
22848,r10i1p1f1,2077,07,22,0.0,35.174953,18.010267,2077
22849,r10i1p1f1,2077,07,23,0.0,35.220547,17.456242,2077
22850,r10i1p1f1,2077,07,24,0.14819516629933405,34.450356,20.599136,2077
22851,r10i1p1f1,2077,07,25,0.0,36.426067,19.563473,2077
22852,r10i1p1f1,2077,07,26,0.0,37.266705,20.162245,2077
22853,r10i1p1f1,2077,07,27,0.0,36.263012,19.933352,2077
22854,r10i1p1f1,2077,07,28,0.0,36.448708,20.132036,2077
22855,r10i1p1f1,2077,07,29,0.0,36.04371,18.708187,2077
22856,r10i1p1f1,2077,07,30,0.0,35.935326,17.365381,2077
22857,r10i1p1f1,2077,07,31,0.0,38.014534,19.292196,2077
22858,r10i1p1f1,2077,08,01,0.0,37.00526,21.327126,2077
22859,r10i1p1f1,2077,08,02,0.0,35.983376,20.120495,2077
22860,r10i1p1f1,2077,08,03,0.0,34.718357,18.49479,2077
22861,r10i1p1f1,2077,08,04,0.0,33.600616,17.265163,2077
22862,r10i1p1f1,2077,08,05,0.0,34.24616,16.763245,2077
22863,r10i1p1f1,2077,08,06,0.0,33.042004,16.052505,2077
22864,r10i1p1f1,2077,08,07,0.0,30.857618,15.258664,2077
22865,r10i1p1f1,2077,08,08,0.0,30.47112,14.195439,2077
22866,r10i1p1f1,2077,08,09,0.0,30.16281,14.043614,2077
22867,r10i1p1f1,2077,08,10,0.0,28.282984,13.182826,2077
22868,r10i1p1f1,2077,08,11,0.0,27.45288,11.791421,2077
22869,r10i1p1f1,2077,08,12,0.0,28.508142,10.933154,2077
22870,r10i1p1f1,2077,08,13,0.0,32.193077,13.860988,2077
22871,r10i1p1f1,2077,08,14,0.0,34.254864,16.238695,2077
22872,r10i1p1f1,2077,08,15,0.0,35.199905,17.670134,2077
22873,r10i1p1f1,2077,08,16,0.0,34.731594,20.935022,2077
22874,r10i1p1f1,2077,08,17,0.0,36.551975,19.84161,2077
22875,r10i1p1f1,2077,08,18,0.0,35.147633,18.070435,2077
22876,r10i1p1f1,2077,08,19,0.0,38.604626,21.623323,2077
22877,r10i1p1f1,2077,08,20,0.0,39.189816,22.31815,2077
22878,r10i1p1f1,2077,08,21,0.0,39.18366,23.12963,2077
22879,r10i1p1f1,2077,08,22,0.0,38.11093,22.63699,2077
22880,r10i1p1f1,2077,08,23,0.0,37.498295,21.529116,2077
22881,r10i1p1f1,2077,08,24,0.0,33.72407,18.471573,2077
22882,r10i1p1f1,2077,08,25,0.0,33.00445,19.610804,2077
22883,r10i1p1f1,2077,08,26,0.0,32.787426,17.302862,2077
22884,r10i1p1f1,2077,08,27,0.0,34.770176,19.039116,2077
22885,r10i1p1f1,2077,08,28,0.0,37.081787,20.59535,2077
22886,r10i1p1f1,2077,08,29,0.0,37.977325,20.955992,2077
22887,r10i1p1f1,2077,08,30,0.0,36.44048,22.944773,2077
22888,r10i1p1f1,2077,08,31,0.0,34.849552,20.431128,2077
22889,r10i1p1f1,2077,09,01,0.0,33.60694,18.768839,2077
22890,r10i1p1f1,2077,09,02,0.0,33.757416,18.048681,2077
22891,r10i1p1f1,2077,09,03,0.0,35.047028,18.60472,2077
22892,r10i1p1f1,2077,09,04,0.0,34.850113,19.377745,2077
22893,r10i1p1f1,2077,09,05,0.0,37.13518,19.140614,2077
22894,r10i1p1f1,2077,09,06,0.0,36.687164,21.432796,2077
22895,r10i1p1f1,2077,09,07,0.0,34.783897,20.100538,2077
22896,r10i1p1f1,2077,09,08,0.0,34.954666,18.30143,2077
22897,r10i1p1f1,2077,09,09,0.0,35.236397,20.340506,2077
22898,r10i1p1f1,2077,09,10,0.0,37.030376,20.322493,2077
22899,r10i1p1f1,2077,09,11,0.0,38.96642,21.27578,2077
22900,r10i1p1f1,2077,09,12,0.0,38.61838,21.110102,2077
22901,r10i1p1f1,2077,09,13,0.0,36.989143,23.86122,2077
22902,r10i1p1f1,2077,09,14,0.0,35.793022,20.587074,2077
22903,r10i1p1f1,2077,09,15,0.0,35.685383,20.557245,2077
22904,r10i1p1f1,2077,09,16,0.0,35.16845,20.788664,2077
22905,r10i1p1f1,2077,09,17,0.0,31.264338,16.688515,2077
22906,r10i1p1f1,2077,09,18,0.0,22.943361,10.072873,2077
22907,r10i1p1f1,2077,09,19,0.0,23.315727,10.117014,2077
22908,r10i1p1f1,2077,09,20,0.0,24.463966,11.231131,2077
22909,r10i1p1f1,2077,09,21,0.0,25.458447,10.796318,2077
22910,r10i1p1f1,2077,09,22,0.0,24.924372,10.324399,2077
22911,r10i1p1f1,2077,09,23,0.0,28.237808,11.010648,2077
22912,r10i1p1f1,2077,09,24,0.0,34.646793,17.132893,2077
22913,r10i1p1f1,2077,09,25,0.0,37.761593,20.06524,2077
22914,r10i1p1f1,2077,09,26,0.0,38.805267,21.77479,2077
22915,r10i1p1f1,2077,09,27,0.0,39.76295,22.645622,2077
22916,r10i1p1f1,2077,09,28,0.0,40.638294,23.67009,2077
22917,r10i1p1f1,2077,09,29,0.0,39.628284,23.51568,2077
22918,r10i1p1f1,2077,09,30,0.0,38.21681,22.21757,2077
22919,r10i1p1f1,2077,10,01,0.0,36.96927,20.689438,2077
22920,r10i1p1f1,2077,10,02,0.0,38.04656,21.864529,2077
22921,r10i1p1f1,2077,10,03,0.0,37.51728,20.116137,2077
22922,r10i1p1f1,2077,10,04,0.0,33.202255,17.788929,2077
22923,r10i1p1f1,2077,10,05,0.0,32.348255,17.433172,2077
22924,r10i1p1f1,2077,10,06,0.0,30.00493,16.701376,2077
22925,r10i1p1f1,2077,10,07,0.0,28.519098,16.19221,2077
22926,r10i1p1f1,2077,10,08,0.0,25.740828,10.151812,2077
22927,r10i1p1f1,2077,10,09,0.0,26.24581,12.59541,2077
22928,r10i1p1f1,2077,10,10,0.0,25.731775,11.948499,2077
22929,r10i1p1f1,2077,10,11,0.0,23.698431,9.896037,2077
22930,r10i1p1f1,2077,10,12,0.0,19.696478,7.2465773,2077
22931,r10i1p1f1,2077,10,13,0.0,19.433151,7.3505425,2077
22932,r10i1p1f1,2077,10,14,0.0,20.87997,7.4059563,2077
22933,r10i1p1f1,2077,10,15,0.7858550245433243,22.046951,9.86216,2077
22934,r10i1p1f1,2077,10,16,2.7907321596725714,20.53858,13.96476,2077
22935,r10i1p1f1,2077,10,17,59.16596624363018,19.246689,11.039078,2077
22936,r10i1p1f1,2077,10,18,27.89845546511443,19.672636,12.131874,2077
22937,r10i1p1f1,2077,10,19,28.243281549198162,21.068787,15.108837,2077
22938,r10i1p1f1,2077,10,20,43.95921814629171,22.007849,15.855772,2077
22939,r10i1p1f1,2077,10,21,66.90788375103455,22.123398,15.788656,2077
22940,r10i1p1f1,2077,10,22,0.14890632072293605,20.142096,8.437682,2077
22941,r10i1p1f1,2077,10,23,0.0,19.168182,6.957361,2077
22942,r10i1p1f1,2077,10,24,0.0,21.360577,8.042715,2077
22943,r10i1p1f1,2077,10,25,0.0,22.000462,9.494275,2077
22944,r10i1p1f1,2077,10,26,0.0,22.38596,9.928393,2077
22945,r10i1p1f1,2077,10,27,5.956295251962729,22.757399,15.096651,2077
22946,r10i1p1f1,2077,10,28,0.14016592205351977,21.554789,9.4258375,2077
22947,r10i1p1f1,2077,10,29,3.103732318021158,22.49724,15.160077,2077
22948,r10i1p1f1,2077,10,30,0.47655479899109005,23.120195,9.747029,2077
22949,r10i1p1f1,2077,10,31,0.0,21.999496,8.799126,2077
22950,r10i1p1f1,2077,11,01,0.0,22.122482,9.877362,2077
22951,r10i1p1f1,2077,11,02,0.0,19.998196,8.547679,2077
22952,r10i1p1f1,2077,11,03,0.0,25.761309,7.757416,2077
22953,r10i1p1f1,2077,11,04,0.0,23.08058,7.259971,2077
22954,r10i1p1f1,2077,11,05,0.0,22.78818,9.498218,2077
22955,r10i1p1f1,2077,11,06,0.0,22.9683,9.815291,2077
22956,r10i1p1f1,2077,11,07,0.0,24.985712,11.290491,2077
22957,r10i1p1f1,2077,11,08,0.0,23.500557,10.688399,2077
22958,r10i1p1f1,2077,11,09,0.0,20.47392,8.04426,2077
22959,r10i1p1f1,2077,11,10,0.03139404197051925,20.091824,7.3541155,2077
22960,r10i1p1f1,2077,11,11,0.18800538263779967,17.0574,4.648685,2077
22961,r10i1p1f1,2077,11,12,0.0,16.853458,3.043579,2077
22962,r10i1p1f1,2077,11,13,0.0,16.139633,3.1206863,2077
22963,r10i1p1f1,2077,11,14,0.0,17.181238,4.1269283,2077
22964,r10i1p1f1,2077,11,15,3.094003777170273,17.059164,5.064249,2077
22965,r10i1p1f1,2077,11,16,0.3577226949561775,17.059126,4.134438,2077
22966,r10i1p1f1,2077,11,17,0.0,16.824097,3.2832437,2077
22967,r10i1p1f1,2077,11,18,0.0,17.218014,3.6028073,2077
22968,r10i1p1f1,2077,11,19,0.0,20.22157,3.1825342,2077
22969,r10i1p1f1,2077,11,20,0.0,18.180584,5.945432,2077
22970,r10i1p1f1,2077,11,21,0.0,15.979306,4.069403,2077
22971,r10i1p1f1,2077,11,22,3.7706778803830705,13.340807,7.6532335,2077
22972,r10i1p1f1,2077,11,23,0.551023592834099,13.218109,4.3162785,2077
22973,r10i1p1f1,2077,11,24,49.6693034062015,12.180479,3.4606493,2077
22974,r10i1p1f1,2077,11,25,0.104012741496119,9.903434,2.9255319,2077
22975,r10i1p1f1,2077,11,26,0.0,11.149604,-0.10223268,2077
22976,r10i1p1f1,2077,11,27,0.0,15.993457,0.96705806,2077
22977,r10i1p1f1,2077,11,28,0.0,16.65037,2.6104674,2077
22978,r10i1p1f1,2077,11,29,0.0,16.111446,4.782631,2077
22979,r10i1p1f1,2077,11,30,0.0,17.786531,3.8481975,2077
22980,r10i1p1f1,2077,12,01,0.0,21.780298,9.708488,2077
22981,r10i1p1f1,2077,12,02,0.0,21.639292,10.26987,2077
22982,r10i1p1f1,2077,12,03,0.0,20.722523,8.815748,2077
22983,r10i1p1f1,2077,12,04,0.0,18.190084,8.794034,2077
22984,r10i1p1f1,2077,12,05,0.0,17.560995,5.6973443,2077
22985,r10i1p1f1,2077,12,06,0.0,16.343952,5.9565487,2077
22986,r10i1p1f1,2077,12,07,0.0,15.004265,8.998972,2077
22987,r10i1p1f1,2077,12,08,0.00599362099723964,17.109535,4.880234,2077
22988,r10i1p1f1,2077,12,09,0.0,17.845024,5.590871,2077
22989,r10i1p1f1,2077,12,10,0.0,17.685656,8.390507,2077
22990,r10i1p1f1,2077,12,11,16.987062966156948,14.426633,7.649189,2077
22991,r10i1p1f1,2077,12,12,0.19908680279082833,16.574259,5.2975407,2077
22992,r10i1p1f1,2077,12,13,0.0,16.611704,5.017989,2077
22993,r10i1p1f1,2077,12,14,0.0,18.415888,6.1934423,2077
22994,r10i1p1f1,2077,12,15,0.0,17.967072,6.2657785,2077
22995,r10i1p1f1,2077,12,16,0.0,16.981539,5.4232826,2077
22996,r10i1p1f1,2077,12,17,0.0,20.819448,7.3169236,2077
22997,r10i1p1f1,2077,12,18,0.0,18.693684,8.031453,2077
22998,r10i1p1f1,2077,12,19,0.0,16.50861,8.730708,2077
22999,r10i1p1f1,2077,12,20,0.0,15.109457,2.9521112,2077
23000,r10i1p1f1,2077,12,21,0.0,15.244316,4.9758544,2077
23001,r10i1p1f1,2077,12,22,0.0,17.537704,7.0079255,2077
23002,r10i1p1f1,2077,12,23,0.0,20.268581,6.3895802,2077
23003,r10i1p1f1,2077,12,24,0.0,18.20436,6.4973636,2077
23004,r10i1p1f1,2077,12,25,0.0,17.281775,9.746403,2077
23005,r10i1p1f1,2077,12,26,17.234490825304466,15.36568,6.181758,2077
23006,r10i1p1f1,2077,12,27,16.775689766654978,11.032345,6.355806,2077
23007,r10i1p1f1,2077,12,28,4.417521398279764,11.143659,6.828598,2077
23008,r10i1p1f1,2077,12,29,3.786593044792665,11.455881,1.1502818,2077
23009,r10i1p1f1,2077,12,30,0.0,15.35003,2.8493075,2077
23010,r10i1p1f1,2077,12,31,0.0,15.133103,5.493384,2077
23011,r10i1p1f1,2078,01,01,0.053462400530023796,12.738567,3.9438276,2078
23012,r10i1p1f1,2078,01,02,0.0,12.940572,0.72120184,2078
23013,r10i1p1f1,2078,01,03,0.0,12.986063,2.451288,2078
23014,r10i1p1f1,2078,01,04,0.0,12.851226,4.8866873,2078
23015,r10i1p1f1,2078,01,05,0.0,18.633673,5.32406,2078
23016,r10i1p1f1,2078,01,06,0.0,19.173182,7.03183,2078
23017,r10i1p1f1,2078,01,07,0.0,20.985132,8.067719,2078
23018,r10i1p1f1,2078,01,08,0.0,22.123915,8.786112,2078
23019,r10i1p1f1,2078,01,09,0.0,20.956017,8.494594,2078
23020,r10i1p1f1,2078,01,10,0.0,19.790325,9.071928,2078
23021,r10i1p1f1,2078,01,11,0.0,21.564768,9.107265,2078
23022,r10i1p1f1,2078,01,12,0.0,21.99575,9.296328,2078
23023,r10i1p1f1,2078,01,13,0.0,20.64874,8.200871,2078
23024,r10i1p1f1,2078,01,14,0.0,21.7497,9.358594,2078
23025,r10i1p1f1,2078,01,15,0.0,22.177639,10.252327,2078
23026,r10i1p1f1,2078,01,16,0.0,20.91598,9.0436125,2078
23027,r10i1p1f1,2078,01,17,0.0,20.699427,9.264936,2078
23028,r10i1p1f1,2078,01,18,21.897559909235785,20.091742,8.425076,2078
23029,r10i1p1f1,2078,01,19,23.031647529722633,9.61955,5.1613655,2078
23030,r10i1p1f1,2078,01,20,0.0,11.35099,5.425031,2078
23031,r10i1p1f1,2078,01,21,38.37885956040976,11.217957,4.382818,2078
23032,r10i1p1f1,2078,01,22,0.0,12.945142,5.8888283,2078
23033,r10i1p1f1,2078,01,23,4.743387476772018,10.405647,3.8229747,2078
23034,r10i1p1f1,2078,01,24,0.0,14.06971,1.1704324,2078
23035,r10i1p1f1,2078,01,25,0.0,14.426842,1.642511,2078
23036,r10i1p1f1,2078,01,26,0.0,13.272682,6.1735735,2078
23037,r10i1p1f1,2078,01,27,4.980526179190891,9.1168375,1.4907494,2078
23038,r10i1p1f1,2078,01,28,1.3788419354081103,9.712358,4.457824,2078
23039,r10i1p1f1,2078,01,29,0.0,13.403048,2.8129382,2078
23040,r10i1p1f1,2078,01,30,0.0,15.214663,1.6635451,2078
23041,r10i1p1f1,2078,01,31,0.0,12.944201,1.5198374,2078
23042,r10i1p1f1,2078,02,01,0.0,13.064304,1.1944255,2078
23043,r10i1p1f1,2078,02,02,0.0,12.807411,1.8194683,2078
23044,r10i1p1f1,2078,02,03,0.0,12.062704,3.5204363,2078
23045,r10i1p1f1,2078,02,04,19.575992497878982,9.741936,4.718871,2078
23046,r10i1p1f1,2078,02,05,2.6194443419913833,9.473869,0.5082201,2078
23047,r10i1p1f1,2078,02,06,0.0,10.714645,-0.31288168,2078
23048,r10i1p1f1,2078,02,07,21.959697720165806,9.7055645,-1.0142083,2078
23049,r10i1p1f1,2078,02,08,11.838991544324305,11.849311,3.7349565,2078
23050,r10i1p1f1,2078,02,09,2.9073672442552234,11.5302305,6.1578994,2078
23051,r10i1p1f1,2078,02,10,0.308797511690117,14.09422,5.5475283,2078
23052,r10i1p1f1,2078,02,11,11.185887942203982,12.174929,1.8785474,2078
23053,r10i1p1f1,2078,02,12,11.163995221048888,9.249685,3.8196604,2078
23054,r10i1p1f1,2078,02,13,1.3936999026160073,11.246432,3.1405354,2078
23055,r10i1p1f1,2078,02,14,36.04293672404693,15.336876,3.934889,2078
23056,r10i1p1f1,2078,02,15,66.99418367719964,14.736987,4.014702,2078
23057,r10i1p1f1,2078,02,16,1.3633667666083151,10.687062,1.398436,2078
23058,r10i1p1f1,2078,02,17,0.0,12.915491,1.2214673,2078
23059,r10i1p1f1,2078,02,18,0.0,13.985295,1.126206,2078
23060,r10i1p1f1,2078,02,19,0.0,15.989988,2.344101,2078
23061,r10i1p1f1,2078,02,20,0.0,16.416254,1.4856876,2078
23062,r10i1p1f1,2078,02,21,9.809756470196206,14.251653,2.9577441,2078
23063,r10i1p1f1,2078,02,22,52.30233617568094,10.239524,1.0763661,2078
23064,r10i1p1f1,2078,02,23,2.760154511947564,12.395803,1.8407954,2078
23065,r10i1p1f1,2078,02,24,4.152744551270428,12.339986,3.0144017,2078
23066,r10i1p1f1,2078,02,25,0.0,15.874798,1.8601109,2078
23067,r10i1p1f1,2078,02,26,0.0,19.863605,5.980427,2078
23068,r10i1p1f1,2078,02,27,0.0,20.11777,7.2723284,2078
23069,r10i1p1f1,2078,02,28,0.0,21.189499,8.788486,2078
23070,r10i1p1f1,2078,03,01,0.0,22.116396,5.1461678,2078
23071,r10i1p1f1,2078,03,02,0.0,21.804953,7.1156898,2078
23072,r10i1p1f1,2078,03,03,0.0,23.833755,8.856757,2078
23073,r10i1p1f1,2078,03,04,0.0,22.377268,6.3941994,2078
23074,r10i1p1f1,2078,03,05,0.0,20.060532,6.4339356,2078
23075,r10i1p1f1,2078,03,06,0.0,24.429682,7.130322,2078
23076,r10i1p1f1,2078,03,07,0.0,28.0448,9.388702,2078
23077,r10i1p1f1,2078,03,08,0.0,29.262182,11.311169,2078
23078,r10i1p1f1,2078,03,09,0.0,29.276789,11.6218,2078
23079,r10i1p1f1,2078,03,10,0.0,28.37553,14.49425,2078
23080,r10i1p1f1,2078,03,11,0.0,27.41386,13.503662,2078
23081,r10i1p1f1,2078,03,12,0.0,23.983736,9.497884,2078
23082,r10i1p1f1,2078,03,13,0.0,23.806828,7.5883675,2078
23083,r10i1p1f1,2078,03,14,0.0,24.796154,8.972694,2078
23084,r10i1p1f1,2078,03,15,0.0,24.24039,9.146672,2078
23085,r10i1p1f1,2078,03,16,0.0,22.724428,8.240568,2078
23086,r10i1p1f1,2078,03,17,0.0,23.429861,10.223489,2078
23087,r10i1p1f1,2078,03,18,0.0,23.468307,9.089519,2078
23088,r10i1p1f1,2078,03,19,4.973890189938557,16.60808,2.468578,2078
23089,r10i1p1f1,2078,03,20,0.09357279067396455,16.296461,-0.19713372,2078
23090,r10i1p1f1,2078,03,21,0.0,19.533018,4.3535986,2078
23091,r10i1p1f1,2078,03,22,0.0,20.804296,4.7964435,2078
23092,r10i1p1f1,2078,03,23,0.0,21.007204,7.932047,2078
23093,r10i1p1f1,2078,03,24,0.0,22.644476,7.635098,2078
23094,r10i1p1f1,2078,03,25,0.0,22.703447,5.9672203,2078
23095,r10i1p1f1,2078,03,26,0.0,16.626678,2.2757218,2078
23096,r10i1p1f1,2078,03,27,0.0,16.129055,0.5360527,2078
23097,r10i1p1f1,2078,03,28,1.6000179794278473,14.230088,2.476147,2078
23098,r10i1p1f1,2078,03,29,5.335355593055475,13.173928,1.9895525,2078
23099,r10i1p1f1,2078,03,30,3.09377609185647,11.1091385,1.5255306,2078
23100,r10i1p1f1,2078,03,31,1.6441483721863686,13.818128,3.6125047,2078
23101,r10i1p1f1,2078,04,01,2.669629277031498,14.388927,3.7091186,2078
23102,r10i1p1f1,2078,04,02,0.0,14.975928,0.68510216,2078
23103,r10i1p1f1,2078,04,03,0.0,19.925018,3.3518085,2078
23104,r10i1p1f1,2078,04,04,0.0,22.439337,4.67568,2078
23105,r10i1p1f1,2078,04,05,0.0,20.919773,7.3308306,2078
23106,r10i1p1f1,2078,04,06,0.0,20.434088,5.781225,2078
23107,r10i1p1f1,2078,04,07,0.0,21.624752,5.228404,2078
23108,r10i1p1f1,2078,04,08,0.0,24.016085,8.850663,2078
23109,r10i1p1f1,2078,04,09,0.0,25.54593,9.524238,2078
23110,r10i1p1f1,2078,04,10,0.0,26.439949,9.904665,2078
23111,r10i1p1f1,2078,04,11,0.0,26.624647,11.061582,2078
23112,r10i1p1f1,2078,04,12,0.0,25.526026,10.150654,2078
23113,r10i1p1f1,2078,04,13,0.0,20.723774,5.9544244,2078
23114,r10i1p1f1,2078,04,14,0.0,23.459711,7.507997,2078
23115,r10i1p1f1,2078,04,15,0.0,21.72295,8.519143,2078
23116,r10i1p1f1,2078,04,16,0.0,20.223959,5.865549,2078
23117,r10i1p1f1,2078,04,17,0.0,20.505793,6.601446,2078
23118,r10i1p1f1,2078,04,18,0.0,19.877851,6.948361,2078
23119,r10i1p1f1,2078,04,19,2.7633192041129835,16.4948,4.27985,2078
23120,r10i1p1f1,2078,04,20,0.14111228498629652,19.705652,5.1254663,2078
23121,r10i1p1f1,2078,04,21,0.0,21.17681,5.9970737,2078
23122,r10i1p1f1,2078,04,22,0.0,24.99797,8.759523,2078
23123,r10i1p1f1,2078,04,23,0.020510347147999135,24.773653,9.4598465,2078
23124,r10i1p1f1,2078,04,24,0.8346983403402861,15.487459,1.1241925,2078
23125,r10i1p1f1,2078,04,25,0.0,14.450083,0.15487169,2078
23126,r10i1p1f1,2078,04,26,0.0,16.98078,3.273834,2078
23127,r10i1p1f1,2078,04,27,0.0,16.627718,3.4197152,2078
23128,r10i1p1f1,2078,04,28,0.0,22.251114,5.8622484,2078
23129,r10i1p1f1,2078,04,29,0.0,24.745106,10.60754,2078
23130,r10i1p1f1,2078,04,30,0.0,27.616182,11.094057,2078
23131,r10i1p1f1,2078,05,01,0.0,29.786434,15.070198,2078
23132,r10i1p1f1,2078,05,02,0.0,30.889706,15.931063,2078
23133,r10i1p1f1,2078,05,03,0.0,30.570023,15.335046,2078
23134,r10i1p1f1,2078,05,04,0.0,30.90886,15.799093,2078
23135,r10i1p1f1,2078,05,05,0.0,31.47725,17.492477,2078
23136,r10i1p1f1,2078,05,06,0.0,32.674294,15.92388,2078
23137,r10i1p1f1,2078,05,07,0.0,34.447945,16.659224,2078
23138,r10i1p1f1,2078,05,08,0.0,33.827957,19.450863,2078
23139,r10i1p1f1,2078,05,09,0.0,34.085537,16.816946,2078
23140,r10i1p1f1,2078,05,10,0.0,33.67521,19.160572,2078
23141,r10i1p1f1,2078,05,11,0.0,32.969986,17.108839,2078
23142,r10i1p1f1,2078,05,12,0.0,31.423748,14.49364,2078
23143,r10i1p1f1,2078,05,13,0.0,27.986221,12.746773,2078
23144,r10i1p1f1,2078,05,14,0.0,27.12594,11.277194,2078
23145,r10i1p1f1,2078,05,15,0.0,30.375402,12.036091,2078
23146,r10i1p1f1,2078,05,16,0.0,31.0154,14.493296,2078
23147,r10i1p1f1,2078,05,17,0.0,30.683176,15.401393,2078
23148,r10i1p1f1,2078,05,18,0.0,30.76439,16.387508,2078
23149,r10i1p1f1,2078,05,19,0.0,31.645315,17.083355,2078
23150,r10i1p1f1,2078,05,20,0.0,32.332672,17.114002,2078
23151,r10i1p1f1,2078,05,21,0.0,33.54572,15.948916,2078
23152,r10i1p1f1,2078,05,22,0.0,34.02153,17.596003,2078
23153,r10i1p1f1,2078,05,23,0.0,33.574574,17.278276,2078
23154,r10i1p1f1,2078,05,24,0.0,32.179543,16.766523,2078
23155,r10i1p1f1,2078,05,25,0.0,29.7447,13.514758,2078
23156,r10i1p1f1,2078,05,26,6.932529425463192,21.4909,6.5711966,2078
23157,r10i1p1f1,2078,05,27,1.9371763653282414,18.5649,6.4187512,2078
23158,r10i1p1f1,2078,05,28,0.018502216922019886,24.484175,8.943507,2078
23159,r10i1p1f1,2078,05,29,0.1491879844635198,25.656796,9.4893465,2078
23160,r10i1p1f1,2078,05,30,0.0,29.52565,13.12095,2078
23161,r10i1p1f1,2078,05,31,1.3787232197441164,24.14896,10.009568,2078
23162,r10i1p1f1,2078,06,01,3.4024024038636096,24.132023,11.825038,2078
23163,r10i1p1f1,2078,06,02,0.0,23.524996,9.976065,2078
23164,r10i1p1f1,2078,06,03,0.0,23.626684,8.668387,2078
23165,r10i1p1f1,2078,06,04,0.00020858260062308736,24.255178,8.463809,2078
23166,r10i1p1f1,2078,06,05,0.0,28.150179,10.037532,2078
23167,r10i1p1f1,2078,06,06,0.0,29.933153,13.83186,2078
23168,r10i1p1f1,2078,06,07,0.0,30.665607,16.335896,2078
23169,r10i1p1f1,2078,06,08,0.0,30.337519,14.50603,2078
23170,r10i1p1f1,2078,06,09,0.17983595661893273,27.581059,12.968171,2078
23171,r10i1p1f1,2078,06,10,0.0,27.376879,11.010994,2078
23172,r10i1p1f1,2078,06,11,0.0,26.351007,11.743069,2078
23173,r10i1p1f1,2078,06,12,0.0,29.702547,11.041544,2078
23174,r10i1p1f1,2078,06,13,0.0,35.44148,18.261011,2078
23175,r10i1p1f1,2078,06,14,0.0,37.05125,19.96786,2078
23176,r10i1p1f1,2078,06,15,0.0,38.628284,22.190315,2078
23177,r10i1p1f1,2078,06,16,0.0,39.737514,23.80654,2078
23178,r10i1p1f1,2078,06,17,0.0,38.598064,22.33466,2078
23179,r10i1p1f1,2078,06,18,0.0,33.09226,17.025957,2078
23180,r10i1p1f1,2078,06,19,0.0,32.148426,15.994434,2078
23181,r10i1p1f1,2078,06,20,0.0,37.150562,19.528511,2078
23182,r10i1p1f1,2078,06,21,0.0,38.822586,23.030304,2078
23183,r10i1p1f1,2078,06,22,0.0,38.67114,22.636206,2078
23184,r10i1p1f1,2078,06,23,0.0,38.699696,21.125944,2078
23185,r10i1p1f1,2078,06,24,0.0,36.591667,20.017065,2078
23186,r10i1p1f1,2078,06,25,0.0,33.99617,15.346363,2078
23187,r10i1p1f1,2078,06,26,0.0,31.544048,14.063639,2078
23188,r10i1p1f1,2078,06,27,0.0,33.957462,17.058126,2078
23189,r10i1p1f1,2078,06,28,0.0,34.3188,16.833817,2078
23190,r10i1p1f1,2078,06,29,0.0,34.81426,17.093164,2078
23191,r10i1p1f1,2078,06,30,0.0,33.834145,17.812422,2078
23192,r10i1p1f1,2078,07,01,0.0,32.1478,15.776894,2078
23193,r10i1p1f1,2078,07,02,0.0,34.7011,15.684808,2078
23194,r10i1p1f1,2078,07,03,0.0,35.208378,18.120775,2078
23195,r10i1p1f1,2078,07,04,0.0,35.86785,17.405468,2078
23196,r10i1p1f1,2078,07,05,0.0,36.0265,19.207993,2078
23197,r10i1p1f1,2078,07,06,0.0,35.887886,18.182718,2078
23198,r10i1p1f1,2078,07,07,0.0,35.27867,18.385595,2078
23199,r10i1p1f1,2078,07,08,0.0,34.408997,17.716324,2078
23200,r10i1p1f1,2078,07,09,0.0,33.548237,16.401222,2078
23201,r10i1p1f1,2078,07,10,0.0,33.2768,16.384027,2078
23202,r10i1p1f1,2078,07,11,0.0,33.46496,15.108614,2078
23203,r10i1p1f1,2078,07,12,0.0,34.474373,17.026932,2078
23204,r10i1p1f1,2078,07,13,0.0,36.17885,18.225721,2078
23205,r10i1p1f1,2078,07,14,0.0,38.241364,20.227104,2078
23206,r10i1p1f1,2078,07,15,0.0,39.65341,21.219662,2078
23207,r10i1p1f1,2078,07,16,0.0,41.96405,22.395697,2078
23208,r10i1p1f1,2078,07,17,0.0,41.474354,22.200205,2078
23209,r10i1p1f1,2078,07,18,0.0,41.233715,22.528328,2078
23210,r10i1p1f1,2078,07,19,0.0,38.669502,21.378153,2078
23211,r10i1p1f1,2078,07,20,0.0,34.121643,17.861446,2078
23212,r10i1p1f1,2078,07,21,0.0,33.777725,16.385235,2078
23213,r10i1p1f1,2078,07,22,0.0,33.873646,16.5062,2078
23214,r10i1p1f1,2078,07,23,0.0,33.765984,16.713587,2078
23215,r10i1p1f1,2078,07,24,0.0,35.32309,17.931522,2078
23216,r10i1p1f1,2078,07,25,0.0,39.090492,19.928234,2078
23217,r10i1p1f1,2078,07,26,0.0,42.951416,24.046986,2078
23218,r10i1p1f1,2078,07,27,0.0,43.963978,24.879162,2078
23219,r10i1p1f1,2078,07,28,0.0,43.51063,25.543793,2078
23220,r10i1p1f1,2078,07,29,0.0,40.41893,22.491016,2078
23221,r10i1p1f1,2078,07,30,0.0,38.809803,20.147938,2078
23222,r10i1p1f1,2078,07,31,0.0,41.656628,22.292263,2078
23223,r10i1p1f1,2078,08,01,0.0,43.548187,24.247171,2078
23224,r10i1p1f1,2078,08,02,0.0,42.900043,24.350142,2078
23225,r10i1p1f1,2078,08,03,0.0,42.564945,23.251951,2078
23226,r10i1p1f1,2078,08,04,0.0,39.6495,22.08551,2078
23227,r10i1p1f1,2078,08,05,0.0,37.24367,20.036188,2078
23228,r10i1p1f1,2078,08,06,0.0,38.7314,20.807816,2078
23229,r10i1p1f1,2078,08,07,0.0,38.03695,21.334833,2078
23230,r10i1p1f1,2078,08,08,0.0,37.363964,19.029745,2078
23231,r10i1p1f1,2078,08,09,0.0,38.31995,19.157312,2078
23232,r10i1p1f1,2078,08,10,0.0,37.44194,19.800694,2078
23233,r10i1p1f1,2078,08,11,0.0,38.378063,20.37987,2078
23234,r10i1p1f1,2078,08,12,0.0,42.742233,24.568789,2078
23235,r10i1p1f1,2078,08,13,0.0,42.74409,24.945541,2078
23236,r10i1p1f1,2078,08,14,0.0,42.332813,24.328213,2078
23237,r10i1p1f1,2078,08,15,0.0,37.889565,21.712164,2078
23238,r10i1p1f1,2078,08,16,0.0,33.53606,17.944109,2078
23239,r10i1p1f1,2078,08,17,0.0,32.318424,15.029677,2078
23240,r10i1p1f1,2078,08,18,0.0,30.599571,14.403664,2078
23241,r10i1p1f1,2078,08,19,0.0,29.994452,13.92081,2078
23242,r10i1p1f1,2078,08,20,0.0,27.863794,12.996504,2078
23243,r10i1p1f1,2078,08,21,0.0,28.823776,13.021127,2078
23244,r10i1p1f1,2078,08,22,0.0,31.908152,14.68745,2078
23245,r10i1p1f1,2078,08,23,0.0,35.954437,17.348816,2078
23246,r10i1p1f1,2078,08,24,0.0,38.953156,21.748316,2078
23247,r10i1p1f1,2078,08,25,0.0,39.659492,22.559042,2078
23248,r10i1p1f1,2078,08,26,0.0,39.892452,22.4142,2078
23249,r10i1p1f1,2078,08,27,0.0,41.37264,24.087597,2078
23250,r10i1p1f1,2078,08,28,0.0,43.095264,23.560932,2078
23251,r10i1p1f1,2078,08,29,0.0,41.765903,24.538599,2078
23252,r10i1p1f1,2078,08,30,0.0,38.718742,24.60521,2078
23253,r10i1p1f1,2078,08,31,0.0,38.384117,23.001457,2078
23254,r10i1p1f1,2078,09,01,0.0,37.298065,22.182922,2078
23255,r10i1p1f1,2078,09,02,0.0,36.710373,21.896772,2078
23256,r10i1p1f1,2078,09,03,0.0,34.990917,20.784695,2078
23257,r10i1p1f1,2078,09,04,0.0,38.01465,20.942938,2078
23258,r10i1p1f1,2078,09,05,0.0,38.31089,24.201246,2078
23259,r10i1p1f1,2078,09,06,46.17571855303954,32.79565,20.379004,2078
23260,r10i1p1f1,2078,09,07,1.413002909301117,29.491104,16.207718,2078
23261,r10i1p1f1,2078,09,08,0.0,26.713892,13.575745,2078
23262,r10i1p1f1,2078,09,09,0.0,25.936794,12.915316,2078
23263,r10i1p1f1,2078,09,10,0.0,30.745275,12.662524,2078
23264,r10i1p1f1,2078,09,11,0.0,33.003456,17.099634,2078
23265,r10i1p1f1,2078,09,12,0.0,32.393055,17.43114,2078
23266,r10i1p1f1,2078,09,13,0.0,31.651146,16.08959,2078
23267,r10i1p1f1,2078,09,14,0.0,30.565363,14.376605,2078
23268,r10i1p1f1,2078,09,15,0.0,29.928143,14.318017,2078
23269,r10i1p1f1,2078,09,16,0.0,32.637333,16.132715,2078
23270,r10i1p1f1,2078,09,17,0.0,31.930405,17.585365,2078
23271,r10i1p1f1,2078,09,18,0.022617543129997916,27.736914,14.049685,2078
23272,r10i1p1f1,2078,09,19,0.0,26.743612,12.34272,2078
23273,r10i1p1f1,2078,09,20,0.0,24.917349,8.805951,2078
23274,r10i1p1f1,2078,09,21,0.45976363940816983,30.98869,11.745318,2078
23275,r10i1p1f1,2078,09,22,0.0,30.94552,13.18233,2078
23276,r10i1p1f1,2078,09,23,0.0,31.030733,15.946434,2078
23277,r10i1p1f1,2078,09,24,0.0,30.00788,14.9398985,2078
23278,r10i1p1f1,2078,09,25,0.0,29.524044,14.617566,2078
23279,r10i1p1f1,2078,09,26,0.0,27.46822,10.68477,2078
23280,r10i1p1f1,2078,09,27,0.0,27.909693,10.789411,2078
23281,r10i1p1f1,2078,09,28,0.0,30.567448,13.160136,2078
23282,r10i1p1f1,2078,09,29,0.0,34.685677,16.815008,2078
23283,r10i1p1f1,2078,09,30,0.0,37.667465,20.073154,2078
23284,r10i1p1f1,2078,10,01,0.0,37.069614,20.518202,2078
23285,r10i1p1f1,2078,10,02,0.0,35.750828,20.668163,2078
23286,r10i1p1f1,2078,10,03,0.0,34.809032,21.791203,2078
23287,r10i1p1f1,2078,10,04,0.0,30.090923,17.620056,2078
23288,r10i1p1f1,2078,10,05,0.0,26.35747,13.708102,2078
23289,r10i1p1f1,2078,10,06,0.0,23.59318,11.019155,2078
23290,r10i1p1f1,2078,10,07,0.0,27.695656,10.326557,2078
23291,r10i1p1f1,2078,10,08,0.0,33.632362,15.5001955,2078
23292,r10i1p1f1,2078,10,09,0.0,33.27209,17.100056,2078
23293,r10i1p1f1,2078,10,10,0.0,31.369057,17.276827,2078
23294,r10i1p1f1,2078,10,11,0.0,28.148085,14.174516,2078
23295,r10i1p1f1,2078,10,12,0.0,27.267286,12.85714,2078
23296,r10i1p1f1,2078,10,13,0.05556082317190502,22.12118,9.257742,2078
23297,r10i1p1f1,2078,10,14,0.6366099550800036,22.671755,10.969606,2078
23298,r10i1p1f1,2078,10,15,1.0087241085880363,23.686186,7.514239,2078
23299,r10i1p1f1,2078,10,16,0.0,28.488567,10.200757,2078
23300,r10i1p1f1,2078,10,17,0.0,29.453543,14.041213,2078
23301,r10i1p1f1,2078,10,18,0.0,27.232904,11.38317,2078
23302,r10i1p1f1,2078,10,19,0.0,26.664534,8.827113,2078
23303,r10i1p1f1,2078,10,20,0.0,28.008686,11.984211,2078
23304,r10i1p1f1,2078,10,21,0.0,29.92034,14.021838,2078
23305,r10i1p1f1,2078,10,22,0.0,29.682398,14.803692,2078
23306,r10i1p1f1,2078,10,23,0.0,28.022924,14.247333,2078
23307,r10i1p1f1,2078,10,24,0.0,27.644178,15.07157,2078
23308,r10i1p1f1,2078,10,25,0.3409733549783835,27.496883,14.468405,2078
23309,r10i1p1f1,2078,10,26,0.0,23.337616,10.458623,2078
23310,r10i1p1f1,2078,10,27,0.0,25.7939,10.976463,2078
23311,r10i1p1f1,2078,10,28,0.0,25.521194,12.147824,2078
23312,r10i1p1f1,2078,10,29,0.0,23.57834,11.488987,2078
23313,r10i1p1f1,2078,10,30,0.011587409186942847,24.713995,10.933415,2078
23314,r10i1p1f1,2078,10,31,36.56473406835606,24.88931,11.554747,2078
23315,r10i1p1f1,2078,11,01,19.96968552136279,19.041763,12.912411,2078
23316,r10i1p1f1,2078,11,02,5.122166172565668,20.116123,9.989694,2078
23317,r10i1p1f1,2078,11,03,59.722200620576345,19.097141,8.366405,2078
23318,r10i1p1f1,2078,11,04,31.220088741362193,12.791713,8.416562,2078
23319,r10i1p1f1,2078,11,05,36.40434598997481,13.976565,7.963794,2078
23320,r10i1p1f1,2078,11,06,4.2594797137960425,14.591076,8.13672,2078
23321,r10i1p1f1,2078,11,07,0.0,18.341734,4.2572665,2078
23322,r10i1p1f1,2078,11,08,0.0,20.181944,4.7919836,2078
23323,r10i1p1f1,2078,11,09,0.0,21.049852,5.51335,2078
23324,r10i1p1f1,2078,11,10,0.015069752627919354,19.291306,8.281496,2078
23325,r10i1p1f1,2078,11,11,23.643956896787707,15.412813,8.865685,2078
23326,r10i1p1f1,2078,11,12,21.34007043879185,12.709892,7.4977274,2078
23327,r10i1p1f1,2078,11,13,11.356448582955636,12.260827,7.492279,2078
23328,r10i1p1f1,2078,11,14,21.319235907408018,11.141265,5.1017466,2078
23329,r10i1p1f1,2078,11,15,3.5830513759025817,10.9754095,5.8004794,2078
23330,r10i1p1f1,2078,11,16,0.2972797124728363,14.041658,2.5483863,2078
23331,r10i1p1f1,2078,11,17,0.0,14.015815,0.92901933,2078
23332,r10i1p1f1,2078,11,18,0.0255314878143652,16.521097,2.9300299,2078
23333,r10i1p1f1,2078,11,19,1.4814091675744796,15.701496,7.75419,2078
23334,r10i1p1f1,2078,11,20,0.0,17.613188,5.853476,2078
23335,r10i1p1f1,2078,11,21,0.0,19.00208,5.811374,2078
23336,r10i1p1f1,2078,11,22,0.0,18.507227,6.9816904,2078
23337,r10i1p1f1,2078,11,23,0.0,23.019371,8.243994,2078
23338,r10i1p1f1,2078,11,24,0.0,22.67887,9.6803,2078
23339,r10i1p1f1,2078,11,25,0.0,21.889181,10.477155,2078
23340,r10i1p1f1,2078,11,26,0.0,22.890524,10.687944,2078
23341,r10i1p1f1,2078,11,27,0.0,21.79524,9.617668,2078
23342,r10i1p1f1,2078,11,28,0.0,23.500431,9.1190815,2078
23343,r10i1p1f1,2078,11,29,0.0,23.09821,12.142289,2078
23344,r10i1p1f1,2078,11,30,0.0,19.262531,9.280871,2078
23345,r10i1p1f1,2078,12,01,0.0,16.197973,7.54768,2078
23346,r10i1p1f1,2078,12,02,0.0,19.495817,7.1724105,2078
23347,r10i1p1f1,2078,12,03,0.0,20.471022,8.32581,2078
23348,r10i1p1f1,2078,12,04,16.026896361022647,18.755373,9.550326,2078
23349,r10i1p1f1,2078,12,05,0.0,14.24461,8.199749,2078
23350,r10i1p1f1,2078,12,06,0.0,14.434667,4.560427,2078
23351,r10i1p1f1,2078,12,07,0.0,14.086489,4.7377915,2078
23352,r10i1p1f1,2078,12,08,0.0,14.818883,4.448577,2078
23353,r10i1p1f1,2078,12,09,0.0,13.796873,6.801248,2078
23354,r10i1p1f1,2078,12,10,0.0,13.774034,4.732586,2078
23355,r10i1p1f1,2078,12,11,0.0,15.534114,4.901564,2078
23356,r10i1p1f1,2078,12,12,0.0,17.37525,6.0277543,2078
23357,r10i1p1f1,2078,12,13,0.0,17.449177,8.318634,2078
23358,r10i1p1f1,2078,12,14,0.0,19.446367,8.553308,2078
23359,r10i1p1f1,2078,12,15,0.0,19.100473,11.010057,2078
23360,r10i1p1f1,2078,12,16,0.0,19.356709,10.888296,2078
23361,r10i1p1f1,2078,12,17,0.0,22.44904,10.572701,2078
23362,r10i1p1f1,2078,12,18,0.0,22.56088,11.386099,2078
23363,r10i1p1f1,2078,12,19,0.0,22.00529,10.786817,2078
23364,r10i1p1f1,2078,12,20,0.0,19.295969,9.404856,2078
23365,r10i1p1f1,2078,12,21,0.0,15.3044815,5.2053447,2078
23366,r10i1p1f1,2078,12,22,0.0,16.822403,4.1096897,2078
23367,r10i1p1f1,2078,12,23,0.0,16.390234,8.347138,2078
23368,r10i1p1f1,2078,12,24,5.873931161304905,16.347755,8.83101,2078
23369,r10i1p1f1,2078,12,25,10.906854401477368,14.971262,6.286727,2078
23370,r10i1p1f1,2078,12,26,5.707759640560988,10.60857,5.83691,2078
23371,r10i1p1f1,2078,12,27,0.0,12.061215,1.8975921,2078
23372,r10i1p1f1,2078,12,28,0.0,10.654538,-0.17325372,2078
23373,r10i1p1f1,2078,12,29,0.0,8.071694,0.32937482,2078
23374,r10i1p1f1,2078,12,30,0.0,5.624258,-1.0860059,2078
23375,r10i1p1f1,2078,12,31,0.0,0.61510026,-7.5715027,2078
23376,r10i1p1f1,2079,01,01,0.0,13.10194,-0.36507556,2079
23377,r10i1p1f1,2079,01,02,0.0,11.780246,1.2470495,2079
23378,r10i1p1f1,2079,01,03,0.0,7.8339114,-2.9271579,2079
23379,r10i1p1f1,2079,01,04,0.0,8.0757,-3.2925494,2079
23380,r10i1p1f1,2079,01,05,0.0,7.44785,-2.477148,2079
23381,r10i1p1f1,2079,01,06,40.492996610210916,8.103274,-1.010038,2079
23382,r10i1p1f1,2079,01,07,4.135436660410625,9.75761,3.9428077,2079
23383,r10i1p1f1,2079,01,08,71.6038944836902,11.526844,7.1893888,2079
23384,r10i1p1f1,2079,01,09,85.88015609788464,17.143734,8.677386,2079
23385,r10i1p1f1,2079,01,10,1.4664050344435964,12.140912,3.931083,2079
23386,r10i1p1f1,2079,01,11,0.0,13.997327,2.4703681,2079
23387,r10i1p1f1,2079,01,12,12.64925410059253,10.311685,2.544706,2079
23388,r10i1p1f1,2079,01,13,0.0,13.036344,6.1134152,2079
23389,r10i1p1f1,2079,01,14,27.561206664234447,11.77699,3.9382236,2079
23390,r10i1p1f1,2079,01,15,0.0,12.615865,3.5943685,2079
23391,r10i1p1f1,2079,01,16,3.473696920742728,10.192521,0.6704437,2079
23392,r10i1p1f1,2079,01,17,2.628366648078602,10.449561,4.3836813,2079
23393,r10i1p1f1,2079,01,18,0.0,15.732597,2.8596942,2079
23394,r10i1p1f1,2079,01,19,3.272664815181327,13.856715,2.6879249,2079
23395,r10i1p1f1,2079,01,20,26.933027943289886,8.52018,4.765718,2079
23396,r10i1p1f1,2079,01,21,1.3210195697524796,11.838737,4.698738,2079
23397,r10i1p1f1,2079,01,22,0.0,14.358377,1.7375885,2079
23398,r10i1p1f1,2079,01,23,0.0,13.072899,2.0058837,2079
23399,r10i1p1f1,2079,01,24,0.0,12.746437,1.3476424,2079
23400,r10i1p1f1,2079,01,25,0.0,13.333135,1.8289138,2079
23401,r10i1p1f1,2079,01,26,0.0,13.970955,1.2448455,2079
23402,r10i1p1f1,2079,01,27,0.0,14.782705,2.2333167,2079
23403,r10i1p1f1,2079,01,28,0.0,14.885755,2.6860757,2079
23404,r10i1p1f1,2079,01,29,0.0,14.682965,3.2128634,2079
23405,r10i1p1f1,2079,01,30,0.0,13.666448,2.656686,2079
23406,r10i1p1f1,2079,01,31,0.0,12.372806,1.2534043,2079
23407,r10i1p1f1,2079,02,01,0.0,15.871596,2.9959605,2079
23408,r10i1p1f1,2079,02,02,0.0,14.891857,4.194579,2079
23409,r10i1p1f1,2079,02,03,7.389706410963538,10.226871,5.6808434,2079
23410,r10i1p1f1,2079,02,04,0.0,12.622094,1.4204736,2079
23411,r10i1p1f1,2079,02,05,1.7158054716566384,10.463915,-0.008050818,2079
23412,r10i1p1f1,2079,02,06,0.028182273653280725,9.975917,4.8649282,2079
23413,r10i1p1f1,2079,02,07,0.0,10.764672,7.043857,2079
23414,r10i1p1f1,2079,02,08,0.0,17.006866,3.3028605,2079
23415,r10i1p1f1,2079,02,09,0.0,16.956232,5.075376,2079
23416,r10i1p1f1,2079,02,10,0.0,15.842177,7.2397494,2079
23417,r10i1p1f1,2079,02,11,28.805720357003768,16.301044,5.981079,2079
23418,r10i1p1f1,2079,02,12,0.0,15.043958,3.182611,2079
23419,r10i1p1f1,2079,02,13,0.0,20.18655,6.8082614,2079
23420,r10i1p1f1,2079,02,14,0.0,20.089909,6.5930486,2079
23421,r10i1p1f1,2079,02,15,0.0,18.99978,7.223474,2079
23422,r10i1p1f1,2079,02,16,0.0,13.488074,2.3695385,2079
23423,r10i1p1f1,2079,02,17,0.0,18.804174,5.3089843,2079
23424,r10i1p1f1,2079,02,18,0.0,19.79698,6.8608847,2079
23425,r10i1p1f1,2079,02,19,0.0,18.746939,7.22464,2079
23426,r10i1p1f1,2079,02,20,28.656131264870055,14.392651,2.1800072,2079
23427,r10i1p1f1,2079,02,21,0.0,9.095647,-2.5879512,2079
23428,r10i1p1f1,2079,02,22,0.0,8.171925,-0.73316854,2079
23429,r10i1p1f1,2079,02,23,0.0,10.028726,-2.5062175,2079
23430,r10i1p1f1,2079,02,24,7.742015451597246,8.448091,-0.283842,2079
23431,r10i1p1f1,2079,02,25,0.013908395914385389,10.103659,-0.5572152,2079
23432,r10i1p1f1,2079,02,26,0.0,10.425867,-1.072996,2079
23433,r10i1p1f1,2079,02,27,5.534395398468692,9.863072,-2.362557,2079
23434,r10i1p1f1,2079,02,28,0.8887275086324639,9.5584345,1.651993,2079
23435,r10i1p1f1,2079,03,01,0.0,11.328316,-3.6874344,2079
23436,r10i1p1f1,2079,03,02,0.0,12.185702,-1.8273376,2079
23437,r10i1p1f1,2079,03,03,9.676687895185559,11.761688,0.3942321,2079
23438,r10i1p1f1,2079,03,04,24.74733241619297,8.523731,2.8822267,2079
23439,r10i1p1f1,2079,03,05,17.767771402462753,7.508564,2.549686,2079
23440,r10i1p1f1,2079,03,06,35.22873188454756,9.492795,4.2084365,2079
23441,r10i1p1f1,2079,03,07,26.815500649229904,9.732656,3.0898535,2079
23442,r10i1p1f1,2079,03,08,0.0,14.569366,1.1058496,2079
23443,r10i1p1f1,2079,03,09,0.0,15.5373535,2.1060867,2079
23444,r10i1p1f1,2079,03,10,2.54163798989267,13.904586,4.496305,2079
23445,r10i1p1f1,2079,03,11,0.0,15.132172,6.010674,2079
23446,r10i1p1f1,2079,03,12,0.0,20.78962,4.593763,2079
23447,r10i1p1f1,2079,03,13,0.0,24.518148,6.6900387,2079
23448,r10i1p1f1,2079,03,14,0.0,23.284723,9.642625,2079
23449,r10i1p1f1,2079,03,15,4.999200698198604,17.47782,7.1589904,2079
23450,r10i1p1f1,2079,03,16,0.0,21.85883,6.6969724,2079
23451,r10i1p1f1,2079,03,17,0.4299996326117731,20.996956,8.949843,2079
23452,r10i1p1f1,2079,03,18,3.2024837268552706,14.947945,3.776295,2079
23453,r10i1p1f1,2079,03,19,0.0315453318762593,12.532882,1.987192,2079
23454,r10i1p1f1,2079,03,20,2.3969926690992187,12.125075,0.9018663,2079
23455,r10i1p1f1,2079,03,21,0.0,15.641892,0.9128051,2079
23456,r10i1p1f1,2079,03,22,0.0,19.7466,3.8274784,2079
23457,r10i1p1f1,2079,03,23,0.0,22.083298,7.9171705,2079
23458,r10i1p1f1,2079,03,24,0.006121050912617265,21.609951,8.417386,2079
23459,r10i1p1f1,2079,03,25,0.0,24.984938,10.398474,2079
23460,r10i1p1f1,2079,03,26,0.0,24.748123,11.449887,2079
23461,r10i1p1f1,2079,03,27,0.0,23.663431,11.393139,2079
23462,r10i1p1f1,2079,03,28,0.0,20.296127,6.3670564,2079
23463,r10i1p1f1,2079,03,29,14.717931172880958,18.60132,4.900081,2079
23464,r10i1p1f1,2079,03,30,1.8370064516124043,13.173844,3.7084649,2079
23465,r10i1p1f1,2079,03,31,26.453055432801577,13.407815,5.929933,2079
23466,r10i1p1f1,2079,04,01,34.84050117089952,14.56397,9.299178,2079
23467,r10i1p1f1,2079,04,02,13.819783654119083,14.351932,8.423303,2079
23468,r10i1p1f1,2079,04,03,0.0,17.985666,3.881893,2079
23469,r10i1p1f1,2079,04,04,5.509061710041638,15.96866,4.6022553,2079
23470,r10i1p1f1,2079,04,05,0.3110722653888699,13.434641,4.6979113,2079
23471,r10i1p1f1,2079,04,06,0.058987581618758236,16.27558,3.027059,2079
23472,r10i1p1f1,2079,04,07,0.0,21.862745,5.247472,2079
23473,r10i1p1f1,2079,04,08,0.0,23.18926,7.728151,2079
23474,r10i1p1f1,2079,04,09,0.0,22.64179,8.440979,2079
23475,r10i1p1f1,2079,04,10,0.20648413594460036,20.768295,7.353774,2079
23476,r10i1p1f1,2079,04,11,0.28048174108574275,15.760512,3.099868,2079
23477,r10i1p1f1,2079,04,12,4.92037532753066,13.812772,5.7134633,2079
23478,r10i1p1f1,2079,04,13,0.7240049378627813,16.608892,7.404952,2079
23479,r10i1p1f1,2079,04,14,0.2673519483467221,18.266985,4.8938103,2079
23480,r10i1p1f1,2079,04,15,0.00823110305741705,20.930414,5.2092156,2079
23481,r10i1p1f1,2079,04,16,0.0,22.66855,7.827582,2079
23482,r10i1p1f1,2079,04,17,0.0,25.608917,10.955462,2079
23483,r10i1p1f1,2079,04,18,0.0,24.439184,10.539197,2079
23484,r10i1p1f1,2079,04,19,0.8007896634425331,22.340889,10.818983,2079
23485,r10i1p1f1,2079,04,20,0.0,26.268724,11.455218,2079
23486,r10i1p1f1,2079,04,21,0.0,26.408941,12.466017,2079
23487,r10i1p1f1,2079,04,22,0.0,25.52724,12.446866,2079
23488,r10i1p1f1,2079,04,23,0.03860182076000216,23.590832,11.635099,2079
23489,r10i1p1f1,2079,04,24,7.047445050636126,18.506134,9.200585,2079
23490,r10i1p1f1,2079,04,25,0.0,20.048346,9.542658,2079
23491,r10i1p1f1,2079,04,26,0.0,24.583664,9.506225,2079
23492,r10i1p1f1,2079,04,27,0.0,23.82374,10.734889,2079
23493,r10i1p1f1,2079,04,28,0.0,23.827019,11.269188,2079
23494,r10i1p1f1,2079,04,29,0.8671109894318139,22.2492,7.9445376,2079
23495,r10i1p1f1,2079,04,30,0.0,18.641878,4.5965548,2079
23496,r10i1p1f1,2079,05,01,0.0,18.834204,5.1045876,2079
23497,r10i1p1f1,2079,05,02,0.11557754645955835,18.845268,7.2995477,2079
23498,r10i1p1f1,2079,05,03,0.0,22.562443,5.9794087,2079
23499,r10i1p1f1,2079,05,04,0.0,24.059177,9.642101,2079
23500,r10i1p1f1,2079,05,05,0.0,23.195795,10.3689575,2079
23501,r10i1p1f1,2079,05,06,0.0,20.914547,5.226365,2079
23502,r10i1p1f1,2079,05,07,0.0,24.821,8.784638,2079
23503,r10i1p1f1,2079,05,08,0.0,29.022972,13.840503,2079
23504,r10i1p1f1,2079,05,09,0.0,30.514542,15.033809,2079
23505,r10i1p1f1,2079,05,10,0.0,30.444422,14.330625,2079
23506,r10i1p1f1,2079,05,11,0.0,30.327257,13.863089,2079
23507,r10i1p1f1,2079,05,12,0.0,29.782137,13.753369,2079
23508,r10i1p1f1,2079,05,13,0.0,27.987722,13.032607,2079
23509,r10i1p1f1,2079,05,14,0.0,26.558992,12.150039,2079
23510,r10i1p1f1,2079,05,15,0.0,25.041338,11.848604,2079
23511,r10i1p1f1,2079,05,16,0.24580236803031816,22.813313,9.633982,2079
23512,r10i1p1f1,2079,05,17,0.0,23.561193,8.677307,2079
23513,r10i1p1f1,2079,05,18,0.0,23.63168,9.106006,2079
23514,r10i1p1f1,2079,05,19,0.023822874333602254,25.419744,9.276777,2079
23515,r10i1p1f1,2079,05,20,0.0,27.149263,10.2575035,2079
23516,r10i1p1f1,2079,05,21,0.0,25.090784,11.164532,2079
23517,r10i1p1f1,2079,05,22,0.16250167659324544,22.715225,8.910941,2079
23518,r10i1p1f1,2079,05,23,40.95965689729813,15.306671,7.078442,2079
23519,r10i1p1f1,2079,05,24,4.986235886826762,22.602558,5.946079,2079
23520,r10i1p1f1,2079,05,25,0.0,29.272568,11.947017,2079
23521,r10i1p1f1,2079,05,26,0.0,29.50993,15.02926,2079
23522,r10i1p1f1,2079,05,27,0.025557258547786132,29.30301,14.675905,2079
23523,r10i1p1f1,2079,05,28,0.0,28.91378,11.663124,2079
23524,r10i1p1f1,2079,05,29,0.0,25.660612,9.31728,2079
23525,r10i1p1f1,2079,05,30,0.0,24.634834,8.911258,2079
23526,r10i1p1f1,2079,05,31,0.0,29.166134,12.193793,2079
23527,r10i1p1f1,2079,06,01,0.0,27.819975,11.442717,2079
23528,r10i1p1f1,2079,06,02,0.0,24.764315,8.857923,2079
23529,r10i1p1f1,2079,06,03,0.0,28.939768,13.456974,2079
23530,r10i1p1f1,2079,06,04,0.0,30.903883,12.684445,2079
23531,r10i1p1f1,2079,06,05,0.0,38.373837,19.239534,2079
23532,r10i1p1f1,2079,06,06,0.0,37.798603,20.91766,2079
23533,r10i1p1f1,2079,06,07,0.0,36.42038,19.366077,2079
23534,r10i1p1f1,2079,06,08,0.0,35.2137,18.346495,2079
23535,r10i1p1f1,2079,06,09,0.0,33.485,16.523575,2079
23536,r10i1p1f1,2079,06,10,0.0,31.473267,13.062929,2079
23537,r10i1p1f1,2079,06,11,0.0,33.945156,19.964048,2079
23538,r10i1p1f1,2079,06,12,0.0,35.28402,22.851831,2079
23539,r10i1p1f1,2079,06,13,0.0,33.030563,17.288397,2079
23540,r10i1p1f1,2079,06,14,0.0,34.350933,17.461405,2079
23541,r10i1p1f1,2079,06,15,0.0,36.70867,19.463335,2079
23542,r10i1p1f1,2079,06,16,0.03636125112567051,38.0894,21.401907,2079
23543,r10i1p1f1,2079,06,17,0.0,35.926777,21.46079,2079
23544,r10i1p1f1,2079,06,18,0.045672372681637124,27.546198,12.620397,2079
23545,r10i1p1f1,2079,06,19,0.0,29.789972,17.854187,2079
23546,r10i1p1f1,2079,06,20,0.0,30.372643,16.498682,2079
23547,r10i1p1f1,2079,06,21,0.0,29.659119,14.230779,2079
23548,r10i1p1f1,2079,06,22,0.4754146610378628,22.780941,7.5783257,2079
23549,r10i1p1f1,2079,06,23,0.0,25.131287,7.989706,2079
23550,r10i1p1f1,2079,06,24,5.272025714714944,20.521244,10.64487,2079
23551,r10i1p1f1,2079,06,25,1.595471278111099,24.85771,7.521021,2079
23552,r10i1p1f1,2079,06,26,0.0,29.38563,13.073002,2079
23553,r10i1p1f1,2079,06,27,0.0,28.316626,13.38444,2079
23554,r10i1p1f1,2079,06,28,0.0,31.599468,14.27752,2079
23555,r10i1p1f1,2079,06,29,0.0,31.58516,17.277376,2079
23556,r10i1p1f1,2079,06,30,0.0,31.627836,15.307763,2079
23557,r10i1p1f1,2079,07,01,0.0,32.244423,15.498201,2079
23558,r10i1p1f1,2079,07,02,0.0,30.906246,14.244404,2079
23559,r10i1p1f1,2079,07,03,0.0,32.826523,16.041563,2079
23560,r10i1p1f1,2079,07,04,0.0,33.09516,15.558575,2079
23561,r10i1p1f1,2079,07,05,0.0,33.389114,14.661166,2079
23562,r10i1p1f1,2079,07,06,0.0,36.448517,19.285944,2079
23563,r10i1p1f1,2079,07,07,0.0,35.704853,18.86376,2079
23564,r10i1p1f1,2079,07,08,0.0,32.26305,17.350744,2079
23565,r10i1p1f1,2079,07,09,0.0,31.98762,14.324343,2079
23566,r10i1p1f1,2079,07,10,0.0,37.090744,18.7347,2079
23567,r10i1p1f1,2079,07,11,0.0,36.86227,20.567638,2079
23568,r10i1p1f1,2079,07,12,0.0,36.14866,20.036871,2079
23569,r10i1p1f1,2079,07,13,0.0,35.50996,18.642971,2079
23570,r10i1p1f1,2079,07,14,0.0,36.280434,19.909643,2079
23571,r10i1p1f1,2079,07,15,0.0,37.18968,20.058155,2079
23572,r10i1p1f1,2079,07,16,0.0,36.853996,18.30567,2079
23573,r10i1p1f1,2079,07,17,0.2472035693962856,37.163647,20.105654,2079
23574,r10i1p1f1,2079,07,18,0.0,36.842144,20.46226,2079
23575,r10i1p1f1,2079,07,19,0.0,36.183346,20.014347,2079
23576,r10i1p1f1,2079,07,20,0.0,38.024136,19.244135,2079
23577,r10i1p1f1,2079,07,21,0.0,39.72904,20.662298,2079
23578,r10i1p1f1,2079,07,22,0.0,40.454872,21.216806,2079
23579,r10i1p1f1,2079,07,23,0.0,40.419933,21.86187,2079
23580,r10i1p1f1,2079,07,24,0.0,39.66485,22.231318,2079
23581,r10i1p1f1,2079,07,25,0.0,39.296032,22.200779,2079
23582,r10i1p1f1,2079,07,26,0.0,38.66513,20.346361,2079
23583,r10i1p1f1,2079,07,27,0.0,38.729736,19.956755,2079
23584,r10i1p1f1,2079,07,28,0.0,39.907608,21.107038,2079
23585,r10i1p1f1,2079,07,29,0.0,40.013763,21.136713,2079
23586,r10i1p1f1,2079,07,30,0.0,39.38795,24.023497,2079
23587,r10i1p1f1,2079,07,31,2.829701095513309,31.835838,24.91574,2079
23588,r10i1p1f1,2079,08,01,0.0,33.453136,18.26466,2079
23589,r10i1p1f1,2079,08,02,0.0,36.57528,20.831587,2079
23590,r10i1p1f1,2079,08,03,0.0,39.091114,20.621605,2079
23591,r10i1p1f1,2079,08,04,0.0,38.661182,23.11822,2079
23592,r10i1p1f1,2079,08,05,0.0,36.68608,19.032415,2079
23593,r10i1p1f1,2079,08,06,0.0,34.56027,17.871317,2079
23594,r10i1p1f1,2079,08,07,0.0,33.671623,16.921143,2079
23595,r10i1p1f1,2079,08,08,0.0,33.63491,15.556274,2079
23596,r10i1p1f1,2079,08,09,0.0,33.81511,15.572367,2079
23597,r10i1p1f1,2079,08,10,0.0,36.04269,17.066286,2079
23598,r10i1p1f1,2079,08,11,0.0,36.543346,21.339218,2079
23599,r10i1p1f1,2079,08,12,0.0,36.848763,19.194706,2079
23600,r10i1p1f1,2079,08,13,0.0,38.940266,19.77624,2079
23601,r10i1p1f1,2079,08,14,0.0,39.283596,20.644703,2079
23602,r10i1p1f1,2079,08,15,0.0,38.061066,20.541252,2079
23603,r10i1p1f1,2079,08,16,0.0,36.149696,20.366652,2079
23604,r10i1p1f1,2079,08,17,0.0,30.982798,14.633693,2079
23605,r10i1p1f1,2079,08,18,0.0,32.365692,15.261951,2079
23606,r10i1p1f1,2079,08,19,0.0,32.6999,15.355645,2079
23607,r10i1p1f1,2079,08,20,0.0,34.926605,17.012379,2079
23608,r10i1p1f1,2079,08,21,0.0,36.774323,19.814547,2079
23609,r10i1p1f1,2079,08,22,0.0,35.46434,17.157917,2079
23610,r10i1p1f1,2079,08,23,0.0,35.094715,15.990887,2079
23611,r10i1p1f1,2079,08,24,0.0,35.27129,19.025047,2079
23612,r10i1p1f1,2079,08,25,0.0,35.034252,17.534468,2079
23613,r10i1p1f1,2079,08,26,0.0,36.78691,19.322565,2079
23614,r10i1p1f1,2079,08,27,0.0,37.67614,20.799395,2079
23615,r10i1p1f1,2079,08,28,0.0,37.878933,21.954617,2079
23616,r10i1p1f1,2079,08,29,0.0,37.709465,20.382765,2079
23617,r10i1p1f1,2079,08,30,0.0,35.980988,20.917974,2079
23618,r10i1p1f1,2079,08,31,0.0,32.648373,15.924568,2079
23619,r10i1p1f1,2079,09,01,0.0,31.714422,15.424154,2079
23620,r10i1p1f1,2079,09,02,0.0,31.562754,14.1208725,2079
23621,r10i1p1f1,2079,09,03,0.0,32.844433,14.910916,2079
23622,r10i1p1f1,2079,09,04,0.0,31.853558,16.97902,2079
23623,r10i1p1f1,2079,09,05,0.0,29.587162,13.451483,2079
23624,r10i1p1f1,2079,09,06,0.0,28.316458,15.552091,2079
23625,r10i1p1f1,2079,09,07,7.771315716730131,31.879244,18.084318,2079
23626,r10i1p1f1,2079,09,08,0.0,30.8024,14.347022,2079
23627,r10i1p1f1,2079,09,09,0.0,34.109173,16.76117,2079
23628,r10i1p1f1,2079,09,10,0.0,35.191338,18.586153,2079
23629,r10i1p1f1,2079,09,11,0.0,34.318245,18.052584,2079
23630,r10i1p1f1,2079,09,12,0.13505566042256664,31.57136,15.833764,2079
23631,r10i1p1f1,2079,09,13,1.1082114160265184,28.874762,12.549963,2079
23632,r10i1p1f1,2079,09,14,22.378649307977053,16.915075,7.644512,2079
23633,r10i1p1f1,2079,09,15,2.62718679779494,16.410212,4.2922935,2079
23634,r10i1p1f1,2079,09,16,0.0,20.48496,3.7304816,2079
23635,r10i1p1f1,2079,09,17,0.0,22.573433,5.9453135,2079
23636,r10i1p1f1,2079,09,18,0.0,25.952684,7.9535313,2079
23637,r10i1p1f1,2079,09,19,0.0,26.671434,10.744145,2079
23638,r10i1p1f1,2079,09,20,0.0,25.766077,9.852048,2079
23639,r10i1p1f1,2079,09,21,0.00920362849444102,23.68303,10.542046,2079
23640,r10i1p1f1,2079,09,22,0.0,28.168564,10.558498,2079
23641,r10i1p1f1,2079,09,23,0.0,30.314608,12.367713,2079
23642,r10i1p1f1,2079,09,24,0.0,33.85147,16.054125,2079
23643,r10i1p1f1,2079,09,25,0.0,33.483974,18.15748,2079
23644,r10i1p1f1,2079,09,26,0.0,31.334793,15.840893,2079
23645,r10i1p1f1,2079,09,27,0.0,30.523232,16.383518,2079
23646,r10i1p1f1,2079,09,28,0.0,28.870005,15.236584,2079
23647,r10i1p1f1,2079,09,29,0.0,28.002188,15.462341,2079
23648,r10i1p1f1,2079,09,30,0.0,26.23158,9.693632,2079
23649,r10i1p1f1,2079,10,01,0.0,26.159815,8.928162,2079
23650,r10i1p1f1,2079,10,02,0.0,23.542635,8.387042,2079
23651,r10i1p1f1,2079,10,03,0.0,21.79436,8.37404,2079
23652,r10i1p1f1,2079,10,04,0.0,23.514664,7.054433,2079
23653,r10i1p1f1,2079,10,05,0.0,22.969263,8.76326,2079
23654,r10i1p1f1,2079,10,06,0.0,21.52736,8.044163,2079
23655,r10i1p1f1,2079,10,07,0.0,25.62243,6.2762885,2079
23656,r10i1p1f1,2079,10,08,0.0,29.117933,10.527522,2079
23657,r10i1p1f1,2079,10,09,0.0,29.758018,15.182794,2079
23658,r10i1p1f1,2079,10,10,0.0,32.472523,15.311784,2079
23659,r10i1p1f1,2079,10,11,0.0,30.309086,14.54639,2079
23660,r10i1p1f1,2079,10,12,0.0,30.846664,15.707414,2079
23661,r10i1p1f1,2079,10,13,0.0,30.125559,17.359896,2079
23662,r10i1p1f1,2079,10,14,12.942284639283523,33.544235,19.914297,2079
23663,r10i1p1f1,2079,10,15,0.0,28.817396,15.44188,2079
23664,r10i1p1f1,2079,10,16,0.0,28.325777,15.6078,2079
23665,r10i1p1f1,2079,10,17,18.45783699215022,29.31204,17.703218,2079
23666,r10i1p1f1,2079,10,18,28.15716253565992,22.78008,9.897645,2079
23667,r10i1p1f1,2079,10,19,0.9690247800335783,15.146192,5.524716,2079
23668,r10i1p1f1,2079,10,20,0.0,21.095453,8.134659,2079
23669,r10i1p1f1,2079,10,21,0.0,25.28735,9.4433775,2079
23670,r10i1p1f1,2079,10,22,0.0,28.994394,13.064502,2079
23671,r10i1p1f1,2079,10,23,0.0,29.478033,14.045833,2079
23672,r10i1p1f1,2079,10,24,0.0,29.44874,16.36906,2079
23673,r10i1p1f1,2079,10,25,0.0,28.567762,15.60628,2079
23674,r10i1p1f1,2079,10,26,0.0,27.48629,14.100981,2079
23675,r10i1p1f1,2079,10,27,0.0,27.94448,12.446939,2079
23676,r10i1p1f1,2079,10,28,0.0,27.713215,15.583085,2079
23677,r10i1p1f1,2079,10,29,16.869038952312334,22.811592,11.751187,2079
23678,r10i1p1f1,2079,10,30,0.12925544968694389,21.035961,8.526999,2079
23679,r10i1p1f1,2079,10,31,0.0,21.816025,9.708205,2079
23680,r10i1p1f1,2079,11,01,0.0,24.28449,8.46684,2079
23681,r10i1p1f1,2079,11,02,0.0,24.757833,12.024652,2079
23682,r10i1p1f1,2079,11,03,26.59237221722785,24.160889,11.769449,2079
23683,r10i1p1f1,2079,11,04,41.07150473405215,16.2015,7.437272,2079
23684,r10i1p1f1,2079,11,05,9.739960956966044,17.949062,8.310883,2079
23685,r10i1p1f1,2079,11,06,0.0,19.559319,6.312941,2079
23686,r10i1p1f1,2079,11,07,0.0,21.126093,8.313506,2079
23687,r10i1p1f1,2079,11,08,0.0,22.765429,7.1798143,2079
23688,r10i1p1f1,2079,11,09,0.0,21.148422,9.22892,2079
23689,r10i1p1f1,2079,11,10,0.0,17.945261,3.745045,2079
23690,r10i1p1f1,2079,11,11,0.0,14.313662,2.4602206,2079
23691,r10i1p1f1,2079,11,12,0.0,16.607014,3.7210662,2079
23692,r10i1p1f1,2079,11,13,0.0,17.414228,8.451604,2079
23693,r10i1p1f1,2079,11,14,16.890550490566774,15.427381,6.491034,2079
23694,r10i1p1f1,2079,11,15,0.015216595248172158,22.151258,9.644227,2079
23695,r10i1p1f1,2079,11,16,0.0,19.188482,7.516178,2079
23696,r10i1p1f1,2079,11,17,11.213582365828762,21.376188,12.0280695,2079
23697,r10i1p1f1,2079,11,18,1.660539572431892,18.449173,14.11835,2079
23698,r10i1p1f1,2079,11,19,5.861210584292789,17.476809,11.941781,2079
23699,r10i1p1f1,2079,11,20,48.16890676248524,16.901026,4.5337925,2079
23700,r10i1p1f1,2079,11,21,21.878730251888843,9.698204,3.8942952,2079
23701,r10i1p1f1,2079,11,22,5.0182434267251095,8.494271,1.8318955,2079
23702,r10i1p1f1,2079,11,23,6.173520058913901,8.185117,0.5863003,2079
23703,r10i1p1f1,2079,11,24,2.2908886932208063,9.788071,1.7039763,2079
23704,r10i1p1f1,2079,11,25,2.537212600145722,9.219861,-0.10536274,2079
23705,r10i1p1f1,2079,11,26,26.49709948715386,9.183189,5.594075,2079
23706,r10i1p1f1,2079,11,27,3.560631682629671,9.269788,-0.26032397,2079
23707,r10i1p1f1,2079,11,28,0.8659698093197221,7.4371467,0.59968644,2079
23708,r10i1p1f1,2079,11,29,15.46247736995084,6.998839,2.092759,2079
23709,r10i1p1f1,2079,11,30,0.30412015472201775,9.608325,-2.8719409,2079
23710,r10i1p1f1,2079,12,01,0.0,10.102176,-0.9880287,2079
23711,r10i1p1f1,2079,12,02,2.697964704030279,9.042981,3.3008115,2079
23712,r10i1p1f1,2079,12,03,1.259103204220561,7.4060564,3.6852658,2079
23713,r10i1p1f1,2079,12,04,26.467648149762105,10.072931,2.4126873,2079
23714,r10i1p1f1,2079,12,05,14.259658280628317,12.714349,7.124849,2079
23715,r10i1p1f1,2079,12,06,63.00787846864152,12.332872,8.074899,2079
23716,r10i1p1f1,2079,12,07,41.05861679693733,14.202547,2.2411635,2079
23717,r10i1p1f1,2079,12,08,0.0,9.925807,-0.8718746,2079
23718,r10i1p1f1,2079,12,09,0.0,12.070285,1.3349917,2079
23719,r10i1p1f1,2079,12,10,31.26233496433614,11.848661,6.3645406,2079
23720,r10i1p1f1,2079,12,11,65.06296671730907,12.026701,4.3067203,2079
23721,r10i1p1f1,2079,12,12,28.383646152858425,8.538119,3.258738,2079
23722,r10i1p1f1,2079,12,13,37.408032204257324,8.70325,3.5843143,2079
23723,r10i1p1f1,2079,12,14,0.0,9.932654,-0.19428353,2079
23724,r10i1p1f1,2079,12,15,0.0,11.640048,2.6327658,2079
23725,r10i1p1f1,2079,12,16,3.992822900727333,9.53672,2.5757034,2079
23726,r10i1p1f1,2079,12,17,14.15830643879752,11.880604,5.671488,2079
23727,r10i1p1f1,2079,12,18,24.235603732430672,13.857637,6.065507,2079
23728,r10i1p1f1,2079,12,19,5.3818414364190845,10.3908205,4.3364334,2079
23729,r10i1p1f1,2079,12,20,0.0,12.065005,2.165063,2079
23730,r10i1p1f1,2079,12,21,0.0,14.27944,1.8130584,2079
23731,r10i1p1f1,2079,12,22,0.0,12.976485,5.3234277,2079
23732,r10i1p1f1,2079,12,23,0.0,11.834836,4.698129,2079
23733,r10i1p1f1,2079,12,24,0.0,11.351906,-0.6169809,2079
23734,r10i1p1f1,2079,12,25,0.0,9.142897,-1.1740104,2079
23735,r10i1p1f1,2079,12,26,0.0,8.850464,-1.6215023,2079
23736,r10i1p1f1,2079,12,27,0.0,10.005402,-1.8497732,2079
23737,r10i1p1f1,2079,12,28,0.0,15.497329,2.7536795,2079
23738,r10i1p1f1,2079,12,29,0.0,18.949957,3.94673,2079
23739,r10i1p1f1,2079,12,30,0.0,16.469788,5.5167565,2079
23740,r10i1p1f1,2079,12,31,0.0,18.875765,6.336285,2079
23741,r10i1p1f1,2080,01,01,0.0,17.670744,7.0053663,2080
23742,r10i1p1f1,2080,01,02,0.0,12.554056,4.20968,2080
23743,r10i1p1f1,2080,01,03,0.0,13.772901,3.339372,2080
23744,r10i1p1f1,2080,01,04,0.0,13.7367325,1.4703563,2080
23745,r10i1p1f1,2080,01,05,0.0,13.18344,2.5776577,2080
23746,r10i1p1f1,2080,01,06,0.0,12.522489,2.7290537,2080
23747,r10i1p1f1,2080,01,07,0.0,15.3009405,3.5489485,2080
23748,r10i1p1f1,2080,01,08,0.0,15.203123,4.9513445,2080
23749,r10i1p1f1,2080,01,09,0.0,19.45188,6.765667,2080
23750,r10i1p1f1,2080,01,10,0.0,18.592474,7.683696,2080
23751,r10i1p1f1,2080,01,11,0.0,16.162231,6.0997615,2080
23752,r10i1p1f1,2080,01,12,0.02210247212133254,15.743777,4.1639967,2080
23753,r10i1p1f1,2080,01,13,35.00668769273417,10.321094,5.6854672,2080
23754,r10i1p1f1,2080,01,14,4.575830419937694,8.915206,3.7695851,2080
23755,r10i1p1f1,2080,01,15,0.03334821927924886,9.903458,2.4633625,2080
23756,r10i1p1f1,2080,01,16,19.883184003533405,8.670795,2.9807386,2080
23757,r10i1p1f1,2080,01,17,0.0,8.905747,-2.1766,2080
23758,r10i1p1f1,2080,01,18,0.0,7.2465186,-4.3936486,2080
23759,r10i1p1f1,2080,01,19,0.0,11.482318,-1.5924947,2080
23760,r10i1p1f1,2080,01,20,0.0,15.205152,2.4771614,2080
23761,r10i1p1f1,2080,01,21,0.0,17.135752,3.7903636,2080
23762,r10i1p1f1,2080,01,22,0.0,21.162678,6.577248,2080
23763,r10i1p1f1,2080,01,23,0.0,19.128286,7.5643063,2080
23764,r10i1p1f1,2080,01,24,0.0,17.541878,7.827219,2080
23765,r10i1p1f1,2080,01,25,0.0,16.920282,5.138506,2080
23766,r10i1p1f1,2080,01,26,0.0,17.55746,5.8071847,2080
23767,r10i1p1f1,2080,01,27,0.0,21.285036,8.826755,2080
23768,r10i1p1f1,2080,01,28,0.0,20.390394,8.9198,2080
23769,r10i1p1f1,2080,01,29,0.0,17.207783,8.481357,2080
23770,r10i1p1f1,2080,01,30,0.0,16.262512,5.144652,2080
23771,r10i1p1f1,2080,01,31,0.019500451329995963,15.047443,9.582157,2080
23772,r10i1p1f1,2080,02,01,0.0,18.665674,5.017591,2080
23773,r10i1p1f1,2080,02,02,0.0,18.901476,8.355457,2080
23774,r10i1p1f1,2080,02,03,17.194679794728902,16.586336,6.062373,2080
23775,r10i1p1f1,2080,02,04,29.590331103444395,15.412,3.8899977,2080
23776,r10i1p1f1,2080,02,05,70.01676415031972,16.714182,6.9440002,2080
23777,r10i1p1f1,2080,02,06,16.994370826834807,17.038221,6.305985,2080
23778,r10i1p1f1,2080,02,07,0.0,12.431033,4.248684,2080
23779,r10i1p1f1,2080,02,08,0.0,17.04764,2.6145163,2080
23780,r10i1p1f1,2080,02,09,0.0,16.71219,5.6083193,2080
23781,r10i1p1f1,2080,02,10,0.0,18.373173,5.8981543,2080
23782,r10i1p1f1,2080,02,11,0.0,20.855457,6.866192,2080
23783,r10i1p1f1,2080,02,12,2.498906825267592,20.393133,8.935117,2080
23784,r10i1p1f1,2080,02,13,7.449438968088591,15.12069,9.340398,2080
23785,r10i1p1f1,2080,02,14,0.0,17.714808,3.9790478,2080
23786,r10i1p1f1,2080,02,15,0.0,16.664259,6.217978,2080
23787,r10i1p1f1,2080,02,16,0.0,18.166227,5.956082,2080
23788,r10i1p1f1,2080,02,17,0.0,16.872726,5.575341,2080
23789,r10i1p1f1,2080,02,18,4.545435098445619,15.662518,6.2030654,2080
23790,r10i1p1f1,2080,02,19,11.550359655704693,15.287175,6.6452503,2080
23791,r10i1p1f1,2080,02,20,0.9275239768744301,12.068411,4.034134,2080
23792,r10i1p1f1,2080,02,21,2.4134239491319787,12.555414,4.8547196,2080
23793,r10i1p1f1,2080,02,22,0.0,18.069372,5.1016035,2080
23794,r10i1p1f1,2080,02,23,0.0,23.709915,6.2002945,2080
23795,r10i1p1f1,2080,02,24,0.0,22.779713,9.703084,2080
23796,r10i1p1f1,2080,02,25,0.0,19.94736,7.7620096,2080
23797,r10i1p1f1,2080,02,26,4.028430859043989,18.512915,8.988736,2080
23798,r10i1p1f1,2080,02,27,2.132238606511811,16.219698,7.0085964,2080
23799,r10i1p1f1,2080,02,28,1.8820890069336154,14.145148,3.4676585,2080
23800,r10i1p1f1,2080,02,29,21.07824600748963,9.818866,3.6444204,2080
23801,r10i1p1f1,2080,03,01,0.0,15.191379,4.896015,2080
23802,r10i1p1f1,2080,03,02,0.0,16.984035,0.80986667,2080
23803,r10i1p1f1,2080,03,03,0.0,15.489178,0.5546102,2080
23804,r10i1p1f1,2080,03,04,2.2238753218217475,11.017202,4.293306,2080
23805,r10i1p1f1,2080,03,05,6.599695382235375,11.316402,3.2944875,2080
23806,r10i1p1f1,2080,03,06,3.3084213384235657,13.2714205,4.276262,2080
23807,r10i1p1f1,2080,03,07,0.6106253458710853,13.240817,8.738707,2080
23808,r10i1p1f1,2080,03,08,0.0,22.34242,8.248436,2080
23809,r10i1p1f1,2080,03,09,0.0,23.41782,7.946107,2080
23810,r10i1p1f1,2080,03,10,0.0,23.877253,10.2933855,2080
23811,r10i1p1f1,2080,03,11,0.0,20.971893,7.7630534,2080
23812,r10i1p1f1,2080,03,12,0.0,20.817099,6.9814973,2080
23813,r10i1p1f1,2080,03,13,0.0,23.269028,7.0371513,2080
23814,r10i1p1f1,2080,03,14,0.0,23.812815,10.45624,2080
23815,r10i1p1f1,2080,03,15,0.0,25.293617,12.204542,2080
23816,r10i1p1f1,2080,03,16,0.16431406808183774,23.153906,9.646079,2080
23817,r10i1p1f1,2080,03,17,23.273887237576815,14.76402,9.827754,2080
23818,r10i1p1f1,2080,03,18,14.0561956473424,14.522403,5.8414807,2080
23819,r10i1p1f1,2080,03,19,4.523180792882972,10.467476,4.7736297,2080
23820,r10i1p1f1,2080,03,20,3.7674376526698135,13.316953,5.8627076,2080
23821,r10i1p1f1,2080,03,21,0.0,18.848202,4.1739583,2080
23822,r10i1p1f1,2080,03,22,0.0,19.048655,6.330347,2080
23823,r10i1p1f1,2080,03,23,3.5313630612060813,14.017713,5.412578,2080
23824,r10i1p1f1,2080,03,24,0.44352106011549614,15.0146,6.166743,2080
23825,r10i1p1f1,2080,03,25,4.274313534762386,19.444712,7.6947246,2080
23826,r10i1p1f1,2080,03,26,0.0,25.541496,8.457325,2080
23827,r10i1p1f1,2080,03,27,0.0,28.473581,12.581708,2080
23828,r10i1p1f1,2080,03,28,0.0,29.108202,14.211328,2080
23829,r10i1p1f1,2080,03,29,0.0,26.035467,11.8539095,2080
23830,r10i1p1f1,2080,03,30,0.0,25.930218,11.961734,2080
23831,r10i1p1f1,2080,03,31,0.0,24.700039,12.107674,2080
23832,r10i1p1f1,2080,04,01,27.496277989733866,20.674282,9.75457,2080
23833,r10i1p1f1,2080,04,02,30.913308843676198,16.72795,7.8768196,2080
23834,r10i1p1f1,2080,04,03,11.494972582716544,15.740103,8.212664,2080
23835,r10i1p1f1,2080,04,04,0.0,20.84264,7.71142,2080
23836,r10i1p1f1,2080,04,05,0.0,24.170938,8.421568,2080
23837,r10i1p1f1,2080,04,06,1.00394104050984,22.856592,9.892815,2080
23838,r10i1p1f1,2080,04,07,9.48499854383906,17.743803,3.7198575,2080
23839,r10i1p1f1,2080,04,08,10.758686199091914,9.569952,1.7555909,2080
23840,r10i1p1f1,2080,04,09,19.745053575484473,9.497772,2.615667,2080
23841,r10i1p1f1,2080,04,10,4.861328885745982,10.658012,2.2338614,2080
23842,r10i1p1f1,2080,04,11,0.0,17.00971,4.218591,2080
23843,r10i1p1f1,2080,04,12,7.059021811475855,15.102924,2.4101956,2080
23844,r10i1p1f1,2080,04,13,17.079526945292997,11.008178,3.7828908,2080
23845,r10i1p1f1,2080,04,14,0.16897635765704572,20.033854,4.9749336,2080
23846,r10i1p1f1,2080,04,15,0.0,23.069193,7.8993034,2080
23847,r10i1p1f1,2080,04,16,0.0,25.64845,9.848705,2080
23848,r10i1p1f1,2080,04,17,0.0,24.427223,12.485728,2080
23849,r10i1p1f1,2080,04,18,0.0,23.864386,11.391241,2080
23850,r10i1p1f1,2080,04,19,6.12220729059405,18.22257,8.575638,2080
23851,r10i1p1f1,2080,04,20,9.143463655221383,17.880611,7.791849,2080
23852,r10i1p1f1,2080,04,21,43.32740294630639,17.378498,6.3831596,2080
23853,r10i1p1f1,2080,04,22,31.820974536669,12.039496,3.9313612,2080
23854,r10i1p1f1,2080,04,23,0.00190651109350208,14.932152,3.208493,2080
23855,r10i1p1f1,2080,04,24,0.0,19.674932,4.2719584,2080
23856,r10i1p1f1,2080,04,25,0.0,21.496515,6.688453,2080
23857,r10i1p1f1,2080,04,26,0.0,21.395487,8.079791,2080
23858,r10i1p1f1,2080,04,27,0.0,26.740036,10.038708,2080
23859,r10i1p1f1,2080,04,28,0.0,25.853178,12.440529,2080
23860,r10i1p1f1,2080,04,29,0.0,26.206486,11.093269,2080
23861,r10i1p1f1,2080,04,30,0.0,25.170477,12.059054,2080
23862,r10i1p1f1,2080,05,01,0.03309033074497405,23.371643,10.766203,2080
23863,r10i1p1f1,2080,05,02,0.0,24.037094,9.138372,2080
23864,r10i1p1f1,2080,05,03,0.0,23.597122,8.361793,2080
23865,r10i1p1f1,2080,05,04,3.0415756700389656,19.573786,4.764475,2080
23866,r10i1p1f1,2080,05,05,3.5093923908717493,16.731174,4.303384,2080
23867,r10i1p1f1,2080,05,06,0.0,22.30098,6.2524805,2080
23868,r10i1p1f1,2080,05,07,0.0,29.010433,11.444409,2080
23869,r10i1p1f1,2080,05,08,0.0,30.423264,16.46698,2080
23870,r10i1p1f1,2080,05,09,0.0,31.286856,14.78036,2080
23871,r10i1p1f1,2080,05,10,0.0,30.068777,13.3769655,2080
23872,r10i1p1f1,2080,05,11,0.0,27.867212,13.946989,2080
23873,r10i1p1f1,2080,05,12,0.0,26.441471,11.041517,2080
23874,r10i1p1f1,2080,05,13,0.0,22.581137,6.1663103,2080
23875,r10i1p1f1,2080,05,14,0.0,23.722645,8.384593,2080
23876,r10i1p1f1,2080,05,15,0.0,23.436417,8.132641,2080
23877,r10i1p1f1,2080,05,16,16.69375512635605,17.499426,5.2026687,2080
23878,r10i1p1f1,2080,05,17,14.218573390845497,13.878106,4.4874234,2080
23879,r10i1p1f1,2080,05,18,0.4214144566294396,17.253675,5.1369357,2080
23880,r10i1p1f1,2080,05,19,0.0,21.8409,6.9872823,2080
23881,r10i1p1f1,2080,05,20,0.0,27.713501,9.925433,2080
23882,r10i1p1f1,2080,05,21,0.0,30.032194,13.709273,2080
23883,r10i1p1f1,2080,05,22,0.0,31.4111,16.097692,2080
23884,r10i1p1f1,2080,05,23,0.0,31.003437,15.901003,2080
23885,r10i1p1f1,2080,05,24,0.0,27.445486,14.737969,2080
23886,r10i1p1f1,2080,05,25,1.1450261998010989,24.492765,9.698346,2080
23887,r10i1p1f1,2080,05,26,1.9749283619411901,24.26517,10.039143,2080
23888,r10i1p1f1,2080,05,27,1.737781256789324,26.766714,9.875552,2080
23889,r10i1p1f1,2080,05,28,12.648278674015799,22.80864,9.148401,2080
23890,r10i1p1f1,2080,05,29,19.413668257766403,18.142923,10.6069355,2080
23891,r10i1p1f1,2080,05,30,0.0008247144562215238,24.814976,10.179376,2080
23892,r10i1p1f1,2080,05,31,0.0,28.41079,11.539945,2080
23893,r10i1p1f1,2080,06,01,0.0,31.741928,14.052765,2080
23894,r10i1p1f1,2080,06,02,0.0,30.405127,16.292448,2080
23895,r10i1p1f1,2080,06,03,0.0,25.419348,14.387634,2080
23896,r10i1p1f1,2080,06,04,0.0,25.225643,8.967041,2080
23897,r10i1p1f1,2080,06,05,0.0,29.850561,13.020654,2080
23898,r10i1p1f1,2080,06,06,0.0,33.425186,15.518841,2080
23899,r10i1p1f1,2080,06,07,0.0,32.970936,15.570521,2080
23900,r10i1p1f1,2080,06,08,0.0,31.123863,13.876547,2080
23901,r10i1p1f1,2080,06,09,8.849304568789911,21.142752,6.178407,2080
23902,r10i1p1f1,2080,06,10,1.389329850005532,20.573751,7.0898695,2080
23903,r10i1p1f1,2080,06,11,0.0,26.679123,8.637409,2080
23904,r10i1p1f1,2080,06,12,0.0,27.088858,10.105783,2080
23905,r10i1p1f1,2080,06,13,0.0,26.279951,9.616472,2080
23906,r10i1p1f1,2080,06,14,0.0,25.844364,9.793706,2080
23907,r10i1p1f1,2080,06,15,0.0,26.222935,8.601919,2080
23908,r10i1p1f1,2080,06,16,0.0,28.688002,10.000119,2080
23909,r10i1p1f1,2080,06,17,0.0,32.133476,13.673755,2080
23910,r10i1p1f1,2080,06,18,0.0,31.43928,13.700986,2080
23911,r10i1p1f1,2080,06,19,0.0,28.223755,13.6183405,2080
23912,r10i1p1f1,2080,06,20,0.0,30.15864,12.852946,2080
23913,r10i1p1f1,2080,06,21,0.0,30.374943,13.659986,2080
23914,r10i1p1f1,2080,06,22,0.0,29.808645,12.635567,2080
23915,r10i1p1f1,2080,06,23,0.0,28.52309,11.090074,2080
23916,r10i1p1f1,2080,06,24,0.0,28.27603,11.519934,2080
23917,r10i1p1f1,2080,06,25,0.0,30.185791,12.480937,2080
23918,r10i1p1f1,2080,06,26,0.0,32.924335,14.364209,2080
23919,r10i1p1f1,2080,06,27,0.0,32.263504,15.5763035,2080
23920,r10i1p1f1,2080,06,28,0.0,34.757824,16.165854,2080
23921,r10i1p1f1,2080,06,29,0.0,34.213894,17.65316,2080
23922,r10i1p1f1,2080,06,30,0.0,34.330486,17.31965,2080
23923,r10i1p1f1,2080,07,01,0.0,35.238026,19.043856,2080
23924,r10i1p1f1,2080,07,02,0.0,36.804604,20.11506,2080
23925,r10i1p1f1,2080,07,03,0.0,36.40812,21.579391,2080
23926,r10i1p1f1,2080,07,04,0.0,34.97512,19.5972,2080
23927,r10i1p1f1,2080,07,05,0.0,33.395863,16.582962,2080
23928,r10i1p1f1,2080,07,06,0.0,32.93805,16.239752,2080
23929,r10i1p1f1,2080,07,07,0.0,33.500378,17.60217,2080
23930,r10i1p1f1,2080,07,08,0.0,32.431362,16.221647,2080
23931,r10i1p1f1,2080,07,09,0.0,33.41515,15.765493,2080
23932,r10i1p1f1,2080,07,10,0.0,34.34178,15.410908,2080
23933,r10i1p1f1,2080,07,11,0.0,35.184227,18.288359,2080
23934,r10i1p1f1,2080,07,12,0.0,34.43924,18.88761,2080
23935,r10i1p1f1,2080,07,13,0.0,32.809578,16.471771,2080
23936,r10i1p1f1,2080,07,14,0.0,32.21584,16.074347,2080
23937,r10i1p1f1,2080,07,15,0.0,28.988224,13.708029,2080
23938,r10i1p1f1,2080,07,16,0.0,31.204767,14.031348,2080
23939,r10i1p1f1,2080,07,17,0.0,33.20523,16.06491,2080
23940,r10i1p1f1,2080,07,18,0.0,34.150253,17.392288,2080
23941,r10i1p1f1,2080,07,19,0.0,33.870785,17.325785,2080
23942,r10i1p1f1,2080,07,20,0.0,33.754543,17.136,2080
23943,r10i1p1f1,2080,07,21,0.0,35.47224,18.153885,2080
23944,r10i1p1f1,2080,07,22,0.0,34.64087,19.57107,2080
23945,r10i1p1f1,2080,07,23,0.0,34.25862,22.652168,2080
23946,r10i1p1f1,2080,07,24,0.0,37.852398,20.121239,2080
23947,r10i1p1f1,2080,07,25,0.0,38.3362,21.465826,2080
23948,r10i1p1f1,2080,07,26,0.0,37.325,20.868258,2080
23949,r10i1p1f1,2080,07,27,0.0,36.25468,18.852892,2080
23950,r10i1p1f1,2080,07,28,0.0,36.633698,19.011646,2080
23951,r10i1p1f1,2080,07,29,0.0,37.554348,18.636166,2080
23952,r10i1p1f1,2080,07,30,0.0,38.384136,20.999624,2080
23953,r10i1p1f1,2080,07,31,0.0,37.943317,20.915049,2080
23954,r10i1p1f1,2080,08,01,0.0,38.422813,19.485205,2080
23955,r10i1p1f1,2080,08,02,0.0,37.360794,20.056198,2080
23956,r10i1p1f1,2080,08,03,0.0,36.239147,19.779087,2080
23957,r10i1p1f1,2080,08,04,0.0,35.646446,19.282452,2080
23958,r10i1p1f1,2080,08,05,0.0,35.86209,18.069113,2080
23959,r10i1p1f1,2080,08,06,0.0,40.523514,22.181103,2080
23960,r10i1p1f1,2080,08,07,0.0,45.15236,26.611105,2080
23961,r10i1p1f1,2080,08,08,0.0,45.67174,27.669336,2080
23962,r10i1p1f1,2080,08,09,0.22940016795856585,44.0451,27.268976,2080
23963,r10i1p1f1,2080,08,10,0.0,44.2629,26.77754,2080
23964,r10i1p1f1,2080,08,11,0.0,44.96271,27.557531,2080
23965,r10i1p1f1,2080,08,12,0.0,43.94616,26.607416,2080
23966,r10i1p1f1,2080,08,13,0.0,42.90315,25.564674,2080
23967,r10i1p1f1,2080,08,14,0.0,38.107883,22.902594,2080
23968,r10i1p1f1,2080,08,15,0.0,36.85432,20.961805,2080
23969,r10i1p1f1,2080,08,16,0.0,35.87669,20.702152,2080
23970,r10i1p1f1,2080,08,17,0.0,34.262543,19.202127,2080
23971,r10i1p1f1,2080,08,18,0.0,35.557728,17.64004,2080
23972,r10i1p1f1,2080,08,19,0.0,38.551647,21.898472,2080
23973,r10i1p1f1,2080,08,20,0.0,38.362015,21.900345,2080
23974,r10i1p1f1,2080,08,21,0.0,40.282997,24.067673,2080
23975,r10i1p1f1,2080,08,22,0.0,41.039845,23.867071,2080
23976,r10i1p1f1,2080,08,23,0.054122869857421485,40.84508,23.435492,2080
23977,r10i1p1f1,2080,08,24,0.0,39.878735,23.951365,2080
23978,r10i1p1f1,2080,08,25,0.0,37.085,23.011711,2080
23979,r10i1p1f1,2080,08,26,0.0,35.91179,21.837036,2080
23980,r10i1p1f1,2080,08,27,0.0,38.34773,21.77228,2080
23981,r10i1p1f1,2080,08,28,0.0,37.70662,21.36351,2080
23982,r10i1p1f1,2080,08,29,0.0,33.176945,20.399067,2080
23983,r10i1p1f1,2080,08,30,0.0,31.816645,14.812545,2080
23984,r10i1p1f1,2080,08,31,0.0,30.646523,13.265121,2080
23985,r10i1p1f1,2080,09,01,0.0,30.014563,14.027553,2080
23986,r10i1p1f1,2080,09,02,0.0,32.637115,14.646306,2080
23987,r10i1p1f1,2080,09,03,0.0,34.669605,17.09783,2080
23988,r10i1p1f1,2080,09,04,0.0,34.26989,16.633041,2080
23989,r10i1p1f1,2080,09,05,0.0,34.15195,17.354273,2080
23990,r10i1p1f1,2080,09,06,0.0,32.70352,16.535608,2080
23991,r10i1p1f1,2080,09,07,0.0,31.702978,14.62781,2080
23992,r10i1p1f1,2080,09,08,0.0,35.27717,16.762001,2080
23993,r10i1p1f1,2080,09,09,0.0,34.012066,17.391418,2080
23994,r10i1p1f1,2080,09,10,0.0,30.61768,15.988816,2080
23995,r10i1p1f1,2080,09,11,0.0,29.783978,13.854399,2080
23996,r10i1p1f1,2080,09,12,27.336496245544893,29.956995,12.958978,2080
23997,r10i1p1f1,2080,09,13,0.0,29.555157,11.096466,2080
23998,r10i1p1f1,2080,09,14,0.0,32.577183,14.796825,2080
23999,r10i1p1f1,2080,09,15,0.0,34.35597,16.561333,2080
24000,r10i1p1f1,2080,09,16,9.294843972685683,37.114506,22.365688,2080
24001,r10i1p1f1,2080,09,17,96.80308165996776,24.878845,16.359613,2080
24002,r10i1p1f1,2080,09,18,0.0,30.356155,14.911353,2080
24003,r10i1p1f1,2080,09,19,0.0,29.921644,14.6479,2080
24004,r10i1p1f1,2080,09,20,7.294498430833062,32.758938,19.077042,2080
24005,r10i1p1f1,2080,09,21,17.28014527623983,29.659672,18.381763,2080
24006,r10i1p1f1,2080,09,22,3.425969076725048,30.726303,17.45807,2080
24007,r10i1p1f1,2080,09,23,7.354646078793418,28.491602,15.585444,2080
24008,r10i1p1f1,2080,09,24,0.0,25.546984,13.622385,2080
24009,r10i1p1f1,2080,09,25,0.0,24.537054,12.3598585,2080
24010,r10i1p1f1,2080,09,26,0.0,25.290659,11.015833,2080
24011,r10i1p1f1,2080,09,27,0.0,26.161423,12.03345,2080
24012,r10i1p1f1,2080,09,28,0.0,28.298973,13.368302,2080
24013,r10i1p1f1,2080,09,29,0.0,29.859838,14.11153,2080
24014,r10i1p1f1,2080,09,30,0.0,29.775972,15.958032,2080
24015,r10i1p1f1,2080,10,01,0.0,30.851112,17.048418,2080
24016,r10i1p1f1,2080,10,02,0.0,34.37047,16.993322,2080
24017,r10i1p1f1,2080,10,03,0.0,35.68966,18.732162,2080
24018,r10i1p1f1,2080,10,04,0.0,35.59115,19.509903,2080
24019,r10i1p1f1,2080,10,05,0.0,32.85543,19.027899,2080
24020,r10i1p1f1,2080,10,06,0.0,33.14273,19.182032,2080
24021,r10i1p1f1,2080,10,07,0.0,31.945505,18.65141,2080
24022,r10i1p1f1,2080,10,08,0.0,31.633785,18.40111,2080
24023,r10i1p1f1,2080,10,09,0.0,30.078568,14.511743,2080
24024,r10i1p1f1,2080,10,10,0.0,30.028076,16.575228,2080
24025,r10i1p1f1,2080,10,11,0.0,29.034195,13.733386,2080
24026,r10i1p1f1,2080,10,12,0.0,25.565916,10.036539,2080
24027,r10i1p1f1,2080,10,13,0.0,25.124836,9.077637,2080
24028,r10i1p1f1,2080,10,14,0.0,24.690401,10.79106,2080
24029,r10i1p1f1,2080,10,15,0.0,24.208298,10.684793,2080
24030,r10i1p1f1,2080,10,16,0.0,23.221876,9.758982,2080
24031,r10i1p1f1,2080,10,17,0.0,24.520512,7.485686,2080
24032,r10i1p1f1,2080,10,18,0.0,24.656178,7.5844455,2080
24033,r10i1p1f1,2080,10,19,0.0,26.639261,11.803422,2080
24034,r10i1p1f1,2080,10,20,0.0,28.380733,13.535619,2080
24035,r10i1p1f1,2080,10,21,0.0,29.899513,13.182263,2080
24036,r10i1p1f1,2080,10,22,0.0,30.124924,13.31283,2080
24037,r10i1p1f1,2080,10,23,0.0,26.24746,15.55555,2080
24038,r10i1p1f1,2080,10,24,0.0,24.582008,11.113868,2080
24039,r10i1p1f1,2080,10,25,0.0,24.902014,12.285351,2080
24040,r10i1p1f1,2080,10,26,0.0,28.014488,11.961897,2080
24041,r10i1p1f1,2080,10,27,0.0,27.982435,13.504793,2080
24042,r10i1p1f1,2080,10,28,1.8060984935513453,26.183805,12.560026,2080
24043,r10i1p1f1,2080,10,29,0.5960792969744944,17.491644,8.83764,2080
24044,r10i1p1f1,2080,10,30,4.317398293221087,16.295238,8.595787,2080
24045,r10i1p1f1,2080,10,31,0.2636799512497658,20.632875,6.2490997,2080
24046,r10i1p1f1,2080,11,01,0.0,17.863276,6.624237,2080
24047,r10i1p1f1,2080,11,02,0.0,18.395346,6.442046,2080
24048,r10i1p1f1,2080,11,03,10.105246116980101,19.93609,9.649465,2080
24049,r10i1p1f1,2080,11,04,20.152070053154603,16.19819,10.229206,2080
24050,r10i1p1f1,2080,11,05,46.57674435906014,15.72795,9.572328,2080
24051,r10i1p1f1,2080,11,06,16.882737152014958,14.550903,8.686922,2080
24052,r10i1p1f1,2080,11,07,4.063442708952368,14.795081,7.539382,2080
24053,r10i1p1f1,2080,11,08,3.6803542603305877,15.611505,6.7811623,2080
24054,r10i1p1f1,2080,11,09,0.0,16.961552,6.1254334,2080
24055,r10i1p1f1,2080,11,10,0.0,16.185349,3.260046,2080
24056,r10i1p1f1,2080,11,11,0.0,17.368975,2.999359,2080
24057,r10i1p1f1,2080,11,12,0.0,15.712663,4.772915,2080
24058,r10i1p1f1,2080,11,13,12.233181268981609,13.227199,8.726604,2080
24059,r10i1p1f1,2080,11,14,20.83459141921546,14.434498,10.095201,2080
24060,r10i1p1f1,2080,11,15,3.375783969750046,17.785187,10.872469,2080
24061,r10i1p1f1,2080,11,16,12.84304021870699,16.491577,8.858266,2080
24062,r10i1p1f1,2080,11,17,0.0,17.69021,4.905694,2080
24063,r10i1p1f1,2080,11,18,0.0,18.370281,6.4652114,2080
24064,r10i1p1f1,2080,11,19,0.03463557207540266,18.690979,8.733243,2080
24065,r10i1p1f1,2080,11,20,0.0,16.662426,7.5404534,2080
24066,r10i1p1f1,2080,11,21,10.863951271657195,15.044267,7.9178123,2080
24067,r10i1p1f1,2080,11,22,2.34361720195011,14.519818,3.5492103,2080
24068,r10i1p1f1,2080,11,23,0.038381908760991214,13.8649435,6.1829085,2080
24069,r10i1p1f1,2080,11,24,41.31019724460968,13.30327,6.635235,2080
24070,r10i1p1f1,2080,11,25,23.179396594902133,12.009176,3.926158,2080
24071,r10i1p1f1,2080,11,26,13.641200818605476,8.481006,2.3455563,2080
24072,r10i1p1f1,2080,11,27,6.0468598883936036,9.355143,2.5784528,2080
24073,r10i1p1f1,2080,11,28,21.2762786109172,8.278359,3.2806401,2080
24074,r10i1p1f1,2080,11,29,11.650230152621301,7.6676626,3.1044168,2080
24075,r10i1p1f1,2080,11,30,41.875493508690084,10.64469,3.8137271,2080
24076,r10i1p1f1,2080,12,01,13.173024969000835,9.815409,4.7476606,2080
24077,r10i1p1f1,2080,12,02,0.4923794367785281,9.711911,3.9706986,2080
24078,r10i1p1f1,2080,12,03,0.0,10.614966,1.0490661,2080
24079,r10i1p1f1,2080,12,04,0.0,13.072346,3.0696468,2080
24080,r10i1p1f1,2080,12,05,0.0,12.555239,3.0628402,2080
24081,r10i1p1f1,2080,12,06,0.0,14.827531,3.7039292,2080
24082,r10i1p1f1,2080,12,07,0.0,17.457558,4.705008,2080
24083,r10i1p1f1,2080,12,08,0.0,17.566666,5.7594705,2080
24084,r10i1p1f1,2080,12,09,0.0,17.2202,6.9675384,2080
24085,r10i1p1f1,2080,12,10,0.0,17.762753,5.1379356,2080
24086,r10i1p1f1,2080,12,11,0.0,16.45125,7.3288517,2080
24087,r10i1p1f1,2080,12,12,17.077491693750122,14.286727,8.052122,2080
24088,r10i1p1f1,2080,12,13,7.241550554738895,11.949143,7.6461577,2080
24089,r10i1p1f1,2080,12,14,17.25780520340011,10.831332,7.4647155,2080
24090,r10i1p1f1,2080,12,15,36.34890655766388,10.497806,5.9342446,2080
24091,r10i1p1f1,2080,12,16,2.137243161943939,10.717672,4.8078437,2080
24092,r10i1p1f1,2080,12,17,23.143868058564532,10.0419035,4.5731964,2080
24093,r10i1p1f1,2080,12,18,21.896440118679923,10.94272,4.391854,2080
24094,r10i1p1f1,2080,12,19,7.557736969417754,9.521215,1.3545828,2080
24095,r10i1p1f1,2080,12,20,2.6074073794485515,9.993197,2.2290542,2080
24096,r10i1p1f1,2080,12,21,19.42642918009752,10.030337,5.2854943,2080
24097,r10i1p1f1,2080,12,22,46.15192523189379,12.370943,5.8780694,2080
24098,r10i1p1f1,2080,12,23,40.54210553157119,13.364514,3.982172,2080
24099,r10i1p1f1,2080,12,24,7.377201116430928,8.783483,3.6245835,2080
24100,r10i1p1f1,2080,12,25,53.39251964377534,9.387732,3.4135842,2080
24101,r10i1p1f1,2080,12,26,1.6850019269345227,7.5110755,2.6615417,2080
24102,r10i1p1f1,2080,12,27,0.0,8.437633,2.6645956,2080
24103,r10i1p1f1,2080,12,28,0.0031482226691686697,15.388836,3.0713024,2080
24104,r10i1p1f1,2080,12,29,13.0626878103756,11.3438835,5.2290883,2080
24105,r10i1p1f1,2080,12,30,1.080312185340996,10.648433,3.8224888,2080
24106,r10i1p1f1,2080,12,31,0.0,11.668406,1.8964133,2080
24107,r10i1p1f1,2081,01,01,0.0,18.359802,4.6679206,2081
24108,r10i1p1f1,2081,01,02,0.0,18.193222,7.3724732,2081
24109,r10i1p1f1,2081,01,03,0.0,17.907806,7.2189484,2081
24110,r10i1p1f1,2081,01,04,0.0,16.437504,7.1710935,2081
24111,r10i1p1f1,2081,01,05,5.046339982666388,13.090196,7.1850796,2081
24112,r10i1p1f1,2081,01,06,15.024261870176383,13.335391,7.896409,2081
24113,r10i1p1f1,2081,01,07,0.0,13.506381,6.682301,2081
24114,r10i1p1f1,2081,01,08,0.0,14.240227,2.4074187,2081
24115,r10i1p1f1,2081,01,09,1.309179191364245,12.234828,2.461474,2081
24116,r10i1p1f1,2081,01,10,42.325953368440665,13.218178,1.3145405,2081
24117,r10i1p1f1,2081,01,11,9.95669395656717,6.517276,-0.5524354,2081
24118,r10i1p1f1,2081,01,12,15.322215317772995,6.6672187,1.3437213,2081
24119,r10i1p1f1,2081,01,13,7.4188432214884275,9.297795,2.1888773,2081
24120,r10i1p1f1,2081,01,14,0.0,11.892911,6.765445,2081
24121,r10i1p1f1,2081,01,15,71.04512211057897,12.864232,5.3057942,2081
24122,r10i1p1f1,2081,01,16,8.974160947845553,11.991375,1.8532876,2081
24123,r10i1p1f1,2081,01,17,1.189393810586568,8.077215,0.1534199,2081
24124,r10i1p1f1,2081,01,18,0.0,9.067143,0.3476689,2081
24125,r10i1p1f1,2081,01,19,0.0,11.68662,-0.34763756,2081
24126,r10i1p1f1,2081,01,20,0.0,13.919983,1.2606069,2081
24127,r10i1p1f1,2081,01,21,0.0,18.129942,5.5683465,2081
24128,r10i1p1f1,2081,01,22,0.0,17.162445,6.3924,2081
24129,r10i1p1f1,2081,01,23,19.96870059535324,13.251981,7.003356,2081
24130,r10i1p1f1,2081,01,24,0.0,20.180017,7.0958076,2081
24131,r10i1p1f1,2081,01,25,0.0,17.618517,7.9357862,2081
24132,r10i1p1f1,2081,01,26,0.0,20.826115,8.185094,2081
24133,r10i1p1f1,2081,01,27,0.0,21.2185,9.218306,2081
24134,r10i1p1f1,2081,01,28,0.0,20.835688,8.857007,2081
24135,r10i1p1f1,2081,01,29,5.973368548706946,18.749086,8.587695,2081
24136,r10i1p1f1,2081,01,30,0.1989372217167329,13.535603,3.6574883,2081
24137,r10i1p1f1,2081,01,31,0.0,14.270245,2.5964077,2081
24138,r10i1p1f1,2081,02,01,0.0,17.41015,5.7275906,2081
24139,r10i1p1f1,2081,02,02,1.9880722037597527,14.954787,6.0327797,2081
24140,r10i1p1f1,2081,02,03,0.0,15.987936,5.9532523,2081
24141,r10i1p1f1,2081,02,04,0.0,16.300486,3.3601663,2081
24142,r10i1p1f1,2081,02,05,0.0,18.07463,5.273583,2081
24143,r10i1p1f1,2081,02,06,0.0,18.67032,6.0157905,2081
24144,r10i1p1f1,2081,02,07,9.186996921581388,16.206175,7.9035916,2081
24145,r10i1p1f1,2081,02,08,0.0,14.716474,4.312911,2081
24146,r10i1p1f1,2081,02,09,25.812813467162318,14.264462,5.06501,2081
24147,r10i1p1f1,2081,02,10,13.469313536954456,14.951851,6.307021,2081
24148,r10i1p1f1,2081,02,11,38.55503432201467,11.118176,3.4085789,2081
24149,r10i1p1f1,2081,02,12,7.244368829859875,8.952873,3.8047822,2081
24150,r10i1p1f1,2081,02,13,0.0,11.676157,1.0101944,2081
24151,r10i1p1f1,2081,02,14,8.996928963154604,9.216405,2.1666598,2081
24152,r10i1p1f1,2081,02,15,19.198153769799607,8.95499,1.5158956,2081
24153,r10i1p1f1,2081,02,16,20.856763119196618,9.427781,1.986483,2081
24154,r10i1p1f1,2081,02,17,9.181662287741538,9.413974,3.4622097,2081
24155,r10i1p1f1,2081,02,18,73.83442262714533,14.843269,4.5461273,2081
24156,r10i1p1f1,2081,02,19,46.864587295873974,14.824118,3.1956217,2081
24157,r10i1p1f1,2081,02,20,0.00048292437871790944,11.323306,0.11042645,2081
24158,r10i1p1f1,2081,02,21,0.0,13.523073,0.550245,2081
24159,r10i1p1f1,2081,02,22,0.0,15.3530245,1.7454888,2081
24160,r10i1p1f1,2081,02,23,0.0,17.257483,4.473652,2081
24161,r10i1p1f1,2081,02,24,0.025516391664687513,18.775373,7.1617246,2081
24162,r10i1p1f1,2081,02,25,0.0,17.174631,5.32903,2081
24163,r10i1p1f1,2081,02,26,0.0,20.100063,7.739719,2081
24164,r10i1p1f1,2081,02,27,5.489995126759152,19.793056,7.959766,2081
24165,r10i1p1f1,2081,02,28,6.443042211881938,10.283462,3.1636486,2081
24166,r10i1p1f1,2081,03,01,0.0,14.087635,2.6048675,2081
24167,r10i1p1f1,2081,03,02,10.048528763581999,10.784722,1.7426659,2081
24168,r10i1p1f1,2081,03,03,15.050874087395833,10.357791,2.5666625,2081
24169,r10i1p1f1,2081,03,04,29.396871528526965,9.704142,3.0841656,2081
24170,r10i1p1f1,2081,03,05,3.1207959913875754,11.929369,3.619535,2081
24171,r10i1p1f1,2081,03,06,0.0,18.553617,1.9059947,2081
24172,r10i1p1f1,2081,03,07,0.0,21.279934,4.7074404,2081
24173,r10i1p1f1,2081,03,08,0.0,21.87671,4.322606,2081
24174,r10i1p1f1,2081,03,09,0.0,21.095505,5.5204844,2081
24175,r10i1p1f1,2081,03,10,0.0,17.788015,7.1318016,2081
24176,r10i1p1f1,2081,03,11,0.0,18.664198,5.1452284,2081
24177,r10i1p1f1,2081,03,12,0.0,18.767553,4.184752,2081
24178,r10i1p1f1,2081,03,13,21.28113505804274,16.841763,3.7358732,2081
24179,r10i1p1f1,2081,03,14,4.380141396636884,10.175433,2.7725768,2081
24180,r10i1p1f1,2081,03,15,0.0,16.342636,1.4203562,2081
24181,r10i1p1f1,2081,03,16,0.0,16.633692,3.2004974,2081
24182,r10i1p1f1,2081,03,17,0.0,15.573644,3.6723762,2081
24183,r10i1p1f1,2081,03,18,0.0,18.273376,4.029109,2081
24184,r10i1p1f1,2081,03,19,0.0,18.585533,4.533673,2081
24185,r10i1p1f1,2081,03,20,23.204365575159166,12.48347,1.8252927,2081
24186,r10i1p1f1,2081,03,21,2.408261499135733,11.828058,3.3429766,2081
24187,r10i1p1f1,2081,03,22,0.14537179166310174,13.376964,5.677344,2081
24188,r10i1p1f1,2081,03,23,0.0,19.248343,4.6188273,2081
24189,r10i1p1f1,2081,03,24,0.0,19.935993,5.7967386,2081
24190,r10i1p1f1,2081,03,25,0.0,22.399168,4.369876,2081
24191,r10i1p1f1,2081,03,26,0.0,22.775799,7.735119,2081
24192,r10i1p1f1,2081,03,27,0.0,21.762833,7.0619764,2081
24193,r10i1p1f1,2081,03,28,2.309884974173608,17.57205,8.157271,2081
24194,r10i1p1f1,2081,03,29,47.24454593961127,11.926216,6.928671,2081
24195,r10i1p1f1,2081,03,30,32.25342202012574,11.425687,7.9071574,2081
24196,r10i1p1f1,2081,03,31,89.47899937323344,14.384444,4.7484446,2081
24197,r10i1p1f1,2081,04,01,7.01258770758087,9.992023,4.2934556,2081
24198,r10i1p1f1,2081,04,02,4.107748720439543,10.816108,2.3881028,2081
24199,r10i1p1f1,2081,04,03,16.97708131162615,11.923704,4.2252054,2081
24200,r10i1p1f1,2081,04,04,0.4844560564738219,14.005178,5.578774,2081
24201,r10i1p1f1,2081,04,05,0.4368894889395099,15.965234,4.1496873,2081
24202,r10i1p1f1,2081,04,06,1.3328117849500574,15.423274,6.092569,2081
24203,r10i1p1f1,2081,04,07,24.783209975392214,13.927424,5.024268,2081
24204,r10i1p1f1,2081,04,08,10.0306387523903,12.301092,2.0259297,2081
24205,r10i1p1f1,2081,04,09,0.009383762297052033,18.600855,2.413983,2081
24206,r10i1p1f1,2081,04,10,0.0,18.645414,5.98402,2081
24207,r10i1p1f1,2081,04,11,25.90561140861705,13.003313,6.8541093,2081
24208,r10i1p1f1,2081,04,12,13.020953922961397,11.521728,4.122108,2081
24209,r10i1p1f1,2081,04,13,0.0,19.34914,6.0223274,2081
24210,r10i1p1f1,2081,04,14,0.0,24.779465,9.026652,2081
24211,r10i1p1f1,2081,04,15,0.0,23.710337,10.730358,2081
24212,r10i1p1f1,2081,04,16,0.0,21.394073,9.380826,2081
24213,r10i1p1f1,2081,04,17,0.32626288695825534,15.953031,4.9226885,2081
24214,r10i1p1f1,2081,04,18,6.786240084004117,11.65275,7.0674424,2081
24215,r10i1p1f1,2081,04,19,0.38770083554386237,14.632427,5.005124,2081
24216,r10i1p1f1,2081,04,20,0.10628356504687538,14.106749,2.274459,2081
24217,r10i1p1f1,2081,04,21,0.0,16.42547,2.0268447,2081
24218,r10i1p1f1,2081,04,22,0.0,18.773544,5.1629014,2081
24219,r10i1p1f1,2081,04,23,0.0,25.65344,9.213416,2081
24220,r10i1p1f1,2081,04,24,0.0,26.686102,11.551747,2081
24221,r10i1p1f1,2081,04,25,0.0,26.312864,12.973473,2081
24222,r10i1p1f1,2081,04,26,1.87033038071269,19.892067,9.096273,2081
24223,r10i1p1f1,2081,04,27,7.059022355334539,16.583992,7.9790063,2081
24224,r10i1p1f1,2081,04,28,4.959010840129371,17.258661,5.8282866,2081
24225,r10i1p1f1,2081,04,29,0.0,25.22909,8.655613,2081
24226,r10i1p1f1,2081,04,30,0.0,28.158615,12.902835,2081
24227,r10i1p1f1,2081,05,01,1.2369573659605904,26.049223,11.750944,2081
24228,r10i1p1f1,2081,05,02,0.0,19.92489,5.6138988,2081
24229,r10i1p1f1,2081,05,03,0.0,20.353998,6.821452,2081
24230,r10i1p1f1,2081,05,04,0.0,20.520172,6.1229467,2081
24231,r10i1p1f1,2081,05,05,0.0,22.391722,8.212935,2081
24232,r10i1p1f1,2081,05,06,0.0,25.195072,10.686311,2081
24233,r10i1p1f1,2081,05,07,0.0,27.08875,12.103756,2081
24234,r10i1p1f1,2081,05,08,0.0,26.847599,11.332299,2081
24235,r10i1p1f1,2081,05,09,0.0,29.31305,12.775536,2081
24236,r10i1p1f1,2081,05,10,0.0,28.168457,12.51105,2081
24237,r10i1p1f1,2081,05,11,0.0,27.737787,10.989149,2081
24238,r10i1p1f1,2081,05,12,0.1980396280965866,28.165598,13.12092,2081
24239,r10i1p1f1,2081,05,13,0.0,28.343718,12.994928,2081
24240,r10i1p1f1,2081,05,14,0.0,30.055998,13.934503,2081
24241,r10i1p1f1,2081,05,15,0.0,29.827133,15.551828,2081
24242,r10i1p1f1,2081,05,16,0.0,22.759037,8.982851,2081
24243,r10i1p1f1,2081,05,17,0.0,27.236778,11.888683,2081
24244,r10i1p1f1,2081,05,18,0.0,26.810492,11.707043,2081
24245,r10i1p1f1,2081,05,19,1.0960837823667564,23.73215,8.765222,2081
24246,r10i1p1f1,2081,05,20,0.0,24.822523,7.1569557,2081
24247,r10i1p1f1,2081,05,21,0.0,28.792532,11.902781,2081
24248,r10i1p1f1,2081,05,22,0.0,29.563637,12.229081,2081
24249,r10i1p1f1,2081,05,23,0.0,35.326305,19.363989,2081
24250,r10i1p1f1,2081,05,24,0.0,36.58781,20.54171,2081
24251,r10i1p1f1,2081,05,25,0.0,36.86036,21.11999,2081
24252,r10i1p1f1,2081,05,26,0.0,35.783913,20.228127,2081
24253,r10i1p1f1,2081,05,27,0.0,34.853027,20.079523,2081
24254,r10i1p1f1,2081,05,28,0.0,31.361862,14.88589,2081
24255,r10i1p1f1,2081,05,29,0.0,32.542713,17.419886,2081
24256,r10i1p1f1,2081,05,30,0.0,31.531141,17.298798,2081
24257,r10i1p1f1,2081,05,31,0.0,32.903057,18.69401,2081
24258,r10i1p1f1,2081,06,01,0.0,33.738884,16.373785,2081
24259,r10i1p1f1,2081,06,02,0.15270645276120232,25.666655,7.583017,2081
24260,r10i1p1f1,2081,06,03,0.3456023410284328,27.213652,10.842287,2081
24261,r10i1p1f1,2081,06,04,0.2506550840516746,29.224962,12.155564,2081
24262,r10i1p1f1,2081,06,05,1.4094026218069637,31.02885,15.505017,2081
24263,r10i1p1f1,2081,06,06,0.6837758802870858,28.89129,14.236779,2081
24264,r10i1p1f1,2081,06,07,0.0,27.676926,12.785231,2081
24265,r10i1p1f1,2081,06,08,0.0,29.543528,13.671215,2081
24266,r10i1p1f1,2081,06,09,0.0,27.360634,14.035553,2081
24267,r10i1p1f1,2081,06,10,0.0,27.360388,13.803493,2081
24268,r10i1p1f1,2081,06,11,0.0,26.390217,12.002526,2081
24269,r10i1p1f1,2081,06,12,0.0,27.35666,12.093922,2081
24270,r10i1p1f1,2081,06,13,0.0,28.852257,12.201014,2081
24271,r10i1p1f1,2081,06,14,0.0,28.366053,13.01766,2081
24272,r10i1p1f1,2081,06,15,0.0,28.813969,10.836075,2081
24273,r10i1p1f1,2081,06,16,0.0,35.77454,16.847332,2081
24274,r10i1p1f1,2081,06,17,0.0,36.939877,18.059134,2081
24275,r10i1p1f1,2081,06,18,0.0,38.107006,21.269848,2081
24276,r10i1p1f1,2081,06,19,0.0,36.8778,21.069206,2081
24277,r10i1p1f1,2081,06,20,0.0,38.86042,21.308493,2081
24278,r10i1p1f1,2081,06,21,0.0,38.24674,20.919088,2081
24279,r10i1p1f1,2081,06,22,0.0,34.157074,20.743822,2081
24280,r10i1p1f1,2081,06,23,0.0,36.517418,22.002449,2081
24281,r10i1p1f1,2081,06,24,0.0,36.561485,20.438496,2081
24282,r10i1p1f1,2081,06,25,0.0,36.52935,19.20958,2081
24283,r10i1p1f1,2081,06,26,0.0,37.110424,20.150465,2081
24284,r10i1p1f1,2081,06,27,0.0,37.69185,20.418617,2081
24285,r10i1p1f1,2081,06,28,0.0,37.08288,20.713541,2081
24286,r10i1p1f1,2081,06,29,0.0,38.978,22.141203,2081
24287,r10i1p1f1,2081,06,30,0.0,38.45856,23.020683,2081
24288,r10i1p1f1,2081,07,01,0.0,37.98748,22.310717,2081
24289,r10i1p1f1,2081,07,02,0.0,36.40697,20.070839,2081
24290,r10i1p1f1,2081,07,03,0.0,34.69333,18.452724,2081
24291,r10i1p1f1,2081,07,04,0.0,34.910465,18.453283,2081
24292,r10i1p1f1,2081,07,05,0.0,34.385345,17.629675,2081
24293,r10i1p1f1,2081,07,06,0.0,30.184391,14.504488,2081
24294,r10i1p1f1,2081,07,07,0.0,30.285439,12.671434,2081
24295,r10i1p1f1,2081,07,08,0.0,34.368538,16.283974,2081
24296,r10i1p1f1,2081,07,09,0.0,35.288578,18.561523,2081
24297,r10i1p1f1,2081,07,10,0.0,35.07118,18.231092,2081
24298,r10i1p1f1,2081,07,11,0.0,31.55082,14.836757,2081
24299,r10i1p1f1,2081,07,12,0.0,30.377592,13.825956,2081
24300,r10i1p1f1,2081,07,13,0.0,32.511055,14.911405,2081
24301,r10i1p1f1,2081,07,14,0.0,32.378166,15.59897,2081
24302,r10i1p1f1,2081,07,15,0.0,34.044827,16.725271,2081
24303,r10i1p1f1,2081,07,16,0.0,35.8674,17.005018,2081
24304,r10i1p1f1,2081,07,17,0.0,39.06775,21.03097,2081
24305,r10i1p1f1,2081,07,18,0.0,39.159492,21.69586,2081
24306,r10i1p1f1,2081,07,19,0.0,38.708595,21.378431,2081
24307,r10i1p1f1,2081,07,20,0.0,37.772594,20.544512,2081
24308,r10i1p1f1,2081,07,21,0.0,38.290783,19.273746,2081
24309,r10i1p1f1,2081,07,22,0.0,37.521694,19.473623,2081
24310,r10i1p1f1,2081,07,23,0.0,36.590466,19.52276,2081
24311,r10i1p1f1,2081,07,24,0.0,35.8856,18.158878,2081
24312,r10i1p1f1,2081,07,25,0.0,40.36332,20.905264,2081
24313,r10i1p1f1,2081,07,26,0.0,42.201706,23.280632,2081
24314,r10i1p1f1,2081,07,27,0.0,41.45229,23.872831,2081
24315,r10i1p1f1,2081,07,28,0.0,37.839424,20.769056,2081
24316,r10i1p1f1,2081,07,29,0.0,36.489105,18.76664,2081
24317,r10i1p1f1,2081,07,30,0.0,37.815037,18.822962,2081
24318,r10i1p1f1,2081,07,31,0.0,36.81277,18.248524,2081
24319,r10i1p1f1,2081,08,01,0.0,36.359222,18.395927,2081
24320,r10i1p1f1,2081,08,02,0.0,37.39605,19.082329,2081
24321,r10i1p1f1,2081,08,03,0.0,36.13337,17.836185,2081
24322,r10i1p1f1,2081,08,04,0.0,35.338707,16.783686,2081
24323,r10i1p1f1,2081,08,05,0.0,38.451813,19.534618,2081
24324,r10i1p1f1,2081,08,06,0.0,39.853325,21.64173,2081
24325,r10i1p1f1,2081,08,07,0.0,40.11206,21.902328,2081
24326,r10i1p1f1,2081,08,08,0.0,38.995483,20.593826,2081
24327,r10i1p1f1,2081,08,09,0.0,37.42061,18.493563,2081
24328,r10i1p1f1,2081,08,10,0.0,35.5101,17.550503,2081
24329,r10i1p1f1,2081,08,11,0.0,31.378948,15.2245035,2081
24330,r10i1p1f1,2081,08,12,0.0,30.987986,12.807574,2081
24331,r10i1p1f1,2081,08,13,0.0,29.340002,13.809519,2081
24332,r10i1p1f1,2081,08,14,0.0,29.873285,12.436969,2081
24333,r10i1p1f1,2081,08,15,0.0,31.118906,14.000125,2081
24334,r10i1p1f1,2081,08,16,0.0,32.14483,14.304331,2081
24335,r10i1p1f1,2081,08,17,0.0,31.470018,13.674697,2081
24336,r10i1p1f1,2081,08,18,0.0,31.707722,14.683652,2081
24337,r10i1p1f1,2081,08,19,0.0,30.478125,13.674887,2081
24338,r10i1p1f1,2081,08,20,0.0,29.33142,12.4790535,2081
24339,r10i1p1f1,2081,08,21,0.0,30.055565,13.004901,2081
24340,r10i1p1f1,2081,08,22,0.0,36.426468,18.510414,2081
24341,r10i1p1f1,2081,08,23,0.0,38.51385,21.755636,2081
24342,r10i1p1f1,2081,08,24,0.0,37.42898,20.828058,2081
24343,r10i1p1f1,2081,08,25,0.0,35.38315,18.608217,2081
24344,r10i1p1f1,2081,08,26,0.0,33.77983,21.455132,2081
24345,r10i1p1f1,2081,08,27,0.0,33.681717,13.717292,2081
24346,r10i1p1f1,2081,08,28,0.0,32.239853,16.116224,2081
24347,r10i1p1f1,2081,08,29,0.0,34.37706,15.363361,2081
24348,r10i1p1f1,2081,08,30,0.0,34.435295,15.227825,2081
24349,r10i1p1f1,2081,08,31,0.0,33.730316,15.772128,2081
24350,r10i1p1f1,2081,09,01,0.0,33.05925,16.66124,2081
24351,r10i1p1f1,2081,09,02,0.0,29.139612,13.172004,2081
24352,r10i1p1f1,2081,09,03,0.0,24.602219,11.492159,2081
24353,r10i1p1f1,2081,09,04,0.0,26.126816,10.288858,2081
24354,r10i1p1f1,2081,09,05,0.0,30.994623,12.1525345,2081
24355,r10i1p1f1,2081,09,06,0.0,34.576588,16.50903,2081
24356,r10i1p1f1,2081,09,07,0.0,35.368744,18.237099,2081
24357,r10i1p1f1,2081,09,08,0.0,34.152622,16.722557,2081
24358,r10i1p1f1,2081,09,09,0.0,32.674427,15.741696,2081
24359,r10i1p1f1,2081,09,10,0.0,31.320839,14.436562,2081
24360,r10i1p1f1,2081,09,11,0.0,29.884136,13.539946,2081
24361,r10i1p1f1,2081,09,12,0.0,30.589252,14.256909,2081
24362,r10i1p1f1,2081,09,13,0.0,29.792767,12.598634,2081
24363,r10i1p1f1,2081,09,14,0.0,27.849854,11.038762,2081
24364,r10i1p1f1,2081,09,15,0.0,29.721285,12.377021,2081
24365,r10i1p1f1,2081,09,16,0.022115007753822476,22.527864,8.899345,2081
24366,r10i1p1f1,2081,09,17,0.10352332722768072,24.836205,9.6908865,2081
24367,r10i1p1f1,2081,09,18,0.0,26.469347,10.089627,2081
24368,r10i1p1f1,2081,09,19,0.0,25.124956,10.957787,2081
24369,r10i1p1f1,2081,09,20,0.0,27.585838,9.764946,2081
24370,r10i1p1f1,2081,09,21,0.0,31.324234,15.543964,2081
24371,r10i1p1f1,2081,09,22,0.0,33.289005,16.895435,2081
24372,r10i1p1f1,2081,09,23,0.0,32.99845,16.393465,2081
24373,r10i1p1f1,2081,09,24,0.0,31.996666,17.975142,2081
24374,r10i1p1f1,2081,09,25,0.0,30.425312,15.944169,2081
24375,r10i1p1f1,2081,09,26,0.0,30.3039,15.449885,2081
24376,r10i1p1f1,2081,09,27,0.0,29.004835,13.429999,2081
24377,r10i1p1f1,2081,09,28,0.0,28.741121,12.830359,2081
24378,r10i1p1f1,2081,09,29,0.0,27.88552,12.367624,2081
24379,r10i1p1f1,2081,09,30,0.0,25.43516,11.045978,2081
24380,r10i1p1f1,2081,10,01,0.0,23.434017,10.957892,2081
24381,r10i1p1f1,2081,10,02,0.0,24.520658,11.167641,2081
24382,r10i1p1f1,2081,10,03,0.0,23.759567,9.846944,2081
24383,r10i1p1f1,2081,10,04,0.0,21.20506,7.942667,2081
24384,r10i1p1f1,2081,10,05,0.0,21.424343,7.620917,2081
24385,r10i1p1f1,2081,10,06,0.0,24.556889,10.93527,2081
24386,r10i1p1f1,2081,10,07,0.0,26.502573,10.506245,2081
24387,r10i1p1f1,2081,10,08,0.0,26.60077,10.244495,2081
24388,r10i1p1f1,2081,10,09,0.0,25.342892,7.931493,2081
24389,r10i1p1f1,2081,10,10,0.0,20.096218,7.530642,2081
24390,r10i1p1f1,2081,10,11,0.0,20.537601,8.035901,2081
24391,r10i1p1f1,2081,10,12,0.0,23.120794,8.105919,2081
24392,r10i1p1f1,2081,10,13,0.0,24.60502,8.920597,2081
24393,r10i1p1f1,2081,10,14,0.0,25.844212,9.57669,2081
24394,r10i1p1f1,2081,10,15,0.0,25.242407,8.533235,2081
24395,r10i1p1f1,2081,10,16,0.0,20.668692,8.441081,2081
24396,r10i1p1f1,2081,10,17,0.0,24.445164,8.675108,2081
24397,r10i1p1f1,2081,10,18,0.0,27.317642,9.2781925,2081
24398,r10i1p1f1,2081,10,19,0.0,28.266525,14.980638,2081
24399,r10i1p1f1,2081,10,20,0.0,29.319778,12.200545,2081
24400,r10i1p1f1,2081,10,21,0.0,28.345844,12.406607,2081
24401,r10i1p1f1,2081,10,22,0.0,26.630959,11.541598,2081
24402,r10i1p1f1,2081,10,23,0.0,24.492765,10.5879755,2081
24403,r10i1p1f1,2081,10,24,0.0,20.87995,8.819699,2081
24404,r10i1p1f1,2081,10,25,0.0,24.46224,7.6820893,2081
24405,r10i1p1f1,2081,10,26,0.0,26.362925,8.990159,2081
24406,r10i1p1f1,2081,10,27,0.0,26.48556,10.391355,2081
24407,r10i1p1f1,2081,10,28,0.0,26.363869,10.750254,2081
24408,r10i1p1f1,2081,10,29,0.0,23.437527,7.66342,2081
24409,r10i1p1f1,2081,10,30,0.0,20.253807,7.6276245,2081
24410,r10i1p1f1,2081,10,31,0.0,22.734167,8.219002,2081
24411,r10i1p1f1,2081,11,01,0.0,24.648024,9.211686,2081
24412,r10i1p1f1,2081,11,02,0.0,28.97493,12.566639,2081
24413,r10i1p1f1,2081,11,03,0.0,30.187355,11.73841,2081
24414,r10i1p1f1,2081,11,04,0.0,28.609488,11.762128,2081
24415,r10i1p1f1,2081,11,05,0.0,27.545969,15.401849,2081
24416,r10i1p1f1,2081,11,06,0.2575486607240332,27.52932,14.642816,2081
24417,r10i1p1f1,2081,11,07,11.245997462155126,17.857166,11.881276,2081
24418,r10i1p1f1,2081,11,08,0.0,19.515915,6.9466352,2081
24419,r10i1p1f1,2081,11,09,0.0,23.187788,6.716947,2081
24420,r10i1p1f1,2081,11,10,0.0,20.990095,9.15072,2081
24421,r10i1p1f1,2081,11,11,6.0205827832473195,22.464127,10.355435,2081
24422,r10i1p1f1,2081,11,12,15.58447737127273,16.25227,15.138399,2081
24423,r10i1p1f1,2081,11,13,0.4887701763915462,20.417965,8.389206,2081
24424,r10i1p1f1,2081,11,14,2.356027663451019,21.492744,9.711253,2081
24425,r10i1p1f1,2081,11,15,4.001469584067022,17.933552,13.60845,2081
24426,r10i1p1f1,2081,11,16,0.6981291593260003,17.99126,10.513736,2081
24427,r10i1p1f1,2081,11,17,1.1933135167677584,20.72375,8.029055,2081
24428,r10i1p1f1,2081,11,18,0.0,18.250246,5.611781,2081
24429,r10i1p1f1,2081,11,19,11.916683540958298,17.600222,8.32366,2081
24430,r10i1p1f1,2081,11,20,0.06750704018558233,15.195472,4.563215,2081
24431,r10i1p1f1,2081,11,21,6.409421639986441,14.3292265,4.282327,2081
24432,r10i1p1f1,2081,11,22,18.39178988777444,13.714354,6.6158223,2081
24433,r10i1p1f1,2081,11,23,31.96559647024658,13.538478,5.771562,2081
24434,r10i1p1f1,2081,11,24,0.27414650568588467,14.203453,1.5803361,2081
24435,r10i1p1f1,2081,11,25,0.0,14.426708,-0.2778027,2081
24436,r10i1p1f1,2081,11,26,0.0,16.619497,-0.06247912,2081
24437,r10i1p1f1,2081,11,27,0.0,18.011805,5.4334,2081
24438,r10i1p1f1,2081,11,28,0.0,21.565973,7.9115953,2081
24439,r10i1p1f1,2081,11,29,0.0,20.587147,7.234112,2081
24440,r10i1p1f1,2081,11,30,0.0,21.603352,7.2586527,2081
24441,r10i1p1f1,2081,12,01,0.0,22.760176,10.175718,2081
24442,r10i1p1f1,2081,12,02,0.0,23.948753,11.348922,2081
24443,r10i1p1f1,2081,12,03,0.0,24.368855,12.060773,2081
24444,r10i1p1f1,2081,12,04,0.0,22.075426,10.417208,2081
24445,r10i1p1f1,2081,12,05,0.0,19.504946,7.6150103,2081
24446,r10i1p1f1,2081,12,06,0.0,20.628035,8.112804,2081
24447,r10i1p1f1,2081,12,07,0.0,22.270958,9.450659,2081
24448,r10i1p1f1,2081,12,08,0.0,24.928452,11.729595,2081
24449,r10i1p1f1,2081,12,09,0.0,24.57063,11.592408,2081
24450,r10i1p1f1,2081,12,10,0.0,22.405235,12.743401,2081
24451,r10i1p1f1,2081,12,11,0.0,21.531742,12.67691,2081
24452,r10i1p1f1,2081,12,12,0.0,20.433594,8.538596,2081
24453,r10i1p1f1,2081,12,13,0.0,18.73712,8.366446,2081
24454,r10i1p1f1,2081,12,14,0.0,17.301071,6.6775374,2081
24455,r10i1p1f1,2081,12,15,0.0,15.5170145,6.185685,2081
24456,r10i1p1f1,2081,12,16,0.0,19.393963,6.7658057,2081
24457,r10i1p1f1,2081,12,17,0.0,17.15439,7.039004,2081
24458,r10i1p1f1,2081,12,18,0.0,18.158981,6.528279,2081
24459,r10i1p1f1,2081,12,19,0.0,16.736387,5.2813616,2081
24460,r10i1p1f1,2081,12,20,0.0,12.154253,6.301896,2081
24461,r10i1p1f1,2081,12,21,0.8120542423536168,9.956082,5.2481833,2081
24462,r10i1p1f1,2081,12,22,0.0,12.919423,3.5198762,2081
24463,r10i1p1f1,2081,12,23,7.938289561379382,11.290502,5.3572044,2081
24464,r10i1p1f1,2081,12,24,0.0,15.388322,4.141962,2081
24465,r10i1p1f1,2081,12,25,0.0,16.679533,6.0708303,2081
24466,r10i1p1f1,2081,12,26,0.0,17.202988,5.645387,2081
24467,r10i1p1f1,2081,12,27,0.0,17.25768,5.535748,2081
24468,r10i1p1f1,2081,12,28,0.14966292101474354,15.621897,6.666364,2081
24469,r10i1p1f1,2081,12,29,77.7911097632329,12.269643,6.1040206,2081
24470,r10i1p1f1,2081,12,30,13.861255385104174,11.953371,2.3667324,2081
24471,r10i1p1f1,2081,12,31,0.016991362779088758,9.566826,0.18884498,2081
24472,r10i1p1f1,2082,01,01,3.157304759722473,9.518482,2.905303,2082
24473,r10i1p1f1,2082,01,02,0.08816236268522086,10.079698,1.402835,2082
24474,r10i1p1f1,2082,01,03,0.0,9.590316,3.612463,2082
24475,r10i1p1f1,2082,01,04,0.0,11.891231,2.881414,2082
24476,r10i1p1f1,2082,01,05,0.0,12.513495,2.3272865,2082
24477,r10i1p1f1,2082,01,06,0.0,14.720327,3.347772,2082
24478,r10i1p1f1,2082,01,07,0.0,15.364033,2.9997523,2082
24479,r10i1p1f1,2082,01,08,0.0,18.785358,3.4529274,2082
24480,r10i1p1f1,2082,01,09,0.0,16.861792,4.4184203,2082
24481,r10i1p1f1,2082,01,10,0.0,16.617056,5.5035124,2082
24482,r10i1p1f1,2082,01,11,0.0,17.341837,6.632558,2082
24483,r10i1p1f1,2082,01,12,0.0,16.89834,6.150875,2082
24484,r10i1p1f1,2082,01,13,0.0,15.290316,5.1379933,2082
24485,r10i1p1f1,2082,01,14,5.082517091681152,12.848005,8.071541,2082
24486,r10i1p1f1,2082,01,15,0.0,12.830436,5.6679173,2082
24487,r10i1p1f1,2082,01,16,0.0,13.469495,2.5202072,2082
24488,r10i1p1f1,2082,01,17,0.0,16.08675,5.192501,2082
24489,r10i1p1f1,2082,01,18,30.343194928412373,12.211932,5.8182282,2082
24490,r10i1p1f1,2082,01,19,71.91287283601828,17.160934,9.982793,2082
24491,r10i1p1f1,2082,01,20,12.569884825423191,16.453913,6.6418633,2082
24492,r10i1p1f1,2082,01,21,10.367373421994623,13.032017,4.2067437,2082
24493,r10i1p1f1,2082,01,22,0.0,17.379427,5.1554093,2082
24494,r10i1p1f1,2082,01,23,0.0,16.06882,4.4543443,2082
24495,r10i1p1f1,2082,01,24,0.0,15.961487,4.683702,2082
24496,r10i1p1f1,2082,01,25,14.338755997902664,12.979772,7.0671573,2082
24497,r10i1p1f1,2082,01,26,9.342130903735923,9.686137,4.7247405,2082
24498,r10i1p1f1,2082,01,27,0.0,14.370972,2.5143993,2082
24499,r10i1p1f1,2082,01,28,3.2648117651230053,12.745261,3.6374238,2082
24500,r10i1p1f1,2082,01,29,0.0,14.431725,2.333493,2082
24501,r10i1p1f1,2082,01,30,0.0,17.843449,5.235576,2082
24502,r10i1p1f1,2082,01,31,0.0,16.429274,4.081807,2082
24503,r10i1p1f1,2082,02,01,0.0,15.416319,6.222882,2082
24504,r10i1p1f1,2082,02,02,18.84512842669593,14.913043,5.6703935,2082
24505,r10i1p1f1,2082,02,03,3.9250721370511825,10.284473,4.633478,2082
24506,r10i1p1f1,2082,02,04,0.0,16.034845,3.705511,2082
24507,r10i1p1f1,2082,02,05,4.100351781706099,12.143881,4.1746907,2082
24508,r10i1p1f1,2082,02,06,6.1202915209785145,11.751888,3.3433754,2082
24509,r10i1p1f1,2082,02,07,0.0,13.003024,1.7414122,2082
24510,r10i1p1f1,2082,02,08,18.714403984976297,12.95412,5.2104416,2082
24511,r10i1p1f1,2082,02,09,0.4806305023377813,15.398033,4.167361,2082
24512,r10i1p1f1,2082,02,10,41.967412005837296,11.752309,3.7544105,2082
24513,r10i1p1f1,2082,02,11,16.909765443874914,8.694526,4.105781,2082
24514,r10i1p1f1,2082,02,12,0.0,13.958702,1.4760334,2082
24515,r10i1p1f1,2082,02,13,2.739100992594582,12.990983,2.5107753,2082
24516,r10i1p1f1,2082,02,14,6.255106035907949,9.129051,5.250576,2082
24517,r10i1p1f1,2082,02,15,7.053979787566564,10.049118,5.2313247,2082
24518,r10i1p1f1,2082,02,16,3.4908078458389165,10.468547,2.6091971,2082
24519,r10i1p1f1,2082,02,17,32.27584866782356,11.777639,6.693346,2082
24520,r10i1p1f1,2082,02,18,45.672154648070176,12.173873,7.5398293,2082
24521,r10i1p1f1,2082,02,19,34.66186673705172,12.4100895,2.3429956,2082
24522,r10i1p1f1,2082,02,20,2.7028487799007532,12.011742,1.6404841,2082
24523,r10i1p1f1,2082,02,21,16.066779313290393,8.970004,0.5633758,2082
24524,r10i1p1f1,2082,02,22,39.09995259202429,7.168875,1.2467023,2082
24525,r10i1p1f1,2082,02,23,2.275519608557518,7.788909,1.0129195,2082
24526,r10i1p1f1,2082,02,24,16.91452981138259,7.66448,2.3135858,2082
24527,r10i1p1f1,2082,02,25,61.310707789073746,12.56417,4.835653,2082
24528,r10i1p1f1,2082,02,26,23.592132565528644,12.045802,2.9530845,2082
24529,r10i1p1f1,2082,02,27,0.05259433449126798,10.362727,3.7036116,2082
24530,r10i1p1f1,2082,02,28,0.07768165498275362,14.358386,4.6581907,2082
24531,r10i1p1f1,2082,03,01,0.0,19.59527,2.4815402,2082
24532,r10i1p1f1,2082,03,02,0.0,19.19485,5.7204933,2082
24533,r10i1p1f1,2082,03,03,0.0,15.93126,5.8305664,2082
24534,r10i1p1f1,2082,03,04,0.0,15.045068,4.940654,2082
24535,r10i1p1f1,2082,03,05,1.4340824958085967,12.472607,4.7774773,2082
24536,r10i1p1f1,2082,03,06,0.0,15.838499,1.8328223,2082
24537,r10i1p1f1,2082,03,07,0.0,17.142038,1.8560991,2082
24538,r10i1p1f1,2082,03,08,0.0,17.59823,4.001371,2082
24539,r10i1p1f1,2082,03,09,0.32578944197953924,18.76505,4.4437776,2082
24540,r10i1p1f1,2082,03,10,0.0,19.719357,4.615513,2082
24541,r10i1p1f1,2082,03,11,7.841798948701532,18.329218,5.9083037,2082
24542,r10i1p1f1,2082,03,12,32.4415802756496,11.515182,7.5280137,2082
24543,r10i1p1f1,2082,03,13,14.06593620394185,9.994392,2.1145866,2082
24544,r10i1p1f1,2082,03,14,28.000413773483352,9.996756,3.6604278,2082
24545,r10i1p1f1,2082,03,15,24.956352238874196,10.442524,6.576927,2082
24546,r10i1p1f1,2082,03,16,11.167307890144386,12.479854,2.2898612,2082
24547,r10i1p1f1,2082,03,17,0.0,13.186658,2.60642,2082
24548,r10i1p1f1,2082,03,18,1.0395762263011707,11.362286,3.5550256,2082
24549,r10i1p1f1,2082,03,19,0.0,14.311481,3.793123,2082
24550,r10i1p1f1,2082,03,20,0.0,19.313631,2.8807812,2082
24551,r10i1p1f1,2082,03,21,0.0,19.219528,6.702012,2082
24552,r10i1p1f1,2082,03,22,0.0,18.600643,6.217008,2082
24553,r10i1p1f1,2082,03,23,0.0,20.5628,5.7894497,2082
24554,r10i1p1f1,2082,03,24,0.0,20.828344,7.690004,2082
24555,r10i1p1f1,2082,03,25,3.066236258124072,16.26303,4.5623283,2082
24556,r10i1p1f1,2082,03,26,0.01173663894357895,14.3568325,2.8136067,2082
24557,r10i1p1f1,2082,03,27,0.0,13.889728,-0.36871096,2082
24558,r10i1p1f1,2082,03,28,30.39457257591972,11.196776,3.8273878,2082
24559,r10i1p1f1,2082,03,29,12.063916746870076,10.599678,0.18697758,2082
24560,r10i1p1f1,2082,03,30,0.0,15.978406,1.4824955,2082
24561,r10i1p1f1,2082,03,31,0.0,20.79846,4.300834,2082
24562,r10i1p1f1,2082,04,01,1.5416355432152111,19.0039,5.6544356,2082
24563,r10i1p1f1,2082,04,02,3.343707707206608,12.034985,0.3244372,2082
24564,r10i1p1f1,2082,04,03,0.0,16.441645,1.0671307,2082
24565,r10i1p1f1,2082,04,04,0.0,24.69559,5.8577704,2082
24566,r10i1p1f1,2082,04,05,0.0,28.063557,11.646993,2082
24567,r10i1p1f1,2082,04,06,0.0,25.529692,11.406131,2082
24568,r10i1p1f1,2082,04,07,0.0,22.850088,9.2434025,2082
24569,r10i1p1f1,2082,04,08,0.0,28.61339,11.98437,2082
24570,r10i1p1f1,2082,04,09,0.0,28.463099,12.001925,2082
24571,r10i1p1f1,2082,04,10,0.0,27.497934,13.153709,2082
24572,r10i1p1f1,2082,04,11,0.0,21.4024,6.806583,2082
24573,r10i1p1f1,2082,04,12,0.0,30.242569,10.582071,2082
24574,r10i1p1f1,2082,04,13,0.0,31.486732,12.309561,2082
24575,r10i1p1f1,2082,04,14,0.0,30.266958,15.062505,2082
24576,r10i1p1f1,2082,04,15,0.0,31.802729,13.327732,2082
24577,r10i1p1f1,2082,04,16,0.0,34.17458,15.627563,2082
24578,r10i1p1f1,2082,04,17,0.0,34.712635,17.687168,2082
24579,r10i1p1f1,2082,04,18,0.0,32.218674,17.601532,2082
24580,r10i1p1f1,2082,04,19,0.0,31.37285,15.549629,2082
24581,r10i1p1f1,2082,04,20,0.0,29.837154,15.270644,2082
24582,r10i1p1f1,2082,04,21,0.0,27.715046,13.53022,2082
24583,r10i1p1f1,2082,04,22,0.0,29.33081,12.894142,2082
24584,r10i1p1f1,2082,04,23,0.0,29.113892,15.158293,2082
24585,r10i1p1f1,2082,04,24,0.0,24.946941,11.028884,2082
24586,r10i1p1f1,2082,04,25,0.0,24.110699,10.963886,2082
24587,r10i1p1f1,2082,04,26,0.0,26.548027,12.469195,2082
24588,r10i1p1f1,2082,04,27,0.0,30.953022,14.585848,2082
24589,r10i1p1f1,2082,04,28,0.0,28.872662,15.221961,2082
24590,r10i1p1f1,2082,04,29,0.02324399492384768,28.467844,13.340237,2082
24591,r10i1p1f1,2082,04,30,0.0,27.96782,13.739399,2082
24592,r10i1p1f1,2082,05,01,0.0,25.564985,11.080967,2082
24593,r10i1p1f1,2082,05,02,0.0,24.78923,11.160076,2082
24594,r10i1p1f1,2082,05,03,0.0,24.065214,10.190061,2082
24595,r10i1p1f1,2082,05,04,0.0,23.131426,10.34357,2082
24596,r10i1p1f1,2082,05,05,0.0,25.751411,10.2516165,2082
24597,r10i1p1f1,2082,05,06,5.222866638934264,21.288885,5.3062196,2082
24598,r10i1p1f1,2082,05,07,13.179401004593895,12.456627,1.0564868,2082
24599,r10i1p1f1,2082,05,08,0.8945319423506398,13.462869,4.701608,2082
24600,r10i1p1f1,2082,05,09,2.4990281904090232,13.888848,5.127957,2082
24601,r10i1p1f1,2082,05,10,10.254552448608784,13.457886,4.9594584,2082
24602,r10i1p1f1,2082,05,11,10.770645020851301,12.454188,4.4779534,2082
24603,r10i1p1f1,2082,05,12,5.571534627487333,15.931413,2.9376063,2082
24604,r10i1p1f1,2082,05,13,0.0,20.697998,3.8911579,2082
24605,r10i1p1f1,2082,05,14,0.0,19.751223,6.2056627,2082
24606,r10i1p1f1,2082,05,15,0.27993266559717184,13.866387,8.909605,2082
24607,r10i1p1f1,2082,05,16,0.027881681888917036,18.039288,3.6803951,2082
24608,r10i1p1f1,2082,05,17,0.0,23.15524,7.2463155,2082
24609,r10i1p1f1,2082,05,18,0.0,28.37675,11.562165,2082
24610,r10i1p1f1,2082,05,19,0.0,34.72604,15.42791,2082
24611,r10i1p1f1,2082,05,20,0.0,34.469677,18.697124,2082
24612,r10i1p1f1,2082,05,21,0.0,33.143402,16.23114,2082
24613,r10i1p1f1,2082,05,22,0.0,26.873484,10.238928,2082
24614,r10i1p1f1,2082,05,23,0.0,31.807978,13.026139,2082
24615,r10i1p1f1,2082,05,24,0.0,32.10952,16.566504,2082
24616,r10i1p1f1,2082,05,25,0.0,28.22791,13.544342,2082
24617,r10i1p1f1,2082,05,26,0.03344692239280496,26.004915,9.781889,2082
24618,r10i1p1f1,2082,05,27,0.0,33.63155,17.728924,2082
24619,r10i1p1f1,2082,05,28,0.0,33.964348,18.606989,2082
24620,r10i1p1f1,2082,05,29,0.0,32.532444,16.153427,2082
24621,r10i1p1f1,2082,05,30,0.0,30.526865,15.872347,2082
24622,r10i1p1f1,2082,05,31,0.0,33.19246,15.341654,2082
24623,r10i1p1f1,2082,06,01,0.0,32.93002,15.225806,2082
24624,r10i1p1f1,2082,06,02,0.0,33.602016,16.101303,2082
24625,r10i1p1f1,2082,06,03,0.0,32.010185,16.176737,2082
24626,r10i1p1f1,2082,06,04,0.0,28.529213,14.178377,2082
24627,r10i1p1f1,2082,06,05,0.0,28.103432,14.956721,2082
24628,r10i1p1f1,2082,06,06,0.0,28.94881,13.802009,2082
24629,r10i1p1f1,2082,06,07,0.0,28.161493,13.253669,2082
24630,r10i1p1f1,2082,06,08,0.0,28.566933,12.517835,2082
24631,r10i1p1f1,2082,06,09,0.0,28.988379,14.459755,2082
24632,r10i1p1f1,2082,06,10,0.0,30.270338,12.642331,2082
24633,r10i1p1f1,2082,06,11,0.0,29.782213,14.0613785,2082
24634,r10i1p1f1,2082,06,12,0.0,31.43042,14.741412,2082
24635,r10i1p1f1,2082,06,13,0.0,30.252869,14.881587,2082
24636,r10i1p1f1,2082,06,14,0.0,28.862751,13.504953,2082
24637,r10i1p1f1,2082,06,15,0.0,32.73115,14.746784,2082
24638,r10i1p1f1,2082,06,16,0.0,32.591034,17.477167,2082
24639,r10i1p1f1,2082,06,17,0.0,33.639954,18.515285,2082
24640,r10i1p1f1,2082,06,18,0.0,36.46288,21.199095,2082
24641,r10i1p1f1,2082,06,19,0.0,34.888206,19.627893,2082
24642,r10i1p1f1,2082,06,20,0.0,28.802946,18.484592,2082
24643,r10i1p1f1,2082,06,21,0.0,29.008488,12.549999,2082
24644,r10i1p1f1,2082,06,22,0.0,29.228554,14.197324,2082
24645,r10i1p1f1,2082,06,23,0.0,29.38296,13.191787,2082
24646,r10i1p1f1,2082,06,24,0.0,28.098806,13.304278,2082
24647,r10i1p1f1,2082,06,25,0.0,27.17365,11.353582,2082
24648,r10i1p1f1,2082,06,26,0.0,29.339619,12.940567,2082
24649,r10i1p1f1,2082,06,27,0.0,31.43111,13.855666,2082
24650,r10i1p1f1,2082,06,28,0.0,30.730282,13.7411785,2082
24651,r10i1p1f1,2082,06,29,0.0,29.540974,12.791185,2082
24652,r10i1p1f1,2082,06,30,0.0,32.66112,16.531368,2082
24653,r10i1p1f1,2082,07,01,0.0,38.055214,22.100763,2082
24654,r10i1p1f1,2082,07,02,0.0,38.483917,21.310308,2082
24655,r10i1p1f1,2082,07,03,0.0,38.242317,22.622442,2082
24656,r10i1p1f1,2082,07,04,0.0,36.392025,20.97992,2082
24657,r10i1p1f1,2082,07,05,0.0035345497388717425,35.66892,19.760313,2082
24658,r10i1p1f1,2082,07,06,0.035334853888152315,36.67716,20.153763,2082
24659,r10i1p1f1,2082,07,07,0.0,36.2955,20.946375,2082
24660,r10i1p1f1,2082,07,08,0.0,33.32604,18.104303,2082
24661,r10i1p1f1,2082,07,09,0.0,30.25206,14.698425,2082
24662,r10i1p1f1,2082,07,10,0.0,29.88429,14.096574,2082
24663,r10i1p1f1,2082,07,11,0.0,30.880545,13.94269,2082
24664,r10i1p1f1,2082,07,12,0.0,34.09621,16.172216,2082
24665,r10i1p1f1,2082,07,13,0.0,34.86385,17.969625,2082
24666,r10i1p1f1,2082,07,14,0.0,32.72898,16.7075,2082
24667,r10i1p1f1,2082,07,15,0.0,31.915627,15.7712,2082
24668,r10i1p1f1,2082,07,16,0.0,30.593426,14.611539,2082
24669,r10i1p1f1,2082,07,17,0.0,32.458084,15.66814,2082
24670,r10i1p1f1,2082,07,18,0.0,30.327328,14.119519,2082
24671,r10i1p1f1,2082,07,19,0.0,28.487423,12.3412075,2082
24672,r10i1p1f1,2082,07,20,0.0,28.002098,11.869817,2082
24673,r10i1p1f1,2082,07,21,0.0,28.696363,12.291372,2082
24674,r10i1p1f1,2082,07,22,0.0,30.473282,13.144014,2082
24675,r10i1p1f1,2082,07,23,0.0,33.831467,15.550926,2082
24676,r10i1p1f1,2082,07,24,0.0,33.227787,15.672913,2082
24677,r10i1p1f1,2082,07,25,0.0,31.550592,13.936728,2082
24678,r10i1p1f1,2082,07,26,0.0,29.039621,11.252594,2082
24679,r10i1p1f1,2082,07,27,0.0,30.101267,12.622603,2082
24680,r10i1p1f1,2082,07,28,0.0,30.6083,13.375179,2082
24681,r10i1p1f1,2082,07,29,0.0,29.721472,13.39737,2082
24682,r10i1p1f1,2082,07,30,0.0,28.174772,12.260419,2082
24683,r10i1p1f1,2082,07,31,0.0,29.410002,12.069557,2082
24684,r10i1p1f1,2082,08,01,0.0,29.789701,13.035188,2082
24685,r10i1p1f1,2082,08,02,0.0,31.182562,14.411171,2082
24686,r10i1p1f1,2082,08,03,0.0,32.87536,15.248007,2082
24687,r10i1p1f1,2082,08,04,0.0,35.9386,18.058947,2082
24688,r10i1p1f1,2082,08,05,0.0,35.60718,19.134928,2082
24689,r10i1p1f1,2082,08,06,0.0,34.393726,18.622438,2082
24690,r10i1p1f1,2082,08,07,0.0,33.246716,16.469687,2082
24691,r10i1p1f1,2082,08,08,0.0,31.256836,14.198615,2082
24692,r10i1p1f1,2082,08,09,0.0,33.464508,15.600173,2082
24693,r10i1p1f1,2082,08,10,0.0,32.47111,15.444191,2082
24694,r10i1p1f1,2082,08,11,0.0,30.346289,13.408978,2082
24695,r10i1p1f1,2082,08,12,0.0,29.540197,13.762437,2082
24696,r10i1p1f1,2082,08,13,0.0,30.98031,13.969821,2082
24697,r10i1p1f1,2082,08,14,0.0,31.824154,13.941,2082
24698,r10i1p1f1,2082,08,15,0.0,35.89036,18.002766,2082
24699,r10i1p1f1,2082,08,16,0.0,35.971672,19.113682,2082
24700,r10i1p1f1,2082,08,17,0.0,36.935577,19.906292,2082
24701,r10i1p1f1,2082,08,18,0.0,39.523327,22.29944,2082
24702,r10i1p1f1,2082,08,19,0.0,38.2402,22.725664,2082
24703,r10i1p1f1,2082,08,20,0.0,37.34266,21.242384,2082
24704,r10i1p1f1,2082,08,21,0.0,36.23572,19.510595,2082
24705,r10i1p1f1,2082,08,22,0.0,34.54248,17.52088,2082
24706,r10i1p1f1,2082,08,23,0.0,32.692165,15.88163,2082
24707,r10i1p1f1,2082,08,24,0.0,32.238434,14.623302,2082
24708,r10i1p1f1,2082,08,25,0.0,36.865498,19.161022,2082
24709,r10i1p1f1,2082,08,26,0.0,38.201683,22.08412,2082
24710,r10i1p1f1,2082,08,27,0.0,40.399994,22.139818,2082
24711,r10i1p1f1,2082,08,28,0.0,40.25565,23.352081,2082
24712,r10i1p1f1,2082,08,29,0.0,39.359325,21.89379,2082
24713,r10i1p1f1,2082,08,30,0.0,37.75477,20.280369,2082
24714,r10i1p1f1,2082,08,31,0.0,36.107407,19.051409,2082
24715,r10i1p1f1,2082,09,01,0.0,36.626175,20.291769,2082
24716,r10i1p1f1,2082,09,02,0.0,36.13453,20.571873,2082
24717,r10i1p1f1,2082,09,03,0.0,32.860275,16.011776,2082
24718,r10i1p1f1,2082,09,04,0.0,33.433197,15.818838,2082
24719,r10i1p1f1,2082,09,05,0.005544257759251387,32.673485,18.086735,2082
24720,r10i1p1f1,2082,09,06,0.0,34.379406,17.64183,2082
24721,r10i1p1f1,2082,09,07,0.0,36.780025,19.84541,2082
24722,r10i1p1f1,2082,09,08,0.0,37.97594,20.941319,2082
24723,r10i1p1f1,2082,09,09,0.0,40.282177,22.660334,2082
24724,r10i1p1f1,2082,09,10,0.0,40.89855,24.828247,2082
24725,r10i1p1f1,2082,09,11,0.0,39.111073,22.656258,2082
24726,r10i1p1f1,2082,09,12,0.0,34.897987,20.416895,2082
24727,r10i1p1f1,2082,09,13,0.21605131836335395,34.96792,21.893412,2082
24728,r10i1p1f1,2082,09,14,0.0,35.333862,20.485416,2082
24729,r10i1p1f1,2082,09,15,0.0,38.662884,22.760937,2082
24730,r10i1p1f1,2082,09,16,0.0,40.40955,24.516022,2082
24731,r10i1p1f1,2082,09,17,0.0,39.70274,24.199308,2082
24732,r10i1p1f1,2082,09,18,0.0,37.282696,21.276245,2082
24733,r10i1p1f1,2082,09,19,0.0,33.66097,20.205286,2082
24734,r10i1p1f1,2082,09,20,0.0,30.594788,16.579872,2082
24735,r10i1p1f1,2082,09,21,0.0,31.350319,16.40485,2082
24736,r10i1p1f1,2082,09,22,0.0,29.43575,16.823694,2082
24737,r10i1p1f1,2082,09,23,0.0,26.350346,12.375859,2082
24738,r10i1p1f1,2082,09,24,0.0,25.612051,10.621242,2082
24739,r10i1p1f1,2082,09,25,0.0,25.014679,10.894553,2082
24740,r10i1p1f1,2082,09,26,0.0,26.004433,11.098813,2082
24741,r10i1p1f1,2082,09,27,0.0,27.984177,11.379584,2082
24742,r10i1p1f1,2082,09,28,0.0,34.236794,16.51446,2082
24743,r10i1p1f1,2082,09,29,0.0,33.05769,17.52626,2082
24744,r10i1p1f1,2082,09,30,0.0,28.999207,12.455617,2082
24745,r10i1p1f1,2082,10,01,0.0,24.46564,10.969715,2082
24746,r10i1p1f1,2082,10,02,0.0,24.796997,9.000203,2082
24747,r10i1p1f1,2082,10,03,0.0,27.67164,8.638188,2082
24748,r10i1p1f1,2082,10,04,0.0,30.448004,13.876049,2082
24749,r10i1p1f1,2082,10,05,0.0,30.96919,15.389768,2082
24750,r10i1p1f1,2082,10,06,0.0,30.968515,13.600403,2082
24751,r10i1p1f1,2082,10,07,0.0,29.098953,14.58148,2082
24752,r10i1p1f1,2082,10,08,0.0,28.788786,14.510512,2082
24753,r10i1p1f1,2082,10,09,0.0,30.120255,14.794048,2082
24754,r10i1p1f1,2082,10,10,0.0,36.411884,18.578646,2082
24755,r10i1p1f1,2082,10,11,0.0,35.527954,19.679495,2082
24756,r10i1p1f1,2082,10,12,0.0,34.29365,19.757278,2082
24757,r10i1p1f1,2082,10,13,0.0,30.710712,16.44486,2082
24758,r10i1p1f1,2082,10,14,0.0,26.612974,12.9520035,2082
24759,r10i1p1f1,2082,10,15,0.0,27.631145,14.489039,2082
24760,r10i1p1f1,2082,10,16,0.0,26.28197,13.289969,2082
24761,r10i1p1f1,2082,10,17,0.0,25.945795,9.843768,2082
24762,r10i1p1f1,2082,10,18,0.0,28.650934,12.624291,2082
24763,r10i1p1f1,2082,10,19,0.0,28.261934,13.111165,2082
24764,r10i1p1f1,2082,10,20,0.0,30.856876,15.134995,2082
24765,r10i1p1f1,2082,10,21,0.0,32.051605,15.741899,2082
24766,r10i1p1f1,2082,10,22,0.0,30.757767,16.81544,2082
24767,r10i1p1f1,2082,10,23,0.0,30.051222,16.968512,2082
24768,r10i1p1f1,2082,10,24,0.0,34.61787,20.699781,2082
24769,r10i1p1f1,2082,10,25,0.0,36.776558,19.312557,2082
24770,r10i1p1f1,2082,10,26,0.0,35.90623,18.920086,2082
24771,r10i1p1f1,2082,10,27,0.0,35.799316,18.560581,2082
24772,r10i1p1f1,2082,10,28,0.0,34.27389,19.904793,2082
24773,r10i1p1f1,2082,10,29,0.0,33.733444,18.082098,2082
24774,r10i1p1f1,2082,10,30,0.0,30.953196,18.23304,2082
24775,r10i1p1f1,2082,10,31,0.0,31.186354,18.25492,2082
24776,r10i1p1f1,2082,11,01,0.0,30.262503,16.423843,2082
24777,r10i1p1f1,2082,11,02,0.0,27.76469,15.676455,2082
24778,r10i1p1f1,2082,11,03,0.0,27.579992,14.178974,2082
24779,r10i1p1f1,2082,11,04,0.0,27.109613,14.16422,2082
24780,r10i1p1f1,2082,11,05,0.0,24.77857,12.670461,2082
24781,r10i1p1f1,2082,11,06,0.921570017204718,23.475683,12.256505,2082
24782,r10i1p1f1,2082,11,07,0.13274291584246767,22.135914,9.843069,2082
24783,r10i1p1f1,2082,11,08,2.0511298962733955,20.384432,8.591914,2082
24784,r10i1p1f1,2082,11,09,0.09035703750621331,25.049952,7.7404623,2082
24785,r10i1p1f1,2082,11,10,0.0,24.235907,6.6522794,2082
24786,r10i1p1f1,2082,11,11,0.0,23.963102,10.194469,2082
24787,r10i1p1f1,2082,11,12,0.0,20.566036,6.1392856,2082
24788,r10i1p1f1,2082,11,13,0.026299264996659508,20.658651,6.287174,2082
24789,r10i1p1f1,2082,11,14,0.39499976921050756,20.381384,11.864245,2082
24790,r10i1p1f1,2082,11,15,0.2735231971057242,24.360102,11.683068,2082
24791,r10i1p1f1,2082,11,16,0.0,27.308308,9.359805,2082
24792,r10i1p1f1,2082,11,17,26.862533394198277,25.896152,12.285128,2082
24793,r10i1p1f1,2082,11,18,18.94029541968178,14.058205,8.759076,2082
24794,r10i1p1f1,2082,11,19,11.11059412171591,12.522123,0.92014813,2082
24795,r10i1p1f1,2082,11,20,2.675980323041777,7.4272118,1.1353736,2082
24796,r10i1p1f1,2082,11,21,19.03673191738658,6.3726807,1.4292326,2082
24797,r10i1p1f1,2082,11,22,2.2194352185842465,6.4108706,-1.5633657,2082
24798,r10i1p1f1,2082,11,23,0.25708733841096737,9.705627,-4.718563,2082
24799,r10i1p1f1,2082,11,24,0.0,10.852358,-2.095373,2082
24800,r10i1p1f1,2082,11,25,0.42028445413483206,10.649135,-1.485795,2082
24801,r10i1p1f1,2082,11,26,0.0,12.872869,-2.1128588,2082
24802,r10i1p1f1,2082,11,27,0.0,13.443154,-0.7910058,2082
24803,r10i1p1f1,2082,11,28,0.0,11.220297,-2.765,2082
24804,r10i1p1f1,2082,11,29,0.016399848735952554,10.0305605,1.896175,2082
24805,r10i1p1f1,2082,11,30,0.02469033849928038,9.512462,-2.3824604,2082
24806,r10i1p1f1,2082,12,01,0.0,11.744039,-0.30412254,2082
24807,r10i1p1f1,2082,12,02,0.0,14.059869,1.5710644,2082
24808,r10i1p1f1,2082,12,03,0.0,12.963699,1.6493438,2082
24809,r10i1p1f1,2082,12,04,8.97668732407175,9.641524,0.14890088,2082
24810,r10i1p1f1,2082,12,05,0.0,10.887164,0.89682627,2082
24811,r10i1p1f1,2082,12,06,0.0,12.913878,1.1126606,2082
24812,r10i1p1f1,2082,12,07,0.2044572547914102,12.2675705,3.4695964,2082
24813,r10i1p1f1,2082,12,08,0.0,9.5170965,2.454068,2082
24814,r10i1p1f1,2082,12,09,0.0,14.542569,2.2021873,2082
24815,r10i1p1f1,2082,12,10,0.0,16.625982,5.4793334,2082
24816,r10i1p1f1,2082,12,11,0.0,16.189276,5.5753446,2082
24817,r10i1p1f1,2082,12,12,0.0,18.611322,5.971123,2082
24818,r10i1p1f1,2082,12,13,0.0,18.146658,5.4905396,2082
24819,r10i1p1f1,2082,12,14,0.0,14.654053,3.1786835,2082
24820,r10i1p1f1,2082,12,15,0.0,12.279422,1.5094085,2082
24821,r10i1p1f1,2082,12,16,0.0,15.594272,1.8995512,2082
24822,r10i1p1f1,2082,12,17,0.0,17.060968,4.175771,2082
24823,r10i1p1f1,2082,12,18,0.0,16.553114,4.10298,2082
24824,r10i1p1f1,2082,12,19,0.0,14.997063,4.2587724,2082
24825,r10i1p1f1,2082,12,20,0.0,13.065691,2.7764683,2082
24826,r10i1p1f1,2082,12,21,22.279582726217708,11.845109,2.9154587,2082
24827,r10i1p1f1,2082,12,22,1.0067705273525605,5.9017463,0.48314887,2082
24828,r10i1p1f1,2082,12,23,0.0,9.152875,-0.6681555,2082
24829,r10i1p1f1,2082,12,24,0.0,13.324155,2.8329139,2082
24830,r10i1p1f1,2082,12,25,0.0,17.753399,4.4320207,2082
24831,r10i1p1f1,2082,12,26,0.0,17.494013,5.437914,2082
24832,r10i1p1f1,2082,12,27,0.0,18.554024,6.9254375,2082
24833,r10i1p1f1,2082,12,28,0.0,17.957796,6.9729195,2082
24834,r10i1p1f1,2082,12,29,0.0,16.813644,7.4735975,2082
24835,r10i1p1f1,2082,12,30,0.0,16.040419,7.0876274,2082
24836,r10i1p1f1,2082,12,31,0.0,17.581007,6.063733,2082
24837,r10i1p1f1,2083,01,01,0.0,17.36597,6.5941167,2083
24838,r10i1p1f1,2083,01,02,0.0,17.029505,4.857848,2083
24839,r10i1p1f1,2083,01,03,0.72278662927075,11.475087,5.9379606,2083
24840,r10i1p1f1,2083,01,04,0.0,11.34451,6.124884,2083
24841,r10i1p1f1,2083,01,05,0.0,15.15417,3.7813523,2083
24842,r10i1p1f1,2083,01,06,0.0,17.056091,4.993048,2083
24843,r10i1p1f1,2083,01,07,0.0,18.338453,7.236497,2083
24844,r10i1p1f1,2083,01,08,0.0,19.012619,7.401684,2083
24845,r10i1p1f1,2083,01,09,0.0,16.562769,5.3418183,2083
24846,r10i1p1f1,2083,01,10,0.0,16.48287,5.491253,2083
24847,r10i1p1f1,2083,01,11,2.842573830692249,14.396645,9.202432,2083
24848,r10i1p1f1,2083,01,12,23.60726124178128,14.764743,6.5684624,2083
24849,r10i1p1f1,2083,01,13,23.30022441946264,12.673228,4.4163985,2083
24850,r10i1p1f1,2083,01,14,21.069062504868366,9.266169,3.7678509,2083
24851,r10i1p1f1,2083,01,15,18.801880684852797,11.606211,5.50007,2083
24852,r10i1p1f1,2083,01,16,0.0,12.265517,2.612564,2083
24853,r10i1p1f1,2083,01,17,0.0,10.852466,2.4016454,2083
24854,r10i1p1f1,2083,01,18,0.0,12.696217,1.443036,2083
24855,r10i1p1f1,2083,01,19,0.0,12.800293,2.0894058,2083
24856,r10i1p1f1,2083,01,20,0.0,12.760097,0.75224,2083
24857,r10i1p1f1,2083,01,21,0.0,10.956581,2.4216647,2083
24858,r10i1p1f1,2083,01,22,0.4826978325605811,7.3906918,-1.7518313,2083
24859,r10i1p1f1,2083,01,23,3.128457418822444,5.9637465,1.2651459,2083
24860,r10i1p1f1,2083,01,24,0.2712647150306829,8.84008,-1.5576509,2083
24861,r10i1p1f1,2083,01,25,17.164828541296487,5.73524,1.0347778,2083
24862,r10i1p1f1,2083,01,26,2.3221967641611148,3.5247352,-1.792192,2083
24863,r10i1p1f1,2083,01,27,3.1221827892869967,7.4890456,-0.13583334,2083
24864,r10i1p1f1,2083,01,28,9.309063261255352,6.0736427,0.01717457,2083
24865,r10i1p1f1,2083,01,29,35.328188029387476,9.519356,0.810431,2083
24866,r10i1p1f1,2083,01,30,24.075316447813652,12.67774,4.789979,2083
24867,r10i1p1f1,2083,01,31,5.703281273188048,13.104711,9.428639,2083
24868,r10i1p1f1,2083,02,01,24.282837548985537,15.127906,8.769208,2083
24869,r10i1p1f1,2083,02,02,14.887467475445623,14.545748,8.130265,2083
24870,r10i1p1f1,2083,02,03,9.91562004063254,11.462878,2.9937325,2083
24871,r10i1p1f1,2083,02,04,1.0445528925294256,12.012439,3.4780955,2083
24872,r10i1p1f1,2083,02,05,0.0,10.817076,0.4671938,2083
24873,r10i1p1f1,2083,02,06,0.0,10.975599,1.3915708,2083
24874,r10i1p1f1,2083,02,07,0.0,10.5746975,-0.2854056,2083
24875,r10i1p1f1,2083,02,08,0.0,11.977925,0.6277546,2083
24876,r10i1p1f1,2083,02,09,0.0,13.276723,0.4197715,2083
24877,r10i1p1f1,2083,02,10,0.0,15.982379,3.3209891,2083
24878,r10i1p1f1,2083,02,11,0.0,15.409783,4.8716135,2083
24879,r10i1p1f1,2083,02,12,5.0345141410760235,13.09317,2.1469774,2083
24880,r10i1p1f1,2083,02,13,4.779331629192472,9.868445,3.009241,2083
24881,r10i1p1f1,2083,02,14,0.0,14.743871,2.9529488,2083
24882,r10i1p1f1,2083,02,15,18.64236999321484,12.606366,2.8841913,2083
24883,r10i1p1f1,2083,02,16,5.264174914535895,9.518649,2.1263745,2083
24884,r10i1p1f1,2083,02,17,0.0,12.765765,0.73300374,2083
24885,r10i1p1f1,2083,02,18,0.0,12.097337,0.2978614,2083
24886,r10i1p1f1,2083,02,19,0.0,13.633446,2.1362197,2083
24887,r10i1p1f1,2083,02,20,0.0,17.432135,3.886326,2083
24888,r10i1p1f1,2083,02,21,6.455157533242814,14.792609,6.517394,2083
24889,r10i1p1f1,2083,02,22,14.102787948458603,11.259989,5.8254757,2083
24890,r10i1p1f1,2083,02,23,21.545195662551315,10.9512005,3.526466,2083
24891,r10i1p1f1,2083,02,24,30.80048361015016,11.385157,6.2746315,2083
24892,r10i1p1f1,2083,02,25,1.9351618031865463,11.1095495,5.216803,2083
24893,r10i1p1f1,2083,02,26,0.03779964212490564,17.260717,3.759652,2083
24894,r10i1p1f1,2083,02,27,10.07760360911274,12.599378,7.6457405,2083
24895,r10i1p1f1,2083,02,28,23.896380087611952,15.51783,6.708678,2083
24896,r10i1p1f1,2083,03,01,52.438873763649575,15.162084,3.4202669,2083
24897,r10i1p1f1,2083,03,02,16.222988071355136,10.884458,4.220968,2083
24898,r10i1p1f1,2083,03,03,36.98841522809265,10.2686,4.6154313,2083
24899,r10i1p1f1,2083,03,04,16.376409694279765,8.997678,4.2704635,2083
24900,r10i1p1f1,2083,03,05,0.19738932871979686,13.537278,2.0215652,2083
24901,r10i1p1f1,2083,03,06,14.341014947000842,12.2675295,2.5419,2083
24902,r10i1p1f1,2083,03,07,13.712066530570155,11.260697,5.148655,2083
24903,r10i1p1f1,2083,03,08,27.721193226017547,11.587506,2.7251668,2083
24904,r10i1p1f1,2083,03,09,1.3408304845023322,11.57879,4.297957,2083
24905,r10i1p1f1,2083,03,10,0.0,16.576586,2.1874063,2083
24906,r10i1p1f1,2083,03,11,0.0,16.927557,3.103578,2083
24907,r10i1p1f1,2083,03,12,0.0,16.347399,2.7119503,2083
24908,r10i1p1f1,2083,03,13,1.3307802263601556,11.306428,2.95857,2083
24909,r10i1p1f1,2083,03,14,0.0,12.065871,1.3726848,2083
24910,r10i1p1f1,2083,03,15,0.10629044447796332,10.165333,-1.9603711,2083
24911,r10i1p1f1,2083,03,16,15.710489374683483,7.858098,1.7734357,2083
24912,r10i1p1f1,2083,03,17,0.12841503266827203,15.08125,-0.083605714,2083
24913,r10i1p1f1,2083,03,18,0.0,15.332998,1.1377884,2083
24914,r10i1p1f1,2083,03,19,0.0,16.3123,2.3227022,2083
24915,r10i1p1f1,2083,03,20,0.0,16.076206,2.0877626,2083
24916,r10i1p1f1,2083,03,21,0.0,15.300173,0.83630675,2083
24917,r10i1p1f1,2083,03,22,0.0,18.68762,3.3586576,2083
24918,r10i1p1f1,2083,03,23,0.0,21.174784,5.176451,2083
24919,r10i1p1f1,2083,03,24,0.0,20.033955,6.863616,2083
24920,r10i1p1f1,2083,03,25,0.0,22.579102,9.309608,2083
24921,r10i1p1f1,2083,03,26,0.0,21.348696,9.039528,2083
24922,r10i1p1f1,2083,03,27,0.0,20.152838,6.958806,2083
24923,r10i1p1f1,2083,03,28,0.0,21.719416,6.6728354,2083
24924,r10i1p1f1,2083,03,29,0.0,22.328531,7.138597,2083
24925,r10i1p1f1,2083,03,30,0.0,22.39287,7.5387244,2083
24926,r10i1p1f1,2083,03,31,0.0,22.351372,6.8610168,2083
24927,r10i1p1f1,2083,04,01,0.0,23.401495,5.60018,2083
24928,r10i1p1f1,2083,04,02,0.0,24.037733,10.055046,2083
24929,r10i1p1f1,2083,04,03,0.45550462112014667,21.408903,8.458103,2083
24930,r10i1p1f1,2083,04,04,3.7116261742324386,17.115465,4.581881,2083
24931,r10i1p1f1,2083,04,05,8.792156367646959,17.041716,4.5347476,2083
24932,r10i1p1f1,2083,04,06,0.0,23.78096,8.116229,2083
24933,r10i1p1f1,2083,04,07,0.0,25.55406,8.617795,2083
24934,r10i1p1f1,2083,04,08,0.0,25.180779,9.064223,2083
24935,r10i1p1f1,2083,04,09,0.0,17.095573,3.4863698,2083
24936,r10i1p1f1,2083,04,10,0.0,21.239077,4.9194465,2083
24937,r10i1p1f1,2083,04,11,0.0,22.457466,6.4084063,2083
24938,r10i1p1f1,2083,04,12,0.0,26.202812,10.680172,2083
24939,r10i1p1f1,2083,04,13,0.0,30.911402,11.941949,2083
24940,r10i1p1f1,2083,04,14,0.0,30.128042,13.991664,2083
24941,r10i1p1f1,2083,04,15,0.10554189689412995,24.759293,7.660985,2083
24942,r10i1p1f1,2083,04,16,0.0,21.830984,7.2132626,2083
24943,r10i1p1f1,2083,04,17,0.0,25.43745,8.424422,2083
24944,r10i1p1f1,2083,04,18,0.0,24.933802,8.385515,2083
24945,r10i1p1f1,2083,04,19,0.0,26.06282,8.884743,2083
24946,r10i1p1f1,2083,04,20,0.0,24.642967,8.741723,2083
24947,r10i1p1f1,2083,04,21,0.0,17.76739,3.462167,2083
24948,r10i1p1f1,2083,04,22,0.0,21.232882,6.366535,2083
24949,r10i1p1f1,2083,04,23,0.0,23.748795,8.727043,2083
24950,r10i1p1f1,2083,04,24,0.0,25.415424,9.026593,2083
24951,r10i1p1f1,2083,04,25,0.0,24.814365,10.081434,2083
24952,r10i1p1f1,2083,04,26,0.0,24.961685,9.896364,2083
24953,r10i1p1f1,2083,04,27,0.0,24.225842,9.658137,2083
24954,r10i1p1f1,2083,04,28,0.0,20.746048,7.6134934,2083
24955,r10i1p1f1,2083,04,29,19.270054079855694,15.726408,3.2420611,2083
24956,r10i1p1f1,2083,04,30,43.30583513211949,7.57047,3.8438294,2083
24957,r10i1p1f1,2083,05,01,3.080039377769744,12.836658,0.28536406,2083
24958,r10i1p1f1,2083,05,02,0.0,19.499632,4.7505865,2083
24959,r10i1p1f1,2083,05,03,0.0,23.117178,7.7995887,2083
24960,r10i1p1f1,2083,05,04,0.0,23.1913,11.285939,2083
24961,r10i1p1f1,2083,05,05,0.025647010739990754,17.215572,5.2837486,2083
24962,r10i1p1f1,2083,05,06,0.0,20.466417,6.329334,2083
24963,r10i1p1f1,2083,05,07,0.0,24.739489,8.93198,2083
24964,r10i1p1f1,2083,05,08,0.0,23.948511,10.347483,2083
24965,r10i1p1f1,2083,05,09,0.0,29.152369,10.86668,2083
24966,r10i1p1f1,2083,05,10,0.0,33.1563,15.867769,2083
24967,r10i1p1f1,2083,05,11,0.0,32.048595,17.153791,2083
24968,r10i1p1f1,2083,05,12,0.0,29.154688,15.545293,2083
24969,r10i1p1f1,2083,05,13,0.0,27.206032,11.710306,2083
24970,r10i1p1f1,2083,05,14,0.0,26.98205,12.721125,2083
24971,r10i1p1f1,2083,05,15,0.0,30.015747,14.870862,2083
24972,r10i1p1f1,2083,05,16,0.0,31.79933,15.833284,2083
24973,r10i1p1f1,2083,05,17,0.0,31.315966,16.643269,2083
24974,r10i1p1f1,2083,05,18,0.0,29.691767,14.2935295,2083
24975,r10i1p1f1,2083,05,19,0.0,34.128693,15.971294,2083
24976,r10i1p1f1,2083,05,20,0.0,35.2458,19.492287,2083
24977,r10i1p1f1,2083,05,21,0.8594363743285565,30.874672,16.48202,2083
24978,r10i1p1f1,2083,05,22,0.0,26.225,13.9798565,2083
24979,r10i1p1f1,2083,05,23,0.0,27.379803,13.494148,2083
24980,r10i1p1f1,2083,05,24,0.0,25.075489,9.618762,2083
24981,r10i1p1f1,2083,05,25,0.0,28.273232,11.190102,2083
24982,r10i1p1f1,2083,05,26,0.0,30.800386,16.720547,2083
24983,r10i1p1f1,2083,05,27,0.0,31.420692,17.427853,2083
24984,r10i1p1f1,2083,05,28,0.0,33.070137,18.698524,2083
24985,r10i1p1f1,2083,05,29,0.0,33.547386,17.81542,2083
24986,r10i1p1f1,2083,05,30,0.0,33.590267,18.309925,2083
24987,r10i1p1f1,2083,05,31,0.053317101341427156,32.864956,15.628563,2083
24988,r10i1p1f1,2083,06,01,0.4004696966866935,31.870182,16.97201,2083
24989,r10i1p1f1,2083,06,02,1.8806540736956154,28.614357,13.39627,2083
24990,r10i1p1f1,2083,06,03,3.143100725949472,32.249348,15.333668,2083
24991,r10i1p1f1,2083,06,04,0.3066186973515677,28.829224,13.303887,2083
24992,r10i1p1f1,2083,06,05,0.0,29.088037,15.757205,2083
24993,r10i1p1f1,2083,06,06,0.0,29.754442,18.538282,2083
24994,r10i1p1f1,2083,06,07,0.0,31.64025,15.644027,2083
24995,r10i1p1f1,2083,06,08,0.0,32.03349,16.188742,2083
24996,r10i1p1f1,2083,06,09,0.0,30.519018,16.748096,2083
24997,r10i1p1f1,2083,06,10,0.0,27.024437,13.613464,2083
24998,r10i1p1f1,2083,06,11,0.0,28.485811,12.390358,2083
24999,r10i1p1f1,2083,06,12,0.02099763599912158,27.677322,11.809339,2083
25000,r10i1p1f1,2083,06,13,0.0,23.582731,7.863746,2083
25001,r10i1p1f1,2083,06,14,0.0,31.362986,13.499187,2083
25002,r10i1p1f1,2083,06,15,0.0,36.22276,19.283531,2083
25003,r10i1p1f1,2083,06,16,0.0,35.649197,18.808006,2083
25004,r10i1p1f1,2083,06,17,0.0,35.516815,21.032785,2083
25005,r10i1p1f1,2083,06,18,0.0,36.139122,18.497023,2083
25006,r10i1p1f1,2083,06,19,0.0,37.08452,20.70014,2083
25007,r10i1p1f1,2083,06,20,0.017788069223905422,36.08895,20.33216,2083
25008,r10i1p1f1,2083,06,21,0.0,33.962055,19.228222,2083
25009,r10i1p1f1,2083,06,22,0.5700961938457209,30.494102,16.93344,2083
25010,r10i1p1f1,2083,06,23,0.0,34.20146,20.518335,2083
25011,r10i1p1f1,2083,06,24,0.0,34.139904,17.9376,2083
25012,r10i1p1f1,2083,06,25,0.0,32.843437,16.996733,2083
25013,r10i1p1f1,2083,06,26,0.0,32.29546,15.784736,2083
25014,r10i1p1f1,2083,06,27,0.0,30.007408,16.340899,2083
25015,r10i1p1f1,2083,06,28,0.0,26.589994,12.480636,2083
25016,r10i1p1f1,2083,06,29,0.0,26.85311,10.636409,2083
25017,r10i1p1f1,2083,06,30,0.0,28.70666,12.30079,2083
25018,r10i1p1f1,2083,07,01,0.0,29.18018,13.21234,2083
25019,r10i1p1f1,2083,07,02,0.0,29.150969,12.424387,2083
25020,r10i1p1f1,2083,07,03,0.0,29.063856,13.557977,2083
25021,r10i1p1f1,2083,07,04,0.0,33.199764,15.410731,2083
25022,r10i1p1f1,2083,07,05,0.0,33.88965,16.689669,2083
25023,r10i1p1f1,2083,07,06,0.0,34.739674,17.758673,2083
25024,r10i1p1f1,2083,07,07,0.0,38.783638,21.33338,2083
25025,r10i1p1f1,2083,07,08,0.0,38.836624,21.197168,2083
25026,r10i1p1f1,2083,07,09,0.0,34.393974,18.609955,2083
25027,r10i1p1f1,2083,07,10,0.0,32.869774,16.68254,2083
25028,r10i1p1f1,2083,07,11,0.0,33.3516,16.103008,2083
25029,r10i1p1f1,2083,07,12,0.0,33.580658,16.701351,2083
25030,r10i1p1f1,2083,07,13,0.0,36.637108,19.339706,2083
25031,r10i1p1f1,2083,07,14,0.0,35.102097,20.229635,2083
25032,r10i1p1f1,2083,07,15,0.0,37.150436,19.961254,2083
25033,r10i1p1f1,2083,07,16,0.0,38.34602,19.831242,2083
25034,r10i1p1f1,2083,07,17,0.0,37.367558,19.022564,2083
25035,r10i1p1f1,2083,07,18,0.0,33.426296,16.753332,2083
25036,r10i1p1f1,2083,07,19,0.0,36.82238,19.159536,2083
25037,r10i1p1f1,2083,07,20,0.0,37.97623,20.751247,2083
25038,r10i1p1f1,2083,07,21,0.0,36.89768,19.812443,2083
25039,r10i1p1f1,2083,07,22,0.0,35.46283,19.938383,2083
25040,r10i1p1f1,2083,07,23,0.0,35.34838,17.809662,2083
25041,r10i1p1f1,2083,07,24,0.0,35.168217,18.980022,2083
25042,r10i1p1f1,2083,07,25,0.0,35.05962,18.419413,2083
25043,r10i1p1f1,2083,07,26,0.0,32.783806,15.434032,2083
25044,r10i1p1f1,2083,07,27,0.0,31.080614,14.347412,2083
25045,r10i1p1f1,2083,07,28,0.0,32.00355,14.784503,2083
25046,r10i1p1f1,2083,07,29,0.0,34.22293,16.938522,2083
25047,r10i1p1f1,2083,07,30,0.0,36.40789,18.255087,2083
25048,r10i1p1f1,2083,07,31,0.0,38.204174,20.339626,2083
25049,r10i1p1f1,2083,08,01,0.0,38.270477,22.386961,2083
25050,r10i1p1f1,2083,08,02,0.0,37.24643,20.042837,2083
25051,r10i1p1f1,2083,08,03,0.0,34.89003,17.3012,2083
25052,r10i1p1f1,2083,08,04,0.0,31.958162,14.375903,2083
25053,r10i1p1f1,2083,08,05,0.0,38.26367,19.028849,2083
25054,r10i1p1f1,2083,08,06,0.0,40.229664,22.736914,2083
25055,r10i1p1f1,2083,08,07,0.0,39.188374,21.506731,2083
25056,r10i1p1f1,2083,08,08,0.0,37.248405,20.30162,2083
25057,r10i1p1f1,2083,08,09,0.0,36.002968,18.055609,2083
25058,r10i1p1f1,2083,08,10,0.0,37.203632,18.122236,2083
25059,r10i1p1f1,2083,08,11,0.0,38.19447,20.039091,2083
25060,r10i1p1f1,2083,08,12,0.0,38.145077,20.243849,2083
25061,r10i1p1f1,2083,08,13,0.0,37.9249,22.640274,2083
25062,r10i1p1f1,2083,08,14,0.0,37.11636,21.119926,2083
25063,r10i1p1f1,2083,08,15,0.0,36.50049,20.073317,2083
25064,r10i1p1f1,2083,08,16,0.0,34.91496,19.084757,2083
25065,r10i1p1f1,2083,08,17,0.0,32.780308,15.826374,2083
25066,r10i1p1f1,2083,08,18,0.0,30.466373,13.56118,2083
25067,r10i1p1f1,2083,08,19,0.0,30.008377,13.388945,2083
25068,r10i1p1f1,2083,08,20,0.0,36.949917,20.078365,2083
25069,r10i1p1f1,2083,08,21,0.0,36.99518,20.70319,2083
25070,r10i1p1f1,2083,08,22,0.0,35.897533,19.544388,2083
25071,r10i1p1f1,2083,08,23,0.0,37.065582,19.87122,2083
25072,r10i1p1f1,2083,08,24,0.0,36.922474,20.41426,2083
25073,r10i1p1f1,2083,08,25,0.0,35.664196,19.076057,2083
25074,r10i1p1f1,2083,08,26,0.0,35.371536,20.355247,2083
25075,r10i1p1f1,2083,08,27,0.0,34.089333,18.613817,2083
25076,r10i1p1f1,2083,08,28,0.0,31.944115,15.030389,2083
25077,r10i1p1f1,2083,08,29,0.0,28.607008,13.437036,2083
25078,r10i1p1f1,2083,08,30,0.0,24.311064,11.180011,2083
25079,r10i1p1f1,2083,08,31,0.0,20.703552,5.5050015,2083
25080,r10i1p1f1,2083,09,01,0.0,28.53304,9.632289,2083
25081,r10i1p1f1,2083,09,02,0.0,32.68831,14.270357,2083
25082,r10i1p1f1,2083,09,03,0.0,35.521782,19.39097,2083
25083,r10i1p1f1,2083,09,04,0.0,38.86659,21.04495,2083
25084,r10i1p1f1,2083,09,05,0.0,39.911697,22.0608,2083
25085,r10i1p1f1,2083,09,06,0.0,38.71482,21.39282,2083
25086,r10i1p1f1,2083,09,07,0.0,36.48733,19.525002,2083
25087,r10i1p1f1,2083,09,08,0.0,38.473278,21.326279,2083
25088,r10i1p1f1,2083,09,09,0.0,38.400784,21.211779,2083
25089,r10i1p1f1,2083,09,10,0.0,38.43899,23.093538,2083
25090,r10i1p1f1,2083,09,11,0.0,37.018505,19.14392,2083
25091,r10i1p1f1,2083,09,12,0.0,33.34756,16.05754,2083
25092,r10i1p1f1,2083,09,13,0.0,33.788685,17.601984,2083
25093,r10i1p1f1,2083,09,14,0.0,32.578136,15.150074,2083
25094,r10i1p1f1,2083,09,15,0.0,23.99569,8.976358,2083
25095,r10i1p1f1,2083,09,16,0.0,20.05746,6.1538005,2083
25096,r10i1p1f1,2083,09,17,0.0,26.134295,8.018212,2083
25097,r10i1p1f1,2083,09,18,0.0,33.891514,15.639266,2083
25098,r10i1p1f1,2083,09,19,0.0,34.38419,17.546389,2083
25099,r10i1p1f1,2083,09,20,0.0,32.7356,15.003023,2083
25100,r10i1p1f1,2083,09,21,0.0,26.531391,11.275355,2083
25101,r10i1p1f1,2083,09,22,0.0,26.58876,11.7218,2083
25102,r10i1p1f1,2083,09,23,0.0,26.679401,9.842992,2083
25103,r10i1p1f1,2083,09,24,0.0,30.847322,12.235781,2083
25104,r10i1p1f1,2083,09,25,0.0,34.16211,17.212334,2083
25105,r10i1p1f1,2083,09,26,0.0,36.829403,18.95921,2083
25106,r10i1p1f1,2083,09,27,0.0,38.641815,21.601364,2083
25107,r10i1p1f1,2083,09,28,0.0,40.035233,22.742887,2083
25108,r10i1p1f1,2083,09,29,0.0,40.813873,23.285406,2083
25109,r10i1p1f1,2083,09,30,0.0,40.424576,22.93732,2083
25110,r10i1p1f1,2083,10,01,0.0,34.986618,20.171179,2083
25111,r10i1p1f1,2083,10,02,0.0,31.276241,16.987114,2083
25112,r10i1p1f1,2083,10,03,0.0,35.537323,18.567545,2083
25113,r10i1p1f1,2083,10,04,0.0,38.946068,21.18803,2083
25114,r10i1p1f1,2083,10,05,0.0,39.41374,22.128199,2083
25115,r10i1p1f1,2083,10,06,0.0,38.24048,20.629066,2083
25116,r10i1p1f1,2083,10,07,0.0,33.154552,16.185663,2083
25117,r10i1p1f1,2083,10,08,0.0,24.323997,9.701121,2083
25118,r10i1p1f1,2083,10,09,0.0,26.139046,11.780874,2083
25119,r10i1p1f1,2083,10,10,0.0,25.812918,11.320264,2083
25120,r10i1p1f1,2083,10,11,0.0,24.440756,9.136621,2083
25121,r10i1p1f1,2083,10,12,0.0,23.641872,7.798637,2083
25122,r10i1p1f1,2083,10,13,0.0,23.141815,9.908958,2083
25123,r10i1p1f1,2083,10,14,0.0,26.463274,9.7084,2083
25124,r10i1p1f1,2083,10,15,0.0,25.891558,9.978183,2083
25125,r10i1p1f1,2083,10,16,0.0,24.945,10.348016,2083
25126,r10i1p1f1,2083,10,17,0.0,28.885695,11.427148,2083
25127,r10i1p1f1,2083,10,18,0.0052771605911211255,28.481976,14.269757,2083
25128,r10i1p1f1,2083,10,19,0.4981298450251128,25.811607,13.834351,2083
25129,r10i1p1f1,2083,10,20,0.0,29.280453,12.604081,2083
25130,r10i1p1f1,2083,10,21,0.0,29.820023,13.545886,2083
25131,r10i1p1f1,2083,10,22,0.0,28.156977,15.904377,2083
25132,r10i1p1f1,2083,10,23,0.9608352544426836,28.45519,17.266882,2083
25133,r10i1p1f1,2083,10,24,0.5219213658021641,25.678541,12.137573,2083
25134,r10i1p1f1,2083,10,25,0.0,27.92713,13.349983,2083
25135,r10i1p1f1,2083,10,26,0.0,28.908476,9.916212,2083
25136,r10i1p1f1,2083,10,27,0.15889800174351731,20.927372,8.794145,2083
25137,r10i1p1f1,2083,10,28,0.0,22.130217,8.322058,2083
25138,r10i1p1f1,2083,10,29,0.0,23.738958,8.711879,2083
25139,r10i1p1f1,2083,10,30,0.0,24.260649,10.299466,2083
25140,r10i1p1f1,2083,10,31,0.0,25.34016,8.186242,2083
25141,r10i1p1f1,2083,11,01,0.0,24.092646,10.909724,2083
25142,r10i1p1f1,2083,11,02,11.158039279842725,20.634682,7.7816644,2083
25143,r10i1p1f1,2083,11,03,4.443888307574333,13.565662,8.29162,2083
25144,r10i1p1f1,2083,11,04,0.0,17.158298,4.622639,2083
25145,r10i1p1f1,2083,11,05,0.0,19.530758,4.758709,2083
25146,r10i1p1f1,2083,11,06,2.5381108641867236,19.102991,7.7825036,2083
25147,r10i1p1f1,2083,11,07,0.0,15.390059,2.3565547,2083
25148,r10i1p1f1,2083,11,08,0.0,16.967966,3.287482,2083
25149,r10i1p1f1,2083,11,09,0.0,16.926622,5.1920977,2083
25150,r10i1p1f1,2083,11,10,0.0,19.717709,4.6848683,2083
25151,r10i1p1f1,2083,11,11,0.0,19.560968,3.7298625,2083
25152,r10i1p1f1,2083,11,12,0.0,12.35907,0.9979256,2083
25153,r10i1p1f1,2083,11,13,0.0,13.510662,1.0645069,2083
25154,r10i1p1f1,2083,11,14,0.0,20.098518,3.289459,2083
25155,r10i1p1f1,2083,11,15,0.0,25.542168,7.498027,2083
25156,r10i1p1f1,2083,11,16,0.0,24.231586,10.298793,2083
25157,r10i1p1f1,2083,11,17,0.0,27.753077,12.269625,2083
25158,r10i1p1f1,2083,11,18,0.0,27.134201,10.76532,2083
25159,r10i1p1f1,2083,11,19,0.0,27.282612,11.678046,2083
25160,r10i1p1f1,2083,11,20,0.0,25.51427,14.171411,2083
25161,r10i1p1f1,2083,11,21,0.0,25.880234,13.275199,2083
25162,r10i1p1f1,2083,11,22,0.0006160196718203798,22.472544,10.045668,2083
25163,r10i1p1f1,2083,11,23,0.0,22.412695,7.52395,2083
25164,r10i1p1f1,2083,11,24,0.0,22.24179,7.9863644,2083
25165,r10i1p1f1,2083,11,25,0.0,21.438175,8.542377,2083
25166,r10i1p1f1,2083,11,26,0.0,22.855423,5.3164806,2083
25167,r10i1p1f1,2083,11,27,0.0,24.084986,7.0920043,2083
25168,r10i1p1f1,2083,11,28,0.0,22.791197,9.047528,2083
25169,r10i1p1f1,2083,11,29,0.0,20.148863,6.9477835,2083
25170,r10i1p1f1,2083,11,30,0.0,18.088774,4.1600227,2083
25171,r10i1p1f1,2083,12,01,0.0,19.17889,7.8815966,2083
25172,r10i1p1f1,2083,12,02,0.0,19.398163,7.2229967,2083
25173,r10i1p1f1,2083,12,03,0.49038374462198636,15.29175,5.466416,2083
25174,r10i1p1f1,2083,12,04,80.73052399497675,13.395702,1.8953177,2083
25175,r10i1p1f1,2083,12,05,26.28565343230117,12.440768,8.424182,2083
25176,r10i1p1f1,2083,12,06,0.7757400337117073,12.09672,4.1715226,2083
25177,r10i1p1f1,2083,12,07,33.26593609067219,14.202787,6.030656,2083
25178,r10i1p1f1,2083,12,08,14.749898030391993,13.553603,8.358601,2083
25179,r10i1p1f1,2083,12,09,28.368779788127682,12.137194,1.732946,2083
25180,r10i1p1f1,2083,12,10,1.1641245481529807,7.0469704,-0.30628747,2083
25181,r10i1p1f1,2083,12,11,0.0,9.012401,-2.877844,2083
25182,r10i1p1f1,2083,12,12,19.523211608113918,9.709832,-0.35107142,2083
25183,r10i1p1f1,2083,12,13,27.907410509865976,12.316148,5.6805763,2083
25184,r10i1p1f1,2083,12,14,0.0,13.729781,5.984552,2083
25185,r10i1p1f1,2083,12,15,0.0,13.699018,7.550711,2083
25186,r10i1p1f1,2083,12,16,12.77855020552555,11.481889,6.3574333,2083
25187,r10i1p1f1,2083,12,17,0.0,10.998539,0.7497388,2083
25188,r10i1p1f1,2083,12,18,0.0,12.244895,1.9828937,2083
25189,r10i1p1f1,2083,12,19,0.0,13.37778,2.4728637,2083
25190,r10i1p1f1,2083,12,20,0.0,12.022277,5.129262,2083
25191,r10i1p1f1,2083,12,21,0.0,11.062308,5.396834,2083
25192,r10i1p1f1,2083,12,22,0.0,12.225719,2.6731243,2083
25193,r10i1p1f1,2083,12,23,0.0,14.937317,5.356072,2083
25194,r10i1p1f1,2083,12,24,0.0,17.050617,5.5296574,2083
25195,r10i1p1f1,2083,12,25,0.0,15.893057,6.3933854,2083
25196,r10i1p1f1,2083,12,26,0.0,17.40374,7.0117936,2083
25197,r10i1p1f1,2083,12,27,0.0,17.822975,5.577436,2083
25198,r10i1p1f1,2083,12,28,0.0,21.096024,7.5054,2083
25199,r10i1p1f1,2083,12,29,0.0,20.231339,9.077149,2083
25200,r10i1p1f1,2083,12,30,0.0,18.5502,9.095408,2083
25201,r10i1p1f1,2083,12,31,0.0,17.963411,6.573511,2083
25202,r10i1p1f1,2084,01,01,1.3283830651672408,16.43307,5.6794605,2084
25203,r10i1p1f1,2084,01,02,50.64606399177328,9.282515,4.8855543,2084
25204,r10i1p1f1,2084,01,03,50.4304456454089,11.501072,6.6072884,2084
25205,r10i1p1f1,2084,01,04,32.44012029424898,11.571904,7.346844,2084
25206,r10i1p1f1,2084,01,05,69.57168734179025,13.165942,8.693049,2084
25207,r10i1p1f1,2084,01,06,40.74281554509837,12.009109,6.250281,2084
25208,r10i1p1f1,2084,01,07,0.0,12.834789,5.292506,2084
25209,r10i1p1f1,2084,01,08,25.988635725623585,10.460584,0.80939627,2084
25210,r10i1p1f1,2084,01,09,25.71287400565588,14.987788,6.684676,2084
25211,r10i1p1f1,2084,01,10,22.688567926831496,16.606604,7.837751,2084
25212,r10i1p1f1,2084,01,11,16.67079597069747,10.470804,6.792948,2084
25213,r10i1p1f1,2084,01,12,0.0,15.479616,6.346905,2084
25214,r10i1p1f1,2084,01,13,0.0,15.7927065,6.320093,2084
25215,r10i1p1f1,2084,01,14,52.753709105921814,12.934006,6.598451,2084
25216,r10i1p1f1,2084,01,15,4.965609568631934,8.907326,4.009679,2084
25217,r10i1p1f1,2084,01,16,28.110888817862264,9.933581,3.1834517,2084
25218,r10i1p1f1,2084,01,17,4.886921297494203,9.620528,3.6585782,2084
25219,r10i1p1f1,2084,01,18,10.60793461005424,7.9032664,2.507431,2084
25220,r10i1p1f1,2084,01,19,0.0,10.187121,0.9920823,2084
25221,r10i1p1f1,2084,01,20,0.011672967928844676,9.10328,1.415037,2084
25222,r10i1p1f1,2084,01,21,0.0,11.622552,2.565918,2084
25223,r10i1p1f1,2084,01,22,0.0,15.299812,2.6289425,2084
25224,r10i1p1f1,2084,01,23,0.0,16.433334,5.552504,2084
25225,r10i1p1f1,2084,01,24,0.0,17.092506,4.4862676,2084
25226,r10i1p1f1,2084,01,25,0.0,21.722946,6.205465,2084
25227,r10i1p1f1,2084,01,26,0.0,18.522455,6.828978,2084
25228,r10i1p1f1,2084,01,27,0.0,17.456903,7.223904,2084
25229,r10i1p1f1,2084,01,28,0.0,14.889902,7.7258043,2084
25230,r10i1p1f1,2084,01,29,28.821152766958175,13.223012,2.399414,2084
25231,r10i1p1f1,2084,01,30,13.596671720370068,7.9418535,3.5409803,2084
25232,r10i1p1f1,2084,01,31,7.110480322549655,9.390046,5.018244,2084
25233,r10i1p1f1,2084,02,01,0.0,14.86141,2.3084664,2084
25234,r10i1p1f1,2084,02,02,9.231546648707559,14.358225,4.0025425,2084
25235,r10i1p1f1,2084,02,03,4.085109277950419,10.921566,4.9646535,2084
25236,r10i1p1f1,2084,02,04,0.0,14.479717,3.1743102,2084
25237,r10i1p1f1,2084,02,05,0.0,15.186882,2.595475,2084
25238,r10i1p1f1,2084,02,06,0.0,17.537176,2.7432349,2084
25239,r10i1p1f1,2084,02,07,0.0,16.685484,3.905989,2084
25240,r10i1p1f1,2084,02,08,0.0,16.262384,5.15156,2084
25241,r10i1p1f1,2084,02,09,0.0,19.311245,6.024352,2084
25242,r10i1p1f1,2084,02,10,0.0,19.264013,7.6408176,2084
25243,r10i1p1f1,2084,02,11,0.0,18.936312,7.1483574,2084
25244,r10i1p1f1,2084,02,12,0.0,17.872604,7.416838,2084
25245,r10i1p1f1,2084,02,13,0.0,19.32817,7.0368757,2084
25246,r10i1p1f1,2084,02,14,0.0,18.636595,8.06062,2084
25247,r10i1p1f1,2084,02,15,8.081786995784281,17.162039,8.679159,2084
25248,r10i1p1f1,2084,02,16,6.155682802790053,11.881987,5.167151,2084
25249,r10i1p1f1,2084,02,17,0.0,15.966041,3.9923167,2084
25250,r10i1p1f1,2084,02,18,0.0,15.707639,4.4564805,2084
25251,r10i1p1f1,2084,02,19,0.0,15.315793,2.8458502,2084
25252,r10i1p1f1,2084,02,20,19.68600955948013,11.556593,3.6536248,2084
25253,r10i1p1f1,2084,02,21,0.0,11.885982,2.9999678,2084
25254,r10i1p1f1,2084,02,22,57.29285608854537,10.632098,0.87311214,2084
25255,r10i1p1f1,2084,02,23,49.95531451116365,11.053925,1.8877212,2084
25256,r10i1p1f1,2084,02,24,0.5257554322377856,8.9825115,4.6027236,2084
25257,r10i1p1f1,2084,02,25,0.0,13.390261,3.299105,2084
25258,r10i1p1f1,2084,02,26,0.0,14.787717,1.0311142,2084
25259,r10i1p1f1,2084,02,27,0.0,15.668597,2.4906263,2084
25260,r10i1p1f1,2084,02,28,2.4341993227656196,13.010928,2.9423401,2084
25261,r10i1p1f1,2084,02,29,0.0,12.051923,2.5419307,2084
25262,r10i1p1f1,2084,03,01,0.0,19.67365,0.89704454,2084
25263,r10i1p1f1,2084,03,02,7.500694151492912,17.889511,4.656717,2084
25264,r10i1p1f1,2084,03,03,0.42156387031642034,9.786462,3.7801826,2084
25265,r10i1p1f1,2084,03,04,32.84693002290288,9.512134,3.4447749,2084
25266,r10i1p1f1,2084,03,05,12.409828547625741,9.277022,1.8527879,2084
25267,r10i1p1f1,2084,03,06,9.906221630080836,9.883655,2.051285,2084
25268,r10i1p1f1,2084,03,07,22.191360071424004,10.255204,6.3279743,2084
25269,r10i1p1f1,2084,03,08,20.00929087823208,11.936729,5.7988834,2084
25270,r10i1p1f1,2084,03,09,52.31153540264227,12.589264,8.905566,2084
25271,r10i1p1f1,2084,03,10,4.741291663307685,13.761597,7.0433607,2084
25272,r10i1p1f1,2084,03,11,0.0,15.957033,2.910051,2084
25273,r10i1p1f1,2084,03,12,0.0,18.486122,3.4221056,2084
25274,r10i1p1f1,2084,03,13,0.0,17.597876,5.788486,2084
25275,r10i1p1f1,2084,03,14,0.0,18.047588,5.9162555,2084
25276,r10i1p1f1,2084,03,15,0.0,22.961567,9.029116,2084
25277,r10i1p1f1,2084,03,16,0.0,23.813908,8.305812,2084
25278,r10i1p1f1,2084,03,17,0.0,26.63763,11.2615385,2084
25279,r10i1p1f1,2084,03,18,0.0,27.924992,13.696716,2084
25280,r10i1p1f1,2084,03,19,0.1299807320289179,19.248856,8.026543,2084
25281,r10i1p1f1,2084,03,20,0.0,18.568094,5.633422,2084
25282,r10i1p1f1,2084,03,21,2.7149896526680095,17.505882,6.071685,2084
25283,r10i1p1f1,2084,03,22,0.0,18.898645,4.600363,2084
25284,r10i1p1f1,2084,03,23,0.0,21.623056,7.7221847,2084
25285,r10i1p1f1,2084,03,24,0.0,24.928137,11.151064,2084
25286,r10i1p1f1,2084,03,25,0.0,25.434826,10.834991,2084
25287,r10i1p1f1,2084,03,26,1.5465110119533307,23.011839,9.383409,2084
25288,r10i1p1f1,2084,03,27,2.451939712849899,15.610268,3.6506653,2084
25289,r10i1p1f1,2084,03,28,0.0,19.200335,3.2215657,2084
25290,r10i1p1f1,2084,03,29,0.0,19.295954,8.738568,2084
25291,r10i1p1f1,2084,03,30,0.050701027851717206,15.724307,3.693725,2084
25292,r10i1p1f1,2084,03,31,0.0,20.344759,5.2746935,2084
25293,r10i1p1f1,2084,04,01,0.0,19.967344,7.8349047,2084
25294,r10i1p1f1,2084,04,02,0.0,23.453306,8.841292,2084
25295,r10i1p1f1,2084,04,03,0.4666143754883179,22.09685,7.6341906,2084
25296,r10i1p1f1,2084,04,04,0.0,19.318344,6.60743,2084
25297,r10i1p1f1,2084,04,05,0.19228593472641814,18.357052,6.0386853,2084
25298,r10i1p1f1,2084,04,06,0.2949937422703155,20.90159,5.4990635,2084
25299,r10i1p1f1,2084,04,07,2.3996823144682966,20.22829,5.767391,2084
25300,r10i1p1f1,2084,04,08,0.09382473837927376,18.469454,8.445723,2084
25301,r10i1p1f1,2084,04,09,0.0,22.710016,7.132789,2084
25302,r10i1p1f1,2084,04,10,0.0,21.503986,8.247566,2084
25303,r10i1p1f1,2084,04,11,0.0,19.19575,6.5826073,2084
25304,r10i1p1f1,2084,04,12,0.0,22.224024,5.8496614,2084
25305,r10i1p1f1,2084,04,13,0.0,22.32095,7.6844544,2084
25306,r10i1p1f1,2084,04,14,30.215505884016718,17.7473,3.6043975,2084
25307,r10i1p1f1,2084,04,15,4.466529250327623,8.559574,3.1198673,2084
25308,r10i1p1f1,2084,04,16,15.510844879578432,8.800553,3.2267606,2084
25309,r10i1p1f1,2084,04,17,3.705738948692191,11.304521,3.3597317,2084
25310,r10i1p1f1,2084,04,18,13.15731701707639,11.749546,2.5919716,2084
25311,r10i1p1f1,2084,04,19,0.42308980298338084,14.389921,1.3748723,2084
25312,r10i1p1f1,2084,04,20,19.304711251702667,10.682842,3.3560321,2084
25313,r10i1p1f1,2084,04,21,0.1990154543118718,14.5446615,1.2060455,2084
25314,r10i1p1f1,2084,04,22,0.12180592674619554,18.043945,2.9947243,2084
25315,r10i1p1f1,2084,04,23,0.0,22.59383,7.8083625,2084
25316,r10i1p1f1,2084,04,24,0.0,22.474905,6.903052,2084
25317,r10i1p1f1,2084,04,25,0.0,24.577477,8.791888,2084
25318,r10i1p1f1,2084,04,26,0.0,25.091904,10.382896,2084
25319,r10i1p1f1,2084,04,27,0.0,23.852179,9.106392,2084
25320,r10i1p1f1,2084,04,28,0.0,21.714436,7.9954214,2084
25321,r10i1p1f1,2084,04,29,0.0,26.144493,10.351297,2084
25322,r10i1p1f1,2084,04,30,0.0,30.178293,11.3208685,2084
25323,r10i1p1f1,2084,05,01,0.0,29.186264,15.044375,2084
25324,r10i1p1f1,2084,05,02,0.0,31.227585,14.406491,2084
25325,r10i1p1f1,2084,05,03,0.0,32.500763,15.677772,2084
25326,r10i1p1f1,2084,05,04,0.0,31.635363,17.984413,2084
25327,r10i1p1f1,2084,05,05,0.0,28.559647,15.016531,2084
25328,r10i1p1f1,2084,05,06,0.0,27.412264,13.513158,2084
25329,r10i1p1f1,2084,05,07,0.0,28.529476,14.697333,2084
25330,r10i1p1f1,2084,05,08,0.0,31.342106,14.74509,2084
25331,r10i1p1f1,2084,05,09,0.0,32.45094,16.206846,2084
25332,r10i1p1f1,2084,05,10,0.0,31.304144,14.697402,2084
25333,r10i1p1f1,2084,05,11,0.0,34.581123,15.755435,2084
25334,r10i1p1f1,2084,05,12,0.0,34.19663,17.432928,2084
25335,r10i1p1f1,2084,05,13,0.0,34.92874,18.667059,2084
25336,r10i1p1f1,2084,05,14,0.0,34.183094,18.64505,2084
25337,r10i1p1f1,2084,05,15,0.0,30.900696,15.163765,2084
25338,r10i1p1f1,2084,05,16,0.0,22.949316,8.182287,2084
25339,r10i1p1f1,2084,05,17,0.0,26.741749,11.508784,2084
25340,r10i1p1f1,2084,05,18,0.0,28.209896,11.254176,2084
25341,r10i1p1f1,2084,05,19,0.0,27.423433,15.93219,2084
25342,r10i1p1f1,2084,05,20,0.0,27.916956,11.718421,2084
25343,r10i1p1f1,2084,05,21,0.0,28.77415,11.661206,2084
25344,r10i1p1f1,2084,05,22,0.0,30.564993,13.604759,2084
25345,r10i1p1f1,2084,05,23,0.0,33.431137,16.186491,2084
25346,r10i1p1f1,2084,05,24,0.0,32.837845,17.24376,2084
25347,r10i1p1f1,2084,05,25,0.0,31.492672,15.453668,2084
25348,r10i1p1f1,2084,05,26,0.0,32.579254,16.301401,2084
25349,r10i1p1f1,2084,05,27,0.0,33.27127,17.250822,2084
25350,r10i1p1f1,2084,05,28,0.0,33.829086,18.477959,2084
25351,r10i1p1f1,2084,05,29,0.0,32.90186,18.269445,2084
25352,r10i1p1f1,2084,05,30,0.0,31.118383,15.780668,2084
25353,r10i1p1f1,2084,05,31,0.0,32.514698,16.975422,2084
25354,r10i1p1f1,2084,06,01,0.0,37.212856,21.139565,2084
25355,r10i1p1f1,2084,06,02,0.0,34.845478,19.315994,2084
25356,r10i1p1f1,2084,06,03,0.0,28.526974,13.284752,2084
25357,r10i1p1f1,2084,06,04,0.0,26.240393,9.777242,2084
25358,r10i1p1f1,2084,06,05,0.0,27.35059,10.219035,2084
25359,r10i1p1f1,2084,06,06,0.0,28.377474,12.484555,2084
25360,r10i1p1f1,2084,06,07,0.0,27.894682,10.395227,2084
25361,r10i1p1f1,2084,06,08,0.0,22.461967,5.5199666,2084
25362,r10i1p1f1,2084,06,09,0.0,23.468256,7.0252123,2084
25363,r10i1p1f1,2084,06,10,4.462980773515531,19.61331,5.115266,2084
25364,r10i1p1f1,2084,06,11,0.0,24.234821,8.54693,2084
25365,r10i1p1f1,2084,06,12,0.0,29.484571,12.282032,2084
25366,r10i1p1f1,2084,06,13,0.0,32.52372,15.6571045,2084
25367,r10i1p1f1,2084,06,14,0.0,31.709171,15.420455,2084
25368,r10i1p1f1,2084,06,15,0.0,31.537409,15.734799,2084
25369,r10i1p1f1,2084,06,16,0.0,33.726612,16.805088,2084
25370,r10i1p1f1,2084,06,17,0.0,37.71865,21.01032,2084
25371,r10i1p1f1,2084,06,18,0.0,37.401325,19.976522,2084
25372,r10i1p1f1,2084,06,19,0.029856953609085298,37.321808,21.191193,2084
25373,r10i1p1f1,2084,06,20,0.0,36.015537,19.599981,2084
25374,r10i1p1f1,2084,06,21,0.0,35.860474,19.352207,2084
25375,r10i1p1f1,2084,06,22,0.0,35.974884,18.828821,2084
25376,r10i1p1f1,2084,06,23,0.0,34.822495,17.734774,2084
25377,r10i1p1f1,2084,06,24,0.0,34.389095,17.828892,2084
25378,r10i1p1f1,2084,06,25,0.0,31.888287,14.922999,2084
25379,r10i1p1f1,2084,06,26,0.0,28.581598,12.7600355,2084
25380,r10i1p1f1,2084,06,27,0.0,26.548965,11.021686,2084
25381,r10i1p1f1,2084,06,28,0.0,31.983469,14.063184,2084
25382,r10i1p1f1,2084,06,29,0.0,33.414318,16.066397,2084
25383,r10i1p1f1,2084,06,30,0.0,34.069515,16.711126,2084
25384,r10i1p1f1,2084,07,01,0.0,34.85444,16.665379,2084
25385,r10i1p1f1,2084,07,02,0.0,34.33823,16.961319,2084
25386,r10i1p1f1,2084,07,03,0.0,33.299103,16.107376,2084
25387,r10i1p1f1,2084,07,04,0.0,31.168879,14.698793,2084
25388,r10i1p1f1,2084,07,05,0.0,31.939106,15.080029,2084
25389,r10i1p1f1,2084,07,06,0.0,31.746302,14.866736,2084
25390,r10i1p1f1,2084,07,07,0.0,31.46728,14.756574,2084
25391,r10i1p1f1,2084,07,08,0.0,32.342583,15.680219,2084
25392,r10i1p1f1,2084,07,09,0.0,34.16925,16.260473,2084
25393,r10i1p1f1,2084,07,10,0.0,36.31105,18.166077,2084
25394,r10i1p1f1,2084,07,11,0.0,37.176674,18.840479,2084
25395,r10i1p1f1,2084,07,12,0.0,37.789085,19.018318,2084
25396,r10i1p1f1,2084,07,13,0.0,37.42347,19.73727,2084
25397,r10i1p1f1,2084,07,14,0.0,36.42557,20.404455,2084
25398,r10i1p1f1,2084,07,15,0.0,35.023567,17.906963,2084
25399,r10i1p1f1,2084,07,16,0.0,34.969284,16.275503,2084
25400,r10i1p1f1,2084,07,17,0.0,37.361492,19.244085,2084
25401,r10i1p1f1,2084,07,18,0.0,40.14432,20.936237,2084
25402,r10i1p1f1,2084,07,19,0.0,41.212276,22.017363,2084
25403,r10i1p1f1,2084,07,20,0.0,40.110138,21.966656,2084
25404,r10i1p1f1,2084,07,21,0.0,39.387024,22.17193,2084
25405,r10i1p1f1,2084,07,22,0.0,38.620777,21.029402,2084
25406,r10i1p1f1,2084,07,23,0.0,37.002777,21.697208,2084
25407,r10i1p1f1,2084,07,24,0.0,34.8979,18.914104,2084
25408,r10i1p1f1,2084,07,25,0.0,33.006237,16.961058,2084
25409,r10i1p1f1,2084,07,26,0.0,31.758926,15.396985,2084
25410,r10i1p1f1,2084,07,27,0.0,31.39302,14.717313,2084
25411,r10i1p1f1,2084,07,28,0.0,32.226067,14.963954,2084
25412,r10i1p1f1,2084,07,29,0.0,33.39392,15.856643,2084
25413,r10i1p1f1,2084,07,30,0.0,32.068684,15.564633,2084
25414,r10i1p1f1,2084,07,31,0.0,32.39106,15.102236,2084
25415,r10i1p1f1,2084,08,01,0.0,34.769333,16.552134,2084
25416,r10i1p1f1,2084,08,02,0.0,37.01295,18.146862,2084
25417,r10i1p1f1,2084,08,03,0.0,37.99271,19.072332,2084
25418,r10i1p1f1,2084,08,04,0.0,38.671566,21.999619,2084
25419,r10i1p1f1,2084,08,05,0.0,37.415493,18.721777,2084
25420,r10i1p1f1,2084,08,06,0.0,36.521626,21.394024,2084
25421,r10i1p1f1,2084,08,07,0.0,39.05355,23.82659,2084
25422,r10i1p1f1,2084,08,08,0.015839837913900784,39.80692,24.06807,2084
25423,r10i1p1f1,2084,08,09,0.0,42.47417,25.280067,2084
25424,r10i1p1f1,2084,08,10,0.0,42.348095,25.406015,2084
25425,r10i1p1f1,2084,08,11,0.036900383680691255,40.835236,27.142399,2084
25426,r10i1p1f1,2084,08,12,0.0,39.609375,25.354689,2084
25427,r10i1p1f1,2084,08,13,0.0,39.65701,23.541245,2084
25428,r10i1p1f1,2084,08,14,0.0,39.39825,23.744354,2084
25429,r10i1p1f1,2084,08,15,0.0,37.37264,21.035574,2084
25430,r10i1p1f1,2084,08,16,0.0,38.03948,19.525288,2084
25431,r10i1p1f1,2084,08,17,0.0,36.995308,21.559772,2084
25432,r10i1p1f1,2084,08,18,0.0,35.226704,18.861107,2084
25433,r10i1p1f1,2084,08,19,0.0,30.76663,14.907694,2084
25434,r10i1p1f1,2084,08,20,0.0,27.033447,13.345445,2084
25435,r10i1p1f1,2084,08,21,0.0,26.842424,11.764958,2084
25436,r10i1p1f1,2084,08,22,0.0,28.850286,12.684402,2084
25437,r10i1p1f1,2084,08,23,0.0,34.477505,16.999062,2084
25438,r10i1p1f1,2084,08,24,0.0,37.40548,20.473055,2084
25439,r10i1p1f1,2084,08,25,0.0,36.69125,20.361956,2084
25440,r10i1p1f1,2084,08,26,0.0,34.034935,17.360733,2084
25441,r10i1p1f1,2084,08,27,0.0,29.688467,14.6012945,2084
25442,r10i1p1f1,2084,08,28,0.0,34.26833,16.515728,2084
25443,r10i1p1f1,2084,08,29,0.0,36.32461,19.412174,2084
25444,r10i1p1f1,2084,08,30,0.0,37.864925,20.433998,2084
25445,r10i1p1f1,2084,08,31,0.0,37.369736,21.194893,2084
25446,r10i1p1f1,2084,09,01,0.0,37.09776,21.19337,2084
25447,r10i1p1f1,2084,09,02,0.036832620542937594,38.329815,22.348045,2084
25448,r10i1p1f1,2084,09,03,0.0,37.306023,22.498306,2084
25449,r10i1p1f1,2084,09,04,0.0,36.041073,21.529882,2084
25450,r10i1p1f1,2084,09,05,0.0,37.97231,20.544611,2084
25451,r10i1p1f1,2084,09,06,0.0,38.857418,21.393215,2084
25452,r10i1p1f1,2084,09,07,0.0,38.626514,21.866585,2084
25453,r10i1p1f1,2084,09,08,0.0,37.958797,21.604828,2084
25454,r10i1p1f1,2084,09,09,0.0,36.03866,20.41539,2084
25455,r10i1p1f1,2084,09,10,0.0,35.372227,19.241661,2084
25456,r10i1p1f1,2084,09,11,0.0,34.510212,17.554558,2084
25457,r10i1p1f1,2084,09,12,0.0,32.991962,20.04568,2084
25458,r10i1p1f1,2084,09,13,0.0,31.853775,17.783215,2084
25459,r10i1p1f1,2084,09,14,0.0,27.27617,12.687256,2084
25460,r10i1p1f1,2084,09,15,0.035213146234007967,22.873415,8.838732,2084
25461,r10i1p1f1,2084,09,16,0.0,24.820045,8.92847,2084
25462,r10i1p1f1,2084,09,17,0.0,30.803518,12.175355,2084
25463,r10i1p1f1,2084,09,18,0.0,35.24644,17.919567,2084
25464,r10i1p1f1,2084,09,19,0.0,35.927483,19.190765,2084
25465,r10i1p1f1,2084,09,20,0.0,33.59914,19.982769,2084
25466,r10i1p1f1,2084,09,21,0.0,31.373795,15.909163,2084
25467,r10i1p1f1,2084,09,22,0.0,27.775436,14.311779,2084
25468,r10i1p1f1,2084,09,23,0.0,26.942337,12.905034,2084
25469,r10i1p1f1,2084,09,24,0.0,25.133543,11.337556,2084
25470,r10i1p1f1,2084,09,25,0.0,24.851812,9.738417,2084
25471,r10i1p1f1,2084,09,26,0.0,29.128353,12.759209,2084
25472,r10i1p1f1,2084,09,27,0.0,31.19244,14.409755,2084
25473,r10i1p1f1,2084,09,28,0.0,29.860188,13.117545,2084
25474,r10i1p1f1,2084,09,29,0.0,26.652094,13.589587,2084
25475,r10i1p1f1,2084,09,30,0.0,27.424143,9.772908,2084
25476,r10i1p1f1,2084,10,01,0.0,26.286158,10.607401,2084
25477,r10i1p1f1,2084,10,02,0.0,29.924082,13.010314,2084
25478,r10i1p1f1,2084,10,03,0.0,29.22467,13.137071,2084
25479,r10i1p1f1,2084,10,04,0.0,28.522602,15.734434,2084
25480,r10i1p1f1,2084,10,05,22.513198988025053,32.658504,18.651062,2084
25481,r10i1p1f1,2084,10,06,0.283553726799973,30.18982,16.90511,2084
25482,r10i1p1f1,2084,10,07,0.4587190714358401,28.430273,13.665215,2084
25483,r10i1p1f1,2084,10,08,0.0,27.500677,14.115002,2084
25484,r10i1p1f1,2084,10,09,0.0,26.878296,12.906242,2084
25485,r10i1p1f1,2084,10,10,0.0,26.617949,13.805396,2084
25486,r10i1p1f1,2084,10,11,10.97887223050317,26.07691,12.009026,2084
25487,r10i1p1f1,2084,10,12,0.0,25.57881,9.174029,2084
25488,r10i1p1f1,2084,10,13,0.0,26.074486,11.0756,2084
25489,r10i1p1f1,2084,10,14,0.0,27.74114,10.773913,2084
25490,r10i1p1f1,2084,10,15,0.0,29.718834,13.6838255,2084
25491,r10i1p1f1,2084,10,16,0.0,30.985567,15.448413,2084
25492,r10i1p1f1,2084,10,17,0.0,32.193695,16.889902,2084
25493,r10i1p1f1,2084,10,18,0.0,29.391325,16.255474,2084
25494,r10i1p1f1,2084,10,19,0.0,21.340418,9.1282015,2084
25495,r10i1p1f1,2084,10,20,0.0,20.860746,8.012713,2084
25496,r10i1p1f1,2084,10,21,0.0,24.948639,12.351906,2084
25497,r10i1p1f1,2084,10,22,18.14609102776127,27.406612,9.659692,2084
25498,r10i1p1f1,2084,10,23,0.9907016334277854,17.474833,6.4907517,2084
25499,r10i1p1f1,2084,10,24,0.0,19.299423,6.7271156,2084
25500,r10i1p1f1,2084,10,25,0.0,24.081903,8.2233925,2084
25501,r10i1p1f1,2084,10,26,0.0,24.420519,10.111893,2084
25502,r10i1p1f1,2084,10,27,0.12470031132292397,23.781164,11.409971,2084
25503,r10i1p1f1,2084,10,28,0.0,20.713829,7.57884,2084
25504,r10i1p1f1,2084,10,29,0.011676066771458767,23.010458,8.064415,2084
25505,r10i1p1f1,2084,10,30,0.6829694461645742,19.988546,7.637456,2084
25506,r10i1p1f1,2084,10,31,0.0,22.943752,9.250318,2084
25507,r10i1p1f1,2084,11,01,0.0,25.581888,8.443113,2084
25508,r10i1p1f1,2084,11,02,0.0,26.557072,10.404584,2084
25509,r10i1p1f1,2084,11,03,0.0,25.814133,14.185402,2084
25510,r10i1p1f1,2084,11,04,0.0,23.340088,10.392738,2084
25511,r10i1p1f1,2084,11,05,2.0203031420781996,18.81169,7.517882,2084
25512,r10i1p1f1,2084,11,06,3.8188562164960835,20.971167,7.149427,2084
25513,r10i1p1f1,2084,11,07,0.0,19.707891,6.4275327,2084
25514,r10i1p1f1,2084,11,08,14.05497840061894,15.9919405,6.7230296,2084
25515,r10i1p1f1,2084,11,09,0.292944987768351,17.942085,3.5703993,2084
25516,r10i1p1f1,2084,11,10,30.54865617412265,12.279682,5.995095,2084
25517,r10i1p1f1,2084,11,11,2.8696241267282043,11.927976,5.2311034,2084
25518,r10i1p1f1,2084,11,12,0.08907272788890527,13.727844,0.98305935,2084
25519,r10i1p1f1,2084,11,13,0.0,18.059576,3.549861,2084
25520,r10i1p1f1,2084,11,14,0.0,18.872787,5.4052467,2084
25521,r10i1p1f1,2084,11,15,0.0,20.728315,5.7886477,2084
25522,r10i1p1f1,2084,11,16,0.0,22.040205,6.037088,2084
25523,r10i1p1f1,2084,11,17,0.0,21.000216,8.114974,2084
25524,r10i1p1f1,2084,11,18,0.0,18.577612,6.7492733,2084
25525,r10i1p1f1,2084,11,19,0.0,17.98723,6.5675893,2084
25526,r10i1p1f1,2084,11,20,3.3883788171806373,18.271793,7.189465,2084
25527,r10i1p1f1,2084,11,21,1.3750749961086752,13.748364,5.883708,2084
25528,r10i1p1f1,2084,11,22,0.0,14.170558,2.1460285,2084
25529,r10i1p1f1,2084,11,23,0.0,14.319991,4.559458,2084
25530,r10i1p1f1,2084,11,24,0.14735134008285394,14.033313,8.23004,2084
25531,r10i1p1f1,2084,11,25,3.248658786354721,20.237495,9.609448,2084
25532,r10i1p1f1,2084,11,26,0.0,21.096561,8.199376,2084
25533,r10i1p1f1,2084,11,27,0.0,22.390985,10.010886,2084
25534,r10i1p1f1,2084,11,28,0.0,22.823133,10.096382,2084
25535,r10i1p1f1,2084,11,29,0.0,23.170458,9.921515,2084
25536,r10i1p1f1,2084,11,30,0.004031725496277336,21.841558,9.123796,2084
25537,r10i1p1f1,2084,12,01,0.0,23.672039,10.8181,2084
25538,r10i1p1f1,2084,12,02,0.0,23.258112,11.279997,2084
25539,r10i1p1f1,2084,12,03,0.0,22.086412,11.354942,2084
25540,r10i1p1f1,2084,12,04,0.0,22.842993,10.868433,2084
25541,r10i1p1f1,2084,12,05,0.0,21.263933,10.073163,2084
25542,r10i1p1f1,2084,12,06,0.0,17.381418,11.20701,2084
25543,r10i1p1f1,2084,12,07,0.0,16.900776,9.044784,2084
25544,r10i1p1f1,2084,12,08,0.0,16.571903,5.5707827,2084
25545,r10i1p1f1,2084,12,09,30.681964962001842,13.634648,8.925468,2084
25546,r10i1p1f1,2084,12,10,0.0,14.007078,3.7820723,2084
25547,r10i1p1f1,2084,12,11,0.0,10.83285,0.9865978,2084
25548,r10i1p1f1,2084,12,12,0.0,14.948808,2.6102912,2084
25549,r10i1p1f1,2084,12,13,0.0,18.859413,6.903093,2084
25550,r10i1p1f1,2084,12,14,0.0,19.787783,8.454269,2084
25551,r10i1p1f1,2084,12,15,0.2740956673063154,17.341726,7.705261,2084
25552,r10i1p1f1,2084,12,16,0.0,18.467588,7.037821,2084
25553,r10i1p1f1,2084,12,17,0.0,16.14545,6.914979,2084
25554,r10i1p1f1,2084,12,18,0.0,20.529842,8.411886,2084
25555,r10i1p1f1,2084,12,19,0.0,23.896032,10.382472,2084
25556,r10i1p1f1,2084,12,20,0.0,21.476877,10.726569,2084
25557,r10i1p1f1,2084,12,21,0.0,21.473461,9.92998,2084
25558,r10i1p1f1,2084,12,22,0.0,20.328144,8.444585,2084
25559,r10i1p1f1,2084,12,23,0.0,19.847082,7.457505,2084
25560,r10i1p1f1,2084,12,24,0.0,21.061867,8.097504,2084
25561,r10i1p1f1,2084,12,25,0.0,23.090242,8.209609,2084
25562,r10i1p1f1,2084,12,26,0.0,20.843937,8.617199,2084
25563,r10i1p1f1,2084,12,27,0.0,20.350378,8.063275,2084
25564,r10i1p1f1,2084,12,28,6.574957990654328,13.67034,7.196484,2084
25565,r10i1p1f1,2084,12,29,17.072017012680206,10.261789,6.8356338,2084
25566,r10i1p1f1,2084,12,30,0.0,12.323392,6.433125,2084
25567,r10i1p1f1,2084,12,31,0.0,13.286792,3.045942,2084
25568,r10i1p1f1,2085,01,01,0.0,13.559667,1.2428569,2085
25569,r10i1p1f1,2085,01,02,0.0,13.3168955,4.6714435,2085
25570,r10i1p1f1,2085,01,03,8.443425375624333,9.496847,4.3802886,2085
25571,r10i1p1f1,2085,01,04,43.51176296722291,16.780817,5.5381074,2085
25572,r10i1p1f1,2085,01,05,62.27400909226976,18.242416,12.759221,2085
25573,r10i1p1f1,2085,01,06,73.01824881241804,18.321436,11.235754,2085
25574,r10i1p1f1,2085,01,07,16.232160905660987,13.388892,5.034586,2085
25575,r10i1p1f1,2085,01,08,34.9240651694249,12.810266,6.058778,2085
25576,r10i1p1f1,2085,01,09,58.28739558407841,19.901302,10.40737,2085
25577,r10i1p1f1,2085,01,10,10.260217089901408,17.495996,10.505725,2085
25578,r10i1p1f1,2085,01,11,0.01265914114284035,15.15639,5.5579457,2085
25579,r10i1p1f1,2085,01,12,5.683631651424404,9.34006,5.5784006,2085
25580,r10i1p1f1,2085,01,13,0.0,12.785673,4.281703,2085
25581,r10i1p1f1,2085,01,14,0.0,14.297213,4.8197374,2085
25582,r10i1p1f1,2085,01,15,0.0,16.294489,4.495239,2085
25583,r10i1p1f1,2085,01,16,0.0,17.758541,7.430806,2085
25584,r10i1p1f1,2085,01,17,0.0,17.836384,6.179306,2085
25585,r10i1p1f1,2085,01,18,0.0,16.505226,6.2401357,2085
25586,r10i1p1f1,2085,01,19,0.0,15.294745,6.585292,2085
25587,r10i1p1f1,2085,01,20,0.0,12.612403,4.614389,2085
25588,r10i1p1f1,2085,01,21,1.4848605413135374,11.169831,6.525588,2085
25589,r10i1p1f1,2085,01,22,0.0009337309165857732,13.077787,8.321782,2085
25590,r10i1p1f1,2085,01,23,30.399746950838324,11.868999,4.3920155,2085
25591,r10i1p1f1,2085,01,24,0.0,12.744478,2.8759716,2085
25592,r10i1p1f1,2085,01,25,1.4475425941662634,10.875139,1.3099225,2085
25593,r10i1p1f1,2085,01,26,6.796689322331268,9.601876,4.974212,2085
25594,r10i1p1f1,2085,01,27,0.0,13.007646,1.9334952,2085
25595,r10i1p1f1,2085,01,28,0.0,14.711754,2.4403474,2085
25596,r10i1p1f1,2085,01,29,0.0,20.534912,7.894255,2085
25597,r10i1p1f1,2085,01,30,0.0,20.268072,8.720251,2085
25598,r10i1p1f1,2085,01,31,0.0,17.587109,9.16736,2085
25599,r10i1p1f1,2085,02,01,0.0,17.781824,5.6921573,2085
25600,r10i1p1f1,2085,02,02,22.561551870335517,14.956893,7.892938,2085
25601,r10i1p1f1,2085,02,03,0.0,13.55742,2.1883636,2085
25602,r10i1p1f1,2085,02,04,0.0,14.012754,0.83391047,2085
25603,r10i1p1f1,2085,02,05,0.0,13.274948,2.382252,2085
25604,r10i1p1f1,2085,02,06,10.6417830469773,11.656181,4.682911,2085
25605,r10i1p1f1,2085,02,07,3.100205097579371,11.438295,5.713296,2085
25606,r10i1p1f1,2085,02,08,2.2499514714103213,9.83313,2.7947695,2085
25607,r10i1p1f1,2085,02,09,0.404872220394138,9.782627,2.4904563,2085
25608,r10i1p1f1,2085,02,10,24.485428267201456,6.969677,1.4578731,2085
25609,r10i1p1f1,2085,02,11,14.165761750834799,5.8098636,-1.0387037,2085
25610,r10i1p1f1,2085,02,12,3.5719556702181428,6.6942086,-0.4843232,2085
25611,r10i1p1f1,2085,02,13,0.6217908339366611,7.847143,0.83163655,2085
25612,r10i1p1f1,2085,02,14,0.0,8.643799,3.1065826,2085
25613,r10i1p1f1,2085,02,15,21.644820165774465,6.0852494,0.3009188,2085
25614,r10i1p1f1,2085,02,16,6.589867574411744,6.5822334,-0.73189884,2085
25615,r10i1p1f1,2085,02,17,16.37199744295925,8.911144,1.1084263,2085
25616,r10i1p1f1,2085,02,18,0.9488656086935072,10.702766,0.69927937,2085
25617,r10i1p1f1,2085,02,19,0.0,15.471015,-0.018982736,2085
25618,r10i1p1f1,2085,02,20,0.0,15.775641,2.0947893,2085
25619,r10i1p1f1,2085,02,21,0.0,19.373934,6.296355,2085
25620,r10i1p1f1,2085,02,22,0.0,19.101171,6.939711,2085
25621,r10i1p1f1,2085,02,23,0.0,18.242592,7.289463,2085
25622,r10i1p1f1,2085,02,24,0.0,17.194622,6.0669823,2085
25623,r10i1p1f1,2085,02,25,0.0,21.031813,6.0615487,2085
25624,r10i1p1f1,2085,02,26,0.0,19.973862,6.6863885,2085
25625,r10i1p1f1,2085,02,27,5.483493344395117,19.310177,6.887043,2085
25626,r10i1p1f1,2085,02,28,1.3776117300446793,8.79492,-0.0031350788,2085
25627,r10i1p1f1,2085,03,01,0.36893320729608314,10.321145,-1.7089072,2085
25628,r10i1p1f1,2085,03,02,13.566018548858425,6.2862196,-2.595357,2085
25629,r10i1p1f1,2085,03,03,0.8953323266915073,8.992796,1.7888163,2085
25630,r10i1p1f1,2085,03,04,4.94335761873476,8.43231,1.6345946,2085
25631,r10i1p1f1,2085,03,05,0.04078499204249391,16.74885,2.897574,2085
25632,r10i1p1f1,2085,03,06,0.0,16.927435,3.291652,2085
25633,r10i1p1f1,2085,03,07,0.0,15.583454,3.4712148,2085
25634,r10i1p1f1,2085,03,08,0.0,11.182638,-2.0529122,2085
25635,r10i1p1f1,2085,03,09,0.0,12.159272,-2.314451,2085
25636,r10i1p1f1,2085,03,10,4.608574266172869,11.016309,-0.51119393,2085
25637,r10i1p1f1,2085,03,11,0.0,7.828141,-1.4609797,2085
25638,r10i1p1f1,2085,03,12,0.0,11.756315,-1.3853505,2085
25639,r10i1p1f1,2085,03,13,2.045610107631403,10.635545,0.47123396,2085
25640,r10i1p1f1,2085,03,14,10.452274143742551,7.8938775,2.845456,2085
25641,r10i1p1f1,2085,03,15,4.453040181220115,10.362271,0.9019215,2085
25642,r10i1p1f1,2085,03,16,0.0,15.5524435,-1.0641901,2085
25643,r10i1p1f1,2085,03,17,0.0,16.56542,3.6550856,2085
25644,r10i1p1f1,2085,03,18,0.0,22.682497,5.064613,2085
25645,r10i1p1f1,2085,03,19,0.0,24.543665,7.168425,2085
25646,r10i1p1f1,2085,03,20,0.0,23.635529,8.127326,2085
25647,r10i1p1f1,2085,03,21,0.0,25.782637,7.6716285,2085
25648,r10i1p1f1,2085,03,22,0.0,25.483145,9.526052,2085
25649,r10i1p1f1,2085,03,23,0.0,27.525114,8.609792,2085
25650,r10i1p1f1,2085,03,24,0.0,27.370934,10.560656,2085
25651,r10i1p1f1,2085,03,25,0.0,21.95751,9.091525,2085
25652,r10i1p1f1,2085,03,26,0.0,24.250772,6.6311936,2085
25653,r10i1p1f1,2085,03,27,0.0,23.645111,9.834236,2085
25654,r10i1p1f1,2085,03,28,2.8103505271390437,17.946312,7.2017035,2085
25655,r10i1p1f1,2085,03,29,21.017181637120974,14.437031,5.3971777,2085
25656,r10i1p1f1,2085,03,30,0.0,16.99079,2.766424,2085
25657,r10i1p1f1,2085,03,31,0.006704318769535396,17.355001,6.5384135,2085
25658,r10i1p1f1,2085,04,01,0.0,17.174488,7.052075,2085
25659,r10i1p1f1,2085,04,02,1.4558530451459344,15.833888,7.417856,2085
25660,r10i1p1f1,2085,04,03,6.450371406734982,14.949259,7.9001055,2085
25661,r10i1p1f1,2085,04,04,0.35507086342034344,19.449343,8.7979355,2085
25662,r10i1p1f1,2085,04,05,14.269650754948472,17.016705,3.7079234,2085
25663,r10i1p1f1,2085,04,06,6.209659199406528,10.800046,3.0339942,2085
25664,r10i1p1f1,2085,04,07,0.0,14.359948,-0.4331426,2085
25665,r10i1p1f1,2085,04,08,1.1705609009117037,12.712608,1.6999477,2085
25666,r10i1p1f1,2085,04,09,0.0,17.721472,1.8108124,2085
25667,r10i1p1f1,2085,04,10,0.0,23.633938,3.8298035,2085
25668,r10i1p1f1,2085,04,11,0.0,22.702015,11.536708,2085
25669,r10i1p1f1,2085,04,12,49.217855551672216,15.022527,2.3788579,2085
25670,r10i1p1f1,2085,04,13,0.0,14.723626,2.7943797,2085
25671,r10i1p1f1,2085,04,14,0.0,17.149218,7.3125596,2085
25672,r10i1p1f1,2085,04,15,0.0,21.40057,6.170729,2085
25673,r10i1p1f1,2085,04,16,0.0,24.454086,6.2803082,2085
25674,r10i1p1f1,2085,04,17,0.0,25.029219,9.714912,2085
25675,r10i1p1f1,2085,04,18,0.0,23.923655,9.6350565,2085
25676,r10i1p1f1,2085,04,19,0.0,26.981281,10.914218,2085
25677,r10i1p1f1,2085,04,20,0.0,30.406696,12.426776,2085
25678,r10i1p1f1,2085,04,21,0.0,31.105436,13.714881,2085
25679,r10i1p1f1,2085,04,22,0.0,29.879347,15.190579,2085
25680,r10i1p1f1,2085,04,23,0.0,28.209215,12.371023,2085
25681,r10i1p1f1,2085,04,24,0.0,28.70546,10.794435,2085
25682,r10i1p1f1,2085,04,25,0.0,28.90263,13.016878,2085
25683,r10i1p1f1,2085,04,26,0.0,29.085384,13.313398,2085
25684,r10i1p1f1,2085,04,27,0.0,31.581505,14.774313,2085
25685,r10i1p1f1,2085,04,28,0.0,32.265568,16.40082,2085
25686,r10i1p1f1,2085,04,29,0.0,30.648197,16.250914,2085
25687,r10i1p1f1,2085,04,30,0.0,26.447786,11.967785,2085
25688,r10i1p1f1,2085,05,01,0.0,20.73767,4.19921,2085
25689,r10i1p1f1,2085,05,02,0.0,21.03333,5.648736,2085
25690,r10i1p1f1,2085,05,03,2.2342279804816876,18.057302,4.431179,2085
25691,r10i1p1f1,2085,05,04,10.050707463539622,9.263998,0.3657327,2085
25692,r10i1p1f1,2085,05,05,0.4235343250971518,14.737831,2.0150635,2085
25693,r10i1p1f1,2085,05,06,0.0,19.563482,5.2331653,2085
25694,r10i1p1f1,2085,05,07,0.0,23.119501,7.424082,2085
25695,r10i1p1f1,2085,05,08,0.0,22.7553,7.996301,2085
25696,r10i1p1f1,2085,05,09,0.0,26.19161,9.922916,2085
25697,r10i1p1f1,2085,05,10,0.0,29.89117,14.457052,2085
25698,r10i1p1f1,2085,05,11,0.0,33.9522,15.718405,2085
25699,r10i1p1f1,2085,05,12,0.0,33.776764,17.100513,2085
25700,r10i1p1f1,2085,05,13,0.0,33.269787,17.122042,2085
25701,r10i1p1f1,2085,05,14,0.0,29.212656,13.774726,2085
25702,r10i1p1f1,2085,05,15,0.0,28.53549,12.02845,2085
25703,r10i1p1f1,2085,05,16,0.0,27.732544,12.8064575,2085
25704,r10i1p1f1,2085,05,17,0.0,29.520645,12.699118,2085
25705,r10i1p1f1,2085,05,18,0.0,29.746891,13.937185,2085
25706,r10i1p1f1,2085,05,19,0.0,32.73341,17.087786,2085
25707,r10i1p1f1,2085,05,20,0.0,34.111305,18.032394,2085
25708,r10i1p1f1,2085,05,21,0.0,34.397,19.600117,2085
25709,r10i1p1f1,2085,05,22,0.0,32.80385,17.51625,2085
25710,r10i1p1f1,2085,05,23,0.0,28.706797,14.827473,2085
25711,r10i1p1f1,2085,05,24,0.0,30.054781,13.844971,2085
25712,r10i1p1f1,2085,05,25,0.0,33.212364,15.49991,2085
25713,r10i1p1f1,2085,05,26,0.0,31.649292,17.265934,2085
25714,r10i1p1f1,2085,05,27,0.0,26.397587,9.441218,2085
25715,r10i1p1f1,2085,05,28,0.0,30.454647,13.171248,2085
25716,r10i1p1f1,2085,05,29,0.0,31.930044,14.245838,2085
25717,r10i1p1f1,2085,05,30,0.0,35.033104,17.80015,2085
25718,r10i1p1f1,2085,05,31,0.0,34.400803,20.476206,2085
25719,r10i1p1f1,2085,06,01,0.0,30.157724,11.810944,2085
25720,r10i1p1f1,2085,06,02,0.0,34.143158,14.745972,2085
25721,r10i1p1f1,2085,06,03,0.0,38.36069,17.962551,2085
25722,r10i1p1f1,2085,06,04,0.0,41.166412,24.963314,2085
25723,r10i1p1f1,2085,06,05,0.0,39.68069,21.830246,2085
25724,r10i1p1f1,2085,06,06,0.0,36.78553,21.442286,2085
25725,r10i1p1f1,2085,06,07,0.0,33.95059,18.63068,2085
25726,r10i1p1f1,2085,06,08,0.0,32.072487,16.114798,2085
25727,r10i1p1f1,2085,06,09,0.0,32.944992,15.677378,2085
25728,r10i1p1f1,2085,06,10,0.0,38.120586,19.379044,2085
25729,r10i1p1f1,2085,06,11,0.0,36.415314,23.209686,2085
25730,r10i1p1f1,2085,06,12,0.0,31.540697,17.565702,2085
25731,r10i1p1f1,2085,06,13,0.0,30.46849,15.709041,2085
25732,r10i1p1f1,2085,06,14,0.0,30.746952,15.249197,2085
25733,r10i1p1f1,2085,06,15,0.0,27.257812,13.699033,2085
25734,r10i1p1f1,2085,06,16,0.0,32.382267,13.871763,2085
25735,r10i1p1f1,2085,06,17,0.0,31.932636,15.444359,2085
25736,r10i1p1f1,2085,06,18,0.0,34.370567,17.163605,2085
25737,r10i1p1f1,2085,06,19,0.0,35.953922,18.998077,2085
25738,r10i1p1f1,2085,06,20,0.0,38.546703,22.308737,2085
25739,r10i1p1f1,2085,06,21,0.0,37.533764,20.037949,2085
25740,r10i1p1f1,2085,06,22,0.0,32.517128,16.22551,2085
25741,r10i1p1f1,2085,06,23,0.0,33.07613,15.424561,2085
25742,r10i1p1f1,2085,06,24,0.0,31.95856,15.723225,2085
25743,r10i1p1f1,2085,06,25,0.0,34.441654,16.798803,2085
25744,r10i1p1f1,2085,06,26,0.0,33.783615,18.430994,2085
25745,r10i1p1f1,2085,06,27,0.0,35.581085,19.51672,2085
25746,r10i1p1f1,2085,06,28,0.0,36.653683,20.85251,2085
25747,r10i1p1f1,2085,06,29,0.0,35.874718,20.463404,2085
25748,r10i1p1f1,2085,06,30,0.0,33.238167,17.724035,2085
25749,r10i1p1f1,2085,07,01,0.0,33.765656,15.229373,2085
25750,r10i1p1f1,2085,07,02,0.0,33.650734,15.922296,2085
25751,r10i1p1f1,2085,07,03,0.0,31.702303,14.603615,2085
25752,r10i1p1f1,2085,07,04,0.0,31.711082,17.68867,2085
25753,r10i1p1f1,2085,07,05,0.0,32.283276,15.836816,2085
25754,r10i1p1f1,2085,07,06,0.0,31.562754,14.704336,2085
25755,r10i1p1f1,2085,07,07,0.0,30.34519,14.483685,2085
25756,r10i1p1f1,2085,07,08,0.0,30.762182,14.613523,2085
25757,r10i1p1f1,2085,07,09,0.0,29.57036,14.11996,2085
25758,r10i1p1f1,2085,07,10,0.0,32.781708,14.227205,2085
25759,r10i1p1f1,2085,07,11,0.0,37.98641,20.105963,2085
25760,r10i1p1f1,2085,07,12,0.0,38.62333,21.99645,2085
25761,r10i1p1f1,2085,07,13,0.0,38.97521,22.253468,2085
25762,r10i1p1f1,2085,07,14,0.0,37.099293,20.718935,2085
25763,r10i1p1f1,2085,07,15,0.0,36.185284,19.394152,2085
25764,r10i1p1f1,2085,07,16,0.0,36.83959,19.020483,2085
25765,r10i1p1f1,2085,07,17,0.0,35.296436,18.834152,2085
25766,r10i1p1f1,2085,07,18,0.0,32.737377,18.256569,2085
25767,r10i1p1f1,2085,07,19,0.0,36.15808,18.115545,2085
25768,r10i1p1f1,2085,07,20,0.0,37.27158,19.211767,2085
25769,r10i1p1f1,2085,07,21,0.6766421058273409,35.982018,19.392277,2085
25770,r10i1p1f1,2085,07,22,0.0,35.759773,19.304949,2085
25771,r10i1p1f1,2085,07,23,0.0,37.760384,21.262466,2085
25772,r10i1p1f1,2085,07,24,0.0,37.415623,21.288948,2085
25773,r10i1p1f1,2085,07,25,0.0,37.22743,19.630125,2085
25774,r10i1p1f1,2085,07,26,0.0,40.47302,21.044771,2085
25775,r10i1p1f1,2085,07,27,0.0,40.34983,22.709969,2085
25776,r10i1p1f1,2085,07,28,0.0,38.780327,20.565084,2085
25777,r10i1p1f1,2085,07,29,0.0,35.423103,18.30459,2085
25778,r10i1p1f1,2085,07,30,0.0,34.756817,17.810776,2085
25779,r10i1p1f1,2085,07,31,0.0,33.973408,17.260216,2085
25780,r10i1p1f1,2085,08,01,0.0,34.795868,16.619944,2085
25781,r10i1p1f1,2085,08,02,0.0,37.00179,19.027967,2085
25782,r10i1p1f1,2085,08,03,0.0,38.583553,18.792788,2085
25783,r10i1p1f1,2085,08,04,0.0,37.632965,18.689068,2085
25784,r10i1p1f1,2085,08,05,0.0,35.308056,17.3171,2085
25785,r10i1p1f1,2085,08,06,0.0,35.09128,17.370975,2085
25786,r10i1p1f1,2085,08,07,0.0,35.771313,20.325792,2085
25787,r10i1p1f1,2085,08,08,0.0,36.755424,19.38809,2085
25788,r10i1p1f1,2085,08,09,0.0,35.956413,18.18106,2085
25789,r10i1p1f1,2085,08,10,0.0,33.84551,16.689482,2085
25790,r10i1p1f1,2085,08,11,0.0,36.386635,18.258417,2085
25791,r10i1p1f1,2085,08,12,0.0,35.205727,18.102394,2085
25792,r10i1p1f1,2085,08,13,0.0,31.601408,15.158916,2085
25793,r10i1p1f1,2085,08,14,0.0,32.34786,15.079076,2085
25794,r10i1p1f1,2085,08,15,0.0,35.825783,17.292173,2085
25795,r10i1p1f1,2085,08,16,0.0,39.16603,20.650944,2085
25796,r10i1p1f1,2085,08,17,0.0,41.95706,23.194948,2085
25797,r10i1p1f1,2085,08,18,0.0,42.320805,25.164179,2085
25798,r10i1p1f1,2085,08,19,0.0,42.495186,25.188385,2085
25799,r10i1p1f1,2085,08,20,0.0,41.141792,24.179302,2085
25800,r10i1p1f1,2085,08,21,0.0,34.767994,19.066982,2085
25801,r10i1p1f1,2085,08,22,0.0,31.55656,14.4037075,2085
25802,r10i1p1f1,2085,08,23,0.0,26.653372,10.197598,2085
25803,r10i1p1f1,2085,08,24,0.0,27.84298,11.783306,2085
25804,r10i1p1f1,2085,08,25,0.0,33.32209,14.22783,2085
25805,r10i1p1f1,2085,08,26,0.0,35.397488,18.128033,2085
25806,r10i1p1f1,2085,08,27,0.0,36.82616,19.90339,2085
25807,r10i1p1f1,2085,08,28,0.0,36.486492,20.133865,2085
25808,r10i1p1f1,2085,08,29,0.0,34.587162,18.34813,2085
25809,r10i1p1f1,2085,08,30,0.0,31.194439,14.553032,2085
25810,r10i1p1f1,2085,08,31,0.0,28.869211,12.434578,2085
25811,r10i1p1f1,2085,09,01,0.0,27.602844,12.183952,2085
25812,r10i1p1f1,2085,09,02,0.0,30.517967,12.820812,2085
25813,r10i1p1f1,2085,09,03,0.0,34.10544,16.543564,2085
25814,r10i1p1f1,2085,09,04,0.0,36.322113,18.530972,2085
25815,r10i1p1f1,2085,09,05,0.0,35.53556,18.272367,2085
25816,r10i1p1f1,2085,09,06,0.0,34.69829,17.945646,2085
25817,r10i1p1f1,2085,09,07,0.0,32.247513,13.938688,2085
25818,r10i1p1f1,2085,09,08,0.0,33.417248,14.285959,2085
25819,r10i1p1f1,2085,09,09,0.0,34.716908,16.33695,2085
25820,r10i1p1f1,2085,09,10,0.0,34.16853,15.786304,2085
25821,r10i1p1f1,2085,09,11,0.0,33.19396,17.18712,2085
25822,r10i1p1f1,2085,09,12,0.0,28.557245,13.809692,2085
25823,r10i1p1f1,2085,09,13,0.0,31.194637,11.43109,2085
25824,r10i1p1f1,2085,09,14,0.0,32.965595,15.853952,2085
25825,r10i1p1f1,2085,09,15,0.0,36.156834,18.853542,2085
25826,r10i1p1f1,2085,09,16,0.0,37.396214,20.017551,2085
25827,r10i1p1f1,2085,09,17,0.0,38.970306,22.956438,2085
25828,r10i1p1f1,2085,09,18,0.0,38.27734,24.350885,2085
25829,r10i1p1f1,2085,09,19,0.29791190328117073,35.8228,22.971975,2085
25830,r10i1p1f1,2085,09,20,76.2498834519647,28.994577,14.7979,2085
25831,r10i1p1f1,2085,09,21,6.194618541408808,24.870747,12.690084,2085
25832,r10i1p1f1,2085,09,22,0.0,25.468136,11.329329,2085
25833,r10i1p1f1,2085,09,23,0.0,28.15608,14.881634,2085
25834,r10i1p1f1,2085,09,24,0.0,29.263187,14.771339,2085
25835,r10i1p1f1,2085,09,25,0.0,30.182775,16.336252,2085
25836,r10i1p1f1,2085,09,26,0.0,31.49784,16.799057,2085
25837,r10i1p1f1,2085,09,27,0.0,31.169157,16.533707,2085
25838,r10i1p1f1,2085,09,28,0.0,29.105982,15.072563,2085
25839,r10i1p1f1,2085,09,29,0.0,30.500032,14.618861,2085
25840,r10i1p1f1,2085,09,30,0.22070282440214023,24.1503,11.538086,2085
25841,r10i1p1f1,2085,10,01,0.33642743520000584,23.750755,11.265066,2085
25842,r10i1p1f1,2085,10,02,0.37091840548734917,26.435034,13.0817,2085
25843,r10i1p1f1,2085,10,03,0.0,27.158245,12.96508,2085
25844,r10i1p1f1,2085,10,04,0.0,27.862411,14.189674,2085
25845,r10i1p1f1,2085,10,05,0.0,26.691425,13.516783,2085
25846,r10i1p1f1,2085,10,06,0.0,21.840786,9.633303,2085
25847,r10i1p1f1,2085,10,07,0.0,25.971231,10.048789,2085
25848,r10i1p1f1,2085,10,08,0.0,28.44897,12.18559,2085
25849,r10i1p1f1,2085,10,09,0.0,31.544899,14.340308,2085
25850,r10i1p1f1,2085,10,10,0.0,32.792038,15.420306,2085
25851,r10i1p1f1,2085,10,11,0.0,32.5554,16.601862,2085
25852,r10i1p1f1,2085,10,12,0.0,32.35115,16.797115,2085
25853,r10i1p1f1,2085,10,13,0.0,33.894283,16.582367,2085
25854,r10i1p1f1,2085,10,14,0.0,33.094048,18.886715,2085
25855,r10i1p1f1,2085,10,15,0.0,34.596313,18.691807,2085
25856,r10i1p1f1,2085,10,16,0.0,33.906776,17.200724,2085
25857,r10i1p1f1,2085,10,17,0.0,29.622995,15.215059,2085
25858,r10i1p1f1,2085,10,18,0.0,25.407337,12.178092,2085
25859,r10i1p1f1,2085,10,19,0.0,25.105652,11.564246,2085
25860,r10i1p1f1,2085,10,20,0.0,24.604052,12.078037,2085
25861,r10i1p1f1,2085,10,21,0.0,22.88898,9.186909,2085
25862,r10i1p1f1,2085,10,22,0.003641523433447889,21.558968,9.1395235,2085
25863,r10i1p1f1,2085,10,23,0.0,25.810167,9.639486,2085
25864,r10i1p1f1,2085,10,24,0.0,27.328617,11.884152,2085
25865,r10i1p1f1,2085,10,25,0.0,29.415428,13.520745,2085
25866,r10i1p1f1,2085,10,26,0.0,29.114271,14.174013,2085
25867,r10i1p1f1,2085,10,27,0.0,25.116568,10.092666,2085
25868,r10i1p1f1,2085,10,28,0.0,25.84859,8.882644,2085
25869,r10i1p1f1,2085,10,29,0.0,27.612543,11.422042,2085
25870,r10i1p1f1,2085,10,30,0.028846500814133355,27.102615,14.375601,2085
25871,r10i1p1f1,2085,10,31,17.381414240624412,22.550394,11.975271,2085
25872,r10i1p1f1,2085,11,01,1.68050898846559,19.20326,8.983666,2085
25873,r10i1p1f1,2085,11,02,0.20254859605062703,18.282667,11.908438,2085
25874,r10i1p1f1,2085,11,03,0.0008078816712871852,18.87767,7.8583503,2085
25875,r10i1p1f1,2085,11,04,4.014844819597018,17.679024,8.215804,2085
25876,r10i1p1f1,2085,11,05,0.0,17.401718,5.0986867,2085
25877,r10i1p1f1,2085,11,06,0.0,19.61922,7.3041654,2085
25878,r10i1p1f1,2085,11,07,17.21638206401717,20.416021,8.929258,2085
25879,r10i1p1f1,2085,11,08,5.938604993164183,15.71845,7.649994,2085
25880,r10i1p1f1,2085,11,09,0.0,17.524094,4.5279355,2085
25881,r10i1p1f1,2085,11,10,0.0,16.994892,5.082413,2085
25882,r10i1p1f1,2085,11,11,0.0,16.242874,6.503961,2085
25883,r10i1p1f1,2085,11,12,13.273316990518268,14.371696,8.031206,2085
25884,r10i1p1f1,2085,11,13,1.0349818271367297,13.552148,2.5770688,2085
25885,r10i1p1f1,2085,11,14,0.0,12.573169,4.4903245,2085
25886,r10i1p1f1,2085,11,15,26.483375252543116,13.433525,5.7486606,2085
25887,r10i1p1f1,2085,11,16,4.965731002434232,12.593326,4.016641,2085
25888,r10i1p1f1,2085,11,17,0.6106118447860354,10.303146,3.76516,2085
25889,r10i1p1f1,2085,11,18,9.293975853382252,10.194205,5.3892264,2085
25890,r10i1p1f1,2085,11,19,14.861492865326765,12.553737,7.2796736,2085
25891,r10i1p1f1,2085,11,20,22.24888159329758,12.487706,5.424166,2085
25892,r10i1p1f1,2085,11,21,0.23098952047073334,14.361405,-0.014925304,2085
25893,r10i1p1f1,2085,11,22,0.0,18.295889,2.0057309,2085
25894,r10i1p1f1,2085,11,23,0.0,20.204979,5.4367027,2085
25895,r10i1p1f1,2085,11,24,0.0,18.674719,5.832907,2085
25896,r10i1p1f1,2085,11,25,0.026621992200441463,15.704966,5.4261336,2085
25897,r10i1p1f1,2085,11,26,0.0,12.808279,0.92134196,2085
25898,r10i1p1f1,2085,11,27,0.0,15.944479,-0.22672673,2085
25899,r10i1p1f1,2085,11,28,0.0,17.366848,3.4427764,2085
25900,r10i1p1f1,2085,11,29,0.0,16.20526,5.2992187,2085
25901,r10i1p1f1,2085,11,30,1.5674722568531394,14.234173,8.595506,2085
25902,r10i1p1f1,2085,12,01,49.79941655489567,11.75793,2.599893,2085
25903,r10i1p1f1,2085,12,02,38.569117904530444,7.069004,2.9492116,2085
25904,r10i1p1f1,2085,12,03,7.133196425332388,8.169986,3.5142741,2085
25905,r10i1p1f1,2085,12,04,12.245745637061956,9.992663,3.9672832,2085
25906,r10i1p1f1,2085,12,05,5.71005117775425,11.599625,5.892406,2085
25907,r10i1p1f1,2085,12,06,0.0,11.531039,6.4775467,2085
25908,r10i1p1f1,2085,12,07,0.0836828341116296,10.470156,4.6615205,2085
25909,r10i1p1f1,2085,12,08,0.0,16.234047,4.6009626,2085
25910,r10i1p1f1,2085,12,09,0.0,17.459473,8.46908,2085
25911,r10i1p1f1,2085,12,10,0.0,15.69393,8.395947,2085
25912,r10i1p1f1,2085,12,11,0.0,17.049074,5.278865,2085
25913,r10i1p1f1,2085,12,12,0.0,18.991432,8.204896,2085
25914,r10i1p1f1,2085,12,13,0.0,17.653275,8.246143,2085
25915,r10i1p1f1,2085,12,14,0.0,16.454176,8.399374,2085
25916,r10i1p1f1,2085,12,15,0.036601433040280094,17.659578,5.687092,2085
25917,r10i1p1f1,2085,12,16,2.036601615451984,15.193361,8.772947,2085
25918,r10i1p1f1,2085,12,17,17.433907685565494,12.124449,2.9425623,2085
25919,r10i1p1f1,2085,12,18,0.0,6.850971,-1.8246514,2085
25920,r10i1p1f1,2085,12,19,0.2622284803716244,9.667875,0.43637347,2085
25921,r10i1p1f1,2085,12,20,0.0,13.789288,3.3281658,2085
25922,r10i1p1f1,2085,12,21,2.2725175349813456,11.234311,5.6403117,2085
25923,r10i1p1f1,2085,12,22,0.01012921523062304,10.011395,3.9588077,2085
25924,r10i1p1f1,2085,12,23,0.0,9.600474,-0.88233066,2085
25925,r10i1p1f1,2085,12,24,0.0,12.597,0.16521013,2085
25926,r10i1p1f1,2085,12,25,2.803732757992724,11.810157,1.8583359,2085
25927,r10i1p1f1,2085,12,26,55.42096295271461,8.920068,3.4647493,2085
25928,r10i1p1f1,2085,12,27,0.5412660789392918,6.79141,-1.4266454,2085
25929,r10i1p1f1,2085,12,28,0.0,9.719718,-1.7899009,2085
25930,r10i1p1f1,2085,12,29,0.0,13.369167,2.4383483,2085
25931,r10i1p1f1,2085,12,30,5.243101587831533,10.461943,4.538416,2085
25932,r10i1p1f1,2085,12,31,3.4162971001741855,9.99471,4.7697754,2085
25933,r10i1p1f1,2086,01,01,0.0,13.3683405,1.3892177,2086
25934,r10i1p1f1,2086,01,02,0.0,12.914946,0.9775429,2086
25935,r10i1p1f1,2086,01,03,0.0,15.078656,3.2111526,2086
25936,r10i1p1f1,2086,01,04,0.0,19.817383,8.172133,2086
25937,r10i1p1f1,2086,01,05,0.0,19.398096,6.747888,2086
25938,r10i1p1f1,2086,01,06,3.6684097347652393,17.540186,7.8529086,2086
25939,r10i1p1f1,2086,01,07,0.0,14.840428,7.88083,2086
25940,r10i1p1f1,2086,01,08,56.48959707713833,14.6469145,7.5691824,2086
25941,r10i1p1f1,2086,01,09,1.9150600301336933,12.738319,3.017542,2086
25942,r10i1p1f1,2086,01,10,0.0,13.933125,4.666186,2086
25943,r10i1p1f1,2086,01,11,30.949979253713728,11.999986,2.7808537,2086
25944,r10i1p1f1,2086,01,12,0.0,13.39695,3.3717468,2086
25945,r10i1p1f1,2086,01,13,0.0,16.080114,3.8501112,2086
25946,r10i1p1f1,2086,01,14,0.0,22.479757,9.589446,2086
25947,r10i1p1f1,2086,01,15,0.0,21.667181,11.400421,2086
25948,r10i1p1f1,2086,01,16,0.0,23.741968,10.660892,2086
25949,r10i1p1f1,2086,01,17,0.0,22.702335,11.607062,2086
25950,r10i1p1f1,2086,01,18,0.0,22.241919,10.53006,2086
25951,r10i1p1f1,2086,01,19,0.0,22.08636,9.863379,2086
25952,r10i1p1f1,2086,01,20,0.0,21.591516,9.621519,2086
25953,r10i1p1f1,2086,01,21,0.0,19.104734,7.038138,2086
25954,r10i1p1f1,2086,01,22,0.0,18.820387,7.0138164,2086
25955,r10i1p1f1,2086,01,23,0.0,18.148504,5.490217,2086
25956,r10i1p1f1,2086,01,24,9.337625342653299,16.27318,8.477899,2086
25957,r10i1p1f1,2086,01,25,73.42806705151145,13.638573,8.6286955,2086
25958,r10i1p1f1,2086,01,26,34.23060956380428,13.3420925,3.3717592,2086
25959,r10i1p1f1,2086,01,27,27.97012661421353,12.832364,2.8694193,2086
25960,r10i1p1f1,2086,01,28,77.70181895343978,15.685279,10.026516,2086
25961,r10i1p1f1,2086,01,29,18.45434107867253,15.204627,9.691474,2086
25962,r10i1p1f1,2086,01,30,5.697856541557581,13.270419,7.944393,2086
25963,r10i1p1f1,2086,01,31,0.4503434926032481,13.823416,2.8939757,2086
25964,r10i1p1f1,2086,02,01,0.0,11.161888,0.4638437,2086
25965,r10i1p1f1,2086,02,02,0.0,10.999365,-0.39158309,2086
25966,r10i1p1f1,2086,02,03,0.0,12.110318,1.6707916,2086
25967,r10i1p1f1,2086,02,04,0.0,12.443141,0.44401893,2086
25968,r10i1p1f1,2086,02,05,0.0,14.224811,1.8109394,2086
25969,r10i1p1f1,2086,02,06,0.0,17.307867,4.757562,2086
25970,r10i1p1f1,2086,02,07,0.0,20.888653,6.899825,2086
25971,r10i1p1f1,2086,02,08,0.0,20.004839,8.24003,2086
25972,r10i1p1f1,2086,02,09,0.0,21.35419,9.174154,2086
25973,r10i1p1f1,2086,02,10,0.0,22.278751,8.326734,2086
25974,r10i1p1f1,2086,02,11,0.0,21.2074,9.555896,2086
25975,r10i1p1f1,2086,02,12,13.110294252845435,18.4779,6.789963,2086
25976,r10i1p1f1,2086,02,13,29.49926046130713,11.270577,6.9496093,2086
25977,r10i1p1f1,2086,02,14,30.58701423762709,13.278463,6.7684903,2086
25978,r10i1p1f1,2086,02,15,0.0,15.066631,3.6919057,2086
25979,r10i1p1f1,2086,02,16,4.095989235553899,14.893982,3.793873,2086
25980,r10i1p1f1,2086,02,17,32.42685891853302,12.73396,8.131658,2086
25981,r10i1p1f1,2086,02,18,28.04813043729059,14.098636,7.1582336,2086
25982,r10i1p1f1,2086,02,19,0.0,13.840011,4.2047634,2086
25983,r10i1p1f1,2086,02,20,0.0,14.525541,1.2674438,2086
25984,r10i1p1f1,2086,02,21,0.0,13.847924,1.6458957,2086
25985,r10i1p1f1,2086,02,22,0.0,16.435177,4.3908324,2086
25986,r10i1p1f1,2086,02,23,0.0,21.187622,7.802144,2086
25987,r10i1p1f1,2086,02,24,0.0,19.129616,7.1115994,2086
25988,r10i1p1f1,2086,02,25,0.0,19.335629,8.245975,2086
25989,r10i1p1f1,2086,02,26,0.0,22.861805,8.951729,2086
25990,r10i1p1f1,2086,02,27,0.0,23.84348,10.363105,2086
25991,r10i1p1f1,2086,02,28,0.0,23.918081,11.634519,2086
25992,r10i1p1f1,2086,03,01,1.974195485998184,19.733347,6.315709,2086
25993,r10i1p1f1,2086,03,02,2.5422245735363074,17.541895,7.4354696,2086
25994,r10i1p1f1,2086,03,03,1.6460829459614807,16.092749,4.046116,2086
25995,r10i1p1f1,2086,03,04,0.0,21.246344,5.571326,2086
25996,r10i1p1f1,2086,03,05,20.01488025661705,19.080631,6.6514034,2086
25997,r10i1p1f1,2086,03,06,12.072159374484295,16.18275,9.967721,2086
25998,r10i1p1f1,2086,03,07,0.0,20.230213,5.23115,2086
25999,r10i1p1f1,2086,03,08,0.0,24.058313,7.5802116,2086
26000,r10i1p1f1,2086,03,09,0.0,26.765312,13.470422,2086
26001,r10i1p1f1,2086,03,10,0.0,25.19614,12.91695,2086
26002,r10i1p1f1,2086,03,11,17.39305851147755,19.47495,6.7207503,2086
26003,r10i1p1f1,2086,03,12,14.4825080884498,13.889315,3.3214428,2086
26004,r10i1p1f1,2086,03,13,1.2377293021496658,11.8445215,3.870777,2086
26005,r10i1p1f1,2086,03,14,5.038396784412295,10.535909,-0.7179483,2086
26006,r10i1p1f1,2086,03,15,3.30948305758954,10.51713,4.313736,2086
26007,r10i1p1f1,2086,03,16,3.434119185251467,15.727398,6.1074486,2086
26008,r10i1p1f1,2086,03,17,1.015713673902945,18.096659,5.070816,2086
26009,r10i1p1f1,2086,03,18,0.0,20.813227,6.3703885,2086
26010,r10i1p1f1,2086,03,19,0.0,21.941587,7.6042385,2086
26011,r10i1p1f1,2086,03,20,0.0,24.798054,9.532526,2086
26012,r10i1p1f1,2086,03,21,0.0,23.446245,7.171984,2086
26013,r10i1p1f1,2086,03,22,0.0,23.77858,10.90312,2086
26014,r10i1p1f1,2086,03,23,1.0173752754661491,19.28142,8.305037,2086
26015,r10i1p1f1,2086,03,24,0.0,23.421902,8.689523,2086
26016,r10i1p1f1,2086,03,25,0.0,26.278841,8.938322,2086
26017,r10i1p1f1,2086,03,26,0.0,26.32192,10.40664,2086
26018,r10i1p1f1,2086,03,27,0.0,25.892057,11.987213,2086
26019,r10i1p1f1,2086,03,28,0.0,25.300556,10.57906,2086
26020,r10i1p1f1,2086,03,29,0.7005721179630678,21.338625,7.7167907,2086
26021,r10i1p1f1,2086,03,30,0.9047235594200749,19.289034,8.386945,2086
26022,r10i1p1f1,2086,03,31,0.0,24.597055,9.3594475,2086
26023,r10i1p1f1,2086,04,01,0.0,23.804724,10.611708,2086
26024,r10i1p1f1,2086,04,02,0.0,19.094236,6.8667955,2086
26025,r10i1p1f1,2086,04,03,0.027301246106952403,16.733307,6.813168,2086
26026,r10i1p1f1,2086,04,04,10.860541381101173,13.8262005,1.520039,2086
26027,r10i1p1f1,2086,04,05,0.0,12.4841795,-1.063328,2086
26028,r10i1p1f1,2086,04,06,13.716766231625929,9.748471,3.1542032,2086
26029,r10i1p1f1,2086,04,07,3.623169066716065,15.7858,4.7854695,2086
26030,r10i1p1f1,2086,04,08,47.008354200883524,15.261052,1.4371235,2086
26031,r10i1p1f1,2086,04,09,2.4978969443126466,13.202039,2.23021,2086
26032,r10i1p1f1,2086,04,10,0.0,18.450657,2.864364,2086
26033,r10i1p1f1,2086,04,11,0.0,19.916798,5.8214164,2086
26034,r10i1p1f1,2086,04,12,0.0,24.449232,7.2022834,2086
26035,r10i1p1f1,2086,04,13,0.0,27.248001,10.874321,2086
26036,r10i1p1f1,2086,04,14,0.0,26.759354,12.1701,2086
26037,r10i1p1f1,2086,04,15,0.0,21.323969,8.94091,2086
26038,r10i1p1f1,2086,04,16,2.896676247947701,18.14024,5.532826,2086
26039,r10i1p1f1,2086,04,17,7.109847575281348,11.392194,4.022055,2086
26040,r10i1p1f1,2086,04,18,1.9571798981144781,11.595996,4.3454766,2086
26041,r10i1p1f1,2086,04,19,0.0,15.242943,2.2091851,2086
26042,r10i1p1f1,2086,04,20,0.0,20.79592,3.8801556,2086
26043,r10i1p1f1,2086,04,21,0.0,19.329554,5.8117065,2086
26044,r10i1p1f1,2086,04,22,3.365662796080103,17.313217,6.9374437,2086
26045,r10i1p1f1,2086,04,23,0.0,18.30939,4.1082425,2086
26046,r10i1p1f1,2086,04,24,0.0,18.045448,3.540545,2086
26047,r10i1p1f1,2086,04,25,11.144459511055366,16.786095,5.0095706,2086
26048,r10i1p1f1,2086,04,26,1.2781296760348788,11.4540615,3.067981,2086
26049,r10i1p1f1,2086,04,27,45.15586344488455,9.324018,3.6682105,2086
26050,r10i1p1f1,2086,04,28,62.48850480677854,10.5873995,5.074224,2086
26051,r10i1p1f1,2086,04,29,4.636294729746289,11.665967,0.6390335,2086
26052,r10i1p1f1,2086,04,30,24.667776188825403,10.671563,3.6071794,2086
26053,r10i1p1f1,2086,05,01,63.766465713515096,8.75184,1.3239192,2086
26054,r10i1p1f1,2086,05,02,39.95467710376129,10.544891,1.5753736,2086
26055,r10i1p1f1,2086,05,03,0.8694252636144627,12.35368,2.0444946,2086
26056,r10i1p1f1,2086,05,04,0.0,17.455933,2.8081162,2086
26057,r10i1p1f1,2086,05,05,0.0,20.875643,6.293746,2086
26058,r10i1p1f1,2086,05,06,0.0,24.149944,9.702002,2086
26059,r10i1p1f1,2086,05,07,0.0,27.725464,10.9439125,2086
26060,r10i1p1f1,2086,05,08,0.0,30.937027,13.449659,2086
26061,r10i1p1f1,2086,05,09,0.0,32.677643,15.865873,2086
26062,r10i1p1f1,2086,05,10,0.0,32.80709,18.198046,2086
26063,r10i1p1f1,2086,05,11,0.08341396256092164,27.011673,12.229444,2086
26064,r10i1p1f1,2086,05,12,6.85559884161768,23.478426,10.815128,2086
26065,r10i1p1f1,2086,05,13,0.0,25.707819,12.194012,2086
26066,r10i1p1f1,2086,05,14,0.0,25.851505,13.263028,2086
26067,r10i1p1f1,2086,05,15,0.0,25.16805,8.938855,2086
26068,r10i1p1f1,2086,05,16,0.0,25.445837,11.144702,2086
26069,r10i1p1f1,2086,05,17,0.0,24.1112,10.878004,2086
26070,r10i1p1f1,2086,05,18,0.3359512458222238,24.977201,9.358605,2086
26071,r10i1p1f1,2086,05,19,0.0,28.285498,12.0347,2086
26072,r10i1p1f1,2086,05,20,0.0,28.964697,12.874585,2086
26073,r10i1p1f1,2086,05,21,0.0,28.61429,13.095831,2086
26074,r10i1p1f1,2086,05,22,0.0,27.446732,13.022409,2086
26075,r10i1p1f1,2086,05,23,0.0,23.620497,8.598441,2086
26076,r10i1p1f1,2086,05,24,0.0,24.600697,8.25534,2086
26077,r10i1p1f1,2086,05,25,0.0,25.510334,9.775388,2086
26078,r10i1p1f1,2086,05,26,0.0,25.546122,8.434005,2086
26079,r10i1p1f1,2086,05,27,0.0,25.313976,9.960955,2086
26080,r10i1p1f1,2086,05,28,0.0,24.202782,9.369885,2086
26081,r10i1p1f1,2086,05,29,0.0,25.709936,11.253547,2086
26082,r10i1p1f1,2086,05,30,0.0,24.61941,8.815544,2086
26083,r10i1p1f1,2086,05,31,0.0,27.78325,10.436466,2086
26084,r10i1p1f1,2086,06,01,0.0,26.307287,10.151247,2086
26085,r10i1p1f1,2086,06,02,0.0,29.803377,9.760162,2086
26086,r10i1p1f1,2086,06,03,0.0,32.657562,15.639854,2086
26087,r10i1p1f1,2086,06,04,0.0,32.140152,17.141882,2086
26088,r10i1p1f1,2086,06,05,0.0,31.740887,15.92306,2086
26089,r10i1p1f1,2086,06,06,0.0,30.804003,16.755579,2086
26090,r10i1p1f1,2086,06,07,0.0,28.868567,12.876702,2086
26091,r10i1p1f1,2086,06,08,0.0,25.663305,9.207283,2086
26092,r10i1p1f1,2086,06,09,0.0,31.810158,14.013548,2086
26093,r10i1p1f1,2086,06,10,0.0,33.442745,16.312426,2086
26094,r10i1p1f1,2086,06,11,0.014788766125811412,31.133532,14.586905,2086
26095,r10i1p1f1,2086,06,12,0.0,28.831896,12.830486,2086
26096,r10i1p1f1,2086,06,13,0.0,31.786476,15.965236,2086
26097,r10i1p1f1,2086,06,14,0.0,30.81081,15.247054,2086
26098,r10i1p1f1,2086,06,15,0.0,27.736864,12.78256,2086
26099,r10i1p1f1,2086,06,16,0.0,29.080063,13.807302,2086
26100,r10i1p1f1,2086,06,17,0.0,29.360376,13.617369,2086
26101,r10i1p1f1,2086,06,18,0.0,28.637108,14.838025,2086
26102,r10i1p1f1,2086,06,19,0.0,25.714983,11.78437,2086
26103,r10i1p1f1,2086,06,20,0.0,26.476866,11.500355,2086
26104,r10i1p1f1,2086,06,21,0.0,27.623978,11.061409,2086
26105,r10i1p1f1,2086,06,22,0.0,31.10599,13.680995,2086
26106,r10i1p1f1,2086,06,23,0.0,30.451439,14.106882,2086
26107,r10i1p1f1,2086,06,24,0.0,30.567514,13.9304905,2086
26108,r10i1p1f1,2086,06,25,0.0,29.909462,15.89371,2086
26109,r10i1p1f1,2086,06,26,0.0,27.16588,14.223135,2086
26110,r10i1p1f1,2086,06,27,0.0,30.954584,13.429169,2086
26111,r10i1p1f1,2086,06,28,0.0,30.080214,15.459562,2086
26112,r10i1p1f1,2086,06,29,0.0,33.219753,15.603368,2086
26113,r10i1p1f1,2086,06,30,0.0,36.93997,20.273094,2086
26114,r10i1p1f1,2086,07,01,0.0,36.59088,20.423027,2086
26115,r10i1p1f1,2086,07,02,0.0,36.107517,20.484926,2086
26116,r10i1p1f1,2086,07,03,0.0,38.84852,21.84969,2086
26117,r10i1p1f1,2086,07,04,0.0,37.043137,21.287132,2086
26118,r10i1p1f1,2086,07,05,0.0,39.15274,21.96161,2086
26119,r10i1p1f1,2086,07,06,0.06465642049749333,39.169052,23.339315,2086
26120,r10i1p1f1,2086,07,07,0.0,37.078297,21.248163,2086
26121,r10i1p1f1,2086,07,08,0.0,34.00825,17.941338,2086
26122,r10i1p1f1,2086,07,09,0.0,34.649097,18.579035,2086
26123,r10i1p1f1,2086,07,10,0.0,34.199448,19.23587,2086
26124,r10i1p1f1,2086,07,11,0.0,36.055614,19.26443,2086
26125,r10i1p1f1,2086,07,12,0.0,37.885345,21.600489,2086
26126,r10i1p1f1,2086,07,13,0.2946403463092314,37.11606,20.726294,2086
26127,r10i1p1f1,2086,07,14,0.0,35.925606,22.138672,2086
26128,r10i1p1f1,2086,07,15,0.8364718506826601,30.183313,23.123348,2086
26129,r10i1p1f1,2086,07,16,0.0,35.773357,19.887209,2086
26130,r10i1p1f1,2086,07,17,0.0,37.49028,20.395687,2086
26131,r10i1p1f1,2086,07,18,0.0,36.76472,20.382929,2086
26132,r10i1p1f1,2086,07,19,0.0,34.471874,16.8619,2086
26133,r10i1p1f1,2086,07,20,0.0,32.827995,17.572836,2086
26134,r10i1p1f1,2086,07,21,0.0,33.64415,16.44306,2086
26135,r10i1p1f1,2086,07,22,0.0,37.01967,19.09568,2086
26136,r10i1p1f1,2086,07,23,0.0,40.25009,21.140654,2086
26137,r10i1p1f1,2086,07,24,0.0,42.048775,23.310541,2086
26138,r10i1p1f1,2086,07,25,0.0,41.12559,23.390413,2086
26139,r10i1p1f1,2086,07,26,0.0,39.771614,23.580833,2086
26140,r10i1p1f1,2086,07,27,0.0,37.268127,21.675714,2086
26141,r10i1p1f1,2086,07,28,0.0,37.598724,21.779749,2086
26142,r10i1p1f1,2086,07,29,0.0,37.703274,19.67504,2086
26143,r10i1p1f1,2086,07,30,0.0,38.79192,21.205713,2086
26144,r10i1p1f1,2086,07,31,0.0,37.679947,21.714771,2086
26145,r10i1p1f1,2086,08,01,0.0,36.70625,21.07445,2086
26146,r10i1p1f1,2086,08,02,0.0,37.291306,19.971104,2086
26147,r10i1p1f1,2086,08,03,0.0,40.156246,22.145666,2086
26148,r10i1p1f1,2086,08,04,0.0,39.568924,21.23718,2086
26149,r10i1p1f1,2086,08,05,0.0,38.80669,21.217535,2086
26150,r10i1p1f1,2086,08,06,0.0,36.18417,20.738132,2086
26151,r10i1p1f1,2086,08,07,0.0,34.826954,18.97064,2086
26152,r10i1p1f1,2086,08,08,0.0,34.351246,18.103785,2086
26153,r10i1p1f1,2086,08,09,0.0,33.769093,16.889381,2086
26154,r10i1p1f1,2086,08,10,0.0,33.01816,15.580308,2086
26155,r10i1p1f1,2086,08,11,0.0,34.66672,15.790301,2086
26156,r10i1p1f1,2086,08,12,0.0,33.68123,16.50155,2086
26157,r10i1p1f1,2086,08,13,0.0,34.29143,17.1813,2086
26158,r10i1p1f1,2086,08,14,0.0,33.4389,17.475414,2086
26159,r10i1p1f1,2086,08,15,0.0,32.265457,16.829763,2086
26160,r10i1p1f1,2086,08,16,0.0,32.92558,15.847152,2086
26161,r10i1p1f1,2086,08,17,0.0,35.11289,18.415686,2086
26162,r10i1p1f1,2086,08,18,0.0,33.641167,17.976688,2086
26163,r10i1p1f1,2086,08,19,0.0,28.944818,13.778609,2086
26164,r10i1p1f1,2086,08,20,0.0,32.352444,15.4600315,2086
26165,r10i1p1f1,2086,08,21,0.0,35.574295,18.861948,2086
26166,r10i1p1f1,2086,08,22,0.0,36.089676,20.106289,2086
26167,r10i1p1f1,2086,08,23,0.0,34.160072,18.941032,2086
26168,r10i1p1f1,2086,08,24,0.0,34.154423,17.827131,2086
26169,r10i1p1f1,2086,08,25,0.0,33.224762,17.345388,2086
26170,r10i1p1f1,2086,08,26,0.0,32.855892,16.04288,2086
26171,r10i1p1f1,2086,08,27,0.0,34.28977,17.53814,2086
26172,r10i1p1f1,2086,08,28,0.0,33.190548,17.592033,2086
26173,r10i1p1f1,2086,08,29,0.0,32.598522,14.831297,2086
26174,r10i1p1f1,2086,08,30,0.0,32.56621,16.207392,2086
26175,r10i1p1f1,2086,08,31,0.0,31.577326,14.534917,2086
26176,r10i1p1f1,2086,09,01,0.0,31.814999,15.520675,2086
26177,r10i1p1f1,2086,09,02,0.0,31.376112,15.186662,2086
26178,r10i1p1f1,2086,09,03,0.0,30.488583,14.212407,2086
26179,r10i1p1f1,2086,09,04,0.0,29.687767,13.459354,2086
26180,r10i1p1f1,2086,09,05,0.0,29.80087,12.370895,2086
26181,r10i1p1f1,2086,09,06,0.0,35.63511,17.199842,2086
26182,r10i1p1f1,2086,09,07,0.0,37.888317,20.59796,2086
26183,r10i1p1f1,2086,09,08,0.0,36.733204,20.154596,2086
26184,r10i1p1f1,2086,09,09,0.0,36.038616,20.36944,2086
26185,r10i1p1f1,2086,09,10,0.0,35.356777,18.94775,2086
26186,r10i1p1f1,2086,09,11,0.0,33.246044,19.79088,2086
26187,r10i1p1f1,2086,09,12,0.0,34.441387,15.68454,2086
26188,r10i1p1f1,2086,09,13,0.0,38.20039,21.033957,2086
26189,r10i1p1f1,2086,09,14,0.0,38.29633,21.581434,2086
26190,r10i1p1f1,2086,09,15,0.0,40.86787,23.589048,2086
26191,r10i1p1f1,2086,09,16,0.0,38.945675,23.321777,2086
26192,r10i1p1f1,2086,09,17,0.0,38.296978,23.31707,2086
26193,r10i1p1f1,2086,09,18,0.0,40.11023,22.845112,2086
26194,r10i1p1f1,2086,09,19,0.0,39.445415,22.49345,2086
26195,r10i1p1f1,2086,09,20,0.0,37.788826,22.525011,2086
26196,r10i1p1f1,2086,09,21,0.035389862195619286,31.760197,20.393692,2086
26197,r10i1p1f1,2086,09,22,0.11012247073267645,29.774038,16.710821,2086
26198,r10i1p1f1,2086,09,23,69.18318179546316,31.71264,16.990646,2086
26199,r10i1p1f1,2086,09,24,80.89184462350156,18.874195,12.946914,2086
26200,r10i1p1f1,2086,09,25,1.9570542193541112,21.49002,12.052042,2086
26201,r10i1p1f1,2086,09,26,0.0,22.026615,8.734994,2086
26202,r10i1p1f1,2086,09,27,0.0,27.536682,10.565722,2086
26203,r10i1p1f1,2086,09,28,0.0,29.966347,14.286924,2086
26204,r10i1p1f1,2086,09,29,0.0,29.48582,15.602971,2086
26205,r10i1p1f1,2086,09,30,0.0,28.941654,13.235016,2086
26206,r10i1p1f1,2086,10,01,0.004863836779565501,24.418596,10.0771055,2086
26207,r10i1p1f1,2086,10,02,0.0,22.780792,9.712044,2086
26208,r10i1p1f1,2086,10,03,0.0,23.33516,10.140904,2086
26209,r10i1p1f1,2086,10,04,0.0,23.301977,9.618797,2086
26210,r10i1p1f1,2086,10,05,0.0,19.542633,7.067092,2086
26211,r10i1p1f1,2086,10,06,0.0,19.529951,6.8166327,2086
26212,r10i1p1f1,2086,10,07,0.0,24.461422,8.10434,2086
26213,r10i1p1f1,2086,10,08,0.0,27.663527,9.731422,2086
26214,r10i1p1f1,2086,10,09,0.0,26.749544,12.068367,2086
26215,r10i1p1f1,2086,10,10,0.0,26.606457,8.904134,2086
26216,r10i1p1f1,2086,10,11,0.0,29.788855,12.388459,2086
26217,r10i1p1f1,2086,10,12,0.0,28.824284,13.393473,2086
26218,r10i1p1f1,2086,10,13,0.0,27.814072,15.052148,2086
26219,r10i1p1f1,2086,10,14,0.0,29.781513,15.623712,2086
26220,r10i1p1f1,2086,10,15,0.0,28.701063,12.790986,2086
26221,r10i1p1f1,2086,10,16,0.0,26.479628,13.515904,2086
26222,r10i1p1f1,2086,10,17,0.0,25.924318,8.026707,2086
26223,r10i1p1f1,2086,10,18,0.0,24.822412,9.674196,2086
26224,r10i1p1f1,2086,10,19,0.0,25.633331,11.256825,2086
26225,r10i1p1f1,2086,10,20,0.0,24.089346,8.517403,2086
26226,r10i1p1f1,2086,10,21,0.0,26.574457,11.098928,2086
26227,r10i1p1f1,2086,10,22,0.0,29.662386,12.416261,2086
26228,r10i1p1f1,2086,10,23,0.0,31.015368,13.263789,2086
26229,r10i1p1f1,2086,10,24,0.0,29.571392,14.372363,2086
26230,r10i1p1f1,2086,10,25,0.0,31.757051,16.630495,2086
26231,r10i1p1f1,2086,10,26,0.0,31.280634,17.933586,2086
26232,r10i1p1f1,2086,10,27,0.0,28.702631,16.057035,2086
26233,r10i1p1f1,2086,10,28,0.0,28.226948,15.532577,2086
26234,r10i1p1f1,2086,10,29,0.0,29.196415,14.2364645,2086
26235,r10i1p1f1,2086,10,30,0.0,29.976196,16.296118,2086
26236,r10i1p1f1,2086,10,31,0.0,26.614653,14.347823,2086
26237,r10i1p1f1,2086,11,01,0.0,28.972097,12.851459,2086
26238,r10i1p1f1,2086,11,02,0.22137608778537374,28.71619,15.146314,2086
26239,r10i1p1f1,2086,11,03,0.03791822864992642,24.667007,12.506474,2086
26240,r10i1p1f1,2086,11,04,0.0,25.430979,11.075995,2086
26241,r10i1p1f1,2086,11,05,0.0,24.41661,10.948973,2086
26242,r10i1p1f1,2086,11,06,0.0,24.602167,12.231269,2086
26243,r10i1p1f1,2086,11,07,0.0,23.782078,10.140615,2086
26244,r10i1p1f1,2086,11,08,0.2596236233856823,24.837452,11.824937,2086
26245,r10i1p1f1,2086,11,09,0.0,25.507868,11.416722,2086
26246,r10i1p1f1,2086,11,10,0.0,30.363672,13.237804,2086
26247,r10i1p1f1,2086,11,11,0.0,29.96759,14.657219,2086
26248,r10i1p1f1,2086,11,12,0.0,27.210037,8.842764,2086
26249,r10i1p1f1,2086,11,13,0.0,21.690477,7.894426,2086
26250,r10i1p1f1,2086,11,14,0.0,21.021324,7.6809773,2086
26251,r10i1p1f1,2086,11,15,0.0,21.97934,7.2620625,2086
26252,r10i1p1f1,2086,11,16,0.0,25.533262,8.957149,2086
26253,r10i1p1f1,2086,11,17,0.0,24.365095,10.3794155,2086
26254,r10i1p1f1,2086,11,18,0.0,22.914352,9.442488,2086
26255,r10i1p1f1,2086,11,19,0.0,21.57611,9.094906,2086
26256,r10i1p1f1,2086,11,20,0.087026859728212,17.303173,6.84725,2086
26257,r10i1p1f1,2086,11,21,0.00443626081385829,14.745725,2.2109525,2086
26258,r10i1p1f1,2086,11,22,0.0,12.879931,-0.3205476,2086
26259,r10i1p1f1,2086,11,23,0.0,14.254346,0.8164378,2086
26260,r10i1p1f1,2086,11,24,0.0,14.423899,0.16881542,2086
26261,r10i1p1f1,2086,11,25,0.0,15.506702,1.1960517,2086
26262,r10i1p1f1,2086,11,26,0.0,16.623133,0.5742491,2086
26263,r10i1p1f1,2086,11,27,0.0,19.437452,4.008005,2086
26264,r10i1p1f1,2086,11,28,0.0,22.768185,5.6987047,2086
26265,r10i1p1f1,2086,11,29,0.0,25.439903,8.096436,2086
26266,r10i1p1f1,2086,11,30,0.0,25.146843,7.5058064,2086
26267,r10i1p1f1,2086,12,01,0.0,26.37706,14.311342,2086
26268,r10i1p1f1,2086,12,02,0.0,26.462223,13.930971,2086
26269,r10i1p1f1,2086,12,03,0.0,24.816778,12.377682,2086
26270,r10i1p1f1,2086,12,04,0.0,22.22282,10.293516,2086
26271,r10i1p1f1,2086,12,05,0.0,20.833872,10.144639,2086
26272,r10i1p1f1,2086,12,06,0.09035121196288137,19.101364,10.026381,2086
26273,r10i1p1f1,2086,12,07,0.0,20.963842,8.393144,2086
26274,r10i1p1f1,2086,12,08,0.0,22.802998,11.174001,2086
26275,r10i1p1f1,2086,12,09,0.0,22.806982,10.681023,2086
26276,r10i1p1f1,2086,12,10,0.0,22.52028,11.018184,2086
26277,r10i1p1f1,2086,12,11,14.291739702591594,20.387024,8.517541,2086
26278,r10i1p1f1,2086,12,12,0.0,8.937505,-0.7690749,2086
26279,r10i1p1f1,2086,12,13,0.0,10.155064,-0.56594706,2086
26280,r10i1p1f1,2086,12,14,1.4925002266307417,9.769383,2.1286948,2086
26281,r10i1p1f1,2086,12,15,0.10775647291379037,7.242769,-0.8459973,2086
26282,r10i1p1f1,2086,12,16,0.0,-1.0787307,-10.430986,2086
26283,r10i1p1f1,2086,12,17,0.0,6.2455316,-4.812645,2086
26284,r10i1p1f1,2086,12,18,0.0,9.473103,-2.5243654,2086
26285,r10i1p1f1,2086,12,19,0.0,15.171618,2.0237472,2086
26286,r10i1p1f1,2086,12,20,0.0,16.307428,3.209359,2086
26287,r10i1p1f1,2086,12,21,0.0,15.095487,3.3976405,2086
26288,r10i1p1f1,2086,12,22,0.05105087871494394,11.896269,2.5887604,2086
26289,r10i1p1f1,2086,12,23,17.716724598875246,10.875929,1.6847149,2086
26290,r10i1p1f1,2086,12,24,9.513283318052633,11.59023,3.65804,2086
26291,r10i1p1f1,2086,12,25,1.8578108162871918,10.036565,6.0458107,2086
26292,r10i1p1f1,2086,12,26,0.0,14.943897,5.7027187,2086
26293,r10i1p1f1,2086,12,27,0.0,16.972486,7.343261,2086
26294,r10i1p1f1,2086,12,28,12.182573078117505,14.288892,7.644509,2086
26295,r10i1p1f1,2086,12,29,0.0,13.823653,4.169481,2086
26296,r10i1p1f1,2086,12,30,0.0,16.632708,5.1034017,2086
26297,r10i1p1f1,2086,12,31,0.0,17.070004,7.526467,2086
26298,r10i1p1f1,2087,01,01,0.0,16.879337,7.8166,2087
26299,r10i1p1f1,2087,01,02,0.0,20.082123,8.22048,2087
26300,r10i1p1f1,2087,01,03,0.0,19.272308,8.43619,2087
26301,r10i1p1f1,2087,01,04,0.0,19.321966,6.532103,2087
26302,r10i1p1f1,2087,01,05,0.0,21.299522,7.776091,2087
26303,r10i1p1f1,2087,01,06,0.0,19.93754,8.784371,2087
26304,r10i1p1f1,2087,01,07,0.0,21.168772,9.719272,2087
26305,r10i1p1f1,2087,01,08,0.0,21.361864,9.182562,2087
26306,r10i1p1f1,2087,01,09,0.0,20.186325,9.40324,2087
26307,r10i1p1f1,2087,01,10,0.0,17.26015,7.587041,2087
26308,r10i1p1f1,2087,01,11,3.9916169008153557,15.001714,8.392967,2087
26309,r10i1p1f1,2087,01,12,40.44668959502719,13.003134,6.4740033,2087
26310,r10i1p1f1,2087,01,13,0.0,14.750254,3.891024,2087
26311,r10i1p1f1,2087,01,14,0.0,16.84091,4.7936287,2087
26312,r10i1p1f1,2087,01,15,0.0,17.610977,6.1047516,2087
26313,r10i1p1f1,2087,01,16,0.0,17.322538,8.101726,2087
26314,r10i1p1f1,2087,01,17,0.0,18.183405,8.66921,2087
26315,r10i1p1f1,2087,01,18,0.0,19.789898,7.156083,2087
26316,r10i1p1f1,2087,01,19,0.6096371089537761,19.753376,9.173964,2087
26317,r10i1p1f1,2087,01,20,0.0,14.280987,7.2336745,2087
26318,r10i1p1f1,2087,01,21,2.3729235591274214,12.954386,3.735273,2087
26319,r10i1p1f1,2087,01,22,16.213854558238957,11.700452,3.5950928,2087
26320,r10i1p1f1,2087,01,23,67.41900308560089,9.356424,4.427631,2087
26321,r10i1p1f1,2087,01,24,0.20651013763702059,11.819786,4.0162106,2087
26322,r10i1p1f1,2087,01,25,0.0,11.680326,1.3256543,2087
26323,r10i1p1f1,2087,01,26,12.502204292410935,9.650605,4.943173,2087
26324,r10i1p1f1,2087,01,27,4.266847374017408,9.887817,4.3900375,2087
26325,r10i1p1f1,2087,01,28,1.5410481985829967,9.517322,0.514529,2087
26326,r10i1p1f1,2087,01,29,13.051770430952034,9.33591,4.2980714,2087
26327,r10i1p1f1,2087,01,30,0.0,15.047495,3.7832813,2087
26328,r10i1p1f1,2087,01,31,0.0,17.76452,5.5234694,2087
26329,r10i1p1f1,2087,02,01,0.0,19.841736,7.085422,2087
26330,r10i1p1f1,2087,02,02,0.0,19.77732,7.6545796,2087
26331,r10i1p1f1,2087,02,03,0.6985886477961781,13.641202,6.4860525,2087
26332,r10i1p1f1,2087,02,04,7.8708759219759825,11.876598,7.401048,2087
26333,r10i1p1f1,2087,02,05,0.26845513673738186,14.494099,7.1496406,2087
26334,r10i1p1f1,2087,02,06,12.95067102381788,14.151451,6.893737,2087
26335,r10i1p1f1,2087,02,07,1.6793568178974583,16.668383,7.33172,2087
26336,r10i1p1f1,2087,02,08,24.420065945014358,15.149454,6.7398314,2087
26337,r10i1p1f1,2087,02,09,2.3679627765647493,11.088552,5.9750786,2087
26338,r10i1p1f1,2087,02,10,0.22671004574380946,14.9077425,5.4488387,2087
26339,r10i1p1f1,2087,02,11,6.155999164663004,14.278947,5.3857803,2087
26340,r10i1p1f1,2087,02,12,42.25915112765506,11.660469,7.1842356,2087
26341,r10i1p1f1,2087,02,13,9.142643035279194,15.174105,6.137084,2087
26342,r10i1p1f1,2087,02,14,0.0,20.51226,6.8970885,2087
26343,r10i1p1f1,2087,02,15,1.1133379570035111,19.670828,11.021366,2087
26344,r10i1p1f1,2087,02,16,0.0,21.046091,9.867093,2087
26345,r10i1p1f1,2087,02,17,0.0,21.388538,9.619208,2087
26346,r10i1p1f1,2087,02,18,5.74419542753228,19.299078,8.621495,2087
26347,r10i1p1f1,2087,02,19,0.0,19.014795,7.3576074,2087
26348,r10i1p1f1,2087,02,20,0.0,20.607914,8.265647,2087
26349,r10i1p1f1,2087,02,21,0.0,21.542608,7.5678253,2087
26350,r10i1p1f1,2087,02,22,0.0,21.502653,7.874172,2087
26351,r10i1p1f1,2087,02,23,0.0,21.351028,9.205703,2087
26352,r10i1p1f1,2087,02,24,0.0,21.687147,8.234755,2087
26353,r10i1p1f1,2087,02,25,0.0,21.589886,9.259041,2087
26354,r10i1p1f1,2087,02,26,4.066109910845147,20.452917,9.847322,2087
26355,r10i1p1f1,2087,02,27,9.3136954628311,11.639056,6.6118073,2087
26356,r10i1p1f1,2087,02,28,45.310633152870366,10.670109,4.5485263,2087
26357,r10i1p1f1,2087,03,01,11.587531503449243,9.7283125,4.4798355,2087
26358,r10i1p1f1,2087,03,02,6.146443080845194,9.605151,4.717528,2087
26359,r10i1p1f1,2087,03,03,0.2636426672037679,15.190804,5.0488944,2087
26360,r10i1p1f1,2087,03,04,0.0,18.190313,4.695085,2087
26361,r10i1p1f1,2087,03,05,0.0,19.408842,5.8021603,2087
26362,r10i1p1f1,2087,03,06,0.0,19.692106,5.4286323,2087
26363,r10i1p1f1,2087,03,07,0.25911470400292036,18.327477,7.233536,2087
26364,r10i1p1f1,2087,03,08,4.680988632543104,14.63747,6.0297585,2087
26365,r10i1p1f1,2087,03,09,0.0,17.438831,4.6160035,2087
26366,r10i1p1f1,2087,03,10,0.0,16.582634,1.6540216,2087
26367,r10i1p1f1,2087,03,11,0.0,11.8765135,0.6432959,2087
26368,r10i1p1f1,2087,03,12,0.08006361971650365,14.86903,1.5716488,2087
26369,r10i1p1f1,2087,03,13,0.0,17.435583,1.3433937,2087
26370,r10i1p1f1,2087,03,14,0.0,17.513607,5.1869836,2087
26371,r10i1p1f1,2087,03,15,0.5319511233928528,14.016113,3.808508,2087
26372,r10i1p1f1,2087,03,16,0.010969964664821563,16.16608,4.2759647,2087
26373,r10i1p1f1,2087,03,17,0.0,18.248053,4.2446556,2087
26374,r10i1p1f1,2087,03,18,5.7330268900841475,16.879328,4.0294647,2087
26375,r10i1p1f1,2087,03,19,4.194978168561647,18.8518,5.8846097,2087
26376,r10i1p1f1,2087,03,20,30.56959716946279,18.433691,6.2461305,2087
26377,r10i1p1f1,2087,03,21,0.011879907450699983,16.872152,4.9763756,2087
26378,r10i1p1f1,2087,03,22,0.0,23.384132,5.7880507,2087
26379,r10i1p1f1,2087,03,23,0.0,26.08624,9.621748,2087
26380,r10i1p1f1,2087,03,24,1.902026829889349,21.89663,8.458801,2087
26381,r10i1p1f1,2087,03,25,2.8885421921299175,17.87714,5.165216,2087
26382,r10i1p1f1,2087,03,26,1.2556457036058226,15.051948,9.0884495,2087
26383,r10i1p1f1,2087,03,27,11.4313583795018,14.906532,7.013355,2087
26384,r10i1p1f1,2087,03,28,0.0,16.974339,3.7528222,2087
26385,r10i1p1f1,2087,03,29,0.0,18.453516,4.102544,2087
26386,r10i1p1f1,2087,03,30,0.5039812260388556,17.814072,5.691648,2087
26387,r10i1p1f1,2087,03,31,6.900537234354201,13.107296,4.1526747,2087
26388,r10i1p1f1,2087,04,01,18.54567635684936,15.892153,5.276993,2087
26389,r10i1p1f1,2087,04,02,15.86476063101528,16.009926,7.421942,2087
26390,r10i1p1f1,2087,04,03,51.09474891183996,14.829595,6.913139,2087
26391,r10i1p1f1,2087,04,04,36.99659507776806,13.944116,4.4083734,2087
26392,r10i1p1f1,2087,04,05,6.370765131185563,11.11617,1.7051779,2087
26393,r10i1p1f1,2087,04,06,0.0,15.863833,0.43109915,2087
26394,r10i1p1f1,2087,04,07,0.0,18.86981,3.0618734,2087
26395,r10i1p1f1,2087,04,08,0.0,20.710718,4.2700186,2087
26396,r10i1p1f1,2087,04,09,0.0,19.864065,6.2413216,2087
26397,r10i1p1f1,2087,04,10,0.0,23.180372,5.863307,2087
26398,r10i1p1f1,2087,04,11,0.0,26.216326,7.8591743,2087
26399,r10i1p1f1,2087,04,12,0.0,26.276424,9.913652,2087
26400,r10i1p1f1,2087,04,13,0.0,26.615503,11.202968,2087
26401,r10i1p1f1,2087,04,14,0.0,28.950468,9.677412,2087
26402,r10i1p1f1,2087,04,15,0.0,28.526264,11.3789015,2087
26403,r10i1p1f1,2087,04,16,0.0,25.781063,11.795595,2087
26404,r10i1p1f1,2087,04,17,0.0,21.99193,6.9168396,2087
26405,r10i1p1f1,2087,04,18,0.0,24.017694,7.170491,2087
26406,r10i1p1f1,2087,04,19,0.0,23.630846,7.33967,2087
26407,r10i1p1f1,2087,04,20,0.0,21.137062,7.189608,2087
26408,r10i1p1f1,2087,04,21,0.0,24.434986,9.930641,2087
26409,r10i1p1f1,2087,04,22,0.0,24.833012,10.62449,2087
26410,r10i1p1f1,2087,04,23,0.0,22.349499,9.336227,2087
26411,r10i1p1f1,2087,04,24,0.0,25.893948,9.411243,2087
26412,r10i1p1f1,2087,04,25,0.0,25.416643,11.225121,2087
26413,r10i1p1f1,2087,04,26,0.0,22.59077,10.334522,2087
26414,r10i1p1f1,2087,04,27,0.0,25.690615,9.540223,2087
26415,r10i1p1f1,2087,04,28,0.0,25.817379,13.010733,2087
26416,r10i1p1f1,2087,04,29,0.009353673005151856,25.013716,12.491246,2087
26417,r10i1p1f1,2087,04,30,0.0,18.028173,4.9805756,2087
26418,r10i1p1f1,2087,05,01,3.733435816966927,17.448193,4.437082,2087
26419,r10i1p1f1,2087,05,02,1.046850749947369,15.317934,3.241282,2087
26420,r10i1p1f1,2087,05,03,0.010122136537622856,17.716743,4.055438,2087
26421,r10i1p1f1,2087,05,04,4.1543043079926925,17.86664,4.1407466,2087
26422,r10i1p1f1,2087,05,05,0.4038198833074459,16.262142,5.097061,2087
26423,r10i1p1f1,2087,05,06,0.0,22.290829,5.6313677,2087
26424,r10i1p1f1,2087,05,07,0.0,21.888762,7.3165565,2087
26425,r10i1p1f1,2087,05,08,0.9997134686320925,19.427933,8.236285,2087
26426,r10i1p1f1,2087,05,09,0.07016291419859044,20.408049,8.443629,2087
26427,r10i1p1f1,2087,05,10,11.393513068239708,16.787256,5.3284335,2087
26428,r10i1p1f1,2087,05,11,0.8744571566048284,15.950801,5.5118804,2087
26429,r10i1p1f1,2087,05,12,0.0,21.008736,5.8601,2087
26430,r10i1p1f1,2087,05,13,0.0,25.865736,8.528452,2087
26431,r10i1p1f1,2087,05,14,0.0,25.94856,12.422832,2087
26432,r10i1p1f1,2087,05,15,9.894438394803728,20.219551,5.7958927,2087
26433,r10i1p1f1,2087,05,16,1.7663226804104757,22.147438,7.328448,2087
26434,r10i1p1f1,2087,05,17,0.0,29.005457,11.527425,2087
26435,r10i1p1f1,2087,05,18,0.0,29.398645,15.774281,2087
26436,r10i1p1f1,2087,05,19,0.0,26.83464,14.071421,2087
26437,r10i1p1f1,2087,05,20,0.0,23.968697,9.207303,2087
26438,r10i1p1f1,2087,05,21,0.0,27.580618,9.292651,2087
26439,r10i1p1f1,2087,05,22,0.0,30.285423,13.888921,2087
26440,r10i1p1f1,2087,05,23,0.0,29.359198,13.296394,2087
26441,r10i1p1f1,2087,05,24,0.0,28.234333,13.342112,2087
26442,r10i1p1f1,2087,05,25,0.0,25.883389,11.56768,2087
26443,r10i1p1f1,2087,05,26,0.0,22.051071,6.020694,2087
26444,r10i1p1f1,2087,05,27,11.524965465066902,18.328537,2.8039398,2087
26445,r10i1p1f1,2087,05,28,0.0,21.934935,5.2537403,2087
26446,r10i1p1f1,2087,05,29,0.0,24.552027,10.019241,2087
26447,r10i1p1f1,2087,05,30,0.0,23.234991,8.152724,2087
26448,r10i1p1f1,2087,05,31,0.0,24.509853,8.732216,2087
26449,r10i1p1f1,2087,06,01,0.0,24.085148,9.077079,2087
26450,r10i1p1f1,2087,06,02,0.37182125936995264,19.860706,6.0645256,2087
26451,r10i1p1f1,2087,06,03,13.96179267086202,16.643589,8.7756405,2087
26452,r10i1p1f1,2087,06,04,0.007872627420032299,22.40005,4.4257526,2087
26453,r10i1p1f1,2087,06,05,0.0,29.623693,11.348735,2087
26454,r10i1p1f1,2087,06,06,0.0,33.047756,15.658429,2087
26455,r10i1p1f1,2087,06,07,0.0,33.582542,17.432775,2087
26456,r10i1p1f1,2087,06,08,0.0,35.107788,19.353418,2087
26457,r10i1p1f1,2087,06,09,0.0,34.35454,19.735628,2087
26458,r10i1p1f1,2087,06,10,0.0,33.9919,18.214783,2087
26459,r10i1p1f1,2087,06,11,0.0,32.81739,16.198172,2087
26460,r10i1p1f1,2087,06,12,0.0,25.344902,9.887464,2087
26461,r10i1p1f1,2087,06,13,0.0,24.218695,8.439914,2087
26462,r10i1p1f1,2087,06,14,0.0,25.786829,9.323239,2087
26463,r10i1p1f1,2087,06,15,0.0,27.010706,11.436244,2087
26464,r10i1p1f1,2087,06,16,0.0,30.886766,14.136284,2087
26465,r10i1p1f1,2087,06,17,0.0,32.07405,16.050787,2087
26466,r10i1p1f1,2087,06,18,0.0,33.401157,16.256882,2087
26467,r10i1p1f1,2087,06,19,0.0,31.876793,17.965612,2087
26468,r10i1p1f1,2087,06,20,0.0,32.34669,17.77041,2087
26469,r10i1p1f1,2087,06,21,0.0,35.413673,18.79428,2087
26470,r10i1p1f1,2087,06,22,0.0,39.64311,22.220348,2087
26471,r10i1p1f1,2087,06,23,0.0,41.374416,25.611914,2087
26472,r10i1p1f1,2087,06,24,0.0,40.53489,24.682661,2087
26473,r10i1p1f1,2087,06,25,0.0,38.531097,22.820997,2087
26474,r10i1p1f1,2087,06,26,0.0,34.70008,19.78661,2087
26475,r10i1p1f1,2087,06,27,0.0,33.470837,18.289177,2087
26476,r10i1p1f1,2087,06,28,0.0,32.656193,15.206508,2087
26477,r10i1p1f1,2087,06,29,0.0,30.505888,13.294746,2087
26478,r10i1p1f1,2087,06,30,0.0,29.950163,13.916668,2087
26479,r10i1p1f1,2087,07,01,0.0,29.23831,11.797068,2087
26480,r10i1p1f1,2087,07,02,0.0,35.470104,16.812647,2087
26481,r10i1p1f1,2087,07,03,0.0,34.527966,17.277533,2087
26482,r10i1p1f1,2087,07,04,0.0,31.505014,15.199953,2087
26483,r10i1p1f1,2087,07,05,0.0,31.837332,15.15155,2087
26484,r10i1p1f1,2087,07,06,0.0,32.645947,15.774019,2087
26485,r10i1p1f1,2087,07,07,0.0,33.93164,17.398859,2087
26486,r10i1p1f1,2087,07,08,0.0,35.020554,17.572409,2087
26487,r10i1p1f1,2087,07,09,0.0,35.073814,17.85103,2087
26488,r10i1p1f1,2087,07,10,0.0,35.446693,18.640314,2087
26489,r10i1p1f1,2087,07,11,0.11700550236415247,34.450245,18.476479,2087
26490,r10i1p1f1,2087,07,12,0.0,35.364,20.230606,2087
26491,r10i1p1f1,2087,07,13,0.0,37.2554,19.773869,2087
26492,r10i1p1f1,2087,07,14,0.0,36.39691,20.050825,2087
26493,r10i1p1f1,2087,07,15,0.0,36.604942,20.156546,2087
26494,r10i1p1f1,2087,07,16,0.0,35.526688,18.215143,2087
26495,r10i1p1f1,2087,07,17,0.0,36.313335,17.14567,2087
26496,r10i1p1f1,2087,07,18,0.0,36.28696,19.286581,2087
26497,r10i1p1f1,2087,07,19,0.0,35.986523,19.924368,2087
26498,r10i1p1f1,2087,07,20,0.0,35.30638,19.780558,2087
26499,r10i1p1f1,2087,07,21,0.0,32.673347,17.235306,2087
26500,r10i1p1f1,2087,07,22,0.0,34.157295,17.250837,2087
26501,r10i1p1f1,2087,07,23,0.0,36.05547,18.546913,2087
26502,r10i1p1f1,2087,07,24,0.0,38.919243,19.794853,2087
26503,r10i1p1f1,2087,07,25,0.0,38.201584,22.275427,2087
26504,r10i1p1f1,2087,07,26,0.0,38.977257,22.599388,2087
26505,r10i1p1f1,2087,07,27,0.0,40.689415,21.944908,2087
26506,r10i1p1f1,2087,07,28,0.0,39.780792,22.510296,2087
26507,r10i1p1f1,2087,07,29,0.0,39.161957,21.007378,2087
26508,r10i1p1f1,2087,07,30,0.0,35.056072,18.9044,2087
26509,r10i1p1f1,2087,07,31,0.0,32.516125,15.92969,2087
26510,r10i1p1f1,2087,08,01,0.0,33.27475,15.931732,2087
26511,r10i1p1f1,2087,08,02,0.0,33.017944,16.294043,2087
26512,r10i1p1f1,2087,08,03,0.0,32.03749,15.833214,2087
26513,r10i1p1f1,2087,08,04,0.0,33.558666,16.401379,2087
26514,r10i1p1f1,2087,08,05,0.0,33.854774,16.618061,2087
26515,r10i1p1f1,2087,08,06,0.0,37.288834,18.573633,2087
26516,r10i1p1f1,2087,08,07,0.0,36.45895,18.96551,2087
26517,r10i1p1f1,2087,08,08,0.0,34.32035,16.44578,2087
26518,r10i1p1f1,2087,08,09,0.0,35.672935,17.20583,2087
26519,r10i1p1f1,2087,08,10,0.0,38.710842,20.716438,2087
26520,r10i1p1f1,2087,08,11,0.0,37.67366,20.377316,2087
26521,r10i1p1f1,2087,08,12,0.0,36.80533,19.490595,2087
26522,r10i1p1f1,2087,08,13,0.0,33.82848,16.694906,2087
26523,r10i1p1f1,2087,08,14,0.0,32.38056,16.378004,2087
26524,r10i1p1f1,2087,08,15,0.0,28.956514,13.499306,2087
26525,r10i1p1f1,2087,08,16,0.0,27.557777,11.143311,2087
26526,r10i1p1f1,2087,08,17,0.0,30.790287,12.618105,2087
26527,r10i1p1f1,2087,08,18,0.0,31.938486,14.30643,2087
26528,r10i1p1f1,2087,08,19,0.0,31.951605,15.099769,2087
26529,r10i1p1f1,2087,08,20,0.0,31.113895,14.368342,2087
26530,r10i1p1f1,2087,08,21,0.0,28.909803,12.659939,2087
26531,r10i1p1f1,2087,08,22,0.0,31.240534,13.187898,2087
26532,r10i1p1f1,2087,08,23,0.0,30.89486,15.530693,2087
26533,r10i1p1f1,2087,08,24,0.0,31.091202,13.870233,2087
26534,r10i1p1f1,2087,08,25,0.0,36.329628,17.546007,2087
26535,r10i1p1f1,2087,08,26,0.0,36.00816,18.65496,2087
26536,r10i1p1f1,2087,08,27,0.0,34.800873,17.738756,2087
26537,r10i1p1f1,2087,08,28,0.0,33.88227,15.973037,2087
26538,r10i1p1f1,2087,08,29,0.0,32.698074,15.437482,2087
26539,r10i1p1f1,2087,08,30,0.0,30.871704,14.231976,2087
26540,r10i1p1f1,2087,08,31,0.0,28.97962,10.894055,2087
26541,r10i1p1f1,2087,09,01,0.0,35.93051,17.502838,2087
26542,r10i1p1f1,2087,09,02,0.0,39.69334,21.509804,2087
26543,r10i1p1f1,2087,09,03,0.0,41.987354,23.800344,2087
26544,r10i1p1f1,2087,09,04,0.0,40.97672,24.333736,2087
26545,r10i1p1f1,2087,09,05,0.0,39.820877,22.210096,2087
26546,r10i1p1f1,2087,09,06,0.0,38.18042,21.016413,2087
26547,r10i1p1f1,2087,09,07,0.0,37.49261,21.46791,2087
26548,r10i1p1f1,2087,09,08,0.0,36.54893,20.096104,2087
26549,r10i1p1f1,2087,09,09,0.0,34.7375,18.113245,2087
26550,r10i1p1f1,2087,09,10,0.04315441941511572,32.52641,14.887933,2087
26551,r10i1p1f1,2087,09,11,0.0,34.69194,17.139215,2087
26552,r10i1p1f1,2087,09,12,0.0,35.317127,19.53308,2087
26553,r10i1p1f1,2087,09,13,0.0,34.475346,18.220037,2087
26554,r10i1p1f1,2087,09,14,0.0,29.616745,15.652745,2087
26555,r10i1p1f1,2087,09,15,0.0,28.725632,14.853225,2087
26556,r10i1p1f1,2087,09,16,0.0,27.020494,12.587717,2087
26557,r10i1p1f1,2087,09,17,0.0,28.654255,14.143029,2087
26558,r10i1p1f1,2087,09,18,0.0,33.829514,17.870258,2087
26559,r10i1p1f1,2087,09,19,0.0,36.15472,19.472816,2087
26560,r10i1p1f1,2087,09,20,0.0,34.861523,17.89302,2087
26561,r10i1p1f1,2087,09,21,0.0,33.056248,17.296574,2087
26562,r10i1p1f1,2087,09,22,0.0,30.991703,14.929533,2087
26563,r10i1p1f1,2087,09,23,0.0,29.472107,13.735455,2087
26564,r10i1p1f1,2087,09,24,0.0,24.819143,11.185454,2087
26565,r10i1p1f1,2087,09,25,0.0,28.22376,11.148758,2087
26566,r10i1p1f1,2087,09,26,0.0,27.114708,12.669935,2087
26567,r10i1p1f1,2087,09,27,0.0,25.69802,11.483538,2087
26568,r10i1p1f1,2087,09,28,0.0,26.554323,10.944415,2087
26569,r10i1p1f1,2087,09,29,0.0,31.066715,13.904268,2087
26570,r10i1p1f1,2087,09,30,0.0,30.389513,14.522153,2087
26571,r10i1p1f1,2087,10,01,0.0,27.45996,13.003738,2087
26572,r10i1p1f1,2087,10,02,0.0,26.58143,12.903801,2087
26573,r10i1p1f1,2087,10,03,0.7521446098879,26.404099,14.300314,2087
26574,r10i1p1f1,2087,10,04,0.14853481948911826,29.21505,12.12472,2087
26575,r10i1p1f1,2087,10,05,0.0,32.393547,15.775095,2087
26576,r10i1p1f1,2087,10,06,0.0,33.34435,17.801752,2087
26577,r10i1p1f1,2087,10,07,0.0,32.279285,17.813759,2087
26578,r10i1p1f1,2087,10,08,0.0,30.093826,16.65124,2087
26579,r10i1p1f1,2087,10,09,0.0,22.67491,9.28168,2087
26580,r10i1p1f1,2087,10,10,0.0,22.922434,8.271145,2087
26581,r10i1p1f1,2087,10,11,0.0,22.056875,9.482266,2087
26582,r10i1p1f1,2087,10,12,45.36020446164338,17.368078,7.302821,2087
26583,r10i1p1f1,2087,10,13,56.26748658005933,14.329458,8.012131,2087
26584,r10i1p1f1,2087,10,14,83.28960190931531,15.622155,9.398104,2087
26585,r10i1p1f1,2087,10,15,80.25802061219062,14.879716,7.0257354,2087
26586,r10i1p1f1,2087,10,16,3.1150205100665946,15.3294115,6.1816845,2087
26587,r10i1p1f1,2087,10,17,0.0,16.825642,5.720711,2087
26588,r10i1p1f1,2087,10,18,0.0,19.021692,8.509157,2087
26589,r10i1p1f1,2087,10,19,1.3191706773839267,20.532194,13.474858,2087
26590,r10i1p1f1,2087,10,20,1.0120703387273304,25.229263,14.65786,2087
26591,r10i1p1f1,2087,10,21,0.15700285197166713,27.889244,13.706268,2087
26592,r10i1p1f1,2087,10,22,0.0,26.358027,13.050742,2087
26593,r10i1p1f1,2087,10,23,0.029353262155570735,26.24726,14.016677,2087
26594,r10i1p1f1,2087,10,24,0.20068305116422525,24.33854,12.687476,2087
26595,r10i1p1f1,2087,10,25,0.0,24.478569,15.193289,2087
26596,r10i1p1f1,2087,10,26,0.1964324398661694,23.718891,11.71308,2087
26597,r10i1p1f1,2087,10,27,20.038572777794844,20.305124,8.461089,2087
26598,r10i1p1f1,2087,10,28,0.0,19.676437,7.5324345,2087
26599,r10i1p1f1,2087,10,29,0.10795498023502373,21.658636,8.587176,2087
26600,r10i1p1f1,2087,10,30,17.382599294222402,20.520248,14.727288,2087
26601,r10i1p1f1,2087,10,31,1.2451523865533283,19.117151,9.286956,2087
26602,r10i1p1f1,2087,11,01,0.0,19.447687,7.051744,2087
26603,r10i1p1f1,2087,11,02,0.0,21.820366,7.6832275,2087
26604,r10i1p1f1,2087,11,03,0.0,22.653772,10.101315,2087
26605,r10i1p1f1,2087,11,04,1.1398190318064543,21.647879,9.960675,2087
26606,r10i1p1f1,2087,11,05,0.0,19.231773,6.8677177,2087
26607,r10i1p1f1,2087,11,06,2.017603141422641,18.620895,6.4455056,2087
26608,r10i1p1f1,2087,11,07,0.027054405865400394,19.555143,3.320225,2087
26609,r10i1p1f1,2087,11,08,0.0,21.119392,4.0914555,2087
26610,r10i1p1f1,2087,11,09,0.0,22.09619,9.8638115,2087
26611,r10i1p1f1,2087,11,10,0.2727102768738788,20.199627,10.384636,2087
26612,r10i1p1f1,2087,11,11,0.030694737152340456,17.047186,5.906216,2087
26613,r10i1p1f1,2087,11,12,12.076038954738147,15.918149,7.178903,2087
26614,r10i1p1f1,2087,11,13,7.897714828361227,13.749695,7.309386,2087
26615,r10i1p1f1,2087,11,14,3.20367901796616,11.648316,2.9938643,2087
26616,r10i1p1f1,2087,11,15,0.11990838079088319,16.57612,3.594229,2087
26617,r10i1p1f1,2087,11,16,0.0004926451741707034,20.699072,3.7091486,2087
26618,r10i1p1f1,2087,11,17,0.7721433255650673,19.964413,7.392145,2087
26619,r10i1p1f1,2087,11,18,5.314602665289146,13.201932,2.0157936,2087
26620,r10i1p1f1,2087,11,19,0.20821256876412295,12.432274,2.6148143,2087
26621,r10i1p1f1,2087,11,20,0.21745480670161718,18.126915,3.1697078,2087
26622,r10i1p1f1,2087,11,21,0.0,21.181309,6.8405995,2087
26623,r10i1p1f1,2087,11,22,0.0,20.368692,7.729013,2087
26624,r10i1p1f1,2087,11,23,0.0,22.023767,10.703718,2087
26625,r10i1p1f1,2087,11,24,0.0,22.089836,6.29004,2087
26626,r10i1p1f1,2087,11,25,0.0,21.18128,7.5674276,2087
26627,r10i1p1f1,2087,11,26,0.0,18.987837,6.388602,2087
26628,r10i1p1f1,2087,11,27,0.0,14.122178,5.7026215,2087
26629,r10i1p1f1,2087,11,28,21.540705068955983,10.996475,4.7852526,2087
26630,r10i1p1f1,2087,11,29,44.496005501500086,11.7964115,5.52682,2087
26631,r10i1p1f1,2087,11,30,33.928251338549764,13.1015415,7.1024346,2087
26632,r10i1p1f1,2087,12,01,23.885219387777493,17.30329,7.3264384,2087
26633,r10i1p1f1,2087,12,02,32.70226674779367,16.237555,10.708278,2087
26634,r10i1p1f1,2087,12,03,6.954404624720586,12.679575,2.8462386,2087
26635,r10i1p1f1,2087,12,04,0.0,12.467759,1.5227162,2087
26636,r10i1p1f1,2087,12,05,0.0,16.24739,3.9434898,2087
26637,r10i1p1f1,2087,12,06,0.0,19.05285,6.641894,2087
26638,r10i1p1f1,2087,12,07,0.0,16.443079,7.556933,2087
26639,r10i1p1f1,2087,12,08,0.0,20.747972,7.8610954,2087
26640,r10i1p1f1,2087,12,09,0.0,20.45195,9.137189,2087
26641,r10i1p1f1,2087,12,10,0.0,22.284101,11.579728,2087
26642,r10i1p1f1,2087,12,11,0.0,20.599903,10.488801,2087
26643,r10i1p1f1,2087,12,12,59.27334253425024,17.072546,9.660388,2087
26644,r10i1p1f1,2087,12,13,7.600216502339064,18.417206,13.649834,2087
26645,r10i1p1f1,2087,12,14,4.238042764700367,18.361437,10.166433,2087
26646,r10i1p1f1,2087,12,15,19.00589873226923,13.710745,8.063369,2087
26647,r10i1p1f1,2087,12,16,0.3951927187819437,14.6994705,4.245967,2087
26648,r10i1p1f1,2087,12,17,13.66251811452553,12.591412,4.931784,2087
26649,r10i1p1f1,2087,12,18,0.0,14.99261,3.514795,2087
26650,r10i1p1f1,2087,12,19,0.0,19.72924,8.1655,2087
26651,r10i1p1f1,2087,12,20,0.0,17.328447,8.262546,2087
26652,r10i1p1f1,2087,12,21,0.27422976776219193,16.5657,8.058597,2087
26653,r10i1p1f1,2087,12,22,0.0,17.042011,6.9909043,2087
26654,r10i1p1f1,2087,12,23,7.61016540024062,13.456009,3.7277405,2087
26655,r10i1p1f1,2087,12,24,0.0,12.754522,2.823168,2087
26656,r10i1p1f1,2087,12,25,0.0,17.931114,5.1361213,2087
26657,r10i1p1f1,2087,12,26,0.0,19.367281,6.9377785,2087
26658,r10i1p1f1,2087,12,27,0.0,18.018473,6.5293465,2087
26659,r10i1p1f1,2087,12,28,0.5163135321517506,15.24187,4.44141,2087
26660,r10i1p1f1,2087,12,29,0.0,9.550092,-1.1825485,2087
26661,r10i1p1f1,2087,12,30,1.030168849157283,7.933033,-2.39034,2087
26662,r10i1p1f1,2087,12,31,0.0,7.4329185,-1.9400274,2087
26663,r10i1p1f1,2088,01,01,0.0,7.734402,-3.2443345,2088
26664,r10i1p1f1,2088,01,02,0.0,5.9312882,-5.2714257,2088
26665,r10i1p1f1,2088,01,03,0.0,4.1868753,-6.1830115,2088
26666,r10i1p1f1,2088,01,04,0.0,7.218824,-4.9365797,2088
26667,r10i1p1f1,2088,01,05,0.0,8.412851,-2.5232837,2088
26668,r10i1p1f1,2088,01,06,0.0,10.632977,-1.9271774,2088
26669,r10i1p1f1,2088,01,07,0.0,10.996391,-0.6223984,2088
26670,r10i1p1f1,2088,01,08,0.3020738994755926,7.7934146,-2.0010824,2088
26671,r10i1p1f1,2088,01,09,2.4736146458077486,9.340966,2.4546313,2088
26672,r10i1p1f1,2088,01,10,0.1464523168626903,15.372851,6.101014,2088
26673,r10i1p1f1,2088,01,11,64.65022272528394,12.983453,7.9839253,2088
26674,r10i1p1f1,2088,01,12,9.507313514653728,12.783577,8.31916,2088
26675,r10i1p1f1,2088,01,13,11.109163748302596,14.1912,9.511238,2088
26676,r10i1p1f1,2088,01,14,0.30999277792153934,12.844276,2.5369916,2088
26677,r10i1p1f1,2088,01,15,0.0,13.52602,2.0726068,2088
26678,r10i1p1f1,2088,01,16,0.1806518922098564,12.739142,2.396635,2088
26679,r10i1p1f1,2088,01,17,0.0940602461205823,11.34006,4.2317505,2088
26680,r10i1p1f1,2088,01,18,0.0,14.153423,4.554758,2088
26681,r10i1p1f1,2088,01,19,18.537413384164164,12.733455,2.8260536,2088
26682,r10i1p1f1,2088,01,20,8.162292644352707,11.128426,5.2057915,2088
26683,r10i1p1f1,2088,01,21,5.4336382676602195,10.168337,4.6754093,2088
26684,r10i1p1f1,2088,01,22,64.87539985744087,12.092592,4.747164,2088
26685,r10i1p1f1,2088,01,23,14.181809060238791,13.798067,7.1098423,2088
26686,r10i1p1f1,2088,01,24,39.592290612697404,12.24553,2.989937,2088
26687,r10i1p1f1,2088,01,25,0.0007188518721752763,10.12169,1.098514,2088
26688,r10i1p1f1,2088,01,26,31.756944353937318,6.3636866,2.375699,2088
26689,r10i1p1f1,2088,01,27,0.3492370104272356,13.31199,0.36404058,2088
26690,r10i1p1f1,2088,01,28,0.0,12.350507,0.01531882,2088
26691,r10i1p1f1,2088,01,29,0.0,12.269358,0.19781895,2088
26692,r10i1p1f1,2088,01,30,0.0,9.631895,-1.2832419,2088
26693,r10i1p1f1,2088,01,31,0.0,10.923886,-1.0485775,2088
26694,r10i1p1f1,2088,02,01,0.0,15.32158,1.4954641,2088
26695,r10i1p1f1,2088,02,02,0.0,14.595811,2.6532807,2088
26696,r10i1p1f1,2088,02,03,2.4696688457831777,10.867317,2.8840408,2088
26697,r10i1p1f1,2088,02,04,40.14680424558097,12.011294,3.1380155,2088
26698,r10i1p1f1,2088,02,05,49.957165417359455,12.098743,6.2553005,2088
26699,r10i1p1f1,2088,02,06,0.0,16.471544,5.9628696,2088
26700,r10i1p1f1,2088,02,07,31.339382485327263,13.445036,7.8268747,2088
26701,r10i1p1f1,2088,02,08,0.0,15.3670225,6.9098415,2088
26702,r10i1p1f1,2088,02,09,0.0,19.387394,4.500474,2088
26703,r10i1p1f1,2088,02,10,0.0,18.502785,6.31689,2088
26704,r10i1p1f1,2088,02,11,5.317764077565363,14.083764,6.5235233,2088
26705,r10i1p1f1,2088,02,12,0.0,14.469232,3.4237318,2088
26706,r10i1p1f1,2088,02,13,0.0,14.240628,1.9261583,2088
26707,r10i1p1f1,2088,02,14,23.388475718858995,10.009392,3.9250817,2088
26708,r10i1p1f1,2088,02,15,0.0,11.176246,0.9603701,2088
26709,r10i1p1f1,2088,02,16,0.0,13.450622,1.9753022,2088
26710,r10i1p1f1,2088,02,17,0.0,14.242774,3.0501957,2088
26711,r10i1p1f1,2088,02,18,0.0,16.975195,2.975779,2088
26712,r10i1p1f1,2088,02,19,0.0,15.172837,2.6362407,2088
26713,r10i1p1f1,2088,02,20,0.0,14.29198,2.7851105,2088
26714,r10i1p1f1,2088,02,21,0.0,14.060841,4.458276,2088
26715,r10i1p1f1,2088,02,22,3.1268609159030203,11.417994,5.222429,2088
26716,r10i1p1f1,2088,02,23,0.0,13.373165,3.0404623,2088
26717,r10i1p1f1,2088,02,24,0.0,12.578047,5.094312,2088
26718,r10i1p1f1,2088,02,25,24.261587306912254,10.918939,4.0888295,2088
26719,r10i1p1f1,2088,02,26,25.555402711707803,11.197339,5.5815525,2088
26720,r10i1p1f1,2088,02,27,73.19014106117385,11.187934,5.4690948,2088
26721,r10i1p1f1,2088,02,28,2.656175921590961,11.681358,1.4245471,2088
26722,r10i1p1f1,2088,02,29,0.0,14.760022,3.4947667,2088
26723,r10i1p1f1,2088,03,01,0.0,18.315891,2.0231152,2088
26724,r10i1p1f1,2088,03,02,0.0,18.561274,5.2117577,2088
26725,r10i1p1f1,2088,03,03,0.0,20.386112,8.926709,2088
26726,r10i1p1f1,2088,03,04,0.0,20.195541,8.273604,2088
26727,r10i1p1f1,2088,03,05,10.376849838786782,18.245264,6.2017884,2088
26728,r10i1p1f1,2088,03,06,29.91186837285855,12.696683,8.4939375,2088
26729,r10i1p1f1,2088,03,07,63.08140103264075,14.755322,8.714893,2088
26730,r10i1p1f1,2088,03,08,26.15130155861966,15.008704,2.5498855,2088
26731,r10i1p1f1,2088,03,09,5.251357282012529,11.809875,4.387473,2088
26732,r10i1p1f1,2088,03,10,34.511249090275285,9.727893,4.7636614,2088
26733,r10i1p1f1,2088,03,11,8.063469281095374,6.9681,2.4658616,2088
26734,r10i1p1f1,2088,03,12,6.090319060987033,8.091923,3.1809525,2088
26735,r10i1p1f1,2088,03,13,0.0,12.930077,3.9125776,2088
26736,r10i1p1f1,2088,03,14,0.0,15.871071,1.2336003,2088
26737,r10i1p1f1,2088,03,15,2.0361975272862765,15.327574,3.3698826,2088
26738,r10i1p1f1,2088,03,16,4.711244637809087,11.035018,6.396799,2088
26739,r10i1p1f1,2088,03,17,0.020042348712709816,13.600771,3.785088,2088
26740,r10i1p1f1,2088,03,18,46.49361275920742,12.798864,5.0548234,2088
26741,r10i1p1f1,2088,03,19,6.3272274594151225,11.584772,0.8902431,2088
26742,r10i1p1f1,2088,03,20,10.857200810814424,11.668063,3.3080683,2088
26743,r10i1p1f1,2088,03,21,0.0,15.158767,2.0804493,2088
26744,r10i1p1f1,2088,03,22,0.0,16.759197,2.170162,2088
26745,r10i1p1f1,2088,03,23,8.194962606131938,15.683634,2.9303215,2088
26746,r10i1p1f1,2088,03,24,0.002456646641229255,16.331135,2.3250353,2088
26747,r10i1p1f1,2088,03,25,2.706934344046443,16.45258,4.4142895,2088
26748,r10i1p1f1,2088,03,26,0.9814727374759968,11.827161,0.12118731,2088
26749,r10i1p1f1,2088,03,27,0.0,14.456005,1.5090027,2088
26750,r10i1p1f1,2088,03,28,0.15749861728947603,13.878174,4.6583524,2088
26751,r10i1p1f1,2088,03,29,0.15599472731321984,17.289457,6.613569,2088
26752,r10i1p1f1,2088,03,30,0.0,17.380438,6.740334,2088
26753,r10i1p1f1,2088,03,31,16.805225064040552,14.199664,9.755974,2088
26754,r10i1p1f1,2088,04,01,0.0,16.910057,4.9745593,2088
26755,r10i1p1f1,2088,04,02,0.0,16.210966,3.9559238,2088
26756,r10i1p1f1,2088,04,03,60.97010921159955,13.702161,5.742527,2088
26757,r10i1p1f1,2088,04,04,8.14423624904425,10.075285,3.9432633,2088
26758,r10i1p1f1,2088,04,05,0.5892487454442935,13.033872,3.6165643,2088
26759,r10i1p1f1,2088,04,06,32.78948384717009,12.597658,6.395219,2088
26760,r10i1p1f1,2088,04,07,5.4341004794950045,17.91728,7.5150614,2088
26761,r10i1p1f1,2088,04,08,5.76412283183967,17.68698,8.091117,2088
26762,r10i1p1f1,2088,04,09,37.48301865385943,15.796783,11.864545,2088
26763,r10i1p1f1,2088,04,10,0.42032148951540493,15.945213,5.474145,2088
26764,r10i1p1f1,2088,04,11,0.0,16.341892,2.1450667,2088
26765,r10i1p1f1,2088,04,12,3.7160646809513165,14.754951,5.6595416,2088
26766,r10i1p1f1,2088,04,13,1.0969373502839037,12.361354,5.9902077,2088
26767,r10i1p1f1,2088,04,14,0.0,18.041023,4.2303576,2088
26768,r10i1p1f1,2088,04,15,0.0,22.145218,5.4056478,2088
26769,r10i1p1f1,2088,04,16,0.0,21.881603,8.097382,2088
26770,r10i1p1f1,2088,04,17,0.0,22.199198,8.9022875,2088
26771,r10i1p1f1,2088,04,18,0.0,25.437975,9.467012,2088
26772,r10i1p1f1,2088,04,19,0.0,25.234695,10.573101,2088
26773,r10i1p1f1,2088,04,20,0.0,23.947254,12.200589,2088
26774,r10i1p1f1,2088,04,21,4.062103193801273,18.763834,6.113519,2088
26775,r10i1p1f1,2088,04,22,0.0,22.752764,7.1575704,2088
26776,r10i1p1f1,2088,04,23,0.0,27.21519,10.485327,2088
26777,r10i1p1f1,2088,04,24,0.0,32.032253,14.3707485,2088
26778,r10i1p1f1,2088,04,25,0.0,32.067497,17.1827,2088
26779,r10i1p1f1,2088,04,26,0.0,29.976858,12.770282,2088
26780,r10i1p1f1,2088,04,27,0.0,17.720356,4.243371,2088
26781,r10i1p1f1,2088,04,28,0.0,20.343405,5.816451,2088
26782,r10i1p1f1,2088,04,29,0.0,24.267273,9.331668,2088
26783,r10i1p1f1,2088,04,30,0.0,24.9788,9.784886,2088
26784,r10i1p1f1,2088,05,01,0.0,26.522455,12.064227,2088
26785,r10i1p1f1,2088,05,02,0.0,30.280123,11.367781,2088
26786,r10i1p1f1,2088,05,03,0.0,31.243597,14.911112,2088
26787,r10i1p1f1,2088,05,04,0.0,31.484003,16.573187,2088
26788,r10i1p1f1,2088,05,05,0.0,27.95811,14.690035,2088
26789,r10i1p1f1,2088,05,06,0.0,26.224747,12.426863,2088
26790,r10i1p1f1,2088,05,07,0.0,21.236282,8.244221,2088
26791,r10i1p1f1,2088,05,08,0.0,21.427967,8.244371,2088
26792,r10i1p1f1,2088,05,09,0.006710879614202943,21.914778,8.885297,2088
26793,r10i1p1f1,2088,05,10,0.08798708850487233,21.491817,8.646486,2088
26794,r10i1p1f1,2088,05,11,0.0,21.077345,8.882235,2088
26795,r10i1p1f1,2088,05,12,0.1497000785955032,23.267035,9.107582,2088
26796,r10i1p1f1,2088,05,13,2.139545567393055,22.800186,9.177898,2088
26797,r10i1p1f1,2088,05,14,4.602348214087359,22.127932,7.85222,2088
26798,r10i1p1f1,2088,05,15,0.0,22.461342,7.2064147,2088
26799,r10i1p1f1,2088,05,16,0.0,24.247213,9.036315,2088
26800,r10i1p1f1,2088,05,17,0.0,25.50461,8.348064,2088
26801,r10i1p1f1,2088,05,18,0.0,29.604094,13.032559,2088
26802,r10i1p1f1,2088,05,19,0.0,29.048449,12.478304,2088
26803,r10i1p1f1,2088,05,20,0.0,26.075659,9.745894,2088
26804,r10i1p1f1,2088,05,21,0.0,27.849186,10.300307,2088
26805,r10i1p1f1,2088,05,22,0.0,30.25886,13.102521,2088
26806,r10i1p1f1,2088,05,23,0.0,30.524357,14.492931,2088
26807,r10i1p1f1,2088,05,24,0.0,32.064915,16.109838,2088
26808,r10i1p1f1,2088,05,25,0.0,30.882437,14.289615,2088
26809,r10i1p1f1,2088,05,26,0.0,29.32828,12.680138,2088
26810,r10i1p1f1,2088,05,27,0.0,29.332613,13.554434,2088
26811,r10i1p1f1,2088,05,28,0.0,27.788324,13.514812,2088
26812,r10i1p1f1,2088,05,29,0.0,28.269718,11.38433,2088
26813,r10i1p1f1,2088,05,30,0.017662870608977466,29.859253,13.9150715,2088
26814,r10i1p1f1,2088,05,31,0.04053187209425041,27.80055,14.515055,2088
26815,r10i1p1f1,2088,06,01,0.058864901936766204,24.837502,9.425346,2088
26816,r10i1p1f1,2088,06,02,0.0,20.727076,7.9348016,2088
26817,r10i1p1f1,2088,06,03,0.0,21.627356,4.6449666,2088
26818,r10i1p1f1,2088,06,04,0.0,22.738085,6.2332125,2088
26819,r10i1p1f1,2088,06,05,0.0,22.280407,6.422111,2088
26820,r10i1p1f1,2088,06,06,0.0,23.858738,6.2151713,2088
26821,r10i1p1f1,2088,06,07,0.0,31.424429,14.697397,2088
26822,r10i1p1f1,2088,06,08,0.0,31.916334,14.777066,2088
26823,r10i1p1f1,2088,06,09,0.0,34.06827,19.069508,2088
26824,r10i1p1f1,2088,06,10,0.0,33.928307,16.220762,2088
26825,r10i1p1f1,2088,06,11,0.0,33.48308,19.162216,2088
26826,r10i1p1f1,2088,06,12,0.0,34.641815,17.932535,2088
26827,r10i1p1f1,2088,06,13,0.0,34.00386,17.859268,2088
26828,r10i1p1f1,2088,06,14,0.1316435299390593,30.084974,16.987114,2088
26829,r10i1p1f1,2088,06,15,0.0,33.886642,18.696686,2088
26830,r10i1p1f1,2088,06,16,0.0,29.8175,13.189059,2088
26831,r10i1p1f1,2088,06,17,0.0,29.226639,12.9314375,2088
26832,r10i1p1f1,2088,06,18,0.0,31.30489,13.58379,2088
26833,r10i1p1f1,2088,06,19,0.0,34.655327,17.532547,2088
26834,r10i1p1f1,2088,06,20,0.0,37.05497,20.810284,2088
26835,r10i1p1f1,2088,06,21,0.0,37.878834,20.070623,2088
26836,r10i1p1f1,2088,06,22,0.0,36.91102,21.290443,2088
26837,r10i1p1f1,2088,06,23,0.0,38.905865,21.499876,2088
26838,r10i1p1f1,2088,06,24,0.0,39.667416,24.507807,2088
26839,r10i1p1f1,2088,06,25,0.0,38.148037,22.310076,2088
26840,r10i1p1f1,2088,06,26,0.0,33.67393,18.216192,2088
26841,r10i1p1f1,2088,06,27,0.0,33.059826,17.625896,2088
26842,r10i1p1f1,2088,06,28,0.0,30.772118,14.042117,2088
26843,r10i1p1f1,2088,06,29,0.0,31.849815,14.700437,2088
26844,r10i1p1f1,2088,06,30,0.0,34.6409,15.468403,2088
26845,r10i1p1f1,2088,07,01,0.0,33.205788,15.694214,2088
26846,r10i1p1f1,2088,07,02,0.0,31.176716,13.819469,2088
26847,r10i1p1f1,2088,07,03,0.0,35.718067,16.811466,2088
26848,r10i1p1f1,2088,07,04,0.0,38.380016,21.132433,2088
26849,r10i1p1f1,2088,07,05,0.0,38.164642,21.745737,2088
26850,r10i1p1f1,2088,07,06,0.0,37.03401,20.714853,2088
26851,r10i1p1f1,2088,07,07,0.0,37.621964,20.899569,2088
26852,r10i1p1f1,2088,07,08,0.0,39.834824,23.28565,2088
26853,r10i1p1f1,2088,07,09,0.0,39.775387,23.873621,2088
26854,r10i1p1f1,2088,07,10,0.0,39.18568,23.268457,2088
26855,r10i1p1f1,2088,07,11,0.0,34.046642,19.088976,2088
26856,r10i1p1f1,2088,07,12,0.0,31.77371,15.8289,2088
26857,r10i1p1f1,2088,07,13,0.0,36.11906,17.504705,2088
26858,r10i1p1f1,2088,07,14,0.0,37.028194,20.703506,2088
26859,r10i1p1f1,2088,07,15,0.0,39.942226,20.904114,2088
26860,r10i1p1f1,2088,07,16,0.0,41.225838,23.55042,2088
26861,r10i1p1f1,2088,07,17,0.0,40.5651,22.526514,2088
26862,r10i1p1f1,2088,07,18,0.0,38.216873,21.768963,2088
26863,r10i1p1f1,2088,07,19,0.0,36.49977,20.38042,2088
26864,r10i1p1f1,2088,07,20,0.0,38.56426,20.06861,2088
26865,r10i1p1f1,2088,07,21,0.0,39.821587,20.492785,2088
26866,r10i1p1f1,2088,07,22,0.0,39.268993,20.433973,2088
26867,r10i1p1f1,2088,07,23,0.0,38.749348,19.965002,2088
26868,r10i1p1f1,2088,07,24,0.0,35.49182,17.825655,2088
26869,r10i1p1f1,2088,07,25,0.0,30.657824,14.01902,2088
26870,r10i1p1f1,2088,07,26,0.0,29.904602,13.76508,2088
26871,r10i1p1f1,2088,07,27,0.0,31.058575,13.256296,2088
26872,r10i1p1f1,2088,07,28,0.0,34.288746,15.347361,2088
26873,r10i1p1f1,2088,07,29,0.0,39.889877,21.083479,2088
26874,r10i1p1f1,2088,07,30,0.0,41.661053,22.687681,2088
26875,r10i1p1f1,2088,07,31,0.0,40.829327,22.552843,2088
26876,r10i1p1f1,2088,08,01,0.0,38.951286,21.324339,2088
26877,r10i1p1f1,2088,08,02,0.0,37.923195,22.287155,2088
26878,r10i1p1f1,2088,08,03,0.0,37.779816,21.10321,2088
26879,r10i1p1f1,2088,08,04,0.0,36.827015,20.998043,2088
26880,r10i1p1f1,2088,08,05,0.0,35.369762,18.20512,2088
26881,r10i1p1f1,2088,08,06,0.0,35.7328,18.538172,2088
26882,r10i1p1f1,2088,08,07,0.0,35.227825,17.55085,2088
26883,r10i1p1f1,2088,08,08,0.0,36.5245,18.246616,2088
26884,r10i1p1f1,2088,08,09,0.0,36.035675,19.402847,2088
26885,r10i1p1f1,2088,08,10,0.0,34.831142,17.284832,2088
26886,r10i1p1f1,2088,08,11,0.0,29.041842,12.947471,2088
26887,r10i1p1f1,2088,08,12,0.0,32.665504,14.046816,2088
26888,r10i1p1f1,2088,08,13,0.0,38.979836,20.211672,2088
26889,r10i1p1f1,2088,08,14,0.0,38.476837,21.27919,2088
26890,r10i1p1f1,2088,08,15,0.0,35.910328,18.361326,2088
26891,r10i1p1f1,2088,08,16,0.0,36.10951,17.775589,2088
26892,r10i1p1f1,2088,08,17,0.0,35.47567,17.873917,2088
26893,r10i1p1f1,2088,08,18,0.0,34.65568,17.232082,2088
26894,r10i1p1f1,2088,08,19,0.0,32.418903,15.560296,2088
26895,r10i1p1f1,2088,08,20,0.0,33.10425,14.719653,2088
26896,r10i1p1f1,2088,08,21,0.0,34.75597,16.572618,2088
26897,r10i1p1f1,2088,08,22,0.0,33.82933,16.224056,2088
26898,r10i1p1f1,2088,08,23,0.0,27.74239,11.404006,2088
26899,r10i1p1f1,2088,08,24,0.0,23.278463,7.0739064,2088
26900,r10i1p1f1,2088,08,25,3.737977059922502,19.22584,2.9625638,2088
26901,r10i1p1f1,2088,08,26,0.0,26.74685,8.532322,2088
26902,r10i1p1f1,2088,08,27,0.0,27.674217,10.893827,2088
26903,r10i1p1f1,2088,08,28,0.0,29.838058,11.118593,2088
26904,r10i1p1f1,2088,08,29,0.0,34.94128,16.371439,2088
26905,r10i1p1f1,2088,08,30,0.0,36.116745,18.453384,2088
26906,r10i1p1f1,2088,08,31,0.0,35.1748,17.97819,2088
26907,r10i1p1f1,2088,09,01,0.0,33.779545,17.399925,2088
26908,r10i1p1f1,2088,09,02,0.0,32.91064,16.129969,2088
26909,r10i1p1f1,2088,09,03,0.0,34.59378,17.363714,2088
26910,r10i1p1f1,2088,09,04,0.0,38.43236,20.928364,2088
26911,r10i1p1f1,2088,09,05,0.0,39.55747,22.399685,2088
26912,r10i1p1f1,2088,09,06,0.0,39.508003,22.493366,2088
26913,r10i1p1f1,2088,09,07,0.0,37.69476,20.479712,2088
26914,r10i1p1f1,2088,09,08,0.0,35.29082,19.276375,2088
26915,r10i1p1f1,2088,09,09,0.0,37.29745,19.536926,2088
26916,r10i1p1f1,2088,09,10,0.0,36.973194,20.622543,2088
26917,r10i1p1f1,2088,09,11,0.0,36.01288,20.117163,2088
26918,r10i1p1f1,2088,09,12,0.0,35.411976,20.437567,2088
26919,r10i1p1f1,2088,09,13,0.0,33.52396,17.346321,2088
26920,r10i1p1f1,2088,09,14,0.0,35.19784,19.023981,2088
26921,r10i1p1f1,2088,09,15,0.0,34.42406,17.836481,2088
26922,r10i1p1f1,2088,09,16,0.0,27.312363,9.08097,2088
26923,r10i1p1f1,2088,09,17,0.0,27.507286,11.104837,2088
26924,r10i1p1f1,2088,09,18,0.0,31.130404,13.206722,2088
26925,r10i1p1f1,2088,09,19,0.0,29.917946,15.450505,2088
26926,r10i1p1f1,2088,09,20,0.0,28.912912,14.10428,2088
26927,r10i1p1f1,2088,09,21,0.0,29.682936,13.851479,2088
26928,r10i1p1f1,2088,09,22,0.0,29.454472,14.196418,2088
26929,r10i1p1f1,2088,09,23,0.0,29.152662,11.53898,2088
26930,r10i1p1f1,2088,09,24,0.0,30.556435,14.100247,2088
26931,r10i1p1f1,2088,09,25,0.0,30.3686,14.247467,2088
26932,r10i1p1f1,2088,09,26,0.0,24.39786,9.818801,2088
26933,r10i1p1f1,2088,09,27,0.0,29.986292,14.510776,2088
26934,r10i1p1f1,2088,09,28,0.0,35.218456,17.582684,2088
26935,r10i1p1f1,2088,09,29,0.0,34.627453,19.354092,2088
26936,r10i1p1f1,2088,09,30,0.0,33.81134,19.215118,2088
26937,r10i1p1f1,2088,10,01,0.0,29.735413,12.27,2088
26938,r10i1p1f1,2088,10,02,0.0,23.360579,9.169547,2088
26939,r10i1p1f1,2088,10,03,0.0,28.87102,12.91098,2088
26940,r10i1p1f1,2088,10,04,0.0,32.476704,15.785908,2088
26941,r10i1p1f1,2088,10,05,0.0,34.669758,17.604736,2088
26942,r10i1p1f1,2088,10,06,0.0,34.01822,18.098984,2088
26943,r10i1p1f1,2088,10,07,0.0,32.104916,15.172448,2088
26944,r10i1p1f1,2088,10,08,0.0,29.806673,13.45264,2088
26945,r10i1p1f1,2088,10,09,0.0,31.506048,14.908499,2088
26946,r10i1p1f1,2088,10,10,0.0,34.617023,17.94059,2088
26947,r10i1p1f1,2088,10,11,0.0,34.01305,16.643925,2088
26948,r10i1p1f1,2088,10,12,0.0,32.627857,19.215237,2088
26949,r10i1p1f1,2088,10,13,0.0,29.647709,14.960073,2088
26950,r10i1p1f1,2088,10,14,0.0,30.27531,13.640943,2088
26951,r10i1p1f1,2088,10,15,0.0,30.405142,14.052746,2088
26952,r10i1p1f1,2088,10,16,0.0,29.543364,15.890071,2088
26953,r10i1p1f1,2088,10,17,0.0,26.79019,13.795694,2088
26954,r10i1p1f1,2088,10,18,0.0,26.19514,12.035833,2088
26955,r10i1p1f1,2088,10,19,0.0,26.466742,12.653965,2088
26956,r10i1p1f1,2088,10,20,0.0,26.849472,12.56309,2088
26957,r10i1p1f1,2088,10,21,0.0,26.319992,9.666632,2088
26958,r10i1p1f1,2088,10,22,0.0,25.12072,9.438332,2088
26959,r10i1p1f1,2088,10,23,0.0,28.68518,13.53961,2088
26960,r10i1p1f1,2088,10,24,0.0,32.02911,17.189898,2088
26961,r10i1p1f1,2088,10,25,0.0,29.295588,15.987354,2088
26962,r10i1p1f1,2088,10,26,0.0,26.783941,12.694212,2088
26963,r10i1p1f1,2088,10,27,0.0,23.698162,11.140592,2088
26964,r10i1p1f1,2088,10,28,0.0,23.444721,9.236384,2088
26965,r10i1p1f1,2088,10,29,0.0,25.990019,9.908102,2088
26966,r10i1p1f1,2088,10,30,0.0,28.568064,12.010374,2088
26967,r10i1p1f1,2088,10,31,0.0,30.681744,15.717611,2088
26968,r10i1p1f1,2088,11,01,0.0,31.748165,14.3110895,2088
26969,r10i1p1f1,2088,11,02,0.0,31.938082,16.09224,2088
26970,r10i1p1f1,2088,11,03,0.0,31.09752,15.552645,2088
26971,r10i1p1f1,2088,11,04,0.0,30.110737,13.746852,2088
26972,r10i1p1f1,2088,11,05,0.0,27.184748,13.314382,2088
26973,r10i1p1f1,2088,11,06,0.0,22.221054,10.209654,2088
26974,r10i1p1f1,2088,11,07,0.0,24.328337,10.955877,2088
26975,r10i1p1f1,2088,11,08,0.0,22.944107,8.972664,2088
26976,r10i1p1f1,2088,11,09,0.0,20.576468,8.400183,2088
26977,r10i1p1f1,2088,11,10,0.0,21.435776,7.256628,2088
26978,r10i1p1f1,2088,11,11,0.0,20.23538,7.110032,2088
26979,r10i1p1f1,2088,11,12,0.0,21.828783,7.1184483,2088
26980,r10i1p1f1,2088,11,13,0.0,23.546432,7.616084,2088
26981,r10i1p1f1,2088,11,14,0.0,23.73683,6.9481997,2088
26982,r10i1p1f1,2088,11,15,0.0,22.902887,10.798026,2088
26983,r10i1p1f1,2088,11,16,0.0,21.179325,9.979856,2088
26984,r10i1p1f1,2088,11,17,0.10912062713798246,19.691885,6.3758574,2088
26985,r10i1p1f1,2088,11,18,0.0,19.101315,5.768617,2088
26986,r10i1p1f1,2088,11,19,0.0,22.03241,6.286937,2088
26987,r10i1p1f1,2088,11,20,0.0,23.029099,7.443371,2088
26988,r10i1p1f1,2088,11,21,0.0,24.187729,6.5965543,2088
26989,r10i1p1f1,2088,11,22,0.0,26.184158,9.375583,2088
26990,r10i1p1f1,2088,11,23,0.0,24.587646,9.369176,2088
26991,r10i1p1f1,2088,11,24,0.0,21.645548,7.2194915,2088
26992,r10i1p1f1,2088,11,25,0.0,22.232876,9.475563,2088
26993,r10i1p1f1,2088,11,26,0.0,24.739471,9.602543,2088
26994,r10i1p1f1,2088,11,27,0.0,25.576859,8.0467005,2088
26995,r10i1p1f1,2088,11,28,0.0,25.181314,9.96657,2088
26996,r10i1p1f1,2088,11,29,1.0006320642380735,24.046503,9.66699,2088
26997,r10i1p1f1,2088,11,30,0.0,15.571063,3.3346539,2088
26998,r10i1p1f1,2088,12,01,0.0,20.67128,7.9756107,2088
26999,r10i1p1f1,2088,12,02,0.0,20.133018,7.776685,2088
27000,r10i1p1f1,2088,12,03,0.0,19.301987,7.255619,2088
27001,r10i1p1f1,2088,12,04,0.0,23.797632,11.046405,2088
27002,r10i1p1f1,2088,12,05,1.609851745916115,22.965277,12.378659,2088
27003,r10i1p1f1,2088,12,06,0.0,16.779207,7.5837917,2088
27004,r10i1p1f1,2088,12,07,0.0,15.999454,4.101382,2088
27005,r10i1p1f1,2088,12,08,0.5799033856060545,14.1152935,2.262095,2088
27006,r10i1p1f1,2088,12,09,0.0,16.484192,4.911795,2088
27007,r10i1p1f1,2088,12,10,0.0,16.12352,4.8791127,2088
27008,r10i1p1f1,2088,12,11,0.0,17.996435,5.4337983,2088
27009,r10i1p1f1,2088,12,12,0.0,21.518675,8.041783,2088
27010,r10i1p1f1,2088,12,13,0.0,23.754122,10.462149,2088
27011,r10i1p1f1,2088,12,14,0.0,24.869951,11.502526,2088
27012,r10i1p1f1,2088,12,15,0.0,22.565325,12.484854,2088
27013,r10i1p1f1,2088,12,16,0.0,18.96343,8.560409,2088
27014,r10i1p1f1,2088,12,17,0.0,16.490448,6.541557,2088
27015,r10i1p1f1,2088,12,18,0.0,16.78701,7.4740353,2088
27016,r10i1p1f1,2088,12,19,0.0,19.141485,9.233446,2088
27017,r10i1p1f1,2088,12,20,27.593840604746028,17.253393,9.878684,2088
27018,r10i1p1f1,2088,12,21,48.288622557332644,13.08277,8.170541,2088
27019,r10i1p1f1,2088,12,22,65.83858409247019,13.09176,6.388788,2088
27020,r10i1p1f1,2088,12,23,3.6432639559758457,10.074272,3.827379,2088
27021,r10i1p1f1,2088,12,24,0.0,11.095475,0.2628481,2088
27022,r10i1p1f1,2088,12,25,0.0,9.961738,-0.5821391,2088
27023,r10i1p1f1,2088,12,26,0.0,10.904673,-2.7017357,2088
27024,r10i1p1f1,2088,12,27,0.0,2.4921236,-7.7615533,2088
27025,r10i1p1f1,2088,12,28,0.0,11.631098,-0.32735986,2088
27026,r10i1p1f1,2088,12,29,0.0,15.067676,3.7806726,2088
27027,r10i1p1f1,2088,12,30,0.0,13.693059,1.8059684,2088
27028,r10i1p1f1,2088,12,31,0.11717333821396,8.625453,-1.8006222,2088
27029,r10i1p1f1,2089,01,01,0.0,6.0480604,-3.9079542,2089
27030,r10i1p1f1,2089,01,02,0.0,8.497374,-3.8321807,2089
27031,r10i1p1f1,2089,01,03,2.1416803068189583,7.414112,-3.4147346,2089
27032,r10i1p1f1,2089,01,04,29.173374104950774,9.316496,3.755098,2089
27033,r10i1p1f1,2089,01,05,2.5040693481251335,9.175282,0.69311243,2089
27034,r10i1p1f1,2089,01,06,0.0,7.860671,-2.337502,2089
27035,r10i1p1f1,2089,01,07,0.0,5.024622,-4.9535017,2089
27036,r10i1p1f1,2089,01,08,0.0,5.187196,-5.630988,2089
27037,r10i1p1f1,2089,01,09,0.0,9.540011,-2.715798,2089
27038,r10i1p1f1,2089,01,10,0.0,13.579996,1.1288613,2089
27039,r10i1p1f1,2089,01,11,0.0,12.758198,3.851324,2089
27040,r10i1p1f1,2089,01,12,0.0,13.077258,2.421107,2089
27041,r10i1p1f1,2089,01,13,0.0,12.655853,1.1610278,2089
27042,r10i1p1f1,2089,01,14,0.0,8.785831,-1.9562011,2089
27043,r10i1p1f1,2089,01,15,0.26221319617195005,5.3384166,-4.8030944,2089
27044,r10i1p1f1,2089,01,16,0.2936623462262919,6.7850857,-2.7572987,2089
27045,r10i1p1f1,2089,01,17,0.0,8.282229,-2.18871,2089
27046,r10i1p1f1,2089,01,18,0.0,10.773363,-0.018284848,2089
27047,r10i1p1f1,2089,01,19,25.360387651323293,7.6495705,0.93151397,2089
27048,r10i1p1f1,2089,01,20,45.89630007823488,12.483196,2.9832833,2089
27049,r10i1p1f1,2089,01,21,26.893513913321506,10.051974,5.436232,2089
27050,r10i1p1f1,2089,01,22,0.0,11.968064,-0.16147976,2089
27051,r10i1p1f1,2089,01,23,9.04758633445645,6.3938975,-1.1029279,2089
27052,r10i1p1f1,2089,01,24,48.11260110183962,13.938213,3.0836692,2089
27053,r10i1p1f1,2089,01,25,27.31531621293949,15.429302,11.978823,2089
27054,r10i1p1f1,2089,01,26,71.91345103844804,16.250536,11.988624,2089
27055,r10i1p1f1,2089,01,27,96.61789960595534,14.648618,10.86106,2089
27056,r10i1p1f1,2089,01,28,45.88809827569333,13.320737,8.281125,2089
27057,r10i1p1f1,2089,01,29,0.0,15.616924,6.21503,2089
27058,r10i1p1f1,2089,01,30,58.936382061189136,14.156889,10.37054,2089
27059,r10i1p1f1,2089,01,31,23.28918387103936,14.213238,10.496174,2089
27060,r10i1p1f1,2089,02,01,0.0,14.609857,6.2261705,2089
27061,r10i1p1f1,2089,02,02,0.0,12.93094,3.3480203,2089
27062,r10i1p1f1,2089,02,03,0.0,15.050565,3.3790143,2089
27063,r10i1p1f1,2089,02,04,0.0,20.432915,4.4070363,2089
27064,r10i1p1f1,2089,02,05,0.0,18.441036,6.213599,2089
27065,r10i1p1f1,2089,02,06,3.9624473010917427,15.541339,7.087765,2089
27066,r10i1p1f1,2089,02,07,0.0,16.10668,4.6115937,2089
27067,r10i1p1f1,2089,02,08,0.0,17.035038,6.451508,2089
27068,r10i1p1f1,2089,02,09,0.46588084717014727,12.3167515,6.5610294,2089
27069,r10i1p1f1,2089,02,10,0.0,13.903821,4.7079654,2089
27070,r10i1p1f1,2089,02,11,14.424238239773427,10.723451,6.034904,2089
27071,r10i1p1f1,2089,02,12,0.037876118350847095,15.959595,5.063085,2089
27072,r10i1p1f1,2089,02,13,0.0,16.932606,4.265387,2089
27073,r10i1p1f1,2089,02,14,0.3517375818319124,16.766546,7.2301188,2089
27074,r10i1p1f1,2089,02,15,2.074307289316685,11.060239,5.924127,2089
27075,r10i1p1f1,2089,02,16,0.0,14.231635,2.9220698,2089
27076,r10i1p1f1,2089,02,17,0.0,18.501266,4.4985313,2089
27077,r10i1p1f1,2089,02,18,0.0,17.04372,4.6943617,2089
27078,r10i1p1f1,2089,02,19,0.0,16.553364,6.705124,2089
27079,r10i1p1f1,2089,02,20,0.0,16.858664,4.5285316,2089
27080,r10i1p1f1,2089,02,21,0.0,16.72208,7.163865,2089
27081,r10i1p1f1,2089,02,22,0.12456234112041904,14.055404,6.4962754,2089
27082,r10i1p1f1,2089,02,23,3.8970585127093442,10.4750185,5.248825,2089
27083,r10i1p1f1,2089,02,24,10.820008748276834,9.676122,2.893488,2089
27084,r10i1p1f1,2089,02,25,0.0,12.729578,1.9013511,2089
27085,r10i1p1f1,2089,02,26,0.40420797759476335,11.263454,0.71305066,2089
27086,r10i1p1f1,2089,02,27,13.265671831476013,9.533923,4.1415606,2089
27087,r10i1p1f1,2089,02,28,2.853915919288403,9.481235,3.0002515,2089
27088,r10i1p1f1,2089,03,01,1.575976900085152,11.588058,4.571802,2089
27089,r10i1p1f1,2089,03,02,9.238640030028028,11.297631,7.795165,2089
27090,r10i1p1f1,2089,03,03,0.0,16.80921,7.227263,2089
27091,r10i1p1f1,2089,03,04,0.0,17.261929,8.015179,2089
27092,r10i1p1f1,2089,03,05,1.1050869470445353,16.552034,7.4604735,2089
27093,r10i1p1f1,2089,03,06,7.207217096679654,11.791186,7.852491,2089
27094,r10i1p1f1,2089,03,07,0.07509333980507156,13.400969,4.3148274,2089
27095,r10i1p1f1,2089,03,08,24.156497621535028,10.153491,0.82754695,2089
27096,r10i1p1f1,2089,03,09,1.237967193731636,12.77583,2.8496401,2089
27097,r10i1p1f1,2089,03,10,0.0,15.739817,2.155841,2089
27098,r10i1p1f1,2089,03,11,5.322330920975411,14.897514,1.3954978,2089
27099,r10i1p1f1,2089,03,12,3.707680704167758,11.978419,5.0780883,2089
27100,r10i1p1f1,2089,03,13,0.0,16.406734,1.448442,2089
27101,r10i1p1f1,2089,03,14,0.0,16.943226,4.9679646,2089
27102,r10i1p1f1,2089,03,15,0.0,15.338128,4.0044827,2089
27103,r10i1p1f1,2089,03,16,0.6028578020816081,12.476807,5.385754,2089
27104,r10i1p1f1,2089,03,17,0.0,18.854927,2.635993,2089
27105,r10i1p1f1,2089,03,18,0.0,24.031593,6.017963,2089
27106,r10i1p1f1,2089,03,19,0.0,25.116018,11.0987015,2089
27107,r10i1p1f1,2089,03,20,0.25792589741812616,21.696844,11.288326,2089
27108,r10i1p1f1,2089,03,21,2.863589302361154,15.580895,6.4978895,2089
27109,r10i1p1f1,2089,03,22,22.124820394444548,11.695663,3.9786446,2089
27110,r10i1p1f1,2089,03,23,1.7111636885458306,11.268612,0.5959621,2089
27111,r10i1p1f1,2089,03,24,0.0,15.270856,2.1872375,2089
27112,r10i1p1f1,2089,03,25,0.0,15.475395,2.792883,2089
27113,r10i1p1f1,2089,03,26,0.0,19.873188,4.4985757,2089
27114,r10i1p1f1,2089,03,27,0.0,19.820591,5.229695,2089
27115,r10i1p1f1,2089,03,28,0.13245633255887937,21.003414,6.565752,2089
27116,r10i1p1f1,2089,03,29,0.0,21.640018,5.566602,2089
27117,r10i1p1f1,2089,03,30,0.0,17.219284,3.3402271,2089
27118,r10i1p1f1,2089,03,31,0.0,13.716484,1.8608782,2089
27119,r10i1p1f1,2089,04,01,0.0,13.667204,3.7526112,2089
27120,r10i1p1f1,2089,04,02,0.0,14.404813,4.72409,2089
27121,r10i1p1f1,2089,04,03,0.3854652091688063,17.650854,6.805815,2089
27122,r10i1p1f1,2089,04,04,9.553023485702733,16.55946,4.0212235,2089
27123,r10i1p1f1,2089,04,05,7.216587440607806,9.7938595,1.2775321,2089
27124,r10i1p1f1,2089,04,06,35.16258176134311,9.288968,1.1390973,2089
27125,r10i1p1f1,2089,04,07,82.25419246346543,12.717088,4.3487864,2089
27126,r10i1p1f1,2089,04,08,38.94564743861434,12.662621,0.0881171,2089
27127,r10i1p1f1,2089,04,09,8.054073197452357,11.456501,3.1622753,2089
27128,r10i1p1f1,2089,04,10,0.0,17.503967,3.6230733,2089
27129,r10i1p1f1,2089,04,11,0.0,22.635096,6.4795675,2089
27130,r10i1p1f1,2089,04,12,0.0,23.312828,9.140235,2089
27131,r10i1p1f1,2089,04,13,0.0,29.270958,11.73828,2089
27132,r10i1p1f1,2089,04,14,0.0,29.318228,13.649438,2089
27133,r10i1p1f1,2089,04,15,0.0,28.213581,14.434577,2089
27134,r10i1p1f1,2089,04,16,0.0,26.206997,10.288654,2089
27135,r10i1p1f1,2089,04,17,0.0,23.550863,8.668746,2089
27136,r10i1p1f1,2089,04,18,0.0,22.24741,7.8231,2089
27137,r10i1p1f1,2089,04,19,0.0,28.652864,12.457871,2089
27138,r10i1p1f1,2089,04,20,0.0,28.48307,14.644254,2089
27139,r10i1p1f1,2089,04,21,0.0,25.481447,10.905182,2089
27140,r10i1p1f1,2089,04,22,0.0,24.612583,9.330165,2089
27141,r10i1p1f1,2089,04,23,0.0,28.329985,13.903645,2089
27142,r10i1p1f1,2089,04,24,0.0,27.824781,12.891004,2089
27143,r10i1p1f1,2089,04,25,0.0,25.898901,13.24531,2089
27144,r10i1p1f1,2089,04,26,0.0,22.264923,10.131341,2089
27145,r10i1p1f1,2089,04,27,0.0,26.17126,12.399537,2089
27146,r10i1p1f1,2089,04,28,0.000492477706278518,20.75142,6.661993,2089
27147,r10i1p1f1,2089,04,29,0.0,22.652798,6.6666193,2089
27148,r10i1p1f1,2089,04,30,0.0,21.750772,5.871323,2089
27149,r10i1p1f1,2089,05,01,0.7862177221293103,14.864457,2.463961,2089
27150,r10i1p1f1,2089,05,02,0.23972581310724644,16.570532,3.815037,2089
27151,r10i1p1f1,2089,05,03,0.0,22.934593,8.239857,2089
27152,r10i1p1f1,2089,05,04,0.0,24.584179,10.309064,2089
27153,r10i1p1f1,2089,05,05,0.0,23.87541,9.1220045,2089
27154,r10i1p1f1,2089,05,06,0.0,25.14942,10.169824,2089
27155,r10i1p1f1,2089,05,07,0.0,28.693668,12.314694,2089
27156,r10i1p1f1,2089,05,08,0.0,29.95202,13.500562,2089
27157,r10i1p1f1,2089,05,09,0.0,28.80689,12.469159,2089
27158,r10i1p1f1,2089,05,10,0.0,27.267347,13.331705,2089
27159,r10i1p1f1,2089,05,11,0.27237932219194544,20.032736,5.2039547,2089
27160,r10i1p1f1,2089,05,12,0.0,20.230158,5.357997,2089
27161,r10i1p1f1,2089,05,13,0.28867441266907246,19.773458,5.5516844,2089
27162,r10i1p1f1,2089,05,14,7.716619780598864,13.810616,1.9379222,2089
27163,r10i1p1f1,2089,05,15,0.007255348136344477,16.026695,2.0738084,2089
27164,r10i1p1f1,2089,05,16,0.0,20.218378,4.119877,2089
27165,r10i1p1f1,2089,05,17,0.33063273012885475,18.695621,3.494322,2089
27166,r10i1p1f1,2089,05,18,0.0,25.817747,8.070169,2089
27167,r10i1p1f1,2089,05,19,0.0,27.786213,11.480141,2089
27168,r10i1p1f1,2089,05,20,0.0,27.710037,12.618024,2089
27169,r10i1p1f1,2089,05,21,0.0,27.10579,12.309893,2089
27170,r10i1p1f1,2089,05,22,0.26542159261865844,24.984413,10.16258,2089
27171,r10i1p1f1,2089,05,23,0.0,22.223923,6.6993527,2089
27172,r10i1p1f1,2089,05,24,15.885585908529864,19.9305,7.668939,2089
27173,r10i1p1f1,2089,05,25,0.3465498622781046,19.342806,4.792266,2089
27174,r10i1p1f1,2089,05,26,17.55928980239428,19.017729,3.2025185,2089
27175,r10i1p1f1,2089,05,27,3.7703390128674648,19.229856,6.984159,2089
27176,r10i1p1f1,2089,05,28,0.4442166521417484,23.316877,9.497326,2089
27177,r10i1p1f1,2089,05,29,0.0,30.265497,12.544971,2089
27178,r10i1p1f1,2089,05,30,0.0,32.56901,15.714508,2089
27179,r10i1p1f1,2089,05,31,0.0,32.436726,17.596497,2089
27180,r10i1p1f1,2089,06,01,0.0,29.19918,12.921894,2089
27181,r10i1p1f1,2089,06,02,0.0,26.003668,10.318326,2089
27182,r10i1p1f1,2089,06,03,0.0,26.30962,10.349825,2089
27183,r10i1p1f1,2089,06,04,0.0,26.84993,10.624994,2089
27184,r10i1p1f1,2089,06,05,0.0,26.30482,10.881592,2089
27185,r10i1p1f1,2089,06,06,0.0,24.89625,9.365512,2089
27186,r10i1p1f1,2089,06,07,0.0,23.85354,14.040826,2089
27187,r10i1p1f1,2089,06,08,0.0,28.084305,9.985413,2089
27188,r10i1p1f1,2089,06,09,0.0,31.85438,13.642773,2089
27189,r10i1p1f1,2089,06,10,0.0,33.814564,16.408682,2089
27190,r10i1p1f1,2089,06,11,0.0,33.1138,17.218979,2089
27191,r10i1p1f1,2089,06,12,0.0,27.343407,13.266652,2089
27192,r10i1p1f1,2089,06,13,0.0,27.478243,10.789691,2089
27193,r10i1p1f1,2089,06,14,0.0,29.868929,12.685415,2089
27194,r10i1p1f1,2089,06,15,0.0,31.485294,13.906982,2089
27195,r10i1p1f1,2089,06,16,0.0,34.9344,17.586185,2089
27196,r10i1p1f1,2089,06,17,0.0,33.634235,17.86853,2089
27197,r10i1p1f1,2089,06,18,0.0,30.023024,14.386503,2089
27198,r10i1p1f1,2089,06,19,0.0,28.670635,12.802613,2089
27199,r10i1p1f1,2089,06,20,0.0,26.425354,10.695744,2089
27200,r10i1p1f1,2089,06,21,0.0,22.05866,8.286098,2089
27201,r10i1p1f1,2089,06,22,0.0,29.275776,10.139251,2089
27202,r10i1p1f1,2089,06,23,0.0,36.987705,20.563742,2089
27203,r10i1p1f1,2089,06,24,0.0,38.62809,23.046377,2089
27204,r10i1p1f1,2089,06,25,0.0,37.186718,20.318134,2089
27205,r10i1p1f1,2089,06,26,0.0,34.912598,18.461626,2089
27206,r10i1p1f1,2089,06,27,0.0,34.48153,17.836115,2089
27207,r10i1p1f1,2089,06,28,0.0,36.384396,19.942184,2089
27208,r10i1p1f1,2089,06,29,0.0,37.69988,21.777744,2089
27209,r10i1p1f1,2089,06,30,0.0,37.58945,22.516352,2089
27210,r10i1p1f1,2089,07,01,0.0,36.078533,19.074865,2089
27211,r10i1p1f1,2089,07,02,0.0,33.767345,16.53756,2089
27212,r10i1p1f1,2089,07,03,0.0,34.42854,18.876432,2089
27213,r10i1p1f1,2089,07,04,0.0,34.90357,20.035856,2089
27214,r10i1p1f1,2089,07,05,0.0,36.56595,21.231707,2089
27215,r10i1p1f1,2089,07,06,0.0,35.01356,19.98161,2089
27216,r10i1p1f1,2089,07,07,0.0,36.245556,20.269268,2089
27217,r10i1p1f1,2089,07,08,0.016355764130007867,36.84039,20.210596,2089
27218,r10i1p1f1,2089,07,09,0.09312972988960896,36.93754,21.42711,2089
27219,r10i1p1f1,2089,07,10,0.4820449274312092,36.495304,20.206366,2089
27220,r10i1p1f1,2089,07,11,0.0,35.06202,19.99566,2089
27221,r10i1p1f1,2089,07,12,0.0,36.356766,19.102226,2089
27222,r10i1p1f1,2089,07,13,0.0,37.940582,21.226881,2089
27223,r10i1p1f1,2089,07,14,0.0,38.01033,20.75247,2089
27224,r10i1p1f1,2089,07,15,0.0,35.232815,19.235748,2089
27225,r10i1p1f1,2089,07,16,0.0,34.013966,17.980318,2089
27226,r10i1p1f1,2089,07,17,0.0,34.86896,18.17792,2089
27227,r10i1p1f1,2089,07,18,0.0,37.641987,20.635386,2089
27228,r10i1p1f1,2089,07,19,0.0,39.956707,21.944807,2089
27229,r10i1p1f1,2089,07,20,0.0,40.530735,24.053308,2089
27230,r10i1p1f1,2089,07,21,0.0,40.10271,23.388939,2089
27231,r10i1p1f1,2089,07,22,0.0,37.767414,22.194328,2089
27232,r10i1p1f1,2089,07,23,0.0,36.597366,21.201979,2089
27233,r10i1p1f1,2089,07,24,0.0,37.74771,20.525568,2089
27234,r10i1p1f1,2089,07,25,0.0,37.753548,20.11943,2089
27235,r10i1p1f1,2089,07,26,0.0,37.02145,21.793665,2089
27236,r10i1p1f1,2089,07,27,0.0,35.748016,21.783026,2089
27237,r10i1p1f1,2089,07,28,0.0,36.4706,21.055223,2089
27238,r10i1p1f1,2089,07,29,0.0,38.54556,21.096836,2089
27239,r10i1p1f1,2089,07,30,0.0,37.93927,21.178167,2089
27240,r10i1p1f1,2089,07,31,0.0,35.881424,19.100363,2089
27241,r10i1p1f1,2089,08,01,0.0,31.24901,14.948644,2089
27242,r10i1p1f1,2089,08,02,0.0,29.801552,13.557448,2089
27243,r10i1p1f1,2089,08,03,0.0,28.823387,11.981326,2089
27244,r10i1p1f1,2089,08,04,0.0,31.929543,14.029731,2089
27245,r10i1p1f1,2089,08,05,0.0,34.199425,16.115028,2089
27246,r10i1p1f1,2089,08,06,0.0,35.875053,17.622272,2089
27247,r10i1p1f1,2089,08,07,0.0,40.70275,21.65882,2089
27248,r10i1p1f1,2089,08,08,0.0,40.634605,22.1883,2089
27249,r10i1p1f1,2089,08,09,0.0,39.70678,22.050776,2089
27250,r10i1p1f1,2089,08,10,0.0,39.968494,23.20328,2089
27251,r10i1p1f1,2089,08,11,0.0,39.08239,22.557001,2089
27252,r10i1p1f1,2089,08,12,0.0,39.381,22.337082,2089
27253,r10i1p1f1,2089,08,13,0.0,40.62841,22.115465,2089
27254,r10i1p1f1,2089,08,14,0.0,39.54899,23.39895,2089
27255,r10i1p1f1,2089,08,15,0.0,37.210663,22.02421,2089
27256,r10i1p1f1,2089,08,16,0.0,33.725964,17.607746,2089
27257,r10i1p1f1,2089,08,17,0.0,33.101147,16.399517,2089
27258,r10i1p1f1,2089,08,18,0.0,35.308178,17.311281,2089
27259,r10i1p1f1,2089,08,19,0.0,36.644924,19.76142,2089
27260,r10i1p1f1,2089,08,20,0.0,36.545055,20.77771,2089
27261,r10i1p1f1,2089,08,21,0.0,34.93208,20.065672,2089
27262,r10i1p1f1,2089,08,22,0.0,32.685997,16.775867,2089
27263,r10i1p1f1,2089,08,23,0.0,33.897263,16.024767,2089
27264,r10i1p1f1,2089,08,24,0.0,36.652206,19.47751,2089
27265,r10i1p1f1,2089,08,25,0.0,37.7973,20.427265,2089
27266,r10i1p1f1,2089,08,26,0.0,37.228687,20.092411,2089
27267,r10i1p1f1,2089,08,27,0.0,36.29707,19.935976,2089
27268,r10i1p1f1,2089,08,28,0.0,32.278255,15.74593,2089
27269,r10i1p1f1,2089,08,29,0.0,32.598488,15.46566,2089
27270,r10i1p1f1,2089,08,30,0.0,31.88339,14.613675,2089
27271,r10i1p1f1,2089,08,31,0.0,31.3463,14.081578,2089
27272,r10i1p1f1,2089,09,01,0.0,29.399803,13.540556,2089
27273,r10i1p1f1,2089,09,02,0.0,29.880493,12.971814,2089
27274,r10i1p1f1,2089,09,03,0.0,32.361244,13.549368,2089
27275,r10i1p1f1,2089,09,04,0.0,34.15211,18.242067,2089
27276,r10i1p1f1,2089,09,05,0.0,35.29074,19.307308,2089
27277,r10i1p1f1,2089,09,06,0.0,33.4503,16.670568,2089
27278,r10i1p1f1,2089,09,07,0.0,32.3119,16.210962,2089
27279,r10i1p1f1,2089,09,08,0.0,35.849636,18.673685,2089
27280,r10i1p1f1,2089,09,09,0.0,38.21697,20.134779,2089
27281,r10i1p1f1,2089,09,10,0.0,38.457024,20.956825,2089
27282,r10i1p1f1,2089,09,11,0.0,38.1158,21.337505,2089
27283,r10i1p1f1,2089,09,12,0.0,36.900425,19.125973,2089
27284,r10i1p1f1,2089,09,13,0.0,35.392834,19.116692,2089
27285,r10i1p1f1,2089,09,14,0.0,38.785973,22.558344,2089
27286,r10i1p1f1,2089,09,15,0.0,41.038864,24.39058,2089
27287,r10i1p1f1,2089,09,16,0.26348397006682045,42.77866,25.273823,2089
27288,r10i1p1f1,2089,09,17,0.0,40.72063,25.799952,2089
27289,r10i1p1f1,2089,09,18,0.0,36.987743,22.44717,2089
27290,r10i1p1f1,2089,09,19,1.5495854102003872,30.123978,18.219307,2089
27291,r10i1p1f1,2089,09,20,10.00528566418277,29.950825,16.542133,2089
27292,r10i1p1f1,2089,09,21,0.014916680447640829,32.140022,18.397324,2089
27293,r10i1p1f1,2089,09,22,0.0,37.302456,21.32585,2089
27294,r10i1p1f1,2089,09,23,0.0,38.242386,20.978378,2089
27295,r10i1p1f1,2089,09,24,0.0,37.056934,21.88419,2089
27296,r10i1p1f1,2089,09,25,0.0,33.374794,21.25755,2089
27297,r10i1p1f1,2089,09,26,0.0,30.879282,17.289747,2089
27298,r10i1p1f1,2089,09,27,0.0,29.892033,12.46754,2089
27299,r10i1p1f1,2089,09,28,0.0,32.983036,17.460587,2089
27300,r10i1p1f1,2089,09,29,0.0,33.734318,17.493816,2089
27301,r10i1p1f1,2089,09,30,0.0,33.31208,16.669565,2089
27302,r10i1p1f1,2089,10,01,0.0,30.570673,13.236144,2089
27303,r10i1p1f1,2089,10,02,0.0,27.695078,11.10752,2089
27304,r10i1p1f1,2089,10,03,0.0,26.922129,11.471445,2089
27305,r10i1p1f1,2089,10,04,0.0,24.219196,11.127633,2089
27306,r10i1p1f1,2089,10,05,0.0,24.237095,10.537584,2089
27307,r10i1p1f1,2089,10,06,0.0,25.185541,10.628457,2089
27308,r10i1p1f1,2089,10,07,0.0,24.183989,9.75672,2089
27309,r10i1p1f1,2089,10,08,0.0,22.419367,8.4036045,2089
27310,r10i1p1f1,2089,10,09,0.0,27.355568,10.85326,2089
27311,r10i1p1f1,2089,10,10,0.0,28.452702,12.156644,2089
27312,r10i1p1f1,2089,10,11,0.0,27.516605,11.157906,2089
27313,r10i1p1f1,2089,10,12,0.0,24.809847,8.677216,2089
27314,r10i1p1f1,2089,10,13,0.0,27.22728,9.725273,2089
27315,r10i1p1f1,2089,10,14,0.0,26.262903,13.1974,2089
27316,r10i1p1f1,2089,10,15,0.0,25.20323,11.817813,2089
27317,r10i1p1f1,2089,10,16,0.0,26.759277,11.333367,2089
27318,r10i1p1f1,2089,10,17,0.0,25.130388,12.434303,2089
27319,r10i1p1f1,2089,10,18,0.0,24.403002,11.431994,2089
27320,r10i1p1f1,2089,10,19,0.017622344833063453,22.532253,10.488959,2089
27321,r10i1p1f1,2089,10,20,0.0,23.12023,7.2815385,2089
27322,r10i1p1f1,2089,10,21,0.0,27.896227,10.311504,2089
27323,r10i1p1f1,2089,10,22,0.0,28.717243,13.202125,2089
27324,r10i1p1f1,2089,10,23,0.0,28.012804,15.344068,2089
27325,r10i1p1f1,2089,10,24,0.0,24.956373,12.115801,2089
27326,r10i1p1f1,2089,10,25,0.0,23.27262,10.158161,2089
27327,r10i1p1f1,2089,10,26,0.0,24.4632,12.4221115,2089
27328,r10i1p1f1,2089,10,27,31.2171315645652,22.151669,10.3749485,2089
27329,r10i1p1f1,2089,10,28,0.43178994228104495,21.34233,8.551522,2089
27330,r10i1p1f1,2089,10,29,0.0,23.905376,7.7115397,2089
27331,r10i1p1f1,2089,10,30,0.2525538232439909,23.372187,11.022892,2089
27332,r10i1p1f1,2089,10,31,0.0,20.149908,8.53791,2089
27333,r10i1p1f1,2089,11,01,0.0,19.587713,7.1316586,2089
27334,r10i1p1f1,2089,11,02,0.0,21.904787,8.463319,2089
27335,r10i1p1f1,2089,11,03,0.0,24.565245,12.076635,2089
27336,r10i1p1f1,2089,11,04,0.0,26.75383,9.420715,2089
27337,r10i1p1f1,2089,11,05,0.0,28.053593,10.192914,2089
27338,r10i1p1f1,2089,11,06,0.0,27.282719,12.980719,2089
27339,r10i1p1f1,2089,11,07,0.0,26.881243,12.58539,2089
27340,r10i1p1f1,2089,11,08,0.0,25.66724,11.727582,2089
27341,r10i1p1f1,2089,11,09,0.0,27.425236,13.76809,2089
27342,r10i1p1f1,2089,11,10,0.0,28.439255,14.109131,2089
27343,r10i1p1f1,2089,11,11,0.0,28.247452,13.453978,2089
27344,r10i1p1f1,2089,11,12,5.6847107965567325,32.45893,13.710306,2089
27345,r10i1p1f1,2089,11,13,2.73097996230861,13.242535,5.409447,2089
27346,r10i1p1f1,2089,11,14,4.132072110453584,12.451709,1.8187872,2089
27347,r10i1p1f1,2089,11,15,0.4535125770608398,14.735983,1.7055799,2089
27348,r10i1p1f1,2089,11,16,0.0,15.654562,2.237684,2089
27349,r10i1p1f1,2089,11,17,0.0,14.745604,2.2312398,2089
27350,r10i1p1f1,2089,11,18,0.0,17.472301,4.956494,2089
27351,r10i1p1f1,2089,11,19,0.0,17.962124,3.649978,2089
27352,r10i1p1f1,2089,11,20,0.0,16.467056,5.077194,2089
27353,r10i1p1f1,2089,11,21,21.869509436012443,13.975292,8.827502,2089
27354,r10i1p1f1,2089,11,22,0.21303505483573595,14.353408,3.127961,2089
27355,r10i1p1f1,2089,11,23,6.226493615012211,13.617821,7.506837,2089
27356,r10i1p1f1,2089,11,24,0.051119500743592845,13.774081,2.9211168,2089
27357,r10i1p1f1,2089,11,25,0.0,14.847466,1.9307891,2089
27358,r10i1p1f1,2089,11,26,0.0,13.317096,1.7024566,2089
27359,r10i1p1f1,2089,11,27,0.2590322091189017,14.622806,6.173346,2089
27360,r10i1p1f1,2089,11,28,0.0,18.546465,8.503929,2089
27361,r10i1p1f1,2089,11,29,0.0,17.162735,7.752142,2089
27362,r10i1p1f1,2089,11,30,4.8188785680395085,16.606112,4.6117353,2089
27363,r10i1p1f1,2089,12,01,0.0,15.765249,6.755045,2089
27364,r10i1p1f1,2089,12,02,0.0,16.48597,7.084848,2089
27365,r10i1p1f1,2089,12,03,0.0,18.842894,7.2579145,2089
27366,r10i1p1f1,2089,12,04,0.0,18.883692,9.384544,2089
27367,r10i1p1f1,2089,12,05,0.0,21.354668,9.773303,2089
27368,r10i1p1f1,2089,12,06,0.0,19.785797,8.539387,2089
27369,r10i1p1f1,2089,12,07,2.6954788622070307,19.345997,9.7729435,2089
27370,r10i1p1f1,2089,12,08,0.12391600099171658,14.373587,9.352084,2089
27371,r10i1p1f1,2089,12,09,0.0,15.024435,4.4991198,2089
27372,r10i1p1f1,2089,12,10,5.431589725699986,12.258574,5.5275497,2089
27373,r10i1p1f1,2089,12,11,39.1674143286716,10.650292,5.7405176,2089
27374,r10i1p1f1,2089,12,12,91.82905777921214,11.550112,4.992625,2089
27375,r10i1p1f1,2089,12,13,6.054799267746459,8.387014,2.9661505,2089
27376,r10i1p1f1,2089,12,14,0.0,8.685779,0.6870059,2089
27377,r10i1p1f1,2089,12,15,0.0,11.047976,2.5240529,2089
27378,r10i1p1f1,2089,12,16,0.0,14.566683,4.868463,2089
27379,r10i1p1f1,2089,12,17,0.0,16.243586,6.517643,2089
27380,r10i1p1f1,2089,12,18,0.0,19.18907,7.522906,2089
27381,r10i1p1f1,2089,12,19,0.0,17.319248,9.30177,2089
27382,r10i1p1f1,2089,12,20,0.0,14.231246,6.829813,2089
27383,r10i1p1f1,2089,12,21,0.0,13.781695,3.7867103,2089
27384,r10i1p1f1,2089,12,22,0.0,13.451226,4.147637,2089
27385,r10i1p1f1,2089,12,23,2.614620996447277,12.188758,6.4663897,2089
27386,r10i1p1f1,2089,12,24,0.0,12.568829,2.0887406,2089
27387,r10i1p1f1,2089,12,25,10.98521602566746,10.780271,6.4762254,2089
27388,r10i1p1f1,2089,12,26,0.0,14.850507,3.5917969,2089
27389,r10i1p1f1,2089,12,27,10.990455800109837,12.557748,4.2515783,2089
27390,r10i1p1f1,2089,12,28,0.0,13.476556,3.5019677,2089
27391,r10i1p1f1,2089,12,29,0.0,15.655037,4.13302,2089
27392,r10i1p1f1,2089,12,30,45.82747621339207,12.890989,3.520563,2089
27393,r10i1p1f1,2089,12,31,1.2620979186402492,12.494447,4.1239862,2089
27394,r10i1p1f1,2090,01,01,17.724164571202557,10.282862,3.6704452,2090
27395,r10i1p1f1,2090,01,02,3.500472340221294,11.216166,2.381231,2090
27396,r10i1p1f1,2090,01,03,19.843859802992817,10.654718,3.868967,2090
27397,r10i1p1f1,2090,01,04,39.319125747639,12.704346,2.778492,2090
27398,r10i1p1f1,2090,01,05,11.306096752186454,6.538337,0.5809348,2090
27399,r10i1p1f1,2090,01,06,24.280907065717894,8.276037,0.75997543,2090
27400,r10i1p1f1,2090,01,07,12.773874441489554,8.703828,3.7805715,2090
27401,r10i1p1f1,2090,01,08,22.0593747874342,10.578566,2.1804504,2090
27402,r10i1p1f1,2090,01,09,5.865109983853089,12.989348,7.618469,2090
27403,r10i1p1f1,2090,01,10,52.005118852187145,14.125969,8.3572035,2090
27404,r10i1p1f1,2090,01,11,17.682843434273597,13.642342,4.023868,2090
27405,r10i1p1f1,2090,01,12,21.489727213415073,9.074573,2.844423,2090
27406,r10i1p1f1,2090,01,13,22.034008569071855,9.142894,5.317412,2090
27407,r10i1p1f1,2090,01,14,33.89749967640168,11.926331,3.3088508,2090
27408,r10i1p1f1,2090,01,15,16.238444361461962,8.947667,3.9572341,2090
27409,r10i1p1f1,2090,01,16,2.0133908247292935,9.357438,3.785719,2090
27410,r10i1p1f1,2090,01,17,19.176022894374142,9.674379,3.4647996,2090
27411,r10i1p1f1,2090,01,18,14.95047153745729,8.630367,3.9782627,2090
27412,r10i1p1f1,2090,01,19,1.4508043139262314,8.99817,0.033050537,2090
27413,r10i1p1f1,2090,01,20,0.0,10.595108,-0.029002741,2090
27414,r10i1p1f1,2090,01,21,0.0,10.457409,-0.23559149,2090
27415,r10i1p1f1,2090,01,22,0.5480804666675747,10.058439,-0.7424824,2090
27416,r10i1p1f1,2090,01,23,0.0,11.790573,2.5803483,2090
27417,r10i1p1f1,2090,01,24,1.402751069704927,9.100421,0.69994295,2090
27418,r10i1p1f1,2090,01,25,8.621734582237352,10.41394,2.6992948,2090
27419,r10i1p1f1,2090,01,26,0.08028550670898862,13.711088,5.9417596,2090
27420,r10i1p1f1,2090,01,27,0.0,16.838884,4.770911,2090
27421,r10i1p1f1,2090,01,28,0.0,18.03105,6.2650166,2090
27422,r10i1p1f1,2090,01,29,0.0,20.782104,6.7388773,2090
27423,r10i1p1f1,2090,01,30,0.0,22.880892,9.345609,2090
27424,r10i1p1f1,2090,01,31,0.0,22.977995,10.154442,2090
27425,r10i1p1f1,2090,02,01,0.0,21.66959,10.226469,2090
27426,r10i1p1f1,2090,02,02,0.07538621752916554,19.708115,8.94342,2090
27427,r10i1p1f1,2090,02,03,23.934361817450018,14.932568,6.061882,2090
27428,r10i1p1f1,2090,02,04,0.0,12.789764,3.2000666,2090
27429,r10i1p1f1,2090,02,05,1.159680165227129,12.801076,5.2728486,2090
27430,r10i1p1f1,2090,02,06,0.0,15.913595,3.7200406,2090
27431,r10i1p1f1,2090,02,07,0.0,17.18868,4.5947223,2090
27432,r10i1p1f1,2090,02,08,0.0,17.342718,4.267281,2090
27433,r10i1p1f1,2090,02,09,0.0,16.23892,6.3828945,2090
27434,r10i1p1f1,2090,02,10,11.873212269060069,10.019033,4.568113,2090
27435,r10i1p1f1,2090,02,11,0.0,12.914976,1.855843,2090
27436,r10i1p1f1,2090,02,12,3.1853501679710177,11.115857,3.3951833,2090
27437,r10i1p1f1,2090,02,13,11.854305525431348,10.557846,4.046746,2090
27438,r10i1p1f1,2090,02,14,8.047914888601028,9.656461,2.7425086,2090
27439,r10i1p1f1,2090,02,15,0.9705212049419444,12.022371,3.388547,2090
27440,r10i1p1f1,2090,02,16,0.0,14.286454,0.337207,2090
27441,r10i1p1f1,2090,02,17,0.0,11.943522,2.5917869,2090
27442,r10i1p1f1,2090,02,18,0.0,11.329763,0.7279258,2090
27443,r10i1p1f1,2090,02,19,5.842272723107032,9.55775,-1.3299147,2090
27444,r10i1p1f1,2090,02,20,1.1098177872814798,10.681054,-0.32981792,2090
27445,r10i1p1f1,2090,02,21,0.0,11.1230955,-0.9444464,2090
27446,r10i1p1f1,2090,02,22,0.0,14.304864,1.8480248,2090
27447,r10i1p1f1,2090,02,23,0.0,19.087595,4.6696143,2090
27448,r10i1p1f1,2090,02,24,0.0,18.379236,6.619559,2090
27449,r10i1p1f1,2090,02,25,0.0,20.713495,7.2819486,2090
27450,r10i1p1f1,2090,02,26,0.0,22.97469,8.325787,2090
27451,r10i1p1f1,2090,02,27,0.0,22.302067,9.255986,2090
27452,r10i1p1f1,2090,02,28,0.0,20.998884,8.505842,2090
27453,r10i1p1f1,2090,03,01,0.0,23.49082,7.7402143,2090
27454,r10i1p1f1,2090,03,02,0.0,25.4365,7.1810207,2090
27455,r10i1p1f1,2090,03,03,0.0,26.045126,8.871077,2090
27456,r10i1p1f1,2090,03,04,0.0,26.971037,10.834316,2090
27457,r10i1p1f1,2090,03,05,0.0,28.253366,11.140238,2090
27458,r10i1p1f1,2090,03,06,0.0,26.765875,11.519177,2090
27459,r10i1p1f1,2090,03,07,3.9033611536488504,18.676464,5.0555186,2090
27460,r10i1p1f1,2090,03,08,24.452248429052386,8.875425,4.3898587,2090
27461,r10i1p1f1,2090,03,09,5.153595861965617,10.1023855,2.2359924,2090
27462,r10i1p1f1,2090,03,10,1.8618820035905963,10.538459,2.544737,2090
27463,r10i1p1f1,2090,03,11,10.574306361970804,11.847349,5.1977882,2090
27464,r10i1p1f1,2090,03,12,0.0,18.183577,4.119805,2090
27465,r10i1p1f1,2090,03,13,0.0,16.961027,6.254911,2090
27466,r10i1p1f1,2090,03,14,29.39272793745132,16.51239,7.477065,2090
27467,r10i1p1f1,2090,03,15,0.1414330921737641,15.43739,3.0813808,2090
27468,r10i1p1f1,2090,03,16,0.0,17.656622,3.1415792,2090
27469,r10i1p1f1,2090,03,17,0.0,20.161417,4.4842367,2090
27470,r10i1p1f1,2090,03,18,0.0,24.202143,6.0468445,2090
27471,r10i1p1f1,2090,03,19,0.0,25.162785,8.6529045,2090
27472,r10i1p1f1,2090,03,20,0.0,26.698658,9.762503,2090
27473,r10i1p1f1,2090,03,21,0.0,28.676626,11.648941,2090
27474,r10i1p1f1,2090,03,22,0.0,29.455164,14.170837,2090
27475,r10i1p1f1,2090,03,23,0.0,29.658485,13.186302,2090
27476,r10i1p1f1,2090,03,24,0.0,27.344435,11.526101,2090
27477,r10i1p1f1,2090,03,25,0.0,23.203638,9.439254,2090
27478,r10i1p1f1,2090,03,26,0.0,20.185942,5.9894557,2090
27479,r10i1p1f1,2090,03,27,0.0,20.265812,4.5458183,2090
27480,r10i1p1f1,2090,03,28,0.0,16.56001,2.4238312,2090
27481,r10i1p1f1,2090,03,29,0.0,18.592903,4.6296678,2090
27482,r10i1p1f1,2090,03,30,0.0,22.582584,5.2608805,2090
27483,r10i1p1f1,2090,03,31,0.0,25.33973,7.0325866,2090
27484,r10i1p1f1,2090,04,01,0.0,24.675001,9.567792,2090
27485,r10i1p1f1,2090,04,02,4.64913338703474,12.505196,-0.58472705,2090
27486,r10i1p1f1,2090,04,03,0.0,15.556064,-1.2534547,2090
27487,r10i1p1f1,2090,04,04,0.0,17.00841,0.28131285,2090
27488,r10i1p1f1,2090,04,05,0.0,16.615755,1.9859581,2090
27489,r10i1p1f1,2090,04,06,0.0,20.437445,3.4433029,2090
27490,r10i1p1f1,2090,04,07,0.0,18.858397,4.6290016,2090
27491,r10i1p1f1,2090,04,08,0.2084033135624371,12.59117,1.029055,2090
27492,r10i1p1f1,2090,04,09,0.0,17.170343,3.6234071,2090
27493,r10i1p1f1,2090,04,10,0.0,20.827215,4.183763,2090
27494,r10i1p1f1,2090,04,11,16.61192678147927,17.524939,3.4715207,2090
27495,r10i1p1f1,2090,04,12,13.54505195907366,9.14638,0.9061426,2090
27496,r10i1p1f1,2090,04,13,0.9122144556218509,10.311115,1.1336353,2090
27497,r10i1p1f1,2090,04,14,0.25390292270889114,11.251597,0.3245948,2090
27498,r10i1p1f1,2090,04,15,24.069345284768037,9.168182,3.4675732,2090
27499,r10i1p1f1,2090,04,16,1.9593341139625409,13.777194,2.6022193,2090
27500,r10i1p1f1,2090,04,17,0.0,18.975256,2.3389733,2090
27501,r10i1p1f1,2090,04,18,0.0,19.239586,5.0040193,2090
27502,r10i1p1f1,2090,04,19,0.0,19.037237,7.1286235,2090
27503,r10i1p1f1,2090,04,20,0.0,21.664324,5.9658294,2090
27504,r10i1p1f1,2090,04,21,1.2204738961085433,19.19774,4.6800065,2090
27505,r10i1p1f1,2090,04,22,0.6932996830288941,12.57277,0.9994661,2090
27506,r10i1p1f1,2090,04,23,0.0,19.159218,3.9208117,2090
27507,r10i1p1f1,2090,04,24,0.0,22.47098,7.5549836,2090
27508,r10i1p1f1,2090,04,25,0.7502986129925135,19.089163,6.5985084,2090
27509,r10i1p1f1,2090,04,26,3.7059591041868676,22.641455,7.0501356,2090
27510,r10i1p1f1,2090,04,27,0.8580947329846822,21.074734,7.047882,2090
27511,r10i1p1f1,2090,04,28,0.06439793563147664,22.849468,9.139142,2090
27512,r10i1p1f1,2090,04,29,0.0,23.037348,9.16727,2090
27513,r10i1p1f1,2090,04,30,0.706236877158517,21.097328,7.251656,2090
27514,r10i1p1f1,2090,05,01,0.9241456141281608,19.221668,7.0662627,2090
27515,r10i1p1f1,2090,05,02,0.0,19.3759,6.5645695,2090
27516,r10i1p1f1,2090,05,03,11.069065705094928,17.756327,4.1716957,2090
27517,r10i1p1f1,2090,05,04,1.7190404605619398,14.786062,2.572181,2090
27518,r10i1p1f1,2090,05,05,0.0,20.302794,5.7742276,2090
27519,r10i1p1f1,2090,05,06,0.0,20.976889,5.502306,2090
27520,r10i1p1f1,2090,05,07,3.32267702759198,18.012903,4.1102214,2090
27521,r10i1p1f1,2090,05,08,14.191343075646344,10.215485,0.47228503,2090
27522,r10i1p1f1,2090,05,09,0.0,14.677638,0.40076667,2090
27523,r10i1p1f1,2090,05,10,0.0,20.60642,3.4821074,2090
27524,r10i1p1f1,2090,05,11,0.0,22.23462,5.6748376,2090
27525,r10i1p1f1,2090,05,12,0.0,22.61987,8.578152,2090
27526,r10i1p1f1,2090,05,13,0.0,28.327402,10.2511635,2090
27527,r10i1p1f1,2090,05,14,0.0,34.35188,15.893376,2090
27528,r10i1p1f1,2090,05,15,0.0,35.72267,19.141676,2090
27529,r10i1p1f1,2090,05,16,0.0,34.335827,18.68896,2090
27530,r10i1p1f1,2090,05,17,0.0,29.154654,13.443646,2090
27531,r10i1p1f1,2090,05,18,0.0,27.687876,12.362749,2090
27532,r10i1p1f1,2090,05,19,0.0,29.162893,12.133075,2090
27533,r10i1p1f1,2090,05,20,0.0,34.68431,17.04373,2090
27534,r10i1p1f1,2090,05,21,0.0,33.438778,16.895477,2090
27535,r10i1p1f1,2090,05,22,0.0,31.648746,15.208135,2090
27536,r10i1p1f1,2090,05,23,0.0,29.990347,13.702156,2090
27537,r10i1p1f1,2090,05,24,0.0,27.325537,11.062533,2090
27538,r10i1p1f1,2090,05,25,0.0,28.981901,11.909529,2090
27539,r10i1p1f1,2090,05,26,0.0,31.104708,15.291939,2090
27540,r10i1p1f1,2090,05,27,0.0,30.793322,15.04803,2090
27541,r10i1p1f1,2090,05,28,0.0,30.317022,14.854985,2090
27542,r10i1p1f1,2090,05,29,0.0,32.32901,16.282017,2090
27543,r10i1p1f1,2090,05,30,0.0,33.07845,18.16003,2090
27544,r10i1p1f1,2090,05,31,0.0,35.968998,17.946096,2090
27545,r10i1p1f1,2090,06,01,1.2268193864853951,30.468262,15.164013,2090
27546,r10i1p1f1,2090,06,02,1.3843531356015821,24.270452,9.572191,2090
27547,r10i1p1f1,2090,06,03,0.006441305743608514,30.834345,17.839859,2090
27548,r10i1p1f1,2090,06,04,0.38037731136754654,24.61906,10.602369,2090
27549,r10i1p1f1,2090,06,05,0.6386032899555223,26.215235,11.957146,2090
27550,r10i1p1f1,2090,06,06,0.0,26.257837,13.7762165,2090
27551,r10i1p1f1,2090,06,07,0.0,29.427269,16.669315,2090
27552,r10i1p1f1,2090,06,08,0.0,30.371778,14.2307415,2090
27553,r10i1p1f1,2090,06,09,0.0,31.81574,15.392085,2090
27554,r10i1p1f1,2090,06,10,0.0,31.199097,15.185417,2090
27555,r10i1p1f1,2090,06,11,0.13977786983511914,27.895039,13.0321455,2090
27556,r10i1p1f1,2090,06,12,0.22952380999126226,26.235664,13.187269,2090
27557,r10i1p1f1,2090,06,13,0.17777629256766217,22.402044,13.457837,2090
27558,r10i1p1f1,2090,06,14,0.0,31.84466,14.263232,2090
27559,r10i1p1f1,2090,06,15,0.0,36.94543,19.595697,2090
27560,r10i1p1f1,2090,06,16,0.0,33.74743,19.068624,2090
27561,r10i1p1f1,2090,06,17,0.0,35.41471,22.696636,2090
27562,r10i1p1f1,2090,06,18,0.0,34.5331,19.830046,2090
27563,r10i1p1f1,2090,06,19,0.0,37.048832,20.880917,2090
27564,r10i1p1f1,2090,06,20,0.0,36.349625,20.19679,2090
27565,r10i1p1f1,2090,06,21,0.0,36.45209,20.174236,2090
27566,r10i1p1f1,2090,06,22,0.0,37.15723,20.919752,2090
27567,r10i1p1f1,2090,06,23,0.032022341436363365,35.279327,20.405878,2090
27568,r10i1p1f1,2090,06,24,0.0,33.67769,18.467598,2090
27569,r10i1p1f1,2090,06,25,0.0,34.376415,16.542921,2090
27570,r10i1p1f1,2090,06,26,0.0,34.829163,18.050217,2090
27571,r10i1p1f1,2090,06,27,0.0,34.56366,18.734432,2090
27572,r10i1p1f1,2090,06,28,0.0,33.396103,18.010885,2090
27573,r10i1p1f1,2090,06,29,0.0,29.106108,14.771045,2090
27574,r10i1p1f1,2090,06,30,0.04235125901040623,28.172424,14.538145,2090
27575,r10i1p1f1,2090,07,01,0.032247008838519255,28.167456,14.681054,2090
27576,r10i1p1f1,2090,07,02,0.0,28.740831,13.08503,2090
27577,r10i1p1f1,2090,07,03,0.0,29.026648,13.150632,2090
27578,r10i1p1f1,2090,07,04,0.0,35.290146,17.835157,2090
27579,r10i1p1f1,2090,07,05,0.0,35.636616,21.07487,2090
27580,r10i1p1f1,2090,07,06,0.0,35.279953,18.832674,2090
27581,r10i1p1f1,2090,07,07,0.0,36.962738,21.16408,2090
27582,r10i1p1f1,2090,07,08,0.0,38.87616,22.826817,2090
27583,r10i1p1f1,2090,07,09,0.0,39.381542,23.656448,2090
27584,r10i1p1f1,2090,07,10,0.06385733286151662,39.504166,23.580622,2090
27585,r10i1p1f1,2090,07,11,0.0,36.1869,21.64453,2090
27586,r10i1p1f1,2090,07,12,0.0,36.103798,19.881119,2090
27587,r10i1p1f1,2090,07,13,0.0,38.04253,20.98303,2090
27588,r10i1p1f1,2090,07,14,0.0,37.55047,22.881907,2090
27589,r10i1p1f1,2090,07,15,0.0,38.4369,22.113667,2090
27590,r10i1p1f1,2090,07,16,0.0,34.557945,19.34429,2090
27591,r10i1p1f1,2090,07,17,0.0,32.339245,16.665228,2090
27592,r10i1p1f1,2090,07,18,0.0,33.717827,17.283136,2090
27593,r10i1p1f1,2090,07,19,0.0,36.722084,17.680885,2090
27594,r10i1p1f1,2090,07,20,0.0,36.137245,17.900099,2090
27595,r10i1p1f1,2090,07,21,0.0,38.104736,18.955643,2090
27596,r10i1p1f1,2090,07,22,0.0,39.109955,20.176855,2090
27597,r10i1p1f1,2090,07,23,0.0,39.14714,20.386656,2090
27598,r10i1p1f1,2090,07,24,0.0,40.11966,20.968582,2090
27599,r10i1p1f1,2090,07,25,0.0,40.765545,23.290014,2090
27600,r10i1p1f1,2090,07,26,0.0,40.004845,23.271297,2090
27601,r10i1p1f1,2090,07,27,0.0,39.156456,23.5972,2090
27602,r10i1p1f1,2090,07,28,0.05786603877296377,38.652775,21.820997,2090
27603,r10i1p1f1,2090,07,29,0.0,39.97761,22.32986,2090
27604,r10i1p1f1,2090,07,30,0.0,39.852123,22.957422,2090
27605,r10i1p1f1,2090,07,31,0.0,39.750423,23.031364,2090
27606,r10i1p1f1,2090,08,01,0.0,39.105392,19.162691,2090
27607,r10i1p1f1,2090,08,02,0.0,37.921967,19.674921,2090
27608,r10i1p1f1,2090,08,03,0.0,36.468864,20.053967,2090
27609,r10i1p1f1,2090,08,04,0.0,35.722828,18.557615,2090
27610,r10i1p1f1,2090,08,05,0.0,36.991634,18.968185,2090
27611,r10i1p1f1,2090,08,06,0.0,40.486988,21.980694,2090
27612,r10i1p1f1,2090,08,07,0.0,39.023243,21.568775,2090
27613,r10i1p1f1,2090,08,08,0.0,37.34568,19.921331,2090
27614,r10i1p1f1,2090,08,09,0.0,38.98658,20.662342,2090
27615,r10i1p1f1,2090,08,10,0.0,39.236584,22.323717,2090
27616,r10i1p1f1,2090,08,11,0.0,38.730682,21.396446,2090
27617,r10i1p1f1,2090,08,12,0.0,37.892662,22.236565,2090
27618,r10i1p1f1,2090,08,13,0.0,41.041348,25.869318,2090
27619,r10i1p1f1,2090,08,14,0.0,39.85495,25.880075,2090
27620,r10i1p1f1,2090,08,15,0.0,34.716656,24.312767,2090
27621,r10i1p1f1,2090,08,16,0.0,33.847454,17.911036,2090
27622,r10i1p1f1,2090,08,17,0.0,34.157578,17.850906,2090
27623,r10i1p1f1,2090,08,18,0.0,33.327656,17.045973,2090
27624,r10i1p1f1,2090,08,19,0.0,31.99856,16.014908,2090
27625,r10i1p1f1,2090,08,20,0.0,31.78324,16.742592,2090
27626,r10i1p1f1,2090,08,21,0.0,30.529123,14.822787,2090
27627,r10i1p1f1,2090,08,22,0.0,29.867432,14.430164,2090
27628,r10i1p1f1,2090,08,23,0.0,28.885427,13.199634,2090
27629,r10i1p1f1,2090,08,24,0.0,28.31834,12.40355,2090
27630,r10i1p1f1,2090,08,25,0.0,27.500498,11.941582,2090
27631,r10i1p1f1,2090,08,26,0.0,31.195126,12.565688,2090
27632,r10i1p1f1,2090,08,27,0.0,36.008556,16.496384,2090
27633,r10i1p1f1,2090,08,28,0.0,36.499302,18.135418,2090
27634,r10i1p1f1,2090,08,29,0.0,37.216194,18.94316,2090
27635,r10i1p1f1,2090,08,30,0.0,36.578896,20.43866,2090
27636,r10i1p1f1,2090,08,31,0.0,37.89945,21.131916,2090
27637,r10i1p1f1,2090,09,01,0.0,37.30493,20.840769,2090
27638,r10i1p1f1,2090,09,02,0.0,32.510296,18.850658,2090
27639,r10i1p1f1,2090,09,03,0.0,31.613014,14.784297,2090
27640,r10i1p1f1,2090,09,04,0.0,29.948881,12.291697,2090
27641,r10i1p1f1,2090,09,05,0.0,34.287952,16.137249,2090
27642,r10i1p1f1,2090,09,06,0.0,36.42261,18.476028,2090
27643,r10i1p1f1,2090,09,07,0.0,36.511234,19.360172,2090
27644,r10i1p1f1,2090,09,08,0.0,35.36903,20.847172,2090
27645,r10i1p1f1,2090,09,09,0.0,37.114708,20.009142,2090
27646,r10i1p1f1,2090,09,10,0.0,39.808613,21.918253,2090
27647,r10i1p1f1,2090,09,11,0.0,40.127605,23.823238,2090
27648,r10i1p1f1,2090,09,12,0.0,40.181183,23.259912,2090
27649,r10i1p1f1,2090,09,13,0.0,40.414288,25.469032,2090
27650,r10i1p1f1,2090,09,14,0.0,37.09506,23.267767,2090
27651,r10i1p1f1,2090,09,15,0.0,33.790882,19.56337,2090
27652,r10i1p1f1,2090,09,16,0.0,33.976658,18.16976,2090
27653,r10i1p1f1,2090,09,17,0.0,35.755604,20.836254,2090
27654,r10i1p1f1,2090,09,18,0.0,36.740128,20.580185,2090
27655,r10i1p1f1,2090,09,19,0.0,37.45596,21.779636,2090
27656,r10i1p1f1,2090,09,20,0.0,36.51953,20.878113,2090
27657,r10i1p1f1,2090,09,21,0.0,36.09775,20.363129,2090
27658,r10i1p1f1,2090,09,22,0.0,37.10405,20.64806,2090
27659,r10i1p1f1,2090,09,23,0.0,36.38025,19.5876,2090
27660,r10i1p1f1,2090,09,24,0.0,34.663227,20.805521,2090
27661,r10i1p1f1,2090,09,25,0.0,32.195824,18.274822,2090
27662,r10i1p1f1,2090,09,26,0.0,27.2384,8.881045,2090
27663,r10i1p1f1,2090,09,27,0.0,27.866552,10.641762,2090
27664,r10i1p1f1,2090,09,28,0.0,27.30366,11.333438,2090
27665,r10i1p1f1,2090,09,29,0.0,25.919685,11.390058,2090
27666,r10i1p1f1,2090,09,30,0.0,31.58483,13.084076,2090
27667,r10i1p1f1,2090,10,01,0.0,35.7637,17.533138,2090
27668,r10i1p1f1,2090,10,02,0.0,37.916954,20.023508,2090
27669,r10i1p1f1,2090,10,03,0.0,39.16802,21.551783,2090
27670,r10i1p1f1,2090,10,04,0.0,38.64141,22.38346,2090
27671,r10i1p1f1,2090,10,05,0.0,38.317627,22.287615,2090
27672,r10i1p1f1,2090,10,06,0.0,31.761051,16.796644,2090
27673,r10i1p1f1,2090,10,07,0.0,34.964603,20.724777,2090
27674,r10i1p1f1,2090,10,08,0.0,39.257904,22.783106,2090
27675,r10i1p1f1,2090,10,09,0.0,38.038807,21.99734,2090
27676,r10i1p1f1,2090,10,10,0.0,34.834625,19.236982,2090
27677,r10i1p1f1,2090,10,11,0.0,30.401781,16.848034,2090
27678,r10i1p1f1,2090,10,12,0.0,25.79514,11.537067,2090
27679,r10i1p1f1,2090,10,13,0.0,21.539524,8.646125,2090
27680,r10i1p1f1,2090,10,14,0.0,23.295532,8.484355,2090
27681,r10i1p1f1,2090,10,15,0.0,27.157526,13.217679,2090
27682,r10i1p1f1,2090,10,16,0.0,27.122583,14.548471,2090
27683,r10i1p1f1,2090,10,17,0.0,26.759506,14.31555,2090
27684,r10i1p1f1,2090,10,18,0.0,26.06203,13.808782,2090
27685,r10i1p1f1,2090,10,19,0.4912697878688433,26.800333,14.6363735,2090
27686,r10i1p1f1,2090,10,20,8.638620804260043,27.815434,15.327165,2090
27687,r10i1p1f1,2090,10,21,16.665104342744023,19.111944,11.832741,2090
27688,r10i1p1f1,2090,10,22,1.5070043481165685,19.351404,9.92502,2090
27689,r10i1p1f1,2090,10,23,0.831749927448599,22.904106,9.688062,2090
27690,r10i1p1f1,2090,10,24,0.0,25.924559,8.822581,2090
27691,r10i1p1f1,2090,10,25,0.0,27.419857,11.487791,2090
27692,r10i1p1f1,2090,10,26,0.0,28.392752,15.09163,2090
27693,r10i1p1f1,2090,10,27,0.0,27.611963,13.076664,2090
27694,r10i1p1f1,2090,10,28,0.0,27.620275,10.869809,2090
27695,r10i1p1f1,2090,10,29,0.0,23.280918,11.014377,2090
27696,r10i1p1f1,2090,10,30,0.0,23.853949,10.816742,2090
27697,r10i1p1f1,2090,10,31,0.0,27.814482,11.407265,2090
27698,r10i1p1f1,2090,11,01,0.0,29.695032,13.979118,2090
27699,r10i1p1f1,2090,11,02,0.0,27.780771,13.748712,2090
27700,r10i1p1f1,2090,11,03,0.0,24.981607,12.955809,2090
27701,r10i1p1f1,2090,11,04,0.0,21.374598,8.335686,2090
27702,r10i1p1f1,2090,11,05,0.0,22.012314,8.534749,2090
27703,r10i1p1f1,2090,11,06,0.0,19.498825,5.5002756,2090
27704,r10i1p1f1,2090,11,07,0.2595662556000446,18.89687,4.979619,2090
27705,r10i1p1f1,2090,11,08,1.6260485077318183,17.70283,3.6477938,2090
27706,r10i1p1f1,2090,11,09,0.0,20.011175,6.163449,2090
27707,r10i1p1f1,2090,11,10,0.0,23.878908,8.151487,2090
27708,r10i1p1f1,2090,11,11,0.0,23.027727,9.3414135,2090
27709,r10i1p1f1,2090,11,12,4.562025850239144,20.218142,10.066781,2090
27710,r10i1p1f1,2090,11,13,4.938734669121914,14.306483,7.380899,2090
27711,r10i1p1f1,2090,11,14,2.148249880140515,12.553383,3.0705495,2090
27712,r10i1p1f1,2090,11,15,4.130119434442972,11.672091,0.5761554,2090
27713,r10i1p1f1,2090,11,16,9.091420759590331,11.382347,3.043071,2090
27714,r10i1p1f1,2090,11,17,0.10499148385956926,11.083575,2.0169206,2090
27715,r10i1p1f1,2090,11,18,0.7845773234294029,12.670925,6.3449826,2090
27716,r10i1p1f1,2090,11,19,0.0,18.993544,3.8147614,2090
27717,r10i1p1f1,2090,11,20,0.0,19.879034,6.135957,2090
27718,r10i1p1f1,2090,11,21,0.0,17.98049,6.598314,2090
27719,r10i1p1f1,2090,11,22,5.791914569463667,14.252666,8.034366,2090
27720,r10i1p1f1,2090,11,23,0.0,15.898886,3.3913774,2090
27721,r10i1p1f1,2090,11,24,0.0,16.041964,4.725032,2090
27722,r10i1p1f1,2090,11,25,0.017988065500455713,15.423081,6.2014112,2090
27723,r10i1p1f1,2090,11,26,8.248762250614641,14.933139,4.0475397,2090
27724,r10i1p1f1,2090,11,27,4.2235671014312075,9.930548,2.4555652,2090
27725,r10i1p1f1,2090,11,28,18.476955721761396,10.432322,4.0886126,2090
27726,r10i1p1f1,2090,11,29,4.327263791530736,7.959326,1.1863655,2090
27727,r10i1p1f1,2090,11,30,17.76165072377281,6.3129935,1.3607366,2090
27728,r10i1p1f1,2090,12,01,0.03428205481883963,4.860536,-3.4601512,2090
27729,r10i1p1f1,2090,12,02,0.0,6.71421,-5.010665,2090
27730,r10i1p1f1,2090,12,03,0.5443293801363325,5.7844687,-1.4666357,2090
27731,r10i1p1f1,2090,12,04,0.035483266305834,14.975798,3.9699643,2090
27732,r10i1p1f1,2090,12,05,0.0,16.682364,5.102833,2090
27733,r10i1p1f1,2090,12,06,0.0,19.670355,9.352459,2090
27734,r10i1p1f1,2090,12,07,0.0,19.347765,10.635819,2090
27735,r10i1p1f1,2090,12,08,0.0,19.257904,8.297296,2090
27736,r10i1p1f1,2090,12,09,0.0,18.092491,6.823828,2090
27737,r10i1p1f1,2090,12,10,0.0,19.204596,7.594982,2090
27738,r10i1p1f1,2090,12,11,0.0,22.390306,10.179257,2090
27739,r10i1p1f1,2090,12,12,0.0,21.463144,10.9872055,2090
27740,r10i1p1f1,2090,12,13,0.0,16.902512,7.035007,2090
27741,r10i1p1f1,2090,12,14,0.0,15.829315,5.476312,2090
27742,r10i1p1f1,2090,12,15,0.0,14.972945,4.608767,2090
27743,r10i1p1f1,2090,12,16,0.0,18.586946,6.390517,2090
27744,r10i1p1f1,2090,12,17,4.543647375497753,18.254175,9.916481,2090
27745,r10i1p1f1,2090,12,18,30.5237966831651,11.637649,6.6511607,2090
27746,r10i1p1f1,2090,12,19,15.26066243823152,10.054506,4.7130675,2090
27747,r10i1p1f1,2090,12,20,5.435561663187783,10.344699,4.9310775,2090
27748,r10i1p1f1,2090,12,21,17.277945249990903,7.5667176,3.190923,2090
27749,r10i1p1f1,2090,12,22,0.0,9.096409,0.8176444,2090
27750,r10i1p1f1,2090,12,23,0.0,8.829323,-1.7814977,2090
27751,r10i1p1f1,2090,12,24,5.451837086672496,8.311383,1.7535652,2090
27752,r10i1p1f1,2090,12,25,0.0,11.178895,0.550457,2090
27753,r10i1p1f1,2090,12,26,0.0,11.161902,2.1619415,2090
27754,r10i1p1f1,2090,12,27,0.0,9.460059,0.83139783,2090
27755,r10i1p1f1,2090,12,28,0.0,12.004941,0.60487485,2090
27756,r10i1p1f1,2090,12,29,0.0,12.65143,3.3953166,2090
27757,r10i1p1f1,2090,12,30,0.0,12.064441,3.2216964,2090
27758,r10i1p1f1,2090,12,31,21.749159080086667,10.473675,4.417302,2090
27759,r10i1p1f1,2091,01,01,4.220095658104727,8.5131035,3.0678031,2091
27760,r10i1p1f1,2091,01,02,0.0,11.415123,2.806116,2091
27761,r10i1p1f1,2091,01,03,0.0,15.160201,1.8444669,2091
27762,r10i1p1f1,2091,01,04,0.0,14.815582,3.2374732,2091
27763,r10i1p1f1,2091,01,05,0.0,14.455632,4.020468,2091
27764,r10i1p1f1,2091,01,06,0.0,14.66702,3.8983364,2091
27765,r10i1p1f1,2091,01,07,0.0,18.621765,5.4186387,2091
27766,r10i1p1f1,2091,01,08,0.0,20.529575,7.58702,2091
27767,r10i1p1f1,2091,01,09,0.0,20.966413,8.015282,2091
27768,r10i1p1f1,2091,01,10,0.0,20.203974,8.627612,2091
27769,r10i1p1f1,2091,01,11,0.0,14.846246,4.272383,2091
27770,r10i1p1f1,2091,01,12,0.0,15.388725,4.111396,2091
27771,r10i1p1f1,2091,01,13,0.0,19.921545,6.4946685,2091
27772,r10i1p1f1,2091,01,14,0.0,19.74922,7.096808,2091
27773,r10i1p1f1,2091,01,15,0.0,18.047045,5.620563,2091
27774,r10i1p1f1,2091,01,16,0.0,13.540769,3.2922018,2091
27775,r10i1p1f1,2091,01,17,0.0,15.277326,4.2312417,2091
27776,r10i1p1f1,2091,01,18,0.0,15.1937685,2.6570446,2091
27777,r10i1p1f1,2091,01,19,0.0,16.15256,4.39194,2091
27778,r10i1p1f1,2091,01,20,0.271653680939428,14.446904,3.4020333,2091
27779,r10i1p1f1,2091,01,21,3.8275473896216057,11.50125,-0.18751466,2091
27780,r10i1p1f1,2091,01,22,0.0,9.555633,-0.26741028,2091
27781,r10i1p1f1,2091,01,23,15.87551415233113,9.450742,1.1869105,2091
27782,r10i1p1f1,2091,01,24,5.215621632578404,10.724494,6.4263315,2091
27783,r10i1p1f1,2091,01,25,11.122719881467148,12.0013275,1.6909543,2091
27784,r10i1p1f1,2091,01,26,0.006278931744562119,7.806056,-3.6144216,2091
27785,r10i1p1f1,2091,01,27,0.0,5.7182994,-4.679338,2091
27786,r10i1p1f1,2091,01,28,0.0,6.039156,-3.8107445,2091
27787,r10i1p1f1,2091,01,29,0.0,3.421251,-8.043107,2091
27788,r10i1p1f1,2091,01,30,0.0,5.4071045,-4.3461585,2091
27789,r10i1p1f1,2091,01,31,13.082120493268839,5.170131,-2.1623957,2091
27790,r10i1p1f1,2091,02,01,24.211661571845116,7.2238936,0.7338803,2091
27791,r10i1p1f1,2091,02,02,0.16523834841983012,10.239028,-0.54807603,2091
27792,r10i1p1f1,2091,02,03,0.0,11.1948,-0.69161946,2091
27793,r10i1p1f1,2091,02,04,0.0,10.895034,-0.24611463,2091
27794,r10i1p1f1,2091,02,05,0.0,11.45749,0.92091066,2091
27795,r10i1p1f1,2091,02,06,13.008918096602429,7.360411,1.5662763,2091
27796,r10i1p1f1,2091,02,07,0.35649248583659326,7.541321,2.889009,2091
27797,r10i1p1f1,2091,02,08,0.0,9.051695,-1.2709818,2091
27798,r10i1p1f1,2091,02,09,0.0,10.573381,-4.1064067,2091
27799,r10i1p1f1,2091,02,10,0.0,8.366357,-3.3864787,2091
27800,r10i1p1f1,2091,02,11,0.0,9.300142,1.8212475,2091
27801,r10i1p1f1,2091,02,12,0.0,19.003036,5.115697,2091
27802,r10i1p1f1,2091,02,13,0.0,18.73037,7.1161313,2091
27803,r10i1p1f1,2091,02,14,13.70595007764151,11.470619,5.7665157,2091
27804,r10i1p1f1,2091,02,15,0.0,11.583816,0.6192384,2091
27805,r10i1p1f1,2091,02,16,0.0,11.918329,1.1138309,2091
27806,r10i1p1f1,2091,02,17,0.0,15.079331,1.1417624,2091
27807,r10i1p1f1,2091,02,18,0.0,19.442307,6.480725,2091
27808,r10i1p1f1,2091,02,19,3.0070148004693023,17.154068,6.4886966,2091
27809,r10i1p1f1,2091,02,20,24.04052064628463,10.334053,-0.10753109,2091
27810,r10i1p1f1,2091,02,21,0.0,10.222851,-0.46863738,2091
27811,r10i1p1f1,2091,02,22,0.0,12.096702,0.25603244,2091
27812,r10i1p1f1,2091,02,23,0.0,11.266315,-0.61559695,2091
27813,r10i1p1f1,2091,02,24,0.0,16.610352,2.8243132,2091
27814,r10i1p1f1,2091,02,25,0.0,20.560186,5.704617,2091
27815,r10i1p1f1,2091,02,26,0.0,20.309591,7.2017,2091
27816,r10i1p1f1,2091,02,27,0.0,20.528742,8.800982,2091
27817,r10i1p1f1,2091,02,28,0.0,19.64601,7.5900373,2091
27818,r10i1p1f1,2091,03,01,0.0,22.36094,5.07108,2091
27819,r10i1p1f1,2091,03,02,10.483188605231637,18.984066,5.314006,2091
27820,r10i1p1f1,2091,03,03,35.706442215872045,12.730626,6.9549994,2091
27821,r10i1p1f1,2091,03,04,18.046847901821724,13.195798,7.333853,2091
27822,r10i1p1f1,2091,03,05,4.812586719651192,10.673446,4.4501333,2091
27823,r10i1p1f1,2091,03,06,11.794057763788595,10.563475,4.2253942,2091
27824,r10i1p1f1,2091,03,07,1.321985506864334,12.023661,1.5268117,2091
27825,r10i1p1f1,2091,03,08,13.228335672235852,11.783783,3.8045776,2091
27826,r10i1p1f1,2091,03,09,11.159036032193782,9.386436,4.9591293,2091
27827,r10i1p1f1,2091,03,10,0.20397519424716992,15.918614,3.7037024,2091
27828,r10i1p1f1,2091,03,11,0.0,18.333931,3.3696895,2091
27829,r10i1p1f1,2091,03,12,0.003164661469973477,16.205856,5.2989244,2091
27830,r10i1p1f1,2091,03,13,0.3073385213969902,12.356594,5.421605,2091
27831,r10i1p1f1,2091,03,14,0.0,16.445475,2.6292362,2091
27832,r10i1p1f1,2091,03,15,0.0,18.48236,3.1155457,2091
27833,r10i1p1f1,2091,03,16,0.0,20.463432,6.1658263,2091
27834,r10i1p1f1,2091,03,17,0.0,21.839417,7.473619,2091
27835,r10i1p1f1,2091,03,18,0.0,21.658983,7.557101,2091
27836,r10i1p1f1,2091,03,19,0.0,19.688688,6.255072,2091
27837,r10i1p1f1,2091,03,20,0.0,14.108868,1.8038256,2091
27838,r10i1p1f1,2091,03,21,0.0,18.499414,4.5126567,2091
27839,r10i1p1f1,2091,03,22,0.0,18.74731,4.6422086,2091
27840,r10i1p1f1,2091,03,23,0.0,19.770716,5.574063,2091
27841,r10i1p1f1,2091,03,24,0.0,19.206015,4.8712487,2091
27842,r10i1p1f1,2091,03,25,0.0,20.782856,3.6545217,2091
27843,r10i1p1f1,2091,03,26,0.0,22.990982,4.5487494,2091
27844,r10i1p1f1,2091,03,27,1.9997008097250633,19.500534,5.6424913,2091
27845,r10i1p1f1,2091,03,28,6.134327542742157,12.183058,1.1912677,2091
27846,r10i1p1f1,2091,03,29,0.002955437431458114,16.390978,1.6589024,2091
27847,r10i1p1f1,2091,03,30,0.0,16.165123,1.2025232,2091
27848,r10i1p1f1,2091,03,31,2.2181919557253518,14.947786,1.9415891,2091
27849,r10i1p1f1,2091,04,01,0.0,15.002535,-0.19220714,2091
27850,r10i1p1f1,2091,04,02,2.4065395218593424,14.962762,4.418951,2091
27851,r10i1p1f1,2091,04,03,0.5645549043038045,16.61405,5.6452575,2091
27852,r10i1p1f1,2091,04,04,0.0,16.112616,1.6756803,2091
27853,r10i1p1f1,2091,04,05,0.0,21.014055,5.1901255,2091
27854,r10i1p1f1,2091,04,06,0.0,25.417738,9.342649,2091
27855,r10i1p1f1,2091,04,07,0.0,28.481667,10.074772,2091
27856,r10i1p1f1,2091,04,08,0.0,29.147123,12.403018,2091
27857,r10i1p1f1,2091,04,09,0.0,28.959448,13.026172,2091
27858,r10i1p1f1,2091,04,10,0.0,26.682135,13.96876,2091
27859,r10i1p1f1,2091,04,11,0.0,22.075953,9.329501,2091
27860,r10i1p1f1,2091,04,12,0.0,22.9839,6.7934546,2091
27861,r10i1p1f1,2091,04,13,0.0,25.821447,10.665546,2091
27862,r10i1p1f1,2091,04,14,6.062567447416337,20.091974,5.519763,2091
27863,r10i1p1f1,2091,04,15,1.548743628365245,15.657135,5.692437,2091
27864,r10i1p1f1,2091,04,16,0.0,18.937803,7.3550425,2091
27865,r10i1p1f1,2091,04,17,5.943886084194099,17.009993,3.9627311,2091
27866,r10i1p1f1,2091,04,18,0.07069793983215564,13.228933,2.2430716,2091
27867,r10i1p1f1,2091,04,19,9.783721485559669,12.444385,2.4959831,2091
27868,r10i1p1f1,2091,04,20,11.471518842383949,8.366071,0.18512726,2091
27869,r10i1p1f1,2091,04,21,0.15336402870353164,14.365106,1.8472924,2091
27870,r10i1p1f1,2091,04,22,0.5717517487937585,14.689235,4.671708,2091
27871,r10i1p1f1,2091,04,23,0.013689595284392309,17.201942,5.6864247,2091
27872,r10i1p1f1,2091,04,24,0.0,20.787617,7.6082435,2091
27873,r10i1p1f1,2091,04,25,0.0,25.533258,9.591372,2091
27874,r10i1p1f1,2091,04,26,0.0,25.641096,11.320176,2091
27875,r10i1p1f1,2091,04,27,0.0,24.11509,10.690173,2091
27876,r10i1p1f1,2091,04,28,0.0786361282986323,21.087189,7.2881784,2091
27877,r10i1p1f1,2091,04,29,0.03163665464135671,21.375204,7.953867,2091
27878,r10i1p1f1,2091,04,30,0.0,24.089218,9.5530405,2091
27879,r10i1p1f1,2091,05,01,0.0,23.742182,10.227294,2091
27880,r10i1p1f1,2091,05,02,4.215658716788982,17.257252,5.9420433,2091
27881,r10i1p1f1,2091,05,03,0.0,20.175142,6.4981027,2091
27882,r10i1p1f1,2091,05,04,0.0,20.831776,7.504181,2091
27883,r10i1p1f1,2091,05,05,0.0,20.251009,6.6484494,2091
27884,r10i1p1f1,2091,05,06,0.0,18.44097,7.159972,2091
27885,r10i1p1f1,2091,05,07,0.0,20.790873,7.8931756,2091
27886,r10i1p1f1,2091,05,08,0.0,23.013418,8.771435,2091
27887,r10i1p1f1,2091,05,09,0.0,29.435307,12.010898,2091
27888,r10i1p1f1,2091,05,10,0.0,29.336185,13.080157,2091
27889,r10i1p1f1,2091,05,11,0.0,26.797707,10.880187,2091
27890,r10i1p1f1,2091,05,12,0.0,24.79973,9.152663,2091
27891,r10i1p1f1,2091,05,13,0.0,22.402084,8.269227,2091
27892,r10i1p1f1,2091,05,14,26.823654599444893,16.448078,5.0793514,2091
27893,r10i1p1f1,2091,05,15,0.0,21.121773,7.124073,2091
27894,r10i1p1f1,2091,05,16,0.0,26.046078,9.353516,2091
27895,r10i1p1f1,2091,05,17,0.0,28.196562,11.567287,2091
27896,r10i1p1f1,2091,05,18,0.0,30.986526,15.827327,2091
27897,r10i1p1f1,2091,05,19,0.0,33.270794,15.114479,2091
27898,r10i1p1f1,2091,05,20,0.0,34.126873,17.455572,2091
27899,r10i1p1f1,2091,05,21,0.0,33.1781,19.249374,2091
27900,r10i1p1f1,2091,05,22,0.0,30.149218,13.947452,2091
27901,r10i1p1f1,2091,05,23,0.008778794213676042,20.495726,6.5045404,2091
27902,r10i1p1f1,2091,05,24,0.0,27.496517,9.134532,2091
27903,r10i1p1f1,2091,05,25,0.0,33.458466,14.291344,2091
27904,r10i1p1f1,2091,05,26,0.0,33.88679,18.386887,2091
27905,r10i1p1f1,2091,05,27,0.0,30.58807,16.031885,2091
27906,r10i1p1f1,2091,05,28,0.0,27.8108,11.4543085,2091
27907,r10i1p1f1,2091,05,29,0.0,30.992342,13.42634,2091
27908,r10i1p1f1,2091,05,30,0.0,30.168688,14.26039,2091
27909,r10i1p1f1,2091,05,31,0.0,31.020239,13.71932,2091
27910,r10i1p1f1,2091,06,01,0.0,34.756702,15.842198,2091
27911,r10i1p1f1,2091,06,02,0.0,34.194073,13.772896,2091
27912,r10i1p1f1,2091,06,03,0.0,32.317837,14.405132,2091
27913,r10i1p1f1,2091,06,04,0.0,36.406483,16.545465,2091
27914,r10i1p1f1,2091,06,05,0.0,37.68509,18.261753,2091
27915,r10i1p1f1,2091,06,06,0.0,37.7843,19.715878,2091
27916,r10i1p1f1,2091,06,07,0.0,36.668354,18.971321,2091
27917,r10i1p1f1,2091,06,08,0.0,35.737904,17.53149,2091
27918,r10i1p1f1,2091,06,09,0.0,32.69514,14.53262,2091
27919,r10i1p1f1,2091,06,10,0.0,38.731297,21.30539,2091
27920,r10i1p1f1,2091,06,11,0.0,38.04709,21.204807,2091
27921,r10i1p1f1,2091,06,12,0.0,36.707897,20.109797,2091
27922,r10i1p1f1,2091,06,13,0.0,34.52238,18.874603,2091
27923,r10i1p1f1,2091,06,14,0.0,34.939888,20.56844,2091
27924,r10i1p1f1,2091,06,15,0.7347102036108385,35.443092,18.104101,2091
27925,r10i1p1f1,2091,06,16,0.0,38.3807,21.168026,2091
27926,r10i1p1f1,2091,06,17,0.0,39.082447,22.231787,2091
27927,r10i1p1f1,2091,06,18,0.0,38.256706,23.075218,2091
27928,r10i1p1f1,2091,06,19,0.0,34.906292,20.116001,2091
27929,r10i1p1f1,2091,06,20,0.0,34.911934,17.4611,2091
27930,r10i1p1f1,2091,06,21,0.0,34.579723,17.219185,2091
27931,r10i1p1f1,2091,06,22,0.0,37.664867,19.00142,2091
27932,r10i1p1f1,2091,06,23,0.0,36.87573,20.868244,2091
27933,r10i1p1f1,2091,06,24,0.0,37.287445,21.145287,2091
27934,r10i1p1f1,2091,06,25,0.0,33.867672,17.103216,2091
27935,r10i1p1f1,2091,06,26,0.0,37.874664,19.137915,2091
27936,r10i1p1f1,2091,06,27,0.0,38.50541,21.153214,2091
27937,r10i1p1f1,2091,06,28,0.0,37.604164,21.17103,2091
27938,r10i1p1f1,2091,06,29,0.0,38.872314,21.223688,2091
27939,r10i1p1f1,2091,06,30,0.0,39.963245,23.703362,2091
27940,r10i1p1f1,2091,07,01,0.0,39.584164,23.342789,2091
27941,r10i1p1f1,2091,07,02,0.0,33.56059,17.558588,2091
27942,r10i1p1f1,2091,07,03,0.0,27.619093,12.6957655,2091
27943,r10i1p1f1,2091,07,04,0.0,28.090479,11.598007,2091
27944,r10i1p1f1,2091,07,05,0.0,32.602066,13.749667,2091
27945,r10i1p1f1,2091,07,06,0.0,36.21989,17.96878,2091
27946,r10i1p1f1,2091,07,07,0.0,35.87387,18.611187,2091
27947,r10i1p1f1,2091,07,08,0.0,36.26422,18.975134,2091
27948,r10i1p1f1,2091,07,09,0.0,36.132633,17.916874,2091
27949,r10i1p1f1,2091,07,10,0.0,34.971947,18.399675,2091
27950,r10i1p1f1,2091,07,11,0.0,35.293488,17.068039,2091
27951,r10i1p1f1,2091,07,12,0.0,36.26411,17.817192,2091
27952,r10i1p1f1,2091,07,13,0.0,37.422222,20.780375,2091
27953,r10i1p1f1,2091,07,14,0.0,39.770725,21.945484,2091
27954,r10i1p1f1,2091,07,15,0.0,44.153503,26.088068,2091
27955,r10i1p1f1,2091,07,16,0.0,43.74396,25.208324,2091
27956,r10i1p1f1,2091,07,17,0.0,42.521698,25.0392,2091
27957,r10i1p1f1,2091,07,18,0.0,40.08724,22.410313,2091
27958,r10i1p1f1,2091,07,19,0.0,38.14551,19.550467,2091
27959,r10i1p1f1,2091,07,20,0.0,36.203983,19.122248,2091
27960,r10i1p1f1,2091,07,21,0.0,35.492874,19.049877,2091
27961,r10i1p1f1,2091,07,22,0.0,34.923748,18.587835,2091
27962,r10i1p1f1,2091,07,23,0.0,37.642914,18.65241,2091
27963,r10i1p1f1,2091,07,24,0.0,39.36243,21.142065,2091
27964,r10i1p1f1,2091,07,25,0.0,39.118862,21.668571,2091
27965,r10i1p1f1,2091,07,26,0.0,38.51971,21.049763,2091
27966,r10i1p1f1,2091,07,27,0.0,35.330257,18.97707,2091
27967,r10i1p1f1,2091,07,28,0.0,35.0253,17.932873,2091
27968,r10i1p1f1,2091,07,29,0.0,34.80215,19.294653,2091
27969,r10i1p1f1,2091,07,30,0.0,36.075085,18.608486,2091
27970,r10i1p1f1,2091,07,31,0.0,37.871487,18.727726,2091
27971,r10i1p1f1,2091,08,01,0.0,37.82417,18.92101,2091
27972,r10i1p1f1,2091,08,02,0.0,38.774696,19.822353,2091
27973,r10i1p1f1,2091,08,03,0.0,40.383526,20.749628,2091
27974,r10i1p1f1,2091,08,04,0.0,40.18905,21.326069,2091
27975,r10i1p1f1,2091,08,05,0.0,39.90689,21.671238,2091
27976,r10i1p1f1,2091,08,06,0.0,38.735134,20.466337,2091
27977,r10i1p1f1,2091,08,07,0.0,40.000835,21.938833,2091
27978,r10i1p1f1,2091,08,08,0.0,39.74556,23.07775,2091
27979,r10i1p1f1,2091,08,09,0.0,35.81773,20.40235,2091
27980,r10i1p1f1,2091,08,10,0.0,31.275976,15.413584,2091
27981,r10i1p1f1,2091,08,11,0.0,34.73136,17.030874,2091
27982,r10i1p1f1,2091,08,12,0.0,34.067368,18.308073,2091
27983,r10i1p1f1,2091,08,13,0.0,33.508327,17.085009,2091
27984,r10i1p1f1,2091,08,14,0.0,32.35491,15.824531,2091
27985,r10i1p1f1,2091,08,15,0.0,32.5476,14.510707,2091
27986,r10i1p1f1,2091,08,16,0.0,33.688663,16.20953,2091
27987,r10i1p1f1,2091,08,17,0.0,35.82228,17.046848,2091
27988,r10i1p1f1,2091,08,18,0.0,37.198692,18.899214,2091
27989,r10i1p1f1,2091,08,19,0.0,37.939045,21.066008,2091
27990,r10i1p1f1,2091,08,20,0.0,40.02278,21.610546,2091
27991,r10i1p1f1,2091,08,21,0.0,44.275135,25.948223,2091
27992,r10i1p1f1,2091,08,22,0.0,44.250046,28.317421,2091
27993,r10i1p1f1,2091,08,23,0.0,41.761646,26.383154,2091
27994,r10i1p1f1,2091,08,24,0.0,40.929592,24.696863,2091
27995,r10i1p1f1,2091,08,25,0.0,40.13183,24.392643,2091
27996,r10i1p1f1,2091,08,26,0.0,39.23237,24.299738,2091
27997,r10i1p1f1,2091,08,27,0.0,41.88735,24.418646,2091
27998,r10i1p1f1,2091,08,28,0.0,45.276257,27.504675,2091
27999,r10i1p1f1,2091,08,29,0.0,44.24182,26.960938,2091
28000,r10i1p1f1,2091,08,30,0.0,44.361927,26.946466,2091
28001,r10i1p1f1,2091,08,31,0.0,40.23763,23.823906,2091
28002,r10i1p1f1,2091,09,01,0.0,35.87869,20.447401,2091
28003,r10i1p1f1,2091,09,02,0.0,32.342297,16.853205,2091
28004,r10i1p1f1,2091,09,03,0.0,38.07367,20.837921,2091
28005,r10i1p1f1,2091,09,04,0.0,38.651253,21.943502,2091
28006,r10i1p1f1,2091,09,05,0.0,39.959198,22.617723,2091
28007,r10i1p1f1,2091,09,06,0.0,41.21144,23.69041,2091
28008,r10i1p1f1,2091,09,07,0.0,43.570118,26.012964,2091
28009,r10i1p1f1,2091,09,08,0.0,43.39411,26.27178,2091
28010,r10i1p1f1,2091,09,09,0.2506049880091603,41.834137,25.99949,2091
28011,r10i1p1f1,2091,09,10,0.0,41.089123,26.74867,2091
28012,r10i1p1f1,2091,09,11,0.0,39.082737,25.959417,2091
28013,r10i1p1f1,2091,09,12,0.0,34.38738,23.536423,2091
28014,r10i1p1f1,2091,09,13,0.0,36.36283,23.065445,2091
28015,r10i1p1f1,2091,09,14,0.0,36.392235,24.795303,2091
28016,r10i1p1f1,2091,09,15,0.0,34.8842,21.173624,2091
28017,r10i1p1f1,2091,09,16,0.0,32.814606,19.860893,2091
28018,r10i1p1f1,2091,09,17,0.017826599375774476,31.70498,18.194378,2091
28019,r10i1p1f1,2091,09,18,0.0,27.603197,13.883296,2091
28020,r10i1p1f1,2091,09,19,0.0,28.07605,13.2037735,2091
28021,r10i1p1f1,2091,09,20,0.0,31.937077,15.215771,2091
28022,r10i1p1f1,2091,09,21,0.0,31.097595,15.2358675,2091
28023,r10i1p1f1,2091,09,22,0.0,31.408434,15.98988,2091
28024,r10i1p1f1,2091,09,23,0.0,33.87001,17.349588,2091
28025,r10i1p1f1,2091,09,24,0.0,32.69644,17.161535,2091
28026,r10i1p1f1,2091,09,25,0.0,28.01525,11.599268,2091
28027,r10i1p1f1,2091,09,26,0.0,27.430355,11.327188,2091
28028,r10i1p1f1,2091,09,27,0.0,36.64132,19.722784,2091
28029,r10i1p1f1,2091,09,28,0.0,37.069225,19.182198,2091
28030,r10i1p1f1,2091,09,29,0.0,37.182133,19.849087,2091
28031,r10i1p1f1,2091,09,30,0.0,36.69109,19.204357,2091
28032,r10i1p1f1,2091,10,01,0.0,36.521843,20.714453,2091
28033,r10i1p1f1,2091,10,02,0.0,39.328503,22.608973,2091
28034,r10i1p1f1,2091,10,03,0.0,39.626293,22.266737,2091
28035,r10i1p1f1,2091,10,04,0.0,39.71203,22.741512,2091
28036,r10i1p1f1,2091,10,05,0.0,37.959316,22.514734,2091
28037,r10i1p1f1,2091,10,06,0.0,30.132042,15.688038,2091
28038,r10i1p1f1,2091,10,07,0.0,26.250568,13.382651,2091
28039,r10i1p1f1,2091,10,08,4.015215742593251,23.410175,10.547891,2091
28040,r10i1p1f1,2091,10,09,0.0,21.716112,8.710023,2091
28041,r10i1p1f1,2091,10,10,0.037683221470567664,21.69906,8.481667,2091
28042,r10i1p1f1,2091,10,11,0.0,19.738161,7.1984887,2091
28043,r10i1p1f1,2091,10,12,0.0,23.457813,8.898923,2091
28044,r10i1p1f1,2091,10,13,0.0,23.785643,9.25188,2091
28045,r10i1p1f1,2091,10,14,0.0,24.985926,9.182624,2091
28046,r10i1p1f1,2091,10,15,0.0,25.692043,10.791147,2091
28047,r10i1p1f1,2091,10,16,0.0,25.854015,10.371377,2091
28048,r10i1p1f1,2091,10,17,0.0,22.085932,9.316602,2091
28049,r10i1p1f1,2091,10,18,0.0,24.61725,7.8158965,2091
28050,r10i1p1f1,2091,10,19,0.0,25.823956,9.416318,2091
28051,r10i1p1f1,2091,10,20,0.0,25.783466,13.325839,2091
28052,r10i1p1f1,2091,10,21,0.0,25.185959,11.063443,2091
28053,r10i1p1f1,2091,10,22,0.0,24.090694,11.062641,2091
28054,r10i1p1f1,2091,10,23,0.0,26.807253,9.711856,2091
28055,r10i1p1f1,2091,10,24,0.0,27.824669,12.887672,2091
28056,r10i1p1f1,2091,10,25,0.0,27.45635,14.946424,2091
28057,r10i1p1f1,2091,10,26,0.0,27.65879,14.986638,2091
28058,r10i1p1f1,2091,10,27,0.35291181570516383,28.867123,16.135742,2091
28059,r10i1p1f1,2091,10,28,1.9156968489752264,32.120518,18.451494,2091
28060,r10i1p1f1,2091,10,29,0.0,24.662437,11.13914,2091
28061,r10i1p1f1,2091,10,30,0.0,24.020332,11.639667,2091
28062,r10i1p1f1,2091,10,31,0.0,23.06214,11.000577,2091
28063,r10i1p1f1,2091,11,01,4.47526325710657,22.632076,14.120319,2091
28064,r10i1p1f1,2091,11,02,0.0,25.63206,8.638373,2091
28065,r10i1p1f1,2091,11,03,0.0,29.801373,12.959343,2091
28066,r10i1p1f1,2091,11,04,0.0,32.396435,15.991657,2091
28067,r10i1p1f1,2091,11,05,0.0,31.957243,16.354431,2091
28068,r10i1p1f1,2091,11,06,0.0,32.664932,17.329473,2091
28069,r10i1p1f1,2091,11,07,0.0,36.287827,19.565142,2091
28070,r10i1p1f1,2091,11,08,0.0,38.783863,21.90528,2091
28071,r10i1p1f1,2091,11,09,0.0,37.81084,21.598454,2091
28072,r10i1p1f1,2091,11,10,0.0,38.03151,21.505732,2091
28073,r10i1p1f1,2091,11,11,0.0,34.23528,17.113424,2091
28074,r10i1p1f1,2091,11,12,0.0,31.648422,15.747406,2091
28075,r10i1p1f1,2091,11,13,0.0,29.70972,16.332298,2091
28076,r10i1p1f1,2091,11,14,0.0,27.648329,14.511014,2091
28077,r10i1p1f1,2091,11,15,0.0,30.1073,13.851254,2091
28078,r10i1p1f1,2091,11,16,0.0,27.922678,16.766195,2091
28079,r10i1p1f1,2091,11,17,0.0,26.444098,14.7786255,2091
28080,r10i1p1f1,2091,11,18,0.0,23.846243,9.249989,2091
28081,r10i1p1f1,2091,11,19,0.0,22.99824,8.441263,2091
28082,r10i1p1f1,2091,11,20,0.5654702425090363,24.064129,8.214394,2091
28083,r10i1p1f1,2091,11,21,18.756773012481926,10.07018,3.1215394,2091
28084,r10i1p1f1,2091,11,22,1.1302961642094917,9.122685,1.3420334,2091
28085,r10i1p1f1,2091,11,23,0.2140032070440755,10.414615,-1.5380514,2091
28086,r10i1p1f1,2091,11,24,0.0,9.078817,-2.8655617,2091
28087,r10i1p1f1,2091,11,25,0.0,11.075276,-1.910508,2091
28088,r10i1p1f1,2091,11,26,23.72020511508086,9.496919,1.8479764,2091
28089,r10i1p1f1,2091,11,27,26.943961893343122,8.631958,2.7828667,2091
28090,r10i1p1f1,2091,11,28,32.493268619490614,10.775386,3.535773,2091
28091,r10i1p1f1,2091,11,29,5.730022004162923,10.123507,1.2997891,2091
28092,r10i1p1f1,2091,11,30,0.0,9.449456,-3.3215694,2091
28093,r10i1p1f1,2091,12,01,6.841431164565093,9.147471,3.4589016,2091
28094,r10i1p1f1,2091,12,02,0.0,9.230682,-1.0337903,2091
28095,r10i1p1f1,2091,12,03,0.0,9.83455,-1.4774874,2091
28096,r10i1p1f1,2091,12,04,1.3689651586949032,7.338526,1.9754947,2091
28097,r10i1p1f1,2091,12,05,0.0,7.933023,1.338873,2091
28098,r10i1p1f1,2091,12,06,0.0,12.327646,0.15930839,2091
28099,r10i1p1f1,2091,12,07,0.0,15.724028,3.2576773,2091
28100,r10i1p1f1,2091,12,08,0.0,14.423133,3.1666193,2091
28101,r10i1p1f1,2091,12,09,18.939983621155413,11.230752,1.6882315,2091
28102,r10i1p1f1,2091,12,10,35.6851905572847,5.666749,2.1446507,2091
28103,r10i1p1f1,2091,12,11,2.125589767451019,4.081821,-0.23001821,2091
28104,r10i1p1f1,2091,12,12,0.3822477002861553,3.2860818,-2.9581482,2091
28105,r10i1p1f1,2091,12,13,0.0,-1.527089,-7.7269144,2091
28106,r10i1p1f1,2091,12,14,0.0,1.9134461,-9.865521,2091
28107,r10i1p1f1,2091,12,15,0.943429024549627,5.0800796,-0.1257238,2091
28108,r10i1p1f1,2091,12,16,0.0,8.176779,0.6502816,2091
28109,r10i1p1f1,2091,12,17,16.19946159250838,8.106813,1.2726027,2091
28110,r10i1p1f1,2091,12,18,1.61714507372189,5.9035034,1.7683071,2091
28111,r10i1p1f1,2091,12,19,20.700635495852207,5.609732,1.0227247,2091
28112,r10i1p1f1,2091,12,20,49.83239746897628,5.286639,0.8640358,2091
28113,r10i1p1f1,2091,12,21,0.025292771074179512,4.2322116,-0.7966363,2091
28114,r10i1p1f1,2091,12,22,0.0,6.812924,-3.9706774,2091
28115,r10i1p1f1,2091,12,23,0.0,7.0519257,-0.77676314,2091
28116,r10i1p1f1,2091,12,24,0.0,9.4948,-1.8556557,2091
28117,r10i1p1f1,2091,12,25,0.0,13.52613,1.4630028,2091
28118,r10i1p1f1,2091,12,26,0.0,15.150489,1.8335973,2091
28119,r10i1p1f1,2091,12,27,0.0,15.024859,2.011619,2091
28120,r10i1p1f1,2091,12,28,0.0,15.513574,3.4510386,2091
28121,r10i1p1f1,2091,12,29,0.0,15.726609,3.403077,2091
28122,r10i1p1f1,2091,12,30,0.009109511603654889,13.955808,4.8527565,2091
28123,r10i1p1f1,2091,12,31,18.457157237035542,8.581684,4.6425753,2091
28124,r10i1p1f1,2092,01,01,3.468367944687519,8.848891,4.514876,2092
28125,r10i1p1f1,2092,01,02,19.35349846255696,10.916984,2.818118,2092
28126,r10i1p1f1,2092,01,03,28.02426091802772,11.958479,6.226213,2092
28127,r10i1p1f1,2092,01,04,5.185070053106469,9.02979,3.4284508,2092
28128,r10i1p1f1,2092,01,05,21.040038342624413,8.718819,4.234917,2092
28129,r10i1p1f1,2092,01,06,39.44466260053512,12.861568,2.1997209,2092
28130,r10i1p1f1,2092,01,07,25.164655613556725,12.611521,1.831396,2092
28131,r10i1p1f1,2092,01,08,7.933627059327065,6.152764,2.346763,2092
28132,r10i1p1f1,2092,01,09,0.0,9.336169,-0.9278478,2092
28133,r10i1p1f1,2092,01,10,38.86738394472846,8.759003,1.2206744,2092
28134,r10i1p1f1,2092,01,11,34.16746197893333,15.224635,5.4012814,2092
28135,r10i1p1f1,2092,01,12,36.50605217951938,12.949136,8.940686,2092
28136,r10i1p1f1,2092,01,13,0.0,13.864354,0.5255567,2092
28137,r10i1p1f1,2092,01,14,1.6367545923697577,9.596354,2.360421,2092
28138,r10i1p1f1,2092,01,15,0.0,10.68021,4.161809,2092
28139,r10i1p1f1,2092,01,16,0.0,14.422042,3.3537028,2092
28140,r10i1p1f1,2092,01,17,0.0,16.843689,3.824038,2092
28141,r10i1p1f1,2092,01,18,0.0,18.670727,7.104936,2092
28142,r10i1p1f1,2092,01,19,0.0,20.680204,8.796433,2092
28143,r10i1p1f1,2092,01,20,0.0,23.449867,9.948008,2092
28144,r10i1p1f1,2092,01,21,0.0,21.653467,9.641487,2092
28145,r10i1p1f1,2092,01,22,0.0,19.592976,8.09241,2092
28146,r10i1p1f1,2092,01,23,0.0,15.560183,8.700048,2092
28147,r10i1p1f1,2092,01,24,36.71018967319182,14.526979,5.8895054,2092
28148,r10i1p1f1,2092,01,25,18.887426669856435,14.340422,9.561745,2092
28149,r10i1p1f1,2092,01,26,5.160567682469264,13.042735,8.610216,2092
28150,r10i1p1f1,2092,01,27,0.0,14.253095,9.334792,2092
28151,r10i1p1f1,2092,01,28,0.0,17.340223,4.869568,2092
28152,r10i1p1f1,2092,01,29,0.0,20.52944,8.335496,2092
28153,r10i1p1f1,2092,01,30,0.0,21.233322,9.07927,2092
28154,r10i1p1f1,2092,01,31,0.0,19.967924,10.061271,2092
28155,r10i1p1f1,2092,02,01,0.0,18.886816,8.621556,2092
28156,r10i1p1f1,2092,02,02,19.62499132817979,10.678751,4.2075686,2092
28157,r10i1p1f1,2092,02,03,4.613192493372098,9.548628,3.4968357,2092
28158,r10i1p1f1,2092,02,04,0.0,17.483856,6.503777,2092
28159,r10i1p1f1,2092,02,05,0.0,16.772467,5.266308,2092
28160,r10i1p1f1,2092,02,06,0.0,17.5197,3.089884,2092
28161,r10i1p1f1,2092,02,07,0.0,15.809442,3.0180912,2092
28162,r10i1p1f1,2092,02,08,0.0,15.077355,3.3646376,2092
28163,r10i1p1f1,2092,02,09,0.0,16.159754,3.9515705,2092
28164,r10i1p1f1,2092,02,10,0.0,17.890924,4.7596493,2092
28165,r10i1p1f1,2092,02,11,0.01788309457065464,18.00463,5.9911027,2092
28166,r10i1p1f1,2092,02,12,0.11369284490061354,9.96605,3.4534206,2092
28167,r10i1p1f1,2092,02,13,0.04207550097673543,11.260372,0.9922871,2092
28168,r10i1p1f1,2092,02,14,5.246943797445917,8.541744,3.7202759,2092
28169,r10i1p1f1,2092,02,15,0.31440657370766484,9.797347,1.4425224,2092
28170,r10i1p1f1,2092,02,16,21.91456507992514,7.979593,0.6484102,2092
28171,r10i1p1f1,2092,02,17,27.22590927380799,5.5483303,-0.4130538,2092
28172,r10i1p1f1,2092,02,18,1.4186722329094137,6.975032,-2.0177436,2092
28173,r10i1p1f1,2092,02,19,5.1040100446507015,7.5302725,0.79086685,2092
28174,r10i1p1f1,2092,02,20,34.084534142043836,11.070815,0.54620683,2092
28175,r10i1p1f1,2092,02,21,24.95665375578315,11.383545,4.2901015,2092
28176,r10i1p1f1,2092,02,22,27.09506224675447,8.335601,1.5731653,2092
28177,r10i1p1f1,2092,02,23,28.981901057628228,8.250671,1.30487,2092
28178,r10i1p1f1,2092,02,24,31.754260272780236,10.758659,1.5737566,2092
28179,r10i1p1f1,2092,02,25,41.51990033784195,11.36127,2.9115102,2092
28180,r10i1p1f1,2092,02,26,25.06025588219544,11.897702,3.573548,2092
28181,r10i1p1f1,2092,02,27,25.209397269032994,9.765082,1.953291,2092
28182,r10i1p1f1,2092,02,28,5.952383958078587,9.017868,0.6493141,2092
28183,r10i1p1f1,2092,02,29,0.0,11.08241,0.40834185,2092
28184,r10i1p1f1,2092,03,01,15.919664455577731,9.806283,0.7922209,2092
28185,r10i1p1f1,2092,03,02,0.0,15.215393,1.8422318,2092
28186,r10i1p1f1,2092,03,03,0.0,15.201996,2.2225285,2092
28187,r10i1p1f1,2092,03,04,0.0,20.703152,4.1029778,2092
28188,r10i1p1f1,2092,03,05,0.0,22.62038,5.5315385,2092
28189,r10i1p1f1,2092,03,06,0.0,20.693455,7.663288,2092
28190,r10i1p1f1,2092,03,07,0.0,19.117975,8.979245,2092
28191,r10i1p1f1,2092,03,08,9.003254196814899,14.045438,3.6767964,2092
28192,r10i1p1f1,2092,03,09,0.0,15.327624,1.4351847,2092
28193,r10i1p1f1,2092,03,10,17.560425665731984,14.628389,3.8323805,2092
28194,r10i1p1f1,2092,03,11,3.4653626603070924,12.714685,4.6003504,2092
28195,r10i1p1f1,2092,03,12,0.0,17.170826,5.332515,2092
28196,r10i1p1f1,2092,03,13,2.2589606662892803,15.425404,4.3094363,2092
28197,r10i1p1f1,2092,03,14,0.4319803776046396,15.406179,7.5496993,2092
28198,r10i1p1f1,2092,03,15,0.0,19.137074,4.0157366,2092
28199,r10i1p1f1,2092,03,16,17.56747139841441,17.038637,5.3611946,2092
28200,r10i1p1f1,2092,03,17,1.9497761005966727,12.82947,6.7682023,2092
28201,r10i1p1f1,2092,03,18,0.0,18.68122,2.9152813,2092
28202,r10i1p1f1,2092,03,19,0.0,20.576006,5.817702,2092
28203,r10i1p1f1,2092,03,20,4.394585766060214,17.608414,4.6580014,2092
28204,r10i1p1f1,2092,03,21,0.040201178065121655,17.931078,5.2211976,2092
28205,r10i1p1f1,2092,03,22,0.0,24.280413,7.1736155,2092
28206,r10i1p1f1,2092,03,23,0.0,24.328571,6.99122,2092
28207,r10i1p1f1,2092,03,24,0.0,23.470587,8.7946615,2092
28208,r10i1p1f1,2092,03,25,0.0,25.676304,8.39459,2092
28209,r10i1p1f1,2092,03,26,0.0,28.034643,10.154575,2092
28210,r10i1p1f1,2092,03,27,0.0,27.86153,11.807251,2092
28211,r10i1p1f1,2092,03,28,0.0,30.109144,13.031629,2092
28212,r10i1p1f1,2092,03,29,0.0,30.716295,15.674887,2092
28213,r10i1p1f1,2092,03,30,0.0,27.305513,14.063331,2092
28214,r10i1p1f1,2092,03,31,0.0,28.179132,14.654565,2092
28215,r10i1p1f1,2092,04,01,0.06624710129855023,29.07411,12.545978,2092
28216,r10i1p1f1,2092,04,02,0.0,27.776941,10.833585,2092
28217,r10i1p1f1,2092,04,03,0.0,26.779657,10.891677,2092
28218,r10i1p1f1,2092,04,04,0.0,28.7339,13.537865,2092
28219,r10i1p1f1,2092,04,05,0.0,30.94963,14.272964,2092
28220,r10i1p1f1,2092,04,06,0.0,31.254179,14.072407,2092
28221,r10i1p1f1,2092,04,07,0.0,30.615292,12.250474,2092
28222,r10i1p1f1,2092,04,08,0.0,31.020807,12.516341,2092
28223,r10i1p1f1,2092,04,09,0.0,29.383366,13.657665,2092
28224,r10i1p1f1,2092,04,10,0.0,23.151382,11.245301,2092
28225,r10i1p1f1,2092,04,11,0.0,26.511528,7.0758467,2092
28226,r10i1p1f1,2092,04,12,0.0,27.882479,11.247752,2092
28227,r10i1p1f1,2092,04,13,0.0,26.78934,11.981738,2092
28228,r10i1p1f1,2092,04,14,0.0,23.535809,9.373463,2092
28229,r10i1p1f1,2092,04,15,26.682690295427548,17.450752,6.5858517,2092
28230,r10i1p1f1,2092,04,16,12.203882381589594,10.77459,2.0202947,2092
28231,r10i1p1f1,2092,04,17,0.0,21.045843,6.3940067,2092
28232,r10i1p1f1,2092,04,18,0.0,22.932629,7.3214545,2092
28233,r10i1p1f1,2092,04,19,0.0,23.174377,9.535482,2092
28234,r10i1p1f1,2092,04,20,0.0,24.81632,10.284909,2092
28235,r10i1p1f1,2092,04,21,0.0,23.575302,9.77074,2092
28236,r10i1p1f1,2092,04,22,14.538489152312794,18.340595,5.6298203,2092
28237,r10i1p1f1,2092,04,23,4.528625034991388,13.106651,4.9801087,2092
28238,r10i1p1f1,2092,04,24,16.62286910033895,9.1297865,-1.3965181,2092
28239,r10i1p1f1,2092,04,25,0.0,12.462828,-0.48627192,2092
28240,r10i1p1f1,2092,04,26,0.0,14.723391,-0.47418535,2092
28241,r10i1p1f1,2092,04,27,0.0,15.274109,2.705159,2092
28242,r10i1p1f1,2092,04,28,23.031763257887704,14.21135,4.0339646,2092
28243,r10i1p1f1,2092,04,29,4.206584997303397,12.996114,4.310727,2092
28244,r10i1p1f1,2092,04,30,12.6998968435433,12.349729,3.018317,2092
28245,r10i1p1f1,2092,05,01,9.736800224383938,13.278107,2.3067873,2092
28246,r10i1p1f1,2092,05,02,3.483218762142458,14.034191,3.2726166,2092
28247,r10i1p1f1,2092,05,03,0.0,22.552052,7.333793,2092
28248,r10i1p1f1,2092,05,04,0.0,25.047926,9.058325,2092
28249,r10i1p1f1,2092,05,05,0.0,24.081215,10.266915,2092
28250,r10i1p1f1,2092,05,06,0.0,22.02735,7.8109927,2092
28251,r10i1p1f1,2092,05,07,0.0,27.420862,11.259571,2092
28252,r10i1p1f1,2092,05,08,0.0,27.268316,12.442659,2092
28253,r10i1p1f1,2092,05,09,0.0,25.976517,13.230503,2092
28254,r10i1p1f1,2092,05,10,0.40164396610204056,19.354689,5.94095,2092
28255,r10i1p1f1,2092,05,11,0.0,20.12607,5.280283,2092
28256,r10i1p1f1,2092,05,12,0.5220477382432651,19.969961,5.073564,2092
28257,r10i1p1f1,2092,05,13,0.4025890494870653,16.699293,3.7601511,2092
28258,r10i1p1f1,2092,05,14,0.0,24.299444,6.1696153,2092
28259,r10i1p1f1,2092,05,15,0.0,27.544565,10.734586,2092
28260,r10i1p1f1,2092,05,16,0.0,29.155752,12.188327,2092
28261,r10i1p1f1,2092,05,17,0.0,29.06243,14.455374,2092
28262,r10i1p1f1,2092,05,18,0.0,28.11584,13.422607,2092
28263,r10i1p1f1,2092,05,19,0.0,27.403574,11.374456,2092
28264,r10i1p1f1,2092,05,20,0.0,27.162806,11.411255,2092
28265,r10i1p1f1,2092,05,21,0.0,26.223543,11.894772,2092
28266,r10i1p1f1,2092,05,22,0.0,25.939323,10.980159,2092
28267,r10i1p1f1,2092,05,23,0.33438297657420135,18.657799,5.8342476,2092
28268,r10i1p1f1,2092,05,24,0.0,19.941666,4.3696074,2092
28269,r10i1p1f1,2092,05,25,0.0,23.68277,7.6823483,2092
28270,r10i1p1f1,2092,05,26,0.0,26.842194,10.452345,2092
28271,r10i1p1f1,2092,05,27,0.0,29.441875,13.925648,2092
28272,r10i1p1f1,2092,05,28,0.0,31.440542,14.788218,2092
28273,r10i1p1f1,2092,05,29,0.0,31.160725,15.894468,2092
28274,r10i1p1f1,2092,05,30,0.0,28.704388,14.592532,2092
28275,r10i1p1f1,2092,05,31,10.727396469165365,19.490013,5.9244094,2092
28276,r10i1p1f1,2092,06,01,0.0,20.734482,7.8024178,2092
28277,r10i1p1f1,2092,06,02,0.0,24.695034,8.1821165,2092
28278,r10i1p1f1,2092,06,03,0.0,30.66625,11.692935,2092
28279,r10i1p1f1,2092,06,04,0.0,33.550213,15.7712,2092
28280,r10i1p1f1,2092,06,05,0.0,31.86068,17.061152,2092
28281,r10i1p1f1,2092,06,06,0.0,29.616825,15.688502,2092
28282,r10i1p1f1,2092,06,07,0.0,27.87301,11.474859,2092
28283,r10i1p1f1,2092,06,08,0.0,33.20686,14.973753,2092
28284,r10i1p1f1,2092,06,09,0.0,34.955776,19.760344,2092
28285,r10i1p1f1,2092,06,10,0.0,34.79124,19.460825,2092
28286,r10i1p1f1,2092,06,11,0.0,33.950115,16.91694,2092
28287,r10i1p1f1,2092,06,12,0.0,34.979523,19.087095,2092
28288,r10i1p1f1,2092,06,13,0.0,33.44577,17.38511,2092
28289,r10i1p1f1,2092,06,14,0.0,32.511566,17.297949,2092
28290,r10i1p1f1,2092,06,15,0.0,32.596508,17.928158,2092
28291,r10i1p1f1,2092,06,16,0.0,32.63423,17.97112,2092
28292,r10i1p1f1,2092,06,17,0.0,33.08887,20.23968,2092
28293,r10i1p1f1,2092,06,18,0.0,31.059288,14.845136,2092
28294,r10i1p1f1,2092,06,19,0.0,29.302343,13.58742,2092
28295,r10i1p1f1,2092,06,20,0.0,28.1868,11.654925,2092
28296,r10i1p1f1,2092,06,21,0.0,32.74227,15.451557,2092
28297,r10i1p1f1,2092,06,22,0.0,35.466488,18.043648,2092
28298,r10i1p1f1,2092,06,23,0.0,37.833996,22.581312,2092
28299,r10i1p1f1,2092,06,24,0.0,40.13239,23.185244,2092
28300,r10i1p1f1,2092,06,25,0.0,38.686134,21.773296,2092
28301,r10i1p1f1,2092,06,26,0.0,36.756798,21.126146,2092
28302,r10i1p1f1,2092,06,27,0.0,39.992645,22.648623,2092
28303,r10i1p1f1,2092,06,28,0.0,41.152687,24.666206,2092
28304,r10i1p1f1,2092,06,29,0.0,39.67963,22.476385,2092
28305,r10i1p1f1,2092,06,30,0.0,34.858055,21.070642,2092
28306,r10i1p1f1,2092,07,01,0.0,30.235611,14.82998,2092
28307,r10i1p1f1,2092,07,02,0.0,30.982244,14.203381,2092
28308,r10i1p1f1,2092,07,03,0.0,32.43965,15.813942,2092
28309,r10i1p1f1,2092,07,04,0.0,33.952515,16.514406,2092
28310,r10i1p1f1,2092,07,05,0.0,35.169563,17.171387,2092
28311,r10i1p1f1,2092,07,06,0.0,36.635315,19.925346,2092
28312,r10i1p1f1,2092,07,07,0.0,37.480682,20.957882,2092
28313,r10i1p1f1,2092,07,08,0.0,38.69115,22.613136,2092
28314,r10i1p1f1,2092,07,09,0.0589341668896132,39.025055,21.591492,2092
28315,r10i1p1f1,2092,07,10,0.0,37.20401,20.970785,2092
28316,r10i1p1f1,2092,07,11,0.0,37.553505,22.275938,2092
28317,r10i1p1f1,2092,07,12,0.0,37.89346,22.728243,2092
28318,r10i1p1f1,2092,07,13,0.0,37.711666,21.353878,2092
28319,r10i1p1f1,2092,07,14,0.0,36.36449,20.858511,2092
28320,r10i1p1f1,2092,07,15,0.0,32.93029,17.81129,2092
28321,r10i1p1f1,2092,07,16,0.0,35.355217,17.97711,2092
28322,r10i1p1f1,2092,07,17,0.0,35.536983,17.775063,2092
28323,r10i1p1f1,2092,07,18,2.399153011499852,35.316116,19.180386,2092
28324,r10i1p1f1,2092,07,19,0.12542293518077044,36.037327,23.070007,2092
28325,r10i1p1f1,2092,07,20,0.0,35.32649,20.492607,2092
28326,r10i1p1f1,2092,07,21,0.0,32.790424,17.436901,2092
28327,r10i1p1f1,2092,07,22,0.0,30.758184,14.86337,2092
28328,r10i1p1f1,2092,07,23,0.0,30.223581,14.78464,2092
28329,r10i1p1f1,2092,07,24,0.0,32.75593,15.350811,2092
28330,r10i1p1f1,2092,07,25,0.0,34.732536,18.585272,2092
28331,r10i1p1f1,2092,07,26,0.0,35.274517,18.472704,2092
28332,r10i1p1f1,2092,07,27,0.0,37.752533,19.471918,2092
28333,r10i1p1f1,2092,07,28,0.0,38.99399,20.950384,2092
28334,r10i1p1f1,2092,07,29,0.0,39.28468,20.760391,2092
28335,r10i1p1f1,2092,07,30,0.0,40.432484,21.299099,2092
28336,r10i1p1f1,2092,07,31,0.0,40.000465,22.096985,2092
28337,r10i1p1f1,2092,08,01,0.0,39.48948,21.518248,2092
28338,r10i1p1f1,2092,08,02,0.0,36.616684,19.491045,2092
28339,r10i1p1f1,2092,08,03,0.0,35.968033,17.530546,2092
28340,r10i1p1f1,2092,08,04,0.0,36.750023,19.240515,2092
28341,r10i1p1f1,2092,08,05,0.0,35.780254,18.092623,2092
28342,r10i1p1f1,2092,08,06,0.0,33.587536,16.648119,2092
28343,r10i1p1f1,2092,08,07,0.0,32.597168,15.20375,2092
28344,r10i1p1f1,2092,08,08,0.0,37.7264,18.190235,2092
28345,r10i1p1f1,2092,08,09,0.0,39.214138,21.510382,2092
28346,r10i1p1f1,2092,08,10,0.0,38.89199,21.609665,2092
28347,r10i1p1f1,2092,08,11,0.0,39.418285,21.366125,2092
28348,r10i1p1f1,2092,08,12,0.0,39.580345,22.520712,2092
28349,r10i1p1f1,2092,08,13,0.0,40.10668,23.135063,2092
28350,r10i1p1f1,2092,08,14,0.0,40.408215,22.73542,2092
28351,r10i1p1f1,2092,08,15,0.0,39.397133,23.241308,2092
28352,r10i1p1f1,2092,08,16,0.0,38.2219,23.306885,2092
28353,r10i1p1f1,2092,08,17,0.0,41.177887,24.669958,2092
28354,r10i1p1f1,2092,08,18,0.0,40.68576,23.913733,2092
28355,r10i1p1f1,2092,08,19,0.0,37.85217,22.404745,2092
28356,r10i1p1f1,2092,08,20,0.0,34.368134,20.462845,2092
28357,r10i1p1f1,2092,08,21,0.0,32.16793,15.146375,2092
28358,r10i1p1f1,2092,08,22,0.0,35.925938,19.542036,2092
28359,r10i1p1f1,2092,08,23,0.0,36.69148,19.346601,2092
28360,r10i1p1f1,2092,08,24,0.0,35.70047,19.331018,2092
28361,r10i1p1f1,2092,08,25,0.0,37.858128,21.061735,2092
28362,r10i1p1f1,2092,08,26,0.0,40.337788,22.840105,2092
28363,r10i1p1f1,2092,08,27,0.0,39.96556,23.252916,2092
28364,r10i1p1f1,2092,08,28,0.0,40.98461,22.82951,2092
28365,r10i1p1f1,2092,08,29,0.0,41.250946,24.888731,2092
28366,r10i1p1f1,2092,08,30,0.0,40.800755,23.43485,2092
28367,r10i1p1f1,2092,08,31,0.0,39.965004,22.984777,2092
28368,r10i1p1f1,2092,09,01,0.0,40.649708,23.175177,2092
28369,r10i1p1f1,2092,09,02,0.0,40.365597,22.5485,2092
28370,r10i1p1f1,2092,09,03,0.0,39.21856,21.78872,2092
28371,r10i1p1f1,2092,09,04,0.0,39.512566,21.43095,2092
28372,r10i1p1f1,2092,09,05,0.0,42.38862,23.936913,2092
28373,r10i1p1f1,2092,09,06,0.0,41.89994,24.226633,2092
28374,r10i1p1f1,2092,09,07,0.0,42.69051,23.557737,2092
28375,r10i1p1f1,2092,09,08,0.0,41.679577,22.968254,2092
28376,r10i1p1f1,2092,09,09,0.0,35.13906,19.992035,2092
28377,r10i1p1f1,2092,09,10,0.0,32.35532,16.903215,2092
28378,r10i1p1f1,2092,09,11,0.0,30.55313,14.7570095,2092
28379,r10i1p1f1,2092,09,12,0.028125158701186592,25.710867,11.0969095,2092
28380,r10i1p1f1,2092,09,13,40.593812443119916,18.886145,6.266939,2092
28381,r10i1p1f1,2092,09,14,0.0,25.809193,7.0048103,2092
28382,r10i1p1f1,2092,09,15,0.0,30.818867,12.716587,2092
28383,r10i1p1f1,2092,09,16,0.0,33.044186,15.845743,2092
28384,r10i1p1f1,2092,09,17,0.0,32.898148,17.6125,2092
28385,r10i1p1f1,2092,09,18,0.0,31.093699,14.498376,2092
28386,r10i1p1f1,2092,09,19,0.0,30.498793,13.66987,2092
28387,r10i1p1f1,2092,09,20,0.17348171918695843,33.062416,18.715387,2092
28388,r10i1p1f1,2092,09,21,1.1896334151036794,37.108692,22.239298,2092
28389,r10i1p1f1,2092,09,22,0.2064146479489481,36.642353,21.506348,2092
28390,r10i1p1f1,2092,09,23,0.0,36.68544,21.450272,2092
28391,r10i1p1f1,2092,09,24,0.0,35.77127,20.914543,2092
28392,r10i1p1f1,2092,09,25,0.0,34.238503,19.188086,2092
28393,r10i1p1f1,2092,09,26,0.0,30.456778,15.891548,2092
28394,r10i1p1f1,2092,09,27,0.0,31.568851,16.811243,2092
28395,r10i1p1f1,2092,09,28,0.0,31.290306,16.746264,2092
28396,r10i1p1f1,2092,09,29,0.0,29.924946,15.171159,2092
28397,r10i1p1f1,2092,09,30,0.0,35.850132,18.076,2092
28398,r10i1p1f1,2092,10,01,0.0,35.175873,21.826202,2092
28399,r10i1p1f1,2092,10,02,49.69356354834561,33.888973,19.829628,2092
28400,r10i1p1f1,2092,10,03,1.4233254891702305,22.233337,10.230851,2092
28401,r10i1p1f1,2092,10,04,0.0,21.277906,8.963849,2092
28402,r10i1p1f1,2092,10,05,0.0,24.1542,10.567707,2092
28403,r10i1p1f1,2092,10,06,0.0,26.573689,9.289227,2092
28404,r10i1p1f1,2092,10,07,0.0,28.082378,12.383277,2092
28405,r10i1p1f1,2092,10,08,0.0,28.0333,12.588062,2092
28406,r10i1p1f1,2092,10,09,0.0,28.953314,14.260348,2092
28407,r10i1p1f1,2092,10,10,0.0,30.901194,15.389517,2092
28408,r10i1p1f1,2092,10,11,0.0,30.167171,15.359504,2092
28409,r10i1p1f1,2092,10,12,0.0,28.5969,13.342773,2092
28410,r10i1p1f1,2092,10,13,0.0,27.818754,13.80673,2092
28411,r10i1p1f1,2092,10,14,0.0,25.61529,11.541558,2092
28412,r10i1p1f1,2092,10,15,0.0,23.655897,9.833693,2092
28413,r10i1p1f1,2092,10,16,0.0,22.271154,9.779101,2092
28414,r10i1p1f1,2092,10,17,0.0,23.972666,8.005132,2092
28415,r10i1p1f1,2092,10,18,0.0,22.348923,7.0095406,2092
28416,r10i1p1f1,2092,10,19,0.0,21.8413,7.861739,2092
28417,r10i1p1f1,2092,10,20,0.0,19.316711,5.8935943,2092
28418,r10i1p1f1,2092,10,21,0.0,17.424486,4.7206097,2092
28419,r10i1p1f1,2092,10,22,0.0,20.283434,5.6479645,2092
28420,r10i1p1f1,2092,10,23,0.0,20.419403,5.1912894,2092
28421,r10i1p1f1,2092,10,24,8.415318528760077,19.679663,10.41432,2092
28422,r10i1p1f1,2092,10,25,0.8535188042395404,22.354721,8.138895,2092
28423,r10i1p1f1,2092,10,26,0.0,21.9052,9.032967,2092
28424,r10i1p1f1,2092,10,27,0.0,23.719408,7.7812886,2092
28425,r10i1p1f1,2092,10,28,0.0,24.390549,9.879931,2092
28426,r10i1p1f1,2092,10,29,7.824131258875193,26.699303,13.014613,2092
28427,r10i1p1f1,2092,10,30,2.4948030339720915,19.382927,12.233204,2092
28428,r10i1p1f1,2092,10,31,0.0,22.864325,11.137798,2092
28429,r10i1p1f1,2092,11,01,0.0,24.021717,10.041793,2092
28430,r10i1p1f1,2092,11,02,0.0,25.593014,12.536892,2092
28431,r10i1p1f1,2092,11,03,1.694304016985514,26.356394,15.516146,2092
28432,r10i1p1f1,2092,11,04,26.254431979644945,21.570805,17.586756,2092
28433,r10i1p1f1,2092,11,05,29.52852088155372,22.00164,12.032414,2092
28434,r10i1p1f1,2092,11,06,28.373895010659716,21.216206,16.479609,2092
28435,r10i1p1f1,2092,11,07,7.065836540699054,19.929205,13.001955,2092
28436,r10i1p1f1,2092,11,08,0.0,19.875578,6.4778585,2092
28437,r10i1p1f1,2092,11,09,1.6182705414489886,19.222216,8.825087,2092
28438,r10i1p1f1,2092,11,10,3.2289818818969107,22.369816,9.44443,2092
28439,r10i1p1f1,2092,11,11,0.03414269439130485,24.831472,11.527373,2092
28440,r10i1p1f1,2092,11,12,0.357709761833815,24.763977,14.385648,2092
28441,r10i1p1f1,2092,11,13,0.0,17.127874,5.7298245,2092
28442,r10i1p1f1,2092,11,14,0.0,18.846964,5.7911334,2092
28443,r10i1p1f1,2092,11,15,0.0,18.593168,3.981675,2092
28444,r10i1p1f1,2092,11,16,0.28346416466104674,11.298226,-0.5683503,2092
28445,r10i1p1f1,2092,11,17,0.0,9.643171,-2.1219835,2092
28446,r10i1p1f1,2092,11,18,0.0,12.942315,-0.84528893,2092
28447,r10i1p1f1,2092,11,19,0.0,13.541048,-1.1921628,2092
28448,r10i1p1f1,2092,11,20,0.0,14.811953,0.42360145,2092
28449,r10i1p1f1,2092,11,21,0.12193515418690176,14.57627,1.9480141,2092
28450,r10i1p1f1,2092,11,22,0.6800110720513132,12.326526,3.0886898,2092
28451,r10i1p1f1,2092,11,23,0.10119733736868702,13.743746,2.7475178,2092
28452,r10i1p1f1,2092,11,24,4.62477303375827,13.79071,6.2284226,2092
28453,r10i1p1f1,2092,11,25,1.9352724696402315,12.637749,5.3171167,2092
28454,r10i1p1f1,2092,11,26,39.36612407958723,11.4359865,3.4553938,2092
28455,r10i1p1f1,2092,11,27,23.73880401298122,7.446458,1.237028,2092
28456,r10i1p1f1,2092,11,28,27.112233970547095,8.97008,1.8425093,2092
28457,r10i1p1f1,2092,11,29,22.489456651046087,10.039825,4.7449656,2092
28458,r10i1p1f1,2092,11,30,66.55463684031642,14.768552,6.2137556,2092
28459,r10i1p1f1,2092,12,01,16.12265441362979,11.547522,4.6840515,2092
28460,r10i1p1f1,2092,12,02,112.0799485434729,14.845947,8.064499,2092
28461,r10i1p1f1,2092,12,03,5.563094976272815,11.970539,6.7662315,2092
28462,r10i1p1f1,2092,12,04,22.042716178801033,10.461624,5.005712,2092
28463,r10i1p1f1,2092,12,05,0.0,11.049054,5.8163686,2092
28464,r10i1p1f1,2092,12,06,0.0,13.444099,2.4612932,2092
28465,r10i1p1f1,2092,12,07,0.0,12.746801,3.5147038,2092
28466,r10i1p1f1,2092,12,08,22.01855832137976,11.66475,6.59151,2092
28467,r10i1p1f1,2092,12,09,0.0,14.767998,5.083128,2092
28468,r10i1p1f1,2092,12,10,2.279454026512739,12.564117,5.7879353,2092
28469,r10i1p1f1,2092,12,11,18.610350546843716,16.254969,7.1627774,2092
28470,r10i1p1f1,2092,12,12,45.23177309770529,16.282282,11.591369,2092
28471,r10i1p1f1,2092,12,13,30.495488602900878,15.113927,10.160556,2092
28472,r10i1p1f1,2092,12,14,4.343017606458345,12.417198,2.5051045,2092
28473,r10i1p1f1,2092,12,15,0.0,12.303814,2.4565027,2092
28474,r10i1p1f1,2092,12,16,0.0,12.972258,3.342257,2092
28475,r10i1p1f1,2092,12,17,0.0,16.439947,5.4497337,2092
28476,r10i1p1f1,2092,12,18,0.0,18.401262,6.1880302,2092
28477,r10i1p1f1,2092,12,19,0.0,19.444035,6.2740374,2092
28478,r10i1p1f1,2092,12,20,0.0,18.40424,6.571063,2092
28479,r10i1p1f1,2092,12,21,0.0,18.756832,8.096965,2092
28480,r10i1p1f1,2092,12,22,0.0,17.660212,5.7771664,2092
28481,r10i1p1f1,2092,12,23,8.255300095927515,16.59932,4.161684,2092
28482,r10i1p1f1,2092,12,24,0.0,14.880514,2.901966,2092
28483,r10i1p1f1,2092,12,25,0.0,14.541563,3.167813,2092
28484,r10i1p1f1,2092,12,26,0.0,14.400084,3.1258328,2092
28485,r10i1p1f1,2092,12,27,0.0,12.546546,6.8070607,2092
28486,r10i1p1f1,2092,12,28,0.0,15.533823,3.4140873,2092
28487,r10i1p1f1,2092,12,29,0.0,15.66055,4.1823063,2092
28488,r10i1p1f1,2092,12,30,8.939236444252616,13.003859,4.716109,2092
28489,r10i1p1f1,2092,12,31,0.0,13.73769,2.6534722,2092
28490,r10i1p1f1,2093,01,01,0.0,14.071752,4.4036703,2093
28491,r10i1p1f1,2093,01,02,0.0,13.067409,5.473057,2093
28492,r10i1p1f1,2093,01,03,0.0,14.298038,3.5422957,2093
28493,r10i1p1f1,2093,01,04,0.0,15.472801,3.5420103,2093
28494,r10i1p1f1,2093,01,05,0.0,14.978318,3.6768582,2093
28495,r10i1p1f1,2093,01,06,0.0,15.237716,3.3982284,2093
28496,r10i1p1f1,2093,01,07,0.0,19.566217,6.022357,2093
28497,r10i1p1f1,2093,01,08,0.0,18.926228,6.433132,2093
28498,r10i1p1f1,2093,01,09,0.0,18.498484,6.4044943,2093
28499,r10i1p1f1,2093,01,10,0.0,17.892633,6.7553525,2093
28500,r10i1p1f1,2093,01,11,0.0,17.777948,6.3958,2093
28501,r10i1p1f1,2093,01,12,0.0,16.207106,6.3926334,2093
28502,r10i1p1f1,2093,01,13,0.0,14.52455,6.01376,2093
28503,r10i1p1f1,2093,01,14,1.0441151306191674,12.649365,7.5291104,2093
28504,r10i1p1f1,2093,01,15,0.0,16.486721,2.748821,2093
28505,r10i1p1f1,2093,01,16,6.4175469409459955,15.984417,4.3677697,2093
28506,r10i1p1f1,2093,01,17,0.8408738987722436,13.010808,5.144362,2093
28507,r10i1p1f1,2093,01,18,3.966085790134936,12.809894,4.0728655,2093
28508,r10i1p1f1,2093,01,19,8.32467504858773,13.733018,5.835213,2093
28509,r10i1p1f1,2093,01,20,0.0,14.157569,3.5558336,2093
28510,r10i1p1f1,2093,01,21,0.0,13.616697,1.2628415,2093
28511,r10i1p1f1,2093,01,22,1.0390285920809255,11.096393,2.8085577,2093
28512,r10i1p1f1,2093,01,23,0.0,15.549875,2.7199943,2093
28513,r10i1p1f1,2093,01,24,0.0,16.983105,5.5177145,2093
28514,r10i1p1f1,2093,01,25,0.0,20.892475,7.8613634,2093
28515,r10i1p1f1,2093,01,26,0.0,21.487589,9.7535,2093
28516,r10i1p1f1,2093,01,27,0.0,23.225895,10.135658,2093
28517,r10i1p1f1,2093,01,28,0.0,23.758146,8.583093,2093
28518,r10i1p1f1,2093,01,29,0.0,22.436604,9.411502,2093
28519,r10i1p1f1,2093,01,30,0.0,22.486454,9.884502,2093
28520,r10i1p1f1,2093,01,31,0.0,22.515802,10.476521,2093
28521,r10i1p1f1,2093,02,01,0.0,22.43213,9.754519,2093
28522,r10i1p1f1,2093,02,02,2.1174621448010025,19.821909,7.977276,2093
28523,r10i1p1f1,2093,02,03,1.1418941306912624,14.943815,7.4540873,2093
28524,r10i1p1f1,2093,02,04,8.336880510002008,15.390468,3.7183926,2093
28525,r10i1p1f1,2093,02,05,49.62813772083456,15.795945,4.582917,2093
28526,r10i1p1f1,2093,02,06,3.247106462712461,9.735468,3.009965,2093
28527,r10i1p1f1,2093,02,07,0.0,13.655233,1.7471619,2093
28528,r10i1p1f1,2093,02,08,0.0,12.831142,0.1194458,2093
28529,r10i1p1f1,2093,02,09,0.0,12.86943,0.70191836,2093
28530,r10i1p1f1,2093,02,10,0.0,13.58791,2.1577435,2093
28531,r10i1p1f1,2093,02,11,1.6712183790284478,12.71856,4.01582,2093
28532,r10i1p1f1,2093,02,12,14.899412963361675,11.314663,7.5702443,2093
28533,r10i1p1f1,2093,02,13,5.838179166771863,16.844824,5.1915226,2093
28534,r10i1p1f1,2093,02,14,0.0,19.099228,5.1422024,2093
28535,r10i1p1f1,2093,02,15,0.0,21.088655,7.958973,2093
28536,r10i1p1f1,2093,02,16,0.0,21.962269,9.613782,2093
28537,r10i1p1f1,2093,02,17,0.0,22.080961,10.355376,2093
28538,r10i1p1f1,2093,02,18,0.0,18.50596,8.703358,2093
28539,r10i1p1f1,2093,02,19,2.1799449572307297,15.790561,7.0524325,2093
28540,r10i1p1f1,2093,02,20,0.0,17.572525,4.537343,2093
28541,r10i1p1f1,2093,02,21,7.559067973335531,17.992828,7.3859005,2093
28542,r10i1p1f1,2093,02,22,20.584096275668248,11.330857,4.307826,2093
28543,r10i1p1f1,2093,02,23,0.0511772647912853,12.672525,1.5257572,2093
28544,r10i1p1f1,2093,02,24,0.0,12.749236,2.25182,2093
28545,r10i1p1f1,2093,02,25,0.0,14.141277,0.979398,2093
28546,r10i1p1f1,2093,02,26,0.0,14.025702,1.4542265,2093
28547,r10i1p1f1,2093,02,27,0.0,13.778576,4.4001956,2093
28548,r10i1p1f1,2093,02,28,2.8906010641740547,12.263527,4.573622,2093
28549,r10i1p1f1,2093,03,01,0.0,15.998675,3.6269016,2093
28550,r10i1p1f1,2093,03,02,0.0,15.5588,1.8857756,2093
28551,r10i1p1f1,2093,03,03,0.016658027810703253,14.768815,4.62766,2093
28552,r10i1p1f1,2093,03,04,66.34841161583991,11.597375,7.1574416,2093
28553,r10i1p1f1,2093,03,05,21.748789553959412,14.828193,6.206804,2093
28554,r10i1p1f1,2093,03,06,24.013938909966352,14.189385,5.961615,2093
28555,r10i1p1f1,2093,03,07,6.698909138772012,12.315547,4.4293327,2093
28556,r10i1p1f1,2093,03,08,16.028955552687158,12.363199,7.296489,2093
28557,r10i1p1f1,2093,03,09,29.301956938702222,14.504352,8.666769,2093
28558,r10i1p1f1,2093,03,10,0.0,19.249275,2.8581793,2093
28559,r10i1p1f1,2093,03,11,0.0,19.555853,8.456404,2093
28560,r10i1p1f1,2093,03,12,32.87919629426477,15.417011,8.854526,2093
28561,r10i1p1f1,2093,03,13,0.0,15.023343,6.4936333,2093
28562,r10i1p1f1,2093,03,14,0.23695133321493095,20.02572,7.5053334,2093
28563,r10i1p1f1,2093,03,15,0.0,22.337553,8.444647,2093
28564,r10i1p1f1,2093,03,16,0.0,22.648695,9.009812,2093
28565,r10i1p1f1,2093,03,17,6.185058242944682,18.665548,7.0403266,2093
28566,r10i1p1f1,2093,03,18,2.572077291820039,11.850053,4.155954,2093
28567,r10i1p1f1,2093,03,19,0.0,15.730617,2.5092995,2093
28568,r10i1p1f1,2093,03,20,0.0,16.850796,3.7779408,2093
28569,r10i1p1f1,2093,03,21,0.3026279043297109,14.265172,6.8629184,2093
28570,r10i1p1f1,2093,03,22,0.49102038371744894,15.969309,7.7912765,2093
28571,r10i1p1f1,2093,03,23,0.0,18.234186,4.541207,2093
28572,r10i1p1f1,2093,03,24,0.000528825670411798,18.959097,5.5650682,2093
28573,r10i1p1f1,2093,03,25,15.01398593950159,16.451763,7.3585463,2093
28574,r10i1p1f1,2093,03,26,0.0,18.273901,7.7337413,2093
28575,r10i1p1f1,2093,03,27,3.415793287608961,16.363827,7.6021285,2093
28576,r10i1p1f1,2093,03,28,14.592368932330588,16.275848,9.43661,2093
28577,r10i1p1f1,2093,03,29,33.22087014653095,15.377709,4.2659125,2093
28578,r10i1p1f1,2093,03,30,1.9349948426476784,14.034149,6.4885483,2093
28579,r10i1p1f1,2093,03,31,4.5668451894782365,13.53523,5.030819,2093
28580,r10i1p1f1,2093,04,01,16.86904424821382,13.067229,6.7858076,2093
28581,r10i1p1f1,2093,04,02,10.41750764906235,14.104057,8.621007,2093
28582,r10i1p1f1,2093,04,03,0.0,20.2951,6.8869643,2093
28583,r10i1p1f1,2093,04,04,0.0,19.993008,7.18302,2093
28584,r10i1p1f1,2093,04,05,6.920944772565762,17.960434,8.432612,2093
28585,r10i1p1f1,2093,04,06,0.0,18.202513,6.3661103,2093
28586,r10i1p1f1,2093,04,07,0.18727383170411677,17.491356,5.2042656,2093
28587,r10i1p1f1,2093,04,08,0.0,19.109283,5.6691628,2093
28588,r10i1p1f1,2093,04,09,0.0,18.327402,4.899906,2093
28589,r10i1p1f1,2093,04,10,0.0,20.47378,7.155977,2093
28590,r10i1p1f1,2093,04,11,0.0,22.80653,8.678713,2093
28591,r10i1p1f1,2093,04,12,0.0,23.632393,9.854866,2093
28592,r10i1p1f1,2093,04,13,8.712673835199032,18.998898,6.03339,2093
28593,r10i1p1f1,2093,04,14,0.010799883717769071,24.667227,7.7162123,2093
28594,r10i1p1f1,2093,04,15,0.0,27.077063,10.780635,2093
28595,r10i1p1f1,2093,04,16,0.0,26.36995,12.1280155,2093
28596,r10i1p1f1,2093,04,17,0.0,24.633625,11.7196455,2093
28597,r10i1p1f1,2093,04,18,0.0,26.720793,11.670528,2093
28598,r10i1p1f1,2093,04,19,0.005460470435393386,26.049292,12.974569,2093
28599,r10i1p1f1,2093,04,20,0.0,24.513842,10.606108,2093
28600,r10i1p1f1,2093,04,21,0.0,23.867004,9.333383,2093
28601,r10i1p1f1,2093,04,22,1.4558633803349756,16.863256,5.1498823,2093
28602,r10i1p1f1,2093,04,23,0.0,24.788223,9.297441,2093
28603,r10i1p1f1,2093,04,24,0.0,27.936945,13.689122,2093
28604,r10i1p1f1,2093,04,25,0.0,26.25755,11.319508,2093
28605,r10i1p1f1,2093,04,26,0.0,27.552149,11.106495,2093
28606,r10i1p1f1,2093,04,27,0.0,27.724384,13.057439,2093
28607,r10i1p1f1,2093,04,28,0.0,26.47965,11.1870165,2093
28608,r10i1p1f1,2093,04,29,0.0,25.755081,11.075417,2093
28609,r10i1p1f1,2093,04,30,0.0,26.459913,11.764865,2093
28610,r10i1p1f1,2093,05,01,0.0,24.673014,11.698751,2093
28611,r10i1p1f1,2093,05,02,21.907466131807794,19.237173,5.19483,2093
28612,r10i1p1f1,2093,05,03,2.6077753738407314,19.579485,6.3790803,2093
28613,r10i1p1f1,2093,05,04,0.0,26.069242,11.766351,2093
28614,r10i1p1f1,2093,05,05,0.0,29.83212,14.281844,2093
28615,r10i1p1f1,2093,05,06,0.0,30.093866,15.519586,2093
28616,r10i1p1f1,2093,05,07,0.0,29.937002,15.335979,2093
28617,r10i1p1f1,2093,05,08,0.0,30.763193,15.251823,2093
28618,r10i1p1f1,2093,05,09,0.0,33.133545,16.635128,2093
28619,r10i1p1f1,2093,05,10,0.0,33.26912,19.212362,2093
28620,r10i1p1f1,2093,05,11,0.0,32.898273,17.36497,2093
28621,r10i1p1f1,2093,05,12,0.0,30.668058,15.150067,2093
28622,r10i1p1f1,2093,05,13,0.0,28.786451,13.192528,2093
28623,r10i1p1f1,2093,05,14,0.0,30.152592,15.88362,2093
28624,r10i1p1f1,2093,05,15,0.0,32.24109,15.419763,2093
28625,r10i1p1f1,2093,05,16,0.0,32.153366,16.872957,2093
28626,r10i1p1f1,2093,05,17,0.0,29.502438,15.272712,2093
28627,r10i1p1f1,2093,05,18,0.0,28.017244,12.404285,2093
28628,r10i1p1f1,2093,05,19,0.0,23.7751,9.357288,2093
28629,r10i1p1f1,2093,05,20,0.0,27.231361,10.345612,2093
28630,r10i1p1f1,2093,05,21,0.0,26.659342,10.111957,2093
28631,r10i1p1f1,2093,05,22,0.0,25.06488,9.5699625,2093
28632,r10i1p1f1,2093,05,23,0.0,26.48093,9.837608,2093
28633,r10i1p1f1,2093,05,24,0.0,29.469267,14.13753,2093
28634,r10i1p1f1,2093,05,25,0.0,29.777903,16.255198,2093
28635,r10i1p1f1,2093,05,26,0.0,28.108013,12.965938,2093
28636,r10i1p1f1,2093,05,27,0.0,29.876503,14.331883,2093
28637,r10i1p1f1,2093,05,28,0.0,28.95776,13.2246,2093
28638,r10i1p1f1,2093,05,29,0.0,32.49057,14.784584,2093
28639,r10i1p1f1,2093,05,30,0.0,36.262722,18.742891,2093
28640,r10i1p1f1,2093,05,31,0.0,35.240707,19.984613,2093
28641,r10i1p1f1,2093,06,01,0.0,32.658672,15.957219,2093
28642,r10i1p1f1,2093,06,02,0.0,27.868769,11.161976,2093
28643,r10i1p1f1,2093,06,03,0.0,28.912907,14.292773,2093
28644,r10i1p1f1,2093,06,04,0.0,33.800377,17.060104,2093
28645,r10i1p1f1,2093,06,05,0.0,37.42556,19.260626,2093
28646,r10i1p1f1,2093,06,06,0.0,39.803368,21.499191,2093
28647,r10i1p1f1,2093,06,07,0.0,40.837017,22.528015,2093
28648,r10i1p1f1,2093,06,08,0.0,41.612965,24.47535,2093
28649,r10i1p1f1,2093,06,09,0.0,37.12538,22.47323,2093
28650,r10i1p1f1,2093,06,10,0.0,30.960873,17.753057,2093
28651,r10i1p1f1,2093,06,11,0.0,30.387291,13.501868,2093
28652,r10i1p1f1,2093,06,12,0.0,30.069115,12.55549,2093
28653,r10i1p1f1,2093,06,13,0.0,30.104206,13.921234,2093
28654,r10i1p1f1,2093,06,14,0.0,29.255661,13.9942255,2093
28655,r10i1p1f1,2093,06,15,0.0,26.943382,12.167067,2093
28656,r10i1p1f1,2093,06,16,0.0,27.524582,13.161434,2093
28657,r10i1p1f1,2093,06,17,0.0,30.485092,11.376355,2093
28658,r10i1p1f1,2093,06,18,0.0,29.465206,16.03773,2093
28659,r10i1p1f1,2093,06,19,0.0,27.530298,12.645574,2093
28660,r10i1p1f1,2093,06,20,0.0,28.799889,10.9068165,2093
28661,r10i1p1f1,2093,06,21,0.0,28.598486,14.570846,2093
28662,r10i1p1f1,2093,06,22,1.6785002595976326,24.589537,8.04746,2093
28663,r10i1p1f1,2093,06,23,1.6008796172747297,21.975788,8.312477,2093
28664,r10i1p1f1,2093,06,24,0.0,33.93522,14.829567,2093
28665,r10i1p1f1,2093,06,25,0.0,36.90487,19.337233,2093
28666,r10i1p1f1,2093,06,26,0.0,37.271328,21.25273,2093
28667,r10i1p1f1,2093,06,27,0.0,38.22439,22.00145,2093
28668,r10i1p1f1,2093,06,28,0.0,40.132893,23.509157,2093
28669,r10i1p1f1,2093,06,29,0.0,41.612553,25.226376,2093
28670,r10i1p1f1,2093,06,30,0.0,40.904156,23.630167,2093
28671,r10i1p1f1,2093,07,01,0.0,35.77939,19.770039,2093
28672,r10i1p1f1,2093,07,02,0.0,38.223827,20.590487,2093
28673,r10i1p1f1,2093,07,03,0.0,38.12286,21.646755,2093
28674,r10i1p1f1,2093,07,04,0.0,36.325855,19.714302,2093
28675,r10i1p1f1,2093,07,05,0.0,35.632645,18.906124,2093
28676,r10i1p1f1,2093,07,06,0.0,37.57518,19.604378,2093
28677,r10i1p1f1,2093,07,07,0.0,37.709576,19.922684,2093
28678,r10i1p1f1,2093,07,08,0.0,35.093006,18.657303,2093
28679,r10i1p1f1,2093,07,09,0.0,35.167538,17.940868,2093
28680,r10i1p1f1,2093,07,10,0.0,35.46481,17.712729,2093
28681,r10i1p1f1,2093,07,11,0.0,37.19187,19.9346,2093
28682,r10i1p1f1,2093,07,12,0.0,38.11859,20.246214,2093
28683,r10i1p1f1,2093,07,13,0.0,39.500954,22.027748,2093
28684,r10i1p1f1,2093,07,14,0.0,41.13867,22.47277,2093
28685,r10i1p1f1,2093,07,15,0.0,42.11914,23.711584,2093
28686,r10i1p1f1,2093,07,16,0.0,41.197056,24.288538,2093
28687,r10i1p1f1,2093,07,17,0.0,39.688393,22.445642,2093
28688,r10i1p1f1,2093,07,18,0.0,36.922558,19.690578,2093
28689,r10i1p1f1,2093,07,19,0.0,35.7171,18.314835,2093
28690,r10i1p1f1,2093,07,20,0.0,35.47573,17.831276,2093
28691,r10i1p1f1,2093,07,21,0.0,35.883976,17.416107,2093
28692,r10i1p1f1,2093,07,22,0.0,35.179935,19.616676,2093
28693,r10i1p1f1,2093,07,23,0.0,34.761932,17.72987,2093
28694,r10i1p1f1,2093,07,24,0.0,37.166904,18.432947,2093
28695,r10i1p1f1,2093,07,25,0.0,39.268837,20.207605,2093
28696,r10i1p1f1,2093,07,26,0.0,41.059307,22.836065,2093
28697,r10i1p1f1,2093,07,27,0.0,42.154507,23.322151,2093
28698,r10i1p1f1,2093,07,28,0.0,40.833298,22.218103,2093
28699,r10i1p1f1,2093,07,29,0.0,39.615128,26.949448,2093
28700,r10i1p1f1,2093,07,30,0.0,39.070755,21.918451,2093
28701,r10i1p1f1,2093,07,31,0.0,37.194622,19.9213,2093
28702,r10i1p1f1,2093,08,01,0.0,39.600742,20.140366,2093
28703,r10i1p1f1,2093,08,02,0.0,39.626564,22.388504,2093
28704,r10i1p1f1,2093,08,03,0.0,40.678295,23.459951,2093
28705,r10i1p1f1,2093,08,04,0.0,40.859215,23.595587,2093
28706,r10i1p1f1,2093,08,05,0.0,39.52736,22.604374,2093
28707,r10i1p1f1,2093,08,06,0.0,39.09045,21.341957,2093
28708,r10i1p1f1,2093,08,07,0.0,38.748997,22.367517,2093
28709,r10i1p1f1,2093,08,08,0.0,38.078266,21.93608,2093
28710,r10i1p1f1,2093,08,09,0.0,36.434486,20.786528,2093
28711,r10i1p1f1,2093,08,10,0.0,37.89315,21.753275,2093
28712,r10i1p1f1,2093,08,11,11.558868463371732,34.12796,23.541683,2093
28713,r10i1p1f1,2093,08,12,0.0,37.442074,21.55466,2093
28714,r10i1p1f1,2093,08,13,0.0,36.76122,21.61575,2093
28715,r10i1p1f1,2093,08,14,0.0,34.004894,18.629282,2093
28716,r10i1p1f1,2093,08,15,0.0,32.079975,15.53382,2093
28717,r10i1p1f1,2093,08,16,0.0,29.45317,13.016086,2093
28718,r10i1p1f1,2093,08,17,0.0,28.677889,14.925711,2093
28719,r10i1p1f1,2093,08,18,0.0,28.798035,13.953665,2093
28720,r10i1p1f1,2093,08,19,0.0,33.366257,15.745563,2093
28721,r10i1p1f1,2093,08,20,0.0,35.60238,18.534405,2093
28722,r10i1p1f1,2093,08,21,0.0,37.210743,19.511986,2093
28723,r10i1p1f1,2093,08,22,0.0,38.912003,21.92254,2093
28724,r10i1p1f1,2093,08,23,0.0,38.487873,22.336767,2093
28725,r10i1p1f1,2093,08,24,0.0,35.792442,19.565762,2093
28726,r10i1p1f1,2093,08,25,0.0,34.89613,18.56828,2093
28727,r10i1p1f1,2093,08,26,0.0,34.923088,19.4046,2093
28728,r10i1p1f1,2093,08,27,0.0,33.74881,18.054647,2093
28729,r10i1p1f1,2093,08,28,0.0,34.9238,18.063297,2093
28730,r10i1p1f1,2093,08,29,0.0,35.606747,18.086079,2093
28731,r10i1p1f1,2093,08,30,0.0,37.600098,19.887,2093
28732,r10i1p1f1,2093,08,31,0.0,37.6184,20.243835,2093
28733,r10i1p1f1,2093,09,01,0.0,36.36742,20.539307,2093
28734,r10i1p1f1,2093,09,02,0.0,34.325714,18.638136,2093
28735,r10i1p1f1,2093,09,03,0.0,36.52776,19.2615,2093
28736,r10i1p1f1,2093,09,04,0.0,35.70833,20.040895,2093
28737,r10i1p1f1,2093,09,05,0.0,34.46349,18.150885,2093
28738,r10i1p1f1,2093,09,06,0.0,34.617138,18.261053,2093
28739,r10i1p1f1,2093,09,07,0.0,37.02768,19.997856,2093
28740,r10i1p1f1,2093,09,08,0.0,38.211613,21.056812,2093
28741,r10i1p1f1,2093,09,09,0.0,38.893696,22.175295,2093
28742,r10i1p1f1,2093,09,10,0.0,37.544098,22.001257,2093
28743,r10i1p1f1,2093,09,11,0.0,36.079098,19.539423,2093
28744,r10i1p1f1,2093,09,12,0.0,38.74826,21.487286,2093
28745,r10i1p1f1,2093,09,13,0.0,40.081818,22.473852,2093
28746,r10i1p1f1,2093,09,14,0.0,39.70081,22.886856,2093
28747,r10i1p1f1,2093,09,15,0.0,35.576035,23.370422,2093
28748,r10i1p1f1,2093,09,16,0.0,35.891674,22.845531,2093
28749,r10i1p1f1,2093,09,17,0.0,39.288906,23.462126,2093
28750,r10i1p1f1,2093,09,18,0.0,39.180843,23.756353,2093
28751,r10i1p1f1,2093,09,19,0.0,38.932858,24.7273,2093
28752,r10i1p1f1,2093,09,20,0.0,36.565426,22.595963,2093
28753,r10i1p1f1,2093,09,21,0.0,35.839737,20.967894,2093
28754,r10i1p1f1,2093,09,22,0.0,35.91145,20.826656,2093
28755,r10i1p1f1,2093,09,23,0.0,34.633495,19.978664,2093
28756,r10i1p1f1,2093,09,24,0.0,33.436188,19.016315,2093
28757,r10i1p1f1,2093,09,25,0.0,35.159092,19.364355,2093
28758,r10i1p1f1,2093,09,26,0.0,34.890106,19.737074,2093
28759,r10i1p1f1,2093,09,27,0.0,36.660515,20.490908,2093
28760,r10i1p1f1,2093,09,28,0.0,39.412888,22.430548,2093
28761,r10i1p1f1,2093,09,29,0.0,39.063824,22.901209,2093
28762,r10i1p1f1,2093,09,30,0.0,40.083805,23.959345,2093
28763,r10i1p1f1,2093,10,01,0.0,30.364637,19.159855,2093
28764,r10i1p1f1,2093,10,02,7.246951517108276,26.40767,13.306231,2093
28765,r10i1p1f1,2093,10,03,0.0,23.954931,9.121152,2093
28766,r10i1p1f1,2093,10,04,0.0,25.086372,10.944857,2093
28767,r10i1p1f1,2093,10,05,0.0,26.919048,10.870418,2093
28768,r10i1p1f1,2093,10,06,0.0,28.652218,13.163985,2093
28769,r10i1p1f1,2093,10,07,11.838923980739262,28.951603,15.922961,2093
28770,r10i1p1f1,2093,10,08,0.0,19.558105,6.330614,2093
28771,r10i1p1f1,2093,10,09,0.0,21.213497,8.627424,2093
28772,r10i1p1f1,2093,10,10,0.32896309417801123,26.701168,12.723767,2093
28773,r10i1p1f1,2093,10,11,0.028285449642632892,25.93982,13.79321,2093
28774,r10i1p1f1,2093,10,12,0.004239667862592748,23.681334,9.97081,2093
28775,r10i1p1f1,2093,10,13,0.0,24.418962,11.328973,2093
28776,r10i1p1f1,2093,10,14,23.34331833408214,24.220037,12.79565,2093
28777,r10i1p1f1,2093,10,15,0.0,20.467487,8.315745,2093
28778,r10i1p1f1,2093,10,16,0.0,20.284222,7.2819343,2093
28779,r10i1p1f1,2093,10,17,12.085017720413529,19.893112,11.37962,2093
28780,r10i1p1f1,2093,10,18,60.72318431627201,18.758703,9.982857,2093
28781,r10i1p1f1,2093,10,19,11.779430152244842,15.392972,7.290437,2093
28782,r10i1p1f1,2093,10,20,50.19688368468594,17.095018,9.565094,2093
28783,r10i1p1f1,2093,10,21,8.119460835434055,16.677279,4.182926,2093
28784,r10i1p1f1,2093,10,22,13.123721286779313,15.67253,4.276989,2093
28785,r10i1p1f1,2093,10,23,11.808367047399914,16.31419,8.594604,2093
28786,r10i1p1f1,2093,10,24,8.458165335086003,18.582708,11.426086,2093
28787,r10i1p1f1,2093,10,25,0.029836963183601926,18.999926,13.416312,2093
28788,r10i1p1f1,2093,10,26,0.03951561398265001,24.768103,12.369963,2093
28789,r10i1p1f1,2093,10,27,0.0,24.333618,10.070615,2093
28790,r10i1p1f1,2093,10,28,0.0,23.725824,10.573267,2093
28791,r10i1p1f1,2093,10,29,0.0,20.035536,7.054205,2093
28792,r10i1p1f1,2093,10,30,0.0,18.239454,5.583754,2093
28793,r10i1p1f1,2093,10,31,0.0,23.592484,6.6849465,2093
28794,r10i1p1f1,2093,11,01,0.0,22.547703,10.299177,2093
28795,r10i1p1f1,2093,11,02,0.0,20.296137,7.2590346,2093
28796,r10i1p1f1,2093,11,03,14.357253820803875,16.767267,7.260269,2093
28797,r10i1p1f1,2093,11,04,0.23964668735540104,15.921168,3.7217376,2093
28798,r10i1p1f1,2093,11,05,0.0,19.331215,5.541098,2093
28799,r10i1p1f1,2093,11,06,0.0,20.447456,7.523688,2093
28800,r10i1p1f1,2093,11,07,0.0,21.980375,7.043343,2093
28801,r10i1p1f1,2093,11,08,0.0,21.074394,4.773573,2093
28802,r10i1p1f1,2093,11,09,0.0,21.20122,5.9847164,2093
28803,r10i1p1f1,2093,11,10,0.0,21.699184,5.3498726,2093
28804,r10i1p1f1,2093,11,11,0.0,20.306932,6.996177,2093
28805,r10i1p1f1,2093,11,12,0.0,16.894888,5.6556654,2093
28806,r10i1p1f1,2093,11,13,2.519369170812225,15.778588,2.084885,2093
28807,r10i1p1f1,2093,11,14,6.761963755900823,12.318499,5.813213,2093
28808,r10i1p1f1,2093,11,15,0.0,13.626284,0.60095155,2093
28809,r10i1p1f1,2093,11,16,0.3800346267924301,14.605481,1.8456283,2093
28810,r10i1p1f1,2093,11,17,0.0,17.15235,4.9373612,2093
28811,r10i1p1f1,2093,11,18,0.0,18.955502,2.3934891,2093
28812,r10i1p1f1,2093,11,19,0.0,17.824514,5.708898,2093
28813,r10i1p1f1,2093,11,20,9.69307197512152,16.360775,7.6886163,2093
28814,r10i1p1f1,2093,11,21,15.411182159426206,12.48583,2.5314775,2093
28815,r10i1p1f1,2093,11,22,2.793733679563478,14.373543,3.0445867,2093
28816,r10i1p1f1,2093,11,23,0.1651918287279841,13.723363,0.8163958,2093
28817,r10i1p1f1,2093,11,24,4.001916771353296,12.832858,6.0637217,2093
28818,r10i1p1f1,2093,11,25,0.25366164028175836,20.069147,5.713685,2093
28819,r10i1p1f1,2093,11,26,0.0,18.801365,6.4098463,2093
28820,r10i1p1f1,2093,11,27,0.0,19.20752,5.8027906,2093
28821,r10i1p1f1,2093,11,28,0.0,22.434341,6.0844274,2093
28822,r10i1p1f1,2093,11,29,0.0,20.947,7.082388,2093
28823,r10i1p1f1,2093,11,30,0.0,17.129093,5.6246495,2093
28824,r10i1p1f1,2093,12,01,0.0,18.14275,6.160878,2093
28825,r10i1p1f1,2093,12,02,0.0,18.76902,6.3772335,2093
28826,r10i1p1f1,2093,12,03,0.0,19.489285,7.483363,2093
28827,r10i1p1f1,2093,12,04,0.0,20.215618,7.7668266,2093
28828,r10i1p1f1,2093,12,05,0.0,19.162003,6.690954,2093
28829,r10i1p1f1,2093,12,06,0.0,12.099683,1.6713911,2093
28830,r10i1p1f1,2093,12,07,0.0,13.584081,1.8644532,2093
28831,r10i1p1f1,2093,12,08,0.0,17.195612,4.6624393,2093
28832,r10i1p1f1,2093,12,09,0.0,15.350665,3.24134,2093
28833,r10i1p1f1,2093,12,10,0.0,14.706362,3.6203268,2093
28834,r10i1p1f1,2093,12,11,0.8502593742952357,11.388557,2.4858682,2093
28835,r10i1p1f1,2093,12,12,0.0,13.861453,2.2690506,2093
28836,r10i1p1f1,2093,12,13,0.0,19.713737,7.722095,2093
28837,r10i1p1f1,2093,12,14,0.0,17.80393,5.3597503,2093
28838,r10i1p1f1,2093,12,15,0.0,15.479283,4.9490585,2093
28839,r10i1p1f1,2093,12,16,0.019273195817061748,8.790652,0.257835,2093
28840,r10i1p1f1,2093,12,17,0.0,9.935224,-0.7869315,2093
28841,r10i1p1f1,2093,12,18,0.0,12.559746,0.18279868,2093
28842,r10i1p1f1,2093,12,19,0.0,13.28118,1.249247,2093
28843,r10i1p1f1,2093,12,20,0.0,15.367843,1.5542802,2093
28844,r10i1p1f1,2093,12,21,0.0,17.18852,2.6546578,2093
28845,r10i1p1f1,2093,12,22,1.0950157227494186,14.9016,3.9729939,2093
28846,r10i1p1f1,2093,12,23,21.337299154133927,9.555031,5.995473,2093
28847,r10i1p1f1,2093,12,24,9.401937615889198,9.403241,2.339636,2093
28848,r10i1p1f1,2093,12,25,0.0,9.051979,-1.448886,2093
28849,r10i1p1f1,2093,12,26,0.0,8.438886,-0.9405363,2093
28850,r10i1p1f1,2093,12,27,0.0,8.297293,-1.2662183,2093
28851,r10i1p1f1,2093,12,28,0.0,7.7591224,-3.0938294,2093
28852,r10i1p1f1,2093,12,29,0.0,9.86045,-3.103226,2093
28853,r10i1p1f1,2093,12,30,0.0,8.181474,-2.9090803,2093
28854,r10i1p1f1,2093,12,31,0.0,10.046043,0.39551243,2093
28855,r10i1p1f1,2094,01,01,12.793463133244874,7.408579,1.7501229,2094
28856,r10i1p1f1,2094,01,02,1.9425331593658102,5.7525673,-0.6519711,2094
28857,r10i1p1f1,2094,01,03,0.0,8.529661,-0.50954396,2094
28858,r10i1p1f1,2094,01,04,0.061514432041133806,9.832829,1.9115885,2094
28859,r10i1p1f1,2094,01,05,0.0,10.883617,-0.4808466,2094
28860,r10i1p1f1,2094,01,06,0.0,10.815285,5.1127105,2094
28861,r10i1p1f1,2094,01,07,0.0,11.115033,-0.315305,2094
28862,r10i1p1f1,2094,01,08,8.525868376455037,8.627026,0.8150978,2094
28863,r10i1p1f1,2094,01,09,6.463805695069057,7.092025,-0.55411893,2094
28864,r10i1p1f1,2094,01,10,0.0,9.181316,-2.436495,2094
28865,r10i1p1f1,2094,01,11,0.0,5.9418263,-5.573124,2094
28866,r10i1p1f1,2094,01,12,0.0,8.81412,-3.649295,2094
28867,r10i1p1f1,2094,01,13,0.0,8.071233,-3.119903,2094
28868,r10i1p1f1,2094,01,14,0.0,7.981201,-3.6021736,2094
28869,r10i1p1f1,2094,01,15,0.0,7.834606,-3.4513414,2094
28870,r10i1p1f1,2094,01,16,0.0,11.313332,-1.3916006,2094
28871,r10i1p1f1,2094,01,17,0.0,10.368631,-0.8305949,2094
28872,r10i1p1f1,2094,01,18,0.0,10.305566,-1.1679386,2094
28873,r10i1p1f1,2094,01,19,0.0,9.12442,0.76721734,2094
28874,r10i1p1f1,2094,01,20,16.21198710054159,5.712705,1.4545848,2094
28875,r10i1p1f1,2094,01,21,49.23550735999781,10.858917,-0.21578437,2094
28876,r10i1p1f1,2094,01,22,45.573387214436046,10.152379,5.6057925,2094
28877,r10i1p1f1,2094,01,23,31.54082385437122,15.373047,6.9075127,2094
28878,r10i1p1f1,2094,01,24,46.997321206512616,13.252844,8.929849,2094
28879,r10i1p1f1,2094,01,25,82.78613282600418,14.642123,9.112821,2094
28880,r10i1p1f1,2094,01,26,15.2766975713013,12.444376,1.3426793,2094
28881,r10i1p1f1,2094,01,27,26.674734530005434,6.3001595,2.1756866,2094
28882,r10i1p1f1,2094,01,28,0.0,9.094261,-0.020818409,2094
28883,r10i1p1f1,2094,01,29,18.894013480932795,6.222937,-0.71232367,2094
28884,r10i1p1f1,2094,01,30,7.3966890521612525,6.674261,2.4204066,2094
28885,r10i1p1f1,2094,01,31,0.0,13.750869,-0.1621696,2094
28886,r10i1p1f1,2094,02,01,0.0,14.268916,1.0446783,2094
28887,r10i1p1f1,2094,02,02,0.0,14.786313,2.876481,2094
28888,r10i1p1f1,2094,02,03,0.0,13.178041,4.3833046,2094
28889,r10i1p1f1,2094,02,04,0.0,10.21974,-0.93346125,2094
28890,r10i1p1f1,2094,02,05,0.0,8.59137,-2.2586281,2094
28891,r10i1p1f1,2094,02,06,0.0,7.976063,-2.306143,2094
28892,r10i1p1f1,2094,02,07,0.07209527822468724,10.510205,0.8107326,2094
28893,r10i1p1f1,2094,02,08,2.4337055780482557,9.717626,2.4093177,2094
28894,r10i1p1f1,2094,02,09,4.297589707496292,11.302678,4.4044533,2094
28895,r10i1p1f1,2094,02,10,49.3719248689319,16.463394,6.8376193,2094
28896,r10i1p1f1,2094,02,11,56.27764078151239,12.145267,7.296357,2094
28897,r10i1p1f1,2094,02,12,8.922990090841745,10.587532,6.795971,2094
28898,r10i1p1f1,2094,02,13,0.0,15.898836,6.1593165,2094
28899,r10i1p1f1,2094,02,14,7.02126921571203,15.437026,5.5719767,2094
28900,r10i1p1f1,2094,02,15,27.708124194300343,12.057999,6.4269867,2094
28901,r10i1p1f1,2094,02,16,31.768363665813876,11.614019,5.331233,2094
28902,r10i1p1f1,2094,02,17,0.0,15.401446,3.2070403,2094
28903,r10i1p1f1,2094,02,18,0.0,14.626331,4.197741,2094
28904,r10i1p1f1,2094,02,19,25.16774920789574,11.614595,6.759547,2094
28905,r10i1p1f1,2094,02,20,22.26721912677596,11.236525,6.7892036,2094
28906,r10i1p1f1,2094,02,21,0.0,19.03343,4.5060263,2094
28907,r10i1p1f1,2094,02,22,0.0,20.444992,6.837616,2094
28908,r10i1p1f1,2094,02,23,0.0,21.382263,7.8969703,2094
28909,r10i1p1f1,2094,02,24,0.0,21.64545,9.851127,2094
28910,r10i1p1f1,2094,02,25,0.0,19.159025,7.995391,2094
28911,r10i1p1f1,2094,02,26,0.19374253936946748,15.880188,5.4027658,2094
28912,r10i1p1f1,2094,02,27,2.352910606934625,14.111569,8.793433,2094
28913,r10i1p1f1,2094,02,28,0.0,17.1657,5.206061,2094
28914,r10i1p1f1,2094,03,01,0.0,18.416315,2.5572655,2094
28915,r10i1p1f1,2094,03,02,0.0,18.328882,2.7178633,2094
28916,r10i1p1f1,2094,03,03,0.0,22.443794,8.559692,2094
28917,r10i1p1f1,2094,03,04,0.0,21.922573,9.066389,2094
28918,r10i1p1f1,2094,03,05,32.08304074727685,18.673857,4.832873,2094
28919,r10i1p1f1,2094,03,06,55.63709441217055,12.00004,7.9743676,2094
28920,r10i1p1f1,2094,03,07,26.60336454420375,15.080099,7.494319,2094
28921,r10i1p1f1,2094,03,08,0.0,20.365623,6.9755235,2094
28922,r10i1p1f1,2094,03,09,27.98421333580719,16.342733,7.4588532,2094
28923,r10i1p1f1,2094,03,10,2.1877047200800197,11.9971695,4.170884,2094
28924,r10i1p1f1,2094,03,11,2.0776520534414695,12.442557,5.5020447,2094
28925,r10i1p1f1,2094,03,12,0.0,19.093416,4.250666,2094
28926,r10i1p1f1,2094,03,13,0.0,19.878592,5.170214,2094
28927,r10i1p1f1,2094,03,14,5.521585026872344,13.410274,7.2295675,2094
28928,r10i1p1f1,2094,03,15,3.6474419735130046,11.440769,3.8109934,2094
28929,r10i1p1f1,2094,03,16,0.0,17.950815,3.613694,2094
28930,r10i1p1f1,2094,03,17,0.0,18.02774,4.614173,2094
28931,r10i1p1f1,2094,03,18,21.91278334510954,14.337796,8.498146,2094
28932,r10i1p1f1,2094,03,19,39.22921310264715,13.74604,8.362537,2094
28933,r10i1p1f1,2094,03,20,11.477625069528585,11.98819,6.3815227,2094
28934,r10i1p1f1,2094,03,21,21.724751806591247,11.556882,6.3532143,2094
28935,r10i1p1f1,2094,03,22,25.813106207887788,13.732457,6.122247,2094
28936,r10i1p1f1,2094,03,23,0.08288936767616849,14.791536,6.262457,2094
28937,r10i1p1f1,2094,03,24,0.0,15.964892,3.4650216,2094
28938,r10i1p1f1,2094,03,25,0.0,16.224533,2.1884718,2094
28939,r10i1p1f1,2094,03,26,0.0,15.919258,3.348233,2094
28940,r10i1p1f1,2094,03,27,0.18569610696622954,14.551676,6.660324,2094
28941,r10i1p1f1,2094,03,28,0.0,19.852486,8.402369,2094
28942,r10i1p1f1,2094,03,29,0.0,22.700924,6.462719,2094
28943,r10i1p1f1,2094,03,30,0.0,21.740622,7.4114614,2094
28944,r10i1p1f1,2094,03,31,0.0,22.76626,8.0965805,2094
28945,r10i1p1f1,2094,04,01,0.0,21.786566,8.208134,2094
28946,r10i1p1f1,2094,04,02,0.0,21.60605,6.4110146,2094
28947,r10i1p1f1,2094,04,03,0.0,25.954117,9.527167,2094
28948,r10i1p1f1,2094,04,04,0.0,29.303768,10.723746,2094
28949,r10i1p1f1,2094,04,05,0.0,32.37476,13.510543,2094
28950,r10i1p1f1,2094,04,06,0.0,31.320328,12.458013,2094
28951,r10i1p1f1,2094,04,07,0.0670363171497899,21.6454,6.1554446,2094
28952,r10i1p1f1,2094,04,08,0.44874983104818966,20.586065,6.156757,2094
28953,r10i1p1f1,2094,04,09,0.0,22.17325,8.193779,2094
28954,r10i1p1f1,2094,04,10,3.4604497653545927,18.438095,5.258212,2094
28955,r10i1p1f1,2094,04,11,18.585931829568977,11.669671,5.948768,2094
28956,r10i1p1f1,2094,04,12,0.17553013235556136,18.704828,3.5422318,2094
28957,r10i1p1f1,2094,04,13,0.0,23.395184,5.905173,2094
28958,r10i1p1f1,2094,04,14,0.0,25.201166,8.572012,2094
28959,r10i1p1f1,2094,04,15,0.0,23.640276,11.1664095,2094
28960,r10i1p1f1,2094,04,16,0.0,20.794378,8.094457,2094
28961,r10i1p1f1,2094,04,17,0.0,20.38684,7.3437114,2094
28962,r10i1p1f1,2094,04,18,0.0,25.206278,8.633794,2094
28963,r10i1p1f1,2094,04,19,0.0,27.424326,12.762348,2094
28964,r10i1p1f1,2094,04,20,0.0,26.738394,11.728833,2094
28965,r10i1p1f1,2094,04,21,0.0,23.88589,12.222177,2094
28966,r10i1p1f1,2094,04,22,21.889412062438694,18.913254,4.4919887,2094
28967,r10i1p1f1,2094,04,23,13.53239044190942,11.925333,2.2265239,2094
28968,r10i1p1f1,2094,04,24,0.0,15.040807,4.014781,2094
28969,r10i1p1f1,2094,04,25,0.5335088816153937,15.098469,5.8218856,2094
28970,r10i1p1f1,2094,04,26,0.0,21.405102,7.949233,2094
28971,r10i1p1f1,2094,04,27,0.0,27.038752,9.755991,2094
28972,r10i1p1f1,2094,04,28,0.0,27.389822,13.213567,2094
28973,r10i1p1f1,2094,04,29,0.0,25.207747,11.231639,2094
28974,r10i1p1f1,2094,04,30,0.0,24.678686,10.130005,2094
28975,r10i1p1f1,2094,05,01,0.0,28.253498,11.220417,2094
28976,r10i1p1f1,2094,05,02,0.0,30.962122,14.464956,2094
28977,r10i1p1f1,2094,05,03,0.0,30.564133,14.961874,2094
28978,r10i1p1f1,2094,05,04,0.0,25.0912,10.391761,2094
28979,r10i1p1f1,2094,05,05,0.0,23.820848,9.658595,2094
28980,r10i1p1f1,2094,05,06,0.0,21.70839,5.5592537,2094
28981,r10i1p1f1,2094,05,07,0.0,24.221125,9.114735,2094
28982,r10i1p1f1,2094,05,08,0.0,24.571308,8.510132,2094
28983,r10i1p1f1,2094,05,09,0.0,25.82488,9.366138,2094
28984,r10i1p1f1,2094,05,10,0.0,28.96968,11.7419195,2094
28985,r10i1p1f1,2094,05,11,0.0,31.935707,13.985807,2094
28986,r10i1p1f1,2094,05,12,0.0,34.21634,18.068193,2094
28987,r10i1p1f1,2094,05,13,0.0,34.069126,16.341656,2094
28988,r10i1p1f1,2094,05,14,0.0,30.427227,14.606253,2094
28989,r10i1p1f1,2094,05,15,0.0,30.091558,14.993874,2094
28990,r10i1p1f1,2094,05,16,0.0,29.044395,14.169726,2094
28991,r10i1p1f1,2094,05,17,0.0,28.934118,13.591042,2094
28992,r10i1p1f1,2094,05,18,0.0,29.116972,14.146632,2094
28993,r10i1p1f1,2094,05,19,0.0,29.92165,15.149635,2094
28994,r10i1p1f1,2094,05,20,0.0,32.61436,16.249405,2094
28995,r10i1p1f1,2094,05,21,0.0,31.626215,15.542586,2094
28996,r10i1p1f1,2094,05,22,0.0,29.480892,15.968949,2094
28997,r10i1p1f1,2094,05,23,0.0,27.622574,10.721265,2094
28998,r10i1p1f1,2094,05,24,0.0,27.953976,10.719269,2094
28999,r10i1p1f1,2094,05,25,0.0,27.658785,12.838639,2094
29000,r10i1p1f1,2094,05,26,0.0,28.371191,11.154746,2094
29001,r10i1p1f1,2094,05,27,0.0,29.761175,12.921323,2094
29002,r10i1p1f1,2094,05,28,0.0,34.078094,18.52705,2094
29003,r10i1p1f1,2094,05,29,0.0,37.122616,22.221931,2094
29004,r10i1p1f1,2094,05,30,0.0,38.668205,21.483334,2094
29005,r10i1p1f1,2094,05,31,0.0,39.201138,20.769697,2094
29006,r10i1p1f1,2094,06,01,0.0,39.58596,23.055492,2094
29007,r10i1p1f1,2094,06,02,0.0,37.95948,22.33397,2094
29008,r10i1p1f1,2094,06,03,0.0,35.281567,19.325235,2094
29009,r10i1p1f1,2094,06,04,0.0,30.49701,15.579667,2094
29010,r10i1p1f1,2094,06,05,1.0435209773492573,23.935694,10.507632,2094
29011,r10i1p1f1,2094,06,06,0.0,19.52314,8.52231,2094
29012,r10i1p1f1,2094,06,07,0.0,21.464413,6.4681106,2094
29013,r10i1p1f1,2094,06,08,0.0,28.589037,10.70766,2094
29014,r10i1p1f1,2094,06,09,0.0,33.22822,15.874312,2094
29015,r10i1p1f1,2094,06,10,0.4537839984741846,31.177683,13.344464,2094
29016,r10i1p1f1,2094,06,11,1.0125181091624607,25.450598,10.869727,2094
29017,r10i1p1f1,2094,06,12,0.0,28.01508,17.079475,2094
29018,r10i1p1f1,2094,06,13,0.000613794841647656,26.63764,11.531057,2094
29019,r10i1p1f1,2094,06,14,0.0,28.31737,12.440188,2094
29020,r10i1p1f1,2094,06,15,0.0,29.130182,11.972262,2094
29021,r10i1p1f1,2094,06,16,0.0,36.265778,17.594305,2094
29022,r10i1p1f1,2094,06,17,0.0,38.834423,20.263851,2094
29023,r10i1p1f1,2094,06,18,0.0,38.269444,21.886806,2094
29024,r10i1p1f1,2094,06,19,1.069409309160332,27.938532,12.664061,2094
29025,r10i1p1f1,2094,06,20,0.0,31.532837,15.118977,2094
29026,r10i1p1f1,2094,06,21,0.0,36.588535,22.300545,2094
29027,r10i1p1f1,2094,06,22,0.0,31.81629,16.1213,2094
29028,r10i1p1f1,2094,06,23,0.0,30.838923,15.572794,2094
29029,r10i1p1f1,2094,06,24,0.0,31.366043,15.494767,2094
29030,r10i1p1f1,2094,06,25,0.0,31.02362,16.014336,2094
29031,r10i1p1f1,2094,06,26,0.0,33.98401,16.250736,2094
29032,r10i1p1f1,2094,06,27,0.0,35.8911,18.979893,2094
29033,r10i1p1f1,2094,06,28,0.0,36.162323,19.79433,2094
29034,r10i1p1f1,2094,06,29,0.0,32.282345,16.91908,2094
29035,r10i1p1f1,2094,06,30,0.0,27.592247,13.427096,2094
29036,r10i1p1f1,2094,07,01,0.0,32.665302,14.0688505,2094
29037,r10i1p1f1,2094,07,02,0.0,36.14438,19.14108,2094
29038,r10i1p1f1,2094,07,03,0.0,37.571625,21.095291,2094
29039,r10i1p1f1,2094,07,04,0.0,38.169964,21.423086,2094
29040,r10i1p1f1,2094,07,05,0.0,35.095966,19.334753,2094
29041,r10i1p1f1,2094,07,06,0.0,32.384594,16.521952,2094
29042,r10i1p1f1,2094,07,07,0.0,34.56853,16.975218,2094
29043,r10i1p1f1,2094,07,08,0.0,35.337616,18.059288,2094
29044,r10i1p1f1,2094,07,09,0.004388353849399688,36.04589,20.89736,2094
29045,r10i1p1f1,2094,07,10,0.023309127324541566,36.13671,19.74502,2094
29046,r10i1p1f1,2094,07,11,0.0,36.3849,19.504448,2094
29047,r10i1p1f1,2094,07,12,0.0,35.950268,19.512262,2094
29048,r10i1p1f1,2094,07,13,0.0,38.391636,21.315924,2094
29049,r10i1p1f1,2094,07,14,0.0,39.615265,23.823551,2094
29050,r10i1p1f1,2094,07,15,0.0,38.82451,23.802292,2094
29051,r10i1p1f1,2094,07,16,0.0,38.749054,23.50712,2094
29052,r10i1p1f1,2094,07,17,0.0,38.711487,21.557285,2094
29053,r10i1p1f1,2094,07,18,0.0,37.869335,21.51332,2094
29054,r10i1p1f1,2094,07,19,0.0,36.73154,20.0046,2094
29055,r10i1p1f1,2094,07,20,0.0,37.412365,20.03634,2094
29056,r10i1p1f1,2094,07,21,0.0,38.2667,20.521805,2094
29057,r10i1p1f1,2094,07,22,0.0,38.836258,21.756857,2094
29058,r10i1p1f1,2094,07,23,0.0,37.93873,21.155804,2094
29059,r10i1p1f1,2094,07,24,0.0,36.223907,18.90648,2094
29060,r10i1p1f1,2094,07,25,0.0,37.971184,19.512451,2094
29061,r10i1p1f1,2094,07,26,0.0,38.808533,21.193304,2094
29062,r10i1p1f1,2094,07,27,0.0,38.352634,21.245792,2094
29063,r10i1p1f1,2094,07,28,0.0,35.309155,19.60132,2094
29064,r10i1p1f1,2094,07,29,0.0,37.328274,19.1243,2094
29065,r10i1p1f1,2094,07,30,0.0,39.816914,22.121784,2094
29066,r10i1p1f1,2094,07,31,0.0,38.509594,24.360037,2094
29067,r10i1p1f1,2094,08,01,0.0,36.94757,23.556896,2094
29068,r10i1p1f1,2094,08,02,0.23605889264935717,38.312073,23.722488,2094
29069,r10i1p1f1,2094,08,03,0.0,39.514984,23.643112,2094
29070,r10i1p1f1,2094,08,04,0.0,40.85408,23.47452,2094
29071,r10i1p1f1,2094,08,05,0.0,41.151226,23.92004,2094
29072,r10i1p1f1,2094,08,06,0.0,40.55112,24.458454,2094
29073,r10i1p1f1,2094,08,07,0.0,40.820362,23.067059,2094
29074,r10i1p1f1,2094,08,08,0.0,40.46296,25.090986,2094
29075,r10i1p1f1,2094,08,09,0.0,39.297466,23.004398,2094
29076,r10i1p1f1,2094,08,10,0.0,37.136753,20.856415,2094
29077,r10i1p1f1,2094,08,11,0.0,35.69268,18.933578,2094
29078,r10i1p1f1,2094,08,12,0.0,35.483265,17.47259,2094
29079,r10i1p1f1,2094,08,13,0.0,34.904335,16.90801,2094
29080,r10i1p1f1,2094,08,14,0.0,33.24648,16.32098,2094
29081,r10i1p1f1,2094,08,15,0.0,35.80358,16.699183,2094
29082,r10i1p1f1,2094,08,16,0.0,37.855442,18.938473,2094
29083,r10i1p1f1,2094,08,17,0.0,38.451145,20.721634,2094
29084,r10i1p1f1,2094,08,18,0.0,39.271034,21.94139,2094
29085,r10i1p1f1,2094,08,19,0.0,38.25705,23.074577,2094
29086,r10i1p1f1,2094,08,20,0.0,36.706005,23.559828,2094
29087,r10i1p1f1,2094,08,21,0.0,33.996357,21.333628,2094
29088,r10i1p1f1,2094,08,22,0.0,35.079834,19.174454,2094
29089,r10i1p1f1,2094,08,23,0.0,33.94755,18.929602,2094
29090,r10i1p1f1,2094,08,24,0.0,32.487915,16.49132,2094
29091,r10i1p1f1,2094,08,25,0.0,29.48253,12.751314,2094
29092,r10i1p1f1,2094,08,26,0.0,33.489403,14.86483,2094
29093,r10i1p1f1,2094,08,27,0.0,33.735622,18.298777,2094
29094,r10i1p1f1,2094,08,28,0.0,36.876457,19.423433,2094
29095,r10i1p1f1,2094,08,29,0.0,39.043766,20.902905,2094
29096,r10i1p1f1,2094,08,30,0.0,39.16916,24.870728,2094
29097,r10i1p1f1,2094,08,31,0.0,38.636787,23.015484,2094
29098,r10i1p1f1,2094,09,01,0.0,36.06554,22.092203,2094
29099,r10i1p1f1,2094,09,02,0.0,35.208046,20.654346,2094
29100,r10i1p1f1,2094,09,03,0.0,35.441116,20.348118,2094
29101,r10i1p1f1,2094,09,04,0.0,38.278343,20.889797,2094
29102,r10i1p1f1,2094,09,05,0.0,38.71325,22.246304,2094
29103,r10i1p1f1,2094,09,06,0.0,38.029465,23.66833,2094
29104,r10i1p1f1,2094,09,07,0.0,37.07336,22.426699,2094
29105,r10i1p1f1,2094,09,08,0.0,38.839966,21.967985,2094
29106,r10i1p1f1,2094,09,09,0.0,38.888393,24.555511,2094
29107,r10i1p1f1,2094,09,10,0.0,39.071903,23.55388,2094
29108,r10i1p1f1,2094,09,11,0.0,38.364113,22.866251,2094
29109,r10i1p1f1,2094,09,12,0.0,39.334034,24.081072,2094
29110,r10i1p1f1,2094,09,13,0.0,39.74478,24.718939,2094
29111,r10i1p1f1,2094,09,14,0.0,41.453846,23.968256,2094
29112,r10i1p1f1,2094,09,15,0.0,43.012478,25.373543,2094
29113,r10i1p1f1,2094,09,16,0.0,42.047016,23.656132,2094
29114,r10i1p1f1,2094,09,17,0.0,39.234684,22.444433,2094
29115,r10i1p1f1,2094,09,18,0.0,35.148224,20.074524,2094
29116,r10i1p1f1,2094,09,19,0.0,33.706715,19.23576,2094
29117,r10i1p1f1,2094,09,20,0.0,34.67638,18.17754,2094
29118,r10i1p1f1,2094,09,21,0.0,38.698177,21.097715,2094
29119,r10i1p1f1,2094,09,22,0.0,37.454296,21.525383,2094
29120,r10i1p1f1,2094,09,23,0.0,39.003506,20.532942,2094
29121,r10i1p1f1,2094,09,24,0.0,39.510693,22.666681,2094
29122,r10i1p1f1,2094,09,25,0.0,38.844444,22.378422,2094
29123,r10i1p1f1,2094,09,26,0.0,34.718475,19.364042,2094
29124,r10i1p1f1,2094,09,27,0.0,31.226723,17.431286,2094
29125,r10i1p1f1,2094,09,28,0.0,28.05912,13.296359,2094
29126,r10i1p1f1,2094,09,29,0.0,31.253473,14.850687,2094
29127,r10i1p1f1,2094,09,30,0.0,36.050602,19.62925,2094
29128,r10i1p1f1,2094,10,01,0.0,37.470165,22.696346,2094
29129,r10i1p1f1,2094,10,02,0.0,37.413437,20.840105,2094
29130,r10i1p1f1,2094,10,03,0.0,36.8339,20.954924,2094
29131,r10i1p1f1,2094,10,04,0.0,35.219635,19.813856,2094
29132,r10i1p1f1,2094,10,05,0.0,33.973045,18.917433,2094
29133,r10i1p1f1,2094,10,06,0.0,37.917076,21.00716,2094
29134,r10i1p1f1,2094,10,07,0.0,39.59843,21.809198,2094
29135,r10i1p1f1,2094,10,08,0.0,38.24095,25.380987,2094
29136,r10i1p1f1,2094,10,09,0.0,33.044987,19.280859,2094
29137,r10i1p1f1,2094,10,10,0.0,37.40894,21.896532,2094
29138,r10i1p1f1,2094,10,11,0.0,39.4066,21.918922,2094
29139,r10i1p1f1,2094,10,12,0.0,38.435726,24.42824,2094
29140,r10i1p1f1,2094,10,13,0.0,36.830536,23.275026,2094
29141,r10i1p1f1,2094,10,14,0.0,35.56474,22.561234,2094
29142,r10i1p1f1,2094,10,15,0.0,30.833464,17.697588,2094
29143,r10i1p1f1,2094,10,16,0.0,27.977562,14.730438,2094
29144,r10i1p1f1,2094,10,17,0.0,28.385395,11.575008,2094
29145,r10i1p1f1,2094,10,18,0.0,24.145285,9.282912,2094
29146,r10i1p1f1,2094,10,19,0.0,23.974236,10.28369,2094
29147,r10i1p1f1,2094,10,20,0.0,28.747623,11.194731,2094
29148,r10i1p1f1,2094,10,21,0.0,30.05339,14.985955,2094
29149,r10i1p1f1,2094,10,22,0.0,29.775105,15.112027,2094
29150,r10i1p1f1,2094,10,23,0.0,29.25676,16.467522,2094
29151,r10i1p1f1,2094,10,24,0.0,29.151907,16.35106,2094
29152,r10i1p1f1,2094,10,25,1.2869414570128643,24.411842,9.300568,2094
29153,r10i1p1f1,2094,10,26,0.0,23.1648,10.682038,2094
29154,r10i1p1f1,2094,10,27,0.0,23.327063,9.522941,2094
29155,r10i1p1f1,2094,10,28,0.0,23.86609,8.987539,2094
29156,r10i1p1f1,2094,10,29,0.0,22.786057,9.080397,2094
29157,r10i1p1f1,2094,10,30,0.0,23.040592,7.2664666,2094
29158,r10i1p1f1,2094,10,31,0.0,25.030903,7.084974,2094
29159,r10i1p1f1,2094,11,01,0.0,27.113451,11.539741,2094
29160,r10i1p1f1,2094,11,02,0.0,26.74898,13.886151,2094
29161,r10i1p1f1,2094,11,03,16.28417281853648,24.366455,11.278474,2094
29162,r10i1p1f1,2094,11,04,12.60814779042879,15.753873,9.683033,2094
29163,r10i1p1f1,2094,11,05,0.0,16.772598,3.9069526,2094
29164,r10i1p1f1,2094,11,06,20.40096958769841,15.932852,9.657606,2094
29165,r10i1p1f1,2094,11,07,61.41753428198985,16.55855,11.228681,2094
29166,r10i1p1f1,2094,11,08,39.61456553002599,16.202332,6.7310424,2094
29167,r10i1p1f1,2094,11,09,7.181057786051258,13.300585,6.820485,2094
29168,r10i1p1f1,2094,11,10,42.291311753950524,13.955634,8.485542,2094
29169,r10i1p1f1,2094,11,11,29.2084817256852,13.074987,4.1002913,2094
29170,r10i1p1f1,2094,11,12,15.583596266438498,11.718833,3.3830683,2094
29171,r10i1p1f1,2094,11,13,0.0,12.564098,-0.679089,2094
29172,r10i1p1f1,2094,11,14,0.0,16.291494,3.8477554,2094
29173,r10i1p1f1,2094,11,15,0.0,15.420147,6.4205484,2094
29174,r10i1p1f1,2094,11,16,20.38547151973226,13.655457,5.956334,2094
29175,r10i1p1f1,2094,11,17,45.73022332900253,10.594199,3.9022791,2094
29176,r10i1p1f1,2094,11,18,17.64861686357395,10.816689,3.0689478,2094
29177,r10i1p1f1,2094,11,19,53.32438158680146,10.024501,3.2442887,2094
29178,r10i1p1f1,2094,11,20,8.42845564814668,9.491853,1.076164,2094
29179,r10i1p1f1,2094,11,21,0.0,9.734846,-3.5918415,2094
29180,r10i1p1f1,2094,11,22,0.04363539107879134,8.923821,-0.45087394,2094
29181,r10i1p1f1,2094,11,23,20.161286278284695,8.070521,2.2730186,2094
29182,r10i1p1f1,2094,11,24,32.230221595933756,7.1702094,3.010154,2094
29183,r10i1p1f1,2094,11,25,1.6955776003861072,11.983329,0.2595241,2094
29184,r10i1p1f1,2094,11,26,0.0,11.31281,-1.9010834,2094
29185,r10i1p1f1,2094,11,27,0.0,10.399287,2.8897715,2094
29186,r10i1p1f1,2094,11,28,38.72278458438814,8.620528,4.051151,2094
29187,r10i1p1f1,2094,11,29,26.339279416424688,8.439049,1.6108428,2094
29188,r10i1p1f1,2094,11,30,6.766415054114891,10.049426,1.7246155,2094
29189,r10i1p1f1,2094,12,01,12.041539817523459,9.023354,4.1579347,2094
29190,r10i1p1f1,2094,12,02,0.0,12.627376,-0.49373588,2094
29191,r10i1p1f1,2094,12,03,0.0,13.037666,-0.111169316,2094
29192,r10i1p1f1,2094,12,04,0.0,16.299423,1.850409,2094
29193,r10i1p1f1,2094,12,05,0.0,15.288795,4.155679,2094
29194,r10i1p1f1,2094,12,06,40.44524356784103,10.151477,4.8169956,2094
29195,r10i1p1f1,2094,12,07,0.0,12.315756,2.3993065,2094
29196,r10i1p1f1,2094,12,08,0.0,17.096258,4.6967177,2094
29197,r10i1p1f1,2094,12,09,0.0,19.785622,6.9387913,2094
29198,r10i1p1f1,2094,12,10,0.0,19.413214,7.7892504,2094
29199,r10i1p1f1,2094,12,11,0.0,18.859201,6.3800344,2094
29200,r10i1p1f1,2094,12,12,12.490192604692359,13.154377,4.897648,2094
29201,r10i1p1f1,2094,12,13,1.2032870409472565,8.807434,0.94101256,2094
29202,r10i1p1f1,2094,12,14,3.637841641078634,7.185319,1.6367856,2094
29203,r10i1p1f1,2094,12,15,9.35429366371337,6.754452,1.2116065,2094
29204,r10i1p1f1,2094,12,16,20.575361260010762,11.899186,1.1644233,2094
29205,r10i1p1f1,2094,12,17,6.046825984594761,9.785779,3.0665603,2094
29206,r10i1p1f1,2094,12,18,0.0,6.8013673,-2.0507476,2094
29207,r10i1p1f1,2094,12,19,0.0,8.297746,-3.1092339,2094
29208,r10i1p1f1,2094,12,20,26.110486664172065,6.8872495,1.4158111,2094
29209,r10i1p1f1,2094,12,21,49.23181365378887,14.781017,3.992924,2094
29210,r10i1p1f1,2094,12,22,97.86371791024546,16.483953,13.00366,2094
29211,r10i1p1f1,2094,12,23,58.401430202157876,16.259554,7.8698463,2094
29212,r10i1p1f1,2094,12,24,36.38191421284175,13.786884,7.5491133,2094
29213,r10i1p1f1,2094,12,25,105.28629590806209,14.892996,10.797122,2094
29214,r10i1p1f1,2094,12,26,90.45236088752158,16.017511,8.410744,2094
29215,r10i1p1f1,2094,12,27,22.319886037822517,12.243195,2.116928,2094
29216,r10i1p1f1,2094,12,28,2.114007969698593,8.136892,2.6033783,2094
29217,r10i1p1f1,2094,12,29,0.1479791393744802,11.925375,3.8585446,2094
29218,r10i1p1f1,2094,12,30,0.0,17.979609,1.9790024,2094
29219,r10i1p1f1,2094,12,31,0.0,19.866575,6.2028627,2094
29220,r10i1p1f1,2095,01,01,0.0,19.622171,7.271913,2095
29221,r10i1p1f1,2095,01,02,0.0,18.161972,5.3668346,2095
29222,r10i1p1f1,2095,01,03,0.0,16.354977,4.4646935,2095
29223,r10i1p1f1,2095,01,04,14.781351756200342,12.435489,7.0393076,2095
29224,r10i1p1f1,2095,01,05,35.86408880808832,12.857898,8.350846,2095
29225,r10i1p1f1,2095,01,06,0.0,14.023203,3.414011,2095
29226,r10i1p1f1,2095,01,07,22.98904712860301,8.335128,2.8185368,2095
29227,r10i1p1f1,2095,01,08,10.061896001494269,8.479901,2.6802025,2095
29228,r10i1p1f1,2095,01,09,3.8038737792942956,7.804481,-0.09622011,2095
29229,r10i1p1f1,2095,01,10,0.0,10.765857,0.13192528,2095
29230,r10i1p1f1,2095,01,11,0.0,12.696819,0.2146737,2095
29231,r10i1p1f1,2095,01,12,0.0,12.598564,0.80615497,2095
29232,r10i1p1f1,2095,01,13,1.3720833470927492,11.552453,3.16346,2095
29233,r10i1p1f1,2095,01,14,0.04848895202461503,11.508094,5.413541,2095
29234,r10i1p1f1,2095,01,15,11.029046329081451,9.940812,1.0809186,2095
29235,r10i1p1f1,2095,01,16,3.9154952529650857,13.176854,5.535257,2095
29236,r10i1p1f1,2095,01,17,60.12327336387611,15.74516,7.740515,2095
29237,r10i1p1f1,2095,01,18,19.64335705959361,13.316232,9.726995,2095
29238,r10i1p1f1,2095,01,19,7.086645803009991,13.193801,4.2911377,2095
29239,r10i1p1f1,2095,01,20,1.4555363567380577,10.357783,3.850458,2095
29240,r10i1p1f1,2095,01,21,28.830835440863954,15.56453,3.788742,2095
29241,r10i1p1f1,2095,01,22,15.496730588692069,14.7677965,4.0988426,2095
29242,r10i1p1f1,2095,01,23,0.0,15.494336,3.7903354,2095
29243,r10i1p1f1,2095,01,24,2.3964443602859604,13.9072695,4.2764025,2095
29244,r10i1p1f1,2095,01,25,14.326867474531019,11.3383,5.8704085,2095
29245,r10i1p1f1,2095,01,26,0.0,14.937863,2.7155058,2095
29246,r10i1p1f1,2095,01,27,0.0,14.455961,4.0519996,2095
29247,r10i1p1f1,2095,01,28,0.0,14.690357,7.541091,2095
29248,r10i1p1f1,2095,01,29,69.15952988998278,14.962146,9.386833,2095
29249,r10i1p1f1,2095,01,30,8.244914031025761,15.091299,2.9682896,2095
29250,r10i1p1f1,2095,01,31,0.0,11.474436,2.2679102,2095
29251,r10i1p1f1,2095,02,01,0.25495366356775967,10.615194,2.5337617,2095
29252,r10i1p1f1,2095,02,02,0.0003167517697396474,9.95655,0.4301561,2095
29253,r10i1p1f1,2095,02,03,0.0,9.178337,-2.2035217,2095
29254,r10i1p1f1,2095,02,04,0.0,10.897447,-1.118025,2095
29255,r10i1p1f1,2095,02,05,0.0,12.250453,-1.3125486,2095
29256,r10i1p1f1,2095,02,06,0.0,15.283821,1.0968429,2095
29257,r10i1p1f1,2095,02,07,0.0,18.008923,4.799211,2095
29258,r10i1p1f1,2095,02,08,0.0,19.105238,6.079711,2095
29259,r10i1p1f1,2095,02,09,0.0,20.931387,7.3873467,2095
29260,r10i1p1f1,2095,02,10,0.0,20.135538,8.325715,2095
29261,r10i1p1f1,2095,02,11,0.0,19.916195,6.4764495,2095
29262,r10i1p1f1,2095,02,12,0.0,19.690544,7.3896413,2095
29263,r10i1p1f1,2095,02,13,0.0,18.73964,6.5883408,2095
29264,r10i1p1f1,2095,02,14,0.0,20.311256,6.9503665,2095
29265,r10i1p1f1,2095,02,15,0.0,19.209305,7.3950067,2095
29266,r10i1p1f1,2095,02,16,0.0,18.682499,6.8072085,2095
29267,r10i1p1f1,2095,02,17,0.0,23.634901,10.264602,2095
29268,r10i1p1f1,2095,02,18,0.0,24.653244,10.916803,2095
29269,r10i1p1f1,2095,02,19,0.0,23.511847,10.393379,2095
29270,r10i1p1f1,2095,02,20,0.0,23.18847,9.642345,2095
29271,r10i1p1f1,2095,02,21,0.0,22.18027,9.616919,2095
29272,r10i1p1f1,2095,02,22,0.0,21.861784,9.420267,2095
29273,r10i1p1f1,2095,02,23,0.0,20.228079,8.258978,2095
29274,r10i1p1f1,2095,02,24,0.0,21.356455,8.910466,2095
29275,r10i1p1f1,2095,02,25,0.09695421776278206,21.65405,9.753874,2095
29276,r10i1p1f1,2095,02,26,6.04518681985179,14.673552,9.443366,2095
29277,r10i1p1f1,2095,02,27,12.504722238181307,14.664535,5.5507293,2095
29278,r10i1p1f1,2095,02,28,17.019920951631654,13.376523,6.878393,2095
29279,r10i1p1f1,2095,03,01,29.539078464854118,14.520855,6.545728,2095
29280,r10i1p1f1,2095,03,02,32.559002273084936,14.6361065,9.940851,2095
29281,r10i1p1f1,2095,03,03,29.372232389256457,14.743021,7.7330275,2095
29282,r10i1p1f1,2095,03,04,37.981541799442645,12.334735,3.796781,2095
29283,r10i1p1f1,2095,03,05,17.644824431504514,10.63088,4.048715,2095
29284,r10i1p1f1,2095,03,06,3.3418640952181464,16.345758,7.0824137,2095
29285,r10i1p1f1,2095,03,07,0.0,21.582312,6.601351,2095
29286,r10i1p1f1,2095,03,08,16.59819765007246,19.675865,7.4887414,2095
29287,r10i1p1f1,2095,03,09,1.9304807365283763,13.834911,6.517868,2095
29288,r10i1p1f1,2095,03,10,14.519479301969497,14.681312,3.5811298,2095
29289,r10i1p1f1,2095,03,11,41.952430942757545,14.66822,6.5173783,2095
29290,r10i1p1f1,2095,03,12,0.05849228840095053,15.062741,3.9746077,2095
29291,r10i1p1f1,2095,03,13,72.24185013359315,13.973395,7.7730303,2095
29292,r10i1p1f1,2095,03,14,1.8567484903207132,14.443085,6.2326436,2095
29293,r10i1p1f1,2095,03,15,0.0021676477875811734,17.381588,4.9795165,2095
29294,r10i1p1f1,2095,03,16,0.0,20.498062,6.5638413,2095
29295,r10i1p1f1,2095,03,17,0.0,20.19018,9.616123,2095
29296,r10i1p1f1,2095,03,18,0.0,20.512365,8.7407675,2095
29297,r10i1p1f1,2095,03,19,2.005651897496519,18.480276,8.067537,2095
29298,r10i1p1f1,2095,03,20,4.737652275760315,18.399202,4.317942,2095
29299,r10i1p1f1,2095,03,21,19.638879625103744,14.216534,6.759993,2095
29300,r10i1p1f1,2095,03,22,26.098183075296937,14.072068,8.306285,2095
29301,r10i1p1f1,2095,03,23,79.384207951003,14.893005,10.358895,2095
29302,r10i1p1f1,2095,03,24,34.783537718344874,16.948603,5.6699915,2095
29303,r10i1p1f1,2095,03,25,51.525221381789855,13.482377,5.3954105,2095
29304,r10i1p1f1,2095,03,26,6.6733621900168245,13.472771,5.4640326,2095
29305,r10i1p1f1,2095,03,27,0.0,19.239042,6.140326,2095
29306,r10i1p1f1,2095,03,28,0.0,22.5529,5.1283064,2095
29307,r10i1p1f1,2095,03,29,6.774662037768346,19.037594,7.5897803,2095
29308,r10i1p1f1,2095,03,30,0.27733509693797187,15.694568,7.1562843,2095
29309,r10i1p1f1,2095,03,31,0.0,16.459784,3.8496768,2095
29310,r10i1p1f1,2095,04,01,0.0,18.592274,4.1619496,2095
29311,r10i1p1f1,2095,04,02,17.5781929540742,18.154055,5.591808,2095
29312,r10i1p1f1,2095,04,03,7.605426067809611,12.7083435,6.3411746,2095
29313,r10i1p1f1,2095,04,04,21.813327196133812,15.183274,4.6040874,2095
29314,r10i1p1f1,2095,04,05,35.86866371425506,15.719243,9.379221,2095
29315,r10i1p1f1,2095,04,06,5.0555176349294735,17.537312,8.826648,2095
29316,r10i1p1f1,2095,04,07,44.701154663313275,17.178057,7.5619483,2095
29317,r10i1p1f1,2095,04,08,0.0150675501811891,17.651276,6.011389,2095
29318,r10i1p1f1,2095,04,09,0.0,22.406727,5.5615034,2095
29319,r10i1p1f1,2095,04,10,0.0,22.964106,9.65203,2095
29320,r10i1p1f1,2095,04,11,16.052490727069152,18.823711,5.9410415,2095
29321,r10i1p1f1,2095,04,12,12.48516029114207,13.977224,6.052975,2095
29322,r10i1p1f1,2095,04,13,45.60603485687783,12.048769,4.6028466,2095
29323,r10i1p1f1,2095,04,14,23.594520921975153,11.974521,3.0863698,2095
29324,r10i1p1f1,2095,04,15,6.112257453605707,10.635297,3.5893965,2095
29325,r10i1p1f1,2095,04,16,21.855507199660153,11.267135,1.2827774,2095
29326,r10i1p1f1,2095,04,17,0.0,18.2656,3.698798,2095
29327,r10i1p1f1,2095,04,18,0.0,22.660007,7.4830275,2095
29328,r10i1p1f1,2095,04,19,14.68024658633543,18.359522,5.2207985,2095
29329,r10i1p1f1,2095,04,20,0.35017849129776313,12.519896,3.8090508,2095
29330,r10i1p1f1,2095,04,21,2.279666427756111,10.660646,2.4978242,2095
29331,r10i1p1f1,2095,04,22,0.8644741482433012,13.993913,1.1133302,2095
29332,r10i1p1f1,2095,04,23,0.0,21.250065,4.9178977,2095
29333,r10i1p1f1,2095,04,24,0.0,21.494848,7.6590953,2095
29334,r10i1p1f1,2095,04,25,0.0,20.56271,7.6755314,2095
29335,r10i1p1f1,2095,04,26,19.595527173920633,18.20376,6.073692,2095
29336,r10i1p1f1,2095,04,27,3.0613954786004847,14.698641,2.786554,2095
29337,r10i1p1f1,2095,04,28,18.353505627754586,12.894334,4.466794,2095
29338,r10i1p1f1,2095,04,29,0.0,20.968445,3.7454946,2095
29339,r10i1p1f1,2095,04,30,0.0,26.64748,10.212897,2095
29340,r10i1p1f1,2095,05,01,0.0,28.15361,12.993052,2095
29341,r10i1p1f1,2095,05,02,0.1580859455077045,26.957726,12.374849,2095
29342,r10i1p1f1,2095,05,03,0.0,19.276073,7.075519,2095
29343,r10i1p1f1,2095,05,04,0.0,18.810472,5.538967,2095
29344,r10i1p1f1,2095,05,05,0.0,20.646872,5.4477763,2095
29345,r10i1p1f1,2095,05,06,0.0,19.68736,4.9968276,2095
29346,r10i1p1f1,2095,05,07,39.76662772750531,14.525076,7.1682982,2095
29347,r10i1p1f1,2095,05,08,0.2453062480670173,19.008533,6.680325,2095
29348,r10i1p1f1,2095,05,09,10.187770247361378,16.676437,5.0397816,2095
29349,r10i1p1f1,2095,05,10,39.01603232677046,10.475464,4.398948,2095
29350,r10i1p1f1,2095,05,11,11.686639646971965,13.946612,5.3170333,2095
29351,r10i1p1f1,2095,05,12,3.5114427570461935,14.90324,4.43637,2095
29352,r10i1p1f1,2095,05,13,0.0,20.508163,3.653089,2095
29353,r10i1p1f1,2095,05,14,0.0,25.181255,9.014956,2095
29354,r10i1p1f1,2095,05,15,0.0,27.956923,11.566556,2095
29355,r10i1p1f1,2095,05,16,0.0,30.705416,14.020106,2095
29356,r10i1p1f1,2095,05,17,0.0,32.951958,15.837356,2095
29357,r10i1p1f1,2095,05,18,0.0,32.07722,15.1812105,2095
29358,r10i1p1f1,2095,05,19,0.0,31.863375,16.405207,2095
29359,r10i1p1f1,2095,05,20,0.0,31.165749,14.585118,2095
29360,r10i1p1f1,2095,05,21,0.0,31.015076,15.267322,2095
29361,r10i1p1f1,2095,05,22,9.094611195024825,22.95067,5.0032907,2095
29362,r10i1p1f1,2095,05,23,0.09245870727394695,19.33709,8.036915,2095
29363,r10i1p1f1,2095,05,24,0.0,21.593466,5.2945347,2095
29364,r10i1p1f1,2095,05,25,0.0,20.594776,8.062866,2095
29365,r10i1p1f1,2095,05,26,0.0,24.883259,7.264931,2095
29366,r10i1p1f1,2095,05,27,0.0,29.305504,11.339074,2095
29367,r10i1p1f1,2095,05,28,0.0,28.651024,13.565953,2095
29368,r10i1p1f1,2095,05,29,0.0,26.328033,10.796594,2095
29369,r10i1p1f1,2095,05,30,0.0,21.845892,5.000945,2095
29370,r10i1p1f1,2095,05,31,0.0,21.211683,6.5664277,2095
29371,r10i1p1f1,2095,06,01,0.4503529691598822,24.516531,7.8276205,2095
29372,r10i1p1f1,2095,06,02,0.0,29.799519,10.04011,2095
29373,r10i1p1f1,2095,06,03,0.0,28.95368,12.803676,2095
29374,r10i1p1f1,2095,06,04,0.012892675910112112,29.051922,13.453777,2095
29375,r10i1p1f1,2095,06,05,0.0,34.819847,15.171527,2095
29376,r10i1p1f1,2095,06,06,0.0,34.15384,17.143915,2095
29377,r10i1p1f1,2095,06,07,0.0,32.74341,18.005093,2095
29378,r10i1p1f1,2095,06,08,0.0,30.552326,14.565075,2095
29379,r10i1p1f1,2095,06,09,0.0,30.019897,13.761208,2095
29380,r10i1p1f1,2095,06,10,0.0,36.288265,16.796219,2095
29381,r10i1p1f1,2095,06,11,0.0,37.00927,19.862232,2095
29382,r10i1p1f1,2095,06,12,0.0,35.598873,20.47944,2095
29383,r10i1p1f1,2095,06,13,0.0,30.890654,14.623587,2095
29384,r10i1p1f1,2095,06,14,0.0,32.25026,13.8793,2095
29385,r10i1p1f1,2095,06,15,0.0,38.217556,20.43241,2095
29386,r10i1p1f1,2095,06,16,0.0,37.097878,21.340998,2095
29387,r10i1p1f1,2095,06,17,0.8909834363294067,28.95789,14.441958,2095
29388,r10i1p1f1,2095,06,18,0.0,30.763208,15.730478,2095
29389,r10i1p1f1,2095,06,19,0.0,31.39932,17.880259,2095
29390,r10i1p1f1,2095,06,20,0.0,31.191284,17.525352,2095
29391,r10i1p1f1,2095,06,21,0.0,29.879587,14.520318,2095
29392,r10i1p1f1,2095,06,22,0.0,28.50407,13.952832,2095
29393,r10i1p1f1,2095,06,23,0.0,30.697739,15.140979,2095
29394,r10i1p1f1,2095,06,24,0.0,30.483839,14.154287,2095
29395,r10i1p1f1,2095,06,25,0.0,30.833927,15.659652,2095
29396,r10i1p1f1,2095,06,26,0.6282180193872926,24.70523,10.236112,2095
29397,r10i1p1f1,2095,06,27,0.0,26.462255,10.288183,2095
29398,r10i1p1f1,2095,06,28,0.0,29.853144,11.48218,2095
29399,r10i1p1f1,2095,06,29,0.0,31.855219,13.597867,2095
29400,r10i1p1f1,2095,06,30,0.0,34.118134,17.014507,2095
29401,r10i1p1f1,2095,07,01,0.0,33.2338,17.54629,2095
29402,r10i1p1f1,2095,07,02,0.0,30.855803,16.23582,2095
29403,r10i1p1f1,2095,07,03,0.0,31.192865,15.749347,2095
29404,r10i1p1f1,2095,07,04,0.0,33.0328,15.759923,2095
29405,r10i1p1f1,2095,07,05,0.0,36.098293,19.016853,2095
29406,r10i1p1f1,2095,07,06,0.0,37.01909,19.5807,2095
29407,r10i1p1f1,2095,07,07,0.0,36.264935,21.267159,2095
29408,r10i1p1f1,2095,07,08,0.0,35.508812,19.70914,2095
29409,r10i1p1f1,2095,07,09,0.0,35.271862,20.12439,2095
29410,r10i1p1f1,2095,07,10,0.0,35.37214,19.553755,2095
29411,r10i1p1f1,2095,07,11,0.0,34.774284,19.5789,2095
29412,r10i1p1f1,2095,07,12,0.0,34.914494,19.221085,2095
29413,r10i1p1f1,2095,07,13,0.0,35.024258,19.755836,2095
29414,r10i1p1f1,2095,07,14,0.055348637378253775,33.360733,18.559078,2095
29415,r10i1p1f1,2095,07,15,0.5429791582843647,32.498783,17.22567,2095
29416,r10i1p1f1,2095,07,16,0.0,31.893818,16.752813,2095
29417,r10i1p1f1,2095,07,17,0.0,34.365532,17.301294,2095
29418,r10i1p1f1,2095,07,18,0.0,36.585808,18.3137,2095
29419,r10i1p1f1,2095,07,19,0.0,39.096584,20.502333,2095
29420,r10i1p1f1,2095,07,20,0.0,39.328564,21.505999,2095
29421,r10i1p1f1,2095,07,21,0.0,38.38073,23.591137,2095
29422,r10i1p1f1,2095,07,22,0.0,35.610332,19.782318,2095
29423,r10i1p1f1,2095,07,23,0.0,36.82799,18.223743,2095
29424,r10i1p1f1,2095,07,24,0.0,36.712067,18.331491,2095
29425,r10i1p1f1,2095,07,25,0.0,35.463634,19.291338,2095
29426,r10i1p1f1,2095,07,26,0.0,36.414257,19.076319,2095
29427,r10i1p1f1,2095,07,27,0.0,38.65389,21.409275,2095
29428,r10i1p1f1,2095,07,28,0.0,39.180557,21.429375,2095
29429,r10i1p1f1,2095,07,29,0.0,39.099823,21.100214,2095
29430,r10i1p1f1,2095,07,30,0.0,41.514393,22.718943,2095
29431,r10i1p1f1,2095,07,31,0.0,41.058735,24.585236,2095
29432,r10i1p1f1,2095,08,01,0.0,38.717865,22.644691,2095
29433,r10i1p1f1,2095,08,02,0.0,37.542336,21.40285,2095
29434,r10i1p1f1,2095,08,03,0.0,35.473602,19.037708,2095
29435,r10i1p1f1,2095,08,04,0.0,37.81344,20.17058,2095
29436,r10i1p1f1,2095,08,05,0.0,37.732914,20.763964,2095
29437,r10i1p1f1,2095,08,06,0.0,36.19644,18.860664,2095
29438,r10i1p1f1,2095,08,07,0.0,34.810818,17.344185,2095
29439,r10i1p1f1,2095,08,08,0.0,37.83479,18.974977,2095
29440,r10i1p1f1,2095,08,09,0.0,39.28972,22.103535,2095
29441,r10i1p1f1,2095,08,10,0.0,38.526234,21.626339,2095
29442,r10i1p1f1,2095,08,11,0.0,38.857525,21.513962,2095
29443,r10i1p1f1,2095,08,12,0.0,39.242065,24.171484,2095
29444,r10i1p1f1,2095,08,13,0.0,39.9521,23.034336,2095
29445,r10i1p1f1,2095,08,14,0.0,38.396137,22.937891,2095
29446,r10i1p1f1,2095,08,15,0.0,36.816578,21.473465,2095
29447,r10i1p1f1,2095,08,16,0.0,35.186543,18.54201,2095
29448,r10i1p1f1,2095,08,17,0.0,34.323986,18.548853,2095
29449,r10i1p1f1,2095,08,18,0.0,30.639389,14.524085,2095
29450,r10i1p1f1,2095,08,19,0.0,29.547087,13.85155,2095
29451,r10i1p1f1,2095,08,20,0.0,29.94016,13.020829,2095
29452,r10i1p1f1,2095,08,21,0.0,29.878794,13.558551,2095
29453,r10i1p1f1,2095,08,22,0.0,30.728773,13.43261,2095
29454,r10i1p1f1,2095,08,23,0.0,30.348215,13.708944,2095
29455,r10i1p1f1,2095,08,24,0.0,26.487316,10.660933,2095
29456,r10i1p1f1,2095,08,25,0.0,25.797829,11.648767,2095
29457,r10i1p1f1,2095,08,26,0.0,26.958933,14.289085,2095
29458,r10i1p1f1,2095,08,27,0.0,31.675623,13.585491,2095
29459,r10i1p1f1,2095,08,28,0.0,36.054108,18.02404,2095
29460,r10i1p1f1,2095,08,29,0.0,38.357,21.119669,2095
29461,r10i1p1f1,2095,08,30,0.0,37.069035,20.589972,2095
29462,r10i1p1f1,2095,08,31,0.0,34.099293,18.863907,2095
29463,r10i1p1f1,2095,09,01,0.0,33.039314,20.006119,2095
29464,r10i1p1f1,2095,09,02,0.0,34.124977,21.185543,2095
29465,r10i1p1f1,2095,09,03,0.0,35.980717,18.751053,2095
29466,r10i1p1f1,2095,09,04,0.0,34.35902,21.201557,2095
29467,r10i1p1f1,2095,09,05,0.0,33.171482,19.0636,2095
29468,r10i1p1f1,2095,09,06,0.0,33.495502,17.64816,2095
29469,r10i1p1f1,2095,09,07,0.0,32.10469,15.4653,2095
29470,r10i1p1f1,2095,09,08,0.0,34.569057,17.246363,2095
29471,r10i1p1f1,2095,09,09,0.0,35.08202,18.460953,2095
29472,r10i1p1f1,2095,09,10,0.0,33.21958,18.244156,2095
29473,r10i1p1f1,2095,09,11,0.14419110689950207,28.266493,15.265207,2095
29474,r10i1p1f1,2095,09,12,0.42921112414516854,29.00168,13.020897,2095
29475,r10i1p1f1,2095,09,13,0.0,29.63701,13.398926,2095
29476,r10i1p1f1,2095,09,14,0.0,32.432007,14.5775175,2095
29477,r10i1p1f1,2095,09,15,0.0,34.22519,16.664335,2095
29478,r10i1p1f1,2095,09,16,0.0,32.613815,16.759663,2095
29479,r10i1p1f1,2095,09,17,0.0,32.526012,17.334284,2095
29480,r10i1p1f1,2095,09,18,0.0,29.043371,12.781732,2095
29481,r10i1p1f1,2095,09,19,0.0,31.359163,14.944519,2095
29482,r10i1p1f1,2095,09,20,0.0,30.78149,16.742668,2095
29483,r10i1p1f1,2095,09,21,0.0,29.27246,15.095279,2095
29484,r10i1p1f1,2095,09,22,0.0,28.153757,13.815266,2095
29485,r10i1p1f1,2095,09,23,20.734744006308336,25.863178,10.963675,2095
29486,r10i1p1f1,2095,09,24,1.233752629162298,22.735079,6.5046906,2095
29487,r10i1p1f1,2095,09,25,0.0,28.17241,9.9765005,2095
29488,r10i1p1f1,2095,09,26,0.0,28.213331,13.278549,2095
29489,r10i1p1f1,2095,09,27,0.0,27.597582,13.827704,2095
29490,r10i1p1f1,2095,09,28,0.0,26.539164,12.013795,2095
29491,r10i1p1f1,2095,09,29,0.0,26.24044,12.39375,2095
29492,r10i1p1f1,2095,09,30,0.0,26.982325,10.407483,2095
29493,r10i1p1f1,2095,10,01,0.0,25.817793,12.513511,2095
29494,r10i1p1f1,2095,10,02,0.0,28.890888,12.826737,2095
29495,r10i1p1f1,2095,10,03,0.0,31.732159,15.108546,2095
29496,r10i1p1f1,2095,10,04,0.0,30.898573,16.268465,2095
29497,r10i1p1f1,2095,10,05,0.1616556623407393,28.537521,12.75359,2095
29498,r10i1p1f1,2095,10,06,0.0,29.101952,16.743353,2095
29499,r10i1p1f1,2095,10,07,0.0,28.009798,13.734195,2095
29500,r10i1p1f1,2095,10,08,0.0,26.401121,12.300086,2095
29501,r10i1p1f1,2095,10,09,0.0,28.501593,11.744551,2095
29502,r10i1p1f1,2095,10,10,0.0,27.801617,15.719235,2095
29503,r10i1p1f1,2095,10,11,0.0,27.56597,16.23814,2095
29504,r10i1p1f1,2095,10,12,0.0,30.421808,13.542285,2095
29505,r10i1p1f1,2095,10,13,0.0,30.053564,11.72395,2095
29506,r10i1p1f1,2095,10,14,0.012882367216087388,29.05526,12.289279,2095
29507,r10i1p1f1,2095,10,15,0.0,32.993645,15.72436,2095
29508,r10i1p1f1,2095,10,16,0.0,36.091938,18.35313,2095
29509,r10i1p1f1,2095,10,17,0.0,35.30315,19.101974,2095
29510,r10i1p1f1,2095,10,18,0.0,33.54489,17.187284,2095
29511,r10i1p1f1,2095,10,19,0.0,29.5796,15.516849,2095
29512,r10i1p1f1,2095,10,20,0.0,28.915176,15.005909,2095
29513,r10i1p1f1,2095,10,21,0.0,28.652617,14.550309,2095
29514,r10i1p1f1,2095,10,22,21.920250142284203,30.3434,17.04517,2095
29515,r10i1p1f1,2095,10,23,0.12306228696424544,20.995155,10.343678,2095
29516,r10i1p1f1,2095,10,24,0.0,22.341648,9.717878,2095
29517,r10i1p1f1,2095,10,25,0.0,24.268007,9.018252,2095
29518,r10i1p1f1,2095,10,26,0.0,26.979816,9.704588,2095
29519,r10i1p1f1,2095,10,27,0.0,28.043541,11.776903,2095
29520,r10i1p1f1,2095,10,28,0.0,29.267292,11.9348545,2095
29521,r10i1p1f1,2095,10,29,0.0,28.436499,12.863559,2095
29522,r10i1p1f1,2095,10,30,0.0,28.220722,15.511371,2095
29523,r10i1p1f1,2095,10,31,0.0,27.451962,13.580202,2095
29524,r10i1p1f1,2095,11,01,0.0,25.723787,12.809106,2095
29525,r10i1p1f1,2095,11,02,0.0,27.819128,12.236506,2095
29526,r10i1p1f1,2095,11,03,0.0,28.48577,12.006238,2095
29527,r10i1p1f1,2095,11,04,0.0,27.978191,11.272725,2095
29528,r10i1p1f1,2095,11,05,0.0,27.22185,13.1354,2095
29529,r10i1p1f1,2095,11,06,0.0,19.445856,7.495678,2095
29530,r10i1p1f1,2095,11,07,0.0,23.535202,8.757683,2095
29531,r10i1p1f1,2095,11,08,0.0,24.054865,10.929085,2095
29532,r10i1p1f1,2095,11,09,0.0,25.033714,9.1356325,2095
29533,r10i1p1f1,2095,11,10,0.0,29.106037,12.884002,2095
29534,r10i1p1f1,2095,11,11,0.0,28.330004,13.736448,2095
29535,r10i1p1f1,2095,11,12,0.0,25.956781,13.962288,2095
29536,r10i1p1f1,2095,11,13,0.0,27.393269,12.288532,2095
29537,r10i1p1f1,2095,11,14,0.1833193214751143,26.253004,14.497183,2095
29538,r10i1p1f1,2095,11,15,0.1266883132362445,25.01602,11.547835,2095
29539,r10i1p1f1,2095,11,16,3.7800416885721986,21.606558,10.907689,2095
29540,r10i1p1f1,2095,11,17,5.6778537805114055,17.784094,7.813059,2095
29541,r10i1p1f1,2095,11,18,16.415941878375108,16.950272,5.6287456,2095
29542,r10i1p1f1,2095,11,19,4.722267287491521,12.182061,4.6302958,2095
29543,r10i1p1f1,2095,11,20,16.870654187790166,10.530541,4.3811965,2095
29544,r10i1p1f1,2095,11,21,21.540513035142794,12.957597,6.132472,2095
29545,r10i1p1f1,2095,11,22,35.803622094987844,16.208193,6.5305643,2095
29546,r10i1p1f1,2095,11,23,16.765050144443336,16.400265,6.205731,2095
29547,r10i1p1f1,2095,11,24,1.696885748539276,14.229319,5.7375593,2095
29548,r10i1p1f1,2095,11,25,41.740154858225175,14.1714735,7.6373925,2095
29549,r10i1p1f1,2095,11,26,62.38677069226182,14.721612,9.844373,2095
29550,r10i1p1f1,2095,11,27,28.76507408769899,15.933364,5.720801,2095
29551,r10i1p1f1,2095,11,28,2.1289738114558676,11.940748,6.053996,2095
29552,r10i1p1f1,2095,11,29,16.71323725799754,11.026512,5.6305213,2095
29553,r10i1p1f1,2095,11,30,3.699510490503742,11.774921,0.7551796,2095
29554,r10i1p1f1,2095,12,01,0.0,14.655119,3.0690348,2095
29555,r10i1p1f1,2095,12,02,0.0,14.081188,4.2857594,2095
29556,r10i1p1f1,2095,12,03,41.373707500506974,10.776301,6.932483,2095
29557,r10i1p1f1,2095,12,04,0.2658835819841586,10.547723,1.5784101,2095
29558,r10i1p1f1,2095,12,05,0.4626258161902354,6.796855,-2.7427063,2095
29559,r10i1p1f1,2095,12,06,10.073736096628158,8.620181,-0.097442225,2095
29560,r10i1p1f1,2095,12,07,0.0,13.1294985,2.9198906,2095
29561,r10i1p1f1,2095,12,08,0.0,15.740458,3.5653446,2095
29562,r10i1p1f1,2095,12,09,0.0,18.200228,6.2063637,2095
29563,r10i1p1f1,2095,12,10,0.0,16.753546,5.371388,2095
29564,r10i1p1f1,2095,12,11,14.555797008276722,12.50934,3.8433628,2095
29565,r10i1p1f1,2095,12,12,2.6013282596786187,8.037915,2.419901,2095
29566,r10i1p1f1,2095,12,13,0.7853928208185991,9.652504,2.656827,2095
29567,r10i1p1f1,2095,12,14,0.832792401668389,10.871458,1.6567664,2095
29568,r10i1p1f1,2095,12,15,0.12825014112566255,10.079261,1.7476172,2095
29569,r10i1p1f1,2095,12,16,0.0,12.1452465,0.81178266,2095
29570,r10i1p1f1,2095,12,17,0.00020284851356528204,11.169024,2.1970272,2095
29571,r10i1p1f1,2095,12,18,0.0,17.334566,4.9107766,2095
29572,r10i1p1f1,2095,12,19,0.0,19.082823,7.699253,2095
29573,r10i1p1f1,2095,12,20,0.0,19.723637,8.344196,2095
29574,r10i1p1f1,2095,12,21,0.0,19.094725,7.2584286,2095
29575,r10i1p1f1,2095,12,22,0.0,13.515339,6.387244,2095
29576,r10i1p1f1,2095,12,23,9.461115301191489,11.121433,5.567539,2095
29577,r10i1p1f1,2095,12,24,9.358739627293145,10.527977,4.206343,2095
29578,r10i1p1f1,2095,12,25,4.561759297058942,10.714768,4.541558,2095
29579,r10i1p1f1,2095,12,26,0.0,14.290436,1.5711945,2095
29580,r10i1p1f1,2095,12,27,0.0,13.683754,7.0157022,2095
29581,r10i1p1f1,2095,12,28,6.0995158209391915,11.066689,4.0340195,2095
29582,r10i1p1f1,2095,12,29,0.0,14.515003,3.5516605,2095
29583,r10i1p1f1,2095,12,30,0.0,12.88863,5.5857887,2095
29584,r10i1p1f1,2095,12,31,7.993618137118718,11.039733,6.2334867,2095
29585,r10i1p1f1,2096,01,01,0.0,16.25824,4.2585673,2096
29586,r10i1p1f1,2096,01,02,0.0,16.549433,6.2210903,2096
29587,r10i1p1f1,2096,01,03,0.0,17.351467,6.782803,2096
29588,r10i1p1f1,2096,01,04,0.0,17.135998,5.3129973,2096
29589,r10i1p1f1,2096,01,05,0.0,15.097365,6.8636956,2096
29590,r10i1p1f1,2096,01,06,0.08090274476384557,13.863018,7.704456,2096
29591,r10i1p1f1,2096,01,07,12.036606190285008,11.346198,6.609247,2096
29592,r10i1p1f1,2096,01,08,0.0,13.937387,3.6225023,2096
29593,r10i1p1f1,2096,01,09,0.0,15.061582,3.9315395,2096
29594,r10i1p1f1,2096,01,10,0.0,15.149973,2.746363,2096
29595,r10i1p1f1,2096,01,11,0.0,12.242301,0.7050398,2096
29596,r10i1p1f1,2096,01,12,0.0,12.821217,0.99827355,2096
29597,r10i1p1f1,2096,01,13,0.0,14.433642,1.4902637,2096
29598,r10i1p1f1,2096,01,14,0.0,14.737007,3.672784,2096
29599,r10i1p1f1,2096,01,15,1.0727961376783481,11.368885,6.5095425,2096
29600,r10i1p1f1,2096,01,16,1.1767050468195426,10.61431,5.0288734,2096
29601,r10i1p1f1,2096,01,17,16.99580934908131,10.654649,4.614361,2096
29602,r10i1p1f1,2096,01,18,14.328590340262867,8.600455,3.7705343,2096
29603,r10i1p1f1,2096,01,19,11.070182527174964,8.916359,4.4932184,2096
29604,r10i1p1f1,2096,01,20,65.74065819640006,15.04333,4.9342747,2096
29605,r10i1p1f1,2096,01,21,0.2789489129452848,12.616162,2.2822514,2096
29606,r10i1p1f1,2096,01,22,0.21965133525291572,10.906458,4.7405868,2096
29607,r10i1p1f1,2096,01,23,9.873989190787382,9.0500765,2.6414287,2096
29608,r10i1p1f1,2096,01,24,0.0,12.289197,1.4029756,2096
29609,r10i1p1f1,2096,01,25,0.0,13.063078,1.0951024,2096
29610,r10i1p1f1,2096,01,26,0.0,14.900757,2.7237513,2096
29611,r10i1p1f1,2096,01,27,0.0,17.682796,4.9094276,2096
29612,r10i1p1f1,2096,01,28,0.0,16.936876,5.0400963,2096
29613,r10i1p1f1,2096,01,29,0.09605633738254638,16.379562,5.2355957,2096
29614,r10i1p1f1,2096,01,30,0.6618378384688951,13.610119,7.312379,2096
29615,r10i1p1f1,2096,01,31,5.330775381164705,11.883613,8.060522,2096
29616,r10i1p1f1,2096,02,01,0.0,15.150349,3.3014655,2096
29617,r10i1p1f1,2096,02,02,16.63288167726837,13.216836,3.5984044,2096
29618,r10i1p1f1,2096,02,03,0.0,11.307098,2.6178355,2096
29619,r10i1p1f1,2096,02,04,0.07254260147563305,12.301938,5.261341,2096
29620,r10i1p1f1,2096,02,05,0.0,19.67738,6.688671,2096
29621,r10i1p1f1,2096,02,06,3.07465758389873,19.973822,9.166767,2096
29622,r10i1p1f1,2096,02,07,0.0,16.230576,5.121664,2096
29623,r10i1p1f1,2096,02,08,6.844268667765918,14.840411,5.271572,2096
29624,r10i1p1f1,2096,02,09,6.000178780634183,9.907506,3.9695275,2096
29625,r10i1p1f1,2096,02,10,0.0,12.628848,5.474999,2096
29626,r10i1p1f1,2096,02,11,0.0,17.428583,4.4716153,2096
29627,r10i1p1f1,2096,02,12,0.0,17.165928,4.0110955,2096
29628,r10i1p1f1,2096,02,13,0.0,15.769275,4.6300144,2096
29629,r10i1p1f1,2096,02,14,0.0,15.579712,4.065742,2096
29630,r10i1p1f1,2096,02,15,0.0,19.168852,4.7977943,2096
29631,r10i1p1f1,2096,02,16,0.0,18.12127,5.978503,2096
29632,r10i1p1f1,2096,02,17,0.0,16.207108,5.1962295,2096
29633,r10i1p1f1,2096,02,18,0.0,15.339963,3.1975024,2096
29634,r10i1p1f1,2096,02,19,0.0,16.498247,3.3319201,2096
29635,r10i1p1f1,2096,02,20,0.0,19.631384,5.8162827,2096
29636,r10i1p1f1,2096,02,21,0.3209258555455706,18.65534,7.388571,2096
29637,r10i1p1f1,2096,02,22,2.3337712353790456,11.602811,0.8345618,2096
29638,r10i1p1f1,2096,02,23,0.0,11.350219,1.3169826,2096
29639,r10i1p1f1,2096,02,24,23.351828039219406,8.844406,1.5216472,2096
29640,r10i1p1f1,2096,02,25,0.0,16.272392,2.4858968,2096
29641,r10i1p1f1,2096,02,26,0.0,17.775778,4.998251,2096
29642,r10i1p1f1,2096,02,27,0.0,17.3578,5.322445,2096
29643,r10i1p1f1,2096,02,28,0.0,9.576909,-1.0234455,2096
29644,r10i1p1f1,2096,02,29,0.0,12.393436,-0.79483134,2096
29645,r10i1p1f1,2096,03,01,2.173975955403014,10.1332855,-0.916427,2096
29646,r10i1p1f1,2096,03,02,17.68200471319448,8.048887,1.8412638,2096
29647,r10i1p1f1,2096,03,03,2.609711705851001,12.304976,1.1708151,2096
29648,r10i1p1f1,2096,03,04,0.0,18.097277,0.13897404,2096
29649,r10i1p1f1,2096,03,05,0.0,23.04148,5.888315,2096
29650,r10i1p1f1,2096,03,06,0.0,23.660358,8.295331,2096
29651,r10i1p1f1,2096,03,07,0.0,22.644548,7.1854014,2096
29652,r10i1p1f1,2096,03,08,0.0,21.94106,9.066864,2096
29653,r10i1p1f1,2096,03,09,0.0,19.270401,8.02597,2096
29654,r10i1p1f1,2096,03,10,0.0,16.998253,5.407889,2096
29655,r10i1p1f1,2096,03,11,0.0663750826980073,13.458327,1.1485097,2096
29656,r10i1p1f1,2096,03,12,0.0,12.762672,-2.3535976,2096
29657,r10i1p1f1,2096,03,13,0.0,16.508236,-0.1914207,2096
29658,r10i1p1f1,2096,03,14,1.640482934544707,15.782132,2.4430337,2096
29659,r10i1p1f1,2096,03,15,28.85515089116157,10.320549,1.8789274,2096
29660,r10i1p1f1,2096,03,16,38.83798347776878,9.607865,2.708825,2096
29661,r10i1p1f1,2096,03,17,0.0,15.918065,1.6314856,2096
29662,r10i1p1f1,2096,03,18,0.0,21.194576,2.9861813,2096
29663,r10i1p1f1,2096,03,19,0.0,21.257471,4.6976357,2096
29664,r10i1p1f1,2096,03,20,0.0,22.714828,6.6045732,2096
29665,r10i1p1f1,2096,03,21,0.0,23.176064,10.098935,2096
29666,r10i1p1f1,2096,03,22,0.02966178666323877,22.264084,9.782736,2096
29667,r10i1p1f1,2096,03,23,13.448004826970742,19.341337,5.5530105,2096
29668,r10i1p1f1,2096,03,24,1.1157086296742291,12.248056,5.435186,2096
29669,r10i1p1f1,2096,03,25,6.034953469641454,12.032059,4.2857924,2096
29670,r10i1p1f1,2096,03,26,0.012087492933987002,19.771347,5.8740115,2096
29671,r10i1p1f1,2096,03,27,0.0,20.928438,6.356414,2096
29672,r10i1p1f1,2096,03,28,0.0,20.078026,8.842162,2096
29673,r10i1p1f1,2096,03,29,0.0,17.920942,8.276302,2096
29674,r10i1p1f1,2096,03,30,33.087127969453206,13.75509,1.8359228,2096
29675,r10i1p1f1,2096,03,31,13.03604833172262,13.569352,6.8704624,2096
29676,r10i1p1f1,2096,04,01,2.79331387229209,12.999235,3.4154558,2096
29677,r10i1p1f1,2096,04,02,20.688592840758105,13.1833,5.3995223,2096
29678,r10i1p1f1,2096,04,03,0.0,17.139757,4.154278,2096
29679,r10i1p1f1,2096,04,04,8.299480008970836,15.6756525,5.68054,2096
29680,r10i1p1f1,2096,04,05,1.3141680411966885,15.079876,4.138051,2096
29681,r10i1p1f1,2096,04,06,17.486174798441905,13.800179,3.2061925,2096
29682,r10i1p1f1,2096,04,07,9.050623498157956,14.229997,3.1275578,2096
29683,r10i1p1f1,2096,04,08,0.0,15.18051,1.312281,2096
29684,r10i1p1f1,2096,04,09,17.324875709202484,14.526441,3.9018407,2096
29685,r10i1p1f1,2096,04,10,1.7891035321027677,13.387238,1.9511892,2096
29686,r10i1p1f1,2096,04,11,0.12366763334476243,13.893869,-0.10746725,2096
29687,r10i1p1f1,2096,04,12,4.215850546332053,13.854102,4.389288,2096
29688,r10i1p1f1,2096,04,13,0.0,14.852001,3.3237205,2096
29689,r10i1p1f1,2096,04,14,0.0,19.348177,3.4306824,2096
29690,r10i1p1f1,2096,04,15,0.0,21.559853,6.0122023,2096
29691,r10i1p1f1,2096,04,16,0.0,20.827696,7.894064,2096
29692,r10i1p1f1,2096,04,17,2.9190736781042927,17.545496,7.2331543,2096
29693,r10i1p1f1,2096,04,18,3.536293410041636,18.547855,4.821724,2096
29694,r10i1p1f1,2096,04,19,3.8909942112791454,18.994373,4.8245544,2096
29695,r10i1p1f1,2096,04,20,0.0,25.241823,9.519173,2096
29696,r10i1p1f1,2096,04,21,0.0,25.865097,10.934406,2096
29697,r10i1p1f1,2096,04,22,0.0,28.475769,12.482014,2096
29698,r10i1p1f1,2096,04,23,0.0,32.192154,14.813486,2096
29699,r10i1p1f1,2096,04,24,0.0,32.37745,16.42628,2096
29700,r10i1p1f1,2096,04,25,0.0,30.589106,15.061038,2096
29701,r10i1p1f1,2096,04,26,0.0,26.203884,11.724346,2096
29702,r10i1p1f1,2096,04,27,0.0,24.272633,8.079499,2096
29703,r10i1p1f1,2096,04,28,0.0,28.305182,12.035238,2096
29704,r10i1p1f1,2096,04,29,0.0,28.677593,14.303554,2096
29705,r10i1p1f1,2096,04,30,0.0,29.157381,15.677884,2096
29706,r10i1p1f1,2096,05,01,0.0,29.862206,15.506798,2096
29707,r10i1p1f1,2096,05,02,0.0,30.34159,14.006004,2096
29708,r10i1p1f1,2096,05,03,0.0,31.480253,15.763959,2096
29709,r10i1p1f1,2096,05,04,0.28754505321175156,24.6076,10.987693,2096
29710,r10i1p1f1,2096,05,05,0.0,29.07526,15.907236,2096
29711,r10i1p1f1,2096,05,06,0.0,26.96546,12.452486,2096
29712,r10i1p1f1,2096,05,07,0.0,29.967703,12.804151,2096
29713,r10i1p1f1,2096,05,08,0.0,29.073946,15.360544,2096
29714,r10i1p1f1,2096,05,09,0.0,28.6451,14.867347,2096
29715,r10i1p1f1,2096,05,10,0.0,31.388016,14.688759,2096
29716,r10i1p1f1,2096,05,11,0.0,31.661058,17.369165,2096
29717,r10i1p1f1,2096,05,12,0.0,31.614553,15.160335,2096
29718,r10i1p1f1,2096,05,13,0.0,29.566021,15.414962,2096
29719,r10i1p1f1,2096,05,14,0.0,28.214542,13.177376,2096
29720,r10i1p1f1,2096,05,15,0.0,26.541466,12.40294,2096
29721,r10i1p1f1,2096,05,16,0.0,28.495499,13.99349,2096
29722,r10i1p1f1,2096,05,17,9.432803925658032,23.222925,8.886551,2096
29723,r10i1p1f1,2096,05,18,0.0,26.510971,12.750293,2096
29724,r10i1p1f1,2096,05,19,0.0,27.083458,11.354731,2096
29725,r10i1p1f1,2096,05,20,0.0,27.581238,11.846015,2096
29726,r10i1p1f1,2096,05,21,0.0,29.100073,13.902423,2096
29727,r10i1p1f1,2096,05,22,0.0,29.320908,13.780158,2096
29728,r10i1p1f1,2096,05,23,0.0,28.86528,15.148736,2096
29729,r10i1p1f1,2096,05,24,0.0,31.83808,13.485835,2096
29730,r10i1p1f1,2096,05,25,0.0,35.915092,18.55287,2096
29731,r10i1p1f1,2096,05,26,0.0,35.41318,19.47391,2096
29732,r10i1p1f1,2096,05,27,0.0,28.53559,14.195172,2096
29733,r10i1p1f1,2096,05,28,0.0,27.166813,11.112896,2096
29734,r10i1p1f1,2096,05,29,0.0,26.735907,9.780119,2096
29735,r10i1p1f1,2096,05,30,0.0,25.389511,9.109751,2096
29736,r10i1p1f1,2096,05,31,0.0,28.583698,12.352316,2096
29737,r10i1p1f1,2096,06,01,0.0,30.619099,12.901697,2096
29738,r10i1p1f1,2096,06,02,0.0,29.600094,12.620884,2096
29739,r10i1p1f1,2096,06,03,0.0,24.39151,9.078951,2096
29740,r10i1p1f1,2096,06,04,0.0,22.412384,6.9189487,2096
29741,r10i1p1f1,2096,06,05,0.40193501793175146,21.380238,6.3636875,2096
29742,r10i1p1f1,2096,06,06,0.0,29.950382,10.669883,2096
29743,r10i1p1f1,2096,06,07,0.0,34.116444,15.64432,2096
29744,r10i1p1f1,2096,06,08,0.0,36.01335,21.147436,2096
29745,r10i1p1f1,2096,06,09,0.0,36.27193,19.157364,2096
29746,r10i1p1f1,2096,06,10,0.0008230613933559844,34.298332,18.607288,2096
29747,r10i1p1f1,2096,06,11,0.0,33.024452,17.144453,2096
29748,r10i1p1f1,2096,06,12,0.0,31.939354,15.959031,2096
29749,r10i1p1f1,2096,06,13,0.0,24.314468,6.811783,2096
29750,r10i1p1f1,2096,06,14,0.0,28.408367,10.390277,2096
29751,r10i1p1f1,2096,06,15,0.0,29.02455,12.253517,2096
29752,r10i1p1f1,2096,06,16,0.0,28.531437,13.075604,2096
29753,r10i1p1f1,2096,06,17,0.0,29.718115,10.932566,2096
29754,r10i1p1f1,2096,06,18,0.0,33.596893,15.422593,2096
29755,r10i1p1f1,2096,06,19,0.0,33.91067,17.761993,2096
29756,r10i1p1f1,2096,06,20,0.0,40.64723,22.295753,2096
29757,r10i1p1f1,2096,06,21,0.05593401284912895,38.240158,22.6284,2096
29758,r10i1p1f1,2096,06,22,0.0,36.26438,22.081814,2096
29759,r10i1p1f1,2096,06,23,0.0,36.849224,20.917242,2096
29760,r10i1p1f1,2096,06,24,0.0,37.279594,21.320055,2096
29761,r10i1p1f1,2096,06,25,0.0,38.05742,22.338947,2096
29762,r10i1p1f1,2096,06,26,0.0,35.489918,19.23072,2096
29763,r10i1p1f1,2096,06,27,0.0,37.307823,20.499271,2096
29764,r10i1p1f1,2096,06,28,0.0,37.993908,21.99176,2096
29765,r10i1p1f1,2096,06,29,0.0,37.271255,20.488493,2096
29766,r10i1p1f1,2096,06,30,0.0,36.212696,19.351414,2096
29767,r10i1p1f1,2096,07,01,0.0,36.10994,20.625269,2096
29768,r10i1p1f1,2096,07,02,0.0,35.51584,19.975393,2096
29769,r10i1p1f1,2096,07,03,0.0,33.41469,17.464737,2096
29770,r10i1p1f1,2096,07,04,0.0,31.59935,16.404016,2096
29771,r10i1p1f1,2096,07,05,0.0,29.622446,13.967595,2096
29772,r10i1p1f1,2096,07,06,0.0,29.471642,13.418022,2096
29773,r10i1p1f1,2096,07,07,0.0,29.562063,12.251002,2096
29774,r10i1p1f1,2096,07,08,0.0,28.25849,12.484766,2096
29775,r10i1p1f1,2096,07,09,0.0,28.621418,11.4120865,2096
29776,r10i1p1f1,2096,07,10,0.0,28.030188,12.04335,2096
29777,r10i1p1f1,2096,07,11,0.0,30.904583,12.55189,2096
29778,r10i1p1f1,2096,07,12,0.0,36.010765,16.826794,2096
29779,r10i1p1f1,2096,07,13,0.0,36.894188,20.645432,2096
29780,r10i1p1f1,2096,07,14,0.0,37.040104,21.234749,2096
29781,r10i1p1f1,2096,07,15,0.0,37.831005,23.214655,2096
29782,r10i1p1f1,2096,07,16,0.0,38.581055,20.595364,2096
29783,r10i1p1f1,2096,07,17,0.0,39.485477,20.303936,2096
29784,r10i1p1f1,2096,07,18,0.0,41.513203,25.49078,2096
29785,r10i1p1f1,2096,07,19,0.0,41.303967,23.39417,2096
29786,r10i1p1f1,2096,07,20,0.0,40.61605,21.712225,2096
29787,r10i1p1f1,2096,07,21,0.0,39.520546,22.585638,2096
29788,r10i1p1f1,2096,07,22,0.0,40.93097,24.514875,2096
29789,r10i1p1f1,2096,07,23,0.0,40.513622,24.301956,2096
29790,r10i1p1f1,2096,07,24,0.0,37.170815,20.673777,2096
29791,r10i1p1f1,2096,07,25,0.0,35.349308,19.350529,2096
29792,r10i1p1f1,2096,07,26,0.0,36.5959,18.908825,2096
29793,r10i1p1f1,2096,07,27,0.0,38.839733,19.106745,2096
29794,r10i1p1f1,2096,07,28,0.0,40.05497,21.792536,2096
29795,r10i1p1f1,2096,07,29,0.0,39.819313,22.193275,2096
29796,r10i1p1f1,2096,07,30,0.0,39.116543,21.481188,2096
29797,r10i1p1f1,2096,07,31,0.0,39.341328,22.522451,2096
29798,r10i1p1f1,2096,08,01,0.0,38.76577,23.005455,2096
29799,r10i1p1f1,2096,08,02,0.0,39.090992,20.14964,2096
29800,r10i1p1f1,2096,08,03,0.0,38.114727,19.168413,2096
29801,r10i1p1f1,2096,08,04,0.0,35.491184,18.0634,2096
29802,r10i1p1f1,2096,08,05,0.0,36.816414,20.223421,2096
29803,r10i1p1f1,2096,08,06,0.0,39.883213,21.874481,2096
29804,r10i1p1f1,2096,08,07,0.0,41.647583,24.210272,2096
29805,r10i1p1f1,2096,08,08,0.0,42.22558,24.867413,2096
29806,r10i1p1f1,2096,08,09,0.0,41.29931,23.678177,2096
29807,r10i1p1f1,2096,08,10,0.0,40.479523,23.40975,2096
29808,r10i1p1f1,2096,08,11,0.0,39.40134,24.030664,2096
29809,r10i1p1f1,2096,08,12,0.0,37.54485,21.687862,2096
29810,r10i1p1f1,2096,08,13,0.0,37.907955,20.562721,2096
29811,r10i1p1f1,2096,08,14,0.0,37.615406,21.203646,2096
29812,r10i1p1f1,2096,08,15,0.0,36.914745,20.173746,2096
29813,r10i1p1f1,2096,08,16,0.0,35.19302,19.542841,2096
29814,r10i1p1f1,2096,08,17,0.0,34.706493,19.125803,2096
29815,r10i1p1f1,2096,08,18,0.0013935178111224606,30.95813,17.589697,2096
29816,r10i1p1f1,2096,08,19,0.0,33.04731,17.141325,2096
29817,r10i1p1f1,2096,08,20,0.0,34.7155,19.460342,2096
29818,r10i1p1f1,2096,08,21,0.0,38.03767,20.930492,2096
29819,r10i1p1f1,2096,08,22,0.0,37.603558,22.659431,2096
29820,r10i1p1f1,2096,08,23,0.0,39.094738,24.166494,2096
29821,r10i1p1f1,2096,08,24,0.0,38.539318,23.127392,2096
29822,r10i1p1f1,2096,08,25,0.0,37.197098,21.068563,2096
29823,r10i1p1f1,2096,08,26,0.0,38.74384,21.248562,2096
29824,r10i1p1f1,2096,08,27,0.0,38.526146,22.865088,2096
29825,r10i1p1f1,2096,08,28,0.0,36.626537,21.404608,2096
29826,r10i1p1f1,2096,08,29,0.0,40.049847,22.144178,2096
29827,r10i1p1f1,2096,08,30,0.0,40.767067,22.978155,2096
29828,r10i1p1f1,2096,08,31,0.0,42.1951,24.501877,2096
29829,r10i1p1f1,2096,09,01,0.0,43.25804,24.678286,2096
29830,r10i1p1f1,2096,09,02,0.16941447253262404,42.881824,26.674255,2096
29831,r10i1p1f1,2096,09,03,0.0,42.343014,28.101463,2096
29832,r10i1p1f1,2096,09,04,0.0,39.5865,25.865622,2096
29833,r10i1p1f1,2096,09,05,0.0,36.24867,22.097643,2096
29834,r10i1p1f1,2096,09,06,0.0,32.18442,19.85092,2096
29835,r10i1p1f1,2096,09,07,0.02244734634802482,31.737347,19.209902,2096
29836,r10i1p1f1,2096,09,08,0.0,31.872736,18.174301,2096
29837,r10i1p1f1,2096,09,09,0.0009023028508779948,33.518158,19.99491,2096
29838,r10i1p1f1,2096,09,10,0.0,32.3792,16.669306,2096
29839,r10i1p1f1,2096,09,11,0.0,31.743454,15.086616,2096
29840,r10i1p1f1,2096,09,12,0.0,37.6793,19.94777,2096
29841,r10i1p1f1,2096,09,13,0.0,39.39135,22.075699,2096
29842,r10i1p1f1,2096,09,14,0.0,39.270626,23.660694,2096
29843,r10i1p1f1,2096,09,15,0.0,38.281525,22.347355,2096
29844,r10i1p1f1,2096,09,16,0.0,35.538395,21.174112,2096
29845,r10i1p1f1,2096,09,17,0.0,28.550331,14.962588,2096
29846,r10i1p1f1,2096,09,18,0.0,35.11451,20.415619,2096
29847,r10i1p1f1,2096,09,19,0.0,38.2369,23.047377,2096
29848,r10i1p1f1,2096,09,20,0.0,40.74616,23.803917,2096
29849,r10i1p1f1,2096,09,21,0.0,41.108864,25.510845,2096
29850,r10i1p1f1,2096,09,22,0.0,41.061054,25.986332,2096
29851,r10i1p1f1,2096,09,23,0.0,40.76256,23.303501,2096
29852,r10i1p1f1,2096,09,24,0.0,36.283268,21.379135,2096
29853,r10i1p1f1,2096,09,25,0.0,35.96168,22.286674,2096
29854,r10i1p1f1,2096,09,26,0.002127345054472435,35.440414,22.074722,2096
29855,r10i1p1f1,2096,09,27,0.0,36.303738,20.793177,2096
29856,r10i1p1f1,2096,09,28,0.0012358213457206915,35.350254,21.569809,2096
29857,r10i1p1f1,2096,09,29,0.0,34.581104,19.947193,2096
29858,r10i1p1f1,2096,09,30,0.0,33.1839,19.143333,2096
29859,r10i1p1f1,2096,10,01,0.0,29.71441,15.586323,2096
29860,r10i1p1f1,2096,10,02,0.0,28.24574,13.531337,2096
29861,r10i1p1f1,2096,10,03,0.0,28.32666,15.473957,2096
29862,r10i1p1f1,2096,10,04,0.0,25.785786,13.749744,2096
29863,r10i1p1f1,2096,10,05,0.0,27.221004,10.836328,2096
29864,r10i1p1f1,2096,10,06,0.0,28.911057,12.57622,2096
29865,r10i1p1f1,2096,10,07,0.0,28.169825,14.002342,2096
29866,r10i1p1f1,2096,10,08,0.0,24.200975,11.252719,2096
29867,r10i1p1f1,2096,10,09,0.0,29.186913,13.532516,2096
29868,r10i1p1f1,2096,10,10,0.05163690473541225,28.946138,13.035531,2096
29869,r10i1p1f1,2096,10,11,0.0,25.808002,10.512848,2096
29870,r10i1p1f1,2096,10,12,0.0,25.261345,9.765254,2096
29871,r10i1p1f1,2096,10,13,0.0,23.634733,11.134768,2096
29872,r10i1p1f1,2096,10,14,0.0,26.85905,12.038282,2096
29873,r10i1p1f1,2096,10,15,0.0,29.457186,11.810982,2096
29874,r10i1p1f1,2096,10,16,0.0,28.087585,14.059114,2096
29875,r10i1p1f1,2096,10,17,0.0,27.552937,14.106166,2096
29876,r10i1p1f1,2096,10,18,0.0,26.943378,13.503629,2096
29877,r10i1p1f1,2096,10,19,0.0,24.769138,11.937827,2096
29878,r10i1p1f1,2096,10,20,0.0,23.900606,9.879016,2096
29879,r10i1p1f1,2096,10,21,0.0,26.885664,11.500697,2096
29880,r10i1p1f1,2096,10,22,0.0,30.762753,13.68024,2096
29881,r10i1p1f1,2096,10,23,0.0,30.160513,14.46433,2096
29882,r10i1p1f1,2096,10,24,0.0,23.29511,7.405116,2096
29883,r10i1p1f1,2096,10,25,0.0,22.42904,9.142935,2096
29884,r10i1p1f1,2096,10,26,0.0,23.379808,10.261345,2096
29885,r10i1p1f1,2096,10,27,0.0,23.664331,9.423574,2096
29886,r10i1p1f1,2096,10,28,0.0,26.330763,9.320104,2096
29887,r10i1p1f1,2096,10,29,0.0,25.703314,13.956816,2096
29888,r10i1p1f1,2096,10,30,0.22385326573815914,22.51596,12.399786,2096
29889,r10i1p1f1,2096,10,31,0.21497551212010685,19.017824,10.962775,2096
29890,r10i1p1f1,2096,11,01,1.7277207327328812,24.096731,12.105141,2096
29891,r10i1p1f1,2096,11,02,0.0,23.109835,10.179901,2096
29892,r10i1p1f1,2096,11,03,0.0,25.257608,9.605421,2096
29893,r10i1p1f1,2096,11,04,0.027336278464262204,23.82401,10.186217,2096
29894,r10i1p1f1,2096,11,05,7.433453102567,18.925865,9.008235,2096
29895,r10i1p1f1,2096,11,06,0.0,16.69251,4.4109745,2096
29896,r10i1p1f1,2096,11,07,0.5441608155766325,14.789149,2.30909,2096
29897,r10i1p1f1,2096,11,08,0.0,13.843379,2.2911026,2096
29898,r10i1p1f1,2096,11,09,0.0,16.987066,3.732375,2096
29899,r10i1p1f1,2096,11,10,0.0,18.001112,4.453921,2096
29900,r10i1p1f1,2096,11,11,0.0,19.956873,2.4632375,2096
29901,r10i1p1f1,2096,11,12,0.0,19.576618,5.8248644,2096
29902,r10i1p1f1,2096,11,13,0.0,22.086046,6.255146,2096
29903,r10i1p1f1,2096,11,14,0.0,22.841368,10.421384,2096
29904,r10i1p1f1,2096,11,15,0.0008353570520787463,24.209213,13.594495,2096
29905,r10i1p1f1,2096,11,16,10.170000907658649,16.065208,11.551359,2096
29906,r10i1p1f1,2096,11,17,45.9045926369359,15.516905,10.989421,2096
29907,r10i1p1f1,2096,11,18,9.603011658021531,15.574575,6.9370856,2096
29908,r10i1p1f1,2096,11,19,17.33364703414784,12.557436,6.707121,2096
29909,r10i1p1f1,2096,11,20,0.09385556255246659,15.35615,4.3580933,2096
29910,r10i1p1f1,2096,11,21,0.0,16.874676,4.598513,2096
29911,r10i1p1f1,2096,11,22,0.0,17.745539,4.49061,2096
29912,r10i1p1f1,2096,11,23,0.6117764245860408,17.649223,5.918624,2096
29913,r10i1p1f1,2096,11,24,1.195505530018923,14.327751,5.7541237,2096
29914,r10i1p1f1,2096,11,25,0.0,16.42786,3.6874027,2096
29915,r10i1p1f1,2096,11,26,0.0,17.214039,2.664206,2096
29916,r10i1p1f1,2096,11,27,0.013587533248937689,18.363806,4.1346397,2096
29917,r10i1p1f1,2096,11,28,0.0,17.311874,5.2407126,2096
29918,r10i1p1f1,2096,11,29,0.0,16.911999,6.6105595,2096
29919,r10i1p1f1,2096,11,30,4.4784305476576645,16.334019,8.243453,2096
29920,r10i1p1f1,2096,12,01,0.0,14.354378,3.788457,2096
29921,r10i1p1f1,2096,12,02,0.0,17.366102,4.8312926,2096
29922,r10i1p1f1,2096,12,03,0.0,16.599947,5.117275,2096
29923,r10i1p1f1,2096,12,04,0.0,15.621117,4.0179434,2096
29924,r10i1p1f1,2096,12,05,16.08931824169926,14.36198,3.0102956,2096
29925,r10i1p1f1,2096,12,06,0.0,13.792253,3.746132,2096
29926,r10i1p1f1,2096,12,07,0.0,16.588293,3.4547634,2096
29927,r10i1p1f1,2096,12,08,0.0,16.235651,6.284089,2096
29928,r10i1p1f1,2096,12,09,0.0,15.6246195,5.819038,2096
29929,r10i1p1f1,2096,12,10,0.0,17.399342,5.064805,2096
29930,r10i1p1f1,2096,12,11,0.012021453006271162,15.939413,8.08931,2096
29931,r10i1p1f1,2096,12,12,0.0,13.639806,3.1947432,2096
29932,r10i1p1f1,2096,12,13,0.0,15.012214,3.0508087,2096
29933,r10i1p1f1,2096,12,14,0.0,17.395256,7.8534403,2096
29934,r10i1p1f1,2096,12,15,0.06769654223836896,16.417334,6.9662733,2096
29935,r10i1p1f1,2096,12,16,0.0,17.066698,5.5236897,2096
29936,r10i1p1f1,2096,12,17,0.0,15.490333,5.819114,2096
29937,r10i1p1f1,2096,12,18,0.0,15.302304,5.31566,2096
29938,r10i1p1f1,2096,12,19,0.0,17.366735,5.498552,2096
29939,r10i1p1f1,2096,12,20,0.0,18.706327,6.1399937,2096
29940,r10i1p1f1,2096,12,21,0.0,21.009733,7.681347,2096
29941,r10i1p1f1,2096,12,22,0.0,19.82394,9.049964,2096
29942,r10i1p1f1,2096,12,23,0.0,18.240002,8.72495,2096
29943,r10i1p1f1,2096,12,24,0.0,20.731266,6.9810534,2096
29944,r10i1p1f1,2096,12,25,0.0,20.952673,8.285962,2096
29945,r10i1p1f1,2096,12,26,0.0,19.411484,8.020887,2096
29946,r10i1p1f1,2096,12,27,0.0,16.106695,5.463843,2096
29947,r10i1p1f1,2096,12,28,0.0,17.792892,5.470941,2096
29948,r10i1p1f1,2096,12,29,0.0,17.90542,7.6492167,2096
29949,r10i1p1f1,2096,12,30,0.0,19.072678,6.3499794,2096
29950,r10i1p1f1,2096,12,31,0.0,20.52797,8.3424,2096
29951,r10i1p1f1,2097,01,01,0.0,20.348223,7.414613,2097
29952,r10i1p1f1,2097,01,02,0.0,20.884579,7.9426513,2097
29953,r10i1p1f1,2097,01,03,0.0,21.477142,8.250119,2097
29954,r10i1p1f1,2097,01,04,0.0,21.05647,7.4691243,2097
29955,r10i1p1f1,2097,01,05,0.0,23.098022,9.984389,2097
29956,r10i1p1f1,2097,01,06,0.0,21.986797,9.025103,2097
29957,r10i1p1f1,2097,01,07,0.0,22.433035,9.591949,2097
29958,r10i1p1f1,2097,01,08,0.0,18.792688,8.696264,2097
29959,r10i1p1f1,2097,01,09,0.0,17.987505,6.580807,2097
29960,r10i1p1f1,2097,01,10,0.0,21.13566,9.200488,2097
29961,r10i1p1f1,2097,01,11,20.53512503533918,20.274582,8.474732,2097
29962,r10i1p1f1,2097,01,12,4.546703720815889,8.576064,4.2013383,2097
29963,r10i1p1f1,2097,01,13,0.0,12.231462,2.5657206,2097
29964,r10i1p1f1,2097,01,14,0.0,16.859108,4.4853654,2097
29965,r10i1p1f1,2097,01,15,0.0,16.168713,4.8577056,2097
29966,r10i1p1f1,2097,01,16,0.0,15.392594,6.298154,2097
29967,r10i1p1f1,2097,01,17,9.362074507742747,12.6948,5.1350555,2097
29968,r10i1p1f1,2097,01,18,4.0088111365835895,11.1196,5.5515513,2097
29969,r10i1p1f1,2097,01,19,2.196102013194353,14.961165,8.498608,2097
29970,r10i1p1f1,2097,01,20,24.471420200394565,14.480326,9.877273,2097
29971,r10i1p1f1,2097,01,21,0.0,16.035233,9.354644,2097
29972,r10i1p1f1,2097,01,22,24.095467173059372,13.562526,7.129979,2097
29973,r10i1p1f1,2097,01,23,0.05838117582530494,13.459808,4.639752,2097
29974,r10i1p1f1,2097,01,24,37.55879204009513,10.758662,4.0298223,2097
29975,r10i1p1f1,2097,01,25,33.723965181209344,11.184303,5.2917495,2097
29976,r10i1p1f1,2097,01,26,0.44491028851265774,14.050845,5.260506,2097
29977,r10i1p1f1,2097,01,27,0.0,14.203835,3.6640215,2097
29978,r10i1p1f1,2097,01,28,28.914513839960197,12.106839,6.9977674,2097
29979,r10i1p1f1,2097,01,29,0.0,16.128056,5.479031,2097
29980,r10i1p1f1,2097,01,30,0.0,20.347248,7.797916,2097
29981,r10i1p1f1,2097,01,31,0.0,20.97315,8.755125,2097
29982,r10i1p1f1,2097,02,01,0.0,20.98513,10.070256,2097
29983,r10i1p1f1,2097,02,02,0.049627808039076626,18.853477,7.528981,2097
29984,r10i1p1f1,2097,02,03,1.9804633526483055,16.008188,8.977084,2097
29985,r10i1p1f1,2097,02,04,1.7039524538853057,16.38478,6.4177155,2097
29986,r10i1p1f1,2097,02,05,0.0,15.787514,6.754495,2097
29987,r10i1p1f1,2097,02,06,0.0,15.350727,4.527541,2097
29988,r10i1p1f1,2097,02,07,3.461314700861725,18.843266,8.190362,2097
29989,r10i1p1f1,2097,02,08,6.390368793271543,16.605362,7.735915,2097
29990,r10i1p1f1,2097,02,09,22.689827582124916,15.111542,5.8086743,2097
29991,r10i1p1f1,2097,02,10,23.17257312258191,12.675888,5.5316443,2097
29992,r10i1p1f1,2097,02,11,56.00417324979054,14.195343,3.4887197,2097
29993,r10i1p1f1,2097,02,12,13.085062444090573,8.647921,4.459935,2097
29994,r10i1p1f1,2097,02,13,6.248368520659585,11.211694,5.230123,2097
29995,r10i1p1f1,2097,02,14,0.0,15.55564,2.6478992,2097
29996,r10i1p1f1,2097,02,15,0.0,15.130143,3.5602944,2097
29997,r10i1p1f1,2097,02,16,0.0,15.323557,3.617501,2097
29998,r10i1p1f1,2097,02,17,0.0,14.542127,2.2341547,2097
29999,r10i1p1f1,2097,02,18,0.0,14.422376,3.191048,2097
30000,r10i1p1f1,2097,02,19,0.0,14.91022,1.5306702,2097
30001,r10i1p1f1,2097,02,20,0.0,13.918176,2.1470053,2097
30002,r10i1p1f1,2097,02,21,0.0,14.559564,2.8872204,2097
30003,r10i1p1f1,2097,02,22,0.0,13.94662,1.1750095,2097
30004,r10i1p1f1,2097,02,23,0.0,12.4579115,1.3951888,2097
30005,r10i1p1f1,2097,02,24,82.90880446591855,10.368969,2.232554,2097
30006,r10i1p1f1,2097,02,25,24.39404125233475,11.467657,6.0241413,2097
30007,r10i1p1f1,2097,02,26,31.542448242391018,12.614582,6.7618713,2097
30008,r10i1p1f1,2097,02,27,43.46130395286692,12.379508,4.15508,2097
30009,r10i1p1f1,2097,02,28,23.900319274674217,11.211146,3.3960948,2097
30010,r10i1p1f1,2097,03,01,69.270061793443,12.90728,5.2437196,2097
30011,r10i1p1f1,2097,03,02,27.529287713849428,9.180631,0.76112145,2097
30012,r10i1p1f1,2097,03,03,49.69480380256611,7.4509406,-0.12061029,2097
30013,r10i1p1f1,2097,03,04,10.233582636254525,7.1661177,-0.6673945,2097
30014,r10i1p1f1,2097,03,05,2.7615096447478114,7.9273047,2.0179346,2097
30015,r10i1p1f1,2097,03,06,12.90751016856934,9.410865,1.2417574,2097
30016,r10i1p1f1,2097,03,07,0.0,12.441806,1.1757293,2097
30017,r10i1p1f1,2097,03,08,0.0,16.489832,2.743661,2097
30018,r10i1p1f1,2097,03,09,0.0,16.032152,5.945863,2097
30019,r10i1p1f1,2097,03,10,3.3657993197314346,15.772249,3.1363487,2097
30020,r10i1p1f1,2097,03,11,26.995091226969013,13.711362,8.778738,2097
30021,r10i1p1f1,2097,03,12,48.739719546498044,13.706474,8.735799,2097
30022,r10i1p1f1,2097,03,13,20.107774831213693,12.929902,7.3553667,2097
30023,r10i1p1f1,2097,03,14,0.8235121834313999,13.528235,7.1830373,2097
30024,r10i1p1f1,2097,03,15,7.156519339217707,14.118384,6.585226,2097
30025,r10i1p1f1,2097,03,16,0.35406665949123733,14.076474,2.7970712,2097
30026,r10i1p1f1,2097,03,17,5.802626655675244,12.479498,2.0012906,2097
30027,r10i1p1f1,2097,03,18,17.768715671416814,8.528516,-0.7193122,2097
30028,r10i1p1f1,2097,03,19,24.465378124793794,6.143272,0.674519,2097
30029,r10i1p1f1,2097,03,20,3.1177188035383696,8.1251545,-2.414798,2097
30030,r10i1p1f1,2097,03,21,0.03486455428796226,12.068961,-1.9174126,2097
30031,r10i1p1f1,2097,03,22,5.776100100592885,9.210915,-0.66790026,2097
30032,r10i1p1f1,2097,03,23,0.2998438515939932,12.118726,1.4819136,2097
30033,r10i1p1f1,2097,03,24,0.0,13.49339,-1.1339376,2097
30034,r10i1p1f1,2097,03,25,0.06524085778628912,13.687879,2.6185327,2097
30035,r10i1p1f1,2097,03,26,0.0,14.322685,5.3760457,2097
30036,r10i1p1f1,2097,03,27,0.0,18.277193,4.5153313,2097
30037,r10i1p1f1,2097,03,28,0.0,20.738417,5.469477,2097
30038,r10i1p1f1,2097,03,29,0.0,22.34638,7.639299,2097
30039,r10i1p1f1,2097,03,30,0.0,24.026918,7.0030227,2097
30040,r10i1p1f1,2097,03,31,0.0,23.684599,8.337622,2097
30041,r10i1p1f1,2097,04,01,0.0,20.903912,5.9460616,2097
30042,r10i1p1f1,2097,04,02,0.0,21.496222,7.846377,2097
30043,r10i1p1f1,2097,04,03,0.0,26.789022,8.761025,2097
30044,r10i1p1f1,2097,04,04,0.0,30.256678,12.175089,2097
30045,r10i1p1f1,2097,04,05,0.0,32.728844,13.745321,2097
30046,r10i1p1f1,2097,04,06,0.0,32.91224,15.633285,2097
30047,r10i1p1f1,2097,04,07,0.0,32.204227,16.410536,2097
30048,r10i1p1f1,2097,04,08,0.0,26.865938,10.481331,2097
30049,r10i1p1f1,2097,04,09,0.0017677334270908766,17.159473,4.4661,2097
30050,r10i1p1f1,2097,04,10,0.0,18.504143,5.129584,2097
30051,r10i1p1f1,2097,04,11,0.0,20.435246,4.574972,2097
30052,r10i1p1f1,2097,04,12,0.0,21.089563,6.038008,2097
30053,r10i1p1f1,2097,04,13,0.0,22.513718,7.5804234,2097
30054,r10i1p1f1,2097,04,14,0.0,22.622969,6.6879997,2097
30055,r10i1p1f1,2097,04,15,0.0,21.185875,4.4815063,2097
30056,r10i1p1f1,2097,04,16,2.799265299555181,17.232826,2.5192509,2097
30057,r10i1p1f1,2097,04,17,60.51377944991385,10.053917,1.8293005,2097
30058,r10i1p1f1,2097,04,18,16.33494421353374,9.683029,1.5874411,2097
30059,r10i1p1f1,2097,04,19,0.0,16.026981,3.007824,2097
30060,r10i1p1f1,2097,04,20,0.0,19.438341,5.160366,2097
30061,r10i1p1f1,2097,04,21,8.717600748212519,18.019922,6.94077,2097
30062,r10i1p1f1,2097,04,22,11.80356537335779,13.5832615,3.867471,2097
30063,r10i1p1f1,2097,04,23,2.957242207115709,11.428229,0.14559193,2097
30064,r10i1p1f1,2097,04,24,0.0,15.999211,0.09692885,2097
30065,r10i1p1f1,2097,04,25,0.0,15.63934,2.9935799,2097
30066,r10i1p1f1,2097,04,26,0.0,19.837606,4.8317766,2097
30067,r10i1p1f1,2097,04,27,0.0,25.32832,8.46601,2097
30068,r10i1p1f1,2097,04,28,0.0,29.199867,12.7420635,2097
30069,r10i1p1f1,2097,04,29,0.0,30.545597,12.528525,2097
30070,r10i1p1f1,2097,04,30,0.0,29.83162,15.631155,2097
30071,r10i1p1f1,2097,05,01,0.0,29.037857,15.854722,2097
30072,r10i1p1f1,2097,05,02,0.0,26.372452,11.309441,2097
30073,r10i1p1f1,2097,05,03,7.720531287218603,20.907944,6.5806413,2097
30074,r10i1p1f1,2097,05,04,4.118319728054064,18.089855,7.1950626,2097
30075,r10i1p1f1,2097,05,05,0.0,22.485144,7.7662764,2097
30076,r10i1p1f1,2097,05,06,0.0,28.885502,10.735574,2097
30077,r10i1p1f1,2097,05,07,0.0,30.71291,13.945061,2097
30078,r10i1p1f1,2097,05,08,0.0,30.173752,14.715816,2097
30079,r10i1p1f1,2097,05,09,0.0,26.946915,11.813858,2097
30080,r10i1p1f1,2097,05,10,0.0,26.166735,9.556247,2097
30081,r10i1p1f1,2097,05,11,0.0,29.012405,11.601678,2097
30082,r10i1p1f1,2097,05,12,0.0,29.528166,14.643187,2097
30083,r10i1p1f1,2097,05,13,0.0,29.349281,13.846942,2097
30084,r10i1p1f1,2097,05,14,0.0,27.21913,11.405632,2097
30085,r10i1p1f1,2097,05,15,0.0,24.515074,9.25424,2097
30086,r10i1p1f1,2097,05,16,0.0,24.492117,7.2784514,2097
30087,r10i1p1f1,2097,05,17,0.0,28.583178,11.832721,2097
30088,r10i1p1f1,2097,05,18,0.0,29.569885,13.382512,2097
30089,r10i1p1f1,2097,05,19,0.0,31.456388,14.719551,2097
30090,r10i1p1f1,2097,05,20,0.0,31.776117,15.847611,2097
30091,r10i1p1f1,2097,05,21,0.0,27.17698,13.3021965,2097
30092,r10i1p1f1,2097,05,22,0.0,28.08375,14.503996,2097
30093,r10i1p1f1,2097,05,23,0.0,27.033884,12.111552,2097
30094,r10i1p1f1,2097,05,24,3.4036435065062456,19.660816,5.9135604,2097
30095,r10i1p1f1,2097,05,25,0.0,22.088017,9.02675,2097
30096,r10i1p1f1,2097,05,26,0.0,22.088526,8.705378,2097
30097,r10i1p1f1,2097,05,27,0.0,26.366388,7.7457547,2097
30098,r10i1p1f1,2097,05,28,0.0,27.966505,11.241566,2097
30099,r10i1p1f1,2097,05,29,0.0,27.454239,13.221844,2097
30100,r10i1p1f1,2097,05,30,0.11139237113208142,24.286062,9.283398,2097
30101,r10i1p1f1,2097,05,31,17.13908314383221,17.617264,4.0355897,2097
30102,r10i1p1f1,2097,06,01,3.362119552744652,12.765318,6.1436887,2097
30103,r10i1p1f1,2097,06,02,0.08117782371731377,21.132343,3.8884642,2097
30104,r10i1p1f1,2097,06,03,0.0,27.663387,10.073517,2097
30105,r10i1p1f1,2097,06,04,0.0,29.487,12.07239,2097
30106,r10i1p1f1,2097,06,05,0.0,32.415455,14.806892,2097
30107,r10i1p1f1,2097,06,06,0.0,31.978596,17.633255,2097
30108,r10i1p1f1,2097,06,07,0.0,27.805918,13.21679,2097
30109,r10i1p1f1,2097,06,08,0.0,23.227222,10.33021,2097
30110,r10i1p1f1,2097,06,09,0.0,25.1087,9.293838,2097
30111,r10i1p1f1,2097,06,10,0.0,29.193344,10.272005,2097
30112,r10i1p1f1,2097,06,11,0.0,29.191008,14.934644,2097
30113,r10i1p1f1,2097,06,12,0.0,25.160156,10.803385,2097
30114,r10i1p1f1,2097,06,13,0.0,28.883799,10.842506,2097
30115,r10i1p1f1,2097,06,14,0.0,30.652597,13.293077,2097
30116,r10i1p1f1,2097,06,15,0.0,30.344984,15.493007,2097
30117,r10i1p1f1,2097,06,16,6.185335587609811,22.275593,5.5494785,2097
30118,r10i1p1f1,2097,06,17,0.3966833279048986,18.568811,14.487359,2097
30119,r10i1p1f1,2097,06,18,0.030118280711863725,23.390186,12.131552,2097
30120,r10i1p1f1,2097,06,19,0.0,24.054064,14.339736,2097
30121,r10i1p1f1,2097,06,20,0.0,24.530655,8.596165,2097
30122,r10i1p1f1,2097,06,21,0.0,32.634823,13.44773,2097
30123,r10i1p1f1,2097,06,22,0.0,34.232243,16.211052,2097
30124,r10i1p1f1,2097,06,23,0.0,33.346107,17.68181,2097
30125,r10i1p1f1,2097,06,24,0.0,33.865845,15.9786,2097
30126,r10i1p1f1,2097,06,25,0.0,36.85396,19.469826,2097
30127,r10i1p1f1,2097,06,26,0.0,35.858257,19.595467,2097
30128,r10i1p1f1,2097,06,27,0.0,34.132122,17.894018,2097
30129,r10i1p1f1,2097,06,28,0.0,32.561142,17.14293,2097
30130,r10i1p1f1,2097,06,29,0.0,34.24207,17.747276,2097
30131,r10i1p1f1,2097,06,30,0.0,35.403603,19.09908,2097
30132,r10i1p1f1,2097,07,01,0.0,33.3965,20.618267,2097
30133,r10i1p1f1,2097,07,02,0.0,31.162392,14.761355,2097
30134,r10i1p1f1,2097,07,03,0.0,35.067574,16.253296,2097
30135,r10i1p1f1,2097,07,04,0.0,36.32339,19.93724,2097
30136,r10i1p1f1,2097,07,05,0.0,37.25404,20.996872,2097
30137,r10i1p1f1,2097,07,06,0.0,35.602264,20.389847,2097
30138,r10i1p1f1,2097,07,07,0.0,35.032375,19.32885,2097
30139,r10i1p1f1,2097,07,08,0.0,34.065594,18.760109,2097
30140,r10i1p1f1,2097,07,09,0.0,33.347267,19.229324,2097
30141,r10i1p1f1,2097,07,10,0.0,30.709518,16.787603,2097
30142,r10i1p1f1,2097,07,11,0.0,27.902987,13.825381,2097
30143,r10i1p1f1,2097,07,12,0.0,29.07153,13.557277,2097
30144,r10i1p1f1,2097,07,13,0.0,29.93602,13.9648485,2097
30145,r10i1p1f1,2097,07,14,0.0,33.33672,17.266546,2097
30146,r10i1p1f1,2097,07,15,0.0,34.05816,19.067474,2097
30147,r10i1p1f1,2097,07,16,0.0,34.3432,17.64883,2097
30148,r10i1p1f1,2097,07,17,0.0,35.830475,19.131098,2097
30149,r10i1p1f1,2097,07,18,0.0,35.731426,20.261724,2097
30150,r10i1p1f1,2097,07,19,0.0,34.970818,20.048155,2097
30151,r10i1p1f1,2097,07,20,0.0,34.510006,19.641243,2097
30152,r10i1p1f1,2097,07,21,0.0,35.47274,17.927608,2097
30153,r10i1p1f1,2097,07,22,0.0,35.094776,19.152794,2097
30154,r10i1p1f1,2097,07,23,0.0,32.61546,16.707502,2097
30155,r10i1p1f1,2097,07,24,0.0,32.33156,17.466663,2097
30156,r10i1p1f1,2097,07,25,0.0,33.750546,16.612906,2097
30157,r10i1p1f1,2097,07,26,0.0,35.881676,18.492455,2097
30158,r10i1p1f1,2097,07,27,0.0,37.32822,19.871273,2097
30159,r10i1p1f1,2097,07,28,0.0,36.75553,20.134954,2097
30160,r10i1p1f1,2097,07,29,0.0,35.97612,19.85839,2097
30161,r10i1p1f1,2097,07,30,0.0,34.96646,17.9755,2097
30162,r10i1p1f1,2097,07,31,0.0,34.267174,17.026169,2097
30163,r10i1p1f1,2097,08,01,0.0,36.13983,18.657776,2097
30164,r10i1p1f1,2097,08,02,0.0,35.471718,19.857199,2097
30165,r10i1p1f1,2097,08,03,0.0,36.96756,18.897022,2097
30166,r10i1p1f1,2097,08,04,0.0,38.614872,20.55583,2097
30167,r10i1p1f1,2097,08,05,0.0,38.89269,21.733408,2097
30168,r10i1p1f1,2097,08,06,0.0,39.06296,22.478704,2097
30169,r10i1p1f1,2097,08,07,0.0,38.520336,20.09095,2097
30170,r10i1p1f1,2097,08,08,0.0,38.392952,21.119091,2097
30171,r10i1p1f1,2097,08,09,0.0,40.26018,22.620136,2097
30172,r10i1p1f1,2097,08,10,0.0,41.706165,23.866474,2097
30173,r10i1p1f1,2097,08,11,0.0,42.779247,25.15072,2097
30174,r10i1p1f1,2097,08,12,0.0,42.421753,26.523796,2097
30175,r10i1p1f1,2097,08,13,0.0,38.94885,22.902216,2097
30176,r10i1p1f1,2097,08,14,0.0,35.735336,20.811388,2097
30177,r10i1p1f1,2097,08,15,0.0,35.627426,20.49097,2097
30178,r10i1p1f1,2097,08,16,0.0,35.554005,19.988514,2097
30179,r10i1p1f1,2097,08,17,0.0,36.70852,20.533236,2097
30180,r10i1p1f1,2097,08,18,0.0,35.634064,20.34234,2097
30181,r10i1p1f1,2097,08,19,0.0,35.51698,18.931494,2097
30182,r10i1p1f1,2097,08,20,0.0,34.985653,18.263968,2097
30183,r10i1p1f1,2097,08,21,0.0,33.588387,17.648655,2097
30184,r10i1p1f1,2097,08,22,0.0,33.084812,16.922356,2097
30185,r10i1p1f1,2097,08,23,0.0,32.60261,16.377378,2097
30186,r10i1p1f1,2097,08,24,0.0,30.475155,13.846825,2097
30187,r10i1p1f1,2097,08,25,0.0,32.916527,17.640633,2097
30188,r10i1p1f1,2097,08,26,0.0,34.333733,17.05942,2097
30189,r10i1p1f1,2097,08,27,0.0,36.362812,18.082905,2097
30190,r10i1p1f1,2097,08,28,0.0,35.690567,19.59453,2097
30191,r10i1p1f1,2097,08,29,0.0,35.7055,18.832117,2097
30192,r10i1p1f1,2097,08,30,0.0,36.08503,19.502798,2097
30193,r10i1p1f1,2097,08,31,0.0,34.827576,18.680645,2097
30194,r10i1p1f1,2097,09,01,0.0,34.210987,21.830278,2097
30195,r10i1p1f1,2097,09,02,0.0,31.224585,15.516146,2097
30196,r10i1p1f1,2097,09,03,0.0,28.760971,14.194425,2097
30197,r10i1p1f1,2097,09,04,0.0,35.69491,17.183937,2097
30198,r10i1p1f1,2097,09,05,0.0,38.685993,21.810738,2097
30199,r10i1p1f1,2097,09,06,0.0,39.65781,22.574835,2097
30200,r10i1p1f1,2097,09,07,0.0,39.521183,23.525492,2097
30201,r10i1p1f1,2097,09,08,0.0,38.77135,21.83117,2097
30202,r10i1p1f1,2097,09,09,0.0,36.729446,20.152645,2097
30203,r10i1p1f1,2097,09,10,0.0,35.48535,21.83944,2097
30204,r10i1p1f1,2097,09,11,0.0,33.34197,17.161825,2097
30205,r10i1p1f1,2097,09,12,0.0,35.41727,19.431414,2097
30206,r10i1p1f1,2097,09,13,0.0,34.69243,17.728214,2097
30207,r10i1p1f1,2097,09,14,0.0,35.238537,18.009829,2097
30208,r10i1p1f1,2097,09,15,0.0,39.936302,21.981316,2097
30209,r10i1p1f1,2097,09,16,0.0,40.541367,23.572403,2097
30210,r10i1p1f1,2097,09,17,0.0,40.801502,23.30209,2097
30211,r10i1p1f1,2097,09,18,0.0,40.436665,26.087107,2097
30212,r10i1p1f1,2097,09,19,0.03803483670804111,38.57994,24.822168,2097
30213,r10i1p1f1,2097,09,20,0.0,33.79204,19.98568,2097
30214,r10i1p1f1,2097,09,21,0.0,31.498095,19.028494,2097
30215,r10i1p1f1,2097,09,22,0.0,31.464453,16.807764,2097
30216,r10i1p1f1,2097,09,23,0.0,32.872017,17.145735,2097
30217,r10i1p1f1,2097,09,24,0.0,32.805477,18.077528,2097
30218,r10i1p1f1,2097,09,25,0.0,34.74691,20.6448,2097
30219,r10i1p1f1,2097,09,26,49.360457515515584,37.34073,20.886326,2097
30220,r10i1p1f1,2097,09,27,15.793730488650525,25.205605,17.35583,2097
30221,r10i1p1f1,2097,09,28,0.0,26.119745,12.080208,2097
30222,r10i1p1f1,2097,09,29,0.0,26.60264,13.947717,2097
30223,r10i1p1f1,2097,09,30,0.0,29.951868,14.690455,2097
30224,r10i1p1f1,2097,10,01,0.0,33.701817,19.5121,2097
30225,r10i1p1f1,2097,10,02,0.0,32.38618,19.36142,2097
30226,r10i1p1f1,2097,10,03,0.0,27.911085,13.658984,2097
30227,r10i1p1f1,2097,10,04,0.0,25.979853,11.800194,2097
30228,r10i1p1f1,2097,10,05,0.0,28.772419,14.977035,2097
30229,r10i1p1f1,2097,10,06,0.0,29.484156,15.975964,2097
30230,r10i1p1f1,2097,10,07,0.0,26.758238,12.826401,2097
30231,r10i1p1f1,2097,10,08,27.64880944006635,24.890455,11.547317,2097
30232,r10i1p1f1,2097,10,09,24.779336890940996,15.512403,10.277647,2097
30233,r10i1p1f1,2097,10,10,1.5996709531272675,24.652136,9.020899,2097
30234,r10i1p1f1,2097,10,11,0.0,23.570765,10.745867,2097
30235,r10i1p1f1,2097,10,12,0.0,22.813993,10.004562,2097
30236,r10i1p1f1,2097,10,13,0.0,24.754906,11.893684,2097
30237,r10i1p1f1,2097,10,14,0.0,29.64816,13.37502,2097
30238,r10i1p1f1,2097,10,15,0.0,32.880363,16.778671,2097
30239,r10i1p1f1,2097,10,16,0.0,32.562023,17.394205,2097
30240,r10i1p1f1,2097,10,17,0.0,32.50009,15.874916,2097
30241,r10i1p1f1,2097,10,18,0.0,29.482014,13.899224,2097
30242,r10i1p1f1,2097,10,19,0.0,29.837666,14.411903,2097
30243,r10i1p1f1,2097,10,20,0.0,28.791166,13.304752,2097
30244,r10i1p1f1,2097,10,21,0.0,25.227411,12.579811,2097
30245,r10i1p1f1,2097,10,22,0.0,25.607433,9.371854,2097
30246,r10i1p1f1,2097,10,23,0.0,29.397799,12.74427,2097
30247,r10i1p1f1,2097,10,24,0.0,30.919203,14.836188,2097
30248,r10i1p1f1,2097,10,25,0.0,30.463476,14.393078,2097
30249,r10i1p1f1,2097,10,26,0.0,29.05101,14.278656,2097
30250,r10i1p1f1,2097,10,27,0.0,30.270737,14.986829,2097
30251,r10i1p1f1,2097,10,28,0.0,29.949284,13.31892,2097
30252,r10i1p1f1,2097,10,29,0.0,24.026783,9.682686,2097
30253,r10i1p1f1,2097,10,30,0.0,23.701233,8.859892,2097
30254,r10i1p1f1,2097,10,31,0.0,23.242119,9.487885,2097
30255,r10i1p1f1,2097,11,01,0.0,22.432144,9.346512,2097
30256,r10i1p1f1,2097,11,02,0.0,26.17954,8.151802,2097
30257,r10i1p1f1,2097,11,03,0.0,25.77801,10.41199,2097
30258,r10i1p1f1,2097,11,04,0.0,24.457571,12.121428,2097
30259,r10i1p1f1,2097,11,05,7.833673758891803,24.243708,12.145291,2097
30260,r10i1p1f1,2097,11,06,0.014131421207103381,19.717121,6.2321067,2097
30261,r10i1p1f1,2097,11,07,0.0,20.211313,6.8048897,2097
30262,r10i1p1f1,2097,11,08,0.0,19.69135,7.2018304,2097
30263,r10i1p1f1,2097,11,09,0.29672236349525566,18.177639,10.333587,2097
30264,r10i1p1f1,2097,11,10,15.202305088276166,17.148544,9.577751,2097
30265,r10i1p1f1,2097,11,11,0.6490072326605992,17.479141,5.497533,2097
30266,r10i1p1f1,2097,11,12,0.0,19.936083,6.3507094,2097
30267,r10i1p1f1,2097,11,13,0.0,19.103424,11.121349,2097
30268,r10i1p1f1,2097,11,14,0.00179245114515269,17.569885,12.295361,2097
30269,r10i1p1f1,2097,11,15,0.0,21.790186,7.4850817,2097
30270,r10i1p1f1,2097,11,16,0.0,26.928602,10.200341,2097
30271,r10i1p1f1,2097,11,17,0.0,26.127203,11.131734,2097
30272,r10i1p1f1,2097,11,18,0.0,23.813467,12.97285,2097
30273,r10i1p1f1,2097,11,19,0.0,22.564137,9.294229,2097
30274,r10i1p1f1,2097,11,20,0.0,20.64237,6.781552,2097
30275,r10i1p1f1,2097,11,21,0.1801436543629327,18.763998,6.246747,2097
30276,r10i1p1f1,2097,11,22,0.0,22.493881,7.0283604,2097
30277,r10i1p1f1,2097,11,23,0.0,24.6541,10.486321,2097
30278,r10i1p1f1,2097,11,24,0.0,23.651632,11.442676,2097
30279,r10i1p1f1,2097,11,25,2.5126945763172683,21.327799,8.998395,2097
30280,r10i1p1f1,2097,11,26,0.0,18.493877,6.4721103,2097
30281,r10i1p1f1,2097,11,27,0.0,17.440943,5.3048553,2097
30282,r10i1p1f1,2097,11,28,0.008117695726564546,21.48034,7.7635508,2097
30283,r10i1p1f1,2097,11,29,0.0,19.136734,6.193527,2097
30284,r10i1p1f1,2097,11,30,2.626517413007509,16.056496,3.909745,2097
30285,r10i1p1f1,2097,12,01,0.0,13.6923895,2.6796322,2097
30286,r10i1p1f1,2097,12,02,0.0,12.45881,4.241264,2097
30287,r10i1p1f1,2097,12,03,0.0,11.208094,2.3153756,2097
30288,r10i1p1f1,2097,12,04,0.0,9.788187,0.8477753,2097
30289,r10i1p1f1,2097,12,05,0.0,16.561357,4.25991,2097
30290,r10i1p1f1,2097,12,06,0.0,17.337051,4.0579963,2097
30291,r10i1p1f1,2097,12,07,0.0,17.230062,5.618698,2097
30292,r10i1p1f1,2097,12,08,0.0,17.09642,6.6367693,2097
30293,r10i1p1f1,2097,12,09,0.0,19.838898,7.510917,2097
30294,r10i1p1f1,2097,12,10,0.0,21.384201,10.512778,2097
30295,r10i1p1f1,2097,12,11,0.0,19.984795,9.408388,2097
30296,r10i1p1f1,2097,12,12,0.0,22.397243,11.498143,2097
30297,r10i1p1f1,2097,12,13,0.0,23.551617,12.053162,2097
30298,r10i1p1f1,2097,12,14,0.0,21.420738,12.275981,2097
30299,r10i1p1f1,2097,12,15,7.78880273328947,21.22808,12.628807,2097
30300,r10i1p1f1,2097,12,16,31.500586705346667,17.151003,13.206354,2097
30301,r10i1p1f1,2097,12,17,17.15285171636711,16.1678,9.7989,2097
30302,r10i1p1f1,2097,12,18,30.949361252408522,13.35927,4.013891,2097
30303,r10i1p1f1,2097,12,19,14.969418662593327,9.52189,1.5688308,2097
30304,r10i1p1f1,2097,12,20,0.0,6.282126,-2.282376,2097
30305,r10i1p1f1,2097,12,21,0.0,9.999873,-1.78477,2097
30306,r10i1p1f1,2097,12,22,0.0,11.042906,-1.3758906,2097
30307,r10i1p1f1,2097,12,23,0.0,13.468103,0.84525156,2097
30308,r10i1p1f1,2097,12,24,0.0,12.275192,1.0679125,2097
30309,r10i1p1f1,2097,12,25,0.0,10.261517,0.25618383,2097
30310,r10i1p1f1,2097,12,26,1.158905442085406,9.4825735,1.7406161,2097
30311,r10i1p1f1,2097,12,27,6.111263996717753,8.283494,0.027831228,2097
30312,r10i1p1f1,2097,12,28,18.772312326856127,6.154293,-0.3949097,2097
30313,r10i1p1f1,2097,12,29,28.03795587939308,6.1974797,-0.47580758,2097
30314,r10i1p1f1,2097,12,30,16.176373563020636,5.548709,1.0881988,2097
30315,r10i1p1f1,2097,12,31,5.945797066612469,4.9966173,-0.2201261,2097
30316,r10i1p1f1,2098,01,01,74.7391879197063,10.470068,0.37007463,2098
30317,r10i1p1f1,2098,01,02,44.25373679956752,11.52678,7.4926157,2098
30318,r10i1p1f1,2098,01,03,8.441278916870942,10.316032,5.3094707,2098
30319,r10i1p1f1,2098,01,04,0.23345262771984285,10.02901,3.529693,2098
30320,r10i1p1f1,2098,01,05,26.07359068719425,10.038465,4.770036,2098
30321,r10i1p1f1,2098,01,06,69.12813009510405,13.931936,7.095838,2098
30322,r10i1p1f1,2098,01,07,38.84294292717976,17.232279,9.691398,2098
30323,r10i1p1f1,2098,01,08,31.92400609535214,12.677582,3.023728,2098
30324,r10i1p1f1,2098,01,09,1.8324823919999147,8.04086,2.1244004,2098
30325,r10i1p1f1,2098,01,10,0.0,10.307148,0.010800412,2098
30326,r10i1p1f1,2098,01,11,0.0,12.47229,1.1709572,2098
30327,r10i1p1f1,2098,01,12,2.9091623803795206,8.927027,2.071354,2098
30328,r10i1p1f1,2098,01,13,60.9517501471074,13.331201,3.8160584,2098
30329,r10i1p1f1,2098,01,14,70.34340058085753,15.606387,11.619302,2098
30330,r10i1p1f1,2098,01,15,55.51315013466305,13.839153,10.338796,2098
30331,r10i1p1f1,2098,01,16,0.0,14.835045,5.4725914,2098
30332,r10i1p1f1,2098,01,17,0.0,12.663709,2.778387,2098
30333,r10i1p1f1,2098,01,18,18.99752118686018,10.341789,3.2343893,2098
30334,r10i1p1f1,2098,01,19,33.466969023912064,13.939063,7.5758576,2098
30335,r10i1p1f1,2098,01,20,18.231516681446106,14.691063,11.524368,2098
30336,r10i1p1f1,2098,01,21,20.95669979937252,14.136064,5.7898674,2098
30337,r10i1p1f1,2098,01,22,1.1445566841949155,10.09805,4.458491,2098
30338,r10i1p1f1,2098,01,23,0.0,10.012106,0.51460063,2098
30339,r10i1p1f1,2098,01,24,0.0,9.802966,-0.40763253,2098
30340,r10i1p1f1,2098,01,25,0.07681734572734537,8.599006,-0.5396329,2098
30341,r10i1p1f1,2098,01,26,0.0035106002308949477,14.178411,1.0543612,2098
30342,r10i1p1f1,2098,01,27,0.0,13.066155,1.4738723,2098
30343,r10i1p1f1,2098,01,28,29.735700038298475,13.012468,6.4960265,2098
30344,r10i1p1f1,2098,01,29,7.624086009194511,10.404889,4.1395025,2098
30345,r10i1p1f1,2098,01,30,23.929127063877928,10.308484,3.7103405,2098
30346,r10i1p1f1,2098,01,31,18.039660061243154,8.691728,4.752175,2098
30347,r10i1p1f1,2098,02,01,1.4304353242676513,11.228872,5.21444,2098
30348,r10i1p1f1,2098,02,02,8.749844704825113,10.340628,4.0416155,2098
30349,r10i1p1f1,2098,02,03,29.74895463956177,14.36491,3.8451526,2098
30350,r10i1p1f1,2098,02,04,27.49758733675423,15.7376585,10.061629,2098
30351,r10i1p1f1,2098,02,05,77.27188097043454,17.275843,11.224714,2098
30352,r10i1p1f1,2098,02,06,29.552011513289088,14.850257,5.5850625,2098
30353,r10i1p1f1,2098,02,07,13.096333352855014,11.606995,5.4686666,2098
30354,r10i1p1f1,2098,02,08,33.021595818603316,12.176189,7.2390504,2098
30355,r10i1p1f1,2098,02,09,1.552413294417707,11.040106,2.244155,2098
30356,r10i1p1f1,2098,02,10,40.256476314664866,11.144735,4.983718,2098
30357,r10i1p1f1,2098,02,11,7.400209921424424,9.6918125,2.919598,2098
30358,r10i1p1f1,2098,02,12,0.0,14.056817,3.244979,2098
30359,r10i1p1f1,2098,02,13,0.0,13.962377,1.8191622,2098
30360,r10i1p1f1,2098,02,14,0.0,12.742762,1.0846905,2098
30361,r10i1p1f1,2098,02,15,0.0,14.310335,3.6774757,2098
30362,r10i1p1f1,2098,02,16,0.0,12.635988,1.5736691,2098
30363,r10i1p1f1,2098,02,17,8.806823012166301,8.455081,0.5133231,2098
30364,r10i1p1f1,2098,02,18,0.28243320947288003,13.008571,3.7320063,2098
30365,r10i1p1f1,2098,02,19,0.0,15.761542,2.9589124,2098
30366,r10i1p1f1,2098,02,20,0.0,17.89165,4.163525,2098
30367,r10i1p1f1,2098,02,21,0.0,16.313787,4.9148793,2098
30368,r10i1p1f1,2098,02,22,0.0,12.793469,2.2155857,2098
30369,r10i1p1f1,2098,02,23,0.0,13.110816,2.6866512,2098
30370,r10i1p1f1,2098,02,24,0.0,13.43367,1.5498296,2098
30371,r10i1p1f1,2098,02,25,0.0,13.70472,1.3771207,2098
30372,r10i1p1f1,2098,02,26,0.0,13.235349,3.4076622,2098
30373,r10i1p1f1,2098,02,27,0.0,15.4394045,2.531886,2098
30374,r10i1p1f1,2098,02,28,0.0,19.04992,5.1999245,2098
30375,r10i1p1f1,2098,03,01,0.0,18.040945,5.5740347,2098
30376,r10i1p1f1,2098,03,02,0.0,14.088506,2.7621784,2098
30377,r10i1p1f1,2098,03,03,0.0,17.488184,-0.3967277,2098
30378,r10i1p1f1,2098,03,04,0.0,19.75782,5.1307573,2098
30379,r10i1p1f1,2098,03,05,0.0,18.425278,3.0180695,2098
30380,r10i1p1f1,2098,03,06,0.0,20.460928,6.983381,2098
30381,r10i1p1f1,2098,03,07,0.0,21.090591,4.5149984,2098
30382,r10i1p1f1,2098,03,08,0.9797060044942746,16.152176,1.4995947,2098
30383,r10i1p1f1,2098,03,09,0.0,13.682675,0.88967794,2098
30384,r10i1p1f1,2098,03,10,0.0,18.13608,3.7999516,2098
30385,r10i1p1f1,2098,03,11,0.0,19.546955,4.814485,2098
30386,r10i1p1f1,2098,03,12,0.0,19.426609,3.4542968,2098
30387,r10i1p1f1,2098,03,13,0.0,14.801232,2.019617,2098
30388,r10i1p1f1,2098,03,14,0.0,15.469097,1.3011643,2098
30389,r10i1p1f1,2098,03,15,0.0,19.572117,3.6009474,2098
30390,r10i1p1f1,2098,03,16,0.0,19.543615,5.922828,2098
30391,r10i1p1f1,2098,03,17,0.0,20.120445,3.7592146,2098
30392,r10i1p1f1,2098,03,18,3.1037059801651354,19.045368,5.130498,2098
30393,r10i1p1f1,2098,03,19,5.728042587572035,13.839905,3.6338112,2098
30394,r10i1p1f1,2098,03,20,0.0387699189104751,15.716855,1.567952,2098
30395,r10i1p1f1,2098,03,21,0.0,15.0264845,2.7231882,2098
30396,r10i1p1f1,2098,03,22,0.0,20.27771,5.5933814,2098
30397,r10i1p1f1,2098,03,23,0.0,23.64296,7.7532268,2098
30398,r10i1p1f1,2098,03,24,0.0,29.902052,13.190362,2098
30399,r10i1p1f1,2098,03,25,0.0,30.421974,12.092421,2098
30400,r10i1p1f1,2098,03,26,0.0,28.611591,12.732391,2098
30401,r10i1p1f1,2098,03,27,0.0,33.333588,13.90669,2098
30402,r10i1p1f1,2098,03,28,0.0,31.823952,14.48664,2098
30403,r10i1p1f1,2098,03,29,0.0,29.278894,12.812994,2098
30404,r10i1p1f1,2098,03,30,0.0,27.779207,12.757303,2098
30405,r10i1p1f1,2098,03,31,0.0,27.551405,12.5812025,2098
30406,r10i1p1f1,2098,04,01,0.024348446545206428,21.734756,6.1409545,2098
30407,r10i1p1f1,2098,04,02,0.11019062076229602,22.874771,8.53617,2098
30408,r10i1p1f1,2098,04,03,0.0,26.248823,10.729253,2098
30409,r10i1p1f1,2098,04,04,0.0,28.200525,11.048011,2098
30410,r10i1p1f1,2098,04,05,0.0,29.259573,12.790756,2098
30411,r10i1p1f1,2098,04,06,0.0,28.103252,13.036494,2098
30412,r10i1p1f1,2098,04,07,0.0,22.203901,7.2872224,2098
30413,r10i1p1f1,2098,04,08,0.0,24.463999,8.58323,2098
30414,r10i1p1f1,2098,04,09,0.0,26.986765,8.277571,2098
30415,r10i1p1f1,2098,04,10,0.0,27.038437,11.405617,2098
30416,r10i1p1f1,2098,04,11,0.0,24.918238,10.1894865,2098
30417,r10i1p1f1,2098,04,12,0.0,23.680498,7.792743,2098
30418,r10i1p1f1,2098,04,13,0.0,25.828262,8.858081,2098
30419,r10i1p1f1,2098,04,14,0.0,25.092684,11.232907,2098
30420,r10i1p1f1,2098,04,15,0.0,26.18984,9.903921,2098
30421,r10i1p1f1,2098,04,16,0.0,29.383587,11.22867,2098
30422,r10i1p1f1,2098,04,17,0.0,28.17363,13.144973,2098
30423,r10i1p1f1,2098,04,18,0.0,27.523766,13.682715,2098
30424,r10i1p1f1,2098,04,19,0.0,24.32945,8.261433,2098
30425,r10i1p1f1,2098,04,20,0.0,24.322845,8.64022,2098
30426,r10i1p1f1,2098,04,21,0.0,25.242216,8.718315,2098
30427,r10i1p1f1,2098,04,22,0.0,24.724306,8.430011,2098
30428,r10i1p1f1,2098,04,23,0.7887330971399071,18.495255,5.3829436,2098
30429,r10i1p1f1,2098,04,24,37.12989011822317,12.768711,3.1910715,2098
30430,r10i1p1f1,2098,04,25,0.017066286033552484,15.919568,2.8858607,2098
30431,r10i1p1f1,2098,04,26,0.0,19.487219,5.52723,2098
30432,r10i1p1f1,2098,04,27,0.0,23.45609,8.284546,2098
30433,r10i1p1f1,2098,04,28,0.0,24.065027,9.320737,2098
30434,r10i1p1f1,2098,04,29,0.0,22.968613,8.454736,2098
30435,r10i1p1f1,2098,04,30,0.0,22.20811,7.3735375,2098
30436,r10i1p1f1,2098,05,01,0.0,24.44865,8.995647,2098
30437,r10i1p1f1,2098,05,02,0.0,23.548243,7.5574517,2098
30438,r10i1p1f1,2098,05,03,0.0,19.168413,5.5938554,2098
30439,r10i1p1f1,2098,05,04,0.0,22.083088,6.0532117,2098
30440,r10i1p1f1,2098,05,05,0.0,25.648575,10.235627,2098
30441,r10i1p1f1,2098,05,06,0.0,28.276342,13.193515,2098
30442,r10i1p1f1,2098,05,07,0.0,29.640823,12.681437,2098
30443,r10i1p1f1,2098,05,08,0.0,28.95482,13.179934,2098
30444,r10i1p1f1,2098,05,09,0.0,27.237028,13.283431,2098
30445,r10i1p1f1,2098,05,10,0.0,23.332571,10.380539,2098
30446,r10i1p1f1,2098,05,11,0.0,25.031105,9.727743,2098
30447,r10i1p1f1,2098,05,12,0.0,26.98621,9.747702,2098
30448,r10i1p1f1,2098,05,13,0.0,28.11337,13.351142,2098
30449,r10i1p1f1,2098,05,14,0.0,26.677607,12.420085,2098
30450,r10i1p1f1,2098,05,15,1.2948603509357781,23.835104,10.656762,2098
30451,r10i1p1f1,2098,05,16,0.0,28.68486,9.79523,2098
30452,r10i1p1f1,2098,05,17,0.0,29.536026,15.648736,2098
30453,r10i1p1f1,2098,05,18,0.0,26.341316,10.879504,2098
30454,r10i1p1f1,2098,05,19,0.0,23.623905,7.4807343,2098
30455,r10i1p1f1,2098,05,20,0.0,24.955025,9.096304,2098
30456,r10i1p1f1,2098,05,21,0.0,25.894686,10.727297,2098
30457,r10i1p1f1,2098,05,22,0.0,26.995493,10.560071,2098
30458,r10i1p1f1,2098,05,23,0.0,28.29856,14.811091,2098
30459,r10i1p1f1,2098,05,24,0.0,29.662672,12.132395,2098
30460,r10i1p1f1,2098,05,25,0.0,30.878325,15.405942,2098
30461,r10i1p1f1,2098,05,26,0.0,30.115026,14.257587,2098
30462,r10i1p1f1,2098,05,27,0.0,27.498827,15.362312,2098
30463,r10i1p1f1,2098,05,28,0.0,30.039034,14.041232,2098
30464,r10i1p1f1,2098,05,29,0.0,35.013042,17.819326,2098
30465,r10i1p1f1,2098,05,30,0.0,35.431744,18.930944,2098
30466,r10i1p1f1,2098,05,31,0.0,34.436928,19.931877,2098
30467,r10i1p1f1,2098,06,01,0.0,31.29462,16.474604,2098
30468,r10i1p1f1,2098,06,02,0.7068505871757225,21.997183,6.369403,2098
30469,r10i1p1f1,2098,06,03,4.416760141908813,17.647472,8.409314,2098
30470,r10i1p1f1,2098,06,04,0.0,26.553537,7.454201,2098
30471,r10i1p1f1,2098,06,05,0.0,33.601025,15.201703,2098
30472,r10i1p1f1,2098,06,06,0.0,33.127495,18.8768,2098
30473,r10i1p1f1,2098,06,07,0.0,30.554777,13.971962,2098
30474,r10i1p1f1,2098,06,08,0.0,28.259272,13.588268,2098
30475,r10i1p1f1,2098,06,09,0.0,32.40591,14.731102,2098
30476,r10i1p1f1,2098,06,10,0.0,33.585293,17.133293,2098
30477,r10i1p1f1,2098,06,11,0.0,34.52359,18.169939,2098
30478,r10i1p1f1,2098,06,12,0.0,33.361744,16.485289,2098
30479,r10i1p1f1,2098,06,13,0.0,30.580492,14.613455,2098
30480,r10i1p1f1,2098,06,14,0.0,31.575777,15.33181,2098
30481,r10i1p1f1,2098,06,15,0.0,31.677513,14.876944,2098
30482,r10i1p1f1,2098,06,16,0.0,30.92742,14.819739,2098
30483,r10i1p1f1,2098,06,17,0.0,25.902336,9.771639,2098
30484,r10i1p1f1,2098,06,18,0.0,29.46529,11.821984,2098
30485,r10i1p1f1,2098,06,19,0.0,29.301874,13.176105,2098
30486,r10i1p1f1,2098,06,20,0.0,28.228178,16.06984,2098
30487,r10i1p1f1,2098,06,21,0.0,29.696701,13.065629,2098
30488,r10i1p1f1,2098,06,22,0.0,32.37299,14.774498,2098
30489,r10i1p1f1,2098,06,23,0.0,30.878778,14.309524,2098
30490,r10i1p1f1,2098,06,24,0.0,30.690933,13.029041,2098
30491,r10i1p1f1,2098,06,25,0.0,35.79665,19.717388,2098
30492,r10i1p1f1,2098,06,26,0.0,35.908154,19.942158,2098
30493,r10i1p1f1,2098,06,27,0.0,37.19336,21.401371,2098
30494,r10i1p1f1,2098,06,28,0.0,36.89255,21.33559,2098
30495,r10i1p1f1,2098,06,29,0.0,34.707577,19.022411,2098
30496,r10i1p1f1,2098,06,30,0.0,33.69286,18.42602,2098
30497,r10i1p1f1,2098,07,01,0.0,33.562912,17.708702,2098
30498,r10i1p1f1,2098,07,02,0.0,33.431595,16.79121,2098
30499,r10i1p1f1,2098,07,03,0.0,33.135223,16.156786,2098
30500,r10i1p1f1,2098,07,04,0.0,32.370716,17.176016,2098
30501,r10i1p1f1,2098,07,05,0.0,34.179043,16.940172,2098
30502,r10i1p1f1,2098,07,06,0.0,39.22913,21.465492,2098
30503,r10i1p1f1,2098,07,07,0.0,38.271317,22.783949,2098
30504,r10i1p1f1,2098,07,08,0.0,38.82451,22.782974,2098
30505,r10i1p1f1,2098,07,09,0.0,38.356934,21.622993,2098
30506,r10i1p1f1,2098,07,10,0.0,39.03935,21.524084,2098
30507,r10i1p1f1,2098,07,11,0.0,40.697075,24.033594,2098
30508,r10i1p1f1,2098,07,12,0.0,40.738804,24.548315,2098
30509,r10i1p1f1,2098,07,13,0.0,41.18492,23.900522,2098
30510,r10i1p1f1,2098,07,14,0.0,39.112633,23.19409,2098
30511,r10i1p1f1,2098,07,15,0.0,38.93236,23.338531,2098
30512,r10i1p1f1,2098,07,16,0.0,38.012985,21.856976,2098
30513,r10i1p1f1,2098,07,17,0.0,38.57941,21.172968,2098
30514,r10i1p1f1,2098,07,18,0.0,38.10924,21.370739,2098
30515,r10i1p1f1,2098,07,19,0.0,36.006927,19.555971,2098
30516,r10i1p1f1,2098,07,20,0.0,37.312996,18.646418,2098
30517,r10i1p1f1,2098,07,21,0.0,36.848667,19.670097,2098
30518,r10i1p1f1,2098,07,22,0.0,37.017582,19.234858,2098
30519,r10i1p1f1,2098,07,23,0.0,37.218185,18.163107,2098
30520,r10i1p1f1,2098,07,24,0.0,37.922436,20.837927,2098
30521,r10i1p1f1,2098,07,25,3.26644392493898,36.350662,19.774675,2098
30522,r10i1p1f1,2098,07,26,8.740492014591215,31.005356,18.619526,2098
30523,r10i1p1f1,2098,07,27,6.452265276765215,33.553234,17.313396,2098
30524,r10i1p1f1,2098,07,28,0.0,36.692062,20.292683,2098
30525,r10i1p1f1,2098,07,29,0.0,38.532475,20.014563,2098
30526,r10i1p1f1,2098,07,30,0.0,41.48897,22.552114,2098
30527,r10i1p1f1,2098,07,31,0.0,40.533012,21.723108,2098
30528,r10i1p1f1,2098,08,01,0.0,40.98106,22.417568,2098
30529,r10i1p1f1,2098,08,02,0.0,40.62363,23.333855,2098
30530,r10i1p1f1,2098,08,03,0.0,38.508957,21.318209,2098
30531,r10i1p1f1,2098,08,04,0.0,38.57392,21.70679,2098
30532,r10i1p1f1,2098,08,05,0.0,37.41261,24.062542,2098
30533,r10i1p1f1,2098,08,06,0.0,33.97771,17.027386,2098
30534,r10i1p1f1,2098,08,07,0.0,31.578182,13.946826,2098
30535,r10i1p1f1,2098,08,08,0.0,34.735462,17.8784,2098
30536,r10i1p1f1,2098,08,09,0.0,35.3304,17.939001,2098
30537,r10i1p1f1,2098,08,10,0.0,34.895763,17.566664,2098
30538,r10i1p1f1,2098,08,11,0.0,34.01807,16.710949,2098
30539,r10i1p1f1,2098,08,12,0.0,33.974995,17.959597,2098
30540,r10i1p1f1,2098,08,13,0.0,33.49181,16.93761,2098
30541,r10i1p1f1,2098,08,14,0.0,35.373608,17.323605,2098
30542,r10i1p1f1,2098,08,15,0.0,36.603443,18.81619,2098
30543,r10i1p1f1,2098,08,16,0.0,36.21402,19.743893,2098
30544,r10i1p1f1,2098,08,17,0.0,37.306248,20.33966,2098
30545,r10i1p1f1,2098,08,18,0.0,38.156746,21.3477,2098
30546,r10i1p1f1,2098,08,19,0.0,38.952404,22.3658,2098
30547,r10i1p1f1,2098,08,20,0.0,37.937195,20.227226,2098
30548,r10i1p1f1,2098,08,21,0.0,34.229393,16.304695,2098
30549,r10i1p1f1,2098,08,22,0.0,33.12751,16.088766,2098
30550,r10i1p1f1,2098,08,23,0.0,34.28813,15.960679,2098
30551,r10i1p1f1,2098,08,24,0.0,38.63993,21.508957,2098
30552,r10i1p1f1,2098,08,25,0.0,39.188305,22.296074,2098
30553,r10i1p1f1,2098,08,26,0.0,39.081684,23.069904,2098
30554,r10i1p1f1,2098,08,27,0.0,37.95802,21.1882,2098
30555,r10i1p1f1,2098,08,28,0.0,36.65422,19.360876,2098
30556,r10i1p1f1,2098,08,29,0.0,37.573795,19.525303,2098
30557,r10i1p1f1,2098,08,30,0.0,36.33812,20.977129,2098
30558,r10i1p1f1,2098,08,31,0.0,34.471157,19.34721,2098
30559,r10i1p1f1,2098,09,01,0.0,34.582634,18.693491,2098
30560,r10i1p1f1,2098,09,02,0.0,30.978111,17.976805,2098
30561,r10i1p1f1,2098,09,03,0.166181596540283,31.730637,18.82589,2098
30562,r10i1p1f1,2098,09,04,0.0,31.328651,17.502832,2098
30563,r10i1p1f1,2098,09,05,0.0,29.596727,15.399792,2098
30564,r10i1p1f1,2098,09,06,0.0,28.300745,13.159451,2098
30565,r10i1p1f1,2098,09,07,0.0,27.104942,11.459139,2098
30566,r10i1p1f1,2098,09,08,0.0,31.171207,12.778492,2098
30567,r10i1p1f1,2098,09,09,0.0,32.877113,16.731834,2098
30568,r10i1p1f1,2098,09,10,0.0,31.546072,14.870053,2098
30569,r10i1p1f1,2098,09,11,0.0,31.148832,14.518862,2098
30570,r10i1p1f1,2098,09,12,0.0,31.972351,15.375664,2098
30571,r10i1p1f1,2098,09,13,0.0,34.85619,17.26142,2098
30572,r10i1p1f1,2098,09,14,0.0,33.84872,18.505945,2098
30573,r10i1p1f1,2098,09,15,0.0,30.765545,15.344661,2098
30574,r10i1p1f1,2098,09,16,0.0,30.250517,17.042309,2098
30575,r10i1p1f1,2098,09,17,0.0,29.372488,15.025874,2098
30576,r10i1p1f1,2098,09,18,0.0,28.243067,13.203087,2098
30577,r10i1p1f1,2098,09,19,0.0,31.168034,14.222283,2098
30578,r10i1p1f1,2098,09,20,0.0,38.72785,21.586466,2098
30579,r10i1p1f1,2098,09,21,0.0,38.699383,21.44754,2098
30580,r10i1p1f1,2098,09,22,0.0,38.20055,22.854944,2098
30581,r10i1p1f1,2098,09,23,0.0,37.364216,20.013117,2098
30582,r10i1p1f1,2098,09,24,0.0,33.635204,18.523577,2098
30583,r10i1p1f1,2098,09,25,0.0,32.97893,18.794065,2098
30584,r10i1p1f1,2098,09,26,0.0,30.82391,14.911319,2098
30585,r10i1p1f1,2098,09,27,0.0,33.19209,17.60083,2098
30586,r10i1p1f1,2098,09,28,0.0,35.66338,20.741652,2098
30587,r10i1p1f1,2098,09,29,0.0,38.531307,20.810423,2098
30588,r10i1p1f1,2098,09,30,0.0,36.627735,19.643105,2098
30589,r10i1p1f1,2098,10,01,0.0,34.79555,18.695255,2098
30590,r10i1p1f1,2098,10,02,0.0,37.84631,20.08209,2098
30591,r10i1p1f1,2098,10,03,0.0,36.755527,19.951237,2098
30592,r10i1p1f1,2098,10,04,0.0,35.695488,20.420397,2098
30593,r10i1p1f1,2098,10,05,0.0,31.885784,16.845495,2098
30594,r10i1p1f1,2098,10,06,0.0,30.04417,14.603589,2098
30595,r10i1p1f1,2098,10,07,0.0,30.331242,15.849952,2098
30596,r10i1p1f1,2098,10,08,0.0,29.379568,14.755235,2098
30597,r10i1p1f1,2098,10,09,0.0,28.315805,13.181398,2098
30598,r10i1p1f1,2098,10,10,0.0,26.818184,11.908281,2098
30599,r10i1p1f1,2098,10,11,0.0,27.9514,12.588881,2098
30600,r10i1p1f1,2098,10,12,0.0,27.783245,11.45818,2098
30601,r10i1p1f1,2098,10,13,0.0,25.456385,9.033542,2098
30602,r10i1p1f1,2098,10,14,0.0,23.05041,9.674878,2098
30603,r10i1p1f1,2098,10,15,0.0,22.807316,9.977852,2098
30604,r10i1p1f1,2098,10,16,0.0,25.045252,11.749043,2098
30605,r10i1p1f1,2098,10,17,0.0,27.116545,11.518024,2098
30606,r10i1p1f1,2098,10,18,0.0,28.679499,11.183205,2098
30607,r10i1p1f1,2098,10,19,0.0,26.760162,12.0062065,2098
30608,r10i1p1f1,2098,10,20,0.0,26.799963,9.651014,2098
30609,r10i1p1f1,2098,10,21,0.0,31.75207,13.740493,2098
30610,r10i1p1f1,2098,10,22,0.0,31.319077,16.148413,2098
30611,r10i1p1f1,2098,10,23,0.0,30.812689,15.876427,2098
30612,r10i1p1f1,2098,10,24,0.0,28.289484,16.206242,2098
30613,r10i1p1f1,2098,10,25,0.0,28.009405,17.009817,2098
30614,r10i1p1f1,2098,10,26,0.0,30.296637,15.761121,2098
30615,r10i1p1f1,2098,10,27,0.0,31.00555,17.51219,2098
30616,r10i1p1f1,2098,10,28,0.0,32.51872,19.96766,2098
30617,r10i1p1f1,2098,10,29,0.0,29.984299,15.171948,2098
30618,r10i1p1f1,2098,10,30,0.0,25.839857,13.185687,2098
30619,r10i1p1f1,2098,10,31,0.0,31.56228,13.208167,2098
30620,r10i1p1f1,2098,11,01,0.0,31.878036,14.746457,2098
30621,r10i1p1f1,2098,11,02,0.0,29.853693,14.804615,2098
30622,r10i1p1f1,2098,11,03,3.5074379398888835,23.446613,10.441218,2098
30623,r10i1p1f1,2098,11,04,0.0,23.076157,7.354525,2098
30624,r10i1p1f1,2098,11,05,0.0,22.16918,9.374083,2098
30625,r10i1p1f1,2098,11,06,0.0,22.222055,7.786438,2098
30626,r10i1p1f1,2098,11,07,0.0,20.26251,7.567195,2098
30627,r10i1p1f1,2098,11,08,0.020503586136711466,16.696293,6.3229737,2098
30628,r10i1p1f1,2098,11,09,0.0,18.7379,2.7577868,2098
30629,r10i1p1f1,2098,11,10,0.0,19.169424,7.5308485,2098
30630,r10i1p1f1,2098,11,11,0.0,25.80131,8.676503,2098
30631,r10i1p1f1,2098,11,12,0.0,23.927332,9.519406,2098
30632,r10i1p1f1,2098,11,13,0.0,27.309778,9.612059,2098
30633,r10i1p1f1,2098,11,14,0.0,28.321632,10.301613,2098
30634,r10i1p1f1,2098,11,15,0.0,26.16397,12.138234,2098
30635,r10i1p1f1,2098,11,16,3.5800316126902114,22.987564,9.735541,2098
30636,r10i1p1f1,2098,11,17,1.1435774743882863,14.336079,6.6182594,2098
30637,r10i1p1f1,2098,11,18,7.867129075939853,12.478185,5.947316,2098
30638,r10i1p1f1,2098,11,19,1.1647903596512104,14.933653,2.3893366,2098
30639,r10i1p1f1,2098,11,20,0.0,16.515568,3.9542572,2098
30640,r10i1p1f1,2098,11,21,0.0,20.474657,5.9165473,2098
30641,r10i1p1f1,2098,11,22,0.0,19.549274,6.3784285,2098
30642,r10i1p1f1,2098,11,23,0.0,18.404371,5.1302223,2098
30643,r10i1p1f1,2098,11,24,18.13229051645306,14.773661,5.3180785,2098
30644,r10i1p1f1,2098,11,25,12.831911134018906,11.845056,5.767134,2098
30645,r10i1p1f1,2098,11,26,0.3101992527789614,15.478564,1.8481257,2098
30646,r10i1p1f1,2098,11,27,1.494679222153201,14.7600355,4.377507,2098
30647,r10i1p1f1,2098,11,28,0.0,11.665335,-0.029159948,2098
30648,r10i1p1f1,2098,11,29,2.420967126205429,10.620794,2.2355556,2098
30649,r10i1p1f1,2098,11,30,0.0,11.639313,-0.39355287,2098
30650,r10i1p1f1,2098,12,01,0.12339915740181152,10.825277,2.4007995,2098
30651,r10i1p1f1,2098,12,02,0.27607691450899247,9.107021,3.0287406,2098
30652,r10i1p1f1,2098,12,03,0.0,7.5102572,-1.4688228,2098
30653,r10i1p1f1,2098,12,04,0.0,10.170206,-0.5344457,2098
30654,r10i1p1f1,2098,12,05,0.0,12.682172,0.9300888,2098
30655,r10i1p1f1,2098,12,06,0.0,11.59973,0.1549508,2098
30656,r10i1p1f1,2098,12,07,0.0,8.712623,-0.7907213,2098
30657,r10i1p1f1,2098,12,08,0.0,12.1676855,0.007128264,2098
30658,r10i1p1f1,2098,12,09,0.06781913723324051,10.089323,1.3829705,2098
30659,r10i1p1f1,2098,12,10,0.0,17.064259,5.022778,2098
30660,r10i1p1f1,2098,12,11,0.0,17.720041,6.24871,2098
30661,r10i1p1f1,2098,12,12,0.0,18.312506,7.7512937,2098
30662,r10i1p1f1,2098,12,13,0.0,15.963846,6.795401,2098
30663,r10i1p1f1,2098,12,14,0.0,15.384296,4.773411,2098
30664,r10i1p1f1,2098,12,15,0.0,13.939225,3.5557156,2098
30665,r10i1p1f1,2098,12,16,0.0,13.187659,3.8791497,2098
30666,r10i1p1f1,2098,12,17,0.0,13.321936,3.473079,2098
30667,r10i1p1f1,2098,12,18,0.0,12.000257,0.029105939,2098
30668,r10i1p1f1,2098,12,19,0.0,9.010097,-2.1334858,2098
30669,r10i1p1f1,2098,12,20,0.0,10.255002,2.705356,2098
30670,r10i1p1f1,2098,12,21,0.8314698345393959,9.31128,4.130835,2098
30671,r10i1p1f1,2098,12,22,0.0,12.185209,0.2784976,2098
30672,r10i1p1f1,2098,12,23,0.0,18.48661,6.4173,2098
30673,r10i1p1f1,2098,12,24,0.0,20.647629,8.73889,2098
30674,r10i1p1f1,2098,12,25,0.0,22.982758,10.245257,2098
30675,r10i1p1f1,2098,12,26,0.0,23.38968,11.003986,2098
30676,r10i1p1f1,2098,12,27,0.0,22.379478,10.505516,2098
30677,r10i1p1f1,2098,12,28,0.0,20.840275,9.365305,2098
30678,r10i1p1f1,2098,12,29,3.608127681462448,13.816287,5.129144,2098
30679,r10i1p1f1,2098,12,30,0.0,10.613215,3.3598187,2098
30680,r10i1p1f1,2098,12,31,11.5779599524869,9.369791,0.034955073,2098
30681,r10i1p1f1,2099,01,01,0.24441417274494215,9.555638,0.52531433,2099
30682,r10i1p1f1,2099,01,02,0.0,8.867316,-1.3817464,2099
30683,r10i1p1f1,2099,01,03,0.0,8.95297,-0.99316067,2099
30684,r10i1p1f1,2099,01,04,0.0,12.671593,0.2354907,2099
30685,r10i1p1f1,2099,01,05,0.0,13.748323,2.796441,2099
30686,r10i1p1f1,2099,01,06,0.0,14.481448,4.490218,2099
30687,r10i1p1f1,2099,01,07,0.0,15.913513,5.4388027,2099
30688,r10i1p1f1,2099,01,08,0.0,15.790439,4.1805105,2099
30689,r10i1p1f1,2099,01,09,0.0,14.407771,3.3798401,2099
30690,r10i1p1f1,2099,01,10,0.0,14.872684,3.4686248,2099
30691,r10i1p1f1,2099,01,11,0.0,15.745911,5.065419,2099
30692,r10i1p1f1,2099,01,12,0.0,14.191493,5.993622,2099
30693,r10i1p1f1,2099,01,13,0.0,15.727194,3.4375405,2099
30694,r10i1p1f1,2099,01,14,0.0,14.378988,2.7321591,2099
30695,r10i1p1f1,2099,01,15,0.0,15.033807,4.203503,2099
30696,r10i1p1f1,2099,01,16,0.0,14.073258,2.0652776,2099
30697,r10i1p1f1,2099,01,17,0.0,12.310028,-0.1304255,2099
30698,r10i1p1f1,2099,01,18,0.0,12.909069,1.8244661,2099
30699,r10i1p1f1,2099,01,19,0.0,18.018866,5.6074476,2099
30700,r10i1p1f1,2099,01,20,0.0,24.118422,10.520312,2099
30701,r10i1p1f1,2099,01,21,0.0,23.23388,11.471441,2099
30702,r10i1p1f1,2099,01,22,0.0,22.81096,10.320401,2099
30703,r10i1p1f1,2099,01,23,0.0,21.770067,8.819132,2099
30704,r10i1p1f1,2099,01,24,0.0,21.560349,9.61446,2099
30705,r10i1p1f1,2099,01,25,0.0,21.343763,11.300372,2099
30706,r10i1p1f1,2099,01,26,0.0,19.917892,9.245762,2099
30707,r10i1p1f1,2099,01,27,0.0,19.048676,5.383378,2099
30708,r10i1p1f1,2099,01,28,15.03022146950427,8.804479,0.78668576,2099
30709,r10i1p1f1,2099,01,29,0.0,12.173427,-1.0468131,2099
30710,r10i1p1f1,2099,01,30,0.0,11.189025,3.495507,2099
30711,r10i1p1f1,2099,01,31,6.7092735395386915,8.706525,2.3915768,2099
30712,r10i1p1f1,2099,02,01,15.445405228130863,10.7854595,2.8294618,2099
30713,r10i1p1f1,2099,02,02,3.2950390686604996,14.418842,6.839765,2099
30714,r10i1p1f1,2099,02,03,48.66964988545269,12.300361,6.9445286,2099
30715,r10i1p1f1,2099,02,04,6.445483126557711,10.7923565,4.3003635,2099
30716,r10i1p1f1,2099,02,05,34.565002535849715,11.410372,6.1211257,2099
30717,r10i1p1f1,2099,02,06,21.83123131042904,13.357634,8.420245,2099
30718,r10i1p1f1,2099,02,07,0.07404303520927083,15.839987,8.756768,2099
30719,r10i1p1f1,2099,02,08,18.133729768152605,17.642797,5.5865164,2099
30720,r10i1p1f1,2099,02,09,18.78939000859023,10.515617,5.441568,2099
30721,r10i1p1f1,2099,02,10,0.0,11.521135,2.941655,2099
30722,r10i1p1f1,2099,02,11,0.0,10.412804,5.0906997,2099
30723,r10i1p1f1,2099,02,12,9.354972341450202,11.053666,4.0933013,2099
30724,r10i1p1f1,2099,02,13,34.98228700758007,12.377135,7.717457,2099
30725,r10i1p1f1,2099,02,14,76.80237712338567,11.617633,7.5225434,2099
30726,r10i1p1f1,2099,02,15,2.142580992472176,13.4478035,2.9744523,2099
30727,r10i1p1f1,2099,02,16,47.306003683173145,12.856664,6.88064,2099
30728,r10i1p1f1,2099,02,17,19.839199020919438,11.818303,3.9635878,2099
30729,r10i1p1f1,2099,02,18,0.0,14.71379,4.2529116,2099
30730,r10i1p1f1,2099,02,19,0.0,18.154526,4.077562,2099
30731,r10i1p1f1,2099,02,20,0.0,18.324125,7.117475,2099
30732,r10i1p1f1,2099,02,21,10.840630112905178,17.410772,5.4107795,2099
30733,r10i1p1f1,2099,02,22,0.0,15.8613,4.0915775,2099
30734,r10i1p1f1,2099,02,23,0.0,21.8784,5.8814735,2099
30735,r10i1p1f1,2099,02,24,0.0,22.966354,8.747527,2099
30736,r10i1p1f1,2099,02,25,0.0,23.117233,10.014275,2099
30737,r10i1p1f1,2099,02,26,0.0,20.720985,10.271783,2099
30738,r10i1p1f1,2099,02,27,0.0,21.533585,7.5613275,2099
30739,r10i1p1f1,2099,02,28,0.0,23.945776,10.65023,2099
30740,r10i1p1f1,2099,03,01,0.0,27.657297,9.620763,2099
30741,r10i1p1f1,2099,03,02,0.0,28.5916,12.3587055,2099
30742,r10i1p1f1,2099,03,03,0.0,28.43386,13.290577,2099
30743,r10i1p1f1,2099,03,04,1.6342303875717334,25.087852,11.414835,2099
30744,r10i1p1f1,2099,03,05,0.0,22.721743,12.184218,2099
30745,r10i1p1f1,2099,03,06,0.9168642850107446,16.160109,7.585536,2099
30746,r10i1p1f1,2099,03,07,0.0,15.207916,6.3224425,2099
30747,r10i1p1f1,2099,03,08,1.0533257659469535,13.184369,7.2344723,2099
30748,r10i1p1f1,2099,03,09,1.9253706558390007,12.811201,5.2065825,2099
30749,r10i1p1f1,2099,03,10,0.0,15.602013,5.1905427,2099
30750,r10i1p1f1,2099,03,11,0.0,16.935986,3.3935475,2099
30751,r10i1p1f1,2099,03,12,0.0,17.57231,4.3196297,2099
30752,r10i1p1f1,2099,03,13,0.0,18.731247,4.32984,2099
30753,r10i1p1f1,2099,03,14,17.539480063102307,13.097688,8.426242,2099
30754,r10i1p1f1,2099,03,15,1.3339514070259229,15.192923,6.075195,2099
30755,r10i1p1f1,2099,03,16,0.09586444211890921,17.719156,4.8587184,2099
30756,r10i1p1f1,2099,03,17,11.204807005369252,14.86654,5.953737,2099
30757,r10i1p1f1,2099,03,18,8.026382141925799,13.212277,7.83286,2099
30758,r10i1p1f1,2099,03,19,9.196416034951413,14.71064,7.4435987,2099
30759,r10i1p1f1,2099,03,20,0.9847573692863271,17.357996,4.235732,2099
30760,r10i1p1f1,2099,03,21,0.0,22.358784,6.4237723,2099
30761,r10i1p1f1,2099,03,22,0.0,23.57679,7.3184195,2099
30762,r10i1p1f1,2099,03,23,0.0,22.79254,8.018595,2099
30763,r10i1p1f1,2099,03,24,0.0,18.566814,4.130869,2099
30764,r10i1p1f1,2099,03,25,0.0,13.699712,0.53360426,2099
30765,r10i1p1f1,2099,03,26,0.0,17.266983,2.2697616,2099
30766,r10i1p1f1,2099,03,27,0.0,22.719332,7.133458,2099
30767,r10i1p1f1,2099,03,28,0.0,24.431946,7.0371995,2099
30768,r10i1p1f1,2099,03,29,0.0,25.783636,9.280712,2099
30769,r10i1p1f1,2099,03,30,0.0,26.613743,11.987228,2099
30770,r10i1p1f1,2099,03,31,0.0,26.150532,10.875432,2099
30771,r10i1p1f1,2099,04,01,0.0,25.954453,9.418785,2099
30772,r10i1p1f1,2099,04,02,0.0,22.371485,6.62912,2099
30773,r10i1p1f1,2099,04,03,0.0,21.599163,7.8806915,2099
30774,r10i1p1f1,2099,04,04,0.0,25.031946,8.902587,2099
30775,r10i1p1f1,2099,04,05,0.0,27.80636,12.085236,2099
30776,r10i1p1f1,2099,04,06,0.0,29.424278,11.335109,2099
30777,r10i1p1f1,2099,04,07,0.0,29.68252,12.538696,2099
30778,r10i1p1f1,2099,04,08,0.0,28.76973,13.83871,2099
30779,r10i1p1f1,2099,04,09,0.0,29.035223,11.480467,2099
30780,r10i1p1f1,2099,04,10,0.0,28.109243,12.685725,2099
30781,r10i1p1f1,2099,04,11,0.0,24.935982,10.413662,2099
30782,r10i1p1f1,2099,04,12,0.0,18.899897,4.1501455,2099
30783,r10i1p1f1,2099,04,13,0.0,17.441278,4.0761857,2099
30784,r10i1p1f1,2099,04,14,0.0,15.194998,4.8316355,2099
30785,r10i1p1f1,2099,04,15,0.41500692926954225,17.489935,2.883626,2099
30786,r10i1p1f1,2099,04,16,0.0,17.981295,5.0906115,2099
30787,r10i1p1f1,2099,04,17,14.412823719229843,12.241081,4.085254,2099
30788,r10i1p1f1,2099,04,18,6.1188256744859055,11.520834,4.6557345,2099
30789,r10i1p1f1,2099,04,19,7.45193788733511,11.399625,4.5007715,2099
30790,r10i1p1f1,2099,04,20,0.0,16.13926,2.9698174,2099
30791,r10i1p1f1,2099,04,21,1.9074415218471443,15.1977825,7.0665708,2099
30792,r10i1p1f1,2099,04,22,80.6070168061476,14.407947,9.872205,2099
30793,r10i1p1f1,2099,04,23,0.6873768266670691,14.753749,5.1025386,2099
30794,r10i1p1f1,2099,04,24,2.9835351562819836,12.911894,3.9494202,2099
30795,r10i1p1f1,2099,04,25,0.21654232711482205,16.037407,2.5701199,2099
30796,r10i1p1f1,2099,04,26,0.0,20.015888,5.9590445,2099
30797,r10i1p1f1,2099,04,27,0.0,19.419495,6.256094,2099
30798,r10i1p1f1,2099,04,28,0.0,21.491154,6.346109,2099
30799,r10i1p1f1,2099,04,29,0.0,25.028103,9.792651,2099
30800,r10i1p1f1,2099,04,30,0.0,23.330044,10.718268,2099
30801,r10i1p1f1,2099,05,01,0.0,21.528002,7.419019,2099
30802,r10i1p1f1,2099,05,02,0.0,22.956858,7.7464457,2099
30803,r10i1p1f1,2099,05,03,0.0,24.154306,8.633068,2099
30804,r10i1p1f1,2099,05,04,0.0,26.218021,10.307049,2099
30805,r10i1p1f1,2099,05,05,0.0,27.64586,12.0644455,2099
30806,r10i1p1f1,2099,05,06,0.0,29.268034,13.555415,2099
30807,r10i1p1f1,2099,05,07,0.0,28.414597,12.566768,2099
30808,r10i1p1f1,2099,05,08,0.011635909995196638,20.91347,6.6321387,2099
30809,r10i1p1f1,2099,05,09,0.0,22.535671,6.2922044,2099
30810,r10i1p1f1,2099,05,10,0.0,24.779888,9.471987,2099
30811,r10i1p1f1,2099,05,11,0.17829414542383779,21.851938,7.628905,2099
30812,r10i1p1f1,2099,05,12,0.0,21.483217,8.348426,2099
30813,r10i1p1f1,2099,05,13,0.0,26.94913,8.390008,2099
30814,r10i1p1f1,2099,05,14,0.0,31.433767,14.416488,2099
30815,r10i1p1f1,2099,05,15,0.0,34.01734,16.898859,2099
30816,r10i1p1f1,2099,05,16,0.0,33.00679,17.875465,2099
30817,r10i1p1f1,2099,05,17,0.0,31.666498,16.246765,2099
30818,r10i1p1f1,2099,05,18,0.0,32.712658,16.841013,2099
30819,r10i1p1f1,2099,05,19,0.0,32.637527,17.226324,2099
30820,r10i1p1f1,2099,05,20,0.0,30.847506,15.879207,2099
30821,r10i1p1f1,2099,05,21,0.0,29.035345,14.706597,2099
30822,r10i1p1f1,2099,05,22,0.0,27.3489,11.593732,2099
30823,r10i1p1f1,2099,05,23,2.7118930721790573,20.158493,6.1697054,2099
30824,r10i1p1f1,2099,05,24,0.0,23.004986,8.013362,2099
30825,r10i1p1f1,2099,05,25,0.0,28.978384,10.557914,2099
30826,r10i1p1f1,2099,05,26,0.0,31.780874,14.890961,2099
30827,r10i1p1f1,2099,05,27,1.3989567612067109,22.51384,9.929251,2099
30828,r10i1p1f1,2099,05,28,0.0,27.968018,14.28174,2099
30829,r10i1p1f1,2099,05,29,0.10084259812641137,24.351171,9.986735,2099
30830,r10i1p1f1,2099,05,30,0.0,29.132465,13.828689,2099
30831,r10i1p1f1,2099,05,31,0.0,31.72452,16.378983,2099
30832,r10i1p1f1,2099,06,01,0.0,31.518967,15.914818,2099
30833,r10i1p1f1,2099,06,02,0.0,30.55218,15.530807,2099
30834,r10i1p1f1,2099,06,03,0.0,29.281105,11.975109,2099
30835,r10i1p1f1,2099,06,04,0.0,28.99911,13.295067,2099
30836,r10i1p1f1,2099,06,05,0.0,27.076065,13.34817,2099
30837,r10i1p1f1,2099,06,06,0.0,24.053757,10.7818365,2099
30838,r10i1p1f1,2099,06,07,0.0,23.434605,6.660133,2099
30839,r10i1p1f1,2099,06,08,0.0,30.026077,11.1264105,2099
30840,r10i1p1f1,2099,06,09,0.0,31.758024,14.490781,2099
30841,r10i1p1f1,2099,06,10,0.0,30.830744,14.652079,2099
30842,r10i1p1f1,2099,06,11,0.0,27.0333,10.837779,2099
30843,r10i1p1f1,2099,06,12,0.0,32.28669,12.267467,2099
30844,r10i1p1f1,2099,06,13,0.0,31.978125,14.378613,2099
30845,r10i1p1f1,2099,06,14,0.0,32.188972,15.276462,2099
30846,r10i1p1f1,2099,06,15,0.0,31.149061,15.383078,2099
30847,r10i1p1f1,2099,06,16,0.0,29.27807,13.517651,2099
30848,r10i1p1f1,2099,06,17,0.0,30.732874,14.023168,2099
30849,r10i1p1f1,2099,06,18,0.0,36.724632,20.113855,2099
30850,r10i1p1f1,2099,06,19,0.0,38.75766,23.816767,2099
30851,r10i1p1f1,2099,06,20,0.0,40.0162,22.907225,2099
30852,r10i1p1f1,2099,06,21,0.0,39.208588,22.149899,2099
30853,r10i1p1f1,2099,06,22,0.0,36.749626,21.00888,2099
30854,r10i1p1f1,2099,06,23,0.0,36.85769,21.074064,2099
30855,r10i1p1f1,2099,06,24,0.014834588287876135,35.768078,20.028437,2099
30856,r10i1p1f1,2099,06,25,2.330075298031213,30.636198,16.000126,2099
30857,r10i1p1f1,2099,06,26,0.0,34.08628,18.8313,2099
30858,r10i1p1f1,2099,06,27,0.38077421876981754,35.77764,20.681204,2099
30859,r10i1p1f1,2099,06,28,0.0,37.17351,21.976543,2099
30860,r10i1p1f1,2099,06,29,0.0,36.580593,21.377245,2099
30861,r10i1p1f1,2099,06,30,0.0,37.07301,20.56531,2099
30862,r10i1p1f1,2099,07,01,0.0,35.766884,20.492594,2099
30863,r10i1p1f1,2099,07,02,0.0,34.22173,18.844069,2099
30864,r10i1p1f1,2099,07,03,1.718528361647929,30.47798,14.050596,2099
30865,r10i1p1f1,2099,07,04,0.0,31.667442,15.096642,2099
30866,r10i1p1f1,2099,07,05,0.0,35.16204,17.690233,2099
30867,r10i1p1f1,2099,07,06,0.0,36.87505,20.818213,2099
30868,r10i1p1f1,2099,07,07,0.006168558933208452,37.098175,21.961506,2099
30869,r10i1p1f1,2099,07,08,0.0,37.39011,21.587221,2099
30870,r10i1p1f1,2099,07,09,0.0,36.76461,19.584694,2099
30871,r10i1p1f1,2099,07,10,0.0,38.279694,21.749298,2099
30872,r10i1p1f1,2099,07,11,0.0,38.59557,22.445477,2099
30873,r10i1p1f1,2099,07,12,0.0,38.21323,22.880474,2099
30874,r10i1p1f1,2099,07,13,0.0,37.12436,20.531073,2099
30875,r10i1p1f1,2099,07,14,0.0,36.969078,20.206518,2099
30876,r10i1p1f1,2099,07,15,0.0,36.924465,20.3494,2099
30877,r10i1p1f1,2099,07,16,0.0,36.865955,20.526209,2099
30878,r10i1p1f1,2099,07,17,0.0,36.133083,18.429749,2099
30879,r10i1p1f1,2099,07,18,0.0,34.315887,17.961527,2099
30880,r10i1p1f1,2099,07,19,0.0,36.180325,18.945816,2099
30881,r10i1p1f1,2099,07,20,0.0,36.155872,20.016747,2099
30882,r10i1p1f1,2099,07,21,0.0,34.95315,18.43955,2099
30883,r10i1p1f1,2099,07,22,0.0,37.472416,18.610191,2099
30884,r10i1p1f1,2099,07,23,0.0,39.051888,20.441042,2099
30885,r10i1p1f1,2099,07,24,0.0,39.51707,22.0521,2099
30886,r10i1p1f1,2099,07,25,0.0,38.972538,21.940954,2099
30887,r10i1p1f1,2099,07,26,0.0,34.95407,18.43786,2099
30888,r10i1p1f1,2099,07,27,0.0,36.303078,19.380774,2099
30889,r10i1p1f1,2099,07,28,0.0,36.08456,18.770655,2099
30890,r10i1p1f1,2099,07,29,0.0,36.543762,19.040218,2099
30891,r10i1p1f1,2099,07,30,0.0,37.764893,19.794693,2099
30892,r10i1p1f1,2099,07,31,0.0,39.06881,20.612146,2099
30893,r10i1p1f1,2099,08,01,0.0,41.182575,21.738157,2099
30894,r10i1p1f1,2099,08,02,0.0,42.53892,23.401493,2099
30895,r10i1p1f1,2099,08,03,0.0,42.42185,23.971504,2099
30896,r10i1p1f1,2099,08,04,0.0,41.069813,23.379137,2099
30897,r10i1p1f1,2099,08,05,0.0,39.010845,21.65081,2099
30898,r10i1p1f1,2099,08,06,0.0,37.25353,20.797588,2099
30899,r10i1p1f1,2099,08,07,0.0,38.083553,21.250305,2099
30900,r10i1p1f1,2099,08,08,0.0,37.828396,22.055788,2099
30901,r10i1p1f1,2099,08,09,0.0,36.74739,19.936155,2099
30902,r10i1p1f1,2099,08,10,0.0,36.31426,21.281286,2099
30903,r10i1p1f1,2099,08,11,0.0,37.174866,19.322924,2099
30904,r10i1p1f1,2099,08,12,0.0,36.775543,20.807255,2099
30905,r10i1p1f1,2099,08,13,0.0,40.48494,24.645716,2099
30906,r10i1p1f1,2099,08,14,0.0,39.407745,26.80448,2099
30907,r10i1p1f1,2099,08,15,0.0,40.100155,24.225338,2099
30908,r10i1p1f1,2099,08,16,0.0,39.107613,23.16602,2099
30909,r10i1p1f1,2099,08,17,0.0,36.011135,18.873816,2099
30910,r10i1p1f1,2099,08,18,0.0,36.557972,18.415321,2099
30911,r10i1p1f1,2099,08,19,0.0,37.146755,20.109835,2099
30912,r10i1p1f1,2099,08,20,0.0,36.192154,20.44165,2099
30913,r10i1p1f1,2099,08,21,0.0,37.626972,20.845673,2099
30914,r10i1p1f1,2099,08,22,0.0,38.557266,22.262217,2099
30915,r10i1p1f1,2099,08,23,0.0,37.44423,20.394478,2099
30916,r10i1p1f1,2099,08,24,0.0,36.195766,19.58645,2099
30917,r10i1p1f1,2099,08,25,0.0,37.67492,19.874363,2099
30918,r10i1p1f1,2099,08,26,0.0,39.493336,23.06736,2099
30919,r10i1p1f1,2099,08,27,0.0,39.063004,24.022589,2099
30920,r10i1p1f1,2099,08,28,0.0,37.14691,21.94335,2099
30921,r10i1p1f1,2099,08,29,0.0,35.349747,17.762423,2099
30922,r10i1p1f1,2099,08,30,0.0,35.25185,17.09459,2099
30923,r10i1p1f1,2099,08,31,0.0,36.98603,18.812244,2099
30924,r10i1p1f1,2099,09,01,0.0,37.999016,21.027216,2099
30925,r10i1p1f1,2099,09,02,0.0,37.155464,20.054825,2099
30926,r10i1p1f1,2099,09,03,0.0,36.51849,18.728216,2099
30927,r10i1p1f1,2099,09,04,0.0,39.569206,22.619108,2099
30928,r10i1p1f1,2099,09,05,0.0,39.14777,22.931856,2099
30929,r10i1p1f1,2099,09,06,0.0,39.257282,21.664078,2099
30930,r10i1p1f1,2099,09,07,0.0,38.937515,22.762602,2099
30931,r10i1p1f1,2099,09,08,0.0,37.763382,21.402225,2099
30932,r10i1p1f1,2099,09,09,0.0,37.758007,20.618246,2099
30933,r10i1p1f1,2099,09,10,0.0,36.884346,21.029722,2099
30934,r10i1p1f1,2099,09,11,0.0,35.743473,22.087395,2099
30935,r10i1p1f1,2099,09,12,0.0,25.311064,12.320404,2099
30936,r10i1p1f1,2099,09,13,0.0,33.201443,15.138639,2099
30937,r10i1p1f1,2099,09,14,0.0,34.26073,17.959856,2099
30938,r10i1p1f1,2099,09,15,0.0,33.4736,15.890327,2099
30939,r10i1p1f1,2099,09,16,0.0,35.089893,16.989447,2099
30940,r10i1p1f1,2099,09,17,0.0,35.122955,18.851492,2099
30941,r10i1p1f1,2099,09,18,0.0,36.010098,21.070255,2099
30942,r10i1p1f1,2099,09,19,0.0,37.715164,22.769592,2099
30943,r10i1p1f1,2099,09,20,0.0,36.358635,21.988314,2099
30944,r10i1p1f1,2099,09,21,0.0,35.992702,21.9271,2099
30945,r10i1p1f1,2099,09,22,0.0,34.74334,20.42741,2099
30946,r10i1p1f1,2099,09,23,0.0,34.049694,18.573568,2099
30947,r10i1p1f1,2099,09,24,0.0,34.115894,18.968987,2099
30948,r10i1p1f1,2099,09,25,0.0,33.108364,19.653763,2099
30949,r10i1p1f1,2099,09,26,0.0,29.635738,14.626871,2099
30950,r10i1p1f1,2099,09,27,0.0,27.694178,13.464888,2099
30951,r10i1p1f1,2099,09,28,0.0,30.925552,15.103891,2099
30952,r10i1p1f1,2099,09,29,0.0,31.165094,16.326267,2099
30953,r10i1p1f1,2099,09,30,0.0,31.500746,14.714902,2099
30954,r10i1p1f1,2099,10,01,0.0,29.524286,14.263238,2099
30955,r10i1p1f1,2099,10,02,0.0,27.011456,12.730987,2099
30956,r10i1p1f1,2099,10,03,0.16315898926557948,23.772303,11.832736,2099
30957,r10i1p1f1,2099,10,04,0.1142622450396103,31.13114,15.744073,2099
30958,r10i1p1f1,2099,10,05,0.0,35.235264,18.513058,2099
30959,r10i1p1f1,2099,10,06,0.0,34.81482,18.499155,2099
30960,r10i1p1f1,2099,10,07,0.0,32.314686,17.782179,2099
30961,r10i1p1f1,2099,10,08,0.0,28.483261,15.228898,2099
30962,r10i1p1f1,2099,10,09,0.0,27.959633,16.13982,2099
30963,r10i1p1f1,2099,10,10,0.0,27.345201,13.526248,2099
30964,r10i1p1f1,2099,10,11,0.0,30.187191,14.855204,2099
30965,r10i1p1f1,2099,10,12,0.0,34.23757,19.14067,2099
30966,r10i1p1f1,2099,10,13,0.0,35.441547,18.49447,2099
30967,r10i1p1f1,2099,10,14,0.0,34.697678,18.898712,2099
30968,r10i1p1f1,2099,10,15,0.0,35.84079,19.757225,2099
30969,r10i1p1f1,2099,10,16,0.0,34.690098,19.926073,2099
30970,r10i1p1f1,2099,10,17,0.0,34.468517,19.611526,2099
30971,r10i1p1f1,2099,10,18,0.0,33.7206,17.992563,2099
30972,r10i1p1f1,2099,10,19,0.0,31.835209,16.863142,2099
30973,r10i1p1f1,2099,10,20,0.0,32.175777,16.972109,2099
30974,r10i1p1f1,2099,10,21,0.0,31.50115,16.221638,2099
30975,r10i1p1f1,2099,10,22,0.0,29.724712,16.964548,2099
30976,r10i1p1f1,2099,10,23,0.0,31.406357,15.964924,2099
30977,r10i1p1f1,2099,10,24,0.0,31.064087,17.840649,2099
30978,r10i1p1f1,2099,10,25,0.0,29.982653,15.7732,2099
30979,r10i1p1f1,2099,10,26,0.0,31.245419,16.441956,2099
30980,r10i1p1f1,2099,10,27,0.0,35.502766,17.512236,2099
30981,r10i1p1f1,2099,10,28,0.0,33.9837,17.92135,2099
30982,r10i1p1f1,2099,10,29,0.0,32.063103,17.759563,2099
30983,r10i1p1f1,2099,10,30,0.0,32.008373,16.940184,2099
30984,r10i1p1f1,2099,10,31,0.0,37.27424,18.28665,2099
30985,r10i1p1f1,2099,11,01,0.0,37.5738,18.291052,2099
30986,r10i1p1f1,2099,11,02,0.0,36.31489,17.068672,2099
30987,r10i1p1f1,2099,11,03,0.0,34.670616,17.34411,2099
30988,r10i1p1f1,2099,11,04,0.0,35.96421,18.622046,2099
30989,r10i1p1f1,2099,11,05,0.0,36.503166,18.263601,2099
30990,r10i1p1f1,2099,11,06,0.0,36.471066,18.91262,2099
30991,r10i1p1f1,2099,11,07,0.0,21.999046,9.196292,2099
30992,r10i1p1f1,2099,11,08,0.0,20.788597,7.2314453,2099
30993,r10i1p1f1,2099,11,09,0.0,22.59113,8.830412,2099
30994,r10i1p1f1,2099,11,10,0.0,22.720776,8.712152,2099
30995,r10i1p1f1,2099,11,11,0.0,21.891361,10.0964775,2099
30996,r10i1p1f1,2099,11,12,0.7298764239939266,18.860062,11.712013,2099
30997,r10i1p1f1,2099,11,13,0.3121894542633335,19.934515,10.669395,2099
30998,r10i1p1f1,2099,11,14,0.0,20.01556,5.688132,2099
30999,r10i1p1f1,2099,11,15,0.0,20.023567,6.892946,2099
31000,r10i1p1f1,2099,11,16,0.9010824436867743,16.239088,7.4649386,2099
31001,r10i1p1f1,2099,11,17,0.14915260495686916,15.960559,4.5057845,2099
31002,r10i1p1f1,2099,11,18,0.0,17.255033,2.7427948,2099
31003,r10i1p1f1,2099,11,19,0.0,19.32519,1.514009,2099
31004,r10i1p1f1,2099,11,20,0.0017798827493128268,16.761507,3.6751804,2099
31005,r10i1p1f1,2099,11,21,33.117226068555425,14.839018,3.8125997,2099
31006,r10i1p1f1,2099,11,22,31.923101594254963,11.79333,7.208326,2099
31007,r10i1p1f1,2099,11,23,22.746807542755146,11.614408,4.429035,2099
31008,r10i1p1f1,2099,11,24,21.217610713517246,7.6482224,1.3447345,2099
31009,r10i1p1f1,2099,11,25,7.772639495779961,4.0689454,-0.86193246,2099
31010,r10i1p1f1,2099,11,26,6.02331551623425,3.7589083,-1.0740048,2099
31011,r10i1p1f1,2099,11,27,0.20328440970938813,6.7782946,0.22905973,2099
31012,r10i1p1f1,2099,11,28,0.0,7.985856,-5.2526093,2099
31013,r10i1p1f1,2099,11,29,0.7523897391006598,7.7621446,-1.2338438,2099
31014,r10i1p1f1,2099,11,30,1.020217029307739,11.007683,1.9332771,2099
31015,r10i1p1f1,2099,12,01,0.0,11.800921,0.50411564,2099
31016,r10i1p1f1,2099,12,02,0.0,11.574138,1.6060303,2099
31017,r10i1p1f1,2099,12,03,0.0,11.336282,1.5396787,2099
31018,r10i1p1f1,2099,12,04,0.0,11.981655,1.3062328,2099
31019,r10i1p1f1,2099,12,05,0.0,12.749226,1.8876997,2099
31020,r10i1p1f1,2099,12,06,0.0,13.371903,1.4089279,2099
31021,r10i1p1f1,2099,12,07,0.0031184381345826153,12.233604,1.3974662,2099
31022,r10i1p1f1,2099,12,08,3.2621301106509666,8.7723875,-0.08092539,2099
31023,r10i1p1f1,2099,12,09,13.935466881574891,7.176652,-0.8671915,2099
31024,r10i1p1f1,2099,12,10,5.874222705489573,6.9568753,2.557113,2099
31025,r10i1p1f1,2099,12,11,8.309291745918975,6.0047326,-1.1992651,2099
31026,r10i1p1f1,2099,12,12,6.248671420479169,11.371486,0.7663052,2099
31027,r10i1p1f1,2099,12,13,0.0,12.7669115,1.7072991,2099
31028,r10i1p1f1,2099,12,14,0.0,11.651756,0.35605982,2099
31029,r10i1p1f1,2099,12,15,0.0,12.85327,2.840971,2099
31030,r10i1p1f1,2099,12,16,0.0,15.213594,3.4824271,2099
31031,r10i1p1f1,2099,12,17,0.0,17.52858,6.0603786,2099
31032,r10i1p1f1,2099,12,18,0.0,17.09109,7.425942,2099
31033,r10i1p1f1,2099,12,19,0.0,19.006964,7.0212593,2099
31034,r10i1p1f1,2099,12,20,0.0,18.140644,8.481845,2099
31035,r10i1p1f1,2099,12,21,11.46828844173701,15.71241,6.790788,2099
31036,r10i1p1f1,2099,12,22,0.0,12.6999445,2.607653,2099
31037,r10i1p1f1,2099,12,23,0.0,13.65832,1.8501755,2099
31038,r10i1p1f1,2099,12,24,0.0,15.910804,5.278119,2099
31039,r10i1p1f1,2099,12,25,0.0,15.561101,5.308626,2099
31040,r10i1p1f1,2099,12,26,0.0,13.703261,5.124793,2099
31041,r10i1p1f1,2099,12,27,0.0,16.269634,7.014431,2099
31042,r10i1p1f1,2099,12,28,10.348552399955224,14.059898,7.0360894,2099
31043,r10i1p1f1,2099,12,29,0.07110392142222784,17.744373,5.8843904,2099
31044,r10i1p1f1,2099,12,30,0.0,15.537832,4.1267934,2099
31045,r10i1p1f1,2099,12,31,0.013555931543937493,12.738257,5.414472,2099
31046,r10i1p1f1,2100,01,01,7.474288619701646,8.518989,7.1581483,2100
31047,r10i1p1f1,2100,01,02,74.62305548772412,14.516463,4.9204426,2100
31048,r10i1p1f1,2100,01,03,4.399294191343391,15.077426,2.9548118,2100
31049,r10i1p1f1,2100,01,04,0.0,12.632531,2.8611412,2100
31050,r10i1p1f1,2100,01,05,0.0,13.112456,4.5280395,2100
31051,r10i1p1f1,2100,01,06,0.0,15.588869,3.2749753,2100
31052,r10i1p1f1,2100,01,07,0.0,14.159782,4.3176837,2100
31053,r10i1p1f1,2100,01,08,0.0,12.854426,6.748932,2100
31054,r10i1p1f1,2100,01,09,19.86881895036755,16.13121,8.766172,2100
31055,r10i1p1f1,2100,01,10,19.471126253636996,16.265697,8.798533,2100
31056,r10i1p1f1,2100,01,11,2.782326447605125,14.40435,7.6876187,2100
31057,r10i1p1f1,2100,01,12,0.0,15.611622,5.083317,2100
31058,r10i1p1f1,2100,01,13,0.0,15.305927,4.420698,2100
31059,r10i1p1f1,2100,01,14,0.0,17.211863,4.829955,2100
31060,r10i1p1f1,2100,01,15,0.0,16.522919,5.625838,2100
31061,r10i1p1f1,2100,01,16,0.0,16.044436,5.10783,2100
31062,r10i1p1f1,2100,01,17,0.0,18.613703,8.260221,2100
31063,r10i1p1f1,2100,01,18,0.0,19.62589,7.047092,2100
31064,r10i1p1f1,2100,01,19,0.0,18.740515,5.743531,2100
31065,r10i1p1f1,2100,01,20,0.0,18.301498,7.3879404,2100
31066,r10i1p1f1,2100,01,21,0.0,16.382217,6.744016,2100
31067,r10i1p1f1,2100,01,22,8.137842694429166,11.967649,4.3026185,2100
31068,r10i1p1f1,2100,01,23,0.0,15.781391,5.1357713,2100
31069,r10i1p1f1,2100,01,24,0.0,16.076696,6.9441977,2100
31070,r10i1p1f1,2100,01,25,0.0,18.212803,6.095174,2100
31071,r10i1p1f1,2100,01,26,0.0,17.912237,5.844791,2100
31072,r10i1p1f1,2100,01,27,0.0,17.325758,6.7761197,2100
31073,r10i1p1f1,2100,01,28,0.0,18.454126,7.825766,2100
31074,r10i1p1f1,2100,01,29,32.508819704372925,17.483177,9.802504,2100
31075,r10i1p1f1,2100,01,30,102.70872221597911,14.77727,11.063156,2100
31076,r10i1p1f1,2100,01,31,28.47197578858437,13.980925,5.6204915,2100
31077,r10i1p1f1,2100,02,01,0.43301467694857965,13.681993,4.713516,2100
31078,r10i1p1f1,2100,02,02,7.384475400038737,11.455992,2.6520493,2100
31079,r10i1p1f1,2100,02,03,45.29276515761586,11.227382,2.6537428,2100
31080,r10i1p1f1,2100,02,04,3.132122544339884,10.052847,4.982,2100
31081,r10i1p1f1,2100,02,05,0.0,14.156361,1.7485436,2100
31082,r10i1p1f1,2100,02,06,0.0,13.820993,1.247737,2100
31083,r10i1p1f1,2100,02,07,0.11487194177262657,12.572101,3.7211592,2100
31084,r10i1p1f1,2100,02,08,0.0,11.939991,3.8329308,2100
31085,r10i1p1f1,2100,02,09,37.432725133839995,9.200236,3.6921086,2100
31086,r10i1p1f1,2100,02,10,10.281506243719425,10.65776,2.263105,2100
31087,r10i1p1f1,2100,02,11,0.0,15.623767,2.5507133,2100
31088,r10i1p1f1,2100,02,12,9.895105624883925,14.125545,4.5138164,2100
31089,r10i1p1f1,2100,02,13,34.4246356450879,15.289872,5.512919,2100
31090,r10i1p1f1,2100,02,14,10.588002261647489,15.718193,11.838355,2100
31091,r10i1p1f1,2100,02,15,34.62525618042012,15.066543,5.3739944,2100
31092,r10i1p1f1,2100,02,16,2.1114903699143674,11.453786,4.335601,2100
31093,r10i1p1f1,2100,02,17,0.0,14.422164,2.801919,2100
31094,r10i1p1f1,2100,02,18,0.0,15.001416,3.668561,2100
31095,r10i1p1f1,2100,02,19,0.0,18.061102,6.3473525,2100
31096,r10i1p1f1,2100,02,20,0.0,19.314909,6.886523,2100
31097,r10i1p1f1,2100,02,21,0.0,20.275684,6.7858086,2100
31098,r10i1p1f1,2100,02,22,0.0,21.149546,7.407744,2100
31099,r10i1p1f1,2100,02,23,0.0,22.275408,7.819289,2100
31100,r10i1p1f1,2100,02,24,0.0,21.432697,8.425296,2100
31101,r10i1p1f1,2100,02,25,0.0,20.818295,7.5872016,2100
31102,r10i1p1f1,2100,02,26,0.0,15.60865,2.9234004,2100
31103,r10i1p1f1,2100,02,27,0.0,14.992674,3.5486338,2100
31104,r10i1p1f1,2100,02,28,0.0,15.7419815,4.120608,2100
31105,r10i1p1f1,2100,03,01,0.0,17.12175,0.73051435,2100
31106,r10i1p1f1,2100,03,02,0.40625344977612304,15.626328,2.0451505,2100
31107,r10i1p1f1,2100,03,03,0.0,12.724219,0.23802988,2100
31108,r10i1p1f1,2100,03,04,0.0,16.453966,-1.636157,2100
31109,r10i1p1f1,2100,03,05,0.0,15.278459,2.3712287,2100
31110,r10i1p1f1,2100,03,06,7.838578516384587,9.650137,2.2707691,2100
31111,r10i1p1f1,2100,03,07,0.0,17.668007,2.0638735,2100
31112,r10i1p1f1,2100,03,08,0.0,25.252792,6.883757,2100
31113,r10i1p1f1,2100,03,09,0.0,27.116379,13.358535,2100
31114,r10i1p1f1,2100,03,10,0.0,28.697989,15.520201,2100
31115,r10i1p1f1,2100,03,11,0.0,30.031311,14.902885,2100
31116,r10i1p1f1,2100,03,12,0.0,29.100817,12.658856,2100
31117,r10i1p1f1,2100,03,13,0.0,28.840357,14.056329,2100
31118,r10i1p1f1,2100,03,14,0.0,24.999475,12.431357,2100
31119,r10i1p1f1,2100,03,15,0.0,27.80844,11.740381,2100
31120,r10i1p1f1,2100,03,16,0.0,31.9736,15.0644045,2100
31121,r10i1p1f1,2100,03,17,0.0,31.573036,16.859562,2100
31122,r10i1p1f1,2100,03,18,0.0,30.316608,14.546314,2100
31123,r10i1p1f1,2100,03,19,0.0,28.66178,12.1821995,2100
31124,r10i1p1f1,2100,03,20,0.0,27.100065,11.9226055,2100
31125,r10i1p1f1,2100,03,21,0.0,24.081915,9.344625,2100
31126,r10i1p1f1,2100,03,22,0.0,21.17762,8.138991,2100
31127,r10i1p1f1,2100,03,23,22.02724893500808,16.750097,4.628801,2100
31128,r10i1p1f1,2100,03,24,4.703298086707563,10.34575,2.5791671,2100
31129,r10i1p1f1,2100,03,25,17.593390069669113,9.410098,2.2086723,2100
31130,r10i1p1f1,2100,03,26,2.595601938891808,10.686899,2.0034735,2100
31131,r10i1p1f1,2100,03,27,33.99153865788034,9.884831,4.3930945,2100
31132,r10i1p1f1,2100,03,28,20.815377969273342,9.892355,1.701877,2100
31133,r10i1p1f1,2100,03,29,39.133043750189245,9.89775,3.2246022,2100
31134,r10i1p1f1,2100,03,30,1.2746028171692927,11.7073765,3.0518267,2100
31135,r10i1p1f1,2100,03,31,0.08605791499576299,13.775966,3.0327222,2100
31136,r10i1p1f1,2100,04,01,8.718440418459451,11.288764,5.2345757,2100
31137,r10i1p1f1,2100,04,02,0.0,18.177082,6.0016494,2100
31138,r10i1p1f1,2100,04,03,0.0,23.058815,5.5970187,2100
31139,r10i1p1f1,2100,04,04,0.0,22.800388,10.296023,2100
31140,r10i1p1f1,2100,04,05,0.0,19.336147,3.339163,2100
31141,r10i1p1f1,2100,04,06,0.0,20.100084,3.7682576,2100
31142,r10i1p1f1,2100,04,07,0.0,22.680725,5.777662,2100
31143,r10i1p1f1,2100,04,08,0.0,21.857765,8.830107,2100
31144,r10i1p1f1,2100,04,09,0.0,20.386383,9.595166,2100
31145,r10i1p1f1,2100,04,10,4.470779201188921,18.756737,6.431607,2100
31146,r10i1p1f1,2100,04,11,3.8435268563220184,14.764331,7.178902,2100
31147,r10i1p1f1,2100,04,12,0.0,20.139498,4.264892,2100
31148,r10i1p1f1,2100,04,13,2.794116587354342,16.745073,4.7069893,2100
31149,r10i1p1f1,2100,04,14,9.163551831160907,16.76986,5.5463724,2100
31150,r10i1p1f1,2100,04,15,0.0,18.407383,4.7591515,2100
31151,r10i1p1f1,2100,04,16,32.81049100302258,14.993324,3.0394957,2100
31152,r10i1p1f1,2100,04,17,0.1005529498702105,17.446484,5.3886027,2100
31153,r10i1p1f1,2100,04,18,0.0,21.391603,5.951384,2100
31154,r10i1p1f1,2100,04,19,0.0,23.782953,8.508023,2100
31155,r10i1p1f1,2100,04,20,0.0,28.321283,12.945294,2100
31156,r10i1p1f1,2100,04,21,0.0,26.21668,10.824924,2100
31157,r10i1p1f1,2100,04,22,0.0,24.661411,8.963504,2100
31158,r10i1p1f1,2100,04,23,0.0,24.416656,10.354782,2100
31159,r10i1p1f1,2100,04,24,0.0,24.207775,8.695374,2100
31160,r10i1p1f1,2100,04,25,0.0,24.598028,9.860939,2100
31161,r10i1p1f1,2100,04,26,0.0,29.778934,13.114892,2100
31162,r10i1p1f1,2100,04,27,0.0,31.795609,17.478119,2100
31163,r10i1p1f1,2100,04,28,0.0,31.315655,17.36076,2100
31164,r10i1p1f1,2100,04,29,0.0,24.548752,8.839876,2100
31165,r10i1p1f1,2100,04,30,0.0,23.387356,9.257022,2100
31166,r10i1p1f1,2100,05,01,0.0,23.569952,10.323505,2100
31167,r10i1p1f1,2100,05,02,0.0,26.936823,12.581531,2100
31168,r10i1p1f1,2100,05,03,0.0,27.091835,12.3913145,2100
31169,r10i1p1f1,2100,05,04,0.0,26.130087,10.807577,2100
31170,r10i1p1f1,2100,05,05,0.0,27.822748,12.627595,2100
31171,r10i1p1f1,2100,05,06,0.0,27.688553,12.338112,2100
31172,r10i1p1f1,2100,05,07,0.0,26.422926,13.495913,2100
31173,r10i1p1f1,2100,05,08,0.0,31.228233,13.5900345,2100
31174,r10i1p1f1,2100,05,09,0.0,32.720123,16.935312,2100
31175,r10i1p1f1,2100,05,10,0.0,33.017757,17.524445,2100
31176,r10i1p1f1,2100,05,11,0.0,34.401608,18.15306,2100
31177,r10i1p1f1,2100,05,12,0.0,34.29198,20.684212,2100
31178,r10i1p1f1,2100,05,13,0.38560732931081904,26.822737,12.887442,2100
31179,r10i1p1f1,2100,05,14,0.0,30.51027,16.09145,2100
31180,r10i1p1f1,2100,05,15,0.0,29.410542,14.520763,2100
31181,r10i1p1f1,2100,05,16,0.1699014049288388,26.529036,11.057551,2100
31182,r10i1p1f1,2100,05,17,14.725664620039568,15.455508,6.647943,2100
31183,r10i1p1f1,2100,05,18,1.5376477387019947,21.655115,7.4679985,2100
31184,r10i1p1f1,2100,05,19,0.0,25.235088,8.872581,2100
31185,r10i1p1f1,2100,05,20,0.5116032089529797,22.222996,7.846498,2100
31186,r10i1p1f1,2100,05,21,0.0,17.737215,5.1591845,2100
31187,r10i1p1f1,2100,05,22,0.23825633123985762,17.995686,6.548963,2100
31188,r10i1p1f1,2100,05,23,0.0,23.80385,6.545798,2100
31189,r10i1p1f1,2100,05,24,0.0,29.544113,11.8219185,2100
31190,r10i1p1f1,2100,05,25,0.0,30.410894,13.665938,2100
31191,r10i1p1f1,2100,05,26,0.0,29.930801,15.883169,2100
31192,r10i1p1f1,2100,05,27,0.0,27.970942,14.639949,2100
31193,r10i1p1f1,2100,05,28,0.0,30.50533,13.2628,2100
31194,r10i1p1f1,2100,05,29,0.0,31.152176,15.991397,2100
31195,r10i1p1f1,2100,05,30,0.0,29.366686,17.205671,2100
31196,r10i1p1f1,2100,05,31,0.0,29.623072,14.271463,2100
31197,r10i1p1f1,2100,06,01,0.0,30.954699,12.883315,2100
31198,r10i1p1f1,2100,06,02,0.0,34.26268,16.280794,2100
31199,r10i1p1f1,2100,06,03,0.0,32.923107,17.265244,2100
31200,r10i1p1f1,2100,06,04,0.0,31.819105,15.275005,2100
31201,r10i1p1f1,2100,06,05,0.0,30.928326,15.370525,2100
31202,r10i1p1f1,2100,06,06,0.0,25.669754,11.395781,2100
31203,r10i1p1f1,2100,06,07,0.0,24.045874,10.814394,2100
31204,r10i1p1f1,2100,06,08,0.0,25.008497,10.3366165,2100
31205,r10i1p1f1,2100,06,09,0.0,31.391151,13.018105,2100
31206,r10i1p1f1,2100,06,10,0.0,37.05193,18.15545,2100
31207,r10i1p1f1,2100,06,11,0.0,39.248707,21.10016,2100
31208,r10i1p1f1,2100,06,12,0.0,39.591976,22.891802,2100
31209,r10i1p1f1,2100,06,13,0.0,39.32815,23.264133,2100
31210,r10i1p1f1,2100,06,14,0.0,38.525623,23.502438,2100
31211,r10i1p1f1,2100,06,15,0.0,37.380344,21.253689,2100
31212,r10i1p1f1,2100,06,16,0.0,35.411026,19.658117,2100
31213,r10i1p1f1,2100,06,17,0.0,31.324947,20.575823,2100
31214,r10i1p1f1,2100,06,18,0.0,34.56121,17.716074,2100
31215,r10i1p1f1,2100,06,19,0.0,34.21295,18.369207,2100
31216,r10i1p1f1,2100,06,20,0.0,30.895428,15.060071,2100
31217,r10i1p1f1,2100,06,21,0.0,33.781178,15.333034,2100
31218,r10i1p1f1,2100,06,22,0.0,31.689049,15.023694,2100
31219,r10i1p1f1,2100,06,23,0.0,26.924368,11.205233,2100
31220,r10i1p1f1,2100,06,24,0.0,30.823923,12.00574,2100
31221,r10i1p1f1,2100,06,25,0.0,37.24831,19.722548,2100
31222,r10i1p1f1,2100,06,26,0.0,35.325108,20.117695,2100
31223,r10i1p1f1,2100,06,27,0.0,36.04911,19.896036,2100
31224,r10i1p1f1,2100,06,28,0.0,33.208897,17.65988,2100
31225,r10i1p1f1,2100,06,29,0.0,30.093946,13.8481865,2100
31226,r10i1p1f1,2100,06,30,0.0,28.417414,11.488808,2100
31227,r10i1p1f1,2100,07,01,0.0,27.620102,11.686636,2100
31228,r10i1p1f1,2100,07,02,0.0,28.532133,11.537793,2100
31229,r10i1p1f1,2100,07,03,0.0,30.184692,12.844419,2100
31230,r10i1p1f1,2100,07,04,0.0,31.223331,14.272111,2100
31231,r10i1p1f1,2100,07,05,0.0,32.23868,15.104889,2100
31232,r10i1p1f1,2100,07,06,0.0,30.777502,13.600096,2100
31233,r10i1p1f1,2100,07,07,0.0,29.250025,12.275572,2100
31234,r10i1p1f1,2100,07,08,0.0,29.033068,12.587375,2100
31235,r10i1p1f1,2100,07,09,0.0,29.689068,12.790461,2100
31236,r10i1p1f1,2100,07,10,0.0,33.908947,15.498858,2100
31237,r10i1p1f1,2100,07,11,0.0,35.881596,17.314833,2100
31238,r10i1p1f1,2100,07,12,0.0,37.1037,20.440649,2100
31239,r10i1p1f1,2100,07,13,0.0,36.67628,20.837337,2100
31240,r10i1p1f1,2100,07,14,0.0,35.244984,19.0086,2100
31241,r10i1p1f1,2100,07,15,0.0,36.342033,19.231596,2100
31242,r10i1p1f1,2100,07,16,0.0,40.03976,21.942236,2100
31243,r10i1p1f1,2100,07,17,0.0,42.074024,23.83444,2100
31244,r10i1p1f1,2100,07,18,0.0,41.419838,24.826553,2100
31245,r10i1p1f1,2100,07,19,0.0,41.984417,24.978174,2100
31246,r10i1p1f1,2100,07,20,0.0,43.069878,23.826845,2100
31247,r10i1p1f1,2100,07,21,0.0,42.677063,23.531393,2100
31248,r10i1p1f1,2100,07,22,0.0,40.283863,21.886253,2100
31249,r10i1p1f1,2100,07,23,0.0,40.4233,23.918348,2100
31250,r10i1p1f1,2100,07,24,0.0,39.76654,24.003462,2100
31251,r10i1p1f1,2100,07,25,0.0,37.296032,21.644081,2100
31252,r10i1p1f1,2100,07,26,0.0,39.574497,20.858627,2100
31253,r10i1p1f1,2100,07,27,0.0,39.405704,22.136572,2100
31254,r10i1p1f1,2100,07,28,0.0,38.319767,21.480173,2100
31255,r10i1p1f1,2100,07,29,0.0,37.784565,21.492899,2100
31256,r10i1p1f1,2100,07,30,0.0,37.445156,21.27581,2100
31257,r10i1p1f1,2100,07,31,0.0,38.54433,20.395102,2100
31258,r10i1p1f1,2100,08,01,0.0,39.7395,21.301455,2100
31259,r10i1p1f1,2100,08,02,0.0,39.043125,21.224758,2100
31260,r10i1p1f1,2100,08,03,0.0,39.577667,20.662386,2100
31261,r10i1p1f1,2100,08,04,0.0,38.741585,22.113882,2100
31262,r10i1p1f1,2100,08,05,0.0,39.395996,21.53881,2100
31263,r10i1p1f1,2100,08,06,0.0,38.541286,21.653908,2100
31264,r10i1p1f1,2100,08,07,0.0,35.842457,23.89506,2100
31265,r10i1p1f1,2100,08,08,0.0,39.566444,24.221027,2100
31266,r10i1p1f1,2100,08,09,0.0,40.069016,22.36154,2100
31267,r10i1p1f1,2100,08,10,0.0,40.016212,23.485853,2100
31268,r10i1p1f1,2100,08,11,0.0,41.923023,23.558666,2100
31269,r10i1p1f1,2100,08,12,0.0,42.31843,24.5937,2100
31270,r10i1p1f1,2100,08,13,0.0,40.014652,29.512365,2100
31271,r10i1p1f1,2100,08,14,0.0,36.20164,24.293001,2100
31272,r10i1p1f1,2100,08,15,0.0,37.01235,20.522497,2100
31273,r10i1p1f1,2100,08,16,0.0,36.298122,20.215544,2100
31274,r10i1p1f1,2100,08,17,0.0,31.866863,16.512413,2100
31275,r10i1p1f1,2100,08,18,0.0,30.174902,13.963525,2100
31276,r10i1p1f1,2100,08,19,0.0,30.637682,15.609905,2100
31277,r10i1p1f1,2100,08,20,0.0,36.18534,17.852585,2100
31278,r10i1p1f1,2100,08,21,0.0,36.871002,20.531773,2100
31279,r10i1p1f1,2100,08,22,0.0,35.91438,19.268328,2100
31280,r10i1p1f1,2100,08,23,0.0,34.672226,17.991867,2100
31281,r10i1p1f1,2100,08,24,0.0,30.94673,13.439276,2100
31282,r10i1p1f1,2100,08,25,0.0,32.698906,15.658968,2100
31283,r10i1p1f1,2100,08,26,0.0,34.275524,17.446877,2100
31284,r10i1p1f1,2100,08,27,0.0,33.183743,17.092333,2100
31285,r10i1p1f1,2100,08,28,0.0,32.96277,16.047968,2100
31286,r10i1p1f1,2100,08,29,0.0,32.000885,15.596297,2100
31287,r10i1p1f1,2100,08,30,0.0,30.78071,14.207294,2100
31288,r10i1p1f1,2100,08,31,0.0,30.52426,12.628583,2100
31289,r10i1p1f1,2100,09,01,0.0,30.249361,15.253021,2100
31290,r10i1p1f1,2100,09,02,0.0,29.358343,14.59679,2100
31291,r10i1p1f1,2100,09,03,0.0,25.535604,10.53255,2100
31292,r10i1p1f1,2100,09,04,0.0,27.025204,11.237289,2100
31293,r10i1p1f1,2100,09,05,0.0,31.598822,13.522877,2100
31294,r10i1p1f1,2100,09,06,0.0,32.420704,14.953125,2100
31295,r10i1p1f1,2100,09,07,0.0,33.57385,16.788218,2100
31296,r10i1p1f1,2100,09,08,0.0,32.91037,17.485882,2100
31297,r10i1p1f1,2100,09,09,0.0,31.04988,15.689697,2100
31298,r10i1p1f1,2100,09,10,0.0,34.26118,17.99545,2100
31299,r10i1p1f1,2100,09,11,0.0,36.00239,18.314354,2100
31300,r10i1p1f1,2100,09,12,0.0,39.09609,21.44587,2100
31301,r10i1p1f1,2100,09,13,0.0,38.94691,22.361164,2100
31302,r10i1p1f1,2100,09,14,0.0,37.83908,20.977264,2100
31303,r10i1p1f1,2100,09,15,0.0,33.664436,19.336554,2100
31304,r10i1p1f1,2100,09,16,0.001374509252185051,27.36437,12.765722,2100
31305,r10i1p1f1,2100,09,17,0.0,27.500391,11.084266,2100
31306,r10i1p1f1,2100,09,18,0.0,27.514034,11.95861,2100
31307,r10i1p1f1,2100,09,19,0.0,26.460518,12.203525,2100
31308,r10i1p1f1,2100,09,20,0.0,22.671137,9.207037,2100
31309,r10i1p1f1,2100,09,21,0.0,27.106878,10.050647,2100
31310,r10i1p1f1,2100,09,22,0.0,28.70443,12.09059,2100
31311,r10i1p1f1,2100,09,23,0.0,29.338318,14.4988785,2100
31312,r10i1p1f1,2100,09,24,0.0,31.297016,14.997042,2100
31313,r10i1p1f1,2100,09,25,0.0,35.44077,17.484339,2100
31314,r10i1p1f1,2100,09,26,0.0,36.74154,19.789663,2100
31315,r10i1p1f1,2100,09,27,0.0,36.517487,20.395319,2100
31316,r10i1p1f1,2100,09,28,0.0,35.366528,18.107983,2100
31317,r10i1p1f1,2100,09,29,0.0,37.558636,21.307833,2100
31318,r10i1p1f1,2100,09,30,0.0,36.241646,21.038664,2100
31319,r10i1p1f1,2100,10,01,0.0,36.61869,20.475155,2100
31320,r10i1p1f1,2100,10,02,0.0,36.534855,19.551296,2100
31321,r10i1p1f1,2100,10,03,0.0,38.87233,21.748138,2100
31322,r10i1p1f1,2100,10,04,0.0,38.395264,21.65815,2100
31323,r10i1p1f1,2100,10,05,0.0,29.072111,14.793048,2100
31324,r10i1p1f1,2100,10,06,0.0,27.36475,12.190524,2100
31325,r10i1p1f1,2100,10,07,0.0,26.11428,11.971307,2100
31326,r10i1p1f1,2100,10,08,0.0,26.820154,11.962364,2100
31327,r10i1p1f1,2100,10,09,0.0,29.108473,13.383357,2100
31328,r10i1p1f1,2100,10,10,0.0,31.653204,15.032074,2100
31329,r10i1p1f1,2100,10,11,0.0,33.425503,19.052038,2100
31330,r10i1p1f1,2100,10,12,0.0,33.208168,18.643547,2100
31331,r10i1p1f1,2100,10,13,0.0,33.22588,16.799728,2100
31332,r10i1p1f1,2100,10,14,0.0,32.954426,16.991728,2100
31333,r10i1p1f1,2100,10,15,0.0,34.920914,19.391815,2100
31334,r10i1p1f1,2100,10,16,0.0,36.3557,19.339577,2100
31335,r10i1p1f1,2100,10,17,0.0,37.877117,20.259626,2100
31336,r10i1p1f1,2100,10,18,0.0,37.552315,20.062748,2100
31337,r10i1p1f1,2100,10,19,0.0,30.644302,17.671656,2100
31338,r10i1p1f1,2100,10,20,0.0,29.550165,16.151342,2100
31339,r10i1p1f1,2100,10,21,0.0,29.74613,14.926824,2100
31340,r10i1p1f1,2100,10,22,0.0,30.548311,15.715019,2100
31341,r10i1p1f1,2100,10,23,0.0,32.95874,15.730263,2100
31342,r10i1p1f1,2100,10,24,0.0,31.353342,13.892224,2100
31343,r10i1p1f1,2100,10,25,0.0,28.188757,14.93166,2100
31344,r10i1p1f1,2100,10,26,0.0,29.601286,14.272644,2100
31345,r10i1p1f1,2100,10,27,0.0,28.653944,15.486161,2100
31346,r10i1p1f1,2100,10,28,0.0,26.860737,13.517646,2100
31347,r10i1p1f1,2100,10,29,0.0,22.781998,10.704106,2100
31348,r10i1p1f1,2100,10,30,8.67756081930374,21.46123,13.822303,2100
31349,r10i1p1f1,2100,10,31,0.0,22.712063,12.203003,2100
31350,r10i1p1f1,2100,11,01,0.0,24.296558,11.241079,2100
31351,r10i1p1f1,2100,11,02,0.0,24.258894,10.226629,2100
31352,r10i1p1f1,2100,11,03,0.0,23.79641,12.372485,2100
31353,r10i1p1f1,2100,11,04,0.0,23.243595,10.3669405,2100
31354,r10i1p1f1,2100,11,05,0.0,24.788044,9.965769,2100
31355,r10i1p1f1,2100,11,06,0.0,27.767395,12.800081,2100
31356,r10i1p1f1,2100,11,07,0.0,27.27683,12.731636,2100
31357,r10i1p1f1,2100,11,08,24.840402204273758,29.16178,14.623542,2100
31358,r10i1p1f1,2100,11,09,0.1088261868541227,16.715569,8.204106,2100
31359,r10i1p1f1,2100,11,10,0.04254774608661568,18.578009,4.855686,2100
31360,r10i1p1f1,2100,11,11,0.05013334122945947,21.538057,6.9697347,2100
31361,r10i1p1f1,2100,11,12,0.0,23.725397,8.029366,2100
31362,r10i1p1f1,2100,11,13,0.0,22.84521,9.704208,2100
31363,r10i1p1f1,2100,11,14,25.981911084626947,22.288572,11.5147915,2100
31364,r10i1p1f1,2100,11,15,10.785897326729211,13.8951845,7.9056854,2100
31365,r10i1p1f1,2100,11,16,22.241617866338377,15.209487,5.708369,2100
31366,r10i1p1f1,2100,11,17,39.495806434302054,16.120941,10.014686,2100
31367,r10i1p1f1,2100,11,18,0.0,16.57168,3.49959,2100
31368,r10i1p1f1,2100,11,19,0.0,16.220802,4.669097,2100
31369,r10i1p1f1,2100,11,20,0.0,21.868565,8.29149,2100
31370,r10i1p1f1,2100,11,21,0.0,20.249374,5.9640164,2100
31371,r10i1p1f1,2100,11,22,0.06878335730645727,17.821466,6.4818916,2100
31372,r10i1p1f1,2100,11,23,0.03122740615110256,16.107193,6.1261168,2100
31373,r10i1p1f1,2100,11,24,0.0,12.991875,1.9672723,2100
31374,r10i1p1f1,2100,11,25,0.0,13.628728,2.221699,2100
31375,r10i1p1f1,2100,11,26,0.0,13.434817,2.1425285,2100
31376,r10i1p1f1,2100,11,27,0.0,14.982887,2.3023546,2100
31377,r10i1p1f1,2100,11,28,0.0,13.5378275,2.560971,2100
31378,r10i1p1f1,2100,11,29,0.5118041775320211,16.75765,4.429239,2100
31379,r10i1p1f1,2100,11,30,0.0,16.150166,3.2853985,2100
31380,r10i1p1f1,2100,12,01,0.0,14.828179,4.311878,2100
31381,r10i1p1f1,2100,12,02,2.4419467171595133,12.827987,5.352018,2100
31382,r10i1p1f1,2100,12,03,1.2417555367152857,13.187709,4.5140944,2100
31383,r10i1p1f1,2100,12,04,0.0,17.992437,5.6149864,2100
31384,r10i1p1f1,2100,12,05,0.0,17.609741,8.193079,2100
31385,r10i1p1f1,2100,12,06,5.164392358327811,13.634444,10.201958,2100
31386,r10i1p1f1,2100,12,07,0.00972763987491769,16.64968,10.39066,2100
31387,r10i1p1f1,2100,12,08,0.0,20.263056,7.8841085,2100
31388,r10i1p1f1,2100,12,09,0.0,22.627396,10.374345,2100
31389,r10i1p1f1,2100,12,10,0.0,22.090233,10.810123,2100
31390,r10i1p1f1,2100,12,11,3.4628920125358396,20.644867,11.081378,2100
31391,r10i1p1f1,2100,12,12,33.66495150135291,12.805964,8.784767,2100
31392,r10i1p1f1,2100,12,13,3.8020177686073446,12.14976,6.3435407,2100
31393,r10i1p1f1,2100,12,14,0.0,11.11388,5.8682036,2100
31394,r10i1p1f1,2100,12,15,0.0,10.5931425,4.398481,2100
31395,r10i1p1f1,2100,12,16,16.015755264915672,11.07461,4.723484,2100
31396,r10i1p1f1,2100,12,17,0.0,10.964865,1.0687535,2100
31397,r10i1p1f1,2100,12,18,0.0,13.125247,3.1020412,2100
31398,r10i1p1f1,2100,12,19,0.0,16.238003,5.32732,2100
31399,r10i1p1f1,2100,12,20,0.0,18.111881,5.1373835,2100
31400,r10i1p1f1,2100,12,21,0.0,17.41359,8.481438,2100
31401,r10i1p1f1,2100,12,22,0.0,17.701244,7.239616,2100
31402,r10i1p1f1,2100,12,23,0.0,15.890927,5.471265,2100
31403,r10i1p1f1,2100,12,24,2.9531670237175653,9.077552,3.5409462,2100
31404,r10i1p1f1,2100,12,25,68.50341299953135,10.862949,5.2143517,2100
31405,r10i1p1f1,2100,12,26,45.06210207534758,9.713814,2.1952703,2100
31406,r10i1p1f1,2100,12,27,30.609788789450633,8.896777,4.3063545,2100
31407,r10i1p1f1,2100,12,28,20.14068166471062,10.405661,3.6832702,2100
31408,r10i1p1f1,2100,12,29,28.80700107389681,9.390794,3.9764974,2100
31409,r10i1p1f1,2100,12,30,28.772010043643316,7.424464,3.3001728,2100
31410,r10i1p1f1,2100,12,31,32.893801577876346,8.516416,4.951616,2100
